seq_num,folder,crop_index,label,arrival_timestamp,interarrival_delay
0,normal,1525,0,1782358393.3427546,0.0
1,normal,545,0,1782358393.3446398,0.0018851757049560547
2,normal,347,0,1782358393.346457,0.0018172264099121094
3,normal,26,0,1782358393.3487263,0.002269268035888672
4,normal,1467,0,1782358393.350484,0.0017576217651367188
5,normal,1676,0,1782358393.3524625,0.001978635787963867
6,normal,1808,0,1782358393.3547037,0.0022411346435546875
7,normal,601,0,1782358393.356692,0.0019884109497070312
8,normal,2502,0,1782358393.358561,0.0018689632415771484
9,normal,2757,0,1782358393.3605077,0.0019466876983642578
10,normal,1205,0,1782358393.3627481,0.002240419387817383
11,normal,2731,0,1782358393.3645153,0.0017671585083007812
12,normal,308,0,1782358393.3665686,0.0020532608032226562
13,normal,769,0,1782358393.368608,0.0020394325256347656
14,normal,2469,0,1782358393.3705134,0.0019054412841796875
15,normal,799,2,1782358393.3727438,0.002230405807495117
16,normal,94,0,1782358393.3746061,0.0018622875213623047
17,normal,2871,0,1782358393.376524,0.0019178390502929688
18,normal,1204,0,1782358393.3788218,0.0022978782653808594
19,normal,1852,0,1782358393.3806567,0.001834869384765625
20,normal,88,0,1782358393.3826196,0.001962900161743164
21,normal,2569,0,1782358393.384524,0.0019044876098632812
22,normal,469,0,1782358393.3868153,0.0022912025451660156
23,normal,1298,0,1782358393.3885033,0.0016880035400390625
24,normal,624,0,1782358393.3908749,0.002371549606323242
25,normal,3190,1,1782358393.3927042,0.001829385757446289
26,normal,203,0,1782358393.3948867,0.002182483673095703
27,normal,1458,0,1782358393.3966439,0.0017571449279785156
28,normal,115,0,1782358393.3987691,0.002125263214111328
29,normal,1916,0,1782358393.4005237,0.0017545223236083984
30,normal,887,2,1782358393.4027414,0.0022177696228027344
31,normal,3699,0,1782358393.4045455,0.0018041133880615234
32,normal,1333,1,1782358393.4068642,0.0023186206817626953
33,normal,2625,0,1782358393.408653,0.0017888545989990234
34,normal,3617,0,1782358393.4107413,0.002088308334350586
35,normal,646,0,1782358393.4125574,0.0018160343170166016
36,normal,1362,1,1782358393.4145145,0.0019571781158447266
37,normal,1924,0,1782358393.4165614,0.002046823501586914
38,normal,532,0,1782358393.4185116,0.0019502639770507812
39,normal,369,0,1782358393.4205973,0.0020856857299804688
40,normal,3369,1,1782358393.422509,0.0019116401672363281
41,normal,1723,0,1782358393.4245653,0.0020563602447509766
42,normal,2239,0,1782358393.4265108,0.00194549560546875
43,normal,2884,0,1782358393.4285285,0.0020177364349365234
44,normal,1854,0,1782358393.4305124,0.0019838809967041016
45,normal,943,2,1782358393.432555,0.002042531967163086
46,normal,2890,0,1782358393.4345396,0.0019845962524414062
47,normal,281,0,1782358393.4365473,0.002007722854614258
48,normal,3696,0,1782358393.4385407,0.001993417739868164
49,normal,683,0,1782358393.4405463,0.0020055770874023438
50,normal,2014,0,1782358393.4425132,0.0019669532775878906
51,normal,1357,1,1782358393.4445505,0.0020372867584228516
52,normal,2264,0,1782358393.4465504,0.0019998550415039062
53,normal,2097,0,1782358393.4485095,0.001959085464477539
54,normal,588,0,1782358393.450566,0.002056598663330078
55,normal,2133,0,1782358393.452543,0.0019769668579101562
56,normal,1063,0,1782358393.4545386,0.001995563507080078
57,normal,952,2,1782358393.4565349,0.001996278762817383
58,normal,3196,1,1782358393.458543,0.002008199691772461
59,normal,1958,0,1782358393.460546,0.0020029544830322266
60,normal,2817,0,1782358393.4626088,0.0020627975463867188
61,normal,2117,0,1782358393.464531,0.0019221305847167969
62,normal,568,0,1782358393.466549,0.002017974853515625
63,normal,148,0,1782358393.468568,0.002019166946411133
64,normal,2438,0,1782358393.4705436,0.001975536346435547
65,normal,3055,1,1782358393.4725516,0.0020079612731933594
66,normal,1649,0,1782358393.4745452,0.0019936561584472656
67,normal,1027,2,1782358393.4765449,0.0019996166229248047
68,normal,919,2,1782358393.4785483,0.0020034313201904297
69,normal,934,2,1782358393.4805593,0.0020110607147216797
70,normal,3267,1,1782358393.482542,0.0019826889038085938
71,normal,2514,0,1782358393.4845514,0.0020093917846679688
72,normal,3430,0,1782358393.4865441,0.0019927024841308594
73,normal,3681,0,1782358393.4885454,0.0020012855529785156
74,normal,761,0,1782358393.4905467,0.0020012855529785156
75,normal,3399,1,1782358393.4925668,0.002020120620727539
76,normal,1095,0,1782358393.4945455,0.001978635787963867
77,normal,1690,0,1782358393.4965546,0.002009153366088867
78,normal,791,2,1782358393.4986484,0.002093791961669922
79,normal,1989,0,1782358393.5005217,0.0018732547760009766
80,normal,3322,1,1782358393.5025465,0.0020248889923095703
81,normal,1382,0,1782358393.5045664,0.0020198822021484375
82,normal,1235,0,1782358393.5065439,0.0019774436950683594
83,normal,3664,0,1782358393.5085511,0.0020072460174560547
84,normal,1075,0,1782358393.5105448,0.0019936561584472656
85,normal,2621,0,1782358393.5125468,0.0020020008087158203
86,normal,725,0,1782358393.5145106,0.0019638538360595703
87,normal,2180,0,1782358393.5165613,0.002050638198852539
88,normal,1860,0,1782358393.5185478,0.0019865036010742188
89,normal,3128,1,1782358393.5205147,0.0019669532775878906
90,normal,869,2,1782358393.5225327,0.002017974853515625
91,normal,416,0,1782358393.524544,0.0020112991333007812
92,normal,877,2,1782358393.5265112,0.001967191696166992
93,normal,2932,0,1782358393.5285847,0.002073526382446289
94,normal,3076,1,1782358393.5305383,0.001953601837158203
95,normal,525,0,1782358393.5325916,0.0020532608032226562
96,normal,2379,0,1782358393.534506,0.0019145011901855469
97,normal,2296,0,1782358393.536553,0.002046823501586914
98,normal,2356,0,1782358393.538548,0.001995086669921875
99,normal,1946,0,1782358393.5405447,0.001996755599975586
100,normal,3412,0,1782358393.5425472,0.0020024776458740234
101,normal,3485,0,1782358393.544589,0.0020418167114257812
102,normal,3130,1,1782358393.5465438,0.001954793930053711
103,normal,485,0,1782358393.5485435,0.0019996166229248047
104,normal,70,0,1782358393.5505066,0.0019631385803222656
105,normal,1811,0,1782358393.5525582,0.0020515918731689453
106,normal,107,0,1782358393.5545464,0.0019881725311279297
107,normal,1871,0,1782358393.5565677,0.002021312713623047
108,normal,3700,0,1782358393.5585122,0.0019445419311523438
109,normal,3414,0,1782358393.5605397,0.0020275115966796875
110,normal,1375,1,1782358393.5625114,0.001971721649169922
111,normal,122,0,1782358393.564549,0.002037525177001953
112,normal,85,0,1782358393.566545,0.0019960403442382812
113,normal,2058,0,1782358393.5685668,0.00202178955078125
114,normal,96,0,1782358393.5705123,0.00194549560546875
115,normal,1669,0,1782358393.5725417,0.0020294189453125
116,normal,2963,0,1782358393.5745478,0.002006053924560547
117,normal,3431,0,1782358393.5765302,0.001982450485229492
118,normal,44,0,1782358393.5785475,0.0020172595977783203
119,normal,1307,0,1782358393.5805433,0.0019958019256591797
120,normal,2248,0,1782358393.582565,0.00202178955078125
121,normal,2727,0,1782358393.5845463,0.0019812583923339844
122,normal,2005,0,1782358393.586546,0.0019996166229248047
123,normal,2487,0,1782358393.5885282,0.0019822120666503906
124,normal,2770,0,1782358393.590548,0.0020198822021484375
125,normal,2677,0,1782358393.5925596,0.002011537551879883
126,normal,710,0,1782358393.594525,0.0019655227661132812
127,normal,987,2,1782358393.5965421,0.0020170211791992188
128,normal,2017,0,1782358393.5985436,0.002001523971557617
129,normal,3122,1,1782358393.6005352,0.0019915103912353516
130,normal,140,0,1782358393.6025448,0.0020096302032470703
131,normal,21,0,1782358393.6049314,0.0023865699768066406
132,normal,757,0,1782358393.6064813,0.0015499591827392578
133,normal,2348,0,1782358393.6084855,0.0020041465759277344
134,normal,150,0,1782358393.6105115,0.002026081085205078
135,normal,2904,0,1782358393.6125054,0.001993894577026367
136,normal,2682,0,1782358393.6145267,0.002021312713623047
137,normal,1545,0,1782358393.6165643,0.002037525177001953
138,normal,1682,0,1782358393.6185372,0.0019729137420654297
139,normal,1074,0,1782358393.620541,0.002003908157348633
140,normal,707,0,1782358393.6225188,0.001977682113647461
141,normal,2593,0,1782358393.6245492,0.0020303726196289062
142,normal,2794,0,1782358393.6265378,0.001988649368286133
143,normal,2604,0,1782358393.6285431,0.002005338668823242
144,normal,3264,1,1782358393.6305413,0.0019981861114501953
145,normal,521,0,1782358393.632544,0.002002716064453125
146,normal,599,0,1782358393.6345146,0.001970529556274414
147,normal,1616,0,1782358393.6365533,0.002038717269897461
148,normal,147,0,1782358393.638547,0.0019936561584472656
149,normal,1450,0,1782358393.6405447,0.001997709274291992
150,normal,1160,0,1782358393.6425455,0.0020008087158203125
151,normal,3362,1,1782358393.6445477,0.002002239227294922
152,normal,981,2,1782358393.6465123,0.001964569091796875
153,normal,2269,0,1782358393.6485455,0.002033233642578125
154,normal,1782,0,1782358393.6505525,0.002007007598876953
155,normal,2766,0,1782358393.6525576,0.0020051002502441406
156,normal,722,0,1782358393.6545453,0.0019876956939697266
157,normal,2798,0,1782358393.6565468,0.002001523971557617
158,normal,211,0,1782358393.6585205,0.0019736289978027344
159,normal,1908,0,1782358393.6605628,0.0020422935485839844
160,normal,3371,1,1782358393.662552,0.0019893646240234375
161,normal,1662,0,1782358393.6645417,0.001989603042602539
162,normal,1449,0,1782358393.6665478,0.002006053924560547
163,normal,3348,1,1782358393.668549,0.0020012855529785156
164,normal,2925,0,1782358393.6705158,0.001966714859008789
165,normal,1801,0,1782358393.672558,0.0020422935485839844
166,normal,644,0,1782358393.6745522,0.0019941329956054688
167,normal,1374,1,1782358393.6765494,0.001997232437133789
168,normal,3108,1,1782358393.6785464,0.0019969940185546875
169,normal,1317,0,1782358393.6805463,0.0019998550415039062
170,normal,1219,0,1782358393.6825144,0.0019681453704833984
171,normal,276,0,1782358393.6845527,0.002038240432739258
172,normal,1066,0,1782358393.6865478,0.001995086669921875
173,normal,3510,0,1782358393.6885474,0.0019996166229248047
174,normal,2636,0,1782358393.690542,0.001994609832763672
175,normal,2533,0,1782358393.6925554,0.0020134449005126953
176,normal,642,0,1782358393.6945503,0.0019948482513427734
177,normal,3630,0,1782358393.6965663,0.0020160675048828125
178,normal,3444,0,1782358393.6985679,0.002001523971557617
179,normal,745,0,1782358393.7005455,0.001977682113647461
180,normal,878,2,1782358393.70266,0.002114534378051758
181,normal,1677,0,1782358393.7055626,0.002902507781982422
182,normal,2747,0,1782358393.706533,0.0009703636169433594
183,normal,1133,0,1782358393.708534,0.002001047134399414
184,normal,1401,0,1782358393.710541,0.002007007598876953
185,normal,3639,0,1782358393.71251,0.0019690990447998047
186,normal,3252,1,1782358393.7147548,0.002244710922241211
187,normal,514,0,1782358393.7167685,0.002013683319091797
188,normal,204,0,1782358393.718606,0.0018374919891357422
189,normal,2864,0,1782358393.7207372,0.002131223678588867
190,normal,3491,0,1782358393.7227137,0.001976490020751953
191,normal,2730,0,1782358393.724617,0.0019032955169677734
192,normal,2093,0,1782358393.7267132,0.0020961761474609375
193,normal,1694,0,1782358393.7287707,0.0020575523376464844
194,normal,2546,0,1782358393.7306166,0.0018458366394042969
195,normal,2564,0,1782358393.7327065,0.002089977264404297
196,normal,3041,0,1782358393.734742,0.002035379409790039
197,normal,1172,0,1782358393.7366178,0.0018758773803710938
198,normal,1962,0,1782358393.7387054,0.0020875930786132812
199,normal,3611,0,1782358393.740722,0.0020165443420410156
200,normal,2942,0,1782358393.7426124,0.001890420913696289
201,normal,1316,0,1782358393.744556,0.0019435882568359375
202,normal,3560,0,1782358393.7467465,0.0021905899047851562
203,normal,405,0,1782358393.7485619,0.0018153190612792969
204,normal,2743,0,1782358393.7506452,0.002083301544189453
205,normal,2490,0,1782358393.7527518,0.0021066665649414062
206,normal,2813,0,1782358393.7545648,0.0018129348754882812
207,normal,1289,0,1782358393.756736,0.0021712779998779297
208,normal,1936,0,1782358393.758648,0.0019118785858154297
209,normal,830,2,1782358393.7606156,0.0019676685333251953
210,normal,832,2,1782358393.7626576,0.002042055130004883
211,normal,956,2,1782358393.7647102,0.0020525455474853516
212,normal,3508,0,1782358393.7666306,0.001920461654663086
213,normal,767,0,1782358393.7686486,0.002017974853515625
214,normal,2567,0,1782358393.7707393,0.0020906925201416016
215,normal,3614,0,1782358393.7726378,0.0018985271453857422
216,normal,1499,0,1782358393.7747192,0.0020813941955566406
217,normal,2758,0,1782358393.7767198,0.002000570297241211
218,normal,333,0,1782358393.7786157,0.001895904541015625
219,normal,1196,0,1782358393.7806537,0.0020380020141601562
220,normal,3573,0,1782358393.782734,0.002080202102661133
221,normal,2601,0,1782358393.784633,0.0018990039825439453
222,normal,1538,0,1782358393.7866619,0.002028942108154297
223,normal,3380,1,1782358393.788739,0.0020771026611328125
224,normal,3492,0,1782358393.790612,0.001873016357421875
225,normal,1539,0,1782358393.792649,0.00203704833984375
226,normal,210,0,1782358393.7947476,0.002098560333251953
227,normal,324,0,1782358393.7966602,0.0019125938415527344
228,normal,2355,0,1782358393.798721,0.0020608901977539062
229,normal,1062,0,1782358393.8007278,0.0020067691802978516
230,normal,259,0,1782358393.8026154,0.0018875598907470703
231,normal,1712,0,1782358393.8046494,0.0020339488983154297
232,normal,1098,0,1782358393.8067384,0.0020890235900878906
233,normal,54,0,1782358393.8086174,0.001878976821899414
234,normal,2767,0,1782358393.8106608,0.002043485641479492
235,normal,2654,0,1782358393.812754,0.002093076705932617
236,normal,3298,1,1782358393.8145654,0.0018115043640136719
237,normal,2705,0,1782358393.8167405,0.0021750926971435547
238,normal,2179,0,1782358393.818739,0.001998424530029297
239,normal,1072,0,1782358393.8206139,0.0018749237060546875
240,normal,3533,0,1782358393.8226593,0.0020453929901123047
241,normal,2807,0,1782358393.8247838,0.0021245479583740234
242,normal,2287,0,1782358393.8265636,0.001779794692993164
243,normal,2275,0,1782358393.8287325,0.002168893814086914
244,normal,3456,0,1782358393.8307507,0.0020182132720947266
245,normal,1996,0,1782358393.8326275,0.0018768310546875
246,normal,1598,0,1782358393.8346977,0.002070188522338867
247,normal,2491,0,1782358393.8366437,0.0019459724426269531
248,normal,1201,0,1782358393.8387303,0.002086639404296875
249,normal,1994,0,1782358393.8406143,0.0018839836120605469
250,normal,1441,0,1782358393.8427076,0.0020933151245117188
251,normal,2920,0,1782358393.8446155,0.0019078254699707031
252,normal,363,0,1782358393.8466604,0.0020449161529541016
253,normal,3021,0,1782358393.848731,0.0020706653594970703
254,normal,2870,0,1782358393.8506134,0.001882314682006836
255,normal,260,0,1782358393.8526602,0.002046823501586914
256,normal,2371,0,1782358393.8546612,0.002001047134399414
257,normal,2949,0,1782358393.856706,0.002044677734375
258,normal,2886,0,1782358393.8586438,0.0019378662109375
259,normal,3081,1,1782358393.8607879,0.0021440982818603516
260,normal,2974,0,1782358393.8626354,0.0018475055694580078
261,normal,746,0,1782358393.8646977,0.0020623207092285156
262,normal,1409,0,1782358393.8665645,0.0018668174743652344
263,normal,1774,0,1782358393.8686144,0.0020499229431152344
264,normal,815,2,1782358393.8705797,0.0019652843475341797
265,normal,1350,1,1782358393.872585,0.002005338668823242
266,normal,1243,0,1782358393.8745687,0.001983642578125
267,normal,2653,0,1782358393.8765926,0.002023935317993164
268,normal,988,2,1782358393.8785856,0.001992940902709961
269,normal,3185,1,1782358393.8805463,0.00196075439453125
270,normal,2112,0,1782358393.8825953,0.002048969268798828
271,normal,362,0,1782358393.884584,0.001988649368286133
272,normal,1802,0,1782358393.8865688,0.001984834671020508
273,normal,2596,0,1782358393.8885899,0.0020210742950439453
274,normal,884,2,1782358393.890583,0.0019931793212890625
275,normal,467,0,1782358393.8925476,0.001964569091796875
276,normal,2997,0,1782358393.894598,0.0020503997802734375
277,normal,2200,0,1782358393.8965847,0.0019867420196533203
278,normal,241,0,1782358393.898634,0.0020492076873779297
279,normal,2887,0,1782358393.900542,0.0019080638885498047
280,normal,2540,0,1782358393.9025848,0.0020427703857421875
281,normal,1846,0,1782358393.9045894,0.0020046234130859375
282,normal,1064,0,1782358393.9066021,0.0020127296447753906
283,normal,2598,0,1782358393.908579,0.0019769668579101562
284,normal,2206,0,1782358393.9106073,0.002028226852416992
285,normal,942,2,1782358393.9125865,0.0019791126251220703
286,normal,1012,2,1782358393.914569,0.001982450485229492
287,normal,641,0,1782358393.9165955,0.0020265579223632812
288,normal,1990,0,1782358393.9185991,0.0020036697387695312
289,normal,1776,0,1782358393.9205682,0.0019690990447998047
290,normal,3047,1,1782358393.9226153,0.0020470619201660156
291,normal,2851,0,1782358393.9245424,0.0019271373748779297
292,normal,1727,0,1782358393.9265873,0.0020449161529541016
293,normal,2492,0,1782358393.9285932,0.0020058155059814453
294,normal,3548,0,1782358393.9306476,0.002054452896118164
295,normal,1496,0,1782358393.932535,0.0018873214721679688
296,normal,1586,0,1782358393.9345644,0.0020294189453125
297,normal,3152,1,1782358393.9365466,0.0019822120666503906
298,normal,550,0,1782358393.9385674,0.0020208358764648438
299,normal,2324,0,1782358393.9405246,0.0019571781158447266
300,normal,2002,0,1782358393.942603,0.002078533172607422
301,normal,421,0,1782358393.9445693,0.001966238021850586
302,normal,2267,0,1782358393.9465492,0.001979827880859375
303,normal,553,0,1782358393.9485903,0.0020411014556884766
304,normal,1162,0,1782358393.9505424,0.0019521713256835938
305,normal,2177,0,1782358393.952551,0.0020084381103515625
306,normal,785,2,1782358393.954601,0.002050161361694336
307,normal,774,2,1782358393.956537,0.0019359588623046875
308,normal,2836,0,1782358393.9586263,0.002089262008666992
309,normal,3023,0,1782358393.9605122,0.0018858909606933594
310,normal,1915,0,1782358393.9625926,0.0020804405212402344
311,normal,567,0,1782358393.9645462,0.001953601837158203
312,normal,2230,0,1782358393.9665651,0.0020189285278320312
313,normal,349,0,1782358393.9685824,0.0020172595977783203
314,normal,2570,0,1782358393.9706206,0.002038240432739258
315,normal,75,0,1782358393.9725094,0.0018887519836425781
316,normal,1383,0,1782358393.974564,0.0020546913146972656
317,normal,871,2,1782358393.9765413,0.001977205276489258
318,normal,2263,0,1782358393.9785635,0.002022266387939453
319,normal,89,0,1782358393.9805608,0.001997232437133789
320,normal,1568,0,1782358393.982594,0.002033233642578125
321,normal,3089,1,1782358393.984545,0.001950979232788086
322,normal,1798,0,1782358393.9865618,0.002016782760620117
323,normal,2619,0,1782358393.9885404,0.001978635787963867
324,normal,2334,0,1782358393.9905617,0.002021312713623047
325,normal,3640,0,1782358393.9925632,0.002001523971557617
326,normal,1390,0,1782358393.994587,0.0020236968994140625
327,normal,1613,0,1782358393.9965448,0.0019578933715820312
328,normal,271,0,1782358393.9985876,0.0020427703857421875
329,normal,51,0,1782358394.0005426,0.0019550323486328125
330,normal,1177,0,1782358394.0025651,0.0020225048065185547
331,normal,1550,0,1782358394.004587,0.00202178955078125
332,normal,3293,1,1782358394.006598,0.0020110607147216797
333,normal,1108,0,1782358394.0085652,0.001967191696166992
334,normal,3303,1,1782358394.0105877,0.0020225048065185547
335,normal,3396,1,1782358394.0125647,0.0019769668579101562
336,normal,563,0,1782358394.014552,0.001987457275390625
337,normal,1251,0,1782358394.016585,0.0020329952239990234
338,normal,2431,0,1782358394.0185428,0.0019576549530029297
339,normal,2219,0,1782358394.02056,0.0020172595977783203
340,normal,3320,1,1782358394.0225837,0.0020236968994140625
341,normal,1666,0,1782358394.0246193,0.0020356178283691406
342,normal,2286,0,1782358394.026511,0.0018916130065917969
343,normal,2426,0,1782358394.0285873,0.002076387405395508
344,normal,756,0,1782358394.0305674,0.0019800662994384766
345,normal,367,0,1782358394.0325487,0.0019812583923339844
346,normal,3627,0,1782358394.0345838,0.0020351409912109375
347,normal,232,0,1782358394.036596,0.0020122528076171875
348,normal,1982,0,1782358394.0385692,0.0019731521606445312
349,normal,2998,0,1782358394.0405807,0.002011537551879883
350,normal,3291,1,1782358394.0426173,0.002036571502685547
351,normal,3217,1,1782358394.0445077,0.001890420913696289
352,normal,1687,0,1782358394.0465848,0.0020771026611328125
353,normal,2526,0,1782358394.0485995,0.002014636993408203
354,normal,1522,0,1782358394.0506327,0.002033233642578125
355,normal,1310,0,1782358394.0525317,0.0018990039825439453
356,normal,3401,1,1782358394.0545483,0.0020165443420410156
357,normal,433,0,1782358394.0565028,0.0019545555114746094
358,normal,1970,0,1782358394.0585344,0.002031564712524414
359,normal,2312,0,1782358394.0605524,0.002017974853515625
360,normal,1569,0,1782358394.062551,0.0019986629486083984
361,normal,3632,0,1782358394.0645297,0.001978635787963867
362,normal,2914,0,1782358394.0665667,0.00203704833984375
363,normal,131,0,1782358394.0685346,0.001967906951904297
364,normal,3228,1,1782358394.0705264,0.001991748809814453
365,normal,1757,0,1782358394.0725427,0.002016305923461914
366,normal,2229,0,1782358394.0745912,0.002048492431640625
367,normal,1636,0,1782358394.076527,0.0019359588623046875
368,normal,1947,0,1782358394.0785654,0.002038240432739258
369,normal,3166,1,1782358394.0805411,0.0019757747650146484
370,normal,2512,0,1782358394.0825312,0.001990079879760742
371,normal,1100,0,1782358394.0845418,0.0020105838775634766
372,normal,3595,0,1782358394.086552,0.0020101070404052734
373,normal,38,0,1782358394.0885308,0.0019788742065429688
374,normal,228,0,1782358394.0905442,0.0020134449005126953
375,normal,1055,0,1782358394.0925272,0.0019829273223876953
376,normal,2457,0,1782358394.0945268,0.0019996166229248047
377,normal,1425,0,1782358394.0965443,0.002017498016357422
378,normal,2087,0,1782358394.0985243,0.0019800662994384766
379,normal,2946,0,1782358394.1005387,0.0020143985748291016
380,normal,1271,0,1782358394.1025622,0.002023458480834961
381,normal,2608,0,1782358394.1045032,0.0019409656524658203
382,normal,28,0,1782358394.1065314,0.002028226852416992
383,normal,187,0,1782358394.1085434,0.002012014389038086
384,normal,2951,0,1782358394.1105561,0.0020127296447753906
385,normal,3694,0,1782358394.1125255,0.0019693374633789062
386,normal,3,0,1782358394.114563,0.002037525177001953
387,normal,2973,0,1782358394.116503,0.001940011978149414
388,normal,962,2,1782358394.1185296,0.0020265579223632812
389,normal,2134,0,1782358394.1205401,0.0020105838775634766
390,normal,2392,0,1782358394.122546,0.0020058155059814453
391,normal,3330,1,1782358394.1245258,0.001979827880859375
392,normal,3340,1,1782358394.1265674,0.0020415782928466797
393,normal,1255,0,1782358394.128501,0.0019335746765136719
394,normal,1245,0,1782358394.130529,0.0020279884338378906
395,normal,2176,0,1782358394.1325426,0.002013683319091797
396,normal,1329,1,1782358394.1345487,0.002006053924560547
397,normal,2000,0,1782358394.136525,0.0019762516021728516
398,normal,2700,0,1782358394.1385653,0.002040386199951172
399,normal,114,0,1782358394.140502,0.0019366741180419922
400,normal,562,0,1782358394.1425295,0.0020275115966796875
401,normal,3188,1,1782358394.1445396,0.0020101070404052734
402,normal,257,0,1782358394.1465516,0.002012014389038086
403,normal,3118,1,1782358394.1485252,0.0019736289978027344
404,normal,1469,0,1782358394.1505609,0.0020356178283691406
405,normal,2151,0,1782358394.1524875,0.0019266605377197266
406,normal,3499,0,1782358394.1545308,0.0020432472229003906
407,normal,961,2,1782358394.156543,0.0020122528076171875
408,normal,1872,0,1782358394.1585515,0.0020084381103515625
409,normal,2913,0,1782358394.1605258,0.001974344253540039
410,normal,858,2,1782358394.1625829,0.0020570755004882812
411,normal,1845,0,1782358394.1645,0.001917123794555664
412,normal,3365,1,1782358394.1665306,0.002030611038208008
413,normal,591,0,1782358394.1685388,0.002008199691772461
414,normal,2199,0,1782358394.1705546,0.002015829086303711
415,normal,1768,0,1782358394.1725261,0.0019714832305908203
416,normal,27,0,1782358394.1745834,0.002057313919067383
417,normal,3331,1,1782358394.1765,0.001916646957397461
418,normal,1279,0,1782358394.178531,0.0020308494567871094
419,normal,2129,0,1782358394.1805425,0.002011537551879883
420,normal,383,0,1782358394.1825447,0.002002239227294922
421,normal,1490,0,1782358394.1845253,0.0019805431365966797
422,normal,3216,1,1782358394.1865695,0.002044200897216797
423,normal,2377,0,1782358394.1884997,0.00193023681640625
424,normal,2147,0,1782358394.190527,0.002027273178100586
425,normal,796,2,1782358394.1925414,0.0020143985748291016
426,normal,325,0,1782358394.1945484,0.002007007598876953
427,normal,1646,0,1782358394.1965609,0.002012491226196289
428,normal,3312,1,1782358394.1985893,0.0020284652709960938
429,normal,1402,0,1782358394.2005134,0.0019240379333496094
430,normal,298,0,1782358394.2025275,0.00201416015625
431,normal,3532,0,1782358394.2045472,0.002019643783569336
432,normal,3509,0,1782358394.2065492,0.0020020008087158203
433,normal,2691,0,1782358394.2085238,0.0019745826721191406
434,normal,3398,1,1782358394.2105691,0.0020453929901123047
435,normal,797,2,1782358394.2124999,0.0019307136535644531
436,normal,3656,0,1782358394.2145424,0.002042531967163086
437,normal,365,0,1782358394.2165446,0.002002239227294922
438,normal,3043,0,1782358394.2185507,0.002006053924560547
439,normal,3109,1,1782358394.2205276,0.0019769668579101562
440,normal,1427,0,1782358394.2225685,0.002040863037109375
441,normal,2221,0,1782358394.2245002,0.0019316673278808594
442,normal,2498,0,1782358394.2265277,0.0020275115966796875
443,normal,1981,0,1782358394.2285461,0.002018451690673828
444,normal,2205,0,1782358394.2305617,0.0020155906677246094
445,normal,3648,0,1782358394.2325273,0.0019655227661132812
446,normal,845,2,1782358394.2345865,0.0020592212677001953
447,normal,2298,0,1782358394.2365072,0.0019207000732421875
448,normal,1643,0,1782358394.2385361,0.002028942108154297
449,normal,10,0,1782358394.2405438,0.002007722854614258
450,normal,1683,0,1782358394.2425556,0.0020117759704589844
451,normal,2138,0,1782358394.2445283,0.001972675323486328
452,normal,3574,0,1782358394.2465842,0.0020558834075927734
453,normal,2630,0,1782358394.248501,0.0019168853759765625
454,normal,431,0,1782358394.2505286,0.0020275115966796875
455,normal,3297,1,1782358394.2525468,0.0020182132720947266
456,normal,315,0,1782358394.2545588,0.002012014389038086
457,normal,244,0,1782358394.2565336,0.001974821090698242
458,normal,360,0,1782358394.258586,0.00205230712890625
459,normal,812,2,1782358394.2605028,0.0019168853759765625
460,normal,1488,0,1782358394.262528,0.002025127410888672
461,normal,1146,0,1782358394.2645442,0.002016305923461914
462,normal,412,0,1782358394.2665577,0.0020134449005126953
463,normal,2174,0,1782358394.268527,0.0019693374633789062
464,normal,1254,0,1782358394.2705653,0.002038240432739258
465,normal,3385,1,1782358394.2725012,0.0019359588623046875
466,normal,1020,2,1782358394.274527,0.0020258426666259766
467,normal,1214,0,1782358394.2765386,0.002011537551879883
468,normal,3183,1,1782358394.2785554,0.002016782760620117
469,normal,62,0,1782358394.2805233,0.001967906951904297
470,normal,1897,0,1782358394.2825904,0.002067089080810547
471,normal,3240,1,1782358394.2845006,0.0019102096557617188
472,normal,496,0,1782358394.2865274,0.002026796340942383
473,normal,1824,0,1782358394.28854,0.002012491226196289
474,normal,543,0,1782358394.290561,0.0020210742950439453
475,normal,2143,0,1782358394.2925277,0.001966714859008789
476,normal,620,0,1782358394.2945657,0.0020380020141601562
477,normal,2947,0,1782358394.2965395,0.001973867416381836
478,normal,1238,0,1782358394.2985191,0.0019795894622802734
479,normal,828,2,1782358394.3005443,0.002025127410888672
480,normal,1211,0,1782358394.3025496,0.002005338668823242
481,normal,957,2,1782358394.304877,0.002327442169189453
482,normal,2707,0,1782358394.3065593,0.001682281494140625
483,normal,3405,0,1782358394.3085356,0.0019762516021728516
484,normal,1090,0,1782358394.310538,0.0020024776458740234
485,normal,1764,0,1782358394.3125193,0.0019812583923339844
486,normal,2454,0,1782358394.3145514,0.002032041549682617
487,normal,1117,0,1782358394.3165388,0.001987457275390625
488,normal,1212,0,1782358394.318527,0.0019881725311279297
489,normal,1557,0,1782358394.3205316,0.0020046234130859375
490,normal,1934,0,1782358394.3225422,0.0020105838775634766
491,normal,235,0,1782358394.3245463,0.0020041465759277344
492,normal,3425,0,1782358394.326561,0.002014636993408203
493,normal,3273,1,1782358394.328543,0.001981973648071289
494,normal,1110,0,1782358394.3305662,0.0020232200622558594
495,normal,2694,0,1782358394.332543,0.0019767284393310547
496,normal,3708,0,1782358394.334556,0.0020132064819335938
497,normal,2896,0,1782358394.3365467,0.0019905567169189453
498,normal,2948,0,1782358394.338548,0.0020012855529785156
499,normal,1376,1,1782358394.3405354,0.001987457275390625
500,normal,1272,0,1782358394.3425848,0.0020494461059570312
501,normal,1640,0,1782358394.34454,0.001955270767211914
502,normal,1171,0,1782358394.346567,0.002026796340942383
503,normal,3561,0,1782358394.348841,0.002274036407470703
504,normal,802,2,1782358394.3505545,0.0017135143280029297
505,normal,1439,0,1782358394.3525462,0.001991748809814453
506,normal,2140,0,1782358394.3545945,0.0020482540130615234
507,normal,196,0,1782358394.356521,0.001926422119140625
508,normal,426,0,1782358394.3586102,0.002089262008666992
509,normal,2701,0,1782358394.3607402,0.0021300315856933594
510,normal,1971,0,1782358394.3626356,0.0018954277038574219
511,normal,2104,0,1782358394.3647847,0.0021491050720214844
512,normal,371,0,1782358394.3666441,0.001859426498413086
513,normal,742,0,1782358394.3687117,0.00206756591796875
514,normal,162,0,1782358394.3707845,0.0020728111267089844
515,normal,1280,0,1782358394.3726432,0.0018587112426757812
516,normal,2259,0,1782358394.374717,0.0020737648010253906
517,normal,1748,0,1782358394.3766596,0.0019426345825195312
518,normal,3593,0,1782358394.3786325,0.0019729137420654297
519,normal,2158,0,1782358394.380713,0.0020804405212402344
520,normal,2446,0,1782358394.3827846,0.0020716190338134766
521,normal,231,0,1782358394.384638,0.0018534660339355469
522,normal,612,0,1782358394.3867218,0.0020837783813476562
523,normal,792,2,1782358394.3887937,0.002071857452392578
524,normal,1816,0,1782358394.390638,0.0018444061279296875
525,normal,100,0,1782358394.3927321,0.0020940303802490234
526,normal,1877,0,1782358394.3948002,0.002068042755126953
527,normal,1368,1,1782358394.3966882,0.0018880367279052734
528,normal,59,0,1782358394.398718,0.002029895782470703
529,normal,1919,0,1782358394.400801,0.00208282470703125
530,normal,3318,1,1782358394.402637,0.0018360614776611328
531,normal,2652,0,1782358394.4047194,0.002082347869873047
532,normal,1576,0,1782358394.4067907,0.002071380615234375
533,normal,1364,1,1782358394.408688,0.0018973350524902344
534,normal,2924,0,1782358394.4107141,0.002026081085205078
535,normal,2612,0,1782358394.4127975,0.002083301544189453
536,normal,2723,0,1782358394.4146895,0.00189208984375
537,normal,2031,0,1782358394.4167254,0.002035856246948242
538,normal,1139,0,1782358394.4188025,0.0020771026611328125
539,normal,342,0,1782358394.4207327,0.00193023681640625
540,normal,181,0,1782358394.4227226,0.0019898414611816406
541,normal,739,0,1782358394.424801,0.002078533172607422
542,normal,908,2,1782358394.4267294,0.0019283294677734375
543,normal,2135,0,1782358394.4287176,0.0019881725311279297
544,normal,316,0,1782358394.430799,0.0020813941955566406
545,normal,911,2,1782358394.4326417,0.0018427371978759766
546,normal,236,0,1782358394.4347231,0.0020813941955566406
547,normal,470,0,1782358394.43681,0.0020868778228759766
548,normal,940,2,1782358394.4386976,0.0018875598907470703
549,normal,2427,0,1782358394.440717,0.0020194053649902344
550,normal,1326,1,1782358394.4428082,0.0020911693572998047
551,normal,3659,0,1782358394.4446402,0.0018320083618164062
552,normal,1176,0,1782358394.4467292,0.0020890235900878906
553,normal,2025,0,1782358394.448811,0.0020818710327148438
554,normal,1611,0,1782358394.450685,0.0018739700317382812
555,normal,1698,0,1782358394.4527159,0.0020308494567871094
556,normal,2815,0,1782358394.4548168,0.0021009445190429688
557,normal,40,0,1782358394.456629,0.0018122196197509766
558,normal,2873,0,1782358394.4586148,0.001985788345336914
559,normal,2993,0,1782358394.4605188,0.0019040107727050781
560,normal,401,0,1782358394.4625902,0.002071380615234375
561,normal,3709,0,1782358394.4645379,0.001947641372680664
562,normal,1152,0,1782358394.466561,0.0020232200622558594
563,normal,318,0,1782358394.4685183,0.0019571781158447266
564,normal,2045,0,1782358394.4706097,0.0020914077758789062
565,normal,3341,1,1782358394.4726794,0.002069711685180664
566,normal,1869,0,1782358394.4746885,0.002009153366088867
567,normal,1071,0,1782358394.4767046,0.0020160675048828125
568,normal,929,2,1782358394.4787216,0.0020170211791992188
569,normal,1492,0,1782358394.4806328,0.001911163330078125
570,normal,2040,0,1782358394.4827247,0.0020918846130371094
571,normal,894,2,1782358394.4847202,0.001995563507080078
572,normal,533,0,1782358394.4866817,0.0019614696502685547
573,normal,2845,0,1782358394.4887183,0.002036571502685547
574,normal,838,2,1782358394.4907198,0.002001523971557617
575,normal,3113,1,1782358394.4926357,0.0019159317016601562
576,normal,1761,0,1782358394.4947262,0.0020904541015625
577,normal,1608,0,1782358394.4967172,0.0019910335540771484
578,normal,747,0,1782358394.4986944,0.001977205276489258
579,normal,1016,2,1782358394.5007155,0.0020210742950439453
580,normal,2692,0,1782358394.50278,0.0020644664764404297
581,normal,7,0,1782358394.5046413,0.0018613338470458984
582,normal,424,0,1782358394.5067258,0.002084493637084961
583,normal,1817,0,1782358394.50875,0.0020241737365722656
584,normal,84,0,1782358394.5106335,0.0018835067749023438
585,normal,355,0,1782358394.5127304,0.002096891403198242
586,normal,1118,0,1782358394.514741,0.0020105838775634766
587,normal,2778,0,1782358394.5166945,0.001953601837158203
588,normal,3601,0,1782358394.5187283,0.002033710479736328
589,normal,3084,1,1782358394.5208745,0.0021462440490722656
590,normal,2425,0,1782358394.5226305,0.0017559528350830078
591,normal,2572,0,1782358394.524735,0.002104520797729492
592,normal,1795,0,1782358394.5267875,0.0020525455474853516
593,normal,2784,0,1782358394.5286837,0.0018961429595947266
594,normal,3058,1,1782358394.5307145,0.0020308494567871094
595,normal,2777,0,1782358394.5327513,0.0020368099212646484
596,normal,305,0,1782358394.534632,0.001880645751953125
597,normal,516,0,1782358394.5367286,0.0020966529846191406
598,normal,1403,0,1782358394.5387547,0.002026081085205078
599,normal,135,0,1782358394.540651,0.0018963813781738281
600,normal,359,0,1782358394.5427594,0.002108335494995117
601,normal,2918,0,1782358394.5447495,0.001990079879760742
602,normal,1742,0,1782358394.5466309,0.0018813610076904297
603,normal,2484,0,1782358394.548733,0.0021021366119384766
604,normal,1899,0,1782358394.5507536,0.002020597457885742
605,normal,2595,0,1782358394.552904,0.002150297164916992
606,normal,1452,0,1782358394.554622,0.0017180442810058594
607,normal,1275,0,1782358394.5568457,0.0022237300872802734
608,normal,3159,1,1782358394.5585837,0.0017380714416503906
609,normal,3682,0,1782358394.5605404,0.0019567012786865234
610,normal,253,0,1782358394.5625403,0.0019998550415039062
611,normal,3141,1,1782358394.5645697,0.0020294189453125
612,normal,155,0,1782358394.5665383,0.0019686222076416016
613,normal,2127,0,1782358394.568534,0.001995563507080078
614,normal,1067,0,1782358394.5705485,0.002014636993408203
615,normal,1791,0,1782358394.5725644,0.002015829086303711
616,normal,661,0,1782358394.5745368,0.0019724369049072266
617,normal,1728,0,1782358394.576593,0.002056121826171875
618,normal,520,0,1782358394.5785038,0.0019109249114990234
619,normal,965,2,1782358394.580548,0.002044200897216797
620,normal,2672,0,1782358394.5825145,0.0019664764404296875
621,normal,684,0,1782358394.5845575,0.002043008804321289
622,normal,964,2,1782358394.5865479,0.0019903182983398438
623,normal,449,0,1782358394.5885081,0.001960277557373047
624,normal,3370,1,1782358394.5905325,0.002024412155151367
625,normal,1356,1,1782358394.5925455,0.002012968063354492
626,normal,61,0,1782358394.594554,0.0020084381103515625
627,normal,1060,0,1782358394.5965524,0.001998424530029297
628,normal,2933,0,1782358394.598546,0.0019936561584472656
629,normal,3438,0,1782358394.600534,0.001987934112548828
630,normal,2041,0,1782358394.602591,0.0020570755004882812
631,normal,74,0,1782358394.604545,0.0019540786743164062
632,normal,1992,0,1782358394.6065123,0.001967191696166992
633,normal,2843,0,1782358394.608557,0.002044677734375
634,normal,3154,1,1782358394.6105425,0.0019855499267578125
635,normal,1018,2,1782358394.6125827,0.0020401477813720703
636,normal,3567,0,1782358394.6145306,0.0019478797912597656
637,normal,1937,0,1782358394.6165388,0.002008199691772461
638,normal,675,0,1782358394.6185453,0.00200653076171875
639,normal,2515,0,1782358394.6205225,0.001977205276489258
640,normal,3036,0,1782358394.622549,0.0020265579223632812
641,normal,3706,0,1782358394.6245434,0.0019943714141845703
642,normal,3332,1,1782358394.6265295,0.0019860267639160156
643,normal,3311,1,1782358394.628548,0.002018451690673828
644,normal,3520,0,1782358394.6305087,0.00196075439453125
645,normal,1514,0,1782358394.632562,0.0020532608032226562
646,normal,2518,0,1782358394.634549,0.001986980438232422
647,normal,2832,0,1782358394.6365411,0.0019922256469726562
648,normal,3138,1,1782358394.6385298,0.001988649368286133
649,normal,2319,0,1782358394.6405463,0.0020165443420410156
650,normal,3149,1,1782358394.6425114,0.001965045928955078
651,normal,252,0,1782358394.6445599,0.002048492431640625
652,normal,2415,0,1782358394.6465466,0.0019867420196533203
653,normal,2919,0,1782358394.6485455,0.0019989013671875
654,normal,2830,0,1782358394.6505308,0.001985311508178711
655,normal,2640,0,1782358394.6525643,0.0020334720611572266
656,normal,2337,0,1782358394.6544948,0.0019304752349853516
657,normal,3335,1,1782358394.6565607,0.002065896987915039
658,normal,2522,0,1782358394.6585457,0.0019850730895996094
659,normal,2848,0,1782358394.6605127,0.0019669532775878906
660,normal,1112,0,1782358394.6625304,0.0020177364349365234
661,normal,377,0,1782358394.664559,0.0020284652709960938
662,normal,3214,1,1782358394.6665106,0.0019516944885253906
663,normal,2772,0,1782358394.6685572,0.0020465850830078125
664,normal,1398,0,1782358394.6705542,0.0019969940185546875
665,normal,1487,0,1782358394.67255,0.0019958019256591797
666,normal,2142,0,1782358394.6745293,0.001979351043701172
667,normal,1058,0,1782358394.6765475,0.0020182132720947266
668,normal,3206,1,1782358394.6785085,0.0019609928131103516
669,normal,848,2,1782358394.6805573,0.0020487308502197266
670,normal,771,0,1782358394.6825435,0.001986265182495117
671,normal,425,0,1782358394.6845875,0.0020439624786376953
672,normal,3422,0,1782358394.6865044,0.0019168853759765625
673,normal,633,0,1782358394.6885486,0.002044200897216797
674,normal,328,0,1782358394.6905088,0.001960277557373047
675,normal,3279,1,1782358394.6925437,0.002034902572631836
676,normal,2085,0,1782358394.6945412,0.0019974708557128906
677,normal,1605,0,1782358394.6965973,0.002056121826171875
678,normal,605,0,1782358394.6986227,0.0020253658294677734
679,normal,2568,0,1782358394.7005665,0.001943826675415039
680,normal,2471,0,1782358394.7025464,0.001979827880859375
681,normal,1404,0,1782358394.70454,0.0019936561584472656
682,normal,468,0,1782358394.706544,0.002003908157348633
683,normal,248,0,1782358394.7085514,0.0020074844360351562
684,normal,575,0,1782358394.7104998,0.0019483566284179688
685,normal,1092,0,1782358394.7126117,0.0021119117736816406
686,normal,223,0,1782358394.714541,0.0019292831420898438
687,normal,1828,0,1782358394.7165928,0.002051830291748047
688,normal,2193,0,1782358394.7185984,0.0020055770874023438
689,normal,2754,0,1782358394.720539,0.0019407272338867188
690,normal,705,0,1782358394.7225945,0.0020554065704345703
691,normal,3261,1,1782358394.7245965,0.0020020008087158203
692,normal,795,2,1782358394.7265384,0.0019419193267822266
693,normal,2333,0,1782358394.7286298,0.0020914077758789062
694,normal,2765,0,1782358394.7305472,0.0019173622131347656
695,normal,2094,0,1782358394.73254,0.0019927024841308594
696,normal,1617,0,1782358394.734624,0.002084016799926758
697,normal,721,0,1782358394.736566,0.0019421577453613281
698,normal,2226,0,1782358394.7385547,0.001988649368286133
699,normal,3387,1,1782358394.7407796,0.0022249221801757812
700,normal,1685,0,1782358394.7425969,0.0018172264099121094
701,normal,582,0,1782358394.7445662,0.0019693374633789062
702,normal,880,2,1782358394.7465231,0.001956939697265625
703,normal,1596,0,1782358394.7486544,0.002131223678588867
704,normal,2579,0,1782358394.7505095,0.0018551349639892578
705,normal,143,0,1782358394.7525606,0.002051115036010742
706,normal,2641,0,1782358394.7545846,0.002023935317993164
707,normal,262,0,1782358394.756503,0.0019185543060302734
708,normal,861,2,1782358394.7585802,0.0020771026611328125
709,normal,3229,1,1782358394.7605863,0.002006053924560547
710,normal,263,0,1782358394.762509,0.0019228458404541016
711,normal,2282,0,1782358394.764562,0.002052783966064453
712,normal,137,0,1782358394.7665875,0.002025604248046875
713,normal,583,0,1782358394.7685127,0.0019252300262451172
714,normal,2247,0,1782358394.7705572,0.0020444393157958984
715,normal,422,0,1782358394.7725694,0.0020122528076171875
716,normal,685,0,1782358394.7745066,0.0019371509552001953
717,normal,2086,0,1782358394.7765625,0.0020558834075927734
718,normal,445,0,1782358394.7785816,0.002019166946411133
719,normal,2070,0,1782358394.7805085,0.0019268989562988281
720,normal,3219,1,1782358394.7825623,0.0020537376403808594
721,normal,158,0,1782358394.784579,0.002016782760620117
722,normal,3033,0,1782358394.786484,0.0019049644470214844
723,normal,2834,0,1782358394.7885382,0.0020542144775390625
724,normal,2943,0,1782358394.790548,0.002009868621826172
725,normal,2809,0,1782358394.7924821,0.001934051513671875
726,normal,2944,0,1782358394.794536,0.002053976058959961
727,normal,2527,0,1782358394.7965436,0.0020074844360351562
728,normal,161,0,1782358394.7985039,0.001960277557373047
729,normal,1547,0,1782358394.8005378,0.0020339488983154297
730,normal,979,2,1782358394.8025384,0.002000570297241211
731,normal,3060,1,1782358394.8044755,0.0019371509552001953
732,normal,226,0,1782358394.8065386,0.0020630359649658203
733,normal,2555,0,1782358394.8085454,0.0020067691802978516
734,normal,2496,0,1782358394.8104706,0.0019252300262451172
735,normal,750,0,1782358394.8125362,0.0020656585693359375
736,normal,105,0,1782358394.8145447,0.0020084381103515625
737,normal,1234,0,1782358394.8164694,0.001924753189086914
738,normal,3403,0,1782358394.8185265,0.0020570755004882812
739,normal,86,0,1782358394.8205364,0.002009868621826172
740,normal,2266,0,1782358394.82254,0.0020036697387695312
741,normal,234,0,1782358394.8245256,0.0019855499267578125
742,normal,55,0,1782358394.826537,0.0020112991333007812
743,normal,885,2,1782358394.828539,0.0020020008087158203
744,normal,1288,0,1782358394.8304617,0.0019228458404541016
745,normal,193,0,1782358394.8325405,0.0020787715911865234
746,normal,731,0,1782358394.8345683,0.002027750015258789
747,normal,3566,0,1782358394.8365433,0.0019750595092773438
748,normal,2327,0,1782358394.8385618,0.002018451690673828
749,normal,3610,0,1782358394.8405437,0.001981973648071289
750,normal,3690,0,1782358394.8425574,0.002013683319091797
751,normal,914,2,1782358394.844551,0.0019936561584472656
752,normal,3184,1,1782358394.8465323,0.0019812583923339844
753,normal,3296,1,1782358394.8485427,0.002010345458984375
754,normal,2224,0,1782358394.850555,0.0020122528076171875
755,normal,2751,0,1782358394.8525453,0.0019903182983398438
756,normal,3600,0,1782358394.8545423,0.0019969940185546875
757,normal,1009,2,1782358394.8565524,0.0020101070404052734
758,normal,1632,0,1782358394.8585079,0.0019555091857910156
759,normal,2847,0,1782358394.860541,0.002033233642578125
760,normal,22,0,1782358394.8625488,0.002007722854614258
761,normal,3170,1,1782358394.8645103,0.0019614696502685547
762,normal,3522,0,1782358394.8665283,0.002017974853515625
763,normal,3437,0,1782358394.868598,0.002069711685180664
764,normal,1155,0,1782358394.8705053,0.0019073486328125
765,normal,188,0,1782358394.8726525,0.002147197723388672
766,normal,1984,0,1782358394.8745475,0.0018949508666992188
767,normal,2805,0,1782358394.8765452,0.001997709274291992
768,normal,2164,0,1782358394.8785503,0.0020051002502441406
769,normal,2878,0,1782358394.8805351,0.001984834671020508
770,normal,200,0,1782358394.8825507,0.0020155906677246094
771,normal,967,2,1782358394.884541,0.0019903182983398438
772,normal,743,0,1782358394.8865347,0.0019936561584472656
773,normal,729,0,1782358394.8885944,0.0020596981048583984
774,normal,1484,0,1782358394.890531,0.0019366741180419922
775,normal,464,0,1782358394.8925464,0.002015352249145508
776,normal,1351,1,1782358394.89454,0.0019936561584472656
777,normal,931,2,1782358394.8965309,0.001990795135498047
778,normal,1767,0,1782358394.8985398,0.0020089149475097656
779,normal,1866,0,1782358394.9005442,0.002004384994506836
780,normal,1223,0,1782358394.902525,0.0019807815551757812
781,normal,3353,1,1782358394.9047067,0.0021817684173583984
782,normal,1729,0,1782358394.9074306,0.0027239322662353516
783,normal,2709,0,1782358394.9085507,0.0011200904846191406
784,normal,3542,0,1782358394.910602,0.0020513534545898438
785,normal,2565,0,1782358394.9125223,0.0019202232360839844
786,normal,1200,0,1782358394.9145176,0.0019953250885009766
787,normal,2365,0,1782358394.916565,0.002047300338745117
788,normal,860,2,1782358394.9185169,0.0019519329071044922
789,normal,3543,0,1782358394.9205668,0.0020499229431152344
790,normal,1965,0,1782358394.922584,0.0020172595977783203
791,normal,3591,0,1782358394.924517,0.0019328594207763672
792,normal,502,0,1782358394.9265134,0.0019965171813964844
793,normal,1184,0,1782358394.9285176,0.0020041465759277344
794,normal,608,0,1782358394.930604,0.0020864009857177734
795,normal,3462,0,1782358394.932515,0.0019109249114990234
796,normal,1284,0,1782358394.9346037,0.002088785171508789
797,normal,1675,0,1782358394.936518,0.0019142627716064453
798,normal,927,2,1782358394.9385178,0.0019998550415039062
799,normal,1479,0,1782358394.940567,0.0020492076873779297
800,normal,639,0,1782358394.9425154,0.0019483566284179688
801,normal,2126,0,1782358394.9445171,0.0020017623901367188
802,normal,2779,0,1782358394.9466028,0.0020856857299804688
803,normal,2547,0,1782358394.9485168,0.0019140243530273438
804,normal,2915,0,1782358394.9505668,0.0020499229431152344
805,normal,789,2,1782358394.9525812,0.0020143985748291016
806,normal,56,0,1782358394.9545267,0.00194549560546875
807,normal,2599,0,1782358394.9565651,0.0020384788513183594
808,normal,2476,0,1782358394.9585667,0.002001523971557617
809,normal,2145,0,1782358394.9605167,0.0019500255584716797
810,normal,2756,0,1782358394.9625115,0.0019948482513427734
811,normal,2310,0,1782358394.964588,0.002076387405395508
812,normal,1741,0,1782358394.9665167,0.0019288063049316406
813,normal,1630,0,1782358394.9685125,0.0019958019256591797
814,normal,3086,1,1782358394.9705827,0.002070188522338867
815,normal,1387,0,1782358394.9725158,0.0019330978393554688
816,normal,334,0,1782358394.9745152,0.001999378204345703
817,normal,1283,0,1782358394.9765866,0.002071380615234375
818,normal,2382,0,1782358394.978515,0.0019283294677734375
819,normal,1246,0,1782358394.9805162,0.0020012855529785156
820,normal,704,0,1782358394.9825835,0.0020673274993896484
821,normal,2661,0,1782358394.9845202,0.0019366741180419922
822,normal,73,0,1782358394.9865127,0.001992464065551758
823,normal,3666,0,1782358394.9885476,0.002034902572631836
824,normal,1714,0,1782358394.9905198,0.001972198486328125
825,normal,1737,0,1782358394.992514,0.0019941329956054688
826,normal,337,0,1782358394.9945831,0.002069234848022461
827,normal,3471,0,1782358394.9965165,0.0019333362579345703
828,normal,1943,0,1782358394.9985132,0.001996755599975586
829,normal,280,0,1782358395.0005834,0.002070188522338867
830,normal,374,0,1782358395.002516,0.0019326210021972656
831,normal,3194,1,1782358395.004538,0.0020220279693603516
832,normal,3099,1,1782358395.0065901,0.0020520687103271484
833,normal,915,2,1782358395.0085156,0.0019254684448242188
834,normal,2953,0,1782358395.0105138,0.0019981861114501953
835,normal,3449,0,1782358395.0125866,0.0020728111267089844
836,normal,1463,0,1782358395.0145142,0.0019276142120361328
837,normal,1888,0,1782358395.0165105,0.001996278762817383
838,normal,3266,1,1782358395.0185695,0.0020589828491210938
839,normal,2749,0,1782358395.0205154,0.0019459724426269531
840,normal,1771,0,1782358395.02251,0.001994609832763672
841,normal,1671,0,1782358395.0245957,0.0020856857299804688
842,normal,647,0,1782358395.026516,0.0019202232360839844
843,normal,1529,0,1782358395.0285127,0.001996755599975586
844,normal,2513,0,1782358395.0305822,0.0020694732666015625
845,normal,572,0,1782358395.0325146,0.001932382583618164
846,normal,1337,1,1782358395.0345144,0.0019998550415039062
847,normal,1754,0,1782358395.0365684,0.002053976058959961
848,normal,573,0,1782358395.0385172,0.0019488334655761719
849,normal,2856,0,1782358395.040513,0.0019958019256591797
850,normal,3037,0,1782358395.042583,0.0020699501037597656
851,normal,2103,0,1782358395.044514,0.0019309520721435547
852,normal,1084,0,1782358395.0465124,0.001998424530029297
853,normal,2061,0,1782358395.0485823,0.0020699501037597656
854,normal,682,0,1782358395.0505157,0.0019333362579345703
855,normal,3329,1,1782358395.052513,0.001997232437133789
856,normal,1000,2,1782358395.0546153,0.002102375030517578
857,normal,1638,0,1782358395.056515,0.00189971923828125
858,normal,3176,1,1782358395.0585117,0.001996755599975586
859,normal,190,0,1782358395.0605857,0.002074003219604492
860,normal,1692,0,1782358395.062519,0.0019333362579345703
861,normal,1656,0,1782358395.0645132,0.0019941329956054688
862,normal,361,0,1782358395.0665812,0.002068042755126953
863,normal,1998,0,1782358395.0685139,0.0019326210021972656
864,normal,2642,0,1782358395.070514,0.002000093460083008
865,normal,3642,0,1782358395.0725849,0.002070903778076172
866,normal,112,0,1782358395.0745153,0.0019304752349853516
867,normal,1752,0,1782358395.0765119,0.0019965171813964844
868,normal,1327,1,1782358395.0785863,0.0020744800567626953
869,normal,589,0,1782358395.080513,0.0019266605377197266
870,normal,1783,0,1782358395.082512,0.0019989013671875
871,normal,3638,0,1782358395.0845687,0.0020568370819091797
872,normal,574,0,1782358395.0865147,0.0019459724426269531
873,normal,2711,0,1782358395.0885117,0.0019969940185546875
874,normal,3588,0,1782358395.0905812,0.0020694732666015625
875,normal,1290,0,1782358395.0925162,0.0019350051879882812
876,normal,2587,0,1782358395.0945103,0.0019941329956054688
877,normal,80,0,1782358395.0965698,0.002059459686279297
878,normal,1821,0,1782358395.0985417,0.0019719600677490234
879,normal,1721,0,1782358395.100516,0.001974344253540039
880,normal,2192,0,1782358395.1025836,0.00206756591796875
881,normal,215,0,1782358395.104517,0.0019333362579345703
882,normal,2854,0,1782358395.1065109,0.001993894577026367
883,normal,1474,0,1782358395.1085846,0.0020737648010253906
884,normal,862,2,1782358395.1105146,0.0019299983978271484
885,normal,974,2,1782358395.1125174,0.002002716064453125
886,normal,1470,0,1782358395.1145804,0.0020630359649658203
887,normal,2,0,1782358395.1165168,0.0019364356994628906
888,normal,291,0,1782358395.11851,0.0019931793212890625
889,normal,1762,0,1782358395.1205835,0.002073526382446289
890,normal,1053,0,1782358395.122514,0.0019304752349853516
891,normal,3239,1,1782358395.1245117,0.001997709274291992
892,normal,303,0,1782358395.126581,0.002069234848022461
893,normal,1131,0,1782358395.1285183,0.0019373893737792969
894,normal,1421,0,1782358395.1305132,0.0019948482513427734
895,normal,3207,1,1782358395.1325827,0.0020694732666015625
896,normal,1190,0,1782358395.1345193,0.0019366741180419922
897,normal,2353,0,1782358395.1365168,0.0019974708557128906
898,normal,732,0,1782358395.1385818,0.002064943313598633
899,normal,2295,0,1782358395.140516,0.0019342899322509766
900,normal,3427,0,1782358395.1425111,0.001995086669921875
901,normal,926,2,1782358395.1445844,0.0020732879638671875
902,normal,691,0,1782358395.1465137,0.0019292831420898438
903,normal,3652,0,1782358395.1485097,0.0019960403442382812
904,normal,1746,0,1782358395.1505804,0.0020706653594970703
905,normal,1229,0,1782358395.1525137,0.0019333362579345703
906,normal,843,2,1782358395.154514,0.0020003318786621094
907,normal,896,2,1782358395.15657,0.0020558834075927734
908,normal,994,2,1782358395.1585145,0.0019445419311523438
909,normal,566,0,1782358395.1605136,0.0019991397857666016
910,normal,1531,0,1782358395.1625676,0.002053976058959961
911,normal,949,2,1782358395.1645136,0.0019459724426269531
912,normal,77,0,1782358395.16651,0.0019965171813964844
913,normal,2926,0,1782358395.1685658,0.002055644989013672
914,normal,2525,0,1782358395.170518,0.0019521713256835938
915,normal,189,0,1782358395.1725118,0.001993894577026367
916,normal,2486,0,1782358395.1745665,0.0020546913146972656
917,normal,1892,0,1782358395.1765175,0.001950979232788086
918,normal,1709,0,1782358395.178513,0.001995563507080078
919,normal,2258,0,1782358395.1806126,0.0020995140075683594
920,normal,1306,0,1782358395.1825175,0.0019049644470214844
921,normal,2207,0,1782358395.1845582,0.0020406246185302734
922,normal,1473,0,1782358395.1865678,0.0020096302032470703
923,normal,501,0,1782358395.1885128,0.0019450187683105469
924,normal,2521,0,1782358395.1905115,0.0019986629486083984
925,normal,1478,0,1782358395.192581,0.0020694732666015625
926,normal,78,0,1782358395.194515,0.001934051513671875
927,normal,726,0,1782358395.1965108,0.0019958019256591797
928,normal,1116,0,1782358395.1985812,0.0020704269409179688
929,normal,37,0,1782358395.2005143,0.0019330978393554688
930,normal,1217,0,1782358395.2025146,0.0020003318786621094
931,normal,1093,0,1782358395.2045693,0.0020546913146972656
932,normal,3558,0,1782358395.2065148,0.00194549560546875
933,normal,1178,0,1782358395.2085104,0.001995563507080078
934,normal,2821,0,1782358395.210568,0.0020575523376464844
935,normal,2203,0,1782358395.2125137,0.0019457340240478516
936,normal,1342,1,1782358395.2145114,0.001997709274291992
937,normal,3107,1,1782358395.2165673,0.0020558834075927734
938,normal,2265,0,1782358395.2185166,0.001949310302734375
939,normal,72,0,1782358395.220514,0.0019974708557128906
940,normal,1573,0,1782358395.222567,0.0020530223846435547
941,normal,2586,0,1782358395.224513,0.0019459724426269531
942,normal,1749,0,1782358395.226511,0.0019979476928710938
943,normal,1199,0,1782358395.2285666,0.002055644989013672
944,normal,1849,0,1782358395.2305129,0.0019462108612060547
945,normal,3650,0,1782358395.2325113,0.001998424530029297
946,normal,576,0,1782358395.2345839,0.002072572708129883
947,normal,3497,0,1782358395.2365134,0.0019295215606689453
948,normal,2750,0,1782358395.2385166,0.002003192901611328
949,normal,3299,1,1782358395.240647,0.0021305084228515625
950,normal,980,2,1782358395.2425194,0.0018723011016845703
951,normal,1047,0,1782358395.2445142,0.0019948482513427734
952,normal,1929,0,1782358395.2465227,0.0020084381103515625
953,normal,712,0,1782358395.2485182,0.001995563507080078
954,normal,2165,0,1782358395.2505133,0.001995086669921875
955,normal,2023,0,1782358395.2525861,0.0020728111267089844
956,normal,3662,0,1782358395.2545152,0.0019290447235107422
957,normal,3442,0,1782358395.2565129,0.001997709274291992
958,normal,829,2,1782358395.2585871,0.0020742416381835938
959,normal,904,2,1782358395.2605157,0.001928567886352539
960,normal,408,0,1782358395.2625186,0.0020029544830322266
961,normal,615,0,1782358395.2645679,0.0020492076873779297
962,normal,1796,0,1782358395.266514,0.0019462108612060547
963,normal,68,0,1782358395.2685115,0.0019974708557128906
964,normal,1033,0,1782358395.2705657,0.0020542144775390625
965,normal,3703,0,1782358395.2725127,0.0019469261169433594
966,normal,3467,0,1782358395.27451,0.001997232437133789
967,normal,1295,0,1782358395.2765665,0.002056598663330078
968,normal,1870,0,1782358395.2785132,0.0019466876983642578
969,normal,2294,0,1782358395.2805126,0.001999378204345703
970,normal,753,0,1782358395.282567,0.002054452896118164
971,normal,3065,1,1782358395.284516,0.0019490718841552734
972,normal,477,0,1782358395.286516,0.0019998550415039062
973,normal,561,0,1782358395.288596,0.0020799636840820312
974,normal,1366,1,1782358395.2905145,0.0019185543060302734
975,normal,2638,0,1782358395.2925127,0.0019981861114501953
976,normal,762,0,1782358395.294569,0.0020563602447509766
977,normal,1341,1,1782358395.2965171,0.0019481182098388672
978,normal,3426,0,1782358395.298513,0.0019958019256591797
979,normal,2477,0,1782358395.300631,0.0021181106567382812
980,normal,1170,0,1782358395.3025172,0.001886129379272461
981,normal,3222,1,1782358395.304509,0.001991748809814453
982,normal,2739,0,1782358395.3065846,0.002075672149658203
983,normal,1137,0,1782358395.3085139,0.0019292831420898438
984,normal,2241,0,1782358395.3105142,0.0020003318786621094
985,normal,1482,0,1782358395.3125808,0.0020666122436523438
986,normal,2182,0,1782358395.314513,0.0019321441650390625
987,normal,1820,0,1782358395.3165114,0.001998424530029297
988,normal,983,2,1782358395.318585,0.002073526382446289
989,normal,1836,0,1782358395.3205123,0.0019273757934570312
990,normal,3090,1,1782358395.32251,0.001997709274291992
991,normal,2311,0,1782358395.3245685,0.0020585060119628906
992,normal,1194,0,1782358395.3265128,0.0019443035125732422
993,normal,701,0,1782358395.3285153,0.0020024776458740234
994,normal,1466,0,1782358395.3305678,0.0020525455474853516
995,normal,476,0,1782358395.3325148,0.0019469261169433594
996,normal,2305,0,1782358395.3345096,0.0019948482513427734
997,normal,2985,0,1782358395.3366024,0.0020928382873535156
998,normal,1931,0,1782358395.338512,0.001909494400024414
999,normal,1508,0,1782358395.3405163,0.002004384994506836
1000,normal,1584,0,1782358395.3425684,0.0020520687103271484
1001,normal,2833,0,1782358395.344514,0.00194549560546875
1002,normal,2799,0,1782358395.3465102,0.001996278762817383
1003,normal,1101,0,1782358395.348786,0.0022759437561035156
1004,normal,2773,0,1782358395.3506327,0.0018465518951416016
1005,normal,2740,0,1782358395.3525376,0.0019049644470214844
1006,normal,2268,0,1782358395.354566,0.0020284652709960938
1007,normal,1794,0,1782358395.3565185,0.0019524097442626953
1008,normal,3161,1,1782358395.358516,0.0019974708557128906
1009,normal,195,0,1782358395.3605697,0.0020537376403808594
1010,normal,1941,0,1782358395.3625188,0.0019490718841552734
1011,normal,2159,0,1782358395.3645146,0.0019958019256591797
1012,normal,1932,0,1782358395.3665686,0.002053976058959961
1013,normal,384,0,1782358395.3685179,0.001949310302734375
1014,normal,3030,0,1782358395.3705142,0.001996278762817383
1015,normal,1552,0,1782358395.3725646,0.0020503997802734375
1016,normal,3480,0,1782358395.3745153,0.0019507408142089844
1017,normal,3204,1,1782358395.3765142,0.0019989013671875
1018,normal,1650,0,1782358395.3785625,0.0020482540130615234
1019,normal,997,2,1782358395.3805141,0.0019516944885253906
1020,normal,3575,0,1782358395.3825116,0.0019974708557128906
1021,normal,3375,1,1782358395.3845654,0.0020537376403808594
1022,normal,2531,0,1782358395.386517,0.0019516944885253906
1023,normal,950,2,1782358395.388512,0.0019948482513427734
1024,normal,2399,0,1782358395.3905678,0.0020558834075927734
1025,normal,3615,0,1782358395.3925178,0.0019500255584716797
1026,normal,387,0,1782358395.3945136,0.0019958019256591797
1027,normal,41,0,1782358395.3965623,0.0020487308502197266
1028,normal,2954,0,1782358395.3985114,0.0019490718841552734
1029,normal,3336,1,1782358395.4005127,0.0020012855529785156
1030,normal,2780,0,1782358395.4025626,0.0020499229431152344
1031,normal,657,0,1782358395.404515,0.0019524097442626953
1032,normal,142,0,1782358395.4065125,0.0019974708557128906
1033,normal,939,2,1782358395.4085653,0.002052783966064453
1034,normal,490,0,1782358395.4105177,0.0019524097442626953
1035,normal,2657,0,1782358395.4125135,0.0019958019256591797
1036,normal,2463,0,1782358395.414565,0.0020515918731689453
1037,normal,2861,0,1782358395.4165165,0.001951456069946289
1038,normal,623,0,1782358395.418512,0.001995563507080078
1039,normal,336,0,1782358395.4205656,0.002053499221801758
1040,normal,1766,0,1782358395.4225125,0.0019469261169433594
1041,normal,968,2,1782358395.424512,0.001999378204345703
1042,normal,2089,0,1782358395.426595,0.0020830631256103516
1043,normal,665,0,1782358395.428552,0.001956939697265625
1044,normal,173,0,1782358395.4305103,0.0019583702087402344
1045,normal,2989,0,1782358395.4325624,0.0020520687103271484
1046,normal,1959,0,1782358395.4345171,0.001954793930053711
1047,normal,221,0,1782358395.4365134,0.001996278762817383
1048,normal,2929,0,1782358395.4385638,0.0020503997802734375
1049,normal,3350,1,1782358395.4405162,0.0019524097442626953
1050,normal,1430,0,1782358395.4425118,0.001995563507080078
1051,normal,2162,0,1782358395.444558,0.0020461082458496094
1052,normal,2917,0,1782358395.4465115,0.001953601837158203
1053,normal,1302,0,1782358395.4485097,0.0019981861114501953
1054,normal,3035,0,1782358395.4505587,0.002048969268798828
1055,normal,1433,0,1782358395.452554,0.0019953250885009766
1056,normal,1477,0,1782358395.4545107,0.0019567012786865234
1057,normal,2574,0,1782358395.456588,0.002077341079711914
1058,normal,3468,0,1782358395.458514,0.0019259452819824219
1059,normal,2877,0,1782358395.460515,0.002001047134399414
1060,normal,1572,0,1782358395.4625905,0.0020754337310791016
1061,normal,839,2,1782358395.464518,0.0019276142120361328
1062,normal,763,0,1782358395.4665108,0.0019927024841308594
1063,normal,34,0,1782358395.4685638,0.0020530223846435547
1064,normal,1045,0,1782358395.4705124,0.0019485950469970703
1065,normal,2181,0,1782358395.4725118,0.001999378204345703
1066,normal,3146,1,1782358395.4745605,0.0020487308502197266
1067,normal,2889,0,1782358395.4765172,0.0019567012786865234
1068,normal,3678,0,1782358395.4785533,0.0020360946655273438
1069,normal,1291,0,1782358395.4805694,0.0020160675048828125
1070,normal,1,0,1782358395.4825277,0.0019583702087402344
1071,normal,527,0,1782358395.484513,0.001985311508178711
1072,normal,1907,0,1782358395.4865608,0.0020477771759033203
1073,normal,790,2,1782358395.4885175,0.0019567012786865234
1074,normal,1049,0,1782358395.490512,0.0019943714141845703
1075,normal,1571,0,1782358395.4925666,0.0020546913146972656
1076,normal,2430,0,1782358395.494515,0.0019483566284179688
1077,normal,2980,0,1782358395.496512,0.0019969940185546875
1078,normal,1237,0,1782358395.498561,0.002048969268798828
1079,normal,754,0,1782358395.5005152,0.001954317092895508
1080,normal,1940,0,1782358395.5025134,0.0019981861114501953
1081,normal,3461,0,1782358395.504586,0.002072572708129883
1082,normal,833,2,1782358395.5075688,0.0029828548431396484
1083,normal,2706,0,1782358395.5085223,0.0009534358978271484
1084,normal,1954,0,1782358395.5105662,0.0020439624786376953
1085,normal,749,0,1782358395.5125163,0.0019500255584716797
1086,normal,933,2,1782358395.5145128,0.0019965171813964844
1087,normal,3535,0,1782358395.5165603,0.0020475387573242188
1088,normal,1313,0,1782358395.518519,0.001958608627319336
1089,normal,242,0,1782358395.5205133,0.0019943714141845703
1090,normal,3354,1,1782358395.5225625,0.0020492076873779297
1091,normal,178,0,1782358395.5245118,0.001949310302734375
1092,normal,1258,0,1782358395.526565,0.0020532608032226562
1093,normal,2571,0,1782358395.5285661,0.002001047134399414
1094,normal,1106,0,1782358395.5305173,0.0019512176513671875
1095,normal,3577,0,1782358395.5325122,0.0019948482513427734
1096,normal,540,0,1782358395.5346103,0.00209808349609375
1097,normal,1408,0,1782358395.5365171,0.0019068717956542969
1098,normal,775,2,1782358395.5385134,0.001996278762817383
1099,normal,180,0,1782358395.5405643,0.0020508766174316406
1100,normal,1819,0,1782358395.542516,0.0019516944885253906
1101,normal,2364,0,1782358395.5445366,0.002020597457885742
1102,normal,1186,0,1782358395.546569,0.0020325183868408203
1103,normal,621,0,1782358395.548513,0.001943826675415039
1104,normal,1886,0,1782358395.550563,0.002050161361694336
1105,normal,1618,0,1782358395.5525658,0.002002716064453125
1106,normal,2475,0,1782358395.554515,0.0019490718841552734
1107,normal,1141,0,1782358395.5565104,0.001995563507080078
1108,normal,1048,0,1782358395.5585592,0.0020487308502197266
1109,normal,3174,1,1782358395.5605407,0.001981496810913086
1110,normal,479,0,1782358395.562515,0.001974344253540039
1111,normal,3111,1,1782358395.5645618,0.002046823501586914
1112,normal,2650,0,1782358395.5665138,0.0019519329071044922
1113,normal,1126,0,1782358395.5685146,0.0020008087158203125
1114,normal,1837,0,1782358395.5705645,0.0020499229431152344
1115,normal,2635,0,1782358395.5725117,0.001947164535522461
1116,normal,1242,0,1782358395.5745106,0.0019989013671875
1117,normal,1154,0,1782358395.5765622,0.0020515918731689453
1118,normal,295,0,1782358395.5785131,0.001950979232788086
1119,normal,126,0,1782358395.580511,0.0019979476928710938
1120,normal,3309,1,1782358395.5825896,0.002078533172607422
1121,normal,865,2,1782358395.5845163,0.0019266605377197266
1122,normal,3048,1,1782358395.5865123,0.0019960403442382812
1123,normal,3127,1,1782358395.5885675,0.0020551681518554688
1124,normal,1505,0,1782358395.5905135,0.0019459724426269531
1125,normal,3169,1,1782358395.5925128,0.001999378204345703
1126,normal,2251,0,1782358395.5945623,0.0020494461059570312
1127,normal,1343,1,1782358395.5965152,0.0019528865814208984
1128,normal,3393,1,1782358395.5985143,0.0019991397857666016
1129,normal,3286,1,1782358395.600561,0.0020465850830078125
1130,normal,413,0,1782358395.6025116,0.0019507408142089844
1131,normal,441,0,1782358395.6045122,0.002000570297241211
1132,normal,145,0,1782358395.6065614,0.0020492076873779297
1133,normal,1775,0,1782358395.608518,0.001956462860107422
1134,normal,400,0,1782358395.610513,0.001995086669921875
1135,normal,1354,1,1782358395.6125607,0.0020477771759033203
1136,normal,1221,0,1782358395.6145127,0.0019519329071044922
1137,normal,580,0,1782358395.6165159,0.002003192901611328
1138,normal,25,0,1782358395.6185598,0.0020439624786376953
1139,normal,932,2,1782358395.6205122,0.0019524097442626953
1140,normal,2590,0,1782358395.6225123,0.002000093460083008
1141,normal,2063,0,1782358395.6245658,0.002053499221801758
1142,normal,1532,0,1782358395.626515,0.0019490718841552734
1143,normal,2293,0,1782358395.628513,0.0019981861114501953
1144,normal,3024,0,1782358395.6306074,0.002094268798828125
1145,normal,1140,0,1782358395.6325157,0.0019083023071289062
1146,normal,1384,0,1782358395.6345153,0.0019996166229248047
1147,normal,3407,0,1782358395.636561,0.0020456314086914062
1148,normal,297,0,1782358395.638513,0.0019521713256835938
1149,normal,2166,0,1782358395.6405113,0.0019981861114501953
1150,normal,1579,0,1782358395.6425629,0.0020515918731689453
1151,normal,1564,0,1782358395.6445127,0.0019497871398925781
1152,normal,724,0,1782358395.6465168,0.0020041465759277344
1153,normal,2274,0,1782358395.6485698,0.0020530223846435547
1154,normal,1232,0,1782358395.6505156,0.0019457340240478516
1155,normal,2190,0,1782358395.6525295,0.0020139217376708984
1156,normal,2413,0,1782358395.6545606,0.002031087875366211
1157,normal,1324,1,1782358395.656533,0.0019724369049072266
1158,normal,2313,0,1782358395.6585162,0.001983165740966797
1159,normal,2741,0,1782358395.660561,0.0020449161529541016
1160,normal,3133,1,1782358395.6625118,0.0019507408142089844
1161,normal,569,0,1782358395.6645453,0.0020334720611572266
1162,normal,407,0,1782358395.6665661,0.0020208358764648438
1163,normal,1208,0,1782358395.668514,0.0019478797912597656
1164,normal,3628,0,1782358395.67052,0.002006053924560547
1165,normal,3516,0,1782358395.6725879,0.0020678043365478516
1166,normal,3203,1,1782358395.6745143,0.001926422119140625
1167,normal,700,0,1782358395.6765625,0.0020482540130615234
1168,normal,2632,0,1782358395.678565,0.0020024776458740234
1169,normal,2090,0,1782358395.6805134,0.0019483566284179688
1170,normal,170,0,1782358395.6825504,0.00203704833984375
1171,normal,2389,0,1782358395.6846302,0.0020797252655029297
1172,normal,1997,0,1782358395.686524,0.001893758773803711
1173,normal,3419,0,1782358395.6885123,0.0019884109497070312
1174,normal,976,2,1782358395.690568,0.002055644989013672
1175,normal,945,2,1782358395.6925156,0.001947641372680664
1176,normal,2243,0,1782358395.694513,0.0019974708557128906
1177,normal,3701,0,1782358395.6965437,0.002030611038208008
1178,normal,3670,0,1782358395.6985357,0.0019919872283935547
1179,normal,1679,0,1782358395.700531,0.0019953250885009766
1180,normal,854,2,1782358395.7025974,0.002066373825073242
1181,normal,2964,0,1782358395.7045152,0.0019178390502929688
1182,normal,1627,0,1782358395.7065132,0.0019979476928710938
1183,normal,2977,0,1782358395.708565,0.002051830291748047
1184,normal,1434,0,1782358395.7105155,0.0019505023956298828
1185,normal,119,0,1782358395.7125146,0.0019991397857666016
1186,normal,249,0,1782358395.7145665,0.002051830291748047
1187,normal,292,0,1782358395.716518,0.001951456069946289
1188,normal,2336,0,1782358395.7185123,0.0019943714141845703
1189,normal,1592,0,1782358395.720562,0.002049684524536133
1190,normal,2644,0,1782358395.722514,0.0019519329071044922
1191,normal,1446,0,1782358395.724514,0.002000093460083008
1192,normal,2850,0,1782358395.7265642,0.002050161361694336
1193,normal,944,2,1782358395.7285142,0.0019500255584716797
1194,normal,1644,0,1782358395.7305112,0.0019969940185546875
1195,normal,243,0,1782358395.7325904,0.0020792484283447266
1196,normal,491,0,1782358395.7345142,0.0019237995147705078
1197,normal,2047,0,1782358395.7365327,0.002018451690673828
1198,normal,1895,0,1782358395.7385662,0.0020334720611572266
1199,normal,2330,0,1782358395.7405353,0.0019690990447998047
1200,normal,1926,0,1782358395.7425113,0.00197601318359375
1201,normal,1530,0,1782358395.7445579,0.0020465850830078125
1202,normal,3680,0,1782358395.746513,0.0019550323486328125
1203,normal,3223,1,1782358395.7485104,0.0019974708557128906
1204,normal,1087,0,1782358395.750565,0.0020546913146972656
1205,normal,1555,0,1782358395.7525177,0.0019526481628417969
1206,normal,3494,0,1782358395.7545145,0.001996755599975586
1207,normal,3581,0,1782358395.756607,0.002092599868774414
1208,normal,3102,1,1782358395.7585208,0.0019137859344482422
1209,normal,1724,0,1782358395.7605133,0.001992464065551758
1210,normal,3230,1,1782358395.7625613,0.002048015594482422
1211,normal,1875,0,1782358395.7649045,0.0023431777954101562
1212,normal,971,2,1782358395.7665925,0.0016880035400390625
1213,normal,3151,1,1782358395.7688322,0.002239704132080078
1214,normal,652,0,1782358395.7705817,0.0017495155334472656
1215,normal,1148,0,1782358395.7725124,0.0019307136535644531
1216,normal,3530,0,1782358395.7745419,0.0020294189453125
1217,normal,3243,1,1782358395.7765467,0.002004861831665039
1218,normal,793,2,1782358395.778504,0.0019571781158447266
1219,normal,1901,0,1782358395.7805266,0.0020227432250976562
1220,normal,2859,0,1782358395.7825496,0.002022981643676758
1221,normal,1641,0,1782358395.7845895,0.0020399093627929688
1222,normal,1363,1,1782358395.7865577,0.0019681453704833984
1223,normal,1088,0,1782358395.7885048,0.001947164535522461
1224,normal,2900,0,1782358395.7905278,0.002022981643676758
1225,normal,3039,0,1782358395.7925282,0.0020003318786621094
1226,normal,1147,0,1782358395.7945442,0.0020160675048828125
1227,normal,1287,0,1782358395.7965305,0.001986265182495117
1228,normal,868,2,1782358395.7985306,0.002000093460083008
1229,normal,2439,0,1782358395.800614,0.0020835399627685547
1230,normal,1890,0,1782358395.802508,0.0018939971923828125
1231,normal,495,0,1782358395.804549,0.002040863037109375
1232,normal,1928,0,1782358395.8065078,0.0019588470458984375
1233,normal,199,0,1782358395.8085372,0.0020294189453125
1234,normal,3486,0,1782358395.8105445,0.0020072460174560547
1235,normal,411,0,1782358395.8125064,0.001961946487426758
1236,normal,935,2,1782358395.8145535,0.0020470619201660156
1237,normal,1664,0,1782358395.8165472,0.0019936561584472656
1238,normal,663,0,1782358395.8186245,0.002077341079711914
1239,normal,3246,1,1782358395.820556,0.0019314289093017578
1240,normal,1898,0,1782358395.8225667,0.002010822296142578
1241,normal,268,0,1782358395.824516,0.001949310302734375
1242,normal,1983,0,1782358395.8265326,0.0020165443420410156
1243,normal,19,0,1782358395.8285372,0.0020046234130859375
1244,normal,1663,0,1782358395.8305595,0.002022266387939453
1245,normal,3695,0,1782358395.8325498,0.0019903182983398438
1246,normal,1028,2,1782358395.834598,0.0020482540130615234
1247,normal,643,0,1782358395.8365643,0.001966238021850586
1248,normal,1224,0,1782358395.8385391,0.001974821090698242
1249,normal,2703,0,1782358395.840565,0.0020258426666259766
1250,normal,2509,0,1782358395.8425212,0.0019562244415283203
1251,normal,2806,0,1782358395.8445356,0.0020143985748291016
1252,normal,3655,0,1782358395.8465502,0.002014636993408203
1253,normal,2351,0,1782358395.8485143,0.001964092254638672
1254,normal,3377,1,1782358395.850533,0.0020186901092529297
1255,normal,2995,0,1782358395.8526337,0.002100706100463867
1256,normal,2695,0,1782358395.8545375,0.0019037723541259766
1257,normal,2855,0,1782358395.8566217,0.0020842552185058594
1258,normal,2036,0,1782358395.8585937,0.0019719600677490234
1259,normal,3637,0,1782358395.8605647,0.001971006393432617
1260,normal,415,0,1782358395.8625913,0.0020265579223632812
1261,normal,175,0,1782358395.8645902,0.0019989013671875
1262,normal,2105,0,1782358395.8665493,0.001959085464477539
1263,normal,3295,1,1782358395.8686018,0.0020525455474853516
1264,normal,2163,0,1782358395.870595,0.0019931793212890625
1265,normal,3707,0,1782358395.8725379,0.0019428730010986328
1266,normal,1967,0,1782358395.8745844,0.0020465850830078125
1267,normal,3134,1,1782358395.876538,0.001953601837158203
1268,normal,783,2,1782358395.8785584,0.0020203590393066406
1269,normal,2039,0,1782358395.880509,0.0019505023956298828
1270,normal,1855,0,1782358395.8825333,0.002024412155151367
1271,normal,1461,0,1782358395.8845847,0.0020513534545898438
1272,normal,1015,2,1782358395.886509,0.001924276351928711
1273,normal,3397,1,1782358395.8885305,0.0020215511322021484
1274,normal,1594,0,1782358395.8905497,0.002019166946411133
1275,normal,1059,0,1782358395.8925338,0.001984119415283203
1276,normal,3042,0,1782358395.8945422,0.0020084381103515625
1277,normal,3392,1,1782358395.8965526,0.002010345458984375
1278,normal,958,2,1782358395.8985286,0.00197601318359375
1279,normal,1705,0,1782358395.9005327,0.0020041465759277344
1280,normal,2592,0,1782358395.9025173,0.0019845962524414062
1281,normal,113,0,1782358395.9045234,0.002006053924560547
1282,normal,1913,0,1782358395.90653,0.00200653076171875
1283,normal,294,0,1782358395.9085076,0.001977682113647461
1284,normal,1889,0,1782358395.9105234,0.002015829086303711
1285,normal,1153,0,1782358395.912544,0.002020597457885742
1286,normal,1634,0,1782358395.9145303,0.001986265182495117
1287,normal,2901,0,1782358395.9165485,0.0020182132720947266
1288,normal,2581,0,1782358395.9185874,0.0020389556884765625
1289,normal,2188,0,1782358395.9205327,0.0019452571868896484
1290,normal,233,0,1782358395.9225495,0.002016782760620117
1291,normal,2627,0,1782358395.9245827,0.002033233642578125
1292,normal,2144,0,1782358395.9265301,0.0019474029541015625
1293,normal,3347,1,1782358395.928553,0.002022981643676758
1294,normal,3087,1,1782358395.930533,0.001979827880859375
1295,normal,266,0,1782358395.9325294,0.0019965171813964844
1296,normal,1635,0,1782358395.934549,0.002019643783569336
1297,normal,3379,1,1782358395.9365852,0.0020360946655273438
1298,normal,2466,0,1782358395.9385278,0.0019426345825195312
1299,normal,622,0,1782358395.9405618,0.0020339488983154297
1300,normal,2381,0,1782358395.9425874,0.002025604248046875
1301,normal,2101,0,1782358395.9445324,0.0019450187683105469
1302,normal,213,0,1782358395.9465528,0.0020203590393066406
1303,normal,2409,0,1782358395.9485343,0.001981496810913086
1304,normal,1563,0,1782358395.950519,0.001984834671020508
1305,normal,2249,0,1782358395.9525645,0.0020453929901123047
1306,normal,3585,0,1782358395.9545887,0.0020241737365722656
1307,normal,3182,1,1782358395.9565241,0.0019354820251464844
1308,normal,1840,0,1782358395.9585402,0.0020160675048828125
1309,normal,2950,0,1782358395.9605427,0.0020024776458740234
1310,normal,1081,0,1782358395.9625082,0.0019655227661132812
1311,normal,716,0,1782358395.9645379,0.0020296573638916016
1312,normal,217,0,1782358395.9665275,0.001989603042602539
1313,normal,3104,1,1782358395.9685607,0.002033233642578125
1314,normal,703,0,1782358395.970502,0.0019412040710449219
1315,normal,818,2,1782358395.972537,0.0020351409912109375
1316,normal,1810,0,1782358395.9745083,0.0019712448120117188
1317,normal,3517,0,1782358395.9765282,0.0020198822021484375
1318,normal,3498,0,1782358395.9785423,0.00201416015625
1319,normal,989,2,1782358395.9805093,0.0019669532775878906
1320,normal,2124,0,1782358395.9825253,0.0020160675048828125
1321,normal,508,0,1782358395.9845426,0.0020172595977783203
1322,normal,314,0,1782358395.986509,0.0019664764404296875
1323,normal,1305,0,1782358395.9885292,0.002020120620727539
1324,normal,766,0,1782358395.9905496,0.0020203590393066406
1325,normal,1744,0,1782358395.9925108,0.001961231231689453
1326,normal,555,0,1782358395.9945254,0.002014636993408203
1327,normal,1906,0,1782358395.9965396,0.00201416015625
1328,normal,2464,0,1782358395.9985118,0.001972198486328125
1329,normal,2495,0,1782358396.0005274,0.0020155906677246094
1330,normal,2345,0,1782358396.0025399,0.002012491226196289
1331,normal,2053,0,1782358396.0045075,0.0019676685333251953
1332,normal,108,0,1782358396.0065281,0.002020597457885742
1333,normal,1980,0,1782358396.0085394,0.0020112991333007812
1334,normal,3232,1,1782358396.0105307,0.00199127197265625
1335,normal,3125,1,1782358396.0125291,0.001998424530029297
1336,normal,2034,0,1782358396.0145404,0.0020112991333007812
1337,normal,2673,0,1782358396.0165098,0.0019693374633789062
1338,normal,3460,0,1782358396.0185268,0.0020170211791992188
1339,normal,414,0,1782358396.0205393,0.002012491226196289
1340,normal,1003,2,1782358396.0225084,0.0019690990447998047
1341,normal,1438,0,1782358396.0245264,0.002017974853515625
1342,normal,2724,0,1782358396.02654,0.002013683319091797
1343,normal,3061,1,1782358396.0285082,0.0019681453704833984
1344,normal,2003,0,1782358396.0305295,0.002021312713623047
1345,normal,420,0,1782358396.0325413,0.0020117759704589844
1346,normal,875,2,1782358396.0345087,0.0019674301147460938
1347,normal,3526,0,1782358396.0365267,0.002017974853515625
1348,normal,1381,1,1782358396.0385404,0.002013683319091797
1349,normal,457,0,1782358396.040512,0.001971721649169922
1350,normal,3153,1,1782358396.0425253,0.0020132064819335938
1351,normal,3612,0,1782358396.0445514,0.002026081085205078
1352,normal,1621,0,1782358396.0465057,0.001954317092895508
1353,normal,2027,0,1782358396.0485225,0.002016782760620117
1354,normal,1197,0,1782358396.0505385,0.0020160675048828125
1355,normal,1249,0,1782358396.0525062,0.0019676685333251953
1356,normal,3382,1,1782358396.0545225,0.002016305923461914
1357,normal,2922,0,1782358396.0565445,0.0020220279693603516
1358,normal,3667,0,1782358396.059538,0.002993345260620117
1359,normal,1987,0,1782358396.0604787,0.0009407997131347656
1360,normal,3139,1,1782358396.0625813,0.0021026134490966797
1361,normal,1933,0,1782358396.0645502,0.001968860626220703
1362,normal,346,0,1782358396.0665324,0.0019822120666503906
1363,normal,2043,0,1782358396.0685394,0.002007007598876953
1364,normal,1495,0,1782358396.0705373,0.0019979476928710938
1365,normal,2373,0,1782358396.0725133,0.00197601318359375
1366,normal,2892,0,1782358396.0745373,0.002023935317993164
1367,normal,1578,0,1782358396.0765378,0.002000570297241211
1368,normal,2428,0,1782358396.0785155,0.001977682113647461
1369,normal,2169,0,1782358396.0805426,0.0020270347595214844
1370,normal,1273,0,1782358396.0825398,0.001997232437133789
1371,normal,2818,0,1782358396.0845103,0.001970529556274414
1372,normal,3059,1,1782358396.086549,0.002038717269897461
1373,normal,2580,0,1782358396.0885386,0.001989603042602539
1374,normal,3168,1,1782358396.0905106,0.0019719600677490234
1375,normal,3167,1,1782358396.0925393,0.0020287036895751953
1376,normal,3126,1,1782358396.0945365,0.001997232437133789
1377,normal,1303,0,1782358396.0965135,0.0019769668579101562
1378,normal,2800,0,1782358396.0985396,0.002026081085205078
1379,normal,2553,0,1782358396.100539,0.001999378204345703
1380,normal,736,0,1782358396.1025476,0.002008676528930664
1381,normal,991,2,1782358396.104547,0.001999378204345703
1382,normal,1667,0,1782358396.1077518,0.003204822540283203
1383,normal,755,0,1782358396.108541,0.0007891654968261719
1384,normal,2084,0,1782358396.1105704,0.0020294189453125
1385,normal,154,0,1782358396.1125464,0.00197601318359375
1386,normal,921,2,1782358396.1145432,0.001996755599975586
1387,normal,1534,0,1782358396.1165507,0.0020074844360351562
1388,normal,8,0,1782358396.1185434,0.0019927024841308594
1389,normal,3095,1,1782358396.1205406,0.001997232437133789
1390,normal,794,2,1782358396.122535,0.0019943714141845703
1391,normal,686,0,1782358396.124549,0.0020139217376708984
1392,normal,2388,0,1782358396.1265073,0.0019583702087402344
1393,normal,1841,0,1782358396.1285925,0.0020852088928222656
1394,normal,1655,0,1782358396.1305032,0.0019106864929199219
1395,normal,3258,1,1782358396.1325383,0.0020351409912109375
1396,normal,3587,0,1782358396.1345434,0.0020051002502441406
1397,normal,1002,2,1782358396.13654,0.0019965171813964844
1398,normal,2670,0,1782358396.1385388,0.0019989013671875
1399,normal,3025,0,1782358396.140531,0.0019922256469726562
1400,normal,63,0,1782358396.1425402,0.002009153366088867
1401,normal,2189,0,1782358396.1445363,0.0019960403442382812
1402,normal,174,0,1782358396.1465497,0.0020134449005126953
1403,normal,3540,0,1782358396.1485379,0.0019881725311279297
1404,normal,2244,0,1782358396.150537,0.0019991397857666016
1405,normal,2419,0,1782358396.1525316,0.001994609832763672
1406,normal,735,0,1782358396.1545417,0.0020101070404052734
1407,normal,3685,0,1782358396.1565385,0.001996755599975586
1408,normal,2578,0,1782358396.1586413,0.0021028518676757812
1409,normal,461,0,1782358396.1605248,0.0018835067749023438
1410,normal,1222,0,1782358396.1625845,0.0020596981048583984
1411,normal,3602,0,1782358396.164557,0.0019724369049072266
1412,normal,1077,0,1782358396.1665196,0.0019626617431640625
1413,normal,3294,1,1782358396.1685572,0.002037525177001953
1414,normal,306,0,1782358396.170555,0.0019979476928710938
1415,normal,3314,1,1782358396.1725519,0.001996755599975586
1416,normal,2432,0,1782358396.1745963,0.0020444393157958984
1417,normal,867,2,1782358396.1765254,0.0019290447235107422
1418,normal,1216,0,1782358396.178588,0.002062559127807617
1419,normal,446,0,1782358396.1805282,0.0019402503967285156
1420,normal,2130,0,1782358396.1825242,0.0019960403442382812
1421,normal,511,0,1782358396.1845827,0.0020585060119628906
1422,normal,3124,1,1782358396.1865263,0.0019435882568359375
1423,normal,2660,0,1782358396.1885233,0.0019969940185546875
1424,normal,3209,1,1782358396.1905694,0.0020461082458496094
1425,normal,2548,0,1782358396.1925278,0.0019583702087402344
1426,normal,478,0,1782358396.194523,0.0019953250885009766
1427,normal,2328,0,1782358396.196589,0.002065896987915039
1428,normal,167,0,1782358396.1985328,0.001943826675415039
1429,normal,1512,0,1782358396.2005222,0.0019893646240234375
1430,normal,1830,0,1782358396.2025685,0.002046346664428711
1431,normal,2022,0,1782358396.2045264,0.0019578933715820312
1432,normal,3519,0,1782358396.2065332,0.0020067691802978516
1433,normal,1338,1,1782358396.2085848,0.0020515918731689453
1434,normal,1843,0,1782358396.2105272,0.0019423961639404297
1435,normal,3580,0,1782358396.2125258,0.0019986629486083984
1436,normal,67,0,1782358396.2145703,0.0020444393157958984
1437,normal,398,0,1782358396.2165256,0.001955270767211914
1438,normal,2726,0,1782358396.2185247,0.0019991397857666016
1439,normal,290,0,1782358396.2205827,0.0020580291748046875
1440,normal,2320,0,1782358396.2225263,0.0019435882568359375
1441,normal,2057,0,1782358396.2245278,0.002001523971557617
1442,normal,397,0,1782358396.22657,0.002042055130004883
1443,normal,849,2,1782358396.228529,0.001959085464477539
1444,normal,1678,0,1782358396.2305229,0.001993894577026367
1445,normal,2056,0,1782358396.2325811,0.002058267593383789
1446,normal,1181,0,1782358396.234528,0.0019469261169433594
1447,normal,3313,1,1782358396.236524,0.0019960403442382812
1448,normal,1330,1,1782358396.2385685,0.0020444393157958984
1449,normal,3028,0,1782358396.2405252,0.0019567012786865234
1450,normal,873,2,1782358396.2425404,0.0020151138305664062
1451,normal,602,0,1782358396.2445433,0.0020029544830322266
1452,normal,3386,1,1782358396.2465305,0.0019872188568115234
1453,normal,3623,0,1782358396.2485337,0.002003192901611328
1454,normal,1823,0,1782358396.2505355,0.0020017623901367188
1455,normal,3156,1,1782358396.2525337,0.0019981861114501953
1456,normal,2760,0,1782358396.2545326,0.0019989013671875
1457,normal,442,0,1782358396.2565398,0.0020072460174560547
1458,normal,1651,0,1782358396.258531,0.00199127197265625
1459,normal,2837,0,1782358396.2605305,0.001999378204345703
1460,normal,2485,0,1782358396.2625377,0.0020072460174560547
1461,normal,1551,0,1782358396.264533,0.0019953250885009766
1462,normal,803,2,1782358396.2665303,0.001997232437133789
1463,normal,2908,0,1782358396.26854,0.0020096302032470703
1464,normal,2866,0,1782358396.2705312,0.00199127197265625
1465,normal,3563,0,1782358396.2725322,0.002001047134399414
1466,normal,3459,0,1782358396.2745438,0.002011537551879883
1467,normal,1056,0,1782358396.27653,0.001986265182495117
1468,normal,2823,0,1782358396.278532,0.0020020008087158203
1469,normal,152,0,1782358396.2805374,0.002005338668823242
1470,normal,570,0,1782358396.2825303,0.001992940902709961
1471,normal,1715,0,1782358396.284534,0.0020036697387695312
1472,normal,3002,0,1782358396.2865462,0.0020122528076171875
1473,normal,538,0,1782358396.288548,0.0020017623901367188
1474,normal,2543,0,1782358396.2905366,0.001988649368286133
1475,normal,2445,0,1782358396.29256,0.002023458480834961
1476,normal,2938,0,1782358396.2945344,0.001974344253540039
1477,normal,1851,0,1782358396.296528,0.0019936561584472656
1478,normal,463,0,1782358396.2985358,0.002007722854614258
1479,normal,2232,0,1782358396.3005838,0.002048015594482422
1480,normal,1218,0,1782358396.3026109,0.0020270347595214844
1481,normal,2148,0,1782358396.3045173,0.0019063949584960938
1482,normal,3527,0,1782358396.3065252,0.0020079612731933594
1483,normal,2626,0,1782358396.3085613,0.0020360946655273438
1484,normal,1103,0,1782358396.3105257,0.0019643306732177734
1485,normal,2209,0,1782358396.3125982,0.002072572708129883
1486,normal,2577,0,1782358396.314525,0.0019266605377197266
1487,normal,3550,0,1782358396.316582,0.0020570755004882812
1488,normal,2011,0,1782358396.3185234,0.0019414424896240234
1489,normal,2869,0,1782358396.3205254,0.0020020008087158203
1490,normal,285,0,1782358396.3225827,0.002057313919067383
1491,normal,3688,0,1782358396.324521,0.0019383430480957031
1492,normal,1588,0,1782358396.3265383,0.0020172595977783203
1493,normal,3078,1,1782358396.3285668,0.0020284652709960938
1494,normal,3513,0,1782358396.3305233,0.001956462860107422
1495,normal,1902,0,1782358396.3325415,0.0020182132720947266
1496,normal,95,0,1782358396.33454,0.001998424530029297
1497,normal,1944,0,1782358396.3365302,0.0019903182983398438
1498,normal,1422,0,1782358396.3385274,0.001997232437133789
1499,normal,2503,0,1782358396.3405359,0.0020084381103515625
1500,normal,565,0,1782358396.3425229,0.001986980438232422
1501,normal,963,2,1782358396.3445284,0.0020055770874023438
1502,normal,2071,0,1782358396.3465343,0.0020058155059814453
1503,normal,1780,0,1782358396.348604,0.002069711685180664
1504,normal,3676,0,1782358396.350566,0.001961946487426758
1505,normal,1985,0,1782358396.352595,0.0020291805267333984
1506,normal,1995,0,1782358396.3545518,0.0019567012786865234
1507,normal,2354,0,1782358396.3565936,0.0020418167114257812
1508,normal,2992,0,1782358396.3586147,0.0020210742950439453
1509,normal,12,0,1782358396.3605564,0.001941680908203125
1510,normal,3490,0,1782358396.3625891,0.002032756805419922
1511,normal,2755,0,1782358396.3645465,0.001957416534423828
1512,normal,1803,0,1782358396.3665574,0.002010822296142578
1513,normal,2283,0,1782358396.3685954,0.0020380020141601562
1514,normal,660,0,1782358396.3705688,0.001973390579223633
1515,normal,2838,0,1782358396.3725467,0.0019779205322265625
1516,normal,141,0,1782358396.3745904,0.0020437240600585938
1517,normal,483,0,1782358396.3765957,0.002005338668823242
1518,normal,1759,0,1782358396.3785517,0.0019559860229492188
1519,normal,2234,0,1782358396.3805897,0.0020380020141601562
1520,normal,1670,0,1782358396.3825448,0.0019550323486328125
1521,normal,2092,0,1782358396.3845925,0.0020477771759033203
1522,normal,856,2,1782358396.3865907,0.0019981861114501953
1523,normal,2528,0,1782358396.3885891,0.001998424530029297
1524,normal,1078,0,1782358396.3905494,0.001960277557373047
1525,normal,275,0,1782358396.392589,0.002039670944213867
1526,normal,3275,1,1782358396.3945885,0.001999378204345703
1527,normal,1293,0,1782358396.3965478,0.0019593238830566406
1528,normal,404,0,1782358396.3985913,0.002043485641479492
1529,normal,2585,0,1782358396.400557,0.001965761184692383
1530,normal,1096,0,1782358396.4025283,0.0019712448120117188
1531,normal,765,0,1782358396.4045832,0.002054929733276367
1532,normal,176,0,1782358396.4065518,0.0019686222076416016
1533,normal,1206,0,1782358396.408565,0.0020132064819335938
1534,normal,2108,0,1782358396.410586,0.0020210742950439453
1535,normal,2289,0,1782358396.412523,0.0019369125366210938
1536,normal,697,0,1782358396.4145675,0.0020444393157958984
1537,normal,3117,1,1782358396.4165254,0.0019578933715820312
1538,normal,2560,0,1782358396.4185905,0.0020651817321777344
1539,normal,247,0,1782358396.4205277,0.0019371509552001953
1540,normal,1812,0,1782358396.4225228,0.001995086669921875
1541,normal,2829,0,1782358396.4245703,0.0020475387573242188
1542,normal,3473,0,1782358396.4265256,0.001955270767211914
1543,normal,3671,0,1782358396.4285247,0.0019991397857666016
1544,normal,2801,0,1782358396.430585,0.0020601749420166016
1545,normal,3586,0,1782358396.4325268,0.0019419193267822266
1546,normal,2152,0,1782358396.4345233,0.0019965171813964844
1547,normal,2256,0,1782358396.4365854,0.002062082290649414
1548,normal,941,2,1782358396.438526,0.0019404888153076172
1549,normal,2549,0,1782358396.4405248,0.0019989013671875
1550,normal,49,0,1782358396.4425676,0.0020427703857421875
1551,normal,1054,0,1782358396.4445314,0.0019638538360595703
1552,normal,1805,0,1782358396.446523,0.0019915103912353516
1553,normal,24,0,1782358396.4485834,0.002060413360595703
1554,normal,3478,0,1782358396.4505243,0.0019409656524658203
1555,normal,1192,0,1782358396.4525273,0.0020029544830322266
1556,normal,2059,0,1782358396.4545681,0.002040863037109375
1557,normal,2198,0,1782358396.456528,0.0019598007202148438
1558,normal,3361,1,1782358396.4585214,0.001993417739868164
1559,normal,3016,0,1782358396.4605987,0.002077341079711914
1560,normal,2810,0,1782358396.4625301,0.0019314289093017578
1561,normal,1893,0,1782358396.4645233,0.0019931793212890625
1562,normal,1788,0,1782358396.4665887,0.002065420150756836
1563,normal,3143,1,1782358396.4685674,0.001978635787963867
1564,normal,3319,1,1782358396.470552,0.0019845962524414062
1565,normal,255,0,1782358396.4725878,0.002035856246948242
1566,normal,658,0,1782358396.474556,0.0019681453704833984
1567,normal,1241,0,1782358396.4765532,0.001997232437133789
1568,normal,669,0,1782358396.4785886,0.002035379409790039
1569,normal,2288,0,1782358396.4805558,0.001967191696166992
1570,normal,1760,0,1782358396.482551,0.0019953250885009766
1571,normal,1213,0,1782358396.4845943,0.0020432472229003906
1572,normal,3119,1,1782358396.4865522,0.0019578933715820312
1573,normal,3451,0,1782358396.4885495,0.001997232437133789
1574,normal,1396,0,1782358396.4905875,0.0020380020141601562
1575,normal,3493,0,1782358396.492553,0.0019655227661132812
1576,normal,2781,0,1782358396.494553,0.002000093460083008
1577,normal,3079,1,1782358396.4965887,0.0020356178283691406
1578,normal,3684,0,1782358396.4985523,0.0019636154174804688
1579,normal,1428,0,1782358396.50055,0.001997709274291992
1580,normal,13,0,1782358396.502626,0.0020759105682373047
1581,normal,267,0,1782358396.504555,0.0019290447235107422
1582,normal,1778,0,1782358396.5065498,0.0019948482513427734
1583,normal,2610,0,1782358396.5085907,0.002040863037109375
1584,normal,2326,0,1782358396.5105538,0.0019631385803222656
1585,normal,3658,0,1782358396.5125864,0.0020325183868408203
1586,normal,2168,0,1782358396.514551,0.001964569091796875
1587,normal,385,0,1782358396.5165622,0.0020112991333007812
1588,normal,2279,0,1782358396.5185611,0.0019989013671875
1589,normal,1445,0,1782358396.5205479,0.0019867420196533203
1590,normal,1961,0,1782358396.5225563,0.0020084381103515625
1591,normal,2233,0,1782358396.5245507,0.0019943714141845703
1592,normal,117,0,1782358396.5265915,0.002040863037109375
1593,normal,2544,0,1782358396.5285542,0.0019626617431640625
1594,normal,3027,0,1782358396.5305872,0.0020329952239990234
1595,normal,390,0,1782358396.532553,0.001965761184692383
1596,normal,2204,0,1782358396.5345902,0.0020372867584228516
1597,normal,3359,1,1782358396.5365613,0.001971006393432617
1598,normal,1974,0,1782358396.5385494,0.0019881725311279297
1599,normal,3572,0,1782358396.5405326,0.001983165740966797
1600,normal,1626,0,1782358396.5425572,0.0020246505737304688
1601,normal,3343,1,1782358396.5445487,0.0019915103912353516
1602,normal,2787,0,1782358396.546541,0.0019922256469726562
1603,normal,118,0,1782358396.5485604,0.0020194053649902344
1604,normal,1680,0,1782358396.5505455,0.0019850730895996094
1605,normal,1175,0,1782358396.5525603,0.0020148754119873047
1606,normal,3132,1,1782358396.554559,0.0019986629486083984
1607,normal,1142,0,1782358396.5565474,0.0019884109497070312
1608,normal,3056,1,1782358396.5585585,0.0020110607147216797
1609,normal,2519,0,1782358396.560565,0.00200653076171875
1610,normal,2535,0,1782358396.5625494,0.0019843578338623047
1611,normal,1884,0,1782358396.5645325,0.001983165740966797
1612,normal,1032,0,1782358396.566562,0.0020294189453125
1613,normal,3568,0,1782358396.568549,0.001986980438232422
1614,normal,3487,0,1782358396.5705602,0.0020112991333007812
1615,normal,2470,0,1782358396.5725627,0.0020024776458740234
1616,normal,3373,1,1782358396.574546,0.0019834041595458984
1617,normal,2083,0,1782358396.5765622,0.0020160675048828125
1618,normal,3262,1,1782358396.5785587,0.0019965171813964844
1619,normal,3069,1,1782358396.580546,0.0019872188568115234
1620,normal,3625,0,1782358396.58256,0.00201416015625
1621,normal,3238,1,1782358396.5845609,0.0020008087158203125
1622,normal,3599,0,1782358396.5865498,0.0019888877868652344
1623,normal,3416,0,1782358396.5885575,0.002007722854614258
1624,normal,1619,0,1782358396.5905871,0.0020296573638916016
1625,normal,2493,0,1782358396.5925477,0.0019605159759521484
1626,normal,2461,0,1782358396.594532,0.0019843578338623047
1627,normal,3063,1,1782358396.5965624,0.0020303726196289062
1628,normal,2367,0,1782358396.5985463,0.0019838809967041016
1629,normal,466,0,1782358396.6005635,0.0020172595977783203
1630,normal,3062,1,1782358396.6025615,0.0019979476928710938
1631,normal,3360,1,1782358396.6045432,0.0019817352294921875
1632,normal,2297,0,1782358396.6065578,0.002014636993408203
1633,normal,3218,1,1782358396.6085596,0.0020017623901367188
1634,normal,2962,0,1782358396.6105468,0.0019872188568115234
1635,normal,2318,0,1782358396.612561,0.00201416015625
1636,normal,3305,1,1782358396.6145623,0.0020012855529785156
1637,normal,246,0,1782358396.6165037,0.0019414424896240234
1638,normal,254,0,1782358396.6185625,0.002058744430541992
1639,normal,2982,0,1782358396.620561,0.001998424530029297
1640,normal,1198,0,1782358396.6225452,0.0019843578338623047
1641,normal,770,0,1782358396.624565,0.002019643783569336
1642,normal,3250,1,1782358396.62656,0.001995086669921875
1643,normal,3244,1,1782358396.6285431,0.001983165740966797
1644,normal,2505,0,1782358396.6305573,0.00201416015625
1645,normal,1556,0,1782358396.632561,0.0020036697387695312
1646,normal,121,0,1782358396.6345475,0.0019865036010742188
1647,normal,2008,0,1782358396.63656,0.002012491226196289
1648,normal,2902,0,1782358396.638558,0.0019979476928710938
1649,normal,2120,0,1782358396.6405442,0.001986265182495117
1650,normal,586,0,1782358396.642561,0.002016782760620117
1651,normal,2081,0,1782358396.644583,0.0020220279693603516
1652,normal,129,0,1782358396.6465428,0.0019598007202148438
1653,normal,3441,0,1782358396.6485603,0.002017498016357422
1654,normal,1010,2,1782358396.650561,0.0020008087158203125
1655,normal,3420,0,1782358396.6525614,0.0020003318786621094
1656,normal,399,0,1782358396.654535,0.0019736289978027344
1657,normal,1134,0,1782358396.6565604,0.0020253658294677734
1658,normal,1069,0,1782358396.6585455,0.0019850730895996094
1659,normal,3683,0,1782358396.66056,0.0020143985748291016
1660,normal,3202,1,1782358396.6625924,0.0020325183868408203
1661,normal,1253,0,1782358396.6645482,0.001955747604370117
1662,normal,2122,0,1782358396.6666229,0.002074718475341797
1663,normal,2971,0,1782358396.6685374,0.0019145011901855469
1664,normal,537,0,1782358396.670542,0.0020046234130859375
1665,normal,2400,0,1782358396.6725252,0.001983165740966797
1666,normal,1244,0,1782358396.674561,0.002035856246948242
1667,normal,2782,0,1782358396.6765223,0.001961231231689453
1668,normal,376,0,1782358396.678551,0.0020287036895751953
1669,normal,1247,0,1782358396.6805522,0.0020012855529785156
1670,normal,2368,0,1782358396.6825497,0.0019974708557128906
1671,normal,2308,0,1782358396.684552,0.002002239227294922
1672,normal,1332,1,1782358396.6867034,0.0021514892578125
1673,normal,3191,1,1782358396.688526,0.0018224716186523438
1674,normal,1379,1,1782358396.6905413,0.002015352249145508
1675,normal,1321,1,1782358396.6926062,0.002064943313598633
1676,normal,619,0,1782358396.6945212,0.00191497802734375
1677,normal,1725,0,1782358396.696549,0.002027750015258789
1678,normal,3144,1,1782358396.6985614,0.002012491226196289
1679,normal,2378,0,1782358396.7005517,0.0019903182983398438
1680,normal,2113,0,1782358396.7026536,0.002101898193359375
1681,normal,492,0,1782358396.704594,0.0019402503967285156
1682,normal,1370,1,1782358396.7068489,0.002254962921142578
1683,normal,2717,0,1782358396.7092967,0.002447843551635742
1684,normal,2024,0,1782358396.710503,0.0012063980102539062
1685,normal,752,0,1782358396.7125857,0.0020825862884521484
1686,normal,3547,0,1782358396.714539,0.0019533634185791016
1687,normal,603,0,1782358396.716547,0.0020079612731933594
1688,normal,3693,0,1782358396.7185314,0.0019843578338623047
1689,normal,480,0,1782358396.7205446,0.0020132064819335938
1690,normal,1189,0,1782358396.7226272,0.0020825862884521484
1691,normal,888,2,1782358396.724515,0.0018877983093261719
1692,normal,125,0,1782358396.7265399,0.0020248889923095703
1693,normal,629,0,1782358396.7288446,0.0023047924041748047
1694,normal,3116,1,1782358396.7305694,0.0017247200012207031
1695,normal,2849,0,1782358396.7325807,0.0020112991333007812
1696,normal,3436,0,1782358396.7347748,0.0021941661834716797
1697,normal,2306,0,1782358396.73654,0.0017652511596679688
1698,normal,2842,0,1782358396.738593,0.0020530223846435547
1699,normal,1500,0,1782358396.7406068,0.002013683319091797
1700,normal,510,0,1782358396.742541,0.0019342899322509766
1701,normal,1730,0,1782358396.7445867,0.0020456314086914062
1702,normal,1684,0,1782358396.746596,0.0020093917846679688
1703,normal,2387,0,1782358396.7485373,0.0019412040710449219
1704,normal,1590,0,1782358396.750591,0.0020537376403808594
1705,normal,3583,0,1782358396.7526057,0.002014636993408203
1706,normal,910,2,1782358396.7545376,0.001931905746459961
1707,normal,2196,0,1782358396.756587,0.0020494461059570312
1708,normal,2075,0,1782358396.7586064,0.0020194053649902344
1709,normal,2819,0,1782358396.7606053,0.0019989013671875
1710,normal,159,0,1782358396.7625475,0.0019421577453613281
1711,normal,335,0,1782358396.764606,0.0020585060119628906
1712,normal,1806,0,1782358396.76654,0.001934051513671875
1713,normal,1804,0,1782358396.768607,0.0020668506622314453
1714,normal,2390,0,1782358396.7706082,0.0020012855529785156
1715,normal,2202,0,1782358396.77254,0.001931905746459961
1716,normal,2004,0,1782358396.7746048,0.0020647048950195312
1717,normal,429,0,1782358396.776607,0.002002239227294922
1718,normal,2762,0,1782358396.7785382,0.0019311904907226562
1719,normal,2066,0,1782358396.7806056,0.0020673274993896484
1720,normal,3469,0,1782358396.7826102,0.0020046234130859375
1721,normal,1917,0,1782358396.7846305,0.0020203590393066406
1722,normal,847,2,1782358396.7865322,0.0019016265869140625
1723,normal,1546,0,1782358396.7886055,0.0020732879638671875
1724,normal,2123,0,1782358396.7905252,0.0019197463989257812
1725,normal,3402,0,1782358396.7925222,0.0019969940185546875
1726,normal,535,0,1782358396.7945962,0.002074003219604492
1727,normal,2156,0,1782358396.7965431,0.0019469261169433594
1728,normal,2615,0,1782358396.7985218,0.001978635787963867
1729,normal,71,0,1782358396.8006077,0.0020859241485595703
1730,normal,2746,0,1782358396.8025203,0.0019125938415527344
1731,normal,3163,1,1782358396.8045242,0.002003908157348633
1732,normal,610,0,1782358396.8065958,0.0020716190338134766
1733,normal,2906,0,1782358396.8085163,0.001920461654663086
1734,normal,3551,0,1782358396.8105903,0.002074003219604492
1735,normal,2261,0,1782358396.812596,0.0020058155059814453
1736,normal,300,0,1782358396.8145154,0.0019192695617675781
1737,normal,3679,0,1782358396.8165238,0.0020084381103515625
1738,normal,2883,0,1782358396.8185663,0.002042531967163086
1739,normal,458,0,1782358396.8205163,0.0019500255584716797
1740,normal,2559,0,1782358396.8225904,0.002074003219604492
1741,normal,823,2,1782358396.8245852,0.0019948482513427734
1742,normal,891,2,1782358396.8265407,0.0019555091857910156
1743,normal,1076,0,1782358396.8285217,0.001981019973754883
1744,normal,1826,0,1782358396.8305693,0.0020475387573242188
1745,normal,277,0,1782358396.8325171,0.0019478797912597656
1746,normal,609,0,1782358396.834587,0.0020699501037597656
1747,normal,2406,0,1782358396.8365667,0.0019795894622802734
1748,normal,714,0,1782358396.8385127,0.0019459724426269531
1749,normal,3237,1,1782358396.840589,0.002076387405395508
1750,normal,585,0,1782358396.8425646,0.001975536346435547
1751,normal,1348,1,1782358396.844513,0.0019483566284179688
1752,normal,2340,0,1782358396.8465245,0.002011537551879883
1753,normal,616,0,1782358396.848565,0.0020406246185302734
1754,normal,2825,0,1782358396.8505154,0.0019502639770507812
1755,normal,693,0,1782358396.8525252,0.002009868621826172
1756,normal,2597,0,1782358396.854569,0.0020437240600585938
1757,normal,364,0,1782358396.8565135,0.0019445419311523438
1758,normal,840,2,1782358396.8585951,0.002081632614135742
1759,normal,2315,0,1782358396.8605947,0.0019996166229248047
1760,normal,1966,0,1782358396.8625145,0.0019197463989257812
1761,normal,903,2,1782358396.8645372,0.0020227432250976562
1762,normal,523,0,1782358396.866567,0.0020296573638916016
1763,normal,2699,0,1782358396.8685281,0.001961231231689453
1764,normal,1807,0,1782358396.8705206,0.001992464065551758
1765,normal,1393,0,1782358396.8725655,0.0020449161529541016
1766,normal,1336,1,1782358396.8745174,0.0019519329071044922
1767,normal,448,0,1782358396.8765218,0.002004384994506836
1768,normal,3673,0,1782358396.8785653,0.002043485641479492
1769,normal,1318,0,1782358396.8805153,0.0019500255584716797
1770,normal,1325,1,1782358396.882591,0.002075672149658203
1771,normal,632,0,1782358396.8845654,0.001974344253540039
1772,normal,2680,0,1782358396.886514,0.0019485950469970703
1773,normal,2033,0,1782358396.888564,0.002050161361694336
1774,normal,238,0,1782358396.8905625,0.001998424530029297
1775,normal,1125,0,1782358396.8925123,0.0019497871398925781
1776,normal,872,2,1782358396.8946276,0.0021152496337890625
1777,normal,3186,1,1782358396.8965642,0.0019366741180419922
1778,normal,2343,0,1782358396.8985183,0.0019540786743164062
1779,normal,3271,1,1782358396.9005146,0.001996278762817383
1780,normal,1260,0,1782358396.902594,0.002079486846923828
1781,normal,1542,0,1782358396.9045138,0.0019197463989257812
1782,normal,1491,0,1782358396.9065626,0.0020487308502197266
1783,normal,1091,0,1782358396.9085681,0.0020055770874023438
1784,normal,1652,0,1782358396.9105127,0.0019445419311523438
1785,normal,288,0,1782358396.9125137,0.002001047134399414
1786,normal,2983,0,1782358396.9145687,0.002054929733276367
1787,normal,2271,0,1782358396.916518,0.001949310302734375
1788,normal,2710,0,1782358396.9185133,0.0019953250885009766
1789,normal,1923,0,1782358396.9205961,0.00208282470703125
1790,normal,2853,0,1782358396.9225132,0.001917123794555664
1791,normal,224,0,1782358396.9245138,0.002000570297241211
1792,normal,3115,1,1782358396.9265645,0.002050638198852539
1793,normal,1057,0,1782358396.928513,0.0019485950469970703
1794,normal,1300,0,1782358396.9305692,0.002056121826171875
1795,normal,3523,0,1782358396.932567,0.001997709274291992
1796,normal,3015,0,1782358396.9345126,0.0019457340240478516
1797,normal,1835,0,1782358396.9365642,0.0020515918731689453
1798,normal,645,0,1782358396.938599,0.002034902572631836
1799,normal,3660,0,1782358396.9405549,0.001955747604370117
1800,normal,923,2,1782358396.9425116,0.0019567012786865234
1801,normal,534,0,1782358396.9445634,0.002051830291748047
1802,normal,473,0,1782358396.946513,0.0019495487213134766
1803,normal,1167,0,1782358396.948514,0.002001047134399414
1804,normal,3098,1,1782358396.9505684,0.002054452896118164
1805,normal,2175,0,1782358396.952514,0.00194549560546875
1806,normal,97,0,1782358396.9545648,0.0020508766174316406
1807,normal,2339,0,1782358396.9566045,0.002039670944213867
1808,normal,183,0,1782358396.9585152,0.0019106864929199219
1809,normal,32,0,1782358396.9605637,0.002048492431640625
1810,normal,2588,0,1782358396.9625947,0.002031087875366211
1811,normal,48,0,1782358396.9645135,0.001918792724609375
1812,normal,340,0,1782358396.9665158,0.002002239227294922
1813,normal,2708,0,1782358396.9685638,0.002048015594482422
1814,normal,730,0,1782358396.9705112,0.0019474029541015625
1815,normal,332,0,1782358396.9725614,0.002050161361694336
1816,normal,1839,0,1782358396.9746044,0.002043008804321289
1817,normal,3301,1,1782358396.9765255,0.0019211769104003906
1818,normal,18,0,1782358396.9785135,0.001987934112548828
1819,normal,857,2,1782358396.980564,0.002050638198852539
1820,normal,3592,0,1782358396.9825428,0.001978635787963867
1821,normal,3248,1,1782358396.9845142,0.0019714832305908203
1822,normal,687,0,1782358396.986568,0.0020537376403808594
1823,normal,653,0,1782358396.988516,0.0019481182098388672
1824,normal,1220,0,1782358396.9905133,0.001997232437133789
1825,normal,379,0,1782358396.992594,0.002080678939819336
1826,normal,1149,0,1782358396.994535,0.0019409656524658203
1827,normal,3045,1,1782358396.9965124,0.0019774436950683594
1828,normal,2170,0,1782358396.9985652,0.002052783966064453
1829,normal,906,2,1782358397.0005138,0.0019485950469970703
1830,normal,798,2,1782358397.0025628,0.002048969268798828
1831,normal,1751,0,1782358397.0045671,0.002004384994506836
1832,normal,2467,0,1782358397.0065176,0.0019505023956298828
1833,normal,3448,0,1782358397.0085135,0.0019958019256591797
1834,normal,488,0,1782358397.0106091,0.0020956993103027344
1835,normal,2038,0,1782358397.0125136,0.0019044876098632812
1836,normal,2032,0,1782358397.0145645,0.0020508766174316406
1837,normal,720,0,1782358397.0165808,0.002016305923461914
1838,normal,1743,0,1782358397.0185125,0.0019316673278808594
1839,normal,2216,0,1782358397.0205133,0.0020008087158203125
1840,normal,3476,0,1782358397.0225646,0.0020513534545898438
1841,normal,1859,0,1782358397.0245159,0.0019512176513671875
1842,normal,1772,0,1782358397.0265598,0.0020439624786376953
1843,normal,3049,1,1782358397.0285947,0.002034902572631836
1844,normal,3040,0,1782358397.0305104,0.0019156932830810547
1845,normal,3582,0,1782358397.032586,0.002075672149658203
1846,normal,472,0,1782358397.0345623,0.0019762516021728516
1847,normal,3073,1,1782358397.0365117,0.001949310302734375
1848,normal,2508,0,1782358397.038516,0.002004384994506836
1849,normal,2404,0,1782358397.040569,0.0020530223846435547
1850,normal,1413,0,1782358397.0425122,0.0019431114196777344
1851,normal,287,0,1782358397.044564,0.002051830291748047
1852,normal,2396,0,1782358397.046591,0.0020270347595214844
1853,normal,1497,0,1782358397.0485284,0.0019373893737792969
1854,normal,3288,1,1782358397.0505137,0.001985311508178711
1855,normal,331,0,1782358397.052565,0.0020513534545898438
1856,normal,402,0,1782358397.0545144,0.001949310302734375
1857,normal,2451,0,1782358397.056514,0.0019996166229248047
1858,normal,3663,0,1782358397.058601,0.0020868778228759766
1859,normal,2835,0,1782358397.0605168,0.0019159317016601562
1860,normal,3536,0,1782358397.0625615,0.002044677734375
1861,normal,3325,1,1782358397.0645926,0.002031087875366211
1862,normal,14,0,1782358397.0665157,0.0019230842590332031
1863,normal,2874,0,1782358397.0685608,0.002045154571533203
1864,normal,3692,0,1782358397.0705638,0.0020029544830322266
1865,normal,740,0,1782358397.072517,0.001953125
1866,normal,2052,0,1782358397.0745149,0.0019979476928710938
1867,normal,1863,0,1782358397.0765643,0.0020494461059570312
1868,normal,3137,1,1782358397.0785155,0.0019512176513671875
1869,normal,1052,0,1782358397.0805616,0.0020461082458496094
1870,normal,2215,0,1782358397.0825934,0.0020318031311035156
1871,normal,3418,0,1782358397.084515,0.0019216537475585938
1872,normal,2352,0,1782358397.0865605,0.0020453929901123047
1873,normal,3589,0,1782358397.0885642,0.0020036697387695312
1874,normal,2936,0,1782358397.0905204,0.0019562244415283203
1875,normal,3411,0,1782358397.0925245,0.0020041465759277344
1876,normal,664,0,1782358397.0945818,0.002057313919067383
1877,normal,311,0,1782358397.0965154,0.0019335746765136719
1878,normal,1456,0,1782358397.0985615,0.0020461082458496094
1879,normal,3352,1,1782358397.1005976,0.0020360946655273438
1880,normal,1661,0,1782358397.1025174,0.0019197463989257812
1881,normal,3257,1,1782358397.1045182,0.0020008087158203125
1882,normal,3000,0,1782358397.1065674,0.0020492076873779297
1883,normal,1951,0,1782358397.1085105,0.0019431114196777344
1884,normal,1700,0,1782358397.1106439,0.0021333694458007812
1885,normal,499,0,1782358397.1125941,0.0019502639770507812
1886,normal,1193,0,1782358397.1145155,0.0019214153289794922
1887,normal,2991,0,1782358397.1165643,0.0020487308502197266
1888,normal,191,0,1782358397.1185935,0.0020291805267333984
1889,normal,3597,0,1782358397.120515,0.0019216537475585938
1890,normal,2656,0,1782358397.122566,0.0020508766174316406
1891,normal,1169,0,1782358397.1245685,0.0020024776458740234
1892,normal,3576,0,1782358397.1265147,0.0019462108612060547
1893,normal,853,2,1782358397.1285164,0.0020017623901367188
1894,normal,805,2,1782358397.130566,0.0020494461059570312
1895,normal,1829,0,1782358397.1325157,0.0019497871398925781
1896,normal,3390,1,1782358397.1345618,0.0020461082458496094
1897,normal,1595,0,1782358397.1365836,0.00202178955078125
1898,normal,886,2,1782358397.138516,0.001932382583618164
1899,normal,3481,0,1782358397.140513,0.0019969940185546875
1900,normal,637,0,1782358397.1425612,0.0020482540130615234
1901,normal,2955,0,1782358397.1445143,0.001953125
1902,normal,996,2,1782358397.1465626,0.0020482540130615234
1903,normal,1708,0,1782358397.1485689,0.0020062923431396484
1904,normal,1591,0,1782358397.150514,0.0019450187683105469
1905,normal,1756,0,1782358397.152564,0.002050161361694336
1906,normal,317,0,1782358397.1545634,0.001999378204345703
1907,normal,3525,0,1782358397.1565163,0.0019528865814208984
1908,normal,3367,1,1782358397.158562,0.0020456314086914062
1909,normal,310,0,1782358397.1605656,0.0020036697387695312
1910,normal,301,0,1782358397.162512,0.0019464492797851562
1911,normal,2976,0,1782358397.1645653,0.0020532608032226562
1912,normal,427,0,1782358397.1665692,0.002003908157348633
1913,normal,3020,0,1782358397.168514,0.0019447803497314453
1914,normal,2109,0,1782358397.1705642,0.002050161361694336
1915,normal,136,0,1782358397.1725655,0.0020012855529785156
1916,normal,1515,0,1782358397.174513,0.001947641372680664
1917,normal,302,0,1782358397.1765585,0.0020453929901123047
1918,normal,2562,0,1782358397.1785674,0.0020089149475097656
1919,normal,1927,0,1782358397.1805167,0.001949310302734375
1920,normal,613,0,1782358397.182566,0.0020492076873779297
1921,normal,1017,2,1782358397.1845639,0.0019979476928710938
1922,normal,1099,0,1782358397.1865187,0.001954793930053711
1923,normal,1464,0,1782358397.188513,0.0019943714141845703
1924,normal,3674,0,1782358397.1905627,0.002049684524536133
1925,normal,3349,1,1782358397.1925137,0.001950979232788086
1926,normal,3105,1,1782358397.194563,0.0020492076873779297
1927,normal,972,2,1782358397.196565,0.0020020008087158203
1928,normal,560,0,1782358397.1985135,0.0019485950469970703
1929,normal,2393,0,1782358397.2005637,0.002050161361694336
1930,normal,3408,0,1782358397.202564,0.0020003318786621094
1931,normal,536,0,1782358397.2045147,0.0019507408142089844
1932,normal,671,0,1782358397.2065625,0.0020477771759033203
1933,normal,3409,0,1782358397.2085645,0.0020020008087158203
1934,normal,1952,0,1782358397.2105162,0.0019516944885253906
1935,normal,2214,0,1782358397.2125633,0.0020470619201660156
1936,normal,1025,2,1782358397.2145936,0.0020303726196289062
1937,normal,3463,0,1782358397.2165139,0.0019202232360839844
1938,normal,2384,0,1782358397.2185965,0.0020825862884521484
1939,normal,2019,0,1782358397.2205887,0.0019922256469726562
1940,normal,1991,0,1782358397.222513,0.001924276351928711
1941,normal,2375,0,1782358397.2245622,0.0020492076873779297
1942,normal,1416,0,1782358397.2265913,0.0020291805267333984
1943,normal,2614,0,1782358397.228512,0.0019207000732421875
1944,normal,1503,0,1782358397.2305179,0.0020058155059814453
1945,normal,1975,0,1782358397.2325697,0.002051830291748047
1946,normal,827,2,1782358397.2345119,0.0019421577453613281
1947,normal,1023,2,1782358397.236563,0.002051115036010742
1948,normal,198,0,1782358397.2385325,0.001969575881958008
1949,normal,3549,0,1782358397.2405167,0.001984119415283203
1950,normal,3446,0,1782358397.2425616,0.0020449161529541016
1951,normal,1922,0,1782358397.2445643,0.002002716064453125
1952,normal,552,0,1782358397.2465138,0.0019495487213134766
1953,normal,417,0,1782358397.2485175,0.0020036697387695312
1954,normal,2909,0,1782358397.2505932,0.002075672149658203
1955,normal,104,0,1782358397.2525141,0.001920938491821289
1956,normal,65,0,1782358397.2545626,0.002048492431640625
1957,normal,2557,0,1782358397.256566,0.0020034313201904297
1958,normal,1158,0,1782358397.2585144,0.0019483566284179688
1959,normal,3150,1,1782358397.2605667,0.00205230712890625
1960,normal,2051,0,1782358397.262565,0.0019981861114501953
1961,normal,1320,1,1782358397.2645166,0.0019516944885253906
1962,normal,2245,0,1782358397.2665117,0.001995086669921875
1963,normal,893,2,1782358397.2685637,0.0020520687103271484
1964,normal,579,0,1782358397.2705123,0.0019485950469970703
1965,normal,1734,0,1782358397.2725673,0.002054929733276367
1966,normal,3395,1,1782358397.2745652,0.0019979476928710938
1967,normal,3075,1,1782358397.2765164,0.0019512176513671875
1968,normal,3068,1,1782358397.2785134,0.0019969940185546875
1969,normal,3440,0,1782358397.2805667,0.0020532608032226562
1970,normal,2609,0,1782358397.282518,0.0019512176513671875
1971,normal,3421,0,1782358397.2845118,0.001993894577026367
1972,normal,2921,0,1782358397.2865644,0.0020525455474853516
1973,normal,1955,0,1782358397.2885196,0.001955270767211914
1974,normal,3164,1,1782358397.2905126,0.001992940902709961
1975,normal,2662,0,1782358397.292565,0.0020525455474853516
1976,normal,455,0,1782358397.2945218,0.0019567012786865234
1977,normal,3308,1,1782358397.2965162,0.0019943714141845703
1978,normal,350,0,1782358397.2985654,0.0020492076873779297
1979,normal,946,2,1782358397.3005118,0.0019464492797851562
1980,normal,450,0,1782358397.3025613,0.0020494461059570312
1981,normal,993,2,1782358397.3046093,0.002048015594482422
1982,normal,1281,0,1782358397.30662,0.0020105838775634766
1983,normal,2719,0,1782358397.3090239,0.0024039745330810547
1984,normal,2903,0,1782358397.3107433,0.0017194747924804688
1985,normal,1301,0,1782358397.3125296,0.0017862319946289062
1986,normal,1535,0,1782358397.314601,0.002071380615234375
1987,normal,2121,0,1782358397.316551,0.0019500255584716797
1988,normal,3103,1,1782358397.318555,0.0020041465759277344
1989,normal,1864,0,1782358397.3205514,0.001996278762817383
1990,normal,564,0,1782358397.322555,0.0020036697387695312
1991,normal,2875,0,1782358397.3245535,0.001998424530029297
1992,normal,2208,0,1782358397.3265676,0.00201416015625
1993,normal,2028,0,1782358397.328552,0.0019843578338623047
1994,normal,3410,0,1782358397.3305595,0.0020074844360351562
1995,normal,2690,0,1782358397.3325624,0.0020029544830322266
1996,normal,2872,0,1782358397.3345633,0.0020008087158203125
1997,normal,2748,0,1782358397.3365338,0.001970529556274414
1998,normal,2891,0,1782358397.3385584,0.0020246505737304688
1999,normal,2613,0,1782358397.3405514,0.001992940902709961
2000,normal,2437,0,1782358397.3425562,0.002004861831665039
2001,normal,1471,0,1782358397.3445556,0.001999378204345703
2002,normal,2524,0,1782358397.3465579,0.002002239227294922
2003,normal,3123,1,1782358397.348566,0.002008199691772461
2004,normal,3539,0,1782358397.3505516,0.0019855499267578125
2005,normal,2684,0,1782358397.3525693,0.0020177364349365234
2006,normal,3162,1,1782358397.3545876,0.0020182132720947266
2007,normal,713,0,1782358397.3569083,0.0023207664489746094
2008,normal,2465,0,1782358397.3587315,0.0018231868743896484
2009,normal,3070,1,1782358397.360856,0.0021245479583740234
2010,normal,2448,0,1782358397.3627818,0.0019257068634033203
2011,normal,83,0,1782358397.3646076,0.0018258094787597656
2012,normal,2338,0,1782358397.3664935,0.0018858909606933594
2013,normal,2139,0,1782358397.3686242,0.002130746841430664
2014,normal,430,0,1782358397.3705437,0.0019195079803466797
2015,normal,2912,0,1782358397.3725898,0.0020461082458496094
2016,normal,15,0,1782358397.3745275,0.0019376277923583984
2017,normal,1697,0,1782358397.3765962,0.002068758010864258
2018,normal,1263,0,1782358397.3785195,0.0019233226776123047
2019,normal,389,0,1782358397.3805468,0.002027273178100586
2020,normal,1150,0,1782358397.3825893,0.002042531967163086
2021,normal,681,0,1782358397.3845797,0.0019903182983398438
2022,normal,1144,0,1782358397.3866432,0.0020635128021240234
2023,normal,2529,0,1782358397.3886125,0.0019693374633789062
2024,normal,1109,0,1782358397.3905282,0.0019156932830810547
2025,normal,541,0,1782358397.3929067,0.0023784637451171875
2026,normal,2899,0,1782358397.3945508,0.001644134521484375
2027,normal,1378,1,1782358397.3966558,0.0021049976348876953
2028,normal,2516,0,1782358397.3985255,0.0018696784973144531
2029,normal,2064,0,1782358397.400599,0.002073526382446289
2030,normal,1414,0,1782358397.402511,0.0019118785858154297
2031,normal,530,0,1782358397.4045918,0.0020809173583984375
2032,normal,322,0,1782358397.4065897,0.0019979476928710938
2033,normal,39,0,1782358397.4085143,0.0019245147705078125
2034,normal,227,0,1782358397.4106038,0.0020895004272460938
2035,normal,3177,1,1782358397.4127085,0.0021047592163085938
2036,normal,2344,0,1782358397.414622,0.0019135475158691406
2037,normal,1831,0,1782358397.4166965,0.0020744800567626953
2038,normal,900,2,1782358397.4185872,0.0018906593322753906
2039,normal,1799,0,1782358397.4206297,0.002042531967163086
2040,normal,3274,1,1782358397.4225225,0.0018928050994873047
2041,normal,3253,1,1782358397.424563,0.002040386199951172
2042,normal,3007,0,1782358397.4265187,0.001955747604370117
2043,normal,2788,0,1782358397.428617,0.0020983219146728516
2044,normal,3489,0,1782358397.4306972,0.002080202102661133
2045,normal,1504,0,1782358397.4325278,0.0018305778503417969
2046,normal,1976,0,1782358397.4345987,0.002070903778076172
2047,normal,438,0,1782358397.4366126,0.0020139217376708984
2048,normal,3215,1,1782358397.4387307,0.0021181106567382812
2049,normal,1344,1,1782358397.440619,0.001888275146484375
2050,normal,1454,0,1782358397.4426074,0.0019884109497070312
2051,normal,1360,1,1782358397.4445665,0.001959085464477539
2052,normal,892,2,1782358397.4466321,0.0020656585693359375
2053,normal,2646,0,1782358397.4486012,0.0019690990447998047
2054,normal,386,0,1782358397.450498,0.0018968582153320312
2055,normal,1230,0,1782358397.4525466,0.002048492431640625
2056,normal,2114,0,1782358397.4545553,0.002008676528930664
2057,normal,890,2,1782358397.4565535,0.0019981861114501953
2058,normal,52,0,1782358397.4585516,0.0019981861114501953
2059,normal,460,0,1782358397.460661,0.0021092891693115234
2060,normal,339,0,1782358397.4625187,0.001857757568359375
2061,normal,2462,0,1782358397.4645417,0.002022981643676758
2062,normal,2679,0,1782358397.4665573,0.0020155906677246094
2063,normal,1614,0,1782358397.468548,0.001990795135498047
2064,normal,1585,0,1782358397.4705472,0.0019991397857666016
2065,normal,1391,0,1782358397.4725482,0.002001047134399414
2066,normal,3534,0,1782358397.474511,0.0019626617431640625
2067,normal,2118,0,1782358397.4765992,0.002088308334350586
2068,normal,497,0,1782358397.478583,0.0019838809967041016
2069,normal,1693,0,1782358397.480585,0.0020020008087158203
2070,normal,2030,0,1782358397.4825504,0.0019652843475341797
2071,normal,31,0,1782358397.4845598,0.0020093917846679688
2072,normal,66,0,1782358397.4865706,0.002010822296142578
2073,normal,1720,0,1782358397.488486,0.0019154548645019531
2074,normal,1541,0,1782358397.4905913,0.002105236053466797
2075,normal,1600,0,1782358397.4925416,0.0019502639770507812
2076,normal,1407,0,1782358397.49453,0.0019884109497070312
2077,normal,1882,0,1782358397.4965377,0.002007722854614258
2078,normal,216,0,1782358397.49853,0.0019922256469726562
2079,normal,2975,0,1782358397.5005612,0.0020313262939453125
2080,normal,1885,0,1782358397.502589,0.002027750015258789
2081,normal,688,0,1782358397.5046105,0.0020215511322021484
2082,normal,1451,0,1782358397.506581,0.001970529556274414
2083,normal,1647,0,1782358397.5086992,0.0021181106567382812
2084,normal,258,0,1782358397.510538,0.0018389225006103516
2085,normal,2455,0,1782358397.5126483,0.0021102428436279297
2086,normal,1236,0,1782358397.5145876,0.0019392967224121094
2087,normal,1309,0,1782358397.5166008,0.0020132064819335938
2088,normal,1006,2,1782358397.518639,0.002038240432739258
2089,normal,1123,0,1782358397.5206347,0.001995563507080078
2090,normal,519,0,1782358397.5224748,0.0018401145935058594
2091,normal,1161,0,1782358397.5245306,0.0020558834075927734
2092,normal,2417,0,1782358397.5265656,0.002034902572631836
2093,normal,172,0,1782358397.528548,0.001982450485229492
2094,normal,1415,0,1782358397.5305479,0.0019998550415039062
2095,normal,1648,0,1782358397.5325305,0.0019826889038085938
2096,normal,1523,0,1782358397.5345242,0.0019936561584472656
2097,normal,995,2,1782358397.5365298,0.0020055770874023438
2098,normal,3316,1,1782358397.5385907,0.0020608901977539062
2099,normal,106,0,1782358397.5411513,0.0025606155395507812
2100,normal,3011,0,1782358397.5426939,0.0015425682067871094
2101,normal,2131,0,1782358397.544621,0.0019271373748779297
2102,normal,2961,0,1782358397.546494,0.001873016357421875
2103,normal,951,2,1782358397.5485609,0.0020668506622314453
2104,normal,1660,0,1782358397.5505657,0.002004861831665039
2105,normal,1559,0,1782358397.5526457,0.0020799636840820312
2106,normal,2254,0,1782358397.5546086,0.001962900161743164
2107,normal,506,0,1782358397.5565846,0.00197601318359375
2108,normal,1580,0,1782358397.558556,0.0019714832305908203
2109,normal,3147,1,1782358397.5605862,0.0020301342010498047
2110,normal,1051,0,1782358397.5625703,0.001984119415283203
2111,normal,1231,0,1782358397.5645554,0.0019850730895996094
2112,normal,3280,1,1782358397.5670164,0.002460956573486328
2113,normal,2350,0,1782358397.568619,0.0016026496887207031
2114,normal,169,0,1782358397.5706317,0.0020127296447753906
2115,normal,515,0,1782358397.572582,0.0019502639770507812
2116,normal,1174,0,1782358397.574659,0.0020771026611328125
2117,normal,1719,0,1782358397.5765934,0.0019342899322509766
2118,normal,30,0,1782358397.5785975,0.0020041465759277344
2119,normal,2358,0,1782358397.5808525,0.002254962921142578
2120,normal,1340,1,1782358397.5826406,0.0017881393432617188
2121,normal,17,0,1782358397.5845912,0.0019505023956298828
2122,normal,3255,1,1782358397.5868313,0.0022401809692382812
2123,normal,800,2,1782358397.588703,0.0018715858459472656
2124,normal,708,0,1782358397.5906339,0.0019309520721435547
2125,normal,3624,0,1782358397.5926287,0.0019948482513427734
2126,normal,3268,1,1782358397.5945132,0.00188446044921875
2127,normal,498,0,1782358397.5965571,0.0020439624786376953
2128,normal,649,0,1782358397.598563,0.0020058155059814453
2129,normal,3013,0,1782358397.6005635,0.002000570297241211
2130,normal,2958,0,1782358397.6025906,0.0020270347595214844
2131,normal,218,0,1782358397.6046395,0.002048969268798828
2132,normal,835,2,1782358397.6065125,0.001873016357421875
2133,normal,1653,0,1782358397.6085913,0.0020787715911865234
2134,normal,2611,0,1782358397.6106021,0.002010822296142578
2135,normal,1610,0,1782358397.6125455,0.001943349838256836
2136,normal,1004,2,1782358397.6145988,0.0020532608032226562
2137,normal,1696,0,1782358397.6165864,0.0019876956939697266
2138,normal,1044,0,1782358397.6185055,0.0019190311431884766
2139,normal,3400,1,1782358397.6205673,0.0020618438720703125
2140,normal,1528,0,1782358397.6225696,0.002002239227294922
2141,normal,1429,0,1782358397.6245015,0.001931905746459961
2142,normal,593,0,1782358397.6265695,0.002068042755126953
2143,normal,2738,0,1782358397.6286209,0.0020513534545898438
2144,normal,2523,0,1782358397.6305,0.0018792152404785156
2145,normal,3148,1,1782358397.6325476,0.0020475387573242188
2146,normal,1394,0,1782358397.6345496,0.0020020008087158203
2147,normal,1277,0,1782358397.636543,0.001993417739868164
2148,normal,813,2,1782358397.6385276,0.0019845962524414062
2149,normal,1455,0,1782358397.6405895,0.0020618438720703125
2150,normal,966,2,1782358397.6425254,0.0019359588623046875
2151,normal,182,0,1782358397.6446338,0.002108335494995117
2152,normal,229,0,1782358397.6466453,0.002011537551879883
2153,normal,447,0,1782358397.6485126,0.0018672943115234375
2154,normal,356,0,1782358397.6505857,0.002073049545288086
2155,normal,250,0,1782358397.6525884,0.002002716064453125
2156,normal,881,2,1782358397.6545486,0.001960277557373047
2157,normal,419,0,1782358397.6564848,0.001936197280883789
2158,normal,3672,0,1782358397.658546,0.002061128616333008
2159,normal,2048,0,1782358397.6607435,0.0021975040435791016
2160,normal,2600,0,1782358397.6625216,0.0017781257629394531
2161,normal,651,0,1782358397.664764,0.0022423267364501953
2162,normal,42,0,1782358397.6666613,0.0018973350524902344
2163,normal,3032,0,1782358397.6686165,0.001955270767211914
2164,normal,2729,0,1782358397.670649,0.0020325183868408203
2165,normal,2797,0,1782358397.6725502,0.0019011497497558594
2166,normal,3584,0,1782358397.6746573,0.0021071434020996094
2167,normal,132,0,1782358397.6767719,0.002114534378051758
2168,normal,1862,0,1782358397.6785,0.001728057861328125
2169,normal,1659,0,1782358397.6805394,0.0020394325256347656
2170,normal,1276,0,1782358397.6825416,0.002002239227294922
2171,normal,1769,0,1782358397.6845977,0.002056121826171875
2172,normal,1443,0,1782358397.6865075,0.0019097328186035156
2173,normal,1432,0,1782358397.6885448,0.0020372867584228516
2174,normal,3205,1,1782358397.6905274,0.0019826889038085938
2175,normal,3675,0,1782358397.6924844,0.001956939697265625
2176,normal,2155,0,1782358397.69484,0.0023555755615234375
2177,normal,2979,0,1782358397.6969166,0.0020766258239746094
2178,normal,1701,0,1782358397.6985958,0.0016791820526123047
2179,normal,1262,0,1782358397.7006044,0.002008676528930664
2180,normal,3157,1,1782358397.7025084,0.0019040107727050781
2181,normal,1979,0,1782358397.7045898,0.0020813941955566406
2182,normal,3080,1,1782358397.7067313,0.0021414756774902344
2183,normal,1900,0,1782358397.7085497,0.0018184185028076172
2184,normal,741,0,1782358397.7105894,0.002039670944213867
2185,normal,3326,1,1782358397.7125669,0.0019774436950683594
2186,normal,1624,0,1782358397.714556,0.001989126205444336
2187,normal,1735,0,1782358397.7165973,0.002041339874267578
2188,normal,2937,0,1782358397.7185974,0.002000093460083008
2189,normal,955,2,1782358397.7205012,0.0019037723541259766
2190,normal,2161,0,1782358397.722634,0.002132892608642578
2191,normal,2666,0,1782358397.7245922,0.001958131790161133
2192,normal,230,0,1782358397.7265034,0.001911163330078125
2193,normal,471,0,1782358397.7287982,0.002294778823852539
2194,normal,2763,0,1782358397.7305973,0.0017991065979003906
2195,normal,1876,0,1782358397.7326427,0.0020453929901123047
2196,normal,1252,0,1782358397.7345705,0.0019278526306152344
2197,normal,1129,0,1782358397.736618,0.0020475387573242188
2198,normal,3346,1,1782358397.7384899,0.0018718242645263672
2199,normal,3366,1,1782358397.740593,0.002103090286254883
2200,normal,2785,0,1782358397.7426186,0.002025604248046875
2201,normal,3210,1,1782358397.7445533,0.0019347667694091797
2202,normal,2489,0,1782358397.7467186,0.0021653175354003906
2203,normal,2238,0,1782358397.7486281,0.001909494400024414
2204,normal,2474,0,1782358397.750502,0.0018739700317382812
2205,normal,3225,1,1782358397.7527688,0.0022666454315185547
2206,normal,3072,1,1782358397.7549312,0.002162456512451172
2207,normal,1733,0,1782358397.7565846,0.001653432846069336
2208,normal,111,0,1782358397.758566,0.0019812583923339844
2209,normal,3502,0,1782358397.7605882,0.002022266387939453
2210,normal,2645,0,1782358397.7624948,0.0019066333770751953
2211,normal,434,0,1782358397.7645674,0.002072572708129883
2212,normal,587,0,1782358397.7665696,0.002002239227294922
2213,normal,368,0,1782358397.7685654,0.0019958019256591797
2214,normal,1399,0,1782358397.77055,0.0019845962524414062
2215,normal,2816,0,1782358397.7726383,0.002088308334350586
2216,normal,1665,0,1782358397.7744963,0.0018579959869384766
2217,normal,1880,0,1782358397.7765858,0.0020895004272460938
2218,normal,3538,0,1782358397.7786047,0.0020189285278320312
2219,normal,348,0,1782358397.7805598,0.0019550323486328125
2220,normal,841,2,1782358397.7825687,0.0020089149475097656
2221,normal,1437,0,1782358397.7845936,0.0020248889923095703
2222,normal,2753,0,1782358397.786506,0.0019123554229736328
2223,normal,781,2,1782358397.7885532,0.002047300338745117
2224,normal,3004,0,1782358397.7905548,0.002001523971557617
2225,normal,2146,0,1782358397.79251,0.001955270767211914
2226,normal,507,0,1782358397.7945557,0.0020456314086914062
2227,normal,2629,0,1782358397.7965596,0.002003908157348633
2228,normal,814,2,1782358397.7985837,0.0020241737365722656
2229,normal,2276,0,1782358397.8005567,0.0019729137420654297
2230,normal,2822,0,1782358397.8025668,0.0020101070404052734
2231,normal,959,2,1782358397.8044965,0.0019297599792480469
2232,normal,3053,1,1782358397.8065503,0.0020537376403808594
2233,normal,3552,0,1782358397.8085542,0.002003908157348633
2234,normal,611,0,1782358397.8105905,0.0020363330841064453
2235,normal,1935,0,1782358397.8126059,0.002015352249145508
2236,normal,1629,0,1782358397.8146286,0.0020227432250976562
2237,normal,1447,0,1782358397.816533,0.0019044876098632812
2238,normal,1349,1,1782358397.818602,0.0020689964294433594
2239,normal,1209,0,1782358397.8205864,0.0019843578338623047
2240,normal,509,0,1782358397.82255,0.0019636154174804688
2241,normal,1527,0,1782358397.8245573,0.0020072460174560547
2242,normal,3677,0,1782358397.826556,0.0019986629486083984
2243,normal,2663,0,1782358397.8284826,0.0019266605377197266
2244,normal,3158,1,1782358397.8308082,0.0023255348205566406
2245,normal,2335,0,1782358397.8325315,0.0017232894897460938
2246,normal,844,2,1782358397.8346045,0.002073049545288086
2247,normal,2321,0,1782358397.836591,0.0019865036010742188
2248,normal,2879,0,1782358397.8386483,0.002057313919067383
2249,normal,2683,0,1782358397.8405533,0.0019049644470214844
2250,normal,1689,0,1782358397.8426225,0.002069234848022461
2251,normal,202,0,1782358397.8446815,0.0020589828491210938
2252,normal,3114,1,1782358397.8467033,0.00202178955078125
2253,normal,1956,0,1782358397.8485887,0.0018854141235351562
2254,normal,1575,0,1782358397.8505642,0.001975536346435547
2255,normal,3009,0,1782358397.8524857,0.0019214153289794922
2256,normal,2935,0,1782358397.8545892,0.002103567123413086
2257,normal,330,0,1782358397.8565962,0.002007007598876953
2258,normal,3112,1,1782358397.858538,0.001941680908203125
2259,normal,912,2,1782358397.860542,0.0020041465759277344
2260,normal,2704,0,1782358397.8625374,0.0019953250885009766
2261,normal,1770,0,1782358397.8647776,0.0022401809692382812
2262,normal,1353,1,1782358397.8667042,0.0019266605377197266
2263,normal,2737,0,1782358397.8686228,0.0019185543060302734
2264,normal,2116,0,1782358397.8705142,0.0018913745880126953
2265,normal,2397,0,1782358397.8725643,0.002050161361694336
2266,normal,2669,0,1782358397.8745694,0.0020051002502441406
2267,normal,144,0,1782358397.8766353,0.002065896987915039
2268,normal,1299,0,1782358397.8785594,0.0019240379333496094
2269,normal,3285,1,1782358397.880588,0.0020287036895751953
2270,normal,1814,0,1782358397.8825035,0.0019154548645019531
2271,normal,851,2,1782358397.884596,0.002092599868774414
2272,normal,723,0,1782358397.8865829,0.0019867420196533203
2273,normal,2119,0,1782358397.8885112,0.0019283294677734375
2274,normal,709,0,1782358397.8905551,0.0020439624786376953
2275,normal,3136,1,1782358397.8926313,0.0020761489868164062
2276,normal,1256,0,1782358397.894515,0.0018837451934814453
2277,normal,3511,0,1782358397.8965902,0.0020751953125
2278,normal,2659,0,1782358397.8986986,0.002108335494995117
2279,normal,3484,0,1782358397.9007413,0.0020427703857421875
2280,normal,3528,0,1782358397.9027035,0.0019621849060058594
2281,normal,2923,0,1782358397.9047325,0.002028942108154297
2282,normal,528,0,1782358397.906551,0.0018184185028076172
2283,normal,2916,0,1782358397.908589,0.0020380020141601562
2284,normal,3702,0,1782358397.9109502,0.002361297607421875
2285,normal,1777,0,1782358397.9125094,0.0015592575073242188
2286,normal,2941,0,1782358397.9146414,0.002131938934326172
2287,normal,373,0,1782358397.9167275,0.002086162567138672
2288,normal,2262,0,1782358397.918707,0.001979351043701172
2289,normal,3101,1,1782358397.920848,0.0021409988403320312
2290,normal,2304,0,1782358397.9225202,0.0016722679138183594
2291,normal,2115,0,1782358397.9245594,0.002039194107055664
2292,normal,149,0,1782358397.926931,0.002371549606323242
2293,normal,3644,0,1782358397.9286988,0.001767873764038086
2294,normal,1822,0,1782358397.930535,0.0018362998962402344
2295,normal,2173,0,1782358397.9325447,0.0020096302032470703
2296,normal,487,0,1782358397.9345825,0.0020377635955810547
2297,normal,3131,1,1782358397.936495,0.0019125938415527344
2298,normal,482,0,1782358397.938538,0.002043008804321289
2299,normal,3339,1,1782358397.940541,0.0020029544830322266
2300,normal,440,0,1782358397.9425185,0.0019774436950683594
2301,normal,759,0,1782358397.9445865,0.002068042755126953
2302,normal,2218,0,1782358397.9466603,0.0020737648010253906
2303,normal,3506,0,1782358397.9484942,0.0018339157104492188
2304,normal,381,0,1782358397.9505627,0.0020685195922851562
2305,normal,598,0,1782358397.9526076,0.0020449161529541016
2306,normal,164,0,1782358397.9545226,0.00191497802734375
2307,normal,239,0,1782358397.9566169,0.002094268798828125
2308,normal,1793,0,1782358397.9585419,0.0019249916076660156
2309,normal,2128,0,1782358397.960491,0.0019490718841552734
2310,normal,2231,0,1782358397.9625533,0.0020623207092285156
2311,normal,1511,0,1782358397.9645295,0.0019762516021728516
2312,normal,3245,1,1782358397.9665248,0.0019953250885009766
2313,normal,2631,0,1782358397.9685335,0.002008676528930664
2314,normal,2789,0,1782358397.9705546,0.0020210742950439453
2315,normal,1589,0,1782358397.97256,0.002005338668823242
2316,normal,556,0,1782358397.9745982,0.002038240432739258
2317,normal,1143,0,1782358397.9765525,0.001954317092895508
2318,normal,2537,0,1782358397.9785388,0.001986265182495117
2319,normal,3545,0,1782358397.9805412,0.0020024776458740234
2320,normal,91,0,1782358397.982532,0.001990795135498047
2321,normal,1622,0,1782358397.9845297,0.001997709274291992
2322,normal,1089,0,1782358397.9865596,0.002029895782470703
2323,normal,3006,0,1782358397.9885685,0.0020089149475097656
2324,normal,2865,0,1782358397.9905386,0.001970052719116211
2325,normal,551,0,1782358397.9926102,0.0020716190338134766
2326,normal,2357,0,1782358397.9945533,0.0019431114196777344
2327,normal,2252,0,1782358397.996542,0.001988649368286133
2328,normal,209,0,1782358397.9985843,0.0020422935485839844
2329,normal,1248,0,1782358398.0005581,0.001973867416381836
2330,normal,2744,0,1782358398.0025437,0.0019855499267578125
2331,normal,338,0,1782358398.0045493,0.0020055770874023438
2332,normal,1070,0,1782358398.006583,0.002033710479736328
2333,normal,625,0,1782358398.0085263,0.001943349838256836
2334,normal,109,0,1782358398.0105593,0.0020329952239990234
2335,normal,3686,0,1782358398.0125961,0.0020368099212646484
2336,normal,824,2,1782358398.014602,0.0020058155059814453
2337,normal,2290,0,1782358398.0166383,0.0020363330841064453
2338,normal,594,0,1782358398.0186236,0.001985311508178711
2339,normal,171,0,1782358398.0206106,0.001986980438232422
2340,normal,1406,0,1782358398.0228002,0.00218963623046875
2341,normal,1265,0,1782358398.0245204,0.0017201900482177734
2342,normal,3001,0,1782358398.0266106,0.0020902156829833984
2343,normal,1436,0,1782358398.028512,0.001901388168334961
2344,normal,846,2,1782358398.0306516,0.002139568328857422
2345,normal,3570,0,1782358398.0326006,0.0019490718841552734
2346,normal,1672,0,1782358398.0346458,0.002045154571533203
2347,normal,3537,0,1782358398.036612,0.001966238021850586
2348,normal,3556,0,1782358398.0385892,0.001977205276489258
2349,normal,577,0,1782358398.0408738,0.002284526824951172
2350,normal,982,2,1782358398.042656,0.0017821788787841797
2351,normal,3466,0,1782358398.0445008,0.0018448829650878906
2352,normal,2863,0,1782358398.0466871,0.002186298370361328
2353,normal,2095,0,1782358398.048632,0.0019447803497314453
2354,normal,1334,1,1782358398.0506155,0.001983642578125
2355,normal,2759,0,1782358398.0526502,0.0020346641540527344
2356,normal,1094,0,1782358398.0546422,0.0019919872283935547
2357,normal,3263,1,1782358398.056693,0.0020508766174316406
2358,normal,2481,0,1782358398.0586855,0.001992464065551758
2359,normal,504,0,1782358398.0606253,0.0019397735595703125
2360,normal,1857,0,1782358398.0625994,0.0019741058349609375
2361,normal,256,0,1782358398.064631,0.002031564712524414
2362,normal,3077,1,1782358398.0665522,0.0019211769104003906
2363,normal,2012,0,1782358398.068737,0.0021848678588867188
2364,normal,1493,0,1782358398.0705674,0.0018303394317626953
2365,normal,1187,0,1782358398.072697,0.0021295547485351562
2366,normal,3452,0,1782358398.0746317,0.0019347667694091797
2367,normal,2236,0,1782358398.0766556,0.002023935317993164
2368,normal,2197,0,1782358398.0788589,0.002203226089477539
2369,normal,937,2,1782358398.0806315,0.0017726421356201172
2370,normal,101,0,1782358398.08273,0.002098560333251953
2371,normal,153,0,1782358398.0846376,0.0019075870513916016
2372,normal,626,0,1782358398.086738,0.0021004676818847656
2373,normal,380,0,1782358398.0885816,0.0018434524536132812
2374,normal,3503,0,1782358398.0906162,0.0020346641540527344
2375,normal,99,0,1782358398.0926116,0.0019953250885009766
2376,normal,1259,0,1782358398.0946872,0.002075672149658203
2377,normal,3327,1,1782358398.0967147,0.0020275115966796875
2378,normal,29,0,1782358398.0986867,0.0019719600677490234
2379,normal,2897,0,1782358398.1007836,0.002096891403198242
2380,normal,3482,0,1782358398.1025581,0.0017745494842529297
2381,normal,9,0,1782358398.1045413,0.001983165740966797
2382,normal,110,0,1782358398.1067827,0.002241373062133789
2383,normal,1905,0,1782358398.108736,0.0019533634185791016
2384,normal,439,0,1782358398.1105547,0.0018186569213867188
2385,normal,1566,0,1782358398.1126287,0.002074003219604492
2386,normal,2098,0,1782358398.1146176,0.0019888877868652344
2387,normal,1921,0,1782358398.1165245,0.0019068717956542969
2388,normal,2538,0,1782358398.11861,0.002085447311401367
2389,normal,2424,0,1782358398.1206338,0.002023935317993164
2390,normal,2480,0,1782358398.122555,0.0019211769104003906
2391,normal,392,0,1782358398.1246927,0.0021376609802246094
2392,normal,2440,0,1782358398.126532,0.0018393993377685547
2393,normal,695,0,1782358398.1286526,0.002120494842529297
2394,normal,3384,1,1782358398.130553,0.0019004344940185547
2395,normal,3457,0,1782358398.1326876,0.002134561538696289
2396,normal,1419,0,1782358398.1345835,0.001895904541015625
2397,normal,548,0,1782358398.1366124,0.002028942108154297
2398,normal,2693,0,1782358398.1386418,0.0020294189453125
2399,normal,90,0,1782358398.1406057,0.0019638538360595703
2400,normal,163,0,1782358398.1426337,0.0020279884338378906
2401,normal,2882,0,1782358398.1446316,0.0019979476928710938
2402,normal,500,0,1782358398.1465414,0.0019097328186035156
2403,normal,1292,0,1782358398.1486557,0.0021142959594726562
2404,normal,2986,0,1782358398.1506982,0.002042531967163086
2405,normal,3323,1,1782358398.152546,0.0018477439880371094
2406,normal,1013,2,1782358398.154633,0.002087116241455078
2407,normal,1524,0,1782358398.156629,0.0019960403442382812
2408,normal,1104,0,1782358398.1585279,0.0018987655639648438
2409,normal,3129,1,1782358398.160707,0.0021791458129882812
2410,normal,2281,0,1782358398.162553,0.0018460750579833984
2411,normal,2201,0,1782358398.1646538,0.002100706100463867
2412,normal,2141,0,1782358398.1666245,0.0019707679748535156
2413,normal,3665,0,1782358398.1687164,0.0020918846130371094
2414,normal,969,2,1782358398.1705465,0.0018301010131835938
2415,normal,2359,0,1782358398.1726491,0.0021026134490966797
2416,normal,1127,0,1782358398.1747465,0.0020973682403564453
2417,normal,2771,0,1782358398.1765246,0.0017781257629394531
2418,normal,3374,1,1782358398.1786299,0.002105236053466797
2419,normal,357,0,1782358398.1807356,0.002105712890625
2420,normal,2370,0,1782358398.1825526,0.0018169879913330078
2421,normal,744,0,1782358398.1847665,0.0022139549255371094
2422,normal,2007,0,1782358398.1866746,0.0019080638885498047
2423,normal,1570,0,1782358398.1885815,0.0019068717956542969
2424,normal,270,0,1782358398.1906903,0.0021088123321533203
2425,normal,1315,0,1782358398.1928048,0.002114534378051758
2426,normal,1731,0,1782358398.1946435,0.00183868408203125
2427,normal,1722,0,1782358398.196704,0.002060413360595703
2428,normal,1868,0,1782358398.1988022,0.0020983219146728516
2429,normal,3608,0,1782358398.2005935,0.001791238784790039
2430,normal,1549,0,1782358398.2026951,0.0021016597747802734
2431,normal,2981,0,1782358398.2047317,0.002036571502685547
2432,normal,2160,0,1782358398.2065473,0.0018155574798583984
2433,normal,702,0,1782358398.2086246,0.002077341079711914
2434,normal,2966,0,1782358398.2107773,0.002152681350708008
2435,normal,489,0,1782358398.2125099,0.0017325878143310547
2436,normal,1942,0,1782358398.2146304,0.002120494842529297
2437,normal,345,0,1782358398.216731,0.002100706100463867
2438,normal,3603,0,1782358398.2185323,0.0018012523651123047
2439,normal,748,0,1782358398.2206352,0.0021028518676757812
2440,normal,636,0,1782358398.223202,0.002566814422607422
2441,normal,3155,1,1782358398.224651,0.0014491081237792969
2442,normal,1120,0,1782358398.2265422,0.0018911361694335938
2443,normal,1312,0,1782358398.2286534,0.002111196517944336
2444,normal,87,0,1782358398.2305374,0.0018839836120605469
2445,normal,787,2,1782358398.2326443,0.002106904983520508
2446,normal,3197,1,1782358398.2347085,0.002064228057861328
2447,normal,592,0,1782358398.236556,0.0018475055694580078
2448,normal,2967,0,1782358398.2386389,0.00208282470703125
2449,normal,138,0,1782358398.2406394,0.002000570297241211
2450,normal,319,0,1782358398.2425842,0.0019447803497314453
2451,normal,1270,0,1782358398.2446525,0.0020682811737060547
2452,normal,1554,0,1782358398.2466488,0.001996278762817383
2453,normal,307,0,1782358398.2485588,0.0019099712371826172
2454,normal,3175,1,1782358398.2507732,0.0022144317626953125
2455,normal,2862,0,1782358398.25261,0.0018367767333984375
2456,normal,2385,0,1782358398.254587,0.0019769668579101562
2457,normal,313,0,1782358398.2566528,0.002065896987915039
2458,normal,2718,0,1782358398.2588558,0.0022029876708984375
2459,normal,1873,0,1782358398.260551,0.0016951560974121094
2460,normal,2573,0,1782358398.262646,0.0020949840545654297
2461,normal,3429,0,1782358398.2646966,0.002050638198852539
2462,normal,3590,0,1782358398.2666013,0.0019047260284423828
2463,normal,2808,0,1782358398.268582,0.0019807815551757812
2464,normal,2072,0,1782358398.2705803,0.0019981861114501953
2465,normal,3613,0,1782358398.2725558,0.001975536346435547
2466,normal,544,0,1782358398.274749,0.0021932125091552734
2467,normal,2442,0,1782358398.2766871,0.0019381046295166016
2468,normal,2742,0,1782358398.2786167,0.0019295215606689453
2469,normal,3698,0,1782358398.2806177,0.002001047134399414
2470,normal,1377,1,1782358398.2825568,0.0019390583038330078
2471,normal,2820,0,1782358398.2847672,0.002210378646850586
2472,normal,454,0,1782358398.2867115,0.0019443035125732422
2473,normal,3066,1,1782358398.288604,0.0018925666809082031
2474,normal,826,2,1782358398.2905085,0.0019044876098632812
2475,normal,930,2,1782358398.2926986,0.002190113067626953
2476,normal,353,0,1782358398.2946377,0.0019390583038330078
2477,normal,2999,0,1782358398.2965167,0.001878976821899414
2478,normal,3445,0,1782358398.298643,0.002126455307006836
2479,normal,465,0,1782358398.3006003,0.0019571781158447266
2480,normal,1347,1,1782358398.3026094,0.002009153366088867
2481,normal,2314,0,1782358398.304533,0.0019235610961914062
2482,normal,1533,0,1782358398.3066227,0.0020897388458251953
2483,normal,1240,0,1782358398.3085072,0.00188446044921875
2484,normal,2786,0,1782358398.3105798,0.002072572708129883
2485,normal,760,0,1782358398.3125956,0.002015829086303711
2486,normal,2804,0,1782358398.3145523,0.0019567012786865234
2487,normal,1615,0,1782358398.3165944,0.002042055130004883
2488,normal,2792,0,1782358398.318656,0.002061605453491211
2489,normal,3372,1,1782358398.3205678,0.0019118785858154297
2490,normal,2970,0,1782358398.322564,0.0019960403442382812
2491,normal,341,0,1782358398.3246605,0.0020966529846191406
2492,normal,2594,0,1782358398.3265665,0.0019059181213378906
2493,normal,3651,0,1782358398.3285682,0.0020017623901367188
2494,normal,1710,0,1782358398.3306916,0.0021233558654785156
2495,normal,2930,0,1782358398.3326068,0.0019152164459228516
2496,normal,3512,0,1782358398.3345056,0.0018987655639648438
2497,normal,3221,1,1782358398.3365564,0.0020508766174316406
2498,normal,3259,1,1782358398.338567,0.0020105838775634766
2499,normal,1444,0,1782358398.3405902,0.0020232200622558594
2500,normal,1825,0,1782358398.3425648,0.0019745826721191406
2501,normal,1182,0,1782358398.3445632,0.001998424530029297
2502,normal,1410,0,1782358398.3465924,0.0020291805267333984
2503,normal,3620,0,1782358398.3487852,0.0021927356719970703
2504,normal,2029,0,1782358398.3505955,0.001810312271118164
2505,normal,1519,0,1782358398.3525977,0.002002239227294922
2506,normal,1957,0,1782358398.354618,0.0020203590393066406
2507,normal,3544,0,1782358398.3565052,0.0018870830535888672
2508,normal,778,2,1782358398.3585854,0.002080202102661133
2509,normal,3474,0,1782358398.3605702,0.001984834671020508
2510,normal,1938,0,1782358398.362557,0.0019867420196533203
2511,normal,484,0,1782358398.3645666,0.0020096302032470703
2512,normal,1755,0,1782358398.3665664,0.0019998550415039062
2513,normal,1367,1,1782358398.3684962,0.0019297599792480469
2514,normal,2372,0,1782358398.3708172,0.002321004867553711
2515,normal,2253,0,1782358398.3725884,0.0017712116241455078
2516,normal,3594,0,1782358398.374516,0.0019276142120361328
2517,normal,2634,0,1782358398.376569,0.0020530223846435547
2518,normal,2910,0,1782358398.3786118,0.0020427703857421875
2519,normal,1335,1,1782358398.3806288,0.0020170211791992188
2520,normal,1086,0,1782358398.382529,0.0019001960754394531
2521,normal,2776,0,1782358398.384592,0.0020630359649658203
2522,normal,1939,0,1782358398.3865423,0.0019502639770507812
2523,normal,672,0,1782358398.38861,0.00206756591796875
2524,normal,1658,0,1782358398.390556,0.0019462108612060547
2525,normal,2620,0,1782358398.3924954,0.0019392967224121094
2526,normal,98,0,1782358398.3945847,0.002089262008666992
2527,normal,2449,0,1782358398.396604,0.0020194053649902344
2528,normal,3424,0,1782358398.398504,0.0018999576568603516
2529,normal,690,0,1782358398.4005575,0.002053499221801758
2530,normal,2511,0,1782358398.4025457,0.0019881725311279297
2531,normal,2183,0,1782358398.404547,0.0020012855529785156
2532,normal,2648,0,1782358398.406568,0.0020210742950439453
2533,normal,1267,0,1782358398.40895,0.002382040023803711
2534,normal,475,0,1782358398.4106338,0.0016837120056152344
2535,normal,2184,0,1782358398.4125233,0.0018894672393798828
2536,normal,2468,0,1782358398.4145634,0.0020401477813720703
2537,normal,518,0,1782358398.4165013,0.0019378662109375
2538,normal,2987,0,1782358398.4185839,0.0020825862884521484
2539,normal,358,0,1782358398.4206264,0.002042531967163086
2540,normal,82,0,1782358398.422594,0.0019676685333251953
2541,normal,1732,0,1782358398.424594,0.0019998550415039062
2542,normal,3514,0,1782358398.4265685,0.0019745826721191406
2543,normal,2154,0,1782358398.4285626,0.0019941329956054688
2544,normal,2602,0,1782358398.4305956,0.0020329952239990234
2545,normal,3008,0,1782358398.4325883,0.0019927024841308594
2546,normal,1602,0,1782358398.4345126,0.001924276351928711
2547,normal,1786,0,1782358398.4366598,0.002147197723388672
2548,normal,1037,0,1782358398.4386063,0.0019464492797851562
2549,normal,1867,0,1782358398.4405155,0.0019092559814453125
2550,normal,2322,0,1782358398.44265,0.002134561538696289
2551,normal,156,0,1782358398.4447708,0.0021207332611083984
2552,normal,2736,0,1782358398.4465418,0.0017709732055664062
2553,normal,2362,0,1782358398.4486415,0.002099752426147461
2554,normal,2172,0,1782358398.4506538,0.0020122528076171875
2555,normal,2761,0,1782358398.4525552,0.001901388168334961
2556,normal,2881,0,1782358398.454542,0.0019867420196533203
2557,normal,2309,0,1782358398.4565697,0.002027750015258789
2558,normal,3668,0,1782358398.458598,0.002028226852416992
2559,normal,3470,0,1782358398.4605243,0.001926422119140625
2560,normal,225,0,1782358398.462631,0.0021066665649414062
2561,normal,2088,0,1782358398.464618,0.001986980438232422
2562,normal,1183,0,1782358398.466593,0.0019750595092773438
2563,normal,366,0,1782358398.4685647,0.001971721649169922
2564,normal,2317,0,1782358398.4707685,0.002203702926635742
2565,normal,3579,0,1782358398.4726846,0.0019161701202392578
2566,normal,1581,0,1782358398.4746022,0.0019176006317138672
2567,normal,2137,0,1782358398.476509,0.0019068717956542969
2568,normal,1358,1,1782358398.478588,0.002079010009765625
2569,normal,2001,0,1782358398.4805844,0.001996278762817383
2570,normal,1472,0,1782358398.4825583,0.001973867416381836
2571,normal,1878,0,1782358398.48455,0.001991748809814453
2572,normal,116,0,1782358398.4865663,0.002016305923461914
2573,normal,1607,0,1782358398.4887102,0.00214385986328125
2574,normal,650,0,1782358398.4906278,0.0019176006317138672
2575,normal,3389,1,1782358398.4926121,0.0019843578338623047
2576,normal,696,0,1782358398.4945056,0.0018935203552246094
2577,normal,3211,1,1782358398.4965918,0.002086162567138672
2578,normal,2968,0,1782358398.4985917,0.0019998550415039062
2579,normal,634,0,1782358398.5007217,0.0021300315856933594
2580,normal,3321,1,1782358398.5025208,0.0017991065979003906
2581,normal,850,2,1782358398.5045922,0.002071380615234375
2582,normal,1706,0,1782358398.5065393,0.001947164535522461
2583,normal,2846,0,1782358398.5087757,0.0022363662719726562
2584,normal,673,0,1782358398.5114667,0.002691030502319336
2585,normal,1688,0,1782358398.51254,0.0010733604431152344
2586,normal,3643,0,1782358398.5146315,0.0020914077758789062
2587,normal,924,2,1782358398.5165431,0.0019116401672363281
2588,normal,1296,0,1782358398.5185926,0.0020494461059570312
2589,normal,3307,1,1782358398.5205865,0.001993894577026367
2590,normal,2403,0,1782358398.5225513,0.0019648075103759766
2591,normal,788,2,1782358398.5245514,0.002000093460083008
2592,normal,3135,1,1782358398.526551,0.0019996166229248047
2593,normal,2556,0,1782358398.5285587,0.002007722854614258
2594,normal,2539,0,1782358398.5305464,0.0019876956939697266
2595,normal,11,0,1782358398.5325007,0.001954317092895508
2596,normal,1918,0,1782358398.5345926,0.0020918846130371094
2597,normal,2307,0,1782358398.536522,0.0019292831420898438
2598,normal,1506,0,1782358398.5386121,0.0020902156829833984
2599,normal,554,0,1782358398.5405877,0.001975536346435547
2600,normal,283,0,1782358398.542524,0.0019364356994628906
2601,normal,3439,0,1782358398.544582,0.002057790756225586
2602,normal,3172,1,1782358398.5465622,0.001980304718017578
2603,normal,2010,0,1782358398.5485916,0.0020294189453125
2604,normal,3324,1,1782358398.550492,0.0019004344940185547
2605,normal,3189,1,1782358398.5525599,0.0020678043365478516
2606,normal,1986,0,1782358398.5545468,0.001986980438232422
2607,normal,192,0,1782358398.5565588,0.002012014389038086
2608,normal,1739,0,1782358398.5586083,0.0020494461059570312
2609,normal,1036,0,1782358398.5605037,0.0018954277038574219
2610,normal,3289,1,1782358398.5626416,0.002137899398803711
2611,normal,3110,1,1782358398.5646572,0.0020155906677246094
2612,normal,863,2,1782358398.5666082,0.001950979232788086
2613,normal,3515,0,1782358398.5686812,0.002073049545288086
2614,normal,1738,0,1782358398.5706294,0.0019481182098388672
2615,normal,2532,0,1782358398.572593,0.0019636154174804688
2616,normal,1021,2,1782358398.5746489,0.0020558834075927734
2617,normal,2235,0,1782358398.5765536,0.0019047260284423828
2618,normal,3629,0,1782358398.5785475,0.001993894577026367
2619,normal,1476,0,1782358398.5804753,0.0019278526306152344
2620,normal,206,0,1782358398.5826013,0.002125978469848633
2621,normal,2407,0,1782358398.5845945,0.0019931793212890625
2622,normal,2483,0,1782358398.5865505,0.0019559860229492188
2623,normal,2210,0,1782358398.5885446,0.0019941329956054688
2624,normal,50,0,1782358398.5905313,0.0019867420196533203
2625,normal,146,0,1782358398.592479,0.001947641372680664
2626,normal,282,0,1782358398.5947897,0.0023107528686523438
2627,normal,1509,0,1782358398.596629,0.0018391609191894531
2628,normal,1521,0,1782358398.5985992,0.0019702911376953125
2629,normal,2405,0,1782358398.6006062,0.002007007598876953
2630,normal,1411,0,1782358398.6025267,0.001920461654663086
2631,normal,557,0,1782358398.6045506,0.002023935317993164
2632,normal,3344,1,1782358398.606561,0.002010345458984375
2633,normal,393,0,1782358398.608583,0.0020220279693603516
2634,normal,2096,0,1782358398.610502,0.0019190311431884766
2635,normal,1038,0,1782358398.6126447,0.002142667770385742
2636,normal,2928,0,1782358398.6145403,0.0018956661224365234
2637,normal,3504,0,1782358398.6165977,0.002057313919067383
2638,normal,806,2,1782358398.6185565,0.0019588470458984375
2639,normal,1599,0,1782358398.6205528,0.001996278762817383
2640,normal,909,2,1782358398.6225677,0.0020148754119873047
2641,normal,2020,0,1782358398.6245852,0.002017498016357422
2642,normal,3635,0,1782358398.6265101,0.0019249916076660156
2643,normal,1239,0,1782358398.628631,0.0021209716796875
2644,normal,0,0,1782358398.6306107,0.0019795894622802734
2645,normal,1909,0,1782358398.6325147,0.0019040107727050781
2646,normal,2009,0,1782358398.6347272,0.0022125244140625
2647,normal,3606,0,1782358398.6366098,0.0018825531005859375
2648,normal,1191,0,1782358398.638556,0.0019462108612060547
2649,normal,2125,0,1782358398.6406245,0.0020685195922851562
2650,normal,3282,1,1782358398.6426935,0.0020689964294433594
2651,normal,578,0,1782358398.644614,0.001920461654663086
2652,normal,1950,0,1782358398.6465864,0.0019724369049072266
2653,normal,2227,0,1782358398.6485531,0.001966714859008789
2654,normal,1457,0,1782358398.6505919,0.002038717269897461
2655,normal,654,0,1782358398.6526031,0.0020112991333007812
2656,normal,1026,2,1782358398.654618,0.0020148754119873047
2657,normal,1891,0,1782358398.6565533,0.0019352436065673828
2658,normal,1553,0,1782358398.6587212,0.002167940139770508
2659,normal,2783,0,1782358398.6605694,0.0018482208251953125
2660,normal,2107,0,1782358398.6625009,0.0019314289093017578
2661,normal,3428,0,1782358398.6646614,0.0021605491638183594
2662,normal,1274,0,1782358398.6667278,0.002066373825073242
2663,normal,102,0,1782358398.6686356,0.0019078254699707031
2664,normal,1119,0,1782358398.6705494,0.0019137859344482422
2665,normal,1520,0,1782358398.6726053,0.0020558834075927734
2666,normal,1642,0,1782358398.674515,0.0019097328186035156
2667,normal,1228,0,1782358398.6765637,0.0020487308502197266
2668,normal,2187,0,1782358398.6785867,0.002022981643676758
2669,normal,3654,0,1782358398.6805396,0.0019528865814208984
2670,normal,1105,0,1782358398.6826265,0.0020868778228759766
2671,normal,809,2,1782358398.684617,0.0019905567169189453
2672,normal,907,2,1782358398.6865325,0.0019154548645019531
2673,normal,1030,0,1782358398.6885917,0.0020592212677001953
2674,normal,899,2,1782358398.6906016,0.002009868621826172
2675,normal,776,2,1782358398.692562,0.0019605159759521484
2676,normal,866,2,1782358398.6945665,0.002004384994506836
2677,normal,3097,1,1782358398.696591,0.002024412155151367
2678,normal,1389,0,1782358398.6985116,0.0019207000732421875
2679,normal,1704,0,1782358398.700593,0.0020813941955566406
2680,normal,3173,1,1782358398.702586,0.001992940902709961
2681,normal,2965,0,1782358398.7045624,0.001976490020751953
2682,normal,2497,0,1782358398.706594,0.002031564712524414
2683,normal,2550,0,1782358398.7088351,0.0022411346435546875
2684,normal,2733,0,1782358398.7105367,0.0017015933990478516
2685,normal,3269,1,1782358398.7125595,0.0020227432250976562
2686,normal,2796,0,1782358398.7145905,0.002031087875366211
2687,normal,3195,1,1782358398.7165015,0.0019109249114990234
2688,normal,3199,1,1782358398.7185597,0.002058267593383789
2689,normal,3596,0,1782358398.7205431,0.0019834041595458984
2690,normal,1587,0,1782358398.7226126,0.0020694732666015625
2691,normal,1736,0,1782358398.7245386,0.0019259452819824219
2692,normal,3249,1,1782358398.726656,0.0021173954010009766
2693,normal,1164,0,1782358398.7285652,0.0019092559814453125
2694,normal,3050,1,1782358398.730621,0.0020558834075927734
2695,normal,1286,0,1782358398.7326112,0.001990079879760742
2696,normal,1920,0,1782358398.734514,0.0019028186798095703
2697,normal,1130,0,1782358398.736608,0.0020940303802490234
2698,normal,2894,0,1782358398.7385604,0.0019524097442626953
2699,normal,842,2,1782358398.7404861,0.0019257068634033203
2700,normal,807,2,1782358398.742555,0.002068758010864258
2701,normal,674,0,1782358398.7446418,0.0020868778228759766
2702,normal,3281,1,1782358398.7465465,0.0019047260284423828
2703,normal,2055,0,1782358398.7485914,0.0020449161529541016
2704,normal,1603,0,1782358398.750634,0.002042531967163086
2705,normal,2423,0,1782358398.7525942,0.001960277557373047
2706,normal,2069,0,1782358398.7546434,0.0020492076873779297
2707,normal,2722,0,1782358398.7566507,0.0020072460174560547
2708,normal,1833,0,1782358398.7585602,0.001909494400024414
2709,normal,1435,0,1782358398.7606492,0.0020890235900878906
2710,normal,1558,0,1782358398.7626464,0.001997232437133789
2711,normal,1620,0,1782358398.7644978,0.0018513202667236328
2712,normal,859,2,1782358398.7667634,0.0022656917572021484
2713,normal,185,0,1782358398.7687237,0.001960277557373047
2714,normal,3254,1,1782358398.7705674,0.0018436908721923828
2715,normal,46,0,1782358398.7726898,0.0021224021911621094
2716,normal,1972,0,1782358398.7745214,0.0018315315246582031
2717,normal,1331,1,1782358398.7765062,0.001984834671020508
2718,normal,816,2,1782358398.7786016,0.002095460891723633
2719,normal,33,0,1782358398.7806044,0.002002716064453125
2720,normal,1815,0,1782358398.7829792,0.002374887466430664
2721,normal,251,0,1782358398.7848606,0.0018813610076904297
2722,normal,3317,1,1782358398.7866204,0.0017597675323486328
2723,normal,289,0,1782358398.7885828,0.001962423324584961
2724,normal,76,0,1782358398.7906568,0.002074003219604492
2725,normal,1121,0,1782358398.7926548,0.0019979476928710938
2726,normal,1686,0,1782358398.794585,0.00193023681640625
2727,normal,2062,0,1782358398.7968414,0.0022563934326171875
2728,normal,3417,0,1782358398.7985973,0.0017559528350830078
2729,normal,92,0,1782358398.8006995,0.0021021366119384766
2730,normal,2401,0,1782358398.8025565,0.0018570423126220703
2731,normal,2106,0,1782358398.8046458,0.002089262008666992
2732,normal,1526,0,1782358398.8065512,0.0019054412841796875
2733,normal,2735,0,1782358398.8086913,0.002140045166015625
2734,normal,1548,0,1782358398.8106406,0.001949310302734375
2735,normal,2658,0,1782358398.812592,0.001951456069946289
2736,normal,3657,0,1782358398.8146603,0.0020682811737060547
2737,normal,272,0,1782358398.8166463,0.0019860267639160156
2738,normal,782,2,1782358398.8188012,0.002154827117919922
2739,normal,1574,0,1782358398.8206804,0.0018792152404785156
2740,normal,391,0,1782358398.8227677,0.0020873546600341797
2741,normal,898,2,1782358398.8246417,0.0018739700317382812
2742,normal,764,0,1782358398.8266764,0.0020346641540527344
2743,normal,2675,0,1782358398.8286905,0.00201416015625
2744,normal,2827,0,1782358398.8305352,0.001844644546508789
2745,normal,2436,0,1782358398.8325927,0.0020575523376464844
2746,normal,2605,0,1782358398.8347006,0.002107858657836914
2747,normal,168,0,1782358398.8366077,0.0019071102142333984
2748,normal,1790,0,1782358398.838787,0.002179384231567383
2749,normal,3208,1,1782358398.8407362,0.0019490718841552734
2750,normal,1173,0,1782358398.8425546,0.0018184185028076172
2751,normal,2278,0,1782358398.8447075,0.0021529197692871094
2752,normal,1560,0,1782358398.8468447,0.0021371841430664062
2753,normal,2422,0,1782358398.8487382,0.0018935203552246094
2754,normal,666,0,1782358398.8505678,0.0018296241760253906
2755,normal,3171,1,1782358398.852687,0.0021190643310546875
2756,normal,1963,0,1782358398.8545606,0.0018737316131591797
2757,normal,3277,1,1782358398.8566346,0.002074003219604492
2758,normal,1385,0,1782358398.8586287,0.0019941329956054688
2759,normal,2429,0,1782358398.8606153,0.0019865036010742188
2760,normal,418,0,1782358398.8625786,0.001963376998901367
2761,normal,2678,0,1782358398.8647037,0.0021250247955322266
2762,normal,1346,1,1782358398.8666253,0.0019216537475585938
2763,normal,2223,0,1782358398.8685486,0.0019233226776123047
2764,normal,1903,0,1782358398.870652,0.0021033287048339844
2765,normal,1397,0,1782358398.8725545,0.0019025802612304688
2766,normal,1832,0,1782358398.8746567,0.0021021366119384766
2767,normal,3051,1,1782358398.8766878,0.002031087875366211
2768,normal,3200,1,1782358398.8785145,0.0018267631530761719
2769,normal,1019,2,1782358398.8806229,0.002108335494995117
2770,normal,1861,0,1782358398.8826134,0.0019905567169189453
2771,normal,751,0,1782358398.884523,0.001909494400024414
2772,normal,166,0,1782358398.8866143,0.0020914077758789062
2773,normal,312,0,1782358398.888629,0.002014636993408203
2774,normal,197,0,1782358398.8905249,0.001895904541015625
2775,normal,1111,0,1782358398.8926373,0.0021123886108398438
2776,normal,423,0,1782358398.8948379,0.002200603485107422
2777,normal,604,0,1782358398.8965468,0.001708984375
2778,normal,3074,1,1782358398.8986268,0.0020799636840820312
2779,normal,2414,0,1782358398.900613,0.001986265182495117
2780,normal,590,0,1782358398.9025135,0.0019004344940185547
2781,normal,2649,0,1782358398.9045274,0.0020139217376708984
2782,normal,1716,0,1782358398.9066122,0.0020847320556640625
2783,normal,1517,0,1782358398.9085526,0.0019404888153076172
2784,normal,2300,0,1782358398.9106581,0.0021054744720458984
2785,normal,2867,0,1782358398.9127088,0.002050638198852539
2786,normal,1040,0,1782358398.9146123,0.001903533935546875
2787,normal,1633,0,1782358398.91665,0.0020377635955810547
2788,normal,2479,0,1782358398.9186258,0.0019757747650146484
2789,normal,1480,0,1782358398.9205291,0.0019032955169677734
2790,normal,2668,0,1782358398.922637,0.002107858657836914
2791,normal,205,0,1782358398.924611,0.0019741058349609375
2792,normal,3270,1,1782358398.926517,0.0019059181213378906
2793,normal,2888,0,1782358398.9286113,0.002094268798828125
2794,normal,237,0,1782358398.9307356,0.002124309539794922
2795,normal,2076,0,1782358398.9325812,0.0018455982208251953
2796,normal,2026,0,1782358398.9346385,0.002057313919067383
2797,normal,2077,0,1782358398.9367127,0.0020742416381835938
2798,normal,3046,1,1782358398.9386258,0.0019130706787109375
2799,normal,728,0,1782358398.9407542,0.0021283626556396484
2800,normal,513,0,1782358398.9426434,0.0018892288208007812
2801,normal,2391,0,1782358398.9446027,0.0019593238830566406
2802,normal,1763,0,1782358398.9467468,0.0021440982818603516
2803,normal,2435,0,1782358398.9487236,0.0019767284393310547
2804,normal,1185,0,1782358398.9505105,0.001786947250366211
2805,normal,403,0,1782358398.9525998,0.002089262008666992
2806,normal,1699,0,1782358398.954603,0.002003192901611328
2807,normal,69,0,1782358398.9565103,0.0019073486328125
2808,normal,596,0,1782358398.9587085,0.0021982192993164062
2809,normal,3310,1,1782358398.9605982,0.0018897056579589844
2810,normal,1278,0,1782358398.9625015,0.0019032955169677734
2811,normal,3010,0,1782358398.964598,0.002096414566040039
2812,normal,2868,0,1782358398.9665954,0.0019974708557128906
2813,normal,1847,0,1782358398.9689078,0.0023124217987060547
2814,normal,1388,0,1782358398.9707992,0.0018913745880126953
2815,normal,2447,0,1782358398.9726868,0.0018875598907470703
2816,normal,3500,0,1782358398.9745216,0.001834869384765625
2817,normal,264,0,1782358398.9766119,0.0020902156829833984
2818,normal,58,0,1782358398.9786217,0.002009868621826172
2819,normal,727,0,1782358398.980549,0.0019273757934570312
2820,normal,207,0,1782358398.9828181,0.0022690296173095703
2821,normal,201,0,1782358398.984553,0.0017349720001220703
2822,normal,737,0,1782358398.9865305,0.0019774436950683594
2823,normal,36,0,1782358398.9886217,0.0020911693572998047
2824,normal,2802,0,1782358398.9906197,0.0019979476928710938
2825,normal,3618,0,1782358398.992532,0.0019123554229736328
2826,normal,284,0,1782358398.9946442,0.002112150192260742
2827,normal,2459,0,1782358398.9965656,0.0019214153289794922
2828,normal,1061,0,1782358398.9985313,0.001965761184692383
2829,normal,214,0,1782358399.0005689,0.002037525177001953
2830,normal,1282,0,1782358399.0025523,0.0019834041595458984
2831,normal,1681,0,1782358399.004815,0.0022628307342529297
2832,normal,2441,0,1782358399.0065994,0.0017843246459960938
2833,normal,2720,0,1782358399.0086524,0.0020530223846435547
2834,normal,2713,0,1782358399.010567,0.0019145011901855469
2835,normal,1740,0,1782358399.0126324,0.002065420150756836
2836,normal,547,0,1782358399.0145667,0.0019342899322509766
2837,normal,2839,0,1782358399.016537,0.0019702911376953125
2838,normal,2325,0,1782358399.0185814,0.0020444393157958984
2839,normal,1993,0,1782358399.0205963,0.0020148754119873047
2840,normal,2676,0,1782358399.0225484,0.0019521713256835938
2841,normal,1024,2,1782358399.024653,0.002104520797729492
2842,normal,2478,0,1782358399.0266447,0.001991748809814453
2843,normal,3647,0,1782358399.0284944,0.0018496513366699219
2844,normal,1022,2,1782358399.0307384,0.0022439956665039062
2845,normal,916,2,1782358399.0327258,0.001987457275390625
2846,normal,1073,0,1782358399.0346174,0.0018916130065917969
2847,normal,733,0,1782358399.0365527,0.0019352436065673828
2848,normal,1233,0,1782358399.038584,0.0020313262939453125
2849,normal,278,0,1782358399.040621,0.00203704833984375
2850,normal,2316,0,1782358399.0424984,0.0018773078918457031
2851,normal,2504,0,1782358399.0445487,0.0020503997802734375
2852,normal,1606,0,1782358399.046502,0.0019533634185791016
2853,normal,546,0,1782358399.0485847,0.0020825862884521484
2854,normal,584,0,1782358399.0506127,0.0020279884338378906
2855,normal,151,0,1782358399.0525465,0.0019338130950927734
2856,normal,2273,0,1782358399.0545502,0.0020036697387695312
2857,normal,2074,0,1782358399.056592,0.0020418167114257812
2858,normal,2517,0,1782358399.058571,0.0019791126251220703
2859,normal,1695,0,1782358399.170985,0.11241388320922852
2860,normal,3363,1,1782358399.1711462,0.00016117095947265625
2861,normal,2554,0,1782358399.1712735,0.00012731552124023438
2862,normal,2665,0,1782358399.1713836,0.00011014938354492188
2863,normal,1848,0,1782358399.1715138,0.00013017654418945312
2864,normal,2688,0,1782358399.1717603,0.0002465248107910156
2865,normal,459,0,1782358399.171953,0.0001926422119140625
2866,normal,1887,0,1782358399.172097,0.00014400482177734375
2867,normal,2791,0,1782358399.1722097,0.00011277198791503906
2868,normal,2687,0,1782358399.1723373,0.00012755393981933594
2869,normal,2408,0,1782358399.1724565,0.00011920928955078125
2870,normal,628,0,1782358399.1725683,0.00011181831359863281
2871,normal,1978,0,1782358399.172727,0.00015878677368164062
2915,normal,134,0,1782358399.1728077,8.058547973632812e-05
2916,normal,2905,0,1782358399.1745367,0.0017290115356445312
2917,normal,978,2,1782358399.1767268,0.002190113067626953
2918,normal,2494,0,1782358399.1785476,0.0018208026885986328
2919,normal,2852,0,1782358399.180597,0.0020494461059570312
2920,normal,1501,0,1782358399.1825874,0.0019903182983398438
2921,normal,2132,0,1782358399.1844904,0.0019030570983886719
2922,normal,2689,0,1782358399.186551,0.0020606517791748047
2923,normal,922,2,1782358399.188687,0.0021359920501708984
2924,normal,323,0,1782358399.1907086,0.0020215511322021484
2925,normal,493,0,1782358399.1927137,0.0020051002502441406
2926,normal,1007,2,1782358399.1947324,0.0020186901092529297
2927,normal,1485,0,1782358399.1966503,0.0019178390502929688
2928,normal,3529,0,1782358399.198643,0.0019927024841308594
2929,normal,526,0,1782358399.2006032,0.001960277557373047
2930,normal,2885,0,1782358399.2027435,0.0021402835845947266
2931,normal,597,0,1782358399.204554,0.0018105506896972656
2932,normal,1657,0,1782358399.2067041,0.0021500587463378906
2933,normal,2277,0,1782358399.2085984,0.001894235610961914
2934,normal,3507,0,1782358399.2107143,0.002115964889526367
2935,normal,2380,0,1782358399.212703,0.001988649368286133
2936,normal,3334,1,1782358399.2145343,0.0018312931060791016
2937,normal,3333,1,1782358399.2165527,0.002018451690673828
2938,normal,3432,0,1782358399.218622,0.002069234848022461
2939,normal,1042,0,1782358399.2205553,0.0019333362579345703
2940,normal,1203,0,1782358399.2226853,0.0021300315856933594
2941,normal,474,0,1782358399.2247336,0.0020482540130615234
2942,normal,220,0,1782358399.226617,0.0018835067749023438
2943,normal,2398,0,1782358399.2285674,0.0019502639770507812
2944,normal,1834,0,1782358399.2306812,0.002113819122314453
2945,normal,902,2,1782358399.2326398,0.001958608627319336
2946,normal,1168,0,1782358399.2347689,0.002129077911376953
2947,normal,2444,0,1782358399.2366264,0.0018575191497802734
2948,normal,2499,0,1782358399.238522,0.0018956661224365234
2949,normal,3376,1,1782358399.2405825,0.002060413360595703
2950,normal,3669,0,1782358399.2425635,0.001981019973754883
2951,normal,1138,0,1782358399.2445233,0.0019598007202148438
2952,normal,2607,0,1782358399.246618,0.002094745635986328
2953,normal,938,2,1782358399.2486136,0.001995563507080078
2954,normal,3415,0,1782358399.2505794,0.001965761184692383
2955,normal,2812,0,1782358399.2525816,0.002002239227294922
2956,normal,2622,0,1782358399.254651,0.0020694732666015625
2957,normal,3287,1,1782358399.256549,0.0018978118896484375
2958,normal,1631,0,1782358399.2586358,0.0020868778228759766
2959,normal,1750,0,1782358399.2606337,0.0019979476928710938
2960,normal,810,2,1782358399.2625098,0.0018761157989501953
2961,normal,1465,0,1782358399.2645884,0.002078533172607422
2962,normal,343,0,1782358399.2665913,0.0020029544830322266
2963,normal,3687,0,1782358399.2685318,0.0019404888153076172
2964,normal,2242,0,1782358399.2705297,0.0019979476928710938
2965,normal,718,0,1782358399.2726085,0.0020787715911865234
2966,normal,870,2,1782358399.274613,0.002004384994506836
2967,normal,2412,0,1782358399.2766523,0.0020394325256347656
2968,normal,2291,0,1782358399.2786229,0.001970529556274414
2969,normal,2911,0,1782358399.2805138,0.0018908977508544922
2970,normal,2078,0,1782358399.282584,0.002070188522338867
2971,normal,1261,0,1782358399.284582,0.0019979476928710938
2972,normal,1973,0,1782358399.2864864,0.0019044876098632812
2973,normal,3381,1,1782358399.2886288,0.0021424293518066406
2974,normal,2984,0,1782358399.290627,0.0019981861114501953
2975,normal,1582,0,1782358399.2925818,0.001954793930053711
2976,normal,2745,0,1782358399.294655,0.0020732879638671875
2977,normal,864,2,1782358399.2966955,0.002040386199951172
2978,normal,825,2,1782358399.2985177,0.0018222332000732422
2979,normal,1827,0,1782358399.3005872,0.0020694732666015625
2980,normal,2803,0,1782358399.3026195,0.0020322799682617188
2981,normal,2452,0,1782358399.3045077,0.001888275146484375
2982,normal,936,2,1782358399.3065677,0.0020599365234375
2983,normal,3242,1,1782358399.3085601,0.001992464065551758
2984,normal,1745,0,1782358399.3105454,0.001985311508178711
2985,normal,6,0,1782358399.3126807,0.0021352767944335938
2986,normal,1773,0,1782358399.3146,0.0019192695617675781
2987,normal,3029,0,1782358399.3166075,0.0020074844360351562
2988,normal,43,0,1782358399.3187528,0.0021452903747558594
2989,normal,2212,0,1782358399.3207111,0.0019583702087402344
2990,normal,834,2,1782358399.3225932,0.0018820762634277344
2991,normal,2450,0,1782358399.3246891,0.002095937728881836
2992,normal,3012,0,1782358399.3267088,0.002019643783569336
2993,normal,219,0,1782358399.3287237,0.0020148754119873047
2994,normal,3645,0,1782358399.3305511,0.0018274784088134766
2995,normal,3106,1,1782358399.3326023,0.002051115036010742
2996,normal,1537,0,1782358399.3345108,0.0019085407257080078
2997,normal,2099,0,1782358399.3366022,0.0020914077758789062
2998,normal,3388,1,1782358399.3387322,0.0021300315856933594
2999,normal,93,0,1782358399.3405051,0.0017728805541992188
3000,normal,3187,1,1782358399.3426034,0.0020983219146728516
3001,normal,772,2,1782358399.3445575,0.0019540786743164062
3002,normal,2582,0,1782358399.3464894,0.001931905746459961
3003,normal,3565,0,1782358399.3490524,0.002562999725341797
3004,normal,3689,0,1782358399.3510392,0.0019867420196533203
3005,normal,2402,0,1782358399.352681,0.0016417503356933594
3006,normal,953,2,1782358399.354603,0.0019221305847167969
3007,normal,1079,0,1782358399.3565915,0.0019884109497070312
3008,normal,1050,0,1782358399.3585176,0.0019261837005615234
3009,normal,3083,1,1782358399.3605838,0.0020661354064941406
3010,normal,2434,0,1782358399.3626235,0.002039670944213867
3011,normal,1691,0,1782358399.3645911,0.0019676685333251953
3012,normal,2082,0,1782358399.3665612,0.001970052719116211
3013,normal,2068,0,1782358399.368597,0.002035856246948242
3014,normal,1960,0,1782358399.3704958,0.0018987655639648438
3015,normal,2361,0,1782358399.3725607,0.002064943313598633
3016,normal,3300,1,1782358399.3745847,0.002023935317993164
3017,normal,3555,0,1782358399.3764994,0.0019147396087646484
3018,normal,2507,0,1782358399.3785465,0.0020470619201660156
3019,normal,738,0,1782358399.3805883,0.0020418167114257812
3020,normal,2857,0,1782358399.382506,0.0019176006317138672
3021,normal,394,0,1782358399.3845499,0.0020439624786376953
3022,normal,2488,0,1782358399.386751,0.002201080322265625
3023,normal,3501,0,1782358399.388586,0.0018351078033447266
3024,normal,409,0,1782358399.390619,0.0020329952239990234
3025,normal,1156,0,1782358399.3926275,0.0020084381103515625
3026,normal,758,0,1782358399.394568,0.0019404888153076172
3027,normal,531,0,1782358399.396562,0.0019941329956054688
3028,normal,2347,0,1782358399.398547,0.001984834671020508
3029,normal,1518,0,1782358399.4005687,0.00202178955078125
3030,normal,3621,0,1782358399.4026005,0.0020318031311035156
3031,normal,2721,0,1782358399.4046023,0.0020017623901367188
3032,normal,1365,1,1782358399.4066145,0.0020122528076171875
3033,normal,3064,1,1782358399.408621,0.00200653076171875
3034,normal,3604,0,1782358399.4105353,0.0019142627716064453
3035,normal,157,0,1782358399.4129014,0.0023660659790039062
3036,normal,1418,0,1782358399.4147396,0.0018382072448730469
3037,normal,3306,1,1782358399.4166274,0.0018877983093261719
3038,normal,2386,0,1782358399.4184933,0.0018658638000488281
3039,normal,1328,1,1782358399.4205644,0.0020711421966552734
3040,normal,2972,0,1782358399.422559,0.001994609832763672
3041,normal,2331,0,1782358399.4245067,0.001947641372680664
3042,normal,2734,0,1782358399.4265907,0.002084016799926758
3043,normal,2211,0,1782358399.4285529,0.0019621849060058594
3044,normal,3022,0,1782358399.4305155,0.0019626617431640625
3045,normal,194,0,1782358399.4326155,0.0020999908447265625
3046,normal,1132,0,1782358399.434596,0.0019805431365966797
3047,normal,1883,0,1782358399.4364905,0.0018944740295410156
3048,normal,692,0,1782358399.4385881,0.002097606658935547
3049,normal,1319,1,1782358399.440581,0.001992940902709961
3050,normal,698,0,1782358399.4425485,0.0019674301147460938
3051,normal,539,0,1782358399.4446137,0.0020651817321777344
3052,normal,2860,0,1782358399.446555,0.0019412040710449219
3053,normal,1369,1,1782358399.4485703,0.002015352249145508
3054,normal,103,0,1782358399.450562,0.001991748809814453
3055,normal,558,0,1782358399.4525642,0.002002239227294922
3056,normal,3093,1,1782358399.454512,0.001947641372680664
3057,normal,3018,0,1782358399.4565566,0.002044677734375
3058,normal,2341,0,1782358399.458653,0.002096414566040039
3059,normal,3236,1,1782358399.4605944,0.0019414424896240234
3060,normal,1266,0,1782358399.4626515,0.0020570755004882812
3061,normal,23,0,1782358399.4645607,0.0019092559814453125
3062,normal,1165,0,1782358399.4665093,0.0019485950469970703
3063,normal,3626,0,1782358399.4685535,0.002044200897216797
3064,normal,571,0,1782358399.4705405,0.001986980438232422
3065,normal,1001,2,1782358399.4725702,0.0020296573638916016
3066,normal,2280,0,1782358399.4745665,0.001996278762817383
3067,normal,2715,0,1782358399.4765909,0.002024412155151367
3068,normal,3160,1,1782358399.4785333,0.0019423961639404297
3069,normal,2046,0,1782358399.4806185,0.0020852088928222656
3070,normal,179,0,1782358399.4826026,0.001984119415283203
3071,normal,3704,0,1782358399.4845192,0.001916646957397461
3072,normal,2603,0,1782358399.4865804,0.002061128616333008
3073,normal,1713,0,1782358399.4885874,0.002007007598876953
3074,normal,1792,0,1782358399.4905143,0.0019268989562988281
3075,normal,719,0,1782358399.492559,0.002044677734375
3076,normal,2639,0,1782358399.4945562,0.001997232437133789
3077,normal,2021,0,1782358399.4965672,0.0020110607147216797
3078,normal,1842,0,1782358399.4987597,0.0021924972534179688
3079,normal,1373,1,1782358399.5006013,0.0018415451049804688
3080,normal,3165,1,1782358399.5025222,0.001920938491821289
3081,normal,3559,0,1782358399.504704,0.0021817684173583984
3082,normal,855,2,1782358399.506618,0.0019140243530273438
3083,normal,617,0,1782358399.5085645,0.0019464492797851562
3084,normal,631,0,1782358399.5106032,0.002038717269897461
3085,normal,3634,0,1782358399.5125952,0.0019919872283935547
3086,normal,3180,1,1782358399.5145469,0.0019516944885253906
3087,normal,1207,0,1782358399.5166247,0.002077817916870117
3088,normal,2960,0,1782358399.5186412,0.0020165443420410156
3089,normal,212,0,1782358399.5204973,0.001856088638305664
3090,normal,656,0,1782358399.522548,0.002050638198852539
3091,normal,3031,0,1782358399.5245454,0.0019974708557128906
3092,normal,3120,1,1782358399.5265982,0.002052783966064453
3093,normal,2349,0,1782358399.5284886,0.001890420913696289
3094,normal,1516,0,1782358399.5305443,0.002055644989013672
3095,normal,1494,0,1782358399.532485,0.0019407272338867188
3096,normal,1392,0,1782358399.5345614,0.002076387405395508
3097,normal,986,2,1782358399.536773,0.0022115707397460938
3098,normal,822,2,1782358399.5390792,0.002306222915649414
3099,normal,3641,0,1782358399.5405998,0.0015206336975097656
3100,normal,2716,0,1782358399.5426028,0.0020029544830322266
3101,normal,3477,0,1782358399.5444977,0.0018949508666992188
3102,normal,245,0,1782358399.5466192,0.002121448516845703
3103,normal,1115,0,1782358399.5485952,0.00197601318359375
3104,normal,286,0,1782358399.5505862,0.0019910335540771484
3105,normal,3284,1,1782358399.552546,0.0019598007202148438
3106,normal,2686,0,1782358399.5545948,0.0020487308502197266
3107,normal,3475,0,1782358399.5564969,0.0019021034240722656
3108,normal,3453,0,1782358399.5586066,0.0021097660064697266
3109,normal,1809,0,1782358399.5606017,0.001995086669921875
3110,normal,1747,0,1782358399.5625181,0.0019164085388183594
3111,normal,1215,0,1782358399.5645945,0.002076387405395508
3112,normal,2959,0,1782358399.5666075,0.002012968063354492
3113,normal,329,0,1782358399.568519,0.0019116401672363281
3114,normal,635,0,1782358399.5705082,0.001989126205444336
3115,normal,2079,0,1782358399.5726612,0.0021529197692871094
3116,normal,3653,0,1782358399.5746417,0.0019805431365966797
3117,normal,1668,0,1782358399.576599,0.0019571781158447266
3118,normal,1046,0,1782358399.5786867,0.002087831497192383
3119,normal,3465,0,1782358399.5806017,0.00191497802734375
3120,normal,1543,0,1782358399.5825553,0.001953601837158203
3121,normal,2167,0,1782358399.5845437,0.0019884109497070312
3122,normal,627,0,1782358399.5865035,0.0019598007202148438
3123,normal,595,0,1782358399.5886338,0.002130270004272461
3124,normal,630,0,1782358399.5906425,0.002008676528930664
3125,normal,1953,0,1782358399.592567,0.0019245147705078125
3126,normal,1400,0,1782358399.594642,0.0020749568939208984
3127,normal,667,0,1782358399.5966063,0.0019643306732177734
3128,normal,3394,1,1782358399.59849,0.0018837451934814453
3129,normal,3616,0,1782358399.6007302,0.0022401809692382812
3130,normal,1513,0,1782358399.6026504,0.0019202232360839844
3131,normal,1896,0,1782358399.6045265,0.0018761157989501953
3132,normal,1264,0,1782358399.6066005,0.002074003219604492
3133,normal,668,0,1782358399.6086032,0.002002716064453125
3134,normal,1304,0,1782358399.6104994,0.0018961429595947266
3135,normal,2674,0,1782358399.6125975,0.00209808349609375
3136,normal,462,0,1782358399.6145828,0.001985311508178711
3137,normal,2618,0,1782358399.6165175,0.0019347667694091797
3138,normal,1561,0,1782358399.6186364,0.002118825912475586
3139,normal,326,0,1782358399.6206503,0.0020139217376708984
3140,normal,1043,0,1782358399.6225333,0.0018830299377441406
3141,normal,1779,0,1782358399.6246135,0.002080202102661133
3142,normal,2292,0,1782358399.626611,0.0019974708557128906
3143,normal,3505,0,1782358399.628533,0.0019218921661376953
3144,normal,1988,0,1782358399.6306858,0.0021529197692871094
3145,normal,1711,0,1782358399.6325924,0.0019066333770751953
3146,normal,1787,0,1782358399.6344965,0.0019040107727050781
3147,normal,2015,0,1782358399.6365995,0.002103090286254883
3148,normal,821,2,1782358399.6385665,0.0019669532775878906
3149,normal,2530,0,1782358399.6404974,0.0019309520721435547
3150,normal,2366,0,1782358399.642601,0.002103567123413086
3151,normal,2764,0,1782358399.6445982,0.001997232437133789
3152,normal,3302,1,1782358399.6465504,0.0019521713256835938
3153,normal,2376,0,1782358399.6485186,0.0019681453704833984
3154,normal,3649,0,1782358399.6506214,0.0021028518676757812
3155,normal,1969,0,1782358399.652518,0.0018966197967529297
3156,normal,820,2,1782358399.6545992,0.002081155776977539
3157,normal,274,0,1782358399.656659,0.0020596981048583984
3158,normal,768,0,1782358399.6584988,0.0018398761749267578
3159,normal,3178,1,1782358399.6606874,0.0021886825561523438
3160,normal,1565,0,1782358399.6626096,0.0019221305847167969
3161,normal,3233,1,1782358399.6645315,0.0019218921661376953
3162,normal,1124,0,1782358399.6666067,0.0020751953125
3163,normal,1637,0,1782358399.6686294,0.0020227432250976562
3164,normal,2969,0,1782358399.670552,0.001922607421875
3165,normal,2934,0,1782358399.6725216,0.001969575881958008
3166,normal,3557,0,1782358399.6746163,0.002094745635986328
3167,normal,2988,0,1782358399.6765127,0.0018963813781738281
3168,normal,1468,0,1782358399.6786122,0.0020995140075683594
3169,normal,3026,0,1782358399.6805866,0.001974344253540039
3170,normal,780,2,1782358399.6824932,0.0019066333770751953
3171,normal,1352,1,1782358399.684604,0.002110719680786133
3172,normal,2617,0,1782358399.6868129,0.0022089481353759766
3173,normal,3607,0,1782358399.688509,0.0016961097717285156
3174,normal,3472,0,1782358399.6906092,0.002100229263305664
3175,normal,1800,0,1782358399.6926172,0.0020079612731933594
3176,normal,2213,0,1782358399.6945813,0.001964092254638672
3177,normal,3226,1,1782358399.6967041,0.0021228790283203125
3178,normal,3571,0,1782358399.69864,0.0019359588623046875
3179,normal,2551,0,1782358399.7006123,0.001972198486328125
3180,normal,917,2,1782358399.7025926,0.001980304718017578
3181,normal,1157,0,1782358399.70464,0.002047300338745117
3182,normal,973,2,1782358399.7065158,0.0018758773803710938
3183,normal,2049,0,1782358399.7085018,0.0019860267639160156
3184,normal,2552,0,1782358399.7108357,0.0023338794708251953
3185,normal,1085,0,1782358399.7133114,0.002475738525390625
3186,normal,435,0,1782358399.714802,0.0014905929565429688
3187,normal,1717,0,1782358399.7165048,0.0017027854919433594
3188,normal,3145,1,1782358399.7186527,0.0021479129791259766
3189,normal,3518,0,1782358399.7205842,0.0019314289093017578
3190,normal,3413,0,1782358399.7225075,0.0019233226776123047
3191,normal,1420,0,1782358399.7247612,0.0022537708282470703
3192,normal,3355,1,1782358399.7269206,0.0021593570709228516
3193,normal,3433,0,1782358399.7285101,0.0015895366668701172
3194,normal,3198,1,1782358399.7305968,0.002086639404296875
3195,normal,2623,0,1782358399.732517,0.0019202232360839844
3196,normal,3315,1,1782358399.734565,0.002048015594482422
3197,normal,992,2,1782358399.7365031,0.0019381046295166016
3198,normal,2685,0,1782358399.738567,0.0020639896392822266
3199,normal,2563,0,1782358399.7405388,0.001971721649169922
3200,normal,1753,0,1782358399.7426314,0.002092599868774414
3201,normal,677,0,1782358399.744497,0.0018656253814697266
3202,normal,456,0,1782358399.7466066,0.002109527587890625
3203,normal,53,0,1782358399.7484927,0.001886129379272461
3204,normal,3450,0,1782358399.7505503,0.0020575523376464844
3205,normal,3017,0,1782358399.7525444,0.0019941329956054688
3206,normal,694,0,1782358399.7545063,0.001961946487426758
3207,normal,2013,0,1782358399.7565875,0.002081155776977539
3208,normal,3524,0,1782358399.7585833,0.0019958019256591797
3209,normal,879,2,1782358399.760533,0.0019497871398925781
3210,normal,503,0,1782358399.7625825,0.0020494461059570312
3211,normal,895,2,1782358399.7646055,0.002022981643676758
3212,normal,1838,0,1782358399.766579,0.001973390579223633
3213,normal,1910,0,1782358399.7685819,0.0020029544830322266
3214,normal,2383,0,1782358399.7706213,0.0020394325256347656
3215,normal,2940,0,1782358399.7725856,0.0019643306732177734
3216,normal,819,2,1782358399.7746415,0.0020558834075927734
3217,normal,279,0,1782358399.7765582,0.001916646957397461
3218,normal,2898,0,1782358399.7784932,0.0019350051879882812
3219,normal,1781,0,1782358399.7805614,0.0020682811737060547
3220,normal,2826,0,1782358399.7825463,0.001984834671020508
3221,normal,2458,0,1782358399.7846038,0.0020575523376464844
3222,normal,614,0,1782358399.7865534,0.0019495487213134766
3223,normal,3091,1,1782358399.7886853,0.002131938934326172
3224,normal,734,0,1782358399.79052,0.0018346309661865234
3225,normal,2035,0,1782358399.7925448,0.0020248889923095703
3226,normal,1355,1,1782358399.7945914,0.0020465850830078125
3227,normal,3458,0,1782358399.796713,0.0021216869354248047
3228,normal,2566,0,1782358399.798544,0.0018308162689208984
3229,normal,882,2,1782358399.8005562,0.0020122528076171875
3230,normal,3636,0,1782358399.8025029,0.0019466876983642578
3231,normal,1294,0,1782358399.8045506,0.0020477771759033203
3232,normal,1498,0,1782358399.8065422,0.0019915103912353516
3233,normal,889,2,1782358399.8085697,0.0020275115966796875
3234,normal,2410,0,1782358399.8105888,0.002019166946411133
3235,normal,808,2,1782358399.8126082,0.0020194053649902344
3236,normal,296,0,1782358399.8145216,0.001913309097290039
3237,normal,975,2,1782358399.8165824,0.0020608901977539062
3238,normal,1481,0,1782358399.818568,0.0019855499267578125
3239,normal,2996,0,1782358399.820517,0.0019490718841552734
3240,normal,3578,0,1782358399.8228512,0.002334117889404297
3241,normal,3235,1,1782358399.8246756,0.0018243789672851562
3242,normal,3003,0,1782358399.8278472,0.003171682357788086
3243,normal,1609,0,1782358399.8285432,0.0006959438323974609
3244,normal,811,2,1782358399.8309035,0.0023603439331054688
3245,normal,640,0,1782358399.8326085,0.0017049312591552734
3246,normal,3328,1,1782358399.8346257,0.0020172595977783203
3247,normal,2065,0,1782358399.8368597,0.0022339820861816406
3248,normal,3496,0,1782358399.8386164,0.0017566680908203125
3249,normal,1151,0,1782358399.840701,0.0020847320556640625
3250,normal,717,0,1782358399.8428197,0.0021185874938964844
3251,normal,3564,0,1782358399.8446093,0.0017895698547363281
3252,normal,2651,0,1782358399.8466299,0.002020597457885742
3253,normal,2501,0,1782358399.8487854,0.0021555423736572266
3254,normal,352,0,1782358399.850622,0.001836538314819336
3255,normal,370,0,1782358399.852624,0.0020020008087158203
3256,normal,3067,1,1782358399.8545709,0.0019469261169433594
3257,normal,481,0,1782358399.8566039,0.0020329952239990234
3258,normal,2945,0,1782358399.858692,0.0020880699157714844
3259,normal,998,2,1782358399.8606453,0.0019533634185791016
3260,normal,2795,0,1782358399.8626244,0.0019791126251220703
3261,normal,3338,1,1782358399.864581,0.0019567012786865234
3262,normal,2956,0,1782358399.866616,0.002034902572631836
3263,normal,437,0,1782358399.868598,0.001981973648071289
3264,normal,2150,0,1782358399.8706274,0.0020294189453125
3265,normal,3247,1,1782358399.872637,0.0020096302032470703
3266,normal,2272,0,1782358399.8745527,0.0019156932830810547
3267,normal,1179,0,1782358399.8766127,0.0020599365234375
3268,normal,3479,0,1782358399.8785818,0.0019690990447998047
3269,normal,382,0,1782358399.8805294,0.001947641372680664
3270,normal,837,2,1782358399.8827026,0.002173185348510742
3271,normal,261,0,1782358399.8845937,0.0018911361694335938
3272,normal,1322,1,1782358399.8865607,0.0019669532775878906
3273,normal,831,2,1782358399.8886786,0.0021178722381591797
3274,normal,1544,0,1782358399.890628,0.0019495487213134766
3275,normal,47,0,1782358399.8926148,0.0019867420196533203
3276,normal,2420,0,1782358399.8946526,0.0020377635955810547
3277,normal,2060,0,1782358399.896624,0.0019714832305908203
3278,normal,2931,0,1782358399.8986778,0.0020537376403808594
3279,normal,2752,0,1782358399.900769,0.0020911693572998047
3280,normal,3092,1,1782358399.902644,0.0018749237060546875
3281,normal,45,0,1782358399.904529,0.0018851757049560547
3282,normal,3488,0,1782358399.9066486,0.0021195411682128906
3283,normal,2217,0,1782358399.9086444,0.0019958019256591797
3284,normal,2591,0,1782358399.9107451,0.002100706100463867
3285,normal,600,0,1782358399.9126325,0.0018873214721679688
3286,normal,1448,0,1782358399.914614,0.001981496810913086
3287,normal,2583,0,1782358399.9165595,0.00194549560546875
3288,normal,920,2,1782358399.9186125,0.0020530223846435547
3289,normal,2456,0,1782358399.9209733,0.002360820770263672
3290,normal,3622,0,1782358399.9226956,0.0017223358154296875
3291,normal,128,0,1782358399.9253666,0.0026710033416748047
3292,normal,3100,1,1782358399.9268322,0.0014655590057373047
3293,normal,2222,0,1782358399.9293578,0.0025255680084228516
3294,normal,2270,0,1782358399.9307313,0.0013735294342041016
3295,normal,3697,0,1782358399.932896,0.002164602279663086
3296,normal,977,2,1782358399.9348698,0.001973867416381836
3297,normal,3404,0,1782358399.9365957,0.001725912094116211
3298,normal,913,2,1782358399.938943,0.002347230911254883
3299,normal,20,0,1782358399.9407313,0.0017883777618408203
3300,normal,320,0,1782358399.94298,0.0022487640380859375
3301,normal,2880,0,1782358399.9450915,0.0021114349365234375
3302,normal,2978,0,1782358399.9466226,0.0015311241149902344
3303,normal,2647,0,1782358399.9485326,0.0019099712371826172
3304,normal,2369,0,1782358399.9506574,0.002124786376953125
3305,normal,1424,0,1782358399.9526002,0.0019428730010986328
3306,normal,529,0,1782358399.9546883,0.0020880699157714844
3307,normal,3495,0,1782358399.956649,0.00196075439453125
3308,normal,2545,0,1782358399.958529,0.0018799304962158203
3309,normal,1540,0,1782358399.9605992,0.002070188522338867
3310,normal,165,0,1782358399.9625914,0.0019922256469726562
3311,normal,3082,1,1782358399.964542,0.0019505023956298828
3312,normal,1601,0,1782358399.9665904,0.002048492431640625
3313,normal,1102,0,1782358399.9690034,0.002413034439086914
3314,normal,2460,0,1782358399.9706905,0.0016870498657226562
3315,normal,2667,0,1782358399.9726784,0.001987934112548828
3316,normal,3276,1,1782358399.9746983,0.0020198822021484375
3317,normal,1113,0,1782358399.9766302,0.001931905746459961
3318,normal,1034,0,1782358399.978611,0.0019807815551757812
3319,normal,1785,0,1782358399.9805846,0.0019736289978027344
3320,normal,1135,0,1782358399.982548,0.001963376998901367
3321,normal,293,0,1782358399.984632,0.002084016799926758
3322,normal,1339,1,1782358399.9866385,0.00200653076171875
3323,normal,2302,0,1782358399.988629,0.0019905567169189453
3324,normal,351,0,1782358399.9905975,0.0019683837890625
3325,normal,5,0,1782358399.9927213,0.0021238327026367188
3326,normal,1459,0,1782358399.9946053,0.0018839836120605469
3327,normal,3391,1,1782358399.99664,0.0020346641540527344
3328,normal,2840,0,1782358399.9986007,0.00196075439453125
3329,normal,3071,1,1782358400.000694,0.0020933151245117188
3330,normal,3378,1,1782358400.0026517,0.0019576549530029297
3331,normal,3272,1,1782358400.004608,0.0019562244415283203
3332,normal,1083,0,1782358400.0065582,0.0019502639770507812
3333,normal,2018,0,1782358400.0086293,0.0020711421966552734
3334,normal,2323,0,1782358400.0106137,0.0019843578338623047
3335,normal,240,0,1782358400.012543,0.0019292831420898438
3336,normal,3383,1,1782358400.0145955,0.0020525455474853516
3337,normal,1250,0,1782358400.0165946,0.0019991397857666016
3338,normal,3364,1,1782358400.0185888,0.0019941329956054688
3339,normal,2110,0,1782358400.0206938,0.0021049976348876953
3340,normal,1097,0,1782358400.0226479,0.0019540786743164062
3341,normal,1195,0,1782358400.0245812,0.0019333362579345703
3342,normal,64,0,1782358400.0265698,0.001988649368286133
3343,normal,2416,0,1782358400.0285926,0.0020227432250976562
3344,normal,1562,0,1782358400.0305479,0.001955270767211914
3345,normal,1159,0,1782358400.0326538,0.0021059513092041016
3346,normal,2824,0,1782358400.0348163,0.002162456512451172
3347,normal,2332,0,1782358400.0365562,0.0017399787902832031
3348,normal,2774,0,1782358400.038566,0.002009868621826172
3349,normal,1612,0,1782358400.0406175,0.0020513534545898438
3350,normal,3213,1,1782358400.0426455,0.0020279884338378906
3351,normal,3434,0,1782358400.0446606,0.0020151138305664062
3352,normal,1180,0,1782358400.0466456,0.0019850730895996094
3353,normal,2472,0,1782358400.0485885,0.0019428730010986328
3354,normal,2473,0,1782358400.050624,0.002035379409790039
3355,normal,3005,0,1782358400.052608,0.001984119415283203
3356,normal,655,0,1782358400.0546381,0.0020301342010498047
3357,normal,3220,1,1782358400.056804,0.0021657943725585938
3358,normal,2907,0,1782358400.0586872,0.0018832683563232422
3359,normal,269,0,1782358400.0605383,0.0018510818481445312
3360,normal,2301,0,1782358400.0625894,0.002051115036010742
3361,normal,2394,0,1782358400.0645895,0.002000093460083008
3362,normal,2091,0,1782358400.066537,0.0019474029541015625
3363,normal,443,0,1782358400.068595,0.0020580291748046875
3364,normal,3054,1,1782358400.0706427,0.0020477771759033203
3365,normal,1583,0,1782358400.0725217,0.001878976821899414
3366,normal,3454,0,1782358400.074631,0.0021092891693115234
3367,normal,542,0,1782358400.0766315,0.002000570297241211
3368,normal,2421,0,1782358400.0786264,0.0019948482513427734
3369,normal,160,0,1782358400.0805905,0.001964092254638672
3370,normal,1628,0,1782358400.082725,0.002134561538696289
3371,normal,2844,0,1782358400.0847378,0.0020127296447753906
3372,normal,2482,0,1782358400.086833,0.0020952224731445312
3373,normal,304,0,1782358400.0886571,0.0018241405487060547
3374,normal,1114,0,1782358400.0905547,0.001897573471069336
3375,normal,905,2,1782358400.092609,0.0020542144775390625
3376,normal,3406,0,1782358400.0946248,0.002015829086303711
3377,normal,1703,0,1782358400.0965638,0.0019390583038330078
3378,normal,522,0,1782358400.0985892,0.0020253658294677734
3379,normal,2185,0,1782358400.1008103,0.0022211074829101562
3380,normal,2225,0,1782358400.102797,0.0019867420196533203
3381,normal,670,0,1782358400.1045659,0.0017688274383544922
3382,normal,1813,0,1782358400.106633,0.002067089080810547
3383,normal,3290,1,1782358400.1086938,0.0020608901977539062
3384,normal,222,0,1782358400.1105936,0.00189971923828125
3385,normal,2939,0,1782358400.1126363,0.0020427703857421875
3386,normal,2655,0,1782358400.1145577,0.0019214153289794922
3387,normal,2303,0,1782358400.1166468,0.0020890235900878906
3388,normal,676,0,1782358400.1189182,0.002271413803100586
3389,normal,1011,2,1782358400.1209383,0.002020120620727539
3390,normal,139,0,1782358400.1225529,0.0016145706176757812
3391,normal,1227,0,1782358400.124632,0.002079010009765625
3392,normal,1128,0,1782358400.1266901,0.002058267593383789
3393,normal,3231,1,1782358400.1286566,0.0019664764404296875
3394,normal,1202,0,1782358400.1306868,0.0020301342010498047
3395,normal,3705,0,1782358400.1326978,0.0020110607147216797
3396,normal,2624,0,1782358400.1347318,0.0020339488983154297
3397,normal,2927,0,1782358400.136742,0.002010345458984375
3398,normal,3435,0,1782358400.1386535,0.0019114017486572266
3399,normal,1380,1,1782358400.1405325,0.001878976821899414
3400,normal,2395,0,1782358400.1427236,0.0021910667419433594
3401,normal,852,2,1782358400.145263,0.002539396286010742
3402,normal,3044,0,1782358400.147695,0.002432107925415039
3403,normal,1039,0,1782358400.1487174,0.0010223388671875
3404,normal,3304,1,1782358400.1506152,0.0018978118896484375
3405,normal,436,0,1782358400.1525865,0.0019712448120117188
3406,normal,16,0,1782358400.1546402,0.0020537376403808594
3407,normal,1914,0,1782358400.1565838,0.0019435882568359375
3408,normal,494,0,1782358400.1586087,0.0020248889923095703
3409,normal,2246,0,1782358400.1606154,0.0020067691802978516
3410,normal,1297,0,1782358400.1630697,0.0024542808532714844
3411,normal,3192,1,1782358400.164618,0.0015482902526855469
3412,normal,1904,0,1782358400.166639,0.0020210742950439453
3413,normal,2016,0,1782358400.168631,0.0019919872283935547
3414,normal,918,2,1782358400.1705573,0.0019261837005615234
3415,normal,925,2,1782358400.1726208,0.0020635128021240234
3416,normal,801,2,1782358400.174618,0.001997232437133789
3417,normal,127,0,1782358400.1767,0.0020821094512939453
3418,normal,954,2,1782358400.178636,0.0019359588623046875
3419,normal,2697,0,1782358400.1805642,0.001928091049194336
3420,normal,2073,0,1782358400.1826103,0.0020461082458496094
3421,normal,706,0,1782358400.1846356,0.0020253658294677734
3422,normal,928,2,1782358400.1865692,0.0019335746765136719
3423,normal,1008,2,1782358400.1888998,0.0023305416107177734
3424,normal,452,0,1782358400.1906486,0.001748800277709961
3425,normal,3443,0,1782358400.1926794,0.0020308494567871094
3426,normal,1431,0,1782358400.1946254,0.0019459724426269531
3427,normal,1856,0,1782358400.196769,0.0021436214447021484
3428,normal,3661,0,1782358400.19868,0.0019109249114990234
3429,normal,3619,0,1782358400.2005534,0.0018734931945800781
3430,normal,1136,0,1782358400.2025986,0.002045154571533203
3431,normal,1999,0,1782358400.204565,0.0019664764404296875
3432,normal,444,0,1782358400.206624,0.0020589828491210938
3433,normal,451,0,1782358400.2086468,0.0020227432250976562
3434,normal,786,2,1782358400.2106266,0.001979827880859375
3435,normal,1949,0,1782358400.2126489,0.002022266387939453
3436,normal,1462,0,1782358400.2147734,0.0021245479583740234
3437,normal,2994,0,1782358400.2165961,0.0018227100372314453
3438,normal,1593,0,1782358400.2186015,0.002005338668823242
3439,normal,662,0,1782358400.2209034,0.002301931381225586
3440,normal,2220,0,1782358400.2228277,0.001924276351928711
3441,normal,60,0,1782358400.2246165,0.0017888545989990234
3442,normal,2542,0,1782358400.226608,0.0019915103912353516
3443,normal,1758,0,1782358400.228659,0.0020508766174316406
3444,normal,2681,0,1782358400.2305434,0.00188446044921875
3445,normal,2520,0,1782358400.2325969,0.002053499221801758
3446,normal,836,2,1782358400.2345452,0.0019483566284179688
3447,normal,618,0,1782358400.2365713,0.002026081085205078
3448,normal,1475,0,1782358400.2387445,0.002173185348510742
3449,normal,120,0,1782358400.2406852,0.0019407272338867188
3450,normal,3014,0,1782358400.2426121,0.0019268989562988281
3451,normal,2346,0,1782358400.2446375,0.0020253658294677734
3452,normal,265,0,1782358400.2466333,0.0019958019256591797
3453,normal,2990,0,1782358400.2486484,0.0020151138305664062
3454,normal,1359,1,1782358400.2508578,0.0022094249725341797
3455,normal,1386,0,1782358400.2526076,0.0017497539520263672
3456,normal,2534,0,1782358400.2547019,0.002094268798828125
3457,normal,406,0,1782358400.2567496,0.0020477771759033203
3458,normal,874,2,1782358400.2587142,0.001964569091796875
3459,normal,1029,2,1782358400.2605577,0.0018434524536132812
3460,normal,3227,1,1782358400.2626042,0.0020465850830078125
3461,normal,3085,1,1782358400.2645535,0.001949310302734375
3462,normal,3423,0,1782358400.2666237,0.002070188522338867
3463,normal,1597,0,1782358400.2686121,0.0019884109497070312
3464,normal,1604,0,1782358400.2706172,0.0020051002502441406
3465,normal,299,0,1782358400.272605,0.0019876956939697266
3466,normal,1345,1,1782358400.2746408,0.002035856246948242
3467,normal,2616,0,1782358400.2765636,0.0019228458404541016
3468,normal,3342,1,1782358400.2787015,0.002137899398803711
3469,normal,2500,0,1782358400.2808444,0.0021429061889648438
3470,normal,1818,0,1782358400.2830086,0.002164125442504883
3471,normal,2712,0,1782358400.28497,0.0019614696502685547
3472,normal,3646,0,1782358400.2866414,0.0016713142395019531
3473,normal,2284,0,1782358400.2885833,0.0019419193267822266
3474,normal,1426,0,1782358400.2905579,0.0019745826721191406
3475,normal,2893,0,1782358400.2925954,0.002037525177001953
3476,normal,3455,0,1782358400.294604,0.002008676528930664
3477,normal,1879,0,1782358400.2966478,0.0020437240600585938
3478,normal,388,0,1782358400.298894,0.0022461414337158203
3479,normal,1707,0,1782358400.3006186,0.0017247200012207031
3480,normal,689,0,1782358400.3026133,0.001994609832763672
3481,normal,1674,0,1782358400.304607,0.0019936561584472656
3482,normal,581,0,1782358400.3065617,0.001954793930053711
3483,normal,2714,0,1782358400.3086307,0.0020689964294433594
3484,normal,1285,0,1782358400.310987,0.002356290817260742
3485,normal,3531,0,1782358400.3140974,0.0031104087829589844
3486,normal,2374,0,1782358400.3145943,0.0004968643188476562
3487,normal,1911,0,1782358400.3165452,0.001950979232788086
3488,normal,1865,0,1782358400.3185575,0.0020122528076171875
3489,normal,1068,0,1782358400.3206441,0.002086639404296875
3490,normal,3554,0,1782358400.3226068,0.0019626617431640625
3491,normal,321,0,1782358400.3247895,0.0021827220916748047
3492,normal,3179,1,1782358400.3269324,0.0021429061889648438
3493,normal,3541,0,1782358400.3287225,0.0017900466918945312
3494,normal,948,2,1782358400.3309236,0.002201080322265625
3495,normal,4,0,1782358400.3327494,0.0018258094787597656
3496,normal,57,0,1782358400.3347285,0.0019791126251220703
3497,normal,1850,0,1782358400.3367097,0.0019812583923339844
3498,normal,1308,0,1782358400.3385816,0.0018718242645263672
3499,normal,2433,0,1782358400.3405917,0.0020101070404052734
3500,normal,1874,0,1782358400.342624,0.0020322799682617188
3501,normal,2411,0,1782358400.344785,0.0021610260009765625
3502,normal,2725,0,1782358400.3473709,0.002585887908935547
3503,normal,638,0,1782358400.3488514,0.0014805793762207031
3504,normal,901,2,1782358400.3506842,0.001832723617553711
3505,normal,3521,0,1782358400.3527646,0.0020804405212402344
3506,normal,428,0,1782358400.3546062,0.0018415451049804688
3507,normal,2111,0,1782358400.356705,0.0020987987518310547
3508,normal,2360,0,1782358400.3585846,0.0018796920776367188
3509,normal,1502,0,1782358400.3606536,0.0020689964294433594
3510,normal,1912,0,1782358400.3627791,0.0021255016326904297
3511,normal,947,2,1782358400.3646352,0.001856088638305664
3512,normal,1412,0,1782358400.3665285,0.0018932819366455078
3513,normal,3292,1,1782358400.36893,0.002401590347290039
3514,normal,1858,0,1782358400.3709805,0.0020503997802734375
3515,normal,3345,1,1782358400.3725934,0.0016129016876220703
3516,normal,2643,0,1782358400.3746097,0.002016305923461914
3517,normal,3256,1,1782358400.376623,0.0020132064819335938
3518,normal,2561,0,1782358400.3786016,0.001978635787963867
3519,normal,2702,0,1782358400.3806987,0.0020971298217773438
3520,normal,2237,0,1782358400.382655,0.0019562244415283203
3521,normal,453,0,1782358400.3845856,0.0019307136535644531
3522,normal,2769,0,1782358400.3866282,0.002042531967163086
3523,normal,1145,0,1782358400.388586,0.0019578933715820312
3524,normal,3562,0,1782358400.3907378,0.0021517276763916016
3525,normal,486,0,1782358400.3926134,0.0018756389617919922
3526,normal,1453,0,1782358400.3949766,0.0023632049560546875
3527,normal,2828,0,1782358400.3966558,0.0016791820526123047
3528,normal,505,0,1782358400.398758,0.0021021366119384766
3529,normal,208,0,1782358400.4007142,0.0019562244415283203
3530,normal,3088,1,1782358400.402721,0.0020067691802978516
3531,normal,876,2,1782358400.4046872,0.001966238021850586
3532,normal,344,0,1782358400.40681,0.0021228790283203125
3533,normal,3447,0,1782358400.4086142,0.0018041133880615234
3534,normal,2171,0,1782358400.4107933,0.0021791458129882812
3535,normal,773,2,1782358400.4127667,0.001973390579223633
3536,normal,680,0,1782358400.4146478,0.0018811225891113281
3537,normal,1423,0,1782358400.4170845,0.0024366378784179688
3538,normal,960,2,1782358400.4187245,0.0016400814056396484
3539,normal,186,0,1782358400.4206214,0.0018968582153320312
3540,normal,2054,0,1782358400.4227867,0.0021653175354003906
3541,normal,1968,0,1782358400.424841,0.0020542144775390625
3542,normal,3212,1,1782358400.4266953,0.0018544197082519531
3543,normal,3609,0,1782358400.4288764,0.0021810531616210938
3544,normal,1625,0,1782358400.430651,0.0017745494842529297
3545,normal,396,0,1782358400.4328237,0.002172708511352539
3546,normal,2042,0,1782358400.4346292,0.0018055438995361328
3547,normal,1122,0,1782358400.4368966,0.0022673606872558594
3548,normal,559,0,1782358400.4387283,0.0018317699432373047
3549,normal,1080,0,1782358400.4408402,0.0021119117736816406
3550,normal,3278,1,1782358400.4428403,0.002000093460083008
3551,normal,1577,0,1782358400.444792,0.0019516944885253906
3552,normal,1977,0,1782358400.446642,0.0018498897552490234
3553,normal,2329,0,1782358400.448739,0.0020971298217773438
3554,normal,804,2,1782358400.4509594,0.0022203922271728516
3555,normal,970,2,1782358400.4530003,0.002040863037109375
3556,normal,1964,0,1782358400.454855,0.0018546581268310547
3557,normal,3193,1,1782358400.456792,0.0019371509552001953
3558,normal,1225,0,1782358400.458677,0.0018849372863769531
3559,normal,1311,0,1782358400.4607635,0.0020864009857177734
3560,normal,3142,1,1782358400.4626877,0.001924276351928711
3561,normal,1031,0,1782358400.4648843,0.0021965503692626953
3562,normal,1257,0,1782358400.4668105,0.0019261837005615234
3563,normal,2584,0,1782358400.4687376,0.0019271373748779297
3564,normal,378,0,1782358400.470855,0.0021173954010009766
3565,normal,3038,0,1782358400.4727297,0.001874685287475586
3566,normal,2006,0,1782358400.4747367,0.002007007598876953
3567,normal,1014,2,1782358400.4765642,0.0018274784088134766
3568,normal,2633,0,1782358400.478647,0.00208282470703125
3569,normal,2191,0,1782358400.4806383,0.00199127197265625
3570,normal,2698,0,1782358400.48264,0.0020017623901367188
3571,normal,2257,0,1782358400.484656,0.0020160675048828125
3572,normal,3691,0,1782358400.4866574,0.0020012855529785156
3573,normal,410,0,1782358400.4886246,0.001967191696166992
3574,normal,897,2,1782358400.4907808,0.0021562576293945312
3575,normal,1510,0,1782358400.4925542,0.0017733573913574219
3576,normal,777,2,1782358400.494656,0.002101898193359375
3577,normal,1645,0,1782358400.4965956,0.001939535140991211
3578,normal,1323,1,1782358400.4989724,0.0023767948150634766
3579,normal,1210,0,1782358400.5007749,0.0018024444580078125
3580,normal,2250,0,1782358400.5029132,0.002138376235961914
3581,normal,3096,1,1782358400.5045614,0.0016481876373291016
3582,normal,2136,0,1782358400.506746,0.002184629440307617
3583,normal,1417,0,1782358400.5086238,0.0018777847290039062
3584,normal,123,0,1782358400.5105834,0.001959562301635742
3585,normal,512,0,1782358400.5125923,0.0020089149475097656
3586,normal,3605,0,1782358400.5146463,0.002053976058959961
3587,normal,1925,0,1782358400.5165899,0.0019435882568359375
3588,normal,3368,1,1782358400.5188603,0.0022704601287841797
3589,normal,3351,1,1782358400.520744,0.0018837451934814453
3590,normal,648,0,1782358400.5226033,0.0018591880798339844
3591,normal,2153,0,1782358400.524677,0.0020737648010253906
3592,normal,3181,1,1782358400.5266333,0.0019562244415283203
3593,normal,372,0,1782358400.5285614,0.001928091049194336
3594,normal,2102,0,1782358400.5306554,0.0020940303802490234
3595,normal,1395,0,1782358400.5331767,0.0025212764739990234
3596,normal,2255,0,1782358400.5349152,0.0017385482788085938
3597,normal,1163,0,1782358400.5366309,0.0017156600952148438
3598,normal,659,0,1782358400.5387113,0.0020804405212402344
3599,normal,2876,0,1782358400.5406272,0.0019159317016601562
3600,normal,3356,1,1782358400.5426419,0.002014636993408203
3601,normal,2831,0,1782358400.544683,0.0020411014556884766
3602,normal,2443,0,1782358400.5466397,0.0019567012786865234
3603,normal,1372,1,1782358400.548841,0.0022013187408447266
3604,normal,3283,1,1782358400.5507343,0.0018932819366455078
3605,normal,133,0,1782358400.5526807,0.0019464492797851562
3606,normal,3057,1,1782358400.5546007,0.0019199848175048828
3607,normal,1930,0,1782358400.556748,0.002147197723388672
3608,normal,2952,0,1782358400.5590963,0.0023484230041503906
3609,normal,524,0,1782358400.560607,0.0015106201171875
3610,normal,711,0,1782358400.5626168,0.002009868621826172
3611,normal,1035,0,1782358400.564679,0.002062082290649414
3612,normal,1797,0,1782358400.5667133,0.002034425735473633
3613,normal,81,0,1782358400.5686862,0.0019729137420654297
3614,normal,1166,0,1782358400.5705626,0.0018763542175292969
3615,normal,2299,0,1782358400.572704,0.0021414756774902344
3616,normal,2576,0,1782358400.5746095,0.0019054412841796875
3617,normal,1486,0,1782358400.5765586,0.0019490718841552734
3618,normal,1371,1,1782358400.578749,0.0021903514862060547
3619,normal,2811,0,1782358400.5806556,0.0019066333770751953
3620,normal,3631,0,1782358400.5826492,0.0019936561584472656
3621,normal,1844,0,1782358400.5846949,0.0020456314086914062
3622,normal,3358,1,1782358400.5866327,0.0019378662109375
3623,normal,1881,0,1782358400.588582,0.001949310302734375
3624,normal,1702,0,1782358400.5909388,0.0023567676544189453
3625,normal,3201,1,1782358400.5932496,0.0023107528686523438
3626,normal,1639,0,1782358400.5947332,0.0014836788177490234
3627,normal,1460,0,1782358400.5966108,0.0018775463104248047
3628,normal,432,0,1782358400.598704,0.0020933151245117188
3629,normal,2671,0,1782358400.6006896,0.0019855499267578125
3630,normal,2775,0,1782358400.6025655,0.0018758773803710938
3631,normal,715,0,1782358400.6046112,0.0020456314086914062
3632,normal,1314,0,1782358400.6067324,0.0021212100982666016
3633,normal,1107,0,1782358400.6087031,0.0019707679748535156
3634,normal,130,0,1782358400.6106076,0.0019044876098632812
3635,normal,3052,1,1782358400.6125872,0.0019795894622802734
3636,normal,2536,0,1782358400.6146297,0.002042531967163086
3637,normal,2050,0,1782358400.6166418,0.002012014389038086
3638,normal,784,2,1782358400.61859,0.0019483566284179688
3639,normal,2696,0,1782358400.6206288,0.002038717269897461
3640,normal,3357,1,1782358400.622627,0.0019981861114501953
3641,normal,2418,0,1782358400.624543,0.0019159317016601562
3642,normal,2194,0,1782358400.6266165,0.002073526382446289
3643,normal,2080,0,1782358400.6286151,0.0019986629486083984
3644,normal,124,0,1782358400.630692,0.002076864242553711
3645,normal,3546,0,1782358400.632818,0.002125978469848633
3646,normal,678,0,1782358400.634792,0.0019741058349609375
3647,normal,2195,0,1782358400.636715,0.0019228458404541016
3648,normal,3464,0,1782358400.638699,0.001984119415283203
3649,normal,2841,0,1782358400.6406898,0.001990795135498047
3650,normal,35,0,1782358400.642679,0.001989126205444336
3651,normal,375,0,1782358400.6446304,0.001951456069946289
3652,normal,309,0,1782358400.6465943,0.0019638538360595703
3653,normal,3598,0,1782358400.6485527,0.0019583702087402344
3654,normal,327,0,1782358400.6506405,0.002087831497192383
3655,normal,3553,0,1782358400.652629,0.0019884109497070312
3656,normal,3140,1,1782358400.6546452,0.002016305923461914
3657,normal,1361,1,1782358400.6568713,0.002226114273071289
3658,normal,2575,0,1782358400.6587415,0.0018701553344726562
3659,normal,2790,0,1782358400.6606085,0.001867055892944336
3660,normal,2178,0,1782358400.6626086,0.002000093460083008
3661,normal,2732,0,1782358400.6648707,0.002262115478515625
3662,normal,779,2,1782358400.6668704,0.0019996166229248047
3663,normal,177,0,1782358400.6689658,0.002095460891723633
3664,normal,2044,0,1782358400.670566,0.0016002655029296875
3665,normal,273,0,1782358400.6726165,0.0020503997802734375
3666,normal,79,0,1782358400.674654,0.002037525177001953
3667,normal,2363,0,1782358400.6768005,0.002146482467651367
3668,normal,1623,0,1782358400.678592,0.0017914772033691406
3669,normal,2037,0,1782358400.6806228,0.0020308494567871094
3670,normal,2768,0,1782358400.6826055,0.0019826889038085938
3671,normal,1536,0,1782358400.6845648,0.0019593238830566406
3672,normal,2228,0,1782358400.686657,0.002092123031616211
3673,normal,184,0,1782358400.6887364,0.002079486846923828
3674,normal,1789,0,1782358400.690687,0.0019505023956298828
3675,normal,2186,0,1782358400.6925855,0.0018985271453857422
3676,normal,1765,0,1782358400.6946168,0.0020313262939453125
3677,normal,1269,0,1782358400.6966531,0.0020363330841064453
3678,normal,2149,0,1782358400.6986065,0.0019533634185791016
3679,normal,1507,0,1782358400.7006564,0.0020499229431152344
3680,normal,1483,0,1782358400.703103,0.0024466514587402344
3681,normal,1948,0,1782358400.7049544,0.0018513202667236328
3682,normal,2453,0,1782358400.7067144,0.0017600059509277344
3683,normal,1440,0,1782358400.7088022,0.002087831497192383
3684,normal,1442,0,1782358400.7106276,0.0018253326416015625
3685,normal,1945,0,1782358400.7127984,0.0021708011627197266
3686,normal,3019,0,1782358400.7146125,0.001814126968383789
3687,normal,2100,0,1782358400.7167754,0.002162933349609375
3688,normal,1065,0,1782358400.718939,0.0021636486053466797
3689,normal,1567,0,1782358400.7206392,0.0017001628875732422
3690,normal,2506,0,1782358400.7227972,0.002157926559448242
3691,normal,985,2,1782358400.7247612,0.001964092254638672
3692,normal,883,2,1782358400.7267742,0.002012968063354492
3693,normal,2606,0,1782358400.7286456,0.001871347427368164
3694,normal,2637,0,1782358400.7307706,0.0021250247955322266
3695,normal,2589,0,1782358400.7325928,0.0018222332000732422
3696,normal,2157,0,1782358400.7349238,0.0023310184478759766
3697,normal,2814,0,1782358400.736774,0.001850128173828125
3698,normal,679,0,1782358400.7386787,0.0019047260284423828
3699,normal,1268,0,1782358400.7408676,0.0021889209747314453
3700,normal,395,0,1782358400.7428248,0.0019571781158447266
3701,normal,1041,0,1782358400.744757,0.0019321441650390625
3702,normal,1005,2,1782358400.7467942,0.0020372867584228516
3703,normal,3633,0,1782358400.7489798,0.0021855831146240234
3704,normal,1654,0,1782358400.7508616,0.0018818378448486328
3705,normal,2628,0,1782358400.752756,0.0018944740295410156
3706,normal,2240,0,1782358400.7548373,0.002081155776977539
3707,normal,1188,0,1782358400.7569108,0.002073526382446289
3708,normal,2895,0,1782358400.7589576,0.002046823501586914
3709,normal,984,2,1782358400.7608087,0.0018510818481445312
3710,normal,2007,0,1782358440.6505897,0.0
3711,normal,189,0,1782358440.6526034,0.002013683319091797
3712,normal,2003,0,1782358440.6545844,0.001981019973754883
3713,normal,264,0,1782358440.656562,0.001977682113647461
3714,normal,2402,0,1782358440.658628,0.002065896987915039
3715,normal,776,2,1782358440.6606288,0.0020008087158203125
3716,normal,1761,0,1782358440.6627262,0.0020973682403564453
3717,normal,139,0,1782358440.6647089,0.0019826889038085938
3718,normal,3595,0,1782358440.6665177,0.0018088817596435547
3719,normal,1117,0,1782358440.6686335,0.0021157264709472656
3720,normal,1975,0,1782358440.6706352,0.0020017623901367188
3721,normal,3226,1,1782358440.6726322,0.0019969940185546875
3722,normal,3447,0,1782358440.6748397,0.002207517623901367
3723,normal,509,0,1782358440.6769638,0.0021240711212158203
3724,normal,1841,0,1782358440.6786966,0.0017328262329101562
3725,normal,1368,1,1782358440.6809478,0.002251148223876953
3726,normal,2682,0,1782358440.6828396,0.0018918514251708984
3727,normal,3344,1,1782358440.6848924,0.002052783966064453
3728,normal,434,0,1782358440.6867907,0.0018982887268066406
3729,normal,3321,1,1782358440.688966,0.0021753311157226562
3730,normal,1082,0,1782358440.6906085,0.001642465591430664
3731,normal,188,0,1782358440.692959,0.0023505687713623047
3732,normal,2129,0,1782358440.694765,0.001806020736694336
3733,normal,2664,0,1782358440.6968734,0.002108335494995117
3734,normal,2385,0,1782358440.6987746,0.0019011497497558594
3735,normal,1141,0,1782358440.7010424,0.0022678375244140625
3736,normal,1065,0,1782358440.7026548,0.0016124248504638672
3737,normal,1203,0,1782358440.7049997,0.002344846725463867
3738,normal,1491,0,1782358440.7067788,0.0017790794372558594
3739,normal,1521,0,1782358440.7089007,0.0021219253540039062
3740,normal,1449,0,1782358440.710771,0.0018703937530517578
3741,normal,925,2,1782358440.7129939,0.002222776412963867
3742,normal,3028,0,1782358440.7146575,0.0016636848449707031
3743,normal,1022,2,1782358440.717008,0.0023505687713623047
3744,normal,118,0,1782358440.7187762,0.0017681121826171875
3745,normal,3701,0,1782358440.7209315,0.002155303955078125
3746,normal,1755,0,1782358440.7227695,0.0018379688262939453
3747,normal,3188,1,1782358440.7249944,0.0022249221801757812
3748,normal,919,2,1782358440.7266564,0.0016620159149169922
3749,normal,3405,0,1782358440.7287996,0.0021431446075439453
3750,normal,853,2,1782358440.7309713,0.002171754837036133
3751,normal,2768,0,1782358440.7327695,0.0017981529235839844
3752,normal,3521,0,1782358440.734776,0.00200653076171875
3753,normal,2910,0,1782358440.7370028,0.0022268295288085938
3754,normal,2021,0,1782358440.738654,0.0016510486602783203
3755,normal,142,0,1782358440.7408054,0.0021514892578125
3756,normal,273,0,1782358440.742953,0.002147674560546875
3757,normal,889,2,1782358440.7446952,0.0017421245574951172
3758,normal,1098,0,1782358440.7468784,0.002183198928833008
3759,normal,1381,1,1782358440.7488213,0.0019428730010986328
3760,normal,3160,1,1782358440.75062,0.0017986297607421875
3761,normal,2229,0,1782358440.7528477,0.002227783203125
3762,normal,620,0,1782358440.7549477,0.0020999908447265625
3763,normal,859,2,1782358440.7566571,0.0017094612121582031
3764,normal,558,0,1782358440.7590456,0.002388477325439453
3765,normal,682,0,1782358440.760791,0.001745462417602539
3766,normal,1712,0,1782358440.7626572,0.0018661022186279297
3767,normal,2204,0,1782358440.7647989,0.002141714096069336
3768,normal,777,2,1782358440.7669804,0.002181529998779297
3769,normal,2584,0,1782358440.768793,0.0018126964569091797
3770,normal,585,0,1782358440.7706585,0.001865386962890625
3771,normal,1057,0,1782358440.772992,0.002333402633666992
3772,normal,903,2,1782358440.7746878,0.001695871353149414
3773,normal,2073,0,1782358440.7768776,0.0021898746490478516
3774,normal,3445,0,1782358440.779059,0.0021812915802001953
3775,normal,1549,0,1782358440.7808843,0.0018253326416015625
3776,normal,814,2,1782358440.7827125,0.0018281936645507812
3777,normal,3111,1,1782358440.7849634,0.0022509098052978516
3778,normal,2648,0,1782358440.7867172,0.0017538070678710938
3779,normal,406,0,1782358440.7889802,0.0022630691528320312
3780,normal,1783,0,1782358440.7908487,0.0018684864044189453
3781,normal,1055,0,1782358440.7928314,0.0019826889038085938
3782,normal,170,0,1782358440.7948616,0.0020301342010498047
3783,normal,1546,0,1782358440.7968369,0.0019752979278564453
3784,normal,845,2,1782358440.7987006,0.001863718032836914
3785,normal,2708,0,1782358440.800849,0.0021483898162841797
3786,normal,995,2,1782358440.802963,0.0021140575408935547
3787,normal,736,0,1782358440.8046083,0.0016453266143798828
3788,normal,2325,0,1782358440.8069792,0.0023708343505859375
3789,normal,1833,0,1782358440.8088138,0.0018346309661865234
3790,normal,2203,0,1782358440.8108618,0.002048015594482422
3791,normal,2180,0,1782358440.812692,0.0018301010131835938
3792,normal,2559,0,1782358440.8148704,0.0021784305572509766
3793,normal,239,0,1782358440.8166256,0.0017552375793457031
3794,normal,968,2,1782358440.8188381,0.0022125244140625
3795,normal,1633,0,1782358440.8206522,0.001814126968383789
3796,normal,381,0,1782358440.822825,0.002172708511352539
3797,normal,1774,0,1782358440.824612,0.001786947250366211
3798,normal,1151,0,1782358440.82683,0.002218008041381836
3799,normal,2289,0,1782358440.8286142,0.0017843246459960938
3800,normal,462,0,1782358440.8308263,0.002212047576904297
3801,normal,2912,0,1782358440.8326957,0.0018694400787353516
3802,normal,1719,0,1782358440.8346117,0.0019159317016601562
3803,normal,3240,1,1782358440.83686,0.0022482872009277344
3804,normal,3587,0,1782358440.8386488,0.0017888545989990234
3805,normal,3239,1,1782358440.8408277,0.0021789073944091797
3806,normal,1620,0,1782358440.8426466,0.0018188953399658203
3807,normal,3146,1,1782358440.8448756,0.002228975296020508
3808,normal,1792,0,1782358440.8465998,0.0017242431640625
3809,normal,667,0,1782358440.8488414,0.0022416114807128906
3810,normal,2029,0,1782358440.85068,0.00183868408203125
3811,normal,1723,0,1782358440.852854,0.002173900604248047
3812,normal,699,0,1782358440.8546243,0.0017702579498291016
3813,normal,2527,0,1782358440.8568547,0.002230405807495117
3814,normal,230,0,1782358440.8586154,0.001760721206665039
3815,normal,1396,0,1782358440.8608382,0.002222776412963867
3816,normal,491,0,1782358440.8626575,0.0018193721771240234
3817,normal,1314,0,1782358440.86481,0.0021524429321289062
3818,normal,2259,0,1782358440.8666377,0.0018277168273925781
3819,normal,1571,0,1782358440.868849,0.002211332321166992
3820,normal,132,0,1782358440.8706193,0.0017702579498291016
3821,normal,3204,1,1782358440.8728442,0.0022249221801757812
3822,normal,2698,0,1782358440.8747115,0.0018672943115234375
3823,normal,1751,0,1782358440.8768268,0.0021152496337890625
3824,normal,316,0,1782358440.8786907,0.0018639564514160156
3825,normal,3388,1,1782358440.8808496,0.0021588802337646484
3826,normal,729,0,1782358440.8826146,0.0017650127410888672
3827,normal,1031,0,1782358440.8848424,0.002227783203125
3828,normal,1272,0,1782358440.8866343,0.0017919540405273438
3829,normal,1985,0,1782358440.8886263,0.0019919872283935547
3830,normal,2422,0,1782358440.8908627,0.0022363662719726562
3831,normal,2164,0,1782358440.892651,0.0017883777618408203
3832,normal,685,0,1782358440.894858,0.0022068023681640625
3833,normal,451,0,1782358440.8966186,0.001760721206665039
3834,normal,412,0,1782358440.8988416,0.0022230148315429688
3835,normal,86,0,1782358440.900615,0.0017733573913574219
3836,normal,3012,0,1782358440.9028392,0.0022242069244384766
3837,normal,2920,0,1782358440.9046571,0.001817941665649414
3838,normal,366,0,1782358440.9068706,0.0022134780883789062
3839,normal,1739,0,1782358440.9086525,0.0017819404602050781
3840,normal,1131,0,1782358440.9108584,0.0022058486938476562
3841,normal,675,0,1782358440.9126272,0.0017688274383544922
3842,normal,2834,0,1782358440.9148555,0.002228260040283203
3843,normal,1164,0,1782358440.9168046,0.0019490718841552734
3844,normal,966,2,1782358440.9188619,0.002057313919067383
3845,normal,3124,1,1782358440.920818,0.0019562244415283203
3846,normal,1623,0,1782358440.9227858,0.0019676685333251953
3847,normal,498,0,1782358440.924849,0.002063274383544922
3848,normal,2025,0,1782358440.9266434,0.0017943382263183594
3849,normal,3117,1,1782358440.9288642,0.0022208690643310547
3850,normal,429,0,1782358440.930652,0.0017876625061035156
3851,normal,256,0,1782358440.9328682,0.002216339111328125
3852,normal,444,0,1782358440.934648,0.001779794692993164
3853,normal,2843,0,1782358440.9368422,0.0021941661834716797
3854,normal,1308,0,1782358440.938582,0.0017397403717041016
3855,normal,3347,1,1782358440.9407337,0.0021517276763916016
3856,normal,399,0,1782358440.9425771,0.0018434524536132812
3857,normal,1078,0,1782358440.9448323,0.0022552013397216797
3858,normal,161,0,1782358440.9465926,0.001760244369506836
3859,normal,3150,1,1782358440.9487307,0.0021381378173828125
3860,normal,2401,0,1782358440.9506023,0.0018715858459472656
3861,normal,33,0,1782358440.952833,0.0022306442260742188
3862,normal,2686,0,1782358440.9546175,0.0017845630645751953
3863,normal,2554,0,1782358440.9568498,0.0022323131561279297
3864,normal,2095,0,1782358440.9586508,0.0018010139465332031
3865,normal,3198,1,1782358440.9608362,0.002185344696044922
3866,normal,1049,0,1782358440.9626288,0.0017926692962646484
3867,normal,1825,0,1782358440.9648306,0.0022017955780029297
3868,normal,2505,0,1782358440.9666173,0.0017867088317871094
3869,normal,2122,0,1782358440.96883,0.0022127628326416016
3870,normal,360,0,1782358440.970654,0.0018239021301269531
3871,normal,32,0,1782358440.972835,0.0021810531616210938
3872,normal,3559,0,1782358440.9746115,0.0017764568328857422
3873,normal,2018,0,1782358440.9768193,0.0022077560424804688
3874,normal,607,0,1782358440.978648,0.0018286705017089844
3875,normal,2882,0,1782358440.9808412,0.0021932125091552734
3876,normal,235,0,1782358440.9826446,0.0018033981323242188
3877,normal,456,0,1782358440.984842,0.0021975040435791016
3878,normal,1137,0,1782358440.9866514,0.0018093585968017578
3879,normal,2481,0,1782358440.9888244,0.0021729469299316406
3880,normal,3661,0,1782358440.9906473,0.0018229484558105469
3881,normal,2952,0,1782358440.9928396,0.002192258834838867
3882,normal,960,2,1782358440.9946432,0.0018036365509033203
3883,normal,3032,0,1782358440.996838,0.0021948814392089844
3884,normal,856,2,1782358440.998642,0.0018038749694824219
3885,normal,580,0,1782358441.000826,0.0021839141845703125
3886,normal,113,0,1782358441.0026474,0.0018215179443359375
3887,normal,1787,0,1782358441.004889,0.0022416114807128906
3888,normal,1886,0,1782358441.006639,0.0017499923706054688
3889,normal,2565,0,1782358441.0088437,0.0022046566009521484
3890,normal,3128,1,1782358441.01065,0.0018062591552734375
3891,normal,2608,0,1782358441.0128226,0.002172708511352539
3892,normal,3390,1,1782358441.0146456,0.0018229484558105469
3893,normal,2045,0,1782358441.0168412,0.002195596694946289
3894,normal,2853,0,1782358441.0186393,0.0017981529235839844
3895,normal,1582,0,1782358441.0208473,0.0022079944610595703
3896,normal,2953,0,1782358441.022645,0.0017976760864257812
3897,normal,343,0,1782358441.0248342,0.002189159393310547
3898,normal,1822,0,1782358441.0266178,0.001783609390258789
3899,normal,1973,0,1782358441.0288405,0.002222776412963867
3900,normal,2386,0,1782358441.0306392,0.0017986297607421875
3901,normal,3361,1,1782358441.0328534,0.002214193344116211
3902,normal,1726,0,1782358441.0346487,0.0017952919006347656
3903,normal,1405,0,1782358441.036828,0.002179384231567383
3904,normal,645,0,1782358441.0386164,0.0017883777618408203
3905,normal,1038,0,1782358441.040837,0.002220630645751953
3906,normal,121,0,1782358441.0427017,0.0018646717071533203
3907,normal,3230,1,1782358441.0446346,0.0019328594207763672
3908,normal,2061,0,1782358441.0466576,0.002022981643676758
3909,normal,1251,0,1782358441.0487013,0.0020437240600585938
3910,normal,1984,0,1782358441.0506468,0.00194549560546875
3911,normal,2158,0,1782358441.0526896,0.0020427703857421875
3912,normal,2429,0,1782358441.0546556,0.0019659996032714844
3913,normal,2788,0,1782358441.0565975,0.0019419193267822266
3914,normal,2829,0,1782358441.0587056,0.0021080970764160156
3915,normal,2626,0,1782358441.0607023,0.001996755599975586
3916,normal,383,0,1782358441.0626464,0.0019440650939941406
3917,normal,2770,0,1782358441.0646608,0.0020143985748291016
3918,normal,2123,0,1782358441.0666542,0.001993417739868164
3919,normal,2238,0,1782358441.0686119,0.0019576549530029297
3920,normal,840,2,1782358441.0707078,0.002095937728881836
3921,normal,2609,0,1782358441.0727024,0.001994609832763672
3922,normal,702,0,1782358441.0746622,0.0019598007202148438
3923,normal,2147,0,1782358441.0766933,0.002031087875366211
3924,normal,454,0,1782358441.078654,0.00196075439453125
3925,normal,1589,0,1782358441.0805957,0.001941680908203125
3926,normal,930,2,1782358441.0826588,0.0020630359649658203
3927,normal,2495,0,1782358441.084689,0.0020301342010498047
3928,normal,3129,1,1782358441.086621,0.0019321441650390625
3929,normal,2105,0,1782358441.0887096,0.0020885467529296875
3930,normal,858,2,1782358441.0907016,0.0019919872283935547
3931,normal,886,2,1782358441.0926158,0.0019142627716064453
3932,normal,1454,0,1782358441.0946891,0.0020732879638671875
3933,normal,1852,0,1782358441.0966592,0.001970052719116211
3934,normal,1861,0,1782358441.098624,0.0019648075103759766
3935,normal,2326,0,1782358441.1007094,0.002085447311401367
3936,normal,2353,0,1782358441.1027021,0.0019927024841308594
3937,normal,2816,0,1782358441.104646,0.001943826675415039
3938,normal,1850,0,1782358441.1066592,0.0020132064819335938
3939,normal,735,0,1782358441.1086526,0.001993417739868164
3940,normal,2885,0,1782358441.1105824,0.0019297599792480469
3941,normal,756,0,1782358441.112706,0.002123594284057617
3942,normal,1237,0,1782358441.1146567,0.0019507408142089844
3943,normal,244,0,1782358441.116646,0.0019893646240234375
3944,normal,739,0,1782358441.1186554,0.0020093917846679688
3945,normal,1359,1,1782358441.120653,0.0019974708557128906
3946,normal,1362,1,1782358441.1225958,0.0019428730010986328
3947,normal,323,0,1782358441.1246989,0.002103090286254883
3948,normal,1096,0,1782358441.126695,0.0019960403442382812
3949,normal,1355,1,1782358441.1286173,0.0019223690032958984
3950,normal,1152,0,1782358441.1306295,0.0020122528076171875
3951,normal,1524,0,1782358441.1326826,0.0020530223846435547
3952,normal,2269,0,1782358441.134586,0.001903533935546875
3953,normal,1961,0,1782358441.1367059,0.002119779586791992
3954,normal,269,0,1782358441.1387012,0.0019953250885009766
3955,normal,2960,0,1782358441.1406195,0.0019183158874511719
3956,normal,1657,0,1782358441.1426356,0.0020160675048828125
3957,normal,14,0,1782358441.1446881,0.0020525455474853516
3958,normal,1510,0,1782358441.146597,0.0019087791442871094
3959,normal,445,0,1782358441.1486535,0.002056598663330078
3960,normal,133,0,1782358441.1506953,0.0020418167114257812
3961,normal,1416,0,1782358441.152645,0.0019497871398925781
3962,normal,2532,0,1782358441.154692,0.002046823501586914
3963,normal,59,0,1782358441.156656,0.001964092254638672
3964,normal,1274,0,1782358441.1585977,0.001941680908203125
3965,normal,2176,0,1782358441.160704,0.002106189727783203
3966,normal,455,0,1782358441.1627057,0.0020017623901367188
3967,normal,2680,0,1782358441.1646154,0.0019097328186035156
3968,normal,1811,0,1782358441.166646,0.002030611038208008
3969,normal,1315,0,1782358441.1686234,0.0019774436950683594
3970,normal,1773,0,1782358441.17058,0.001956462860107422
3971,normal,775,2,1782358441.172715,0.002135038375854492
3972,normal,46,0,1782358441.1746933,0.0019783973693847656
3973,normal,2398,0,1782358441.1766136,0.0019202232360839844
3974,normal,2461,0,1782358441.1786342,0.002020597457885742
3975,normal,3113,1,1782358441.1806545,0.0020203590393066406
3976,normal,2897,0,1782358441.1825824,0.0019278526306152344
3977,normal,2463,0,1782358441.1846576,0.0020751953125
3978,normal,420,0,1782358441.186706,0.002048492431640625
3979,normal,3466,0,1782358441.188629,0.0019228458404541016
3980,normal,1547,0,1782358441.190637,0.002008199691772461
3981,normal,405,0,1782358441.1926494,0.0020122528076171875
3982,normal,2973,0,1782358441.1945872,0.0019378662109375
3983,normal,708,0,1782358441.196705,0.0021178722381591797
3984,normal,3423,0,1782358441.1987054,0.0020003318786621094
3985,normal,2,0,1782358441.2006173,0.0019118785858154297
3986,normal,563,0,1782358441.202636,0.0020186901092529297
3987,normal,1996,0,1782358441.2046833,0.002047300338745117
3988,normal,2683,0,1782358441.2066336,0.0019502639770507812
3989,normal,1856,0,1782358441.2090113,0.002377748489379883
3990,normal,1412,0,1782358441.2105806,0.0015692710876464844
3991,normal,3218,1,1782358441.2125993,0.0020186901092529297
3992,normal,293,0,1782358441.214641,0.0020418167114257812
3993,normal,3202,1,1782358441.2166593,0.0020182132720947266
3994,normal,1143,0,1782358441.2185442,0.0018849372863769531
3995,normal,3490,0,1782358441.2206464,0.0021021366119384766
3996,normal,158,0,1782358441.2227008,0.002054452896118164
3997,normal,1965,0,1782358441.2245805,0.0018796920776367188
3998,normal,2384,0,1782358441.2266617,0.002081155776977539
3999,normal,2904,0,1782358441.2286913,0.0020296573638916016
4000,normal,3529,0,1782358441.2305577,0.0018663406372070312
4001,normal,961,2,1782358441.2327182,0.0021605491638183594
4002,normal,2950,0,1782358441.234641,0.0019228458404541016
4003,normal,713,0,1782358441.2365775,0.0019364356994628906
4004,normal,2983,0,1782358441.2386608,0.002083301544189453
4005,normal,2040,0,1782358441.2407262,0.002065420150756836
4006,normal,1019,2,1782358441.2425587,0.0018324851989746094
4007,normal,3663,0,1782358441.2447152,0.002156496047973633
4008,normal,2690,0,1782358441.2466393,0.0019240379333496094
4009,normal,1365,1,1782358441.2485716,0.001932382583618164
4010,normal,881,2,1782358441.2506618,0.0020902156829833984
4011,normal,1470,0,1782358441.2527292,0.0020673274993896484
4012,normal,3371,1,1782358441.2545538,0.0018246173858642578
4013,normal,3110,1,1782358441.2567203,0.0021665096282958984
4014,normal,1041,0,1782358441.2587128,0.001992464065551758
4015,normal,3090,1,1782358441.2605424,0.0018296241760253906
4016,normal,1935,0,1782358441.2626507,0.002108335494995117
4017,normal,2992,0,1782358441.2647095,0.002058744430541992
4018,normal,1015,2,1782358441.2665782,0.0018687248229980469
4019,normal,2144,0,1782358441.2688425,0.002264261245727539
4020,normal,2593,0,1782358441.2706861,0.0018436908721923828
4021,normal,2378,0,1782358441.27285,0.0021638870239257812
4022,normal,1382,0,1782358441.2746449,0.0017948150634765625
4023,normal,1383,0,1782358441.27685,0.0022051334381103516
4024,normal,2460,0,1782358441.2786424,0.0017924308776855469
4025,normal,1913,0,1782358441.280839,0.0021965503692626953
4026,normal,2578,0,1782358441.2826836,0.001844644546508789
4027,normal,898,2,1782358441.2848134,0.002129793167114258
4028,normal,2531,0,1782358441.2866488,0.0018353462219238281
4029,normal,2893,0,1782358441.2888458,0.0021970272064208984
4030,normal,1648,0,1782358441.2906568,0.0018110275268554688
4031,normal,662,0,1782358441.2926574,0.002000570297241211
4032,normal,1150,0,1782358441.294841,0.002183675765991211
4033,normal,3419,0,1782358441.2966204,0.001779317855834961
4034,normal,2092,0,1782358441.298869,0.002248525619506836
4035,normal,871,2,1782358441.300699,0.0018301010131835938
4036,normal,3282,1,1782358441.302843,0.0021440982818603516
4037,normal,3440,0,1782358441.3046503,0.0018072128295898438
4038,normal,1764,0,1782358441.3067315,0.002081155776977539
4039,normal,980,2,1782358441.3085825,0.0018510818481445312
4040,normal,3315,1,1782358441.310637,0.002054452896118164
4041,normal,2926,0,1782358441.3127215,0.002084493637084961
4042,normal,610,0,1782358441.314545,0.00182342529296875
4043,normal,283,0,1782358441.3168542,0.0023093223571777344
4044,normal,2629,0,1782358441.3185859,0.0017316341400146484
4045,normal,173,0,1782358441.3208387,0.002252817153930664
4046,normal,2617,0,1782358441.3226254,0.0017867088317871094
4047,normal,2245,0,1782358441.3247635,0.0021381378173828125
4048,normal,1431,0,1782358441.32656,0.0017964839935302734
4049,normal,163,0,1782358441.3287113,0.0021512508392333984
4050,normal,3291,1,1782358441.3307178,0.00200653076171875
4051,normal,1229,0,1782358441.3325455,0.0018277168273925781
4052,normal,1214,0,1782358441.3347154,0.0021698474884033203
4053,normal,3387,1,1782358441.3367162,0.0020008087158203125
4054,normal,893,2,1782358441.33859,0.0018737316131591797
4055,normal,1504,0,1782358441.3405921,0.002002239227294922
4056,normal,1250,0,1782358441.3426495,0.002057313919067383
4057,normal,2989,0,1782358441.344571,0.0019216537475585938
4058,normal,198,0,1782358441.3466318,0.0020606517791748047
4059,normal,3003,0,1782358441.3488927,0.002260923385620117
4060,normal,3126,1,1782358441.3506124,0.0017197132110595703
4061,normal,2101,0,1782358441.352623,0.0020105838775634766
4062,normal,471,0,1782358441.3548217,0.0021986961364746094
4063,normal,39,0,1782358441.3566263,0.0018045902252197266
4064,normal,3342,1,1782358441.3588343,0.0022079944610595703
4065,normal,3284,1,1782358441.3606603,0.0018260478973388672
4066,normal,3313,1,1782358441.3628483,0.002187967300415039
4067,normal,595,0,1782358441.3648074,0.001959085464477539
4068,normal,2601,0,1782358441.3666475,0.0018401145935058594
4069,normal,1869,0,1782358441.368826,0.0021784305572509766
4070,normal,3063,1,1782358441.370692,0.0018661022186279297
4071,normal,2199,0,1782358441.372818,0.002125978469848633
4072,normal,659,0,1782358441.3746512,0.001833200454711914
4073,normal,2285,0,1782358441.3768218,0.002170562744140625
4074,normal,374,0,1782358441.3786466,0.0018248558044433594
4075,normal,2468,0,1782358441.380823,0.0021762847900390625
4076,normal,1317,0,1782358441.3826923,0.0018694400787353516
4077,normal,1471,0,1782358441.3848224,0.0021300315856933594
4078,normal,2200,0,1782358441.386651,0.0018286705017089844
4079,normal,2093,0,1782358441.3888166,0.002165555953979492
4080,normal,2485,0,1782358441.3906474,0.0018308162689208984
4081,normal,2115,0,1782358441.3928216,0.0021741390228271484
4082,normal,55,0,1782358441.3946898,0.0018682479858398438
4083,normal,2951,0,1782358441.3968205,0.002130746841430664
4084,normal,453,0,1782358441.398629,0.0018084049224853516
4085,normal,3061,1,1782358441.4006171,0.0019881725311279297
4086,normal,354,0,1782358441.402835,0.0022177696228027344
4087,normal,3014,0,1782358441.4046597,0.0018248558044433594
4088,normal,2915,0,1782358441.40695,0.0022902488708496094
4089,normal,951,2,1782358441.4086423,0.0016922950744628906
4090,normal,2652,0,1782358441.4108357,0.002193450927734375
4091,normal,3476,0,1782358441.4126427,0.0018069744110107422
4092,normal,2497,0,1782358441.41485,0.0022072792053222656
4093,normal,1664,0,1782358441.416637,0.001786947250366211
4094,normal,3158,1,1782358441.4188406,0.002203702926635742
4095,normal,2544,0,1782358441.4206421,0.0018014907836914062
4096,normal,2086,0,1782358441.4228542,0.002212047576904297
4097,normal,2654,0,1782358441.4246507,0.0017964839935302734
4098,normal,1456,0,1782358441.426818,0.002167224884033203
4099,normal,1689,0,1782358441.4286168,0.001798868179321289
4100,normal,1386,0,1782358441.430839,0.002222299575805664
4101,normal,409,0,1782358441.4326427,0.0018036365509033203
4102,normal,1447,0,1782358441.4348245,0.0021817684173583984
4103,normal,3335,1,1782358441.4366903,0.0018658638000488281
4104,normal,926,2,1782358441.4388325,0.002142190933227539
4105,normal,3552,0,1782358441.4406495,0.0018169879913330078
4106,normal,1463,0,1782358441.4428065,0.002156972885131836
4107,normal,3432,0,1782358441.4446554,0.0018489360809326172
4108,normal,1332,1,1782358441.4468203,0.0021648406982421875
4109,normal,2891,0,1782358441.4486477,0.0018274784088134766
4110,normal,441,0,1782358441.4508293,0.002181529998779297
4111,normal,1083,0,1782358441.4526424,0.0018131732940673828
4112,normal,252,0,1782358441.4548106,0.0021681785583496094
4113,normal,1180,0,1782358441.456646,0.0018353462219238281
4114,normal,842,2,1782358441.458813,0.0021669864654541016
4115,normal,2170,0,1782358441.4606473,0.0018343925476074219
4116,normal,3687,0,1782358441.4628186,0.0021712779998779297
4117,normal,1209,0,1782358441.4646442,0.001825571060180664
4118,normal,2297,0,1782358441.4668396,0.0021953582763671875
4119,normal,2341,0,1782358441.468649,0.0018093585968017578
4120,normal,3616,0,1782358441.4708412,0.002192258834838867
4121,normal,3233,1,1782358441.472688,0.0018467903137207031
4122,normal,1122,0,1782358441.4748278,0.0021398067474365234
4123,normal,3515,0,1782358441.4766524,0.0018246173858642578
4124,normal,2150,0,1782358441.4788136,0.002161264419555664
4125,normal,1675,0,1782358441.480645,0.0018312931060791016
4126,normal,2967,0,1782358441.4828167,0.002171754837036133
4127,normal,3351,1,1782358441.484649,0.0018322467803955078
4128,normal,3583,0,1782358441.4868147,0.0021657943725585938
4129,normal,3638,0,1782358441.4886901,0.0018754005432128906
4130,normal,770,0,1782358441.4908235,0.0021333694458007812
4131,normal,1360,1,1782358441.492655,0.0018315315246582031
4132,normal,3048,1,1782358441.4946132,0.001958131790161133
4133,normal,3468,0,1782358441.4968417,0.0022284984588623047
4134,normal,378,0,1782358441.4986448,0.0018031597137451172
4135,normal,3598,0,1782358441.5008283,0.0021834373474121094
4136,normal,1684,0,1782358441.502692,0.001863718032836914
4137,normal,3331,1,1782358441.5048275,0.0021355152130126953
4138,normal,3404,0,1782358441.5066538,0.0018262863159179688
4139,normal,2190,0,1782358441.5088289,0.0021750926971435547
4140,normal,3561,0,1782358441.510644,0.0018150806427001953
4141,normal,2975,0,1782358441.5128286,0.002184629440307617
4142,normal,1028,2,1782358441.5146918,0.001863241195678711
4143,normal,479,0,1782358441.5168152,0.0021233558654785156
4144,normal,2319,0,1782358441.5186176,0.0018024444580078125
4145,normal,1249,0,1782358441.5208564,0.002238750457763672
4146,normal,542,0,1782358441.5226312,0.0017747879028320312
4147,normal,3522,0,1782358441.5248282,0.0021970272064208984
4148,normal,2588,0,1782358441.5266402,0.001811981201171875
4149,normal,3339,1,1782358441.528827,0.0021867752075195312
4150,normal,2118,0,1782358441.5306458,0.0018188953399658203
4151,normal,3397,1,1782358441.5328457,0.002199888229370117
4152,normal,35,0,1782358441.5346508,0.0018050670623779297
4153,normal,147,0,1782358441.5368302,0.002179384231567383
4154,normal,2002,0,1782358441.5386894,0.0018591880798339844
4155,normal,1634,0,1782358441.5408292,0.0021398067474365234
4156,normal,276,0,1782358441.5426497,0.0018205642700195312
4157,normal,2946,0,1782358441.5448182,0.002168416976928711
4158,normal,2421,0,1782358441.54665,0.0018317699432373047
4159,normal,512,0,1782358441.5488324,0.002182483673095703
4160,normal,3098,1,1782358441.550618,0.0017855167388916016
4161,normal,1842,0,1782358441.552829,0.0022110939025878906
4162,normal,2795,0,1782358441.5547671,0.0019381046295166016
4163,normal,2478,0,1782358441.5566442,0.0018770694732666016
4164,normal,763,0,1782358441.5588255,0.0021812915802001953
4165,normal,1550,0,1782358441.5606492,0.0018236637115478516
4166,normal,2849,0,1782358441.5628326,0.0021834373474121094
4167,normal,1227,0,1782358441.5646467,0.001814126968383789
4168,normal,959,2,1782358441.5669038,0.002257108688354492
4169,normal,1438,0,1782358441.5686433,0.001739501953125
4170,normal,3295,1,1782358441.5708156,0.002172231674194336
4171,normal,614,0,1782358441.5726473,0.0018317699432373047
4172,normal,3424,0,1782358441.5748725,0.002225160598754883
4173,normal,2379,0,1782358441.576645,0.0017724037170410156
4174,normal,3413,0,1782358441.578614,0.0019690990447998047
4175,normal,3206,1,1782358441.5808737,0.0022597312927246094
4176,normal,1937,0,1782358441.5827184,0.001844644546508789
4177,normal,3151,1,1782358441.5848253,0.002106904983520508
4178,normal,837,2,1782358441.5866902,0.0018649101257324219
4179,normal,525,0,1782358441.5888276,0.002137422561645508
4180,normal,318,0,1782358441.5906491,0.0018215179443359375
4181,normal,2632,0,1782358441.5928311,0.0021820068359375
4182,normal,1538,0,1782358441.5946865,0.0018553733825683594
4183,normal,296,0,1782358441.5968199,0.0021333694458007812
4184,normal,1526,0,1782358441.598689,0.00186920166015625
4185,normal,1026,2,1782358441.6008017,0.0021126270294189453
4186,normal,2382,0,1782358441.6025906,0.0017888545989990234
4187,normal,2520,0,1782358441.6047168,0.0021262168884277344
4188,normal,3136,1,1782358441.6067336,0.002016782760620117
4189,normal,184,0,1782358441.6085455,0.001811981201171875
4190,normal,1075,0,1782358441.6107292,0.002183675765991211
4191,normal,2821,0,1782358441.6127214,0.0019922256469726562
4192,normal,665,0,1782358441.6145475,0.0018260478973388672
4193,normal,1678,0,1782358441.6168242,0.0022766590118408203
4194,normal,902,2,1782358441.6186464,0.0018222332000732422
4195,normal,2263,0,1782358441.6208239,0.0021774768829345703
4196,normal,2581,0,1782358441.6226916,0.0018677711486816406
4197,normal,2774,0,1782358441.6247237,0.002032041549682617
4198,normal,2426,0,1782358441.6265814,0.001857757568359375
4199,normal,1218,0,1782358441.6287146,0.0021331310272216797
4200,normal,92,0,1782358441.630726,0.002011537551879883
4201,normal,832,2,1782358441.6325438,0.0018177032470703125
4202,normal,1759,0,1782358441.6347191,0.0021753311157226562
4203,normal,1286,0,1782358441.6366122,0.0018930435180664062
4204,normal,2389,0,1782358441.6387072,0.0020949840545654297
4205,normal,3,0,1782358441.6406088,0.0019016265869140625
4206,normal,2035,0,1782358441.6426537,0.0020449161529541016
4207,normal,626,0,1782358441.6445782,0.0019245147705078125
4208,normal,1853,0,1782358441.6467063,0.002128124237060547
4209,normal,226,0,1782358441.6487217,0.002015352249145508
4210,normal,939,2,1782358441.6505413,0.001819610595703125
4211,normal,672,0,1782358441.6527178,0.002176523208618164
4212,normal,636,0,1782358441.654697,0.0019791126251220703
4213,normal,3065,1,1782358441.6565456,0.0018486976623535156
4214,normal,996,2,1782358441.6588213,0.002275705337524414
4215,normal,1482,0,1782358441.6606464,0.001825094223022461
4216,normal,1267,0,1782358441.6628203,0.002173900604248047
4217,normal,268,0,1782358441.66469,0.0018696784973144531
4218,normal,2110,0,1782358441.6668427,0.002152681350708008
4219,normal,3189,1,1782358441.668645,0.001802206039428711
4220,normal,683,0,1782358441.6708026,0.0021576881408691406
4221,normal,2077,0,1782358441.6726842,0.0018815994262695312
4222,normal,1832,0,1782358441.6748247,0.002140522003173828
4223,normal,3362,1,1782358441.6766903,0.0018656253814697266
4224,normal,1539,0,1782358441.678842,0.0021517276763916016
4225,normal,2041,0,1782358441.6806574,0.0018153190612792969
4226,normal,3630,0,1782358441.6828177,0.002160310745239258
4227,normal,3517,0,1782358441.6846802,0.0018625259399414062
4228,normal,426,0,1782358441.686811,0.002130746841430664
4229,normal,2024,0,1782358441.6886497,0.00183868408203125
4230,normal,2221,0,1782358441.6908422,0.0021924972534179688
4231,normal,1108,0,1782358441.6926558,0.001813650131225586
4232,normal,694,0,1782358441.6946173,0.0019614696502685547
4233,normal,3190,1,1782358441.696839,0.002221822738647461
4234,normal,1499,0,1782358441.6986217,0.0017826557159423828
4235,normal,1460,0,1782358441.7008376,0.002215862274169922
4236,normal,821,2,1782358441.7026434,0.0018057823181152344
4237,normal,1714,0,1782358441.7048392,0.0021958351135253906
4238,normal,3086,1,1782358441.7066245,0.0017852783203125
4239,normal,1479,0,1782358441.708845,0.0022203922271728516
4240,normal,3350,1,1782358441.7106142,0.0017693042755126953
4241,normal,1118,0,1782358441.7128463,0.002232074737548828
4242,normal,1283,0,1782358441.7146366,0.0017902851104736328
4243,normal,1912,0,1782358441.716833,0.0021965503692626953
4244,normal,1738,0,1782358441.7186432,0.0018100738525390625
4245,normal,2927,0,1782358441.7208483,0.0022051334381103516
4246,normal,2274,0,1782358441.7226136,0.0017652511596679688
4247,normal,2832,0,1782358441.724743,0.0021293163299560547
4248,normal,1109,0,1782358441.72671,0.001967191696166992
4249,normal,1277,0,1782358441.7287788,0.002068758010864258
4250,normal,3588,0,1782358441.7306156,0.0018367767333984375
4251,normal,1373,1,1782358441.7328353,0.002219676971435547
4252,normal,1951,0,1782358441.7346203,0.0017850399017333984
4253,normal,2641,0,1782358441.7367086,0.002088308334350586
4254,normal,388,0,1782358441.738658,0.001949310302734375
4255,normal,1343,1,1782358441.7406123,0.001954317092895508
4256,normal,233,0,1782358441.7426977,0.002085447311401367
4257,normal,17,0,1782358441.744657,0.0019593238830566406
4258,normal,217,0,1782358441.7466035,0.0019464492797851562
4259,normal,329,0,1782358441.7486174,0.0020139217376708984
4260,normal,317,0,1782358441.7507014,0.002084016799926758
4261,normal,2239,0,1782358441.7525718,0.0018703937530517578
4262,normal,3069,1,1782358441.754633,0.002061128616333008
4263,normal,2839,0,1782358441.7566533,0.0020203590393066406
4264,normal,1548,0,1782358441.758542,0.0018887519836425781
4265,normal,3084,1,1782358441.760651,0.002109050750732422
4266,normal,2257,0,1782358441.7626433,0.0019922256469726562
4267,normal,1658,0,1782358441.7646074,0.001964092254638672
4268,normal,423,0,1782358441.7666924,0.002084970474243164
4269,normal,3076,1,1782358441.7686582,0.001965761184692383
4270,normal,2058,0,1782358441.7705445,0.0018863677978515625
4271,normal,179,0,1782358441.7728527,0.0023081302642822266
4272,normal,438,0,1782358441.774575,0.0017223358154296875
4273,normal,37,0,1782358441.7766054,0.0020303726196289062
4274,normal,695,0,1782358441.778577,0.001971721649169922
4275,normal,2452,0,1782358441.7806036,0.0020265579223632812
4276,normal,773,2,1782358441.7825787,0.0019750595092773438
4277,normal,2791,0,1782358441.7846472,0.0020685195922851562
4278,normal,606,0,1782358441.7865994,0.0019521713256835938
4279,normal,1407,0,1782358441.788594,0.001994609832763672
4280,normal,1039,0,1782358441.79058,0.0019860267639160156
4281,normal,2978,0,1782358441.7925904,0.002010345458984375
4282,normal,1287,0,1782358441.7946072,0.002016782760620117
4283,normal,999,2,1782358441.7967176,0.0021104812622070312
4284,normal,3273,1,1782358441.7987058,0.0019881725311279297
4285,normal,3254,1,1782358441.8006153,0.001909494400024414
4286,normal,2023,0,1782358441.8025994,0.001984119415283203
4287,normal,2439,0,1782358441.8046534,0.002053976058959961
4288,normal,1870,0,1782358441.8065896,0.001936197280883789
4289,normal,1994,0,1782358441.809241,0.0026514530181884766
4290,normal,1637,0,1782358441.8105452,0.0013041496276855469
4291,normal,2697,0,1782358441.8126023,0.0020570755004882812
4292,normal,1715,0,1782358441.8145676,0.0019652843475341797
4293,normal,350,0,1782358441.816567,0.001999378204345703
4294,normal,3133,1,1782358441.8186038,0.0020368099212646484
4295,normal,502,0,1782358441.820569,0.0019652843475341797
4296,normal,384,0,1782358441.822648,0.002079010009765625
4297,normal,2395,0,1782358441.8245428,0.0018947124481201172
4298,normal,594,0,1782358441.8265626,0.0020198822021484375
4299,normal,1947,0,1782358441.8286335,0.002070903778076172
4300,normal,2553,0,1782358441.8306522,0.0020186901092529297
4301,normal,297,0,1782358441.832572,0.0019197463989257812
4302,normal,1424,0,1782358441.8346593,0.0020873546600341797
4303,normal,617,0,1782358441.8365524,0.0018930435180664062
4304,normal,2657,0,1782358441.8387232,0.0021708011627197266
4305,normal,972,2,1782358441.840635,0.0019118785858154297
4306,normal,2117,0,1782358441.8426487,0.002013683319091797
4307,normal,3223,1,1782358441.844582,0.0019333362579345703
4308,normal,910,2,1782358441.8466575,0.0020754337310791016
4309,normal,414,0,1782358441.8485832,0.0019257068634033203
4310,normal,1326,1,1782358441.8506536,0.0020704269409179688
4311,normal,3680,0,1782358441.8525636,0.0019099712371826172
4312,normal,1425,0,1782358441.854603,0.0020394325256347656
4313,normal,2427,0,1782358441.8565958,0.0019927024841308594
4314,normal,3225,1,1782358441.8585954,0.0019996166229248047
4315,normal,808,2,1782358441.8606057,0.002010345458984375
4316,normal,3685,0,1782358441.8627234,0.002117633819580078
4317,normal,1903,0,1782358441.8646455,0.0019221305847167969
4318,normal,1796,0,1782358441.8665743,0.0019288063049316406
4319,normal,1445,0,1782358441.86865,0.002075672149658203
4320,normal,1134,0,1782358441.8705995,0.0019495487213134766
4321,normal,3049,1,1782358441.8726037,0.0020041465759277344
4322,normal,2284,0,1782358441.8747077,0.002104043960571289
4323,normal,1615,0,1782358441.8767185,0.002010822296142578
4324,normal,1163,0,1782358441.8786085,0.001889944076538086
4325,normal,1181,0,1782358441.8807037,0.0020952224731445312
4326,normal,1591,0,1782358441.8826587,0.0019550323486328125
4327,normal,2493,0,1782358441.884557,0.0018982887268066406
4328,normal,213,0,1782358441.8868032,0.0022461414337158203
4329,normal,613,0,1782358441.888656,0.0018527507781982422
4330,normal,124,0,1782358441.8905854,0.0019295215606689453
4331,normal,1883,0,1782358441.8926182,0.002032756805419922
4332,normal,228,0,1782358441.8945901,0.0019719600677490234
4333,normal,1666,0,1782358441.8965738,0.001983642578125
4334,normal,2645,0,1782358441.898581,0.0020072460174560547
4335,normal,3104,1,1782358441.9006965,0.002115488052368164
4336,normal,907,2,1782358441.9025497,0.0018532276153564453
4337,normal,2890,0,1782358441.9047198,0.002170085906982422
4338,normal,2547,0,1782358441.9066994,0.0019795894622802734
4339,normal,576,0,1782358441.9085472,0.0018477439880371094
4340,normal,1146,0,1782358441.9107056,0.0021584033966064453
4341,normal,1614,0,1782358441.912655,0.0019495487213134766
4342,normal,1997,0,1782358441.914588,0.0019328594207763672
4343,normal,680,0,1782358441.9166265,0.0020384788513183594
4344,normal,1956,0,1782358441.918639,0.002012491226196289
4345,normal,2080,0,1782358441.9206276,0.001988649368286133
4346,normal,2688,0,1782358441.9226315,0.002003908157348633
4347,normal,3431,0,1782358441.924601,0.001969575881958008
4348,normal,1395,0,1782358441.926597,0.0019960403442382812
4349,normal,345,0,1782358441.9287066,0.002109527587890625
4350,normal,109,0,1782358441.9306483,0.001941680908203125
4351,normal,1586,0,1782358441.9325852,0.0019369125366210938
4352,normal,649,0,1782358441.9347305,0.0021452903747558594
4353,normal,448,0,1782358441.936574,0.0018434524536132812
4354,normal,3647,0,1782358441.938604,0.0020301342010498047
4355,normal,605,0,1782358441.9406004,0.001996278762817383
4356,normal,3034,0,1782358441.9426537,0.0020532608032226562
4357,normal,953,2,1782358441.9445732,0.0019195079803466797
4358,normal,319,0,1782358441.9466536,0.0020804405212402344
4359,normal,2374,0,1782358441.9487038,0.002050161361694336
4360,normal,2213,0,1782358441.9505463,0.001842498779296875
4361,normal,3073,1,1782358441.9527147,0.002168416976928711
4362,normal,2812,0,1782358441.9546425,0.0019278526306152344
4363,normal,411,0,1782358441.956578,0.0019354820251464844
4364,normal,3425,0,1782358441.958715,0.0021369457244873047
4365,normal,1256,0,1782358441.9606574,0.0019423961639404297
4366,normal,604,0,1782358441.9625716,0.0019142627716064453
4367,normal,2258,0,1782358441.964621,0.0020494461059570312
4368,normal,2707,0,1782358441.9666362,0.0020151138305664062
4369,normal,262,0,1782358441.9687066,0.0020704269409179688
4370,normal,3271,1,1782358441.9705722,0.0018656253814697266
4371,normal,1592,0,1782358441.972656,0.0020837783813476562
4372,normal,2525,0,1782358441.9745731,0.001917123794555664
4373,normal,1685,0,1782358441.9768682,0.0022950172424316406
4374,normal,1435,0,1782358441.9785597,0.001691579818725586
4375,normal,2900,0,1782358441.980609,0.0020492076873779297
4376,normal,1617,0,1782358441.9825737,0.0019648075103759766
4377,normal,1906,0,1782358441.984607,0.002033233642578125
4378,normal,2487,0,1782358441.986569,0.001961946487426758
4379,normal,2625,0,1782358441.9886205,0.0020515918731689453
4380,normal,562,0,1782358441.9906366,0.0020160675048828125
4381,normal,1458,0,1782358441.9926019,0.0019652843475341797
4382,normal,2807,0,1782358441.994702,0.002100229263305664
4383,normal,300,0,1782358441.9967277,0.002025604248046875
4384,normal,2945,0,1782358441.9985461,0.0018184185028076172
4385,normal,1940,0,1782358442.0007153,0.0021691322326660156
4386,normal,2491,0,1782358442.002598,0.001882791519165039
4387,normal,3396,1,1782358442.0045698,0.001971721649169922
4388,normal,3161,1,1782358442.0066228,0.0020530223846435547
4389,normal,1708,0,1782358442.0086963,0.002073526382446289
4390,normal,2188,0,1782358442.0105808,0.00188446044921875
4391,normal,2307,0,1782358442.012718,0.0021371841430664062
4392,normal,0,0,1782358442.014732,0.0020139217376708984
4393,normal,2458,0,1782358442.0165431,0.0018112659454345703
4394,normal,2404,0,1782358442.0187192,0.002176046371459961
4395,normal,2569,0,1782358442.0206409,0.0019216537475585938
4396,normal,2867,0,1782358442.0225754,0.0019345283508300781
4397,normal,3648,0,1782358442.024701,0.0021257400512695312
4398,normal,1991,0,1782358442.0266304,0.0019292831420898438
4399,normal,3652,0,1782358442.0285673,0.0019369125366210938
4400,normal,2392,0,1782358442.0307164,0.0021491050720214844
4401,normal,1631,0,1782358442.0326355,0.0019190311431884766
4402,normal,1921,0,1782358442.0347235,0.0020880699157714844
4403,normal,1780,0,1782358442.0365732,0.0018496513366699219
4404,normal,973,2,1782358442.038729,0.002155780792236328
4405,normal,2343,0,1782358442.040541,0.001811981201171875
4406,normal,3422,0,1782358442.0427172,0.0021762847900390625
4407,normal,1371,1,1782358442.044643,0.0019257068634033203
4408,normal,227,0,1782358442.0466425,0.0019996166229248047
4409,normal,443,0,1782358442.048553,0.0019104480743408203
4410,normal,520,0,1782358442.0506504,0.0020973682403564453
4411,normal,1677,0,1782358442.052544,0.001893758773803711
4412,normal,1978,0,1782358442.054716,0.0021719932556152344
4413,normal,1138,0,1782358442.0566504,0.0019342899322509766
4414,normal,1089,0,1782358442.0585802,0.0019297599792480469
4415,normal,2082,0,1782358442.0607011,0.0021209716796875
4416,normal,2503,0,1782358442.06272,0.0020189285278320312
4417,normal,2662,0,1782358442.0645423,0.0018222332000732422
4418,normal,2232,0,1782358442.0667152,0.0021729469299316406
4419,normal,581,0,1782358442.0685852,0.0018699169158935547
4420,normal,1588,0,1782358442.0705981,0.002012968063354492
4421,normal,3446,0,1782358442.072657,0.0020589828491210938
4422,normal,1462,0,1782358442.0747263,0.002069234848022461
4423,normal,3664,0,1782358442.0765407,0.0018143653869628906
4424,normal,2679,0,1782358442.0787215,0.002180814743041992
4425,normal,1136,0,1782358442.080575,0.0018534660339355469
4426,normal,3614,0,1782358442.0825675,0.001992464065551758
4427,normal,1002,2,1782358442.0847201,0.002152681350708008
4428,normal,1156,0,1782358442.0867114,0.00199127197265625
4429,normal,2336,0,1782358442.0885775,0.0018661022186279297
4430,normal,927,2,1782358442.090695,0.0021173954010009766
4431,normal,2367,0,1782358442.0926282,0.0019333362579345703
4432,normal,793,2,1782358442.094568,0.0019397735595703125
4433,normal,223,0,1782358442.0966496,0.002081632614135742
4434,normal,835,2,1782358442.098706,0.0020563602447509766
4435,normal,2102,0,1782358442.1005764,0.0018703937530517578
4436,normal,476,0,1782358442.1027021,0.0021257400512695312
4437,normal,2064,0,1782358442.1046305,0.0019283294677734375
4438,normal,2738,0,1782358442.1065474,0.0019168853759765625
4439,normal,766,0,1782358442.1085908,0.002043485641479492
4440,normal,2227,0,1782358442.1106968,0.0021059513092041016
4441,normal,879,2,1782358442.112581,0.0018842220306396484
4442,normal,700,0,1782358442.1146586,0.0020775794982910156
4443,normal,839,2,1782358442.1167352,0.0020766258239746094
4444,normal,635,0,1782358442.1185405,0.0018053054809570312
4445,normal,3703,0,1782358442.120648,0.002107381820678711
4446,normal,1724,0,1782358442.1226137,0.001965761184692383
4447,normal,3584,0,1782358442.1246562,0.002042531967163086
4448,normal,3579,0,1782358442.1265726,0.0019164085388183594
4449,normal,1923,0,1782358442.128711,0.002138376235961914
4450,normal,1293,0,1782358442.130542,0.0018310546875
4451,normal,2276,0,1782358442.1326478,0.002105712890625
4452,normal,3031,0,1782358442.1347113,0.0020635128021240234
4453,normal,1681,0,1782358442.1365767,0.001865386962890625
4454,normal,3343,1,1782358442.1386878,0.002111196517944336
4455,normal,1785,0,1782358442.1406548,0.0019669532775878906
4456,normal,1337,1,1782358442.1425693,0.0019145011901855469
4457,normal,199,0,1782358442.1447144,0.002145051956176758
4458,normal,1336,1,1782358442.1465716,0.0018572807312011719
4459,normal,2432,0,1782358442.1485996,0.0020279884338378906
4460,normal,1190,0,1782358442.1506011,0.002001523971557617
4461,normal,727,0,1782358442.1526556,0.002054452896118164
4462,normal,1384,0,1782358442.1545725,0.0019168853759765625
4463,normal,857,2,1782358442.1567273,0.002154827117919922
4464,normal,2377,0,1782358442.158569,0.0018417835235595703
4465,normal,1720,0,1782358442.160598,0.002028942108154297
4466,normal,2719,0,1782358442.1626582,0.0020601749420166016
4467,normal,753,0,1782358442.1646912,0.0020329952239990234
4468,normal,625,0,1782358442.1665714,0.0018801689147949219
4469,normal,1554,0,1782358442.1687233,0.002151966094970703
4470,normal,1904,0,1782358442.170568,0.001844644546508789
4471,normal,3576,0,1782358442.1726005,0.0020325183868408203
4472,normal,2135,0,1782358442.1746578,0.002057313919067383
4473,normal,656,0,1782358442.1766593,0.002001523971557617
4474,normal,2570,0,1782358442.178592,0.0019326210021972656
4475,normal,2223,0,1782358442.1805778,0.001985788345336914
4476,normal,1432,0,1782358442.1825852,0.0020074844360351562
4477,normal,1690,0,1782358442.1846044,0.002019166946411133
4478,normal,183,0,1782358442.1865695,0.001965045928955078
4479,normal,989,2,1782358442.188591,0.0020215511322021484
4480,normal,3514,0,1782358442.190587,0.0019960403442382812
4481,normal,2898,0,1782358442.1925936,0.00200653076171875
4482,normal,2026,0,1782358442.1945672,0.0019736289978027344
4483,normal,3399,1,1782358442.1966004,0.002033233642578125
4484,normal,1806,0,1782358442.198625,0.0020246505737304688
4485,normal,3232,1,1782358442.2006497,0.0020246505737304688
4486,normal,1275,0,1782358442.202574,0.001924276351928711
4487,normal,1127,0,1782358442.204722,0.0021479129791259766
4488,normal,3365,1,1782358442.2066295,0.0019075870513916016
4489,normal,2696,0,1782358442.2086577,0.002028226852416992
4490,normal,3618,0,1782358442.2105694,0.0019116401672363281
4491,normal,191,0,1782358442.2126536,0.0020842552185058594
4492,normal,2210,0,1782358442.2145672,0.0019135475158691406
4493,normal,812,2,1782358442.2167206,0.0021533966064453125
4494,normal,3266,1,1782358442.218632,0.0019114017486572266
4495,normal,2572,0,1782358442.2206562,0.0020241737365722656
4496,normal,1281,0,1782358442.2225716,0.0019154548645019531
4497,normal,2328,0,1782358442.224643,0.002071380615234375
4498,normal,94,0,1782358442.22657,0.0019268989562988281
4499,normal,632,0,1782358442.228712,0.002142190933227539
4500,normal,2838,0,1782358442.230634,0.0019218921661376953
4501,normal,3018,0,1782358442.2326558,0.00202178955078125
4502,normal,1318,0,1782358442.2345695,0.0019137859344482422
4503,normal,2836,0,1782358442.2366452,0.002075672149658203
4504,normal,331,0,1782358442.2385678,0.001922607421875
4505,normal,1907,0,1782358442.2407143,0.002146482467651367
4506,normal,1219,0,1782358442.242625,0.0019106864929199219
4507,normal,1979,0,1782358442.2446516,0.0020265579223632812
4508,normal,1119,0,1782358442.246571,0.0019195079803466797
4509,normal,860,2,1782358442.248655,0.002084016799926758
4510,normal,2507,0,1782358442.250577,0.0019218921661376953
4511,normal,377,0,1782358442.252631,0.002053976058959961
4512,normal,3621,0,1782358442.2546296,0.0019986629486083984
4513,normal,3174,1,1782358442.2567153,0.0020856857299804688
4514,normal,1967,0,1782358442.258539,0.0018236637115478516
4515,normal,2502,0,1782358442.2606478,0.0021088123321533203
4516,normal,1630,0,1782358442.2625709,0.0019230842590332031
4517,normal,2586,0,1782358442.2647245,0.002153635025024414
4518,normal,734,0,1782358442.2666354,0.0019109249114990234
4519,normal,3491,0,1782358442.2686026,0.001967191696166992
4520,normal,2291,0,1782358442.2706277,0.002025127410888672
4521,normal,862,2,1782358442.2726488,0.0020210742950439453
4522,normal,3373,1,1782358442.2745712,0.0019223690032958984
4523,normal,593,0,1782358442.2767184,0.002147197723388672
4524,normal,105,0,1782358442.2786326,0.0019142627716064453
4525,normal,1894,0,1782358442.2806313,0.0019986629486083984
4526,normal,601,0,1782358442.2826943,0.0020630359649658203
4527,normal,79,0,1782358442.284693,0.0019986629486083984
4528,normal,1265,0,1782358442.2865686,0.0018756389617919922
4529,normal,196,0,1782358442.2887156,0.0021469593048095703
4530,normal,1345,1,1782358442.2906308,0.0019152164459228516
4531,normal,1745,0,1782358442.2925963,0.0019655227661132812
4532,normal,1390,0,1782358442.2946596,0.002063274383544922
4533,normal,684,0,1782358442.2966592,0.0019996166229248047
4534,normal,2972,0,1782358442.2985697,0.0019104480743408203
4535,normal,1285,0,1782358442.3007133,0.0021436214447021484
4536,normal,2446,0,1782358442.3026416,0.0019283294677734375
4537,normal,868,2,1782358442.3045754,0.0019338130950927734
4538,normal,1124,0,1782358442.306591,0.0020155906677246094
4539,normal,2543,0,1782358442.3086503,0.0020592212677001953
4540,normal,3094,1,1782358442.3105702,0.0019199848175048828
4541,normal,1111,0,1782358442.3127186,0.0021483898162841797
4542,normal,1149,0,1782358442.3145692,0.0018506050109863281
4543,normal,150,0,1782358442.31665,0.002080678939819336
4544,normal,3368,1,1782358442.3185718,0.0019218921661376953
4545,normal,3475,0,1782358442.3205929,0.0020210742950439453
4546,normal,11,0,1782358442.322592,0.0019991397857666016
4547,normal,3082,1,1782358442.324737,0.002145051956176758
4548,normal,2615,0,1782358442.32658,0.0018429756164550781
4549,normal,1868,0,1782358442.3286393,0.0020592212677001953
4550,normal,1884,0,1782358442.3306289,0.001989603042602539
4551,normal,760,0,1782358442.3326476,0.0020186901092529297
4552,normal,2913,0,1782358442.3345726,0.0019249916076660156
4553,normal,314,0,1782358442.3367343,0.002161741256713867
4554,normal,670,0,1782358442.3386374,0.0019030570983886719
4555,normal,3688,0,1782358442.3406298,0.001992464065551758
4556,normal,1047,0,1782358442.3426256,0.0019958019256591797
4557,normal,1033,0,1782358442.3446493,0.0020236968994140625
4558,normal,2001,0,1782358442.3465693,0.0019199848175048828
4559,normal,446,0,1782358442.3489,0.002330780029296875
4560,normal,3333,1,1782358442.3506248,0.0017247200012207031
4561,normal,956,2,1782358442.3525956,0.0019707679748535156
4562,normal,1840,0,1782358442.3545818,0.001986265182495117
4563,normal,1519,0,1782358442.3566244,0.002042531967163086
4564,normal,2728,0,1782358442.3586094,0.0019850730895996094
4565,normal,3108,1,1782358442.3607512,0.002141714096069336
4566,normal,890,2,1782358442.362791,0.0020399093627929688
4567,normal,2090,0,1782358442.3648446,0.002053499221801758
4568,normal,2154,0,1782358442.3668017,0.0019571781158447266
4569,normal,257,0,1782358442.3690634,0.002261638641357422
4570,normal,346,0,1782358442.3706546,0.0015912055969238281
4571,normal,1809,0,1782358442.372955,0.0023005008697509766
4572,normal,891,2,1782358442.3748684,0.001913309097290039
4573,normal,3441,0,1782358442.3768518,0.0019834041595458984
4574,normal,782,2,1782358442.3788004,0.0019485950469970703
4575,normal,630,0,1782358442.3808196,0.002019166946411133
4576,normal,392,0,1782358442.3826563,0.0018367767333984375
4577,normal,1455,0,1782358442.3849397,0.002283334732055664
4578,normal,823,2,1782358442.3868585,0.001918792724609375
4579,normal,2288,0,1782358442.388691,0.0018324851989746094
4580,normal,3660,0,1782358442.3908014,0.0021104812622070312
4581,normal,2964,0,1782358442.3929632,0.002161741256713867
4582,normal,1162,0,1782358442.3947191,0.0017559528350830078
4583,normal,103,0,1782358442.3969631,0.0022439956665039062
4584,normal,612,0,1782358442.3988042,0.0018410682678222656
4585,normal,1135,0,1782358442.4008677,0.0020635128021240234
4586,normal,3508,0,1782358442.4028158,0.0019481182098388672
4587,normal,1389,0,1782358442.4050136,0.002197742462158203
4588,normal,303,0,1782358442.4066553,0.0016417503356933594
4589,normal,1140,0,1782358442.4089134,0.0022580623626708984
4590,normal,3011,0,1782358442.4113035,0.002390146255493164
4591,normal,3173,1,1782358442.4126163,0.0013127326965332031
4592,normal,1076,0,1782358442.414633,0.002016782760620117
4593,normal,187,0,1782358442.416844,0.002210855484008789
4594,normal,2919,0,1782358442.418635,0.0017910003662109375
4595,normal,3527,0,1782358442.4205794,0.0019445419311523438
4596,normal,221,0,1782358442.422745,0.002165555953979492
4597,normal,3235,1,1782358442.424555,0.0018100738525390625
4598,normal,1434,0,1782358442.4266217,0.0020666122436523438
4599,normal,3381,1,1782358442.4286427,0.0020210742950439453
4600,normal,2280,0,1782358442.4306118,0.0019690990447998047
4601,normal,1380,1,1782358442.432805,0.0021932125091552734
4602,normal,532,0,1782358442.4346328,0.0018277168273925781
4603,normal,648,0,1782358442.4368188,0.0021860599517822266
4604,normal,2347,0,1782358442.4387233,0.0019044876098632812
4605,normal,937,2,1782358442.4409502,0.0022268295288085938
4606,normal,1003,2,1782358442.4426963,0.0017461776733398438
4607,normal,1772,0,1782358442.4449275,0.002231121063232422
4608,normal,1821,0,1782358442.446693,0.0017654895782470703
4609,normal,3649,0,1782358442.4488235,0.0021305084228515625
4610,normal,417,0,1782358442.4507267,0.0019032955169677734
4611,normal,1196,0,1782358442.4528675,0.0021407604217529297
4612,normal,1862,0,1782358442.454656,0.0017883777618408203
4613,normal,1339,1,1782358442.4568348,0.0021789073944091797
4614,normal,693,0,1782358442.4589353,0.0021004676818847656
4615,normal,1697,0,1782358442.4606378,0.0017025470733642578
4616,normal,302,0,1782358442.4629033,0.002265453338623047
4617,normal,356,0,1782358442.4647083,0.0018050670623779297
4618,normal,1858,0,1782358442.4668381,0.002129793167114258
4619,normal,1874,0,1782358442.468683,0.0018448829650878906
4620,normal,811,2,1782358442.4709527,0.002269744873046875
4621,normal,242,0,1782358442.4727163,0.0017635822296142578
4622,normal,676,0,1782358442.4749606,0.002244234085083008
4623,normal,975,2,1782358442.4768405,0.0018799304962158203
4624,normal,299,0,1782358442.4787045,0.0018639564514160156
4625,normal,878,2,1782358442.4807153,0.002010822296142578
4626,normal,1115,0,1782358442.482975,0.0022597312927246094
4627,normal,1746,0,1782358442.4846776,0.0017025470733642578
4628,normal,1139,0,1782358442.4870524,0.002374887466430664
4629,normal,110,0,1782358442.4888456,0.0017931461334228516
4630,normal,1897,0,1782358442.490735,0.0018894672393798828
4631,normal,2312,0,1782358442.4929655,0.002230405807495117
4632,normal,3380,1,1782358442.4948347,0.00186920166015625
4633,normal,464,0,1782358442.4967089,0.0018742084503173828
4634,normal,2560,0,1782358442.4989996,0.0022907257080078125
4635,normal,717,0,1782358442.500891,0.0018913745880126953
4636,normal,1231,0,1782358442.502854,0.0019631385803222656
4637,normal,3575,0,1782358442.5048366,0.001982450485229492
4638,normal,2175,0,1782358442.5069604,0.0021238327026367188
4639,normal,3384,1,1782358442.5087636,0.0018031597137451172
4640,normal,3628,0,1782358442.5110083,0.002244710922241211
4641,normal,2054,0,1782358442.5128467,0.0018384456634521484
4642,normal,1936,0,1782358442.5147383,0.0018916130065917969
4643,normal,301,0,1782358442.5168085,0.002070188522338867
4644,normal,1929,0,1782358442.518985,0.002176523208618164
4645,normal,231,0,1782358442.5206418,0.0016567707061767578
4646,normal,1710,0,1782358442.5226946,0.002052783966064453
4647,normal,1215,0,1782358442.5249317,0.002237081527709961
4648,normal,1624,0,1782358442.5267339,0.001802206039428711
4649,normal,1616,0,1782358442.5286984,0.001964569091796875
4650,normal,1845,0,1782358442.5308135,0.002115011215209961
4651,normal,3596,0,1782358442.5326076,0.0017940998077392578
4652,normal,3116,1,1782358442.5346558,0.0020482540130615234
4653,normal,1943,0,1782358442.5366225,0.001966714859008789
4654,normal,537,0,1782358442.5386016,0.0019791126251220703
4655,normal,2545,0,1782358442.5406957,0.0020940303802490234
4656,normal,2798,0,1782358442.5426369,0.0019412040710449219
4657,normal,789,2,1782358442.5446377,0.0020008087158203125
4658,normal,931,2,1782358442.546563,0.0019252300262451172
4659,normal,3505,0,1782358442.5487423,0.002179384231567383
4660,normal,2990,0,1782358442.5506048,0.0018625259399414062
4661,normal,1885,0,1782358442.552743,0.0021381378173828125
4662,normal,2171,0,1782358442.554759,0.0020160675048828125
4663,normal,2136,0,1782358442.5566833,0.001924276351928711
4664,normal,3516,0,1782358442.5589097,0.0022263526916503906
4665,normal,1465,0,1782358442.5607767,0.001867055892944336
4666,normal,1957,0,1782358442.562617,0.001840353012084961
4667,normal,1566,0,1782358442.5649412,0.0023241043090820312
4668,normal,866,2,1782358442.5665624,0.001621246337890625
4669,normal,791,2,1782358442.5685565,0.0019941329956054688
4670,normal,2612,0,1782358442.570614,0.0020575523376464844
4671,normal,1294,0,1782358442.572736,0.0021219253540039062
4672,normal,2451,0,1782358442.5745568,0.0018208026885986328
4673,normal,1304,0,1782358442.576646,0.002089262008666992
4674,normal,2310,0,1782358442.578599,0.0019528865814208984
4675,normal,10,0,1782358442.5806158,0.002016782760620117
4676,normal,1649,0,1782358442.5826063,0.0019905567169189453
4677,normal,1165,0,1782358442.584602,0.0019958019256591797
4678,normal,1322,1,1782358442.586585,0.0019829273223876953
4679,normal,706,0,1782358442.5886211,0.0020360946655273438
4680,normal,1225,0,1782358442.5906355,0.0020143985748291016
4681,normal,1816,0,1782358442.5925593,0.0019237995147705078
4682,normal,529,0,1782358442.5946317,0.0020723342895507812
4683,normal,3539,0,1782358442.5965986,0.0019669532775878906
4684,normal,948,2,1782358442.5985947,0.0019960403442382812
4685,normal,2011,0,1782358442.6006303,0.0020356178283691406
4686,normal,251,0,1782358442.6026037,0.001973390579223633
4687,normal,2076,0,1782358442.6045907,0.001986980438232422
4688,normal,623,0,1782358442.606637,0.002046346664428711
4689,normal,285,0,1782358442.6085954,0.0019583702087402344
4690,normal,1871,0,1782358442.6105924,0.0019969940185546875
4691,normal,1023,2,1782358442.6126275,0.0020351409912109375
4692,normal,292,0,1782358442.6145968,0.0019693374633789062
4693,normal,779,2,1782358442.6165884,0.0019915103912353516
4694,normal,804,2,1782358442.6186337,0.0020453929901123047
4695,normal,2256,0,1782358442.6205983,0.001964569091796875
4696,normal,3354,1,1782358442.6225886,0.0019903182983398438
4697,normal,1955,0,1782358442.6246333,0.002044677734375
4698,normal,2895,0,1782358442.626598,0.001964569091796875
4699,normal,2169,0,1782358442.628592,0.0019941329956054688
4700,normal,3634,0,1782358442.6306317,0.002039670944213867
4701,normal,1555,0,1782358442.6326308,0.0019991397857666016
4702,normal,1414,0,1782358442.6345897,0.0019588470458984375
4703,normal,3607,0,1782358442.6366274,0.0020377635955810547
4704,normal,1232,0,1782358442.6386344,0.002007007598876953
4705,normal,2546,0,1782358442.640555,0.001920461654663086
4706,normal,3217,1,1782358442.6426303,0.0020754337310791016
4707,normal,1493,0,1782358442.644614,0.001983642578125
4708,normal,1740,0,1782358442.6465933,0.001979351043701172
4709,normal,1859,0,1782358442.6486323,0.0020389556884765625
4710,normal,29,0,1782358442.6506288,0.0019965171813964844
4711,normal,232,0,1782358442.6525888,0.0019600391387939453
4712,normal,3105,1,1782358442.6546245,0.0020356178283691406
4713,normal,508,0,1782358442.6566195,0.001995086669921875
4714,normal,1544,0,1782358442.6585908,0.0019712448120117188
4715,normal,1262,0,1782358442.6606264,0.0020356178283691406
4716,normal,2218,0,1782358442.6625996,0.0019731521606445312
4717,normal,3121,1,1782358442.6645892,0.001989603042602539
4718,normal,2820,0,1782358442.6666281,0.0020389556884765625
4719,normal,2100,0,1782358442.6685994,0.0019712448120117188
4720,normal,3341,1,1782358442.6705902,0.001990795135498047
4721,normal,3571,0,1782358442.6726358,0.0020456314086914062
4722,normal,2273,0,1782358442.6745965,0.00196075439453125
4723,normal,1259,0,1782358442.676587,0.0019905567169189453
4724,normal,1916,0,1782358442.6785984,0.0020112991333007812
4725,normal,674,0,1782358442.680595,0.0019965171813964844
4726,normal,3125,1,1782358442.6825905,0.001995563507080078
4727,normal,1705,0,1782358442.6846323,0.0020418167114257812
4728,normal,254,0,1782358442.6865976,0.0019652843475341797
4729,normal,1257,0,1782358442.6885893,0.001991748809814453
4730,normal,579,0,1782358442.69063,0.0020406246185302734
4731,normal,3352,1,1782358442.6926212,0.00199127197265625
4732,normal,550,0,1782358442.6945896,0.0019683837890625
4733,normal,638,0,1782358442.696627,0.0020372867584228516
4734,normal,3025,0,1782358442.6986544,0.0020275115966796875
4735,normal,2012,0,1782358442.700574,0.0019195079803466797
4736,normal,1,0,1782358442.7026465,0.002072572708129883
4737,normal,2132,0,1782358442.7046053,0.0019588470458984375
4738,normal,1467,0,1782358442.7065976,0.0019922256469726562
4739,normal,945,2,1782358442.7086349,0.0020372867584228516
4740,normal,3433,0,1782358442.7106051,0.0019702911376953125
4741,normal,2331,0,1782358442.7125967,0.0019915103912353516
4742,normal,3420,0,1782358442.7146363,0.002039670944213867
4743,normal,2944,0,1782358442.7165978,0.0019614696502685547
4744,normal,3367,1,1782358442.7186084,0.0020105838775634766
4745,normal,3484,0,1782358442.7206435,0.0020351409912109375
4746,normal,2896,0,1782358442.7226,0.001956462860107422
4747,normal,3030,0,1782358442.724587,0.001986980438232422
4748,normal,3210,1,1782358442.7266357,0.0020487308502197266
4749,normal,3147,1,1782358442.728595,0.0019593238830566406
4750,normal,3314,1,1782358442.7305949,0.0019998550415039062
4751,normal,553,0,1782358442.732643,0.002048015594482422
4752,normal,2995,0,1782358442.7346315,0.001988649368286133
4753,normal,311,0,1782358442.7365606,0.0019290447235107422
4754,normal,3668,0,1782358442.7386343,0.0020737648010253906
4755,normal,1922,0,1782358442.7405982,0.0019638538360595703
4756,normal,3318,1,1782358442.7425904,0.0019922256469726562
4757,normal,327,0,1782358442.7446413,0.0020508766174316406
4758,normal,2065,0,1782358442.746594,0.0019526481628417969
4759,normal,1292,0,1782358442.74863,0.0020360946655273438
4760,normal,991,2,1782358442.7505953,0.0019652843475341797
4761,normal,1562,0,1782358442.7526014,0.002006053924560547
4762,normal,267,0,1782358442.754677,0.002075672149658203
4763,normal,1321,1,1782358442.7565737,0.0018966197967529297
4764,normal,551,0,1782358442.7586439,0.002070188522338867
4765,normal,1704,0,1782358442.7605588,0.00191497802734375
4766,normal,2815,0,1782358442.7626278,0.0020689964294433594
4767,normal,2318,0,1782358442.7645962,0.0019683837890625
4768,normal,357,0,1782358442.766591,0.0019948482513427734
4769,normal,2956,0,1782358442.7686281,0.00203704833984375
4770,normal,3437,0,1782358442.7706053,0.001977205276489258
4771,normal,3681,0,1782358442.7725885,0.001983165740966797
4772,normal,1024,2,1782358442.7746296,0.0020411014556884766
4773,normal,1983,0,1782358442.7765949,0.0019652843475341797
4774,normal,2766,0,1782358442.7785876,0.0019927024841308594
4775,normal,3642,0,1782358442.7806125,0.0020248889923095703
4776,normal,1879,0,1782358442.782615,0.0020024776458740234
4777,normal,3009,0,1782358442.7846076,0.0019927024841308594
4778,normal,3220,1,1782358442.7866428,0.0020351409912109375
4779,normal,819,2,1782358442.7885983,0.0019555091857910156
4780,normal,3213,1,1782358442.7905924,0.0019941329956054688
4781,normal,3456,0,1782358442.792629,0.002036571502685547
4782,normal,3017,0,1782358442.7945964,0.0019674301147460938
4783,normal,3329,1,1782358442.796606,0.0020096302032470703
4784,normal,43,0,1782358442.7986393,0.002033233642578125
4785,normal,3372,1,1782358442.8006065,0.001967191696166992
4786,normal,3442,0,1782358442.8025904,0.0019838809967041016
4787,normal,2908,0,1782358442.8046293,0.0020389556884765625
4788,normal,3360,1,1782358442.8065982,0.001968860626220703
4789,normal,1603,0,1782358442.808591,0.0019927024841308594
4790,normal,1255,0,1782358442.8106356,0.002044677734375
4791,normal,2841,0,1782358442.812598,0.001962423324584961
4792,normal,774,2,1782358442.8145907,0.0019927024841308594
4793,normal,1882,0,1782358442.8166344,0.0020437240600585938
4794,normal,3237,1,1782358442.8185992,0.0019648075103759766
4795,normal,3594,0,1782358442.8205922,0.001992940902709961
4796,normal,1312,0,1782358442.8226342,0.002042055130004883
4797,normal,1941,0,1782358442.824596,0.0019617080688476562
4798,normal,732,0,1782358442.826588,0.0019919872283935547
4799,normal,2580,0,1782358442.8286278,0.0020399093627929688
4800,normal,2894,0,1782358442.8305943,0.0019664764404296875
4801,normal,195,0,1782358442.8325937,0.001999378204345703
4802,normal,627,0,1782358442.8346465,0.002052783966064453
4803,normal,2692,0,1782358442.8365977,0.0019512176513671875
4804,normal,3379,1,1782358442.8385952,0.0019974708557128906
4805,normal,215,0,1782358442.84063,0.002034902572631836
4806,normal,1655,0,1782358442.8426032,0.0019731521606445312
4807,normal,3345,1,1782358442.8445923,0.001989126205444336
4808,normal,1688,0,1782358442.8466315,0.002039194107055664
4809,normal,2741,0,1782358442.8485982,0.001966714859008789
4810,normal,114,0,1782358442.8505902,0.0019919872283935547
4811,normal,3674,0,1782358442.852628,0.0020377635955810547
4812,normal,1120,0,1782358442.8545969,0.001968860626220703
4813,normal,2456,0,1782358442.8565917,0.0019948482513427734
4814,normal,3193,1,1782358442.8586423,0.002050638198852539
4815,normal,3080,1,1782358442.8606107,0.0019683837890625
4816,normal,2106,0,1782358442.8625927,0.001981973648071289
4817,normal,3694,0,1782358442.8646405,0.0020477771759033203
4818,normal,2172,0,1782358442.8665957,0.001955270767211914
4819,normal,778,2,1782358442.8685908,0.001995086669921875
4820,normal,2420,0,1782358442.8706422,0.0020513534545898438
4821,normal,1866,0,1782358442.872598,0.001955747604370117
4822,normal,3278,1,1782358442.8745995,0.002001523971557617
4823,normal,1876,0,1782358442.8766348,0.002035379409790039
4824,normal,1244,0,1782358442.878605,0.001970052719116211
4825,normal,201,0,1782358442.8805897,0.001984834671020508
4826,normal,2931,0,1782358442.8826325,0.0020427703857421875
4827,normal,99,0,1782358442.8846233,0.001990795135498047
4828,normal,415,0,1782358442.8866951,0.002071857452392578
4829,normal,2585,0,1782358442.8886297,0.0019345283508300781
4830,normal,1328,1,1782358442.890716,0.0020864009857177734
4831,normal,848,2,1782358442.892576,0.001859903335571289
4832,normal,1116,0,1782358442.8946514,0.0020754337310791016
4833,normal,3590,0,1782358442.896617,0.0019655227661132812
4834,normal,2346,0,1782358442.8986044,0.001987457275390625
4835,normal,1222,0,1782358442.9006827,0.0020782947540283203
4836,normal,1436,0,1782358442.9026184,0.001935720443725586
4837,normal,3194,1,1782358442.9046042,0.001985788345336914
4838,normal,894,2,1782358442.9066515,0.002047300338745117
4839,normal,3299,1,1782358442.9086123,0.00196075439453125
4840,normal,1635,0,1782358442.9106007,0.0019884109497070312
4841,normal,1145,0,1782358442.9126523,0.0020515918731689453
4842,normal,3620,0,1782358442.9146137,0.0019614696502685547
4843,normal,2187,0,1782358442.9166086,0.0019948482513427734
4844,normal,2449,0,1782358442.9186451,0.002036571502685547
4845,normal,3172,1,1782358442.920611,0.001965761184692383
4846,normal,2186,0,1782358442.9226022,0.00199127197265625
4847,normal,2015,0,1782358442.9246473,0.002045154571533203
4848,normal,1330,1,1782358442.9266148,0.0019674301147460938
4849,normal,336,0,1782358442.9286098,0.001995086669921875
4850,normal,850,2,1782358442.930602,0.0019922256469726562
4851,normal,2369,0,1782358442.9327183,0.0021162033081054688
4852,normal,1900,0,1782358442.9346056,0.0018873214721679688
4853,normal,2068,0,1782358442.9365985,0.001992940902709961
4854,normal,1418,0,1782358442.9387188,0.0021202564239501953
4855,normal,1695,0,1782358442.9406466,0.0019278526306152344
4856,normal,280,0,1782358442.9425988,0.0019521713256835938
4857,normal,2556,0,1782358442.9447489,0.0021500587463378906
4858,normal,3398,1,1782358442.9466276,0.0018787384033203125
4859,normal,2661,0,1782358442.9485986,0.001971006393432617
4860,normal,2549,0,1782358442.9507277,0.002129077911376953
4861,normal,2627,0,1782358442.9526093,0.0018815994262695312
4862,normal,333,0,1782358442.9546008,0.0019915103912353516
4863,normal,3243,1,1782358442.9567168,0.002115964889526367
4864,normal,2499,0,1782358442.9586089,0.00189208984375
4865,normal,2619,0,1782358442.960597,0.0019881725311279297
4866,normal,2177,0,1782358442.9627228,0.0021257400512695312
4867,normal,3528,0,1782358442.96461,0.0018873214721679688
4868,normal,2240,0,1782358442.966598,0.001987934112548828
4869,normal,2459,0,1782358442.968718,0.0021200180053710938
4870,normal,2649,0,1782358442.970606,0.0018880367279052734
4871,normal,790,2,1782358442.9725988,0.0019927024841308594
4872,normal,745,0,1782358442.9747188,0.0021200180053710938
4873,normal,2550,0,1782358442.9766436,0.001924753189086914
4874,normal,2071,0,1782358442.978593,0.0019495487213134766
4875,normal,58,0,1782358442.98075,0.002156972885131836
4876,normal,1939,0,1782358442.9826453,0.0018951892852783203
4877,normal,3268,1,1782358442.9845977,0.0019524097442626953
4878,normal,1068,0,1782358442.9867165,0.002118825912475586
4879,normal,2087,0,1782358442.9886067,0.0018901824951171875
4880,normal,831,2,1782358442.990604,0.001997232437133789
4881,normal,2737,0,1782358442.9927182,0.0021142959594726562
4882,normal,817,2,1782358442.994617,0.0018987655639648438
4883,normal,3123,1,1782358442.9966025,0.0019855499267578125
4884,normal,1071,0,1782358442.9987166,0.0021140575408935547
4885,normal,904,2,1782358443.0006063,0.0018897056579589844
4886,normal,3322,1,1782358443.0025973,0.0019910335540771484
4887,normal,2368,0,1782358443.004719,0.0021216869354248047
4888,normal,3270,1,1782358443.0066762,0.0019571781158447266
4889,normal,3272,1,1782358443.008598,0.0019218921661376953
4890,normal,2763,0,1782358443.0119014,0.0033032894134521484
4891,normal,531,0,1782358443.0127695,0.0008680820465087891
4892,normal,2192,0,1782358443.014777,0.0020074844360351562
4893,normal,1661,0,1782358443.016731,0.0019540786743164062
4894,normal,111,0,1782358443.0186503,0.0019192695617675781
4895,normal,2320,0,1782358443.0205975,0.001947164535522461
4896,normal,3139,1,1782358443.0226345,0.00203704833984375
4897,normal,3669,0,1782358443.0245886,0.0019540786743164062
4898,normal,2611,0,1782358443.026637,0.002048492431640625
4899,normal,538,0,1782358443.0286555,0.002018451690673828
4900,normal,69,0,1782358443.0307279,0.0020723342895507812
4901,normal,2954,0,1782358443.032644,0.0019161701202392578
4902,normal,1950,0,1782358443.034647,0.0020029544830322266
4903,normal,495,0,1782358443.03689,0.0022430419921875
4904,normal,1016,2,1782358443.0388982,0.002008199691772461
4905,normal,1753,0,1782358443.0409963,0.00209808349609375
4906,normal,3186,1,1782358443.0426278,0.0016314983367919922
4907,normal,488,0,1782358443.0448296,0.0022017955780029297
4908,normal,723,0,1782358443.0468166,0.001986980438232422
4909,normal,678,0,1782358443.0487223,0.001905679702758789
4910,normal,3376,1,1782358443.050681,0.0019588470458984375
4911,normal,3513,0,1782358443.0526567,0.001975536346435547
4912,normal,112,0,1782358443.054574,0.0019173622131347656
4913,normal,3450,0,1782358443.0566015,0.0020275115966796875
4914,normal,2455,0,1782358443.0586474,0.002045869827270508
4915,normal,2184,0,1782358443.0605865,0.0019390583038330078
4916,normal,1857,0,1782358443.062624,0.002037525177001953
4917,normal,587,0,1782358443.0646837,0.0020596981048583984
4918,normal,704,0,1782358443.0666041,0.001920461654663086
4919,normal,459,0,1782358443.0686553,0.002051115036010742
4920,normal,1125,0,1782358443.0706453,0.001990079879760742
4921,normal,768,0,1782358443.0726955,0.002050161361694336
4922,normal,1391,0,1782358443.0745966,0.0019011497497558594
4923,normal,1481,0,1782358443.076721,0.002124309539794922
4924,normal,783,2,1782358443.078607,0.001886129379272461
4925,normal,1474,0,1782358443.0807424,0.0021352767944335938
4926,normal,1494,0,1782358443.0826547,0.0019123554229736328
4927,normal,396,0,1782358443.084619,0.0019643306732177734
4928,normal,914,2,1782358443.086689,0.0020699501037597656
4929,normal,869,2,1782358443.0887122,0.0020232200622558594
4930,normal,3005,0,1782358443.0906007,0.0018885135650634766
4931,normal,1009,2,1782358443.0926254,0.0020246505737304688
4932,normal,2388,0,1782358443.0946245,0.0019991397857666016
4933,normal,2183,0,1782358443.0966036,0.0019791126251220703
4934,normal,2802,0,1782358443.098639,0.002035379409790039
4935,normal,2185,0,1782358443.1006515,0.002012491226196289
4936,normal,2988,0,1782358443.1026108,0.0019593238830566406
4937,normal,2413,0,1782358443.1047297,0.002118825912475586
4938,normal,2230,0,1782358443.1066542,0.0019245147705078125
4939,normal,3449,0,1782358443.1086383,0.001984119415283203
4940,normal,2111,0,1782358443.1106107,0.0019724369049072266
4941,normal,2091,0,1782358443.11271,0.002099275588989258
4942,normal,3040,0,1782358443.1146379,0.0019278526306152344
4943,normal,3436,0,1782358443.1165679,0.0019299983978271484
4944,normal,126,0,1782358443.1186438,0.0020759105682373047
4945,normal,1486,0,1782358443.120565,0.0019211769104003906
4946,normal,176,0,1782358443.1225996,0.0020346641540527344
4947,normal,3695,0,1782358443.124656,0.0020563602447509766
4948,normal,2260,0,1782358443.126597,0.0019409656524658203
4949,normal,1428,0,1782358443.1286561,0.0020592212677001953
4950,normal,1744,0,1782358443.1306207,0.001964569091796875
4951,normal,2140,0,1782358443.132605,0.0019843578338623047
4952,normal,947,2,1782358443.1346512,0.0020461082458496094
4953,normal,2099,0,1782358443.136717,0.002065896987915039
4954,normal,2330,0,1782358443.1385987,0.0018815994262695312
4955,normal,3277,1,1782358443.1406553,0.002056598663330078
4956,normal,50,0,1782358443.1426497,0.0019943714141845703
4957,normal,2506,0,1782358443.1446157,0.0019659996032714844
4958,normal,2965,0,1782358443.1466463,0.002030611038208008
4959,normal,30,0,1782358443.1486192,0.0019729137420654297
4960,normal,1216,0,1782358443.1506236,0.002004384994506836
4961,normal,6,0,1782358443.1526203,0.001996755599975586
4962,normal,2243,0,1782358443.1546524,0.002032041549682617
4963,normal,2714,0,1782358443.1565995,0.001947164535522461
4964,normal,3675,0,1782358443.1586657,0.0020661354064941406
4965,normal,3409,0,1782358443.1606188,0.001953125
4966,normal,24,0,1782358443.1626027,0.0019838809967041016
4967,normal,1291,0,1782358443.1646285,0.0020258426666259766
4968,normal,2340,0,1782358443.1666503,0.00202178955078125
4969,normal,3155,1,1782358443.1685636,0.001913309097290039
4970,normal,5,0,1782358443.1707473,0.002183675765991211
4971,normal,2977,0,1782358443.1726506,0.0019032955169677734
4972,normal,721,0,1782358443.1746047,0.0019540786743164062
4973,normal,1757,0,1782358443.1766584,0.0020537376403808594
4974,normal,1896,0,1782358443.1786547,0.001996278762817383
4975,normal,3531,0,1782358443.1806104,0.001955747604370117
4976,normal,2539,0,1782358443.1826577,0.002047300338745117
4977,normal,2914,0,1782358443.184721,0.002063274383544922
4978,normal,1177,0,1782358443.1866505,0.0019295215606689453
4979,normal,861,2,1782358443.1885962,0.0019457340240478516
4980,normal,2050,0,1782358443.1906526,0.0020563602447509766
4981,normal,712,0,1782358443.192566,0.001913309097290039
4982,normal,3699,0,1782358443.1946518,0.0020859241485595703
4983,normal,2778,0,1782358443.1966174,0.0019655227661132812
4984,normal,2831,0,1782358443.198601,0.001983642578125
4985,normal,2695,0,1782358443.2006373,0.0020363330841064453
4986,normal,2955,0,1782358443.2027123,0.0020749568939208984
4987,normal,872,2,1782358443.2046368,0.0019245147705078125
4988,normal,1400,0,1782358443.206632,0.001995086669921875
4989,normal,3507,0,1782358443.2086277,0.0019958019256591797
4990,normal,315,0,1782358443.2106366,0.0020089149475097656
4991,normal,1867,0,1782358443.212639,0.0020024776458740234
4992,normal,1563,0,1782358443.2146535,0.0020143985748291016
4993,normal,647,0,1782358443.216609,0.0019555091857910156
4994,normal,2265,0,1782358443.2186582,0.0020492076873779297
4995,normal,2252,0,1782358443.2206523,0.0019941329956054688
4996,normal,2808,0,1782358443.2226167,0.0019643306732177734
4997,normal,1093,0,1782358443.2246509,0.0020341873168945312
4998,normal,1340,1,1782358443.226657,0.002006053924560547
4999,normal,2394,0,1782358443.228627,0.001970052719116211
5000,normal,1453,0,1782358443.2306066,0.0019795894622802734
5001,normal,308,0,1782358443.2326517,0.002045154571533203
5002,normal,619,0,1782358443.2346168,0.001965045928955078
5003,normal,2381,0,1782358443.2365935,0.0019767284393310547
5004,normal,2207,0,1782358443.238719,0.0021255016326904297
5005,normal,1692,0,1782358443.2406223,0.0019032955169677734
5006,normal,643,0,1782358443.2426445,0.002022266387939453
5007,normal,1270,0,1782358443.244712,0.00206756591796875
5008,normal,586,0,1782358443.2466278,0.0019156932830810547
5009,normal,2467,0,1782358443.248629,0.0020012855529785156
5010,normal,743,0,1782358443.250619,0.0019898414611816406
5011,normal,400,0,1782358443.2526348,0.002015829086303711
5012,normal,1778,0,1782358443.2546391,0.002004384994506836
5013,normal,1636,0,1782358443.2566164,0.001977205276489258
5014,normal,2339,0,1782358443.2586017,0.001985311508178711
5015,normal,3234,1,1782358443.2606256,0.002023935317993164
5016,normal,171,0,1782358443.2626588,0.002033233642578125
5017,normal,3021,0,1782358443.2646244,0.0019655227661132812
5018,normal,3140,1,1782358443.2666023,0.0019779205322265625
5019,normal,2537,0,1782358443.268662,0.0020596981048583984
5020,normal,2833,0,1782358443.270629,0.0019669532775878906
5021,normal,2936,0,1782358443.272641,0.002012014389038086
5022,normal,1238,0,1782358443.2746618,0.0020208358764648438
5023,normal,1640,0,1782358443.2767246,0.0020627975463867188
5024,normal,2881,0,1782358443.278607,0.001882314682006836
5025,normal,1013,2,1782358443.280725,0.0021181106567382812
5026,normal,437,0,1782358443.282602,0.0018770694732666016
5027,normal,3246,1,1782358443.2846057,0.0020036697387695312
5028,normal,2723,0,1782358443.286656,0.002050161361694336
5029,normal,3141,1,1782358443.2886298,0.001973867416381836
5030,normal,2583,0,1782358443.290646,0.002016305923461914
5031,normal,1121,0,1782358443.2926576,0.002011537551879883
5032,normal,1797,0,1782358443.2946274,0.0019698143005371094
5033,normal,3205,1,1782358443.2966561,0.0020287036895751953
5034,normal,800,2,1782358443.298626,0.0019698143005371094
5035,normal,4,0,1782358443.300653,0.0020270347595214844
5036,normal,1743,0,1782358443.3025732,0.0019202232360839844
5037,normal,741,0,1782358443.3046558,0.0020825862884521484
5038,normal,1092,0,1782358443.306586,0.00193023681640625
5039,normal,3462,0,1782358443.3086927,0.0021066665649414062
5040,normal,2928,0,1782358443.3106377,0.0019450187683105469
5041,normal,1333,1,1782358443.3126032,0.0019655227661132812
5042,normal,1179,0,1782358443.3146584,0.0020551681518554688
5043,normal,555,0,1782358443.316627,0.0019686222076416016
5044,normal,1837,0,1782358443.3185663,0.0019392967224121094
5045,normal,1770,0,1782358443.3206525,0.002086162567138672
5046,normal,3510,0,1782358443.322617,0.001964569091796875
5047,normal,3509,0,1782358443.3246021,0.0019850730895996094
5048,normal,1651,0,1782358443.3266902,0.0020880699157714844
5049,normal,209,0,1782358443.32862,0.0019297599792480469
5050,normal,3152,1,1782358443.3306024,0.001982450485229492
5051,normal,2246,0,1782358443.332656,0.002053499221801758
5052,normal,1707,0,1782358443.3346121,0.0019562244415283203
5053,normal,2856,0,1782358443.3366055,0.001993417739868164
5054,normal,3459,0,1782358443.338649,0.002043485641479492
5055,normal,924,2,1782358443.3406308,0.0019817352294921875
5056,normal,1758,0,1782358443.342601,0.0019702911376953125
5057,normal,1826,0,1782358443.3446367,0.0020356178283691406
5058,normal,2780,0,1782358443.3466496,0.002012968063354492
5059,normal,2667,0,1782358443.348716,0.002066373825073242
5060,normal,2940,0,1782358443.3505967,0.001880645751953125
5061,normal,1268,0,1782358443.3526168,0.002020120620727539
5062,normal,3008,0,1782358443.3545787,0.001961946487426758
5063,normal,197,0,1782358443.35657,0.00199127197265625
5064,normal,3283,1,1782358443.3586042,0.0020341873168945312
5065,normal,2107,0,1782358443.360619,0.0020148754119873047
5066,normal,497,0,1782358443.3625863,0.001967191696166992
5067,normal,2133,0,1782358443.364693,0.0021066665649414062
5068,normal,2907,0,1782358443.3665855,0.0018925666809082031
5069,normal,3617,0,1782358443.3687065,0.0021209716796875
5070,normal,3142,1,1782358443.3706534,0.0019469261169433594
5071,normal,2534,0,1782358443.372584,0.0019307136535644531
5072,normal,917,2,1782358443.374603,0.0020189285278320312
5073,normal,87,0,1782358443.3766484,0.0020453929901123047
5074,normal,909,2,1782358443.3785849,0.0019364356994628906
5075,normal,2797,0,1782358443.3806581,0.0020732879638671875
5076,normal,2094,0,1782358443.3827038,0.0020456314086914062
5077,normal,1297,0,1782358443.3845904,0.001886606216430664
5078,normal,1309,0,1782358443.3865783,0.001987934112548828
5079,normal,1522,0,1782358443.3886445,0.0020661354064941406
5080,normal,1831,0,1782358443.390608,0.0019636154174804688
5081,normal,3704,0,1782358443.3926947,0.002086639404296875
5082,normal,1288,0,1782358443.3946471,0.0019524097442626953
5083,normal,970,2,1782358443.396582,0.0019347667694091797
5084,normal,1367,1,1782358443.3985994,0.002017498016357422
5085,normal,3244,1,1782358443.4006479,0.002048492431640625
5086,normal,3229,1,1782358443.4025795,0.0019316673278808594
5087,normal,425,0,1782358443.404707,0.002127408981323242
5088,normal,1103,0,1782358443.406659,0.0019519329071044922
5089,normal,3334,1,1782358443.4085627,0.0019037723541259766
5090,normal,2428,0,1782358443.4106421,0.002079486846923828
5091,normal,128,0,1782358443.4125881,0.0019459724426269531
5092,normal,2813,0,1782358443.4146063,0.0020182132720947266
5093,normal,748,0,1782358443.4165957,0.0019893646240234375
5094,normal,2923,0,1782358443.4186535,0.002057790756225586
5095,normal,3569,0,1782358443.420582,0.001928567886352539
5096,normal,151,0,1782358443.4226,0.002017974853515625
5097,normal,2139,0,1782358443.424656,0.0020558834075927734
5098,normal,330,0,1782358443.426586,0.0019299983978271484
5099,normal,2903,0,1782358443.4285946,0.002008676528930664
5100,normal,2786,0,1782358443.4306462,0.0020515918731689453
5101,normal,439,0,1782358443.4325886,0.0019423961639404297
5102,normal,2541,0,1782358443.4347003,0.002111673355102539
5103,normal,1622,0,1782358443.4366572,0.001956939697265625
5104,normal,3357,1,1782358443.438583,0.0019257068634033203
5105,normal,3195,1,1782358443.4405956,0.0020127296447753906
5106,normal,1342,1,1782358443.4426455,0.0020499229431152344
5107,normal,1441,0,1782358443.444583,0.0019373893737792969
5108,normal,1952,0,1782358443.4466007,0.0020177364349365234
5109,normal,1074,0,1782358443.4487028,0.0021021366119384766
5110,normal,2074,0,1782358443.4505439,0.0018410682678222656
5111,normal,2764,0,1782358443.452856,0.002312183380126953
5112,normal,1437,0,1782358443.4548328,0.0019767284393310547
5113,normal,208,0,1782358443.456649,0.0018162727355957031
5114,normal,2530,0,1782358443.4588375,0.002188444137573242
5115,normal,1226,0,1782358443.460643,0.0018055438995361328
5116,normal,2163,0,1782358443.4628425,0.002199411392211914
5117,normal,928,2,1782358443.4646516,0.0018091201782226562
5118,normal,1104,0,1782358443.4668264,0.002174854278564453
5119,normal,1801,0,1782358443.4686515,0.001825094223022461
5120,normal,1722,0,1782358443.4708438,0.002192258834838867
5121,normal,897,2,1782358443.472871,0.002027273178100586
5122,normal,2270,0,1782358443.4746196,0.0017485618591308594
5123,normal,1989,0,1782358443.4768372,0.002217531204223633
5124,normal,1298,0,1782358443.4788265,0.0019893646240234375
5125,normal,1515,0,1782358443.4806466,0.0018200874328613281
5126,normal,772,2,1782358443.482838,0.002191305160522461
5127,normal,1748,0,1782358443.4848266,0.001988649368286133
5128,normal,2653,0,1782358443.4866452,0.0018186569213867188
5129,normal,3461,0,1782358443.4888368,0.0021915435791015625
5130,normal,3215,1,1782358443.4908302,0.001993417739868164
5131,normal,3167,1,1782358443.492655,0.0018248558044433594
5132,normal,1100,0,1782358443.4948425,0.002187490463256836
5133,normal,2445,0,1782358443.49683,0.001987457275390625
5134,normal,691,0,1782358443.4986465,0.0018165111541748047
5135,normal,3392,1,1782358443.5008373,0.002190828323364258
5136,normal,1401,0,1782358443.5028389,0.002001523971557617
5137,normal,2762,0,1782358443.505649,0.002810239791870117
5138,normal,1174,0,1782358443.5066402,0.0009911060333251953
5139,normal,3330,1,1782358443.5088968,0.002256631851196289
5140,normal,1534,0,1782358443.5106194,0.001722574234008789
5141,normal,3644,0,1782358443.5128384,0.002218961715698242
5142,normal,3096,1,1782358443.5148356,0.001997232437133789
5143,normal,3024,0,1782358443.516658,0.0018224716186523438
5144,normal,1020,2,1782358443.5188277,0.0021696090698242188
5145,normal,3156,1,1782358443.520836,0.0020084381103515625
5146,normal,465,0,1782358443.522657,0.0018208026885986328
5147,normal,2127,0,1782358443.5248215,0.002164602279663086
5148,normal,1243,0,1782358443.5268288,0.0020072460174560547
5149,normal,3394,1,1782358443.528687,0.0018582344055175781
5150,normal,737,0,1782358443.5308044,0.0021173954010009766
5151,normal,698,0,1782358443.532827,0.0020225048065185547
5152,normal,2605,0,1782358443.5346441,0.0018172264099121094
5153,normal,122,0,1782358443.5366504,0.0020062923431396484
5154,normal,2884,0,1782358443.538836,0.0021855831146240234
5155,normal,382,0,1782358443.540657,0.0018210411071777344
5156,normal,2299,0,1782358443.5428174,0.002160310745239258
5157,normal,1374,1,1782358443.5448298,0.002012491226196289
5158,normal,1733,0,1782358443.5466332,0.0018033981323242188
5159,normal,1399,0,1782358443.5488439,0.0022106170654296875
5160,normal,874,2,1782358443.5508313,0.001987457275390625
5161,normal,1406,0,1782358443.5526438,0.0018124580383300781
5162,normal,2630,0,1782358443.554819,0.0021753311157226562
5163,normal,3066,1,1782358443.5568435,0.002024412155151367
5164,normal,365,0,1782358443.558637,0.0017933845520019531
5165,normal,2602,0,1782358443.5608294,0.0021924972534179688
5166,normal,1659,0,1782358443.562853,0.0020236968994140625
5167,normal,2211,0,1782358443.5646403,0.0017871856689453125
5168,normal,2754,0,1782358443.5669017,0.0022614002227783203
5169,normal,1520,0,1782358443.5686448,0.0017430782318115234
5170,normal,1993,0,1782358443.5708387,0.002193927764892578
5171,normal,622,0,1782358443.5726585,0.0018198490142822266
5172,normal,2047,0,1782358443.5748317,0.002173185348510742
5173,normal,401,0,1782358443.5766244,0.0017926692962646484
5174,normal,583,0,1782358443.5788999,0.0022754669189453125
5175,normal,279,0,1782358443.5808456,0.0019457340240478516
5176,normal,2676,0,1782358443.5826287,0.001783132553100586
5177,normal,203,0,1782358443.5848322,0.0022034645080566406
5178,normal,2726,0,1782358443.5868506,0.002018451690673828
5179,normal,2016,0,1782358443.588636,0.0017852783203125
5180,normal,1376,1,1782358443.5908918,0.0022559165954589844
5181,normal,3489,0,1782358443.5928411,0.001949310302734375
5182,normal,2327,0,1782358443.5946307,0.0017895698547363281
5183,normal,2744,0,1782358443.5968494,0.0022187232971191406
5184,normal,764,0,1782358443.5988405,0.0019910335540771484
5185,normal,190,0,1782358443.6006324,0.0017919540405273438
5186,normal,913,2,1782358443.6028562,0.0022237300872802734
5187,normal,1483,0,1782358443.6048403,0.001984119415283203
5188,normal,2614,0,1782358443.6066353,0.001795053482055664
5189,normal,2363,0,1782358443.6088684,0.0022330284118652344
5190,normal,2869,0,1782358443.6108997,0.0020313262939453125
5191,normal,3178,1,1782358443.613498,0.002598285675048828
5192,normal,1899,0,1782358443.6146598,0.001161813735961914
5193,normal,1699,0,1782358443.6168532,0.002193450927734375
5194,normal,175,0,1782358443.6186056,0.0017523765563964844
5195,normal,1564,0,1782358443.620661,0.0020554065704345703
5196,normal,2253,0,1782358443.622619,0.0019578933715820312
5197,normal,750,0,1782358443.6245682,0.001949310302734375
5198,normal,1917,0,1782358443.626639,0.0020706653594970703
5199,normal,3555,0,1782358443.6286159,0.0019769668579101562
5200,normal,281,0,1782358443.6305704,0.0019545555114746094
5201,normal,2863,0,1782358443.6326327,0.0020623207092285156
5202,normal,1303,0,1782358443.6346107,0.0019779205322265625
5203,normal,480,0,1782358443.6365824,0.001971721649169922
5204,normal,387,0,1782358443.6386132,0.0020308494567871094
5205,normal,1233,0,1782358443.6406085,0.0019953250885009766
5206,normal,2970,0,1782358443.6426134,0.002004861831665039
5207,normal,3208,1,1782358443.6445775,0.001964092254638672
5208,normal,2508,0,1782358443.6466398,0.0020623207092285156
5209,normal,3473,0,1782358443.6485636,0.0019237995147705078
5210,normal,3192,1,1782358443.6506362,0.002072572708129883
5211,normal,2782,0,1782358443.6526504,0.00201416015625
5212,normal,527,0,1782358443.6545868,0.0019364356994628906
5213,normal,3645,0,1782358443.6566267,0.0020399093627929688
5214,normal,1032,0,1782358443.6586149,0.0019881725311279297
5215,normal,2275,0,1782358443.6605651,0.0019502639770507812
5216,normal,1313,0,1782358443.6625645,0.001999378204345703
5217,normal,2399,0,1782358443.664622,0.0020575523376464844
5218,normal,2776,0,1782358443.6665723,0.0019502639770507812
5219,normal,2511,0,1782358443.668611,0.002038717269897461
5220,normal,2201,0,1782358443.6706207,0.0020096302032470703
5221,normal,703,0,1782358443.6725647,0.0019440650939941406
5222,normal,361,0,1782358443.6746159,0.002051115036010742
5223,normal,1971,0,1782358443.6766198,0.002003908157348633
5224,normal,609,0,1782358443.6785629,0.0019431114196777344
5225,normal,892,2,1782358443.6806152,0.00205230712890625
5226,normal,1542,0,1782358443.6826162,0.002001047134399414
5227,normal,1202,0,1782358443.684564,0.0019478797912597656
5228,normal,1080,0,1782358443.6866148,0.002050638198852539
5229,normal,2300,0,1782358443.688619,0.0020041465759277344
5230,normal,1001,2,1782358443.6905649,0.0019459724426269531
5231,normal,2475,0,1782358443.6926315,0.0020666122436523438
5232,normal,908,2,1782358443.6946182,0.0019867420196533203
5233,normal,3163,1,1782358443.6965668,0.0019485950469970703
5234,normal,3212,1,1782358443.698616,0.0020492076873779297
5235,normal,2524,0,1782358443.7006164,0.0020003318786621094
5236,normal,1316,0,1782358443.7025652,0.0019488334655761719
5237,normal,9,0,1782358443.7046146,0.0020494461059570312
5238,normal,2727,0,1782358443.7066185,0.002003908157348633
5239,normal,2146,0,1782358443.7085629,0.0019443035125732422
5240,normal,1606,0,1782358443.7106137,0.0020508766174316406
5241,normal,877,2,1782358443.7126186,0.002004861831665039
5242,normal,728,0,1782358443.7145674,0.0019488334655761719
5243,normal,1717,0,1782358443.7166135,0.0020461082458496094
5244,normal,3023,0,1782358443.7186246,0.0020110607147216797
5245,normal,494,0,1782358443.7205703,0.0019457340240478516
5246,normal,2665,0,1782358443.722612,0.0020415782928466797
5247,normal,3548,0,1782358443.7246127,0.0020008087158203125
5248,normal,1018,2,1782358443.7265644,0.0019516944885253906
5249,normal,2803,0,1782358443.7286115,0.0020470619201660156
5250,normal,895,2,1782358443.7306159,0.002004384994506836
5251,normal,1426,0,1782358443.7325656,0.0019497871398925781
5252,normal,2342,0,1782358443.7346153,0.002049684524536133
5253,normal,2019,0,1782358443.736616,0.002000570297241211
5254,normal,916,2,1782358443.7385664,0.0019505023956298828
5255,normal,2182,0,1782358443.7406116,0.002045154571533203
5256,normal,419,0,1782358443.7426205,0.0020089149475097656
5257,normal,1915,0,1782358443.7445643,0.001943826675415039
5258,normal,1889,0,1782358443.7466133,0.002048969268798828
5259,normal,1325,1,1782358443.7486167,0.0020034313201904297
5260,normal,2344,0,1782358443.7505636,0.0019469261169433594
5261,normal,1204,0,1782358443.752613,0.0020494461059570312
5262,normal,3493,0,1782358443.7546315,0.002018451690673828
5263,normal,1212,0,1782358443.7565854,0.0019538402557373047
5264,normal,271,0,1782358443.7586157,0.0020303726196289062
5265,normal,3114,1,1782358443.7606459,0.0020301342010498047
5266,normal,2051,0,1782358443.762566,0.0019202232360839844
5267,normal,1347,1,1782358443.7646165,0.0020503997802734375
5268,normal,2872,0,1782358443.766616,0.0019996166229248047
5269,normal,3054,1,1782358443.7685635,0.0019474029541015625
5270,normal,933,2,1782358443.7706137,0.002050161361694336
5271,normal,1873,0,1782358443.7726166,0.0020029544830322266
5272,normal,70,0,1782358443.7745662,0.0019495487213134766
5273,normal,1072,0,1782358443.776625,0.002058744430541992
5274,normal,2713,0,1782358443.778617,0.0019919872283935547
5275,normal,3316,1,1782358443.780571,0.0019540786743164062
5276,normal,1752,0,1782358443.7826135,0.002042531967163086
5277,normal,433,0,1782358443.7846522,0.002038717269897461
5278,normal,1532,0,1782358443.786569,0.0019168853759765625
5279,normal,1341,1,1782358443.7886193,0.002050161361694336
5280,normal,2935,0,1782358443.7906172,0.0019979476928710938
5281,normal,2277,0,1782358443.792565,0.0019478797912597656
5282,normal,1736,0,1782358443.7946126,0.0020475387573242188
5283,normal,2947,0,1782358443.7966185,0.0020058155059814453
5284,normal,1768,0,1782358443.7985647,0.0019462108612060547
5285,normal,2781,0,1782358443.8006103,0.0020456314086914062
5286,normal,2659,0,1782358443.8026204,0.0020101070404052734
5287,normal,836,2,1782358443.804565,0.0019445419311523438
5288,normal,486,0,1782358443.8066118,0.002046823501586914
5289,normal,125,0,1782358443.8086238,0.002012014389038086
5290,normal,249,0,1782358443.8105638,0.001940011978149414
5291,normal,1824,0,1782358443.812564,0.002000093460083008
5292,normal,1361,1,1782358443.8146255,0.002061605453491211
5293,normal,1672,0,1782358443.816567,0.0019414424896240234
5294,normal,3471,0,1782358443.8186126,0.0020456314086914062
5295,normal,307,0,1782358443.8206158,0.002003192901611328
5296,normal,1081,0,1782358443.8225646,0.0019488334655761719
5297,normal,450,0,1782358443.8246124,0.0020477771759033203
5298,normal,1567,0,1782358443.826618,0.0020055770874023438
5299,normal,3519,0,1782358443.8286352,0.0020172595977783203
5300,normal,658,0,1782358443.8305657,0.0019304752349853516
5301,normal,3279,1,1782358443.8326223,0.002056598663330078
5302,normal,2237,0,1782358443.8346388,0.0020165443420410156
5303,normal,3035,0,1782358443.8365905,0.0019516944885253906
5304,normal,2542,0,1782358443.8386152,0.0020246505737304688
5305,normal,2436,0,1782358443.8406043,0.001989126205444336
5306,normal,1411,0,1782358443.8426158,0.002011537551879883
5307,normal,1097,0,1782358443.844617,0.002001047134399414
5308,normal,3088,1,1782358443.846567,0.0019500255584716797
5309,normal,3221,1,1782358443.848616,0.002048969268798828
5310,normal,463,0,1782358443.8506186,0.002002716064453125
5311,normal,1986,0,1782358443.8525698,0.0019512176513671875
5312,normal,149,0,1782358443.8546252,0.0020554065704345703
5313,normal,2733,0,1782358443.856618,0.0019927024841308594
5314,normal,2516,0,1782358443.8585687,0.0019507408142089844
5315,normal,2663,0,1782358443.8606322,0.0020635128021240234
5316,normal,288,0,1782358443.8625925,0.001960277557373047
5317,normal,788,2,1782358443.8646412,0.0020487308502197266
5318,normal,1012,2,1782358443.86657,0.0019288063049316406
5319,normal,1095,0,1782358443.8686278,0.002057790756225586
5320,normal,637,0,1782358443.8705647,0.0019369125366210938
5321,normal,49,0,1782358443.8726196,0.002054929733276367
5322,normal,719,0,1782358443.8746195,0.0019998550415039062
5323,normal,714,0,1782358443.876565,0.00194549560546875
5324,normal,153,0,1782358443.8786187,0.0020537376403808594
5325,normal,2660,0,1782358443.8806183,0.0019996166229248047
5326,normal,2670,0,1782358443.882567,0.0019485950469970703
5327,normal,3487,0,1782358443.8846242,0.002057313919067383
5328,normal,1036,0,1782358443.8866227,0.001998424530029297
5329,normal,1348,1,1782358443.8885953,0.001972675323486328
5330,normal,2471,0,1782358443.8907056,0.0021102428436279297
5331,normal,2233,0,1782358443.8926227,0.001917123794555664
5332,normal,2655,0,1782358443.8946028,0.0019800662994384766
5333,normal,929,2,1782358443.8965707,0.001967906951904297
5334,normal,3518,0,1782358443.898622,0.0020513534545898438
5335,normal,794,2,1782358443.9006064,0.0019843578338623047
5336,normal,130,0,1782358443.9026334,0.0020270347595214844
5337,normal,2262,0,1782358443.904623,0.001989603042602539
5338,normal,1703,0,1782358443.9066176,0.001994609832763672
5339,normal,1324,1,1782358443.9085715,0.0019538402557373047
5340,normal,1050,0,1782358443.9106195,0.002048015594482422
5341,normal,801,2,1782358443.9125655,0.0019459724426269531
5342,normal,2521,0,1782358443.914616,0.002050638198852539
5343,normal,3075,1,1782358443.916607,0.001990795135498047
5344,normal,2819,0,1782358443.918616,0.002009153366088867
5345,normal,1814,0,1782358443.9205556,0.001939535140991211
5346,normal,2638,0,1782358443.9226046,0.002048969268798828
5347,normal,629,0,1782358443.9245942,0.001989603042602539
5348,normal,3554,0,1782358443.926566,0.001971721649169922
5349,normal,1485,0,1782358443.9286005,0.0020346641540527344
5350,normal,1161,0,1782358443.9305556,0.0019550323486328125
5351,normal,3610,0,1782358443.93261,0.002054452896118164
5352,normal,3067,1,1782358443.9346187,0.002008676528930664
5353,normal,2085,0,1782358443.9365869,0.0019681453704833984
5354,normal,3222,1,1782358443.9386134,0.0020265579223632812
5355,normal,1130,0,1782358443.9406018,0.0019884109497070312
5356,normal,2753,0,1782358443.9426033,0.002001523971557617
5357,normal,2846,0,1782358443.9446063,0.0020029544830322266
5358,normal,3643,0,1782358443.94662,0.002013683319091797
5359,normal,752,0,1782358443.9485545,0.0019345283508300781
5360,normal,3026,0,1782358443.9506195,0.002064943313598633
5361,normal,1890,0,1782358443.9526076,0.0019881725311279297
5362,normal,1709,0,1782358443.9547384,0.002130746841430664
5363,normal,3672,0,1782358443.956576,0.0018377304077148438
5364,normal,2096,0,1782358443.9586074,0.0020313262939453125
5365,normal,2283,0,1782358443.9605584,0.001950979232788086
5366,normal,1895,0,1782358443.9626012,0.0020427703857421875
5367,normal,3326,1,1782358443.964602,0.0020008087158203125
5368,normal,3265,1,1782358443.9666042,0.002002239227294922
5369,normal,2409,0,1782358443.9685996,0.0019953250885009766
5370,normal,1812,0,1782358444.0580184,0.08941888809204102
5371,normal,1747,0,1782358444.0581093,9.083747863769531e-05
5372,normal,792,2,1782358444.058137,2.765655517578125e-05
5373,normal,2412,0,1782358444.0581603,2.3365020751953125e-05
5374,normal,3463,0,1782358444.0581832,2.288818359375e-05
5375,normal,974,2,1782358444.0582035,2.0265579223632812e-05
5376,normal,493,0,1782358444.0582237,2.0265579223632812e-05
5377,normal,1593,0,1782358444.058243,1.9311904907226562e-05
5378,normal,1419,0,1782358444.0582628,1.9788742065429688e-05
5379,normal,2083,0,1782358444.0582817,1.8835067749023438e-05
5380,normal,3112,1,1782358444.0583014,1.9788742065429688e-05
5381,normal,1815,0,1782358444.058321,1.9550323486328125e-05
5382,normal,1263,0,1782358444.058341,2.002716064453125e-05
5383,normal,3414,0,1782358444.05836,1.9073486328125e-05
5414,normal,1158,0,1782358444.058548,0.00018787384033203125
5415,normal,1153,0,1782358444.0606365,0.0020885467529296875
5416,normal,2658,0,1782358444.062516,0.0018794536590576172
5417,normal,1168,0,1782358444.064608,0.002092123031616211
5418,normal,2189,0,1782358444.0666957,0.0020875930786132812
5419,normal,1200,0,1782358444.0685165,0.0018208026885986328
5420,normal,3568,0,1782358444.0706096,0.002093076705932617
5421,normal,2517,0,1782358444.0726066,0.0019969940185546875
5422,normal,120,0,1782358444.0745728,0.001966238021850586
5423,normal,210,0,1782358444.076623,0.002050161361694336
5424,normal,547,0,1782358444.0786211,0.0019981861114501953
5425,normal,1369,1,1782358444.0805614,0.0019402503967285156
5426,normal,3402,0,1782358444.0826228,0.0020613670349121094
5427,normal,3176,1,1782358444.0846245,0.0020017623901367188
5428,normal,1977,0,1782358444.08656,0.0019354820251464844
5429,normal,305,0,1782358444.0886035,0.002043485641479492
5430,normal,3247,1,1782358444.0906076,0.0020041465759277344
5431,normal,1924,0,1782358444.0926073,0.0019996166229248047
5432,normal,1183,0,1782358444.0945566,0.001949310302734375
5433,normal,1421,0,1782358444.0966034,0.002046823501586914
5434,normal,2130,0,1782358444.0986204,0.0020170211791992188
5435,normal,3602,0,1782358444.100558,0.0019376277923583984
5436,normal,2736,0,1782358444.1025991,0.0020411014556884766
5437,normal,1860,0,1782358444.1046338,0.0020346641540527344
5438,normal,2879,0,1782358444.106576,0.0019421577453613281
5439,normal,1077,0,1782358444.108605,0.002028942108154297
5440,normal,3074,1,1782358444.1106255,0.002020597457885742
5441,normal,2148,0,1782358444.112555,0.0019295215606689453
5442,normal,2217,0,1782358444.1146007,0.0020456314086914062
5443,normal,2179,0,1782358444.1166098,0.002009153366088867
5444,normal,3416,0,1782358444.1185713,0.0019614696502685547
5445,normal,422,0,1782358444.1206074,0.0020360946655273438
5446,normal,2294,0,1782358444.1225572,0.0019497871398925781
5447,normal,2249,0,1782358444.1245987,0.0020415782928466797
5448,normal,1261,0,1782358444.1266034,0.0020046234130859375
5449,normal,3434,0,1782358444.1286001,0.001996755599975586
5450,normal,1945,0,1782358444.1306124,0.0020122528076171875
5451,normal,2255,0,1782358444.132591,0.001978635787963867
5452,normal,640,0,1782358444.1345623,0.0019712448120117188
5453,normal,506,0,1782358444.1365998,0.002037525177001953
5454,normal,3309,1,1782358444.1386163,0.0020165443420410156
5455,normal,3300,1,1782358444.1405563,0.001940011978149414
5456,normal,1307,0,1782358444.14261,0.0020537376403808594
5457,normal,2597,0,1782358444.144606,0.0019960403442382812
5458,normal,824,2,1782358444.1465561,0.0019500255584716797
5459,normal,3651,0,1782358444.148615,0.002058744430541992
5460,normal,1030,0,1782358444.1506035,0.001988649368286133
5461,normal,3467,0,1782358444.1525588,0.001955270767211914
5462,normal,238,0,1782358444.1546028,0.0020439624786376953
5463,normal,2971,0,1782358444.1566052,0.0020024776458740234
5464,normal,1974,0,1782358444.1585999,0.001994609832763672
5465,normal,3264,1,1782358444.1605535,0.001953601837158203
5466,normal,82,0,1782358444.162602,0.002048492431640625
5467,normal,1612,0,1782358444.1646116,0.0020096302032470703
5468,normal,3064,1,1782358444.166553,0.0019414424896240234
5469,normal,3469,0,1782358444.1686015,0.002048492431640625
5470,normal,117,0,1782358444.1706028,0.0020012855529785156
5471,normal,1234,0,1782358444.1726139,0.0020110607147216797
5472,normal,795,2,1782358444.1745985,0.0019845962524414062
5473,normal,1306,0,1782358444.1766112,0.0020127296447753906
5474,normal,1791,0,1782358444.178557,0.0019457340240478516
5475,normal,460,0,1782358444.180601,0.0020439624786376953
5476,normal,2751,0,1782358444.1826172,0.002016305923461914
5477,normal,3477,0,1782358444.1845548,0.0019376277923583984
5478,normal,2437,0,1782358444.1866035,0.0020487308502197266
5479,normal,282,0,1782358444.1886106,0.002007007598876953
5480,normal,2991,0,1782358444.1905568,0.0019462108612060547
5481,normal,2109,0,1782358444.192602,0.002045154571533203
5482,normal,72,0,1782358444.194626,0.0020241737365722656
5483,normal,2194,0,1782358444.1965556,0.0019295215606689453
5484,normal,3613,0,1782358444.1986024,0.002046823501586914
5485,normal,80,0,1782358444.2006116,0.002009153366088867
5486,normal,349,0,1782358444.2025564,0.0019447803497314453
5487,normal,829,2,1782358444.2046018,0.0020453929901123047
5488,normal,3535,0,1782358444.206615,0.0020132064819335938
5489,normal,2677,0,1782358444.2085552,0.0019402503967285156
5490,normal,427,0,1782358444.210602,0.002046823501586914
5491,normal,2390,0,1782358444.2136137,0.0030117034912109375
5492,normal,3312,1,1782358444.2145808,0.0009670257568359375
5493,normal,2789,0,1782358444.216576,0.0019953250885009766
5494,normal,2055,0,1782358444.2186213,0.002045154571533203
5495,normal,755,0,1782358444.2205567,0.0019354820251464844
5496,normal,2281,0,1782358444.2225742,0.002017498016357422
5497,normal,1601,0,1782358444.2246132,0.0020389556884765625
5498,normal,1061,0,1782358444.226558,0.0019447803497314453
5499,normal,2387,0,1782358444.2285779,0.0020198822021484375
5500,normal,27,0,1782358444.2306156,0.0020377635955810547
5501,normal,3304,1,1782358444.2325556,0.001940011978149414
5502,normal,2918,0,1782358444.2345815,0.0020258426666259766
5503,normal,342,0,1782358444.2366118,0.0020303726196289062
5504,normal,2825,0,1782358444.238557,0.0019452571868896484
5505,normal,523,0,1782358444.2405777,0.002020597457885742
5506,normal,2500,0,1782358444.2426116,0.0020339488983154297
5507,normal,2715,0,1782358444.2445564,0.0019447803497314453
5508,normal,2760,0,1782358444.246578,0.0020215511322021484
5509,normal,2350,0,1782358444.2486112,0.002033233642578125
5510,normal,3019,0,1782358444.250557,0.0019457340240478516
5511,normal,1849,0,1782358444.2525764,0.0020194053649902344
5512,normal,1551,0,1782358444.254611,0.0020346641540527344
5513,normal,34,0,1782358444.2565563,0.0019452571868896484
5514,normal,3349,1,1782358444.2585986,0.0020422935485839844
5515,normal,2850,0,1782358444.260614,0.002015352249145508
5516,normal,1278,0,1782358444.2625558,0.0019419193267822266
5517,normal,1398,0,1782358444.2645984,0.002042531967163086
5518,normal,1598,0,1782358444.266613,0.002014636993408203
5519,normal,1980,0,1782358444.268556,0.0019431114196777344
5520,normal,1674,0,1782358444.2706006,0.0020444393157958984
5521,normal,2574,0,1782358444.2726133,0.0020127296447753906
5522,normal,2871,0,1782358444.2745588,0.00194549560546875
5523,normal,306,0,1782358444.2765977,0.0020389556884765625
5524,normal,2375,0,1782358444.2786145,0.002016782760620117
5525,normal,1503,0,1782358444.2805574,0.0019428730010986328
5526,normal,136,0,1782358444.2825983,0.002040863037109375
5527,normal,410,0,1782358444.2846138,0.0020155906677246094
5528,normal,841,2,1782358444.286554,0.0019402503967285156
5529,normal,2044,0,1782358444.2885985,0.0020444393157958984
5530,normal,137,0,1782358444.2906127,0.00201416015625
5531,normal,1518,0,1782358444.2925577,0.0019450187683105469
5532,normal,1926,0,1782358444.2945964,0.002038717269897461
5533,normal,204,0,1782358444.2966177,0.002021312713623047
5534,normal,2295,0,1782358444.298555,0.0019371509552001953
5535,normal,798,2,1782358444.300598,0.002043008804321289
5536,normal,3600,0,1782358444.302611,0.0020132064819335938
5537,normal,2006,0,1782358444.3045585,0.0019474029541015625
5538,normal,1472,0,1782358444.3065991,0.0020406246185302734
5539,normal,1289,0,1782358444.30861,0.002010822296142578
5540,normal,78,0,1782358444.3105555,0.00194549560546875
5541,normal,85,0,1782358444.3125982,0.0020427703857421875
5542,normal,3632,0,1782358444.3146327,0.002034425735473633
5543,normal,1415,0,1782358444.3165555,0.0019228458404541016
5544,normal,1750,0,1782358444.3186038,0.0020482540130615234
5545,normal,2963,0,1782358444.3206124,0.002008676528930664
5546,normal,1864,0,1782358444.3225546,0.0019421577453613281
5547,normal,1206,0,1782358444.3245933,0.002038717269897461
5548,normal,1976,0,1782358444.3266113,0.002017974853515625
5549,normal,765,0,1782358444.3285549,0.0019435882568359375
5550,normal,1794,0,1782358444.3305945,0.002039670944213867
5551,normal,559,0,1782358444.3326113,0.002016782760620117
5552,normal,784,2,1782358444.3345544,0.0019431114196777344
5553,normal,1628,0,1782358444.3365972,0.0020427703857421875
5554,normal,3633,0,1782358444.3386106,0.0020134449005126953
5555,normal,2980,0,1782358444.3405516,0.0019409656524658203
5556,normal,1645,0,1782358444.342603,0.0020513534545898438
5557,normal,2937,0,1782358444.344618,0.0020151138305664062
5558,normal,328,0,1782358444.3465564,0.0019383430480957031
5559,normal,3056,1,1782358444.348923,0.0023665428161621094
5560,normal,1610,0,1782358444.350611,0.0016880035400390625
5561,normal,1933,0,1782358444.3525958,0.001984834671020508
5562,normal,38,0,1782358444.3547726,0.0021767616271972656
5563,normal,3374,1,1782358444.3565521,0.0017795562744140625
5564,normal,1210,0,1782358444.3586073,0.0020551681518554688
5565,normal,2557,0,1782358444.3605657,0.0019583702087402344
5566,normal,2536,0,1782358444.3625777,0.002012014389038086
5567,normal,2010,0,1782358444.3645997,0.0020220279693603516
5568,normal,530,0,1782358444.3666403,0.0020406246185302734
5569,normal,3533,0,1782358444.3685708,0.0019304752349853516
5570,normal,2457,0,1782358444.3706236,0.002052783966064453
5571,normal,3209,1,1782358444.3726442,0.002020597457885742
5572,normal,1880,0,1782358444.374571,0.0019268989562988281
5573,normal,3297,1,1782358444.3767202,0.0021491050720214844
5574,normal,206,0,1782358444.378652,0.001931905746459961
5575,normal,2752,0,1782358444.3805773,0.0019252300262451172
5576,normal,166,0,1782358444.3825994,0.0020220279693603516
5577,normal,2563,0,1782358444.3845632,0.0019638538360595703
5578,normal,430,0,1782358444.3865962,0.0020329952239990234
5579,normal,2634,0,1782358444.388596,0.0019998550415039062
5580,normal,942,2,1782358444.3906221,0.002026081085205078
5581,normal,2219,0,1782358444.3926272,0.0020051002502441406
5582,normal,3153,1,1782358444.3945704,0.0019431114196777344
5583,normal,1495,0,1782358444.3966248,0.002054452896118164
5584,normal,3199,1,1782358444.3986316,0.0020067691802978516
5585,normal,2031,0,1782358444.4006531,0.0020215511322021484
5586,normal,220,0,1782358444.4028313,0.002178192138671875
5587,normal,376,0,1782358444.4045813,0.0017499923706054688
5588,normal,2236,0,1782358444.4067156,0.0021343231201171875
5589,normal,687,0,1782358444.4085934,0.0018777847290039062
5590,normal,1489,0,1782358444.410564,0.001970529556274414
5591,normal,3219,1,1782358444.4127128,0.002148866653442383
5592,normal,884,2,1782358444.4145656,0.0018527507781982422
5593,normal,3427,0,1782358444.4165711,0.0020055770874023438
5594,normal,883,2,1782358444.4185932,0.0020220279693603516
5595,normal,3563,0,1782358444.4206421,0.002048969268798828
5596,normal,2272,0,1782358444.422562,0.0019197463989257812
5597,normal,3287,1,1782358444.424658,0.0020961761474609375
5598,normal,546,0,1782358444.4265926,0.0019345283508300781
5599,normal,41,0,1782358444.4285667,0.0019741058349609375
5600,normal,1619,0,1782358444.4305966,0.002029895782470703
5601,normal,1264,0,1782358444.4326503,0.0020537376403808594
5602,normal,1295,0,1782358444.4345753,0.0019249916076660156
5603,normal,786,2,1782358444.4367042,0.0021288394927978516
5604,normal,36,0,1782358444.4385676,0.0018634796142578125
5605,normal,541,0,1782358444.4405665,0.0019989013671875
5606,normal,1178,0,1782358444.442703,0.0021364688873291016
5607,normal,3029,0,1782358444.444575,0.0018720626831054688
5608,normal,1301,0,1782358444.446591,0.002015829086303711
5609,normal,1017,2,1782358444.4486604,0.0020694732666015625
5610,normal,2880,0,1782358444.4505744,0.0019140243530273438
5611,normal,3483,0,1782358444.4525988,0.002024412155151367
5612,normal,3298,1,1782358444.4545896,0.001990795135498047
5613,normal,1694,0,1782358444.4565773,0.0019876956939697266
5614,normal,1439,0,1782358444.4585629,0.0019855499267578125
5615,normal,575,0,1782358444.4606092,0.002046346664428711
5616,normal,1599,0,1782358444.4626474,0.002038240432739258
5617,normal,615,0,1782358444.4645424,0.0018949508666992188
5618,normal,3541,0,1782358444.4666271,0.0020847320556640625
5619,normal,3684,0,1782358444.4686344,0.0020072460174560547
5620,normal,3455,0,1782358444.47062,0.0019855499267578125
5621,normal,1987,0,1782358444.4725692,0.001949310302734375
5622,normal,3650,0,1782358444.4746344,0.0020651817321777344
5623,normal,62,0,1782358444.476628,0.0019936561584472656
5624,normal,1090,0,1782358444.478568,0.001940011978149414
5625,normal,3457,0,1782358444.4808412,0.002273082733154297
5626,normal,963,2,1782358444.4825535,0.0017123222351074219
5627,normal,2155,0,1782358444.4846418,0.002088308334350586
5628,normal,2745,0,1782358444.4866474,0.0020055770874023438
5629,normal,3010,0,1782358444.4885411,0.001893758773803711
5630,normal,1514,0,1782358444.4907,0.0021588802337646484
5631,normal,847,2,1782358444.4926403,0.0019402503967285156
5632,normal,1569,0,1782358444.4945667,0.001926422119140625
5633,normal,1914,0,1782358444.4966078,0.0020411014556884766
5634,normal,3145,1,1782358444.4985752,0.0019674301147460938
5635,normal,855,2,1782358444.5006013,0.002026081085205078
5636,normal,740,0,1782358444.5027075,0.002106189727783203
5637,normal,1452,0,1782358444.5045812,0.0018737316131591797
5638,normal,22,0,1782358444.5065932,0.002012014389038086
5639,normal,3276,1,1782358444.5085692,0.00197601318359375
5640,normal,906,2,1782358444.5105824,0.0020132064819335938
5641,normal,237,0,1782358444.5125694,0.001986980438232422
5642,normal,1299,0,1782358444.5146568,0.0020873546600341797
5643,normal,1331,1,1782358444.5165806,0.0019237995147705078
5644,normal,1260,0,1782358444.5185976,0.0020170211791992188
5645,normal,77,0,1782358444.5206048,0.0020072460174560547
5646,normal,3137,1,1782358444.5225582,0.0019533634185791016
5647,normal,1459,0,1782358444.524567,0.002008676528930664
5648,normal,1240,0,1782358444.5266404,0.002073526382446289
5649,normal,2562,0,1782358444.5286202,0.001979827880859375
5650,normal,2740,0,1782358444.5305626,0.0019423961639404297
5651,normal,2687,0,1782358444.532621,0.002058267593383789
5652,normal,3115,1,1782358444.5348985,0.0022776126861572266
5653,normal,882,2,1782358444.536551,0.0016524791717529297
5654,normal,1836,0,1782358444.538732,0.0021810531616210938
5655,normal,8,0,1782358444.5405638,0.0018317699432373047
5656,normal,588,0,1782358444.5425947,0.0020308494567871094
5657,normal,2151,0,1782358444.5447118,0.002117156982421875
5658,normal,2873,0,1782358444.54656,0.0018482208251953125
5659,normal,2826,0,1782358444.5485985,0.0020384788513183594
5660,normal,2777,0,1782358444.5507703,0.002171754837036133
5661,normal,211,0,1782358444.5527058,0.0019354820251464844
5662,normal,68,0,1782358444.5545614,0.001855611801147461
5663,normal,3448,0,1782358444.5565712,0.002009868621826172
5664,normal,1786,0,1782358444.558611,0.002039670944213867
5665,normal,2864,0,1782358444.5605583,0.0019474029541015625
5666,normal,1830,0,1782358444.5626183,0.0020599365234375
5667,normal,3709,0,1782358444.5645921,0.001973867416381836
5668,normal,3191,1,1782358444.566558,0.001965761184692383
5669,normal,1691,0,1782358444.5686018,0.0020439624786376953
5670,normal,738,0,1782358444.5706046,0.002002716064453125
5671,normal,3353,1,1782358444.572555,0.0019505023956298828
5672,normal,2034,0,1782358444.5745971,0.002042055130004883
5673,normal,3306,1,1782358444.576594,0.0019969940185546875
5674,normal,1808,0,1782358444.5786037,0.0020096302032470703
5675,normal,2070,0,1782358444.5806246,0.0020208358764648438
5676,normal,1346,1,1782358444.5826023,0.001977682113647461
5677,normal,2845,0,1782358444.584609,0.0020067691802978516
5678,normal,2857,0,1782358444.5865545,0.00194549560546875
5679,normal,2119,0,1782358444.5885887,0.0020341873168945312
5680,normal,2268,0,1782358444.5906005,0.0020117759704589844
5681,normal,2067,0,1782358444.5925999,0.001999378204345703
5682,normal,1642,0,1782358444.594593,0.0019931793212890625
5683,normal,2162,0,1782358444.596608,0.0020148754119873047
5684,normal,1188,0,1782358444.598558,0.0019500255584716797
5685,normal,469,0,1782358444.6005936,0.0020356178283691406
5686,normal,2415,0,1782358444.6026192,0.002025604248046875
5687,normal,2877,0,1782358444.604556,0.0019369125366210938
5688,normal,1663,0,1782358444.6066,0.0020439624786376953
5689,normal,2137,0,1782358444.6085541,0.0019540786743164062
5690,normal,2004,0,1782358444.6106088,0.0020546913146972656
5691,normal,393,0,1782358444.6126013,0.001992464065551758
5692,normal,3451,0,1782358444.6146235,0.002022266387939453
5693,normal,797,2,1782358444.6165552,0.0019316673278808594
5694,normal,544,0,1782358444.618594,0.002038717269897461
5695,normal,2226,0,1782358444.6206121,0.0020182132720947266
5696,normal,3346,1,1782358444.6225548,0.0019426345825195312
5697,normal,3603,0,1782358444.6245959,0.0020411014556884766
5698,normal,1107,0,1782358444.626608,0.002012014389038086
5699,normal,2705,0,1782358444.6286073,0.001999378204345703
5700,normal,3087,1,1782358444.630592,0.001984834671020508
5701,normal,1397,0,1782358444.632601,0.0020089149475097656
5702,normal,556,0,1782358444.6346045,0.0020034313201904297
5703,normal,3261,1,1782358444.6365924,0.001987934112548828
5704,normal,2883,0,1782358444.6386113,0.0020189285278320312
5705,normal,2948,0,1782358444.640551,0.0019397735595703125
5706,normal,1604,0,1782358444.6425924,0.002041339874267578
5707,normal,2292,0,1782358444.6445982,0.0020058155059814453
5708,normal,3044,0,1782358444.6466088,0.0020105838775634766
5709,normal,1942,0,1782358444.6485937,0.001984834671020508
5710,normal,1443,0,1782358444.6506095,0.002015829086303711
5711,normal,1193,0,1782358444.6525943,0.001984834671020508
5712,normal,669,0,1782358444.654604,0.0020096302032470703
5713,normal,3257,1,1782358444.6566243,0.0020203590393066406
5714,normal,2250,0,1782358444.6585746,0.0019502639770507812
5715,normal,2979,0,1782358444.6606143,0.002039670944213867
5716,normal,1652,0,1782358444.6626246,0.002010345458984375
5717,normal,138,0,1782358444.6649113,0.002286672592163086
5718,normal,2484,0,1782358444.666765,0.0018537044525146484
5719,normal,1646,0,1782358444.669299,0.0025339126586914062
5720,normal,42,0,1782358444.6705759,0.0012769699096679688
5721,normal,1101,0,1782358444.6727831,0.0022072792053222656
5722,normal,501,0,1782358444.6747158,0.0019326210021972656
5723,normal,1006,2,1782358444.6766474,0.0019316673278808594
5724,normal,1129,0,1782358444.6784978,0.0018503665924072266
5725,normal,2804,0,1782358444.6805668,0.0020689964294433594
5726,normal,1834,0,1782358444.6825864,0.002019643783569336
5727,normal,2220,0,1782358444.6845496,0.0019631385803222656
5728,normal,3051,1,1782358444.6866016,0.0020520687103271484
5729,normal,724,0,1782358444.6886108,0.002009153366088867
5730,normal,803,2,1782358444.6908379,0.0022270679473876953
5731,normal,205,0,1782358444.692693,0.0018551349639892578
5732,normal,449,0,1782358444.6947744,0.0020813941955566406
5733,normal,958,2,1782358444.6966124,0.0018379688262939453
5734,normal,3050,1,1782358444.6986911,0.0020787715911865234
5735,normal,2976,0,1782358444.7006154,0.001924276351928711
5736,normal,1962,0,1782358444.702593,0.001977682113647461
5737,normal,341,0,1782358444.7045999,0.0020067691802978516
5738,normal,1531,0,1782358444.7066085,0.002008676528930664
5739,normal,1656,0,1782358444.7086236,0.0020151138305664062
5740,normal,1574,0,1782358444.7106082,0.0019845962524414062
5741,normal,3022,0,1782358444.7126093,0.002001047134399414
5742,normal,2911,0,1782358444.71482,0.0022106170654296875
5743,normal,1543,0,1782358444.7165937,0.001773834228515625
5744,normal,1335,1,1782358444.7186465,0.002052783966064453
5745,normal,2694,0,1782358444.7206562,0.0020096302032470703
5746,normal,21,0,1782358444.7226238,0.0019676685333251953
5747,normal,2892,0,1782358444.7246482,0.002024412155151367
5748,normal,2444,0,1782358444.726625,0.0019767284393310547
5749,normal,404,0,1782358444.7288752,0.002250194549560547
5750,normal,3251,1,1782358444.730567,0.0016918182373046875
5751,normal,1167,0,1782358444.732728,0.0021610260009765625
5752,normal,3564,0,1782358444.7347689,0.002040863037109375
5753,normal,416,0,1782358444.7368984,0.0021295547485351562
5754,normal,2332,0,1782358444.7386332,0.0017347335815429688
5755,normal,2198,0,1782358444.740807,0.002173900604248047
5756,normal,747,0,1782358444.742595,0.0017879009246826172
5757,normal,3127,1,1782358444.744659,0.0020639896392822266
5758,normal,3355,1,1782358444.746548,0.0018889904022216797
5759,normal,408,0,1782358444.7486918,0.00214385986328125
5760,normal,3573,0,1782358444.7506273,0.0019354820251464844
5761,normal,2986,0,1782358444.752618,0.001990795135498047
5762,normal,3046,1,1782358444.7545857,0.0019676685333251953
5763,normal,873,2,1782358444.756581,0.0019953250885009766
5764,normal,1484,0,1782358444.7585473,0.001966238021850586
5765,normal,2301,0,1782358444.7606297,0.002082347869873047
5766,normal,1958,0,1782358444.762562,0.001932382583618164
5767,normal,726,0,1782358444.764632,0.0020699501037597656
5768,normal,1843,0,1782358444.7665627,0.0019307136535644531
5769,normal,373,0,1782358444.768571,0.002008199691772461
5770,normal,2197,0,1782358444.770684,0.0021131038665771484
5771,normal,3083,1,1782358444.772535,0.0018510818481445312
5772,normal,1888,0,1782358444.7745433,0.002008199691772461
5773,normal,2594,0,1782358444.7766054,0.002062082290649414
5774,normal,3077,1,1782358444.778606,0.002000570297241211
5775,normal,73,0,1782358444.7806153,0.0020093917846679688
5776,normal,599,0,1782358444.7825763,0.0019609928131103516
5777,normal,169,0,1782358444.784689,0.0021126270294189453
5778,normal,2573,0,1782358444.7866805,0.0019915103912353516
5779,normal,3690,0,1782358444.7886117,0.0019311904907226562
5780,normal,1529,0,1782358444.7906415,0.002029895782470703
5781,normal,3144,1,1782358444.792652,0.002010345458984375
5782,normal,3324,1,1782358444.7945452,0.0018932819366455078
5783,normal,2842,0,1782358444.7966444,0.002099275588989258
5784,normal,2504,0,1782358444.798626,0.001981496810913086
5785,normal,3426,0,1782358444.800528,0.0019021034240722656
5786,normal,1545,0,1782358444.8026843,0.0021562576293945312
5787,normal,598,0,1782358444.804707,0.0020227432250976562
5788,normal,2512,0,1782358444.8065748,0.0018677711486816406
5789,normal,3411,0,1782358444.8087225,0.002147674560546875
5790,normal,934,2,1782358444.8108087,0.002086162567138672
5791,normal,253,0,1782358444.812585,0.0017764568328857422
5792,normal,2997,0,1782358444.8146553,0.002070188522338867
5793,normal,1402,0,1782358444.8167088,0.002053499221801758
5794,normal,3256,1,1782358444.8185794,0.0018706321716308594
5795,normal,2984,0,1782358444.8206055,0.002026081085205078
5796,normal,2566,0,1782358444.8225744,0.001968860626220703
5797,normal,1423,0,1782358444.8246052,0.0020308494567871094
5798,normal,3138,1,1782358444.8267024,0.0020971298217773438
5799,normal,1296,0,1782358444.8285801,0.0018777847290039062
5800,normal,1964,0,1782358444.8306003,0.002020120620727539
5801,normal,1197,0,1782358444.8326037,0.0020034313201904297
5802,normal,1711,0,1782358444.8346853,0.002081632614135742
5803,normal,155,0,1782358444.8369532,0.0022678375244140625
5804,normal,263,0,1782358444.8385844,0.0016312599182128906
5805,normal,3538,0,1782358444.840605,0.002020597457885742
5806,normal,440,0,1782358444.842626,0.0020210742950439453
5807,normal,2462,0,1782358444.844541,0.00191497802734375
5808,normal,1154,0,1782358444.8467238,0.0021827220916748047
5809,normal,651,0,1782358444.848619,0.0018951892852783203
5810,normal,1673,0,1782358444.8505254,0.0019063949584960938
5811,normal,2685,0,1782358444.852609,0.0020835399627685547
5812,normal,3546,0,1782358444.8546214,0.002012491226196289
5813,normal,2020,0,1782358444.8565414,0.0019199848175048828
5814,normal,875,2,1782358444.8586423,0.0021009445190429688
5815,normal,3385,1,1782358444.8605587,0.0019164085388183594
5816,normal,3100,1,1782358444.8626502,0.0020914077758789062
5817,normal,2533,0,1782358444.8646164,0.001966238021850586
5818,normal,1088,0,1782358444.866619,0.002002716064453125
5819,normal,3501,0,1782358444.8685162,0.0018970966339111328
5820,normal,2038,0,1782358444.8706968,0.0021805763244628906
5821,normal,16,0,1782358444.87261,0.001913309097290039
5822,normal,2587,0,1782358444.8747113,0.0021011829376220703
5823,normal,3601,0,1782358444.8766606,0.001949310302734375
5824,normal,2408,0,1782358444.8785152,0.0018546581268310547
5825,normal,3081,1,1782358444.8806398,0.0021245479583740234
5826,normal,1358,1,1782358444.8826566,0.002016782760620117
5827,normal,505,0,1782358444.884602,0.00194549560546875
5828,normal,53,0,1782358444.8867276,0.0021255016326904297
5829,normal,2494,0,1782358444.888685,0.001957416534423828
5830,normal,119,0,1782358444.890697,0.002012014389038086
5831,normal,2622,0,1782358444.892728,0.002031087875366211
5832,normal,2311,0,1782358444.8948052,0.0020771026611328125
5833,normal,1221,0,1782358444.8965955,0.0017902851104736328
5834,normal,3154,1,1782358444.8987167,0.0021212100982666016
5835,normal,2969,0,1782358444.900698,0.0019812583923339844
5836,normal,950,2,1782358444.902695,0.0019969940185546875
5837,normal,1570,0,1782358444.904807,0.002112150192260742
5838,normal,3183,1,1782358444.9068255,0.002018451690673828
5839,normal,1235,0,1782358444.908653,0.0018274784088134766
5840,normal,511,0,1782358444.9107585,0.0021054744720458984
5841,normal,3698,0,1782358444.912731,0.0019724369049072266
5842,normal,102,0,1782358444.9146311,0.0019001960754394531
5843,normal,2755,0,1782358444.9167655,0.0021343231201171875
5844,normal,2656,0,1782358444.9187648,0.001999378204345703
5845,normal,1329,1,1782358444.9205859,0.0018210411071777344
5846,normal,265,0,1782358444.9227257,0.0021398067474365234
5847,normal,3260,1,1782358444.9247258,0.002000093460083008
5848,normal,549,0,1782358444.926604,0.0018782615661621094
5849,normal,1175,0,1782358444.9287257,0.0021216869354248047
5850,normal,3586,0,1782358444.9307425,0.002016782760620117
5851,normal,2739,0,1782358444.9326878,0.0019452571868896484
5852,normal,1323,1,1782358444.9347713,0.0020835399627685547
5853,normal,2228,0,1782358444.9366853,0.0019140243530273438
5854,normal,769,0,1782358444.9385731,0.0018877983093261719
5855,normal,1934,0,1782358444.9406025,0.0020294189453125
5856,normal,1172,0,1782358444.9427748,0.002172231674194336
5857,normal,2057,0,1782358444.9446118,0.001837015151977539
5858,normal,1654,0,1782358444.9467473,0.0021355152130126953
5859,normal,3498,0,1782358444.9487627,0.002015352249145508
5860,normal,3055,1,1782358444.950656,0.0018932819366455078
5861,normal,2718,0,1782358444.9526074,0.001951456069946289
5862,normal,854,2,1782358444.954596,0.001988649368286133
5863,normal,1266,0,1782358444.9565907,0.001994609832763672
5864,normal,3006,0,1782358444.9585881,0.0019974708557128906
5865,normal,2366,0,1782358444.9606383,0.002050161361694336
5866,normal,1511,0,1782358444.9626002,0.001961946487426758
5867,normal,692,0,1782358444.964627,0.002026796340942383
5868,normal,715,0,1782358444.9666214,0.0019943714141845703
5869,normal,1195,0,1782358444.9686322,0.002010822296142578
5870,normal,2823,0,1782358444.9708073,0.0021750926971435547
5871,normal,1126,0,1782358444.9727926,0.001985311508178711
5872,normal,2181,0,1782358444.9746413,0.0018486976623535156
5873,normal,1427,0,1782358444.9767473,0.0021059513092041016
5874,normal,2165,0,1782358444.978783,0.0020356178283691406
5875,normal,1446,0,1782358444.9806569,0.0018739700317382812
5876,normal,3480,0,1782358444.9825563,0.0018994808197021484
5877,normal,2470,0,1782358444.9847202,0.0021638870239257812
5878,normal,1556,0,1782358444.9865565,0.0018362998962402344
5879,normal,1698,0,1782358444.988631,0.0020744800567626953
5880,normal,431,0,1782358444.9907386,0.0021076202392578125
5881,normal,2464,0,1782358444.9925582,0.001819610595703125
5882,normal,830,2,1782358444.9945793,0.0020210742950439453
5883,normal,2876,0,1782358444.9966593,0.0020799636840820312
5884,normal,3359,1,1782358444.9989452,0.0022859573364257812
5885,normal,828,2,1782358445.000783,0.0018377304077148438
5886,normal,84,0,1782358445.0027387,0.001955747604370117
5887,normal,1583,0,1782358445.004598,0.0018591880798339844
5888,normal,2355,0,1782358445.0067248,0.002126932144165039
5889,normal,3667,0,1782358445.0087209,0.0019960403442382812
5890,normal,1533,0,1782358445.0107112,0.0019903182983398438
5891,normal,1702,0,1782358445.0126245,0.001913309097290039
5892,normal,1760,0,1782358445.0147865,0.0021619796752929688
5893,normal,2348,0,1782358445.0166054,0.0018188953399658203
5894,normal,1781,0,1782358445.0187263,0.0021209716796875
5895,normal,1417,0,1782358445.0207314,0.0020051002502441406
5896,normal,3624,0,1782358445.0227063,0.001974821090698242
5897,normal,146,0,1782358445.0247076,0.0020012855529785156
5898,normal,3438,0,1782358445.0267735,0.002065896987915039
5899,normal,3175,1,1782358445.0286574,0.0018839836120605469
5900,normal,380,0,1782358445.0307941,0.002136707305908203
5901,normal,2814,0,1782358445.032726,0.001931905746459961
5902,normal,2216,0,1782358445.0346131,0.0018870830535888672
5903,normal,2706,0,1782358445.0367355,0.0021224021911621094
5904,normal,275,0,1782358445.0387414,0.0020058155059814453
5905,normal,1576,0,1782358445.0406406,0.0018992424011230469
5906,normal,2316,0,1782358445.0427637,0.002123117446899414
5907,normal,66,0,1782358445.0448673,0.002103567123413086
5908,normal,2357,0,1782358445.046593,0.0017256736755371094
5909,normal,3274,1,1782358445.0487194,0.002126455307006836
5910,normal,518,0,1782358445.0508177,0.0020983219146728516
5911,normal,2430,0,1782358445.0527248,0.0019071102142333984
5912,normal,2747,0,1782358445.0546446,0.0019197463989257812
5913,normal,1960,0,1782358445.056714,0.0020694732666015625
5914,normal,108,0,1782358445.0586033,0.0018892288208007812
5915,normal,25,0,1782358445.0607226,0.002119302749633789
5916,normal,3504,0,1782358445.0628011,0.002078533172607422
5917,normal,104,0,1782358445.064748,0.0019469261169433594
5918,normal,3328,1,1782358445.0668645,0.0021164417266845703
5919,normal,2865,0,1782358445.068859,0.001994609832763672
5920,normal,949,2,1782358445.0707166,0.0018575191497802734
5921,normal,3308,1,1782358445.0728462,0.0021295547485351562
5922,normal,2635,0,1782358445.0748572,0.0020110607147216797
5923,normal,2793,0,1782358445.076794,0.0019366741180419922
5924,normal,3132,1,1782358445.0788765,0.0020825862884521484
5925,normal,313,0,1782358445.0808465,0.001970052719116211
5926,normal,2844,0,1782358445.0827227,0.0018761157989501953
5927,normal,3526,0,1782358445.084814,0.0020914077758789062
5928,normal,3689,0,1782358445.0868149,0.0020008087158203125
5929,normal,1084,0,1782358445.0887215,0.0019066333770751953
5930,normal,47,0,1782358445.090854,0.002132415771484375
5931,normal,1946,0,1782358445.0928884,0.002034425735473633
5932,normal,3482,0,1782358445.0947175,0.0018291473388671875
5933,normal,2916,0,1782358445.0968018,0.0020842552185058594
5934,normal,2306,0,1782358445.0988097,0.0020079612731933594
5935,normal,3072,1,1782358445.1007006,0.0018908977508544922
5936,normal,3608,0,1782358445.1028202,0.0021195411682128906
5937,normal,258,0,1782358445.1048417,0.0020215511322021484
5938,normal,2746,0,1782358445.1067588,0.001917123794555664
5939,normal,2996,0,1782358445.1088789,0.0021200180053710938
5940,normal,1790,0,1782358445.1108205,0.001941680908203125
5941,normal,3060,1,1782358445.112716,0.0018954277038574219
5942,normal,1990,0,1782358445.114823,0.0021071434020996094
5943,normal,1641,0,1782358445.116825,0.0020020008087158203
5944,normal,1488,0,1782358445.1187074,0.001882314682006836
5945,normal,1102,0,1782358445.1207979,0.0020904541015625
5946,normal,2701,0,1782358445.1228025,0.0020046234130859375
5947,normal,1959,0,1782358445.1248333,0.0020308494567871094
5948,normal,2712,0,1782358445.1266441,0.0018107891082763672
5949,normal,1902,0,1782358445.128918,0.0022737979888916016
5950,normal,2178,0,1782358445.13081,0.00189208984375
5951,normal,1242,0,1782358445.1328332,0.0020232200622558594
5952,normal,2032,0,1782358445.1348264,0.0019931793212890625
5953,normal,3670,0,1782358445.1368346,0.002008199691772461
5954,normal,287,0,1782358445.1387417,0.0019071102142333984
5955,normal,3177,1,1782358445.1408741,0.002132415771484375
5956,normal,2985,0,1782358445.1426847,0.0018105506896972656
5957,normal,666,0,1782358445.1447215,0.0020368099212646484
5958,normal,2528,0,1782358445.1467123,0.001990795135498047
5959,normal,2513,0,1782358445.1487434,0.002031087875366211
5960,normal,1928,0,1782358445.1506078,0.0018644332885742188
5961,normal,1516,0,1782358445.1526916,0.0020837783813476562
5962,normal,1828,0,1782358445.1546955,0.002003908157348633
5963,normal,1409,0,1782358445.156756,0.002060413360595703
5964,normal,3641,0,1782358445.159012,0.002256155014038086
5965,normal,2703,0,1782358445.1606166,0.0016045570373535156
5966,normal,74,0,1782358445.1626995,0.00208282470703125
5967,normal,661,0,1782358445.1647067,0.0020072460174560547
5968,normal,1590,0,1782358445.1667056,0.0019989013671875
5969,normal,1820,0,1782358445.168724,0.002018451690673828
5970,normal,174,0,1782358445.170788,0.0020639896392822266
5971,normal,2486,0,1782358445.1725569,0.0017688274383544922
5972,normal,843,2,1782358445.1746924,0.0021355152130126953
5973,normal,337,0,1782358445.1767085,0.0020160675048828125
5974,normal,272,0,1782358445.1787138,0.002005338668823242
5975,normal,472,0,1782358445.1806533,0.001939535140991211
5976,normal,1999,0,1782358445.1826296,0.0019762516021728516
5977,normal,3406,0,1782358445.1847115,0.0020818710327148438
5978,normal,2794,0,1782358445.1866872,0.0019757747650146484
5979,normal,466,0,1782358445.1888351,0.0021479129791259766
5980,normal,3534,0,1782358445.1905646,0.0017294883728027344
5981,normal,2298,0,1782358445.1927812,0.0022165775299072266
5982,normal,2700,0,1782358445.1948006,0.0020194053649902344
5983,normal,2098,0,1782358445.196779,0.0019783973693847656
5984,normal,3185,1,1782358445.1986856,0.0019066333770751953
5985,normal,193,0,1782358445.20072,0.002034425735473633
5986,normal,2247,0,1782358445.2027354,0.002015352249145508
5987,normal,3290,1,1782358445.2047236,0.0019881725311279297
5988,normal,2801,0,1782358445.206928,0.002204418182373047
5989,normal,1106,0,1782358445.2087824,0.0018544197082519531
5990,normal,3122,1,1782358445.2110102,0.002227783203125
5991,normal,1051,0,1782358445.2126873,0.0016770362854003906
5992,normal,2576,0,1782358445.2147384,0.002051115036010742
5993,normal,2472,0,1782358445.2167811,0.0020427703857421875
5994,normal,2501,0,1782358445.218961,0.002179861068725586
5995,normal,2772,0,1782358445.2207446,0.001783609390258789
5996,normal,1802,0,1782358445.222816,0.002071380615234375
5997,normal,1931,0,1782358445.2248926,0.0020766258239746094
5998,normal,75,0,1782358445.2267773,0.0018846988677978516
5999,normal,3625,0,1782358445.2289279,0.0021505355834960938
6000,normal,1669,0,1782358445.230888,0.0019600391387939453
6001,normal,2906,0,1782358445.2327847,0.0018968582153320312
6002,normal,2548,0,1782358445.2348602,0.0020754337310791016
6003,normal,1585,0,1782358445.2368758,0.0020155906677246094
6004,normal,990,2,1782358445.238872,0.001996278762817383
6005,normal,1254,0,1782358445.240803,0.0019309520721435547
6006,normal,820,2,1782358445.2429488,0.0021457672119140625
6007,normal,1300,0,1782358445.2446764,0.0017275810241699219
6008,normal,1046,0,1782358445.2468276,0.0021512508392333984
6009,normal,1132,0,1782358445.2487717,0.0019440650939941406
6010,normal,952,2,1782358445.2508051,0.0020334720611572266
6011,normal,2943,0,1782358445.2527013,0.0018961429595947266
6012,normal,2981,0,1782358445.2548761,0.002174854278564453
6013,normal,1741,0,1782358445.2567744,0.0018982887268066406
6014,normal,3033,0,1782358445.2589402,0.0021657943725585938
6015,normal,571,0,1782358445.2607434,0.0018031597137451172
6016,normal,1366,1,1782358445.262865,0.0021216869354248047
6017,normal,359,0,1782358445.264749,0.0018839836120605469
6018,normal,2414,0,1782358445.2677982,0.003049135208129883
6019,normal,3236,1,1782358445.2686498,0.0008516311645507812
6020,normal,2349,0,1782358445.2708561,0.0022063255310058594
6021,normal,2037,0,1782358445.273042,0.002185821533203125
6022,normal,3623,0,1782358445.2747877,0.0017457008361816406
6023,normal,3228,1,1782358445.276632,0.0018444061279296875
6024,normal,3417,0,1782358445.278722,0.002089977264404297
6025,normal,3673,0,1782358445.2807078,0.001985788345336914
6026,normal,60,0,1782358445.282601,0.0018932819366455078
6027,normal,2134,0,1782358445.284613,0.0020117759704589844
6028,normal,1171,0,1782358445.2866828,0.0020699501037597656
6029,normal,1408,0,1782358445.2885628,0.0018799304962158203
6030,normal,1160,0,1782358445.2905996,0.0020368099212646484
6031,normal,1302,0,1782358445.292813,0.0022134780883789062
6032,normal,2854,0,1782358445.2947855,0.0019724369049072266
6033,normal,2450,0,1782358445.296729,0.0019435882568359375
6034,normal,725,0,1782358445.298676,0.0019469261169433594
6035,normal,2059,0,1782358445.3006454,0.0019693374633789062
6036,normal,28,0,1782358445.3027065,0.002061128616333008
6037,normal,899,2,1782358445.304544,0.0018374919891357422
6038,normal,1477,0,1782358445.3066158,0.002071857452392578
6039,normal,1029,2,1782358445.3086114,0.001995563507080078
6040,normal,3418,0,1782358445.310597,0.0019855499267578125
6041,normal,48,0,1782358445.3125935,0.0019965171813964844
6042,normal,1627,0,1782358445.3145957,0.002002239227294922
6043,normal,1938,0,1782358445.3167536,0.002157926559448242
6044,normal,2303,0,1782358445.3186805,0.0019268989562988281
6045,normal,560,0,1782358445.3207307,0.002050161361694336
6046,normal,943,2,1782358445.3225935,0.0018627643585205078
6047,normal,986,2,1782358445.3247385,0.002145051956176758
6048,normal,1087,0,1782358445.3267086,0.001970052719116211
6049,normal,1290,0,1782358445.3287644,0.0020558834075927734
6050,normal,987,2,1782358445.3309271,0.0021626949310302734
6051,normal,2048,0,1782358445.3327918,0.0018646717071533203
6052,normal,3612,0,1782358445.3345993,0.0018074512481689453
6053,normal,2862,0,1782358445.3367333,0.002134084701538086
6054,normal,2224,0,1782358445.3387418,0.0020084381103515625
6055,normal,3496,0,1782358445.3406284,0.001886606216430664
6056,normal,3149,1,1782358445.3428776,0.0022492408752441406
6057,normal,3327,1,1782358445.344761,0.0018832683563232422
6058,normal,3042,0,1782358445.3466244,0.0018634796142578125
6059,normal,2647,0,1782358445.3488295,0.0022051334381103516
6060,normal,3705,0,1782358445.350676,0.0018465518951416016
6061,normal,492,0,1782358445.3527431,0.002067089080810547
6062,normal,3340,1,1782358445.354756,0.002012968063354492
6063,normal,994,2,1782358445.3569489,0.0021927356719970703
6064,normal,3395,1,1782358445.3586977,0.001748800277709961
6065,normal,3567,0,1782358445.3607895,0.0020918846130371094
6066,normal,3263,1,1782358445.362802,0.002012491226196289
6067,normal,3332,1,1782358445.3646889,0.0018868446350097656
6068,normal,2792,0,1782358445.366733,0.002044200897216797
6069,normal,56,0,1782358445.3686936,0.0019605159759521484
6070,normal,969,2,1782358445.3707445,0.0020508766174316406
6071,normal,2779,0,1782358445.3726435,0.0018990039825439453
6072,normal,172,0,1782358445.374731,0.0020875930786132812
6073,normal,1207,0,1782358445.3767495,0.002018451690673828
6074,normal,2731,0,1782358445.3788288,0.0020792484283447266
6075,normal,2579,0,1782358445.3806913,0.0018625259399414062
6076,normal,2208,0,1782358445.3825734,0.0018820762634277344
6077,normal,1040,0,1782358445.384759,0.0021855831146240234
6078,normal,710,0,1782358445.3868601,0.0021011829376220703
6079,normal,3164,1,1782358445.388632,0.0017719268798828125
6080,normal,1557,0,1782358445.3907616,0.0021295547485351562
6081,normal,3269,1,1782358445.3927395,0.0019779205322265625
6082,normal,1878,0,1782358445.3946104,0.001870870590209961
6083,normal,2623,0,1782358445.3967357,0.002125263214111328
6084,normal,1713,0,1782358445.398721,0.001985311508178711
6085,normal,152,0,1782358445.4006355,0.0019145011901855469
6086,normal,421,0,1782358445.4027805,0.002145051956176758
6087,normal,2522,0,1782358445.4047124,0.001931905746459961
6088,normal,3047,1,1782358445.4066315,0.0019190311431884766
6089,normal,2352,0,1782358445.4087784,0.0021469593048095703
6090,normal,3016,0,1782358445.410774,0.001995563507080078
6091,normal,2271,0,1782358445.4126792,0.001905202865600586
6092,normal,2790,0,1782358445.4147274,0.0020482540130615234
6093,normal,2929,0,1782358445.4167418,0.0020143985748291016
6094,normal,2474,0,1782358445.4186196,0.0018777847290039062
6095,normal,1305,0,1782358445.4207447,0.0021250247955322266
6096,normal,936,2,1782358445.4227347,0.001990079879760742
6097,normal,3093,1,1782358445.4246275,0.0018928050994873047
6098,normal,2000,0,1782358445.4267526,0.0021250247955322266
6099,normal,1932,0,1782358445.428896,0.002143383026123047
6100,normal,2575,0,1782358445.43061,0.0017139911651611328
6101,normal,3364,1,1782358445.4327455,0.0021355152130126953
6102,normal,1872,0,1782358445.4347458,0.0020003318786621094
6103,normal,2924,0,1782358445.4366117,0.0018658638000488281
6104,normal,2875,0,1782358445.438738,0.002126455307006836
6105,normal,1211,0,1782358445.4408433,0.002105236053466797
6106,normal,2810,0,1782358445.4426174,0.0017740726470947266
6107,normal,2324,0,1782358445.444787,0.0021696090698242188
6108,normal,3165,1,1782358445.4467812,0.0019941329956054688
6109,normal,2145,0,1782358445.4486265,0.0018453598022460938
6110,normal,3683,0,1782358445.4507413,0.0021147727966308594
6111,normal,2166,0,1782358445.4527385,0.001997232437133789
6112,normal,1279,0,1782358445.4546206,0.0018820762634277344
6113,normal,2251,0,1782358445.456735,0.0021142959594726562
6114,normal,473,0,1782358445.4587388,0.002003908157348633
6115,normal,2072,0,1782358445.4606218,0.0018830299377441406
6116,normal,1144,0,1782358445.4628313,0.0022094249725341797
6117,normal,1005,2,1782358445.4647777,0.0019464492797851562
6118,normal,3662,0,1782358445.4666462,0.0018684864044189453
6119,normal,2716,0,1782358445.4688065,0.002160310745239258
6120,normal,2431,0,1782358445.470794,0.001987457275390625
6121,normal,2441,0,1782358445.4727483,0.001954317092895508
6122,normal,3460,0,1782358445.4746754,0.0019271373748779297
6123,normal,1725,0,1782358445.4768114,0.0021359920501708984
6124,normal,2069,0,1782358445.478702,0.0018906593322753906
6125,normal,375,0,1782358445.4806366,0.0019345283508300781
6126,normal,3383,1,1782358445.482727,0.0020904541015625
6127,normal,3697,0,1782358445.4846,0.001873016357421875
6128,normal,2909,0,1782358445.4867315,0.0021314620971679688
6129,normal,250,0,1782358445.4888396,0.0021080970764160156
6130,normal,1334,1,1782358445.4905987,0.0017590522766113281
6131,normal,577,0,1782358445.492726,0.002127408981323242
6132,normal,164,0,1782358445.4948065,0.0020804405212402344
6133,normal,2053,0,1782358445.4965708,0.0017642974853515625
6134,normal,2465,0,1782358445.4988718,0.0023009777069091797
6135,normal,321,0,1782358445.5010145,0.002142667770385742
6136,normal,602,0,1782358445.502645,0.001630544662475586
6137,normal,398,0,1782358445.5047255,0.0020804405212402344
6138,normal,3407,0,1782358445.5067253,0.0019998550415039062
6139,normal,1185,0,1782358445.5086036,0.0018782615661621094
6140,normal,1506,0,1782358445.510741,0.002137422561645508
6141,normal,100,0,1782358445.5128598,0.002118825912475586
6142,normal,543,0,1782358445.514636,0.0017762184143066406
6143,normal,325,0,1782358445.51673,0.0020940303802490234
6144,normal,2749,0,1782358445.5187426,0.002012491226196289
6145,normal,2748,0,1782358445.520614,0.001871347427368164
6146,normal,988,2,1782358445.5227451,0.002131223678588867
6147,normal,955,2,1782358445.524764,0.0020189285278320312
6148,normal,368,0,1782358445.5266242,0.0018601417541503906
6149,normal,3421,0,1782358445.5287375,0.00211334228515625
6150,normal,1737,0,1782358445.5307245,0.001986980438232422
6151,normal,116,0,1782358445.5327537,0.0020291805267333984
6152,normal,1246,0,1782358445.534614,0.0018603801727294922
6153,normal,3637,0,1782358445.5367785,0.0021643638610839844
6154,normal,481,0,1782358445.5386539,0.0018754005432128906
6155,normal,3062,1,1782358445.5408132,0.0021593570709228516
6156,normal,3119,1,1782358445.5427802,0.0019669532775878906
6157,normal,3262,1,1782358445.5446212,0.0018410682678222656
6158,normal,2036,0,1782358445.5467305,0.0021092891693115234
6159,normal,2337,0,1782358445.5487337,0.002003192901611328
6160,normal,2160,0,1782358445.5506551,0.0019214153289794922
6161,normal,1067,0,1782358445.5528007,0.002145528793334961
6162,normal,2333,0,1782358445.5547898,0.001989126205444336
6163,normal,2616,0,1782358445.5567687,0.0019788742065429688
6164,normal,2596,0,1782358445.5586002,0.0018315315246582031
6165,normal,534,0,1782358445.560735,0.0021347999572753906
6166,normal,1354,1,1782358445.5628903,0.002155303955078125
6167,normal,1273,0,1782358445.5647354,0.0018451213836669922
6168,normal,2633,0,1782358445.5667305,0.001995086669921875
6169,normal,1793,0,1782358445.568613,0.0018825531005859375
6170,normal,3317,1,1782358445.5707438,0.002130746841430664
6171,normal,2008,0,1782358445.5727344,0.0019905567169189453
6172,normal,1918,0,1782358445.5746083,0.0018739700317382812
6173,normal,1105,0,1782358445.5768347,0.0022263526916503906
6174,normal,2354,0,1782358445.5787513,0.001916646957397461
6175,normal,880,2,1782358445.5806735,0.0019221305847167969
6176,normal,291,0,1782358445.582738,0.0020644664764404297
6177,normal,2480,0,1782358445.584777,0.002039194107055664
6178,normal,1338,1,1782358445.5866804,0.0019032955169677734
6179,normal,3058,1,1782358445.5887759,0.002095460891723633
6180,normal,1213,0,1782358445.5907493,0.001973390579223633
6181,normal,552,0,1782358445.5926142,0.0018649101257324219
6182,normal,1734,0,1782358445.5947442,0.0021300315856933594
6183,normal,347,0,1782358445.5967598,0.0020155906677246094
6184,normal,1258,0,1782358445.5986068,0.0018470287322998047
6185,normal,822,2,1782358445.6007407,0.0021338462829589844
6186,normal,95,0,1782358445.602761,0.0020203590393066406
6187,normal,3592,0,1782358445.604601,0.0018398761749267578
6188,normal,744,0,1782358445.6067448,0.00214385986328125
6189,normal,1954,0,1782358445.6086287,0.0018839836120605469
6190,normal,1949,0,1782358445.6105807,0.0019519329071044922
6191,normal,3168,1,1782358445.61271,0.0021293163299560547
6192,normal,500,0,1782358445.6146824,0.0019724369049072266
6193,normal,1496,0,1782358445.6165738,0.0018913745880126953
6194,normal,504,0,1782358445.6186917,0.0021178722381591797
6195,normal,2335,0,1782358445.6206975,0.0020058155059814453
6196,normal,2013,0,1782358445.6226106,0.0019130706787109375
6197,normal,2870,0,1782358445.6247168,0.002106189727783203
6198,normal,351,0,1782358445.626685,0.0019681453704833984
6199,normal,1505,0,1782358445.6285982,0.001913309097290039
6200,normal,2939,0,1782358445.630656,0.002057790756225586
6201,normal,499,0,1782358445.6327028,0.002046823501586914
6202,normal,1008,2,1782358445.63456,0.0018572807312011719
6203,normal,447,0,1782358445.636634,0.002074003219604492
6204,normal,1011,2,1782358445.6386309,0.001996755599975586
6205,normal,2261,0,1782358445.6405642,0.0019333362579345703
6206,normal,2922,0,1782358445.6427286,0.0021643638610839844
6207,normal,2796,0,1782358445.6446486,0.0019199848175048828
6208,normal,2917,0,1782358445.646612,0.001963376998901367
6209,normal,1909,0,1782358445.6487105,0.002098560333251953
6210,normal,2621,0,1782358445.6507866,0.0020761489868164062
6211,normal,3626,0,1782358445.6526034,0.0018167495727539062
6212,normal,1066,0,1782358445.6546848,0.0020813941955566406
6213,normal,1320,1,1782358445.6567218,0.00203704833984375
6214,normal,51,0,1782358445.6586185,0.0018966197967529297
6215,normal,517,0,1782358445.660631,0.002012491226196289
6216,normal,1560,0,1782358445.6626258,0.0019948482513427734
6217,normal,3665,0,1782358445.6645575,0.0019316673278808594
6218,normal,731,0,1782358445.6666603,0.0021028518676757812
6219,normal,900,2,1782358445.6686451,0.001984834671020508
6220,normal,596,0,1782358445.6705663,0.0019211769104003906
6221,normal,1877,0,1782358445.6726348,0.0020685195922851562
6222,normal,3201,1,1782358445.6745973,0.001962423324584961
6223,normal,2598,0,1782358445.676639,0.0020418167114257812
6224,normal,1027,2,1782358445.6792076,0.002568483352661133
6225,normal,1035,0,1782358445.6807327,0.0015251636505126953
6226,normal,976,2,1782358445.6825747,0.0018420219421386719
6227,normal,1063,0,1782358445.6846552,0.0020804405212402344
6228,normal,2643,0,1782358445.6866593,0.0020041465759277344
6229,normal,224,0,1782358445.6885898,0.0019304752349853516
6230,normal,1444,0,1782358445.6907983,0.0022084712982177734
6231,normal,807,2,1782358445.6926441,0.0018458366394042969
6232,normal,1404,0,1782358445.6945875,0.001943349838256836
6233,normal,2104,0,1782358445.6966438,0.0020563602447509766
6234,normal,3523,0,1782358445.69859,0.0019462108612060547
6235,normal,3465,0,1782358445.700591,0.002001047134399414
6236,normal,718,0,1782358445.702598,0.002007007598876953
6237,normal,3550,0,1782358445.7046268,0.0020287036895751953
6238,normal,3180,1,1782358445.706684,0.002057313919067383
6239,normal,3292,1,1782358445.7085884,0.0019042491912841797
6240,normal,2112,0,1782358445.7106109,0.0020225048065185547
6241,normal,1350,1,1782358445.7126427,0.0020318031311035156
6242,normal,3307,1,1782358445.7146018,0.001959085464477539
6243,normal,1048,0,1782358445.716569,0.001967191696166992
6244,normal,663,0,1782358445.7186348,0.002065896987915039
6245,normal,1910,0,1782358445.720777,0.002142190933227539
6246,normal,2673,0,1782358445.7227507,0.0019736289978027344
6247,normal,3566,0,1782358445.7246535,0.0019028186798095703
6248,normal,1433,0,1782358445.726785,0.0021314620971679688
6249,normal,851,2,1782358445.7288764,0.0020914077758789062
6250,normal,1128,0,1782358445.7305982,0.0017218589782714844
6251,normal,290,0,1782358445.7327313,0.0021331310272216797
6252,normal,2785,0,1782358445.734849,0.002117633819580078
6253,normal,1363,1,1782358445.7368364,0.001987457275390625
6254,normal,3157,1,1782358445.7387807,0.0019443035125732422
6255,normal,2758,0,1782358445.7407515,0.0019707679748535156
6256,normal,1468,0,1782358445.7426069,0.0018553733825683594
6257,normal,572,0,1782358445.7447271,0.0021202564239501953
6258,normal,1269,0,1782358445.7467356,0.0020084381103515625
6259,normal,2510,0,1782358445.748614,0.001878499984741211
6260,normal,1732,0,1782358445.750755,0.0021409988403320312
6261,normal,2899,0,1782358445.752782,0.0020270347595214844
6262,normal,1413,0,1782358445.754605,0.0018229484558105469
6263,normal,536,0,1782358445.756746,0.0021409988403320312
6264,normal,2496,0,1782358445.7587647,0.0020186901092529297
6265,normal,2535,0,1782358445.7606452,0.0018804073333740234
6266,normal,2805,0,1782358445.7627811,0.0021359920501708984
6267,normal,3635,0,1782358445.7647266,0.00194549560546875
6268,normal,1052,0,1782358445.7666035,0.0018768310546875
6269,normal,3627,0,1782358445.7687364,0.002132892608642578
6270,normal,1944,0,1782358445.7707424,0.002006053924560547
6271,normal,2089,0,1782358445.7726028,0.0018603801727294922
6272,normal,1155,0,1782358445.7747471,0.002144336700439453
6273,normal,2642,0,1782358445.7767494,0.002002239227294922
6274,normal,1775,0,1782358445.778844,0.002094745635986328
6275,normal,2028,0,1782358445.7806091,0.0017650127410888672
6276,normal,2440,0,1782358445.782748,0.002138853073120117
6277,normal,1927,0,1782358445.7846024,0.0018544197082519531
6278,normal,475,0,1782358445.7867424,0.002140045166015625
6279,normal,3068,1,1782358445.7887406,0.0019981861114501953
6280,normal,3323,1,1782358445.7906182,0.0018775463104248047
6281,normal,2526,0,1782358445.7927709,0.002152681350708008
6282,normal,2674,0,1782358445.7947564,0.0019855499267578125
6283,normal,91,0,1782358445.7966557,0.0018992424011230469
6284,normal,177,0,1782358445.798761,0.002105236053466797
6285,normal,123,0,1782358445.8007455,0.0019845962524414062
6286,normal,3001,0,1782358445.8026006,0.0018551349639892578
6287,normal,413,0,1782358445.8047824,0.0021817684173583984
6288,normal,395,0,1782358445.8067098,0.0019273757934570312
6289,normal,352,0,1782358445.808603,0.0018932819366455078
6290,normal,2868,0,1782358445.8107405,0.002137422561645508
6291,normal,2878,0,1782358445.812686,0.00194549560546875
6292,normal,467,0,1782358445.8147166,0.002030611038208008
6293,normal,2242,0,1782358445.8166475,0.0019309520721435547
6294,normal,57,0,1782358445.8187804,0.002132892608642578
6295,normal,483,0,1782358445.820708,0.0019276142120361328
6296,normal,1602,0,1782358445.8226867,0.001978635787963867
6297,normal,1148,0,1782358445.8248007,0.0021140575408935547
6298,normal,2666,0,1782358445.8266528,0.0018520355224609375
6299,normal,2538,0,1782358445.8288083,0.0021555423736572266
6300,normal,2732,0,1782358445.8309073,0.0020990371704101562
6301,normal,3562,0,1782358445.8325884,0.0016810894012451172
6302,normal,3130,1,1782358445.8347266,0.0021381378173828125
6303,normal,2142,0,1782358445.836724,0.0019974708557128906
6304,normal,2361,0,1782358445.838582,0.0018579959869384766
6305,normal,1356,1,1782358445.8408108,0.0022287368774414062
6306,normal,1998,0,1782358445.8427138,0.0019030570983886719
6307,normal,3057,1,1782358445.8445785,0.0018646717071533203
6308,normal,1594,0,1782358445.84673,0.0021514892578125
6309,normal,1469,0,1782358445.8487287,0.0019986629486083984
6310,normal,1626,0,1782358445.8508003,0.0020716190338134766
6311,normal,3241,1,1782358445.852878,0.002077817916870117
6312,normal,167,0,1782358445.8547468,0.0018687248229980469
6313,normal,2691,0,1782358445.8565872,0.001840353012084961
6314,normal,3570,0,1782358445.8587477,0.0021605491638183594
6315,normal,3311,1,1782358445.8607407,0.001992940902709961
6316,normal,701,0,1782358445.8626225,0.0018818378448486328
6317,normal,1501,0,1782358445.8648667,0.002244234085083008
6318,normal,2314,0,1782358445.8666112,0.0017445087432861328
6319,normal,1186,0,1782358445.8690135,0.0024023056030273438
6320,normal,3472,0,1782358445.8707376,0.0017240047454833984
6321,normal,2561,0,1782358445.872734,0.0019965171813964844
6322,normal,2855,0,1782358445.87456,0.0018260478973388672
6323,normal,2624,0,1782358445.876757,0.002196788787841797
6324,normal,2800,0,1782358445.8785756,0.0018186569213867188
6325,normal,371,0,1782358445.8807592,0.002183675765991211
6326,normal,2043,0,1782358445.8825917,0.0018324851989746094
6327,normal,2957,0,1782358445.8847375,0.0021457672119140625
6328,normal,3301,1,1782358445.8868647,0.0021271705627441406
6329,normal,243,0,1782358445.8885753,0.001710653305053711
6330,normal,2088,0,1782358445.8906076,0.0020322799682617188
6331,normal,20,0,1782358445.8927824,0.002174854278564453
6332,normal,97,0,1782358445.8947198,0.0019373893737792969
6333,normal,979,2,1782358445.896789,0.002069234848022461
6334,normal,3464,0,1782358445.8986564,0.0018672943115234375
6335,normal,1500,0,1782358445.9007158,0.002059459686279297
6336,normal,478,0,1782358445.9027586,0.0020427703857421875
6337,normal,1905,0,1782358445.9047353,0.0019767284393310547
6338,normal,2742,0,1782358445.9067807,0.0020453929901123047
6339,normal,332,0,1782358445.9087121,0.0019314289093017578
6340,normal,654,0,1782358445.910858,0.0021457672119140625
6341,normal,1756,0,1782358445.9128122,0.001954317092895508
6342,normal,3255,1,1782358445.914766,0.0019538402557373047
6343,normal,1700,0,1782358445.9170291,0.0022630691528320312
6344,normal,482,0,1782358445.9190545,0.0020253658294677734
6345,normal,312,0,1782358445.9208236,0.0017690658569335938
6346,normal,3089,1,1782358445.922766,0.0019423961639404297
6347,normal,1608,0,1782358445.9248428,0.002076864242553711
6348,normal,2932,0,1782358445.9268513,0.0020084381103515625
6349,normal,3169,1,1782358445.928729,0.0018777847290039062
6350,normal,2417,0,1782358445.9308472,0.0021181106567382812
6351,normal,2364,0,1782358445.9328613,0.00201416015625
6352,normal,3591,0,1782358445.9347768,0.0019154548645019531
6353,normal,1239,0,1782358445.93689,0.0021131038665771484
6354,normal,1189,0,1782358445.9387705,0.001880645751953125
6355,normal,3499,0,1782358445.9407527,0.0019822120666503906
6356,normal,849,2,1782358445.942861,0.002108335494995117
6357,normal,3289,1,1782358445.9448724,0.0020112991333007812
6358,normal,3085,1,1782358445.9467082,0.0018358230590820312
6359,normal,3338,1,1782358445.9488182,0.002110004425048828
6360,normal,2681,0,1782358445.9507983,0.0019800662994384766
6361,normal,621,0,1782358445.9527462,0.0019478797912597656
6362,normal,2453,0,1782358445.9548416,0.002095460891723633
6363,normal,1863,0,1782358445.9568417,0.002000093460083008
6364,normal,1054,0,1782358445.9587357,0.0018939971923828125
6365,normal,981,2,1782358445.9608505,0.0021147727966308594
6366,normal,1573,0,1782358445.9629035,0.0020530223846435547
6367,normal,3585,0,1782358445.9647787,0.001875162124633789
6368,normal,2143,0,1782358445.9668367,0.0020580291748046875
6369,normal,3606,0,1782358445.9688392,0.0020024776458740234
6370,normal,1319,1,1782358445.9707322,0.0018930435180664062
6371,normal,885,2,1782358445.9728336,0.002101421356201172
6372,normal,3214,1,1782358445.9748337,0.002000093460083008
6373,normal,1721,0,1782358445.9767587,0.0019249916076660156
6374,normal,2120,0,1782358445.9788797,0.0021209716796875
6375,normal,326,0,1782358445.980886,0.0020062923431396484
6376,normal,3525,0,1782358445.9827025,0.0018165111541748047
6377,normal,2589,0,1782358445.98486,0.002157449722290039
6378,normal,458,0,1782358445.9868655,0.0020055770874023438
6379,normal,3118,1,1782358445.988628,0.00176239013671875
6380,normal,3238,1,1782358445.9908657,0.0022377967834472656
6381,normal,143,0,1782358445.992839,0.001973390579223633
6382,normal,2365,0,1782358445.9947352,0.0018961429595947266
6383,normal,3443,0,1782358445.996837,0.0021016597747802734
6384,normal,212,0,1782358445.9988391,0.002002239227294922
6385,normal,2234,0,1782358446.0007918,0.0019526481628417969
6386,normal,644,0,1782358446.0027797,0.001987934112548828
6387,normal,2393,0,1782358446.004884,0.0021042823791503906
6388,normal,1282,0,1782358446.0067415,0.0018575191497802734
6389,normal,3102,1,1782358446.0090158,0.0022742748260498047
6390,normal,1192,0,1782358446.0108695,0.0018537044525146484
6391,normal,1881,0,1782358446.0127761,0.0019066333770751953
6392,normal,192,0,1782358446.0149415,0.0021653175354003906
6393,normal,2822,0,1782358446.0169082,0.001966714859008789
6394,normal,1247,0,1782358446.0187235,0.0018153190612792969
6395,normal,2651,0,1782358446.0208197,0.0020961761474609375
6396,normal,2930,0,1782358446.0228312,0.002011537551879883
6397,normal,600,0,1782358446.024727,0.001895904541015625
6398,normal,944,2,1782358446.0269182,0.0021910667419433594
6399,normal,64,0,1782358446.0287886,0.0018703937530517578
6400,normal,912,2,1782358446.0307183,0.0019297599792480469
6401,normal,767,0,1782358446.0328267,0.002108335494995117
6402,normal,2473,0,1782358446.0348232,0.0019965171813964844
6403,normal,2902,0,1782358446.037248,0.0024247169494628906
6404,normal,813,2,1782358446.0389023,0.0016543865203857422
6405,normal,3252,1,1782358446.0409024,0.002000093460083008
6406,normal,3547,0,1782358446.042621,0.0017185211181640625
6407,normal,1625,0,1782358446.0448322,0.002211332321166992
6408,normal,2078,0,1782358446.0468378,0.0020055770874023438
6409,normal,2860,0,1782358446.0488005,0.0019626617431640625
6410,normal,1799,0,1782358446.050975,0.0021746158599853516
6411,normal,3560,0,1782358446.0528507,0.0018756389617919922
6412,normal,1865,0,1782358446.0547268,0.0018761157989501953
6413,normal,2607,0,1782358446.0568364,0.002109527587890625
6414,normal,2081,0,1782358446.0588436,0.0020072460174560547
6415,normal,2519,0,1782358446.060743,0.0018994808197021484
6416,normal,1385,0,1782358446.0629227,0.0021796226501464844
6417,normal,3036,0,1782358446.0649748,0.0020520687103271484
6418,normal,3303,1,1782358446.0667255,0.0017507076263427734
6419,normal,2595,0,1782358446.0688753,0.002149820327758789
6420,normal,3544,0,1782358446.0708706,0.0019953250885009766
6421,normal,1693,0,1782358446.0728242,0.001953601837158203
6422,normal,590,0,1782358446.0746224,0.0017981529235839844
6423,normal,3249,1,1782358446.0768285,0.002206087112426758
6424,normal,3366,1,1782358446.078734,0.0019054412841796875
6425,normal,1476,0,1782358446.08086,0.002125978469848633
6426,normal,2949,0,1782358446.0828812,0.002021312713623047
6427,normal,754,0,1782358446.084791,0.0019097328186035156
6428,normal,1609,0,1782358446.086952,0.0021610260009765625
6429,normal,1377,1,1782358446.0888653,0.001913309097290039
6430,normal,487,0,1782358446.0907412,0.0018758773803710938
6431,normal,2351,0,1782358446.0931077,0.0023665428161621094
6432,normal,911,2,1782358446.0951622,0.002054452896118164
6433,normal,363,0,1782358446.0967333,0.0015711784362792969
6434,normal,428,0,1782358446.0988908,0.002157449722290039
6435,normal,2293,0,1782358446.1007993,0.0019085407257080078
6436,normal,2196,0,1782358446.1027284,0.0019290447235107422
6437,normal,1403,0,1782358446.1048288,0.0021004676818847656
6438,normal,1187,0,1782358446.1067958,0.0019669532775878906
6439,normal,516,0,1782358446.1087384,0.0019426345825195312
6440,normal,1010,2,1782358446.110867,0.00212860107421875
6441,normal,2315,0,1782358446.1128478,0.0019807815551757812
6442,normal,1133,0,1782358446.114702,0.0018541812896728516
6443,normal,657,0,1782358446.1167717,0.002069711685180664
6444,normal,1579,0,1782358446.1187432,0.0019714832305908203
6445,normal,2396,0,1782358446.1207538,0.0020105838775634766
6446,normal,278,0,1782358446.1227677,0.0020139217376708984
6447,normal,435,0,1782358446.1247036,0.0019359588623046875
6448,normal,2669,0,1782358446.1266334,0.0019297599792480469
6449,normal,407,0,1782358446.1288235,0.002190113067626953
6450,normal,3250,1,1782358446.130694,0.0018703937530517578
6451,normal,2637,0,1782358446.132615,0.0019211769104003906
6452,normal,2359,0,1782358446.134752,0.0021369457244873047
6453,normal,2933,0,1782358446.136723,0.001971006393432617
6454,normal,3337,1,1782358446.1386726,0.0019495487213134766
6455,normal,2205,0,1782358446.1407537,0.002081155776977539
6456,normal,2987,0,1782358446.1426928,0.0019390583038330078
6457,normal,1223,0,1782358446.144615,0.0019221305847167969
6458,normal,922,2,1782358446.1467478,0.002132892608642578
6459,normal,2287,0,1782358446.1486912,0.001943349838256836
6460,normal,385,0,1782358446.1506293,0.0019381046295166016
6461,normal,101,0,1782358446.1527615,0.0021321773529052734
6462,normal,2215,0,1782358446.154779,0.002017498016357422
6463,normal,3092,1,1782358446.15669,0.0019109249114990234
6464,normal,982,2,1782358446.1587617,0.002071857452392578
6465,normal,1981,0,1782358446.1607444,0.0019826889038085938
6466,normal,1540,0,1782358446.1626236,0.0018792152404785156
6467,normal,1208,0,1782358446.1647632,0.002139568328857422
6468,normal,3099,1,1782358446.1666574,0.001894235610961914
6469,normal,554,0,1782358446.1686049,0.0019474029541015625
6470,normal,1388,0,1782358446.170743,0.0021381378173828125
6471,normal,1727,0,1782358446.1726928,0.0019497871398925781
6472,normal,526,0,1782358446.1747236,0.0020308494567871094
6473,normal,274,0,1782358446.1766539,0.00193023681640625
6474,normal,1410,0,1782358446.1787715,0.002117633819580078
6475,normal,3148,1,1782358446.1807017,0.00193023681640625
6476,normal,1611,0,1782358446.1829908,0.0022890567779541016
6477,normal,3609,0,1782358446.184775,0.0017843246459960938
6478,normal,294,0,1782358446.1866558,0.001880645751953125
6479,normal,1887,0,1782358446.1888242,0.002168416976928711
6480,normal,2056,0,1782358446.1908252,0.002001047134399414
6481,normal,2323,0,1782358446.1926057,0.0017805099487304688
6482,normal,711,0,1782358446.1947381,0.002132415771484375
6483,normal,2235,0,1782358446.1967347,0.0019965171813964844
6484,normal,1572,0,1782358446.19864,0.0019054412841796875
6485,normal,1901,0,1782358446.2008178,0.002177715301513672
6486,normal,2376,0,1782358446.2027307,0.001912832260131836
6487,normal,2552,0,1782358446.2046046,0.0018739700317382812
6488,normal,1440,0,1782358446.206729,0.002124309539794922
6489,normal,2773,0,1782358446.208731,0.0020020008087158203
6490,normal,2555,0,1782358446.2109458,0.0022149085998535156
6491,normal,1835,0,1782358446.2128243,0.001878499984741211
6492,normal,1457,0,1782358446.2147477,0.0019233226776123047
6493,normal,320,0,1782358446.2166011,0.0018534660339355469
6494,normal,1528,0,1782358446.2187355,0.0021343231201171875
6495,normal,3097,1,1782358446.220731,0.001995563507080078
6496,normal,1014,2,1782358446.2226555,0.0019245147705078125
6497,normal,1587,0,1782358446.2248473,0.002191781997680664
6498,normal,3020,0,1782358446.226704,0.0018565654754638672
6499,normal,1795,0,1782358446.2285903,0.0018863677978515625
6500,normal,3348,1,1782358446.230738,0.002147674560546875
6501,normal,2443,0,1782358446.2327437,0.0020058155059814453
6502,normal,3524,0,1782358446.2346265,0.001882791519165039
6503,normal,761,0,1782358446.2367742,0.002147674560546875
6504,normal,3678,0,1782358446.238717,0.0019428730010986328
6505,normal,3605,0,1782358446.240617,0.0018999576568603516
6506,normal,2248,0,1782358446.2427597,0.002142667770385742
6507,normal,1632,0,1782358446.2447815,0.00202178955078125
6508,normal,3639,0,1782358446.2465894,0.0018079280853271484
6509,normal,696,0,1782358446.2487946,0.0022051334381103516
6510,normal,1565,0,1782358446.250793,0.001998424530029297
6511,normal,1953,0,1782358446.2526796,0.001886606216430664
6512,normal,2411,0,1782358446.2548094,0.002129793167114258
6513,normal,3488,0,1782358446.2566962,0.0018868446350097656
6514,normal,888,2,1782358446.2586243,0.001928091049194336
6515,normal,261,0,1782358446.2607665,0.002142190933227539
6516,normal,2296,0,1782358446.2627683,0.0020017623901367188
6517,normal,2383,0,1782358446.2646992,0.0019309520721435547
6518,normal,1182,0,1782358446.2668538,0.0021545886993408203
6519,normal,3666,0,1782358446.2688038,0.0019500255584716797
6520,normal,2702,0,1782358446.2706048,0.0018010139465332031
6521,normal,2042,0,1782358446.2729075,0.0023026466369628906
6522,normal,519,0,1782358446.2752073,0.002299785614013672
6523,normal,3679,0,1782358446.2767522,0.001544952392578125
6524,normal,3043,0,1782358446.2786403,0.0018880367279052734
6525,normal,2934,0,1782358446.2807689,0.00212860107421875
6526,normal,3494,0,1782358446.2826035,0.0018346309661865234
6527,normal,1379,1,1782358446.2847235,0.0021200180053710938
6528,normal,624,0,1782358446.2867475,0.002023935317993164
6529,normal,1568,0,1782358446.2886295,0.0018820762634277344
6530,normal,286,0,1782358446.2907703,0.0021407604217529297
6531,normal,3532,0,1782358446.292819,0.0020487308502197266
6532,normal,2827,0,1782358446.2945938,0.0017747879028320312
6533,normal,535,0,1782358446.296746,0.0021522045135498047
6534,normal,1968,0,1782358446.2987647,0.0020186901092529297
6535,normal,998,2,1782358446.3006442,0.0018794536590576172
6536,normal,98,0,1782358446.3027813,0.0021371841430664062
6537,normal,3503,0,1782358446.3047235,0.0019421577453613281
6538,normal,1701,0,1782358446.3066041,0.001880645751953125
6539,normal,806,2,1782358446.3087351,0.0021309852600097656
6540,normal,2724,0,1782358446.3107243,0.001989126205444336
6541,normal,1647,0,1782358446.3125927,0.0018684864044189453
6542,normal,608,0,1782358446.3147337,0.0021409988403320312
6543,normal,1771,0,1782358446.3167334,0.0019996166229248047
6544,normal,957,2,1782358446.3188012,0.0020678043365478516
6545,normal,3500,0,1782358446.320641,0.0018398761749267578
6546,normal,3059,1,1782358446.3227367,0.0020956993103027344
6547,normal,2075,0,1782358446.3245893,0.0018525123596191406
6548,normal,2938,0,1782358446.3267362,0.0021469593048095703
6549,normal,1069,0,1782358446.3287163,0.0019800662994384766
6550,normal,3224,1,1782358446.330613,0.0018966197967529297
6551,normal,1819,0,1782358446.3327718,0.0021588802337646484
6552,normal,616,0,1782358446.334777,0.002005338668823242
6553,normal,2734,0,1782358446.3366868,0.0019097328186035156
6554,normal,2577,0,1782358446.338799,0.002112150192260742
6555,normal,3412,0,1782358446.3407395,0.0019404888153076172
6556,normal,826,2,1782358446.3426063,0.0018668174743652344
6557,normal,1847,0,1782358446.344732,0.0021257400512695312
6558,normal,833,2,1782358446.34676,0.0020279884338378906
6559,normal,1682,0,1782358446.3486943,0.0019342899322509766
6560,normal,340,0,1782358446.350589,0.0018947124481201172
6561,normal,688,0,1782358446.3525975,0.0020084381103515625
6562,normal,2438,0,1782358446.354569,0.0019714832305908203
6563,normal,983,2,1782358446.356726,0.002156972885131836
6564,normal,673,0,1782358446.358618,0.00189208984375
6565,normal,1091,0,1782358446.3606372,0.002019166946411133
6566,normal,3557,0,1782358446.3627074,0.002070188522338867
6567,normal,436,0,1782358446.3648133,0.0021059513092041016
6568,normal,1451,0,1782358446.3665886,0.0017752647399902344
6569,normal,115,0,1782358446.368646,0.002057313919067383
6570,normal,1559,0,1782358446.3707075,0.002061605453491211
6571,normal,1198,0,1782358446.3727245,0.0020170211791992188
6572,normal,2334,0,1782358446.374589,0.0018644332885742188
6573,normal,3530,0,1782358446.3765695,0.0019805431365966797
6574,normal,2313,0,1782358446.3785794,0.002009868621826172
6575,normal,631,0,1782358446.3805776,0.0019981861114501953
6576,normal,2167,0,1782358446.3826892,0.002111673355102539
6577,normal,1988,0,1782358446.3845801,0.0018908977508544922
6578,normal,3296,1,1782358446.3865752,0.001995086669921875
6579,normal,2356,0,1782358446.3885605,0.001985311508178711
6580,normal,181,0,1782358446.3905787,0.0020182132720947266
6581,normal,3454,0,1782358446.392858,0.0022792816162109375
6582,normal,266,0,1782358446.3947978,0.0019397735595703125
6583,normal,3708,0,1782358446.396609,0.0018112659454345703
6584,normal,3702,0,1782358446.3986065,0.0019974708557128906
6585,normal,2304,0,1782358446.4006054,0.0019989013671875
6586,normal,1420,0,1782358446.4026065,0.002001047134399414
6587,normal,2097,0,1782358446.4046066,0.002000093460083008
6588,normal,2757,0,1782358446.4068003,0.0021936893463134766
6589,normal,582,0,1782358446.4085858,0.0017855167388916016
6590,normal,2699,0,1782358446.4106274,0.0020415782928466797
6591,normal,3486,0,1782358446.4125793,0.0019519329071044922
6592,normal,2835,0,1782358446.4146104,0.002031087875366211
6593,normal,938,2,1782358446.4166143,0.002003908157348633
6594,normal,524,0,1782358446.4185972,0.0019829273223876953
6595,normal,2489,0,1782358446.4207659,0.0021686553955078125
6596,normal,1056,0,1782358446.42268,0.0019140243530273438
6597,normal,2828,0,1782358446.424696,0.0020160675048828125
6598,normal,2159,0,1782358446.4266555,0.001959562301635742
6599,normal,992,2,1782358446.4287102,0.0020546913146972656
6600,normal,1530,0,1782358446.4306483,0.0019381046295166016
6601,normal,3408,0,1782358446.4325957,0.0019474029541015625
6602,normal,2646,0,1782358446.4345946,0.0019989013671875
6603,normal,2266,0,1782358446.4366274,0.002032756805419922
6604,normal,3231,1,1782358446.4386442,0.002016782760620117
6605,normal,2568,0,1782358446.4406419,0.001997709274291992
6606,normal,358,0,1782358446.4426265,0.0019845962524414062
6607,normal,485,0,1782358446.444721,0.0020945072174072266
6608,normal,3611,0,1782358446.4465961,0.001875162124633789
6609,normal,3007,0,1782358446.4486103,0.00201416015625
6610,normal,1042,0,1782358446.4509501,0.0023398399353027344
6611,normal,2371,0,1782358446.4529305,0.001980304718017578
6612,normal,3203,1,1782358446.4546487,0.001718282699584961
6613,normal,298,0,1782358446.4566247,0.00197601318359375
6614,normal,3657,0,1782358446.4586008,0.00197601318359375
6615,normal,3038,0,1782358446.4605927,0.0019919872283935547
6616,normal,2993,0,1782358446.4625843,0.0019915103912353516
6617,normal,1670,0,1782358446.464617,0.002032756805419922
6618,normal,442,0,1782358446.4666345,0.002017498016357422
6619,normal,107,0,1782358446.46971,0.0030755996704101562
6620,normal,2889,0,1782358446.4705982,0.0008881092071533203
6621,normal,1034,0,1782358446.4725947,0.0019965171813964844
6622,normal,3659,0,1782358446.474613,0.0020182132720947266
6623,normal,1818,0,1782358446.476621,0.0020079612731933594
6624,normal,633,0,1782358446.4787195,0.002098560333251953
6625,normal,3258,1,1782358446.480607,0.0018875598907470703
6626,normal,2152,0,1782358446.4826012,0.0019941329956054688
6627,normal,1584,0,1782358446.4845579,0.0019567012786865234
6628,normal,2613,0,1782358446.4868512,0.0022933483123779297
6629,normal,528,0,1782358446.4886146,0.0017633438110351562
6630,normal,2759,0,1782358446.4907267,0.002112150192260742
6631,normal,1716,0,1782358446.4926095,0.001882791519165039
6632,normal,2116,0,1782358446.4947476,0.0021381378173828125
6633,normal,2174,0,1782358446.4966373,0.0018897056579589844
6634,normal,545,0,1782358446.4986334,0.0019960403442382812
6635,normal,1252,0,1782358446.5008254,0.0021920204162597656
6636,normal,2498,0,1782358446.5026252,0.0017998218536376953
6637,normal,709,0,1782358446.5047472,0.0021219253540039062
6638,normal,3453,0,1782358446.5066097,0.0018625259399414062
6639,normal,2126,0,1782358446.5086255,0.002015829086303711
6640,normal,2202,0,1782358446.510771,0.002145528793334961
6641,normal,2709,0,1782358446.512644,0.001873016357421875
6642,normal,1553,0,1782358446.514757,0.002112865447998047
6643,normal,965,2,1782358446.5166922,0.0019352436065673828
6644,normal,3692,0,1782358446.5187523,0.0020601749420166016
6645,normal,362,0,1782358446.5207298,0.0019774436950683594
6646,normal,1169,0,1782358446.5226214,0.0018916130065917969
6647,normal,1851,0,1782358446.5247746,0.002153158187866211
6648,normal,1394,0,1782358446.5266986,0.0019240379333496094
6649,normal,1735,0,1782358446.528585,0.0018863677978515625
6650,normal,3470,0,1782358446.5307064,0.002121448516845703
6651,normal,1948,0,1782358446.532636,0.0019295215606689453
6652,normal,1676,0,1782358446.5347326,0.0020966529846191406
6653,normal,403,0,1782358446.5366058,0.0018732547760009766
6654,normal,3495,0,1782358446.5386534,0.0020475387573242188
6655,normal,3410,0,1782358446.54064,0.0019867420196533203
6656,normal,3079,1,1782358446.5428512,0.0022110939025878906
6657,normal,2214,0,1782358446.544627,0.0017757415771484375
6658,normal,2672,0,1782358446.546601,0.0019741058349609375
6659,normal,785,2,1782358446.5487435,0.0021424293518066406
6660,normal,2599,0,1782358446.550639,0.0018954277038574219
6661,normal,650,0,1782358446.5525725,0.0019335746765136719
6662,normal,2033,0,1782358446.5546355,0.0020630359649658203
6663,normal,3179,1,1782358446.556711,0.0020754337310791016
6664,normal,19,0,1782358446.558587,0.0018761157989501953
6665,normal,1349,1,1782358446.5606914,0.0021042823791503906
6666,normal,2407,0,1782358446.5625756,0.0018842220306396484
6667,normal,2418,0,1782358446.5646415,0.002065896987915039
6668,normal,394,0,1782358446.5666726,0.002031087875366211
6669,normal,13,0,1782358446.5685983,0.0019257068634033203
6670,normal,2668,0,1782358446.5710416,0.0024433135986328125
6671,normal,1058,0,1782358446.572763,0.0017213821411132812
6672,normal,93,0,1782358446.5746176,0.0018546581268310547
6673,normal,1597,0,1782358446.5765831,0.0019655227661132812
6674,normal,2809,0,1782358446.5786521,0.0020689964294433594
6675,normal,324,0,1782358446.5805938,0.001941680908203125
6676,normal,432,0,1782358446.582713,0.0021190643310546875
6677,normal,2905,0,1782358446.5846226,0.0019097328186035156
6678,normal,653,0,1782358446.5865636,0.0019409656524658203
6679,normal,1696,0,1782358446.5886452,0.002081632614135742
6680,normal,225,0,1782358446.5906913,0.0020461082458496094
6681,normal,978,2,1782358446.592628,0.0019366741180419922
6682,normal,2317,0,1782358446.5947738,0.0021457672119140625
6683,normal,1621,0,1782358446.5967216,0.0019478797912597656
6684,normal,424,0,1782358446.5986342,0.0019125938415527344
6685,normal,628,0,1782358446.6006927,0.0020585060119628906
6686,normal,63,0,1782358446.6027677,0.0020749568939208984
6687,normal,2640,0,1782358446.604709,0.0019412040710449219
6688,normal,15,0,1782358446.606655,0.0019459724426269531
6689,normal,2302,0,1782358446.6087162,0.0020613670349121094
6690,normal,1507,0,1782358446.610705,0.001988649368286133
6691,normal,1487,0,1782358446.612655,0.0019500255584716797
6692,normal,646,0,1782358446.6147344,0.002079486846923828
6693,normal,1000,2,1782358446.6165862,0.001851797103881836
6694,normal,1730,0,1782358446.6186326,0.002046346664428711
6695,normal,844,2,1782358446.6207829,0.002150297164916992
6696,normal,3288,1,1782358446.6226325,0.0018496513366699219
6697,normal,241,0,1782358446.6247334,0.0021009445190429688
6698,normal,3604,0,1782358446.6268291,0.0020956993103027344
6699,normal,3400,1,1782358446.62869,0.0018608570098876953
6700,normal,1668,0,1782358446.6305764,0.0018863677978515625
6701,normal,234,0,1782358446.6329691,0.0023927688598632812
6702,normal,2590,0,1782358446.6348145,0.0018453598022460938
6703,normal,3474,0,1782358446.6366282,0.001813650131225586
6704,normal,127,0,1782358446.6386974,0.002069234848022461
6705,normal,2761,0,1782358446.6406302,0.0019328594207763672
6706,normal,1618,0,1782358446.6426528,0.0020225048065185547
6707,normal,1765,0,1782358446.6445866,0.0019338130950927734
6708,normal,2901,0,1782358446.6465843,0.001997709274291992
6709,normal,887,2,1782358446.6486917,0.002107381820678711
6710,normal,3377,1,1782358446.650623,0.0019314289093017578
6711,normal,2704,0,1782358446.6526482,0.002025127410888672
6712,normal,3452,0,1782358446.654567,0.001918792724609375
6713,normal,3070,1,1782358446.6566832,0.0021162033081054688
6714,normal,3393,1,1782358446.6586187,0.0019354820251464844
6715,normal,2488,0,1782358446.6607199,0.0021011829376220703
6716,normal,1667,0,1782358446.6625993,0.0018794536590576172
6717,normal,2309,0,1782358446.6645877,0.0019884109497070312
6718,normal,135,0,1782358446.6666474,0.0020596981048583984
6719,normal,557,0,1782358446.6685953,0.0019478797912597656
6720,normal,1784,0,1782358446.6705925,0.001997232437133789
6721,normal,1199,0,1782358446.6726587,0.0020661354064941406
6722,normal,1147,0,1782358446.6746027,0.0019440650939941406
6723,normal,3553,0,1782358446.6766114,0.002008676528930664
6724,normal,746,0,1782358446.67871,0.002098560333251953
6725,normal,1073,0,1782358446.680585,0.0018749237060546875
6726,normal,1763,0,1782358446.6825774,0.001992464065551758
6727,normal,1352,1,1782358446.6846523,0.0020749568939208984
6728,normal,2279,0,1782358446.6865795,0.0019271373748779297
6729,normal,2103,0,1782358446.6885712,0.001991748809814453
6730,normal,2108,0,1782358446.690692,0.0021207332611083984
6731,normal,570,0,1782358446.6926181,0.0019261837005615234
6732,normal,2141,0,1782358446.6946204,0.002002239227294922
6733,normal,3481,0,1782358446.6967268,0.0021064281463623047
6734,normal,690,0,1782358446.698615,0.001888275146484375
6735,normal,1392,0,1782358446.7005906,0.001975536346435547
6736,normal,1473,0,1782358446.7026484,0.002057790756225586
6737,normal,1575,0,1782358446.7045932,0.0019447803497314453
6738,normal,642,0,1782358446.7066066,0.0020134449005126953
6739,normal,2767,0,1782358446.7086494,0.0020427703857421875
6740,normal,236,0,1782358446.7105813,0.001931905746459961
6741,normal,134,0,1782358446.7125857,0.002004384994506836
6742,normal,2358,0,1782358446.7148147,0.002228975296020508
6743,normal,2149,0,1782358446.7166088,0.0017940998077392578
6744,normal,722,0,1782358446.718629,0.002020120620727539
6745,normal,310,0,1782358446.720731,0.0021021366119384766
6746,normal,2225,0,1782358446.7226067,0.0018756389617919922
6747,normal,2636,0,1782358446.7246914,0.0020847320556640625
6748,normal,240,0,1782358446.7266057,0.0019142627716064453
6749,normal,1803,0,1782358446.7287028,0.0020971298217773438
6750,normal,1578,0,1782358446.7307827,0.0020799636840820312
6751,normal,3310,1,1782358446.732568,0.0017852783203125
6752,normal,3134,1,1782358446.7346375,0.0020694732666015625
6753,normal,2959,0,1782358446.7366188,0.0019812583923339844
6754,normal,2282,0,1782358446.7386405,0.00202178955078125
6755,normal,3458,0,1782358446.7407014,0.0020608901977539062
6756,normal,993,2,1782358446.7425663,0.0018649101257324219
6757,normal,1807,0,1782358446.744748,0.0021817684173583984
6758,normal,2817,0,1782358446.7466447,0.0018966197967529297
6759,normal,2966,0,1782358446.7485735,0.0019288063049316406
6760,normal,1919,0,1782358446.7508898,0.0023162364959716797
6761,normal,2066,0,1782358446.7529154,0.002025604248046875
6762,normal,3187,1,1782358446.7547603,0.0018448829650878906
6763,normal,3485,0,1782358446.7566073,0.0018470287322998047
6764,normal,1517,0,1782358446.7587347,0.002127408981323242
6765,normal,364,0,1782358446.7606928,0.001958131790161133
6766,normal,1742,0,1782358446.7626162,0.0019233226776123047
6767,normal,1683,0,1782358446.764931,0.0023148059844970703
6768,normal,1112,0,1782358446.7667193,0.0017883777618408203
6769,normal,962,2,1782358446.7686093,0.001889944076538086
6770,normal,2968,0,1782358446.7707407,0.0021314620971679688
6771,normal,245,0,1782358446.7727456,0.002004861831665039
6772,normal,3375,1,1782358446.7746117,0.0018661022186279297
6773,normal,3319,1,1782358446.776806,0.0021944046020507812
6774,normal,964,2,1782358446.778871,0.002064943313598633
6775,normal,2173,0,1782358446.7807093,0.0018382072448730469
6776,normal,248,0,1782358446.782801,0.002091646194458008
6777,normal,2735,0,1782358446.7847755,0.0019745826721191406
6778,normal,1393,0,1782358446.7866957,0.0019202232360839844
6779,normal,660,0,1782358446.788742,0.002046346664428711
6780,normal,1817,0,1782358446.7906322,0.0018901824951171875
6781,normal,3363,1,1782358446.7927382,0.0021059513092041016
6782,normal,2961,0,1782358446.794633,0.0018947124481201172
6783,normal,154,0,1782358446.796732,0.0020990371704101562
6784,normal,1639,0,1782358446.7986753,0.001943349838256836
6785,normal,2434,0,1782358446.8007934,0.0021181106567382812
6786,normal,1844,0,1782358446.802811,0.002017498016357422
6787,normal,2631,0,1782358446.8046045,0.0017936229705810547
6788,normal,1053,0,1782358446.8066936,0.0020890235900878906
6789,normal,742,0,1782358446.808707,0.0020134449005126953
6790,normal,3253,1,1782358446.81064,0.0019330978393554688
6791,normal,1995,0,1782358446.8126204,0.001980304718017578
6792,normal,1629,0,1782358446.8145857,0.0019652843475341797
6793,normal,2009,0,1782358446.8165932,0.0020074844360351562
6794,normal,1769,0,1782358446.8185904,0.001997232437133789
6795,normal,2264,0,1782358446.820601,0.0020105838775634766
6796,normal,780,2,1782358446.8226037,0.002002716064453125
6797,normal,3479,0,1782358446.8247519,0.002148151397705078
6798,normal,1535,0,1782358446.8266199,0.0018680095672607422
6799,normal,3171,1,1782358446.8286939,0.002074003219604492
6800,normal,216,0,1782358446.8305643,0.0018703937530517578
6801,normal,2060,0,1782358446.8325834,0.002019166946411133
6802,normal,2005,0,1782358446.8346176,0.0020341873168945312
6803,normal,2476,0,1782358446.8366506,0.0020329952239990234
6804,normal,304,0,1782358446.8385608,0.0019102096557617188
6805,normal,322,0,1782358446.8406153,0.002054452896118164
6806,normal,1422,0,1782358446.842606,0.001990795135498047
6807,normal,2675,0,1782358446.8445773,0.0019712448120117188
6808,normal,338,0,1782358446.8466098,0.0020325183868408203
6809,normal,2710,0,1782358446.8487768,0.0021669864654541016
6810,normal,255,0,1782358446.8506913,0.0019145011901855469
6811,normal,896,2,1782358446.8526475,0.0019562244415283203
6812,normal,573,0,1782358446.8547678,0.0021202564239501953
6813,normal,1079,0,1782358446.8566353,0.001867532730102539
6814,normal,2925,0,1782358446.8586068,0.0019714832305908203
6815,normal,1687,0,1782358446.8607454,0.0021386146545410156
6816,normal,539,0,1782358446.8626497,0.0019042491912841797
6817,normal,355,0,1782358446.864609,0.0019593238830566406
6818,normal,348,0,1782358446.866777,0.002167940139770508
6819,normal,1908,0,1782358446.8687131,0.001936197280883789
6820,normal,2859,0,1782358446.8706832,0.001970052719116211
6821,normal,2888,0,1782358446.8727736,0.0020904541015625
6822,normal,1478,0,1782358446.8746598,0.001886129379272461
6823,normal,954,2,1782358446.8766146,0.001954793930053711
6824,normal,3267,1,1782358446.8787482,0.002133607864379883
6825,normal,2941,0,1782358446.8806589,0.0019106864929199219
6826,normal,477,0,1782358446.8826013,0.0019423961639404297
6827,normal,186,0,1782358446.884741,0.0021398067474365234
6828,normal,3619,0,1782358446.886703,0.001961946487426758
6829,normal,1205,0,1782358446.8886843,0.0019812583923339844
6830,normal,145,0,1782358446.890594,0.0019097328186035156
6831,normal,3275,1,1782358446.8925765,0.001982450485229492
6832,normal,1070,0,1782358446.8945796,0.002003192901611328
6833,normal,540,0,1782358446.8966248,0.002045154571533203
6834,normal,3078,1,1782358446.898744,0.002119302749633789
6835,normal,566,0,1782358446.900546,0.0018019676208496094
6836,normal,2603,0,1782358446.9027796,0.0022335052490234375
6837,normal,2329,0,1782358446.904654,0.0018744468688964844
6838,normal,1827,0,1782358446.9065812,0.0019271373748779297
6839,normal,3582,0,1782358446.908749,0.002167940139770508
6840,normal,3320,1,1782358446.9105837,0.0018346309661865234
6841,normal,1600,0,1782358446.9127295,0.0021457672119140625
6842,normal,2254,0,1782358446.9146023,0.0018727779388427734
6843,normal,3597,0,1782358446.9167671,0.0021648406982421875
6844,normal,679,0,1782358446.918589,0.0018219947814941406
6845,normal,1662,0,1782358446.920733,0.00214385986328125
6846,normal,521,0,1782358446.922723,0.001990079879760742
6847,normal,1085,0,1782358446.9245453,0.0018222332000732422
6848,normal,2847,0,1782358446.9271913,0.0026459693908691406
6849,normal,796,2,1782358446.9288354,0.001644134521484375
6850,normal,200,0,1782358446.9306486,0.0018131732940673828
6851,normal,3227,1,1782358446.9327404,0.0020918846130371094
6852,normal,3707,0,1782358446.934631,0.0018906593322753906
6853,normal,1157,0,1782358446.9366112,0.0019800662994384766
6854,normal,1729,0,1782358446.9387887,0.0021774768829345703
6855,normal,671,0,1782358446.9408283,0.002039670944213867
6856,normal,397,0,1782358446.9425972,0.0017688274383544922
6857,normal,2410,0,1782358446.9447358,0.0021386146545410156
6858,normal,3101,1,1782358446.946781,0.002045154571533203
6859,normal,2514,0,1782358446.948621,0.0018401145935058594
6860,normal,1004,2,1782358446.9507642,0.0021431446075439453
6861,normal,165,0,1782358446.9527144,0.0019502639770507812
6862,normal,2852,0,1782358446.954633,0.0019185543060302734
6863,normal,1650,0,1782358446.9567437,0.002110719680786133
6864,normal,3245,1,1782358446.9586174,0.0018737316131591797
6865,normal,3640,0,1782358446.960864,0.0022466182708740234
6866,normal,3370,1,1782358446.9626117,0.0017476081848144531
6867,normal,344,0,1782358446.9647794,0.0021677017211914062
6868,normal,389,0,1782358446.9666557,0.0018763542175292969
6869,normal,3540,0,1782358446.968811,0.002155303955078125
6870,normal,1766,0,1782358446.9707842,0.0019731521606445312
6871,normal,246,0,1782358446.9725926,0.0018084049224853516
6872,normal,3369,1,1782358446.974735,0.0021424293518066406
6873,normal,870,2,1782358446.9767227,0.0019876956939697266
6874,normal,1497,0,1782358446.978643,0.0019202232360839844
6875,normal,984,2,1782358446.9808123,0.002169370651245117
6876,normal,697,0,1782358446.9827669,0.0019545555114746094
6877,normal,611,0,1782358446.984735,0.0019681453704833984
6878,normal,1829,0,1782358446.986613,0.0018780231475830078
6879,normal,2416,0,1782358446.9887307,0.002117633819580078
6880,normal,2851,0,1782358446.991034,0.0023033618927001953
6881,normal,2244,0,1782358446.9927275,0.0016934871673583984
6882,normal,3197,1,1782358446.9947069,0.001979351043701172
6883,normal,2523,0,1782358446.996615,0.0019080638885498047
6884,normal,2799,0,1782358446.9987392,0.002124309539794922
6885,normal,2206,0,1782358447.0007112,0.0019719600677490234
6886,normal,2861,0,1782358447.0026016,0.001890420913696289
6887,normal,2423,0,1782358447.004763,0.002161264419555664
6888,normal,1911,0,1782358447.0067413,0.0019783973693847656
6889,normal,3103,1,1782358447.0086534,0.0019121170043945312
6890,normal,2079,0,1782358447.010732,0.002078533172607422
6891,normal,1448,0,1782358447.0127122,0.001980304718017578
6892,normal,3391,1,1782358447.0146203,0.0019080638885498047
6893,normal,561,0,1782358447.0167723,0.002151966094970703
6894,normal,2448,0,1782358447.0187435,0.0019712448120117188
6895,normal,905,2,1782358447.020593,0.0018494129180908203
6896,normal,2469,0,1782358447.0227382,0.0021452903747558594
6897,normal,1512,0,1782358447.0247264,0.0019881725311279297
6898,normal,3558,0,1782358447.0266118,0.0018854141235351562
6899,normal,83,0,1782358447.0287442,0.002132415771484375
6900,normal,1892,0,1782358447.0306566,0.0019123554229736328
6901,normal,159,0,1782358447.0326116,0.0019550323486328125
6902,normal,3478,0,1782358447.034866,0.002254486083984375
6903,normal,2373,0,1782358447.036687,0.0018208026885986328
6904,normal,185,0,1782358447.038591,0.0019040107727050781
6905,normal,468,0,1782358447.040741,0.0021500587463378906
6906,normal,2403,0,1782358447.042715,0.0019741058349609375
6907,normal,689,0,1782358447.044609,0.0018939971923828125
6908,normal,1123,0,1782358447.0467403,0.002131223678588867
6909,normal,921,2,1782358447.0486948,0.0019545555114746094
6910,normal,2125,0,1782358447.0507176,0.0020227432250976562
6911,normal,816,2,1782358447.0527966,0.002079010009765625
6912,normal,3091,1,1782358447.0547435,0.0019469261169433594
6913,normal,705,0,1782358447.05661,0.0018665790557861328
6914,normal,369,0,1782358447.0587428,0.0021326541900634766
6915,normal,1217,0,1782358447.0607424,0.0019996166229248047
6916,normal,2671,0,1782358447.062622,0.0018796920776367188
6917,normal,668,0,1782358447.064736,0.002113819122314453
6918,normal,3403,0,1782358447.066704,0.0019681453704833984
6919,normal,2195,0,1782358447.0697584,0.003054380416870117
6920,normal,1248,0,1782358447.0705855,0.0008270740509033203
6921,normal,1086,0,1782358447.0727203,0.0021347999572753906
6922,normal,1920,0,1782358447.0745816,0.0018613338470458984
6923,normal,3658,0,1782358447.0767887,0.002207040786743164
6924,normal,2858,0,1782358447.0787442,0.0019555091857910156
6925,normal,71,0,1782358447.0806494,0.001905202865600586
6926,normal,1798,0,1782358447.0827904,0.0021409988403320312
6927,normal,2062,0,1782358447.0845451,0.0017547607421875
6928,normal,3041,0,1782358447.0868394,0.002294301986694336
6929,normal,2722,0,1782358447.088739,0.0018994808197021484
6930,normal,1891,0,1782358447.0906503,0.0019114017486572266
6931,normal,1353,1,1782358447.0925899,0.001939535140991211
6932,normal,1706,0,1782358447.094724,0.002134084701538086
6933,normal,3430,0,1782358447.0965993,0.0018754005432128906
6934,normal,3200,1,1782358447.0988178,0.002218484878540039
6935,normal,1271,0,1782358447.1005948,0.0017769336700439453
6936,normal,260,0,1782358447.1027288,0.002134084701538086
6937,normal,1043,0,1782358447.1045942,0.001865386962890625
6938,normal,2046,0,1782358447.106771,0.0021767616271972656
6939,normal,2874,0,1782358447.1088183,0.002047300338745117
6940,normal,2022,0,1782358447.1110785,0.0022602081298828125
6941,normal,2161,0,1782358447.112686,0.0016074180603027344
6942,normal,2372,0,1782358447.114637,0.001950979232788086
6943,normal,1813,0,1782358447.116707,0.002070188522338867
6944,normal,1480,0,1782358447.118788,0.0020809173583984375
6945,normal,3280,1,1782358447.1206841,0.0018961429595947266
6946,normal,2405,0,1782358447.1229088,0.0022246837615966797
6947,normal,1789,0,1782358447.124646,0.0017371177673339844
6948,normal,3542,0,1782358447.126737,0.0020911693572998047
6949,normal,3653,0,1782358447.1286201,0.0018830299377441406
6950,normal,1581,0,1782358447.1308727,0.0022525787353515625
6951,normal,1045,0,1782358447.1328745,0.0020017623901367188
6952,normal,1351,1,1782358447.135126,0.0022516250610351562
6953,normal,207,0,1782358447.1367962,0.0016701221466064453
6954,normal,2999,0,1782358447.1388302,0.0020339488983154297
6955,normal,3302,1,1782358447.1407318,0.0019016265869140625
6956,normal,867,2,1782358447.142634,0.0019021034240722656
6957,normal,940,2,1782358447.1449401,0.002306222915649414
6958,normal,1450,0,1782358447.1467023,0.0017621517181396484
6959,normal,3631,0,1782358447.1488254,0.002123117446899414
6960,normal,3556,0,1782358447.1507835,0.001958131790161133
6961,normal,805,2,1782358447.1526487,0.0018651485443115234
6962,normal,2483,0,1782358447.1548014,0.002152681350708008
6963,normal,1230,0,1782358447.1568687,0.0020673274993896484
6964,normal,3572,0,1782358447.159043,0.00217437744140625
6965,normal,548,0,1782358447.1611593,0.0021162033081054688
6966,normal,827,2,1782358447.1627269,0.0015676021575927734
6967,normal,2567,0,1782358447.1647503,0.002023458480834961
6968,normal,3181,1,1782358447.1670039,0.0022535324096679688
6969,normal,1228,0,1782358447.1686904,0.0016865730285644531
6970,normal,131,0,1782358447.1705797,0.0018892288208007812
6971,normal,2286,0,1782358447.1728108,0.002231121063232422
6972,normal,935,2,1782358447.1748421,0.0020313262939453125
6973,normal,967,2,1782358447.1767435,0.001901388168334961
6974,normal,1094,0,1782358447.1786716,0.001928091049194336
6975,normal,3580,0,1782358447.1806448,0.0019731521606445312
6976,normal,1142,0,1782358447.182621,0.0019762516021728516
6977,normal,2030,0,1782358447.1846366,0.0020155906677246094
6978,normal,2490,0,1782358447.1867244,0.002087831497192383
6979,normal,1838,0,1782358447.1886866,0.0019621849060058594
6980,normal,838,2,1782358447.1907418,0.0020551681518554688
6981,normal,1846,0,1782358447.1928747,0.002132892608642578
6982,normal,2848,0,1782358447.1946995,0.0018248558044433594
6983,normal,3444,0,1782358447.1966329,0.0019333362579345703
6984,normal,3415,0,1782358447.1987767,0.00214385986328125
6985,normal,160,0,1782358447.2007043,0.0019276142120361328
6986,normal,2191,0,1782358447.2027516,0.002047300338745117
6987,normal,3015,0,1782358447.204606,0.0018544197082519531
6988,normal,809,2,1782358447.206653,0.0020470619201660156
6989,normal,1686,0,1782358447.208596,0.0019428730010986328
6990,normal,3294,1,1782358447.2107298,0.0021338462829589844
6991,normal,2406,0,1782358447.2126098,0.0018799304962158203
6992,normal,522,0,1782358447.2147202,0.0021104812622070312
6993,normal,2419,0,1782358447.2166882,0.001967906951904297
6994,normal,1527,0,1782358447.2186222,0.001934051513671875
6995,normal,901,2,1782358447.2208767,0.002254486083984375
6996,normal,971,2,1782358447.2228234,0.0019466876983642578
6997,normal,1429,0,1782358447.2248092,0.001985788345336914
6998,normal,23,0,1782358447.2266545,0.0018453598022460938
6999,normal,1580,0,1782358447.2290392,0.002384662628173828
7000,normal,3293,1,1782358447.231076,0.0020368099212646484
7001,normal,2689,0,1782358447.2334466,0.002370595932006836
7002,normal,3671,0,1782358447.2346113,0.0011646747589111328
7003,normal,295,0,1782358447.2367833,0.0021719932556152344
7004,normal,1970,0,1782358447.238706,0.0019228458404541016
7005,normal,2039,0,1782358447.24097,0.002263784408569336
7006,normal,3242,1,1782358447.2427099,0.0017399787902832031
7007,normal,3537,0,1782358447.2447612,0.0020513534545898438
7008,normal,2370,0,1782358447.2469292,0.002167940139770508
7009,normal,2998,0,1782358447.2487874,0.0018582344055175781
7010,normal,379,0,1782358447.2508056,0.0020182132720947266
7011,normal,1810,0,1782358447.2528071,0.002001523971557617
7012,normal,2121,0,1782358447.2547631,0.0019559860229492188
7013,normal,1644,0,1782358447.2566977,0.0019345283508300781
7014,normal,2784,0,1782358447.2589037,0.002206087112426758
7015,normal,2921,0,1782358447.2607372,0.0018334388732910156
7016,normal,1236,0,1782358447.2627506,0.0020134449005126953
7017,normal,567,0,1782358447.2648206,0.0020699501037597656
7018,normal,2684,0,1782358447.2670748,0.0022542476654052734
7019,normal,3543,0,1782358447.2688348,0.0017600059509277344
7020,normal,1370,1,1782358447.270731,0.0018961429595947266
7021,normal,2168,0,1782358447.2727225,0.0019915103912353516
7022,normal,1541,0,1782358447.2748442,0.0021216869354248047
7023,normal,1537,0,1782358447.2767966,0.0019524097442626953
7024,normal,3401,1,1782358447.2786806,0.0018839836120605469
7025,normal,846,2,1782358447.2806299,0.001949310302734375
7026,normal,2678,0,1782358447.2827225,0.002092599868774414
7027,normal,716,0,1782358447.284686,0.0019636154174804688
7028,normal,1502,0,1782358447.2866266,0.0019404888153076172
7029,normal,3577,0,1782358447.2887306,0.002104043960571289
7030,normal,1558,0,1782358447.2905893,0.0018587112426757812
7031,normal,1364,1,1782358447.2926,0.0020105838775634766
7032,normal,3286,1,1782358447.2946084,0.0020084381103515625
7033,normal,452,0,1782358447.2967415,0.0021331310272216797
7034,normal,2209,0,1782358447.2988095,0.002068042755126953
7035,normal,2482,0,1782358447.3007798,0.0019702911376953125
7036,normal,1731,0,1782358447.3026376,0.001857757568359375
7037,normal,2231,0,1782358447.3048213,0.002183675765991211
7038,normal,247,0,1782358447.3068614,0.0020401477813720703
7039,normal,1159,0,1782358447.3093143,0.002452850341796875
7040,normal,1464,0,1782358447.3113706,0.0020563602447509766
7041,normal,2725,0,1782358447.3130088,0.001638174057006836
7042,normal,3382,1,1782358447.314798,0.0017893314361572266
7043,normal,182,0,1782358447.3167462,0.0019481182098388672
7044,normal,3599,0,1782358447.318704,0.0019576549530029297
7045,normal,591,0,1782358447.3206081,0.0019042491912841797
7046,normal,180,0,1782358447.3227108,0.0021026134490966797
7047,normal,1284,0,1782358447.3249328,0.0022220611572265625
7048,normal,1509,0,1782358447.3266923,0.0017595291137695312
7049,normal,3378,1,1782358447.32858,0.0018875598907470703
7050,normal,2466,0,1782358447.3306923,0.0021123886108398438
7051,normal,81,0,1782358447.3328786,0.002186298370361328
7052,normal,391,0,1782358447.3346357,0.0017571449279785156
7053,normal,2131,0,1782358447.3369963,0.0023605823516845703
7054,normal,402,0,1782358447.3386981,0.0017018318176269531
7055,normal,2114,0,1782358447.340933,0.002234935760498047
7056,normal,3325,1,1782358447.3430018,0.002068758010864258
7057,normal,513,0,1782358447.3448606,0.0018587112426757812
7058,normal,677,0,1782358447.3469672,0.0021066665649414062
7059,normal,2592,0,1782358447.3491497,0.002182483673095703
7060,normal,1754,0,1782358447.3507879,0.001638174057006836
7061,normal,2604,0,1782358447.3527672,0.001979351043701172
7062,normal,1898,0,1782358447.3550787,0.0023114681243896484
7063,normal,1357,1,1782358447.3570416,0.001962900161743164
7064,normal,1378,1,1782358447.3587968,0.0017552375793457031
7065,normal,1653,0,1782358447.3609512,0.0021543502807617188
7066,normal,3135,1,1782358447.3627856,0.0018343925476074219
7067,normal,3004,0,1782358447.3646245,0.0018389225006103516
7068,normal,686,0,1782358447.3666928,0.0020682811737060547
7069,normal,1848,0,1782358447.3688238,0.0021309852600097656
7070,normal,2750,0,1782358447.3706832,0.001859426498413086
7071,normal,3216,1,1782358447.3727005,0.0020172595977783203
7072,normal,2818,0,1782358447.374656,0.0019555091857910156
7073,normal,1059,0,1782358447.37672,0.0020639896392822266
7074,normal,3520,0,1782358447.3787527,0.002032756805419922
7075,normal,2962,0,1782358447.3806798,0.0019271373748779297
7076,normal,3706,0,1782358447.3831236,0.0024437904357910156
7077,normal,162,0,1782358447.3848572,0.001733541488647461
7078,normal,1982,0,1782358447.3868604,0.002003192901611328
7079,normal,148,0,1782358447.3889663,0.0021059513092041016
7080,normal,3052,1,1782358447.3908396,0.0018732547760009766
7081,normal,1276,0,1782358447.3926587,0.0018191337585449219
7082,normal,655,0,1782358447.394835,0.0021762847900390625
7083,normal,1552,0,1782358447.3967984,0.001963376998901367
7084,normal,863,2,1782358447.3988504,0.0020520687103271484
7085,normal,3106,1,1782358447.4008627,0.0020122528076171875
7086,normal,496,0,1782358447.4028978,0.0020351409912109375
7087,normal,751,0,1782358447.4047475,0.0018496513366699219
7088,normal,2783,0,1782358447.4067392,0.001991748809814453
7089,normal,2397,0,1782358447.408889,0.002149820327758789
7090,normal,2600,0,1782358447.410646,0.001756906509399414
7091,normal,26,0,1782358447.4128554,0.0022094249725341797
7092,normal,2113,0,1782358447.4148264,0.001971006393432617
7093,normal,2442,0,1782358447.4167886,0.0019621849060058594
7094,normal,1605,0,1782358447.4187548,0.001966238021850586
7095,normal,54,0,1782358447.420815,0.0020601749420166016
7096,normal,3166,1,1782358447.4226916,0.0018765926361083984
7097,normal,1280,0,1782358447.4251735,0.0024819374084472656
7098,normal,3285,1,1782358447.4267817,0.001608133316040039
7099,normal,3095,1,1782358447.4288564,0.002074718475341797
7100,normal,2639,0,1782358447.4308517,0.0019953250885009766
7101,normal,1099,0,1782358447.4329665,0.0021147727966308594
7102,normal,1680,0,1782358447.434771,0.0018045902252197266
7103,normal,3435,0,1782358447.4366531,0.0018820762634277344
7104,normal,3654,0,1782358447.4389348,0.002281665802001953
7105,normal,334,0,1782358447.4407556,0.0018208026885986328
7106,normal,825,2,1782358447.442788,0.0020322799682617188
7107,normal,289,0,1782358447.4449306,0.002142667770385742
7108,normal,3027,0,1782358447.4468124,0.0018818378448486328
7109,normal,3045,1,1782358447.4488206,0.002008199691772461
7110,normal,733,0,1782358447.4509447,0.0021240711212158203
7111,normal,1375,1,1782358447.452642,0.0016973018646240234
7112,normal,2433,0,1782358447.4548686,0.002226591110229492
7113,normal,2886,0,1782358447.457195,0.002326488494873047
7114,normal,2063,0,1782358447.4594061,0.0022110939025878906
7115,normal,514,0,1782358447.4607992,0.0013930797576904297
7116,normal,461,0,1782358447.4630916,0.0022923946380615234
7117,normal,3615,0,1782358447.4647484,0.0016567707061767578
7118,normal,2620,0,1782358447.4667432,0.0019948482513427734
7119,normal,3358,1,1782358447.4689267,0.0021834373474121094
7120,normal,3511,0,1782358447.4707963,0.0018696784973144531
7121,normal,1170,0,1782358447.4731472,0.0023508071899414062
7122,normal,2477,0,1782358447.4747465,0.0015993118286132812
7123,normal,335,0,1782358447.4765928,0.0018463134765625
7124,normal,2730,0,1782358447.4786067,0.0020139217376708984
7125,normal,1992,0,1782358447.4805954,0.001988649368286133
7126,normal,372,0,1782358447.4826498,0.002054452896118164
7127,normal,1779,0,1782358447.4847116,0.0020618438720703125
7128,normal,977,2,1782358447.48672,0.0020084381103515625
7129,normal,484,0,1782358447.488636,0.0019159317016601562
7130,normal,1875,0,1782358447.4909408,0.0023047924041748047
7131,normal,568,0,1782358447.4929519,0.0020110607147216797
7132,normal,1044,0,1782358447.4948468,0.0018949508666992188
7133,normal,61,0,1782358447.4969678,0.0021209716796875
7134,normal,507,0,1782358447.4988613,0.0018935203552246094
7135,normal,815,2,1782358447.5008376,0.0019762516021728516
7136,normal,3565,0,1782358447.502875,0.002037525177001953
7137,normal,202,0,1782358447.5047483,0.0018732547760009766
7138,normal,1245,0,1782358447.5066226,0.0018742084503173828
7139,normal,2840,0,1782358447.5087912,0.0021686553955078125
7140,normal,3646,0,1782358447.510761,0.0019698143005371094
7141,normal,489,0,1782358447.5126479,0.0018868446350097656
7142,normal,2866,0,1782358447.5150208,0.0023729801177978516
7143,normal,1854,0,1782358447.5167286,0.0017077922821044922
7144,normal,194,0,1782358447.5187318,0.002003192901611328
7145,normal,2644,0,1782358447.520717,0.0019850730895996094
7146,normal,1776,0,1782358447.5227814,0.0020644664764404297
7147,normal,90,0,1782358447.5246482,0.0018668174743652344
7148,normal,76,0,1782358447.527251,0.002602815628051758
7149,normal,2479,0,1782358447.5291965,0.00194549560546875
7150,normal,818,2,1782358447.5308506,0.0016541481018066406
7151,normal,2942,0,1782358447.5326254,0.0017747879028320312
7152,normal,2124,0,1782358447.5347924,0.0021669864654541016
7153,normal,2212,0,1782358447.5366318,0.0018393993377685547
7154,normal,2711,0,1782358447.538799,0.002167224884033203
7155,normal,1728,0,1782358447.5409367,0.0021376609802246094
7156,normal,1777,0,1782358447.5431008,0.002164125442504883
7157,normal,45,0,1782358447.5448744,0.0017735958099365234
7158,normal,2610,0,1782358447.5468242,0.0019497871398925781
7159,normal,2693,0,1782358447.5487678,0.0019435882568359375
7160,normal,1718,0,1782358447.5508125,0.002044677734375
7161,normal,140,0,1782358447.5531034,0.002290964126586914
7162,normal,2806,0,1782358447.5547192,0.001615762710571289
7163,normal,3053,1,1782358447.5568779,0.002158641815185547
7164,normal,1513,0,1782358447.5593534,0.0024755001068115234
7165,normal,578,0,1782358447.561158,0.0018045902252197266
7166,normal,652,0,1782358447.562757,0.0015990734100341797
7167,normal,2138,0,1782358447.564904,0.0021469593048095703
7168,normal,1311,0,1782358447.5668159,0.0019118785858154297
7169,normal,3677,0,1782358447.568805,0.001989126205444336
7170,normal,681,0,1782358447.570889,0.002084016799926758
7171,normal,876,2,1782358447.5727844,0.0018954277038574219
7172,normal,920,2,1782358447.5746248,0.001840353012084961
7173,normal,2156,0,1782358447.5767093,0.002084493637084961
7174,normal,129,0,1782358447.5786228,0.0019135475158691406
7175,normal,810,2,1782358447.5807495,0.0021266937255859375
7176,normal,2084,0,1782358447.5827622,0.0020127296447753906
7177,normal,1007,2,1782358447.5847065,0.0019443035125732422
7178,normal,1025,2,1782358447.5872731,0.0025665760040283203
7179,normal,52,0,1782358447.5888653,0.0015921592712402344
7180,normal,2775,0,1782358447.590798,0.0019326210021972656
7181,normal,2571,0,1782358447.5929782,0.002180337905883789
7182,normal,2729,0,1782358447.5950224,0.002044200897216797
7183,normal,390,0,1782358447.5971076,0.0020852088928222656
7184,normal,1201,0,1782358447.598744,0.0016362667083740234
7185,normal,2982,0,1782358447.6008227,0.0020787715911865234
7186,normal,144,0,1782358447.6026576,0.001834869384765625
7187,normal,2290,0,1782358447.6049361,0.002278566360473633
7188,normal,2591,0,1782358447.6069908,0.0020546913146972656
7189,normal,1021,2,1782358447.6086965,0.0017056465148925781
7190,normal,1387,0,1782358447.6106534,0.001956939697265625
7191,normal,1577,0,1782358447.6126983,0.0020449161529541016
7192,normal,1442,0,1782358447.6146865,0.0019881725311279297
7193,normal,3037,0,1782358447.6166954,0.0020089149475097656
7194,normal,3211,1,1782358447.6186237,0.0019283294677734375
7195,normal,834,2,1782358447.6206307,0.002007007598876953
7196,normal,565,0,1782358447.622698,0.0020673274993896484
7197,normal,603,0,1782358447.6247613,0.002063274383544922
7198,normal,1062,0,1782358447.626679,0.0019176006317138672
7199,normal,3259,1,1782358447.6287262,0.002047300338745117
7200,normal,3682,0,1782358447.6308224,0.0020961761474609375
7201,normal,1114,0,1782358447.6327517,0.0019292831420898438
7202,normal,1665,0,1782358447.6349351,0.0021834373474121094
7203,normal,2837,0,1782358447.6368003,0.0018651485443115234
7204,normal,3002,0,1782358447.6388242,0.002023935317993164
7205,normal,1607,0,1782358447.640811,0.0019867420196533203
7206,normal,12,0,1782358447.6426492,0.0018382072448730469
7207,normal,3107,1,1782358447.644887,0.0022377967834472656
7208,normal,96,0,1782358447.6468656,0.001978635787963867
7209,normal,1037,0,1782358447.6489778,0.002112150192260742
7210,normal,3696,0,1782358447.6506567,0.0016789436340332031
7211,normal,864,2,1782358447.652962,0.002305269241333008
7212,normal,214,0,1782358447.6551466,0.002184629440307617
7213,normal,3184,1,1782358447.6566966,0.0015499591827392578
7214,normal,2492,0,1782358447.6585858,0.0018892288208007812
7215,normal,3686,0,1782358447.660581,0.0019953250885009766
7216,normal,2582,0,1782358447.6626914,0.0021102428436279297
7217,normal,3502,0,1782358447.6647549,0.0020635128021240234
7218,normal,1327,1,1782358447.6667182,0.001963376998901367
7219,normal,88,0,1782358447.6687732,0.002054929733276367
7220,normal,67,0,1782358447.6710837,0.002310514450073242
7221,normal,2027,0,1782358447.6727047,0.0016210079193115234
7222,normal,2509,0,1782358447.6747425,0.0020377635955810547
7223,normal,1595,0,1782358447.6767437,0.0020012855529785156
7224,normal,2435,0,1782358447.6787398,0.0019960403442382812
7225,normal,1643,0,1782358447.680841,0.0021011829376220703
7226,normal,3000,0,1782358447.682695,0.00185394287109375
7227,normal,229,0,1782358447.684617,0.0019221305847167969
7228,normal,2128,0,1782358447.6866562,0.002039194107055664
7229,normal,1475,0,1782358447.6887028,0.0020465850830078125
7230,normal,2551,0,1782358447.6908145,0.002111673355102539
7231,normal,1224,0,1782358447.6928418,0.002027273178100586
7232,normal,1310,0,1782358447.6946032,0.0017614364624023438
7233,normal,3593,0,1782358447.6966183,0.0020151138305664062
7234,normal,474,0,1782358447.698649,0.002030611038208008
7235,normal,2360,0,1782358447.700702,0.0020530223846435547
7236,normal,3629,0,1782358447.7028818,0.002179861068725586
7237,normal,1925,0,1782358447.7046506,0.0017688274383544922
7238,normal,2321,0,1782358447.7066312,0.0019805431365966797
7239,normal,865,2,1782358447.708688,0.0020568370819091797
7240,normal,639,0,1782358447.710694,0.002006053924560547
7241,normal,2824,0,1782358447.7127004,0.0020062923431396484
7242,normal,1372,1,1782358447.714612,0.0019116401672363281
7243,normal,2400,0,1782358447.716545,0.0019330978393554688
7244,normal,277,0,1782358447.7186253,0.002080202102661133
7245,normal,932,2,1782358447.72063,0.0020046234130859375
7246,normal,2049,0,1782358447.7229323,0.002302408218383789
7247,normal,3497,0,1782358447.7246482,0.0017158985137939453
7248,normal,490,0,1782358447.7265952,0.0019469261169433594
7249,normal,923,2,1782358447.7286975,0.002102375030517578
7250,normal,2564,0,1782358447.7306025,0.0019049644470214844
7251,normal,1492,0,1782358447.732572,0.001969575881958008
7252,normal,2518,0,1782358447.7348294,0.0022573471069335938
7253,normal,2887,0,1782358447.7369883,0.0021588802337646484
7254,normal,762,0,1782358447.7387462,0.0017578601837158203
7255,normal,1804,0,1782358447.7407024,0.0019562244415283203
7256,normal,3336,1,1782358447.7427554,0.0020530223846435547
7257,normal,1064,0,1782358447.7446158,0.0018603801727294922
7258,normal,3248,1,1782358447.74663,0.00201416015625
7259,normal,2153,0,1782358447.74862,0.001990079879760742
7260,normal,1762,0,1782358447.750898,0.002277851104736328
7261,normal,1166,0,1782358447.752641,0.0017430782318115234
7262,normal,3170,1,1782358447.7546134,0.0019724369049072266
7263,normal,3131,1,1782358447.756606,0.0019927024841308594
7264,normal,89,0,1782358447.758603,0.0019969940185546875
7265,normal,1972,0,1782358447.7606206,0.002017498016357422
7266,normal,634,0,1782358447.7626033,0.0019826889038085938
7267,normal,2974,0,1782358447.7647328,0.0021295547485351562
7268,normal,997,2,1782358447.7666728,0.001940011978149414
7269,normal,799,2,1782358447.768654,0.0019812583923339844
7270,normal,1749,0,1782358447.7706466,0.001992464065551758
7271,normal,3656,0,1782358447.7727587,0.002112150192260742
7272,normal,1344,1,1782358447.775002,0.0022432804107666016
7273,normal,618,0,1782358447.7767196,0.0017175674438476562
7274,normal,2720,0,1782358447.778631,0.0019114017486572266
7275,normal,2958,0,1782358447.7807653,0.0021343231201171875
7276,normal,771,0,1782358447.7828043,0.0020389556884765625
7277,normal,3429,0,1782358447.784822,0.0020177364349365234
7278,normal,1679,0,1782358447.786738,0.0019159317016601562
7279,normal,3120,1,1782358447.7886076,0.0018696784973144531
7280,normal,3693,0,1782358447.7905953,0.0019876956939697266
7281,normal,3039,0,1782358447.79263,0.0020346641540527344
7282,normal,2338,0,1782358447.794612,0.001981973648071289
7283,normal,2322,0,1782358447.796871,0.0022590160369873047
7284,normal,3536,0,1782358447.798719,0.001847982406616211
7285,normal,2830,0,1782358447.8006856,0.001966714859008789
7286,normal,2157,0,1782358447.802642,0.001956462860107422
7287,normal,2380,0,1782358447.804738,0.002095937728881836
7288,normal,3589,0,1782358447.8065603,0.0018222332000732422
7289,normal,1430,0,1782358447.8089619,0.002401590347290039
7290,normal,386,0,1782358447.8116233,0.002661466598510742
7291,normal,3636,0,1782358447.812986,0.0013625621795654297
7292,normal,641,0,1782358447.8147767,0.001790761947631836
7293,normal,1191,0,1782358447.8167586,0.001981973648071289
7294,normal,2606,0,1782358447.8185935,0.001834869384765625
7295,normal,2994,0,1782358447.8206315,0.0020380020141601562
7296,normal,1613,0,1782358447.8226197,0.0019881725311279297
7297,normal,2425,0,1782358447.8246956,0.0020759105682373047
7298,normal,730,0,1782358447.8265905,0.0018949508666992188
7299,normal,3305,1,1782358447.8288372,0.0022466182708740234
7300,normal,915,2,1782358447.830858,0.0020208358764648438
7301,normal,533,0,1782358447.8326507,0.0017926692962646484
7302,normal,592,0,1782358447.8346376,0.001986980438232422
7303,normal,2558,0,1782358447.8366055,0.001967906951904297
7304,normal,218,0,1782358447.8386772,0.0020716190338134766
7305,normal,1184,0,1782358447.8407173,0.0020401477813720703
7306,normal,787,2,1782358447.8426456,0.0019283294677734375
7307,normal,2650,0,1782358447.8452141,0.002568483352661133
7308,normal,918,2,1782358447.846848,0.0016338825225830078
7309,normal,3581,0,1782358447.8492587,0.0024106502532958984
7310,normal,757,0,1782358447.8506203,0.0013616085052490234
7311,normal,1767,0,1782358447.8531506,0.002530336380004883
7312,normal,1969,0,1782358447.8549337,0.001783132553100586
7313,normal,564,0,1782358447.8568532,0.0019195079803466797
7314,normal,3492,0,1782358447.8589773,0.0021240711212158203
7315,normal,3109,1,1782358447.8612065,0.0022292137145996094
7316,normal,2454,0,1782358447.8627598,0.0015532970428466797
7317,normal,3013,0,1782358447.8645964,0.001836538314819336
7318,normal,946,2,1782358447.866577,0.0019805431365966797
7319,normal,1241,0,1782358447.8686266,0.002049684524536133
7320,normal,1839,0,1782358447.8706539,0.002027273178100586
7321,normal,2345,0,1782358447.8727124,0.0020585060119628906
7322,normal,3676,0,1782358447.874595,0.0018825531005859375
7323,normal,156,0,1782358447.8766227,0.002027750015258789
7324,normal,1461,0,1782358447.8787026,0.0020799636840820312
7325,normal,3182,1,1782358447.8805547,0.0018520355224609375
7326,normal,2222,0,1782358447.8826392,0.002084493637084961
7327,normal,219,0,1782358447.8847332,0.0020940303802490234
7328,normal,222,0,1782358447.8867912,0.0020580291748046875
7329,normal,259,0,1782358447.8888361,0.0020449161529541016
7330,normal,584,0,1782358447.8907213,0.0018851757049560547
7331,normal,3700,0,1782358447.892623,0.0019016265869140625
7332,normal,1110,0,1782358447.8947096,0.002086639404296875
7333,normal,18,0,1782358447.8967228,0.0020132064819335938
7334,normal,44,0,1782358447.8987002,0.0019774436950683594
7335,normal,2391,0,1782358447.900705,0.002004861831665039
7336,normal,2540,0,1782358447.902598,0.0018928050994873047
7337,normal,1893,0,1782358447.9046104,0.002012491226196289
7338,normal,1966,0,1782358447.9065824,0.0019719600677490234
7339,normal,2447,0,1782358447.9085977,0.002015352249145508
7340,normal,2424,0,1782358447.9108157,0.002218008041381836
7341,normal,2241,0,1782358447.9127717,0.0019559860229492188
7342,normal,759,0,1782358447.9146128,0.0018410682678222656
7343,normal,1220,0,1782358447.9166243,0.002011537551879883
7344,normal,2787,0,1782358447.9187198,0.002095460891723633
7345,normal,1253,0,1782358447.9210546,0.0023348331451416016
7346,normal,3578,0,1782358447.922744,0.0016894340515136719
7347,normal,510,0,1782358447.9248176,0.002073526382446289
7348,normal,1060,0,1782358447.9268053,0.0019876956939697266
7349,normal,1805,0,1782358447.928858,0.002052783966064453
7350,normal,3356,1,1782358447.930597,0.0017390251159667969
7351,normal,2515,0,1782358447.9325855,0.0019884109497070312
7352,normal,707,0,1782358447.9345784,0.001992940902709961
7353,normal,749,0,1782358447.9365811,0.002002716064453125
7354,normal,339,0,1782358447.9385855,0.002004384994506836
7355,normal,2628,0,1782358447.9408684,0.002282857894897461
7356,normal,3428,0,1782358447.9426994,0.0018310546875
7357,normal,457,0,1782358447.9446838,0.0019843578338623047
7358,normal,31,0,1782358447.9467034,0.002019643783569336
7359,normal,470,0,1782358447.9486578,0.001954317092895508
7360,normal,418,0,1782358447.9506032,0.00194549560546875
7361,normal,3196,1,1782358447.9526258,0.0020225048065185547
7362,normal,1561,0,1782358447.955539,0.002913236618041992
7363,normal,2721,0,1782358447.956872,0.001332998275756836
7364,normal,40,0,1782358447.95871,0.0018379688262939453
7365,normal,2014,0,1782358447.9606488,0.0019388198852539062
7366,normal,1671,0,1782358447.962635,0.001986265182495117
7367,normal,1525,0,1782358447.964695,0.0020599365234375
7368,normal,353,0,1782358447.9666138,0.001918792724609375
7369,normal,270,0,1782358447.969,0.002386331558227539
7370,normal,3071,1,1782358447.9710364,0.0020363330841064453
7371,normal,3574,0,1782358447.9726882,0.001651763916015625
7372,normal,370,0,1782358447.9746752,0.001986980438232422
7373,normal,3691,0,1782358447.9768043,0.002129077911376953
7374,normal,1536,0,1782358447.9787347,0.0019304752349853516
7375,normal,2771,0,1782358447.980768,0.002033233642578125
7376,normal,1963,0,1782358447.9826872,0.0019192695617675781
7377,normal,1823,0,1782358447.9856446,0.0029573440551757812
7378,normal,3162,1,1782358447.98694,0.001295328140258789
7379,normal,2717,0,1782358447.988874,0.001934051513671875
7380,normal,1523,0,1782358447.9906464,0.0017724037170410156
7381,normal,1194,0,1782358447.9926996,0.0020532608032226562
7382,normal,3439,0,1782358447.9947019,0.002002239227294922
7383,normal,309,0,1782358447.996702,0.002000093460083008
7384,normal,2743,0,1782358447.9986231,0.0019211769104003906
7385,normal,2267,0,1782358448.0007155,0.0020923614501953125
7386,normal,367,0,1782358448.0025988,0.0018832683563232422
7387,normal,1498,0,1782358448.004627,0.002028226852416992
7388,normal,597,0,1782358448.0067127,0.0020856857299804688
7389,normal,515,0,1782358448.0087006,0.001987934112548828
7390,normal,1782,0,1782358448.0107021,0.002001523971557617
7391,normal,3549,0,1782358448.013037,0.0023348331451416016
7392,normal,720,0,1782358448.015006,0.0019690990447998047
7393,normal,589,0,1782358448.016685,0.0016789436340332031
7394,normal,3159,1,1782358448.018601,0.0019159317016601562
7395,normal,2769,0,1782358448.0206153,0.0020143985748291016
7396,normal,941,2,1782358448.0227675,0.0021522045135498047
7397,normal,3506,0,1782358448.0246964,0.0019288063049316406
7398,normal,2193,0,1782358448.026692,0.001995563507080078
7399,normal,1466,0,1782358448.0288622,0.0021703243255615234
7400,normal,1490,0,1782358448.0306861,0.0018239021301269531
7401,normal,1173,0,1782358448.0326314,0.0019452571868896484
7402,normal,1800,0,1782358448.0346456,0.00201416015625
7403,normal,574,0,1782358448.0366492,0.0020036697387695312
7404,normal,3207,1,1782358448.0386565,0.0020072460174560547
7405,normal,852,2,1782358448.0406938,0.0020372867584228516
7406,normal,157,0,1782358448.0426438,0.0019500255584716797
7407,normal,7,0,1782358448.0446372,0.001993417739868164
7408,normal,3389,1,1782358448.0467813,0.0021440982818603516
7409,normal,3655,0,1782358448.048658,0.0018765926361083984
7410,normal,2529,0,1782358448.0507264,0.0020685195922851562
7411,normal,2618,0,1782358448.0529585,0.002232074737548828
7412,normal,781,2,1782358448.0548139,0.0018553733825683594
7413,normal,3545,0,1782358448.056791,0.001977205276489258
7414,normal,2765,0,1782358448.0587082,0.001917123794555664
7415,normal,985,2,1782358448.060745,0.0020368099212646484
7416,normal,2362,0,1782358448.0627856,0.0020406246185302734
7417,normal,3622,0,1782358448.064641,0.0018553733825683594
7418,normal,1638,0,1782358448.0667224,0.0020813941955566406
7419,normal,2052,0,1782358448.0687356,0.0020132064819335938
7420,normal,1305,0,1782358487.386183,0.0
7421,normal,799,2,1782358487.3881938,0.002010822296142578
7422,normal,787,2,1782358487.390119,0.0019252300262451172
7423,normal,1163,0,1782358487.3921359,0.002016782760620117
7424,normal,733,0,1782358487.3942103,0.0020744800567626953
7425,normal,1697,0,1782358487.396134,0.0019235610961914062
7426,normal,3595,0,1782358487.3981347,0.0020008087158203125
7427,normal,1959,0,1782358487.4002013,0.0020666122436523438
7428,normal,1079,0,1782358487.4020822,0.0018808841705322266
7429,normal,113,0,1782358487.4041111,0.002028942108154297
7430,normal,3413,0,1782358487.4061415,0.0020303726196289062
7431,normal,2023,0,1782358487.408121,0.0019795894622802734
7432,normal,3110,1,1782358487.4103181,0.0021970272064208984
7433,normal,1748,0,1782358487.4122357,0.0019176006317138672
7434,normal,3317,1,1782358487.414367,0.002131223678588867
7435,normal,876,2,1782358487.4163296,0.0019626617431640625
7436,normal,125,0,1782358487.4183853,0.002055644989013672
7437,normal,1911,0,1782358487.4201741,0.0017888545989990234
7438,normal,117,0,1782358487.4223099,0.002135753631591797
7439,normal,3397,1,1782358487.424209,0.0018992424011230469
7440,normal,1666,0,1782358487.4263105,0.002101421356201172
7441,normal,1638,0,1782358487.4281967,0.001886129379272461
7442,normal,3417,0,1782358487.430305,0.002108335494995117
7443,normal,2782,0,1782358487.4321861,0.0018811225891113281
7444,normal,2869,0,1782358487.4343002,0.0021140575408935547
7445,normal,945,2,1782358487.43621,0.0019097328186035156
7446,normal,3272,1,1782358487.4383087,0.0020987987518310547
7447,normal,1264,0,1782358487.4401827,0.0018739700317382812
7448,normal,3578,0,1782358487.4423034,0.0021207332611083984
7449,normal,997,2,1782358487.4442062,0.0019028186798095703
7450,normal,1597,0,1782358487.446308,0.0021016597747802734
7451,normal,1550,0,1782358487.4482913,0.0019834041595458984
7452,normal,1448,0,1782358487.4502285,0.0019371509552001953
7453,normal,1426,0,1782358487.4523077,0.0020792484283447266
7454,normal,3009,0,1782358487.454303,0.0019953250885009766
7455,normal,2005,0,1782358487.4562435,0.0019404888153076172
7456,normal,2395,0,1782358487.4583168,0.0020732879638671875
7457,normal,37,0,1782358487.4603174,0.002000570297241211
7458,normal,3548,0,1782358487.462226,0.0019085407257080078
7459,normal,3633,0,1782358487.4643128,0.0020868778228759766
7460,normal,3403,0,1782358487.4661853,0.0018725395202636719
7461,normal,1169,0,1782358487.468318,0.0021326541900634766
7462,normal,556,0,1782358487.4701943,0.0018763542175292969
7463,normal,3239,1,1782358487.4723022,0.002107858657836914
7464,normal,2133,0,1782358487.4742067,0.0019044876098632812
7465,normal,1991,0,1782358487.4763114,0.0021047592163085938
7466,normal,2792,0,1782358487.4784052,0.002093791961669922
7467,normal,3196,1,1782358487.4801943,0.001789093017578125
7468,normal,2759,0,1782358487.4821723,0.0019779205322265625
7469,normal,1923,0,1782358487.484391,0.0022187232971191406
7470,normal,2365,0,1782358487.4861846,0.0017936229705810547
7471,normal,282,0,1782358487.4881818,0.001997232437133789
7472,normal,2212,0,1782358487.4904149,0.0022330284118652344
7473,normal,1208,0,1782358487.492209,0.0017940998077392578
7474,normal,1440,0,1782358487.4941957,0.0019867420196533203
7475,normal,2746,0,1782358487.4964015,0.0022058486938476562
7476,normal,1507,0,1782358487.498204,0.0018024444580078125
7477,normal,3407,0,1782358487.5001762,0.001972198486328125
7478,normal,520,0,1782358487.5024796,0.0023033618927001953
7479,normal,235,0,1782358487.5041742,0.0016946792602539062
7480,normal,3200,1,1782358487.506447,0.0022728443145751953
7481,normal,1074,0,1782358487.508391,0.001943826675415039
7482,normal,232,0,1782358487.5102546,0.001863718032836914
7483,normal,1287,0,1782358487.5121877,0.0019330978393554688
7484,normal,2486,0,1782358487.514397,0.002209186553955078
7485,normal,280,0,1782358487.5161738,0.0017769336700439453
7486,normal,2484,0,1782358487.5181832,0.0020093917846679688
7487,normal,3682,0,1782358487.5204325,0.0022492408752441406
7488,normal,484,0,1782358487.5221977,0.0017652511596679688
7489,normal,2606,0,1782358487.524172,0.001974344253540039
7490,normal,1311,0,1782358487.5264027,0.0022306442260742188
7491,normal,2889,0,1782358487.5281796,0.0017769336700439453
7492,normal,2338,0,1782358487.5301902,0.0020105838775634766
7493,normal,1751,0,1782358487.53244,0.0022497177124023438
7494,normal,1398,0,1782358487.5342135,0.0017735958099365234
7495,normal,2996,0,1782358487.5361829,0.0019693374633789062
7496,normal,2177,0,1782358487.5383942,0.002211332321166992
7497,normal,2398,0,1782358487.54018,0.0017857551574707031
7498,normal,788,2,1782358487.5421784,0.001998424530029297
7499,normal,2389,0,1782358487.5443969,0.002218484878540039
7500,normal,689,0,1782358487.54618,0.001783132553100586
7501,normal,2602,0,1782358487.5482085,0.0020284652709960938
7502,normal,3076,1,1782358487.550414,0.0022056102752685547
7503,normal,3440,0,1782358487.5522034,0.0017893314361572266
7504,normal,3690,0,1782358487.5541708,0.0019674301147460938
7505,normal,236,0,1782358487.5564315,0.0022606849670410156
7506,normal,39,0,1782358487.5581906,0.0017590522766113281
7507,normal,170,0,1782358487.5602107,0.002020120620727539
7508,normal,3126,1,1782358487.5624244,0.002213716506958008
7509,normal,1914,0,1782358487.564177,0.001752614974975586
7510,normal,905,2,1782358487.5661707,0.0019936561584472656
7511,normal,2638,0,1782358487.5683694,0.0021986961364746094
7512,normal,356,0,1782358487.5701787,0.0018093585968017578
7513,normal,1262,0,1782358487.5721793,0.002000570297241211
7514,normal,2192,0,1782358487.57444,0.0022606849670410156
7515,normal,1774,0,1782358487.5761976,0.0017576217651367188
7516,normal,3288,1,1782358487.5792503,0.0030527114868164062
7517,normal,2893,0,1782358487.5801773,0.000926971435546875
7518,normal,2060,0,1782358487.5821826,0.002005338668823242
7519,normal,2496,0,1782358487.584235,0.00205230712890625
7520,normal,1513,0,1782358487.5863435,0.0021085739135742188
7521,normal,2347,0,1782358487.588189,0.0018453598022460938
7522,normal,1591,0,1782358487.5901716,0.0019826889038085938
7523,normal,973,2,1782358487.5923243,0.002152681350708008
7524,normal,2545,0,1782358487.594171,0.0018467903137207031
7525,normal,1108,0,1782358487.5961692,0.0019981861114501953
7526,normal,2151,0,1782358487.5982726,0.0021033287048339844
7527,normal,2859,0,1782358487.600171,0.0018985271453857422
7528,normal,2288,0,1782358487.6021698,0.0019986629486083984
7529,normal,1194,0,1782358487.6042922,0.0021224021911621094
7530,normal,1789,0,1782358487.606172,0.0018799304962158203
7531,normal,2435,0,1782358487.6081998,0.002027750015258789
7532,normal,1470,0,1782358487.6102848,0.002084970474243164
7533,normal,1767,0,1782358487.6121986,0.0019137859344482422
7534,normal,651,0,1782358487.614172,0.001973390579223633
7535,normal,2811,0,1782358487.616322,0.0021500587463378906
7536,normal,769,0,1782358487.6181755,0.0018534660339355469
7537,normal,3053,1,1782358487.620173,0.0019974708557128906
7538,normal,2927,0,1782358487.622388,0.0022149085998535156
7539,normal,1882,0,1782358487.624174,0.0017862319946289062
7540,normal,906,2,1782358487.6261733,0.0019991397857666016
7541,normal,2362,0,1782358487.6284451,0.002271890640258789
7542,normal,1680,0,1782358487.6303606,0.0019154548645019531
7543,normal,521,0,1782358487.6323295,0.001968860626220703
7544,normal,2047,0,1782358487.6344445,0.002115011215209961
7545,normal,218,0,1782358487.636227,0.0017824172973632812
7546,normal,3231,1,1782358487.6383228,0.002095937728881836
7547,normal,1136,0,1782358487.6404247,0.002101898193359375
7548,normal,835,2,1782358487.642199,0.0017743110656738281
7549,normal,1463,0,1782358487.6443362,0.0021371841430664062
7550,normal,752,0,1782358487.6463158,0.0019795894622802734
7551,normal,662,0,1782358487.648202,0.001886129379272461
7552,normal,2997,0,1782358487.650341,0.0021390914916992188
7553,normal,1721,0,1782358487.6523163,0.0019752979278564453
7554,normal,1439,0,1782358487.6542463,0.0019299983978271484
7555,normal,2512,0,1782358487.6562912,0.0020449161529541016
7556,normal,1787,0,1782358487.65832,0.0020287036895751953
7557,normal,126,0,1782358487.660245,0.0019249916076660156
7558,normal,1239,0,1782358487.66234,0.0020949840545654297
7559,normal,1034,0,1782358487.664317,0.0019769668579101562
7560,normal,2513,0,1782358487.66625,0.0019330978393554688
7561,normal,1461,0,1782358487.6683462,0.0020961761474609375
7562,normal,1671,0,1782358487.6703432,0.0019969940185546875
7563,normal,2459,0,1782358487.6722193,0.0018761157989501953
7564,normal,1514,0,1782358487.6743457,0.002126455307006836
7565,normal,1291,0,1782358487.6763165,0.0019707679748535156
7566,normal,313,0,1782358487.678208,0.0018916130065917969
7567,normal,3038,0,1782358487.6803517,0.0021436214447021484
7568,normal,2292,0,1782358487.682345,0.0019931793212890625
7569,normal,234,0,1782358487.6842196,0.001874685287475586
7570,normal,1785,0,1782358487.6862993,0.0020797252655029297
7571,normal,2693,0,1782358487.6883428,0.002043485641479492
7572,normal,679,0,1782358487.6902626,0.0019197463989257812
7573,normal,2733,0,1782358487.6923366,0.002074003219604492
7574,normal,1722,0,1782358487.694325,0.0019884109497070312
7575,normal,3243,1,1782358487.6962047,0.0018796920776367188
7576,normal,395,0,1782358487.6983476,0.0021429061889648438
7577,normal,1101,0,1782358487.700312,0.0019643306732177734
7578,normal,3182,1,1782358487.7022078,0.001895904541015625
7579,normal,3598,0,1782358487.7043421,0.0021343231201171875
7580,normal,672,0,1782358487.7063193,0.001977205276489258
7581,normal,2564,0,1782358487.7082756,0.0019562244415283203
7582,normal,797,2,1782358487.7103436,0.002068042755126953
7583,normal,3254,1,1782358487.7123432,0.0019996166229248047
7584,normal,937,2,1782358487.714231,0.0018877983093261719
7585,normal,493,0,1782358487.7163439,0.002112865447998047
7586,normal,2444,0,1782358487.7183414,0.0019974708557128906
7587,normal,725,0,1782358487.72021,0.0018687248229980469
7588,normal,1038,0,1782358487.7223377,0.0021276473999023438
7589,normal,3474,0,1782358487.7243075,0.0019698143005371094
7590,normal,2082,0,1782358487.7262118,0.0019042491912841797
7591,normal,1351,1,1782358487.7283466,0.0021347999572753906
7592,normal,2678,0,1782358487.7303026,0.0019559860229492188
7593,normal,3509,0,1782358487.7323167,0.00201416015625
7594,normal,422,0,1782358487.734204,0.0018873214721679688
7595,normal,1701,0,1782358487.7363331,0.002129077911376953
7596,normal,444,0,1782358487.738216,0.001882791519165039
7597,normal,1559,0,1782358487.7403414,0.0021255016326904297
7598,normal,3172,1,1782358487.742335,0.0019936561584472656
7599,normal,75,0,1782358487.74421,0.0018749237060546875
7600,normal,903,2,1782358487.7463484,0.002138376235961914
7601,normal,511,0,1782358487.7483022,0.0019538402557373047
7602,normal,2153,0,1782358487.750312,0.002009868621826172
7603,normal,3335,1,1782358487.752221,0.001909017562866211
7604,normal,1041,0,1782358487.7543297,0.0021085739135742188
7605,normal,3035,0,1782358487.7561867,0.0018570423126220703
7606,normal,2688,0,1782358487.7583408,0.002154111862182617
7607,normal,1094,0,1782358487.760296,0.001955270767211914
7608,normal,2521,0,1782358487.762307,0.002010822296142578
7609,normal,2461,0,1782358487.7642214,0.0019145011901855469
7610,normal,2132,0,1782358487.7663612,0.0021398067474365234
7611,normal,590,0,1782358487.7681937,0.0018324851989746094
7612,normal,1843,0,1782358487.7703378,0.0021440982818603516
7613,normal,981,2,1782358487.772294,0.0019562244415283203
7614,normal,3132,1,1782358487.7743526,0.0020585060119628906
7615,normal,2271,0,1782358487.7761865,0.0018339157104492188
7616,normal,1506,0,1782358487.7783518,0.0021653175354003906
7617,normal,2241,0,1782358487.7802398,0.0018880367279052734
7618,normal,1651,0,1782358487.782343,0.002103090286254883
7619,normal,2042,0,1782358487.7843003,0.001957416534423828
7620,normal,626,0,1782358487.786379,0.0020787715911865234
7621,normal,3043,0,1782358487.7881863,0.0018072128295898438
7622,normal,2407,0,1782358487.7903621,0.0021758079528808594
7623,normal,362,0,1782358487.7921803,0.0018181800842285156
7624,normal,133,0,1782358487.7943485,0.0021681785583496094
7625,normal,654,0,1782358487.7962966,0.0019481182098388672
7626,normal,340,0,1782358487.7983544,0.002057790756225586
7627,normal,2203,0,1782358487.8001842,0.0018298625946044922
7628,normal,720,0,1782358487.8023527,0.002168416976928711
7629,normal,19,0,1782358487.8042624,0.0019097328186035156
7630,normal,1788,0,1782358487.8063083,0.002045869827270508
7631,normal,128,0,1782358487.8082914,0.001983165740966797
7632,normal,1467,0,1782358487.810345,0.002053499221801758
7633,normal,2977,0,1782358487.8121839,0.0018389225006103516
7634,normal,971,2,1782358487.8143313,0.0021474361419677734
7635,normal,2748,0,1782358487.8162537,0.0019223690032958984
7636,normal,1883,0,1782358487.8183424,0.002088785171508789
7637,normal,3421,0,1782358487.8202896,0.001947164535522461
7638,normal,3321,1,1782358487.8223798,0.0020902156829833984
7639,normal,449,0,1782358487.8241854,0.0018055438995361328
7640,normal,642,0,1782358487.8263316,0.0021462440490722656
7641,normal,1674,0,1782358487.8282585,0.0019268989562988281
7642,normal,3066,1,1782358487.8303378,0.0020792484283447266
7643,normal,3152,1,1782358487.8323233,0.0019855499267578125
7644,normal,3356,1,1782358487.8341918,0.0018684864044189453
7645,normal,2788,0,1782358487.8363497,0.002157926559448242
7646,normal,957,2,1782358487.83829,0.0019402503967285156
7647,normal,1197,0,1782358487.840308,0.002017974853515625
7648,normal,2707,0,1782358487.8421853,0.0018773078918457031
7649,normal,2501,0,1782358487.844357,0.002171754837036133
7650,normal,498,0,1782358487.846242,0.0018849372863769531
7651,normal,142,0,1782358487.8483386,0.0020966529846191406
7652,normal,3695,0,1782358487.850288,0.001949310302734375
7653,normal,252,0,1782358487.8523786,0.0020906925201416016
7654,normal,2433,0,1782358487.8541858,0.0018072128295898438
7655,normal,2431,0,1782358487.8563595,0.0021736621856689453
7656,normal,2208,0,1782358487.8582447,0.0018851757049560547
7657,normal,2048,0,1782358487.86035,0.002105236053466797
7658,normal,848,2,1782358487.8622842,0.0019342899322509766
7659,normal,2828,0,1782358487.8642762,0.0019919872283935547
7660,normal,919,2,1782358487.8661947,0.0019185543060302734
7661,normal,2747,0,1782358487.8683255,0.002130746841430664
7662,normal,1548,0,1782358487.8702059,0.0018804073333740234
7663,normal,1409,0,1782358487.872346,0.002140045166015625
7664,normal,325,0,1782358487.874299,0.001953125
7665,normal,3577,0,1782358487.8763094,0.002010345458984375
7666,normal,2949,0,1782358487.8782241,0.0019147396087646484
7667,normal,1972,0,1782358487.8803537,0.0021295547485351562
7668,normal,2861,0,1782358487.8822153,0.001861572265625
7669,normal,1737,0,1782358487.8843484,0.0021331310272216797
7670,normal,1145,0,1782358487.8863246,0.0019762516021728516
7671,normal,1222,0,1782358487.8881838,0.0018591880798339844
7672,normal,991,2,1782358487.8903499,0.0021660327911376953
7673,normal,2450,0,1782358487.8923094,0.001959562301635742
7674,normal,3373,1,1782358487.8942394,0.0019299983978271484
7675,normal,987,2,1782358487.8963418,0.002102375030517578
7676,normal,51,0,1782358487.8983057,0.0019638538360595703
7677,normal,155,0,1782358487.9003487,0.002043008804321289
7678,normal,3176,1,1782358487.9022088,0.0018601417541503906
7679,normal,1058,0,1782358487.9043388,0.0021300315856933594
7680,normal,2425,0,1782358487.9061837,0.0018448829650878906
7681,normal,1887,0,1782358487.9082966,0.002112865447998047
7682,normal,2940,0,1782358487.9103057,0.002009153366088867
7683,normal,3100,1,1782358487.9123151,0.0020093917846679688
7684,normal,1083,0,1782358487.9141772,0.0018620491027832031
7685,normal,243,0,1782358487.916338,0.002160787582397461
7686,normal,469,0,1782358487.9183881,0.002050161361694336
7687,normal,879,2,1782358487.9203262,0.0019381046295166016
7688,normal,3516,0,1782358487.9224374,0.002111196517944336
7689,normal,2658,0,1782358487.9243436,0.0019061565399169922
7690,normal,2065,0,1782358487.9263544,0.002010822296142578
7691,normal,2905,0,1782358487.9284854,0.0021309852600097656
7692,normal,2052,0,1782358487.9302254,0.0017399787902832031
7693,normal,1876,0,1782358487.9324849,0.002259492874145508
7694,normal,2489,0,1782358487.9343233,0.0018384456634521484
7695,normal,69,0,1782358487.93623,0.0019066333770751953
7696,normal,2813,0,1782358487.9384887,0.002258777618408203
7697,normal,2064,0,1782358487.9403207,0.0018320083618164062
7698,normal,1179,0,1782358487.9422283,0.0019075870513916016
7699,normal,50,0,1782358487.9444866,0.00225830078125
7700,normal,1576,0,1782358487.9463265,0.0018398761749267578
7701,normal,1598,0,1782358487.9482152,0.0018887519836425781
7702,normal,205,0,1782358487.950442,0.0022268295288085938
7703,normal,3064,1,1782358487.9522948,0.0018527507781982422
7704,normal,2683,0,1782358487.9541955,0.0019006729125976562
7705,normal,1578,0,1782358487.9564471,0.0022516250610351562
7706,normal,2195,0,1782358487.9582963,0.0018491744995117188
7707,normal,2131,0,1782358487.9601762,0.0018799304962158203
7708,normal,1349,1,1782358487.96249,0.002313852310180664
7709,normal,2841,0,1782358487.9642925,0.0018024444580078125
7710,normal,1308,0,1782358487.9661784,0.0018858909606933594
7711,normal,3551,0,1782358487.96844,0.002261638641357422
7712,normal,653,0,1782358487.9702911,0.0018510818481445312
7713,normal,802,2,1782358487.9721756,0.00188446044921875
7714,normal,167,0,1782358487.9744194,0.0022437572479248047
7715,normal,1166,0,1782358487.9762952,0.0018758773803710938
7716,normal,3059,1,1782358487.9781754,0.0018801689147949219
7717,normal,2935,0,1782358487.98042,0.002244710922241211
7718,normal,2679,0,1782358487.982291,0.001870870590209961
7719,normal,1600,0,1782358487.9841757,0.0018846988677978516
7720,normal,3517,0,1782358487.9863327,0.002156972885131836
7721,normal,543,0,1782358487.988294,0.001961231231689453
7722,normal,546,0,1782358487.990298,0.0020041465759277344
7723,normal,3693,0,1782358487.9922163,0.0019183158874511719
7724,normal,1391,0,1782358487.994431,0.002214670181274414
7725,normal,3521,0,1782358487.996177,0.0017459392547607422
7726,normal,1068,0,1782358487.998331,0.002154111862182617
7727,normal,71,0,1782358488.0003889,0.002057790756225586
7728,normal,1630,0,1782358488.0022957,0.0019068717956542969
7729,normal,867,2,1782358488.004301,0.002005338668823242
7730,normal,2138,0,1782358488.0064218,0.0021207332611083984
7731,normal,2308,0,1782358488.0081742,0.0017523765563964844
7732,normal,1004,2,1782358488.0104175,0.0022432804107666016
7733,normal,2511,0,1782358488.0122762,0.0018587112426757812
7734,normal,2697,0,1782358488.014175,0.0018987655639648438
7735,normal,3,0,1782358488.016418,0.0022430419921875
7736,normal,451,0,1782358488.018279,0.0018610954284667969
7737,normal,650,0,1782358488.0202508,0.001971721649169922
7738,normal,831,2,1782358488.0222175,0.001966714859008789
7739,normal,2278,0,1782358488.0243344,0.0021169185638427734
7740,normal,1609,0,1782358488.0261755,0.0018410682678222656
7741,normal,2038,0,1782358488.028331,0.0021555423736572266
7742,normal,351,0,1782358488.030284,0.0019528865814208984
7743,normal,26,0,1782358488.0322964,0.002012491226196289
7744,normal,1010,2,1782358488.034248,0.0019516944885253906
7745,normal,1281,0,1782358488.0362847,0.002036571502685547
7746,normal,2631,0,1782358488.0383587,0.002074003219604492
7747,normal,2655,0,1782358488.0401855,0.0018267631530761719
7748,normal,2205,0,1782358488.042353,0.0021674633026123047
7749,normal,2929,0,1782358488.0441802,0.001827239990234375
7750,normal,1646,0,1782358488.04634,0.0021598339080810547
7751,normal,3169,1,1782358488.04828,0.001940011978149414
7752,normal,3351,1,1782358488.0503285,0.002048492431640625
7753,normal,309,0,1782358488.0522215,0.0018930435180664062
7754,normal,321,0,1782358488.0543334,0.0021119117736816406
7755,normal,470,0,1782358488.0561945,0.0018610954284667969
7756,normal,2542,0,1782358488.0583467,0.0021522045135498047
7757,normal,483,0,1782358488.0603118,0.001965045928955078
7758,normal,2515,0,1782358488.0621912,0.0018794536590576172
7759,normal,3102,1,1782358488.064348,0.0021567344665527344
7760,normal,2357,0,1782358488.0662785,0.0019304752349853516
7761,normal,1777,0,1782358488.068237,0.001958608627319336
7762,normal,1003,2,1782358488.0703468,0.0021097660064697266
7763,normal,160,0,1782358488.072303,0.0019562244415283203
7764,normal,1415,0,1782358488.0743067,0.0020036697387695312
7765,normal,577,0,1782358488.0762143,0.0019075870513916016
7766,normal,2331,0,1782358488.0783317,0.0021173954010009766
7767,normal,41,0,1782358488.0801735,0.0018417835235595703
7768,normal,569,0,1782358488.0823407,0.002167224884033203
7769,normal,2145,0,1782358488.0842721,0.0019314289093017578
7770,normal,1746,0,1782358488.0863283,0.002056121826171875
7771,normal,2427,0,1782358488.0882232,0.0018949508666992188
7772,normal,554,0,1782358488.0903525,0.0021293163299560547
7773,normal,1333,1,1782358488.0922077,0.0018551349639892578
7774,normal,3180,1,1782358488.0943398,0.0021321773529052734
7775,normal,2031,0,1782358488.0962677,0.0019278526306152344
7776,normal,2261,0,1782358488.0983326,0.002064943313598633
7777,normal,257,0,1782358488.1003866,0.002053976058959961
7778,normal,658,0,1782358488.1021786,0.0017919540405273438
7779,normal,338,0,1782358488.104162,0.0019834041595458984
7780,normal,2735,0,1782358488.1063645,0.0022025108337402344
7781,normal,1144,0,1782358488.108313,0.0019485950469970703
7782,normal,2185,0,1782358488.110177,0.0018639564514160156
7783,normal,547,0,1782358488.112309,0.002131938934326172
7784,normal,3130,1,1782358488.1143022,0.0019931793212890625
7785,normal,3338,1,1782358488.1161668,0.0018646717071533203
7786,normal,1560,0,1782358488.1183114,0.0021445751190185547
7787,normal,1030,0,1782358488.120326,0.002014636993408203
7788,normal,3442,0,1782358488.1221616,0.0018355846405029297
7789,normal,2499,0,1782358488.124341,0.002179384231567383
7790,normal,1826,0,1782358488.1263049,0.0019638538360595703
7791,normal,1664,0,1782358488.128168,0.001863241195678711
7792,normal,1430,0,1782358488.1303098,0.002141714096069336
7793,normal,2789,0,1782358488.1323104,0.002000570297241211
7794,normal,166,0,1782358488.1341949,0.00188446044921875
7795,normal,2429,0,1782358488.136171,0.0019762516021728516
7796,normal,376,0,1782358488.138331,0.0021598339080810547
7797,normal,2738,0,1782358488.1401687,0.0018377304077148438
7798,normal,537,0,1782358488.142336,0.002167224884033203
7799,normal,780,2,1782358488.144312,0.00197601318359375
7800,normal,2725,0,1782358488.146165,0.0018529891967773438
7801,normal,3031,0,1782358488.148341,0.002176046371459961
7802,normal,2534,0,1782358488.150308,0.0019669532775878906
7803,normal,3037,0,1782358488.152162,0.0018541812896728516
7804,normal,2776,0,1782358488.1543102,0.002148151397705078
7805,normal,2716,0,1782358488.156321,0.002010822296142578
7806,normal,2537,0,1782358488.1581624,0.0018413066864013672
7807,normal,2383,0,1782358488.1603355,0.002173185348510742
7808,normal,480,0,1782358488.1623023,0.001966714859008789
7809,normal,2969,0,1782358488.1641638,0.001861572265625
7810,normal,3620,0,1782358488.1663077,0.00214385986328125
7811,normal,1853,0,1782358488.168322,0.0020143985748291016
7812,normal,3123,1,1782358488.1702003,0.0018782615661621094
7813,normal,3416,0,1782358488.172342,0.002141714096069336
7814,normal,369,0,1782358488.17431,0.001967906951904297
7815,normal,2647,0,1782358488.1761694,0.001859426498413086
7816,normal,3029,0,1782358488.1792145,0.0030450820922851562
7817,normal,2798,0,1782358488.1803384,0.0011239051818847656
7818,normal,43,0,1782358488.1821926,0.0018541812896728516
7819,normal,1282,0,1782358488.1843371,0.0021445751190185547
7820,normal,866,2,1782358488.1862264,0.0018892288208007812
7821,normal,3470,0,1782358488.1881561,0.0019297599792480469
7822,normal,2068,0,1782358488.1903033,0.002147197723388672
7823,normal,3305,1,1782358488.1921492,0.0018458366394042969
7824,normal,3380,1,1782358488.1941614,0.0020122528076171875
7825,normal,9,0,1782358488.1961842,0.0020227432250976562
7826,normal,2624,0,1782358488.1981344,0.0019502639770507812
7827,normal,2467,0,1782358488.2001598,0.0020253658294677734
7828,normal,3542,0,1782358488.2021916,0.0020318031311035156
7829,normal,761,0,1782358488.204136,0.0019443035125732422
7830,normal,191,0,1782358488.2061622,0.0020263195037841797
7831,normal,3458,0,1782358488.2081602,0.0019979476928710938
7832,normal,1371,1,1782358488.2101333,0.0019731521606445312
7833,normal,149,0,1782358488.2121587,0.0020253658294677734
7834,normal,3674,0,1782358488.2141888,0.0020301342010498047
7835,normal,1733,0,1782358488.2161968,0.0020079612731933594
7836,normal,347,0,1782358488.2181735,0.0019767284393310547
7837,normal,250,0,1782358488.220177,0.0020034313201904297
7838,normal,1251,0,1782358488.2221355,0.001958608627319336
7839,normal,2317,0,1782358488.2242439,0.002108335494995117
7840,normal,2157,0,1782358488.2262228,0.0019788742065429688
7841,normal,1649,0,1782358488.2283285,0.002105712890625
7842,normal,3454,0,1782358488.2302227,0.001894235610961914
7843,normal,2460,0,1782358488.2323549,0.0021321773529052734
7844,normal,1867,0,1782358488.2343314,0.001976490020751953
7845,normal,3307,1,1782358488.2361956,0.0018641948699951172
7846,normal,3319,1,1782358488.2383575,0.0021619796752929688
7847,normal,207,0,1782358488.240328,0.001970529556274414
7848,normal,2225,0,1782358488.2422347,0.0019066333770751953
7849,normal,2924,0,1782358488.2443569,0.002122163772583008
7850,normal,1839,0,1782358488.2463307,0.001973867416381836
7851,normal,1064,0,1782358488.2482305,0.00189971923828125
7852,normal,3396,1,1782358488.250359,0.00212860107421875
7853,normal,2702,0,1782358488.2523272,0.0019681453704833984
7854,normal,1165,0,1782358488.2542276,0.0019004344940185547
7855,normal,2097,0,1782358488.2563539,0.0021262168884277344
7856,normal,2756,0,1782358488.258333,0.0019791126251220703
7857,normal,3493,0,1782358488.260239,0.0019059181213378906
7858,normal,294,0,1782358488.262361,0.002122163772583008
7859,normal,2533,0,1782358488.2643406,0.0019795894622802734
7860,normal,2766,0,1782358488.266199,0.0018584728240966797
7861,normal,3410,0,1782358488.2683623,0.0021631717681884766
7862,normal,3629,0,1782358488.270332,0.0019698143005371094
7863,normal,2336,0,1782358488.2722347,0.0019025802612304688
7864,normal,1521,0,1782358488.274368,0.0021333694458007812
7865,normal,3003,0,1782358488.2763305,0.001962423324584961
7866,normal,2689,0,1782358488.278226,0.0018954277038574219
7867,normal,319,0,1782358488.2803576,0.0021317005157470703
7868,normal,327,0,1782358488.2823317,0.0019741058349609375
7869,normal,63,0,1782358488.2842293,0.001897573471069336
7870,normal,3083,1,1782358488.2863605,0.002131223678588867
7871,normal,3570,0,1782358488.2883291,0.0019686222076416016
7872,normal,1966,0,1782358488.2902281,0.0018990039825439453
7873,normal,1509,0,1782358488.2923584,0.002130270004272461
7874,normal,2474,0,1782358488.2943304,0.0019719600677490234
7875,normal,1784,0,1782358488.2962308,0.0019004344940185547
7876,normal,1570,0,1782358488.2983577,0.002126932144165039
7877,normal,331,0,1782358488.300329,0.0019712448120117188
7878,normal,3252,1,1782358488.302201,0.0018720626831054688
7879,normal,655,0,1782358488.30436,0.0021588802337646484
7880,normal,901,2,1782358488.306322,0.0019621849060058594
7881,normal,2173,0,1782358488.3082306,0.0019085407257080078
7882,normal,1229,0,1782358488.3103635,0.002132892608642578
7883,normal,3446,0,1782358488.312331,0.0019674301147460938
7884,normal,115,0,1782358488.3142254,0.0018944740295410156
7885,normal,3202,1,1782358488.3163583,0.002132892608642578
7886,normal,1180,0,1782358488.3183289,0.001970529556274414
7887,normal,2550,0,1782358488.3202338,0.0019049644470214844
7888,normal,790,2,1782358488.3223617,0.0021278858184814453
7889,normal,2061,0,1782358488.3243287,0.0019669532775878906
7890,normal,2087,0,1782358488.3262262,0.001897573471069336
7891,normal,2868,0,1782358488.3283608,0.002134561538696289
7892,normal,685,0,1782358488.3303297,0.001968860626220703
7893,normal,31,0,1782358488.3322318,0.0019021034240722656
7894,normal,3143,1,1782358488.33434,0.002108335494995117
7895,normal,2840,0,1782358488.336337,0.0019969940185546875
7896,normal,1628,0,1782358488.3382254,0.001888275146484375
7897,normal,801,2,1782358488.3403618,0.0021364688873291016
7898,normal,1332,1,1782358488.3423305,0.0019686222076416016
7899,normal,1841,0,1782358488.34423,0.0018994808197021484
7900,normal,1441,0,1782358488.3463619,0.002131938934326172
7901,normal,20,0,1782358488.348321,0.001959085464477539
7902,normal,1663,0,1782358488.350162,0.0018410682678222656
7903,normal,2650,0,1782358488.3525383,0.0023763179779052734
7904,normal,46,0,1782358488.3542943,0.0017559528350830078
7905,normal,1032,0,1782358488.3563528,0.0020585060119628906
7906,normal,2526,0,1782358488.35834,0.0019872188568115234
7907,normal,3439,0,1782358488.3603957,0.002055644989013672
7908,normal,3385,1,1782358488.3623095,0.0019137859344482422
7909,normal,2251,0,1782358488.3643267,0.0020172595977783203
7910,normal,2581,0,1782358488.3664067,0.0020799636840820312
7911,normal,3428,0,1782358488.3681676,0.0017609596252441406
7912,normal,1242,0,1782358488.3703516,0.0021839141845703125
7913,normal,2867,0,1782358488.3724964,0.0021448135375976562
7914,normal,2626,0,1782358488.3741944,0.0016980171203613281
7915,normal,2763,0,1782358488.376339,0.0021445751190185547
7916,normal,2560,0,1782358488.3783174,0.0019783973693847656
7917,normal,649,0,1782358488.380195,0.0018775463104248047
7918,normal,3631,0,1782358488.3823378,0.0021429061889648438
7919,normal,2265,0,1782358488.3843071,0.0019693374633789062
7920,normal,2371,0,1782358488.386193,0.0018858909606933594
7921,normal,3323,1,1782358488.3883374,0.002144336700439453
7922,normal,1909,0,1782358488.3903394,0.0020020008087158203
7923,normal,2773,0,1782358488.3921702,0.0018308162689208984
7924,normal,59,0,1782358488.394347,0.0021767616271972656
7925,normal,2399,0,1782358488.3963306,0.001983642578125
7926,normal,2910,0,1782358488.398173,0.001842498779296875
7927,normal,3379,1,1782358488.4003422,0.0021691322326660156
7928,normal,620,0,1782358488.4023294,0.0019872188568115234
7929,normal,3139,1,1782358488.4041734,0.0018439292907714844
7930,normal,2213,0,1782358488.4064891,0.0023157596588134766
7931,normal,1457,0,1782358488.4084136,0.0019245147705078125
7932,normal,2673,0,1782358488.4103372,0.0019235610961914062
7933,normal,778,2,1782358488.4122078,0.0018706321716308594
7934,normal,3339,1,1782358488.4145079,0.0023000240325927734
7935,normal,227,0,1782358488.4162083,0.0017004013061523438
7936,normal,132,0,1782358488.4185236,0.0023152828216552734
7937,normal,2890,0,1782358488.4202952,0.001771688461303711
7938,normal,2028,0,1782358488.4223278,0.0020325183868408203
7939,normal,985,2,1782358488.424309,0.0019812583923339844
7940,normal,428,0,1782358488.42629,0.001981019973754883
7941,normal,1976,0,1782358488.4283044,0.0020143985748291016
7942,normal,97,0,1782358488.4302187,0.0019142627716064453
7943,normal,1279,0,1782358488.4323378,0.0021190643310546875
7944,normal,661,0,1782358488.4342382,0.0019004344940185547
7945,normal,3686,0,1782358488.436305,0.0020668506622314453
7946,normal,687,0,1782358488.4383109,0.0020058155059814453
7947,normal,2392,0,1782358488.4401886,0.0018777847290039062
7948,normal,445,0,1782358488.4423478,0.00215911865234375
7949,normal,2661,0,1782358488.4442859,0.0019381046295166016
7950,normal,1050,0,1782358488.446303,0.0020170211791992188
7951,normal,310,0,1782358488.4482179,0.00191497802734375
7952,normal,1299,0,1782358488.4503362,0.002118349075317383
7953,normal,1829,0,1782358488.4521766,0.001840353012084961
7954,normal,3611,0,1782358488.4543486,0.0021719932556152344
7955,normal,47,0,1782358488.45629,0.0019414424896240234
7956,normal,1286,0,1782358488.4583447,0.0020546913146972656
7957,normal,139,0,1782358488.4602284,0.0018837451934814453
7958,normal,2154,0,1782358488.462362,0.002133607864379883
7959,normal,2375,0,1782358488.4642372,0.001875162124633789
7960,normal,2118,0,1782358488.4663036,0.002066373825073242
7961,normal,671,0,1782358488.4682791,0.001975536346435547
7962,normal,775,2,1782358488.4703488,0.002069711685180664
7963,normal,1226,0,1782358488.4721751,0.0018262863159179688
7964,normal,3389,1,1782358488.4743378,0.0021626949310302734
7965,normal,3269,1,1782358488.4762173,0.0018794536590576172
7966,normal,121,0,1782358488.4783018,0.002084493637084961
7967,normal,1941,0,1782358488.4803097,0.0020079612731933594
7968,normal,2879,0,1782358488.4821897,0.0018799304962158203
7969,normal,2017,0,1782358488.4843504,0.002160787582397461
7970,normal,3698,0,1782358488.4862912,0.0019407272338867188
7971,normal,2315,0,1782358488.4883735,0.002082347869873047
7972,normal,1782,0,1782358488.4901915,0.001817941665649414
7973,normal,476,0,1782358488.492355,0.0021636486053466797
7974,normal,1604,0,1782358488.4941912,0.0018360614776611328
7975,normal,204,0,1782358488.4963465,0.002155303955078125
7976,normal,2120,0,1782358488.4982874,0.0019409656524658203
7977,normal,1088,0,1782358488.5003438,0.0020563602447509766
7978,normal,2481,0,1782358488.502226,0.001882314682006836
7979,normal,2817,0,1782358488.5043612,0.002135038375854492
7980,normal,936,2,1782358488.5062578,0.0018966197967529297
7981,normal,254,0,1782358488.508374,0.0021162033081054688
7982,normal,1037,0,1782358488.5102756,0.0019016265869140625
7983,normal,3367,1,1782358488.5123441,0.0020685195922851562
7984,normal,328,0,1782358488.514181,0.0018367767333984375
7985,normal,1284,0,1782358488.5163374,0.002156496047973633
7986,normal,2922,0,1782358488.5181787,0.0018413066864013672
7987,normal,843,2,1782358488.520367,0.0021882057189941406
7988,normal,1922,0,1782358488.5222747,0.0019078254699707031
7989,normal,3497,0,1782358488.524363,0.002088308334350586
7990,normal,2018,0,1782358488.5261767,0.001813650131225586
7991,normal,2245,0,1782358488.5283408,0.002164125442504883
7992,normal,2297,0,1782358488.53018,0.0018391609191894531
7993,normal,667,0,1782358488.532365,0.0021851062774658203
7994,normal,1837,0,1782358488.5342865,0.0019214153289794922
7995,normal,548,0,1782358488.5363,0.0020134449005126953
7996,normal,2588,0,1782358488.5382462,0.0019462108612060547
7997,normal,3370,1,1782358488.5403395,0.0020933151245117188
7998,normal,402,0,1782358488.5421772,0.0018377304077148438
7999,normal,64,0,1782358488.5443623,0.0021851062774658203
8000,normal,1672,0,1782358488.5462656,0.0019032955169677734
8001,normal,2298,0,1782358488.548309,0.002043485641479492
8002,normal,1221,0,1782358488.5502188,0.0019097328186035156
8003,normal,1729,0,1782358488.5523505,0.0021317005157470703
8004,normal,44,0,1782358488.5541768,0.0018262863159179688
8005,normal,956,2,1782358488.5563617,0.0021848678588867188
8006,normal,405,0,1782358488.5583088,0.001947164535522461
8007,normal,1620,0,1782358488.5603044,0.001995563507080078
8008,normal,3499,0,1782358488.5622177,0.001913309097290039
8009,normal,1520,0,1782358488.5643702,0.0021524429321289062
8010,normal,1233,0,1782358488.5661788,0.0018086433410644531
8011,normal,847,2,1782358488.5683658,0.002187013626098633
8012,normal,1,0,1782358488.5702672,0.001901388168334961
8013,normal,2723,0,1782358488.5723023,0.0020351409912109375
8014,normal,2741,0,1782358488.574253,0.0019507408142089844
8015,normal,707,0,1782358488.5763402,0.002087116241455078
8016,normal,2614,0,1782358488.5781786,0.0018384456634521484
8017,normal,1435,0,1782358488.5803626,0.0021839141845703125
8018,normal,2710,0,1782358488.5823064,0.001943826675415039
8019,normal,1407,0,1782358488.5843017,0.0019953250885009766
8020,normal,1394,0,1782358488.5862505,0.0019488334655761719
8021,normal,759,0,1782358488.5883381,0.0020875930786132812
8022,normal,3599,0,1782358488.5901763,0.0018382072448730469
8023,normal,2134,0,1782358488.592365,0.0021886825561523438
8024,normal,1866,0,1782358488.594268,0.0019030570983886719
8025,normal,2215,0,1782358488.5963008,0.002032756805419922
8026,normal,1542,0,1782358488.598251,0.0019502639770507812
8027,normal,3028,0,1782358488.6003375,0.0020864009857177734
8028,normal,532,0,1782358488.6021762,0.00183868408203125
8029,normal,2880,0,1782358488.6043649,0.0021886825561523438
8030,normal,1953,0,1782358488.6062672,0.0019023418426513672
8031,normal,951,2,1782358488.6083016,0.002034425735473633
8032,normal,1569,0,1782358488.6102715,0.0019698143005371094
8033,normal,1476,0,1782358488.6123405,0.0020689964294433594
8034,normal,1974,0,1782358488.6141777,0.0018372535705566406
8035,normal,384,0,1782358488.6163347,0.002156972885131836
8036,normal,3224,1,1782358488.6182563,0.0019216537475585938
8037,normal,3274,1,1782358488.6203024,0.0020461082458496094
8038,normal,95,0,1782358488.6222186,0.0019161701202392578
8039,normal,2325,0,1782358488.6243389,0.0021202564239501953
8040,normal,909,2,1782358488.626219,0.0018801689147949219
8041,normal,1243,0,1782358488.6283355,0.0021164417266845703
8042,normal,2834,0,1782358488.6302617,0.0019261837005615234
8043,normal,810,2,1782358488.6323454,0.0020837783813476562
8044,normal,1931,0,1782358488.6342003,0.0018548965454101562
8045,normal,3568,0,1782358488.6363368,0.0021364688873291016
8046,normal,1142,0,1782358488.6382177,0.0018808841705322266
8047,normal,3586,0,1782358488.640343,0.002125263214111328
8048,normal,643,0,1782358488.6422746,0.0019316673278808594
8049,normal,303,0,1782358488.644335,0.002060413360595703
8050,normal,2141,0,1782358488.646178,0.0018429756164550781
8051,normal,406,0,1782358488.6483378,0.0021598339080810547
8052,normal,2939,0,1782358488.6502185,0.001880645751953125
8053,normal,3671,0,1782358488.6523337,0.0021152496337890625
8054,normal,90,0,1782358488.6542761,0.0019423961639404297
8055,normal,223,0,1782358488.6563365,0.002060413360595703
8056,normal,112,0,1782358488.6581771,0.0018405914306640625
8057,normal,2360,0,1782358488.660343,0.0021657943725585938
8058,normal,3203,1,1782358488.6621852,0.0018422603607177734
8059,normal,1745,0,1782358488.6643553,0.002170085906982422
8060,normal,1073,0,1782358488.6662724,0.001917123794555664
8061,normal,2281,0,1782358488.668306,0.002033710479736328
8062,normal,1347,1,1782358488.6702178,0.0019116401672363281
8063,normal,1754,0,1782358488.6723397,0.0021219253540039062
8064,normal,2853,0,1782358488.6741757,0.0018360614776611328
8065,normal,665,0,1782358488.6763322,0.002156496047973633
8066,normal,1359,1,1782358488.6782925,0.001960277557373047
8067,normal,388,0,1782358488.6803,0.0020074844360351562
8068,normal,1173,0,1782358488.6822188,0.001918792724609375
8069,normal,2837,0,1782358488.6843371,0.002118349075317383
8070,normal,1067,0,1782358488.686218,0.0018808841705322266
8071,normal,2938,0,1782358488.688334,0.002115964889526367
8072,normal,2508,0,1782358488.690284,0.0019500255584716797
8073,normal,2979,0,1782358488.6923368,0.002052783966064453
8074,normal,2607,0,1782358488.6941793,0.001842498779296875
8075,normal,1159,0,1782358488.696351,0.002171754837036133
8076,normal,2108,0,1782358488.6981766,0.001825571060180664
8077,normal,315,0,1782358488.7003326,0.0021560192108154297
8078,normal,2010,0,1782358488.7022743,0.001941680908203125
8079,normal,1092,0,1782358488.704237,0.0019626617431640625
8080,normal,1227,0,1782358488.7063072,0.002070188522338867
8081,normal,1147,0,1782358488.7082732,0.0019659996032714844
8082,normal,1298,0,1782358488.710175,0.001901865005493164
8083,normal,1187,0,1782358488.712343,0.002167940139770508
8084,normal,690,0,1782358488.7142713,0.0019283294677734375
8085,normal,161,0,1782358488.7162056,0.0019342899322509766
8086,normal,3245,1,1782358488.7183397,0.002134084701538086
8087,normal,833,2,1782358488.7202628,0.0019230842590332031
8088,normal,544,0,1782358488.7221744,0.0019116401672363281
8089,normal,873,2,1782358488.7243361,0.002161741256713867
8090,normal,1175,0,1782358488.7262623,0.0019261837005615234
8091,normal,1615,0,1782358488.7282057,0.001943349838256836
8092,normal,2473,0,1782358488.7303395,0.0021338462829589844
8093,normal,3089,1,1782358488.7322676,0.001928091049194336
8094,normal,2441,0,1782358488.7342057,0.0019381046295166016
8095,normal,2396,0,1782358488.7365315,0.002325773239135742
8096,normal,2410,0,1782358488.7382998,0.001768350601196289
8097,normal,1241,0,1782358488.7402465,0.0019466876983642578
8098,normal,1272,0,1782358488.7424924,0.0022459030151367188
8099,normal,27,0,1782358488.744299,0.001806497573852539
8100,normal,2862,0,1782358488.7462442,0.0019452571868896484
8101,normal,2829,0,1782358488.7483413,0.0020971298217773438
8102,normal,1584,0,1782358488.7504015,0.0020601749420166016
8103,normal,3613,0,1782358488.752229,0.0018274784088134766
8104,normal,1046,0,1782358488.7545202,0.0022912025451660156
8105,normal,3363,1,1782358488.7563026,0.0017824172973632812
8106,normal,2740,0,1782358488.7582173,0.0019147396087646484
8107,normal,3025,0,1782358488.7604136,0.0021963119506835938
8108,normal,676,0,1782358488.7622533,0.0018396377563476562
8109,normal,2098,0,1782358488.7641678,0.0019145011901855469
8110,normal,607,0,1782358488.7663314,0.0021636486053466797
8111,normal,3692,0,1782358488.768246,0.0019145011901855469
8112,normal,3572,0,1782358488.7701645,0.0019185543060302734
8113,normal,814,2,1782358488.7723315,0.0021669864654541016
8114,normal,3040,0,1782358488.774243,0.0019116401672363281
8115,normal,1048,0,1782358488.7761645,0.0019214153289794922
8116,normal,2267,0,1782358488.7782323,0.0020678043365478516
8117,normal,1078,0,1782358488.7808352,0.002602815628051758
8118,normal,3645,0,1782358488.7821708,0.0013356208801269531
8119,normal,256,0,1782358488.7843177,0.0021469593048095703
8120,normal,2652,0,1782358488.7861907,0.001873016357421875
8121,normal,2611,0,1782358488.7883286,0.002137899398803711
8122,normal,368,0,1782358488.790162,0.0018334388732910156
8123,normal,895,2,1782358488.7923226,0.0021605491638183594
8124,normal,2767,0,1782358488.794163,0.001840353012084961
8125,normal,247,0,1782358488.7963555,0.0021924972534179688
8126,normal,1330,1,1782358488.7981806,0.001825094223022461
8127,normal,119,0,1782358488.8002856,0.0021049976348876953
8128,normal,226,0,1782358488.8022087,0.0019230842590332031
8129,normal,2669,0,1782358488.804322,0.00211334228515625
8130,normal,3635,0,1782358488.8061626,0.0018405914306640625
8131,normal,276,0,1782358488.8083217,0.00215911865234375
8132,normal,2836,0,1782358488.8101885,0.0018668174743652344
8133,normal,3150,1,1782358488.812284,0.002095460891723633
8134,normal,2475,0,1782358488.8142123,0.0019283294677734375
8135,normal,3290,1,1782358488.8163533,0.0021409988403320312
8136,normal,1344,1,1782358488.8181624,0.0018091201782226562
8137,normal,84,0,1782358488.8203094,0.0021469593048095703
8138,normal,2237,0,1782358488.8221762,0.0018668174743652344
8139,normal,1300,0,1782358488.8242898,0.0021135807037353516
8140,normal,2895,0,1782358488.826196,0.0019061565399169922
8141,normal,580,0,1782358488.8283157,0.002119779586791992
8142,normal,454,0,1782358488.830163,0.0018472671508789062
8143,normal,1872,0,1782358488.832314,0.002151012420654297
8144,normal,2801,0,1782358488.834243,0.0019290447235107422
8145,normal,1693,0,1782358488.8362947,0.0020515918731689453
8146,normal,1288,0,1782358488.8383074,0.0020127296447753906
8147,normal,731,0,1782358488.8403182,0.002010822296142578
8148,normal,2821,0,1782358488.8421628,0.001844644546508789
8149,normal,1268,0,1782358488.8443072,0.002144336700439453
8150,normal,2668,0,1782358488.8462281,0.001920938491821289
8151,normal,2510,0,1782358488.8482869,0.002058744430541992
8152,normal,3205,1,1782358488.8501928,0.0019059181213378906
8153,normal,326,0,1782358488.8523178,0.0021250247955322266
8154,normal,2007,0,1782358488.854162,0.001844167709350586
8155,normal,3087,1,1782358488.8563101,0.002148151397705078
8156,normal,1434,0,1782358488.8582325,0.0019223690032958984
8157,normal,3707,0,1782358488.8602946,0.002062082290649414
8158,normal,253,0,1782358488.8621962,0.0019016265869140625
8159,normal,888,2,1782358488.8643198,0.002123594284057617
8160,normal,2936,0,1782358488.866163,0.0018432140350341797
8161,normal,2942,0,1782358488.8683546,0.0021915435791015625
8162,normal,1832,0,1782358488.8702164,0.0018618106842041016
8163,normal,314,0,1782358488.8722713,0.002054929733276367
8164,normal,2739,0,1782358488.8741934,0.0019221305847167969
8165,normal,2777,0,1782358488.876316,0.002122640609741211
8166,normal,3610,0,1782358488.8781626,0.0018465518951416016
8167,normal,3531,0,1782358488.8803072,0.0021445751190185547
8168,normal,3480,0,1782358488.8822277,0.001920461654663086
8169,normal,3085,1,1782358488.884261,0.002033233642578125
8170,normal,2585,0,1782358488.8862054,0.0019445419311523438
8171,normal,698,0,1782358488.8883193,0.002113819122314453
8172,normal,815,2,1782358488.8901725,0.0018532276153564453
8173,normal,875,2,1782358488.8923466,0.0021741390228271484
8174,normal,2248,0,1782358488.894228,0.0018813610076904297
8175,normal,1327,1,1782358488.896278,0.0020499229431152344
8176,normal,530,0,1782358488.8981931,0.0019152164459228516
8177,normal,593,0,1782358488.9003193,0.0021262168884277344
8178,normal,2376,0,1782358488.9021635,0.001844167709350586
8179,normal,2008,0,1782358488.9043107,0.002147197723388672
8180,normal,1216,0,1782358488.906221,0.0019102096557617188
8181,normal,1206,0,1782358488.9082778,0.0020568370819091797
8182,normal,1975,0,1782358488.9102075,0.0019297599792480469
8183,normal,1066,0,1782358488.9123218,0.0021142959594726562
8184,normal,782,2,1782358488.9141634,0.0018415451049804688
8185,normal,2366,0,1782358488.9163113,0.0021479129791259766
8186,normal,1699,0,1782358488.9182086,0.0018973350524902344
8187,normal,2385,0,1782358488.9201653,0.0019567012786865234
8188,normal,1000,2,1782358488.9223106,0.0021452903747558594
8189,normal,3301,1,1782358488.9242508,0.0019402503967285156
8190,normal,1581,0,1782358488.9262893,0.0020384788513183594
8191,normal,3073,1,1782358488.9282677,0.0019783973693847656
8192,normal,2286,0,1782358488.9302523,0.0019845962524414062
8193,normal,1042,0,1782358488.9321826,0.00193023681640625
8194,normal,431,0,1782358488.9342628,0.002080202102661133
8195,normal,3422,0,1782358488.9362493,0.0019865036010742188
8196,normal,3119,1,1782358488.9381692,0.0019199848175048828
8197,normal,3128,1,1782358488.9401858,0.0020165443420410156
8198,normal,2204,0,1782358488.9421253,0.001939535140991211
8199,normal,2455,0,1782358488.944212,0.002086639404296875
8200,normal,2863,0,1782358488.9461517,0.0019397735595703125
8201,normal,2252,0,1782358488.948109,0.0019571781158447266
8202,normal,42,0,1782358488.9501705,0.002061605453491211
8203,normal,18,0,1782358488.952129,0.0019583702087402344
8204,normal,1240,0,1782358488.9541137,0.001984834671020508
8205,normal,2249,0,1782358488.9561768,0.0020630359649658203
8206,normal,474,0,1782358488.9583454,0.0021686553955078125
8207,normal,85,0,1782358488.9603095,0.001964092254638672
8208,normal,385,0,1782358488.9621625,0.0018529891967773438
8209,normal,2952,0,1782358488.9643414,0.0021789073944091797
8210,normal,1340,1,1782358488.9663045,0.0019631385803222656
8211,normal,3691,0,1782358488.9681866,0.0018820762634277344
8212,normal,929,2,1782358488.9703348,0.002148151397705078
8213,normal,3049,1,1782358488.9723053,0.001970529556274414
8214,normal,22,0,1782358488.9741647,0.001859426498413086
8215,normal,104,0,1782358488.976334,0.002169370651245117
8216,normal,567,0,1782358488.9783058,0.001971721649169922
8217,normal,2959,0,1782358488.9801667,0.0018608570098876953
8218,normal,436,0,1782358488.982334,0.002167224884033203
8219,normal,2932,0,1782358488.9843009,0.0019669532775878906
8220,normal,2155,0,1782358488.9861643,0.0018634796142578125
8221,normal,354,0,1782358488.988331,0.002166748046875
8222,normal,1248,0,1782358488.9902997,0.0019686222076416016
8223,normal,103,0,1782358488.9921622,0.0018625259399414062
8224,normal,2549,0,1782358488.9943433,0.0021810531616210938
8225,normal,785,2,1782358488.9963064,0.0019631385803222656
8226,normal,1054,0,1782358488.9981625,0.001856088638305664
8227,normal,82,0,1782358489.0003335,0.002171039581298828
8228,normal,611,0,1782358489.0023048,0.0019712448120117188
8229,normal,45,0,1782358489.004163,0.0018582344055175781
8230,normal,3395,1,1782358489.0063326,0.0021696090698242188
8231,normal,452,0,1782358489.0083025,0.0019698143005371094
8232,normal,2159,0,1782358489.0101607,0.0018582344055175781
8233,normal,2175,0,1782358489.0121841,0.002023458480834961
8234,normal,823,2,1782358489.0143182,0.002134084701538086
8235,normal,2872,0,1782358489.0161607,0.001842498779296875
8236,normal,2576,0,1782358489.0183322,0.0021715164184570312
8237,normal,1632,0,1782358489.0203006,0.0019683837890625
8238,normal,1726,0,1782358489.022159,0.0018584728240966797
8239,normal,2323,0,1782358489.0243332,0.0021741390228271484
8240,normal,2264,0,1782358489.026304,0.0019707679748535156
8241,normal,3624,0,1782358489.028161,0.0018570423126220703
8242,normal,3020,0,1782358489.030333,0.0021719932556152344
8243,normal,1431,0,1782358489.0322952,0.0019621849060058594
8244,normal,2718,0,1782358489.03416,0.0018646717071533203
8245,normal,3209,1,1782358489.036293,0.0021331310272216797
8246,normal,889,2,1782358489.038338,0.0020449161529541016
8247,normal,2881,0,1782358489.0401907,0.0018527507781982422
8248,normal,3211,1,1782358489.0423326,0.0021419525146484375
8249,normal,76,0,1782358489.0442972,0.001964569091796875
8250,normal,836,2,1782358489.046183,0.0018858909606933594
8251,normal,1990,0,1782358489.0483353,0.0021522045135498047
8252,normal,3565,0,1782358489.0503182,0.0019829273223876953
8253,normal,829,2,1782358489.0521667,0.001848459243774414
8254,normal,499,0,1782358489.054331,0.0021643638610839844
8255,normal,1317,0,1782358489.056337,0.002006053924560547
8256,normal,3643,0,1782358489.0581625,0.0018253326416015625
8257,normal,413,0,1782358489.060333,0.002170562744140625
8258,normal,545,0,1782358489.0623088,0.0019757747650146484
8259,normal,2531,0,1782358489.0641901,0.0018813610076904297
8260,normal,2953,0,1782358489.0663297,0.002139568328857422
8261,normal,1138,0,1782358489.0683177,0.001987934112548828
8262,normal,231,0,1782358489.070164,0.0018463134765625
8263,normal,2105,0,1782358489.0723288,0.0021648406982421875
8264,normal,199,0,1782358489.07428,0.0019512176513671875
8265,normal,1864,0,1782358489.076177,0.0018968582153320312
8266,normal,527,0,1782358489.078329,0.0021522045135498047
8267,normal,743,0,1782358489.0802803,0.0019512176513671875
8268,normal,3187,1,1782358489.0821643,0.0018839836120605469
8269,normal,2599,0,1782358489.084329,0.002164602279663086
8270,normal,3223,1,1782358489.0862925,0.0019636154174804688
8271,normal,666,0,1782358489.0881608,0.0018682479858398438
8272,normal,2377,0,1782358489.0903296,0.002168893814086914
8273,normal,1420,0,1782358489.0922785,0.0019488334655761719
8274,normal,1978,0,1782358489.0941596,0.0018811225891113281
8275,normal,2580,0,1782358489.096329,0.002169370651245117
8276,normal,2800,0,1782358489.0982778,0.0019488334655761719
8277,normal,40,0,1782358489.1003852,0.002107381820678711
8278,normal,1715,0,1782358489.1021793,0.0017940998077392578
8279,normal,618,0,1782358489.1041753,0.0019960403442382812
8280,normal,1573,0,1782358489.1062438,0.0020685195922851562
8281,normal,3171,1,1782358489.1082346,0.001990795135498047
8282,normal,2446,0,1782358489.1105304,0.0022957324981689453
8283,normal,68,0,1782358489.112219,0.0016887187957763672
8284,normal,2181,0,1782358489.1145124,0.0022933483123779297
8285,normal,1892,0,1782358489.116394,0.0018815994262695312
8286,normal,2591,0,1782358489.1183083,0.0019142627716064453
8287,normal,3490,0,1782358489.1202745,0.001966238021850586
8288,normal,1217,0,1782358489.1223128,0.002038240432739258
8289,normal,597,0,1782358489.124196,0.0018832683563232422
8290,normal,896,2,1782358489.1263826,0.0021865367889404297
8291,normal,36,0,1782358489.1282492,0.0018665790557861328
8292,normal,2164,0,1782358489.1303146,0.002065420150756836
8293,normal,487,0,1782358489.1322463,0.0019316673278808594
8294,normal,80,0,1782358489.1343343,0.0020880699157714844
8295,normal,3689,0,1782358489.1362076,0.0018732547760009766
8296,normal,2894,0,1782358489.1383135,0.0021059513092041016
8297,normal,1397,0,1782358489.1402435,0.0019299983978271484
8298,normal,1525,0,1782358489.1423125,0.0020689964294433594
8299,normal,1957,0,1782358489.1442044,0.0018918514251708984
8300,normal,2254,0,1782358489.1463275,0.002123117446899414
8301,normal,2572,0,1782358489.148204,0.0018765926361083984
8302,normal,130,0,1782358489.1503148,0.002110719680786133
8303,normal,2422,0,1782358489.1522145,0.00189971923828125
8304,normal,2848,0,1782358489.1543448,0.002130270004272461
8305,normal,3178,1,1782358489.1561844,0.0018396377563476562
8306,normal,2293,0,1782358489.1583111,0.0021266937255859375
8307,normal,433,0,1782358489.1601913,0.0018801689147949219
8308,normal,2637,0,1782358489.162314,0.002122640609741211
8309,normal,2805,0,1782358489.1642518,0.0019378662109375
8310,normal,1606,0,1782358489.166248,0.001996278762817383
8311,normal,897,2,1782358489.1681879,0.0019397735595703125
8312,normal,563,0,1782358489.170309,0.0021212100982666016
8313,normal,911,2,1782358489.1721923,0.0018832683563232422
8314,normal,2757,0,1782358489.1743147,0.0021224021911621094
8315,normal,1860,0,1782358489.1762588,0.0019440650939941406
8316,normal,2412,0,1782358489.178202,0.0019431114196777344
8317,normal,2742,0,1782358489.1803396,0.0021376609802246094
8318,normal,3098,1,1782358489.1822114,0.0018718242645263672
8319,normal,230,0,1782358489.1842778,0.002066373825073242
8320,normal,1878,0,1782358489.1861937,0.0019159317016601562
8321,normal,1484,0,1782358489.1882565,0.0020627975463867188
8322,normal,627,0,1782358489.1902504,0.001993894577026367
8323,normal,2184,0,1782358489.1921885,0.0019381046295166016
8324,normal,1018,2,1782358489.1942105,0.0020220279693603516
8325,normal,1487,0,1782358489.196308,0.0020973682403564453
8326,normal,2432,0,1782358489.1982038,0.001895904541015625
8327,normal,952,2,1782358489.2002509,0.0020470619201660156
8328,normal,1814,0,1782358489.2023165,0.0020656585693359375
8329,normal,1817,0,1782358489.2042167,0.0019001960754394531
8330,normal,1913,0,1782358489.2062292,0.002012491226196289
8331,normal,2144,0,1782358489.2082877,0.0020585060119628906
8332,normal,2434,0,1782358489.210204,0.0019161701202392578
8333,normal,2186,0,1782358489.2122664,0.002062559127807617
8334,normal,212,0,1782358489.214194,0.0019276142120361328
8335,normal,272,0,1782358489.2163231,0.002129077911376953
8336,normal,3170,1,1782358489.2182174,0.001894235610961914
8337,normal,2712,0,1782358489.2203152,0.0020978450775146484
8338,normal,2091,0,1782358489.2221708,0.001855611801147461
8339,normal,2671,0,1782358489.2242558,0.002084970474243164
8340,normal,960,2,1782358489.2261999,0.0019440650939941406
8341,normal,3343,1,1782358489.2283082,0.002108335494995117
8342,normal,1121,0,1782358489.2302299,0.0019216537475585938
8343,normal,2188,0,1782358489.232318,0.0020880699157714844
8344,normal,2024,0,1782358489.2341986,0.001880645751953125
8345,normal,1270,0,1782358489.2362528,0.0020542144775390625
8346,normal,2529,0,1782358489.238201,0.0019481182098388672
8347,normal,1631,0,1782358489.2403042,0.0021033287048339844
8348,normal,1676,0,1782358489.2422235,0.0019192695617675781
8349,normal,2582,0,1782358489.2443151,0.002091646194458008
8350,normal,2400,0,1782358489.2461884,0.0018732547760009766
8351,normal,2502,0,1782358489.2482152,0.002026796340942383
8352,normal,210,0,1782358489.2503138,0.002098560333251953
8353,normal,710,0,1782358489.2521708,0.0018570423126220703
8354,normal,1012,2,1782358489.2542515,0.002080678939819336
8355,normal,2447,0,1782358489.256316,0.0020644664764404297
8356,normal,2478,0,1782358489.2581944,0.001878499984741211
8357,normal,3461,0,1782358489.2602274,0.0020329952239990234
8358,normal,2771,0,1782358489.262192,0.001964569091796875
8359,normal,993,2,1782358489.264315,0.0021228790283203125
8360,normal,102,0,1782358489.26623,0.0019152164459228516
8361,normal,664,0,1782358489.2681932,0.0019631385803222656
8362,normal,1505,0,1782358489.2703128,0.0021195411682128906
8363,normal,3141,1,1782358489.2722251,0.0019123554229736328
8364,normal,2312,0,1782358489.274342,0.0021169185638427734
8365,normal,1719,0,1782358489.276173,0.0018310546875
8366,normal,373,0,1782358489.2782555,0.002082347869873047
8367,normal,1269,0,1782358489.2802024,0.0019469261169433594
8368,normal,2597,0,1782358489.2822833,0.0020809173583984375
8369,normal,3062,1,1782358489.2842243,0.0019409656524658203
8370,normal,1414,0,1782358489.2861893,0.001965045928955078
8371,normal,2413,0,1782358489.2883143,0.0021250247955322266
8372,normal,1223,0,1782358489.2902162,0.001901865005493164
8373,normal,3195,1,1782358489.2923174,0.0021011829376220703
8374,normal,2272,0,1782358489.294203,0.0018856525421142578
8375,normal,890,2,1782358489.2962153,0.0020122528076171875
8376,normal,1315,0,1782358489.2983239,0.0021085739135742188
8377,normal,3286,1,1782358489.3001971,0.0018732547760009766
8378,normal,2324,0,1782358489.302213,0.002015829086303711
8379,normal,2613,0,1782358489.3042653,0.00205230712890625
8380,normal,2699,0,1782358489.3061466,0.0018813610076904297
8381,normal,1128,0,1782358489.3081684,0.00202178955078125
8382,normal,307,0,1782358489.3101382,0.0019698143005371094
8383,normal,2937,0,1782358489.3122191,0.0020809173583984375
8384,normal,812,2,1782358489.3142025,0.0019834041595458984
8385,normal,3709,0,1782358489.3161573,0.001954793930053711
8386,normal,443,0,1782358489.3181906,0.002033233642578125
8387,normal,2659,0,1782358489.3201647,0.0019741058349609375
8388,normal,644,0,1782358489.3221455,0.0019807815551757812
8389,normal,134,0,1782358489.3241916,0.0020461082458496094
8390,normal,2456,0,1782358489.3261619,0.0019702911376953125
8391,normal,695,0,1782358489.3281393,0.0019774436950683594
8392,normal,12,0,1782358489.3302152,0.0020759105682373047
8393,normal,1474,0,1782358489.3321986,0.0019834041595458984
8394,normal,628,0,1782358489.334147,0.0019483566284179688
8395,normal,94,0,1782358489.3361905,0.002043485641479492
8396,normal,3453,0,1782358489.3381941,0.0020036697387695312
8397,normal,3111,1,1782358489.3401375,0.001943349838256836
8398,normal,1303,0,1782358489.342213,0.0020754337310791016
8399,normal,1109,0,1782358489.3441982,0.001985311508178711
8400,normal,1002,2,1782358489.3461492,0.001950979232788086
8401,normal,2642,0,1782358489.348202,0.002052783966064453
8402,normal,414,0,1782358489.3501902,0.0019881725311279297
8403,normal,924,2,1782358489.3521953,0.0020051002502441406
8404,normal,834,2,1782358489.3543131,0.0021178722381591797
8405,normal,2415,0,1782358489.3562102,0.0018970966339111328
8406,normal,3621,0,1782358489.358311,0.002100706100463867
8407,normal,2013,0,1782358489.36019,0.001878976821899414
8408,normal,820,2,1782358489.3623075,0.002117633819580078
8409,normal,473,0,1782358489.3641891,0.0018815994262695312
8410,normal,750,0,1782358489.3663013,0.002112150192260742
8411,normal,2948,0,1782358489.3682075,0.0019061565399169922
8412,normal,2115,0,1782358489.370318,0.0021104812622070312
8413,normal,717,0,1782358489.3721843,0.0018663406372070312
8414,normal,1851,0,1782358489.3742218,0.002037525177001953
8415,normal,2149,0,1782358489.3763227,0.0021009445190429688
8416,normal,1825,0,1782358489.3783002,0.0019774436950683594
8417,normal,3388,1,1782358489.3809235,0.002623319625854492
8418,normal,1524,0,1782358489.3821177,0.0011942386627197266
8419,normal,2978,0,1782358489.384149,0.0020313262939453125
8420,normal,3055,1,1782358489.38611,0.0019609928131103516
8421,normal,239,0,1782358489.3881652,0.0020551681518554688
8422,normal,954,2,1782358489.3901405,0.0019752979278564453
8423,normal,1515,0,1782358489.3921719,0.0020313262939453125
8424,normal,1720,0,1782358489.3941102,0.0019383430480957031
8425,normal,1612,0,1782358489.3961506,0.002040386199951172
8426,normal,175,0,1782358489.3981774,0.002026796340942383
8427,normal,238,0,1782358489.4001086,0.0019311904907226562
8428,normal,1662,0,1782358489.4022686,0.0021600723266601562
8429,normal,2045,0,1782358489.4042392,0.001970529556274414
8430,normal,3235,1,1782358489.4061797,0.0019404888153076172
8431,normal,2232,0,1782358489.4084165,0.0022368431091308594
8432,normal,3675,0,1782358489.410229,0.0018124580383300781
8433,normal,2036,0,1782358489.4121854,0.001956462860107422
8434,normal,584,0,1782358489.4141781,0.0019927024841308594
8435,normal,1289,0,1782358489.4164228,0.002244710922241211
8436,normal,1689,0,1782358489.4181807,0.0017578601837158203
8437,normal,165,0,1782358489.420414,0.002233266830444336
8438,normal,623,0,1782358489.4222221,0.00180816650390625
8439,normal,240,0,1782358489.424176,0.0019538402557373047
8440,normal,1873,0,1782358489.4264197,0.0022437572479248047
8441,normal,1346,1,1782358489.4283102,0.001890420913696289
8442,normal,3523,0,1782358489.4301777,0.001867532730102539
8443,normal,400,0,1782358489.4324226,0.0022449493408203125
8444,normal,504,0,1782358489.4343154,0.0018928050994873047
8445,normal,2046,0,1782358489.4361765,0.0018610954284667969
8446,normal,3653,0,1782358489.4384217,0.002245187759399414
8447,normal,377,0,1782358489.4403937,0.0019719600677490234
8448,normal,2577,0,1782358489.4422088,0.0018150806427001953
8449,normal,2790,0,1782358489.4441786,0.0019698143005371094
8450,normal,1005,2,1782358489.4462576,0.002079010009765625
8451,normal,2820,0,1782358489.4481184,0.0018608570098876953
8452,normal,925,2,1782358489.4504135,0.0022950172424316406
8453,normal,3027,0,1782358489.4522603,0.0018467903137207031
8454,normal,1274,0,1782358489.4541185,0.0018582344055175781
8455,normal,2570,0,1782358489.456292,0.0021734237670898438
8456,normal,1905,0,1782358489.4581666,0.001874685287475586
8457,normal,3481,0,1782358489.4601789,0.0020122528076171875
8458,normal,2584,0,1782358489.462413,0.002234220504760742
8459,normal,273,0,1782358489.4643242,0.001911163330078125
8460,normal,364,0,1782358489.4661806,0.0018563270568847656
8461,normal,2888,0,1782358489.4684293,0.0022487640380859375
8462,normal,2634,0,1782358489.4703405,0.001911163330078125
8463,normal,738,0,1782358489.4721804,0.0018398761749267578
8464,normal,2280,0,1782358489.4744139,0.0022335052490234375
8465,normal,2762,0,1782358489.4763188,0.0019049644470214844
8466,normal,1769,0,1782358489.478178,0.0018591880798339844
8467,normal,396,0,1782358489.4804177,0.002239704132080078
8468,normal,1301,0,1782358489.4823165,0.0018987655639648438
8469,normal,3601,0,1782358489.4841793,0.0018627643585205078
8470,normal,2404,0,1782358489.4864142,0.002234935760498047
8471,normal,2351,0,1782358489.4883232,0.001909017562866211
8472,normal,2136,0,1782358489.4901803,0.0018570423126220703
8473,normal,3342,1,1782358489.492415,0.0022346973419189453
8474,normal,1855,0,1782358489.4943295,0.0019145011901855469
8475,normal,1411,0,1782358489.49618,0.0018506050109863281
8476,normal,1758,0,1782358489.4981802,0.002000093460083008
8477,normal,1732,0,1782358489.5003183,0.0021381378173828125
8478,normal,3515,0,1782358489.5021813,0.0018630027770996094
8479,normal,2107,0,1782358489.5041766,0.0019953250885009766
8480,normal,332,0,1782358489.5063174,0.0021407604217529297
8481,normal,430,0,1782358489.5081813,0.0018639564514160156
8482,normal,316,0,1782358489.5101764,0.001995086669921875
8483,normal,1273,0,1782358489.5123122,0.002135753631591797
8484,normal,1970,0,1782358489.5142026,0.001890420913696289
8485,normal,283,0,1782358489.5161788,0.0019762516021728516
8486,normal,2595,0,1782358489.518314,0.002135038375854492
8487,normal,371,0,1782358489.5201547,0.001840829849243164
8488,normal,293,0,1782358489.522151,0.001996278762817383
8489,normal,1561,0,1782358489.5241442,0.0019931793212890625
8490,normal,1557,0,1782358489.526124,0.001979827880859375
8491,normal,1700,0,1782358489.5281546,0.002030611038208008
8492,normal,2063,0,1782358489.5301268,0.001972198486328125
8493,normal,2906,0,1782358489.5321794,0.0020525455474853516
8494,normal,871,2,1782358489.5342827,0.0021033287048339844
8495,normal,481,0,1782358489.536194,0.0019114017486572266
8496,normal,984,2,1782358489.5381222,0.001928091049194336
8497,normal,3193,1,1782358489.5403306,0.0022084712982177734
8498,normal,614,0,1782358489.542161,0.0018303394317626953
8499,normal,1894,0,1782358489.5441072,0.0019462108612060547
8500,normal,21,0,1782358489.5464208,0.0023136138916015625
8501,normal,3189,1,1782358489.5483456,0.001924753189086914
8502,normal,1605,0,1782358489.5501916,0.0018460750579833984
8503,normal,1658,0,1782358489.5521772,0.0019855499267578125
8504,normal,2368,0,1782358489.5543063,0.002129077911376953
8505,normal,3596,0,1782358489.556177,0.0018706321716308594
8506,normal,1675,0,1782358489.5581865,0.0020096302032470703
8507,normal,2982,0,1782358489.5603037,0.002117156982421875
8508,normal,1977,0,1782358489.5621772,0.0018734931945800781
8509,normal,491,0,1782358489.564419,0.002241849899291992
8510,normal,3582,0,1782358489.566339,0.0019199848175048828
8511,normal,3476,0,1782358489.5681882,0.0018491744995117188
8512,normal,111,0,1782358489.570177,0.0019888877868652344
8513,normal,1534,0,1782358489.572308,0.0021309852600097656
8514,normal,3005,0,1782358489.5741775,0.0018694400787353516
8515,normal,768,0,1782358489.5764213,0.0022437572479248047
8516,normal,77,0,1782358489.57833,0.0019087791442871094
8517,normal,3131,1,1782358489.5801861,0.001856088638305664
8518,normal,1532,0,1782358489.5824199,0.002233743667602539
8519,normal,2214,0,1782358489.584329,0.001909017562866211
8520,normal,177,0,1782358489.586203,0.0018742084503173828
8521,normal,3033,0,1782358489.5881872,0.001984119415283203
8522,normal,2899,0,1782358489.5903304,0.0021431446075439453
8523,normal,533,0,1782358489.5921874,0.0018570423126220703
8524,normal,878,2,1782358489.594444,0.002256631851196289
8525,normal,3508,0,1782358489.5963318,0.0018877983093261719
8526,normal,3677,0,1782358489.5982134,0.0018815994262695312
8527,normal,840,2,1782358489.6001768,0.001963376998901367
8528,normal,2541,0,1782358489.602298,0.0021212100982666016
8529,normal,1875,0,1782358489.6041782,0.0018801689147949219
8530,normal,1219,0,1782358489.6064162,0.002238035202026367
8531,normal,1979,0,1782358489.608327,0.0019106864929199219
8532,normal,3219,1,1782358489.6102986,0.001971721649169922
8533,normal,2620,0,1782358489.6122382,0.001939535140991211
8534,normal,1417,0,1782358489.6141856,0.0019474029541015625
8535,normal,2373,0,1782358489.616156,0.001970529556274414
8536,normal,2137,0,1782358489.6181715,0.002015352249145508
8537,normal,2113,0,1782358489.6201935,0.0020220279693603516
8538,normal,1104,0,1782358489.6224186,0.002225160598754883
8539,normal,1325,1,1782358489.6242266,0.0018079280853271484
8540,normal,1874,0,1782358489.6263478,0.0021212100982666016
8541,normal,1348,1,1782358489.6282156,0.0018677711486816406
8542,normal,1302,0,1782358489.6303794,0.0021638870239257812
8543,normal,3477,0,1782358489.6322937,0.0019142627716064453
8544,normal,189,0,1782358489.6342316,0.0019378662109375
8545,normal,3569,0,1782358489.636388,0.002156496047973633
8546,normal,304,0,1782358489.638279,0.0018908977508544922
8547,normal,1447,0,1782358489.6402004,0.0019214153289794922
8548,normal,3547,0,1782358489.6423714,0.002171039581298828
8549,normal,202,0,1782358489.6443343,0.001962900161743164
8550,normal,980,2,1782358489.6462142,0.0018799304962158203
8551,normal,2866,0,1782358489.6483786,0.0021643638610839844
8552,normal,998,2,1782358489.6503115,0.0019328594207763672
8553,normal,1885,0,1782358489.6522334,0.0019218921661376953
8554,normal,1124,0,1782358489.6543846,0.0021512508392333984
8555,normal,926,2,1782358489.6562858,0.0019011497497558594
8556,normal,1205,0,1782358489.6582005,0.0019147396087646484
8557,normal,1608,0,1782358489.660369,0.002168416976928711
8558,normal,828,2,1782358489.6623402,0.0019712448120117188
8559,normal,559,0,1782358489.6642156,0.0018754005432128906
8560,normal,3505,0,1782358489.6663709,0.002155303955078125
8561,normal,2345,0,1782358489.6683471,0.0019762516021728516
8562,normal,1812,0,1782358489.670228,0.0018808841705322266
8563,normal,645,0,1782358489.67238,0.002151966094970703
8564,normal,1502,0,1782358489.674294,0.0019140243530273438
8565,normal,713,0,1782358489.6762338,0.0019397735595703125
8566,normal,550,0,1782358489.6783834,0.0021495819091796875
8567,normal,3353,1,1782358489.6802778,0.0018944740295410156
8568,normal,2780,0,1782358489.6822007,0.0019228458404541016
8569,normal,1156,0,1782358489.6843793,0.002178668975830078
8570,normal,1295,0,1782358489.6863472,0.001967906951904297
8571,normal,3637,0,1782358489.6882007,0.0018534660339355469
8572,normal,457,0,1782358489.6903648,0.002164125442504883
8573,normal,764,0,1782358489.6923087,0.001943826675415039
8574,normal,2676,0,1782358489.6942105,0.001901865005493164
8575,normal,1619,0,1782358489.6963685,0.002157926559448242
8576,normal,3326,1,1782358489.6983042,0.001935720443725586
8577,normal,784,2,1782358489.7002115,0.0019073486328125
8578,normal,2358,0,1782358489.702367,0.0021555423736572266
8579,normal,2717,0,1782358489.704319,0.0019519329071044922
8580,normal,3236,1,1782358489.7062128,0.001893758773803711
8581,normal,1055,0,1782358489.708382,0.0021691322326660156
8582,normal,2306,0,1782358489.7102885,0.0019066333770751953
8583,normal,3498,0,1782358489.7122333,0.0019447803497314453
8584,normal,180,0,1782358489.7143831,0.002149820327758789
8585,normal,2904,0,1782358489.716273,0.001889944076538086
8586,normal,1450,0,1782358489.7181997,0.0019266605377197266
8587,normal,3216,1,1782358489.7203689,0.0021691322326660156
8588,normal,1117,0,1782358489.7223256,0.0019567012786865234
8589,normal,1775,0,1782358489.7242184,0.0018928050994873047
8590,normal,448,0,1782358489.7263806,0.0021622180938720703
8591,normal,3528,0,1782358489.7282863,0.001905679702758789
8592,normal,2822,0,1782358489.7302315,0.0019452571868896484
8593,normal,3166,1,1782358489.7323868,0.002155303955078125
8594,normal,2199,0,1782358489.7342858,0.0018990039825439453
8595,normal,881,2,1782358489.7362,0.0019142627716064453
8596,normal,2498,0,1782358489.7383745,0.00217437744140625
8597,normal,3504,0,1782358489.7403471,0.001972675323486328
8598,normal,2180,0,1782358489.7422135,0.0018663406372070312
8599,normal,3554,0,1782358489.7443757,0.0021622180938720703
8600,normal,1432,0,1782358489.7462833,0.0019075870513916016
8601,normal,248,0,1782358489.7482002,0.0019168853759765625
8602,normal,792,2,1782358489.750373,0.002172708511352539
8603,normal,23,0,1782358489.7523324,0.001959562301635742
8604,normal,2703,0,1782358489.7542324,0.0018999576568603516
8605,normal,93,0,1782358489.7563725,0.002140045166015625
8606,normal,2428,0,1782358489.7583156,0.0019431114196777344
8607,normal,3332,1,1782358489.7602353,0.0019197463989257812
8608,normal,1589,0,1782358489.762379,0.0021436214447021484
8609,normal,528,0,1782358489.7643006,0.0019216537475585938
8610,normal,3696,0,1782358489.7661986,0.001898050308227539
8611,normal,2644,0,1782358489.7683706,0.0021719932556152344
8612,normal,3318,1,1782358489.7703562,0.0019855499267578125
8613,normal,2111,0,1782358489.772309,0.0019528865814208984
8614,normal,437,0,1782358489.7742064,0.0018973350524902344
8615,normal,591,0,1782358489.7763364,0.0021300315856933594
8616,normal,3684,0,1782358489.7782257,0.0018892288208007812
8617,normal,2600,0,1782358489.780373,0.0021474361419677734
8618,normal,763,0,1782358489.7823384,0.0019652843475341797
8619,normal,3061,1,1782358489.784237,0.0018985271453857422
8620,normal,571,0,1782358489.7863762,0.0021393299102783203
8621,normal,2257,0,1782358489.7883124,0.001936197280883789
8622,normal,3381,1,1782358489.7902384,0.0019259452819824219
8623,normal,3144,1,1782358489.7922041,0.001965761184692383
8624,normal,3124,1,1782358489.7943316,0.002127408981323242
8625,normal,3545,0,1782358489.7962346,0.0019030570983886719
8626,normal,2988,0,1782358489.7983682,0.002133607864379883
8627,normal,2610,0,1782358489.8003418,0.0019736289978027344
8628,normal,173,0,1782358489.8022377,0.001895904541015625
8629,normal,1089,0,1782358489.8043754,0.0021376609802246094
8630,normal,2142,0,1782358489.8063104,0.0019350051879882812
8631,normal,416,0,1782358489.8082213,0.0019109249114990234
8632,normal,772,2,1782358489.8103714,0.0021500587463378906
8633,normal,1831,0,1782358489.8123372,0.001965761184692383
8634,normal,1698,0,1782358489.8142421,0.0019049644470214844
8635,normal,2233,0,1782358489.816378,0.0021359920501708984
8636,normal,58,0,1782358489.8183045,0.001926422119140625
8637,normal,3022,0,1782358489.8202312,0.0019266605377197266
8638,normal,2538,0,1782358489.8223839,0.002152681350708008
8639,normal,2476,0,1782358489.824284,0.0019001960754394531
8640,normal,2070,0,1782358489.8262007,0.001916646957397461
8641,normal,1771,0,1782358489.8283718,0.002171039581298828
8642,normal,2043,0,1782358489.83033,0.001958131790161133
8643,normal,1763,0,1782358489.832236,0.0019061565399169922
8644,normal,2987,0,1782358489.8343832,0.002147197723388672
8645,normal,136,0,1782358489.8362973,0.0019140243530273438
8646,normal,1076,0,1782358489.8382275,0.00193023681640625
8647,normal,3419,0,1782358489.8403714,0.00214385986328125
8648,normal,1396,0,1782358489.8423524,0.001981019973754883
8649,normal,1410,0,1782358489.844234,0.0018815994262695312
8650,normal,237,0,1782358489.8463817,0.002147674560546875
8651,normal,96,0,1782358489.8482943,0.0019125938415527344
8652,normal,2190,0,1782358489.8502333,0.0019390583038330078
8653,normal,485,0,1782358489.852384,0.0021507740020751953
8654,normal,1798,0,1782358489.8542786,0.0018944740295410156
8655,normal,3483,0,1782358489.8562026,0.0019240379333496094
8656,normal,83,0,1782358489.8583703,0.0021677017211914062
8657,normal,3157,1,1782358489.8603296,0.0019593238830566406
8658,normal,1504,0,1782358489.8622413,0.0019116401672363281
8659,normal,3048,1,1782358489.8643765,0.0021352767944335938
8660,normal,837,2,1782358489.8662536,0.0018770694732666016
8661,normal,2266,0,1782358489.8682346,0.001981019973754883
8662,normal,882,2,1782358489.8703816,0.0021469593048095703
8663,normal,3618,0,1782358489.8722773,0.0018956661224365234
8664,normal,1052,0,1782358489.8742027,0.0019254684448242188
8665,normal,868,2,1782358489.8763678,0.002165079116821289
8666,normal,2891,0,1782358489.8783236,0.001955747604370117
8667,normal,2903,0,1782358489.880214,0.001890420913696289
8668,normal,1080,0,1782358489.8823776,0.0021636486053466797
8669,normal,1530,0,1782358489.884294,0.0019164085388183594
8670,normal,2737,0,1782358489.88624,0.0019459724426269531
8671,normal,421,0,1782358489.8883848,0.0021448135375976562
8672,normal,2001,0,1782358489.890272,0.0018870830535888672
8673,normal,1993,0,1782358489.8922036,0.0019316673278808594
8674,normal,2831,0,1782358489.8943856,0.0021820068359375
8675,normal,3372,1,1782358489.8963044,0.001918792724609375
8676,normal,3000,0,1782358489.8982012,0.0018968582153320312
8677,normal,2465,0,1782358489.9003706,0.002169370651245117
8678,normal,260,0,1782358489.90233,0.0019593238830566406
8679,normal,3406,0,1782358489.904214,0.0018839836120605469
8680,normal,1593,0,1782358489.906381,0.0021669864654541016
8681,normal,1162,0,1782358489.9082856,0.0019047260284423828
8682,normal,135,0,1782358489.9102366,0.001950979232788086
8683,normal,3120,1,1782358489.9123864,0.002149820327758789
8684,normal,718,0,1782358489.9142704,0.0018839836120605469
8685,normal,1254,0,1782358489.916201,0.0019307136535644531
8686,normal,1554,0,1782358489.9183726,0.0021715164184570312
8687,normal,2955,0,1782358489.9202962,0.0019235610961914062
8688,normal,1412,0,1782358489.9222155,0.0019192695617675781
8689,normal,1884,0,1782358489.9243782,0.0021626949310302734
8690,normal,934,2,1782358489.9263086,0.0019304752349853516
8691,normal,3447,0,1782358489.92824,0.0019314289093017578
8692,normal,2235,0,1782358489.9303923,0.0021522045135498047
8693,normal,944,2,1782358489.932301,0.0019087791442871094
8694,normal,697,0,1782358489.9342096,0.0019085407257080078
8695,normal,277,0,1782358489.9363692,0.002159595489501953
8696,normal,3042,0,1782358489.9382982,0.0019290447235107422
8697,normal,1877,0,1782358489.9402,0.001901865005493164
8698,normal,3432,0,1782358489.9422143,0.00201416015625
8699,normal,760,0,1782358489.9443045,0.0020902156829833984
8700,normal,2313,0,1782358489.9462125,0.0019080638885498047
8701,normal,1139,0,1782358489.9483666,0.002154111862182617
8702,normal,1903,0,1782358489.950246,0.0018794536590576172
8703,normal,2998,0,1782358489.9521863,0.0019402503967285156
8704,normal,1184,0,1782358489.9543538,0.0021674633026123047
8705,normal,2999,0,1782358489.9562619,0.0019080638885498047
8706,normal,3628,0,1782358489.9581683,0.0019063949584960938
8707,normal,2855,0,1782358489.9603586,0.0021903514862060547
8708,normal,200,0,1782358489.9622598,0.0019011497497558594
8709,normal,2106,0,1782358489.9641664,0.0019066333770751953
8710,normal,2079,0,1782358489.9663684,0.0022020339965820312
8711,normal,1428,0,1782358489.9682372,0.0018687248229980469
8712,normal,2721,0,1782358489.9701693,0.0019321441650390625
8713,normal,2714,0,1782358489.9723632,0.002193927764892578
8714,normal,872,2,1782358489.974258,0.0018947124481201172
8715,normal,122,0,1782358489.9761627,0.0019047260284423828
8716,normal,3495,0,1782358489.9783678,0.0022051334381103516
8717,normal,3583,0,1782358489.9812813,0.0029134750366210938
8718,normal,3664,0,1782358489.9821754,0.0008940696716308594
8719,normal,1900,0,1782358489.9841743,0.0019989013671875
8720,normal,514,0,1782358489.9861495,0.0019752979278564453
8721,normal,2758,0,1782358489.9881265,0.0019769668579101562
8722,normal,3015,0,1782358489.9901178,0.00199127197265625
8723,normal,429,0,1782358489.9921262,0.0020084381103515625
8724,normal,3188,1,1782358489.9941297,0.0020034313201904297
8725,normal,1070,0,1782358489.9961264,0.001996755599975586
8726,normal,1015,2,1782358489.9981322,0.0020058155059814453
8727,normal,3375,1,1782358490.0001147,0.001982450485229492
8728,normal,3063,1,1782358490.0021267,0.002012014389038086
8729,normal,863,2,1782358490.0041142,0.001987457275390625
8730,normal,1886,0,1782358490.0061674,0.0020532608032226562
8731,normal,1625,0,1782358490.008368,0.002200603485107422
8732,normal,2374,0,1782358490.0101902,0.0018222332000732422
8733,normal,357,0,1782358490.012365,0.002174854278564453
8734,normal,1618,0,1782358490.0142012,0.0018360614776611328
8735,normal,2101,0,1782358490.016376,0.002174854278564453
8736,normal,3647,0,1782358490.0182035,0.0018274784088134766
8737,normal,1053,0,1782358490.020386,0.002182483673095703
8738,normal,1062,0,1782358490.0221841,0.0017981529235839844
8739,normal,2367,0,1782358490.024381,0.002196788787841797
8740,normal,3112,1,1782358490.026213,0.0018320083618164062
8741,normal,2150,0,1782358490.0283463,0.0021333694458007812
8742,normal,3426,0,1782358490.0302165,0.0018701553344726562
8743,normal,615,0,1782358490.0323825,0.0021660327911376953
8744,normal,995,2,1782358490.034302,0.0019195079803466797
8745,normal,3701,0,1782358490.036233,0.0019309520721435547
8746,normal,3045,1,1782358490.0383863,0.0021533966064453125
8747,normal,990,2,1782358490.040281,0.0018947124481201172
8748,normal,1728,0,1782358490.0422003,0.0019192695617675781
8749,normal,1940,0,1782358490.044391,0.0021905899047851562
8750,normal,1891,0,1782358490.046301,0.0019099712371826172
8751,normal,1379,1,1782358490.048249,0.0019481182098388672
8752,normal,915,2,1782358490.050383,0.002134084701538086
8753,normal,3210,1,1782358490.0523064,0.0019233226776123047
8754,normal,258,0,1782358490.0542152,0.0019087791442871094
8755,normal,2825,0,1782358490.056374,0.0021588802337646484
8756,normal,1193,0,1782358490.058333,0.0019588470458984375
8757,normal,494,0,1782358490.0602112,0.0018782615661621094
8758,normal,2067,0,1782358490.0623822,0.002171039581298828
8759,normal,425,0,1782358490.064294,0.0019118785858154297
8760,normal,2765,0,1782358490.066202,0.0019078254699707031
8761,normal,3116,1,1782358490.0682337,0.0020318031311035156
8762,normal,2589,0,1782358490.0703294,0.0020956993103027344
8763,normal,744,0,1782358490.0722353,0.0019059181213378906
8764,normal,2051,0,1782358490.0743797,0.002144336700439453
8765,normal,2416,0,1782358490.0762932,0.0019135475158691406
8766,normal,1418,0,1782358490.0782328,0.001939535140991211
8767,normal,2493,0,1782358490.0803845,0.0021517276763916016
8768,normal,2823,0,1782358490.0822978,0.001913309097290039
8769,normal,1610,0,1782358490.0842283,0.0019304752349853516
8770,normal,3296,1,1782358490.0863712,0.0021429061889648438
8771,normal,1310,0,1782358490.0883083,0.0019371509552001953
8772,normal,1258,0,1782358490.0902154,0.0019071102142333984
8773,normal,3708,0,1782358490.092395,0.0021796226501464844
8774,normal,3537,0,1782358490.094313,0.0019178390502929688
8775,normal,1936,0,1782358490.0962021,0.0018892288208007812
8776,normal,1537,0,1782358490.098385,0.0021829605102539062
8777,normal,622,0,1782358490.1001885,0.0018033981323242188
8778,normal,3679,0,1782358490.1021376,0.0019490718841552734
8779,normal,947,2,1782358490.1042104,0.0020728111267089844
8780,normal,146,0,1782358490.1061125,0.0019021034240722656
8781,normal,1802,0,1782358490.1081083,0.0019958019256591797
8782,normal,3105,1,1782358490.1101737,0.002065420150756836
8783,normal,1734,0,1782358490.1123264,0.002152681350708008
8784,normal,517,0,1782358490.1142004,0.0018739700317382812
8785,normal,2384,0,1782358490.1163561,0.002155780792236328
8786,normal,1889,0,1782358490.118238,0.0018818378448486328
8787,normal,274,0,1782358490.120174,0.0019359588623046875
8788,normal,2250,0,1782358490.122325,0.002151012420654297
8789,normal,1137,0,1782358490.1242352,0.0019102096557617188
8790,normal,214,0,1782358490.12617,0.0019347667694091797
8791,normal,467,0,1782358490.128338,0.0021681785583496094
8792,normal,3225,1,1782358490.130246,0.0019078254699707031
8793,normal,1510,0,1782358490.1322014,0.0019555091857910156
8794,normal,3164,1,1782358490.134361,0.002159595489501953
8795,normal,1958,0,1782358490.1362152,0.0018541812896728516
8796,normal,2970,0,1782358490.1381605,0.0019452571868896484
8797,normal,605,0,1782358490.140329,0.002168416976928711
8798,normal,1383,0,1782358490.1422393,0.0019104480743408203
8799,normal,1077,0,1782358490.1442058,0.0019664764404296875
8800,normal,2100,0,1782358490.1463206,0.0021147727966308594
8801,normal,917,2,1782358490.1482546,0.001934051513671875
8802,normal,2523,0,1782358490.1501594,0.0019047260284423828
8803,normal,1373,1,1782358490.1523275,0.0021681785583496094
8804,normal,1944,0,1782358490.1542478,0.0019202232360839844
8805,normal,1725,0,1782358490.1561968,0.0019490718841552734
8806,normal,2274,0,1782358490.158345,0.002148151397705078
8807,normal,1562,0,1782358490.16024,0.0018949508666992188
8808,normal,2540,0,1782358490.1621592,0.0019192695617675781
8809,normal,3298,1,1782358490.16433,0.0021708011627197266
8810,normal,2302,0,1782358490.1662426,0.0019125938415527344
8811,normal,1611,0,1782358490.1681936,0.001950979232788086
8812,normal,3672,0,1782358490.1703467,0.002153158187866211
8813,normal,2163,0,1782358490.1722364,0.0018897056579589844
8814,normal,3627,0,1782358490.1741588,0.0019223690032958984
8815,normal,387,0,1782358490.1763282,0.002169370651245117
8816,normal,2222,0,1782358490.178255,0.0019268989562988281
8817,normal,1792,0,1782358490.1801643,0.0019092559814453125
8818,normal,2019,0,1782358490.1823428,0.0021784305572509766
8819,normal,380,0,1782358490.1842387,0.001895904541015625
8820,normal,3297,1,1782358490.1861644,0.0019257068634033203
8821,normal,60,0,1782358490.1883285,0.002164125442504883
8822,normal,2119,0,1782358490.1902025,0.0018739700317382812
8823,normal,500,0,1782358490.1921651,0.0019626617431640625
8824,normal,1148,0,1782358490.1941593,0.0019941329956054688
8825,normal,3109,1,1782358490.1963255,0.002166271209716797
8826,normal,1095,0,1782358490.198161,0.0018353462219238281
8827,normal,2722,0,1782358490.2003298,0.002168893814086914
8828,normal,608,0,1782358490.2022643,0.0019345283508300781
8829,normal,1372,1,1782358490.2041643,0.0018999576568603516
8830,normal,523,0,1782358490.2063446,0.002180337905883789
8831,normal,164,0,1782358490.208235,0.001890420913696289
8832,normal,3156,1,1782358490.2101607,0.0019257068634033203
8833,normal,2875,0,1782358490.2123277,0.0021669864654541016
8834,normal,3553,0,1782358490.2142477,0.0019199848175048828
8835,normal,3666,0,1782358490.2161953,0.001947641372680664
8836,normal,3113,1,1782358490.2183561,0.002160787582397461
8837,normal,3268,1,1782358490.2202303,0.0018742084503173828
8838,normal,334,0,1782358490.2221606,0.00193023681640625
8839,normal,3472,0,1782358490.2243235,0.002162933349609375
8840,normal,1842,0,1782358490.2262528,0.0019292831420898438
8841,normal,3678,0,1782358490.228163,0.0019102096557617188
8842,normal,688,0,1782358490.2303457,0.0021827220916748047
8843,normal,729,0,1782358490.2322283,0.0018825531005859375
8844,normal,842,2,1782358490.2341602,0.001931905746459961
8845,normal,1152,0,1782358490.23632,0.0021598339080810547
8846,normal,1592,0,1782358490.238382,0.002062082290649414
8847,normal,2470,0,1782358490.240198,0.0018157958984375
8848,normal,2127,0,1782358490.2423456,0.002147674560546875
8849,normal,1516,0,1782358490.244241,0.0018954277038574219
8850,normal,1655,0,1782358490.2461665,0.0019254684448242188
8851,normal,2116,0,1782358490.2483356,0.0021691322326660156
8852,normal,1708,0,1782358490.250248,0.0019123554229736328
8853,normal,2754,0,1782358490.2521982,0.0019502639770507812
8854,normal,3467,0,1782358490.2543461,0.0021479129791259766
8855,normal,1880,0,1782358490.2562428,0.0018966197967529297
8856,normal,891,2,1782358490.2581587,0.0019159317016601562
8857,normal,804,2,1782358490.2603207,0.0021619796752929688
8858,normal,746,0,1782358490.2622519,0.0019311904907226562
8859,normal,1296,0,1782358490.2641687,0.0019168853759765625
8860,normal,1143,0,1782358490.2663205,0.0021517276763916016
8861,normal,2041,0,1782358490.2682722,0.0019516944885253906
8862,normal,3699,0,1782358490.270192,0.0019197463989257812
8863,normal,1236,0,1782358490.2723463,0.0021543502807617188
8864,normal,757,0,1782358490.2742484,0.0019021034240722656
8865,normal,1154,0,1782358490.2761614,0.0019130706787109375
8866,normal,1790,0,1782358490.2783265,0.002165079116821289
8867,normal,1497,0,1782358490.2802622,0.001935720443725586
8868,normal,865,2,1782358490.2821972,0.0019350051879882812
8869,normal,3661,0,1782358490.284346,0.002148866653442383
8870,normal,2309,0,1782358490.2862504,0.0019042491912841797
8871,normal,3277,1,1782358490.2881594,0.001909017562866211
8872,normal,2617,0,1782358490.2903285,0.0021691322326660156
8873,normal,825,2,1782358490.2922578,0.0019292831420898438
8874,normal,1898,0,1782358490.2941592,0.001901388168334961
8875,normal,3468,0,1782358490.2963517,0.0021924972534179688
8876,normal,741,0,1782358490.2982354,0.0018837451934814453
8877,normal,3330,1,1782358490.3001685,0.0019330978393554688
8878,normal,2380,0,1782358490.3023162,0.002147674560546875
8879,normal,1682,0,1782358490.3042412,0.0019249916076660156
8880,normal,2437,0,1782358490.3061588,0.0019176006317138672
8881,normal,2161,0,1782358490.3083248,0.0021660327911376953
8882,normal,970,2,1782358490.31026,0.0019352436065673828
8883,normal,767,0,1782358490.312199,0.0019390583038330078
8884,normal,2356,0,1782358490.314347,0.0021479129791259766
8885,normal,1319,1,1782358490.3162575,0.0019104480743408203
8886,normal,3282,1,1782358490.3181598,0.0019023418426513672
8887,normal,2337,0,1782358490.320166,0.0020062923431396484
8888,normal,1575,0,1782358490.3223224,0.0021562576293945312
8889,normal,1098,0,1782358490.3241985,0.0018761157989501953
8890,normal,2842,0,1782358490.3263447,0.0021462440490722656
8891,normal,3561,0,1782358490.328241,0.0018963813781738281
8892,normal,1919,0,1782358490.3301632,0.0019221305847167969
8893,normal,1090,0,1782358490.3321683,0.0020051002502441406
8894,normal,1495,0,1782358490.334323,0.0021545886993408203
8895,normal,3114,1,1782358490.3361993,0.0018763542175292969
8896,normal,2643,0,1782358490.338354,0.002154827117919922
8897,normal,1799,0,1782358490.3402462,0.00189208984375
8898,normal,696,0,1782358490.3421655,0.0019192695617675781
8899,normal,1210,0,1782358490.3443353,0.0021698474884033203
8900,normal,3023,0,1782358490.346251,0.0019156932830810547
8901,normal,3383,1,1782358490.348194,0.0019428730010986328
8902,normal,2884,0,1782358490.350232,0.0020380020141601562
8903,normal,1390,0,1782358490.3523946,0.0021626949310302734
8904,normal,3024,0,1782358490.354329,0.0019345283508300781
8905,normal,830,2,1782358490.3565164,0.0021872520446777344
8906,normal,2406,0,1782358490.3582187,0.0017023086547851562
8907,normal,2562,0,1782358490.3601935,0.001974821090698242
8908,normal,381,0,1782358490.3623526,0.00215911865234375
8909,normal,3564,0,1782358490.3643029,0.0019502639770507812
8910,normal,893,2,1782358490.3662374,0.0019345283508300781
8911,normal,700,0,1782358490.3683686,0.002131223678588867
8912,normal,87,0,1782358490.3702884,0.0019197463989257812
8913,normal,2804,0,1782358490.3722243,0.0019359588623046875
8914,normal,1896,0,1782358490.3743694,0.002145051956176758
8915,normal,490,0,1782358490.3762338,0.0018644332885742188
8916,normal,2944,0,1782358490.378169,0.0019352436065673828
8917,normal,2623,0,1782358490.3803668,0.002197742462158203
8918,normal,2708,0,1782358490.3822744,0.0019075870513916016
8919,normal,1806,0,1782358490.3842232,0.0019488334655761719
8920,normal,1645,0,1782358490.3861854,0.0019621849060058594
8921,normal,704,0,1782358490.388329,0.0021436214447021484
8922,normal,660,0,1782358490.3901863,0.0018572807312011719
8923,normal,1583,0,1782358490.3923564,0.002170085906982422
8924,normal,244,0,1782358490.3942401,0.0018837451934814453
8925,normal,1852,0,1782358490.3961887,0.0019485950469970703
8926,normal,2557,0,1782358490.3983607,0.0021719932556152344
8927,normal,2619,0,1782358490.4002454,0.0018846988677978516
8928,normal,2344,0,1782358490.4022171,0.001971721649169922
8929,normal,1988,0,1782358490.4043734,0.0021562576293945312
8930,normal,3546,0,1782358490.4062226,0.0018491744995117188
8931,normal,2554,0,1782358490.4081938,0.0019712448120117188
8932,normal,147,0,1782358490.4103544,0.0021605491638183594
8933,normal,910,2,1782358490.4122684,0.0019140243530273438
8934,normal,1915,0,1782358490.4141889,0.001920461654663086
8935,normal,1454,0,1782358490.416365,0.002176046371459961
8936,normal,55,0,1782358490.4182384,0.0018734931945800781
8937,normal,1013,2,1782358490.4202173,0.0019788742065429688
8938,normal,1387,0,1782358490.4223661,0.002148866653442383
8939,normal,2715,0,1782358490.4242218,0.001855611801147461
8940,normal,531,0,1782358490.4261842,0.001962423324584961
8941,normal,922,2,1782358490.4283612,0.002177000045776367
8942,normal,2290,0,1782358490.4302406,0.0018794536590576172
8943,normal,1599,0,1782358490.4322157,0.0019750595092773438
8944,normal,1961,0,1782358490.434366,0.002150297164916992
8945,normal,617,0,1782358490.4362414,0.0018754005432128906
8946,normal,1020,2,1782358490.438185,0.0019435882568359375
8947,normal,592,0,1782358490.440356,0.002171039581298828
8948,normal,1102,0,1782358490.4422543,0.0018982887268066406
8949,normal,2125,0,1782358490.444198,0.0019435882568359375
8950,normal,845,2,1782358490.446217,0.002019166946411133
8951,normal,714,0,1782358490.448224,0.002007007598876953
8952,normal,2973,0,1782358490.4501972,0.0019731521606445312
8953,normal,3234,1,1782358490.452336,0.002138853073120117
8954,normal,343,0,1782358490.454234,0.0018978118896484375
8955,normal,3544,0,1782358490.4561853,0.001951456069946289
8956,normal,3084,1,1782358490.458336,0.0021507740020751953
8957,normal,2803,0,1782358490.4602184,0.001882314682006836
8958,normal,573,0,1782358490.462183,0.001964569091796875
8959,normal,3238,1,1782358490.4643717,0.0021886825561523438
8960,normal,2077,0,1782358490.466216,0.0018444061279296875
8961,normal,296,0,1782358490.4681835,0.0019674301147460938
8962,normal,1522,0,1782358490.4703379,0.0021543502807617188
8963,normal,1985,0,1782358490.4722297,0.0018918514251708984
8964,normal,551,0,1782358490.4741862,0.001956462860107422
8965,normal,1747,0,1782358490.4763703,0.002184152603149414
8966,normal,2784,0,1782358490.4782498,0.0018794536590576172
8967,normal,3365,1,1782358490.4801905,0.0019407272338867188
8968,normal,3526,0,1782358490.4823608,0.0021703243255615234
8969,normal,379,0,1782358490.48424,0.0018792152404785156
8970,normal,2628,0,1782358490.4862165,0.001976490020751953
8971,normal,1260,0,1782358490.4883697,0.002153158187866211
8972,normal,3302,1,1782358490.4902165,0.0018467903137207031
8973,normal,826,2,1782358490.4921868,0.0019702911376953125
8974,normal,1555,0,1782358490.4943583,0.0021715164184570312
8975,normal,858,2,1782358490.496232,0.0018737316131591797
8976,normal,195,0,1782358490.498215,0.0019829273223876953
8977,normal,994,2,1782358490.5003746,0.002159595489501953
8978,normal,2524,0,1782358490.5022163,0.0018417835235595703
8979,normal,3285,1,1782358490.5041835,0.001967191696166992
8980,normal,352,0,1782358490.5063608,0.0021772384643554688
8981,normal,1007,2,1782358490.5082345,0.0018737316131591797
8982,normal,2918,0,1782358490.5102148,0.001980304718017578
8983,normal,2053,0,1782358490.5123723,0.002157449722290039
8984,normal,1917,0,1782358490.5142322,0.001859903335571289
8985,normal,2806,0,1782358490.516193,0.00196075439453125
8986,normal,1943,0,1782358490.5183609,0.002167940139770508
8987,normal,1744,0,1782358490.520247,0.001886129379272461
8988,normal,3148,1,1782358490.522218,0.001971006393432617
8989,normal,179,0,1782358490.5243704,0.0021524429321289062
8990,normal,659,0,1782358490.5262299,0.001859426498413086
8991,normal,2772,0,1782358490.528185,0.0019550323486328125
8992,normal,2797,0,1782358490.530362,0.002177000045776367
8993,normal,1765,0,1782358490.532237,0.001875162124633789
8994,normal,1756,0,1782358490.5342193,0.0019822120666503906
8995,normal,2916,0,1782358490.5363703,0.002151012420654297
8996,normal,2618,0,1782358490.5382295,0.0018591880798339844
8997,normal,1577,0,1782358490.5401838,0.001954317092895508
8998,normal,3398,1,1782358490.5423641,0.002180337905883789
8999,normal,1271,0,1782358490.5442448,0.001880645751953125
9000,normal,1935,0,1782358490.5462215,0.0019767284393310547
9001,normal,1835,0,1782358490.5483713,0.002149820327758789
9002,normal,1265,0,1782358490.5502312,0.001859903335571289
9003,normal,1425,0,1782358490.5521848,0.001953601837158203
9004,normal,856,2,1782358490.5543642,0.002179384231567383
9005,normal,3097,1,1782358490.55625,0.0018858909606933594
9006,normal,2401,0,1782358490.5582173,0.001967191696166992
9007,normal,2109,0,1782358490.5603726,0.002155303955078125
9008,normal,2547,0,1782358490.5622344,0.0018618106842041016
9009,normal,3510,0,1782358490.5641847,0.0019502639770507812
9010,normal,982,2,1782358490.5661962,0.002011537551879883
9011,normal,3438,0,1782358490.5683415,0.0021452903747558594
9012,normal,1168,0,1782358490.5701706,0.0018291473388671875
9013,normal,2546,0,1782358490.572364,0.002193450927734375
9014,normal,1684,0,1782358490.574273,0.001909017562866211
9015,normal,33,0,1782358490.5761852,0.0019121170043945312
9016,normal,415,0,1782358490.5783672,0.0021820068359375
9017,normal,1629,0,1782358490.5802877,0.001920461654663086
9018,normal,3278,1,1782358490.5826213,0.0023336410522460938
9019,normal,2497,0,1782358490.5841777,0.001556396484375
9020,normal,2578,0,1782358490.586174,0.001996278762817383
9021,normal,3181,1,1782358490.5881755,0.002001523971557617
9022,normal,1483,0,1782358490.5904388,0.002263307571411133
9023,normal,3659,0,1782358490.5921757,0.0017368793487548828
9024,normal,1107,0,1782358490.5941722,0.0019965171813964844
9025,normal,1459,0,1782358490.5962136,0.002041339874267578
9026,normal,595,0,1782358490.5981483,0.0019347667694091797
9027,normal,295,0,1782358490.600322,0.0021736621856689453
9028,normal,3405,0,1782358490.6021159,0.0017938613891601562
9029,normal,1536,0,1782358490.6042724,0.002156496047973633
9030,normal,3086,1,1782358490.6061745,0.0019021034240722656
9031,normal,2849,0,1782358490.6084414,0.0022668838500976562
9032,normal,1186,0,1782358490.6101305,0.0016891956329345703
9033,normal,118,0,1782358490.612489,0.0023584365844726562
9034,normal,2224,0,1782358490.6141768,0.001687765121459961
9035,normal,3630,0,1782358490.6161907,0.0020139217376708984
9036,normal,1678,0,1782358490.618117,0.001926422119140625
9037,normal,3585,0,1782358490.6204922,0.0023751258850097656
9038,normal,562,0,1782358490.6221519,0.0016596317291259766
9039,normal,1231,0,1782358490.6243255,0.0021736621856689453
9040,normal,988,2,1782358490.6261818,0.0018563270568847656
9041,normal,2187,0,1782358490.6282678,0.0020859241485595703
9042,normal,1980,0,1782358490.6301734,0.001905679702758789
9043,normal,2139,0,1782358490.632441,0.002267599105834961
9044,normal,465,0,1782358490.6342652,0.0018241405487060547
9045,normal,1157,0,1782358490.636214,0.0019488334655761719
9046,normal,208,0,1782358490.6384394,0.0022253990173339844
9047,normal,3174,1,1782358490.6402721,0.001832723617553711
9048,normal,3662,0,1782358490.6421762,0.0019040107727050781
9049,normal,1794,0,1782358490.6444423,0.0022661685943603516
9050,normal,1413,0,1782358490.6462994,0.0018570423126220703
9051,normal,2753,0,1782358490.6481872,0.0018877983093261719
9052,normal,1529,0,1782358490.650443,0.0022559165954589844
9053,normal,78,0,1782358490.6522908,0.0018477439880371094
9054,normal,397,0,1782358490.6542087,0.0019178390502929688
9055,normal,1989,0,1782358490.656441,0.0022323131561279297
9056,normal,1494,0,1782358490.6582484,0.0018074512481689453
9057,normal,3364,1,1782358490.6601942,0.0019457340240478516
9058,normal,711,0,1782358490.662493,0.0022988319396972656
9059,normal,824,2,1782358490.6642804,0.001787424087524414
9060,normal,2025,0,1782358490.6661737,0.0018932819366455078
9061,normal,2509,0,1782358490.6684754,0.0023016929626464844
9062,normal,11,0,1782358490.6702704,0.001795053482055664
9063,normal,3333,1,1782358490.6721935,0.0019230842590332031
9064,normal,1519,0,1782358490.67444,0.002246379852294922
9065,normal,609,0,1782358490.6762838,0.0018439292907714844
9066,normal,3660,0,1782358490.6782122,0.0019283294677734375
9067,normal,2284,0,1782358490.680471,0.002258777618408203
9068,normal,7,0,1782358490.6822562,0.0017852783203125
9069,normal,1384,0,1782358490.684174,0.0019178390502929688
9070,normal,2830,0,1782358490.6864407,0.0022666454315185547
9071,normal,1146,0,1782358490.688287,0.0018463134765625
9072,normal,1585,0,1782358490.6902122,0.0019252300262451172
9073,normal,1132,0,1782358490.692187,0.001974821090698242
9074,normal,289,0,1782358490.6942816,0.0020945072174072266
9075,normal,3065,1,1782358490.6961987,0.001917123794555664
9076,normal,1691,0,1782358490.698582,0.0023832321166992188
9077,normal,2037,0,1782358490.7002451,0.0016632080078125
9078,normal,1316,0,1782358490.7023132,0.002068042755126953
9079,normal,2402,0,1782358490.7043707,0.0020575523376464844
9080,normal,1429,0,1782358490.706243,0.0018723011016845703
9081,normal,604,0,1782358490.7082589,0.002015829086303711
9082,normal,1017,2,1782358490.7103777,0.002118825912475586
9083,normal,3106,1,1782358490.7122176,0.0018398761749267578
9084,normal,3484,0,1782358490.7145162,0.002298593521118164
9085,normal,800,2,1782358490.7163422,0.0018260478973388672
9086,normal,1893,0,1782358490.7183552,0.002012968063354492
9087,normal,1742,0,1782358490.7203405,0.001985311508178711
9088,normal,774,2,1782358490.7223606,0.002020120620727539
9089,normal,123,0,1782358490.7243881,0.0020275115966796875
9090,normal,1952,0,1782358490.7263618,0.0019736289978027344
9091,normal,3593,0,1782358490.7283475,0.001985788345336914
9092,normal,3656,0,1782358490.7303562,0.002008676528930664
9093,normal,1712,0,1782358490.7323387,0.001982450485229492
9094,normal,892,2,1782358490.7345054,0.002166748046875
9095,normal,1827,0,1782358490.7362394,0.001734018325805664
9096,normal,3308,1,1782358490.7385027,0.002263307571411133
9097,normal,2246,0,1782358490.7403612,0.0018584728240966797
9098,normal,3327,1,1782358490.742325,0.0019638538360595703
9099,normal,249,0,1782358490.7443416,0.0020165443420410156
9100,normal,1907,0,1782358490.746552,0.002210378646850586
9101,normal,1636,0,1782358490.748155,0.0016031265258789062
9102,normal,3347,1,1782358490.75028,0.002124786376953125
9103,normal,1849,0,1782358490.7521334,0.0018534660339355469
9104,normal,2055,0,1782358490.7541418,0.0020084381103515625
9105,normal,3149,1,1782358490.7562137,0.002071857452392578
9106,normal,286,0,1782358490.7582269,0.0020132064819335938
9107,normal,29,0,1782358490.7601624,0.0019354820251464844
9108,normal,3591,0,1782358490.7621732,0.002010822296142578
9109,normal,2388,0,1782358490.7641888,0.0020155906677246094
9110,normal,1973,0,1782358490.766143,0.001954317092895508
9111,normal,1115,0,1782358490.7682116,0.0020685195922851562
9112,normal,2730,0,1782358490.770135,0.0019233226776123047
9113,normal,3337,1,1782358490.7721756,0.0020406246185302734
9114,normal,2318,0,1782358490.774175,0.001999378204345703
9115,normal,1760,0,1782358490.7761889,0.0020139217376708984
9116,normal,3221,1,1782358490.7781482,0.0019593238830566406
9117,normal,3103,1,1782358490.7802012,0.0020530223846435547
9118,normal,1352,1,1782358490.7822237,0.0020225048065185547
9119,normal,2902,0,1782358490.7841556,0.001931905746459961
9120,normal,383,0,1782358490.7861753,0.002019643783569336
9121,normal,3329,1,1782358490.7881875,0.0020122528076171875
9122,normal,1930,0,1782358490.7901454,0.0019578933715820312
9123,normal,735,0,1782358490.792213,0.00206756591796875
9124,normal,3275,1,1782358490.794222,0.002009153366088867
9125,normal,2807,0,1782358490.7961574,0.0019352436065673828
9126,normal,2477,0,1782358490.798195,0.002037525177001953
9127,normal,1861,0,1782358490.8001873,0.001992464065551758
9128,normal,2609,0,1782358490.8021467,0.0019593238830566406
9129,normal,2319,0,1782358490.8042188,0.0020720958709716797
9130,normal,1738,0,1782358490.8062258,0.002007007598876953
9131,normal,1614,0,1782358490.808158,0.0019321441650390625
9132,normal,3215,1,1782358490.8101737,0.002015829086303711
9133,normal,1292,0,1782358490.8121908,0.0020170211791992188
9134,normal,3293,1,1782358490.8141448,0.0019540786743164062
9135,normal,99,0,1782358490.8162103,0.002065420150756836
9136,normal,3249,1,1782358490.8182256,0.002015352249145508
9137,normal,624,0,1782358490.8201566,0.0019309520721435547
9138,normal,2649,0,1782358490.8221784,0.00202178955078125
9139,normal,3167,1,1782358490.8241882,0.002009868621826172
9140,normal,1757,0,1782358490.8261435,0.001955270767211914
9141,normal,1127,0,1782358490.8282137,0.002070188522338867
9142,normal,3101,1,1782358490.8302255,0.0020117759704589844
9143,normal,2917,0,1782358490.8321638,0.0019383430480957031
9144,normal,1888,0,1782358490.8342013,0.002037525177001953
9145,normal,2221,0,1782358490.8361897,0.0019884109497070312
9146,normal,2301,0,1782358490.8381455,0.001955747604370117
9147,normal,2882,0,1782358490.8401406,0.001995086669921875
9148,normal,668,0,1782358490.842236,0.002095460891723633
9149,normal,3050,1,1782358490.8441577,0.0019216537475585938
9150,normal,3466,0,1782358490.8461711,0.0020134449005126953
9151,normal,3576,0,1782358490.8482013,0.0020301342010498047
9152,normal,3314,1,1782358490.8501446,0.001943349838256836
9153,normal,2751,0,1782358490.8522112,0.0020666122436523438
9154,normal,2687,0,1782358490.8542254,0.00201416015625
9155,normal,1714,0,1782358490.8561532,0.0019278526306152344
9156,normal,323,0,1782358490.8581352,0.001981973648071289
9157,normal,1099,0,1782358490.8602188,0.0020835399627685547
9158,normal,1161,0,1782358490.8621414,0.001922607421875
9159,normal,3283,1,1782358490.8641996,0.002058267593383789
9160,normal,305,0,1782358490.866133,0.0019333362579345703
9161,normal,2273,0,1782358490.868149,0.0020160675048828125
9162,normal,3522,0,1782358490.870206,0.0020570755004882812
9163,normal,2363,0,1782358490.8722079,0.0020017623901367188
9164,normal,3449,0,1782358490.8741446,0.0019366741180419922
9165,normal,2012,0,1782358490.8762116,0.002067089080810547
9166,normal,1049,0,1782358490.8782246,0.002012968063354492
9167,normal,3580,0,1782358490.8801572,0.0019326210021972656
9168,normal,1451,0,1782358490.8821738,0.0020165443420410156
9169,normal,927,2,1782358490.884187,0.0020132064819335938
9170,normal,3325,1,1782358490.88614,0.001953125
9171,normal,807,2,1782358490.8882198,0.0020797252655029297
9172,normal,62,0,1782358490.8902256,0.0020058155059814453
9173,normal,2791,0,1782358490.892168,0.0019423961639404297
9174,normal,1933,0,1782358490.8941352,0.001967191696166992
9175,normal,2579,0,1782358490.896186,0.0020508766174316406
9176,normal,3315,1,1782358490.8981512,0.001965045928955078
9177,normal,386,0,1782358490.9002285,0.002077341079711914
9178,normal,3263,1,1782358490.9022255,0.0019969940185546875
9179,normal,1711,0,1782358490.9042077,0.0019822120666503906
9180,normal,1804,0,1782358490.9061344,0.0019266605377197266
9181,normal,229,0,1782358490.908185,0.002050638198852539
9182,normal,2058,0,1782358490.9101424,0.001957416534423828
9183,normal,1807,0,1782358490.9122167,0.0020742416381835938
9184,normal,701,0,1782358490.9142287,0.002012014389038086
9185,normal,3556,0,1782358490.9161663,0.0019376277923583984
9186,normal,1846,0,1782358490.918134,0.0019676685333251953
9187,normal,3039,0,1782358490.920185,0.002051115036010742
9188,normal,2027,0,1782358490.9221456,0.0019605159759521484
9189,normal,2641,0,1782358490.924158,0.002012491226196289
9190,normal,600,0,1782358490.926222,0.0020639896392822266
9191,normal,3511,0,1782358490.9281669,0.0019447803497314453
9192,normal,1244,0,1782358490.9301424,0.001975536346435547
9193,normal,1762,0,1782358490.9321978,0.0020554065704345703
9194,normal,1805,0,1782358490.934142,0.0019443035125732422
9195,normal,2258,0,1782358490.936214,0.002071857452392578
9196,normal,588,0,1782358490.9381344,0.001920461654663086
9197,normal,2099,0,1782358490.9401724,0.0020380020141601562
9198,normal,3358,1,1782358490.942133,0.0019605159759521484
9199,normal,631,0,1782358490.9441879,0.002054929733276367
9200,normal,1590,0,1782358490.9461386,0.0019507408142089844
9201,normal,1594,0,1782358490.9481874,0.0020487308502197266
9202,normal,365,0,1782358490.9502277,0.002040386199951172
9203,normal,466,0,1782358490.952171,0.001943349838256836
9204,normal,794,2,1782358490.954133,0.001961946487426758
9205,normal,3606,0,1782358490.9561872,0.0020542144775390625
9206,normal,2223,0,1782358490.9581392,0.0019519329071044922
9207,normal,2713,0,1782358490.9602158,0.0020766258239746094
9208,normal,1653,0,1782358490.9621344,0.0019185543060302734
9209,normal,721,0,1782358490.9641557,0.002021312713623047
9210,normal,851,2,1782358490.9661894,0.002033710479736328
9211,normal,3603,0,1782358490.9681642,0.001974821090698242
9212,normal,324,0,1782358490.9701748,0.0020105838775634766
9213,normal,732,0,1782358490.9721208,0.0019459724426269531
9214,normal,2518,0,1782358490.974153,0.0020322799682617188
9215,normal,818,2,1782358490.976151,0.0019979476928710938
9216,normal,855,2,1782358490.9781764,0.0020253658294677734
9217,normal,2976,0,1782358490.980169,0.0019927024841308594
9218,normal,268,0,1782358490.982125,0.0019559860229492188
9219,normal,2768,0,1782358490.9841917,0.0020666122436523438
9220,normal,1306,0,1782358490.9863656,0.002173900604248047
9221,normal,2197,0,1782358490.98817,0.001804351806640625
9222,normal,3212,1,1782358490.990121,0.001950979232788086
9223,normal,817,2,1782358490.9922698,0.002148866653442383
9224,normal,1009,2,1782358490.994145,0.001875162124633789
9225,normal,2908,0,1782358490.996185,0.0020401477813720703
9226,normal,2202,0,1782358490.9981177,0.0019326210021972656
9227,normal,850,2,1782358491.0003119,0.0021941661834716797
9228,normal,461,0,1782358491.0021765,0.0018646717071533203
9229,normal,2121,0,1782358491.0044117,0.0022351741790771484
9230,normal,2961,0,1782358491.006324,0.0019123554229736328
9231,normal,1263,0,1782358491.0081787,0.0018546581268310547
9232,normal,3646,0,1782358491.0104735,0.002294778823852539
9233,normal,1683,0,1782358491.0122283,0.0017547607421875
9234,normal,2420,0,1782358491.014217,0.001988649368286133
9235,normal,1717,0,1782358491.0164692,0.002252340316772461
9236,normal,2835,0,1782358491.0183184,0.0018491744995117188
9237,normal,2217,0,1782358491.0201766,0.0018582344055175781
9238,normal,2211,0,1782358491.0226386,0.0024619102478027344
9239,normal,806,2,1782358491.0242238,0.001585245132446289
9240,normal,2076,0,1782358491.0263414,0.002117633819580078
9241,normal,3491,0,1782358491.028519,0.0021774768829345703
9242,normal,1685,0,1782358491.0302103,0.0016913414001464844
9243,normal,3623,0,1782358491.032505,0.002294778823852539
9244,normal,1006,2,1782358491.0343397,0.0018346309661865234
9245,normal,131,0,1782358491.0363116,0.0019719600677490234
9246,normal,2114,0,1782358491.0383203,0.002008676528930664
9247,normal,1404,0,1782358491.0404952,0.002174854278564453
9248,normal,663,0,1782358491.042215,0.0017199516296386719
9249,normal,2646,0,1782358491.0443592,0.0021440982818603516
9250,normal,637,0,1782358491.0463135,0.001954317092895508
9251,normal,366,0,1782358491.0482152,0.0019016265869140625
9252,normal,262,0,1782358491.050295,0.0020799636840820312
9253,normal,2794,0,1782358491.0523438,0.0020487308502197266
9254,normal,2622,0,1782358491.0542026,0.0018587112426757812
9255,normal,2009,0,1782358491.0563426,0.002140045166015625
9256,normal,920,2,1782358491.0583324,0.0019898414611816406
9257,normal,2279,0,1782358491.060215,0.0018825531005859375
9258,normal,805,2,1782358491.0623395,0.0021245479583740234
9259,normal,2423,0,1782358491.0643115,0.0019719600677490234
9260,normal,1828,0,1782358491.0662022,0.0018906593322753906
9261,normal,2430,0,1782358491.0683403,0.0021381378173828125
9262,normal,953,2,1782358491.0703325,0.0019922256469726562
9263,normal,1572,0,1782358491.072187,0.0018544197082519531
9264,normal,2960,0,1782358491.0742297,0.0020427703857421875
9265,normal,3229,1,1782358491.0763428,0.0021131038665771484
9266,normal,3058,1,1782358491.0781956,0.0018527507781982422
9267,normal,1690,0,1782358491.0803444,0.002148866653442383
9268,normal,2769,0,1782358491.0823312,0.0019867420196533203
9269,normal,1796,0,1782358491.0842066,0.0018754005432128906
9270,normal,2479,0,1782358491.0863395,0.002132892608642578
9271,normal,3581,0,1782358491.0883102,0.0019707679748535156
9272,normal,2382,0,1782358491.0901957,0.0018854141235351562
9273,normal,2728,0,1782358491.0923588,0.0021631717681884766
9274,normal,2700,0,1782358491.0943372,0.0019783973693847656
9275,normal,2234,0,1782358491.096203,0.0018658638000488281
9276,normal,2604,0,1782358491.098327,0.0021238327026367188
9277,normal,1028,2,1782358491.1002014,0.0018744468688964844
9278,normal,3270,1,1782358491.1021655,0.001964092254638672
9279,normal,417,0,1782358491.1042333,0.0020678043365478516
9280,normal,434,0,1782358491.1063886,0.002155303955078125
9281,normal,2695,0,1782358491.1082127,0.0018241405487060547
9282,normal,2709,0,1782358491.1101785,0.001965761184692383
9283,normal,1039,0,1782358491.1123357,0.0021572113037109375
9284,normal,3676,0,1782358491.1142368,0.0019011497497558594
9285,normal,1040,0,1782358491.1161597,0.0019228458404541016
9286,normal,1056,0,1782358491.1183543,0.002194643020629883
9287,normal,1343,1,1782358491.120208,0.0018537044525146484
9288,normal,519,0,1782358491.1221647,0.0019567012786865234
9289,normal,1366,1,1782358491.1243324,0.0021677017211914062
9290,normal,1111,0,1782358491.126219,0.001886606216430664
9291,normal,259,0,1782358491.1283317,0.0021126270294189453
9292,normal,1574,0,1782358491.1301584,0.0018267631530761719
9293,normal,3304,1,1782358491.1321964,0.0020380020141601562
9294,normal,3090,1,1782358491.134159,0.0019626617431640625
9295,normal,1237,0,1782358491.1363308,0.002171754837036133
9296,normal,1740,0,1782358491.1382124,0.0018815994262695312
9297,normal,302,0,1782358491.1402009,0.0019884109497070312
9298,normal,2490,0,1782358491.1423597,0.0021588802337646484
9299,normal,1368,1,1782358491.144199,0.0018391609191894531
9300,normal,2283,0,1782358491.146159,0.0019600391387939453
9301,normal,2887,0,1782358491.1483457,0.0021867752075195312
9302,normal,3605,0,1782358491.1502352,0.0018894672393798828
9303,normal,1312,0,1782358491.1521978,0.0019626617431640625
9304,normal,1642,0,1782358491.1543462,0.0021483898162841797
9305,normal,1479,0,1782358491.1561944,0.0018482208251953125
9306,normal,1191,0,1782358491.158157,0.0019626617431640625
9307,normal,972,2,1782358491.1603255,0.002168416976928711
9308,normal,1563,0,1782358491.1622066,0.0018811225891113281
9309,normal,2004,0,1782358491.164197,0.0019903182983398438
9310,normal,2850,0,1782358491.1663444,0.0021474361419677734
9311,normal,2075,0,1782358491.1681871,0.0018427371978759766
9312,normal,1586,0,1782358491.1701567,0.001969575881958008
9313,normal,1588,0,1782358491.1721668,0.0020101070404052734
9314,normal,440,0,1782358491.1741836,0.002016782760620117
9315,normal,284,0,1782358491.1761582,0.0019745826721191406
9316,normal,3579,0,1782358491.1783485,0.0021903514862060547
9317,normal,3177,1,1782358491.1802878,0.0019392967224121094
9318,normal,1992,0,1782358491.183239,0.0029511451721191406
9319,normal,2995,0,1782358491.1841376,0.0008985996246337891
9320,normal,1331,1,1782358491.1862447,0.0021071434020996094
9321,normal,1212,0,1782358491.1881254,0.001880645751953125
9322,normal,2129,0,1782358491.1902332,0.002107858657836914
9323,normal,3540,0,1782358491.1921341,0.0019009113311767578
9324,normal,912,2,1782358491.1942055,0.002071380615234375
9325,normal,363,0,1782358491.1963694,0.0021638870239257812
9326,normal,1856,0,1782358491.1981578,0.0017883777618408203
9327,normal,317,0,1782358491.2003798,0.0022220611572265625
9328,normal,2500,0,1782358491.2021608,0.0017809867858886719
9329,normal,3652,0,1782358491.2041616,0.0020008087158203125
9330,normal,2682,0,1782358491.2063272,0.002165555953979492
9331,normal,3218,1,1782358491.2081623,0.0018351078033447266
9332,normal,329,0,1782358491.2101593,0.0019969940185546875
9333,normal,2755,0,1782358491.2123516,0.002192258834838867
9334,normal,1641,0,1782358491.2141902,0.00183868408203125
9335,normal,1795,0,1782358491.2161667,0.001976490020751953
9336,normal,1261,0,1782358491.218331,0.0021643638610839844
9337,normal,3512,0,1782358491.220159,0.0018279552459716797
9338,normal,630,0,1782358491.22216,0.002001047134399414
9339,normal,2421,0,1782358491.2243752,0.002215147018432617
9340,normal,534,0,1782358491.2261643,0.001789093017578125
9341,normal,49,0,1782358491.2283413,0.002177000045776367
9342,normal,1057,0,1782358491.2303379,0.0019965171813964844
9343,normal,2958,0,1782358491.2324939,0.0021560192108154297
9344,normal,918,2,1782358491.234277,0.001783132553100586
9345,normal,2387,0,1782358491.2363656,0.0020885467529296875
9346,normal,781,2,1782358491.2383258,0.001960277557373047
9347,normal,1543,0,1782358491.2403128,0.001986980438232422
9348,normal,2408,0,1782358491.2422066,0.001893758773803711
9349,normal,197,0,1782358491.244523,0.0023164749145507812
9350,normal,2321,0,1782358491.2462008,0.0016777515411376953
9351,normal,1868,0,1782358491.248208,0.0020072460174560547
9352,normal,1024,2,1782358491.250349,0.0021409988403320312
9353,normal,1082,0,1782358491.2521617,0.0018126964569091797
9354,normal,2691,0,1782358491.2541947,0.0020329952239990234
9355,normal,674,0,1782358491.2563376,0.0021429061889648438
9356,normal,3179,1,1782358491.2581794,0.0018417835235595703
9357,normal,1350,1,1782358491.2601707,0.00199127197265625
9358,normal,409,0,1782358491.2623153,0.0021445751190185547
9359,normal,1374,1,1782358491.264192,0.0018768310546875
9360,normal,1471,0,1782358491.2661574,0.0019652843475341797
9361,normal,2231,0,1782358491.2683394,0.0021820068359375
9362,normal,1535,0,1782358491.270179,0.0018396377563476562
9363,normal,1838,0,1782358491.2724004,0.002221345901489258
9364,normal,188,0,1782358491.2741637,0.0017633438110351562
9365,normal,594,0,1782358491.276326,0.0021622180938720703
9366,normal,1061,0,1782358491.2781599,0.0018339157104492188
9367,normal,300,0,1782358491.2803419,0.0021820068359375
9368,normal,411,0,1782358491.2821925,0.0018506050109863281
9369,normal,681,0,1782358491.2841787,0.001986265182495117
9370,normal,898,2,1782358491.286335,0.0021562576293945312
9371,normal,1358,1,1782358491.2882257,0.0018906593322753906
9372,normal,1998,0,1782358491.2901561,0.0019304752349853516
9373,normal,13,0,1782358491.2923434,0.0021872520446777344
9374,normal,1773,0,1782358491.2942617,0.0019183158874511719
9375,normal,2386,0,1782358491.2961586,0.0018968582153320312
9376,normal,2176,0,1782358491.2983398,0.0021812915802001953
9377,normal,145,0,1782358491.3002105,0.0018706321716308594
9378,normal,2651,0,1782358491.3021722,0.0019617080688476562
9379,normal,722,0,1782358491.3043358,0.0021636486053466797
9380,normal,2900,0,1782358491.3062549,0.0019190311431884766
9381,normal,1019,2,1782358491.3081605,0.001905679702758789
9382,normal,1749,0,1782358491.3103456,0.0021851062774658203
9383,normal,969,2,1782358491.3122072,0.001861572265625
9384,normal,3573,0,1782358491.314177,0.0019698143005371094
9385,normal,1951,0,1782358491.3163338,0.0021567344665527344
9386,normal,3638,0,1782358491.3182416,0.0019078254699707031
9387,normal,2558,0,1782358491.3201578,0.0019161701202392578
9388,normal,1791,0,1782358491.3223398,0.0021820068359375
9389,normal,1100,0,1782358491.3241973,0.0018575191497802734
9390,normal,3192,1,1782358491.3261755,0.001978158950805664
9391,normal,2303,0,1782358491.3283312,0.002155780792236328
9392,normal,715,0,1782358491.3302264,0.0018951892852783203
9393,normal,3503,0,1782358491.3321605,0.001934051513671875
9394,normal,138,0,1782358491.3343537,0.0021932125091552734
9395,normal,1808,0,1782358491.3361998,0.0018460750579833984
9396,normal,1257,0,1782358491.3381696,0.0019698143005371094
9397,normal,3233,1,1782358491.340334,0.0021643638610839844
9398,normal,3609,0,1782358491.342225,0.0018911361694335938
9399,normal,603,0,1782358491.3441606,0.0019354820251464844
9400,normal,1865,0,1782358491.34634,0.002179384231567383
9401,normal,2568,0,1782358491.3481848,0.0018448829650878906
9402,normal,2240,0,1782358491.3501823,0.0019974708557128906
9403,normal,3260,1,1782358491.3523273,0.002145051956176758
9404,normal,1043,0,1782358491.3542116,0.0018842220306396484
9405,normal,2354,0,1782358491.3561594,0.0019478797912597656
9406,normal,1945,0,1782358491.3583252,0.0021657943725585938
9407,normal,2035,0,1782358491.3601964,0.0018711090087890625
9408,normal,141,0,1782358491.3621678,0.0019714832305908203
9409,normal,2664,0,1782358491.3643086,0.0021407604217529297
9410,normal,2947,0,1782358491.366222,0.001913309097290039
9411,normal,3683,0,1782358491.368189,0.001967191696166992
9412,normal,3700,0,1782358491.370338,0.002148866653442383
9413,normal,1314,0,1782358491.3721905,0.0018525123596191406
9414,normal,2926,0,1782358491.3741817,0.00199127197265625
9415,normal,538,0,1782358491.376331,0.002149343490600586
9416,normal,632,0,1782358491.3782308,0.00189971923828125
9417,normal,2032,0,1782358491.3801892,0.0019583702087402344
9418,normal,129,0,1782358491.3823385,0.002149343490600586
9419,normal,2409,0,1782358491.384188,0.0018494129180908203
9420,normal,1176,0,1782358491.3861568,0.001968860626220703
9421,normal,2372,0,1782358491.3883367,0.002179861068725586
9422,normal,2625,0,1782358491.3901885,0.001851797103881836
9423,normal,2191,0,1782358491.3923154,0.002126932144165039
9424,normal,2795,0,1782358491.394159,0.0018436908721923828
9425,normal,330,0,1782358491.396319,0.0021598339080810547
9426,normal,585,0,1782358491.3983917,0.0020728111267089844
9427,normal,2819,0,1782358491.4004154,0.0020236968994140625
9428,normal,143,0,1782358491.4025369,0.002121448516845703
9429,normal,1480,0,1782358491.4052444,0.0027074813842773438
9430,normal,2226,0,1782358491.4062314,0.0009870529174804688
9431,normal,255,0,1782358491.408333,0.0021016597747802734
9432,normal,541,0,1782358491.4101765,0.0018434524536132812
9433,normal,3253,1,1782358491.4122066,0.0020301342010498047
9434,normal,874,2,1782358491.414318,0.0021114349365234375
9435,normal,168,0,1782358491.4162025,0.00188446044921875
9436,normal,3044,0,1782358491.418218,0.002015352249145508
9437,normal,1475,0,1782358491.4201353,0.0019173622131347656
9438,normal,3536,0,1782358491.4223118,0.002176523208618164
9439,normal,439,0,1782358491.4241908,0.001878976821899414
9440,normal,1962,0,1782358491.4262562,0.002065420150756836
9441,normal,2282,0,1782358491.4281912,0.0019350051879882812
9442,normal,1677,0,1782358491.4302933,0.0021021366119384766
9443,normal,1016,2,1782358491.4321525,0.0018591880798339844
9444,normal,3436,0,1782358491.434294,0.0021414756774902344
9445,normal,691,0,1782358491.4361725,0.001878499984741211
9446,normal,158,0,1782358491.4382632,0.0020906925201416016
9447,normal,3471,0,1782358491.4401636,0.0019004344940185547
9448,normal,1318,0,1782358491.4422677,0.002104043960571289
9449,normal,219,0,1782358491.444322,0.002054452896118164
9450,normal,1735,0,1782358491.4462676,0.00194549560546875
9451,normal,1709,0,1782358491.4483597,0.002092123031616211
9452,normal,1135,0,1782358491.4503102,0.0019505023956298828
9453,normal,1688,0,1782358491.452273,0.0019626617431640625
9454,normal,1465,0,1782358491.4542859,0.002012968063354492
9455,normal,2667,0,1782358491.4563313,0.0020453929901123047
9456,normal,505,0,1782358491.458319,0.0019876956939697266
9457,normal,765,0,1782358491.4603255,0.00200653076171875
9458,normal,3418,0,1782358491.462357,0.002031564712524414
9459,normal,747,0,1782358491.464235,0.0018780231475830078
9460,normal,2629,0,1782358491.4664228,0.0021877288818359375
9461,normal,2066,0,1782358491.4686782,0.0022554397583007812
9462,normal,966,2,1782358491.470235,0.0015568733215332031
9463,normal,86,0,1782358491.472371,0.0021359920501708984
9464,normal,2957,0,1782358491.4743128,0.001941680908203125
9465,normal,522,0,1782358491.4762697,0.001956939697265625
9466,normal,1433,0,1782358491.478407,0.0021371841430664062
9467,normal,1103,0,1782358491.4801488,0.0017418861389160156
9468,normal,1912,0,1782358491.4823737,0.0022249221801757812
9469,normal,3614,0,1782358491.4842682,0.0018944740295410156
9470,normal,342,0,1782358491.4863887,0.002120494842529297
9471,normal,3527,0,1782358491.4883325,0.001943826675415039
9472,normal,1679,0,1782358491.4902475,0.00191497802734375
9473,normal,1150,0,1782358491.4922814,0.0020339488983154297
9474,normal,2359,0,1782358491.49425,0.0019686222076416016
9475,normal,1704,0,1782358491.4963396,0.0020895004272460938
9476,normal,1730,0,1782358491.498286,0.0019464492797851562
9477,normal,2883,0,1782358491.5002477,0.0019617080688476562
9478,normal,949,2,1782358491.5023777,0.0021300315856933594
9479,normal,61,0,1782358491.5043488,0.001971006393432617
9480,normal,1661,0,1782358491.5063198,0.001971006393432617
9481,normal,613,0,1782358491.5084038,0.002084016799926758
9482,normal,2845,0,1782358491.510329,0.0019252300262451172
9483,normal,1167,0,1782358491.512276,0.0019469261169433594
9484,normal,450,0,1782358491.5143895,0.0021135807037353516
9485,normal,1036,0,1782358491.5162926,0.0019030570983886719
9486,normal,1071,0,1782358491.518338,0.0020453929901123047
9487,normal,1639,0,1782358491.5202436,0.001905679702758789
9488,normal,1607,0,1782358491.5223901,0.002146482467651367
9489,normal,1881,0,1782358491.5243258,0.001935720443725586
9490,normal,2729,0,1782358491.5264037,0.002077817916870117
9491,normal,3137,1,1782358491.5283587,0.0019550323486328125
9492,normal,30,0,1782358491.5303705,0.0020117759704589844
9493,normal,1727,0,1782358491.5323784,0.0020079612731933594
9494,normal,2690,0,1782358491.534333,0.0019545555114746094
9495,normal,2320,0,1782358491.5363808,0.0020477771759033203
9496,normal,3320,1,1782358491.538353,0.001972198486328125
9497,normal,555,0,1782358491.5403316,0.001978635787963867
9498,normal,2635,0,1782358491.542147,0.0018153190612792969
9499,normal,2174,0,1782358491.5443227,0.0021758079528808594
9500,normal,1400,0,1782358491.546479,0.0021562576293945312
9501,normal,975,2,1782358491.5482554,0.0017764568328857422
9502,normal,1393,0,1782358491.5503228,0.0020673274993896484
9503,normal,3465,0,1782358491.5523198,0.0019969940185546875
9504,normal,1960,0,1782358491.5542326,0.001912832260131836
9505,normal,748,0,1782358491.556562,0.0023293495178222656
9506,normal,1918,0,1782358491.5587108,0.002148866653442383
9507,normal,2165,0,1782358491.5603848,0.0016739368438720703
9508,normal,1752,0,1782358491.5622382,0.0018534660339355469
9509,normal,1478,0,1782358491.5643313,0.002093076705932617
9510,normal,3173,1,1782358491.566253,0.0019216537475585938
9511,normal,3448,0,1782358491.5683613,0.002108335494995117
9512,normal,1253,0,1782358491.5704627,0.002101421356201172
9513,normal,864,2,1782358491.572147,0.0016841888427734375
9514,normal,844,2,1782358491.5743682,0.002221345901489258
9515,normal,1356,1,1782358491.5762672,0.0018990039825439453
9516,normal,745,0,1782358491.5782976,0.0020303726196289062
9517,normal,3080,1,1782358491.580223,0.0019254684448242188
9518,normal,515,0,1782358491.582324,0.0021009445190429688
9519,normal,264,0,1782358491.5842416,0.0019176006317138672
9520,normal,1202,0,1782358491.5862756,0.0020339488983154297
9521,normal,1283,0,1782358491.5885253,0.0022497177124023438
9522,normal,151,0,1782358491.590137,0.0016117095947265625
9523,normal,1353,1,1782358491.5923405,0.0022034645080566406
9524,normal,269,0,1782358491.5943663,0.0020258426666259766
9525,normal,1290,0,1782358491.596316,0.0019497871398925781
9526,normal,3485,0,1782358491.5983663,0.002050161361694336
9527,normal,2495,0,1782358491.6001797,0.0018134117126464844
9528,normal,2838,0,1782358491.6024806,0.0023009777069091797
9529,normal,2816,0,1782358491.6042793,0.0017986297607421875
9530,normal,3697,0,1782358491.6062872,0.0020079612731933594
9531,normal,459,0,1782358491.6085417,0.002254486083984375
9532,normal,1455,0,1782358491.6103215,0.001779794692993164
9533,normal,127,0,1782358491.6122708,0.001949310302734375
9534,normal,1188,0,1782358491.6141195,0.0018486976623535156
9535,normal,266,0,1782358491.616274,0.0021545886993408203
9536,normal,1551,0,1782358491.6181471,0.001873016357421875
9537,normal,306,0,1782358491.620272,0.002124786376953125
9538,normal,2449,0,1782358491.6222098,0.0019378662109375
9539,normal,1218,0,1782358491.62429,0.002080202102661133
9540,normal,1170,0,1782358491.6261802,0.0018901824951171875
9541,normal,2674,0,1782358491.6283364,0.0021562576293945312
9542,normal,477,0,1782358491.6302936,0.0019571781158447266
9543,normal,1657,0,1782358491.63217,0.0018763542175292969
9544,normal,1984,0,1782358491.6343105,0.002140522003173828
9545,normal,3563,0,1782358491.636199,0.0018885135650634766
9546,normal,726,0,1782358491.6383102,0.002111196517944336
9547,normal,3538,0,1782358491.6402187,0.0019085407257080078
9548,normal,3451,0,1782358491.6422713,0.0020525455474853516
9549,normal,216,0,1782358491.6441977,0.001926422119140625
9550,normal,789,2,1782358491.6462872,0.0020895004272460938
9551,normal,3140,1,1782358491.6482778,0.0019905567169189453
9552,normal,2636,0,1782358491.6502337,0.0019559860229492188
9553,normal,3127,1,1782358491.6522868,0.0020530223846435547
9554,normal,3543,0,1782358491.6542742,0.001987457275390625
9555,normal,382,0,1782358491.6563015,0.002027273178100586
9556,normal,410,0,1782358491.6582098,0.0019083023071289062
9557,normal,1665,0,1782358491.660131,0.0019211769104003906
9558,normal,3615,0,1782358491.6622763,0.0021452903747558594
9559,normal,2411,0,1782358491.6642084,0.0019321441650390625
9560,normal,2287,0,1782358491.66627,0.002061605453491211
9561,normal,2305,0,1782358491.6682904,0.0020203590393066406
9562,normal,3070,1,1782358491.6702447,0.001954317092895508
9563,normal,783,2,1782358491.672371,0.0021262168884277344
9564,normal,203,0,1782358491.674195,0.0018241405487060547
9565,normal,2530,0,1782358491.676315,0.0021200180053710938
9566,normal,512,0,1782358491.6783042,0.001989126205444336
9567,normal,3295,1,1782358491.680267,0.001962900161743164
9568,normal,285,0,1782358491.6823013,0.0020341873168945312
9569,normal,2852,0,1782358491.6842933,0.0019919872283935547
9570,normal,3450,0,1782358491.6862197,0.001926422119140625
9571,normal,1858,0,1782358491.6885238,0.0023040771484375
9572,normal,1869,0,1782358491.6902096,0.0016858577728271484
9573,normal,1954,0,1782358491.6923568,0.002147197723388672
9574,normal,1386,0,1782358491.6943097,0.0019528865814208984
9575,normal,318,0,1782358491.6964679,0.0021581649780273438
9576,normal,518,0,1782358491.6982,0.0017321109771728516
9577,normal,3258,1,1782358491.7003822,0.0021822452545166016
9578,normal,1189,0,1782358491.7023852,0.0020029544830322266
9579,normal,3651,0,1782358491.7042053,0.0018200874328613281
9580,normal,3184,1,1782358491.7062898,0.002084493637084961
9581,normal,1862,0,1782358491.7082655,0.0019757747650146484
9582,normal,1741,0,1782358491.710278,0.002012491226196289
9583,normal,2992,0,1782358491.7122765,0.001998424530029297
9584,normal,2612,0,1782358491.7142696,0.0019931793212890625
9585,normal,3075,1,1782358491.7162743,0.0020046234130859375
9586,normal,2020,0,1782358491.7182057,0.0019314289093017578
9587,normal,1753,0,1782358491.720349,0.002143383026123047
9588,normal,601,0,1782358491.722659,0.002310037612915039
9589,normal,2539,0,1782358491.7242393,0.0015802383422851562
9590,normal,3002,0,1782358491.7262979,0.0020585060119628906
9591,normal,2615,0,1782358491.7282374,0.001939535140991211
9592,normal,2014,0,1782358491.7303047,0.0020673274993896484
9593,normal,2330,0,1782358491.7323494,0.002044677734375
9594,normal,2085,0,1782358491.7343993,0.0020499229431152344
9595,normal,808,2,1782358491.7362614,0.0018620491027832031
9596,normal,2472,0,1782358491.738341,0.0020797252655029297
9597,normal,3349,1,1782358491.7402508,0.0019097328186035156
9598,normal,2648,0,1782358491.7423162,0.002065420150756836
9599,normal,389,0,1782358491.744313,0.001996755599975586
9600,normal,2705,0,1782358491.746391,0.0020780563354492188
9601,normal,2194,0,1782358491.7483528,0.0019617080688476562
9602,normal,3348,1,1782358491.7504213,0.0020685195922851562
9603,normal,1025,2,1782358491.7522726,0.0018513202667236328
9604,normal,2743,0,1782358491.754441,0.002168416976928711
9605,normal,2724,0,1782358491.7563295,0.0018885135650634766
9606,normal,270,0,1782358491.7586446,0.002315044403076172
9607,normal,2333,0,1782358491.7603233,0.0016787052154541016
9608,normal,2593,0,1782358491.7623403,0.0020170211791992188
9609,normal,2143,0,1782358491.7643082,0.001967906951904297
9610,normal,291,0,1782358491.7665372,0.002228975296020508
9611,normal,1086,0,1782358491.7681804,0.0016431808471679688
9612,normal,1739,0,1782358491.7702258,0.0020453929901123047
9613,normal,355,0,1782358491.772322,0.0020961761474609375
9614,normal,943,2,1782358491.7743425,0.002020597457885742
9615,normal,1096,0,1782358491.776239,0.0018963813781738281
9616,normal,372,0,1782358491.7783227,0.0020837783813476562
9617,normal,958,2,1782358491.7803507,0.0020279884338378906
9618,normal,312,0,1782358491.783375,0.0030243396759033203
9619,normal,2901,0,1782358491.7842636,0.0008885860443115234
9620,normal,419,0,1782358491.7862134,0.0019497871398925781
9621,normal,2981,0,1782358491.7883518,0.002138376235961914
9622,normal,2256,0,1782358491.7902434,0.0018916130065917969
9623,normal,1654,0,1782358491.7922847,0.002041339874267578
9624,normal,2452,0,1782358491.7943227,0.0020380020141601562
9625,normal,1023,2,1782358491.796288,0.0019652843475341797
9626,normal,1928,0,1782358491.7983212,0.002033233642578125
9627,normal,2919,0,1782358491.800226,0.0019047260284423828
9628,normal,292,0,1782358491.802288,0.002062082290649414
9629,normal,2543,0,1782358491.804279,0.0019910335540771484
9630,normal,3539,0,1782358491.8062878,0.002008676528930664
9631,normal,770,0,1782358491.8082895,0.0020017623901367188
9632,normal,2870,0,1782358491.8102438,0.001954317092895508
9633,normal,2189,0,1782358491.812294,0.002050161361694336
9634,normal,1897,0,1782358491.8143015,0.0020074844360351562
9635,normal,2967,0,1782358491.8163474,0.002045869827270508
9636,normal,3650,0,1782358491.8182592,0.0019118785858154297
9637,normal,2128,0,1782358491.8202846,0.0020253658294677734
9638,normal,339,0,1782358491.8222415,0.001956939697265625
9639,normal,2117,0,1782358491.8242805,0.0020389556884765625
9640,normal,1718,0,1782358491.8262827,0.002002239227294922
9641,normal,2854,0,1782358491.8282764,0.0019936561584472656
9642,normal,3408,0,1782358491.8303063,0.002029895782470703
9643,normal,3387,1,1782358491.8322742,0.001967906951904297
9644,normal,561,0,1782358491.8343508,0.0020766258239746094
9645,normal,2124,0,1782358491.8362763,0.0019254684448242188
9646,normal,2469,0,1782358491.8383074,0.002031087875366211
9647,normal,854,2,1782358491.8402967,0.0019893646240234375
9648,normal,860,2,1782358491.8422694,0.001972675323486328
9649,normal,1131,0,1782358491.8442726,0.002003192901611328
9650,normal,3501,0,1782358491.8462708,0.0019981861114501953
9651,normal,3072,1,1782358491.8482726,0.0020017623901367188
9652,normal,2169,0,1782358491.850345,0.0020723342895507812
9653,normal,2391,0,1782358491.8523345,0.001989603042602539
9654,normal,2219,0,1782358491.854272,0.0019373893737792969
9655,normal,3433,0,1782358491.8563633,0.0020914077758789062
9656,normal,3424,0,1782358491.8583539,0.0019905567169189453
9657,normal,2592,0,1782358491.8603,0.0019462108612060547
9658,normal,427,0,1782358491.8623312,0.002031087875366211
9659,normal,938,2,1782358491.8643665,0.002035379409790039
9660,normal,2304,0,1782358491.866234,0.001867532730102539
9661,normal,2507,0,1782358491.8682654,0.0020313262939453125
9662,normal,583,0,1782358491.8702633,0.0019979476928710938
9663,normal,2326,0,1782358491.872265,0.0020017623901367188
9664,normal,3232,1,1782358491.8742223,0.0019571781158447266
9665,normal,2003,0,1782358491.876287,0.0020647048950195312
9666,normal,3641,0,1782358491.8782115,0.0019245147705078125
9667,normal,16,0,1782358491.88026,0.002048492431640625
9668,normal,2525,0,1782358491.8822577,0.001997709274291992
9669,normal,678,0,1782358491.884494,0.0022363662719726562
9670,normal,647,0,1782358491.886638,0.00214385986328125
9671,normal,1171,0,1782358491.88828,0.001641988754272461
9672,normal,699,0,1782358491.8902512,0.0019712448120117188
9673,normal,1731,0,1782358491.892334,0.00208282470703125
9674,normal,2350,0,1782358491.8943348,0.0020008087158203125
9675,normal,2083,0,1782358491.8962958,0.0019609928131103516
9676,normal,81,0,1782358491.8984647,0.002168893814086914
9677,normal,1342,1,1782358491.9001505,0.0016858577728271484
9678,normal,2931,0,1782358491.9022887,0.0021381378173828125
9679,normal,1399,0,1782358491.9042366,0.0019478797912597656
9680,normal,1453,0,1782358491.9062808,0.002044200897216797
9681,normal,1906,0,1782358491.9083326,0.002051830291748047
9682,normal,539,0,1782358491.910432,0.0020995140075683594
9683,normal,1338,1,1782358491.9122941,0.0018620491027832031
9684,normal,2946,0,1782358491.9143038,0.0020096302032470703
9685,normal,426,0,1782358491.916373,0.002069234848022461
9686,normal,2343,0,1782358491.9183903,0.0020172595977783203
9687,normal,1994,0,1782358491.9201314,0.001741170883178711
9688,normal,870,2,1782358491.9225328,0.0024013519287109375
9689,normal,1133,0,1782358491.924369,0.0018362998962402344
9690,normal,3057,1,1782358491.9262211,0.0018520355224609375
9691,normal,1183,0,1782358491.9283862,0.002165079116821289
9692,normal,610,0,1782358491.9303353,0.0019490718841552734
9693,normal,3082,1,1782358491.9322207,0.0018854141235351562
9694,normal,1380,1,1782358491.93427,0.0020492076873779297
9695,normal,2471,0,1782358491.9362822,0.0020122528076171875
9696,normal,857,2,1782358491.9382367,0.0019545555114746094
9697,normal,1008,2,1782358491.9402866,0.0020499229431152344
9698,normal,267,0,1782358491.942272,0.001985311508178711
9699,normal,716,0,1782358491.9442832,0.0020112991333007812
9700,normal,3414,0,1782358491.9462984,0.0020151138305664062
9701,normal,1207,0,1782358491.9483318,0.0020334720611572266
9702,normal,2349,0,1782358491.9502017,0.0018699169158935547
9703,normal,2095,0,1782358491.952291,0.002089262008666992
9704,normal,1151,0,1782358491.9543176,0.0020265579223632812
9705,normal,3345,1,1782358491.9562514,0.0019338130950927734
9706,normal,15,0,1782358491.958345,0.0020935535430908203
9707,normal,3457,0,1782358491.9603183,0.001973390579223633
9708,normal,1927,0,1782358491.9622183,0.0018999576568603516
9709,normal,1616,0,1782358491.9642892,0.002070903778076172
9710,normal,2898,0,1782358491.9662604,0.0019712448120117188
9711,normal,931,2,1782358491.9682891,0.0020287036895751953
9712,normal,786,2,1782358491.970219,0.0019297599792480469
9713,normal,2029,0,1782358491.9722803,0.0020613670349121094
9714,normal,184,0,1782358491.9743025,0.002022266387939453
9715,normal,3434,0,1782358491.9762375,0.0019350051879882812
9716,normal,1224,0,1782358491.9783306,0.002093076705932617
9717,normal,2056,0,1782358491.9802186,0.0018880367279052734
9718,normal,1934,0,1782358491.982297,0.0020782947540283203
9719,normal,1220,0,1782358491.984268,0.001971006393432617
9720,normal,2696,0,1782358491.9862816,0.002013683319091797
9721,normal,1249,0,1782358491.9882848,0.002003192901611328
9722,normal,2787,0,1782358491.9902062,0.0019214153289794922
9723,normal,635,0,1782358491.9923162,0.002110004425048828
9724,normal,1635,0,1782358491.9942803,0.001964092254638672
9725,normal,2877,0,1782358491.996329,0.0020487308502197266
9726,normal,705,0,1782358491.9982333,0.0019042491912841797
9727,normal,1547,0,1782358492.000302,0.002068758010864258
9728,normal,2394,0,1782358492.0022793,0.001977205276489258
9729,normal,52,0,1782358492.0042775,0.0019981861114501953
9730,normal,3557,0,1782358492.0062788,0.0020012855529785156
9731,normal,1836,0,1782358492.0082564,0.001977682113647461
9732,normal,3267,1,1782358492.0102522,0.0019958019256591797
9733,normal,361,0,1782358492.0123112,0.0020589828491210938
9734,normal,3369,1,1782358492.0142138,0.0019025802612304688
9735,normal,2122,0,1782358492.0163612,0.0021474361419677734
9736,normal,2993,0,1782358492.0182874,0.0019261837005615234
9737,normal,10,0,1782358492.0202556,0.0019681453704833984
9738,normal,2781,0,1782358492.022329,0.002073526382446289
9739,normal,3500,0,1782358492.0243094,0.001980304718017578
9740,normal,773,2,1782358492.0262058,0.0018963813781738281
9741,normal,171,0,1782358492.0282695,0.002063751220703125
9742,normal,220,0,1782358492.0302005,0.0019309520721435547
9743,normal,535,0,1782358492.0321214,0.001920938491821289
9744,normal,453,0,1782358492.0343173,0.0021958351135253906
9745,normal,35,0,1782358492.0361981,0.0018808841705322266
9746,normal,3010,0,1782358492.0381188,0.0019207000732421875
9747,normal,3352,1,1782358492.0402656,0.0021467208862304688
9748,normal,2972,0,1782358492.04234,0.0020744800567626953
9749,normal,297,0,1782358492.044223,0.0018830299377441406
9750,normal,3294,1,1782358492.0463116,0.0020885467529296875
9751,normal,1276,0,1782358492.0483801,0.0020685195922851562
9752,normal,1901,0,1782358492.0502617,0.0018815994262695312
9753,normal,3411,0,1782358492.0521505,0.0018887519836425781
9754,normal,3429,0,1782358492.0542235,0.002073049545288086
9755,normal,2680,0,1782358492.056295,0.002071380615234375
9756,normal,1029,2,1782358492.05829,0.001995086669921875
9757,normal,2601,0,1782358492.0604415,0.0021514892578125
9758,normal,1033,0,1782358492.0622065,0.0017650127410888672
9759,normal,1304,0,1782358492.0642915,0.002084970474243164
9760,normal,1149,0,1782358492.0662305,0.0019390583038330078
9761,normal,3688,0,1782358492.0682838,0.0020532608032226562
9762,normal,2426,0,1782358492.070302,0.0020182132720947266
9763,normal,1389,0,1782358492.0722272,0.0019252300262451172
9764,normal,56,0,1782358492.0743077,0.0020804405212402344
9765,normal,978,2,1782358492.076268,0.001960277557373047
9766,normal,1357,1,1782358492.0782478,0.001979827880859375
9767,normal,495,0,1782358492.0804713,0.002223491668701172
9768,normal,751,0,1782358492.0822768,0.0018055438995361328
9769,normal,1871,0,1782358492.0843177,0.002040863037109375
9770,normal,727,0,1782358492.0863903,0.002072572708129883
9771,normal,2833,0,1782358492.0883315,0.0019412040710449219
9772,normal,948,2,1782358492.0903156,0.001984119415283203
9773,normal,53,0,1782358492.0922806,0.001965045928955078
9774,normal,2553,0,1782358492.0942774,0.001996755599975586
9775,normal,2403,0,1782358492.0963604,0.0020830631256103516
9776,normal,3213,1,1782358492.0983603,0.0019998550415039062
9777,normal,3530,0,1782358492.1005473,0.002187013626098633
9778,normal,1587,0,1782358492.102224,0.001676797866821289
9779,normal,2799,0,1782358492.1043403,0.0021162033081054688
9780,normal,737,0,1782358492.1063318,0.0019915103912353516
9781,normal,1565,0,1782358492.1083975,0.0020656585693359375
9782,normal,1848,0,1782358492.110302,0.0019044876098632812
9783,normal,2844,0,1782358492.1122339,0.001931905746459961
9784,normal,288,0,1782358492.1142776,0.0020437240600585938
9785,normal,116,0,1782358492.1161842,0.0019066333770751953
9786,normal,348,0,1782358492.118267,0.00208282470703125
9787,normal,2965,0,1782358492.120412,0.002145051956176758
9788,normal,1178,0,1782358492.122108,0.001695871353149414
9789,normal,3640,0,1782358492.1242607,0.002152681350708008
9790,normal,2260,0,1782358492.126248,0.0019872188568115234
9791,normal,346,0,1782358492.1282473,0.001999378204345703
9792,normal,3344,1,1782358492.130156,0.0019087791442871094
9793,normal,1942,0,1782358492.1322522,0.0020961761474609375
9794,normal,3248,1,1782358492.1342504,0.0019981861114501953
9795,normal,1779,0,1782358492.13626,0.0020096302032470703
9796,normal,3207,1,1782358492.1382751,0.0020151138305664062
9797,normal,391,0,1782358492.140219,0.001943826675415039
9798,normal,279,0,1782358492.1422396,0.002020597457885742
9799,normal,2440,0,1782358492.144238,0.001998424530029297
9800,normal,1895,0,1782358492.1462426,0.0020046234130859375
9801,normal,3104,1,1782358492.1482475,0.002004861831665039
9802,normal,337,0,1782358492.1502569,0.0020093917846679688
9803,normal,3507,0,1782358492.152257,0.002000093460083008
9804,normal,3331,1,1782358492.1544313,0.00217437744140625
9805,normal,3669,0,1782358492.1562302,0.001798868179321289
9806,normal,463,0,1782358492.1582623,0.002032041549682617
9807,normal,2986,0,1782358492.1602528,0.0019905567169189453
9808,normal,2054,0,1782358492.162269,0.002016305923461914
9809,normal,0,0,1782358492.1642551,0.0019860267639160156
9810,normal,1778,0,1782358492.1662514,0.001996278762817383
9811,normal,749,0,1782358492.1682487,0.001997232437133789
9812,normal,1580,0,1782358492.1702666,0.002017974853515625
9813,normal,1385,0,1782358492.1722636,0.0019969940185546875
9814,normal,506,0,1782358492.174262,0.001998424530029297
9815,normal,3316,1,1782358492.1762736,0.002011537551879883
9816,normal,3078,1,1782358492.1782975,0.002023935317993164
9817,normal,675,0,1782358492.1803343,0.0020368099212646484
9818,normal,263,0,1782358492.182189,0.0018546581268310547
9819,normal,913,2,1782358492.1843143,0.002125263214111328
9820,normal,224,0,1782358492.186259,0.0019447803497314453
9821,normal,1285,0,1782358492.188288,0.002028942108154297
9822,normal,1118,0,1782358492.1901999,0.0019118785858154297
9823,normal,776,2,1782358492.1922526,0.002052783966064453
9824,normal,3665,0,1782358492.194251,0.001998424530029297
9825,normal,1324,1,1782358492.1963308,0.0020797252655029297
9826,normal,3644,0,1782358492.1981835,0.0018527507781982422
9827,normal,709,0,1782358492.2002513,0.0020678043365478516
9828,normal,48,0,1782358492.2022574,0.002006053924560547
9829,normal,2334,0,1782358492.204247,0.001989603042602539
9830,normal,1987,0,1782358492.2063465,0.0020995140075683594
9831,normal,886,2,1782358492.2082202,0.0018737316131591797
9832,normal,3704,0,1782358492.210291,0.0020706653594970703
9833,normal,2259,0,1782358492.2123182,0.002027273178100586
9834,normal,2925,0,1782358492.2141745,0.0018563270568847656
9835,normal,1686,0,1782358492.2162588,0.0020842552185058594
9836,normal,3533,0,1782358492.2182639,0.0020051002502441406
9837,normal,1021,2,1782358492.2202053,0.0019414424896240234
9838,normal,1181,0,1782358492.2224023,0.0021970272064208984
9839,normal,225,0,1782358492.224178,0.0017757415771484375
9840,normal,2559,0,1782358492.2262638,0.0020856857299804688
9841,normal,1539,0,1782358492.2282028,0.0019390583038330078
9842,normal,447,0,1782358492.2302637,0.0020608901977539062
9843,normal,703,0,1782358492.2321987,0.0019350051879882812
9844,normal,869,2,1782358492.234265,0.002066373825073242
9845,normal,2876,0,1782358492.236399,0.0021338462829589844
9846,normal,278,0,1782358492.238736,0.0023369789123535156
9847,normal,3284,1,1782358492.2407713,0.002035379409790039
9848,normal,766,0,1782358492.242474,0.0017027854919433594
9849,normal,634,0,1782358492.2444046,0.0019304752349853516
9850,normal,2555,0,1782358492.2467132,0.0023086071014404297
9851,normal,3663,0,1782358492.2486508,0.0019376277923583984
9852,normal,2346,0,1782358492.2503593,0.0017085075378417969
9853,normal,1845,0,1782358492.2522585,0.0018992424011230469
9854,normal,3479,0,1782358492.2543242,0.0020656585693359375
9855,normal,435,0,1782358492.2561526,0.0018284320831298828
9856,normal,3694,0,1782358492.258348,0.0021953582763671875
9857,normal,92,0,1782358492.260352,0.002003908157348633
9858,normal,753,0,1782358492.2621691,0.0018172264099121094
9859,normal,2448,0,1782358492.2643533,0.002184152603149414
9860,normal,1388,0,1782358492.2663035,0.0019502639770507812
9861,normal,2044,0,1782358492.2682672,0.0019636154174804688
9862,normal,2826,0,1782358492.2703974,0.002130270004272461
9863,normal,2793,0,1782358492.2724073,0.002009868621826172
9864,normal,3427,0,1782358492.274366,0.001958608627319336
9865,normal,394,0,1782358492.276274,0.0019080638885498047
9866,normal,2571,0,1782358492.278306,0.002032041549682617
9867,normal,455,0,1782358492.2803056,0.0019996166229248047
9868,normal,1403,0,1782358492.2823832,0.0020775794982910156
9869,normal,375,0,1782358492.284138,0.0017547607421875
9870,normal,2445,0,1782358492.2862716,0.002133607864379883
9871,normal,2907,0,1782358492.288287,0.002015352249145508
9872,normal,1164,0,1782358492.2901866,0.00189971923828125
9873,normal,2468,0,1782358492.2922766,0.002089977264404297
9874,normal,2073,0,1782358492.2941833,0.0019066333770751953
9875,normal,1650,0,1782358492.2962472,0.0020639896392822266
9876,normal,2701,0,1782358492.2981832,0.0019359588623046875
9877,normal,335,0,1782358492.300302,0.002118825912475586
9878,normal,2200,0,1782358492.302222,0.0019199848175048828
9879,normal,1526,0,1782358492.3041759,0.0019538402557373047
9880,normal,579,0,1782358492.306286,0.0021102428436279297
9881,normal,2692,0,1782358492.308137,0.0018508434295654297
9882,normal,3125,1,1782358492.3102846,0.002147674560546875
9883,normal,3183,1,1782358492.3121777,0.0018930435180664062
9884,normal,1793,0,1782358492.3143086,0.0021309852600097656
9885,normal,2681,0,1782358492.316214,0.0019054412841796875
9886,normal,144,0,1782358492.3183362,0.002122163772583008
9887,normal,1579,0,1782358492.320248,0.0019116401672363281
9888,normal,3247,1,1782358492.3222182,0.0019702911376953125
9889,normal,1294,0,1782358492.3243098,0.002091646194458008
9890,normal,1899,0,1782358492.3261554,0.0018455982208251953
9891,normal,1710,0,1782358492.3283076,0.0021522045135498047
9892,normal,640,0,1782358492.3301735,0.0018658638000488281
9893,normal,2062,0,1782358492.332288,0.002114534378051758
9894,normal,2126,0,1782358492.3341715,0.0018835067749023438
9895,normal,1097,0,1782358492.3363616,0.002190113067626953
9896,normal,2253,0,1782358492.3382351,0.0018734931945800781
9897,normal,2670,0,1782358492.3402169,0.0019817352294921875
9898,normal,159,0,1782358492.3423789,0.0021619796752929688
9899,normal,3604,0,1782358492.3442695,0.0018906593322753906
9900,normal,3473,0,1782358492.346307,0.002037525177001953
9901,normal,1259,0,1782358492.3482475,0.0019404888153076172
9902,normal,2590,0,1782358492.3503475,0.0020999908447265625
9903,normal,2913,0,1782358492.3523436,0.0019960403442382812
9904,normal,1768,0,1782358492.3543646,0.0020210742950439453
9905,normal,1313,0,1782358492.3561904,0.0018258094787597656
9906,normal,899,2,1782358492.3583531,0.0021626949310302734
9907,normal,1571,0,1782358492.3602526,0.0018994808197021484
9908,normal,2167,0,1782358492.3623724,0.002119779586791992
9909,normal,1377,1,1782358492.364319,0.0019466876983642578
9910,normal,271,0,1782358492.3663516,0.0020325183868408203
9911,normal,693,0,1782358492.368306,0.001954317092895508
9912,normal,940,2,1782358492.3702478,0.0019419193267822266
9913,normal,3355,1,1782358492.3723502,0.002102375030517578
9914,normal,2418,0,1782358492.375016,0.0026657581329345703
9915,normal,488,0,1782358492.3764236,0.001407623291015625
9916,normal,2300,0,1782358492.3783274,0.0019037723541259766
9917,normal,3399,1,1782358492.3803377,0.002010345458984375
9918,normal,496,0,1782358492.382244,0.0019063949584960938
9919,normal,755,0,1782358492.3842974,0.0020532608032226562
9920,normal,2736,0,1782358492.386303,0.0020055770874023438
9921,normal,3649,0,1782358492.3883939,0.002090930938720703
9922,normal,1946,0,1782358492.3902664,0.0018725395202636719
9923,normal,462,0,1782358492.3921478,0.0018813610076904297
9924,normal,1669,0,1782358492.3942938,0.002146005630493164
9925,normal,1376,1,1782358492.3962905,0.001996755599975586
9926,normal,418,0,1782358492.398273,0.001982450485229492
9927,normal,566,0,1782358492.4004357,0.0021626949310302734
9928,normal,2090,0,1782358492.4023576,0.0019218921661376953
9929,normal,2000,0,1782358492.40425,0.0018923282623291016
9930,normal,1809,0,1782358492.406306,0.002056121826171875
9931,normal,989,2,1782358492.408383,0.002076864242553711
9932,normal,1840,0,1782358492.4102445,0.001861572265625
9933,normal,401,0,1782358492.4123068,0.0020623207092285156
9934,normal,3244,1,1782358492.4144897,0.0021829605102539062
9935,normal,1059,0,1782358492.416299,0.0018093585968017578
9936,normal,2322,0,1782358492.4182591,0.0019600391387939453
9937,normal,1370,1,1782358492.4204257,0.0021665096282958984
9938,normal,1624,0,1782358492.4225695,0.00214385986328125
9939,normal,2156,0,1782358492.4241865,0.0016169548034667969
9940,normal,606,0,1782358492.426303,0.0021164417266845703
9941,normal,34,0,1782358492.4282322,0.0019292831420898438
9942,normal,2915,0,1782358492.4301605,0.0019283294677734375
9943,normal,2802,0,1782358492.4322665,0.0021059513092041016
9944,normal,2573,0,1782358492.4343867,0.0021202564239501953
9945,normal,3291,1,1782358492.4361706,0.0017838478088378906
9946,normal,3393,1,1782358492.4383624,0.002191781997680664
9947,normal,3431,0,1782358492.440364,0.002001523971557617
9948,normal,367,0,1782358492.4422984,0.0019345283508300781
9949,normal,2639,0,1782358492.4444187,0.0021202564239501953
9950,normal,2457,0,1782358492.446363,0.0019443035125732422
9951,normal,904,2,1782358492.4481938,0.0018308162689208984
9952,normal,3199,1,1782358492.4503937,0.002199888229370117
9953,normal,1668,0,1782358492.4522483,0.0018546581268310547
9954,normal,1498,0,1782358492.454338,0.0020897388458251953
9955,normal,2295,0,1782358492.4562614,0.0019233226776123047
9956,normal,2860,0,1782358492.4583547,0.0020933151245117188
9957,normal,320,0,1782358492.4601707,0.0018160343170166016
9958,normal,2482,0,1782358492.4623609,0.002190113067626953
9959,normal,3155,1,1782358492.4641762,0.0018153190612792969
9960,normal,1601,0,1782358492.4663591,0.0021829605102539062
9961,normal,1405,0,1782358492.468264,0.0019049644470214844
9962,normal,2897,0,1782358492.470373,0.0021088123321533203
9963,normal,3492,0,1782358492.4722805,0.0019075870513916016
9964,normal,734,0,1782358492.4745524,0.002271890640258789
9965,normal,2487,0,1782358492.4762125,0.0016601085662841797
9966,normal,576,0,1782358492.478359,0.002146482467651367
9967,normal,2871,0,1782358492.4802592,0.0019001960754394531
9968,normal,529,0,1782358492.482361,0.002101898193359375
9969,normal,2964,0,1782358492.4842584,0.0018973350524902344
9970,normal,1060,0,1782358492.48636,0.0021016597747802734
9971,normal,1362,1,1782358492.4884021,0.002042055130004883
9972,normal,1045,0,1782358492.4902136,0.0018115043640136719
9973,normal,1567,0,1782358492.4924316,0.002218008041381836
9974,normal,1201,0,1782358492.4944263,0.001994609832763672
9975,normal,1508,0,1782358492.4962752,0.0018489360809326172
9976,normal,1093,0,1782358492.4983687,0.0020935535430908203
9977,normal,2535,0,1782358492.500339,0.0019702911376953125
9978,normal,2160,0,1782358492.5021849,0.0018458366394042969
9979,normal,3168,1,1782358492.504356,0.002171039581298828
9980,normal,1656,0,1782358492.5063448,0.0019888877868652344
9981,normal,524,0,1782358492.5082576,0.001912832260131836
9982,normal,1545,0,1782358492.510417,0.0021593570709228516
9983,normal,393,0,1782358492.5124035,0.0019865036010742188
9984,normal,3054,1,1782358492.5142815,0.0018780231475830078
9985,normal,3146,1,1782358492.5164194,0.002137899398803711
9986,normal,3014,0,1782358492.518492,0.002072572708129883
9987,normal,2268,0,1782358492.5202725,0.0017805099487304688
9988,normal,446,0,1782358492.5224957,0.0022232532501220703
9989,normal,2146,0,1782358492.5244632,0.0019674301147460938
9990,normal,582,0,1782358492.5263772,0.0019140243530273438
9991,normal,3091,1,1782358492.528327,0.0019497871398925781
9992,normal,3077,1,1782358492.530352,0.002025127410888672
9993,normal,1001,2,1782358492.5322516,0.0018994808197021484
9994,normal,2209,0,1782358492.5343478,0.0020961761474609375
9995,normal,408,0,1782358492.5363905,0.0020427703857421875
9996,normal,1496,0,1782358492.538271,0.0018804073333740234
9997,normal,2104,0,1782358492.5403452,0.0020742416381835938
9998,normal,1116,0,1782358492.54232,0.001974821090698242
9999,normal,1713,0,1782358492.5442495,0.0019295215606689453
10000,normal,2170,0,1782358492.54635,0.0021004676818847656
10001,normal,1813,0,1782358492.5483613,0.0020112991333007812
10002,normal,921,2,1782358492.5504005,0.002039194107055664
10003,normal,2229,0,1782358492.552382,0.001981496810913086
10004,normal,2417,0,1782358492.5542443,0.0018622875213623047
10005,normal,3228,1,1782358492.5564423,0.0021979808807373047
10006,normal,1252,0,1782358492.55827,0.0018277168273925781
10007,normal,2021,0,1782358492.560328,0.0020580291748046875
10008,normal,1361,1,1782358492.5622685,0.0019404888153076172
10009,normal,2774,0,1782358492.564332,0.0020635128021240234
10010,normal,3524,0,1782358492.5664787,0.0021467208862304688
10011,normal,809,2,1782358492.5681791,0.0017004013061523438
10012,normal,1158,0,1782358492.5702813,0.0021021366119384766
10013,normal,2369,0,1782358492.57226,0.001978635787963867
10014,normal,712,0,1782358492.5742955,0.0020356178283691406
10015,normal,2074,0,1782358492.5762978,0.002002239227294922
10016,normal,3444,0,1782358492.5782807,0.0019829273223876953
10017,normal,1820,0,1782358492.5802007,0.0019199848175048828
10018,normal,935,2,1782358492.5823212,0.002120494842529297
10019,normal,1423,0,1782358492.5842,0.0018787384033203125
10020,normal,1652,0,1782358492.5863042,0.0021042823791503906
10021,normal,2627,0,1782358492.588278,0.001973867416381836
10022,normal,1633,0,1782358492.5903604,0.002082347869873047
10023,normal,3566,0,1782358492.592252,0.0018916130065917969
10024,normal,1195,0,1782358492.5943723,0.0021202564239501953
10025,normal,3241,1,1782358492.596278,0.001905679702758789
10026,normal,2843,0,1782358492.5982366,0.001958608627319336
10027,normal,1925,0,1782358492.6002786,0.002042055130004883
10028,normal,3525,0,1782358492.602278,0.001999378204345703
10029,normal,2994,0,1782358492.6042187,0.0019407272338867188
10030,normal,885,2,1782358492.6063452,0.002126455307006836
10031,normal,1267,0,1782358492.6083708,0.002025604248046875
10032,normal,2059,0,1782358492.6102479,0.0018770694732666016
10033,normal,3703,0,1782358492.6123838,0.0021359920501708984
10034,normal,3559,0,1782358492.6141865,0.001802682876586914
10035,normal,1112,0,1782358492.6166053,0.0024187564849853516
10036,normal,3634,0,1782358492.6184628,0.0018575191497802734
10037,normal,2824,0,1782358492.6202857,0.0018229484558105469
10038,normal,3108,1,1782358492.6222653,0.0019795894622802734
10039,normal,74,0,1782358492.6244352,0.0021698474884033203
10040,normal,3190,1,1782358492.6262395,0.001804351806640625
10041,normal,1364,1,1782358492.6283042,0.0020647048950195312
10042,normal,1293,0,1782358492.63037,0.0020656585693359375
10043,normal,570,0,1782358492.6325734,0.0022034645080566406
10044,normal,3008,0,1782358492.6341984,0.00162506103515625
10045,normal,3041,0,1782358492.6363258,0.002127408981323242
10046,normal,1375,1,1782358492.6382902,0.0019643306732177734
10047,normal,3018,0,1782358492.6402404,0.0019502639770507812
10048,normal,70,0,1782358492.642323,0.0020825862884521484
10049,normal,24,0,1782358492.6441905,0.001867532730102539
10050,normal,3502,0,1782358492.6463246,0.002134084701538086
10051,normal,1603,0,1782358492.648266,0.0019414424896240234
10052,normal,209,0,1782358492.6502995,0.0020334720611572266
10053,normal,1198,0,1782358492.6522956,0.0019960403442382812
10054,normal,1402,0,1782358492.6542697,0.0019741058349609375
10055,normal,1443,0,1782358492.656304,0.0020341873168945312
10056,normal,3600,0,1782358492.6582522,0.0019483566284179688
10057,normal,2243,0,1782358492.660304,0.002051830291748047
10058,normal,822,2,1782358492.662162,0.0018579959869384766
10059,normal,124,0,1782358492.664306,0.00214385986328125
10060,normal,2920,0,1782358492.6663249,0.0020189285278320312
10061,normal,423,0,1782358492.6683402,0.002015352249145508
10062,normal,3300,1,1782358492.6703854,0.002045154571533203
10063,normal,3529,0,1782358492.6723416,0.0019562244415283203
10064,normal,2734,0,1782358492.6743069,0.0019652843475341797
10065,normal,407,0,1782358492.6761773,0.0018703937530517578
10066,normal,557,0,1782358492.678377,0.0021996498107910156
10067,normal,2342,0,1782358492.6801605,0.001783609390258789
10068,normal,2218,0,1782358492.6823,0.002139568328857422
10069,normal,2172,0,1782358492.6842952,0.001995086669921875
10070,normal,1153,0,1782358492.6862795,0.0019843578338623047
10071,normal,2760,0,1782358492.6883485,0.0020689964294433594
10072,normal,883,2,1782358492.6902807,0.0019321441650390625
10073,normal,1134,0,1782358492.6923394,0.002058744430541992
10074,normal,3255,1,1782358492.694322,0.0019826889038085938
10075,normal,1929,0,1782358492.696386,0.0020639896392822266
10076,normal,900,2,1782358492.698273,0.0018868446350097656
10077,normal,2299,0,1782358492.7003038,0.0020308494567871094
10078,normal,1419,0,1782358492.7023866,0.00208282470703125
10079,normal,3145,1,1782358492.7043512,0.001964569091796875
10080,normal,1051,0,1782358492.70628,0.0019288063049316406
10081,normal,2566,0,1782358492.7083101,0.0020301342010498047
10082,normal,2657,0,1782358492.7102802,0.001970052719116211
10083,normal,3462,0,1782358492.7122965,0.002016305923461914
10084,normal,619,0,1782358492.7143269,0.0020303726196289062
10085,normal,14,0,1782358492.71616,0.001833200454711914
10086,normal,98,0,1782358492.7182968,0.002136707305908203
10087,normal,2677,0,1782358492.7202365,0.0019397735595703125
10088,normal,968,2,1782358492.7222638,0.002027273178100586
10089,normal,242,0,1782358492.724284,0.002020120620727539
10090,normal,1225,0,1782358492.7265465,0.002262592315673828
10091,normal,3361,1,1782358492.7282782,0.0017316341400146484
10092,normal,641,0,1782358492.730365,0.0020868778228759766
10093,normal,1761,0,1782358492.7324123,0.002047300338745117
10094,normal,2704,0,1782358492.7341843,0.0017719268798828125
10095,normal,341,0,1782358492.7363615,0.0021772384643554688
10096,normal,2049,0,1782358492.7382681,0.0019066333770751953
10097,normal,1830,0,1782358492.7403772,0.002109050750732422
10098,normal,702,0,1782358492.7424152,0.0020380020141601562
10099,normal,728,0,1782358492.7443192,0.0019040107727050781
10100,normal,2943,0,1782358492.7463825,0.002063274383544922
10101,normal,1995,0,1782358492.7482655,0.0018830299377441406
10102,normal,1493,0,1782358492.7503722,0.0021066665649414062
10103,normal,2210,0,1782358492.7523546,0.001982450485229492
10104,normal,3534,0,1782358492.7542832,0.001928567886352539
10105,normal,2663,0,1782358492.7563708,0.0020875930786132812
10106,normal,198,0,1782358492.7585223,0.0021514892578125
10107,normal,1527,0,1782358492.7605517,0.0020294189453125
10108,normal,2348,0,1782358492.7624981,0.0019464492797851562
10109,normal,2532,0,1782358492.7645366,0.0020384788513183594
10110,normal,2971,0,1782358492.7664044,0.0018677711486816406
10111,normal,3374,1,1782358492.7685075,0.002103090286254883
10112,normal,2775,0,1782358492.77075,0.002242565155029297
10113,normal,852,2,1782358492.7723305,0.0015804767608642578
10114,normal,1558,0,1782358492.7743542,0.0020236968994140625
10115,normal,2327,0,1782358492.7763164,0.0019621849060058594
10116,normal,2454,0,1782358492.778156,0.0018396377563476562
10117,normal,1307,0,1782358492.7803466,0.0021905899047851562
10118,normal,2815,0,1782358492.7821686,0.0018219947814941406
10119,normal,3368,1,1782358492.7843192,0.0021505355834960938
10120,normal,3632,0,1782358492.7862024,0.0018832683563232422
10121,normal,572,0,1782358492.788245,0.002042531967163086
10122,normal,1932,0,1782358492.7901893,0.0019443035125732422
10123,normal,442,0,1782358492.7923644,0.0021750926971435547
10124,normal,2162,0,1782358492.7942514,0.0018870830535888672
10125,normal,206,0,1782358492.7961974,0.0019459724426269531
10126,normal,2092,0,1782358492.7982998,0.002102375030517578
10127,normal,3306,1,1782358492.8002007,0.0019009113311767578
10128,normal,2983,0,1782358492.8023288,0.002128124237060547
10129,normal,3535,0,1782358492.804224,0.0018951892852783203
10130,normal,2504,0,1782358492.8062532,0.0020291805267333984
10131,normal,392,0,1782358492.8081694,0.0019161701202392578
10132,normal,6,0,1782358492.8102963,0.002126932144165039
10133,normal,3469,0,1782358492.8121648,0.0018684864044189453
10134,normal,3655,0,1782358492.8142977,0.002132892608642578
10135,normal,2892,0,1782358492.8161843,0.001886606216430664
10136,normal,2565,0,1782358492.8182557,0.002071380615234375
10137,normal,156,0,1782358492.8201869,0.0019311904907226562
10138,normal,1781,0,1782358492.8223135,0.0021266937255859375
10139,normal,3464,0,1782358492.8243,0.0019865036010742188
10140,normal,2963,0,1782358492.826182,0.0018818378448486328
10141,normal,1488,0,1782358492.8282707,0.002088785171508789
10142,normal,178,0,1782358492.8301437,0.001873016357421875
10143,normal,1026,2,1782358492.8322706,0.002126932144165039
10144,normal,2289,0,1782358492.8343768,0.002106189727783203
10145,normal,3362,1,1782358492.8363204,0.0019435882568359375
10146,normal,1382,0,1782358492.8382955,0.0019750595092773438
10147,normal,639,0,1782358492.8404112,0.0021157264709472656
10148,normal,3445,0,1782358492.8423908,0.0019795894622802734
10149,normal,1438,0,1782358492.8443282,0.0019373893737792969
10150,normal,656,0,1782358492.8463922,0.0020639896392822266
10151,normal,3226,1,1782358492.848349,0.001956939697265625
10152,normal,1228,0,1782358492.8502858,0.0019366741180419922
10153,normal,3463,0,1782358492.8523827,0.002096891403198242
10154,normal,1847,0,1782358492.854338,0.001955270767211914
10155,normal,680,0,1782358492.8562624,0.0019245147705078125
10156,normal,404,0,1782358492.8583612,0.0020987987518310547
10157,normal,3079,1,1782358492.8606048,0.002243518829345703
10158,normal,2551,0,1782358492.862201,0.001596212387084961
10159,normal,137,0,1782358492.8644185,0.002217531204223633
10160,normal,1065,0,1782358492.8664904,0.002071857452392578
10161,normal,2732,0,1782358492.8682663,0.001775979995727539
10162,normal,353,0,1782358492.8705003,0.0022339820861816406
10163,normal,1736,0,1782358492.8722856,0.0017852783203125
10164,normal,101,0,1782358492.8743882,0.0021026134490966797
10165,normal,1552,0,1782358492.876512,0.0021238327026367188
10166,normal,3036,0,1782358492.8781767,0.0016646385192871094
10167,normal,3404,0,1782358492.8803504,0.0021736621856689453
10168,normal,564,0,1782358492.8822522,0.001901865005493164
10169,normal,2277,0,1782358492.8841584,0.0019061565399169922
10170,normal,3071,1,1782358492.8864403,0.0022819042205810547
10171,normal,2785,0,1782358492.8882315,0.001791238784790039
10172,normal,2492,0,1782358492.8902657,0.0020341873168945312
10173,normal,706,0,1782358492.892224,0.0019583702087402344
10174,normal,2796,0,1782358492.894307,0.00208282470703125
10175,normal,245,0,1782358492.8965218,0.0022149085998535156
10176,normal,2393,0,1782358492.8984592,0.0019373893737792969
10177,normal,1965,0,1782358492.9002838,0.0018246173858642578
10178,normal,2341,0,1782358492.9021473,0.0018634796142578125
10179,normal,1408,0,1782358492.9042962,0.002148866653442383
10180,normal,2968,0,1782358492.9061863,0.0018901824951171875
10181,normal,1106,0,1782358492.9082723,0.0020859241485595703
10182,normal,3016,0,1782358492.910409,0.002136707305908203
10183,normal,2930,0,1782358492.9122674,0.0018584728240966797
10184,normal,107,0,1782358492.9142594,0.0019919872283935547
10185,normal,884,2,1782358492.9161816,0.0019221305847167969
10186,normal,152,0,1782358492.918296,0.002114534378051758
10187,normal,803,2,1782358492.9201517,0.001855611801147461
10188,normal,3357,1,1782358492.9223344,0.0021827220916748047
10189,normal,1764,0,1782358492.9244077,0.0020732879638671875
10190,normal,181,0,1782358492.926327,0.0019192695617675781
10191,normal,2332,0,1782358492.9282591,0.0019321441650390625
10192,normal,1637,0,1782358492.930389,0.002129793167114258
10193,normal,3705,0,1782358492.9322777,0.0018887519836425781
10194,normal,2528,0,1782358492.934191,0.001913309097290039
10195,normal,3443,0,1782358492.9364796,0.0022885799407958984
10196,normal,2269,0,1782358492.9383585,0.001878976821899414
10197,normal,1948,0,1782358492.9402473,0.0018887519836425781
10198,normal,1490,0,1782358492.9424226,0.0021753311157226562
10199,normal,599,0,1782358492.9444785,0.0020558834075927734
10200,normal,2856,0,1782358492.9463146,0.0018360614776611328
10201,normal,1328,1,1782358492.9481702,0.001855611801147461
10202,normal,3012,0,1782358492.950245,0.002074718475341797
10203,normal,2503,0,1782358492.9521673,0.0019223690032958984
10204,normal,758,0,1782358492.954304,0.002136707305908203
10205,normal,2519,0,1782358492.956149,0.0018451213836669922
10206,normal,1801,0,1782358492.958285,0.0021359920501708984
10207,normal,65,0,1782358492.9602818,0.001996755599975586
10208,normal,2586,0,1782358492.9622045,0.001922607421875
10209,normal,1623,0,1782358492.9643266,0.002122163772583008
10210,normal,798,2,1782358492.9662395,0.001912832260131836
10211,normal,1211,0,1782358492.9683077,0.0020682811737060547
10212,normal,1238,0,1782358492.9701822,0.0018744468688964844
10213,normal,1119,0,1782358492.972314,0.0021317005157470703
10214,normal,2911,0,1782358492.9743173,0.0020034313201904297
10215,normal,2370,0,1782358492.9762337,0.0019164085388183594
10216,normal,3230,1,1782358492.9782984,0.0020647048950195312
10217,normal,403,0,1782358492.98014,0.0018415451049804688
10218,normal,859,2,1782358492.9822805,0.002140522003173828
10219,normal,3162,1,1782358492.984295,0.0020143985748291016
10220,normal,853,2,1782358492.986169,0.0018742084503173828
10221,normal,3334,1,1782358492.9882884,0.002119302749633789
10222,normal,2912,0,1782358492.9902978,0.0020093917846679688
10223,normal,2974,0,1782358492.9921515,0.0018537044525146484
10224,normal,1924,0,1782358492.994309,0.002157449722290039
10225,normal,916,2,1782358492.996251,0.0019421577453613281
10226,normal,602,0,1782358492.9982588,0.002007722854614258
10227,normal,1406,0,1782358493.0001779,0.0019190311431884766
10228,normal,1937,0,1782358493.002295,0.002117156982421875
10229,normal,157,0,1782358493.0041838,0.0018887519836425781
10230,normal,3390,1,1782358493.0062947,0.0021109580993652344
10231,normal,1816,0,1782358493.0082939,0.0019991397857666016
10232,normal,1492,0,1782358493.010172,0.0018780231475830078
10233,normal,3217,1,1782358493.0123315,0.002159595489501953
10234,normal,2381,0,1782358493.0142417,0.0019102096557617188
10235,normal,299,0,1782358493.0163555,0.002113819122314453
10236,normal,3452,0,1782358493.018279,0.0019235610961914062
10237,normal,967,2,1782358493.020384,0.0021049976348876953
10238,normal,771,0,1782358493.0222588,0.001874685287475586
10239,normal,1770,0,1782358493.0242677,0.0020089149475097656
10240,normal,3687,0,1782358493.0263608,0.002093076705932617
10241,normal,2458,0,1782358493.0281663,0.0018055438995361328
10242,normal,479,0,1782358493.0303738,0.002207517623901367
10243,normal,3204,1,1782358493.0323277,0.0019538402557373047
10244,normal,1363,1,1782358493.0343347,0.002007007598876953
10245,normal,2694,0,1782358493.0362937,0.001959085464477539
10246,normal,3430,0,1782358493.0384264,0.0021326541900634766
10247,normal,1821,0,1782358493.0403247,0.0018982887268066406
10248,normal,3163,1,1782358493.042556,0.0022313594818115234
10249,normal,657,0,1782358493.044329,0.0017728805541992188
10250,normal,3007,0,1782358493.0464208,0.0020918846130371094
10251,normal,575,0,1782358493.0484219,0.002001047134399414
10252,normal,1926,0,1782358493.0502062,0.0017843246459960938
10253,normal,578,0,1782358493.0522482,0.002042055130004883
10254,normal,1155,0,1782358493.0541866,0.0019383430480957031
10255,normal,3514,0,1782358493.0563052,0.0021185874938964844
10256,normal,633,0,1782358493.0582693,0.001964092254638672
10257,normal,3607,0,1782358493.0601864,0.001917123794555664
10258,normal,3026,0,1782358493.0622985,0.002112150192260742
10259,normal,1392,0,1782358493.064127,0.0018284320831298828
10260,normal,358,0,1782358493.0662756,0.0021486282348632812
10261,normal,3592,0,1782358493.0683093,0.002033710479736328
10262,normal,3336,1,1782358493.0703666,0.002057313919067383
10263,normal,2660,0,1782358493.0723023,0.001935720443725586
10264,normal,3549,0,1782358493.0743842,0.0020818710327148438
10265,normal,1130,0,1782358493.0762725,0.001888275146484375
10266,normal,456,0,1782358493.0781848,0.0019123554229736328
10267,normal,1811,0,1782358493.0802903,0.0021054744720458984
10268,normal,719,0,1782358493.0821536,0.001863241195678711
10269,normal,723,0,1782358493.0842965,0.0021429061889648438
10270,normal,2874,0,1782358493.086373,0.0020766258239746094
10271,normal,2094,0,1782358493.0882185,0.0018453598022460938
10272,normal,2864,0,1782358493.09017,0.001951456069946289
10273,normal,3532,0,1782358493.0922847,0.0021147727966308594
10274,normal,565,0,1782358493.094178,0.0018932819366455078
10275,normal,3135,1,1782358493.0963042,0.0021262168884277344
10276,normal,3394,1,1782358493.0981822,0.0018780231475830078
10277,normal,3706,0,1782358493.100255,0.0020728111267089844
10278,normal,2086,0,1782358493.10219,0.0019350051879882812
10279,normal,3093,1,1782358493.1041706,0.0019805431365966797
10280,normal,2991,0,1782358493.1061664,0.0019958019256591797
10281,normal,1466,0,1782358493.108131,0.001964569091796875
10282,normal,1297,0,1782358493.11043,0.002299070358276367
10283,normal,140,0,1782358493.1122339,0.0018038749694824219
10284,normal,813,2,1782358493.114211,0.001977205276489258
10285,normal,2878,0,1782358493.1162422,0.002031087875366211
10286,normal,636,0,1782358493.11836,0.0021178722381591797
10287,normal,2294,0,1782358493.1201565,0.0017964839935302734
10288,normal,2598,0,1782358493.1222224,0.002065896987915039
10289,normal,3420,0,1782358493.1242824,0.0020599365234375
10290,normal,1743,0,1782358493.1263008,0.002018451690673828
10291,normal,963,2,1782358493.128303,0.002002239227294922
10292,normal,1724,0,1782358493.130214,0.0019109249114990234
10293,normal,791,2,1782358493.1323097,0.0020956993103027344
10294,normal,172,0,1782358493.1341326,0.0018229484558105469
10295,normal,482,0,1782358493.136126,0.001993417739868164
10296,normal,349,0,1782358493.1382565,0.0021305084228515625
10297,normal,290,0,1782358493.1404896,0.0022330284118652344
10298,normal,3597,0,1782358493.1422384,0.001748800277709961
10299,normal,1204,0,1782358493.144283,0.002044677734375
10300,normal,816,2,1782358493.146211,0.0019278526306152344
10301,normal,3639,0,1782358493.1481998,0.0019888877868652344
10302,normal,3088,1,1782358493.1502392,0.0020394325256347656
10303,normal,2933,0,1782358493.15241,0.0021708011627197266
10304,normal,2443,0,1782358493.1542418,0.0018317699432373047
10305,normal,3412,0,1782358493.156163,0.0019211769104003906
10306,normal,91,0,1782358493.15816,0.0019969940185546875
10307,normal,3201,1,1782358493.1601677,0.002007722854614258
10308,normal,3541,0,1782358493.1621506,0.0019829273223876953
10309,normal,503,0,1782358493.1641467,0.0019960403442382812
10310,normal,3513,0,1782358493.1661491,0.0020024776458740234
10311,normal,492,0,1782358493.16816,0.002010822296142578
10312,normal,1667,0,1782358493.1701372,0.001977205276489258
10313,normal,2480,0,1782358493.1722305,0.0020933151245117188
10314,normal,2575,0,1782358493.174197,0.0019664764404296875
10315,normal,1626,0,1782358493.176162,0.001965045928955078
10316,normal,1783,0,1782358493.1781504,0.0019884109497070312
10317,normal,3459,0,1782358493.180154,0.0020036697387695312
10318,normal,1879,0,1782358493.1821773,0.0020232200622558594
10319,normal,2464,0,1782358493.1841466,0.0019693374633789062
10320,normal,923,2,1782358493.1861799,0.002033233642578125
10321,normal,25,0,1782358493.1881902,0.002010345458984375
10322,normal,946,2,1782358493.1904252,0.002234935760498047
10323,normal,542,0,1782358493.192175,0.0017497539520263672
10324,normal,471,0,1782358493.1941593,0.0019843578338623047
10325,normal,3460,0,1782358493.1961186,0.0019593238830566406
10326,normal,1986,0,1782358493.1981926,0.002074003219604492
10327,normal,2096,0,1782358493.2001348,0.0019421577453613281
10328,normal,100,0,1782358493.2021315,0.001996755599975586
10329,normal,1174,0,1782358493.2041342,0.002002716064453125
10330,normal,2239,0,1782358493.2062156,0.0020813941955566406
10331,normal,2275,0,1782358493.2081773,0.0019617080688476562
10332,normal,2102,0,1782358493.2101736,0.001996278762817383
10333,normal,1780,0,1782358493.2122314,0.002057790756225586
10334,normal,2966,0,1782358493.2142868,0.0020554065704345703
10335,normal,2563,0,1782358493.2164059,0.0021190643310546875
10336,normal,2291,0,1782358493.218193,0.0017871856689453125
10337,normal,2196,0,1782358493.2202053,0.0020122528076171875
10338,normal,724,0,1782358493.2222989,0.0020935535430908203
10339,normal,3617,0,1782358493.2242498,0.001950979232788086
10340,normal,2057,0,1782358493.226098,0.0018482208251953125
10341,normal,1323,1,1782358493.2281342,0.0020360946655273438
10342,normal,3292,1,1782358493.2301364,0.002002239227294922
10343,normal,510,0,1782358493.2321827,0.002046346664428711
10344,normal,3494,0,1782358493.234218,0.0020351409912109375
10345,normal,2230,0,1782358493.2361388,0.001920938491821289
10346,normal,460,0,1782358493.2381299,0.0019910335540771484
10347,normal,1556,0,1782358493.240128,0.0019981861114501953
10348,normal,2311,0,1782358493.2421317,0.0020036697387695312
10349,normal,1949,0,1782358493.244628,0.0024962425231933594
10350,normal,648,0,1782358493.246177,0.0015490055084228516
10351,normal,1546,0,1782358493.2484317,0.0022547245025634766
10352,normal,432,0,1782358493.2501557,0.0017240047454833984
10353,normal,3382,1,1782358493.2521522,0.0019965171813964844
10354,normal,2975,0,1782358493.2541535,0.0020012855529785156
10355,normal,79,0,1782358493.2563422,0.0021886825561523438
10356,normal,2340,0,1782358493.2582839,0.001941680908203125
10357,normal,1643,0,1782358493.2603493,0.002065420150756836
10358,normal,501,0,1782358493.2621667,0.001817464828491211
10359,normal,2179,0,1782358493.264297,0.002130270004272461
10360,normal,796,2,1782358493.266301,0.002003908157348633
10361,normal,930,2,1782358493.2681532,0.001852273941040039
10362,normal,2684,0,1782358493.2703142,0.0021610260009765625
10363,normal,3046,1,1782358493.2721946,0.0018804073333740234
10364,normal,959,2,1782358493.2743485,0.0021538734436035156
10365,normal,344,0,1782358493.276706,0.00235748291015625
10366,normal,638,0,1782358493.2782936,0.0015876293182373047
10367,normal,3550,0,1782358493.2804034,0.0021097660064697266
10368,normal,1939,0,1782358493.2822757,0.0018723011016845703
10369,normal,2706,0,1782358493.284559,0.002283334732055664
10370,normal,1634,0,1782358493.28671,0.002151012420654297
10371,normal,308,0,1782358493.2882187,0.0015087127685546875
10372,normal,1232,0,1782358493.2903576,0.002138853073120117
10373,normal,877,2,1782358493.292307,0.001949310302734375
10374,normal,2207,0,1782358493.2941568,0.0018498897552490234
10375,normal,1247,0,1782358493.2963626,0.0022058486938476562
10376,normal,374,0,1782358493.298336,0.001973390579223633
10377,normal,2182,0,1782358493.3001826,0.0018465518951416016
10378,normal,596,0,1782358493.3023596,0.002177000045776367
10379,normal,3134,1,1782358493.3043134,0.0019538402557373047
10380,normal,2990,0,1782358493.3062844,0.001971006393432617
10381,normal,1800,0,1782358493.3084157,0.002131223678588867
10382,normal,3558,0,1782358493.3104212,0.0020055770874023438
10383,normal,2026,0,1782358493.3122761,0.0018548965454101562
10384,normal,1378,1,1782358493.3143752,0.0020990371704101562
10385,normal,3685,0,1782358493.3163886,0.0020134449005126953
10386,normal,2135,0,1782358493.3183053,0.001916646957397461
10387,normal,3299,1,1782358493.3204293,0.0021240711212158203
10388,normal,497,0,1782358493.322171,0.001741647720336914
10389,normal,1126,0,1782358493.3244853,0.002314329147338867
10390,normal,72,0,1782358493.326262,0.0017766952514648438
10391,normal,213,0,1782358493.3282864,0.002024412155151367
10392,normal,3575,0,1782358493.3302646,0.001978158950805664
10393,normal,2587,0,1782358493.332368,0.0021033287048339844
10394,normal,275,0,1782358493.3343525,0.0019845962524414062
10395,normal,2314,0,1782358493.3362815,0.0019290447235107422
10396,normal,1486,0,1782358493.3383913,0.0021097660064697266
10397,normal,1617,0,1782358493.3403761,0.001984834671020508
10398,normal,992,2,1782358493.342265,0.0018887519836425781
10399,normal,2424,0,1782358493.3443658,0.0021009445190429688
10400,normal,686,0,1782358493.346324,0.001958131790161133
10401,normal,1818,0,1782358493.3482776,0.001953601837158203
10402,normal,819,2,1782358493.350177,0.0018994808197021484
10403,normal,3328,1,1782358493.3521936,0.0020165443420410156
10404,normal,420,0,1782358493.3543234,0.002129793167114258
10405,normal,1823,0,1782358493.3563046,0.0019812583923339844
10406,normal,3309,1,1782358493.3582397,0.0019350051879882812
10407,normal,1772,0,1782358493.3602996,0.0020599365234375
10408,normal,2544,0,1782358493.3622746,0.0019750595092773438
10409,normal,540,0,1782358493.3642538,0.0019791126251220703
10410,normal,2719,0,1782358493.3662467,0.001992940902709961
10411,normal,1275,0,1782358493.3682501,0.0020034313201904297
10412,normal,3013,0,1782358493.3702269,0.0019767284393310547
10413,normal,1160,0,1782358493.372224,0.001997232437133789
10414,normal,914,2,1782358493.3742244,0.0020003318786621094
10415,normal,1345,1,1782358493.37651,0.002285480499267578
10416,normal,54,0,1782358493.3781753,0.001665353775024414
10417,normal,1921,0,1782358493.380296,0.0021207332611083984
10418,normal,1416,0,1782358493.382377,0.0020809173583984375
10419,normal,1750,0,1782358493.3842626,0.0018856525421142578
10420,normal,187,0,1782358493.386373,0.0021104812622070312
10421,normal,1035,0,1782358493.3882096,0.001836538314819336
10422,normal,1436,0,1782358493.3903933,0.002183675765991211
10423,normal,1381,1,1782358493.3923461,0.0019528865814208984
10424,normal,1890,0,1782358493.394328,0.001981973648071289
10425,normal,3006,0,1782358493.3961337,0.0018055438995361328
10426,normal,2361,0,1782358493.3982155,0.0020818710327148438
10427,normal,2984,0,1782358493.400129,0.0019135475158691406
10428,normal,3673,0,1782358493.4022954,0.002166271209716797
10429,normal,1904,0,1782358493.4042575,0.0019621849060058594
10430,normal,1280,0,1782358493.406191,0.0019335746765136719
10431,normal,3584,0,1782358493.4082303,0.002039194107055664
10432,normal,3486,0,1782358493.4102178,0.001987457275390625
10433,normal,2909,0,1782358493.412213,0.0019953250885009766
10434,normal,1705,0,1782358493.4149868,0.002773761749267578
10435,normal,986,2,1782358493.4165308,0.0015439987182617188
10436,normal,109,0,1782358493.4181767,0.001645803451538086
10437,normal,3668,0,1782358493.42023,0.0020532608032226562
10438,normal,3680,0,1782358493.422237,0.002007007598876953
10439,normal,2397,0,1782358493.424231,0.0019941329956054688
10440,normal,1540,0,1782358493.4262269,0.0019958019256591797
10441,normal,3242,1,1782358493.4284642,0.0022373199462890625
10442,normal,3386,1,1782358493.4301374,0.0016732215881347656
10443,normal,3117,1,1782358493.4322388,0.002101421356201172
10444,normal,3567,0,1782358493.4342256,0.0019867420196533203
10445,normal,3391,1,1782358493.436234,0.0020084381103515625
10446,normal,2726,0,1782358493.4382288,0.0019948482513427734
10447,normal,1499,0,1782358493.4405775,0.002348661422729492
10448,normal,5,0,1782358493.4424272,0.0018496513366699219
10449,normal,2662,0,1782358493.4442842,0.0018570423126220703
10450,normal,3175,1,1782358493.4463463,0.002062082290649414
10451,normal,148,0,1782358493.4483597,0.0020134449005126953
10452,normal,1085,0,1782358493.4503515,0.001991748809814453
10453,normal,106,0,1782358493.4523032,0.0019516944885253906
10454,normal,3340,1,1782358493.4544213,0.0021181106567382812
10455,normal,1850,0,1782358493.4564142,0.001992940902709961
10456,normal,996,2,1782358493.4583313,0.001917123794555664
10457,normal,246,0,1782358493.4606588,0.002327442169189453
10458,normal,1256,0,1782358493.46264,0.0019812583923339844
10459,normal,1277,0,1782358493.464496,0.0018558502197265625
10460,normal,378,0,1782358493.4661663,0.0016703605651855469
10461,normal,3376,1,1782358493.4683402,0.002173900604248047
10462,normal,2556,0,1782358493.4702508,0.0019106864929199219
10463,normal,89,0,1782358493.4722786,0.002027750015258789
10464,normal,154,0,1782358493.4742339,0.001955270767211914
10465,normal,1485,0,1782358493.4763231,0.002089262008666992
10466,normal,190,0,1782358493.4782262,0.0019030570983886719
10467,normal,2770,0,1782358493.4802632,0.00203704833984375
10468,normal,1528,0,1782358493.4823167,0.002053499221801758
10469,normal,3435,0,1782358493.4843147,0.0019979476928710938
10470,normal,3047,1,1782358493.4863126,0.0019979476928710938
10471,normal,3107,1,1782358493.4882274,0.0019147396087646484
10472,normal,221,0,1782358493.4902847,0.002057313919067383
10473,normal,3151,1,1782358493.4921732,0.0018885135650634766
10474,normal,2071,0,1782358493.4943564,0.002183198928833008
10475,normal,3004,0,1782358493.496267,0.0019106864929199219
10476,normal,2761,0,1782358493.4982958,0.0020287036895751953
10477,normal,2672,0,1782358493.5003738,0.0020780563354492188
10478,normal,2442,0,1782358493.502174,0.0018000602722167969
10479,normal,1110,0,1782358493.5042553,0.0020813941955566406
10480,normal,251,0,1782358493.5063527,0.0020973682403564453
10481,normal,2561,0,1782358493.508148,0.0017952919006347656
10482,normal,979,2,1782358493.5103223,0.00217437744140625
10483,normal,2030,0,1782358493.512214,0.0018916130065917969
10484,normal,1670,0,1782358493.5144186,0.0022046566009521484
10485,normal,3681,0,1782358493.5161293,0.001710653305053711
10486,normal,1647,0,1782358493.5182688,0.002139568328857422
10487,normal,1854,0,1782358493.520155,0.001886129379272461
10488,normal,1456,0,1782358493.5222769,0.0021219253540039062
10489,normal,1622,0,1782358493.524277,0.002000093460083008
10490,normal,3256,1,1782358493.5263638,0.0020868778228759766
10491,normal,1473,0,1782358493.5282955,0.0019316673278808594
10492,normal,612,0,1782358493.530311,0.0020155906677246094
10493,normal,507,0,1782358493.532376,0.002064943313598633
10494,normal,589,0,1782358493.5343332,0.0019571781158447266
10495,normal,3276,1,1782358493.5362897,0.001956462860107422
10496,normal,1523,0,1782358493.5382874,0.001997709274291992
10497,normal,2896,0,1782358493.5402474,0.0019600391387939453
10498,normal,740,0,1782358493.5423145,0.002067089080810547
10499,normal,1421,0,1782358493.5442572,0.0019426345825195312
10500,normal,2941,0,1782358493.546288,0.0020308494567871094
10501,normal,2419,0,1782358493.5482943,0.0020062923431396484
10502,normal,621,0,1782358493.5502825,0.0019881725311279297
10503,normal,2567,0,1782358493.5521832,0.0019006729125976562
10504,normal,3489,0,1782358493.554323,0.0021398067474365234
10505,normal,574,0,1782358493.5563202,0.001997232437133789
10506,normal,2123,0,1782358493.5582037,0.0018835067749023438
10507,normal,516,0,1782358493.560313,0.0021092891693115234
10508,normal,894,2,1782358493.5621622,0.0018491744995117188
10509,normal,1503,0,1782358493.5643208,0.002158641815185547
10510,normal,598,0,1782358493.56633,0.002009153366088867
10511,normal,2950,0,1782358493.5680883,0.0017583370208740234
10512,normal,2006,0,1782358493.5701787,0.0020904541015625
10513,normal,333,0,1782358493.5721977,0.0020189285278320312
10514,normal,1230,0,1782358493.574266,0.0020682811737060547
10515,normal,708,0,1782358493.5763085,0.002042531967163086
10516,normal,390,0,1782358493.5781898,0.0018813610076904297
10517,normal,2015,0,1782358493.580248,0.002058267593383789
10518,normal,2653,0,1782358493.5821838,0.001935720443725586
10519,normal,1518,0,1782358493.5843072,0.0021233558654785156
10520,normal,2488,0,1782358493.5861604,0.0018532276153564453
10521,normal,3287,1,1782358493.5884137,0.002253293991088867
10522,normal,1360,1,1782358493.5904076,0.001993894577026367
10523,normal,3142,1,1782358493.5922227,0.0018150806427001953
10524,normal,169,0,1782358493.5942554,0.002032756805419922
10525,normal,3227,1,1782358493.5963051,0.002049684524536133
10526,normal,183,0,1782358493.5981474,0.0018422603607177734
10527,normal,1833,0,1782358493.600301,0.002153635025024414
10528,normal,862,2,1782358493.6022217,0.0019207000732421875
10529,normal,2569,0,1782358493.6043787,0.002156972885131836
10530,normal,1123,0,1782358493.6062098,0.0018310546875
10531,normal,3384,1,1782358493.6082857,0.0020759105682373047
10532,normal,2552,0,1782358493.6101747,0.0018889904022216797
10533,normal,1063,0,1782358493.6122944,0.002119779586791992
10534,normal,3266,1,1782358493.6141903,0.001895904541015625
10535,normal,3034,0,1782358493.6163223,0.002131938934326172
10536,normal,370,0,1782358493.6181805,0.0018582344055175781
10537,normal,1250,0,1782358493.6203098,0.0021293163299560547
10538,normal,1644,0,1782358493.622171,0.0018610954284667969
10539,normal,1659,0,1782358493.6241534,0.001982450485229492
10540,normal,2839,0,1782358493.6263137,0.002160310745239258
10541,normal,3608,0,1782358493.6282897,0.00197601318359375
10542,normal,2078,0,1782358493.6302187,0.0019290447235107422
10543,normal,3401,1,1782358493.6323297,0.0021109580993652344
10544,normal,3619,0,1782358493.634297,0.001967191696166992
10545,normal,3265,1,1782358493.6363182,0.002021312713623047
10546,normal,2621,0,1782358493.638203,0.0018846988677978516
10547,normal,2809,0,1782358493.6403813,0.0021784305572509766
10548,normal,1199,0,1782358493.6421998,0.0018184185028076172
10549,normal,1755,0,1782358493.6444356,0.002235889434814453
10550,normal,3324,1,1782358493.6462772,0.0018415451049804688
10551,normal,2989,0,1782358493.6483884,0.002111196517944336
10552,normal,932,2,1782358493.6503336,0.0019452571868896484
10553,normal,2084,0,1782358493.6522725,0.0019388198852539062
10554,normal,2985,0,1782358493.6545453,0.0022728443145751953
10555,normal,3289,1,1782358493.6566536,0.002108335494995117
10556,normal,3310,1,1782358493.658365,0.0017113685607910156
10557,normal,1458,0,1782358493.6602852,0.0019202232360839844
10558,normal,2093,0,1782358493.6624165,0.002131223678588867
10559,normal,3625,0,1782358493.6641712,0.0017547607421875
10560,normal,1595,0,1782358493.6664295,0.00225830078125
10561,normal,3122,1,1782358493.6684227,0.0019931793212890625
10562,normal,3402,0,1782358493.6702077,0.0017850399017333984
10563,normal,2654,0,1782358493.6722634,0.002055644989013672
10564,normal,2857,0,1782358493.6743512,0.002087831497192383
10565,normal,1968,0,1782358493.676129,0.0017778873443603516
10566,normal,616,0,1782358493.678399,0.0022699832916259766
10567,normal,1967,0,1782358493.6802113,0.0018122196197509766
10568,normal,2786,0,1782358493.6822648,0.002053499221801758
10569,normal,2505,0,1782358493.6842396,0.001974821090698242
10570,normal,2814,0,1782358493.686247,0.0020074844360351562
10571,normal,3264,1,1782358493.6882708,0.0020236968994140625
10572,normal,3237,1,1782358493.690267,0.001996278762817383
10573,normal,1544,0,1782358493.6922646,0.0019974708557128906
10574,normal,2276,0,1782358493.694256,0.0019915103912353516
10575,normal,1246,0,1782358493.696307,0.0020508766174316406
10576,normal,32,0,1782358493.6981893,0.001882314682006836
10577,normal,2744,0,1782358493.7002487,0.002059459686279297
10578,normal,3616,0,1782358493.702251,0.002002239227294922
10579,normal,2329,0,1782358493.7042823,0.0020313262939453125
10580,normal,1870,0,1782358493.7063718,0.0020895004272460938
10581,normal,3069,1,1782358493.708176,0.0018041133880615234
10582,normal,3590,0,1782358493.7102556,0.0020797252655029297
10583,normal,1703,0,1782358493.712256,0.0020003318786621094
10584,normal,3612,0,1782358493.7142642,0.002008199691772461
10585,normal,3185,1,1782358493.716259,0.0019948482513427734
10586,normal,625,0,1782358493.7182553,0.001996278762817383
10587,normal,3161,1,1782358493.7201762,0.001920938491821289
10588,normal,3636,0,1782358493.7222805,0.0021042823791503906
10589,normal,3092,1,1782358493.724297,0.0020165443420410156
10590,normal,1803,0,1782358493.7263086,0.002011537551879883
10591,normal,762,0,1782358493.7283213,0.0020127296447753906
10592,normal,3259,1,1782358493.7304971,0.0021758079528808594
10593,normal,3257,1,1782358493.732178,0.0016808509826660156
10594,normal,2438,0,1782358493.7343664,0.002188444137573242
10595,normal,3312,1,1782358493.736164,0.0017976760864257812
10596,normal,1427,0,1782358493.7383316,0.0021674633026123047
10597,normal,1999,0,1782358493.7402635,0.001931905746459961
10598,normal,1120,0,1782358493.742167,0.001903533935546875
10599,normal,1947,0,1782358493.744253,0.0020859241485595703
10600,normal,1105,0,1782358493.7463949,0.0021419525146484375
10601,normal,2285,0,1782358493.748262,0.001867055892944336
10602,normal,2168,0,1782358493.7503276,0.0020656585693359375
10603,normal,902,2,1782358493.7522557,0.001928091049194336
10604,normal,3271,1,1782358493.7543595,0.0021038055419921875
10605,normal,942,2,1782358493.756241,0.0018815994262695312
10606,normal,2110,0,1782358493.75826,0.0020189285278320312
10607,normal,1491,0,1782358493.7605393,0.0022792816162109375
10608,normal,1172,0,1782358493.7622006,0.0016613006591796875
10609,normal,1902,0,1782358493.764382,0.0021812915802001953
10610,normal,3359,1,1782358493.7661529,0.0017709732055664062
10611,normal,1694,0,1782358493.7682405,0.0020875930786132812
10612,normal,933,2,1782358493.770243,0.0020024776458740234
10613,normal,1321,1,1782358493.7722445,0.002001523971557617
10614,normal,2166,0,1782358493.7742848,0.002040386199951172
10615,normal,928,2,1782358493.776265,0.0019800662994384766
10616,normal,1367,1,1782358493.7781703,0.0019054412841796875
10617,normal,839,2,1782358493.7802632,0.0020928382873535156
10618,normal,1963,0,1782358493.782263,0.0019998550415039062
10619,normal,1707,0,1782358493.7842822,0.002019166946411133
10620,normal,2750,0,1782358493.7861924,0.0019102096557617188
10621,normal,2812,0,1782358493.7882502,0.002057790756225586
10622,normal,2263,0,1782358493.7903059,0.002055644989013672
10623,normal,2846,0,1782358493.792605,0.002299070358276367
10624,normal,2851,0,1782358493.7943826,0.00177764892578125
10625,normal,2951,0,1782358493.7962978,0.0019152164459228516
10626,normal,777,2,1782358493.7983246,0.002026796340942383
10627,normal,174,0,1782358493.8004262,0.0021016597747802734
10628,normal,2665,0,1782358493.8025453,0.0021190643310546875
10629,normal,2130,0,1782358493.8042598,0.001714468002319336
10630,normal,1185,0,1782358493.8062444,0.0019845962524414062
10631,normal,629,0,1782358493.8082504,0.002006053924560547
10632,normal,2514,0,1782358493.810232,0.001981496810913086
10633,normal,677,0,1782358493.8122435,0.002011537551879883
10634,normal,3482,0,1782358493.8142648,0.002021312713623047
10635,normal,2050,0,1782358493.8161986,0.0019338130950927734
10636,normal,742,0,1782358493.818368,0.002169370651245117
10637,normal,3136,1,1782358493.820304,0.0019359588623046875
10638,normal,3160,1,1782358493.8222737,0.0019698143005371094
10639,normal,1786,0,1782358493.8243017,0.0020279884338378906
10640,normal,1462,0,1782358493.8264217,0.0021200180053710938
10641,normal,468,0,1782358493.8282912,0.0018694400787353516
10642,normal,1681,0,1782358493.8302677,0.001976490020751953
10643,normal,194,0,1782358493.8324053,0.0021376609802246094
10644,normal,1442,0,1782358493.8342137,0.0018084049224853516
10645,normal,1468,0,1782358493.836438,0.0022242069244384766
10646,normal,3021,0,1782358493.8383157,0.0018777847290039062
10647,normal,2355,0,1782358493.8402586,0.0019428730010986328
10648,normal,3437,0,1782358493.8423567,0.00209808349609375
10649,normal,3250,1,1782358493.8441696,0.0018129348754882812
10650,normal,2316,0,1782358493.846275,0.0021054744720458984
10651,normal,1196,0,1782358493.848375,0.0020999908447265625
10652,normal,2527,0,1782358493.8501575,0.0017824172973632812
10653,normal,399,0,1782358493.8523366,0.0021791458129882812
10654,normal,1022,2,1782358493.854221,0.00188446044921875
10655,normal,2236,0,1782358493.8563414,0.0021202564239501953
10656,normal,3423,0,1782358493.8581417,0.0018002986907958984
10657,normal,3133,1,1782358493.8602965,0.002154827117919922
10658,normal,176,0,1782358493.862145,0.001848459243774414
10659,normal,907,2,1782358493.8643007,0.002155780792236328
10660,normal,508,0,1782358493.8663974,0.0020966529846191406
10661,normal,976,2,1782358493.868334,0.0019366741180419922
10662,normal,1582,0,1782358493.8704722,0.0021381378173828125
10663,normal,795,2,1782358493.8730276,0.002555370330810547
10664,normal,2296,0,1782358493.874168,0.0011403560638427734
10665,normal,2594,0,1782358493.8762956,0.0021276473999023438
10666,normal,2352,0,1782358493.8783262,0.002030611038208008
10667,normal,1452,0,1782358493.8802643,0.0019381046295166016
10668,normal,3366,1,1782358493.882215,0.0019507408142089844
10669,normal,1815,0,1782358493.8843758,0.002160787582397461
10670,normal,2914,0,1782358493.886226,0.001850128173828125
10671,normal,525,0,1782358493.8881888,0.001962900161743164
10672,normal,322,0,1782358493.89029,0.0021011829376220703
10673,normal,2945,0,1782358493.892298,0.0020079612731933594
10674,normal,2675,0,1782358493.8943434,0.0020453929901123047
10675,normal,1449,0,1782358493.8964317,0.002088308334350586
10676,normal,513,0,1782358493.898252,0.0018203258514404297
10677,normal,2364,0,1782358493.9002633,0.0020112991333007812
10678,normal,2603,0,1782358493.9026206,0.0023572444915771484
10679,normal,1695,0,1782358493.9045122,0.0018916130065917969
10680,normal,1810,0,1782358493.9069088,0.0023965835571289062
10681,normal,2022,0,1782358493.9082384,0.001329660415649414
10682,normal,233,0,1782358493.9103677,0.0021293163299560547
10683,normal,2270,0,1782358493.9122958,0.001928091049194336
10684,normal,110,0,1782358493.9145267,0.0022308826446533203
10685,normal,2727,0,1782358493.9161801,0.001653432846069336
10686,normal,2494,0,1782358493.918294,0.002113819122314453
10687,normal,2934,0,1782358493.920315,0.0020210742950439453
10688,normal,2178,0,1782358493.9221663,0.0018513202667236328
10689,normal,2808,0,1782358493.9246075,0.0024411678314208984
10690,normal,1553,0,1782358493.9263918,0.0017843246459960938
10691,normal,3555,0,1782358493.9282382,0.0018463134765625
10692,normal,1114,0,1782358493.9304743,0.0022361278533935547
10693,normal,1214,0,1782358493.932365,0.0018906593322753906
10694,normal,2686,0,1782358493.9342418,0.0018768310546875
10695,normal,1538,0,1782358493.9366162,0.002374410629272461
10696,normal,163,0,1782358493.9388924,0.002276182174682617
10697,normal,1859,0,1782358493.9404924,0.001600027084350586
10698,normal,3409,0,1782358493.9423733,0.0018808841705322266
10699,normal,2873,0,1782358493.944385,0.0020117759704589844
10700,normal,974,2,1782358493.9462726,0.0018875598907470703
10701,normal,108,0,1782358493.9483433,0.0020706653594970703
10702,normal,3214,1,1782358493.9506044,0.0022611618041992188
10703,normal,1122,0,1782358493.9528224,0.002218008041381836
10704,normal,3371,1,1782358493.9542713,0.0014488697052001953
10705,normal,2436,0,1782358493.9562638,0.001992464065551758
10706,normal,827,2,1782358493.9582717,0.0020079612731933594
10707,normal,1477,0,1782358493.9602683,0.0019965171813964844
10708,normal,2206,0,1782358493.9624865,0.0022182464599609375
10709,normal,1140,0,1782358493.9642234,0.0017368793487548828
10710,normal,105,0,1782358493.9666355,0.002412080764770508
10711,normal,2002,0,1782358493.9692993,0.002663850784301758
10712,normal,185,0,1782358493.970784,0.0014846324920654297
10713,normal,1464,0,1782358493.9724963,0.0017123222351074219
10714,normal,1564,0,1782358493.9747021,0.0022058486938476562
10715,normal,2858,0,1782358493.9771938,0.0024917125701904297
10716,normal,2183,0,1782358493.9783177,0.0011239051818847656
10717,normal,3051,1,1782358493.9804692,0.0021514892578125
10718,normal,1334,1,1782358493.9822075,0.0017383098602294922
10719,normal,739,0,1782358493.9847295,0.002521991729736328
10720,normal,2453,0,1782358493.9862583,0.0015287399291992188
10721,normal,838,2,1782358493.988258,0.0019996166229248047
10722,normal,2596,0,1782358493.9902217,0.0019638538360595703
10723,normal,3574,0,1782358493.9925702,0.0023484230041503906
10724,normal,3019,0,1782358493.9945855,0.002015352249145508
10725,normal,2954,0,1782358493.9961646,0.0015790462493896484
10726,normal,821,2,1782358493.9981472,0.0019826889038085938
10727,normal,1320,1,1782358494.0001414,0.0019941329956054688
10728,normal,1047,0,1782358494.0025132,0.0023717880249023438
10729,normal,3571,0,1782358494.0041914,0.0016782283782958984
10730,normal,1329,1,1782358494.0063436,0.0021522045135498047
10731,normal,1190,0,1782358494.0082986,0.0019550323486328125
10732,normal,2517,0,1782358494.01036,0.0020613670349121094
10733,normal,3360,1,1782358494.0122137,0.0018537044525146484
10734,normal,2522,0,1782358494.0143583,0.0021445751190185547
10735,normal,3154,1,1782358494.0162413,0.0018830299377441406
10736,normal,1776,0,1782358494.0183964,0.0021550655364990234
10737,normal,1602,0,1782358494.0202448,0.001848459243774414
10738,normal,2148,0,1782358494.0223963,0.0021514892578125
10739,normal,3206,1,1782358494.02434,0.0019435882568359375
10740,normal,2339,0,1782358494.0263138,0.001973867416381836
10741,normal,464,0,1782358494.0283446,0.0020308494567871094
10742,normal,311,0,1782358494.0304246,0.0020799636840820312
10743,normal,965,2,1782358494.03232,0.0018954277038574219
10744,normal,1182,0,1782358494.034401,0.0020809173583984375
10745,normal,1091,0,1782358494.0362048,0.0018038749694824219
10746,normal,2,0,1782358494.038367,0.0021622180938720703
10747,normal,3378,1,1782358494.040233,0.0018658638000488281
10748,normal,162,0,1782358494.0421977,0.0019648075103759766
10749,normal,3622,0,1782358494.044197,0.001999378204345703
10750,normal,1215,0,1782358494.0463316,0.002134561538696289
10751,normal,3496,0,1782358494.0482697,0.0019381046295166016
10752,normal,1445,0,1782358494.0502803,0.0020105838775634766
10753,normal,2928,0,1782358494.0522952,0.0020148754119873047
10754,normal,1997,0,1782358494.0543323,0.00203704833984375
10755,normal,692,0,1782358494.0564647,0.002132415771484375
10756,normal,1971,0,1782358494.0583348,0.0018701553344726562
10757,normal,3377,1,1782358494.0603669,0.002032041549682617
10758,normal,849,2,1782358494.0624347,0.0020678043365478516
10759,normal,1950,0,1782358494.0642505,0.0018157958984375
10760,normal,1956,0,1782358494.0664103,0.0021598339080810547
10761,normal,8,0,1782358494.068391,0.0019807815551757812
10762,normal,3095,1,1782358494.070219,0.0018279552459716797
10763,normal,359,0,1782358494.0723588,0.0021398067474365234
10764,normal,350,0,1782358494.0742264,0.001867532730102539
10765,normal,3341,1,1782358494.076378,0.0021517276763916016
10766,normal,1621,0,1782358494.078472,0.002093791961669922
10767,normal,3115,1,1782358494.0804563,0.0019843578338623047
10768,normal,1706,0,1782358494.0822499,0.0017936229705810547
10769,normal,3658,0,1782358494.0843751,0.002125263214111328
10770,normal,3198,1,1782358494.0862083,0.001833200454711914
10771,normal,3400,1,1782358494.088378,0.0021696090698242188
10772,normal,1369,1,1782358494.0901778,0.0017998218536376953
10773,normal,1566,0,1782358494.0925126,0.0023348331451416016
10774,normal,3519,0,1782358494.09441,0.0018973350524902344
10775,normal,193,0,1782358494.0964174,0.0020074844360351562
10776,normal,2016,0,1782358494.0983944,0.0019769668579101562
10777,normal,961,2,1782358494.1004043,0.002009868621826172
10778,normal,779,2,1782358494.1022856,0.0018813610076904297
10779,normal,1341,1,1782358494.1042264,0.0019407272338867188
10780,normal,1177,0,1782358494.1062224,0.0019960403442382812
10781,normal,1716,0,1782358494.1082046,0.0019822120666503906
10782,normal,3648,0,1782358494.1103141,0.002109527587890625
10783,normal,1335,1,1782358494.1125245,0.002210378646850586
10784,normal,2685,0,1782358494.1144521,0.0019276142120361328
10785,normal,1824,0,1782358494.1162293,0.0017771720886230469
10786,normal,1395,0,1782358494.1183264,0.0020971298217773438
10787,normal,88,0,1782358494.1203094,0.0019829273223876953
10788,normal,962,2,1782358494.1221879,0.001878499984741211
10789,normal,880,2,1782358494.1241376,0.0019497871398925781
10790,normal,3281,1,1782358494.1261458,0.002008199691772461
10791,normal,3186,1,1782358494.128137,0.00199127197265625
10792,normal,196,0,1782358494.1301281,0.0019910335540771484
10793,normal,2832,0,1782358494.1322916,0.002163410186767578
10794,normal,3280,1,1782358494.1341457,0.0018541812896728516
10795,normal,1568,0,1782358494.136185,0.002039194107055664
10796,normal,2980,0,1782358494.1382415,0.002056598663330078
10797,normal,1857,0,1782358494.1402853,0.0020437240600585938
10798,normal,2379,0,1782358494.1422362,0.001950979232788086
10799,normal,2548,0,1782358494.1443539,0.002117633819580078
10800,normal,3588,0,1782358494.1466496,0.0022957324981689453
10801,normal,441,0,1782358494.1483574,0.0017077922821044922
10802,normal,2439,0,1782358494.1502807,0.0019233226776123047
10803,normal,1819,0,1782358494.1527529,0.0024721622467041016
10804,normal,793,2,1782358494.154485,0.0017321109771728516
10805,normal,1687,0,1782358494.1562655,0.0017805099487304688
10806,normal,730,0,1782358494.1582146,0.0019490718841552734
10807,normal,1908,0,1782358494.1606085,0.002393960952758789
10808,normal,2158,0,1782358494.16254,0.0019314289093017578
10809,normal,1075,0,1782358494.1642206,0.001680612564086914
10810,normal,2463,0,1782358494.1665516,0.0023310184478759766
10811,normal,3251,1,1782358494.1682317,0.001680135726928711
10812,normal,2262,0,1782358494.1701431,0.0019114017486572266
10813,normal,1209,0,1782358494.1721745,0.0020313262939453125
10814,normal,3425,0,1782358494.1741815,0.002007007598876953
10815,normal,3208,1,1782358494.1763518,0.0021703243255615234
10816,normal,2516,0,1782358494.1783621,0.002010345458984375
10817,normal,941,2,1782358494.1802397,0.0018775463104248047
10818,normal,1517,0,1782358494.1823175,0.002077817916870117
10819,normal,2069,0,1782358494.1843433,0.0020258426666259766
10820,normal,684,0,1782358494.1862965,0.001953125
10821,normal,1011,2,1782358494.188299,0.0020024776458740234
10822,normal,1422,0,1782358494.1904101,0.002111196517944336
10823,normal,2080,0,1782358494.1922662,0.001856088638305664
10824,normal,1511,0,1782358494.1944282,0.0021619796752929688
10825,normal,1044,0,1782358494.1963775,0.001949310302734375
10826,normal,754,0,1782358494.1985316,0.002154111862182617
10827,normal,670,0,1782358494.2003424,0.0018107891082763672
10828,normal,756,0,1782358494.2023926,0.002050161361694336
10829,normal,1446,0,1782358494.2042723,0.0018796920776367188
10830,normal,553,0,1782358494.2061622,0.001889944076538086
10831,normal,560,0,1782358494.2085862,0.002424001693725586
10832,normal,3158,1,1782358494.2103784,0.0017921924591064453
10833,normal,2731,0,1782358494.2123723,0.001993894577026367
10834,normal,3030,0,1782358494.2145247,0.0021524429321289062
10835,normal,3642,0,1782358494.2164123,0.0018875598907470703
10836,normal,1322,1,1782358494.2187374,0.0023250579833984375
10837,normal,1401,0,1782358494.220235,0.0014977455139160156
10838,normal,3262,1,1782358494.222341,0.0021059513092041016
10839,normal,3138,1,1782358494.224567,0.0022258758544921875
10840,normal,2072,0,1782358494.2268927,0.002325773239135742
10841,normal,1444,0,1782358494.2283936,0.001500844955444336
10842,normal,1500,0,1782358494.230558,0.0021643638610839844
10843,normal,3441,0,1782358494.232383,0.001825094223022461
10844,normal,2033,0,1782358494.2342927,0.0019097328186035156
10845,normal,1113,0,1782358494.2365572,0.0022644996643066406
10846,normal,398,0,1782358494.2384274,0.0018701553344726562
10847,normal,2405,0,1782358494.2410064,0.0025789737701416016
10848,normal,1326,1,1782358494.2423341,0.0013277530670166016
10849,normal,215,0,1782358494.2444293,0.0020952224731445312
10850,normal,652,0,1782358494.2463937,0.0019643306732177734
10851,normal,2466,0,1782358494.2485504,0.0021567344665527344
10852,normal,1766,0,1782358494.2503765,0.0018260478973388672
10853,normal,1533,0,1782358494.252292,0.0019154548645019531
10854,normal,1245,0,1782358494.254373,0.002081155776977539
10855,normal,1955,0,1782358494.2563856,0.002012491226196289
10856,normal,67,0,1782358494.2582924,0.0019068717956542969
10857,normal,1192,0,1782358494.2604926,0.0022001266479492188
10858,normal,345,0,1782358494.2623394,0.0018467903137207031
10859,normal,2201,0,1782358494.2643945,0.0020551681518554688
10860,normal,2749,0,1782358494.2665138,0.002119302749633789
10861,normal,186,0,1782358494.2684186,0.0019047260284423828
10862,normal,1822,0,1782358494.270308,0.0018894672393798828
10863,normal,1964,0,1782358494.2723906,0.0020825862884521484
10864,normal,1797,0,1782358494.2745116,0.0021209716796875
10865,normal,2608,0,1782358494.2764893,0.001977682113647461
10866,normal,811,2,1782358494.2785864,0.0020971298217773438
10867,normal,2247,0,1782358494.280337,0.0017507076263427734
10868,normal,3096,1,1782358494.2828531,0.002516031265258789
10869,normal,2520,0,1782358494.284459,0.001605987548828125
10870,normal,694,0,1782358494.2866838,0.0022246837615966797
10871,normal,983,2,1782358494.2882695,0.0015857219696044922
10872,normal,3032,0,1782358494.2905002,0.0022306442260742188
10873,normal,2752,0,1782358494.2923412,0.0018410682678222656
10874,normal,1469,0,1782358494.2943683,0.0020270347595214844
10875,normal,536,0,1782358494.2963226,0.001954317092895508
10876,normal,673,0,1782358494.298709,0.002386331558227539
10877,normal,2034,0,1782358494.3001883,0.0014793872833251953
10878,normal,2778,0,1782358494.3024602,0.002271890640258789
10879,normal,2764,0,1782358494.3044353,0.0019750595092773438
10880,normal,682,0,1782358494.3063426,0.0019073486328125
10881,normal,1531,0,1782358494.3083646,0.0020220279693603516
10882,normal,1938,0,1782358494.3109581,0.002593517303466797
10883,normal,955,2,1782358494.3125873,0.0016291141510009766
10884,normal,1673,0,1782358494.3144107,0.00182342529296875
10885,normal,360,0,1782358494.3170335,0.002622842788696289
10886,normal,2244,0,1782358494.318528,0.0014944076538085938
10887,normal,1437,0,1782358494.3203502,0.0018222332000732422
10888,normal,1336,1,1782358494.3225555,0.002205371856689453
10889,normal,2255,0,1782358494.3244977,0.0019421577453613281
10890,normal,2238,0,1782358494.326371,0.0018732547760009766
10891,normal,3165,1,1782358494.3284726,0.0021016597747802734
10892,normal,1234,0,1782358494.3307707,0.002298116683959961
10893,normal,2711,0,1782358494.332243,0.0014722347259521484
10894,normal,1596,0,1782358494.334477,0.0022339820861816406
10895,normal,1235,0,1782358494.3364034,0.001926422119140625
10896,normal,2818,0,1782358494.3382778,0.0018744468688964844
10897,normal,683,0,1782358494.3404605,0.0021827220916748047
10898,normal,1213,0,1782358494.3422332,0.0017726421356201172
10899,normal,3518,0,1782358494.3446357,0.0024025440216064453
10900,normal,3594,0,1782358494.346566,0.00193023681640625
10901,normal,2242,0,1782358494.349115,0.0025489330291748047
10902,normal,1640,0,1782358494.3506272,0.001512289047241211
10903,normal,3001,0,1782358494.3525863,0.001959085464477539
10904,normal,1200,0,1782358494.3548088,0.0022225379943847656
10905,normal,1702,0,1782358494.3567743,0.0019655227661132812
10906,normal,153,0,1782358494.3582976,0.0015232563018798828
10907,normal,861,2,1782358494.360534,0.0022363662719726562
10908,normal,502,0,1782358494.3624084,0.0018744468688964844
10909,normal,509,0,1782358494.364201,0.0017926692962646484
10910,normal,3261,1,1782358494.366335,0.0021338462829589844
10911,normal,2089,0,1782358494.3681924,0.0018575191497802734
10912,normal,3194,1,1782358494.370728,0.002535581588745117
10913,normal,846,2,1782358494.372334,0.001605987548828125
10914,normal,2378,0,1782358494.3743398,0.0020058155059814453
10915,normal,1834,0,1782358494.3762946,0.001954793930053711
10916,normal,3520,0,1782358494.3782184,0.0019237995147705078
10917,normal,908,2,1782358494.3803267,0.002108335494995117
10918,normal,841,2,1782358494.382238,0.001911163330078125
10919,normal,3191,1,1782358494.3844097,0.002171754837036133
10920,normal,438,0,1782358494.387118,0.00270843505859375
10921,normal,73,0,1782358494.3886344,0.0015163421630859375
10922,normal,3303,1,1782358494.3914607,0.002826213836669922
10923,normal,1472,0,1782358494.392654,0.0011932849884033203
10924,normal,3011,0,1782358494.3946583,0.002004384994506836
10925,normal,1337,1,1782358494.3967624,0.002104043960571289
10926,normal,4,0,1782358494.3983364,0.0015740394592285156
10927,normal,3118,1,1782358494.4006991,0.0023627281188964844
10928,normal,2088,0,1782358494.4024403,0.001741170883178711
10929,normal,1759,0,1782358494.404327,0.001886606216430664
10930,normal,1354,1,1782358494.4062908,0.0019638538360595703
10931,normal,2140,0,1782358494.4081595,0.0018687248229980469
10932,normal,887,2,1782358494.4102988,0.0021393299102783203
10933,normal,1424,0,1782358494.4123218,0.002022981643676758
10934,normal,458,0,1782358494.4142463,0.0019245147705078125
10935,normal,3159,1,1782358494.4162357,0.0019893646240234375
10936,normal,2536,0,1782358494.4183586,0.0021228790283203125
10937,normal,261,0,1782358494.4202302,0.0018715858459472656
10938,normal,57,0,1782358494.4222298,0.0019996166229248047
10939,normal,2886,0,1782358494.4243886,0.0021588802337646484
10940,normal,2656,0,1782358494.426358,0.0019693374633789062
10941,normal,549,0,1782358494.4283748,0.002016782760620117
10942,normal,3670,0,1782358494.4302928,0.0019180774688720703
10943,normal,3060,1,1782358494.4322023,0.001909494400024414
10944,normal,1129,0,1782358494.434346,0.0021436214447021484
10945,normal,192,0,1782358494.4362345,0.0018885135650634766
10946,normal,3626,0,1782358494.4382992,0.0020647048950195312
10947,normal,17,0,1782358494.4402716,0.0019724369049072266
10948,normal,3081,1,1782358494.4424312,0.002159595489501953
10949,normal,1692,0,1782358494.4442463,0.0018150806427001953
10950,normal,475,0,1782358494.446291,0.002044677734375
10951,normal,3147,1,1782358494.4484951,0.0022041797637939453
10952,normal,3587,0,1782358494.4502711,0.001775979995727539
10953,normal,2865,0,1782358494.4522257,0.0019545555114746094
10954,normal,3654,0,1782358494.4543507,0.0021250247955322266
10955,normal,1081,0,1782358494.4564016,0.0020508766174316406
10956,normal,587,0,1782358494.4582348,0.001833200454711914
10957,normal,3562,0,1782358494.4603312,0.002096414566040039
10958,normal,2220,0,1782358494.4621904,0.0018591880798339844
10959,normal,1087,0,1782358494.4643228,0.002132415771484375
10960,normal,3487,0,1782358494.4663966,0.0020737648010253906
10961,normal,2633,0,1782358494.4683769,0.001980304718017578
10962,normal,2885,0,1782358494.4710364,0.0026595592498779297
10963,normal,489,0,1782358494.4722974,0.001260995864868164
10964,normal,1512,0,1782358494.4742541,0.0019567012786865234
10965,normal,2921,0,1782358494.476312,0.002057790756225586
10966,normal,1355,1,1782358494.4783456,0.002033710479736328
10967,normal,2485,0,1782358494.4806242,0.002278566360473633
10968,normal,2216,0,1782358494.48236,0.001735687255859375
10969,normal,3455,0,1782358494.4846854,0.0023255348205566406
10970,normal,1203,0,1782358494.486697,0.002011537551879883
10971,normal,2810,0,1782358494.48841,0.0017130374908447266
10972,normal,1489,0,1782358494.4902933,0.0018832683563232422
10973,normal,3153,1,1782358494.4922698,0.001976490020751953
10974,normal,3346,1,1782358494.4942176,0.0019478797912597656
10975,normal,2451,0,1782358494.4963362,0.0021185874938964844
10976,normal,2011,0,1782358494.4982648,0.001928567886352539
10977,normal,568,0,1782358494.5003607,0.002095937728881836
10978,normal,1255,0,1782358494.502238,0.0018773078918457031
10979,normal,120,0,1782358494.5043018,0.002063751220703125
10980,normal,964,2,1782358494.5061688,0.001867055892944336
10981,normal,3067,1,1782358494.5083039,0.002135038375854492
10982,normal,2198,0,1782358494.5105014,0.0021975040435791016
10983,normal,3279,1,1782358494.512223,0.0017216205596923828
10984,normal,581,0,1782358494.5150878,0.002864837646484375
10985,normal,1969,0,1782358494.51654,0.0014522075653076172
10986,normal,2583,0,1782358494.5184803,0.0019402503967285156
10987,normal,2616,0,1782358494.5203607,0.0018804073333740234
10988,normal,2745,0,1782358494.5225136,0.0021529197692871094
10989,normal,2147,0,1782358494.5243294,0.0018157958984375
10990,normal,2956,0,1782358494.5263462,0.002016782760620117
10991,normal,472,0,1782358494.52851,0.0021638870239257812
10992,normal,3094,1,1782358494.5307243,0.002214193344116211
10993,normal,3657,0,1782358494.532284,0.0015597343444824219
10994,normal,1863,0,1782358494.5341806,0.0018966197967529297
10995,normal,1027,2,1782358494.5363114,0.002130746841430664
10996,normal,2103,0,1782358494.538178,0.0018665790557861328
10997,normal,3099,1,1782358494.540413,0.002234935760498047
10998,normal,2632,0,1782358494.542323,0.0019102096557617188
10999,normal,265,0,1782358494.5441666,0.0018434524536132812
11000,normal,2630,0,1782358494.5466347,0.002468109130859375
11001,normal,412,0,1782358494.548321,0.0016863346099853516
11002,normal,3456,0,1782358494.5502982,0.001977205276489258
11003,normal,2783,0,1782358494.5523221,0.002023935317993164
11004,normal,1844,0,1782358494.5548956,0.0025734901428222656
11005,normal,2310,0,1782358494.5568109,0.0019152164459228516
11006,normal,217,0,1782358494.5584724,0.001661539077758789
11007,normal,1996,0,1782358494.5601816,0.0017092227935791016
11008,normal,2228,0,1782358494.5627768,0.002595186233520508
11009,normal,1613,0,1782358494.5643108,0.0015339851379394531
11010,normal,2353,0,1782358494.5662973,0.0019865036010742188
11011,normal,646,0,1782358494.5685985,0.0023012161254882812
11012,normal,1549,0,1782358494.571069,0.0024704933166503906
11013,normal,3506,0,1782358494.5725584,0.001489400863647461
11014,normal,999,2,1782358494.5743377,0.001779317855834961
11015,normal,3273,1,1782358494.5761752,0.0018374919891357422
11016,normal,1723,0,1782358494.5782976,0.0021224021911621094
11017,normal,669,0,1782358494.5802927,0.001995086669921875
11018,normal,3350,1,1782358494.582228,0.0019352436065673828
11019,normal,2605,0,1782358494.5843318,0.0021038055419921875
11020,normal,3667,0,1782358494.5861988,0.001867055892944336
11021,normal,298,0,1782358494.5888214,0.0026226043701171875
11022,normal,3121,1,1782358494.5904386,0.0016171932220458984
11023,normal,2328,0,1782358494.5923843,0.0019457340240478516
11024,normal,3478,0,1782358494.5945365,0.0021522045135498047
11025,normal,950,2,1782358494.596427,0.001890420913696289
11026,normal,3129,1,1782358494.5984502,0.0020232200622558594
11027,normal,552,0,1782358494.600409,0.0019588470458984375
11028,normal,1031,0,1782358494.6026473,0.0022382736206054688
11029,normal,281,0,1782358494.60447,0.0018227100372314453
11030,normal,2720,0,1782358494.606477,0.002007007598876953
11031,normal,2923,0,1782358494.608267,0.0017900466918945312
11032,normal,1309,0,1782358494.610754,0.0024869441986083984
11033,normal,2307,0,1782358494.6129453,0.002191305160522461
11034,normal,2666,0,1782358494.6142926,0.0013473033905029297
11035,normal,1541,0,1782358494.6163096,0.0020170211791992188
11036,normal,2193,0,1782358494.618195,0.0018854141235351562
11037,normal,182,0,1782358494.6203384,0.002143383026123047
11038,normal,3222,1,1782358494.6222372,0.0018987655639648438
11039,normal,1981,0,1782358494.624358,0.0021207332611083984
11040,normal,2112,0,1782358494.6262178,0.001859903335571289
11041,normal,3056,1,1782358494.6283543,0.0021364688873291016
11042,normal,3602,0,1782358494.6302123,0.0018579959869384766
11043,normal,1916,0,1782358494.6324172,0.00220489501953125
11044,normal,526,0,1782358494.634303,0.0018858909606933594
11045,normal,1278,0,1782358494.636441,0.002137899398803711
11046,normal,3702,0,1782358494.6382816,0.0018405914306640625
11047,normal,2039,0,1782358494.6403484,0.0020668506622314453
11048,normal,3322,1,1782358494.6422033,0.0018548965454101562
11049,normal,2640,0,1782358494.6443677,0.0021643638610839844
11050,normal,3488,0,1782358494.6462758,0.0019080638885498047
11051,normal,486,0,1782358494.6483343,0.0020585060119628906
11052,normal,2081,0,1782358494.6503131,0.0019788742065429688
11053,normal,1660,0,1782358494.652392,0.0020787715911865234
11054,normal,3560,0,1782358494.654319,0.0019271373748779297
11055,normal,3246,1,1782358494.6562955,0.001976490020751953
11056,normal,2335,0,1782358494.6584299,0.0021343231201171875
11057,normal,2779,0,1782358494.6602268,0.0017969608306884766
11058,normal,2574,0,1782358494.6623633,0.0021364688873291016
11059,normal,1983,0,1782358494.664224,0.0018606185913085938
11060,normal,1365,1,1782358494.6663892,0.0021653175354003906
11061,normal,1266,0,1782358494.668207,0.0018177032470703125
11062,normal,28,0,1782358494.6703267,0.002119779586791992
11063,normal,2506,0,1782358494.672189,0.0018622875213623047
11064,normal,2040,0,1782358494.6744187,0.0022296905517578125
11065,normal,228,0,1782358494.6763003,0.0018815994262695312
11066,normal,3311,1,1782358494.67839,0.0020897388458251953
11067,normal,3552,0,1782358494.6802392,0.0018491744995117188
11068,normal,1982,0,1782358494.682388,0.002148866653442383
11069,normal,2171,0,1782358494.6843493,0.001961231231689453
11070,normal,2645,0,1782358494.6863325,0.001983165740966797
11071,normal,1482,0,1782358494.6885307,0.0021982192993164062
11072,normal,2827,0,1782358494.6904368,0.0019061565399169922
11073,normal,3392,1,1782358494.6924844,0.0020475387573242188
11074,normal,201,0,1782358494.6945114,0.0020270347595214844
11075,normal,1014,2,1782358494.6963487,0.0018372535705566406
11076,normal,424,0,1782358494.6982777,0.0019290447235107422
11077,normal,1069,0,1782358494.7003446,0.0020668506622314453
11078,normal,211,0,1782358494.702203,0.0018584728240966797
11079,normal,1627,0,1782358494.70434,0.0021369457244873047
11080,normal,3354,1,1782358494.7064614,0.002121448516845703
11081,normal,736,0,1782358494.7081823,0.0017209053039550781
11082,normal,241,0,1782358494.7103074,0.0021250247955322266
11083,normal,2847,0,1782358494.7121756,0.0018682479858398438
11084,normal,301,0,1782358494.714325,0.002149343490600586
11085,normal,1696,0,1782358494.7161682,0.0018432140350341797
11086,normal,3415,0,1782358494.7188578,0.0026895999908447266
11087,normal,1910,0,1782358494.7203739,0.001516103744506836
11088,normal,2462,0,1782358494.722343,0.0019690990447998047
11089,normal,2491,0,1782358494.7248046,0.002461671829223633
11090,normal,336,0,1782358494.7263892,0.0015845298767089844
11091,normal,3475,0,1782358494.7283745,0.001985311508178711
11092,normal,3068,1,1782358494.7305138,0.0021393299102783203
11093,normal,3197,1,1782358494.7323103,0.0017964839935302734
11094,normal,2698,0,1782358494.7344382,0.0021278858184814453
11095,normal,3017,0,1782358494.7365294,0.0020911693572998047
11096,normal,2152,0,1782358494.7387228,0.002193450927734375
11097,normal,1460,0,1782358494.740221,0.0014982223510742188
11098,normal,222,0,1782358494.7423205,0.0020995140075683594
11099,normal,2962,0,1782358494.744177,0.0018565654754638672
11100,normal,287,0,1782358494.7463093,0.0021321773529052734
11101,normal,3220,1,1782358494.7483714,0.002062082290649414
11102,normal,2227,0,1782358494.750269,0.001897573471069336
11103,normal,38,0,1782358494.7521632,0.001894235610961914
11104,normal,1084,0,1782358494.7542996,0.0021364688873291016
11105,normal,939,2,1782358494.7561917,0.00189208984375
11106,normal,66,0,1782358494.758323,0.002131223678588867
11107,normal,478,0,1782358494.7602363,0.001913309097290039
11108,normal,2483,0,1782358494.7622666,0.0020303726196289062
11109,normal,1141,0,1782358494.7647915,0.002524852752685547
11110,normal,977,2,1782358494.7664826,0.0016911029815673828
11111,normal,1501,0,1782358494.7685964,0.002113819122314453
11112,normal,1481,0,1782358494.7708323,0.002235889434814453
11113,normal,586,0,1782358494.7723892,0.0015568733215332031
11114,normal,1920,0,1782358494.7743974,0.002008199691772461
11115,normal,1648,0,1782358494.776229,0.0018315315246582031
11116,normal,3313,1,1782358494.7782984,0.0020694732666015625
11117,normal,832,2,1782358494.7802145,0.0019161701202392578
11118,normal,150,0,1782358494.7825677,0.002353191375732422
11119,normal,1339,1,1782358494.7846117,0.0020439624786376953
11120,normal,558,0,1782358494.7863812,0.0017695426940917969
11121,normal,3240,1,1782358494.7882624,0.0018811225891113281
11122,normal,3074,1,1782358494.7905526,0.0022902488708496094
11123,normal,114,0,1782358494.7922418,0.0016891956329345703
11124,normal,1125,0,1782358494.7941594,0.0019176006317138672
11125,normal,3589,0,1782358494.796761,0.00260162353515625
11126,normal,1072,0,1782358494.7986841,0.0019230842590332031
11127,normal,3052,1,1782358494.8003175,0.0016334056854248047
11128,normal,2414,0,1782358494.8024352,0.002117633819580078
11129,normal,2390,0,1782358494.8042145,0.001779317855834961
11130,normal,2845,0,1782358533.445724,0.0
11131,normal,1817,0,1782358533.4477491,0.002025127410888672
11132,normal,2980,0,1782358533.4496863,0.0019371509552001953
11133,normal,2102,0,1782358533.4516923,0.002006053924560547
11134,normal,1760,0,1782358533.4537213,0.002028942108154297
11135,normal,873,2,1782358533.4557128,0.0019915103912353516
11136,normal,1028,2,1782358533.4576929,0.0019800662994384766
11137,normal,913,2,1782358533.4598374,0.0021445751190185547
11138,normal,404,0,1782358533.4618106,0.0019731521606445312
11139,normal,741,0,1782358533.464065,0.002254486083984375
11140,normal,2676,0,1782358533.4657705,0.0017054080963134766
11141,normal,454,0,1782358533.4681027,0.0023322105407714844
11142,normal,771,0,1782358533.4699075,0.0018048286437988281
11143,normal,611,0,1782358533.4717755,0.0018680095672607422
11144,normal,3097,1,1782358533.4740636,0.0022881031036376953
11145,normal,1065,0,1782358533.4761143,0.002050638198852539
11146,normal,915,2,1782358533.4777777,0.0016634464263916016
11147,normal,2803,0,1782358533.4800596,0.0022819042205810547
11148,normal,3200,1,1782358533.481845,0.0017852783203125
11149,normal,359,0,1782358533.4839277,0.00208282470703125
11150,normal,1436,0,1782358533.485773,0.0018453598022460938
11151,normal,1727,0,1782358533.488101,0.0023279190063476562
11152,normal,1045,0,1782358533.4897768,0.0016758441925048828
11153,normal,1127,0,1782358533.4920805,0.002303600311279297
11154,normal,2847,0,1782358533.493906,0.001825571060180664
11155,normal,3319,1,1782358533.49592,0.0020139217376708984
11156,normal,3125,1,1782358533.4979036,0.001983642578125
11157,normal,1387,0,1782358533.5000596,0.0021560192108154297
11158,normal,3387,1,1782358533.5017686,0.001708984375
11159,normal,2396,0,1782358533.504082,0.002313375473022461
11160,normal,1879,0,1782358533.5059052,0.0018231868743896484
11161,normal,1169,0,1782358533.5079324,0.002027273178100586
11162,normal,2622,0,1782358533.5099106,0.001978158950805664
11163,normal,2929,0,1782358533.5120592,0.0021486282348632812
11164,normal,828,2,1782358533.5137687,0.0017094612121582031
11165,normal,1075,0,1782358533.5159807,0.002212047576904297
11166,normal,538,0,1782358533.5179992,0.002018451690673828
11167,normal,2541,0,1782358533.519756,0.001756906509399414
11168,normal,969,2,1782358533.521978,0.002221822738647461
11169,normal,1293,0,1782358533.5237184,0.0017404556274414062
11170,normal,1114,0,1782358533.525914,0.002195596694946289
11171,normal,2597,0,1782358533.5277421,0.0018281936645507812
11172,normal,2111,0,1782358533.5298936,0.0021514892578125
11173,normal,632,0,1782358533.531893,0.001999378204345703
11174,normal,1865,0,1782358533.5339055,0.002012491226196289
11175,normal,2476,0,1782358533.5360577,0.0021522045135498047
11176,normal,1783,0,1782358533.5377686,0.0017108917236328125
11177,normal,964,2,1782358533.540096,0.002327442169189453
11178,normal,1001,2,1782358533.5419168,0.0018208026885986328
11179,normal,2095,0,1782358533.5439317,0.0020148754119873047
11180,normal,554,0,1782358533.5460908,0.00215911865234375
11181,normal,944,2,1782358533.5479217,0.0018308162689208984
11182,normal,2115,0,1782358533.5499067,0.0019850730895996094
11183,normal,1635,0,1782358533.5519695,0.0020627975463867188
11184,normal,3226,1,1782358533.5539207,0.0019512176513671875
11185,normal,2631,0,1782358533.5559313,0.0020105838775634766
11186,normal,507,0,1782358533.5579472,0.002015829086303711
11187,normal,1969,0,1782358533.5600462,0.0020990371704101562
11188,normal,888,2,1782358533.5617707,0.0017244815826416016
11189,normal,1673,0,1782358533.564105,0.0023343563079833984
11190,normal,2331,0,1782358533.5659347,0.0018296241760253906
11191,normal,695,0,1782358533.5679293,0.001994609832763672
11192,normal,1021,2,1782358533.5700972,0.002167940139770508
11193,normal,1204,0,1782358533.5720446,0.0019474029541015625
11194,normal,3477,0,1782358533.5737684,0.0017237663269042969
11195,normal,1860,0,1782358533.5761065,0.0023381710052490234
11196,normal,1409,0,1782358533.5779064,0.0017998218536376953
11197,normal,1232,0,1782358533.579936,0.0020296573638916016
11198,normal,3397,1,1782358533.5820427,0.0021066665649414062
11199,normal,79,0,1782358533.5840461,0.0020034313201904297
11200,normal,2276,0,1782358533.585769,0.0017228126525878906
11201,normal,295,0,1782358533.5881124,0.002343416213989258
11202,normal,2288,0,1782358533.589906,0.0017936229705810547
11203,normal,2156,0,1782358533.5919304,0.002024412155151367
11204,normal,1821,0,1782358533.5939124,0.001981973648071289
11205,normal,1878,0,1782358533.5960639,0.0021514892578125
11206,normal,2307,0,1782358533.5977685,0.0017046928405761719
11207,normal,73,0,1782358533.5999293,0.002160787582397461
11208,normal,2430,0,1782358533.6019053,0.00197601318359375
11209,normal,1896,0,1782358533.6039321,0.002026796340942383
11210,normal,3136,1,1782358533.6059196,0.001987457275390625
11211,normal,2855,0,1782358533.6080608,0.002141237258911133
11212,normal,2356,0,1782358533.609769,0.0017082691192626953
11213,normal,3209,1,1782358533.6121109,0.002341747283935547
11214,normal,762,0,1782358533.614107,0.0019960403442382812
11215,normal,3108,1,1782358533.6157684,0.001661539077758789
11216,normal,1057,0,1782358533.6180754,0.0023069381713867188
11217,normal,3202,1,1782358533.6199164,0.0018410682678222656
11218,normal,3532,0,1782358533.621944,0.0020275115966796875
11219,normal,1249,0,1782358533.624129,0.0021851062774658203
11220,normal,3205,1,1782358533.6259093,0.0017802715301513672
11221,normal,1467,0,1782358533.6279306,0.002021312713623047
11222,normal,66,0,1782358533.630111,0.002180337905883789
11223,normal,1416,0,1782358533.6319058,0.0017948150634765625
11224,normal,2910,0,1782358533.6339328,0.0020270347595214844
11225,normal,1914,0,1782358533.63621,0.0022771358489990234
11226,normal,2204,0,1782358533.6377795,0.001569509506225586
11227,normal,1711,0,1782358533.6400633,0.002283811569213867
11228,normal,2829,0,1782358533.6419697,0.0019063949584960938
11229,normal,3474,0,1782358533.6439044,0.0019347667694091797
11230,normal,83,0,1782358533.6459243,0.0020198822021484375
11231,normal,3481,0,1782358533.6481078,0.0021834373474121094
11232,normal,1441,0,1782358533.6497765,0.001668691635131836
11233,normal,329,0,1782358533.6520529,0.0022764205932617188
11234,normal,1726,0,1782358533.6537614,0.0017085075378417969
11235,normal,2078,0,1782358533.656049,0.002287626266479492
11236,normal,1983,0,1782358533.6577656,0.00171661376953125
11237,normal,2099,0,1782358533.6601055,0.0023398399353027344
11238,normal,2277,0,1782358533.6618981,0.0017926692962646484
11239,normal,1939,0,1782358533.6639037,0.0020055770874023438
11240,normal,2738,0,1782358533.6660545,0.0021507740020751953
11241,normal,2311,0,1782358533.6678846,0.0018301010131835938
11242,normal,2832,0,1782358533.669926,0.002041339874267578
11243,normal,1663,0,1782358533.6721056,0.0021796226501464844
11244,normal,1384,0,1782358533.6739,0.0017943382263183594
11245,normal,135,0,1782358533.6759205,0.002020597457885742
11246,normal,1553,0,1782358533.6779273,0.0020067691802978516
11247,normal,1278,0,1782358533.6798987,0.0019714832305908203
11248,normal,2044,0,1782358533.6819215,0.0020227432250976562
11249,normal,1892,0,1782358533.6841052,0.002183675765991211
11250,normal,3095,1,1782358533.6859024,0.0017971992492675781
11251,normal,697,0,1782358533.6879108,0.0020084381103515625
11252,normal,1099,0,1782358533.689927,0.002016305923461914
11253,normal,56,0,1782358533.6919,0.0019729137420654297
11254,normal,1408,0,1782358533.6939151,0.0020151138305664062
11255,normal,2554,0,1782358533.6958964,0.0019812583923339844
11256,normal,3352,1,1782358533.6979916,0.0020952224731445312
11257,normal,914,2,1782358533.6998458,0.0018541812896728516
11258,normal,2014,0,1782358533.7019517,0.0021059513092041016
11259,normal,1984,0,1782358533.7038555,0.0019037723541259766
11260,normal,614,0,1782358533.705757,0.001901388168334961
11261,normal,2377,0,1782358533.707896,0.0021390914916992188
11262,normal,2054,0,1782358533.7098343,0.0019383430480957031
11263,normal,1912,0,1782358533.7117548,0.001920461654663086
11264,normal,2361,0,1782358533.7139568,0.0022020339965820312
11265,normal,1343,1,1782358533.7158666,0.0019097328186035156
11266,normal,2917,0,1782358533.7177563,0.0018897056579589844
11267,normal,2187,0,1782358533.7199576,0.0022013187408447266
11268,normal,2731,0,1782358533.7218645,0.0019068717956542969
11269,normal,3274,1,1782358533.7237542,0.0018897056579589844
11270,normal,1707,0,1782358533.7259607,0.002206563949584961
11271,normal,3080,1,1782358533.7278419,0.0018811225891113281
11272,normal,2971,0,1782358533.7297559,0.0019140243530273438
11273,normal,2398,0,1782358533.7319615,0.0022056102752685547
11274,normal,1457,0,1782358533.7338407,0.0018792152404785156
11275,normal,1703,0,1782358533.7357547,0.0019140243530273438
11276,normal,2970,0,1782358533.7379653,0.0022106170654296875
11277,normal,1424,0,1782358533.739852,0.001886606216430664
11278,normal,1633,0,1782358533.7417552,0.0019032955169677734
11279,normal,1512,0,1782358533.7439659,0.0022106170654296875
11280,normal,1035,0,1782358533.7458594,0.0018935203552246094
11281,normal,548,0,1782358533.7477546,0.0018951892852783203
11282,normal,1520,0,1782358533.7499707,0.0022161006927490234
11283,normal,3593,0,1782358533.751849,0.0018782615661621094
11284,normal,125,0,1782358533.7537549,0.0019059181213378906
11285,normal,514,0,1782358533.75582,0.0020651817321777344
11286,normal,341,0,1782358533.7578907,0.0020706653594970703
11287,normal,431,0,1782358533.7597558,0.0018651485443115234
11288,normal,2562,0,1782358533.7619765,0.002220630645751953
11289,normal,841,2,1782358533.7638528,0.0018763542175292969
11290,normal,3158,1,1782358533.7657561,0.0019032955169677734
11291,normal,3568,0,1782358533.767975,0.002218961715698242
11292,normal,1186,0,1782358533.7698555,0.0018804073333740234
11293,normal,1068,0,1782358533.7717555,0.0018999576568603516
11294,normal,244,0,1782358533.7739806,0.002225160598754883
11295,normal,1131,0,1782358533.7758753,0.0018947124481201172
11296,normal,1523,0,1782358533.7777555,0.0018801689147949219
11297,normal,1607,0,1782358533.7799802,0.0022246837615966797
11298,normal,1314,0,1782358533.7818444,0.0018641948699951172
11299,normal,2172,0,1782358533.783753,0.0019085407257080078
11300,normal,946,2,1782358533.785964,0.0022110939025878906
11301,normal,2893,0,1782358533.7878413,0.0018773078918457031
11302,normal,331,0,1782358533.7897549,0.0019135475158691406
11303,normal,1115,0,1782358533.7918885,0.002133607864379883
11304,normal,3353,1,1782358533.7938364,0.0019478797912597656
11305,normal,797,2,1782358533.795755,0.0019185543060302734
11306,normal,1205,0,1782358533.7978923,0.002137422561645508
11307,normal,3494,0,1782358533.7998548,0.001962423324584961
11308,normal,360,0,1782358533.8017561,0.001901388168334961
11309,normal,2779,0,1782358533.8038957,0.002139568328857422
11310,normal,1222,0,1782358533.805851,0.001955270767211914
11311,normal,490,0,1782358533.8077583,0.0019073486328125
11312,normal,2384,0,1782358533.8098977,0.0021393299102783203
11313,normal,18,0,1782358533.8118424,0.0019447803497314453
11314,normal,2467,0,1782358533.8137565,0.0019140243530273438
11315,normal,3256,1,1782358533.815898,0.0021414756774902344
11316,normal,2251,0,1782358533.8178434,0.00194549560546875
11317,normal,165,0,1782358533.819755,0.0019116401672363281
11318,normal,1462,0,1782358533.821903,0.0021479129791259766
11319,normal,3120,1,1782358533.823777,0.0018739700317382812
11320,normal,1422,0,1782358533.8260283,0.0022513866424560547
11321,normal,2644,0,1782358533.828045,0.0020165443420410156
11322,normal,2809,0,1782358533.8298364,0.0017914772033691406
11323,normal,546,0,1782358533.8319385,0.0021021366119384766
11324,normal,926,2,1782358533.834006,0.00206756591796875
11325,normal,774,2,1782358533.8360624,0.0020563602447509766
11326,normal,2264,0,1782358533.837766,0.001703500747680664
11327,normal,3360,1,1782358533.8400505,0.002284526824951172
11328,normal,770,0,1782358533.8418276,0.0017771720886230469
11329,normal,352,0,1782358533.843928,0.0021004676818847656
11330,normal,1660,0,1782358533.8459191,0.0019910335540771484
11331,normal,2633,0,1782358533.8480496,0.0021305084228515625
11332,normal,594,0,1782358533.8497653,0.0017156600952148438
11333,normal,51,0,1782358533.8521109,0.002345561981201172
11334,normal,3693,0,1782358533.853906,0.001795053482055664
11335,normal,1391,0,1782358533.8559265,0.002020597457885742
11336,normal,2565,0,1782358533.85792,0.001993417739868164
11337,normal,189,0,1782358533.8600435,0.002123594284057617
11338,normal,3501,0,1782358533.8617692,0.0017256736755371094
11339,normal,1320,1,1782358533.8641126,0.002343416213989258
11340,normal,2962,0,1782358533.8659022,0.0017895698547363281
11341,normal,1646,0,1782358533.8679338,0.002031564712524414
11342,normal,2133,0,1782358533.8699245,0.001990795135498047
11343,normal,410,0,1782358533.8720512,0.0021266937255859375
11344,normal,1164,0,1782358533.8737674,0.0017161369323730469
11345,normal,2739,0,1782358533.8760548,0.0022873878479003906
11346,normal,1738,0,1782358533.8778784,0.0018236637115478516
11347,normal,1803,0,1782358533.8799264,0.002048015594482422
11348,normal,2221,0,1782358533.8819323,0.0020058155059814453
11349,normal,1936,0,1782358533.8840704,0.0021381378173828125
11350,normal,1226,0,1782358533.8857667,0.0016963481903076172
11351,normal,2690,0,1782358533.8881156,0.0023488998413085938
11352,normal,1837,0,1782358533.8899035,0.0017879009246826172
11353,normal,653,0,1782358533.8919275,0.002023935317993164
11354,normal,2754,0,1782358533.8937953,0.0018677711486816406
11355,normal,578,0,1782358533.896066,0.0022706985473632812
11356,normal,2517,0,1782358533.8977787,0.001712799072265625
11357,normal,737,0,1782358533.9001172,0.002338409423828125
11358,normal,1587,0,1782358533.9019058,0.0017886161804199219
11359,normal,161,0,1782358533.9039276,0.00202178955078125
11360,normal,109,0,1782358533.905765,0.0018374919891357422
11361,normal,3601,0,1782358533.9080553,0.0022902488708496094
11362,normal,7,0,1782358533.909766,0.001710653305053711
11363,normal,1763,0,1782358533.9121182,0.0023522377014160156
11364,normal,3155,1,1782358533.9139006,0.0017824172973632812
11365,normal,2064,0,1782358533.9159057,0.0020051002502441406
11366,normal,2489,0,1782358533.9181166,0.002210855484008789
11367,normal,2858,0,1782358533.9199028,0.0017862319946289062
11368,normal,3071,1,1782358533.9219632,0.002060413360595703
11369,normal,1429,0,1782358533.9239478,0.0019845962524414062
11370,normal,1109,0,1782358533.925906,0.001958131790161133
11371,normal,122,0,1782358533.9279184,0.002012491226196289
11372,normal,1770,0,1782358533.92995,0.002031564712524414
11373,normal,3094,1,1782358533.9319906,0.0020406246185302734
11374,normal,1749,0,1782358533.933767,0.0017764568328857422
11375,normal,2920,0,1782358533.9358892,0.002122163772583008
11376,normal,2873,0,1782358533.9377937,0.0019044876098632812
11377,normal,793,2,1782358533.9397438,0.0019500255584716797
11378,normal,3379,1,1782358533.9419498,0.002206087112426758
11379,normal,2220,0,1782358533.9437625,0.0018126964569091797
11380,normal,2061,0,1782358533.9457188,0.0019562244415283203
11381,normal,597,0,1782358533.9478858,0.0021669864654541016
11382,normal,3653,0,1782358533.9497902,0.0019044876098632812
11383,normal,1651,0,1782358533.9517179,0.0019276142120361328
11384,normal,688,0,1782358533.953885,0.002167224884033203
11385,normal,2188,0,1782358533.9557545,0.0018694400787353516
11386,normal,2996,0,1782358533.9577184,0.0019638538360595703
11387,normal,2198,0,1782358533.959888,0.0021696090698242188
11388,normal,2434,0,1782358533.9617512,0.001863241195678711
11389,normal,1501,0,1782358533.9637237,0.0019724369049072266
11390,normal,2545,0,1782358533.9658928,0.0021691322326660156
11391,normal,2275,0,1782358533.9677432,0.0018503665924072266
11392,normal,759,0,1782358533.9697168,0.0019736289978027344
11393,normal,3642,0,1782358533.9718816,0.0021648406982421875
11394,normal,1082,0,1782358533.97379,0.0019083023071289062
11395,normal,2721,0,1782358533.9757211,0.0019311904907226562
11396,normal,3249,1,1782358533.977896,0.002174854278564453
11397,normal,1163,0,1782358533.9797394,0.0018434524536132812
11398,normal,1306,0,1782358533.9817157,0.0019762516021728516
11399,normal,2792,0,1782358533.9839036,0.002187967300415039
11400,normal,3554,0,1782358533.9857583,0.0018546581268310547
11401,normal,2027,0,1782358533.9877188,0.0019605159759521484
11402,normal,1470,0,1782358533.989897,0.002178192138671875
11403,normal,907,2,1782358533.9917643,0.0018672943115234375
11404,normal,785,2,1782358533.9937208,0.001956462860107422
11405,normal,1124,0,1782358533.9959002,0.002179384231567383
11406,normal,405,0,1782358533.9977612,0.0018610954284667969
11407,normal,912,2,1782358533.999721,0.0019598007202148438
11408,normal,2675,0,1782358534.0019004,0.002179384231567383
11409,normal,2585,0,1782358534.0037565,0.001856088638305664
11410,normal,3493,0,1782358534.0057204,0.0019638538360595703
11411,normal,2736,0,1782358534.007902,0.002181529998779297
11412,normal,757,0,1782358534.0098114,0.001909494400024414
11413,normal,3569,0,1782358534.011718,0.0019066333770751953
11414,normal,255,0,1782358534.0139062,0.0021882057189941406
11415,normal,872,2,1782358534.0157647,0.0018584728240966797
11416,normal,3121,1,1782358534.0177205,0.001955747604370117
11417,normal,140,0,1782358534.0198846,0.002164125442504883
11418,normal,2654,0,1782358534.0217724,0.0018877983093261719
11419,normal,3144,1,1782358534.0237217,0.001949310302734375
11420,normal,2583,0,1782358534.0258865,0.0021648406982421875
11421,normal,2305,0,1782358534.0277915,0.0019049644470214844
11422,normal,2092,0,1782358534.0297194,0.0019278526306152344
11423,normal,3347,1,1782358534.0319877,0.0022683143615722656
11424,normal,2393,0,1782358534.0338798,0.00189208984375
11425,normal,2428,0,1782358534.0357237,0.0018439292907714844
11426,normal,1887,0,1782358534.0378923,0.0021686553955078125
11427,normal,2196,0,1782358534.0397792,0.0018868446350097656
11428,normal,1795,0,1782358534.0417213,0.0019421577453613281
11429,normal,3322,1,1782358534.0438943,0.0021729469299316406
11430,normal,3606,0,1782358534.0457702,0.0018758773803710938
11431,normal,2206,0,1782358534.0477188,0.0019485950469970703
11432,normal,2913,0,1782358534.0499012,0.002182483673095703
11433,normal,786,2,1782358534.051784,0.001882791519165039
11434,normal,1856,0,1782358534.0537198,0.001935720443725586
11435,normal,3218,1,1782358534.0558987,0.0021789073944091797
11436,normal,2179,0,1782358534.0577517,0.0018529891967773438
11437,normal,772,2,1782358534.0597208,0.0019690990447998047
11438,normal,2163,0,1782358534.0618997,0.0021789073944091797
11439,normal,953,2,1782358534.0637736,0.0018739700317382812
11440,normal,2012,0,1782358534.0657196,0.0019459724426269531
11441,normal,2842,0,1782358534.0679023,0.0021827220916748047
11442,normal,1852,0,1782358534.0697708,0.0018684864044189453
11443,normal,1801,0,1782358534.0717173,0.0019464492797851562
11444,normal,2861,0,1782358534.0739038,0.0021865367889404297
11445,normal,1625,0,1782358534.0757747,0.001870870590209961
11446,normal,3485,0,1782358534.077718,0.001943349838256836
11447,normal,1412,0,1782358534.0799088,0.002190828323364258
11448,normal,1484,0,1782358534.0817697,0.0018608570098876953
11449,normal,2219,0,1782358534.083718,0.0019483566284179688
11450,normal,2341,0,1782358534.0859115,0.002193450927734375
11451,normal,383,0,1782358534.087863,0.001951456069946289
11452,normal,2973,0,1782358534.089725,0.0018620491027832031
11453,normal,505,0,1782358534.091915,0.0021898746490478516
11454,normal,1799,0,1782358534.0937836,0.0018687248229980469
11455,normal,2665,0,1782358534.0957186,0.0019350051879882812
11456,normal,1297,0,1782358534.097896,0.0021774768829345703
11457,normal,2388,0,1782358534.099757,0.0018608570098876953
11458,normal,440,0,1782358534.10172,0.0019631385803222656
11459,normal,730,0,1782358534.1039178,0.002197742462158203
11460,normal,752,0,1782358534.1057622,0.0018444061279296875
11461,normal,1693,0,1782358534.1077206,0.0019583702087402344
11462,normal,1592,0,1782358534.1099217,0.002201080322265625
11463,normal,496,0,1782358534.1117613,0.0018396377563476562
11464,normal,1230,0,1782358534.1137195,0.001958131790161133
11465,normal,62,0,1782358534.1159222,0.002202749252319336
11466,normal,2948,0,1782358534.117765,0.0018427371978759766
11467,normal,2030,0,1782358534.1197193,0.001954317092895508
11468,normal,390,0,1782358534.121926,0.0022068023681640625
11469,normal,2335,0,1782358534.1238117,0.0018856525421142578
11470,normal,377,0,1782358534.1257184,0.0019066333770751953
11471,normal,225,0,1782358534.127928,0.0022096633911132812
11472,normal,3552,0,1782358534.1297536,0.001825571060180664
11473,normal,3449,0,1782358534.1317189,0.0019652843475341797
11474,normal,158,0,1782358534.1339304,0.0022115707397460938
11475,normal,1330,1,1782358534.1357577,0.001827239990234375
11476,normal,627,0,1782358534.1377223,0.001964569091796875
11477,normal,3596,0,1782358534.1399322,0.002209901809692383
11478,normal,3521,0,1782358534.1417556,0.00182342529296875
11479,normal,2181,0,1782358534.1437192,0.0019636154174804688
11480,normal,2751,0,1782358534.1459355,0.002216339111328125
11481,normal,1850,0,1782358534.1477592,0.0018236637115478516
11482,normal,1100,0,1782358534.1497183,0.001959085464477539
11483,normal,1905,0,1782358534.151938,0.002219676971435547
11484,normal,3334,1,1782358534.1537557,0.0018177032470703125
11485,normal,467,0,1782358534.1557214,0.001965761184692383
11486,normal,446,0,1782358534.1579397,0.0022182464599609375
11487,normal,935,2,1782358534.1597593,0.001819610595703125
11488,normal,2072,0,1782358534.1617205,0.001961231231689453
11489,normal,2367,0,1782358534.163942,0.0022215843200683594
11490,normal,2905,0,1782358534.1657648,0.0018227100372314453
11491,normal,956,2,1782358534.1677194,0.0019545555114746094
11492,normal,808,2,1782358534.169945,0.002225637435913086
11493,normal,3289,1,1782358534.171758,0.0018129348754882812
11494,normal,1682,0,1782358534.1737196,0.0019617080688476562
11495,normal,1960,0,1782358534.1759477,0.0022280216217041016
11496,normal,2882,0,1782358534.1777658,0.0018181800842285156
11497,normal,1009,2,1782358534.179719,0.001953125
11498,normal,1712,0,1782358534.1819346,0.0022156238555908203
11499,normal,1734,0,1782358534.1837578,0.0018231868743896484
11500,normal,3499,0,1782358534.1857176,0.0019598007202148438
11501,normal,821,2,1782358534.1878896,0.0021719932556152344
11502,normal,1908,0,1782358534.189745,0.0018553733825683594
11503,normal,478,0,1782358534.1917188,0.001973867416381836
11504,normal,3194,1,1782358534.1938872,0.002168416976928711
11505,normal,1167,0,1782358534.1957362,0.0018489360809326172
11506,normal,108,0,1782358534.1977196,0.0019834041595458984
11507,normal,2683,0,1782358534.1999154,0.0021958351135253906
11508,normal,3182,1,1782358534.2017457,0.0018303394317626953
11509,normal,3088,1,1782358534.2037187,0.0019729137420654297
11510,normal,3416,0,1782358534.205895,0.0021762847900390625
11511,normal,1274,0,1782358534.2077456,0.0018506050109863281
11512,normal,372,0,1782358534.209719,0.001973390579223633
11513,normal,2412,0,1782358534.2118983,0.002179384231567383
11514,normal,2758,0,1782358534.213735,0.0018367767333984375
11515,normal,1754,0,1782358534.2157185,0.0019834041595458984
11516,normal,3639,0,1782358534.2179012,0.0021827220916748047
11517,normal,3083,1,1782358534.2197363,0.0018351078033447266
11518,normal,223,0,1782358534.2217188,0.001982450485229492
11519,normal,1601,0,1782358534.2239025,0.002183675765991211
11520,normal,1909,0,1782358534.22574,0.0018374919891357422
11521,normal,715,0,1782358534.2277176,0.001977682113647461
11522,normal,28,0,1782358534.2298968,0.0021791458129882812
11523,normal,1382,0,1782358534.2317345,0.0018377304077148438
11524,normal,2793,0,1782358534.233719,0.0019845962524414062
11525,normal,3602,0,1782358534.2358994,0.002180337905883789
11526,normal,3502,0,1782358534.2377403,0.001840829849243164
11527,normal,622,0,1782358534.2397184,0.001978158950805664
11528,normal,2621,0,1782358534.2419004,0.0021820068359375
11529,normal,3139,1,1782358534.2437432,0.0018427371978759766
11530,normal,1423,0,1782358534.245717,0.001973867416381836
11531,normal,1718,0,1782358534.247887,0.0021698474884033203
11532,normal,449,0,1782358534.2497435,0.0018565654754638672
11533,normal,2180,0,1782358534.2517204,0.0019769668579101562
11534,normal,1365,1,1782358534.2538815,0.0021610260009765625
11535,normal,1973,0,1782358534.2557538,0.0018723011016845703
11536,normal,451,0,1782358534.2577178,0.001964092254638672
11537,normal,666,0,1782358534.2598834,0.002165555953979492
11538,normal,2881,0,1782358534.2617555,0.0018720626831054688
11539,normal,1857,0,1782358534.2637198,0.0019643306732177734
11540,normal,849,2,1782358534.2658856,0.0021657943725585938
11541,normal,14,0,1782358534.2677548,0.00186920166015625
11542,normal,1867,0,1782358534.2697194,0.001964569091796875
11543,normal,2060,0,1782358534.2718885,0.0021691322326660156
11544,normal,2415,0,1782358534.2737563,0.0018677711486816406
11545,normal,2234,0,1782358534.275718,0.0019617080688476562
11546,normal,357,0,1782358534.2778924,0.00217437744140625
11547,normal,433,0,1782358534.2797608,0.0018684864044189453
11548,normal,799,2,1782358534.2817204,0.001959562301635742
11549,normal,3315,1,1782358534.2838957,0.0021753311157226562
11550,normal,539,0,1782358534.285772,0.0018763542175292969
11551,normal,1188,0,1782358534.2877145,0.0019423961639404297
11552,normal,2716,0,1782358534.2898958,0.0021812915802001953
11553,normal,2724,0,1782358534.2917757,0.0018799304962158203
11554,normal,120,0,1782358534.293733,0.0019571781158447266
11555,normal,248,0,1782358534.295883,0.0021500587463378906
11556,normal,2591,0,1782358534.2977548,0.0018718242645263672
11557,normal,3278,1,1782358534.2997172,0.001962423324584961
11558,normal,1324,1,1782358534.3018985,0.0021812915802001953
11559,normal,910,2,1782358534.3037524,0.00185394287109375
11560,normal,1640,0,1782358534.3057203,0.001967906951904297
11561,normal,1128,0,1782358534.3079045,0.002184152603149414
11562,normal,409,0,1782358534.3097537,0.0018491744995117188
11563,normal,1315,0,1782358534.3117201,0.0019664764404296875
11564,normal,312,0,1782358534.3137743,0.0020542144775390625
11565,normal,2183,0,1782358534.3157334,0.001959085464477539
11566,normal,1716,0,1782358534.317702,0.0019686222076416016
11567,normal,3419,0,1782358534.3196929,0.001990795135498047
11568,normal,3451,0,1782358534.3216841,0.00199127197265625
11569,normal,11,0,1782358534.3236835,0.001999378204345703
11570,normal,2121,0,1782358534.3256488,0.0019652843475341797
11571,normal,883,2,1782358534.3276813,0.0020325183868408203
11572,normal,2674,0,1782358534.3297243,0.002043008804321289
11573,normal,3235,1,1782358534.3316727,0.0019483566284179688
11574,normal,1376,1,1782358534.3336978,0.002025127410888672
11575,normal,2093,0,1782358534.3356552,0.001957416534423828
11576,normal,2695,0,1782358534.337656,0.0020008087158203125
11577,normal,2670,0,1782358534.3397186,0.002062559127807617
11578,normal,2755,0,1782358534.3416555,0.0019369125366210938
11579,normal,2563,0,1782358534.3436759,0.0020203590393066406
11580,normal,3018,0,1782358534.3457372,0.0020613670349121094
11581,normal,761,0,1782358534.3477035,0.001966238021850586
11582,normal,515,0,1782358534.3497686,0.0020651817321777344
11583,normal,1440,0,1782358534.3517878,0.002019166946411133
11584,normal,1469,0,1782358534.3539188,0.0021309852600097656
11585,normal,208,0,1782358534.3557007,0.0017819404602050781
11586,normal,1704,0,1782358534.3577113,0.0020105838775634766
11587,normal,2145,0,1782358534.3596935,0.0019822120666503906
11588,normal,2042,0,1782358534.3617024,0.0020089149475097656
11589,normal,923,2,1782358534.3637094,0.002007007598876953
11590,normal,3107,1,1782358534.3657146,0.0020051002502441406
11591,normal,2915,0,1782358534.3676884,0.001973867416381836
11592,normal,1305,0,1782358534.3697107,0.002022266387939453
11593,normal,754,0,1782358534.3716874,0.0019767284393310547
11594,normal,2244,0,1782358534.3737087,0.002021312713623047
11595,normal,466,0,1782358534.3757067,0.0019979476928710938
11596,normal,2306,0,1782358534.3777032,0.0019965171813964844
11597,normal,3468,0,1782358534.3796923,0.001989126205444336
11598,normal,3282,1,1782358534.3817613,0.0020689964294433594
11599,normal,3122,1,1782358534.3836923,0.0019309520721435547
11600,normal,3268,1,1782358534.3857062,0.0020139217376708984
11601,normal,2790,0,1782358534.3877025,0.001996278762817383
11602,normal,3472,0,1782358534.3897092,0.0020067691802978516
11603,normal,790,2,1782358534.3916895,0.001980304718017578
11604,normal,3540,0,1782358534.3937094,0.0020198822021484375
11605,normal,1118,0,1782358534.3956904,0.001981019973754883
11606,normal,319,0,1782358534.3977122,0.00202178955078125
11607,normal,867,2,1782358534.399705,0.0019927024841308594
11608,normal,3188,1,1782358534.4017057,0.0020008087158203125
11609,normal,2561,0,1782358534.4036906,0.001984834671020508
11610,normal,1519,0,1782358534.4058828,0.002192258834838867
11611,normal,1752,0,1782358534.4077508,0.0018680095672607422
11612,normal,1207,0,1782358534.409858,0.0021071434020996094
11613,normal,2593,0,1782358534.4117408,0.001882791519165039
11614,normal,1667,0,1782358534.4138362,0.002095460891723633
11615,normal,238,0,1782358534.4156861,0.0018498897552490234
11616,normal,21,0,1782358534.4176967,0.0020105838775634766
11617,normal,3664,0,1782358534.4197443,0.0020475387573242188
11618,normal,2000,0,1782358534.4216928,0.0019485950469970703
11619,normal,1090,0,1782358534.42374,0.0020470619201660156
11620,normal,1855,0,1782358534.4270728,0.003332853317260742
11621,normal,3644,0,1782358534.4279144,0.0008416175842285156
11622,normal,2106,0,1782358534.4297297,0.0018153190612792969
11623,normal,2820,0,1782358534.4320433,0.0023136138916015625
11624,normal,2613,0,1782358534.4336483,0.0016050338745117188
11625,normal,2651,0,1782358534.4357002,0.002051830291748047
11626,normal,1947,0,1782358534.4377246,0.002024412155151367
11627,normal,123,0,1782358534.439654,0.0019295215606689453
11628,normal,2475,0,1782358534.4419465,0.0022923946380615234
11629,normal,2641,0,1782358534.443719,0.0017724037170410156
11630,normal,3656,0,1782358534.4459069,0.002187967300415039
11631,normal,3421,0,1782358534.447724,0.0018172264099121094
11632,normal,483,0,1782358534.4499006,0.002176523208618164
11633,normal,1963,0,1782358534.4517176,0.0018169879913330078
11634,normal,2410,0,1782358534.4538875,0.0021698474884033203
11635,normal,2619,0,1782358534.4557192,0.0018317699432373047
11636,normal,2228,0,1782358534.457729,0.002009868621826172
11637,normal,2290,0,1782358534.4598897,0.0021605491638183594
11638,normal,3174,1,1782358534.4617343,0.001844644546508789
11639,normal,2024,0,1782358534.4637222,0.001987934112548828
11640,normal,3297,1,1782358534.4658988,0.002176523208618164
11641,normal,3603,0,1782358534.467723,0.0018241405487060547
11642,normal,1427,0,1782358534.469722,0.0019991397857666016
11643,normal,2486,0,1782358534.471897,0.002174854278564453
11644,normal,2363,0,1782358534.4737215,0.0018246173858642578
11645,normal,203,0,1782358534.4757257,0.0020041465759277344
11646,normal,970,2,1782358534.4778981,0.0021724700927734375
11647,normal,17,0,1782358534.4796958,0.0017976760864257812
11648,normal,2195,0,1782358534.4816918,0.0019960403442382812
11649,normal,1662,0,1782358534.4838626,0.0021708011627197266
11650,normal,1252,0,1782358534.4856908,0.0018281936645507812
11651,normal,1193,0,1782358534.4876919,0.002001047134399414
11652,normal,2435,0,1782358534.4897273,0.002035379409790039
11653,normal,1418,0,1782358534.4916887,0.0019614696502685547
11654,normal,494,0,1782358534.493735,0.002046346664428711
11655,normal,3043,0,1782358534.495737,0.0020020008087158203
11656,normal,3110,1,1782358534.4976873,0.0019502639770507812
11657,normal,315,0,1782358534.499735,0.0020477771759033203
11658,normal,297,0,1782358534.501724,0.0019888877868652344
11659,normal,3622,0,1782358534.503688,0.001964092254638672
11660,normal,3339,1,1782358534.5057342,0.0020461082458496094
11661,normal,188,0,1782358534.5077379,0.0020036697387695312
11662,normal,3225,1,1782358534.5096912,0.0019533634185791016
11663,normal,2866,0,1782358534.5116923,0.002001047134399414
11664,normal,2852,0,1782358534.513743,0.002050638198852539
11665,normal,699,0,1782358534.5156887,0.0019457340240478516
11666,normal,3196,1,1782358534.5177348,0.0020461082458496094
11667,normal,1246,0,1782358534.5197222,0.001987457275390625
11668,normal,575,0,1782358534.5216875,0.0019652843475341797
11669,normal,3123,1,1782358534.5236866,0.0019991397857666016
11670,normal,2709,0,1782358534.5257454,0.002058744430541992
11671,normal,3129,1,1782358534.5276883,0.0019428730010986328
11672,normal,3211,1,1782358534.5297346,0.002046346664428711
11673,normal,3392,1,1782358534.5317385,0.002003908157348633
11674,normal,3613,0,1782358534.5336857,0.001947164535522461
11675,normal,1368,1,1782358534.535689,0.0020034313201904297
11676,normal,269,0,1782358534.5377228,0.002033710479736328
11677,normal,3272,1,1782358534.5396893,0.0019664764404296875
11678,normal,1444,0,1782358534.5416896,0.0020003318786621094
11679,normal,3583,0,1782358534.5437407,0.002051115036010742
11680,normal,395,0,1782358534.5457025,0.0019617080688476562
11681,normal,1256,0,1782358534.5476944,0.0019919872283935547
11682,normal,2761,0,1782358534.549742,0.0020475387573242188
11683,normal,2701,0,1782358534.551687,0.0019450187683105469
11684,normal,3049,1,1782358534.5536864,0.001999378204345703
11685,normal,153,0,1782358534.5557387,0.00205230712890625
11686,normal,959,2,1782358534.5576944,0.001955747604370117
11687,normal,334,0,1782358534.5596914,0.0019969940185546875
11688,normal,997,2,1782358534.56173,0.0020384788513183594
11689,normal,3034,0,1782358534.5636926,0.0019626617431640625
11690,normal,167,0,1782358534.5657074,0.0020148754119873047
11691,normal,1459,0,1782358534.567745,0.002037525177001953
11692,normal,2932,0,1782358534.5696907,0.0019457340240478516
11693,normal,2743,0,1782358534.5716898,0.0019991397857666016
11694,normal,1350,1,1782358534.5737278,0.0020380020141601562
11695,normal,3567,0,1782358534.5756905,0.0019626617431640625
11696,normal,3,0,1782358534.5776913,0.0020008087158203125
11697,normal,57,0,1782358534.579745,0.0020537376403808594
11698,normal,3025,0,1782358534.5816934,0.0019483566284179688
11699,normal,2566,0,1782358534.5836897,0.001996278762817383
11700,normal,3561,0,1782358534.5857277,0.0020380020141601562
11701,normal,782,2,1782358534.5876892,0.0019614696502685547
11702,normal,2164,0,1782358534.5896895,0.0020003318786621094
11703,normal,3100,1,1782358534.5917263,0.0020368099212646484
11704,normal,2,0,1782358534.593691,0.0019648075103759766
11705,normal,3442,0,1782358534.5956933,0.002002239227294922
11706,normal,2400,0,1782358534.5977447,0.0020513534545898438
11707,normal,408,0,1782358534.5996907,0.0019459724426269531
11708,normal,194,0,1782358534.6016905,0.0019998550415039062
11709,normal,2944,0,1782358534.603741,0.0020503997802734375
11710,normal,2812,0,1782358534.6056905,0.0019495487213134766
11711,normal,3615,0,1782358534.6076903,0.0019998550415039062
11712,normal,3388,1,1782358534.6097434,0.0020530223846435547
11713,normal,1937,0,1782358534.6116889,0.00194549560546875
11714,normal,3692,0,1782358534.6136599,0.001971006393432617
11715,normal,1151,0,1782358534.6157353,0.0020754337310791016
11716,normal,2478,0,1782358534.6176827,0.0019474029541015625
11717,normal,2575,0,1782358534.6197305,0.0020477771759033203
11718,normal,818,2,1782358534.621732,0.002001523971557617
11719,normal,1945,0,1782358534.6236837,0.0019516944885253906
11720,normal,523,0,1782358534.6257331,0.0020494461059570312
11721,normal,149,0,1782358534.6277227,0.001989603042602539
11722,normal,485,0,1782358534.6296873,0.001964569091796875
11723,normal,3541,0,1782358534.631687,0.0019996166229248047
11724,normal,3707,0,1782358534.6337588,0.002071857452392578
11725,normal,1264,0,1782358534.6356843,0.0019254684448242188
11726,normal,3455,0,1782358534.637733,0.0020487308502197266
11727,normal,1489,0,1782358534.6397333,0.0020003318786621094
11728,normal,2354,0,1782358534.6416864,0.001953125
11729,normal,2351,0,1782358534.6437228,0.0020363330841064453
11730,normal,251,0,1782358534.6457212,0.001998424530029297
11731,normal,1829,0,1782358534.6476812,0.0019600391387939453
11732,normal,2382,0,1782358534.6497293,0.002048015594482422
11733,normal,1236,0,1782358534.651732,0.002002716064453125
11734,normal,283,0,1782358534.6536863,0.001954317092895508
11735,normal,1183,0,1782358534.6557343,0.002048015594482422
11736,normal,2482,0,1782358534.6577225,0.0019881725311279297
11737,normal,950,2,1782358534.6596859,0.001963376998901367
11738,normal,282,0,1782358534.6617367,0.0020508766174316406
11739,normal,148,0,1782358534.663775,0.002038240432739258
11740,normal,2226,0,1782358534.6656892,0.0019142627716064453
11741,normal,1108,0,1782358534.6677346,0.0020453929901123047
11742,normal,2464,0,1782358534.6697216,0.001986980438232422
11743,normal,1159,0,1782358534.6716912,0.001969575881958008
11744,normal,1461,0,1782358534.673734,0.0020427703857421875
11745,normal,2520,0,1782358534.6757357,0.0020017623901367188
11746,normal,463,0,1782358534.6776848,0.0019490718841552734
11747,normal,1036,0,1782358534.6797373,0.0020525455474853516
11748,normal,2713,0,1782358534.6817188,0.001981496810913086
11749,normal,3383,1,1782358534.6836836,0.0019648075103759766
11750,normal,2879,0,1782358534.6857324,0.0020487308502197266
11751,normal,1031,0,1782358534.6877377,0.002005338668823242
11752,normal,613,0,1782358534.6896837,0.0019459724426269531
11753,normal,1805,0,1782358534.6917312,0.0020475387573242188
11754,normal,2596,0,1782358534.6937215,0.0019903182983398438
11755,normal,1327,1,1782358534.695685,0.001963376998901367
11756,normal,3048,1,1782358534.6977322,0.002047300338745117
11757,normal,3022,0,1782358534.6997359,0.0020036697387695312
11758,normal,1539,0,1782358534.7016854,0.0019495487213134766
11759,normal,2315,0,1782358534.7037318,0.002046346664428711
11760,normal,394,0,1782358534.705719,0.0019872188568115234
11761,normal,1671,0,1782358534.7076888,0.0019698143005371094
11762,normal,2922,0,1782358534.7097318,0.002043008804321289
11763,normal,2851,0,1782358534.7117355,0.0020036697387695312
11764,normal,3687,0,1782358534.7136827,0.001947164535522461
11765,normal,2909,0,1782358534.7157314,0.0020487308502197266
11766,normal,1442,0,1782358534.7177253,0.001993894577026367
11767,normal,2987,0,1782358534.719687,0.0019617080688476562
11768,normal,1187,0,1782358534.7217348,0.0020477771759033203
11769,normal,534,0,1782358534.723736,0.0020012855529785156
11770,normal,1354,1,1782358534.7256844,0.0019483566284179688
11771,normal,3295,1,1782358534.7277317,0.002047300338745117
11772,normal,1720,0,1782358534.7297199,0.0019881725311279297
11773,normal,1059,0,1782358534.731683,0.0019631385803222656
11774,normal,1352,1,1782358534.733732,0.002048969268798828
11775,normal,749,0,1782358534.735737,0.0020051002502441406
11776,normal,1982,0,1782358534.7376838,0.0019466876983642578
11777,normal,826,2,1782358534.7397325,0.0020487308502197266
11778,normal,1675,0,1782358534.7417197,0.0019872188568115234
11779,normal,1959,0,1782358534.7436826,0.001962900161743164
11780,normal,3162,1,1782358534.745731,0.002048492431640625
11781,normal,620,0,1782358534.7477202,0.001989126205444336
11782,normal,1072,0,1782358534.7496872,0.0019669532775878906
11783,normal,3470,0,1782358534.751737,0.0020499229431152344
11784,normal,2791,0,1782358534.7537203,0.001983165740966797
11785,normal,160,0,1782358534.7556887,0.0019683837890625
11786,normal,2963,0,1782358534.757797,0.002108335494995117
11787,normal,1736,0,1782358534.7596843,0.0018873214721679688
11788,normal,2149,0,1782358534.7616825,0.0019981861114501953
11789,normal,3682,0,1782358534.7637324,0.0020499229431152344
11790,normal,1153,0,1782358534.7657368,0.002004384994506836
11791,normal,2528,0,1782358534.7676847,0.0019478797912597656
11792,normal,670,0,1782358534.7697322,0.0020475387573242188
11793,normal,3475,0,1782358534.7717192,0.001986980438232422
11794,normal,3489,0,1782358534.7736871,0.001967906951904297
11795,normal,1808,0,1782358534.7757401,0.0020530223846435547
11796,normal,1435,0,1782358534.7777352,0.001995086669921875
11797,normal,309,0,1782358534.7796903,0.0019550323486328125
11798,normal,513,0,1782358534.7817373,0.0020470619201660156
11799,normal,2964,0,1782358534.7837238,0.0019865036010742188
11800,normal,1833,0,1782358534.7856889,0.001965045928955078
11801,normal,1782,0,1782358534.7877386,0.002049684524536133
11802,normal,3130,1,1782358534.7897382,0.0019996166229248047
11803,normal,2342,0,1782358534.791687,0.0019488334655761719
11804,normal,3677,0,1782358534.7937324,0.0020453929901123047
11805,normal,3427,0,1782358534.7957358,0.0020034313201904297
11806,normal,1576,0,1782358534.7976873,0.001951456069946289
11807,normal,2438,0,1782358534.799737,0.002049684524536133
11808,normal,2546,0,1782358534.8017247,0.0019876956939697266
11809,normal,679,0,1782358534.8036885,0.0019638538360595703
11810,normal,2636,0,1782358534.8057368,0.0020482540130615234
11811,normal,171,0,1782358534.8077404,0.0020036697387695312
11812,normal,2249,0,1782358534.8096876,0.001947164535522461
11813,normal,3698,0,1782358534.811737,0.0020494461059570312
11814,normal,3327,1,1782358534.8137236,0.0019865036010742188
11815,normal,2637,0,1782358534.8156862,0.0019626617431640625
11816,normal,3086,1,1782358534.8177345,0.0020482540130615234
11817,normal,865,2,1782358534.819768,0.0020334720611572266
11818,normal,2936,0,1782358534.8216925,0.0019245147705078125
11819,normal,2535,0,1782358534.823736,0.002043485641479492
11820,normal,857,2,1782358534.825723,0.001986980438232422
11821,normal,3084,1,1782358534.827686,0.0019631385803222656
11822,normal,650,0,1782358534.8297236,0.002037525177001953
11823,normal,789,2,1782358534.831741,0.002017498016357422
11824,normal,2019,0,1782358534.8336842,0.0019431114196777344
11825,normal,85,0,1782358534.8357325,0.0020482540130615234
11826,normal,1209,0,1782358534.8377209,0.0019884109497070312
11827,normal,252,0,1782358534.8396919,0.001971006393432617
11828,normal,1231,0,1782358534.8416865,0.001994609832763672
11829,normal,2170,0,1782358534.843738,0.0020515918731689453
11830,normal,3616,0,1782358534.8456824,0.0019443035125732422
11831,normal,2452,0,1782358534.847731,0.0020487308502197266
11832,normal,2544,0,1782358534.849719,0.001987934112548828
11833,normal,2075,0,1782358534.8516877,0.0019686222076416016
11834,normal,2589,0,1782358534.8537383,0.002050638198852539
11835,normal,2688,0,1782358534.85574,0.0020017623901367188
11836,normal,1511,0,1782358534.8576868,0.0019466876983642578
11837,normal,656,0,1782358534.8597357,0.002048969268798828
11838,normal,2844,0,1782358534.861725,0.0019893646240234375
11839,normal,2168,0,1782358534.8636863,0.001961231231689453
11840,normal,952,2,1782358534.8657382,0.002051830291748047
11841,normal,296,0,1782358534.8677409,0.002002716064453125
11842,normal,205,0,1782358534.8696864,0.00194549560546875
11843,normal,1015,2,1782358534.8717372,0.0020508766174316406
11844,normal,2706,0,1782358534.873724,0.0019867420196533203
11845,normal,2294,0,1782358534.8756876,0.0019636154174804688
11846,normal,615,0,1782358534.8777373,0.002049684524536133
11847,normal,259,0,1782358534.879741,0.0020036697387695312
11848,normal,591,0,1782358534.8816888,0.0019478797912597656
11849,normal,1165,0,1782358534.8837254,0.002036571502685547
11850,normal,1275,0,1782358534.8857183,0.001992940902709961
11851,normal,68,0,1782358534.887682,0.0019636154174804688
11852,normal,414,0,1782358534.8897321,0.002050161361694336
11853,normal,2598,0,1782358534.8917353,0.002003192901611328
11854,normal,31,0,1782358534.8937037,0.0019683837890625
11855,normal,3033,0,1782358534.8957367,0.0020329952239990234
11856,normal,2942,0,1782358534.8978238,0.002087116241455078
11857,normal,2552,0,1782358534.8996844,0.0018606185913085938
11858,normal,2368,0,1782358534.9017308,0.002046346664428711
11859,normal,380,0,1782358534.9037344,0.0020036697387695312
11860,normal,339,0,1782358534.9056847,0.0019502639770507812
11861,normal,980,2,1782358534.9077318,0.0020470619201660156
11862,normal,2609,0,1782358534.9097211,0.0019893646240234375
11863,normal,2818,0,1782358534.911684,0.001962900161743164
11864,normal,1926,0,1782358534.9137344,0.0020503997802734375
11865,normal,1258,0,1782358534.9157314,0.0019969940185546875
11866,normal,633,0,1782358534.9176865,0.0019550323486328125
11867,normal,3140,1,1782358534.919731,0.0020444393157958984
11868,normal,3604,0,1782358534.9217365,0.0020055770874023438
11869,normal,2374,0,1782358534.9236836,0.001947164535522461
11870,normal,1452,0,1782358534.9257429,0.0020592212677001953
11871,normal,601,0,1782358534.9277277,0.001984834671020508
11872,normal,3062,1,1782358534.9296868,0.001959085464477539
11873,normal,1698,0,1782358534.9317374,0.002050638198852539
11874,normal,3626,0,1782358534.9337356,0.0019981861114501953
11875,normal,2578,0,1782358534.9356844,0.0019488334655761719
11876,normal,198,0,1782358534.9377313,0.002046823501586914
11877,normal,2425,0,1782358534.939741,0.0020096302032470703
11878,normal,645,0,1782358534.9416842,0.001943349838256836
11879,normal,1822,0,1782358534.943732,0.0020477771759033203
11880,normal,1088,0,1782358534.9457502,0.0020182132720947266
11881,normal,3432,0,1782358534.9476864,0.001936197280883789
11882,normal,2300,0,1782358534.949733,0.0020465850830078125
11883,normal,584,0,1782358534.9517198,0.0019867420196533203
11884,normal,2358,0,1782358534.953683,0.0019631385803222656
11885,normal,147,0,1782358534.9557326,0.002049684524536133
11886,normal,3020,0,1782358534.95778,0.002047300338745117
11887,normal,842,2,1782358534.959688,0.0019080638885498047
11888,normal,710,0,1782358534.9617336,0.0020456314086914062
11889,normal,374,0,1782358534.9637215,0.001987934112548828
11890,normal,1642,0,1782358534.9656856,0.001964092254638672
11891,normal,1679,0,1782358534.9677336,0.002048015594482422
11892,normal,2405,0,1782358534.9697216,0.001987934112548828
11893,normal,696,0,1782358534.9716833,0.0019617080688476562
11894,normal,1700,0,1782358534.9737303,0.0020470619201660156
11895,normal,40,0,1782358534.9757352,0.002004861831665039
11896,normal,714,0,1782358534.9776845,0.001949310302734375
11897,normal,2208,0,1782358534.979736,0.0020515918731689453
11898,normal,1272,0,1782358534.981721,0.001984834671020508
11899,normal,2329,0,1782358534.9836843,0.001963376998901367
11900,normal,566,0,1782358534.9857328,0.002048492431640625
11901,normal,3546,0,1782358534.9877357,0.0020029544830322266
11902,normal,1308,0,1782358534.9896858,0.0019500255584716797
11903,normal,648,0,1782358534.9917305,0.002044677734375
11904,normal,1897,0,1782358534.9937222,0.001991748809814453
11905,normal,1706,0,1782358534.995684,0.0019617080688476562
11906,normal,677,0,1782358534.997732,0.002048015594482422
11907,normal,76,0,1782358534.99974,0.0020079612731933594
11908,normal,2573,0,1782358535.0016823,0.0019423961639404297
11909,normal,3408,0,1782358535.0037296,0.002047300338745117
11910,normal,1251,0,1782358535.005719,0.0019893646240234375
11911,normal,2682,0,1782358535.0076873,0.0019683837890625
11912,normal,641,0,1782358535.009738,0.002050638198852539
11913,normal,941,2,1782358535.011742,0.0020041465759277344
11914,normal,1224,0,1782358535.0136845,0.0019423961639404297
11915,normal,2543,0,1782358535.0157318,0.002047300338745117
11916,normal,2590,0,1782358535.0177202,0.0019884109497070312
11917,normal,1473,0,1782358535.0196881,0.001967906951904297
11918,normal,3007,0,1782358535.0217385,0.0020503997802734375
11919,normal,362,0,1782358535.0237415,0.0020029544830322266
11920,normal,2991,0,1782358535.0264368,0.002695322036743164
11921,normal,916,2,1782358535.0277872,0.00135040283203125
11922,normal,2994,0,1782358535.0296829,0.0018956661224365234
11923,normal,1389,0,1782358535.0316947,0.0020117759704589844
11924,normal,3177,1,1782358535.0337431,0.002048492431640625
11925,normal,693,0,1782358535.0357265,0.0019834041595458984
11926,normal,2209,0,1782358535.0376904,0.0019638538360595703
11927,normal,1815,0,1782358535.0397375,0.0020470619201660156
11928,normal,487,0,1782358535.0417264,0.0019888877868652344
11929,normal,885,2,1782358535.043687,0.00196075439453125
11930,normal,2908,0,1782358535.0457406,0.002053499221801758
11931,normal,175,0,1782358535.0477266,0.0019860267639160156
11932,normal,20,0,1782358535.0496888,0.0019621849060058594
11933,normal,3435,0,1782358535.0517392,0.0020503997802734375
11934,normal,412,0,1782358535.053882,0.002142667770385742
11935,normal,960,2,1782358535.0557203,0.0018384456634521484
11936,normal,427,0,1782358535.0578892,0.002168893814086914
11937,normal,3087,1,1782358535.0597372,0.001847982406616211
11938,normal,3640,0,1782358535.061915,0.002177715301513672
11939,normal,3619,0,1782358535.0638053,0.001890420913696289
11940,normal,423,0,1782358535.0660267,0.002221345901489258
11941,normal,897,2,1782358535.0677707,0.0017440319061279297
11942,normal,3526,0,1782358535.069984,0.0022132396697998047
11943,normal,1292,0,1782358535.0718827,0.0018987655639648438
11944,normal,184,0,1782358535.0737946,0.0019118785858154297
11945,normal,455,0,1782358535.0757494,0.001954793930053711
11946,normal,2825,0,1782358535.077929,0.0021796226501464844
11947,normal,3245,1,1782358535.0797017,0.0017726421356201172
11948,normal,884,2,1782358535.0817356,0.0020339488983154297
11949,normal,2029,0,1782358535.083864,0.0021283626556396484
11950,normal,2865,0,1782358535.0857382,0.0018742084503173828
11951,normal,2630,0,1782358535.087846,0.002107858657836914
11952,normal,684,0,1782358535.0900493,0.002203226089477539
11953,normal,2843,0,1782358535.091764,0.0017147064208984375
11954,normal,991,2,1782358535.0939372,0.002173185348510742
11955,normal,3394,1,1782358535.096049,0.0021119117736816406
11956,normal,1613,0,1782358535.09776,0.0017108917236328125
11957,normal,1759,0,1782358535.0999434,0.0021834373474121094
11958,normal,2238,0,1782358535.101815,0.0018715858459472656
11959,normal,2904,0,1782358535.1037695,0.0019545555114746094
11960,normal,1189,0,1782358535.1059372,0.0021677017211914062
11961,normal,1834,0,1782358535.1078453,0.0019080638885498047
11962,normal,2009,0,1782358535.1097689,0.0019235610961914062
11963,normal,2891,0,1782358535.112146,0.002377033233642578
11964,normal,1428,0,1782358535.1138985,0.001752614974975586
11965,normal,855,2,1782358535.1157713,0.0018727779388427734
11966,normal,955,2,1782358535.1179457,0.00217437744140625
11967,normal,1158,0,1782358535.1198146,0.0018689632415771484
11968,normal,1529,0,1782358535.12177,0.001955270767211914
11969,normal,365,0,1782358535.1239457,0.0021758079528808594
11970,normal,787,2,1782358535.1258547,0.001909017562866211
11971,normal,1095,0,1782358535.1277697,0.00191497802734375
11972,normal,758,0,1782358535.1301513,0.002381563186645508
11973,normal,1338,1,1782358535.1319125,0.0017611980438232422
11974,normal,703,0,1782358535.1337457,0.001833200454711914
11975,normal,1709,0,1782358535.1360443,0.002298593521118164
11976,normal,2285,0,1782358535.1377375,0.0016932487487792969
11977,normal,1194,0,1782358535.139901,0.002163410186767578
11978,normal,2169,0,1782358535.141965,0.0020639896392822266
11979,normal,3446,0,1782358535.143819,0.0018541812896728516
11980,normal,498,0,1782358535.1457684,0.001949310302734375
11981,normal,2723,0,1782358535.1479204,0.002151966094970703
11982,normal,375,0,1782358535.1498506,0.00193023681640625
11983,normal,1083,0,1782358535.1517687,0.0019180774688720703
11984,normal,2345,0,1782358535.1540432,0.0022745132446289062
11985,normal,832,2,1782358535.155843,0.0017998218536376953
11986,normal,2993,0,1782358535.1577444,0.001901388168334961
11987,normal,1071,0,1782358535.1601505,0.0024061203002929688
11988,normal,3292,1,1782358535.1619248,0.0017743110656738281
11989,normal,1438,0,1782358535.163742,0.0018172264099121094
11990,normal,1334,1,1782358535.1660614,0.0023193359375
11991,normal,3223,1,1782358535.1677275,0.0016660690307617188
11992,normal,3389,1,1782358535.169899,0.0021715164184570312
11993,normal,724,0,1782358535.1719046,0.0020055770874023438
11994,normal,3490,0,1782358535.174059,0.0021543502807617188
11995,normal,1007,2,1782358535.1757698,0.0017108917236328125
11996,normal,3705,0,1782358535.1779213,0.0021514892578125
11997,normal,2767,0,1782358535.1798403,0.0019190311431884766
11998,normal,725,0,1782358535.181771,0.0019307136535644531
11999,normal,3437,0,1782358535.1840475,0.0022764205932617188
12000,normal,2650,0,1782358535.1858428,0.0017952919006347656
12001,normal,2760,0,1782358535.187747,0.0019042491912841797
12002,normal,1864,0,1782358535.1899748,0.002227783203125
12003,normal,981,2,1782358535.191994,0.002019166946411133
12004,normal,219,0,1782358535.193713,0.0017189979553222656
12005,normal,2451,0,1782358535.195923,0.0022101402282714844
12006,normal,971,2,1782358535.1977434,0.0018203258514404297
12007,normal,3279,1,1782358535.1997268,0.0019834041595458984
12008,normal,564,0,1782358535.2017627,0.002035856246948242
12009,normal,2978,0,1782358535.2038934,0.002130746841430664
12010,normal,1955,0,1782358535.205767,0.0018734931945800781
12011,normal,2233,0,1782358535.2079082,0.002141237258911133
12012,normal,1563,0,1782358535.2098563,0.0019481182098388672
12013,normal,2058,0,1782358535.211741,0.0018846988677978516
12014,normal,306,0,1782358535.2138398,0.0020987987518310547
12015,normal,2015,0,1782358535.2157671,0.0019273757934570312
12016,normal,1206,0,1782358535.2178164,0.0020492076873779297
12017,normal,2173,0,1782358535.2198484,0.002032041549682617
12018,normal,1074,0,1782358535.2218568,0.0020084381103515625
12019,normal,2495,0,1782358535.2238133,0.001956462860107422
12020,normal,436,0,1782358535.2257247,0.0019114017486572266
12021,normal,988,2,1782358535.2278316,0.002106904983520508
12022,normal,3457,0,1782358535.2296991,0.001867532730102539
12023,normal,2436,0,1782358535.2319188,0.002219676971435547
12024,normal,493,0,1782358535.2337554,0.001836538314819336
12025,normal,386,0,1782358535.2359061,0.0021507740020751953
12026,normal,1644,0,1782358535.2379515,0.0020453929901123047
12027,normal,510,0,1782358535.239904,0.0019524097442626953
12028,normal,1377,1,1782358535.2417607,0.0018568038940429688
12029,normal,1980,0,1782358535.2438977,0.0021369457244873047
12030,normal,1730,0,1782358535.2460504,0.002152681350708008
12031,normal,847,2,1782358535.247764,0.0017137527465820312
12032,normal,555,0,1782358535.2500422,0.0022780895233154297
12033,normal,2957,0,1782358535.251719,0.001676797866821289
12034,normal,1481,0,1782358535.253898,0.0021789073944091797
12035,normal,3165,1,1782358535.2557826,0.0018846988677978516
12036,normal,3612,0,1782358535.2580502,0.002267599105834961
12037,normal,447,0,1782358535.2597697,0.0017194747924804688
12038,normal,2730,0,1782358535.262002,0.0022323131561279297
12039,normal,512,0,1782358535.263829,0.0018270015716552734
12040,normal,2423,0,1782358535.2657118,0.001882791519165039
12041,normal,2153,0,1782358535.267891,0.0021791458129882812
12042,normal,2568,0,1782358535.2700348,0.00214385986328125
12043,normal,3565,0,1782358535.2717624,0.0017275810241699219
12044,normal,3230,1,1782358535.2740657,0.0023033618927001953
12045,normal,781,2,1782358535.2757192,0.001653432846069336
12046,normal,2720,0,1782358535.2779012,0.0021820068359375
12047,normal,363,0,1782358535.2797735,0.0018723011016845703
12048,normal,2727,0,1782358535.2820513,0.002277851104736328
12049,normal,2722,0,1782358535.2837694,0.0017180442810058594
12050,normal,924,2,1782358535.2861187,0.002349376678466797
12051,normal,2943,0,1782358535.2879074,0.0017886161804199219
12052,normal,2513,0,1782358535.2897224,0.0018150806427001953
12053,normal,1479,0,1782358535.2918994,0.002177000045776367
12054,normal,229,0,1782358535.2940521,0.002152681350708008
12055,normal,2661,0,1782358535.2957194,0.0016672611236572266
12056,normal,3126,1,1782358535.2979157,0.0021963119506835938
12057,normal,3051,1,1782358535.299749,0.001833200454711914
12058,normal,3076,1,1782358535.301756,0.002007007598876953
12059,normal,3688,0,1782358535.3038902,0.0021343231201171875
12060,normal,2223,0,1782358535.306046,0.002155780792236328
12061,normal,2258,0,1782358535.3077166,0.0016705989837646484
12062,normal,1013,2,1782358535.309899,0.002182483673095703
12063,normal,2956,0,1782358535.311826,0.0019268989562988281
12064,normal,1930,0,1782358535.3139074,0.0020813941955566406
12065,normal,1030,0,1782358535.315728,0.0018205642700195312
12066,normal,3646,0,1782358535.3178234,0.002095460891723633
12067,normal,2570,0,1782358535.319736,0.0019125938415527344
12068,normal,745,0,1782358535.321929,0.002192974090576172
12069,normal,977,2,1782358535.3237321,0.0018031597137451172
12070,normal,464,0,1782358535.325724,0.001991748809814453
12071,normal,3090,1,1782358535.3279302,0.0022063255310058594
12072,normal,589,0,1782358535.329727,0.001796722412109375
12073,normal,3344,1,1782358535.3317292,0.002002239227294922
12074,normal,1527,0,1782358535.3339362,0.002207040786743164
12075,normal,2874,0,1782358535.335806,0.0018696784973144531
12076,normal,2299,0,1782358535.3377125,0.0019066333770751953
12077,normal,336,0,1782358535.3399363,0.0022237300872802734
12078,normal,2923,0,1782358535.3417838,0.0018475055694580078
12079,normal,1034,0,1782358535.3437133,0.0019295215606689453
12080,normal,1094,0,1782358535.346146,0.0024328231811523438
12081,normal,112,0,1782358535.3479214,0.0017752647399902344
12082,normal,3271,1,1782358535.3500032,0.0020818710327148438
12083,normal,3052,1,1782358535.3517578,0.0017545223236083984
12084,normal,1016,2,1782358535.3539248,0.0021669864654541016
12085,normal,86,0,1782358535.3557339,0.0018091201782226562
12086,normal,3127,1,1782358535.357942,0.002208232879638672
12087,normal,2928,0,1782358535.3597403,0.0017981529235839844
12088,normal,2141,0,1782358535.361729,0.001988649368286133
12089,normal,2707,0,1782358535.3639052,0.0021762847900390625
12090,normal,2933,0,1782358535.365743,0.0018377304077148438
12091,normal,1964,0,1782358535.3677552,0.0020122528076171875
12092,normal,1717,0,1782358535.3698883,0.0021331310272216797
12093,normal,2518,0,1782358535.3720484,0.0021600723266601562
12094,normal,2982,0,1782358535.3737178,0.0016694068908691406
12095,normal,2256,0,1782358535.3759506,0.002232789993286133
12096,normal,2420,0,1782358535.3778088,0.0018582344055175781
12097,normal,3001,0,1782358535.379712,0.0019032955169677734
12098,normal,850,2,1782358535.3821497,0.002437591552734375
12099,normal,3181,1,1782358535.3839037,0.0017540454864501953
12100,normal,180,0,1782358535.3857698,0.0018661022186279297
12101,normal,3538,0,1782358535.3880172,0.002247333526611328
12102,normal,2250,0,1782358535.3897235,0.0017063617706298828
12103,normal,124,0,1782358535.3919125,0.0021889209747314453
12104,normal,1656,0,1782358535.394034,0.002121448516845703
12105,normal,1361,1,1782358535.3958883,0.0018544197082519531
12106,normal,3206,1,1782358535.3977618,0.0018734931945800781
12107,normal,1415,0,1782358535.4000516,0.0022897720336914062
12108,normal,1357,1,1782358535.401842,0.0017905235290527344
12109,normal,2827,0,1782358535.4037707,0.001928567886352539
12110,normal,1443,0,1782358535.4060776,0.0023069381713867188
12111,normal,308,0,1782358535.408038,0.001960277557373047
12112,normal,1328,1,1782358535.409719,0.0016810894012451172
12113,normal,1046,0,1782358535.4120924,0.0023734569549560547
12114,normal,2229,0,1782358535.4137986,0.0017061233520507812
12115,normal,105,0,1782358535.4157174,0.001918792724609375
12116,normal,35,0,1782358535.4180996,0.0023822784423828125
12117,normal,3492,0,1782358535.4200227,0.0019230842590332031
12118,normal,1737,0,1782358535.4217727,0.0017499923706054688
12119,normal,1097,0,1782358535.4240732,0.0023005008697509766
12120,normal,1319,1,1782358535.4257255,0.0016522407531738281
12121,normal,226,0,1782358535.4278996,0.0021741390228271484
12122,normal,403,0,1782358535.4299397,0.0020401477813720703
12123,normal,2330,0,1782358535.4319057,0.0019659996032714844
12124,normal,2215,0,1782358535.4338067,0.0019009113311767578
12125,normal,2850,0,1782358535.4360611,0.002254486083984375
12126,normal,150,0,1782358535.437824,0.0017628669738769531
12127,normal,1175,0,1782358535.4398978,0.0020737648010253906
12128,normal,1336,1,1782358535.44208,0.0021822452545166016
12129,normal,1526,0,1782358535.4437912,0.001711130142211914
12130,normal,1538,0,1782358535.445908,0.0021169185638427734
12131,normal,1811,0,1782358535.4478931,0.0019850730895996094
12132,normal,13,0,1782358535.4497519,0.0018587112426757812
12133,normal,756,0,1782358535.4517632,0.0020112991333007812
12134,normal,3291,1,1782358535.4540439,0.002280712127685547
12135,normal,1949,0,1782358535.4557428,0.0016989707946777344
12136,normal,1513,0,1782358535.4578943,0.0021514892578125
12137,normal,3345,1,1782358535.4600677,0.0021734237670898438
12138,normal,2838,0,1782358535.4617856,0.0017178058624267578
12139,normal,660,0,1782358535.4637632,0.001977682113647461
12140,normal,1548,0,1782358535.4660041,0.002240896224975586
12141,normal,2629,0,1782358535.467718,0.0017137527465820312
12142,normal,2863,0,1782358535.469899,0.0021810531616210938
12143,normal,1848,0,1782358535.4717565,0.0018575191497802734
12144,normal,1918,0,1782358535.4739108,0.0021543502807617188
12145,normal,1938,0,1782358535.475756,0.0018451213836669922
12146,normal,1958,0,1782358535.4779027,0.0021467208862304688
12147,normal,727,0,1782358535.4798403,0.0019376277923583984
12148,normal,3173,1,1782358535.4817667,0.001926422119140625
12149,normal,417,0,1782358535.4839022,0.0021355152130126953
12150,normal,904,2,1782358535.4858103,0.0019080638885498047
12151,normal,2770,0,1782358535.4877613,0.001950979232788086
12152,normal,1898,0,1782358535.4901114,0.0023500919342041016
12153,normal,2899,0,1782358535.4920063,0.0018949508666992188
12154,normal,931,2,1782358535.4937167,0.0017104148864746094
12155,normal,2193,0,1782358535.4960392,0.0023224353790283203
12156,normal,29,0,1782358535.497717,0.0016777515411376953
12157,normal,1533,0,1782358535.500076,0.002359151840209961
12158,normal,3366,1,1782358535.5018904,0.0018143653869628906
12159,normal,686,0,1782358535.5039012,0.002010822296142578
12160,normal,642,0,1782358535.5057719,0.0018706321716308594
12161,normal,739,0,1782358535.507929,0.0021572113037109375
12162,normal,2076,0,1782358535.5097928,0.001863718032836914
12163,normal,0,0,1782358535.5117662,0.001973390579223633
12164,normal,637,0,1782358535.5141156,0.002349376678466797
12165,normal,1478,0,1782358535.515774,0.0016584396362304688
12166,normal,2473,0,1782358535.5179067,0.0021326541900634766
12167,normal,2022,0,1782358535.5199583,0.0020515918731689453
12168,normal,2638,0,1782358535.5219114,0.001953125
12169,normal,1655,0,1782358535.5237455,0.0018341541290283203
12170,normal,2359,0,1782358535.526134,0.002388477325439453
12171,normal,1809,0,1782358535.5277185,0.0015845298767089844
12172,normal,2403,0,1782358535.5300453,0.0023267269134521484
12173,normal,3246,1,1782358535.5317702,0.0017249584197998047
12174,normal,78,0,1782358535.5340502,0.002279996871948242
12175,normal,88,0,1782358535.5357695,0.0017192363739013672
12176,normal,249,0,1782358535.5381217,0.0023522377014160156
12177,normal,2664,0,1782358535.5397718,0.001650094985961914
12178,normal,689,0,1782358535.5419285,0.0021567344665527344
12179,normal,37,0,1782358535.5438802,0.0019516944885253906
12180,normal,810,2,1782358535.5459025,0.002022266387939453
12181,normal,2433,0,1782358535.5478952,0.0019927024841308594
12182,normal,2939,0,1782358535.5497725,0.0018773078918457031
12183,normal,1014,2,1782358535.5520463,0.0022737979888916016
12184,normal,399,0,1782358535.5537684,0.001722097396850586
12185,normal,3458,0,1782358535.5559192,0.0021507740020751953
12186,normal,1967,0,1782358535.5577781,0.0018589496612548828
12187,normal,2657,0,1782358535.559771,0.001992940902709961
12188,normal,2445,0,1782358535.5620575,0.0022864341735839844
12189,normal,3440,0,1782358535.5638292,0.001771688461303711
12190,normal,2673,0,1782358535.5657442,0.00191497802734375
12191,normal,2283,0,1782358535.5680647,0.002320528030395508
12192,normal,1091,0,1782358535.569719,0.0016543865203857422
12193,normal,732,0,1782358535.5719004,0.0021812915802001953
12194,normal,1676,0,1782358535.573903,0.002002716064453125
12195,normal,547,0,1782358535.5757298,0.0018267631530761719
12196,normal,36,0,1782358535.5777564,0.0020265579223632812
12197,normal,2784,0,1782358535.579892,0.0021355152130126953
12198,normal,3134,1,1782358535.5818071,0.0019152164459228516
12199,normal,1755,0,1782358535.5837662,0.001959085464477539
12200,normal,2615,0,1782358535.5859168,0.0021505355834960938
12201,normal,1359,1,1782358535.5878193,0.0019025802612304688
12202,normal,3150,1,1782358535.5897686,0.001949310302734375
12203,normal,3184,1,1782358535.591912,0.002143383026123047
12204,normal,92,0,1782358535.5938027,0.0018906593322753906
12205,normal,373,0,1782358535.595767,0.0019643306732177734
12206,normal,1362,1,1782358535.5980542,0.002287149429321289
12207,normal,3234,1,1782358535.5997674,0.0017132759094238281
12208,normal,3660,0,1782358535.6019275,0.0021600723266601562
12209,normal,3473,0,1782358535.6037648,0.0018372535705566406
12210,normal,2685,0,1782358535.6059132,0.0021483898162841797
12211,normal,2328,0,1782358535.6077561,0.0018429756164550781
12212,normal,264,0,1782358535.6099508,0.002194643020629883
12213,normal,1051,0,1782358535.6120462,0.002095460891723633
12214,normal,2488,0,1782358535.6137707,0.0017244815826416016
12215,normal,3487,0,1782358535.616155,0.002384185791015625
12216,normal,3203,1,1782358535.61794,0.0017850399017333984
12217,normal,805,2,1782358535.6197402,0.0018002986907958984
12218,normal,3146,1,1782358535.6219099,0.0021696090698242188
12219,normal,2704,0,1782358535.6239312,0.002021312713623047
12220,normal,1687,0,1782358535.6258123,0.0018811225891113281
12221,normal,3401,1,1782358535.6277847,0.0019724369049072266
12222,normal,2708,0,1782358535.6296396,0.0018548965454101562
12223,normal,2774,0,1782358535.6316392,0.0019996166229248047
12224,normal,290,0,1782358535.6337166,0.002077341079711914
12225,normal,791,2,1782358535.6356597,0.0019431114196777344
12226,normal,2333,0,1782358535.6377795,0.002119779586791992
12227,normal,3500,0,1782358535.6397808,0.0020012855529785156
12228,normal,2659,0,1782358535.641965,0.002184152603149414
12229,normal,469,0,1782358535.643758,0.0017931461334228516
12230,normal,54,0,1782358535.6459079,0.002149820327758789
12231,normal,2282,0,1782358535.647725,0.0018172264099121094
12232,normal,2493,0,1782358535.6499054,0.002180337905883789
12233,normal,3403,0,1782358535.6517658,0.0018603801727294922
12234,normal,227,0,1782358535.653906,0.0021402835845947266
12235,normal,2626,0,1782358535.6557548,0.0018486976623535156
12236,normal,957,2,1782358535.6579216,0.002166748046875
12237,normal,113,0,1782358535.659768,0.0018465518951416016
12238,normal,1641,0,1782358535.6620634,0.002295255661010742
12239,normal,182,0,1782358535.663852,0.0017886161804199219
12240,normal,2190,0,1782358535.6659245,0.002072572708129883
12241,normal,2954,0,1782358535.6677568,0.0018322467803955078
12242,normal,3212,1,1782358535.6698892,0.002132415771484375
12243,normal,256,0,1782358535.6717243,0.0018351078033447266
12244,normal,1877,0,1782358535.6738956,0.0021712779998779297
12245,normal,2174,0,1782358535.675738,0.001842498779296875
12246,normal,3585,0,1782358535.6779125,0.00217437744140625
12247,normal,3630,0,1782358535.679722,0.0018095970153808594
12248,normal,1975,0,1782358535.6819096,0.002187490463256836
12249,normal,561,0,1782358535.6837204,0.0018107891082763672
12250,normal,2496,0,1782358535.6858883,0.002167940139770508
12251,normal,1863,0,1782358535.6877446,0.0018563270568847656
12252,normal,2617,0,1782358535.6898973,0.002152681350708008
12253,normal,2098,0,1782358535.691734,0.0018367767333984375
12254,normal,3361,1,1782358535.6939106,0.002176523208618164
12255,normal,435,0,1782358535.6957278,0.0018172264099121094
12256,normal,2642,0,1782358535.6978886,0.002160787582397461
12257,normal,1568,0,1782358535.6997514,0.0018627643585205078
12258,normal,402,0,1782358535.7018976,0.0021462440490722656
12259,normal,3247,1,1782358535.7037199,0.0018222332000732422
12260,normal,3286,1,1782358535.7058952,0.0021753311157226562
12261,normal,342,0,1782358535.7077239,0.0018286705017089844
12262,normal,3148,1,1782358535.709901,0.0021772384643554688
12263,normal,25,0,1782358535.7117581,0.0018570423126220703
12264,normal,744,0,1782358535.713896,0.002137899398803711
12265,normal,1725,0,1782358535.7157233,0.001827239990234375
12266,normal,3227,1,1782358535.7179008,0.0021774768829345703
12267,normal,2068,0,1782358535.719725,0.0018241405487060547
12268,normal,222,0,1782358535.7218874,0.002162456512451172
12269,normal,2485,0,1782358535.7237628,0.0018754005432128906
12270,normal,1049,0,1782358535.7259002,0.002137422561645508
12271,normal,2556,0,1782358535.7277203,0.0018200874328613281
12272,normal,1974,0,1782358535.729937,0.002216815948486328
12273,normal,1515,0,1782358535.7317245,0.001787424087524414
12274,normal,1590,0,1782358535.7338853,0.002160787582397461
12275,normal,2457,0,1782358535.7357616,0.0018763542175292969
12276,normal,479,0,1782358535.7378929,0.002131223678588867
12277,normal,441,0,1782358535.739721,0.0018281936645507812
12278,normal,1332,1,1782358535.741912,0.002190828323364258
12279,normal,544,0,1782358535.7437189,0.0018069744110107422
12280,normal,3525,0,1782358535.7459052,0.002186298370361328
12281,normal,3042,0,1782358535.747765,0.001859903335571289
12282,normal,1571,0,1782358535.7499228,0.0021576881408691406
12283,normal,1262,0,1782358535.75172,0.0017971992492675781
12284,normal,2381,0,1782358535.7538915,0.0021715164184570312
12285,normal,1170,0,1782358535.75572,0.0018284320831298828
12286,normal,1507,0,1782358535.7578864,0.0021665096282958984
12287,normal,2373,0,1782358535.7597713,0.0018849372863769531
12288,normal,2397,0,1782358535.7617204,0.0019490718841552734
12289,normal,1723,0,1782358535.7638943,0.002173900604248047
12290,normal,2781,0,1782358535.765773,0.0018787384033203125
12291,normal,3312,1,1782358535.7678936,0.002120494842529297
12292,normal,835,2,1782358535.7697203,0.0018267631530761719
12293,normal,3557,0,1782358535.7719219,0.002201557159423828
12294,normal,1141,0,1782358535.7737253,0.0018033981323242188
12295,normal,89,0,1782358535.7759247,0.002199411392211914
12296,normal,3679,0,1782358535.7777689,0.001844167709350586
12297,normal,127,0,1782358535.779912,0.0021431446075439453
12298,normal,3560,0,1782358535.7817194,0.0018074512481689453
12299,normal,1404,0,1782358535.7839284,0.0022089481353759766
12300,normal,1369,1,1782358535.785725,0.001796722412109375
12301,normal,1566,0,1782358535.7878895,0.0021643638610839844
12302,normal,992,2,1782358535.7897735,0.0018839836120605469
12303,normal,2465,0,1782358535.7919126,0.0021390914916992188
12304,normal,3325,1,1782358535.793717,0.001804351806640625
12305,normal,965,2,1782358535.7957773,0.002060413360595703
12306,normal,3332,1,1782358535.7979145,0.0021371841430664062
12307,normal,3570,0,1782358535.7997177,0.0018031597137451172
12308,normal,1661,0,1782358535.8017778,0.0020601749420166016
12309,normal,3039,0,1782358535.8039093,0.0021314620971679688
12310,normal,2958,0,1782358535.8057172,0.0018079280853271484
12311,normal,1853,0,1782358535.8077812,0.0020639896392822266
12312,normal,211,0,1782358535.8099153,0.002134084701538086
12313,normal,1741,0,1782358535.8117602,0.0018448829650878906
12314,normal,1744,0,1782358535.813725,0.0019648075103759766
12315,normal,2853,0,1782358535.8158042,0.0020792484283447266
12316,normal,2540,0,1782358535.8177023,0.001898050308227539
12317,normal,1933,0,1782358535.8197,0.001997709274291992
12318,normal,3380,1,1782358535.8217106,0.0020105838775634766
12319,normal,1981,0,1782358535.823657,0.0019464492797851562
12320,normal,1681,0,1782358535.8256555,0.001998424530029297
12321,normal,187,0,1782358535.8277123,0.0020568370819091797
12322,normal,1325,1,1782358535.829657,0.0019447803497314453
12323,normal,827,2,1782358535.8317757,0.0021185874938964844
12324,normal,413,0,1782358535.8336537,0.0018780231475830078
12325,normal,2625,0,1782358535.835657,0.002003192901611328
12326,normal,1307,0,1782358535.8376563,0.001999378204345703
12327,normal,657,0,1782358535.8396995,0.0020432472229003906
12328,normal,1476,0,1782358535.841656,0.001956462860107422
12329,normal,1281,0,1782358535.8436575,0.002001523971557617
12330,normal,2355,0,1782358535.8456964,0.0020389556884765625
12331,normal,3529,0,1782358535.8476577,0.001961231231689453
12332,normal,2395,0,1782358535.8496559,0.0019981861114501953
12333,normal,74,0,1782358535.8516984,0.002042531967163086
12334,normal,453,0,1782358535.853658,0.001959562301635742
12335,normal,2608,0,1782358535.8556557,0.001997709274291992
12336,normal,2516,0,1782358535.8576972,0.0020415782928466797
12337,normal,663,0,1782358535.859656,0.0019588470458984375
12338,normal,1447,0,1782358535.8617,0.0020439624786376953
12339,normal,2431,0,1782358535.8637109,0.002010822296142578
12340,normal,2222,0,1782358535.8656547,0.001943826675415039
12341,normal,1140,0,1782358535.867658,0.002003192901611328
12342,normal,3021,0,1782358535.8696983,0.002040386199951172
12343,normal,1129,0,1782358535.8716562,0.0019578933715820312
12344,normal,72,0,1782358535.8736546,0.001998424530029297
12345,normal,2134,0,1782358535.8757048,0.002050161361694336
12346,normal,2902,0,1782358535.8776548,0.0019500255584716797
12347,normal,2224,0,1782358535.8796556,0.0020008087158203125
12348,normal,1972,0,1782358535.8817005,0.0020449161529541016
12349,normal,2159,0,1782358535.8836558,0.001955270767211914
12350,normal,1322,1,1782358535.8856583,0.0020024776458740234
12351,normal,43,0,1782358535.8877127,0.002054452896118164
12352,normal,853,2,1782358535.8896873,0.0019745826721191406
12353,normal,1919,0,1782358535.8916578,0.001970529556274414
12354,normal,2165,0,1782358535.8937004,0.002042531967163086
12355,normal,2953,0,1782358535.8956559,0.0019555091857910156
12356,normal,524,0,1782358535.8976545,0.0019986629486083984
12357,normal,3251,1,1782358535.899705,0.0020503997802734375
12358,normal,925,2,1782358535.901657,0.0019521713256835938
12359,normal,2045,0,1782358535.9036763,0.002019166946411133
12360,normal,1255,0,1782358535.9057372,0.0020608901977539062
12361,normal,802,2,1782358535.9076564,0.0019192695617675781
12362,normal,1532,0,1782358535.9096565,0.002000093460083008
12363,normal,661,0,1782358535.9117026,0.0020461082458496094
12364,normal,1929,0,1782358535.9136581,0.0019555091857910156
12365,normal,583,0,1782358535.9156816,0.002023458480834961
12366,normal,1301,0,1782358535.9177153,0.002033710479736328
12367,normal,2082,0,1782358535.9196532,0.0019378662109375
12368,normal,2834,0,1782358535.9216561,0.0020029544830322266
12369,normal,2109,0,1782358535.9236994,0.0020432472229003906
12370,normal,2201,0,1782358535.9256587,0.0019593238830566406
12371,normal,1135,0,1782358535.9276965,0.0020377635955810547
12372,normal,1344,1,1782358535.9297,0.0020034313201904297
12373,normal,2247,0,1782358535.9316955,0.001995563507080078
12374,normal,3253,1,1782358535.9337263,0.0020308494567871094
12375,normal,2766,0,1782358535.9356992,0.0019729137420654297
12376,normal,481,0,1782358535.937655,0.001955747604370117
12377,normal,3113,1,1782358535.939699,0.0020439624786376953
12378,normal,3430,0,1782358535.9416978,0.0019989013671875
12379,normal,3553,0,1782358535.9436517,0.0019538402557373047
12380,normal,3261,1,1782358535.9457092,0.0020575523376464844
12381,normal,2429,0,1782358535.947708,0.0019986629486083984
12382,normal,2389,0,1782358535.9496555,0.001947641372680664
12383,normal,2921,0,1782358535.9516938,0.002038240432739258
12384,normal,3306,1,1782358535.9537027,0.0020089149475097656
12385,normal,800,2,1782358535.9556556,0.0019528865814208984
12386,normal,1956,0,1782358535.9577105,0.002054929733276367
12387,normal,2324,0,1782358535.9597273,0.002016782760620117
12388,normal,1367,1,1782358535.9616563,0.0019290447235107422
12389,normal,815,2,1782358535.9637003,0.0020439624786376953
12390,normal,1197,0,1782358535.9657016,0.0020012855529785156
12391,normal,1753,0,1782358535.967656,0.001954317092895508
12392,normal,879,2,1782358535.9697108,0.002054929733276367
12393,normal,1683,0,1782358535.9717102,0.001999378204345703
12394,normal,3166,1,1782358535.9736562,0.0019459724426269531
12395,normal,65,0,1782358535.9756975,0.002041339874267578
12396,normal,3244,1,1782358535.9776988,0.0020012855529785156
12397,normal,3611,0,1782358535.9796562,0.001957416534423828
12398,normal,1139,0,1782358535.9817107,0.002054452896118164
12399,normal,1433,0,1782358535.98371,0.001999378204345703
12400,normal,2178,0,1782358535.985656,0.0019459724426269531
12401,normal,2322,0,1782358535.9876983,0.0020422935485839844
12402,normal,2796,0,1782358535.989699,0.002000570297241211
12403,normal,845,2,1782358535.9916523,0.0019533634185791016
12404,normal,257,0,1782358535.9937139,0.002061605453491211
12405,normal,3574,0,1782358535.9957187,0.002004861831665039
12406,normal,2407,0,1782358535.9976594,0.0019407272338867188
12407,normal,2864,0,1782358535.9996989,0.0020394325256347656
12408,normal,3229,1,1782358536.0017085,0.0020096302032470703
12409,normal,111,0,1782358536.0036564,0.0019478797912597656
12410,normal,630,0,1782358536.0056612,0.002004861831665039
12411,normal,317,0,1782358536.007701,0.002039670944213867
12412,normal,3143,1,1782358536.0096567,0.001955747604370117
12413,normal,2509,0,1782358536.0116994,0.0020427703857421875
12414,normal,702,0,1782358536.0137,0.002000570297241211
12415,normal,1931,0,1782358536.0156558,0.001955747604370117
12416,normal,2868,0,1782358536.017716,0.0020601749420166016
12417,normal,2454,0,1782358536.0197036,0.0019876956939697266
12418,normal,2469,0,1782358536.0216584,0.001954793930053711
12419,normal,3262,1,1782358536.0237129,0.002054452896118164
12420,normal,1757,0,1782358536.0257015,0.001988649368286133
12421,normal,1032,0,1782358536.0276566,0.0019550323486328125
12422,normal,1201,0,1782358536.0297096,0.0020530223846435547
12423,normal,2414,0,1782358536.0316985,0.0019888877868652344
12424,normal,1147,0,1782358536.033655,0.001956462860107422
12425,normal,266,0,1782358536.035714,0.0020589828491210938
12426,normal,2243,0,1782358536.0377011,0.0019872188568115234
12427,normal,34,0,1782358536.0396562,0.0019550323486328125
12428,normal,3026,0,1782358536.0417082,0.0020520687103271484
12429,normal,1534,0,1782358536.0436952,0.001986980438232422
12430,normal,2553,0,1782358536.0456557,0.0019605159759521484
12431,normal,2733,0,1782358536.0477154,0.0020596981048583984
12432,normal,1247,0,1782358536.049702,0.0019865036010742188
12433,normal,468,0,1782358536.0516577,0.001955747604370117
12434,normal,2848,0,1782358536.0537088,0.002051115036010742
12435,normal,2241,0,1782358536.055696,0.0019872188568115234
12436,normal,3581,0,1782358536.0576572,0.001961231231689453
12437,normal,1414,0,1782358536.0597546,0.0020973682403564453
12438,normal,1787,0,1782358536.0616572,0.0019025802612304688
12439,normal,438,0,1782358536.0636575,0.0020003318786621094
12440,normal,2017,0,1782358536.0657086,0.002051115036010742
12441,normal,1702,0,1782358536.0677063,0.001997709274291992
12442,normal,890,2,1782358536.0696566,0.0019502639770507812
12443,normal,3096,1,1782358536.0716555,0.0019989013671875
12444,normal,1474,0,1782358536.0737128,0.002057313919067383
12445,normal,1397,0,1782358536.075656,0.0019431114196777344
12446,normal,1254,0,1782358536.0777154,0.002059459686279297
12447,normal,1621,0,1782358536.0797014,0.0019860267639160156
12448,normal,3316,1,1782358536.0816553,0.0019538402557373047
12449,normal,2925,0,1782358536.0837126,0.002057313919067383
12450,normal,606,0,1782358536.0856993,0.0019867420196533203
12451,normal,50,0,1782358536.0876584,0.001959085464477539
12452,normal,2131,0,1782358536.089709,0.002050638198852539
12453,normal,917,2,1782358536.0916972,0.0019881725311279297
12454,normal,491,0,1782358536.0936575,0.001960277557373047
12455,normal,3321,1,1782358536.0957155,0.0020580291748046875
12456,normal,2698,0,1782358536.0977116,0.0019960403442382812
12457,normal,3411,0,1782358536.0996943,0.0019826889038085938
12458,normal,1560,0,1782358536.101657,0.0019626617431640625
12459,normal,284,0,1782358536.1036987,0.0020418167114257812
12460,normal,1162,0,1782358536.1056552,0.001956462860107422
12461,normal,1942,0,1782358536.1077147,0.002059459686279297
12462,normal,2883,0,1782358536.1097043,0.001989603042602539
12463,normal,876,2,1782358536.1116548,0.0019505023956298828
12464,normal,1405,0,1782358536.1137109,0.002056121826171875
12465,normal,1066,0,1782358536.115697,0.0019860267639160156
12466,normal,3266,1,1782358536.1176548,0.0019578933715820312
12467,normal,518,0,1782358536.119716,0.002061128616333008
12468,normal,1525,0,1782358536.1217015,0.0019855499267578125
12469,normal,3704,0,1782358536.1236606,0.001959085464477539
12470,normal,2645,0,1782358536.1256564,0.0019958019256591797
12471,normal,311,0,1782358536.1276984,0.002042055130004883
12472,normal,562,0,1782358536.129675,0.001976490020751953
12473,normal,3466,0,1782358536.1317081,0.002033233642578125
12474,normal,2538,0,1782358536.1336963,0.0019881725311279297
12475,normal,3488,0,1782358536.1356544,0.001958131790161133
12476,normal,1064,0,1782358536.1377137,0.0020592212677001953
12477,normal,2185,0,1782358536.1397078,0.0019941329956054688
12478,normal,2934,0,1782358536.1416543,0.0019464492797851562
12479,normal,475,0,1782358536.1437087,0.002054452896118164
12480,normal,3527,0,1782358536.1456985,0.0019898414611816406
12481,normal,1493,0,1782358536.1476548,0.0019562244415283203
12482,normal,1893,0,1782358536.149714,0.0020592212677001953
12483,normal,263,0,1782358536.1517696,0.002055644989013672
12484,normal,2989,0,1782358536.1536603,0.0018906593322753906
12485,normal,3422,0,1782358536.155716,0.002055644989013672
12486,normal,1505,0,1782358536.1576984,0.001982450485229492
12487,normal,327,0,1782358536.159711,0.002012491226196289
12488,normal,2067,0,1782358536.1617117,0.0020008087158203125
12489,normal,1824,0,1782358536.1636987,0.001986980438232422
12490,normal,1921,0,1782358536.1656573,0.001958608627319336
12491,normal,58,0,1782358536.1676562,0.0019989013671875
12492,normal,1492,0,1782358536.1696997,0.002043485641479492
12493,normal,1778,0,1782358536.1716907,0.0019910335540771484
12494,normal,345,0,1782358536.1736581,0.0019674301147460938
12495,normal,1285,0,1782358536.1756978,0.002039670944213867
12496,normal,1240,0,1782358536.1776555,0.0019576549530029297
12497,normal,717,0,1782358536.1797154,0.0020599365234375
12498,normal,1166,0,1782358536.1816993,0.0019838809967041016
12499,normal,1304,0,1782358536.1836534,0.0019540786743164062
12500,normal,385,0,1782358536.1857104,0.0020570755004882812
12501,normal,1953,0,1782358536.1877012,0.001990795135498047
12502,normal,3556,0,1782358536.189654,0.0019528865814208984
12503,normal,1775,0,1782358536.1917174,0.002063274383544922
12504,normal,1076,0,1782358536.1937034,0.0019860267639160156
12505,normal,1791,0,1782358536.1956964,0.001992940902709961
12506,normal,3311,1,1782358536.1977167,0.0020203590393066406
12507,normal,1419,0,1782358536.1997082,0.0019915103912353516
12508,normal,1528,0,1782358536.2016537,0.00194549560546875
12509,normal,900,2,1782358536.2037144,0.0020606517791748047
12510,normal,3441,0,1782358536.2056987,0.0019843578338623047
12511,normal,1012,2,1782358536.2076554,0.0019567012786865234
12512,normal,2656,0,1782358536.2097082,0.002052783966064453
12513,normal,1631,0,1782358536.2117317,0.002023458480834961
12514,normal,1807,0,1782358536.2136557,0.0019240379333496094
12515,normal,1464,0,1782358536.2157152,0.002059459686279297
12516,normal,3349,1,1782358536.2177038,0.001988649368286133
12517,normal,1701,0,1782358536.2196543,0.0019505023956298828
12518,normal,3317,1,1782358536.2217116,0.002057313919067383
12519,normal,162,0,1782358536.2236989,0.0019872188568115234
12520,normal,168,0,1782358536.2257116,0.0020127296447753906
12521,normal,1466,0,1782358536.2284136,0.002701997756958008
12522,normal,948,2,1782358536.2296348,0.0012211799621582031
12523,normal,3462,0,1782358536.2316504,0.0020155906677246094
12524,normal,3343,1,1782358536.233731,0.002080678939819336
12525,normal,1353,1,1782358536.235706,0.0019750595092773438
12526,normal,2086,0,1782358536.237646,0.001940011978149414
12527,normal,2871,0,1782358536.2397041,0.0020580291748046875
12528,normal,364,0,1782358536.241694,0.0019898414611816406
12529,normal,2124,0,1782358536.243649,0.0019550323486328125
12530,normal,1477,0,1782358536.2457018,0.002052783966064453
12531,normal,1199,0,1782358536.2476876,0.001985788345336914
12532,normal,527,0,1782358536.2496474,0.0019598007202148438
12533,normal,2073,0,1782358536.2516966,0.0020492076873779297
12534,normal,2529,0,1782358536.2536871,0.0019905567169189453
12535,normal,492,0,1782358536.2556477,0.0019605159759521484
12536,normal,1027,2,1782358536.2576978,0.002050161361694336
12537,normal,2587,0,1782358536.2596872,0.0019893646240234375
12538,normal,2822,0,1782358536.261647,0.0019598007202148438
12539,normal,1920,0,1782358536.2637005,0.002053499221801758
12540,normal,1836,0,1782358536.2656887,0.0019881725311279297
12541,normal,1270,0,1782358536.2676468,0.001958131790161133
12542,normal,2867,0,1782358536.2696986,0.002051830291748047
12543,normal,775,2,1782358536.2716942,0.001995563507080078
12544,normal,488,0,1782358536.2736514,0.0019571781158447266
12545,normal,473,0,1782358536.2757018,0.0020503997802734375
12546,normal,32,0,1782358536.2776945,0.0019927024841308594
12547,normal,1847,0,1782358536.2796495,0.0019550323486328125
12548,normal,2466,0,1782358536.2816987,0.0020492076873779297
12549,normal,567,0,1782358536.2836895,0.001990795135498047
12550,normal,3701,0,1782358536.2856483,0.0019588470458984375
12551,normal,2877,0,1782358536.2877028,0.002054452896118164
12552,normal,15,0,1782358536.2896922,0.0019893646240234375
12553,normal,2192,0,1782358536.2916465,0.001954317092895508
12554,normal,905,2,1782358536.293698,0.0020515918731689453
12555,normal,1632,0,1782358536.2957053,0.0020072460174560547
12556,normal,3506,0,1782358536.2979012,0.0021958351135253906
12557,normal,2588,0,1782358536.2996845,0.0017833709716796875
12558,normal,2788,0,1782358536.301712,0.0020275115966796875
12559,normal,1211,0,1782358536.3036776,0.0019655227661132812
12560,normal,1777,0,1782358536.3056774,0.0019998550415039062
12561,normal,2660,0,1782358536.3077126,0.0020351409912109375
12562,normal,3005,0,1782358536.3096786,0.0019659996032714844
12563,normal,1107,0,1782358536.3116755,0.0019969940185546875
12564,normal,3137,1,1782358536.3137844,0.0021088123321533203
12565,normal,2254,0,1782358536.3156865,0.0019021034240722656
12566,normal,918,2,1782358536.3177276,0.0020411014556884766
12567,normal,2406,0,1782358536.3197207,0.0019931793212890625
12568,normal,3135,1,1782358536.321683,0.0019621849060058594
12569,normal,2594,0,1782358536.3236532,0.0019702911376953125
12570,normal,1383,0,1782358536.3256555,0.002002239227294922
12571,normal,3091,1,1782358536.3277485,0.002093076705932617
12572,normal,1117,0,1782358536.3297513,0.002002716064453125
12573,normal,878,2,1782358536.331639,0.0018877983093261719
12574,normal,114,0,1782358536.3338544,0.0022153854370117188
12575,normal,1331,1,1782358536.3356793,0.0018248558044433594
12576,normal,1991,0,1782358536.3378,0.0021207332611083984
12577,normal,674,0,1782358536.3396795,0.0018794536590576172
12578,normal,3706,0,1782358536.3416755,0.0019960403442382812
12579,normal,1033,0,1782358536.3437054,0.002029895782470703
12580,normal,983,2,1782358536.3456786,0.0019731521606445312
12581,normal,2094,0,1782358536.3477077,0.0020291805267333984
12582,normal,3281,1,1782358536.349731,0.0020232200622558594
12583,normal,1781,0,1782358536.3517382,0.0020072460174560547
12584,normal,644,0,1782358536.3537312,0.001992940902709961
12585,normal,2446,0,1782358536.3557158,0.0019845962524414062
12586,normal,2699,0,1782358536.3576572,0.0019414424896240234
12587,normal,1471,0,1782358536.3596575,0.0020003318786621094
12588,normal,2266,0,1782358536.3617146,0.0020570755004882812
12589,normal,2291,0,1782358536.3636563,0.001941680908203125
12590,normal,3215,1,1782358536.365714,0.002057790756225586
12591,normal,2551,0,1782358536.3676975,0.0019834041595458984
12592,normal,3328,1,1782358536.3696585,0.0019609928131103516
12593,normal,1024,2,1782358536.3717208,0.0020623207092285156
12594,normal,3259,1,1782358536.3737204,0.0019996166229248047
12595,normal,2176,0,1782358536.3756826,0.0019621849060058594
12596,normal,2007,0,1782358536.377717,0.002034425735473633
12597,normal,9,0,1782358536.3797,0.0019829273223876953
12598,normal,2010,0,1782358536.381654,0.0019540786743164062
12599,normal,2550,0,1782358536.3837137,0.0020596981048583984
12600,normal,1992,0,1782358536.3856993,0.0019855499267578125
12601,normal,1536,0,1782358536.387653,0.0019538402557373047
12602,normal,220,0,1782358536.389711,0.002057790756225586
12603,normal,1244,0,1782358536.3916953,0.0019843578338623047
12604,normal,1622,0,1782358536.393656,0.00196075439453125
12605,normal,1213,0,1782358536.3957133,0.002057313919067383
12606,normal,155,0,1782358536.3977,0.0019867420196533203
12607,normal,3250,1,1782358536.3996828,0.0019826889038085938
12608,normal,1994,0,1782358536.401719,0.0020363330841064453
12609,normal,474,0,1782358536.4037008,0.0019817352294921875
12610,normal,3666,0,1782358536.4056559,0.0019550323486328125
12611,normal,2527,0,1782358536.4077132,0.002057313919067383
12612,normal,509,0,1782358536.4097013,0.0019881725311279297
12613,normal,3280,1,1782358536.4116564,0.0019550323486328125
12614,normal,929,2,1782358536.4137166,0.0020601749420166016
12615,normal,3302,1,1782358536.415703,0.0019865036010742188
12616,normal,896,2,1782358536.4176552,0.0019521713256835938
12617,normal,70,0,1782358536.4197145,0.0020592212677001953
12618,normal,2426,0,1782358536.421703,0.001988649368286133
12619,normal,602,0,1782358536.4236867,0.001983642578125
12620,normal,2668,0,1782358536.4256802,0.001993417739868164
12621,normal,391,0,1782358536.4277139,0.002033710479736328
12622,normal,3503,0,1782358536.429656,0.0019421577453613281
12623,normal,2846,0,1782358536.4317155,0.002059459686279297
12624,normal,1784,0,1782358536.4337003,0.001984834671020508
12625,normal,2768,0,1782358536.4356575,0.0019571781158447266
12626,normal,603,0,1782358536.4377153,0.002057790756225586
12627,normal,582,0,1782358536.4396973,0.001981973648071289
12628,normal,1048,0,1782358536.441656,0.0019588470458984375
12629,normal,713,0,1782358536.4437156,0.002059459686279297
12630,normal,2584,0,1782358536.4456997,0.001984119415283203
12631,normal,1985,0,1782358536.4476557,0.0019559860229492188
12632,normal,3178,1,1782358536.449681,0.0020253658294677734
12633,normal,1245,0,1782358536.4517035,0.0020225048065185547
12634,normal,3571,0,1782358536.453654,0.0019505023956298828
12635,normal,779,2,1782358536.4557142,0.0020601749420166016
12636,normal,1814,0,1782358536.4577131,0.0019989013671875
12637,normal,1839,0,1782358536.459654,0.0019409656524658203
12638,normal,1731,0,1782358536.4617126,0.0020585060119628906
12639,normal,1628,0,1782358536.4637053,0.0019927024841308594
12640,normal,2050,0,1782358536.4656541,0.0019488334655761719
12641,normal,1978,0,1782358536.4676974,0.0020432472229003906
12642,normal,1818,0,1782358536.4697392,0.0020418167114257812
12643,normal,747,0,1782358536.4716575,0.0019183158874511719
12644,normal,598,0,1782358536.4737415,0.002084016799926758
12645,normal,1664,0,1782358536.4756792,0.0019376277923583984
12646,normal,3586,0,1782358536.4776566,0.0019774436950683594
12647,normal,1453,0,1782358536.479713,0.0020563602447509766
12648,normal,322,0,1782358536.4816988,0.001985788345336914
12649,normal,3384,1,1782358536.4836557,0.001956939697265625
12650,normal,1265,0,1782358536.4857194,0.002063751220703125
12651,normal,2480,0,1782358536.4877038,0.0019843578338623047
12652,normal,2604,0,1782358536.4896774,0.0019736289978027344
12653,normal,3354,1,1782358536.4917145,0.00203704833984375
12654,normal,1380,1,1782358536.4937036,0.001989126205444336
12655,normal,599,0,1782358536.4956558,0.0019521713256835938
12656,normal,3413,0,1782358536.4977176,0.0020618438720703125
12657,normal,928,2,1782358536.4997053,0.0019876956939697266
12658,normal,3074,1,1782358536.5016553,0.0019500255584716797
12659,normal,368,0,1782358536.5037143,0.0020589828491210938
12660,normal,766,0,1782358536.5057,0.001985788345336914
12661,normal,1554,0,1782358536.507678,0.0019779205322265625
12662,normal,3645,0,1782358536.5097153,0.0020372867584228516
12663,normal,2582,0,1782358536.5116982,0.0019829273223876953
12664,normal,664,0,1782358536.513654,0.001955747604370117
12665,normal,3023,0,1782358536.5157123,0.002058267593383789
12666,normal,1212,0,1782358536.5177155,0.002003192901611328
12667,normal,254,0,1782358536.5196733,0.0019578933715820312
12668,normal,995,2,1782358536.521715,0.0020415782928466797
12669,normal,723,0,1782358536.5237234,0.0020084381103515625
12670,normal,3239,1,1782358536.5256865,0.0019631385803222656
12671,normal,2171,0,1782358536.5277143,0.002027750015258789
12672,normal,2998,0,1782358536.529697,0.0019826889038085938
12673,normal,3376,1,1782358536.5316541,0.0019571781158447266
12674,normal,2737,0,1782358536.5337095,0.0020554065704345703
12675,normal,1575,0,1782358536.5357046,0.001995086669921875
12676,normal,848,2,1782358536.5376534,0.0019488334655761719
12677,normal,1480,0,1782358536.5397081,0.0020546913146972656
12678,normal,2508,0,1782358536.5416965,0.0019884109497070312
12679,normal,2292,0,1782358536.5436556,0.001959085464477539
12680,normal,1248,0,1782358536.5457144,0.002058744430541992
12681,normal,2580,0,1782358536.5477083,0.001993894577026367
12682,normal,3667,0,1782358536.5496573,0.0019490718841552734
12683,normal,1993,0,1782358536.5517151,0.002057790756225586
12684,normal,2504,0,1782358536.5537117,0.0019965171813964844
12685,normal,1888,0,1782358536.555656,0.0019443035125732422
12686,normal,275,0,1782358536.557715,0.0020589828491210938
12687,normal,780,2,1782358536.5596998,0.001984834671020508
12688,normal,2810,0,1782358536.561689,0.001989126205444336
12689,normal,382,0,1782358536.563715,0.002026081085205078
12690,normal,1203,0,1782358536.5657048,0.0019898414611816406
12691,normal,1455,0,1782358536.567653,0.0019481182098388672
12692,normal,3365,1,1782358536.5697093,0.0020563602447509766
12693,normal,2347,0,1782358536.5716953,0.0019860267639160156
12694,normal,358,0,1782358536.573655,0.001959562301635742
12695,normal,2900,0,1782358536.5757048,0.0020499229431152344
12696,normal,1448,0,1782358536.5776966,0.001991748809814453
12697,normal,1567,0,1782358536.5796545,0.0019578933715820312
12698,normal,1054,0,1782358536.581654,0.0019996166229248047
12699,normal,1845,0,1782358536.5836997,0.0020456314086914062
12700,normal,1648,0,1782358536.5856543,0.0019545555114746094
12701,normal,3405,0,1782358536.587708,0.0020537376403808594
12702,normal,1841,0,1782358536.5896988,0.001990795135498047
12703,normal,2946,0,1782358536.5916536,0.001954793930053711
12704,normal,2997,0,1782358536.5937114,0.002057790756225586
12705,normal,2441,0,1782358536.595698,0.0019867420196533203
12706,normal,1221,0,1782358536.5976553,0.0019571781158447266
12707,normal,2983,0,1782358536.5997071,0.002051830291748047
12708,normal,720,0,1782358536.6016967,0.001989603042602539
12709,normal,692,0,1782358536.6036544,0.0019576549530029297
12710,normal,2360,0,1782358536.6057072,0.002052783966064453
12711,normal,1390,0,1782358536.6076946,0.001987457275390625
12712,normal,2343,0,1782358536.6096566,0.001961946487426758
12713,normal,302,0,1782358536.6117053,0.0020487308502197266
12714,normal,3220,1,1782358536.6136963,0.0019910335540771484
12715,normal,201,0,1782358536.6156552,0.0019588470458984375
12716,normal,961,2,1782358536.6177104,0.0020551681518554688
12717,normal,1070,0,1782358536.619696,0.0019855499267578125
12718,normal,1894,0,1782358536.6216538,0.0019578933715820312
12719,normal,12,0,1782358536.6237066,0.002052783966064453
12720,normal,2105,0,1782358536.6257012,0.001994609832763672
12721,normal,1735,0,1782358536.627656,0.001954793930053711
12722,normal,3575,0,1782358536.629716,0.0020599365234375
12723,normal,1786,0,1782358536.6316934,0.0019774436950683594
12724,normal,755,0,1782358536.6336524,0.001959085464477539
12725,normal,2038,0,1782358536.6357028,0.0020503997802734375
12726,normal,84,0,1782358536.6376996,0.001996755599975586
12727,normal,246,0,1782358536.6396542,0.0019545555114746094
12728,normal,676,0,1782358536.641707,0.002052783966064453
12729,normal,3111,1,1782358536.64371,0.0020029544830322266
12730,normal,1986,0,1782358536.6456537,0.001943826675415039
12731,normal,3213,1,1782358536.6477106,0.0020568370819091797
12732,normal,132,0,1782358536.6497,0.0019893646240234375
12733,normal,1524,0,1782358536.6516528,0.0019528865814208984
12734,normal,3035,0,1782358536.6537092,0.0020563602447509766
12735,normal,2303,0,1782358536.6556969,0.0019876956939697266
12736,normal,3618,0,1782358536.6576555,0.001958608627319336
12737,normal,3498,0,1782358536.6597106,0.0020551681518554688
12738,normal,1386,0,1782358536.6616976,0.001986980438232422
12739,normal,1957,0,1782358536.6636522,0.0019545555114746094
12740,normal,504,0,1782358536.6657274,0.0020751953125
12741,normal,1351,1,1782358536.6676984,0.001971006393432617
12742,normal,1084,0,1782358536.6696563,0.0019578933715820312
12743,normal,237,0,1782358536.6717076,0.0020513534545898438
12744,normal,2787,0,1782358536.6736944,0.0019867420196533203
12745,normal,2008,0,1782358536.6756518,0.001957416534423828
12746,normal,3296,1,1782358536.6777062,0.002054452896118164
12747,normal,2574,0,1782358536.6796954,0.001989126205444336
12748,normal,1710,0,1782358536.6816537,0.0019583702087402344
12749,normal,1026,2,1782358536.683705,0.0020513534545898438
12750,normal,2033,0,1782358536.6856954,0.0019903182983398438
12751,normal,1678,0,1782358536.6876523,0.001956939697265625
12752,normal,628,0,1782358536.6897078,0.0020554065704345703
12753,normal,1340,1,1782358536.6917412,0.0020334720611572266
12754,normal,1902,0,1782358536.6936796,0.0019383430480957031
12755,normal,370,0,1782358536.695712,0.0020325183868408203
12756,normal,2649,0,1782358536.6976986,0.0019865036010742188
12757,normal,63,0,1782358536.699654,0.0019555091857910156
12758,normal,2158,0,1782358536.7017121,0.0020580291748046875
12759,normal,837,2,1782358536.7036998,0.0019876956939697266
12760,normal,3201,1,1782358536.7056525,0.0019526481628417969
12761,normal,126,0,1782358536.7077074,0.002054929733276367
12762,normal,3145,1,1782358536.7096968,0.0019893646240234375
12763,normal,1138,0,1782358536.7116966,0.0019998550415039062
12764,normal,1346,1,1782358536.713717,0.0020203590393066406
12765,normal,2499,0,1782358536.7157028,0.001985788345336914
12766,normal,1,0,1782358536.7176535,0.0019507408142089844
12767,normal,687,0,1782358536.7197077,0.0020542144775390625
12768,normal,206,0,1782358536.7217002,0.001992464065551758
12769,normal,1565,0,1782358536.7236528,0.0019526481628417969
12770,normal,3019,0,1782358536.7257106,0.002057790756225586
12771,normal,1087,0,1782358536.7276955,0.001984834671020508
12772,normal,118,0,1782358536.7296543,0.0019588470458984375
12773,normal,218,0,1782358536.7317073,0.0020530223846435547
12774,normal,3662,0,1782358536.7337,0.0019927024841308594
12775,normal,2048,0,1782358536.7356522,0.0019521713256835938
12776,normal,1313,0,1782358536.7377045,0.00205230712890625
12777,normal,1401,0,1782358536.7396934,0.0019888877868652344
12778,normal,2624,0,1782358536.7416515,0.001958131790161133
12779,normal,942,2,1782358536.743703,0.0020513534545898438
12780,normal,2261,0,1782358536.745695,0.0019922256469726562
12781,normal,2616,0,1782358536.7476525,0.001957416534423828
12782,normal,1235,0,1782358536.7496567,0.0020041465759277344
12783,normal,1321,1,1782358536.7517016,0.0020449161529541016
12784,normal,2318,0,1782358536.753655,0.0019533634185791016
12785,normal,709,0,1782358536.7557063,0.0020513534545898438
12786,normal,2678,0,1782358536.757695,0.001988649368286133
12787,normal,2961,0,1782358536.7597053,0.002010345458984375
12788,normal,2071,0,1782358536.761654,0.0019485950469970703
12789,normal,1217,0,1782358536.763697,0.002043008804321289
12790,normal,1010,2,1782358536.7656543,0.001957416534423828
12791,normal,2895,0,1782358536.7677062,0.002051830291748047
12792,normal,2269,0,1782358536.7696984,0.0019922256469726562
12793,normal,1371,1,1782358536.7716548,0.001956462860107422
12794,normal,2100,0,1782358536.7737072,0.00205230712890625
12795,normal,2521,0,1782358536.7757137,0.00200653076171875
12796,normal,1379,1,1782358536.7776527,0.0019390583038330078
12797,normal,3445,0,1782358536.7797065,0.0020537376403808594
12798,normal,2422,0,1782358536.7816987,0.0019922256469726562
12799,normal,1871,0,1782358536.783654,0.001955270767211914
12800,normal,292,0,1782358536.7857068,0.002052783966064453
12801,normal,2623,0,1782358536.7876968,0.001990079879760742
12802,normal,2702,0,1782358536.7896502,0.0019533634185791016
12803,normal,1077,0,1782358536.791706,0.0020558834075927734
12804,normal,2447,0,1782358536.7936964,0.0019903182983398438
12805,normal,443,0,1782358536.7956538,0.001957416534423828
12806,normal,2666,0,1782358536.7977092,0.0020554065704345703
12807,normal,216,0,1782358536.7996972,0.001987934112548828
12808,normal,3193,1,1782358536.8016512,0.0019540786743164062
12809,normal,1176,0,1782358536.8037076,0.0020563602447509766
12810,normal,1868,0,1782358536.805697,0.0019893646240234375
12811,normal,1600,0,1782358536.807653,0.0019559860229492188
12812,normal,1133,0,1782358536.8097062,0.0020532608032226562
12813,normal,2559,0,1782358536.811696,0.0019898414611816406
12814,normal,2831,0,1782358536.8136528,0.0019567012786865234
12815,normal,400,0,1782358536.8157208,0.002068042755126953
12816,normal,3102,1,1782358536.817699,0.001978158950805664
12817,normal,864,2,1782358536.8196542,0.001955270767211914
12818,normal,669,0,1782358536.8217075,0.0020532608032226562
12819,normal,1011,2,1782358536.8236983,0.001990795135498047
12820,normal,2041,0,1782358536.825692,0.0019936561584472656
12821,normal,1869,0,1782358536.827795,0.002103090286254883
12822,normal,349,0,1782358536.8296814,0.0018863677978515625
12823,normal,1965,0,1782358536.8317175,0.0020360946655273438
12824,normal,2421,0,1782358536.8337142,0.001996755599975586
12825,normal,662,0,1782358536.8357003,0.0019860267639160156
12826,normal,3197,1,1782358536.8376527,0.0019524097442626953
12827,normal,1595,0,1782358536.8397148,0.002062082290649414
12828,normal,2316,0,1782358536.8416972,0.001982450485229492
12829,normal,2456,0,1782358536.8437028,0.0020055770874023438
12830,normal,2979,0,1782358536.8457234,0.002020597457885742
12831,normal,1266,0,1782358536.8476975,0.0019741058349609375
12832,normal,407,0,1782358536.8496528,0.001955270767211914
12833,normal,1578,0,1782358536.8517108,0.0020580291748046875
12834,normal,2918,0,1782358536.853695,0.001984119415283203
12835,normal,2090,0,1782358536.8556511,0.0019562244415283203
12836,normal,27,0,1782358536.8577101,0.0020589828491210938
12837,normal,2726,0,1782358536.859701,0.001990795135498047
12838,normal,1531,0,1782358536.861654,0.001953125
12839,normal,3450,0,1782358536.8637154,0.0020613670349121094
12840,normal,3346,1,1782358536.865699,0.001983642578125
12841,normal,1588,0,1782358536.8676548,0.001955747604370117
12842,normal,1121,0,1782358536.8697133,0.0020585060119628906
12843,normal,3668,0,1782358536.8717024,0.001989126205444336
12844,normal,1692,0,1782358536.8736541,0.0019516944885253906
12845,normal,3061,1,1782358536.8757098,0.002055644989013672
12846,normal,2819,0,1782358536.8777,0.0019903182983398438
12847,normal,1891,0,1782358536.879656,0.0019559860229492188
12848,normal,2951,0,1782358536.881707,0.0020508766174316406
12849,normal,893,2,1782358536.8836994,0.001992464065551758
12850,normal,1624,0,1782358536.8856568,0.001957416534423828
12851,normal,3482,0,1782358536.8877113,0.002054452896118164
12852,normal,3696,0,1782358536.8896992,0.001987934112548828
12853,normal,2870,0,1782358536.8916578,0.001958608627319336
12854,normal,3629,0,1782358536.8937166,0.002058744430541992
12855,normal,2386,0,1782358536.8957007,0.001984119415283203
12856,normal,2930,0,1782358536.8976843,0.001983642578125
12857,normal,1174,0,1782358536.8997138,0.0020294189453125
12858,normal,545,0,1782358536.9017031,0.0019893646240234375
12859,normal,2081,0,1782358536.9036531,0.0019500255584716797
12860,normal,2669,0,1782358536.905713,0.0020599365234375
12861,normal,891,2,1782358536.9076967,0.001983642578125
12862,normal,2055,0,1782358536.909687,0.0019903182983398438
12863,normal,3373,1,1782358536.911711,0.002023935317993164
12864,normal,325,0,1782358536.9136972,0.001986265182495117
12865,normal,323,0,1782358536.9156537,0.001956462860107422
12866,normal,1126,0,1782358536.9177086,0.002054929733276367
12867,normal,1697,0,1782358536.9196963,0.0019876956939697266
12868,normal,708,0,1782358536.9216545,0.001958131790161133
12869,normal,574,0,1782358536.9237092,0.0020546913146972656
12870,normal,172,0,1782358536.9257004,0.00199127197265625
12871,normal,230,0,1782358536.9276545,0.0019540786743164062
12872,normal,3675,0,1782358536.9297092,0.0020546913146972656
12873,normal,3013,0,1782358536.9316957,0.0019865036010742188
12874,normal,324,0,1782358536.9336545,0.0019588470458984375
12875,normal,3050,1,1782358536.935773,0.002118349075317383
12876,normal,2828,0,1782358536.9377282,0.001955270767211914
12877,normal,2927,0,1782358536.9399009,0.002172708511352539
12878,normal,2603,0,1782358536.9417214,0.0018205642700195312
12879,normal,937,2,1782358536.94389,0.0021686553955078125
12880,normal,3054,1,1782358536.9457219,0.0018317699432373047
12881,normal,3702,0,1782358536.9478884,0.0021665096282958984
12882,normal,3105,1,1782358536.949722,0.0018336772918701172
12883,normal,1597,0,1782358536.9518402,0.0021181106567382812
12884,normal,541,0,1782358536.9541159,0.002275705337524414
12885,normal,2931,0,1782358536.9557939,0.0016779899597167969
12886,normal,943,2,1782358536.9578996,0.002105712890625
12887,normal,3255,1,1782358536.9599128,0.0020132064819335938
12888,normal,1820,0,1782358536.9617295,0.0018167495727539062
12889,normal,2418,0,1782358536.9638956,0.0021660327911376953
12890,normal,3293,1,1782358536.965728,0.0018324851989746094
12891,normal,2940,0,1782358536.9679008,0.002172708511352539
12892,normal,572,0,1782358536.9697263,0.001825571060180664
12893,normal,625,0,1782358536.9719408,0.0022144317626953125
12894,normal,1906,0,1782358536.973726,0.0017852783203125
12895,normal,1483,0,1782358536.9758954,0.002169370651245117
12896,normal,880,2,1782358536.9777253,0.0018298625946044922
12897,normal,1569,0,1782358536.9799001,0.002174854278564453
12898,normal,313,0,1782358536.9817255,0.0018253326416015625
12899,normal,3551,0,1782358536.9839232,0.002197742462158203
12900,normal,151,0,1782358536.9857273,0.0018041133880615234
12901,normal,2197,0,1782358536.987894,0.002166748046875
12902,normal,1374,1,1782358536.989727,0.0018329620361328125
12903,normal,1403,0,1782358536.9919028,0.0021758079528808594
12904,normal,3674,0,1782358536.9937258,0.0018229484558105469
12905,normal,2032,0,1782358536.9959283,0.0022025108337402344
12906,normal,1218,0,1782358536.9977455,0.0018172264099121094
12907,normal,3331,1,1782358536.9999053,0.0021598339080810547
12908,normal,1043,0,1782358537.0017905,0.0018851757049560547
12909,normal,856,2,1782358537.0039082,0.002117633819580078
12910,normal,3027,0,1782358537.0057302,0.0018219947814941406
12911,normal,2326,0,1782358537.0079408,0.0022106170654296875
12912,normal,6,0,1782358537.0097272,0.0017864704132080078
12913,normal,986,2,1782358537.0119054,0.002178192138671875
12914,normal,1603,0,1782358537.0137265,0.0018210411071777344
12915,normal,590,0,1782358537.0159063,0.002179861068725586
12916,normal,2974,0,1782358537.017728,0.001821756362915039
12917,normal,2125,0,1782358537.0199027,0.0021746158599853516
12918,normal,3428,0,1782358537.021728,0.0018253326416015625
12919,normal,2687,0,1782358537.0239067,0.002178668975830078
12920,normal,379,0,1782358537.0257268,0.0018200874328613281
12921,normal,3089,1,1782358537.0279078,0.0021810531616210938
12922,normal,3703,0,1782358537.0297287,0.0018208026885986328
12923,normal,2217,0,1782358537.0319512,0.0022225379943847656
12924,normal,1690,0,1782358537.0337322,0.0017809867858886719
12925,normal,2483,0,1782358537.0359008,0.0021686553955078125
12926,normal,2605,0,1782358537.0377316,0.0018308162689208984
12927,normal,2069,0,1782358537.03973,0.001998424530029297
12928,normal,1273,0,1782358537.041904,0.002173900604248047
12929,normal,458,0,1782358537.0437984,0.0018944740295410156
12930,normal,595,0,1782358537.0459065,0.0021080970764160156
12931,normal,104,0,1782358537.0477293,0.0018227100372314453
12932,normal,954,2,1782358537.0499573,0.0022280216217041016
12933,normal,2602,0,1782358537.0517275,0.0017702579498291016
12934,normal,1349,1,1782358537.0539036,0.002176046371459961
12935,normal,2558,0,1782358537.055805,0.001901388168334961
12936,normal,2167,0,1782358537.0579038,0.0020987987518310547
12937,normal,200,0,1782358537.059729,0.0018253326416015625
12938,normal,1596,0,1782358537.0619323,0.002203226089477539
12939,normal,1434,0,1782358537.0637283,0.0017960071563720703
12940,normal,1619,0,1782358537.065905,0.0021767616271972656
12941,normal,93,0,1782358537.0677273,0.0018222332000732422
12942,normal,1934,0,1782358537.0699067,0.002179384231567383
12943,normal,3479,0,1782358537.0717285,0.001821756362915039
12944,normal,2700,0,1782358537.0739036,0.0021750926971435547
12945,normal,2021,0,1782358537.0757277,0.0018241405487060547
12946,normal,197,0,1782358537.0779045,0.0021767616271972656
12947,normal,3523,0,1782358537.079732,0.0018274784088134766
12948,normal,2988,0,1782358537.0819046,0.002172708511352539
12949,normal,502,0,1782358537.0837274,0.0018227100372314453
12950,normal,1510,0,1782358537.085909,0.002181529998779297
12951,normal,128,0,1782358537.087728,0.0018191337585449219
12952,normal,1316,0,1782358537.0899057,0.002177715301513672
12953,normal,199,0,1782358537.0917323,0.0018265247344970703
12954,normal,579,0,1782358537.0939155,0.002183198928833008
12955,normal,1309,0,1782358537.0957277,0.0018122196197509766
12956,normal,859,2,1782358537.0979047,0.002177000045776367
12957,normal,2239,0,1782358537.0997252,0.0018205642700195312
12958,normal,1078,0,1782358537.101726,0.0020008087158203125
12959,normal,366,0,1782358537.103917,0.002190828323364258
12960,normal,530,0,1782358537.10573,0.0018131732940673828
12961,normal,558,0,1782358537.1079037,0.0021736621856689453
12962,normal,2647,0,1782358537.1097438,0.0018401145935058594
12963,normal,106,0,1782358537.1119022,0.0021584033966064453
12964,normal,3385,1,1782358537.1137257,0.00182342529296875
12965,normal,60,0,1782358537.1159158,0.002190113067626953
12966,normal,3073,1,1782358537.1177258,0.0018100738525390625
12967,normal,658,0,1782358537.119905,0.0021791458129882812
12968,normal,304,0,1782358537.1217258,0.0018208026885986328
12969,normal,3237,1,1782358537.1239038,0.0021779537200927734
12970,normal,909,2,1782358537.1257255,0.001821756362915039
12971,normal,2267,0,1782358537.1278925,0.0021669864654541016
12972,normal,2885,0,1782358537.129726,0.0018334388732910156
12973,normal,2935,0,1782358537.1319015,0.002175569534301758
12974,normal,1830,0,1782358537.133727,0.001825571060180664
12975,normal,3511,0,1782358537.1359046,0.0021774768829345703
12976,normal,2564,0,1782358537.1377332,0.0018286705017089844
12977,normal,2780,0,1782358537.1398969,0.0021636486053466797
12978,normal,3685,0,1782358537.1417246,0.0018277168273925781
12979,normal,639,0,1782358537.1439016,0.002177000045776367
12980,normal,866,2,1782358537.1457567,0.0018551349639892578
12981,normal,798,2,1782358537.1479068,0.0021500587463378906
12982,normal,1581,0,1782358537.1497283,0.0018215179443359375
12983,normal,934,2,1782358537.1519046,0.0021762847900390625
12984,normal,3654,0,1782358537.1537268,0.0018222332000732422
12985,normal,3566,0,1782358537.1559021,0.0021753311157226562
12986,normal,3241,1,1782358537.1577623,0.0018601417541503906
12987,normal,1220,0,1782358537.159906,0.0021436214447021484
12988,normal,138,0,1782358537.1617277,0.001821756362915039
12989,normal,3406,0,1782358537.163906,0.0021784305572509766
12990,normal,2253,0,1782358537.1657264,0.0018203258514404297
12991,normal,3015,0,1782358537.1679018,0.0021753311157226562
12992,normal,2116,0,1782358537.1697648,0.0018630027770996094
12993,normal,1740,0,1782358537.1719024,0.0021376609802246094
12994,normal,760,0,1782358537.173725,0.0018224716186523438
12995,normal,2138,0,1782358537.1759014,0.002176523208618164
12996,normal,3275,1,1782358537.177744,0.001842498779296875
12997,normal,3273,1,1782358537.1799023,0.0021584033966064453
12998,normal,2681,0,1782358537.1817255,0.0018231868743896484
12999,normal,10,0,1782358537.1839037,0.002178192138671875
13000,normal,2142,0,1782358537.1857302,0.0018265247344970703
13001,normal,2378,0,1782358537.1879163,0.0021860599517822266
13002,normal,765,0,1782358537.1897242,0.0018079280853271484
13003,normal,1767,0,1782358537.1919022,0.0021779537200927734
13004,normal,3342,1,1782358537.1937246,0.0018224716186523438
13005,normal,3549,0,1782358537.195902,0.0021774768829345703
13006,normal,1475,0,1782358537.1977258,0.0018236637115478516
13007,normal,134,0,1782358537.1999216,0.0021958351135253906
13008,normal,973,2,1782358537.2017264,0.0018048286437988281
13009,normal,299,0,1782358537.203906,0.0021796226501464844
13010,normal,406,0,1782358537.205768,0.0018620491027832031
13011,normal,1521,0,1782358537.2079074,0.0021393299102783203
13012,normal,3208,1,1782358537.209728,0.0018205642700195312
13013,normal,3058,1,1782358537.2119274,0.002199411392211914
13014,normal,3484,0,1782358537.2137263,0.001798868179321289
13015,normal,3672,0,1782358537.2159085,0.0021822452545166016
13016,normal,3101,1,1782358537.2177708,0.0018622875213623047
13017,normal,1612,0,1782358537.2199051,0.0021343231201171875
13018,normal,3614,0,1782358537.2217257,0.0018205642700195312
13019,normal,3439,0,1782358537.2239323,0.002206563949584961
13020,normal,2199,0,1782358537.2257278,0.0017955303192138672
13021,normal,1900,0,1782358537.2279098,0.0021820068359375
13022,normal,1250,0,1782358537.2297764,0.0018665790557861328
13023,normal,2837,0,1782358537.2320387,0.0022623538970947266
13024,normal,2718,0,1782358537.233725,0.0016863346099853516
13025,normal,3338,1,1782358537.235936,0.002210855484008789
13026,normal,1179,0,1782358537.2377267,0.001790761947631836
13027,normal,731,0,1782358537.2399068,0.0021800994873046875
13028,normal,1695,0,1782358537.2417803,0.0018734931945800781
13029,normal,418,0,1782358537.2439065,0.0021262168884277344
13030,normal,19,0,1782358537.2457254,0.0018188953399658203
13031,normal,258,0,1782358537.2479076,0.0021822452545166016
13032,normal,2385,0,1782358537.249726,0.0018184185028076172
13033,normal,1988,0,1782358537.2519057,0.0021796226501464844
13034,normal,1627,0,1782358537.2537856,0.0018799304962158203
13035,normal,1282,0,1782358537.2559059,0.0021202564239501953
13036,normal,3198,1,1782358537.2577264,0.0018205642700195312
13037,normal,1490,0,1782358537.2599046,0.002178192138671875
13038,normal,1171,0,1782358537.2617264,0.001821756362915039
13039,normal,3404,0,1782358537.2639055,0.0021791458129882812
13040,normal,173,0,1782358537.2657905,0.0018849372863769531
13041,normal,3633,0,1782358537.2679071,0.002116680145263672
13042,normal,2950,0,1782358537.2697272,0.0018200874328613281
13043,normal,3558,0,1782358537.2719502,0.0022230148315429688
13044,normal,3210,1,1782358537.2737286,0.0017783641815185547
13045,normal,2344,0,1782358537.2759054,0.0021767616271972656
13046,normal,3128,1,1782358537.2777948,0.0018894672393798828
13047,normal,2490,0,1782358537.2799084,0.0021135807037353516
13048,normal,354,0,1782358537.2817278,0.0018193721771240234
13049,normal,3037,0,1782358537.2839072,0.002179384231567383
13050,normal,2547,0,1782358537.285726,0.0018188953399658203
13051,normal,3003,0,1782358537.2877305,0.002004384994506836
13052,normal,2097,0,1782358537.2899587,0.002228260040283203
13053,normal,3263,1,1782358537.2917287,0.00177001953125
13054,normal,2126,0,1782358537.2937255,0.001996755599975586
13055,normal,2479,0,1782358537.295963,0.002237558364868164
13056,normal,1962,0,1782358537.2977278,0.0017647743225097656
13057,normal,1041,0,1782358537.2997296,0.0020017623901367188
13058,normal,951,2,1782358537.3018765,0.0021469593048095703
13059,normal,1721,0,1782358537.3036976,0.0018210411071777344
13060,normal,2140,0,1782358537.305693,0.0019953250885009766
13061,normal,338,0,1782358537.3077471,0.0020542144775390625
13062,normal,1329,1,1782358537.309693,0.0019459724426269531
13063,normal,1277,0,1782358537.3116956,0.0020024776458740234
13064,normal,1093,0,1782358537.3137395,0.0020439624786376953
13065,normal,2985,0,1782358537.3158596,0.0021200180053710938
13066,normal,1143,0,1782358537.3177245,0.0018649101257324219
13067,normal,2849,0,1782358537.3198874,0.002162933349609375
13068,normal,3067,1,1782358537.321657,0.0017695426940917969
13069,normal,2684,0,1782358537.3237772,0.0021202564239501953
13070,normal,933,2,1782358537.3257515,0.001974344253540039
13071,normal,1000,2,1782358537.3277304,0.0019788742065429688
13072,normal,2413,0,1782358537.329899,0.0021686553955078125
13073,normal,1602,0,1782358537.3317468,0.0018477439880371094
13074,normal,1495,0,1782358537.3339052,0.0021584033966064453
13075,normal,966,2,1782358537.3357208,0.0018155574798583984
13076,normal,920,2,1782358537.3378947,0.002173900604248047
13077,normal,974,2,1782358537.3397338,0.0018391609191894531
13078,normal,930,2,1782358537.341895,0.002161264419555664
13079,normal,3699,0,1782358537.3437195,0.0018243789672851562
13080,normal,2392,0,1782358537.345908,0.002188444137573242
13081,normal,740,0,1782358537.3477473,0.0018393993377685547
13082,normal,3454,0,1782358537.3499157,0.002168416976928711
13083,normal,1195,0,1782358537.3518147,0.0018990039825439453
13084,normal,2840,0,1782358537.3539376,0.0021228790283203125
13085,normal,1540,0,1782358537.3559237,0.0019860267639160156
13086,normal,1895,0,1782358537.35774,0.0018162727355957031
13087,normal,2047,0,1782358537.3599055,0.002165555953979492
13088,normal,812,2,1782358537.3617313,0.0018258094787597656
13089,normal,1940,0,1782358537.3639064,0.0021750926971435547
13090,normal,605,0,1782358537.3657408,0.0018343925476074219
13091,normal,2127,0,1782358537.3678935,0.002152681350708008
13092,normal,636,0,1782358537.3697286,0.0018351078033447266
13093,normal,439,0,1782358537.3717318,0.002003192901611328
13094,normal,2965,0,1782358537.3738966,0.0021648406982421875
13095,normal,1161,0,1782358537.3757315,0.001834869384765625
13096,normal,1154,0,1782358537.3777316,0.002000093460083008
13097,normal,1392,0,1782358537.3799002,0.0021686553955078125
13098,normal,3159,1,1782358537.3817291,0.001828908920288086
13099,normal,2123,0,1782358537.383728,0.0019989013671875
13100,normal,3709,0,1782358537.385901,0.0021729469299316406
13101,normal,2371,0,1782358537.387729,0.0018279552459716797
13102,normal,2579,0,1782358537.3897285,0.0019996166229248047
13103,normal,592,0,1782358537.3919048,0.0021762847900390625
13104,normal,922,2,1782358537.3937469,0.0018420219421386719
13105,normal,3222,1,1782358537.3957288,0.001981973648071289
13106,normal,2218,0,1782358537.397906,0.0021772384643554688
13107,normal,649,0,1782358537.3997273,0.001821279525756836
13108,normal,1989,0,1782358537.4017305,0.002003192901611328
13109,normal,1004,2,1782358537.4039013,0.0021708011627197266
13110,normal,816,2,1782358537.4057274,0.0018260478973388672
13111,normal,3531,0,1782358537.407731,0.0020036697387695312
13112,normal,2340,0,1782358537.4099119,0.002180814743041992
13113,normal,1101,0,1782358537.4117293,0.001817464828491211
13114,normal,978,2,1782358537.4137278,0.001998424530029297
13115,normal,1790,0,1782358537.4159021,0.00217437744140625
13116,normal,1927,0,1782358537.4177263,0.0018241405487060547
13117,normal,389,0,1782358537.4196982,0.0019719600677490234
13118,normal,2976,0,1782358537.4218423,0.0021440982818603516
13119,normal,777,2,1782358537.4236946,0.001852273941040039
13120,normal,2759,0,1782358537.4256916,0.0019969940185546875
13121,normal,612,0,1782358537.4278958,0.0022041797637939453
13122,normal,3313,1,1782358537.4307678,0.002871990203857422
13123,normal,2914,0,1782358537.431779,0.0010111331939697266
13124,normal,1552,0,1782358537.433934,0.0021550655364990234
13125,normal,2592,0,1782358537.4359484,0.0020143985748291016
13126,normal,2411,0,1782358537.4377499,0.0018014907836914062
13127,normal,2663,0,1782358537.4397688,0.0020189285278320312
13128,normal,1924,0,1782358537.4418995,0.002130746841430664
13129,normal,232,0,1782358537.443728,0.0018284320831298828
13130,normal,2472,0,1782358537.4459088,0.002180814743041992
13131,normal,2143,0,1782358537.4476805,0.001771688461303711
13132,normal,921,2,1782358537.4496794,0.0019989013671875
13133,normal,844,2,1782358537.4517298,0.0020503997802734375
13134,normal,3141,1,1782358537.453711,0.0019812583923339844
13135,normal,2259,0,1782358537.4556575,0.0019464492797851562
13136,normal,1873,0,1782358537.4580715,0.0024139881134033203
13137,normal,1556,0,1782358537.4598312,0.0017597675323486328
13138,normal,2255,0,1782358537.4618704,0.002039194107055664
13139,normal,3548,0,1782358537.463995,0.0021245479583740234
13140,normal,552,0,1782358537.4657454,0.0017504692077636719
13141,normal,3676,0,1782358537.4678676,0.002122163772583008
13142,normal,728,0,1782358537.4696712,0.0018036365509033203
13143,normal,711,0,1782358537.471806,0.0021347999572753906
13144,normal,2595,0,1782358537.4737368,0.0019307136535644531
13145,normal,3605,0,1782358537.4758484,0.002111673355102539
13146,normal,2370,0,1782358537.4777408,0.0018923282623291016
13147,normal,3093,1,1782358537.479704,0.0019631385803222656
13148,normal,1037,0,1782358537.4817214,0.002017498016357422
13149,normal,16,0,1782358537.4837668,0.0020453929901123047
13150,normal,157,0,1782358537.4858625,0.0020956993103027344
13151,normal,3418,0,1782358537.4876926,0.0018301010131835938
13152,normal,2077,0,1782358537.489768,0.0020754337310791016
13153,normal,2103,0,1782358537.491822,0.002053976058959961
13154,normal,1517,0,1782358537.4937136,0.0018916130065917969
13155,normal,2013,0,1782358537.4957807,0.002067089080810547
13156,normal,2387,0,1782358537.4977093,0.001928567886352539
13157,normal,3369,1,1782358537.4997823,0.002073049545288086
13158,normal,281,0,1782358537.501698,0.0019156932830810547
13159,normal,557,0,1782358537.503776,0.0020780563354492188
13160,normal,1348,1,1782358537.5057745,0.001998424530029297
13161,normal,1724,0,1782358537.507701,0.001926422119140625
13162,normal,531,0,1782358537.5097857,0.0020847320556640625
13163,normal,3363,1,1782358537.511714,0.0019283294677734375
13164,normal,1085,0,1782358537.5137615,0.0020475387573242188
13165,normal,3516,0,1782358537.516237,0.0024755001068115234
13166,normal,840,2,1782358537.5178297,0.0015926361083984375
13167,normal,825,2,1782358537.5199137,0.002084016799926758
13168,normal,3081,1,1782358537.5218642,0.0019505023956298828
13169,normal,3362,1,1782358537.5238698,0.0020055770874023438
13170,normal,1356,1,1782358537.5258622,0.001992464065551758
13171,normal,2771,0,1782358537.5280058,0.0021436214447021484
13172,normal,671,0,1782358537.5296376,0.0016317367553710938
13173,normal,280,0,1782358537.5317566,0.0021190643310546875
13174,normal,3669,0,1782358537.5336947,0.0019381046295166016
13175,normal,2325,0,1782358537.5357533,0.0020585060119628906
13176,normal,3350,1,1782358537.5377455,0.0019922256469726562
13177,normal,1312,0,1782358537.5397456,0.002000093460083008
13178,normal,604,0,1782358537.5418475,0.002101898193359375
13179,normal,1745,0,1782358537.543822,0.0019745826721191406
13180,normal,3456,0,1782358537.5458724,0.0020503997802734375
13181,normal,303,0,1782358537.5476887,0.0018162727355957031
13182,normal,1585,0,1782358537.549735,0.002046346664428711
13183,normal,1398,0,1782358537.5517375,0.0020024776458740234
13184,normal,3417,0,1782358537.5537302,0.0019927024841308594
13185,normal,335,0,1782358537.5558383,0.0021080970764160156
13186,normal,976,2,1782358537.5578465,0.002008199691772461
13187,normal,690,0,1782358537.559823,0.001976490020751953
13188,normal,3305,1,1782358537.5617516,0.001928567886352539
13189,normal,3424,0,1782358537.563762,0.002010345458984375
13190,normal,3216,1,1782358537.5657103,0.0019483566284179688
13191,normal,3011,0,1782358537.5677555,0.002045154571533203
13192,normal,2059,0,1782358537.5697615,0.002006053924560547
13193,normal,2293,0,1782358537.571682,0.001920461654663086
13194,normal,585,0,1782358537.5737422,0.0020601749420166016
13195,normal,3512,0,1782358537.575739,0.001996755599975586
13196,normal,776,2,1782358537.5777392,0.0020003318786621094
13197,normal,1360,1,1782358537.5798068,0.00206756591796875
13198,normal,1431,0,1782358537.5817106,0.0019037723541259766
13199,normal,501,0,1782358537.5837972,0.002086639404296875
13200,normal,2280,0,1782358537.5857604,0.0019631385803222656
13201,normal,1375,1,1782358537.5879312,0.0021708011627197266
13202,normal,3304,1,1782358537.5898662,0.0019350051879882812
13203,normal,1812,0,1782358537.5917454,0.0018792152404785156
13204,normal,445,0,1782358537.5937717,0.0020263195037841797
13205,normal,231,0,1782358537.5957406,0.001968860626220703
13206,normal,3659,0,1782358537.597743,0.0020024776458740234
13207,normal,673,0,1782358537.5996974,0.001954317092895508
13208,normal,3533,0,1782358537.6016967,0.001999378204345703
13209,normal,1081,0,1782358537.6036563,0.001959562301635742
13210,normal,2632,0,1782358537.605657,0.0020008087158203125
13211,normal,3031,0,1782358537.607657,0.0019998550415039062
13212,normal,1451,0,1782358537.6098201,0.0021631717681884766
13213,normal,457,0,1782358537.6117325,0.0019123554229736328
13214,normal,3543,0,1782358537.6137621,0.0020296573638916016
13215,normal,320,0,1782358537.6157546,0.001992464065551758
13216,normal,2175,0,1782358537.6176875,0.0019328594207763672
13217,normal,851,2,1782358537.6196957,0.002008199691772461
13218,normal,2735,0,1782358537.621692,0.001996278762817383
13219,normal,3652,0,1782358537.6237442,0.00205230712890625
13220,normal,1555,0,1782358537.6257324,0.0019881725311279297
13221,normal,2886,0,1782358537.627675,0.0019426345825195312
13222,normal,3070,1,1782358537.6296463,0.0019712448120117188
13223,normal,556,0,1782358537.631694,0.0020477771759033203
13224,normal,824,2,1782358537.6348648,0.0031707286834716797
13225,normal,1813,0,1782358537.6356468,0.000782012939453125
13226,normal,235,0,1782358537.6376848,0.0020380020141601562
13227,normal,3491,0,1782358537.6397154,0.002030611038208008
13228,normal,2606,0,1782358537.6416943,0.0019788742065429688
13229,normal,1657,0,1782358537.643691,0.001996755599975586
13230,normal,3486,0,1782358537.6458263,0.0021352767944335938
13231,normal,3357,1,1782358537.6477332,0.0019068717956542969
13232,normal,3443,0,1782358537.6499205,0.0021872520446777344
13233,normal,3386,1,1782358537.6518526,0.0019321441650390625
13234,normal,1260,0,1782358537.653843,0.0019903182983398438
13235,normal,1854,0,1782358537.655697,0.0018541812896728516
13236,normal,3185,1,1782358537.6580472,0.0023500919342041016
13237,normal,2542,0,1782358537.6598792,0.0018320083618164062
13238,normal,1284,0,1782358537.661715,0.0018358230590820312
13239,normal,1102,0,1782358537.6640327,0.002317667007446289
13240,normal,1208,0,1782358537.665877,0.0018444061279296875
13241,normal,159,0,1782358537.6677318,0.0018546581268310547
13242,normal,784,2,1782358537.6696525,0.0019207000732421875
13243,normal,3156,1,1782358537.6717043,0.002051830291748047
13244,normal,1067,0,1782358537.673686,0.0019817352294921875
13245,normal,1053,0,1782358537.675676,0.001990079879760742
13246,normal,2035,0,1782358537.6776812,0.0020051002502441406
13247,normal,1591,0,1782358537.6797023,0.0020210742950439453
13248,normal,388,0,1782358537.68171,0.002007722854614258
13249,normal,1458,0,1782358537.6837406,0.002030611038208008
13250,normal,2949,0,1782358537.6857438,0.002003192901611328
13251,normal,2273,0,1782358537.687681,0.0019371509552001953
13252,normal,1954,0,1782358537.6897628,0.0020818710327148438
13253,normal,3542,0,1782358537.6917024,0.001939535140991211
13254,normal,3528,0,1782358537.693742,0.002039670944213867
13255,normal,3236,1,1782358537.6957896,0.0020475387573242188
13256,normal,2225,0,1782358537.6976552,0.0018656253814697266
13257,normal,577,0,1782358537.6996863,0.002031087875366211
13258,normal,2947,0,1782358537.7016532,0.0019669532775878906
13259,normal,593,0,1782358537.7036557,0.0020024776458740234
13260,normal,2912,0,1782358537.7056818,0.002026081085205078
13261,normal,1060,0,1782358537.7076733,0.0019915103912353516
13262,normal,3634,0,1782358537.7096589,0.0019855499267578125
13263,normal,511,0,1782358537.7116847,0.0020258426666259766
13264,normal,3106,1,1782358537.7136812,0.0019965171813964844
13265,normal,2830,0,1782358537.7157865,0.002105236053466797
13266,normal,2260,0,1782358537.7176957,0.0019092559814453125
13267,normal,998,2,1782358537.7196555,0.0019598007202148438
13268,normal,2394,0,1782358537.7216504,0.0019948482513427734
13269,normal,1509,0,1782358537.7236521,0.0020017623901367188
13270,normal,2296,0,1782358537.7256513,0.0019991397857666016
13271,normal,1826,0,1782358537.727708,0.0020568370819091797
13272,normal,1797,0,1782358537.7297175,0.0020093917846679688
13273,normal,1748,0,1782358537.7318628,0.0021452903747558594
13274,normal,936,2,1782358537.733702,0.0018391609191894531
13275,normal,1756,0,1782358537.7356787,0.0019767284393310547
13276,normal,3700,0,1782358537.7377741,0.002095460891723633
13277,normal,1242,0,1782358537.739643,0.0018689632415771484
13278,normal,1630,0,1782358537.7416363,0.0019931793212890625
13279,normal,667,0,1782358537.743632,0.0019958019256591797
13280,normal,1302,0,1782358537.7457287,0.0020966529846191406
13281,normal,3631,0,1782358537.7477427,0.0020139217376708984
13282,normal,2104,0,1782358537.7496994,0.0019567012786865234
13283,normal,179,0,1782358537.7517402,0.002040863037109375
13284,normal,2577,0,1782358537.7537985,0.002058267593383789
13285,normal,1768,0,1782358537.7558842,0.0020856857299804688
13286,normal,1180,0,1782358537.7577608,0.0018765926361083984
13287,normal,1714,0,1782358537.7598035,0.0020427703857421875
13288,normal,640,0,1782358537.7618823,0.0020787715911865234
13289,normal,3429,0,1782358537.7637014,0.0018191337585449219
13290,normal,305,0,1782358537.7656364,0.0019350051879882812
13291,normal,247,0,1782358537.7676327,0.001996278762817383
13292,normal,2878,0,1782358537.7696338,0.002001047134399414
13293,normal,2753,0,1782358537.7717779,0.0021440982818603516
13294,normal,2841,0,1782358537.7736337,0.0018558502197265625
13295,normal,1944,0,1782358537.7756329,0.0019991397857666016
13296,normal,3078,1,1782358537.777631,0.0019981861114501953
13297,normal,1594,0,1782358537.7799187,0.002287626266479492
13298,normal,340,0,1782358537.7818534,0.0019347667694091797
13299,normal,1366,1,1782358537.7836957,0.0018422603607177734
13300,normal,1876,0,1782358537.785794,0.0020983219146728516
13301,normal,1932,0,1782358537.7876523,0.0018582344055175781
13302,normal,705,0,1782358537.789674,0.00202178955078125
13303,normal,204,0,1782358537.7916746,0.002000570297241211
13304,normal,1557,0,1782358537.7937868,0.002112150192260742
13305,normal,3077,1,1782358537.7959003,0.0021135807037353516
13306,normal,2671,0,1782358537.7977185,0.0018181800842285156
13307,normal,542,0,1782358537.7996984,0.001979827880859375
13308,normal,2628,0,1782358537.8017004,0.0020020008087158203
13309,normal,3537,0,1782358537.8036938,0.001993417739868164
13310,normal,2694,0,1782358537.8056955,0.0020017623901367188
13311,normal,3298,1,1782358537.8078926,0.0021970272064208984
13312,normal,1006,2,1782358537.810421,0.0025284290313720703
13313,normal,82,0,1782358537.8117502,0.001329183578491211
13314,normal,1881,0,1782358537.813975,0.0022249221801757812
13315,normal,2114,0,1782358537.815832,0.0018568038940429688
13316,normal,2783,0,1782358537.8178399,0.0020079612731933594
13317,normal,279,0,1782358537.8198118,0.0019719600677490234
13318,normal,503,0,1782358537.8218215,0.0020096302032470703
13319,normal,2627,0,1782358537.823718,0.0018966197967529297
13320,normal,2213,0,1782358537.825648,0.0019299983978271484
13321,normal,2202,0,1782358537.82769,0.0020418167114257812
13322,normal,2348,0,1782358537.829688,0.0019981861114501953
13323,normal,2110,0,1782358537.8316607,0.001972675323486328
13324,normal,2747,0,1782358537.8336773,0.0020165443420410156
13325,normal,985,2,1782358537.8356807,0.0020034313201904297
13326,normal,803,2,1782358537.8377035,0.0020227432250976562
13327,normal,2362,0,1782358537.8397343,0.0020308494567871094
13328,normal,2161,0,1782358537.8417547,0.0020203590393066406
13329,normal,3207,1,1782358537.8436956,0.0019409656524658203
13330,normal,3301,1,1782358537.8457277,0.002032041549682617
13331,normal,1317,0,1782358537.8477228,0.001995086669921875
13332,normal,2113,0,1782358537.8497539,0.002031087875366211
13333,normal,540,0,1782358537.8517623,0.0020084381103515625
13334,normal,294,0,1782358537.8536732,0.0019109249114990234
13335,normal,861,2,1782358537.8556585,0.001985311508178711
13336,normal,2028,0,1782358537.8576756,0.0020170211791992188
13337,normal,1310,0,1782358537.859656,0.0019805431365966797
13338,normal,1055,0,1782358537.8616548,0.0019986629486083984
13339,normal,1295,0,1782358537.8636713,0.0020165443420410156
13340,normal,795,2,1782358537.865676,0.0020046234130859375
13341,normal,3163,1,1782358537.8676796,0.0020036697387695312
13342,normal,2230,0,1782358537.8697348,0.0020551681518554688
13343,normal,2555,0,1782358537.871718,0.001983165740966797
13344,normal,2460,0,1782358537.8736537,0.001935720443725586
13345,normal,2297,0,1782358537.875651,0.001997232437133789
13346,normal,3330,1,1782358537.8776565,0.0020055770874023438
13347,normal,1742,0,1782358537.879653,0.0019965171813964844
13348,normal,421,0,1782358537.8816535,0.002000570297241211
13349,normal,2304,0,1782358537.8837261,0.002072572708129883
13350,normal,3691,0,1782358537.8857303,0.0020041465759277344
13351,normal,2268,0,1782358537.8877683,0.0020380020141601562
13352,normal,221,0,1782358537.8896873,0.0019190311431884766
13353,normal,3423,0,1782358537.8916814,0.0019941329956054688
13354,normal,836,2,1782358537.8937132,0.0020318031311035156
13355,normal,2155,0,1782358537.8956342,0.001920938491821289
13356,normal,2056,0,1782358537.8976326,0.001998424530029297
13357,normal,1562,0,1782358537.8996325,0.0019998550415039062
13358,normal,698,0,1782358537.901692,0.002059459686279297
13359,normal,1792,0,1782358537.903703,0.0020110607147216797
13360,normal,994,2,1782358537.905737,0.0020339488983154297
13361,normal,2494,0,1782358537.9078255,0.0020885467529296875
13362,normal,2379,0,1782358537.9097717,0.0019462108612060547
13363,normal,3594,0,1782358537.9117665,0.0019948482513427734
13364,normal,3169,1,1782358537.913726,0.001959562301635742
13365,normal,42,0,1782358537.9157956,0.0020694732666015625
13366,normal,3520,0,1782358537.9178379,0.0020422935485839844
13367,normal,1261,0,1782358537.9197109,0.001873016357421875
13368,normal,261,0,1782358537.9216318,0.001920938491821289
13369,normal,2337,0,1782358537.9236314,0.0019996166229248047
13370,normal,470,0,1782358537.925632,0.002000570297241211
13371,normal,344,0,1782358537.9277737,0.002141714096069336
13372,normal,430,0,1782358537.929689,0.0019152164459228516
13373,normal,2859,0,1782358537.9316297,0.0019407272338867188
13374,normal,3012,0,1782358537.9336329,0.002003192901611328
13375,normal,1705,0,1782358537.935636,0.002003192901611328
13376,normal,355,0,1782358537.9380496,0.002413511276245117
13377,normal,420,0,1782358537.9401596,0.002110004425048828
13378,normal,1849,0,1782358537.9418068,0.0016472339630126953
13379,normal,267,0,1782358537.9437766,0.0019698143005371094
13380,normal,1296,0,1782358537.9456885,0.0019118785858154297
13381,normal,1629,0,1782358537.947767,0.002078533172607422
13382,normal,3348,1,1782358537.949917,0.0021500587463378906
13383,normal,236,0,1782358537.951882,0.0019648075103759766
13384,normal,685,0,1782358537.953706,0.0018241405487060547
13385,normal,2440,0,1782358537.9557743,0.0020682811737060547
13386,normal,996,2,1782358537.9578526,0.0020782947540283203
13387,normal,3351,1,1782358537.959715,0.0018622875213623047
13388,normal,889,2,1782358537.9622614,0.002546548843383789
13389,normal,2427,0,1782358537.9639745,0.0017130374908447266
13390,normal,2523,0,1782358537.96586,0.0018854141235351562
13391,normal,881,2,1782358537.9678915,0.002031564712524414
13392,normal,1178,0,1782358537.9698277,0.001936197280883789
13393,normal,3168,1,1782358537.9718847,0.0020570755004882812
13394,normal,1020,2,1782358537.9737294,0.001844644546508789
13395,normal,3368,1,1782358537.9760253,0.002295970916748047
13396,normal,3632,0,1782358537.97787,0.001844644546508789
13397,normal,2152,0,1782358537.97976,0.001889944076538086
13398,normal,2839,0,1782358537.9818728,0.002112865447998047
13399,normal,563,0,1782358537.984089,0.0022161006927490234
13400,normal,993,2,1782358537.9857345,0.0016455650329589844
13401,normal,3303,1,1782358537.9876528,0.0019183158874511719
13402,normal,967,2,1782358537.989744,0.0020911693572998047
13403,normal,2789,0,1782358537.9917345,0.0019905567169189453
13404,normal,2712,0,1782358537.9937465,0.002012014389038086
13405,normal,333,0,1782358537.995687,0.0019404888153076172
13406,normal,1652,0,1782358537.997657,0.001970052719116211
13407,normal,1713,0,1782358537.9997063,0.0020492076873779297
13408,normal,2439,0,1782358538.0018153,0.002109050750732422
13409,normal,1191,0,1782358538.0038095,0.0019941329956054688
13410,normal,858,2,1782358538.0057213,0.0019118785858154297
13411,normal,2968,0,1782358538.0076978,0.001976490020751953
13412,normal,1472,0,1782358538.009724,0.002026081085205078
13413,normal,1136,0,1782358538.0117254,0.002001523971557617
13414,normal,276,0,1782358538.0137799,0.002054452896118164
13415,normal,1413,0,1782358538.0157485,0.0019686222076416016
13416,normal,1092,0,1782358538.0177023,0.0019538402557373047
13417,normal,369,0,1782358538.0196908,0.0019884109497070312
13418,normal,532,0,1782358538.0217397,0.002048969268798828
13419,normal,1200,0,1782358538.023687,0.001947164535522461
13420,normal,2203,0,1782358538.0256808,0.001993894577026367
13421,normal,1333,1,1782358538.0278084,0.0021276473999023438
13422,normal,3536,0,1782358538.0301063,0.0022978782653808594
13423,normal,1482,0,1782358538.03181,0.0017037391662597656
13424,normal,2534,0,1782358538.0338244,0.0020143985748291016
13425,normal,2924,0,1782358538.0357916,0.001967191696166992
13426,normal,3189,1,1782358538.0377872,0.001995563507080078
13427,normal,2227,0,1782358538.0398064,0.002019166946411133
13428,normal,1689,0,1782358538.0417,0.0018935203552246094
13429,normal,1859,0,1782358538.0437825,0.0020825862884521484
13430,normal,2560,0,1782358538.0458019,0.0020194053649902344
13431,normal,178,0,1782358538.0478525,0.002050638198852539
13432,normal,130,0,1782358538.0498667,0.00201416015625
13433,normal,2765,0,1782358538.0518906,0.002023935317993164
13434,normal,665,0,1782358538.0537882,0.001897573471069336
13435,normal,2298,0,1782358538.0558574,0.002069234848022461
13436,normal,3318,1,1782358538.0578647,0.0020072460174560547
13437,normal,1747,0,1782358538.0598059,0.0019412040710449219
13438,normal,2194,0,1782358538.0617511,0.0019452571868896484
13439,normal,2353,0,1782358538.063739,0.001987934112548828
13440,normal,2053,0,1782358538.0656974,0.0019583702087402344
13441,normal,419,0,1782358538.0677364,0.0020389556884765625
13442,normal,1485,0,1782358538.0698128,0.002076387405395508
13443,normal,136,0,1782358538.0717578,0.0019450187683105469
13444,normal,2785,0,1782358538.0737154,0.0019576549530029297
13445,normal,2612,0,1782358538.0757625,0.0020470619201660156
13446,normal,1608,0,1782358538.0778224,0.0020599365234375
13447,normal,520,0,1782358538.0800169,0.0021944046020507812
13448,normal,2039,0,1782358538.08197,0.001953125
13449,normal,1862,0,1782358538.0838058,0.0018358230590820312
13450,normal,2643,0,1782358538.0857623,0.001956462860107422
13451,normal,2424,0,1782358538.0876594,0.0018970966339111328
13452,normal,2132,0,1782358538.0896535,0.0019941329956054688
13453,normal,2366,0,1782358538.0917258,0.0020723342895507812
13454,normal,949,2,1782358538.0938249,0.0020990371704101562
13455,normal,719,0,1782358538.0956933,0.0018684864044189453
13456,normal,1950,0,1782358538.097641,0.001947641372680664
13457,normal,651,0,1782358538.0996425,0.002001523971557617
13458,normal,346,0,1782358538.1016903,0.0020477771759033203
13459,normal,1549,0,1782358538.104031,0.0023407936096191406
13460,normal,2653,0,1782358538.1058064,0.0017752647399902344
13461,normal,482,0,1782358538.1077943,0.001987934112548828
13462,normal,384,0,1782358538.1099596,0.0021653175354003906
13463,normal,570,0,1782358538.1117468,0.0017871856689453125
13464,normal,461,0,1782358538.113695,0.0019481182098388672
13465,normal,834,2,1782358538.1157033,0.0020084381103515625
13466,normal,3467,0,1782358538.117801,0.002097606658935547
13467,normal,2402,0,1782358538.119907,0.0021059513092041016
13468,normal,1019,2,1782358538.1218326,0.0019257068634033203
13469,normal,139,0,1782358538.1237063,0.0018737316131591797
13470,normal,2302,0,1782358538.1256921,0.001985788345336914
13471,normal,2833,0,1782358538.1277506,0.0020585060119628906
13472,normal,356,0,1782358538.1297042,0.001953601837158203
13473,normal,1583,0,1782358538.131728,0.0020236968994140625
13474,normal,2749,0,1782358538.1336908,0.001962900161743164
13475,normal,101,0,1782358538.1357527,0.0020618438720703125
13476,normal,121,0,1782358538.1377115,0.0019588470458984375
13477,normal,2710,0,1782358538.1397064,0.0019948482513427734
13478,normal,1238,0,1782358538.1419063,0.002199888229370117
13479,normal,3555,0,1782358538.1438272,0.001920938491821289
13480,normal,2856,0,1782358538.145802,0.001974821090698242
13481,normal,588,0,1782358538.1478076,0.0020055770874023438
13482,normal,450,0,1782358538.1498132,0.0020055770874023438
13483,normal,3689,0,1782358538.1517808,0.0019676685333251953
13484,normal,1861,0,1782358538.1537344,0.001953601837158203
13485,normal,2854,0,1782358538.1557593,0.0020248889923095703
13486,normal,1916,0,1782358538.1578035,0.002044200897216797
13487,normal,526,0,1782358538.1597915,0.001987934112548828
13488,normal,733,0,1782358538.1619613,0.0021698474884033203
13489,normal,1337,1,1782358538.1637197,0.0017583370208740234
13490,normal,3398,1,1782358538.1657205,0.0020008087158203125
13491,normal,2481,0,1782358538.1678286,0.0021080970764160156
13492,normal,2052,0,1782358538.1698809,0.00205230712890625
13493,normal,2295,0,1782358538.171906,0.002025127410888672
13494,normal,2051,0,1782358538.1737645,0.0018584728240966797
13495,normal,300,0,1782358538.1758382,0.0020737648010253906
13496,normal,2511,0,1782358538.1778533,0.0020151138305664062
13497,normal,3673,0,1782358538.1798553,0.0020020008087158203
13498,normal,1722,0,1782358538.182159,0.002303600311279297
13499,normal,146,0,1782358538.1837454,0.0015864372253417969
13500,normal,1968,0,1782358538.1857405,0.001995086669921875
13501,normal,2937,0,1782358538.1877744,0.0020339488983154297
13502,normal,3399,1,1782358538.1897607,0.001986265182495117
13503,normal,1399,0,1782358538.1917346,0.001973867416381836
13504,normal,1149,0,1782358538.1937428,0.002008199691772461
13505,normal,3636,0,1782358538.1957548,0.002012014389038086
13506,normal,2821,0,1782358538.1976604,0.001905679702758789
13507,normal,1425,0,1782358538.199841,0.0021805763244628906
13508,normal,763,0,1782358538.2017162,0.001875162124633789
13509,normal,1504,0,1782358538.2036784,0.0019621849060058594
13510,normal,94,0,1782358538.2057378,0.002059459686279297
13511,normal,1728,0,1782358538.2077217,0.0019838809967041016
13512,normal,163,0,1782358538.209734,0.0020122528076171875
13513,normal,2349,0,1782358538.2117484,0.0020143985748291016
13514,normal,691,0,1782358538.2137525,0.0020041465759277344
13515,normal,550,0,1782358538.2161007,0.002348184585571289
13516,normal,61,0,1782358538.2178297,0.0017290115356445312
13517,normal,1882,0,1782358538.2197478,0.0019180774688720703
13518,normal,895,2,1782358538.2217014,0.001953601837158203
13519,normal,3564,0,1782358538.2237835,0.0020821094512939453
13520,normal,2257,0,1782358538.225718,0.0019345283508300781
13521,normal,1610,0,1782358538.2277474,0.0020294189453125
13522,normal,3028,0,1782358538.229647,0.0018994808197021484
13523,normal,1503,0,1782358538.2318397,0.0021927356719970703
13524,normal,3170,1,1782358538.2337236,0.0018839836120605469
13525,normal,1785,0,1782358538.2358596,0.0021359920501708984
13526,normal,3299,1,1782358538.2379174,0.002057790756225586
13527,normal,3154,1,1782358538.240086,0.0021686553955078125
13528,normal,2990,0,1782358538.2417643,0.0016782283782958984
13529,normal,3341,1,1782358538.2439153,0.002151012420654297
13530,normal,2557,0,1782358538.2458384,0.0019230842590332031
13531,normal,525,0,1782358538.247875,0.002036571502685547
13532,normal,462,0,1782358538.2497246,0.0018496513366699219
13533,normal,2734,0,1782358538.2517204,0.0019958019256591797
13534,normal,962,2,1782358538.25368,0.001959562301635742
13535,normal,3545,0,1782358538.2559874,0.002307415008544922
13536,normal,3582,0,1782358538.257676,0.0016884803771972656
13537,normal,3221,1,1782358538.259725,0.0020492076873779297
13538,normal,1875,0,1782358538.2617023,0.001977205276489258
13539,normal,1460,0,1782358538.263705,0.002002716064453125
13540,normal,3063,1,1782358538.266098,0.002393007278442383
13541,normal,846,2,1782358538.2678475,0.0017495155334472656
13542,normal,3008,0,1782358538.2697089,0.0018613338470458984
13543,normal,1946,0,1782358538.271815,0.002106189727783203
13544,normal,3179,1,1782358538.2737412,0.0019261837005615234
13545,normal,2070,0,1782358538.2757375,0.001996278762817383
13546,normal,990,2,1782358538.2777424,0.002004861831665039
13547,normal,748,0,1782358538.2797408,0.001998424530029297
13548,normal,3333,1,1782358538.2818718,0.0021309852600097656
13549,normal,415,0,1782358538.2837734,0.0019016265869140625
13550,normal,2066,0,1782358538.2857313,0.0019578933715820312
13551,normal,875,2,1782358538.2877328,0.002001523971557617
13552,normal,2020,0,1782358538.2897303,0.0019974708557128906
13553,normal,2836,0,1782358538.2917292,0.0019989013671875
13554,normal,1688,0,1782358538.2940896,0.0023603439331054688
13555,normal,1487,0,1782358538.2959404,0.0018508434295654297
13556,normal,2357,0,1782358538.2986434,0.002702951431274414
13557,normal,293,0,1782358538.3000762,0.0014328956604003906
13558,normal,3265,1,1782358538.302021,0.0019447803497314453
13559,normal,1396,0,1782358538.3039467,0.0019257068634033203
13560,normal,536,0,1782358538.3058834,0.0019366741180419922
13561,normal,3142,1,1782358538.3080475,0.002164125442504883
13562,normal,1617,0,1782358538.3098552,0.0018076896667480469
13563,normal,2775,0,1782358538.3116934,0.0018382072448730469
13564,normal,631,0,1782358538.3137348,0.002041339874267578
13565,normal,901,2,1782358538.3157425,0.002007722854614258
13566,normal,2797,0,1782358538.3177276,0.0019850730895996094
13567,normal,2814,0,1782358538.3197024,0.001974821090698242
13568,normal,1150,0,1782358538.3217196,0.0020172595977783203
13569,normal,1089,0,1782358538.3236883,0.0019686222076416016
13570,normal,1776,0,1782358538.325728,0.002039670944213867
13571,normal,289,0,1782358538.3277202,0.0019922256469726562
13572,normal,1659,0,1782358538.329741,0.0020208358764648438
13573,normal,1832,0,1782358538.3317406,0.0019996166229248047
13574,normal,3258,1,1782358538.3337636,0.002022981643676758
13575,normal,337,0,1782358538.3357084,0.0019447803497314453
13576,normal,2477,0,1782358538.3377192,0.002010822296142578
13577,normal,1079,0,1782358538.3397338,0.002014636993408203
13578,normal,3114,1,1782358538.3418202,0.0020864009857177734
13579,normal,3064,1,1782358538.3436718,0.0018515586853027344
13580,normal,3264,1,1782358538.3456793,0.0020074844360351562
13581,normal,1732,0,1782358538.347708,0.0020287036895751953
13582,normal,3504,0,1782358538.3497884,0.0020804405212402344
13583,normal,59,0,1782358538.3518417,0.0020532608032226562
13584,normal,1961,0,1782358538.3537233,0.0018815994262695312
13585,normal,764,0,1782358538.3558278,0.002104520797729492
13586,normal,2975,0,1782358538.3577802,0.0019524097442626953
13587,normal,2210,0,1782358538.3597283,0.0019481182098388672
13588,normal,773,2,1782358538.3617885,0.0020601749420166016
13589,normal,2031,0,1782358538.3638859,0.0020973682403564453
13590,normal,2880,0,1782358538.365772,0.001886129379272461
13591,normal,69,0,1782358538.3678014,0.0020294189453125
13592,normal,90,0,1782358538.3698068,0.002005338668823242
13593,normal,2119,0,1782358538.3718064,0.0019996166229248047
13594,normal,3412,0,1782358538.3738005,0.0019941329956054688
13595,normal,499,0,1782358538.3758066,0.002006053924560547
13596,normal,2801,0,1782358538.3778646,0.0020580291748046875
13597,normal,668,0,1782358538.3797648,0.0019001960754394531
13598,normal,1291,0,1782358538.3822503,0.002485513687133789
13599,normal,1241,0,1782358538.38375,0.0014996528625488281
13600,normal,91,0,1782358538.3858163,0.002066373825073242
13601,normal,426,0,1782358538.387823,0.0020067691802978516
13602,normal,2157,0,1782358538.3898351,0.002012014389038086
13603,normal,569,0,1782358538.3917842,0.0019490718841552734
13604,normal,3587,0,1782358538.3937972,0.002012968063354492
13605,normal,129,0,1782358538.3957403,0.0019431114196777344
13606,normal,22,0,1782358538.3978498,0.002109527587890625
13607,normal,2601,0,1782358538.3998756,0.0020258426666259766
13608,normal,729,0,1782358538.4017189,0.0018432140350341797
13609,normal,196,0,1782358538.403899,0.0021800994873046875
13610,normal,1789,0,1782358538.4059877,0.002088785171508789
13611,normal,2107,0,1782358538.4078238,0.0018360614776611328
13612,normal,192,0,1782358538.409935,0.002111196517944336
13613,normal,682,0,1782358538.4119058,0.0019707679748535156
13614,normal,2448,0,1782358538.4138505,0.0019447803497314453
13615,normal,1870,0,1782358538.4159348,0.0020842552185058594
13616,normal,3270,1,1782358538.4177423,0.0018074512481689453
13617,normal,1106,0,1782358538.4197385,0.001996278762817383
13618,normal,3267,1,1782358538.4217792,0.0020406246185302734
13619,normal,722,0,1782358538.4237401,0.0019609928131103516
13620,normal,459,0,1782358538.4259143,0.0021741390228271484
13621,normal,3224,1,1782358538.4277368,0.0018224716186523438
13622,normal,2703,0,1782358538.42974,0.002003192901611328
13623,normal,1582,0,1782358538.4317315,0.0019915103912353516
13624,normal,2139,0,1782358538.4337325,0.002001047134399414
13625,normal,274,0,1782358538.4357424,0.002009868621826172
13626,normal,1883,0,1782358538.4386034,0.00286102294921875
13627,normal,3242,1,1782358538.440019,0.0014154911041259766
13628,normal,347,0,1782358538.4418373,0.0018184185028076172
13629,normal,1287,0,1782358538.4438138,0.001976490020751953
13630,normal,3480,0,1782358538.4458246,0.002010822296142578
13631,normal,616,0,1782358538.4478161,0.0019915103912353516
13632,normal,1388,0,1782358538.4499683,0.0021522045135498047
13633,normal,2746,0,1782358538.4518728,0.0019044876098632812
13634,normal,2955,0,1782358538.4538138,0.0019409656524658203
13635,normal,1111,0,1782358538.455806,0.0019922256469726562
13636,normal,1323,1,1782358538.4577265,0.001920461654663086
13637,normal,1649,0,1782358538.4598258,0.002099275588989258
13638,normal,3055,1,1782358538.461824,0.0019981861114501953
13639,normal,2896,0,1782358538.4640567,0.002232789993286133
13640,normal,3157,1,1782358538.465991,0.0019342899322509766
13641,normal,1685,0,1782358538.467828,0.001837015151977539
13642,normal,102,0,1782358538.4699185,0.0020904541015625
13643,normal,1653,0,1782358538.471937,0.002018451690673828
13644,normal,2860,0,1782358538.4738302,0.0018932819366455078
13645,normal,706,0,1782358538.4758203,0.001990079879760742
13646,normal,1225,0,1782358538.478237,0.0024166107177734375
13647,normal,278,0,1782358538.479915,0.0016779899597167969
13648,normal,1911,0,1782358538.4818993,0.0019843578338623047
13649,normal,217,0,1782358538.484148,0.0022487640380859375
13650,normal,3495,0,1782358538.4862783,0.002130270004272461
13651,normal,26,0,1782358538.4877915,0.0015132427215576172
13652,normal,1290,0,1782358538.489736,0.0019445419311523438
13653,normal,2154,0,1782358538.4917357,0.0019996166229248047
13654,normal,471,0,1782358538.493822,0.0020864009857177734
13655,normal,1335,1,1782358538.4958122,0.001990079879760742
13656,normal,1719,0,1782358538.4977953,0.001983165740966797
13657,normal,1341,1,1782358538.4997995,0.0020041465759277344
13658,normal,215,0,1782358538.5017436,0.0019440650939941406
13659,normal,376,0,1782358538.503829,0.002085447311401367
13660,normal,2080,0,1782358538.5058541,0.002025127410888672
13661,normal,1062,0,1782358538.5078704,0.002016305923461914
13662,normal,3641,0,1782358538.509776,0.001905679702758789
13663,normal,2569,0,1782358538.5117798,0.0020036697387695312
13664,normal,1586,0,1782358538.513841,0.002061128616333008
13665,normal,2279,0,1782358538.515851,0.0020101070404052734
13666,normal,1680,0,1782358538.51778,0.0019290447235107422
13667,normal,3283,1,1782358538.5198379,0.002057790756225586
13668,normal,2383,0,1782358538.5217838,0.0019459724426269531
13669,normal,3099,1,1782358538.5237973,0.0020134449005126953
13670,normal,3436,0,1782358538.5257974,0.002000093460083008
13671,normal,2026,0,1782358538.527798,0.002000570297241211
13672,normal,2505,0,1782358538.529798,0.002000093460083008
13673,normal,1497,0,1782358538.5317993,0.0020012855529785156
13674,normal,3192,1,1782358538.533801,0.0020017623901367188
13675,normal,767,0,1782358538.5358052,0.0020041465759277344
13676,normal,3228,1,1782358538.5378788,0.002073526382446289
13677,normal,55,0,1782358538.5398655,0.0019867420196533203
13678,normal,2320,0,1782358538.54181,0.0019445419311523438
13679,normal,3518,0,1782358538.543803,0.001992940902709961
13680,normal,618,0,1782358538.5458086,0.0020055770874023438
13681,normal,2286,0,1782358538.5476978,0.0018892288208007812
13682,normal,1846,0,1782358538.5498044,0.0021066665649414062
13683,normal,3112,1,1782358538.5518484,0.0020439624786376953
13684,normal,3577,0,1782358538.5538507,0.002002239227294922
13685,normal,1385,0,1782358538.5558896,0.0020389556884765625
13686,normal,1620,0,1782358538.5578105,0.001920938491821289
13687,normal,2537,0,1782358538.5598695,0.0020589828491210938
13688,normal,3657,0,1782358538.5618093,0.0019397735595703125
13689,normal,707,0,1782358538.5637012,0.0018918514251708984
13690,normal,1257,0,1782358538.5658484,0.002147197723388672
13691,normal,1966,0,1782358538.567715,0.0018665790557861328
13692,normal,2437,0,1782358538.5697107,0.0019958019256591797
13693,normal,98,0,1782358538.5717137,0.0020029544830322266
13694,normal,1570,0,1782358538.5737176,0.002003908157348633
13695,normal,1522,0,1782358538.5758395,0.0021219253540039062
13696,normal,3131,1,1782358538.577777,0.0019373893737792969
13697,normal,3065,1,1782358538.579771,0.0019941329956054688
13698,normal,1593,0,1782358538.5818653,0.002094268798828125
13699,normal,3204,1,1782358538.5837986,0.0019333362579345703
13700,normal,906,2,1782358538.585803,0.002004384994506836
13701,normal,2507,0,1782358538.5878477,0.002044677734375
13702,normal,2314,0,1782358538.5897908,0.0019431114196777344
13703,normal,141,0,1782358538.5918643,0.002073526382446289
13704,normal,1190,0,1782358538.5936913,0.0018270015716552734
13705,normal,1598,0,1782358538.595744,0.0020525455474853516
13706,normal,2240,0,1782358538.5977972,0.0020532608032226562
13707,normal,1298,0,1782358538.599894,0.002096891403198242
13708,normal,1872,0,1782358538.6018183,0.001924276351928711
13709,normal,2530,0,1782358538.603732,0.0019137859344482422
13710,normal,2729,0,1782358538.6057436,0.002011537551879883
13711,normal,24,0,1782358538.607734,0.0019903182983398438
13712,normal,3610,0,1782358538.6098616,0.0021276473999023438
13713,normal,2091,0,1782358538.6120024,0.0021407604217529297
13714,normal,608,0,1782358538.6138434,0.0018410682678222656
13715,normal,2468,0,1782358538.6160636,0.00222015380859375
13716,normal,629,0,1782358538.6178274,0.0017638206481933594
13717,normal,743,0,1782358538.6198316,0.0020041465759277344
13718,normal,1614,0,1782358538.6218224,0.001990795135498047
13719,normal,245,0,1782358538.6238225,0.002000093460083008
13720,normal,1279,0,1782358538.625811,0.001988649368286133
13721,normal,2016,0,1782358538.6281195,0.002308368682861328
13722,normal,3029,0,1782358538.6298268,0.001707315444946289
13723,normal,1122,0,1782358538.6320016,0.002174854278564453
13724,normal,64,0,1782358538.633814,0.0018124580383300781
13725,normal,3167,1,1782358538.6358104,0.001996278762817383
13726,normal,1580,0,1782358538.6378238,0.0020134449005126953
13727,normal,80,0,1782358538.6398249,0.002001047134399414
13728,normal,3697,0,1782358538.6418388,0.0020139217376708984
13729,normal,176,0,1782358538.64381,0.0019712448120117188
13730,normal,3133,1,1782358538.6459935,0.0021834373474121094
13731,normal,3643,0,1782358538.6477497,0.0017561912536621094
13732,normal,3431,0,1782358538.6498337,0.002084016799926758
13733,normal,1299,0,1782358538.6519616,0.0021278858184814453
13734,normal,3381,1,1782358538.653868,0.0019063949584960938
13735,normal,2892,0,1782358538.655942,0.002074003219604492
13736,normal,3592,0,1782358538.6579297,0.0019876956939697266
13737,normal,1215,0,1782358538.6598334,0.0019037723541259766
13738,normal,1998,0,1782358538.6618805,0.0020470619201660156
13739,normal,1061,0,1782358538.6638052,0.001924753189086914
13740,normal,2919,0,1782358538.6658683,0.0020630359649658203
13741,normal,1995,0,1782358538.6678908,0.0020225048065185547
13742,normal,1506,0,1782358538.669896,0.0020051002502441406
13743,normal,3030,0,1782358538.6718984,0.0020024776458740234
13744,normal,242,0,1782358538.6739197,0.002021312713623047
13745,normal,1715,0,1782358538.6758707,0.001950979232788086
13746,normal,2586,0,1782358538.67771,0.0018393993377685547
13747,normal,1901,0,1782358538.6802123,0.0025022029876708984
13748,normal,96,0,1782358538.6823177,0.0021054744720458984
13749,normal,3579,0,1782358538.683977,0.0016591548919677734
13750,normal,2857,0,1782358538.6859412,0.0019643306732177734
13751,normal,2815,0,1782358538.6878738,0.0019326210021972656
13752,normal,899,2,1782358538.6897845,0.0019106864929199219
13753,normal,2289,0,1782358538.6919112,0.0021266937255859375
13754,normal,2894,0,1782358538.69411,0.0021986961364746094
13755,normal,3426,0,1782358538.6958833,0.0017733573913574219
13756,normal,411,0,1782358538.697793,0.0019097328186035156
13757,normal,2182,0,1782358538.6998117,0.0020186901092529297
13758,normal,3288,1,1782358538.7018037,0.0019919872283935547
13759,normal,3665,0,1782358538.7038007,0.0019969940185546875
13760,normal,2662,0,1782358538.7058003,0.0019996166229248047
13761,normal,2313,0,1782358538.7077,0.00189971923828125
13762,normal,2057,0,1782358538.7098038,0.0021038055419921875
13763,normal,2309,0,1782358538.711788,0.001984119415283203
13764,normal,2872,0,1782358538.713849,0.002061128616333008
13765,normal,2339,0,1782358538.7158623,0.0020132064819335938
13766,normal,2046,0,1782358538.7178178,0.0019555091857910156
13767,normal,52,0,1782358538.7198026,0.001984834671020508
13768,normal,2826,0,1782358538.7218168,0.00201416015625
13769,normal,1393,0,1782358538.7238016,0.001984834671020508
13770,normal,1372,1,1782358538.7258015,0.0019998550415039062
13771,normal,190,0,1782358538.7278044,0.0020029544830322266
13772,normal,3217,1,1782358538.729847,0.002042531967163086
13773,normal,822,2,1782358538.731759,0.0019121170043945312
13774,normal,416,0,1782358538.733925,0.0021660327911376953
13775,normal,2769,0,1782358538.7358162,0.0018911361694335938
13776,normal,2474,0,1782358538.7378266,0.002010345458984375
13777,normal,1123,0,1782358538.73989,0.0020635128021240234
13778,normal,486,0,1782358538.741742,0.001851797103881836
13779,normal,131,0,1782358538.7437437,0.0020017623901367188
13780,normal,1654,0,1782358538.7457783,0.0020346641540527344
13781,normal,2799,0,1782358538.747789,0.0020105838775634766
13782,normal,2773,0,1782358538.749922,0.0021331310272216797
13783,normal,1219,0,1782358538.7517629,0.001840829849243164
13784,normal,2321,0,1782358538.7538912,0.0021283626556396484
13785,normal,2166,0,1782358538.7558627,0.0019714832305908203
13786,normal,3195,1,1782358538.7579443,0.002081632614135742
13787,normal,1430,0,1782358538.7599447,0.0020003318786621094
13788,normal,3337,1,1782358538.7618468,0.0019021034240722656
13789,normal,2862,0,1782358538.7638304,0.001983642578125
13790,normal,2658,0,1782358538.7660308,0.0022003650665283203
13791,normal,3045,1,1782358538.7677097,0.0016789436340332031
13792,normal,1774,0,1782358538.7697313,0.0020215511322021484
13793,normal,191,0,1782358538.7717428,0.002011537551879883
13794,normal,3119,1,1782358538.7737339,0.0019910335540771484
13795,normal,2461,0,1782358538.7759974,0.0022635459899902344
13796,normal,3041,0,1782358538.7777393,0.0017418861389160156
13797,normal,1259,0,1782358538.7797318,0.001992464065551758
13798,normal,2458,0,1782358538.7817376,0.0020058155059814453
13799,normal,3104,1,1782358538.7837396,0.0020020008087158203
13800,normal,2531,0,1782358538.7859497,0.0022101402282714844
13801,normal,3400,1,1782358538.7880049,0.0020551681518554688
13802,normal,1156,0,1782358538.7898383,0.0018334388732910156
13803,normal,2317,0,1782358538.7918465,0.002008199691772461
13804,normal,3628,0,1782358538.7938304,0.0019838809967041016
13805,normal,3690,0,1782358538.795826,0.001995563507080078
13806,normal,2332,0,1782358538.7978415,0.0020155906677246094
13807,normal,2346,0,1782358538.7998183,0.0019767284393310547
13808,normal,75,0,1782358538.8020186,0.0022003650665283203
13809,normal,3190,1,1782358538.8038144,0.0017957687377929688
13810,normal,2136,0,1782358538.805825,0.0020105838775634766
13811,normal,2408,0,1782358538.807817,0.0019919872283935547
13812,normal,3124,1,1782358538.8098173,0.0020003318786621094
13813,normal,2177,0,1782358538.8118193,0.0020020008087158203
13814,normal,1691,0,1782358538.8138194,0.002000093460083008
13815,normal,932,2,1782358538.815919,0.0020995140075683594
13816,normal,2034,0,1782358538.8186183,0.0026993751525878906
13817,normal,819,2,1782358538.8200839,0.0014655590057373047
13818,normal,2526,0,1782358538.8220592,0.0019752979278564453
13819,normal,3637,0,1782358538.824034,0.001974821090698242
13820,normal,1922,0,1782358538.826266,0.002232074737548828
13821,normal,2693,0,1782358538.8282743,0.002008199691772461
13822,normal,210,0,1782358538.829825,0.0015506744384765625
13823,normal,3254,1,1782358538.8317418,0.0019168853759765625
13824,normal,1561,0,1782358538.8336873,0.00194549560546875
13825,normal,1358,1,1782358538.8357282,0.002040863037109375
13826,normal,868,2,1782358538.8378236,0.002095460891723633
13827,normal,2777,0,1782358538.8398137,0.001990079879760742
13828,normal,1184,0,1782358538.8418028,0.001989126205444336
13829,normal,110,0,1782358538.8437831,0.001980304718017578
13830,normal,202,0,1782358538.8458009,0.0020177364349365234
13831,normal,3589,0,1782358538.8478334,0.0020325183868408203
13832,normal,2762,0,1782358538.8498642,0.0020308494567871094
13833,normal,3550,0,1782358538.851787,0.0019228458404541016
13834,normal,3056,1,1782358538.8538501,0.0020630359649658203
13835,normal,3075,1,1782358538.8558254,0.0019752979278564453
13836,normal,1381,1,1782358538.8578455,0.002020120620727539
13837,normal,2442,0,1782358538.8598554,0.002009868621826172
13838,normal,500,0,1782358538.8618932,0.0020377635955810547
13839,normal,2620,0,1782358538.8637304,0.0018372535705566406
13840,normal,573,0,1782358538.8657842,0.0020537376403808594
13841,normal,2875,0,1782358538.8677986,0.0020143985748291016
13842,normal,1125,0,1782358538.8697958,0.001997232437133789
13843,normal,4,0,1782358538.871791,0.001995086669921875
13844,normal,1999,0,1782358538.8737972,0.0020062923431396484
13845,normal,3678,0,1782358538.8758042,0.002007007598876953
13846,normal,3248,1,1782358538.877819,0.0020148754119873047
13847,normal,1819,0,1782358538.8798182,0.0019991397857666016
13848,normal,999,2,1782358538.8818755,0.002057313919067383
13849,normal,1113,0,1782358538.8837595,0.0018839836120605469
13850,normal,646,0,1782358538.8858037,0.002044200897216797
13851,normal,41,0,1782358538.8878014,0.001997709274291992
13852,normal,33,0,1782358538.8898015,0.002000093460083008
13853,normal,1463,0,1782358538.8917975,0.0019960403442382812
13854,normal,2667,0,1782358538.8938003,0.002002716064453125
13855,normal,700,0,1782358538.8958216,0.002021312713623047
13856,normal,3285,1,1782358538.8978581,0.002036571502685547
13857,normal,270,0,1782358538.9000087,0.0021505355834960938
13858,normal,607,0,1782358538.9018884,0.0018796920776367188
13859,normal,911,2,1782358538.9038153,0.0019268989562988281
13860,normal,1038,0,1782358538.9058108,0.001995563507080078
13861,normal,1058,0,1782358538.9078429,0.002032041549682617
13862,normal,1002,2,1782358538.9097595,0.001916646957397461
13863,normal,3017,0,1782358538.9116864,0.0019268989562988281
13864,normal,1491,0,1782358538.9137409,0.002054452896118164
13865,normal,2463,0,1782358538.915827,0.002086162567138672
13866,normal,1410,0,1782358538.9179828,0.002155780792236328
13867,normal,788,2,1782358538.919744,0.0017611980438232422
13868,normal,3559,0,1782358538.9218886,0.0021445751190185547
13869,normal,3016,0,1782358538.923901,0.002012491226196289
13870,normal,610,0,1782358538.92593,0.002028942108154297
13871,normal,1606,0,1782358538.9279351,0.0020051002502441406
13872,normal,1355,1,1782358538.9297943,0.0018591880798339844
13873,normal,2728,0,1782358538.9319272,0.002132892608642578
13874,normal,783,2,1782358538.9339676,0.002040386199951172
13875,normal,2600,0,1782358538.9357681,0.001800537109375
13876,normal,1450,0,1782358538.9377327,0.001964569091796875
13877,normal,1303,0,1782358538.9397285,0.0019958019256591797
13878,normal,318,0,1782358538.9417324,0.002003908157348633
13879,normal,2686,0,1782358538.9439042,0.002171754837036133
13880,normal,1925,0,1782358538.945858,0.0019538402557373047
13881,normal,3214,1,1782358538.9476857,0.0018277168273925781
13882,normal,735,0,1782358538.9497302,0.0020444393157958984
13883,normal,2888,0,1782358538.9517386,0.0020084381103515625
13884,normal,2869,0,1782358538.9537404,0.0020017623901367188
13885,normal,1810,0,1782358538.9562497,0.0025093555450439453
13886,normal,2471,0,1782358538.958102,0.001852273941040039
13887,normal,2740,0,1782358538.9598362,0.0017342567443847656
13888,normal,1941,0,1782358538.9617953,0.001959085464477539
13889,normal,1828,0,1782358538.9637825,0.0019872188568115234
13890,normal,528,0,1782358538.965789,0.00200653076171875
13891,normal,972,2,1782358538.9677968,0.002007722854614258
13892,normal,1599,0,1782358538.9700477,0.0022509098052978516
13893,normal,718,0,1782358538.9717665,0.001718759536743164
13894,normal,1042,0,1782358538.9737864,0.0020198822021484375
13895,normal,3414,0,1782358538.9758093,0.002022981643676758
13896,normal,2037,0,1782358538.977826,0.002016782760620117
13897,normal,1105,0,1782358538.9798179,0.001991748809814453
13898,normal,328,0,1782358538.982128,0.002310037612915039
13899,normal,521,0,1782358538.984,0.0018720626831054688
13900,normal,624,0,1782358538.9859455,0.00194549560546875
13901,normal,817,2,1782358538.9879124,0.0019669532775878906
13902,normal,1243,0,1782358538.9899263,0.0020139217376708984
13903,normal,1997,0,1782358538.9918256,0.0018992424011230469
13904,normal,301,0,1782358538.9938543,0.0020287036895751953
13905,normal,3508,0,1782358538.9961276,0.0022733211517333984
13906,normal,392,0,1782358538.9979208,0.0017931461334228516
13907,normal,1547,0,1782358538.9999406,0.0020198822021484375
13908,normal,2752,0,1782358539.0017912,0.0018506050109863281
13909,normal,3059,1,1782358539.0042396,0.0024483203887939453
13910,normal,3671,0,1782358539.0060031,0.0017635822296142578
13911,normal,1210,0,1782358539.0077157,0.0017125606536865234
13912,normal,1638,0,1782358539.0097363,0.002020597457885742
13913,normal,1971,0,1782358539.011782,0.0020456314086914062
13914,normal,2533,0,1782358539.0138166,0.0020346641540527344
13915,normal,1564,0,1782358539.0157912,0.0019745826721191406
13916,normal,1696,0,1782358539.017798,0.0020067691802978516
13917,normal,1948,0,1782358539.0197582,0.001960277557373047
13918,normal,2284,0,1782358539.0218253,0.002067089080810547
13919,normal,1283,0,1782358539.0238333,0.0020079612731933594
13920,normal,2308,0,1782358539.0258625,0.0020291805267333984
13921,normal,1669,0,1782358539.0277874,0.0019249916076660156
13922,normal,2375,0,1782358539.0297894,0.0020020008087158203
13923,normal,1311,0,1782358539.0318491,0.0020596981048583984
13924,normal,751,0,1782358539.0339367,0.0020875930786132812
13925,normal,2350,0,1782358539.035872,0.0019352436065673828
13926,normal,2336,0,1782358539.0378058,0.0019338130950927734
13927,normal,734,0,1782358539.039766,0.001960277557373047
13928,normal,2646,0,1782358539.0418105,0.0020444393157958984
13929,normal,169,0,1782358539.0438035,0.001992940902709961
13930,normal,460,0,1782358539.0457807,0.001977205276489258
13931,normal,432,0,1782358539.047796,0.002015352249145508
13932,normal,2245,0,1782358539.0498018,0.0020058155059814453
13933,normal,1267,0,1782358539.051817,0.0020151138305664062
13934,normal,2536,0,1782358539.053819,0.0020020008087158203
13935,normal,2725,0,1782358539.055822,0.0020029544830322266
13936,normal,1364,1,1782358539.057887,0.0020651817321777344
13937,normal,1611,0,1782358539.0598083,0.0019211769104003906
13938,normal,568,0,1782358539.061801,0.0019927024841308594
13939,normal,508,0,1782358539.063826,0.002025127410888672
13940,normal,863,2,1782358539.0658052,0.0019791126251220703
13941,normal,2745,0,1782358539.0678003,0.001995086669921875
13942,normal,1666,0,1782358539.0698261,0.0020258426666259766
13943,normal,945,2,1782358539.0718522,0.002026081085205078
13944,normal,1758,0,1782358539.073772,0.0019197463989257812
13945,normal,3149,1,1782358539.0758777,0.002105712890625
13946,normal,1253,0,1782358539.0778732,0.001995563507080078
13947,normal,3635,0,1782358539.079724,0.0018508434295654297
13948,normal,1645,0,1782358539.0818098,0.0020856857299804688
13949,normal,1750,0,1782358539.08388,0.002070188522338867
13950,normal,3117,1,1782358539.0856938,0.0018138885498046875
13951,normal,243,0,1782358539.0877452,0.0020513534545898438
13952,normal,1943,0,1782358539.0897837,0.0020384788513183594
13953,normal,2711,0,1782358539.0917854,0.0020017623901367188
13954,normal,2444,0,1782358539.0939302,0.0021448135375976562
13955,normal,892,2,1782358539.0958679,0.0019376277923583984
13956,normal,2748,0,1782358539.0978785,0.0020105838775634766
13957,normal,3103,1,1782358539.0998,0.0019216537475585938
13958,normal,3252,1,1782358539.1019714,0.0021712779998779297
13959,normal,3599,0,1782358539.1039453,0.001973867416381836
13960,normal,801,2,1782358539.1059902,0.0020449161529541016
13961,normal,3309,1,1782358539.1079404,0.0019502639770507812
13962,normal,2897,0,1782358539.1098044,0.0018639564514160156
13963,normal,1005,2,1782358539.1117854,0.001981019973754883
13964,normal,1771,0,1782358539.1137874,0.0020020008087158203
13965,normal,277,0,1782358539.1157436,0.0019562244415283203
13966,normal,3287,1,1782358539.117891,0.0021474361419677734
13967,normal,1052,0,1782358539.1198282,0.0019371509552001953
13968,normal,3320,1,1782358539.1217332,0.0019049644470214844
13969,normal,1788,0,1782358539.1237774,0.002044200897216797
13970,normal,1488,0,1782358539.125729,0.0019516944885253906
13971,normal,1363,1,1782358539.127739,0.002009868621826172
13972,normal,3452,0,1782358539.1300263,0.0022873878479003906
13973,normal,529,0,1782358539.1319451,0.001918792724609375
13974,normal,1639,0,1782358539.133793,0.001847982406616211
13975,normal,516,0,1782358539.1359222,0.002129077911376953
13976,normal,2301,0,1782358539.137844,0.0019218921661376953
13977,normal,3390,1,1782358539.1398354,0.00199127197265625
13978,normal,3598,0,1782358539.141827,0.001991748809814453
13979,normal,2323,0,1782358539.1438296,0.0020024776458740234
13980,normal,1733,0,1782358539.1460578,0.002228260040283203
13981,normal,2876,0,1782358539.1477885,0.0017306804656982422
13982,normal,2272,0,1782358539.1498086,0.002020120620727539
13983,normal,3276,1,1782358539.1518104,0.0020017623901367188
13984,normal,1017,2,1782358539.15381,0.0019996166229248047
13985,normal,576,0,1782358539.1558223,0.0020122528076171875
13986,normal,587,0,1782358539.157856,0.002033710479736328
13987,normal,2610,0,1782358539.1597133,0.0018572807312011719
13988,normal,2890,0,1782358539.1618712,0.002157926559448242
13989,normal,1456,0,1782358539.1637497,0.001878499984741211
13990,normal,3647,0,1782358539.1658163,0.0020666122436523438
13991,normal,2763,0,1782358539.1679323,0.002115964889526367
13992,normal,1018,2,1782358539.1698673,0.0019350051879882812
13993,normal,2911,0,1782358539.1719332,0.002065896987915039
13994,normal,2524,0,1782358539.173925,0.001991748809814453
13995,normal,2959,0,1782358539.1759398,0.0020148754119873047
13996,normal,1073,0,1782358539.1778255,0.0018856525421142578
13997,normal,2372,0,1782358539.1797926,0.001967191696166992
13998,normal,1514,0,1782358539.1818075,0.0020148754119873047
13999,normal,240,0,1782358539.1837473,0.0019397735595703125
14000,normal,2036,0,1782358539.18579,0.0020427703857421875
14001,normal,3335,1,1782358539.187802,0.002012014389038086
14002,normal,3307,1,1782358539.1898472,0.002045154571533203
14003,normal,3695,0,1782358539.1918259,0.001978635787963867
14004,normal,1739,0,1782358539.1937191,0.0018932819366455078
14005,normal,2365,0,1782358539.1960132,0.0022940635681152344
14006,normal,3382,1,1782358539.1981668,0.002153635025024414
14007,normal,3066,1,1782358539.1998231,0.0016562938690185547
14008,normal,1173,0,1782358539.2018654,0.0020422935485839844
14009,normal,1148,0,1782358539.2038026,0.0019371509552001953
14010,normal,1268,0,1782358539.205783,0.001980304718017578
14011,normal,716,0,1782358539.2077808,0.0019979476928710938
14012,normal,1802,0,1782358539.2097743,0.001993417739868164
14013,normal,1987,0,1782358539.2119436,0.002169370651245117
14014,normal,958,2,1782358539.2136512,0.0017075538635253906
14015,normal,1345,1,1782358539.2157335,0.002082347869873047
14016,normal,1773,0,1782358539.2177286,0.001995086669921875
14017,normal,647,0,1782358539.2197206,0.0019919872283935547
14018,normal,1137,0,1782358539.2217026,0.001981973648071289
14019,normal,3183,1,1782358539.2237022,0.0019996166229248047
14020,normal,2270,0,1782358539.225711,0.0020089149475097656
14021,normal,559,0,1782358539.2276945,0.0019834041595458984
14022,normal,778,2,1782358539.2299201,0.002225637435913086
14023,normal,3153,1,1782358539.2330458,0.0031256675720214844
14024,normal,1842,0,1782358539.233709,0.0006632804870605469
14025,normal,3510,0,1782358539.235804,0.0020949840545654297
14026,normal,8,0,1782358539.2378135,0.0020093917846679688
14027,normal,1541,0,1782358539.239809,0.001995563507080078
14028,normal,1779,0,1782358539.2417977,0.001988649368286133
14029,normal,678,0,1782358539.2438025,0.002004861831665039
14030,normal,1326,1,1782358539.2458565,0.002053976058959961
14031,normal,2128,0,1782358539.2478402,0.001983642578125
14032,normal,286,0,1782358539.2500482,0.0022079944610595703
14033,normal,2966,0,1782358539.2518754,0.001827239990234375
14034,normal,3118,1,1782358539.2537267,0.0018513202667236328
14035,normal,2607,0,1782358539.2558274,0.002100706100463867
14036,normal,2808,0,1782358539.2578526,0.002025127410888672
14037,normal,3069,1,1782358539.2597926,0.001940011978149414
14038,normal,2232,0,1782358539.261784,0.0019915103912353516
14039,normal,99,0,1782358539.2637827,0.0019986629486083984
14040,normal,2271,0,1782358539.2658653,0.0020825862884521484
14041,normal,2129,0,1782358539.2678702,0.002004861831665039
14042,normal,1196,0,1782358539.2698293,0.001959085464477539
14043,normal,3588,0,1782358539.271905,0.002075672149658203
14044,normal,434,0,1782358539.2738883,0.0019834041595458984
14045,normal,185,0,1782358539.2760217,0.0021333694458007812
14046,normal,3340,1,1782358539.2778325,0.0018107891082763672
14047,normal,2506,0,1782358539.279949,0.0021164417266845703
14048,normal,2112,0,1782358539.2819457,0.001996755599975586
14049,normal,3046,1,1782358539.2838194,0.0018737316131591797
14050,normal,2679,0,1782358539.285748,0.001928567886352539
14051,normal,2719,0,1782358539.2877831,0.0020351409912109375
14052,normal,3132,1,1782358539.2897902,0.002007007598876953
14053,normal,265,0,1782358539.291807,0.002016782760620117
14054,normal,3038,0,1782358539.2939184,0.0021114349365234375
14055,normal,3032,0,1782358539.2957287,0.001810312271118164
14056,normal,3509,0,1782358539.2977755,0.002046823501586914
14057,normal,1772,0,1782358539.2997696,0.0019941329956054688
14058,normal,115,0,1782358539.3018053,0.0020356178283691406
14059,normal,212,0,1782358539.304343,0.0025377273559570312
14060,normal,2778,0,1782358539.305895,0.0015521049499511719
14061,normal,2216,0,1782358539.307925,0.002029895782470703
14062,normal,2023,0,1782358539.3098764,0.001951456069946289
14063,normal,742,0,1782358539.3118382,0.0019617080688476562
14064,normal,3684,0,1782358539.3139403,0.0021021366119384766
14065,normal,2805,0,1782358539.3157504,0.0018100738525390625
14066,normal,1202,0,1782358539.3179166,0.002166271209716797
14067,normal,2571,0,1782358539.3200748,0.0021581649780273438
14068,normal,1672,0,1782358539.3217716,0.0016968250274658203
14069,normal,2040,0,1782358539.3239264,0.002154827117919922
14070,normal,3686,0,1782358539.3258152,0.0018887519836425781
14071,normal,1990,0,1782358539.3279243,0.002109050750732422
14072,normal,2514,0,1782358539.3298135,0.0018892288208007812
14073,normal,3627,0,1782358539.3320637,0.002250194549560547
14074,normal,1185,0,1782358539.3339345,0.001870870590209961
14075,normal,1339,1,1782358539.336347,0.002412557601928711
14076,normal,1835,0,1782358539.3378983,0.0015511512756347656
14077,normal,1181,0,1782358539.3400016,0.0021033287048339844
14078,normal,3507,0,1782358539.3419175,0.0019159317016601562
14079,normal,2380,0,1782358539.344014,0.002096414566040039
14080,normal,1445,0,1782358539.3460267,0.0020127296447753906
14081,normal,1025,2,1782358539.3478353,0.0018086433410644531
14082,normal,2459,0,1782358539.3498814,0.0020461082458496094
14083,normal,1979,0,1782358539.3517225,0.0018410682678222656
14084,normal,2500,0,1782358539.3538342,0.002111673355102539
14085,normal,571,0,1782358539.3558526,0.002018451690673828
14086,normal,3433,0,1782358539.3577302,0.0018775463104248047
14087,normal,1234,0,1782358539.3598435,0.00211334228515625
14088,normal,2691,0,1782358539.3616936,0.001850128173828125
14089,normal,3515,0,1782358539.3637197,0.002026081085205078
14090,normal,1977,0,1782358539.365717,0.001997232437133789
14091,normal,2191,0,1782358539.3677273,0.002010345458984375
14092,normal,3519,0,1782358539.3697443,0.0020170211791992188
14093,normal,1976,0,1782358539.371688,0.0019435882568359375
14094,normal,1465,0,1782358539.373709,0.0020210742950439453
14095,normal,1729,0,1782358539.3757155,0.00200653076171875
14096,normal,1647,0,1782358539.3777266,0.0020110607147216797
14097,normal,1146,0,1782358539.37974,0.0020134449005126953
14098,normal,107,0,1782358539.381678,0.0019381046295166016
14099,normal,3584,0,1782358539.383768,0.002089977264404297
14100,normal,3535,0,1782358539.38564,0.0018718242645263672
14101,normal,3476,0,1782358539.3876796,0.002039670944213867
14102,normal,1142,0,1782358539.3896828,0.002003192901611328
14103,normal,3374,1,1782358539.3916879,0.0020051002502441406
14104,normal,2572,0,1782358539.3936932,0.002005338668823242
14105,normal,1119,0,1782358539.395697,0.002003908157348633
14106,normal,1294,0,1782358539.3976998,0.002002716064453125
14107,normal,164,0,1782358539.39974,0.0020401477813720703
14108,normal,1952,0,1782358539.401692,0.0019519329071044922
14109,normal,809,2,1782358539.4036825,0.0019905567169189453
14110,normal,1616,0,1782358539.4056854,0.0020029544830322266
14111,normal,2065,0,1782358539.4076889,0.0020034313201904297
14112,normal,2470,0,1782358539.4096828,0.001993894577026367
14113,normal,1160,0,1782358539.4116843,0.002001523971557617
14114,normal,30,0,1782358539.4137065,0.002022266387939453
14115,normal,2404,0,1782358539.4157233,0.002016782760620117
14116,normal,2150,0,1782358539.4177198,0.0019965171813964844
14117,normal,2211,0,1782358539.4196985,0.001978635787963867
14118,normal,2364,0,1782358539.421693,0.001994609832763672
14119,normal,3463,0,1782358539.4237158,0.0020227432250976562
14120,normal,1793,0,1782358539.4256558,0.001940011978149414
14121,normal,1223,0,1782358539.4276762,0.0020203590393066406
14122,normal,213,0,1782358539.429658,0.0019817352294921875
14123,normal,378,0,1782358539.431658,0.002000093460083008
14124,normal,3364,1,1782358539.4337835,0.0021255016326904297
14125,normal,551,0,1782358539.435648,0.0018644332885742188
14126,normal,1637,0,1782358539.437715,0.002067089080810547
14127,normal,919,2,1782358539.4397297,0.002014636993408203
14128,normal,655,0,1782358539.4417262,0.0019965171813964844
14129,normal,1650,0,1782358539.4437153,0.001989126205444336
14130,normal,239,0,1782358539.4457078,0.001992464065551758
14131,normal,3092,1,1782358539.4477398,0.002032041549682617
14132,normal,2960,0,1782358539.4497669,0.0020270347595214844
14133,normal,472,0,1782358539.4516888,0.0019218921661376953
14134,normal,2265,0,1782358539.4536889,0.002000093460083008
14135,normal,152,0,1782358539.4556756,0.0019867420196533203
14136,normal,820,2,1782358539.4576762,0.002000570297241211
14137,normal,3175,1,1782358539.459714,0.0020377635955810547
14138,normal,1546,0,1782358539.461705,0.0019910335540771484
14139,normal,2312,0,1782358539.4636807,0.0019757747650146484
14140,normal,183,0,1782358539.465679,0.0019981861114501953
14141,normal,351,0,1782358539.4676816,0.002002716064453125
14142,normal,2248,0,1782358539.4696805,0.0019989013671875
14143,normal,2512,0,1782358539.4718974,0.002216815948486328
14144,normal,3231,1,1782358539.473772,0.001874685287475586
14145,normal,2237,0,1782358539.475701,0.0019290447235107422
14146,normal,1086,0,1782358539.4776917,0.0019905567169189453
14147,normal,2972,0,1782358539.4796934,0.0020017623901367188
14148,normal,553,0,1782358539.4816918,0.001998424530029297
14149,normal,1765,0,1782358539.4836946,0.002002716064453125
14150,normal,1903,0,1782358539.4857447,0.002050161361694336
14151,normal,1421,0,1782358539.4876807,0.0019359588623046875
14152,normal,186,0,1782358539.489685,0.002004384994506836
14153,normal,1889,0,1782358539.491695,0.002009868621826172
14154,normal,3060,1,1782358539.4937,0.0020051002502441406
14155,normal,48,0,1782358539.4957,0.0019998550415039062
14156,normal,1172,0,1782358539.4978821,0.0021822452545166016
14157,normal,81,0,1782358539.4998376,0.0019555091857910156
14158,normal,831,2,1782358539.501694,0.0018563270568847656
14159,normal,908,2,1782358539.5037603,0.002066373825073242
14160,normal,1589,0,1782358539.5057604,0.002000093460083008
14161,normal,903,2,1782358539.5077293,0.001968860626220703
14162,normal,704,0,1782358539.5096924,0.0019631385803222656
14163,normal,3459,0,1782358539.511849,0.002156496047973633
14164,normal,3358,1,1782358539.5137415,0.0018925666809082031
14165,normal,963,2,1782358539.515704,0.001962423324584961
14166,normal,2401,0,1782358539.5180323,0.0023283958435058594
14167,normal,681,0,1782358539.5199203,0.0018880367279052734
14168,normal,3694,0,1782358539.5216498,0.0017294883728027344
14169,normal,3308,1,1782358539.5236824,0.0020325183868408203
14170,normal,3624,0,1782358539.525715,0.002032756805419922
14171,normal,3152,1,1782358539.527694,0.0019788742065429688
14172,normal,927,2,1782358539.5296922,0.0019981861114501953
14173,normal,2419,0,1782358539.5317268,0.0020346641540527344
14174,normal,549,0,1782358539.533686,0.001959085464477539
14175,normal,1228,0,1782358539.535746,0.0020601749420166016
14176,normal,565,0,1782358539.5377142,0.0019681453704833984
14177,normal,1192,0,1782358539.5397296,0.002015352249145508
14178,normal,3171,1,1782358539.541731,0.002001523971557617
14179,normal,3514,0,1782358539.5437112,0.0019800662994384766
14180,normal,2503,0,1782358539.5457022,0.0019910335540771484
14181,normal,3478,0,1782358539.547712,0.002009868621826172
14182,normal,753,0,1782358539.54978,0.0020678043365478516
14183,normal,3530,0,1782358539.5517607,0.0019807815551757812
14184,normal,1449,0,1782358539.5536413,0.001880645751953125
14185,normal,2692,0,1782358539.5556931,0.002051830291748047
14186,normal,3053,1,1782358539.5577092,0.0020160675048828125
14187,normal,307,0,1782358539.5596387,0.0019295215606689453
14188,normal,1743,0,1782358539.5616932,0.002054452896118164
14189,normal,3359,1,1782358539.5637124,0.002019166946411133
14190,normal,3044,0,1782358539.565713,0.002000570297241211
14191,normal,2391,0,1782358539.5677097,0.001996755599975586
14192,normal,3370,1,1782358539.5697067,0.0019969940185546875
14193,normal,144,0,1782358539.5717802,0.002073526382446289
14194,normal,3708,0,1782358539.5736918,0.0019116401672363281
14195,normal,3681,0,1782358539.5756862,0.0019943714141845703
14196,normal,1112,0,1782358539.5776875,0.0020012855529785156
14197,normal,2938,0,1782358539.5796838,0.001996278762817383
14198,normal,1615,0,1782358539.5818665,0.0021827220916748047
14199,normal,1609,0,1782358539.583705,0.0018384456634521484
14200,normal,1518,0,1782358539.585872,0.0021669864654541016
14201,normal,1823,0,1782358539.5878625,0.0019905567169189453
14202,normal,3082,1,1782358539.589751,0.0018885135650634766
14203,normal,3683,0,1782358539.5918832,0.0021321773529052734
14204,normal,3623,0,1782358539.5938365,0.0019533634185791016
14205,normal,2002,0,1782358539.5957067,0.0018701553344726562
14206,normal,1370,1,1782358539.59785,0.002143383026123047
14207,normal,103,0,1782358539.5998316,0.001981496810913086
14208,normal,1395,0,1782358539.601697,0.001865386962890625
14209,normal,1996,0,1782358539.603795,0.00209808349609375
14210,normal,2399,0,1782358539.6057158,0.0019207000732421875
14211,normal,1544,0,1782358539.607716,0.0020003318786621094
14212,normal,3572,0,1782358539.6097193,0.002003192901611328
14213,normal,3461,0,1782358539.6117008,0.001981496810913086
14214,normal,2074,0,1782358539.6137044,0.0020036697387695312
14215,normal,401,0,1782358539.6157088,0.002004384994506836
14216,normal,2981,0,1782358539.6177917,0.00208282470703125
14217,normal,2824,0,1782358539.6197875,0.0019958019256591797
14218,normal,3648,0,1782358539.6217318,0.0019443035125732422
14219,normal,425,0,1782358539.6237035,0.001971721649169922
14220,normal,839,2,1782358539.6256793,0.0019757747650146484
14221,normal,3544,0,1782358539.6276822,0.0020029544830322266
14222,normal,2432,0,1782358539.6296835,0.0020012855529785156
14223,normal,2952,0,1782358539.6317065,0.002022981643676758
14224,normal,1827,0,1782358539.6336577,0.0019512176513671875
14225,normal,3590,0,1782358539.6356516,0.001993894577026367
14226,normal,2252,0,1782358539.637681,0.0020294189453125
14227,normal,3576,0,1782358539.6396554,0.001974344253540039
14228,normal,116,0,1782358539.641677,0.0020215511322021484
14229,normal,2148,0,1782358539.6437666,0.0020897388458251953
14230,normal,3496,0,1782358539.645803,0.0020363330841064453
14231,normal,2634,0,1782358539.6478157,0.0020127296447753906
14232,normal,2672,0,1782358539.649675,0.0018591880798339844
14233,normal,3608,0,1782358539.6516833,0.0020084381103515625
14234,normal,2001,0,1782358539.6536863,0.0020029544830322266
14235,normal,638,0,1782358539.6556783,0.0019919872283935547
14236,normal,3649,0,1782358539.6578279,0.0021495819091796875
14237,normal,3191,1,1782358539.65987,0.002042055130004883
14238,normal,882,2,1782358539.6616828,0.0018129348754882812
14239,normal,260,0,1782358539.6637886,0.002105712890625
14240,normal,3378,1,1782358539.6658163,0.002027750015258789
14241,normal,1120,0,1782358539.6678154,0.0019991397857666016
14242,normal,1746,0,1782358539.6698155,0.002000093460083008
14243,normal,3147,1,1782358539.671818,0.0020024776458740234
14244,normal,2510,0,1782358539.6738148,0.001996755599975586
14245,normal,2498,0,1782358539.675836,0.002021312713623047
14246,normal,3409,0,1782358539.6778343,0.0019981861114501953
14247,normal,1769,0,1782358539.679779,0.0019447803497314453
14248,normal,1904,0,1782358539.6819055,0.002126455307006836
14249,normal,694,0,1782358539.6838949,0.0019893646240234375
14250,normal,2639,0,1782358539.6857867,0.0018918514251708984
14251,normal,1751,0,1782358539.6878827,0.002095937728881836
14252,normal,1884,0,1782358539.6898916,0.0020089149475097656
14253,normal,1543,0,1782358539.6917417,0.001850128173828125
14254,normal,2648,0,1782358539.6937854,0.0020437240600585938
14255,normal,1023,2,1782358539.6958256,0.0020401477813720703
14256,normal,3371,1,1782358539.6978338,0.002008199691772461
14257,normal,609,0,1782358539.6998806,0.002046823501586914
14258,normal,476,0,1782358539.7018678,0.0019872188568115234
14259,normal,3460,0,1782358539.7038283,0.0019605159759521484
14260,normal,3164,1,1782358539.705821,0.0019927024841308594
14261,normal,659,0,1782358539.7078345,0.0020134449005126953
14262,normal,1915,0,1782358539.710163,0.002328634262084961
14263,normal,1796,0,1782358539.712114,0.001950979232788086
14264,normal,49,0,1782358539.713931,0.0018169879913330078
14265,normal,750,0,1782358539.715921,0.0019898414611816406
14266,normal,2764,0,1782358539.7178853,0.0019643306732177734
14267,normal,1626,0,1782358539.7199693,0.002084016799926758
14268,normal,2338,0,1782358539.72181,0.001840829849243164
14269,normal,156,0,1782358539.724,0.0021898746490478516
14270,normal,3010,0,1782358539.7258544,0.0018544197082519531
14271,normal,3310,1,1782358539.7277458,0.0018913745880126953
14272,normal,852,2,1782358539.7298415,0.0020956993103027344
14273,normal,854,2,1782358539.7318313,0.0019898414611816406
14274,normal,1579,0,1782358539.7339346,0.0021033287048339844
14275,normal,1899,0,1782358539.7357585,0.0018239021301269531
14276,normal,617,0,1782358539.7378392,0.002080678939819336
14277,normal,3447,0,1782358539.7398336,0.0019943714141845703
14278,normal,947,2,1782358539.7418263,0.0019927024841308594
14279,normal,224,0,1782358539.7438538,0.0020275115966796875
14280,normal,2416,0,1782358539.7458754,0.0020215511322021484
14281,normal,1342,1,1782358539.7478342,0.0019588470458984375
14282,normal,2549,0,1782358539.7499373,0.002103090286254883
14283,normal,2049,0,1782358539.7518115,0.0018742084503173828
14284,normal,285,0,1782358539.753939,0.002127408981323242
14285,normal,177,0,1782358539.755828,0.0018889904022216797
14286,normal,444,0,1782358539.7578964,0.0020685195922851562
14287,normal,456,0,1782358539.7597783,0.0018818378448486328
14288,normal,1885,0,1782358539.7620919,0.0023136138916015625
14289,normal,1762,0,1782358539.7637901,0.0016982555389404297
14290,normal,2137,0,1782358539.765951,0.002160787582397461
14291,normal,47,0,1782358539.7678695,0.0019185543060302734
14292,normal,2714,0,1782358539.769869,0.0019996166229248047
14293,normal,387,0,1782358539.7718081,0.0019390583038330078
14294,normal,2212,0,1782358539.7739184,0.0021102428436279297
14295,normal,1168,0,1782358539.7757826,0.0018641948699951172
14296,normal,621,0,1782358539.777857,0.0020744800567626953
14297,normal,2462,0,1782358539.7799919,0.0021347999572753906
14298,normal,3116,1,1782358539.7817495,0.0017576217651367188
14299,normal,1668,0,1782358539.7839913,0.002241849899291992
14300,normal,2741,0,1782358539.7859597,0.0019683837890625
14301,normal,3180,1,1782358539.787822,0.0018622875213623047
14302,normal,1288,0,1782358539.7900596,0.002237558364868164
14303,normal,3670,0,1782358539.7918956,0.0018360614776611328
14304,normal,2906,0,1782358539.7939413,0.0020456314086914062
14305,normal,314,0,1782358539.7960272,0.0020859241485595703
14306,normal,886,2,1782358539.797823,0.0017957687377929688
14307,normal,2162,0,1782358539.7999172,0.002094268798828125
14308,normal,2246,0,1782358539.8018048,0.0018875598907470703
14309,normal,2443,0,1782358539.8039231,0.002118349075317383
14310,normal,310,0,1782358539.8059702,0.0020470619201660156
14311,normal,1880,0,1782358539.8077168,0.0017466545104980469
14312,normal,2079,0,1782358539.8098998,0.0021829605102539062
14313,normal,3453,0,1782358539.8117976,0.0018978118896484375
14314,normal,1498,0,1782358539.8139036,0.0021059513092041016
14315,normal,3661,0,1782358539.8162198,0.0023162364959716797
14316,normal,1574,0,1782358539.817865,0.0016450881958007812
14317,normal,1542,0,1782358539.8199325,0.00206756591796875
14318,normal,3377,1,1782358539.8218005,0.0018680095672607422
14319,normal,437,0,1782358539.8239434,0.0021429061889648438
14320,normal,350,0,1782358539.8258278,0.00188446044921875
14321,normal,2926,0,1782358539.827943,0.0021152496337890625
14322,normal,2450,0,1782358539.8298335,0.001890420913696289
14323,normal,2539,0,1782358539.8321776,0.0023441314697265625
14324,normal,2717,0,1782358539.8338618,0.0016841888427734375
14325,normal,3465,0,1782358539.8359303,0.0020685195922851562
14326,normal,580,0,1782358539.8378375,0.0019071102142333984
14327,normal,330,0,1782358539.8399467,0.0021092891693115234
14328,normal,2522,0,1782358539.8418303,0.0018835067749023438
14329,normal,3324,1,1782358539.8441172,0.0022869110107421875
14330,normal,794,2,1782358539.8460708,0.001953601837158203
14331,normal,860,2,1782358539.8482583,0.002187490463256836
14332,normal,1407,0,1782358539.849933,0.001674652099609375
14333,normal,1110,0,1782358539.8520138,0.0020809173583984375
14334,normal,814,2,1782358539.8538108,0.0017969608306884766
14335,normal,3597,0,1782358539.856232,0.002421140670776367
14336,normal,3620,0,1782358539.8579938,0.0017619132995605469
14337,normal,2011,0,1782358539.8597307,0.0017368793487548828
14338,normal,137,0,1782358539.8619142,0.0021834373474121094
14339,normal,268,0,1782358539.863899,0.001984834671020508
14340,normal,1198,0,1782358539.8658135,0.0019145011901855469
14341,normal,1708,0,1782358539.8679214,0.002107858657836914
14342,normal,1535,0,1782358539.869834,0.0019125938415527344
14343,normal,874,2,1782358539.8719225,0.0020885467529296875
14344,normal,2786,0,1782358539.8738005,0.0018780231475830078
14345,normal,1816,0,1782358539.875932,0.0021314620971679688
14346,normal,877,2,1782358539.8778358,0.0019037723541259766
14347,normal,1406,0,1782358539.8799949,0.00215911865234375
14348,normal,3600,0,1782358539.881868,0.001873016357421875
14349,normal,3176,1,1782358539.8838422,0.001974344253540039
14350,normal,1144,0,1782358539.8858376,0.0019953250885009766
14351,normal,2263,0,1782358539.8879626,0.0021250247955322266
14352,normal,3650,0,1782358539.8899016,0.0019390583038330078
14353,normal,2214,0,1782358539.8917549,0.0018532276153564453
14354,normal,1003,2,1782358539.893909,0.002154111862182617
14355,normal,2084,0,1782358539.8958228,0.0019137859344482422
14356,normal,3004,0,1782358539.8979273,0.002104520797729492
14357,normal,989,2,1782358539.899828,0.0019006729125976562
14358,normal,2501,0,1782358539.9019222,0.002094268798828125
14359,normal,586,0,1782358539.903815,0.0018928050994873047
14360,normal,2941,0,1782358539.9059436,0.00212860107421875
14361,normal,1177,0,1782358539.9078202,0.0018765926361083984
14362,normal,2151,0,1782358539.9099615,0.002141237258911133
14363,normal,1494,0,1782358539.9118917,0.00193023681640625
14364,normal,3294,1,1782358539.9138515,0.0019598007202148438
14365,normal,1145,0,1782358539.915825,0.001973390579223633
14366,normal,3172,1,1782358539.9179323,0.002107381820678711
14367,normal,117,0,1782358539.9198277,0.0018954277038574219
14368,normal,2614,0,1782358539.921931,0.0021033287048339844
14369,normal,1907,0,1782358539.9238265,0.0018954277038574219
14370,normal,1502,0,1782358539.9259555,0.002129077911376953
14371,normal,2327,0,1782358539.9280684,0.002112865447998047
14372,normal,1227,0,1782358539.9302118,0.002143383026123047
14373,normal,3517,0,1782358539.932332,0.0021202564239501953
14374,normal,1686,0,1782358539.9338312,0.001499176025390625
14375,normal,2160,0,1782358539.935741,0.0019097328186035156
14376,normal,902,2,1782358539.9377608,0.0020198822021484375
14377,normal,3300,1,1782358539.9399233,0.002162456512451172
14378,normal,3068,1,1782358539.9417167,0.0017933845520019531
14379,normal,1559,0,1782358539.9437191,0.0020024776458740234
14380,normal,1951,0,1782358539.9457438,0.0020246505737304688
14381,normal,2907,0,1782358539.9479053,0.0021615028381347656
14382,normal,2281,0,1782358539.9497838,0.001878499984741211
14383,normal,2369,0,1782358539.951882,0.00209808349609375
14384,normal,3161,1,1782358539.9540656,0.002183675765991211
14385,normal,1454,0,1782358539.956012,0.0019464492797851562
14386,normal,2242,0,1782358539.9579434,0.0019314289093017578
14387,normal,3160,1,1782358539.9601722,0.0022287368774414062
14388,normal,869,2,1782358539.9619148,0.0017426013946533203
14389,normal,272,0,1782358539.9638796,0.0019648075103759766
14390,normal,1699,0,1782358539.9658294,0.0019497871398925781
14391,normal,3563,0,1782358539.9678693,0.0020399093627929688
14392,normal,2189,0,1782358539.969967,0.002097606658935547
14393,normal,2491,0,1782358539.9717975,0.0018305778503417969
14394,normal,522,0,1782358539.9737403,0.0019428730010986328
14395,normal,560,0,1782358539.9758515,0.002111196517944336
14396,normal,2813,0,1782358539.977837,0.0019855499267578125
14397,normal,533,0,1782358539.9797564,0.0019192695617675781
14398,normal,1318,0,1782358539.9820223,0.00226593017578125
14399,normal,2455,0,1782358539.9839487,0.001926422119140625
14400,normal,3372,1,1782358539.9857621,0.0018134117126464844
14401,normal,3151,1,1782358539.9878647,0.0021026134490966797
14402,normal,3547,0,1782358539.9898572,0.001992464065551758
14403,normal,2992,0,1782358539.9917474,0.0018901824951171875
14404,normal,2806,0,1782358539.994345,0.0025975704193115234
14405,normal,3562,0,1782358539.9965734,0.0022284984588623047
14406,normal,3391,1,1782358539.9981422,0.0015687942504882812
14407,normal,2969,0,1782358539.9998322,0.001689910888671875
14408,normal,1229,0,1782358540.0019128,0.002080678939819336
14409,normal,1874,0,1782358540.0038064,0.0018935203552246094
14410,normal,3329,1,1782358540.0059016,0.0020952224731445312
14411,normal,2581,0,1782358540.0078838,0.0019822120666503906
14412,normal,1798,0,1782358540.0102146,0.002330780029296875
14413,normal,1843,0,1782358540.0119038,0.0016891956329345703
14414,normal,452,0,1782358540.0139012,0.0019974708557128906
14415,normal,2025,0,1782358540.0159457,0.0020444393157958984
14416,normal,262,0,1782358540.0178027,0.0018570423126220703
14417,normal,1496,0,1782358540.0198922,0.0020895004272460938
14418,normal,2184,0,1782358540.0217872,0.0018949508666992188
14419,normal,1069,0,1782358540.024278,0.0024907588958740234
14420,normal,1530,0,1782358540.0260894,0.0018115043640136719
14421,normal,1573,0,1782358540.0280862,0.001996755599975586
14422,normal,2576,0,1782358540.030164,0.002077817916870117
14423,normal,1584,0,1782358540.0322065,0.002042531967163086
14424,normal,2889,0,1782358540.034923,0.002716541290283203
14425,normal,46,0,1782358540.0358217,0.0008985996246337891
14426,normal,332,0,1782358540.0379303,0.0021085739135742188
14427,normal,811,2,1782358540.0397644,0.0018341541290283203
14428,normal,3323,1,1782358540.0421004,0.0023360252380371094
14429,normal,2409,0,1782358540.0440276,0.0019271373748779297
14430,normal,1417,0,1782358540.0458844,0.0018568038940429688
14431,normal,1237,0,1782358540.0478773,0.001992940902709961
14432,normal,2135,0,1782358540.0498962,0.0020189285278320312
14433,normal,626,0,1782358540.0519128,0.0020165443420410156
14434,normal,1182,0,1782358540.0540395,0.0021266937255859375
14435,normal,2835,0,1782358540.0558681,0.0018286705017089844
14436,normal,2652,0,1782358540.0577953,0.0019271373748779297
14437,normal,291,0,1782358540.0597749,0.0019795894622802734
14438,normal,887,2,1782358540.0618212,0.002046346664428711
14439,normal,3257,1,1782358540.0637703,0.0019490718841552734
14440,normal,3638,0,1782358540.065786,0.0020155906677246094
14441,normal,480,0,1782358540.0677729,0.001986980438232422
14442,normal,489,0,1782358540.069774,0.002001047134399414
14443,normal,652,0,1782358540.0717678,0.001993894577026367
14444,normal,1063,0,1782358540.0740485,0.002280712127685547
14445,normal,3233,1,1782358540.075985,0.0019364356994628906
14446,normal,3314,1,1782358540.077828,0.0018429756164550781
14447,normal,1794,0,1782358540.0799696,0.002141714096069336
14448,normal,1289,0,1782358540.0817719,0.001802206039428711
14449,normal,3009,0,1782358540.0837948,0.002022981643676758
14450,normal,3444,0,1782358540.0857615,0.001966714859008789
14451,normal,2310,0,1782358540.0877945,0.0020329952239990234
14452,normal,721,0,1782358540.0897992,0.0020046234130859375
14453,normal,209,0,1782358540.0918071,0.0020079612731933594
14454,normal,2618,0,1782358540.0937085,0.001901388168334961
14455,normal,3578,0,1782358540.0957098,0.0020012855529785156
14456,normal,174,0,1782358540.0977623,0.0020525455474853516
14457,normal,830,2,1782358540.100121,0.002358675003051758
14458,normal,3621,0,1782358540.1017425,0.0016214847564697266
14459,normal,3098,1,1782358540.1037595,0.0020170211791992188
14460,normal,2795,0,1782358540.1057453,0.001985788345336914
14461,normal,2146,0,1782358540.1078122,0.0020668506622314453
14462,normal,2497,0,1782358540.1097093,0.0018970966339111328
14463,normal,736,0,1782358540.1117022,0.001992940902709961
14464,normal,2901,0,1782358540.1136928,0.0019905567169189453
14465,normal,321,0,1782358540.1156995,0.0020067691802978516
14466,normal,3655,0,1782358540.117847,0.0021474361419677734
14467,normal,1825,0,1782358540.1197515,0.0019044876098632812
14468,normal,1866,0,1782358540.1217525,0.002001047134399414
14469,normal,3072,1,1782358540.1237268,0.001974344253540039
14470,normal,871,2,1782358540.12576,0.002033233642578125
14471,normal,519,0,1782358540.1277914,0.0020313262939453125
14472,normal,968,2,1782358540.1297839,0.001992464065551758
14473,normal,537,0,1782358540.131835,0.002051115036010742
14474,normal,2085,0,1782358540.133822,0.001986980438232422
14475,normal,2732,0,1782358540.1358018,0.001979827880859375
14476,normal,367,0,1782358540.1380792,0.002277374267578125
14477,normal,975,2,1782358540.1398704,0.001791238784790039
14478,normal,326,0,1782358540.141767,0.0018966197967529297
14479,normal,1271,0,1782358540.1437294,0.001962423324584961
14480,normal,2043,0,1782358540.1457093,0.001979827880859375
14481,normal,2548,0,1782358540.1477146,0.002005338668823242
14482,normal,1096,0,1782358540.149826,0.0021114349365234375
14483,normal,3238,1,1782358540.15172,0.0018939971923828125
14484,normal,3393,1,1782358540.153705,0.001984834671020508
14485,normal,3284,1,1782358540.1556797,0.001974821090698242
14486,normal,1928,0,1782358540.1576896,0.002009868621826172
14487,normal,3407,0,1782358540.1597867,0.0020971298217773438
14488,normal,44,0,1782358540.161781,0.0019943714141845703
14489,normal,3534,0,1782358540.163774,0.001992940902709961
14490,normal,1394,0,1782358540.1662533,0.0024793148040771484
14491,normal,2757,0,1782358540.1677527,0.0014994144439697266
14492,normal,1040,0,1782358540.1700146,0.0022618770599365234
14493,normal,2776,0,1782358540.1718333,0.0018186569213867188
14494,normal,1917,0,1782358540.1738658,0.0020325183868408203
14495,normal,2655,0,1782358540.1758828,0.0020170211791992188
14496,normal,1468,0,1782358540.1778543,0.0019714832305908203
14497,normal,3367,1,1782358540.1797616,0.0019073486328125
14498,normal,3002,0,1782358540.1817982,0.002036571502685547
14499,normal,898,2,1782358540.183933,0.0021347999572753906
14500,normal,2236,0,1782358540.1857078,0.0017747879028320312
14501,normal,343,0,1782358540.1877065,0.0019986629486083984
14502,normal,2515,0,1782358540.1898327,0.0021262168884277344
14503,normal,517,0,1782358540.1917024,0.0018696784973144531
14504,normal,2147,0,1782358540.1937096,0.0020072460174560547
14505,normal,654,0,1782358540.1957214,0.0020117759704589844
14506,normal,1577,0,1782358540.1979296,0.002208232879638672
14507,normal,683,0,1782358540.199888,0.0019583702087402344
14508,normal,1761,0,1782358540.2020898,0.0022017955780029297
14509,normal,3355,1,1782358540.2039256,0.0018358230590820312
14510,normal,1658,0,1782358540.2058802,0.0019545555114746094
14511,normal,940,2,1782358540.207952,0.002071857452392578
14512,normal,3243,1,1782358540.2098758,0.0019237995147705078
14513,normal,3680,0,1782358540.2117102,0.0018343925476074219
14514,normal,3663,0,1782358540.213952,0.002241849899291992
14515,normal,982,2,1782358540.2158241,0.0018720626831054688
14516,normal,2117,0,1782358540.2178028,0.001978635787963867
14517,normal,2635,0,1782358540.21968,0.0018773078918457031
14518,normal,193,0,1782358540.2220767,0.0023965835571289062
14519,normal,3658,0,1782358540.2243726,0.002295970916748047
14520,normal,769,0,1782358540.2257612,0.0013885498046875
14521,normal,170,0,1782358540.2276795,0.0019183158874511719
14522,normal,287,0,1782358540.229714,0.002034425735473633
14523,normal,581,0,1782358540.2317207,0.0020067691802978516
14524,normal,3420,0,1782358540.2337422,0.0020215511322021484
14525,normal,939,2,1782358540.2357273,0.0019850730895996094
14526,normal,1851,0,1782358540.237712,0.0019845962524414062
14527,normal,100,0,1782358540.2396758,0.0019638538360595703
14528,normal,1550,0,1782358540.2417352,0.002059459686279297
14529,normal,792,2,1782358540.2437668,0.002031564712524414
14530,normal,3109,1,1782358540.245806,0.002039194107055664
14531,normal,3199,1,1782358540.2477982,0.0019922256469726562
14532,normal,3497,0,1782358540.2501307,0.002332448959350586
14533,normal,894,2,1782358540.2518194,0.0016887187957763672
14534,normal,3505,0,1782358540.2538989,0.002079486846923828
14535,normal,2680,0,1782358540.2558854,0.0019865036010742188
14536,normal,2995,0,1782358540.2578862,0.0020008087158203125
14537,normal,495,0,1782358540.2599359,0.002049684524536133
14538,normal,2417,0,1782358540.2616525,0.00171661376953125
14539,normal,3375,1,1782358540.2637062,0.0020537376403808594
14540,normal,2484,0,1782358540.2657619,0.002055644989013672
14541,normal,3580,0,1782358540.2679617,0.002199888229370117
14542,normal,2492,0,1782358540.269864,0.0019023418426513672
14543,normal,1886,0,1782358540.2718492,0.0019850730895996094
14544,normal,2798,0,1782358540.2738993,0.002050161361694336
14545,normal,619,0,1782358540.2758048,0.0019054412841796875
14546,normal,45,0,1782358540.2777088,0.0019040107727050781
14547,normal,3000,0,1782358540.2797115,0.002002716064453125
14548,normal,2519,0,1782358540.2819474,0.002235889434814453
14549,normal,1970,0,1782358540.283966,0.0020186901092529297
14550,normal,465,0,1782358540.2858548,0.0018887519836425781
14551,normal,3483,0,1782358540.2877934,0.0019385814666748047
14552,normal,1446,0,1782358540.2897513,0.0019578933715820312
14553,normal,2120,0,1782358540.29179,0.002038717269897461
14554,normal,3356,1,1782358540.293834,0.0020439624786376953
14555,normal,1764,0,1782358540.2958362,0.002002239227294922
14556,normal,2122,0,1782358540.2984097,0.0025734901428222656
14557,normal,2096,0,1782358540.2997503,0.001340627670288086
14558,normal,1103,0,1782358540.301771,0.002020597457885742
14559,normal,2525,0,1782358540.303798,0.0020270347595214844
14560,normal,97,0,1782358540.305824,0.002026081085205078
14561,normal,3395,1,1782358540.3078032,0.0019791126251220703
14562,normal,979,2,1782358540.309792,0.0019888877868652344
14563,normal,2003,0,1782358540.311748,0.0019559860229492188
14564,normal,701,0,1782358540.3138602,0.002112150192260742
14565,normal,23,0,1782358540.3158708,0.0020105838775634766
14566,normal,3079,1,1782358540.317811,0.0019402503967285156
14567,normal,1039,0,1782358540.3198404,0.0020294189453125
14568,normal,600,0,1782358540.3217819,0.0019414424896240234
14569,normal,746,0,1782358540.3239186,0.002136707305908203
14570,normal,3326,1,1782358540.3261912,0.0022726058959960938
14571,normal,2823,0,1782358540.3278089,0.0016176700592041016
14572,normal,1623,0,1782358540.3299146,0.002105712890625
14573,normal,1537,0,1782358540.3319347,0.002020120620727539
14574,normal,207,0,1782358540.333904,0.0019693374633789062
14575,normal,1694,0,1782358540.3360026,0.002098560333251953
14576,normal,726,0,1782358540.3380191,0.0020165443420410156
14577,normal,53,0,1782358540.3398898,0.0018706321716308594
14578,normal,3513,0,1782358540.3421192,0.002229452133178711
14579,normal,1426,0,1782358540.3445976,0.002478361129760742
14580,normal,2487,0,1782358540.345893,0.001295328140258789
14581,normal,271,0,1782358540.3478887,0.0019958019256591797
14582,normal,2884,0,1782358540.3497725,0.0018837451934814453
14583,normal,2742,0,1782358540.3518214,0.002048969268798828
14584,normal,1551,0,1782358540.3537796,0.001958131790161133
14585,normal,1766,0,1782358540.3557205,0.0019409656524658203
14586,normal,1286,0,1782358540.3578007,0.002080202102661133
14587,normal,862,2,1782358540.3598325,0.0020318031311035156
14588,normal,3240,1,1782358540.3618448,0.0020122528076171875
14589,normal,1152,0,1782358540.3638322,0.001987457275390625
14590,normal,1056,0,1782358540.3659756,0.002143383026123047
14591,normal,195,0,1782358540.3678923,0.001916646957397461
14592,normal,484,0,1782358540.3700037,0.0021114349365234375
14593,normal,2108,0,1782358540.3722737,0.0022699832916259766
14594,normal,2611,0,1782358540.374102,0.0018284320831298828
14595,normal,3464,0,1782358540.3759115,0.0018093585968017578
14596,normal,2087,0,1782358540.3781111,0.0021996498107910156
14597,normal,2750,0,1782358540.3799837,0.0018725395202636719
14598,normal,2186,0,1782358540.381879,0.0018954277038574219
14599,normal,3651,0,1782358540.3840356,0.002156496047973633
14600,normal,843,2,1782358540.3862498,0.002214193344116211
14601,normal,1634,0,1782358540.387817,0.0015671253204345703
14602,normal,2794,0,1782358540.389857,0.0020401477813720703
14603,normal,3006,0,1782358540.3918712,0.00201416015625
14604,normal,1233,0,1782358540.3937597,0.0018885135650634766
14605,normal,543,0,1782358540.3960562,0.00229644775390625
14606,normal,1643,0,1782358540.3979096,0.0018534660339355469
14607,normal,823,2,1782358540.3997266,0.0018169879913330078
14608,normal,2817,0,1782358540.401852,0.002125263214111328
14609,normal,3047,1,1782358540.4038522,0.0020003318786621094
14610,normal,361,0,1782358540.405764,0.0019118785858154297
14611,normal,2231,0,1782358540.4079025,0.002138376235961914
14612,normal,497,0,1782358540.4104235,0.002521038055419922
14613,normal,2004,0,1782358540.4119985,0.0015749931335449219
14614,normal,1132,0,1782358540.414019,0.002020597457885742
14615,normal,2062,0,1782358540.4162498,0.0022306442260742188
14616,normal,3425,0,1782358540.4178932,0.0016434192657470703
14617,normal,241,0,1782358540.4199598,0.0020666122436523438
14618,normal,2453,0,1782358540.421991,0.0020313262939453125
14619,normal,1098,0,1782358540.42382,0.001828908920288086
14620,normal,838,2,1782358540.4258626,0.002042531967163086
14621,normal,2967,0,1782358540.4281838,0.0023212432861328125
14622,normal,1604,0,1782358540.4299958,0.001811981201171875
14623,normal,1674,0,1782358540.4318342,0.0018384456634521484
14624,normal,1831,0,1782358540.4340317,0.0021975040435791016
14625,normal,2205,0,1782358540.435829,0.0017971992492675781
14626,normal,3625,0,1782358540.4380145,0.0021855831146240234
14627,normal,3415,0,1782358540.4399433,0.0019288063049316406
14628,normal,448,0,1782358540.4417365,0.0017931461334228516
14629,normal,813,2,1782358540.4441106,0.0023741722106933594
14630,normal,2802,0,1782358540.447519,0.0034084320068359375
14631,normal,5,0,1782358540.4491687,0.001649618148803711
14632,normal,1558,0,1782358540.4505236,0.0013549327850341797
14633,normal,3269,1,1782358540.4522455,0.0017218589782714844
14634,normal,1804,0,1782358540.4542,0.0019545555114746094
14635,normal,2130,0,1782358540.4559386,0.0017385482788085938
14636,normal,2744,0,1782358540.4581048,0.002166271209716797
14637,normal,2390,0,1782358540.4602942,0.0021893978118896484
14638,normal,3290,1,1782358540.4618175,0.0015232563018798828
14639,normal,984,2,1782358540.4638839,0.002066373825073242
14640,normal,1910,0,1782358540.4661772,0.0022933483123779297
14641,normal,3187,1,1782358540.4677835,0.0016062259674072266
14642,normal,348,0,1782358540.4698493,0.002065896987915039
14643,normal,1280,0,1782358540.4717617,0.0019123554229736328
14644,normal,2287,0,1782358540.473905,0.002143383026123047
14645,normal,1890,0,1782358540.4759011,0.0019960403442382812
14646,normal,2449,0,1782358540.4777822,0.0018811225891113281
14647,normal,2006,0,1782358540.4798925,0.0021102428436279297
14648,normal,1402,0,1782358540.481934,0.0020415782928466797
14649,normal,396,0,1782358540.4838374,0.0019032955169677734
14650,normal,3573,0,1782358540.4859877,0.002150297164916992
14651,normal,3617,0,1782358540.487975,0.0019872188568115234
14652,normal,1432,0,1782358540.4899745,0.0019996166229248047
14653,normal,1838,0,1782358540.4917235,0.0017490386962890625
14654,normal,3277,1,1782358540.4939377,0.002214193344116211
14655,normal,2334,0,1782358540.4958208,0.0018830299377441406
14656,normal,3186,1,1782358540.4979565,0.002135753631591797
14657,normal,1157,0,1782358540.4999583,0.0020017623901367188
14658,normal,2816,0,1782358540.5017662,0.0018079280853271484
14659,normal,870,2,1782358540.5038643,0.00209808349609375
14660,normal,643,0,1782358540.5059354,0.0020711421966552734
14661,normal,2887,0,1782358540.5078106,0.001875162124633789
14662,normal,397,0,1782358540.5099683,0.0021576881408691406
14663,normal,3336,1,1782358540.5119627,0.0019943714141845703
14664,normal,3595,0,1782358540.5138223,0.0018596649169921875
14665,normal,1516,0,1782358540.5159237,0.002101421356201172
14666,normal,1437,0,1782358540.5179653,0.0020415782928466797
14667,normal,1800,0,1782358540.519783,0.0018177032470703125
14668,normal,1104,0,1782358540.5219188,0.002135753631591797
14669,normal,398,0,1782358540.5238779,0.001959085464477539
14670,normal,596,0,1782358540.5258706,0.0019927024841308594
14671,normal,3232,1,1782358540.5278919,0.002021312713623047
14672,normal,2088,0,1782358540.5305073,0.0026154518127441406
14673,normal,2705,0,1782358540.5317786,0.0012712478637695312
14674,normal,233,0,1782358540.533972,0.002193450927734375
14675,normal,1499,0,1782358540.5357637,0.0017917156219482422
14676,normal,228,0,1782358540.5378306,0.0020668506622314453
14677,normal,2278,0,1782358540.5398467,0.0020160675048828125
14678,normal,3260,1,1782358540.5419567,0.002110004425048828
14679,normal,2689,0,1782358540.5439837,0.0020270347595214844
14680,normal,77,0,1782358540.5458941,0.0019104480743408203
14681,normal,2696,0,1782358540.5487905,0.0028963088989257812
14682,normal,2898,0,1782358540.5499086,0.0011181831359863281
14683,normal,2274,0,1782358540.5521178,0.002209186553955078
14684,normal,3438,0,1782358540.5538855,0.0017676353454589844
14685,normal,1486,0,1782358540.555755,0.0018694400787353516
14686,normal,833,2,1782358540.5579257,0.0021708011627197266
14687,normal,253,0,1782358540.559747,0.001821279525756836
14688,normal,1780,0,1782358540.5618732,0.0021262168884277344
14689,normal,2999,0,1782358540.563895,0.00202178955078125
14690,normal,2502,0,1782358540.5658622,0.001967191696166992
14691,normal,1840,0,1782358540.5677924,0.00193023681640625
14692,normal,3410,0,1782358540.5699472,0.002154827117919922
14693,normal,214,0,1782358540.5718434,0.0018961429595947266
14694,normal,1572,0,1782358540.5737944,0.001950979232788086
14695,normal,1134,0,1782358540.576501,0.0027065277099609375
14696,normal,3607,0,1782358540.578638,0.0021371841430664062
14697,normal,2262,0,1782358540.5801303,0.0014922618865966797
14698,normal,3396,1,1782358540.5821092,0.0019788742065429688
14699,normal,938,2,1782358540.5840065,0.0018973350524902344
14700,normal,1155,0,1782358540.5858374,0.0018308162689208984
14701,normal,3036,0,1782358540.5880299,0.0021924972534179688
14702,normal,2945,0,1782358540.5901127,0.00208282470703125
14703,normal,2532,0,1782358540.5918846,0.0017719268798828125
14704,normal,2986,0,1782358540.5941246,0.0022399425506591797
14705,normal,1216,0,1782358540.5958555,0.0017309188842773438
14706,normal,2697,0,1782358540.597739,0.0018835067749023438
14707,normal,422,0,1782358540.5998588,0.002119779586791992
14708,normal,39,0,1782358540.601961,0.0021021366119384766
14709,normal,38,0,1782358540.6038117,0.0018508434295654297
14710,normal,3402,0,1782358540.6058602,0.002048492431640625
14711,normal,2101,0,1782358540.6078513,0.0019910335540771484
14712,normal,2005,0,1782358540.6097255,0.0018742084503173828
14713,normal,1130,0,1782358540.611901,0.002175569534301758
14714,normal,250,0,1782358540.6138937,0.0019927024841308594
14715,normal,3057,1,1782358540.6164305,0.002536773681640625
14716,normal,796,2,1782358540.6182892,0.0018587112426757812
14717,normal,712,0,1782358540.620289,0.0019998550415039062
14718,normal,393,0,1782358540.6218832,0.0015940666198730469
14719,normal,2352,0,1782358540.6239824,0.002099275588989258
14720,normal,288,0,1782358540.6259942,0.0020117759704589844
14721,normal,442,0,1782358540.6278677,0.0018734931945800781
14722,normal,316,0,1782358540.6299622,0.0020945072174072266
14723,normal,2984,0,1782358540.6323106,0.0023484230041503906
14724,normal,67,0,1782358540.6343126,0.0020020008087158203
14725,normal,71,0,1782358540.6359358,0.0016231536865234375
14726,normal,87,0,1782358540.637982,0.0020461082458496094
14727,normal,3524,0,1782358540.6397722,0.0017902851104736328
14728,normal,1923,0,1782358540.6420357,0.0022635459899902344
14729,normal,133,0,1782358540.644037,0.0020012855529785156
14730,normal,2715,0,1782358540.6458013,0.0017642974853515625
14731,normal,2235,0,1782358540.6482992,0.0024979114532470703
14732,normal,535,0,1782358540.6501353,0.0018360614776611328
14733,normal,1605,0,1782358540.651859,0.0017237663269042969
14734,normal,1684,0,1782358540.6538193,0.001960277557373047
14735,normal,623,0,1782358540.6558807,0.0020613670349121094
14736,normal,672,0,1782358540.6578681,0.001987457275390625
14737,normal,2089,0,1782358540.6598272,0.001959085464477539
14738,normal,3522,0,1782358540.6617281,0.0019009113311767578
14739,normal,1239,0,1782358540.6641362,0.0024080276489257812
14740,normal,1420,0,1782358540.6660101,0.0018739700317382812
14741,normal,2640,0,1782358540.6679873,0.001977205276489258
14742,normal,807,2,1782358540.6697798,0.0017924308776855469
14743,normal,2063,0,1782358540.6720762,0.00229644775390625
14744,normal,2807,0,1782358540.6741185,0.0020422935485839844
14745,normal,829,2,1782358540.6757996,0.0016810894012451172
14746,normal,2018,0,1782358540.6778884,0.002088785171508789
14747,normal,1044,0,1782358540.6799166,0.002028226852416992
14748,normal,2118,0,1782358540.6818402,0.0019235610961914062
14749,normal,1008,2,1782358540.6838832,0.002043008804321289
14750,normal,1263,0,1782358540.6858869,0.0020036697387695312
14751,normal,424,0,1782358540.6877685,0.0018815994262695312
14752,normal,1300,0,1782358540.6898885,0.0021200180053710938
14753,normal,1080,0,1782358540.6919208,0.0020322799682617188
14754,normal,298,0,1782358540.6938596,0.0019388198852539062
14755,normal,273,0,1782358540.695991,0.0021314620971679688
14756,normal,806,2,1782358540.6980183,0.002027273178100586
14757,normal,2903,0,1782358540.699851,0.001832723617553711
14758,normal,1806,0,1782358540.7019246,0.002073526382446289
14759,normal,3539,0,1782358540.703949,0.002024412155151367
14760,normal,371,0,1782358540.7058306,0.0018815994262695312
14761,normal,2977,0,1782358540.7079685,0.002137899398803711
14762,normal,506,0,1782358540.7099578,0.0019893646240234375
14763,normal,1677,0,1782358540.7117631,0.0018053054809570312
14764,normal,3085,1,1782358540.7138422,0.002079010009765625
14765,normal,429,0,1782358540.715855,0.0020127296447753906
14766,normal,1636,0,1782358540.7178106,0.001955747604370117
14767,normal,2376,0,1782358540.7199624,0.0021517276763916016
14768,normal,1029,2,1782358540.7220113,0.002048969268798828
14769,normal,1214,0,1782358540.7237885,0.0017771720886230469
14770,normal,3448,0,1782358540.7259076,0.0021190643310546875
14771,normal,1116,0,1782358540.7278988,0.00199127197265625
14772,normal,1913,0,1782358540.7297978,0.0018990039825439453
14773,normal,804,2,1782358540.7318778,0.0020799636840820312
14774,normal,119,0,1782358540.7339396,0.0020618438720703125
14775,normal,2207,0,1782358540.7357914,0.001851797103881836
14776,normal,738,0,1782358540.7378652,0.0020737648010253906
14777,normal,3014,0,1782358540.739919,0.0020537376403808594
14778,normal,1411,0,1782358540.7418118,0.0018928050994873047
14779,normal,2144,0,1782358540.7438855,0.0020737648010253906
14780,normal,1378,1,1782358540.7459147,0.0020291805267333984
14781,normal,2800,0,1782358540.7478635,0.0019488334655761719
14782,normal,2756,0,1782358540.7500815,0.002218008041381836
14783,normal,2782,0,1782358540.7520854,0.002003908157348633
14784,normal,3434,0,1782358540.7538807,0.0017952919006347656
14785,normal,1269,0,1782358540.7560034,0.002122640609741211
14786,normal,3024,0,1782358540.758015,0.002011537551879883
14787,normal,1400,0,1782358540.760022,0.002007007598876953
14788,normal,1858,0,1782358540.7618194,0.0017974376678466797
14789,normal,1276,0,1782358540.7638988,0.002079486846923828
14790,normal,1050,0,1782358540.7657454,0.0018465518951416016
14791,normal,234,0,1782358540.7678823,0.0021369457244873047
14792,normal,1347,1,1782358540.769846,0.0019636154174804688
14793,normal,3115,1,1782358540.7717988,0.0019528865814208984
14794,normal,634,0,1782358540.7738867,0.002087831497192383
14795,normal,381,0,1782358540.7758405,0.0019538402557373047
14796,normal,987,2,1782358540.7778478,0.0020072460174560547
14797,normal,3040,0,1782358540.7799268,0.002079010009765625
14798,normal,1844,0,1782358540.7818828,0.0019559860229492188
14799,normal,1022,2,1782358540.7838953,0.002012491226196289
14800,normal,166,0,1782358540.7863932,0.0024979114532470703
14801,normal,3219,1,1782358540.7880986,0.0017054080963134766
14802,normal,3609,0,1782358540.7901735,0.0020749568939208984
14803,normal,1545,0,1782358540.791984,0.0018105506896972656
14804,normal,635,0,1782358540.7942855,0.002301454544067383
14805,normal,154,0,1782358540.7959223,0.0016367435455322266
14806,normal,2677,0,1782358540.7980337,0.0021114349365234375
14807,normal,145,0,1782358540.7998624,0.0018286705017089844
14808,normal,1508,0,1782358540.8017395,0.0018770694732666016
14809,normal,2804,0,1782358540.8041818,0.0024423599243164062
14810,normal,2811,0,1782358540.8059347,0.0017528533935546875
14811,normal,3138,1,1782358540.8078215,0.0018868446350097656
14812,normal,768,0,1782358540.809972,0.0021505355834960938
14813,normal,680,0,1782358540.811842,0.0018699169158935547
14814,normal,1500,0,1782358540.8137379,0.001895904541015625
14815,normal,3469,0,1782358540.8158603,0.0021224021911621094
14816,normal,675,0,1782358540.8180234,0.0021631717681884766
14817,normal,428,0,1782358540.8199713,0.0019478797912597656
14818,normal,1373,1,1782358540.8221042,0.002132892608642578
14819,normal,142,0,1782358540.8240807,0.001976490020751953
14820,normal,2567,0,1782358540.8259847,0.0019040107727050781
14821,normal,1935,0,1782358540.8281372,0.0021524429321289062
14822,normal,1670,0,1782358540.8299744,0.0018372535705566406
14823,normal,2916,0,1782358540.831768,0.0017936229705810547
14824,normal,1047,0,1782358540.833978,0.002209901809692383
14825,normal,1665,0,1782358540.8361802,0.002202272415161133
14826,normal,1439,0,1782358540.837865,0.0016849040985107422
14827,normal,2200,0,1782358540.8400705,0.002205371856689453
14828,normal,95,0,1782358540.8423486,0.0022780895233154297
14829,normal,2599,0,1782358540.8439143,0.001565694808959961
14830,normal,353,0,1782358540.8460526,0.002138376235961914
14831,normal,2772,0,1782358540.8478642,0.0018115043640136719
14832,normal,3591,0,1782358540.849722,0.001857757568359375
14833,normal,181,0,1782358540.8519027,0.002180814743041992
14834,normal,143,0,1782358540.853889,0.001986265182495117
14835,normal,3471,0,1782358540.8557777,0.0018887519836425781
14836,normal,2083,0,1782358540.8578842,0.0021064281463623047
14837,normal,477,0,1782358540.8597858,0.0019016265869140625
14838,normal,1618,0,1782358540.8617651,0.001979351043701172
14839,normal,2319,0,1782358540.8639042,0.0021390914916992188
14840,normal,2142,0,1782358575.5921597,0.0
14841,normal,2277,0,1782358575.5941455,0.001985788345336914
14842,normal,2351,0,1782358575.5962672,0.0021216869354248047
14843,normal,1588,0,1782358575.598239,0.001971721649169922
14844,normal,1392,0,1782358575.6001232,0.0018842220306396484
14845,normal,2396,0,1782358575.6023953,0.0022721290588378906
14846,normal,1859,0,1782358575.6041641,0.0017688274383544922
14847,normal,2617,0,1782358575.606332,0.002167940139770508
14848,normal,443,0,1782358575.608283,0.001950979232788086
14849,normal,1899,0,1782358575.6102521,0.0019690990447998047
14850,normal,3572,0,1782358575.6123235,0.002071380615234375
14851,normal,3225,1,1782358575.6142855,0.001961946487426758
14852,normal,2653,0,1782358575.616324,0.0020384788513183594
14853,normal,2408,0,1782358575.6182008,0.0018768310546875
14854,normal,1807,0,1782358575.6203794,0.002178668975830078
14855,normal,229,0,1782358575.6222034,0.0018239021301269531
14856,normal,3523,0,1782358575.6243265,0.002123117446899414
14857,normal,3290,1,1782358575.626295,0.0019686222076416016
14858,normal,1205,0,1782358575.6283245,0.0020294189453125
14859,normal,2647,0,1782358575.6304023,0.002077817916870117
14860,normal,1836,0,1782358575.6322987,0.0018963813781738281
14861,normal,3306,1,1782358575.6345298,0.002231121063232422
14862,normal,754,0,1782358575.6362214,0.001691579818725586
14863,normal,2290,0,1782358575.6385584,0.0023369789123535156
14864,normal,2127,0,1782358575.6402237,0.001665353775024414
14865,normal,298,0,1782358575.6425173,0.0022935867309570312
14866,normal,2531,0,1782358575.6443024,0.0017850399017333984
14867,normal,1957,0,1782358575.6463652,0.0020627975463867188
14868,normal,666,0,1782358575.6484237,0.0020585060119628906
14869,normal,581,0,1782358575.6505294,0.002105712890625
14870,normal,3487,0,1782358575.6522386,0.0017092227935791016
14871,normal,1249,0,1782358575.654522,0.002283334732055664
14872,normal,2794,0,1782358575.656357,0.0018351078033447266
14873,normal,2260,0,1782358575.6582239,0.0018668174743652344
14874,normal,2894,0,1782358575.6605282,0.0023043155670166016
14875,normal,1616,0,1782358575.6623793,0.0018510818481445312
14876,normal,2041,0,1782358575.664403,0.0020236968994140625
14877,normal,2105,0,1782358575.6664073,0.002004384994506836
14878,normal,2716,0,1782358575.6685433,0.0021359920501708984
14879,normal,779,2,1782358575.6702454,0.0017020702362060547
14880,normal,3262,1,1782358575.6725574,0.0023119449615478516
14881,normal,837,2,1782358575.674402,0.001844644546508789
14882,normal,2952,0,1782358575.6762393,0.0018372535705566406
14883,normal,2777,0,1782358575.6785488,0.002309560775756836
14884,normal,2138,0,1782358575.6804051,0.0018563270568847656
14885,normal,50,0,1782358575.6822412,0.0018360614776611328
14886,normal,510,0,1782358575.6845536,0.0023124217987060547
14887,normal,1476,0,1782358575.6863968,0.0018432140350341797
14888,normal,2620,0,1782358575.6882405,0.0018436908721923828
14889,normal,3037,0,1782358575.6905444,0.0023038387298583984
14890,normal,1995,0,1782358575.6922448,0.0017004013061523438
14891,normal,3569,0,1782358575.6945374,0.002292633056640625
14892,normal,1571,0,1782358575.6962597,0.0017223358154296875
14893,normal,1907,0,1782358575.6985447,0.002285003662109375
14894,normal,2354,0,1782358575.7002392,0.0016944408416748047
14895,normal,3592,0,1782358575.7025738,0.0023345947265625
14896,normal,80,0,1782358575.7043998,0.0018260478973388672
14897,normal,1963,0,1782358575.7064278,0.0020279884338378906
14898,normal,2337,0,1782358575.7085643,0.0021364688873291016
14899,normal,1723,0,1782358575.7103946,0.0018303394317626953
14900,normal,1140,0,1782358575.712426,0.0020313262939453125
14901,normal,2657,0,1782358575.7144217,0.0019958019256591797
14902,normal,3146,1,1782358575.7165499,0.002128124237060547
14903,normal,1763,0,1782358575.7182403,0.0016903877258300781
14904,normal,2575,0,1782358575.7205153,0.0022749900817871094
14905,normal,3276,1,1782358575.7224019,0.001886606216430664
14906,normal,2566,0,1782358575.7242448,0.0018429756164550781
14907,normal,1052,0,1782358575.7266545,0.002409696578979492
14908,normal,224,0,1782358575.7283993,0.0017447471618652344
14909,normal,2950,0,1782358575.7304275,0.002028226852416992
14910,normal,3094,1,1782358575.7324283,0.0020008087158203125
14911,normal,3378,1,1782358575.7345617,0.0021333694458007812
14912,normal,240,0,1782358575.7362404,0.0016787052154541016
14913,normal,270,0,1782358575.7385764,0.0023360252380371094
14914,normal,3534,0,1782358575.7403996,0.0018231868743896484
14915,normal,3365,1,1782358575.7422423,0.0018427371978759766
14916,normal,2664,0,1782358575.7445674,0.0023250579833984375
14917,normal,1691,0,1782358575.7463927,0.0018253326416015625
14918,normal,1276,0,1782358575.748424,0.0020313262939453125
14919,normal,1852,0,1782358575.7504225,0.001998424530029297
14920,normal,155,0,1782358575.7525344,0.0021119117736816406
14921,normal,1444,0,1782358575.7542439,0.0017094612121582031
14922,normal,1718,0,1782358575.7565866,0.002342700958251953
14923,normal,834,2,1782358575.7583976,0.0018110275268554688
14924,normal,1936,0,1782358575.760428,0.0020303726196289062
14925,normal,1257,0,1782358575.7624297,0.0020017623901367188
14926,normal,1608,0,1782358575.7645261,0.002096414566040039
14927,normal,3102,1,1782358575.7662406,0.001714468002319336
14928,normal,2707,0,1782358575.768582,0.0023415088653564453
14929,normal,46,0,1782358575.7704177,0.0018355846405029297
14930,normal,199,0,1782358575.7722378,0.0018200874328613281
14931,normal,428,0,1782358575.7745793,0.0023415088653564453
14932,normal,531,0,1782358575.7763937,0.0018143653869628906
14933,normal,2050,0,1782358575.7784286,0.002034902572631836
14934,normal,1677,0,1782358575.780373,0.0019445419311523438
14935,normal,313,0,1782358575.782551,0.0021779537200927734
14936,normal,1387,0,1782358575.7842398,0.0016887187957763672
14937,normal,1101,0,1782358575.786584,0.0023441314697265625
14938,normal,2636,0,1782358575.7883997,0.0018157958984375
14939,normal,2847,0,1782358575.7902396,0.0018398761749267578
14940,normal,2005,0,1782358575.7925365,0.002296924591064453
14941,normal,1486,0,1782358575.7942717,0.0017352104187011719
14942,normal,2854,0,1782358575.796523,0.0022513866424560547
14943,normal,2546,0,1782358575.7985845,0.0020613670349121094
14944,normal,3058,1,1782358575.8002312,0.0016467571258544922
14945,normal,1371,1,1782358575.8024268,0.002195596694946289
14946,normal,69,0,1782358575.8044589,0.002032041549682617
14947,normal,1260,0,1782358575.8065364,0.0020775794982910156
14948,normal,3445,0,1782358575.8082378,0.00170135498046875
14949,normal,969,2,1782358575.8105931,0.002355337142944336
14950,normal,1986,0,1782358575.8123887,0.0017955303192138672
14951,normal,3293,1,1782358575.814423,0.002034425735473633
14952,normal,1450,0,1782358575.8164442,0.0020210742950439453
14953,normal,197,0,1782358575.8185484,0.0021042823791503906
14954,normal,216,0,1782358575.8202386,0.0016901493072509766
14955,normal,1518,0,1782358575.822371,0.002132415771484375
14956,normal,1719,0,1782358575.8245528,0.0021817684173583984
14957,normal,643,0,1782358575.826225,0.0016722679138183594
14958,normal,1981,0,1782358575.8283243,0.002099275588989258
14959,normal,193,0,1782358575.830483,0.002158641815185547
14960,normal,363,0,1782358575.832206,0.0017230510711669922
14961,normal,1606,0,1782358575.8344297,0.0022237300872802734
14962,normal,2537,0,1782358575.836386,0.0019562244415283203
14963,normal,1008,2,1782358575.8382032,0.0018172264099121094
14964,normal,3250,1,1782358575.8404222,0.002218961715698242
14965,normal,2735,0,1782358575.8423789,0.0019567012786865234
14966,normal,499,0,1782358575.844205,0.0018260478973388672
14967,normal,1393,0,1782358575.8464248,0.0022199153900146484
14968,normal,1770,0,1782358575.8483741,0.001949310302734375
14969,normal,2091,0,1782358575.8502045,0.0018303394317626953
14970,normal,1930,0,1782358575.8524294,0.0022249221801757812
14971,normal,961,2,1782358575.8543723,0.0019428730010986328
14972,normal,2273,0,1782358575.8562036,0.0018312931060791016
14973,normal,3418,0,1782358575.8584287,0.002225160598754883
14974,normal,761,0,1782358575.8602507,0.0018219947814941406
14975,normal,862,2,1782358575.8623242,0.002073526382446289
14976,normal,2358,0,1782358575.8642962,0.0019719600677490234
14977,normal,3678,0,1782358575.866375,0.0020787715911865234
14978,normal,662,0,1782358575.8682027,0.0018277168273925781
14979,normal,518,0,1782358575.8703668,0.002164125442504883
14980,normal,3267,1,1782358575.8723698,0.0020029544830322266
14981,normal,864,2,1782358575.874203,0.001833200454711914
14982,normal,2564,0,1782358575.8763204,0.0021173954010009766
14983,normal,788,2,1782358575.8783836,0.002063274383544922
14984,normal,3277,1,1782358575.8802018,0.0018181800842285156
14985,normal,1226,0,1782358575.8823256,0.0021238327026367188
14986,normal,2319,0,1782358575.8843641,0.0020384788513183594
14987,normal,2518,0,1782358575.8862026,0.0018384456634521484
14988,normal,1890,0,1782358575.8883305,0.0021278858184814453
14989,normal,801,2,1782358575.8903613,0.0020308494567871094
14990,normal,434,0,1782358575.8922296,0.0018682479858398438
14991,normal,3002,0,1782358575.8951483,0.002918720245361328
14992,normal,3636,0,1782358575.896525,0.0013766288757324219
14993,normal,2571,0,1782358575.8982253,0.0017004013061523438
14994,normal,1816,0,1782358575.9005222,0.002296924591064453
14995,normal,2667,0,1782358575.9022605,0.0017383098602294922
14996,normal,813,2,1782358575.904528,0.0022673606872558594
14997,normal,2734,0,1782358575.9062567,0.0017287731170654297
14998,normal,2451,0,1782358575.9085305,0.0022737979888916016
14999,normal,1560,0,1782358575.9102294,0.0016989707946777344
15000,normal,2704,0,1782358575.9125345,0.0023050308227539062
15001,normal,3656,0,1782358575.9142632,0.0017287731170654297
15002,normal,2610,0,1782358575.9165223,0.0022590160369873047
15003,normal,1589,0,1782358575.918227,0.0017046928405761719
15004,normal,2773,0,1782358575.9205277,0.002300739288330078
15005,normal,1808,0,1782358575.9222267,0.0016989707946777344
15006,normal,2470,0,1782358575.9245143,0.002287626266479492
15007,normal,3662,0,1782358575.9262588,0.0017445087432861328
15008,normal,838,2,1782358575.9283633,0.002104520797729492
15009,normal,1568,0,1782358575.9304223,0.0020589828491210938
15010,normal,1609,0,1782358575.9325469,0.0021245479583740234
15011,normal,1081,0,1782358575.9342391,0.0016922950744628906
15012,normal,2417,0,1782358575.9365897,0.0023505687713623047
15013,normal,3136,1,1782358575.938387,0.0017971992492675781
15014,normal,2554,0,1782358575.9404278,0.002040863037109375
15015,normal,2816,0,1782358575.9423766,0.0019488334655761719
15016,normal,2013,0,1782358575.9445477,0.002171039581298828
15017,normal,3352,1,1782358575.9462476,0.0016999244689941406
15018,normal,3688,0,1782358575.9485688,0.0023212432861328125
15019,normal,231,0,1782358575.9503894,0.0018205642700195312
15020,normal,2961,0,1782358575.9522388,0.0018494129180908203
15021,normal,2211,0,1782358575.9545698,0.0023310184478759766
15022,normal,3454,0,1782358575.9563959,0.0018260478973388672
15023,normal,1797,0,1782358575.958434,0.002038240432739258
15024,normal,1470,0,1782358575.960434,0.0019998550415039062
15025,normal,2536,0,1782358575.962536,0.0021021366119384766
15026,normal,1803,0,1782358575.9642394,0.0017032623291015625
15027,normal,1030,0,1782358575.9665644,0.0023250579833984375
15028,normal,514,0,1782358575.9683926,0.0018281936645507812
15029,normal,3193,1,1782358575.9704392,0.0020465850830078125
15030,normal,1343,1,1782358575.9723983,0.001959085464477539
15031,normal,3386,1,1782358575.9745789,0.0021805763244628906
15032,normal,1848,0,1782358575.976241,0.0016622543334960938
15033,normal,3265,1,1782358575.978594,0.0023529529571533203
15034,normal,1266,0,1782358575.9804292,0.0018351078033447266
15035,normal,1298,0,1782358575.982239,0.001809835433959961
15036,normal,1093,0,1782358575.9845924,0.0023534297943115234
15037,normal,3283,1,1782358575.9864073,0.0018148422241210938
15038,normal,3101,1,1782358575.9884264,0.002019166946411133
15039,normal,3556,0,1782358575.9904041,0.001977682113647461
15040,normal,735,0,1782358575.9925373,0.0021331310272216797
15041,normal,1796,0,1782358575.9942377,0.0017004013061523438
15042,normal,774,2,1782358575.9966004,0.0023627281188964844
15043,normal,3695,0,1782358575.9984157,0.0018153190612792969
15044,normal,1671,0,1782358576.0004294,0.002013683319091797
15045,normal,1566,0,1782358576.0023956,0.001966238021850586
15046,normal,646,0,1782358576.0045276,0.002131938934326172
15047,normal,1106,0,1782358576.0062413,0.0017137527465820312
15048,normal,2095,0,1782358576.0085828,0.0023415088653564453
15049,normal,708,0,1782358576.0104094,0.0018265247344970703
15050,normal,1252,0,1782358576.0122342,0.0018248558044433594
15051,normal,1739,0,1782358576.0146017,0.0023674964904785156
15052,normal,1200,0,1782358576.016386,0.0017843246459960938
15053,normal,2098,0,1782358576.018428,0.002042055130004883
15054,normal,955,2,1782358576.0203977,0.001969575881958008
15055,normal,188,0,1782358576.0225525,0.002154827117919922
15056,normal,1084,0,1782358576.0242383,0.0016858577728271484
15057,normal,3494,0,1782358576.0265949,0.0023565292358398438
15058,normal,1893,0,1782358576.0283809,0.0017859935760498047
15059,normal,1559,0,1782358576.030428,0.0020470619201660156
15060,normal,70,0,1782358576.0324552,0.002027273178100586
15061,normal,3169,1,1782358576.0345657,0.0021104812622070312
15062,normal,2595,0,1782358576.036239,0.0016732215881347656
15063,normal,3130,1,1782358576.0385866,0.002347707748413086
15064,normal,2989,0,1782358576.0403998,0.0018131732940673828
15065,normal,2860,0,1782358576.0424316,0.0020318031311035156
15066,normal,2212,0,1782358576.0444775,0.002045869827270508
15067,normal,2356,0,1782358576.046377,0.0018994808197021484
15068,normal,1802,0,1782358576.0483558,0.0019788742065429688
15069,normal,3005,0,1782358576.0505016,0.0021457672119140625
15070,normal,875,2,1782358576.0523834,0.0018818378448486328
15071,normal,649,0,1782358576.0544271,0.0020437240600585938
15072,normal,2754,0,1782358576.0564613,0.0020341873168945312
15073,normal,3691,0,1782358576.0585449,0.0020835399627685547
15074,normal,948,2,1782358576.0602372,0.0016922950744628906
15075,normal,1735,0,1782358576.0625274,0.0022902488708496094
15076,normal,250,0,1782358576.0643885,0.0018610954284667969
15077,normal,2371,0,1782358576.0664463,0.002057790756225586
15078,normal,2381,0,1782358576.0684733,0.0020270347595214844
15079,normal,3652,0,1782358576.0705433,0.0020699501037597656
15080,normal,1867,0,1782358576.0722325,0.0016891956329345703
15081,normal,1067,0,1782358576.0745957,0.0023632049560546875
15082,normal,1526,0,1782358576.07639,0.0017943382263183594
15083,normal,1600,0,1782358576.0782387,0.0018486976623535156
15084,normal,3097,1,1782358576.0806265,0.0023877620697021484
15085,normal,2009,0,1782358576.0823905,0.001764059066772461
15086,normal,3261,1,1782358576.084425,0.002034425735473633
15087,normal,863,2,1782358576.086471,0.0020461082458496094
15088,normal,319,0,1782358576.088548,0.002076864242553711
15089,normal,800,2,1782358576.0902374,0.0016894340515136719
15090,normal,3395,1,1782358576.0926247,0.0023872852325439453
15091,normal,2164,0,1782358576.0943847,0.0017600059509277344
15092,normal,3651,0,1782358576.096425,0.002040386199951172
15093,normal,31,0,1782358576.0983765,0.001951456069946289
15094,normal,857,2,1782358576.1004255,0.002048969268798828
15095,normal,138,0,1782358576.102392,0.0019664764404296875
15096,normal,1611,0,1782358576.1042285,0.001836538314819336
15097,normal,42,0,1782358576.1065342,0.002305746078491211
15098,normal,2177,0,1782358576.108239,0.0017046928405761719
15099,normal,1840,0,1782358576.1103864,0.0021474361419677734
15100,normal,2274,0,1782358576.112389,0.002002716064453125
15101,normal,2836,0,1782358576.114173,0.0017838478088378906
15102,normal,2141,0,1782358576.1161437,0.0019707679748535156
15103,normal,585,0,1782358576.1181343,0.0019905567169189453
15104,normal,3308,1,1782358576.1201923,0.0020580291748046875
15105,normal,1812,0,1782358576.122382,0.00218963623046875
15106,normal,498,0,1782358576.1243944,0.002012491226196289
15107,normal,2714,0,1782358576.1261842,0.0017898082733154297
15108,normal,1712,0,1782358576.1283705,0.002186298370361328
15109,normal,3479,0,1782358576.130379,0.0020084381103515625
15110,normal,3295,1,1782358576.1322074,0.0018284320831298828
15111,normal,2406,0,1782358576.1344337,0.0022263526916503906
15112,normal,2140,0,1782358576.1364214,0.0019876956939697266
15113,normal,791,2,1782358576.1382515,0.0018301010131835938
15114,normal,1155,0,1782358576.140408,0.002156496047973633
15115,normal,1680,0,1782358576.142378,0.001970052719116211
15116,normal,3628,0,1782358576.1442566,0.001878499984741211
15117,normal,773,2,1782358576.1464553,0.0021986961364746094
15118,normal,3610,0,1782358576.1482139,0.001758575439453125
15119,normal,2604,0,1782358576.1503816,0.0021677017211914062
15120,normal,3089,1,1782358576.1522443,0.0018627643585205078
15121,normal,19,0,1782358576.1543767,0.002132415771484375
15122,normal,3471,0,1782358576.156211,0.0018341541290283203
15123,normal,3305,1,1782358576.158426,0.002215147018432617
15124,normal,2353,0,1782358576.1603851,0.001959085464477539
15125,normal,2513,0,1782358576.162184,0.001798868179321289
15126,normal,2953,0,1782358576.1644254,0.002241373062133789
15127,normal,2311,0,1782358576.166406,0.0019805431365966797
15128,normal,3444,0,1782358576.1681817,0.0017757415771484375
15129,normal,86,0,1782358576.1704621,0.0022804737091064453
15130,normal,182,0,1782358576.1721852,0.0017230510711669922
15131,normal,2666,0,1782358576.174244,0.002058744430541992
15132,normal,537,0,1782358576.1764445,0.002200603485107422
15133,normal,3448,0,1782358576.1784132,0.0019686222076416016
15134,normal,1305,0,1782358576.1802053,0.0017921924591064453
15135,normal,3393,1,1782358576.1824622,0.0022568702697753906
15136,normal,2758,0,1782358576.1842299,0.0017676353454589844
15137,normal,2304,0,1782358576.1864197,0.0021898746490478516
15138,normal,2544,0,1782358576.1882482,0.0018284320831298828
15139,normal,2712,0,1782358576.1904078,0.002159595489501953
15140,normal,310,0,1782358576.1922112,0.0018033981323242188
15141,normal,1237,0,1782358576.19459,0.0023789405822753906
15142,normal,1458,0,1782358576.1962724,0.001682281494140625
15143,normal,2592,0,1782358576.1985226,0.002250194549560547
15144,normal,2619,0,1782358576.2002597,0.0017371177673339844
15145,normal,2560,0,1782358576.2025187,0.0022590160369873047
15146,normal,1056,0,1782358576.204224,0.0017054080963134766
15147,normal,1896,0,1782358576.2065701,0.002346038818359375
15148,normal,2886,0,1782358576.2082505,0.0016803741455078125
15149,normal,2642,0,1782358576.2110188,0.002768278121948242
15150,normal,2583,0,1782358576.212231,0.0012121200561523438
15151,normal,3366,1,1782358576.2145529,0.002321958541870117
15152,normal,194,0,1782358576.2162387,0.0016858577728271484
15153,normal,1063,0,1782358576.2186074,0.0023686885833740234
15154,normal,3562,0,1782358576.2203712,0.0017638206481933594
15155,normal,2485,0,1782358576.2226448,0.0022735595703125
15156,normal,3361,1,1782358576.2245622,0.0019173622131347656
15157,normal,2949,0,1782358576.2264013,0.0018391609191894531
15158,normal,3397,1,1782358576.2286077,0.0022063255310058594
15159,normal,460,0,1782358576.2305999,0.0019922256469726562
15160,normal,2310,0,1782358576.2333646,0.0027647018432617188
15161,normal,2240,0,1782358576.2351396,0.0017750263214111328
15162,normal,2675,0,1782358576.237198,0.0020585060119628906
15163,normal,536,0,1782358576.2390199,0.001821756362915039
15164,normal,2503,0,1782358576.2404244,0.0014045238494873047
15165,normal,2865,0,1782358576.2427042,0.0022797584533691406
15166,normal,2280,0,1782358576.244591,0.0018868446350097656
15167,normal,548,0,1782358576.2469318,0.0023407936096191406
15168,normal,2956,0,1782358576.2482398,0.0013079643249511719
15169,normal,3568,0,1782358576.250904,0.002664327621459961
15170,normal,866,2,1782358576.2529213,0.0020172595977783203
15171,normal,1626,0,1782358576.2542005,0.0012791156768798828
15172,normal,2558,0,1782358576.2567532,0.0025527477264404297
15173,normal,669,0,1782358576.2582169,0.0014636516571044922
15174,normal,622,0,1782358576.260163,0.0019462108612060547
15175,normal,1487,0,1782358576.2624536,0.002290487289428711
15176,normal,1240,0,1782358576.26419,0.0017364025115966797
15177,normal,1704,0,1782358576.2664616,0.0022716522216796875
15178,normal,1175,0,1782358576.268529,0.0020673274993896484
15179,normal,1630,0,1782358576.2702255,0.0016965866088867188
15180,normal,2352,0,1782358576.2725265,0.0023009777069091797
15181,normal,757,0,1782358576.2743874,0.0018608570098876953
15182,normal,44,0,1782358576.2762668,0.0018794536590576172
15183,normal,2878,0,1782358576.2786577,0.0023908615112304688
15184,normal,170,0,1782358576.2802782,0.0016205310821533203
15185,normal,3414,0,1782358576.2824242,0.002146005630493164
15186,normal,1997,0,1782358576.2843828,0.001958608627319336
15187,normal,2174,0,1782358576.2864902,0.002107381820678711
15188,normal,376,0,1782358576.288227,0.0017368793487548828
15189,normal,751,0,1782358576.2905285,0.002301454544067383
15190,normal,1756,0,1782358576.2923424,0.0018138885498046875
15191,normal,3690,0,1782358576.2945251,0.0021827220916748047
15192,normal,1351,1,1782358576.2963605,0.0018353462219238281
15193,normal,2231,0,1782358576.2985177,0.0021572113037109375
15194,normal,78,0,1782358576.3002439,0.0017261505126953125
15195,normal,3230,1,1782358576.3026214,0.0023775100708007812
15196,normal,2915,0,1782358576.304386,0.001764535903930664
15197,normal,1555,0,1782358576.306431,0.002045154571533203
15198,normal,157,0,1782358576.3083801,0.0019490718841552734
15199,normal,1121,0,1782358576.3105216,0.0021414756774902344
15200,normal,2055,0,1782358576.3122387,0.0017170906066894531
15201,normal,1340,1,1782358576.3145177,0.002279043197631836
15202,normal,806,2,1782358576.316376,0.0018582344055175781
15203,normal,1532,0,1782358576.3184395,0.0020635128021240234
15204,normal,729,0,1782358576.3203773,0.0019378662109375
15205,normal,902,2,1782358576.3225174,0.002140045166015625
15206,normal,3475,0,1782358576.3242397,0.0017223358154296875
15207,normal,1271,0,1782358576.326537,0.0022971630096435547
15208,normal,407,0,1782358576.3283725,0.0018355846405029297
15209,normal,1111,0,1782358576.3304284,0.0020558834075927734
15210,normal,1806,0,1782358576.332376,0.001947641372680664
15211,normal,1924,0,1782358576.3345132,0.0021371841430664062
15212,normal,767,0,1782358576.3362386,0.0017254352569580078
15213,normal,1733,0,1782358576.3385446,0.0023059844970703125
15214,normal,2514,0,1782358576.3403642,0.001819610595703125
15215,normal,732,0,1782358576.3424304,0.0020661354064941406
15216,normal,3001,0,1782358576.344373,0.0019426345825195312
15217,normal,1928,0,1782358576.3465188,0.0021457672119140625
15218,normal,234,0,1782358576.3482482,0.0017294883728027344
15219,normal,181,0,1782358576.3502038,0.0019555091857910156
15220,normal,1785,0,1782358576.3524992,0.0022954940795898438
15221,normal,1120,0,1782358576.3542092,0.0017099380493164062
15222,normal,927,2,1782358576.35648,0.0022706985473632812
15223,normal,67,0,1782358576.358288,0.00180816650390625
15224,normal,2820,0,1782358576.3602078,0.0019197463989257812
15225,normal,3704,0,1782358576.3623633,0.0021555423736572266
15226,normal,320,0,1782358576.364368,0.0020046234130859375
15227,normal,1405,0,1782358576.3661904,0.0018224716186523438
15228,normal,15,0,1782358576.368351,0.0021605491638183594
15229,normal,3179,1,1782358576.370327,0.00197601318359375
15230,normal,2766,0,1782358576.372192,0.0018649101257324219
15231,normal,2030,0,1782358576.374413,0.0022211074829101562
15232,normal,1132,0,1782358576.3763902,0.001977205276489258
15233,normal,1168,0,1782358576.3781898,0.0017995834350585938
15234,normal,314,0,1782358576.3803892,0.002199411392211914
15235,normal,490,0,1782358576.3822243,0.0018351078033447266
15236,normal,3501,0,1782358576.3843145,0.0020902156829833984
15237,normal,1061,0,1782358576.3862083,0.001893758773803711
15238,normal,727,0,1782358576.3883238,0.002115488052368164
15239,normal,421,0,1782358576.3901782,0.0018544197082519531
15240,normal,2039,0,1782358576.3923566,0.0021784305572509766
15241,normal,2183,0,1782358576.394308,0.001951456069946289
15242,normal,3336,1,1782358576.3961778,0.0018696784973144531
15243,normal,896,2,1782358576.3984745,0.0022966861724853516
15244,normal,2831,0,1782358576.4003766,0.0019021034240722656
15245,normal,883,2,1782358576.4022148,0.0018382072448730469
15246,normal,2419,0,1782358576.4043834,0.0021686553955078125
15247,normal,3512,0,1782358576.406351,0.0019676685333251953
15248,normal,2086,0,1782358576.4081883,0.0018372535705566406
15249,normal,3573,0,1782358576.4103816,0.0021932125091552734
15250,normal,1112,0,1782358576.412377,0.001995563507080078
15251,normal,2194,0,1782358576.414194,0.0018169879913330078
15252,normal,1856,0,1782358576.416358,0.0021638870239257812
15253,normal,271,0,1782358576.4183578,0.0019998550415039062
15254,normal,3615,0,1782358576.4201915,0.0018336772918701172
15255,normal,1624,0,1782358576.4223807,0.002189159393310547
15256,normal,5,0,1782358576.424368,0.0019872188568115234
15257,normal,2846,0,1782358576.4261923,0.0018243789672851562
15258,normal,2721,0,1782358576.4283946,0.002202272415161133
15259,normal,3148,1,1782358576.4303544,0.0019598007202148438
15260,normal,1846,0,1782358576.4321785,0.0018241405487060547
15261,normal,889,2,1782358576.4343672,0.0021886825561523438
15262,normal,2460,0,1782358576.436313,0.0019457340240478516
15263,normal,2213,0,1782358576.4381857,0.0018727779388427734
15264,normal,3429,0,1782358576.4403956,0.002209901809692383
15265,normal,3477,0,1782358576.4423487,0.001953125
15266,normal,104,0,1782358576.4441895,0.001840829849243164
15267,normal,3541,0,1782358576.4463997,0.0022101402282714844
15268,normal,943,2,1782358576.4483454,0.0019457340240478516
15269,normal,856,2,1782358576.4502032,0.001857757568359375
15270,normal,1580,0,1782358576.4523747,0.0021715164184570312
15271,normal,1434,0,1782358576.454324,0.001949310302734375
15272,normal,873,2,1782358576.456198,0.0018739700317382812
15273,normal,1408,0,1782358576.458427,0.002228975296020508
15274,normal,1813,0,1782358576.4603918,0.0019648075103759766
15275,normal,3029,0,1782358576.4621904,0.0017986297607421875
15276,normal,3065,1,1782358576.4643545,0.002164125442504883
15277,normal,2913,0,1782358576.4663513,0.001996755599975586
15278,normal,2797,0,1782358576.4681897,0.0018384456634521484
15279,normal,2825,0,1782358576.4703493,0.002159595489501953
15280,normal,470,0,1782358576.4723442,0.0019948482513427734
15281,normal,2871,0,1782358576.4741974,0.0018532276153564453
15282,normal,859,2,1782358576.4764318,0.0022344589233398438
15283,normal,506,0,1782358576.478366,0.001934051513671875
15284,normal,28,0,1782358576.4801886,0.0018227100372314453
15285,normal,644,0,1782358576.482437,0.0022482872009277344
15286,normal,3505,0,1782358576.4843488,0.0019118785858154297
15287,normal,265,0,1782358576.486431,0.0020821094512939453
15288,normal,2539,0,1782358576.4884918,0.0020608901977539062
15289,normal,1942,0,1782358576.4905558,0.0020639896392822266
15290,normal,422,0,1782358576.492239,0.0016832351684570312
15291,normal,847,2,1782358576.4946463,0.0024073123931884766
15292,normal,958,2,1782358576.4975638,0.0029175281524658203
15293,normal,3593,0,1782358576.4984171,0.0008533000946044922
15294,normal,1045,0,1782358576.500551,0.0021338462829589844
15295,normal,874,2,1782358576.5024557,0.0019047260284423828
15296,normal,3635,0,1782358576.5043705,0.0019147396087646484
15297,normal,2737,0,1782358576.506237,0.0018665790557861328
15298,normal,3579,0,1782358576.5085201,0.0022830963134765625
15299,normal,381,0,1782358576.5102375,0.0017173290252685547
15300,normal,3057,1,1782358576.5123782,0.0021407604217529297
15301,normal,1490,0,1782358576.514378,0.0019998550415039062
15302,normal,2378,0,1782358576.5163248,0.0019466876983642578
15303,normal,929,2,1782358576.518203,0.0018782615661621094
15304,normal,1684,0,1782358576.5203745,0.0021715164184570312
15305,normal,2914,0,1782358576.522202,0.0018274784088134766
15306,normal,897,2,1782358576.524319,0.0021169185638427734
15307,normal,719,0,1782358576.526262,0.0019431114196777344
15308,normal,217,0,1782358576.528322,0.0020599365234375
15309,normal,2851,0,1782358576.5302138,0.0018918514251708984
15310,normal,740,0,1782358576.5323308,0.0021169185638427734
15311,normal,661,0,1782358576.5342596,0.0019288063049316406
15312,normal,1087,0,1782358576.5366104,0.0023508071899414062
15313,normal,2458,0,1782358576.5382817,0.0016713142395019531
15314,normal,2866,0,1782358576.5405364,0.0022547245025634766
15315,normal,494,0,1782358576.5422702,0.0017337799072265625
15316,normal,2627,0,1782358576.5445426,0.002272367477416992
15317,normal,1510,0,1782358576.5462632,0.0017206668853759766
15318,normal,75,0,1782358576.5486395,0.0023763179779052734
15319,normal,2726,0,1782358576.5502305,0.0015909671783447266
15320,normal,296,0,1782358576.552241,0.0020105838775634766
15321,normal,1698,0,1782358576.5542264,0.001985311508178711
15322,normal,1665,0,1782358576.5564866,0.0022602081298828125
15323,normal,660,0,1782358576.5582325,0.0017459392547607422
15324,normal,2569,0,1782358576.56024,0.0020074844360351562
15325,normal,26,0,1782358576.5624506,0.0022106170654296875
15326,normal,1577,0,1782358576.5642443,0.0017936229705810547
15327,normal,3100,1,1782358576.566227,0.0019826889038085938
15328,normal,2612,0,1782358576.5684376,0.0022106170654296875
15329,normal,2106,0,1782358576.5701954,0.0017578601837158203
15330,normal,3171,1,1782358576.572465,0.0022695064544677734
15331,normal,3540,0,1782358576.5744421,0.001977205276489258
15332,normal,392,0,1782358576.5762177,0.001775503158569336
15333,normal,3689,0,1782358576.5783522,0.002134561538696289
15334,normal,3240,1,1782358576.5805821,0.002229928970336914
15335,normal,1147,0,1782358576.5822418,0.0016596317291259766
15336,normal,2789,0,1782358576.5846195,0.002377748489379883
15337,normal,3194,1,1782358576.5862038,0.0015842914581298828
15338,normal,964,2,1782358576.5882304,0.0020265579223632812
15339,normal,1438,0,1782358576.590239,0.002008676528930664
15340,normal,85,0,1782358576.5923305,0.0020914077758789062
15341,normal,3539,0,1782358576.5942554,0.0019249916076660156
15342,normal,2783,0,1782358576.5962467,0.00199127197265625
15343,normal,341,0,1782358576.598325,0.0020782947540283203
15344,normal,2601,0,1782358576.6002543,0.0019292831420898438
15345,normal,1267,0,1782358576.6022518,0.0019974708557128906
15346,normal,107,0,1782358576.6043158,0.0020639896392822266
15347,normal,2551,0,1782358576.606252,0.001936197280883789
15348,normal,2966,0,1782358576.6082554,0.0020034313201904297
15349,normal,284,0,1782358576.610312,0.002056598663330078
15350,normal,3422,0,1782358576.6122334,0.0019214153289794922
15351,normal,603,0,1782358576.6142426,0.002009153366088867
15352,normal,3322,1,1782358576.6163087,0.0020661354064941406
15353,normal,1499,0,1782358576.6182384,0.0019297599792480469
15354,normal,1284,0,1782358576.6202352,0.001996755599975586
15355,normal,2044,0,1782358576.622309,0.0020737648010253906
15356,normal,2616,0,1782358576.624233,0.0019240379333496094
15357,normal,2015,0,1782358576.6262932,0.0020601749420166016
15358,normal,3623,0,1782358576.628296,0.002002716064453125
15359,normal,3694,0,1782358576.6302345,0.0019385814666748047
15360,normal,51,0,1782358576.6323009,0.002066373825073242
15361,normal,1073,0,1782358576.6343026,0.0020017623901367188
15362,normal,2134,0,1782358576.6362257,0.0019230842590332031
15363,normal,1044,0,1782358576.638289,0.002063274383544922
15364,normal,2103,0,1782358576.640292,0.0020029544830322266
15365,normal,88,0,1782358576.6422253,0.0019333362579345703
15366,normal,1938,0,1782358576.6442919,0.0020666122436523438
15367,normal,2215,0,1782358576.646289,0.001997232437133789
15368,normal,323,0,1782358576.6482215,0.001932382583618164
15369,normal,1146,0,1782358576.6502879,0.002066373825073242
15370,normal,2315,0,1782358576.6522834,0.001995563507080078
15371,normal,3463,0,1782358576.6542182,0.0019347667694091797
15372,normal,2148,0,1782358576.6562862,0.002068042755126953
15373,normal,9,0,1782358576.6582866,0.0020003318786621094
15374,normal,1660,0,1782358576.660214,0.0019273757934570312
15375,normal,1508,0,1782358576.6623292,0.0021152496337890625
15376,normal,2243,0,1782358576.6643794,0.002050161361694336
15377,normal,3544,0,1782358576.666137,0.0017576217651367188
15378,normal,1765,0,1782358576.668424,0.0022869110107421875
15379,normal,2205,0,1782358576.6703649,0.0019409656524658203
15380,normal,358,0,1782358576.6721432,0.0017783641815185547
15381,normal,2602,0,1782358576.6744254,0.0022821426391601562
15382,normal,3374,1,1782358576.6763878,0.001962423324584961
15383,normal,3202,1,1782358576.678204,0.0018162727355957031
15384,normal,477,0,1782358576.6803234,0.002119302749633789
15385,normal,186,0,1782358576.682331,0.002007722854614258
15386,normal,301,0,1782358576.684205,0.0018739700317382812
15387,normal,742,0,1782358576.686326,0.0021209716796875
15388,normal,2867,0,1782358576.6883628,0.0020368099212646484
15389,normal,3129,1,1782358576.6902077,0.0018448829650878906
15390,normal,509,0,1782358576.6923256,0.0021178722381591797
15391,normal,2196,0,1782358576.694361,0.002035379409790039
15392,normal,3086,1,1782358576.696206,0.0018451213836669922
15393,normal,2144,0,1782358576.6983242,0.0021181106567382812
15394,normal,2285,0,1782358576.7003677,0.002043485641479492
15395,normal,2488,0,1782358576.7022011,0.0018334388732910156
15396,normal,1362,1,1782358576.7044437,0.002242565155029297
15397,normal,2346,0,1782358576.7064905,0.002046823501586914
15398,normal,2393,0,1782358576.7082303,0.0017397403717041016
15399,normal,21,0,1782358576.7107904,0.002560138702392578
15400,normal,2332,0,1782358576.712359,0.0015685558319091797
15401,normal,2805,0,1782358576.7144897,0.002130746841430664
15402,normal,2523,0,1782358576.7163937,0.0019040107727050781
15403,normal,2023,0,1782358576.7184966,0.0021028518676757812
15404,normal,239,0,1782358576.7203906,0.0018939971923828125
15405,normal,1629,0,1782358576.722468,0.002077341079711914
15406,normal,1256,0,1782358576.7243717,0.0019037723541259766
15407,normal,2022,0,1782358576.7264743,0.0021026134490966797
15408,normal,1514,0,1782358576.7283907,0.0019164085388183594
15409,normal,389,0,1782358576.7305822,0.0021915435791015625
15410,normal,2426,0,1782358576.7323759,0.0017936229705810547
15411,normal,2362,0,1782358576.734361,0.0019850730895996094
15412,normal,329,0,1782358576.7364106,0.002049684524536133
15413,normal,3676,0,1782358576.738391,0.001980304718017578
15414,normal,1028,2,1782358576.7404583,0.0020673274993896484
15415,normal,2992,0,1782358576.7425315,0.0020732879638671875
15416,normal,913,2,1782358576.744245,0.0017135143280029297
15417,normal,3526,0,1782358576.7466357,0.002390623092651367
15418,normal,1046,0,1782358576.7482388,0.0016031265258789062
15419,normal,1666,0,1782358576.7503865,0.002147674560546875
15420,normal,1324,1,1782358576.7522228,0.0018362998962402344
15421,normal,981,2,1782358576.7547739,0.0025510787963867188
15422,normal,3596,0,1782358576.7567575,0.001983642578125
15423,normal,176,0,1782358576.7587395,0.001981973648071289
15424,normal,2443,0,1782358576.7607238,0.0019843578338623047
15425,normal,2365,0,1782358576.7629054,0.002181529998779297
15426,normal,368,0,1782358576.7649548,0.0020494461059570312
15427,normal,382,0,1782358576.7673523,0.0023975372314453125
15428,normal,1784,0,1782358576.7682178,0.0008654594421386719
15429,normal,3157,1,1782358576.771458,0.0032401084899902344
15430,normal,1745,0,1782358576.7722192,0.0007612705230712891
15431,normal,1793,0,1782358576.7743905,0.0021712779998779297
15432,normal,1655,0,1782358576.7764645,0.002074003219604492
15433,normal,1971,0,1782358576.7785342,0.002069711685180664
15434,normal,2900,0,1782358576.7802422,0.0017080307006835938
15435,normal,831,2,1782358576.782558,0.0023157596588134766
15436,normal,3626,0,1782358576.7842274,0.0016694068908691406
15437,normal,3355,1,1782358576.7862008,0.001973390579223633
15438,normal,1064,0,1782358576.7885423,0.0023415088653564453
15439,normal,933,2,1782358576.7904377,0.0018954277038574219
15440,normal,724,0,1782358576.792394,0.0019562244415283203
15441,normal,3470,0,1782358576.7942405,0.0018465518951416016
15442,normal,1533,0,1782358576.796567,0.002326488494873047
15443,normal,1149,0,1782358576.7982402,0.0016732215881347656
15444,normal,1905,0,1782358576.8003848,0.0021445751190185547
15445,normal,317,0,1782358576.8024082,0.002023458480834961
15446,normal,3251,1,1782358576.8043942,0.0019860267639160156
15447,normal,618,0,1782358576.806253,0.0018587112426757812
15448,normal,3098,1,1782358576.8085797,0.0023267269134521484
15449,normal,3645,0,1782358576.8102536,0.0016739368438720703
15450,normal,544,0,1782358576.8123894,0.002135753631591797
15451,normal,1180,0,1782358576.8143113,0.0019218921661376953
15452,normal,218,0,1782358576.8163893,0.0020780563354492188
15453,normal,2889,0,1782358576.8182573,0.0018680095672607422
15454,normal,3040,0,1782358576.821358,0.0031006336212158203
15455,normal,760,0,1782358576.822219,0.0008609294891357422
15456,normal,3583,0,1782358576.824388,0.0021691322326660156
15457,normal,1100,0,1782358576.826491,0.002103090286254883
15458,normal,3326,1,1782358576.8282652,0.0017740726470947266
15459,normal,1618,0,1782358576.830386,0.0021207332611083984
15460,normal,1778,0,1782358576.832271,0.0018851757049560547
15461,normal,2147,0,1782358576.8343883,0.002117156982421875
15462,normal,1442,0,1782358576.8362522,0.0018639564514160156
15463,normal,520,0,1782358576.838534,0.0022819042205810547
15464,normal,128,0,1782358576.840229,0.0016949176788330078
15465,normal,2223,0,1782358576.8422828,0.0020537376403808594
15466,normal,1003,2,1782358576.844421,0.0021381378173828125
15467,normal,482,0,1782358576.8462117,0.001790761947631836
15468,normal,1004,2,1782358576.8484378,0.002226114273071289
15469,normal,2535,0,1782358576.8504279,0.001990079879760742
15470,normal,2764,0,1782358576.8522222,0.0017943382263183594
15471,normal,2659,0,1782358576.854503,0.002280712127685547
15472,normal,1272,0,1782358576.8563192,0.0018162727355957031
15473,normal,758,0,1782358576.8582115,0.0018923282623291016
15474,normal,2750,0,1782358576.8604336,0.0022220611572265625
15475,normal,871,2,1782358576.862424,0.0019903182983398438
15476,normal,3640,0,1782358576.8642979,0.0018739700317382812
15477,normal,2170,0,1782358576.866197,0.0018992424011230469
15478,normal,286,0,1782358576.8684375,0.002240419387817383
15479,normal,3215,1,1782358576.8702042,0.0017666816711425781
15480,normal,1091,0,1782358576.8724415,0.0022373199462890625
15481,normal,2216,0,1782358576.8744817,0.0020401477813720703
15482,normal,245,0,1782358576.8762147,0.0017330646514892578
15483,normal,2200,0,1782358576.8783555,0.0021407604217529297
15484,normal,1212,0,1782358576.8804195,0.0020639896392822266
15485,normal,2012,0,1782358576.8822212,0.0018017292022705078
15486,normal,2339,0,1782358576.8845332,0.0023119449615478516
15487,normal,1313,0,1782358576.8863616,0.0018284320831298828
15488,normal,1390,0,1782358576.8882153,0.0018537044525146484
15489,normal,2839,0,1782358576.890387,0.002171754837036133
15490,normal,497,0,1782358576.8923078,0.0019207000732421875
15491,normal,2940,0,1782358576.8942242,0.0019164085388183594
15492,normal,3686,0,1782358576.8964267,0.0022025108337402344
15493,normal,2278,0,1782358576.8983705,0.001943826675415039
15494,normal,1782,0,1782358576.9002078,0.0018372535705566406
15495,normal,3625,0,1782358576.9023824,0.0021746158599853516
15496,normal,1506,0,1782358576.9043043,0.0019218921661376953
15497,normal,941,2,1782358576.9062245,0.0019202232360839844
15498,normal,1349,1,1782358576.908533,0.0023086071014404297
15499,normal,3067,1,1782358576.9104493,0.0019161701202392578
15500,normal,1137,0,1782358576.9122078,0.001758575439453125
15501,normal,526,0,1782358576.9145083,0.0023005008697509766
15502,normal,1955,0,1782358576.916307,0.0017986297607421875
15503,normal,1727,0,1782358576.918227,0.0019199848175048828
15504,normal,750,0,1782358576.9203825,0.0021555423736572266
15505,normal,1833,0,1782358576.9223304,0.0019478797912597656
15506,normal,1001,2,1782358576.9242074,0.0018770694732666016
15507,normal,2279,0,1782358576.926368,0.0021605491638183594
15508,normal,572,0,1782358576.9283042,0.001936197280883789
15509,normal,187,0,1782358576.9302194,0.0019152164459228516
15510,normal,532,0,1782358576.9323537,0.0021343231201171875
15511,normal,2948,0,1782358576.934292,0.0019383430480957031
15512,normal,954,2,1782358576.9362066,0.0019145011901855469
15513,normal,2017,0,1782358576.9383628,0.0021562576293945312
15514,normal,1880,0,1782358576.9403157,0.0019528865814208984
15515,normal,1005,2,1782358576.9422235,0.0019078254699707031
15516,normal,3392,1,1782358576.9443586,0.002135038375854492
15517,normal,1738,0,1782358576.9462872,0.001928567886352539
15518,normal,1247,0,1782358576.9482098,0.001922607421875
15519,normal,1876,0,1782358576.9503684,0.002158641815185547
15520,normal,1280,0,1782358576.952308,0.001939535140991211
15521,normal,2582,0,1782358576.95435,0.002042055130004883
15522,normal,1156,0,1782358576.9562118,0.0018618106842041016
15523,normal,3524,0,1782358576.9583292,0.0021173954010009766
15524,normal,2047,0,1782358576.9602044,0.001875162124633789
15525,normal,1683,0,1782358576.9623756,0.0021712779998779297
15526,normal,3264,1,1782358576.9643223,0.0019466876983642578
15527,normal,3209,1,1782358576.9662166,0.001894235610961914
15528,normal,3052,1,1782358576.9683645,0.0021479129791259766
15529,normal,1350,1,1782358576.9702919,0.0019273757934570312
15530,normal,997,2,1782358576.9722087,0.0019168853759765625
15531,normal,2904,0,1782358576.97437,0.002161264419555664
15532,normal,3699,0,1782358576.9763455,0.001975536346435547
15533,normal,2317,0,1782358576.9783158,0.0019702911376953125
15534,normal,642,0,1782358576.9802372,0.0019214153289794922
15535,normal,1709,0,1782358576.9823556,0.002118349075317383
15536,normal,993,2,1782358576.9842114,0.0018558502197265625
15537,normal,2114,0,1782358576.98637,0.002158641815185547
15538,normal,2322,0,1782358576.9882774,0.0019073486328125
15539,normal,604,0,1782358576.9903443,0.0020668506622314453
15540,normal,820,2,1782358576.9922073,0.0018630027770996094
15541,normal,3554,0,1782358576.9943311,0.0021238327026367188
15542,normal,3609,0,1782358576.9962075,0.0018763542175292969
15543,normal,101,0,1782358576.998364,0.002156496047973633
15544,normal,3388,1,1782358577.0002692,0.001905202865600586
15545,normal,3438,0,1782358577.0023458,0.0020766258239746094
15546,normal,3419,0,1782358577.0042076,0.0018618106842041016
15547,normal,438,0,1782358577.0063243,0.002116680145263672
15548,normal,1114,0,1782358577.0082068,0.0018825531005859375
15549,normal,35,0,1782358577.0103617,0.002154827117919922
15550,normal,700,0,1782358577.01229,0.0019283294677734375
15551,normal,2593,0,1782358577.01424,0.0019500255584716797
15552,normal,3235,1,1782358577.0162272,0.0019872188568115234
15553,normal,2003,0,1782358577.0183578,0.0021305084228515625
15554,normal,677,0,1782358577.0201864,0.0018286705017089844
15555,normal,726,0,1782358577.0223897,0.002203226089477539
15556,normal,191,0,1782358577.02428,0.001890420913696289
15557,normal,3531,0,1782358577.0262055,0.0019254684448242188
15558,normal,2937,0,1782358577.028378,0.0021724700927734375
15559,normal,579,0,1782358577.0303974,0.0020194053649902344
15560,normal,1368,1,1782358577.0322402,0.0018427371978759766
15561,normal,1142,0,1782358577.0342808,0.0020406246185302734
15562,normal,1288,0,1782358577.036303,0.002022266387939453
15563,normal,3580,0,1782358577.0382073,0.0019042491912841797
15564,normal,267,0,1782358577.040361,0.002153635025024414
15565,normal,2374,0,1782358577.04231,0.0019490718841552734
15566,normal,2054,0,1782358577.0443316,0.0020215511322021484
15567,normal,1627,0,1782358577.0463452,0.002013683319091797
15568,normal,2405,0,1782358577.0483162,0.001971006393432617
15569,normal,496,0,1782358577.0502198,0.001903533935546875
15570,normal,2252,0,1782358577.0523646,0.0021448135375976562
15571,normal,2909,0,1782358577.0543141,0.0019495487213134766
15572,normal,2654,0,1782358577.0562098,0.0018956661224365234
15573,normal,2819,0,1782358577.0583618,0.002151966094970703
15574,normal,1850,0,1782358577.0603006,0.0019388198852539062
15575,normal,141,0,1782358577.0622182,0.0019176006317138672
15576,normal,2100,0,1782358577.0644162,0.0021979808807373047
15577,normal,1407,0,1782358577.066304,0.0018877983093261719
15578,normal,1449,0,1782358577.0682068,0.0019028186798095703
15579,normal,373,0,1782358577.070375,0.0021681785583496094
15580,normal,1678,0,1782358577.0723035,0.001928567886352539
15581,normal,2245,0,1782358577.0742176,0.0019140243530273438
15582,normal,2971,0,1782358577.0763922,0.0021746158599853516
15583,normal,3141,1,1782358577.078311,0.001918792724609375
15584,normal,2129,0,1782358577.0802076,0.0018966197967529297
15585,normal,2158,0,1782358577.0823662,0.002158641815185547
15586,normal,3279,1,1782358577.084316,0.0019497871398925781
15587,normal,564,0,1782358577.0862193,0.0019032955169677734
15588,normal,1496,0,1782358577.0883906,0.0021712779998779297
15589,normal,1861,0,1782358577.0903122,0.0019216537475585938
15590,normal,1006,2,1782358577.092208,0.0018956661224365234
15591,normal,3233,1,1782358577.0943606,0.002152681350708008
15592,normal,939,2,1782358577.0963602,0.0019996166229248047
15593,normal,2021,0,1782358577.0988991,0.002538919448852539
15594,normal,1295,0,1782358577.1001854,0.0012862682342529297
15595,normal,3335,1,1782358577.1023464,0.0021610260009765625
15596,normal,3139,1,1782358577.1041858,0.0018393993377685547
15597,normal,2068,0,1782358577.1063437,0.002157926559448242
15598,normal,1661,0,1782358577.1082048,0.0018610954284667969
15599,normal,3671,0,1782358577.1103294,0.0021245479583740234
15600,normal,2154,0,1782358577.1122873,0.0019578933715820312
15601,normal,1082,0,1782358577.1143706,0.002083301544189453
15602,normal,3286,1,1782358577.1161928,0.0018222332000732422
15603,normal,1918,0,1782358577.1183517,0.0021588802337646484
15604,normal,2769,0,1782358577.12026,0.0019083023071289062
15605,normal,2643,0,1782358577.122325,0.002064943313598633
15606,normal,1263,0,1782358577.1242206,0.0018956661224365234
15607,normal,785,2,1782358577.126473,0.002252340316772461
15608,normal,2045,0,1782358577.1282253,0.0017523765563964844
15609,normal,473,0,1782358577.1304672,0.002241849899291992
15610,normal,74,0,1782358577.1323164,0.0018491744995117188
15611,normal,256,0,1782358577.1342978,0.001981496810913086
15612,normal,621,0,1782358577.1362765,0.001978635787963867
15613,normal,2923,0,1782358577.1384366,0.0021600723266601562
15614,normal,893,2,1782358577.140223,0.0017864704132080078
15615,normal,433,0,1782358577.1423748,0.0021517276763916016
15616,normal,1886,0,1782358577.144288,0.001913309097290039
15617,normal,3509,0,1782358577.1463296,0.0020415782928466797
15618,normal,2525,0,1782358577.1482284,0.0018987655639648438
15619,normal,2034,0,1782358577.1503747,0.0021462440490722656
15620,normal,2841,0,1782358577.1522248,0.001850128173828125
15621,normal,72,0,1782358577.1543834,0.002158641815185547
15622,normal,3459,0,1782358577.156307,0.0019235610961914062
15623,normal,1672,0,1782358577.1582108,0.0019037723541259766
15624,normal,2380,0,1782358577.1603663,0.0021555423736572266
15625,normal,1027,2,1782358577.1623068,0.0019404888153076172
15626,normal,2902,0,1782358577.164363,0.002056121826171875
15627,normal,543,0,1782358577.1662111,0.0018482208251953125
15628,normal,388,0,1782358577.168347,0.002135753631591797
15629,normal,2143,0,1782358577.170211,0.0018641948699951172
15630,normal,2872,0,1782358577.1723676,0.002156496047973633
15631,normal,2533,0,1782358577.1743152,0.001947641372680664
15632,normal,1153,0,1782358577.1763492,0.0020339488983154297
15633,normal,1871,0,1782358577.1782124,0.001863241195678711
15634,normal,3104,1,1782358577.1803436,0.002131223678588867
15635,normal,2725,0,1782358577.1822124,0.0018687248229980469
15636,normal,2685,0,1782358577.1843708,0.0021584033966064453
15637,normal,1524,0,1782358577.1862855,0.0019147396087646484
15638,normal,3198,1,1782358577.1883228,0.0020372867584228516
15639,normal,123,0,1782358577.1902273,0.0019044876098632812
15640,normal,1154,0,1782358577.1923738,0.002146482467651367
15641,normal,475,0,1782358577.194225,0.0018513202667236328
15642,normal,2262,0,1782358577.1963606,0.0021355152130126953
15643,normal,3646,0,1782358577.1983488,0.0019881725311279297
15644,normal,1996,0,1782358577.2002115,0.0018627643585205078
15645,normal,2838,0,1782358577.2023857,0.0021741390228271484
15646,normal,253,0,1782358577.2042694,0.0018837451934814453
15647,normal,3137,1,1782358577.2063563,0.0020868778228759766
15648,normal,1483,0,1782358577.2082467,0.001890420913696289
15649,normal,517,0,1782358577.2103462,0.0020995140075683594
15650,normal,1697,0,1782358577.2122104,0.0018641948699951172
15651,normal,159,0,1782358577.2143714,0.0021610260009765625
15652,normal,90,0,1782358577.216362,0.0019905567169189453
15653,normal,3188,1,1782358577.2183108,0.0019488334655761719
15654,normal,3424,0,1782358577.2202156,0.0019047260284423828
15655,normal,3480,0,1782358577.2223299,0.0021142959594726562
15656,normal,2668,0,1782358577.2242115,0.0018815994262695312
15657,normal,2957,0,1782358577.226371,0.002159595489501953
15658,normal,718,0,1782358577.228266,0.0018949508666992188
15659,normal,924,2,1782358577.2303488,0.00208282470703125
15660,normal,3066,1,1782358577.2325597,0.002210855484008789
15661,normal,405,0,1782358577.2343738,0.001814126968383789
15662,normal,2394,0,1782358577.2362626,0.0018887519836425781
15663,normal,3237,1,1782358577.2383087,0.0020461082458496094
15664,normal,1877,0,1782358577.2403002,0.0019915103912353516
15665,normal,2874,0,1782358577.242209,0.0019087791442871094
15666,normal,203,0,1782358577.2443697,0.002160787582397461
15667,normal,3427,0,1782358577.2462676,0.0018978118896484375
15668,normal,3,0,1782358577.2483492,0.002081632614135742
15669,normal,2330,0,1782358577.2502124,0.001863241195678711
15670,normal,679,0,1782358577.252434,0.0022215843200683594
15671,normal,825,2,1782358577.2542105,0.0017764568328857422
15672,normal,2464,0,1782358577.2564702,0.0022597312927246094
15673,normal,2763,0,1782358577.258404,0.0019338130950927734
15674,normal,1325,1,1782358577.260348,0.0019440650939941406
15675,normal,214,0,1782358577.2622104,0.0018622875213623047
15676,normal,461,0,1782358577.2643442,0.0021338462829589844
15677,normal,651,0,1782358577.2662098,0.0018656253814697266
15678,normal,2618,0,1782358577.2683682,0.0021584033966064453
15679,normal,1230,0,1782358577.2702682,0.0018999576568603516
15680,normal,538,0,1782358577.2723525,0.0020842552185058594
15681,normal,1501,0,1782358577.274249,0.0018966197967529297
15682,normal,394,0,1782358577.2763426,0.0020935535430908203
15683,normal,294,0,1782358577.2782109,0.0018682479858398438
15684,normal,120,0,1782358577.2803833,0.0021724700927734375
15685,normal,87,0,1782358577.2822642,0.0018808841705322266
15686,normal,1122,0,1782358577.2843099,0.0020456314086914062
15687,normal,565,0,1782358577.2862458,0.0019359588623046875
15688,normal,2808,0,1782358577.288351,0.002105236053466797
15689,normal,3566,0,1782358577.2902107,0.0018596649169921875
15690,normal,1769,0,1782358577.2923644,0.002153635025024414
15691,normal,2318,0,1782358577.2942567,0.0018923282623291016
15692,normal,720,0,1782358577.2963204,0.002063751220703125
15693,normal,3116,1,1782358577.2982123,0.0018918514251708984
15694,normal,3358,1,1782358577.3003407,0.0021283626556396484
15695,normal,1128,0,1782358577.3022084,0.0018677711486816406
15696,normal,2312,0,1782358577.304375,0.0021665096282958984
15697,normal,1732,0,1782358577.306296,0.0019211769104003906
15698,normal,1504,0,1782358577.3083487,0.0020525455474853516
15699,normal,777,2,1782358577.3102083,0.0018596649169921875
15700,normal,3376,1,1782358577.3123486,0.0021402835845947266
15701,normal,894,2,1782358577.3142111,0.0018625259399414062
15702,normal,1099,0,1782358577.3163714,0.002160310745239258
15703,normal,602,0,1782358577.318271,0.0018994808197021484
15704,normal,2321,0,1782358577.3203516,0.002080678939819336
15705,normal,627,0,1782358577.3222106,0.0018589496612548828
15706,normal,693,0,1782358577.3243308,0.0021202564239501953
15707,normal,716,0,1782358577.3262117,0.0018808841705322266
15708,normal,2960,0,1782358577.328366,0.0021543502807617188
15709,normal,3604,0,1782358577.3303144,0.0019483566284179688
15710,normal,2442,0,1782358577.332225,0.0019106864929199219
15711,normal,3249,1,1782358577.3343785,0.0021533966064453125
15712,normal,2251,0,1782358577.3362873,0.0019087791442871094
15713,normal,306,0,1782358577.3383229,0.0020356178283691406
15714,normal,2132,0,1782358577.340227,0.0019040107727050781
15715,normal,1255,0,1782358577.3423574,0.0021305084228515625
15716,normal,1329,1,1782358577.3442109,0.0018534660339355469
15717,normal,483,0,1782358577.3463686,0.0021576881408691406
15718,normal,209,0,1782358577.3483093,0.0019407272338867188
15719,normal,2817,0,1782358577.3501942,0.0018849372863769531
15720,normal,2505,0,1782358577.3522108,0.0020165443420410156
15721,normal,2553,0,1782358577.354374,0.0021631717681884766
15722,normal,3506,0,1782358577.3561976,0.0018236637115478516
15723,normal,1471,0,1782358577.3583484,0.0021507740020751953
15724,normal,3575,0,1782358577.3603504,0.0020020008087158203
15725,normal,1187,0,1782358577.3621893,0.0018389225006103516
15726,normal,364,0,1782358577.3643522,0.002162933349609375
15727,normal,3455,0,1782358577.366319,0.001966714859008789
15728,normal,1919,0,1782358577.3683438,0.0020248889923095703
15729,normal,3655,0,1782358577.3701785,0.0018346309661865234
15730,normal,356,0,1782358577.372324,0.002145528793334961
15731,normal,601,0,1782358577.3741755,0.0018515586853027344
15732,normal,3547,0,1782358577.3764362,0.0022606849670410156
15733,normal,3064,1,1782358577.3783045,0.0018682479858398438
15734,normal,2444,0,1782358577.3801844,0.0018799304962158203
15735,normal,612,0,1782358577.3823974,0.002213001251220703
15736,normal,211,0,1782358577.3843164,0.0019190311431884766
15737,normal,244,0,1782358577.3863192,0.002002716064453125
15738,normal,2823,0,1782358577.3881886,0.0018694400787353516
15739,normal,3143,1,1782358577.39033,0.0021414756774902344
15740,normal,2037,0,1782358577.3921845,0.0018544197082519531
15741,normal,3182,1,1782358577.3944287,0.002244234085083008
15742,normal,2498,0,1782358577.3962734,0.001844644546508789
15743,normal,261,0,1782358577.3982992,0.0020258426666259766
15744,normal,283,0,1782358577.400216,0.0019168853759765625
15745,normal,226,0,1782358577.4024196,0.0022034645080566406
15746,normal,1361,1,1782358577.4041922,0.0017726421356201172
15747,normal,1894,0,1782358577.4063237,0.0021314620971679688
15748,normal,560,0,1782358577.408276,0.0019524097442626953
15749,normal,2283,0,1782358577.4102948,0.0020186901092529297
15750,normal,3346,1,1782358577.4122164,0.0019216537475585938
15751,normal,1950,0,1782358577.4144428,0.0022263526916503906
15752,normal,2765,0,1782358577.4162107,0.001767873764038086
15753,normal,233,0,1782358577.4183562,0.002145528793334961
15754,normal,3692,0,1782358577.420278,0.0019218921661376953
15755,normal,232,0,1782358577.4222045,0.001926422119140625
15756,normal,1452,0,1782358577.4243782,0.0021736621856689453
15757,normal,325,0,1782358577.4262304,0.001852273941040039
15758,normal,3363,1,1782358577.4283454,0.002115011215209961
15759,normal,698,0,1782358577.4302154,0.0018699169158935547
15760,normal,2686,0,1782358577.4324057,0.0021903514862060547
15761,normal,3649,0,1782358577.4341862,0.0017805099487304688
15762,normal,133,0,1782358577.4363632,0.002177000045776367
15763,normal,1118,0,1782358577.4382513,0.0018880367279052734
15764,normal,2066,0,1782358577.440346,0.002094745635986328
15765,normal,2578,0,1782358577.4422069,0.0018608570098876953
15766,normal,1195,0,1782358577.444324,0.002117156982421875
15767,normal,2746,0,1782358577.4462073,0.0018832683563232422
15768,normal,1854,0,1782358577.4483767,0.002169370651245117
15769,normal,2613,0,1782358577.4502544,0.0018777847290039062
15770,normal,858,2,1782358577.4523485,0.0020940303802490234
15771,normal,1863,0,1782358577.454257,0.0019085407257080078
15772,normal,3003,0,1782358577.456329,0.0020720958709716797
15773,normal,2520,0,1782358577.4582078,0.0018787384033203125
15774,normal,3075,1,1782358577.4603612,0.0021533966064453125
15775,normal,201,0,1782358577.4623055,0.0019443035125732422
15776,normal,1556,0,1782358577.464282,0.001976490020751953
15777,normal,2614,0,1782358577.4662523,0.0019702911376953125
15778,normal,1875,0,1782358577.4683511,0.0020987987518310547
15779,normal,3484,0,1782358577.470219,0.0018677711486816406
15780,normal,2869,0,1782358577.4723861,0.002167224884033203
15781,normal,414,0,1782358577.4742675,0.0018813610076904297
15782,normal,3402,0,1782358577.4763231,0.002055644989013672
15783,normal,487,0,1782358577.478222,0.0018987655639648438
15784,normal,3007,0,1782358577.4803298,0.002107858657836914
15785,normal,335,0,1782358577.4822247,0.0018949508666992188
15786,normal,1641,0,1782358577.4842944,0.002069711685180664
15787,normal,478,0,1782358577.486263,0.0019686222076416016
15788,normal,1360,1,1782358577.4883258,0.0020627975463867188
15789,normal,696,0,1782358577.4902205,0.0018947124481201172
15790,normal,324,0,1782358577.4922411,0.002020597457885742
15791,normal,805,2,1782358577.494347,0.0021059513092041016
15792,normal,966,2,1782358577.4962103,0.001863241195678711
15793,normal,3206,1,1782358577.498326,0.0021157264709472656
15794,normal,3008,0,1782358577.500209,0.0018830299377441406
15795,normal,2282,0,1782358577.5023632,0.002154111862182617
15796,normal,456,0,1782358577.5042431,0.0018799304962158203
15797,normal,2296,0,1782358577.506307,0.002063751220703125
15798,normal,2700,0,1782358577.508238,0.0019311904907226562
15799,normal,1587,0,1782358577.5104785,0.002240419387817383
15800,normal,105,0,1782358577.512228,0.0017495155334472656
15801,normal,597,0,1782358577.5143962,0.0021681785583496094
15802,normal,337,0,1782358577.5164754,0.0020792484283447266
15803,normal,2289,0,1782358577.5181818,0.0017063617706298828
15804,normal,225,0,1782358577.520424,0.0022420883178710938
15805,normal,3601,0,1782358577.5222516,0.0018277168273925781
15806,normal,2927,0,1782358577.5243416,0.002089977264404297
15807,normal,2049,0,1782358577.526214,0.0018723011016845703
15808,normal,2933,0,1782358577.5283284,0.002114534378051758
15809,normal,3561,0,1782358577.5302746,0.0019462108612060547
15810,normal,1843,0,1782358577.532398,0.0021233558654785156
15811,normal,3339,1,1782358577.5345323,0.0021343231201171875
15812,normal,2629,0,1782358577.536273,0.0017406940460205078
15813,normal,2645,0,1782358577.5385876,0.0023145675659179688
15814,normal,1225,0,1782358577.5402968,0.0017092227935791016
15815,normal,692,0,1782358577.5425384,0.0022416114807128906
15816,normal,2929,0,1782358577.5442748,0.0017364025115966797
15817,normal,3439,0,1782358577.5465317,0.0022568702697753906
15818,normal,1388,0,1782358577.5482764,0.0017447471618652344
15819,normal,1239,0,1782358577.550531,0.002254486083984375
15820,normal,2774,0,1782358577.552467,0.001936197280883789
15821,normal,2573,0,1782358577.554489,0.00202178955078125
15822,normal,3038,0,1782358577.556239,0.0017499923706054688
15823,normal,1026,2,1782358577.5585566,0.002317667007446289
15824,normal,1025,2,1782358577.5602539,0.0016973018646240234
15825,normal,424,0,1782358577.562564,0.002310037612915039
15826,normal,374,0,1782358577.5642695,0.0017056465148925781
15827,normal,2070,0,1782358577.566976,0.0027065277099609375
15828,normal,3050,1,1782358577.5682766,0.0013005733489990234
15829,normal,2524,0,1782358577.5706027,0.0023260116577148438
15830,normal,1113,0,1782358577.5722318,0.0016291141510009766
15831,normal,2532,0,1782358577.5745628,0.0023310184478759766
15832,normal,2097,0,1782358577.5762768,0.0017139911651611328
15833,normal,561,0,1782358577.578963,0.0026862621307373047
15834,normal,3357,1,1782358577.5802593,0.0012962818145751953
15835,normal,898,2,1782358577.5825841,0.002324819564819336
15836,normal,2,0,1782358577.5842314,0.0016472339630126953
15837,normal,2469,0,1782358577.586613,0.002381563186645508
15838,normal,713,0,1782358577.5882607,0.0016477108001708984
15839,normal,3362,1,1782358577.5907812,0.0025205612182617188
15840,normal,2436,0,1782358577.5928001,0.0020189285278320312
15841,normal,2759,0,1782358577.5948036,0.0020034313201904297
15842,normal,2328,0,1782358577.5967638,0.001960277557373047
15843,normal,840,2,1782358577.5987427,0.0019788742065429688
15844,normal,2343,0,1782358577.6007202,0.0019774436950683594
15845,normal,1663,0,1782358577.6025739,0.0018537044525146484
15846,normal,967,2,1782358577.6045613,0.001987457275390625
15847,normal,1203,0,1782358577.6068234,0.002262115478515625
15848,normal,899,2,1782358577.6089137,0.0020902156829833984
15849,normal,1714,0,1782358577.6110783,0.002164602279663086
15850,normal,1210,0,1782358577.6128147,0.0017364025115966797
15851,normal,1475,0,1782358577.6149192,0.002104520797729492
15852,normal,3631,0,1782358577.6166077,0.0016884803771972656
15853,normal,1461,0,1782358577.618386,0.0017783641815185547
15854,normal,2681,0,1782358577.6207771,0.0023910999298095703
15855,normal,2834,0,1782358577.622734,0.001956939697265625
15856,normal,95,0,1782358577.6245942,0.0018601417541503906
15857,normal,1181,0,1782358577.6269138,0.0023195743560791016
15858,normal,3498,0,1782358577.6282184,0.00130462646484375
15859,normal,1463,0,1782358577.6309187,0.002700328826904297
15860,normal,207,0,1782358577.6328769,0.001958131790161133
15861,normal,3034,0,1782358577.6353781,0.002501249313354492
15862,normal,663,0,1782358577.6362617,0.0008835792541503906
15863,normal,3170,1,1782358577.6387696,0.002507925033569336
15864,normal,2297,0,1782358577.6407905,0.0020208358764648438
15865,normal,2463,0,1782358577.642623,0.0018324851989746094
15866,normal,2862,0,1782358577.6446242,0.0020012855529785156
15867,normal,2342,0,1782358577.6467614,0.0021371841430664062
15868,normal,1820,0,1782358577.6484025,0.0016410350799560547
15869,normal,2166,0,1782358577.6507742,0.0023717880249023438
15870,normal,2731,0,1782358577.6525724,0.0017981529235839844
15871,normal,2630,0,1782358577.6544604,0.0018880367279052734
15872,normal,2729,0,1782358577.6563845,0.0019240379333496094
15873,normal,1169,0,1782358577.658522,0.002137422561645508
15874,normal,68,0,1782358577.660558,0.0020360946655273438
15875,normal,2492,0,1782358577.6626198,0.0020618438720703125
15876,normal,2981,0,1782358577.6645658,0.0019459724426269531
15877,normal,2639,0,1782358577.6665604,0.001994609832763672
15878,normal,2968,0,1782358577.668804,0.002243518829345703
15879,normal,1054,0,1782358577.670623,0.0018191337585449219
15880,normal,171,0,1782358577.6726031,0.0019800662994384766
15881,normal,416,0,1782358577.6746383,0.0020351409912109375
15882,normal,2182,0,1782358577.6765757,0.0019373893737792969
15883,normal,1550,0,1782358577.6783955,0.0018198490142822266
15884,normal,3197,1,1782358577.6805737,0.002178192138671875
15885,normal,2184,0,1782358577.6825018,0.001928091049194336
15886,normal,1102,0,1782358577.684544,0.0020422935485839844
15887,normal,1564,0,1782358577.6865444,0.0020003318786621094
15888,normal,2056,0,1782358577.6890745,0.0025300979614257812
15889,normal,2060,0,1782358577.6909482,0.0018737316131591797
15890,normal,2382,0,1782358577.693116,0.0021677017211914062
15891,normal,3114,1,1782358577.6949854,0.0018694400787353516
15892,normal,2029,0,1782358577.697079,0.0020935535430908203
15893,normal,2398,0,1782358577.6983666,0.001287698745727539
15894,normal,1427,0,1782358577.7009404,0.002573728561401367
15895,normal,3258,1,1782358577.7037184,0.0027780532836914062
15896,normal,3053,1,1782358577.7042773,0.0005588531494140625
15897,normal,2379,0,1782358577.7062962,0.0020189285278320312
15898,normal,1076,0,1782358577.708457,0.002160787582397461
15899,normal,2117,0,1782358577.7103047,0.0018477439880371094
15900,normal,880,2,1782358577.712452,0.002147197723388672
15901,normal,124,0,1782358577.7144403,0.0019884109497070312
15902,normal,2480,0,1782358577.716737,0.0022966861724853516
15903,normal,2650,0,1782358577.7184217,0.0016846656799316406
15904,normal,1466,0,1782358577.7203937,0.0019719600677490234
15905,normal,566,0,1782358577.7223902,0.0019965171813964844
15906,normal,987,2,1782358577.7244716,0.0020813941955566406
15907,normal,861,2,1782358577.7263927,0.0019211769104003906
15908,normal,2298,0,1782358577.7283223,0.0019295215606689453
15909,normal,2064,0,1782358577.7305126,0.0021903514862060547
15910,normal,1798,0,1782358577.732424,0.0019114017486572266
15911,normal,1130,0,1782358577.7343833,0.0019593238830566406
15912,normal,2261,0,1782358577.736449,0.0020656585693359375
15913,normal,1275,0,1782358577.7383971,0.0019481182098388672
15914,normal,900,2,1782358577.740553,0.002155780792236328
15915,normal,2946,0,1782358577.742452,0.0018990039825439453
15916,normal,2072,0,1782358577.744569,0.002117156982421875
15917,normal,2489,0,1782358577.746847,0.002277851104736328
15918,normal,1842,0,1782358577.7486002,0.0017533302307128906
15919,normal,3708,0,1782358577.7507133,0.0021131038665771484
15920,normal,2567,0,1782358577.752901,0.0021877288818359375
15921,normal,3602,0,1782358577.754594,0.0016930103302001953
15922,normal,1929,0,1782358577.7567012,0.0021071434020996094
15923,normal,2876,0,1782358577.7583246,0.001623392105102539
15924,normal,2939,0,1782358577.7606077,0.0022830963134765625
15925,normal,1530,0,1782358577.7625155,0.0019078254699707031
15926,normal,2581,0,1782358577.7646,0.002084493637084961
15927,normal,293,0,1782358577.7666192,0.002019166946411133
15928,normal,985,2,1782358577.7685719,0.0019526481628417969
15929,normal,1989,0,1782358577.7708876,0.0023157596588134766
15930,normal,1482,0,1782358577.7725413,0.0016536712646484375
15931,normal,458,0,1782358577.7752256,0.002684354782104492
15932,normal,3156,1,1782358577.7770529,0.001827239990234375
15933,normal,3672,0,1782358577.779038,0.0019850730895996094
15934,normal,3405,0,1782358577.7809427,0.0019047260284423828
15935,normal,521,0,1782358577.7825508,0.001608133316040039
15936,normal,2083,0,1782358577.784352,0.0018012523651123047
15937,normal,3309,1,1782358577.7865262,0.0021741390228271484
15938,normal,687,0,1782358577.788535,0.0020089149475097656
15939,normal,3294,1,1782358577.7906356,0.0021004676818847656
15940,normal,2181,0,1782358577.7926345,0.0019989013671875
15941,normal,3203,1,1782358577.7944796,0.0018451213836669922
15942,normal,1601,0,1782358577.7965264,0.002046823501586914
15943,normal,258,0,1782358577.7985935,0.002067089080810547
15944,normal,2237,0,1782358577.8005433,0.0019497871398925781
15945,normal,637,0,1782358577.8026075,0.002064228057861328
15946,normal,1193,0,1782358577.8046906,0.0020830631256103516
15947,normal,947,2,1782358577.8065348,0.001844167709350586
15948,normal,2589,0,1782358577.8082397,0.0017049312591552734
15949,normal,816,2,1782358577.8109071,0.0026674270629882812
15950,normal,2528,0,1782358577.8130105,0.0021033287048339844
15951,normal,2376,0,1782358577.814617,0.0016064643859863281
15952,normal,445,0,1782358577.816837,0.00222015380859375
15953,normal,2008,0,1782358577.8186555,0.0018184185028076172
15954,normal,1454,0,1782358577.820589,0.0019335746765136719
15955,normal,1786,0,1782358577.8229156,0.002326488494873047
15956,normal,202,0,1782358577.8249917,0.0020761489868164062
15957,normal,892,2,1782358577.8270035,0.0020117759704589844
15958,normal,3221,1,1782358577.82931,0.0023064613342285156
15959,normal,3533,0,1782358577.8313537,0.0020437240600585938
15960,normal,962,2,1782358577.8333519,0.0019981861114501953
15961,normal,2565,0,1782358577.8342013,0.0008494853973388672
15962,normal,625,0,1782358577.836412,0.0022106170654296875
15963,normal,1071,0,1782358577.8383942,0.0019822120666503906
15964,normal,446,0,1782358577.840885,0.0024907588958740234
15965,normal,980,2,1782358577.8429673,0.002082347869873047
15966,normal,2687,0,1782358577.8441787,0.001211404800415039
15967,normal,3605,0,1782358577.8465488,0.002370119094848633
15968,normal,2609,0,1782358577.8485098,0.0019609928131103516
15969,normal,682,0,1782358577.8513024,0.0027925968170166016
15970,normal,1826,0,1782358577.8533273,0.0020248889923095703
15971,normal,2198,0,1782358577.8550262,0.0016989707946777344
15972,normal,3627,0,1782358577.8572874,0.0022611618041992188
15973,normal,3385,1,1782358577.85893,0.0016427040100097656
15974,normal,3112,1,1782358577.860982,0.002051830291748047
15975,normal,946,2,1782358577.863391,0.0024089813232421875
15976,normal,3490,0,1782358577.8653862,0.0019953250885009766
15977,normal,2552,0,1782358577.8669817,0.0015954971313476562
15978,normal,2101,0,1782358577.8689444,0.0019626617431640625
15979,normal,1379,1,1782358577.8709104,0.0019659996032714844
15980,normal,63,0,1782358577.87256,0.001649618148803711
15981,normal,1356,1,1782358577.8745594,0.001999378204345703
15982,normal,1138,0,1782358577.8762336,0.0016741752624511719
15983,normal,1794,0,1782358577.8783824,0.002148866653442383
15984,normal,1214,0,1782358577.880448,0.0020656585693359375
15985,normal,728,0,1782358577.8825147,0.0020666122436523438
15986,normal,1968,0,1782358577.8842335,0.001718759536743164
15987,normal,3661,0,1782358577.8863647,0.002131223678588867
15988,normal,1331,1,1782358577.8881946,0.0018298625946044922
15989,normal,3701,0,1782358577.8903494,0.002154827117919922
15990,normal,2943,0,1782358577.8922296,0.0018801689147949219
15991,normal,401,0,1782358577.8943083,0.0020787715911865234
15992,normal,1446,0,1782358577.8962057,0.0018973350524902344
15993,normal,667,0,1782358577.8984425,0.0022368431091308594
15994,normal,3135,1,1782358577.9004495,0.002007007598876953
15995,normal,998,2,1782358577.902351,0.001901388168334961
15996,normal,739,0,1782358577.9041872,0.0018362998962402344
15997,normal,32,0,1782358577.906307,0.002119779586791992
15998,normal,260,0,1782358577.908214,0.0019071102142333984
15999,normal,3301,1,1782358577.9104276,0.0022134780883789062
16000,normal,1979,0,1782358577.9124346,0.002007007598876953
16001,normal,365,0,1782358577.9143803,0.0019457340240478516
16002,normal,495,0,1782358577.916439,0.002058744430541992
16003,normal,161,0,1782358577.918515,0.0020759105682373047
16004,normal,399,0,1782358577.920262,0.00174713134765625
16005,normal,1337,1,1782358577.9225576,0.0022954940795898438
16006,normal,304,0,1782358577.9242642,0.0017066001892089844
16007,normal,1593,0,1782358577.9266462,0.002382040023803711
16008,normal,3507,0,1782358577.9282427,0.0015964508056640625
16009,normal,1761,0,1782358577.9302294,0.0019867420196533203
16010,normal,152,0,1782358577.9322424,0.002012968063354492
16011,normal,1944,0,1782358577.934228,0.0019855499267578125
16012,normal,772,2,1782358577.9362748,0.002046823501586914
16013,normal,956,2,1782358577.9382222,0.0019474029541015625
16014,normal,1448,0,1782358577.940257,0.002034902572631836
16015,normal,2160,0,1782358577.942239,0.001981973648071289
16016,normal,1934,0,1782358577.9442441,0.0020051002502441406
16017,normal,3054,1,1782358577.946228,0.0019838809967041016
16018,normal,2973,0,1782358577.9482732,0.002045154571533203
16019,normal,3574,0,1782358577.9509847,0.0027115345001220703
16020,normal,462,0,1782358577.9522057,0.0012209415435791016
16021,normal,3216,1,1782358577.9543836,0.0021779537200927734
16022,normal,2042,0,1782358577.956204,0.0018203258514404297
16023,normal,1604,0,1782358577.9582233,0.0020194053649902344
16024,normal,2890,0,1782358577.9602606,0.0020372867584228516
16025,normal,406,0,1782358577.9622278,0.001967191696166992
16026,normal,1300,0,1782358577.9642444,0.0020165443420410156
16027,normal,1159,0,1782358577.9662478,0.0020034313201904297
16028,normal,1870,0,1782358577.968242,0.0019941329956054688
16029,normal,116,0,1782358577.970223,0.001981019973754883
16030,normal,2369,0,1782358577.9724154,0.0021924972534179688
16031,normal,2893,0,1782358577.9742317,0.0018162727355957031
16032,normal,2316,0,1782358577.9762456,0.0020139217376708984
16033,normal,150,0,1782358577.9784622,0.0022165775299072266
16034,normal,872,2,1782358577.9802463,0.0017840862274169922
16035,normal,2082,0,1782358577.982229,0.0019826889038085938
16036,normal,2108,0,1782358577.9842646,0.0020356178283691406
16037,normal,22,0,1782358577.9862273,0.0019626617431640625
16038,normal,2858,0,1782358577.9882417,0.0020143985748291016
16039,normal,2390,0,1782358577.990226,0.0019843578338623047
16040,normal,1584,0,1782358577.9922402,0.00201416015625
16041,normal,3319,1,1782358577.9942582,0.002017974853515625
16042,normal,2220,0,1782358577.996255,0.001996755599975586
16043,normal,3192,1,1782358577.9982285,0.0019736289978027344
16044,normal,994,2,1782358578.000244,0.002015352249145508
16045,normal,3677,0,1782358578.0022311,0.0019872188568115234
16046,normal,3039,0,1782358578.0042415,0.002010345458984375
16047,normal,1398,0,1782358578.0062287,0.0019872188568115234
16048,normal,465,0,1782358578.0082593,0.002030611038208008
16049,normal,1465,0,1782358578.0102284,0.0019690990447998047
16050,normal,1523,0,1782358578.012243,0.002014636993408203
16051,normal,2676,0,1782358578.0142267,0.001983642578125
16052,normal,1688,0,1782358578.0162408,0.00201416015625
16053,normal,2051,0,1782358578.018384,0.0021431446075439453
16054,normal,2206,0,1782358578.0203931,0.002009153366088867
16055,normal,2375,0,1782358578.0222046,0.0018115043640136719
16056,normal,1543,0,1782358578.0243998,0.002195119857788086
16057,normal,3411,0,1782358578.0262997,0.0018999576568603516
16058,normal,973,2,1782358578.0283053,0.0020055770874023438
16059,normal,448,0,1782358578.0302336,0.0019283294677734375
16060,normal,2733,0,1782358578.0322483,0.002014636993408203
16061,normal,3500,0,1782358578.0342047,0.001956462860107422
16062,normal,151,0,1782358578.036264,0.0020592212677001953
16063,normal,276,0,1782358578.038294,0.0020301342010498047
16064,normal,3607,0,1782358578.0402994,0.002005338668823242
16065,normal,2512,0,1782358578.0422456,0.0019462108612060547
16066,normal,2397,0,1782358578.0443072,0.002061605453491211
16067,normal,20,0,1782358578.0463037,0.0019965171813964844
16068,normal,2995,0,1782358578.048241,0.0019371509552001953
16069,normal,671,0,1782358578.0502865,0.0020456314086914062
16070,normal,1323,1,1782358578.052303,0.0020165443420410156
16071,normal,2603,0,1782358578.0542388,0.001935720443725586
16072,normal,277,0,1782358578.0563076,0.002068758010864258
16073,normal,1922,0,1782358578.0583014,0.001993894577026367
16074,normal,215,0,1782358578.060225,0.0019235610961914062
16075,normal,2487,0,1782358578.0623589,0.0021338462829589844
16076,normal,1327,1,1782358578.0642006,0.0018417835235595703
16077,normal,1018,2,1782358578.0663965,0.0021958351135253906
16078,normal,768,0,1782358578.0683062,0.0019097328186035156
16079,normal,3478,0,1782358578.0702684,0.0019621849060058594
16080,normal,1297,0,1782358578.0722342,0.001965761184692383
16081,normal,2895,0,1782358578.07429,0.0020558834075927734
16082,normal,3142,1,1782358578.076208,0.0019180774688720703
16083,normal,1828,0,1782358578.0784004,0.002192258834838867
16084,normal,2756,0,1782358578.0802727,0.0018723011016845703
16085,normal,3371,1,1782358578.082313,0.002040386199951172
16086,normal,3022,0,1782358578.0842178,0.0019047260284423828
16087,normal,1864,0,1782358578.0863254,0.0021076202392578125
16088,normal,2938,0,1782358578.088177,0.0018515586853027344
16089,normal,944,2,1782358578.0903184,0.0021414756774902344
16090,normal,2420,0,1782358578.0923114,0.001992940902709961
16091,normal,996,2,1782358578.0941823,0.001870870590209961
16092,normal,1978,0,1782358578.0963206,0.002138376235961914
16093,normal,1418,0,1782358578.0983207,0.002000093460083008
16094,normal,1467,0,1782358578.1001759,0.0018551349639892578
16095,normal,1693,0,1782358578.1023223,0.002146482467651367
16096,normal,3359,1,1782358578.1043298,0.0020074844360351562
16097,normal,1887,0,1782358578.1061862,0.0018563270568847656
16098,normal,822,2,1782358578.1083028,0.002116680145263672
16099,normal,842,2,1782358578.1102543,0.001951456069946289
16100,normal,3535,0,1782358578.1121767,0.0019223690032958984
16101,normal,3323,1,1782358578.1142542,0.0020775794982910156
16102,normal,2014,0,1782358578.116319,0.0020647048950195312
16103,normal,787,2,1782358578.118186,0.001867055892944336
16104,normal,780,2,1782358578.1203191,0.0021331310272216797
16105,normal,379,0,1782358578.1223104,0.00199127197265625
16106,normal,623,0,1782358578.1241758,0.001865386962890625
16107,normal,936,2,1782358578.1262603,0.002084493637084961
16108,normal,2294,0,1782358578.1282282,0.001967906951904297
16109,normal,16,0,1782358578.1301851,0.001956939697265625
16110,normal,1914,0,1782358578.1322994,0.0021142959594726562
16111,normal,178,0,1782358578.1342413,0.0019419193267822266
16112,normal,269,0,1782358578.1361866,0.0019452571868896484
16113,normal,2427,0,1782358578.138239,0.00205230712890625
16114,normal,1481,0,1782358578.1402264,0.001987457275390625
16115,normal,2697,0,1782358578.1421845,0.001958131790161133
16116,normal,1341,1,1782358578.1443052,0.0021207332611083984
16117,normal,1002,2,1782358578.146366,0.0020606517791748047
16118,normal,1546,0,1782358578.1481879,0.0018219947814941406
16119,normal,174,0,1782358578.1503115,0.002123594284057617
16120,normal,60,0,1782358578.1523252,0.002013683319091797
16121,normal,2169,0,1782358578.154174,0.0018489360809326172
16122,normal,595,0,1782358578.156297,0.0021228790283203125
16123,normal,292,0,1782358578.1583772,0.002080202102661133
16124,normal,2307,0,1782358578.160199,0.001821756362915039
16125,normal,1238,0,1782358578.1622443,0.0020453929901123047
16126,normal,2849,0,1782358578.164243,0.0019986629486083984
16127,normal,2305,0,1782358578.1661735,0.0019304752349853516
16128,normal,2785,0,1782358578.1683218,0.0021483898162841797
16129,normal,2605,0,1782358578.17032,0.0019981861114501953
16130,normal,2625,0,1782358578.1721888,0.0018687248229980469
16131,normal,1602,0,1782358578.1743143,0.0021255016326904297
16132,normal,3551,0,1782358578.1763146,0.0020003318786621094
16133,normal,108,0,1782358578.1781745,0.001859903335571289
16134,normal,2988,0,1782358578.1802564,0.0020818710327148438
16135,normal,1426,0,1782358578.182291,0.0020346641540527344
16136,normal,3696,0,1782358578.1841862,0.0018951892852783203
16137,normal,635,0,1782358578.1862671,0.0020809173583984375
16138,normal,3680,0,1782358578.1882498,0.0019826889038085938
16139,normal,1124,0,1782358578.1901755,0.0019257068634033203
16140,normal,725,0,1782358578.1922586,0.0020830631256103516
16141,normal,2424,0,1782358578.194321,0.0020623207092285156
16142,normal,876,2,1782358578.1961868,0.0018658638000488281
16143,normal,1191,0,1782358578.1983006,0.002113819122314453
16144,normal,850,2,1782358578.2003508,0.002050161361694336
16145,normal,1822,0,1782358578.2021782,0.0018274784088134766
16146,normal,904,2,1782358578.2042568,0.002078533172607422
16147,normal,1885,0,1782358578.206363,0.002106189727783203
16148,normal,576,0,1782358578.2081861,0.0018231868743896484
16149,normal,529,0,1782358578.2102675,0.0020813941955566406
16150,normal,2802,0,1782358578.212236,0.0019683837890625
16151,normal,1974,0,1782358578.214174,0.0019381046295166016
16152,normal,1690,0,1782358578.2162547,0.002080678939819336
16153,normal,2447,0,1782358578.2183266,0.002071857452392578
16154,normal,541,0,1782358578.2201881,0.001861572265625
16155,normal,1777,0,1782358578.2222385,0.0020503997802734375
16156,normal,346,0,1782358578.2242403,0.0020017623901367188
16157,normal,418,0,1782358578.2261767,0.0019364356994628906
16158,normal,1423,0,1782358578.2282572,0.0020804405212402344
16159,normal,2845,0,1782358578.23029,0.002032756805419922
16160,normal,3152,1,1782358578.2321868,0.0018968582153320312
16161,normal,2347,0,1782358578.2342677,0.0020809173583984375
16162,normal,472,0,1782358578.2362466,0.0019788742065429688
16163,normal,2429,0,1782358578.238176,0.0019295215606689453
16164,normal,423,0,1782358578.2402375,0.0020613670349121094
16165,normal,420,0,1782358578.2422183,0.0019807815551757812
16166,normal,1675,0,1782358578.2441835,0.0019652843475341797
16167,normal,1369,1,1782358578.2463105,0.002126932144165039
16168,normal,932,2,1782358578.248301,0.0019905567169189453
16169,normal,659,0,1782358578.2501824,0.0018813610076904297
16170,normal,1258,0,1782358578.2523205,0.0021381378173828125
16171,normal,1224,0,1782358578.2542782,0.0019576549530029297
16172,normal,1208,0,1782358578.2561855,0.0019073486328125
16173,normal,741,0,1782358578.2583108,0.002125263214111328
16174,normal,2786,0,1782358578.2602677,0.001956939697265625
16175,normal,3426,0,1782358578.2621744,0.0019066333770751953
16176,normal,309,0,1782358578.264322,0.002147674560546875
16177,normal,2232,0,1782358578.2662923,0.0019702911376953125
16178,normal,1791,0,1782358578.2681868,0.0018944740295410156
16179,normal,2998,0,1782358578.2703164,0.0021295547485351562
16180,normal,1729,0,1782358578.2723043,0.001987934112548828
16181,normal,1731,0,1782358578.2741768,0.0018725395202636719
16182,normal,2439,0,1782358578.2763226,0.0021457672119140625
16183,normal,1744,0,1782358578.2782824,0.0019598007202148438
16184,normal,1621,0,1782358578.2801864,0.0019040107727050781
16185,normal,94,0,1782358578.2823043,0.0021178722381591797
16186,normal,3042,0,1782358578.2843034,0.0019991397857666016
16187,normal,1365,1,1782358578.2861774,0.0018739700317382812
16188,normal,3180,1,1782358578.288322,0.0021445751190185547
16189,normal,3096,1,1782358578.2902815,0.001959562301635742
16190,normal,2255,0,1782358578.2921867,0.001905202865600586
16191,normal,2547,0,1782358578.294304,0.002117156982421875
16192,normal,24,0,1782358578.2962992,0.0019953250885009766
16193,normal,645,0,1782358578.298179,0.0018796920776367188
16194,normal,3154,1,1782358578.300279,0.0020999908447265625
16195,normal,3073,1,1782358578.3023639,0.002084970474243164
16196,normal,1119,0,1782358578.304209,0.0018451213836669922
16197,normal,2028,0,1782358578.306249,0.0020399093627929688
16198,normal,2456,0,1782358578.308209,0.0019600391387939453
16199,normal,1768,0,1782358578.3101747,0.001965761184692383
16200,normal,2102,0,1782358578.312329,0.0021543502807617188
16201,normal,744,0,1782358578.314188,0.0018589496612548828
16202,normal,1462,0,1782358578.3162296,0.0020415782928466797
16203,normal,839,2,1782358578.3185267,0.0022971630096435547
16204,normal,2269,0,1782358578.3201513,0.0016245841979980469
16205,normal,396,0,1782358578.3225782,0.0024268627166748047
16206,normal,2550,0,1782358578.3243241,0.0017459392547607422
16207,normal,2477,0,1782358578.3263023,0.001978158950805664
16208,normal,311,0,1782358578.3283782,0.0020759105682373047
16209,normal,2478,0,1782358578.3304682,0.002089977264404297
16210,normal,1355,1,1782358578.332461,0.001992940902709961
16211,normal,2020,0,1782358578.3342278,0.0017666816711425781
16212,normal,2994,0,1782358578.3365328,0.0023050308227539062
16213,normal,1668,0,1782358578.3382392,0.0017063617706298828
16214,normal,1372,1,1782358578.3403428,0.002103567123413086
16215,normal,1322,1,1782358578.3422413,0.0018985271453857422
16216,normal,2559,0,1782358578.3443737,0.002132415771484375
16217,normal,1066,0,1782358578.3461974,0.0018236637115478516
16218,normal,556,0,1782358578.3483803,0.0021829605102539062
16219,normal,3685,0,1782358578.350212,0.0018317699432373047
16220,normal,254,0,1782358578.352149,0.0019369125366210938
16221,normal,2548,0,1782358578.3541815,0.0020325183868408203
16222,normal,3183,1,1782358578.3561604,0.0019788742065429688
16223,normal,1273,0,1782358578.3583648,0.002204418182373047
16224,normal,3254,1,1782358578.3602133,0.001848459243774414
16225,normal,1395,0,1782358578.3623588,0.002145528793334961
16226,normal,3043,0,1782358578.3642125,0.0018537044525146484
16227,normal,455,0,1782358578.3665516,0.0023391246795654297
16228,normal,2479,0,1782358578.3683715,0.0018198490142822266
16229,normal,2958,0,1782358578.3702254,0.00185394287109375
16230,normal,3564,0,1782358578.372747,0.002521514892578125
16231,normal,2832,0,1782358578.3742385,0.001491546630859375
16232,normal,737,0,1782358578.376547,0.0023086071014404297
16233,normal,3106,1,1782358578.378325,0.0017778873443603516
16234,normal,2165,0,1782358578.3803637,0.002038717269897461
16235,normal,2257,0,1782358578.3822284,0.0018646717071533203
16236,normal,3453,0,1782358578.3845074,0.002279043197631836
16237,normal,3122,1,1782358578.3863578,0.0018503665924072266
16238,normal,2239,0,1782358578.388228,0.0018701553344726562
16239,normal,1505,0,1782358578.390463,0.0022351741790771484
16240,normal,1289,0,1782358578.3925643,0.0021011829376220703
16241,normal,1851,0,1782358578.3942184,0.0016541481018066406
16242,normal,312,0,1782358578.3964643,0.0022459030151367188
16243,normal,2502,0,1782358578.3983686,0.0019042491912841797
16244,normal,1823,0,1782358578.4010904,0.0027217864990234375
16245,normal,3489,0,1782358578.4022357,0.0011453628540039062
16246,normal,1804,0,1782358578.4044428,0.002207040786743164
16247,normal,2275,0,1782358578.4063172,0.0018744468688964844
16248,normal,3281,1,1782358578.4086328,0.002315521240234375
16249,normal,148,0,1782358578.4102132,0.0015804767608642578
16250,normal,3147,1,1782358578.4124143,0.002201080322265625
16251,normal,2500,0,1782358578.414295,0.001880645751953125
16252,normal,2922,0,1782358578.4164073,0.0021123886108398438
16253,normal,3223,1,1782358578.418353,0.0019457340240478516
16254,normal,2291,0,1782358578.4204266,0.002073526382446289
16255,normal,3450,0,1782358578.422528,0.002101421356201172
16256,normal,2361,0,1782358578.4242246,0.0016965866088867188
16257,normal,1474,0,1782358578.426642,0.002417325973510742
16258,normal,549,0,1782358578.4282923,0.0016503334045410156
16259,normal,1415,0,1782358578.4303591,0.0020668506622314453
16260,normal,2656,0,1782358578.4322214,0.0018622875213623047
16261,normal,835,2,1782358578.4345267,0.002305269241333008
16262,normal,1080,0,1782358578.4361877,0.001661062240600586
16263,normal,2422,0,1782358578.4385343,0.002346515655517578
16264,normal,156,0,1782358578.4402292,0.0016949176788330078
16265,normal,574,0,1782358578.4423153,0.002086162567138672
16266,normal,403,0,1782358578.4444017,0.0020864009857177734
16267,normal,1049,0,1782358578.4463706,0.001968860626220703
16268,normal,1166,0,1782358578.448184,0.0018134117126464844
16269,normal,208,0,1782358578.4504182,0.002234220504760742
16270,normal,1967,0,1782358578.4522424,0.0018241405487060547
16271,normal,1865,0,1782358578.4543102,0.0020678043365478516
16272,normal,3278,1,1782358578.4562314,0.0019211769104003906
16273,normal,1726,0,1782358578.4583676,0.00213623046875
16274,normal,1740,0,1782358578.460186,0.0018184185028076172
16275,normal,747,0,1782358578.4624233,0.0022373199462890625
16276,normal,1216,0,1782358578.464232,0.0018086433410644531
16277,normal,2760,0,1782358578.4663095,0.0020775794982910156
16278,normal,2186,0,1782358578.468228,0.0019185543060302734
16279,normal,1410,0,1782358578.4703665,0.002138376235961914
16280,normal,2887,0,1782358578.4721844,0.001817941665649414
16281,normal,1344,1,1782358578.474513,0.002328634262084961
16282,normal,665,0,1782358578.4762468,0.0017337799072265625
16283,normal,3176,1,1782358578.4783123,0.002065420150756836
16284,normal,1980,0,1782358578.4802287,0.0019164085388183594
16285,normal,3220,1,1782358578.4823682,0.002139568328857422
16286,normal,704,0,1782358578.4841847,0.0018165111541748047
16287,normal,1190,0,1782358578.486446,0.0022611618041992188
16288,normal,1085,0,1782358578.4882302,0.0017843246459960938
16289,normal,380,0,1782358578.490308,0.002077817916870117
16290,normal,467,0,1782358578.4921863,0.0018782615661621094
16291,normal,3070,1,1782358578.494369,0.0021827220916748047
16292,normal,184,0,1782358578.4961836,0.0018146038055419922
16293,normal,345,0,1782358578.4984493,0.0022656917572021484
16294,normal,1747,0,1782358578.5002465,0.0017971992492675781
16295,normal,1937,0,1782358578.5023112,0.0020647048950195312
16296,normal,2018,0,1782358578.5042295,0.0019183158874511719
16297,normal,1773,0,1782358578.506371,0.0021414756774902344
16298,normal,2538,0,1782358578.5081854,0.0018143653869628906
16299,normal,1123,0,1782358578.5104537,0.0022683143615722656
16300,normal,683,0,1782358578.5122275,0.001773834228515625
16301,normal,792,2,1782358578.5143104,0.00208282470703125
16302,normal,2711,0,1782358578.5162292,0.001918792724609375
16303,normal,1783,0,1782358578.5183692,0.002140045166015625
16304,normal,3263,1,1782358578.520186,0.0018167495727539062
16305,normal,1375,1,1782358578.5223742,0.0021882057189941406
16306,normal,1419,0,1782358578.524229,0.0018548965454101562
16307,normal,2385,0,1782358578.526313,0.002084016799926758
16308,normal,959,2,1782358578.528228,0.00191497802734375
16309,normal,3474,0,1782358578.5302224,0.0019943714141845703
16310,normal,2633,0,1782358578.5321856,0.0019631385803222656
16311,normal,3131,1,1782358578.5344157,0.0022301673889160156
16312,normal,2837,0,1782358578.5362666,0.0018508434295654297
16313,normal,3300,1,1782358578.5381656,0.0018990039825439453
16314,normal,1274,0,1782358578.5404196,0.002254009246826172
16315,normal,2040,0,1782358578.5422556,0.0018360614776611328
16316,normal,106,0,1782358578.5441654,0.0019097328186035156
16317,normal,6,0,1782358578.5464349,0.0022695064544677734
16318,normal,1177,0,1782358578.5482552,0.0018203258514404297
16319,normal,2534,0,1782358578.5501647,0.001909494400024414
16320,normal,1512,0,1782358578.5524268,0.002262115478515625
16321,normal,2807,0,1782358578.5542507,0.0018239021301269531
16322,normal,3072,1,1782358578.5561771,0.001926422119140625
16323,normal,336,0,1782358578.5585248,0.002347707748413086
16324,normal,1269,0,1782358578.560478,0.001953125
16325,normal,1692,0,1782358578.5622025,0.0017244815826416016
16326,normal,1538,0,1782358578.5643609,0.0021584033966064453
16327,normal,144,0,1782358578.5662985,0.0019376277923583984
16328,normal,2741,0,1782358578.568372,0.002073526382446289
16329,normal,30,0,1782358578.5703712,0.0019991397857666016
16330,normal,3441,0,1782358578.5725245,0.0021533966064453125
16331,normal,2372,0,1782358578.5745275,0.0020029544830322266
16332,normal,3145,1,1782358578.57637,0.001842498779296875
16333,normal,121,0,1782358578.5785801,0.0022101402282714844
16334,normal,1598,0,1782358578.5809343,0.002354145050048828
16335,normal,2201,0,1782358578.583172,0.0022377967834472656
16336,normal,2586,0,1782358578.584839,0.001667022705078125
16337,normal,527,0,1782358578.5868068,0.0019676685333251953
16338,normal,3031,0,1782358578.58857,0.0017633438110351562
16339,normal,3014,0,1782358578.5905778,0.002007722854614258
16340,normal,303,0,1782358578.5927954,0.002217531204223633
16341,normal,3379,1,1782358578.5944605,0.0016651153564453125
16342,normal,515,0,1782358578.5967042,0.0022437572479248047
16343,normal,1443,0,1782358578.5984292,0.0017249584197998047
16344,normal,2366,0,1782358578.6005619,0.0021326541900634766
16345,normal,3665,0,1782358578.602389,0.001827239990234375
16346,normal,878,2,1782358578.6048355,0.002446413040161133
16347,normal,2284,0,1782358578.6066911,0.001855611801147461
16348,normal,2833,0,1782358578.6084425,0.0017514228820800781
16349,normal,2870,0,1782358578.6104176,0.0019750595092773438
16350,normal,3499,0,1782358578.6127899,0.002372264862060547
16351,normal,221,0,1782358578.6143806,0.001590728759765625
16352,normal,3702,0,1782358578.6169052,0.0025246143341064453
16353,normal,1186,0,1782358578.6191337,0.0022284984588623047
16354,normal,205,0,1782358578.6208558,0.001722097396850586
16355,normal,845,2,1782358578.6227744,0.0019185543060302734
16356,normal,2059,0,1782358578.6244524,0.0016779899597167969
16357,normal,3617,0,1782358578.6265297,0.002077341079711914
16358,normal,1020,2,1782358578.6283927,0.0018630027770996094
16359,normal,167,0,1782358578.6305351,0.0021424293518066406
16360,normal,1326,1,1782358578.63273,0.0021948814392089844
16361,normal,3469,0,1782358578.6348963,0.002166271209716797
16362,normal,3502,0,1782358578.636623,0.0017266273498535156
16363,normal,1302,0,1782358578.6389346,0.00231170654296875
16364,normal,330,0,1782358578.6410236,0.0020890235900878906
16365,normal,2991,0,1782358578.6433067,0.0022830963134765625
16366,normal,592,0,1782358578.644153,0.0008463859558105469
16367,normal,1610,0,1782358578.646541,0.00238800048828125
16368,normal,2084,0,1782358578.6482563,0.0017151832580566406
16369,normal,1223,0,1782358578.6504633,0.002207040786743164
16370,normal,975,2,1782358578.652305,0.0018415451049804688
16371,normal,3493,0,1782358578.6551676,0.002862691879272461
16372,normal,3181,1,1782358578.6562197,0.0010521411895751953
16373,normal,110,0,1782358578.658386,0.002166271209716797
16374,normal,140,0,1782358578.660373,0.001986980438232422
16375,normal,1541,0,1782358578.6622927,0.0019197463989257812
16376,normal,2955,0,1782358578.664414,0.0021212100982666016
16377,normal,3288,1,1782358578.6663911,0.001977205276489258
16378,normal,1103,0,1782358578.6682918,0.0019006729125976562
16379,normal,770,0,1782358578.6703799,0.0020880699157714844
16380,normal,848,2,1782358578.6723764,0.0019965171813964844
16381,normal,901,2,1782358578.6742923,0.0019159317016601562
16382,normal,3416,0,1782358578.6764207,0.0021283626556396484
16383,normal,49,0,1782358578.6782293,0.0018086433410644531
16384,normal,288,0,1782358578.680575,0.002345561981201172
16385,normal,832,2,1782358578.682226,0.0016510486602783203
16386,normal,3369,1,1782358578.6845543,0.0023283958435058594
16387,normal,1359,1,1782358578.686325,0.0017707347869873047
16388,normal,3074,1,1782358578.6887827,0.0024576187133789062
16389,normal,355,0,1782358578.6903856,0.0016028881072998047
16390,normal,766,0,1782358578.6923177,0.0019321441650390625
16391,normal,1831,0,1782358578.6943781,0.002060413360595703
16392,normal,2848,0,1782358578.696385,0.0020067691802978516
16393,normal,1198,0,1782358578.6982982,0.001913309097290039
16394,normal,2146,0,1782358578.7003849,0.002086639404296875
16395,normal,2233,0,1782358578.7023742,0.0019893646240234375
16396,normal,316,0,1782358578.704304,0.0019297599792480469
16397,normal,52,0,1782358578.7069304,0.0026264190673828125
16398,normal,2990,0,1782358578.708392,0.0014615058898925781
16399,normal,344,0,1782358578.7103102,0.0019183158874511719
16400,normal,1016,2,1782358578.712377,0.0020668506622314453
16401,normal,1653,0,1782358578.714376,0.0019989013671875
16402,normal,3421,0,1782358578.7162955,0.0019195079803466797
16403,normal,39,0,1782358578.7183921,0.0020966529846191406
16404,normal,1143,0,1782358578.72021,0.001817941665649414
16405,normal,1376,1,1782358578.7225583,0.002348184585571289
16406,normal,763,0,1782358578.7242115,0.0016531944274902344
16407,normal,1631,0,1782358578.7265162,0.0023047924041748047
16408,normal,3060,1,1782358578.728318,0.0018017292022705078
16409,normal,2680,0,1782358578.7310436,0.0027256011962890625
16410,normal,3394,1,1782358578.732226,0.0011823177337646484
16411,normal,3410,0,1782358578.7345753,0.002349376678466797
16412,normal,2637,0,1782358578.7362258,0.0016505718231201172
16413,normal,2002,0,1782358578.738633,0.002407073974609375
16414,normal,3559,0,1782358578.74022,0.0015871524810791016
16415,normal,1529,0,1782358578.7424278,0.0022077560424804688
16416,normal,1715,0,1782358578.74423,0.001802206039428711
16417,normal,3456,0,1782358578.7465715,0.0023415088653564453
16418,normal,2742,0,1782358578.7482255,0.001653909683227539
16419,normal,906,2,1782358578.7505462,0.0023207664489746094
16420,normal,2576,0,1782358578.752317,0.0017707347869873047
16421,normal,1755,0,1782358578.7545424,0.0022253990173339844
16422,normal,2425,0,1782358578.756383,0.0018405914306640625
16423,normal,2556,0,1782358578.7583172,0.0019342899322509766
16424,normal,2126,0,1782358578.7608993,0.002582073211669922
16425,normal,3650,0,1782358578.7632182,0.002318859100341797
16426,normal,3090,1,1782358578.76487,0.001651763916015625
16427,normal,1644,0,1782358578.7668524,0.001982450485229492
16428,normal,1656,0,1782358578.768622,0.0017695426940917969
16429,normal,1889,0,1782358578.7707248,0.0021028518676757812
16430,normal,3417,0,1782358578.7725084,0.001783609390258789
16431,normal,3280,1,1782358578.7745616,0.0020532608032226562
16432,normal,2202,0,1782358578.776584,0.002022266387939453
16433,normal,1553,0,1782358578.778651,0.002067089080810547
16434,normal,3266,1,1782358578.780492,0.0018410682678222656
16435,normal,617,0,1782358578.7828176,0.0023255348205566406
16436,normal,2173,0,1782358578.7849388,0.0021212100982666016
16437,normal,2088,0,1782358578.787165,0.002226114273071289
16438,normal,803,2,1782358578.788968,0.0018031597137451172
16439,normal,1131,0,1782358578.7907302,0.0017621517181396484
16440,normal,213,0,1782358578.7927299,0.0019996166229248047
16441,normal,3167,1,1782358578.7945728,0.0018429756164550781
16442,normal,1705,0,1782358578.7968202,0.002247333526611328
16443,normal,1253,0,1782358578.7987597,0.001939535140991211
16444,normal,1241,0,1782358578.800561,0.0018012523651123047
16445,normal,2508,0,1782358578.8031237,0.0025627613067626953
16446,normal,2863,0,1782358578.8055344,0.0024106502532958984
16447,normal,3186,1,1782358578.80632,0.0007855892181396484
16448,normal,2693,0,1782358578.8085556,0.0022356510162353516
16449,normal,3637,0,1782358578.8105721,0.0020165443420410156
16450,normal,1484,0,1782358578.8126485,0.002076387405395508
16451,normal,1251,0,1782358578.8145237,0.001875162124633789
16452,normal,711,0,1782358578.8164804,0.0019567012786865234
16453,normal,1873,0,1782358578.8189008,0.0024204254150390625
16454,normal,3643,0,1782358578.8209927,0.0020918846130371094
16455,normal,3184,1,1782358578.8230221,0.0020294189453125
16456,normal,2130,0,1782358578.8249705,0.0019483566284179688
16457,normal,2504,0,1782358578.8271022,0.0021317005157470703
16458,normal,557,0,1782358578.8289464,0.001844167709350586
16459,normal,3567,0,1782358578.831427,0.002480745315551758
16460,normal,2624,0,1782358578.8321714,0.0007443428039550781
16461,normal,2800,0,1782358578.834693,0.002521514892578125
16462,normal,990,2,1782358578.836548,0.0018551349639892578
16463,normal,2671,0,1782358578.8388429,0.002294778823852539
16464,normal,2069,0,1782358578.8406572,0.0018143653869628906
16465,normal,628,0,1782358578.8427458,0.0020885467529296875
16466,normal,278,0,1782358578.844829,0.002083301544189453
16467,normal,2962,0,1782358578.8465366,0.0017075538635253906
16468,normal,2905,0,1782358578.8486807,0.0021440982818603516
16469,normal,501,0,1782358578.850592,0.001911163330078125
16470,normal,884,2,1782358578.8525736,0.0019817352294921875
16471,normal,1333,1,1782358578.8547077,0.002134084701538086
16472,normal,1165,0,1782358578.856555,0.0018472671508789062
16473,normal,2509,0,1782358578.8585713,0.002016305923461914
16474,normal,1456,0,1782358578.860791,0.002219676971435547
16475,normal,909,2,1782358578.8625202,0.0017292499542236328
16476,normal,1972,0,1782358578.8645675,0.002047300338745117
16477,normal,1734,0,1782358578.8665981,0.002030611038208008
16478,normal,3318,1,1782358578.86848,0.0018818378448486328
16479,normal,1633,0,1782358578.87117,0.0026900768280029297
16480,normal,3653,0,1782358578.8729947,0.0018246173858642578
16481,normal,930,2,1782358578.875117,0.0021224021911621094
16482,normal,2628,0,1782358578.8778572,0.002740144729614258
16483,normal,1394,0,1782358578.8781655,0.0003082752227783203
16484,normal,951,2,1782358578.8805401,0.0023746490478515625
16485,normal,2689,0,1782358578.882911,0.0023708343505859375
16486,normal,938,2,1782358578.8847337,0.0018227100372314453
16487,normal,2241,0,1782358578.886895,0.002161264419555664
16488,normal,3343,1,1782358578.8885913,0.0016963481903076172
16489,normal,2226,0,1782358578.8914378,0.0028464794158935547
16490,normal,2360,0,1782358578.8921874,0.0007495880126953125
16491,normal,1215,0,1782358578.8946946,0.0025072097778320312
16492,normal,1110,0,1782358578.896957,0.0022623538970947266
16493,normal,982,2,1782358578.898557,0.001600027084350586
16494,normal,3582,0,1782358578.90025,0.0016930103302001953
16495,normal,2423,0,1782358578.9025786,0.002328634262084961
16496,normal,2326,0,1782358578.9045427,0.001964092254638672
16497,normal,1759,0,1782358578.9065266,0.0019838809967041016
16498,normal,166,0,1782358578.9081507,0.0016241073608398438
16499,normal,680,0,1782358578.9105241,0.0023734569549560547
16500,normal,2809,0,1782358578.9124322,0.0019080638885498047
16501,normal,2229,0,1782358578.914294,0.0018618106842041016
16502,normal,1157,0,1782358578.9164033,0.0021092891693115234
16503,normal,2399,0,1782358578.918256,0.0018527507781982422
16504,normal,783,2,1782358578.9205635,0.002307415008544922
16505,normal,503,0,1782358578.9222758,0.0017123222351074219
16506,normal,1459,0,1782358578.9247322,0.0024564266204833984
16507,normal,764,0,1782358578.9264522,0.0017199516296386719
16508,normal,2228,0,1782358578.928857,0.002404928207397461
16509,normal,2272,0,1782358578.930412,0.0015549659729003906
16510,normal,430,0,1782358578.93245,0.0020380020141601562
16511,normal,3109,1,1782358578.9348364,0.002386331558227539
16512,normal,2073,0,1782358578.9365864,0.0017499923706054688
16513,normal,3413,0,1782358578.9384642,0.0018777847290039062
16514,normal,2916,0,1782358578.9409354,0.0024712085723876953
16515,normal,2821,0,1782358578.9422188,0.001283407211303711
16516,normal,1662,0,1782358578.9446108,0.0023920536041259766
16517,normal,1453,0,1782358578.9464262,0.0018153190612792969
16518,normal,2530,0,1782358578.9488263,0.0024001598358154297
16519,normal,2748,0,1782358578.9506037,0.0017774105072021484
16520,normal,2672,0,1782358578.952931,0.0023272037506103516
16521,normal,3659,0,1782358578.9542167,0.0012857913970947266
16522,normal,3321,1,1782358578.9569108,0.0026941299438476562
16523,normal,2449,0,1782358578.9587865,0.0018756389617919922
16524,normal,3466,0,1782358578.96127,0.0024836063385009766
16525,normal,2594,0,1782358578.9621952,0.0009250640869140625
16526,normal,115,0,1782358578.964377,0.0021817684173583984
16527,normal,2828,0,1782358578.9666564,0.002279520034790039
16528,normal,3584,0,1782358578.9685504,0.0018939971923828125
16529,normal,1437,0,1782358578.9703743,0.0018239021301269531
16530,normal,1855,0,1782358578.97264,0.0022656917572021484
16531,normal,2901,0,1782358578.9743874,0.0017473697662353516
16532,normal,3163,1,1782358578.9767158,0.0023283958435058594
16533,normal,3511,0,1782358578.978744,0.002028226852416992
16534,normal,1378,1,1782358578.9805553,0.0018112659454345703
16535,normal,204,0,1782358578.982596,0.0020406246185302734
16536,normal,1336,1,1782358578.9845586,0.0019626617431640625
16537,normal,3360,1,1782358578.9863915,0.0018329620361328125
16538,normal,1161,0,1782358578.9887064,0.0023148059844970703
16539,normal,697,0,1782358578.9906497,0.001943349838256836
16540,normal,1751,0,1782358578.9925592,0.001909494400024414
16541,normal,1962,0,1782358578.9944036,0.0018444061279296875
16542,normal,1832,0,1782358578.9972374,0.002833843231201172
16543,normal,2234,0,1782358578.9988856,0.0016481876373291016
16544,normal,1105,0,1782358579.0011792,0.0022935867309570312
16545,normal,3390,1,1782358579.0029268,0.0017476081848144531
16546,normal,2638,0,1782358579.0048625,0.001935720443725586
16547,normal,2236,0,1782358579.00684,0.0019774436950683594
16548,normal,23,0,1782358579.008465,0.00162506103515625
16549,normal,3316,1,1782358579.0105278,0.0020627975463867188
16550,normal,513,0,1782358579.012525,0.001997232437133789
16551,normal,626,0,1782358579.0149465,0.0024213790893554688
16552,normal,3226,1,1782358579.0170608,0.0021142959594726562
16553,normal,1567,0,1782358579.0183122,0.0012514591217041016
16554,normal,1062,0,1782358579.020611,0.0022988319396972656
16555,normal,3019,0,1782358579.0225651,0.0019540786743164062
16556,normal,2295,0,1782358579.024944,0.0023789405822753906
16557,normal,907,2,1782358579.0272546,0.002310514450073242
16558,normal,3398,1,1782358579.0290396,0.0017850399017333984
16559,normal,2287,0,1782358579.0301652,0.0011255741119384766
16560,normal,1670,0,1782358579.0332787,0.0031135082244873047
16561,normal,1031,0,1782358579.0350907,0.001811981201171875
16562,normal,908,2,1782358579.0364797,0.0013890266418457031
16563,normal,1725,0,1782358579.0383441,0.0018644332885742188
16564,normal,2450,0,1782358579.0407279,0.002383708953857422
16565,normal,3381,1,1782358579.042832,0.002104043960571289
16566,normal,1172,0,1782358579.0445683,0.0017364025115966797
16567,normal,701,0,1782358579.0468247,0.0022563934326171875
16568,normal,1638,0,1782358579.048459,0.001634359359741211
16569,normal,2031,0,1782358579.050693,0.0022339820861816406
16570,normal,2545,0,1782358579.0525658,0.0018727779388427734
16571,normal,830,2,1782358579.054343,0.0017771720886230469
16572,normal,1984,0,1782358579.0565302,0.0021872520446777344
16573,normal,2238,0,1782358579.0589168,0.0023865699768066406
16574,normal,2936,0,1782358579.0609686,0.002051830291748047
16575,normal,1669,0,1782358579.0630856,0.0021169185638427734
16576,normal,2543,0,1782358579.0644522,0.0013666152954101562
16577,normal,137,0,1782358579.0665233,0.0020711421966552734
16578,normal,1632,0,1782358579.0686493,0.002125978469848633
16579,normal,3155,1,1782358579.070602,0.0019526481628417969
16580,normal,953,2,1782358579.0724075,0.0018055438995361328
16581,normal,2549,0,1782358579.0747557,0.002348184585571289
16582,normal,2388,0,1782358579.0766594,0.0019037723541259766
16583,normal,102,0,1782358579.0785372,0.0018777847290039062
16584,normal,3624,0,1782358579.080597,0.0020596981048583984
16585,normal,1961,0,1782358579.082244,0.0016469955444335938
16586,normal,1261,0,1782358579.084245,0.002001047134399414
16587,normal,1421,0,1782358579.086281,0.0020360946655273438
16588,normal,3428,0,1782358579.0885549,0.0022737979888916016
16589,normal,77,0,1782358579.09024,0.0016851425170898438
16590,normal,84,0,1782358579.0923884,0.0021483898162841797
16591,normal,3307,1,1782358579.094397,0.002008676528930664
16592,normal,2286,0,1782358579.0964081,0.0020110607147216797
16593,normal,3641,0,1782358579.0982363,0.0018281936645507812
16594,normal,2703,0,1782358579.1005547,0.0023183822631835938
16595,normal,3503,0,1782358579.1022332,0.001678466796875
16596,normal,2418,0,1782358579.1045086,0.0022754669189453125
16597,normal,1941,0,1782358579.10631,0.0018012523651123047
16598,normal,2826,0,1782358579.1084034,0.0020935535430908203
16599,normal,2899,0,1782358579.110236,0.0018324851989746094
16600,normal,1866,0,1782358579.1125617,0.002325773239135742
16601,normal,300,0,1782358579.1142352,0.0016734600067138672
16602,normal,222,0,1782358579.1165762,0.002341032028198242
16603,normal,83,0,1782358579.1182156,0.0016393661499023438
16604,normal,2722,0,1782358579.1203983,0.0021827220916748047
16605,normal,3348,1,1782358579.1222353,0.001837015151977539
16606,normal,2011,0,1782358579.124532,0.0022966861724853516
16607,normal,3211,1,1782358579.126234,0.0017020702362060547
16608,normal,1879,0,1782358579.12851,0.0022759437561035156
16609,normal,2123,0,1782358579.1305845,0.0020744800567626953
16610,normal,93,0,1782358579.1329758,0.002391338348388672
16611,normal,1342,1,1782358579.134396,0.0014202594757080078
16612,normal,631,0,1782358579.1364121,0.0020160675048828125
16613,normal,1309,0,1782358579.1383784,0.001966238021850586
16614,normal,1401,0,1782358579.1404,0.0020215511322021484
16615,normal,11,0,1782358579.142558,0.0021581649780273438
16616,normal,2306,0,1782358579.1442382,0.001680135726928711
16617,normal,960,2,1782358579.146543,0.0023047924041748047
16618,normal,1696,0,1782358579.1482172,0.0016741752624511719
16619,normal,1221,0,1782358579.1506062,0.0023889541625976562
16620,normal,1055,0,1782358579.1524637,0.0018575191497802734
16621,normal,836,2,1782358579.1542654,0.0018017292022705078
16622,normal,1277,0,1782358579.1563938,0.0021283626556396484
16623,normal,1246,0,1782358579.1582074,0.001813650131225586
16624,normal,1853,0,1782358579.1609147,0.002707242965698242
16625,normal,1940,0,1782358579.1628604,0.0019457340240478516
16626,normal,1720,0,1782358579.1645675,0.0017070770263671875
16627,normal,3576,0,1782358579.1666377,0.002070188522338867
16628,normal,2715,0,1782358579.1689358,0.002298116683959961
16629,normal,2089,0,1782358579.171226,0.0022902488708496094
16630,normal,3329,1,1782358579.172816,0.0015900135040283203
16631,normal,1991,0,1782358579.1747634,0.0019474029541015625
16632,normal,1439,0,1782358579.1765506,0.0017871856689453125
16633,normal,2483,0,1782358579.1785696,0.0020189285278320312
16634,normal,1059,0,1782358579.1804283,0.0018587112426757812
16635,normal,1730,0,1782358579.182561,0.0021326541900634766
16636,normal,2810,0,1782358579.1843874,0.0018265247344970703
16637,normal,158,0,1782358579.1866393,0.002251863479614258
16638,normal,1815,0,1782358579.1887584,0.0021190643310546875
16639,normal,1222,0,1782358579.1903844,0.0016260147094726562
16640,normal,2600,0,1782358579.1927638,0.0023794174194335938
16641,normal,3244,1,1782358579.1945379,0.0017740726470947266
16642,normal,886,2,1782358579.1964602,0.0019223690032958984
16643,normal,1687,0,1782358579.1985245,0.002064228057861328
16644,normal,419,0,1782358579.2005734,0.002048969268798828
16645,normal,2288,0,1782358579.202574,0.002000570297241211
16646,normal,449,0,1782358579.204531,0.001956939697265625
16647,normal,2679,0,1782358579.2067256,0.002194643020629883
16648,normal,1607,0,1782358579.208654,0.0019283294677734375
16649,normal,81,0,1782358579.2105515,0.001897573471069336
16650,normal,383,0,1782358579.2124274,0.0018758773803710938
16651,normal,3552,0,1782358579.2148898,0.0024623870849609375
16652,normal,162,0,1782358579.2169948,0.0021049976348876953
16653,normal,2473,0,1782358579.2193024,0.0023076534271240234
16654,normal,3084,1,1782358579.2201235,0.0008211135864257812
16655,normal,2178,0,1782358579.2222936,0.002170085906982422
16656,normal,2476,0,1782358579.2241414,0.0018477439880371094
16657,normal,2266,0,1782358579.2262714,0.0021300315856933594
16658,normal,2972,0,1782358579.2282457,0.001974344253540039
16659,normal,2682,0,1782358579.2305155,0.002269744873046875
16660,normal,668,0,1782358579.2322996,0.0017840862274169922
16661,normal,925,2,1782358579.234391,0.0020914077758789062
16662,normal,1197,0,1782358579.2362475,0.0018565654754638672
16663,normal,1127,0,1782358579.2385728,0.002325296401977539
16664,normal,2440,0,1782358579.2402496,0.001676797866821289
16665,normal,441,0,1782358579.242388,0.002138376235961914
16666,normal,3687,0,1782358579.244381,0.001992940902709961
16667,normal,0,0,1782358579.2463748,0.001993894577026367
16668,normal,236,0,1782358579.2482374,0.0018625259399414062
16669,normal,3046,1,1782358579.2505538,0.0023164749145507812
16670,normal,833,2,1782358579.252238,0.0016841888427734375
16671,normal,1903,0,1782358579.25451,0.002271890640258789
16672,normal,1834,0,1782358579.2563531,0.0018432140350341797
16673,normal,2468,0,1782358579.2583745,0.002021312713623047
16674,normal,1664,0,1782358579.2602365,0.0018620491027832031
16675,normal,2340,0,1782358579.2625537,0.002317190170288086
16676,normal,3595,0,1782358579.2642431,0.0016894340515136719
16677,normal,1282,0,1782358579.2665262,0.0022830963134765625
16678,normal,1819,0,1782358579.2682695,0.001743316650390625
16679,normal,412,0,1782358579.2702305,0.0019609928131103516
16680,normal,3468,0,1782358579.2724156,0.0021851062774658203
16681,normal,3525,0,1782358579.274274,0.0018584728240966797
16682,normal,545,0,1782358579.277012,0.0027379989624023438
16683,normal,2107,0,1782358579.2782137,0.001201629638671875
16684,normal,1540,0,1782358579.2804058,0.0021920204162597656
16685,normal,2835,0,1782358579.2822087,0.0018029212951660156
16686,normal,2606,0,1782358579.2845304,0.0023217201232910156
16687,normal,2986,0,1782358579.2863004,0.00177001953125
16688,normal,978,2,1782358579.288368,0.00206756591796875
16689,normal,2850,0,1782358579.2904305,0.002062559127807617
16690,normal,3536,0,1782358579.2924004,0.0019698143005371094
16691,normal,882,2,1782358579.2942123,0.001811981201171875
16692,normal,3515,0,1782358579.296515,0.0023026466369628906
16693,normal,3026,0,1782358579.2982733,0.0017583370208740234
16694,normal,2007,0,1782358579.3002458,0.0019724369049072266
16695,normal,2446,0,1782358579.3023753,0.0021295547485351562
16696,normal,3682,0,1782358579.3043284,0.001953125
16697,normal,1382,0,1782358579.3063152,0.0019867420196533203
16698,normal,2152,0,1782358579.3083115,0.001996278762817383
16699,normal,3633,0,1782358579.3104513,0.0021398067474365234
16700,normal,1913,0,1782358579.3122127,0.0017614364624023438
16701,normal,633,0,1782358579.3144405,0.002227783203125
16702,normal,2925,0,1782358579.3162892,0.0018486976623535156
16703,normal,3432,0,1782358579.3183453,0.002056121826171875
16704,normal,3435,0,1782358579.3202412,0.001895904541015625
16705,normal,3304,1,1782358579.3224435,0.002202272415161133
16706,normal,688,0,1782358579.3241885,0.001744985580444336
16707,normal,523,0,1782358579.3264577,0.002269268035888672
16708,normal,79,0,1782358579.3282726,0.0018148422241210938
16709,normal,353,0,1782358579.3303442,0.0020716190338134766
16710,normal,3232,1,1782358579.332316,0.001971721649169922
16711,normal,2495,0,1782358579.334465,0.0021491050720214844
16712,normal,2308,0,1782358579.3362122,0.00174713134765625
16713,normal,1115,0,1782358579.338471,0.002258777618408203
16714,normal,3370,1,1782358579.3402727,0.0018017292022705078
16715,normal,1167,0,1782358579.3423538,0.002081155776977539
16716,normal,1565,0,1782358579.3442457,0.0018918514251708984
16717,normal,2974,0,1782358579.3464477,0.0022020339965820312
16718,normal,2570,0,1782358579.3482118,0.001764059066772461
16719,normal,2475,0,1782358579.3501809,0.0019690990447998047
16720,normal,3537,0,1782358579.3521893,0.0020084381103515625
16721,normal,869,2,1782358579.354174,0.0019845962524414062
16722,normal,359,0,1782358579.3562088,0.002034902572631836
16723,normal,1489,0,1782358579.3581305,0.0019216537475585938
16724,normal,2149,0,1782358579.3602185,0.0020880699157714844
16725,normal,1292,0,1782358579.362463,0.0022444725036621094
16726,normal,2875,0,1782358579.3642664,0.0018033981323242188
16727,normal,2244,0,1782358579.3663595,0.002093076705932617
16728,normal,1032,0,1782358579.3684382,0.0020787715911865234
16729,normal,2313,0,1782358579.3705528,0.002114534378051758
16730,normal,2775,0,1782358579.3722284,0.0016756057739257812
16731,normal,3013,0,1782358579.3744133,0.0021848678588867188
16732,normal,2706,0,1782358579.3765407,0.002127408981323242
16733,normal,415,0,1782358579.3783588,0.0018181800842285156
16734,normal,1488,0,1782358579.3803496,0.001990795135498047
16735,normal,2387,0,1782358579.3823261,0.001976490020751953
16736,normal,479,0,1782358579.384352,0.0020258426666259766
16737,normal,808,2,1782358579.386241,0.0018889904022216797
16738,normal,1330,1,1782358579.3883758,0.0021347999572753906
16739,normal,2467,0,1782358579.3901975,0.001821756362915039
16740,normal,61,0,1782358579.392382,0.0021843910217285156
16741,normal,3464,0,1782358579.3942602,0.0018782615661621094
16742,normal,2191,0,1782358579.396346,0.0020859241485595703
16743,normal,1285,0,1782358579.3982213,0.001875162124633789
16744,normal,89,0,1782358579.4003751,0.0021538734436035156
16745,normal,1211,0,1782358579.4021988,0.0018236637115478516
16746,normal,2355,0,1782358579.4043858,0.002187013626098633
16747,normal,230,0,1782358579.40626,0.0018742084503173828
16748,normal,1943,0,1782358579.4083438,0.0020837783813476562
16749,normal,1503,0,1782358579.4102392,0.0018954277038574219
16750,normal,3476,0,1782358579.412373,0.0021338462829589844
16751,normal,1206,0,1782358579.4141967,0.0018236637115478516
16752,normal,3670,0,1782358579.4163723,0.002175569534301758
16753,normal,3334,1,1782358579.4182584,0.001886129379272461
16754,normal,2788,0,1782358579.4203482,0.0020897388458251953
16755,normal,2096,0,1782358579.4222374,0.0018892288208007812
16756,normal,3315,1,1782358579.4243884,0.002151012420654297
16757,normal,868,2,1782358579.4264352,0.002046823501586914
16758,normal,2204,0,1782358579.428221,0.0017857551574707031
16759,normal,920,2,1782358579.4305859,0.0023648738861083984
16760,normal,1520,0,1782358579.4321845,0.0015985965728759766
16761,normal,3165,1,1782358579.434197,0.002012491226196289
16762,normal,1645,0,1782358579.4363933,0.0021963119506835938
16763,normal,1742,0,1782358579.438198,0.0018048286437988281
16764,normal,3272,1,1782358579.440584,0.002385854721069336
16765,normal,979,2,1782358579.4423096,0.0017256736755371094
16766,normal,608,0,1782358579.4442334,0.0019237995147705078
16767,normal,391,0,1782358579.4465559,0.0023224353790283203
16768,normal,1551,0,1782358579.4484022,0.0018463134765625
16769,normal,2452,0,1782358579.450198,0.0017957687377929688
16770,normal,332,0,1782358579.4523726,0.0021746158599853516
16771,normal,1164,0,1782358579.4542887,0.0019161701202392578
16772,normal,2738,0,1782358579.4562051,0.0019164085388183594
16773,normal,1931,0,1782358579.4583821,0.002177000045776367
16774,normal,2898,0,1782358579.4603188,0.0019366741180419922
16775,normal,789,2,1782358579.462226,0.0019071102142333984
16776,normal,721,0,1782358579.4643674,0.0021414756774902344
16777,normal,3107,1,1782358579.4662793,0.0019118785858154297
16778,normal,2727,0,1782358579.4682243,0.0019450187683105469
16779,normal,1674,0,1782358579.4705305,0.002306222915649414
16780,normal,2414,0,1782358579.4724383,0.0019078254699707031
16781,normal,1385,0,1782358579.474286,0.0018477439880371094
16782,normal,1570,0,1782358579.4765677,0.002281665802001953
16783,normal,98,0,1782358579.4784172,0.0018494129180908203
16784,normal,3222,1,1782358579.4803808,0.0019636154174804688
16785,normal,525,0,1782358579.4824727,0.0020918846130371094
16786,normal,1985,0,1782358579.4845686,0.002095937728881836
16787,normal,694,0,1782358579.4862285,0.0016598701477050781
16788,normal,2053,0,1782358579.4888477,0.0026192665100097656
16789,normal,2496,0,1782358579.4904108,0.0015630722045898438
16790,normal,1023,2,1782358579.4922297,0.0018188953399658203
16791,normal,2713,0,1782358579.494594,0.0023643970489501953
16792,normal,3590,0,1782358579.4962528,0.0016586780548095703
16793,normal,3527,0,1782358579.4985209,0.002268075942993164
16794,normal,249,0,1782358579.5004928,0.0019719600677490234
16795,normal,3706,0,1782358579.503484,0.002991199493408203
16796,normal,169,0,1782358579.5043843,0.0009002685546875
16797,normal,493,0,1782358579.5063968,0.002012491226196289
16798,normal,3243,1,1782358579.5082805,0.0018837451934814453
16799,normal,2591,0,1782358579.5103729,0.0020923614501953125
16800,normal,1397,0,1782358579.5124393,0.002066373825073242
16801,normal,82,0,1782358579.5145118,0.002072572708129883
16802,normal,2062,0,1782358579.516231,0.0017192363739013672
16803,normal,3162,1,1782358579.5185206,0.0022895336151123047
16804,normal,2471,0,1782358579.5202832,0.0017626285552978516
16805,normal,3415,0,1782358579.5223732,0.002089977264404297
16806,normal,3461,0,1782358579.524441,0.0020678043365478516
16807,normal,568,0,1782358579.5265224,0.0020813941955566406
16808,normal,753,0,1782358579.5282283,0.0017058849334716797
16809,normal,3079,1,1782358579.5302467,0.002018451690673828
16810,normal,1960,0,1782358579.5322266,0.001979827880859375
16811,normal,686,0,1782358579.5343745,0.0021479129791259766
16812,normal,974,2,1782358579.5364223,0.0020477771759033203
16813,normal,3587,0,1782358579.5385065,0.0020842552185058594
16814,normal,2208,0,1782358579.5402298,0.0017232894897460938
16815,normal,1029,2,1782358579.5423725,0.002142667770385742
16816,normal,492,0,1782358579.5444155,0.002043008804321289
16817,normal,1635,0,1782358579.5463672,0.0019516944885253906
16818,normal,2249,0,1782358579.5484123,0.002045154571533203
16819,normal,3332,1,1782358579.5505192,0.002106904983520508
16820,normal,1077,0,1782358579.5522277,0.0017085075378417969
16821,normal,1897,0,1782358579.554517,0.002289295196533203
16822,normal,1884,0,1782358579.5563726,0.001855611801147461
16823,normal,1900,0,1782358579.5583663,0.0019936561584472656
16824,normal,2852,0,1782358579.5604439,0.0020775794982910156
16825,normal,1536,0,1782358579.56252,0.0020761489868164062
16826,normal,1270,0,1782358579.5642269,0.001706838607788086
16827,normal,3403,0,1782358579.5665128,0.0022859573364257812
16828,normal,1296,0,1782358579.568373,0.0018601417541503906
16829,normal,1700,0,1782358579.5703998,0.002026796340942383
16830,normal,3597,0,1782358579.5722291,0.001829385757446289
16831,normal,629,0,1782358579.5745327,0.002303600311279297
16832,normal,2743,0,1782358579.5762298,0.0016970634460449219
16833,normal,2484,0,1782358579.5785127,0.002282857894897461
16834,normal,1578,0,1782358579.5804284,0.0019156932830810547
16835,normal,2179,0,1782358579.58238,0.0019516944885253906
16836,normal,928,2,1782358579.584437,0.0020568370819091797
16837,normal,3056,1,1782358579.5865145,0.0020775794982910156
16838,normal,242,0,1782358579.5882277,0.0017132759094238281
16839,normal,3679,0,1782358579.5905123,0.002284526824951172
16840,normal,3577,0,1782358579.5924082,0.001895904541015625
16841,normal,2868,0,1782358579.5943923,0.001984119415283203
16842,normal,870,2,1782358579.596228,0.0018355846405029297
16843,normal,274,0,1782358579.5985098,0.0022819042205810547
16844,normal,1650,0,1782358579.6002276,0.0017178058624267578
16845,normal,3492,0,1782358579.6025126,0.002285003662109375
16846,normal,2176,0,1782358579.6043048,0.0017921924591064453
16847,normal,2189,0,1782358579.6063447,0.0020399093627929688
16848,normal,3351,1,1782358579.608519,0.00217437744140625
16849,normal,1805,0,1782358579.6110773,0.0025582313537597656
16850,normal,2529,0,1782358579.612231,0.001153707504272461
16851,normal,2190,0,1782358579.6142282,0.001997232437133789
16852,normal,573,0,1782358579.6163232,0.0020949840545654297
16853,normal,1711,0,1782358579.6181355,0.0018122196197509766
16854,normal,3174,1,1782358579.6201959,0.002060413360595703
16855,normal,3647,0,1782358579.6222708,0.0020749568939208984
16856,normal,2776,0,1782358579.6242108,0.001940011978149414
16857,normal,3236,1,1782358579.6262205,0.0020096302032470703
16858,normal,2930,0,1782358579.628282,0.002061605453491211
16859,normal,2329,0,1782358579.6302114,0.0019292831420898438
16860,normal,331,0,1782358579.6324499,0.0022385120391845703
16861,normal,815,2,1782358579.634302,0.0018520355224609375
16862,normal,1264,0,1782358579.636302,0.002000093460083008
16863,normal,2651,0,1782358579.6382487,0.0019466876983642578
16864,normal,1824,0,1782358579.6402829,0.0020341873168945312
16865,normal,291,0,1782358579.642346,0.0020630359649658203
16866,normal,3085,1,1782358579.6442876,0.001941680908203125
16867,normal,12,0,1782358579.6462772,0.001989603042602539
16868,normal,2187,0,1782358579.648194,0.0019168853759765625
16869,normal,3364,1,1782358579.650323,0.0021288394927978516
16870,normal,18,0,1782358579.6521666,0.0018436908721923828
16871,normal,2691,0,1782358579.6543176,0.002151012420654297
16872,normal,1287,0,1782358579.656233,0.0019154548645019531
16873,normal,2209,0,1782358579.6582832,0.002050161361694336
16874,normal,1108,0,1782358579.6602023,0.0019190311431884766
16875,normal,1068,0,1782358579.6622944,0.002092123031616211
16876,normal,347,0,1782358579.6646886,0.0023941993713378906
16877,normal,1736,0,1782358579.6664002,0.0017116069793701172
16878,normal,4,0,1782358579.6684391,0.0020389556884765625
16879,normal,1485,0,1782358579.6705554,0.0021162033081054688
16880,normal,1491,0,1782358579.6722198,0.0016644001007080078
16881,normal,3009,0,1782358579.6743674,0.002147674560546875
16882,normal,2861,0,1782358579.676601,0.0022335052490234375
16883,normal,1801,0,1782358579.6781538,0.0015528202056884766
16884,normal,3496,0,1782358579.6803172,0.002163410186767578
16885,normal,357,0,1782358579.6821764,0.0018591880798339844
16886,normal,223,0,1782358579.6842315,0.0020551681518554688
16887,normal,3127,1,1782358579.6863854,0.0021538734436035156
16888,normal,2692,0,1782358579.6881502,0.0017647743225097656
16889,normal,3004,0,1782358579.6901803,0.0020301342010498047
16890,normal,1969,0,1782358579.6924198,0.0022394657135009766
16891,normal,3340,1,1782358579.6943493,0.0019295215606689453
16892,normal,3375,1,1782358579.6963887,0.0020394325256347656
16893,normal,647,0,1782358579.6982608,0.0018720626831054688
16894,normal,2987,0,1782358579.700272,0.0020112991333007812
16895,normal,638,0,1782358579.7022545,0.001982450485229492
16896,normal,3532,0,1782358579.7043147,0.0020601749420166016
16897,normal,2598,0,1782358579.706263,0.0019483566284179688
16898,normal,2542,0,1782358579.7082696,0.00200653076171875
16899,normal,664,0,1782358579.7103195,0.0020499229431152344
16900,normal,2345,0,1782358579.7123246,0.0020051002502441406
16901,normal,2755,0,1782358579.7143133,0.001988649368286133
16902,normal,2959,0,1782358579.7163262,0.002012968063354492
16903,normal,2632,0,1782358579.7183106,0.0019843578338623047
16904,normal,790,2,1782358579.7202759,0.0019652843475341797
16905,normal,1182,0,1782358579.7223432,0.0020673274993896484
16906,normal,17,0,1782358579.7241778,0.0018346309661865234
16907,normal,524,0,1782358579.7262504,0.002072572708129883
16908,normal,1134,0,1782358579.7283018,0.0020513534545898438
16909,normal,3585,0,1782358579.7304695,0.0021677017211914062
16910,normal,1737,0,1782358579.7323503,0.0018808841705322266
16911,normal,2577,0,1782358579.7343926,0.0020422935485839844
16912,normal,1242,0,1782358579.7364101,0.002017498016357422
16913,normal,266,0,1782358579.7384162,0.002006053924560547
16914,normal,59,0,1782358579.7403934,0.001977205276489258
16915,normal,1597,0,1782358579.7425063,0.002112865447998047
16916,normal,3530,0,1782358579.7443604,0.0018541812896728516
16917,normal,3457,0,1782358579.7462583,0.0018978118896484375
16918,normal,1977,0,1782358579.7483573,0.0020990371704101562
16919,normal,1416,0,1782358579.750255,0.0018978118896484375
16920,normal,2386,0,1782358579.7523785,0.0021233558654785156
16921,normal,1951,0,1782358579.754405,0.0020265579223632812
16922,normal,3227,1,1782358579.7562501,0.0018451213836669922
16923,normal,92,0,1782358579.75835,0.002099752426147461
16924,normal,2301,0,1782358579.7603545,0.0020046234130859375
16925,normal,1235,0,1782358579.7625194,0.0021648406982421875
16926,normal,2046,0,1782358579.7645535,0.0020341873168945312
16927,normal,2526,0,1782358579.7664125,0.0018589496612548828
16928,normal,1552,0,1782358579.7682626,0.001850128173828125
16929,normal,937,2,1782358579.7703497,0.002087116241455078
16930,normal,2662,0,1782358579.7723637,0.0020139217376708984
16931,normal,1695,0,1782358579.7743144,0.0019507408142089844
16932,normal,1862,0,1782358579.7765121,0.002197742462158203
16933,normal,1009,2,1782358579.7782319,0.0017197132110595703
16934,normal,2364,0,1782358579.7804892,0.0022573471069335938
16935,normal,2067,0,1782358579.7822652,0.001775979995727539
16936,normal,580,0,1782358579.784391,0.0021257400512695312
16937,normal,2979,0,1782358579.7864006,0.0020096302032470703
16938,normal,1511,0,1782358579.7883875,0.001986980438232422
16939,normal,29,0,1782358579.790488,0.0021004676818847656
16940,normal,3212,1,1782358579.7922187,0.0017306804656982422
16941,normal,748,0,1782358579.7944453,0.002226591110229492
16942,normal,2699,0,1782358579.796457,0.0020117759704589844
16943,normal,1219,0,1782358579.79853,0.002073049545288086
16944,normal,1767,0,1782358579.8004532,0.0019230842590332031
16945,normal,3159,1,1782358579.8022814,0.0018281936645507812
16946,normal,480,0,1782358579.8044324,0.002151012420654297
16947,normal,2110,0,1782358579.806415,0.0019826889038085938
16948,normal,1954,0,1782358579.8084028,0.0019876956939697266
16949,normal,3190,1,1782358579.8102515,0.0018486976623535156
16950,normal,1384,0,1782358579.8123505,0.0020990371704101562
16951,normal,235,0,1782358579.814359,0.0020084381103515625
16952,normal,3673,0,1782358579.8162842,0.0019252300262451172
16953,normal,1779,0,1782358579.8183618,0.0020775794982910156
16954,normal,3447,0,1782358579.820361,0.0019991397857666016
16955,normal,3589,0,1782358579.8222582,0.0018973350524902344
16956,normal,1145,0,1782358579.8243914,0.0021331310272216797
16957,normal,818,2,1782358579.8264422,0.0020508766174316406
16958,normal,1377,1,1782358579.828353,0.0019106864929199219
16959,normal,1232,0,1782358579.8303647,0.0020117759704589844
16960,normal,1654,0,1782358579.8324094,0.002044677734375
16961,normal,1637,0,1782358579.8343189,0.001909494400024414
16962,normal,1358,1,1782358579.836457,0.0021381378173828125
16963,normal,3178,1,1782358579.8383973,0.0019402503967285156
16964,normal,1430,0,1782358579.840258,0.0018606185913085938
16965,normal,3522,0,1782358579.8423684,0.0021104812622070312
16966,normal,1207,0,1782358579.8442369,0.0018684864044189453
16967,normal,3062,1,1782358579.8463788,0.0021419525146484375
16968,normal,1374,1,1782358579.848285,0.0019061565399169922
16969,normal,3126,1,1782358579.8503718,0.0020868778228759766
16970,normal,2435,0,1782358579.852278,0.0019061565399169922
16971,normal,2762,0,1782358579.854405,0.002126932144165039
16972,normal,769,0,1782358579.856445,0.0020401477813720703
16973,normal,142,0,1782358579.858259,0.0018138885498046875
16974,normal,3666,0,1782358579.8603513,0.0020923614501953125
16975,normal,2806,0,1782358579.8623595,0.002008199691772461
16976,normal,2519,0,1782358579.864256,0.0018963813781738281
16977,normal,3030,0,1782358579.86635,0.0020940303802490234
16978,normal,2133,0,1782358579.8683894,0.0020394325256347656
16979,normal,1651,0,1782358579.870306,0.001916646957397461
16980,normal,2684,0,1782358579.87244,0.002134084701538086
16981,normal,1413,0,1782358579.874408,0.001967906951904297
16982,normal,2331,0,1782358579.8762684,0.0018603801727294922
16983,normal,1810,0,1782358579.8783705,0.0021021366119384766
16984,normal,3210,1,1782358579.8805099,0.0021393299102783203
16985,normal,2454,0,1782358579.8821723,0.0016624927520751953
16986,normal,1078,0,1782358579.884354,0.0021817684173583984
16987,normal,34,0,1782358579.886356,0.0020020008087158203
16988,normal,594,0,1782358579.8883135,0.001957416534423828
16989,normal,3586,0,1782358579.8904352,0.0021216869354248047
16990,normal,1179,0,1782358579.8924265,0.00199127197265625
16991,normal,765,0,1782358579.8943906,0.001964092254638672
16992,normal,1537,0,1782358579.896399,0.0020084381103515625
16993,normal,3491,0,1782358579.898459,0.0020599365234375
16994,normal,684,0,1782358579.9004273,0.0019683837890625
16995,normal,2720,0,1782358579.9024236,0.001996278762817383
16996,normal,3350,1,1782358579.9042404,0.0018167495727539062
16997,normal,1245,0,1782358579.9063406,0.002100229263305664
16998,normal,2709,0,1782358579.9082506,0.0019099712371826172
16999,normal,1042,0,1782358579.9103942,0.0021436214447021484
17000,normal,2001,0,1782358579.912279,0.0018846988677978516
17001,normal,3520,0,1782358579.914346,0.002067089080810547
17002,normal,1910,0,1782358579.9163406,0.001994609832763672
17003,normal,2000,0,1782358579.9182472,0.0019066333770751953
17004,normal,807,2,1782358579.920365,0.0021178722381591797
17005,normal,1869,0,1782358579.9224598,0.002094745635986328
17006,normal,1141,0,1782358579.924369,0.0019092559814453125
17007,normal,3389,1,1782358579.9264603,0.0020911693572998047
17008,normal,1163,0,1782358579.9283109,0.0018506050109863281
17009,normal,756,0,1782358579.9302824,0.0019714832305908203
17010,normal,1291,0,1782358579.9322839,0.002001523971557617
17011,normal,372,0,1782358579.9343631,0.0020792484283447266
17012,normal,674,0,1782358579.9363813,0.0020182132720947266
17013,normal,2663,0,1782358579.9384615,0.002080202102661133
17014,normal,327,0,1782358579.9403508,0.0018892288208007812
17015,normal,3462,0,1782358579.9421659,0.0018150806427001953
17016,normal,3553,0,1782358579.9443166,0.0021507740020751953
17017,normal,3528,0,1782358579.94635,0.0020334720611572266
17018,normal,290,0,1782358579.9482853,0.0019352436065673828
17019,normal,991,2,1782358579.9503632,0.002077817916870117
17020,normal,1964,0,1782358579.9523983,0.0020351409912109375
17021,normal,163,0,1782358579.9542897,0.0018913745880126953
17022,normal,2739,0,1782358579.9563658,0.0020761489868164062
17023,normal,1717,0,1782358579.9586163,0.0022504329681396484
17024,normal,2719,0,1782358579.9603136,0.0016973018646240234
17025,normal,3707,0,1782358579.9624045,0.002090930938720703
17026,normal,3187,1,1782358579.9644861,0.002081632614135742
17027,normal,1679,0,1782358579.9663193,0.001833200454711914
17028,normal,1406,0,1782358579.9682739,0.0019545555114746094
17029,normal,3299,1,1782358579.9703577,0.0020837783813476562
17030,normal,436,0,1782358579.972371,0.0020134449005126953
17031,normal,2615,0,1782358579.9744916,0.002120494842529297
17032,normal,1050,0,1782358579.9764254,0.0019338130950927734
17033,normal,583,0,1782358579.9784594,0.0020339488983154297
17034,normal,1440,0,1782358579.9802966,0.0018372535705566406
17035,normal,3248,1,1782358579.9823565,0.0020599365234375
17036,normal,794,2,1782358579.9846306,0.002274036407470703
17037,normal,2111,0,1782358579.9864502,0.001819610595703125
17038,normal,2043,0,1782358579.9885163,0.0020661354064941406
17039,normal,752,0,1782358579.9903276,0.0018112659454345703
17040,normal,2197,0,1782358579.9924428,0.0021152496337890625
17041,normal,397,0,1782358579.994453,0.0020101070404052734
17042,normal,2892,0,1782358579.9965925,0.002139568328857422
17043,normal,722,0,1782358579.998404,0.0018115043640136719
17044,normal,1643,0,1782358580.0003552,0.0019512176513671875
17045,normal,3345,1,1782358580.0022976,0.0019423961639404297
17046,normal,675,0,1782358580.004294,0.001996278762817383
17047,normal,395,0,1782358580.00639,0.0020961761474609375
17048,normal,1409,0,1782358580.008175,0.0017848014831542969
17049,normal,2665,0,1782358580.0103796,0.0022046566009521484
17050,normal,3218,1,1782358580.0123708,0.00199127197265625
17051,normal,2588,0,1782358580.0142903,0.0019195079803466797
17052,normal,1308,0,1782358580.0164285,0.0021381378173828125
17053,normal,921,2,1782358580.0184171,0.001988649368286133
17054,normal,1574,0,1782358580.0202746,0.0018575191497802734
17055,normal,2999,0,1782358580.0223546,0.0020799636840820312
17056,normal,3516,0,1782358580.0243661,0.002011537551879883
17057,normal,3083,1,1782358580.0262597,0.0018935203552246094
17058,normal,1701,0,1782358580.0283666,0.002106904983520508
17059,normal,786,2,1782358580.0304208,0.0020542144775390625
17060,normal,2448,0,1782358580.03234,0.0019192695617675781
17061,normal,3255,1,1782358580.0344927,0.002152681350708008
17062,normal,3103,1,1782358580.036392,0.0018992424011230469
17063,normal,3049,1,1782358580.0383048,0.001912832260131836
17064,normal,417,0,1782358580.0403435,0.002038717269897461
17065,normal,1649,0,1782358580.0423646,0.0020210742950439453
17066,normal,3320,1,1782358580.044163,0.001798391342163086
17067,normal,1911,0,1782358580.0463474,0.0021843910217285156
17068,normal,3495,0,1782358580.0484507,0.0021033287048339844
17069,normal,2292,0,1782358580.0503228,0.0018720626831054688
17070,normal,1646,0,1782358580.0524511,0.0021283626556396484
17071,normal,796,2,1782358580.054514,0.0020627975463867188
17072,normal,1921,0,1782358580.0563042,0.0017902851104736328
17073,normal,2584,0,1782358580.0585122,0.0022079944610595703
17074,normal,1927,0,1782358580.0604753,0.0019631385803222656
17075,normal,782,2,1782358580.0623925,0.001917123794555664
17076,normal,2540,0,1782358580.064342,0.0019495487213134766
17077,normal,1332,1,1782358580.0663524,0.002010345458984375
17078,normal,910,2,1782358580.0682504,0.001898050308227539
17079,normal,1818,0,1782358580.0703506,0.002100229263305664
17080,normal,435,0,1782358580.0725105,0.0021598339080810547
17081,normal,630,0,1782358580.0741591,0.0016486644744873047
17082,normal,2092,0,1782358580.0763392,0.0021800994873046875
17083,normal,1317,0,1782358580.0783474,0.002008199691772461
17084,normal,1509,0,1782358580.0804236,0.0020761489868164062
17085,normal,2982,0,1782358580.0824797,0.002056121826171875
17086,normal,3560,0,1782358580.0844,0.0019202232360839844
17087,normal,3191,1,1782358580.0863621,0.0019621849060058594
17088,normal,1882,0,1782358580.0882719,0.0019097328186035156
17089,normal,2840,0,1782358580.090387,0.0021152496337890625
17090,normal,1400,0,1782358580.0922644,0.0018773078918457031
17091,normal,702,0,1782358580.094537,0.0022726058959960938
17092,normal,988,2,1782358580.0963633,0.0018262863159179688
17093,normal,2156,0,1782358580.0983064,0.0019431114196777344
17094,normal,1464,0,1782358580.1003833,0.002076864242553711
17095,normal,1299,0,1782358580.103293,0.0029096603393554688
17096,normal,2258,0,1782358580.1044047,0.001111745834350586
17097,normal,1178,0,1782358580.106428,0.0020232200622558594
17098,normal,2669,0,1782358580.1083517,0.0019237995147705078
17099,normal,3120,1,1782358580.1106563,0.002304553985595703
17100,normal,755,0,1782358580.1127648,0.0021085739135742188
17101,normal,3228,1,1782358580.11444,0.0016751289367675781
17102,normal,360,0,1782358580.1164856,0.0020456314086914062
17103,normal,33,0,1782358580.1184475,0.001961946487426758
17104,normal,3654,0,1782358580.1204927,0.002045154571533203
17105,normal,2701,0,1782358580.1225133,0.002020597457885742
17106,normal,2437,0,1782358580.124323,0.0018095970153808594
17107,normal,821,2,1782358580.1263442,0.002021312713623047
17108,normal,903,2,1782358580.128262,0.0019178390502929688
17109,normal,1762,0,1782358580.1315348,0.0032727718353271484
17110,normal,2975,0,1782358580.1322808,0.0007460117340087891
17111,normal,2412,0,1782358580.134409,0.002128124237060547
17112,normal,451,0,1782358580.1362996,0.0018906593322753906
17113,normal,3703,0,1782358580.1383579,0.002058267593383789
17114,normal,2395,0,1782358580.1403062,0.0019483566284179688
17115,normal,2745,0,1782358580.1424522,0.002146005630493164
17116,normal,1194,0,1782358580.1444302,0.0019779205322265625
17117,normal,3296,1,1782358580.1463275,0.0018973350524902344
17118,normal,3010,0,1782358580.1482217,0.001894235610961914
17119,normal,942,2,1782358580.1503127,0.002090930938720703
17120,normal,1521,0,1782358580.1522522,0.001939535140991211
17121,normal,1860,0,1782358580.1543202,0.002068042755126953
17122,normal,528,0,1782358580.156296,0.0019757747650146484
17123,normal,1932,0,1782358580.1582527,0.0019567012786865234
17124,normal,2336,0,1782358580.1602714,0.0020186901092529297
17125,normal,2333,0,1782358580.162253,0.001981496810913086
17126,normal,25,0,1782358580.1642632,0.002010345458984375
17127,normal,3546,0,1782358580.1662614,0.0019981861114501953
17128,normal,1548,0,1782358580.168252,0.0019905567169189453
17129,normal,349,0,1782358580.1702724,0.0020203590393066406
17130,normal,2891,0,1782358580.1722767,0.002004384994506836
17131,normal,3217,1,1782358580.1743054,0.0020287036895751953
17132,normal,1775,0,1782358580.1762593,0.0019538402557373047
17133,normal,2271,0,1782358580.178257,0.001997709274291992
17134,normal,1117,0,1782358580.1802514,0.0019943714141845703
17135,normal,2563,0,1782358580.1822462,0.0019948482513427734
17136,normal,1364,1,1782358580.1842465,0.0020003318786621094
17137,normal,1234,0,1782358580.1862462,0.0019996166229248047
17138,normal,3291,1,1782358580.1882687,0.0020225048065185547
17139,normal,3598,0,1782358580.190308,0.0020394325256347656
17140,normal,2195,0,1782358580.1923034,0.0019953250885009766
17141,normal,1502,0,1782358580.194379,0.002075672149658203
17142,normal,3132,1,1782358580.196235,0.0018558502197265625
17143,normal,3213,1,1782358580.1982682,0.002033233642578125
17144,normal,3433,0,1782358580.200265,0.001996755599975586
17145,normal,1748,0,1782358580.2022364,0.0019714832305908203
17146,normal,639,0,1782358580.204247,0.0020105838775634766
17147,normal,7,0,1782358580.2062426,0.001995563507080078
17148,normal,3407,0,1782358580.2083263,0.0020837783813476562
17149,normal,2574,0,1782358580.210204,0.0018775463104248047
17150,normal,3591,0,1782358580.212305,0.0021011829376220703
17151,normal,2859,0,1782358580.2143264,0.002021312713623047
17152,normal,1162,0,1782358580.2162247,0.0018982887268066406
17153,normal,3612,0,1782358580.21831,0.002085447311401367
17154,normal,2747,0,1782358580.2203405,0.0020303726196289062
17155,normal,3629,0,1782358580.2222257,0.0018851757049560547
17156,normal,2482,0,1782358580.2242527,0.0020270347595214844
17157,normal,297,0,1782358580.226243,0.0019903182983398438
17158,normal,343,0,1782358580.2282476,0.0020046234130859375
17159,normal,502,0,1782358580.2303064,0.002058744430541992
17160,normal,2490,0,1782358580.232209,0.0019025802612304688
17161,normal,714,0,1782358580.2342534,0.0020444393157958984
17162,normal,2911,0,1782358580.2362437,0.0019903182983398438
17163,normal,1047,0,1782358580.2382514,0.002007722854614258
17164,normal,2967,0,1782358580.2404287,0.0021772384643554688
17165,normal,678,0,1782358580.2423463,0.0019176006317138672
17166,normal,516,0,1782358580.2442737,0.0019273757934570312
17167,normal,2248,0,1782358580.2461822,0.0019085407257080078
17168,normal,3123,1,1782358580.248254,0.002071857452392578
17169,normal,3287,1,1782358580.2502627,0.002008676528930664
17170,normal,2516,0,1782358580.2523267,0.0020639896392822266
17171,normal,3693,0,1782358580.25424,0.001913309097290039
17172,normal,426,0,1782358580.2562587,0.0020186901092529297
17173,normal,302,0,1782358580.25826,0.0020012855529785156
17174,normal,189,0,1782358580.2602553,0.0019953250885009766
17175,normal,2705,0,1782358580.2622976,0.0020422935485839844
17176,normal,333,0,1782358580.2644935,0.0021958351135253906
17177,normal,1363,1,1782358580.2662508,0.0017573833465576172
17178,normal,139,0,1782358580.268314,0.0020630359649658203
17179,normal,3021,0,1782358580.2703085,0.001994609832763672
17180,normal,1569,0,1782358580.2723072,0.0019986629486083984
17181,normal,251,0,1782358580.27429,0.0019829273223876953
17182,normal,1844,0,1782358580.2763832,0.002093076705932617
17183,normal,895,2,1782358580.2783456,0.001962423324584961
17184,normal,2694,0,1782358580.280318,0.0019724369049072266
17185,normal,1107,0,1782358580.282403,0.002084970474243164
17186,normal,1402,0,1782358580.2847378,0.0023348331451416016
17187,normal,2404,0,1782358580.2862992,0.0015614032745361328
17188,normal,570,0,1782358580.2883825,0.002083301544189453
17189,normal,2302,0,1782358580.2902915,0.001909017562866211
17190,normal,2985,0,1782358580.292354,0.002062559127807617
17191,normal,999,2,1782358580.294267,0.001912832260131836
17192,normal,1528,0,1782358580.2963948,0.0021278858184814453
17193,normal,348,0,1782358580.298177,0.0017821788787841797
17194,normal,2061,0,1782358580.3002703,0.0020933151245117188
17195,normal,534,0,1782358580.3022015,0.0019311904907226562
17196,normal,2648,0,1782358580.3043468,0.0021452903747558594
17197,normal,3667,0,1782358580.3062935,0.0019466876983642578
17198,normal,1673,0,1782358580.30816,0.0018665790557861328
17199,normal,1339,1,1782358580.3103063,0.0021462440490722656
17200,normal,918,2,1782358580.3122895,0.001983165740966797
17201,normal,48,0,1782358580.3142235,0.001934051513671875
17202,normal,3327,1,1782358580.3163128,0.002089262008666992
17203,normal,3669,0,1782358580.318175,0.0018622875213623047
17204,normal,474,0,1782358580.3202875,0.0021123886108398438
17205,normal,476,0,1782358580.3221614,0.0018739700317382812
17206,normal,3472,0,1782358580.3242657,0.0021042823791503906
17207,normal,3437,0,1782358580.3261983,0.0019326210021972656
17208,normal,127,0,1782358580.3281739,0.001975536346435547
17209,normal,1821,0,1782358580.3302777,0.0021038055419921875
17210,normal,3594,0,1782358580.332233,0.001955270767211914
17211,normal,2004,0,1782358580.334369,0.0021359920501708984
17212,normal,1573,0,1782358580.3362086,0.0018396377563476562
17213,normal,3259,1,1782358580.33828,0.002071380615234375
17214,normal,1959,0,1782358580.3401525,0.0018725395202636719
17215,normal,2038,0,1782358580.3422577,0.002105236053466797
17216,normal,2784,0,1782358580.3441744,0.001916646957397461
17217,normal,1585,0,1782358580.3462985,0.0021240711212158203
17218,normal,1614,0,1782358580.3482409,0.0019423961639404297
17219,normal,3481,0,1782358580.3502364,0.001995563507080078
17220,normal,1988,0,1782358580.3522804,0.0020439624786376953
17221,normal,2997,0,1782358580.3541312,0.0018508434295654297
17222,normal,1202,0,1782358580.3561625,0.0020313262939453125
17223,normal,3430,0,1782358580.3581812,0.0020186901092529297
17224,normal,710,0,1782358580.3601232,0.0019419193267822266
17225,normal,1809,0,1782358580.362135,0.0020117759704589844
17226,normal,2171,0,1782358580.3641398,0.002004861831665039
17227,normal,2683,0,1782358580.3662019,0.002062082290649414
17228,normal,1435,0,1782358580.3683972,0.0021953582763671875
17229,normal,285,0,1782358580.3702147,0.001817464828491211
17230,normal,1892,0,1782358580.3723512,0.0021364688873291016
17231,normal,778,2,1782358580.374263,0.0019118785858154297
17232,normal,1883,0,1782358580.3764768,0.002213716506958008
17233,normal,1425,0,1782358580.3784354,0.001958608627319336
17234,normal,500,0,1782358580.3802905,0.0018551349639892578
17235,normal,122,0,1782358580.3822892,0.0019986629486083984
17236,normal,2954,0,1782358580.3843744,0.0020852088928222656
17237,normal,2778,0,1782358580.3861868,0.0018124580383300781
17238,normal,3024,0,1782358580.3882966,0.0021097660064697266
17239,normal,1229,0,1782358580.390223,0.001926422119140625
17240,normal,212,0,1782358580.3923829,0.0021598339080810547
17241,normal,3367,1,1782358580.3942075,0.0018246173858642578
17242,normal,3257,1,1782358580.3962824,0.0020749568939208984
17243,normal,3119,1,1782358580.398168,0.0018856525421142578
17244,normal,3644,0,1782358580.4002955,0.002127408981323242
17245,normal,2370,0,1782358580.402246,0.0019505023956298828
17246,normal,3400,1,1782358580.404263,0.0020170211791992188
17247,normal,2996,0,1782358580.4063728,0.0021097660064697266
17248,normal,1990,0,1782358580.4083445,0.001971721649169922
17249,normal,1000,2,1782358580.4102073,0.0018627643585205078
17250,normal,2115,0,1782358580.412177,0.0019698143005371094
17251,normal,2757,0,1782358580.4142835,0.0021064281463623047
17252,normal,3069,1,1782358580.4161775,0.0018939971923828125
17253,normal,2335,0,1782358580.4183798,0.002202272415161133
17254,normal,1286,0,1782358580.4204638,0.002084016799926758
17255,normal,658,0,1782358580.422159,0.0016951560974121094
17256,normal,2019,0,1782358580.4242976,0.0021386146545410156
17257,normal,2941,0,1782358580.4262218,0.001924276351928711
17258,normal,2822,0,1782358580.4283085,0.002086639404296875
17259,normal,1857,0,1782358580.4301841,0.0018756389617919922
17260,normal,3018,0,1782358580.432295,0.0021109580993652344
17261,normal,2150,0,1782358580.4341707,0.0018756389617919922
17262,normal,1976,0,1782358580.4363139,0.0021431446075439453
17263,normal,1417,0,1782358580.4382167,0.0019028186798095703
17264,normal,1424,0,1782358580.4403036,0.0020868778228759766
17265,normal,1074,0,1782358580.4421651,0.001861572265625
17266,normal,795,2,1782358580.44446,0.002294778823852539
17267,normal,3508,0,1782358580.4462314,0.0017714500427246094
17268,normal,3353,1,1782358580.4483683,0.0021369457244873047
17269,normal,571,0,1782358580.4503052,0.0019369125366210938
17270,normal,57,0,1782358580.4522557,0.0019505023956298828
17271,normal,1659,0,1782358580.4542925,0.0020368099212646484
17272,normal,3384,1,1782358580.4561775,0.0018849372863769531
17273,normal,1248,0,1782358580.4582055,0.0020279884338378906
17274,normal,3330,1,1782358580.4603536,0.002148151397705078
17275,normal,2172,0,1782358580.4623263,0.001972675323486328
17276,normal,817,2,1782358580.4642873,0.0019609928131103516
17277,normal,2402,0,1782358580.4662757,0.0019884109497070312
17278,normal,255,0,1782358580.4681585,0.001882791519165039
17279,normal,1090,0,1782358580.4704978,0.0023393630981445312
17280,normal,272,0,1782358580.4725876,0.0020897388458251953
17281,normal,2153,0,1782358580.47431,0.0017223358154296875
17282,normal,338,0,1782358580.4763005,0.0019905567169189453
17283,normal,196,0,1782358580.4782279,0.0019273757934570312
17284,normal,1109,0,1782358580.4804552,0.002227306365966797
17285,normal,1290,0,1782358580.4822395,0.0017843246459960938
17286,normal,2728,0,1782358580.484274,0.002034425735473633
17287,normal,1069,0,1782358580.4863877,0.002113819122314453
17288,normal,378,0,1782358580.4882016,0.0018138885498046875
17289,normal,1492,0,1782358580.4903255,0.0021238327026367188
17290,normal,40,0,1782358580.4922523,0.0019268989562988281
17291,normal,1992,0,1782358580.4941797,0.0019273757934570312
17292,normal,2641,0,1782358580.4963064,0.0021266937255859375
17293,normal,2135,0,1782358580.4982316,0.0019252300262451172
17294,normal,922,2,1782358580.5003097,0.0020780563354492188
17295,normal,3634,0,1782358580.502179,0.00186920166015625
17296,normal,2767,0,1782358580.504354,0.0021750926971435547
17297,normal,1558,0,1782358580.5062249,0.001870870590209961
17298,normal,3399,1,1782358580.5083513,0.002126455307006836
17299,normal,827,2,1782358580.5102332,0.0018818378448486328
17300,normal,3099,1,1782358580.51231,0.002076864242553711
17301,normal,1412,0,1782358580.5141785,0.0018684864044189453
17302,normal,3709,0,1782358580.516326,0.0021474361419677734
17303,normal,1133,0,1782358580.518183,0.0018570423126220703
17304,normal,112,0,1782358580.5203235,0.002140522003173828
17305,normal,1982,0,1782358580.5222414,0.0019178390502929688
17306,normal,183,0,1782358580.5244477,0.0022063255310058594
17307,normal,852,2,1782358580.5262547,0.0018069744110107422
17308,normal,246,0,1782358580.5281622,0.0019075870513916016
17309,normal,1455,0,1782358580.5302715,0.0021092891693115234
17310,normal,3611,0,1782358580.5322342,0.0019626617431640625
17311,normal,2977,0,1782358580.5341969,0.0019626617431640625
17312,normal,486,0,1782358580.5362043,0.0020074844360351562
17313,normal,1199,0,1782358580.5381997,0.0019953250885009766
17314,normal,2499,0,1782358580.5402005,0.0020008087158203125
17315,normal,2782,0,1782358580.5422378,0.0020372867584228516
17316,normal,1315,0,1782358580.5441859,0.0019481182098388672
17317,normal,2359,0,1782358580.5461903,0.002004384994506836
17318,normal,1072,0,1782358580.5482426,0.00205230712890625
17319,normal,2882,0,1782358580.5501983,0.001955747604370117
17320,normal,2796,0,1782358580.5521858,0.001987457275390625
17321,normal,3246,1,1782358580.5543787,0.002192974090576172
17322,normal,1428,0,1782358580.5562148,0.0018360614776611328
17323,normal,440,0,1782358580.5581934,0.001978635787963867
17324,normal,717,0,1782358580.5601861,0.0019927024841308594
17325,normal,135,0,1782358580.562264,0.002077817916870117
17326,normal,3289,1,1782358580.56413,0.0018661022186279297
17327,normal,2334,0,1782358580.566437,0.0023069381713867188
17328,normal,3563,0,1782358580.568153,0.0017158985137939453
17329,normal,1749,0,1782358580.570271,0.0021181106567382812
17330,normal,1301,0,1782358580.5721486,0.0018775463104248047
17331,normal,259,0,1782358580.574273,0.0021245479583740234
17332,normal,3059,1,1782358580.576494,0.0022208690643310547
17333,normal,606,0,1782358580.5782733,0.001779317855834961
17334,normal,1625,0,1782358580.5803592,0.0020859241485595703
17335,normal,968,2,1782358580.58223,0.001870870590209961
17336,normal,3317,1,1782358580.5841918,0.0019617080688476562
17337,normal,919,2,1782358580.586308,0.0021162033081054688
17338,normal,746,0,1782358580.5881739,0.0018658638000488281
17339,normal,598,0,1782358580.590501,0.0023272037506103516
17340,normal,2964,0,1782358580.5924075,0.0019063949584960938
17341,normal,2945,0,1782358580.5942416,0.0018341541290283203
17342,normal,575,0,1782358580.5961938,0.0019521713256835938
17343,normal,2587,0,1782358580.5983603,0.0021665096282958984
17344,normal,1399,0,1782358580.6002808,0.001920461654663086
17345,normal,481,0,1782358580.6022308,0.0019500255584716797
17346,normal,3387,1,1782358580.6043653,0.002134561538696289
17347,normal,1445,0,1782358580.606731,0.002365589141845703
17348,normal,3110,1,1782358580.608704,0.0019731521606445312
17349,normal,2880,0,1782358580.6105978,0.001893758773803711
17350,normal,3648,0,1782358580.6126382,0.002040386199951172
17351,normal,2646,0,1782358580.6143422,0.0017039775848388672
17352,normal,1792,0,1782358580.6165466,0.002204418182373047
17353,normal,3214,1,1782358580.618657,0.0021104812622070312
17354,normal,707,0,1782358580.6202517,0.00159454345703125
17355,normal,1628,0,1782358580.62247,0.0022182464599609375
17356,normal,1572,0,1782358580.6243038,0.0018339157104492188
17357,normal,99,0,1782358580.6262834,0.0019795894622802734
17358,normal,977,2,1782358580.6284242,0.0021407604217529297
17359,normal,45,0,1782358580.6304088,0.0019845962524414062
17360,normal,1516,0,1782358580.6323066,0.0018978118896484375
17361,normal,1949,0,1782358580.6344087,0.0021021366119384766
17362,normal,591,0,1782358580.636402,0.0019931793212890625
17363,normal,1479,0,1782358580.6383226,0.0019207000732421875
17364,normal,1789,0,1782358580.6404715,0.002148866653442383
17365,normal,2264,0,1782358580.642545,0.002073526382446289
17366,normal,3015,0,1782358580.64426,0.001714944839477539
17367,normal,844,2,1782358580.6464036,0.0021436214447021484
17368,normal,2265,0,1782358580.6484442,0.0020406246185302734
17369,normal,280,0,1782358580.65034,0.001895904541015625
17370,normal,2094,0,1782358580.6524818,0.002141714096069336
17371,normal,2813,0,1782358580.6543732,0.0018913745880126953
17372,normal,3020,0,1782358580.6562185,0.0018453598022460938
17373,normal,402,0,1782358580.6584966,0.0022780895233154297
17374,normal,1422,0,1782358580.660316,0.0018193721771240234
17375,normal,3061,1,1782358580.6623142,0.0019981861114501953
17376,normal,2027,0,1782358580.664417,0.0021028518676757812
17377,normal,1320,1,1782358580.6664023,0.001985311508178711
17378,normal,2623,0,1782358580.6683218,0.0019195079803466797
17379,normal,55,0,1782358580.6704261,0.0021042823791503906
17380,normal,1685,0,1782358580.6724205,0.0019943714141845703
17381,normal,2090,0,1782358580.6743562,0.001935720443725586
17382,normal,3080,1,1782358580.6764047,0.002048492431640625
17383,normal,1758,0,1782358580.678425,0.0020203590393066406
17384,normal,3642,0,1782358580.6802967,0.0018715858459472656
17385,normal,1217,0,1782358580.6824198,0.002123117446899414
17386,normal,1278,0,1782358580.6844049,0.0019850730895996094
17387,normal,100,0,1782358580.6863344,0.0019295215606689453
17388,normal,613,0,1782358580.6884537,0.002119302749633789
17389,normal,2752,0,1782358580.6904624,0.002008676528930664
17390,normal,2079,0,1782358580.692267,0.0018045902252197266
17391,normal,2221,0,1782358580.6945302,0.002263307571411133
17392,normal,3081,1,1782358580.6963499,0.001819610595703125
17393,normal,1825,0,1782358580.698466,0.0021162033081054688
17394,normal,1473,0,1782358580.7003422,0.0018761157989501953
17395,normal,2080,0,1782358580.702297,0.001954793930053711
17396,normal,287,0,1782358580.7047825,0.002485513687133789
17397,normal,1799,0,1782358580.7061448,0.0013623237609863281
17398,normal,241,0,1782358580.7082937,0.002148866653442383
17399,normal,3420,0,1782358580.7103467,0.0020530223846435547
17400,normal,1151,0,1782358580.7123396,0.001992940902709961
17401,normal,2695,0,1782358580.7141876,0.001847982406616211
17402,normal,1039,0,1782358580.716427,0.0022394657135009766
17403,normal,1184,0,1782358580.7183096,0.0018825531005859375
17404,normal,1185,0,1782358580.7202408,0.0019311904907226562
17405,normal,2026,0,1782358580.7223225,0.002081632614135742
17406,normal,1345,1,1782358580.7243407,0.0020182132720947266
17407,normal,295,0,1782358580.7263021,0.0019614696502685547
17408,normal,1048,0,1782358580.7282739,0.001971721649169922
17409,normal,3025,0,1782358580.7302673,0.001993417739868164
17410,normal,654,0,1782358580.7322626,0.0019953250885009766
17411,normal,2338,0,1782358580.734271,0.0020084381103515625
17412,normal,3620,0,1782358580.7363102,0.002039194107055664
17413,normal,3205,1,1782358580.7381647,0.0018544197082519531
17414,normal,3404,0,1782358580.7402606,0.002095937728881836
17415,normal,131,0,1782358580.7422621,0.002001523971557617
17416,normal,1158,0,1782358580.7441974,0.0019352436065673828
17417,normal,3051,1,1782358580.7464268,0.002229452133178711
17418,normal,2218,0,1782358580.7484317,0.002004861831665039
17419,normal,3035,0,1782358580.7501953,0.0017635822296142578
17420,normal,1575,0,1782358580.7522821,0.0020868778228759766
17421,normal,3606,0,1782358580.754297,0.0020148754119873047
17422,normal,1583,0,1782358580.7562726,0.001975536346435547
17423,normal,1682,0,1782358580.7582793,0.0020067691802978516
17424,normal,681,0,1782358580.760317,0.0020377635955810547
17425,normal,685,0,1782358580.7621515,0.0018343925476074219
17426,normal,2193,0,1782358580.7642853,0.0021338462829589844
17427,normal,13,0,1782358580.7662868,0.002001523971557617
17428,normal,2932,0,1782358580.768285,0.0019981861114501953
17429,normal,935,2,1782358580.770306,0.0020210742950439453
17430,normal,3698,0,1782358580.7724411,0.002135038375854492
17431,normal,1129,0,1782358580.774245,0.0018038749694824219
17432,normal,802,2,1782358580.776336,0.002090930938720703
17433,normal,2413,0,1782358580.778338,0.0020020008087158203
17434,normal,2491,0,1782358580.780209,0.0018711090087890625
17435,normal,1283,0,1782358580.7823257,0.002116680145263672
17436,normal,3373,1,1782358580.784289,0.0019631385803222656
17437,normal,2016,0,1782358580.7863863,0.0020973682403564453
17438,normal,3134,1,1782358580.7883036,0.0019173622131347656
17439,normal,1293,0,1782358580.7902763,0.001972675323486328
17440,normal,1497,0,1782358580.7925296,0.002253293991088867
17441,normal,1591,0,1782358580.7943885,0.0018589496612548828
17442,normal,463,0,1782358580.7962961,0.0019075870513916016
17443,normal,1053,0,1782358580.798186,0.001889944076538086
17444,normal,578,0,1782358580.8002658,0.0020797252655029297
17445,normal,370,0,1782358580.8022802,0.0020143985748291016
17446,normal,2644,0,1782358580.80426,0.001979827880859375
17447,normal,547,0,1782358580.8063092,0.0020492076873779297
17448,normal,569,0,1782358580.8082275,0.0019183158874511719
17449,normal,3055,1,1782358580.810278,0.0020503997802734375
17450,normal,2827,0,1782358580.8122995,0.0020215511322021484
17451,normal,3298,1,1782358580.8143225,0.002022981643676758
17452,normal,2400,0,1782358580.8163464,0.002023935317993164
17453,normal,1012,2,1782358580.8181949,0.001848459243774414
17454,normal,715,0,1782358580.8202937,0.0020987987518310547
17455,normal,1983,0,1782358580.8222988,0.0020051002502441406
17456,normal,3168,1,1782358580.8242958,0.0019969940185546875
17457,normal,3519,0,1782358580.8262799,0.001984119415283203
17458,normal,491,0,1782358580.8284523,0.0021724700927734375
17459,normal,540,0,1782358580.8302839,0.0018315315246582031
17460,normal,334,0,1782358580.8323998,0.002115964889526367
17461,normal,826,2,1782358580.8344858,0.0020859241485595703
17462,normal,546,0,1782358580.8364186,0.0019328594207763672
17463,normal,1708,0,1782358580.838316,0.0018973350524902344
17464,normal,1209,0,1782358580.8404024,0.0020864009857177734
17465,normal,3324,1,1782358580.8423226,0.0019202232360839844
17466,normal,2407,0,1782358580.8444536,0.0021309852600097656
17467,normal,3514,0,1782358580.8464282,0.0019745826721191406
17468,normal,3312,1,1782358580.8483603,0.0019321441650390625
17469,normal,384,0,1782358580.8502939,0.0019335746765136719
17470,normal,593,0,1782358580.8524215,0.0021276473999023438
17471,normal,2217,0,1782358580.854293,0.0018715858459472656
17472,normal,712,0,1782358580.8564215,0.0021283626556396484
17473,normal,143,0,1782358580.8584049,0.0019834041595458984
17474,normal,2596,0,1782358580.8603177,0.001912832260131836
17475,normal,2431,0,1782358580.8624592,0.0021414756774902344
17476,normal,2293,0,1782358580.8644495,0.0019903182983398438
17477,normal,507,0,1782358580.8662636,0.001814126968383789
17478,normal,268,0,1782358580.868474,0.002210378646850586
17479,normal,14,0,1782358580.8704112,0.0019371509552001953
17480,normal,484,0,1782358580.8723261,0.00191497802734375
17481,normal,3196,1,1782358580.8744752,0.0021491050720214844
17482,normal,2432,0,1782358580.8764079,0.0019326210021972656
17483,normal,2984,0,1782358580.8783135,0.001905679702758789
17484,normal,1236,0,1782358580.8804119,0.0020983219146728516
17485,normal,3521,0,1782358580.8823967,0.001984834671020508
17486,normal,653,0,1782358580.8843863,0.001989603042602539
17487,normal,457,0,1782358580.8863535,0.001967191696166992
17488,normal,2300,0,1782358580.8883991,0.0020456314086914062
17489,normal,1901,0,1782358580.8903575,0.0019583702087402344
17490,normal,387,0,1782358580.892542,0.0021843910217285156
17491,normal,2276,0,1782358580.8945692,0.002027273178100586
17492,normal,1891,0,1782358580.8964503,0.0018811225891113281
17493,normal,2309,0,1782358580.898439,0.001988649368286133
17494,normal,745,0,1782358580.9003735,0.0019345283508300781
17495,normal,1265,0,1782358580.9022865,0.0019130706787109375
17496,normal,3078,1,1782358580.9044049,0.002118349075317383
17497,normal,2199,0,1782358580.9063923,0.001987457275390625
17498,normal,2024,0,1782358580.9083197,0.0019273757934570312
17499,normal,2227,0,1782358580.9104707,0.002151012420654297
17500,normal,1477,0,1782358580.9123821,0.0019114017486572266
17501,normal,2501,0,1782358580.914291,0.0019087791442871094
17502,normal,3189,1,1782358580.9164023,0.0021114349365234375
17503,normal,3151,1,1782358580.9183912,0.0019888877868652344
17504,normal,2969,0,1782358580.9203548,0.0019636154174804688
17505,normal,1858,0,1782358580.9225423,0.002187490463256836
17506,normal,425,0,1782358580.9243464,0.0018041133880615234
17507,normal,3045,1,1782358580.926444,0.002097606658935547
17508,normal,1827,0,1782358580.928368,0.0019240379333496094
17509,normal,2113,0,1782358580.9302373,0.00186920166015625
17510,normal,109,0,1782358580.9324198,0.002182483673095703
17511,normal,154,0,1782358580.934315,0.0018951892852783203
17512,normal,555,0,1782358580.9364336,0.0021185874938964844
17513,normal,1605,0,1782358580.938499,0.002065420150756836
17514,normal,3543,0,1782358580.940326,0.0018270015716552734
17515,normal,1681,0,1782358580.9423919,0.002065896987915039
17516,normal,2881,0,1782358580.9443111,0.0019192695617675781
17517,normal,2494,0,1782358580.9464173,0.002106189727783203
17518,normal,1011,2,1782358580.94842,0.002002716064453125
17519,normal,113,0,1782358580.9503093,0.0018892288208007812
17520,normal,2792,0,1782358580.95249,0.002180814743041992
17521,normal,3047,1,1782358580.9541965,0.0017063617706298828
17522,normal,1973,0,1782358580.9562702,0.0020737648010253906
17523,normal,1170,0,1782358580.9582405,0.0019702911376953125
17524,normal,2270,0,1782358580.9601626,0.0019221305847167969
17525,normal,3660,0,1782358580.9624677,0.0023050308227539062
17526,normal,689,0,1782358580.9643576,0.001889944076538086
17527,normal,723,0,1782358580.9662633,0.001905679702758789
17528,normal,670,0,1782358580.9684002,0.0021369457244873047
17529,normal,190,0,1782358580.970384,0.001983642578125
17530,normal,289,0,1782358580.972168,0.0017840862274169922
17531,normal,2634,0,1782358580.9741952,0.002027273178100586
17532,normal,995,2,1782358580.9763372,0.0021419525146484375
17533,normal,972,2,1782358580.9783626,0.0020253658294677734
17534,normal,1576,0,1782358580.9804144,0.002051830291748047
17535,normal,1021,2,1782358580.982324,0.001909494400024414
17536,normal,192,0,1782358580.9843948,0.002070903778076172
17537,normal,2455,0,1782358580.986188,0.0017931461334228516
17538,normal,1451,0,1782358580.9882305,0.002042531967163086
17539,normal,1136,0,1782358580.99034,0.002109527587890625
17540,normal,469,0,1782358580.9924207,0.002080678939819336
17541,normal,1926,0,1782358580.9943714,0.0019507408142089844
17542,normal,2461,0,1782358580.9962292,0.001857757568359375
17543,normal,2811,0,1782358580.9982152,0.0019860267639160156
17544,normal,243,0,1782358581.0002565,0.002041339874267578
17545,normal,931,2,1782358581.0022247,0.0019681453704833984
17546,normal,1527,0,1782358581.004232,0.0020072460174560547
17547,normal,1845,0,1782358581.0067642,0.0025322437286376953
17548,normal,3284,1,1782358581.0082335,0.0014693737030029297
17549,normal,2677,0,1782358581.0102668,0.002033233642578125
17550,normal,1089,0,1782358581.0122628,0.0019960403442382812
17551,normal,562,0,1782358581.014189,0.0019261837005615234
17552,normal,3473,0,1782358581.0162559,0.0020668506622314453
17553,normal,1403,0,1782358581.018257,0.002001047134399414
17554,normal,3341,1,1782358581.0201766,0.0019197463989257812
17555,normal,563,0,1782358581.022263,0.0020864009857177734
17556,normal,2963,0,1782358581.024239,0.00197601318359375
17557,normal,1563,0,1782358581.0261788,0.0019397735595703125
17558,normal,2736,0,1782358581.0283358,0.002156972885131836
17559,normal,2481,0,1782358581.0301464,0.0018105506896972656
17560,normal,2921,0,1782358581.0321736,0.002027273178100586
17561,normal,2025,0,1782358581.0341618,0.0019881725311279297
17562,normal,3600,0,1782358581.0361896,0.002027750015258789
17563,normal,992,2,1782358581.038145,0.0019555091857910156
17564,normal,3425,0,1782358581.040138,0.001992940902709961
17565,normal,1817,0,1782358581.0421662,0.002028226852416992
17566,normal,3077,1,1782358581.0442016,0.002035379409790039
17567,normal,1033,0,1782358581.0464156,0.0022139549255371094
17568,normal,3517,0,1782358581.048169,0.0017533302307128906
17569,normal,2230,0,1782358581.0501926,0.0020236968994140625
17570,normal,2466,0,1782358581.0521486,0.0019559860229492188
17571,normal,2702,0,1782358581.0541718,0.0020232200622558594
17572,normal,2897,0,1782358581.056141,0.0019690990447998047
17573,normal,1414,0,1782358581.058148,0.002007007598876953
17574,normal,2674,0,1782358581.0601315,0.001983642578125
17575,normal,2885,0,1782358581.0621967,0.0020651817321777344
17576,normal,2246,0,1782358581.0642068,0.0020101070404052734
17577,normal,1623,0,1782358581.0661829,0.00197601318359375
17578,normal,2151,0,1782358581.068201,0.0020182132720947266
17579,normal,76,0,1782358581.070225,0.002023935317993164
17580,normal,3588,0,1782358581.072416,0.0021910667419433594
17581,normal,2983,0,1782358581.0741842,0.0017681121826171875
17582,normal,609,0,1782358581.0762856,0.002101421356201172
17583,normal,471,0,1782358581.0782945,0.0020089149475097656
17584,normal,2791,0,1782358581.080256,0.0019614696502685547
17585,normal,2843,0,1782358581.0822427,0.0019867420196533203
17586,normal,2155,0,1782358581.084242,0.001999378204345703
17587,normal,1703,0,1782358581.0862398,0.001997709274291992
17588,normal,2561,0,1782358581.0882723,0.0020325183868408203
17589,normal,2125,0,1782358581.0903153,0.002043008804321289
17590,normal,1519,0,1782358581.0921445,0.0018291473388671875
17591,normal,731,0,1782358581.094238,0.0020935535430908203
17592,normal,1939,0,1782358581.096247,0.0020089149475097656
17593,normal,3253,1,1782358581.0982401,0.0019931793212890625
17594,normal,3012,0,1782358581.100741,0.002500772476196289
17595,normal,1909,0,1782358581.1022682,0.0015273094177246094
17596,normal,1447,0,1782358581.1043959,0.0021276473999023438
17597,normal,2254,0,1782358581.1061814,0.0017855167388916016
17598,normal,914,2,1782358581.1082716,0.0020902156829833984
17599,normal,2036,0,1782358581.1102715,0.0019998550415039062
17600,normal,350,0,1782358581.1122768,0.002005338668823242
17601,normal,2320,0,1782358581.1144297,0.0021529197692871094
17602,normal,1586,0,1782358581.116258,0.0018281936645507812
17603,normal,3401,1,1782358581.1183112,0.0020532608032226562
17604,normal,1500,0,1782358581.1202781,0.0019669532775878906
17605,normal,1847,0,1782358581.1222816,0.0020034313201904297
17606,normal,3548,0,1782358581.1242802,0.0019986629486083984
17607,normal,1710,0,1782358581.1262774,0.001997232437133789
17608,normal,3160,1,1782358581.1286232,0.0023458003997802734
17609,normal,3239,1,1782358581.1303792,0.0017559528350830078
17610,normal,2597,0,1782358581.1329083,0.002529144287109375
17611,normal,2740,0,1782358581.1344628,0.0015544891357421875
17612,normal,3681,0,1782358581.1364744,0.002011537551879883
17613,normal,3325,1,1782358581.1383817,0.0019073486328125
17614,normal,3674,0,1782358581.1402366,0.0018548965454101562
17615,normal,1599,0,1782358581.1423557,0.0021190643310546875
17616,normal,3458,0,1782358581.1442773,0.0019216537475585938
17617,normal,2032,0,1782358581.1462762,0.0019989013671875
17618,normal,2660,0,1782358581.1482768,0.002000570297241211
17619,normal,386,0,1782358581.150407,0.002130270004272461
17620,normal,1411,0,1782358581.1523838,0.0019767284393310547
17621,normal,279,0,1782358581.1542966,0.001912832260131836
17622,normal,3000,0,1782358581.1563945,0.0020978450775146484
17623,normal,1596,0,1782358581.1582842,0.0018897056579589844
17624,normal,8,0,1782358581.16017,0.0018858909606933594
17625,normal,362,0,1782358581.162278,0.002107858657836914
17626,normal,2410,0,1782358581.16431,0.002032041549682617
17627,normal,771,0,1782358581.166345,0.002034902572631836
17628,normal,1104,0,1782358581.1682956,0.0019507408142089844
17629,normal,3195,1,1782358581.170283,0.001987457275390625
17630,normal,2857,0,1782358581.1722932,0.0020101070404052734
17631,normal,385,0,1782358581.1743402,0.0020470619201660156
17632,normal,1908,0,1782358581.1763384,0.0019981861114501953
17633,normal,3630,0,1782358581.1782615,0.0019230842590332031
17634,normal,3431,0,1782358581.1803095,0.002048015594482422
17635,normal,1902,0,1782358581.1822755,0.0019659996032714844
17636,normal,2541,0,1782358581.1842763,0.0020008087158203125
17637,normal,559,0,1782358581.1862514,0.0019750595092773438
17638,normal,2770,0,1782358581.188256,0.0020046234130859375
17639,normal,1354,1,1782358581.190275,0.0020189285278320312
17640,normal,3268,1,1782358581.192268,0.001992940902709961
17641,normal,2121,0,1782358581.194272,0.0020041465759277344
17642,normal,2222,0,1782358581.196291,0.0020189285278320312
17643,normal,916,2,1782358581.1983259,0.002034902572631836
17644,normal,2873,0,1782358581.20026,0.001934051513671875
17645,normal,111,0,1782358581.2022746,0.002014636993408203
17646,normal,431,0,1782358581.2042606,0.0019860267639160156
17647,normal,147,0,1782358581.20631,0.0020494461059570312
17648,normal,2749,0,1782358581.2082632,0.001953125
17649,normal,1706,0,1782358581.2102845,0.002021312713623047
17650,normal,3006,0,1782358581.2123086,0.0020241737365722656
17651,normal,342,0,1782358581.2143257,0.0020170211791992188
17652,normal,2210,0,1782358581.216356,0.0020303726196289062
17653,normal,118,0,1782358581.2182972,0.0019412040710449219
17654,normal,2373,0,1782358581.2202904,0.0019931793212890625
17655,normal,1754,0,1782358581.22227,0.0019795894622802734
17656,normal,3542,0,1782358581.2242873,0.0020172595977783203
17657,normal,1579,0,1782358581.2262478,0.0019605159759521484
17658,normal,1837,0,1782358581.2282448,0.0019969940185546875
17659,normal,1814,0,1782358581.2303376,0.0020928382873535156
17660,normal,2884,0,1782358581.232292,0.001954317092895508
17661,normal,3342,1,1782358581.23438,0.0020880699157714844
17662,normal,1517,0,1782358581.236238,0.0018579959869384766
17663,normal,3460,0,1782358581.2384305,0.0021924972534179688
17664,normal,1310,0,1782358581.2404141,0.001983642578125
17665,normal,2493,0,1782358581.2423189,0.0019047260284423828
17666,normal,404,0,1782358581.2443836,0.0020647048950195312
17667,normal,200,0,1782358581.2463918,0.002008199691772461
17668,normal,3128,1,1782358581.2484424,0.002050638198852539
17669,normal,2970,0,1782358581.250313,0.0018706321716308594
17670,normal,695,0,1782358581.2521527,0.0018396377563476562
17671,normal,3558,0,1782358581.2542472,0.0020945072174072266
17672,normal,3285,1,1782358581.2562659,0.0020186901092529297
17673,normal,1086,0,1782358581.2584183,0.0021524429321289062
17674,normal,2855,0,1782358581.2601907,0.0017724037170410156
17675,normal,567,0,1782358581.2621765,0.001985788345336914
17676,normal,1092,0,1782358581.2641635,0.001986980438232422
17677,normal,2474,0,1782358581.266145,0.001981496810913086
17678,normal,511,0,1782358581.2682683,0.0021233558654785156
17679,normal,824,2,1782358581.2706869,0.00241851806640625
17680,normal,3349,1,1782358581.2722137,0.0015268325805664062
17681,normal,811,2,1782358581.2742033,0.001989603042602539
17682,normal,1721,0,1782358581.2761743,0.001971006393432617
17683,normal,3140,1,1782358581.278157,0.0019826889038085938
17684,normal,1088,0,1782358581.2802658,0.0021088123321533203
17685,normal,130,0,1782358581.282395,0.002129077911376953
17686,normal,400,0,1782358581.2842221,0.001827239990234375
17687,normal,1038,0,1782358581.286265,0.0020427703857421875
17688,normal,1183,0,1782358581.2882729,0.0020079612731933594
17689,normal,2085,0,1782358581.2902756,0.002002716064453125
17690,normal,2367,0,1782358581.2922072,0.0019316673278808594
17691,normal,3440,0,1782358581.2942872,0.0020799636840820312
17692,normal,3452,0,1782358581.296404,0.002116680145263672
17693,normal,2063,0,1782358581.2983215,0.0019176006317138672
17694,normal,3372,1,1782358581.3003707,0.0020492076873779297
17695,normal,2879,0,1782358581.302369,0.001998424530029297
17696,normal,2119,0,1782358581.305611,0.0032417774200439453
17697,normal,3618,0,1782358581.3062375,0.0006265640258789062
17698,normal,776,2,1782358581.3082948,0.002057313919067383
17699,normal,1097,0,1782358581.3104486,0.0021538734436035156
17700,normal,1312,0,1782358581.3124347,0.0019860267639160156
17701,normal,1998,0,1782358581.3143065,0.0018718242645263672
17702,normal,814,2,1782358581.316291,0.0019845962524414062
17703,normal,554,0,1782358581.318822,0.002530813217163086
17704,normal,2622,0,1782358581.3203554,0.00153350830078125
17705,normal,865,2,1782358581.3222585,0.0019030570983886719
17706,normal,799,2,1782358581.3241966,0.0019381046295166016
17707,normal,1160,0,1782358581.3262475,0.0020508766174316406
17708,normal,804,2,1782358581.328268,0.002020597457885742
17709,normal,550,0,1782358581.3302925,0.002024412155151367
17710,normal,2993,0,1782358581.332283,0.0019905567169189453
17711,normal,600,0,1782358581.334267,0.0019838809967041016
17712,normal,505,0,1782358581.3362572,0.0019903182983398438
17713,normal,172,0,1782358581.338294,0.0020368099212646484
17714,normal,2815,0,1782358581.3403614,0.0020673274993896484
17715,normal,1780,0,1782358581.3423238,0.001962423324584961
17716,normal,2718,0,1782358581.344285,0.001961231231689453
17717,normal,2920,0,1782358581.346254,0.0019690990447998047
17718,normal,408,0,1782358581.348298,0.0020439624786376953
17719,normal,3638,0,1782358581.3502471,0.0019490718841552734
17720,normal,3313,1,1782358581.3522756,0.0020284652709960938
17721,normal,655,0,1782358581.354262,0.0019865036010742188
17722,normal,1176,0,1782358581.356162,0.0018999576568603516
17723,normal,819,2,1782358581.3582017,0.002039670944213867
17724,normal,1494,0,1782358581.3602026,0.0020008087158203125
17725,normal,3229,1,1782358581.362196,0.001993417739868164
17726,normal,2441,0,1782358581.3642447,0.0020487308502197266
17727,normal,1493,0,1782358581.3661747,0.0019299983978271484
17728,normal,1268,0,1782358581.3682363,0.002061605453491211
17729,normal,1233,0,1782358581.3702006,0.0019643306732177734
17730,normal,1545,0,1782358581.3722832,0.0020825862884521484
17731,normal,96,0,1782358581.3743906,0.002107381820678711
17732,normal,228,0,1782358581.3762147,0.0018241405487060547
17733,normal,1771,0,1782358581.3782647,0.0020499229431152344
17734,normal,2568,0,1782358581.380269,0.002004384994506836
17735,normal,1468,0,1782358581.3822753,0.0020062923431396484
17736,normal,248,0,1782358581.3842628,0.001987457275390625
17737,normal,1776,0,1782358581.3862677,0.002004861831665039
17738,normal,3621,0,1782358581.3882983,0.002030611038208008
17739,normal,2522,0,1782358581.3903167,0.002018451690673828
17740,normal,247,0,1782358581.3923435,0.002026796340942383
17741,normal,3497,0,1782358581.3942528,0.0019092559814453125
17742,normal,3271,1,1782358581.396316,0.002063274383544922
17743,normal,3380,1,1782358581.39827,0.0019538402557373047
17744,normal,610,0,1782358581.4003134,0.002043485641479492
17745,normal,2761,0,1782358581.402335,0.0020215511322021484
17746,normal,2168,0,1782358581.4042487,0.0019137859344482422
17747,normal,917,2,1782358581.4062397,0.0019910335540771484
17748,normal,2035,0,1782358581.408241,0.0020012855529785156
17749,normal,1094,0,1782358581.4102988,0.002057790756225586
17750,normal,1095,0,1782358581.4123425,0.0020437240600585938
17751,normal,3486,0,1782358581.4143052,0.0019626617431640625
17752,normal,1906,0,1782358581.4163218,0.0020165443420410156
17753,normal,452,0,1782358581.4184191,0.0020973682403564453
17754,normal,3044,0,1782358581.4204164,0.001997232437133789
17755,normal,3446,0,1782358581.4223394,0.0019230842590332031
17756,normal,2844,0,1782358581.4244342,0.002094745635986328
17757,normal,3303,1,1782358581.426384,0.0019497871398925781
17758,normal,1367,1,1782358581.4281397,0.0017557144165039062
17759,normal,965,2,1782358581.4302754,0.002135753631591797
17760,normal,2124,0,1782358581.4322586,0.001983165740966797
17761,normal,596,0,1782358581.4342694,0.002010822296142578
17762,normal,614,0,1782358581.436491,0.0022215843200683594
17763,normal,586,0,1782358581.4383254,0.0018343925476074219
17764,normal,3664,0,1782358581.4402914,0.0019659996032714844
17765,normal,2327,0,1782358581.4422886,0.001997232437133789
17766,normal,2472,0,1782358581.4444175,0.0021288394927978516
17767,normal,1699,0,1782358581.4461381,0.0017206668853759766
17768,normal,3700,0,1782358581.4482794,0.002141237258911133
17769,normal,1617,0,1782358581.450426,0.0021467208862304688
17770,normal,2392,0,1782358581.4525273,0.0021011829376220703
17771,normal,3273,1,1782358581.4542723,0.001744985580444336
17772,normal,1764,0,1782358581.45659,0.002317667007446289
17773,normal,1920,0,1782358581.4582894,0.0016994476318359375
17774,normal,2935,0,1782358581.4603045,0.0020151138305664062
17775,normal,2267,0,1782358581.46226,0.0019555091857910156
17776,normal,47,0,1782358581.464251,0.0019910335540771484
17777,normal,3063,1,1782358581.4663424,0.0020914077758789062
17778,normal,114,0,1782358581.4685063,0.0021638870239257812
17779,normal,38,0,1782358581.4701626,0.0016562938690185547
17780,normal,2853,0,1782358581.4722314,0.002068758010864258
17781,normal,2457,0,1782358581.4742374,0.002006053924560547
17782,normal,636,0,1782358581.4762402,0.002002716064453125
17783,normal,2944,0,1782358581.478244,0.002003908157348633
17784,normal,1788,0,1782358581.4802473,0.002003192901611328
17785,normal,2430,0,1782358581.482202,0.001954793930053711
17786,normal,1686,0,1782358581.4843147,0.0021126270294189453
17787,normal,3331,1,1782358581.4862869,0.001972198486328125
17788,normal,1373,1,1782358581.4882662,0.001979351043701172
17789,normal,1772,0,1782358581.4902494,0.001983165740966797
17790,normal,3549,0,1782358581.4924393,0.0021898746490478516
17791,normal,640,0,1782358581.4942489,0.0018095970153808594
17792,normal,3311,1,1782358581.4963415,0.002092599868774414
17793,normal,1116,0,1782358581.4983547,0.0020132064819335938
17794,normal,1830,0,1782358581.500352,0.001997232437133789
17795,normal,366,0,1782358581.5023394,0.001987457275390625
17796,normal,2698,0,1782358581.5043082,0.001968860626220703
17797,normal,2357,0,1782358581.5062542,0.0019459724426269531
17798,normal,3354,1,1782358581.5083094,0.0020551681518554688
17799,normal,1319,1,1782358581.5103397,0.0020303726196289062
17800,normal,2976,0,1782358581.512322,0.0019822120666503906
17801,normal,3245,1,1782358581.5144057,0.0020837783813476562
17802,normal,1640,0,1782358581.5162637,0.0018579959869384766
17803,normal,2078,0,1782358581.518218,0.001954317092895508
17804,normal,2434,0,1782358581.5204246,0.002206563949584961
17805,normal,1,0,1782358581.522417,0.001992464065551758
17806,normal,3023,0,1782358581.524351,0.0019338130950927734
17807,normal,888,2,1782358581.5263731,0.002022266387939453
17808,normal,2263,0,1782358581.5282748,0.0019016265869140625
17809,normal,1613,0,1782358581.530368,0.0020933151245117188
17810,normal,2781,0,1782358581.5322607,0.0018925666809082031
17811,normal,134,0,1782358581.5343785,0.0021178722381591797
17812,normal,2980,0,1782358581.5363903,0.0020117759704589844
17813,normal,1244,0,1782358581.5381355,0.0017452239990234375
17814,normal,3663,0,1782358581.540288,0.0021524429321289062
17815,normal,375,0,1782358581.542168,0.0018799304962158203
17816,normal,488,0,1782358581.5441766,0.002008676528930664
17817,normal,3368,1,1782358581.546297,0.002120494842529297
17818,normal,2801,0,1782358581.5481746,0.0018775463104248047
17819,normal,275,0,1782358581.5504026,0.0022280216217041016
17820,normal,553,0,1782358581.5522883,0.0018856525421142578
17821,normal,165,0,1782358581.5544102,0.0021219253540039062
17822,normal,2363,0,1782358581.5562851,0.0018749237060546875
17823,normal,3310,1,1782358581.558455,0.0021698474884033203
17824,normal,1014,2,1782358581.5603976,0.0019426345825195312
17825,normal,1352,1,1782358581.5622833,0.0018856525421142578
17826,normal,3292,1,1782358581.5643954,0.002112150192260742
17827,normal,926,2,1782358581.5663536,0.001958131790161133
17828,normal,1667,0,1782358581.5682805,0.0019268989562988281
17829,normal,1306,0,1782358581.5703955,0.002115011215209961
17830,normal,2081,0,1782358581.5723987,0.002003192901611328
17831,normal,1945,0,1782358581.574312,0.001913309097290039
17832,normal,2139,0,1782358581.5765698,0.002257823944091797
17833,normal,2652,0,1782358581.578216,0.001646280288696289
17834,normal,512,0,1782358581.5804117,0.002195596694946289
17835,normal,519,0,1782358581.5823033,0.0018916130065917969
17836,normal,1303,0,1782358581.5844169,0.0021135807037353516
17837,normal,2824,0,1782358581.5862768,0.001859903335571289
17838,normal,65,0,1782358581.5883892,0.0021123886108398438
17839,normal,2590,0,1782358581.5903466,0.001957416534423828
17840,normal,459,0,1782358581.5923502,0.0020036697387695312
17841,normal,1335,1,1782358581.5944436,0.0020933151245117188
17842,normal,1702,0,1782358581.5964243,0.0019807815551757812
17843,normal,3048,1,1782358581.598342,0.0019176006317138672
17844,normal,1381,1,1782358581.6005108,0.002168893814086914
17845,normal,624,0,1782358581.6025355,0.0020246505737304688
17846,normal,976,2,1782358581.6043532,0.0018177032470703125
17847,normal,3270,1,1782358581.6065092,0.0021560192108154297
17848,normal,2611,0,1782358581.6083596,0.0018503665924072266
17849,normal,1441,0,1782358581.6103601,0.002000570297241211
17850,normal,2384,0,1782358581.612389,0.002028942108154297
17851,normal,3557,0,1782358581.6143732,0.001984119415283203
17852,normal,2421,0,1782358581.616273,0.00189971923828125
17853,normal,1213,0,1782358581.6185532,0.0022802352905273438
17854,normal,3161,1,1782358581.6201868,0.0016336441040039062
17855,normal,1750,0,1782358581.622379,0.002192258834838867
17856,normal,1525,0,1782358581.6242695,0.001890420913696289
17857,normal,180,0,1782358581.626385,0.002115488052368164
17858,normal,409,0,1782358581.6284032,0.0020182132720947266
17859,normal,1173,0,1782358581.6305144,0.002111196517944336
17860,normal,1835,0,1782358581.6322532,0.0017387866973876953
17861,normal,1795,0,1782358581.6343985,0.0021452903747558594
17862,normal,1953,0,1782358581.6362844,0.0018858909606933594
17863,normal,2790,0,1782358581.6384006,0.0021162033081054688
17864,normal,1420,0,1782358581.640297,0.0018963813781738281
17865,normal,855,2,1782358581.6424253,0.0021283626556396484
17866,normal,3158,1,1782358581.644594,0.0021686553955078125
17867,normal,3234,1,1782358581.6462595,0.0016655921936035156
17868,normal,2207,0,1782358581.6484082,0.0021486282348632812
17869,normal,1231,0,1782358581.6503854,0.001977205276489258
17870,normal,1636,0,1782358581.6522868,0.001901388168334961
17871,normal,2453,0,1782358581.6544049,0.0021181106567382812
17872,normal,1872,0,1782358581.6563928,0.001987934112548828
17873,normal,2118,0,1782358581.6585035,0.002110719680786133
17874,normal,611,0,1782358581.660813,0.002309560775756836
17875,normal,3204,1,1782358581.662632,0.0018188953399658203
17876,normal,1228,0,1782358581.6644583,0.0018262863159179688
17877,normal,2104,0,1782358581.666477,0.0020186901092529297
17878,normal,1707,0,1782358581.6687381,0.0022611618041992188
17879,normal,3224,1,1782358581.6706076,0.0018694400787353516
17880,normal,1878,0,1782358581.672392,0.0017843246459960938
17881,normal,2907,0,1782358581.6741796,0.0017876625061035156
17882,normal,3133,1,1782358581.6764133,0.002233743667602539
17883,normal,1507,0,1782358581.6782677,0.0018544197082519531
17884,normal,1051,0,1782358581.6803873,0.0021195411682128906
17885,normal,1366,1,1782358581.6821942,0.0018069744110107422
17886,normal,3565,0,1782358581.6843915,0.002197265625
17887,normal,2947,0,1782358581.686187,0.0017955303192138672
17888,normal,1620,0,1782358581.6883779,0.002190828323364258
17889,normal,1534,0,1782358581.690284,0.0019061565399169922
17890,normal,2842,0,1782358581.692432,0.0021479129791259766
17891,normal,3337,1,1782358581.6943462,0.0019142627716064453
17892,normal,2465,0,1782358581.6964517,0.0021054744720458984
17893,normal,3199,1,1782358581.698361,0.0019092559814453125
17894,normal,2864,0,1782358581.700299,0.0019381046295166016
17895,normal,2459,0,1782358581.7024245,0.0021255016326904297
17896,normal,1189,0,1782358581.704447,0.0020225048065185547
17897,normal,558,0,1782358581.7062256,0.0017786026000976562
17898,normal,1676,0,1782358581.708383,0.002157449722290039
17899,normal,1752,0,1782358581.7103598,0.0019767284393310547
17900,normal,2655,0,1782358581.712188,0.0018281936645507812
17901,normal,2771,0,1782358581.714387,0.002198934555053711
17902,normal,957,2,1782358581.7163842,0.001997232437133789
17903,normal,2798,0,1782358581.7181885,0.001804351806640625
17904,normal,2401,0,1782358581.7204075,0.002218961715698242
17905,normal,3124,1,1782358581.7223885,0.001981019973754883
17906,normal,2919,0,1782358581.7242918,0.0019032955169677734
17907,normal,887,2,1782358581.7264502,0.0021584033966064453
17908,normal,468,0,1782358581.7283847,0.0019345283508300781
17909,normal,3241,1,1782358581.7302854,0.0019006729125976562
17910,normal,1389,0,1782358581.7323985,0.0021131038665771484
17911,normal,2926,0,1782358581.7343826,0.001984119415283203
17912,normal,1022,2,1782358581.7362828,0.0019001960754394531
17913,normal,2253,0,1782358581.738409,0.0021262168884277344
17914,normal,952,2,1782358581.7404096,0.002000570297241211
17915,normal,1689,0,1782358581.7423203,0.0019106864929199219
17916,normal,3570,0,1782358581.744457,0.002136707305908203
17917,normal,322,0,1782358581.7463937,0.0019366741180419922
17918,normal,3614,0,1782358581.7482948,0.0019011497497558594
17919,normal,797,2,1782358581.7504017,0.002106904983520508
17920,normal,2076,0,1782358581.752409,0.0020072460174560547
17921,normal,1034,0,1782358581.7542787,0.0018696784973144531
17922,normal,3675,0,1782358581.7563908,0.002112150192260742
17923,normal,2906,0,1782358581.7583654,0.0019745826721191406
17924,normal,1259,0,1782358581.7602808,0.0019154548645019531
17925,normal,1531,0,1782358581.7624724,0.0021915435791015625
17926,normal,2075,0,1782358581.764417,0.0019445419311523438
17927,normal,2219,0,1782358581.7663243,0.0019073486328125
17928,normal,173,0,1782358581.768501,0.0021767616271972656
17929,normal,219,0,1782358581.7705524,0.0020513534545898438
17930,normal,485,0,1782358581.7722838,0.0017313957214355469
17931,normal,2562,0,1782358581.7745132,0.002229452133178711
17932,normal,1040,0,1782358581.7764175,0.0019042491912841797
17933,normal,1436,0,1782358581.7783387,0.0019211769104003906
17934,normal,3639,0,1782358581.7803993,0.0020606517791748047
17935,normal,2131,0,1782358581.7823648,0.0019655227661132812
17936,normal,3282,1,1782358581.7842617,0.0018968582153320312
17937,normal,912,2,1782358581.786531,0.002269268035888672
17938,normal,1849,0,1782358581.788182,0.0016510486602783203
17939,normal,1304,0,1782358581.7902718,0.0020897388458251953
17940,normal,589,0,1782358581.7923837,0.0021119117736816406
17941,normal,2607,0,1782358581.794357,0.001973390579223633
17942,normal,915,2,1782358581.7964056,0.002048492431640625
17943,normal,749,0,1782358581.798617,0.002211332321166992
17944,normal,3200,1,1782358581.8004408,0.0018239021301269531
17945,normal,464,0,1782358581.8022728,0.0018320083618164062
17946,normal,198,0,1782358581.8043902,0.0021173954010009766
17947,normal,2486,0,1782358581.806375,0.001984834671020508
17948,normal,1841,0,1782358581.8082864,0.0019114017486572266
17949,normal,3153,1,1782358581.8104484,0.0021619796752929688
17950,normal,3622,0,1782358581.8123796,0.0019311904907226562
17951,normal,3697,0,1782358581.8142717,0.00189208984375
17952,normal,2527,0,1782358581.8163953,0.002123594284057617
17953,normal,390,0,1782358581.8183894,0.0019941329956054688
17954,normal,2888,0,1782358581.8202968,0.0019073486328125
17955,normal,2314,0,1782358581.8225167,0.0022199153900146484
17956,normal,2058,0,1782358581.8244867,0.001970052719116211
17957,normal,3091,1,1782358581.826295,0.00180816650390625
17958,normal,1460,0,1782358581.8284597,0.0021648406982421875
17959,normal,450,0,1782358581.830432,0.001972198486328125
17960,normal,2433,0,1782358581.8323672,0.0019352436065673828
17961,normal,411,0,1782358581.8344123,0.002045154571533203
17962,normal,1956,0,1782358581.8363006,0.001888275146484375
17963,normal,3616,0,1782358581.8384645,0.0021638870239257812
17964,normal,552,0,1782358581.8403482,0.0018837451934814453
17965,normal,453,0,1782358581.842402,0.0020537376403808594
17966,normal,439,0,1782358581.8443096,0.0019075870513916016
17967,normal,3442,0,1782358581.846508,0.002198457717895508
17968,normal,1594,0,1782358581.84835,0.0018420219421386719
17969,normal,2348,0,1782358581.8501728,0.0018227100372314453
17970,normal,1370,1,1782358581.8523755,0.002202749252319336
17971,normal,2814,0,1782358581.8541496,0.0017740726470947266
17972,normal,2010,0,1782358581.856265,0.002115488052368164
17973,normal,3344,1,1782358581.8582773,0.0020122528076171875
17974,normal,1204,0,1782358581.860345,0.00206756591796875
17975,normal,3545,0,1782358581.8621328,0.0017879009246826172
17976,normal,3175,1,1782358581.8644304,0.002297639846801758
17977,normal,1250,0,1782358581.8664448,0.0020143985748291016
17978,normal,3406,0,1782358581.8683634,0.0019185543060302734
17979,normal,2753,0,1782358581.870423,0.0020596981048583984
17980,normal,2157,0,1782358581.8723776,0.0019545555114746094
17981,normal,2175,0,1782358581.8743253,0.001947641372680664
17982,normal,1328,1,1782358581.8764489,0.002123594284057617
17983,normal,1262,0,1782358581.8784604,0.002011537551879883
17984,normal,2723,0,1782358581.8802652,0.0018048286437988281
17985,normal,53,0,1782358581.8823812,0.002115964889526367
17986,normal,1539,0,1782358581.8843613,0.0019800662994384766
17987,normal,533,0,1782358581.8861907,0.001829385757446289
17988,normal,227,0,1782358581.8883946,0.0022039413452148438
17989,normal,676,0,1782358581.8902235,0.001828908920288086
17990,normal,3108,1,1782358581.8924162,0.0021927356719970703
17991,normal,738,0,1782358581.894299,0.001882791519165039
17992,normal,641,0,1782358581.8963428,0.0020437240600585938
17993,normal,650,0,1782358581.8984067,0.0020639896392822266
17994,normal,1227,0,1782358581.9003356,0.0019288063049316406
17995,normal,3095,1,1782358581.902384,0.002048492431640625
17996,normal,849,2,1782358581.9042466,0.0018625259399414062
17997,normal,3412,0,1782358581.9062376,0.0019910335540771484
17998,normal,2730,0,1782358581.9082282,0.0019905567169189453
17999,normal,1513,0,1782358581.910308,0.0020797252655029297
18000,normal,812,2,1782358581.9122274,0.0019195079803466797
18001,normal,3613,0,1782358581.9143572,0.002129793167114258
18002,normal,759,0,1782358581.916239,0.0018818378448486328
18003,normal,3256,1,1782358581.9184043,0.0021653175354003906
18004,normal,690,0,1782358581.9202356,0.0018312931060791016
18005,normal,1347,1,1782358581.9223053,0.002069711685180664
18006,normal,1642,0,1782358581.924233,0.0019276142120361328
18007,normal,3382,1,1782358581.9263086,0.002075672149658203
18008,normal,854,2,1782358581.928241,0.001932382583618164
18009,normal,2585,0,1782358581.9302795,0.0020384788513183594
18010,normal,1041,0,1782358581.9321797,0.0019001960754394531
18011,normal,2136,0,1782358581.9341943,0.002014636993408203
18012,normal,1562,0,1782358581.9362853,0.002090930938720703
18013,normal,2167,0,1782358581.938235,0.0019497871398925781
18014,normal,2608,0,1782358581.9401808,0.0019457340240478516
18015,normal,1139,0,1782358581.9422488,0.002068042755126953
18016,normal,2942,0,1782358581.9442923,0.002043485641479492
18017,normal,940,2,1782358581.946267,0.0019745826721191406
18018,normal,3274,1,1782358581.948365,0.00209808349609375
18019,normal,587,0,1782358581.9502842,0.0019192695617675781
18020,normal,1279,0,1782358581.952258,0.001973867416381836
18021,normal,252,0,1782358581.954192,0.0019338130950927734
18022,normal,2621,0,1782358581.956144,0.0019521713256835938
18023,normal,2717,0,1782358581.9581845,0.002040386199951172
18024,normal,3177,1,1782358581.960211,0.0020265579223632812
18025,normal,1314,0,1782358581.962276,0.002064943313598633
18026,normal,3377,1,1782358581.9641457,0.0018696784973144531
18027,normal,1150,0,1782358581.9661806,0.002034902572631836
18028,normal,1043,0,1782358581.9681435,0.001962900161743164
18029,normal,1590,0,1782358581.9701793,0.002035856246948242
18030,normal,1433,0,1782358581.9722254,0.0020461082458496094
18031,normal,504,0,1782358581.974244,0.0020186901092529297
18032,normal,2323,0,1782358581.9762807,0.002036571502685547
18033,normal,1746,0,1782358581.9783018,0.0020210742950439453
18034,normal,1898,0,1782358581.9802477,0.0019459724426269531
18035,normal,361,0,1782358581.9821904,0.0019426345825195312
18036,normal,377,0,1782358581.984226,0.0020356178283691406
18037,normal,2259,0,1782358581.9862094,0.0019834041595458984
18038,normal,3383,1,1782358581.9882174,0.0020079612731933594
18039,normal,2093,0,1782358581.9903884,0.002171039581298828
18040,normal,2688,0,1782358581.9922152,0.0018267631530761719
18041,normal,1603,0,1782358581.9942198,0.0020046234130859375
18042,normal,1781,0,1782358581.9962118,0.0019919872283935547
18043,normal,1557,0,1782358581.9982014,0.001989603042602539
18044,normal,3164,1,1782358582.0002248,0.002023458480834961
18045,normal,2188,0,1782358582.0022078,0.0019829273223876953
18046,normal,1647,0,1782358582.004149,0.0019412040710449219
18047,normal,3684,0,1782358582.0062206,0.0020716190338134766
18048,normal,2896,0,1782358582.008248,0.0020275115966796875
18049,normal,1515,0,1782358582.0101964,0.0019483566284179688
18050,normal,3434,0,1782358582.0121667,0.0019702911376953125
18051,normal,339,0,1782358582.0143805,0.002213716506958008
18052,normal,823,2,1782358582.016243,0.0018625259399414062
18053,normal,1542,0,1782358582.0182478,0.002004861831665039
18054,normal,2057,0,1782358582.0203197,0.002071857452392578
18055,normal,743,0,1782358582.0222404,0.0019207000732421875
18056,normal,2299,0,1782358582.0241392,0.0018987655639648438
18057,normal,307,0,1782358582.0261662,0.0020270347595214844
18058,normal,2779,0,1782358582.0282269,0.0020606517791748047
18059,normal,1612,0,1782358582.0302367,0.002009868621826172
18060,normal,1348,1,1782358582.0322845,0.0020477771759033203
18061,normal,3032,0,1782358582.0342405,0.0019559860229492188
18062,normal,1254,0,1782358582.0362291,0.001988649368286133
18063,normal,3504,0,1782358582.0381205,0.0018913745880126953
18064,normal,2793,0,1782358582.0404968,0.0023763179779052734
18065,normal,3231,1,1782358582.042571,0.0020742416381835938
18066,normal,703,0,1782358582.0442333,0.0016622543334960938
18067,normal,1774,0,1782358582.0462685,0.0020351409912109375
18068,normal,1357,1,1782358582.0481915,0.0019230842590332031
18069,normal,1554,0,1782358582.0502028,0.0020112991333007812
18070,normal,1716,0,1782358582.052212,0.002009153366088867
18071,normal,1917,0,1782358582.05418,0.001967906951904297
18072,normal,530,0,1782358582.0565786,0.0023987293243408203
18073,normal,590,0,1782358582.0580988,0.0015201568603515625
18074,normal,273,0,1782358582.0602005,0.0021016597747802734
18075,normal,3113,1,1782358582.0622253,0.0020248889923095703
18076,normal,2744,0,1782358582.064168,0.0019426345825195312
18077,normal,3482,0,1782358582.066175,0.002007007598876953
18078,normal,1334,1,1782358582.0683422,0.002167224884033203
18079,normal,2409,0,1782358582.0701993,0.0018570423126220703
18080,normal,829,2,1782358582.0723522,0.0021529197692871094
18081,normal,1013,2,1782358582.0744414,0.002089262008666992
18082,normal,3297,1,1782358582.0765462,0.0021047592163085938
18083,normal,1895,0,1782358582.0785847,0.0020384788513183594
18084,normal,1478,0,1782358582.0802453,0.0016605854034423828
18085,normal,257,0,1782358582.0821862,0.0019409656524658203
18086,normal,1386,0,1782358582.0841267,0.0019404888153076172
18087,normal,2599,0,1782358582.0861957,0.0020689964294433594
18088,normal,3347,1,1782358582.0881698,0.0019741058349609375
18089,normal,1079,0,1782358582.0902565,0.002086639404296875
18090,normal,1787,0,1782358582.092229,0.0019724369049072266
18091,normal,984,2,1782358582.094231,0.0020020008087158203
18092,normal,1622,0,1782358582.0962694,0.0020384788513183594
18093,normal,3314,1,1782358582.0984302,0.002160787582397461
18094,normal,2411,0,1782358582.1013086,0.002878427505493164
18095,normal,3166,1,1782358582.1023147,0.0010061264038085938
18096,normal,2065,0,1782358582.1043591,0.0020444393157958984
18097,normal,1946,0,1782358582.1062543,0.0018951892852783203
18098,normal,607,0,1782358582.108298,0.0020437240600585938
18099,normal,3581,0,1782358582.1102636,0.0019655227661132812
18100,normal,3550,0,1782358582.1122162,0.0019526481628417969
18101,normal,648,0,1782358582.1142201,0.002003908157348633
18102,normal,2829,0,1782358582.1162093,0.001989126205444336
18103,normal,890,2,1782358582.11834,0.002130746841430664
18104,normal,1766,0,1782358582.120414,0.002074003219604492
18105,normal,1192,0,1782358582.1222825,0.0018684864044189453
18106,normal,3208,1,1782358582.1242065,0.0019240379333496094
18107,normal,2557,0,1782358582.126257,0.0020503997802734375
18108,normal,444,0,1782358582.128345,0.0020880699157714844
18109,normal,97,0,1782358582.1305888,0.0022437572479248047
18110,normal,2918,0,1782358582.132579,0.0019903182983398438
18111,normal,3555,0,1782358582.134461,0.0018818378448486328
18112,normal,793,2,1782358582.1365402,0.0020792484283447266
18113,normal,1923,0,1782358582.138604,0.002063751220703125
18114,normal,1152,0,1782358582.1403382,0.0017342567443847656
18115,normal,1294,0,1782358582.142321,0.0019829273223876953
18116,normal,3149,1,1782358582.144319,0.0019979476928710938
18117,normal,1904,0,1782358582.1463337,0.002014636993408203
18118,normal,3238,1,1782358582.1485252,0.0021915435791015625
18119,normal,2830,0,1782358582.1502469,0.0017216205596923828
18120,normal,119,0,1782358582.152347,0.002100229263305664
18121,normal,2377,0,1782358582.1542346,0.0018875598907470703
18122,normal,853,2,1782358582.156351,0.0021164417266845703
18123,normal,206,0,1782358582.158356,0.002004861831665039
18124,normal,1595,0,1782358582.1610262,0.0026702880859375
18125,normal,2673,0,1782358582.1624055,0.001379251480102539
18126,normal,3016,0,1782358582.1646175,0.002212047576904297
18127,normal,1881,0,1782358582.166276,0.0016584396362304688
18128,normal,1839,0,1782358582.1683621,0.002086162567138672
18129,normal,2099,0,1782358582.170351,0.0019888877868652344
18130,normal,1615,0,1782358582.172223,0.0018720626831054688
18131,normal,371,0,1782358582.1744716,0.002248525619506836
18132,normal,1070,0,1782358582.176844,0.002372264862060547
18133,normal,1800,0,1782358582.1784184,0.0015745162963867188
18134,normal,262,0,1782358582.1805627,0.002144336700439453
18135,normal,841,2,1782358582.1828878,0.0023250579833984375
18136,normal,2661,0,1782358582.1842332,0.0013453960418701172
18137,normal,989,2,1782358582.1863544,0.0021212100982666016
18138,normal,71,0,1782358582.1882734,0.0019190311431884766
18139,normal,705,0,1782358582.190179,0.001905679702758789
18140,normal,3396,1,1782358582.1921818,0.002002716064453125
18141,normal,2951,0,1782358582.195096,0.0029141902923583984
18142,normal,3082,1,1782358582.1966465,0.001550436019897461
18143,normal,733,0,1782358582.1992805,0.0026340484619140625
18144,normal,2303,0,1782358582.2006593,0.001378774642944336
18145,normal,3219,1,1782358582.2028418,0.002182483673095703
18146,normal,2521,0,1782358582.2044332,0.0015914440155029297
18147,normal,160,0,1782358582.2066343,0.002201080322265625
18148,normal,2572,0,1782358582.2090418,0.002407550811767578
18149,normal,3338,1,1782358582.2104478,0.001405954360961914
18150,normal,1171,0,1782358582.2122984,0.0018506050109863281
18151,normal,305,0,1782358582.214253,0.0019545555114746094
18152,normal,1935,0,1782358582.2161982,0.0019452571868896484
18153,normal,3538,0,1782358582.2183433,0.002145051956176758
18154,normal,2812,0,1782358582.220418,0.002074718475341797
18155,normal,2856,0,1782358582.2222536,0.0018355846405029297
18156,normal,2120,0,1782358582.2244709,0.0022172927856445312
18157,normal,393,0,1782358582.2263107,0.0018398761749267578
18158,normal,3076,1,1782358582.228381,0.002070188522338867
18159,normal,2256,0,1782358582.2305777,0.002196788787841797
18160,normal,2497,0,1782358582.2323563,0.0017786026000976562
18161,normal,3451,0,1782358582.23445,0.002093791961669922
18162,normal,3036,0,1782358582.236467,0.002016782760620117
18163,normal,3041,0,1782358582.2385676,0.002100706100463867
18164,normal,2445,0,1782358582.24034,0.0017724037170410156
18165,normal,43,0,1782358582.2423017,0.0019617080688476562
18166,normal,1035,0,1782358582.2443604,0.002058744430541992
18167,normal,2908,0,1782358582.2462947,0.0019342899322509766
18168,normal,706,0,1782358582.248472,0.0021772384643554688
18169,normal,2341,0,1782358582.2504046,0.0019326210021972656
18170,normal,2145,0,1782358582.2522776,0.001873016357421875
18171,normal,3513,0,1782358582.254271,0.001993417739868164
18172,normal,3518,0,1782358582.2563188,0.0020477771759033203
18173,normal,185,0,1782358582.2583346,0.002015829086303711
18174,normal,535,0,1782358582.2603412,0.00200653076171875
18175,normal,3391,1,1782358582.2622437,0.0019025802612304688
18176,normal,1948,0,1782358582.264245,0.0020012855529785156
18177,normal,3571,0,1782358582.2664175,0.0021724700927734375
18178,normal,1188,0,1782358582.2683616,0.0019440650939941406
18179,normal,2250,0,1782358582.2702408,0.0018792152404785156
18180,normal,56,0,1782358582.2723556,0.0021147727966308594
18181,normal,1874,0,1782358582.274428,0.0020723342895507812
18182,normal,340,0,1782358582.2762043,0.0017764568328857422
18183,normal,775,2,1782358582.2783484,0.0021440982818603516
18184,normal,321,0,1782358582.2803843,0.002035856246948242
18185,normal,2368,0,1782358582.2822645,0.0018801689147949219
18186,normal,282,0,1782358582.2844043,0.0021398067474365234
18187,normal,582,0,1782358582.2862966,0.0018923282623291016
18188,normal,1582,0,1782358582.288309,0.002012491226196289
18189,normal,3033,0,1782358582.2905602,0.002251148223876953
18190,normal,2159,0,1782358582.2925146,0.001954317092895508
18191,normal,3247,1,1782358582.2944837,0.0019690990447998047
18192,normal,2112,0,1782358582.2964723,0.001988649368286133
18193,normal,2803,0,1782358582.2984755,0.002003192901611328
18194,normal,3603,0,1782358582.300242,0.0017664432525634766
18195,normal,1970,0,1782358582.3023775,0.0021355152130126953
18196,normal,1036,0,1782358582.304256,0.001878499984741211
18197,normal,126,0,1782358582.3062692,0.0020132064819335938
18198,normal,1429,0,1782358582.3084583,0.002189159393310547
18199,normal,1057,0,1782358582.310273,0.0018146038055419922
18200,normal,577,0,1782358582.3121831,0.0019102096557617188
18201,normal,656,0,1782358582.3143227,0.002139568328857422
18202,normal,1218,0,1782358582.3162303,0.0019075870513916016
18203,normal,466,0,1782358582.3183734,0.0021431446075439453
18204,normal,351,0,1782358582.3202302,0.0018568038940429688
18205,normal,599,0,1782358582.322644,0.0024137496948242188
18206,normal,1010,2,1782358582.324398,0.0017540454864501953
18207,normal,220,0,1782358582.3264978,0.002099752426147461
18208,normal,634,0,1782358582.3287566,0.002258777618408203
18209,normal,442,0,1782358582.330347,0.0015904903411865234
18210,normal,3138,1,1782358582.3322837,0.0019366741180419922
18211,normal,2635,0,1782358582.3344169,0.0021331310272216797
18212,normal,934,2,1782358582.3363583,0.0019414424896240234
18213,normal,132,0,1782358582.3381898,0.0018315315246582031
18214,normal,2818,0,1782358582.3403656,0.0021758079528808594
18215,normal,2203,0,1782358582.3423998,0.0020341873168945312
18216,normal,27,0,1782358582.3442338,0.0018339157104492188
18217,normal,885,2,1782358582.3464344,0.002200603485107422
18218,normal,153,0,1782358582.348341,0.0019066333770751953
18219,normal,1220,0,1782358582.3502145,0.0018734931945800781
18220,normal,3105,1,1782358582.3522432,0.0020287036895751953
18221,normal,1096,0,1782358582.3541949,0.0019516944885253906
18222,normal,691,0,1782358582.356219,0.0020241737365722656
18223,normal,58,0,1782358582.358178,0.0019588470458984375
18224,normal,3121,1,1782358582.3609207,0.002742767333984375
18225,normal,1993,0,1782358582.3625004,0.0015797615051269531
18226,normal,238,0,1782358582.3641825,0.0016820430755615234
18227,normal,2180,0,1782358582.3662448,0.0020623207092285156
18228,normal,3117,1,1782358582.3682303,0.0019855499267578125
18229,normal,3125,1,1782358582.3705652,0.0023348331451416016
18230,normal,326,0,1782358582.3723392,0.0017740726470947266
18231,normal,3328,1,1782358582.3744972,0.002157926559448242
18232,normal,2349,0,1782358582.376529,0.0020318031311035156
18233,normal,584,0,1782358582.3783386,0.0018095970153808594
18234,normal,3115,1,1782358582.3802414,0.0019028186798095703
18235,normal,3483,0,1782358582.382252,0.0020105838775634766
18236,normal,3608,0,1782358582.3841949,0.0019428730010986328
18237,normal,2555,0,1782358582.38622,0.002025127410888672
18238,normal,1498,0,1782358582.388317,0.0020971298217773438
18239,normal,860,2,1782358582.3909352,0.002618074417114258
18240,normal,2768,0,1782358582.3925757,0.0016405582427978516
18241,normal,734,0,1782358582.3943672,0.0017914772033691406
18242,normal,1547,0,1782358582.3962753,0.0019080638885498047
18243,normal,1391,0,1782358582.3983955,0.0021202564239501953
18244,normal,1431,0,1782358582.400525,0.0021295547485351562
18245,normal,1017,2,1782358582.4023077,0.0017826557159423828
18246,normal,1174,0,1782358582.4043055,0.001997709274291992
18247,normal,299,0,1782358582.4066522,0.0023467540740966797
18248,normal,730,0,1782358582.4090037,0.002351522445678711
18249,normal,328,0,1782358582.4102962,0.0012924671173095703
18250,normal,1311,0,1782358582.4123592,0.0020630359649658203
18251,normal,2462,0,1782358582.4144387,0.002079486846923828
18252,normal,1966,0,1782358582.416456,0.0020172595977783203
18253,normal,146,0,1782358582.4182231,0.0017671585083007812
18254,normal,3449,0,1782358582.4203112,0.0020880699157714844
18255,normal,2928,0,1782358582.42239,0.0020787715911865234
18256,normal,367,0,1782358582.4242156,0.001825571060180664
18257,normal,508,0,1782358582.4263678,0.0021522045135498047
18258,normal,1975,0,1782358582.428231,0.001863241195678711
18259,normal,2185,0,1782358582.4304307,0.0021996498107910156
18260,normal,3118,1,1782358582.4323044,0.0018737316131591797
18261,normal,2122,0,1782358582.4344947,0.0021903514862060547
18262,normal,905,2,1782358582.4364817,0.001986980438232422
18263,normal,539,0,1782358582.438297,0.0018153190612792969
18264,normal,3578,0,1782358582.4404793,0.0021822452545166016
18265,normal,1144,0,1782358582.4425042,0.0020248889923095703
18266,normal,3423,0,1782358582.4443169,0.0018126964569091797
18267,normal,1469,0,1782358582.446395,0.0020780563354492188
18268,normal,3011,0,1782358582.4484065,0.002011537551879883
18269,normal,970,2,1782358582.4502914,0.0018849372863769531
18270,normal,263,0,1782358582.45247,0.002178668975830078
18271,normal,1060,0,1782358582.4543128,0.0018427371978759766
18272,normal,3443,0,1782358582.456204,0.0018911361694335938
18273,normal,632,0,1782358582.458389,0.0021851062774658203
18274,normal,657,0,1782358582.4602268,0.0018377304077148438
18275,normal,3510,0,1782358582.4622228,0.0019960403442382812
18276,normal,1952,0,1782358582.464382,0.00215911865234375
18277,normal,1947,0,1782358582.4662547,0.0018727779388427734
18278,normal,413,0,1782358582.4682398,0.0019850730895996094
18279,normal,177,0,1782358582.4705374,0.002297639846801758
18280,normal,950,2,1782358582.4722855,0.0017480850219726562
18281,normal,986,2,1782358582.4742312,0.0019457340240478516
18282,normal,64,0,1782358582.4765017,0.0022704601287841797
18283,normal,36,0,1782358582.4782078,0.0017061233520507812
18284,normal,699,0,1782358582.4803505,0.002142667770385742
18285,normal,168,0,1782358582.482207,0.0018565654754638672
18286,normal,3657,0,1782358582.4843569,0.002149820327758789
18287,normal,2077,0,1782358582.4862807,0.0019237995147705078
18288,normal,164,0,1782358582.4884462,0.002165555953979492
18289,normal,1925,0,1782358582.490389,0.0019428730010986328
18290,normal,1811,0,1782358582.4924006,0.002011537551879883
18291,normal,1535,0,1782358582.4943683,0.0019676685333251953
18292,normal,810,2,1782358582.496415,0.0020465850830078125
18293,normal,923,2,1782358582.4983406,0.0019257068634033203
18294,normal,2804,0,1782358582.5003114,0.0019707679748535156
18295,normal,846,2,1782358582.5024095,0.00209808349609375
18296,normal,41,0,1782358582.5042257,0.0018162727355957031
18297,normal,2631,0,1782358582.5068052,0.0025794506072998047
18298,normal,798,2,1782358582.5083835,0.0015783309936523438
18299,normal,2087,0,1782358582.5102127,0.0018291473388671875
18300,normal,877,2,1782358582.5123532,0.002140522003173828
18301,normal,3087,1,1782358582.5143943,0.0020411014556884766
18302,normal,1713,0,1782358582.516282,0.0018877983093261719
18303,normal,1015,2,1782358582.518398,0.002115964889526367
18304,normal,1316,0,1782358582.5205252,0.0021271705627441406
18305,normal,2732,0,1782358582.5225205,0.0019953250885009766
18306,normal,2242,0,1782358582.524466,0.00194549560546875
18307,normal,66,0,1782358582.5267892,0.002323150634765625
18308,normal,762,0,1782358582.528509,0.0017197132110595703
18309,normal,2225,0,1782358582.5305474,0.0020384788513183594
18310,normal,911,2,1782358582.5326927,0.0021452903747558594
18311,normal,1634,0,1782358582.5343075,0.0016148090362548828
18312,normal,616,0,1782358582.5363407,0.002033233642578125
18313,normal,619,0,1782358582.5382106,0.0018699169158935547
18314,normal,1318,0,1782358582.540437,0.0022263526916503906
18315,normal,3111,1,1782358582.5421963,0.0017592906951904297
18316,normal,3093,1,1782358582.5443802,0.0021839141845703125
18317,normal,881,2,1782358582.546333,0.0019528865814208984
18318,normal,2580,0,1782358582.548177,0.0018439292907714844
18319,normal,149,0,1782358582.5505066,0.002329587936401367
18320,normal,2710,0,1782358582.552175,0.0016684532165527344
18321,normal,3242,1,1782358582.554314,0.002138853073120117
18322,normal,551,0,1782358582.556184,0.0018701553344726562
18323,normal,136,0,1782358582.5584452,0.0022611618041992188
18324,normal,2931,0,1782358582.5604403,0.001995086669921875
18325,normal,1321,1,1782358582.5626163,0.002176046371459961
18326,normal,828,2,1782358582.5647383,0.0021219253540039062
18327,normal,10,0,1782358582.5667613,0.002022981643676758
18328,normal,129,0,1782358582.568415,0.0016536712646484375
18329,normal,3260,1,1782358582.5704596,0.002044677734375
18330,normal,3027,0,1782358582.572413,0.0019533634185791016
18331,normal,2235,0,1782358582.5742147,0.0018017292022705078
18332,normal,3485,0,1782358582.576364,0.002149343490600586
18333,normal,1126,0,1782358582.5782866,0.001922607421875
18334,normal,2883,0,1782358582.580777,0.0024902820587158203
18335,normal,736,0,1782358582.582385,0.001608133316040039
18336,normal,432,0,1782358582.5846233,0.0022382736206054688
18337,normal,2109,0,1782358582.5862348,0.001611471176147461
18338,normal,945,2,1782358582.5883718,0.0021369457244873047
18339,normal,522,0,1782358582.5902257,0.00185394287109375
18340,normal,103,0,1782358582.5923746,0.002148866653442383
18341,normal,489,0,1782358582.594243,0.0018684864044189453
18342,normal,1243,0,1782358582.596357,0.0021140575408935547
18343,normal,588,0,1782358582.598222,0.0018649101257324219
18344,normal,2924,0,1782358582.6003695,0.0021474361419677734
18345,normal,2389,0,1782358582.6022055,0.0018360614776611328
18346,normal,175,0,1782358582.6043584,0.0021529197692871094
18347,normal,54,0,1782358582.6063125,0.0019540786743164062
18348,normal,237,0,1782358582.6086292,0.002316713333129883
18349,normal,3465,0,1782358582.610603,0.001973867416381836
18350,normal,3632,0,1782358582.612648,0.0020449161529541016
18351,normal,2658,0,1782358582.6144621,0.001814126968383789
18352,normal,2163,0,1782358582.6166933,0.002231121063232422
18353,normal,1544,0,1782358582.6183527,0.001659393310546875
18354,normal,2224,0,1782358582.620336,0.0019834041595458984
18355,normal,2006,0,1782358582.6223218,0.001985788345336914
18356,normal,2640,0,1782358582.624302,0.0019800662994384766
18357,normal,410,0,1782358582.626462,0.0021600723266601562
18358,normal,3150,1,1782358582.628551,0.0020890235900878906
18359,normal,2934,0,1782358582.6305275,0.001976490020751953
18360,normal,2137,0,1782358582.6325507,0.0020232200622558594
18361,normal,3356,1,1782358582.6344728,0.0019221305847167969
18362,normal,1007,2,1782358582.6364303,0.001957416534423828
18363,normal,1757,0,1782358582.638287,0.0018568038940429688
18364,normal,2678,0,1782358582.640576,0.002288818359375
18365,normal,2772,0,1782358582.6424282,0.001852273941040039
18366,normal,3092,1,1782358582.6444209,0.0019927024841308594
18367,normal,2128,0,1782358582.6468136,0.0023927688598632812
18368,normal,3071,1,1782358582.6483648,0.0015511512756347656
18369,normal,2214,0,1782358582.6504304,0.0020656585693359375
18370,normal,2161,0,1782358582.6523023,0.0018718242645263672
18371,normal,2391,0,1782358582.654296,0.0019936561584472656
18372,normal,1083,0,1782358582.6564941,0.0021982192993164062
18373,normal,1790,0,1782358582.6583579,0.001863718032836914
18374,normal,352,0,1782358582.6606505,0.002292633056640625
18375,normal,2162,0,1782358582.662396,0.001745462417602539
18376,normal,2350,0,1782358582.6643808,0.001984834671020508
18377,normal,3436,0,1782358582.6663377,0.001956939697265625
18378,normal,1561,0,1782358582.6683517,0.0020139217376708984
18379,normal,891,2,1782358582.6703908,0.002039194107055664
18380,normal,1480,0,1782358582.6722069,0.0018160343170166016
18381,normal,1098,0,1782358582.6743915,0.002184629440307617
18382,normal,3658,0,1782358582.676379,0.001987457275390625
18383,normal,672,0,1782358582.6783633,0.0019843578338623047
18384,normal,809,2,1782358582.6803403,0.0019769668579101562
18385,normal,1639,0,1782358582.68234,0.0019996166229248047
18386,normal,851,2,1782358582.684241,0.0019011497497558594
18387,normal,1383,0,1782358582.68641,0.002168893814086914
18388,normal,3409,0,1782358582.688238,0.0018279552459716797
18389,normal,1741,0,1782358582.6902304,0.001992464065551758
18390,normal,315,0,1782358582.6923745,0.0021440982818603516
18391,normal,210,0,1782358582.69422,0.0018455982208251953
18392,normal,2910,0,1782358582.696357,0.0021369457244873047
18393,normal,652,0,1782358582.6982138,0.0018568038940429688
18394,normal,1829,0,1782358582.7003973,0.0021834373474121094
18395,normal,709,0,1782358582.7022939,0.0018966197967529297
18396,normal,1307,0,1782358582.7047524,0.0024585723876953125
18397,normal,2965,0,1782358582.7063956,0.0016431808471679688
18398,normal,2268,0,1782358582.7082868,0.0018911361694335938
18399,normal,1648,0,1782358582.7104003,0.0021135807037353516
18400,normal,2416,0,1782358582.712236,0.0018355846405029297
18401,normal,1915,0,1782358582.7142181,0.0019822120666503906
18402,normal,2506,0,1782358582.7163556,0.002137422561645508
18403,normal,1888,0,1782358582.7182007,0.0018451213836669922
18404,normal,3467,0,1782358582.7203567,0.0021560192108154297
18405,normal,1743,0,1782358582.7222295,0.0018727779388427734
18406,normal,2033,0,1782358582.724581,0.002351522445678711
18407,normal,963,2,1782358582.7267241,0.0021431446075439453
18408,normal,1868,0,1782358582.7283752,0.0016510486602783203
18409,normal,3144,1,1782358582.7304254,0.002050161361694336
18410,normal,879,2,1782358582.7324128,0.001987457275390625
18411,normal,1065,0,1782358582.7343898,0.0019769668579101562
18412,normal,1338,1,1782358582.7365458,0.0021560192108154297
18413,normal,2696,0,1782358582.738293,0.00174713134765625
18414,normal,1075,0,1782358582.7404735,0.0021805763244628906
18415,normal,2690,0,1782358582.7424462,0.001972675323486328
18416,normal,308,0,1782358582.7443044,0.0018582344055175781
18417,normal,1019,2,1782358582.7464883,0.0021839141845703125
18418,normal,784,2,1782358582.7483244,0.0018360614776611328
18419,normal,1522,0,1782358582.7502317,0.0019073486328125
18420,normal,264,0,1782358582.7524018,0.002170085906982422
18421,normal,2799,0,1782358582.754824,0.0024220943450927734
18422,normal,2116,0,1782358582.7563574,0.00153350830078125
18423,normal,2751,0,1782358582.7585382,0.002180814743041992
18424,normal,398,0,1782358582.7602918,0.0017535686492919922
18425,normal,1024,2,1782358582.7622597,0.001967906951904297
18426,normal,2071,0,1782358582.7645261,0.002266407012939453
18427,normal,673,0,1782358582.7667136,0.002187490463256836
18428,normal,2917,0,1782358582.768905,0.002191305160522461
18429,normal,2438,0,1782358582.770279,0.0013740062713623047
18430,normal,195,0,1782358582.772599,0.0023200511932373047
18431,normal,1353,1,1782358582.774208,0.0016090869903564453
18432,normal,1495,0,1782358582.7763648,0.0021567344665527344
18433,normal,615,0,1782358582.7784722,0.002107381820678711
18434,normal,281,0,1782358582.780187,0.0017147064208984375
18435,normal,125,0,1782358582.7823439,0.002156972885131836
18436,normal,2724,0,1782358582.7846303,0.0022864341735839844
18437,normal,3619,0,1782358582.786286,0.0016558170318603516
18438,normal,2903,0,1782358582.7883942,0.0021080970764160156
18439,normal,62,0,1782358582.7908478,0.0024535655975341797
18440,normal,117,0,1782358582.7923133,0.0014655590057373047
18441,normal,2344,0,1782358582.79443,0.002116680145263672
18442,normal,2515,0,1782358582.79662,0.0021898746490478516
18443,normal,427,0,1782358582.7982314,0.001611471176147461
18444,normal,2192,0,1782358582.8005474,0.002315998077392578
18445,normal,145,0,1782358582.8027875,0.0022401809692382812
18446,normal,3172,1,1782358582.8050568,0.002269268035888672
18447,normal,1838,0,1782358582.8065162,0.001459360122680664
18448,normal,37,0,1782358582.8089383,0.0024220943450927734
18449,normal,3068,1,1782358582.810786,0.0018477439880371094
18450,normal,1999,0,1782358582.8123515,0.0015654563903808594
18451,normal,3088,1,1782358582.8148313,0.0024797916412353516
18452,normal,1657,0,1782358582.8164175,0.0015861988067626953
18453,normal,3185,1,1782358582.818197,0.0017795562744140625
18454,normal,1125,0,1782358582.8203511,0.002154111862182617
18455,normal,1380,1,1782358582.822197,0.0018458366394042969
18456,normal,2383,0,1782358582.824355,0.002157926559448242
18457,normal,867,2,1782358582.8262434,0.0018885135650634766
18458,normal,1396,0,1782358582.8282745,0.002031087875366211
18459,normal,1201,0,1782358582.8302739,0.001999378204345703
18460,normal,1724,0,1782358582.8322225,0.0019485950469970703
18461,normal,3269,1,1782358582.834652,0.002429485321044922
18462,normal,2978,0,1782358582.8370535,0.002401590347290039
18463,normal,1549,0,1782358582.8382285,0.0011749267578125
18464,normal,3408,0,1782358582.8402073,0.0019788742065429688
18465,normal,3252,1,1782358582.8425379,0.0023305416107177734
18466,normal,2787,0,1782358582.844503,0.001965045928955078
18467,normal,2403,0,1782358582.8462925,0.0017895698547363281
18468,normal,3529,0,1782358582.848568,0.0022754669189453125
18469,normal,91,0,1782358582.850483,0.00191497802734375
18470,normal,437,0,1782358582.8521993,0.0017163753509521484
18471,normal,1281,0,1782358582.8543837,0.0021843910217285156
18472,normal,2048,0,1782358582.8562806,0.0018968582153320312
18473,normal,2626,0,1782358582.858269,0.0019884109497070312
18474,normal,542,0,1782358582.8604457,0.0021767616271972656
18475,normal,454,0,1782358582.862264,0.0018181800842285156
18476,normal,3302,1,1782358582.8642092,0.0019452571868896484
18477,normal,447,0,1782358582.8663716,0.002162456512451172
18478,normal,605,0,1782358582.868209,0.0018372535705566406
18479,normal,2324,0,1782358582.870397,0.0021882057189941406
18480,normal,3017,0,1782358582.8723009,0.0019037723541259766
18481,normal,1728,0,1782358582.874408,0.0021071434020996094
18482,normal,949,2,1782358582.8763218,0.0019137859344482422
18483,normal,3275,1,1782358582.8782835,0.0019617080688476562
18484,normal,1760,0,1782358582.8801565,0.001873016357421875
18485,normal,3201,1,1782358582.8822594,0.0021028518676757812
18486,normal,1148,0,1782358582.884269,0.0020096302032470703
18487,normal,1965,0,1782358582.8863816,0.0021126270294189453
18488,normal,73,0,1782358582.8882756,0.0018939971923828125
18489,normal,2428,0,1782358582.890154,0.0018782615661621094
18490,normal,179,0,1782358582.8921745,0.002020597457885742
18491,normal,2708,0,1782358582.8941755,0.002001047134399414
18492,normal,2780,0,1782358582.8961666,0.0019910335540771484
18493,normal,1912,0,1782358582.8981729,0.0020062923431396484
18494,normal,1994,0,1782358582.9002297,0.0020568370819091797
18495,normal,620,0,1782358582.9022927,0.0020630359649658203
18496,normal,1722,0,1782358582.9042428,0.0019500255584716797
18497,normal,1987,0,1782358582.9062672,0.002024412155151367
18498,normal,369,0,1782358582.9082825,0.002015352249145508
18499,normal,2511,0,1782358582.9102383,0.001955747604370117
18500,normal,3668,0,1782358582.9122813,0.002043008804321289
18501,normal,1658,0,1782358582.914221,0.0019397735595703125
18502,normal,2507,0,1782358582.916241,0.0020198822021484375
18503,normal,2670,0,1782358582.9181855,0.0019445419311523438
18504,normal,3333,1,1782358582.9201965,0.0020110607147216797
18505,normal,1753,0,1782358582.922176,0.001979351043701172
18506,normal,1058,0,1782358582.9241767,0.0020008087158203125
18507,normal,2795,0,1782358582.9262989,0.002122163772583008
18508,normal,2281,0,1782358582.9283679,0.0020689964294433594
18509,normal,3173,1,1782358582.9303844,0.0020165443420410156
18510,normal,3207,1,1782358582.9323218,0.0019373893737792969
18511,normal,354,0,1782358582.9344811,0.0021593570709228516
18512,normal,1619,0,1782358582.9363873,0.0019061565399169922
18513,normal,2325,0,1782358582.9384313,0.0020439624786376953
18514,normal,971,2,1782358582.9402828,0.0018515586853027344
18515,normal,1933,0,1782358582.9425976,0.0023148059844970703
18516,normal,1694,0,1782358582.944347,0.001749277114868164
18517,normal,1457,0,1782358582.946296,0.0019490718841552734
18518,normal,2912,0,1782358582.9481382,0.0018422603607177734
18519,normal,2510,0,1782358582.950132,0.0019936561584472656
18520,normal,781,2,1782358582.9521298,0.0019979476928710938
18521,normal,983,2,1782358582.954241,0.002111196517944336
18522,normal,1135,0,1782358582.9564145,0.0021734237670898438
18523,normal,2074,0,1782358582.9582462,0.0018317699432373047
18524,normal,2247,0,1782358582.9602284,0.0019822120666503906
18525,normal,3683,0,1782358582.962294,0.0020656585693359375
18526,normal,1432,0,1782358582.9642775,0.0019834041595458984
18527,normal,1592,0,1782358582.9663048,0.002027273178100586
18528,normal,1581,0,1782358582.968427,0.002122163772583008
18529,normal,1404,0,1782358582.9712288,0.0028018951416015625
18530,normal,1916,0,1782358582.9726295,0.0014007091522216797
18531,normal,3599,0,1782358582.974298,0.0016684532165527344
18532,normal,429,0,1782358582.976187,0.0018889904022216797
18533,normal,1037,0,1782358582.9781947,0.002007722854614258
18534,normal,1196,0,1782358582.9801924,0.001997709274291992
18535,normal,3705,0,1782358582.9821932,0.0020008087158203125
18536,normal,2415,0,1782358582.9843214,0.002128124237060547
18537,normal,2877,0,1782358582.9864326,0.002111196517944336
18538,normal,1652,0,1782358582.9882176,0.0017850399017333984
18539,normal,1346,1,1782358582.9901843,0.001966714859008789
18540,normal,1958,0,1782358582.99218,0.0019958019256591797
18541,normal,2579,0,1782358582.9941726,0.001992464065551758
18542,normal,3488,0,1782358582.9965496,0.002377033233642578
18543,normal,2517,0,1782358582.9983351,0.0017855167388916016
18544,normal,843,2,1782358583.0012772,0.0029420852661132812
18545,normal,2052,0,1782358583.002503,0.0012257099151611328
18546,normal,2649,0,1782358583.0045598,0.0020568370819091797
18547,normal,318,0,1782358583.0062642,0.0017044544219970703
18548,normal,1472,0,1782358583.0083191,0.002054929733276367
18549,normal,3028,0,1782358583.0103571,0.0020380020141601562
18550,normal,2122,0,1782358618.5525012,0.0
18551,normal,2924,0,1782358618.5544617,0.0019605159759521484
18552,normal,715,0,1782358618.5565727,0.0021109580993652344
18553,normal,2176,0,1782358618.558528,0.001955270767211914
18554,normal,408,0,1782358618.5605443,0.002016305923461914
18555,normal,3254,1,1782358618.5624857,0.0019414424896240234
18556,normal,1957,0,1782358618.5644383,0.0019526481628417969
18557,normal,514,0,1782358618.5665298,0.0020914077758789062
18558,normal,522,0,1782358618.56866,0.002130270004272461
18559,normal,1363,1,1782358618.5704637,0.0018036365509033203
18560,normal,3691,0,1782358618.5727377,0.002274036407470703
18561,normal,526,0,1782358618.5746534,0.0019156932830810547
18562,normal,954,2,1782358618.57663,0.0019767284393310547
18563,normal,2425,0,1782358618.5785742,0.0019440650939941406
18564,normal,2121,0,1782358618.58072,0.0021457672119140625
18565,normal,2105,0,1782358618.5825374,0.001817464828491211
18566,normal,3139,1,1782358618.5847073,0.0021698474884033203
18567,normal,297,0,1782358618.586564,0.0018568038940429688
18568,normal,2308,0,1782358618.5886412,0.0020771026611328125
18569,normal,2339,0,1782358618.5907714,0.002130270004272461
18570,normal,704,0,1782358618.592691,0.0019195079803466797
18571,normal,2069,0,1782358618.5945034,0.0018124580383300781
18572,normal,1287,0,1782358618.5967307,0.002227306365966797
18573,normal,3157,1,1782358618.5985165,0.0017857551574707031
18574,normal,582,0,1782358618.6006405,0.0021240711212158203
18575,normal,3518,0,1782358618.602575,0.0019345283508300781
18576,normal,3123,1,1782358618.604685,0.002110004425048828
18577,normal,1583,0,1782358618.6065052,0.0018200874328613281
18578,normal,1124,0,1782358618.6087267,0.0022215843200683594
18579,normal,675,0,1782358618.610705,0.001978158950805664
18580,normal,1640,0,1782358618.6126566,0.0019516944885253906
18581,normal,1917,0,1782358618.6146219,0.0019652843475341797
18582,normal,928,2,1782358618.6168532,0.0022313594818115234
18583,normal,52,0,1782358618.6185334,0.001680135726928711
18584,normal,3163,1,1782358618.6208465,0.0023131370544433594
18585,normal,1245,0,1782358618.622685,0.0018384456634521484
18586,normal,2821,0,1782358618.6247149,0.002029895782470703
18587,normal,368,0,1782358618.6266296,0.0019147396087646484
18588,normal,2224,0,1782358618.6288435,0.0022139549255371094
18589,normal,3609,0,1782358618.6305282,0.0016846656799316406
18590,normal,1162,0,1782358618.6327486,0.0022203922271728516
18591,normal,387,0,1782358618.634868,0.002119302749633789
18592,normal,3676,0,1782358618.636519,0.0016510486602783203
18593,normal,2508,0,1782358618.6388311,0.002312183380126953
18594,normal,1835,0,1782358618.6406496,0.0018184185028076172
18595,normal,3618,0,1782358618.642731,0.0020813941955566406
18596,normal,1903,0,1782358618.644517,0.0017859935760498047
18597,normal,2307,0,1782358618.6468463,0.0023293495178222656
18598,normal,826,2,1782358618.6485105,0.0016641616821289062
18599,normal,1117,0,1782358618.650756,0.0022454261779785156
18600,normal,2098,0,1782358618.652763,0.002007007598876953
18601,normal,2660,0,1782358618.6545627,0.0017998218536376953
18602,normal,3643,0,1782358618.6567364,0.0021736621856689453
18603,normal,1442,0,1782358618.6587465,0.0020101070404052734
18604,normal,508,0,1782358618.6605122,0.0017657279968261719
18605,normal,1497,0,1782358618.6627626,0.0022504329681396484
18606,normal,2090,0,1782358618.6647515,0.0019888877868652344
18607,normal,452,0,1782358618.6665623,0.0018107891082763672
18608,normal,3036,0,1782358618.668744,0.0021817684173583984
18609,normal,103,0,1782358618.6707463,0.002002239227294922
18610,normal,1191,0,1782358618.6725569,0.0018105506896972656
18611,normal,3514,0,1782358618.6747973,0.002240419387817383
18612,normal,1707,0,1782358618.6767497,0.0019524097442626953
18613,normal,3521,0,1782358618.6785634,0.001813650131225586
18614,normal,2149,0,1782358618.68054,0.0019767284393310547
18615,normal,2255,0,1782358618.6827476,0.002207517623901367
18616,normal,1318,0,1782358618.6845388,0.001791238784790039
18617,normal,1455,0,1782358618.6867635,0.0022246837615966797
18618,normal,912,2,1782358618.6887512,0.0019876956939697266
18619,normal,1900,0,1782358618.6908135,0.0020623207092285156
18620,normal,3560,0,1782358618.6925359,0.0017223358154296875
18621,normal,440,0,1782358618.6947427,0.0022068023681640625
18622,normal,2143,0,1782358618.696566,0.00182342529296875
18623,normal,3451,0,1782358618.698756,0.0021898746490478516
18624,normal,736,0,1782358618.7007506,0.001994609832763672
18625,normal,2329,0,1782358618.7024996,0.0017490386962890625
18626,normal,3346,1,1782358618.7047536,0.002254009246826172
18627,normal,1051,0,1782358618.706752,0.001998424530029297
18628,normal,2055,0,1782358618.7085404,0.0017883777618408203
18629,normal,2418,0,1782358618.7107613,0.0022208690643310547
18630,normal,3569,0,1782358618.7127554,0.0019941329956054688
18631,normal,33,0,1782358618.714502,0.0017466545104980469
18632,normal,2284,0,1782358618.7167485,0.002246379852294922
18633,normal,3573,0,1782358618.718765,0.0020165443420410156
18634,normal,3266,1,1782358618.720514,0.0017490386962890625
18635,normal,2918,0,1782358618.722751,0.0022368431091308594
18636,normal,1470,0,1782358618.7247546,0.0020036697387695312
18637,normal,1981,0,1782358618.726541,0.0017864704132080078
18638,normal,916,2,1782358618.728773,0.002232074737548828
18639,normal,1942,0,1782358618.7307448,0.001971721649169922
18640,normal,1544,0,1782358618.7325077,0.0017628669738769531
18641,normal,1559,0,1782358618.734764,0.0022563934326171875
18642,normal,1902,0,1782358618.736755,0.001990795135498047
18643,normal,2949,0,1782358618.738546,0.0017910003662109375
18644,normal,543,0,1782358618.7407074,0.0021615028381347656
18645,normal,220,0,1782358618.7426467,0.0019392967224121094
18646,normal,1730,0,1782358618.7445107,0.0018639564514160156
18647,normal,2246,0,1782358618.746442,0.0019314289093017578
18648,normal,1007,2,1782358618.7484593,0.0020172595977783203
18649,normal,260,0,1782358618.7504475,0.0019881725311279297
18650,normal,1643,0,1782358618.7524772,0.0020296573638916016
18651,normal,2231,0,1782358618.7544672,0.001990079879760742
18652,normal,2939,0,1782358618.756454,0.0019867420196533203
18653,normal,1096,0,1782358618.7584412,0.0019872188568115234
18654,normal,156,0,1782358618.760464,0.0020227432250976562
18655,normal,989,2,1782358618.762434,0.001970052719116211
18656,normal,1781,0,1782358618.7644541,0.002020120620727539
18657,normal,120,0,1782358618.7664628,0.002008676528930664
18658,normal,3622,0,1782358618.7684357,0.0019729137420654297
18659,normal,2973,0,1782358618.7704992,0.0020635128021240234
18660,normal,2063,0,1782358618.7725117,0.002012491226196289
18661,normal,2842,0,1782358618.7745447,0.0020329952239990234
18662,normal,2198,0,1782358618.776505,0.001960277557373047
18663,normal,1978,0,1782358618.778606,0.0021009445190429688
18664,normal,3392,1,1782358618.7804935,0.0018875598907470703
18665,normal,3278,1,1782358618.7825449,0.0020513534545898438
18666,normal,1792,0,1782358618.7846425,0.002097606658935547
18667,normal,2080,0,1782358618.786465,0.0018224716186523438
18668,normal,1757,0,1782358618.7885456,0.002080678939819336
18669,normal,1577,0,1782358618.7906396,0.0020940303802490234
18670,normal,3595,0,1782358618.7924683,0.0018286705017089844
18671,normal,2029,0,1782358618.794546,0.0020775794982910156
18672,normal,920,2,1782358618.796632,0.002086162567138672
18673,normal,1327,1,1782358618.7985032,0.0018711090087890625
18674,normal,2338,0,1782358618.8005612,0.0020580291748046875
18675,normal,1211,0,1782358618.802637,0.0020759105682373047
18676,normal,31,0,1782358618.8044934,0.0018563270568847656
18677,normal,79,0,1782358618.806555,0.002061605453491211
18678,normal,1632,0,1782358618.8086936,0.0021386146545410156
18679,normal,1646,0,1782358618.8104987,0.0018050670623779297
18680,normal,892,2,1782358618.8125546,0.0020558834075927734
18681,normal,53,0,1782358618.8146877,0.0021331310272216797
18682,normal,2994,0,1782358618.8164973,0.0018095970153808594
18683,normal,2874,0,1782358618.8185575,0.0020601749420166016
18684,normal,1594,0,1782358618.8206959,0.002138376235961914
18685,normal,3692,0,1782358618.8225052,0.0018093585968017578
18686,normal,2712,0,1782358618.8245597,0.002054452896118164
18687,normal,3661,0,1782358618.8267047,0.002145051956176758
18688,normal,810,2,1782358618.828505,0.0018002986907958984
18689,normal,746,0,1782358618.8305748,0.002069711685180664
18690,normal,3046,1,1782358618.832684,0.0021092891693115234
18691,normal,1645,0,1782358618.8345058,0.001821756362915039
18692,normal,467,0,1782358618.836566,0.0020601749420166016
18693,normal,2136,0,1782358618.8386796,0.0021135807037353516
18694,normal,1500,0,1782358618.840506,0.0018265247344970703
18695,normal,1613,0,1782358618.8425665,0.002060413360595703
18696,normal,562,0,1782358618.8446784,0.0021119117736816406
18697,normal,3291,1,1782358618.8465073,0.001828908920288086
18698,normal,1434,0,1782358618.8485658,0.0020585060119628906
18699,normal,557,0,1782358618.8506806,0.0021147727966308594
18700,normal,1674,0,1782358618.8525043,0.0018236637115478516
18701,normal,2302,0,1782358618.8545723,0.002068042755126953
18702,normal,1883,0,1782358618.8567111,0.002138853073120117
18703,normal,262,0,1782358618.8585086,0.0017974376678466797
18704,normal,2685,0,1782358618.860586,0.002077341079711914
18705,normal,1865,0,1782358618.8626857,0.002099752426147461
18706,normal,3100,1,1782358618.8645074,0.001821756362915039
18707,normal,1525,0,1782358618.8665884,0.0020809173583984375
18708,normal,1850,0,1782358618.8686855,0.0020971298217773438
18709,normal,2824,0,1782358618.8705094,0.0018239021301269531
18710,normal,1831,0,1782358618.8725805,0.0020711421966552734
18711,normal,2579,0,1782358618.874687,0.0021064281463623047
18712,normal,2350,0,1782358618.8765364,0.0018494129180908203
18713,normal,2566,0,1782358618.8785803,0.0020439624786376953
18714,normal,710,0,1782358618.8806877,0.002107381820678711
18715,normal,1988,0,1782358618.882505,0.0018172264099121094
18716,normal,3478,0,1782358618.8844957,0.001990795135498047
18717,normal,788,2,1782358618.886687,0.002191305160522461
18718,normal,2789,0,1782358618.8885067,0.001819610595703125
18719,normal,1967,0,1782358618.8904877,0.001981019973754883
18720,normal,43,0,1782358618.8926864,0.0021986961364746094
18721,normal,666,0,1782358618.8945067,0.0018203258514404297
18722,normal,2312,0,1782358618.8964891,0.001982450485229492
18723,normal,2219,0,1782358618.898687,0.002197742462158203
18724,normal,2546,0,1782358618.9005072,0.0018203258514404297
18725,normal,3555,0,1782358618.9024918,0.0019845962524414062
18726,normal,1123,0,1782358618.9046888,0.0021970272064208984
18727,normal,2101,0,1782358618.906505,0.0018162727355957031
18728,normal,2594,0,1782358618.9084947,0.001989603042602539
18729,normal,2315,0,1782358618.9107594,0.002264738082885742
18730,normal,115,0,1782358618.9126806,0.0019211769104003906
18731,normal,2967,0,1782358618.9145544,0.0018737316131591797
18732,normal,1654,0,1782358618.916659,0.0021047592163085938
18733,normal,3040,0,1782358618.9185047,0.0018455982208251953
18734,normal,2724,0,1782358618.9205387,0.0020339488983154297
18735,normal,1756,0,1782358618.9225132,0.0019745826721191406
18736,normal,377,0,1782358618.924458,0.0019447803497314453
18737,normal,3235,1,1782358618.9264827,0.0020246505737304688
18738,normal,1095,0,1782358618.9286237,0.0021409988403320312
18739,normal,1897,0,1782358618.9310284,0.0024046897888183594
18740,normal,2182,0,1782358618.9325936,0.0015652179718017578
18741,normal,2599,0,1782358618.9346168,0.0020232200622558594
18742,normal,350,0,1782358618.9366264,0.0020096302032470703
18743,normal,1193,0,1782358618.9384599,0.0018334388732910156
18744,normal,2368,0,1782358618.9405694,0.002109527587890625
18745,normal,3326,1,1782358618.9425347,0.0019652843475341797
18746,normal,2925,0,1782358618.9445636,0.002028942108154297
18747,normal,708,0,1782358618.9465652,0.002001523971557617
18748,normal,13,0,1782358618.948644,0.0020787715911865234
18749,normal,2555,0,1782358618.9505825,0.0019385814666748047
18750,normal,641,0,1782358618.9525614,0.0019788742065429688
18751,normal,1075,0,1782358618.9545448,0.0019834041595458984
18752,normal,2725,0,1782358618.9565496,0.002004861831665039
18753,normal,2213,0,1782358618.9585907,0.0020411014556884766
18754,normal,2985,0,1782358618.9606137,0.002022981643676758
18755,normal,351,0,1782358618.962597,0.001983165740966797
18756,normal,798,2,1782358618.9646168,0.0020198822021484375
18757,normal,250,0,1782358618.9665003,0.0018835067749023438
18758,normal,2000,0,1782358618.9685628,0.002062559127807617
18759,normal,580,0,1782358618.9705014,0.0019385814666748047
18760,normal,3252,1,1782358618.9724846,0.001983165740966797
18761,normal,3653,0,1782358618.9745784,0.002093791961669922
18762,normal,718,0,1782358618.9767551,0.0021767616271972656
18763,normal,11,0,1782358618.9786325,0.0018773078918457031
18764,normal,927,2,1782358618.980643,0.0020105838775634766
18765,normal,168,0,1782358618.9828112,0.0021681785583496094
18766,normal,3111,1,1782358618.9847126,0.001901388168334961
18767,normal,253,0,1782358618.986802,0.0020895004272460938
18768,normal,3092,1,1782358618.988825,0.002022981643676758
18769,normal,2361,0,1782358618.9905818,0.0017566680908203125
18770,normal,2815,0,1782358618.9927025,0.0021207332611083984
18771,normal,894,2,1782358618.9946425,0.001940011978149414
18772,normal,801,2,1782358618.9965632,0.0019207000732421875
18773,normal,1426,0,1782358618.998647,0.0020837783813476562
18774,normal,1433,0,1782358619.0007846,0.0021376609802246094
18775,normal,3122,1,1782358619.002552,0.0017673969268798828
18776,normal,2389,0,1782358619.004633,0.0020809173583984375
18777,normal,2181,0,1782358619.0065925,0.001959562301635742
18778,normal,950,2,1782358619.0087445,0.002151966094970703
18779,normal,1306,0,1782358619.010752,0.0020074844360351562
18780,normal,3008,0,1782358619.0126967,0.0019447803497314453
18781,normal,211,0,1782358619.0146043,0.0019075870513916016
18782,normal,1954,0,1782358619.0167568,0.0021524429321289062
18783,normal,3602,0,1782358619.0186942,0.0019373893737792969
18784,normal,524,0,1782358619.0205803,0.001886129379272461
18785,normal,2084,0,1782358619.0226955,0.0021152496337890625
18786,normal,662,0,1782358619.0246947,0.0019991397857666016
18787,normal,48,0,1782358619.0268486,0.0021538734436035156
18788,normal,456,0,1782358619.0285792,0.0017306804656982422
18789,normal,1820,0,1782358619.0306864,0.0021071434020996094
18790,normal,3649,0,1782358619.0325737,0.0018873214721679688
18791,normal,635,0,1782358619.034688,0.0021142959594726562
18792,normal,958,2,1782358619.0366924,0.002004384994506836
18793,normal,1481,0,1782358619.0388777,0.002185344696044922
18794,normal,3393,1,1782358619.0406878,0.0018100738525390625
18795,normal,148,0,1782358619.0427577,0.0020699501037597656
18796,normal,3,0,1782358619.0446987,0.0019409656524658203
18797,normal,969,2,1782358619.0466046,0.0019059181213378906
18798,normal,2416,0,1782358619.048919,0.002314329147338867
18799,normal,2446,0,1782358619.050719,0.0018000602722167969
18800,normal,3679,0,1782358619.0526938,0.001974821090698242
18801,normal,2436,0,1782358619.054874,0.0021800994873046875
18802,normal,1081,0,1782358619.0570235,0.0021495819091796875
18803,normal,2852,0,1782358619.0586264,0.0016028881072998047
18804,normal,186,0,1782358619.060856,0.0022296905517578125
18805,normal,230,0,1782358619.0625541,0.0016980171203613281
18806,normal,548,0,1782358619.064748,0.002193927764892578
18807,normal,3701,0,1782358619.0667613,0.0020132064819335938
18808,normal,1679,0,1782358619.0689065,0.0021452903747558594
18809,normal,691,0,1782358619.0705981,0.001691579818725586
18810,normal,1669,0,1782358619.072705,0.002106904983520508
18811,normal,1712,0,1782358619.0745935,0.0018885135650634766
18812,normal,2485,0,1782358619.0767028,0.0021092891693115234
18813,normal,3233,1,1782358619.078702,0.0019991397857666016
18814,normal,935,2,1782358619.0805917,0.0018897056579589844
18815,normal,1598,0,1782358619.0827086,0.0021169185638427734
18816,normal,2993,0,1782358619.0847554,0.002046823501586914
18817,normal,833,2,1782358619.0866206,0.0018651485443115234
18818,normal,1204,0,1782358619.0886962,0.002075672149658203
18819,normal,1101,0,1782358619.0906935,0.001997232437133789
18820,normal,615,0,1782358619.0934637,0.0027701854705810547
18821,normal,529,0,1782358619.0947006,0.0012369155883789062
18822,normal,3631,0,1782358619.096968,0.0022673606872558594
18823,normal,2892,0,1782358619.098502,0.0015339851379394531
18824,normal,2658,0,1782358619.1007242,0.002222299575805664
18825,normal,3173,1,1782358619.102744,0.0020198822021484375
18826,normal,2477,0,1782358619.1046085,0.0018644332885742188
18827,normal,2746,0,1782358619.1067078,0.002099275588989258
18828,normal,2468,0,1782358619.108703,0.001995086669921875
18829,normal,985,2,1782358619.1105762,0.0018732547760009766
18830,normal,110,0,1782358619.1128535,0.002277374267578125
18831,normal,2944,0,1782358619.11459,0.0017364025115966797
18832,normal,2964,0,1782358619.1168041,0.002214193344116211
18833,normal,3592,0,1782358619.1187134,0.0019092559814453125
18834,normal,3689,0,1782358619.1208053,0.0020918846130371094
18835,normal,885,2,1782358619.1228774,0.0020720958709716797
18836,normal,2088,0,1782358619.124697,0.001819610595703125
18837,normal,2894,0,1782358619.1266847,0.0019876956939697266
18838,normal,1450,0,1782358619.1285791,0.0018944740295410156
18839,normal,2472,0,1782358619.13074,0.002160787582397461
18840,normal,2616,0,1782358619.1327207,0.0019807815551757812
18841,normal,896,2,1782358619.134625,0.0019042491912841797
18842,normal,2016,0,1782358619.1366858,0.0020608901977539062
18843,normal,135,0,1782358619.138696,0.0020101070404052734
18844,normal,1132,0,1782358619.1405785,0.0018825531005859375
18845,normal,2823,0,1782358619.1427953,0.002216815948486328
18846,normal,2463,0,1782358619.1451366,0.0023412704467773438
18847,normal,2883,0,1782358619.1466389,0.0015022754669189453
18848,normal,2961,0,1782358619.1485922,0.0019533634185791016
18849,normal,917,2,1782358619.1506934,0.0021011829376220703
18850,normal,3263,1,1782358619.1525922,0.0018987655639648438
18851,normal,1905,0,1782358619.154716,0.0021238327026367188
18852,normal,2791,0,1782358619.1567945,0.002078533172607422
18853,normal,2348,0,1782358619.1585991,0.0018045902252197266
18854,normal,2900,0,1782358619.16069,0.002090930938720703
18855,normal,648,0,1782358619.1626983,0.002008199691772461
18856,normal,200,0,1782358619.1645935,0.0018951892852783203
18857,normal,2922,0,1782358619.166706,0.0021126270294189453
18858,normal,353,0,1782358619.168732,0.0020258426666259766
18859,normal,951,2,1782358619.1706793,0.0019474029541015625
18860,normal,321,0,1782358619.17265,0.0019707679748535156
18861,normal,89,0,1782358619.1747344,0.0020842552185058594
18862,normal,1283,0,1782358619.1766407,0.0019063949584960938
18863,normal,1633,0,1782358619.178847,0.0022063255310058594
18864,normal,3412,0,1782358619.1807451,0.001898050308227539
18865,normal,1119,0,1782358619.1826024,0.0018572807312011719
18866,normal,758,0,1782358619.1846943,0.0020918846130371094
18867,normal,247,0,1782358619.1867523,0.0020580291748046875
18868,normal,900,2,1782358619.188793,0.0020406246185302734
18869,normal,2931,0,1782358619.1907794,0.0019865036010742188
18870,normal,3048,1,1782358619.193034,0.002254486083984375
18871,normal,3368,1,1782358619.1946204,0.0015864372253417969
18872,normal,1380,1,1782358619.196588,0.0019676685333251953
18873,normal,423,0,1782358619.1986976,0.002109527587890625
18874,normal,1800,0,1782358619.2005875,0.001889944076538086
18875,normal,1949,0,1782358619.2027082,0.0021207332611083984
18876,normal,1139,0,1782358619.204706,0.001997709274291992
18877,normal,3673,0,1782358619.206635,0.0019290447235107422
18878,normal,2893,0,1782358619.2087045,0.0020694732666015625
18879,normal,3450,0,1782358619.2107005,0.0019960403442382812
18880,normal,3269,1,1782358619.212676,0.001975536346435547
18881,normal,1662,0,1782358619.2146304,0.001954317092895508
18882,normal,2405,0,1782358619.216709,0.002078533172607422
18883,normal,2066,0,1782358619.218598,0.0018889904022216797
18884,normal,2026,0,1782358619.2206852,0.0020873546600341797
18885,normal,3360,1,1782358619.2226853,0.002000093460083008
18886,normal,1776,0,1782358619.2245786,0.0018932819366455078
18887,normal,1478,0,1782358619.2267506,0.0021719932556152344
18888,normal,2954,0,1782358619.228781,0.0020303726196289062
18889,normal,1624,0,1782358619.2305913,0.001810312271118164
18890,normal,44,0,1782358619.2328687,0.002277374267578125
18891,normal,1891,0,1782358619.2348435,0.001974821090698242
18892,normal,2782,0,1782358619.236567,0.0017235279083251953
18893,normal,2032,0,1782358619.2387047,0.0021376609802246094
18894,normal,2915,0,1782358619.2405927,0.0018880367279052734
18895,normal,3231,1,1782358619.2427883,0.002195596694946289
18896,normal,2648,0,1782358619.2445936,0.0018053054809570312
18897,normal,1297,0,1782358619.246714,0.002120494842529297
18898,normal,1925,0,1782358619.2485929,0.0018787384033203125
18899,normal,2670,0,1782358619.2509813,0.002388477325439453
18900,normal,924,2,1782358619.2529209,0.001939535140991211
18901,normal,2460,0,1782358619.2546086,0.001687765121459961
18902,normal,733,0,1782358619.2567196,0.0021109580993652344
18903,normal,3523,0,1782358619.2587104,0.001990795135498047
18904,normal,1762,0,1782358619.260603,0.0018925666809082031
18905,normal,3035,0,1782358619.2628884,0.002285480499267578
18906,normal,5,0,1782358619.2645507,0.0016622543334960938
18907,normal,2294,0,1782358619.2667146,0.0021638870239257812
18908,normal,3037,0,1782358619.2685976,0.0018830299377441406
18909,normal,2905,0,1782358619.2707262,0.00212860107421875
18910,normal,2178,0,1782358619.2727344,0.002008199691772461
18911,normal,495,0,1782358619.2748733,0.002138853073120117
18912,normal,1666,0,1782358619.276794,0.0019207000732421875
18913,normal,1581,0,1782358619.2786212,0.001827239990234375
18914,normal,1019,2,1782358619.280696,0.002074718475341797
18915,normal,1130,0,1782358619.282777,0.002081155776977539
18916,normal,857,2,1782358619.2846444,0.0018672943115234375
18917,normal,573,0,1782358619.2867584,0.0021140575408935547
18918,normal,1786,0,1782358619.2888868,0.0021283626556396484
18919,normal,3298,1,1782358619.2907023,0.0018155574798583984
18920,normal,3598,0,1782358619.2928483,0.002146005630493164
18921,normal,142,0,1782358619.2945204,0.0016720294952392578
18922,normal,3674,0,1782358619.2967453,0.0022249221801757812
18923,normal,3601,0,1782358619.2986295,0.0018842220306396484
18924,normal,2023,0,1782358619.300748,0.0021185874938964844
18925,normal,2027,0,1782358619.3026235,0.0018754005432128906
18926,normal,2580,0,1782358619.3047435,0.0021200180053710938
18927,normal,1907,0,1782358619.3067768,0.002033233642578125
18928,normal,3503,0,1782358619.3085349,0.0017580986022949219
18929,normal,626,0,1782358619.3107367,0.0022017955780029297
18930,normal,2336,0,1782358619.3127394,0.002002716064453125
18931,normal,2758,0,1782358619.3146183,0.001878976821899414
18932,normal,306,0,1782358619.3168085,0.002190113067626953
18933,normal,2937,0,1782358619.3188312,0.0020227432250976562
18934,normal,2729,0,1782358619.3205192,0.0016880035400390625
18935,normal,1147,0,1782358619.3227463,0.0022270679473876953
18936,normal,523,0,1782358619.3247612,0.0020148754119873047
18937,normal,1166,0,1782358619.3265247,0.0017635822296142578
18938,normal,3407,0,1782358619.3287227,0.0021979808807373047
18939,normal,1250,0,1782358619.3307366,0.0020139217376708984
18940,normal,317,0,1782358619.332605,0.0018682479858398438
18941,normal,30,0,1782358619.3347595,0.0021545886993408203
18942,normal,3188,1,1782358619.3367248,0.0019652843475341797
18943,normal,329,0,1782358619.338677,0.0019521713256835938
18944,normal,1248,0,1782358619.3407185,0.0020415782928466797
18945,normal,2030,0,1782358619.3429158,0.002197265625
18946,normal,2199,0,1782358619.3445303,0.0016145706176757812
18947,normal,3302,1,1782358619.3469815,0.002451181411743164
18948,normal,2061,0,1782358619.3487113,0.001729726791381836
18949,normal,1401,0,1782358619.3521721,0.0034608840942382812
18950,normal,1596,0,1782358619.3525906,0.0004184246063232422
18951,normal,1734,0,1782358619.3545947,0.0020041465759277344
18952,normal,2006,0,1782358619.356535,0.0019402503967285156
18953,normal,3549,0,1782358619.3586233,0.002088308334350586
18954,normal,3539,0,1782358619.3607404,0.002117156982421875
18955,normal,842,2,1782358619.3626125,0.0018720626831054688
18956,normal,3051,1,1782358619.364727,0.002114534378051758
18957,normal,1181,0,1782358619.3667312,0.0020041465759277344
18958,normal,814,2,1782358619.3689635,0.0022323131561279297
18959,normal,1175,0,1782358619.3705437,0.0015802383422851562
18960,normal,3332,1,1782358619.3727555,0.0022118091583251953
18961,normal,538,0,1782358619.3745902,0.0018346309661865234
18962,normal,3288,1,1782358619.3767126,0.0021224021911621094
18963,normal,3480,0,1782358619.3787527,0.0020401477813720703
18964,normal,2971,0,1782358619.3806007,0.001847982406616211
18965,normal,2492,0,1782358619.3827507,0.0021500587463378906
18966,normal,159,0,1782358619.3848336,0.00208282470703125
18967,normal,1233,0,1782358619.3865952,0.0017616748809814453
18968,normal,2429,0,1782358619.3887122,0.0021169185638427734
18969,normal,2217,0,1782358619.3907328,0.002020597457885742
18970,normal,127,0,1782358619.392516,0.001783132553100586
18971,normal,1464,0,1782358619.3946276,0.002111673355102539
18972,normal,2910,0,1782358619.3966224,0.0019948482513427734
18973,normal,1716,0,1782358619.3985162,0.001893758773803711
18974,normal,3633,0,1782358619.4007308,0.002214670181274414
18975,normal,3599,0,1782358619.4027348,0.002003908157348633
18976,normal,2017,0,1782358619.4046116,0.0018768310546875
18977,normal,3410,0,1782358619.4067166,0.0021049976348876953
18978,normal,846,2,1782358619.4087594,0.0020427703857421875
18979,normal,420,0,1782358619.4108257,0.002066373825073242
18980,normal,2513,0,1782358619.4125705,0.0017447471618652344
18981,normal,2747,0,1782358619.4147727,0.002202272415161133
18982,normal,2556,0,1782358619.4167085,0.001935720443725586
18983,normal,282,0,1782358619.4186587,0.0019502639770507812
18984,normal,2947,0,1782358619.4207258,0.002067089080810547
18985,normal,2838,0,1782358619.42265,0.001924276351928711
18986,normal,2393,0,1782358619.4247723,0.002122163772583008
18987,normal,1217,0,1782358619.4268374,0.0020651817321777344
18988,normal,2726,0,1782358619.428658,0.0018205642700195312
18989,normal,209,0,1782358619.4306872,0.0020291805267333984
18990,normal,333,0,1782358619.432719,0.0020318031311035156
18991,normal,2444,0,1782358619.4348588,0.0021398067474365234
18992,normal,3534,0,1782358619.4370742,0.0022153854370117188
18993,normal,616,0,1782358619.4386814,0.0016071796417236328
18994,normal,1186,0,1782358619.4406347,0.0019533634185791016
18995,normal,1603,0,1782358619.4427488,0.0021140575408935547
18996,normal,313,0,1782358619.4447203,0.0019714832305908203
18997,normal,3242,1,1782358619.4465876,0.0018672943115234375
18998,normal,245,0,1782358619.448727,0.0021393299102783203
18999,normal,3624,0,1782358619.4507642,0.0020372867584228516
19000,normal,624,0,1782358619.4526408,0.0018765926361083984
19001,normal,1039,0,1782358619.4547727,0.002131938934326172
19002,normal,3301,1,1782358619.4567242,0.001951456069946289
19003,normal,64,0,1782358619.458625,0.0019009113311767578
19004,normal,3118,1,1782358619.4607613,0.00213623046875
19005,normal,983,2,1782358619.4627838,0.0020225048065185547
19006,normal,2441,0,1782358619.4646454,0.001861572265625
19007,normal,2901,0,1782358619.4665785,0.0019330978393554688
19008,normal,3597,0,1782358619.4687188,0.0021402835845947266
19009,normal,1641,0,1782358619.4705977,0.001878976821899414
19010,normal,2057,0,1782358619.4727173,0.0021195411682128906
19011,normal,1653,0,1782358619.4747343,0.0020170211791992188
19012,normal,2763,0,1782358619.476606,0.0018715858459472656
19013,normal,1272,0,1782358619.4787595,0.002153635025024414
19014,normal,206,0,1782358619.4807959,0.0020363330841064453
19015,normal,3617,0,1782358619.4826481,0.001852273941040039
19016,normal,61,0,1782358619.484745,0.002096891403198242
19017,normal,1825,0,1782358619.4867423,0.001997232437133789
19018,normal,1114,0,1782358619.4886105,0.0018682479858398438
19019,normal,1042,0,1782358619.490748,0.002137422561645508
19020,normal,2810,0,1782358619.4927604,0.002012491226196289
19021,normal,895,2,1782358619.494769,0.002008676528930664
19022,normal,3073,1,1782358619.496563,0.0017938613891601562
19023,normal,863,2,1782358619.4987493,0.002186298370361328
19024,normal,1425,0,1782358619.5006263,0.0018770694732666016
19025,normal,909,2,1782358619.5027654,0.0021390914916992188
19026,normal,586,0,1782358619.504784,0.0020186901092529297
19027,normal,2360,0,1782358619.5065994,0.0018153190612792969
19028,normal,2107,0,1782358619.5085912,0.001991748809814453
19029,normal,3584,0,1782358619.5108244,0.002233266830444336
19030,normal,2020,0,1782358619.5125182,0.0016937255859375
19031,normal,2986,0,1782358619.5145993,0.002081155776977539
19032,normal,196,0,1782358619.5167537,0.0021543502807617188
19033,normal,2381,0,1782358619.518545,0.001791238784790039
19034,normal,1510,0,1782358619.5205824,0.002037525177001953
19035,normal,3142,1,1782358619.5229595,0.002377033233642578
19036,normal,132,0,1782358619.524553,0.0015935897827148438
19037,normal,2076,0,1782358619.526571,0.002017974853515625
19038,normal,3333,1,1782358619.5286148,0.0020437240600585938
19039,normal,1794,0,1782358619.530563,0.0019483566284179688
19040,normal,2161,0,1782358619.5326242,0.002061128616333008
19041,normal,1839,0,1782358619.5346987,0.0020744800567626953
19042,normal,2510,0,1782358619.5365343,0.0018355846405029297
19043,normal,3292,1,1782358619.5387847,0.0022504329681396484
19044,normal,2778,0,1782358619.540635,0.0018503665924072266
19045,normal,379,0,1782358619.5425925,0.001957416534423828
19046,normal,468,0,1782358619.5447419,0.002149343490600586
19047,normal,3038,0,1782358619.5466952,0.0019533634185791016
19048,normal,1636,0,1782358619.548683,0.0019876956939697266
19049,normal,2116,0,1782358619.5506203,0.0019373893737792969
19050,normal,1359,1,1782358619.5526886,0.0020682811737060547
19051,normal,1276,0,1782358619.5545952,0.0019066333770751953
19052,normal,2087,0,1782358619.5565836,0.0019884109497070312
19053,normal,2606,0,1782358619.5586495,0.002065896987915039
19054,normal,1068,0,1782358619.5607312,0.002081632614135742
19055,normal,1045,0,1782358619.5625184,0.0017871856689453125
19056,normal,1336,1,1782358619.5646245,0.002106189727783203
19057,normal,409,0,1782358619.5665824,0.0019578933715820312
19058,normal,3559,0,1782358619.5685785,0.0019960403442382812
19059,normal,2574,0,1782358619.5706346,0.002056121826171875
19060,normal,688,0,1782358619.5727303,0.0020956993103027344
19061,normal,965,2,1782358619.574765,0.0020346641540527344
19062,normal,2828,0,1782358619.5771725,0.002407550811767578
19063,normal,3299,1,1782358619.5785491,0.0013766288757324219
19064,normal,1723,0,1782358619.5808384,0.002289295196533203
19065,normal,1959,0,1782358619.582859,0.002020597457885742
19066,normal,1601,0,1782358619.5846276,0.0017685890197753906
19067,normal,3011,0,1782358619.5868423,0.002214670181274414
19068,normal,1932,0,1782358619.5889513,0.002109050750732422
19069,normal,3605,0,1782358619.5907009,0.0017495155334472656
19070,normal,1821,0,1782358619.592868,0.002167224884033203
19071,normal,3271,1,1782358619.5950017,0.002133607864379883
19072,normal,2103,0,1782358619.5965142,0.0015125274658203125
19073,normal,3019,0,1782358619.5987363,0.0022220611572265625
19074,normal,1915,0,1782358619.600751,0.002014636993408203
19075,normal,434,0,1782358619.6026068,0.0018558502197265625
19076,normal,564,0,1782358619.6047554,0.0021486282348632812
19077,normal,3473,0,1782358619.60676,0.0020046234130859375
19078,normal,2241,0,1782358619.6086469,0.0018868446350097656
19079,normal,922,2,1782358619.610747,0.002100229263305664
19080,normal,1495,0,1782358619.6127465,0.001999378204345703
19081,normal,1030,0,1782358619.6146233,0.0018768310546875
19082,normal,3552,0,1782358619.6170309,0.002407550811767578
19083,normal,3432,0,1782358619.618598,0.0015671253204345703
19084,normal,3675,0,1782358619.6207519,0.0021538734436035156
19085,normal,2813,0,1782358619.622636,0.0018842220306396484
19086,normal,1595,0,1782358619.6247294,0.0020933151245117188
19087,normal,777,2,1782358619.6266184,0.0018889904022216797
19088,normal,1046,0,1782358619.6287313,0.002112865447998047
19089,normal,2677,0,1782358619.6308236,0.0020923614501953125
19090,normal,2656,0,1782358619.632572,0.0017483234405517578
19091,normal,2450,0,1782358619.634848,0.002276182174682617
19092,normal,1788,0,1782358619.6368139,0.001965761184692383
19093,normal,2581,0,1782358619.6387641,0.0019502639770507812
19094,normal,1936,0,1782358619.6407833,0.002019166946411133
19095,normal,3330,1,1782358619.642756,0.001972675323486328
19096,normal,3452,0,1782358619.644609,0.0018529891967773438
19097,normal,2987,0,1782358619.6467295,0.002120494842529297
19098,normal,748,0,1782358619.648819,0.0020895004272460938
19099,normal,1180,0,1782358619.6505258,0.001706838607788086
19100,normal,3113,1,1782358619.6527214,0.002195596694946289
19101,normal,181,0,1782358619.6547155,0.0019941329956054688
19102,normal,1857,0,1782358619.6567185,0.0020029544830322266
19103,normal,3327,1,1782358619.6589289,0.002210378646850586
19104,normal,795,2,1782358619.6606538,0.0017249584197998047
19105,normal,419,0,1782358619.6626117,0.0019578933715820312
19106,normal,2174,0,1782358619.6647263,0.002114534378051758
19107,normal,823,2,1782358619.6667304,0.0020041465759277344
19108,normal,840,2,1782358619.6689708,0.002240419387817383
19109,normal,1301,0,1782358619.6705332,0.001562356948852539
19110,normal,2970,0,1782358619.672726,0.0021927356719970703
19111,normal,2920,0,1782358619.6746163,0.001890420913696289
19112,normal,2999,0,1782358619.6767364,0.0021200180053710938
19113,normal,2269,0,1782358619.678868,0.0021317005157470703
19114,normal,1281,0,1782358619.680683,0.0018148422241210938
19115,normal,175,0,1782358619.6827023,0.0020194053649902344
19116,normal,3102,1,1782358619.6848094,0.0021071434020996094
19117,normal,2558,0,1782358619.6865582,0.001748800277709961
19118,normal,2572,0,1782358619.6888788,0.002320528030395508
19119,normal,21,0,1782358619.690734,0.0018551349639892578
19120,normal,2757,0,1782358619.6929011,0.002167224884033203
19121,normal,1305,0,1782358619.695962,0.0030608177185058594
19122,normal,1488,0,1782358619.6966994,0.0007374286651611328
19123,normal,1169,0,1782358619.6988528,0.0021533966064453125
19124,normal,2323,0,1782358619.7008364,0.001983642578125
19125,normal,1091,0,1782358619.7029624,0.002125978469848633
19126,normal,1619,0,1782358619.7045326,0.0015702247619628906
19127,normal,1987,0,1782358619.7067492,0.0022165775299072266
19128,normal,3589,0,1782358619.7087538,0.0020046234130859375
19129,normal,3575,0,1782358619.7106314,0.0018775463104248047
19130,normal,2666,0,1782358619.7127647,0.0021333694458007812
19131,normal,1994,0,1782358619.7147472,0.001982450485229492
19132,normal,2141,0,1782358619.716627,0.0018796920776367188
19133,normal,680,0,1782358619.7186255,0.0019986629486083984
19134,normal,3444,0,1782358619.7205927,0.001967191696166992
19135,normal,3112,1,1782358619.722601,0.002008199691772461
19136,normal,3241,1,1782358619.7246077,0.0020067691802978516
19137,normal,2392,0,1782358619.7267425,0.0021347999572753906
19138,normal,291,0,1782358619.7286487,0.0019061565399169922
19139,normal,3395,1,1782358619.730703,0.002054452896118164
19140,normal,2498,0,1782358619.7325714,0.0018682479858398438
19141,normal,2290,0,1782358619.734583,0.002011537551879883
19142,normal,1182,0,1782358619.7365913,0.0020084381103515625
19143,normal,2577,0,1782358619.7386339,0.002042531967163086
19144,normal,990,2,1782358619.740593,0.001959085464477539
19145,normal,2805,0,1782358619.7424657,0.0018727779388427734
19146,normal,2056,0,1782358619.7445269,0.002061128616333008
19147,normal,1877,0,1782358619.7466452,0.002118349075317383
19148,normal,973,2,1782358619.748533,0.0018877983093261719
19149,normal,552,0,1782358619.7506547,0.0021216869354248047
19150,normal,1843,0,1782358619.7527137,0.0020589828491210938
19151,normal,2249,0,1782358619.7546144,0.0019006729125976562
19152,normal,1410,0,1782358619.7566938,0.002079486846923828
19153,normal,638,0,1782358619.7588167,0.0021228790283203125
19154,normal,1771,0,1782358619.7606976,0.0018808841705322266
19155,normal,2209,0,1782358619.7625334,0.0018358230590820312
19156,normal,2608,0,1782358619.7645793,0.002045869827270508
19157,normal,1774,0,1782358619.766599,0.002019643783569336
19158,normal,2532,0,1782358619.7685978,0.0019989013671875
19159,normal,195,0,1782358619.7706327,0.002034902572631836
19160,normal,3462,0,1782358619.7725914,0.001958608627319336
19161,normal,1737,0,1782358619.7745879,0.0019965171813964844
19162,normal,3688,0,1782358619.7766104,0.0020225048065185547
19163,normal,1022,2,1782358619.7786071,0.001996755599975586
19164,normal,2299,0,1782358619.7807066,0.0020995140075683594
19165,normal,1364,1,1782358619.7828407,0.002134084701538086
19166,normal,117,0,1782358619.7845633,0.001722574234008789
19167,normal,1996,0,1782358619.7866266,0.002063274383544922
19168,normal,3083,1,1782358619.7886093,0.0019826889038085938
19169,normal,149,0,1782358619.790604,0.0019948482513427734
19170,normal,1813,0,1782358619.792604,0.0019998550415039062
19171,normal,1676,0,1782358619.7946885,0.002084493637084961
19172,normal,2158,0,1782358619.7967024,0.0020139217376708984
19173,normal,2040,0,1782358619.7985353,0.0018329620361328125
19174,normal,1153,0,1782358619.8006306,0.0020952224731445312
19175,normal,397,0,1782358619.8026054,0.001974821090698242
19176,normal,2295,0,1782358619.8046093,0.002003908157348633
19177,normal,835,2,1782358619.806611,0.0020017623901367188
19178,normal,1418,0,1782358619.8087018,0.0020906925201416016
19179,normal,1038,0,1782358619.8107378,0.0020360946655273438
19180,normal,1761,0,1782358619.812579,0.0018410682678222656
19181,normal,1009,2,1782358619.8146853,0.0021064281463623047
19182,normal,834,2,1782358619.8166995,0.00201416015625
19183,normal,3445,0,1782358619.8185966,0.0018970966339111328
19184,normal,106,0,1782358619.820848,0.0022513866424560547
19185,normal,1407,0,1782358619.8226829,0.001834869384765625
19186,normal,1295,0,1782358619.8246295,0.0019466876983642578
19187,normal,2072,0,1782358619.8268592,0.0022296905517578125
19188,normal,1118,0,1782358619.828968,0.0021088123321533203
19189,normal,1239,0,1782358619.8305976,0.0016295909881591797
19190,normal,2155,0,1782358619.8327336,0.0021359920501708984
19191,normal,2832,0,1782358619.8345742,0.0018405914306640625
19192,normal,1985,0,1782358619.836655,0.002080678939819336
19193,normal,295,0,1782358619.838556,0.0019011497497558594
19194,normal,2051,0,1782358619.8408413,0.0022852420806884766
19195,normal,3274,1,1782358619.8427176,0.0018763542175292969
19196,normal,236,0,1782358619.8444662,0.0017485618591308594
19197,normal,2719,0,1782358619.846594,0.0021278858184814453
19198,normal,1956,0,1782358619.8485706,0.001976490020751953
19199,normal,2992,0,1782358619.8505747,0.0020041465759277344
19200,normal,1309,0,1782358619.8526194,0.002044677734375
19201,normal,2913,0,1782358619.8545876,0.0019681453704833984
19202,normal,2379,0,1782358619.85657,0.001982450485229492
19203,normal,1288,0,1782358619.8586023,0.0020322799682617188
19204,normal,510,0,1782358619.860681,0.0020787715911865234
19205,normal,1993,0,1782358619.8625374,0.0018563270568847656
19206,normal,3041,0,1782358619.8646045,0.002067089080810547
19207,normal,1394,0,1782358619.8665998,0.0019953250885009766
19208,normal,2301,0,1782358619.868633,0.002033233642578125
19209,normal,2007,0,1782358619.8707843,0.0021512508392333984
19210,normal,628,0,1782358619.8725255,0.001741170883178711
19211,normal,2709,0,1782358619.874633,0.0021076202392578125
19212,normal,2522,0,1782358619.8766553,0.002022266387939453
19213,normal,1403,0,1782358619.8785877,0.001932382583618164
19214,normal,2647,0,1782358619.8806121,0.002024412155151367
19215,normal,1384,0,1782358619.8826056,0.001993417739868164
19216,normal,2640,0,1782358619.8846388,0.002033233642578125
19217,normal,621,0,1782358619.886745,0.002106189727783203
19218,normal,2344,0,1782358619.8885794,0.0018343925476074219
19219,normal,1589,0,1782358619.890674,0.002094745635986328
19220,normal,3567,0,1782358619.8926432,0.0019690990447998047
19221,normal,1922,0,1782358619.894705,0.0020618438720703125
19222,normal,1083,0,1782358619.8966281,0.0019230842590332031
19223,normal,173,0,1782358619.8988502,0.0022220611572265625
19224,normal,2756,0,1782358619.9006224,0.001772165298461914
19225,normal,830,2,1782358619.9025981,0.0019757747650146484
19226,normal,2632,0,1782358619.9045784,0.001980304718017578
19227,normal,2767,0,1782358619.9065788,0.0020003318786621094
19228,normal,1911,0,1782358619.90862,0.002041339874267578
19229,normal,3228,1,1782358619.910608,0.001987934112548828
19230,normal,2928,0,1782358619.9125748,0.001966714859008789
19231,normal,2309,0,1782358619.914578,0.002003192901611328
19232,normal,3364,1,1782358619.9165761,0.0019981861114501953
19233,normal,1848,0,1782358619.9186223,0.0020461082458496094
19234,normal,208,0,1782358619.9211993,0.002577066421508789
19235,normal,3536,0,1782358619.9227307,0.001531362533569336
19236,normal,687,0,1782358619.9246368,0.0019061565399169922
19237,normal,1681,0,1782358619.9266415,0.0020046234130859375
19238,normal,825,2,1782358619.9286182,0.0019767284393310547
19239,normal,1728,0,1782358619.9306152,0.0019969940185546875
19240,normal,1773,0,1782358619.9326746,0.002059459686279297
19241,normal,957,2,1782358619.934714,0.0020394325256347656
19242,normal,2991,0,1782358619.9365575,0.0018434524536132812
19243,normal,868,2,1782358619.9386084,0.0020508766174316406
19244,normal,1146,0,1782358619.940607,0.0019986629486083984
19245,normal,2727,0,1782358619.9426055,0.001998424530029297
19246,normal,1419,0,1782358619.9446063,0.0020008087158203125
19247,normal,194,0,1782358619.9466443,0.0020380020141601562
19248,normal,1482,0,1782358619.948644,0.0019996166229248047
19249,normal,1785,0,1782358619.9505363,0.0018923282623291016
19250,normal,2207,0,1782358619.9526277,0.0020914077758789062
19251,normal,1255,0,1782358619.9549885,0.002360820770263672
19252,normal,2932,0,1782358619.9571204,0.002131938934326172
19253,normal,578,0,1782358619.9585109,0.0013904571533203125
19254,normal,2780,0,1782358619.9608948,0.0023839473724365234
19255,normal,636,0,1782358619.9626455,0.0017507076263427734
19256,normal,2583,0,1782358619.964831,0.0021855831146240234
19257,normal,2501,0,1782358619.9670608,0.0022296905517578125
19258,normal,2718,0,1782358619.9686053,0.0015444755554199219
19259,normal,1590,0,1782358619.970943,0.0023376941680908203
19260,normal,1853,0,1782358619.9730473,0.0021042823791503906
19261,normal,534,0,1782358619.9745858,0.0015385150909423828
19262,normal,3293,1,1782358619.9766502,0.0020644664764404297
19263,normal,2251,0,1782358619.9787996,0.002149343490600586
19264,normal,137,0,1782358619.9806185,0.0018188953399658203
19265,normal,3606,0,1782358619.9826138,0.0019953250885009766
19266,normal,2059,0,1782358619.9847524,0.0021386146545410156
19267,normal,2785,0,1782358619.9866164,0.0018639564514160156
19268,normal,1766,0,1782358619.988595,0.001978635787963867
19269,normal,870,2,1782358619.9906073,0.0020122528076171875
19270,normal,555,0,1782358619.9925678,0.0019605159759521484
19271,normal,3455,0,1782358619.9947774,0.0022096633911132812
19272,normal,118,0,1782358619.9965975,0.0018200874328613281
19273,normal,2013,0,1782358619.9985716,0.0019741058349609375
19274,normal,1278,0,1782358620.0006528,0.002081155776977539
19275,normal,472,0,1782358620.002644,0.00199127197265625
19276,normal,3124,1,1782358620.0055504,0.002906322479248047
19277,normal,2479,0,1782358620.0066822,0.0011317729949951172
19278,normal,314,0,1782358620.0085762,0.0018939971923828125
19279,normal,1557,0,1782358620.0106316,0.0020554065704345703
19280,normal,1496,0,1782358620.0127478,0.0021162033081054688
19281,normal,2866,0,1782358620.0146892,0.0019414424896240234
19282,normal,806,2,1782358620.0167122,0.002022981643676758
19283,normal,413,0,1782358620.018734,0.00202178955078125
19284,normal,3117,1,1782358620.0208733,0.0021393299102783203
19285,normal,2419,0,1782358620.0226088,0.0017354488372802734
19286,normal,2127,0,1782358620.0247128,0.002104043960571289
19287,normal,640,0,1782358620.0267222,0.0020093917846679688
19288,normal,3152,1,1782358620.028652,0.0019297599792480469
19289,normal,1608,0,1782358620.030606,0.0019540786743164062
19290,normal,1294,0,1782358620.0327258,0.002119779586791992
19291,normal,1398,0,1782358620.0345972,0.001871347427368164
19292,normal,549,0,1782358620.0367262,0.002129077911376953
19293,normal,1822,0,1782358620.038961,0.0022346973419189453
19294,normal,1459,0,1782358620.0405884,0.0016274452209472656
19295,normal,400,0,1782358620.0427654,0.002177000045776367
19296,normal,2762,0,1782358620.0446317,0.0018663406372070312
19297,normal,3194,1,1782358620.0466123,0.0019805431365966797
19298,normal,2373,0,1782358620.0488706,0.00225830078125
19299,normal,3365,1,1782358620.0505266,0.0016560554504394531
19300,normal,3471,0,1782358620.0527153,0.0021886825561523438
19301,normal,3526,0,1782358620.0545895,0.0018742084503173828
19302,normal,2005,0,1782358620.056721,0.0021314620971679688
19303,normal,1393,0,1782358620.0585966,0.0018756389617919922
19304,normal,2870,0,1782358620.0609672,0.002370595932006836
19305,normal,416,0,1782358620.0631144,0.002147197723388672
19306,normal,942,2,1782358620.0647724,0.0016579627990722656
19307,normal,425,0,1782358620.066788,0.0020155906677246094
19308,normal,3677,0,1782358620.0689418,0.0021538734436035156
19309,normal,2259,0,1782358620.0708063,0.0018644332885742188
19310,normal,1236,0,1782358620.0725617,0.0017554759979248047
19311,normal,457,0,1782358620.074924,0.0023622512817382812
19312,normal,2761,0,1782358620.0767183,0.0017943382263183594
19313,normal,3408,0,1782358620.0787237,0.002005338668823242
19314,normal,1284,0,1782358620.0809288,0.0022051334381103516
19315,normal,1667,0,1782358620.0825403,0.001611471176147461
19316,normal,2741,0,1782358620.0845845,0.002044200897216797
19317,normal,1160,0,1782358620.0865922,0.002007722854614258
19318,normal,273,0,1782358620.088761,0.002168893814086914
19319,normal,1991,0,1782358620.0906491,0.0018880367279052734
19320,normal,3703,0,1782358620.092768,0.002118825912475586
19321,normal,473,0,1782358620.0946794,0.0019114017486572266
19322,normal,3185,1,1782358620.0966794,0.002000093460083008
19323,normal,2296,0,1782358620.0987275,0.002048015594482422
19324,normal,1802,0,1782358620.1006534,0.0019259452819824219
19325,normal,876,2,1782358620.1026192,0.001965761184692383
19326,normal,1107,0,1782358620.1046124,0.0019931793212890625
19327,normal,3267,1,1782358620.1065872,0.001974821090698242
19328,normal,2407,0,1782358620.108592,0.002004861831665039
19329,normal,3630,0,1782358620.1104612,0.00186920166015625
19330,normal,1541,0,1782358620.1127422,0.0022809505462646484
19331,normal,1869,0,1782358620.1146064,0.0018641948699951172
19332,normal,1270,0,1782358620.1164339,0.0018274784088134766
19333,normal,84,0,1782358620.1184845,0.002050638198852539
19334,normal,2950,0,1782358620.1204574,0.0019729137420654297
19335,normal,3647,0,1782358620.1225033,0.002045869827270508
19336,normal,3374,1,1782358620.1247373,0.0022339820861816406
19337,normal,720,0,1782358620.1277733,0.003036022186279297
19338,normal,3170,1,1782358620.1285288,0.0007555484771728516
19339,normal,3119,1,1782358620.1308289,0.0023000240325927734
19340,normal,761,0,1782358620.1326494,0.0018205642700195312
19341,normal,375,0,1782358620.1347358,0.0020864009857177734
19342,normal,1093,0,1782358620.1366901,0.001954317092895508
19343,normal,1764,0,1782358620.1387486,0.0020585060119628906
19344,normal,1387,0,1782358620.140846,0.0020973682403564453
19345,normal,3225,1,1782358620.1425393,0.0016932487487792969
19346,normal,820,2,1782358620.1448393,0.0023000240325927734
19347,normal,1580,0,1782358620.146612,0.0017726421356201172
19348,normal,229,0,1782358620.1486967,0.0020847320556640625
19349,normal,2955,0,1782358620.150538,0.0018413066864013672
19350,normal,1141,0,1782358620.1528523,0.002314329147338867
19351,normal,3331,1,1782358620.1545417,0.0016894340515136719
19352,normal,2222,0,1782358620.1568434,0.0023016929626464844
19353,normal,2180,0,1782358620.1585953,0.0017518997192382812
19354,normal,2881,0,1782358620.1605372,0.0019419193267822266
19355,normal,1026,2,1782358620.1627102,0.0021729469299316406
19356,normal,1885,0,1782358620.1647468,0.002036571502685547
19357,normal,940,2,1782358620.166688,0.0019412040710449219
19358,normal,500,0,1782358620.1687632,0.0020751953125
19359,normal,1826,0,1782358620.170756,0.001992940902709961
19360,normal,3259,1,1782358620.1726918,0.001935720443725586
19361,normal,3470,0,1782358620.1745694,0.0018775463104248047
19362,normal,1946,0,1782358620.1768687,0.0022993087768554688
19363,normal,1431,0,1782358620.1785529,0.0016841888427734375
19364,normal,3282,1,1782358620.1809042,0.0023512840270996094
19365,normal,589,0,1782358620.1825826,0.001678466796875
19366,normal,3525,0,1782358620.1848605,0.002277851104736328
19367,normal,302,0,1782358620.1865718,0.0017113685607910156
19368,normal,1312,0,1782358620.1888769,0.0023050308227539062
19369,normal,331,0,1782358620.190566,0.0016891956329345703
19370,normal,1474,0,1782358620.1928773,0.002311229705810547
19371,normal,3131,1,1782358620.1947472,0.0018699169158935547
19372,normal,216,0,1782358620.1966932,0.0019459724426269531
19373,normal,2840,0,1782358620.1985745,0.0018813610076904297
19374,normal,921,2,1782358620.200875,0.0023005008697509766
19375,normal,2369,0,1782358620.2025414,0.0016663074493408203
19376,normal,756,0,1782358620.204937,0.0023956298828125
19377,normal,2845,0,1782358620.206574,0.0016369819641113281
19378,normal,2190,0,1782358620.208851,0.0022771358489990234
19379,normal,2565,0,1782358620.2105808,0.001729726791381836
19380,normal,2243,0,1782358620.2128675,0.002286672592163086
19381,normal,2748,0,1782358620.214541,0.0016734600067138672
19382,normal,3311,1,1782358620.2169218,0.002380847930908203
19383,normal,444,0,1782358620.2185676,0.001645803451538086
19384,normal,3183,1,1782358620.2208505,0.002282857894897461
19385,normal,1751,0,1782358620.2225878,0.001737356185913086
19386,normal,3482,0,1782358620.2248719,0.0022840499877929688
19387,normal,750,0,1782358620.2265406,0.001668691635131836
19388,normal,2781,0,1782358620.2289221,0.002381563186645508
19389,normal,2710,0,1782358620.2305849,0.0016627311706542969
19390,normal,1573,0,1782358620.23285,0.0022652149200439453
19391,normal,3614,0,1782358620.2345917,0.001741647720336914
19392,normal,2227,0,1782358620.2368731,0.0022814273834228516
19393,normal,2768,0,1782358620.2385485,0.0016753673553466797
19394,normal,2435,0,1782358620.2409332,0.002384662628173828
19395,normal,1277,0,1782358620.242589,0.0016558170318603516
19396,normal,2663,0,1782358620.2448518,0.0022628307342529297
19397,normal,3607,0,1782358620.2465942,0.0017423629760742188
19398,normal,1913,0,1782358620.2488716,0.002277374267578125
19399,normal,2875,0,1782358620.2505386,0.001667022705078125
19400,normal,660,0,1782358620.252929,0.0023903846740722656
19401,normal,153,0,1782358620.2545679,0.0016388893127441406
19402,normal,1077,0,1782358620.256851,0.0022830963134765625
19403,normal,405,0,1782358620.2586083,0.0017573833465576172
19404,normal,2623,0,1782358620.2608798,0.002271413803100586
19405,normal,1617,0,1782358620.262539,0.0016591548919677734
19406,normal,3070,1,1782358620.264995,0.002456188201904297
19407,normal,747,0,1782358620.266652,0.0016570091247558594
19408,normal,2714,0,1782358620.2688549,0.002202749252319336
19409,normal,285,0,1782358620.270606,0.0017511844635009766
19410,normal,2540,0,1782358620.2728648,0.002258777618408203
19411,normal,1012,2,1782358620.274539,0.0016741752624511719
19412,normal,228,0,1782358620.2769299,0.0023908615112304688
19413,normal,490,0,1782358620.2785714,0.0016415119171142578
19414,normal,1302,0,1782358620.2808564,0.002285003662109375
19415,normal,1914,0,1782358620.2826095,0.001753091812133789
19416,normal,1256,0,1782358620.2848783,0.0022687911987304688
19417,normal,3667,0,1782358620.2865415,0.0016632080078125
19418,normal,1000,2,1782358620.2889276,0.0023860931396484375
19419,normal,1708,0,1782358620.29057,0.001642465591430664
19420,normal,1190,0,1782358620.2929268,0.0023567676544189453
19421,normal,3165,1,1782358620.2946138,0.0016870498657226562
19422,normal,3087,1,1782358620.2965457,0.001931905746459961
19423,normal,2827,0,1782358620.2988923,0.002346515655517578
19424,normal,1058,0,1782358620.3006318,0.001739501953125
19425,normal,2385,0,1782358620.3028705,0.002238750457763672
19426,normal,257,0,1782358620.3045485,0.0016779899597167969
19427,normal,1188,0,1782358620.307907,0.003358602523803711
19428,normal,3200,1,1782358620.308724,0.0008168220520019531
19429,normal,2854,0,1782358620.310717,0.0019931793212890625
19430,normal,1275,0,1782358620.3125489,0.0018317699432373047
19431,normal,22,0,1782358620.3148751,0.0023262500762939453
19432,normal,1028,2,1782358620.3165271,0.0016520023345947266
19433,normal,583,0,1782358620.31892,0.0023927688598632812
19434,normal,1517,0,1782358620.3206809,0.0017609596252441406
19435,normal,3699,0,1782358620.3227127,0.0020318031311035156
19436,normal,242,0,1782358620.3245513,0.00183868408203125
19437,normal,2698,0,1782358620.3280547,0.0035033226013183594
19438,normal,2232,0,1782358620.328871,0.00081634521484375
19439,normal,545,0,1782358620.3308046,0.0019335746765136719
19440,normal,3657,0,1782358620.3331182,0.0023136138916015625
19441,normal,2935,0,1782358620.3349361,0.001817941665649414
19442,normal,1884,0,1782358620.3369288,0.0019927024841308594
19443,normal,2319,0,1782358620.3390832,0.0021543502807617188
19444,normal,1152,0,1782358620.3413935,0.0023102760314941406
19445,normal,3182,1,1782358620.3425305,0.0011370182037353516
19446,normal,2078,0,1782358620.345498,0.0029675960540771484
19447,normal,3305,1,1782358620.347269,0.0017709732055664062
19448,normal,2475,0,1782358620.3500516,0.002782583236694336
19449,normal,725,0,1782358620.35052,0.00046825408935546875
19450,normal,1953,0,1782358620.3525267,0.0020067691802978516
19451,normal,1980,0,1782358620.3548336,0.0023069381713867188
19452,normal,1782,0,1782358620.3567152,0.0018815994262695312
19453,normal,2449,0,1782358620.3593774,0.002662181854248047
19454,normal,1064,0,1782358620.3608174,0.0014400482177734375
19455,normal,161,0,1782358620.3630536,0.0022361278533935547
19456,normal,2112,0,1782358620.3650506,0.0019969940185546875
19457,normal,1554,0,1782358620.367101,0.0020503997802734375
19458,normal,1389,0,1782358620.3691854,0.002084493637084961
19459,normal,2401,0,1782358620.3710828,0.0018973350524902344
19460,normal,749,0,1782358620.3730502,0.0019674301147460938
19461,normal,1071,0,1782358620.375189,0.002138853073120117
19462,normal,2692,0,1782358620.377057,0.0018680095672607422
19463,normal,3146,1,1782358620.3787842,0.0017271041870117188
19464,normal,417,0,1782358620.3807774,0.0019931793212890625
19465,normal,3586,0,1782358620.3826954,0.0019180774688720703
19466,normal,845,2,1782358620.384946,0.00225067138671875
19467,normal,1125,0,1782358620.386576,0.0016298294067382812
19468,normal,1886,0,1782358620.3888772,0.0023012161254882812
19469,normal,92,0,1782358620.390625,0.0017478466033935547
19470,normal,222,0,1782358620.392835,0.002209901809692383
19471,normal,2077,0,1782358620.39454,0.001705169677734375
19472,normal,3079,1,1782358620.3968644,0.002324342727661133
19473,normal,2191,0,1782358620.3985438,0.0016794204711914062
19474,normal,1392,0,1782358620.4008782,0.0023343563079833984
19475,normal,1845,0,1782358620.4027078,0.0018296241760253906
19476,normal,3005,0,1782358620.4046052,0.0018973350524902344
19477,normal,324,0,1782358620.4067008,0.0020956993103027344
19478,normal,775,2,1782358620.408709,0.002008199691772461
19479,normal,1926,0,1782358620.4105473,0.0018382072448730469
19480,normal,1895,0,1782358620.4129472,0.002399921417236328
19481,normal,692,0,1782358620.4146554,0.0017082691192626953
19482,normal,3568,0,1782358620.4168766,0.0022211074829101562
19483,normal,20,0,1782358620.4194694,0.002592802047729492
19484,normal,1567,0,1782358620.42064,0.0011706352233886719
19485,normal,722,0,1782358620.4238925,0.0032525062561035156
19486,normal,1266,0,1782358620.4247794,0.0008869171142578125
19487,normal,1990,0,1782358620.4270496,0.002270221710205078
19488,normal,2272,0,1782358620.4291925,0.0021429061889648438
19489,normal,1616,0,1782358620.4310794,0.0018868446350097656
19490,normal,2864,0,1782358620.43304,0.0019605159759521484
19491,normal,883,2,1782358620.435052,0.002012014389038086
19492,normal,2457,0,1782358620.4370522,0.0020003318786621094
19493,normal,3262,1,1782358620.43905,0.001997709274291992
19494,normal,1698,0,1782358620.4411855,0.0021355152130126953
19495,normal,1733,0,1782358620.443087,0.0019016265869140625
19496,normal,2021,0,1782358620.4450512,0.001964092254638672
19497,normal,3247,1,1782358620.4470675,0.002016305923461914
19498,normal,2125,0,1782358620.449401,0.002333402633666992
19499,normal,178,0,1782358620.4505582,0.0011572837829589844
19500,normal,3227,1,1782358620.4530876,0.0025293827056884766
19501,normal,189,0,1782358620.455095,0.0020074844360351562
19502,normal,2266,0,1782358620.4572074,0.0021123886108398438
19503,normal,3042,0,1782358620.459188,0.0019805431365966797
19504,normal,3169,1,1782358620.4610639,0.0018758773803710938
19505,normal,1184,0,1782358620.463104,0.0020401477813720703
19506,normal,2734,0,1782358620.4651911,0.002087116241455078
19507,normal,474,0,1782358620.4670842,0.0018930435180664062
19508,normal,2673,0,1782358620.468797,0.001712799072265625
19509,normal,1986,0,1782358620.4713755,0.0025784969329833984
19510,normal,2857,0,1782358620.4732583,0.001882791519165039
19511,normal,3256,1,1782358620.4750483,0.0017900466918945312
19512,normal,2795,0,1782358620.4770565,0.002008199691772461
19513,normal,1220,0,1782358620.479068,0.002011537551879883
19514,normal,2713,0,1782358620.4807985,0.0017304420471191406
19515,normal,125,0,1782358620.483055,0.002256631851196289
19516,normal,995,2,1782358620.4850526,0.0019974708557128906
19517,normal,319,0,1782358620.4870255,0.0019729137420654297
19518,normal,971,2,1782358620.489053,0.0020275115966796875
19519,normal,1251,0,1782358620.4910557,0.002002716064453125
19520,normal,507,0,1782358620.4930966,0.002040863037109375
19521,normal,183,0,1782358620.495189,0.0020923614501953125
19522,normal,1998,0,1782358620.4970973,0.0019083023071289062
19523,normal,2942,0,1782358620.4990497,0.0019524097442626953
19524,normal,3361,1,1782358620.5010552,0.0020055770874023438
19525,normal,604,0,1782358620.5033984,0.0023431777954101562
19526,normal,3145,1,1782358620.5045555,0.0011570453643798828
19527,normal,1185,0,1782358620.5070531,0.0024976730346679688
19528,normal,1244,0,1782358620.5090806,0.0020275115966796875
19529,normal,431,0,1782358620.5110512,0.001970529556274414
19530,normal,2959,0,1782358620.5130553,0.0020041465759277344
19531,normal,1006,2,1782358620.5150907,0.002035379409790039
19532,normal,3532,0,1782358620.5169723,0.0018815994262695312
19533,normal,837,2,1782358620.5188684,0.0018961429595947266
19534,normal,1293,0,1782358620.5211148,0.002246379852294922
19535,normal,2012,0,1782358620.523054,0.0019390583038330078
19536,normal,1499,0,1782358620.5251951,0.002141237258911133
19537,normal,2327,0,1782358620.5270953,0.0019001960754394531
19538,normal,2612,0,1782358620.5290492,0.0019538402557373047
19539,normal,3226,1,1782358620.531183,0.0021338462829589844
19540,normal,2642,0,1782358620.5330482,0.0018651485443115234
19541,normal,1778,0,1782358620.5349252,0.0018770694732666016
19542,normal,212,0,1782358620.5370367,0.0021114349365234375
19543,normal,3399,1,1782358620.5390553,0.0020186901092529297
19544,normal,2263,0,1782358620.5410974,0.002042055130004883
19545,normal,3004,0,1782358620.5432003,0.0021028518676757812
19546,normal,3309,1,1782358620.5450497,0.0018494129180908203
19547,normal,14,0,1782358620.5471098,0.0020601749420166016
19548,normal,3138,1,1782358620.5491896,0.0020797252655029297
19549,normal,3207,1,1782358620.551085,0.0018954277038574219
19550,normal,1330,1,1782358620.5538304,0.002745389938354492
19551,normal,1658,0,1782358620.5545464,0.0007159709930419922
19552,normal,131,0,1782358620.5570421,0.0024957656860351562
19553,normal,2788,0,1782358620.5598004,0.0027582645416259766
19554,normal,1466,0,1782358620.5619054,0.0021049976348876953
19555,normal,470,0,1782358620.5627275,0.0008220672607421875
19556,normal,1614,0,1782358620.565815,0.0030875205993652344
19557,normal,1253,0,1782358620.5674815,0.0016665458679199219
19558,normal,98,0,1782358620.5692232,0.001741647720336914
19559,normal,2697,0,1782358620.5717013,0.0024781227111816406
19560,normal,2147,0,1782358620.57401,0.0023086071014404297
19561,normal,1218,0,1782358620.5747252,0.0007152557373046875
19562,normal,3411,0,1782358620.5778172,0.003092050552368164
19563,normal,1787,0,1782358620.5794814,0.0016641616821289062
19564,normal,1625,0,1782358620.5812266,0.0017452239990234375
19565,normal,1947,0,1782358620.5833733,0.0021467208862304688
19566,normal,163,0,1782358620.5850894,0.0017161369323730469
19567,normal,1880,0,1782358620.5870488,0.0019593238830566406
19568,normal,126,0,1782358620.5890534,0.0020046234130859375
19569,normal,1444,0,1782358620.5911322,0.0020787715911865234
19570,normal,2751,0,1782358620.5935025,0.0023703575134277344
19571,normal,3686,0,1782358620.594742,0.0012395381927490234
19572,normal,3648,0,1782358620.5979295,0.003187417984008789
19573,normal,3487,0,1782358620.5987241,0.0007946491241455078
19574,normal,3097,1,1782358620.6010504,0.0023262500762939453
19575,normal,3474,0,1782358620.6031842,0.0021338462829589844
19576,normal,65,0,1782358620.6050837,0.0018994808197021484
19577,normal,696,0,1782358620.6075075,0.0024237632751464844
19578,normal,2851,0,1782358620.608578,0.0010704994201660156
19579,normal,1748,0,1782358620.6111274,0.002549409866333008
19580,normal,2225,0,1782358620.6133442,0.002216815948486328
19581,normal,3632,0,1782358620.6155446,0.0022003650665283203
19582,normal,3492,0,1782358620.6174886,0.0019440650939941406
19583,normal,1502,0,1782358620.61981,0.002321481704711914
19584,normal,2624,0,1782358620.6214654,0.0016553401947021484
19585,normal,3603,0,1782358620.6231883,0.0017228126525878906
19586,normal,2058,0,1782358620.6256363,0.0024480819702148438
19587,normal,3654,0,1782358620.6278648,0.0022284984588623047
19588,normal,275,0,1782358620.6287262,0.0008614063262939453
19589,normal,913,2,1782358620.6317902,0.0030639171600341797
19590,normal,1120,0,1782358620.6335785,0.0017883777618408203
19591,normal,2755,0,1782358620.635316,0.001737356185913086
19592,normal,3000,0,1782358620.6374085,0.002092599868774414
19593,normal,214,0,1782358620.6392124,0.0018038749694824219
19594,normal,1448,0,1782358620.6412053,0.001992940902709961
19595,normal,1864,0,1782358620.6431563,0.001950979232788086
19596,normal,2792,0,1782358620.6451476,0.00199127197265625
19597,normal,1196,0,1782358620.6476266,0.002479076385498047
19598,normal,1338,1,1782358620.6487663,0.0011396408081054688
19599,normal,966,2,1782358620.6515129,0.00274658203125
19600,normal,58,0,1782358620.653253,0.0017402172088623047
19601,normal,633,0,1782358620.6555295,0.0022764205932617188
19602,normal,2094,0,1782358620.6572468,0.0017173290252685547
19603,normal,264,0,1782358620.6591554,0.0019085407257080078
19604,normal,587,0,1782358620.660979,0.0018236637115478516
19605,normal,3380,1,1782358620.662602,0.001622915267944336
19606,normal,2564,0,1782358620.6655283,0.002926349639892578
19607,normal,619,0,1782358620.6667526,0.0012242794036865234
19608,normal,3441,0,1782358620.6699355,0.0031828880310058594
19609,normal,67,0,1782358620.6707306,0.0007951259613037109
19610,normal,365,0,1782358620.6730506,0.0023200511932373047
19611,normal,3132,1,1782358620.6751914,0.0021407604217529297
19612,normal,1282,0,1782358620.6770895,0.001898050308227539
19613,normal,1749,0,1782358620.6790547,0.0019652843475341797
19614,normal,2374,0,1782358620.6811569,0.0021021366119384766
19615,normal,2689,0,1782358620.6830928,0.0019359588623046875
19616,normal,1729,0,1782358620.684795,0.0017020702362060547
19617,normal,2117,0,1782358620.6875055,0.002710580825805664
19618,normal,407,0,1782358620.6892762,0.0017707347869873047
19619,normal,1606,0,1782358620.6916225,0.0023462772369384766
19620,normal,388,0,1782358620.6938398,0.0022172927856445312
19621,normal,2700,0,1782358620.6947315,0.0008916854858398438
19622,normal,1970,0,1782358620.6978185,0.0030870437622070312
19623,normal,2395,0,1782358620.6994963,0.0016777515411376953
19624,normal,1002,2,1782358620.701197,0.0017006397247314453
19625,normal,1159,0,1782358620.7031841,0.0019872188568115234
19626,normal,1292,0,1782358620.705059,0.0018749237060546875
19627,normal,3373,1,1782358620.7070534,0.0019943714141845703
19628,normal,3504,0,1782358620.7090993,0.002045869827270508
19629,normal,3447,0,1782358620.7111967,0.0020973682403564453
19630,normal,2257,0,1782358620.7131057,0.001909017562866211
19631,normal,3202,1,1782358620.715052,0.0019462108612060547
19632,normal,1231,0,1782358620.7170997,0.0020477771759033203
19633,normal,2634,0,1782358620.7190888,0.001989126205444336
19634,normal,3093,1,1782358620.7208128,0.0017240047454833984
19635,normal,3320,1,1782358620.7230465,0.002233743667602539
19636,normal,239,0,1782358620.7250552,0.002008676528930664
19637,normal,107,0,1782358620.7270958,0.0020406246185302734
19638,normal,3313,1,1782358620.7291954,0.0020995140075683594
19639,normal,3324,1,1782358620.731045,0.0018496513366699219
19640,normal,2138,0,1782358620.733093,0.002048015594482422
19641,normal,1108,0,1782358620.7350545,0.0019614696502685547
19642,normal,1519,0,1782358620.7370672,0.0020127296447753906
19643,normal,363,0,1782358620.739052,0.001984834671020508
19644,normal,799,2,1782358620.7409396,0.0018875598907470703
19645,normal,1779,0,1782358620.742518,0.0015783309936523438
19646,normal,2002,0,1782358620.744787,0.0022690296173095703
19647,normal,399,0,1782358620.7471495,0.002362489700317383
19648,normal,2799,0,1782358620.749129,0.0019795894622802734
19649,normal,1524,0,1782358620.7510498,0.0019207000732421875
19650,normal,2042,0,1782358620.7531142,0.0020644664764404297
19651,normal,2843,0,1782358620.7555504,0.0024361610412597656
19652,normal,49,0,1782358620.7576418,0.0020914077758789062
19653,normal,2952,0,1782358620.7598164,0.0021746158599853516
19654,normal,42,0,1782358620.7615314,0.001714944839477539
19655,normal,1741,0,1782358620.7632785,0.00174713134765625
19656,normal,332,0,1782358620.7654212,0.002142667770385742
19657,normal,2968,0,1782358620.7674544,0.002033233642578125
19658,normal,459,0,1782358620.7692127,0.0017583370208740234
19659,normal,373,0,1782358620.77119,0.001977205276489258
19660,normal,521,0,1782358620.7733483,0.0021584033966064453
19661,normal,430,0,1782358620.775613,0.002264738082885742
19662,normal,2,0,1782358620.7773538,0.0017406940460205078
19663,normal,767,0,1782358620.7795079,0.002154111862182617
19664,normal,1908,0,1782358620.7815962,0.002088308334350586
19665,normal,1747,0,1782358620.7833307,0.0017344951629638672
19666,normal,2194,0,1782358620.785374,0.0020432472229003906
19667,normal,2003,0,1782358620.7873273,0.0019533634185791016
19668,normal,1113,0,1782358620.7891765,0.0018491744995117188
19669,normal,3234,1,1782358620.7913983,0.002221822738647461
19670,normal,215,0,1782358620.7931085,0.0017101764678955078
19671,normal,1689,0,1782358620.7951474,0.0020389556884765625
19672,normal,3437,0,1782358620.7971997,0.00205230712890625
19673,normal,334,0,1782358620.7990134,0.001813650131225586
19674,normal,2250,0,1782358620.8013682,0.002354860305786133
19675,normal,403,0,1782358620.8033166,0.0019483566284179688
19676,normal,3213,1,1782358620.805041,0.0017244815826416016
19677,normal,1648,0,1782358620.8074052,0.0023641586303710938
19678,normal,2452,0,1782358620.8093026,0.0018973350524902344
19679,normal,393,0,1782358620.8108869,0.0015842914581298828
19680,normal,2210,0,1782358620.8130221,0.0021352767944335938
19681,normal,944,2,1782358620.8150222,0.002000093460083008
19682,normal,2455,0,1782358620.817578,0.00255584716796875
19683,normal,2814,0,1782358620.8192725,0.0016944408416748047
19684,normal,1665,0,1782358620.8211415,0.0018689632415771484
19685,normal,3494,0,1782358620.8230221,0.001880645751953125
19686,normal,1622,0,1782358620.825084,0.0020618438720703125
19687,normal,2388,0,1782358620.827044,0.0019600391387939453
19688,normal,1780,0,1782358620.829091,0.0020470619201660156
19689,normal,1451,0,1782358620.8312044,0.00211334228515625
19690,normal,1027,2,1782358620.8331254,0.001920938491821289
19691,normal,2686,0,1782358620.8350506,0.0019252300262451172
19692,normal,1240,0,1782358620.8376837,0.0026330947875976562
19693,normal,344,0,1782358620.8394396,0.0017559528350830078
19694,normal,1924,0,1782358620.841144,0.0017044544219970703
19695,normal,695,0,1782358620.8432004,0.0020563602447509766
19696,normal,1296,0,1782358620.8451285,0.001928091049194336
19697,normal,2068,0,1782358620.8470554,0.0019268989562988281
19698,normal,1671,0,1782358620.8490455,0.001990079879760742
19699,normal,2858,0,1782358620.8510509,0.002005338668823242
19700,normal,838,2,1782358620.8530824,0.002031564712524414
19701,normal,1714,0,1782358620.8551478,0.002065420150756836
19702,normal,357,0,1782358620.8574727,0.002324819564819336
19703,normal,1328,1,1782358620.8595963,0.002123594284057617
19704,normal,3681,0,1782358620.8605475,0.0009512901306152344
19705,normal,3154,1,1782358620.8635628,0.003015279769897461
19706,normal,3517,0,1782358620.865787,0.0022242069244384766
19707,normal,3430,0,1782358620.8674786,0.001691579818725586
19708,normal,2074,0,1782358620.869232,0.0017533302307128906
19709,normal,3429,0,1782358620.8716552,0.0024232864379882812
19710,normal,1847,0,1782358620.8733947,0.001739501953125
19711,normal,644,0,1782358620.8751378,0.0017430782318115234
19712,normal,2627,0,1782358620.8777304,0.0025925636291503906
19713,normal,2717,0,1782358620.879379,0.0016486644744873047
19714,normal,1053,0,1782358620.8813374,0.0019583702087402344
19715,normal,1400,0,1782358620.8828278,0.0014903545379638672
19716,normal,3591,0,1782358620.885788,0.002960205078125
19717,normal,1144,0,1782358620.8874848,0.0016968250274658203
19718,normal,2034,0,1782358620.8896024,0.002117633819580078
19719,normal,3045,1,1782358620.8918636,0.0022611618041992188
19720,normal,1528,0,1782358620.892724,0.0008604526519775391
19721,normal,218,0,1782358620.8957856,0.003061532974243164
19722,normal,3081,1,1782358620.8965814,0.0007958412170410156
19723,normal,2163,0,1782358620.8988879,0.0023064613342285156
19724,normal,3260,1,1782358620.9006448,0.001756906509399414
19725,normal,217,0,1782358620.9027646,0.002119779586791992
19726,normal,2047,0,1782358620.9047189,0.001954317092895508
19727,normal,1404,0,1782358620.9067152,0.001996278762817383
19728,normal,69,0,1782358620.9090488,0.0023336410522460938
19729,normal,2128,0,1782358620.9109492,0.0019004344940185547
19730,normal,2053,0,1782358620.91359,0.0026407241821289062
19731,normal,1982,0,1782358620.9150903,0.0015003681182861328
19732,normal,2415,0,1782358620.9171038,0.0020134449005126953
19733,normal,2340,0,1782358620.9197676,0.002663850784301758
19734,normal,773,2,1782358620.9214184,0.0016508102416992188
19735,normal,2440,0,1782358620.9231148,0.0016963481903076172
19736,normal,753,0,1782358620.9250705,0.001955747604370117
19737,normal,1377,1,1782358620.927037,0.0019664764404296875
19738,normal,307,0,1782358620.9289362,0.0018992424011230469
19739,normal,2001,0,1782358620.9308274,0.0018911361694335938
19740,normal,1832,0,1782358620.9330814,0.002254009246826172
19741,normal,3167,1,1782358620.9349396,0.0018582344055175781
19742,normal,828,2,1782358620.9369326,0.001992940902709961
19743,normal,1257,0,1782358620.9390886,0.0021560192108154297
19744,normal,187,0,1782358620.9412363,0.002147674560546875
19745,normal,2701,0,1782358620.9430897,0.0018534660339355469
19746,normal,3391,1,1782358620.9451854,0.0020956993103027344
19747,normal,789,2,1782358620.947092,0.0019066333770751953
19748,normal,1668,0,1782358620.949056,0.0019638538360595703
19749,normal,1818,0,1782358620.951196,0.002140045166015625
19750,normal,3230,1,1782358620.9530642,0.0018682479858398438
19751,normal,279,0,1782358620.9551072,0.002043008804321289
19752,normal,2984,0,1782358620.956893,0.0017857551574707031
19753,normal,182,0,1782358620.9590569,0.0021638870239257812
19754,normal,2070,0,1782358620.9611058,0.002048969268798828
19755,normal,2185,0,1782358620.963197,0.0020911693572998047
19756,normal,352,0,1782358620.9650722,0.001875162124633789
19757,normal,2358,0,1782358620.9670498,0.001977682113647461
19758,normal,3239,1,1782358620.9691832,0.0021333694458007812
19759,normal,2275,0,1782358620.971098,0.0019147396087646484
19760,normal,2120,0,1782358620.9735339,0.002435922622680664
19761,normal,261,0,1782358620.9758418,0.002307891845703125
19762,normal,3010,0,1782358620.97674,0.0008981227874755859
19763,normal,1958,0,1782358620.979836,0.0030961036682128906
19764,normal,3071,1,1782358620.9805663,0.0007302761077880859
19765,normal,1074,0,1782358620.9827652,0.002198934555053711
19766,normal,764,0,1782358620.985836,0.003070831298828125
19767,normal,26,0,1782358620.9865646,0.000728607177734375
19768,normal,1473,0,1782358620.988882,0.0023174285888671875
19769,normal,1085,0,1782358620.9919193,0.0030372142791748047
19770,normal,1463,0,1782358620.9926085,0.0006892681121826172
19771,normal,2398,0,1782358620.99484,0.0022313594818115234
19772,normal,1424,0,1782358620.9967265,0.001886606216430664
19773,normal,2549,0,1782358620.9985657,0.0018391609191894531
19774,normal,9,0,1782358621.000882,0.0023162364959716797
19775,normal,2221,0,1782358621.002724,0.0018420219421386719
19776,normal,2352,0,1782358621.0045404,0.0018165111541748047
19777,normal,72,0,1782358621.0077112,0.0031707286834716797
19778,normal,1522,0,1782358621.0085337,0.0008225440979003906
19779,normal,1432,0,1782358621.0109036,0.0023698806762695312
19780,normal,569,0,1782358621.0125415,0.0016379356384277344
19781,normal,3611,0,1782358621.0147338,0.002192258834838867
19782,normal,800,2,1782358621.0167468,0.002012968063354492
19783,normal,12,0,1782358621.01871,0.0019631385803222656
19784,normal,2880,0,1782358621.0207124,0.0020024776458740234
19785,normal,1731,0,1782358621.0227177,0.002005338668823242
19786,normal,3150,1,1782358621.0247078,0.001990079879760742
19787,normal,1783,0,1782358621.027414,0.002706289291381836
19788,normal,451,0,1782358621.0286543,0.0012402534484863281
19789,normal,1069,0,1782358621.03071,0.002055644989013672
19790,normal,2921,0,1782358621.0327067,0.001996755599975586
19791,normal,141,0,1782358621.0345416,0.001834869384765625
19792,normal,3339,1,1782358621.036872,0.002330303192138672
19793,normal,2816,0,1782358621.0387084,0.001836538314819336
19794,normal,1724,0,1782358621.0405438,0.0018353462219238281
19795,normal,469,0,1782358621.0428832,0.0023393630981445312
19796,normal,2364,0,1782358621.044708,0.0018248558044433594
19797,normal,45,0,1782358621.0465438,0.0018358230590820312
19798,normal,3400,1,1782358621.0488784,0.0023345947265625
19799,normal,3577,0,1782358621.0507123,0.0018339157104492188
19800,normal,1348,1,1782358621.0525498,0.0018374919891357422
19801,normal,2723,0,1782358621.0548778,0.0023279190063476562
19802,normal,3468,0,1782358621.0567837,0.0019059181213378906
19803,normal,2260,0,1782358621.058755,0.0019712448120117188
19804,normal,2912,0,1782358621.0614092,0.0026543140411376953
19805,normal,1227,0,1782358621.0638187,0.0024094581604003906
19806,normal,267,0,1782358621.0646052,0.0007865428924560547
19807,normal,2595,0,1782358621.067352,0.0027468204498291016
19808,normal,2927,0,1782358621.0692334,0.0018813610076904297
19809,normal,1647,0,1782358621.0710979,0.0018644332885742188
19810,normal,2979,0,1782358621.073053,0.0019550323486328125
19811,normal,2807,0,1782358621.0750535,0.002000570297241211
19812,normal,2618,0,1782358621.0770576,0.0020041465759277344
19813,normal,154,0,1782358621.0790596,0.0020020008087158203
19814,normal,3638,0,1782358621.081069,0.0020093917846679688
19815,normal,565,0,1782358621.083034,0.001965045928955078
19816,normal,2356,0,1782358621.0850642,0.0020301342010498047
19817,normal,1549,0,1782358621.0871096,0.0020453929901123047
19818,normal,939,2,1782358621.089193,0.0020835399627685547
19819,normal,2245,0,1782358621.0910892,0.0018961429595947266
19820,normal,2082,0,1782358621.0930555,0.001966238021850586
19821,normal,77,0,1782358621.0951545,0.0020990371704101562
19822,normal,665,0,1782358621.0971074,0.0019528865814208984
19823,normal,114,0,1782358621.09911,0.0020024776458740234
19824,normal,3055,1,1782358621.1012218,0.0021119117736816406
19825,normal,3098,1,1782358621.1030765,0.0018546581268310547
19826,normal,277,0,1782358621.1050606,0.001984119415283203
19827,normal,1247,0,1782358621.1071928,0.0021321773529052734
19828,normal,2347,0,1782358621.1091077,0.00191497802734375
19829,normal,3565,0,1782358621.1110547,0.0019469261169433594
19830,normal,2542,0,1782358621.1131554,0.002100706100463867
19831,normal,1329,1,1782358621.1153738,0.002218484878540039
19832,normal,1700,0,1782358621.1176198,0.0022459030151367188
19833,normal,2378,0,1782358621.1199033,0.0022835731506347656
19834,normal,3463,0,1782358621.120885,0.0009815692901611328
19835,normal,414,0,1782358621.1229012,0.002016305923461914
19836,normal,2131,0,1782358621.1248045,0.0019032955169677734
19837,normal,3650,0,1782358621.1269732,0.0021686553955078125
19838,normal,446,0,1782358621.128735,0.0017619132995605469
19839,normal,1084,0,1782358621.1307752,0.0020401477813720703
19840,normal,1340,1,1782358621.1326985,0.0019233226776123047
19841,normal,144,0,1782358621.1348372,0.0021386146545410156
19842,normal,1655,0,1782358621.1365364,0.001699209213256836
19843,normal,3159,1,1782358621.138854,0.002317667007446289
19844,normal,2787,0,1782358621.1407433,0.0018892288208007812
19845,normal,2693,0,1782358621.1427498,0.00200653076171875
19846,normal,248,0,1782358621.14471,0.001960277557373047
19847,normal,162,0,1782358621.1466916,0.001981496810913086
19848,normal,2300,0,1782358621.1487594,0.0020678043365478516
19849,normal,2482,0,1782358621.150694,0.0019345283508300781
19850,normal,2511,0,1782358621.1528752,0.0021812915802001953
19851,normal,3218,1,1782358621.1545408,0.0016655921936035156
19852,normal,503,0,1782358621.1576507,0.0031099319458007812
19853,normal,2731,0,1782358621.1597345,0.0020837783813476562
19854,normal,1082,0,1782358621.160559,0.0008244514465332031
19855,normal,1334,1,1782358621.162788,0.002228975296020508
19856,normal,499,0,1782358621.1647315,0.0019435882568359375
19857,normal,2169,0,1782358621.1667411,0.0020096302032470703
19858,normal,1176,0,1782358621.1687107,0.001969575881958008
19859,normal,1370,1,1782358621.170695,0.0019843578338623047
19860,normal,3372,1,1782358621.1727588,0.002063751220703125
19861,normal,29,0,1782358621.1746902,0.0019314289093017578
19862,normal,2410,0,1782358621.176761,0.0020706653594970703
19863,normal,1054,0,1782358621.178802,0.0020411014556884766
19864,normal,1055,0,1782358621.180539,0.0017368793487548828
19865,normal,2552,0,1782358621.182851,0.002312183380126953
19866,normal,3315,1,1782358621.1845384,0.0016872882843017578
19867,normal,653,0,1782358621.186856,0.002317667007446289
19868,normal,3187,1,1782358621.1887133,0.0018572807312011719
19869,normal,2966,0,1782358621.1906464,0.0019330978393554688
19870,normal,2043,0,1782358621.1926873,0.002040863037109375
19871,normal,3515,0,1782358621.1949296,0.0022423267364501953
19872,normal,891,2,1782358621.1965723,0.0016427040100097656
19873,normal,797,2,1782358621.198851,0.0022788047790527344
19874,normal,1486,0,1782358621.2006826,0.0018315315246582031
19875,normal,309,0,1782358621.2027233,0.0020406246185302734
19876,normal,2293,0,1782358621.204686,0.0019626617431640625
19877,normal,605,0,1782358621.2069275,0.0022416114807128906
19878,normal,1385,0,1782358621.208551,0.001623392105102539
19879,normal,3453,0,1782358621.2108502,0.0022993087768554688
19880,normal,2316,0,1782358621.2127404,0.0018901824951171875
19881,normal,237,0,1782358621.2147973,0.0020568370819091797
19882,normal,1215,0,1782358621.2166877,0.001890420913696289
19883,normal,790,2,1782358621.2187858,0.00209808349609375
19884,normal,1777,0,1782358621.220565,0.001779317855834961
19885,normal,2890,0,1782358621.2226467,0.002081632614135742
19886,normal,2038,0,1782358621.2246192,0.0019724369049072266
19887,normal,1890,0,1782358621.226712,0.0020928382873535156
19888,normal,3615,0,1782358621.2285101,0.0017981529235839844
19889,normal,1872,0,1782358621.2307436,0.0022335052490234375
19890,normal,1017,2,1782358621.2325332,0.0017895698547363281
19891,normal,992,2,1782358621.2346432,0.002110004425048828
19892,normal,723,0,1782358621.2367487,0.0021054744720458984
19893,normal,1232,0,1782358621.2385325,0.0017838478088378906
19894,normal,3520,0,1782358621.2406461,0.0021135807037353516
19895,normal,1322,1,1782358621.2427685,0.0021224021911621094
19896,normal,1561,0,1782358621.2445333,0.0017647743225097656
19897,normal,3524,0,1782358621.2466412,0.002107858657836914
19898,normal,3329,1,1782358621.2487526,0.0021114349365234375
19899,normal,765,0,1782358621.2505324,0.001779794692993164
19900,normal,3540,0,1782358621.2526407,0.002108335494995117
19901,normal,1115,0,1782358621.2547553,0.002114534378051758
19902,normal,3054,1,1782358621.2565324,0.0017771720886230469
19903,normal,2882,0,1782358621.2586427,0.0021102428436279297
19904,normal,3318,1,1782358621.2607586,0.002115964889526367
19905,normal,2439,0,1782358621.262534,0.0017752647399902344
19906,normal,1319,1,1782358621.264638,0.002104043960571289
19907,normal,3180,1,1782358621.2667258,0.002087831497192383
19908,normal,2247,0,1782358621.26854,0.001814126968383789
19909,normal,2187,0,1782358621.2706404,0.0021004676818847656
19910,normal,2680,0,1782358621.2727673,0.002126932144165039
19911,normal,590,0,1782358621.2745357,0.001768350601196289
19912,normal,2064,0,1782358621.2766364,0.002100706100463867
19913,normal,572,0,1782358621.2787623,0.002125978469848633
19914,normal,300,0,1782358621.2805326,0.0017702579498291016
19915,normal,1971,0,1782358621.2826424,0.0021097660064697266
19916,normal,2591,0,1782358621.2847035,0.002061128616333008
19917,normal,1732,0,1782358621.286535,0.0018315315246582031
19918,normal,3052,1,1782358621.2886443,0.0021092891693115234
19919,normal,1310,0,1782358621.2907684,0.0021240711212158203
19920,normal,3219,1,1782358621.2927413,0.0019729137420654297
19921,normal,2281,0,1782358621.294643,0.0019016265869140625
19922,normal,998,2,1782358621.2967699,0.002126932144165039
19923,normal,911,2,1782358621.2985342,0.0017642974853515625
19924,normal,3684,0,1782358621.3006852,0.002151012420654297
19925,normal,1365,1,1782358621.3027556,0.0020704269409179688
19926,normal,2683,0,1782358621.304537,0.001781463623046875
19927,normal,2019,0,1782358621.3066378,0.002100706100463867
19928,normal,1503,0,1782358621.3087764,0.0021386146545410156
19929,normal,3475,0,1782358621.3105352,0.0017588138580322266
19930,normal,2009,0,1782358621.312638,0.0021028518676757812
19931,normal,1691,0,1782358621.3147762,0.0021381378173828125
19932,normal,1194,0,1782358621.3165348,0.001758575439453125
19933,normal,2674,0,1782358621.3185349,0.002000093460083008
19934,normal,2093,0,1782358621.320704,0.0021691322326660156
19935,normal,2965,0,1782358621.3225229,0.0018188953399658203
19936,normal,3635,0,1782358621.324642,0.0021190643310546875
19937,normal,83,0,1782358621.3267813,0.0021393299102783203
19938,normal,2480,0,1782358621.3285322,0.001750946044921875
19939,normal,3522,0,1782358621.3306425,0.0021102428436279297
19940,normal,437,0,1782358621.3325417,0.0018992424011230469
19941,normal,2525,0,1782358621.3347235,0.0021817684173583984
19942,normal,462,0,1782358621.33651,0.0017864704132080078
19943,normal,730,0,1782358621.3387086,0.0021986961364746094
19944,normal,2262,0,1782358621.3405318,0.0018231868743896484
19945,normal,1014,2,1782358621.342644,0.002112150192260742
19946,normal,1200,0,1782358621.3446949,0.0020508766174316406
19947,normal,166,0,1782358621.3465328,0.0018379688262939453
19948,normal,1289,0,1782358621.3486013,0.0020685195922851562
19949,normal,104,0,1782358621.3505485,0.001947164535522461
19950,normal,2278,0,1782358621.3525553,0.0020067691802978516
19951,normal,3557,0,1782358621.3546312,0.0020759105682373047
19952,normal,2573,0,1782358621.3565805,0.001949310302734375
19953,normal,2752,0,1782358621.3588307,0.002250194549560547
19954,normal,1631,0,1782358621.3605697,0.0017390251159667969
19955,normal,1263,0,1782358621.362655,0.0020852088928222656
19956,normal,180,0,1782358621.3645322,0.0018773078918457031
19957,normal,483,0,1782358621.3666515,0.002119302749633789
19958,normal,2173,0,1782358621.3685725,0.001920938491821289
19959,normal,852,2,1782358621.3707392,0.002166748046875
19960,normal,766,0,1782358621.372514,0.0017747879028320312
19961,normal,2459,0,1782358621.3747277,0.002213716506958008
19962,normal,2126,0,1782358621.3765314,0.0018036365509033203
19963,normal,2496,0,1782358621.3786511,0.002119779586791992
19964,normal,2853,0,1782358621.3807065,0.0020554065704345703
19965,normal,3366,1,1782358621.3825328,0.0018262863159179688
19966,normal,1346,1,1782358621.384508,0.0019750595092773438
19967,normal,1298,0,1782358621.3866339,0.002125978469848633
19968,normal,547,0,1782358621.3885553,0.0019214153289794922
19969,normal,2688,0,1782358621.3906097,0.002054452896118164
19970,normal,1171,0,1782358621.3925931,0.0019834041595458984
19971,normal,80,0,1782358621.3946521,0.0020589828491210938
19972,normal,1759,0,1782358621.3965182,0.0018661022186279297
19973,normal,1638,0,1782358621.3986897,0.0021715164184570312
19974,normal,2856,0,1782358621.40055,0.0018601417541503906
19975,normal,1918,0,1782358621.402602,0.0020520687103271484
19976,normal,2041,0,1782358621.40472,0.0021181106567382812
19977,normal,575,0,1782358621.4065483,0.0018281936645507812
19978,normal,271,0,1782358621.4086013,0.0020530223846435547
19979,normal,204,0,1782358621.410593,0.001991748809814453
19980,normal,1720,0,1782358621.412641,0.002048015594482422
19981,normal,62,0,1782358621.4145136,0.0018725395202636719
19982,normal,1060,0,1782358621.4167,0.002186298370361328
19983,normal,3594,0,1782358621.418551,0.0018510818481445312
19984,normal,3651,0,1782358621.4206045,0.002053499221801758
19985,normal,2578,0,1782358621.4226,0.001995563507080078
19986,normal,392,0,1782358621.4246404,0.002040386199951172
19987,normal,1445,0,1782358621.4265132,0.0018727779388427734
19988,normal,1151,0,1782358621.4287066,0.002193450927734375
19989,normal,3698,0,1782358621.430559,0.001852273941040039
19990,normal,2646,0,1782358621.4326026,0.0020437240600585938
19991,normal,1475,0,1782358621.4346035,0.0020008087158203125
19992,normal,1597,0,1782358621.4366405,0.00203704833984375
19993,normal,124,0,1782358621.438685,0.0020444393157958984
19994,normal,3472,0,1782358621.4407494,0.0020644664764404297
19995,normal,1515,0,1782358621.442526,0.0017766952514648438
19996,normal,2561,0,1782358621.4446397,0.0021135807037353516
19997,normal,1979,0,1782358621.4467344,0.002094745635986328
19998,normal,3709,0,1782358621.44853,0.0017955303192138672
19999,normal,3493,0,1782358621.450627,0.0020971298217773438
20000,normal,871,2,1782358621.452757,0.002129793167114258
20001,normal,2887,0,1782358621.4545295,0.0017726421356201172
20002,normal,2898,0,1782358621.4566386,0.002109050750732422
20003,normal,2641,0,1782358621.458741,0.002102375030517578
20004,normal,1411,0,1782358621.4605296,0.0017886161804199219
20005,normal,886,2,1782358621.4626389,0.0021092891693115234
20006,normal,1938,0,1782358621.4647455,0.0021066665649414062
20007,normal,1021,2,1782358621.4665494,0.0018038749694824219
20008,normal,1951,0,1782358621.4686377,0.002088308334350586
20009,normal,485,0,1782358621.470747,0.0021092891693115234
20010,normal,2706,0,1782358621.4725318,0.0017848014831542969
20011,normal,146,0,1782358621.474641,0.0021092891693115234
20012,normal,3057,1,1782358621.476748,0.002106904983520508
20013,normal,2811,0,1782358621.4785268,0.0017788410186767578
20014,normal,1001,2,1782358621.4806383,0.0021114349365234375
20015,normal,617,0,1782358621.4827514,0.0021131038665771484
20016,normal,3428,0,1782358621.4845467,0.0017952919006347656
20017,normal,1219,0,1782358621.4866393,0.002092599868774414
20018,normal,3548,0,1782358621.488752,0.0021126270294189453
20019,normal,3546,0,1782358621.4905322,0.0017802715301513672
20020,normal,443,0,1782358621.4926414,0.0021092891693115234
20021,normal,2235,0,1782358621.4947789,0.002137422561645508
20022,normal,2638,0,1782358621.4971907,0.0024118423461914062
20023,normal,3396,1,1782358621.4988225,0.0016317367553710938
20024,normal,1740,0,1782358621.5006835,0.0018610954284667969
20025,normal,3680,0,1782358621.5025818,0.0018982887268066406
20026,normal,2679,0,1782358621.50468,0.00209808349609375
20027,normal,588,0,1782358621.5066917,0.0020117759704589844
20028,normal,1505,0,1782358621.5087657,0.002074003219604492
20029,normal,3345,1,1782358621.5106878,0.0019221305847167969
20030,normal,2433,0,1782358621.5128794,0.0021915435791015625
20031,normal,681,0,1782358621.5145426,0.0016632080078125
20032,normal,3476,0,1782358621.5168717,0.002329111099243164
20033,normal,1388,0,1782358621.5187383,0.0018665790557861328
20034,normal,1308,0,1782358621.5205884,0.001850128173828125
20035,normal,1333,1,1782358621.5226963,0.002107858657836914
20036,normal,925,2,1782358621.5246878,0.0019915103912353516
20037,normal,3155,1,1782358621.5264885,0.0018007755279541016
20038,normal,2820,0,1782358621.5286424,0.0021538734436035156
20039,normal,2195,0,1782358621.530742,0.0020995140075683594
20040,normal,1133,0,1782358621.5325365,0.001794576644897461
20041,normal,3290,1,1782358621.5345607,0.0020241737365722656
20042,normal,1610,0,1782358621.5367174,0.0021567344665527344
20043,normal,1609,0,1782358621.5384743,0.001756906509399414
20044,normal,3238,1,1782358621.5408375,0.0023632049560546875
20045,normal,3201,1,1782358621.5428252,0.0019876956939697266
20046,normal,1109,0,1782358621.5447352,0.0019099712371826172
20047,normal,121,0,1782358621.5466962,0.0019609928131103516
20048,normal,600,0,1782358621.5489292,0.0022330284118652344
20049,normal,347,0,1782358621.5506456,0.0017163753509521484
20050,normal,2520,0,1782358621.552715,0.0020694732666015625
20051,normal,3166,1,1782358621.5549126,0.0021975040435791016
20052,normal,3317,1,1782358621.556797,0.00188446044921875
20053,normal,975,2,1782358621.5586917,0.0018947124481201172
20054,normal,2743,0,1782358621.5608568,0.002165079116821289
20055,normal,2331,0,1782358621.562558,0.0017011165618896484
20056,normal,669,0,1782358621.564867,0.002309083938598633
20057,normal,2833,0,1782358621.5667152,0.0018482208251953125
20058,normal,3222,1,1782358621.5685656,0.0018503665924072266
20059,normal,3367,1,1782358621.570866,0.0023005008697509766
20060,normal,3050,1,1782358621.5727181,0.0018520355224609375
20061,normal,689,0,1782358621.5750902,0.0023720264434814453
20062,normal,501,0,1782358621.5770578,0.0019676685333251953
20063,normal,1838,0,1782358621.579043,0.0019850730895996094
20064,normal,1015,2,1782358621.581075,0.002032041549682617
20065,normal,1795,0,1782358621.5830612,0.001986265182495117
20066,normal,2488,0,1782358621.5850406,0.001979351043701172
20067,normal,2160,0,1782358621.587051,0.002010345458984375
20068,normal,3640,0,1782358621.5893655,0.0023145675659179688
20069,normal,3308,1,1782358621.5916178,0.002252340316772461
20070,normal,205,0,1782358621.593368,0.0017502307891845703
20071,normal,937,2,1782358621.5951073,0.0017392635345458984
20072,normal,3537,0,1782358621.5970516,0.0019443035125732422
20073,normal,608,0,1782358621.5990593,0.002007722854614258
20074,normal,3189,1,1782358621.6013753,0.002315998077392578
20075,normal,371,0,1782358621.603603,0.0022275447845458984
20076,normal,712,0,1782358621.6052783,0.0016753673553466797
20077,normal,1817,0,1782358621.6071167,0.0018384456634521484
20078,normal,1342,1,1782358621.6090462,0.0019295215606689453
20079,normal,3419,0,1782358621.6110575,0.0020112991333007812
20080,normal,1677,0,1782358621.6130798,0.002022266387939453
20081,normal,2133,0,1782358621.61515,0.002070188522338867
20082,normal,1279,0,1782358621.6170552,0.001905202865600586
20083,normal,1415,0,1782358621.6190639,0.002008676528930664
20084,normal,945,2,1782358621.6210933,0.0020294189453125
20085,normal,811,2,1782358621.6231942,0.0021009445190429688
20086,normal,902,2,1782358621.625081,0.0018868446350097656
20087,normal,903,2,1782358621.6270518,0.0019707679748535156
20088,normal,1179,0,1782358621.628813,0.0017611980438232422
20089,normal,3700,0,1782358621.631189,0.002376079559326172
20090,normal,3587,0,1782358621.63325,0.0020608901977539062
20091,normal,1106,0,1782358621.6354487,0.0021986961364746094
20092,normal,2535,0,1782358621.6374102,0.0019614696502685547
20093,normal,1379,1,1782358621.6392334,0.0018231868743896484
20094,normal,2349,0,1782358621.6411164,0.0018830299377441406
20095,normal,1637,0,1782358621.6427872,0.00167083740234375
20096,normal,1518,0,1782358621.645192,0.0024046897888183594
20097,normal,2156,0,1782358621.6471875,0.001995563507080078
20098,normal,259,0,1782358621.649377,0.00218963623046875
20099,normal,17,0,1782358621.651385,0.0020079612731933594
20100,normal,1044,0,1782358621.653192,0.0018069744110107422
20101,normal,3678,0,1782358621.6554606,0.002268552780151367
20102,normal,599,0,1782358621.6576097,0.0021491050720214844
20103,normal,1815,0,1782358621.6594033,0.0017936229705810547
20104,normal,3416,0,1782358621.6614525,0.0020492076873779297
20105,normal,699,0,1782358621.6631594,0.001706838607788086
20106,normal,1024,2,1782358621.6651108,0.001951456069946289
20107,normal,3204,1,1782358621.6672719,0.0021610260009765625
20108,normal,453,0,1782358621.6693778,0.0021059513092041016
20109,normal,3375,1,1782358621.6713295,0.0019516944885253906
20110,normal,1866,0,1782358621.673355,0.002025604248046875
20111,normal,645,0,1782358621.6755705,0.0022153854370117188
20112,normal,345,0,1782358621.6773775,0.0018069744110107422
20113,normal,3564,0,1782358621.6794348,0.002057313919067383
20114,normal,3639,0,1782358621.681147,0.0017123222351074219
20115,normal,1651,0,1782358621.6831293,0.0019822120666503906
20116,normal,652,0,1782358621.6850288,0.0018994808197021484
20117,normal,782,2,1782358621.6870506,0.00202178955078125
20118,normal,3039,0,1782358621.6894891,0.0024385452270507812
20119,normal,2909,0,1782358621.6914122,0.0019230842590332031
20120,normal,3628,0,1782358621.6936524,0.0022401809692382812
20121,normal,2771,0,1782358621.6954188,0.0017664432525634766
20122,normal,2819,0,1782358621.697389,0.001970052719116211
20123,normal,727,0,1782358621.6992688,0.0018799304962158203
20124,normal,612,0,1782358621.7011693,0.0019004344940185547
20125,normal,1876,0,1782358621.7033854,0.0022161006927490234
20126,normal,2829,0,1782358621.7053647,0.001979351043701172
20127,normal,2831,0,1782358621.7072136,0.0018489360809326172
20128,normal,3176,1,1782358621.7093697,0.0021560192108154297
20129,normal,2324,0,1782358621.7116244,0.0022547245025634766
20130,normal,3460,0,1782358621.7133603,0.0017359256744384766
20131,normal,404,0,1782358621.715489,0.00212860107421875
20132,normal,2585,0,1782358621.717615,0.002125978469848633
20133,normal,3143,1,1782358621.7193365,0.0017216205596923828
20134,normal,3490,0,1782358621.721942,0.002605438232421875
20135,normal,2140,0,1782358621.7224824,0.0005404949188232422
20136,normal,2115,0,1782358621.7247164,0.0022339820861816406
20137,normal,2908,0,1782358621.7271972,0.002480745315551758
20138,normal,3013,0,1782358621.729502,0.0023047924041748047
20139,normal,1833,0,1782358621.7312026,0.0017006397247314453
20140,normal,2371,0,1782358621.7337778,0.0025751590728759766
20141,normal,100,0,1782358621.7354887,0.0017108917236328125
20142,normal,1406,0,1782358621.7372754,0.0017867088317871094
20143,normal,201,0,1782358621.739096,0.0018205642700195312
20144,normal,3613,0,1782358621.7409372,0.0018413066864013672
20145,normal,809,2,1782358621.7425408,0.0016036033630371094
20146,normal,1829,0,1782358621.744727,0.0021860599517822266
20147,normal,361,0,1782358621.7465208,0.0017938613891601562
20148,normal,3198,1,1782358621.748836,0.0023152828216552734
20149,normal,362,0,1782358621.7504945,0.0016584396362304688
20150,normal,1254,0,1782358621.7528355,0.002341032028198242
20151,normal,2325,0,1782358621.7546508,0.0018153190612792969
20152,normal,2953,0,1782358621.7566917,0.002040863037109375
20153,normal,2963,0,1782358621.7588983,0.002206563949584961
20154,normal,2902,0,1782358621.7605247,0.0016264915466308594
20155,normal,3566,0,1782358621.7627008,0.002176046371459961
20156,normal,3024,0,1782358621.765488,0.0027871131896972656
20157,normal,836,2,1782358621.76733,0.0018420219421386719
20158,normal,684,0,1782358621.7691271,0.0017971992492675781
20159,normal,1977,0,1782358621.7710426,0.0019154548645019531
20160,normal,3220,1,1782358621.7726436,0.0016009807586669922
20161,normal,1271,0,1782358621.774733,0.0020895004272460938
20162,normal,2957,0,1782358621.7765663,0.001833200454711914
20163,normal,2806,0,1782358621.7788963,0.0023300647735595703
20164,normal,3221,1,1782358621.7813892,0.0024929046630859375
20165,normal,3049,1,1782358621.783336,0.0019466876983642578
20166,normal,2403,0,1782358621.7852144,0.001878499984741211
20167,normal,907,2,1782358621.7865548,0.0013403892517089844
20168,normal,2604,0,1782358621.7892094,0.002654552459716797
20169,normal,3666,0,1782358621.7911055,0.0018961429595947266
20170,normal,3481,0,1782358621.7931426,0.00203704833984375
20171,normal,1709,0,1782358621.794933,0.0017905235290527344
20172,normal,1945,0,1782358621.7970824,0.002149343490600586
20173,normal,2749,0,1782358621.799089,0.00200653076171875
20174,normal,1202,0,1782358621.8010778,0.0019888877868652344
20175,normal,283,0,1782358621.803082,0.0020041465759277344
20176,normal,288,0,1782358621.8050866,0.0020046234130859375
20177,normal,3141,1,1782358621.8070765,0.0019898414611816406
20178,normal,3134,1,1782358621.809217,0.002140522003173828
20179,normal,2622,0,1782358621.811154,0.0019369125366210938
20180,normal,2386,0,1782358621.8130836,0.0019297599792480469
20181,normal,2862,0,1782358621.8150833,0.0019996166229248047
20182,normal,2527,0,1782358621.8171132,0.002029895782470703
20183,normal,2586,0,1782358621.8190777,0.001964569091796875
20184,normal,1468,0,1782358621.8211339,0.002056121826171875
20185,normal,1556,0,1782358621.8231568,0.002022981643676758
20186,normal,2265,0,1782358621.825099,0.0019421577453613281
20187,normal,1870,0,1782358621.8272166,0.002117633819580078
20188,normal,567,0,1782358621.8291569,0.0019402503967285156
20189,normal,2447,0,1782358621.8310926,0.001935720443725586
20190,normal,1192,0,1782358621.8330803,0.0019876956939697266
20191,normal,1965,0,1782358621.8350844,0.0020041465759277344
20192,normal,1177,0,1782358621.8370862,0.0020017623901367188
20193,normal,1797,0,1782358621.8391786,0.0020923614501953125
20194,normal,3702,0,1782358621.8414097,0.002231121063232422
20195,normal,667,0,1782358621.843704,0.002294301986694336
20196,normal,3156,1,1782358621.8458805,0.002176523208618164
20197,normal,2044,0,1782358621.846733,0.0008525848388671875
20198,normal,1412,0,1782358621.84905,0.0023169517517089844
20199,normal,1805,0,1782358621.8511887,0.0021386146545410156
20200,normal,3660,0,1782358621.853128,0.0019392967224121094
20201,normal,2236,0,1782358621.8550603,0.001932382583618164
20202,normal,1722,0,1782358621.8570473,0.001986980438232422
20203,normal,3014,0,1782358621.8590648,0.002017498016357422
20204,normal,429,0,1782358621.8611038,0.0020389556884765625
20205,normal,3335,1,1782358621.8636186,0.0025148391723632812
20206,normal,2204,0,1782358621.865317,0.0016984939575195312
20207,normal,2343,0,1782358621.86755,0.002232789993286133
20208,normal,1555,0,1782358621.869263,0.0017130374908447266
20209,normal,1966,0,1782358621.8711371,0.0018742084503173828
20210,normal,426,0,1782358621.8731854,0.0020482540130615234
20211,normal,1440,0,1782358621.8750656,0.0018801689147949219
20212,normal,1439,0,1782358621.8770642,0.0019986629486083984
20213,normal,56,0,1782358621.8790994,0.0020351409912109375
20214,normal,1043,0,1782358621.8811934,0.0020940303802490234
20215,normal,1423,0,1782358621.8833795,0.0021860599517822266
20216,normal,3088,1,1782358621.8856423,0.0022628307342529297
20217,normal,1161,0,1782358621.8865726,0.0009303092956542969
20218,normal,1037,0,1782358621.8888104,0.0022377967834472656
20219,normal,1999,0,1782358621.8914077,0.002597332000732422
20220,normal,1534,0,1782358621.8931928,0.0017850399017333984
20221,normal,2201,0,1782358621.895228,0.0020351409912109375
20222,normal,88,0,1782358621.8969443,0.0017163753509521484
20223,normal,2372,0,1782358621.8990462,0.002101898193359375
20224,normal,2427,0,1782358621.901058,0.0020117759704589844
20225,normal,325,0,1782358621.903095,0.00203704833984375
20226,normal,1626,0,1782358621.9051921,0.0020971298217773438
20227,normal,24,0,1782358621.9075015,0.0023093223571777344
20228,normal,219,0,1782358621.9096444,0.0021429061889648438
20229,normal,2118,0,1782358621.9118614,0.0022170543670654297
20230,normal,960,2,1782358621.912734,0.0008726119995117188
20231,normal,140,0,1782358621.9158783,0.0031442642211914062
20232,normal,1259,0,1782358621.916582,0.0007038116455078125
20233,normal,947,2,1782358621.9190536,0.002471446990966797
20234,normal,422,0,1782358621.9218376,0.0027840137481689453
20235,normal,2974,0,1782358621.9226372,0.0007996559143066406
20236,normal,3553,0,1782358621.9248376,0.0022003650665283203
20237,normal,2151,0,1782358621.9278998,0.0030622482299804688
20238,normal,2609,0,1782358621.9285774,0.0006775856018066406
20239,normal,3236,1,1782358621.9307935,0.0022161006927490234
20240,normal,1901,0,1782358621.9337835,0.0029900074005126953
20241,normal,3626,0,1782358621.9355588,0.0017752647399902344
20242,normal,2192,0,1782358621.9372504,0.001691579818725586
20243,normal,1770,0,1782358621.9397972,0.0025467872619628906
20244,normal,76,0,1782358621.9415152,0.0017180442810058594
20245,normal,3683,0,1782358621.9431329,0.0016176700592041016
20246,normal,2318,0,1782358621.9449165,0.001783609390258789
20247,normal,1391,0,1782358621.947047,0.0021305084228515625
20248,normal,487,0,1782358621.94908,0.0020329952239990234
20249,normal,974,2,1782358621.9510434,0.001963376998901367
20250,normal,515,0,1782358621.9531488,0.0021054744720458984
20251,normal,2877,0,1782358621.955374,0.002225160598754883
20252,normal,1873,0,1782358621.9566326,0.0012586116790771484
20253,normal,1238,0,1782358621.9591086,0.0024759769439697266
20254,normal,3105,1,1782358621.9618413,0.0027327537536621094
20255,normal,1214,0,1782358621.9627821,0.0009407997131347656
20256,normal,1538,0,1782358621.9650826,0.0023005008697509766
20257,normal,3340,1,1782358621.9670625,0.001979827880859375
20258,normal,3535,0,1782358621.9691129,0.0020503997802734375
20259,normal,1944,0,1782358621.9711814,0.0020685195922851562
20260,normal,3164,1,1782358621.9731286,0.001947164535522461
20261,normal,2784,0,1782358621.9751923,0.002063751220703125
20262,normal,266,0,1782358621.9771843,0.0019919872283935547
20263,normal,2049,0,1782358621.9794788,0.0022945404052734375
20264,normal,3337,1,1782358621.9816322,0.0021533966064453125
20265,normal,1550,0,1782358621.9825785,0.0009462833404541016
20266,normal,1882,0,1782358621.9850667,0.0024881362915039062
20267,normal,1268,0,1782358621.9869897,0.0019230842590332031
20268,normal,1273,0,1782358621.9892323,0.002242565155029297
20269,normal,576,0,1782358621.9913719,0.002139568328857422
20270,normal,1600,0,1782358621.9934454,0.002073526382446289
20271,normal,1491,0,1782358621.9951885,0.0017430782318115234
20272,normal,113,0,1782358621.9974954,0.0023069381713867188
20273,normal,1351,1,1782358621.9996321,0.002136707305908203
20274,normal,3417,0,1782358622.0018895,0.0022573471069335938
20275,normal,16,0,1782358622.0027232,0.0008337497711181641
20276,normal,450,0,1782358622.0050523,0.002329111099243164
20277,normal,3060,1,1782358622.0071862,0.0021338462829589844
20278,normal,1016,2,1782358622.0094972,0.0023109912872314453
20279,normal,3596,0,1782358622.0116467,0.0021495819091796875
20280,normal,2083,0,1782358622.013882,0.0022351741790771484
20281,normal,3009,0,1782358622.0145361,0.0006542205810546875
20282,normal,3529,0,1782358622.0171647,0.0026285648345947266
20283,normal,3423,0,1782358622.0191863,0.0020215511322021484
20284,normal,2794,0,1782358622.0211565,0.0019702911376953125
20285,normal,380,0,1782358622.023106,0.0019495487213134766
20286,normal,1772,0,1782358622.0251029,0.001996755599975586
20287,normal,3336,1,1782358622.027068,0.001965045928955078
20288,normal,2132,0,1782358622.0291061,0.002038240432739258
20289,normal,2402,0,1782358622.0311797,0.002073526382446289
20290,normal,1830,0,1782358622.033098,0.0019183158874511719
20291,normal,509,0,1782358622.03518,0.0020821094512939453
20292,normal,643,0,1782358622.0371008,0.0019207000732421875
20293,normal,2703,0,1782358622.039178,0.0020771026611328125
20294,normal,2849,0,1782358622.0410295,0.0018515586853027344
20295,normal,3405,0,1782358622.0430546,0.002025127410888672
20296,normal,513,0,1782358622.0450218,0.001967191696166992
20297,normal,2576,0,1782358622.0470884,0.0020666122436523438
20298,normal,447,0,1782358622.0490127,0.001924276351928711
20299,normal,551,0,1782358622.051266,0.002253293991088867
20300,normal,1138,0,1782358622.0530345,0.0017685890197753906
20301,normal,1462,0,1782358622.0550814,0.002046823501586914
20302,normal,3161,1,1782358622.05704,0.001958608627319336
20303,normal,3347,1,1782358622.0590148,0.001974821090698242
20304,normal,1586,0,1782358622.0614889,0.002474069595336914
20305,normal,3021,0,1782358622.0633948,0.0019059181213378906
20306,normal,2593,0,1782358622.0657077,0.002312898635864258
20307,normal,1490,0,1782358622.0678422,0.002134561538696289
20308,normal,2668,0,1782358622.0695183,0.0016760826110839844
20309,normal,272,0,1782358622.0717697,0.0022513866424560547
20310,normal,2430,0,1782358622.072879,0.0011093616485595703
20311,normal,1479,0,1782358622.0747948,0.0019156932830810547
20312,normal,2708,0,1782358622.0778635,0.003068685531616211
20313,normal,2171,0,1782358622.078563,0.0006995201110839844
20314,normal,2304,0,1782358622.081099,0.0025360584259033203
20315,normal,3319,1,1782358622.0837393,0.002640247344970703
20316,normal,2024,0,1782358622.0861428,0.0024034976959228516
20317,normal,3264,1,1782358622.086721,0.0005781650543212891
20318,normal,3279,1,1782358622.0893338,0.0026128292083740234
20319,normal,1317,0,1782358622.0912058,0.0018720626831054688
20320,normal,1760,0,1782358622.093489,0.0022830963134765625
20321,normal,1034,0,1782358622.095602,0.0021131038665771484
20322,normal,3128,1,1782358622.0966182,0.0010161399841308594
20323,normal,1972,0,1782358622.099164,0.0025458335876464844
20324,normal,3328,1,1782358622.1010907,0.0019266605377197266
20325,normal,3103,1,1782358622.1029243,0.0018336772918701172
20326,normal,1690,0,1782358622.1049423,0.002017974853515625
20327,normal,1861,0,1782358622.1073139,0.002371549606323242
20328,normal,1353,1,1782358622.1090918,0.0017778873443603516
20329,normal,3099,1,1782358622.110954,0.0018622875213623047
20330,normal,2518,0,1782358622.1129336,0.0019795894622802734
20331,normal,2244,0,1782358622.114962,0.0020284652709960938
20332,normal,410,0,1782358622.117342,0.002379894256591797
20333,normal,961,2,1782358622.119566,0.002223968505859375
20334,normal,793,2,1782358622.1206057,0.001039743423461914
20335,normal,1803,0,1782358622.1230636,0.002457857131958008
20336,normal,3090,1,1782358622.1251035,0.0020399093627929688
20337,normal,185,0,1782358622.1269464,0.0018429756164550781
20338,normal,2469,0,1782358622.1291282,0.0021817684173583984
20339,normal,629,0,1782358622.1309903,0.0018620491027832031
20340,normal,241,0,1782358622.132981,0.001990795135498047
20341,normal,2507,0,1782358622.135409,0.0024280548095703125
20342,normal,287,0,1782358622.13757,0.002160787582397461
20343,normal,3129,1,1782358622.1390898,0.001519918441772461
20344,normal,406,0,1782358622.1409817,0.0018918514251708984
20345,normal,1441,0,1782358622.1435091,0.002527475357055664
20346,normal,358,0,1782358622.145235,0.001725912094116211
20347,normal,918,2,1782358622.1470878,0.0018527507781982422
20348,normal,3151,1,1782358622.1487997,0.0017118453979492188
20349,normal,3162,1,1782358622.15096,0.002160310745239258
20350,normal,3160,1,1782358622.153148,0.002187967300415039
20351,normal,1570,0,1782358622.1550522,0.0019042491912841797
20352,normal,618,0,1782358622.1570473,0.001995086669921875
20353,normal,3588,0,1782358622.1590815,0.0020341873168945312
20354,normal,1687,0,1782358622.161056,0.0019745826721191406
20355,normal,2282,0,1782358622.163149,0.002093076705932617
20356,normal,1212,0,1782358622.165528,0.0023789405822753906
20357,normal,1575,0,1782358622.1676085,0.0020804405212402344
20358,normal,3147,1,1782358622.1693456,0.0017371177673339844
20359,normal,2189,0,1782358622.1711257,0.0017800331115722656
20360,normal,1928,0,1782358622.1730623,0.0019366741180419922
20361,normal,1131,0,1782358622.1752048,0.0021424293518066406
20362,normal,1582,0,1782358622.1773894,0.002184629440307617
20363,normal,1578,0,1782358622.1796255,0.0022361278533935547
20364,normal,815,2,1782358622.1813805,0.0017549991607666016
20365,normal,3140,1,1782358622.1831658,0.0017852783203125
20366,normal,646,0,1782358622.1852791,0.00211334228515625
20367,normal,3205,1,1782358622.1871364,0.0018572807312011719
20368,normal,3571,0,1782358622.1892426,0.002106189727783203
20369,normal,1092,0,1782358622.1915367,0.0022940635681152344
20370,normal,1265,0,1782358622.1932554,0.001718759536743164
20371,normal,2981,0,1782358622.195324,0.0020685195922851562
20372,normal,3203,1,1782358622.197033,0.001708984375
20373,normal,3469,0,1782358622.199026,0.0019931793212890625
20374,normal,184,0,1782358622.2013566,0.0023305416107177734
20375,normal,27,0,1782358622.203558,0.0022013187408447266
20376,normal,3690,0,1782358622.2052708,0.001712799072265625
20377,normal,784,2,1782358622.2070975,0.0018267631530761719
20378,normal,528,0,1782358622.209161,0.0020635128021240234
20379,normal,1736,0,1782358622.211066,0.0019049644470214844
20380,normal,2995,0,1782358622.213082,0.0020160675048828125
20381,normal,2113,0,1782358622.2150593,0.001977205276489258
20382,normal,706,0,1782358622.2170613,0.0020020008087158203
20383,normal,2355,0,1782358622.219399,0.0023376941680908203
20384,normal,1344,1,1782358622.2220666,0.002667665481567383
20385,normal,1158,0,1782358622.2225707,0.0005040168762207031
20386,normal,2493,0,1782358622.22526,0.002689361572265625
20387,normal,3091,1,1782358622.2269561,0.0016961097717285156
20388,normal,191,0,1782358622.229419,0.0024628639221191406
20389,normal,1049,0,1782358622.2312238,0.0018048286437988281
20390,normal,3426,0,1782358622.233064,0.0018401145935058594
20391,normal,2534,0,1782358622.2350945,0.002030611038208008
20392,normal,968,2,1782358622.2370875,0.001992940902709961
20393,normal,1672,0,1782358622.23905,0.001962423324584961
20394,normal,2108,0,1782358622.241155,0.0021049976348876953
20395,normal,238,0,1782358622.2433972,0.0022423267364501953
20396,normal,97,0,1782358622.2456374,0.0022401809692382812
20397,normal,3265,1,1782358622.2473826,0.0017452239990234375
20398,normal,1315,0,1782358622.2491782,0.0017955303192138672
20399,normal,304,0,1782358622.2510133,0.0018351078033447266
20400,normal,2230,0,1782358622.2530355,0.002022266387939453
20401,normal,563,0,1782358622.255071,0.002035379409790039
20402,normal,556,0,1782358622.257032,0.0019609928131103516
20403,normal,1368,1,1782358622.259036,0.0020041465759277344
20404,normal,721,0,1782358622.261377,0.002341032028198242
20405,normal,2311,0,1782358622.2636356,0.0022585391998291016
20406,normal,2930,0,1782358622.2653892,0.0017535686492919922
20407,normal,517,0,1782358622.267178,0.0017888545989990234
20408,normal,1374,1,1782358622.269039,0.0018608570098876953
20409,normal,25,0,1782358622.2710369,0.0019979476928710938
20410,normal,2248,0,1782358622.2733996,0.0023627281188964844
20411,normal,705,0,1782358622.2753253,0.0019257068634033203
20412,normal,2886,0,1782358622.277187,0.0018618106842041016
20413,normal,3623,0,1782358622.2793999,0.0022127628326416016
20414,normal,2197,0,1782358622.281638,0.002238035202026367
20415,normal,1859,0,1782358622.2834065,0.0017685890197753906
20416,normal,482,0,1782358622.2851975,0.0017910003662109375
20417,normal,627,0,1782358622.2871468,0.001949310302734375
20418,normal,654,0,1782358622.289018,0.0018711090087890625
20419,normal,1262,0,1782358622.2911353,0.0021173954010009766
20420,normal,558,0,1782358622.2931156,0.001980304718017578
20421,normal,1548,0,1782358622.2950292,0.0019135475158691406
20422,normal,2786,0,1782358622.2971,0.002070903778076172
20423,normal,1036,0,1782358622.2990685,0.0019683837890625
20424,normal,1145,0,1782358622.3011053,0.0020368099212646484
20425,normal,752,0,1782358622.3027482,0.0016429424285888672
20426,normal,2603,0,1782358622.3051128,0.002364635467529297
20427,normal,2996,0,1782358622.307064,0.0019512176513671875
20428,normal,1157,0,1782358622.3095515,0.0024874210357666016
20429,normal,778,2,1782358622.3116221,0.0020706653594970703
20430,normal,656,0,1782358622.3133814,0.0017592906951904297
20431,normal,2022,0,1782358622.3154185,0.00203704833984375
20432,normal,741,0,1782358622.3173842,0.001965761184692383
20433,normal,2071,0,1782358622.319352,0.0019676685333251953
20434,normal,2962,0,1782358622.3214748,0.0021228790283203125
20435,normal,494,0,1782358622.3232102,0.0017354488372802734
20436,normal,2783,0,1782358622.3252609,0.002050638198852539
20437,normal,2456,0,1782358622.3273597,0.0020987987518310547
20438,normal,2871,0,1782358622.3296382,0.002278566360473633
20439,normal,932,2,1782358622.3317525,0.0021142959594726562
20440,normal,170,0,1782358622.3334477,0.0016951560974121094
20441,normal,1940,0,1782358622.3354821,0.002034425735473633
20442,normal,3498,0,1782358622.3375096,0.0020275115966796875
20443,normal,320,0,1782358622.3394995,0.0019898414611816406
20444,normal,1290,0,1782358622.3417692,0.002269744873046875
20445,normal,1103,0,1782358622.3438485,0.0020792484283447266
20446,normal,442,0,1782358622.3455386,0.0016901493072509766
20447,normal,3662,0,1782358622.347305,0.0017664432525634766
20448,normal,1209,0,1782358622.3492527,0.001947641372680664
20449,normal,3362,1,1782358622.3504863,0.0012335777282714844
20450,normal,620,0,1782358622.3527265,0.0022401809692382812
20451,normal,390,0,1782358622.3547645,0.0020380020141601562
20452,normal,1225,0,1782358622.3571615,0.0023970603942871094
20453,normal,2172,0,1782358622.3591826,0.0020210742950439453
20454,normal,2517,0,1782358622.3611596,0.0019769668579101562
20455,normal,1349,1,1782358622.363566,0.0024063587188720703
20456,normal,1952,0,1782358622.365699,0.0021331310272216797
20457,normal,1135,0,1782358622.3675318,0.001832723617553711
20458,normal,2054,0,1782358622.3695762,0.0020444393157958984
20459,normal,1090,0,1782358622.3717694,0.0021932125091552734
20460,normal,559,0,1782358622.3738582,0.002088785171508789
20461,normal,2998,0,1782358622.3755238,0.0016655921936035156
20462,normal,1080,0,1782358622.3772037,0.0016798973083496094
20463,normal,668,0,1782358622.379608,0.0024042129516601562
20464,normal,536,0,1782358622.3815334,0.0019254684448242188
20465,normal,849,2,1782358622.3835008,0.0019674301147460938
20466,normal,3593,0,1782358622.3853207,0.0018198490142822266
20467,normal,1604,0,1782358622.3871095,0.0017888545989990234
20468,normal,1569,0,1782358622.3890605,0.001950979232788086
20469,normal,199,0,1782358622.3920722,0.0030117034912109375
20470,normal,2643,0,1782358622.3927433,0.0006711483001708984
20471,normal,158,0,1782358622.395545,0.002801656723022461
20472,normal,671,0,1782358622.3972402,0.0016951560974121094
20473,normal,1134,0,1782358622.3991454,0.001905202865600586
20474,normal,861,2,1782358622.4010305,0.0018851757049560547
20475,normal,378,0,1782358622.4030354,0.002004861831665039
20476,normal,2399,0,1782358622.4054615,0.0024261474609375
20477,normal,2326,0,1782358622.4075513,0.0020897388458251953
20478,normal,1005,2,1782358622.4092646,0.0017132759094238281
20479,normal,2258,0,1782358622.4111,0.0018353462219238281
20480,normal,2897,0,1782358622.413026,0.0019261837005615234
20481,normal,1894,0,1782358622.4150412,0.0020151138305664062
20482,normal,1347,1,1782358622.4174056,0.0023643970489501953
20483,normal,2946,0,1782358622.4194295,0.002023935317993164
20484,normal,1149,0,1782358622.4212058,0.0017762184143066406
20485,normal,1763,0,1782358622.423538,0.0023322105407714844
20486,normal,3020,0,1782358622.425649,0.0021109580993652344
20487,normal,1203,0,1782358622.4278975,0.002248525619506836
20488,normal,2644,0,1782358622.4287248,0.0008273124694824219
20489,normal,2704,0,1782358622.43103,0.002305269241333008
20490,normal,3158,1,1782358622.4331477,0.002117633819580078
20491,normal,1588,0,1782358622.4354093,0.002261638641357422
20492,normal,2728,0,1782358622.437485,0.002075672149658203
20493,normal,3210,1,1782358622.4394286,0.0019435882568359375
20494,normal,754,0,1782358622.4412096,0.0017809867858886719
20495,normal,1111,0,1782358622.443627,0.0024175643920898438
20496,normal,2691,0,1782358622.4454153,0.0017881393432617188
20497,normal,3149,1,1782358622.4471705,0.0017552375793457031
20498,normal,597,0,1782358622.4490259,0.0018553733825683594
20499,normal,889,2,1782358622.4510326,0.0020067691802978516
20500,normal,2202,0,1782358622.4534814,0.0024487972259521484
20501,normal,796,2,1782358622.4555783,0.002096891403198242
20502,normal,2421,0,1782358622.4573245,0.0017461776733398438
20503,normal,2279,0,1782358622.4591148,0.0017902851104736328
20504,normal,2521,0,1782358622.4610295,0.0019147396087646484
20505,normal,3580,0,1782358622.4630256,0.0019960403442382812
20506,normal,73,0,1782358622.4653804,0.002354860305786133
20507,normal,2322,0,1782358622.4676156,0.0022351741790771484
20508,normal,339,0,1782358622.4693635,0.0017478466033935547
20509,normal,853,2,1782358622.4711118,0.0017483234405517578
20510,normal,1683,0,1782358622.4730265,0.0019147396087646484
20511,normal,2321,0,1782358622.4750276,0.002001047134399414
20512,normal,3216,1,1782358622.4774542,0.002426624298095703
20513,normal,3579,0,1782358622.4795651,0.0021109580993652344
20514,normal,3413,0,1782358622.4812758,0.001710653305053711
20515,normal,337,0,1782358622.4831018,0.0018260478973388672
20516,normal,2205,0,1782358622.485029,0.0019271373748779297
20517,normal,411,0,1782358622.4871485,0.0021195411682128906
20518,normal,1862,0,1782358622.4890916,0.0019431114196777344
20519,normal,890,2,1782358622.4907641,0.001672506332397461
20520,normal,1170,0,1782358622.4938765,0.003112316131591797
20521,normal,3672,0,1782358622.494724,0.0008475780487060547
20522,normal,3424,0,1782358622.497039,0.002315044403076172
20523,normal,602,0,1782358622.499147,0.002107858657836914
20524,normal,2836,0,1782358622.5013258,0.0021789073944091797
20525,normal,3406,0,1782358622.5037289,0.0024030208587646484
20526,normal,2464,0,1782358622.5045195,0.0007905960083007812
20527,normal,449,0,1782358622.5071995,0.002680063247680664
20528,normal,1469,0,1782358622.5092652,0.0020656585693359375
20529,normal,679,0,1782358622.511599,0.0023338794708251953
20530,normal,359,0,1782358622.5134907,0.0018916130065917969
20531,normal,860,2,1782358622.515202,0.0017113685607910156
20532,normal,296,0,1782358622.5171227,0.0019207000732421875
20533,normal,1066,0,1782358622.5195885,0.0024657249450683594
20534,normal,2383,0,1782358622.521761,0.0021724700927734375
20535,normal,491,0,1782358622.5239062,0.0021452903747558594
20536,normal,1446,0,1782358622.5247216,0.0008153915405273438
20537,normal,592,0,1782358622.5269742,0.0022525787353515625
20538,normal,1533,0,1782358622.5290399,0.0020656585693359375
20539,normal,2597,0,1782358622.531073,0.002033233642578125
20540,normal,40,0,1782358622.5330322,0.001959085464477539
20541,normal,1579,0,1782358622.535026,0.001993894577026367
20542,normal,86,0,1782358622.53754,0.002513885498046875
20543,normal,3551,0,1782358622.5396006,0.0020606517791748047
20544,normal,2320,0,1782358622.5413375,0.0017368793487548828
20545,normal,3409,0,1782358622.543142,0.0018045902252197266
20546,normal,2601,0,1782358622.5450532,0.001911163330078125
20547,normal,880,2,1782358622.5470426,0.0019893646240234375
20548,normal,3425,0,1782358622.5491316,0.0020890235900878906
20549,normal,2633,0,1782358622.5510254,0.001893758773803711
20550,normal,647,0,1782358622.5530238,0.001998424530029297
20551,normal,2384,0,1782358622.5553367,0.002312898635864258
20552,normal,150,0,1782358622.5575414,0.0022046566009521484
20553,normal,2528,0,1782358622.55924,0.0016987323760986328
20554,normal,1416,0,1782358622.561144,0.0019040107727050781
20555,normal,2639,0,1782358622.563033,0.0018889904022216797
20556,normal,783,2,1782358622.5650315,0.001998424530029297
20557,normal,1063,0,1782358622.5673776,0.002346038818359375
20558,normal,2951,0,1782358622.5695992,0.0022215843200683594
20559,normal,2589,0,1782358622.5713177,0.0017185211181640625
20560,normal,2876,0,1782358622.5732203,0.0019025802612304688
20561,normal,3285,1,1782358622.575145,0.001924753189086914
20562,normal,2818,0,1782358622.5770266,0.0018815994262695312
20563,normal,2159,0,1782358622.579376,0.002349376678466797
20564,normal,2137,0,1782358622.580862,0.001486063003540039
20565,normal,2150,0,1782358622.5830793,0.0022172927856445312
20566,normal,294,0,1782358622.5850937,0.0020143985748291016
20567,normal,2742,0,1782358622.5870185,0.001924753189086914
20568,normal,1104,0,1782358622.589033,0.0020143985748291016
20569,normal,3687,0,1782358622.5913603,0.002327442169189453
20570,normal,2306,0,1782358622.5937946,0.002434253692626953
20571,normal,28,0,1782358622.595612,0.001817464828491211
20572,normal,1889,0,1782358622.5973268,0.0017147064208984375
20573,normal,3489,0,1782358622.5995593,0.0022325515747070312
20574,normal,3656,0,1782358622.6012673,0.0017080307006835938
20575,normal,855,2,1782358622.6030967,0.001829385757446289
20576,normal,2737,0,1782358622.605038,0.0019412040710449219
20577,normal,1574,0,1782358622.6070294,0.0019915103912353516
20578,normal,2413,0,1782358622.6091154,0.0020859241485595703
20579,normal,2215,0,1782358622.6111631,0.0020477771759033203
20580,normal,3044,0,1782358622.6130323,0.00186920166015625
20581,normal,1545,0,1782358622.6150367,0.002004384994506836
20582,normal,3114,1,1782358622.6170385,0.0020017623901367188
20583,normal,2879,0,1782358622.6191428,0.0021042823791503906
20584,normal,2504,0,1782358622.621083,0.0019402503967285156
20585,normal,3351,1,1782358622.6230218,0.0019388198852539062
20586,normal,2707,0,1782358622.6251447,0.0021228790283203125
20587,normal,318,0,1782358622.6274474,0.0023026466369628906
20588,normal,2611,0,1782358622.6296208,0.0021734237670898438
20589,normal,3344,1,1782358622.6305697,0.0009489059448242188
20590,normal,1904,0,1782358622.6330771,0.002507448196411133
20591,normal,1216,0,1782358622.6353786,0.002301454544067383
20592,normal,292,0,1782358622.6375556,0.002177000045776367
20593,normal,1020,2,1782358622.6394668,0.001911163330078125
20594,normal,1476,0,1782358622.6411889,0.001722097396850586
20595,normal,1460,0,1782358622.6430953,0.0019063949584960938
20596,normal,2940,0,1782358622.6454165,0.0023212432861328125
20597,normal,1851,0,1782358622.647462,0.0020453929901123047
20598,normal,3488,0,1782358622.6491818,0.0017199516296386719
20599,normal,770,0,1782358622.651436,0.0022542476654052734
20600,normal,1493,0,1782358622.6534698,0.002033710479736328
20601,normal,3663,0,1782358622.655186,0.0017161369323730469
20602,normal,1678,0,1782358622.657167,0.001981019973754883
20603,normal,1062,0,1782358622.6590977,0.0019307136535644531
20604,normal,95,0,1782358622.6611333,0.0020356178283691406
20605,normal,537,0,1782358622.6630075,0.0018742084503173828
20606,normal,1142,0,1782358622.6649973,0.0019898414611816406
20607,normal,1472,0,1782358622.6673543,0.002357006072998047
20608,normal,3287,1,1782358622.6693597,0.002005338668823242
20609,normal,781,2,1782358622.6717322,0.0023725032806396484
20610,normal,1167,0,1782358622.6734724,0.0017402172088623047
20611,normal,1543,0,1782358622.6754851,0.0020127296447753906
20612,normal,1252,0,1782358622.6773152,0.0018301010131835938
20613,normal,714,0,1782358622.67923,0.0019147396087646484
20614,normal,2917,0,1782358622.6813083,0.0020782947540283203
20615,normal,3215,1,1782358622.6830285,0.0017201900482177734
20616,normal,897,2,1782358622.6851437,0.0021152496337890625
20617,normal,2664,0,1782358622.6870487,0.0019049644470214844
20618,normal,1405,0,1782358622.6890337,0.0019850730895996094
20619,normal,693,0,1782358622.6915221,0.002488374710083008
20620,normal,1376,1,1782358622.693452,0.0019297599792480469
20621,normal,1995,0,1782358622.695438,0.0019860267639160156
20622,normal,461,0,1782358622.697469,0.002031087875366211
20623,normal,542,0,1782358622.6984737,0.0010046958923339844
20624,normal,3439,0,1782358622.7008486,0.002374887466430664
20625,normal,1087,0,1782358622.703071,0.0022225379943847656
20626,normal,1867,0,1782358622.7050102,0.0019390583038330078
20627,normal,3033,0,1782358622.7068381,0.0018279552459716797
20628,normal,2465,0,1782358622.709077,0.002238750457763672
20629,normal,3696,0,1782358622.7108912,0.0018143653869628906
20630,normal,1326,1,1782358622.7139091,0.003017902374267578
20631,normal,1127,0,1782358622.714609,0.0006997585296630859
20632,normal,887,2,1782358622.7168045,0.002195596694946289
20633,normal,3550,0,1782358622.7193801,0.0025756359100341797
20634,normal,1420,0,1782358622.7210965,0.0017163753509521484
20635,normal,1923,0,1782358622.7228942,0.0017976760864257812
20636,normal,3270,1,1782358622.7249377,0.002043485641479492
20637,normal,683,0,1782358622.727038,0.002100229263305664
20638,normal,1148,0,1782358622.7289674,0.0019295215606689453
20639,normal,1010,2,1782358622.7309668,0.001999378204345703
20640,normal,2834,0,1782358622.7339525,0.002985715866088867
20641,normal,981,2,1782358622.7347276,0.0007750988006591797
20642,normal,2958,0,1782358622.7377858,0.003058195114135742
20643,normal,3421,0,1782358622.7390187,0.0012328624725341797
20644,normal,1916,0,1782358622.7415721,0.0025534629821777344
20645,normal,1673,0,1782358622.74254,0.0009677410125732422
20646,normal,2775,0,1782358622.7448535,0.0023136138916015625
20647,normal,535,0,1782358622.746548,0.0016944408416748047
20648,normal,1713,0,1782358622.7488184,0.0022704601287841797
20649,normal,3359,1,1782358622.7504764,0.0016579627990722656
20650,normal,1221,0,1782358622.7535324,0.003056049346923828
20651,normal,2200,0,1782358622.7554836,0.0019512176513671875
20652,normal,2289,0,1782358622.7572227,0.0017390251159667969
20653,normal,702,0,1782358622.759355,0.002132415771484375
20654,normal,37,0,1782358622.7617402,0.0023851394653320312
20655,normal,673,0,1782358622.76347,0.001729726791381836
20656,normal,1943,0,1782358622.7654703,0.0020003318786621094
20657,normal,3080,1,1782358622.767213,0.0017428398132324219
20658,normal,1031,0,1782358622.7695,0.0022869110107421875
20659,normal,81,0,1782358622.7713938,0.001893758773803711
20660,normal,3705,0,1782358622.7732518,0.0018579959869384766
20661,normal,639,0,1782358622.7753005,0.0020487308502197266
20662,normal,623,0,1782358622.777352,0.0020515918731689453
20663,normal,923,2,1782358622.779709,0.002357006072998047
20664,normal,465,0,1782358622.7814589,0.0017497539520263672
20665,normal,3085,1,1782358622.7833807,0.0019218921661376953
20666,normal,2097,0,1782358622.7852519,0.0018711090087890625
20667,normal,2286,0,1782358622.7872002,0.0019483566284179688
20668,normal,289,0,1782358622.7890074,0.0018072128295898438
20669,normal,831,2,1782358622.7910676,0.0020601749420166016
20670,normal,1429,0,1782358622.7930005,0.0019328594207763672
20671,normal,3323,1,1782358622.7954412,0.0024406909942626953
20672,normal,3023,0,1782358622.7975404,0.002099275588989258
20673,normal,3543,0,1782358622.7992268,0.0016863346099853516
20674,normal,3350,1,1782358622.800485,0.0012581348419189453
20675,normal,865,2,1782358622.8025556,0.0020706653594970703
20676,normal,240,0,1782358622.8045883,0.002032756805419922
20677,normal,316,0,1782358622.8065712,0.0019829273223876953
20678,normal,3243,1,1782358622.8087573,0.0021860599517822266
20679,normal,703,0,1782358622.8104765,0.0017192363739013672
20680,normal,2168,0,1782358622.8127441,0.002267599105834961
20681,normal,3402,0,1782358622.8146157,0.0018715858459472656
20682,normal,827,2,1782358622.8179123,0.0032966136932373047
20683,normal,873,2,1782358622.8187187,0.0008063316345214844
20684,normal,3109,1,1782358622.8210275,0.0023088455200195312
20685,normal,2391,0,1782358622.82314,0.0021123886108398438
20686,normal,2497,0,1782358622.8254516,0.00231170654296875
20687,normal,335,0,1782358622.827569,0.0021173954010009766
20688,normal,3427,0,1782358622.8293102,0.001741170883178711
20689,normal,3240,1,1782358622.8310711,0.0017609596252441406
20690,normal,2863,0,1782358622.833048,0.0019769668579101562
20691,normal,1775,0,1782358622.8350294,0.0019812583923339844
20692,normal,82,0,1782358622.837386,0.0023565292358398438
20693,normal,2357,0,1782358622.8394954,0.002109527587890625
20694,normal,1686,0,1782358622.8411615,0.0016660690307617188
20695,normal,284,0,1782358622.8433602,0.0021986961364746094
20696,normal,566,0,1782358622.8455694,0.002209186553955078
20697,normal,2426,0,1782358622.8473063,0.0017368793487548828
20698,normal,1664,0,1782358622.849063,0.0017566680908203125
20699,normal,726,0,1782358622.8511426,0.0020797252655029297
20700,normal,2885,0,1782358622.8527892,0.0016465187072753906
20701,normal,458,0,1782358622.854736,0.0019469261169433594
20702,normal,1471,0,1782358622.8567286,0.001992464065551758
20703,normal,1974,0,1782358622.8587015,0.0019729137420654297
20704,normal,1477,0,1782358622.860645,0.0019435882568359375
20705,normal,926,2,1782358622.862727,0.0020818710327148438
20706,normal,328,0,1782358622.8645678,0.001840829849243164
20707,normal,1635,0,1782358622.8666334,0.0020656585693359375
20708,normal,2481,0,1782358622.86871,0.0020766258239746094
20709,normal,729,0,1782358622.870515,0.0018050670623779297
20710,normal,338,0,1782358622.8726585,0.002143383026123047
20711,normal,595,0,1782358622.8747125,0.002053976058959961
20712,normal,1593,0,1782358622.8765624,0.0018498897552490234
20713,normal,2474,0,1782358622.8786318,0.0020694732666015625
20714,normal,1811,0,1782358622.8807127,0.0020809173583984375
20715,normal,3211,1,1782358622.8825154,0.001802682876586914
20716,normal,1011,2,1782358622.8846445,0.002129077911376953
20717,normal,441,0,1782358622.886733,0.0020885467529296875
20718,normal,1743,0,1782358622.8885248,0.0017917156219482422
20719,normal,1402,0,1782358622.8906293,0.002104520797729492
20720,normal,1552,0,1782358622.8927088,0.002079486846923828
20721,normal,967,2,1782358622.8945174,0.0018086433410644531
20722,normal,2529,0,1782358622.8966377,0.0021202564239501953
20723,normal,1004,2,1782358622.898742,0.0021042823791503906
20724,normal,268,0,1782358622.900528,0.0017859935760498047
20725,normal,1150,0,1782358622.9026275,0.0020995140075683594
20726,normal,637,0,1782358622.9047096,0.0020821094512939453
20727,normal,1136,0,1782358622.9065118,0.001802206039428711
20728,normal,943,2,1782358622.908649,0.0021371841430664062
20729,normal,2607,0,1782358622.910741,0.002092123031616211
20730,normal,2375,0,1782358622.9125128,0.001771688461303711
20731,normal,530,0,1782358622.9146285,0.0021157264709472656
20732,normal,155,0,1782358622.9167123,0.0020837783813476562
20733,normal,2458,0,1782358622.9185138,0.0018014907836914062
20734,normal,1489,0,1782358622.9206367,0.0021228790283203125
20735,normal,847,2,1782358622.9227424,0.002105712890625
20736,normal,1430,0,1782358622.9244971,0.0017547607421875
20737,normal,2720,0,1782358622.926532,0.002034902572631836
20738,normal,869,2,1782358622.9287534,0.002221345901489258
20739,normal,63,0,1782358622.9305265,0.0017731189727783203
20740,normal,2524,0,1782358622.932629,0.0021026134490966797
20741,normal,223,0,1782358622.9346428,0.002013683319091797
20742,normal,3516,0,1782358622.9365087,0.0018658638000488281
20743,normal,3110,1,1782358622.9386384,0.002129793167114258
20744,normal,1414,0,1782358622.9407706,0.0021321773529052734
20745,normal,3094,1,1782358622.9425142,0.0017435550689697266
20746,normal,34,0,1782358622.944643,0.0021288394927978516
20747,normal,493,0,1782358622.946697,0.002053976058959961
20748,normal,2630,0,1782358622.9485087,0.0018117427825927734
20749,normal,3422,0,1782358622.950628,0.002119302749633789
20750,normal,109,0,1782358622.9527056,0.0020775794982910156
20751,normal,1102,0,1782358622.9545615,0.0018558502197265625
20752,normal,376,0,1782358622.9566417,0.002080202102661133
20753,normal,3431,0,1782358622.9587657,0.0021240711212158203
20754,normal,1210,0,1782358622.9605124,0.0017466545104980469
20755,normal,859,2,1782358622.9626307,0.002118349075317383
20756,normal,771,0,1782358622.9647112,0.0020804405212402344
20757,normal,3349,1,1782358622.9665072,0.0017960071563720703
20758,normal,1321,1,1782358622.9686434,0.00213623046875
20759,normal,1824,0,1782358622.9707625,0.0021190643310546875
20760,normal,931,2,1782358622.9725113,0.001748800277709961
20761,normal,497,0,1782358622.9746299,0.0021185874938964844
20762,normal,3512,0,1782358622.9767108,0.0020809173583984375
20763,normal,3477,0,1782358622.9785094,0.0017986297607421875
20764,normal,1591,0,1782358622.9806435,0.002134084701538086
20765,normal,804,2,1782358622.9827712,0.0021276473999023438
20766,normal,915,2,1782358622.9845293,0.0017580986022949219
20767,normal,1659,0,1782358622.9866316,0.002102375030517578
20768,normal,1140,0,1782358622.9887128,0.002081155776977539
20769,normal,3467,0,1782358622.9905155,0.001802682876586914
20770,normal,2571,0,1782358622.9927175,0.0022020339965820312
20771,normal,3461,0,1782358622.9945743,0.0018568038940429688
20772,normal,1912,0,1782358622.9966233,0.002048969268798828
20773,normal,544,0,1782358622.998498,0.001874685287475586
20774,normal,3415,0,1782358623.0009804,0.0024824142456054688
20775,normal,281,0,1782358623.003426,0.002445697784423828
20776,normal,1229,0,1782358623.005803,0.002377033233642578
20777,normal,90,0,1782358623.0073586,0.0015554428100585938
20778,normal,2659,0,1782358623.0090532,0.0016946792602539062
20779,normal,2515,0,1782358623.0110602,0.002007007598876953
20780,normal,1382,0,1782358623.013201,0.0021407604217529297
20781,normal,2695,0,1782358623.0150611,0.0018601417541503906
20782,normal,427,0,1782358623.0170932,0.002032041549682617
20783,normal,614,0,1782358623.0191917,0.002098560333251953
20784,normal,502,0,1782358623.0210588,0.001867055892944336
20785,normal,1660,0,1782358623.0230916,0.002032756805419922
20786,normal,1122,0,1782358623.0252135,0.0021219253540039062
20787,normal,1509,0,1782358623.0271943,0.0019807815551757812
20788,normal,96,0,1782358623.029376,0.0021817684173583984
20789,normal,197,0,1782358623.0315611,0.0021851062774658203
20790,normal,10,0,1782358623.0332692,0.0017080307006835938
20791,normal,2298,0,1782358623.0351698,0.0019006729125976562
20792,normal,743,0,1782358623.0371463,0.001976490020751953
20793,normal,3637,0,1782358623.0390282,0.0018818378448486328
20794,normal,531,0,1782358623.0410554,0.002027273178100586
20795,normal,59,0,1782358623.043159,0.002103567123413086
20796,normal,3059,1,1782358623.0450377,0.0018787384033203125
20797,normal,2500,0,1782358623.047386,0.002348184585571289
20798,normal,1849,0,1782358623.0485451,0.0011591911315917969
20799,normal,385,0,1782358623.0507407,0.002195596694946289
20800,normal,3338,1,1782358623.0527115,0.0019707679748535156
20801,normal,2170,0,1782358623.0547147,0.002003192901611328
20802,normal,3466,0,1782358623.0565956,0.0018808841705322266
20803,normal,78,0,1782358623.0594947,0.002899169921875
20804,normal,1927,0,1782358623.0605366,0.0010418891906738281
20805,normal,3383,1,1782358623.0629175,0.002380847930908203
20806,normal,3186,1,1782358623.06457,0.0016524791717529297
20807,normal,674,0,1782358623.067943,0.0033731460571289062
20808,normal,1768,0,1782358623.0686066,0.0006635189056396484
20809,normal,3321,1,1782358623.0710802,0.002473592758178711
20810,normal,1856,0,1782358623.0734086,0.0023283958435058594
20811,normal,1989,0,1782358623.0755506,0.0021419525146484375
20812,normal,1088,0,1782358623.0774825,0.001931905746459961
20813,normal,2273,0,1782358623.0792305,0.0017480850219726562
20814,normal,561,0,1782358623.0811298,0.0018992424011230469
20815,normal,2011,0,1782358623.0830839,0.0019540786743164062
20816,normal,685,0,1782358623.0850248,0.0019409656524658203
20817,normal,585,0,1782358623.0870738,0.002048969268798828
20818,normal,2494,0,1782358623.0890896,0.002015829086303711
20819,normal,1585,0,1782358623.0913754,0.0022857189178466797
20820,normal,3371,1,1782358623.0933814,0.002006053924560547
20821,normal,133,0,1782358623.095117,0.001735687255859375
20822,normal,3136,1,1782358623.0972147,0.002097606658935547
20823,normal,3483,0,1782358623.0990927,0.0018780231475830078
20824,normal,930,2,1782358623.1013927,0.0023000240325927734
20825,normal,742,0,1782358623.1037872,0.002394437789916992
20826,normal,760,0,1782358623.1058953,0.0021080970764160156
20827,normal,1303,0,1782358623.1067207,0.0008254051208496094
20828,normal,3084,1,1782358623.1090477,0.00232696533203125
20829,normal,663,0,1782358623.1108708,0.0018231868743896484
20830,normal,905,2,1782358623.113394,0.002523183822631836
20831,normal,839,2,1782358623.1155741,0.0021800994873046875
20832,normal,2086,0,1782358623.117312,0.001737833023071289
20833,normal,3397,1,1782358623.1190798,0.001767873764038086
20834,normal,2362,0,1782358623.1211877,0.002107858657836914
20835,normal,2417,0,1782358623.1230526,0.0018649101257324219
20836,normal,2766,0,1782358623.1252668,0.002214193344116211
20837,normal,3645,0,1782358623.1272202,0.0019533634185791016
20838,normal,2341,0,1782358623.1290987,0.001878499984741211
20839,normal,2651,0,1782358623.1312072,0.0021085739135742188
20840,normal,2252,0,1782358623.1328807,0.0016734600067138672
20841,normal,1174,0,1782358623.13494,0.0020592212677001953
20842,normal,2242,0,1782358623.1371512,0.002211332321166992
20843,normal,1726,0,1782358623.1390398,0.0018885135650634766
20844,normal,1899,0,1782358623.1410909,0.002051115036010742
20845,normal,2502,0,1782358623.143379,0.0022881031036376953
20846,normal,252,0,1782358623.1451988,0.0018198490142822266
20847,normal,3510,0,1782358623.1471608,0.001961946487426758
20848,normal,2135,0,1782358623.149372,0.002211332321166992
20849,normal,554,0,1782358623.1517935,0.0024213790893554688
20850,normal,1453,0,1782358623.1539016,0.0021080970764160156
20851,normal,2801,0,1782358623.15473,0.0008285045623779297
20852,normal,1428,0,1782358623.1578546,0.0031244754791259766
20853,normal,3363,1,1782358623.158687,0.0008325576782226562
20854,normal,2048,0,1782358623.1615164,0.002829313278198242
20855,normal,3325,1,1782358623.1635346,0.0020182132720947266
20856,normal,3497,0,1782358623.165267,0.0017323493957519531
20857,normal,822,2,1782358623.167162,0.0018949508666992188
20858,normal,3542,0,1782358623.169181,0.002019166946411133
20859,normal,1501,0,1782358623.1710823,0.0019011497497558594
20860,normal,2859,0,1782358623.1730726,0.0019903182983398438
20861,normal,2342,0,1782358623.1751866,0.0021140575408935547
20862,normal,878,2,1782358623.1771932,0.00200653076171875
20863,normal,2797,0,1782358623.1793723,0.0021791458129882812
20864,normal,3354,1,1782358623.1815724,0.0022001266479492188
20865,normal,160,0,1782358623.1832745,0.0017020702362060547
20866,normal,938,2,1782358623.185102,0.0018274784088134766
20867,normal,198,0,1782358623.1869543,0.001852273941040039
20868,normal,780,2,1782358623.1889875,0.002033233642578125
20869,normal,908,2,1782358623.191603,0.0026154518127441406
20870,normal,1855,0,1782358623.1933577,0.0017547607421875
20871,normal,2567,0,1782358623.1951914,0.0018336772918701172
20872,normal,3095,1,1782358623.197366,0.0021746158599853516
20873,normal,2035,0,1782358623.1997468,0.002380847930908203
20874,normal,3034,0,1782358623.2019095,0.0021626949310302734
20875,normal,39,0,1782358623.2028089,0.0008993148803710938
20876,normal,290,0,1782358623.2052512,0.0024423599243164062
20877,normal,2334,0,1782358623.207167,0.0019156932830810547
20878,normal,2332,0,1782358623.2090406,0.0018737316131591797
20879,normal,1551,0,1782358623.2111483,0.0021076202392578125
20880,normal,1520,0,1782358623.21303,0.0018818378448486328
20881,normal,570,0,1782358623.2153666,0.0023365020751953125
20882,normal,3284,1,1782358623.217564,0.0021975040435791016
20883,normal,3612,0,1782358623.2193131,0.0017490386962890625
20884,normal,1808,0,1782358623.2211342,0.0018210411071777344
20885,normal,808,2,1782358623.2231534,0.002019166946411133
20886,normal,234,0,1782358623.2250648,0.0019114017486572266
20887,normal,584,0,1782358623.2273805,0.0023157596588134766
20888,normal,464,0,1782358623.2297704,0.0023899078369140625
20889,normal,2682,0,1782358623.231895,0.0021245479583740234
20890,normal,177,0,1782358623.2327282,0.0008332729339599609
20891,normal,2559,0,1782358623.2358806,0.0031523704528808594
20892,normal,3342,1,1782358623.2365801,0.0006995201110839844
20893,normal,1480,0,1782358623.2392685,0.0026884078979492188
20894,normal,231,0,1782358623.241201,0.001932382583618164
20895,normal,518,0,1782358623.2430756,0.001874685287475586
20896,normal,3108,1,1782358623.2450566,0.001981019973754883
20897,normal,2997,0,1782358623.247169,0.0021123886108398438
20898,normal,1307,0,1782358623.2490368,0.0018677711486816406
20899,normal,3621,0,1782358623.251388,0.0023512840270996094
20900,normal,1100,0,1782358623.2537873,0.0023992061614990234
20901,normal,3418,0,1782358623.2558992,0.0021119117736816406
20902,normal,594,0,1782358623.2567253,0.0008261203765869141
20903,normal,2100,0,1782358623.2590382,0.002312898635864258
20904,normal,1300,0,1782358623.2610323,0.0019941329956054688
20905,normal,1964,0,1782358623.2628152,0.0017828941345214844
20906,normal,1235,0,1782358623.265166,0.0023508071899414062
20907,normal,1935,0,1782358623.2670329,0.0018668174743652344
20908,normal,3179,1,1782358623.2693434,0.002310514450073242
20909,normal,41,0,1782358623.2715561,0.0022127628326416016
20910,normal,964,2,1782358623.2732687,0.0017125606536865234
20911,normal,2543,0,1782358623.2750525,0.0017838478088378906
20912,normal,3303,1,1782358623.2771585,0.0021059513092041016
20913,normal,2550,0,1782358623.2790434,0.0018849372863769531
20914,normal,2637,0,1782358623.2813957,0.0023522377014160156
20915,normal,254,0,1782358623.2834895,0.002093791961669922
20916,normal,169,0,1782358623.2851906,0.0017011165618896484
20917,normal,2104,0,1782358623.2873747,0.002184152603149414
20918,normal,1547,0,1782358623.289568,0.0021932125091552734
20919,normal,813,2,1782358623.2913094,0.0017414093017578125
20920,normal,2526,0,1782358623.2930572,0.0017478466033935547
20921,normal,3440,0,1782358623.295587,0.0025298595428466797
20922,normal,2454,0,1782358623.2973158,0.0017287731170654297
20923,normal,2404,0,1782358623.2985241,0.0012083053588867188
20924,normal,1032,0,1782358623.3013785,0.0028543472290039062
20925,normal,1937,0,1782358623.3032706,0.00189208984375
20926,normal,2796,0,1782358623.3050084,0.001737833023071289
20927,normal,1089,0,1782358623.3069904,0.001981973648071289
20928,normal,1421,0,1782358623.30889,0.00189971923828125
20929,normal,3438,0,1782358623.3108997,0.0020096302032470703
20930,normal,384,0,1782358623.3130388,0.0021390914916992188
20931,normal,1375,1,1782358623.3148727,0.0018339157104492188
20932,normal,1620,0,1782358623.3168776,0.002004861831665039
20933,normal,1003,2,1782358623.3189707,0.002093076705932617
20934,normal,36,0,1782358623.3208714,0.0019006729125976562
20935,normal,226,0,1782358623.3228698,0.001998424530029297
20936,normal,1793,0,1782358623.324983,0.0021131038665771484
20937,normal,2878,0,1782358623.326869,0.001886129379272461
20938,normal,123,0,1782358623.3293417,0.0024726390838623047
20939,normal,1765,0,1782358623.331775,0.002433300018310547
20940,normal,2467,0,1782358623.3327494,0.0009744167327880859
20941,normal,2261,0,1782358623.3348794,0.0021300315856933594
20942,normal,2487,0,1782358623.3374965,0.0026171207427978516
20943,normal,488,0,1782358623.3389642,0.0014677047729492188
20944,normal,882,2,1782358623.3414817,0.0025174617767333984
20945,normal,330,0,1782358623.3439736,0.0024919509887695312
20946,normal,4,0,1782358623.34456,0.0005862712860107422
20947,normal,3277,1,1782358623.3469987,0.002438783645629883
20948,normal,460,0,1782358623.3490422,0.002043485641479492
20949,normal,716,0,1782358623.3504636,0.0014214515686035156
20950,normal,1076,0,1782358623.352535,0.002071380615234375
20951,normal,2045,0,1782358623.355158,0.0026230812072753906
20952,normal,3574,0,1782358623.3570366,0.001878499984741211
20953,normal,1837,0,1782358623.3593726,0.0023360252380371094
20954,normal,3032,0,1782358623.3615847,0.002212047576904297
20955,normal,976,2,1782358623.3633516,0.0017669200897216797
20956,normal,2735,0,1782358623.3653483,0.001996755599975586
20957,normal,1436,0,1782358623.3672519,0.001903533935546875
20958,normal,2553,0,1782358623.3691266,0.001874685287475586
20959,normal,996,2,1782358623.371004,0.0018775463104248047
20960,normal,1397,0,1782358623.3729992,0.001995086669921875
20961,normal,249,0,1782358623.3750021,0.0020029544830322266
20962,normal,2844,0,1782358623.3770049,0.002002716064453125
20963,normal,2655,0,1782358623.3788512,0.0018463134765625
20964,normal,2267,0,1782358623.3810198,0.0021686553955078125
20965,normal,3384,1,1782358623.383373,0.002353191375732422
20966,normal,2179,0,1782358623.384476,0.0011029243469238281
20967,normal,821,2,1782358623.3868804,0.002404451370239258
20968,normal,632,0,1782358623.3884957,0.001615285873413086
20969,normal,3116,1,1782358623.3908772,0.002381563186645508
20970,normal,3541,0,1782358623.3925545,0.0016772747039794922
20971,normal,1532,0,1782358623.394882,0.002327442169189453
20972,normal,1208,0,1782358623.3966553,0.0017733573913574219
20973,normal,866,2,1782358623.398828,0.002172708511352539
20974,normal,256,0,1782358623.4004953,0.0016672611236572266
20975,normal,734,0,1782358623.4027505,0.0022552013397216797
20976,normal,972,2,1782358623.4044876,0.0017371177673339844
20977,normal,54,0,1782358623.406869,0.0023813247680664062
20978,normal,1875,0,1782358623.4086432,0.0017743110656738281
20979,normal,2982,0,1782358623.4108021,0.0021588802337646484
20980,normal,792,2,1782358623.412644,0.0018417835235595703
20981,normal,3334,1,1782358623.4147806,0.002136707305908203
20982,normal,2445,0,1782358623.4168706,0.002089977264404297
20983,normal,2671,0,1782358623.4184897,0.001619100570678711
20984,normal,670,0,1782358623.4208517,0.0023620128631591797
20985,normal,1739,0,1782358623.4225607,0.001708984375
20986,normal,1324,1,1782358623.4247212,0.0021605491638183594
20987,normal,579,0,1782358623.4267292,0.0020079612731933594
20988,normal,2052,0,1782358623.4285476,0.0018184185028076172
20989,normal,1065,0,1782358623.4308789,0.002331256866455078
20990,normal,2423,0,1782358623.4326437,0.0017647743225097656
20991,normal,3089,1,1782358623.4347749,0.002131223678588867
20992,normal,757,0,1782358623.4367204,0.00194549560546875
20993,normal,610,0,1782358623.4386454,0.0019249916076660156
20994,normal,953,2,1782358623.4429262,0.004280805587768555
20995,normal,2628,0,1782358623.4429898,6.365776062011719e-05
20996,normal,308,0,1782358623.4449103,0.001920461654663086
20997,normal,2509,0,1782358623.4465241,0.0016138553619384766
20998,normal,3029,0,1782358623.4488328,0.0023086071014404297
20999,normal,2649,0,1782358623.4507046,0.0018718242645263672
21000,normal,2653,0,1782358623.4525452,0.0018405914306640625
21001,normal,655,0,1782358623.4565756,0.004030466079711914
21002,normal,1041,0,1782358623.456843,0.00026726722717285156
21003,normal,1129,0,1782358623.4595394,0.002696514129638672
21004,normal,824,2,1782358623.4614265,0.0018870830535888672
21005,normal,2596,0,1782358623.4631736,0.00174713134765625
21006,normal,299,0,1782358623.4650402,0.0018665790557861328
21007,normal,102,0,1782358623.467382,0.002341747283935547
21008,normal,3286,1,1782358623.469782,0.0024001598358154297
21009,normal,174,0,1782358623.4719274,0.0021452903747558594
21010,normal,1699,0,1782358623.472716,0.0007886886596679688
21011,normal,2400,0,1782358623.4750202,0.0023040771484375
21012,normal,1246,0,1782358623.4770348,0.002014636993408203
21013,normal,1465,0,1782358623.4790435,0.002008676528930664
21014,normal,2614,0,1782358623.4811597,0.0021162033081054688
21015,normal,1530,0,1782358623.4830573,0.001897573471069336
21016,normal,19,0,1782358623.4854536,0.0023963451385498047
21017,normal,3002,0,1782358623.487983,0.0025293827056884766
21018,normal,479,0,1782358623.4885287,0.0005457401275634766
21019,normal,2694,0,1782358623.4912302,0.0027015209197998047
21020,normal,1752,0,1782358623.4934776,0.002247333526611328
21021,normal,762,0,1782358623.494549,0.0010714530944824219
21022,normal,356,0,1782358623.497193,0.002644062042236328
21023,normal,1694,0,1782358623.4993875,0.0021944046020507812
21024,normal,3281,1,1782358623.501614,0.002226591110229492
21025,normal,527,0,1782358623.5035946,0.0019805431365966797
21026,normal,55,0,1782358623.5058093,0.002214670181274414
21027,normal,1511,0,1782358623.507981,0.002171754837036133
21028,normal,3356,1,1782358623.50884,0.0008590221405029297
21029,normal,677,0,1782358623.511895,0.0030548572540283203
21030,normal,1223,0,1782358623.5125837,0.0006887912750244141
21031,normal,606,0,1782358623.5148106,0.0022268295288085938
21032,normal,171,0,1782358623.5172179,0.0024073123931884766
21033,normal,2218,0,1782358623.5190384,0.0018205642700195312
21034,normal,2111,0,1782358623.5213697,0.002331256866455078
21035,normal,3682,0,1782358623.5235834,0.002213716506958008
21036,normal,1314,0,1782358623.525361,0.00177764892578125
21037,normal,3655,0,1782358623.5271134,0.0017523765563964844
21038,normal,2085,0,1782358623.5293813,0.0022678375244140625
21039,normal,1116,0,1782358623.5312095,0.0018281936645507812
21040,normal,46,0,1782358623.5334213,0.0022118091583251953
21041,normal,807,2,1782358623.5354493,0.0020279884338378906
21042,normal,1097,0,1782358623.537157,0.0017077922821044922
21043,normal,463,0,1782358623.5390399,0.001882791519165039
21044,normal,3519,0,1782358623.541042,0.002002239227294922
21045,normal,1454,0,1782358623.5430133,0.0019712448120117188
21046,normal,1615,0,1782358623.5453897,0.0023763179779052734
21047,normal,2841,0,1782358623.547553,0.002163410186767578
21048,normal,1206,0,1782358623.54919,0.0016369819641113281
21049,normal,1529,0,1782358623.5512202,0.0020301342010498047
21050,normal,739,0,1782358623.5531275,0.0019073486328125
21051,normal,2214,0,1782358623.5551312,0.0020036697387695312
21052,normal,2335,0,1782358623.5570261,0.0018949508666992188
21053,normal,481,0,1782358623.5591452,0.0021190643310546875
21054,normal,1827,0,1782358623.561134,0.0019888877868652344
21055,normal,1852,0,1782358623.5632598,0.0021257400512695312
21056,normal,2588,0,1782358623.565262,0.002002239227294922
21057,normal,3506,0,1782358623.5673792,0.002117156982421875
21058,normal,2702,0,1782358623.5694885,0.0021092891693115234
21059,normal,2699,0,1782358623.5714574,0.001968860626220703
21060,normal,3322,1,1782358623.5735073,0.0020499229431152344
21061,normal,326,0,1782358623.575759,0.0022516250610351562
21062,normal,3706,0,1782358623.577834,0.0020749568939208984
21063,normal,2662,0,1782358623.579981,0.002147197723388672
21064,normal,659,0,1782358623.580646,0.0006649494171142578
21065,normal,3547,0,1782358623.5830817,0.0024356842041015625
21066,normal,1172,0,1782358623.5850337,0.0019519329071044922
21067,normal,1269,0,1782358623.5873678,0.002334117889404297
21068,normal,3306,1,1782358623.5895605,0.0021927356719970703
21069,normal,2923,0,1782358623.5906265,0.001065969467163086
21070,normal,2804,0,1782358623.5933733,0.0027468204498291016
21071,normal,401,0,1782358623.5946448,0.0012714862823486328
21072,normal,1,0,1782358623.5969098,0.0022649765014648438
21073,normal,2271,0,1782358623.5985446,0.001634836196899414
21074,normal,1652,0,1782358623.600864,0.0023193359375
21075,normal,3130,1,1782358623.6025505,0.0016865730285644531
21076,normal,744,0,1782358623.6048617,0.002311229705810547
21077,normal,601,0,1782358623.6067364,0.001874685287475586
21078,normal,448,0,1782358623.6085448,0.0018084049224853516
21079,normal,3693,0,1782358623.6108766,0.0023317337036132812
21080,normal,1187,0,1782358623.6127279,0.0018513202667236328
21081,normal,370,0,1782358623.614557,0.0018291473388671875
21082,normal,3582,0,1782358623.6169136,0.0023565292358398438
21083,normal,1705,0,1782358623.6193984,0.0024847984313964844
21084,normal,152,0,1782358623.6212702,0.0018718242645263672
21085,normal,3448,0,1782358623.6231365,0.0018663406372070312
21086,normal,2008,0,1782358623.625169,0.0020325183868408203
21087,normal,541,0,1782358623.6270313,0.0018622875213623047
21088,normal,2631,0,1782358623.629382,0.0023505687713623047
21089,normal,803,2,1782358623.6315749,0.002192974090576172
21090,normal,1675,0,1782358623.6333172,0.0017423629760742188
21091,normal,1755,0,1782358623.6350625,0.0017452239990234375
21092,normal,1371,1,1782358623.6371865,0.0021240711212158203
21093,normal,2365,0,1782358623.639147,0.0019605159759521484
21094,normal,348,0,1782358623.6414616,0.0023145675659179688
21095,normal,1836,0,1782358623.6439776,0.002516031265258789
21096,normal,3178,1,1782358623.6445692,0.0005915164947509766
21097,normal,1809,0,1782358623.647215,0.002645730972290039
21098,normal,1086,0,1782358623.6499557,0.0027408599853515625
21099,normal,3401,1,1782358623.650684,0.0007283687591552734
21100,normal,3377,1,1782358623.6525338,0.0018496513366699219
21101,normal,340,0,1782358623.654864,0.002330303192138672
21102,normal,1241,0,1782358623.6565552,0.0016911029815673828
21103,normal,2676,0,1782358623.6588387,0.0022835731506347656
21104,normal,1521,0,1782358623.6607022,0.0018634796142578125
21105,normal,2711,0,1782358623.6627572,0.002054929733276367
21106,normal,3171,1,1782358623.664715,0.0019578933715820312
21107,normal,383,0,1782358623.6667144,0.001999378204345703
21108,normal,130,0,1782358623.668566,0.0018515586853027344
21109,normal,1331,1,1782358623.670863,0.002296924591064453
21110,normal,1769,0,1782358623.672713,0.001850128173828125
21111,normal,1896,0,1782358623.674553,0.0018398761749267578
21112,normal,1789,0,1782358623.6768777,0.002324819564819336
21113,normal,2613,0,1782358623.6787102,0.0018324851989746094
21114,normal,1461,0,1782358623.6805506,0.001840353012084961
21115,normal,2619,0,1782358623.6828556,0.0023050308227539062
21116,normal,101,0,1782358623.684709,0.0018534660339355469
21117,normal,3261,1,1782358623.686555,0.0018458366394042969
21118,normal,1230,0,1782358623.6888597,0.0023047924041748047
21119,normal,476,0,1782358623.6907697,0.0019099712371826172
21120,normal,2484,0,1782358623.6925514,0.0017817020416259766
21121,normal,694,0,1782358623.6948586,0.0023071765899658203
21122,normal,1366,1,1782358623.6965277,0.001669168472290039
21123,normal,2382,0,1782358623.6988518,0.0023241043090820312
21124,normal,1685,0,1782358623.7005603,0.0017085075378417969
21125,normal,51,0,1782358623.7028623,0.002301931381225586
21126,normal,2359,0,1782358623.7045603,0.0016980171203613281
21127,normal,2396,0,1782358623.706866,0.002305746078491211
21128,normal,956,2,1782358623.7087085,0.001842498779296875
21129,normal,3531,0,1782358623.7105572,0.0018486976623535156
21130,normal,1409,0,1782358623.7128615,0.0023043155670166016
21131,normal,1164,0,1782358623.7147279,0.0018663406372070312
21132,normal,1056,0,1782358623.7165735,0.0018455982208251953
21133,normal,2050,0,1782358623.718875,0.002301454544067383
21134,normal,3148,1,1782358623.7212126,0.0023376941680908203
21135,normal,591,0,1782358623.723064,0.0018513202667236328
21136,normal,511,0,1782358623.7250078,0.001943826675415039
21137,normal,982,2,1782358623.7272043,0.0021965503692626953
21138,normal,3561,0,1782358623.729914,0.002709627151489258
21139,normal,1345,1,1782358623.7307203,0.0008063316345214844
21140,normal,2803,0,1782358623.7331102,0.0023899078369140625
21141,normal,2420,0,1782358623.7351859,0.002075672149658203
21142,normal,2142,0,1782358623.7373676,0.0021817684173583984
21143,normal,2848,0,1782358623.7392516,0.0018839836120605469
21144,normal,2665,0,1782358623.7406538,0.001402139663696289
21145,normal,3527,0,1782358623.7425473,0.0018935203552246094
21146,normal,3027,0,1782358623.7446823,0.002135038375854492
21147,normal,2839,0,1782358623.7467427,0.002060413360595703
21148,normal,1599,0,1782358623.748687,0.0019443035125732422
21149,normal,1746,0,1782358623.7508352,0.002148151397705078
21150,normal,301,0,1782358623.752561,0.001725912094116211
21151,normal,71,0,1782358623.7546978,0.002136707305908203
21152,normal,2167,0,1782358623.7578578,0.0031599998474121094
21153,normal,1506,0,1782358623.7587562,0.0008983612060546875
21154,normal,1767,0,1782358623.761141,0.0023849010467529297
21155,normal,3454,0,1782358623.763132,0.0019910335540771484
21156,normal,2208,0,1782358623.7652364,0.0021042823791503906
21157,normal,2906,0,1782358623.7670403,0.0018038749694824219
21158,normal,2144,0,1782358623.7691543,0.0021140575408935547
21159,normal,2759,0,1782358623.7711508,0.0019965171813964844
21160,normal,255,0,1782358623.7730317,0.0018808841705322266
21161,normal,2943,0,1782358623.775151,0.002119302749633789
21162,normal,190,0,1782358623.7770383,0.0018873214721679688
21163,normal,1264,0,1782358623.7795367,0.0024983882904052734
21164,normal,3137,1,1782358623.7815788,0.002042055130004883
21165,normal,188,0,1782358623.7833185,0.0017397403717041016
21166,normal,1040,0,1782358623.785095,0.0017764568328857422
21167,normal,2620,0,1782358623.7871962,0.0021011829376220703
21168,normal,3276,1,1782358623.7890668,0.0018706321716308594
21169,normal,2621,0,1782358623.7915986,0.002531766891479492
21170,normal,577,0,1782358623.793612,0.0020134449005126953
21171,normal,1602,0,1782358623.7954361,0.0018241405487060547
21172,normal,1841,0,1782358623.7971208,0.0016846656799316406
21173,normal,1485,0,1782358623.7991662,0.0020453929901123047
21174,normal,3664,0,1782358623.800806,0.0016398429870605469
21175,normal,3025,0,1782358623.803045,0.0022389888763427734
21176,normal,2177,0,1782358623.8053796,0.0023345947265625
21177,normal,3341,1,1782358623.8075743,0.002194643020629883
21178,normal,2817,0,1782358623.8094883,0.0019140243530273438
21179,normal,532,0,1782358623.811197,0.0017087459564208984
21180,normal,3012,0,1782358623.8131208,0.0019237995147705078
21181,normal,2983,0,1782358623.8150563,0.0019354820251464844
21182,normal,3314,1,1782358623.8178618,0.002805471420288086
21183,normal,3212,1,1782358623.8186338,0.0007719993591308594
21184,normal,1457,0,1782358623.820823,0.002189159393310547
21185,normal,2353,0,1782358623.823492,0.002669095993041992
21186,normal,1360,1,1782358623.8253324,0.001840353012084961
21187,normal,2193,0,1782358623.8270965,0.001764059066772461
21188,normal,1962,0,1782358623.829201,0.002104520797729492
21189,normal,867,2,1782358623.831182,0.001981019973754883
21190,normal,3708,0,1782358623.8335495,0.0023674964904785156
21191,normal,1168,0,1782358623.8355856,0.0020360946655273438
21192,normal,574,0,1782358623.8373313,0.0017457008361816406
21193,normal,2926,0,1782358623.8390977,0.0017664432525634766
21194,normal,3433,0,1782358623.8411882,0.0020904541015625
21195,normal,1356,1,1782358623.8431466,0.0019583702087402344
21196,normal,650,0,1782358623.845076,0.0019295215606689453
21197,normal,2938,0,1782358623.8471966,0.002120494842529297
21198,normal,471,0,1782358623.8491337,0.0019371509552001953
21199,normal,1710,0,1782358623.851042,0.0019083023071289062
21200,normal,1325,1,1782358623.8531487,0.0021066665649414062
21201,normal,3017,0,1782358623.8550577,0.001909017562866211
21202,normal,1706,0,1782358623.8574758,0.002418041229248047
21203,normal,1274,0,1782358623.8595433,0.00206756591796875
21204,normal,3669,0,1782358623.861223,0.0016796588897705078
21205,normal,772,2,1782358623.8633873,0.0021643638610839844
21206,normal,3495,0,1782358623.8657637,0.0023763179779052734
21207,normal,372,0,1782358623.8665764,0.0008127689361572266
21208,normal,2562,0,1782358623.8687801,0.002203702926635742
21209,normal,433,0,1782358623.8711798,0.0023996829986572266
21210,normal,3053,1,1782358623.872905,0.0017251968383789062
21211,normal,179,0,1782358623.8751616,0.002256631851196289
21212,normal,244,0,1782358623.877133,0.0019712448120117188
21213,normal,719,0,1782358623.8790681,0.0019352436065673828
21214,normal,386,0,1782358623.8812737,0.0022056102752685547
21215,normal,2715,0,1782358623.8831716,0.0018978118896484375
21216,normal,364,0,1782358623.88503,0.0018584728240966797
21217,normal,381,0,1782358623.8873644,0.0023343563079833984
21218,normal,176,0,1782358623.8897858,0.0024213790893554688
21219,normal,496,0,1782358623.8919103,0.0021245479583740234
21220,normal,2162,0,1782358623.8927217,0.0008113384246826172
21221,normal,2547,0,1782358623.8948302,0.0021085739135742188
21222,normal,2514,0,1782358623.8967466,0.0019164085388183594
21223,normal,2183,0,1782358623.8987107,0.001964092254638672
21224,normal,436,0,1782358623.9017675,0.003056764602661133
21225,normal,1234,0,1782358623.9026582,0.0008907318115234375
21226,normal,3355,1,1782358623.9048812,0.0022230148315429688
21227,normal,1984,0,1782358623.9066966,0.0018153190612792969
21228,normal,134,0,1782358623.9087467,0.002050161361694336
21229,normal,802,2,1782358623.9106932,0.0019464492797851562
21230,normal,280,0,1782358623.9128506,0.002157449722290039
21231,normal,3456,0,1782358623.914557,0.0017063617706298828
21232,normal,2590,0,1782358623.9168484,0.002291440963745117
21233,normal,1483,0,1782358623.918699,0.0018506050109863281
21234,normal,3459,0,1782358623.9207454,0.002046346664428711
21235,normal,994,2,1782358623.9226894,0.0019440650939941406
21236,normal,2028,0,1782358623.9246893,0.0019998550415039062
21237,normal,1372,1,1782358623.9267201,0.0020308494567871094
21238,normal,1563,0,1782358623.928639,0.001918792724609375
21239,normal,2657,0,1782358623.930704,0.0020651817321777344
21240,normal,735,0,1782358623.932565,0.0018608570098876953
21241,normal,3707,0,1782358623.934866,0.0023009777069091797
21242,normal,2661,0,1782358623.936713,0.0018470287322998047
21243,normal,1834,0,1782358623.9385517,0.00183868408203125
21244,normal,475,0,1782358623.9408817,0.0023300647735595703
21245,normal,2933,0,1782358623.9432352,0.0023534297943115234
21246,normal,2690,0,1782358623.9450743,0.0018391609191894531
21247,normal,2855,0,1782358623.9471838,0.002109527587890625
21248,normal,1657,0,1782358623.9491887,0.002004861831665039
21249,normal,2483,0,1782358623.9510987,0.0019099712371826172
21250,normal,3600,0,1782358623.953396,0.0022974014282226562
21251,normal,2809,0,1782358623.9552927,0.0018966197967529297
21252,normal,2165,0,1782358623.9572015,0.0019087791442871094
21253,normal,1098,0,1782358623.9593866,0.0021851062774658203
21254,normal,1571,0,1782358623.9617772,0.002390623092651367
21255,normal,622,0,1782358623.9639392,0.0021619796752929688
21256,normal,3538,0,1782358623.964723,0.0007839202880859375
21257,normal,1099,0,1782358623.9670403,0.002317190170288086
21258,normal,711,0,1782358623.9691556,0.0021152496337890625
21259,normal,3251,1,1782358623.9710639,0.0019083023071289062
21260,normal,2989,0,1782358623.9731927,0.0021288394927978516
21261,normal,651,0,1782358623.9750597,0.001867055892944336
21262,normal,105,0,1782358623.9775848,0.0025250911712646484
21263,normal,1280,0,1782358623.9795551,0.0019702911376953125
21264,normal,2406,0,1782358623.9812698,0.0017147064208984375
21265,normal,3404,0,1782358623.9831748,0.0019049644470214844
21266,normal,2466,0,1782358623.9851623,0.001987457275390625
21267,normal,3387,1,1782358623.987043,0.001880645751953125
21268,normal,3385,1,1782358623.9893882,0.0023453235626220703
21269,normal,336,0,1782358623.991785,0.002396821975708008
21270,normal,3078,1,1782358623.993932,0.0021469593048095703
21271,normal,3642,0,1782358623.9947302,0.0007982254028320312
21272,normal,2544,0,1782358623.9968185,0.002088308334350586
21273,normal,391,0,1782358623.9990427,0.0022242069244384766
21274,normal,858,2,1782358624.0010352,0.001992464065551758
21275,normal,1498,0,1782358624.0031638,0.00212860107421875
21276,normal,2354,0,1782358624.005037,0.0018732547760009766
21277,normal,504,0,1782358624.0073898,0.0023527145385742188
21278,normal,1644,0,1782358624.0097718,0.002382040023803711
21279,normal,2036,0,1782358624.0119572,0.002185344696044922
21280,normal,3558,0,1782358624.0127823,0.0008251667022705078
21281,normal,1812,0,1782358624.0150497,0.0022673606872558594
21282,normal,143,0,1782358624.0170305,0.0019807815551757812
21283,normal,2808,0,1782358624.0190475,0.0020170211791992188
21284,normal,1721,0,1782358624.0210369,0.0019893646240234375
21285,normal,2777,0,1782358624.0230272,0.0019903182983398438
21286,normal,1320,1,1782358624.0253751,0.0023479461669921875
21287,normal,2495,0,1782358624.027789,0.0024139881134033203
21288,normal,3465,0,1782358624.029933,0.00214385986328125
21289,normal,2091,0,1782358624.0307343,0.0008013248443603516
21290,normal,3069,1,1782358624.0330772,0.0023429393768310547
21291,normal,952,2,1782358624.034934,0.0018568038940429688
21292,normal,2575,0,1782358624.0373929,0.002458810806274414
21293,normal,3620,0,1782358624.039795,0.002402067184448242
21294,normal,1628,0,1782358624.0419393,0.002144336700439453
21295,normal,1930,0,1782358624.0427196,0.0007803440093994141
21296,normal,2438,0,1782358624.0449526,0.0022330284118652344
21297,normal,18,0,1782358624.0465622,0.0016095638275146484
21298,normal,1207,0,1782358624.0488734,0.002311229705810547
21299,normal,3446,0,1782358624.0507317,0.0018582344055175781
21300,normal,1670,0,1782358624.0525348,0.0018031597137451172
21301,normal,698,0,1782358624.0546997,0.0021648406982421875
21302,normal,2896,0,1782358624.056777,0.002077341079711914
21303,normal,1840,0,1782358624.0584917,0.0017147064208984375
21304,normal,2960,0,1782358624.060866,0.002374410629272461
21305,normal,1029,2,1782358624.0626361,0.00177001953125
21306,normal,1361,1,1782358624.064772,0.002135753631591797
21307,normal,323,0,1782358624.066726,0.0019540786743164062
21308,normal,369,0,1782358624.0686405,0.0019145011901855469
21309,normal,1178,0,1782358624.070772,0.0021314620971679688
21310,normal,3491,0,1782358624.0726974,0.0019254684448242188
21311,normal,157,0,1782358624.0746431,0.0019457340240478516
21312,normal,988,2,1782358624.0767732,0.0021300315856933594
21313,normal,1531,0,1782358624.0786967,0.0019235610961914062
21314,normal,1572,0,1782358624.0808952,0.002198457717895508
21315,normal,2060,0,1782358624.0825682,0.001672983169555664
21316,normal,2476,0,1782358624.08488,0.0023119449615478516
21317,normal,2152,0,1782358624.0866032,0.0017230510711669922
21318,normal,128,0,1782358624.0887578,0.0021545886993408203
21319,normal,2037,0,1782358624.0907211,0.001963376998901367
21320,normal,2617,0,1782358624.0927203,0.0019991397857666016
21321,normal,412,0,1782358624.0945516,0.0018312931060791016
21322,normal,3031,0,1782358624.0968466,0.0022950172424316406
21323,normal,2884,0,1782358624.0987267,0.0018801689147949219
21324,normal,1878,0,1782358624.1005645,0.0018377304077148438
21325,normal,1057,0,1782358624.1028745,0.002310037612915039
21326,normal,346,0,1782358624.1047275,0.0018529891967773438
21327,normal,1975,0,1782358624.1065395,0.001811981201171875
21328,normal,3209,1,1782358624.1087098,0.0021703243255615234
21329,normal,1261,0,1782358624.1108081,0.0020983219146728516
21330,normal,598,0,1782358624.1124864,0.0016782283782958984
21331,normal,1744,0,1782358624.1148643,0.0023779869079589844
21332,normal,1909,0,1782358624.1166403,0.001775979995727539
21333,normal,2397,0,1782358624.1187754,0.002135038375854492
21334,normal,3001,0,1782358624.1207278,0.0019524097442626953
21335,normal,3434,0,1782358624.1226432,0.0019154548645019531
21336,normal,3486,0,1782358624.1247575,0.0021142959594726562
21337,normal,2745,0,1782358624.1266394,0.0018818378448486328
21338,normal,3120,1,1782358624.128823,0.002183675765991211
21339,normal,1568,0,1782358624.1304944,0.0016713142395019531
21340,normal,3457,0,1782358624.1327608,0.002266407012939453
21341,normal,2635,0,1782358624.1346421,0.0018813610076904297
21342,normal,3357,1,1782358624.1367605,0.002118349075317383
21343,normal,57,0,1782358624.138622,0.001861572265625
21344,normal,1381,1,1782358624.1409888,0.002366781234741211
21345,normal,987,2,1782358624.142557,0.0015680789947509766
21346,normal,2073,0,1782358624.1448755,0.0023186206817626953
21347,normal,1919,0,1782358624.1466107,0.0017352104187011719
21348,normal,962,2,1782358624.1487777,0.0021669864654541016
21349,normal,3420,0,1782358624.150644,0.0018663406372070312
21350,normal,2370,0,1782358624.1527667,0.002122640609741211
21351,normal,2031,0,1782358624.1544912,0.0017244815826416016
21352,normal,70,0,1782358624.1578808,0.003389596939086914
21353,normal,2516,0,1782358624.1585627,0.0006818771362304688
21354,normal,3343,1,1782358624.160761,0.002198457717895508
21355,normal,2351,0,1782358624.162645,0.0018839836120605469
21356,normal,203,0,1782358624.1647646,0.0021195411682128906
21357,normal,3398,1,1782358624.1664908,0.0017261505126953125
21358,normal,3458,0,1782358624.168908,0.002417325973510742
21359,normal,3511,0,1782358624.1707306,0.0018224716186523438
21360,normal,2563,0,1782358624.172499,0.001768350601196289
21361,normal,3076,1,1782358624.174765,0.0022661685943603516
21362,normal,1692,0,1782358624.1766322,0.001867055892944336
21363,normal,832,2,1782358624.1787734,0.002141237258911133
21364,normal,438,0,1782358624.1807208,0.0019474029541015625
21365,normal,355,0,1782358624.1827304,0.0020096302032470703
21366,normal,2557,0,1782358624.1844985,0.0017681121826171875
21367,normal,3022,0,1782358624.186769,0.0022704601287841797
21368,normal,478,0,1782358624.188621,0.0018520355224609375
21369,normal,1105,0,1782358624.1907725,0.0021514892578125
21370,normal,428,0,1782358624.192709,0.0019364356994628906
21371,normal,3064,1,1782358624.1947353,0.0020263195037841797
21372,normal,293,0,1782358624.1965632,0.0018279552459716797
21373,normal,1693,0,1782358624.1987097,0.002146482467651367
21374,normal,1260,0,1782358624.2007308,0.0020210742950439453
21375,normal,3172,1,1782358624.2025049,0.0017740726470947266
21376,normal,872,2,1782358624.2048838,0.0023789405822753906
21377,normal,2560,0,1782358624.2067318,0.001847982406616211
21378,normal,1417,0,1782358624.208553,0.001821279525756836
21379,normal,2536,0,1782358624.2108696,0.0023164749145507812
21380,normal,1611,0,1782358624.212738,0.0018684864044189453
21381,normal,686,0,1782358624.2145584,0.0018203258514404297
21382,normal,269,0,1782358624.2168722,0.002313852310180664
21383,normal,2377,0,1782358624.2187343,0.0018620491027832031
21384,normal,841,2,1782358624.2205682,0.0018339157104492188
21385,normal,1898,0,1782358624.2228656,0.0022974014282226562
21386,normal,3585,0,1782358624.224736,0.0018703937530517578
21387,normal,2303,0,1782358624.2265236,0.0017876625061035156
21388,normal,2669,0,1782358624.2287674,0.0022437572479248047
21389,normal,1754,0,1782358624.2306316,0.0018641948699951172
21390,normal,2582,0,1782358624.2325768,0.0019452571868896484
21391,normal,2672,0,1782358624.234722,0.002145051956176758
21392,normal,2705,0,1782358624.2368538,0.002131938934326172
21393,normal,3443,0,1782358624.2385216,0.0016677379608154297
21394,normal,2220,0,1782358624.2406368,0.0021152496337890625
21395,normal,1639,0,1782358624.2426584,0.0020215511322021484
21396,normal,3232,1,1782358624.2444925,0.0018341541290283203
21397,normal,1311,0,1782358624.2467256,0.0022330284118652344
21398,normal,1806,0,1782358624.2486029,0.0018773078918457031
21399,normal,3268,1,1782358624.2505095,0.0019066333770751953
21400,normal,2285,0,1782358624.2527204,0.002210855484008789
21401,normal,1355,1,1782358624.2547107,0.0019903182983398438
21402,normal,1013,2,1782358624.2564926,0.0017819404602050781
21403,normal,2990,0,1782358624.2587476,0.002254962921142578
21404,normal,2237,0,1782358624.2606032,0.001855611801147461
21405,normal,3697,0,1782358624.2627711,0.002167940139770508
21406,normal,2186,0,1782358624.2646961,0.0019249916076660156
21407,normal,904,2,1782358624.2668715,0.0021753311157226562
21408,normal,2774,0,1782358624.2684968,0.0016252994537353516
21409,normal,707,0,1782358624.270861,0.0023641586303710938
21410,normal,1335,1,1782358624.2727365,0.0018756389617919922
21411,normal,1526,0,1782358624.2745621,0.001825571060180664
21412,normal,676,0,1782358624.2772558,0.002693653106689453
21413,normal,38,0,1782358624.2785897,0.0013339519500732422
21414,normal,2437,0,1782358624.2808855,0.0022957324981689453
21415,normal,1564,0,1782358624.2825706,0.0016851425170898438
21416,normal,2615,0,1782358624.2854047,0.0028340816497802734
21417,normal,1697,0,1782358624.286644,0.0012392997741699219
21418,normal,3177,1,1782358624.2887049,0.0020608901977539062
21419,normal,138,0,1782358624.2908769,0.0021719932556152344
21420,normal,3250,1,1782358624.2925801,0.0017032623291015625
21421,normal,2110,0,1782358624.2948637,0.0022835731506347656
21422,normal,47,0,1782358624.2967315,0.0018677711486816406
21423,normal,251,0,1782358624.298559,0.0018274784088134766
21424,normal,779,2,1782358624.3008628,0.0023038387298583984
21425,normal,2461,0,1782358624.3027346,0.0018718242645263672
21426,normal,949,2,1782358624.30455,0.0018153190612792969
21427,normal,1537,0,1782358624.3068628,0.002312898635864258
21428,normal,2462,0,1782358624.3087373,0.0018744468688964844
21429,normal,906,2,1782358624.31056,0.0018227100372314453
21430,normal,843,2,1782358624.3129299,0.0023698806762695312
21431,normal,3255,1,1782358624.3156118,0.0026819705963134766
21432,normal,2424,0,1782358624.316835,0.0012230873107910156
21433,normal,2988,0,1782358624.319094,0.0022590160369873047
21434,normal,1073,0,1782358624.3213806,0.002286672592163086
21435,normal,2610,0,1782358624.3235989,0.0022182464599609375
21436,normal,68,0,1782358624.325502,0.0019030570983886719
21437,normal,2722,0,1782358624.327828,0.0023260116577148438
21438,normal,3018,0,1782358624.329929,0.0021011829376220703
21439,normal,1201,0,1782358624.3307254,0.0007963180541992188
21440,normal,593,0,1782358624.3326986,0.0019731521606445312
21441,normal,2473,0,1782358624.3345788,0.0018801689147949219
21442,normal,2770,0,1782358624.33669,0.002111196517944336
21443,normal,3554,0,1782358624.3387241,0.0020341873168945312
21444,normal,1934,0,1782358624.340557,0.0018329620361328125
21445,normal,1629,0,1782358624.3436224,0.003065347671508789
21446,normal,1316,0,1782358624.3445282,0.0009057521820068359
21447,normal,1390,0,1782358624.3468478,0.0023195743560791016
21448,normal,1126,0,1782358624.348546,0.0016982555389404297
21449,normal,1067,0,1782358624.3507445,0.002198457717895508
21450,normal,1727,0,1782358624.3525002,0.0017557144165039062
21451,normal,2650,0,1782358624.354755,0.0022547245025634766
21452,normal,1844,0,1782358624.356601,0.0018460750579833984
21453,normal,2434,0,1782358624.3585098,0.0019087791442871094
21454,normal,2206,0,1782358624.3608844,0.0023746490478515625
21455,normal,116,0,1782358624.3627338,0.0018494129180908203
21456,normal,1807,0,1782358624.3644953,0.0017614364624023438
21457,normal,3063,1,1782358624.3668644,0.0023691654205322266
21458,normal,642,0,1782358624.3684678,0.0016033649444580078
21459,normal,2010,0,1782358624.3707345,0.0022666454315185547
21460,normal,1047,0,1782358624.3724864,0.0017518997192382812
21461,normal,1061,0,1782358624.3748808,0.002394437789916992
21462,normal,3125,1,1782358624.376547,0.0016663074493408203
21463,normal,1516,0,1782358624.3788712,0.0023241043090820312
21464,normal,342,0,1782358624.3807385,0.0018672943115234375
21465,normal,2837,0,1782358624.3825428,0.001804351806640625
21466,normal,3556,0,1782358624.3848853,0.0023424625396728516
21467,normal,664,0,1782358624.3867388,0.0018534660339355469
21468,normal,2600,0,1782358624.3885639,0.001825094223022461
21469,normal,2288,0,1782358624.3908808,0.0023169517517089844
21470,normal,3244,1,1782358624.393242,0.0023610591888427734
21471,normal,1535,0,1782358624.3948665,0.0016245841979980469
21472,normal,3570,0,1782358624.397179,0.0023124217987060547
21473,normal,1558,0,1782358624.39874,0.0015611648559570312
21474,normal,2164,0,1782358624.4004986,0.001758575439453125
21475,normal,978,2,1782358624.4026308,0.0021321773529052734
21476,normal,1025,2,1782358624.4046254,0.001994609832763672
21477,normal,2541,0,1782358624.4065151,0.0018897056579589844
21478,normal,1784,0,1782358624.4086363,0.0021212100982666016
21479,normal,879,2,1782358624.4106526,0.002016305923461914
21480,normal,3316,1,1782358624.4125123,0.0018596649169921875
21481,normal,1627,0,1782358624.4146273,0.002115011215209961
21482,normal,3015,0,1782358624.4166539,0.0020265579223632812
21483,normal,3253,1,1782358624.418506,0.0018520355224609375
21484,normal,2895,0,1782358624.420729,0.0022230148315429688
21485,normal,751,0,1782358624.4226024,0.0018734931945800781
21486,normal,1860,0,1782358624.4254603,0.0028579235076904297
21487,normal,2934,0,1782358624.4272482,0.0017879009246826172
21488,normal,3062,1,1782358624.4291966,0.0019483566284179688
21489,normal,2888,0,1782358624.4310787,0.0018820762634277344
21490,normal,3074,1,1782358624.433093,0.0020143985748291016
21491,normal,1435,0,1782358624.4351885,0.002095460891723633
21492,normal,2432,0,1782358624.4370694,0.0018808841705322266
21493,normal,1973,0,1782358624.4393904,0.002321004867553711
21494,normal,1858,0,1782358624.4417856,0.002395153045654297
21495,normal,1242,0,1782358624.4439034,0.0021178722381591797
21496,normal,910,2,1782358624.4447212,0.0008177757263183594
21497,normal,980,2,1782358624.4470513,0.0023300647735595703
21498,normal,3096,1,1782358624.449059,0.002007722854614258
21499,normal,2408,0,1782358624.4510565,0.0019974708557128906
21500,normal,1688,0,1782358624.453186,0.0021295547485351562
21501,normal,1378,1,1782358624.455069,0.0018830299377441406
21502,normal,2592,0,1782358624.456915,0.0018458366394042969
21503,normal,2976,0,1782358624.4591904,0.0022754669189453125
21504,normal,1447,0,1782358624.4610724,0.0018820762634277344
21505,normal,327,0,1782358624.463054,0.001981496810913086
21506,normal,818,2,1782358624.4651916,0.0021376609802246094
21507,normal,2769,0,1782358624.4670622,0.0018706321716308594
21508,normal,2654,0,1782358624.4690826,0.0020203590393066406
21509,normal,1887,0,1782358624.4711964,0.002113819122314453
21510,normal,1742,0,1782358624.472543,0.001346588134765625
21511,normal,933,2,1782358624.4752364,0.0026934146881103516
21512,normal,1682,0,1782358624.4774036,0.002167224884033203
21513,normal,991,2,1782358624.4793367,0.0019330978393554688
21514,normal,2317,0,1782358624.4811857,0.0018489360809326172
21515,normal,3294,1,1782358624.4831731,0.001987457275390625
21516,normal,611,0,1782358624.4850345,0.0018613338470458984
21517,normal,1222,0,1782358624.4873974,0.002362966537475586
21518,normal,1592,0,1782358624.4897869,0.0023894309997558594
21519,normal,884,2,1782358624.4920557,0.0022687911987304688
21520,normal,1801,0,1782358624.49286,0.0008044242858886719
21521,normal,3505,0,1782358624.4951284,0.0022683143615722656
21522,normal,1715,0,1782358624.497042,0.0019135475158691406
21523,normal,3300,1,1782358624.4990103,0.0019683837890625
21524,normal,1738,0,1782358624.5007472,0.0017368793487548828
21525,normal,3378,1,1782358624.503096,0.0023488998413085938
21526,normal,546,0,1782358624.5047355,0.0016393661499023438
21527,normal,875,2,1782358624.5070786,0.0023431777954101562
21528,normal,2067,0,1782358624.5091898,0.002111196517944336
21529,normal,2333,0,1782358624.5110054,0.0018155574798583984
21530,normal,2305,0,1782358624.513176,0.002170562744140625
21531,normal,1487,0,1782358624.515038,0.0018620491027832031
21532,normal,1536,0,1782358624.5173976,0.002359628677368164
21533,normal,486,0,1782358624.51985,0.002452373504638672
21534,normal,682,0,1782358624.5206969,0.00084686279296875
21535,normal,1960,0,1782358624.5229232,0.0022263526916503906
21536,normal,1656,0,1782358624.5250752,0.002151966094970703
21537,normal,1906,0,1782358624.526943,0.0018677711486816406
21538,normal,519,0,1782358624.528798,0.0018551349639892578
21539,normal,2911,0,1782358624.531082,0.002283811569213867
21540,normal,2075,0,1782358624.532938,0.001856088638305664
21541,normal,2119,0,1782358624.5354679,0.0025298595428466797
21542,normal,1941,0,1782358624.5378623,0.002394437789916992
21543,normal,221,0,1782358624.5392509,0.0013885498046875
21544,normal,2800,0,1782358624.5411277,0.0018768310546875
21545,normal,596,0,1782358624.5437722,0.0026445388793945312
21546,normal,1863,0,1782358624.5459335,0.002161264419555664
21547,normal,1828,0,1782358624.5467198,0.0007863044738769531
21548,normal,2234,0,1782358624.548762,0.0020422935485839844
21549,normal,2538,0,1782358624.5509112,0.0021491050720214844
21550,normal,94,0,1782358624.5532336,0.0023224353790283203
21551,normal,3545,0,1782358624.5551896,0.0019559860229492188
21552,normal,812,2,1782358624.557081,0.0018913745880126953
21553,normal,2238,0,1782358624.5590537,0.001972675323486328
21554,normal,3296,1,1782358624.5611887,0.002135038375854492
21555,normal,1881,0,1782358624.5630856,0.0018968582153320312
21556,normal,3214,1,1782358624.5653834,0.0022978782653808594
21557,normal,1816,0,1782358624.5673144,0.0019309520721435547
21558,normal,759,0,1782358624.5692172,0.0019028186798095703
21559,normal,3295,1,1782358624.5713656,0.0021483898162841797
21560,normal,2313,0,1782358624.5738463,0.002480745315551758
21561,normal,2652,0,1782358624.5746508,0.0008044242858886719
21562,normal,2506,0,1782358624.5770452,0.002394437789916992
21563,normal,2212,0,1782358624.5794008,0.0023555755615234375
21564,normal,1711,0,1782358624.5816443,0.002243518829345703
21565,normal,2081,0,1782358624.5835397,0.0018954277038574219
21566,normal,3257,1,1782358624.585564,0.0020241737365722656
21567,normal,3184,1,1782358624.5873353,0.0017714500427246094
21568,normal,2240,0,1782358624.5892482,0.001912832260131836
21569,normal,2292,0,1782358624.5912292,0.001981019973754883
21570,normal,1362,1,1782358624.5930796,0.0018503665924072266
21571,normal,3394,1,1782358624.595417,0.0023374557495117188
21572,normal,609,0,1782358624.5973117,0.0018947124481201172
21573,normal,963,2,1782358624.5992079,0.0018961429595947266
21574,normal,2264,0,1782358624.601053,0.0018451213836669922
21575,normal,3192,1,1782358624.6031954,0.0021424293518066406
21576,normal,560,0,1782358624.6050596,0.0018641948699951172
21577,normal,2919,0,1782358624.607399,0.0023393630981445312
21578,normal,2551,0,1782358624.6097655,0.0023665428161621094
21579,normal,2779,0,1782358624.6121657,0.0024001598358154297
21580,normal,959,2,1782358624.6127334,0.0005676746368408203
21581,normal,192,0,1782358624.6151757,0.0024423599243164062
21582,normal,1456,0,1782358624.6171474,0.001971721649169922
21583,normal,3075,1,1782358624.6190665,0.0019190311431884766
21584,normal,1258,0,1782358624.6211917,0.002125263214111328
21585,normal,263,0,1782358624.623057,0.0018651485443115234
21586,normal,1313,0,1782358624.6252058,0.002148866653442383
21587,normal,3670,0,1782358624.6271954,0.001989603042602539
21588,normal,1607,0,1782358624.6290722,0.0018768310546875
21589,normal,2123,0,1782358624.631465,0.0023927688598632812
21590,normal,2846,0,1782358624.6333144,0.0018494129180908203
21591,normal,2270,0,1782358624.6352363,0.0019218921661376953
21592,normal,1910,0,1782358624.6373632,0.002126932144165039
21593,normal,769,0,1782358624.639866,0.002502918243408203
21594,normal,167,0,1782358624.6406379,0.0007717609405517578
21595,normal,91,0,1782358624.6430411,0.00240325927734375
21596,normal,3127,1,1782358624.6450238,0.0019826889038085938
21597,normal,1997,0,1782358624.6476831,0.002659320831298828
21598,normal,2153,0,1782358624.6494308,0.0017476081848144531
21599,normal,3403,0,1782358624.6513605,0.0019297599792480469
21600,normal,2039,0,1782358624.6531742,0.001813650131225586
21601,normal,2972,0,1782358624.6550426,0.0018684864044189453
21602,normal,243,0,1782358624.6571565,0.002113819122314453
21603,normal,1854,0,1782358624.6590402,0.0018837451934814453
21604,normal,1540,0,1782358624.6614244,0.002384185791015625
21605,normal,2363,0,1782358624.6637967,0.002372264862060547
21606,normal,1121,0,1782358624.6659439,0.002147197723388672
21607,normal,3496,0,1782358624.6667197,0.0007758140563964844
21608,normal,2079,0,1782358624.669026,0.002306222915649414
21609,normal,2826,0,1782358624.671037,0.0020110607147216797
21610,normal,2956,0,1782358624.6734838,0.002446889877319336
21611,normal,3047,1,1782358624.6753843,0.0019004344940185547
21612,normal,1920,0,1782358624.6771898,0.0018055438995361328
21613,normal,2114,0,1782358624.6790383,0.001848459243774414
21614,normal,258,0,1782358624.6811626,0.002124309539794922
21615,normal,2948,0,1782358624.6830416,0.001878976821899414
21616,normal,1396,0,1782358624.6854017,0.002360105514526367
21617,normal,2154,0,1782358624.6877818,0.0023801326751708984
21618,normal,224,0,1782358624.6899445,0.0021626949310302734
21619,normal,193,0,1782358624.690756,0.0008115768432617188
21620,normal,1494,0,1782358624.6938803,0.003124237060546875
21621,normal,3026,0,1782358624.694638,0.0007576942443847656
21622,normal,3508,0,1782358624.6970305,0.0023925304412841797
21623,normal,1050,0,1782358624.6994472,0.0024166107177734375
21624,normal,3509,0,1782358624.7005136,0.001066446304321289
21625,normal,3590,0,1782358624.7034037,0.0028901100158691406
21626,normal,3283,1,1782358624.7063253,0.002921581268310547
21627,normal,1753,0,1782358624.7065525,0.00022721290588378906
21628,normal,553,0,1782358624.7090464,0.0024938583374023438
21629,normal,3107,1,1782358624.711375,0.002328634262084961
21630,normal,2716,0,1782358624.7135758,0.0022008419036865234
21631,normal,2376,0,1782358624.715512,0.001936197280883789
21632,normal,2130,0,1782358624.717837,0.0023250579833984375
21633,normal,1992,0,1782358624.719928,0.002090930938720703
21634,normal,2732,0,1782358624.7207196,0.0007915496826171875
21635,normal,1810,0,1782358624.723027,0.002307415008544922
21636,normal,3275,1,1782358624.7250295,0.0020024776458740234
21637,normal,3068,1,1782358624.7269988,0.0019693374633789062
21638,normal,2681,0,1782358624.729191,0.002192258834838867
21639,normal,1950,0,1782358624.731058,0.0018668174743652344
21640,normal,1094,0,1782358624.7331028,0.0020449161529541016
21641,normal,851,2,1782358624.7349536,0.0018508434295654297
21642,normal,322,0,1782358624.7370574,0.0021038055419921875
21643,normal,421,0,1782358624.739496,0.0024385452270507812
21644,normal,2129,0,1782358624.7414076,0.0019116401672363281
21645,normal,3133,1,1782358624.7432344,0.0018267631530761719
21646,normal,1112,0,1782358624.7453845,0.0021500587463378906
21647,normal,2491,0,1782358624.7477853,0.0024008750915527344
21648,normal,3502,0,1782358624.7499697,0.0021843910217285156
21649,normal,32,0,1782358624.750776,0.0008063316345214844
21650,normal,66,0,1782358624.7530477,0.0022716522216796875
21651,normal,2310,0,1782358624.7550578,0.0020101070404052734
21652,normal,2533,0,1782358624.7570574,0.0019996166229248047
21653,normal,1492,0,1782358624.7592385,0.0021810531616210938
21654,normal,3066,1,1782358624.7610617,0.0018231868743896484
21655,normal,3608,0,1782358624.763052,0.0019903182983398438
21656,normal,3348,1,1782358624.7651932,0.002141237258911133
21657,normal,2146,0,1782358624.767065,0.0018718242645263672
21658,normal,303,0,1782358624.7693982,0.0023331642150878906
21659,normal,2721,0,1782358624.7712352,0.001837015151977539
21660,normal,3704,0,1782358624.7731974,0.0019621849060058594
21661,normal,415,0,1782358624.7750626,0.0018651485443115234
21662,normal,2411,0,1782358624.7772279,0.0021653175354003906
21663,normal,805,2,1782358624.7790985,0.0018706321716308594
21664,normal,1467,0,1782358624.7815225,0.002424001693725586
21665,normal,2223,0,1782358624.7832506,0.001728057861328125
21666,normal,1642,0,1782358624.7850556,0.0018050670623779297
21667,normal,3381,1,1782358624.78743,0.002374410629272461
21668,normal,2489,0,1782358624.7897916,0.0023615360260009766
21669,normal,2014,0,1782358624.7919526,0.0021610260009765625
21670,normal,2280,0,1782358624.7927387,0.0007860660552978516
21671,normal,1304,0,1782358624.7950234,0.0022847652435302734
21672,normal,1566,0,1782358624.7970393,0.002015829086303711
21673,normal,1680,0,1782358624.799761,0.0027217864990234375
21674,normal,3634,0,1782358624.8018482,0.002087116241455078
21675,normal,2256,0,1782358624.803924,0.0020759105682373047
21676,normal,315,0,1782358624.80473,0.0008058547973632812
21677,normal,901,2,1782358624.807037,0.0023071765899658203
21678,normal,454,0,1782358624.8090284,0.00199127197265625
21679,normal,1195,0,1782358624.811031,0.002002716064453125
21680,normal,1704,0,1782358624.8131647,0.002133607864379883
21681,normal,1661,0,1782358624.8149285,0.0017638206481933594
21682,normal,3501,0,1782358624.8173685,0.0024399757385253906
21683,normal,2636,0,1782358624.8193061,0.0019376277923583984
21684,normal,3513,0,1782358624.8211622,0.001856088638305664
21685,normal,3528,0,1782358624.8230417,0.0018794536590576172
21686,normal,2903,0,1782358624.8251615,0.002119779586791992
21687,normal,2936,0,1782358624.8269873,0.0018258094787597656
21688,normal,2512,0,1782358624.8290606,0.0020732879638671875
21689,normal,2868,0,1782358624.8311985,0.002137899398803711
21690,normal,492,0,1782358624.8330708,0.0018723011016845703
21691,normal,3659,0,1782358624.8353734,0.0023026466369628906
21692,normal,3604,0,1782358624.837363,0.001989603042602539
21693,normal,265,0,1782358624.8391721,0.0018091201782226562
21694,normal,343,0,1782358624.8414576,0.002285480499267578
21695,normal,3370,1,1782358624.843803,0.0023453235626220703
21696,normal,246,0,1782358624.8459613,0.0021584033966064453
21697,normal,1173,0,1782358624.846728,0.000766754150390625
21698,normal,2442,0,1782358624.8489442,0.0022161006927490234
21699,normal,3658,0,1782358624.851046,0.002101898193359375
21700,normal,731,0,1782358624.8531518,0.002105712890625
21701,normal,3003,0,1782358624.8550384,0.001886606216430664
21702,normal,3168,1,1782358624.8570464,0.0020079612731933594
21703,normal,1650,0,1782358624.859377,0.0023305416107177734
21704,normal,2904,0,1782358624.861254,0.0018770694732666016
21705,normal,2409,0,1782358624.8632007,0.0019466876983642578
21706,normal,2471,0,1782358624.8650382,0.0018374919891357422
21707,normal,728,0,1782358624.8671644,0.0021262168884277344
21708,normal,2570,0,1782358624.8687837,0.0016193389892578125
21709,normal,3028,0,1782358624.8718996,0.0031158924102783203
21710,normal,2499,0,1782358624.87258,0.0006804466247558594
21711,normal,2145,0,1782358624.8749318,0.0023517608642578125
21712,normal,396,0,1782358624.8771722,0.002240419387817383
21713,normal,2684,0,1782358624.8795578,0.0023856163024902344
21714,normal,3196,1,1782358624.8813314,0.0017735958099365234
21715,normal,2873,0,1782358624.8833764,0.0020449161529541016
21716,normal,634,0,1782358624.8858628,0.0024864673614501953
21717,normal,516,0,1782358624.886639,0.0007762908935546875
21718,normal,1562,0,1782358624.8890254,0.002386331558227539
21719,normal,2776,0,1782358624.8913722,0.0023467540740966797
21720,normal,1527,0,1782358624.8935692,0.0021970272064208984
21721,normal,1842,0,1782358624.895496,0.0019266605377197266
21722,normal,1508,0,1782358624.897805,0.002309083938598633
21723,normal,3144,1,1782358624.8999782,0.002173185348510742
21724,normal,75,0,1782358624.9007359,0.0007576942443847656
21725,normal,2274,0,1782358624.9039128,0.0031769275665283203
21726,normal,367,0,1782358624.9046378,0.0007250308990478516
21727,normal,202,0,1782358624.9070303,0.0023925304412841797
21728,normal,3135,1,1782358624.90989,0.0028595924377441406
21729,normal,3126,1,1782358624.910642,0.0007519721984863281
21730,normal,2602,0,1782358624.9131727,0.002530813217163086
21731,normal,540,0,1782358624.9153757,0.0022029876708984375
21732,normal,3464,0,1782358624.9176333,0.0022575855255126953
21733,normal,1437,0,1782358624.91949,0.0018568038940429688
21734,normal,1507,0,1782358624.9215815,0.0020914077758789062
21735,normal,844,2,1782358624.9233408,0.0017592906951904297
21736,normal,2453,0,1782358624.9252245,0.0018837451934814453
21737,normal,2448,0,1782358624.927497,0.002272367477416992
21738,normal,3199,1,1782358624.9295394,0.002042531967163086
21739,normal,984,2,1782358624.930725,0.0011856555938720703
21740,normal,3007,0,1782358624.9332554,0.002530336380004883
21741,normal,3223,1,1782358624.9351056,0.001850128173828125
21742,normal,2872,0,1782358624.9370573,0.0019516944885253906
21743,normal,2605,0,1782358624.9391685,0.002111196517944336
21744,normal,2451,0,1782358624.9410772,0.0019087791442871094
21745,normal,1514,0,1782358624.9434307,0.0023534297943115234
21746,normal,2203,0,1782358624.9458401,0.0024094581604003906
21747,normal,1504,0,1782358624.9480047,0.002164602279663086
21748,normal,1427,0,1782358624.9487052,0.0007004737854003906
21749,normal,1213,0,1782358624.9510994,0.0023941993713378906
21750,normal,3181,1,1782358624.9531107,0.0020112991333007812
21751,normal,1868,0,1782358624.9555745,0.002463817596435547
21752,normal,1354,1,1782358624.9572363,0.0016617774963378906
21753,normal,2907,0,1782358624.9591956,0.0019593238830566406
21754,normal,1070,0,1782358624.9610562,0.0018606185913085938
21755,normal,435,0,1782358624.9631908,0.002134561538696289
21756,normal,232,0,1782358624.9651554,0.001964569091796875
21757,normal,1137,0,1782358624.9670599,0.0019044876098632812
21758,normal,2228,0,1782358624.9691927,0.002132892608642578
21759,normal,1684,0,1782358624.9711556,0.001962900161743164
21760,normal,3175,1,1782358624.9730568,0.0019011497497558594
21761,normal,2148,0,1782358624.9751842,0.002127408981323242
21762,normal,1542,0,1782358624.9770525,0.0018682479858398438
21763,normal,0,0,1782358624.9795787,0.0025262832641601562
21764,normal,394,0,1782358624.9805508,0.0009720325469970703
21765,normal,1299,0,1782358624.9834478,0.002897024154663086
21766,normal,1357,1,1782358624.985172,0.0017242431640625
21767,normal,2490,0,1782358624.9871907,0.0020186901092529297
21768,normal,697,0,1782358624.9890494,0.0018587112426757812
21769,normal,1110,0,1782358624.9911575,0.0021080970764160156
21770,normal,3082,1,1782358624.9931967,0.002039194107055664
21771,normal,3016,0,1782358624.9950728,0.0018761157989501953
21772,normal,466,0,1782358624.996937,0.0018641948699951172
21773,normal,374,0,1782358624.9987504,0.0018134117126464844
21774,normal,8,0,1782358625.0006108,0.0018603801727294922
21775,normal,1008,2,1782358625.002597,0.001986265182495117
21776,normal,3193,1,1782358625.0048695,0.002272367477416992
21777,normal,139,0,1782358625.006566,0.0016965866088867188
21778,normal,484,0,1782358625.0093887,0.0028226375579833984
21779,normal,3104,1,1782358625.0123086,0.002919912338256836
21780,normal,1929,0,1782358625.01257,0.0002613067626953125
21781,normal,3369,1,1782358625.0157993,0.003229379653930664
21782,normal,817,2,1782358625.0174875,0.001688241958618164
21783,normal,787,2,1782358625.0191007,0.0016131401062011719
21784,normal,1352,1,1782358625.0210416,0.0019409656524658203
21785,normal,816,2,1782358625.02305,0.0020084381103515625
21786,normal,2216,0,1782358625.025037,0.001986980438232422
21787,normal,1823,0,1782358625.0270836,0.0020465850830078125
21788,normal,1921,0,1782358625.0290365,0.0019528865814208984
21789,normal,505,0,1782358625.0308921,0.001855611801147461
21790,normal,740,0,1782358625.0331347,0.002242565155029297
21791,normal,2025,0,1782358625.0349245,0.0017898082733154297
21792,normal,418,0,1782358625.0366352,0.001710653305053711
21793,normal,1052,0,1782358625.0393965,0.002761363983154297
21794,normal,1458,0,1782358625.0404437,0.0010471343994140625
21795,normal,2297,0,1782358625.0425756,0.002131938934326172
21796,normal,3272,1,1782358625.0444076,0.0018320083618164062
21797,normal,3258,1,1782358625.0465443,0.002136707305908203
21798,normal,3195,1,1782358625.0483854,0.0018410682678222656
21799,normal,893,2,1782358625.0504851,0.002099752426147461
21800,normal,235,0,1782358625.0524702,0.0019850730895996094
21801,normal,3246,1,1782358625.054629,0.0021588802337646484
21802,normal,6,0,1782358625.0565174,0.001888275146484375
21803,normal,2239,0,1782358625.0586247,0.002107381820678711
21804,normal,233,0,1782358625.0606976,0.0020728111267089844
21805,normal,3578,0,1782358625.0627465,0.002048969268798828
21806,normal,3694,0,1782358625.064599,0.0018525123596191406
21807,normal,23,0,1782358625.066601,0.0020020008087158203
21808,normal,2798,0,1782358625.0685122,0.001911163330078125
21809,normal,3671,0,1782358625.0706177,0.0021054744720458984
21810,normal,2830,0,1782358625.0725064,0.0018887519836425781
21811,normal,919,2,1782358625.0746047,0.0020983219146728516
21812,normal,2914,0,1782358625.076594,0.0019893646240234375
21813,normal,713,0,1782358625.0785167,0.001922607421875
21814,normal,286,0,1782358625.080768,0.0022513866424560547
21815,normal,2196,0,1782358625.0826542,0.001886129379272461
21816,normal,3030,0,1782358625.084715,0.0020606517791748047
21817,normal,2175,0,1782358625.086601,0.001886129379272461
21818,normal,1874,0,1782358625.088711,0.002110004425048828
21819,normal,3449,0,1782358625.0906026,0.0018916130065917969
21820,normal,3115,1,1782358625.0927253,0.002122640609741211
21821,normal,2598,0,1782358625.0945933,0.0018680095672607422
21822,normal,785,2,1782358625.0967355,0.002142190933227539
21823,normal,2531,0,1782358625.0986097,0.0018742084503173828
21824,normal,108,0,1782358625.1008468,0.002237081527709961
21825,normal,2675,0,1782358625.1025434,0.0016965866088867188
21826,normal,1513,0,1782358625.1047313,0.002187967300415039
21827,normal,2328,0,1782358625.106622,0.0018906593322753906
21828,normal,2106,0,1782358625.1086164,0.0019943714141845703
21829,normal,3248,1,1782358625.1107304,0.0021140575408935547
21830,normal,2850,0,1782358625.1126032,0.0018727779388427734
21831,normal,489,0,1782358625.1147318,0.00212860107421875
21832,normal,1243,0,1782358625.1166098,0.0018780231475830078
21833,normal,914,2,1782358625.1186967,0.0020868778228759766
21834,normal,1285,0,1782358625.12062,0.0019233226776123047
21835,normal,1621,0,1782358625.1227646,0.0021445751190185547
21836,normal,1893,0,1782358625.1246154,0.0018508434295654297
21837,normal,2139,0,1782358625.1266453,0.002029895782470703
21838,normal,2254,0,1782358625.1286113,0.0019659996032714844
21839,normal,225,0,1782358625.1307476,0.00213623046875
21840,normal,1395,0,1782358625.132504,0.001756429672241211
21841,normal,1072,0,1782358625.1346283,0.002124309539794922
21842,normal,136,0,1782358625.1367803,0.002151966094970703
21843,normal,1143,0,1782358625.1387134,0.0019330978393554688
21844,normal,2102,0,1782358625.1407213,0.0020079612731933594
21845,normal,3379,1,1782358625.1425622,0.001840829849243164
21846,normal,2486,0,1782358625.1447577,0.002195596694946289
21847,normal,3065,1,1782358625.146538,0.0017802715301513672
21848,normal,3072,1,1782358625.148756,0.002218008041381836
21849,normal,2046,0,1782358625.1504643,0.0017082691192626953
21850,normal,1584,0,1782358625.1525824,0.0021181106567382812
21851,normal,1413,0,1782358625.1545966,0.00201416015625
21852,normal,145,0,1782358625.1565435,0.0019469261169433594
21853,normal,672,0,1782358625.1585822,0.002038717269897461
21854,normal,2503,0,1782358625.160542,0.0019598007202148438
21855,normal,2835,0,1782358625.1625698,0.002027750015258789
21856,normal,74,0,1782358625.1645727,0.0020029544830322266
21857,normal,119,0,1782358625.1665804,0.002007722854614258
21858,normal,1408,0,1782358625.168619,0.0020384788513183594
21859,normal,1197,0,1782358625.1704986,0.0018796920776367188
21860,normal,2018,0,1782358625.1727166,0.002218008041381836
21861,normal,455,0,1782358625.1744397,0.0017230510711669922
21862,normal,898,2,1782358625.1765869,0.002147197723388672
21863,normal,2626,0,1782358625.178579,0.0019922256469726562
21864,normal,1048,0,1782358625.1807258,0.0021467208862304688
21865,normal,3208,1,1782358625.1825655,0.0018396377563476562
21866,normal,786,2,1782358625.1846857,0.0021202564239501953
21867,normal,2760,0,1782358625.1865206,0.001834869384765625
21868,normal,1337,1,1782358625.1885643,0.0020437240600585938
21869,normal,724,0,1782358625.1907074,0.0021431446075439453
21870,normal,745,0,1782358625.192532,0.0018246173858642578
21871,normal,2414,0,1782358625.1946135,0.0020813941955566406
21872,normal,946,2,1782358625.1966052,0.001991748809814453
21873,normal,3625,0,1782358625.1985013,0.0018961429595947266
21874,normal,2124,0,1782358625.2005522,0.0020508766174316406
21875,normal,678,0,1782358625.2025325,0.001980304718017578
21876,normal,850,2,1782358625.2046165,0.002084016799926758
21877,normal,2733,0,1782358625.2065408,0.001924276351928711
21878,normal,3245,1,1782358625.2086565,0.0021157264709472656
21879,normal,3533,0,1782358625.2105138,0.0018572807312011719
21880,normal,1983,0,1782358625.212649,0.0021352767944335938
21881,normal,2929,0,1782358625.2146566,0.0020074844360351562
21882,normal,2277,0,1782358625.2165453,0.0018887519836425781
21883,normal,856,2,1782358625.2185771,0.0020318031311035156
21884,normal,603,0,1782358625.2205667,0.001989603042602539
21885,normal,3563,0,1782358625.2226295,0.0020627975463867188
21886,normal,768,0,1782358625.2245767,0.001947164535522461
21887,normal,3685,0,1782358625.2265713,0.001994609832763672
21888,normal,2276,0,1782358625.2285428,0.0019714832305908203
21889,normal,354,0,1782358625.2305567,0.0020139217376708984
21890,normal,366,0,1782358625.232553,0.001996278762817383
21891,normal,1804,0,1782358625.2347996,0.0022466182708740234
21892,normal,1796,0,1782358625.2365549,0.0017552375793457031
21893,normal,1165,0,1782358625.2386973,0.0021424293518066406
21894,normal,3616,0,1782358625.240501,0.0018036365509033203
21895,normal,3386,1,1782358625.242574,0.002073049545288086
21896,normal,2345,0,1782358625.2445748,0.0020008087158203125
21897,normal,881,2,1782358625.246501,0.0019261837005615234
21898,normal,2109,0,1782358625.248722,0.0022211074829101562
21899,normal,899,2,1782358625.2506096,0.0018875598907470703
21900,normal,2978,0,1782358625.252465,0.0018553733825683594
21901,normal,3388,1,1782358625.2545464,0.0020813941955566406
21902,normal,3067,1,1782358625.2565722,0.0020258426666259766
21903,normal,1449,0,1782358625.2586458,0.002073526382446289
21904,normal,791,2,1782358625.2605457,0.0018999576568603516
21905,normal,2314,0,1782358625.2625685,0.0020227432250976562
21906,normal,210,0,1782358625.2645035,0.0019350051879882812
21907,normal,1576,0,1782358625.2665238,0.0020203590393066406
21908,normal,1367,1,1782358625.2685895,0.0020656585693359375
21909,normal,1163,0,1782358625.2707708,0.0021812915802001953
21910,normal,2554,0,1782358625.272516,0.0017452239990234375
21911,normal,3581,0,1782358625.2746816,0.002165555953979492
21912,normal,539,0,1782358625.2766871,0.0020055770874023438
21913,normal,512,0,1782358625.278488,0.0018007755279541016
21914,normal,2431,0,1782358625.2805493,0.0020613670349121094
21915,normal,3061,1,1782358625.2824998,0.0019505023956298828
21916,normal,3237,1,1782358625.2846174,0.002117633819580078
21917,normal,3668,0,1782358625.2866557,0.002038240432739258
21918,normal,1286,0,1782358625.2885852,0.0019295215606689453
21919,normal,2226,0,1782358625.2907038,0.0021185874938964844
21920,normal,2687,0,1782358625.2925231,0.0018193721771240234
21921,normal,2730,0,1782358625.2947948,0.0022716522216796875
21922,normal,3435,0,1782358625.2967348,0.001940011978149414
21923,normal,1350,1,1782358625.298673,0.0019381046295166016
21924,normal,1587,0,1782358625.3006117,0.0019388198852539062
21925,normal,2062,0,1782358625.3024914,0.0018796920776367188
21926,normal,936,2,1782358625.3045728,0.0020813941955566406
21927,normal,2537,0,1782358625.3065362,0.001963376998901367
21928,normal,311,0,1782358625.3087428,0.002206563949584961
21929,normal,3652,0,1782358625.310532,0.0017893314361572266
21930,normal,2253,0,1782358625.3124905,0.0019583702087402344
21931,normal,498,0,1782358625.314505,0.002014636993408203
21932,normal,2765,0,1782358625.3166807,0.002175569534301758
21933,normal,1605,0,1782358625.3185134,0.001832723617553711
21934,normal,1332,1,1782358625.3205745,0.002061128616333008
21935,normal,1623,0,1782358625.3225935,0.0020189285278320312
21936,normal,1059,0,1782358625.3245437,0.0019502639770507812
21937,normal,2134,0,1782358625.3265903,0.0020465850830078125
21938,normal,2847,0,1782358625.32866,0.002069711685180664
21939,normal,607,0,1782358625.3305743,0.0019142627716064453
21940,normal,1725,0,1782358625.3325636,0.0019893646240234375
21941,normal,774,2,1782358625.3345923,0.0020287036895751953
21942,normal,888,2,1782358625.33648,0.0018875598907470703
21943,normal,172,0,1782358625.3385725,0.002092599868774414
21944,normal,2229,0,1782358625.3406165,0.0020439624786376953
21945,normal,1663,0,1782358625.3425791,0.0019626617431640625
21946,normal,2891,0,1782358625.3446405,0.0020613670349121094
21947,normal,2975,0,1782358625.3466043,0.0019638538360595703
21948,normal,2291,0,1782358625.3487968,0.0021924972534179688
21949,normal,854,2,1782358625.3505092,0.0017123222351074219
21950,normal,1512,0,1782358625.3526518,0.002142667770385742
21951,normal,2530,0,1782358625.354445,0.0017931461334228516
21952,normal,3479,0,1782358625.3565712,0.0021262168884277344
21953,normal,3191,1,1782358625.3585632,0.0019919872283935547
21954,normal,970,2,1782358625.3606997,0.0021364688873291016
21955,normal,3382,1,1782358625.3624847,0.0017850399017333984
21956,normal,709,0,1782358625.3646934,0.002208709716796875
21957,normal,402,0,1782358625.3665414,0.001847982406616211
21958,normal,3627,0,1782358625.3687441,0.002202749252319336
21959,normal,3499,0,1782358625.3705165,0.0017724037170410156
21960,normal,3484,0,1782358625.3727117,0.002195119857788086
21961,normal,1961,0,1782358625.374526,0.0018143653869628906
21962,normal,111,0,1782358625.3766541,0.002128124237060547
21963,normal,2980,0,1782358625.3784974,0.0018432140350341797
21964,normal,1565,0,1782358625.3805635,0.0020661354064941406
21965,normal,93,0,1782358625.3826587,0.0020952224731445312
21966,normal,1154,0,1782358625.3844452,0.0017864704132080078
21967,normal,2065,0,1782358625.3865592,0.0021140575408935547
21968,normal,877,2,1782358625.3885553,0.0019960403442382812
21969,normal,1267,0,1782358625.390589,0.002033710479736328
21970,normal,1649,0,1782358625.3931108,0.0025217533111572266
21971,normal,986,2,1782358625.3945835,0.0014727115631103516
21972,normal,3414,0,1782358625.396543,0.001959562301635742
21973,normal,3353,1,1782358625.3985808,0.0020377635955810547
21974,normal,1819,0,1782358625.400576,0.0019953250885009766
21975,normal,794,2,1782358625.402619,0.0020427703857421875
21976,normal,2283,0,1782358625.4047217,0.0021028518676757812
21977,normal,99,0,1782358625.4065416,0.0018198490142822266
21978,normal,2505,0,1782358625.4085734,0.0020318031311035156
21979,normal,1358,1,1782358625.4105728,0.001999378204345703
21980,normal,3190,1,1782358625.4125881,0.002015352249145508
21981,normal,1735,0,1782358625.41459,0.0020017623901367188
21982,normal,755,0,1782358625.4166033,0.0020134449005126953
21983,normal,2584,0,1782358625.4186025,0.0019991397857666016
21984,normal,1079,0,1782358625.420661,0.0020585060119628906
21985,normal,1634,0,1782358625.4226885,0.0020275115966796875
21986,normal,395,0,1782358625.424542,0.0018534660339355469
21987,normal,3352,1,1782358625.426685,0.0021431446075439453
21988,normal,3310,1,1782358625.4286342,0.0019490718841552734
21989,normal,2337,0,1782358625.4306574,0.0020232200622558594
21990,normal,1791,0,1782358625.4325569,0.0018994808197021484
21991,normal,1156,0,1782358625.4346516,0.002094745635986328
21992,normal,1888,0,1782358625.436788,0.0021364688873291016
21993,normal,278,0,1782358625.4386408,0.0018527507781982422
21994,normal,2822,0,1782358625.4405677,0.0019268989562988281
21995,normal,1963,0,1782358625.442755,0.0021872520446777344
21996,normal,1443,0,1782358625.4446495,0.0018944740295410156
21997,normal,1291,0,1782358625.4466596,0.0020101070404052734
21998,normal,1758,0,1782358625.448585,0.0019254684448242188
21999,normal,979,2,1782358625.4506302,0.002045154571533203
22000,normal,3583,0,1782358625.4526117,0.001981496810913086
22001,normal,2790,0,1782358625.454868,0.0022563934326171875
22002,normal,2366,0,1782358625.4565847,0.00171661376953125
22003,normal,1968,0,1782358625.4585886,0.002003908157348633
22004,normal,613,0,1782358625.4606032,0.002014636993408203
22005,normal,700,0,1782358625.462609,0.0020058155059814453
22006,normal,2750,0,1782358625.4645495,0.0019404888153076172
22007,normal,506,0,1782358625.4665875,0.0020380020141601562
22008,normal,525,0,1782358625.46855,0.001962423324584961
22009,normal,3389,1,1782358625.470602,0.0020520687103271484
22010,normal,360,0,1782358625.4726295,0.0020275115966796875
22011,normal,1948,0,1782358625.4745893,0.0019598007202148438
22012,normal,2330,0,1782358625.476587,0.001997709274291992
22013,normal,389,0,1782358625.4785776,0.0019905567169189453
22014,normal,1323,1,1782358625.4805703,0.0019927024841308594
22015,normal,2443,0,1782358625.4825912,0.0020208358764648438
22016,normal,1033,0,1782358625.48462,0.002028942108154297
22017,normal,3043,0,1782358625.4866173,0.001997232437133789
22018,normal,2754,0,1782358625.4886198,0.0020024776458740234
22019,normal,207,0,1782358625.4906023,0.001982450485229492
22020,normal,3500,0,1782358625.4925556,0.0019533634185791016
22021,normal,2812,0,1782358625.4946241,0.0020685195922851562
22022,normal,1798,0,1782358625.4965363,0.0019121170043945312
22023,normal,581,0,1782358625.4985652,0.002028942108154297
22024,normal,2889,0,1782358625.5005631,0.0019979476928710938
22025,normal,3289,1,1782358625.502605,0.0020418167114257812
22026,normal,649,0,1782358625.504653,0.002048015594482422
22027,normal,829,2,1782358625.5065053,0.001852273941040039
22028,normal,2587,0,1782358625.5086884,0.002183198928833008
22029,normal,1612,0,1782358625.510568,0.0018794536590576172
22030,normal,1128,0,1782358625.5127048,0.0021369457244873047
22031,normal,999,2,1782358625.5146437,0.0019388198852539062
22032,normal,1383,0,1782358625.5165792,0.0019354820251464844
22033,normal,3641,0,1782358625.518628,0.0020487308502197266
22034,normal,3610,0,1782358625.5205255,0.001897573471069336
22035,normal,3485,0,1782358625.5225594,0.0020339488983154297
22036,normal,1630,0,1782358625.524562,0.0020024776458740234
22037,normal,112,0,1782358625.526625,0.0020630359649658203
22038,normal,2869,0,1782358625.5284035,0.0017786026000976562
22039,normal,2548,0,1782358625.530484,0.0020804405212402344
22040,normal,2233,0,1782358625.53246,0.00197601318359375
22041,normal,2157,0,1782358625.5346086,0.0021486282348632812
22042,normal,3576,0,1782358625.5368676,0.0022590160369873047
22043,normal,1189,0,1782358625.5385172,0.001649618148803711
22044,normal,2092,0,1782358625.5405273,0.0020101070404052734
22045,normal,3224,1,1782358625.5424125,0.0018851757049560547
22046,normal,2095,0,1782358625.544461,0.002048492431640625
22047,normal,3436,0,1782358625.5465183,0.002057313919067383
22048,normal,1018,2,1782358625.5486279,0.002109527587890625
22049,normal,1183,0,1782358625.5505204,0.0018925666809082031
22050,normal,2753,0,1782358625.5524275,0.0019071102142333984
22051,normal,2738,0,1782358625.5544744,0.002046823501586914
22052,normal,1237,0,1782358625.5564733,0.0019989013671875
22053,normal,60,0,1782358625.5584724,0.0019991397857666016
22054,normal,213,0,1782358625.56046,0.0019876956939697266
22055,normal,3006,0,1782358625.5625,0.0020399093627929688
22056,normal,568,0,1782358625.5645149,0.0020148754119873047
22057,normal,3636,0,1782358625.5664976,0.0019826889038085938
22058,normal,1399,0,1782358625.5686874,0.0021898746490478516
22059,normal,717,0,1782358625.570558,0.0018706321716308594
22060,normal,1339,1,1782358625.5725284,0.0019702911376953125
22061,normal,2945,0,1782358625.5745986,0.002070188522338867
22062,normal,1341,1,1782358625.5765107,0.0019121170043945312
22063,normal,738,0,1782358625.578721,0.002210378646850586
22064,normal,2390,0,1782358625.5806816,0.0019605159759521484
22065,normal,1695,0,1782358625.5825455,0.0018639564514160156
22066,normal,862,2,1782358625.58478,0.0022344589233398438
22067,normal,631,0,1782358625.5868664,0.0020864009857177734
22068,normal,2387,0,1782358625.5885856,0.0017192363739013672
22069,normal,2394,0,1782358625.5908234,0.0022377967834472656
22070,normal,571,0,1782358625.5927207,0.0018973350524902344
22071,normal,993,2,1782358625.5945864,0.0018656253814697266
22072,normal,1249,0,1782358625.5965297,0.001943349838256836
22073,normal,2667,0,1782358625.5986862,0.002156496047973633
22074,normal,1023,2,1782358625.6004853,0.0017991065979003906
22075,normal,2099,0,1782358625.602603,0.002117633819580078
22076,normal,977,2,1782358625.6045787,0.0019757747650146484
22077,normal,2096,0,1782358625.6065867,0.0020079612731933594
22078,normal,2166,0,1782358625.6086078,0.0020210742950439453
22079,normal,1933,0,1782358625.6105773,0.001969575881958008
22080,normal,439,0,1782358625.6125832,0.0020058155059814453
22081,normal,3358,1,1782358625.6145704,0.0019872188568115234
22082,normal,3544,0,1782358625.6166964,0.002125978469848633
22083,normal,3058,1,1782358625.6184819,0.0017855167388916016
22084,normal,274,0,1782358625.620656,0.0021741390228271484
22085,normal,1750,0,1782358625.6225529,0.0018968582153320312
22086,normal,1078,0,1782358625.624607,0.0020542144775390625
22087,normal,87,0,1782358625.6266098,0.002002716064453125
22088,normal,3665,0,1782358625.6285794,0.001969575881958008
22089,normal,164,0,1782358625.6305575,0.001978158950805664
22090,normal,929,2,1782358625.6325572,0.0019996166229248047
22091,normal,480,0,1782358625.634575,0.0020177364349365234
22092,normal,3619,0,1782358625.6366053,0.0020303726196289062
22093,normal,3273,1,1782358625.6385708,0.0019655227661132812
22094,normal,2645,0,1782358625.6406956,0.002124786376953125
22095,normal,864,2,1782358625.6425288,0.001833200454711914
22096,normal,3174,1,1782358625.6446855,0.0021567344665527344
22097,normal,2568,0,1782358625.6466377,0.0019521713256835938
22098,normal,2188,0,1782358625.6485753,0.0019376277923583984
22099,normal,2470,0,1782358625.6506395,0.002064228057861328
22100,normal,550,0,1782358625.6525145,0.0018749237060546875
22101,normal,1799,0,1782358625.654557,0.002042531967163086
22102,normal,1718,0,1782358625.65656,0.0020029544830322266
22103,normal,3249,1,1782358625.6586585,0.002098560333251953
22104,normal,3507,0,1782358625.660439,0.0017805099487304688
22105,normal,819,2,1782358625.6625483,0.0021092891693115234
22106,normal,732,0,1782358625.6645474,0.0019991397857666016
22107,normal,147,0,1782358625.6666036,0.002056121826171875
22108,normal,2764,0,1782358625.6690726,0.0024690628051757812
22109,normal,2380,0,1782358625.6705854,0.001512765884399414
22110,normal,3390,1,1782358625.67254,0.0019545555114746094
22111,normal,2969,0,1782358625.6745777,0.0020377635955810547
22112,normal,2184,0,1782358625.6765757,0.0019979476928710938
22113,normal,1703,0,1782358625.678594,0.002018451690673828
22114,normal,445,0,1782358625.6805637,0.001969575881958008
22115,normal,1871,0,1782358625.6825736,0.002009868621826172
22116,normal,848,2,1782358625.684545,0.0019714832305908203
22117,normal,625,0,1782358625.686576,0.0020308494567871094
22118,normal,3442,0,1782358625.6885803,0.002004384994506836
22119,normal,1199,0,1782358625.6906102,0.002029895782470703
22120,normal,1373,1,1782358625.6925952,0.0019850730895996094
22121,normal,1976,0,1782358625.694728,0.0021326541900634766
22122,normal,2367,0,1782358625.696607,0.0018792152404785156
22123,normal,1035,0,1782358625.6986213,0.00201416015625
22124,normal,35,0,1782358625.7006528,0.002031564712524414
22125,normal,3562,0,1782358625.7031913,0.002538442611694336
22126,normal,1717,0,1782358625.704559,0.001367807388305664
22127,normal,2004,0,1782358625.7068405,0.0022814273834228516
22128,normal,1422,0,1782358625.7086136,0.0017731189727783203
22129,normal,1745,0,1782358625.7105324,0.001918792724609375
22130,normal,2744,0,1782358625.7128596,0.0023272037506103516
22131,normal,2545,0,1782358625.714921,0.0020613670349121094
22132,normal,2772,0,1782358625.7164917,0.0015707015991210938
22133,normal,874,2,1782358625.7185464,0.0020546913146972656
22134,normal,276,0,1782358625.7204459,0.0018994808197021484
22135,normal,3644,0,1782358625.7226555,0.0022096633911132812
22136,normal,2977,0,1782358625.7246094,0.0019538402557373047
22137,normal,3229,1,1782358625.7265232,0.0019137859344482422
22138,normal,312,0,1782358625.728632,0.0021088123321533203
22139,normal,3376,1,1782358625.7306085,0.001976490020751953
22140,normal,310,0,1782358625.7328918,0.002283334732055664
22141,normal,2211,0,1782358625.7344968,0.0016050338745117188
22142,normal,658,0,1782358625.7365985,0.0021016597747802734
22143,normal,690,0,1782358625.7386086,0.0020101070404052734
22144,normal,7,0,1782358625.7405906,0.001981973648071289
22145,normal,341,0,1782358625.742586,0.0019953250885009766
22146,normal,776,2,1782358625.7445903,0.002004384994506836
22147,normal,227,0,1782358625.7466357,0.0020453929901123047
22148,normal,2865,0,1782358625.7485666,0.0019309520721435547
22149,normal,1155,0,1782358625.7506015,0.002034902572631836
22150,normal,2625,0,1782358625.7526538,0.00205230712890625
22151,normal,2569,0,1782358625.75458,0.0019261837005615234
22152,normal,701,0,1782358625.7565875,0.0020074844360351562
22153,normal,1701,0,1782358625.7585766,0.001989126205444336
22154,normal,2287,0,1782358625.7605748,0.0019981861114501953
22155,normal,3646,0,1782358625.762545,0.0019702911376953125
22156,normal,2899,0,1782358625.764594,0.002048969268798828
22157,normal,477,0,1782358625.7666798,0.0020856857299804688
22158,normal,1618,0,1782358625.7685182,0.0018384456634521484
22159,normal,50,0,1782358625.7706451,0.002126932144165039
22160,normal,382,0,1782358625.7725818,0.0019366741180419922
22161,normal,2916,0,1782358625.7746046,0.0020227432250976562
22162,normal,3056,1,1782358625.7766325,0.0020279884338378906
22163,normal,2523,0,1782358625.7785943,0.0019617080688476562
22164,normal,2867,0,1782358625.7805648,0.001970529556274414
22165,normal,129,0,1782358625.7825701,0.002005338668823242
22166,normal,3217,1,1782358625.784605,0.002034902572631836
22167,normal,3304,1,1782358625.78672,0.002115011215209961
22168,normal,2678,0,1782358625.7885153,0.0017952919006347656
22169,normal,2736,0,1782358625.790688,0.002172708511352539
22170,normal,1484,0,1782358625.792559,0.001870870590209961
22171,normal,997,2,1782358625.7947083,0.002149343490600586
22172,normal,763,0,1782358625.7965755,0.0018672943115234375
22173,normal,165,0,1782358625.7986488,0.0020732879638671875
22174,normal,2739,0,1782358625.8006952,0.002046346664428711
22175,normal,1438,0,1782358625.8025677,0.0018725395202636719
22176,normal,3572,0,1782358625.8045862,0.002018451690673828
22177,normal,3280,1,1782358625.80656,0.001973867416381836
22178,normal,2478,0,1782358625.8085566,0.0019965171813964844
22179,normal,2519,0,1782358625.8106444,0.002087831497192383
22180,normal,1523,0,1782358625.8124392,0.0017948150634765625
22181,normal,2412,0,1782358625.8145616,0.0021224021911621094
22182,normal,151,0,1782358625.8165593,0.001997709274291992
22183,normal,3530,0,1782358625.8187225,0.0021631717681884766
22184,normal,1553,0,1782358625.8210204,0.0022978782653808594
22185,normal,122,0,1782358625.8225217,0.001501321792602539
22186,normal,2268,0,1782358625.8245816,0.0020599365234375
22187,normal,2773,0,1782358625.8265905,0.0020089149475097656
22188,normal,520,0,1782358625.8285387,0.0019481182098388672
22189,normal,3121,1,1782358625.8304915,0.0019528865814208984
22190,normal,657,0,1782358625.8327878,0.0022962093353271484
22191,normal,2740,0,1782358625.8344839,0.0016961097717285156
22192,normal,3695,0,1782358625.8365824,0.002098560333251953
22193,normal,270,0,1782358625.8385794,0.0019969940185546875
22194,normal,1696,0,1782358625.840586,0.00200653076171875
22195,normal,3153,1,1782358625.842598,0.002012014389038086
22196,normal,1879,0,1782358625.8446186,0.002020597457885742
22197,normal,3086,1,1782358625.8465981,0.0019795894622802734
22198,normal,2033,0,1782358625.8485188,0.0019207000732421875
22199,normal,1546,0,1782358625.8507864,0.002267599105834961
22200,normal,2793,0,1782358625.8524609,0.0016744136810302734
22201,normal,1205,0,1782358625.8546455,0.002184629440307617
22202,normal,398,0,1782358625.8566167,0.0019712448120117188
22203,normal,2941,0,1782358625.858631,0.00201416015625
22204,normal,2346,0,1782358625.8606143,0.0019834041595458984
22205,normal,1226,0,1782358625.8626244,0.0020101070404052734
22206,normal,305,0,1782358625.8648634,0.0022389888763427734
22207,normal,1228,0,1782358625.866646,0.0017826557159423828
22208,normal,1892,0,1782358625.8685558,0.0019097328186035156
22209,normal,737,0,1782358625.870722,0.002166271209716797
22210,normal,630,0,1782358625.8725753,0.0018532276153564453
22211,normal,2696,0,1782358625.8748434,0.002268075942993164
22212,normal,1369,1,1782358625.876503,0.0016596317291259766
22213,normal,1539,0,1782358625.8787005,0.0021975040435791016
22214,normal,533,0,1782358625.8806412,0.0019407272338867188
22215,normal,1452,0,1782358625.8826144,0.0019731521606445312
22216,normal,2089,0,1782358625.8848736,0.0022592544555664062
22217,normal,661,0,1782358625.886458,0.0015842914581298828
22218,normal,2422,0,1782358625.8885999,0.0021419525146484375
22219,normal,15,0,1782358625.890607,0.0020072460174560547
22220,normal,948,2,1782358625.8925946,0.001987457275390625
22221,normal,1969,0,1782358625.8946347,0.0020401477813720703
22222,normal,424,0,1782358625.8965645,0.0019297599792480469
22223,normal,2428,0,1782358625.8985941,0.0020296573638916016
22224,normal,941,2,1782358625.9006426,0.002048492431640625
22225,normal,298,0,1782358625.9024649,0.0018222332000732422
22226,normal,3101,1,1782358625.9045982,0.0021333694458007812
22227,normal,1343,1,1782358625.9065483,0.0019500255584716797
22228,normal,3307,1,1782358625.908579,0.0020308494567871094
22229,normal,1790,0,1782358625.9106107,0.002031564712524414
22230,normal,349,0,1782358625.9126394,0.0020287036895751953
22231,normal,3629,0,1782358625.9145195,0.0018801689147949219
22232,normal,3197,1,1782358625.9166548,0.0021352767944335938
22233,normal,1814,0,1782358625.918508,0.0018532276153564453
22234,normal,1224,0,1782358625.9206095,0.002101421356201172
22235,normal,3206,1,1782358625.9225812,0.001971721649169922
22236,normal,1931,0,1782358625.9246156,0.002034425735473633
22237,normal,955,2,1782358625.926562,0.0019464492797851562
22238,normal,1386,0,1782358625.9286265,0.0020644664764404297
22239,normal,432,0,1782358625.9305437,0.001917123794555664
22240,normal,1719,0,1782358625.9327433,0.0021996498107910156
22241,normal,3106,1,1782358625.9346159,0.0018725395202636719
22242,normal,2825,0,1782358625.9365563,0.0019404888153076172
22243,normal,1846,0,1782358625.9386888,0.002132415771484375
22244,normal,1702,0,1782358625.9406328,0.0019440650939941406
22245,normal,1198,0,1782358625.9425979,0.001965045928955078
22246,normal,3297,1,1782358625.9446561,0.002058267593383789
22247,normal,2860,0,1782358625.9466553,0.0019991397857666016
22248,normal,3312,1,1782358625.9486256,0.0019702911376953125
22249,normal,1939,0,1782358625.950552,0.001926422119140625
22250,normal,2539,0,1782358625.9525821,0.0020301342010498047
22251,normal,2802,0,1782358625.9545748,0.0019927024841308594
22252,normal,1955,0,1782358625.9565704,0.001995563507080078
22253,normal,934,2,1782358625.958694,0.002123594284057617
22254,normal,3077,1,1782358625.9605253,0.0018312931060791016
22255,normal,1560,0,1782358625.9625125,0.0019872188568115234
22256,normal,2629,0,1782358625.96457,0.0020575523376464844
22257,normal,85,0,1782358625.9665728,0.002002716064453125
22258,normal,2861,0,1782358625.96898,0.0024073123931884766
22259,normal,2015,0,1782358625.9707785,0.001798391342163086
22260,normal,3594,0,1782358655.0820274,0.0
22261,normal,2811,0,1782358655.084022,0.001994609832763672
22262,normal,3009,0,1782358655.0861511,0.002129077911376953
22263,normal,1850,0,1782358655.088103,0.0019519329071044922
22264,normal,742,0,1782358655.090013,0.0019099712371826172
22265,normal,2474,0,1782358655.0920322,0.002019166946411133
22266,normal,2993,0,1782358655.0940406,0.0020084381103515625
22267,normal,2909,0,1782358655.0959797,0.0019390583038330078
22268,normal,1564,0,1782358655.0980232,0.002043485641479492
22269,normal,1469,0,1782358655.1000261,0.0020029544830322266
22270,normal,457,0,1782358655.1020234,0.001997232437133789
22271,normal,1042,0,1782358655.1041255,0.0021021366119384766
22272,normal,2332,0,1782358655.1059947,0.00186920166015625
22273,normal,404,0,1782358655.108288,0.0022933483123779297
22274,normal,1199,0,1782358655.11028,0.0019919872283935547
22275,normal,2730,0,1782358655.1121035,0.00182342529296875
22276,normal,885,2,1782358655.1142645,0.0021610260009765625
22277,normal,3036,0,1782358655.1160648,0.0018002986907958984
22278,normal,1174,0,1782358655.1182892,0.002224445343017578
22279,normal,903,2,1782358655.1200461,0.001756906509399414
22280,normal,3382,1,1782358655.1222198,0.0021736621856689453
22281,normal,1758,0,1782358655.124053,0.001833200454711914
22282,normal,2990,0,1782358655.1260643,0.0020112991333007812
22283,normal,3573,0,1782358655.1280944,0.0020301342010498047
22284,normal,386,0,1782358655.1300268,0.001932382583618164
22285,normal,2458,0,1782358655.1320167,0.0019898414611816406
22286,normal,407,0,1782358655.1340435,0.002026796340942383
22287,normal,1884,0,1782358655.1359856,0.0019421577453613281
22288,normal,1665,0,1782358655.1380365,0.0020508766174316406
22289,normal,2040,0,1782358655.14008,0.002043485641479492
22290,normal,1663,0,1782358655.1422024,0.0021224021911621094
22291,normal,997,2,1782358655.1440017,0.0017993450164794922
22292,normal,1016,2,1782358655.1462178,0.0022161006927490234
22293,normal,3284,1,1782358655.148059,0.0018410682678222656
22294,normal,1405,0,1782358655.1502233,0.0021643638610839844
22295,normal,2264,0,1782358655.152077,0.0018537044525146484
22296,normal,3662,0,1782358655.154218,0.0021409988403320312
22297,normal,1910,0,1782358655.1560888,0.001870870590209961
22298,normal,345,0,1782358655.158285,0.002196073532104492
22299,normal,3378,1,1782358655.1601124,0.0018274784088134766
22300,normal,3393,1,1782358655.1622126,0.002100229263305664
22301,normal,491,0,1782358655.1640804,0.0018677711486816406
22302,normal,1110,0,1782358655.1661367,0.0020563602447509766
22303,normal,110,0,1782358655.168088,0.0019512176513671875
22304,normal,45,0,1782358655.1700933,0.002005338668823242
22305,normal,1344,1,1782358655.172154,0.0020606517791748047
22306,normal,78,0,1782358655.17409,0.0019359588623046875
22307,normal,1235,0,1782358655.1760788,0.0019888877868652344
22308,normal,3507,0,1782358655.1780643,0.0019855499267578125
22309,normal,2417,0,1782358655.1802187,0.0021543502807617188
22310,normal,3508,0,1782358655.1820965,0.0018777847290039062
22311,normal,2217,0,1782358655.184148,0.0020515918731689453
22312,normal,1410,0,1782358655.1861436,0.001995563507080078
22313,normal,239,0,1782358655.188087,0.001943349838256836
22314,normal,2188,0,1782358655.190064,0.0019769668579101562
22315,normal,1930,0,1782358655.1922214,0.002157449722290039
22316,normal,1482,0,1782358655.194096,0.001874685287475586
22317,normal,789,2,1782358655.1961813,0.0020852088928222656
22318,normal,1991,0,1782358655.1980903,0.001909017562866211
22319,normal,3357,1,1782358655.2000802,0.0019898414611816406
22320,normal,1802,0,1782358655.202149,0.002068758010864258
22321,normal,2157,0,1782358655.2040913,0.0019423961639404297
22322,normal,1001,2,1782358655.2061086,0.0020172595977783203
22323,normal,2492,0,1782358655.2081811,0.002072572708129883
22324,normal,2432,0,1782358655.210093,0.0019118785858154297
22325,normal,1094,0,1782358655.2120786,0.0019855499267578125
22326,normal,2165,0,1782358655.2141478,0.002069234848022461
22327,normal,1063,0,1782358655.2160926,0.0019447803497314453
22328,normal,2789,0,1782358655.21809,0.0019974708557128906
22329,normal,2968,0,1782358655.2201824,0.0020923614501953125
22330,normal,2943,0,1782358655.2220924,0.0019099712371826172
22331,normal,96,0,1782358655.2240832,0.001990795135498047
22332,normal,1395,0,1782358655.2261498,0.0020666122436523438
22333,normal,3596,0,1782358655.2280917,0.0019419193267822266
22334,normal,465,0,1782358655.2300956,0.002003908157348633
22335,normal,792,2,1782358655.2321885,0.0020928382873535156
22336,normal,1580,0,1782358655.2340937,0.001905202865600586
22337,normal,2689,0,1782358655.2360818,0.0019881725311279297
22338,normal,2767,0,1782358655.2381496,0.0020678043365478516
22339,normal,1437,0,1782358655.2400968,0.001947164535522461
22340,normal,891,2,1782358655.2420928,0.0019960403442382812
22341,normal,2175,0,1782358655.2440603,0.0019674301147460938
22342,normal,1968,0,1782358655.2462428,0.002182483673095703
22343,normal,1863,0,1782358655.2480798,0.001837015151977539
22344,normal,2710,0,1782358655.2501762,0.002096414566040039
22345,normal,2045,0,1782358655.2520971,0.001920938491821289
22346,normal,2904,0,1782358655.2540963,0.0019991397857666016
22347,normal,1173,0,1782358655.2561836,0.0020873546600341797
22348,normal,728,0,1782358655.2580936,0.0019099712371826172
22349,normal,3306,1,1782358655.2600813,0.0019876956939697266
22350,normal,708,0,1782358655.2621517,0.0020704269409179688
22351,normal,3649,0,1782358655.2640903,0.0019385814666748047
22352,normal,2988,0,1782358655.2660975,0.0020072460174560547
22353,normal,1163,0,1782358655.2681828,0.0020852088928222656
22354,normal,3656,0,1782358655.2700946,0.0019118785858154297
22355,normal,3249,1,1782358655.272078,0.0019834041595458984
22356,normal,1068,0,1782358655.27415,0.002071857452392578
22357,normal,2779,0,1782358655.2760932,0.001943349838256836
22358,normal,3370,1,1782358655.2781458,0.0020525455474853516
22359,normal,373,0,1782358655.2801878,0.002042055130004883
22360,normal,2480,0,1782358655.282092,0.0019042491912841797
22361,normal,250,0,1782358655.2840836,0.0019915103912353516
22362,normal,2876,0,1782358655.2861507,0.002067089080810547
22363,normal,3183,1,1782358655.2880883,0.0019376277923583984
22364,normal,1021,2,1782358655.290089,0.002000570297241211
22365,normal,1833,0,1782358655.2921858,0.002096891403198242
22366,normal,986,2,1782358655.2940946,0.0019087791442871094
22367,normal,2072,0,1782358655.2960808,0.001986265182495117
22368,normal,3068,1,1782358655.2981377,0.0020568370819091797
22369,normal,3206,1,1782358655.300101,0.001963376998901367
22370,normal,657,0,1782358655.3020747,0.0019736289978027344
22371,normal,2998,0,1782358655.3042247,0.0021500587463378906
22372,normal,1846,0,1782358655.3060656,0.001840829849243164
22373,normal,981,2,1782358655.3080816,0.0020160675048828125
22374,normal,3154,1,1782358655.310155,0.0020732879638671875
22375,normal,513,0,1782358655.312083,0.001928091049194336
22376,normal,2787,0,1782358655.3140826,0.0019996166229248047
22377,normal,2445,0,1782358655.3161552,0.002072572708129883
22378,normal,2774,0,1782358655.318079,0.0019237995147705078
22379,normal,327,0,1782358655.3200865,0.0020074844360351562
22380,normal,2369,0,1782358655.3221579,0.002071380615234375
22381,normal,3569,0,1782358655.3240817,0.0019237995147705078
22382,normal,473,0,1782358655.3260825,0.0020008087158203125
22383,normal,3539,0,1782358655.3281653,0.00208282470703125
22384,normal,2949,0,1782358655.3300567,0.0018913745880126953
22385,normal,229,0,1782358655.332082,0.0020253658294677734
22386,normal,471,0,1782358655.334136,0.002053976058959961
22387,normal,2680,0,1782358655.3361564,0.0020203590393066406
22388,normal,117,0,1782358655.3381035,0.001947164535522461
22389,normal,1381,1,1782358655.3401759,0.0020723342895507812
22390,normal,783,2,1782358655.342085,0.001909017562866211
22391,normal,2424,0,1782358655.344084,0.0019991397857666016
22392,normal,332,0,1782358655.3461587,0.002074718475341797
22393,normal,3473,0,1782358655.3480856,0.0019268989562988281
22394,normal,3150,1,1782358655.350087,0.0020012855529785156
22395,normal,2011,0,1782358655.3521466,0.0020596981048583984
22396,normal,1783,0,1782358655.3540833,0.0019366741180419922
22397,normal,59,0,1782358655.3560555,0.001972198486328125
22398,normal,1872,0,1782358655.358135,0.002079486846923828
22399,normal,1770,0,1782358655.36005,0.00191497802734375
22400,normal,3630,0,1782358655.362239,0.0021889209747314453
22401,normal,1757,0,1782358655.364015,0.0017762184143066406
22402,normal,1162,0,1782358655.366241,0.0022258758544921875
22403,normal,3472,0,1782358655.3680825,0.0018415451049804688
22404,normal,1396,0,1782358655.3701417,0.0020592212677001953
22405,normal,3444,0,1782358655.3720932,0.001951456069946289
22406,normal,2555,0,1782358655.3740885,0.0019953250885009766
22407,normal,2649,0,1782358655.37618,0.0020914077758789062
22408,normal,17,0,1782358655.378089,0.001909017562866211
22409,normal,3694,0,1782358655.3800824,0.001993417739868164
22410,normal,3442,0,1782358655.3821356,0.0020532608032226562
22411,normal,2945,0,1782358655.3840923,0.0019567012786865234
22412,normal,2704,0,1782358655.3860989,0.00200653076171875
22413,normal,2607,0,1782358655.3881614,0.002062559127807617
22414,normal,3002,0,1782358655.3900912,0.0019297599792480469
22415,normal,941,2,1782358655.3920789,0.0019876956939697266
22416,normal,2514,0,1782358655.394137,0.0020580291748046875
22417,normal,1927,0,1782358655.3960924,0.0019555091857910156
22418,normal,463,0,1782358655.3981194,0.0020270347595214844
22419,normal,963,2,1782358655.400064,0.0019445419311523438
22420,normal,1942,0,1782358655.4022279,0.0021638870239257812
22421,normal,3310,1,1782358655.4040825,0.0018546581268310547
22422,normal,3160,1,1782358655.4061372,0.0020546913146972656
22423,normal,3065,1,1782358655.408087,0.0019497871398925781
22424,normal,3313,1,1782358655.410097,0.002009868621826172
22425,normal,3684,0,1782358655.4121583,0.0020613670349121094
22426,normal,3469,0,1782358655.4140935,0.0019352436065673828
22427,normal,3317,1,1782358655.416083,0.001989603042602539
22428,normal,3077,1,1782358655.4181411,0.0020580291748046875
22429,normal,1291,0,1782358655.4200878,0.0019466876983642578
22430,normal,619,0,1782358655.4220994,0.002011537551879883
22431,normal,401,0,1782358655.424172,0.002072572708129883
22432,normal,3446,0,1782358655.4260912,0.0019192695617675781
22433,normal,2122,0,1782358655.4280841,0.001992940902709961
22434,normal,2984,0,1782358655.4301429,0.002058744430541992
22435,normal,3501,0,1782358655.4320922,0.001949310302734375
22436,normal,2720,0,1782358655.4340956,0.0020034313201904297
22437,normal,2799,0,1782358655.4360578,0.0019621849060058594
22438,normal,878,2,1782358655.4382389,0.0021810531616210938
22439,normal,784,2,1782358655.4400775,0.00183868408203125
22440,normal,3078,1,1782358655.4421399,0.0020623207092285156
22441,normal,2335,0,1782358655.4440937,0.0019538402557373047
22442,normal,432,0,1782358655.446157,0.002063274383544922
22443,normal,718,0,1782358655.4481936,0.002036571502685547
22444,normal,3340,1,1782358655.450355,0.0021615028381347656
22445,normal,1877,0,1782358655.4527693,0.002414226531982422
22446,normal,856,2,1782358655.4542775,0.0015082359313964844
22447,normal,1640,0,1782358655.4562798,0.002002239227294922
22448,normal,503,0,1782358655.4582617,0.001981973648071289
22449,normal,2239,0,1782358655.4602878,0.002026081085205078
22450,normal,375,0,1782358655.462285,0.001997232437133789
22451,normal,3681,0,1782358655.4640632,0.0017781257629394531
22452,normal,2821,0,1782358655.4661913,0.002128124237060547
22453,normal,3700,0,1782358655.4681244,0.0019330978393554688
22454,normal,1659,0,1782358655.4702263,0.002101898193359375
22455,normal,1495,0,1782358655.4721017,0.0018754005432128906
22456,normal,717,0,1782358655.4740336,0.001931905746459961
22457,normal,1444,0,1782358655.4762363,0.002202749252319336
22458,normal,612,0,1782358655.4780624,0.0018260478973388672
22459,normal,2041,0,1782358655.4802246,0.0021622180938720703
22460,normal,1716,0,1782358655.4820852,0.0018606185913085938
22461,normal,2819,0,1782358655.4841318,0.0020465850830078125
22462,normal,890,2,1782358655.4860535,0.0019216537475585938
22463,normal,1082,0,1782358655.4883583,0.0023047924041748047
22464,normal,1579,0,1782358655.4900355,0.0016772747039794922
22465,normal,3366,1,1782358655.4921725,0.0021369457244873047
22466,normal,602,0,1782358655.4940655,0.0018930435180664062
22467,normal,2650,0,1782358655.4961638,0.0020983219146728516
22468,normal,2934,0,1782358655.498161,0.001997232437133789
22469,normal,2863,0,1782358655.5000465,0.0018854141235351562
22470,normal,3242,1,1782358655.5021427,0.0020961761474609375
22471,normal,270,0,1782358655.5040345,0.0018918514251708984
22472,normal,2946,0,1782358655.506143,0.0021085739135742188
22473,normal,1237,0,1782358655.5080338,0.0018906593322753906
22474,normal,701,0,1782358655.510153,0.002119302749633789
22475,normal,2304,0,1782358655.5120914,0.0019383430480957031
22476,normal,3423,0,1782358655.514199,0.0021076202392578125
22477,normal,972,2,1782358655.5161204,0.0019214153289794922
22478,normal,3200,1,1782358655.5180879,0.0019674301147460938
22479,normal,1945,0,1782358655.5201669,0.002079010009765625
22480,normal,2532,0,1782358655.5220592,0.0018923282623291016
22481,normal,3361,1,1782358655.5240726,0.0020134449005126953
22482,normal,2284,0,1782358655.52613,0.002057313919067383
22483,normal,2753,0,1782358655.5280907,0.00196075439453125
22484,normal,438,0,1782358655.5300493,0.001958608627319336
22485,normal,1242,0,1782358655.5322902,0.002240896224975586
22486,normal,3071,1,1782358655.5340302,0.0017399787902832031
22487,normal,3066,1,1782358655.5360987,0.0020685195922851562
22488,normal,823,2,1782358655.538063,0.0019643306732177734
22489,normal,1150,0,1782358655.5400946,0.002031564712524414
22490,normal,2801,0,1782358655.5420508,0.0019562244415283203
22491,normal,1795,0,1782358655.5441432,0.0020923614501953125
22492,normal,1320,1,1782358655.5461142,0.001971006393432617
22493,normal,3232,1,1782358655.547973,0.0018587112426757812
22494,normal,2809,0,1782358655.5500352,0.0020623207092285156
22495,normal,1455,0,1782358655.5519753,0.001940011978149414
22496,normal,675,0,1782358655.5540774,0.0021021366119384766
22497,normal,217,0,1782358655.5559864,0.001909017562866211
22498,normal,2205,0,1782358655.5579638,0.0019774436950683594
22499,normal,355,0,1782358655.5600295,0.0020656585693359375
22500,normal,733,0,1782358655.562038,0.0020084381103515625
22501,normal,2083,0,1782358655.5642214,0.0021834373474121094
22502,normal,2403,0,1782358655.566279,0.0020575523376464844
22503,normal,3040,0,1782358655.5680451,0.001766204833984375
22504,normal,47,0,1782358655.56999,0.0019447803497314453
22505,normal,1129,0,1782358655.5720568,0.0020668506622314453
22506,normal,3626,0,1782358655.5753644,0.0033075809478759766
22507,normal,772,2,1782358655.5760052,0.000640869140625
22508,normal,2124,0,1782358655.5782344,0.0022292137145996094
22509,normal,79,0,1782358655.5800724,0.0018379688262939453
22510,normal,1421,0,1782358655.5820339,0.0019614696502685547
22511,normal,1741,0,1782358655.5841267,0.0020928382873535156
22512,normal,3007,0,1782358655.5860062,0.0018794536590576172
22513,normal,1364,1,1782358655.5879893,0.001983165740966797
22514,normal,3568,0,1782358655.5901108,0.002121448516845703
22515,normal,2530,0,1782358655.592633,0.0025222301483154297
22516,normal,2324,0,1782358655.594331,0.0016980171203613281
22517,normal,192,0,1782358655.5966077,0.0022766590118408203
22518,normal,2088,0,1782358655.5980325,0.0014247894287109375
22519,normal,1182,0,1782358655.6003356,0.0023031234741210938
22520,normal,569,0,1782358655.6022074,0.0018718242645263672
22521,normal,2187,0,1782358655.6041365,0.0019290447235107422
22522,normal,3493,0,1782358655.6060371,0.0019006729125976562
22523,normal,378,0,1782358655.6080446,0.0020074844360351562
22524,normal,1842,0,1782358655.6104531,0.0024085044860839844
22525,normal,1824,0,1782358655.6121237,0.0016705989837646484
22526,normal,2051,0,1782358655.614081,0.0019571781158447266
22527,normal,2628,0,1782358655.6161618,0.0020809173583984375
22528,normal,164,0,1782358655.6180449,0.0018830299377441406
22529,normal,2473,0,1782358655.6201422,0.0020973682403564453
22530,normal,1115,0,1782358655.6220565,0.0019142627716064453
22531,normal,1688,0,1782358655.6241944,0.002137899398803711
22532,normal,1330,1,1782358655.6261132,0.001918792724609375
22533,normal,1574,0,1782358655.6281695,0.0020563602447509766
22534,normal,2057,0,1782358655.630023,0.0018534660339355469
22535,normal,140,0,1782358655.6321757,0.002152681350708008
22536,normal,2396,0,1782358655.6341174,0.001941680908203125
22537,normal,2060,0,1782358655.6363292,0.0022118091583251953
22538,normal,549,0,1782358655.6381023,0.0017731189727783203
22539,normal,939,2,1782358655.6402235,0.0021212100982666016
22540,normal,111,0,1782358655.6421537,0.00193023681640625
22541,normal,745,0,1782358655.6441808,0.0020270347595214844
22542,normal,3705,0,1782358655.6460614,0.001880645751953125
22543,normal,1448,0,1782358655.6481493,0.002087831497192383
22544,normal,1505,0,1782358655.6500528,0.001903533935546875
22545,normal,1116,0,1782358655.652156,0.0021033287048339844
22546,normal,1624,0,1782358655.6541104,0.001954317092895508
22547,normal,2944,0,1782358655.6561341,0.0020236968994140625
22548,normal,2697,0,1782358655.6580513,0.001917123794555664
22549,normal,35,0,1782358655.660151,0.002099752426147461
22550,normal,1655,0,1782358655.662034,0.0018830299377441406
22551,normal,1328,1,1782358655.6641326,0.002098560333251953
22552,normal,1019,2,1782358655.6660726,0.001940011978149414
22553,normal,3676,0,1782358655.6681976,0.0021250247955322266
22554,normal,2997,0,1782358655.670159,0.0019614696502685547
22555,normal,3253,1,1782358655.67212,0.0019609928131103516
22556,normal,60,0,1782358655.6741762,0.002056121826171875
22557,normal,2141,0,1782358655.6760657,0.0018894672393798828
22558,normal,820,2,1782358655.6782138,0.002148151397705078
22559,normal,13,0,1782358655.6800704,0.0018565654754638672
22560,normal,3129,1,1782358655.6821382,0.0020678043365478516
22561,normal,3140,1,1782358655.6840293,0.0018911361694335938
22562,normal,3018,0,1782358655.6863968,0.0023674964904785156
22563,normal,186,0,1782358655.6880817,0.0016849040985107422
22564,normal,2987,0,1782358655.6901956,0.002113819122314453
22565,normal,2515,0,1782358655.6921272,0.0019316673278808594
22566,normal,439,0,1782358655.69444,0.0023126602172851562
22567,normal,3531,0,1782358655.6960735,0.0016336441040039062
22568,normal,2309,0,1782358655.6982703,0.002196788787841797
22569,normal,912,2,1782358655.7002373,0.0019669532775878906
22570,normal,2097,0,1782358655.702066,0.0018286705017089844
22571,normal,754,0,1782358655.7041297,0.002063751220703125
22572,normal,715,0,1782358655.7060213,0.0018916130065917969
22573,normal,3519,0,1782358655.708127,0.002105712890625
22574,normal,780,2,1782358655.7102008,0.0020737648010253906
22575,normal,161,0,1782358655.7120225,0.001821756362915039
22576,normal,575,0,1782358655.7141237,0.0021011829376220703
22577,normal,1312,0,1782358655.7161238,0.002000093460083008
22578,normal,1653,0,1782358655.7181575,0.002033710479736328
22579,normal,2770,0,1782358655.7205238,0.002366304397583008
22580,normal,2506,0,1782358655.7221057,0.0015819072723388672
22581,normal,1394,0,1782358655.724137,0.0020313262939453125
22582,normal,278,0,1782358655.726039,0.001901865005493164
22583,normal,2372,0,1782358655.7281518,0.002112865447998047
22584,normal,3415,0,1782358655.73005,0.0018982887268066406
22585,normal,3263,1,1782358655.7323833,0.0023331642150878906
22586,normal,2462,0,1782358655.7340398,0.0016565322875976562
22587,normal,1524,0,1782358655.7361512,0.0021114349365234375
22588,normal,532,0,1782358655.7380958,0.0019445419311523438
22589,normal,1119,0,1782358655.740164,0.0020682811737060547
22590,normal,3675,0,1782358655.7420688,0.0019047260284423828
22591,normal,3075,1,1782358655.7442703,0.002201557159423828
22592,normal,2426,0,1782358655.7461793,0.001909017562866211
22593,normal,1189,0,1782358655.748158,0.001978635787963867
22594,normal,3293,1,1782358655.7501373,0.001979351043701172
22595,normal,3143,1,1782358655.752283,0.0021457672119140625
22596,normal,1858,0,1782358655.7540405,0.0017573833465576172
22597,normal,2496,0,1782358655.7563415,0.0023009777069091797
22598,normal,417,0,1782358655.7581995,0.0018579959869384766
22599,normal,2603,0,1782358655.7601151,0.0019156932830810547
22600,normal,3014,0,1782358655.7622082,0.002093076705932617
22601,normal,2147,0,1782358655.7642565,0.0020482540130615234
22602,normal,1089,0,1782358655.7663324,0.0020759105682373047
22603,normal,256,0,1782358655.7680547,0.0017223358154296875
22604,normal,3601,0,1782358655.770211,0.0021562576293945312
22605,normal,765,0,1782358655.77218,0.0019690990447998047
22606,normal,3632,0,1782358655.7740767,0.0018966197967529297
22607,normal,3436,0,1782358655.776257,0.002180337905883789
22608,normal,2541,0,1782358655.7780602,0.0018031597137451172
22609,normal,142,0,1782358655.78018,0.002119779586791992
22610,normal,1100,0,1782358655.782105,0.0019249916076660156
22611,normal,2745,0,1782358655.7842734,0.002168416976928711
22612,normal,425,0,1782358655.7861276,0.0018541812896728516
22613,normal,1958,0,1782358655.7882311,0.002103567123413086
22614,normal,112,0,1782358655.7901516,0.001920461654663086
22615,normal,2109,0,1782358655.7920637,0.0019121170043945312
22616,normal,1004,2,1782358655.7941673,0.002103567123413086
22617,normal,1588,0,1782358655.7960615,0.001894235610961914
22618,normal,2681,0,1782358655.7981534,0.0020918846130371094
22619,normal,721,0,1782358655.8001738,0.0020203590393066406
22620,normal,743,0,1782358655.8021514,0.001977682113647461
22621,normal,3003,0,1782358655.8040469,0.0018954277038574219
22622,normal,760,0,1782358655.8061597,0.002112865447998047
22623,normal,64,0,1782358655.8080475,0.0018877983093261719
22624,normal,864,2,1782358655.810637,0.0025894641876220703
22625,normal,1,0,1782358655.8120518,0.0014147758483886719
22626,normal,1817,0,1782358655.8141744,0.002122640609741211
22627,normal,2544,0,1782358655.81608,0.001905679702758789
22628,normal,2825,0,1782358655.8181615,0.0020813941955566406
22629,normal,2401,0,1782358655.8200462,0.0018846988677978516
22630,normal,2308,0,1782358655.8221571,0.0021109580993652344
22631,normal,2589,0,1782358655.8242168,0.0020596981048583984
22632,normal,2046,0,1782358655.8261375,0.0019207000732421875
22633,normal,3362,1,1782358655.8282852,0.002147674560546875
22634,normal,739,0,1782358655.8301473,0.0018620491027832031
22635,normal,3608,0,1782358655.8321757,0.0020284652709960938
22636,normal,3358,1,1782358655.8343797,0.0022039413452148438
22637,normal,2725,0,1782358655.8360806,0.0017008781433105469
22638,normal,372,0,1782358655.8381474,0.0020668506622314453
22639,normal,3551,0,1782358655.8400295,0.0018820762634277344
22640,normal,1973,0,1782358655.842202,0.0021724700927734375
22641,normal,2685,0,1782358655.8440342,0.0018322467803955078
22642,normal,1043,0,1782358655.84614,0.002105712890625
22643,normal,1622,0,1782358655.8481443,0.002004384994506836
22644,normal,1578,0,1782358655.8500304,0.001886129379272461
22645,normal,3635,0,1782358655.8526387,0.0026082992553710938
22646,normal,1354,1,1782358655.8541057,0.001466989517211914
22647,normal,2763,0,1782358655.8560424,0.0019366741180419922
22648,normal,811,2,1782358655.8581512,0.0021088123321533203
22649,normal,962,2,1782358655.8601518,0.002000570297241211
22650,normal,369,0,1782358655.8623855,0.002233743667602539
22651,normal,3171,1,1782358655.8640451,0.0016596317291259766
22652,normal,3083,1,1782358655.8661468,0.0021016597747802734
22653,normal,868,2,1782358655.8680332,0.0018863677978515625
22654,normal,1612,0,1782358655.870163,0.002129793167114258
22655,normal,1996,0,1782358655.872394,0.002231121063232422
22656,normal,571,0,1782358655.874363,0.001968860626220703
22657,normal,1335,1,1782358655.876123,0.0017600059509277344
22658,normal,3413,0,1782358655.8782415,0.0021185874938964844
22659,normal,456,0,1782358655.8801894,0.0019478797912597656
22660,normal,1554,0,1782358655.8822732,0.0020837783813476562
22661,normal,1894,0,1782358655.8842309,0.0019576549530029297
22662,normal,1521,0,1782358655.8860824,0.0018515586853027344
22663,normal,889,2,1782358655.888038,0.0019555091857910156
22664,normal,220,0,1782358655.8901553,0.0021173954010009766
22665,normal,3026,0,1782358655.892464,0.0023086071014404297
22666,normal,2279,0,1782358655.8943918,0.0019278526306152344
22667,normal,2705,0,1782358655.8961937,0.0018019676208496094
22668,normal,69,0,1782358655.8981125,0.001918792724609375
22669,normal,2273,0,1782358655.9002068,0.002094268798828125
22670,normal,2143,0,1782358655.9020572,0.0018503665924072266
22671,normal,3175,1,1782358655.9041972,0.002140045166015625
22672,normal,931,2,1782358655.9060512,0.00185394287109375
22673,normal,2947,0,1782358655.9081826,0.0021314620971679688
22674,normal,2360,0,1782358655.910096,0.001913309097290039
22675,normal,210,0,1782358655.9122262,0.002130270004272461
22676,normal,206,0,1782358655.914127,0.0019009113311767578
22677,normal,987,2,1782358655.9161797,0.0020525455474853516
22678,normal,3084,1,1782358655.918034,0.0018544197082519531
22679,normal,2004,0,1782358655.9201996,0.002165555953979492
22680,normal,184,0,1782358655.92214,0.0019402503967285156
22681,normal,129,0,1782358655.9241197,0.001979827880859375
22682,normal,1433,0,1782358655.9261756,0.0020558834075927734
22683,normal,3245,1,1782358655.9280424,0.0018668174743652344
22684,normal,3647,0,1782358655.9301744,0.002131938934326172
22685,normal,3582,0,1782358655.9321716,0.001997232437133789
22686,normal,1266,0,1782358655.9340537,0.0018820762634277344
22687,normal,303,0,1782358655.9361706,0.0021169185638427734
22688,normal,2599,0,1782358655.9381857,0.0020151138305664062
22689,normal,607,0,1782358655.9400637,0.0018780231475830078
22690,normal,3633,0,1782358655.942306,0.0022423267364501953
22691,normal,3612,0,1782358655.9440536,0.0017476081848144531
22692,normal,2125,0,1782358655.9461665,0.002112865447998047
22693,normal,1544,0,1782358655.948052,0.0018854141235351562
22694,normal,2891,0,1782358655.9501657,0.002113819122314453
22695,normal,3132,1,1782358655.952047,0.0018813610076904297
22696,normal,2849,0,1782358655.9541605,0.00211334228515625
22697,normal,175,0,1782358655.9561036,0.0019431114196777344
22698,normal,177,0,1782358655.9582345,0.0021309852600097656
22699,normal,1667,0,1782358655.960122,0.0018875598907470703
22700,normal,3379,1,1782358655.96226,0.002137899398803711
22701,normal,2761,0,1782358655.964186,0.0019259452819824219
22702,normal,215,0,1782358655.9661243,0.0019383430480957031
22703,normal,3610,0,1782358655.9682243,0.0020999908447265625
22704,normal,2212,0,1782358655.9701328,0.0019085407257080078
22705,normal,1435,0,1782358655.9720466,0.0019137859344482422
22706,normal,659,0,1782358655.9741611,0.002114534378051758
22707,normal,858,2,1782358655.976043,0.0018818378448486328
22708,normal,3640,0,1782358655.9782007,0.0021576881408691406
22709,normal,3060,1,1782358655.9801214,0.0019207000732421875
22710,normal,2080,0,1782358655.9822137,0.0020923614501953125
22711,normal,146,0,1782358655.984138,0.001924276351928711
22712,normal,1948,0,1782358655.9861567,0.0020186901092529297
22713,normal,2412,0,1782358655.9881814,0.0020246505737304688
22714,normal,2859,0,1782358655.9902658,0.002084493637084961
22715,normal,1127,0,1782358655.9921575,0.0018916130065917969
22716,normal,2665,0,1782358655.9942362,0.0020787715911865234
22717,normal,1270,0,1782358655.9960597,0.00182342529296875
22718,normal,2171,0,1782358655.99815,0.0020904541015625
22719,normal,3152,1,1782358656.0000377,0.0018875598907470703
22720,normal,1570,0,1782358656.0021474,0.0021097660064697266
22721,normal,260,0,1782358656.0043356,0.0021882057189941406
22722,normal,1454,0,1782358656.006037,0.00170135498046875
22723,normal,698,0,1782358656.0081463,0.0021092891693115234
22724,normal,2467,0,1782358656.0101507,0.002004384994506836
22725,normal,2840,0,1782358656.0120313,0.001880645751953125
22726,normal,193,0,1782358656.0142944,0.0022630691528320312
22727,normal,2780,0,1782358656.0165448,0.0022504329681396484
22728,normal,3427,0,1782358656.0182087,0.0016639232635498047
22729,normal,135,0,1782358656.0200632,0.0018544197082519531
22730,normal,337,0,1782358656.0221682,0.0021049976348876953
22731,normal,227,0,1782358656.0240552,0.0018870830535888672
22732,normal,2522,0,1782358656.0261867,0.0021314620971679688
22733,normal,1060,0,1782358656.028232,0.0020453929901123047
22734,normal,871,2,1782358656.0300908,0.0018587112426757812
22735,normal,993,2,1782358656.032174,0.002083301544189453
22736,normal,2438,0,1782358656.034055,0.0018808841705322266
22737,normal,3010,0,1782358656.0361784,0.0021233558654785156
22738,normal,3017,0,1782358656.0380592,0.0018808841705322266
22739,normal,2694,0,1782358656.0401726,0.00211334228515625
22740,normal,1617,0,1782358656.0420601,0.0018875598907470703
22741,normal,2875,0,1782358656.0443292,0.0022690296173095703
22742,normal,1919,0,1782358656.046709,0.002379894256591797
22743,normal,2619,0,1782358656.0481117,0.0014026165008544922
22744,normal,1362,1,1782358656.0501258,0.00201416015625
22745,normal,37,0,1782358656.0523887,0.0022628307342529297
22746,normal,2176,0,1782358656.0543065,0.0019178390502929688
22747,normal,204,0,1782358656.0560265,0.0017199516296386719
22748,normal,2371,0,1782358656.0581453,0.002118825912475586
22749,normal,3201,1,1782358656.060346,0.002200603485107422
22750,normal,1607,0,1782358656.0623634,0.002017498016357422
22751,normal,444,0,1782358656.064108,0.0017445087432861328
22752,normal,1759,0,1782358656.0661795,0.0020716190338134766
22753,normal,268,0,1782358656.0681713,0.001991748809814453
22754,normal,243,0,1782358656.0701618,0.0019905567169189453
22755,normal,714,0,1782358656.0720487,0.0018868446350097656
22756,normal,971,2,1782358656.0741735,0.002124786376953125
22757,normal,1383,0,1782358656.0761073,0.0019338130950927734
22758,normal,1768,0,1782358656.078302,0.002194643020629883
22759,normal,1193,0,1782358656.080129,0.0018270015716552734
22760,normal,336,0,1782358656.082147,0.002017974853515625
22761,normal,851,2,1782358656.0840793,0.001932382583618164
22762,normal,816,2,1782358656.0862007,0.002121448516845703
22763,normal,3437,0,1782358656.0881307,0.0019299983978271484
22764,normal,2788,0,1782358656.0902195,0.002088785171508789
22765,normal,2829,0,1782358656.0920358,0.0018162727355957031
22766,normal,195,0,1782358656.0941663,0.0021305084228515625
22767,normal,3344,1,1782358656.0960534,0.0018870830535888672
22768,normal,402,0,1782358656.0981724,0.0021190643310546875
22769,normal,684,0,1782358656.1000574,0.0018849372863769531
22770,normal,2203,0,1782358656.1021845,0.0021271705627441406
22771,normal,2111,0,1782358656.1040614,0.0018768310546875
22772,normal,3121,1,1782358656.1061811,0.002119779586791992
22773,normal,537,0,1782358656.1081054,0.001924276351928711
22774,normal,2442,0,1782358656.1100547,0.001949310302734375
22775,normal,3167,1,1782358656.1121607,0.0021059513092041016
22776,normal,1868,0,1782358656.1140509,0.0018901824951171875
22777,normal,3170,1,1782358656.1161704,0.0021195411682128906
22778,normal,2249,0,1782358656.1180403,0.0018699169158935547
22779,normal,2852,0,1782358656.1201763,0.0021359920501708984
22780,normal,648,0,1782358656.122094,0.0019176006317138672
22781,normal,2042,0,1782358656.1242247,0.002130746841430664
22782,normal,73,0,1782358656.126149,0.001924276351928711
22783,normal,1308,0,1782358656.1281054,0.001956462860107422
22784,normal,2554,0,1782358656.1301837,0.0020782947540283203
22785,normal,3641,0,1782358656.132077,0.0018932819366455078
22786,normal,1472,0,1782358656.1342244,0.0021474361419677734
22787,normal,2354,0,1782358656.1360362,0.0018117427825927734
22788,normal,3144,1,1782358656.1381612,0.0021250247955322266
22789,normal,1698,0,1782358656.1400418,0.001880645751953125
22790,normal,422,0,1782358656.1421561,0.0021142959594726562
22791,normal,2563,0,1782358656.1442113,0.0020551681518554688
22792,normal,1969,0,1782358656.1460814,0.0018701553344726562
22793,normal,3591,0,1782358656.1482048,0.0021233558654785156
22794,normal,2958,0,1782358656.1501763,0.0019714832305908203
22795,normal,2961,0,1782358656.152358,0.0021817684173583984
22796,normal,383,0,1782358656.1540778,0.0017197132110595703
22797,normal,2569,0,1782358656.156221,0.0021431446075439453
22798,normal,3354,1,1782358656.1581488,0.0019278526306152344
22799,normal,1804,0,1782358656.160275,0.0021262168884277344
22800,normal,436,0,1782358656.1620398,0.0017647743225097656
22801,normal,3516,0,1782358656.1641457,0.0021059513092041016
22802,normal,2290,0,1782358656.1661475,0.0020017623901367188
22803,normal,3270,1,1782358656.1680517,0.0019042491912841797
22804,normal,3114,1,1782358656.170214,0.0021622180938720703
22805,normal,3513,0,1782358656.172148,0.001934051513671875
22806,normal,2131,0,1782358656.1740496,0.0019016265869140625
22807,normal,2182,0,1782358656.1764665,0.002416849136352539
22808,normal,695,0,1782358656.1781619,0.001695394515991211
22809,normal,2342,0,1782358656.1800382,0.0018763542175292969
22810,normal,2633,0,1782358656.1828935,0.0028553009033203125
22811,normal,1626,0,1782358656.1843271,0.0014336109161376953
22812,normal,2776,0,1782358656.1860604,0.0017333030700683594
22813,normal,3650,0,1782358656.1881592,0.0020987987518310547
22814,normal,428,0,1782358656.1901684,0.002009153366088867
22815,normal,272,0,1782358656.1920657,0.0018973350524902344
22816,normal,3011,0,1782358656.194308,0.0022423267364501953
22817,normal,2635,0,1782358656.1961174,0.0018093585968017578
22818,normal,1311,0,1782358656.1981843,0.0020668506622314453
22819,normal,2328,0,1782358656.2000499,0.0018656253814697266
22820,normal,1010,2,1782358656.202174,0.0021240711212158203
22821,normal,68,0,1782358656.2040637,0.0018897056579589844
22822,normal,1599,0,1782358656.206176,0.0021123886108398438
22823,normal,1560,0,1782358656.2081723,0.001996278762817383
22824,normal,852,2,1782358656.2101064,0.001934051513671875
22825,normal,3463,0,1782358656.2127788,0.002672433853149414
22826,normal,3673,0,1782358656.214273,0.0014941692352294922
22827,normal,1713,0,1782358656.2160256,0.001752614974975586
22828,normal,141,0,1782358656.2185018,0.002476215362548828
22829,normal,2356,0,1782358656.220227,0.0017251968383789062
22830,normal,935,2,1782358656.22208,0.0018529891967773438
22831,normal,1557,0,1782358656.2240436,0.0019636154174804688
22832,normal,1384,0,1782358656.226414,0.0023703575134277344
22833,normal,302,0,1782358656.2285998,0.002185821533203125
22834,normal,2501,0,1782358656.2301118,0.0015120506286621094
22835,normal,2252,0,1782358656.2320893,0.0019774436950683594
22836,normal,635,0,1782358656.2341716,0.002082347869873047
22837,normal,3186,1,1782358656.236049,0.0018773078918457031
22838,normal,848,2,1782358656.2381625,0.0021135807037353516
22839,normal,546,0,1782358656.240097,0.0019345283508300781
22840,normal,377,0,1782358656.242229,0.002131938934326172
22841,normal,562,0,1782358656.2441187,0.0018897056579589844
22842,normal,1596,0,1782358656.2462301,0.0021114349365234375
22843,normal,1822,0,1782358656.2481256,0.0018954277038574219
22844,normal,3544,0,1782358656.2502356,0.002110004425048828
22845,normal,685,0,1782358656.2520623,0.0018267631530761719
22846,normal,650,0,1782358656.2541723,0.002110004425048828
22847,normal,2413,0,1782358656.2561963,0.002023935317993164
22848,normal,3067,1,1782358656.258065,0.0018687248229980469
22849,normal,2079,0,1782358656.2601764,0.0021114349365234375
22850,normal,1126,0,1782358656.2621744,0.0019979476928710938
22851,normal,2334,0,1782358656.2640834,0.001909017562866211
22852,normal,2343,0,1782358656.2661657,0.002082347869873047
22853,normal,1971,0,1782358656.2681727,0.002007007598876953
22854,normal,363,0,1782358656.2700536,0.0018808841705322266
22855,normal,2184,0,1782358656.2723682,0.0023145675659179688
22856,normal,2347,0,1782358656.2740574,0.0016891956329345703
22857,normal,242,0,1782358656.2761774,0.0021200180053710938
22858,normal,366,0,1782358656.278074,0.0018966197967529297
22859,normal,1075,0,1782358656.2801619,0.002087831497192383
22860,normal,1248,0,1782358656.282044,0.0018820762634277344
22861,normal,31,0,1782358656.2841625,0.0021185874938964844
22862,normal,2837,0,1782358656.2862291,0.0020666122436523438
22863,normal,1720,0,1782358656.2881527,0.0019235610961914062
22864,normal,3162,1,1782358656.29015,0.001997232437133789
22865,normal,249,0,1782358656.2923164,0.0021665096282958984
22866,normal,188,0,1782358656.2941067,0.0017902851104736328
22867,normal,462,0,1782358656.296204,0.0020973682403564453
22868,normal,2803,0,1782358656.298155,0.001950979232788086
22869,normal,1280,0,1782358656.300032,0.0018768310546875
22870,normal,3552,0,1782358656.302173,0.0021409988403320312
22871,normal,2806,0,1782358656.3041492,0.0019762516021728516
22872,normal,1890,0,1782358656.306039,0.001889944076538086
22873,normal,3627,0,1782358656.3081458,0.0021066665649414062
22874,normal,1652,0,1782358656.310149,0.002003192901611328
22875,normal,259,0,1782358656.3123724,0.002223491668701172
22876,normal,2890,0,1782358656.3143284,0.0019559860229492188
22877,normal,568,0,1782358656.3160937,0.0017652511596679688
22878,normal,2026,0,1782358656.318158,0.002064228057861328
22879,normal,2019,0,1782358656.3200376,0.0018796920776367188
22880,normal,1265,0,1782358656.3221579,0.0021202564239501953
22881,normal,2951,0,1782358656.324242,0.0020842552185058594
22882,normal,1014,2,1782358656.3260548,0.0018126964569091797
22883,normal,756,0,1782358656.3281474,0.002092599868774414
22884,normal,2063,0,1782358656.3300366,0.0018892288208007812
22885,normal,998,2,1782358656.3321667,0.0021300315856933594
22886,normal,719,0,1782358656.3344998,0.0023331642150878906
22887,normal,3000,0,1782358656.3362114,0.0017116069793701172
22888,normal,1079,0,1782358656.3381267,0.0019152164459228516
22889,normal,2749,0,1782358656.340261,0.0021343231201171875
22890,normal,3191,1,1782358656.3421538,0.0018928050994873047
22891,normal,2351,0,1782358656.3442233,0.0020694732666015625
22892,normal,523,0,1782358656.34622,0.001996755599975586
22893,normal,1176,0,1782358656.3480675,0.0018475055694580078
22894,normal,3644,0,1782358656.3500419,0.001974344253540039
22895,normal,3467,0,1782358656.3521807,0.002138853073120117
22896,normal,2656,0,1782358656.3541038,0.0019230842590332031
22897,normal,2661,0,1782358656.3562074,0.002103567123413086
22898,normal,505,0,1782358656.3583732,0.0021657943725585938
22899,normal,1992,0,1782358656.360074,0.0017008781433105469
22900,normal,1380,1,1782358656.3621883,0.0021142959594726562
22901,normal,3572,0,1782358656.3641326,0.0019443035125732422
22902,normal,2155,0,1782358656.3661778,0.002045154571533203
22903,normal,510,0,1782358656.368078,0.0019001960754394531
22904,normal,2018,0,1782358656.3701298,0.002051830291748047
22905,normal,3548,0,1782358656.372067,0.0019371509552001953
22906,normal,1023,2,1782358656.374111,0.0020439624786376953
22907,normal,1462,0,1782358656.3762302,0.002119302749633789
22908,normal,2169,0,1782358656.3780408,0.0018105506896972656
22909,normal,2964,0,1782358656.380199,0.0021581649780273438
22910,normal,2905,0,1782358656.382108,0.001909017562866211
22911,normal,1561,0,1782358656.3842342,0.0021262168884277344
22912,normal,2381,0,1782358656.3860834,0.0018491744995117188
22913,normal,1693,0,1782358656.3881352,0.002051830291748047
22914,normal,749,0,1782358656.3900633,0.001928091049194336
22915,normal,601,0,1782358656.392175,0.002111673355102539
22916,normal,470,0,1782358656.3941717,0.001996755599975586
22917,normal,1648,0,1782358656.3960648,0.0018930435180664062
22918,normal,2099,0,1782358656.3981853,0.002120494842529297
22919,normal,2006,0,1782358656.4000628,0.0018775463104248047
22920,normal,1751,0,1782358656.4022374,0.0021746158599853516
22921,normal,3288,1,1782358656.4040797,0.0018422603607177734
22922,normal,374,0,1782358656.4061723,0.002092599868774414
22923,normal,943,2,1782358656.4080472,0.0018749237060546875
22924,normal,1605,0,1782358656.41017,0.0021228790283203125
22925,normal,2453,0,1782358656.4121614,0.00199127197265625
22926,normal,2089,0,1782358656.4140413,0.0018799304962158203
22927,normal,496,0,1782358656.4161873,0.002146005630493164
22928,normal,3057,1,1782358656.4181008,0.0019135475158691406
22929,normal,3215,1,1782358656.420228,0.0021271705627441406
22930,normal,2847,0,1782358656.422132,0.0019040107727050781
22931,normal,3456,0,1782358656.424202,0.0020699501037597656
22932,normal,1071,0,1782358656.4260695,0.001867532730102539
22933,normal,665,0,1782358656.4281905,0.0021209716796875
22934,normal,1797,0,1782358656.4300885,0.001898050308227539
22935,normal,3034,0,1782358656.4320443,0.001955747604370117
22936,normal,1739,0,1782358656.4341578,0.0021135807037353516
22937,normal,1287,0,1782358656.4361672,0.0020093917846679688
22938,normal,2288,0,1782358656.4380796,0.0019123554229736328
22939,normal,1168,0,1782358656.440221,0.0021414756774902344
22940,normal,3276,1,1782358656.4420986,0.0018775463104248047
22941,normal,3497,0,1782358656.4442685,0.0021698474884033203
22942,normal,3173,1,1782358656.4461393,0.001870870590209961
22943,normal,3671,0,1782358656.4483173,0.0021779537200927734
22944,normal,3678,0,1782358656.4501169,0.0017995834350585938
22945,normal,555,0,1782358656.452131,0.00201416015625
22946,normal,1972,0,1782358656.4543328,0.0022017955780029297
22947,normal,1350,1,1782358656.456074,0.001741170883178711
22948,normal,3330,1,1782358656.4581513,0.002077341079711914
22949,normal,2938,0,1782358656.4601495,0.0019981861114501953
22950,normal,932,2,1782358656.4620302,0.001880645751953125
22951,normal,1565,0,1782358656.4643247,0.0022945404052734375
22952,normal,3664,0,1782358656.4660304,0.0017056465148925781
22953,normal,1478,0,1782358656.468148,0.002117633819580078
22954,normal,3399,1,1782358656.4700303,0.001882314682006836
22955,normal,3517,0,1782358656.4721467,0.0021164417266845703
22956,normal,2711,0,1782358656.4742851,0.002138376235961914
22957,normal,170,0,1782358656.476543,0.002257823944091797
22958,normal,1656,0,1782358656.4781322,0.0015892982482910156
22959,normal,1047,0,1782358656.4800503,0.0019180774688720703
22960,normal,757,0,1782358656.4819984,0.0019481182098388672
22961,normal,25,0,1782358656.4840522,0.0020537376403808594
22962,normal,1239,0,1782358656.4860637,0.002011537551879883
22963,normal,898,2,1782358656.488215,0.0021512508392333984
22964,normal,2643,0,1782358656.4900513,0.0018362998962402344
22965,normal,351,0,1782358656.4920833,0.002032041549682617
22966,normal,320,0,1782358656.494151,0.0020678043365478516
22967,normal,1000,2,1782358656.4961364,0.001985311508178711
22968,normal,2276,0,1782358656.4981773,0.002040863037109375
22969,normal,1086,0,1782358656.500093,0.0019156932830810547
22970,normal,3660,0,1782358656.5024598,0.002366781234741211
22971,normal,2933,0,1782358656.5042048,0.001744985580444336
22972,normal,1105,0,1782358656.5067308,0.0025260448455810547
22973,normal,1876,0,1782358656.5080879,0.0013570785522460938
22974,normal,409,0,1782358656.5100982,0.002010345458984375
22975,normal,2553,0,1782358656.5124583,0.002360105514526367
22976,normal,1510,0,1782358656.5142567,0.001798391342163086
22977,normal,3145,1,1782358656.51627,0.0020132064819335938
22978,normal,2280,0,1782358656.5180717,0.0018017292022705078
22979,normal,2164,0,1782358656.5204117,0.002340078353881836
22980,normal,1464,0,1782358656.5224547,0.002043008804321289
22981,normal,1430,0,1782358656.5241067,0.0016520023345947266
22982,normal,173,0,1782358656.5262163,0.002109527587890625
22983,normal,790,2,1782358656.5280693,0.0018529891967773438
22984,normal,1313,0,1782358656.5300715,0.002002239227294922
22985,normal,3505,0,1782358656.532161,0.0020895004272460938
22986,normal,1406,0,1782358656.5343242,0.0021631717681884766
22987,normal,2920,0,1782358656.5360725,0.0017483234405517578
22988,normal,3193,1,1782358656.538216,0.0021436214447021484
22989,normal,1671,0,1782358656.5401316,0.0019154548645019531
22990,normal,2350,0,1782358656.5420718,0.0019402503967285156
22991,normal,815,2,1782358656.544152,0.002080202102661133
22992,normal,707,0,1782358656.5460885,0.0019364356994628906
22993,normal,1187,0,1782358656.5481014,0.002012968063354492
22994,normal,18,0,1782358656.5502374,0.0021359920501708984
22995,normal,3204,1,1782358656.5520682,0.0018308162689208984
22996,normal,2634,0,1782358656.5541575,0.002089262008666992
22997,normal,1931,0,1782358656.5561612,0.0020036697387695312
22998,normal,1552,0,1782358656.558064,0.0019028186798095703
22999,normal,3156,1,1782358656.560167,0.002103090286254883
23000,normal,2073,0,1782358656.5621767,0.0020096302032470703
23001,normal,1550,0,1782358656.5640666,0.001889944076538086
23002,normal,2204,0,1782358656.5661817,0.002115011215209961
23003,normal,1481,0,1782358656.5683868,0.0022051334381103516
23004,normal,3353,1,1782358656.5701609,0.0017740726470947266
23005,normal,2231,0,1782358656.5720515,0.0018906593322753906
23006,normal,236,0,1782358656.5741618,0.0021102428436279297
23007,normal,622,0,1782358656.576048,0.001886129379272461
23008,normal,957,2,1782358656.5781693,0.002121448516845703
23009,normal,1209,0,1782358656.5801678,0.001998424530029297
23010,normal,3428,0,1782358656.5820918,0.0019240379333496094
23011,normal,563,0,1782358656.5842247,0.002132892608642578
23012,normal,2537,0,1782358656.5864246,0.002199888229370117
23013,normal,1246,0,1782358656.588066,0.0016415119171142578
23014,normal,1724,0,1782358656.5901852,0.0021190643310546875
23015,normal,2292,0,1782358656.5920653,0.0018801689147949219
23016,normal,1480,0,1782358656.5941706,0.002105236053466797
23017,normal,2623,0,1782358656.596031,0.0018603801727294922
23018,normal,3228,1,1782358656.598153,0.002122163772583008
23019,normal,2808,0,1782358656.600032,0.001878976821899414
23020,normal,3322,1,1782358656.6022172,0.0021851062774658203
23021,normal,2566,0,1782358656.6040993,0.0018820762634277344
23022,normal,2879,0,1782358656.6060889,0.001989603042602539
23023,normal,3549,0,1782358656.6082158,0.002126932144165039
23024,normal,3465,0,1782358656.610142,0.0019261837005615234
23025,normal,38,0,1782358656.6122925,0.0021505355834960938
23026,normal,1865,0,1782358656.6140988,0.0018062591552734375
23027,normal,70,0,1782358656.6162643,0.002165555953979492
23028,normal,3522,0,1782358656.618189,0.001924753189086914
23029,normal,2105,0,1782358656.6200826,0.0018935203552246094
23030,normal,1806,0,1782358656.6221488,0.0020661354064941406
23031,normal,3535,0,1782358656.6240342,0.0018854141235351562
23032,normal,1602,0,1782358656.6261444,0.0021102428436279297
23033,normal,3386,1,1782358656.6283317,0.0021872520446777344
23034,normal,819,2,1782358656.6300333,0.0017015933990478516
23035,normal,2591,0,1782358656.6321373,0.002104043960571289
23036,normal,3637,0,1782358656.6341457,0.0020084381103515625
23037,normal,2903,0,1782358656.6360302,0.00188446044921875
23038,normal,3408,0,1782358656.6383188,0.0022885799407958984
23039,normal,677,0,1782358656.6405487,0.002229928970336914
23040,normal,3563,0,1782358656.6421945,0.001645803451538086
23041,normal,1387,0,1782358656.6440454,0.0018508434295654297
23042,normal,2580,0,1782358656.6461608,0.002115488052368164
23043,normal,379,0,1782358656.6480613,0.0019004344940185547
23044,normal,543,0,1782358656.6501768,0.002115488052368164
23045,normal,922,2,1782358656.6523364,0.002159595489501953
23046,normal,1360,1,1782358656.6541178,0.001781463623046875
23047,normal,1869,0,1782358656.6560423,0.0019245147705078125
23048,normal,3289,1,1782358656.65816,0.002117633819580078
23049,normal,3031,0,1782358656.6600513,0.0018913745880126953
23050,normal,3297,1,1782358656.6620586,0.0020072460174560547
23051,normal,1188,0,1782358656.6641877,0.002129077911376953
23052,normal,2615,0,1782358656.666108,0.0019202232360839844
23053,normal,1719,0,1782358656.6681917,0.0020837783813476562
23054,normal,3090,1,1782358656.6700578,0.0018661022186279297
23055,normal,3593,0,1782358656.6722693,0.0022115707397460938
23056,normal,662,0,1782358656.6747186,0.0024492740631103516
23057,normal,3490,0,1782358656.6761684,0.0014498233795166016
23058,normal,3390,1,1782358656.6780398,0.001871347427368164
23059,normal,2657,0,1782358656.6801617,0.0021219253540039062
23060,normal,1497,0,1782358656.68209,0.0019283294677734375
23061,normal,2299,0,1782358656.6842208,0.002130746841430664
23062,normal,1516,0,1782358656.6861298,0.001909017562866211
23063,normal,1197,0,1782358656.6882792,0.002149343490600586
23064,normal,3355,1,1782358656.6902413,0.0019621849060058594
23065,normal,3006,0,1782358656.69203,0.0017886161804199219
23066,normal,421,0,1782358656.6943004,0.0022704601287841797
23067,normal,1530,0,1782358656.6963713,0.002070903778076172
23068,normal,2624,0,1782358656.6983907,0.0020194053649902344
23069,normal,460,0,1782358656.7003179,0.0019271373748779297
23070,normal,1338,1,1782358656.7022026,0.0018846988677978516
23071,normal,724,0,1782358656.704063,0.0018603801727294922
23072,normal,1400,0,1782358656.7061677,0.0021047592163085938
23073,normal,2823,0,1782358656.7080517,0.0018839836120605469
23074,normal,1456,0,1782358656.7101748,0.002123117446899414
23075,normal,3021,0,1782358656.7120645,0.0018897056579589844
23076,normal,3639,0,1782358656.714185,0.002120494842529297
23077,normal,1581,0,1782358656.716072,0.0018870830535888672
23078,normal,1627,0,1782358656.7181797,0.0021076202392578125
23079,normal,616,0,1782358656.7201185,0.0019388198852539062
23080,normal,362,0,1782358656.722052,0.0019335746765136719
23081,normal,3547,0,1782358656.7241647,0.0021126270294189453
23082,normal,393,0,1782358656.7260563,0.0018916130065917969
23083,normal,3395,1,1782358656.728602,0.002545595169067383
23084,normal,1952,0,1782358656.730063,0.001461029052734375
23085,normal,3682,0,1782358656.7321787,0.0021157264709472656
23086,normal,1490,0,1782358656.7340906,0.0019118785858154297
23087,normal,1577,0,1782358656.736168,0.002077341079711914
23088,normal,786,2,1782358656.7380443,0.0018763542175292969
23089,normal,3443,0,1782358656.7401626,0.002118349075317383
23090,normal,2003,0,1782358656.7421172,0.0019545555114746094
23091,normal,3537,0,1782358656.744124,0.0020067691802978516
23092,normal,2500,0,1782358656.7461338,0.002009868621826172
23093,normal,2642,0,1782358656.7482812,0.0021474361419677734
23094,normal,3179,1,1782358656.7501426,0.0018613338470458984
23095,normal,376,0,1782358656.7522318,0.002089262008666992
23096,normal,860,2,1782358656.7540462,0.0018143653869628906
23097,normal,835,2,1782358656.7561545,0.002108335494995117
23098,normal,951,2,1782358656.7580302,0.0018756389617919922
23099,normal,2240,0,1782358656.7602727,0.002242565155029297
23100,normal,2149,0,1782358656.7620354,0.0017626285552978516
23101,normal,1908,0,1782358656.7641487,0.00211334228515625
23102,normal,2832,0,1782358656.7661457,0.0019969940185546875
23103,normal,803,2,1782358656.7683742,0.0022284984588623047
23104,normal,3237,1,1782358656.77035,0.0019757747650146484
23105,normal,1913,0,1782358656.7720754,0.0017254352569580078
23106,normal,2085,0,1782358656.7741852,0.0021097660064697266
23107,normal,40,0,1782358656.7770975,0.002912282943725586
23108,normal,1404,0,1782358656.7780805,0.0009829998016357422
23109,normal,1471,0,1782358656.7801611,0.002080678939819336
23110,normal,952,2,1782358656.782474,0.002312898635864258
23111,normal,86,0,1782358656.7840502,0.0015761852264404297
23112,normal,2673,0,1782358656.7861867,0.0021364688873291016
23113,normal,2449,0,1782358656.7879908,0.0018041133880615234
23114,normal,182,0,1782358656.7900188,0.0020279884338378906
23115,normal,2543,0,1782358656.7924523,0.0024335384368896484
23116,normal,1134,0,1782358656.7941859,0.001733541488647461
23117,normal,2100,0,1782358656.7961087,0.0019228458404541016
23118,normal,1773,0,1782358656.7980695,0.00196075439453125
23119,normal,2423,0,1782358656.8000858,0.002016305923461914
23120,normal,1763,0,1782358656.8023129,0.0022270679473876953
23121,normal,2902,0,1782358656.8041363,0.00182342529296875
23122,normal,2826,0,1782358656.8060095,0.0018732547760009766
23123,normal,3506,0,1782358656.8080606,0.002051115036010742
23124,normal,3400,1,1782358656.8099837,0.0019230842590332031
23125,normal,282,0,1782358656.8122575,0.0022737979888916016
23126,normal,1679,0,1782358656.814507,0.002249479293823242
23127,normal,1947,0,1782358656.8160856,0.0015785694122314453
23128,normal,2676,0,1782358656.8183634,0.002277851104736328
23129,normal,909,2,1782358656.8202858,0.0019223690032958984
23130,normal,2145,0,1782358656.8224123,0.002126455307006836
23131,normal,2320,0,1782358656.8247106,0.0022983551025390625
23132,normal,2613,0,1782358656.8262851,0.0015745162963867188
23133,normal,500,0,1782358656.8283699,0.0020847320556640625
23134,normal,2948,0,1782358656.8302207,0.0018508434295654297
23135,normal,3518,0,1782358656.832223,0.002002239227294922
23136,normal,1523,0,1782358656.8342197,0.001996755599975586
23137,normal,458,0,1782358656.8362174,0.001997709274291992
23138,normal,915,2,1782358656.8382306,0.0020132064819335938
23139,normal,1477,0,1782358656.8402634,0.002032756805419922
23140,normal,1245,0,1782358656.8421195,0.001856088638305664
23141,normal,1446,0,1782358656.8441076,0.0019881725311279297
23142,normal,1034,0,1782358656.846055,0.0019474029541015625
23143,normal,800,2,1782358656.8481624,0.002107381820678711
23144,normal,1849,0,1782358656.850346,0.002183675765991211
23145,normal,145,0,1782358656.8520832,0.0017371177673339844
23146,normal,3130,1,1782358656.85416,0.002076864242553711
23147,normal,1319,1,1782358656.8561335,0.001973390579223633
23148,normal,415,0,1782358656.857993,0.001859426498413086
23149,normal,319,0,1782358656.8600054,0.002012491226196289
23150,normal,95,0,1782358656.862094,0.0020885467529296875
23151,normal,1377,1,1782358656.8639843,0.001890420913696289
23152,normal,2469,0,1782358656.8659947,0.002010345458984375
23153,normal,1368,1,1782358656.8680985,0.0021038055419921875
23154,normal,2858,0,1782358656.870038,0.001939535140991211
23155,normal,2637,0,1782358656.8720381,0.002000093460083008
23156,normal,2123,0,1782358656.8740933,0.0020551681518554688
23157,normal,854,2,1782358656.8760393,0.0019459724426269531
23158,normal,1777,0,1782358656.8780365,0.001997232437133789
23159,normal,1413,0,1782358656.880108,0.0020716190338134766
23160,normal,1533,0,1782358656.8820372,0.0019290447235107422
23161,normal,280,0,1782358656.884037,0.0019998550415039062
23162,normal,1685,0,1782358656.8860943,0.002057313919067383
23163,normal,2887,0,1782358656.8880374,0.0019431114196777344
23164,normal,1114,0,1782358656.8900366,0.0019991397857666016
23165,normal,3587,0,1782358656.8921125,0.0020759105682373047
23166,normal,2447,0,1782358656.8940394,0.0019268989562988281
23167,normal,3553,0,1782358656.8960366,0.001997232437133789
23168,normal,689,0,1782358656.8980916,0.002054929733276367
23169,normal,3092,1,1782358656.9000375,0.0019459724426269531
23170,normal,3398,1,1782358656.9020383,0.0020008087158203125
23171,normal,29,0,1782358656.9041226,0.0020842552185058594
23172,normal,2190,0,1782358656.906083,0.0019605159759521484
23173,normal,2560,0,1782358656.9082901,0.002207040786743164
23174,normal,289,0,1782358656.910142,0.001851797103881836
23175,normal,2140,0,1782358656.9120412,0.0018992424011230469
23176,normal,3304,1,1782358656.9140391,0.0019979476928710938
23177,normal,2121,0,1782358656.916108,0.002068758010864258
23178,normal,244,0,1782358656.9180493,0.0019414424896240234
23179,normal,3166,1,1782358656.9200404,0.0019910335540771484
23180,normal,3503,0,1782358656.922109,0.0020685195922851562
23181,normal,3629,0,1782358656.9240448,0.0019359588623046875
23182,normal,2742,0,1782358656.9260366,0.001991748809814453
23183,normal,474,0,1782358656.9281104,0.0020737648010253906
23184,normal,1303,0,1782358656.9300413,0.0019309520721435547
23185,normal,105,0,1782358656.932037,0.0019958019256591797
23186,normal,1643,0,1782358656.934107,0.0020699501037597656
23187,normal,10,0,1782358656.93604,0.0019328594207763672
23188,normal,54,0,1782358656.9380372,0.001997232437133789
23189,normal,2245,0,1782358656.9401104,0.0020732879638671875
23190,normal,3564,0,1782358656.9420385,0.001928091049194336
23191,normal,944,2,1782358656.9440367,0.0019981861114501953
23192,normal,2127,0,1782358656.9461095,0.0020728111267089844
23193,normal,2393,0,1782358656.9480367,0.0019271373748779297
23194,normal,123,0,1782358656.9500372,0.002000570297241211
23195,normal,2054,0,1782358656.9521086,0.002071380615234375
23196,normal,1220,0,1782358656.9540367,0.001928091049194336
23197,normal,813,2,1782358656.9560394,0.002002716064453125
23198,normal,3225,1,1782358656.9581099,0.0020704269409179688
23199,normal,938,2,1782358656.9600382,0.0019283294677734375
23200,normal,484,0,1782358656.9620373,0.0019991397857666016
23201,normal,1547,0,1782358656.9641538,0.0021164417266845703
23202,normal,297,0,1782358656.966038,0.0018842220306396484
23203,normal,795,2,1782358656.9680657,0.002027750015258789
23204,normal,2224,0,1782358656.9700773,0.002011537551879883
23205,normal,861,2,1782358656.9720323,0.0019550323486328125
23206,normal,2321,0,1782358656.9740603,0.0020279884338378906
23207,normal,880,2,1782358656.976184,0.002123594284057617
23208,normal,1453,0,1782358656.978015,0.0018310546875
23209,normal,857,2,1782358656.9801867,0.002171754837036133
23210,normal,2878,0,1782358656.9821947,0.0020079612731933594
23211,normal,295,0,1782358656.984015,0.0018203258514404297
23212,normal,2655,0,1782358656.9861858,0.0021708011627197266
23213,normal,3621,0,1782358656.9881215,0.001935720443725586
23214,normal,3555,0,1782358656.9902678,0.0021462440490722656
23215,normal,722,0,1782358656.9921062,0.0018384456634521484
23216,normal,1342,1,1782358656.995355,0.0032486915588378906
23217,normal,1353,1,1782358656.9966114,0.0012564659118652344
23218,normal,3244,1,1782358656.9988275,0.0022161006927490234
23219,normal,3111,1,1782358657.0002978,0.001470327377319336
23220,normal,2478,0,1782358657.0021172,0.0018193721771240234
23221,normal,2992,0,1782358657.0044334,0.0023162364959716797
23222,normal,232,0,1782358657.0062628,0.001829385757446289
23223,normal,2857,0,1782358657.0083048,0.002042055130004883
23224,normal,411,0,1782358657.0102704,0.0019655227661132812
23225,normal,668,0,1782358657.012416,0.002145528793334961
23226,normal,292,0,1782358657.0141165,0.0017006397247314453
23227,normal,1753,0,1782358657.0164244,0.002307891845703125
23228,normal,3316,1,1782358657.0182624,0.0018379688262939453
23229,normal,3231,1,1782358657.020302,0.002039670944213867
23230,normal,1985,0,1782358657.0222604,0.0019583702087402344
23231,normal,1827,0,1782358657.0244482,0.0021877288818359375
23232,normal,333,0,1782358657.0261166,0.0016684532165527344
23233,normal,346,0,1782358657.028436,0.0023193359375
23234,normal,1714,0,1782358657.030261,0.001825094223022461
23235,normal,1696,0,1782358657.0323043,0.0020432472229003906
23236,normal,696,0,1782358657.034269,0.0019648075103759766
23237,normal,2630,0,1782358657.0364554,0.002186298370361328
23238,normal,1006,2,1782358657.0381172,0.0016617774963378906
23239,normal,2196,0,1782358657.0404348,0.002317667007446289
23240,normal,1531,0,1782358657.042242,0.0018072128295898438
23241,normal,2718,0,1782358657.0441167,0.001874685287475586
23242,normal,255,0,1782358657.0462718,0.0021550655364990234
23243,normal,2688,0,1782358657.048303,0.002031087875366211
23244,normal,430,0,1782358657.050209,0.0019061565399169922
23245,normal,1046,0,1782358657.0522752,0.0020661354064941406
23246,normal,843,2,1782358657.0542119,0.0019366741180419922
23247,normal,3365,1,1782358657.0561187,0.0019068717956542969
23248,normal,2068,0,1782358657.0583632,0.0022444725036621094
23249,normal,1278,0,1782358657.0602076,0.0018444061279296875
23250,normal,3203,1,1782358657.062176,0.0019683837890625
23251,normal,2937,0,1782358657.0642052,0.0020291805267333984
23252,normal,768,0,1782358657.0662417,0.002036571502685547
23253,normal,2228,0,1782358657.068177,0.0019352436065673828
23254,normal,838,2,1782358657.070212,0.002034902572631836
23255,normal,1711,0,1782358657.0722563,0.0020444393157958984
23256,normal,1766,0,1782358657.0741014,0.0018451213836669922
23257,normal,3690,0,1782358657.07634,0.0022385120391845703
23258,normal,454,0,1782358657.0781937,0.0018537044525146484
23259,normal,3554,0,1782358657.0801003,0.0019066333770751953
23260,normal,3429,0,1782358657.0822594,0.00215911865234375
23261,normal,1247,0,1782358657.0841932,0.0019338130950927734
23262,normal,3073,1,1782358657.0861137,0.001920461654663086
23263,normal,165,0,1782358657.0882378,0.0021240711212158203
23264,normal,3523,0,1782358657.0901945,0.0019567012786865234
23265,normal,1837,0,1782358657.0921009,0.0019063949584960938
23266,normal,3205,1,1782358657.0942397,0.002138853073120117
23267,normal,1331,1,1782358657.0961943,0.0019545555114746094
23268,normal,2744,0,1782358657.0981,0.001905679702758789
23269,normal,1625,0,1782358657.100239,0.0021390914916992188
23270,normal,442,0,1782358657.1021974,0.0019583702087402344
23271,normal,937,2,1782358657.1041007,0.0019032955169677734
23272,normal,1963,0,1782358657.1062384,0.0021376609802246094
23273,normal,853,2,1782358657.1081944,0.0019559860229492188
23274,normal,1500,0,1782358657.1101003,0.0019059181213378906
23275,normal,3266,1,1782358657.1122391,0.002138853073120117
23276,normal,2976,0,1782358657.1141944,0.001955270767211914
23277,normal,1776,0,1782358657.1161005,0.0019061565399169922
23278,normal,3558,0,1782358657.1182392,0.0021386146545410156
23279,normal,5,0,1782358657.120195,0.001955747604370117
23280,normal,315,0,1782358657.1221027,0.0019078254699707031
23281,normal,904,2,1782358657.124235,0.0021321773529052734
23282,normal,2540,0,1782358657.1261904,0.0019555091857910156
23283,normal,1292,0,1782358657.128101,0.0019106864929199219
23284,normal,1645,0,1782358657.1302948,0.0021936893463134766
23285,normal,1946,0,1782358657.132262,0.001967191696166992
23286,normal,934,2,1782358657.1341245,0.0018625259399414062
23287,normal,2664,0,1782358657.1362252,0.002100706100463867
23288,normal,113,0,1782358657.138296,0.0020706653594970703
23289,normal,551,0,1782358657.1401224,0.0018265247344970703
23290,normal,1595,0,1782358657.1421967,0.0020742416381835938
23291,normal,3619,0,1782358657.1442847,0.0020880699157714844
23292,normal,1965,0,1782358657.146104,0.0018193721771240234
23293,normal,106,0,1782358657.1482544,0.002150297164916992
23294,normal,2062,0,1782358657.1501954,0.0019409656524658203
23295,normal,3229,1,1782358657.1521006,0.001905202865600586
23296,normal,3157,1,1782358657.1542552,0.0021545886993408203
23297,normal,1468,0,1782358657.1562088,0.001953601837158203
23298,normal,3525,0,1782358657.158106,0.0018973350524902344
23299,normal,2053,0,1782358657.16024,0.0021338462829589844
23300,normal,1621,0,1782358657.1621923,0.0019524097442626953
23301,normal,1125,0,1782358657.1641023,0.0019099712371826172
23302,normal,1267,0,1782358657.1662424,0.002140045166015625
23303,normal,702,0,1782358657.168199,0.0019567012786865234
23304,normal,2174,0,1782358657.1701045,0.0019054412841796875
23305,normal,3670,0,1782358657.1722372,0.0021326541900634766
23306,normal,1414,0,1782358657.174194,0.001956939697265625
23307,normal,3665,0,1782358657.176101,0.0019068717956542969
23308,normal,2050,0,1782358657.1782205,0.0021195411682128906
23309,normal,1022,2,1782358657.1801918,0.0019712448120117188
23310,normal,3617,0,1782358657.1820986,0.0019068717956542969
23311,normal,1389,0,1782358657.1842184,0.002119779586791992
23312,normal,1008,2,1782358657.1861901,0.001971721649169922
23313,normal,1689,0,1782358657.1881304,0.0019402503967285156
23314,normal,2516,0,1782358657.1901977,0.0020673274993896484
23315,normal,2153,0,1782358657.1921945,0.001996755599975586
23316,normal,2534,0,1782358657.1941001,0.001905679702758789
23317,normal,1415,0,1782358657.1962252,0.0021250247955322266
23318,normal,850,2,1782358657.1981943,0.0019690990447998047
23319,normal,1097,0,1782358657.2001011,0.0019068717956542969
23320,normal,1800,0,1782358657.202229,0.0021278858184814453
23321,normal,580,0,1782358657.2041883,0.0019593238830566406
23322,normal,2706,0,1782358657.2061005,0.0019121170043945312
23323,normal,453,0,1782358657.2082303,0.002129793167114258
23324,normal,950,2,1782358657.2101927,0.001962423324584961
23325,normal,2117,0,1782358657.212116,0.0019233226776123047
23326,normal,3615,0,1782358657.2142346,0.0021185874938964844
23327,normal,3185,1,1782358657.2161942,0.001959562301635742
23328,normal,133,0,1782358657.218099,0.0019049644470214844
23329,normal,3038,0,1782358657.2202318,0.0021326541900634766
23330,normal,331,0,1782358657.222192,0.001960277557373047
23331,normal,3108,1,1782358657.2241032,0.001911163330078125
23332,normal,385,0,1782358657.2262387,0.0021355152130126953
23333,normal,1241,0,1782358657.228194,0.001955270767211914
23334,normal,2416,0,1782358657.230101,0.0019071102142333984
23335,normal,479,0,1782358657.2322376,0.0021364688873291016
23336,normal,2378,0,1782358657.2341933,0.001955747604370117
23337,normal,1385,0,1782358657.2361023,0.001909017562866211
23338,normal,3581,0,1782358657.2382593,0.002156972885131836
23339,normal,2778,0,1782358657.2401934,0.001934051513671875
23340,normal,365,0,1782358657.2421343,0.0019409656524658203
23341,normal,3321,1,1782358657.244217,0.0020825862884521484
23342,normal,3302,1,1782358657.2461872,0.0019702911376953125
23343,normal,2035,0,1782358657.248102,0.0019147396087646484
23344,normal,298,0,1782358657.2502582,0.0021562576293945312
23345,normal,3696,0,1782358657.2521567,0.0018985271453857422
23346,normal,508,0,1782358657.2540987,0.0019419193267822266
23347,normal,2191,0,1782358657.2562404,0.002141714096069336
23348,normal,3385,1,1782358657.2581935,0.001953125
23349,normal,590,0,1782358657.260101,0.0019075870513916016
23350,normal,3194,1,1782358657.2622786,0.0021774768829345703
23351,normal,2373,0,1782358657.2641935,0.00191497802734375
23352,normal,519,0,1782358657.2661018,0.0019083023071289062
23353,normal,2652,0,1782358657.2682645,0.0021626949310302734
23354,normal,1238,0,1782358657.2701948,0.00193023681640625
23355,normal,2536,0,1782358657.2721014,0.0019066333770751953
23356,normal,1123,0,1782358657.2742584,0.002156972885131836
23357,normal,109,0,1782358657.2761936,0.0019352436065673828
23358,normal,196,0,1782358657.2780993,0.001905679702758789
23359,normal,521,0,1782358657.2802725,0.002173185348510742
23360,normal,561,0,1782358657.282193,0.001920461654663086
23361,normal,626,0,1782358657.2841022,0.0019092559814453125
23362,normal,237,0,1782358657.2862632,0.0021610260009765625
23363,normal,2076,0,1782358657.2881925,0.0019292831420898438
23364,normal,1283,0,1782358657.290102,0.001909494400024414
23365,normal,20,0,1782358657.2922583,0.0021562576293945312
23366,normal,2355,0,1782358657.2941885,0.00193023681640625
23367,normal,2695,0,1782358657.2960997,0.001911163330078125
23368,normal,3492,0,1782358657.2982585,0.0021588802337646484
23369,normal,608,0,1782358657.3001914,0.0019328594207763672
23370,normal,2760,0,1782358657.3021035,0.0019121170043945312
23371,normal,2666,0,1782358657.3042684,0.0021648406982421875
23372,normal,304,0,1782358657.3061924,0.0019240379333496094
23373,normal,620,0,1782358657.3081005,0.0019080638885498047
23374,normal,316,0,1782358657.3102577,0.0021572113037109375
23375,normal,3233,1,1782358657.3121934,0.001935720443725586
23376,normal,443,0,1782358657.314102,0.0019085407257080078
23377,normal,923,2,1782358657.3162422,0.0021402835845947266
23378,normal,2010,0,1782358657.3181932,0.001950979232788086
23379,normal,2864,0,1782358657.3201003,0.0019071102142333984
23380,normal,764,0,1782358657.322258,0.0021576881408691406
23381,normal,326,0,1782358657.3241937,0.001935720443725586
23382,normal,1844,0,1782358657.326102,0.0019083023071289062
23383,normal,980,2,1782358657.328258,0.0021560192108154297
23384,normal,160,0,1782358657.330189,0.0019309520721435547
23385,normal,3613,0,1782358657.3321009,0.0019118785858154297
23386,normal,3015,0,1782358657.3342612,0.002160310745239258
23387,normal,624,0,1782358657.3361824,0.0019211769104003906
23388,normal,3683,0,1782358657.3381019,0.0019195079803466797
23389,normal,1493,0,1782358657.3402126,0.002110719680786133
23390,normal,785,2,1782358657.3422139,0.0020012855529785156
23391,normal,3521,0,1782358657.3440704,0.0018565654754638672
23392,normal,2494,0,1782358657.3462644,0.002193927764892578
23393,normal,995,2,1782358657.348157,0.0018925666809082031
23394,normal,1109,0,1782358657.3502195,0.002062559127807617
23395,normal,94,0,1782358657.352049,0.0018296241760253906
23396,normal,2154,0,1782358657.354021,0.0019719600677490234
23397,normal,231,0,1782358657.3560455,0.002024412155151367
23398,normal,966,2,1782358657.3580105,0.001965045928955078
23399,normal,2861,0,1782358657.3600376,0.0020270347595214844
23400,normal,1340,1,1782358657.362035,0.0019974708557128906
23401,normal,3556,0,1782358657.364012,0.0019769668579101562
23402,normal,2207,0,1782358657.366012,0.002000093460083008
23403,normal,341,0,1782358657.368034,0.00202178955078125
23404,normal,3101,1,1782358657.3700094,0.001975536346435547
23405,normal,1111,0,1782358657.3720338,0.002024412155151367
23406,normal,1378,1,1782358657.374113,0.0020792484283447266
23407,normal,2733,0,1782358657.37624,0.002126932144165039
23408,normal,1254,0,1782358657.3783252,0.0020852088928222656
23409,normal,1140,0,1782358657.3800988,0.0017735958099365234
23410,normal,2436,0,1782358657.3821242,0.0020253658294677734
23411,normal,3043,0,1782358657.3840623,0.0019381046295166016
23412,normal,2547,0,1782358657.3862097,0.0021474361419677734
23413,normal,1755,0,1782358657.388045,0.0018353462219238281
23414,normal,2136,0,1782358657.3900383,0.0019931793212890625
23415,normal,2451,0,1782358657.3920374,0.0019991397857666016
23416,normal,2581,0,1782358657.3940134,0.00197601318359375
23417,normal,2236,0,1782358657.396036,0.0020225048065185547
23418,normal,2698,0,1782358657.3980353,0.001999378204345703
23419,normal,116,0,1782358657.4000125,0.001977205276489258
23420,normal,3701,0,1782358657.4020362,0.0020236968994140625
23421,normal,2625,0,1782358657.4042292,0.002192974090576172
23422,normal,482,0,1782358657.4060738,0.001844644546508789
23423,normal,3207,1,1782358657.4082284,0.0021545886993408203
23424,normal,2765,0,1782358657.410061,0.0018324851989746094
23425,normal,2383,0,1782358657.412216,0.0021550655364990234
23426,normal,418,0,1782358657.4142172,0.0020012855529785156
23427,normal,1747,0,1782358657.4160693,0.0018520355224609375
23428,normal,1252,0,1782358657.4182131,0.00214385986328125
23429,normal,174,0,1782358657.4202158,0.002002716064453125
23430,normal,1227,0,1782358657.422061,0.0018451213836669922
23431,normal,1038,0,1782358657.4242678,0.0022068023681640625
23432,normal,2800,0,1782358657.426295,0.002027273178100586
23433,normal,2037,0,1782358657.4280665,0.0017714500427246094
23434,normal,1769,0,1782358657.4303062,0.002239704132080078
23435,normal,1054,0,1782358657.432125,0.0018188953399658203
23436,normal,50,0,1782358657.434423,0.0022978782653808594
23437,normal,1434,0,1782358657.436117,0.0016939640045166016
23438,normal,2281,0,1782358657.438127,0.0020101070404052734
23439,normal,43,0,1782358657.440415,0.0022878646850585938
23440,normal,3677,0,1782358657.4420595,0.0016446113586425781
23441,normal,1166,0,1782358657.4443035,0.0022439956665039062
23442,normal,493,0,1782358657.4460983,0.0017948150634765625
23443,normal,3687,0,1782358657.448062,0.0019636154174804688
23444,normal,1289,0,1782358657.450219,0.002156972885131836
23445,normal,2747,0,1782358657.4520626,0.0018436908721923828
23446,normal,2475,0,1782358657.4540641,0.002001523971557617
23447,normal,1649,0,1782358657.4561284,0.002064228057861328
23448,normal,1201,0,1782358657.4582202,0.0020918846130371094
23449,normal,61,0,1782358657.4600618,0.0018415451049804688
23450,normal,2991,0,1782358657.4622135,0.0021517276763916016
23451,normal,704,0,1782358657.4640617,0.0018482208251953125
23452,normal,1401,0,1782358657.4660635,0.0020017623901367188
23453,normal,683,0,1782358657.4681654,0.002101898193359375
23454,normal,737,0,1782358657.4700606,0.0018951892852783203
23455,normal,382,0,1782358657.47206,0.001999378204345703
23456,normal,897,2,1782358657.474215,0.0021550655364990234
23457,normal,412,0,1782358657.476061,0.0018460750579833984
23458,normal,450,0,1782358657.4780626,0.002001523971557617
23459,normal,2082,0,1782358657.4800606,0.0019979476928710938
23460,normal,2592,0,1782358657.4822152,0.0021545886993408203
23461,normal,226,0,1782358657.484065,0.0018498897552490234
23462,normal,694,0,1782358657.4862149,0.002149820327758789
23463,normal,1683,0,1782358657.488061,0.0018460750579833984
23464,normal,3268,1,1782358657.4900608,0.0019998550415039062
23465,normal,3023,0,1782358657.492216,0.002155303955078125
23466,normal,2472,0,1782358657.4940634,0.0018472671508789062
23467,normal,241,0,1782358657.496061,0.001997709274291992
23468,normal,2598,0,1782358657.4980583,0.001997232437133789
23469,normal,1888,0,1782358657.500214,0.002155780792236328
23470,normal,419,0,1782358657.5020611,0.0018470287322998047
23471,normal,1654,0,1782358657.5042143,0.002153158187866211
23472,normal,842,2,1782358657.5060594,0.0018451213836669922
23473,normal,3226,1,1782358657.508061,0.002001523971557617
23474,normal,325,0,1782358657.51006,0.0019991397857666016
23475,normal,3303,1,1782358657.5122206,0.0021605491638183594
23476,normal,570,0,1782358657.5140598,0.0018391609191894531
23477,normal,2962,0,1782358657.5162146,0.002154827117919922
23478,normal,914,2,1782358657.5180857,0.0018711090087890625
23479,normal,2662,0,1782358657.52006,0.001974344253540039
23480,normal,1810,0,1782358657.5222137,0.002153635025024414
23481,normal,3308,1,1782358657.5240586,0.0018448829650878906
23482,normal,2735,0,1782358657.526061,0.0020024776458740234
23483,normal,808,2,1782358657.5282161,0.0021550655364990234
23484,normal,180,0,1782358657.5300584,0.0018422603607177734
23485,normal,3128,1,1782358657.5320609,0.0020024776458740234
23486,normal,2024,0,1782358657.5342147,0.0021538734436035156
23487,normal,2339,0,1782358657.5360608,0.0018460750579833984
23488,normal,1244,0,1782358657.5380628,0.0020020008087158203
23489,normal,1702,0,1782358657.5400612,0.001998424530029297
23490,normal,748,0,1782358657.5422149,0.002153635025024414
23491,normal,751,0,1782358657.5440617,0.0018467903137207031
23492,normal,1078,0,1782358657.5462174,0.002155780792236328
23493,normal,2503,0,1782358657.5480633,0.0018458366394042969
23494,normal,2802,0,1782358657.5500624,0.0019991397857666016
23495,normal,2433,0,1782358657.552062,0.0019996166229248047
23496,normal,2283,0,1782358657.5542169,0.002154827117919922
23497,normal,1037,0,1782358657.5560637,0.0018467903137207031
23498,normal,1799,0,1782358657.5582154,0.0021517276763916016
23499,normal,1951,0,1782358657.560062,0.0018465518951416016
23500,normal,395,0,1782358657.5620592,0.001997232437133789
23501,normal,75,0,1782358657.5640619,0.002002716064453125
23502,normal,967,2,1782358657.5662217,0.0021598339080810547
23503,normal,883,2,1782358657.5680606,0.0018389225006103516
23504,normal,2659,0,1782358657.5702157,0.0021550655364990234
23505,normal,1514,0,1782358657.57206,0.0018444061279296875
23506,normal,2627,0,1782358657.5740616,0.002001523971557617
23507,normal,3238,1,1782358657.5760617,0.002000093460083008
23508,normal,2729,0,1782358657.5782182,0.002156496047973633
23509,normal,2066,0,1782358657.5800633,0.0018451213836669922
23510,normal,1293,0,1782358657.5822153,0.002151966094970703
23511,normal,203,0,1782358657.5840628,0.0018475055694580078
23512,normal,1365,1,1782358657.5860622,0.001999378204345703
23513,normal,1336,1,1782358657.5882707,0.0022084712982177734
23514,normal,1232,0,1782358657.5900598,0.001789093017578125
23515,normal,181,0,1782358657.5920596,0.0019998550415039062
23516,normal,2845,0,1782358657.5940626,0.0020029544830322266
23517,normal,540,0,1782358657.596214,0.0021514892578125
23518,normal,1185,0,1782358657.5980613,0.0018472671508789062
23519,normal,1307,0,1782358657.6002142,0.0021529197692871094
23520,normal,1470,0,1782358657.6020606,0.0018463134765625
23521,normal,925,2,1782358657.6040633,0.002002716064453125
23522,normal,2210,0,1782358657.606062,0.0019986629486083984
23523,normal,1905,0,1782358657.6082127,0.0021507740020751953
23524,normal,2277,0,1782358657.6100605,0.0018477439880371094
23525,normal,233,0,1782358657.612216,0.0021555423736572266
23526,normal,3050,1,1782358657.6140594,0.0018434524536132812
23527,normal,1835,0,1782358657.6160595,0.002000093460083008
23528,normal,435,0,1782358657.618216,0.002156496047973633
23529,normal,1881,0,1782358657.6200616,0.0018455982208251953
23530,normal,2251,0,1782358657.622061,0.001999378204345703
23531,normal,1836,0,1782358657.6242175,0.002156496047973633
23532,normal,740,0,1782358657.6260793,0.0018618106842041016
23533,normal,2804,0,1782358657.62806,0.0019807815551757812
23534,normal,1120,0,1782358657.6300645,0.002004384994506836
23535,normal,2712,0,1782358657.6322138,0.002149343490600586
23536,normal,342,0,1782358657.6340597,0.0018458366394042969
23537,normal,1511,0,1782358657.6362138,0.002154111862182617
23538,normal,766,0,1782358657.6380596,0.0018458366394042969
23539,normal,1056,0,1782358657.6400676,0.0020079612731933594
23540,normal,3051,1,1782358657.6422136,0.002146005630493164
23541,normal,3657,0,1782358657.644087,0.0018734931945800781
23542,normal,2302,0,1782358657.6462297,0.002142667770385742
23543,normal,2376,0,1782358657.6480632,0.0018334388732910156
23544,normal,1033,0,1782358657.6502388,0.002175569534301758
23545,normal,658,0,1782358657.652064,0.0018253326416015625
23546,normal,328,0,1782358657.654224,0.0021598339080810547
23547,normal,3309,1,1782358657.6560833,0.001859426498413086
23548,normal,1694,0,1782358657.6582217,0.002138376235961914
23549,normal,1032,0,1782358657.6600847,0.0018630027770996094
23550,normal,1512,0,1782358657.662242,0.0021572113037109375
23551,normal,2684,0,1782358657.664065,0.0018229484558105469
23552,normal,3033,0,1782358657.6662984,0.0022335052490234375
23553,normal,2700,0,1782358657.668085,0.0017867088317871094
23554,normal,2797,0,1782358657.6702228,0.0021376609802246094
23555,normal,3008,0,1782358657.6720924,0.0018696784973144531
23556,normal,2030,0,1782358657.6742387,0.0021462440490722656
23557,normal,793,2,1782358657.6760662,0.0018274784088134766
23558,normal,3524,0,1782358657.6783035,0.0022373199462890625
23559,normal,2848,0,1782358657.6800828,0.001779317855834961
23560,normal,712,0,1782358657.6822224,0.002139568328857422
23561,normal,2439,0,1782358657.6840842,0.0018618106842041016
23562,normal,338,0,1782358657.686236,0.0021517276763916016
23563,normal,3335,1,1782358657.6880665,0.0018305778503417969
23564,normal,3425,0,1782358657.6903033,0.0022368431091308594
23565,normal,1826,0,1782358657.6920853,0.0017819404602050781
23566,normal,1620,0,1782358657.6942234,0.0021381378173828125
23567,normal,2894,0,1782358657.696084,0.0018606185913085938
23568,normal,611,0,1782358657.698241,0.002156972885131836
23569,normal,490,0,1782358657.700062,0.0018210411071777344
23570,normal,2969,0,1782358657.7023149,0.002252817153930664
23571,normal,310,0,1782358657.7040837,0.0017688274383544922
23572,normal,3559,0,1782358657.7062263,0.002142667770385742
23573,normal,1975,0,1782358657.7080643,0.0018379688262939453
23574,normal,1778,0,1782358657.7102385,0.0021741390228271484
23575,normal,2361,0,1782358657.7120643,0.0018258094787597656
23576,normal,440,0,1782358657.714317,0.002252817153930664
23577,normal,2926,0,1782358657.7160866,0.0017695426940917969
23578,normal,3059,1,1782358657.7182186,0.002131938934326172
23579,normal,3115,1,1782358657.7200825,0.0018639564514160156
23580,normal,3192,1,1782358657.72224,0.002157449722290039
23581,normal,524,0,1782358657.7240648,0.0018248558044433594
23582,normal,2282,0,1782358657.726323,0.0022580623626708984
23583,normal,926,2,1782358657.7280834,0.0017604827880859375
23584,normal,2639,0,1782358657.7302232,0.0021398067474365234
23585,normal,2330,0,1782358657.7320874,0.0018641948699951172
23586,normal,2549,0,1782358657.73424,0.002152681350708008
23587,normal,882,2,1782358657.7360637,0.0018236637115478516
23588,normal,3102,1,1782358657.73833,0.0022661685943603516
23589,normal,3283,1,1782358657.7400844,0.0017545223236083984
23590,normal,631,0,1782358657.7422204,0.0021359920501708984
23591,normal,475,0,1782358657.7441173,0.0018968582153320312
23592,normal,1742,0,1782358657.7462676,0.002150297164916992
23593,normal,3474,0,1782358657.748065,0.0017974376678466797
23594,normal,1988,0,1782358657.7502208,0.002155780792236328
23595,normal,2754,0,1782358657.7520847,0.0018639564514160156
23596,normal,1431,0,1782358657.7542226,0.002137899398803711
23597,normal,2269,0,1782358657.7560828,0.0018601417541503906
23598,normal,3227,1,1782358657.7582374,0.0021545886993408203
23599,normal,2813,0,1782358657.7600644,0.0018270015716552734
23600,normal,1214,0,1782358657.7623372,0.0022728443145751953
23601,normal,2559,0,1782358657.7640827,0.001745462417602539
23602,normal,1403,0,1782358657.7662287,0.002146005630493164
23603,normal,2161,0,1782358657.7680867,0.0018579959869384766
23604,normal,413,0,1782358657.7702389,0.0021522045135498047
23605,normal,3491,0,1782358657.772064,0.001825094223022461
23606,normal,1993,0,1782358657.7742226,0.002158641815185547
23607,normal,3274,1,1782358657.7760844,0.0018618106842041016
23608,normal,1300,0,1782358657.778222,0.0021376609802246094
23609,normal,2404,0,1782358657.7803483,0.0021262168884277344
23610,normal,451,0,1782358657.7820835,0.0017352104187011719
23611,normal,76,0,1782358657.7842247,0.002141237258911133
23612,normal,3481,0,1782358657.7860613,0.001836538314819336
23613,normal,130,0,1782358657.7882848,0.002223491668701172
23614,normal,840,2,1782358657.7900631,0.0017783641815185547
23615,normal,1718,0,1782358657.792348,0.0022847652435302734
23616,normal,526,0,1782358657.7940872,0.0017392635345458984
23617,normal,82,0,1782358657.7962198,0.0021326541900634766
23618,normal,2071,0,1782358657.7983534,0.002133607864379883
23619,normal,874,2,1782358657.8000839,0.0017304420471191406
23620,normal,515,0,1782358657.8022258,0.0021419525146484375
23621,normal,1009,2,1782358657.8042202,0.0019943714141845703
23622,normal,1416,0,1782358657.806083,0.0018627643585205078
23623,normal,72,0,1782358657.8082283,0.0021452903747558594
23624,normal,1484,0,1782358657.8100839,0.001855611801147461
23625,normal,2578,0,1782358657.81227,0.0021860599517822266
23626,normal,1141,0,1782358657.8140619,0.0017919540405273438
23627,normal,1498,0,1782358657.8162308,0.002168893814086914
23628,normal,1779,0,1782358657.8180838,0.0018529891967773438
23629,normal,710,0,1782358657.8202233,0.002139568328857422
23630,normal,103,0,1782358657.8220842,0.0018608570098876953
23631,normal,1204,0,1782358657.824237,0.0021529197692871094
23632,normal,3570,0,1782358657.8260617,0.0018246173858642578
23633,normal,1432,0,1782358657.8282406,0.0021789073944091797
23634,normal,3280,1,1782358657.8300874,0.0018467903137207031
23635,normal,1392,0,1782358657.8322222,0.0021347999572753906
23636,normal,984,2,1782358657.8342686,0.002046346664428711
23637,normal,706,0,1782358657.8360844,0.0018157958984375
23638,normal,452,0,1782358657.8382256,0.002141237258911133
23639,normal,1542,0,1782358657.8400836,0.0018579959869384766
23640,normal,1731,0,1782358657.8422387,0.0021550655364990234
23641,normal,1526,0,1782358657.844062,0.00182342529296875
23642,normal,688,0,1782358657.8462741,0.002212047576904297
23643,normal,357,0,1782358657.848084,0.001809835433959961
23644,normal,2495,0,1782358657.850231,0.0021469593048095703
23645,normal,3616,0,1782358657.852277,0.0020461082458496094
23646,normal,1165,0,1782358657.8540828,0.0018057823181152344
23647,normal,2173,0,1782358657.8562243,0.0021414756774902344
23648,normal,1028,2,1782358657.8582802,0.0020558834075927734
23649,normal,1045,0,1782358657.8600833,0.0018031597137451172
23650,normal,3709,0,1782358657.862226,0.002142667770385742
23651,normal,1752,0,1782358657.864281,0.002054929733276367
23652,normal,3426,0,1782358657.866085,0.0018041133880615234
23653,normal,240,0,1782358657.868222,0.0021369457244873047
23654,normal,168,0,1782358657.870241,0.0020189285278320312
23655,normal,1058,0,1782358657.872084,0.0018429756164550781
23656,normal,448,0,1782358657.8742251,0.002141237258911133
23657,normal,1646,0,1782358657.8762858,0.0020606517791748047
23658,normal,1692,0,1782358657.8780847,0.001798868179321289
23659,normal,3332,1,1782358657.8802726,0.002187967300415039
23660,normal,3369,1,1782358657.8821056,0.0018329620361328125
23661,normal,825,2,1782358657.884084,0.0019783973693847656
23662,normal,2103,0,1782358657.886219,0.002135038375854492
23663,normal,867,2,1782358657.8880832,0.0018641948699951172
23664,normal,2882,0,1782358657.8902123,0.002129077911376953
23665,normal,2008,0,1782358657.8920221,0.001809835433959961
23666,normal,905,2,1782358657.89404,0.002017974853515625
23667,normal,3541,0,1782358657.8960886,0.002048492431640625
23668,normal,36,0,1782358657.8982213,0.0021326541900634766
23669,normal,1633,0,1782358657.9002233,0.0020020008087158203
23670,normal,2571,0,1782358657.9020877,0.0018644332885742188
23671,normal,3210,1,1782358657.904199,0.002111196517944336
23672,normal,3209,1,1782358657.906274,0.0020751953125
23673,normal,3349,1,1782358657.9080904,0.0018162727355957031
23674,normal,2148,0,1782358657.910224,0.002133607864379883
23675,normal,3214,1,1782358657.9123013,0.002077341079711914
23676,normal,1487,0,1782358657.9140847,0.0017833709716796875
23677,normal,200,0,1782358657.91622,0.0021352767944335938
23678,normal,2090,0,1782358657.9183054,0.002085447311401367
23679,normal,1226,0,1782358657.9200833,0.0017778873443603516
23680,normal,1258,0,1782358657.9222217,0.002138376235961914
23681,normal,1647,0,1782358657.9242413,0.002019643783569336
23682,normal,1465,0,1782358657.9260843,0.0018429756164550781
23683,normal,2307,0,1782358657.9282405,0.0021562576293945312
23684,normal,3602,0,1782358657.9300854,0.0018448829650878906
23685,normal,2585,0,1782358657.932236,0.0021505355834960938
23686,normal,2908,0,1782358657.9341617,0.0019257068634033203
23687,normal,290,0,1782358657.9362366,0.0020749568939208984
23688,normal,2850,0,1782358657.9380832,0.0018465518951416016
23689,normal,3532,0,1782358657.9402194,0.00213623046875
23690,normal,2375,0,1782358657.9420629,0.0018434524536132812
23691,normal,3122,1,1782358657.9442687,0.0022058486938476562
23692,normal,3037,0,1782358657.9460642,0.0017955303192138672
23693,normal,2002,0,1782358657.9483156,0.0022513866424560547
23694,normal,999,2,1782358657.950085,0.0017693042755126953
23695,normal,311,0,1782358657.9522223,0.002137422561645508
23696,normal,2333,0,1782358657.9543202,0.0020978450775146484
23697,normal,3489,0,1782358657.956083,0.0017628669738769531
23698,normal,2884,0,1782358657.9582236,0.002140522003173828
23699,normal,3142,1,1782358657.960084,0.0018603801727294922
23700,normal,530,0,1782358657.9622386,0.0021545886993408203
23701,normal,670,0,1782358657.9642146,0.00197601318359375
23702,normal,1815,0,1782358657.9660745,0.001859903335571289
23703,normal,1326,1,1782358657.968062,0.001987457275390625
23704,normal,1069,0,1782358657.9700446,0.0019826889038085938
23705,normal,2877,0,1782358657.9720786,0.0020339488983154297
23706,normal,1263,0,1782358657.974266,0.002187490463256836
23707,normal,2836,0,1782358657.9760032,0.0017371177673339844
23708,normal,716,0,1782358657.9782221,0.002218961715698242
23709,normal,1518,0,1782358657.9800284,0.0018062591552734375
23710,normal,2717,0,1782358657.9822233,0.0021948814392089844
23711,normal,143,0,1782358657.9842253,0.0020020008087158203
23712,normal,2180,0,1782358657.986087,0.0018618106842041016
23713,normal,734,0,1782358657.9882236,0.0021364688873291016
23714,normal,1190,0,1782358657.9900677,0.001844167709350586
23715,normal,3279,1,1782358657.9920876,0.0020198822021484375
23716,normal,1970,0,1782358657.9942267,0.0021390914916992188
23717,normal,1922,0,1782358657.9960854,0.0018587112426757812
23718,normal,2562,0,1782358657.9982715,0.0021860599517822266
23719,normal,427,0,1782358658.0002258,0.001954317092895508
23720,normal,2491,0,1782358658.0020676,0.0018417835235595703
23721,normal,3217,1,1782358658.00424,0.0021724700927734375
23722,normal,3643,0,1782358658.0060685,0.0018284320831298828
23723,normal,536,0,1782358658.0083408,0.002272367477416992
23724,normal,1003,2,1782358658.0100906,0.0017497539520263672
23725,normal,917,2,1782358658.0122228,0.0021321773529052734
23726,normal,507,0,1782358658.0140877,0.0018649101257324219
23727,normal,2337,0,1782358658.0162416,0.0021538734436035156
23728,normal,2677,0,1782358658.0180664,0.0018248558044433594
23729,normal,720,0,1782358658.020346,0.002279520034790039
23730,normal,2978,0,1782358658.022089,0.0017430782318115234
23731,normal,3300,1,1782358658.024224,0.002135038375854492
23732,normal,2106,0,1782358658.0260894,0.001865386962890625
23733,normal,2362,0,1782358658.0282705,0.0021810531616210938
23734,normal,711,0,1782358658.0300672,0.001796722412109375
23735,normal,1343,1,1782358658.0324545,0.0023872852325439453
23736,normal,3651,0,1782358658.0342875,0.0018329620361328125
23737,normal,3119,1,1782358658.0360682,0.0017807483673095703
23738,normal,1207,0,1782358658.0382257,0.002157449722290039
23739,normal,3012,0,1782358658.0400865,0.0018608570098876953
23740,normal,1286,0,1782358658.0422258,0.0021393299102783203
23741,normal,3406,0,1782358658.0440643,0.0018384456634521484
23742,normal,228,0,1782358658.0462964,0.002232074737548828
23743,normal,1345,1,1782358658.0480707,0.0017743110656738281
23744,normal,1447,0,1782358658.050337,0.002266407012939453
23745,normal,3462,0,1782358658.0520859,0.001748800277709961
23746,normal,3161,1,1782358658.0542264,0.002140522003173828
23747,normal,916,2,1782358658.056222,0.001995563507080078
23748,normal,1475,0,1782358658.0580866,0.0018646717071533203
23749,normal,3346,1,1782358658.0602257,0.0021390914916992188
23750,normal,1838,0,1782358658.0622861,0.002060413360595703
23751,normal,108,0,1782358658.0640907,0.0018045902252197266
23752,normal,3387,1,1782358658.066229,0.002138376235961914
23753,normal,1087,0,1782358658.068274,0.0020449161529541016
23754,normal,2377,0,1782358658.070086,0.001811981201171875
23755,normal,2232,0,1782358658.0722246,0.0021386146545410156
23756,normal,2448,0,1782358658.074241,0.002016305923461914
23757,normal,676,0,1782358658.076086,0.0018451213836669922
23758,normal,201,0,1782358658.0782225,0.0021364688873291016
23759,normal,2486,0,1782358658.0802708,0.0020482540130615234
23760,normal,1566,0,1782358658.082088,0.0018172264099121094
23761,normal,1108,0,1782358658.0842261,0.0021381378173828125
23762,normal,1790,0,1782358658.0862694,0.0020432472229003906
23763,normal,222,0,1782358658.0880847,0.0018153190612792969
23764,normal,2219,0,1782358658.090223,0.002138376235961914
23765,normal,291,0,1782358658.0922937,0.0020706653594970703
23766,normal,3374,1,1782358658.0940843,0.0017905235290527344
23767,normal,65,0,1782358658.0962243,0.002140045166015625
23768,normal,1327,1,1782358658.0982745,0.002050161361694336
23769,normal,3424,0,1782358658.1000843,0.001809835433959961
23770,normal,1591,0,1782358658.1022243,0.002140045166015625
23771,normal,2564,0,1782358658.104277,0.0020525455474853516
23772,normal,1843,0,1782358658.106084,0.0018072128295898438
23773,normal,1586,0,1782358658.1082249,0.0021407604217529297
23774,normal,973,2,1782358658.1102316,0.0020067691802978516
23775,normal,3623,0,1782358658.1120844,0.0018527507781982422
23776,normal,2910,0,1782358658.1142256,0.002141237258911133
23777,normal,2629,0,1782358658.1162252,0.0019996166229248047
23778,normal,1233,0,1782358658.1180868,0.001861572265625
23779,normal,1388,0,1782358658.1202269,0.002140045166015625
23780,normal,3127,1,1782358658.122287,0.0020601749420166016
23781,normal,545,0,1782358658.1240852,0.0017981529235839844
23782,normal,3448,0,1782358658.1262243,0.0021390914916992188
23783,normal,2036,0,1782358658.128291,0.0020666122436523438
23784,normal,1020,2,1782358658.1300828,0.0017919540405273438
23785,normal,1449,0,1782358658.1322289,0.002146005630493164
23786,normal,3243,1,1782358658.1340656,0.0018367767333984375
23787,normal,522,0,1782358658.1362677,0.0022020339965820312
23788,normal,3189,1,1782358658.1380708,0.0018031597137451172
23789,normal,2844,0,1782358658.1402223,0.0021514892578125
23790,normal,2345,0,1782358658.1420865,0.0018641948699951172
23791,normal,3146,1,1782358658.1442232,0.002136707305908203
23792,normal,3515,0,1782358658.1460896,0.0018663406372070312
23793,normal,3449,0,1782358658.1482632,0.0021736621856689453
23794,normal,3706,0,1782358658.1500688,0.0018055438995361328
23795,normal,1814,0,1782358658.1523004,0.002231597900390625
23796,normal,3376,1,1782358658.154083,0.0017826557159423828
23797,normal,387,0,1782358658.156229,0.002146005630493164
23798,normal,2104,0,1782358658.158221,0.0019919872283935547
23799,normal,1798,0,1782358658.1600854,0.0018644332885742188
23800,normal,3247,1,1782358658.1622262,0.0021407604217529297
23801,normal,3105,1,1782358658.1643057,0.002079486846923828
23802,normal,265,0,1782358658.166086,0.0017802715301513672
23803,normal,1723,0,1782358658.168229,0.0021431446075439453
23804,normal,1611,0,1782358658.170085,0.0018558502197265625
23805,normal,1213,0,1782358658.1722405,0.0021555423736572266
23806,normal,3599,0,1782358658.1740866,0.0018460750579833984
23807,normal,579,0,1782358658.176314,0.0022275447845458984
23808,normal,600,0,1782358658.1780884,0.0017743110656738281
23809,normal,3609,0,1782358658.1802344,0.002146005630493164
23810,normal,2568,0,1782358658.1821327,0.0018982887268066406
23811,normal,929,2,1782358658.1843326,0.002199888229370117
23812,normal,2233,0,1782358658.1861308,0.0017981529235839844
23813,normal,2479,0,1782358658.1884527,0.002321958541870117
23814,normal,3004,0,1782358658.1901186,0.0016658306121826172
23815,normal,2368,0,1782358658.1923132,0.002194643020629883
23816,normal,1096,0,1782358658.1941302,0.0018169879913330078
23817,normal,1325,1,1782358658.196424,0.002293825149536133
23818,normal,928,2,1782358658.1981356,0.0017116069793701172
23819,normal,865,2,1782358658.2004368,0.0023012161254882812
23820,normal,2626,0,1782358658.2021182,0.0016813278198242188
23821,normal,599,0,1782358658.2044384,0.0023202896118164062
23822,normal,900,2,1782358658.2061627,0.0017242431640625
23823,normal,1955,0,1782358658.2084274,0.002264738082885742
23824,normal,317,0,1782358658.2101417,0.0017142295837402344
23825,normal,1525,0,1782358658.2124503,0.0023086071014404297
23826,normal,3341,1,1782358658.214118,0.0016677379608154297
23827,normal,3118,1,1782358658.2164447,0.0023267269134521484
23828,normal,1382,0,1782358658.2181597,0.001714944839477539
23829,normal,1926,0,1782358658.2204382,0.002278566360473633
23830,normal,1940,0,1782358658.222148,0.0017096996307373047
23831,normal,1025,2,1782358658.2244487,0.002300739288330078
23832,normal,2762,0,1782358658.2261193,0.0016705989837646484
23833,normal,2732,0,1782358658.2284524,0.0023331642150878906
23834,normal,107,0,1782358658.230151,0.0016984939575195312
23835,normal,2513,0,1782358658.232429,0.0022780895233154297
23836,normal,3064,1,1782358658.2341516,0.001722574234008789
23837,normal,965,2,1782358658.2364514,0.002299785614013672
23838,normal,516,0,1782358658.238121,0.0016696453094482422
23839,normal,3693,0,1782358658.2404552,0.002334117889404297
23840,normal,1376,1,1782358658.24226,0.0018048286437988281
23841,normal,2658,0,1782358658.2443223,0.0020623207092285156
23842,normal,1128,0,1782358658.2462997,0.0019774436950683594
23843,normal,2648,0,1782358658.2482986,0.0019989013671875
23844,normal,895,2,1782358658.2502706,0.0019719600677490234
23845,normal,2170,0,1782358658.2521598,0.0018892288208007812
23846,normal,1180,0,1782358658.2544148,0.002254962921142578
23847,normal,1571,0,1782358658.2561183,0.001703500747680664
23848,normal,3333,1,1782358658.2584724,0.002354145050048828
23849,normal,511,0,1782358658.2601573,0.0016849040985107422
23850,normal,669,0,1782358658.2624347,0.002277374267578125
23851,normal,1638,0,1782358658.264163,0.0017282962799072266
23852,normal,2285,0,1782358658.2664223,0.0022592544555664062
23853,normal,2152,0,1782358658.268117,0.0016946792602539062
23854,normal,1786,0,1782358658.2704642,0.002347230911254883
23855,normal,1738,0,1782358658.272119,0.0016548633575439453
23856,normal,1228,0,1782358658.2744257,0.002306699752807617
23857,normal,3655,0,1782358658.2761674,0.001741647720336914
23858,normal,364,0,1782358658.2784123,0.0022449493408203125
23859,normal,1553,0,1782358658.280119,0.0017066001892089844
23860,normal,1355,1,1782358658.2824688,0.002349853515625
23861,normal,2112,0,1782358658.284172,0.0017032623291015625
23862,normal,212,0,1782358658.2864206,0.002248525619506836
23863,normal,2108,0,1782358658.288172,0.0017514228820800781
23864,normal,1452,0,1782358658.2904234,0.0022513866424560547
23865,normal,1374,1,1782358658.2921197,0.0016963481903076172
23866,normal,3704,0,1782358658.2944782,0.0023584365844726562
23867,normal,1999,0,1782358658.2961192,0.0016410350799560547
23868,normal,3324,1,1782358658.298424,0.0023047924041748047
23869,normal,2392,0,1782358658.300173,0.0017490386962890625
23870,normal,2126,0,1782358658.3023608,0.0021877288818359375
23871,normal,1781,0,1782358658.3042703,0.001909494400024414
23872,normal,6,0,1782358658.3061705,0.0019001960754394531
23873,normal,2601,0,1782358658.3084033,0.002232789993286133
23874,normal,1961,0,1782358658.3101168,0.0017135143280029297
23875,normal,2815,0,1782358658.3124866,0.0023698806762695312
23876,normal,1682,0,1782358658.3141024,0.001615762710571289
23877,normal,2158,0,1782358658.3160834,0.001981019973754883
23878,normal,2529,0,1782358658.318452,0.002368450164794922
23879,normal,137,0,1782358658.3201122,0.0016603469848632812
23880,normal,2669,0,1782358658.3224347,0.0023224353790283203
23881,normal,3076,1,1782358658.3242652,0.0018305778503417969
23882,normal,2995,0,1782358658.3260443,0.0017790794372558594
23883,normal,2614,0,1782358658.3280394,0.001995086669921875
23884,normal,2980,0,1782358658.3300452,0.0020058155059814453
23885,normal,3468,0,1782358658.3322713,0.002226114273071289
23886,normal,2192,0,1782358658.33405,0.0017786026000976562
23887,normal,1917,0,1782358658.3364158,0.0023658275604248047
23888,normal,1855,0,1782358658.3382215,0.0018057823181152344
23889,normal,1438,0,1782358658.3401024,0.0018808841705322266
23890,normal,3135,1,1782358658.342071,0.0019686222076416016
23891,normal,1261,0,1782358658.3442779,0.0022068023681640625
23892,normal,1301,0,1782358658.3460875,0.0018095970153808594
23893,normal,1994,0,1782358658.348276,0.002188444137573242
23894,normal,2950,0,1782358658.3501024,0.0018265247344970703
23895,normal,933,2,1782358658.352077,0.0019745826721191406
23896,normal,3159,1,1782358658.3542345,0.002157449722290039
23897,normal,2759,0,1782358658.3563454,0.0021109580993652344
23898,normal,1618,0,1782358658.3582313,0.0018858909606933594
23899,normal,1839,0,1782358658.3600798,0.001848459243774414
23900,normal,1981,0,1782358658.3622286,0.002148866653442383
23901,normal,844,2,1782358658.3640857,0.0018570423126220703
23902,normal,2596,0,1782358658.3662376,0.002151966094970703
23903,normal,414,0,1782358658.3682299,0.0019922256469726562
23904,normal,2972,0,1782358658.370111,0.0018811225891113281
23905,normal,1282,0,1782358658.372238,0.002126932144165039
23906,normal,1284,0,1782358658.3742397,0.0020017623901367188
23907,normal,3184,1,1782358658.3760922,0.0018525123596191406
23908,normal,535,0,1782358658.3782783,0.0021860599517822266
23909,normal,3624,0,1782358658.380117,0.00183868408203125
23910,normal,1346,1,1782358658.3822758,0.0021588802337646484
23911,normal,2311,0,1782358658.384139,0.001863241195678711
23912,normal,660,0,1782358658.3863213,0.0021822452545166016
23913,normal,673,0,1782358658.3881326,0.0018112659454345703
23914,normal,3606,0,1782358658.3903172,0.002184629440307617
23915,normal,2925,0,1782358658.3923965,0.0020792484283447266
23916,normal,1269,0,1782358658.3941371,0.0017406940460205078
23917,normal,1118,0,1782358658.3964086,0.002271413803100586
23918,normal,976,2,1782358658.398122,0.0017135143280029297
23919,normal,2202,0,1782358658.4004254,0.0023033618927001953
23920,normal,1066,0,1782358658.4021134,0.0016880035400390625
23921,normal,1706,0,1782358658.4043386,0.002225160598754883
23922,normal,211,0,1782358658.406216,0.0018773078918457031
23923,normal,3458,0,1782358658.4083092,0.0020933151245117188
23924,normal,2641,0,1782358658.4102643,0.0019550323486328125
23925,normal,3686,0,1782358658.4123187,0.002054452896118164
23926,normal,3445,0,1782358658.4142947,0.00197601318359375
23927,normal,2620,0,1782358658.4163206,0.0020258426666259766
23928,normal,2602,0,1782358658.418283,0.001962423324584961
23929,normal,2408,0,1782358658.42013,0.0018470287322998047
23930,normal,2999,0,1782358658.422428,0.0022978782653808594
23931,normal,397,0,1782358658.4241192,0.0016913414001464844
23932,normal,2497,0,1782358658.4264364,0.002317190170288086
23933,normal,1240,0,1782358658.4281201,0.0016837120056152344
23934,normal,548,0,1782358658.4304278,0.0023076534271240234
23935,normal,3592,0,1782358658.4321353,0.0017075538635253906
23936,normal,2270,0,1782358658.4344225,0.002287149429321289
23937,normal,2216,0,1782358658.4361217,0.001699209213256836
23938,normal,1606,0,1782358658.4384441,0.0023224353790283203
23939,normal,171,0,1782358658.4401164,0.0016722679138183594
23940,normal,759,0,1782358658.4424171,0.002300739288330078
23941,normal,2237,0,1782358658.444138,0.0017209053039550781
23942,normal,863,2,1782358658.4463308,0.0021927356719970703
23943,normal,1011,2,1782358658.4483278,0.0019969940185546875
23944,normal,1492,0,1782358658.450141,0.0018131732940673828
23945,normal,269,0,1782358658.4523652,0.0022242069244384766
23946,normal,1767,0,1782358658.4542668,0.0019016265869140625
23947,normal,2092,0,1782358658.45614,0.0018732547760009766
23948,normal,797,2,1782358658.4584146,0.0022745132446289062
23949,normal,1729,0,1782358658.4601166,0.0017020702362060547
23950,normal,3190,1,1782358658.4624515,0.0023348331451416016
23951,normal,1027,2,1782358658.4641151,0.0016636848449707031
23952,normal,2966,0,1782358658.4664261,0.0023109912872314453
23953,normal,2287,0,1782358658.4681463,0.0017201900482177734
23954,normal,1318,0,1782358658.4703422,0.0021958351135253906
23955,normal,1041,0,1782358658.4722729,0.0019307136535644531
23956,normal,349,0,1782358658.474153,0.0018801689147949219
23957,normal,102,0,1782358658.476411,0.0022580623626708984
23958,normal,1534,0,1782358658.47812,0.001708984375
23959,normal,216,0,1782358658.4804451,0.0023250579833984375
23960,normal,609,0,1782358658.4821205,0.0016753673553466797
23961,normal,3432,0,1782358658.484416,0.0022954940795898438
23962,normal,2349,0,1782358658.4861567,0.0017406940460205078
23963,normal,3273,1,1782358658.4884565,0.002299785614013672
23964,normal,2794,0,1782358658.4901202,0.0016636848449707031
23965,normal,1167,0,1782358658.4924552,0.002335071563720703
23966,normal,3113,1,1782358658.494161,0.0017056465148925781
23967,normal,2590,0,1782358658.4964132,0.002252340316772461
23968,normal,1541,0,1782358658.498163,0.0017497539520263672
23969,normal,652,0,1782358658.5004017,0.002238750457763672
23970,normal,101,0,1782358658.5021203,0.0017185211181640625
23971,normal,625,0,1782358658.5044568,0.0023365020751953125
23972,normal,2316,0,1782358658.506118,0.0016613006591796875
23973,normal,833,2,1782358658.5084205,0.002302408218383789
23974,normal,2364,0,1782358658.510167,0.0017464160919189453
23975,normal,2715,0,1782358658.5124624,0.0022954940795898438
23976,normal,134,0,1782358658.514121,0.0016586780548095703
23977,normal,2584,0,1782358658.5164676,0.002346515655517578
23978,normal,2213,0,1782358658.5181174,0.0016498565673828125
23979,normal,3410,0,1782358658.5204275,0.002310037612915039
23980,normal,1428,0,1782358658.5221703,0.0017428398132324219
23981,normal,604,0,1782358658.5244062,0.002235889434814453
23982,normal,807,2,1782358658.52612,0.0017137527465820312
23983,normal,628,0,1782358658.528463,0.0023429393768310547
23984,normal,3585,0,1782358658.5301168,0.001653909683227539
23985,normal,2421,0,1782358658.5324218,0.0023050308227539062
23986,normal,251,0,1782358658.5341747,0.0017528533935546875
23987,normal,296,0,1782358658.5363216,0.0021469593048095703
23988,normal,1601,0,1782358658.5382648,0.0019431114196777344
23989,normal,3254,1,1782358658.5401742,0.001909494400024414
23990,normal,948,2,1782358658.5422873,0.0021131038665771484
23991,normal,51,0,1782358658.5442622,0.001974821090698242
23992,normal,826,2,1782358658.5463843,0.002122163772583008
23993,normal,2927,0,1782358658.5483131,0.0019288063049316406
23994,normal,1903,0,1782358658.5502975,0.0019843578338623047
23995,normal,3498,0,1782358658.5523202,0.0020227432250976562
23996,normal,1796,0,1782358658.5542989,0.001978635787963867
23997,normal,2561,0,1782358658.5562768,0.0019779205322265625
23998,normal,1052,0,1782358658.558183,0.0019061565399169922
23999,normal,2146,0,1782358658.5604095,0.002226591110229492
24000,normal,1568,0,1782358658.5621195,0.0017099380493164062
24001,normal,906,2,1782358658.5644774,0.002357959747314453
24002,normal,1784,0,1782358658.566189,0.0017116069793701172
24003,normal,1949,0,1782358658.5684166,0.0022275447845458984
24004,normal,2542,0,1782358658.57018,0.0017633438110351562
24005,normal,1909,0,1782358658.5724087,0.0022287368774414062
24006,normal,2489,0,1782358658.5741212,0.0017125606536865234
24007,normal,1223,0,1782358658.5764802,0.0023589134216308594
24008,normal,2565,0,1782358658.5781958,0.0017156600952148438
24009,normal,2766,0,1782358658.5804205,0.0022246837615966797
24010,normal,3487,0,1782358658.5821836,0.0017631053924560547
24011,normal,152,0,1782358658.584332,0.0021483898162841797
24012,normal,1035,0,1782358658.5862794,0.0019474029541015625
24013,normal,1788,0,1782358658.5881836,0.0019042491912841797
24014,normal,3315,1,1782358658.5901198,0.001936197280883789
24015,normal,1944,0,1782358658.592316,0.002196073532104492
24016,normal,2527,0,1782358658.5941176,0.0018017292022705078
24017,normal,495,0,1782358658.596341,0.0022232532501220703
24018,normal,2833,0,1782358658.5982833,0.0019423961639404297
24019,normal,299,0,1782358658.6001813,0.001898050308227539
24020,normal,198,0,1782358658.602334,0.002152681350708008
24021,normal,3598,0,1782358658.6042554,0.0019214153289794922
24022,normal,633,0,1782358658.606189,0.0019335746765136719
24023,normal,804,2,1782358658.6084142,0.002225160598754883
24024,normal,3574,0,1782358658.6101196,0.0017054080963134766
24025,normal,1549,0,1782358658.6124887,0.0023691654205322266
24026,normal,1821,0,1782358658.61412,0.0016312599182128906
24027,normal,3148,1,1782358658.6164231,0.0023031234741210938
24028,normal,528,0,1782358658.6181853,0.0017621517181396484
24029,normal,1259,0,1782358658.6203392,0.0021538734436035156
24030,normal,340,0,1782358658.6223252,0.0019860267639160156
24031,normal,1398,0,1782358658.6241515,0.0018262863159179688
24032,normal,3028,0,1782358658.6264198,0.0022683143615722656
24033,normal,1211,0,1782358658.6281183,0.0016984939575195312
24034,normal,1488,0,1782358658.6304257,0.002307415008544922
24035,normal,3620,0,1782358658.632259,0.001833200454711914
24036,normal,3499,0,1782358658.6342971,0.002038240432739258
24037,normal,3486,0,1782358658.6362658,0.0019686222076416016
24038,normal,2029,0,1782358658.6383555,0.0020897388458251953
24039,normal,22,0,1782358658.640269,0.0019135475158691406
24040,normal,964,2,1782358658.6421237,0.0018546581268310547
24041,normal,2266,0,1782358658.644416,0.0022923946380615234
24042,normal,693,0,1782358658.6461194,0.0017032623291015625
24043,normal,1765,0,1782358658.648471,0.0023517608642578125
24044,normal,3453,0,1782358658.6502676,0.0017964839935302734
24045,normal,1076,0,1782358658.6523037,0.0020360946655273438
24046,normal,1158,0,1782358658.654272,0.0019683837890625
24047,normal,1859,0,1782358658.6564226,0.0021505355834960938
24048,normal,946,2,1782358658.6581197,0.0016970634460449219
24049,normal,157,0,1782358658.6604354,0.0023157596588134766
24050,normal,1892,0,1782358658.6622674,0.0018320083618164062
24051,normal,1169,0,1782358658.6643047,0.0020372867584228516
24052,normal,2384,0,1782358658.6662765,0.001971721649169922
24053,normal,2242,0,1782358658.6684089,0.002132415771484375
24054,normal,1005,2,1782358658.6701238,0.001714944839477539
24055,normal,445,0,1782358658.6724474,0.002323627471923828
24056,normal,3221,1,1782358658.6742637,0.0018162727355957031
24057,normal,1489,0,1782358658.6762993,0.0020356178283691406
24058,normal,2843,0,1782358658.678281,0.0019817352294921875
24059,normal,1691,0,1782358658.6804178,0.002136707305908203
24060,normal,1632,0,1782358658.682122,0.0017042160034179688
24061,normal,1408,0,1782358658.6844318,0.0023097991943359375
24062,normal,1604,0,1782358658.6861734,0.001741647720336914
24063,normal,2248,0,1782358658.6884253,0.002251863479614258
24064,normal,1748,0,1782358658.6901445,0.0017192363739013672
24065,normal,713,0,1782358658.6924207,0.002276182174682617
24066,normal,755,0,1782358658.6941338,0.0017130374908447266
24067,normal,3041,0,1782358658.6961236,0.0019898414611816406
24068,normal,1879,0,1782358658.6984248,0.0023012161254882812
24069,normal,1726,0,1782358658.700119,0.0016942024230957031
24070,normal,1592,0,1782358658.7024527,0.0023336410522460938
24071,normal,3545,0,1782358658.7042675,0.0018148422241210938
24072,normal,2317,0,1782358658.706316,0.002048492431640625
24073,normal,2572,0,1782358658.7082927,0.0019767284393310547
24074,normal,2678,0,1782358658.7104216,0.0021288394927978516
24075,normal,1099,0,1782358658.7121177,0.0016961097717285156
24076,normal,1914,0,1782358658.7144563,0.0023386478424072266
24077,normal,1883,0,1782358658.716266,0.0018095970153808594
24078,normal,918,2,1782358658.7183063,0.002040386199951172
24079,normal,1924,0,1782358658.720297,0.001990795135498047
24080,normal,2690,0,1782358658.7224143,0.002117156982421875
24081,normal,1341,1,1782358658.724113,0.0016987323760986328
24082,normal,3394,1,1782358658.7264621,0.0023491382598876953
24083,normal,960,2,1782358658.7282672,0.0018050670623779297
24084,normal,3030,0,1782358658.7303076,0.002040386199951172
24085,normal,2552,0,1782358658.732308,0.0020003318786621094
24086,normal,1305,0,1782358658.7344174,0.002109527587890625
24087,normal,1002,2,1782358658.7361188,0.00170135498046875
24088,normal,2839,0,1782358658.7384658,0.0023469924926757812
24089,normal,3435,0,1782358658.7402644,0.0017986297607421875
24090,normal,2818,0,1782358658.7423024,0.0020380020141601562
24091,normal,1171,0,1782358658.7443068,0.002004384994506836
24092,normal,2679,0,1782358658.746419,0.002112150192260742
24093,normal,2577,0,1782358658.7481167,0.0016977787017822266
24094,normal,3479,0,1782358658.750428,0.002311229705810547
24095,normal,3652,0,1782358658.7522638,0.0018358230590820312
24096,normal,1567,0,1782358658.7542946,0.0020308494567871094
24097,normal,99,0,1782358658.7563171,0.0020225048065185547
24098,normal,1853,0,1782358658.7584245,0.002107381820678711
24099,normal,1057,0,1782358658.76012,0.001695394515991211
24100,normal,1651,0,1782358658.7624748,0.002354860305786133
24101,normal,2757,0,1782358658.7642634,0.0017886161804199219
24102,normal,697,0,1782358658.7662954,0.002032041549682617
24103,normal,991,2,1782358658.768329,0.0020334720611572266
24104,normal,3529,0,1782358658.7704213,0.0020923614501953125
24105,normal,1424,0,1782358658.7721195,0.0016982555389404297
24106,normal,1496,0,1782358658.774481,0.0023615360260009766
24107,normal,2095,0,1782358658.7762647,0.001783609390258789
24108,normal,2977,0,1782358658.778296,0.0020313262939453125
24109,normal,3431,0,1782358658.7803357,0.002039670944213867
24110,normal,3305,1,1782358658.7822666,0.0019309520721435547
24111,normal,433,0,1782358658.7843213,0.0020546913146972656
24112,normal,2956,0,1782358658.7863276,0.0020062923431396484
24113,normal,2675,0,1782358658.7884135,0.0020859241485595703
24114,normal,2750,0,1782358658.7901165,0.001703023910522461
24115,normal,2611,0,1782358658.792392,0.0022754669189453125
24116,normal,483,0,1782358658.7942607,0.0018687248229980469
24117,normal,266,0,1782358658.7962942,0.0020334720611572266
24118,normal,1623,0,1782358658.7983353,0.0020411014556884766
24119,normal,3285,1,1782358658.8004174,0.0020821094512939453
24120,normal,841,2,1782358658.8021197,0.0017023086547851562
24121,normal,202,0,1782358658.8045018,0.002382040023803711
24122,normal,1064,0,1782358658.8062694,0.0017676353454589844
24123,normal,2193,0,1782358658.8083048,0.002035379409790039
24124,normal,3666,0,1782358658.8103383,0.0020334720611572266
24125,normal,2303,0,1782358658.8124201,0.0020818710327148438
24126,normal,1015,2,1782358658.8141167,0.0016965866088867188
24127,normal,977,2,1782358658.816486,0.0023691654205322266
24128,normal,3388,1,1782358658.8182688,0.0017828941345214844
24129,normal,1749,0,1782358658.820306,0.0020372867584228516
24130,normal,1974,0,1782358658.8223386,0.0020325183868408203
24131,normal,2593,0,1782358658.824261,0.0019223690032958984
24132,normal,2344,0,1782358658.8262966,0.0020356178283691406
24133,normal,2244,0,1782358658.8283386,0.002042055130004883
24134,normal,3180,1,1782358658.8304281,0.0020895004272460938
24135,normal,2936,0,1782358658.8321178,0.0016896724700927734
24136,normal,958,2,1782358658.834501,0.0023832321166992188
24137,normal,3197,1,1782358658.8363223,0.001821279525756836
24138,normal,1668,0,1782358658.8383036,0.0019812583923339844
24139,normal,2107,0,1782358658.8403394,0.002035856246948242
24140,normal,678,0,1782358658.8424287,0.002089262008666992
24141,normal,2916,0,1782358658.84412,0.0016913414001464844
24142,normal,3422,0,1782358658.8465004,0.00238037109375
24143,normal,2930,0,1782358658.8482656,0.0017652511596679688
24144,normal,2740,0,1782358658.85031,0.0020444393157958984
24145,normal,2214,0,1782358658.8523374,0.002027273178100586
24146,normal,21,0,1782358658.854421,0.0020835399627685547
24147,normal,447,0,1782358658.8561175,0.0016965866088867188
24148,normal,729,0,1782358658.8585024,0.0023849010467529297
24149,normal,2736,0,1782358658.860263,0.001760721206665039
24150,normal,1296,0,1782358658.86231,0.002046823501586914
24151,normal,2431,0,1782358658.8642604,0.0019505023956298828
24152,normal,497,0,1782358658.8664238,0.002163410186767578
24153,normal,235,0,1782358658.8682039,0.0017800331115722656
24154,normal,1813,0,1782358658.870262,0.0020580291748046875
24155,normal,2172,0,1782358658.8724222,0.002160310745239258
24156,normal,2078,0,1782358658.8741186,0.0016963481903076172
24157,normal,3020,0,1782358658.8764224,0.0023038387298583984
24158,normal,947,2,1782358658.8782647,0.0018422603607177734
24159,normal,3557,0,1782358658.8802993,0.0020346641540527344
24160,normal,3187,1,1782358658.8822649,0.0019655227661132812
24161,normal,656,0,1782358658.884417,0.0021522045135498047
24162,normal,1686,0,1782358658.886121,0.0017039775848388672
24163,normal,2775,0,1782358658.8884287,0.0023076534271240234
24164,normal,2274,0,1782358658.8902597,0.0018310546875
24165,normal,2558,0,1782358658.8922982,0.0020384788513183594
24166,normal,1569,0,1782358658.894276,0.001977682113647461
24167,normal,649,0,1782358658.8964188,0.0021429061889648438
24168,normal,403,0,1782358658.8981206,0.0017018318176269531
24169,normal,2748,0,1782358658.900425,0.0023043155670166016
24170,normal,2357,0,1782358658.9022784,0.0018534660339355469
24171,normal,3035,0,1782358658.904303,0.0020246505737304688
24172,normal,213,0,1782358658.9062765,0.001973390579223633
24173,normal,1585,0,1782358658.9084165,0.002140045166015625
24174,normal,179,0,1782358658.9101198,0.0017032623291015625
24175,normal,163,0,1782358658.9124382,0.0023183822631835938
24176,normal,2258,0,1782358658.9142632,0.001825094223022461
24177,normal,2223,0,1782358658.916298,0.0020346641540527344
24178,normal,2234,0,1782358658.9182823,0.0019843578338623047
24179,normal,1811,0,1782358658.920418,0.002135753631591797
24180,normal,1885,0,1782358658.9221184,0.0017004013061523438
24181,normal,3685,0,1782358658.9245017,0.0023832321166992188
24182,normal,2941,0,1782358658.926271,0.0017693042755126953
24183,normal,3702,0,1782358658.9282994,0.0020284652709960938
24184,normal,2824,0,1782358658.9302828,0.0019834041595458984
24185,normal,480,0,1782358658.9324236,0.0021407604217529297
24186,normal,3326,1,1782358658.9341192,0.0016956329345703125
24187,normal,2538,0,1782358658.9364479,0.002328634262084961
24188,normal,3708,0,1782358658.9382675,0.001819610595703125
24189,normal,2391,0,1782358658.9403043,0.0020368099212646484
24190,normal,1212,0,1782358658.9422927,0.0019884109497070312
24191,normal,219,0,1782358658.9444165,0.0021238327026367188
24192,normal,277,0,1782358658.9461212,0.0017046928405761719
24193,normal,2632,0,1782358658.948451,0.0023298263549804688
24194,normal,2398,0,1782358658.9502838,0.001832723617553711
24195,normal,2220,0,1782358658.9521196,0.0018358230590820312
24196,normal,730,0,1782358658.954454,0.0023343563079833984
24197,normal,738,0,1782358658.956264,0.0018100738525390625
24198,normal,2336,0,1782358658.9583073,0.0020432472229003906
24199,normal,1960,0,1782358658.9602952,0.001987934112548828
24200,normal,2812,0,1782358658.9622605,0.0019652843475341797
24201,normal,2783,0,1782358658.9642243,0.0019638538360595703
24202,normal,3042,0,1782358658.9664445,0.00222015380859375
24203,normal,1059,0,1782358658.9682307,0.0017862319946289062
24204,normal,2773,0,1782358658.9701126,0.0018818378448486328
24205,normal,1977,0,1782358658.97229,0.0021774768829345703
24206,normal,3061,1,1782358658.974199,0.001909017562866211
24207,normal,992,2,1782358658.976108,0.001909017562866211
24208,normal,2919,0,1782358658.978288,0.002179861068725586
24209,normal,2771,0,1782358658.980201,0.0019130706787109375
24210,normal,2498,0,1782358658.9821072,0.0019061565399169922
24211,normal,1764,0,1782358658.9842913,0.002184152603149414
24212,normal,3086,1,1782358658.9861996,0.0019083023071289062
24213,normal,2940,0,1782358658.9881039,0.0019042491912841797
24214,normal,924,2,1782358658.9901588,0.002054929733276367
24215,normal,2259,0,1782358658.9921668,0.0020079612731933594
24216,normal,955,2,1782358658.9941065,0.0019397735595703125
24217,normal,498,0,1782358658.9963014,0.0021948814392089844
24218,normal,2114,0,1782358658.998195,0.0018935203552246094
24219,normal,2293,0,1782358659.000104,0.001909017562866211
24220,normal,3579,0,1782358659.0023086,0.0022046566009521484
24221,normal,1177,0,1782358659.0042014,0.0018928050994873047
24222,normal,726,0,1782358659.0061066,0.001905202865600586
24223,normal,1733,0,1782358659.0083077,0.002201080322265625
24224,normal,2528,0,1782358659.010194,0.0018863677978515625
24225,normal,574,0,1782358659.0121043,0.0019102096557617188
24226,normal,845,2,1782358659.014318,0.002213716506958008
24227,normal,3107,1,1782358659.0161872,0.00186920166015625
24228,normal,778,2,1782358659.018104,0.0019168853759765625
24229,normal,2860,0,1782358659.0203114,0.0022072792053222656
24230,normal,138,0,1782358659.0221636,0.001852273941040039
24231,normal,773,2,1782358659.0241046,0.0019409656524658203
24232,normal,3351,1,1782358659.0262296,0.0021250247955322266
24233,normal,389,0,1782358659.028196,0.0019664764404296875
24234,normal,3224,1,1782358659.030107,0.0019109249114990234
24235,normal,400,0,1782358659.0323062,0.0021991729736328125
24236,normal,3377,1,1782358659.034202,0.001895904541015625
24237,normal,3653,0,1782358659.0361035,0.001901388168334961
24238,normal,2796,0,1782358659.0383134,0.002209901809692383
24239,normal,913,2,1782358659.040196,0.0018825531005859375
24240,normal,3460,0,1782358659.0421038,0.0019078254699707031
24241,normal,3001,0,1782358659.0443108,0.002207040786743164
24242,normal,2440,0,1782358659.0462022,0.0018913745880126953
24243,normal,2971,0,1782358659.048105,0.0019028186798095703
24244,normal,3088,1,1782358659.050311,0.002206087112426758
24245,normal,132,0,1782358659.0522013,0.0018901824951171875
24246,normal,19,0,1782358659.054101,0.00189971923828125
24247,normal,2935,0,1782358659.0563147,0.002213716506958008
24248,normal,1687,0,1782358659.058199,0.0018842220306396484
24249,normal,4,0,1782358659.0601044,0.0019054412841796875
24250,normal,1061,0,1782358659.062319,0.002214670181274414
24251,normal,514,0,1782358659.064202,0.0018830299377441406
24252,normal,3027,0,1782358659.0661025,0.0019004344940185547
24253,normal,539,0,1782358659.06833,0.0022275447845458984
24254,normal,2271,0,1782358659.0702002,0.0018701553344726562
24255,normal,594,0,1782358659.0721056,0.0019054412841796875
24256,normal,2420,0,1782358659.0743237,0.002218008041381836
24257,normal,2016,0,1782358659.0762007,0.0018770694732666016
24258,normal,238,0,1782358659.0781043,0.001903533935546875
24259,normal,153,0,1782358659.0803316,0.002227306365966797
24260,normal,1251,0,1782358659.0822027,0.0018711090087890625
24261,normal,80,0,1782358659.0841053,0.0019025802612304688
24262,normal,15,0,1782358659.0862708,0.002165555953979492
24263,normal,284,0,1782358659.0881965,0.0019257068634033203
24264,normal,3218,1,1782358659.0901072,0.0019106864929199219
24265,normal,441,0,1782358659.092224,0.002116680145263672
24266,normal,1891,0,1782358659.0941973,0.001973390579223633
24267,normal,691,0,1782358659.0961044,0.0019071102142333984
24268,normal,651,0,1782358659.0982244,0.0021200180053710938
24269,normal,2319,0,1782358659.100196,0.0019714832305908203
24270,normal,1670,0,1782358659.1021037,0.0019078254699707031
24271,normal,350,0,1782358659.1042254,0.0021216869354248047
24272,normal,9,0,1782358659.1061962,0.0019707679748535156
24273,normal,654,0,1782358659.1081016,0.0019054412841796875
24274,normal,2960,0,1782358659.11023,0.0021283626556396484
24275,normal,1540,0,1782358659.1121974,0.0019674301147460938
24276,normal,1222,0,1782358659.1141074,0.0019099712371826172
24277,normal,384,0,1782358659.116236,0.00212860107421875
24278,normal,2551,0,1782358659.1181598,0.0019237995147705078
24279,normal,2622,0,1782358659.1201031,0.001943349838256836
24280,normal,956,2,1782358659.1222339,0.002130746841430664
24281,normal,3648,0,1782358659.124195,0.001961231231689453
24282,normal,3509,0,1782358659.1261036,0.0019085407257080078
24283,normal,572,0,1782358659.128239,0.0021352767944335938
24284,normal,1929,0,1782358659.1301968,0.0019578933715820312
24285,normal,1928,0,1782358659.1321018,0.0019049644470214844
24286,normal,593,0,1782358659.1342542,0.0021524429321289062
24287,normal,1093,0,1782358659.1361969,0.0019426345825195312
24288,normal,1608,0,1782358659.1381028,0.0019059181213378906
24289,normal,849,2,1782358659.1402574,0.0021545886993408203
24290,normal,3131,1,1782358659.1421978,0.0019404888153076172
24291,normal,788,2,1782358659.1441357,0.0019378662109375
24292,normal,896,2,1782358659.1462166,0.0020809173583984375
24293,normal,2389,0,1782358659.1481981,0.001981496810913086
24294,normal,2395,0,1782358659.1501036,0.0019054412841796875
24295,normal,1156,0,1782358659.1522682,0.002164602279663086
24296,normal,1144,0,1782358659.1541958,0.0019276142120361328
24297,normal,1271,0,1782358659.1561031,0.0019073486328125
24298,normal,3475,0,1782358659.1582642,0.0021610260009765625
24299,normal,2358,0,1782358659.1601985,0.0019342899322509766
24300,normal,794,2,1782358659.1621048,0.0019063949584960938
24301,normal,1845,0,1782358659.1642652,0.002160310745239258
24302,normal,3416,0,1782358659.1661992,0.001934051513671875
24303,normal,634,0,1782358659.1681027,0.001903533935546875
24304,normal,940,2,1782358659.170267,0.0021643638610839844
24305,normal,2434,0,1782358659.1721964,0.0019292831420898438
24306,normal,221,0,1782358659.1741025,0.0019061565399169922
24307,normal,11,0,1782358659.1762753,0.002172708511352539
24308,normal,2201,0,1782358659.178197,0.0019216537475585938
24309,normal,1771,0,1782358659.1801062,0.0019092559814453125
24310,normal,887,2,1782358659.1821961,0.002089977264404297
24311,normal,178,0,1782358659.1842074,0.0020112991333007812
24312,normal,1139,0,1782358659.186101,0.0018935203552246094
24313,normal,1130,0,1782358659.1882741,0.002173185348510742
24314,normal,875,2,1782358659.1901817,0.0019075870513916016
24315,normal,3661,0,1782358659.192102,0.0019202232360839844
24316,normal,399,0,1782358659.1942759,0.002173900604248047
24317,normal,1411,0,1782358659.1961963,0.001920461654663086
24318,normal,2238,0,1782358659.198103,0.0019066333770751953
24319,normal,1506,0,1782358659.2002795,0.002176523208618164
24320,normal,1548,0,1782358659.2021952,0.0019156932830810547
24321,normal,542,0,1782358659.204103,0.0019078254699707031
24322,normal,777,2,1782358659.2062752,0.002172231674194336
24323,normal,2741,0,1782358659.2081993,0.0019240379333496094
24324,normal,472,0,1782358659.2101028,0.001903533935546875
24325,normal,1397,0,1782358659.212285,0.0021822452545166016
24326,normal,3307,1,1782358659.2141604,0.0018754005432128906
24327,normal,2278,0,1782358659.2161028,0.0019423961639404297
24328,normal,674,0,1782358659.2182875,0.002184629440307617
24329,normal,1528,0,1782358659.2201865,0.0018990039825439453
24330,normal,2021,0,1782358659.222104,0.0019176006317138672
24331,normal,1897,0,1782358659.2242928,0.0021886825561523438
24332,normal,767,0,1782358659.2261877,0.0018949508666992188
24333,normal,3597,0,1782358659.2281008,0.0019130706787109375
24334,normal,1151,0,1782358659.2303047,0.0022039413452148438
24335,normal,585,0,1782358659.2321715,0.0018668174743652344
24336,normal,681,0,1782358659.2341018,0.00193023681640625
24337,normal,3126,1,1782358659.2363007,0.002198934555053711
24338,normal,2781,0,1782358659.2381892,0.0018885135650634766
24339,normal,3396,1,1782358659.240101,0.0019118785858154297
24340,normal,2067,0,1782358659.2422256,0.0021245479583740234
24341,normal,169,0,1782358659.2441945,0.001968860626220703
24342,normal,1775,0,1782358659.246102,0.0019075870513916016
24343,normal,1502,0,1782358659.2483044,0.002202272415161133
24344,normal,1196,0,1782358659.2501962,0.0018918514251708984
24345,normal,1707,0,1782358659.252102,0.001905679702758789
24346,normal,679,0,1782358659.2543073,0.002205371856689453
24347,normal,2896,0,1782358659.2561834,0.0018761157989501953
24348,normal,1427,0,1782358659.2581015,0.0019180774688720703
24349,normal,2488,0,1782358659.2603111,0.0022096633911132812
24350,normal,2807,0,1782358659.2621913,0.0018801689147949219
24351,normal,2979,0,1782358659.2641003,0.001909017562866211
24352,normal,1904,0,1782358659.2663121,0.0022118091583251953
24353,normal,1660,0,1782358659.2681954,0.0018832683563232422
24354,normal,1690,0,1782358659.270186,0.0019905567169189453
24355,normal,1218,0,1782358659.2722785,0.002092599868774414
24356,normal,2441,0,1782358659.2741947,0.0019161701202392578
24357,normal,3208,1,1782358659.2761025,0.0019078254699707031
24358,normal,3604,0,1782358659.2782803,0.002177715301513672
24359,normal,3063,1,1782358659.2801912,0.0019109249114990234
24360,normal,209,0,1782358659.282102,0.0019109249114990234
24361,normal,3611,0,1782358659.284317,0.0022149085998535156
24362,normal,3412,0,1782358659.286198,0.0018808841705322266
24363,normal,544,0,1782358659.2881043,0.0019063949584960938
24364,normal,1545,0,1782358659.2903247,0.0022203922271728516
24365,normal,1467,0,1782358659.292191,0.0018663406372070312
24366,normal,1675,0,1782358659.2941027,0.0019116401672363281
24367,normal,1825,0,1782358659.2963145,0.0022118091583251953
24368,normal,136,0,1782358659.2981827,0.0018682479858398438
24369,normal,3356,1,1782358659.300102,0.0019192695617675781
24370,normal,3265,1,1782358659.3023226,0.002220630645751953
24371,normal,529,0,1782358659.304188,0.001865386962890625
24372,normal,1921,0,1782358659.3061028,0.0019147396087646484
24373,normal,155,0,1782358659.3083205,0.0022177696228027344
24374,normal,2785,0,1782358659.3101633,0.0018427371978759766
24375,normal,827,2,1782358659.3121045,0.0019412040710449219
24376,normal,2296,0,1782358659.3143241,0.002219676971435547
24377,normal,2033,0,1782358659.316191,0.0018668174743652344
24378,normal,3178,1,1782358659.318103,0.0019121170043945312
24379,normal,3272,1,1782358659.3203278,0.0022246837615966797
24380,normal,2579,0,1782358659.322195,0.0018672943115234375
24381,normal,731,0,1782358659.3241026,0.0019075870513916016
24382,normal,1080,0,1782358659.326266,0.002163410186767578
24383,normal,1219,0,1782358659.3281863,0.0019202232360839844
24384,normal,223,0,1782358659.330113,0.0019266605377197266
24385,normal,1780,0,1782358659.3322272,0.0021142959594726562
24386,normal,2886,0,1782358659.3341897,0.001962423324584961
24387,normal,1215,0,1782358659.3361018,0.0019121170043945312
24388,normal,2793,0,1782358659.3382225,0.0021207332611083984
24389,normal,91,0,1782358659.3401873,0.0019648075103759766
24390,normal,3698,0,1782358659.3421006,0.001913309097290039
24391,normal,2777,0,1782358659.3442233,0.002122640609741211
24392,normal,12,0,1782358659.3461947,0.0019714832305908203
24393,normal,348,0,1782358659.3481033,0.0019085407257080078
24394,normal,3419,0,1782358659.3501058,0.0020024776458740234
24395,normal,3692,0,1782358659.3524525,0.0023467540740966797
24396,normal,3407,0,1782358659.3541138,0.0016613006591796875
24397,normal,2867,0,1782358659.3564506,0.002336740493774414
24398,normal,3069,1,1782358659.358203,0.0017523765563964844
24399,normal,2427,0,1782358659.3601048,0.001901865005493164
24400,normal,990,2,1782358659.3622332,0.0021283626556396484
24401,normal,257,0,1782358659.364163,0.0019297599792480469
24402,normal,1980,0,1782358659.3660996,0.0019366741180419922
24403,normal,636,0,1782358659.3682356,0.0021359920501708984
24404,normal,3345,1,1782358659.3701913,0.001955747604370117
24405,normal,638,0,1782358659.3721004,0.001909017562866211
24406,normal,1457,0,1782358659.374175,0.002074718475341797
24407,normal,2020,0,1782358659.3761802,0.0020051002502441406
24408,normal,831,2,1782358659.3781283,0.0019481182098388672
24409,normal,598,0,1782358659.3802586,0.002130270004272461
24410,normal,1616,0,1782358659.3821669,0.0019083023071289062
24411,normal,504,0,1782358659.3840995,0.0019326210021972656
24412,normal,305,0,1782358659.3862596,0.0021600723266601562
24413,normal,2437,0,1782358659.388155,0.0018954277038574219
24414,normal,2137,0,1782358659.3901029,0.0019478797912597656
24415,normal,1575,0,1782358659.392236,0.0021331310272216797
24416,normal,1587,0,1782358659.3941665,0.0019304752349853516
24417,normal,2539,0,1782358659.3961008,0.0019342899322509766
24418,normal,2450,0,1782358659.3982573,0.002156496047973633
24419,normal,2588,0,1782358659.4001791,0.0019218921661376953
24420,normal,2061,0,1782358659.4021106,0.0019314289093017578
24421,normal,744,0,1782358659.404205,0.0020945072174072266
24422,normal,1152,0,1782358659.4062154,0.002010345458984375
24423,normal,2261,0,1782358659.4081032,0.0018877983093261719
24424,normal,3054,1,1782358659.4102702,0.0021669864654541016
24425,normal,2955,0,1782358659.412197,0.0019268989562988281
24426,normal,859,2,1782358659.414098,0.0019009113311767578
24427,normal,836,2,1782358659.416268,0.002170085906982422
24428,normal,725,0,1782358659.4181764,0.0019083023071289062
24429,normal,2101,0,1782358659.4200995,0.0019230842590332031
24430,normal,469,0,1782358659.4222684,0.002168893814086914
24431,normal,1556,0,1782358659.4241831,0.0019147396087646484
24432,normal,3044,0,1782358659.4260974,0.0019142627716064453
24433,normal,3097,1,1782358659.4282553,0.002157926559448242
24434,normal,90,0,1782358659.4301915,0.001936197280883789
24435,normal,494,0,1782358659.4321036,0.0019121170043945312
24436,normal,975,2,1782358659.4342728,0.0021691322326660156
24437,normal,686,0,1782358659.4361582,0.0018854141235351562
24438,normal,2229,0,1782358659.4381003,0.0019421577453613281
24439,normal,7,0,1782358659.4402723,0.0021719932556152344
24440,normal,3223,1,1782358659.44219,0.0019176006317138672
24441,normal,3271,1,1782358659.444102,0.0019121170043945312
24442,normal,1983,0,1782358659.4462762,0.0021741390228271484
24443,normal,589,0,1782358659.4481714,0.0018951892852783203
24444,normal,1491,0,1782358659.4501,0.001928567886352539
24445,normal,2981,0,1782358659.452216,0.002115964889526367
24446,normal,2386,0,1782358659.454209,0.0019931793212890625
24447,normal,1661,0,1782358659.4561193,0.0019102096557617188
24448,normal,592,0,1782358659.4582827,0.002163410186767578
24449,normal,1830,0,1782358659.4601812,0.0018985271453857422
24450,normal,8,0,1782358659.4621003,0.0019190311431884766
24451,normal,1332,1,1782358659.464283,0.0021827220916748047
24452,normal,3571,0,1782358659.4661858,0.0019028186798095703
24453,normal,1535,0,1782358659.468097,0.001911163330078125
24454,normal,3350,1,1782358659.4702935,0.0021965503692626953
24455,normal,1029,2,1782358659.4721794,0.0018858909606933594
24456,normal,1703,0,1782358659.4740999,0.001920461654663086
24457,normal,1925,0,1782358659.4762993,0.002199411392211914
24458,normal,1290,0,1782358659.478213,0.0019137859344482422
24459,normal,2446,0,1782358659.4800677,0.0018546581268310547
24460,normal,1964,0,1782358659.4823,0.0022323131561279297
24461,normal,3577,0,1782358659.484178,0.0018780231475830078
24462,normal,3451,0,1782358659.4861023,0.001924276351928711
24463,normal,736,0,1782358659.488301,0.0021986961364746094
24464,normal,1641,0,1782358659.4901972,0.0018961429595947266
24465,normal,2764,0,1782358659.4920993,0.0019021034240722656
24466,normal,3099,1,1782358659.4943063,0.002207040786743164
24467,normal,2743,0,1782358659.4961848,0.001878499984741211
24468,normal,2618,0,1782358659.4980989,0.0019140243530273438
24469,normal,2932,0,1782358659.5003068,0.0022079944610595703
24470,normal,2471,0,1782358659.502162,0.0018551349639892578
24471,normal,2798,0,1782358659.5041304,0.0019683837890625
24472,normal,1137,0,1782358659.5062768,0.002146482467651367
24473,normal,26,0,1782358659.5082011,0.001924276351928711
24474,normal,492,0,1782358659.5101013,0.0019001960754394531
24475,normal,1229,0,1782358659.5123136,0.0022122859954833984
24476,normal,839,2,1782358659.5141776,0.0018639564514160156
24477,normal,2880,0,1782358659.5160975,0.0019199848175048828
24478,normal,3414,0,1782358659.5183132,0.0022156238555908203
24479,normal,1808,0,1782358659.5201778,0.0018646717071533203
24480,normal,3488,0,1782358659.5221014,0.0019235610961914062
24481,normal,2855,0,1782358659.5243075,0.002206087112426758
24482,normal,3625,0,1782358659.5261757,0.0018682479858398438
24483,normal,119,0,1782358659.5281272,0.001951456069946289
24484,normal,114,0,1782358659.5302837,0.002156496047973633
24485,normal,3338,1,1782358659.5322104,0.0019266605377197266
24486,normal,907,2,1782358659.5340974,0.0018870830535888672
24487,normal,1517,0,1782358659.5363202,0.002222776412963867
24488,normal,3168,1,1782358659.5381823,0.0018620491027832031
24489,normal,2419,0,1782358659.5400996,0.0019173622131347656
24490,normal,1262,0,1782358659.542145,0.0020453929901123047
24491,normal,3680,0,1782358659.5442224,0.002077341079711914
24492,normal,2206,0,1782358659.5460975,0.001875162124633789
24493,normal,1443,0,1782358659.5483184,0.0022208690643310547
24494,normal,2156,0,1782358659.5501702,0.001851797103881836
24495,normal,2594,0,1782358659.5521128,0.0019426345825195312
24496,normal,1697,0,1782358659.5543077,0.0021948814392089844
24497,normal,832,2,1782358659.5561674,0.0018596649169921875
24498,normal,1302,0,1782358659.5580957,0.0019283294677734375
24499,normal,3234,1,1782358659.5603178,0.0022220611572265625
24500,normal,1371,1,1782358659.5621712,0.0018534660339355469
24501,normal,2382,0,1782358659.5640943,0.0019230842590332031
24502,normal,974,2,1782358659.5662117,0.0021173954010009766
24503,normal,2636,0,1782358659.5681508,0.0019390583038330078
24504,normal,2460,0,1782358659.570097,0.0019462108612060547
24505,normal,577,0,1782358659.5722134,0.0021164417266845703
24506,normal,1309,0,1782358659.5741737,0.001960277557373047
24507,normal,252,0,1782358659.5761003,0.0019266605377197266
24508,normal,1412,0,1782358659.5782638,0.002163410186767578
24509,normal,2312,0,1782358659.5801816,0.0019178390502929688
24510,normal,1236,0,1782358659.5820978,0.0019161701202392578
24511,normal,1597,0,1782358659.5842168,0.0021190643310546875
24512,normal,3290,1,1782358659.586168,0.0019512176513671875
24513,normal,100,0,1782358659.5880976,0.0019295215606689453
24514,normal,1208,0,1782358659.590231,0.0021333694458007812
24515,normal,1316,0,1782358659.5921712,0.0019402503967285156
24516,normal,52,0,1782358659.594235,0.002063751220703125
24517,normal,2179,0,1782358659.596108,0.001873016357421875
24518,normal,3212,1,1782358659.598215,0.0021071434020996094
24519,normal,959,2,1782358659.6000965,0.0018813610076904297
24520,normal,1322,1,1782358659.6022217,0.002125263214111328
24521,normal,663,0,1782358659.6042073,0.0019855499267578125
24522,normal,1889,0,1782358659.6060991,0.0018918514251708984
24523,normal,2728,0,1782358659.6082273,0.002128124237060547
24524,normal,1979,0,1782358659.610173,0.0019457340240478516
24525,normal,3439,0,1782358659.6120946,0.0019216537475585938
24526,normal,3104,1,1782358659.6142292,0.002134561538696289
24527,normal,3381,1,1782358659.6161742,0.0019450187683105469
24528,normal,837,2,1782358659.618099,0.001924753189086914
24529,normal,2828,0,1782358659.6203132,0.002214193344116211
24530,normal,2301,0,1782358659.6221685,0.0018553733825683594
24531,normal,1186,0,1782358659.6240969,0.0019283294677734375
24532,normal,2091,0,1782358659.6262333,0.0021364688873291016
24533,normal,3546,0,1782358659.6281917,0.0019583702087402344
24534,normal,3691,0,1782358659.6300983,0.0019066333770751953
24535,normal,1519,0,1782358659.6322372,0.002138853073120117
24536,normal,1154,0,1782358659.634174,0.0019369125366210938
24537,normal,3039,0,1782358659.6360974,0.0019233226776123047
24538,normal,258,0,1782358659.6382558,0.0021584033966064453
24539,normal,664,0,1782358659.6401746,0.001918792724609375
24540,normal,3391,1,1782358659.6420977,0.0019230842590332031
24541,normal,630,0,1782358659.6442542,0.002156496047973633
24542,normal,518,0,1782358659.6461754,0.0019211769104003906
24543,normal,125,0,1782358659.6480958,0.001920461654663086
24544,normal,1600,0,1782358659.6502564,0.0021605491638183594
24545,normal,429,0,1782358659.6522112,0.001954793930053711
24546,normal,1379,1,1782358659.6541114,0.0019001960754394531
24547,normal,3087,1,1782358659.656206,0.0020945072174072266
24548,normal,2610,0,1782358659.6583912,0.002185344696044922
24549,normal,614,0,1782358659.6601086,0.0017173290252685547
24550,normal,367,0,1782358659.6624482,0.002339601516723633
24551,normal,596,0,1782358659.6642373,0.001789093017578125
24552,normal,527,0,1782358659.666287,0.002049684524536133
24553,normal,3622,0,1782358659.668301,0.00201416015625
24554,normal,2768,0,1782358659.6703045,0.0020034313201904297
24555,normal,1657,0,1782358659.672257,0.0019524097442626953
24556,normal,247,0,1782358659.6743329,0.0020759105682373047
24557,normal,1674,0,1782358659.6762552,0.0019223690032958984
24558,normal,799,2,1782358659.678293,0.0020377635955810547
24559,normal,56,0,1782358659.6802921,0.0019991397857666016
24560,normal,2102,0,1782358659.6823056,0.0020134449005126953
24561,normal,699,0,1782358659.6842837,0.001978158950805664
24562,normal,477,0,1782358659.6861537,0.0018699169158935547
24563,normal,23,0,1782358659.6884067,0.0022530555725097656
24564,normal,3261,1,1782358659.6901164,0.0017096996307373047
24565,normal,982,2,1782358659.6922982,0.0021817684173583984
24566,normal,559,0,1782358659.6943285,0.0020303726196289062
24567,normal,2256,0,1782358659.6962552,0.0019266605377197266
24568,normal,1179,0,1782358659.6983376,0.002082347869873047
24569,normal,2835,0,1782358659.7002556,0.0019180774688720703
24570,normal,208,0,1782358659.7023,0.0020444393157958984
24571,normal,2842,0,1782358659.7043004,0.0020003318786621094
24572,normal,774,2,1782358659.7063048,0.002004384994506836
24573,normal,533,0,1782358659.7082515,0.0019466876983642578
24574,normal,3543,0,1782358659.7101643,0.001912832260131836
24575,normal,2917,0,1782358659.712408,0.0022437572479248047
24576,normal,1809,0,1782358659.7141154,0.001707315444946289
24577,normal,3477,0,1782358659.716464,0.002348661422729492
24578,normal,2597,0,1782358659.7181427,0.0016787052154541016
24579,normal,2702,0,1782358659.7204182,0.0022754669189453125
24580,normal,2869,0,1782358659.722172,0.0017538070678710938
24581,normal,3672,0,1782358659.7244081,0.0022361278533935547
24582,normal,3,0,1782358659.7261155,0.001707315444946289
24583,normal,1791,0,1782358659.7284596,0.0023441314697265625
24584,normal,3094,1,1782358659.7302125,0.0017528533935546875
24585,normal,3174,1,1782358659.7324202,0.0022077560424804688
24586,normal,2052,0,1782358659.7341752,0.0017549991607666016
24587,normal,2790,0,1782358659.7364106,0.00223541259765625
24588,normal,267,0,1782358659.7381146,0.0017039775848388672
24589,normal,3689,0,1782358659.7404609,0.0023462772369384766
24590,normal,2647,0,1782358659.742193,0.0017321109771728516
24591,normal,2370,0,1782358659.7444139,0.0022208690643310547
24592,normal,892,2,1782358659.7461796,0.0017657279968261719
24593,normal,3485,0,1782358659.7484083,0.0022287368774414062
24594,normal,644,0,1782358659.7501154,0.0017070770263671875
24595,normal,1275,0,1782358659.7524767,0.002361297607421875
24596,normal,970,2,1782358659.7542546,0.0017778873443603516
24597,normal,27,0,1782358659.756112,0.0018575191497802734
24598,normal,910,2,1782358659.7584665,0.0023543834686279297
24599,normal,190,0,1782358659.7602015,0.0017349720001220703
24600,normal,2499,0,1782358659.7624204,0.002218961715698242
24601,normal,1857,0,1782358659.7641857,0.0017652511596679688
24602,normal,3455,0,1782358659.766405,0.0022194385528564453
24603,normal,817,2,1782358659.7681162,0.001711130142211914
24604,normal,361,0,1782358659.770475,0.002358675003051758
24605,normal,2918,0,1782358659.7721422,0.0016672611236572266
24606,normal,2012,0,1782358659.7744174,0.002275228500366211
24607,normal,2055,0,1782358659.7761924,0.0017750263214111328
24608,normal,1828,0,1782358659.7784085,0.0022161006927490234
24609,normal,3411,0,1782358659.7801156,0.0017070770263671875
24610,normal,1756,0,1782358659.7823386,0.0022230148315429688
24611,normal,3567,0,1782358659.7844121,0.002073526382446289
24612,normal,28,0,1782358659.786111,0.0016989707946777344
24613,normal,2197,0,1782358659.7884836,0.0023725032806396484
24614,normal,3110,1,1782358659.7902577,0.0017740726470947266
24615,normal,3164,1,1782358659.792268,0.002010345458984375
24616,normal,1295,0,1782358659.794338,0.0020699501037597656
24617,normal,1499,0,1782358659.7964041,0.0020661354064941406
24618,normal,763,0,1782358659.7981157,0.0017116069793701172
24619,normal,643,0,1782358659.8004673,0.002351522445678711
24620,normal,187,0,1782358659.8022532,0.0017859935760498047
24621,normal,1277,0,1782358659.8042998,0.0020465850830078125
24622,normal,3401,1,1782358659.8063653,0.002065420150756836
24623,normal,812,2,1782358659.8082578,0.0018925666809082031
24624,normal,2246,0,1782358659.8102946,0.0020368099212646484
24625,normal,2159,0,1782358659.8123453,0.002050638198852539
24626,normal,3363,1,1782358659.8144088,0.0020635128021240234
24627,normal,2959,0,1782358659.8161135,0.0017046928405761719
24628,normal,1954,0,1782358659.8184283,0.0023148059844970703
24629,normal,2365,0,1782358659.820252,0.0018236637115478516
24630,normal,2830,0,1782358659.8222961,0.002044200897216797
24631,normal,3420,0,1782358659.8242536,0.001957416534423828
24632,normal,3562,0,1782358659.8264031,0.0021495819091796875
24633,normal,586,0,1782358659.828115,0.0017118453979492188
24634,normal,1420,0,1782358659.8304222,0.0023071765899658203
24635,normal,1982,0,1782358659.8321466,0.0017244815826416016
24636,normal,2575,0,1782358659.8344176,0.002270936965942383
24637,normal,2031,0,1782358659.8361278,0.0017101764678955078
24638,normal,2795,0,1782358659.83841,0.0022821426391601562
24639,normal,1013,2,1782358659.8401148,0.0017049312591552734
24640,normal,2670,0,1782358659.842411,0.0022962093353271484
24641,normal,2484,0,1782358659.8442266,0.0018155574798583984
24642,normal,2696,0,1782358659.8462927,0.0020661354064941406
24643,normal,2574,0,1782358659.8482668,0.0019741058349609375
24644,normal,2151,0,1782358659.8504035,0.002136707305908203
24645,normal,779,2,1782358659.8521132,0.0017096996307373047
24646,normal,2295,0,1782358659.8544102,0.002296924591064453
24647,normal,2257,0,1782358659.8561456,0.0017354488372802734
24648,normal,2168,0,1782358659.8584158,0.002270221710205078
24649,normal,2493,0,1782358659.86014,0.0017242431640625
24650,normal,1572,0,1782358659.8624084,0.0022683143615722656
24651,normal,1907,0,1782358659.8641164,0.0017080307006835938
24652,normal,254,0,1782358659.8664305,0.0023140907287597656
24653,normal,2007,0,1782358659.8682551,0.0018246173858642578
24654,normal,3294,1,1782358659.8702981,0.002043008804321289
24655,normal,3628,0,1782358659.8722749,0.0019767284393310547
24656,normal,3096,1,1782358659.8743577,0.00208282470703125
24657,normal,410,0,1782358659.8762562,0.0018985271453857422
24658,normal,3251,1,1782358659.87814,0.0018837451934814453
24659,normal,1040,0,1782358659.8804033,0.002263307571411133
24660,normal,3607,0,1782358659.8821158,0.0017125606536865234
24661,normal,334,0,1782358659.8845189,0.0024030208587646484
24662,normal,1426,0,1782358659.8861196,0.0016007423400878906
24663,normal,1522,0,1782358659.8884168,0.0022971630096435547
24664,normal,2017,0,1782358659.8901143,0.001697540283203125
24665,normal,1390,0,1782358659.8924046,0.0022902488708496094
24666,normal,185,0,1782358659.8941147,0.0017101764678955078
24667,normal,218,0,1782358659.8964505,0.002335786819458008
24668,normal,1504,0,1782358659.8982542,0.0018036365509033203
24669,normal,32,0,1782358659.9002974,0.0020432472229003906
24670,normal,77,0,1782358659.9022915,0.0019941329956054688
24671,normal,1520,0,1782358659.904309,0.002017498016357422
24672,normal,55,0,1782358659.9062543,0.0019452571868896484
24673,normal,2810,0,1782358659.90833,0.002075672149658203
24674,normal,3631,0,1782358659.91042,0.002089977264404297
24675,normal,1856,0,1782358659.9121149,0.0016949176788330078
24676,normal,2746,0,1782358659.9144523,0.0023374557495117188
24677,normal,830,2,1782358659.9161475,0.0016951560974121094
24678,normal,3216,1,1782358659.9184322,0.0022847652435302734
24679,normal,1085,0,1782358659.9201543,0.001722097396850586
24680,normal,455,0,1782358659.92241,0.002255678176879883
24681,normal,2674,0,1782358659.9241173,0.001707315444946289
24682,normal,3029,0,1782358659.9264543,0.0023369789123535156
24683,normal,2086,0,1782358659.928148,0.0016937255859375
24684,normal,1573,0,1782358659.930437,0.0022890567779541016
24685,normal,1024,2,1782358659.932179,0.0017418861389160156
24686,normal,2388,0,1782358659.9344065,0.0022275447845458984
24687,normal,3082,1,1782358659.9361165,0.0017099380493164062
24688,normal,2254,0,1782358659.9384596,0.0023431777954101562
24689,normal,381,0,1782358659.9402494,0.0017898082733154297
24690,normal,1460,0,1782358659.9422884,0.0020389556884765625
24691,normal,2267,0,1782358659.9443018,0.0020134449005126953
24692,normal,2028,0,1782358659.9462955,0.0019936561584472656
24693,normal,2133,0,1782358659.948298,0.0020024776458740234
24694,normal,2199,0,1782358659.9501665,0.0018684864044189453
24695,normal,2714,0,1782358659.952409,0.002242565155029297
24696,normal,578,0,1782358659.9541361,0.0017271041870117188
24697,normal,1658,0,1782358659.956346,0.002209901809692383
24698,normal,2047,0,1782358659.9582543,0.0019083023071289062
24699,normal,122,0,1782358659.9602947,0.002040386199951172
24700,normal,24,0,1782358659.9623072,0.002012491226196289
24701,normal,2034,0,1782358659.9642267,0.0019195079803466797
24702,normal,968,2,1782358659.966178,0.0019512176513671875
24703,normal,2646,0,1782358659.9681447,0.001966714859008789
24704,normal,953,2,1782358659.9705005,0.002355813980102539
24705,normal,517,0,1782358659.9721148,0.0016143321990966797
24706,normal,139,0,1782358659.9744644,0.0023496150970458984
24707,normal,2899,0,1782358659.9762716,0.0018072128295898438
24708,normal,1932,0,1782358659.9781191,0.0018475055694580078
24709,normal,3560,0,1782358659.9804788,0.002359628677368164
24710,normal,2468,0,1782358659.98226,0.0017812252044677734
24711,normal,261,0,1782358659.9842966,0.002036571502685547
24712,normal,120,0,1782358659.986326,0.0020294189453125
24713,normal,617,0,1782358659.988416,0.002089977264404297
24714,normal,1458,0,1782358659.9901197,0.0017037391662597656
24715,normal,92,0,1782358659.9924989,0.002379179000854492
24716,normal,525,0,1782358659.9942605,0.0017616748809814453
24717,normal,1370,1,1782358659.9962924,0.0020318031311035156
24718,normal,1348,1,1782358659.998327,0.0020346641540527344
24719,normal,1224,0,1782358660.0004175,0.0020904541015625
24720,normal,531,0,1782358660.0021183,0.0017008781433105469
24721,normal,370,0,1782358660.00429,0.002171754837036133
24722,normal,2222,0,1782358660.0064127,0.002122640609741211
24723,normal,2167,0,1782358660.0081196,0.001706838607788086
24724,normal,2318,0,1782358660.0104797,0.002360105514526367
24725,normal,360,0,1782358660.0122638,0.0017840862274169922
24726,normal,1746,0,1782358660.0142965,0.002032756805419922
24727,normal,2482,0,1782358660.016345,0.002048492431640625
24728,normal,3331,1,1782358660.0182652,0.0019202232360839844
24729,normal,1708,0,1782358660.0202985,0.002033233642578125
24730,normal,3510,0,1782358660.0223536,0.0020551681518554688
24731,normal,416,0,1782358660.0244136,0.0020599365234375
24732,normal,3299,1,1782358660.0261188,0.001705169677734375
24733,normal,1135,0,1782358660.0284956,0.0023767948150634766
24734,normal,1081,0,1782358660.0302608,0.0017652511596679688
24735,normal,2250,0,1782358660.0322988,0.0020380020141601562
24736,normal,2921,0,1782358660.0343456,0.002046823501586914
24737,normal,3138,1,1782358660.0364225,0.002076864242553711
24738,normal,3056,1,1782358660.038116,0.0016934871673583984
24739,normal,3646,0,1782358660.040488,0.0023720264434814453
24740,normal,692,0,1782358660.04226,0.0017719268798828125
24741,normal,1870,0,1782358660.0442963,0.0020363330841064453
24742,normal,273,0,1782358660.046351,0.0020546913146972656
24743,normal,565,0,1782358660.0484178,0.0020668506622314453
24744,normal,3125,1,1782358660.0501146,0.0016968250274658203
24745,normal,3404,0,1782358660.0524979,0.0023832321166992188
24746,normal,359,0,1782358660.0542665,0.0017685890197753906
24747,normal,2025,0,1782358660.0563192,0.002052783966064453
24748,normal,468,0,1782358660.0582595,0.0019402503967285156
24749,normal,3058,1,1782358660.0603595,0.0020999908447265625
24750,normal,3134,1,1782358660.0621161,0.0017566680908203125
24751,normal,2226,0,1782358660.0644138,0.002297639846801758
24752,normal,809,2,1782358660.0661504,0.0017366409301757812
24753,normal,1887,0,1782358660.0685244,0.002373933792114258
24754,normal,936,2,1782358660.070302,0.00177764892578125
24755,normal,781,2,1782358660.07243,0.0021278858184814453
24756,normal,2520,0,1782358660.0741186,0.0016887187957763672
24757,normal,1987,0,1782358660.076432,0.002313375473022461
24758,normal,901,2,1782358660.078147,0.001714944839477539
24759,normal,3267,1,1782358660.0804226,0.002275705337524414
24760,normal,2510,0,1782358660.0821328,0.0017101764678955078
24761,normal,613,0,1782358660.08441,0.0022771358489990234
24762,normal,2000,0,1782358660.0861194,0.0017094612121582031
24763,normal,189,0,1782358660.0884233,0.0023038387298583984
24764,normal,2352,0,1782358660.0901527,0.0017294883728027344
24765,normal,2548,0,1782358660.0924246,0.002271890640258789
24766,normal,408,0,1782358660.0941348,0.0017101764678955078
24767,normal,1012,2,1782358660.0964139,0.002279043197631836
24768,normal,1543,0,1782358660.098121,0.0017070770263671875
24769,normal,629,0,1782358660.100437,0.002315998077392578
24770,normal,1610,0,1782358660.1021473,0.0017104148864746094
24771,normal,1615,0,1782358660.104419,0.0022716522216796875
24772,normal,3504,0,1782358660.1061397,0.0017206668853759766
24773,normal,1294,0,1782358660.1084156,0.0022759437561035156
24774,normal,1551,0,1782358660.1101198,0.0017042160034179688
24775,normal,2227,0,1782358660.1124597,0.0023398399353027344
24776,normal,3464,0,1782358660.114151,0.0016913414001464844
24777,normal,2846,0,1782358660.1164262,0.002275228500366211
24778,normal,1485,0,1782358660.118148,0.0017218589782714844
24779,normal,1680,0,1782358660.1204195,0.002271413803100586
24780,normal,3589,0,1782358660.1221163,0.0016968250274658203
24781,normal,1750,0,1782358660.1244495,0.0023331642150878906
24782,normal,1984,0,1782358660.1261928,0.001743316650390625
24783,normal,1198,0,1782358660.128427,0.002234220504760742
24784,normal,1205,0,1782358660.1301486,0.0017216205596923828
24785,normal,2517,0,1782358660.1324127,0.0022640228271484375
24786,normal,83,0,1782358660.1341178,0.001705169677734375
24787,normal,2871,0,1782358660.1364486,0.002330780029296875
24788,normal,353,0,1782358660.1381423,0.0016937255859375
24789,normal,285,0,1782358660.140423,0.002280712127685547
24790,normal,645,0,1782358660.1421173,0.0016942024230957031
24791,normal,2505,0,1782358660.1444137,0.00229644775390625
24792,normal,2185,0,1782358660.1461186,0.0017049312591552734
24793,normal,3461,0,1782358660.1484537,0.002335071563720703
24794,normal,2621,0,1782358660.1502538,0.0018000602722167969
24795,normal,2306,0,1782358660.152302,0.0020482540130615234
24796,normal,3100,1,1782358660.154296,0.001993894577026367
24797,normal,2739,0,1782358660.1564069,0.0021109580993652344
24798,normal,1841,0,1782358660.1581178,0.0017108917236328125
24799,normal,2897,0,1782358660.16046,0.00234222412109375
24800,normal,2178,0,1782358660.162141,0.0016810894012451172
24801,normal,3165,1,1782358660.1644218,0.002280712127685547
24802,normal,405,0,1782358660.1661572,0.0017354488372802734
24803,normal,176,0,1782358660.1684103,0.0022530555725097656
24804,normal,911,2,1782358660.1701195,0.0017092227935791016
24805,normal,487,0,1782358660.1724808,0.002361297607421875
24806,normal,159,0,1782358660.1741421,0.0016613006591796875
24807,normal,2310,0,1782358660.176431,0.002288818359375
24808,normal,2524,0,1782358660.178172,0.001741170883178711
24809,normal,949,2,1782358660.180414,0.002241849899291992
24810,normal,1829,0,1782358660.1821165,0.0017025470733642578
24811,normal,2435,0,1782358660.1844597,0.0023431777954101562
24812,normal,2511,0,1782358660.186261,0.0018012523651123047
24813,normal,550,0,1782358660.1883113,0.0020503997802734375
24814,normal,3163,1,1782358660.19031,0.0019986629486083984
24815,normal,1172,0,1782358660.1923535,0.002043485641479492
24816,normal,224,0,1782358660.1942518,0.0018982887268066406
24817,normal,3636,0,1782358660.1961715,0.0019197463989257812
24818,normal,1847,0,1782358660.1984172,0.002245664596557617
24819,normal,1840,0,1782358660.2001188,0.0017015933990478516
24820,normal,3540,0,1782358660.2024617,0.0023429393768310547
24821,normal,1367,1,1782358660.2041833,0.0017216205596923828
24822,normal,2132,0,1782358660.206294,0.002110719680786133
24823,normal,945,2,1782358660.2083201,0.002026081085205078
24824,normal,2385,0,1782358660.2103732,0.0020530223846435547
24825,normal,1184,0,1782358660.2122865,0.001913309097290039
24826,normal,2523,0,1782358660.2141757,0.0018892288208007812
24827,normal,1230,0,1782358660.216419,0.0022432804107666016
24828,normal,1866,0,1782358660.2181191,0.0017001628875732422
24829,normal,3397,1,1782358660.2204776,0.0023584365844726562
24830,normal,2005,0,1782358660.2222564,0.0017788410186767578
24831,normal,308,0,1782358660.2242963,0.0020399093627929688
24832,normal,199,0,1782358660.226321,0.0020246505737304688
24833,normal,3153,1,1782358660.2284105,0.0020895004272460938
24834,normal,207,0,1782358660.230118,0.0017075538635253906
24835,normal,3176,1,1782358660.2324865,0.002368450164794922
24836,normal,2583,0,1782358660.2342694,0.0017828941345214844
24837,normal,746,0,1782358660.2363148,0.0020453929901123047
24838,normal,2502,0,1782358660.2383273,0.002012491226196289
24839,normal,3089,1,1782358660.2404158,0.0020885467529296875
24840,normal,431,0,1782358660.242118,0.0017020702362060547
24841,normal,154,0,1782358660.244481,0.0023632049560546875
24842,normal,1439,0,1782358660.2461782,0.0016970634460449219
24843,normal,597,0,1782358660.2484183,0.0022401809692382812
24844,normal,3384,1,1782358660.250194,0.0017757415771484375
24845,normal,1873,0,1782358660.25242,0.0022258758544921875
24846,normal,1337,1,1782358660.254119,0.0016989707946777344
24847,normal,1206,0,1782358660.2564044,0.002285480499267578
24848,normal,2064,0,1782358660.2581484,0.0017440319061279297
24849,normal,2113,0,1782358660.260411,0.002262592315673828
24850,normal,2397,0,1782358660.262198,0.001786947250366211
24851,normal,2686,0,1782358660.2644165,0.002218484878540039
24852,normal,961,2,1782358660.266119,0.0017025470733642578
24853,normal,2098,0,1782358660.2684963,0.0023772716522216797
24854,normal,847,2,1782358660.2702675,0.0017712116241455078
24855,normal,2967,0,1782358660.2722914,0.002023935317993164
24856,normal,587,0,1782358660.2743454,0.002053976058959961
24857,normal,1861,0,1782358660.276421,0.002075672149658203
24858,normal,1103,0,1782358660.2781193,0.0016982555389404297
24859,normal,1317,0,1782358660.2805026,0.0023832321166992188
24860,normal,1893,0,1782358660.2822623,0.0017597675323486328
24861,normal,104,0,1782358660.2842948,0.0020325183868408203
24862,normal,798,2,1782358660.2863522,0.002057313919067383
24863,normal,1912,0,1782358660.2884169,0.0020647048950195312
24864,normal,2359,0,1782358660.290117,0.0017001628875732422
24865,normal,2631,0,1782358660.2924833,0.002366304397583008
24866,normal,214,0,1782358660.2941875,0.0017042160034179688
24867,normal,834,2,1782358660.2964249,0.0022373199462890625
24868,normal,476,0,1782358660.2981536,0.0017287731170654297
24869,normal,2531,0,1782358660.3004565,0.002302885055541992
24870,normal,288,0,1782358660.3021197,0.0016632080078125
24871,normal,727,0,1782358660.3044121,0.0022923946380615234
24872,normal,1997,0,1782358660.3061419,0.001729726791381836
24873,normal,824,2,1782358660.308424,0.0022821426391601562
24874,normal,3580,0,1782358660.3101258,0.0017018318176269531
24875,normal,3447,0,1782358660.3124166,0.0022907257080078125
24876,normal,1044,0,1782358660.3141446,0.001728057861328125
24877,normal,1725,0,1782358660.3162622,0.002117633819580078
24878,normal,2329,0,1782358660.3182957,0.0020334720611572266
24879,normal,641,0,1782358660.321787,0.0034914016723632812
24880,normal,2507,0,1782358660.3221135,0.00032639503479003906
24881,normal,2305,0,1782358660.324407,0.0022935867309570312
24882,normal,3669,0,1782358660.326118,0.0017108917236328125
24883,normal,3257,1,1782358660.3284216,0.002303600311279297
24884,normal,1234,0,1782358660.3302567,0.0018351078033447266
24885,normal,2129,0,1782358660.332301,0.002044200897216797
24886,normal,3262,1,1782358660.3341377,0.0018367767333984375
24887,normal,156,0,1782358660.3364244,0.002286672592163086
24888,normal,2970,0,1782358660.3381174,0.0016930103302001953
24889,normal,1989,0,1782358660.3404303,0.002312898635864258
24890,normal,3282,1,1782358660.3421352,0.0017049312591552734
24891,normal,1249,0,1782358660.3444254,0.0022902488708496094
24892,normal,1366,1,1782358660.3461425,0.0017170906066894531
24893,normal,14,0,1782358660.3484352,0.002292633056640625
24894,normal,281,0,1782358660.350053,0.0016179084777832031
24895,normal,2353,0,1782358660.3520892,0.0020360946655273438
24896,normal,1473,0,1782358660.3542233,0.002134084701538086
24897,normal,2791,0,1782358660.3560603,0.001837015151977539
24898,normal,1104,0,1782358660.35843,0.0023696422576904297
24899,normal,3452,0,1782358660.3602297,0.0017998218536376953
24900,normal,245,0,1782358660.3622828,0.0020530223846435547
24901,normal,287,0,1782358660.364271,0.0019881725311279297
24902,normal,557,0,1782358660.366402,0.0021309852600097656
24903,normal,899,2,1782358660.3681142,0.0017123222351074219
24904,normal,554,0,1782358660.3703568,0.002242565155029297
24905,normal,615,0,1782358660.3721027,0.0017459392547607422
24906,normal,283,0,1782358660.37428,0.0021772384643554688
24907,normal,700,0,1782358660.3760471,0.0017671585083007812
24908,normal,1986,0,1782358660.3782146,0.0021674633026123047
24909,normal,3440,0,1782358660.3800588,0.001844167709350586
24910,normal,434,0,1782358660.382325,0.0022661685943603516
24911,normal,1818,0,1782358660.384213,0.0018880367279052734
24912,normal,1629,0,1782358660.3860593,0.0018463134765625
24913,normal,314,0,1782358660.3882859,0.002226591110229492
24914,normal,1995,0,1782358660.3902147,0.0019288063049316406
24915,normal,248,0,1782358660.3920846,0.0018699169158935547
24916,normal,1351,1,1782358660.394339,0.002254486083984375
24917,normal,464,0,1782358660.3962119,0.0018727779388427734
24918,normal,144,0,1782358660.398061,0.0018491744995117188
24919,normal,1782,0,1782358660.4002109,0.002149820327758789
24920,normal,509,0,1782358660.402213,0.002002239227294922
24921,normal,796,2,1782358660.404064,0.0018508434295654297
24922,normal,2414,0,1782358660.4062142,0.002150297164916992
24923,normal,2874,0,1782358660.408214,0.0019998550415039062
24924,normal,1672,0,1782358660.4100587,0.001844644546508789
24925,normal,3707,0,1782358660.412216,0.0021572113037109375
24926,normal,591,0,1782358660.4142141,0.0019981861114501953
24927,normal,682,0,1782358660.4160585,0.0018444061279296875
24928,normal,2422,0,1782358660.4182172,0.002158641815185547
24929,normal,2387,0,1782358660.4202151,0.0019979476928710938
24930,normal,3046,1,1782358660.4220595,0.0018444061279296875
24931,normal,44,0,1782358660.4242206,0.0021610260009765625
24932,normal,1590,0,1782358660.4262133,0.0019927024841308594
24933,normal,1142,0,1782358660.428063,0.0018496513366699219
24934,normal,263,0,1782358660.4302204,0.002157449722290039
24935,normal,486,0,1782358660.432215,0.001994609832763672
24936,normal,3392,1,1782358660.434231,0.0020160675048828125
24937,normal,1934,0,1782358660.4363432,0.002112150192260742
24938,normal,1200,0,1782358660.4383295,0.001986265182495117
24939,normal,2195,0,1782358660.4402354,0.0019059181213378906
24940,normal,2683,0,1782358660.4422297,0.0019943714141845703
24941,normal,2738,0,1782358660.4442225,0.0019927024841308594
24942,normal,989,2,1782358660.4460628,0.001840353012084961
24943,normal,2737,0,1782358660.44823,0.002167224884033203
24944,normal,1875,0,1782358660.4502141,0.001984119415283203
24945,normal,74,0,1782358660.4520626,0.001848459243774414
24946,normal,2509,0,1782358660.4542344,0.002171754837036133
24947,normal,1854,0,1782358660.4562306,0.001996278762817383
24948,normal,3219,1,1782358660.458068,0.0018372535705566406
24949,normal,3048,1,1782358660.4602332,0.0021653175354003906
24950,normal,2651,0,1782358660.4622245,0.00199127197265625
24951,normal,3255,1,1782358660.4640622,0.0018377304077148438
24952,normal,2504,0,1782358660.4663332,0.002270936965942383
24953,normal,1131,0,1782358660.4684303,0.0020971298217773438
24954,normal,2660,0,1782358660.4701183,0.0016880035400390625
24955,normal,2119,0,1782358660.4724717,0.0023534297943115234
24956,normal,3586,0,1782358660.4742692,0.0017974376678466797
24957,normal,1329,1,1782358660.4762957,0.0020265579223632812
24958,normal,1695,0,1782358660.478334,0.002038240432739258
24959,normal,3287,1,1782358660.4804132,0.0020792484283447266
24960,normal,3480,0,1782358660.4821186,0.0017054080963134766
24961,normal,1712,0,1782358660.4844737,0.0023550987243652344
24962,normal,3296,1,1782358660.4862695,0.0017957687377929688
24963,normal,2701,0,1782358660.4882975,0.0020279884338378906
24964,normal,1933,0,1782358660.490342,0.0020444393157958984
24965,normal,866,2,1782358660.4924142,0.0020723342895507812
24966,normal,1555,0,1782358660.4941173,0.001703023910522461
24967,normal,723,0,1782358660.4964848,0.0023674964904785156
24968,normal,2868,0,1782358660.4982688,0.0017840862274169922
24969,normal,3053,1,1782358660.5002959,0.0020270347595214844
24970,normal,655,0,1782358660.5023353,0.0020394325256347656
24971,normal,2211,0,1782358660.5044134,0.0020780563354492188
24972,normal,1106,0,1782358660.5061176,0.0017042160034179688
24973,normal,2327,0,1782358660.5084867,0.0023691654205322266
24974,normal,3318,1,1782358660.5102572,0.0017704963684082031
24975,normal,753,0,1782358660.5122843,0.0020270347595214844
24976,normal,2457,0,1782358660.5143425,0.002058267593383789
24977,normal,2722,0,1782358660.5164165,0.002074003219604492
24978,normal,806,2,1782358660.5181181,0.0017015933990478516
24979,normal,1878,0,1782358660.5204952,0.002377033233642578
24980,normal,3334,1,1782358660.522267,0.0017719268798828125
24981,normal,1147,0,1782358660.524325,0.002057790756225586
24982,normal,3172,1,1782358660.5263495,0.0020246505737304688
24983,normal,1906,0,1782358660.528417,0.00206756591796875
24984,normal,2546,0,1782358660.5301192,0.0017020702362060547
24985,normal,2056,0,1782358660.5324867,0.0023674964904785156
24986,normal,2687,0,1782358660.534273,0.0017862319946289062
24987,normal,3081,1,1782358660.5361156,0.0018427371978759766
24988,normal,2786,0,1782358660.5384128,0.0022971630096435547
24989,normal,1613,0,1782358660.5401423,0.0017294883728027344
24990,normal,606,0,1782358660.5424297,0.0022873878479003906
24991,normal,3123,1,1782358660.5441244,0.0016946792602539062
24992,normal,1178,0,1782358660.5464115,0.002287149429321289
24993,normal,1442,0,1782358660.548118,0.0017066001892089844
24994,normal,632,0,1782358660.550412,0.002293825149536133
24995,normal,1744,0,1782358660.552142,0.0017299652099609375
24996,normal,2866,0,1782358660.5544202,0.0022783279418945312
24997,normal,690,0,1782358660.5561278,0.0017075538635253906
24998,normal,1673,0,1782358660.5584152,0.0022873878479003906
24999,normal,3301,1,1782358660.5601125,0.0016973018646240234
25000,normal,2512,0,1782358660.5624185,0.0023059844970703125
25001,normal,3112,1,1782358660.5641437,0.0017251968383789062
25002,normal,3325,1,1782358660.5664246,0.0022809505462646484
25003,normal,2135,0,1782358660.5681345,0.0017099380493164062
25004,normal,2545,0,1782358660.5704124,0.002277851104736328
25005,normal,271,0,1782358660.5721183,0.0017058849334716797
25006,normal,1221,0,1782358660.5744278,0.002309560775756836
25007,normal,564,0,1782358660.5762498,0.0018219947814941406
25008,normal,3047,1,1782358660.5782897,0.0020399093627929688
25009,normal,2163,0,1782358660.5802674,0.001977682113647461
25010,normal,3478,0,1782358660.5824404,0.0021729469299316406
25011,normal,3371,1,1782358660.5841184,0.0016779899597167969
25012,normal,584,0,1782358660.5864406,0.0023221969604492188
25013,normal,1772,0,1782358660.588148,0.0017075538635253906
25014,normal,869,2,1782358660.5904176,0.0022695064544677734
25015,normal,732,0,1782358660.59216,0.0017423629760742188
25016,normal,3005,0,1782358660.5944324,0.002272367477416992
25017,normal,3536,0,1782358660.5961163,0.001683950424194336
25018,normal,2093,0,1782358660.5984259,0.002309560775756836
25019,normal,1070,0,1782358660.6001482,0.0017223358154296875
25020,normal,3199,1,1782358660.6024215,0.0022733211517333984
25021,normal,1017,2,1782358660.6041493,0.0017278194427490234
25022,normal,1630,0,1782358660.6064131,0.002263784408569336
25023,normal,703,0,1782358660.608118,0.0017049312591552734
25024,normal,1225,0,1782358660.6104105,0.0022923946380615234
25025,normal,1860,0,1782358660.612178,0.0017676353454589844
25026,normal,3373,1,1782358660.6144183,0.0022401809692382812
25027,normal,1774,0,1782358660.616155,0.0017366409301757812
25028,normal,151,0,1782358660.618416,0.0022611618041992188
25029,normal,2883,0,1782358660.620119,0.001703023910522461
25030,normal,88,0,1782358660.6224537,0.0023345947265625
25031,normal,1515,0,1782358660.624142,0.001688241958618164
25032,normal,2606,0,1782358660.6264231,0.00228118896484375
25033,normal,2616,0,1782358660.6281621,0.0017390251159667969
25034,normal,279,0,1782358660.6304164,0.0022542476654052734
25035,normal,2723,0,1782358660.632118,0.0017015933990478516
25036,normal,1793,0,1782358660.6344442,0.0023262500762939453
25037,normal,1423,0,1782358660.6362572,0.0018129348754882812
25038,normal,623,0,1782358660.6382897,0.0020325183868408203
25039,normal,3550,0,1782358660.6402586,0.001968860626220703
25040,normal,2294,0,1782358660.642296,0.002037525177001953
25041,normal,1676,0,1782358660.6442528,0.0019567012786865234
25042,normal,2841,0,1782358660.6461668,0.0019140243530273438
25043,normal,558,0,1782358660.648419,0.0022521018981933594
25044,normal,1264,0,1782358660.6501198,0.0017008781433105469
25045,normal,1614,0,1782358660.6524687,0.0023488998413085938
25046,normal,637,0,1782358660.6541424,0.0016736984252929688
25047,normal,758,0,1782358660.656416,0.0022735595703125
25048,normal,2481,0,1782358660.6581206,0.0017046928405761719
25049,normal,3471,0,1782358660.6603558,0.0022351741790771484
25050,normal,1740,0,1782358660.662236,0.0018801689147949219
25051,normal,3260,1,1782358660.6641681,0.0019321441650390625
25052,normal,1978,0,1782358660.6663613,0.0021932125091552734
25053,normal,3277,1,1782358660.668172,0.0018105506896972656
25054,normal,2724,0,1782358660.6703017,0.002129793167114258
25055,normal,3312,1,1782358660.6722171,0.0019154548645019531
25056,normal,1743,0,1782358660.674061,0.0018439292907714844
25057,normal,3528,0,1782358660.6762278,0.002166748046875
25058,normal,1939,0,1782358660.678216,0.0019881725311279297
25059,normal,2954,0,1782358660.6800597,0.0018436908721923828
25060,normal,2784,0,1782358660.6822293,0.0021696090698242188
25061,normal,2975,0,1782358660.684214,0.001984834671020508
25062,normal,1191,0,1782358660.6860614,0.0018472671508789062
25063,normal,2286,0,1782358660.6882324,0.002171039581298828
25064,normal,1250,0,1782358660.6902113,0.0019788742065429688
25065,normal,1513,0,1782358660.6920557,0.0018444061279296875
25066,normal,2200,0,1782358660.6942332,0.0021774768829345703
25067,normal,1669,0,1782358660.696216,0.0019829273223876953
25068,normal,1101,0,1782358660.6980608,0.001844644546508789
25069,normal,42,0,1782358660.700237,0.0021762847900390625
25070,normal,2535,0,1782358660.7022152,0.001978158950805664
25071,normal,2699,0,1782358660.7040617,0.0018465518951416016
25072,normal,2769,0,1782358660.7062705,0.002208709716796875
25073,normal,769,0,1782358660.708216,0.00194549560546875
25074,normal,3530,0,1782358660.7100592,0.0018432140350341797
25075,normal,1760,0,1782358660.712267,0.0022077560424804688
25076,normal,2752,0,1782358660.7142143,0.0019474029541015625
25077,normal,1976,0,1782358660.716059,0.001844644546508789
25078,normal,2415,0,1782358660.7182665,0.002207517623901367
25079,normal,501,0,1782358660.7202172,0.0019507408142089844
25080,normal,3286,1,1782358660.7220602,0.0018429756164550781
25081,normal,2331,0,1782358660.724278,0.0022177696228027344
25082,normal,2638,0,1782358660.7262137,0.001935720443725586
25083,normal,1819,0,1782358660.728061,0.0018472671508789062
25084,normal,1896,0,1782358660.7302716,0.0022106170654296875
25085,normal,1785,0,1782358660.7322142,0.0019426345825195312
25086,normal,391,0,1782358660.7340596,0.0018453598022460938
25087,normal,3181,1,1782358660.7362843,0.0022246837615966797
25088,normal,1990,0,1782358660.738215,0.0019307136535644531
25089,normal,771,0,1782358660.7400582,0.0018432140350341797
25090,normal,2322,0,1782358660.7422776,0.0022194385528564453
25091,normal,3575,0,1782358660.7442157,0.0019381046295166016
25092,normal,2692,0,1782358660.746061,0.0018453598022460938
25093,normal,3158,1,1782358660.7482822,0.0022211074829101562
25094,normal,1077,0,1782358660.750214,0.001931905746459961
25095,normal,3032,0,1782358660.752058,0.0018439292907714844
25096,normal,127,0,1782358660.7542832,0.002225160598754883
25097,normal,3320,1,1782358660.7562182,0.0019350051879882812
25098,normal,2719,0,1782358660.7580585,0.001840353012084961
25099,normal,541,0,1782358660.7602906,0.002232074737548828
25100,normal,2913,0,1782358660.7622197,0.0019290447235107422
25101,normal,2682,0,1782358660.76406,0.001840353012084961
25102,normal,1508,0,1782358660.7662878,0.002227783203125
25103,normal,1095,0,1782358660.7682197,0.001931905746459961
25104,normal,3022,0,1782358660.7700589,0.0018391609191894531
25105,normal,1132,0,1782358660.77229,0.002231121063232422
25106,normal,2425,0,1782358660.774213,0.0019230842590332031
25107,normal,3336,1,1782358660.7760572,0.001844167709350586
25108,normal,478,0,1782358660.7782922,0.002234935760498047
25109,normal,978,2,1782358660.7802167,0.0019245147705078125
25110,normal,2617,0,1782358660.7820604,0.0018436908721923828
25111,normal,801,2,1782358660.7843113,0.0022509098052978516
25112,normal,2394,0,1782358660.786223,0.0019116401672363281
25113,normal,3421,0,1782358660.7880614,0.0018384456634521484
25114,normal,2986,0,1782358660.7902973,0.002235889434814453
25115,normal,855,2,1782358660.7922242,0.0019268989562988281
25116,normal,3256,1,1782358660.7940598,0.0018355846405029297
25117,normal,2756,0,1782358660.7962294,0.0021696090698242188
25118,normal,1088,0,1782358660.7982159,0.0019865036010742188
25119,normal,2325,0,1782358660.8000615,0.0018455982208251953
25120,normal,2816,0,1782358660.8023028,0.002241373062133789
25121,normal,969,2,1782358660.8042147,0.0019118785858154297
25122,normal,1635,0,1782358660.806057,0.0018422603607177734
25123,normal,3348,1,1782358660.808304,0.0022470951080322266
25124,normal,942,2,1782358660.8102176,0.0019135475158691406
25125,normal,919,2,1782358660.8120635,0.0018458366394042969
25126,normal,2805,0,1782358660.814308,0.0022444725036621094
25127,normal,16,0,1782358660.8162148,0.0019068717956542969
25128,normal,1146,0,1782358660.818058,0.0018432140350341797
25129,normal,2464,0,1782358660.8203177,0.0022597312927246094
25130,normal,121,0,1782358660.822216,0.0018982887268066406
25131,normal,1299,0,1782358660.8240583,0.0018422603607177734
25132,normal,2727,0,1782358660.8263164,0.0022580623626708984
25133,normal,791,2,1782358660.8282166,0.0019001960754394531
25134,normal,2069,0,1782358660.830059,0.001842498779296875
25135,normal,126,0,1782358660.8323152,0.002256155014038086
25136,normal,556,0,1782358660.8342147,0.0018994808197021484
25137,normal,1532,0,1782358660.836059,0.0018444061279296875
25138,normal,3019,0,1782358660.8383186,0.002259492874145508
25139,normal,2074,0,1782358660.8402135,0.0018949508666992188
25140,normal,2181,0,1782358660.8420608,0.0018472671508789062
25141,normal,862,2,1782358660.84433,0.002269268035888672
25142,normal,41,0,1782358660.8462195,0.0018894672393798828
25143,normal,2075,0,1782358660.84806,0.001840353012084961
25144,normal,2640,0,1782358660.8503258,0.00226593017578125
25145,normal,2604,0,1782358660.8522193,0.0018935203552246094
25146,normal,908,2,1782358660.8540618,0.001842498779296875
25147,normal,2485,0,1782358660.856322,0.0022602081298828125
25148,normal,1273,0,1782358660.8582144,0.0018923282623291016
25149,normal,1363,1,1782358660.860061,0.0018465518951416016
25150,normal,0,0,1782358660.8622105,0.0021495819091796875
25151,normal,1065,0,1782358660.8642263,0.002015829086303711
25152,normal,2265,0,1782358660.8660576,0.0018312931060791016
25153,normal,3259,1,1782358660.868224,0.002166271209716797
25154,normal,1333,1,1782358660.870212,0.0019881725311279297
25155,normal,2241,0,1782358660.872062,0.0018498897552490234
25156,normal,1243,0,1782358660.8742096,0.002147674560546875
25157,normal,2023,0,1782358660.8762138,0.0020041465759277344
25158,normal,1576,0,1782358660.8780656,0.001851797103881836
25159,normal,339,0,1782358660.8802114,0.0021457672119140625
25160,normal,2166,0,1782358660.8822134,0.0020020008087158203
25161,normal,1268,0,1782358660.8840594,0.0018460750579833984
25162,normal,1728,0,1782358660.8862126,0.002153158187866211
25163,normal,1098,0,1782358660.8882127,0.002000093460083008
25164,normal,2194,0,1782358660.8900614,0.0018486976623535156
25165,normal,2898,0,1782358660.8922155,0.002154111862182617
25166,normal,2209,0,1782358660.894213,0.0019974708557128906
25167,normal,1941,0,1782358660.8960576,0.001844644546508789
25168,normal,1943,0,1782358660.8982189,0.002161264419555664
25169,normal,2346,0,1782358660.900216,0.001997232437133789
25170,normal,1117,0,1782358660.9020572,0.0018410682678222656
25171,normal,1386,0,1782358660.9042203,0.0021631717681884766
25172,normal,2928,0,1782358660.9062123,0.0019919872283935547
25173,normal,3368,1,1782358660.9080598,0.0018475055694580078
25174,normal,354,0,1782358660.9102216,0.002161741256713867
25175,normal,2556,0,1782358660.912227,0.002005338668823242
25176,normal,87,0,1782358660.9140587,0.0018317699432373047
25177,normal,3117,1,1782358660.916229,0.0021703243255615234
25178,normal,1417,0,1782358660.9180596,0.0018305778503417969
25179,normal,1323,1,1782358660.9202142,0.0021545886993408203
25180,normal,1257,0,1782358660.9220762,0.0018620491027832031
25181,normal,930,2,1782358660.9242177,0.0021414756774902344
25182,normal,2466,0,1782358660.926059,0.0018413066864013672
25183,normal,1631,0,1782358660.9280791,0.002020120620727539
25184,normal,2856,0,1782358660.9301026,0.002023458480834961
25185,normal,2889,0,1782358660.9320698,0.001967191696166992
25186,normal,2263,0,1782358660.9340668,0.0019969940185546875
25187,normal,2550,0,1782358660.9360855,0.0020186901092529297
25188,normal,3139,1,1782358660.9380805,0.001995086669921875
25189,normal,814,2,1782358660.9400203,0.0019397735595703125
25190,normal,1216,0,1782358660.942004,0.001983642578125
25191,normal,347,0,1782358660.9440606,0.002056598663330078
25192,normal,1871,0,1782358660.9459896,0.0019290447235107422
25193,normal,1832,0,1782358660.948065,0.0020754337310791016
25194,normal,1918,0,1782358660.9501185,0.002053499221801758
25195,normal,2409,0,1782358660.9520082,0.0018897056579589844
25196,normal,67,0,1782358660.9540598,0.0020515918731689453
25197,normal,3526,0,1782358660.956156,0.0020961761474609375
25198,normal,2892,0,1782358660.9580283,0.0018723011016845703
25199,normal,2931,0,1782358660.9600525,0.0020241737365722656
25200,normal,3679,0,1782358660.9620285,0.00197601318359375
25201,normal,2298,0,1782358660.9643238,0.002295255661010742
25202,normal,2912,0,1782358660.96605,0.0017261505126953125
25203,normal,1666,0,1782358660.9681122,0.0020623207092285156
25204,normal,1055,0,1782358660.9700117,0.0018994808197021484
25205,normal,2348,0,1782358660.9720778,0.0020661354064941406
25206,normal,870,2,1782358660.97421,0.0021321773529052734
25207,normal,1339,1,1782358660.9760158,0.0018057823181152344
25208,normal,1880,0,1782358660.9780784,0.002062559127807617
25209,normal,1609,0,1782358660.9802122,0.0021338462829589844
25210,normal,253,0,1782358660.9821007,0.0018885135650634766
25211,normal,2755,0,1782358660.9842203,0.0021195411682128906
25212,normal,506,0,1782358660.9860604,0.0018401145935058594
25213,normal,642,0,1782358660.9881728,0.0021123886108398438
25214,normal,2953,0,1782358660.9900806,0.0019078254699707031
25215,normal,3329,1,1782358660.9922194,0.002138853073120117
25216,normal,274,0,1782358660.994106,0.001886606216430664
25217,normal,2671,0,1782358660.9962971,0.0021910667419433594
25218,normal,2772,0,1782358660.9980485,0.0017514228820800781
25219,normal,3417,0,1782358661.0001087,0.0020601749420166016
25220,normal,2315,0,1782358661.0020764,0.0019676685333251953
25221,normal,2406,0,1782358661.0042133,0.0021369457244873047
25222,normal,2751,0,1782358661.0061107,0.0018973350524902344
25223,normal,1285,0,1782358661.008218,0.002107381820678711
25224,normal,2162,0,1782358661.0100574,0.0018393993377685547
25225,normal,3484,0,1782358661.0121145,0.0020570755004882812
25226,normal,1149,0,1782358661.0140762,0.0019617080688476562
25227,normal,1681,0,1782358661.0162122,0.0021359920501708984
25228,normal,1915,0,1782358661.018116,0.0019037723541259766
25229,normal,323,0,1782358661.020405,0.0022890567779541016
25230,normal,166,0,1782358661.0220726,0.0016674995422363281
25231,normal,148,0,1782358661.0243068,0.002234220504760742
25232,normal,1272,0,1782358661.026215,0.0019083023071289062
25233,normal,921,2,1782358661.0280652,0.001850128173828125
25234,normal,1486,0,1782358661.030308,0.0022428035736083984
25235,normal,1603,0,1782358661.0322244,0.0019164085388183594
25236,normal,197,0,1782358661.0340629,0.0018384456634521484
25237,normal,1306,0,1782358661.0363033,0.002240419387817383
25238,normal,3565,0,1782358661.038217,0.0019137859344482422
25239,normal,2870,0,1782358661.04006,0.0018429756164550781
25240,normal,461,0,1782358661.0422914,0.0022313594818115234
25241,normal,1966,0,1782358661.0442169,0.0019254684448242188
25242,normal,449,0,1782358661.0460594,0.001842498779296875
25243,normal,2070,0,1782358661.048306,0.0022466182708740234
25244,normal,321,0,1782358661.0502136,0.0019075870513916016
25245,normal,2487,0,1782358661.052061,0.0018475055694580078
25246,normal,2703,0,1782358661.0543096,0.002248525619506836
25247,normal,3512,0,1782358661.0562136,0.0019040107727050781
25248,normal,3109,1,1782358661.0580583,0.001844644546508789
25249,normal,2455,0,1782358661.060333,0.002274751663208008
25250,normal,2215,0,1782358661.0622137,0.001880645751953125
25251,normal,2853,0,1782358661.0640588,0.0018451213836669922
25252,normal,2138,0,1782358661.0663161,0.0022573471069335938
25253,normal,1745,0,1782358661.0682187,0.0019025802612304688
25254,normal,3697,0,1782358661.0700588,0.0018401145935058594
25255,normal,2865,0,1782358661.0723143,0.0022554397583007812
25256,normal,3561,0,1782358661.0742185,0.0019042491912841797
25257,normal,1950,0,1782358661.0760615,0.0018429756164550781
25258,normal,552,0,1782358661.0783207,0.0022592544555664062
25259,normal,3120,1,1782358661.0802197,0.0018990039825439453
25260,normal,802,2,1782358661.08206,0.001840353012084961
25261,normal,3674,0,1782358661.0843215,0.0022614002227783203
25262,normal,3634,0,1782358661.0862193,0.0018978118896484375
25263,normal,3703,0,1782358661.0880792,0.001859903335571289
25264,normal,2116,0,1782358661.0903218,0.002242565155029297
25265,normal,752,0,1782358661.0922143,0.0018925666809082031
25266,normal,3496,0,1782358661.0940585,0.001844167709350586
25267,normal,1051,0,1782358661.0963247,0.0022661685943603516
25268,normal,1721,0,1782358661.0982153,0.0018906593322753906
25269,normal,1717,0,1782358661.1000612,0.0018458366394042969
25270,normal,230,0,1782358661.1023278,0.0022666454315185547
25271,normal,2576,0,1782358661.104219,0.0018911361694335938
25272,normal,2983,0,1782358661.1060593,0.001840353012084961
25273,normal,1148,0,1782358661.1083121,0.002252817153930664
25274,normal,3024,0,1782358661.110213,0.0019009113311767578
25275,normal,3695,0,1782358661.1120627,0.0018496513366699219
25276,normal,85,0,1782358661.1142123,0.0021495819091796875
25277,normal,1803,0,1782358661.1162148,0.0020024776458740234
25278,normal,2893,0,1782358661.1180596,0.0018448829650878906
25279,normal,3658,0,1782358661.1202245,0.0021648406982421875
25280,normal,2654,0,1782358661.1222131,0.001988649368286133
25281,normal,3327,1,1782358661.124063,0.0018498897552490234
25282,normal,2077,0,1782358661.126216,0.0021529197692871094
25283,normal,2253,0,1782358661.1282153,0.001999378204345703
25284,normal,57,0,1782358661.130061,0.0018455982208251953
25285,normal,1007,2,1782358661.1322196,0.002158641815185547
25286,normal,979,2,1782358661.134215,0.001995563507080078
25287,normal,2653,0,1782358661.1360588,0.0018436908721923828
25288,normal,3196,1,1782358661.138209,0.002150297164916992
25289,normal,1358,1,1782358661.1402178,0.002008676528930664
25290,normal,996,2,1782358661.1420631,0.0018453598022460938
25291,normal,1619,0,1782358661.1442225,0.0021593570709228516
25292,normal,131,0,1782358661.1462169,0.0019943714141845703
25293,normal,3494,0,1782358661.14806,0.0018432140350341797
25294,normal,2380,0,1782358661.150224,0.0021638870239257812
25295,normal,1419,0,1782358661.1522145,0.0019905567169189453
25296,normal,1391,0,1782358661.1540592,0.001844644546508789
25297,normal,2587,0,1782358661.1562147,0.0021555423736572266
25298,normal,2144,0,1782358661.1582167,0.0020020008087158203
25299,normal,2247,0,1782358661.1600623,0.0018455982208251953
25300,normal,2043,0,1782358661.1622312,0.002168893814086914
25301,normal,459,0,1782358661.1642141,0.0019829273223876953
25302,normal,306,0,1782358661.1660614,0.0018472671508789062
25303,normal,33,0,1782358661.1682336,0.002172231674194336
25304,normal,618,0,1782358661.1702156,0.001981973648071289
25305,normal,1026,2,1782358661.1720629,0.0018472671508789062
25306,normal,3618,0,1782358661.1742373,0.00217437744140625
25307,normal,2827,0,1782358661.1762133,0.00197601318359375
25308,normal,2582,0,1782358661.178063,0.0018496513366699219
25309,normal,1642,0,1782358661.1802366,0.0021736621856689453
25310,normal,877,2,1782358661.1822135,0.0019769668579101562
25311,normal,371,0,1782358661.1840613,0.0018477439880371094
25312,normal,2297,0,1782358661.1862648,0.0022034645080566406
25313,normal,392,0,1782358661.1882188,0.0019540786743164062
25314,normal,2094,0,1782358661.1900594,0.0018405914306640625
25315,normal,467,0,1782358661.1922672,0.0022077560424804688
25316,normal,2009,0,1782358661.1942625,0.0019953250885009766
25317,normal,1133,0,1782358661.1961102,0.0018477439880371094
25318,normal,1823,0,1782358661.1982694,0.00215911865234375
25319,normal,603,0,1782358661.200216,0.0019466876983642578
25320,normal,775,2,1782358661.2020586,0.001842498779296875
25321,normal,573,0,1782358661.2042751,0.0022165775299072266
25322,normal,709,0,1782358661.2062273,0.0019521713256835938
25323,normal,335,0,1782358661.2080593,0.0018320083618164062
25324,normal,150,0,1782358661.2102737,0.0022144317626953125
25325,normal,3314,1,1782358661.212213,0.0019392967224121094
25326,normal,1852,0,1782358661.2140586,0.0018455982208251953
25327,normal,1036,0,1782358661.216274,0.0022153854370117188
25328,normal,313,0,1782358661.2182157,0.001941680908203125
25329,normal,1347,1,1782358661.2200623,0.0018465518951416016
25330,normal,2525,0,1782358661.222211,0.0021486282348632812
25331,normal,3222,1,1782358661.2242124,0.002001523971557617
25332,normal,3339,1,1782358661.2260582,0.0018458366394042969
25333,normal,2595,0,1782358661.2282908,0.0022325515747070312
25334,normal,3236,1,1782358661.2302132,0.0019223690032958984
25335,normal,3409,0,1782358661.2320626,0.0018494129180908203
25336,normal,1030,0,1782358661.2342834,0.0022208690643310547
25337,normal,485,0,1782358661.2362168,0.0019333362579345703
25338,normal,2096,0,1782358661.2380772,0.0018603801727294922
25339,normal,1445,0,1782358661.2402973,0.00222015380859375
25340,normal,2230,0,1782358661.2422185,0.0019211769104003906
25341,normal,1136,0,1782358661.2440603,0.0018417835235595703
25342,normal,3177,1,1782358661.2462895,0.0022292137145996094
25343,normal,879,2,1782358661.248062,0.0017724037170410156
25344,normal,3195,1,1782358661.2500608,0.0019989013671875
25345,normal,787,2,1782358661.2522933,0.0022325515747070312
25346,normal,2275,0,1782358661.2542157,0.0019223690032958984
25347,normal,318,0,1782358661.256066,0.0018503665924072266
25348,normal,3062,1,1782358661.2582953,0.0022292137145996094
25349,normal,621,0,1782358661.2602148,0.0019195079803466797
25350,normal,2048,0,1782358661.2620585,0.0018436908721923828
25351,normal,2521,0,1782358661.264317,0.0022585391998291016
25352,normal,1820,0,1782358661.2662134,0.0018963813781738281
25353,normal,1050,0,1782358661.26806,0.0018465518951416016
25354,normal,1425,0,1782358661.2702973,0.0022373199462890625
25355,normal,2982,0,1782358661.2722156,0.0019183158874511719
25356,normal,1297,0,1782358661.27406,0.0018444061279296875
25357,normal,1959,0,1782358661.276302,0.0022420883178710938
25358,normal,1644,0,1782358661.2782128,0.0019106864929199219
25359,normal,2667,0,1782358661.2800574,0.001844644546508789
25360,normal,1584,0,1782358661.2823033,0.0022459030151367188
25361,normal,396,0,1782358661.2842162,0.001912832260131836
25362,normal,1637,0,1782358661.286074,0.001857757568359375
25363,normal,3538,0,1782358661.2883077,0.002233743667602539
25364,normal,3403,0,1782358661.2902188,0.001911163330078125
25365,normal,2911,0,1782358661.2920609,0.0018420219421386719
25366,normal,2341,0,1782358661.2943175,0.002256631851196289
25367,normal,2609,0,1782358661.2962797,0.0019621849060058594
25368,normal,3169,1,1782358661.2980938,0.001814126968383789
25369,normal,1231,0,1782358661.3004208,0.00232696533203125
25370,normal,1867,0,1782358661.3020697,0.0016489028930664062
25371,normal,2411,0,1782358661.304216,0.0021462440490722656
25372,normal,1153,0,1782358661.3061368,0.001920938491821289
25373,normal,3434,0,1782358661.308279,0.002142190933227539
25374,normal,2895,0,1782358661.3102124,0.0019333362579345703
25375,normal,3323,1,1782358661.31232,0.0021076202392578125
25376,normal,3133,1,1782358661.314403,0.0020830631256103516
25377,normal,761,0,1782358661.3161185,0.0017154216766357422
25378,normal,2814,0,1782358661.3184423,0.0023238658905029297
25379,normal,2888,0,1782358661.3202045,0.0017621517181396484
25380,normal,2901,0,1782358661.3222632,0.002058744430541992
25381,normal,627,0,1782358661.32433,0.0020668506622314453
25382,normal,167,0,1782358661.3264184,0.002088308334350586
25383,normal,1558,0,1782358661.3281186,0.0017001628875732422
25384,normal,3052,1,1782358661.3304455,0.00232696533203125
25385,normal,3246,1,1782358661.332145,0.0016994476318359375
25386,normal,2160,0,1782358661.3353224,0.0031774044036865234
25387,normal,1073,0,1782358661.3361163,0.0007939338684082031
25388,normal,93,0,1782358661.3393445,0.0032281875610351562
25389,normal,2822,0,1782358661.3402977,0.0009531974792480469
25390,normal,246,0,1782358661.342294,0.001996278762817383
25391,normal,3359,1,1782358661.3443084,0.0020143985748291016
25392,normal,822,2,1782358661.3462567,0.0019483566284179688
25393,normal,1183,0,1782358661.3483422,0.002085447311401367
25394,normal,1529,0,1782358661.3501194,0.0017771720886230469
25395,normal,3292,1,1782358661.3522346,0.0021152496337890625
25396,normal,705,0,1782358661.35406,0.0018253326416015625
25397,normal,2644,0,1782358661.3562233,0.002163410186767578
25398,normal,2465,0,1782358661.3580637,0.001840353012084961
25399,normal,553,0,1782358661.360214,0.002150297164916992
25400,normal,2027,0,1782358661.362217,0.0020029544830322266
25401,normal,1074,0,1782358661.364065,0.001847982406616211
25402,normal,1474,0,1782358661.3662157,0.0021507740020751953
25403,normal,770,0,1782358661.3682227,0.002007007598876953
25404,normal,3595,0,1782358661.3701334,0.0019106864929199219
25405,normal,3151,1,1782358661.3720653,0.001931905746459961
25406,normal,2015,0,1782358661.374219,0.002153635025024414
25407,normal,3149,1,1782358661.3760586,0.0018396377563476562
25408,normal,1539,0,1782358661.3782218,0.0021631717681884766
25409,normal,1898,0,1782358661.3802166,0.0019948482513427734
25410,normal,1170,0,1782358661.3820603,0.0018436908721923828
25411,normal,71,0,1782358661.3842237,0.002163410186767578
25412,normal,512,0,1782358661.3862157,0.0019919872283935547
25413,normal,1402,0,1782358661.3880596,0.0018439292907714844
25414,normal,312,0,1782358661.3902693,0.0022096633911132812
25415,normal,358,0,1782358661.392214,0.0019447803497314453
25416,normal,1527,0,1782358661.3940663,0.001852273941040039
25417,normal,3605,0,1782358661.3962352,0.002168893814086914
25418,normal,3688,0,1782358661.3982143,0.0019791126251220703
25419,normal,1260,0,1782358661.4000616,0.0018472671508789062
25420,normal,2782,0,1782358661.4022293,0.0021677017211914062
25421,normal,1440,0,1782358661.4042122,0.0019829273223876953
25422,normal,162,0,1782358661.406059,0.0018467903137207031
25423,normal,2691,0,1782358661.408216,0.002156972885131836
25424,normal,1202,0,1782358661.4102292,0.0020132064819335938
25425,normal,2221,0,1782358661.4120586,0.001829385757446289
25426,normal,2477,0,1782358661.4142342,0.002175569534301758
25427,normal,3654,0,1782358661.41622,0.001985788345336914
25428,normal,2013,0,1782358661.4180999,0.0018799304962158203
25429,normal,1072,0,1782358661.4202654,0.002165555953979492
25430,normal,301,0,1782358661.4222298,0.0019643306732177734
25431,normal,1217,0,1782358661.4240603,0.0018305778503417969
25432,normal,1699,0,1782358661.4262688,0.0022084712982177734
25433,normal,3250,1,1782358661.4282188,0.0019500255584716797
25434,normal,1091,0,1782358661.4300616,0.0018427371978759766
25435,normal,639,0,1782358661.4322717,0.0022101402282714844
25436,normal,1304,0,1782358661.434214,0.0019423961639404297
25437,normal,2407,0,1782358661.4360578,0.0018436908721923828
25438,normal,884,2,1782358661.4382107,0.0021529197692871094
25439,normal,3337,1,1782358661.4402192,0.0020084381103515625
25440,normal,3098,1,1782358661.442058,0.0018389225006103516
25441,normal,1429,0,1782358661.4442723,0.002214193344116211
25442,normal,2049,0,1782358661.4462159,0.0019435882568359375
25443,normal,3213,1,1782358661.4480617,0.0018458366394042969
25444,normal,3248,1,1782358661.4502745,0.0022127628326416016
25445,normal,2693,0,1782358661.452213,0.0019385814666748047
25446,normal,927,2,1782358661.4540596,0.0018465518951416016
25447,normal,1253,0,1782358661.456222,0.002162456512451172
25448,normal,2452,0,1782358661.4582188,0.001996755599975586
25449,normal,1762,0,1782358661.4600606,0.0018417835235595703
25450,normal,1899,0,1782358661.4622786,0.002218008041381836
25451,normal,1920,0,1782358661.4642162,0.0019376277923583984
25452,normal,1407,0,1782358661.4660592,0.0018429756164550781
25453,normal,666,0,1782358661.4682813,0.0022220611572265625
25454,normal,1634,0,1782358661.4702106,0.0019292831420898438
25455,normal,2713,0,1782358661.4720595,0.0018489360809326172
25456,normal,275,0,1782358661.4742835,0.002223968505859375
25457,normal,762,0,1782358661.4762096,0.0019261837005615234
25458,normal,1812,0,1782358661.4780598,0.001850128173828125
25459,normal,1882,0,1782358661.4802876,0.002227783203125
25460,normal,2872,0,1782358661.4822078,0.0019202232360839844
25461,normal,2134,0,1782358661.4840734,0.0018656253814697266
25462,normal,2454,0,1782358661.4862983,0.0022249221801757812
25463,normal,2115,0,1782358661.488209,0.0019106864929199219
25464,normal,1436,0,1782358661.4900596,0.0018506050109863281
25465,normal,920,2,1782358661.4922967,0.002237081527709961
25466,normal,1067,0,1782358661.4942303,0.0019335746765136719
25467,normal,646,0,1782358661.496068,0.0018377304077148438
25468,normal,66,0,1782358661.4982986,0.0022306442260742188
25469,normal,1466,0,1782358661.500219,0.001920461654663086
25470,normal,3430,0,1782358661.5020587,0.0018396377563476562
25471,normal,2873,0,1782358661.504301,0.0022423267364501953
25472,normal,147,0,1782358661.5062737,0.001972675323486328
25473,normal,1735,0,1782358661.508103,0.0018291473388671875
25474,normal,2929,0,1782358661.5104246,0.0023217201232910156
25475,normal,3578,0,1782358661.5121825,0.0017578601837158203
25476,normal,1732,0,1782358661.514421,0.0022385120391845703
25477,normal,2402,0,1782358661.5161314,0.0017104148864746094
25478,normal,394,0,1782358661.5184176,0.002286195755004883
25479,normal,2314,0,1782358661.520117,0.0016994476318359375
25480,normal,1145,0,1782358661.5224173,0.002300262451171875
25481,normal,750,0,1782358661.5242255,0.00180816650390625
25482,normal,1546,0,1782358661.5262873,0.0020618438720703125
25483,normal,3328,1,1782358661.5282738,0.0019865036010742188
25484,normal,3342,1,1782358661.5303605,0.002086639404296875
25485,normal,3588,0,1782358661.532118,0.0017576217651367188
25486,normal,1083,0,1782358661.5344243,0.002306222915649414
25487,normal,1957,0,1782358661.5361469,0.001722574234008789
25488,normal,3663,0,1782358661.538426,0.002279043197631836
25489,normal,1704,0,1782358661.5401416,0.0017156600952148438
25490,normal,2608,0,1782358661.5424156,0.002274036407470703
25491,normal,1761,0,1782358661.544118,0.0017023086547851562
25492,normal,3269,1,1782358661.5464425,0.0023245811462402344
25493,normal,1816,0,1782358661.5481577,0.0017151832580566406
25494,normal,2838,0,1782358661.5504212,0.0022635459899902344
25495,normal,2994,0,1782358661.552147,0.0017256736755371094
25496,normal,2268,0,1782358661.554431,0.0022840499877929688
25497,normal,1102,0,1782358661.5561185,0.0016875267028808594
25498,normal,2672,0,1782358661.5584474,0.0023288726806640625
25499,normal,3389,1,1782358661.5601416,0.0016942024230957031
25500,normal,3074,1,1782358661.562395,0.0022535324096679688
25501,normal,1900,0,1782358661.564288,0.0018928050994873047
25502,normal,1536,0,1782358661.566276,0.0019881725311279297
25503,normal,2526,0,1782358661.5690892,0.002813100814819336
25504,normal,1352,1,1782358661.5700724,0.0009832382202148438
25505,normal,680,0,1782358661.5722184,0.002146005630493164
25506,normal,3614,0,1782358661.574032,0.001813650131225586
25507,normal,2110,0,1782358661.5761583,0.0021262168884277344
25508,normal,1662,0,1782358661.5780964,0.0019381046295166016
25509,normal,1441,0,1782358661.5800378,0.0019414424896240234
25510,normal,1848,0,1782358661.582151,0.0021131038665771484
25511,normal,2570,0,1782358661.5841172,0.001966238021850586
25512,normal,98,0,1782358661.5862706,0.0021533966064453125
25513,normal,437,0,1782358661.588349,0.002078533172607422
25514,normal,3375,1,1782358661.5901794,0.0018303394317626953
25515,normal,538,0,1782358661.592064,0.00188446044921875
25516,normal,1562,0,1782358661.594303,0.0022389888763427734
25517,normal,489,0,1782358661.596179,0.0018761157989501953
25518,normal,3360,1,1782358661.598072,0.0018930435180664062
25519,normal,1598,0,1782358661.6001823,0.0021102428436279297
25520,normal,3542,0,1782358661.6021616,0.001979351043701172
25521,normal,3155,1,1782358661.6040847,0.0019230842590332031
25522,normal,3072,1,1782358661.6061816,0.002096891403198242
25523,normal,1801,0,1782358661.6081507,0.0019690990447998047
25524,normal,1701,0,1782358661.6101942,0.002043485641479492
25525,normal,1157,0,1782358661.612301,0.002106904983520508
25526,normal,84,0,1782358661.6142902,0.001989126205444336
25527,normal,954,2,1782358661.6160989,0.0018086433410644531
25528,normal,191,0,1782358661.6182876,0.0021886825561523438
25529,normal,776,2,1782358661.6202893,0.0020017623901367188
25530,normal,1628,0,1782358661.6220944,0.0018050670623779297
25531,normal,3295,1,1782358661.6243021,0.0022077560424804688
25532,normal,294,0,1782358661.6262977,0.001995563507080078
25533,normal,1422,0,1782358661.6281276,0.0018298625946044922
25534,normal,3603,0,1782358661.6302955,0.002167940139770508
25535,normal,344,0,1782358661.6322856,0.001990079879760742
25536,normal,1281,0,1782358661.634101,0.0018153190612792969
25537,normal,502,0,1782358661.6362917,0.002190828323364258
25538,normal,1274,0,1782358661.6382866,0.0019948482513427734
25539,normal,2463,0,1782358661.640102,0.0018153190612792969
25540,normal,398,0,1782358661.642301,0.0021991729736328125
25541,normal,1754,0,1782358661.6442912,0.001990079879760742
25542,normal,1710,0,1782358661.6460955,0.001804351806640625
25543,normal,499,0,1782358661.6482737,0.002178192138671875
25544,normal,888,2,1782358661.6502905,0.002016782760620117
25545,normal,988,2,1782358661.6532845,0.002994060516357422
25546,normal,356,0,1782358661.6544363,0.0011518001556396484
25547,normal,1143,0,1782358661.6567042,0.0022678375244140625
25548,normal,3352,1,1782358661.6594145,0.0027103424072265625
25549,normal,3141,1,1782358661.660084,0.0006694793701171875
25550,normal,873,2,1782358661.662351,0.0022668838500976562
25551,normal,1324,1,1782358661.6645484,0.0021975040435791016
25552,normal,1953,0,1782358661.666255,0.0017066001892089844
25553,normal,3252,1,1782358661.6682646,0.0020096302032470703
25554,normal,3511,0,1782358661.6700974,0.001832723617553711
25555,normal,3281,1,1782358661.6722891,0.002191781997680664
25556,normal,2235,0,1782358661.6742103,0.0019211769104003906
25557,normal,3239,1,1782358661.6761677,0.001957416534423828
25558,normal,3188,1,1782358661.6781826,0.0020148754119873047
25559,normal,3045,1,1782358661.6802888,0.002106189727783203
25560,normal,2289,0,1782358661.6821806,0.0018918514251708984
25561,normal,1563,0,1782358661.6842773,0.0020966529846191406
25562,normal,1789,0,1782358661.6861806,0.0019032955169677734
25563,normal,1684,0,1782358661.6881306,0.0019500255584716797
25564,normal,1062,0,1782358661.6901772,0.0020465850830078125
25565,normal,3070,1,1782358661.6922543,0.0020771026611328125
25566,normal,2130,0,1782358661.6941862,0.001931905746459961
25567,normal,3182,1,1782358661.6961818,0.001995563507080078
25568,normal,2366,0,1782358661.6982543,0.002072572708129883
25569,normal,3319,1,1782358661.7000995,0.0018451213836669922
25570,normal,2600,0,1782358661.7021644,0.002064943313598633
25571,normal,2225,0,1782358661.7042205,0.002056121826171875
25572,normal,1399,0,1782358661.7060592,0.00183868408203125
25573,normal,2881,0,1782358661.7081418,0.0020825862884521484
25574,normal,262,0,1782358661.7101424,0.002000570297241211
25575,normal,741,0,1782358661.7120318,0.0018894672393798828
25576,normal,2996,0,1782358661.714332,0.002300262451171875
25577,normal,3590,0,1782358661.7162232,0.0018911361694335938
25578,normal,2326,0,1782358661.718196,0.001972675323486328
25579,normal,810,2,1782358661.7204022,0.0022063255310058594
25580,normal,2367,0,1782358661.7221422,0.0017399787902832031
25581,normal,343,0,1782358661.724299,0.0021567344665527344
25582,normal,3459,0,1782358661.7262979,0.0019989013671875
25583,normal,2922,0,1782358661.728176,0.0018782615661621094
25584,normal,2663,0,1782358661.730029,0.0018529891967773438
25585,normal,3514,0,1782358661.7321296,0.0021004676818847656
25586,normal,1636,0,1782358661.7341402,0.0020105838775634766
25587,normal,3441,0,1782358661.7361042,0.001964092254638672
25588,normal,1122,0,1782358661.73812,0.002015829086303711
25589,normal,1901,0,1782358661.740119,0.0019989013671875
25590,normal,3372,1,1782358661.7420192,0.0019001960754394531
25591,normal,2854,0,1782358661.7444696,0.0024504661560058594
25592,normal,2081,0,1782358661.7464275,0.0019578933715820312
25593,normal,2612,0,1782358661.748124,0.0016963481903076172
25594,normal,58,0,1782358661.7500372,0.001913309097290039
25595,normal,1705,0,1782358661.7521367,0.0020995140075683594
25596,normal,2533,0,1782358661.7540348,0.001898050308227539
25597,normal,2022,0,1782358661.7563732,0.002338409423828125
25598,normal,324,0,1782358661.75815,0.0017769336700439453
25599,normal,39,0,1782358661.7600307,0.001880645751953125
25600,normal,2817,0,1782358661.7621312,0.0021004676818847656
25601,normal,3667,0,1782358661.7641478,0.0020165443420410156
25602,normal,2177,0,1782358661.7660656,0.0019178390502929688
25603,normal,424,0,1782358661.768163,0.0020973682403564453
25604,normal,1314,0,1782358661.7701647,0.0020017623901367188
25605,normal,2260,0,1782358661.772086,0.0019211769104003906
25606,normal,1715,0,1782358661.774159,0.002073049545288086
25607,normal,128,0,1782358661.77632,0.0021610260009765625
25608,normal,2716,0,1782358661.7782686,0.0019485950469970703
25609,normal,3642,0,1782358661.780183,0.0019145011901855469
25610,normal,368,0,1782358661.7822955,0.0021123886108398438
25611,normal,2189,0,1782358661.7842293,0.0019338130950927734
25612,normal,1722,0,1782358661.7860556,0.0018262863159179688
25613,normal,595,0,1782358661.788533,0.002477407455444336
25614,normal,1450,0,1782358661.7902513,0.001718282699584961
25615,normal,264,0,1782358661.792085,0.0018336772918701172
25616,normal,276,0,1782358661.7944148,0.0023298263549804688
25617,normal,3230,1,1782358661.7962663,0.0018515586853027344
25618,normal,828,2,1782358661.7983358,0.0020694732666015625
25619,normal,1195,0,1782358661.8005478,0.002212047576904297
25620,normal,2567,0,1782358661.8024793,0.0019314289093017578
25621,normal,1375,1,1782358661.8040357,0.001556396484375
25622,normal,3025,0,1782358661.8061574,0.0021216869354248047
25623,normal,2120,0,1782358661.8080883,0.0019309520721435547
25624,normal,3466,0,1782358661.810167,0.0020787715911865234
25625,normal,1334,1,1782358661.8121705,0.0020034313201904297
25626,normal,2186,0,1782358661.814075,0.0019044876098632812
25627,normal,1161,0,1782358661.8162506,0.002175569534301758
25628,normal,1678,0,1782358661.8181598,0.0019092559814453125
25629,normal,1164,0,1782358661.8200467,0.0018868446350097656
25630,normal,1962,0,1782358661.8221416,0.0020949840545654297
25631,normal,2707,0,1782358661.8241506,0.0020089149475097656
25632,normal,1084,0,1782358661.8260887,0.0019381046295166016
25633,normal,2952,0,1782358661.8281965,0.002107858657836914
25634,normal,1862,0,1782358661.830236,0.0020394325256347656
25635,normal,2989,0,1782358661.8320851,0.0018491744995117188
25636,normal,3433,0,1782358661.834168,0.00208282470703125
25637,normal,1501,0,1782358661.8361704,0.0020024776458740234
25638,normal,330,0,1782358661.8380752,0.0019047260284423828
25639,normal,1509,0,1782358661.840136,0.0020608901977539062
25640,normal,894,2,1782358661.8421357,0.0019996166229248047
25641,normal,567,0,1782358661.8440304,0.0018947124481201172
25642,normal,1559,0,1782358661.8462553,0.0022249221801757812
25643,normal,1956,0,1782358661.8481963,0.0019409656524658203
25644,normal,3211,1,1782358661.8501956,0.001999378204345703
25645,normal,2851,0,1782358661.8521671,0.0019714832305908203
25646,normal,2418,0,1782358661.8543184,0.0021512508392333984
25647,normal,1393,0,1782358661.8562145,0.0018961429595947266
25648,normal,194,0,1782358661.8582625,0.002048015594482422
25649,normal,2456,0,1782358661.860202,0.001939535140991211
25650,normal,3079,1,1782358661.8620298,0.0018277168273925781
25651,normal,2906,0,1782358661.8641326,0.0021028518676757812
25652,normal,46,0,1782358661.8661337,0.002001047134399414
25653,normal,1935,0,1782358661.8681505,0.002016782760620117
25654,normal,1902,0,1782358661.8700292,0.0018787384033203125
25655,normal,2218,0,1782358661.8721244,0.0020952224731445312
25656,normal,3566,0,1782358661.8740263,0.001901865005493164
25657,normal,818,2,1782358661.8764195,0.0023932456970214844
25658,normal,3534,0,1782358661.8783982,0.001978635787963867
25659,normal,2443,0,1782358661.8801277,0.0017294883728027344
25660,normal,3699,0,1782358661.882043,0.0019152164459228516
25661,normal,2645,0,1782358661.8841417,0.0020987987518310547
25662,normal,2942,0,1782358661.8860486,0.0019068717956542969
25663,normal,466,0,1782358661.888298,0.002249479293823242
25664,normal,3500,0,1782358661.8901849,0.0018868446350097656
25665,normal,1310,0,1782358661.892032,0.0018470287322998047
25666,normal,1736,0,1782358661.8941474,0.002115488052368164
25667,normal,3202,1,1782358661.8961577,0.002010345458984375
25668,normal,49,0,1782358661.8980794,0.0019216537475585938
25669,normal,1936,0,1782358661.9001577,0.0020782947540283203
25670,normal,307,0,1782358661.9021778,0.002020120620727539
25671,normal,3264,1,1782358661.9041839,0.002006053924560547
25672,normal,2985,0,1782358661.9060743,0.001890420913696289
25673,normal,1356,1,1782358661.908376,0.0023016929626464844
25674,normal,30,0,1782358661.9102252,0.0018491744995117188
25675,normal,62,0,1782358661.912175,0.0019497871398925781
25676,normal,2758,0,1782358661.9143124,0.002137422561645508
25677,normal,3220,1,1782358661.9162176,0.001905202865600586
25678,normal,1418,0,1782358661.9180667,0.0018491744995117188
25679,normal,2410,0,1782358661.920558,0.0024912357330322266
25680,normal,1700,0,1782358661.922232,0.0016739368438720703
25681,normal,3438,0,1782358661.924114,0.0018820762634277344
25682,normal,1582,0,1782358661.9263456,0.002231597900390625
25683,normal,3583,0,1782358661.9282227,0.0018770694732666016
25684,normal,1805,0,1782358661.9303045,0.0020818710327148438
25685,normal,3103,1,1782358661.9322238,0.0019192695617675781
25686,normal,1967,0,1782358661.9341104,0.001886606216430664
25687,normal,3470,0,1782358661.9362676,0.0021572113037109375
25688,normal,1874,0,1782358661.9382887,0.0020210742950439453
25689,normal,1864,0,1782358661.940309,0.0020203590393066406
25690,normal,2405,0,1782358661.9420455,0.0017364025115966797
25691,normal,2476,0,1782358661.9441807,0.0021352767944335938
25692,normal,3055,1,1782358661.9460647,0.0018839836120605469
25693,normal,2128,0,1782358661.948161,0.0020961761474609375
25694,normal,1938,0,1782358661.9501474,0.0019865036010742188
25695,normal,2557,0,1782358661.9520469,0.0018994808197021484
25696,normal,1049,0,1782358661.9541628,0.002115964889526367
25697,normal,2044,0,1782358661.956259,0.0020961761474609375
25698,normal,1349,1,1782358661.9580555,0.0017964839935302734
25699,normal,1039,0,1782358661.9601512,0.0020956993103027344
25700,normal,3668,0,1782358661.962145,0.001993894577026367
25701,normal,583,0,1782358661.9640853,0.0019402503967285156
25702,normal,1175,0,1782358661.9661286,0.0020432472229003906
25703,normal,2483,0,1782358661.9682949,0.002166271209716797
25704,normal,3095,1,1782358661.9701862,0.0018913745880126953
25705,normal,582,0,1782358661.9722295,0.0020432472229003906
25706,normal,829,2,1782358661.9742918,0.0020623207092285156
25707,normal,2087,0,1782358661.9761775,0.0018856525421142578
25708,normal,1538,0,1782358661.9782846,0.0021071434020996094
25709,normal,388,0,1782358661.9802318,0.001947164535522461
25710,normal,309,0,1782358661.982145,0.001913309097290039
25711,normal,1727,0,1782358661.9842288,0.0020837783813476562
25712,normal,876,2,1782358661.9864478,0.002218961715698242
25713,normal,3136,1,1782358661.9881291,0.0016813278198242188
25714,normal,352,0,1782358661.9903653,0.0022361278533935547
25715,normal,225,0,1782358661.992429,0.002063751220703125
25716,normal,3343,1,1782358661.994341,0.0019118785858154297
25717,normal,1107,0,1782358661.9963021,0.001961231231689453
25718,normal,2820,0,1782358661.9984643,0.0021622180938720703
25719,normal,1463,0,1782358662.000223,0.001758575439453125
25720,normal,1831,0,1782358662.0021317,0.0019087791442871094
25721,normal,2605,0,1782358662.0042233,0.002091646194458008
25722,normal,1203,0,1782358662.006131,0.0019075870513916016
25723,normal,581,0,1782358662.008445,0.0023140907287597656
25724,normal,1451,0,1782358662.0101163,0.0016713142395019531
25725,normal,2400,0,1782358662.0122082,0.0020918846130371094
25726,normal,2323,0,1782358662.0141253,0.001917123794555664
25727,normal,3080,1,1782358662.0162158,0.0020904541015625
25728,normal,1594,0,1782358662.018988,0.002772092819213867
25729,normal,1279,0,1782358662.020324,0.0013360977172851562
25730,normal,3016,0,1782358662.0222325,0.0019085407257080078
25731,normal,3638,0,1782358662.0240548,0.0018222332000732422
25732,normal,1409,0,1782358662.026236,0.0021812915802001953
25733,normal,2118,0,1782358662.0282617,0.002025604248046875
25734,normal,2039,0,1782358662.0303762,0.002114534378051758
25735,normal,3241,1,1782358662.032073,0.0016968250274658203
25736,normal,2208,0,1782358662.0342226,0.0021495819091796875
25737,normal,1369,1,1782358662.0361502,0.0019276142120361328
25738,normal,2,0,1782358662.0382624,0.002112150192260742
25739,normal,1476,0,1782358662.040267,0.0020046234130859375
25740,normal,2709,0,1782358662.0421548,0.0018877983093261719
25741,normal,1730,0,1782358662.0442846,0.002129793167114258
25742,normal,1792,0,1782358662.0462685,0.0019838809967041016
25743,normal,2374,0,1782358662.048149,0.001880645751953125
25744,normal,1537,0,1782358662.0505457,0.0023965835571289062
25745,normal,2255,0,1782358662.0522482,0.0017025470733642578
25746,normal,821,2,1782358662.0542805,0.0020322799682617188
25747,normal,1194,0,1782358662.0562098,0.0019292831420898438
25748,normal,667,0,1782358662.0583868,0.002177000045776367
25749,normal,481,0,1782358662.0601041,0.0017173290252685547
25750,normal,2726,0,1782358662.0626314,0.0025272369384765625
25751,normal,1709,0,1782358662.0643609,0.0017294883728027344
25752,normal,1048,0,1782358662.066073,0.0017120838165283203
25753,normal,34,0,1782358662.0684843,0.002411365509033203
25754,normal,2963,0,1782358662.0704463,0.001961946487426758
25755,normal,118,0,1782358662.072428,0.0019817352294921875
25756,normal,1315,0,1782358662.0745556,0.0021276473999023438
25757,normal,1794,0,1782358662.076599,0.0020432472229003906
25758,normal,2058,0,1782358662.0780885,0.0014896392822265625
25759,normal,2262,0,1782358662.080258,0.002169370651245117
25760,normal,1483,0,1782358662.0822582,0.0020003318786621094
25761,normal,2291,0,1782358662.0841618,0.001903533935546875
25762,normal,426,0,1782358662.0862815,0.002119779586791992
25763,normal,286,0,1782358662.0882854,0.002003908157348633
25764,normal,2965,0,1782358662.0902998,0.0020143985748291016
25765,normal,3049,1,1782358662.0920784,0.0017786026000976562
25766,normal,3091,1,1782358662.0942605,0.0021820068359375
25767,normal,2900,0,1782358662.0961437,0.0018832683563232422
25768,normal,2974,0,1782358662.0982537,0.002110004425048828
25769,normal,2519,0,1782358662.100313,0.0020592212677001953
25770,normal,3502,0,1782358662.1021748,0.0018618106842041016
25771,normal,1503,0,1782358662.1043487,0.002173900604248047
25772,normal,983,2,1782358662.1062634,0.0019147396087646484
25773,normal,3476,0,1782358662.1081715,0.0019080638885498047
25774,normal,3418,0,1782358662.1102748,0.0021033287048339844
25775,normal,293,0,1782358662.1122944,0.002019643783569336
25776,normal,81,0,1782358662.1141381,0.0018436908721923828
25777,normal,1664,0,1782358662.1162293,0.0020911693572998047
25778,normal,2300,0,1782358662.1182268,0.0019974708557128906
25779,normal,3533,0,1782358662.1202817,0.002054929733276367
25780,normal,735,0,1782358662.122109,0.001827239990234375
25781,normal,3380,1,1782358662.1243513,0.0022423267364501953
25782,normal,881,2,1782358662.1263916,0.002040386199951172
25783,normal,3364,1,1782358662.1283069,0.0019152164459228516
25784,normal,1288,0,1782358662.1303895,0.0020825862884521484
25785,normal,3450,0,1782358662.1322763,0.0018868446350097656
25786,normal,547,0,1782358662.1343303,0.002053976058959961
25787,normal,576,0,1782358662.136193,0.0018627643585205078
25788,normal,1121,0,1782358662.1381338,0.0019407272338867188
25789,normal,1589,0,1782358662.140228,0.002094268798828125
25790,normal,1834,0,1782358662.14246,0.002232074737548828
25791,normal,3584,0,1782358662.1440437,0.0015835762023925781
25792,normal,234,0,1782358662.1462135,0.0021698474884033203
25793,normal,2038,0,1782358662.1482112,0.001997709274291992
25794,normal,2973,0,1782358662.1501293,0.0019180774688720703
25795,normal,1090,0,1782358662.1530712,0.0029418468475341797
25796,normal,560,0,1782358662.1544673,0.00139617919921875
25797,normal,3235,1,1782358662.156103,0.0016355514526367188
25798,normal,902,2,1782358662.1582346,0.0021317005157470703
25799,normal,2907,0,1782358662.160263,0.0020284652709960938
25800,normal,205,0,1782358662.1621723,0.0019092559814453125
25801,normal,2915,0,1782358662.1645749,0.0024025440216064453
25802,normal,2490,0,1782358662.167429,0.0028541088104248047
25803,normal,994,2,1782358662.168061,0.0006320476531982422
25804,normal,534,0,1782358662.1702611,0.0022001266479492188
25805,normal,2721,0,1782358662.1722698,0.002008676528930664
25806,normal,3520,0,1782358662.1741745,0.0019047260284423828
25807,normal,2065,0,1782358662.1762943,0.002119779586791992
25808,normal,1053,0,1782358662.1782882,0.001993894577026367
25809,normal,2313,0,1782358662.1801667,0.001878499984741211
25810,normal,2459,0,1782358662.1823075,0.0021407604217529297
25811,normal,380,0,1782358662.1842906,0.001983165740966797
25812,normal,1886,0,1782358662.1860764,0.0017857551574707031
25813,normal,1734,0,1782358662.188551,0.002474546432495117
25814,normal,671,0,1782358662.1902552,0.0017042160034179688
25815,normal,3147,1,1782358662.192304,0.0020487308502197266
25816,normal,1124,0,1782358662.1942787,0.001974821090698242
25817,normal,3106,1,1782358662.1963959,0.002117156982421875
25818,normal,610,0,1782358662.1982129,0.0018169879913330078
25819,normal,1160,0,1782358662.2005389,0.0023260116577148438
25820,normal,2573,0,1782358662.2023513,0.0018124580383300781
25821,normal,3278,1,1782358662.2040763,0.0017249584197998047
25822,normal,172,0,1782358662.2065647,0.002488374710083008
25823,normal,1372,1,1782358662.208381,0.0018162727355957031
25824,normal,2923,0,1782358662.2104454,0.0020644664764404297
25825,normal,3457,0,1782358662.2125156,0.002070188522338867
25826,normal,3454,0,1782358662.2147303,0.002214670181274414
25827,normal,1359,1,1782358662.2161481,0.0014178752899169922
25828,normal,2338,0,1782358662.2182689,0.0021207332611083984
25829,normal,2518,0,1782358662.220264,0.001995086669921875
25830,normal,2084,0,1782358662.2221673,0.0019032955169677734
25831,normal,2862,0,1782358662.2242854,0.0021181106567382812
25832,normal,1092,0,1782358662.22629,0.0020046234130859375
25833,normal,423,0,1782358662.2281785,0.0018885135650634766
25834,normal,640,0,1782358662.2303696,0.0021910667419433594
25835,normal,488,0,1782358662.2322276,0.0018579959869384766
25836,normal,1112,0,1782358662.2341542,0.0019266605377197266
25837,normal,2834,0,1782358662.2362566,0.002102375030517578
25838,normal,115,0,1782358662.2382815,0.0020248889923095703
25839,normal,588,0,1782358662.2401195,0.0018379688262939453
25840,normal,2001,0,1782358662.2423515,0.002232074737548828
25841,normal,1650,0,1782358662.244365,0.0020134449005126953
25842,normal,2399,0,1782358662.2461016,0.0017366409301757812
25843,normal,2183,0,1782358662.2482777,0.002176046371459961
25844,normal,1507,0,1782358662.2503257,0.002048015594482422
25845,normal,1373,1,1782358662.252149,0.00182342529296875
25846,normal,3258,1,1782358662.2542348,0.0020856857299804688
25847,normal,3311,1,1782358662.256233,0.0019981861114501953
25848,normal,687,0,1782358662.2581904,0.001957416534423828
25849,normal,2150,0,1782358662.2604196,0.0022292137145996094
25850,normal,1361,1,1782358662.2622905,0.001870870590209961
25851,normal,1192,0,1782358662.2643542,0.002063751220703125
25852,normal,3347,1,1782358662.2662606,0.0019063949584960938
25853,normal,805,2,1782358662.268437,0.0021762847900390625
25854,normal,3645,0,1782358662.270304,0.001867055892944336
25855,normal,2444,0,1782358662.2724028,0.0020987987518310547
25856,normal,1807,0,1782358662.2743132,0.0019104480743408203
25857,normal,2924,0,1782358662.2761357,0.0018224716186523438
25858,normal,1916,0,1782358662.2782226,0.0020868778228759766
25859,normal,2939,0,1782358662.280221,0.001998424530029297
25860,normal,872,2,1782358662.2823427,0.0021216869354248047
25861,normal,846,2,1782358662.2840445,0.0017018318176269531
25862,normal,3116,1,1782358662.2862184,0.002173900604248047
25863,normal,672,0,1782358662.2881272,0.0019087791442871094
25864,normal,2430,0,1782358662.2903082,0.0021810531616210938
25865,normal,2390,0,1782358662.292785,0.0024766921997070312
25866,normal,2032,0,1782358662.2942803,0.001495361328125
25867,normal,520,0,1782358662.2961607,0.0018804073333740234
25868,normal,1210,0,1782358662.2982545,0.002093791961669922
25869,normal,886,2,1782358662.3001566,0.0019021034240722656
25870,normal,1479,0,1782358662.302304,0.0021474361419677734
25871,normal,782,2,1782358662.3046296,0.0023255348205566406
25872,normal,1298,0,1782358662.3060627,0.0014331340789794922
25873,normal,1276,0,1782358662.3082247,0.0021619796752929688
25874,normal,420,0,1782358662.3102505,0.0020258426666259766
25875,normal,2059,0,1782358662.3121548,0.0019042491912841797
25876,normal,300,0,1782358662.3142686,0.002113819122314453
25877,normal,3367,1,1782358662.3162606,0.0019919872283935547
25878,normal,1181,0,1782358662.3181796,0.0019190311431884766
25879,normal,2586,0,1782358662.3202937,0.0021140575408935547
25880,normal,1113,0,1782358662.3222618,0.0019681453704833984
25881,normal,1255,0,1782358662.3245287,0.0022668838500976562
25882,normal,3275,1,1782358662.3262174,0.0016887187957763672
25883,normal,1321,1,1782358662.3284237,0.0022063255310058594
25884,normal,2668,0,1782358662.3302746,0.0018508434295654297
25885,normal,1494,0,1782358662.3322113,0.0019366741180419922
25886,normal,3085,1,1782358662.3344774,0.0022661685943603516
25887,normal,2198,0,1782358662.336485,0.0020074844360351562
25888,normal,2429,0,1782358662.3382964,0.0018115043640136719
25889,normal,63,0,1782358662.3402336,0.0019371509552001953
25890,normal,2914,0,1782358662.3426015,0.0023679733276367188
25891,normal,390,0,1782358662.34433,0.0017285346984863281
25892,normal,97,0,1782358662.3465357,0.0022056102752685547
25893,normal,1593,0,1782358662.3481333,0.0015976428985595703
25894,normal,1639,0,1782358662.3501668,0.0020334720611572266
25895,normal,2470,0,1782358662.3524184,0.0022516250610351562
25896,normal,2139,0,1782358662.3545074,0.0020890235900878906
25897,normal,183,0,1782358662.3562884,0.0017809867858886719
25898,normal,2428,0,1782358662.3582358,0.0019474029541015625
25899,normal,3482,0,1782358662.360179,0.0019431114196777344
25900,normal,661,0,1782358662.3622751,0.0020961761474609375
25901,normal,1851,0,1782358662.36426,0.001984834671020508
25902,normal,1923,0,1782358662.366155,0.0018949508666992188
25903,normal,1677,0,1782358662.3682706,0.0021157264709472656
25904,normal,647,0,1782358662.3702793,0.002008676528930664
25905,normal,329,0,1782358662.372236,0.0019567012786865234
25906,normal,2014,0,1782358662.3742652,0.0020291805267333984
25907,normal,2272,0,1782358662.3762603,0.001995086669921875
25908,normal,1937,0,1782358662.3781483,0.0018880367279052734
25909,normal,2885,0,1782358662.3802493,0.0021009445190429688
25910,normal,1737,0,1782358662.3823047,0.0020554065704345703
25911,normal,53,0,1782358662.384207,0.0019023418426513672
25912,normal,124,0,1782358662.386368,0.0021610260009765625
25913,normal,2731,0,1782358662.3882837,0.0019156932830810547
25914,normal,2957,0,1782358662.3901875,0.0019037723541259766
25915,normal,3240,1,1782358662.3922749,0.0020873546600341797
25916,normal,3405,0,1782358662.394286,0.0020110607147216797
25917,normal,893,2,1782358662.3961413,0.0018553733825683594
25918,normal,653,0,1782358662.3981419,0.002000570297241211
25919,normal,3291,1,1782358662.40025,0.0021080970764160156
25920,normal,3298,1,1782358662.4023714,0.002121448516845703
25921,normal,149,0,1782358662.4041467,0.0017752647399902344
25922,normal,3198,1,1782358662.4063818,0.0022351741790771484
25923,normal,89,0,1782358662.4083579,0.00197601318359375
25924,normal,3483,0,1782358662.4103272,0.0019693374633789062
25925,normal,2792,0,1782358662.412373,0.002045869827270508
25926,normal,1031,0,1782358662.4142668,0.001893758773803711
25927,normal,446,0,1782358662.4163485,0.002081632614135742
25928,normal,406,0,1782358662.4182117,0.001863241195678711
25929,normal,985,2,1782358662.4202027,0.0019910335540771484
25930,normal,2142,0,1782358662.422257,0.0020542144775390625
25931,normal,2508,0,1782358662.424313,0.002056121826171875
25932,normal,3495,0,1782358662.426179,0.0018658638000488281
25933,normal,2708,0,1782358662.4282587,0.0020797252655029297
25934,normal,1256,0,1782358662.43026,0.0020012855529785156
25935,normal,566,0,1782358662.4321496,0.0018897056579589844
25936,normal,747,0,1782358662.434294,0.002144336700439453
25937,normal,1018,2,1782358662.4368978,0.002603769302368164
25938,normal,3659,0,1782358662.4382882,0.0013904571533203125
25939,normal,2734,0,1782358662.4401603,0.0018720626831054688
25940,normal,3402,0,1782358662.4422755,0.0021152496337890625
25941,normal,322,0,1782358662.4441674,0.0018918514251708984
25942,normal,158,0,1782358662.4462934,0.002125978469848633
25943,normal,48,0,1782358662.4483213,0.0020279884338378906
25944,normal,3137,1,1782358662.4501622,0.001840829849243164
25945,normal,1895,0,1782358662.4522667,0.002104520797729492
25946,normal,1138,0,1782358662.4542782,0.002011537551879883
25947,normal,2379,0,1782358662.4561775,0.0018992424011230469
25948,normal,3527,0,1782358662.4583027,0.002125263214111328
25949,normal,605,0,1782358662.4603095,0.0020067691802978516
25950,normal,1459,0,1782358662.4621737,0.0018641948699951172
25951,normal,3383,1,1782358662.4643064,0.0021326541900634766
25952,normal,3600,0,1782358662.4661915,0.0018851757049560547
25953,normal,2461,0,1782358662.4682841,0.002092599868774414
25954,normal,3093,1,1782358662.4702199,0.001935720443725586
25955,normal,2363,0,1782358662.4724534,0.0022335052490234375
25956,normal,1155,0,1782358662.474181,0.0017275810241699219
25957,normal,3124,1,1782358662.476362,0.0021810531616210938
25958,normal,1911,0,1782358662.4784,0.0020380020141601562
25959,normal,1357,1,1782358662.4801385,0.0017385482788085938
25960,normal,1998,0,1782358662.482479,0.002340555191040039
25961,normal,1159,0,1782358662.4844205,0.0019414424896240234
25962,normal,2340,0,1782358662.4862351,0.0018146038055419922
25963,normal,1583,0,1782358662.4881616,0.001926422119140625
25964,normal,1461,0,1782358662.4906201,0.0024585723876953125
25965,normal,1787,0,1782358662.4923332,0.0017130374908447266
25966,normal,2243,0,1782358662.4944937,0.0021605491638183594
25967,normal,2831,0,1782358662.4965627,0.0020689964294433594
25968,normal,3576,0,1782358662.4987288,0.0021660327911376953
25969,normal,3013,0,1782358662.5001562,0.0014274120330810547
25970,normal,1973,0,1782358697.386591,0.0
25971,normal,1761,0,1782358697.3885114,0.001920461654663086
25972,normal,1050,0,1782358697.3907263,0.0022149085998535156
25973,normal,720,0,1782358697.39263,0.0019037723541259766
25974,normal,1728,0,1782358697.394899,0.0022687911987304688
25975,normal,435,0,1782358697.396537,0.001638174057006836
25976,normal,1357,1,1782358697.3985918,0.0020546913146972656
25977,normal,664,0,1782358697.400518,0.0019261837005615234
25978,normal,1654,0,1782358697.4026039,0.0020859241485595703
25979,normal,1406,0,1782358697.404527,0.0019230842590332031
25980,normal,2683,0,1782358697.4065716,0.002044677734375
25981,normal,3421,0,1782358697.4085448,0.0019731521606445312
25982,normal,1924,0,1782358697.4105577,0.002012968063354492
25983,normal,3095,1,1782358697.4125679,0.0020101070404052734
25984,normal,1862,0,1782358697.4145374,0.001969575881958008
25985,normal,2069,0,1782358697.4165547,0.0020172595977783203
25986,normal,1415,0,1782358697.4185793,0.0020246505737304688
25987,normal,935,2,1782358697.4205632,0.0019838809967041016
25988,normal,595,0,1782358697.4225554,0.0019922256469726562
25989,normal,3413,0,1782358697.4245775,0.0020220279693603516
25990,normal,2799,0,1782358697.4265392,0.0019617080688476562
25991,normal,1594,0,1782358697.4285557,0.0020165443420410156
25992,normal,2454,0,1782358697.4305801,0.002024412155151367
25993,normal,2777,0,1782358697.432562,0.001981973648071289
25994,normal,3106,1,1782358697.4345543,0.0019922256469726562
25995,normal,2476,0,1782358697.4366162,0.0020618438720703125
25996,normal,2288,0,1782358697.4385538,0.0019376277923583984
25997,normal,1458,0,1782358697.4405527,0.0019989013671875
25998,normal,2389,0,1782358697.4427233,0.002170562744140625
25999,normal,2391,0,1782358697.444554,0.0018308162689208984
26000,normal,3581,0,1782358697.4465551,0.002001047134399414
26001,normal,1763,0,1782358697.4485762,0.0020210742950439453
26002,normal,1005,2,1782358697.4505513,0.0019750595092773438
26003,normal,2275,0,1782358697.4525962,0.0020449161529541016
26004,normal,2704,0,1782358697.4547164,0.0021202564239501953
26005,normal,2029,0,1782358697.456597,0.001880645751953125
26006,normal,731,0,1782358697.4585502,0.001953125
26007,normal,985,2,1782358697.4607224,0.002172231674194336
26008,normal,3418,0,1782358697.4625478,0.0018253326416015625
26009,normal,3456,0,1782358697.464575,0.002027273178100586
26010,normal,1809,0,1782358697.4667604,0.002185344696044922
26011,normal,1683,0,1782358697.4685469,0.0017864704132080078
26012,normal,2453,0,1782358697.470576,0.0020291805267333984
26013,normal,3412,0,1782358697.4727302,0.002154111862182617
26014,normal,2466,0,1782358697.47456,0.0018298625946044922
26015,normal,3636,0,1782358697.4765735,0.0020134449005126953
26016,normal,1636,0,1782358697.4787416,0.0021681785583496094
26017,normal,1133,0,1782358697.4805586,0.0018169879913330078
26018,normal,1393,0,1782358697.4825475,0.0019888877868652344
26019,normal,3326,1,1782358697.4847288,0.0021812915802001953
26020,normal,2221,0,1782358697.4865565,0.0018277168273925781
26021,normal,1010,2,1782358697.4885466,0.001990079879760742
26022,normal,2643,0,1782358697.490586,0.0020394325256347656
26023,normal,3385,1,1782358697.4925475,0.0019614696502685547
26024,normal,2140,0,1782358697.4945753,0.002027750015258789
26025,normal,2188,0,1782358697.4965944,0.002019166946411133
26026,normal,1017,2,1782358697.4985535,0.001959085464477539
26027,normal,2063,0,1782358697.500543,0.001989603042602539
26028,normal,780,2,1782358697.5025823,0.002039194107055664
26029,normal,2792,0,1782358697.5045362,0.0019538402557373047
26030,normal,799,2,1782358697.506557,0.0020208358764648438
26031,normal,2796,0,1782358697.5085764,0.0020194053649902344
26032,normal,684,0,1782358697.5105362,0.0019598007202148438
26033,normal,702,0,1782358697.5125818,0.0020456314086914062
26034,normal,2866,0,1782358697.514719,0.0021371841430664062
26035,normal,1360,1,1782358697.5165837,0.0018646717071533203
26036,normal,2497,0,1782358697.5187345,0.0021507740020751953
26037,normal,2157,0,1782358697.520586,0.0018515586853027344
26038,normal,1305,0,1782358697.522566,0.0019800662994384766
26039,normal,1764,0,1782358697.5245392,0.0019731521606445312
26040,normal,3488,0,1782358697.5265636,0.002024412155151367
26041,normal,1681,0,1782358697.529705,0.0031414031982421875
26042,normal,375,0,1782358697.5305464,0.0008413791656494141
26043,normal,2637,0,1782358697.5325613,0.0020148754119873047
26044,normal,965,2,1782358697.5347116,0.002150297164916992
26045,normal,527,0,1782358697.5364988,0.0017871856689453125
26046,normal,156,0,1782358697.5387692,0.0022704601287841797
26047,normal,2324,0,1782358697.5405989,0.0018296241760253906
26048,normal,1820,0,1782358697.5428069,0.0022079944610595703
26049,normal,3049,1,1782358697.5448234,0.0020165443420410156
26050,normal,3529,0,1782358697.5465662,0.0017428398132324219
26051,normal,2662,0,1782358697.548573,0.0020067691802978516
26052,normal,802,2,1782358697.5507674,0.0021944046020507812
26053,normal,57,0,1782358697.5525672,0.0017998218536376953
26054,normal,1588,0,1782358697.554596,0.0020287036895751953
26055,normal,2516,0,1782358697.5569289,0.002332925796508789
26056,normal,3401,1,1782358697.5586169,0.0016880035400390625
26057,normal,1209,0,1782358697.560924,0.0023071765899658203
26058,normal,1098,0,1782358697.5626438,0.0017197132110595703
26059,normal,2046,0,1782358697.5649302,0.0022864341735839844
26060,normal,1880,0,1782358697.5666475,0.0017173290252685547
26061,normal,2749,0,1782358697.5689256,0.0022780895233154297
26062,normal,2024,0,1782358697.570613,0.0016872882843017578
26063,normal,2846,0,1782358697.5731063,0.0024933815002441406
26064,normal,3220,1,1782358697.5747483,0.001641988754272461
26065,normal,3396,1,1782358697.5768378,0.0020895004272460938
26066,normal,1001,2,1782358697.5787804,0.0019426345825195312
26067,normal,2931,0,1782358697.5809422,0.002161741256713867
26068,normal,1299,0,1782358697.5825994,0.001657247543334961
26069,normal,2768,0,1782358697.5848827,0.002283334732055664
26070,normal,3475,0,1782358697.5868814,0.0019986629486083984
26071,normal,1389,0,1782358697.5885835,0.0017020702362060547
26072,normal,3498,0,1782358697.5909092,0.002325773239135742
26073,normal,464,0,1782358697.5927536,0.0018444061279296875
26074,normal,737,0,1782358697.5948057,0.0020520687103271484
26075,normal,1088,0,1782358697.5965815,0.0017757415771484375
26076,normal,2118,0,1782358697.5988238,0.0022423267364501953
26077,normal,2660,0,1782358697.6005805,0.0017566680908203125
26078,normal,701,0,1782358697.6028318,0.0022513866424560547
26079,normal,386,0,1782358697.6047778,0.0019459724426269531
26080,normal,3487,0,1782358697.6065774,0.0017995834350585938
26081,normal,1028,2,1782358697.6088088,0.0022313594818115234
26082,normal,2594,0,1782358697.6107814,0.001972675323486328
26083,normal,3291,1,1782358697.6126196,0.0018382072448730469
26084,normal,1501,0,1782358697.614813,0.002193450927734375
26085,normal,53,0,1782358697.6167886,0.001975536346435547
26086,normal,1945,0,1782358697.618579,0.0017902851104736328
26087,normal,1087,0,1782358697.6208024,0.002223491668701172
26088,normal,2075,0,1782358697.6227725,0.001970052719116211
26089,normal,2831,0,1782358697.6245778,0.0018053054809570312
26090,normal,1354,1,1782358697.6268115,0.002233743667602539
26091,normal,3168,1,1782358697.6285841,0.0017726421356201172
26092,normal,2552,0,1782358697.6307776,0.002193450927734375
26093,normal,1540,0,1782358697.6325774,0.0017998218536376953
26094,normal,2187,0,1782358697.6347823,0.00220489501953125
26095,normal,3318,1,1782358697.6366026,0.0018203258514404297
26096,normal,3025,0,1782358697.6387982,0.002195596694946289
26097,normal,1623,0,1782358697.6407778,0.0019795894622802734
26098,normal,782,2,1782358697.642578,0.0018000602722167969
26099,normal,1237,0,1782358697.6446052,0.002027273178100586
26100,normal,2015,0,1782358697.6467984,0.0021932125091552734
26101,normal,3455,0,1782358697.6485767,0.0017783641815185547
26102,normal,1429,0,1782358697.650801,0.0022242069244384766
26103,normal,3089,1,1782358697.6527858,0.001984834671020508
26104,normal,2865,0,1782358697.6545773,0.0017914772033691406
26105,normal,588,0,1782358697.6567838,0.002206563949584961
26106,normal,2000,0,1782358697.6587806,0.001996755599975586
26107,normal,1883,0,1782358697.660577,0.0017964839935302734
26108,normal,1507,0,1782358697.6627982,0.0022211074829101562
26109,normal,320,0,1782358697.6647766,0.0019783973693847656
26110,normal,2226,0,1782358697.666577,0.001800537109375
26111,normal,1127,0,1782358697.6687987,0.0022215843200683594
26112,normal,3267,1,1782358697.6707766,0.0019779205322265625
26113,normal,3333,1,1782358697.6725767,0.0018000602722167969
26114,normal,3221,1,1782358697.6747985,0.002221822738647461
26115,normal,3073,1,1782358697.6767724,0.001973867416381836
26116,normal,2538,0,1782358697.6785762,0.0018038749694824219
26117,normal,875,2,1782358697.680798,0.002221822738647461
26118,normal,1917,0,1782358697.6827881,0.001990079879760742
26119,normal,96,0,1782358697.6845777,0.0017895698547363281
26120,normal,1814,0,1782358697.6867979,0.00222015380859375
26121,normal,40,0,1782358697.6887774,0.0019795894622802734
26122,normal,2965,0,1782358697.6906054,0.0018279552459716797
26123,normal,3033,0,1782358697.6925778,0.0019724369049072266
26124,normal,1902,0,1782358697.6947806,0.002202749252319336
26125,normal,2452,0,1782358697.6965773,0.001796722412109375
26126,normal,1606,0,1782358697.698798,0.002220630645751953
26127,normal,1865,0,1782358697.7007709,0.0019729137420654297
26128,normal,2421,0,1782358697.7025764,0.0018055438995361328
26129,normal,3657,0,1782358697.7048004,0.002223968505859375
26130,normal,3203,1,1782358697.706777,0.0019767284393310547
26131,normal,148,0,1782358697.708762,0.001984834671020508
26132,normal,3,0,1782358697.7108228,0.0020608901977539062
26133,normal,696,0,1782358697.7128615,0.002038717269897461
26134,normal,2314,0,1782358697.7146094,0.0017478466033935547
26135,normal,2307,0,1782358697.7169335,0.0023241043090820312
26136,normal,639,0,1782358697.7187302,0.001796722412109375
26137,normal,518,0,1782358697.7208333,0.002103090286254883
26138,normal,1465,0,1782358697.7227657,0.001932382583618164
26139,normal,3537,0,1782358697.7248638,0.00209808349609375
26140,normal,1164,0,1782358697.72678,0.0019161701202392578
26141,normal,1908,0,1782358697.7286425,0.0018625259399414062
26142,normal,2818,0,1782358697.7309253,0.002282857894897461
26143,normal,2199,0,1782358697.7326121,0.0016868114471435547
26144,normal,3688,0,1782358697.7349286,0.0023164749145507812
26145,normal,2894,0,1782358697.7367086,0.0017800331115722656
26146,normal,2703,0,1782358697.7387507,0.002042055130004883
26147,normal,623,0,1782358697.7408478,0.0020971298217773438
26148,normal,3494,0,1782358697.7428842,0.0020363330841064453
26149,normal,1492,0,1782358697.744943,0.002058744430541992
26150,normal,1282,0,1782358697.7467442,0.0018012523651123047
26151,normal,474,0,1782358697.7489085,0.0021643638610839844
26152,normal,1511,0,1782358697.7506082,0.001699686050415039
26153,normal,1677,0,1782358697.7526143,0.002006053924560547
26154,normal,1678,0,1782358697.7545772,0.001962900161743164
26155,normal,2758,0,1782358697.756558,0.0019807815551757812
26156,normal,1486,0,1782358697.7587082,0.002150297164916992
26157,normal,249,0,1782358697.7606597,0.001951456069946289
26158,normal,1639,0,1782358697.7625718,0.0019121170043945312
26159,normal,692,0,1782358697.764723,0.0021512508392333984
26160,normal,2730,0,1782358697.7668965,0.0021734237670898438
26161,normal,1622,0,1782358697.7687545,0.0018579959869384766
26162,normal,673,0,1782358697.7705324,0.0017778873443603516
26163,normal,687,0,1782358697.7728143,0.0022819042205810547
26164,normal,941,2,1782358697.7745569,0.0017426013946533203
26165,normal,2663,0,1782358697.776687,0.0021300315856933594
26166,normal,1101,0,1782358697.778613,0.0019261837005615234
26167,normal,2671,0,1782358697.7806275,0.0020143985748291016
26168,normal,3408,0,1782358697.7825754,0.0019478797912597656
26169,normal,3576,0,1782358697.7846928,0.0021173954010009766
26170,normal,3111,1,1782358697.7865672,0.0018744468688964844
26171,normal,1058,0,1782358697.7886078,0.0020406246185302734
26172,normal,1935,0,1782358697.7905617,0.0019538402557373047
26173,normal,974,2,1782358697.792533,0.0019712448120117188
26174,normal,1053,0,1782358697.7948189,0.0022859573364257812
26175,normal,3214,1,1782358697.7966442,0.0018253326416015625
26176,normal,2898,0,1782358697.7986326,0.0019884109497070312
26177,normal,1359,1,1782358697.8007038,0.0020711421966552734
26178,normal,81,0,1782358697.8027775,0.0020737648010253906
26179,normal,185,0,1782358697.8046398,0.0018622875213623047
26180,normal,2834,0,1782358697.8068085,0.0021686553955078125
26181,normal,2754,0,1782358697.8086543,0.0018458366394042969
26182,normal,1827,0,1782358697.8106775,0.0020232200622558594
26183,normal,1095,0,1782358697.8126597,0.0019822120666503906
26184,normal,2231,0,1782358697.8146598,0.002000093460083008
26185,normal,3519,0,1782358697.8166559,0.0019960403442382812
26186,normal,2532,0,1782358697.8186135,0.0019576549530029297
26187,normal,3141,1,1782358697.820703,0.0020895004272460938
26188,normal,174,0,1782358697.822634,0.0019309520721435547
26189,normal,3153,1,1782358697.8246264,0.001992464065551758
26190,normal,764,0,1782358697.8266127,0.001986265182495117
26191,normal,2012,0,1782358697.8286545,0.0020418167114257812
26192,normal,841,2,1782358697.8307455,0.002090930938720703
26193,normal,2190,0,1782358697.8326943,0.0019488334655761719
26194,normal,3685,0,1782358697.8347166,0.002022266387939453
26195,normal,1390,0,1782358697.836648,0.0019314289093017578
26196,normal,1185,0,1782358697.8387089,0.0020608901977539062
26197,normal,2531,0,1782358697.840637,0.001928091049194336
26198,normal,626,0,1782358697.8429213,0.0022842884063720703
26199,normal,559,0,1782358697.8446977,0.0017764568328857422
26200,normal,2725,0,1782358697.8466258,0.001928091049194336
26201,normal,817,2,1782358697.848697,0.0020711421966552734
26202,normal,31,0,1782358697.8507347,0.0020377635955810547
26203,normal,1923,0,1782358697.85269,0.001955270767211914
26204,normal,2734,0,1782358697.8547027,0.0020127296447753906
26205,normal,1792,0,1782358697.8566923,0.001989603042602539
26206,normal,569,0,1782358697.8586013,0.001909017562866211
26207,normal,3297,1,1782358697.8607006,0.002099275588989258
26208,normal,1023,2,1782358697.8631275,0.0024268627166748047
26209,normal,2441,0,1782358697.864708,0.0015804767608642578
26210,normal,261,0,1782358697.8667016,0.0019936561584472656
26211,normal,1438,0,1782358697.8687003,0.0019986629486083984
26212,normal,3156,1,1782358697.8706217,0.0019214153289794922
26213,normal,3390,1,1782358697.8727624,0.0021407604217529297
26214,normal,2220,0,1782358697.8748543,0.0020918846130371094
26215,normal,179,0,1782358697.8765821,0.0017278194427490234
26216,normal,2481,0,1782358697.878709,0.002126932144165039
26217,normal,3703,0,1782358697.8806438,0.0019347667694091797
26218,normal,2960,0,1782358697.8826408,0.0019969940185546875
26219,normal,788,2,1782358697.8846397,0.0019989013671875
26220,normal,897,2,1782358697.8868194,0.0021796226501464844
26221,normal,948,2,1782358697.888602,0.0017826557159423828
26222,normal,2713,0,1782358697.890987,0.0023849010467529297
26223,normal,3480,0,1782358697.8925784,0.0015914440155029297
26224,normal,1043,0,1782358697.8948932,0.0023148059844970703
26225,normal,2042,0,1782358697.8968666,0.001973390579223633
26226,normal,818,2,1782358697.898849,0.001982450485229492
26227,normal,2469,0,1782358697.9005926,0.0017435550689697266
26228,normal,2972,0,1782358697.9028056,0.002213001251220703
26229,normal,1900,0,1782358697.9047549,0.001949310302734375
26230,normal,1723,0,1782358697.9065862,0.0018312931060791016
26231,normal,3131,1,1782358697.9087136,0.002127408981323242
26232,normal,832,2,1782358697.9106028,0.0018892288208007812
26233,normal,2554,0,1782358697.91279,0.0021872520446777344
26234,normal,1971,0,1782358697.9145308,0.0017406940460205078
26235,normal,3023,0,1782358697.9167852,0.002254486083984375
26236,normal,1148,0,1782358697.9186213,0.0018360614776611328
26237,normal,1203,0,1782358697.9208336,0.0022122859954833984
26238,normal,1089,0,1782358697.9227912,0.0019576549530029297
26239,normal,2732,0,1782358697.9245696,0.0017783641815185547
26240,normal,2158,0,1782358697.9267998,0.0022301673889160156
26241,normal,2559,0,1782358697.9288116,0.0020117759704589844
26242,normal,556,0,1782358697.9306455,0.0018339157104492188
26243,normal,3436,0,1782358697.9328089,0.002163410186767578
26244,normal,1268,0,1782358697.9346936,0.0018846988677978516
26245,normal,77,0,1782358697.936657,0.001963376998901367
26246,normal,2631,0,1782358697.9387133,0.0020563602447509766
26247,normal,982,2,1782358697.9407668,0.002053499221801758
26248,normal,3632,0,1782358697.9425788,0.001811981201171875
26249,normal,2072,0,1782358697.9447708,0.0021920204162597656
26250,normal,265,0,1782358697.9467742,0.0020034313201904297
26251,normal,3031,0,1782358697.9487202,0.0019459724426269531
26252,normal,709,0,1782358697.9507775,0.002057313919067383
26253,normal,83,0,1782358697.95274,0.001962423324584961
26254,normal,3283,1,1782358697.9546022,0.0018622875213623047
26255,normal,3076,1,1782358697.9566617,0.002059459686279297
26256,normal,3574,0,1782358697.9586399,0.001978158950805664
26257,normal,3065,1,1782358697.9608085,0.0021686553955078125
26258,normal,140,0,1782358697.9626424,0.0018339157104492188
26259,normal,1726,0,1782358697.9647005,0.0020580291748046875
26260,normal,2871,0,1782358697.9666963,0.0019958019256591797
26261,normal,438,0,1782358697.9686792,0.0019829273223876953
26262,normal,2629,0,1782358697.9706535,0.001974344253540039
26263,normal,3699,0,1782358697.972658,0.002004384994506836
26264,normal,981,2,1782358697.974639,0.001981019973754883
26265,normal,1965,0,1782358697.976631,0.0019919872283935547
26266,normal,2708,0,1782358697.9787781,0.002147197723388672
26267,normal,2881,0,1782358697.9807217,0.0019435882568359375
26268,normal,2289,0,1782358697.9826305,0.0019087791442871094
26269,normal,2804,0,1782358697.9847212,0.0020906925201416016
26270,normal,2095,0,1782358697.986736,0.0020148754119873047
26271,normal,6,0,1782358697.9887288,0.0019927024841308594
26272,normal,1464,0,1782358697.9906063,0.0018775463104248047
26273,normal,164,0,1782358697.992719,0.0021126270294189453
26274,normal,2988,0,1782358697.9948058,0.0020868778228759766
26275,normal,589,0,1782358697.9965124,0.0017066001892089844
26276,normal,2760,0,1782358697.9986248,0.0021123886108398438
26277,normal,144,0,1782358698.000758,0.0021331310272216797
26278,normal,3375,1,1782358698.0026865,0.001928567886352539
26279,normal,3670,0,1782358698.0047145,0.0020279884338378906
26280,normal,3324,1,1782358698.0066264,0.0019118785858154297
26281,normal,1117,0,1782358698.008633,0.00200653076171875
26282,normal,511,0,1782358698.010626,0.0019931793212890625
26283,normal,3175,1,1782358698.0129142,0.0022881031036376953
26284,normal,94,0,1782358698.0148504,0.001936197280883789
26285,normal,1984,0,1782358698.0166492,0.001798868179321289
26286,normal,3463,0,1782358698.0187583,0.002109050750732422
26287,normal,791,2,1782358698.0206497,0.0018913745880126953
26288,normal,294,0,1782358698.0227842,0.002134561538696289
26289,normal,2259,0,1782358698.0247915,0.0020072460174560547
26290,normal,2686,0,1782358698.026754,0.001962423324584961
26291,normal,1396,0,1782358698.0286312,0.0018773078918457031
26292,normal,1822,0,1782358698.0307815,0.002150297164916992
26293,normal,1229,0,1782358698.0326548,0.0018732547760009766
26294,normal,15,0,1782358698.0347579,0.002103090286254883
26295,normal,2094,0,1782358698.0366952,0.0019373893737792969
26296,normal,2716,0,1782358698.0386927,0.0019974708557128906
26297,normal,1560,0,1782358698.040723,0.0020303726196289062
26298,normal,309,0,1782358698.0430036,0.0022804737091064453
26299,normal,2422,0,1782358698.0447915,0.0017879009246826172
26300,normal,2401,0,1782358698.0465117,0.0017201900482177734
26301,normal,1762,0,1782358698.0487928,0.00228118896484375
26302,normal,2070,0,1782358698.0506225,0.0018296241760253906
26303,normal,1471,0,1782358698.0526807,0.002058267593383789
26304,normal,1325,1,1782358698.054635,0.001954317092895508
26305,normal,1898,0,1782358698.0568345,0.002199411392211914
26306,normal,2440,0,1782358698.0589175,0.0020830631256103516
26307,normal,991,2,1782358698.0606914,0.001773834228515625
26308,normal,1295,0,1782358698.062652,0.00196075439453125
26309,normal,1273,0,1782358698.0646868,0.0020346641540527344
26310,normal,3231,1,1782358698.0667264,0.002039670944213867
26311,normal,2827,0,1782358698.068648,0.0019216537475585938
26312,normal,2876,0,1782358698.0707335,0.002085447311401367
26313,normal,406,0,1782358698.0727532,0.002019643783569336
26314,normal,3560,0,1782358698.0747268,0.0019736289978027344
26315,normal,2047,0,1782358698.0766847,0.0019578933715820312
26316,normal,1922,0,1782358698.078726,0.002041339874267578
26317,normal,2053,0,1782358698.0806825,0.001956462860107422
26318,normal,3184,1,1782358698.0826137,0.0019311904907226562
26319,normal,2630,0,1782358698.0847158,0.0021021366119384766
26320,normal,3079,1,1782358698.0866432,0.0019273757934570312
26321,normal,147,0,1782358698.0887382,0.0020949840545654297
26322,normal,2646,0,1782358698.0907183,0.0019800662994384766
26323,normal,2260,0,1782358698.0926418,0.0019235610961914062
26324,normal,2386,0,1782358698.094722,0.002080202102661133
26325,normal,785,2,1782358698.0969348,0.0022127628326416016
26326,normal,408,0,1782358698.0985603,0.0016255378723144531
26327,normal,1436,0,1782358698.1007273,0.0021669864654541016
26328,normal,3545,0,1782358698.1027405,0.0020132064819335938
26329,normal,1909,0,1782358698.1046345,0.0018939971923828125
26330,normal,3225,1,1782358698.1067207,0.002086162567138672
26331,normal,601,0,1782358698.1087165,0.0019958019256591797
26332,normal,2245,0,1782358698.1106892,0.001972675323486328
26333,normal,1198,0,1782358698.1127725,0.002083301544189453
26334,normal,2074,0,1782358698.1147933,0.0020208358764648438
26335,normal,2878,0,1782358698.116747,0.001953601837158203
26336,normal,3163,1,1782358698.1187603,0.0020134449005126953
26337,normal,1819,0,1782358698.1207962,0.002035856246948242
26338,normal,700,0,1782358698.1225438,0.0017476081848144531
26339,normal,2512,0,1782358698.1248598,0.002315998077392578
26340,normal,1724,0,1782358698.1266575,0.0017976760864257812
26341,normal,563,0,1782358698.1288207,0.0021631717681884766
26342,normal,3683,0,1782358698.1306105,0.0017898082733154297
26343,normal,2510,0,1782358698.1325164,0.0019059181213378906
26344,normal,907,2,1782358698.1345716,0.0020551681518554688
26345,normal,815,2,1782358698.136585,0.0020134449005126953
26346,normal,1808,0,1782358698.138968,0.002382993698120117
26347,normal,250,0,1782358698.1407824,0.0018143653869628906
26348,normal,1081,0,1782358698.1426091,0.0018267631530761719
26349,normal,2241,0,1782358698.1447065,0.0020973682403564453
26350,normal,1180,0,1782358698.146544,0.0018374919891357422
26351,normal,532,0,1782358698.1487803,0.0022363662719726562
26352,normal,3377,1,1782358698.1506038,0.00182342529296875
26353,normal,414,0,1782358698.152623,0.002019166946411133
26354,normal,3279,1,1782358698.1547,0.0020771026611328125
26355,normal,3036,0,1782358698.1567087,0.002008676528930664
26356,normal,1303,0,1782358698.158641,0.001932382583618164
26357,normal,2027,0,1782358698.1609378,0.0022966861724853516
26358,normal,928,2,1782358698.1625981,0.0016603469848632812
26359,normal,796,2,1782358698.1647108,0.0021126270294189453
26360,normal,1874,0,1782358698.1667984,0.0020875930786132812
26361,normal,289,0,1782358698.1686387,0.001840353012084961
26362,normal,562,0,1782358698.1706579,0.002019166946411133
26363,normal,339,0,1782358698.1726472,0.0019893646240234375
26364,normal,617,0,1782358698.1748204,0.002173185348510742
26365,normal,2762,0,1782358698.1766443,0.0018239021301269531
26366,normal,716,0,1782358698.17871,0.0020656585693359375
26367,normal,2756,0,1782358698.180719,0.0020089149475097656
26368,normal,2506,0,1782358698.1826832,0.0019643306732177734
26369,normal,2901,0,1782358698.1848347,0.0021514892578125
26370,normal,451,0,1782358698.1868434,0.002008676528930664
26371,normal,2914,0,1782358698.1885965,0.001753091812133789
26372,normal,2443,0,1782358698.1907816,0.0021851062774658203
26373,normal,444,0,1782358698.1927245,0.0019428730010986328
26374,normal,1343,1,1782358698.1946213,0.0018968582153320312
26375,normal,3151,1,1782358698.1970441,0.002422809600830078
26376,normal,1585,0,1782358698.198642,0.0015978813171386719
26377,normal,3219,1,1782358698.2006543,0.0020122528076171875
26378,normal,82,0,1782358698.202737,0.00208282470703125
26379,normal,2470,0,1782358698.2046838,0.0019466876983642578
26380,normal,366,0,1782358698.2066581,0.001974344253540039
26381,normal,55,0,1782358698.2086353,0.001977205276489258
26382,normal,3282,1,1782358698.2107337,0.0020983219146728516
26383,normal,241,0,1782358698.2126606,0.0019268989562988281
26384,normal,1569,0,1782358698.2148361,0.002175569534301758
26385,normal,1135,0,1782358698.2167234,0.0018873214721679688
26386,normal,570,0,1782358698.2185667,0.0018432140350341797
26387,normal,768,0,1782358698.2207377,0.002171039581298828
26388,normal,1869,0,1782358698.222723,0.001985311508178711
26389,normal,2907,0,1782358698.2245538,0.0018308162689208984
26390,normal,2626,0,1782358698.2267218,0.002167940139770508
26391,normal,3139,1,1782358698.2286885,0.001966714859008789
26392,normal,3011,0,1782358698.2306962,0.002007722854614258
26393,normal,1607,0,1782358698.232766,0.002069711685180664
26394,normal,3257,1,1782358698.234762,0.0019960403442382812
26395,normal,2819,0,1782358698.2366557,0.001893758773803711
26396,normal,2101,0,1782358698.2387352,0.002079486846923828
26397,normal,1994,0,1782358698.2406876,0.0019524097442626953
26398,normal,2982,0,1782358698.2426739,0.001986265182495117
26399,normal,735,0,1782358698.244604,0.00193023681640625
26400,normal,1889,0,1782358698.2467127,0.0021085739135742188
26401,normal,3310,1,1782358698.2485425,0.0018298625946044922
26402,normal,243,0,1782358698.250881,0.002338409423828125
26403,normal,809,2,1782358698.2527115,0.0018305778503417969
26404,normal,2885,0,1782358698.2547061,0.001994609832763672
26405,normal,59,0,1782358698.256807,0.0021009445190429688
26406,normal,1708,0,1782358698.2588294,0.002022266387939453
26407,normal,1077,0,1782358698.260749,0.0019197463989257812
26408,normal,3505,0,1782358698.2627714,0.002022266387939453
26409,normal,1614,0,1782358698.2648356,0.002064228057861328
26410,normal,2652,0,1782358698.2666178,0.0017821788787841797
26411,normal,560,0,1782358698.2687514,0.002133607864379883
26412,normal,2169,0,1782358698.2707338,0.001982450485229492
26413,normal,3469,0,1782358698.2726402,0.0019063949584960938
26414,normal,2544,0,1782358698.274768,0.0021278858184814453
26415,normal,2888,0,1782358698.2767274,0.0019593238830566406
26416,normal,2402,0,1782358698.2786326,0.001905202865600586
26417,normal,2217,0,1782358698.2807083,0.002075672149658203
26418,normal,1004,2,1782358698.2827065,0.0019981861114501953
26419,normal,3321,1,1782358698.2845411,0.0018346309661865234
26420,normal,2691,0,1782358698.2871487,0.002607583999633789
26421,normal,1757,0,1782358698.2887535,0.0016047954559326172
26422,normal,3223,1,1782358698.2905855,0.0018320083618164062
26423,normal,3032,0,1782358698.2927482,0.0021626949310302734
26424,normal,759,0,1782358698.2947483,0.002000093460083008
26425,normal,1205,0,1782358698.2966735,0.0019252300262451172
26426,normal,3187,1,1782358698.2988086,0.002135038375854492
26427,normal,2232,0,1782358698.300778,0.0019693374633789062
26428,normal,3288,1,1782358698.3026793,0.001901388168334961
26429,normal,200,0,1782358698.3046272,0.0019478797912597656
26430,normal,206,0,1782358698.3067427,0.002115488052368164
26431,normal,3626,0,1782358698.3086548,0.0019121170043945312
26432,normal,1988,0,1782358698.310602,0.001947164535522461
26433,normal,1538,0,1782358698.3129566,0.0023546218872070312
26434,normal,2549,0,1782358698.3146403,0.0016837120056152344
26435,normal,2806,0,1782358698.3172693,0.0026290416717529297
26436,normal,311,0,1782358698.31882,0.0015506744384765625
26437,normal,2235,0,1782358698.3208718,0.002051830291748047
26438,normal,1562,0,1782358698.322831,0.001959085464477539
26439,normal,1433,0,1782358698.3245711,0.0017402172088623047
26440,normal,3306,1,1782358698.3265998,0.0020287036895751953
26441,normal,1440,0,1782358698.3286104,0.0020105838775634766
26442,normal,1248,0,1782358698.3307197,0.0021092891693115234
26443,normal,212,0,1782358698.332581,0.0018613338470458984
26444,normal,1987,0,1782358698.334541,0.0019600391387939453
26445,normal,2294,0,1782358698.3365335,0.001992464065551758
26446,normal,1860,0,1782358698.3385615,0.0020279884338378906
26447,normal,2583,0,1782358698.3405848,0.0020232200622558594
26448,normal,168,0,1782358698.3427684,0.002183675765991211
26449,normal,659,0,1782358698.3445091,0.0017406940460205078
26450,normal,2735,0,1782358698.3465261,0.0020170211791992188
26451,normal,2895,0,1782358698.3486133,0.002087116241455078
26452,normal,3416,0,1782358698.3505487,0.0019354820251464844
26453,normal,2131,0,1782358698.3525102,0.0019614696502685547
26454,normal,765,0,1782358698.3545468,0.002036571502685547
26455,normal,931,2,1782358698.3565464,0.0019996166229248047
26456,normal,1831,0,1782358698.358553,0.00200653076171875
26457,normal,953,2,1782358698.3605392,0.001986265182495117
26458,normal,114,0,1782358698.3625317,0.001992464065551758
26459,normal,2534,0,1782358698.3644896,0.0019578933715820312
26460,normal,480,0,1782358698.3665311,0.0020415782928466797
26461,normal,1845,0,1782358698.3685253,0.0019941329956054688
26462,normal,213,0,1782358698.3705323,0.002007007598876953
26463,normal,1122,0,1782358698.372531,0.0019986629486083984
26464,normal,158,0,1782358698.3745503,0.0020194053649902344
26465,normal,246,0,1782358698.3765233,0.0019729137420654297
26466,normal,3648,0,1782358698.3785675,0.002044200897216797
26467,normal,1584,0,1782358698.3805459,0.0019783973693847656
26468,normal,2986,0,1782358698.3825731,0.002027273178100586
26469,normal,1878,0,1782358698.384535,0.001961946487426758
26470,normal,844,2,1782358698.3865457,0.0020105838775634766
26471,normal,1296,0,1782358698.388513,0.0019674301147460938
26472,normal,421,0,1782358698.3905413,0.002028226852416992
26473,normal,3327,1,1782358698.39253,0.001988649368286133
26474,normal,1271,0,1782358698.3945415,0.002011537551879883
26475,normal,33,0,1782358698.3964975,0.0019559860229492188
26476,normal,2201,0,1782358698.398698,0.002200603485107422
26477,normal,3507,0,1782358698.400518,0.0018198490142822266
26478,normal,2728,0,1782358698.4025586,0.0020406246185302734
26479,normal,436,0,1782358698.40455,0.0019915103912353516
26480,normal,3248,1,1782358698.4066448,0.002094745635986328
26481,normal,1188,0,1782358698.4085472,0.0019023418426513672
26482,normal,834,2,1782358698.4105396,0.001992464065551758
26483,normal,2198,0,1782358698.4125896,0.0020499229431152344
26484,normal,3565,0,1782358698.4145463,0.0019567012786865234
26485,normal,52,0,1782358698.416494,0.001947641372680664
26486,normal,470,0,1782358698.4185758,0.0020818710327148438
26487,normal,1652,0,1782358698.4205182,0.0019423961639404297
26488,normal,2541,0,1782358698.4225235,0.002005338668823242
26489,normal,625,0,1782358698.4245157,0.0019922256469726562
26490,normal,1261,0,1782358698.4265232,0.0020074844360351562
26491,normal,2793,0,1782358698.428521,0.001997709274291992
26492,normal,2184,0,1782358698.4305189,0.0019979476928710938
26493,normal,1418,0,1782358698.432518,0.0019991397857666016
26494,normal,2574,0,1782358698.4346428,0.002124786376953125
26495,normal,132,0,1782358698.4366417,0.0019989013671875
26496,normal,2938,0,1782358698.43851,0.0018682479858398438
26497,normal,3342,1,1782358698.44053,0.002020120620727539
26498,normal,354,0,1782358698.4425266,0.0019965171813964844
26499,normal,89,0,1782358698.4445877,0.002061128616333008
26500,normal,776,2,1782358698.4465394,0.0019516944885253906
26501,normal,2545,0,1782358698.4486096,0.002070188522338867
26502,normal,1044,0,1782358698.4504895,0.0018799304962158203
26503,normal,1734,0,1782358698.4525306,0.0020411014556884766
26504,normal,568,0,1782358698.4545267,0.0019960403442382812
26505,normal,1722,0,1782358698.4565294,0.002002716064453125
26506,normal,1692,0,1782358698.4585347,0.002005338668823242
26507,normal,1688,0,1782358698.4608076,0.0022728443145751953
26508,normal,951,2,1782358698.4626853,0.0018777847290039062
26509,normal,3135,1,1782358698.4645376,0.001852273941040039
26510,normal,899,2,1782358698.4665926,0.002054929733276367
26511,normal,1167,0,1782358698.46856,0.0019674301147460938
26512,normal,3305,1,1782358698.470604,0.0020439624786376953
26513,normal,1846,0,1782358698.472646,0.002042055130004883
26514,normal,2007,0,1782358698.4745917,0.0019457340240478516
26515,normal,3354,1,1782358698.4765167,0.0019249916076660156
26516,normal,216,0,1782358698.478871,0.0023543834686279297
26517,normal,645,0,1782358698.4808197,0.0019485950469970703
26518,normal,2564,0,1782358698.4825091,0.0016894340515136719
26519,normal,3402,0,1782358698.4845421,0.0020329952239990234
26520,normal,2959,0,1782358698.4865315,0.0019893646240234375
26521,normal,173,0,1782358698.488526,0.001994609832763672
26522,normal,1779,0,1782358698.4905393,0.0020132064819335938
26523,normal,1228,0,1782358698.492529,0.001989603042602539
26524,normal,2496,0,1782358698.4945493,0.0020203590393066406
26525,normal,454,0,1782358698.4964883,0.0019390583038330078
26526,normal,1263,0,1782358698.498546,0.0020575523376464844
26527,normal,1367,1,1782358698.5005689,0.002022981643676758
26528,normal,2423,0,1782358698.5025785,0.0020096302032470703
26529,normal,1435,0,1782358698.504549,0.001970529556274414
26530,normal,1517,0,1782358698.506582,0.0020329952239990234
26531,normal,3252,1,1782358698.5085783,0.001996278762817383
26532,normal,1341,1,1782358698.5105557,0.0019774436950683594
26533,normal,501,0,1782358698.5125418,0.0019860267639160156
26534,normal,697,0,1782358698.5145435,0.0020017623901367188
26535,normal,48,0,1782358698.5165505,0.002007007598876953
26536,normal,3017,0,1782358698.5187032,0.002152681350708008
26537,normal,2651,0,1782358698.5206933,0.001990079879760742
26538,normal,2857,0,1782358698.5226307,0.0019373893737792969
26539,normal,351,0,1782358698.5245347,0.0019040107727050781
26540,normal,2056,0,1782358698.5266874,0.002152681350708008
26541,normal,1019,2,1782358698.5286424,0.0019550323486328125
26542,normal,3637,0,1782358698.530618,0.001975536346435547
26543,normal,3052,1,1782358698.5326858,0.0020678043365478516
26544,normal,402,0,1782358698.5346017,0.0019159317016601562
26545,normal,1328,1,1782358698.5365806,0.0019788742065429688
26546,normal,647,0,1782358698.5386217,0.0020411014556884766
26547,normal,1253,0,1782358698.5405214,0.00189971923828125
26548,normal,1645,0,1782358698.5426009,0.002079486846923828
26549,normal,2076,0,1782358698.544544,0.0019431114196777344
26550,normal,2548,0,1782358698.5465362,0.0019922256469726562
26551,normal,2082,0,1782358698.5485523,0.0020160675048828125
26552,normal,465,0,1782358698.550617,0.0020647048950195312
26553,normal,2437,0,1782358698.5526178,0.0020008087158203125
26554,normal,95,0,1782358698.5545118,0.0018939971923828125
26555,normal,1798,0,1782358698.556535,0.0020232200622558594
26556,normal,2889,0,1782358698.55854,0.0020051002502441406
26557,normal,45,0,1782358698.5605454,0.002005338668823242
26558,normal,2346,0,1782358698.5625453,0.0019998550415039062
26559,normal,1548,0,1782358698.5645232,0.0019779205322265625
26560,normal,1698,0,1782358698.566519,0.0019958019256591797
26561,normal,2614,0,1782358698.568518,0.0019989013671875
26562,normal,2174,0,1782358698.5709214,0.0024034976959228516
26563,normal,3154,1,1782358698.5725257,0.001604318618774414
26564,normal,657,0,1782358698.5745423,0.0020165443420410156
26565,normal,3104,1,1782358698.5765402,0.0019979476928710938
26566,normal,319,0,1782358698.5785325,0.0019922256469726562
26567,normal,235,0,1782358698.580602,0.0020694732666015625
26568,normal,342,0,1782358698.5824974,0.0018954277038574219
26569,normal,3465,0,1782358698.5845418,0.0020444393157958984
26570,normal,2345,0,1782358698.586531,0.001989126205444336
26571,normal,3355,1,1782358698.5885334,0.0020024776458740234
26572,normal,3702,0,1782358698.590536,0.002002716064453125
26573,normal,1899,0,1782358698.592909,0.0023729801177978516
26574,normal,2851,0,1782358698.5945382,0.0016291141510009766
26575,normal,747,0,1782358698.5965483,0.0020101070404052734
26576,normal,2803,0,1782358698.5985975,0.0020492076873779297
26577,normal,2571,0,1782358698.600625,0.0020275115966796875
26578,normal,1751,0,1782358698.6025522,0.0019271373748779297
26579,normal,2328,0,1782358698.6045833,0.002031087875366211
26580,normal,2079,0,1782358698.606514,0.0019307136535644531
26581,normal,141,0,1782358698.6085327,0.0020186901092529297
26582,normal,1513,0,1782358698.6107993,0.0022666454315185547
26583,normal,1419,0,1782358698.6128604,0.002061128616333008
26584,normal,3083,1,1782358698.614511,0.0016505718231201172
26585,normal,10,0,1782358698.616561,0.0020499229431152344
26586,normal,17,0,1782358698.6185443,0.0019834041595458984
26587,normal,1620,0,1782358698.6205344,0.001990079879760742
26588,normal,3173,1,1782358698.6225352,0.0020008087158203125
26589,normal,2504,0,1782358698.6245356,0.0020003318786621094
26590,normal,62,0,1782358698.6265557,0.002020120620727539
26591,normal,3061,1,1782358698.6285717,0.0020160675048828125
26592,normal,2483,0,1782358698.6305714,0.0019996166229248047
26593,normal,273,0,1782358698.6325383,0.0019669532775878906
26594,normal,1056,0,1782358698.6345532,0.0020148754119873047
26595,normal,2991,0,1782358698.6365588,0.0020055770874023438
26596,normal,3295,1,1782358698.638578,0.002019166946411133
26597,normal,536,0,1782358698.6405814,0.0020034313201904297
26598,normal,3433,0,1782358698.642507,0.0019257068634033203
26599,normal,468,0,1782358698.6445122,0.0020051002502441406
26600,normal,371,0,1782358698.6465387,0.0020265579223632812
26601,normal,1111,0,1782358698.6485457,0.002007007598876953
26602,normal,1852,0,1782358698.6505349,0.001989126205444336
26603,normal,2117,0,1782358698.6525493,0.0020143985748291016
26604,normal,3392,1,1782358698.6545453,0.0019960403442382812
26605,normal,176,0,1782358698.6565104,0.001965045928955078
26606,normal,2284,0,1782358698.6585786,0.0020682811737060547
26607,normal,3483,0,1782358698.6605277,0.0019490718841552734
26608,normal,1453,0,1782358698.6625333,0.0020055770874023438
26609,normal,423,0,1782358698.6646175,0.0020842552185058594
26610,normal,1928,0,1782358698.6665146,0.0018970966339111328
26611,normal,2211,0,1782358698.6685295,0.0020148754119873047
26612,normal,3689,0,1782358698.6705267,0.001997232437133789
26613,normal,1496,0,1782358698.672542,0.002015352249145508
26614,normal,142,0,1782358698.674559,0.0020170211791992188
26615,normal,1536,0,1782358698.6765368,0.001977682113647461
26616,normal,538,0,1782358698.6785812,0.0020444393157958984
26617,normal,3464,0,1782358698.6805534,0.001972198486328125
26618,normal,2459,0,1782358698.682542,0.001988649368286133
26619,normal,2572,0,1782358698.684555,0.002012968063354492
26620,normal,672,0,1782358698.6865487,0.0019936561584472656
26621,normal,3536,0,1782358698.6885312,0.001982450485229492
26622,normal,3071,1,1782358698.6906142,0.0020830631256103516
26623,normal,615,0,1782358698.692494,0.0018796920776367188
26624,normal,3133,1,1782358698.694617,0.002123117446899414
26625,normal,3134,1,1782358698.6965964,0.001979351043701172
26626,normal,2299,0,1782358698.6985025,0.0019061565399169922
26627,normal,2426,0,1782358698.7005696,0.002067089080810547
26628,normal,3479,0,1782358698.7025404,0.0019707679748535156
26629,normal,1243,0,1782358698.704557,0.0020165443420410156
26630,normal,2568,0,1782358698.7065442,0.0019872188568115234
26631,normal,2606,0,1782358698.7085812,0.00203704833984375
26632,normal,3086,1,1782358698.710535,0.0019538402557373047
26633,normal,1813,0,1782358698.712574,0.0020389556884765625
26634,normal,3374,1,1782358698.714512,0.0019381046295166016
26635,normal,383,0,1782358698.7165291,0.0020170211791992188
26636,normal,3276,1,1782358698.7184894,0.001960277557373047
26637,normal,3358,1,1782358698.7205548,0.002065420150756836
26638,normal,2167,0,1782358698.7225256,0.0019707679748535156
26639,normal,2471,0,1782358698.7245238,0.0019981861114501953
26640,normal,1542,0,1782358698.7265172,0.001993417739868164
26641,normal,3313,1,1782358698.7286878,0.002170562744140625
26642,normal,1397,0,1782358698.7311761,0.002488374710083008
26643,normal,1602,0,1782358698.7327719,0.0015957355499267578
26644,normal,2500,0,1782358698.7348287,0.0020568370819091797
26645,normal,3698,0,1782358698.7365959,0.0017671585083007812
26646,normal,2624,0,1782358698.738687,0.0020911693572998047
26647,normal,3386,1,1782358698.7406323,0.0019452571868896484
26648,normal,866,2,1782358698.7426844,0.0020520687103271484
26649,normal,1953,0,1782358698.7446947,0.002010345458984375
26650,normal,506,0,1782358698.7467701,0.0020754337310791016
26651,normal,3105,1,1782358698.748613,0.0018429756164550781
26652,normal,973,2,1782358698.7506614,0.0020482540130615234
26653,normal,3482,0,1782358698.7526796,0.0020182132720947266
26654,normal,2940,0,1782358698.7546847,0.0020051002502441406
26655,normal,718,0,1782358698.7566986,0.0020139217376708984
26656,normal,1682,0,1782358698.7588677,0.0021691322326660156
26657,normal,3633,0,1782358698.7606974,0.0018296241760253906
26658,normal,1811,0,1782358698.76277,0.002072572708129883
26659,normal,3446,0,1782358698.7645924,0.0018224716186523438
26660,normal,1541,0,1782358698.7667341,0.002141714096069336
26661,normal,3515,0,1782358698.7685983,0.0018641948699951172
26662,normal,325,0,1782358698.7705863,0.001987934112548828
26663,normal,794,2,1782358698.7727435,0.0021572113037109375
26664,normal,266,0,1782358698.7747426,0.0019991397857666016
26665,normal,318,0,1782358698.77657,0.0018274784088134766
26666,normal,1134,0,1782358698.7786345,0.0020644664764404297
26667,normal,1204,0,1782358698.7806308,0.001996278762817383
26668,normal,2152,0,1782358698.7826836,0.002052783966064453
26669,normal,1055,0,1782358698.7847137,0.0020301342010498047
26670,normal,868,2,1782358698.786591,0.0018773078918457031
26671,normal,284,0,1782358698.788527,0.0019359588623046875
26672,normal,1016,2,1782358698.79056,0.0020329952239990234
26673,normal,2797,0,1782358698.7925248,0.0019648075103759766
26674,normal,65,0,1782358698.7945843,0.002059459686279297
26675,normal,1859,0,1782358698.7966208,0.002036571502685547
26676,normal,2144,0,1782358698.7985885,0.0019676685333251953
26677,normal,1151,0,1782358698.8007004,0.0021119117736816406
26678,normal,2458,0,1782358698.802684,0.001983642578125
26679,normal,861,2,1782358698.8046913,0.0020072460174560547
26680,normal,1432,0,1782358698.8065321,0.001840829849243164
26681,normal,1765,0,1782358698.8087094,0.0021772384643554688
26682,normal,1206,0,1782358698.81063,0.0019207000732421875
26683,normal,1533,0,1782358698.812586,0.0019559860229492188
26684,normal,987,2,1782358698.8147242,0.0021381378173828125
26685,normal,3102,1,1782358698.8166428,0.0019185543060302734
26686,normal,1039,0,1782358698.8185463,0.001903533935546875
26687,normal,2957,0,1782358698.8205714,0.002025127410888672
26688,normal,1807,0,1782358698.8225205,0.0019490718841552734
26689,normal,3426,0,1782358698.8245392,0.0020186901092529297
26690,normal,487,0,1782358698.8265536,0.0020143985748291016
26691,normal,2886,0,1782358698.828528,0.001974344253540039
26692,normal,1626,0,1782358698.8305876,0.0020596981048583984
26693,normal,1120,0,1782358698.832578,0.0019903182983398438
26694,normal,2381,0,1782358698.8345613,0.0019834041595458984
26695,normal,1020,2,1782358698.836546,0.0019845962524414062
26696,normal,2649,0,1782358698.8387558,0.002209901809692383
26697,normal,1252,0,1782358698.840593,0.0018372535705566406
26698,normal,286,0,1782358698.8425689,0.0019757747650146484
26699,normal,3144,1,1782358698.8447094,0.002140522003173828
26700,normal,2404,0,1782358698.8466933,0.0019838809967041016
26701,normal,850,2,1782358698.8486965,0.002003192901611328
26702,normal,2017,0,1782358698.8507295,0.0020329952239990234
26703,normal,278,0,1782358698.852746,0.0020165443420410156
26704,normal,890,2,1782358698.8545926,0.0018465518951416016
26705,normal,2005,0,1782358698.856686,0.0020935535430908203
26706,normal,504,0,1782358698.858733,0.002046823501586914
26707,normal,895,2,1782358698.8605642,0.0018312931060791016
26708,normal,483,0,1782358698.8626044,0.0020401477813720703
26709,normal,2249,0,1782358698.8647096,0.002105236053466797
26710,normal,2608,0,1782358698.8665435,0.0018339157104492188
26711,normal,3411,0,1782358698.868778,0.0022344589233398438
26712,normal,1407,0,1782358698.8707037,0.0019257068634033203
26713,normal,2757,0,1782358698.8726046,0.0019009113311767578
26714,normal,3526,0,1782358698.8747897,0.0021851062774658203
26715,normal,482,0,1782358698.876835,0.0020453929901123047
26716,normal,2068,0,1782358698.878565,0.0017299652099609375
26717,normal,3238,1,1782358698.880823,0.002257823944091797
26718,normal,978,2,1782358698.8827646,0.001941680908203125
26719,normal,1428,0,1782358698.8846035,0.0018389225006103516
26720,normal,2014,0,1782358698.8867135,0.002110004425048828
26721,normal,1867,0,1782358698.8886216,0.0019080638885498047
26722,normal,2021,0,1782358698.8906343,0.0020127296447753906
26723,normal,2566,0,1782358698.892756,0.0021216869354248047
26724,normal,822,2,1782358698.8946178,0.0018618106842041016
26725,normal,2185,0,1782358698.8966246,0.0020067691802978516
26726,normal,1853,0,1782358698.8987064,0.0020818710327148438
26727,normal,1718,0,1782358698.9006155,0.001909017562866211
26728,normal,456,0,1782358698.9026477,0.0020322799682617188
26729,normal,872,2,1782358698.9050448,0.0023970603942871094
26730,normal,2230,0,1782358698.9067411,0.0016963481903076172
26731,normal,648,0,1782358698.908582,0.001840829849243164
26732,normal,846,2,1782358698.910748,0.0021660327911376953
26733,normal,1736,0,1782358698.9126441,0.0018961429595947266
26734,normal,2740,0,1782358698.9146583,0.00201416015625
26735,normal,2049,0,1782358698.9167159,0.0020575523376464844
26736,normal,442,0,1782358698.918713,0.001997232437133789
26737,normal,2742,0,1782358698.9205613,0.0018482208251953125
26738,normal,2377,0,1782358698.9227276,0.002166271209716797
26739,normal,2354,0,1782358698.9246418,0.0019142627716064453
26740,normal,1579,0,1782358698.9266293,0.001987457275390625
26741,normal,1430,0,1782358698.9287288,0.0020995140075683594
26742,normal,2576,0,1782358698.9307904,0.002061605453491211
26743,normal,704,0,1782358698.9326923,0.001901865005493164
26744,normal,180,0,1782358698.9347506,0.002058267593383789
26745,normal,3059,1,1782358698.936738,0.001987457275390625
26746,normal,1079,0,1782358698.9386544,0.0019164085388183594
26747,normal,2177,0,1782358698.9407346,0.002080202102661133
26748,normal,2906,0,1782358698.9427793,0.002044677734375
26749,normal,3130,1,1782358698.9449143,0.002135038375854492
26750,normal,1152,0,1782358698.946658,0.0017435550689697266
26751,normal,3003,0,1782358698.9486487,0.001990795135498047
26752,normal,2709,0,1782358698.9507842,0.0021355152130126953
26753,normal,3143,1,1782358698.9528224,0.002038240432739258
26754,normal,668,0,1782358698.9545584,0.0017359256744384766
26755,normal,2113,0,1782358698.9565609,0.0020024776458740234
26756,normal,2722,0,1782358698.9585533,0.001992464065551758
26757,normal,79,0,1782358698.9604948,0.0019414424896240234
26758,normal,1012,2,1782358698.962535,0.0020401477813720703
26759,normal,157,0,1782358698.964501,0.0019659996032714844
26760,normal,2601,0,1782358698.9665406,0.002039670944213867
26761,normal,2509,0,1782358698.9685626,0.0020220279693603516
26762,normal,1750,0,1782358698.9705434,0.0019807815551757812
26763,normal,670,0,1782358698.972554,0.0020105838775634766
26764,normal,1099,0,1782358698.9745846,0.002030611038208008
26765,normal,3150,1,1782358698.976656,0.002071380615234375
26766,normal,2147,0,1782358698.9785702,0.0019142627716064453
26767,normal,376,0,1782358698.9805608,0.0019905567169189453
26768,normal,3656,0,1782358698.9826064,0.0020456314086914062
26769,normal,3010,0,1782358698.9846134,0.002007007598876953
26770,normal,2192,0,1782358698.9865913,0.0019779205322265625
26771,normal,466,0,1782358698.988726,0.002134561538696289
26772,normal,1109,0,1782358698.9907887,0.0020627975463867188
26773,normal,1884,0,1782358698.9925642,0.001775503158569336
26774,normal,3298,1,1782358698.9947312,0.0021669864654541016
26775,normal,902,2,1782358698.9966276,0.0018963813781738281
26776,normal,638,0,1782358698.9987297,0.0021021366119384766
26777,normal,3189,1,1782358699.0006988,0.0019690990447998047
26778,normal,622,0,1782358699.002658,0.001959085464477539
26779,normal,3625,0,1782358699.0046525,0.001994609832763672
26780,normal,2770,0,1782358699.006722,0.0020694732666015625
26781,normal,910,2,1782358699.0086253,0.0019032955169677734
26782,normal,3451,0,1782358699.0106323,0.002007007598876953
26783,normal,1123,0,1782358699.0127792,0.0021469593048095703
26784,normal,2650,0,1782358699.0146477,0.0018684864044189453
26785,normal,3233,1,1782358699.0166447,0.0019969940185546875
26786,normal,2035,0,1782358699.0185592,0.0019145011901855469
26787,normal,2218,0,1782358699.0205848,0.002025604248046875
26788,normal,229,0,1782358699.0227468,0.0021619796752929688
26789,normal,1526,0,1782358699.0245755,0.0018286705017089844
26790,normal,3009,0,1782358699.02651,0.0019345283508300781
26791,normal,2243,0,1782358699.0285048,0.0019948482513427734
26792,normal,1756,0,1782358699.0305562,0.0020513534545898438
26793,normal,98,0,1782358699.0325835,0.002027273178100586
26794,normal,1523,0,1782358699.0345118,0.0019283294677734375
26795,normal,2779,0,1782358699.0365658,0.002053976058959961
26796,normal,3617,0,1782358699.0385618,0.0019960403442382812
26797,normal,1027,2,1782358699.0410662,0.0025043487548828125
26798,normal,3008,0,1782358699.0425694,0.0015032291412353516
26799,normal,3113,1,1782358699.0445235,0.0019540786743164062
26800,normal,624,0,1782358699.0466087,0.0020852088928222656
26801,normal,154,0,1782358699.0487063,0.002097606658935547
26802,normal,3019,0,1782358699.0507333,0.0020270347595214844
26803,normal,1704,0,1782358699.0525706,0.0018372535705566406
26804,normal,236,0,1782358699.0546923,0.0021216869354248047
26805,normal,3271,1,1782358699.056613,0.0019207000732421875
26806,normal,1773,0,1782358699.0586216,0.002008676528930664
26807,normal,2473,0,1782358699.0607028,0.002081155776977539
26808,normal,1073,0,1782358699.0628285,0.0021257400512695312
26809,normal,169,0,1782358699.064595,0.0017664432525634766
26810,normal,2240,0,1782358699.066739,0.0021440982818603516
26811,normal,242,0,1782358699.0687082,0.0019690990447998047
26812,normal,869,2,1782358699.0707076,0.001999378204345703
26813,normal,3311,1,1782358699.0727367,0.0020291805267333984
26814,normal,2018,0,1782358699.0746899,0.001953125
26815,normal,409,0,1782358699.0765336,0.0018436908721923828
26816,normal,418,0,1782358699.07869,0.002156496047973633
26817,normal,3020,0,1782358699.0806572,0.001967191696166992
26818,normal,2944,0,1782358699.0826893,0.002032041549682617
26819,normal,2763,0,1782358699.0846078,0.0019185543060302734
26820,normal,3051,1,1782358699.0869322,0.002324342727661133
26821,normal,203,0,1782358699.0886385,0.0017063617706298828
26822,normal,2869,0,1782358699.0906909,0.00205230712890625
26823,normal,1691,0,1782358699.0934691,0.002778291702270508
26824,normal,1876,0,1782358699.0945492,0.0010800361633300781
26825,normal,927,2,1782358699.0967314,0.0021822452545166016
26826,normal,1816,0,1782358699.0986266,0.0018951892852783203
26827,normal,1479,0,1782358699.1005998,0.0019731521606445312
26828,normal,1376,1,1782358699.1025875,0.0019876956939697266
26829,normal,1863,0,1782358699.1046271,0.002039670944213867
26830,normal,385,0,1782358699.1066058,0.001978635787963867
26831,normal,1738,0,1782358699.1085947,0.0019888877868652344
26832,normal,2133,0,1782358699.1106,0.002005338668823242
26833,normal,715,0,1782358699.1125934,0.001993417739868164
26834,normal,3307,1,1782358699.1145813,0.001987934112548828
26835,normal,2980,0,1782358699.1165917,0.002010345458984375
26836,normal,2647,0,1782358699.1187005,0.0021088123321533203
26837,normal,2951,0,1782358699.1205783,0.0018777847290039062
26838,normal,2618,0,1782358699.1227262,0.0021479129791259766
26839,normal,2410,0,1782358699.124509,0.0017828941345214844
26840,normal,2282,0,1782358699.1265953,0.002086162567138672
26841,normal,3067,1,1782358699.128485,0.0018897056579589844
26842,normal,2912,0,1782358699.1305983,0.00211334228515625
26843,normal,1693,0,1782358699.132473,0.001874685287475586
26844,normal,71,0,1782358699.1345866,0.0021135807037353516
26845,normal,2933,0,1782358699.1365051,0.0019185543060302734
26846,normal,2718,0,1782358699.1385856,0.0020804405212402344
26847,normal,3538,0,1782358699.140507,0.0019214153289794922
26848,normal,1208,0,1782358699.142546,0.0020389556884765625
26849,normal,1504,0,1782358699.1445537,0.002007722854614258
26850,normal,145,0,1782358699.146508,0.001954317092895508
26851,normal,688,0,1782358699.148542,0.0020339488983154297
26852,normal,1701,0,1782358699.1505542,0.0020122528076171875
26853,normal,3273,1,1782358699.152509,0.001954793930053711
26854,normal,1842,0,1782358699.1545446,0.0020356178283691406
26855,normal,1830,0,1782358699.1565502,0.0020055770874023438
26856,normal,2611,0,1782358699.1585078,0.0019576549530029297
26857,normal,669,0,1782358699.160537,0.0020291805267333984
26858,normal,3331,1,1782358699.1625535,0.0020165443420410156
26859,normal,2903,0,1782358699.1645052,0.0019516944885253906
26860,normal,1960,0,1782358699.1665387,0.0020334720611572266
26861,normal,437,0,1782358699.1685722,0.0020334720611572266
26862,normal,926,2,1782358699.1705177,0.00194549560546875
26863,normal,916,2,1782358699.1726265,0.0021088123321533203
26864,normal,3598,0,1782358699.1745515,0.0019249916076660156
26865,normal,1892,0,1782358699.1765184,0.0019669532775878906
26866,normal,2006,0,1782358699.1785398,0.002021312713623047
26867,normal,328,0,1782358699.1805794,0.002039670944213867
26868,normal,2373,0,1782358699.1825156,0.001936197280883789
26869,normal,1191,0,1782358699.1845553,0.002039670944213867
26870,normal,426,0,1782358699.1865475,0.0019922256469726562
26871,normal,205,0,1782358699.188517,0.001969575881958008
26872,normal,34,0,1782358699.190544,0.002026796340942383
26873,normal,613,0,1782358699.1925738,0.002029895782470703
26874,normal,248,0,1782358699.1945167,0.0019428730010986328
26875,normal,473,0,1782358699.1965444,0.002027750015258789
26876,normal,1331,1,1782358699.198575,0.002030611038208008
26877,normal,2439,0,1782358699.2005112,0.001936197280883789
26878,normal,3484,0,1782358699.2025433,0.002032041549682617
26879,normal,3622,0,1782358699.2045665,0.0020232200622558594
26880,normal,1052,0,1782358699.2065158,0.001949310302734375
26881,normal,3091,1,1782358699.2085433,0.0020275115966796875
26882,normal,3309,1,1782358699.210574,0.002030611038208008
26883,normal,3419,0,1782358699.212509,0.0019350051879882812
26884,normal,919,2,1782358699.2145512,0.0020422935485839844
26885,normal,3162,1,1782358699.2165596,0.0020084381103515625
26886,normal,1821,0,1782358699.2185607,0.002001047134399414
26887,normal,2206,0,1782358699.2205486,0.001987934112548828
26888,normal,920,2,1782358699.2225327,0.001984119415283203
26889,normal,1288,0,1782358699.2245073,0.0019745826721191406
26890,normal,983,2,1782358699.2265387,0.0020313262939453125
26891,normal,2285,0,1782358699.2285728,0.0020341873168945312
26892,normal,2084,0,1782358699.2305129,0.001940011978149414
26893,normal,350,0,1782358699.2325404,0.0020275115966796875
26894,normal,596,0,1782358699.2345636,0.0020232200622558594
26895,normal,2937,0,1782358699.2365065,0.0019428730010986328
26896,normal,1161,0,1782358699.2385416,0.0020351409912109375
26897,normal,2939,0,1782358699.24057,0.0020284652709960938
26898,normal,1177,0,1782358699.242508,0.0019378662109375
26899,normal,340,0,1782358699.2445858,0.002077817916870117
26900,normal,252,0,1782358699.2465444,0.001958608627319336
26901,normal,2989,0,1782358699.2485058,0.0019614696502685547
26902,normal,1142,0,1782358699.2505426,0.0020368099212646484
26903,normal,3339,1,1782358699.2525694,0.002026796340942383
26904,normal,1145,0,1782358699.2545092,0.0019397735595703125
26905,normal,746,0,1782358699.2565398,0.002030611038208008
26906,normal,937,2,1782358699.25856,0.002020120620727539
26907,normal,757,0,1782358699.2605076,0.001947641372680664
26908,normal,54,0,1782358699.2625756,0.002068042755126953
26909,normal,1685,0,1782358699.264535,0.0019593238830566406
26910,normal,1403,0,1782358699.2665076,0.001972675323486328
26911,normal,2269,0,1782358699.2685604,0.002052783966064453
26912,normal,3641,0,1782358699.2705703,0.002009868621826172
26913,normal,3070,1,1782358699.2725115,0.0019412040710449219
26914,normal,1194,0,1782358699.2745552,0.0020437240600585938
26915,normal,2790,0,1782358699.276565,0.002009868621826172
26916,normal,1309,0,1782358699.2785273,0.0019621849060058594
26917,normal,281,0,1782358699.2805572,0.002029895782470703
26918,normal,1833,0,1782358699.2825687,0.002011537551879883
26919,normal,838,2,1782358699.2845142,0.00194549560546875
26920,normal,903,2,1782358699.2865455,0.0020313262939453125
26921,normal,495,0,1782358699.288563,0.002017498016357422
26922,normal,826,2,1782358699.2905104,0.0019474029541015625
26923,normal,1825,0,1782358699.2925432,0.002032756805419922
26924,normal,3668,0,1782358699.2945757,0.0020325183868408203
26925,normal,2511,0,1782358699.2965083,0.0019326210021972656
26926,normal,3705,0,1782358699.2985423,0.0020339488983154297
26927,normal,971,2,1782358699.3005624,0.002020120620727539
26928,normal,1786,0,1782358699.30251,0.001947641372680664
26929,normal,819,2,1782358699.304595,0.002084970474243164
26930,normal,743,0,1782358699.3065486,0.001953601837158203
26931,normal,3116,1,1782358699.3085089,0.001960277557373047
26932,normal,1338,1,1782358699.310541,0.002032041549682617
26933,normal,1947,0,1782358699.3125525,0.002011537551879883
26934,normal,2025,0,1782358699.3145077,0.001955270767211914
26935,normal,2731,0,1782358699.3165433,0.0020356178283691406
26936,normal,167,0,1782358699.3185313,0.001987934112548828
26937,normal,3406,0,1782358699.3205101,0.0019788742065429688
26938,normal,2950,0,1782358699.322777,0.0022668838500976562
26939,normal,3109,1,1782358699.3246117,0.0018346309661865234
26940,normal,2905,0,1782358699.326634,0.002022266387939453
26941,normal,2537,0,1782358699.328732,0.00209808349609375
26942,normal,116,0,1782358699.3315516,0.002819538116455078
26943,normal,223,0,1782358699.332716,0.0011644363403320312
26944,normal,374,0,1782358699.33456,0.0018439292907714844
26945,normal,2102,0,1782358699.3367236,0.0021636486053466797
26946,normal,3405,0,1782358699.3386176,0.0018939971923828125
26947,normal,3222,1,1782358699.340649,0.0020313262939453125
26948,normal,1725,0,1782358699.3427143,0.002065420150756836
26949,normal,3588,0,1782358699.3445787,0.0018644332885742188
26950,normal,1944,0,1782358699.34671,0.002131223678588867
26951,normal,3228,1,1782358699.3496246,0.0029146671295166016
26952,normal,448,0,1782358699.3505733,0.0009486675262451172
26953,normal,2764,0,1782358699.3526013,0.0020279884338378906
26954,normal,3616,0,1782358699.3547134,0.002112150192260742
26955,normal,269,0,1782358699.3565817,0.0018682479858398438
26956,normal,3270,1,1782358699.3587136,0.002131938934326172
26957,normal,3251,1,1782358699.3607113,0.001997709274291992
26958,normal,3344,1,1782358699.3625512,0.0018398761749267578
26959,normal,3239,1,1782358699.3647175,0.002166271209716797
26960,normal,1112,0,1782358699.3667152,0.001997709274291992
26961,normal,1113,0,1782358699.3685873,0.0018720626831054688
26962,normal,2397,0,1782358699.3707132,0.002125978469848633
26963,normal,2829,0,1782358699.3727176,0.002004384994506836
26964,normal,271,0,1782358699.37459,0.0018723011016845703
26965,normal,287,0,1782358699.376706,0.002115964889526367
26966,normal,2953,0,1782358699.3787177,0.0020117759704589844
26967,normal,1680,0,1782358699.3806002,0.0018825531005859375
26968,normal,2812,0,1782358699.38272,0.002119779586791992
26969,normal,1032,0,1782358699.3847167,0.001996755599975586
26970,normal,3681,0,1782358699.3865986,0.0018818378448486328
26971,normal,2484,0,1782358699.3887181,0.0021195411682128906
26972,normal,2225,0,1782358699.3907125,0.0019943714141845703
26973,normal,3431,0,1782358699.3926,0.0018875598907470703
26974,normal,3055,1,1782358699.3946562,0.002056121826171875
26975,normal,3432,0,1782358699.3967128,0.002056598663330078
26976,normal,3369,1,1782358699.3985949,0.0018820762634277344
26977,normal,2424,0,1782358699.4007938,0.002198934555053711
26978,normal,1673,0,1782358699.402648,0.0018541812896728516
26979,normal,3319,1,1782358699.4046,0.0019519329071044922
26980,normal,3660,0,1782358699.4067078,0.002107858657836914
26981,normal,783,2,1782358699.408713,0.002005338668823242
26982,normal,3676,0,1782358699.410597,0.0018839836120605469
26983,normal,3329,1,1782358699.4127092,0.002112150192260742
26984,normal,2196,0,1782358699.4147084,0.0019991397857666016
26985,normal,1149,0,1782358699.4166105,0.0019021034240722656
26986,normal,1717,0,1782358699.4187617,0.0021512508392333984
26987,normal,2306,0,1782358699.4206378,0.0018761157989501953
26988,normal,405,0,1782358699.422618,0.0019800662994384766
26989,normal,291,0,1782358699.4247513,0.0021333694458007812
26990,normal,1996,0,1782358699.4267612,0.002009868621826172
26991,normal,2738,0,1782358699.4286172,0.001856088638305664
26992,normal,1219,0,1782358699.430693,0.002075672149658203
26993,normal,1090,0,1782358699.4325988,0.0019059181213378906
26994,normal,1319,1,1782358699.4345386,0.0019397735595703125
26995,normal,565,0,1782358699.436627,0.002088308334350586
26996,normal,3166,1,1782358699.438579,0.0019521713256835938
26997,normal,2312,0,1782358699.4405367,0.0019576549530029297
26998,normal,1911,0,1782358699.442771,0.002234220504760742
26999,normal,1342,1,1782358699.4445896,0.0018186569213867188
27000,normal,3599,0,1782358699.4467695,0.002179861068725586
27001,normal,1316,0,1782358699.4485872,0.0018177032470703125
27002,normal,1707,0,1782358699.4507885,0.0022013187408447266
27003,normal,2334,0,1782358699.4526482,0.0018596649169921875
27004,normal,256,0,1782358699.4545894,0.0019412040710449219
27005,normal,313,0,1782358699.456782,0.0021927356719970703
27006,normal,1224,0,1782358699.4586499,0.0018677711486816406
27007,normal,2673,0,1782358699.4605868,0.0019369125366210938
27008,normal,674,0,1782358699.4625971,0.002010345458984375
27009,normal,1657,0,1782358699.4647567,0.002159595489501953
27010,normal,1181,0,1782358699.4665852,0.0018284320831298828
27011,normal,1385,0,1782358699.468848,0.0022628307342529297
27012,normal,46,0,1782358699.4705725,0.0017244815826416016
27013,normal,724,0,1782358699.472766,0.002193450927734375
27014,normal,2824,0,1782358699.4746013,0.0018353462219238281
27015,normal,2462,0,1782358699.476772,0.0021708011627197266
27016,normal,2408,0,1782358699.478586,0.0018138885498046875
27017,normal,2105,0,1782358699.4808025,0.0022165775299072266
27018,normal,1159,0,1782358699.4826376,0.0018351078033447266
27019,normal,3264,1,1782358699.4845867,0.0019490718841552734
27020,normal,2223,0,1782358699.4868093,0.0022225379943847656
27021,normal,3325,1,1782358699.4886417,0.0018324851989746094
27022,normal,2378,0,1782358699.4905875,0.0019457340240478516
27023,normal,1348,1,1782358699.4928133,0.0022258758544921875
27024,normal,35,0,1782358699.4946392,0.0018258094787597656
27025,normal,1312,0,1782358699.4965868,0.001947641372680664
27026,normal,2179,0,1782358699.4988139,0.0022270679473876953
27027,normal,629,0,1782358699.5006373,0.00182342529296875
27028,normal,3128,1,1782358699.5025904,0.001953125
27029,normal,1537,0,1782358699.5047772,0.0021867752075195312
27030,normal,1856,0,1782358699.5066338,0.0018565654754638672
27031,normal,2687,0,1782358699.508588,0.001954317092895508
27032,normal,1178,0,1782358699.5108244,0.0022363662719726562
27033,normal,1913,0,1782358699.512639,0.0018146038055419922
27034,normal,3530,0,1782358699.5145895,0.0019505023956298828
27035,normal,2384,0,1782358699.5168242,0.0022346973419189453
27036,normal,264,0,1782358699.5186403,0.0018160343170166016
27037,normal,542,0,1782358699.5205874,0.001947164535522461
27038,normal,1635,0,1782358699.5228264,0.0022389888763427734
27039,normal,1740,0,1782358699.5246437,0.0018172264099121094
27040,normal,123,0,1782358699.5265846,0.0019409656524658203
27041,normal,3669,0,1782358699.5288312,0.0022466182708740234
27042,normal,1767,0,1782358699.5306306,0.0017993450164794922
27043,normal,2622,0,1782358699.5325851,0.0019545555114746094
27044,normal,1858,0,1782358699.534834,0.0022487640380859375
27045,normal,510,0,1782358699.5366395,0.0018055438995361328
27046,normal,1843,0,1782358699.5385861,0.0019466876983642578
27047,normal,1216,0,1782358699.5407803,0.0021941661834716797
27048,normal,3246,1,1782358699.542637,0.0018568038940429688
27049,normal,2149,0,1782358699.544586,0.0019488334655761719
27050,normal,2515,0,1782358699.5468326,0.0022466182708740234
27051,normal,3280,1,1782358699.5486538,0.001821279525756836
27052,normal,3253,1,1782358699.5505838,0.0019299983978271484
27053,normal,2874,0,1782358699.552813,0.0022292137145996094
27054,normal,1567,0,1782358699.5546312,0.0018181800842285156
27055,normal,1082,0,1782358699.556586,0.001954793930053711
27056,normal,182,0,1782358699.5587828,0.002196788787841797
27057,normal,580,0,1782358699.560629,0.0018460750579833984
27058,normal,683,0,1782358699.562587,0.001958131790161133
27059,normal,68,0,1782358699.5648587,0.0022716522216796875
27060,normal,1307,0,1782358699.5666294,0.0017707347869873047
27061,normal,2520,0,1782358699.568584,0.0019545555114746094
27062,normal,2444,0,1782358699.570815,0.002231121063232422
27063,normal,1706,0,1782358699.5726516,0.001836538314819336
27064,normal,2543,0,1782358699.5745845,0.0019328594207763672
27065,normal,1941,0,1782358699.5768313,0.002246856689453125
27066,normal,282,0,1782358699.578645,0.001813650131225586
27067,normal,961,2,1782358699.5805905,0.00194549560546875
27068,normal,137,0,1782358699.5827765,0.0021860599517822266
27069,normal,628,0,1782358699.5846438,0.0018672943115234375
27070,normal,1669,0,1782358699.5865858,0.0019419193267822266
27071,normal,665,0,1782358699.5888488,0.0022630691528320312
27072,normal,847,2,1782358699.5906408,0.0017919540405273438
27073,normal,2336,0,1782358699.5925841,0.001943349838256836
27074,normal,1154,0,1782358699.594853,0.0022687911987304688
27075,normal,2268,0,1782358699.596649,0.0017960071563720703
27076,normal,1173,0,1782358699.598585,0.0019359588623046875
27077,normal,1578,0,1782358699.600843,0.0022580623626708984
27078,normal,63,0,1782358699.602639,0.0017960071563720703
27079,normal,3393,1,1782358699.6045861,0.001947164535522461
27080,normal,533,0,1782358699.606859,0.0022728443145751953
27081,normal,3489,0,1782358699.6086504,0.0017914772033691406
27082,normal,2519,0,1782358699.6105845,0.001934051513671875
27083,normal,270,0,1782358699.6127696,0.0021851062774658203
27084,normal,1850,0,1782358699.6146457,0.0018761157989501953
27085,normal,16,0,1782358699.6165845,0.0019388198852539062
27086,normal,3501,0,1782358699.618794,0.0022094249725341797
27087,normal,3215,1,1782358699.620647,0.0018529891967773438
27088,normal,2636,0,1782358699.6225858,0.0019388198852539062
27089,normal,429,0,1782358699.6248486,0.0022628307342529297
27090,normal,2038,0,1782358699.6267562,0.0019075870513916016
27091,normal,2773,0,1782358699.6285856,0.001829385757446289
27092,normal,3381,1,1782358699.6308758,0.0022902488708496094
27093,normal,1119,0,1782358699.6326418,0.0017659664154052734
27094,normal,754,0,1782358699.6345856,0.001943826675415039
27095,normal,3628,0,1782358699.6367784,0.0021927356719970703
27096,normal,887,2,1782358699.638642,0.001863718032836914
27097,normal,239,0,1782358699.6406064,0.0019643306732177734
27098,normal,3213,1,1782358699.6428733,0.0022668838500976562
27099,normal,1803,0,1782358699.6446407,0.0017673969268798828
27100,normal,2620,0,1782358699.646585,0.0019443035125732422
27101,normal,1244,0,1782358699.6488752,0.0022902488708496094
27102,normal,1102,0,1782358699.650638,0.0017628669738769531
27103,normal,1631,0,1782358699.6525989,0.00196075439453125
27104,normal,2690,0,1782358699.6548858,0.0022869110107421875
27105,normal,3074,1,1782358699.6567514,0.0018656253814697266
27106,normal,1456,0,1782358699.6585963,0.0018448829650878906
27107,normal,1074,0,1782358699.6608894,0.002293109893798828
27108,normal,2518,0,1782358699.6625679,0.001678466796875
27109,normal,1368,1,1782358699.6647978,0.002229928970336914
27110,normal,475,0,1782358699.6667023,0.0019044876098632812
27111,normal,3137,1,1782358699.6687753,0.002073049545288086
27112,normal,2135,0,1782358699.670589,0.001813650131225586
27113,normal,655,0,1782358699.6729558,0.002366781234741211
27114,normal,1627,0,1782358699.6746416,0.0016858577728271484
27115,normal,303,0,1782358699.6766095,0.001967906951904297
27116,normal,2875,0,1782358699.6788309,0.002221345901489258
27117,normal,1642,0,1782358699.6806462,0.0018153190612792969
27118,normal,1829,0,1782358699.6826034,0.0019571781158447266
27119,normal,2843,0,1782358699.6848266,0.0022232532501220703
27120,normal,1226,0,1782358699.6867728,0.0019462108612060547
27121,normal,3372,1,1782358699.6885664,0.0017936229705810547
27122,normal,1370,1,1782358699.6908412,0.002274751663208008
27123,normal,277,0,1782358699.6926467,0.0018055438995361328
27124,normal,2161,0,1782358699.694565,0.0019183158874511719
27125,normal,1653,0,1782358699.6968296,0.0022644996643066406
27126,normal,717,0,1782358699.6986392,0.0018095970153808594
27127,normal,2044,0,1782358699.7005498,0.0019106864929199219
27128,normal,1583,0,1782358699.7025938,0.0020439624786376953
27129,normal,2022,0,1782358699.7045438,0.0019500255584716797
27130,normal,792,2,1782358699.7065372,0.001993417739868164
27131,normal,1212,0,1782358699.7085438,0.00200653076171875
27132,normal,1838,0,1782358699.7105348,0.0019910335540771484
27133,normal,2097,0,1782358699.712594,0.0020592212677001953
27134,normal,549,0,1782358699.7145908,0.001996755599975586
27135,normal,2521,0,1782358699.7167501,0.0021593570709228516
27136,normal,1746,0,1782358699.7185714,0.001821279525756836
27137,normal,2769,0,1782358699.7208078,0.0022363662719726562
27138,normal,3427,0,1782358699.7226493,0.0018415451049804688
27139,normal,47,0,1782358699.724571,0.0019216537475585938
27140,normal,107,0,1782358699.726594,0.002022981643676758
27141,normal,2524,0,1782358699.7287755,0.002181529998779297
27142,normal,2621,0,1782358699.730597,0.0018215179443359375
27143,normal,3477,0,1782358699.7327898,0.0021927356719970703
27144,normal,1067,0,1782358699.7346513,0.001861572265625
27145,normal,2146,0,1782358699.736571,0.0019197463989257812
27146,normal,1976,0,1782358699.7388096,0.0022385120391845703
27147,normal,3224,1,1782358699.7406428,0.001833200454711914
27148,normal,2446,0,1782358699.7425907,0.0019478797912597656
27149,normal,1982,0,1782358699.7448168,0.002226114273071289
27150,normal,3584,0,1782358699.7466452,0.0018284320831298828
27151,normal,801,2,1782358699.748589,0.001943826675415039
27152,normal,1954,0,1782358699.7508156,0.002226591110229492
27153,normal,2640,0,1782358699.7526371,0.0018215179443359375
27154,normal,1214,0,1782358699.7545884,0.0019512176513671875
27155,normal,1447,0,1782358699.7567825,0.0021941661834716797
27156,normal,530,0,1782358699.7586403,0.001857757568359375
27157,normal,1664,0,1782358699.7605882,0.0019478797912597656
27158,normal,3555,0,1782358699.762821,0.002232789993286133
27159,normal,1351,1,1782358699.764651,0.0018301010131835938
27160,normal,2954,0,1782358699.766579,0.0019278526306152344
27161,normal,3579,0,1782358699.768824,0.002245187759399414
27162,normal,579,0,1782358699.7706375,0.0018134117126464844
27163,normal,1656,0,1782358699.772573,0.0019354820251464844
27164,normal,853,2,1782358699.7748265,0.0022535324096679688
27165,normal,2697,0,1782358699.7766423,0.0018157958984375
27166,normal,381,0,1782358699.7785892,0.0019469261169433594
27167,normal,161,0,1782358699.7807846,0.0021953582763671875
27168,normal,2720,0,1782358699.7826388,0.0018541812896728516
27169,normal,1760,0,1782358699.7845893,0.0019505023956298828
27170,normal,1674,0,1782358699.786829,0.002239704132080078
27171,normal,663,0,1782358699.7886357,0.0018067359924316406
27172,normal,3497,0,1782358699.790588,0.0019521713256835938
27173,normal,455,0,1782358699.792831,0.0022430419921875
27174,normal,58,0,1782358699.7946358,0.0018048286437988281
27175,normal,2581,0,1782358699.796588,0.0019521713256835938
27176,normal,193,0,1782358699.7988243,0.0022363662719726562
27177,normal,1382,0,1782358699.8007038,0.0018794536590576172
27178,normal,3548,0,1782358699.802573,0.00186920166015625
27179,normal,20,0,1782358699.8048353,0.0022623538970947266
27180,normal,2088,0,1782358699.8066428,0.0018074512481689453
27181,normal,2862,0,1782358699.8085885,0.0019457340240478516
27182,normal,207,0,1782358699.810839,0.0022504329681396484
27183,normal,1238,0,1782358699.8126402,0.0018012523651123047
27184,normal,914,2,1782358699.814587,0.0019469261169433594
27185,normal,3080,1,1782358699.816864,0.002276897430419922
27186,normal,3216,1,1782358699.8186386,0.0017745494842529297
27187,normal,3420,0,1782358699.8205733,0.0019347667694091797
27188,normal,4,0,1782358699.822842,0.002268552780151367
27189,normal,3631,0,1782358699.8246255,0.001783609390258789
27190,normal,2999,0,1782358699.826588,0.001962423324584961
27191,normal,2237,0,1782358699.8288593,0.002271413803100586
27192,normal,1300,0,1782358699.8306477,0.0017883777618408203
27193,normal,1495,0,1782358699.8325877,0.001940011978149414
27194,normal,1604,0,1782358699.834843,0.0022552013397216797
27195,normal,208,0,1782358699.8366394,0.0017964839935302734
27196,normal,1488,0,1782358699.8385885,0.0019490718841552734
27197,normal,2727,0,1782358699.8408668,0.0022783279418945312
27198,normal,297,0,1782358699.842636,0.0017693042755126953
27199,normal,36,0,1782358699.8445892,0.001953125
27200,normal,2527,0,1782358699.8467877,0.002198457717895508
27201,normal,5,0,1782358699.8486347,0.0018470287322998047
27202,normal,3119,1,1782358699.8505883,0.001953601837158203
27203,normal,3428,0,1782358699.852871,0.0022826194763183594
27204,normal,1141,0,1782358699.854634,0.0017631053924560547
27205,normal,3371,1,1782358699.856589,0.0019550323486328125
27206,normal,3200,1,1782358699.8588715,0.002282381057739258
27207,normal,3424,0,1782358699.8606405,0.0017690658569335938
27208,normal,710,0,1782358699.862573,0.001932382583618164
27209,normal,507,0,1782358699.864771,0.0021979808807373047
27210,normal,3261,1,1782358699.8667693,0.001998424530029297
27211,normal,548,0,1782358699.8685954,0.0018260478973388672
27212,normal,323,0,1782358699.8708625,0.002267122268676758
27213,normal,3294,1,1782358699.8726482,0.0017857551574707031
27214,normal,2250,0,1782358699.874572,0.0019237995147705078
27215,normal,1276,0,1782358699.8768647,0.002292633056640625
27216,normal,3430,0,1782358699.8786442,0.0017795562744140625
27217,normal,582,0,1782358699.8805885,0.0019443035125732422
27218,normal,135,0,1782358699.8828697,0.00228118896484375
27219,normal,3367,1,1782358699.8846505,0.0017807483673095703
27220,normal,952,2,1782358699.8865724,0.0019218921661376953
27221,normal,3407,0,1782358699.8888717,0.0022993087768554688
27222,normal,1910,0,1782358699.8906484,0.0017766952514648438
27223,normal,1335,1,1782358699.8925738,0.0019254684448242188
27224,normal,1096,0,1782358699.8948734,0.0022995471954345703
27225,normal,396,0,1782358699.8966477,0.0017743110656738281
27226,normal,813,2,1782358699.8985715,0.0019237995147705078
27227,normal,2775,0,1782358699.9008305,0.0022590160369873047
27228,normal,1256,0,1782358699.9026399,0.0018093585968017578
27229,normal,574,0,1782358699.904587,0.001947164535522461
27230,normal,2733,0,1782358699.9068573,0.002270221710205078
27231,normal,1956,0,1782358699.9086413,0.0017840862274169922
27232,normal,3476,0,1782358699.9105895,0.0019481182098388672
27233,normal,3152,1,1782358699.9125893,0.0019998550415039062
27234,normal,2208,0,1782358699.914629,0.002039670944213867
27235,normal,346,0,1782358699.9165893,0.001960277557373047
27236,normal,1289,0,1782358699.9185917,0.0020024776458740234
27237,normal,790,2,1782358699.9207761,0.0021843910217285156
27238,normal,2013,0,1782358699.92257,0.0017938613891601562
27239,normal,2615,0,1782358699.9248068,0.0022368431091308594
27240,normal,893,2,1782358699.9266489,0.0018420219421386719
27241,normal,290,0,1782358699.9285724,0.0019235610961914062
27242,normal,3100,1,1782358699.9307964,0.002223968505859375
27243,normal,3679,0,1782358699.932646,0.0018496513366699219
27244,normal,1633,0,1782358699.9345884,0.0019423961639404297
27245,normal,1431,0,1782358699.9367995,0.0022110939025878906
27246,normal,2575,0,1782358699.9386432,0.0018436908721923828
27247,normal,283,0,1782358699.9406009,0.0019576549530029297
27248,normal,1695,0,1782358699.9428167,0.002215862274169922
27249,normal,2219,0,1782358699.9446437,0.0018270015716552734
27250,normal,199,0,1782358699.94659,0.0019462108612060547
27251,normal,2736,0,1782358699.9487848,0.0021948814392089844
27252,normal,2227,0,1782358699.9506404,0.001855611801147461
27253,normal,2262,0,1782358699.95259,0.0019495487213134766
27254,normal,2020,0,1782358699.9548066,0.0022165775299072266
27255,normal,3014,0,1782358699.9566436,0.001837015151977539
27256,normal,453,0,1782358699.958589,0.00194549560546875
27257,normal,766,0,1782358699.9608047,0.0022156238555908203
27258,normal,3034,0,1782358699.9626386,0.0018339157104492188
27259,normal,585,0,1782358699.9646165,0.0019779205322265625
27260,normal,476,0,1782358699.9668086,0.0021920204162597656
27261,normal,1990,0,1782358699.9686408,0.0018322467803955078
27262,normal,3547,0,1782358699.9705908,0.0019500255584716797
27263,normal,3096,1,1782358699.9728105,0.002219676971435547
27264,normal,3336,1,1782358699.974639,0.0018284320831298828
27265,normal,2706,0,1782358699.9765892,0.0019502639770507812
27266,normal,1658,0,1782358699.9787886,0.002199411392211914
27267,normal,3000,0,1782358699.9806364,0.0018477439880371094
27268,normal,3573,0,1782358699.9825885,0.0019521713256835938
27269,normal,3693,0,1782358699.9848151,0.002226591110229492
27270,normal,830,2,1782358699.9866312,0.0018160343170166016
27271,normal,837,2,1782358699.9885964,0.0019652843475341797
27272,normal,1199,0,1782358699.9908164,0.0022199153900146484
27273,normal,3499,0,1782358699.9926286,0.0018122196197509766
27274,normal,561,0,1782358699.9945903,0.0019617080688476562
27275,normal,942,2,1782358699.996818,0.002227783203125
27276,normal,1172,0,1782358699.9986265,0.0018084049224853516
27277,normal,2494,0,1782358700.000589,0.001962423324584961
27278,normal,1269,0,1782358700.0028064,0.002217531204223633
27279,normal,1675,0,1782358700.0046256,0.0018191337585449219
27280,normal,1527,0,1782358700.0065925,0.0019669532775878906
27281,normal,3502,0,1782358700.0088239,0.0022313594818115234
27282,normal,1336,1,1782358700.0106268,0.0018029212951660156
27283,normal,2212,0,1782358700.0125885,0.0019617080688476562
27284,normal,1940,0,1782358700.0148284,0.0022399425506591797
27285,normal,359,0,1782358700.016623,0.001794576644897461
27286,normal,2341,0,1782358700.01859,0.0019669532775878906
27287,normal,2961,0,1782358700.0205932,0.002003192901611328
27288,normal,3040,0,1782358700.0225873,0.0019941329956054688
27289,normal,1716,0,1782358700.0245984,0.0020110607147216797
27290,normal,2040,0,1782358700.0267699,0.0021715164184570312
27291,normal,915,2,1782358700.028629,0.0018591880798339844
27292,normal,1091,0,1782358700.030599,0.001970052719116211
27293,normal,302,0,1782358700.0327816,0.002182483673095703
27294,normal,3024,0,1782358700.0346224,0.001840829849243164
27295,normal,2098,0,1782358700.0365984,0.00197601318359375
27296,normal,127,0,1782358700.0387673,0.002168893814086914
27297,normal,2274,0,1782358700.0406172,0.0018498897552490234
27298,normal,1758,0,1782358700.042594,0.0019767284393310547
27299,normal,943,2,1782358700.044765,0.002171039581298828
27300,normal,3389,1,1782358700.0466146,0.0018496513366699219
27301,normal,1071,0,1782358700.0486007,0.0019860267639160156
27302,normal,372,0,1782358700.0507634,0.0021626949310302734
27303,normal,2522,0,1782358700.0526183,0.0018548965454101562
27304,normal,959,2,1782358700.0545988,0.0019805431365966797
27305,normal,886,2,1782358700.0567648,0.0021660327911376953
27306,normal,1060,0,1782358700.0586197,0.0018548965454101562
27307,normal,3196,1,1782358700.0605998,0.0019800662994384766
27308,normal,1310,0,1782358700.0627708,0.002171039581298828
27309,normal,3682,0,1782358700.0646372,0.0018663406372070312
27310,normal,3041,0,1782358700.0665998,0.0019626617431640625
27311,normal,1955,0,1782358700.0687838,0.0021839141845703125
27312,normal,567,0,1782358700.0706146,0.0018308162689208984
27313,normal,3438,0,1782358700.072601,0.0019865036010742188
27314,normal,1929,0,1782358700.0747614,0.002160310745239258
27315,normal,490,0,1782358700.0766103,0.0018489360809326172
27316,normal,2667,0,1782358700.0785987,0.0019884109497070312
27317,normal,3147,1,1782358700.0807884,0.00218963623046875
27318,normal,2325,0,1782358700.0826097,0.001821279525756836
27319,normal,594,0,1782358700.0845895,0.001979827880859375
27320,normal,3444,0,1782358700.0867639,0.00217437744140625
27321,normal,2400,0,1782358700.088605,0.0018410682678222656
27322,normal,2873,0,1782358700.0905862,0.0019812583923339844
27323,normal,922,2,1782358700.0927637,0.0021774768829345703
27324,normal,3183,1,1782358700.094622,0.0018582344055175781
27325,normal,1131,0,1782358700.0965872,0.0019652843475341797
27326,normal,27,0,1782358700.0987687,0.002181529998779297
27327,normal,767,0,1782358700.100617,0.0018482208251953125
27328,normal,3399,1,1782358700.1025827,0.001965761184692383
27329,normal,964,2,1782358700.1047666,0.0021839141845703125
27330,normal,3618,0,1782358700.1066196,0.0018529891967773438
27331,normal,2787,0,1782358700.1085835,0.0019638538360595703
27332,normal,3002,0,1782358700.1107702,0.0021867752075195312
27333,normal,3700,0,1782358700.1126173,0.0018470287322998047
27334,normal,608,0,1782358700.1145854,0.0019681453704833984
27335,normal,599,0,1782358700.1167705,0.0021851062774658203
27336,normal,1613,0,1782358700.118636,0.001865386962890625
27337,normal,1423,0,1782358700.1206107,0.001974821090698242
27338,normal,251,0,1782358700.1227732,0.002162456512451172
27339,normal,656,0,1782358700.1246066,0.0018334388732910156
27340,normal,1871,0,1782358700.126586,0.001979351043701172
27341,normal,3212,1,1782358700.1287677,0.0021817684173583984
27342,normal,3398,1,1782358700.1306267,0.0018589496612548828
27343,normal,3564,0,1782358700.1325889,0.0019621849060058594
27344,normal,881,2,1782358700.1347651,0.0021762847900390625
27345,normal,2455,0,1782358700.1366305,0.001865386962890625
27346,normal,3569,0,1782358700.1385891,0.001958608627319336
27347,normal,753,0,1782358700.1407714,0.0021822452545166016
27348,normal,75,0,1782358700.1426299,0.0018584728240966797
27349,normal,2633,0,1782358700.1445887,0.0019588470458984375
27350,normal,3090,1,1782358700.146767,0.002178192138671875
27351,normal,2316,0,1782358700.1486268,0.001859903335571289
27352,normal,827,2,1782358700.1505907,0.0019638538360595703
27353,normal,1240,0,1782358700.1527605,0.0021698474884033203
27354,normal,2253,0,1782358700.154626,0.001865386962890625
27355,normal,1771,0,1782358700.1565888,0.001962900161743164
27356,normal,2039,0,1782358700.1587658,0.002177000045776367
27357,normal,2449,0,1782358700.1606169,0.0018510818481445312
27358,normal,986,2,1782358700.1625943,0.0019774436950683594
27359,normal,3563,0,1782358700.1647642,0.0021698474884033203
27360,normal,1754,0,1782358700.1666334,0.00186920166015625
27361,normal,3081,1,1782358700.1685886,0.001955270767211914
27362,normal,3217,1,1782358700.170767,0.0021784305572509766
27363,normal,3198,1,1782358700.172915,0.0021479129791259766
27364,normal,3016,0,1782358700.1746335,0.0017185211181640625
27365,normal,699,0,1782358700.1769266,0.002293109893798828
27366,normal,2751,0,1782358700.1788516,0.0019249916076660156
27367,normal,13,0,1782358700.1807547,0.0019030570983886719
27368,normal,226,0,1782358700.1829214,0.002166748046875
27369,normal,2755,0,1782358700.1847746,0.0018532276153564453
27370,normal,1434,0,1782358700.186773,0.001998424530029297
27371,normal,1732,0,1782358700.188855,0.0020818710327148438
27372,normal,1291,0,1782358700.1908448,0.0019898414611816406
27373,normal,2415,0,1782358700.1927528,0.0019080638885498047
27374,normal,3265,1,1782358700.1949162,0.002163410186767578
27375,normal,1494,0,1782358700.196787,0.001870870590209961
27376,normal,2166,0,1782358700.1986508,0.001863718032836914
27377,normal,1030,0,1782358700.200758,0.0021071434020996094
27378,normal,1115,0,1782358700.2028346,0.0020766258239746094
27379,normal,1009,2,1782358700.204633,0.001798391342163086
27380,normal,3077,1,1782358700.2069294,0.00229644775390625
27381,normal,984,2,1782358700.2087135,0.0017840862274169922
27382,normal,3349,1,1782358700.210627,0.0019135475158691406
27383,normal,3383,1,1782358700.2128088,0.0021817684173583984
27384,normal,3262,1,1782358700.2147167,0.0019078254699707031
27385,normal,1789,0,1782358700.2165675,0.0018508434295654297
27386,normal,1484,0,1782358700.2187946,0.0022270679473876953
27387,normal,1106,0,1782358700.2206244,0.0018298625946044922
27388,normal,2689,0,1782358700.2225947,0.0019702911376953125
27389,normal,1720,0,1782358700.2247667,0.0021719932556152344
27390,normal,3338,1,1782358700.2266157,0.0018489360809326172
27391,normal,888,2,1782358700.2285957,0.0019800662994384766
27392,normal,1147,0,1782358700.2305667,0.001971006393432617
27393,normal,1946,0,1782358700.2327814,0.002214670181274414
27394,normal,891,2,1782358700.2345989,0.001817464828491211
27395,normal,3511,0,1782358700.2367637,0.0021648406982421875
27396,normal,1175,0,1782358700.2388241,0.002060413360595703
27397,normal,1176,0,1782358700.2405663,0.0017421245574951172
27398,normal,333,0,1782358700.2427979,0.002231597900390625
27399,normal,1595,0,1782358700.244612,0.001814126968383789
27400,normal,1934,0,1782358700.2465956,0.001983642578125
27401,normal,3227,1,1782358700.2487679,0.002172231674194336
27402,normal,2577,0,1782358700.2506096,0.0018417835235595703
27403,normal,1509,0,1782358700.2525976,0.001987934112548828
27404,normal,2956,0,1782358700.254766,0.002168416976928711
27405,normal,1942,0,1782358700.2566001,0.0018341541290283203
27406,normal,3114,1,1782358700.2586043,0.0020041465759277344
27407,normal,384,0,1782358700.2607675,0.0021631717681884766
27408,normal,2714,0,1782358700.2627535,0.0019860267639160156
27409,normal,3609,0,1782358700.2645674,0.0018138885498046875
27410,normal,3678,0,1782358700.2668166,0.0022492408752441406
27411,normal,220,0,1782358700.2686398,0.0018231868743896484
27412,normal,314,0,1782358700.270584,0.0019443035125732422
27413,normal,1285,0,1782358700.2727678,0.002183675765991211
27414,normal,2930,0,1782358700.2746196,0.001851797103881836
27415,normal,2700,0,1782358700.2766004,0.0019807815551757812
27416,normal,3664,0,1782358700.278847,0.0022466182708740234
27417,normal,1255,0,1782358700.280601,0.0017540454864501953
27418,normal,2360,0,1782358700.2825997,0.0019986629486083984
27419,normal,2998,0,1782358700.2847605,0.002160787582397461
27420,normal,478,0,1782358700.2867172,0.0019567012786865234
27421,normal,1132,0,1782358700.2885654,0.0018482208251953125
27422,normal,1408,0,1782358700.2908006,0.0022351741790771484
27423,normal,3278,1,1782358700.2926,0.0017993450164794922
27424,normal,541,0,1782358700.2946,0.002000093460083008
27425,normal,2791,0,1782358700.296856,0.0022559165954589844
27426,normal,1939,0,1782358700.2987185,0.0018625259399414062
27427,normal,694,0,1782358700.3005662,0.0018477439880371094
27428,normal,3363,1,1782358700.3028572,0.002290964126586914
27429,normal,2365,0,1782358700.3046372,0.0017800331115722656
27430,normal,221,0,1782358700.3065994,0.0019621849060058594
27431,normal,803,2,1782358700.3087814,0.0021820068359375
27432,normal,3644,0,1782358700.3107197,0.0019383430480957031
27433,normal,571,0,1782358700.3125677,0.001847982406616211
27434,normal,3415,0,1782358700.3147984,0.0022306442260742188
27435,normal,3403,0,1782358700.3166084,0.0018100738525390625
27436,normal,403,0,1782358700.3186004,0.0019919872283935547
27437,normal,2428,0,1782358700.3207717,0.0021712779998779297
27438,normal,2634,0,1782358700.3225858,0.001814126968383789
27439,normal,1125,0,1782358700.3246133,0.0020275115966796875
27440,normal,967,2,1782358700.326772,0.002158641815185547
27441,normal,1000,2,1782358700.3285768,0.0018048286437988281
27442,normal,2278,0,1782358700.33059,0.0020132064819335938
27443,normal,1166,0,1782358700.3327663,0.0021762847900390625
27444,normal,3026,0,1782358700.3346038,0.0018374919891357422
27445,normal,3092,1,1782358700.3365855,0.0019817352294921875
27446,normal,3495,0,1782358700.3387666,0.0021810531616210938
27447,normal,2293,0,1782358700.3407176,0.001950979232788086
27448,normal,1136,0,1782358700.3425672,0.0018496513366699219
27449,normal,2350,0,1782358700.3448186,0.0022513866424560547
27450,normal,432,0,1782358700.346598,0.001779317855834961
27451,normal,1671,0,1782358700.348615,0.0020170211791992188
27452,normal,1702,0,1782358700.350763,0.002148151397705078
27453,normal,1915,0,1782358700.352735,0.0019719600677490234
27454,normal,3097,1,1782358700.354589,0.00185394287109375
27455,normal,224,0,1782358700.3567688,0.002179861068725586
27456,normal,1581,0,1782358700.3586123,0.0018434524536132812
27457,normal,2585,0,1782358700.3605895,0.001977205276489258
27458,normal,1375,1,1782358700.3627694,0.002179861068725586
27459,normal,415,0,1782358700.364752,0.0019826889038085938
27460,normal,566,0,1782358700.3665721,0.0018200874328613281
27461,normal,2600,0,1782358700.3688114,0.002239227294921875
27462,normal,1870,0,1782358700.370617,0.0018055438995361328
27463,normal,2975,0,1782358700.3725863,0.0019693374633789062
27464,normal,2353,0,1782358700.374571,0.001984834671020508
27465,normal,882,2,1782358700.3767712,0.0022001266479492188
27466,normal,469,0,1782358700.378603,0.0018317699432373047
27467,normal,1182,0,1782358700.3807635,0.0021605491638183594
27468,normal,2923,0,1782358700.3826134,0.0018498897552490234
27469,normal,575,0,1782358700.3845878,0.001974344253540039
27470,normal,1497,0,1782358700.3867848,0.0021970272064208984
27471,normal,3594,0,1782358700.3887222,0.0019373893737792969
27472,normal,2129,0,1782358700.390567,0.0018448829650878906
27473,normal,1162,0,1782358700.3928053,0.0022382736206054688
27474,normal,2613,0,1782358700.394613,0.0018076896667480469
27475,normal,2003,0,1782358700.3965952,0.0019822120666503906
27476,normal,3124,1,1782358700.3987677,0.0021724700927734375
27477,normal,1026,2,1782358700.400619,0.0018513202667236328
27478,normal,3169,1,1782358700.4025893,0.0019702911376953125
27479,normal,296,0,1782358700.4047682,0.0021789073944091797
27480,normal,267,0,1782358700.4066226,0.0018544197082519531
27481,normal,457,0,1782358700.4085946,0.0019719600677490234
27482,normal,3434,0,1782358700.4107673,0.002172708511352539
27483,normal,1452,0,1782358700.412611,0.0018436908721923828
27484,normal,1875,0,1782358700.414591,0.0019800662994384766
27485,normal,1582,0,1782358700.4167666,0.002175569534301758
27486,normal,3359,1,1782358700.41862,0.0018534660339355469
27487,normal,1571,0,1782358700.4205923,0.001972198486328125
27488,normal,3662,0,1782358700.4227722,0.002179861068725586
27489,normal,1772,0,1782358700.4245827,0.0018105506896972656
27490,normal,1872,0,1782358700.426594,0.0020112991333007812
27491,normal,1448,0,1782358700.4288232,0.0022292137145996094
27492,normal,2776,0,1782358700.430747,0.0019237995147705078
27493,normal,523,0,1782358700.4325657,0.0018186569213867188
27494,normal,2495,0,1782358700.4348173,0.0022516250610351562
27495,normal,1344,1,1782358700.4366164,0.0017991065979003906
27496,normal,3018,0,1782358700.4385917,0.0019752979278564453
27497,normal,2665,0,1782358700.4407635,0.002171754837036133
27498,normal,401,0,1782358700.442616,0.0018525123596191406
27499,normal,3199,1,1782358700.4445913,0.0019752979278564453
27500,normal,912,2,1782358700.446771,0.0021796226501464844
27501,normal,2805,0,1782358700.4486082,0.0018372535705566406
27502,normal,1877,0,1782358700.4505951,0.001986980438232422
27503,normal,2310,0,1782358700.4527638,0.0021686553955078125
27504,normal,171,0,1782358700.4546132,0.0018494129180908203
27505,normal,1301,0,1782358700.456593,0.001979827880859375
27506,normal,1374,1,1782358700.4587653,0.002172231674194336
27507,normal,685,0,1782358700.4606156,0.0018503665924072266
27508,normal,867,2,1782358700.4625998,0.001984119415283203
27509,normal,178,0,1782358700.464774,0.0021741390228271484
27510,normal,1598,0,1782358700.4666107,0.0018367767333984375
27511,normal,2366,0,1782358700.468595,0.0019843578338623047
27512,normal,3533,0,1782358700.470764,0.002168893814086914
27513,normal,1731,0,1782358700.4727225,0.001958608627319336
27514,normal,2407,0,1782358700.474567,0.0018444061279296875
27515,normal,2817,0,1782358700.476797,0.0022301673889160156
27516,normal,2375,0,1782358700.4786005,0.0018033981323242188
27517,normal,138,0,1782358700.480602,0.002001523971557617
27518,normal,1630,0,1782358700.4828343,0.0022323131561279297
27519,normal,1687,0,1782358700.4846025,0.0017681121826171875
27520,normal,2216,0,1782358700.4865916,0.001989126205444336
27521,normal,1667,0,1782358700.4887645,0.0021729469299316406
27522,normal,592,0,1782358700.490601,0.001836538314819336
27523,normal,345,0,1782358700.4925985,0.0019974708557128906
27524,normal,1926,0,1782358700.494839,0.002240419387817383
27525,normal,3345,1,1782358700.4967575,0.0019185543060302734
27526,normal,3206,1,1782358700.4985664,0.0018088817596435547
27527,normal,3035,0,1782358700.5007954,0.002228975296020508
27528,normal,306,0,1782358700.5025947,0.0017993450164794922
27529,normal,2451,0,1782358700.5045915,0.001996755599975586
27530,normal,1566,0,1782358700.5067675,0.002176046371459961
27531,normal,2061,0,1782358700.508592,0.0018243789672851562
27532,normal,2141,0,1782358700.5105963,0.002004384994506836
27533,normal,3053,1,1782358700.5128436,0.002247333526611328
27534,normal,873,2,1782358700.514711,0.0018672943115234375
27535,normal,2403,0,1782358700.5165663,0.0018553733825683594
27536,normal,3347,1,1782358700.518789,0.002222776412963867
27537,normal,3667,0,1782358700.5205898,0.0018007755279541016
27538,normal,3535,0,1782358700.522603,0.0020132064819335938
27539,normal,3348,1,1782358700.5247543,0.0021512508392333984
27540,normal,2947,0,1782358700.5265682,0.0018138885498046875
27541,normal,3580,0,1782358700.5287764,0.002208232879638672
27542,normal,1400,0,1782358700.5305667,0.0017902851104736328
27543,normal,2448,0,1782358700.532775,0.002208232879638672
27544,normal,3613,0,1782358700.5346003,0.0018253326416015625
27545,normal,1931,0,1782358700.5368586,0.00225830078125
27546,normal,2915,0,1782358700.5387087,0.001850128173828125
27547,normal,730,0,1782358700.540566,0.0018572807312011719
27548,normal,112,0,1782358700.542788,0.0022220611572265625
27549,normal,2588,0,1782358700.5445886,0.001800537109375
27550,normal,3417,0,1782358700.5466,0.002011537551879883
27551,normal,3235,1,1782358700.5488656,0.002265453338623047
27552,normal,1615,0,1782358700.550706,0.001840353012084961
27553,normal,2955,0,1782358700.5525672,0.0018613338470458984
27554,normal,1140,0,1782358700.5547898,0.0022225379943847656
27555,normal,2562,0,1782358700.5565836,0.0017938613891601562
27556,normal,630,0,1782358700.5588195,0.002235889434814453
27557,normal,237,0,1782358700.5605652,0.0017457008361816406
27558,normal,38,0,1782358700.5627735,0.002208232879638672
27559,normal,2116,0,1782358700.5645945,0.0018210411071777344
27560,normal,2433,0,1782358700.5667639,0.002169370651245117
27561,normal,2560,0,1782358700.5687094,0.00194549560546875
27562,normal,652,0,1782358700.570566,0.0018565654754638672
27563,normal,2498,0,1782358700.5727642,0.0021982192993164062
27564,normal,2491,0,1782358700.5745864,0.0018222332000732422
27565,normal,177,0,1782358700.5767748,0.002188444137573242
27566,normal,2054,0,1782358700.5785663,0.0017914772033691406
27567,normal,777,2,1782358700.5807943,0.0022280216217041016
27568,normal,2464,0,1782358700.5825906,0.0017962455749511719
27569,normal,428,0,1782358700.5847642,0.0021736621856689453
27570,normal,707,0,1782358700.586657,0.0018928050994873047
27571,normal,3525,0,1782358700.5885642,0.0019071102142333984
27572,normal,3593,0,1782358700.5907838,0.002219676971435547
27573,normal,1534,0,1782358700.592587,0.0018031597137451172
27574,normal,2344,0,1782358700.5947762,0.002189159393310547
27575,normal,2323,0,1782358700.596568,0.0017919540405273438
27576,normal,2033,0,1782358700.5987725,0.002204418182373047
27577,normal,449,0,1782358700.6005833,0.0018107891082763672
27578,normal,1221,0,1782358700.6027696,0.002186298370361328
27579,normal,2658,0,1782358700.6047053,0.001935720443725586
27580,normal,3557,0,1782358700.6065662,0.0018608570098876953
27581,normal,1022,2,1782358700.6087687,0.0022025108337402344
27582,normal,593,0,1782358700.610586,0.0018172264099121094
27583,normal,3708,0,1782358700.6125867,0.0020008087158203125
27584,normal,1236,0,1782358700.614782,0.0021953582763671875
27585,normal,1709,0,1782358700.6166573,0.001875162124633789
27586,normal,2642,0,1782358700.6185658,0.0019085407257080078
27587,normal,3045,1,1782358700.6207905,0.0022246837615966797
27588,normal,1747,0,1782358700.6225984,0.0018079280853271484
27589,normal,806,2,1782358700.6245875,0.001989126205444336
27590,normal,544,0,1782358700.6267881,0.002200603485107422
27591,normal,2654,0,1782358700.6287043,0.0019161701202392578
27592,normal,1840,0,1782358700.6305664,0.0018620491027832031
27593,normal,3161,1,1782358700.632788,0.0022215843200683594
27594,normal,3673,0,1782358700.6345959,0.0018079280853271484
27595,normal,1914,0,1782358700.6365879,0.0019919872283935547
27596,normal,3353,1,1782358700.6387928,0.00220489501953125
27597,normal,391,0,1782358700.6407232,0.0019304752349853516
27598,normal,1632,0,1782358700.642633,0.0019097328186035156
27599,normal,3549,0,1782358700.6448028,0.0021698474884033203
27600,normal,51,0,1782358700.6466067,0.0018038749694824219
27601,normal,573,0,1782358700.6485882,0.001981496810913086
27602,normal,2048,0,1782358700.6507676,0.002179384231567383
27603,normal,3332,1,1782358700.6526003,0.001832723617553711
27604,normal,488,0,1782358700.6545894,0.001989126205444336
27605,normal,122,0,1782358700.6567643,0.002174854278564453
27606,normal,1805,0,1782358700.658607,0.0018427371978759766
27607,normal,42,0,1782358700.6605902,0.001983165740966797
27608,normal,2669,0,1782358700.6628022,0.002212047576904297
27609,normal,334,0,1782358700.6646547,0.0018525123596191406
27610,normal,3540,0,1782358700.666565,0.0019102096557617188
27611,normal,2853,0,1782358700.6687891,0.0022242069244384766
27612,normal,2114,0,1782358700.6705997,0.0018105506896972656
27613,normal,2418,0,1782358700.6725647,0.001965045928955078
27614,normal,1395,0,1782358700.6748188,0.002254009246826172
27615,normal,387,0,1782358700.676718,0.0018992424011230469
27616,normal,2830,0,1782358700.6785667,0.0018486976623535156
27617,normal,1599,0,1782358700.6807964,0.0022296905517578125
27618,normal,85,0,1782358700.682616,0.001819610595703125
27619,normal,1183,0,1782358700.6845918,0.0019757747650146484
27620,normal,1818,0,1782358700.6868236,0.0022318363189697266
27621,normal,1505,0,1782358700.6887133,0.0018897056579589844
27622,normal,1802,0,1782358700.6906133,0.0018999576568603516
27623,normal,1568,0,1782358700.692797,0.002183675765991211
27624,normal,24,0,1782358700.6946082,0.0018112659454345703
27625,normal,2170,0,1782358700.6966095,0.0020012855529785156
27626,normal,1528,0,1782358700.69865,0.002040386199951172
27627,normal,2530,0,1782358700.7008243,0.00217437744140625
27628,normal,2502,0,1782358700.702765,0.0019407272338867188
27629,normal,398,0,1782358700.7048645,0.0020995140075683594
27630,normal,2802,0,1782358700.7067544,0.001889944076538086
27631,normal,356,0,1782358700.708774,0.002019643783569336
27632,normal,1451,0,1782358700.7107568,0.0019826889038085938
27633,normal,2028,0,1782358700.7128358,0.002079010009765625
27634,normal,70,0,1782358700.7147677,0.001931905746459961
27635,normal,2438,0,1782358700.7167711,0.0020034313201904297
27636,normal,534,0,1782358700.7188299,0.002058744430541992
27637,normal,1330,1,1782358700.7207513,0.0019214153289794922
27638,normal,2385,0,1782358700.7229707,0.0022194385528564453
27639,normal,268,0,1782358700.7247658,0.001795053482055664
27640,normal,9,0,1782358700.7266812,0.0019154548645019531
27641,normal,1024,2,1782358700.7286897,0.0020084381103515625
27642,normal,1690,0,1782358700.7307985,0.0021088123321533203
27643,normal,3397,1,1782358700.7326028,0.001804351806640625
27644,normal,2463,0,1782358700.7348316,0.0022287368774414062
27645,normal,3254,1,1782358700.7365937,0.0017621517181396484
27646,normal,2107,0,1782358700.7385986,0.002004861831665039
27647,normal,773,2,1782358700.7408392,0.0022406578063964844
27648,normal,227,0,1782358700.7427094,0.0018701553344726562
27649,normal,1518,0,1782358700.7445672,0.001857757568359375
27650,normal,1034,0,1782358700.7467768,0.0022096633911132812
27651,normal,2030,0,1782358700.7485888,0.001811981201171875
27652,normal,1014,2,1782358700.7505987,0.002009868621826172
27653,normal,2645,0,1782358700.752848,0.0022492408752441406
27654,normal,3582,0,1782358700.7547123,0.0018644332885742188
27655,normal,390,0,1782358700.7565658,0.0018534660339355469
27656,normal,1277,0,1782358700.7587721,0.0022063255310058594
27657,normal,315,0,1782358700.760589,0.0018167495727539062
27658,normal,3642,0,1782358700.7627735,0.002184629440307617
27659,normal,3706,0,1782358700.7645664,0.00179290771484375
27660,normal,1138,0,1782358700.7667725,0.002206087112426758
27661,normal,3462,0,1782358700.7685883,0.0018157958984375
27662,normal,1770,0,1782358700.7708526,0.002264261245727539
27663,normal,2925,0,1782358700.7726302,0.00177764892578125
27664,normal,2311,0,1782358700.7745638,0.0019335746765136719
27665,normal,713,0,1782358700.7767959,0.002232074737548828
27666,normal,422,0,1782358700.7785783,0.0017824172973632812
27667,normal,394,0,1782358700.7807977,0.0022194385528564453
27668,normal,2489,0,1782358700.7825658,0.0017681121826171875
27669,normal,3481,0,1782358700.7847948,0.002228975296020508
27670,normal,979,2,1782358700.7865653,0.0017704963684082031
27671,normal,298,0,1782358700.788795,0.0022296905517578125
27672,normal,2150,0,1782358700.790583,0.0017879009246826172
27673,normal,262,0,1782358700.7927933,0.002210378646850586
27674,normal,871,2,1782358700.794566,0.0017726421356201172
27675,normal,1412,0,1782358700.796787,0.0022211074829101562
27676,normal,2639,0,1782358700.7985635,0.0017764568328857422
27677,normal,2627,0,1782358700.8007922,0.0022287368774414062
27678,normal,2178,0,1782358700.8025765,0.0017843246459960938
27679,normal,2181,0,1782358700.8047898,0.0022132396697998047
27680,normal,1174,0,1782358700.806564,0.0017743110656738281
27681,normal,786,2,1782358700.8087966,0.0022325515747070312
27682,normal,2430,0,1782358700.8105652,0.0017685890197753906
27683,normal,191,0,1782358700.8125987,0.0020334720611572266
27684,normal,1519,0,1782358700.8147721,0.0021734237670898438
27685,normal,78,0,1782358700.8165827,0.0018105506896972656
27686,normal,1848,0,1782358700.8187685,0.002185821533203125
27687,normal,2276,0,1782358700.8206522,0.0018837451934814453
27688,normal,1384,0,1782358700.822565,0.001912832260131836
27689,normal,131,0,1782358700.8245978,0.002032756805419922
27690,normal,2374,0,1782358700.8267636,0.0021657943725585938
27691,normal,2057,0,1782358700.8285813,0.0018177032470703125
27692,normal,3470,0,1782358700.8307972,0.002215862274169922
27693,normal,3695,0,1782358700.8326068,0.0018095970153808594
27694,normal,2807,0,1782358700.8345673,0.0019605159759521484
27695,normal,2110,0,1782358700.8367913,0.002223968505859375
27696,normal,1163,0,1782358700.8385746,0.0017833709716796875
27697,normal,1313,0,1782358700.8405826,0.0020079612731933594
27698,normal,603,0,1782358700.8427646,0.0021820068359375
27699,normal,874,2,1782358700.844644,0.0018794536590576172
27700,normal,2859,0,1782358700.8465621,0.0019180774688720703
27701,normal,1930,0,1782358700.8488073,0.002245187759399414
27702,normal,3610,0,1782358700.850574,0.0017666816711425781
27703,normal,997,2,1782358700.852784,0.002209901809692383
27704,normal,729,0,1782358700.8545663,0.0017824172973632812
27705,normal,198,0,1782358700.8567667,0.0022003650665283203
27706,normal,194,0,1782358700.8585856,0.0018188953399658203
27707,normal,2399,0,1782358700.8607771,0.0021915435791015625
27708,normal,1634,0,1782358700.8626473,0.0018701553344726562
27709,normal,3378,1,1782358700.8645623,0.00191497802734375
27710,normal,1968,0,1782358700.8667893,0.0022270679473876953
27711,normal,2597,0,1782358700.8685696,0.0017802715301513672
27712,normal,1467,0,1782358700.8707745,0.00220489501953125
27713,normal,557,0,1782358700.8725622,0.0017876625061035156
27714,normal,1828,0,1782358700.874794,0.0022318363189697266
27715,normal,2320,0,1782358700.8765635,0.0017695426940917969
27716,normal,2719,0,1782358700.8787951,0.002231597900390625
27717,normal,2295,0,1782358700.8805776,0.0017824172973632812
27718,normal,2361,0,1782358700.8827798,0.002202272415161133
27719,normal,2664,0,1782358700.8845634,0.001783609390258789
27720,normal,3422,0,1782358700.8867702,0.0022068023681640625
27721,normal,3244,1,1782358700.8885844,0.001814126968383789
27722,normal,272,0,1782358700.8907945,0.0022101402282714844
27723,normal,2412,0,1782358700.8926528,0.0018582344055175781
27724,normal,2784,0,1782358700.8945644,0.0019116401672363281
27725,normal,2474,0,1782358700.896775,0.0022106170654296875
27726,normal,650,0,1782358700.8985794,0.001804351806640625
27727,normal,2252,0,1782358700.9007661,0.0021867752075195312
27728,normal,2175,0,1782358700.9025993,0.001833200454711914
27729,normal,2586,0,1782358700.90477,0.002170562744140625
27730,normal,723,0,1782358700.9065661,0.0017962455749511719
27731,normal,3514,0,1782358700.9088008,0.0022346973419189453
27732,normal,1791,0,1782358700.9105957,0.0017948150634765625
27733,normal,1759,0,1782358700.9125628,0.001967191696166992
27734,normal,1857,0,1782358700.9148061,0.0022432804107666016
27735,normal,484,0,1782358700.9165983,0.0017921924591064453
27736,normal,1254,0,1782358700.9185677,0.0019693374633789062
27737,normal,2255,0,1782358700.9208028,0.0022351741790771484
27738,normal,577,0,1782358700.922624,0.001821279525756836
27739,normal,2765,0,1782358700.9245663,0.0019421577453613281
27740,normal,2108,0,1782358700.9267983,0.002232074737548828
27741,normal,606,0,1782358700.9285922,0.0017938613891601562
27742,normal,337,0,1782358700.9305418,0.0019495487213134766
27743,normal,949,2,1782358700.9327295,0.0021877288818359375
27744,normal,1387,0,1782358700.9345415,0.001811981201171875
27745,normal,1612,0,1782358700.9365346,0.0019931793212890625
27746,normal,1730,0,1782358700.9387085,0.002173900604248047
27747,normal,2685,0,1782358700.940533,0.0018243789672851562
27748,normal,3193,1,1782358700.9425342,0.0020012855529785156
27749,normal,2715,0,1782358700.9447012,0.0021669864654541016
27750,normal,3614,0,1782358700.9465337,0.0018324851989746094
27751,normal,2863,0,1782358700.9485366,0.0020029544830322266
27752,normal,1035,0,1782358700.9505649,0.002028226852416992
27753,normal,789,2,1782358700.9525328,0.001967906951904297
27754,normal,166,0,1782358700.9545665,0.002033710479736328
27755,normal,2332,0,1782358700.95671,0.0021436214447021484
27756,normal,1970,0,1782358700.958532,0.0018219947814941406
27757,normal,30,0,1782358700.9605336,0.002001523971557617
27758,normal,2546,0,1782358700.9626985,0.0021648406982421875
27759,normal,1015,2,1782358700.9645338,0.0018353462219238281
27760,normal,1211,0,1782358700.966533,0.0019991397857666016
27761,normal,2297,0,1782358700.9687085,0.002175569534301758
27762,normal,3180,1,1782358700.9705353,0.0018267631530761719
27763,normal,2550,0,1782358700.9725358,0.002000570297241211
27764,normal,3659,0,1782358700.974566,0.0020301342010498047
27765,normal,19,0,1782358700.9765322,0.001966238021850586
27766,normal,363,0,1782358700.978534,0.0020017623901367188
27767,normal,2296,0,1782358700.9806993,0.0021653175354003906
27768,normal,2644,0,1782358700.9825335,0.0018341541290283203
27769,normal,2917,0,1782358700.984534,0.002000570297241211
27770,normal,1155,0,1782358700.9865654,0.0020313262939453125
27771,normal,1333,1,1782358700.9885335,0.0019681453704833984
27772,normal,519,0,1782358700.9905407,0.0020072460174560547
27773,normal,3603,0,1782358700.9927108,0.002170085906982422
27774,normal,616,0,1782358700.9945452,0.0018343925476074219
27775,normal,2036,0,1782358700.9965334,0.0019881725311279297
27776,normal,620,0,1782358700.9986973,0.0021638870239257812
27777,normal,2964,0,1782358701.0005324,0.0018351078033447266
27778,normal,3302,1,1782358701.0025334,0.002001047134399414
27779,normal,1002,2,1782358701.0045671,0.002033710479736328
27780,normal,745,0,1782358701.0065327,0.0019655227661132812
27781,normal,787,2,1782358701.008565,0.0020322799682617188
27782,normal,2317,0,1782358701.0105653,0.0020003318786621094
27783,normal,263,0,1782358701.0125377,0.0019724369049072266
27784,normal,2695,0,1782358701.0145378,0.002000093460083008
27785,normal,2468,0,1782358701.0165653,0.0020275115966796875
27786,normal,2300,0,1782358701.0185552,0.0019898414611816406
27787,normal,3391,1,1782358701.0205333,0.001978158950805664
27788,normal,3623,0,1782358701.0227282,0.0021948814392089844
27789,normal,1868,0,1782358701.0245438,0.0018155574798583984
27790,normal,1514,0,1782358701.0265346,0.001990795135498047
27791,normal,535,0,1782358701.028705,0.0021703243255615234
27792,normal,233,0,1782358701.030532,0.0018270015716552734
27793,normal,2609,0,1782358701.032576,0.002044200897216797
27794,normal,741,0,1782358701.0345654,0.0019893646240234375
27795,normal,849,2,1782358701.036543,0.0019774436950683594
27796,normal,3578,0,1782358701.0385375,0.001994609832763672
27797,normal,526,0,1782358701.0405684,0.0020308494567871094
27798,normal,3635,0,1782358701.042534,0.001965761184692383
27799,normal,1170,0,1782358701.044568,0.0020339488983154297
27800,normal,1552,0,1782358701.046567,0.0019989013671875
27801,normal,3250,1,1782358701.048533,0.0019659996032714844
27802,normal,1473,0,1782358701.0505655,0.0020325183868408203
27803,normal,3303,1,1782358701.052566,0.002000570297241211
27804,normal,3491,0,1782358701.054533,0.0019669532775878906
27805,normal,2821,0,1782358701.0567076,0.0021746158599853516
27806,normal,2674,0,1782358701.0585387,0.0018310546875
27807,normal,2347,0,1782358701.0605223,0.001983642578125
27808,normal,218,0,1782358701.0627594,0.002237081527709961
27809,normal,1468,0,1782358701.0645976,0.0018382072448730469
27810,normal,2928,0,1782358701.0665565,0.0019588470458984375
27811,normal,3066,1,1782358701.0685685,0.002012014389038086
27812,normal,463,0,1782358701.070758,0.00218963623046875
27813,normal,1662,0,1782358701.0725722,0.001814126968383789
27814,normal,1619,0,1782358701.074566,0.0019936561584472656
27815,normal,1666,0,1782358701.0768049,0.0022389888763427734
27816,normal,2348,0,1782358701.0785697,0.0017647743225097656
27817,normal,2156,0,1782358701.080567,0.001997232437133789
27818,normal,2092,0,1782358701.082748,0.0021810531616210938
27819,normal,3445,0,1782358701.084573,0.001825094223022461
27820,normal,343,0,1782358701.0865667,0.0019936561584472656
27821,normal,50,0,1782358701.088806,0.002239227294921875
27822,normal,1508,0,1782358701.0905702,0.0017642974853515625
27823,normal,2682,0,1782358701.092568,0.001997709274291992
27824,normal,1559,0,1782358701.0947978,0.002229928970336914
27825,normal,963,2,1782358701.0965717,0.001773834228515625
27826,normal,686,0,1782358701.0985658,0.0019941329956054688
27827,normal,2985,0,1782358701.1007874,0.0022215843200683594
27828,normal,128,0,1782358701.1025434,0.0017559528350830078
27829,normal,210,0,1782358701.1045442,0.0020008087158203125
27830,normal,2902,0,1782358701.1067889,0.002244710922241211
27831,normal,3312,1,1782358701.1085448,0.0017559528350830078
27832,normal,1796,0,1782358701.1105425,0.001997709274291992
27833,normal,1420,0,1782358701.1127932,0.00225067138671875
27834,normal,1609,0,1782358701.1145444,0.0017511844635009766
27835,normal,39,0,1782358701.1165369,0.001992464065551758
27836,normal,800,2,1782358701.1187289,0.0021920204162597656
27837,normal,586,0,1782358701.1205394,0.0018105506896972656
27838,normal,2205,0,1782358701.1227086,0.0021691322326660156
27839,normal,3006,0,1782358701.124542,0.0018334388732910156
27840,normal,472,0,1782358701.1265328,0.001990795135498047
27841,normal,1424,0,1782358701.1286993,0.0021665096282958984
27842,normal,2089,0,1782358701.130534,0.0018346309661865234
27843,normal,3458,0,1782358701.1325328,0.0019989013671875
27844,normal,3550,0,1782358701.134567,0.0020341873168945312
27845,normal,2136,0,1782358701.1367075,0.002140522003173828
27846,normal,3646,0,1782358701.1385338,0.0018262863159179688
27847,normal,938,2,1782358701.1405685,0.0020346641540527344
27848,normal,3649,0,1782358701.1426969,0.0021283626556396484
27849,normal,1938,0,1782358701.144533,0.0018360614776611328
27850,normal,880,2,1782358701.1465352,0.002002239227294922
27851,normal,3088,1,1782358701.1487079,0.002172708511352539
27852,normal,2488,0,1782358701.1505322,0.0018243789672851562
27853,normal,3453,0,1782358701.1525664,0.0020341873168945312
27854,normal,739,0,1782358701.1547048,0.002138376235961914
27855,normal,2942,0,1782358701.1565318,0.0018270015716552734
27856,normal,643,0,1782358701.1585338,0.0020020008087158203
27857,normal,1409,0,1782358701.1607015,0.0021677017211914062
27858,normal,1515,0,1782358701.162533,0.0018315315246582031
27859,normal,1446,0,1782358701.164566,0.0020329952239990234
27860,normal,3522,0,1782358701.1665652,0.0019991397857666016
27861,normal,1421,0,1782358701.1685333,0.0019681453704833984
27862,normal,2151,0,1782358701.1705656,0.0020322799682617188
27863,normal,2183,0,1782358701.1725361,0.001970529556274414
27864,normal,3240,1,1782358701.174533,0.001996755599975586
27865,normal,2171,0,1782358701.1765652,0.0020322799682617188
27866,normal,3107,1,1782358701.1785662,0.002001047134399414
27867,normal,3350,1,1782358701.1805334,0.001967191696166992
27868,normal,3157,1,1782358701.1825666,0.002033233642578125
27869,normal,2847,0,1782358701.1846955,0.0021288394927978516
27870,normal,1995,0,1782358701.1865332,0.0018377304077148438
27871,normal,225,0,1782358701.188703,0.0021698474884033203
27872,normal,462,0,1782358701.1905315,0.0018284320831298828
27873,normal,3707,0,1782358701.1925313,0.0019998550415039062
27874,normal,1823,0,1782358701.194658,0.0021266937255859375
27875,normal,109,0,1782358701.1965342,0.0018761157989501953
27876,normal,840,2,1782358701.198532,0.0019979476928710938
27877,normal,1646,0,1782358701.200567,0.002034902572631836
27878,normal,944,2,1782358701.2025669,0.0019998550415039062
27879,normal,1866,0,1782358701.2045355,0.0019686222076416016
27880,normal,958,2,1782358701.2065659,0.0020303726196289062
27881,normal,2828,0,1782358701.2085662,0.0020003318786621094
27882,normal,299,0,1782358701.2105358,0.001969575881958008
27883,normal,1049,0,1782358701.2125318,0.0019960403442382812
27884,normal,1797,0,1782358701.2145646,0.002032756805419922
27885,normal,921,2,1782358701.2165334,0.001968860626220703
27886,normal,1524,0,1782358701.2187066,0.002173185348510742
27887,normal,781,2,1782358701.2205343,0.0018277168273925781
27888,normal,1007,2,1782358701.2225316,0.001997232437133789
27889,normal,1787,0,1782358701.224546,0.0020143985748291016
27890,normal,326,0,1782358701.2265687,0.0020227432250976562
27891,normal,1800,0,1782358701.228533,0.0019643306732177734
27892,normal,1110,0,1782358701.230565,0.002032041549682617
27893,normal,1601,0,1782358701.2325668,0.0020017623901367188
27894,normal,930,2,1782358701.2345328,0.0019659996032714844
27895,normal,807,2,1782358701.2365656,0.002032756805419922
27896,normal,2215,0,1782358701.2385654,0.0019998550415039062
27897,normal,540,0,1782358701.2405338,0.0019683837890625
27898,normal,3370,1,1782358701.242565,0.002031087875366211
27899,normal,946,2,1782358701.2445664,0.002001523971557617
27900,normal,2256,0,1782358701.2465324,0.0019659996032714844
27901,normal,3022,0,1782358701.2485669,0.002034425735473633
27902,normal,2593,0,1782358701.250698,0.002131223678588867
27903,normal,110,0,1782358701.252533,0.001834869384765625
27904,normal,2984,0,1782358701.2547042,0.0021712779998779297
27905,normal,2394,0,1782358701.2565339,0.0018296241760253906
27906,normal,377,0,1782358701.2585337,0.0019998550415039062
27907,normal,2159,0,1782358701.2606986,0.0021648406982421875
27908,normal,2661,0,1782358701.2625313,0.001832723617553711
27909,normal,2795,0,1782358701.2645333,0.0020020008087158203
27910,normal,3179,1,1782358701.2665648,0.002031564712524414
27911,normal,3190,1,1782358701.2685683,0.0020034313201904297
27912,normal,22,0,1782358701.2705321,0.0019638538360595703
27913,normal,1790,0,1782358701.2725666,0.002034425735473633
27914,normal,2032,0,1782358701.274565,0.001998424530029297
27915,normal,101,0,1782358701.276532,0.0019669532775878906
27916,normal,1952,0,1782358701.278777,0.0022449493408203125
27917,normal,3241,1,1782358701.2806578,0.0018808841705322266
27918,normal,3323,1,1782358701.282756,0.0020983219146728516
27919,normal,119,0,1782358701.2845678,0.0018117427825927734
27920,normal,2247,0,1782358701.2867956,0.002227783203125
27921,normal,2045,0,1782358701.2885716,0.001775979995727539
27922,normal,3099,1,1782358701.2907836,0.002212047576904297
27923,normal,3566,0,1782358701.2926,0.0018162727355957031
27924,normal,1948,0,1782358701.2948003,0.0022003650665283203
27925,normal,1686,0,1782358701.2965658,0.0017654895782470703
27926,normal,3500,0,1782358701.298805,0.002239227294921875
27927,normal,2073,0,1782358701.3005903,0.0017852783203125
27928,normal,1222,0,1782358701.302607,0.002016782760620117
27929,normal,2164,0,1782358701.3047738,0.002166748046875
27930,normal,1297,0,1782358701.306633,0.0018591880798339844
27931,normal,677,0,1782358701.3085694,0.0019364356994628906
27932,normal,2162,0,1782358701.3107874,0.002218008041381836
27933,normal,1530,0,1782358701.3125658,0.0017783641815185547
27934,normal,1849,0,1782358701.314782,0.0022161006927490234
27935,normal,3056,1,1782358701.3165758,0.0017938613891601562
27936,normal,2910,0,1782358701.3187988,0.0022230148315429688
27937,normal,97,0,1782358701.3205678,0.0017690658569335938
27938,normal,1961,0,1782358701.3227584,0.0021905899047851562
27939,normal,1618,0,1782358701.3245943,0.0018358230590820312
27940,normal,698,0,1782358701.3265717,0.0019774436950683594
27941,normal,2485,0,1782358701.328782,0.002210378646850586
27942,normal,1888,0,1782358701.330569,0.001786947250366211
27943,normal,181,0,1782358701.3327844,0.0022153854370117188
27944,normal,679,0,1782358701.3346016,0.0018172264099121094
27945,normal,3639,0,1782358701.3367748,0.002173185348510742
27946,normal,999,2,1782358701.3385901,0.0018153190612792969
27947,normal,2123,0,1782358701.3407845,0.0021944046020507812
27948,normal,894,2,1782358701.3426228,0.0018382072448730469
27949,normal,2305,0,1782358701.344567,0.0019443035125732422
27950,normal,1349,1,1782358701.3468273,0.0022602081298828125
27951,normal,2785,0,1782358701.3485863,0.0017590522766113281
27952,normal,124,0,1782358701.3507862,0.002199888229370117
27953,normal,364,0,1782358701.352641,0.0018548965454101562
27954,normal,3263,1,1782358701.354765,0.0021238327026367188
27955,normal,2248,0,1782358701.3566036,0.00183868408203125
27956,normal,2078,0,1782358701.3587952,0.0021915435791015625
27957,normal,2487,0,1782358701.3606215,0.0018262863159179688
27958,normal,646,0,1782358701.362567,0.00194549560546875
27959,normal,1487,0,1782358701.3648198,0.002252817153930664
27960,normal,329,0,1782358701.3665774,0.0017576217651367188
27961,normal,3528,0,1782358701.3685906,0.0020132064819335938
27962,normal,728,0,1782358701.3707986,0.0022079944610595703
27963,normal,3643,0,1782358701.3726273,0.0018286705017089844
27964,normal,3315,1,1782358701.3745682,0.0019409656524658203
27965,normal,3590,0,1782358701.3768482,0.002279996871948242
27966,normal,955,2,1782358701.3785539,0.0017056465148925781
27967,normal,1063,0,1782358701.380792,0.002238035202026367
27968,normal,369,0,1782358701.382604,0.001811981201171875
27969,normal,2653,0,1782358701.3848667,0.0022628307342529297
27970,normal,1611,0,1782358701.3865683,0.0017015933990478516
27971,normal,2214,0,1782358701.388802,0.002233743667602539
27972,normal,884,2,1782358701.3905663,0.0017642974853515625
27973,normal,3602,0,1782358701.392782,0.0022156238555908203
27974,normal,1844,0,1782358701.394608,0.0018260478973388672
27975,normal,187,0,1782358701.3968031,0.002195119857788086
27976,normal,1661,0,1782358701.398565,0.0017619132995605469
27977,normal,2558,0,1782358701.400797,0.0022318363189697266
27978,normal,2460,0,1782358701.4025717,0.0017747879028320312
27979,normal,3075,1,1782358701.4046001,0.0020284652709960938
27980,normal,2434,0,1782358701.4068115,0.002211332321166992
27981,normal,1311,0,1782358701.408645,0.0018334388732910156
27982,normal,2308,0,1782358701.4105651,0.0019202232360839844
27983,normal,413,0,1782358701.4127905,0.0022253990173339844
27984,normal,1836,0,1782358701.4145718,0.0017812252044677734
27985,normal,3337,1,1782358701.4167755,0.002203702926635742
27986,normal,1535,0,1782358701.4186172,0.0018417835235595703
27987,normal,2071,0,1782358701.4207911,0.002173900604248047
27988,normal,477,0,1782358701.422569,0.0017778873443603516
27989,normal,1315,0,1782358701.424794,0.0022249221801757812
27990,normal,295,0,1782358701.4265628,0.0017688274383544922
27991,normal,842,2,1782358701.42878,0.0022172927856445312
27992,normal,2973,0,1782358701.430622,0.0018420219421386719
27993,normal,3334,1,1782358701.4328182,0.002196073532104492
27994,normal,2427,0,1782358701.4345682,0.0017499923706054688
27995,normal,1975,0,1782358701.436799,0.0022308826446533203
27996,normal,2604,0,1782358701.43858,0.0017809867858886719
27997,normal,2723,0,1782358701.4407809,0.0022008419036865234
27998,normal,192,0,1782358701.4425664,0.0017855167388916016
27999,normal,1321,1,1782358701.4448054,0.0022389888763427734
28000,normal,1264,0,1782358701.446567,0.0017616748809814453
28001,normal,2405,0,1782358701.4487748,0.0022077560424804688
28002,normal,3160,1,1782358701.4505727,0.0017979145050048828
28003,normal,3552,0,1782358701.4527998,0.0022270679473876953
28004,normal,644,0,1782358701.454566,0.001766204833984375
28005,normal,1200,0,1782358701.4567938,0.002227783203125
28006,normal,3701,0,1782358701.4585667,0.0017728805541992188
28007,normal,649,0,1782358701.4608018,0.0022351741790771484
28008,normal,3209,1,1782358701.4625704,0.0017685890197753906
28009,normal,2173,0,1782358701.464832,0.002261638641357422
28010,normal,12,0,1782358701.4665759,0.0017437934875488281
28011,normal,1556,0,1782358701.4688199,0.0022439956665039062
28012,normal,612,0,1782358701.4705653,0.001745462417602539
28013,normal,1638,0,1782358701.472806,0.0022406578063964844
28014,normal,2800,0,1782358701.4745667,0.001760721206665039
28015,normal,1179,0,1782358701.476783,0.002216339111328125
28016,normal,3493,0,1782358701.4785671,0.0017840862274169922
28017,normal,2093,0,1782358701.4808304,0.002263307571411133
28018,normal,957,2,1782358701.4825768,0.0017464160919189453
28019,normal,3167,1,1782358701.4848225,0.002245664596557617
28020,normal,2565,0,1782358701.4865687,0.0017461776733398438
28021,normal,2251,0,1782358701.4887757,0.002207040786743164
28022,normal,2395,0,1782358701.4906478,0.0018720626831054688
28023,normal,2010,0,1782358701.492805,0.0021572113037109375
28024,normal,1075,0,1782358701.4945655,0.0017604827880859375
28025,normal,3655,0,1782358701.4968014,0.002235889434814453
28026,normal,1235,0,1782358701.498571,0.0017695426940917969
28027,normal,2860,0,1782358701.500802,0.002231121063232422
28028,normal,1576,0,1782358701.5025668,0.0017647743225097656
28029,normal,2745,0,1782358701.5048046,0.0022377967834472656
28030,normal,2355,0,1782358701.506566,0.0017614364624023438
28031,normal,929,2,1782358701.5088072,0.0022411346435546875
28032,normal,1070,0,1782358701.5105684,0.0017611980438232422
28033,normal,1897,0,1782358701.512817,0.002248525619506836
28034,normal,3284,1,1782358701.514656,0.0018391609191894531
28035,normal,618,0,1782358701.5167885,0.002132415771484375
28036,normal,3328,1,1782358701.5186229,0.0018343925476074219
28037,normal,2319,0,1782358701.5209444,0.002321481704711914
28038,normal,2724,0,1782358701.5226557,0.0017113685607910156
28039,normal,552,0,1782358701.5246747,0.0020189285278320312
28040,normal,1036,0,1782358701.5266829,0.002008199691772461
28041,normal,1659,0,1782358701.528773,0.0020902156829833984
28042,normal,2684,0,1782358701.5305858,0.0018126964569091797
28043,normal,3021,0,1782358701.5328114,0.002225637435913086
28044,normal,64,0,1782358701.5345683,0.001756906509399414
28045,normal,3093,1,1782358701.5367744,0.002206087112426758
28046,normal,1051,0,1782358701.538568,0.0017936229705810547
28047,normal,2356,0,1782358701.5408034,0.00223541259765625
28048,normal,1274,0,1782358701.5425642,0.001760721206665039
28049,normal,1933,0,1782358701.544793,0.0022287368774414062
28050,normal,2659,0,1782358701.5465667,0.001773834228515625
28051,normal,459,0,1782358701.5487802,0.0022134780883789062
28052,normal,2369,0,1782358701.5505643,0.0017840862274169922
28053,normal,1373,1,1782358701.5527976,0.002233266830444336
28054,normal,2841,0,1782358701.5545647,0.0017671585083007812
28055,normal,1696,0,1782358701.5567975,0.002232789993286133
28056,normal,2396,0,1782358701.5585654,0.001767873764038086
28057,normal,814,2,1782358701.5607812,0.002215862274169922
28058,normal,3686,0,1782358701.5625782,0.0017969608306884766
28059,normal,993,2,1782358701.56479,0.0022118091583251953
28060,normal,3062,1,1782358701.5665684,0.0017783641815185547
28061,normal,1193,0,1782358701.5688004,0.002232074737548828
28062,normal,1381,1,1782358701.5705712,0.0017707347869873047
28063,normal,3082,1,1782358701.572779,0.0022077560424804688
28064,normal,1694,0,1782358701.574687,0.0019080638885498047
28065,normal,597,0,1782358701.5765657,0.0018787384033203125
28066,normal,1137,0,1782358701.5787852,0.0022194385528564453
28067,normal,3205,1,1782358701.5805864,0.0018012523651123047
28068,normal,2475,0,1782358701.582796,0.0022096633911132812
28069,normal,2008,0,1782358701.5845666,0.0017704963684082031
28070,normal,1663,0,1782358701.5867946,0.0022280216217041016
28071,normal,3351,1,1782358701.5885673,0.0017726421356201172
28072,normal,1957,0,1782358701.5907807,0.0022134780883789062
28073,normal,3230,1,1782358701.5925908,0.0018100738525390625
28074,normal,1362,1,1782358701.5947983,0.002207517623901367
28075,normal,2186,0,1782358701.5965652,0.0017669200897216797
28076,normal,934,2,1782358701.5987868,0.0022215843200683594
28077,normal,338,0,1782358701.6005673,0.0017805099487304688
28078,normal,3621,0,1782358701.6027775,0.0022101402282714844
28079,normal,1817,0,1782358701.6045647,0.0017871856689453125
28080,normal,2833,0,1782358701.6067958,0.002231121063232422
28081,normal,3587,0,1782358701.608566,0.0017702579498291016
28082,normal,305,0,1782358701.6107986,0.0022325515747070312
28083,normal,671,0,1782358701.6125667,0.0017681121826171875
28084,normal,417,0,1782358701.6147814,0.002214670181274414
28085,normal,3490,0,1782358701.6166008,0.0018193721771240234
28086,normal,3640,0,1782358701.6188016,0.0022008419036865234
28087,normal,1719,0,1782358701.6205668,0.0017652511596679688
28088,normal,2555,0,1782358701.6228378,0.002270936965942383
28089,normal,1810,0,1782358701.624555,0.0017173290252685547
28090,normal,693,0,1782358701.6267843,0.0022292137145996094
28091,normal,2239,0,1782358701.6285787,0.0017943382263183594
28092,normal,604,0,1782358701.6307943,0.0022156238555908203
28093,normal,3129,1,1782358701.6325662,0.0017719268798828125
28094,normal,3460,0,1782358701.6347964,0.0022301673889160156
28095,normal,2771,0,1782358701.6365669,0.0017704963684082031
28096,normal,2536,0,1782358701.6387677,0.0022008419036865234
28097,normal,2783,0,1782358701.6405983,0.0018305778503417969
28098,normal,1116,0,1782358701.6427922,0.002193927764892578
28099,normal,1768,0,1782358701.6445897,0.0017974376678466797
28100,normal,784,2,1782358701.646764,0.00217437744140625
28101,normal,1774,0,1782358701.6485963,0.0018322467803955078
28102,normal,2457,0,1782358701.650768,0.002171754837036133
28103,normal,2277,0,1782358701.652593,0.0018248558044433594
28104,normal,2450,0,1782358701.6547744,0.002181529998779297
28105,normal,3058,1,1782358701.6566002,0.0018258094787597656
28106,normal,762,0,1782358701.6587641,0.0021638870239257812
28107,normal,1437,0,1782358701.6605937,0.0018296241760253906
28108,normal,896,2,1782358701.6627688,0.0021750926971435547
28109,normal,824,2,1782358701.6645975,0.0018286705017089844
28110,normal,2628,0,1782358701.66682,0.0022225379943847656
28111,normal,1891,0,1782358701.668599,0.0017788410186767578
28112,normal,1644,0,1782358701.6708338,0.002234935760498047
28113,normal,3182,1,1782358701.6725929,0.0017590522766113281
28114,normal,2234,0,1782358701.6745677,0.001974821090698242
28115,normal,2096,0,1782358701.6767986,0.0022308826446533203
28116,normal,43,0,1782358701.6785667,0.0017681121826171875
28117,normal,1529,0,1782358701.680779,0.0022122859954833984
28118,normal,2050,0,1782358701.6826274,0.001848459243774414
28119,normal,1,0,1782358701.6848133,0.002185821533203125
28120,normal,1287,0,1782358701.6865656,0.0017523765563964844
28121,normal,149,0,1782358701.688798,0.0022323131561279297
28122,normal,2358,0,1782358701.690604,0.001806020736694336
28123,normal,3158,1,1782358701.6925993,0.0019953250885009766
28124,normal,1986,0,1782358701.6948104,0.0022110939025878906
28125,normal,3448,0,1782358701.6965668,0.001756429672241211
28126,normal,2909,0,1782358701.698792,0.002225160598754883
28127,normal,1714,0,1782358701.7005644,0.0017724037170410156
28128,normal,989,2,1782358701.7027898,0.0022253990173339844
28129,normal,1477,0,1782358701.704582,0.0017921924591064453
28130,normal,500,0,1782358701.7068012,0.0022192001342773438
28131,normal,2814,0,1782358701.7085686,0.0017673969268798828
28132,normal,1097,0,1782358701.7107766,0.0022079944610595703
28133,normal,404,0,1782358701.712566,0.0017893314361572266
28134,normal,389,0,1782358701.7148056,0.002239704132080078
28135,normal,516,0,1782358701.716566,0.0017604827880859375
28136,normal,3275,1,1782358701.7187812,0.002215147018432617
28137,normal,621,0,1782358701.7205675,0.0017862319946289062
28138,normal,2856,0,1782358701.7227733,0.0022058486938476562
28139,normal,228,0,1782358701.7245657,0.0017924308776855469
28140,normal,496,0,1782358701.7267947,0.002228975296020508
28141,normal,2990,0,1782358701.728565,0.0017702579498291016
28142,normal,1755,0,1782358701.7307982,0.002233266830444336
28143,normal,3346,1,1782358701.732565,0.0017666816711425781
28144,normal,3117,1,1782358701.734793,0.0022280216217041016
28145,normal,1989,0,1782358701.7365644,0.0017714500427246094
28146,normal,3004,0,1782358701.738795,0.0022306442260742188
28147,normal,892,2,1782358701.740564,0.0017690658569335938
28148,normal,564,0,1782358701.7427938,0.0022296905517578125
28149,normal,3671,0,1782358701.7445679,0.0017740726470947266
28150,normal,2542,0,1782358701.7467885,0.002220630645751953
28151,normal,515,0,1782358701.7485652,0.0017766952514648438
28152,normal,3597,0,1782358701.7507958,0.0022306442260742188
28153,normal,425,0,1782358701.7525651,0.0017693042755126953
28154,normal,335,0,1782358701.754797,0.0022318363189697266
28155,normal,2051,0,1782358701.756564,0.0017669200897216797
28156,normal,276,0,1782358701.7587729,0.0022089481353759766
28157,normal,1616,0,1782358701.7605655,0.0017926692962646484
28158,normal,742,0,1782358701.7627814,0.002215862274169922
28159,normal,3050,1,1782358701.7645679,0.0017864704132080078
28160,normal,877,2,1782358701.7668052,0.0022373199462890625
28161,normal,1414,0,1782358701.7685652,0.0017600059509277344
28162,normal,637,0,1782358701.7707758,0.0022106170654296875
28163,normal,770,0,1782358701.7725637,0.0017879009246826172
28164,normal,3474,0,1782358701.7748098,0.0022461414337158203
28165,normal,1318,0,1782358701.7765634,0.0017535686492919922
28166,normal,1520,0,1782358701.7787952,0.0022318363189697266
28167,normal,1689,0,1782358701.7805645,0.0017693042755126953
28168,normal,260,0,1782358701.7825856,0.0020210742950439453
28169,normal,1697,0,1782358701.7847703,0.002184629440307617
28170,normal,918,2,1782358701.786617,0.0018467903137207031
28171,normal,1742,0,1782358701.788765,0.0021479129791259766
28172,normal,2229,0,1782358701.7905986,0.0018336772918701172
28173,normal,2043,0,1782358701.7927687,0.002170085906982422
28174,normal,1251,0,1782358701.7945883,0.001819610595703125
28175,normal,1379,1,1782358701.7967603,0.0021719932556152344
28176,normal,3568,0,1782358701.7985902,0.0018298625946044922
28177,normal,1916,0,1782358701.8007708,0.0021805763244628906
28178,normal,3384,1,1782358701.8025992,0.0018284320831298828
28179,normal,152,0,1782358701.8047748,0.002175569534301758
28180,normal,614,0,1782358701.8065882,0.0018134117126464844
28181,normal,1377,1,1782358701.8087652,0.002177000045776367
28182,normal,1964,0,1782358701.8106093,0.001844167709350586
28183,normal,2379,0,1782358701.8127713,0.0021619796752929688
28184,normal,1059,0,1782358701.8145976,0.0018262863159179688
28185,normal,3289,1,1782358701.8167715,0.002173900604248047
28186,normal,358,0,1782358701.8185873,0.0018157958984375
28187,normal,2342,0,1782358701.820764,0.0021767616271972656
28188,normal,2106,0,1782358701.8226027,0.00183868408203125
28189,normal,2124,0,1782358701.8247697,0.0021669864654541016
28190,normal,1411,0,1782358701.8266015,0.0018317699432373047
28191,normal,1366,1,1782358701.8287728,0.0021712779998779297
28192,normal,382,0,1782358701.8306,0.001827239990234375
28193,normal,2570,0,1782358701.8327694,0.002169370651245117
28194,normal,439,0,1782358701.8346045,0.0018351078033447266
28195,normal,3596,0,1782358701.8367686,0.002164125442504883
28196,normal,689,0,1782358701.8385997,0.0018310546875
28197,normal,2867,0,1782358701.8407726,0.0021729469299316406
28198,normal,839,2,1782358701.8425913,0.0018186569213867188
28199,normal,380,0,1782358701.8447688,0.0021774768829345703
28200,normal,865,2,1782358701.846566,0.0017971992492675781
28201,normal,732,0,1782358701.84878,0.0022139549255371094
28202,normal,1896,0,1782358701.8505974,0.001817464828491211
28203,normal,2943,0,1782358701.852773,0.002175569534301758
28204,normal,1854,0,1782358701.8545654,0.0017924308776855469
28205,normal,1983,0,1782358701.856797,0.002231597900390625
28206,normal,2810,0,1782358701.8585658,0.0017688274383544922
28207,normal,2567,0,1782358701.860777,0.0022110939025878906
28208,normal,2244,0,1782358701.8626027,0.0018258094787597656
28209,normal,3207,1,1782358701.8647985,0.0021958351135253906
28210,normal,994,2,1782358701.866566,0.0017673969268798828
28211,normal,1304,0,1782358701.8688297,0.002263784408569336
28212,normal,300,0,1782358701.870568,0.0017383098602294922
28213,normal,590,0,1782358701.8727837,0.0022156238555908203
28214,normal,7,0,1782358701.8746078,0.0018241405487060547
28215,normal,1549,0,1782358701.8767993,0.0021915435791015625
28216,normal,153,0,1782358701.878565,0.0017657279968261719
28217,normal,3524,0,1782358701.8808196,0.002254486083984375
28218,normal,2929,0,1782358701.8825653,0.0017457008361816406
28219,normal,940,2,1782358701.8847892,0.002223968505859375
28220,normal,234,0,1782358701.886613,0.0018236637115478516
28221,normal,125,0,1782358701.8888187,0.0022058486938476562
28222,normal,29,0,1782358701.8905675,0.001748800277709961
28223,normal,3606,0,1782358701.8928034,0.002235889434814453
28224,normal,3666,0,1782358701.8945668,0.0017633438110351562
28225,normal,863,2,1782358701.896781,0.002214193344116211
28226,normal,3118,1,1782358701.8986177,0.0018367767333984375
28227,normal,3409,0,1782358701.900796,0.002178192138671875
28228,normal,2811,0,1782358701.9025638,0.001767873764038086
28229,normal,258,0,1782358701.9047976,0.002233743667602539
28230,normal,1047,0,1782358701.9065647,0.0017671585083007812
28231,normal,2678,0,1782358701.9087768,0.002212047576904297
28232,normal,2203,0,1782358701.910622,0.0018451213836669922
28233,normal,2031,0,1782358701.9127727,0.0021507740020751953
28234,normal,1600,0,1782358701.914596,0.00182342529296875
28235,normal,120,0,1782358701.9167724,0.0021762847900390625
28236,normal,1232,0,1782358701.9186032,0.0018308162689208984
28237,normal,1392,0,1782358701.9207678,0.002164602279663086
28238,normal,1293,0,1782358701.9226017,0.0018339157104492188
28239,normal,3366,1,1782358701.924866,0.002264261245727539
28240,normal,3544,0,1782358701.9266002,0.0017342567443847656
28241,normal,1257,0,1782358701.9288192,0.002218961715698242
28242,normal,3503,0,1782358701.930593,0.001773834228515625
28243,normal,347,0,1782358701.9327734,0.002180337905883789
28244,normal,1332,1,1782358701.9345896,0.0018162727355957031
28245,normal,675,0,1782358701.9367726,0.0021829605102539062
28246,normal,1647,0,1782358701.9386024,0.0018298625946044922
28247,normal,3380,1,1782358701.940844,0.0022416114807128906
28248,normal,848,2,1782358701.9426126,0.0017685890197753906
28249,normal,3627,0,1782358701.9447672,0.0021545886993408203
28250,normal,74,0,1782358701.9465997,0.0018324851989746094
28251,normal,1210,0,1782358701.9487705,0.0021708011627197266
28252,normal,3229,1,1782358701.9505956,0.001825094223022461
28253,normal,2479,0,1782358701.9527636,0.002167940139770508
28254,normal,517,0,1782358701.9546258,0.0018622875213623047
28255,normal,775,2,1782358701.956784,0.0021581649780273438
28256,normal,3684,0,1782358701.958588,0.0018038749694824219
28257,normal,2435,0,1782358701.9607718,0.0021839141845703125
28258,normal,412,0,1782358701.962598,0.0018262863159179688
28259,normal,2429,0,1782358701.9647665,0.002168416976928711
28260,normal,1260,0,1782358701.966615,0.001848459243774414
28261,normal,2941,0,1782358701.9687705,0.0021555423736572266
28262,normal,1539,0,1782358701.9705887,0.0018181800842285156
28263,normal,3115,1,1782358701.9727738,0.0021851062774658203
28264,normal,3007,0,1782358701.9745982,0.0018243789672851562
28265,normal,2016,0,1782358701.9767659,0.0021677017211914062
28266,normal,3454,0,1782358701.978615,0.0018491744995117188
28267,normal,750,0,1782358701.9807668,0.0021517276763916016
28268,normal,170,0,1782358701.9825938,0.0018270015716552734
28269,normal,1231,0,1782358701.9847734,0.0021796226501464844
28270,normal,1378,1,1782358701.9865868,0.0018134117126464844
28271,normal,1258,0,1782358701.9887664,0.0021796226501464844
28272,normal,1442,0,1782358701.99059,0.0018236637115478516
28273,normal,3044,0,1782358701.9927666,0.002176523208618164
28274,normal,2976,0,1782358701.9945958,0.0018291473388671875
28275,normal,479,0,1782358701.9967704,0.0021746158599853516
28276,normal,1703,0,1782358701.9985862,0.0018157958984375
28277,normal,1575,0,1782358702.000766,0.002179861068725586
28278,normal,760,0,1782358702.002625,0.0018589496612548828
28279,normal,503,0,1782358702.004565,0.001940011978149414
28280,normal,1593,0,1782358702.0068042,0.002239227294921875
28281,normal,1864,0,1782358702.0085514,0.00174713134765625
28282,normal,3619,0,1782358702.010776,0.0022246837615966797
28283,normal,584,0,1782358702.012567,0.0017910003662109375
28284,normal,3543,0,1782358702.014803,0.002235889434814453
28285,normal,1516,0,1782358702.0165656,0.0017626285552978516
28286,normal,427,0,1782358702.0188167,0.002251148223876953
28287,normal,188,0,1782358702.0205657,0.0017490386962890625
28288,normal,825,2,1782358702.0227764,0.0022106170654296875
28289,normal,3177,1,1782358702.0245717,0.0017952919006347656
28290,normal,461,0,1782358702.0267797,0.0022079944610595703
28291,normal,1220,0,1782358702.028557,0.0017774105072021484
28292,normal,1046,0,1782358702.0307546,0.0021975040435791016
28293,normal,2822,0,1782358702.0325835,0.001828908920288086
28294,normal,708,0,1782358702.0347686,0.0021851062774658203
28295,normal,2899,0,1782358702.0365896,0.0018210411071777344
28296,normal,2080,0,1782358702.0387716,0.0021820068359375
28297,normal,2490,0,1782358702.0405898,0.0018181800842285156
28298,normal,635,0,1782358702.0427682,0.0021784305572509766
28299,normal,99,0,1782358702.0446002,0.0018320083618164062
28300,normal,2420,0,1782358702.046767,0.002166748046875
28301,normal,2599,0,1782358702.0485857,0.0018186569213867188
28302,normal,3611,0,1782358702.0507736,0.002187967300415039
28303,normal,2979,0,1782358702.052587,0.0018134117126464844
28304,normal,598,0,1782358702.0547612,0.0021741390228271484
28305,normal,1323,1,1782358702.0565925,0.0018312931060791016
28306,normal,1610,0,1782358702.0587676,0.0021750926971435547
28307,normal,2388,0,1782358702.0605853,0.0018177032470703125
28308,normal,1925,0,1782358702.0627751,0.0021898746490478516
28309,normal,1778,0,1782358702.0645847,0.0018095970153808594
28310,normal,667,0,1782358702.0667896,0.00220489501953125
28311,normal,2729,0,1782358702.0686033,0.001813650131225586
28312,normal,2501,0,1782358702.0705643,0.0019609928131103516
28313,normal,960,2,1782358702.0728028,0.0022385120391845703
28314,normal,2280,0,1782358702.0745661,0.0017633438110351562
28315,normal,1958,0,1782358702.0767767,0.0022106170654296875
28316,normal,1592,0,1782358702.0785937,0.0018169879913330078
28317,normal,3680,0,1782358702.080828,0.002234220504760742
28318,normal,763,0,1782358702.0825782,0.0017502307891845703
28319,normal,2115,0,1782358702.084794,0.002215862274169922
28320,normal,1699,0,1782358702.086566,0.0017719268798828125
28321,normal,852,2,1782358702.0887792,0.0022132396697998047
28322,normal,1202,0,1782358702.0905976,0.0018184185028076172
28323,normal,2672,0,1782358702.09278,0.002182483673095703
28324,normal,2774,0,1782358702.0945666,0.0017864704132080078
28325,normal,1114,0,1782358702.096816,0.002249479293823242
28326,normal,23,0,1782358702.0985782,0.0017621517181396484
28327,normal,2820,0,1782358702.1007845,0.0022063255310058594
28328,normal,3449,0,1782358702.102603,0.0018184185028076172
28329,normal,2870,0,1782358702.104795,0.0021920204162597656
28330,normal,231,0,1782358702.1065652,0.0017702579498291016
28331,normal,1729,0,1782358702.1087933,0.0022280216217041016
28332,normal,3567,0,1782358702.110566,0.0017726421356201172
28333,normal,395,0,1782358702.1127787,0.0022127628326416016
28334,normal,2981,0,1782358702.1146085,0.0018298625946044922
28335,normal,2331,0,1782358702.1167927,0.002184152603149414
28336,normal,1903,0,1782358702.118566,0.0017733573913574219
28337,normal,2168,0,1782358702.1207952,0.0022292137145996094
28338,normal,3368,1,1782358702.1225638,0.0017685890197753906
28339,normal,3608,0,1782358702.1247752,0.002211332321166992
28340,normal,3423,0,1782358702.1266127,0.0018374919891357422
28341,normal,3687,0,1782358702.1288154,0.002202749252319336
28342,normal,2263,0,1782358702.1305685,0.001753091812133789
28343,normal,44,0,1782358702.1328077,0.002239227294921875
28344,normal,2557,0,1782358702.1345675,0.0017597675323486328
28345,normal,1213,0,1782358702.136777,0.0022094249725341797
28346,normal,1936,0,1782358702.1386175,0.0018405914306640625
28347,normal,324,0,1782358702.1407952,0.002177715301513672
28348,normal,2935,0,1782358702.142566,0.0017707347869873047
28349,normal,2271,0,1782358702.144797,0.002231121063232422
28350,normal,2213,0,1782358702.1465654,0.001768350601196289
28351,normal,529,0,1782358702.1487768,0.002211332321166992
28352,normal,740,0,1782358702.150623,0.0018463134765625
28353,normal,2882,0,1782358702.1527934,0.0021703243255615234
28354,normal,3558,0,1782358702.154566,0.0017726421356201172
28355,normal,393,0,1782358702.156795,0.002228975296020508
28356,normal,91,0,1782358702.1585639,0.0017688274383544922
28357,normal,2883,0,1782358702.1607778,0.0022139549255371094
28358,normal,1894,0,1782358702.1626272,0.0018494129180908203
28359,normal,1061,0,1782358702.1647992,0.0021719932556152344
28360,normal,2099,0,1782358702.1665637,0.001764535903930664
28361,normal,92,0,1782358702.168802,0.0022382736206054688
28362,normal,3260,1,1782358702.1705647,0.0017626285552978516
28363,normal,497,0,1782358702.1727822,0.002217531204223633
28364,normal,3595,0,1782358702.1746328,0.0018506050109863281
28365,normal,1885,0,1782358702.1767988,0.0021660327911376953
28366,normal,2009,0,1782358702.1785653,0.0017664432525634766
28367,normal,1126,0,1782358702.1807904,0.002225160598754883
28368,normal,2868,0,1782358702.1825657,0.0017752647399902344
28369,normal,933,2,1782358702.1847947,0.002228975296020508
28370,normal,1629,0,1782358702.1866481,0.0018534660339355469
28371,normal,1103,0,1782358702.1887949,0.0021467208862304688
28372,normal,1743,0,1782358702.190564,0.0017690658569335938
28373,normal,37,0,1782358702.1927948,0.0022308826446533203
28374,normal,572,0,1782358702.1945655,0.0017707347869873047
28375,normal,1521,0,1782358702.1967769,0.002211332321166992
28376,normal,115,0,1782358702.1986425,0.0018656253814697266
28377,normal,2948,0,1782358702.2008,0.002157449722290039
28378,normal,336,0,1782358702.2025642,0.0017642974853515625
28379,normal,2705,0,1782358702.204795,0.0022306442260742188
28380,normal,2382,0,1782358702.2065635,0.0017685890197753906
28381,normal,2153,0,1782358702.2087731,0.0022096633911132812
28382,normal,514,0,1782358702.2106483,0.001875162124633789
28383,normal,2503,0,1782358702.2127976,0.002149343490600586
28384,normal,3504,0,1782358702.214566,0.001768350601196289
28385,normal,1105,0,1782358702.2167988,0.002232789993286133
28386,normal,1788,0,1782358702.2185748,0.001775979995727539
28387,normal,3461,0,1782358702.2207854,0.0022106170654296875
28388,normal,3125,1,1782358702.2226539,0.0018684864044189453
28389,normal,1108,0,1782358702.2247734,0.0021195411682128906
28390,normal,744,0,1782358702.2265646,0.001791238784790039
28391,normal,864,2,1782358702.228825,0.002260446548461914
28392,normal,3486,0,1782358702.2305532,0.001728057861328125
28393,normal,274,0,1782358702.2327833,0.0022301673889160156
28394,normal,2945,0,1782358702.2346559,0.0018725395202636719
28395,normal,2904,0,1782358702.2367895,0.002133607864379883
28396,normal,2701,0,1782358702.2385654,0.001775979995727539
28397,normal,1715,0,1782358702.2407951,0.0022296905517578125
28398,normal,2578,0,1782358702.2425656,0.0017704963684082031
28399,normal,1195,0,1782358702.2447746,0.0022089481353759766
28400,normal,2059,0,1782358702.246564,0.0017893314361572266
28401,normal,522,0,1782358702.2487943,0.002230405807495117
28402,normal,531,0,1782358702.250564,0.0017697811126708984
28403,normal,1943,0,1782358702.2527952,0.002231121063232422
28404,normal,3583,0,1782358702.2545657,0.0017704963684082031
28405,normal,1401,0,1782358702.2567725,0.0022068023681640625
28406,normal,2086,0,1782358702.2585695,0.0017969608306884766
28407,normal,2813,0,1782358702.2607975,0.0022280216217041016
28408,normal,898,2,1782358702.2625668,0.0017693042755126953
28409,normal,3197,1,1782358702.2648077,0.002240896224975586
28410,normal,2612,0,1782358702.2665749,0.0017671585083007812
28411,normal,1921,0,1782358702.2687757,0.0022008419036865234
28412,normal,1029,2,1782358702.2705734,0.0017976760864257812
28413,normal,1522,0,1782358702.2727876,0.002214193344116211
28414,normal,1372,1,1782358702.274636,0.001848459243774414
28415,normal,3127,1,1782358702.2767975,0.0021615028381347656
28416,normal,658,0,1782358702.2785666,0.0017690658569335938
28417,normal,2011,0,1782358702.280775,0.0022084712982177734
28418,normal,2569,0,1782358702.282579,0.0018038749694824219
28419,normal,1008,2,1782358702.2847986,0.002219676971435547
28420,normal,1391,0,1782358702.2865655,0.0017669200897216797
28421,normal,3287,1,1782358702.2887943,0.0022287368774414062
28422,normal,3442,0,1782358702.2905633,0.0017690658569335938
28423,normal,2849,0,1782358702.2927814,0.002218008041381836
28424,normal,1500,0,1782358702.2945845,0.0018031597137451172
28425,normal,3357,1,1782358702.2967958,0.002211332321166992
28426,normal,2655,0,1782358702.2985644,0.0017685890197753906
28427,normal,2744,0,1782358702.300801,0.002236604690551758
28428,normal,143,0,1782358702.3025675,0.0017664432525634766
28429,normal,2721,0,1782358702.3047807,0.0022132396697998047
28430,normal,1637,0,1782358702.3065884,0.0018076896667480469
28431,normal,399,0,1782358702.308795,0.002206563949584961
28432,normal,1969,0,1782358702.3105645,0.0017695426940917969
28433,normal,1153,0,1782358702.3127768,0.0022122859954833984
28434,normal,969,2,1782358702.3145661,0.0017893314361572266
28435,normal,1712,0,1782358702.3167763,0.0022101402282714844
28436,normal,247,0,1782358702.3185935,0.0018172264099121094
28437,normal,2850,0,1782358702.3207943,0.0022008419036865234
28438,normal,1861,0,1782358702.3228126,0.0020182132720947266
28439,normal,1192,0,1782358702.324585,0.0017724037170410156
28440,normal,3292,1,1782358702.326784,0.002198934555053711
28441,normal,3607,0,1782358702.3285701,0.0017862319946289062
28442,normal,1245,0,1782358702.330843,0.0022728443145751953
28443,normal,257,0,1782358702.3325632,0.0017201900482177734
28444,normal,2327,0,1782358702.3347874,0.0022242069244384766
28445,normal,3532,0,1782358702.336602,0.0018146038055419922
28446,normal,1157,0,1782358702.338769,0.0021669864654541016
28447,normal,2892,0,1782358702.3405688,0.0017998218536376953
28448,normal,102,0,1782358702.342806,0.0022373199462890625
28449,normal,2126,0,1782358702.3445678,0.0017616748809814453
28450,normal,508,0,1782358702.346786,0.0022182464599609375
28451,normal,1558,0,1782358702.3487823,0.001996278762817383
28452,normal,3630,0,1782358702.3506577,0.0018754005432128906
28453,normal,172,0,1782358702.3526013,0.0019435882568359375
28454,normal,1422,0,1782358702.3548224,0.0022211074829101562
28455,normal,634,0,1782358702.3565965,0.0017740726470947266
28456,normal,879,2,1782358702.3587549,0.0021584033966064453
28457,normal,528,0,1782358702.360946,0.0021910667419433594
28458,normal,2589,0,1782358702.3626218,0.0016758441925048828
28459,normal,1267,0,1782358702.3649359,0.0023140907287597656
28460,normal,2808,0,1782358702.3667622,0.0018262863159179688
28461,normal,3585,0,1782358702.3688211,0.0020589828491210938
28462,normal,3674,0,1782358702.3707528,0.0019316673278808594
28463,normal,2896,0,1782358702.3729439,0.0021910667419433594
28464,normal,3204,1,1782358702.3746212,0.0016772747039794922
28465,normal,581,0,1782358702.376935,0.002313852310180664
28466,normal,2711,0,1782358702.3788552,0.0019202232360839844
28467,normal,1241,0,1782358702.3807192,0.0018639564514160156
28468,normal,3527,0,1782358702.382743,0.0020236968994140625
28469,normal,3437,0,1782358702.3849611,0.0022182464599609375
28470,normal,2083,0,1782358702.3866162,0.0016551017761230469
28471,normal,3285,1,1782358702.3888402,0.002223968505859375
28472,normal,1795,0,1782358702.3907554,0.0019152164459228516
28473,normal,1641,0,1782358702.3927355,0.0019800662994384766
28474,normal,3592,0,1782358702.3947537,0.0020182132720947266
28475,normal,3575,0,1782358702.3969433,0.00218963623046875
28476,normal,2286,0,1782358702.3991368,0.002193450927734375
28477,normal,2052,0,1782358702.401016,0.0018792152404785156
28478,normal,1234,0,1782358702.402989,0.0019729137420654297
28479,normal,3361,1,1782358702.4048834,0.0018944740295410156
28480,normal,2128,0,1782358702.4071755,0.002292156219482422
28481,normal,1165,0,1782358702.40901,0.0018343925476074219
28482,normal,3038,0,1782358702.4109182,0.0019083023071289062
28483,normal,1076,0,1782358702.412757,0.00183868408203125
28484,normal,3211,1,1782358702.414945,0.002187967300415039
28485,normal,980,2,1782358702.41662,0.0016751289367675781
28486,normal,856,2,1782358702.4189353,0.0023152828216552734
28487,normal,2200,0,1782358702.4207795,0.001844167709350586
28488,normal,3439,0,1782358702.4226265,0.0018470287322998047
28489,normal,3457,0,1782358702.4247441,0.002117633819580078
28490,normal,3400,1,1782358702.4269288,0.002184629440307617
28491,normal,998,2,1782358702.428583,0.0016541481018066406
28492,normal,2676,0,1782358702.430797,0.002214193344116211
28493,normal,858,2,1782358702.4327536,0.001956462860107422
28494,normal,1445,0,1782358702.4347978,0.002044200897216797
28495,normal,355,0,1782358702.4365878,0.0017900466918945312
28496,normal,1591,0,1782358702.43893,0.00234222412109375
28497,normal,610,0,1782358702.4406064,0.001676321029663086
28498,normal,1775,0,1782358702.4427905,0.002184152603149414
28499,normal,121,0,1782358702.4447806,0.001990079879760742
28500,normal,1184,0,1782358702.446586,0.0018053054809570312
28501,normal,3414,0,1782358702.448772,0.0021860599517822266
28502,normal,133,0,1782358702.4506574,0.0018854141235351562
28503,normal,3047,1,1782358702.4527905,0.0021331310272216797
28504,normal,1981,0,1782358702.4545689,0.0017783641815185547
28505,normal,1748,0,1782358702.456851,0.0022821426391601562
28506,normal,1651,0,1782358702.4585679,0.0017168521881103516
28507,normal,835,2,1782358702.460774,0.002206087112426758
28508,normal,666,0,1782358702.4626508,0.0018768310546875
28509,normal,3181,1,1782358702.4647715,0.0021207332611083984
28510,normal,992,2,1782358702.4665666,0.001795053482055664
28511,normal,1388,0,1782358702.468851,0.002284526824951172
28512,normal,2411,0,1782358702.4705672,0.0017161369323730469
28513,normal,2416,0,1782358702.4727921,0.0022249221801757812
28514,normal,1839,0,1782358702.4746568,0.0018646717071533203
28515,normal,2267,0,1782358702.4767654,0.0021085739135742188
28516,normal,2432,0,1782358702.4785664,0.0018010139465332031
28517,normal,2596,0,1782358702.4807863,0.0022199153900146484
28518,normal,3170,1,1782358702.4825668,0.0017805099487304688
28519,normal,2387,0,1782358702.4847693,0.0022025108337402344
28520,normal,2641,0,1782358702.4866793,0.0019099712371826172
28521,normal,1624,0,1782358702.4887638,0.002084493637084961
28522,normal,3015,0,1782358702.4905658,0.0018019676208496094
28523,normal,3123,1,1782358702.492782,0.002216339111328125
28524,normal,232,0,1782358702.4945695,0.001787424087524414
28525,normal,2139,0,1782358702.4967656,0.002196073532104492
28526,normal,2383,0,1782358702.4986837,0.0019180774688720703
28527,normal,833,2,1782358702.5007713,0.0020875930786132812
28528,normal,1977,0,1782358702.502585,0.001813650131225586
28529,normal,2329,0,1782358702.5047867,0.0022017955780029297
28530,normal,602,0,1782358702.506566,0.001779317855834961
28531,normal,1643,0,1782358702.508777,0.002210855484008789
28532,normal,1769,0,1782358702.5107098,0.0019328594207763672
28533,normal,1499,0,1782358702.5127654,0.002055644989013672
28534,normal,591,0,1782358702.5145671,0.0018017292022705078
28535,normal,798,2,1782358702.5167875,0.0022203922271728516
28536,normal,1168,0,1782358702.5185661,0.0017786026000976562
28537,normal,489,0,1782358702.5207703,0.0022041797637939453
28538,normal,2533,0,1782358702.522695,0.001924753189086914
28539,normal,600,0,1782358702.5247636,0.0020685195922851562
28540,normal,653,0,1782358702.5265667,0.0018031597137451172
28541,normal,447,0,1782358702.5287724,0.0022056102752685547
28542,normal,1815,0,1782358702.530572,0.0017995834350585938
28543,normal,2891,0,1782358702.5327704,0.002198457717895508
28544,normal,3247,1,1782358702.5346994,0.0019290447235107422
28545,normal,1469,0,1782358702.5367615,0.002062082290649414
28546,normal,932,2,1782358702.538601,0.0018393993377685547
28547,normal,3675,0,1782358702.5407856,0.002184629440307617
28548,normal,3159,1,1782358702.5425665,0.0017809867858886719
28549,normal,1386,0,1782358702.544772,0.002205371856689453
28550,normal,547,0,1782358702.5465858,0.0018138885498046875
28551,normal,1785,0,1782358702.5487735,0.0021877288818359375
28552,normal,445,0,1782358702.5505664,0.00179290771484375
28553,normal,1855,0,1782358702.552791,0.0022246837615966797
28554,normal,280,0,1782358702.554565,0.001773834228515625
28555,normal,3210,1,1782358702.5567691,0.0022041797637939453
28556,normal,3605,0,1782358702.5585916,0.0018224716186523438
28557,normal,605,0,1782358702.5607727,0.0021810531616210938
28558,normal,1660,0,1782358702.5625653,0.0017926692962646484
28559,normal,977,2,1782358702.564783,0.0022177696228027344
28560,normal,352,0,1782358702.566566,0.0017828941345214844
28561,normal,2842,0,1782358702.5687683,0.002202272415161133
28562,normal,2836,0,1782358702.5705967,0.0018284320831298828
28563,normal,3512,0,1782358702.5727732,0.002176523208618164
28564,normal,2419,0,1782358702.5745869,0.001813650131225586
28565,normal,1242,0,1782358702.5767858,0.002198934555053711
28566,normal,1118,0,1782358702.5785658,0.0017800331115722656
28567,normal,3629,0,1782358702.5807974,0.002231597900390625
28568,normal,1449,0,1782358702.5826013,0.0018038749694824219
28569,normal,1586,0,1782358702.5847719,0.002170562744140625
28570,normal,3028,0,1782358702.5865655,0.0017936229705810547
28571,normal,1605,0,1782358702.588784,0.002218484878540039
28572,normal,90,0,1782358702.5905657,0.0017817020416259766
28573,normal,183,0,1782358702.5927687,0.0022029876708984375
28574,normal,1350,1,1782358702.5946066,0.0018379688262939453
28575,normal,1450,0,1782358702.5967727,0.0021660327911376953
28576,normal,312,0,1782358702.5985637,0.0017910003662109375
28577,normal,2816,0,1782358702.6007838,0.00222015380859375
28578,normal,3572,0,1782358702.6025662,0.0017824172973632812
28579,normal,2155,0,1782358702.6047688,0.0022025108337402344
28580,normal,3316,1,1782358702.6066115,0.0018427371978759766
28581,normal,3373,1,1782358702.6087725,0.0021610260009765625
28582,normal,2272,0,1782358702.610565,0.0017924308776855469
28583,normal,3110,1,1782358702.6127872,0.002222299575805664
28584,normal,420,0,1782358702.614566,0.0017788410186767578
28585,normal,2766,0,1782358702.616769,0.0022029876708984375
28586,normal,1281,0,1782358702.6186159,0.0018467903137207031
28587,normal,2835,0,1782358702.6207714,0.0021555423736572266
28588,normal,3542,0,1782358702.6225877,0.0018162727355957031
28589,normal,2261,0,1782358702.6248736,0.0022859573364257812
28590,normal,2258,0,1782358702.6265643,0.0016906261444091797
28591,normal,855,2,1782358702.6287768,0.0022125244140625
28592,normal,2104,0,1782358702.6306214,0.001844644546508789
28593,normal,2666,0,1782358702.6327734,0.002151966094970703
28594,normal,2461,0,1782358702.634565,0.0017917156219482422
28595,normal,705,0,1782358702.636795,0.002229928970336914
28596,normal,1721,0,1782358702.6385648,0.0017697811126708984
28597,normal,2026,0,1782358702.6407676,0.002202749252319336
28598,normal,486,0,1782358702.6425834,0.0018157958984375
28599,normal,3120,1,1782358702.6447759,0.0021924972534179688
28600,normal,611,0,1782358702.646564,0.0017881393432617188
28601,normal,2127,0,1782358702.6487865,0.0022225379943847656
28602,normal,711,0,1782358702.6505654,0.0017788410186767578
28603,normal,2737,0,1782358702.65277,0.0022046566009521484
28604,normal,1474,0,1782358702.6546311,0.0018610954284667969
28605,normal,956,2,1782358702.6567721,0.0021409988403320312
28606,normal,150,0,1782358702.6585643,0.0017921924591064453
28607,normal,1498,0,1782358702.6607852,0.0022208690643310547
28608,normal,2838,0,1782358702.6625645,0.001779317855834961
28609,normal,2041,0,1782358702.664768,0.0022034645080566406
28610,normal,3098,1,1782358702.6666367,0.0018687248229980469
28611,normal,1490,0,1782358702.668785,0.0021483898162841797
28612,normal,1078,0,1782358702.6705687,0.001783609390258789
28613,normal,2590,0,1782358702.672784,0.0022153854370117188
28614,normal,2926,0,1782358702.6745656,0.001781463623046875
28615,normal,2918,0,1782358702.676778,0.0022125244140625
28616,normal,2406,0,1782358702.678638,0.001859903335571289
28617,normal,2598,0,1782358702.680769,0.0021309852600097656
28618,normal,1502,0,1782358702.6825826,0.001813650131225586
28619,normal,857,2,1782358702.6847787,0.002196073532104492
28620,normal,159,0,1782358702.6865623,0.001783609390258789
28621,normal,2526,0,1782358702.6887634,0.002201080322265625
28622,normal,3697,0,1782358702.6906385,0.001875162124633789
28623,normal,1625,0,1782358702.6927667,0.002128124237060547
28624,normal,2087,0,1782358702.694583,0.0018162727355957031
28625,normal,1346,1,1782358702.6967795,0.0021965503692626953
28626,normal,1160,0,1782358702.6985848,0.0018053054809570312
28627,normal,2535,0,1782358702.7007637,0.0021789073944091797
28628,normal,2911,0,1782358702.7025828,0.0018191337585449219
28629,normal,2978,0,1782358702.7047672,0.0021843910217285156
28630,normal,1186,0,1782358702.706584,0.0018167495727539062
28631,normal,1048,0,1782358702.7087762,0.002192258834838867
28632,normal,2119,0,1782358702.7105622,0.0017859935760498047
28633,normal,3296,1,1782358702.7127645,0.002202272415161133
28634,normal,2228,0,1782358702.7146535,0.0018889904022216797
28635,normal,2997,0,1782358702.7167568,0.0021033287048339844
28636,normal,1018,2,1782358702.718562,0.0018050670623779297
28637,normal,2638,0,1782358702.7207792,0.0022172927856445312
28638,normal,1225,0,1782358702.722563,0.0017838478088378906
28639,normal,103,0,1782358702.7247856,0.0022225379943847656
28640,normal,2539,0,1782358702.7266579,0.0018723011016845703
28641,normal,1292,0,1782358702.7287557,0.0020978450775146484
28642,normal,2987,0,1782358702.7305815,0.0018258094787597656
28643,normal,1038,0,1782358702.7327783,0.002196788787841797
28644,normal,641,0,1782358702.7345636,0.0017852783203125
28645,normal,288,0,1782358702.736786,0.002222299575805664
28646,normal,1259,0,1782358702.7386837,0.0018978118896484375
28647,normal,316,0,1782358702.7407632,0.002079486846923828
28648,normal,1286,0,1782358702.7425625,0.0017993450164794922
28649,normal,691,0,1782358702.7447777,0.002215147018432617
28650,normal,253,0,1782358702.7465637,0.0017859935760498047
28651,normal,1649,0,1782358702.7487626,0.002198934555053711
28652,normal,1628,0,1782358702.7506876,0.0019249916076660156
28653,normal,1278,0,1782358702.7527566,0.0020689964294433594
28654,normal,678,0,1782358702.7545633,0.0018067359924316406
28655,normal,1150,0,1782358702.756778,0.002214670181274414
28656,normal,2351,0,1782358702.7585626,0.0017845630645751953
28657,normal,1413,0,1782358702.760764,0.0022013187408447266
28658,normal,494,0,1782358702.7626925,0.001928567886352539
28659,normal,219,0,1782358702.7647638,0.002071380615234375
28660,normal,378,0,1782358702.7665627,0.001798868179321289
28661,normal,836,2,1782358702.7687798,0.0022170543670654297
28662,normal,2145,0,1782358702.7705638,0.0017840862274169922
28663,normal,3513,0,1782358702.7727644,0.002200603485107422
28664,normal,190,0,1782358702.774645,0.001880645751953125
28665,normal,2996,0,1782358702.7767682,0.002123117446899414
28666,normal,810,2,1782358702.7785614,0.0017931461334228516
28667,normal,2,0,1782358702.7807934,0.002232074737548828
28668,normal,3691,0,1782358702.7825623,0.0017688274383544922
28669,normal,3634,0,1782358702.784763,0.0022008419036865234
28670,normal,1146,0,1782358702.786582,0.0018188953399658203
28671,normal,1025,2,1782358702.7887728,0.002190828323364258
28672,normal,433,0,1782358702.7905633,0.0017905235290527344
28673,normal,2657,0,1782358702.7927783,0.0022149085998535156
28674,normal,201,0,1782358702.7945843,0.001806020736694336
28675,normal,3654,0,1782358702.7967634,0.0021791458129882812
28676,normal,1745,0,1782358702.7985897,0.0018262863159179688
28677,normal,3652,0,1782358702.8007672,0.0021774768829345703
28678,normal,2958,0,1782358702.802561,0.0017938613891601562
28679,normal,3300,1,1782358702.8047826,0.0022215843200683594
28680,normal,1783,0,1782358702.8065627,0.0017800331115722656
28681,normal,2854,0,1782358702.8087626,0.002199888229370117
28682,normal,2233,0,1782358702.8105948,0.0018322467803955078
28683,normal,2825,0,1782358702.812763,0.0021681785583496094
28684,normal,1358,1,1782358702.814569,0.001806020736694336
28685,normal,1266,0,1782358702.8167794,0.002210378646850586
28686,normal,851,2,1782358702.8185616,0.0017821788787841797
28687,normal,1895,0,1782358702.8207614,0.002199888229370117
28688,normal,1993,0,1782358702.8226004,0.0018389225006103516
28689,normal,1980,0,1782358702.8247669,0.0021665096282958984
28690,normal,2900,0,1782358702.8265617,0.0017948150634765625
28691,normal,2967,0,1782358702.8287802,0.002218484878540039
28692,normal,2845,0,1782358702.8305633,0.001783132553100586
28693,normal,1832,0,1782358702.8327618,0.002198457717895508
28694,normal,1881,0,1782358702.834605,0.0018432140350341797
28695,normal,3517,0,1782358702.8367698,0.0021648406982421875
28696,normal,1270,0,1782358702.8385918,0.0018219947814941406
28697,normal,310,0,1782358702.840779,0.0021872520446777344
28698,normal,1962,0,1782358702.842561,0.0017819404602050781
28699,normal,3256,1,1782358702.8447614,0.0022003650665283203
28700,normal,3322,1,1782358702.84661,0.0018486976623535156
28701,normal,1670,0,1782358702.848768,0.002157926559448242
28702,normal,3485,0,1782358702.8505628,0.0017948150634765625
28703,normal,1847,0,1782358702.85279,0.002227306365966797
28704,normal,808,2,1782358702.8545616,0.0017714500427246094
28705,normal,3570,0,1782358702.8567631,0.002201557159423828
28706,normal,2648,0,1782358702.8586147,0.0018515586853027344
28707,normal,2165,0,1782358702.860766,0.0021512508392333984
28708,normal,2398,0,1782358702.8625631,0.0017971992492675781
28709,normal,1033,0,1782358702.8647878,0.0022246837615966797
28710,normal,3293,1,1782358702.8665628,0.0017750263214111328
28711,normal,1554,0,1782358702.86893,0.002367258071899414
28712,normal,1139,0,1782358702.8707688,0.00183868408203125
28713,normal,3601,0,1782358702.8727987,0.002029895782470703
28714,normal,304,0,1782358702.8747506,0.0019519329071044922
28715,normal,1563,0,1782358702.8769333,0.0021827220916748047
28716,normal,551,0,1782358702.8786094,0.0016760826110839844
28717,normal,555,0,1782358702.8809185,0.002309083938598633
28718,normal,3468,0,1782358702.8827856,0.001867055892944336
28719,normal,3589,0,1782358702.88461,0.0018243789672851562
28720,normal,1284,0,1782358702.8868144,0.002204418182373047
28721,normal,1608,0,1782358702.8887527,0.0019383430480957031
28722,normal,706,0,1782358702.8908234,0.0020706653594970703
28723,normal,1380,1,1782358702.8927505,0.0019271373748779297
28724,normal,2352,0,1782358702.8949351,0.002184629440307617
28725,normal,3459,0,1782358702.8966086,0.0016734600067138672
28726,normal,3108,1,1782358702.898921,0.0023124217987060547
28727,normal,752,0,1782358702.900795,0.0018739700317382812
28728,normal,25,0,1782358702.9026124,0.001817464828491211
28729,normal,155,0,1782358702.9049094,0.002296924591064453
28730,normal,2692,0,1782358702.9066281,0.001718759536743164
28731,normal,1905,0,1782358702.9088612,0.0022330284118652344
28732,normal,660,0,1782358702.9106464,0.0017852783203125
28733,normal,1672,0,1782358702.9129343,0.0022878646850585938
28734,normal,3202,1,1782358702.9146092,0.0016748905181884766
28735,normal,3492,0,1782358702.9169412,0.002331972122192383
28736,normal,2670,0,1782358702.918758,0.0018167495727539062
28737,normal,1399,0,1782358702.92071,0.0019521713256835938
28738,normal,1314,0,1782358702.9227502,0.0020401477813720703
28739,normal,1130,0,1782358702.9249375,0.0021872520446777344
28740,normal,654,0,1782358702.9272692,0.0023317337036132812
28741,normal,2832,0,1782358702.9289773,0.0017080307006835938
28742,normal,330,0,1782358702.930684,0.001706838607788086
28743,normal,244,0,1782358702.9326153,0.0019311904907226562
28744,normal,1557,0,1782358702.9348865,0.0022711753845214844
28745,normal,2668,0,1782358702.9367592,0.0018727779388427734
28746,normal,2887,0,1782358702.93879,0.0020308494567871094
28747,normal,3149,1,1782358702.9405801,0.0017900466918945312
28748,normal,1329,1,1782358702.9428687,0.0022885799407958984
28749,normal,1596,0,1782358702.9445775,0.0017087459564208984
28750,normal,3068,1,1782358702.9467754,0.0021979808807373047
28751,normal,1851,0,1782358702.9486547,0.0018792152404785156
28752,normal,1491,0,1782358702.950763,0.002108335494995117
28753,normal,2287,0,1782358702.9525635,0.001800537109375
28754,normal,1196,0,1782358702.9548397,0.002276182174682617
28755,normal,215,0,1782358702.9565644,0.0017247200012207031
28756,normal,2380,0,1782358702.958764,0.0021996498107910156
28757,normal,1064,0,1782358702.9606566,0.0018925666809082031
28758,normal,1057,0,1782358702.9627578,0.0021011829376220703
28759,normal,2970,0,1782358702.964569,0.0018112659454345703
28760,normal,712,0,1782358702.96678,0.002210855484008789
28761,normal,917,2,1782358702.968562,0.0017819404602050781
28762,normal,400,0,1782358702.970763,0.002201080322265625
28763,normal,3340,1,1782358702.9726799,0.0019168853759765625
28764,normal,1966,0,1782358702.9761252,0.0034453868865966797
28765,normal,2693,0,1782358702.9765599,0.00043463706970214844
28766,normal,509,0,1782358702.9787796,0.002219676971435547
28767,normal,1455,0,1782358702.9805624,0.0017828941345214844
28768,normal,512,0,1782358702.9827652,0.002202749252319336
28769,normal,130,0,1782358702.9846864,0.0019211769104003906
28770,normal,3236,1,1782358702.9867556,0.002069234848022461
28771,normal,883,2,1782358702.9885623,0.0018067359924316406
28772,normal,3039,0,1782358702.9907832,0.0022208690643310547
28773,normal,3600,0,1782358702.9925604,0.0017771720886230469
28774,normal,240,0,1782358702.9947622,0.0022017955780029297
28775,normal,407,0,1782358702.9966917,0.0019295215606689453
28776,normal,209,0,1782358702.9987571,0.002065420150756836
28777,normal,1781,0,1782358703.0005605,0.0018033981323242188
28778,normal,3435,0,1782358703.0027816,0.0022211074829101562
28779,normal,2968,0,1782358703.0045614,0.001779794692993164
28780,normal,1308,0,1782358703.0067632,0.0022017955780029297
28781,normal,2579,0,1782358703.0086966,0.0019333362579345703
28782,normal,876,2,1782358703.0107598,0.002063274383544922
28783,normal,3013,0,1782358703.0125608,0.0018010139465332031
28784,normal,108,0,1782358703.0147815,0.002220630645751953
28785,normal,3520,0,1782358703.016562,0.0017805099487304688
28786,normal,860,2,1782358703.0187721,0.0022101402282714844
28787,normal,2592,0,1782358703.0205824,0.001810312271118164
28788,normal,3650,0,1782358703.0227668,0.0021843910217285156
28789,normal,906,2,1782358703.0245616,0.0017948150634765625
28790,normal,151,0,1782358703.0267782,0.0022165775299072266
28791,normal,327,0,1782358703.0285656,0.001787424087524414
28792,normal,3001,0,1782358703.0307636,0.0021979808807373047
28793,normal,2717,0,1782358703.032585,0.001821279525756836
28794,normal,1727,0,1782358703.0347579,0.0021729469299316406
28795,normal,3521,0,1782358703.0365617,0.0018038749694824219
28796,normal,3516,0,1782358703.0387542,0.0021924972534179688
28797,normal,771,0,1782358703.0405686,0.0018143653869628906
28798,normal,1094,0,1782358703.042763,0.0021944046020507812
28799,normal,1741,0,1782358703.0445929,0.0018298625946044922
28800,normal,1086,0,1782358703.0467649,0.0021719932556152344
28801,normal,1532,0,1782358703.04856,0.001795053482055664
28802,normal,2315,0,1782358703.0507772,0.0022172927856445312
28803,normal,1776,0,1782358703.0525627,0.0017855167388916016
28804,normal,2746,0,1782358703.0548177,0.002254962921142578
28805,normal,1356,1,1782358703.0565882,0.0017704963684082031
28806,normal,1919,0,1782358703.0587678,0.0021796226501464844
28807,normal,1837,0,1782358703.0605621,0.0017943382263183594
28808,normal,230,0,1782358703.062778,0.002215862274169922
28809,normal,1472,0,1782358703.0645678,0.0017898082733154297
28810,normal,2656,0,1782358703.0667646,0.002196788787841797
28811,normal,797,2,1782358703.0685856,0.0018210411071777344
28812,normal,3121,1,1782358703.0707645,0.0021789073944091797
28813,normal,2103,0,1782358703.0725617,0.0017971992492675781
28814,normal,2182,0,1782358703.0747786,0.002216815948486328
28815,normal,1525,0,1782358703.0765617,0.001783132553100586
28816,normal,805,2,1782358703.0787766,0.0022149085998535156
28817,normal,1912,0,1782358703.0806074,0.0018308162689208984
28818,normal,2946,0,1782358703.0827668,0.0021593570709228516
28819,normal,1085,0,1782358703.0845613,0.001794576644897461
28820,normal,1011,2,1782358703.0867817,0.0022203922271728516
28821,normal,3364,1,1782358703.0885623,0.0017805099487304688
28822,normal,2786,0,1782358703.0907667,0.002204418182373047
28823,normal,821,2,1782358703.0926135,0.0018467903137207031
28824,normal,719,0,1782358703.094767,0.002153635025024414
28825,normal,86,0,1782358703.0965822,0.0018150806427001953
28826,normal,1489,0,1782358703.0987785,0.0021963119506835938
28827,normal,734,0,1782358703.100562,0.001783609390258789
28828,normal,321,0,1782358703.1027665,0.002204418182373047
28829,normal,651,0,1782358703.1046157,0.0018491744995117188
28830,normal,3042,0,1782358703.1067648,0.0021491050720214844
28831,normal,3425,0,1782358703.1085606,0.0017957687377929688
28832,normal,1485,0,1782358703.1107752,0.002214670181274414
28833,normal,3064,1,1782358703.1125767,0.0018014907836914062
28834,normal,2605,0,1782358703.1147652,0.002188444137573242
28835,normal,3690,0,1782358703.1166224,0.0018572807312011719
28836,normal,1322,1,1782358703.1187646,0.002142190933227539
28837,normal,812,2,1782358703.1205618,0.0017971992492675781
28838,normal,2413,0,1782358703.122775,0.0022132396697998047
28839,normal,3172,1,1782358703.1245632,0.0017881393432617188
28840,normal,3604,0,1782358703.1267583,0.002195119857788086
28841,normal,3387,1,1782358703.128627,0.0018687248229980469
28842,normal,1013,2,1782358703.130764,0.0021369457244873047
28843,normal,3268,1,1782358703.132561,0.0017969608306884766
28844,normal,87,0,1782358703.134776,0.002215147018432617
28845,normal,945,2,1782358703.1365616,0.0017855167388916016
28846,normal,1040,0,1782358703.1387584,0.002196788787841797
28847,normal,3554,0,1782358703.1406312,0.0018727779388427734
28848,normal,1882,0,1782358703.1427662,0.002135038375854492
28849,normal,368,0,1782358703.144561,0.0017948150634765625
28850,normal,3122,1,1782358703.1467865,0.0022253990173339844
28851,normal,1597,0,1782358703.148563,0.0017764568328857422
28852,normal,811,2,1782358703.1507642,0.0022013187408447266
28853,normal,3281,1,1782358703.1526368,0.0018725395202636719
28854,normal,2623,0,1782358703.154767,0.002130270004272461
28855,normal,353,0,1782358703.156562,0.001795053482055664
28856,normal,2753,0,1782358703.1587772,0.002215147018432617
28857,normal,2963,0,1782358703.1605637,0.0017864704132080078
28858,normal,829,2,1782358703.162763,0.002199411392211914
28859,normal,1171,0,1782358703.1646407,0.0018775463104248047
28860,normal,1603,0,1782358703.1667662,0.0021255016326904297
28861,normal,3709,0,1782358703.1685612,0.001795053482055664
28862,normal,2318,0,1782358703.170774,0.0022127628326416016
28863,normal,1443,0,1782358703.17256,0.0017859935760498047
28864,normal,2264,0,1782358703.1747627,0.002202749252319336
28865,normal,1250,0,1782358703.1765816,0.0018188953399658203
28866,normal,2309,0,1782358703.1787658,0.002184152603149414
28867,normal,3352,1,1782358703.180561,0.0017952919006347656
28868,normal,3440,0,1782358703.182782,0.0022208690643310547
28869,normal,3586,0,1782358703.1845617,0.001779794692993164
28870,normal,1272,0,1782358703.1867611,0.002199411392211914
28871,normal,2134,0,1782358703.1886523,0.0018911361694335938
28872,normal,1104,0,1782358703.1907842,0.002131938934326172
28873,normal,458,0,1782358703.1925602,0.001775979995727539
28874,normal,28,0,1782358703.1947763,0.0022161006927490234
28875,normal,2855,0,1782358703.1965616,0.0017852783203125
28876,normal,2363,0,1782358703.19876,0.002198457717895508
28877,normal,3171,1,1782358703.2006562,0.0018961429595947266
28878,normal,1054,0,1782358703.202754,0.0020978450775146484
28879,normal,1580,0,1782358703.204561,0.0018069744110107422
28880,normal,362,0,1782358703.206775,0.0022139549255371094
28881,normal,2920,0,1782358703.2085614,0.0017864704132080078
28882,normal,2837,0,1782358703.2107594,0.0021979808807373047
28883,normal,481,0,1782358703.2126796,0.0019202232360839844
28884,normal,61,0,1782358703.2147613,0.002081632614135742
28885,normal,2993,0,1782358703.2165613,0.0018000602722167969
28886,normal,3615,0,1782358703.2187734,0.002212047576904297
28887,normal,2694,0,1782358703.220564,0.0017905235290527344
28888,normal,751,0,1782358703.2227607,0.002196788787841797
28889,normal,913,2,1782358703.224685,0.001924276351928711
28890,normal,2962,0,1782358703.2267556,0.0020706653594970703
28891,normal,1062,0,1782358703.2285616,0.001806020736694336
28892,normal,3242,1,1782358703.2307765,0.0022149085998535156
28893,normal,1991,0,1782358703.232586,0.0018093585968017578
28894,normal,2798,0,1782358703.2347627,0.0021767616271972656
28895,normal,1462,0,1782358703.236588,0.0018253326416015625
28896,normal,3365,1,1782358703.2387657,0.002177715301513672
28897,normal,904,2,1782358703.2405667,0.0018010139465332031
28898,normal,576,0,1782358703.2427764,0.0022096633911132812
28899,normal,217,0,1782358703.2445595,0.001783132553100586
28900,normal,1959,0,1782358703.2465627,0.002003192901611328
28901,normal,1640,0,1782358703.248779,0.002216339111328125
28902,normal,1404,0,1782358703.2505627,0.001783609390258789
28903,normal,3317,1,1782358703.2527626,0.002199888229370117
28904,normal,1890,0,1782358703.2545815,0.0018188953399658203
28905,normal,14,0,1782358703.256767,0.0021855831146240234
28906,normal,2921,0,1782358703.2585607,0.0017936229705810547
28907,normal,3146,1,1782358703.2607787,0.002218008041381836
28908,normal,1337,1,1782358703.2625613,0.0017826557159423828
28909,normal,3101,1,1782358703.264787,0.002225637435913086
28910,normal,583,0,1782358703.2665849,0.0017979145050048828
28911,normal,2338,0,1782358703.268768,0.002183198928833008
28912,normal,1416,0,1782358703.2705681,0.0018000602722167969
28913,normal,636,0,1782358703.2727761,0.0022079944610595703
28914,normal,2125,0,1782358703.2745655,0.0017893314361572266
28915,normal,2266,0,1782358703.2767627,0.002197265625
28916,normal,3178,1,1782358703.27859,0.001827239990234375
28917,normal,2121,0,1782358703.280767,0.002177000045776367
28918,normal,100,0,1782358703.2825654,0.001798391342163086
28919,normal,520,0,1782358703.2847822,0.002216815948486328
28920,normal,3174,1,1782358703.2865632,0.0017809867858886719
28921,normal,2573,0,1782358703.28876,0.002196788787841797
28922,normal,2298,0,1782358703.2905948,0.001834869384765625
28923,normal,3195,1,1782358703.2927668,0.0021719932556152344
28924,normal,690,0,1782358703.294562,0.0017952919006347656
28925,normal,2890,0,1782358703.2967768,0.002214670181274414
28926,normal,2195,0,1782358703.298562,0.0017852783203125
28927,normal,1812,0,1782358703.3007643,0.002202272415161133
28928,normal,443,0,1782358703.3025994,0.0018351078033447266
28929,normal,2163,0,1782358703.3047645,0.002165079116821289
28930,normal,1417,0,1782358703.306582,0.001817464828491211
28931,normal,2617,0,1782358703.308779,0.0021970272064208984
28932,normal,2436,0,1782358703.3105626,0.001783609390258789
28933,normal,976,2,1782358703.3127766,0.0022139549255371094
28934,normal,175,0,1782358703.3146033,0.0018267631530761719
28935,normal,3218,1,1782358703.3167708,0.0021674633026123047
28936,normal,3308,1,1782358703.3185616,0.001790761947631836
28937,normal,1545,0,1782358703.3207767,0.002215147018432617
28938,normal,1804,0,1782358703.3225765,0.0017998218536376953
28939,normal,2675,0,1782358703.3246148,0.002038240432739258
28940,normal,1065,0,1782358703.3269258,0.0023109912872314453
28941,normal,2780,0,1782358703.3286119,0.00168609619140625
28942,normal,1158,0,1782358703.330935,0.002323150634765625
28943,normal,2551,0,1782358703.3326914,0.001756429672241211
28944,normal,2301,0,1782358703.334788,0.0020966529846191406
28945,normal,2321,0,1782358703.3366268,0.00183868408203125
28946,normal,1156,0,1782358703.3387623,0.0021355152130126953
28947,normal,3286,1,1782358703.340602,0.0018396377563476562
28948,normal,1927,0,1782358703.3427682,0.002166271209716797
28949,normal,214,0,1782358703.344603,0.001834869384765625
28950,normal,1466,0,1782358703.3467689,0.0021657943725585938
28951,normal,3362,1,1782358703.3488157,0.002046823501586914
28952,normal,2467,0,1782358703.3505626,0.0017468929290771484
28953,normal,3194,1,1782358703.352777,0.0022144317626953125
28954,normal,84,0,1782358703.3545954,0.0018184185028076172
28955,normal,3005,0,1782358703.3567636,0.0021681785583496094
28956,normal,1294,0,1782358703.3586032,0.0018396377563476562
28957,normal,2090,0,1782358703.3607655,0.0021622180938720703
28958,normal,3201,1,1782358703.3626015,0.0018360614776611328
28959,normal,1493,0,1782358703.3647687,0.002167224884033203
28960,normal,1587,0,1782358703.3665974,0.0018286705017089844
28961,normal,1893,0,1782358703.3687632,0.0021657943725585938
28962,normal,41,0,1782358703.3706014,0.0018382072448730469
28963,normal,2553,0,1782358703.3727646,0.0021631717681884766
28964,normal,1144,0,1782358703.3745992,0.0018346309661865234
28965,normal,1402,0,1782358703.3767695,0.0021703243255615234
28966,normal,1782,0,1782358703.3785985,0.001828908920288086
28967,normal,1461,0,1782358703.3807626,0.002164125442504883
28968,normal,3084,1,1782358703.3825994,0.0018367767333984375
28969,normal,3237,1,1782358703.3847659,0.0021665096282958984
28970,normal,2782,0,1782358703.3865983,0.0018324851989746094
28971,normal,1826,0,1782358703.3887708,0.0021724700927734375
28972,normal,3148,1,1782358703.3905623,0.0017914772033691406
28973,normal,975,2,1782358703.392755,0.0021927356719970703
28974,normal,900,2,1782358703.3945644,0.0018093585968017578
28975,normal,3591,0,1782358703.3967652,0.0022008419036865234
28976,normal,1340,1,1782358703.3986883,0.0019230842590332031
28977,normal,1361,1,1782358703.400784,0.0020956993103027344
28978,normal,146,0,1782358703.4026003,0.0018162727355957031
28979,normal,2556,0,1782358703.404764,0.0021636486053466797
28980,normal,2949,0,1782358703.4065962,0.0018322467803955078
28981,normal,1189,0,1782358703.4087915,0.0021953582763671875
28982,normal,360,0,1782358703.4106443,0.0018527507781982422
28983,normal,245,0,1782358703.412796,0.0021517276763916016
28984,normal,3376,1,1782358703.4145987,0.001802682876586914
28985,normal,1992,0,1782358703.416761,0.0021622180938720703
28986,normal,3692,0,1782358703.4185936,0.001832723617553711
28987,normal,2302,0,1782358703.4208353,0.0022416114807128906
28988,normal,2743,0,1782358703.42265,0.0018148422241210938
28989,normal,642,0,1782358703.4248137,0.0021636486053466797
28990,normal,1749,0,1782358703.4265704,0.0017566680908203125
28991,normal,3301,1,1782358703.4287674,0.0021970272064208984
28992,normal,2750,0,1782358703.4305642,0.001796722412109375
28993,normal,2794,0,1782358703.4327905,0.0022263526916503906
28994,normal,721,0,1782358703.4346557,0.0018651485443115234
28995,normal,1950,0,1782358703.4367723,0.002116680145263672
28996,normal,1879,0,1782358703.4385645,0.0017921924591064453
28997,normal,3142,1,1782358703.440771,0.002206563949584961
28998,normal,1463,0,1782358703.4425628,0.0017917156219482422
28999,normal,3274,1,1782358703.4447582,0.0021953582763671875
29000,normal,939,2,1782358703.4465618,0.0018036365509033203
29001,normal,3188,1,1782358703.4487574,0.002195596694946289
29002,normal,2916,0,1782358703.4505627,0.0018053054809570312
29003,normal,331,0,1782358703.4527602,0.0021975040435791016
29004,normal,3232,1,1782358703.454601,0.001840829849243164
29005,normal,703,0,1782358703.4565964,0.0019953250885009766
29006,normal,970,2,1782358703.4587543,0.002157926559448242
29007,normal,2425,0,1782358703.4605982,0.0018439292907714844
29008,normal,1317,0,1782358703.4627786,0.002180337905883789
29009,normal,1262,0,1782358703.4645681,0.0017895698547363281
29010,normal,195,0,1782358703.4668026,0.0022344589233398438
29011,normal,446,0,1782358703.4686353,0.001832723617553711
29012,normal,2442,0,1782358703.470762,0.0021266937255859375
29013,normal,2367,0,1782358703.4725964,0.0018343925476074219
29014,normal,32,0,1782358703.474768,0.0021715164184570312
29015,normal,106,0,1782358703.476575,0.0018069744110107422
29016,normal,962,2,1782358703.4787896,0.002214670181274414
29017,normal,2472,0,1782358703.4805932,0.0018036365509033203
29018,normal,2368,0,1782358703.48276,0.002166748046875
29019,normal,1543,0,1782358703.4845965,0.001836538314819336
29020,normal,2696,0,1782358703.4867668,0.0021703243255615234
29021,normal,3694,0,1782358703.4885974,0.0018305778503417969
29022,normal,1907,0,1782358703.4907696,0.002172231674194336
29023,normal,546,0,1782358703.4925983,0.0018286705017089844
29024,normal,2977,0,1782358703.4947588,0.0021605491638183594
29025,normal,1042,0,1782358703.4965951,0.0018362998962402344
29026,normal,3553,0,1782358703.49877,0.002174854278564453
29027,normal,2702,0,1782358703.5005825,0.0018124580383300781
29028,normal,2456,0,1782358703.5027914,0.0022089481353759766
29029,normal,69,0,1782358703.5045984,0.0018069744110107422
29030,normal,2580,0,1782358703.5067594,0.0021610260009765625
29031,normal,2582,0,1782358703.5086005,0.0018410682678222656
29032,normal,553,0,1782358703.5107663,0.0021657943725585938
29033,normal,909,2,1782358703.5125916,0.0018253326416015625
29034,normal,3546,0,1782358703.514767,0.0021753311157226562
29035,normal,1021,2,1782358703.5165792,0.0018122196197509766
29036,normal,769,0,1782358703.5187607,0.002181529998779297
29037,normal,2339,0,1782358703.520599,0.0018382072448730469
29038,normal,196,0,1782358703.522772,0.002173185348510742
29039,normal,1506,0,1782358703.5245962,0.0018241405487060547
29040,normal,3452,0,1782358703.526791,0.0021948814392089844
29041,normal,2879,0,1782358703.5285985,0.0018074512481689453
29042,normal,2001,0,1782358703.5307612,0.0021626949310302734
29043,normal,661,0,1782358703.5325935,0.0018322467803955078
29044,normal,344,0,1782358703.5347629,0.002169370651245117
29045,normal,2193,0,1782358703.5365965,0.0018336772918701172
29046,normal,3534,0,1782358703.5387678,0.0021712779998779297
29047,normal,424,0,1782358703.5405827,0.0018148422241210938
29048,normal,113,0,1782358703.5427616,0.0021789073944091797
29049,normal,3473,0,1782358703.5445957,0.0018341541290283203
29050,normal,2359,0,1782358703.5467737,0.0021779537200927734
29051,normal,1324,1,1782358703.5486023,0.0018286705017089844
29052,normal,2143,0,1782358703.550793,0.0021905899047851562
29053,normal,988,2,1782358703.5525973,0.001804351806640625
29054,normal,950,2,1782358703.5547597,0.002162456512451172
29055,normal,1247,0,1782358703.5565982,0.0018384456634521484
29056,normal,1383,0,1782358703.5587635,0.0021653175354003906
29057,normal,2064,0,1782358703.5605953,0.0018317699432373047
29058,normal,1227,0,1782358703.562768,0.002172708511352539
29059,normal,2480,0,1782358703.5645776,0.0018095970153808594
29060,normal,3624,0,1782358703.5667675,0.0021898746490478516
29061,normal,828,2,1782358703.5685782,0.0018107891082763672
29062,normal,3259,1,1782358703.570775,0.002196788787841797
29063,normal,2680,0,1782358703.5726125,0.0018374919891357422
29064,normal,460,0,1782358703.574791,0.0021784305572509766
29065,normal,3441,0,1782358703.576596,0.0018050670623779297
29066,normal,1355,1,1782358703.578758,0.0021619796752929688
29067,normal,1577,0,1782358703.580597,0.0018389225006103516
29068,normal,1100,0,1782358703.5827994,0.0022025108337402344
29069,normal,162,0,1782358703.5846167,0.0018172264099121094
29070,normal,1470,0,1782358703.5867941,0.0021774768829345703
29071,normal,2322,0,1782358703.5885959,0.0018017292022705078
29072,normal,1739,0,1782358703.5907574,0.0021615028381347656
29073,normal,2983,0,1782358703.5925963,0.0018389225006103516
29074,normal,2540,0,1782358703.594773,0.0021767616271972656
29075,normal,2067,0,1782358703.5966222,0.0018491744995117188
29076,normal,1967,0,1782358703.5987744,0.0021522045135498047
29077,normal,1999,0,1782358703.6005986,0.0018241405487060547
29078,normal,778,2,1782358703.6027982,0.0021996498107910156
29079,normal,349,0,1782358703.6045651,0.0017669200897216797
29080,normal,60,0,1782358703.606774,0.0022089481353759766
29081,normal,2417,0,1782358703.6086278,0.0018537044525146484
29082,normal,1068,0,1782358703.6107898,0.0021619796752929688
29083,normal,357,0,1782358703.6125958,0.001806020736694336
29084,normal,923,2,1782358703.6147616,0.0021657943725585938
29085,normal,2330,0,1782358703.616597,0.0018353462219238281
29086,normal,1794,0,1782358703.6187754,0.0021784305572509766
29087,normal,609,0,1782358703.620633,0.0018575191497802734
29088,normal,2893,0,1782358703.62279,0.0021572113037109375
29089,normal,2445,0,1782358703.624597,0.0018069744110107422
29090,normal,736,0,1782358703.6267598,0.0021626949310302734
29091,normal,1937,0,1782358703.6285946,0.001834869384765625
29092,normal,348,0,1782358703.6307628,0.0021681785583496094
29093,normal,2362,0,1782358703.6325638,0.0018010139465332031
29094,normal,1972,0,1782358703.6347942,0.002230405807495117
29095,normal,2602,0,1782358703.6365988,0.0018045902252197266
29096,normal,1246,0,1782358703.6387613,0.002162456512451172
29097,normal,1426,0,1782358703.6405973,0.0018360614776611328
29098,normal,1476,0,1782358703.642801,0.002203702926635742
29099,normal,2677,0,1782358703.6446416,0.0018405914306640625
29100,normal,76,0,1782358703.6467898,0.002148151397705078
29101,normal,3360,1,1782358703.6485972,0.0018074512481689453
29102,normal,3078,1,1782358703.650759,0.002161741256713867
29103,normal,3523,0,1782358703.6526067,0.0018477439880371094
29104,normal,2619,0,1782358703.6547863,0.0021796226501464844
29105,normal,2283,0,1782358703.6565752,0.0017888545989990234
29106,normal,823,2,1782358703.65877,0.0021948814392089844
29107,normal,2699,0,1782358703.6605937,0.0018236637115478516
29108,normal,1573,0,1782358703.6627634,0.0021696090698242188
29109,normal,441,0,1782358703.6646001,0.0018367767333984375
29110,normal,3658,0,1782358703.6668084,0.002208232879638672
29111,normal,1124,0,1782358703.6685715,0.0017631053924560547
29112,normal,2279,0,1782358703.6707764,0.00220489501953125
29113,normal,2994,0,1782358703.672602,0.001825571060180664
29114,normal,505,0,1782358703.6748452,0.0022432804107666016
29115,normal,202,0,1782358703.6766,0.0017547607421875
29116,normal,2924,0,1782358703.6787965,0.0021965503692626953
29117,normal,1037,0,1782358703.680679,0.0018825531005859375
29118,normal,1444,0,1782358703.6827877,0.0021085739135742188
29119,normal,2563,0,1782358703.6845672,0.0017795562744140625
29120,normal,165,0,1782358703.6868117,0.0022444725036621094
29121,normal,3395,1,1782358703.6885643,0.001752614974975586
29122,normal,392,0,1782358703.6909435,0.002379179000854492
29123,normal,1648,0,1782358703.6927755,0.0018320083618164062
29124,normal,525,0,1782358703.6946127,0.0018372535705566406
29125,normal,3410,0,1782358703.6969252,0.0023124217987060547
29126,normal,3043,0,1782358703.6987972,0.0018720626831054688
29127,normal,2002,0,1782358703.7008424,0.002045154571533203
29128,normal,2257,0,1782358703.7026238,0.001781463623046875
29129,normal,1482,0,1782358703.7049162,0.0022923946380615234
29130,normal,3320,1,1782358703.7065692,0.0016529560089111328
29131,normal,1425,0,1782358703.708873,0.0023038387298583984
29132,normal,3027,0,1782358703.7106931,0.0018200874328613281
29133,normal,73,0,1782358703.7127874,0.002094268798828125
29134,normal,2242,0,1782358703.7146268,0.0018393993377685547
29135,normal,756,0,1782358703.7168198,0.002192974090576172
29136,normal,2632,0,1782358703.718598,0.0017781257629394531
29137,normal,772,2,1782358703.7208335,0.0022356510162353516
29138,normal,1339,1,1782358703.7227042,0.0018706321716308594
29139,normal,558,0,1782358703.724787,0.00208282470703125
29140,normal,1806,0,1782358703.7265987,0.0018117427825927734
29141,normal,1546,0,1782358703.7287662,0.0021674633026123047
29142,normal,2313,0,1782358703.7306004,0.0018341541290283203
29143,normal,1069,0,1782358703.7327826,0.0021822452545166016
29144,normal,2371,0,1782358703.7345839,0.0018012523651123047
29145,normal,1298,0,1782358703.7367911,0.0022072792053222656
29146,normal,2781,0,1782358703.7385995,0.0018084049224853516
29147,normal,2055,0,1782358703.7407625,0.002162933349609375
29148,normal,3266,1,1782358703.7425754,0.0018129348754882812
29149,normal,1737,0,1782358703.7445993,0.002023935317993164
29150,normal,1676,0,1782358703.7467654,0.0021660327911376953
29151,normal,925,2,1782358703.7485983,0.0018329620361328125
29152,normal,2222,0,1782358703.75078,0.0021817684173583984
29153,normal,2189,0,1782358703.7525926,0.0018124580383300781
29154,normal,3103,1,1782358703.7547894,0.002196788787841797
29155,normal,1481,0,1782358703.7565958,0.001806497573852539
29156,normal,3155,1,1782358703.7587655,0.0021696090698242188
29157,normal,416,0,1782358703.7605996,0.0018341541290283203
29158,normal,1398,0,1782358703.7627766,0.002177000045776367
29159,normal,2058,0,1782358703.764597,0.0018203258514404297
29160,normal,3559,0,1782358703.7668014,0.002204418182373047
29161,normal,502,0,1782358703.768611,0.0018095970153808594
29162,normal,163,0,1782358703.7707653,0.0021543502807617188
29163,normal,308,0,1782358703.7725976,0.0018322467803955078
29164,normal,2688,0,1782358703.774779,0.002181529998779297
29165,normal,1733,0,1782358703.776563,0.0017838478088378906
29166,normal,908,2,1782358703.778795,0.002232074737548828
29167,normal,126,0,1782358703.7806003,0.0018053054809570312
29168,normal,129,0,1782358703.7827642,0.0021638870239257812
29169,normal,2587,0,1782358703.7845955,0.0018312931060791016
29170,normal,2180,0,1782358703.7867823,0.0021867752075195312
29171,normal,3112,1,1782358703.7886045,0.0018222332000732422
29172,normal,197,0,1782358703.7905998,0.0019953250885009766
29173,normal,2839,0,1782358703.7927883,0.002188444137573242
29174,normal,1873,0,1782358703.794608,0.0018198490142822266
29175,normal,2880,0,1782358703.7968156,0.002207517623901367
29176,normal,2191,0,1782358703.798596,0.0017802715301513672
29177,normal,3467,0,1782358703.8007634,0.0021674633026123047
29178,normal,2858,0,1782358703.8026001,0.0018367767333984375
29179,normal,307,0,1782358703.8047812,0.0021810531616210938
29180,normal,1045,0,1782358703.806613,0.0018317699432373047
29181,normal,3269,1,1782358703.8087974,0.0021843910217285156
29182,normal,2270,0,1782358703.8105977,0.0018002986907958984
29183,normal,3496,0,1782358703.8127658,0.0021681785583496094
29184,normal,1478,0,1782358703.814598,0.0018322467803955078
29185,normal,795,2,1782358703.816779,0.002180814743041992
29186,normal,1799,0,1782358703.818618,0.0018391609191894531
29187,normal,3304,1,1782358703.8207974,0.002179384231567383
29188,normal,1668,0,1782358703.8225977,0.0018002986907958984
29189,normal,1985,0,1782358703.8247626,0.0021648406982421875
29190,normal,2176,0,1782358703.826598,0.0018353462219238281
29191,normal,1334,1,1782358703.8287823,0.0021843910217285156
29192,normal,1650,0,1782358703.8306491,0.0018668174743652344
29193,normal,2995,0,1782358703.8327978,0.0021486282348632812
29194,normal,3472,0,1782358703.8345768,0.0017790794372558594
29195,normal,3379,1,1782358703.8367631,0.002186298370361328
29196,normal,1963,0,1782358703.8385963,0.001833200454711914
29197,normal,2091,0,1782358703.8407784,0.0021820068359375
29198,normal,996,2,1782358703.8426292,0.0018508434295654297
29199,normal,72,0,1782358703.8447993,0.002170085906982422
29200,normal,3140,1,1782358703.8465967,0.0017974376678466797
29201,normal,2337,0,1782358703.8487635,0.002166748046875
29202,normal,2635,0,1782358703.850601,0.0018374919891357422
29203,normal,1565,0,1782358703.8527856,0.002184629440307617
29204,normal,1363,1,1782358703.8546321,0.0018465518951416016
29205,normal,1834,0,1782358703.8567965,0.0021643638610839844
29206,normal,2767,0,1782358703.8585994,0.0018029212951660156
29207,normal,3290,1,1782358703.8607671,0.0021677017211914062
29208,normal,3478,0,1782358703.8625844,0.0018172264099121094
29209,normal,3277,1,1782358703.8647723,0.002187967300415039
29210,normal,322,0,1782358703.8666186,0.0018463134765625
29211,normal,911,2,1782358703.86906,0.00244140625
29212,normal,2952,0,1782358703.8708053,0.0017452239990234375
29213,normal,11,0,1782358703.8727741,0.001968860626220703
29214,normal,3335,1,1782358703.8750277,0.0022535324096679688
29215,normal,878,2,1782358703.8765578,0.0015301704406738281
29216,normal,3094,1,1782358703.878793,0.0022351741790771484
29217,normal,3508,0,1782358703.8805513,0.0017583370208740234
29218,normal,3388,1,1782358703.8825984,0.0020470619201660156
29219,normal,3272,1,1782358703.884564,0.0019655227661132812
29220,normal,2493,0,1782358703.8865168,0.0019528865814208984
29221,normal,1665,0,1782358703.888575,0.002058267593383789
29222,normal,1187,0,1782358703.890945,0.0023698806762695312
29223,normal,2202,0,1782358703.892815,0.0018701553344726562
29224,normal,3191,1,1782358703.8946328,0.0018177032470703125
29225,normal,2547,0,1782358703.8965752,0.0019423961639404297
29226,normal,554,0,1782358703.898761,0.002185821533203125
29227,normal,2414,0,1782358703.9005952,0.0018341541290283203
29228,normal,2681,0,1782358703.9027345,0.0021393299102783203
29229,normal,3466,0,1782358703.9047017,0.001967191696166992
29230,normal,3226,1,1782358703.9068134,0.002111673355102539
29231,normal,1302,0,1782358703.9086916,0.0018782615661621094
29232,normal,749,0,1782358703.9108043,0.0021126270294189453
29233,normal,341,0,1782358703.9126894,0.0018851757049560547
29234,normal,3561,0,1782358703.9148102,0.0021207332611083984
29235,normal,3069,1,1782358703.9166787,0.0018684864044189453
29236,normal,2698,0,1782358703.9187415,0.0020627975463867188
29237,normal,293,0,1782358703.9207997,0.002058267593383789
29238,normal,3138,1,1782358703.9226997,0.0018999576568603516
29239,normal,804,2,1782358703.9247966,0.002096891403198242
29240,normal,1997,0,1782358703.926685,0.0018885135650634766
29241,normal,550,0,1782358703.9287934,0.002108335494995117
29242,normal,3185,1,1782358703.930696,0.0019025802612304688
29243,normal,2603,0,1782358703.932801,0.0021049976348876953
29244,normal,1887,0,1782358703.9347281,0.0019271373748779297
29245,normal,1711,0,1782358703.9366026,0.0018744468688964844
29246,normal,2809,0,1782358703.9387996,0.0021970272064208984
29247,normal,419,0,1782358703.9407446,0.0019450187683105469
29248,normal,211,0,1782358703.942691,0.0019464492797851562
29249,normal,1918,0,1782358703.9448001,0.002109050750732422
29250,normal,2801,0,1782358703.9467459,0.0019457340240478516
29251,normal,2085,0,1782358703.9486997,0.0019538402557373047
29252,normal,2772,0,1782358703.9508066,0.002106904983520508
29253,normal,2207,0,1782358703.952688,0.0018813610076904297
29254,normal,3653,0,1782358703.9547868,0.0020987987518310547
29255,normal,3132,1,1782358703.9568799,0.002093076705932617
29256,normal,3447,0,1782358703.959043,0.0021631717681884766
29257,normal,2707,0,1782358703.961742,0.0026988983154296875
29258,normal,936,2,1782358703.9625263,0.0007843971252441406
29259,normal,3165,1,1782358703.9646916,0.0021653175354003906
29260,normal,578,0,1782358703.9665663,0.001874685287475586
29261,normal,18,0,1782358703.9686968,0.0021305084228515625
29262,normal,990,2,1782358703.9705493,0.0018525123596191406
29263,normal,88,0,1782358703.9727054,0.0021560192108154297
29264,normal,1230,0,1782358703.9747455,0.0020401477813720703
29265,normal,3136,1,1782358703.976654,0.0019085407257080078
29266,normal,2482,0,1782358703.9786294,0.0019752979278564453
29267,normal,285,0,1782358703.9806402,0.002010822296142578
29268,normal,2861,0,1782358703.9826026,0.001962423324584961
29269,normal,1784,0,1782358703.9847567,0.002154111862182617
29270,normal,1003,2,1782358703.9866564,0.00189971923828125
29271,normal,3243,1,1782358703.988572,0.0019154548645019531
29272,normal,2712,0,1782358703.9906495,0.0020775794982910156
29273,normal,1886,0,1782358703.992687,0.002037525177001953
29274,normal,2304,0,1782358703.99455,0.0018630027770996094
29275,normal,1979,0,1782358703.9966564,0.0021064281463623047
29276,normal,2265,0,1782358703.998658,0.002001523971557617
29277,normal,1218,0,1782358704.0005574,0.0018994808197021484
29278,normal,1249,0,1782358704.002691,0.002133607864379883
29279,normal,1072,0,1782358704.0046961,0.0020051002502441406
29280,normal,2752,0,1782358704.006651,0.001954793930053711
29281,normal,1901,0,1782358704.0085511,0.0019001960754394531
29282,normal,2607,0,1782358704.0106528,0.0021016597747802734
29283,normal,370,0,1782358704.0125403,0.0018875598907470703
29284,normal,1561,0,1782358704.0146477,0.002107381820678711
29285,normal,2364,0,1782358704.016654,0.0020062923431396484
29286,normal,1475,0,1782358704.0185702,0.0019161701202392578
29287,normal,2514,0,1782358704.0206087,0.0020384788513183594
29288,normal,67,0,1782358704.0227666,0.002157926559448242
29289,normal,1239,0,1782358704.0248184,0.002051830291748047
29290,normal,2409,0,1782358704.0265791,0.001760721206665039
29291,normal,3330,1,1782358704.028695,0.002115964889526367
29292,normal,136,0,1782358704.030563,0.0018680095672607422
29293,normal,632,0,1782358704.032706,0.0021429061889648438
29294,normal,2066,0,1782358704.034689,0.0019829273223876953
29295,normal,492,0,1782358704.0365555,0.0018665790557861328
29296,normal,2778,0,1782358704.0386481,0.002092599868774414
29297,normal,2062,0,1782358704.0407972,0.0021491050720214844
29298,normal,2447,0,1782358704.0425925,0.0017952919006347656
29299,normal,3541,0,1782358704.0447564,0.0021638870239257812
29300,normal,1306,0,1782358704.0467064,0.0019500255584716797
29301,normal,430,0,1782358704.04883,0.002123594284057617
29302,normal,1080,0,1782358704.0505788,0.001748800277709961
29303,normal,2081,0,1782358704.0528631,0.0022842884063720703
29304,normal,3562,0,1782358704.0546389,0.0017757415771484375
29305,normal,1223,0,1782358704.0565436,0.0019047260284423828
29306,normal,3299,1,1782358704.0586393,0.0020956993103027344
29307,normal,2877,0,1782358704.0605395,0.0019001960754394531
29308,normal,1483,0,1782358704.062826,0.0022864341735839844
29309,normal,1066,0,1782358704.064522,0.0016961097717285156
29310,normal,2927,0,1782358704.0666265,0.002104520797729492
29311,normal,2340,0,1782358704.0685253,0.0018987655639648438
29312,normal,2303,0,1782358704.0709662,0.002440929412841797
29313,normal,397,0,1782358704.072792,0.0018258094787597656
29314,normal,2507,0,1782358704.0748582,0.0020661354064941406
29315,normal,2060,0,1782358704.0769544,0.0020961761474609375
29316,normal,189,0,1782358704.0785751,0.0016207695007324219
29317,normal,854,2,1782358704.0807686,0.002193450927734375
29318,normal,1621,0,1782358704.0826576,0.0018889904022216797
29319,normal,1932,0,1782358704.0846975,0.0020399093627929688
29320,normal,3647,0,1782358704.0868213,0.0021238327026367188
29321,normal,1906,0,1782358704.0886762,0.0018548965454101562
29322,normal,793,2,1782358704.0907385,0.0020623207092285156
29323,normal,3577,0,1782358704.0926356,0.0018970966339111328
29324,normal,2739,0,1782358704.0947714,0.002135753631591797
29325,normal,2273,0,1782358704.0967321,0.00196075439453125
29326,normal,3145,1,1782358704.0986447,0.0019125938415527344
29327,normal,820,2,1782358704.1007864,0.002141714096069336
29328,normal,1441,0,1782358704.1026196,0.001833200454711914
29329,normal,1347,1,1782358704.1047788,0.00215911865234375
29330,normal,361,0,1782358704.1070325,0.0022537708282470703
29331,normal,3060,1,1782358704.1088326,0.0018000602722167969
29332,normal,2431,0,1782358704.1108541,0.0020215511322021484
29333,normal,2561,0,1782358704.112832,0.0019779205322265625
29334,normal,1031,0,1782358704.1148174,0.001985311508178711
29335,normal,21,0,1782358704.1166558,0.0018384456634521484
29336,normal,633,0,1782358704.1187718,0.002115964889526367
29337,normal,3234,1,1782358704.1208327,0.0020608901977539062
29338,normal,1589,0,1782358704.1227171,0.00188446044921875
29339,normal,2852,0,1782358704.1249244,0.0022072792053222656
29340,normal,2966,0,1782358704.1268904,0.0019659996032714844
29341,normal,966,2,1782358704.1286778,0.001787424087524414
29342,normal,1345,1,1782358704.1307678,0.002089977264404297
29343,normal,1190,0,1782358704.1330473,0.002279520034790039
29344,normal,373,0,1782358704.135049,0.0020017623901367188
29345,normal,3620,0,1782358704.1366136,0.0015645027160644531
29346,normal,1974,0,1782358704.138749,0.0021352767944335938
29347,normal,8,0,1782358704.1406727,0.0019237995147705078
29348,normal,1352,1,1782358704.1427824,0.0021097660064697266
29349,normal,1744,0,1782358704.1447167,0.0019342899322509766
29350,normal,3176,1,1782358704.1465707,0.00185394287109375
29351,normal,0,0,1782358704.1487763,0.0022056102752685547
29352,normal,3661,0,1782358704.1507576,0.0019812583923339844
29353,normal,2513,0,1782358704.15268,0.0019223690032958984
29354,normal,275,0,1782358704.1548615,0.002181529998779297
29355,normal,2393,0,1782358704.1566312,0.0017697811126708984
29356,normal,238,0,1782358704.1588206,0.0021893978118896484
29357,normal,1551,0,1782358704.1607232,0.0019025802612304688
29358,normal,1365,1,1782358704.1628015,0.0020782947540283203
29359,normal,2679,0,1782358704.16468,0.001878499984741211
29360,normal,498,0,1782358704.1667624,0.002082347869873047
29361,normal,1128,0,1782358704.1686518,0.0018894672393798828
29362,normal,2111,0,1782358704.1707776,0.0021257400512695312
29363,normal,3057,1,1782358704.1726508,0.0018732547760009766
29364,normal,2376,0,1782358704.1747723,0.002121448516845703
29365,normal,467,0,1782358704.1766825,0.0019102096557617188
29366,normal,1679,0,1782358704.1787782,0.0020956993103027344
29367,normal,889,2,1782358704.1805902,0.001811981201171875
29368,normal,816,2,1782358704.1828787,0.0022885799407958984
29369,normal,1777,0,1782358704.1846561,0.0017774105072021484
29370,normal,1713,0,1782358704.1867535,0.0020973682403564453
29371,normal,2492,0,1782358704.1886394,0.0018858909606933594
29372,normal,1275,0,1782358704.1907547,0.0021152496337890625
29373,normal,1279,0,1782358704.1926374,0.001882791519165039
29374,normal,2349,0,1782358704.1948192,0.0021817684173583984
29375,normal,524,0,1782358704.1967263,0.0019071102142333984
29376,normal,1951,0,1782358704.1988056,0.0020792484283447266
29377,normal,2236,0,1782358704.200717,0.0019114017486572266
29378,normal,332,0,1782358704.2027874,0.0020704269409179688
29379,normal,2741,0,1782358704.2046819,0.0018944740295410156
29380,normal,1700,0,1782358704.2067919,0.002110004425048828
29381,normal,725,0,1782358704.208655,0.001863241195678711
29382,normal,1143,0,1782358704.210711,0.0020558834075927734
29383,normal,995,2,1782358704.2125573,0.0018463134765625
29384,normal,3677,0,1782358704.214907,0.0023496150970458984
29385,normal,2848,0,1782358704.216636,0.0017290115356445312
29386,normal,2357,0,1782358704.2188454,0.0022094249725341797
29387,normal,379,0,1782358704.22082,0.0019745826721191406
29388,normal,1555,0,1782358704.2228153,0.0019953250885009766
29389,normal,3394,1,1782358704.2248378,0.0020225048065185547
29390,normal,2610,0,1782358704.226876,0.002038240432739258
29391,normal,411,0,1782358704.228741,0.0018649101257324219
29392,normal,954,2,1782358704.2306304,0.0018894672393798828
29393,normal,2528,0,1782358704.2327366,0.002106189727783203
29394,normal,2148,0,1782358704.2346272,0.0018906593322753906
29395,normal,1655,0,1782358704.2369092,0.0022819042205810547
29396,normal,3531,0,1782358704.2386298,0.0017206668853759766
29397,normal,2004,0,1782358704.240736,0.002106189727783203
29398,normal,1920,0,1782358704.2426262,0.0018901824951171875
29399,normal,2788,0,1782358704.2447407,0.002114534378051758
29400,normal,3087,1,1782358704.246826,0.0020852088928222656
29401,normal,292,0,1782358704.2487874,0.0019614696502685547
29402,normal,105,0,1782358704.2508218,0.002034425735473633
29403,normal,2335,0,1782358704.2528474,0.002025604248046875
29404,normal,2971,0,1782358704.2545812,0.0017337799072265625
29405,normal,2065,0,1782358704.256765,0.002183675765991211
29406,normal,1364,1,1782358704.2586555,0.0018906593322753906
29407,normal,2932,0,1782358704.2607799,0.002124309539794922
29408,normal,1121,0,1782358704.2629402,0.002160310745239258
29409,normal,1280,0,1782358704.264568,0.0016279220581054688
29410,normal,714,0,1782358704.2667427,0.0021746158599853516
29411,normal,1590,0,1782358704.268752,0.0020093917846679688
29412,normal,2037,0,1782358704.2706587,0.0019066333770751953
29413,normal,1129,0,1782358704.2727013,0.002042531967163086
29414,normal,758,0,1782358704.2747674,0.0020661354064941406
29415,normal,924,2,1782358704.2765915,0.0018241405487060547
29416,normal,367,0,1782358704.2787871,0.002195596694946289
29417,normal,2281,0,1782358704.2806728,0.0018856525421142578
29418,normal,2710,0,1782358704.2828813,0.0022084712982177734
29419,normal,3072,1,1782358704.284788,0.0019066333770751953
29420,normal,1233,0,1782358704.2867754,0.001987457275390625
29421,normal,3471,0,1782358704.2887504,0.0019750595092773438
29422,normal,738,0,1782358704.2908247,0.0020742416381835938
29423,normal,1705,0,1782358704.2926538,0.0018291473388671875
29424,normal,1510,0,1782358704.2946959,0.002042055130004883
29425,normal,2209,0,1782358704.2967026,0.0020067691802978516
29426,normal,1093,0,1782358704.2988384,0.002135753631591797
29427,normal,3404,0,1782358704.3008225,0.001984119415283203
29428,normal,2034,0,1782358704.3027966,0.0019741058349609375
29429,normal,3192,1,1782358704.3047752,0.001978635787963867
29430,normal,1710,0,1782358704.3065574,0.0017821788787841797
29431,normal,317,0,1782358704.3090522,0.00249481201171875
29432,normal,2142,0,1782358704.311107,0.0020546913146972656
29433,normal,1512,0,1782358704.3127255,0.0016186237335205078
29434,normal,640,0,1782358704.3146281,0.0019025802612304688
29435,normal,2224,0,1782358704.3167667,0.0021386146545410156
29436,normal,2897,0,1782358704.3186545,0.0018877983093261719
29437,normal,2197,0,1782358704.3207579,0.0021033287048339844
29438,normal,2499,0,1782358704.3225863,0.0018284320831298828
29439,normal,186,0,1782358704.3247685,0.0021822452545166016
29440,normal,3085,1,1782358704.3267658,0.001997232437133789
29441,normal,1752,0,1782358704.3287623,0.0019965171813964844
29442,normal,2077,0,1782358704.3308015,0.002039194107055664
29443,normal,1265,0,1782358704.3326821,0.001880645751953125
29444,normal,2122,0,1782358704.3347728,0.0020906925201416016
29445,normal,434,0,1782358704.3367736,0.0020008087158203125
29446,normal,3341,1,1782358704.338695,0.0019214153289794922
29447,normal,761,0,1782358704.340877,0.0021820068359375
29448,normal,1617,0,1782358704.342552,0.0016748905181884766
29449,normal,1570,0,1782358704.3447573,0.002205371856689453
29450,normal,93,0,1782358704.346768,0.0020105838775634766
29451,normal,2517,0,1782358704.3486001,0.0018322467803955078
29452,normal,1904,0,1782358704.3506114,0.0020112991333007812
29453,normal,2478,0,1782358704.3528352,0.0022237300872802734
29454,normal,1574,0,1782358704.3548377,0.0020024776458740234
29455,normal,2826,0,1782358704.3566875,0.0018498897552490234
29456,normal,2137,0,1782358704.3587792,0.002091646194458008
29457,normal,2204,0,1782358704.3607998,0.002020597457885742
29458,normal,259,0,1782358704.3626506,0.0018508434295654297
29459,normal,2840,0,1782358704.36476,0.0021092891693115234
29460,normal,2748,0,1782358704.366648,0.0018880367279052734
29461,normal,3208,1,1782358704.3687568,0.0021088123321533203
29462,normal,2922,0,1782358704.3707533,0.0019965171813964844
29463,normal,365,0,1782358704.3726878,0.0019345283508300781
29464,normal,539,0,1782358704.3749208,0.0022330284118652344
29465,normal,2844,0,1782358704.3768437,0.0019228458404541016
29466,normal,676,0,1782358704.378588,0.0017442703247070312
29467,normal,3249,1,1782358704.380782,0.002193927764892578
29468,normal,2246,0,1782358704.3827212,0.0019392967224121094
29469,normal,139,0,1782358704.3847425,0.002021312713623047
29470,normal,1197,0,1782358704.3866293,0.0018868446350097656
29471,normal,388,0,1782358704.3887405,0.002111196517944336
29472,normal,695,0,1782358704.39074,0.001999378204345703
29473,normal,726,0,1782358704.3927202,0.001980304718017578
29474,normal,2523,0,1782358704.3948283,0.0021080970764160156
29475,normal,204,0,1782358704.3968825,0.0020542144775390625
29476,normal,49,0,1782358704.3987737,0.0018911361694335938
29477,normal,3571,0,1782358704.4009907,0.0022170543670654297
29478,normal,499,0,1782358704.4027233,0.0017325878143310547
29479,normal,587,0,1782358704.4048576,0.0021343231201171875
29480,normal,2789,0,1782358704.40681,0.0019524097442626953
29481,normal,66,0,1782358704.408553,0.0017428398132324219
29482,normal,1684,0,1782358704.4107382,0.002185344696044922
29483,normal,1735,0,1782358704.412739,0.0020008087158203125
29484,normal,2761,0,1782358704.4149823,0.0022432804107666016
29485,normal,2465,0,1782358704.4165442,0.001561880111694336
29486,normal,111,0,1782358704.418731,0.0021867752075195312
29487,normal,662,0,1782358704.4206266,0.0018956661224365234
29488,normal,2194,0,1782358704.4227436,0.0021169185638427734
29489,normal,450,0,1782358704.425184,0.0024404525756835938
29490,normal,117,0,1782358704.4266832,0.001499176025390625
29491,normal,2505,0,1782358704.4289432,0.002259969711303711
29492,normal,3638,0,1782358704.430758,0.0018148422241210938
29493,normal,543,0,1782358704.4327815,0.002023458480834961
29494,normal,774,2,1782358704.4346502,0.0018687248229980469
29495,normal,1371,1,1782358704.4367735,0.0021233558654785156
29496,normal,3186,1,1782358704.4389315,0.002157926559448242
29497,normal,3048,1,1782358704.4406245,0.0016930103302001953
29498,normal,3356,1,1782358704.4427388,0.0021142959594726562
29499,normal,1320,1,1782358704.4446332,0.0018944740295410156
29500,normal,755,0,1782358704.4467645,0.002131223678588867
29501,normal,184,0,1782358704.4487627,0.0019981861114501953
29502,normal,1841,0,1782358704.4507413,0.001978635787963867
29503,normal,160,0,1782358704.4526827,0.0019414424896240234
29504,normal,1459,0,1782358704.454792,0.0021092891693115234
29505,normal,440,0,1782358704.4571044,0.0023124217987060547
29506,normal,1766,0,1782358704.459343,0.0022385120391845703
29507,normal,2508,0,1782358704.460866,0.0015230178833007812
29508,normal,3037,0,1782358704.4625556,0.0016896724700927734
29509,normal,1460,0,1782358704.4651353,0.0025796890258789062
29510,normal,2591,0,1782358704.466991,0.001855611801147461
29511,normal,727,0,1782358704.4688303,0.0018393993377685547
29512,normal,2291,0,1782358704.4721372,0.003306865692138672
29513,normal,2019,0,1782358704.47305,0.0009129047393798828
29514,normal,1949,0,1782358704.4748573,0.0018072128295898438
29515,normal,2625,0,1782358704.476547,0.0016896724700927734
29516,normal,2292,0,1782358704.4786396,0.002092599868774414
29517,normal,947,2,1782358704.48059,0.0019505023956298828
29518,normal,627,0,1782358704.4825542,0.001964092254638672
29519,normal,1547,0,1782358704.4845738,0.002019643783569336
29520,normal,972,2,1782358704.4865441,0.0019702911376953125
29521,normal,3450,0,1782358704.488558,0.0020139217376708984
29522,normal,843,2,1782358704.4905581,0.002000093460083008
29523,normal,1572,0,1782358704.49275,0.002191781997680664
29524,normal,1457,0,1782358704.4947226,0.001972675323486328
29525,normal,2290,0,1782358704.4967885,0.002065896987915039
29526,normal,279,0,1782358704.498527,0.0017385482788085938
29527,normal,254,0,1782358704.500799,0.002271890640258789
29528,normal,2884,0,1782358704.502631,0.0018320083618164062
29529,normal,3343,1,1782358704.5048008,0.0021698474884033203
29530,normal,748,0,1782358704.5066276,0.0018267631530761719
29531,normal,1503,0,1782358704.508642,0.0020143985748291016
29532,normal,301,0,1782358704.5105596,0.0019176006317138672
29533,normal,2023,0,1782358704.5126858,0.0021262168884277344
29534,normal,859,2,1782358704.5146596,0.001973867416381836
29535,normal,968,2,1782358704.5165458,0.001886129379272461
29536,normal,3046,1,1782358704.518702,0.0021562576293945312
29537,normal,1793,0,1782358704.5206902,0.0019881725311279297
29538,normal,2112,0,1782358704.522572,0.0018818378448486328
29539,normal,3164,1,1782358704.524797,0.0022249221801757812
29540,normal,2109,0,1782358704.5267656,0.0019686222076416016
29541,normal,722,0,1782358704.5285678,0.001802206039428711
29542,normal,1215,0,1782358704.5307722,0.002204418182373047
29543,normal,3063,1,1782358704.5326533,0.0018811225891113281
29544,normal,513,0,1782358704.5346913,0.0020380020141601562
29545,normal,3704,0,1782358704.5366504,0.001959085464477539
29546,normal,1083,0,1782358704.5388021,0.0021517276763916016
29547,normal,2254,0,1782358704.5407703,0.0019681453704833984
29548,normal,1410,0,1782358704.5426524,0.0018820762634277344
29549,normal,2974,0,1782358704.5448675,0.002215147018432617
29550,normal,1353,1,1782358704.546588,0.001720428466796875
29551,normal,885,2,1782358704.548784,0.002196073532104492
29552,normal,3054,1,1782358704.5507355,0.001951456069946289
29553,normal,3612,0,1782358704.552695,0.001959562301635742
29554,normal,2934,0,1782358704.5546482,0.001953125
29555,normal,255,0,1782358704.5567603,0.002112150192260742
29556,normal,1998,0,1782358704.5586946,0.0019342899322509766
29557,normal,1824,0,1782358704.5608022,0.0021076202392578125
29558,normal,491,0,1782358704.5627022,0.0018999576568603516
29559,normal,631,0,1782358704.5648594,0.0021572113037109375
29560,normal,3126,1,1782358704.566756,0.0018966197967529297
29561,normal,2759,0,1782358704.569107,0.002351045608520508
29562,normal,537,0,1782358704.570628,0.0015208721160888672
29563,normal,1405,0,1782358704.5729942,0.002366304397583008
29564,normal,3509,0,1782358704.5747907,0.0017964839935302734
29565,normal,2936,0,1782358704.576564,0.0017733573913574219
29566,normal,2326,0,1782358704.578756,0.0021920204162597656
29567,normal,452,0,1782358704.5807757,0.002019643783569336
29568,normal,862,2,1782358704.5829246,0.002148866653442383
29569,normal,3672,0,1782358704.5845482,0.0016236305236816406
29570,normal,2919,0,1782358704.586741,0.0021927356719970703
29571,normal,3645,0,1782358704.5886295,0.0018885135650634766
29572,normal,3539,0,1782358704.5907414,0.0021119117736816406
29573,normal,2477,0,1782358704.592988,0.0022466182708740234
29574,normal,1780,0,1782358704.594732,0.0017440319061279297
29575,normal,845,2,1782358704.5967948,0.0020627975463867188
29576,normal,1394,0,1782358704.5987406,0.0019457340240478516
29577,normal,1207,0,1782358704.6006844,0.001943826675415039
29578,normal,2120,0,1782358704.602697,0.002012491226196289
29579,normal,2969,0,1782358704.6047575,0.0020606517791748047
29580,normal,1550,0,1782358704.6067631,0.0020055770874023438
29581,normal,2616,0,1782358704.6087143,0.0019512176513671875
29582,normal,1041,0,1782358704.6107464,0.002032041549682617
29583,normal,2525,0,1782358704.612631,0.0018846988677978516
29584,normal,2823,0,1782358704.6147678,0.002136707305908203
29585,normal,1544,0,1782358704.61667,0.0019021034240722656
29586,normal,1427,0,1782358704.618769,0.0020990371704101562
29587,normal,901,2,1782358704.6205635,0.001794576644897461
29588,normal,1326,1,1782358704.6228356,0.0022721290588378906
29589,normal,2372,0,1782358704.6245992,0.0017635822296142578
29590,normal,2872,0,1782358704.6267855,0.002186298370361328
29591,normal,1327,1,1782358704.628867,0.0020813941955566406
29592,normal,1439,0,1782358704.630762,0.0018951892852783203
29593,normal,1283,0,1782358704.632684,0.0019218921661376953
29594,normal,2370,0,1782358704.634936,0.0022521018981933594
29595,normal,870,2,1782358704.6366494,0.0017132759094238281
29596,normal,3556,0,1782358704.638631,0.0019817352294921875
29597,normal,2908,0,1782358704.6407487,0.002117633819580078
29598,normal,2333,0,1782358704.6427345,0.001985788345336914
29599,normal,1107,0,1782358704.64465,0.0019154548645019531
29600,normal,2595,0,1782358704.6468987,0.0022487640380859375
29601,normal,3012,0,1782358704.6487799,0.0018811225891113281
29602,normal,3665,0,1782358704.6507545,0.0019745826721191406
29603,normal,1978,0,1782358704.6527586,0.0020041465759277344
29604,normal,3663,0,1782358704.655043,0.0022842884063720703
29605,normal,831,2,1782358704.6570742,0.0020313262939453125
29606,normal,2726,0,1782358704.6585984,0.001524209976196289
29607,normal,1753,0,1782358704.66075,0.0021514892578125
29608,normal,2154,0,1782358704.6626337,0.0018837451934814453
29609,normal,1480,0,1782358704.6647856,0.002151966094970703
29610,normal,3030,0,1782358704.6666224,0.0018367767333984375
29611,normal,1290,0,1782358704.668658,0.0020356178283691406
29612,normal,104,0,1782358704.6707668,0.0021088123321533203
29613,normal,607,0,1782358704.6726866,0.0019197463989257812
29614,normal,118,0,1782358704.6748614,0.002174854278564453
29615,normal,2138,0,1782358704.6767387,0.0018773078918457031
29616,normal,485,0,1782358704.6786447,0.0019059181213378906
29617,normal,521,0,1782358704.6806474,0.002002716064453125
29618,normal,1801,0,1782358704.6828218,0.00217437744140625
29619,normal,3314,1,1782358704.6847262,0.0019044876098632812
29620,normal,2343,0,1782358704.686706,0.001979827880859375
29621,normal,3245,1,1782358704.6887496,0.002043485641479492
29622,normal,56,0,1782358704.6907353,0.001985788345336914
29623,normal,1454,0,1782358704.6926525,0.001917123794555664
29624,normal,680,0,1782358704.6947744,0.0021219253540039062
29625,normal,733,0,1782358704.6966546,0.0018801689147949219
29626,normal,1553,0,1782358704.6988099,0.002155303955078125
29627,normal,80,0,1782358704.7006497,0.0018398761749267578
29628,normal,134,0,1782358704.7026038,0.0019540786743164062
29629,normal,2992,0,1782358704.704893,0.002289295196533203
29630,normal,431,0,1782358704.706653,0.0017600059509277344
29631,normal,3255,1,1782358704.708756,0.0021028518676757812
29632,normal,681,0,1782358704.710645,0.0018889904022216797
29633,normal,2529,0,1782358704.7127526,0.0021076202392578125
29634,normal,1092,0,1782358704.7146413,0.0018887519836425781
29635,normal,471,0,1782358704.7168052,0.0021638870239257812
29636,normal,3506,0,1782358704.7187235,0.0019183158874511719
29637,normal,493,0,1782358704.720861,0.002137422561645508
29638,normal,1531,0,1782358704.7227478,0.0018868446350097656
29639,normal,2486,0,1782358704.7248657,0.0021178722381591797
29640,normal,1201,0,1782358704.7266877,0.0018219947814941406
29641,normal,3510,0,1782358704.7288043,0.002116680145263672
29642,normal,2747,0,1782358704.73064,0.0018355846405029297
29643,normal,2132,0,1782358704.73276,0.0021200180053710938
29644,normal,3258,1,1782358704.7346377,0.0018777847290039062
29645,normal,2815,0,1782358704.736841,0.002203226089477539
29646,normal,222,0,1782358704.7387662,0.0019252300262451172
29647,normal,26,0,1782358704.7407084,0.0019421577453613281
29648,normal,1084,0,1782358704.7428908,0.002182483673095703
29649,normal,2100,0,1782358704.7447922,0.001901388168334961
29650,normal,410,0,1782358704.7468753,0.0020830631256103516
29651,normal,2392,0,1782358704.7489634,0.0020880699157714844
29652,normal,1835,0,1782358704.750803,0.0018396377563476562
29653,normal,3443,0,1782358704.752658,0.0018548965454101562
29654,normal,1217,0,1782358704.7547426,0.0020847320556640625
29655,normal,682,0,1782358704.7566268,0.0018842220306396484
29656,normal,3651,0,1782358704.7586496,0.0020227432250976562
29657,normal,3551,0,1782358704.7609577,0.0023081302642822266
29658,normal,3518,0,1782358704.7625513,0.0015935897827148438
29659,normal,545,0,1782358704.7647567,0.002205371856689453
29660,normal,1006,2,1782358704.7667594,0.002002716064453125
29661,normal,1369,1,1782358704.7686446,0.0018851757049560547
29662,normal,2210,0,1782358704.7707207,0.0020761489868164062
29663,normal,3029,0,1782358704.7729325,0.0022118091583251953
29664,normal,3429,0,1782358704.7747605,0.0018279552459716797
29665,normal,1169,0,1782358704.7768035,0.002043008804321289
29666,normal,3696,0,1782358704.7787244,0.001920938491821289
29667,normal,2584,0,1782358704.7807076,0.001983165740966797
29668,normal,2160,0,1782358704.7826393,0.0019316673278808594
29669,normal,779,2,1782358704.7847626,0.0021233558654785156
29670,normal,3382,1,1782358704.7865818,0.0018191337585449219
29671,normal,905,2,1782358704.788827,0.002245187759399414
29672,normal,2238,0,1782358704.7905493,0.0017223358154296875
29673,normal,2913,0,1782358704.7926579,0.0021085739135742188
29674,normal,2130,0,1782358704.7945561,0.0018982887268066406
29675,normal,1564,0,1782358704.7967043,0.002148151397705078
29676,normal,2172,0,1782358704.7985668,0.0018625259399414062
29677,normal,619,0,1782358704.8006992,0.002132415771484375
29678,normal,2390,0,1782358704.802689,0.0019898414611816406
29679,normal,2864,0,1782358704.8045845,0.0018954277038574219
29680,normal,398,0,1782358740.0897563,0.0
29681,normal,2952,0,1782358740.0917385,0.0019822120666503906
29682,normal,3669,0,1782358740.0938315,0.002093076705932617
29683,normal,2850,0,1782358740.0957243,0.0018928050994873047
29684,normal,3208,1,1782358740.0977132,0.0019888877868652344
29685,normal,74,0,1782358740.0997171,0.002003908157348633
29686,normal,1213,0,1782358740.1017134,0.001996278762817383
29687,normal,2564,0,1782358740.1038725,0.00215911865234375
29688,normal,3401,1,1782358740.105758,0.0018854141235351562
29689,normal,2582,0,1782358740.1079044,0.002146482467651367
29690,normal,554,0,1782358740.1097343,0.0018298625946044922
29691,normal,959,2,1782358740.1119244,0.002190113067626953
29692,normal,3127,1,1782358740.1137595,0.0018351078033447266
29693,normal,1112,0,1782358740.1159172,0.0021576881408691406
29694,normal,2143,0,1782358740.1177793,0.0018620491027832031
29695,normal,2201,0,1782358740.119782,0.002002716064453125
29696,normal,3227,1,1782358740.1219034,0.002121448516845703
29697,normal,2222,0,1782358740.1237679,0.0018644332885742188
29698,normal,2076,0,1782358740.1259558,0.002187967300415039
29699,normal,2834,0,1782358740.1277723,0.0018165111541748047
29700,normal,809,2,1782358740.1299074,0.002135038375854492
29701,normal,3274,1,1782358740.1317766,0.00186920166015625
29702,normal,949,2,1782358740.1339061,0.0021295547485351562
29703,normal,1043,0,1782358740.1357684,0.0018622875213623047
29704,normal,820,2,1782358740.137862,0.0020935535430908203
29705,normal,153,0,1782358740.139759,0.0018970966339111328
29706,normal,563,0,1782358740.1419444,0.002185344696044922
29707,normal,1831,0,1782358740.1438193,0.0018749237060546875
29708,normal,1014,2,1782358740.1459672,0.0021479129791259766
29709,normal,1711,0,1782358740.147805,0.0018377304077148438
29710,normal,1143,0,1782358740.1500733,0.0022683143615722656
29711,normal,388,0,1782358740.151818,0.0017447471618652344
29712,normal,2781,0,1782358740.1540809,0.0022628307342529297
29713,normal,1077,0,1782358740.1558206,0.0017397403717041016
29714,normal,3074,1,1782358740.158091,0.0022704601287841797
29715,normal,3210,1,1782358740.1598063,0.0017151832580566406
29716,normal,3229,1,1782358740.1620717,0.002265453338623047
29717,normal,3146,1,1782358740.163837,0.0017652511596679688
29718,normal,3504,0,1782358740.1660795,0.002242565155029297
29719,normal,586,0,1782358740.167938,0.0018584728240966797
29720,normal,502,0,1782358740.169829,0.0018908977508544922
29721,normal,3457,0,1782358740.17208,0.002251148223876953
29722,normal,1328,1,1782358740.1739364,0.0018563270568847656
29723,normal,1673,0,1782358740.175983,0.0020465850830078125
29724,normal,591,0,1782358740.1779468,0.0019638538360595703
29725,normal,231,0,1782358740.1800516,0.0021047592163085938
29726,normal,1789,0,1782358740.1818607,0.0018091201782226562
29727,normal,246,0,1782358740.1840847,0.002223968505859375
29728,normal,3112,1,1782358740.185936,0.0018513202667236328
29729,normal,96,0,1782358740.1879845,0.002048492431640625
29730,normal,2197,0,1782358740.1899672,0.0019826889038085938
29731,normal,1945,0,1782358740.1920474,0.002080202102661133
29732,normal,1236,0,1782358740.193788,0.0017406940460205078
29733,normal,2820,0,1782358740.1960895,0.002301454544067383
29734,normal,1277,0,1782358740.197949,0.001859426498413086
29735,normal,3205,1,1782358740.1999867,0.0020377635955810547
29736,normal,1679,0,1782358740.2019455,0.0019588470458984375
29737,normal,2878,0,1782358740.2040584,0.002112865447998047
29738,normal,2421,0,1782358740.20584,0.0017817020416259766
29739,normal,1521,0,1782358740.2080767,0.002236604690551758
29740,normal,1556,0,1782358740.2099488,0.0018720626831054688
29741,normal,1078,0,1782358740.211979,0.0020301342010498047
29742,normal,1168,0,1782358740.2139459,0.0019669532775878906
29743,normal,972,2,1782358740.2160823,0.0021364688873291016
29744,normal,2047,0,1782358740.2178502,0.001767873764038086
29745,normal,2932,0,1782358740.2201052,0.002254962921142578
29746,normal,508,0,1782358740.2219408,0.0018355846405029297
29747,normal,2551,0,1782358740.2239902,0.0020494461059570312
29748,normal,719,0,1782358740.2259479,0.0019576549530029297
29749,normal,1957,0,1782358740.2279577,0.002009868621826172
29750,normal,2014,0,1782358740.2298462,0.0018885135650634766
29751,normal,275,0,1782358740.2320838,0.002237558364868164
29752,normal,2791,0,1782358740.2339177,0.0018339157104492188
29753,normal,2593,0,1782358740.2358496,0.001931905746459961
29754,normal,951,2,1782358740.2381136,0.0022640228271484375
29755,normal,1361,1,1782358740.239941,0.001827239990234375
29756,normal,1467,0,1782358740.241846,0.001905202865600586
29757,normal,2316,0,1782358740.244085,0.0022389888763427734
29758,normal,2538,0,1782358740.2459564,0.001871347427368164
29759,normal,328,0,1782358740.2479868,0.0020303726196289062
29760,normal,336,0,1782358740.249949,0.0019621849060058594
29761,normal,3064,1,1782358740.2520854,0.0021364688873291016
29762,normal,3513,0,1782358740.2538414,0.0017559528350830078
29763,normal,2318,0,1782358740.2560825,0.0022411346435546875
29764,normal,3196,1,1782358740.2579546,0.0018720626831054688
29765,normal,3635,0,1782358740.2598457,0.0018911361694335938
29766,normal,2390,0,1782358740.2618725,0.002026796340942383
29767,normal,2004,0,1782358740.2640803,0.0022077560424804688
29768,normal,1342,1,1782358740.2658472,0.0017669200897216797
29769,normal,2578,0,1782358740.268081,0.002233743667602539
29770,normal,1317,0,1782358740.2699566,0.0018756389617919922
29771,normal,1377,1,1782358740.2718508,0.001894235610961914
29772,normal,861,2,1782358740.2740943,0.002243518829345703
29773,normal,2470,0,1782358740.2759347,0.001840353012084961
29774,normal,1231,0,1782358740.2778652,0.0019304752349853516
29775,normal,1147,0,1782358740.2799947,0.0021295547485351562
29776,normal,1627,0,1782358740.281945,0.0019502639770507812
29777,normal,1185,0,1782358740.283842,0.0018970966339111328
29778,normal,646,0,1782358740.2859597,0.002117633819580078
29779,normal,2684,0,1782358740.288053,0.0020933151245117188
29780,normal,1320,1,1782358740.2898464,0.0017933845520019531
29781,normal,991,2,1782358740.292027,0.0021805763244628906
29782,normal,2637,0,1782358740.2938159,0.0017888545989990234
29783,normal,358,0,1782358740.295991,0.0021750926971435547
29784,normal,1541,0,1782358740.2977953,0.001804351806640625
29785,normal,1986,0,1782358740.3000731,0.002277851104736328
29786,normal,1585,0,1782358740.3018067,0.001733541488647461
29787,normal,1160,0,1782358740.3039355,0.0021288394927978516
29788,normal,3106,1,1782358740.3057761,0.0018405914306640625
29789,normal,2898,0,1782358740.3077922,0.0020160675048828125
29790,normal,2315,0,1782358740.3099313,0.0021390914916992188
29791,normal,227,0,1782358740.311923,0.001991748809814453
29792,normal,1690,0,1782358740.3137884,0.001865386962890625
29793,normal,3438,0,1782358740.3159342,0.0021457672119140625
29794,normal,1481,0,1782358740.3179216,0.001987457275390625
29795,normal,3693,0,1782358740.3198123,0.0018906593322753906
29796,normal,956,2,1782358740.3217728,0.0019605159759521484
29797,normal,1273,0,1782358740.3239458,0.0021729469299316406
29798,normal,2879,0,1782358740.3257709,0.001825094223022461
29799,normal,2466,0,1782358740.327932,0.0021610260009765625
29800,normal,998,2,1782358740.3299272,0.0019953250885009766
29801,normal,3681,0,1782358740.331808,0.0018808841705322266
29802,normal,1125,0,1782358740.3339338,0.0021257400512695312
29803,normal,3511,0,1782358740.3359282,0.0019943714141845703
29804,normal,1788,0,1782358740.3377826,0.0018544197082519531
29805,normal,2434,0,1782358740.3399508,0.0021681785583496094
29806,normal,3194,1,1782358740.3419268,0.00197601318359375
29807,normal,1727,0,1782358740.3437722,0.0018453598022460938
29808,normal,49,0,1782358740.345939,0.002166748046875
29809,normal,1491,0,1782358740.3479383,0.001999378204345703
29810,normal,2492,0,1782358740.3499622,0.002023935317993164
29811,normal,3548,0,1782358740.3518577,0.0018954277038574219
29812,normal,3351,1,1782358740.3539348,0.0020771026611328125
29813,normal,1372,1,1782358740.3558073,0.0018725395202636719
29814,normal,2579,0,1782358740.3579578,0.0021505355834960938
29815,normal,184,0,1782358740.3599293,0.0019714832305908203
29816,normal,1546,0,1782358740.3618042,0.0018749237060546875
29817,normal,1940,0,1782358740.3639429,0.0021386146545410156
29818,normal,2949,0,1782358740.3659317,0.0019888877868652344
29819,normal,2310,0,1782358740.367786,0.0018541812896728516
29820,normal,887,2,1782358740.3698068,0.0020208358764648438
29821,normal,1,0,1782358740.3719375,0.002130746841430664
29822,normal,1226,0,1782358740.373826,0.0018885135650634766
29823,normal,3572,0,1782358740.3758106,0.0019845962524414062
29824,normal,1905,0,1782358740.3779266,0.002115964889526367
29825,normal,1801,0,1782358740.3797972,0.0018706321716308594
29826,normal,2184,0,1782358740.3818092,0.002012014389038086
29827,normal,42,0,1782358740.3839285,0.002119302749633789
29828,normal,1968,0,1782358740.3857944,0.0018658638000488281
29829,normal,1752,0,1782358740.3879616,0.002167224884033203
29830,normal,262,0,1782358740.3897789,0.0018172264099121094
29831,normal,1504,0,1782358740.3919742,0.0021953582763671875
29832,normal,1323,1,1782358740.3938131,0.0018389225006103516
29833,normal,257,0,1782358740.3959322,0.0021190643310546875
29834,normal,561,0,1782358740.3978102,0.0018780231475830078
29835,normal,1155,0,1782358740.3997958,0.0019855499267578125
29836,normal,2657,0,1782358740.4019082,0.0021123886108398438
29837,normal,2818,0,1782358740.4038117,0.001903533935546875
29838,normal,1389,0,1782358740.4059706,0.0021588802337646484
29839,normal,2344,0,1782358740.4079256,0.0019550323486328125
29840,normal,2325,0,1782358740.4098089,0.0018832683563232422
29841,normal,3611,0,1782358740.4119544,0.002145528793334961
29842,normal,1870,0,1782358740.4139266,0.001972198486328125
29843,normal,826,2,1782358740.4158375,0.0019109249114990234
29844,normal,1123,0,1782358740.4179509,0.00211334228515625
29845,normal,271,0,1782358740.4200902,0.0021393299102783203
29846,normal,2372,0,1782358740.4218266,0.0017364025115966797
29847,normal,2984,0,1782358740.4240868,0.0022602081298828125
29848,normal,694,0,1782358740.425892,0.0018053054809570312
29849,normal,1982,0,1782358740.428097,0.00220489501953125
29850,normal,2589,0,1782358740.4298244,0.0017273426055908203
29851,normal,2021,0,1782358740.4320993,0.0022749900817871094
29852,normal,162,0,1782358740.4338417,0.0017423629760742188
29853,normal,1102,0,1782358740.4361014,0.0022597312927246094
29854,normal,587,0,1782358740.4379094,0.0018079280853271484
29855,normal,3568,0,1782358740.439811,0.0019016265869140625
29856,normal,682,0,1782358740.4419649,0.0021538734436035156
29857,normal,1116,0,1782358740.4443715,0.002406597137451172
29858,normal,3033,0,1782358740.4459014,0.0015299320220947266
29859,normal,2520,0,1782358740.448301,0.0023996829986572266
29860,normal,3582,0,1782358740.4499154,0.0016143321990966797
29861,normal,1203,0,1782358740.4518201,0.0019047260284423828
29862,normal,3066,1,1782358740.4537363,0.0019161701202392578
29863,normal,1469,0,1782358740.4557896,0.0020532608032226562
29864,normal,723,0,1782358740.457751,0.0019614696502685547
29865,normal,1095,0,1782358740.459752,0.002001047134399414
29866,normal,3452,0,1782358740.4617941,0.002042055130004883
29867,normal,3103,1,1782358740.4639075,0.00211334228515625
29868,normal,3105,1,1782358740.465945,0.002037525177001953
29869,normal,3303,1,1782358740.4680347,0.0020897388458251953
29870,normal,2265,0,1782358740.470077,0.0020422935485839844
29871,normal,3384,1,1782358740.4717696,0.0016925334930419922
29872,normal,1723,0,1782358740.47398,0.002210378646850586
29873,normal,1220,0,1782358740.475918,0.0019381046295166016
29874,normal,3643,0,1782358740.4779735,0.0020554065704345703
29875,normal,3432,0,1782358740.4799619,0.0019884109497070312
29876,normal,132,0,1782358740.4817357,0.001773834228515625
29877,normal,17,0,1782358740.4838514,0.0021157264709472656
29878,normal,3526,0,1782358740.4859078,0.0020563602447509766
29879,normal,2654,0,1782358740.487744,0.0018362998962402344
29880,normal,3424,0,1782358740.4898462,0.0021021366119384766
29881,normal,2045,0,1782358740.4918919,0.0020456314086914062
29882,normal,3023,0,1782358740.4937596,0.0018677711486816406
29883,normal,2249,0,1782358740.4958603,0.002100706100463867
29884,normal,3692,0,1782358740.4980505,0.002190113067626953
29885,normal,323,0,1782358740.4997575,0.0017070770263671875
29886,normal,1955,0,1782358740.5019512,0.0021936893463134766
29887,normal,1046,0,1782358740.5039592,0.0020079612731933594
29888,normal,3353,1,1782358740.5058517,0.0018925666809082031
29889,normal,1735,0,1782358740.5079396,0.002087831497192383
29890,normal,142,0,1782358740.5098877,0.0019481182098388672
29891,normal,1981,0,1782358740.5118296,0.0019419193267822266
29892,normal,3373,1,1782358740.5139287,0.0020990371704101562
29893,normal,3409,0,1782358740.5158854,0.0019567012786865234
29894,normal,575,0,1782358740.5180144,0.002129077911376953
29895,normal,844,2,1782358740.5198958,0.0018813610076904297
29896,normal,330,0,1782358740.5218184,0.001922607421875
29897,normal,1652,0,1782358740.523804,0.0019855499267578125
29898,normal,2380,0,1782358740.5257585,0.0019545555114746094
29899,normal,1939,0,1782358740.5278301,0.0020716190338134766
29900,normal,2715,0,1782358740.5297885,0.0019583702087402344
29901,normal,2852,0,1782358740.5318913,0.0021028518676757812
29902,normal,648,0,1782358740.5339074,0.0020160675048828125
29903,normal,1073,0,1782358740.535862,0.0019545555114746094
29904,normal,3679,0,1782358740.5380461,0.002184152603149414
29905,normal,3689,0,1782358740.539877,0.0018308162689208984
29906,normal,3183,1,1782358740.54185,0.0019731521606445312
29907,normal,1269,0,1782358740.5438938,0.0020437240600585938
29908,normal,282,0,1782358740.5458648,0.001971006393432617
29909,normal,39,0,1782358740.547739,0.0018742084503173828
29910,normal,2106,0,1782358740.549826,0.0020868778228759766
29911,normal,1508,0,1782358740.5518284,0.0020024776458740234
29912,normal,518,0,1782358740.5537949,0.0019664764404296875
29913,normal,2787,0,1782358740.5558267,0.0020318031311035156
29914,normal,620,0,1782358740.5578182,0.0019915103912353516
29915,normal,1024,2,1782358740.5597167,0.0018985271453857422
29916,normal,1216,0,1782358740.562059,0.00234222412109375
29917,normal,3682,0,1782358740.5642924,0.0022335052490234375
29918,normal,115,0,1782358740.5658064,0.0015139579772949219
29919,normal,1492,0,1782358740.5678477,0.002041339874267578
29920,normal,2601,0,1782358740.5698292,0.001981496810913086
29921,normal,109,0,1782358740.5717454,0.0019161701202392578
29922,normal,796,2,1782358740.573931,0.0021855831146240234
29923,normal,3402,0,1782358740.5760024,0.002071380615234375
29924,normal,3084,1,1782358740.5777032,0.0017008781433105469
29925,normal,905,2,1782358740.579846,0.002142667770385742
29926,normal,2863,0,1782358740.581846,0.002000093460083008
29927,normal,241,0,1782358740.5837607,0.0019147396087646484
29928,normal,3000,0,1782358740.5863357,0.002574920654296875
29929,normal,2088,0,1782358740.587984,0.0016484260559082031
29930,normal,2784,0,1782358740.5898647,0.001880645751953125
29931,normal,2640,0,1782358740.591838,0.0019731521606445312
29932,normal,2562,0,1782358740.593966,0.002128124237060547
29933,normal,3521,0,1782358740.5958505,0.00188446044921875
29934,normal,583,0,1782358740.5977323,0.0018818378448486328
29935,normal,272,0,1782358740.600145,0.0024127960205078125
29936,normal,1382,0,1782358740.6018834,0.0017383098602294922
29937,normal,1186,0,1782358740.6037352,0.001851797103881836
29938,normal,1117,0,1782358740.6061218,0.0023865699768066406
29939,normal,3056,1,1782358740.608261,0.0021393299102783203
29940,normal,3602,0,1782358740.6097515,0.0014903545379638672
29941,normal,2223,0,1782358740.6118228,0.002071380615234375
29942,normal,2770,0,1782358740.6137435,0.0019207000732421875
29943,normal,5,0,1782358740.6158419,0.0020983219146728516
29944,normal,22,0,1782358740.617847,0.0020051002502441406
29945,normal,3299,1,1782358740.6197426,0.0018956661224365234
29946,normal,769,0,1782358740.6218393,0.0020966529846191406
29947,normal,629,0,1782358740.6239095,0.002070188522338867
29948,normal,1661,0,1782358740.6258042,0.0018947124481201172
29949,normal,2822,0,1782358740.6279237,0.0021195411682128906
29950,normal,845,2,1782358740.6299243,0.002000570297241211
29951,normal,1274,0,1782358740.632311,0.002386808395385742
29952,normal,3482,0,1782358740.633756,0.0014448165893554688
29953,normal,3531,0,1782358740.6358933,0.002137422561645508
29954,normal,958,2,1782358740.6378317,0.0019383430480957031
29955,normal,283,0,1782358740.6399076,0.0020759105682373047
29956,normal,952,2,1782358740.6418304,0.0019228458404541016
29957,normal,2193,0,1782358740.643758,0.0019276142120361328
29958,normal,1536,0,1782358740.6458743,0.0021162033081054688
29959,normal,1747,0,1782358740.647833,0.0019588470458984375
29960,normal,1020,2,1782358740.6497521,0.0019190311431884766
29961,normal,1861,0,1782358740.651857,0.0021047592163085938
29962,normal,2475,0,1782358740.6538649,0.0020079612731933594
29963,normal,2167,0,1782358740.6557648,0.0018999576568603516
29964,normal,2976,0,1782358740.6579213,0.002156496047973633
29965,normal,2875,0,1782358740.6598082,0.0018868446350097656
29966,normal,2362,0,1782358740.6617222,0.0019140243530273438
29967,normal,2335,0,1782358740.6637862,0.0020639896392822266
29968,normal,577,0,1782358740.6657362,0.0019500255584716797
29969,normal,1438,0,1782358740.6677365,0.0020003318786621094
29970,normal,122,0,1782358740.6697533,0.002016782760620117
29971,normal,2907,0,1782358740.6717865,0.002033233642578125
29972,normal,3444,0,1782358740.6737442,0.0019576549530029297
29973,normal,2059,0,1782358740.6757958,0.0020515918731689453
29974,normal,661,0,1782358740.6777654,0.001969575881958008
29975,normal,3481,0,1782358740.6797144,0.0019490718841552734
29976,normal,656,0,1782358740.6817539,0.0020394325256347656
29977,normal,762,0,1782358740.6837652,0.0020112991333007812
29978,normal,2414,0,1782358740.6856809,0.0019156932830810547
29979,normal,1907,0,1782358740.6877153,0.002034425735473633
29980,normal,399,0,1782358740.6897268,0.002011537551879883
29981,normal,527,0,1782358740.6919546,0.002227783203125
29982,normal,3051,1,1782358740.6936965,0.0017418861389160156
29983,normal,2142,0,1782358740.6957676,0.0020711421966552734
29984,normal,3059,1,1782358740.6977453,0.001977682113647461
29985,normal,73,0,1782358740.6998901,0.0021448135375976562
29986,normal,1488,0,1782358740.701736,0.0018458366394042969
29987,normal,3123,1,1782358740.7038417,0.002105712890625
29988,normal,2728,0,1782358740.7058063,0.001964569091796875
29989,normal,633,0,1782358740.7077453,0.0019390583038330078
29990,normal,3589,0,1782358740.7096803,0.0019350051879882812
29991,normal,3418,0,1782358740.7117171,0.0020368099212646484
29992,normal,741,0,1782358740.7137136,0.0019965171813964844
29993,normal,1558,0,1782358740.7157366,0.002022981643676758
29994,normal,2367,0,1782358740.7177253,0.001988649368286133
29995,normal,790,2,1782358740.7197258,0.002000570297241211
29996,normal,3037,0,1782358740.7217612,0.002035379409790039
29997,normal,1960,0,1782358740.7237458,0.0019845962524414062
29998,normal,3436,0,1782358740.726163,0.0024170875549316406
29999,normal,3658,0,1782358740.7277315,0.0015685558319091797
30000,normal,53,0,1782358740.7297459,0.0020143985748291016
30001,normal,3284,1,1782358740.7317529,0.002007007598876953
30002,normal,3394,1,1782358740.733707,0.0019540786743164062
30003,normal,1435,0,1782358740.735759,0.0020520687103271484
30004,normal,3195,1,1782358740.7378604,0.002101421356201172
30005,normal,2457,0,1782358740.739724,0.0018634796142578125
30006,normal,801,2,1782358740.7417529,0.002028942108154297
30007,normal,2246,0,1782358740.7437565,0.0020036697387695312
30008,normal,1903,0,1782358740.7457123,0.001955747604370117
30009,normal,2103,0,1782358740.7477639,0.0020515918731689453
30010,normal,236,0,1782358740.7500508,0.0022869110107421875
30011,normal,3058,1,1782358740.7518103,0.0017595291137695312
30012,normal,2626,0,1782358740.754238,0.0024275779724121094
30013,normal,3398,1,1782358740.7557166,0.0014786720275878906
30014,normal,1367,1,1782358740.7579136,0.0021970272064208984
30015,normal,775,2,1782358740.7598262,0.0019125938415527344
30016,normal,2899,0,1782358740.7618115,0.001985311508178711
30017,normal,363,0,1782358740.763684,0.0018725395202636719
30018,normal,2644,0,1782358740.765741,0.0020570755004882812
30019,normal,1286,0,1782358740.7678225,0.0020813941955566406
30020,normal,871,2,1782358740.76976,0.0019373893737792969
30021,normal,154,0,1782358740.7717915,0.002031564712524414
30022,normal,1362,1,1782358740.7737715,0.0019800662994384766
30023,normal,866,2,1782358740.7757742,0.002002716064453125
30024,normal,1597,0,1782358740.777757,0.0019826889038085938
30025,normal,3226,1,1782358740.7797804,0.002023458480834961
30026,normal,201,0,1782358740.7817583,0.0019779205322265625
30027,normal,1677,0,1782358740.783786,0.002027750015258789
30028,normal,553,0,1782358740.7860506,0.0022644996643066406
30029,normal,3390,1,1782358740.7877066,0.0016560554504394531
30030,normal,1641,0,1782358740.7897556,0.002048969268798828
30031,normal,1846,0,1782358740.7917628,0.0020072460174560547
30032,normal,1473,0,1782358740.7937028,0.001940011978149414
30033,normal,2441,0,1782358740.795747,0.002044200897216797
30034,normal,3607,0,1782358740.79775,0.0020029544830322266
30035,normal,1471,0,1782358740.799718,0.001967906951904297
30036,normal,2078,0,1782358740.8017414,0.002023458480834961
30037,normal,1452,0,1782358740.8037589,0.002017498016357422
30038,normal,2968,0,1782358740.8057086,0.0019497871398925781
30039,normal,2480,0,1782358740.8078008,0.002092123031616211
30040,normal,3655,0,1782358740.8097537,0.0019528865814208984
30041,normal,524,0,1782358740.8117065,0.0019528865814208984
30042,normal,247,0,1782358740.813768,0.0020613670349121094
30043,normal,1315,0,1782358740.8157992,0.0020313262939453125
30044,normal,1849,0,1782358740.8177052,0.0019059181213378906
30045,normal,279,0,1782358740.8197556,0.0020503997802734375
30046,normal,1157,0,1782358740.821763,0.0020074844360351562
30047,normal,1837,0,1782358740.8237438,0.0019807815551757812
30048,normal,683,0,1782358740.8257792,0.002035379409790039
30049,normal,2063,0,1782358740.827861,0.0020818710327148438
30050,normal,3209,1,1782358740.8297632,0.0019021034240722656
30051,normal,3063,1,1782358740.8318057,0.002042531967163086
30052,normal,12,0,1782358740.8337395,0.0019338130950927734
30053,normal,2763,0,1782358740.8357277,0.0019881725311279297
30054,normal,1129,0,1782358740.8377297,0.0020020008087158203
30055,normal,2465,0,1782358740.8397381,0.0020084381103515625
30056,normal,2454,0,1782358740.8416767,0.0019385814666748047
30057,normal,1145,0,1782358740.8437169,0.0020401477813720703
30058,normal,566,0,1782358740.845722,0.0020051002502441406
30059,normal,183,0,1782358740.848484,0.0027620792388916016
30060,normal,1068,0,1782358740.8497872,0.0013031959533691406
30061,normal,3665,0,1782358740.8519382,0.002151012420654297
30062,normal,198,0,1782358740.8537102,0.0017719268798828125
30063,normal,2020,0,1782358740.8558354,0.002125263214111328
30064,normal,3273,1,1782358740.8579853,0.002149820327758789
30065,normal,3499,0,1782358740.8597333,0.0017480850219726562
30066,normal,2554,0,1782358740.861829,0.0020956993103027344
30067,normal,2768,0,1782358740.8638356,0.00200653076171875
30068,normal,1083,0,1782358740.8657587,0.0019230842590332031
30069,normal,454,0,1782358740.8680568,0.002298116683959961
30070,normal,2927,0,1782358740.8698363,0.0017795562744140625
30071,normal,1997,0,1782358740.8719718,0.0021355152130126953
30072,normal,965,2,1782358740.8737884,0.0018165111541748047
30073,normal,787,2,1782358740.8759463,0.002157926559448242
30074,normal,2026,0,1782358740.8778157,0.0018694400787353516
30075,normal,2576,0,1782358740.8800297,0.0022139549255371094
30076,normal,362,0,1782358740.8820305,0.0020008087158203125
30077,normal,2394,0,1782358740.8837793,0.001748800277709961
30078,normal,2481,0,1782358740.885829,0.002049684524536133
30079,normal,624,0,1782358740.8880875,0.0022585391998291016
30080,normal,1482,0,1782358740.89033,0.002242565155029297
30081,normal,3234,1,1782358740.8918293,0.001499176025390625
30082,normal,1303,0,1782358740.8939779,0.0021486282348632812
30083,normal,892,2,1782358740.8957777,0.0017998218536376953
30084,normal,1300,0,1782358740.8979194,0.002141714096069336
30085,normal,1625,0,1782358740.8999393,0.0020198822021484375
30086,normal,3315,1,1782358740.9019425,0.002003192901611328
30087,normal,3250,1,1782358740.903865,0.001922607421875
30088,normal,1446,0,1782358740.9058418,0.0019767284393310547
30089,normal,2829,0,1782358740.9077594,0.0019176006317138672
30090,normal,1293,0,1782358740.9098768,0.0021173954010009766
30091,normal,1499,0,1782358740.9118626,0.001985788345336914
30092,normal,3120,1,1782358740.913755,0.0018923282623291016
30093,normal,2191,0,1782358740.9158413,0.0020864009857177734
30094,normal,2200,0,1782358740.917854,0.0020127296447753906
30095,normal,3616,0,1782358740.9197452,0.0018911361694335938
30096,normal,1133,0,1782358740.9219208,0.002175569534301758
30097,normal,1141,0,1782358740.9238586,0.0019378662109375
30098,normal,2008,0,1782358740.925748,0.0018894672393798828
30099,normal,3536,0,1782358740.9279351,0.002187013626098633
30100,normal,3576,0,1782358740.929853,0.0019178390502929688
30101,normal,1181,0,1782358740.9317582,0.001905202865600586
30102,normal,795,2,1782358740.9338734,0.0021152496337890625
30103,normal,1214,0,1782358740.93594,0.0020666122436523438
30104,normal,1631,0,1782358740.9377975,0.0018575191497802734
30105,normal,552,0,1782358740.9398468,0.0020492076873779297
30106,normal,3172,1,1782358740.941916,0.002069234848022461
30107,normal,2368,0,1782358740.9437687,0.0018527507781982422
30108,normal,3545,0,1782358740.9458866,0.0021178722381591797
30109,normal,1126,0,1782358740.947874,0.001987457275390625
30110,normal,696,0,1782358740.9497247,0.0018506050109863281
30111,normal,432,0,1782358740.95184,0.0021152496337890625
30112,normal,1290,0,1782358740.953856,0.0020160675048828125
30113,normal,139,0,1782358740.9557383,0.001882314682006836
30114,normal,2628,0,1782358740.9580593,0.002321004867553711
30115,normal,3461,0,1782358740.9598782,0.0018188953399658203
30116,normal,2287,0,1782358740.9617887,0.0019104480743408203
30117,normal,474,0,1782358740.9639578,0.0021691322326660156
30118,normal,1347,1,1782358740.9660666,0.0021088123321533203
30119,normal,2935,0,1782358740.9677978,0.0017311573028564453
30120,normal,3377,1,1782358740.9699535,0.002155780792236328
30121,normal,880,2,1782358740.9719546,0.002001047134399414
30122,normal,2896,0,1782358740.9738438,0.0018892288208007812
30123,normal,41,0,1782358740.9757397,0.001895904541015625
30124,normal,652,0,1782358740.9778407,0.0021009445190429688
30125,normal,885,2,1782358740.9797266,0.0018858909606933594
30126,normal,1505,0,1782358740.9818847,0.0021581649780273438
30127,normal,2455,0,1782358740.9838426,0.0019578933715820312
30128,normal,2477,0,1782358740.9857218,0.0018792152404785156
30129,normal,658,0,1782358740.987838,0.0021162033081054688
30130,normal,2017,0,1782358740.9898334,0.0019953250885009766
30131,normal,2857,0,1782358740.9917245,0.0018911361694335938
30132,normal,3525,0,1782358740.9945476,0.0028231143951416016
30133,normal,1120,0,1782358740.995896,0.0013484954833984375
30134,normal,590,0,1782358740.9977462,0.001850128173828125
30135,normal,1033,0,1782358740.999841,0.002094745635986328
30136,normal,3359,1,1782358741.0018544,0.0020134449005126953
30137,normal,3553,0,1782358741.00376,0.001905679702758789
30138,normal,280,0,1782358741.005985,0.0022249221801757812
30139,normal,1514,0,1782358741.0079153,0.00193023681640625
30140,normal,2514,0,1782358741.009779,0.001863718032836914
30141,normal,160,0,1782358741.011846,0.002067089080810547
30142,normal,239,0,1782358741.0138502,0.0020041465759277344
30143,normal,3191,1,1782358741.015764,0.0019137859344482422
30144,normal,1403,0,1782358741.017855,0.002090930938720703
30145,normal,964,2,1782358741.0198576,0.002002716064453125
30146,normal,1219,0,1782358741.021853,0.0019953250885009766
30147,normal,2299,0,1782358741.0244036,0.0025506019592285156
30148,normal,1854,0,1782358741.0259533,0.0015497207641601562
30149,normal,2912,0,1782358741.0279782,0.0020248889923095703
30150,normal,889,2,1782358741.0298793,0.0019011497497558594
30151,normal,1669,0,1782358741.0318632,0.0019838809967041016
30152,normal,1817,0,1782358741.0337405,0.0018773078918457031
30153,normal,59,0,1782358741.0360503,0.0023097991943359375
30154,normal,1888,0,1782358741.0382478,0.0021975040435791016
30155,normal,2165,0,1782358741.0397801,0.0015323162078857422
30156,normal,2831,0,1782358741.0418687,0.0020885467529296875
30157,normal,163,0,1782358741.04385,0.0019812583923339844
30158,normal,3326,1,1782358741.0457268,0.0018768310546875
30159,normal,1834,0,1782358741.0478442,0.0021173954010009766
30160,normal,305,0,1782358741.0498683,0.0020241737365722656
30161,normal,1811,0,1782358741.0517836,0.0019152164459228516
30162,normal,2266,0,1782358741.0539227,0.0021390914916992188
30163,normal,1721,0,1782358741.055923,0.0020003318786621094
30164,normal,200,0,1782358741.0577147,0.0017917156219482422
30165,normal,815,2,1782358741.0598772,0.002162456512451172
30166,normal,3341,1,1782358741.0618813,0.0020041465759277344
30167,normal,1238,0,1782358741.0638096,0.0019283294677734375
30168,normal,2284,0,1782358741.0658822,0.002072572708129883
30169,normal,578,0,1782358741.0678437,0.0019614696502685547
30170,normal,3167,1,1782358741.069752,0.0019083023071289062
30171,normal,2162,0,1782358741.0718603,0.002108335494995117
30172,normal,3043,0,1782358741.073864,0.0020036697387695312
30173,normal,2938,0,1782358741.0757463,0.001882314682006836
30174,normal,1574,0,1782358741.0778632,0.0021169185638427734
30175,normal,923,2,1782358741.0798662,0.0020029544830322266
30176,normal,2206,0,1782358741.0817697,0.001903533935546875
30177,normal,2433,0,1782358741.0839317,0.0021619796752929688
30178,normal,1013,2,1782358741.0858583,0.0019266605377197266
30179,normal,3708,0,1782358741.0877461,0.0018877983093261719
30180,normal,2705,0,1782358741.0898538,0.0021076202392578125
30181,normal,2164,0,1782358741.0918622,0.0020084381103515625
30182,normal,3615,0,1782358741.093795,0.0019328594207763672
30183,normal,921,2,1782358741.0958698,0.002074718475341797
30184,normal,532,0,1782358741.0979457,0.0020759105682373047
30185,normal,1139,0,1782358741.0997586,0.0018129348754882812
30186,normal,3690,0,1782358741.1018684,0.0021097660064697266
30187,normal,2313,0,1782358741.1039252,0.0020568370819091797
30188,normal,2220,0,1782358741.1057942,0.0018689632415771484
30189,normal,3027,0,1782358741.1077487,0.0019545555114746094
30190,normal,411,0,1782358741.109846,0.0020973682403564453
30191,normal,1762,0,1782358741.111732,0.0018858909606933594
30192,normal,173,0,1782358741.1139336,0.002201557159423828
30193,normal,2374,0,1782358741.115894,0.0019605159759521484
30194,normal,2924,0,1782358741.1177838,0.0018897056579589844
30195,normal,1306,0,1782358741.11994,0.0021562576293945312
30196,normal,1284,0,1782358741.1220589,0.002118825912475586
30197,normal,1456,0,1782358741.1237965,0.0017375946044921875
30198,normal,2844,0,1782358741.12575,0.001953601837158203
30199,normal,2112,0,1782358741.1277776,0.0020275115966796875
30200,normal,827,2,1782358741.1298542,0.0020766258239746094
30201,normal,77,0,1782358741.1317344,0.0018801689147949219
30202,normal,2636,0,1782358741.1338425,0.0021080970764160156
30203,normal,834,2,1782358741.1357884,0.0019459724426269531
30204,normal,95,0,1782358741.1378524,0.0020639896392822266
30205,normal,1866,0,1782358741.1397245,0.0018720626831054688
30206,normal,2171,0,1782358741.1418426,0.0021181106567382812
30207,normal,954,2,1782358741.1437254,0.001882791519165039
30208,normal,470,0,1782358741.1458611,0.002135753631591797
30209,normal,3547,0,1782358741.1480634,0.002202272415161133
30210,normal,759,0,1782358741.1497715,0.0017080307006835938
30211,normal,2733,0,1782358741.151878,0.0021066665649414062
30212,normal,537,0,1782358741.1537719,0.001893758773803711
30213,normal,2369,0,1782358741.1558397,0.0020678043365478516
30214,normal,2471,0,1782358741.1578526,0.002012968063354492
30215,normal,1121,0,1782358741.1597593,0.0019066333770751953
30216,normal,1614,0,1782358741.161862,0.0021026134490966797
30217,normal,1385,0,1782358741.1640043,0.0021424293518066406
30218,normal,2153,0,1782358741.165726,0.0017216205596923828
30219,normal,3584,0,1782358741.1678479,0.0021219253540039062
30220,normal,3417,0,1782358741.1698434,0.001995563507080078
30221,normal,666,0,1782358741.1717668,0.0019233226776123047
30222,normal,3488,0,1782358741.1738577,0.002090930938720703
30223,normal,2659,0,1782358741.1758769,0.002019166946411133
30224,normal,548,0,1782358741.1777759,0.0018990039825439453
30225,normal,674,0,1782358741.1798463,0.0020704269409179688
30226,normal,3360,1,1782358741.181847,0.0020008087158203125
30227,normal,2590,0,1782358741.1839952,0.002148151397705078
30228,normal,1174,0,1782358741.1863956,0.0024003982543945312
30229,normal,2070,0,1782358741.1877515,0.001355886459350586
30230,normal,57,0,1782358741.189829,0.0020775794982910156
30231,normal,1172,0,1782358741.1917348,0.001905679702758789
30232,normal,2779,0,1782358741.1938818,0.0021469593048095703
30233,normal,1109,0,1782358741.1959977,0.002115964889526367
30234,normal,2908,0,1782358741.197875,0.0018773078918457031
30235,normal,1373,1,1782358741.2001188,0.0022437572479248047
30236,normal,1358,1,1782358741.2019012,0.0017824172973632812
30237,normal,1304,0,1782358741.2043052,0.0024039745330810547
30238,normal,2874,0,1782358741.2063007,0.001995563507080078
30239,normal,3435,0,1782358741.2079105,0.00160980224609375
30240,normal,2207,0,1782358741.2098806,0.001970052719116211
30241,normal,2639,0,1782358741.211914,0.0020334720611572266
30242,normal,841,2,1782358741.2138777,0.0019636154174804688
30243,normal,3212,1,1782358741.2159789,0.0021011829376220703
30244,normal,1862,0,1782358741.217976,0.001997232437133789
30245,normal,124,0,1782358741.2198644,0.001888275146484375
30246,normal,3328,1,1782358741.221977,0.0021126270294189453
30247,normal,2062,0,1782358741.2240195,0.002042531967163086
30248,normal,2305,0,1782358741.2258441,0.0018246173858642578
30249,normal,581,0,1782358741.2280471,0.0022029876708984375
30250,normal,1119,0,1782358741.23004,0.001992940902709961
30251,normal,763,0,1782358741.2327855,0.002745389938354492
30252,normal,1688,0,1782358741.2337692,0.0009837150573730469
30253,normal,925,2,1782358741.235994,0.0022249221801757812
30254,normal,2618,0,1782358741.2377684,0.0017743110656738281
30255,normal,813,2,1782358741.239982,0.0022134780883789062
30256,normal,2474,0,1782358741.2419908,0.0020089149475097656
30257,normal,669,0,1782358741.2437751,0.0017843246459960938
30258,normal,2174,0,1782358741.2459884,0.0022132396697998047
30259,normal,1725,0,1782358741.2480285,0.0020401477813720703
30260,normal,3357,1,1782358741.2499,0.0018715858459472656
30261,normal,1028,2,1782358741.2518775,0.0019774436950683594
30262,normal,550,0,1782358741.2539868,0.0021092891693115234
30263,normal,2990,0,1782358741.2563102,0.0023233890533447266
30264,normal,392,0,1782358741.2577877,0.0014774799346923828
30265,normal,982,2,1782358741.2599974,0.0022096633911132812
30266,normal,3046,1,1782358741.2619205,0.0019230842590332031
30267,normal,1949,0,1782358741.2637713,0.0018508434295654297
30268,normal,3117,1,1782358741.265972,0.002200603485107422
30269,normal,2139,0,1782358741.2678745,0.0019025802612304688
30270,normal,2000,0,1782358741.2701218,0.002247333526611328
30271,normal,1047,0,1782358741.271875,0.001753091812133789
30272,normal,1998,0,1782358741.274099,0.0022242069244384766
30273,normal,895,2,1782358741.2759106,0.0018115043640136719
30274,normal,1758,0,1782358741.2781498,0.002239227294921875
30275,normal,3454,0,1782358741.2801561,0.0020062923431396484
30276,normal,3647,0,1782358741.2817779,0.0016217231750488281
30277,normal,766,0,1782358741.2839663,0.002188444137573242
30278,normal,3656,0,1782358741.2858596,0.0018932819366455078
30279,normal,3233,1,1782358741.2880929,0.002233266830444336
30280,normal,2188,0,1782358741.2898948,0.0018019676208496094
30281,normal,3190,1,1782358741.2918582,0.001963376998901367
30282,normal,2565,0,1782358741.2938514,0.0019931793212890625
30283,normal,3678,0,1782358741.2959592,0.002107858657836914
30284,normal,1878,0,1782358741.2984376,0.002478361129760742
30285,normal,13,0,1782358741.2998903,0.0014526844024658203
30286,normal,3150,1,1782358741.3019688,0.002078533172607422
30287,normal,1204,0,1782358741.3037477,0.0017788410186767578
30288,normal,447,0,1782358741.3059623,0.002214670181274414
30289,normal,3419,0,1782358741.3080955,0.0021331310272216797
30290,normal,234,0,1782358741.3098114,0.0017158985137939453
30291,normal,2257,0,1782358741.311972,0.0021605491638183594
30292,normal,1534,0,1782358741.3139849,0.002012968063354492
30293,normal,1484,0,1782358741.3158858,0.0019009113311767578
30294,normal,2926,0,1782358741.3180208,0.002135038375854492
30295,normal,2575,0,1782358741.3202014,0.0021805763244628906
30296,normal,567,0,1782358741.321869,0.0016674995422363281
30297,normal,2145,0,1782358741.3240328,0.0021638870239257812
30298,normal,2803,0,1782358741.3260314,0.0019986629486083984
30299,normal,1104,0,1782358741.3279767,0.0019452571868896484
30300,normal,1275,0,1782358741.3300376,0.0020608901977539062
30301,normal,1651,0,1782358741.332021,0.0019834041595458984
30302,normal,607,0,1782358741.3338678,0.0018467903137207031
30303,normal,870,2,1782358741.3359628,0.0020949840545654297
30304,normal,2218,0,1782358741.3380194,0.002056598663330078
30305,normal,777,2,1782358741.3400378,0.002018451690673828
30306,normal,928,2,1782358741.3419626,0.001924753189086914
30307,normal,1351,1,1782358741.3440025,0.0020399093627929688
30308,normal,2788,0,1782358741.3457851,0.0017826557159423828
30309,normal,3422,0,1782358741.3479784,0.0021932125091552734
30310,normal,3070,1,1782358741.349798,0.001819610595703125
30311,normal,576,0,1782358741.3517854,0.001987457275390625
30312,normal,962,2,1782358741.3539362,0.0021507740020751953
30313,normal,3272,1,1782358741.3559346,0.001998424530029297
30314,normal,3028,0,1782358741.3578212,0.001886606216430664
30315,normal,1719,0,1782358741.3597927,0.0019714832305908203
30316,normal,46,0,1782358741.3618398,0.0020470619201660156
30317,normal,2,0,1782358741.3637836,0.001943826675415039
30318,normal,1132,0,1782358741.3659127,0.002129077911376953
30319,normal,608,0,1782358741.367954,0.002041339874267578
30320,normal,2933,0,1782358741.369764,0.0018100738525390625
30321,normal,1897,0,1782358741.3718493,0.0020852088928222656
30322,normal,2397,0,1782358741.373843,0.0019936561584472656
30323,normal,421,0,1782358741.3757575,0.0019145011901855469
30324,normal,1522,0,1782358741.3778567,0.002099275588989258
30325,normal,1860,0,1782358741.3798738,0.0020170211791992188
30326,normal,2693,0,1782358741.38176,0.001886129379272461
30327,normal,2953,0,1782358741.383877,0.002117156982421875
30328,normal,25,0,1782358741.385862,0.0019850730895996094
30329,normal,459,0,1782358741.3877895,0.0019273757934570312
30330,normal,355,0,1782358741.3898456,0.002056121826171875
30331,normal,1093,0,1782358741.3918643,0.0020186901092529297
30332,normal,2746,0,1782358741.3937435,0.0018792152404785156
30333,normal,2357,0,1782358741.3958454,0.002101898193359375
30334,normal,3186,1,1782358741.3978496,0.0020041465759277344
30335,normal,1629,0,1782358741.399755,0.0019054412841796875
30336,normal,1243,0,1782358741.4019094,0.0021543502807617188
30337,normal,1777,0,1782358741.4039075,0.0019981861114501953
30338,normal,2704,0,1782358741.405816,0.0019085407257080078
30339,normal,600,0,1782358741.4078963,0.002080202102661133
30340,normal,2584,0,1782358741.4098556,0.0019593238830566406
30341,normal,2571,0,1782358741.411776,0.001920461654663086
30342,normal,910,2,1782358741.4139132,0.0021371841430664062
30343,normal,2727,0,1782358741.4158392,0.0019259452819824219
30344,normal,601,0,1782358741.4177356,0.0018963813781738281
30345,normal,492,0,1782358741.419845,0.002109527587890625
30346,normal,2074,0,1782358741.421848,0.0020029544830322266
30347,normal,3158,1,1782358741.4239156,0.00206756591796875
30348,normal,2666,0,1782358741.425761,0.0018453598022460938
30349,normal,496,0,1782358741.4278996,0.0021386146545410156
30350,normal,3075,1,1782358741.429854,0.001954317092895508
30351,normal,2420,0,1782358741.4319212,0.0020673274993896484
30352,normal,2404,0,1782358741.4338953,0.0019741058349609375
30353,normal,2446,0,1782358741.435792,0.0018966197967529297
30354,normal,254,0,1782358741.437979,0.002187013626098633
30355,normal,285,0,1782358741.4399645,0.0019855499267578125
30356,normal,1761,0,1782358741.4417622,0.0017976760864257812
30357,normal,1656,0,1782358741.4438694,0.0021071434020996094
30358,normal,3366,1,1782358741.4458423,0.0019729137420654297
30359,normal,3498,0,1782358741.4477365,0.001894235610961914
30360,normal,2123,0,1782358741.4499052,0.0021686553955078125
30361,normal,2054,0,1782358741.4518414,0.001936197280883789
30362,normal,663,0,1782358741.4537234,0.0018820762634277344
30363,normal,318,0,1782358741.4558372,0.002113819122314453
30364,normal,828,2,1782358741.4578426,0.002005338668823242
30365,normal,295,0,1782358741.4604137,0.00257110595703125
30366,normal,2256,0,1782358741.4620163,0.0016026496887207031
30367,normal,2757,0,1782358741.4638925,0.0018761157989501953
30368,normal,2823,0,1782358741.465745,0.0018525123596191406
30369,normal,704,0,1782358741.467852,0.0021071434020996094
30370,normal,3156,1,1782358741.4698534,0.0020012855529785156
30371,normal,2472,0,1782358741.4717805,0.0019271373748779297
30372,normal,2155,0,1782358741.4741335,0.0023529529571533203
30373,normal,812,2,1782358741.4757466,0.0016131401062011719
30374,normal,3490,0,1782358741.4778361,0.0020895004272460938
30375,normal,3170,1,1782358741.47974,0.0019037723541259766
30376,normal,1279,0,1782358741.4818585,0.0021185874938964844
30377,normal,1600,0,1782358741.4837632,0.0019047260284423828
30378,normal,764,0,1782358741.486309,0.0025458335876464844
30379,normal,1697,0,1782358741.4879987,0.0016896724700927734
30380,normal,3519,0,1782358741.489817,0.0018181800842285156
30381,normal,325,0,1782358741.4918098,0.001992940902709961
30382,normal,2923,0,1782358741.493951,0.002141237258911133
30383,normal,3426,0,1782358741.4958315,0.0018804073333740234
30384,normal,3255,1,1782358741.4978638,0.0020322799682617188
30385,normal,642,0,1782358741.5000668,0.0022029876708984375
30386,normal,495,0,1782358741.501894,0.001827239990234375
30387,normal,391,0,1782358741.5038054,0.0019114017486572266
30388,normal,1814,0,1782358741.505858,0.0020525455474853516
30389,normal,2518,0,1782358741.5078275,0.001969575881958008
30390,normal,260,0,1782358741.5099926,0.002165079116821289
30391,normal,1244,0,1782358741.5118597,0.001867055892944336
30392,normal,1781,0,1782358741.5137439,0.0018842220306396484
30393,normal,1010,2,1782358741.5158496,0.002105712890625
30394,normal,1696,0,1782358741.5178573,0.002007722854614258
30395,normal,3249,1,1782358741.5197487,0.0018913745880126953
30396,normal,899,2,1782358741.5217633,0.002014636993408203
30397,normal,594,0,1782358741.5238726,0.0021092891693115234
30398,normal,855,2,1782358741.5257854,0.001912832260131836
30399,normal,3416,0,1782358741.5279205,0.002135038375854492
30400,normal,3614,0,1782358741.529941,0.002020597457885742
30401,normal,549,0,1782358741.5318081,0.001867055892944336
30402,normal,2755,0,1782358741.5338743,0.0020661354064941406
30403,normal,3081,1,1782358741.5358613,0.001986980438232422
30404,normal,1978,0,1782358741.537789,0.0019278526306152344
30405,normal,1875,0,1782358741.5399451,0.0021560192108154297
30406,normal,1388,0,1782358741.542106,0.002160787582397461
30407,normal,424,0,1782358741.5437257,0.0016198158264160156
30408,normal,2531,0,1782358741.545853,0.0021271705627441406
30409,normal,1749,0,1782358741.547861,0.002008199691772461
30410,normal,3168,1,1782358741.5497587,0.001897573471069336
30411,normal,3298,1,1782358741.551856,0.0020973682403564453
30412,normal,1228,0,1782358741.5538754,0.0020194053649902344
30413,normal,3288,1,1782358741.5557606,0.0018851757049560547
30414,normal,3031,0,1782358741.557884,0.0021233558654785156
30415,normal,2982,0,1782358741.5599482,0.002064228057861328
30416,normal,380,0,1782358741.5617566,0.0018084049224853516
30417,normal,3569,0,1782358741.563848,0.0020914077758789062
30418,normal,2279,0,1782358741.5658467,0.0019986629486083984
30419,normal,3447,0,1782358741.5677412,0.0018944740295410156
30420,normal,2277,0,1782358741.5698454,0.0021042823791503906
30421,normal,3465,0,1782358741.571856,0.0020105838775634766
30422,normal,872,2,1782358741.5737815,0.0019254684448242188
30423,normal,2427,0,1782358741.5759125,0.0021309852600097656
30424,normal,2264,0,1782358741.5780005,0.0020880699157714844
30425,normal,3350,1,1782358741.5798085,0.0018079280853271484
30426,normal,3672,0,1782358741.5818002,0.001991748809814453
30427,normal,473,0,1782358741.583895,0.002094745635986328
30428,normal,2089,0,1782358741.5857651,0.0018701553344726562
30429,normal,2872,0,1782358741.5878997,0.002134561538696289
30430,normal,989,2,1782358741.589833,0.0019333362579345703
30431,normal,1307,0,1782358741.5917463,0.001913309097290039
30432,normal,1513,0,1782358741.5938396,0.0020933151245117188
30433,normal,3652,0,1782358741.5958464,0.0020067691802978516
30434,normal,2401,0,1782358741.5978706,0.0020241737365722656
30435,normal,390,0,1782358741.5998132,0.0019426345825195312
30436,normal,3040,0,1782358741.6019247,0.0021114349365234375
30437,normal,255,0,1782358741.6038318,0.0019071102142333984
30438,normal,3352,1,1782358741.605966,0.0021343231201171875
30439,normal,765,0,1782358741.6079013,0.0019352436065673828
30440,normal,1782,0,1782358741.6098678,0.0019664764404296875
30441,normal,2019,0,1782358741.6118631,0.0019953250885009766
30442,normal,1859,0,1782358741.6139069,0.0020437240600585938
30443,normal,3349,1,1782358741.6157327,0.0018258094787597656
30444,normal,2762,0,1782358741.6178463,0.0021135807037353516
30445,normal,2230,0,1782358741.6198351,0.0019888877868652344
30446,normal,2677,0,1782358741.621812,0.0019769668579101562
30447,normal,1440,0,1782358741.6238563,0.002044200897216797
30448,normal,3389,1,1782358741.6258383,0.001981973648071289
30449,normal,3386,1,1782358741.6277275,0.0018892288208007812
30450,normal,1069,0,1782358741.6298463,0.002118825912475586
30451,normal,1519,0,1782358741.6318562,0.002009868621826172
30452,normal,3470,0,1782358741.6344366,0.002580404281616211
30453,normal,1545,0,1782358741.6358716,0.0014350414276123047
30454,normal,3157,1,1782358741.6378374,0.001965761184692383
30455,normal,971,2,1782358741.6397436,0.0019061565399169922
30456,normal,3627,0,1782358741.6418521,0.0021085739135742188
30457,normal,3184,1,1782358741.6438599,0.002007722854614258
30458,normal,15,0,1782358741.6459074,0.0020475387573242188
30459,normal,2865,0,1782358741.647762,0.0018546581268310547
30460,normal,957,2,1782358741.6498518,0.0020897388458251953
30461,normal,7,0,1782358741.651743,0.0018911361694335938
30462,normal,3021,0,1782358741.6538577,0.0021147727966308594
30463,normal,91,0,1782358741.655857,0.001999378204345703
30464,normal,1002,2,1782358741.6577597,0.0019025802612304688
30465,normal,2243,0,1782358741.6600652,0.0023055076599121094
30466,normal,2269,0,1782358741.662008,0.0019428730010986328
30467,normal,3370,1,1782358741.6644652,0.002457141876220703
30468,normal,3455,0,1782358741.6657627,0.0012974739074707031
30469,normal,1991,0,1782358741.6680775,0.0023148059844970703
30470,normal,357,0,1782358741.6698968,0.0018193721771240234
30471,normal,500,0,1782358741.6719234,0.0020265579223632812
30472,normal,2552,0,1782358741.6738632,0.0019397735595703125
30473,normal,3055,1,1782358741.6757438,0.001880645751953125
30474,normal,1314,0,1782358741.678119,0.0023751258850097656
30475,normal,1818,0,1782358741.6801925,0.002073526382446289
30476,normal,2670,0,1782358741.6818273,0.001634836196899414
30477,normal,1756,0,1782358741.6837788,0.001951456069946289
30478,normal,404,0,1782358741.685852,0.0020732879638671875
30479,normal,1088,0,1782358741.687748,0.001895904541015625
30480,normal,614,0,1782358741.6898632,0.0021152496337890625
30481,normal,2731,0,1782358741.6918964,0.002033233642578125
30482,normal,1137,0,1782358741.693805,0.0019085407257080078
30483,normal,2010,0,1782358741.695907,0.0021021366119384766
30484,normal,1702,0,1782358741.6979284,0.002021312713623047
30485,normal,1670,0,1782358741.6998136,0.0018851757049560547
30486,normal,2581,0,1782358741.7019193,0.002105712890625
30487,normal,1775,0,1782358741.703844,0.001924753189086914
30488,normal,1964,0,1782358741.7057564,0.0019123554229736328
30489,normal,3709,0,1782358741.7078598,0.0021033287048339844
30490,normal,43,0,1782358741.7098622,0.0020024776458740234
30491,normal,3041,0,1782358741.711765,0.0019028186798095703
30492,normal,3528,0,1782358741.7138972,0.0021321773529052734
30493,normal,3308,1,1782358741.7158663,0.0019690990447998047
30494,normal,93,0,1782358741.7177567,0.001890420913696289
30495,normal,3467,0,1782358741.7198627,0.0021059513092041016
30496,normal,3575,0,1782358741.721935,0.0020723342895507812
30497,normal,1896,0,1782358741.7238438,0.0019087791442871094
30498,normal,1712,0,1782358741.7257605,0.001916646957397461
30499,normal,3530,0,1782358741.7278585,0.00209808349609375
30500,normal,296,0,1782358741.729771,0.0019123554229736328
30501,normal,2053,0,1782358741.7318482,0.002077341079711914
30502,normal,2488,0,1782358741.7338383,0.001990079879760742
30503,normal,504,0,1782358741.7357535,0.0019152164459228516
30504,normal,2071,0,1782358741.7378755,0.0021219253540039062
30505,normal,1784,0,1782358741.7399278,0.00205230712890625
30506,normal,211,0,1782358741.7418618,0.001934051513671875
30507,normal,2069,0,1782358741.7440078,0.002146005630493164
30508,normal,468,0,1782358741.745876,0.0018682479858398438
30509,normal,1005,2,1782358741.7479193,0.0020432472229003906
30510,normal,2111,0,1782358741.7497365,0.0018172264099121094
30511,normal,376,0,1782358741.751845,0.002108335494995117
30512,normal,67,0,1782358741.7537282,0.0018832683563232422
30513,normal,2182,0,1782358741.755954,0.0022258758544921875
30514,normal,202,0,1782358741.757846,0.00189208984375
30515,normal,1432,0,1782358741.7597246,0.001878499984741211
30516,normal,1034,0,1782358741.7618423,0.002117633819580078
30517,normal,1686,0,1782358741.7641203,0.0022780895233154297
30518,normal,967,2,1782358741.7661223,0.0020020008087158203
30519,normal,274,0,1782358741.7677712,0.0016489028930664062
30520,normal,665,0,1782358741.7698379,0.0020666122436523438
30521,normal,1706,0,1782358741.7717338,0.001895904541015625
30522,normal,2247,0,1782358741.7738366,0.0021028518676757812
30523,normal,1944,0,1782358741.7761366,0.0023000240325927734
30524,normal,1479,0,1782358741.7777243,0.0015876293182373047
30525,normal,3619,0,1782358741.7798476,0.0021233558654785156
30526,normal,2706,0,1782358741.7818506,0.0020029544830322266
30527,normal,2458,0,1782358741.783744,0.0018935203552246094
30528,normal,2806,0,1782358741.7861311,0.0023870468139648438
30529,normal,99,0,1782358741.7878752,0.0017440319061279297
30530,normal,528,0,1782358741.7898073,0.0019321441650390625
30531,normal,2588,0,1782358741.7919106,0.0021033287048339844
30532,normal,3459,0,1782358741.7939615,0.0020508766174316406
30533,normal,1774,0,1782358741.7959774,0.002015829086303711
30534,normal,2658,0,1782358741.797894,0.001916646957397461
30535,normal,1994,0,1782358741.7998464,0.0019524097442626953
30536,normal,412,0,1782358741.8017359,0.0018894672393798828
30537,normal,1827,0,1782358741.803845,0.002109050750732422
30538,normal,1810,0,1782358741.8060837,0.002238750457763672
30539,normal,920,2,1782358741.8082366,0.0021529197692871094
30540,normal,2411,0,1782358741.80989,0.001653432846069336
30541,normal,250,0,1782358741.8122692,0.002379179000854492
30542,normal,446,0,1782358741.814184,0.0019147396087646484
30543,normal,2467,0,1782358741.8170462,0.002862215042114258
30544,normal,3093,1,1782358741.8178234,0.0007772445678710938
30545,normal,2235,0,1782358741.819923,0.0020995140075683594
30546,normal,2862,0,1782358741.8217914,0.0018684864044189453
30547,normal,3211,1,1782358741.824226,0.0024344921112060547
30548,normal,2814,0,1782358741.8259852,0.0017592906951904297
30549,normal,1649,0,1782358741.8279846,0.001999378204345703
30550,normal,1953,0,1782358741.8300867,0.0021021366119384766
30551,normal,1947,0,1782358741.8319952,0.0019085407257080078
30552,normal,2840,0,1782358741.8340077,0.002012491226196289
30553,normal,368,0,1782358741.8360019,0.0019941329956054688
30554,normal,823,2,1782358741.838048,0.0020461082458496094
30555,normal,1250,0,1782358741.8399897,0.001941680908203125
30556,normal,651,0,1782358741.8417954,0.0018057823181152344
30557,normal,3139,1,1782358741.8438337,0.002038240432739258
30558,normal,2861,0,1782358741.8458245,0.001990795135498047
30559,normal,2745,0,1782358741.8477964,0.0019719600677490234
30560,normal,1967,0,1782358741.8497272,0.0019307136535644531
30561,normal,1211,0,1782358741.851791,0.002063751220703125
30562,normal,3174,1,1782358741.8539002,0.0021092891693115234
30563,normal,1512,0,1782358741.8557205,0.0018203258514404297
30564,normal,3489,0,1782358741.8577917,0.0020711421966552734
30565,normal,3408,0,1782358741.8599603,0.0021686553955078125
30566,normal,3161,1,1782358741.8617344,0.0017740726470947266
30567,normal,476,0,1782358741.8638313,0.002096891403198242
30568,normal,3415,0,1782358741.865919,0.002087831497192383
30569,normal,3448,0,1782358741.8677669,0.0018477439880371094
30570,normal,1852,0,1782358741.8698347,0.0020678043365478516
30571,normal,2352,0,1782358741.871905,0.0020704269409179688
30572,normal,3676,0,1782358741.8737667,0.001861572265625
30573,normal,2917,0,1782358741.8759906,0.002223968505859375
30574,normal,1922,0,1782358741.8778498,0.0018591880798339844
30575,normal,56,0,1782358741.8797617,0.0019118785858154297
30576,normal,3038,0,1782358741.881994,0.0022323131561279297
30577,normal,2424,0,1782358741.8838124,0.0018184185028076172
30578,normal,1444,0,1782358741.8857617,0.001949310302734375
30579,normal,135,0,1782358741.8879945,0.002232789993286133
30580,normal,2445,0,1782358741.88984,0.0018453598022460938
30581,normal,2599,0,1782358741.8917754,0.0019354820251464844
30582,normal,2043,0,1782358741.894082,0.002306699752807617
30583,normal,3114,1,1782358741.8959162,0.0018341541290283203
30584,normal,3306,1,1782358741.8979423,0.002026081085205078
30585,normal,1705,0,1782358741.8998508,0.0019085407257080078
30586,normal,4,0,1782358741.901905,0.0020542144775390625
30587,normal,510,0,1782358741.903763,0.0018579959869384766
30588,normal,3414,0,1782358741.9059055,0.0021424293518066406
30589,normal,917,2,1782358741.907965,0.002059459686279297
30590,normal,2442,0,1782358741.9097295,0.001764535903930664
30591,normal,2719,0,1782358741.9119232,0.0021936893463134766
30592,normal,2238,0,1782358741.9138076,0.00188446044921875
30593,normal,1349,1,1782358741.9157124,0.0019047260284423828
30594,normal,679,0,1782358741.9177725,0.0020601749420166016
30595,normal,1698,0,1782358741.9197316,0.001959085464477539
30596,normal,2503,0,1782358741.9217727,0.0020411014556884766
30597,normal,3013,0,1782358741.9237158,0.0019431114196777344
30598,normal,2645,0,1782358741.9257522,0.0020363330841064453
30599,normal,2921,0,1782358741.9277117,0.001959562301635742
30600,normal,253,0,1782358741.9297662,0.002054452896118164
30601,normal,3356,1,1782358741.931729,0.001962900161743164
30602,normal,407,0,1782358741.9337678,0.002038717269897461
30603,normal,545,0,1782358741.9357092,0.0019414424896240234
30604,normal,3469,0,1782358741.9377608,0.0020515918731689453
30605,normal,2034,0,1782358741.9397118,0.001950979232788086
30606,normal,3596,0,1782358741.9418101,0.0020983219146728516
30607,normal,2887,0,1782358741.943737,0.0019268989562988281
30608,normal,157,0,1782358741.9457734,0.0020363330841064453
30609,normal,2946,0,1782358741.9477108,0.0019373893737792969
30610,normal,489,0,1782358741.94976,0.0020492076873779297
30611,normal,2075,0,1782358741.9517171,0.0019571781158447266
30612,normal,2730,0,1782358741.9537816,0.0020644664764404297
30613,normal,570,0,1782358741.955732,0.0019505023956298828
30614,normal,1406,0,1782358741.9577749,0.0020427703857421875
30615,normal,2700,0,1782358741.9597127,0.0019378662109375
30616,normal,2653,0,1782358741.9617612,0.002048492431640625
30617,normal,2842,0,1782358741.963711,0.0019497871398925781
30618,normal,450,0,1782358741.9657753,0.002064228057861328
30619,normal,2955,0,1782358741.9677286,0.0019533634185791016
30620,normal,2419,0,1782358741.9697676,0.0020389556884765625
30621,normal,3259,1,1782358741.971711,0.001943349838256836
30622,normal,2180,0,1782358741.9737656,0.0020546913146972656
30623,normal,1606,0,1782358741.9757097,0.0019440650939941406
30624,normal,2963,0,1782358741.9777114,0.0020017623901367188
30625,normal,503,0,1782358741.979778,0.0020666122436523438
30626,normal,2322,0,1782358741.9817119,0.0019338130950927734
30627,normal,2799,0,1782358741.983771,0.0020592212677001953
30628,normal,3012,0,1782358741.9857311,0.0019600391387939453
30629,normal,2690,0,1782358741.9877706,0.0020394325256347656
30630,normal,425,0,1782358741.9897206,0.0019500255584716797
30631,normal,2900,0,1782358741.9917624,0.0020418167114257812
30632,normal,728,0,1782358741.993709,0.0019466876983642578
30633,normal,3621,0,1782358741.9957674,0.002058267593383789
30634,normal,192,0,1782358741.997726,0.001958608627319336
30635,normal,367,0,1782358741.9997468,0.0020208358764648438
30636,normal,1549,0,1782358742.0018554,0.0021085739135742188
30637,normal,2648,0,1782358742.003842,0.0019867420196533203
30638,normal,613,0,1782358742.0059156,0.002073526382446289
30639,normal,1283,0,1782358742.0079107,0.001995086669921875
30640,normal,3706,0,1782358742.009937,0.0020263195037841797
30641,normal,3004,0,1782358742.0117652,0.0018281936645507812
30642,normal,878,2,1782358742.0138996,0.0021343231201171875
30643,normal,2388,0,1782358742.015765,0.001865386962890625
30644,normal,1167,0,1782358742.0178568,0.0020918846130371094
30645,normal,968,2,1782358742.0197473,0.001890420913696289
30646,normal,2051,0,1782358742.0219126,0.0021653175354003906
30647,normal,2219,0,1782358742.0237584,0.0018458366394042969
30648,normal,807,2,1782358742.0258949,0.0021364688873291016
30649,normal,1778,0,1782358742.0277932,0.0018982887268066406
30650,normal,480,0,1782358742.02987,0.002076864242553711
30651,normal,3594,0,1782358742.031752,0.0018820762634277344
30652,normal,1164,0,1782358742.033932,0.002179861068725586
30653,normal,2920,0,1782358742.0357492,0.0018172264099121094
30654,normal,1952,0,1782358742.0378604,0.002111196517944336
30655,normal,2391,0,1782358742.0398004,0.001940011978149414
30656,normal,2957,0,1782358742.0418537,0.0020532608032226562
30657,normal,3020,0,1782358742.0437531,0.0018994808197021484
30658,normal,716,0,1782358742.0459416,0.002188444137573242
30659,normal,100,0,1782358742.047759,0.001817464828491211
30660,normal,2587,0,1782358742.0497766,0.002017498016357422
30661,normal,326,0,1782358742.0519116,0.002135038375854492
30662,normal,3271,1,1782358742.0537589,0.0018472671508789062
30663,normal,2941,0,1782358742.0557754,0.0020165443420410156
30664,normal,2003,0,1782358742.0579157,0.0021402835845947266
30665,normal,353,0,1782358742.0597568,0.0018410682678222656
30666,normal,2947,0,1782358742.0617816,0.0020248889923095703
30667,normal,970,2,1782358742.0639174,0.002135753631591797
30668,normal,18,0,1782358742.0657456,0.0018281936645507812
30669,normal,3446,0,1782358742.0677836,0.0020380020141601562
30670,normal,1759,0,1782358742.0699108,0.0021271705627441406
30671,normal,1590,0,1782358742.0717463,0.0018355846405029297
30672,normal,1507,0,1782358742.0737858,0.0020394325256347656
30673,normal,366,0,1782358742.0759137,0.0021278858184814453
30674,normal,2792,0,1782358742.077742,0.0018284320831298828
30675,normal,1427,0,1782358742.0797722,0.0020301342010498047
30676,normal,555,0,1782358742.081889,0.002116680145263672
30677,normal,1332,1,1782358742.0837176,0.0018286705017089844
30678,normal,2392,0,1782358742.0857048,0.0019872188568115234
30679,normal,1497,0,1782358742.087825,0.0021202564239501953
30680,normal,3268,1,1782358742.0897062,0.0018811225891113281
30681,normal,2558,0,1782358742.0917404,0.0020341873168945312
30682,normal,836,2,1782358742.0938601,0.002119779586791992
30683,normal,2646,0,1782358742.095711,0.0018508434295654297
30684,normal,1209,0,1782358742.0977042,0.0019931793212890625
30685,normal,2210,0,1782358742.0998201,0.002115964889526367
30686,normal,943,2,1782358742.1017113,0.0018911361694335938
30687,normal,2608,0,1782358742.103705,0.0019936561584472656
30688,normal,2729,0,1782358742.1058202,0.0021152496337890625
30689,normal,2688,0,1782358742.107709,0.0018887519836425781
30690,normal,2680,0,1782358742.1097515,0.002042531967163086
30691,normal,2826,0,1782358742.1117334,0.001981973648071289
30692,normal,267,0,1782358742.1138766,0.0021431446075439453
30693,normal,1588,0,1782358742.1157842,0.0019075870513916016
30694,normal,1261,0,1782358742.117911,0.002126932144165039
30695,normal,1548,0,1782358742.1197553,0.001844167709350586
30696,normal,1529,0,1782358742.1218798,0.0021245479583740234
30697,normal,997,2,1782358742.1238017,0.0019218921661376953
30698,normal,2496,0,1782358742.1258516,0.0020499229431152344
30699,normal,757,0,1782358742.1277997,0.0019481182098388672
30700,normal,2607,0,1782358742.1298423,0.002042531967163086
30701,normal,2918,0,1782358742.131851,0.002008676528930664
30702,normal,890,2,1782358742.1338074,0.001956462860107422
30703,normal,401,0,1782358742.1359112,0.0021038055419921875
30704,normal,691,0,1782358742.1377406,0.001829385757446289
30705,normal,2530,0,1782358742.1397386,0.0019979476928710938
30706,normal,2252,0,1782358742.141765,0.0020265579223632812
30707,normal,3142,1,1782358742.1437361,0.001971006393432617
30708,normal,631,0,1782358742.1457713,0.0020351409912109375
30709,normal,3319,1,1782358742.1478891,0.0021178722381591797
30710,normal,782,2,1782358742.149769,0.0018799304962158203
30711,normal,3155,1,1782358742.1518872,0.0021181106567382812
30712,normal,992,2,1782358742.1538002,0.0019130706787109375
30713,normal,1726,0,1782358742.1558518,0.0020515918731689453
30714,normal,977,2,1782358742.157804,0.0019521713256835938
30715,normal,1776,0,1782358742.159938,0.002134084701538086
30716,normal,703,0,1782358742.1617553,0.0018172264099121094
30717,normal,1338,1,1782358742.1638932,0.002137899398803711
30718,normal,2962,0,1782358742.1658,0.0019068717956542969
30719,normal,2830,0,1782358742.1679094,0.0021092891693115234
30720,normal,916,2,1782358742.1698074,0.001898050308227539
30721,normal,2482,0,1782358742.1719408,0.0021333694458007812
30722,normal,338,0,1782358742.173755,0.001814126968383789
30723,normal,2652,0,1782358742.1758983,0.002143383026123047
30724,normal,375,0,1782358742.1777985,0.0019001960754394531
30725,normal,660,0,1782358742.1799095,0.0021109580993652344
30726,normal,48,0,1782358742.1818123,0.0019028186798095703
30727,normal,1299,0,1782358742.1839342,0.0021219253540039062
30728,normal,1989,0,1782358742.1857493,0.0018150806427001953
30729,normal,1530,0,1782358742.187899,0.002149820327758789
30730,normal,3262,1,1782358742.1897972,0.001898050308227539
30731,normal,1345,1,1782358742.1918583,0.002061128616333008
30732,normal,1066,0,1782358742.193817,0.001958608627319336
30733,normal,3687,0,1782358742.1959398,0.0021228790283203125
30734,normal,3551,0,1782358742.197762,0.0018222332000732422
30735,normal,1291,0,1782358742.1999278,0.0021657943725585938
30736,normal,3501,0,1782358742.2018347,0.0019068717956542969
30737,normal,2346,0,1782358742.2038953,0.0020606517791748047
30738,normal,164,0,1782358742.2058258,0.0019304752349853516
30739,normal,2258,0,1782358742.2079632,0.002137422561645508
30740,normal,592,0,1782358742.2098231,0.001859903335571289
30741,normal,1566,0,1782358742.2121203,0.0022971630096435547
30742,normal,2559,0,1782358742.213959,0.00183868408203125
30743,normal,1678,0,1782358742.2159624,0.0020034313201904297
30744,normal,3130,1,1782358742.2180383,0.0020759105682373047
30745,normal,360,0,1782358742.2201004,0.002062082290649414
30746,normal,1660,0,1782358742.2218175,0.0017170906066894531
30747,normal,2567,0,1782358742.2241595,0.0023419857025146484
30748,normal,2170,0,1782358742.225888,0.0017285346984863281
30749,normal,488,0,1782358742.227948,0.0020599365234375
30750,normal,3702,0,1782358742.22989,0.0019421577453613281
30751,normal,659,0,1782358742.2320907,0.002200603485107422
30752,normal,1813,0,1782358742.2338002,0.0017094612121582031
30753,normal,3310,1,1782358742.2361426,0.0023424625396728516
30754,normal,2858,0,1782358742.237847,0.0017044544219970703
30755,normal,1171,0,1782358742.2400856,0.0022385120391845703
30756,normal,434,0,1782358742.241897,0.0018115043640136719
30757,normal,1580,0,1782358742.2440932,0.002196073532104492
30758,normal,2416,0,1782358742.245799,0.0017058849334716797
30759,normal,26,0,1782358742.2481546,0.0023555755615234375
30760,normal,144,0,1782358742.2498927,0.0017380714416503906
30761,normal,1146,0,1782358742.2519505,0.002057790756225586
30762,normal,3338,1,1782358742.2539012,0.0019507408142089844
30763,normal,379,0,1782358742.2560916,0.0021903514862060547
30764,normal,2536,0,1782358742.257802,0.0017104148864746094
30765,normal,2227,0,1782358742.260111,0.002309083938598633
30766,normal,1106,0,1782358742.2619476,0.001836538314819336
30767,normal,3675,0,1782358742.2639704,0.0020227432250976562
30768,normal,3524,0,1782358742.2659705,0.002000093460083008
30769,normal,2437,0,1782358742.268042,0.0020716190338134766
30770,normal,2527,0,1782358742.2697995,0.0017573833465576172
30771,normal,2109,0,1782358742.2721124,0.002312898635864258
30772,normal,2412,0,1782358742.2739496,0.0018372535705566406
30773,normal,110,0,1782358742.2759635,0.0020139217376708984
30774,normal,3010,0,1782358742.2779362,0.001972675323486328
30775,normal,2181,0,1782358742.280099,0.0021626949310302734
30776,normal,3650,0,1782358742.2817988,0.0016999244689941406
30777,normal,1150,0,1782358742.2841887,0.0023899078369140625
30778,normal,3098,1,1782358742.2858918,0.001703023910522461
30779,normal,2345,0,1782358742.2879486,0.0020568370819091797
30780,normal,3420,0,1782358742.290067,0.002118349075317383
30781,normal,2773,0,1782358742.2920907,0.0020236968994140625
30782,normal,3579,0,1782358742.2937956,0.0017049312591552734
30783,normal,3406,0,1782358742.2960813,0.0022857189178466797
30784,normal,348,0,1782358742.2979636,0.001882314682006836
30785,normal,1239,0,1782358742.2999527,0.001989126205444336
30786,normal,3062,1,1782358742.3019135,0.00196075439453125
30787,normal,3562,0,1782358742.304104,0.0021905899047851562
30788,normal,321,0,1782358742.3058002,0.0016961097717285156
30789,normal,1915,0,1782358742.3080888,0.0022885799407958984
30790,normal,800,2,1782358742.3099616,0.0018727779388427734
30791,normal,2468,0,1782358742.31195,0.0019884109497070312
30792,normal,1516,0,1782358742.3140423,0.0020923614501953125
30793,normal,1760,0,1782358742.3160903,0.002048015594482422
30794,normal,2621,0,1782358742.3178134,0.0017230510711669922
30795,normal,3118,1,1782358742.320095,0.002281665802001953
30796,normal,2743,0,1782358742.3219607,0.0018656253814697266
30797,normal,1496,0,1782358742.323965,0.002004384994506836
30798,normal,369,0,1782358742.3258145,0.0018494129180908203
30799,normal,1807,0,1782358742.3281124,0.0022978782653808594
30800,normal,3204,1,1782358742.3298025,0.0016901493072509766
30801,normal,1327,1,1782358742.3320978,0.002295255661010742
30802,normal,1249,0,1782358742.3339615,0.001863718032836914
30803,normal,252,0,1782358742.3359501,0.001988649368286133
30804,normal,1001,2,1782358742.33809,0.0021398067474365234
30805,normal,2341,0,1782358742.340092,0.0020020008087158203
30806,normal,1387,0,1782358742.341835,0.0017430782318115234
30807,normal,2585,0,1782358742.3441017,0.0022666454315185547
30808,normal,409,0,1782358742.3459792,0.0018775463104248047
30809,normal,1894,0,1782358742.347956,0.0019767284393310547
30810,normal,2980,0,1782358742.3497841,0.0018281936645507812
30811,normal,1237,0,1782358742.3519697,0.0021855831146240234
30812,normal,709,0,1782358742.3537805,0.0018107891082763672
30813,normal,3245,1,1782358742.3559937,0.0022132396697998047
30814,normal,1353,1,1782358742.357943,0.001949310302734375
30815,normal,1334,1,1782358742.3597622,0.0018191337585449219
30816,normal,680,0,1782358742.3619955,0.002233266830444336
30817,normal,565,0,1782358742.364086,0.0020904541015625
30818,normal,1594,0,1782358742.3658192,0.0017333030700683594
30819,normal,2056,0,1782358742.3681135,0.002294301986694336
30820,normal,1707,0,1782358742.3698359,0.0017223358154296875
30821,normal,3153,1,1782358742.3721035,0.002267599105834961
30822,normal,214,0,1782358742.373872,0.0017685890197753906
30823,normal,2511,0,1782358742.376097,0.0022249221801757812
30824,normal,104,0,1782358742.377819,0.001722097396850586
30825,normal,2360,0,1782358742.3801289,0.0023097991943359375
30826,normal,2801,0,1782358742.3818083,0.0016794204711914062
30827,normal,875,2,1782358742.3839676,0.0021593570709228516
30828,normal,2902,0,1782358742.386021,0.0020532608032226562
30829,normal,1267,0,1782358742.388096,0.0020751953125
30830,normal,3537,0,1782358742.389802,0.0017058849334716797
30831,normal,1675,0,1782358742.3920238,0.002221822738647461
30832,normal,3007,0,1782358742.3940978,0.002074003219604492
30833,normal,94,0,1782358742.3957653,0.0016674995422363281
30834,normal,1700,0,1782358742.3980439,0.002278566360473633
30835,normal,3177,1,1782358742.3999126,0.0018687248229980469
30836,normal,1430,0,1782358742.4017723,0.0018596649169921875
30837,normal,3554,0,1782358742.4039314,0.00215911865234375
30838,normal,2400,0,1782358742.4059715,0.0020401477813720703
30839,normal,1605,0,1782358742.4077835,0.001811981201171875
30840,normal,1224,0,1782358742.4099329,0.002149343490600586
30841,normal,176,0,1782358742.4119334,0.002000570297241211
30842,normal,2493,0,1782358742.4137878,0.0018544197082519531
30843,normal,516,0,1782358742.4158623,0.0020744800567626953
30844,normal,1809,0,1782358742.4179325,0.002070188522338867
30845,normal,3029,0,1782358742.4197657,0.001833200454711914
30846,normal,130,0,1782358742.4217677,0.0020020008087158203
30847,normal,2808,0,1782358742.42393,0.0021622180938720703
30848,normal,465,0,1782358742.425773,0.0018429756164550781
30849,normal,1036,0,1782358742.4277694,0.0019965171813964844
30850,normal,853,2,1782358742.4299335,0.002164125442504883
30851,normal,2542,0,1782358742.4317794,0.0018458366394042969
30852,normal,1295,0,1782358742.4343386,0.002559185028076172
30853,normal,1930,0,1782358742.4357636,0.001425027847290039
30854,normal,3532,0,1782358742.437732,0.0019683837890625
30855,normal,2880,0,1782358742.4397717,0.002039670944213867
30856,normal,3068,1,1782358742.4417572,0.0019855499267578125
30857,normal,805,2,1782358742.4437616,0.002004384994506836
30858,normal,630,0,1782358742.4457755,0.0020139217376708984
30859,normal,3496,0,1782358742.4477458,0.0019702911376953125
30860,normal,650,0,1782358742.4497547,0.0020089149475097656
30861,normal,65,0,1782358742.4517372,0.001982450485229492
30862,normal,3099,1,1782358742.4537473,0.0020101070404052734
30863,normal,3606,0,1782358742.4558215,0.0020742416381835938
30864,normal,1980,0,1782358742.4577138,0.0018923282623291016
30865,normal,2353,0,1782358742.4597898,0.0020759105682373047
30866,normal,2398,0,1782358742.4617918,0.0020020008087158203
30867,normal,2173,0,1782358742.4639502,0.0021584033966064453
30868,normal,2049,0,1782358742.4658265,0.0018763542175292969
30869,normal,431,0,1782358742.4677706,0.0019440650939941406
30870,normal,529,0,1782358742.4699435,0.0021729469299316406
30871,normal,2714,0,1782358742.4719222,0.001978635787963867
30872,normal,2796,0,1782358742.4737697,0.0018475055694580078
30873,normal,2767,0,1782358742.4759033,0.002133607864379883
30874,normal,2449,0,1782358742.4779336,0.0020303726196289062
30875,normal,1485,0,1782358742.479768,0.0018343925476074219
30876,normal,152,0,1782358742.481792,0.002023935317993164
30877,normal,1665,0,1782358742.4839377,0.0021457672119140625
30878,normal,310,0,1782358742.4857676,0.0018298625946044922
30879,normal,2651,0,1782358742.4879496,0.0021820068359375
30880,normal,270,0,1782358742.4899216,0.0019719600677490234
30881,normal,1390,0,1782358742.4917681,0.0018465518951416016
30882,normal,3505,0,1782358742.4939559,0.0021877288818359375
30883,normal,3382,1,1782358742.4959204,0.001964569091796875
30884,normal,1193,0,1782358742.4977837,0.001863241195678711
30885,normal,1062,0,1782358742.4999561,0.0021724700927734375
30886,normal,1724,0,1782358742.5019338,0.001977682113647461
30887,normal,1906,0,1782358742.503771,0.0018372535705566406
30888,normal,3534,0,1782358742.5059574,0.002186298370361328
30889,normal,3076,1,1782358742.507927,0.001969575881958008
30890,normal,983,2,1782358742.509768,0.0018410682678222656
30891,normal,1515,0,1782358742.51196,0.0021920204162597656
30892,normal,3109,1,1782358742.513928,0.001967906951904297
30893,normal,2283,0,1782358742.5157688,0.001840829849243164
30894,normal,2321,0,1782358742.5179622,0.002193450927734375
30895,normal,1329,1,1782358742.5199435,0.0019812583923339844
30896,normal,419,0,1782358742.521808,0.0018644332885742188
30897,normal,3188,1,1782358742.5237842,0.0019762516021728516
30898,normal,2363,0,1782358742.5258138,0.0020296573638916016
30899,normal,793,2,1782358742.5277178,0.0019040107727050781
30900,normal,1611,0,1782358742.5297444,0.0020265579223632812
30901,normal,3564,0,1782358742.5319908,0.002246379852294922
30902,normal,2099,0,1782358742.533753,0.0017621517181396484
30903,normal,1931,0,1782358742.5358815,0.00212860107421875
30904,normal,2117,0,1782358742.5378792,0.001997709274291992
30905,normal,1350,1,1782358742.5399222,0.002043008804321289
30906,normal,2905,0,1782358742.5419252,0.0020029544830322266
30907,normal,1189,0,1782358742.5441015,0.0021762847900390625
30908,normal,1731,0,1782358742.5457575,0.0016560554504394531
30909,normal,1664,0,1782358742.5478802,0.002122640609741211
30910,normal,2202,0,1782358742.5498834,0.002003192901611328
30911,normal,417,0,1782358742.5519447,0.0020613670349121094
30912,normal,2141,0,1782358742.5539243,0.0019795894622802734
30913,normal,1744,0,1782358742.556091,0.002166748046875
30914,normal,2665,0,1782358742.5578191,0.001728057861328125
30915,normal,2886,0,1782358742.559961,0.0021419525146484375
30916,normal,976,2,1782358742.5619597,0.0019986629486083984
30917,normal,317,0,1782358742.5639677,0.0020079612731933594
30918,normal,2663,0,1782358742.5659332,0.0019655227661132812
30919,normal,350,0,1782358742.5680945,0.002161264419555664
30920,normal,2095,0,1782358742.5697713,0.001676797866821289
30921,normal,1447,0,1782358742.5719125,0.002141237258911133
30922,normal,3443,0,1782358742.573892,0.0019795894622802734
30923,normal,1717,0,1782358742.575942,0.0020499229431152344
30924,normal,3550,0,1782358742.5778162,0.0018742084503173828
30925,normal,1613,0,1782358742.580031,0.002214670181274414
30926,normal,678,0,1782358742.5817618,0.0017309188842773438
30927,normal,3282,1,1782358742.583971,0.002209186553955078
30928,normal,1061,0,1782358742.5859666,0.001995563507080078
30929,normal,249,0,1782358742.5879688,0.002002239227294922
30930,normal,437,0,1782358742.5899465,0.001977682113647461
30931,normal,1576,0,1782358742.5920167,0.002070188522338867
30932,normal,3143,1,1782358742.5937552,0.0017385482788085938
30933,normal,838,2,1782358742.5959764,0.0022211074829101562
30934,normal,1684,0,1782358742.5979757,0.001999378204345703
30935,normal,540,0,1782358742.5999677,0.0019919872283935547
30936,normal,2387,0,1782358742.6017613,0.0017936229705810547
30937,normal,1993,0,1782358742.6040215,0.0022602081298828125
30938,normal,670,0,1782358742.6058016,0.0017800331115722656
30939,normal,1196,0,1782358742.6079772,0.002175569534301758
30940,normal,616,0,1782358742.609965,0.001987934112548828
30941,normal,794,2,1782358742.611959,0.001993894577026367
30942,normal,2925,0,1782358742.613946,0.001986980438232422
30943,normal,3473,0,1782358742.616111,0.002165079116821289
30944,normal,3294,1,1782358742.6178222,0.001711130142211914
30945,normal,3433,0,1782358742.6199849,0.0021626949310302734
30946,normal,3281,1,1782358742.621959,0.0019741058349609375
30947,normal,1587,0,1782358742.62394,0.001981019973754883
30948,normal,3192,1,1782358742.6258204,0.0018804073333740234
30949,normal,1240,0,1782358742.6280057,0.002185344696044922
30950,normal,1045,0,1782358742.62982,0.0018143653869628906
30951,normal,3673,0,1782358742.6319897,0.0021696090698242188
30952,normal,3178,1,1782358742.6339808,0.0019910335540771484
30953,normal,2110,0,1782358742.6359165,0.001935720443725586
30954,normal,1076,0,1782358742.637814,0.001897573471069336
30955,normal,1470,0,1782358742.6401048,0.0022907257080078125
30956,normal,3478,0,1782358742.641823,0.001718282699584961
30957,normal,2326,0,1782358742.6439936,0.002170562744140625
30958,normal,1414,0,1782358742.6458,0.001806497573852539
30959,normal,1031,0,1782358742.6478875,0.0020873546600341797
30960,normal,546,0,1782358742.6498172,0.0019297599792480469
30961,normal,811,2,1782358742.652013,0.0021958351135253906
30962,normal,2824,0,1782358742.6537755,0.00176239013671875
30963,normal,1851,0,1782358742.655998,0.0022225379943847656
30964,normal,1871,0,1782358742.6579,0.0019021034240722656
30965,normal,3494,0,1782358742.6599247,0.0020246505737304688
30966,normal,881,2,1782358742.6618214,0.0018966197967529297
30967,normal,1188,0,1782358742.6640115,0.002190113067626953
30968,normal,572,0,1782358742.6657512,0.0017397403717041016
30969,normal,2486,0,1782358742.6680093,0.0022580623626708984
30970,normal,1889,0,1782358742.669801,0.0017917156219482422
30971,normal,2415,0,1782358742.6719224,0.002121448516845703
30972,normal,1609,0,1782358742.673826,0.001903533935546875
30973,normal,774,2,1782358742.6761117,0.0022857189178466797
30974,normal,291,0,1782358742.6778185,0.001706838607788086
30975,normal,1039,0,1782358742.6799212,0.0021026134490966797
30976,normal,1766,0,1782358742.6818051,0.0018839836120605469
30977,normal,2747,0,1782358742.6839428,0.0021376609802246094
30978,normal,3345,1,1782358742.6860063,0.0020635128021240234
30979,normal,1115,0,1782358742.687971,0.0019648075103759766
30980,normal,2721,0,1782358742.689949,0.0019779205322265625
30981,normal,1786,0,1782358742.6918461,0.0018970966339111328
30982,normal,1336,1,1782358742.6939542,0.0021080970764160156
30983,normal,3407,0,1782358742.6957808,0.0018265247344970703
30984,normal,3698,0,1782358742.6978538,0.002073049545288086
30985,normal,2382,0,1782358742.699839,0.001985311508178711
30986,normal,2007,0,1782358742.7017472,0.0019080638885498047
30987,normal,818,2,1782358742.7037592,0.002012014389038086
30988,normal,1200,0,1782358742.7057517,0.001992464065551758
30989,normal,727,0,1782358742.7077389,0.0019872188568115234
30990,normal,2216,0,1782358742.709745,0.002006053924560547
30991,normal,1630,0,1782358742.711725,0.0019800662994384766
30992,normal,1928,0,1782358742.7137272,0.002002239227294922
30993,normal,1053,0,1782358742.715752,0.0020246505737304688
30994,normal,932,2,1782358742.717739,0.0019872188568115234
30995,normal,2669,0,1782358742.7199404,0.0022013187408447266
30996,normal,1195,0,1782358742.7220516,0.002111196517944336
30997,normal,1942,0,1782358742.724099,0.002047300338745117
30998,normal,1027,2,1782358742.725836,0.0017371177673339844
30999,normal,327,0,1782358742.7281954,0.0023593902587890625
31000,normal,1411,0,1782358742.729864,0.0016684532165527344
31001,normal,627,0,1782358742.7318392,0.0019752979278564453
31002,normal,692,0,1782358742.7340486,0.0022094249725341797
31003,normal,2508,0,1782358742.7360559,0.0020072460174560547
31004,normal,1194,0,1782358742.7377741,0.001718282699584961
31005,normal,356,0,1782358742.7399688,0.002194643020629883
31006,normal,1108,0,1782358742.741906,0.0019371509552001953
31007,normal,2377,0,1782358742.7437875,0.0018815994262695312
31008,normal,2048,0,1782358742.7459567,0.0021691322326660156
31009,normal,3657,0,1782358742.7479215,0.0019648075103759766
31010,normal,3215,1,1782358742.7497807,0.0018591880798339844
31011,normal,1626,0,1782358742.7519748,0.0021941661834716797
31012,normal,2262,0,1782358742.7539086,0.0019338130950927734
31013,normal,3018,0,1782358742.755772,0.0018634796142578125
31014,normal,2273,0,1782358742.7579634,0.002191305160522461
31015,normal,2015,0,1782358742.7599087,0.0019452571868896484
31016,normal,3695,0,1782358742.7617671,0.0018584728240966797
31017,normal,1067,0,1782358742.7639651,0.0021979808807373047
31018,normal,2873,0,1782358742.7658987,0.0019335746765136719
31019,normal,772,2,1782358742.7677712,0.0018725395202636719
31020,normal,1918,0,1782358742.7698128,0.0020415782928466797
31021,normal,2515,0,1782358742.7719343,0.002121448516845703
31022,normal,2329,0,1782358742.773771,0.0018367767333984375
31023,normal,1923,0,1782358742.77597,0.002198934555053711
31024,normal,3024,0,1782358742.777898,0.001928091049194336
31025,normal,3333,1,1782358742.7797713,0.0018732547760009766
31026,normal,1844,0,1782358742.7819722,0.0022008419036865234
31027,normal,2267,0,1782358742.7839105,0.0019383430480957031
31028,normal,628,0,1782358742.7857788,0.0018682479858398438
31029,normal,1806,0,1782358742.7879763,0.0021975040435791016
31030,normal,2138,0,1782358742.7898936,0.0019173622131347656
31031,normal,1223,0,1782358742.7917738,0.0018801689147949219
31032,normal,1891,0,1782358742.7939785,0.0022046566009521484
31033,normal,1292,0,1782358742.7959054,0.0019268989562988281
31034,normal,1765,0,1782358742.7977703,0.0018649101257324219
31035,normal,133,0,1782358742.7999804,0.0022101402282714844
31036,normal,891,2,1782358742.8019397,0.0019593238830566406
31037,normal,3535,0,1782358742.803773,0.001833200454711914
31038,normal,1920,0,1782358742.805988,0.002215147018432617
31039,normal,1722,0,1782358742.8079116,0.0019235610961914062
31040,normal,3030,0,1782358742.8097641,0.0018525123596191406
31041,normal,2664,0,1782358742.8119838,0.002219676971435547
31042,normal,705,0,1782358742.813903,0.0019192695617675781
31043,normal,3660,0,1782358742.8157732,0.0018701553344726562
31044,normal,3166,1,1782358742.8179882,0.0022149085998535156
31045,normal,3065,1,1782358742.819917,0.0019288063049316406
31046,normal,1636,0,1782358742.8217707,0.0018537044525146484
31047,normal,2090,0,1782358742.823988,0.0022172927856445312
31048,normal,223,0,1782358742.8259122,0.001924276351928711
31049,normal,647,0,1782358742.8277712,0.0018589496612548828
31050,normal,2516,0,1782358742.8299909,0.002219676971435547
31051,normal,2712,0,1782358742.8319583,0.0019674301147460938
31052,normal,649,0,1782358742.8337688,0.0018105506896972656
31053,normal,869,2,1782358742.8359933,0.002224445343017578
31054,normal,3005,0,1782358742.8379142,0.001920938491821289
31055,normal,2985,0,1782358742.839769,0.0018546581268310547
31056,normal,799,2,1782358742.8419962,0.002227306365966797
31057,normal,1173,0,1782358742.8439114,0.0019152164459228516
31058,normal,1901,0,1782358742.8457725,0.0018610954284667969
31059,normal,2800,0,1782358742.8479984,0.0022258758544921875
31060,normal,3396,1,1782358742.8499131,0.0019147396087646484
31061,normal,2102,0,1782358742.8517704,0.0018572807312011719
31062,normal,2911,0,1782358742.8540018,0.0022313594818115234
31063,normal,1653,0,1782358742.8559191,0.0019173622131347656
31064,normal,1531,0,1782358742.8577719,0.0018527507781982422
31065,normal,2011,0,1782358742.859848,0.0020761489868164062
31066,normal,1610,0,1782358742.8618283,0.001980304718017578
31067,normal,914,2,1782358742.8637652,0.0019369125366210938
31068,normal,1149,0,1782358742.8657682,0.0020029544830322266
31069,normal,2221,0,1782358742.8679047,0.0021364688873291016
31070,normal,238,0,1782358742.869812,0.0019073486328125
31071,normal,1357,1,1782358742.8718536,0.0020415782928466797
31072,normal,3622,0,1782358742.8739314,0.002077817916870117
31073,normal,146,0,1782358742.8758373,0.0019059181213378906
31074,normal,1828,0,1782358742.877868,0.002030611038208008
31075,normal,3216,1,1782358742.8798087,0.0019407272338867188
31076,normal,1667,0,1782358742.8817456,0.0019369125366210938
31077,normal,2681,0,1782358742.8837476,0.0020020008087158203
31078,normal,1917,0,1782358742.885751,0.0020034313201904297
31079,normal,2613,0,1782358742.8877392,0.0019881725311279297
31080,normal,445,0,1782358742.8897383,0.0019991397857666016
31081,normal,884,2,1782358742.891747,0.002008676528930664
31082,normal,2187,0,1782358742.8937323,0.001985311508178711
31083,normal,3073,1,1782358742.8958042,0.002071857452392578
31084,normal,1804,0,1782358742.8978143,0.0020101070404052734
31085,normal,1227,0,1782358742.8996994,0.0018851757049560547
31086,normal,919,2,1782358742.9018044,0.0021049976348876953
31087,normal,1632,0,1782358742.9039068,0.002102375030517578
31088,normal,1175,0,1782358742.9057727,0.0018658638000488281
31089,normal,860,2,1782358742.9080215,0.0022487640380859375
31090,normal,1857,0,1782358742.9099019,0.0018804073333740234
31091,normal,2546,0,1782358742.9117713,0.0018694400787353516
31092,normal,637,0,1782358742.913928,0.0021567344665527344
31093,normal,2402,0,1782358742.915895,0.0019669532775878906
31094,normal,1354,1,1782358742.9177713,0.0018763542175292969
31095,normal,3001,0,1782358742.9199283,0.002156972885131836
31096,normal,1992,0,1782358742.9218886,0.001960277557373047
31097,normal,2186,0,1782358742.9237702,0.0018815994262695312
31098,normal,1089,0,1782358742.9259326,0.002162456512451172
31099,normal,106,0,1782358742.927906,0.001973390579223633
31100,normal,3369,1,1782358742.9297717,0.0018656253814697266
31101,normal,2144,0,1782358742.9319348,0.0021631717681884766
31102,normal,640,0,1782358742.933892,0.0019571781158447266
31103,normal,3090,1,1782358742.9357712,0.0018792152404785156
31104,normal,903,2,1782358742.9379375,0.002166271209716797
31105,normal,3149,1,1782358742.9398901,0.0019526481628417969
31106,normal,753,0,1782358742.9418647,0.0019745826721191406
31107,normal,2189,0,1782358742.9437833,0.0019185543060302734
31108,normal,2667,0,1782358742.945937,0.002153635025024414
31109,normal,2002,0,1782358742.9477725,0.0018355846405029297
31110,normal,3570,0,1782358742.9497874,0.0020148754119873047
31111,normal,1296,0,1782358742.9519308,0.002143383026123047
31112,normal,1124,0,1782358742.9537704,0.0018396377563476562
31113,normal,1197,0,1782358742.9557648,0.0019943714141845703
31114,normal,701,0,1782358742.957838,0.0020732879638671875
31115,normal,1642,0,1782358742.9597178,0.0018796920776367188
31116,normal,986,2,1782358742.961742,0.0020241737365722656
31117,normal,1553,0,1782358742.9637663,0.002024412155151367
31118,normal,1018,2,1782358742.9657254,0.001959085464477539
31119,normal,2073,0,1782358742.9677424,0.0020170211791992188
31120,normal,2915,0,1782358742.969765,0.0020225048065185547
31121,normal,1880,0,1782358742.9717133,0.0019483566284179688
31122,normal,140,0,1782358742.9737372,0.002023935317993164
31123,normal,1352,1,1782358742.9757652,0.0020279884338378906
31124,normal,2964,0,1782358742.9777172,0.0019519329071044922
31125,normal,2603,0,1782358742.979737,0.0020198822021484375
31126,normal,963,2,1782358742.9817667,0.0020296573638916016
31127,normal,16,0,1782358742.983713,0.0019462108612060547
31128,normal,423,0,1782358742.985735,0.0020220279693603516
31129,normal,2098,0,1782358742.9877665,0.002031564712524414
31130,normal,3694,0,1782358742.989716,0.0019495487213134766
31131,normal,559,0,1782358742.9917376,0.0020215511322021484
31132,normal,2948,0,1782358742.9937713,0.002033710479736328
31133,normal,172,0,1782358742.9957154,0.0019440650939941406
31134,normal,1178,0,1782358742.997736,0.002020597457885742
31135,normal,302,0,1782358742.9997678,0.0020318031311035156
31136,normal,284,0,1782358743.0017157,0.0019478797912597656
31137,normal,2286,0,1782358743.003762,0.002046346664428711
31138,normal,79,0,1782358743.0057626,0.002000570297241211
31139,normal,915,2,1782358743.0077133,0.0019507408142089844
31140,normal,1136,0,1782358743.009739,0.002025604248046875
31141,normal,120,0,1782358743.011772,0.0020329952239990234
31142,normal,2884,0,1782358743.0137143,0.0019423961639404297
31143,normal,1208,0,1782358743.0157363,0.0020220279693603516
31144,normal,2244,0,1782358743.0177662,0.002029895782470703
31145,normal,320,0,1782358743.0197132,0.0019469261169433594
31146,normal,2596,0,1782358743.0217395,0.0020263195037841797
31147,normal,2709,0,1782358743.0237668,0.002027273178100586
31148,normal,2079,0,1782358743.0257149,0.0019481182098388672
31149,normal,3323,1,1782358743.0277374,0.0020225048065185547
31150,normal,3538,0,1782358743.0297747,0.0020372867584228516
31151,normal,102,0,1782358743.0317156,0.0019409656524658203
31152,normal,3486,0,1782358743.0339766,0.002260923385620117
31153,normal,635,0,1782358743.035723,0.0017464160919189453
31154,normal,1910,0,1782358743.037719,0.0019960403442382812
31155,normal,2240,0,1782358743.039735,0.0020160675048828125
31156,normal,1780,0,1782358743.0417304,0.0019953250885009766
31157,normal,929,2,1782358743.043888,0.0021576881408691406
31158,normal,347,0,1782358743.0457764,0.001888275146484375
31159,normal,3512,0,1782358743.0478995,0.002123117446899414
31160,normal,2548,0,1782358743.049744,0.0018444061279296875
31161,normal,1103,0,1782358743.0518622,0.002118349075317383
31162,normal,37,0,1782358743.0537815,0.0019192695617675781
31163,normal,149,0,1782358743.055928,0.002146482467651367
31164,normal,386,0,1782358743.05792,0.0019919872283935547
31165,normal,2386,0,1782358743.059783,0.0018630027770996094
31166,normal,1011,2,1782358743.06191,0.002126932144165039
31167,normal,3311,1,1782358743.0638669,0.001956939697265625
31168,normal,2185,0,1782358743.065778,0.001911163330078125
31169,normal,1086,0,1782358743.0679028,0.002124786376953125
31170,normal,2066,0,1782358743.0698037,0.0019009113311767578
31171,normal,1309,0,1782358743.0719106,0.002106904983520508
31172,normal,3597,0,1782358743.0737584,0.0018477439880371094
31173,normal,611,0,1782358743.0758908,0.002132415771484375
31174,normal,585,0,1782358743.0777764,0.0018856525421142578
31175,normal,221,0,1782358743.0798767,0.002100229263305664
31176,normal,909,2,1782358743.0819068,0.0020301342010498047
31177,normal,2802,0,1782358743.0837774,0.0018706321716308594
31178,normal,1144,0,1782358743.0858786,0.0021011829376220703
31179,normal,418,0,1782358743.0878808,0.002002239227294922
31180,normal,1974,0,1782358743.0897799,0.0018990039825439453
31181,normal,2072,0,1782358743.0919256,0.0021457672119140625
31182,normal,2661,0,1782358743.0938873,0.0019617080688476562
31183,normal,1668,0,1782358743.0957787,0.0018913745880126953
31184,normal,3240,1,1782358743.097911,0.0021321773529052734
31185,normal,1097,0,1782358743.0998836,0.001972675323486328
31186,normal,1938,0,1782358743.101778,0.0018944740295410156
31187,normal,1958,0,1782358743.1039114,0.0021333694458007812
31188,normal,169,0,1782358743.1058095,0.001898050308227539
31189,normal,1962,0,1782358743.1079342,0.002124786376953125
31190,normal,180,0,1782358743.1097512,0.0018169879913330078
31191,normal,3588,0,1782358743.1118839,0.0021326541900634766
31192,normal,1131,0,1782358743.1138086,0.001924753189086914
31193,normal,2119,0,1782358743.115912,0.0021033287048339844
31194,normal,451,0,1782358743.1178968,0.001984834671020508
31195,normal,778,2,1782358743.119804,0.0019071102142333984
31196,normal,2545,0,1782358743.1219208,0.0021169185638427734
31197,normal,2569,0,1782358743.1238065,0.0018856525421142578
31198,normal,1457,0,1782358743.1259336,0.0021271705627441406
31199,normal,2169,0,1782358743.1277573,0.0018236637115478516
31200,normal,2916,0,1782358743.1299102,0.0021529197692871094
31201,normal,2523,0,1782358743.1317768,0.0018665790557861328
31202,normal,953,2,1782358743.133911,0.002134084701538086
31203,normal,1832,0,1782358743.135902,0.0019910335540771484
31204,normal,1841,0,1782358743.1377785,0.0018765926361083984
31205,normal,2893,0,1782358743.1399114,0.002132892608642578
31206,normal,2929,0,1782358743.1418977,0.001986265182495117
31207,normal,936,2,1782358743.1438007,0.0019030570983886719
31208,normal,1266,0,1782358743.1459112,0.0021104812622070312
31209,normal,1009,2,1782358743.1479018,0.0019905567169189453
31210,normal,842,2,1782358743.149802,0.0019001960754394531
31211,normal,2052,0,1782358743.1519244,0.0021224021911621094
31212,normal,1750,0,1782358743.1539032,0.0019788742065429688
31213,normal,2469,0,1782358743.1558042,0.0019009113311767578
31214,normal,840,2,1782358743.1579137,0.002109527587890625
31215,normal,2135,0,1782358743.1598246,0.0019109249114990234
31216,normal,210,0,1782358743.161944,0.002119302749633789
31217,normal,1598,0,1782358743.1637447,0.0018007755279541016
31218,normal,610,0,1782358743.1659102,0.002165555953979492
31219,normal,2817,0,1782358743.1677775,0.0018672943115234375
31220,normal,1294,0,1782358743.1699102,0.0021326541900634766
31221,normal,1714,0,1782358743.1719272,0.0020170211791992188
31222,normal,1550,0,1782358743.173778,0.0018508434295654297
31223,normal,2906,0,1782358743.175911,0.002132892608642578
31224,normal,530,0,1782358743.1779113,0.0020003318786621094
31225,normal,3623,0,1782358743.1797795,0.0018682479858398438
31226,normal,190,0,1782358743.1819112,0.0021317005157470703
31227,normal,2931,0,1782358743.1839166,0.002005338668823242
31228,normal,34,0,1782358743.1857784,0.0018618106842041016
31229,normal,1082,0,1782358743.1879196,0.002141237258911133
31230,normal,1709,0,1782358743.1898317,0.0019121170043945312
31231,normal,177,0,1782358743.191933,0.0021011829376220703
31232,normal,3590,0,1782358743.193759,0.0018260478973388672
31233,normal,3518,0,1782358743.1959367,0.002177715301513672
31234,normal,1258,0,1782358743.1978,0.001863241195678711
31235,normal,3332,1,1782358743.1999097,0.0021097660064697266
31236,normal,3160,1,1782358743.2018378,0.001928091049194336
31237,normal,2586,0,1782358743.2039325,0.002094745635986328
31238,normal,341,0,1782358743.2057729,0.001840353012084961
31239,normal,383,0,1782358743.2078893,0.0021164417266845703
31240,normal,2399,0,1782358743.2098014,0.0019121170043945312
31241,normal,1835,0,1782358743.2118657,0.002064228057861328
31242,normal,469,0,1782358743.2139034,0.0020377635955810547
31243,normal,2765,0,1782358743.215781,0.0018775463104248047
31244,normal,311,0,1782358743.217911,0.0021300315856933594
31245,normal,733,0,1782358743.2198997,0.001988649368286133
31246,normal,2761,0,1782358743.2217805,0.0018808841705322266
31247,normal,2894,0,1782358743.223876,0.002095460891723633
31248,normal,667,0,1782358743.2257493,0.0018732547760009766
31249,normal,544,0,1782358743.22791,0.002160787582397461
31250,normal,2426,0,1782358743.229748,0.0018379688262939453
31251,normal,2306,0,1782358743.2319064,0.0021584033966064453
31252,normal,1422,0,1782358743.2338395,0.0019330978393554688
31253,normal,81,0,1782358743.2358878,0.0020482540130615234
31254,normal,2986,0,1782358743.2379265,0.002038717269897461
31255,normal,2100,0,1782358743.2397814,0.0018548965454101562
31256,normal,2294,0,1782358743.2418735,0.002092123031616211
31257,normal,2695,0,1782358743.2437768,0.0019032955169677734
31258,normal,539,0,1782358743.2459154,0.0021386146545410156
31259,normal,3413,0,1782358743.2477489,0.0018334388732910156
31260,normal,3583,0,1782358743.2498596,0.002110719680786133
31261,normal,1107,0,1782358743.2517796,0.0019199848175048828
31262,normal,1383,0,1782358743.2538629,0.002083301544189453
31263,normal,3646,0,1782358743.2558486,0.001985788345336914
31264,normal,1331,1,1782358743.2577815,0.0019328594207763672
31265,normal,72,0,1782358743.2598534,0.002071857452392578
31266,normal,639,0,1782358743.2618506,0.001997232437133789
31267,normal,2298,0,1782358743.2638032,0.0019526481628417969
31268,normal,3,0,1782358743.265912,0.0021088123321533203
31269,normal,1276,0,1782358743.2678592,0.001947164535522461
31270,normal,251,0,1782358743.2697823,0.0019230842590332031
31271,normal,116,0,1782358743.2719145,0.0021321773529052734
31272,normal,2314,0,1782358743.273857,0.0019426345825195312
31273,normal,2413,0,1782358743.275779,0.0019218921661376953
31274,normal,2616,0,1782358743.2779443,0.0021653175354003906
31275,normal,1528,0,1782358743.2797997,0.0018553733825683594
31276,normal,1887,0,1782358743.2819207,0.0021209716796875
31277,normal,944,2,1782358743.2837582,0.0018374919891357422
31278,normal,2759,0,1782358743.2858627,0.002104520797729492
31279,normal,2951,0,1782358743.2877805,0.0019178390502929688
31280,normal,1551,0,1782358743.2899137,0.0021331310272216797
31281,normal,2702,0,1782358743.291862,0.0019483566284179688
31282,normal,138,0,1782358743.2937791,0.001917123794555664
31283,normal,1956,0,1782358743.295914,0.0021347999572753906
31284,normal,3654,0,1782358743.297865,0.001950979232788086
31285,normal,2203,0,1782358743.29978,0.00191497802734375
31286,normal,2233,0,1782358743.301912,0.0021321773529052734
31287,normal,1051,0,1782358743.3038678,0.001955747604370117
31288,normal,830,2,1782358743.3058004,0.0019326210021972656
31289,normal,686,0,1782358743.3079116,0.002111196517944336
31290,normal,3411,0,1782358743.3098698,0.001958131790161133
31291,normal,3264,1,1782358743.3117805,0.0019106864929199219
31292,normal,1856,0,1782358743.3139124,0.002131938934326172
31293,normal,3642,0,1782358743.3158927,0.001980304718017578
31294,normal,547,0,1782358743.317782,0.0018892288208007812
31295,normal,2828,0,1782358743.3199024,0.002120494842529297
31296,normal,788,2,1782358743.3218012,0.0018987655639648438
31297,normal,2519,0,1782358743.323914,0.002112865447998047
31298,normal,3317,1,1782358743.325748,0.0018339157104492188
31299,normal,2417,0,1782358743.3278775,0.0021295547485351562
31300,normal,2028,0,1782358743.3297806,0.0019030570983886719
31301,normal,3514,0,1782358743.3319135,0.002132892608642578
31302,normal,1703,0,1782358743.3338768,0.001963376998901367
31303,normal,3460,0,1782358743.335801,0.0019240379333496094
31304,normal,3483,0,1782358743.337906,0.0021049976348876953
31305,normal,2969,0,1782358743.3398838,0.0019779205322265625
31306,normal,3327,1,1782358743.341779,0.0018951892852783203
31307,normal,1715,0,1782358743.343912,0.002132892608642578
31308,normal,3244,1,1782358743.3458815,0.001969575881958008
31309,normal,3662,0,1782358743.3477814,0.0018999576568603516
31310,normal,1518,0,1782358743.3499339,0.0021524429321289062
31311,normal,2137,0,1782358743.3517451,0.0018112659454345703
31312,normal,1092,0,1782358743.3538282,0.0020830631256103516
31313,normal,3549,0,1782358743.3559172,0.0020890235900878906
31314,normal,2631,0,1782358743.3578098,0.0018925666809082031
31315,normal,2950,0,1782358743.3599467,0.0021369457244873047
31316,normal,69,0,1782358743.3617508,0.0018041133880615234
31317,normal,816,2,1782358743.3639321,0.0021812915802001953
31318,normal,2336,0,1782358743.36578,0.001847982406616211
31319,normal,2682,0,1782358743.3678935,0.00211334228515625
31320,normal,2534,0,1782358743.3698134,0.0019199848175048828
31321,normal,2716,0,1782358743.3719418,0.0021283626556396484
31322,normal,1368,1,1782358743.3737493,0.0018074512481689453
31323,normal,1833,0,1782358743.3759224,0.002173185348510742
31324,normal,2967,0,1782358743.3777788,0.0018563270568847656
31325,normal,194,0,1782358743.3799157,0.0021369457244873047
31326,normal,107,0,1782358743.3819144,0.0019986629486083984
31327,normal,3163,1,1782358743.3837812,0.0018668174743652344
31328,normal,2838,0,1782358743.3857694,0.0019881725311279297
31329,normal,2692,0,1782358743.3879216,0.0021522045135498047
31330,normal,3629,0,1782358743.3897815,0.001859903335571289
31331,normal,771,0,1782358743.391861,0.002079486846923828
31332,normal,2737,0,1782358743.393933,0.0020720958709716797
31333,normal,2580,0,1782358743.3957849,0.001851797103881836
31334,normal,2225,0,1782358743.397917,0.0021321773529052734
31335,normal,2744,0,1782358743.3999157,0.0019986629486083984
31336,normal,2766,0,1782358743.4017804,0.0018646717071533203
31337,normal,225,0,1782358743.4038854,0.0021049976348876953
31338,normal,3495,0,1782358743.4059324,0.0020470619201660156
31339,normal,685,0,1782358743.4079309,0.001998424530029297
31340,normal,2556,0,1782358743.409928,0.001997232437133789
31341,normal,1544,0,1782358743.4119258,0.001997709274291992
31342,normal,2833,0,1782358743.4137993,0.0018734931945800781
31343,normal,344,0,1782358743.415878,0.0020787715911865234
31344,normal,3393,1,1782358743.4178333,0.001955270767211914
31345,normal,1985,0,1782358743.4199407,0.002107381820678711
31346,normal,113,0,1782358743.4217458,0.0018050670623779297
31347,normal,2460,0,1782358743.423935,0.002189159393310547
31348,normal,731,0,1782358743.4257784,0.0018434524536132812
31349,normal,2849,0,1782358743.4279227,0.002144336700439453
31350,normal,1768,0,1782358743.429837,0.0019142627716064453
31351,normal,3201,1,1782358743.4319468,0.0021097660064697266
31352,normal,2148,0,1782358743.4337497,0.0018029212951660156
31353,normal,770,0,1782358743.4359286,0.0021789073944091797
31354,normal,1561,0,1782358743.4377797,0.0018510818481445312
31355,normal,1517,0,1782358743.4399135,0.0021338462829589844
31356,normal,1278,0,1782358743.4419234,0.002009868621826172
31357,normal,3592,0,1782358743.443777,0.0018537044525146484
31358,normal,851,2,1782358743.4459152,0.0021381378173828125
31359,normal,2807,0,1782358743.4479263,0.0020110607147216797
31360,normal,750,0,1782358743.4498022,0.0018758773803710938
31361,normal,1302,0,1782358743.4519095,0.002107381820678711
31362,normal,6,0,1782358743.4538608,0.0019512176513671875
31363,normal,1152,0,1782358743.4557798,0.0019190311431884766
31364,normal,2083,0,1782358743.4579127,0.002132892608642578
31365,normal,2366,0,1782358743.459904,0.00199127197265625
31366,normal,1416,0,1782358743.4617774,0.0018734931945800781
31367,normal,598,0,1782358743.4639096,0.0021321773529052734
31368,normal,833,2,1782358743.4658632,0.001953601837158203
31369,normal,779,2,1782358743.46778,0.0019168853759765625
31370,normal,2713,0,1782358743.4698641,0.002084016799926758
31371,normal,3122,1,1782358743.471895,0.0020308494567871094
31372,normal,988,2,1782358743.4737773,0.001882314682006836
31373,normal,3321,1,1782358743.4759111,0.0021338462829589844
31374,normal,2624,0,1782358743.477868,0.001956939697265625
31375,normal,222,0,1782358743.47978,0.0019118785858154297
31376,normal,3533,0,1782358743.4818692,0.002089262008666992
31377,normal,2897,0,1782358743.4838457,0.001976490020751953
31378,normal,688,0,1782358743.4857748,0.0019290447235107422
31379,normal,3206,1,1782358743.48791,0.0021352767944335938
31380,normal,2448,0,1782358743.489847,0.0019369125366210938
31381,normal,1869,0,1782358743.4917803,0.0019333362579345703
31382,normal,506,0,1782358743.4939144,0.002134084701538086
31383,normal,1281,0,1782358743.4958622,0.0019478797912597656
31384,normal,1959,0,1782358743.4977784,0.0019161701202392578
31385,normal,3185,1,1782358743.4999087,0.002130270004272461
31386,normal,1021,2,1782358743.5018518,0.0019431114196777344
31387,normal,806,2,1782358743.5037844,0.0019326210021972656
31388,normal,1135,0,1782358743.5058863,0.002101898193359375
31389,normal,2234,0,1782358743.5078592,0.0019729137420654297
31390,normal,2459,0,1782358743.5097775,0.0019183158874511719
31391,normal,3517,0,1782358743.5117452,0.0019676685333251953
31392,normal,3671,0,1782358743.513858,0.002112865447998047
31393,normal,2772,0,1782358743.515774,0.0019159317016601562
31394,normal,935,2,1782358743.517756,0.001981973648071289
31395,normal,78,0,1782358743.5199757,0.002219676971435547
31396,normal,3502,0,1782358743.521826,0.0018503665924072266
31397,normal,1595,0,1782358743.523783,0.001956939697265625
31398,normal,1263,0,1782358743.525767,0.001984119415283203
31399,normal,3094,1,1782358743.5278814,0.0021142959594726562
31400,normal,618,0,1782358743.52996,0.002078533172607422
31401,normal,2797,0,1782358743.5318892,0.0019292831420898438
31402,normal,1462,0,1782358743.5340416,0.0021524429321289062
31403,normal,1050,0,1782358743.535774,0.0017323493957519531
31404,normal,85,0,1782358743.5379863,0.0022122859954833984
31405,normal,1885,0,1782358743.5398374,0.0018510818481445312
31406,normal,1156,0,1782358743.5417643,0.0019268989562988281
31407,normal,746,0,1782358743.5439887,0.002224445343017578
31408,normal,3560,0,1782358743.54589,0.001901388168334961
31409,normal,1313,0,1782358743.54777,0.0018799304962158203
31410,normal,2598,0,1782358743.5499892,0.0022192001342773438
31411,normal,406,0,1782358743.5518343,0.0018451213836669922
31412,normal,3484,0,1782358743.5537646,0.00193023681640625
31413,normal,2660,0,1782358743.5559955,0.0022308826446533203
31414,normal,1319,1,1782358743.5577638,0.001768350601196289
31415,normal,761,0,1782358743.5597618,0.0019979476928710938
31416,normal,1716,0,1782358743.561842,0.002080202102661133
31417,normal,721,0,1782358743.5639038,0.0020618438720703125
31418,normal,557,0,1782358743.565764,0.0018601417541503906
31419,normal,361,0,1782358743.5677822,0.0020182132720947266
31420,normal,2136,0,1782358743.569896,0.002113819122314453
31421,normal,3252,1,1782358743.571761,0.0018649101257324219
31422,normal,673,0,1782358743.5737646,0.0020036697387695312
31423,normal,2096,0,1782358743.575903,0.002138376235961914
31424,normal,2359,0,1782358743.5777607,0.001857757568359375
31425,normal,181,0,1782358743.579766,0.002005338668823242
31426,normal,1192,0,1782358743.5819223,0.0021562576293945312
31427,normal,2504,0,1782358743.5837648,0.001842498779296875
31428,normal,2740,0,1782358743.5857825,0.0020177364349365234
31429,normal,11,0,1782358743.5879064,0.0021238327026367188
31430,normal,2127,0,1782358743.5897713,0.0018649101257324219
31431,normal,168,0,1782358743.5917697,0.001998424530029297
31432,normal,2121,0,1782358743.593903,0.0021333694458007812
31433,normal,621,0,1782358743.5957613,0.0018582344055175781
31434,normal,595,0,1782358743.597771,0.0020096302032470703
31435,normal,2395,0,1782358743.5998964,0.0021255016326904297
31436,normal,2638,0,1782358743.6017992,0.0019028186798095703
31437,normal,2869,0,1782358743.6037748,0.001975536346435547
31438,normal,3663,0,1782358743.6058953,0.002120494842529297
31439,normal,2248,0,1782358743.6077626,0.0018672943115234375
31440,normal,2295,0,1782358743.6097615,0.0019989013671875
31441,normal,218,0,1782358743.6118987,0.0021371841430664062
31442,normal,1805,0,1782358743.6137605,0.0018618106842041016
31443,normal,24,0,1782358743.6157646,0.0020041465759277344
31444,normal,930,2,1782358743.617895,0.002130270004272461
31445,normal,1552,0,1782358743.619763,0.0018680095672607422
31446,normal,2236,0,1782358743.621766,0.002003192901611328
31447,normal,1218,0,1782358743.6239014,0.0021352767944335938
31448,normal,3546,0,1782358743.6257744,0.001873016357421875
31449,normal,2769,0,1782358743.6277702,0.0019958019256591797
31450,normal,505,0,1782358743.6298947,0.0021245479583740234
31451,normal,1339,1,1782358743.6317685,0.0018737316131591797
31452,normal,3089,1,1782358743.6338112,0.0020427703857421875
31453,normal,490,0,1782358743.6357634,0.0019521713256835938
31454,normal,2409,0,1782358743.6380136,0.002250194549560547
31455,normal,2687,0,1782358743.6397235,0.0017099380493164062
31456,normal,2994,0,1782358743.6417527,0.0020291805267333984
31457,normal,1911,0,1782358743.6437101,0.001957416534423828
31458,normal,2456,0,1782358743.6457574,0.002047300338745117
31459,normal,1845,0,1782358743.6477044,0.0019469261169433594
31460,normal,3439,0,1782358743.649759,0.0020546913146972656
31461,normal,240,0,1782358743.6518662,0.0021071434020996094
31462,normal,2615,0,1782358743.6537488,0.0018825531005859375
31463,normal,3312,1,1782358743.6557212,0.0019724369049072266
31464,normal,3381,1,1782358743.6577506,0.0020294189453125
31465,normal,2560,0,1782358743.6597233,0.001972675323486328
31466,normal,662,0,1782358743.6617372,0.0020139217376708984
31467,normal,512,0,1782358743.6637368,0.0019996166229248047
31468,normal,1624,0,1782358743.6657455,0.002008676528930664
31469,normal,381,0,1782358743.6677258,0.001980304718017578
31470,normal,3277,1,1782358743.6697145,0.001988649368286133
31471,normal,2975,0,1782358743.671739,0.0020246505737304688
31472,normal,2998,0,1782358743.6737146,0.001975536346435547
31473,normal,675,0,1782358743.6757085,0.001993894577026367
31474,normal,2116,0,1782358743.677743,0.002034425735473633
31475,normal,511,0,1782358743.6797166,0.0019736289978027344
31476,normal,1924,0,1782358743.6817136,0.0019969940185546875
31477,normal,2782,0,1782358743.683748,0.002034425735473633
31478,normal,349,0,1782358743.6857152,0.001967191696166992
31479,normal,2029,0,1782358743.6877103,0.001995086669921875
31480,normal,2108,0,1782358743.689746,0.0020356178283691406
31481,normal,3314,1,1782358743.6917186,0.001972675323486328
31482,normal,2774,0,1782358743.6937094,0.001990795135498047
31483,normal,879,2,1782358743.695776,0.0020666122436523438
31484,normal,131,0,1782358743.6977158,0.0019397735595703125
31485,normal,698,0,1782358743.6997101,0.0019943714141845703
31486,normal,2253,0,1782358743.7017434,0.002033233642578125
31487,normal,839,2,1782358743.703721,0.001977682113647461
31488,normal,3121,1,1782358743.7057197,0.0019986629486083984
31489,normal,2547,0,1782358743.7077374,0.0020177364349365234
31490,normal,854,2,1782358743.7097142,0.0019767284393310547
31491,normal,1554,0,1782358743.7117078,0.0019936561584472656
31492,normal,174,0,1782358743.7137434,0.0020356178283691406
31493,normal,1607,0,1782358743.7157154,0.0019719600677490234
31494,normal,3515,0,1782358743.7177093,0.001993894577026367
31495,normal,2913,0,1782358743.7197409,0.002031564712524414
31496,normal,415,0,1782358743.721714,0.0019731521606445312
31497,normal,266,0,1782358743.7237103,0.001996278762817383
31498,normal,993,2,1782358743.7257264,0.0020160675048828125
31499,normal,2656,0,1782358743.7277455,0.002019166946411133
31500,normal,1921,0,1782358743.7297215,0.00197601318359375
31501,normal,2440,0,1782358743.731739,0.002017498016357422
31502,normal,1620,0,1782358743.733712,0.0019729137420654297
31503,normal,3061,1,1782358743.7357104,0.001998424530029297
31504,normal,2308,0,1782358743.7377412,0.0020308494567871094
31505,normal,2570,0,1782358743.739713,0.001971721649169922
31506,normal,289,0,1782358743.7417085,0.001995563507080078
31507,normal,3580,0,1782358743.7437391,0.002030611038208008
31508,normal,1366,1,1782358743.745746,0.0020067691802978516
31509,normal,1795,0,1782358743.7477207,0.001974821090698242
31510,normal,947,2,1782358743.7497563,0.0020356178283691406
31511,normal,2981,0,1782358743.7517128,0.001956462860107422
31512,normal,342,0,1782358743.7537634,0.002050638198852539
31513,normal,2642,0,1782358743.7557049,0.0019414424896240234
31514,normal,2699,0,1782358743.7576985,0.0019936561584472656
31515,normal,2754,0,1782358743.7597673,0.002068758010864258
31516,normal,3151,1,1782358743.7617264,0.001959085464477539
31517,normal,636,0,1782358743.7637026,0.0019762516021728516
31518,normal,3648,0,1782358743.765752,0.0020494461059570312
31519,normal,400,0,1782358743.7677026,0.0019505023956298828
31520,normal,2956,0,1782358743.769699,0.0019965171813964844
31521,normal,3428,0,1782358743.7717602,0.002061128616333008
31522,normal,1902,0,1782358743.7737014,0.0019412040710449219
31523,normal,2436,0,1782358743.7756994,0.0019979476928710938
31524,normal,3342,1,1782358743.777755,0.002055644989013672
31525,normal,339,0,1782358743.7797034,0.0019483566284179688
31526,normal,2485,0,1782358743.7817001,0.001996755599975586
31527,normal,934,2,1782358743.7837644,0.002064228057861328
31528,normal,588,0,1782358743.7857025,0.0019381046295166016
31529,normal,3395,1,1782358743.787697,0.001994609832763672
31530,normal,3685,0,1782358743.789768,0.002070903778076172
31531,normal,263,0,1782358743.791705,0.0019369125366210938
31532,normal,264,0,1782358743.7936983,0.001993417739868164
31533,normal,148,0,1782358743.7957573,0.0020589828491210938
31534,normal,2718,0,1782358743.797701,0.0019435882568359375
31535,normal,2602,0,1782358743.7996988,0.0019979476928710938
31536,normal,125,0,1782358743.801755,0.002056121826171875
31537,normal,901,2,1782358743.8037035,0.0019485950469970703
31538,normal,2910,0,1782358743.805697,0.001993417739868164
31539,normal,1823,0,1782358743.8077555,0.0020585060119628906
31540,normal,1740,0,1782358743.809703,0.001947641372680664
31541,normal,2178,0,1782358743.8117006,0.0019974708557128906
31542,normal,1961,0,1782358743.8137534,0.002052783966064453
31543,normal,1130,0,1782358743.8156998,0.0019464492797851562
31544,normal,3008,0,1782358743.8177013,0.002001523971557617
31545,normal,3340,1,1782358743.8197503,0.002048969268798828
31546,normal,3363,1,1782358743.8217013,0.001950979232788086
31547,normal,717,0,1782358743.8237047,0.0020034313201904297
31548,normal,1568,0,1782358743.825757,0.00205230712890625
31549,normal,3527,0,1782358743.827697,0.001940011978149414
31550,normal,1596,0,1782358743.8297,0.0020029544830322266
31551,normal,3450,0,1782358743.8317528,0.002052783966064453
31552,normal,1230,0,1782358743.8337026,0.0019497871398925781
31553,normal,449,0,1782358743.8356972,0.001994609832763672
31554,normal,2839,0,1782358743.8377595,0.0020623207092285156
31555,normal,969,2,1782358743.8396988,0.0019392967224121094
31556,normal,1567,0,1782358743.8416994,0.002000570297241211
31557,normal,3354,1,1782358743.8437521,0.002052783966064453
31558,normal,1142,0,1782358743.845698,0.0019459724426269531
31559,normal,3649,0,1782358743.8476977,0.0019996166229248047
31560,normal,3701,0,1782358743.849754,0.0020563602447509766
31561,normal,3254,1,1782358743.851698,0.001943826675415039
31562,normal,3222,1,1782358743.8537033,0.002005338668823242
31563,normal,1436,0,1782358743.8557494,0.0020461082458496094
31564,normal,3060,1,1782358743.857701,0.0019516944885253906
31565,normal,493,0,1782358743.8596992,0.0019981861114501953
31566,normal,377,0,1782358743.8617203,0.0020210742950439453
31567,normal,1268,0,1782358743.8637462,0.0020258426666259766
31568,normal,2502,0,1782358743.8657038,0.0019576549530029297
31569,normal,1579,0,1782358743.8677526,0.0020487308502197266
31570,normal,1943,0,1782358743.8697028,0.0019502639770507812
31571,normal,2166,0,1782358743.8716989,0.0019960403442382812
31572,normal,3034,0,1782358743.8737576,0.002058744430541992
31573,normal,3509,0,1782358743.8757057,0.0019481182098388672
31574,normal,1622,0,1782358743.8777046,0.0019989013671875
31575,normal,2889,0,1782358743.8797565,0.002051830291748047
31576,normal,2271,0,1782358743.8817008,0.0019443035125732422
31577,normal,2129,0,1782358743.8836997,0.0019989013671875
31578,normal,857,2,1782358743.885766,0.002066373825073242
31579,normal,1321,1,1782358743.8877006,0.0019345283508300781
31580,normal,1463,0,1782358743.8896976,0.0019969940185546875
31581,normal,748,0,1782358743.8917592,0.002061605453491211
31582,normal,619,0,1782358743.8936982,0.0019390583038330078
31583,normal,2237,0,1782358743.8957016,0.0020034313201904297
31584,normal,1555,0,1782358743.8977525,0.0020508766174316406
31585,normal,1793,0,1782358743.8997025,0.0019500255584716797
31586,normal,2032,0,1782358743.901705,0.0020024776458740234
31587,normal,980,2,1782358743.9037597,0.0020546913146972656
31588,normal,82,0,1782358743.905699,0.0019392967224121094
31589,normal,2549,0,1782358743.9077027,0.0020036697387695312
31590,normal,405,0,1782358743.9097526,0.0020499229431152344
31591,normal,3507,0,1782358743.9117026,0.0019500255584716797
31592,normal,2241,0,1782358743.913699,0.001996278762817383
31593,normal,888,2,1782358743.9157581,0.0020592212677001953
31594,normal,3440,0,1782358743.917701,0.0019428730010986328
31595,normal,2793,0,1782358743.9197013,0.0020003318786621094
31596,normal,517,0,1782358743.9217534,0.0020520687103271484
31597,normal,3241,1,1782358743.9237018,0.0019483566284179688
31598,normal,3335,1,1782358743.9257,0.0019981861114501953
31599,normal,2147,0,1782358743.92776,0.0020599365234375
31600,normal,810,2,1782358743.9296997,0.0019397735595703125
31601,normal,2375,0,1782358743.9317007,0.002001047134399414
31602,normal,258,0,1782358743.9337518,0.002051115036010742
31603,normal,2356,0,1782358743.935705,0.001953125
31604,normal,1071,0,1782358743.9376988,0.001993894577026367
31605,normal,3180,1,1782358743.9397728,0.002074003219604492
31606,normal,2027,0,1782358743.941698,0.0019252300262451172
31607,normal,2954,0,1782358743.943701,0.0020029544830322266
31608,normal,2928,0,1782358743.945752,0.0020508766174316406
31609,normal,2809,0,1782358743.9477046,0.0019526481628417969
31610,normal,103,0,1782358743.9496984,0.001993894577026367
31611,normal,2242,0,1782358743.9517536,0.0020551681518554688
31612,normal,3083,1,1782358743.9537027,0.0019490718841552734
31613,normal,364,0,1782358743.955699,0.001996278762817383
31614,normal,484,0,1782358743.957757,0.0020580291748046875
31615,normal,1525,0,1782358743.9597013,0.0019443035125732422
31616,normal,681,0,1782358743.961697,0.0019958019256591797
31617,normal,28,0,1782358743.9637554,0.002058267593383789
31618,normal,2711,0,1782358743.9657009,0.00194549560546875
31619,normal,322,0,1782358743.9676995,0.0019986629486083984
31620,normal,3567,0,1782358743.969758,0.0020585060119628906
31621,normal,3364,1,1782358743.9717062,0.0019481182098388672
31622,normal,1148,0,1782358743.9736984,0.0019922256469726562
31623,normal,3101,1,1782358743.9757571,0.002058744430541992
31624,normal,3032,0,1782358743.9777036,0.0019464492797851562
31625,normal,402,0,1782358743.9797072,0.0020036697387695312
31626,normal,319,0,1782358743.9817605,0.0020532608032226562
31627,normal,3375,1,1782358743.9837024,0.0019419193267822266
31628,normal,2115,0,1782358743.9856987,0.001996278762817383
31629,normal,2320,0,1782358743.987755,0.0020563602447509766
31630,normal,1796,0,1782358743.989702,0.0019469261169433594
31631,normal,1094,0,1782358743.9917006,0.0019986629486083984
31632,normal,2892,0,1782358743.9937565,0.0020558834075927734
31633,normal,1692,0,1782358743.9957018,0.0019452571868896484
31634,normal,974,2,1782358743.9976985,0.001996755599975586
31635,normal,1460,0,1782358743.999756,0.0020575523376464844
31636,normal,1376,1,1782358744.0017033,0.001947164535522461
31637,normal,2097,0,1782358744.0036995,0.001996278762817383
31638,normal,80,0,1782358744.0057652,0.0020656585693359375
31639,normal,713,0,1782358744.0077407,0.001975536346435547
31640,normal,477,0,1782358744.0097055,0.0019648075103759766
31641,normal,3508,0,1782358744.0117552,0.002049684524536133
31642,normal,245,0,1782358744.013712,0.0019567012786865234
31643,normal,1344,1,1782358744.0156999,0.001987934112548828
31644,normal,9,0,1782358744.0177674,0.00206756591796875
31645,normal,97,0,1782358744.0197031,0.001935720443725586
31646,normal,3571,0,1782358744.0216975,0.0019943714141845703
31647,normal,63,0,1782358744.023758,0.002060413360595703
31648,normal,2476,0,1782358744.025706,0.0019481182098388672
31649,normal,1659,0,1782358744.0277,0.001993894577026367
31650,normal,499,0,1782358744.029759,0.0020589828491210938
31651,normal,3052,1,1782358744.031703,0.0019440650939941406
31652,normal,1783,0,1782358744.0337005,0.0019974708557128906
31653,normal,2595,0,1782358744.035758,0.0020575523376464844
31654,normal,2851,0,1782358744.0377042,0.0019462108612060547
31655,normal,2157,0,1782358744.0397,0.0019958019256591797
31656,normal,189,0,1782358744.0417595,0.002059459686279297
31657,normal,2856,0,1782358744.043703,0.0019435882568359375
31658,normal,1648,0,1782358744.0457022,0.0019991397857666016
31659,normal,1210,0,1782358744.0477571,0.002054929733276367
31660,normal,1229,0,1782358744.0497057,0.0019485950469970703
31661,normal,1464,0,1782358744.0516987,0.001992940902709961
31662,normal,3057,1,1782358744.053758,0.0020592212677001953
31663,normal,1234,0,1782358744.0557027,0.0019447803497314453
31664,normal,526,0,1782358744.0577064,0.0020036697387695312
31665,normal,259,0,1782358744.0597577,0.0020513534545898438
31666,normal,3138,1,1782358744.0617049,0.001947164535522461
31667,normal,2771,0,1782358744.063727,0.0020220279693603516
31668,normal,2333,0,1782358744.065755,0.0020279884338378906
31669,normal,288,0,1782358744.0677025,0.001947641372680664
31670,normal,924,2,1782358744.0697029,0.0020003318786621094
31671,normal,3247,1,1782358744.0717683,0.002065420150756836
31672,normal,742,0,1782358744.0737052,0.0019369125366210938
31673,normal,1405,0,1782358744.0756989,0.0019936561584472656
31674,normal,215,0,1782358744.0777583,0.002059459686279297
31675,normal,1767,0,1782358744.0797012,0.0019428730010986328
31676,normal,877,2,1782358744.081701,0.0019998550415039062
31677,normal,3634,0,1782358744.0837555,0.002054452896118164
31678,normal,1815,0,1782358744.0857017,0.0019462108612060547
31679,normal,745,0,1782358744.0876982,0.0019965171813964844
31680,normal,2632,0,1782358744.0897543,0.002056121826171875
31681,normal,3086,1,1782358744.0916972,0.0019428730010986328
31682,normal,615,0,1782358744.0936997,0.0020024776458740234
31683,normal,1637,0,1782358744.0957663,0.0020666122436523438
31684,normal,2510,0,1782358744.0977042,0.0019378662109375
31685,normal,2568,0,1782358744.099698,0.001993894577026367
31686,normal,3251,1,1782358744.1017556,0.0020575523376464844
31687,normal,1297,0,1782358744.1036994,0.001943826675415039
31688,normal,178,0,1782358744.105702,0.0020024776458740234
31689,normal,1166,0,1782358744.1077528,0.0020508766174316406
31690,normal,946,2,1782358744.109705,0.0019521713256835938
31691,normal,2867,0,1782358744.1116965,0.0019915103912353516
31692,normal,1582,0,1782358744.1137555,0.0020589828491210938
31693,normal,3412,0,1782358744.1156986,0.0019431114196777344
31694,normal,1201,0,1782358744.1177018,0.002003192901611328
31695,normal,438,0,1782358744.119753,0.002051115036010742
31696,normal,2748,0,1782358744.1217024,0.0019495487213134766
31697,normal,931,2,1782358744.1236985,0.0019960403442382812
31698,normal,2245,0,1782358744.1257544,0.0020558834075927734
31699,normal,2447,0,1782358744.1276996,0.0019452571868896484
31700,normal,3542,0,1782358744.1297007,0.002001047134399414
31701,normal,1509,0,1782358744.131754,0.0020532608032226562
31702,normal,1056,0,1782358744.1337075,0.001953601837158203
31703,normal,1573,0,1782358744.1357033,0.0019958019256591797
31704,normal,1308,0,1782358744.1377544,0.002051115036010742
31705,normal,2005,0,1782358744.1396997,0.0019452571868896484
31706,normal,938,2,1782358744.141707,0.0020072460174560547
31707,normal,1919,0,1782358744.1437528,0.002045869827270508
31708,normal,2683,0,1782358744.1457593,0.00200653076171875
31709,normal,3421,0,1782358744.1477401,0.0019807815551757812
31710,normal,1257,0,1782358744.1497648,0.0020246505737304688
31711,normal,237,0,1782358744.1517005,0.001935720443725586
31712,normal,1417,0,1782358744.1537025,0.0020020008087158203
31713,normal,2281,0,1782358744.1557565,0.002053976058959961
31714,normal,1118,0,1782358744.1577044,0.0019478797912597656
31715,normal,1262,0,1782358744.1596994,0.001995086669921875
31716,normal,1442,0,1782358744.1617618,0.0020623207092285156
31717,normal,2499,0,1782358744.1636994,0.0019376277923583984
31718,normal,785,2,1782358744.1657019,0.0020024776458740234
31719,normal,1225,0,1782358744.1677566,0.0020546913146972656
31720,normal,1035,0,1782358744.169702,0.00194549560546875
31721,normal,2859,0,1782358744.1716986,0.0019965171813964844
31722,normal,2812,0,1782358744.173767,0.0020685195922851562
31723,normal,2292,0,1782358744.1756976,0.0019304752349853516
31724,normal,1030,0,1782358744.1777043,0.0020067691802978516
31725,normal,481,0,1782358744.1797566,0.00205230712890625
31726,normal,1662,0,1782358744.1817045,0.0019478797912597656
31727,normal,2278,0,1782358744.1837003,0.0019958019256591797
31728,normal,535,0,1782358744.1857617,0.0020613670349121094
31729,normal,298,0,1782358744.1877034,0.001941680908203125
31730,normal,1346,1,1782358744.1897213,0.002017974853515625
31731,normal,3543,0,1782358744.1917598,0.0020384788513183594
31732,normal,3097,1,1782358744.1937034,0.0019435882568359375
31733,normal,2337,0,1782358744.1957,0.0019965171813964844
31734,normal,3636,0,1782358744.1977634,0.0020635128021240234
31735,normal,2555,0,1782358744.199702,0.0019385814666748047
31736,normal,1058,0,1782358744.201699,0.0019969940185546875
31737,normal,1877,0,1782358744.2037568,0.002057790756225586
31738,normal,2432,0,1782358744.2057014,0.0019445419311523438
31739,normal,128,0,1782358744.207699,0.001997709274291992
31740,normal,1379,1,1782358744.210009,0.002310037612915039
31741,normal,2211,0,1782358744.2119572,0.0019481182098388672
31742,normal,1689,0,1782358744.2138085,0.0018513202667236328
31743,normal,1770,0,1782358744.2159836,0.0021750926971435547
31744,normal,2177,0,1782358744.2178535,0.0018699169158935547
31745,normal,2592,0,1782358744.219767,0.0019135475158691406
31746,normal,1729,0,1782358744.221925,0.002157926559448242
31747,normal,3049,1,1782358744.223812,0.0018870830535888672
31748,normal,119,0,1782358744.225763,0.001950979232788086
31749,normal,3296,1,1782358744.227983,0.0022199153900146484
31750,normal,3290,1,1782358744.229816,0.0018329620361328125
31751,normal,3403,0,1782358744.2317681,0.0019521713256835938
31752,normal,1710,0,1782358744.2339346,0.0021665096282958984
31753,normal,1371,1,1782358744.2361152,0.0021805763244628906
31754,normal,2785,0,1782358744.237915,0.0017998218536376953
31755,normal,2991,0,1782358744.239767,0.0018520355224609375
31756,normal,966,2,1782358744.2420774,0.0023102760314941406
31757,normal,61,0,1782358744.2438402,0.0017628669738769531
31758,normal,2012,0,1782358744.2457669,0.0019266605377197266
31759,normal,2140,0,1782358744.247907,0.002140045166015625
31760,normal,1325,1,1782358744.2497663,0.001859426498413086
31761,normal,1908,0,1782358744.251993,0.002226591110229492
31762,normal,2483,0,1782358744.2537677,0.0017747879028320312
31763,normal,1581,0,1782358744.2559104,0.002142667770385742
31764,normal,1946,0,1782358744.2577658,0.0018553733825683594
31765,normal,1501,0,1782358744.259905,0.0021393299102783203
31766,normal,1183,0,1782358744.2617767,0.0018715858459472656
31767,normal,1190,0,1782358744.2639112,0.002134561538696289
31768,normal,1615,0,1782358744.2657626,0.0018513202667236328
31769,normal,604,0,1782358744.267766,0.0020034313201904297
31770,normal,3628,0,1782358744.2697725,0.00200653076171875
31771,normal,413,0,1782358744.2719164,0.00214385986328125
31772,normal,1979,0,1782358744.2737668,0.0018503665924072266
31773,normal,497,0,1782358744.275765,0.0019981861114501953
31774,normal,2513,0,1782358744.27792,0.0021550655364990234
31775,normal,1965,0,1782358744.2797635,0.0018434524536132812
31776,normal,416,0,1782358744.281947,0.0021834373474121094
31777,normal,303,0,1782358744.2838156,0.0018687248229980469
31778,normal,3437,0,1782358744.2857645,0.0019488334655761719
31779,normal,1397,0,1782358744.2879124,0.0021479129791259766
31780,normal,2992,0,1782358744.2897868,0.0018744468688964844
31781,normal,1935,0,1782358744.2917697,0.0019829273223876953
31782,normal,2934,0,1782358744.293913,0.0021431446075439453
31783,normal,426,0,1782358744.2957819,0.0018689632415771484
31784,normal,2149,0,1782358744.2977672,0.001985311508178711
31785,normal,1254,0,1782358744.29977,0.0020029544830322266
31786,normal,1418,0,1782358744.3019085,0.002138376235961914
31787,normal,3187,1,1782358744.303765,0.0018565654754638672
31788,normal,571,0,1782358744.3059182,0.002153158187866211
31789,normal,2679,0,1782358744.30779,0.0018718242645263672
31790,normal,2541,0,1782358744.3097634,0.001973390579223633
31791,normal,825,2,1782358744.3119204,0.002156972885131836
31792,normal,2689,0,1782358744.3137922,0.0018718242645263672
31793,normal,3674,0,1782358744.3157651,0.0019729137420654297
31794,normal,3442,0,1782358744.3177767,0.002011537551879883
31795,normal,2940,0,1782358744.3199022,0.0021255016326904297
31796,normal,179,0,1782358744.321766,0.001863718032836914
31797,normal,804,2,1782358744.3239198,0.0021538734436035156
31798,normal,306,0,1782358744.3258002,0.0018804073333740234
31799,normal,941,2,1782358744.3277647,0.001964569091796875
31800,normal,1426,0,1782358744.329937,0.002172231674194336
31801,normal,2342,0,1782358744.3317778,0.001840829849243164
31802,normal,2524,0,1782358744.333766,0.0019881725311279297
31803,normal,1063,0,1782358744.3359294,0.002163410186767578
31804,normal,533,0,1782358744.3377805,0.0018510818481445312
31805,normal,2435,0,1782358744.3397686,0.0019881725311279297
31806,normal,2205,0,1782358744.3417735,0.002004861831665039
31807,normal,1655,0,1782358744.3439064,0.002132892608642578
31808,normal,2208,0,1782358744.3457649,0.0018584728240966797
31809,normal,584,0,1782358744.3479347,0.0021698474884033203
31810,normal,3404,0,1782358744.3499126,0.0019779205322265625
31811,normal,2343,0,1782358744.351957,0.0020444393157958984
31812,normal,1713,0,1782358744.3537848,0.0018277168273925781
31813,normal,385,0,1782358744.3559425,0.0021576881408691406
31814,normal,165,0,1782358744.3578086,0.0018661022186279297
31815,normal,352,0,1782358744.3599403,0.0021317005157470703
31816,normal,2633,0,1782358744.3618379,0.001897573471069336
31817,normal,1393,0,1782358744.3637755,0.0019376277923583984
31818,normal,1233,0,1782358744.365921,0.002145528793334961
31819,normal,758,0,1782358744.3679774,0.0020563602447509766
31820,normal,186,0,1782358744.3697708,0.0017933845520019531
31821,normal,1022,2,1782358744.3720522,0.0022814273834228516
31822,normal,2942,0,1782358744.373856,0.0018038749694824219
31823,normal,3707,0,1782358744.3757792,0.0019230842590332031
31824,normal,3207,1,1782358744.3779497,0.002170562744140625
31825,normal,3228,1,1782358744.379852,0.0019023418426513672
31826,normal,3104,1,1782358744.3817835,0.0019314289093017578
31827,normal,2489,0,1782358744.3839507,0.002167224884033203
31828,normal,1165,0,1782358744.385843,0.0018923282623291016
31829,normal,294,0,1782358744.387767,0.0019240379333496094
31830,normal,3380,1,1782358744.3899536,0.0021865367889404297
31831,normal,1007,2,1782358744.391856,0.0019023418426513672
31832,normal,2317,0,1782358744.3937771,0.0019211769104003906
31833,normal,3670,0,1782358744.3959687,0.0021915435791015625
31834,normal,3497,0,1782358744.397849,0.0018804073333740234
31835,normal,2323,0,1782358744.3997788,0.0019297599792480469
31836,normal,2046,0,1782358744.401959,0.0021800994873046875
31837,normal,1526,0,1782358744.4038527,0.001893758773803711
31838,normal,185,0,1782358744.4057727,0.0019199848175048828
31839,normal,612,0,1782358744.4079604,0.0021877288818359375
31840,normal,2936,0,1782358744.409853,0.0018925666809082031
31841,normal,1586,0,1782358744.4117727,0.0019197463989257812
31842,normal,145,0,1782358744.413961,0.0021882057189941406
31843,normal,268,0,1782358744.415876,0.00191497802734375
31844,normal,2756,0,1782358744.4177818,0.0019059181213378906
31845,normal,498,0,1782358744.419964,0.0021822452545166016
31846,normal,955,2,1782358744.421848,0.0018839836120605469
31847,normal,3242,1,1782358744.4237823,0.0019342899322509766
31848,normal,2945,0,1782358744.425976,0.0021936893463134766
31849,normal,3355,1,1782358744.4278858,0.0019097328186035156
31850,normal,334,0,1782358744.4297736,0.0018877983093261719
31851,normal,2022,0,1782358744.4319696,0.002196073532104492
31852,normal,564,0,1782358744.4338615,0.0018918514251708984
31853,normal,2285,0,1782358744.435773,0.0019114017486572266
31854,normal,420,0,1782358744.4379895,0.0022165775299072266
31855,normal,760,0,1782358744.4399273,0.0019378662109375
31856,normal,898,2,1782358744.4417727,0.0018453598022460938
31857,normal,2881,0,1782358744.443975,0.002202272415161133
31858,normal,2418,0,1782358744.4458551,0.0018801689147949219
31859,normal,1640,0,1782358744.447789,0.0019338130950927734
31860,normal,1790,0,1782358744.449978,0.002189159393310547
31861,normal,2060,0,1782358744.4518387,0.0018606185913085938
31862,normal,297,0,1782358744.4537747,0.0019359588623046875
31863,normal,689,0,1782358744.4559865,0.0022118091583251953
31864,normal,2035,0,1782358744.4578555,0.0018689632415771484
31865,normal,3466,0,1782358744.4597816,0.0019261837005615234
31866,normal,625,0,1782358744.461982,0.0022003650665283203
31867,normal,2107,0,1782358744.4638617,0.0018796920776367188
31868,normal,1867,0,1782358744.4657729,0.001911163330078125
31869,normal,3129,1,1782358744.467987,0.002214193344116211
31870,normal,2347,0,1782358744.4698632,0.0018761157989501953
31871,normal,744,0,1782358744.471782,0.001918792724609375
31872,normal,1898,0,1782358744.4739876,0.0022056102752685547
31873,normal,560,0,1782358744.4758437,0.001856088638305664
31874,normal,3256,1,1782358744.477775,0.0019314289093017578
31875,normal,1111,0,1782358744.4799984,0.0022232532501220703
31876,normal,1395,0,1782358744.4818432,0.0018448829650878906
31877,normal,1264,0,1782358744.483777,0.0019338130950927734
31878,normal,1764,0,1782358744.4858327,0.002055644989013672
31879,normal,1773,0,1782358744.48794,0.002107381820678711
31880,normal,3128,1,1782358744.4897738,0.0018336772918701172
31881,normal,2494,0,1782358744.491846,0.0020723342895507812
31882,normal,1478,0,1782358744.4939513,0.002105236053466797
31883,normal,2501,0,1782358744.4957778,0.0018265247344970703
31884,normal,384,0,1782358744.4980035,0.002225637435913086
31885,normal,2304,0,1782358744.499844,0.0018405914306640625
31886,normal,2583,0,1782358744.5017784,0.0019342899322509766
31887,normal,3236,1,1782358744.5040073,0.002228975296020508
31888,normal,1864,0,1782358744.5058408,0.0018334388732910156
31889,normal,2009,0,1782358744.5077786,0.0019378662109375
31890,normal,1800,0,1782358744.51001,0.0022313594818115234
31891,normal,873,2,1782358744.5118577,0.0018477439880371094
31892,normal,2254,0,1782358744.513779,0.0019211769104003906
31893,normal,86,0,1782358744.5160134,0.0022344589233398438
31894,normal,2172,0,1782358744.5178246,0.0018112659454345703
31895,normal,1162,0,1782358744.5198445,0.0020198822021484375
31896,normal,1850,0,1782358744.5218039,0.0019593238830566406
31897,normal,2339,0,1782358744.5238345,0.002030611038208008
31898,normal,2276,0,1782358744.5257826,0.0019481182098388672
31899,normal,3449,0,1782358744.528011,0.0022284984588623047
31900,normal,1886,0,1782358744.5299284,0.0019173622131347656
31901,normal,114,0,1782358744.5317748,0.0018463134765625
31902,normal,1044,0,1782358744.5340192,0.0022444725036621094
31903,normal,1826,0,1782358744.5358334,0.001814126968383789
31904,normal,1271,0,1782358744.5377781,0.0019447803497314453
31905,normal,2517,0,1782358744.5400121,0.0022339820861816406
31906,normal,1206,0,1782358744.5418596,0.0018475055694580078
31907,normal,1635,0,1782358744.5437725,0.001912832260131836
31908,normal,3574,0,1782358744.5460255,0.0022530555725097656
31909,normal,1465,0,1782358744.5478334,0.0018079280853271484
31910,normal,2726,0,1782358744.5498097,0.0019762516021728516
31911,normal,739,0,1782358744.551875,0.002065420150756836
31912,normal,2650,0,1782358744.553979,0.0021038055419921875
31913,normal,1337,1,1782358744.5557902,0.0018112659454345703
31914,normal,2786,0,1782358744.5580287,0.0022385120391845703
31915,normal,1241,0,1782358744.559917,0.001888275146484375
31916,normal,776,2,1782358744.5617754,0.0018584728240966797
31917,normal,3637,0,1782358744.5640395,0.0022640228271484375
31918,normal,21,0,1782358744.5658295,0.0017900466918945312
31919,normal,2989,0,1782358744.5677783,0.0019488334655761719
31920,normal,3278,1,1782358744.5700352,0.0022568702697753906
31921,normal,354,0,1782358744.5718255,0.0017902851104736328
31922,normal,331,0,1782358744.5737765,0.001950979232788086
31923,normal,3529,0,1782358744.5760362,0.0022597312927246094
31924,normal,2903,0,1782358744.5778303,0.0017940998077392578
31925,normal,3464,0,1782358744.5797787,0.0019483566284179688
31926,normal,1984,0,1782358744.5818908,0.002112150192260742
31927,normal,2739,0,1782358744.5839818,0.002090930938720703
31928,normal,961,2,1782358744.5857759,0.0017940998077392578
31929,normal,1487,0,1782358744.5880406,0.002264738082885742
31930,normal,1060,0,1782358744.5899117,0.0018711090087890625
31931,normal,1340,1,1782358744.5917711,0.001859426498413086
31932,normal,737,0,1782358744.5937812,0.0020101070404052734
31933,normal,2497,0,1782358744.5959146,0.0021333694458007812
31934,normal,2798,0,1782358744.5977688,0.0018541812896728516
31935,normal,3096,1,1782358744.5999393,0.002170562744140625
31936,normal,1158,0,1782358744.601813,0.0018737316131591797
31937,normal,2385,0,1782358744.6039305,0.0021173954010009766
31938,normal,2251,0,1782358744.60611,0.0021796226501464844
31939,normal,2674,0,1782358744.6078196,0.0017094612121582031
31940,normal,3305,1,1782358744.610093,0.0022735595703125
31941,normal,466,0,1782358744.6120403,0.001947164535522461
31942,normal,945,2,1782358744.6139765,0.001936197280883789
31943,normal,1863,0,1782358744.6159675,0.0019910335540771484
31944,normal,1187,0,1782358744.6181052,0.0021376609802246094
31945,normal,1410,0,1782358744.6198888,0.001783609390258789
31946,normal,3280,1,1782358744.621956,0.0020673274993896484
31947,normal,847,2,1782358744.6241117,0.0021555423736572266
31948,normal,638,0,1782358744.6258888,0.0017771720886230469
31949,normal,2122,0,1782358744.6280198,0.0021309852600097656
31950,normal,531,0,1782358744.630026,0.0020062923431396484
31951,normal,1184,0,1782358744.6319704,0.0019443035125732422
31952,normal,1128,0,1782358744.6339552,0.001984834671020508
31953,normal,3266,1,1782358744.6359754,0.002020120620727539
31954,normal,589,0,1782358744.6379728,0.0019974708557128906
31955,normal,1359,1,1782358744.639955,0.0019822120666503906
31956,normal,1950,0,1782358744.6421456,0.0021905899047851562
31957,normal,3107,1,1782358744.6439872,0.0018415451049804688
31958,normal,1098,0,1782358744.6459522,0.001965045928955078
31959,normal,1075,0,1782358744.6481936,0.002241373062133789
31960,normal,1425,0,1782358744.6498828,0.0016891956329345703
31961,normal,1026,2,1782358744.651971,0.002088308334350586
31962,normal,1288,0,1782358744.6541142,0.0021431446075439453
31963,normal,1437,0,1782358744.6558397,0.0017254352569580078
31964,normal,1820,0,1782358744.6580956,0.0022559165954589844
31965,normal,2610,0,1782358744.6600232,0.0019276142120361328
31966,normal,1941,0,1782358744.6619666,0.001943349838256836
31967,normal,193,0,1782358744.6639578,0.00199127197265625
31968,normal,1699,0,1782358744.6661146,0.0021567344665527344
31969,normal,2529,0,1782358744.667863,0.0017483234405517578
31970,normal,3011,0,1782358744.6700923,0.002229452133178711
31971,normal,3126,1,1782358744.6719687,0.0018763542175292969
31972,normal,3604,0,1782358744.6739733,0.0020046234130859375
31973,normal,2526,0,1782358744.6759553,0.001981973648071289
31974,normal,1391,0,1782358744.677957,0.0020017623901367188
31975,normal,1454,0,1782358744.6800923,0.0021352767944335938
31976,normal,1843,0,1782358744.6818233,0.0017309188842773438
31977,normal,2250,0,1782358744.6841054,0.0022821426391601562
31978,normal,2378,0,1782358744.6858368,0.0017313957214355469
31979,normal,3198,1,1782358744.688093,0.002256155014038086
31980,normal,1450,0,1782358744.6899738,0.0018808841705322266
31981,normal,448,0,1782358744.691991,0.0020172595977783203
31982,normal,2214,0,1782358744.6939511,0.0019600391387939453
31983,normal,918,2,1782358744.6960824,0.002131223678588867
31984,normal,1127,0,1782358744.6980507,0.0019683837890625
31985,normal,2118,0,1782358744.6998231,0.0017724037170410156
31986,normal,359,0,1782358744.7020962,0.002273082733154297
31987,normal,2064,0,1782358744.7038271,0.0017309188842773438
31988,normal,623,0,1782358744.7059677,0.002140522003173828
31989,normal,538,0,1782358744.7081153,0.002147674560546875
31990,normal,725,0,1782358744.7098384,0.0017230510711669922
31991,normal,3458,0,1782358744.7120907,0.002252340316772461
31992,normal,70,0,1782358744.7139611,0.0018703937530517578
31993,normal,1180,0,1782358744.715972,0.002010822296142578
31994,normal,3132,1,1782358744.7179537,0.0019817352294921875
31995,normal,2130,0,1782358744.719995,0.002041339874267578
31996,normal,740,0,1782358744.7220063,0.0020112991333007812
31997,normal,2725,0,1782358744.7238216,0.0018153190612792969
31998,normal,27,0,1782358744.725965,0.002143383026123047
31999,normal,822,2,1782358744.7279584,0.001993417739868164
32000,normal,3291,1,1782358744.729972,0.0020134449005126953
32001,normal,2891,0,1782358744.7321196,0.002147674560546875
32002,normal,3385,1,1782358744.7346945,0.002574920654296875
32003,normal,3270,1,1782358744.735823,0.0011284351348876953
32004,normal,3108,1,1782358744.7379544,0.0021314620971679688
32005,normal,908,2,1782358744.7399702,0.002015829086303711
32006,normal,676,0,1782358744.741954,0.0019838809967041016
32007,normal,3445,0,1782358744.744103,0.002148866653442383
32008,normal,562,0,1782358744.7458239,0.0017209053039550781
32009,normal,2974,0,1782358744.7479541,0.002130270004272461
32010,normal,1490,0,1782358744.7498019,0.0018477439880371094
32011,normal,2190,0,1782358744.7521124,0.002310514450073242
32012,normal,1745,0,1782358744.7538192,0.001706838607788086
32013,normal,2655,0,1782358744.7561104,0.0022912025451660156
32014,normal,1004,2,1782358744.7577965,0.00168609619140625
32015,normal,2288,0,1782358744.760109,0.0023124217987060547
32016,normal,632,0,1782358744.761978,0.0018689632415771484
32017,normal,2338,0,1782358744.763986,0.002008199691772461
32018,normal,32,0,1782358744.76597,0.0019838809967041016
32019,normal,3392,1,1782358744.7680995,0.0021295547485351562
32020,normal,118,0,1782358744.7698243,0.0017247200012207031
32021,normal,3563,0,1782358744.771966,0.002141714096069336
32022,normal,3009,0,1782358744.7741082,0.002142190933227539
32023,normal,3561,0,1782358744.7758956,0.001787424087524414
32024,normal,894,2,1782358744.7779558,0.0020601749420166016
32025,normal,2439,0,1782358744.7801516,0.0021958351135253906
32026,normal,3025,0,1782358744.7819707,0.0018191337585449219
32027,normal,2268,0,1782358744.7839556,0.001984834671020508
32028,normal,817,2,1782358744.7861164,0.002160787582397461
32029,normal,907,2,1782358744.7878234,0.0017070770263671875
32030,normal,230,0,1782358744.7900963,0.0022728443145751953
32031,normal,494,0,1782358744.792014,0.0019176006317138672
32032,normal,2673,0,1782358744.793967,0.001953125
32033,normal,1253,0,1782358744.7959552,0.0019881725311279297
32034,normal,3487,0,1782358744.7981873,0.002232074737548828
32035,normal,730,0,1782358744.7998195,0.0016322135925292969
32036,normal,3399,1,1782358744.8020985,0.002279043197631836
32037,normal,1787,0,1782358744.8039718,0.0018732547760009766
32038,normal,151,0,1782358744.8059742,0.0020024776458740234
32039,normal,2600,0,1782358744.8079548,0.0019805431365966797
32040,normal,3237,1,1782358744.81011,0.002155303955078125
32041,normal,2960,0,1782358744.8118804,0.0017702579498291016
32042,normal,1252,0,1782358744.8137965,0.0019161701202392578
32043,normal,684,0,1782358744.8160975,0.0023009777069091797
32044,normal,2231,0,1782358744.8178163,0.001718759536743164
32045,normal,2300,0,1782358744.8201046,0.002288341522216797
32046,normal,1310,0,1782358744.8219721,0.001867532730102539
32047,normal,3666,0,1782358744.8239694,0.001997232437133789
32048,normal,3520,0,1782358744.8259513,0.001981973648071289
32049,normal,290,0,1782358744.8281133,0.0021619796752929688
32050,normal,1305,0,1782358744.8298233,0.0017099380493164062
32051,normal,900,2,1782358744.8320982,0.0022749900817871094
32052,normal,3581,0,1782358744.8339548,0.0018565654754638672
32053,normal,3324,1,1782358744.8365738,0.002619028091430664
32054,normal,3200,1,1782358744.8379915,0.0014176368713378906
32055,normal,1687,0,1782358744.8399642,0.001972675323486328
32056,normal,3331,1,1782358744.8418217,0.0018575191497802734
32057,normal,3239,1,1782358744.8440962,0.0022745132446289062
32058,normal,3279,1,1782358744.8459678,0.0018715858459472656
32059,normal,3612,0,1782358744.8479831,0.002015352249145508
32060,normal,3050,1,1782358744.8499513,0.0019681453704833984
32061,normal,3225,1,1782358744.852102,0.0021507740020751953
32062,normal,791,2,1782358744.8538272,0.0017251968383789062
32063,normal,3026,0,1782358744.8560927,0.002265453338623047
32064,normal,2996,0,1782358744.8579698,0.0018770694732666016
32065,normal,1008,2,1782358744.8599837,0.0020139217376708984
32066,normal,2350,0,1782358744.8619509,0.001967191696166992
32067,normal,3217,1,1782358744.8641088,0.002157926559448242
32068,normal,3425,0,1782358744.8658285,0.0017197132110595703
32069,normal,3035,0,1782358744.868088,0.002259492874145508
32070,normal,2282,0,1782358744.8700268,0.0019388198852539062
32071,normal,1179,0,1782358744.8719616,0.0019347667694091797
32072,normal,2805,0,1782358744.8739684,0.0020067691802978516
32073,normal,1738,0,1782358744.8761184,0.0021500587463378906
32074,normal,1803,0,1782358744.8778217,0.0017032623291015625
32075,normal,299,0,1782358744.880086,0.002264261245727539
32076,normal,1909,0,1782358744.8819695,0.0018835067749023438
32077,normal,2749,0,1782358744.8839788,0.0020093917846679688
32078,normal,780,2,1782358744.8859549,0.00197601318359375
32079,normal,204,0,1782358744.888108,0.002153158187866211
32080,normal,3022,0,1782358744.889839,0.0017309188842773438
32081,normal,1562,0,1782358744.8920898,0.0022509098052978516
32082,normal,622,0,1782358744.8939729,0.0018830299377441406
32083,normal,90,0,1782358744.895994,0.0020210742950439453
32084,normal,3479,0,1782358744.8979626,0.0019686222076416016
32085,normal,1855,0,1782358744.9001105,0.0021479129791259766
32086,normal,1892,0,1782358744.9018254,0.001714944839477539
32087,normal,886,2,1782358744.904092,0.0022666454315185547
32088,normal,1330,1,1782358744.9059687,0.0018765926361083984
32089,normal,981,2,1782358744.907974,0.002005338668823242
32090,normal,3423,0,1782358744.9099715,0.0019974708557128906
32091,normal,2160,0,1782358744.9121118,0.0021402835845947266
32092,normal,3124,1,1782358744.9138412,0.0017294883728027344
32093,normal,767,0,1782358744.9161153,0.002274036407470703
32094,normal,3503,0,1782358744.9179552,0.0018398761749267578
32095,normal,3691,0,1782358744.919862,0.0019068717956542969
32096,normal,3309,1,1782358744.9219546,0.002092599868774414
32097,normal,3378,1,1782358744.9239757,0.0020210742950439453
32098,normal,2832,0,1782358744.9259918,0.0020160675048828125
32099,normal,514,0,1782358744.9279544,0.0019626617431640625
32100,normal,3376,1,1782358744.9301064,0.002151966094970703
32101,normal,849,2,1782358744.9318182,0.0017118453979492188
32102,normal,1983,0,1782358744.9348385,0.0030202865600585938
32103,normal,3044,0,1782358744.9359472,0.0011086463928222656
32104,normal,1151,0,1782358744.9381075,0.002160310745239258
32105,normal,1198,0,1782358744.939804,0.0016965866088867188
32106,normal,71,0,1782358744.9421031,0.002299070358276367
32107,normal,31,0,1782358744.9438374,0.0017342567443847656
32108,normal,3115,1,1782358744.9460886,0.002251148223876953
32109,normal,195,0,1782358744.9479752,0.001886606216430664
32110,normal,458,0,1782358744.9499712,0.0019960403442382812
32111,normal,2217,0,1782358744.951954,0.0019826889038085938
32112,normal,3491,0,1782358744.9541314,0.0021774768829345703
32113,normal,2804,0,1782358744.95582,0.0016887187957763672
32114,normal,1524,0,1782358744.958154,0.0023338794708251953
32115,normal,1378,1,1782358744.9599528,0.001798868179321289
32116,normal,3485,0,1782358744.9617612,0.0018084049224853516
32117,normal,808,2,1782358744.9640899,0.002328634262084961
32118,normal,1074,0,1782358744.9659817,0.0018918514251708984
32119,normal,1619,0,1782358744.9679732,0.0019915103912353516
32120,normal,3362,1,1782358744.9699497,0.001976490020751953
32121,normal,2866,0,1782358744.9720979,0.002148151397705078
32122,normal,2289,0,1782358744.9738586,0.001760721206665039
32123,normal,1287,0,1782358744.9759557,0.0020971298217773438
32124,normal,8,0,1782358744.9782457,0.002290010452270508
32125,normal,3077,1,1782358744.9798212,0.001575469970703125
32126,normal,1730,0,1782358744.9820929,0.0022716522216796875
32127,normal,2077,0,1782358744.983974,0.0018811225891113281
32128,normal,942,2,1782358744.9859908,0.002016782760620117
32129,normal,1402,0,1782358744.9879506,0.0019598007202148438
32130,normal,1798,0,1782358744.9901116,0.0021610260009765625
32131,normal,1564,0,1782358744.991808,0.0016963481903076172
32132,normal,1933,0,1782358744.994125,0.0023169517517089844
32133,normal,990,2,1782358744.9959612,0.0018362998962402344
32134,normal,2703,0,1782358744.9979782,0.0020170211791992188
32135,normal,1138,0,1782358744.999969,0.001990795135498047
32136,normal,2647,0,1782358745.0018363,0.0018672943115234375
32137,normal,1461,0,1782358745.0041006,0.002264261245727539
32138,normal,2158,0,1782358745.0058234,0.0017228126525878906
32139,normal,182,0,1782358745.0080996,0.002276182174682617
32140,normal,948,2,1782358745.0098221,0.001722574234008789
32141,normal,170,0,1782358745.0121088,0.002286672592163086
32142,normal,556,0,1782358745.0138783,0.0017695426940917969
32143,normal,52,0,1782358745.0161107,0.0022323131561279297
32144,normal,3699,0,1782358745.0178092,0.0016984939575195312
32145,normal,441,0,1782358745.0199976,0.002188444137573242
32146,normal,2154,0,1782358745.0219703,0.001972675323486328
32147,normal,520,0,1782358745.023956,0.001985788345336914
32148,normal,2634,0,1782358745.025994,0.0020380020141601562
32149,normal,89,0,1782358745.0279758,0.0019817352294921875
32150,normal,1802,0,1782358745.0299551,0.001979351043701172
32151,normal,2783,0,1782358745.0319822,0.0020270347595214844
32152,normal,1876,0,1782358745.0338159,0.0018336772918701172
32153,normal,3620,0,1782358745.0359204,0.002104520797729492
32154,normal,1647,0,1782358745.037975,0.0020546913146972656
32155,normal,2473,0,1782358745.0398476,0.0018725395202636719
32156,normal,1392,0,1782358745.0419183,0.0020706653594970703
32157,normal,3220,1,1782358745.0439742,0.0020558834075927734
32158,normal,2358,0,1782358745.0458305,0.0018563270568847656
32159,normal,3476,0,1782358745.0478556,0.002025127410888672
32160,normal,3320,1,1782358745.050025,0.002169370651245117
32161,normal,232,0,1782358745.051732,0.0017070770263671875
32162,normal,3283,1,1782358745.054125,0.002393007278442383
32163,normal,1970,0,1782358745.0558937,0.0017685890197753906
32164,normal,439,0,1782358745.0581198,0.002226114273071289
32165,normal,657,0,1782358745.0598016,0.0016818046569824219
32166,normal,1480,0,1782358745.0620244,0.002222776412963867
32167,normal,3427,0,1782358745.063961,0.0019366741180419922
32168,normal,3565,0,1782358745.065974,0.002012968063354492
32169,normal,1895,0,1782358745.0679471,0.0019731521606445312
32170,normal,843,2,1782358745.069826,0.0018787384033203125
32171,normal,1601,0,1782358745.072109,0.0022830963134765625
32172,normal,1743,0,1782358745.0739596,0.0018506050109863281
32173,normal,2965,0,1782358745.0759742,0.002014636993408203
32174,normal,3336,1,1782358745.0779564,0.0019822120666503906
32175,normal,2983,0,1782358745.08019,0.0022335052490234375
32176,normal,207,0,1782358745.0819466,0.0017566680908203125
32177,normal,1728,0,1782358745.083953,0.0020062923431396484
32178,normal,84,0,1782358745.0860658,0.002112865447998047
32179,normal,2297,0,1782358745.0880227,0.001956939697265625
32180,normal,3253,1,1782358745.0898216,0.001798868179321289
32181,normal,286,0,1782358745.0920959,0.0022742748260498047
32182,normal,2038,0,1782358745.093824,0.001728057861328125
32183,normal,2561,0,1782358745.0961034,0.002279520034790039
32184,normal,3609,0,1782358745.0979688,0.001865386962890625
32185,normal,2057,0,1782358745.099979,0.0020101070404052734
32186,normal,60,0,1782358745.1019568,0.0019779205322265625
32187,normal,3555,0,1782358745.1041114,0.0021545886993408203
32188,normal,2758,0,1782358745.105817,0.0017056465148925781
32189,normal,937,2,1782358745.1079576,0.002140522003173828
32190,normal,2993,0,1782358745.1100323,0.002074718475341797
32191,normal,3703,0,1782358745.1119695,0.0019371509552001953
32192,normal,3133,1,1782358745.1139603,0.001990795135498047
32193,normal,435,0,1782358745.1159806,0.0020203590393066406
32194,normal,1527,0,1782358745.1179755,0.0019948482513427734
32195,normal,1054,0,1782358745.119959,0.001983642578125
32196,normal,1398,0,1782358745.1221097,0.0021505355834960938
32197,normal,14,0,1782358745.1238382,0.0017285346984863281
32198,normal,36,0,1782358745.1260948,0.002256631851196289
32199,normal,3088,1,1782358745.1279588,0.0018639564514160156
32200,normal,829,2,1782358745.1299806,0.00202178955078125
32201,normal,3036,0,1782358745.1319556,0.0019750595092773438
32202,normal,708,0,1782358745.1339715,0.002015829086303711
32203,normal,54,0,1782358745.1359894,0.002017974853515625
32204,normal,430,0,1782358745.1379569,0.0019674301147460938
32205,normal,335,0,1782358745.1401107,0.0021538734436035156
32206,normal,2904,0,1782358745.141839,0.0017282962799072266
32207,normal,1153,0,1782358745.1440918,0.002252817153930664
32208,normal,738,0,1782358745.1459775,0.0018856525421142578
32209,normal,3110,1,1782358745.1479776,0.002000093460083008
32210,normal,2161,0,1782358745.1499832,0.0020055770874023438
32211,normal,219,0,1782358745.1521072,0.0021240711212158203
32212,normal,3337,1,1782358745.1538446,0.001737356185913086
32213,normal,711,0,1782358745.155961,0.0021164417266845703
32214,normal,1639,0,1782358745.1581037,0.002142667770385742
32215,normal,2195,0,1782358745.1598382,0.0017344951629638672
32216,normal,1500,0,1782358745.1621041,0.00226593017578125
32217,normal,664,0,1782358745.1639714,0.0018672943115234375
32218,normal,2500,0,1782358745.1659768,0.002005338668823242
32219,normal,1434,0,1782358745.167953,0.0019762516021728516
32220,normal,329,0,1782358745.1701112,0.0021581649780273438
32221,normal,712,0,1782358745.1718385,0.0017273426055908203
32222,normal,1451,0,1782358745.1740956,0.002257108688354492
32223,normal,2464,0,1782358745.1759741,0.001878499984741211
32224,normal,3069,1,1782358745.1779768,0.002002716064453125
32225,normal,1822,0,1782358745.1799567,0.001979827880859375
32226,normal,3232,1,1782358745.182114,0.0021572113037109375
32227,normal,1472,0,1782358745.1838374,0.0017235279083251953
32228,normal,309,0,1782358745.1860902,0.002252817153930664
32229,normal,1934,0,1782358745.1879973,0.0019071102142333984
32230,normal,2506,0,1782358745.1899757,0.0019783973693847656
32231,normal,453,0,1782358745.1919594,0.001983642578125
32232,normal,205,0,1782358745.1941092,0.002149820327758789
32233,normal,2790,0,1782358745.1958592,0.0017499923706054688
32234,normal,3119,1,1782358745.1979525,0.0020933151245117188
32235,normal,2591,0,1782358745.1999578,0.002005338668823242
32236,normal,672,0,1782358745.2019763,0.002018451690673828
32237,normal,3587,0,1782358745.203955,0.001978635787963867
32238,normal,1495,0,1782358745.206111,0.0021560192108154297
32239,normal,1251,0,1782358745.207836,0.0017249584197998047
32240,normal,867,2,1782358745.2100885,0.0022525787353515625
32241,normal,2864,0,1782358745.2119753,0.0018868446350097656
32242,normal,10,0,1782358745.2139897,0.0020143985748291016
32243,normal,2846,0,1782358745.2159555,0.001965761184692383
32244,normal,1701,0,1782358745.2181115,0.0021560192108154297
32245,normal,265,0,1782358745.2198298,0.001718282699584961
32246,normal,3558,0,1782358745.2220976,0.0022678375244140625
32247,normal,1634,0,1782358745.2239754,0.0018777847290039062
32248,normal,304,0,1782358745.225976,0.002000570297241211
32249,normal,1683,0,1782358745.2279682,0.0019922256469726562
32250,normal,2133,0,1782358745.2301075,0.0021393299102783203
32251,normal,2777,0,1782358745.2318366,0.0017290115356445312
32252,normal,2919,0,1782358745.2340977,0.0022611618041992188
32253,normal,2478,0,1782358745.2359562,0.0018584728240966797
32254,normal,1572,0,1782358745.237975,0.0020186901092529297
32255,normal,58,0,1782358745.2399538,0.0019788742065429688
32256,normal,2972,0,1782358745.2421103,0.002156496047973633
32257,normal,456,0,1782358745.2438288,0.0017185211181640625
32258,normal,313,0,1782358745.2460954,0.0022666454315185547
32259,normal,2290,0,1782358745.2479713,0.0018758773803710938
32260,normal,3135,1,1782358745.2499683,0.0019969940185546875
32261,normal,2058,0,1782358745.251954,0.001985788345336914
32262,normal,2741,0,1782358745.2540984,0.002144336700439453
32263,normal,1052,0,1782358745.2558277,0.0017292499542236328
32264,normal,3165,1,1782358745.2580874,0.0022597312927246094
32265,normal,3125,1,1782358745.2599747,0.0018873214721679688
32266,normal,1419,0,1782358745.2619953,0.002020597457885742
32267,normal,137,0,1782358745.2639687,0.001973390579223633
32268,normal,371,0,1782358745.265989,0.0020203590393066406
32269,normal,2355,0,1782358745.267971,0.001981973648071289
32270,normal,3100,1,1782358745.2699568,0.001985788345336914
32271,normal,1259,0,1782358745.272109,0.0021522045135498047
32272,normal,1503,0,1782358745.2738378,0.0017287731170654297
32273,normal,2030,0,1782358745.2760942,0.0022563934326171875
32274,normal,308,0,1782358745.2779582,0.0018639564514160156
32275,normal,3639,0,1782358745.2799785,0.0020203590393066406
32276,normal,668,0,1782358745.2819679,0.0019893646240234375
32277,normal,2430,0,1782358745.2842062,0.0022382736206054688
32278,normal,2179,0,1782358745.2859719,0.0017657279968261719
32279,normal,3092,1,1782358745.2879562,0.0019843578338623047
32280,normal,3339,1,1782358745.290122,0.0021657943725585938
32281,normal,2272,0,1782358745.291824,0.0017020702362060547
32282,normal,859,2,1782358745.294092,0.0022678375244140625
32283,normal,2393,0,1782358745.2959652,0.0018732547760009766
32284,normal,2922,0,1782358745.2979722,0.002007007598876953
32285,normal,3704,0,1782358745.2999644,0.0019922256469726562
32286,normal,1401,0,1782358745.3021936,0.0022292137145996094
32287,normal,3374,1,1782358745.3038242,0.001630544662475586
32288,normal,715,0,1782358745.3061464,0.0023221969604492188
32289,normal,1407,0,1782358745.307829,0.0016825199127197266
32290,normal,3659,0,1782358745.3101015,0.0022726058959960938
32291,normal,273,0,1782358745.3118236,0.001722097396850586
32292,normal,1746,0,1782358745.3141105,0.0022869110107421875
32293,normal,1612,0,1782358745.3158226,0.0017120838165283203
32294,normal,2751,0,1782358745.3180976,0.0022749900817871094
32295,normal,3181,1,1782358745.3199615,0.0018639564514160156
32296,normal,2708,0,1782358745.3218217,0.0018601417541503906
32297,normal,2635,0,1782358745.3240967,0.0022749900817871094
32298,normal,1732,0,1782358745.3260214,0.001924753189086914
32299,normal,2309,0,1782358745.3280396,0.0020182132720947266
32300,normal,1868,0,1782358745.3299549,0.0019152164459228516
32301,normal,1217,0,1782358745.3319619,0.002007007598876953
32302,normal,47,0,1782358745.333814,0.0018520355224609375
32303,normal,2024,0,1782358745.335946,0.0021321773529052734
32304,normal,1658,0,1782358745.3380926,0.002146482467651367
32305,normal,515,0,1782358745.3398285,0.0017359256744384766
32306,normal,645,0,1782358745.3419569,0.0021283626556396484
32307,normal,229,0,1782358745.344204,0.0022470951080322266
32308,normal,1779,0,1782358745.3459544,0.0017504692077636719
32309,normal,40,0,1782358745.3479674,0.002012968063354492
32310,normal,422,0,1782358745.3498104,0.0018429756164550781
32311,normal,912,2,1782358745.3517895,0.0019791126251220703
32312,normal,3079,1,1782358745.3537374,0.0019478797912597656
32313,normal,2101,0,1782358745.3557436,0.0020062923431396484
32314,normal,2813,0,1782358745.3577275,0.0019838809967041016
32315,normal,2668,0,1782358745.3597333,0.0020058155059814453
32316,normal,1972,0,1782358745.3619387,0.002205371856689453
32317,normal,984,2,1782358745.3637528,0.001814126968383789
32318,normal,126,0,1782358745.3657525,0.0019996166229248047
32319,normal,837,2,1782358745.3679342,0.0021817684173583984
32320,normal,307,0,1782358745.3697352,0.0018010139465332031
32321,normal,693,0,1782358745.371953,0.0022177696228027344
32322,normal,3696,0,1782358745.3737626,0.0018095970153808594
32323,normal,3644,0,1782358745.3759038,0.002141237258911133
32324,normal,393,0,1782358745.3777692,0.001865386962890625
32325,normal,1569,0,1782358745.3799758,0.002206563949584961
32326,normal,1650,0,1782358745.3817673,0.0017914772033691406
32327,normal,1836,0,1782358745.3839147,0.0021474361419677734
32328,normal,127,0,1782358745.3858223,0.0019075870513916016
32329,normal,1755,0,1782358745.3878994,0.0020771026611328125
32330,normal,2302,0,1782358745.3897734,0.0018739700317382812
32331,normal,848,2,1782358745.3919802,0.0022068023681640625
32332,normal,2094,0,1782358745.3937705,0.0017902851104736328
32333,normal,2696,0,1782358745.395901,0.0021305084228515625
32334,normal,1912,0,1782358745.397768,0.001867055892944336
32335,normal,2151,0,1782358745.3997698,0.0020017623901367188
32336,normal,300,0,1782358745.4019036,0.0021338462829589844
32337,normal,568,0,1782358745.4038308,0.0019271373748779297
32338,normal,975,2,1782358745.4059007,0.0020699501037597656
32339,normal,978,2,1782358745.4077742,0.0018734931945800781
32340,normal,2061,0,1782358745.409988,0.002213716506958008
32341,normal,690,0,1782358745.4117684,0.0017805099487304688
32342,normal,3102,1,1782358745.4139295,0.0021610260009765625
32343,normal,316,0,1782358745.4158366,0.0019071102142333984
32344,normal,1019,2,1782358745.4179056,0.0020689964294433594
32345,normal,902,2,1782358745.4197712,0.0018656253814697266
32346,normal,3591,0,1782358745.4219933,0.0022220611572265625
32347,normal,1343,1,1782358745.4237623,0.0017690658569335938
32348,normal,1769,0,1782358745.4257684,0.002006053924560547
32349,normal,19,0,1782358745.4279277,0.0021593570709228516
32350,normal,3434,0,1782358745.4297647,0.001837015151977539
32351,normal,2877,0,1782358745.4317703,0.0020055770874023438
32352,normal,428,0,1782358745.433902,0.0021317005157470703
32353,normal,1638,0,1782358745.435818,0.0019159317016601562
32354,normal,3286,1,1782358745.4389474,0.0031294822692871094
32355,normal,3203,1,1782358745.4397159,0.0007684230804443359
32356,normal,602,0,1782358745.4417443,0.0020284652709960938
32357,normal,1412,0,1782358745.4437413,0.0019969940185546875
32358,normal,579,0,1782358745.4457352,0.001993894577026367
32359,normal,1455,0,1782358745.4477668,0.002031564712524414
32360,normal,3179,1,1782358745.4497883,0.0020215511322021484
32361,normal,3248,1,1782358745.451735,0.0019466876983642578
32362,normal,1704,0,1782358745.4537237,0.001988649368286133
32363,normal,913,2,1782358745.4557257,0.0020020008087158203
32364,normal,443,0,1782358745.457723,0.001997232437133789
32365,normal,1604,0,1782358745.4597101,0.0019872188568115234
32366,normal,2707,0,1782358745.4617262,0.0020160675048828125
32367,normal,1682,0,1782358745.463797,0.002070903778076172
32368,normal,3598,0,1782358745.465687,0.001889944076538086
32369,normal,2847,0,1782358745.4676886,0.002001523971557617
32370,normal,2816,0,1782358745.4697883,0.002099752426147461
32371,normal,1973,0,1782358745.471763,0.0019745826721191406
32372,normal,2068,0,1782358745.4738576,0.002094745635986328
32373,normal,2050,0,1782358745.4757757,0.0019180774688720703
32374,normal,724,0,1782358745.4778976,0.0021219253540039062
32375,normal,1734,0,1782358745.4797664,0.0018687248229980469
32376,normal,3218,1,1782358745.48192,0.002153635025024414
32377,normal,1535,0,1782358745.4837627,0.0018427371978759766
32378,normal,1439,0,1782358745.4857671,0.002004384994506836
32379,normal,3313,1,1782358745.4879234,0.0021562576293945312
32380,normal,3668,0,1782358745.4897616,0.0018382072448730469
32381,normal,2627,0,1782358745.4919033,0.002141714096069336
32382,normal,3316,1,1782358745.493769,0.0018656253814697266
32383,normal,2134,0,1782358745.4959006,0.0021317005157470703
32384,normal,3680,0,1782358745.4977727,0.0018720626831054688
32385,normal,883,2,1782358745.5000699,0.0022971630096435547
32386,normal,551,0,1782358745.5017672,0.0016973018646240234
32387,normal,926,2,1782358745.5037642,0.0019969940185546875
32388,normal,2275,0,1782358745.5057154,0.0019512176513671875
32389,normal,1538,0,1782358745.5077548,0.0020394325256347656
32390,normal,3322,1,1782358745.5097091,0.001954317092895508
32391,normal,2539,0,1782358745.5117574,0.0020482540130615234
32392,normal,2255,0,1782358745.5137024,0.0019450187683105469
32393,normal,2577,0,1782358745.5157664,0.0020639896392822266
32394,normal,3477,0,1782358745.5179813,0.0022149085998535156
32395,normal,2226,0,1782358745.51981,0.0018286705017089844
32396,normal,2407,0,1782358745.5218246,0.002014636993408203
32397,normal,617,0,1782358745.5237753,0.0019507408142089844
32398,normal,374,0,1782358745.5257077,0.001932382583618164
32399,normal,3638,0,1782358745.5277145,0.0020067691802978516
32400,normal,1205,0,1782358745.529724,0.0020093917846679688
32401,normal,346,0,1782358745.5317252,0.0020012855529785156
32402,normal,1318,0,1782358745.5337934,0.0020682811737060547
32403,normal,802,2,1782358745.5358047,0.0020112991333007812
32404,normal,2037,0,1782358745.5377634,0.001958608627319336
32405,normal,2888,0,1782358745.5399065,0.0021431446075439453
32406,normal,1753,0,1782358745.5417633,0.0018568038940429688
32407,normal,2484,0,1782358745.5439036,0.0021402835845947266
32408,normal,2553,0,1782358745.5457633,0.0018596649169921875
32409,normal,2175,0,1782358745.5477922,0.002028942108154297
32410,normal,3231,1,1782358745.5498836,0.0020914077758789062
32411,normal,1040,0,1782358745.5517673,0.0018837451934814453
32412,normal,1212,0,1782358745.5539057,0.002138376235961914
32413,normal,1882,0,1782358745.5557668,0.0018610954284667969
32414,normal,897,2,1782358745.5579057,0.002138853073120117
32415,normal,1326,1,1782358745.559764,0.0018582344055175781
32416,normal,1191,0,1782358745.5619009,0.0021369457244873047
32417,normal,1842,0,1782358745.5637646,0.001863718032836914
32418,normal,2093,0,1782358745.5659554,0.002190828323364258
32419,normal,242,0,1782358745.5677638,0.0018084049224853516
32420,normal,773,2,1782358745.5699086,0.0021448135375976562
32421,normal,1041,0,1782358745.5717647,0.001856088638305664
32422,normal,1929,0,1782358745.5738993,0.002134561538696289
32423,normal,475,0,1782358745.5757663,0.001867055892944336
32424,normal,2970,0,1782358745.5779123,0.002146005630493164
32425,normal,1140,0,1782358745.5797644,0.0018520355224609375
32426,normal,1977,0,1782358745.5819085,0.0021440982818603516
32427,normal,159,0,1782358745.5838065,0.001898050308227539
32428,normal,3686,0,1782358745.585909,0.002102375030517578
32429,normal,1012,2,1782358745.5877645,0.001855611801147461
32430,normal,2001,0,1782358745.5899653,0.0022008419036865234
32431,normal,3162,1,1782358745.5917637,0.001798391342163086
32432,normal,933,2,1782358745.5939076,0.00214385986328125
32433,normal,2999,0,1782358745.5957642,0.0018565654754638672
32434,normal,3625,0,1782358745.5979016,0.002137422561645508
32435,normal,1360,1,1782358745.5997634,0.0018618106842041016
32436,normal,3159,1,1782358745.6017733,0.002009868621826172
32437,normal,2067,0,1782358745.6039498,0.002176523208618164
32438,normal,1539,0,1782358745.6057508,0.0018010139465332031
32439,normal,3171,1,1782358745.6079383,0.002187490463256836
32440,normal,83,0,1782358745.609763,0.0018246173858642578
32441,normal,3463,0,1782358745.6119049,0.0021419525146484375
32442,normal,1520,0,1782358745.6137638,0.0018589496612548828
32443,normal,2722,0,1782358745.6159024,0.0021386146545410156
32444,normal,3556,0,1782358745.6177707,0.0018682479858398438
32445,normal,1080,0,1782358745.6197643,0.0019936561584472656
32446,normal,2261,0,1782358745.6219006,0.00213623046875
32447,normal,1256,0,1782358745.6237729,0.0018723011016845703
32448,normal,220,0,1782358745.625764,0.0019910335540771484
32449,normal,243,0,1782358745.627902,0.0021381378173828125
32450,normal,2422,0,1782358745.6297657,0.001863718032836914
32451,normal,1255,0,1782358745.631763,0.001997232437133789
32452,normal,2120,0,1782358745.6339014,0.002138376235961914
32453,normal,2566,0,1782358745.6357648,0.0018634796142578125
32454,normal,188,0,1782358745.6377623,0.0019974708557128906
32455,normal,1821,0,1782358745.6399002,0.002137899398803711
32456,normal,30,0,1782358745.6417642,0.0018639564514160156
32457,normal,1341,1,1782358745.6437635,0.001999378204345703
32458,normal,850,2,1782358745.6459026,0.0021390914916992188
32459,normal,150,0,1782358745.647763,0.0018603801727294922
32460,normal,3640,0,1782358745.6497617,0.0019986629486083984
32461,normal,2025,0,1782358745.6519012,0.002139568328857422
32462,normal,1312,0,1782358745.653766,0.0018646717071533203
32463,normal,143,0,1782358745.655774,0.002008199691772461
32464,normal,2676,0,1782358745.6579008,0.0021266937255859375
32465,normal,1369,1,1782358745.6597626,0.0018618106842041016
32466,normal,1733,0,1782358745.6617615,0.0019989013671875
32467,normal,1289,0,1782358745.663907,0.002145528793334961
32468,normal,605,0,1782358745.6657875,0.0018804073333740234
32469,normal,2491,0,1782358745.6678517,0.002064228057861328
32470,normal,2128,0,1782358745.6699016,0.0020499229431152344
32471,normal,904,2,1782358745.671767,0.001865386962890625
32472,normal,1110,0,1782358745.673762,0.001995086669921875
32473,normal,3269,1,1782358745.6759007,0.0021386146545410156
32474,normal,2724,0,1782358745.6778252,0.0019245147705078125
32475,normal,1429,0,1782358745.6797624,0.0019371509552001953
32476,normal,1510,0,1782358745.6818993,0.0021369457244873047
32477,normal,1070,0,1782358745.683764,0.0018646717071533203
32478,normal,1246,0,1782358745.6857653,0.0020012855529785156
32479,normal,2301,0,1782358745.6879032,0.002137899398803711
32480,normal,1720,0,1782358745.689764,0.0018608570098876953
32481,normal,1477,0,1782358745.6917229,0.0019588470458984375
32482,normal,1370,1,1782358745.6937444,0.0020215511322021484
32483,normal,1644,0,1782358745.6957276,0.001983165740966797
32484,normal,1685,0,1782358745.6977227,0.001995086669921875
32485,normal,2827,0,1782358745.6997375,0.0020148754119873047
32486,normal,485,0,1782358745.7017145,0.0019769668579101562
32487,normal,1399,0,1782358745.7037086,0.0019941329956054688
32488,normal,1589,0,1782358745.7057416,0.0020329952239990234
32489,normal,1091,0,1782358745.7077115,0.0019698143005371094
32490,normal,1736,0,1782358745.709741,0.0020296573638916016
32491,normal,797,2,1782358745.711753,0.0020117759704589844
32492,normal,2312,0,1782358745.7137153,0.001962423324584961
32493,normal,1542,0,1782358745.7157378,0.0020225048065185547
32494,normal,2795,0,1782358745.7177477,0.002009868621826172
32495,normal,1971,0,1782358745.719716,0.0019683837890625
32496,normal,108,0,1782358745.7217433,0.002027273178100586
32497,normal,2163,0,1782358745.7237353,0.0019919872283935547
32498,normal,2371,0,1782358745.725716,0.0019807815551757812
32499,normal,1853,0,1782358745.727737,0.0020208358764648438
32500,normal,3223,1,1782358745.7297406,0.0020036697387695312
32501,normal,2507,0,1782358745.731713,0.0019724369049072266
32502,normal,2013,0,1782358745.733742,0.002028942108154297
32503,normal,175,0,1782358745.735745,0.0020029544830322266
32504,normal,3633,0,1782358745.73775,0.0020051002502441406
32505,normal,123,0,1782358745.7397192,0.0019690990447998047
32506,normal,3544,0,1782358745.7417388,0.002019643783569336
32507,normal,1914,0,1782358745.7437127,0.001973867416381836
32508,normal,558,0,1782358745.7457457,0.0020329952239990234
32509,normal,1443,0,1782358745.747773,0.002027273178100586
32510,normal,2895,0,1782358745.7497349,0.001961946487426758
32511,normal,1272,0,1782358745.751746,0.0020110607147216797
32512,normal,345,0,1782358745.7537408,0.0019948482513427734
32513,normal,1771,0,1782358745.7557127,0.0019719600677490234
32514,normal,2882,0,1782358745.7577386,0.0020258426666259766
32515,normal,699,0,1782358745.7597408,0.002002239227294922
32516,normal,2848,0,1782358745.7617133,0.0019724369049072266
32517,normal,3221,1,1782358745.7637515,0.002038240432739258
32518,normal,3645,0,1782358745.765739,0.001987457275390625
32519,normal,2319,0,1782358745.7677095,0.001970529556274414
32520,normal,2855,0,1782358745.7697425,0.0020329952239990234
32521,normal,226,0,1782358745.771736,0.001993417739868164
32522,normal,2280,0,1782358745.77375,0.00201416015625
32523,normal,1565,0,1782358745.775723,0.0019729137420654297
32524,normal,1084,0,1782358745.7777426,0.002019643783569336
32525,normal,365,0,1782358745.7797124,0.0019698143005371094
32526,normal,1694,0,1782358745.7817366,0.0020241737365722656
32527,normal,1839,0,1782358745.7837524,0.002015829086303711
32528,normal,340,0,1782358745.7857127,0.001960277557373047
32529,normal,333,0,1782358745.7877345,0.00202178955078125
32530,normal,88,0,1782358745.789741,0.00200653076171875
32531,normal,2623,0,1782358745.7917204,0.001979351043701172
32532,normal,1483,0,1782358745.7937415,0.0020210742950439453
32533,normal,1090,0,1782358745.7957356,0.0019941329956054688
32534,normal,2622,0,1782358745.797715,0.001979351043701172
32535,normal,1858,0,1782358745.7997274,0.002012491226196289
32536,normal,2081,0,1782358745.801752,0.0020246505737304688
32537,normal,75,0,1782358745.8037145,0.001962423324584961
32538,normal,287,0,1782358745.8057363,0.00202178955078125
32539,normal,2132,0,1782358745.8077395,0.002003192901611328
32540,normal,1913,0,1782358745.809713,0.001973390579223633
32541,normal,3173,1,1782358745.811741,0.002028226852416992
32542,normal,831,2,1782358745.8137422,0.002001047134399414
32543,normal,3492,0,1782358745.8157136,0.0019714832305908203
32544,normal,2870,0,1782358745.8177397,0.002026081085205078
32545,normal,394,0,1782358745.819741,0.0020012855529785156
32546,normal,2909,0,1782358745.8217132,0.001972198486328125
32547,normal,1799,0,1782358745.823736,0.0020227432250976562
32548,normal,1838,0,1782358745.8257182,0.0019822120666503906
32549,normal,599,0,1782358745.8277104,0.0019922256469726562
32550,normal,3238,1,1782358745.8297398,0.0020294189453125
32551,normal,995,2,1782358745.8317406,0.0020008087158203125
32552,normal,582,0,1782358745.8337123,0.001971721649169922
32553,normal,722,0,1782358745.8357358,0.002023458480834961
32554,normal,2405,0,1782358745.83774,0.0020041465759277344
32555,normal,2701,0,1782358745.839713,0.0019731521606445312
32556,normal,1584,0,1782358745.8417354,0.002022266387939453
32557,normal,2376,0,1782358745.8437388,0.0020034313201904297
32558,normal,1409,0,1782358745.845712,0.0019731521606445312
32559,normal,3451,0,1782358745.8477376,0.002025604248046875
32560,normal,1890,0,1782358745.8497574,0.0020198822021484375
32561,normal,858,2,1782358745.8517263,0.001968860626220703
32562,normal,999,2,1782358745.8537521,0.0020258426666259766
32563,normal,3148,1,1782358745.8557558,0.0020036697387695312
32564,normal,2734,0,1782358745.8577123,0.001956462860107422
32565,normal,3541,0,1782358745.8597374,0.002025127410888672
32566,normal,129,0,1782358745.8617435,0.002006053924560547
32567,normal,2104,0,1782358745.8637123,0.001968860626220703
32568,normal,2914,0,1782358745.8657348,0.0020225048065185547
32569,normal,3410,0,1782358745.8677392,0.002004384994506836
32570,normal,1794,0,1782358745.8697126,0.001973390579223633
32571,normal,1936,0,1782358745.871737,0.002024412155151367
32572,normal,3523,0,1782358745.8737397,0.002002716064453125
32573,normal,1739,0,1782358745.8757203,0.0019805431365966797
32574,normal,1163,0,1782358745.8777363,0.0020160675048828125
32575,normal,1042,0,1782358745.8797421,0.0020058155059814453
32576,normal,1900,0,1782358745.881714,0.0019719600677490234
32577,normal,261,0,1782358745.8837383,0.0020241737365722656
32578,normal,626,0,1782358745.8857427,0.002004384994506836
32579,normal,1023,2,1782358745.8877113,0.0019686222076416016
32580,normal,784,2,1782358745.8897424,0.002031087875366211
32581,normal,1830,0,1782358745.8917403,0.0019979476928710938
32582,normal,3539,0,1782358745.8937118,0.0019714832305908203
32583,normal,2837,0,1782358745.8957348,0.002022981643676758
32584,normal,3347,1,1782358745.8977404,0.0020055770874023438
32585,normal,3176,1,1782358745.899724,0.001983642578125
32586,normal,1324,1,1782358745.9017186,0.001994609832763672
32587,normal,754,0,1782358745.903744,0.0020253658294677734
32588,normal,2987,0,1782358745.9057133,0.0019693374633789062
32589,normal,2031,0,1782358745.9077358,0.0020225048065185547
32590,normal,228,0,1782358745.9097416,0.0020058155059814453
32591,normal,1498,0,1782358745.9117148,0.0019731521606445312
32592,normal,1154,0,1782358745.913736,0.002021312713623047
32593,normal,1578,0,1782358745.9157407,0.0020046234130859375
32594,normal,487,0,1782358745.9177213,0.0019805431365966797
32595,normal,3651,0,1782358745.9197416,0.0020203590393066406
32596,normal,457,0,1782358745.9217348,0.0019931793212890625
32597,normal,1017,2,1782358745.9237132,0.0019783973693847656
32598,normal,187,0,1782358745.9257267,0.0020134449005126953
32599,normal,1785,0,1782358745.9277437,0.0020170211791992188
32600,normal,3304,1,1782358745.9297173,0.0019736289978027344
32601,normal,519,0,1782358745.9317389,0.0020215511322021484
32602,normal,2379,0,1782358745.9337394,0.002000570297241211
32603,normal,2303,0,1782358745.93571,0.001970529556274414
32604,normal,293,0,1782358745.9377344,0.002024412155151367
32605,normal,781,2,1782358745.9397411,0.0020067691802978516
32606,normal,1301,0,1782358745.9417186,0.0019774436950683594
32607,normal,2821,0,1782358745.9437392,0.002020597457885742
32608,normal,3429,0,1782358745.9457402,0.002001047134399414
32609,normal,2572,0,1782358745.9477146,0.001974344253540039
32610,normal,2810,0,1782358745.949731,0.0020165443420410156
32611,normal,312,0,1782358745.9517193,0.0019881725311279297
32612,normal,3334,1,1782358745.9537115,0.0019922256469726562
32613,normal,2204,0,1782358745.9557436,0.002032041549682617
32614,normal,509,0,1782358745.9577343,0.001990795135498047
32615,normal,597,0,1782358745.9597137,0.001979351043701172
32616,normal,3289,1,1782358745.961737,0.0020232200622558594
32617,normal,3613,0,1782358745.9637406,0.0020036697387695312
32618,normal,2006,0,1782358745.9657152,0.0019745826721191406
32619,normal,1055,0,1782358745.9677422,0.0020270347595214844
32620,normal,3325,1,1782358745.969739,0.001996755599975586
32621,normal,1797,0,1782358745.9717302,0.00199127197265625
32622,normal,479,0,1782358745.973739,0.002008676528930664
32623,normal,1533,0,1782358745.975772,0.0020329952239990234
32624,normal,1415,0,1782358745.9777179,0.0019459724426269531
32625,normal,1170,0,1782358745.979736,0.0020182132720947266
32626,normal,862,2,1782358745.981739,0.0020029544830322266
32627,normal,3618,0,1782358745.9837117,0.001972675323486328
32628,normal,2753,0,1782358745.9857326,0.0020208358764648438
32629,normal,1424,0,1782358745.9877377,0.0020051002502441406
32630,normal,1449,0,1782358745.9897096,0.0019719600677490234
32631,normal,596,0,1782358745.9917336,0.002023935317993164
32632,normal,1628,0,1782358745.9937387,0.0020051002502441406
32633,normal,1494,0,1782358745.995711,0.0019724369049072266
32634,normal,3258,1,1782358745.9977334,0.002022266387939453
32635,normal,1608,0,1782358745.9997723,0.0020389556884765625
32636,normal,3071,1,1782358746.0017018,0.0019295215606689453
32637,normal,3361,1,1782358746.003741,0.002039194107055664
32638,normal,3017,0,1782358746.0057416,0.002000570297241211
32639,normal,2528,0,1782358746.0077271,0.0019855499267578125
32640,normal,3624,0,1782358746.0097425,0.002015352249145508
32641,normal,442,0,1782358746.0117364,0.001993894577026367
32642,normal,389,0,1782358746.0137126,0.0019762516021728516
32643,normal,729,0,1782358746.0159411,0.0022284984588623047
32644,normal,3559,0,1782358746.0177827,0.0018415451049804688
32645,normal,2617,0,1782358746.0198586,0.0020759105682373047
32646,normal,2041,0,1782358746.0219164,0.002057790756225586
32647,normal,534,0,1782358746.0238078,0.0018913745880126953
32648,normal,2811,0,1782358746.0258868,0.002079010009765625
32649,normal,643,0,1782358746.029061,0.003174304962158203
32650,normal,233,0,1782358746.0297425,0.0006814002990722656
32651,normal,1445,0,1782358746.0319011,0.002158641815185547
32652,normal,3042,0,1782358746.0339415,0.002040386199951172
32653,normal,2845,0,1782358746.0358427,0.0019011497497558594
32654,normal,351,0,1782358746.0386825,0.002839803695678711
32655,normal,1748,0,1782358746.0399241,0.0012416839599609375
32656,normal,846,2,1782358746.0417526,0.0018284320831298828
32657,normal,874,2,1782358746.0438564,0.0021038055419921875
32658,normal,3630,0,1782358746.0458763,0.0020198822021484375
32659,normal,3189,1,1782358746.0477464,0.0018701553344726562
32660,normal,2736,0,1782358746.0499513,0.00220489501953125
32661,normal,324,0,1782358746.051928,0.0019767284393310547
32662,normal,269,0,1782358746.053823,0.0018949508666992188
32663,normal,136,0,1782358746.0558898,0.0020668506622314453
32664,normal,3054,1,1782358746.057921,0.002031087875366211
32665,normal,212,0,1782358746.0597947,0.0018737316131591797
32666,normal,2533,0,1782358746.0618954,0.002100706100463867
32667,normal,749,0,1782358746.063915,0.002019643783569336
32668,normal,1458,0,1782358746.065803,0.0018880367279052734
32669,normal,1671,0,1782358746.067904,0.0021009445190429688
32670,normal,199,0,1782358746.0699224,0.002018451690673828
32671,normal,3048,1,1782358746.0718017,0.0018792152404785156
32672,normal,2131,0,1782358746.073902,0.002100229263305664
32673,normal,66,0,1782358746.0758824,0.0019805431365966797
32674,normal,743,0,1782358746.077791,0.0019085407257080078
32675,normal,1280,0,1782358746.0798733,0.002082347869873047
32676,normal,3016,0,1782358746.0818605,0.0019872188568115234
32677,normal,994,2,1782358746.083786,0.0019254684448242188
32678,normal,2594,0,1782358746.0859525,0.0021665096282958984
32679,normal,2156,0,1782358746.0879154,0.001962900161743164
32680,normal,2425,0,1782358746.089797,0.0018815994262695312
32681,normal,2194,0,1782358746.0918982,0.0021011829376220703
32682,normal,3199,1,1782358746.0937521,0.00185394287109375
32683,normal,2876,0,1782358746.095954,0.0022017955780029297
32684,normal,2605,0,1782358746.0977528,0.001798868179321289
32685,normal,1356,1,1782358746.099875,0.002122163772583008
32686,normal,1672,0,1782358746.1017828,0.0019078254699707031
32687,normal,2775,0,1782358746.1039283,0.002145528793334961
32688,normal,2443,0,1782358746.1059227,0.0019943714141845703
32689,normal,68,0,1782358746.1077878,0.0018651485443115234
32690,normal,2213,0,1782358746.109874,0.002086162567138672
32691,normal,3137,1,1782358746.1118982,0.0020241737365722656
32692,normal,2229,0,1782358746.1140099,0.002111673355102539
32693,normal,2544,0,1782358746.1157632,0.0017533302307128906
32694,normal,1408,0,1782358746.1179173,0.002154111862182617
32695,normal,1663,0,1782358746.119869,0.0019516944885253906
32696,normal,2629,0,1782358746.1219544,0.002085447311401367
32697,normal,2228,0,1782358746.1239767,0.002022266387939453
32698,normal,3608,0,1782358746.125964,0.0019872188568115234
32699,normal,814,2,1782358746.1279514,0.001987457275390625
32700,normal,3175,1,1782358746.1299736,0.002022266387939453
32701,normal,2209,0,1782358746.1319902,0.0020165443420410156
32702,normal,3400,1,1782358746.1339512,0.0019609928131103516
32703,normal,51,0,1782358746.13597,0.0020189285278320312
32704,normal,2429,0,1782358746.1378665,0.0018963813781738281
32705,normal,641,0,1782358746.139951,0.002084493637084961
32706,normal,2113,0,1782358746.1419547,0.0020036697387695312
32707,normal,3610,0,1782358746.143973,0.002018451690673828
32708,normal,463,0,1782358746.1459174,0.0019443035125732422
32709,normal,2988,0,1782358746.147926,0.002008676528930664
32710,normal,2752,0,1782358746.1498535,0.0019273757934570312
32711,normal,2890,0,1782358746.15192,0.0020666122436523438
32712,normal,3297,1,1782358746.1539655,0.0020453929901123047
32713,normal,1099,0,1782358746.1558921,0.0019266605377197266
32714,normal,1421,0,1782358746.1579022,0.0020101070404052734
32715,normal,3224,1,1782358746.1599224,0.002020120620727539
32716,normal,2883,0,1782358746.1618073,0.0018849372863769531
32717,normal,1298,0,1782358746.1638777,0.0020704269409179688
32718,normal,835,2,1782358746.1659153,0.002037525177001953
32719,normal,44,0,1782358746.167873,0.0019576549530029297
32720,normal,429,0,1782358746.169891,0.0020182132720947266
32721,normal,896,2,1782358746.1719038,0.0020127296447753906
32722,normal,1996,0,1782358746.1738749,0.001971006393432617
32723,normal,783,2,1782358746.1759524,0.0020775794982910156
32724,normal,1543,0,1782358746.177976,0.002023458480834961
32725,normal,1893,0,1782358746.179884,0.0019080638885498047
32726,normal,112,0,1782358746.1819124,0.0020284652709960938
32727,normal,671,0,1782358746.1839166,0.0020041465759277344
32728,normal,3140,1,1782358746.1858702,0.001953601837158203
32729,normal,1433,0,1782358746.1878855,0.002015352249145508
32730,normal,3578,0,1782358746.189923,0.002037525177001953
32731,normal,3293,1,1782358746.1918747,0.0019516944885253906
32732,normal,3516,0,1782358746.193905,0.0020303726196289062
32733,normal,3045,1,1782358746.1959484,0.0020432472229003906
32734,normal,2649,0,1782358746.1977618,0.0018134117126464844
32735,normal,2451,0,1782358746.1999218,0.0021600723266601562
32736,normal,752,0,1782358746.2019508,0.002028942108154297
32737,normal,2307,0,1782358746.203808,0.0018572807312011719
32738,normal,1657,0,1782358746.2058747,0.0020666122436523438
32739,normal,574,0,1782358746.207882,0.0020072460174560547
32740,normal,2023,0,1782358746.2097814,0.0018994808197021484
32741,normal,1904,0,1782358746.2118835,0.0021021366119384766
32742,normal,2364,0,1782358746.2139242,0.0020406246185302734
32743,normal,3014,0,1782358746.2157893,0.0018651485443115234
32744,normal,2691,0,1782358746.217751,0.0019617080688476562
32745,normal,2327,0,1782358746.2199042,0.002153158187866211
32746,normal,1265,0,1782358746.221787,0.001882791519165039
32747,normal,2124,0,1782358746.2238595,0.002072572708129883
32748,normal,2036,0,1782358746.2259226,0.0020630359649658203
32749,normal,726,0,1782358746.2277799,0.0018572807312011719
32750,normal,2087,0,1782358746.2298584,0.002078533172607422
32751,normal,2868,0,1782358746.231877,0.0020186901092529297
32752,normal,213,0,1782358746.2337792,0.0019021034240722656
32753,normal,2403,0,1782358746.2358599,0.002080678939819336
32754,normal,1825,0,1782358746.2378762,0.002016305923461914
32755,normal,2853,0,1782358746.2397833,0.0019071102142333984
32756,normal,3346,1,1782358746.2418652,0.0020818710327148438
32757,normal,1134,0,1782358746.2439153,0.002050161361694336
32758,normal,513,0,1782358746.245782,0.0018665790557861328
32759,normal,1995,0,1782358746.2478597,0.002077817916870117
32760,normal,486,0,1782358746.2499073,0.0020475387573242188
32761,normal,1879,0,1782358746.2517772,0.0018699169158935547
32762,normal,217,0,1782358746.2538576,0.0020804405212402344
32763,normal,1560,0,1782358746.2559001,0.002042531967163086
32764,normal,2105,0,1782358746.2577837,0.0018835067749023438
32765,normal,1948,0,1782358746.2598493,0.0020656585693359375
32766,normal,3705,0,1782358746.261874,0.0020246505737304688
32767,normal,403,0,1782358746.2637782,0.0019042491912841797
32768,normal,206,0,1782358746.265848,0.002069711685180664
32769,normal,1374,1,1782358746.2678573,0.0020093917846679688
32770,normal,2512,0,1782358746.269778,0.0019207000732421875
32771,normal,23,0,1782358746.2718565,0.002078533172607422
32772,normal,3330,1,1782358746.2738755,0.0020189285278320312
32773,normal,2720,0,1782358746.2757814,0.0019059181213378906
32774,normal,171,0,1782358746.277858,0.0020766258239746094
32775,normal,3219,1,1782358746.279904,0.002045869827270508
32776,normal,523,0,1782358746.2818186,0.0019147396087646484
32777,normal,2860,0,1782358746.283853,0.002034425735473633
32778,normal,1523,0,1782358746.2859106,0.0020575523376464844
32779,normal,1884,0,1782358746.2877784,0.0018677711486816406
32780,normal,20,0,1782358746.289849,0.0020706653594970703
32781,normal,50,0,1782358746.2918575,0.0020084381103515625
32782,normal,906,2,1782358746.2937796,0.0019221305847167969
32783,normal,372,0,1782358746.2958598,0.002080202102661133
32784,normal,2930,0,1782358746.2978754,0.0020155906677246094
32785,normal,2150,0,1782358746.2997913,0.0019159317016601562
32786,normal,3700,0,1782358746.301869,0.0020775794982910156
32787,normal,3577,0,1782358746.3039088,0.0020399093627929688
32788,normal,408,0,1782358746.3057828,0.0018739700317382812
32789,normal,1742,0,1782358746.3078575,0.002074718475341797
32790,normal,2033,0,1782358746.3099606,0.002103090286254883
32791,normal,1475,0,1782358746.3117874,0.0018267631530761719
32792,normal,2260,0,1782358746.3138964,0.002109050750732422
32793,normal,3329,1,1782358746.3158238,0.0019273757934570312
32794,normal,3474,0,1782358746.3177643,0.0019404888153076172
32795,normal,3500,0,1782358746.319771,0.0020067691802978516
32796,normal,573,0,1782358746.3217592,0.0019881725311279297
32797,normal,2239,0,1782358746.3238816,0.0021224021911621094
32798,normal,603,0,1782358746.3257303,0.0018486976623535156
32799,normal,3677,0,1782358746.3279462,0.002215862274169922
32800,normal,2735,0,1782358746.3297884,0.0018422603607177734
32801,normal,1221,0,1782358746.3318543,0.002065896987915039
32802,normal,3599,0,1782358746.333913,0.002058744430541992
32803,normal,3453,0,1782358746.335777,0.0018639564514160156
32804,normal,3566,0,1782358746.3378475,0.0020704269409179688
32805,normal,1988,0,1782358746.3398619,0.0020143985748291016
32806,normal,337,0,1782358746.3417776,0.0019156932830810547
32807,normal,3113,1,1782358746.34385,0.0020723342895507812
32808,normal,1570,0,1782358746.345922,0.0020720958709716797
32809,normal,436,0,1782358746.347791,0.0018689632415771484
32810,normal,2487,0,1782358746.3499103,0.002119302749633789
32811,normal,1105,0,1782358746.35192,0.0020096302032470703
32812,normal,2055,0,1782358746.3537312,0.0018112659454345703
32813,normal,543,0,1782358746.3557394,0.002008199691772461
32814,normal,3202,1,1782358746.3577757,0.0020363330841064453
32815,normal,2750,0,1782358746.3597674,0.001991748809814453
32816,normal,2625,0,1782358746.3617334,0.0019659996032714844
32817,normal,29,0,1782358746.36391,0.002176523208618164
32818,normal,3318,1,1782358746.3657885,0.001878499984741211
32819,normal,2643,0,1782358746.3678567,0.0020682811737060547
32820,normal,786,2,1782358746.369881,0.0020241737365722656
32821,normal,197,0,1782358746.3717911,0.0019102096557617188
32822,normal,2742,0,1782358746.373859,0.0020678043365478516
32823,normal,191,0,1782358746.375882,0.002022981643676758
32824,normal,2328,0,1782358746.4637969,0.08791494369506836
32825,normal,2232,0,1782358746.4638498,5.2928924560546875e-05
32826,normal,1571,0,1782358746.463877,2.7179718017578125e-05
32827,normal,134,0,1782358746.463899,2.193450927734375e-05
32828,normal,2224,0,1782358746.4639208,2.193450927734375e-05
32829,normal,281,0,1782358746.4639409,2.002716064453125e-05
32830,normal,147,0,1782358746.463962,2.1219253540039062e-05
32831,normal,2461,0,1782358746.463985,2.288818359375e-05
32832,normal,2563,0,1782358746.4640062,2.1219253540039062e-05
32833,normal,2332,0,1782358746.4640265,2.0265579223632812e-05
32834,normal,2675,0,1782358746.464047,2.0503997802734375e-05
32835,normal,3082,1,1782358746.4640658,1.8835067749023438e-05
32836,normal,3391,1,1782358746.464085,1.9311904907226562e-05
32837,normal,1453,0,1782358746.464105,1.9788742065429688e-05
32868,normal,2270,0,1782358746.4656894,0.0015845298767089844
32869,normal,2612,0,1782358746.4677124,0.002022981643676758
32870,normal,2381,0,1782358746.4697204,0.0020079612731933594
32871,normal,1386,0,1782358746.4717171,0.001996755599975586
32872,normal,2978,0,1782358746.4737144,0.001997232437133789
32873,normal,2431,0,1782358746.4757385,0.0020241737365722656
32874,normal,1394,0,1782358746.4777763,0.0020377635955810547
32875,normal,3595,0,1782358746.4796913,0.00191497802734375
32876,normal,3552,0,1782358746.4817812,0.002089977264404297
32877,normal,1333,1,1782358746.4839306,0.002149343490600586
32878,normal,0,0,1782358746.485762,0.0018312931060791016
32879,normal,1812,0,1782358746.4877605,0.0019986629486083984
32880,normal,1404,0,1782358746.4899006,0.002140045166015625
32881,normal,940,2,1782358746.4917614,0.0018608570098876953
32882,normal,1003,2,1782358746.4939017,0.0021402835845947266
32883,normal,2192,0,1782358746.4957619,0.0018601417541503906
32884,normal,1459,0,1782358746.4978998,0.002137899398803711
32885,normal,1829,0,1782358746.4997616,0.0018618106842041016
32886,normal,2361,0,1782358746.5019314,0.0021698474884033203
32887,normal,3632,0,1782358746.5037625,0.0018310546875
32888,normal,792,2,1782358746.5059023,0.0021398067474365234
32889,normal,3213,1,1782358746.5077622,0.001859903335571289
32890,normal,2498,0,1782358746.509898,0.002135753631591797
32891,normal,2080,0,1782358746.5117612,0.001863241195678711
32892,normal,1322,1,1782358746.5139115,0.002150297164916992
32893,normal,2196,0,1782358746.515764,0.0018525123596191406
32894,normal,1049,0,1782358746.517919,0.0021550655364990234
32895,normal,824,2,1782358746.51983,0.0019109249114990234
32896,normal,461,0,1782358746.5218327,0.002002716064453125
32897,normal,1975,0,1782358746.5238068,0.0019741058349609375
32898,normal,2901,0,1782358746.5257316,0.001924753189086914
32899,normal,755,0,1782358746.5277908,0.0020592212677001953
32900,normal,3358,1,1782358746.5297043,0.0019135475158691406
32901,normal,472,0,1782358746.5317254,0.0020210742950439453
32902,normal,3585,0,1782358746.533711,0.0019855499267578125
32903,normal,1754,0,1782358746.5357134,0.0020024776458740234
32904,normal,732,0,1782358746.5377164,0.0020029544830322266
32905,normal,1363,1,1782358746.5397058,0.0019893646240234375
32906,normal,2543,0,1782358746.5417192,0.0020134449005126953
32907,normal,2509,0,1782358746.543743,0.0020236968994140625
32908,normal,1396,0,1782358746.5457313,0.0019884109497070312
32909,normal,2146,0,1782358746.547722,0.001990795135498047
32910,normal,3147,1,1782358746.5497262,0.0020041465759277344
32911,normal,224,0,1782358746.5517259,0.0019996166229248047
32912,normal,1617,0,1782358746.5537276,0.0020017623901367188
32913,normal,414,0,1782358746.555735,0.0020074844360351562
32914,normal,1006,2,1782358746.5577118,0.0019767284393310547
32915,normal,2604,0,1782358746.559719,0.0020072460174560547
32916,normal,1559,0,1782358746.5617292,0.0020101070404052734
32917,normal,2686,0,1782358746.5637171,0.001987934112548828
32918,normal,3593,0,1782358746.565731,0.0020139217376708984
32919,normal,507,0,1782358746.5677218,0.001990795135498047
32920,normal,1311,0,1782358746.570108,0.0023860931396484375
32921,normal,483,0,1782358746.5718815,0.0017735958099365234
32922,normal,2671,0,1782358746.5750122,0.003130674362182617
32923,normal,2354,0,1782358746.5757813,0.0007691383361816406
32924,normal,491,0,1782358746.5780509,0.0022695064544677734
32925,normal,1474,0,1782358746.579707,0.0016560554504394531
32926,normal,2389,0,1782358746.581723,0.0020160675048828125
32927,normal,1037,0,1782358746.5839844,0.0022614002227783203
32928,normal,2159,0,1782358746.5858195,0.0018351078033447266
32929,normal,121,0,1782358746.587941,0.002121448516845703
32930,normal,1355,1,1782358746.5898314,0.001890420913696289
32931,normal,1532,0,1782358746.5922348,0.0024034976959228516
32932,normal,1101,0,1782358746.5937035,0.001468658447265625
32933,normal,2710,0,1782358746.5959623,0.002258777618408203
32934,normal,3111,1,1782358746.5979562,0.001993894577026367
32935,normal,433,0,1782358746.5997558,0.0017995834350585938
32936,normal,1476,0,1782358746.6017334,0.001977682113647461
32937,normal,1792,0,1782358746.6038275,0.0020940303802490234
32938,normal,3246,1,1782358746.6057417,0.0019142627716064453
32939,normal,1676,0,1782358746.6078086,0.0020668506622314453
32940,normal,3441,0,1782358746.609806,0.0019974708557128906
32941,normal,387,0,1782358746.6117337,0.0019276142120361328
32942,normal,1969,0,1782358746.6139781,0.0022444725036621094
32943,normal,105,0,1782358746.6157255,0.0017473697662353516
32944,normal,2698,0,1782358746.6178062,0.002080678939819336
32945,normal,2453,0,1782358746.619734,0.0019278526306152344
32946,normal,1029,2,1782358746.6218035,0.0020694732666015625
32947,normal,2672,0,1782358746.6237416,0.0019381046295166016
32948,normal,1182,0,1782358746.6258008,0.0020592212677001953
32949,normal,1364,1,1782358746.6278038,0.0020029544830322266
32950,normal,1441,0,1782358746.6297183,0.0019145011901855469
32951,normal,3430,0,1782358746.6318226,0.0021042823791503906
32952,normal,3688,0,1782358746.6338172,0.001994609832763672
32953,normal,655,0,1782358746.6357374,0.0019202232360839844
32954,normal,1618,0,1782358746.637855,0.002117633819580078
32955,normal,2365,0,1782358746.639807,0.0019519329071044922
32956,normal,734,0,1782358746.6417246,0.0019176006317138672
32957,normal,677,0,1782358746.6438026,0.0020780563354492188
32958,normal,2819,0,1782358746.645825,0.002022266387939453
32959,normal,2685,0,1782358746.6477249,0.0018999576568603516
32960,normal,1674,0,1782358746.6498117,0.0020868778228759766
32961,normal,62,0,1782358746.6518214,0.0020096302032470703
32962,normal,3260,1,1782358746.6537206,0.0018992424011230469
32963,normal,2168,0,1782358746.655821,0.0021004676818847656
32964,normal,1926,0,1782358746.6578255,0.002004384994506836
32965,normal,1511,0,1782358746.6598003,0.001974821090698242
32966,normal,1547,0,1782358746.6617732,0.0019729137420654297
32967,normal,3300,1,1782358746.6638029,0.0020296573638916016
32968,normal,2532,0,1782358746.6657932,0.0019903182983398438
32969,normal,2662,0,1782358746.6677935,0.0020003318786621094
32970,normal,1932,0,1782358746.6700315,0.002238035202026367
32971,normal,3456,0,1782358746.6717055,0.0016739368438720703
32972,normal,2780,0,1782358746.6738122,0.0021066665649414062
32973,normal,2574,0,1782358746.6758008,0.001988649368286133
32974,normal,301,0,1782358746.6777015,0.0019006729125976562
32975,normal,1718,0,1782358746.6798053,0.0021038055419921875
32976,normal,1557,0,1782358746.6818526,0.002047300338745117
32977,normal,1400,0,1782358746.6837814,0.0019288063049316406
32978,normal,3292,1,1782358746.6857574,0.00197601318359375
32979,normal,2794,0,1782358746.6877828,0.0020253658294677734
32980,normal,3405,0,1782358746.6897428,0.0019600391387939453
32981,normal,166,0,1782358746.691843,0.002100229263305664
32982,normal,1681,0,1782358746.6938958,0.002052783966064453
32983,normal,3379,1,1782358746.69569,0.0017940998077392578
32984,normal,203,0,1782358746.697801,0.002111196517944336
32985,normal,2044,0,1782358746.6997817,0.0019805431365966797
32986,normal,3072,1,1782358746.7016907,0.001909017562866211
32987,normal,3475,0,1782358746.7037663,0.002075672149658203
32988,normal,3265,1,1782358746.7057736,0.0020072460174560547
32989,normal,3348,1,1782358746.7076912,0.0019176006317138672
32990,normal,2039,0,1782358746.7098343,0.0021431446075439453
32991,normal,2977,0,1782358746.7117934,0.001959085464477539
32992,normal,3601,0,1782358746.7137737,0.001980304718017578
32993,normal,2082,0,1782358746.7156954,0.0019216537475585938
32994,normal,687,0,1782358746.7177706,0.0020751953125
32995,normal,2557,0,1782358746.7196884,0.0019178390502929688
32996,normal,76,0,1782358746.721767,0.002078533172607422
32997,normal,1285,0,1782358746.723772,0.0020051002502441406
32998,normal,1840,0,1782358746.725709,0.0019369125366210938
32999,normal,1493,0,1782358746.7278152,0.002106189727783203
33000,normal,1791,0,1782358746.7298698,0.0020546913146972656
33001,normal,2606,0,1782358746.731762,0.00189208984375
33002,normal,2495,0,1782358746.7337146,0.0019526481628417969
33003,normal,2340,0,1782358746.7358046,0.002089977264404297
33004,normal,2463,0,1782358746.737728,0.0019235610961914062
33005,normal,3641,0,1782358746.7397857,0.0020575523376464844
33006,normal,1987,0,1782358746.7417803,0.001994609832763672
33007,normal,3344,1,1782358746.743674,0.001893758773803711
33008,normal,315,0,1782358746.7458186,0.0021445751190185547
33009,normal,117,0,1782358746.7478557,0.00203704833984375
33010,normal,167,0,1782358746.7497492,0.0018935203552246094
33011,normal,653,0,1782358746.751883,0.0021338462829589844
33012,normal,1113,0,1782358746.753953,0.0020699501037597656
33013,normal,1413,0,1782358746.755711,0.0017580986022949219
33014,normal,2042,0,1782358746.7579195,0.0022084712982177734
33015,normal,856,2,1782358746.7598794,0.0019598007202148438
33016,normal,3397,1,1782358746.761753,0.0018737316131591797
33017,normal,1348,1,1782358746.7636566,0.001903533935546875
33018,normal,3617,0,1782358746.7657628,0.002106189727783203
33019,normal,1540,0,1782358746.7676551,0.0018923282623291016
33020,normal,2018,0,1782358746.7698023,0.002147197723388672
33021,normal,2825,0,1782358746.7717612,0.0019588470458984375
33022,normal,1757,0,1782358746.7736523,0.0018911361694335938
33023,normal,2836,0,1782358746.77576,0.0021076202392578125
33024,normal,158,0,1782358746.7779503,0.0021903514862060547
33025,normal,277,0,1782358746.7800345,0.0020842552185058594
33026,normal,973,2,1782358746.7817574,0.0017228126525878906
33027,normal,1215,0,1782358746.7837865,0.0020291805267333984
33028,normal,38,0,1782358746.7857478,0.001961231231689453
33029,normal,2114,0,1782358746.7877977,0.0020499229431152344
33030,normal,155,0,1782358746.7898357,0.0020380020141601562
33031,normal,2937,0,1782358746.7917647,0.0019290447235107422
33032,normal,1114,0,1782358746.7936842,0.0019195079803466797
33033,normal,1177,0,1782358746.7957964,0.002112150192260742
33034,normal,1270,0,1782358746.797711,0.0019145011901855469
33035,normal,522,0,1782358746.7997966,0.0020856857299804688
33036,normal,927,2,1782358746.8017955,0.0019989013671875
33037,normal,1423,0,1782358746.8036933,0.0018978118896484375
33038,normal,87,0,1782358746.805806,0.0021126270294189453
33039,normal,1468,0,1782358746.8077838,0.0019779205322265625
33040,normal,101,0,1782358746.809866,0.0020821094512939453
33041,normal,2537,0,1782358746.8118632,0.001997232437133789
33042,normal,2997,0,1782358746.8138957,0.0020325183868408203
33043,normal,1384,0,1782358746.815797,0.001901388168334961
33044,normal,1016,2,1782358746.8178153,0.0020182132720947266
33045,normal,2971,0,1782358746.8198059,0.0019905567169189453
33046,normal,3365,1,1782358746.8216977,0.0018918514251708984
33047,normal,410,0,1782358746.8238206,0.0021228790283203125
33048,normal,3480,0,1782358746.8258674,0.002046823501586914
33049,normal,1916,0,1782358746.8277957,0.0019283294677734375
33050,normal,2293,0,1782358746.829874,0.0020782947540283203
33051,normal,2815,0,1782358746.831833,0.0019588470458984375
33052,normal,161,0,1782358746.8336859,0.0018529891967773438
33053,normal,1085,0,1782358746.8359106,0.0022246837615966797
33054,normal,1015,2,1782358746.8378928,0.0019822120666503906
33055,normal,1381,1,1782358746.839926,0.002033233642578125
33056,normal,1245,0,1782358746.8417404,0.0018143653869628906
33057,normal,343,0,1782358746.8438497,0.0021092891693115234
33058,normal,1874,0,1782358746.8457863,0.0019366741180419922
33059,normal,821,2,1782358746.8477793,0.001992940902709961
33060,normal,2776,0,1782358746.8501527,0.0023734569549560547
33061,normal,606,0,1782358746.8516865,0.0015337467193603516
33062,normal,3085,1,1782358746.8537924,0.0021059513092041016
33063,normal,196,0,1782358746.8558064,0.0020139217376708984
33064,normal,1260,0,1782358746.8577015,0.0018951892852783203
33065,normal,45,0,1782358746.8597946,0.002093076705932617
33066,normal,2423,0,1782358746.8617885,0.001993894577026367
33067,normal,462,0,1782358746.8636963,0.0019078254699707031
33068,normal,1248,0,1782358746.865788,0.002091646194458008
33069,normal,1057,0,1782358746.8677936,0.0020055770874023438
33070,normal,979,2,1782358746.8697467,0.001953125
33071,normal,452,0,1782358746.8717947,0.002048015594482422
33072,normal,789,2,1782358746.8737826,0.001987934112548828
33073,normal,3493,0,1782358746.8756857,0.0019030570983886719
33074,normal,1816,0,1782358746.8777795,0.002093791961669922
33075,normal,3134,1,1782358746.8797805,0.002001047134399414
33076,normal,2324,0,1782358746.8817365,0.0019559860229492188
33077,normal,580,0,1782358746.8838382,0.0021016597747802734
33078,normal,3605,0,1782358746.8858602,0.0020220279693603516
33079,normal,1583,0,1782358746.8877244,0.0018641948699951172
33080,normal,3664,0,1782358746.8897853,0.0020608901977539062
33081,normal,1927,0,1782358746.891797,0.0020117759704589844
33082,normal,2738,0,1782358746.8937097,0.0019125938415527344
33083,normal,3697,0,1782358746.8957777,0.002068042755126953
33084,normal,1603,0,1782358746.897773,0.0019953250885009766
33085,normal,1741,0,1782358746.8996773,0.0019042491912841797
33086,normal,2959,0,1782358746.9018729,0.002195596694946289
33087,normal,501,0,1782358746.903827,0.0019540786743164062
33088,normal,3154,1,1782358746.9057434,0.0019164085388183594
33089,normal,868,2,1782358746.9078605,0.002117156982421875
33090,normal,276,0,1782358746.9099984,0.002137899398803711
33091,normal,3302,1,1782358746.9120944,0.002095937728881836
33092,normal,960,2,1782358746.9138193,0.0017249584197998047
33093,normal,2619,0,1782358746.9158487,0.0020294189453125
33094,normal,2778,0,1782358746.9176743,0.001825571060180664
33095,normal,1593,0,1782358746.9197617,0.0020873546600341797
33096,normal,1951,0,1782358746.9217641,0.0020024776458740234
33097,normal,2939,0,1782358746.9237673,0.002003192901611328
33098,normal,1999,0,1782358746.925678,0.0019106864929199219
33099,normal,1872,0,1782358746.9277606,0.0020825862884521484
33100,normal,893,2,1782358746.9296532,0.0018925666809082031
33101,normal,3002,0,1782358746.9318366,0.0021834373474121094
33102,normal,654,0,1782358746.9338732,0.002036571502685547
33103,normal,2540,0,1782358746.9358726,0.001999378204345703
33104,normal,2406,0,1782358746.937809,0.0019364356994628906
33105,normal,2349,0,1782358746.939901,0.002092123031616211
33106,normal,1072,0,1782358746.9416974,0.0017962455749511719
33107,normal,1079,0,1782358746.9437823,0.002084970474243164
33108,normal,876,2,1782358746.9457917,0.0020093917846679688
33109,normal,3600,0,1782358746.9477773,0.0019855499267578125
33110,normal,1159,0,1782358746.9498005,0.0020232200622558594
33111,normal,1990,0,1782358746.9517837,0.001983165740966797
33112,normal,735,0,1782358746.9536793,0.0018956661224365234
33113,normal,208,0,1782358746.955789,0.0021097660064697266
33114,normal,2383,0,1782358746.9577787,0.001989603042602539
33115,normal,1247,0,1782358746.959696,0.0019173622131347656
33116,normal,382,0,1782358746.9617946,0.002098560333251953
33117,normal,378,0,1782358746.9638035,0.0020089149475097656
33118,normal,2521,0,1782358746.9657428,0.0019392967224121094
33119,normal,467,0,1782358746.9678347,0.0020918846130371094
33120,normal,1176,0,1782358746.9698944,0.0020596981048583984
33121,normal,1824,0,1782358746.971855,0.0019605159759521484
33122,normal,3087,1,1782358746.9738004,0.00194549560546875
33123,normal,2259,0,1782358746.9758735,0.002073049545288086
33124,normal,1242,0,1782358746.9778032,0.0019297599792480469
33125,normal,2331,0,1782358746.9797213,0.0019180774688720703
33126,normal,440,0,1782358746.9821036,0.0023822784423828125
33127,normal,2263,0,1782358746.9839022,0.0017986297607421875
33128,normal,1883,0,1782358746.9857497,0.0018475055694580078
33129,normal,3522,0,1782358746.9880888,0.0023391246795654297
33130,normal,2550,0,1782358746.990144,0.0020551681518554688
33131,normal,1680,0,1782358746.991717,0.0015730857849121094
33132,normal,3197,1,1782358746.9937816,0.0020644664764404297
33133,normal,1466,0,1782358746.9956741,0.0018925666809082031
33134,normal,1199,0,1782358746.9977827,0.0021085739135742188
33135,normal,2450,0,1782358746.9997828,0.002000093460083008
33136,normal,2535,0,1782358747.0017052,0.0019223690032958984
33137,normal,2198,0,1782358747.003797,0.0020918846130371094
33138,normal,3387,1,1782358747.005799,0.0020020008087158203
33139,normal,3145,1,1782358747.0077713,0.001972198486328125
33140,normal,427,0,1782358747.009785,0.002013683319091797
33141,normal,2452,0,1782358747.0118177,0.002032756805419922
33142,normal,3661,0,1782358747.0136893,0.0018715858459472656
33143,normal,751,0,1782358747.0158036,0.0021142959594726562
33144,normal,478,0,1782358747.0178642,0.0020606517791748047
33145,normal,1563,0,1782358747.0199602,0.002095937728881836
33146,normal,235,0,1782358747.0217075,0.0017473697662353516
33147,normal,798,2,1782358747.0238407,0.0021331310272216797
33148,normal,3144,1,1782358747.0257542,0.0019135475158691406
33149,normal,2678,0,1782358747.0278409,0.002086639404296875
33150,normal,1032,0,1782358747.0299697,0.0021288394927978516
33151,normal,803,2,1782358747.0318818,0.0019121170043945312
33152,normal,3653,0,1782358747.0338485,0.001966714859008789
33153,normal,3472,0,1782358747.0359547,0.002106189727783203
33154,normal,3683,0,1782358747.0379047,0.0019500255584716797
33155,normal,2085,0,1782358747.0399277,0.002022981643676758
33156,normal,3540,0,1782358747.0419354,0.002007722854614258
33157,normal,2396,0,1782358747.0438516,0.0019161701202392578
33158,normal,3078,1,1782358747.0458431,0.0019915103912353516
33159,normal,2334,0,1782358747.0479288,0.0020856857299804688
33160,normal,3235,1,1782358747.0498698,0.0019409656524658203
33161,normal,3573,0,1782358747.0519707,0.0021009445190429688
33162,normal,2764,0,1782358747.0539193,0.0019485950469970703
33163,normal,373,0,1782358747.0561,0.0021805763244628906
33164,normal,2330,0,1782358747.0577655,0.0016655921936035156
33165,normal,1380,1,1782358747.0599847,0.0022192001342773438
33166,normal,1365,1,1782358747.0618086,0.0018239021301269531
33167,normal,3267,1,1782358747.0639167,0.0021080970764160156
33168,normal,3383,1,1782358747.0659335,0.002016782760620117
33169,normal,3169,1,1782358747.0678046,0.0018711090087890625
33170,normal,3275,1,1782358747.069931,0.002126455307006836
33171,normal,700,0,1782358747.071917,0.0019860267639160156
33172,normal,3301,1,1782358747.0739331,0.0020160675048828125
33173,normal,2444,0,1782358747.0760024,0.002069234848022461
33174,normal,98,0,1782358747.0779588,0.001956462860107422
33175,normal,1486,0,1782358747.079918,0.001959085464477539
33176,normal,1646,0,1782358747.0818427,0.001924753189086914
33177,normal,609,0,1782358747.0841079,0.0022652149200439453
33178,normal,882,2,1782358747.085911,0.0018031597137451172
33179,normal,1087,0,1782358747.087744,0.0018329620361328125
33180,normal,922,2,1782358747.0898178,0.0020737648010253906
33181,normal,2183,0,1782358747.0917265,0.0019087791442871094
33182,normal,2084,0,1782358747.0939884,0.0022618770599365234
33183,normal,2620,0,1782358747.0958192,0.0018308162689208984
33184,normal,2597,0,1782358747.0979013,0.0020821094512939453
33185,normal,3287,1,1782358747.0998125,0.001911163330078125
33186,normal,3368,1,1782358747.1019008,0.002088308334350586
33187,normal,3080,1,1782358747.1043608,0.002460002899169922
33188,normal,1666,0,1782358747.1058345,0.0014736652374267578
33189,normal,864,2,1782358747.1080987,0.002264261245727539
33190,normal,3462,0,1782358747.109721,0.0016222000122070312
33191,normal,35,0,1782358747.1118402,0.002119302749633789
33192,normal,395,0,1782358747.1139414,0.0021011829376220703
33193,normal,1623,0,1782358747.1158087,0.0018672943115234375
33194,normal,1693,0,1782358747.1180902,0.0022814273834228516
33195,normal,256,0,1782358747.119746,0.0016558170318603516
33196,normal,2296,0,1782358747.1218493,0.0021033287048339844
33197,normal,2212,0,1782358747.1237617,0.0019123554229736328
33198,normal,1592,0,1782358747.1258605,0.0020987987518310547
33199,normal,1645,0,1782358747.127744,0.0018835067749023438
33200,normal,1059,0,1782358747.129969,0.0022249221801757812
33201,normal,644,0,1782358747.1323872,0.0024182796478271484
33202,normal,2943,0,1782358747.133743,0.001355886459350586
33203,normal,1316,0,1782358747.1362917,0.002548694610595703
33204,normal,1428,0,1782358747.13794,0.0016481876373291016
33205,normal,3053,1,1782358747.1401198,0.002179861068725586
33206,normal,1633,0,1782358747.14195,0.0018301010131835938
33207,normal,2016,0,1782358747.1438923,0.0019423961639404297
33208,normal,541,0,1782358747.1457684,0.0018761157989501953
33209,normal,3257,1,1782358747.1478274,0.0020589828491210938
33210,normal,1621,0,1782358747.1498413,0.0020139217376708984
33211,normal,819,2,1782358747.1517916,0.0019502639770507812
33212,normal,2641,0,1782358747.1538565,0.002064943313598633
33213,normal,1222,0,1782358747.1558592,0.002002716064453125
33214,normal,593,0,1782358747.1577308,0.0018715858459472656
33215,normal,1691,0,1782358747.1598892,0.0021584033966064453
33216,normal,2573,0,1782358747.1618242,0.0019350051879882812
33217,normal,2370,0,1782358747.1638691,0.0020449161529541016
33218,normal,1847,0,1782358747.16581,0.0019409656524658203
33219,normal,3631,0,1782358747.1678548,0.002044677734375
33220,normal,1695,0,1782358747.1697965,0.001941680908203125
33221,normal,865,2,1782358747.1719131,0.002116680145263672
33222,normal,2126,0,1782358747.1738908,0.001977682113647461
33223,normal,396,0,1782358747.1757302,0.0018393993377685547
33224,normal,1599,0,1782358747.1778443,0.0021140575408935547
33225,normal,3182,1,1782358747.1798477,0.0020034313201904297
33226,normal,1737,0,1782358747.1817365,0.0018887519836425781
33227,normal,2944,0,1782358747.1838446,0.0021080970764160156
33228,normal,2490,0,1782358747.1858332,0.001988649368286133
33229,normal,3141,1,1782358747.1877577,0.0019245147705078125
33230,normal,3510,0,1782358747.189843,0.0020852088928222656
33231,normal,2274,0,1782358747.1919994,0.002156496047973633
33232,normal,1591,0,1782358747.1937437,0.0017442703247070312
33233,normal,2973,0,1782358747.195842,0.0020983219146728516
33234,normal,314,0,1782358747.1978283,0.001986265182495117
33235,normal,370,0,1782358747.199733,0.0019047260284423828
33236,normal,1282,0,1782358747.2018337,0.002100706100463867
33237,normal,3367,1,1782358747.2038522,0.002018451690673828
33238,normal,2428,0,1782358747.2057989,0.0019466876983642578
33239,normal,718,0,1782358747.2079244,0.0021255016326904297
33240,normal,736,0,1782358747.2099304,0.002006053924560547
33241,normal,939,2,1782358747.2117703,0.0018398761749267578
33242,normal,707,0,1782358747.2138515,0.002081155776977539
33243,normal,111,0,1782358747.215917,0.0020656585693359375
33244,normal,768,0,1782358747.2177432,0.0018260478973388672
33245,normal,3586,0,1782358747.2198281,0.002084970474243164
33246,normal,1431,0,1782358747.221725,0.0018968582153320312
33247,normal,3095,1,1782358747.2238708,0.0021457672119140625
33248,normal,720,0,1782358747.2258236,0.0019528865814208984
33249,normal,3131,1,1782358747.227911,0.0020873546600341797
33250,normal,64,0,1782358747.2298834,0.0019724369049072266
33251,normal,2835,0,1782358747.2318473,0.0019638538360595703
33252,normal,464,0,1782358747.2340674,0.00222015380859375
33253,normal,634,0,1782358747.2359188,0.0018513202667236328
33254,normal,2885,0,1782358747.2379766,0.002057790756225586
33255,normal,1502,0,1782358747.2402213,0.002244710922241211
33256,normal,3214,1,1782358747.241699,0.0014777183532714844
33257,normal,444,0,1782358747.2436874,0.0019884109497070312
33258,normal,3193,1,1782358747.2456858,0.001998424530029297
33259,normal,1976,0,1782358747.247835,0.0021491050720214844
33260,normal,55,0,1782358747.2499137,0.0020787715911865234
33261,normal,911,2,1782358747.2518094,0.0018956661224365234
33262,normal,3006,0,1782358747.2538018,0.001992464065551758
33263,normal,863,2,1782358747.2558162,0.0020143985748291016
33264,normal,2086,0,1782358747.257804,0.0019876956939697266
33265,normal,3230,1,1782358747.2606187,0.002814769744873047
33266,normal,3388,1,1782358747.2620137,0.0013949871063232422
33267,normal,1808,0,1782358747.2638738,0.0018601417541503906
33268,normal,2760,0,1782358747.2658494,0.001975536346435547
33269,normal,2384,0,1782358747.2678545,0.0020051002502441406
33270,normal,2065,0,1782358747.2698622,0.002007722854614258
33271,normal,3667,0,1782358747.2720475,0.002185344696044922
33272,normal,1937,0,1782358747.2738028,0.0017552375793457031
33273,normal,3067,1,1782358747.2758465,0.0020437240600585938
33274,normal,832,2,1782358747.2778428,0.001996278762817383
33275,normal,209,0,1782358747.2798488,0.002006053924560547
33276,normal,1100,0,1782358747.2818487,0.0019998550415039062
33277,normal,2609,0,1782358747.283848,0.001999378204345703
33278,normal,292,0,1782358747.2858758,0.002027750015258789
33279,normal,244,0,1782358747.2878945,0.0020186901092529297
33280,normal,2732,0,1782358747.2898638,0.0019693374633789062
33281,normal,1925,0,1782358747.2919443,0.0020804405212402344
33282,normal,141,0,1782358747.2940793,0.002135038375854492
33283,normal,1375,1,1782358747.2958922,0.0018129348754882812
33284,normal,714,0,1782358747.297949,0.0020568370819091797
33285,normal,2199,0,1782358747.3000224,0.0020732879638671875
33286,normal,1489,0,1782358747.3018425,0.0018200874328613281
33287,normal,156,0,1782358747.303808,0.0019655227661132812
33288,normal,2091,0,1782358747.3058708,0.0020627975463867188
33289,normal,482,0,1782358747.307875,0.0020041465759277344
33290,normal,1207,0,1782358747.3099427,0.0020678043365478516
33291,normal,747,0,1782358747.3119605,0.0020177364349365234
33292,normal,1420,0,1782358747.3139029,0.0019423961639404297
33293,normal,1577,0,1782358747.3160002,0.0020973682403564453
33294,normal,3015,0,1782358747.3178065,0.0018062591552734375
33295,normal,3003,0,1782358747.3199158,0.0021092891693115234
33296,normal,2479,0,1782358747.3223982,0.0024824142456054688
33297,normal,2438,0,1782358747.3240008,0.0016026496887207031
33298,normal,706,0,1782358747.326022,0.0020210742950439453
33299,normal,3152,1,1782358747.327811,0.001789093017578125
33300,normal,3295,1,1782358747.3299456,0.002134561538696289
33301,normal,2092,0,1782358747.33184,0.0018944740295410156
33302,normal,1848,0,1782358747.3341467,0.002306699752807617
33303,normal,460,0,1782358747.3360488,0.0019021034240722656
33304,normal,1966,0,1782358747.3377287,0.0016798973083496094
33305,normal,1335,1,1782358747.3398483,0.0021195411682128906
33306,normal,2966,0,1782358747.341848,0.0019996166229248047
33307,normal,1025,2,1782358747.3438485,0.002000570297241211
33308,normal,1772,0,1782358747.3458552,0.0020067691802978516
33309,normal,1000,2,1782358747.3478277,0.0019724369049072266
33310,normal,1537,0,1782358747.3498883,0.0020606517791748047
33311,normal,2697,0,1782358747.3518019,0.0019135475158691406
33312,normal,3684,0,1782358747.3537362,0.0019342899322509766
33313,normal,1169,0,1782358747.3559206,0.0021843910217285156
33314,normal,1448,0,1782358747.357737,0.0018165111541748047
33315,normal,1048,0,1782358747.359815,0.002077817916870117
33316,normal,3263,1,1782358747.3618162,0.0020012855529785156
33317,normal,3243,1,1782358747.3638172,0.002001047134399414
33318,normal,1038,0,1782358747.3658166,0.001999378204345703
33319,normal,1954,0,1782358747.3678832,0.0020666122436523438
33320,normal,2995,0,1782358747.3698926,0.0020093917846679688
33321,normal,3164,1,1782358747.3719559,0.002063274383544922
33322,normal,1751,0,1782358747.3737886,0.001832723617553711
33323,normal,3276,1,1782358747.3758404,0.002051830291748047
33324,normal,2522,0,1782358747.3778398,0.001999378204345703
33325,normal,996,2,1782358747.379856,0.002016305923461914
33326,normal,3603,0,1782358747.3818238,0.0019676685333251953
33327,normal,2291,0,1782358747.3838067,0.0019829273223876953
33328,normal,1763,0,1782358747.3858051,0.001998424530029297
33329,normal,1506,0,1782358747.3879285,0.0021233558654785156
33330,normal,1643,0,1782358747.3898969,0.0019683837890625
33331,normal,1708,0,1782358747.3919017,0.002004861831665039
33332,normal,756,0,1782358747.3940032,0.002101421356201172
33333,normal,2717,0,1782358747.3959937,0.0019905567169189453
33334,normal,1161,0,1782358747.397939,0.0019452571868896484
33335,normal,1616,0,1782358747.4000697,0.002130746841430664
33336,normal,2630,0,1782358747.4020243,0.0019545555114746094
33337,normal,2871,0,1782358747.4037218,0.001697540283203125
33338,normal,3047,1,1782358747.4058113,0.0020895004272460938
33339,normal,2311,0,1782358747.4078133,0.0020020008087158203
33340,normal,2789,0,1782358747.4098134,0.002000093460083008
33341,normal,2505,0,1782358747.412033,0.002219676971435547
33342,normal,2614,0,1782358747.4138148,0.0017817020416259766
33343,normal,1865,0,1782358747.4158106,0.0019958019256591797
33344,normal,3626,0,1782358747.41781,0.001999378204345703
33345,normal,702,0,1782358747.4198136,0.0020036697387695312
33346,normal,2125,0,1782358747.4218452,0.002031564712524414
33347,normal,1064,0,1782358747.4240103,0.002165079116821289
33348,normal,2152,0,1782358747.4260066,0.001996278762817383
33349,normal,1096,0,1782358747.4279447,0.0019381046295166016
33350,normal,536,0,1782358747.4299183,0.0019736289978027344
33351,normal,3372,1,1782358747.4318647,0.0019464492797851562
33352,normal,3116,1,1782358747.4338677,0.0020029544830322266
33353,normal,1232,0,1782358747.43587,0.002002239227294922
33354,normal,3371,1,1782358747.4380045,0.002134561538696289
33355,normal,3471,0,1782358747.4400117,0.0020072460174560547
33356,normal,1881,0,1782358747.4418645,0.0018527507781982422
33357,normal,2410,0,1782358747.4438674,0.0020029544830322266
33358,normal,852,2,1782358747.4457686,0.0019011497497558594
33359,normal,2462,0,1782358747.44788,0.0021114349365234375
33360,normal,697,0,1782358747.449861,0.001981019973754883
33361,normal,1899,0,1782358747.4518654,0.002004384994506836
33362,normal,710,0,1782358747.4538321,0.001966714859008789
33363,normal,3285,1,1782358747.4559007,0.0020685195922851562
33364,normal,1235,0,1782358747.4577847,0.0018839836120605469
33365,normal,2841,0,1782358747.459876,0.0020914077758789062
33366,normal,1873,0,1782358747.462102,0.0022258758544921875
33367,normal,542,0,1782358747.4639142,0.0018122196197509766
33368,normal,3506,0,1782358747.4659712,0.0020570755004882812
33369,normal,216,0,1782358747.4679596,0.0019884109497070312
33370,normal,2958,0,1782358747.4698887,0.0019290447235107422
33371,normal,3019,0,1782358747.4718826,0.001993894577026367
33372,normal,455,0,1782358747.4742918,0.002409219741821289
33373,normal,2525,0,1782358747.4760442,0.0017523765563964844
33374,normal,1963,0,1782358747.4778876,0.0018434524536132812
33375,normal,2348,0,1782358747.4800453,0.0021576881408691406
33376,normal,695,0,1782358747.4824035,0.0023581981658935547
33377,normal,33,0,1782358747.4838836,0.0014801025390625
33378,normal,2040,0,1782358747.4858627,0.0019791126251220703
33379,normal,1081,0,1782358747.4878125,0.0019497871398925781
33380,normal,2176,0,1782358747.4898665,0.002053976058959961
33381,normal,2351,0,1782358747.4918618,0.0019953250885009766
33382,normal,3261,1,1782358747.4938574,0.001995563507080078
33383,normal,525,0,1782358747.4958622,0.002004861831665039
33384,normal,2961,0,1782358747.4978561,0.001993894577026367
33385,normal,1065,0,1782358747.4998987,0.002042531967163086
33386,normal,569,0,1782358747.501841,0.0019423961639404297
33387,normal,987,2,1782358747.5039725,0.0021314620971679688
33388,normal,2215,0,1782358747.5057805,0.0018079280853271484
33389,normal,2694,0,1782358747.507843,0.002062559127807617
33390,normal,2271,0,1782358782.946711,0.0
33391,normal,1514,0,1782358782.9486248,0.0019137859344482422
33392,normal,2248,0,1782358782.9506905,0.0020656585693359375
33393,normal,1367,1,1782358782.9526312,0.0019407272338867188
33394,normal,2552,0,1782358782.9546554,0.0020241737365722656
33395,normal,3414,0,1782358782.9568546,0.0021991729736328125
33396,normal,501,0,1782358782.9586556,0.0018010139465332031
33397,normal,3157,1,1782358782.9607947,0.0021390914916992188
33398,normal,2892,0,1782358782.9627347,0.001940011978149414
33399,normal,2039,0,1782358782.9646366,0.001901865005493164
33400,normal,1448,0,1782358782.9666545,0.002017974853515625
33401,normal,358,0,1782358782.9688847,0.0022301673889160156
33402,normal,294,0,1782358782.970633,0.0017483234405517578
33403,normal,3041,0,1782358782.9728608,0.002227783203125
33404,normal,145,0,1782358782.9746902,0.001829385757446289
33405,normal,316,0,1782358782.9769151,0.0022249221801757812
33406,normal,133,0,1782358782.9786162,0.0017011165618896484
33407,normal,832,2,1782358782.9807928,0.002176523208618164
33408,normal,1169,0,1782358782.982602,0.0018091201782226562
33409,normal,2362,0,1782358782.984729,0.0021271705627441406
33410,normal,859,2,1782358782.9869025,0.0021734237670898438
33411,normal,2757,0,1782358782.9887254,0.0018229484558105469
33412,normal,3604,0,1782358782.9910085,0.0022830963134765625
33413,normal,1026,2,1782358782.9927454,0.0017368793487548828
33414,normal,1221,0,1782358782.9949145,0.0021691322326660156
33415,normal,152,0,1782358782.9967477,0.001833200454711914
33416,normal,1942,0,1782358782.998911,0.0021631717681884766
33417,normal,1468,0,1782358783.0007222,0.0018112659454345703
33418,normal,2524,0,1782358783.0029027,0.0021805763244628906
33419,normal,1744,0,1782358783.0047486,0.0018458366394042969
33420,normal,3683,0,1782358783.0069196,0.002171039581298828
33421,normal,2641,0,1782358783.0087066,0.001786947250366211
33422,normal,129,0,1782358783.0108879,0.0021812915802001953
33423,normal,2134,0,1782358783.0127687,0.0018808841705322266
33424,normal,2600,0,1782358783.0148678,0.0020990371704101562
33425,normal,3702,0,1782358783.0166974,0.0018296241760253906
33426,normal,3152,1,1782358783.0188754,0.0021779537200927734
33427,normal,1430,0,1782358783.0207074,0.0018320083618164062
33428,normal,3459,0,1782358783.0228643,0.002156972885131836
33429,normal,194,0,1782358783.0246944,0.0018301010131835938
33430,normal,3589,0,1782358783.0268526,0.0021581649780273438
33431,normal,1044,0,1782358783.0287216,0.0018689632415771484
33432,normal,805,2,1782358783.0310082,0.002286672592163086
33433,normal,1446,0,1782358783.0326886,0.0016803741455078125
33434,normal,1663,0,1782358783.0348892,0.002200603485107422
33435,normal,3026,0,1782358783.0368576,0.0019683837890625
33436,normal,3551,0,1782358783.0387423,0.0018846988677978516
33437,normal,1472,0,1782358783.0410128,0.0022704601287841797
33438,normal,843,2,1782358783.0427449,0.0017321109771728516
33439,normal,711,0,1782358783.0449164,0.0021715164184570312
33440,normal,895,2,1782358783.047034,0.002117633819580078
33441,normal,1606,0,1782358783.0487869,0.0017528533935546875
33442,normal,1342,1,1782358783.0508966,0.0021097660064697266
33443,normal,2824,0,1782358783.0531683,0.0022716522216796875
33444,normal,3221,1,1782358783.0548983,0.0017299652099609375
33445,normal,1228,0,1782358783.0569034,0.0020051002502441406
33446,normal,1328,1,1782358783.05902,0.002116680145263672
33447,normal,2351,0,1782358783.0607393,0.0017192363739013672
33448,normal,1080,0,1782358783.0630126,0.0022733211517333984
33449,normal,421,0,1782358783.0648932,0.001880645751953125
33450,normal,3033,0,1782358783.0669203,0.0020270347595214844
33451,normal,648,0,1782358783.0688977,0.0019774436950683594
33452,normal,121,0,1782358783.0710251,0.002127408981323242
33453,normal,3636,0,1782358783.0727398,0.0017147064208984375
33454,normal,3017,0,1782358783.0750163,0.0022764205932617188
33455,normal,1434,0,1782358783.076887,0.0018706321716308594
33456,normal,3629,0,1782358783.0789208,0.0020339488983154297
33457,normal,3582,0,1782358783.080923,0.002002239227294922
33458,normal,3535,0,1782358783.0830333,0.0021102428436279297
33459,normal,2202,0,1782358783.0847402,0.001706838607788086
33460,normal,1696,0,1782358783.087013,0.0022728443145751953
33461,normal,792,2,1782358783.0888865,0.0018734931945800781
33462,normal,1787,0,1782358783.090919,0.0020325183868408203
33463,normal,3653,0,1782358783.092898,0.0019788742065429688
33464,normal,2461,0,1782358783.0950162,0.002118349075317383
33465,normal,1839,0,1782358783.0967412,0.0017249584197998047
33466,normal,1741,0,1782358783.0988986,0.002157449722290039
33467,normal,171,0,1782358783.1010134,0.0021147727966308594
33468,normal,944,2,1782358783.10274,0.0017266273498535156
33469,normal,1274,0,1782358783.1050127,0.0022726058959960938
33470,normal,2703,0,1782358783.1068964,0.0018837451934814453
33471,normal,1958,0,1782358783.10892,0.0020236968994140625
33472,normal,3063,1,1782358783.1108997,0.0019795894622802734
33473,normal,3410,0,1782358783.1130228,0.002123117446899414
33474,normal,57,0,1782358783.1147387,0.0017158985137939453
33475,normal,2195,0,1782358783.1170309,0.002292156219482422
33476,normal,1393,0,1782358783.1188867,0.0018558502197265625
33477,normal,2519,0,1782358783.1209254,0.002038717269897461
33478,normal,3363,1,1782358783.122902,0.001976490020751953
33479,normal,2335,0,1782358783.1251988,0.002296924591064453
33480,normal,3572,0,1782358783.1268988,0.0016999244689941406
33481,normal,1095,0,1782358783.1289105,0.0020117759704589844
33482,normal,560,0,1782358783.1310155,0.0021049976348876953
33483,normal,1842,0,1782358783.13274,0.0017244815826416016
33484,normal,2555,0,1782358783.1350334,0.0022933483123779297
33485,normal,1292,0,1782358783.1369,0.0018665790557861328
33486,normal,786,2,1782358783.138921,0.0020210742950439453
33487,normal,512,0,1782358783.1409426,0.0020215511322021484
33488,normal,2027,0,1782358783.1427407,0.0017981529235839844
33489,normal,1821,0,1782358783.1450229,0.0022821426391601562
33490,normal,1410,0,1782358783.1467516,0.0017287731170654297
33491,normal,3010,0,1782358783.1489053,0.002153635025024414
33492,normal,544,0,1782358783.150741,0.0018358230590820312
33493,normal,2556,0,1782358783.153034,0.0022928714752197266
33494,normal,2178,0,1782358783.1547494,0.0017154216766357422
33495,normal,1675,0,1782358783.1569839,0.0022344589233398438
33496,normal,2875,0,1782358783.1587143,0.0017304420471191406
33497,normal,1069,0,1782358783.1609833,0.0022690296173095703
33498,normal,447,0,1782358783.1627138,0.0017304420471191406
33499,normal,2255,0,1782358783.1648533,0.002139568328857422
33500,normal,1114,0,1782358783.1668553,0.0020020008087158203
33501,normal,1083,0,1782358783.16876,0.0019047260284423828
33502,normal,1728,0,1782358783.170863,0.0021028518676757812
33503,normal,362,0,1782358783.1730332,0.0021703243255615234
33504,normal,420,0,1782358783.1747863,0.001753091812133789
33505,normal,1441,0,1782358783.1768866,0.002100229263305664
33506,normal,1924,0,1782358783.1789527,0.0020661354064941406
33507,normal,1102,0,1782358783.1808271,0.0018744468688964844
33508,normal,2530,0,1782358783.1829023,0.0020751953125
33509,normal,1704,0,1782358783.184888,0.0019855499267578125
33510,normal,793,2,1782358783.1868618,0.001973867416381836
33511,normal,3065,1,1782358783.1889086,0.002046823501586914
33512,normal,255,0,1782358783.190889,0.001980304718017578
33513,normal,1436,0,1782358783.1928477,0.0019588470458984375
33514,normal,2439,0,1782358783.194914,0.002066373825073242
33515,normal,1948,0,1782358783.1968904,0.0019762516021728516
33516,normal,1048,0,1782358783.1988351,0.0019447803497314453
33517,normal,340,0,1782358783.2009075,0.0020723342895507812
33518,normal,985,2,1782358783.2028894,0.001981973648071289
33519,normal,1485,0,1782358783.204849,0.001959562301635742
33520,normal,238,0,1782358783.206882,0.0020329952239990234
33521,normal,46,0,1782358783.2088845,0.0020024776458740234
33522,normal,413,0,1782358783.2108042,0.0019197463989257812
33523,normal,2344,0,1782358783.2131934,0.002389192581176758
33524,normal,760,0,1782358783.2147086,0.0015151500701904297
33525,normal,727,0,1782358783.2168818,0.002173185348510742
33526,normal,2281,0,1782358783.2187896,0.0019078254699707031
33527,normal,2963,0,1782358783.220905,0.002115488052368164
33528,normal,3253,1,1782358783.2227123,0.0018072128295898438
33529,normal,3044,0,1782358783.2248862,0.002173900604248047
33530,normal,415,0,1782358783.2268615,0.0019752979278564453
33531,normal,2638,0,1782358783.2287593,0.0018978118896484375
33532,normal,2142,0,1782358783.2308776,0.002118349075317383
33533,normal,685,0,1782358783.2328625,0.001984834671020508
33534,normal,747,0,1782358783.2347636,0.0019011497497558594
33535,normal,3487,0,1782358783.2368867,0.002123117446899414
33536,normal,3388,1,1782358783.238894,0.0020072460174560547
33537,normal,3418,0,1782358783.2407603,0.0018663406372070312
33538,normal,2486,0,1782358783.2429233,0.002162933349609375
33539,normal,113,0,1782358783.244872,0.0019488334655761719
33540,normal,2777,0,1782358783.2467597,0.0018875598907470703
33541,normal,1062,0,1782358783.2488666,0.002106904983520508
33542,normal,263,0,1782358783.2508628,0.001996278762817383
33543,normal,841,2,1782358783.252763,0.0019001960754394531
33544,normal,1518,0,1782358783.2548542,0.0020911693572998047
33545,normal,2227,0,1782358783.256855,0.0020008087158203125
33546,normal,49,0,1782358783.2587605,0.0019054412841796875
33547,normal,1176,0,1782358783.2608943,0.0021338462829589844
33548,normal,2593,0,1782358783.2628555,0.001961231231689453
33549,normal,627,0,1782358783.2648256,0.001970052719116211
33550,normal,1569,0,1782358783.2669055,0.0020799636840820312
33551,normal,1535,0,1782358783.2688546,0.0019490718841552734
33552,normal,3209,1,1782358783.270761,0.0019063949584960938
33553,normal,3138,1,1782358783.2728896,0.00212860107421875
33554,normal,1222,0,1782358783.2748575,0.001967906951904297
33555,normal,2431,0,1782358783.2768047,0.001947164535522461
33556,normal,1313,0,1782358783.2787838,0.0019791126251220703
33557,normal,3295,1,1782358783.280947,0.0021631717681884766
33558,normal,1883,0,1782358783.2827153,0.001768350601196289
33559,normal,74,0,1782358783.2848878,0.0021724700927734375
33560,normal,2681,0,1782358783.2868555,0.0019676685333251953
33561,normal,205,0,1782358783.2887614,0.0019059181213378906
33562,normal,3118,1,1782358783.29089,0.00212860107421875
33563,normal,787,2,1782358783.2928529,0.001962900161743164
33564,normal,2320,0,1782358783.29476,0.0019071102142333984
33565,normal,80,0,1782358783.296889,0.002129077911376953
33566,normal,1042,0,1782358783.298869,0.001979827880859375
33567,normal,2591,0,1782358783.3006973,0.0018284320831298828
33568,normal,2254,0,1782358783.30298,0.0022826194763183594
33569,normal,3391,1,1782358783.30477,0.0017900466918945312
33570,normal,361,0,1782358783.3073144,0.002544403076171875
33571,normal,2804,0,1782358783.3088517,0.001537322998046875
33572,normal,3029,0,1782358783.3108563,0.0020046234130859375
33573,normal,432,0,1782358783.312701,0.001844644546508789
33574,normal,439,0,1782358783.3148203,0.002119302749633789
33575,normal,3326,1,1782358783.3167562,0.0019359588623046875
33576,normal,2931,0,1782358783.3188255,0.002069234848022461
33577,normal,2498,0,1782358783.3207572,0.0019316673278808594
33578,normal,3536,0,1782358783.3227193,0.0019621849060058594
33579,normal,754,0,1782358783.324732,0.0020127296447753906
33580,normal,177,0,1782358783.326725,0.001992940902709961
33581,normal,581,0,1782358783.3287199,0.0019948482513427734
33582,normal,856,2,1782358783.3306386,0.001918792724609375
33583,normal,2020,0,1782358783.3327363,0.002097606658935547
33584,normal,3647,0,1782358783.3346953,0.001959085464477539
33585,normal,1659,0,1782358783.3367138,0.002018451690673828
33586,normal,1339,1,1782358783.3386557,0.0019419193267822266
33587,normal,1841,0,1782358783.3406506,0.0019948482513427734
33588,normal,1657,0,1782358783.3426394,0.0019888877868652344
33589,normal,3166,1,1782358783.3446596,0.002020120620727539
33590,normal,441,0,1782358783.3466456,0.0019860267639160156
33591,normal,236,0,1782358783.3487868,0.002141237258911133
33592,normal,810,2,1782358783.350719,0.0019321441650390625
33593,normal,2346,0,1782358783.3528442,0.002125263214111328
33594,normal,3638,0,1782358783.3548734,0.0020291805267333984
33595,normal,438,0,1782358783.3566794,0.001806020736694336
33596,normal,1587,0,1782358783.3587875,0.0021080970764160156
33597,normal,3018,0,1782358783.3606484,0.0018608570098876953
33598,normal,2385,0,1782358783.362777,0.00212860107421875
33599,normal,3346,1,1782358783.3647676,0.0019905567169189453
33600,normal,690,0,1782358783.366642,0.0018744468688964844
33601,normal,1499,0,1782358783.3688102,0.0021681785583496094
33602,normal,317,0,1782358783.3708308,0.002020597457885742
33603,normal,428,0,1782358783.3727264,0.0018956661224365234
33604,normal,1469,0,1782358783.3747225,0.0019960403442382812
33605,normal,69,0,1782358783.3767927,0.002070188522338867
33606,normal,1903,0,1782358783.3787162,0.0019235610961914062
33607,normal,2899,0,1782358783.3808565,0.0021402835845947266
33608,normal,3051,1,1782358783.382775,0.0019185543060302734
33609,normal,783,2,1782358783.3846474,0.0018723011016845703
33610,normal,1284,0,1782358783.3867688,0.002121448516845703
33611,normal,3128,1,1782358783.388794,0.002025127410888672
33612,normal,1323,1,1782358783.390756,0.001961946487426758
33613,normal,3522,0,1782358783.39272,0.001964092254638672
33614,normal,3461,0,1782358783.394927,0.002207040786743164
33615,normal,3657,0,1782358783.3967693,0.0018422603607177734
33616,normal,2476,0,1782358783.3987756,0.0020062923431396484
33617,normal,1674,0,1782358783.400974,0.002198457717895508
33618,normal,2674,0,1782358783.402897,0.0019228458404541016
33619,normal,1766,0,1782358783.4048507,0.0019538402557373047
33620,normal,196,0,1782358783.4068449,0.0019941329956054688
33621,normal,1334,1,1782358783.4087644,0.0019195079803466797
33622,normal,3012,0,1782358783.4108207,0.0020563602447509766
33623,normal,2786,0,1782358783.4129233,0.0021026134490966797
33624,normal,3398,1,1782358783.4147065,0.001783132553100586
33625,normal,561,0,1782358783.4167902,0.0020837783813476562
33626,normal,1258,0,1782358783.4188037,0.0020134449005126953
33627,normal,1743,0,1782358783.420677,0.0018732547760009766
33628,normal,489,0,1782358783.4231014,0.002424478530883789
33629,normal,646,0,1782358783.4248862,0.0017848014831542969
33630,normal,1691,0,1782358783.4267774,0.0018911361694335938
33631,normal,1594,0,1782358783.4287,0.001922607421875
33632,normal,1046,0,1782358783.4308324,0.002132415771484375
33633,normal,1363,1,1782358783.4326878,0.0018553733825683594
33634,normal,1930,0,1782358783.434884,0.0021963119506835938
33635,normal,2751,0,1782358783.4369,0.002015829086303711
33636,normal,191,0,1782358783.438726,0.0018260478973388672
33637,normal,183,0,1782358783.440804,0.0020780563354492188
33638,normal,1829,0,1782358783.4428287,0.0020246505737304688
33639,normal,3107,1,1782358783.4447114,0.001882791519165039
33640,normal,1838,0,1782358783.4468255,0.0021140575408935547
33641,normal,3368,1,1782358783.4489756,0.0021500587463378906
33642,normal,684,0,1782358783.450793,0.001817464828491211
33643,normal,2370,0,1782358783.4528024,0.0020093917846679688
33644,normal,1017,2,1782358783.4548006,0.0019981861114501953
33645,normal,253,0,1782358783.4568026,0.0020020008087158203
33646,normal,3037,0,1782358783.4587243,0.0019216537475585938
33647,normal,628,0,1782358783.4610307,0.0023064613342285156
33648,normal,665,0,1782358783.462818,0.0017871856689453125
33649,normal,3261,1,1782358783.4647462,0.0019283294677734375
33650,normal,2813,0,1782358783.466864,0.0021178722381591797
33651,normal,187,0,1782358783.4689317,0.00206756591796875
33652,normal,3588,0,1782358783.4707923,0.0018606185913085938
33653,normal,782,2,1782358783.4727056,0.001913309097290039
33654,normal,1625,0,1782358783.4747849,0.0020792484283447266
33655,normal,2680,0,1782358783.476773,0.0019881725311279297
33656,normal,2264,0,1782358783.478767,0.001993894577026367
33657,normal,1319,1,1782358783.4807684,0.002001523971557617
33658,normal,1343,1,1782358783.482838,0.0020694732666015625
33659,normal,3197,1,1782358783.4847727,0.0019347667694091797
33660,normal,2535,0,1782358783.4868312,0.0020585060119628906
33661,normal,3490,0,1782358783.4887545,0.0019233226776123047
33662,normal,503,0,1782358783.4909136,0.00215911865234375
33663,normal,3502,0,1782358783.4926195,0.0017058849334716797
33664,normal,96,0,1782358783.4948156,0.002196073532104492
33665,normal,3495,0,1782358783.4967146,0.0018990039825439453
33666,normal,3594,0,1782358783.4987333,0.0020186901092529297
33667,normal,2529,0,1782358783.5007875,0.0020542144775390625
33668,normal,2747,0,1782358783.5027778,0.0019903182983398438
33669,normal,223,0,1782358783.5046992,0.0019214153289794922
33670,normal,1934,0,1782358783.506787,0.002087831497192383
33671,normal,2475,0,1782358783.5087838,0.001996755599975586
33672,normal,2095,0,1782358783.5106988,0.00191497802734375
33673,normal,2025,0,1782358783.5127513,0.0020525455474853516
33674,normal,3126,1,1782358783.5147502,0.0019989013671875
33675,normal,2210,0,1782358783.5166535,0.0019032955169677734
33676,normal,1999,0,1782358783.5187328,0.0020792484283447266
33677,normal,2083,0,1782358783.5207334,0.002000570297241211
33678,normal,2859,0,1782358783.522635,0.0019016265869140625
33679,normal,1337,1,1782358783.524732,0.0020971298217773438
33680,normal,1467,0,1782358783.5267482,0.0020160675048828125
33681,normal,3465,0,1782358783.5286913,0.0019431114196777344
33682,normal,807,2,1782358783.530772,0.002080678939819336
33683,normal,2740,0,1782358783.532777,0.0020051002502441406
33684,normal,40,0,1782358783.5346725,0.0018954277038574219
33685,normal,2628,0,1782358783.5367415,0.0020689964294433594
33686,normal,1898,0,1782358783.5387359,0.0019943714141845703
33687,normal,755,0,1782358783.5406353,0.0018994808197021484
33688,normal,3031,0,1782358783.5427077,0.0020723342895507812
33689,normal,2219,0,1782358783.544706,0.001998424530029297
33690,normal,1911,0,1782358783.5466163,0.0019102096557617188
33691,normal,3077,1,1782358783.5487747,0.0021584033966064453
33692,normal,3471,0,1782358783.5507004,0.0019257068634033203
33693,normal,1144,0,1782358783.5527656,0.0020651817321777344
33694,normal,3553,0,1782358783.554686,0.001920461654663086
33695,normal,3119,1,1782358783.5567546,0.0020685195922851562
33696,normal,3177,1,1782358783.5586565,0.001901865005493164
33697,normal,3025,0,1782358783.5607853,0.0021288394927978516
33698,normal,943,2,1782358783.5627487,0.001963376998901367
33699,normal,992,2,1782358783.564608,0.001859426498413086
33700,normal,2196,0,1782358783.5666997,0.002091646194458008
33701,normal,1804,0,1782358783.5686998,0.002000093460083008
33702,normal,1649,0,1782358783.5706575,0.0019576549530029297
33703,normal,1954,0,1782358783.5727053,0.0020477771759033203
33704,normal,1270,0,1782358783.5746942,0.0019888877868652344
33705,normal,1548,0,1782358783.5766976,0.0020034313201904297
33706,normal,874,2,1782358783.5786116,0.0019140243530273438
33707,normal,800,2,1782358783.5812938,0.002682209014892578
33708,normal,276,0,1782358783.582763,0.0014691352844238281
33709,normal,575,0,1782358783.5846245,0.001861572265625
33710,normal,1462,0,1782358783.5867045,0.0020799636840820312
33711,normal,3457,0,1782358783.5886443,0.0019397735595703125
33712,normal,2868,0,1782358783.590722,0.002077817916870117
33713,normal,1508,0,1782358783.5928602,0.0021381378173828125
33714,normal,1306,0,1782358783.5946753,0.0018150806427001953
33715,normal,2564,0,1782358783.5968187,0.002143383026123047
33716,normal,1651,0,1782358783.5987515,0.0019328594207763672
33717,normal,444,0,1782358783.6008244,0.0020728111267089844
33718,normal,1638,0,1782358783.602765,0.0019407272338867188
33719,normal,1329,1,1782358783.6048143,0.0020492076873779297
33720,normal,3307,1,1782358783.6068587,0.0020444393157958984
33721,normal,3367,1,1782358783.6087277,0.0018689632415771484
33722,normal,742,0,1782358783.6108084,0.002080678939819336
33723,normal,974,2,1782358783.612742,0.0019335746765136719
33724,normal,2629,0,1782358783.6148238,0.0020818710327148438
33725,normal,1801,0,1782358783.616692,0.0018682479858398438
33726,normal,837,2,1782358783.6188352,0.0021431446075439453
33727,normal,1143,0,1782358783.6207976,0.001962423324584961
33728,normal,2493,0,1782358783.6227422,0.0019445419311523438
33729,normal,3199,1,1782358783.624659,0.0019168853759765625
33730,normal,3560,0,1782358783.6268141,0.0021550655364990234
33731,normal,2653,0,1782358783.628814,0.0019998550415039062
33732,normal,2482,0,1782358783.6306872,0.0018732547760009766
33733,normal,2890,0,1782358783.6327355,0.0020482540130615234
33734,normal,1738,0,1782358783.6347494,0.0020139217376708984
33735,normal,632,0,1782358783.6367464,0.0019969940185546875
33736,normal,2818,0,1782358783.638746,0.0019996166229248047
33737,normal,30,0,1782358783.640736,0.001990079879760742
33738,normal,1636,0,1782358783.6427517,0.0020155906677246094
33739,normal,1300,0,1782358783.6447144,0.0019626617431640625
33740,normal,2900,0,1782358783.6468165,0.0021021366119384766
33741,normal,1589,0,1782358783.6487458,0.0019292831420898438
33742,normal,2514,0,1782358783.6507957,0.0020499229431152344
33743,normal,2496,0,1782358783.6527386,0.0019428730010986328
33744,normal,2509,0,1782358783.6547742,0.0020356178283691406
33745,normal,1921,0,1782358783.656696,0.0019218921661376953
33746,normal,1335,1,1782358783.658805,0.0021088123321533203
33747,normal,79,0,1782358783.660692,0.0018870830535888672
33748,normal,47,0,1782358783.6627824,0.0020904541015625
33749,normal,725,0,1782358783.6647909,0.0020084381103515625
33750,normal,678,0,1782358783.6668756,0.0020847320556640625
33751,normal,1178,0,1782358783.668783,0.0019073486328125
33752,normal,2633,0,1782358783.670887,0.002104043960571289
33753,normal,3147,1,1782358783.6727023,0.0018153190612792969
33754,normal,3318,1,1782358783.6750977,0.0023953914642333984
33755,normal,2070,0,1782358783.6767113,0.001613616943359375
33756,normal,1020,2,1782358783.6788144,0.002103090286254883
33757,normal,1732,0,1782358783.6807055,0.0018911361694335938
33758,normal,2435,0,1782358783.6828609,0.002155303955078125
33759,normal,2972,0,1782358783.6846776,0.0018167495727539062
33760,normal,2825,0,1782358783.6867993,0.0021216869354248047
33761,normal,1072,0,1782358783.6888578,0.0020585060119628906
33762,normal,1092,0,1782358783.6908,0.0019421577453613281
33763,normal,720,0,1782358783.6927762,0.0019762516021728516
33764,normal,1330,1,1782358783.6948736,0.0020973682403564453
33765,normal,869,2,1782358783.6967552,0.0018815994262695312
33766,normal,2311,0,1782358783.6988578,0.0021026134490966797
33767,normal,1401,0,1782358783.700816,0.001958131790161133
33768,normal,331,0,1782358783.7026448,0.001828908920288086
33769,normal,3183,1,1782358783.7047768,0.002131938934326172
33770,normal,2602,0,1782358783.706895,0.002118349075317383
33771,normal,2656,0,1782358783.7086422,0.00174713134765625
33772,normal,595,0,1782358783.7107801,0.002137899398803711
33773,normal,877,2,1782358783.7127755,0.0019953250885009766
33774,normal,1782,0,1782358783.7149193,0.00214385986328125
33775,normal,2002,0,1782358783.7169514,0.002032041549682617
33776,normal,3103,1,1782358783.7187436,0.0017921924591064453
33777,normal,107,0,1782358783.7207813,0.0020377635955810547
33778,normal,2379,0,1782358783.7227087,0.0019273757934570312
33779,normal,480,0,1782358783.7248466,0.002137899398803711
33780,normal,349,0,1782358783.726962,0.002115488052368164
33781,normal,1184,0,1782358783.7286859,0.0017237663269042969
33782,normal,3550,0,1782358783.7308137,0.0021278858184814453
33783,normal,2990,0,1782358783.7327077,0.0018939971923828125
33784,normal,3430,0,1782358783.7348418,0.002134084701538086
33785,normal,387,0,1782358783.7369947,0.0021529197692871094
33786,normal,1773,0,1782358783.7390468,0.0020520687103271484
33787,normal,1886,0,1782358783.7407305,0.0016837120056152344
33788,normal,243,0,1782358783.7428749,0.002144336700439453
33789,normal,1533,0,1782358783.7447712,0.0018963813781738281
33790,normal,2424,0,1782358783.7469733,0.0022020339965820312
33791,normal,3094,1,1782358783.7488716,0.0018982887268066406
33792,normal,3144,1,1782358783.7507257,0.0018541812896728516
33793,normal,2820,0,1782358783.7526984,0.001972675323486328
33794,normal,1979,0,1782358783.7548642,0.0021657943725585938
33795,normal,1656,0,1782358783.7569187,0.002054452896118164
33796,normal,404,0,1782358783.759122,0.002203226089477539
33797,normal,605,0,1782358783.760788,0.0016660690307617188
33798,normal,2030,0,1782358783.76283,0.002042055130004883
33799,normal,3345,1,1782358783.7647483,0.0019183158874511719
33800,normal,1210,0,1782358783.7668588,0.0021104812622070312
33801,normal,451,0,1782358783.7686837,0.0018248558044433594
33802,normal,1405,0,1782358783.770866,0.0021822452545166016
33803,normal,916,2,1782358783.7729893,0.0021233558654785156
33804,normal,3507,0,1782358783.774733,0.0017437934875488281
33805,normal,1890,0,1782358783.7768953,0.0021622180938720703
33806,normal,651,0,1782358783.7787008,0.0018055438995361328
33807,normal,2273,0,1782358783.7808504,0.0021495819091796875
33808,normal,1263,0,1782358783.782749,0.0018985271453857422
33809,normal,498,0,1782358783.7849526,0.002203702926635742
33810,normal,846,2,1782358783.7867377,0.0017850399017333984
33811,normal,2408,0,1782358783.7888384,0.002100706100463867
33812,normal,1734,0,1782358783.7908723,0.0020339488983154297
33813,normal,819,2,1782358783.79266,0.0017876625061035156
33814,normal,298,0,1782358783.794893,0.0022330284118652344
33815,normal,1225,0,1782358783.796759,0.0018658638000488281
33816,normal,2620,0,1782358783.7988427,0.0020837783813476562
33817,normal,1140,0,1782358783.8007529,0.0019102096557617188
33818,normal,3608,0,1782358783.802885,0.0021321773529052734
33819,normal,1182,0,1782358783.8047235,0.0018384456634521484
33820,normal,2949,0,1782358783.8069751,0.0022516250610351562
33821,normal,2180,0,1782358783.8087733,0.0017981529235839844
33822,normal,2966,0,1782358783.8108022,0.002028942108154297
33823,normal,2108,0,1782358783.8127475,0.0019452571868896484
33824,normal,2577,0,1782358783.8147278,0.001980304718017578
33825,normal,2174,0,1782358783.816815,0.002087116241455078
33826,normal,1701,0,1782358783.8187063,0.0018913745880126953
33827,normal,2427,0,1782358783.82084,0.002133607864379883
33828,normal,2866,0,1782358783.8227644,0.0019245147705078125
33829,normal,135,0,1782358783.8249044,0.002140045166015625
33830,normal,3521,0,1782358783.826817,0.0019125938415527344
33831,normal,1445,0,1782358783.8287215,0.0019044876098632812
33832,normal,3241,1,1782358783.8308594,0.002137899398803711
33833,normal,835,2,1782358783.8328395,0.0019800662994384766
33834,normal,1431,0,1782358783.8347068,0.0018672943115234375
33835,normal,3562,0,1782358783.836838,0.002131223678588867
33836,normal,3316,1,1782358783.8388224,0.0019843578338623047
33837,normal,1189,0,1782358783.840697,0.001874685287475586
33838,normal,2457,0,1782358783.8428671,0.002170085906982422
33839,normal,1352,1,1782358783.845092,0.0022249221801757812
33840,normal,3181,1,1782358783.8467085,0.0016164779663085938
33841,normal,3559,0,1782358783.8489285,0.0022199153900146484
33842,normal,662,0,1782358783.8508945,0.0019659996032714844
33843,normal,3180,1,1782358783.8529382,0.0020437240600585938
33844,normal,1001,2,1782358783.8548288,0.0018906593322753906
33845,normal,1321,1,1782358783.85706,0.002231121063232422
33846,normal,2725,0,1782358783.8586488,0.0015888214111328125
33847,normal,50,0,1782358783.8608224,0.0021736621856689453
33848,normal,3122,1,1782358783.8628814,0.0020589828491210938
33849,normal,397,0,1782358783.8646421,0.001760721206665039
33850,normal,393,0,1782358783.866922,0.0022797584533691406
33851,normal,3300,1,1782358783.8687246,0.001802682876586914
33852,normal,2953,0,1782358783.870813,0.002088308334350586
33853,normal,3243,1,1782358783.8727741,0.001961231231689453
33854,normal,1760,0,1782358783.8748674,0.0020933151245117188
33855,normal,3308,1,1782358783.8768103,0.0019428730010986328
33856,normal,2342,0,1782358783.8789084,0.00209808349609375
33857,normal,2072,0,1782358783.8809857,0.002077341079711914
33858,normal,2902,0,1782358783.8828247,0.0018389225006103516
33859,normal,2617,0,1782358783.8847675,0.0019428730010986328
33860,normal,602,0,1782358783.8868515,0.002084016799926758
33861,normal,936,2,1782358783.8886974,0.0018458366394042969
33862,normal,2468,0,1782358783.8908753,0.0021779537200927734
33863,normal,1218,0,1782358783.8928459,0.001970529556274414
33864,normal,734,0,1782358783.894871,0.002025127410888672
33865,normal,3078,1,1782358783.8967533,0.001882314682006836
33866,normal,2951,0,1782358783.8988414,0.0020880699157714844
33867,normal,1426,0,1782358783.9007132,0.0018718242645263672
33868,normal,1604,0,1782358783.9028769,0.0021636486053466797
33869,normal,535,0,1782358783.904879,0.002002239227294922
33870,normal,1618,0,1782358783.9066935,0.0018143653869628906
33871,normal,67,0,1782358783.9089618,0.0022683143615722656
33872,normal,2999,0,1782358783.9107761,0.0018143653869628906
33873,normal,2398,0,1782358783.9128656,0.0020895004272460938
33874,normal,452,0,1782358783.9148245,0.0019588470458984375
33875,normal,1700,0,1782358783.9168649,0.002040386199951172
33876,normal,155,0,1782358783.9187138,0.0018489360809326172
33877,normal,2279,0,1782358783.9208555,0.002141714096069336
33878,normal,2964,0,1782358783.9228427,0.0019872188568115234
33879,normal,2989,0,1782358783.9247146,0.0018718242645263672
33880,normal,1595,0,1782358783.9269428,0.002228260040283203
33881,normal,157,0,1782358783.9288049,0.0018620491027832031
33882,normal,1991,0,1782358783.9309103,0.0021054744720458984
33883,normal,3640,0,1782358783.9331067,0.0021963119506835938
33884,normal,2719,0,1782358783.9347727,0.0016660690307617188
33885,normal,2185,0,1782358783.9368231,0.0020503997802734375
33886,normal,3407,0,1782358783.9391134,0.0022902488708496094
33887,normal,3001,0,1782358783.9413333,0.0022199153900146484
33888,normal,2162,0,1782358783.9427323,0.0013990402221679688
33889,normal,1927,0,1782358783.9448612,0.0021288394927978516
33890,normal,3229,1,1782358783.9468446,0.0019834041595458984
33891,normal,2773,0,1782358783.9487412,0.0018966197967529297
33892,normal,2032,0,1782358783.9508648,0.002123594284057617
33893,normal,476,0,1782358783.9528039,0.0019390583038330078
33894,normal,1522,0,1782358783.9547484,0.0019445419311523438
33895,normal,1163,0,1782358783.9568734,0.0021250247955322266
33896,normal,2386,0,1782358783.9588969,0.002023458480834961
33897,normal,2867,0,1782358783.9606545,0.0017576217651367188
33898,normal,942,2,1782358783.9628682,0.002213716506958008
33899,normal,2981,0,1782358783.9648664,0.0019981861114501953
33900,normal,2997,0,1782358783.9667594,0.0018930435180664062
33901,normal,2038,0,1782358783.9689386,0.0021791458129882812
33902,normal,1891,0,1782358783.97071,0.0017714500427246094
33903,normal,955,2,1782358783.9728851,0.0021750926971435547
33904,normal,1808,0,1782358783.9747798,0.0018947124481201172
33905,normal,178,0,1782358783.9768572,0.002077341079711914
33906,normal,1792,0,1782358783.9787068,0.0018496513366699219
33907,normal,2632,0,1782358783.9808874,0.0021805763244628906
33908,normal,193,0,1782358783.9828606,0.0019731521606445312
33909,normal,1283,0,1782358783.9847517,0.0018911361694335938
33910,normal,1800,0,1782358783.9869118,0.0021600723266601562
33911,normal,2583,0,1782358783.988722,0.001810312271118164
33912,normal,443,0,1782358783.9908786,0.002156496047973633
33913,normal,2835,0,1782358783.992762,0.0018835067749023438
33914,normal,1186,0,1782358783.9948566,0.0020945072174072266
33915,normal,2103,0,1782358783.9967604,0.0019037723541259766
33916,normal,3447,0,1782358783.9988515,0.0020911693572998047
33917,normal,2893,0,1782358784.0009146,0.0020630359649658203
33918,normal,2718,0,1782358784.0027509,0.0018362998962402344
33919,normal,1023,2,1782358784.004939,0.0021882057189941406
33920,normal,1876,0,1782358784.0068357,0.0018966197967529297
33921,normal,2432,0,1782358784.0088558,0.002020120620727539
33922,normal,672,0,1782358784.0107584,0.0019025802612304688
33923,normal,1959,0,1782358784.0129094,0.002151012420654297
33924,normal,2973,0,1782358784.01475,0.0018405914306640625
33925,normal,2469,0,1782358784.0168653,0.0021152496337890625
33926,normal,945,2,1782358784.0188916,0.0020263195037841797
33927,normal,314,0,1782358784.0206897,0.0017981529235839844
33928,normal,542,0,1782358784.0230937,0.0024039745330810547
33929,normal,1974,0,1782358784.0247207,0.0016269683837890625
33930,normal,1770,0,1782358784.0268452,0.0021245479583740234
33931,normal,1579,0,1782358784.0288358,0.0019905567169189453
33932,normal,2778,0,1782358784.0309188,0.0020830631256103516
33933,normal,2955,0,1782358784.0328584,0.001939535140991211
33934,normal,3185,1,1782358784.0348103,0.0019519329071044922
33935,normal,3383,1,1782358784.0370111,0.0022008419036865234
33936,normal,2313,0,1782358784.038879,0.0018677711486816406
33937,normal,1100,0,1782358784.0407643,0.0018854141235351562
33938,normal,1190,0,1782358784.042882,0.002117633819580078
33939,normal,350,0,1782358784.0446792,0.0017971992492675781
33940,normal,2504,0,1782358784.0468707,0.0021915435791015625
33941,normal,3541,0,1782358784.0489905,0.002119779586791992
33942,normal,686,0,1782358784.050685,0.0016944408416748047
33943,normal,1940,0,1782358784.0528593,0.00217437744140625
33944,normal,2513,0,1782358784.0548606,0.0020012855529785156
33945,normal,2430,0,1782358784.05676,0.0018994808197021484
33946,normal,1708,0,1782358784.0591455,0.002385377883911133
33947,normal,15,0,1782358784.0609543,0.0018088817596435547
33948,normal,2590,0,1782358784.0627396,0.0017852783203125
33949,normal,811,2,1782358784.0648394,0.002099752426147461
33950,normal,1574,0,1782358784.0668366,0.001997232437133789
33951,normal,722,0,1782358784.0687137,0.0018770694732666016
33952,normal,1521,0,1782358784.0708454,0.0021317005157470703
33953,normal,1530,0,1782358784.072947,0.0021016597747802734
33954,normal,235,0,1782358784.0747018,0.0017547607421875
33955,normal,2604,0,1782358784.0768306,0.0021288394927978516
33956,normal,2490,0,1782358784.078768,0.0019373893737792969
33957,normal,2274,0,1782358784.0808578,0.0020897388458251953
33958,normal,2809,0,1782358784.0827658,0.0019080638885498047
33959,normal,2213,0,1782358784.0848923,0.002126455307006836
33960,normal,3115,1,1782358784.0869935,0.0021011829376220703
33961,normal,1888,0,1782358784.0889568,0.001963376998901367
33962,normal,935,2,1782358784.0912411,0.0022842884063720703
33963,normal,3256,1,1782358784.0926282,0.0013871192932128906
33964,normal,3328,1,1782358784.0949235,0.002295255661010742
33965,normal,2263,0,1782358784.0968437,0.0019202232360839844
33966,normal,1707,0,1782358784.0986938,0.001850128173828125
33967,normal,1333,1,1782358784.100745,0.002051115036010742
33968,normal,2737,0,1782358784.1027694,0.002024412155151367
33969,normal,2238,0,1782358784.1051095,0.002340078353881836
33970,normal,2581,0,1782358784.1067262,0.0016167163848876953
33971,normal,161,0,1782358784.1087794,0.0020532608032226562
33972,normal,2201,0,1782358784.1107497,0.0019702911376953125
33973,normal,1206,0,1782358784.112768,0.0020182132720947266
33974,normal,2745,0,1782358784.114806,0.0020380020141601562
33975,normal,2316,0,1782358784.1168294,0.002023458480834961
33976,normal,2455,0,1782358784.1188257,0.001996278762817383
33977,normal,1947,0,1782358784.1208134,0.0019876956939697266
33978,normal,2585,0,1782358784.122792,0.001978635787963867
33979,normal,1488,0,1782358784.1247077,0.0019156932830810547
33980,normal,407,0,1782358784.1268177,0.002110004425048828
33981,normal,2711,0,1782358784.1288064,0.001988649368286133
33982,normal,1152,0,1782358784.1307669,0.0019605159759521484
33983,normal,596,0,1782358784.1327975,0.002030611038208008
33984,normal,3086,1,1782358784.1348598,0.0020623207092285156
33985,normal,3007,0,1782358784.1366353,0.001775503158569336
33986,normal,3035,0,1782358784.1388025,0.002167224884033203
33987,normal,524,0,1782358784.1407442,0.001941680908203125
33988,normal,631,0,1782358784.142912,0.0021677017211914062
33989,normal,1978,0,1782358784.1447694,0.0018575191497802734
33990,normal,3061,1,1782358784.1467338,0.0019643306732177734
33991,normal,1783,0,1782358784.1487432,0.0020093917846679688
33992,normal,2161,0,1782358784.1508176,0.0020744800567626953
33993,normal,1165,0,1782358784.1527412,0.0019235610961914062
33994,normal,1931,0,1782358784.1547952,0.002053976058959961
33995,normal,2702,0,1782358784.156754,0.0019588470458984375
33996,normal,2119,0,1782358784.158707,0.0019528865814208984
33997,normal,14,0,1782358784.160799,0.002092123031616211
33998,normal,3552,0,1782358784.1628213,0.002022266387939453
33999,normal,2,0,1782358784.1648278,0.00200653076171875
34000,normal,210,0,1782358784.1670911,0.002263307571411133
34001,normal,1326,1,1782358784.168743,0.001651763916015625
34002,normal,1723,0,1782358784.1707628,0.0020198822021484375
34003,normal,258,0,1782358784.1727457,0.0019829273223876953
34004,normal,876,2,1782358784.1748383,0.002092599868774414
34005,normal,2566,0,1782358784.176693,0.0018546581268310547
34006,normal,2065,0,1782358784.178826,0.0021331310272216797
34007,normal,863,2,1782358784.1808226,0.0019965171813964844
34008,normal,310,0,1782358784.1827593,0.0019366741180419922
34009,normal,2697,0,1782358784.1853793,0.0026199817657470703
34010,normal,2417,0,1782358784.1867716,0.001392364501953125
34011,normal,85,0,1782358784.1886795,0.0019078254699707031
34012,normal,3340,1,1782358784.1908188,0.0021393299102783203
34013,normal,1558,0,1782358784.1928167,0.0019979476928710938
34014,normal,1291,0,1782358784.1948164,0.0019996166229248047
34015,normal,2571,0,1782358784.1967711,0.001954793930053711
34016,normal,842,2,1782358784.1988215,0.0020503997802734375
34017,normal,364,0,1782358784.200702,0.0018804073333740234
34018,normal,2983,0,1782358784.2028108,0.0021088123321533203
34019,normal,3267,1,1782358784.2048187,0.0020079612731933594
34020,normal,305,0,1782358784.2067833,0.001964569091796875
34021,normal,3617,0,1782358784.208877,0.002093791961669922
34022,normal,3239,1,1782358784.2108538,0.0019767284393310547
34023,normal,3062,1,1782358784.2128391,0.001985311508178711
34024,normal,2494,0,1782358784.2148013,0.0019621849060058594
34025,normal,2414,0,1782358784.216938,0.002136707305908203
34026,normal,3347,1,1782358784.2187884,0.0018503665924072266
34027,normal,3701,0,1782358784.2207959,0.0020074844360351562
34028,normal,2533,0,1782358784.222783,0.0019872188568115234
34029,normal,913,2,1782358784.224948,0.0021648406982421875
34030,normal,3143,1,1782358784.2269475,0.0019996166229248047
34031,normal,2217,0,1782358784.2288659,0.0019183158874511719
34032,normal,2541,0,1782358784.2307875,0.0019216537475585938
34033,normal,1502,0,1782358784.2327504,0.001962900161743164
34034,normal,2043,0,1782358784.2348516,0.0021011829376220703
34035,normal,1573,0,1782358784.2367172,0.0018656253814697266
34036,normal,798,2,1782358784.238896,0.002178668975830078
34037,normal,988,2,1782358784.241062,0.0021660327911376953
34038,normal,3176,1,1782358784.2426834,0.0016214847564697266
34039,normal,1689,0,1782358784.2447917,0.002108335494995117
34040,normal,3019,0,1782358784.2468295,0.0020377635955810547
34041,normal,62,0,1782358784.2486787,0.0018491744995117188
34042,normal,3224,1,1782358784.250828,0.002149343490600586
34043,normal,2536,0,1782358784.252821,0.001992940902709961
34044,normal,3232,1,1782358784.2547414,0.001920461654663086
34045,normal,902,2,1782358784.2567673,0.0020258426666259766
34046,normal,929,2,1782358784.258944,0.0021767616271972656
34047,normal,2644,0,1782358784.2606757,0.0017316341400146484
34048,normal,2888,0,1782358784.2628195,0.00214385986328125
34049,normal,1247,0,1782358784.2648036,0.001984119415283203
34050,normal,3423,0,1782358784.2667575,0.0019538402557373047
34051,normal,885,2,1782358784.2688117,0.0020542144775390625
34052,normal,3127,1,1782358784.270803,0.00199127197265625
34053,normal,1624,0,1782358784.2727776,0.0019745826721191406
34054,normal,2489,0,1782358784.2747936,0.0020160675048828125
34055,normal,3622,0,1782358784.2768598,0.0020661354064941406
34056,normal,3432,0,1782358784.2787652,0.0019054412841796875
34057,normal,472,0,1782358784.2808378,0.002072572708129883
34058,normal,336,0,1782358784.2827733,0.0019354820251464844
34059,normal,775,2,1782358784.284854,0.002080678939819336
34060,normal,2780,0,1782358784.286722,0.0018680095672607422
34061,normal,2565,0,1782358784.2888129,0.002090930938720703
34062,normal,2531,0,1782358784.2908146,0.0020017623901367188
34063,normal,3268,1,1782358784.292766,0.001951456069946289
34064,normal,115,0,1782358784.2948425,0.002076387405395508
34065,normal,1815,0,1782358784.296739,0.0018966197967529297
34066,normal,2605,0,1782358784.2988508,0.002111673355102539
34067,normal,4,0,1782358784.3008366,0.001985788345336914
34068,normal,1408,0,1782358784.3028297,0.0019931793212890625
34069,normal,735,0,1782358784.3048482,0.002018451690673828
34070,normal,2691,0,1782358784.3067596,0.0019114017486572266
34071,normal,1392,0,1782358784.3088353,0.002075672149658203
34072,normal,2986,0,1782358784.310831,0.0019958019256591797
34073,normal,1078,0,1782358784.3127496,0.0019185543060302734
34074,normal,540,0,1782358784.3147666,0.0020170211791992188
34075,normal,131,0,1782358784.3166904,0.0019237995147705078
34076,normal,2097,0,1782358784.3187537,0.002063274383544922
34077,normal,1669,0,1782358784.3207216,0.001967906951904297
34078,normal,1995,0,1782358784.3227596,0.0020380020141601562
34079,normal,2250,0,1782358784.3247511,0.0019915103912353516
34080,normal,2911,0,1782358784.326747,0.0019958019256591797
34081,normal,2036,0,1782358784.328745,0.0019979476928710938
34082,normal,3121,1,1782358784.3310568,0.0023119449615478516
34083,normal,1276,0,1782358784.333014,0.0019571781158447266
34084,normal,58,0,1782358784.3347626,0.0017485618591308594
34085,normal,3027,0,1782358784.3368504,0.002087831497192383
34086,normal,2830,0,1782358784.3387995,0.0019490718841552734
34087,normal,1910,0,1782358784.3407664,0.0019669532775878906
34088,normal,3525,0,1782358784.3428428,0.002076387405395508
34089,normal,429,0,1782358784.3447893,0.0019464492797851562
34090,normal,3333,1,1782358784.346802,0.0020127296447753906
34091,normal,3492,0,1782358784.3489249,0.0021228790283203125
34092,normal,1611,0,1782358784.3507655,0.0018405914306640625
34093,normal,3091,1,1782358784.352816,0.002050638198852539
34094,normal,688,0,1782358784.3547976,0.001981496810913086
34095,normal,1118,0,1782358784.3567083,0.0019106864929199219
34096,normal,101,0,1782358784.359212,0.002503633499145508
34097,normal,1200,0,1782358784.3608663,0.0016543865203857422
34098,normal,1851,0,1782358784.3633227,0.0024564266204833984
34099,normal,1226,0,1782358784.3648932,0.0015704631805419922
34100,normal,1141,0,1782358784.3668814,0.0019881725311279297
34101,normal,1763,0,1782358784.3688138,0.001932382583618164
34102,normal,3006,0,1782358784.3706574,0.0018436908721923828
34103,normal,2753,0,1782358784.372638,0.0019805431365966797
34104,normal,2101,0,1782358784.375031,0.002393007278442383
34105,normal,1482,0,1782358784.3772013,0.0021703243255615234
34106,normal,3598,0,1782358784.378807,0.0016057491302490234
34107,normal,2642,0,1782358784.380728,0.001920938491821289
34108,normal,3498,0,1782358784.3828616,0.002133607864379883
34109,normal,81,0,1782358784.3847518,0.0018901824951171875
34110,normal,2507,0,1782358784.386734,0.0019822120666503906
34111,normal,2943,0,1782358784.388716,0.001981973648071289
34112,normal,3516,0,1782358784.3909578,0.002241849899291992
34113,normal,1739,0,1782358784.3925934,0.0016355514526367188
34114,normal,2940,0,1782358784.3946426,0.0020492076873779297
34115,normal,1234,0,1782358784.3966386,0.0019960403442382812
34116,normal,1631,0,1782358784.3987877,0.0021491050720214844
34117,normal,3332,1,1782358784.4006288,0.0018410682678222656
34118,normal,2883,0,1782358784.402634,0.0020051002502441406
34119,normal,2508,0,1782358784.4046328,0.0019989013671875
34120,normal,855,2,1782358784.406648,0.0020151138305664062
34121,normal,308,0,1782358784.408775,0.0021271705627441406
34122,normal,12,0,1782358784.4107263,0.0019512176513671875
34123,normal,188,0,1782358784.4126585,0.0019321441650390625
34124,normal,2138,0,1782358784.4153383,0.0026798248291015625
34125,normal,1547,0,1782358784.4166334,0.0012950897216796875
34126,normal,769,0,1782358784.418652,0.0020186901092529297
34127,normal,2411,0,1782358784.4206853,0.002033233642578125
34128,normal,1077,0,1782358784.4226525,0.001967191696166992
34129,normal,1771,0,1782358784.4247093,0.0020568370819091797
34130,normal,2441,0,1782358784.4267251,0.002015829086303711
34131,normal,2905,0,1782358784.4287622,0.00203704833984375
34132,normal,1153,0,1782358784.4307272,0.001965045928955078
34133,normal,3032,0,1782358784.4327161,0.0019888877868652344
34134,normal,694,0,1782358784.4346573,0.0019412040710449219
34135,normal,2394,0,1782358784.4366522,0.0019948482513427734
34136,normal,3108,1,1782358784.4386542,0.0020020008087158203
34137,normal,3443,0,1782358784.4406185,0.0019643306732177734
34138,normal,468,0,1782358784.442622,0.0020034313201904297
34139,normal,563,0,1782358784.4446204,0.001998424530029297
34140,normal,3621,0,1782358784.4467857,0.0021653175354003906
34141,normal,3370,1,1782358784.4487019,0.0019161701202392578
34142,normal,964,2,1782358784.450707,0.0020051002502441406
34143,normal,2977,0,1782358784.4527898,0.00208282470703125
34144,normal,3242,1,1782358784.454712,0.0019221305847167969
34145,normal,507,0,1782358784.4567258,0.0020139217376708984
34146,normal,1850,0,1782358784.4587243,0.001998424530029297
34147,normal,608,0,1782358784.4607463,0.0020220279693603516
34148,normal,1307,0,1782358784.462831,0.0020847320556640625
34149,normal,1967,0,1782358784.4646342,0.0018031597137451172
34150,normal,3196,1,1782358784.466618,0.0019838809967041016
34151,normal,1223,0,1782358784.468613,0.0019948482513427734
34152,normal,217,0,1782358784.470625,0.002012014389038086
34153,normal,462,0,1782358784.4727695,0.0021445751190185547
34154,normal,2361,0,1782358784.4746227,0.0018532276153564453
34155,normal,3499,0,1782358784.4766123,0.001989603042602539
34156,normal,2794,0,1782358784.47861,0.001997709274291992
34157,normal,875,2,1782358784.480609,0.0019989013671875
34158,normal,322,0,1782358784.4828918,0.002282857894897461
34159,normal,2383,0,1782358784.484951,0.0020592212677001953
34160,normal,2297,0,1782358784.4867353,0.0017843246459960938
34161,normal,1926,0,1782358784.4887235,0.0019881725311279297
34162,normal,1473,0,1782358784.4906754,0.0019519329071044922
34163,normal,21,0,1782358784.4926739,0.001998424530029297
34164,normal,2136,0,1782358784.494672,0.0019981861114501953
34165,normal,1515,0,1782358784.4968154,0.002143383026123047
34166,normal,1215,0,1782358784.4987175,0.0019021034240722656
34167,normal,577,0,1782358784.5006814,0.0019638538360595703
34168,normal,2074,0,1782358784.5026486,0.001967191696166992
34169,normal,3325,1,1782358784.5046492,0.002000570297241211
34170,normal,2106,0,1782358784.5066547,0.0020055770874023438
34171,normal,1769,0,1782358784.508655,0.0020003318786621094
34172,normal,201,0,1782358784.5110774,0.002422332763671875
34173,normal,1318,0,1782358784.5128446,0.0017671585083007812
34174,normal,262,0,1782358784.5153584,0.002513885498046875
34175,normal,1718,0,1782358784.5169263,0.001567840576171875
34176,normal,2463,0,1782358784.5187902,0.0018639564514160156
34177,normal,3612,0,1782358784.5207794,0.001989126205444336
34178,normal,1962,0,1782358784.5226297,0.0018503665924072266
34179,normal,2440,0,1782358784.524656,0.0020263195037841797
34180,normal,3546,0,1782358784.5268216,0.002165555953979492
34181,normal,2272,0,1782358784.5288968,0.0020751953125
34182,normal,479,0,1782358784.530821,0.001924276351928711
34183,normal,1113,0,1782358784.532794,0.0019729137420654297
34184,normal,1845,0,1782358784.5346918,0.0018978118896484375
34185,normal,1289,0,1782358784.5366566,0.0019648075103759766
34186,normal,1642,0,1782358784.5387018,0.002045154571533203
34187,normal,281,0,1782358784.5407143,0.002012491226196289
34188,normal,338,0,1782358784.5427127,0.001998424530029297
34189,normal,3642,0,1782358784.5446866,0.001973867416381836
34190,normal,242,0,1782358784.5466852,0.0019986629486083984
34191,normal,1852,0,1782358784.5486336,0.0019483566284179688
34192,normal,1032,0,1782358784.5506735,0.0020399093627929688
34193,normal,1075,0,1782358784.5526438,0.0019702911376953125
34194,normal,687,0,1782358784.554634,0.0019903182983398438
34195,normal,2756,0,1782358784.5567183,0.0020842552185058594
34196,normal,1733,0,1782358784.5586734,0.0019550323486328125
34197,normal,623,0,1782358784.5606298,0.001956462860107422
34198,normal,1791,0,1782358784.5626357,0.0020058155059814453
34199,normal,333,0,1782358784.5647519,0.0021162033081054688
34200,normal,1935,0,1782358784.5667744,0.0020225048065185547
34201,normal,2146,0,1782358784.5686538,0.0018794536590576172
34202,normal,239,0,1782358784.5706353,0.001981496810913086
34203,normal,1198,0,1782358784.5726395,0.0020041465759277344
34204,normal,1990,0,1782358784.5746567,0.0020172595977783203
34205,normal,907,2,1782358784.576629,0.001972198486328125
34206,normal,815,2,1782358784.5786512,0.002022266387939453
34207,normal,1670,0,1782358784.580707,0.0020558834075927734
34208,normal,2293,0,1782358784.5827713,0.002064228057861328
34209,normal,978,2,1782358784.5847445,0.0019731521606445312
34210,normal,3624,0,1782358784.586888,0.0021436214447021484
34211,normal,3014,0,1782358784.5888817,0.0019936561584472656
34212,normal,2474,0,1782358784.5907438,0.0018620491027832031
34213,normal,2956,0,1782358784.5926552,0.0019114017486572266
34214,normal,2896,0,1782358784.5946221,0.0019669532775878906
34215,normal,1664,0,1782358784.596729,0.002106904983520508
34216,normal,1455,0,1782358784.5987515,0.0020225048065185547
34217,normal,2399,0,1782358784.6007407,0.001989126205444336
34218,normal,3385,1,1782358784.6027267,0.0019860267639160156
34219,normal,259,0,1782358784.6047444,0.0020177364349365234
34220,normal,2946,0,1782358784.6071253,0.002380847930908203
34221,normal,2100,0,1782358784.6089454,0.0018200874328613281
34222,normal,1510,0,1782358784.6108167,0.001871347427368164
34223,normal,2317,0,1782358784.612783,0.001966238021850586
34224,normal,70,0,1782358784.6147761,0.0019931793212890625
34225,normal,770,0,1782358784.6167688,0.0019927024841308594
34226,normal,508,0,1782358784.6189427,0.002173900604248047
34227,normal,583,0,1782358784.6207066,0.0017638206481933594
34228,normal,3631,0,1782358784.622782,0.0020754337310791016
34229,normal,1653,0,1782358784.6247752,0.0019931793212890625
34230,normal,2446,0,1782358784.626782,0.0020067691802978516
34231,normal,2418,0,1782358784.6290329,0.0022509098052978516
34232,normal,1259,0,1782358784.630921,0.0018880367279052734
34233,normal,3297,1,1782358784.6328092,0.001888275146484375
34234,normal,1867,0,1782358784.6348555,0.002046346664428711
34235,normal,2722,0,1782358784.6368883,0.002032756805419922
34236,normal,2306,0,1782358784.638938,0.002049684524536133
34237,normal,1751,0,1782358784.6409757,0.0020377635955810547
34238,normal,676,0,1782358784.6428072,0.0018315315246582031
34239,normal,1373,1,1782358784.6446426,0.0018353462219238281
34240,normal,2148,0,1782358784.6467948,0.0021522045135498047
34241,normal,3190,1,1782358784.6491756,0.002380847930908203
34242,normal,1858,0,1782358784.6512043,0.0020287036895751953
34243,normal,1894,0,1782358784.652791,0.0015866756439208984
34244,normal,1572,0,1782358784.6552808,0.002489805221557617
34245,normal,218,0,1782358784.6569152,0.001634359359741211
34246,normal,1857,0,1782358784.660261,0.0033457279205322266
34247,normal,1757,0,1782358784.6608884,0.0006275177001953125
34248,normal,3628,0,1782358784.6629012,0.0020127296447753906
34249,normal,1758,0,1782358784.6647499,0.0018486976623535156
34250,normal,6,0,1782358784.6668622,0.0021123886108398438
34251,normal,1677,0,1782358784.6687872,0.0019249916076660156
34252,normal,812,2,1782358784.67088,0.0020928382873535156
34253,normal,2412,0,1782358784.6728246,0.0019445419311523438
34254,normal,1980,0,1782358784.6748273,0.002002716064453125
34255,normal,2364,0,1782358784.6768174,0.001990079879760742
34256,normal,2779,0,1782358784.6788359,0.002018451690673828
34257,normal,3705,0,1782358784.6808398,0.002003908157348633
34258,normal,2413,0,1782358784.6828375,0.001997709274291992
34259,normal,3456,0,1782358784.6847641,0.0019266605377197266
34260,normal,3110,1,1782358784.686978,0.0022139549255371094
34261,normal,3288,1,1782358784.6887846,0.001806497573852539
34262,normal,3182,1,1782358784.6908,0.002015352249145508
34263,normal,1425,0,1782358784.6925926,0.0017926692962646484
34264,normal,3473,0,1782358784.6947017,0.002109050750732422
34265,normal,2679,0,1782358784.6966782,0.001976490020751953
34266,normal,3279,1,1782358784.698694,0.002015829086303711
34267,normal,221,0,1782358784.7005959,0.001901865005493164
34268,normal,1406,0,1782358784.702655,0.0020592212677001953
34269,normal,548,0,1782358784.7046506,0.001995563507080078
34270,normal,2664,0,1782358784.7069414,0.0022907257080078125
34271,normal,910,2,1782358784.7087307,0.0017893314361572266
34272,normal,3089,1,1782358784.7108443,0.0021135807037353516
34273,normal,708,0,1782358784.7127333,0.0018889904022216797
34274,normal,2301,0,1782358784.714838,0.0021047592163085938
34275,normal,1450,0,1782358784.7166178,0.001779794692993164
34276,normal,534,0,1782358784.7187035,0.0020856857299804688
34277,normal,2630,0,1782358784.7206862,0.0019826889038085938
34278,normal,1481,0,1782358784.7228894,0.002203226089477539
34279,normal,1236,0,1782358784.72471,0.0018205642700195312
34280,normal,2389,0,1782358784.7269058,0.0021958351135253906
34281,normal,762,0,1782358784.7286966,0.001790761947631836
34282,normal,3704,0,1782358784.7308738,0.0021772384643554688
34283,normal,3289,1,1782358784.7327018,0.0018279552459716797
34284,normal,1984,0,1782358784.7348833,0.002181529998779297
34285,normal,1887,0,1782358784.736694,0.0018107891082763672
34286,normal,3491,0,1782358784.7388756,0.002181529998779297
34287,normal,1045,0,1782358784.7407918,0.0019161701202392578
34288,normal,2005,0,1782358784.7427146,0.0019228458404541016
34289,normal,616,0,1782358784.7448835,0.002168893814086914
34290,normal,2876,0,1782358784.7466962,0.0018126964569091797
34291,normal,788,2,1782358784.7488658,0.0021696090698242188
34292,normal,3693,0,1782358784.7507033,0.0018374919891357422
34293,normal,1466,0,1782358784.752861,0.0021576881408691406
34294,normal,938,2,1782358784.754719,0.0018579959869384766
34295,normal,3593,0,1782358784.75688,0.0021610260009765625
34296,normal,2153,0,1782358784.7587063,0.0018262863159179688
34297,normal,3394,1,1782358784.760884,0.002177715301513672
34298,normal,200,0,1782358784.7627027,0.0018186569213867188
34299,normal,2270,0,1782358784.7648554,0.002152681350708008
34300,normal,995,2,1782358784.766724,0.0018687248229980469
34301,normal,1597,0,1782358784.7689064,0.0021822452545166016
34302,normal,3254,1,1782358784.770696,0.0017895698547363281
34303,normal,650,0,1782358784.7728853,0.0021893978118896484
34304,normal,417,0,1782358784.7746994,0.001814126968383789
34305,normal,1164,0,1782358784.7768543,0.002154827117919922
34306,normal,519,0,1782358784.7787242,0.0018699169158935547
34307,normal,1582,0,1782358784.7809134,0.002189159393310547
34308,normal,1945,0,1782358784.782703,0.0017895698547363281
34309,normal,3651,0,1782358784.784887,0.002184152603149414
34310,normal,2730,0,1782358784.7867303,0.0018432140350341797
34311,normal,2942,0,1782358784.7888916,0.002161264419555664
34312,normal,2478,0,1782358784.7907255,0.0018339157104492188
34313,normal,2214,0,1782358784.7928782,0.002152681350708008
34314,normal,1918,0,1782358784.794703,0.0018248558044433594
34315,normal,3664,0,1782358784.796885,0.0021820068359375
34316,normal,1912,0,1782358784.7987068,0.001821756362915039
34317,normal,2276,0,1782358784.8008556,0.002148866653442383
34318,normal,3518,0,1782358784.8027256,0.0018699169158935547
34319,normal,526,0,1782358784.8048778,0.0021522045135498047
34320,normal,3528,0,1782358784.8067017,0.0018239021301269531
34321,normal,3111,1,1782358784.808875,0.0021734237670898438
34322,normal,1199,0,1782358784.8106976,0.0018224716186523438
34323,normal,2814,0,1782358784.8126924,0.0019948482513427734
34324,normal,1575,0,1782358784.8147244,0.002032041549682617
34325,normal,448,0,1782358784.8168757,0.0021512508392333984
34326,normal,2019,0,1782358784.8186967,0.0018210411071777344
34327,normal,2959,0,1782358784.8208854,0.0021886825561523438
34328,normal,1282,0,1782358784.8226936,0.00180816650390625
34329,normal,3132,1,1782358784.8248608,0.002167224884033203
34330,normal,1453,0,1782358784.8267324,0.0018715858459472656
34331,normal,2188,0,1782358784.8288827,0.002150297164916992
34332,normal,26,0,1782358784.8307161,0.0018334388732910156
34333,normal,73,0,1782358784.8327265,0.002010345458984375
34334,normal,45,0,1782358784.834878,0.0021514892578125
34335,normal,2686,0,1782358784.8367038,0.0018258094787597656
34336,normal,2992,0,1782358784.8388941,0.0021903514862060547
34337,normal,3098,1,1782358784.8407004,0.0018062591552734375
34338,normal,2879,0,1782358784.8428628,0.002162456512451172
34339,normal,470,0,1782358784.8447266,0.001863718032836914
34340,normal,1360,1,1782358784.8468838,0.0021572113037109375
34341,normal,1268,0,1782358784.848696,0.0018122196197509766
34342,normal,189,0,1782358784.8508945,0.002198457717895508
34343,normal,3561,0,1782358784.8527145,0.0018200874328613281
34344,normal,2015,0,1782358784.8546896,0.0019750595092773438
34345,normal,3639,0,1782358784.856918,0.0022284984588623047
34346,normal,381,0,1782358784.858692,0.001773834228515625
34347,normal,2614,0,1782358784.8608556,0.0021636486053466797
34348,normal,1840,0,1782358784.8627248,0.00186920166015625
34349,normal,1546,0,1782358784.8656,0.0028753280639648438
34350,normal,2612,0,1782358784.8666933,0.001093149185180664
34351,normal,3462,0,1782358784.8688934,0.0022001266479492188
34352,normal,2147,0,1782358784.8706942,0.0018007755279541016
34353,normal,1480,0,1782358784.8728542,0.0021600723266601562
34354,normal,919,2,1782358784.8747287,0.0018744468688964844
34355,normal,1351,1,1782358784.8768878,0.00215911865234375
34356,normal,1041,0,1782358784.8786943,0.001806497573852539
34357,normal,975,2,1782358784.8808875,0.0021932125091552734
34358,normal,1417,0,1782358784.8826978,0.001810312271118164
34359,normal,2863,0,1782358784.8848555,0.0021576881408691406
34360,normal,2822,0,1782358784.8867254,0.0018699169158935547
34361,normal,1273,0,1782358784.8888707,0.0021452903747558594
34362,normal,2752,0,1782358784.8906898,0.0018191337585449219
34363,normal,2422,0,1782358784.8929062,0.002216339111328125
34364,normal,3082,1,1782358784.8946931,0.001786947250366211
34365,normal,2934,0,1782358784.8968546,0.0021615028381347656
34366,normal,663,0,1782358784.8987296,0.0018749237060546875
34367,normal,2028,0,1782358784.9008818,0.0021522045135498047
34368,normal,2114,0,1782358784.902694,0.0018122196197509766
34369,normal,2481,0,1782358784.904888,0.002193927764892578
34370,normal,2652,0,1782358784.9066968,0.0018088817596435547
34371,normal,3286,1,1782358784.9088497,0.0021529197692871094
34372,normal,1238,0,1782358784.9106934,0.0018436908721923828
34373,normal,2834,0,1782358784.9128623,0.002168893814086914
34374,normal,112,0,1782358784.914701,0.00183868408203125
34375,normal,1599,0,1782358784.9168932,0.002192258834838867
34376,normal,3401,1,1782358784.9187236,0.0018303394317626953
34377,normal,2608,0,1782358784.9208598,0.00213623046875
34378,normal,2451,0,1782358784.9226916,0.0018317699432373047
34379,normal,2381,0,1782358784.924862,0.0021703243255615234
34380,normal,2300,0,1782358784.9267046,0.0018427371978759766
34381,normal,1079,0,1782358784.9288845,0.002179861068725586
34382,normal,1950,0,1782358784.930694,0.0018095970153808594
34383,normal,1849,0,1782358784.9328566,0.002162456512451172
34384,normal,257,0,1782358784.934692,0.0018353462219238281
34385,normal,3002,0,1782358784.936858,0.0021660327911376953
34386,normal,3272,1,1782358784.9386919,0.0018339157104492188
34387,normal,765,0,1782358784.9408548,0.002162933349609375
34388,normal,3218,1,1782358784.9427156,0.0018608570098876953
34389,normal,796,2,1782358784.9448533,0.0021376609802246094
34390,normal,9,0,1782358784.9466946,0.0018413066864013672
34391,normal,2130,0,1782358784.9488664,0.002171754837036133
34392,normal,1965,0,1782358784.9506907,0.0018243789672851562
34393,normal,1396,0,1782358784.952863,0.002172231674194336
34394,normal,1107,0,1782358784.954687,0.0018241405487060547
34395,normal,1777,0,1782358784.9566748,0.0019876956939697266
34396,normal,3153,1,1782358784.9588683,0.002193450927734375
34397,normal,108,0,1782358784.960695,0.0018267631530761719
34398,normal,1871,0,1782358784.9628491,0.002154111862182617
34399,normal,953,2,1782358784.9647038,0.0018546581268310547
34400,normal,915,2,1782358784.9668572,0.0021533966064453125
34401,normal,1697,0,1782358784.9686928,0.0018355846405029297
34402,normal,1640,0,1782358784.9708636,0.0021708011627197266
34403,normal,1372,1,1782358784.9726975,0.0018339157104492188
34404,normal,471,0,1782358784.974854,0.002156496047973633
34405,normal,2932,0,1782358784.9767127,0.0018587112426757812
34406,normal,2295,0,1782358784.9788373,0.0021245479583740234
34407,normal,1774,0,1782358784.9806783,0.0018410682678222656
34408,normal,105,0,1782358784.9827318,0.002053499221801758
34409,normal,693,0,1782358784.9847293,0.0019974708557128906
34410,normal,497,0,1782358784.986602,0.0018727779388427734
34411,normal,2542,0,1782358784.9886158,0.002013683319091797
34412,normal,1094,0,1782358784.990711,0.0020952224731445312
34413,normal,3406,0,1782358784.992704,0.001992940902709961
34414,normal,2176,0,1782358784.9946275,0.0019235610961914062
34415,normal,1785,0,1782358784.996711,0.0020835399627685547
34416,normal,2853,0,1782358784.9986036,0.0018925666809082031
34417,normal,3496,0,1782358785.0008812,0.0022776126861572266
34418,normal,3452,0,1782358785.0026984,0.0018172264099121094
34419,normal,1361,1,1782358785.0048594,0.0021610260009765625
34420,normal,348,0,1782358785.006721,0.001861572265625
34421,normal,224,0,1782358785.008891,0.002170085906982422
34422,normal,861,2,1782358785.010725,0.0018339157104492188
34423,normal,1085,0,1782358785.0128775,0.0021524429321289062
34424,normal,1409,0,1782358785.0147336,0.001856088638305664
34425,normal,3074,1,1782358785.016704,0.001970529556274414
34426,normal,1615,0,1782358785.0188982,0.0021941661834716797
34427,normal,1500,0,1782358785.0207362,0.0018379688262939453
34428,normal,94,0,1782358785.0228825,0.0021462440490722656
34429,normal,2240,0,1782358785.02464,0.0017576217651367188
34430,normal,2852,0,1782358785.0267377,0.002097606658935547
34431,normal,1180,0,1782358785.0286024,0.0018646717071533203
34432,normal,1086,0,1782358785.0309176,0.0023152828216552734
34433,normal,1639,0,1782358785.032711,0.0017933845520019531
34434,normal,23,0,1782358785.0347283,0.0020172595977783203
34435,normal,1216,0,1782358785.0369182,0.0021898746490478516
34436,normal,761,0,1782358785.0387034,0.0017852783203125
34437,normal,352,0,1782358785.0408566,0.002153158187866211
34438,normal,3329,1,1782358785.0427313,0.001874685287475586
34439,normal,976,2,1782358785.0448756,0.002144336700439453
34440,normal,899,2,1782358785.0466921,0.0018165111541748047
34441,normal,1737,0,1782358785.0489044,0.0022122859954833984
34442,normal,2033,0,1782358785.0507028,0.001798391342163086
34443,normal,146,0,1782358785.0528555,0.002152681350708008
34444,normal,3135,1,1782358785.0547302,0.001874685287475586
34445,normal,864,2,1782358785.0568755,0.0021452903747558594
34446,normal,1000,2,1782358785.0586913,0.0018157958984375
34447,normal,3298,1,1782358785.0608974,0.002206087112426758
34448,normal,1915,0,1782358785.0626922,0.0017948150634765625
34449,normal,3124,1,1782358785.0648549,0.0021626949310302734
34450,normal,2923,0,1782358785.066731,0.0018761157989501953
34451,normal,3509,0,1782358785.0688765,0.002145528793334961
34452,normal,1390,0,1782358785.0706987,0.0018222332000732422
34453,normal,2935,0,1782358785.0729053,0.002206563949584961
34454,normal,666,0,1782358785.0746958,0.0017905235290527344
34455,normal,2677,0,1782358785.0766883,0.001992464065551758
34456,normal,1998,0,1782358785.0789204,0.002232074737548828
34457,normal,2073,0,1782358785.0807226,0.001802206039428711
34458,normal,3036,0,1782358785.0828705,0.0021479129791259766
34459,normal,1905,0,1782358785.0846918,0.001821279525756836
34460,normal,3527,0,1782358785.0868537,0.0021619796752929688
34461,normal,2521,0,1782358785.0886943,0.0018405914306640625
34462,normal,2407,0,1782358785.090899,0.0022046566009521484
34463,normal,475,0,1782358785.0926993,0.0018002986907958984
34464,normal,2739,0,1782358785.0946906,0.00199127197265625
34465,normal,156,0,1782358785.0968757,0.0021851062774658203
34466,normal,3514,0,1782358785.098692,0.0018162727355957031
34467,normal,2772,0,1782358785.1008542,0.0021622180938720703
34468,normal,2891,0,1782358785.1027327,0.001878499984741211
34469,normal,1071,0,1782358785.1048772,0.0021445751190185547
34470,normal,1122,0,1782358785.106693,0.0018157958984375
34471,normal,3114,1,1782358785.10892,0.0022270679473876953
34472,normal,801,2,1782358785.110699,0.0017788410186767578
34473,normal,1816,0,1782358785.1128578,0.0021588802337646484
34474,normal,277,0,1782358785.114733,0.001875162124633789
34475,normal,1951,0,1782358785.1168735,0.002140522003173828
34476,normal,3188,1,1782358785.1186917,0.0018181800842285156
34477,normal,2775,0,1782358785.1209,0.002208232879638672
34478,normal,1053,0,1782358785.1226947,0.0017948150634765625
34479,normal,175,0,1782358785.1248543,0.002159595489501953
34480,normal,504,0,1782358785.1267326,0.0018782615661621094
34481,normal,3376,1,1782358785.129018,0.002285480499267578
34482,normal,2437,0,1782358785.13074,0.0017218589782714844
34483,normal,341,0,1782358785.1330225,0.0022826194763183594
34484,normal,2952,0,1782358785.134854,0.0018315315246582031
34485,normal,2170,0,1782358785.1368723,0.0020182132720947266
34486,normal,947,2,1782358785.138734,0.0018618106842041016
34487,normal,2683,0,1782358785.140915,0.002180814743041992
34488,normal,3146,1,1782358785.1426945,0.0017795562744140625
34489,normal,86,0,1782358785.1449027,0.002208232879638672
34490,normal,2927,0,1782358785.146698,0.0017952919006347656
34491,normal,673,0,1782358785.148861,0.002162933349609375
34492,normal,924,2,1782358785.1507335,0.0018725395202636719
34493,normal,1543,0,1782358785.1528804,0.0021469593048095703
34494,normal,3533,0,1782358785.1546922,0.0018117427825927734
34495,normal,386,0,1782358785.1568513,0.00215911865234375
34496,normal,2728,0,1782358785.158876,0.0020246505737304688
34497,normal,3488,0,1782358785.1606896,0.001813650131225586
34498,normal,898,2,1782358785.162854,0.0021643638610839844
34499,normal,2199,0,1782358785.1648803,0.0020263195037841797
34500,normal,0,0,1782358785.1666944,0.001814126968383789
34501,normal,3341,1,1782358785.1688502,0.002155780792236328
34502,normal,3381,1,1782358785.170887,0.0020368099212646484
34503,normal,2735,0,1782358785.172689,0.0018019676208496094
34504,normal,2368,0,1782358785.1748545,0.002165555953979492
34505,normal,3223,1,1782358785.1766996,0.0018451213836669922
34506,normal,757,0,1782358785.1788545,0.002154827117919922
34507,normal,3377,1,1782358785.1806917,0.0018372535705566406
34508,normal,1630,0,1782358785.1828554,0.0021636486053466797
34509,normal,1513,0,1782358785.1847134,0.0018579959869384766
34510,normal,1003,2,1782358785.1868598,0.002146482467651367
34511,normal,2815,0,1782358785.1888802,0.0020203590393066406
34512,normal,3348,1,1782358785.190693,0.0018126964569091797
34513,normal,3215,1,1782358785.1928625,0.0021696090698242188
34514,normal,2234,0,1782358785.1946936,0.0018310546875
34515,normal,35,0,1782358785.196851,0.002157449722290039
34516,normal,3009,0,1782358785.1987023,0.0018513202667236328
34517,normal,3489,0,1782358785.200852,0.0021495819091796875
34518,normal,3449,0,1782358785.202692,0.0018401145935058594
34519,normal,483,0,1782358785.204862,0.002170085906982422
34520,normal,2291,0,1782358785.2066941,0.0018320083618164062
34521,normal,2570,0,1782358785.2086854,0.00199127197265625
34522,normal,2988,0,1782358785.2109065,0.0022211074829101562
34523,normal,723,0,1782358785.2127059,0.0017993450164794922
34524,normal,2117,0,1782358785.2148962,0.0021903514862060547
34525,normal,2425,0,1782358785.2167063,0.0018100738525390625
34526,normal,649,0,1782358785.2188556,0.002149343490600586
34527,normal,151,0,1782358785.2209733,0.002117633819580078
34528,normal,3059,1,1782358785.2227387,0.0017654895782470703
34529,normal,418,0,1782358785.2250183,0.002279520034790039
34530,normal,405,0,1782358785.2267442,0.001725912094116211
34531,normal,1447,0,1782358785.2290888,0.0023446083068847656
34532,normal,969,2,1782358785.2307491,0.0016603469848632812
34533,normal,388,0,1782358785.232923,0.002173900604248047
34534,normal,592,0,1782358785.2347374,0.0018143653869628906
34535,normal,3660,0,1782358785.23688,0.002142667770385742
34536,normal,106,0,1782358785.238706,0.0018260478973388672
34537,normal,1217,0,1782358785.24086,0.0021538734436035156
34538,normal,3440,0,1782358785.2427177,0.001857757568359375
34539,normal,118,0,1782358785.2448833,0.002165555953979492
34540,normal,185,0,1782358785.2467208,0.0018374919891357422
34541,normal,2559,0,1782358785.2488852,0.0021643638610839844
34542,normal,3413,0,1782358785.2506938,0.0018086433410644531
34543,normal,1442,0,1782358785.252886,0.002192258834838867
34544,normal,759,0,1782358785.2547085,0.0018224716186523438
34545,normal,2572,0,1782358785.2568781,0.0021696090698242188
34546,normal,266,0,1782358785.2587252,0.0018470287322998047
34547,normal,1128,0,1782358785.2609084,0.002183198928833008
34548,normal,1346,1,1782358785.2626991,0.001790761947631836
34549,normal,1835,0,1782358785.2648973,0.0021982192993164062
34550,normal,3238,1,1782358785.266704,0.0018067359924316406
34551,normal,1056,0,1782358785.268854,0.002149820327758789
34552,normal,3076,1,1782358785.270732,0.0018780231475830078
34553,normal,1231,0,1782358785.2728786,0.0021467208862304688
34554,normal,781,2,1782358785.2746909,0.0018122196197509766
34555,normal,3422,0,1782358785.2769003,0.0022094249725341797
34556,normal,2207,0,1782358785.2786942,0.0017938613891601562
34557,normal,3425,0,1782358785.2808552,0.0021610260009765625
34558,normal,728,0,1782358785.2827346,0.0018794536590576172
34559,normal,2222,0,1782358785.284877,0.0021424293518066406
34560,normal,3315,1,1782358785.2867048,0.0018277168273925781
34561,normal,2479,0,1782358785.28886,0.002155303955078125
34562,normal,927,2,1782358785.290877,0.0020170211791992188
34563,normal,1459,0,1782358785.2926924,0.0018153190612792969
34564,normal,758,0,1782358785.2948966,0.0022041797637939453
34565,normal,3667,0,1782358785.2966979,0.0018012523651123047
34566,normal,1058,0,1782358785.2988522,0.0021543502807617188
34567,normal,2225,0,1782358785.3007028,0.0018506050109863281
34568,normal,780,2,1782358785.3028555,0.002152681350708008
34569,normal,998,2,1782358785.3047056,0.001850128173828125
34570,normal,1884,0,1782358785.306894,0.002188444137573242
34571,normal,2738,0,1782358785.3087294,0.0018353462219238281
34572,normal,989,2,1782358785.3107285,0.0019991397857666016
34573,normal,2269,0,1782358785.3129146,0.0021860599517822266
34574,normal,1278,0,1782358785.314696,0.001781463623046875
34575,normal,1786,0,1782358785.3168788,0.0021827220916748047
34576,normal,1938,0,1782358785.3186946,0.0018157958984375
34577,normal,3691,0,1782358785.3208551,0.0021605491638183594
34578,normal,1581,0,1782358785.322691,0.0018358230590820312
34579,normal,2216,0,1782358785.3248556,0.002164602279663086
34580,normal,3113,1,1782358785.3268833,0.002027750015258789
34581,normal,3678,0,1782358785.328693,0.0018095970153808594
34582,normal,2523,0,1782358785.3308704,0.0021774768829345703
34583,normal,3210,1,1782358785.3327348,0.0018644332885742188
34584,normal,2864,0,1782358785.334695,0.001960277557373047
34585,normal,1634,0,1782358785.3368645,0.002169370651245117
34586,normal,713,0,1782358785.3386943,0.0018298625946044922
34587,normal,2256,0,1782358785.3406904,0.0019960403442382812
34588,normal,2657,0,1782358785.3429205,0.0022301673889160156
34589,normal,3133,1,1782358785.3447032,0.0017826557159423828
34590,normal,2159,0,1782358785.3468947,0.0021915435791015625
34591,normal,1065,0,1782358785.349,0.002105236053466797
34592,normal,3236,1,1782358785.3507495,0.0017495155334472656
34593,normal,2610,0,1782358785.3528666,0.002117156982421875
34594,normal,1385,0,1782358785.3547416,0.0018749237060546875
34595,normal,1150,0,1782358785.3569784,0.0022368431091308594
34596,normal,1374,1,1782358785.3586235,0.0016450881958007812
34597,normal,245,0,1782358785.3607628,0.0021393299102783203
34598,normal,1511,0,1782358785.3627641,0.0020012855529785156
34599,normal,2520,0,1782358785.3646266,0.0018625259399414062
34600,normal,2401,0,1782358785.3669384,0.00231170654296875
34601,normal,2128,0,1782358785.3688262,0.0018877983093261719
34602,normal,1660,0,1782358785.3708794,0.0020532608032226562
34603,normal,1174,0,1782358785.3727205,0.0018410682678222656
34604,normal,78,0,1782358785.3748276,0.0021071434020996094
34605,normal,2539,0,1782358785.3766263,0.0017986297607421875
34606,normal,1742,0,1782358785.3787687,0.0021424293518066406
34607,normal,3356,1,1782358785.3807678,0.0019991397857666016
34608,normal,3478,0,1782358785.3826365,0.0018687248229980469
34609,normal,3201,1,1782358785.3846505,0.0020139217376708984
34610,normal,2087,0,1782358785.3866527,0.002002239227294922
34611,normal,772,2,1782358785.3886526,0.0019998550415039062
34612,normal,311,0,1782358785.390652,0.001999378204345703
34613,normal,3685,0,1782358785.3926492,0.001997232437133789
34614,normal,1039,0,1782358785.3946497,0.002000570297241211
34615,normal,1692,0,1782358785.3966491,0.001999378204345703
34616,normal,2094,0,1782358785.3987217,0.002072572708129883
34617,normal,3510,0,1782358785.4006274,0.001905679702758789
34618,normal,425,0,1782358785.4026504,0.002022981643676758
34619,normal,2596,0,1782358785.4046443,0.001993894577026367
34620,normal,2340,0,1782358785.4066472,0.0020029544830322266
34621,normal,2204,0,1782358785.4086452,0.0019979476928710938
34622,normal,1736,0,1782358785.4106467,0.002001523971557617
34623,normal,165,0,1782358785.412632,0.001985311508178711
34624,normal,803,2,1782358785.4146464,0.0020143985748291016
34625,normal,2503,0,1782358785.416633,0.0019865036010742188
34626,normal,68,0,1782358785.4186478,0.0020148754119873047
34627,normal,1293,0,1782358785.420758,0.0021102428436279297
34628,normal,2172,0,1782358785.4226878,0.0019297599792480469
34629,normal,1524,0,1782358785.42465,0.0019621849060058594
34630,normal,986,2,1782358785.42665,0.002000093460083008
34631,normal,54,0,1782358785.42865,0.0019998550415039062
34632,normal,3202,1,1782358785.430656,0.002006053924560547
34633,normal,2502,0,1782358785.4326491,0.0019931793212890625
34634,normal,469,0,1782358785.4346466,0.0019974708557128906
34635,normal,3549,0,1782358785.4366465,0.0019998550415039062
34636,normal,3548,0,1782358785.4386477,0.0020012855529785156
34637,normal,3230,1,1782358785.440646,0.0019981861114501953
34638,normal,163,0,1782358785.442653,0.002007007598876953
34639,normal,2081,0,1782358785.4446464,0.001993417739868164
34640,normal,3369,1,1782358785.4466486,0.002002239227294922
34641,normal,714,0,1782358785.4487631,0.002114534378051758
34642,normal,2367,0,1782358785.4506238,0.0018606185913085938
34643,normal,2325,0,1782358785.4526494,0.002025604248046875
34644,normal,376,0,1782358785.4546487,0.001999378204345703
34645,normal,1539,0,1782358785.4568162,0.0021674633026123047
34646,normal,2495,0,1782358785.4586406,0.0018243789672851562
34647,normal,1828,0,1782358785.4606586,0.002017974853515625
34648,normal,1187,0,1782358785.462654,0.001995563507080078
34649,normal,3384,1,1782358785.46465,0.0019958019256591797
34650,normal,2122,0,1782358785.4666462,0.001996278762817383
34651,normal,1917,0,1782358785.4686449,0.0019986629486083984
34652,normal,3079,1,1782358785.4706466,0.0020017623901367188
34653,normal,307,0,1782358785.4726617,0.0020151138305664062
34654,normal,2843,0,1782358785.4746509,0.001989126205444336
34655,normal,1793,0,1782358785.476648,0.001997232437133789
34656,normal,1603,0,1782358785.478648,0.0019998550415039062
34657,normal,167,0,1782358785.4807634,0.002115488052368164
34658,normal,95,0,1782358785.4826498,0.0018863677978515625
34659,normal,3358,1,1782358785.4846454,0.001995563507080078
34660,normal,640,0,1782358785.4867656,0.0021202564239501953
34661,normal,3532,0,1782358785.4886503,0.0018846988677978516
34662,normal,696,0,1782358785.4906476,0.001997232437133789
34663,normal,3451,0,1782358785.492761,0.00211334228515625
34664,normal,2576,0,1782358785.4946854,0.0019245147705078125
34665,normal,3189,1,1782358785.4966528,0.0019674301147460938
34666,normal,1192,0,1782358785.498649,0.0019960403442382812
34667,normal,1643,0,1782358785.5006552,0.0020062923431396484
34668,normal,2247,0,1782358785.5026486,0.001993417739868164
34669,normal,657,0,1782358785.5046458,0.001997232437133789
34670,normal,591,0,1782358785.5066485,0.002002716064453125
34671,normal,214,0,1782358785.508749,0.0021004676818847656
34672,normal,1349,1,1782358785.510623,0.0018739700317382812
34673,normal,2283,0,1782358785.5127592,0.00213623046875
34674,normal,2954,0,1782358785.514623,0.001863718032836914
34675,normal,2045,0,1782358785.516774,0.002151012420654297
34676,normal,2404,0,1782358785.5187142,0.0019402503967285156
34677,normal,768,0,1782358785.5207014,0.0019872188568115234
34678,normal,344,0,1782358785.5226302,0.0019288063049316406
34679,normal,2790,0,1782358785.5247307,0.0021004676818847656
34680,normal,219,0,1782358785.5266104,0.0018796920776367188
34681,normal,143,0,1782358785.5287118,0.002101421356201172
34682,normal,1120,0,1782358785.530865,0.002153158187866211
34683,normal,2118,0,1782358785.5326915,0.0018265247344970703
34684,normal,2121,0,1782358785.534906,0.0022144317626953125
34685,normal,1621,0,1782358785.5368845,0.001978635787963867
34686,normal,866,2,1782358785.538702,0.001817464828491211
34687,normal,2151,0,1782358785.5409029,0.0022008419036865234
34688,normal,1181,0,1782358785.542883,0.0019800662994384766
34689,normal,147,0,1782358785.544695,0.001811981201171875
34690,normal,814,2,1782358785.5469115,0.0022165775299072266
34691,normal,3311,1,1782358785.5486972,0.0017857551574707031
34692,normal,329,0,1782358785.55087,0.002172708511352539
34693,normal,3670,0,1782358785.5526953,0.0018253326416015625
34694,normal,2125,0,1782358785.5548632,0.002167940139770508
34695,normal,1310,0,1782358785.5566938,0.0018305778503417969
34696,normal,3058,1,1782358785.5586987,0.002004861831665039
34697,normal,3445,0,1782358785.560884,0.002185344696044922
34698,normal,1914,0,1782358785.562695,0.0018110275268554688
34699,normal,180,0,1782358785.564914,0.002218961715698242
34700,normal,2659,0,1782358785.5668962,0.0019822120666503906
34701,normal,802,2,1782358785.5686975,0.0018012523651123047
34702,normal,3259,1,1782358785.5708914,0.002193927764892578
34703,normal,2052,0,1782358785.5728629,0.0019714832305908203
34704,normal,334,0,1782358785.5746968,0.0018339157104492188
34705,normal,2579,0,1782358785.576892,0.002195119857788086
34706,normal,3045,1,1782358785.5788674,0.001975536346435547
34707,normal,76,0,1782358785.580731,0.0018634796142578125
34708,normal,3081,1,1782358785.5827098,0.0019788742065429688
34709,normal,2116,0,1782358785.5848632,0.0021533966064453125
34710,normal,3692,0,1782358785.5866964,0.001833200454711914
34711,normal,126,0,1782358785.5888608,0.0021643638610839844
34712,normal,3427,0,1782358785.5908864,0.002025604248046875
34713,normal,1013,2,1782358785.592697,0.0018105506896972656
34714,normal,886,2,1782358785.5948863,0.0021893978118896484
34715,normal,2456,0,1782358785.59686,0.0019736289978027344
34716,normal,2132,0,1782358785.5986907,0.0018308162689208984
34717,normal,1357,1,1782358785.6008937,0.0022029876708984375
34718,normal,2024,0,1782358785.6028528,0.001959085464477539
34719,normal,1832,0,1782358785.6046953,0.001842498779296875
34720,normal,656,0,1782358785.6068878,0.0021924972534179688
34721,normal,2363,0,1782358785.6088612,0.001973390579223633
34722,normal,1507,0,1782358785.6106913,0.0018301010131835938
34723,normal,399,0,1782358785.6126916,0.0020003318786621094
34724,normal,2484,0,1782358785.614715,0.002023458480834961
34725,normal,962,2,1782358785.617257,0.0025420188903808594
34726,normal,286,0,1782358785.6186335,0.0013763904571533203
34727,normal,1391,0,1782358785.6207423,0.0021088123321533203
34728,normal,641,0,1782358785.6226323,0.001889944076538086
34729,normal,849,2,1782358785.6246512,0.0020189285278320312
34730,normal,3087,1,1782358785.6266563,0.0020051002502441406
34731,normal,61,0,1782358785.6286535,0.001997232437133789
34732,normal,2831,0,1782358785.6306486,0.001995086669921875
34733,normal,114,0,1782358785.6327434,0.002094745635986328
34734,normal,653,0,1782358785.6346257,0.001882314682006836
34735,normal,2580,0,1782358785.636651,0.0020253658294677734
34736,normal,398,0,1782358785.6386864,0.002035379409790039
34737,normal,3482,0,1782358785.64065,0.0019636154174804688
34738,normal,1971,0,1782358785.6426497,0.0019996166229248047
34739,normal,3517,0,1782358785.6446962,0.0020465850830078125
34740,normal,1265,0,1782358785.6466498,0.001953601837158203
34741,normal,3605,0,1782358785.6486368,0.001986980438232422
34742,normal,44,0,1782358785.6506264,0.001989603042602539
34743,normal,2619,0,1782358785.6526213,0.0019948482513427734
34744,normal,3672,0,1782358785.6547148,0.0020935535430908203
34745,normal,2487,0,1782358785.6568863,0.0021715164184570312
34746,normal,2803,0,1782358785.6586359,0.0017495155334472656
34747,normal,550,0,1782358785.6608894,0.0022535324096679688
34748,normal,2534,0,1782358785.6628911,0.0020017623901367188
34749,normal,2505,0,1782358785.664695,0.0018038749694824219
34750,normal,1679,0,1782358785.6668684,0.0021734237670898438
34751,normal,1437,0,1782358785.668689,0.0018205642700195312
34752,normal,1242,0,1782358785.6708386,0.0021495819091796875
34753,normal,2183,0,1782358785.6726942,0.001855611801147461
34754,normal,529,0,1782358785.6748793,0.0021851062774658203
34755,normal,267,0,1782358785.6766968,0.001817464828491211
34756,normal,3417,0,1782358785.6788733,0.002176523208618164
34757,normal,2040,0,1782358785.6808887,0.002015352249145508
34758,normal,2372,0,1782358785.6826947,0.001806020736694336
34759,normal,2294,0,1782358785.6848757,0.0021810531616210938
34760,normal,141,0,1782358785.6869035,0.002027750015258789
34761,normal,1175,0,1782358785.688696,0.0017924308776855469
34762,normal,2315,0,1782358785.6910267,0.002330780029296875
34763,normal,450,0,1782358785.6927085,0.0016818046569824219
34764,normal,2517,0,1782358785.694711,0.0020024776458740234
34765,normal,3305,1,1782358785.6968453,0.0021343231201171875
34766,normal,2359,0,1782358785.698687,0.0018417835235595703
34767,normal,1584,0,1782358785.7008348,0.002147674560546875
34768,normal,39,0,1782358785.7028651,0.0020303726196289062
34769,normal,3379,1,1782358785.704639,0.001773834228515625
34770,normal,55,0,1782358785.7067652,0.0021262168884277344
34771,normal,1471,0,1782358785.7086558,0.0018906593322753906
34772,normal,2235,0,1782358785.7108672,0.002211332321166992
34773,normal,1157,0,1782358785.7126498,0.0017826557159423828
34774,normal,1859,0,1782358785.71487,0.00222015380859375
34775,normal,1969,0,1782358785.7168663,0.001996278762817383
34776,normal,2708,0,1782358785.718696,0.0018298625946044922
34777,normal,1598,0,1782358785.720906,0.002209901809692383
34778,normal,2749,0,1782358785.7229006,0.001994609832763672
34779,normal,2874,0,1782358785.7247329,0.0018322467803955078
34780,normal,2242,0,1782358785.7267463,0.0020134449005126953
34781,normal,3568,0,1782358785.7290297,0.002283334732055664
34782,normal,1312,0,1782358785.7307436,0.0017139911651611328
34783,normal,321,0,1782358785.7331202,0.002376556396484375
34784,normal,1831,0,1782358785.7349238,0.0018036365509033203
34785,normal,2310,0,1782358785.73675,0.0018260478973388672
34786,normal,777,2,1782358785.7390912,0.0023412704467773438
34787,normal,1031,0,1782358785.7408507,0.0017595291137695312
34788,normal,3666,0,1782358785.742708,0.0018572807312011719
34789,normal,2371,0,1782358785.7449303,0.002222299575805664
34790,normal,3556,0,1782358785.7468662,0.0019359588623046875
34791,normal,2447,0,1782358785.748703,0.0018367767333984375
34792,normal,1633,0,1782358785.7509406,0.002237558364868164
34793,normal,1805,0,1782358785.752873,0.001932382583618164
34794,normal,1451,0,1782358785.7546992,0.0018262863159179688
34795,normal,2062,0,1782358785.7569244,0.002225160598754883
34796,normal,710,0,1782358785.758846,0.0019216537475585938
34797,normal,599,0,1782358785.7607024,0.0018563270568847656
34798,normal,1559,0,1782358785.762923,0.002220630645751953
34799,normal,3097,1,1782358785.7648275,0.0019044876098632812
34800,normal,2055,0,1782358785.7666981,0.0018706321716308594
34801,normal,691,0,1782358785.7688897,0.0021915435791015625
34802,normal,1047,0,1782358785.7708368,0.001947164535522461
34803,normal,296,0,1782358785.7727046,0.0018677711486816406
34804,normal,513,0,1782358785.7748358,0.002131223678588867
34805,normal,2589,0,1782358785.7768717,0.002035856246948242
34806,normal,963,2,1782358785.7786953,0.0018236637115478516
34807,normal,664,0,1782358785.7808585,0.0021631717681884766
34808,normal,2014,0,1782358785.7828655,0.002007007598876953
34809,normal,3361,1,1782358785.7846968,0.0018312931060791016
34810,normal,3402,0,1782358785.7868574,0.0021605491638183594
34811,normal,199,0,1782358785.788881,0.0020236968994140625
34812,normal,3529,0,1782358785.790695,0.0018138885498046875
34813,normal,2423,0,1782358785.7928622,0.002167224884033203
34814,normal,2660,0,1782358785.7949328,0.0020706653594970703
34815,normal,186,0,1782358785.7966983,0.0017654895782470703
34816,normal,2839,0,1782358785.7990162,0.0023179054260253906
34817,normal,2993,0,1782358785.800836,0.0018198490142822266
34818,normal,1151,0,1782358785.8026998,0.001863718032836914
34819,normal,950,2,1782358785.8049123,0.0022125244140625
34820,normal,883,2,1782358785.806842,0.0019297599792480469
34821,normal,292,0,1782358785.8086967,0.0018546581268310547
34822,normal,2477,0,1782358785.8108628,0.0021660327911376953
34823,normal,2243,0,1782358785.8128633,0.002000570297241211
34824,normal,2098,0,1782358785.8147326,0.00186920166015625
34825,normal,1501,0,1782358785.8168802,0.002147674560546875
34826,normal,552,0,1782358785.8188298,0.0019495487213134766
34827,normal,2713,0,1782358785.8206987,0.0018689632415771484
34828,normal,2175,0,1782358785.8228376,0.002138853073120117
34829,normal,1394,0,1782358785.8248754,0.0020377635955810547
34830,normal,797,2,1782358785.826712,0.001836538314819336
34831,normal,260,0,1782358785.8288736,0.002161741256713867
34832,normal,1936,0,1782358785.8308947,0.0020210742950439453
34833,normal,2796,0,1782358785.8326955,0.0018007755279541016
34834,normal,2603,0,1782358785.8349004,0.00220489501953125
34835,normal,2698,0,1782358785.8368444,0.0019440650939941406
34836,normal,1714,0,1782358785.8386984,0.00185394287109375
34837,normal,3395,1,1782358785.8408837,0.002185344696044922
34838,normal,3039,0,1782358785.842861,0.001977205276489258
34839,normal,3155,1,1782358785.8446953,0.0018343925476074219
34840,normal,2885,0,1782358785.8468854,0.002190113067626953
34841,normal,1093,0,1782358785.8488715,0.0019860267639160156
34842,normal,2135,0,1782358785.8507025,0.0018310546875
34843,normal,1806,0,1782358785.8528879,0.002185344696044922
34844,normal,1280,0,1782358785.8548396,0.0019516944885253906
34845,normal,365,0,1782358785.8566966,0.0018570423126220703
34846,normal,3071,1,1782358785.8588681,0.0021715164184570312
34847,normal,3217,1,1782358785.860877,0.0020089149475097656
34848,normal,1577,0,1782358785.8626986,0.0018215179443359375
34849,normal,549,0,1782358785.8648949,0.0021963119506835938
34850,normal,1249,0,1782358785.8668826,0.0019876956939697266
34851,normal,2267,0,1782358785.8686986,0.0018160343170166016
34852,normal,968,2,1782358785.8708951,0.0021965503692626953
34853,normal,166,0,1782358785.8728774,0.0019822120666503906
34854,normal,2714,0,1782358785.8746958,0.0018184185028076172
34855,normal,3613,0,1782358785.876933,0.0022373199462890625
34856,normal,1126,0,1782358785.8788342,0.0019011497497558594
34857,normal,3618,0,1782358785.8806994,0.0018651485443115234
34858,normal,8,0,1782358785.882893,0.0021936893463134766
34859,normal,502,0,1782358785.8848195,0.001926422119140625
34860,normal,541,0,1782358785.8866947,0.001875162124633789
34861,normal,3584,0,1782358785.888916,0.002221345901489258
34862,normal,2615,0,1782358785.8908436,0.0019276142120361328
34863,normal,1685,0,1782358785.8927326,0.0018889904022216797
34864,normal,1885,0,1782358785.89492,0.002187490463256836
34865,normal,97,0,1782358785.8968189,0.0018987655639648438
34866,normal,2569,0,1782358785.8986952,0.0018763542175292969
34867,normal,3603,0,1782358785.9009032,0.0022079944610595703
34868,normal,2928,0,1782358785.9028203,0.001917123794555664
34869,normal,490,0,1782358785.904694,0.0018737316131591797
34870,normal,2420,0,1782358785.9069045,0.002210378646850586
34871,normal,1687,0,1782358785.9088888,0.0019843578338623047
34872,normal,3442,0,1782358785.9106963,0.0018074512481689453
34873,normal,3592,0,1782358785.9129114,0.002215147018432617
34874,normal,2622,0,1782358785.914875,0.0019636154174804688
34875,normal,2449,0,1782358785.9166958,0.0018208026885986328
34876,normal,2443,0,1782358785.918933,0.002237081527709961
34877,normal,1362,1,1782358785.92084,0.0019071102142333984
34878,normal,1207,0,1782358785.9227464,0.0019063949584960938
34879,normal,93,0,1782358785.9249384,0.0021920204162597656
34880,normal,2160,0,1782358785.926835,0.0018966197967529297
34881,normal,53,0,1782358785.9287145,0.0018794536590576172
34882,normal,3334,1,1782358785.9309225,0.0022079944610595703
34883,normal,2012,0,1782358785.9328296,0.0019071102142333984
34884,normal,100,0,1782358785.9346902,0.0018606185913085938
34885,normal,741,0,1782358785.9369142,0.002223968505859375
34886,normal,3296,1,1782358785.9388802,0.0019659996032714844
34887,normal,702,0,1782358785.9407008,0.0018205642700195312
34888,normal,2712,0,1782358785.9429195,0.0022187232971191406
34889,normal,2137,0,1782358785.9448333,0.0019137859344482422
34890,normal,3699,0,1782358785.946694,0.0018606185913085938
34891,normal,3544,0,1782358785.9489202,0.0022263526916503906
34892,normal,1272,0,1782358785.9508736,0.0019533634185791016
34893,normal,2429,0,1782358785.9527001,0.0018265247344970703
34894,normal,485,0,1782358785.9549215,0.002221345901489258
34895,normal,1716,0,1782358785.956836,0.0019145011901855469
34896,normal,3648,0,1782358785.9587293,0.0018932819366455078
34897,normal,42,0,1782358785.960703,0.0019736289978027344
34898,normal,3554,0,1782358785.9628897,0.0021867752075195312
34899,normal,2526,0,1782358785.964693,0.0018033981323242188
34900,normal,733,0,1782358785.9669507,0.0022575855255126953
34901,normal,241,0,1782358785.968849,0.0018982887268066406
34902,normal,3093,1,1782358785.9706967,0.0018477439880371094
34903,normal,1496,0,1782358785.9729276,0.0022308826446533203
34904,normal,3255,1,1782358785.9748778,0.0019502639770507812
34905,normal,2200,0,1782358785.9766974,0.001819610595703125
34906,normal,351,0,1782358785.9789338,0.0022363662719726562
34907,normal,1632,0,1782358785.9808707,0.0019369125366210938
34908,normal,3390,1,1782358785.9826996,0.001828908920288086
34909,normal,1082,0,1782358785.9849713,0.0022716522216796875
34910,normal,1119,0,1782358785.9867632,0.0017919540405273438
34911,normal,3585,0,1782358785.988807,0.0020437240600585938
34912,normal,3393,1,1782358785.9907343,0.0019273757934570312
34913,normal,1983,0,1782358785.9928675,0.0021331310272216797
34914,normal,2855,0,1782358785.9946983,0.0018308162689208984
34915,normal,2044,0,1782358785.9969203,0.0022220611572265625
34916,normal,1705,0,1782358785.998812,0.0018916130065917969
34917,normal,3275,1,1782358786.0006974,0.0018854141235351562
34918,normal,1600,0,1782358786.00294,0.002242565155029297
34919,normal,3466,0,1782358786.0048199,0.0018799304962158203
34920,normal,2421,0,1782358786.0067031,0.0018832683563232422
34921,normal,1976,0,1782358786.0088937,0.0021905899047851562
34922,normal,27,0,1782358786.0108185,0.001924753189086914
34923,normal,536,0,1782358786.0127044,0.0018858909606933594
34924,normal,1281,0,1782358786.0148716,0.002167224884033203
34925,normal,906,2,1782358786.0168455,0.001973867416381836
34926,normal,2601,0,1782358786.0186963,0.0018508434295654297
34927,normal,1420,0,1782358786.0208862,0.0021898746490478516
34928,normal,764,0,1782358786.0228424,0.0019562244415283203
34929,normal,414,0,1782358786.0246968,0.0018544197082519531
34930,normal,3523,0,1782358786.0268521,0.002155303955078125
34931,normal,1814,0,1782358786.028827,0.001974821090698242
34932,normal,1388,0,1782358786.0307362,0.0019092559814453125
34933,normal,374,0,1782358786.032872,0.002135753631591797
34934,normal,2729,0,1782358786.0348322,0.001960277557373047
34935,normal,2567,0,1782358786.0366955,0.001863241195678711
34936,normal,1997,0,1782358786.0388656,0.002170085906982422
34937,normal,3084,1,1782358786.040874,0.0020084381103515625
34938,normal,773,2,1782358786.0426974,0.00182342529296875
34939,normal,2922,0,1782358786.0448546,0.0021572113037109375
34940,normal,2326,0,1782358786.0469003,0.0020456314086914062
34941,normal,3303,1,1782358786.048695,0.0017948150634765625
34942,normal,579,0,1782358786.050872,0.002177000045776367
34943,normal,3080,1,1782358786.0528276,0.0019555091857910156
34944,normal,1074,0,1782358786.0546966,0.0018689632415771484
34945,normal,1353,1,1782358786.0568776,0.0021810531616210938
34946,normal,2516,0,1782358786.0588355,0.0019578933715820312
34947,normal,1277,0,1782358786.060701,0.001865386962890625
34948,normal,2545,0,1782358786.0628803,0.002179384231567383
34949,normal,2945,0,1782358786.06483,0.0019497871398925781
34950,normal,1827,0,1782358786.066696,0.0018658638000488281
34951,normal,18,0,1782358786.0688925,0.0021965503692626953
34952,normal,1049,0,1782358786.0708222,0.0019297599792480469
34953,normal,229,0,1782358786.072736,0.0019137859344482422
34954,normal,1655,0,1782358786.0748994,0.002163410186767578
34955,normal,2186,0,1782358786.0768323,0.0019328594207763672
34956,normal,867,2,1782358786.0787,0.0018677711486816406
34957,normal,495,0,1782358786.0809107,0.0022106170654296875
34958,normal,1937,0,1782358786.0828269,0.0019161701202392578
34959,normal,3573,0,1782358786.0846996,0.0018727779388427734
34960,normal,3344,1,1782358786.0868893,0.00218963623046875
34961,normal,1537,0,1782358786.0888371,0.0019478797912597656
34962,normal,2700,0,1782358786.090699,0.0018618106842041016
34963,normal,2155,0,1782358786.0928898,0.002190828323364258
34964,normal,1088,0,1782358786.0948288,0.0019390583038330078
34965,normal,1492,0,1782358786.0966935,0.0018646717071533203
34966,normal,3372,1,1782358786.0988941,0.002200603485107422
34967,normal,3106,1,1782358786.100833,0.0019388198852539062
34968,normal,1395,0,1782358786.102695,0.0018620491027832031
34969,normal,3064,1,1782358786.1048949,0.002199888229370117
34970,normal,3575,0,1782358786.1068237,0.0019288063049316406
34971,normal,1834,0,1782358786.1086943,0.0018706321716308594
34972,normal,3424,0,1782358786.1108932,0.002198934555053711
34973,normal,2671,0,1782358786.1128256,0.001932382583618164
34974,normal,604,0,1782358786.114697,0.001871347427368164
34975,normal,2563,0,1782358786.1168962,0.0021991729736328125
34976,normal,77,0,1782358786.118868,0.0019719600677490234
34977,normal,731,0,1782358786.120699,0.0018308162689208984
34978,normal,2933,0,1782358786.1229043,0.002205371856689453
34979,normal,932,2,1782358786.1248527,0.0019483566284179688
34980,normal,1475,0,1782358786.1266975,0.0018448829650878906
34981,normal,2788,0,1782358786.1289053,0.0022077560424804688
34982,normal,3222,1,1782358786.130823,0.0019176006317138672
34983,normal,2715,0,1782358786.132695,0.0018720626831054688
34984,normal,33,0,1782358786.1349058,0.002210855484008789
34985,normal,3090,1,1782358786.1368368,0.0019309520721435547
34986,normal,3481,0,1782358786.1386943,0.0018575191497802734
34987,normal,1006,2,1782358786.1409333,0.0022389888763427734
34988,normal,1678,0,1782358786.1428335,0.0019001960754394531
34989,normal,2846,0,1782358786.1447034,0.0018699169158935547
34990,normal,123,0,1782358786.1468601,0.0021567344665527344
34991,normal,1576,0,1782358786.148844,0.0019838809967041016
34992,normal,3637,0,1782358786.150735,0.0018908977508544922
34993,normal,1370,1,1782358786.1529324,0.0021975040435791016
34994,normal,1564,0,1782358786.1548567,0.001924276351928711
34995,normal,28,0,1782358786.1566978,0.0018410682678222656
34996,normal,3271,1,1782358786.1589289,0.002231121063232422
34997,normal,1305,0,1782358786.16086,0.0019311904907226562
34998,normal,1726,0,1782358786.1627023,0.0018422603607177734
34999,normal,1928,0,1782358786.1648512,0.002148866653442383
35000,normal,1996,0,1782358786.1668692,0.002017974853515625
35001,normal,2998,0,1782358786.168699,0.0018298625946044922
35002,normal,2084,0,1782358786.1709223,0.0022232532501220703
35003,normal,1059,0,1782358786.1728432,0.001920938491821289
35004,normal,847,2,1782358786.1746938,0.0018506050109863281
35005,normal,1920,0,1782358786.1769233,0.002229452133178711
35006,normal,474,0,1782358786.1788046,0.0018813610076904297
35007,normal,99,0,1782358786.1806946,0.001889944076538086
35008,normal,3000,0,1782358786.1829236,0.002228975296020508
35009,normal,1136,0,1782358786.1848748,0.0019512176513671875
35010,normal,1052,0,1782358786.1866982,0.00182342529296875
35011,normal,1767,0,1782358786.1889286,0.002230405807495117
35012,normal,1311,0,1782358786.1908412,0.0019125938415527344
35013,normal,1130,0,1782358786.192697,0.0018558502197265625
35014,normal,1665,0,1782358786.1949294,0.0022323131561279297
35015,normal,2436,0,1782358786.1968825,0.001953125
35016,normal,2091,0,1782358786.1986952,0.0018126964569091797
35017,normal,1562,0,1782358786.200934,0.002238750457763672
35018,normal,3047,1,1782358786.2028632,0.0019292831420898438
35019,normal,2936,0,1782358786.2046967,0.0018334388732910156
35020,normal,1149,0,1782358786.206935,0.0022382736206054688
35021,normal,1730,0,1782358786.2088559,0.001920938491821289
35022,normal,1002,2,1782358786.2106972,0.0018413066864013672
35023,normal,1724,0,1782358786.212892,0.0021948814392089844
35024,normal,390,0,1782358786.2148921,0.002000093460083008
35025,normal,1517,0,1782358786.2176516,0.0027594566345214844
35026,normal,1946,0,1782358786.2187035,0.0010519027709960938
35027,normal,2694,0,1782358786.220861,0.002157449722290039
35028,normal,1220,0,1782358786.2227018,0.001840829849243164
35029,normal,2079,0,1782358786.2249362,0.0022344589233398438
35030,normal,2985,0,1782358786.2268448,0.0019085407257080078
35031,normal,2332,0,1782358786.2286942,0.0018494129180908203
35032,normal,2261,0,1782358786.230939,0.002244710922241211
35033,normal,173,0,1782358786.2328386,0.00189971923828125
35034,normal,416,0,1782358786.2346985,0.001859903335571289
35035,normal,1778,0,1782358786.236919,0.0022203922271728516
35036,normal,3564,0,1782358786.2387984,0.0018794536590576172
35037,normal,553,0,1782358786.240742,0.0019435882568359375
35038,normal,247,0,1782358786.2429678,0.0022258758544921875
35039,normal,3650,0,1782358786.244842,0.0018742084503173828
35040,normal,3501,0,1782358786.2467384,0.0018963813781738281
35041,normal,1973,0,1782358786.2488666,0.002128124237060547
35042,normal,3322,1,1782358786.250772,0.0019054412841796875
35043,normal,1668,0,1782358786.2528384,0.002066373825073242
35044,normal,525,0,1782358786.25474,0.0019016265869140625
35045,normal,3148,1,1782358786.2568753,0.0021352767944335938
35046,normal,337,0,1782358786.2587361,0.0018608570098876953
35047,normal,440,0,1782358786.2608552,0.0021190643310546875
35048,normal,2537,0,1782358786.2628713,0.0020160675048828125
35049,normal,3327,1,1782358786.26481,0.0019388198852539062
35050,normal,3545,0,1782358786.2668355,0.0020253658294677734
35051,normal,746,0,1782358786.2688296,0.0019941329956054688
35052,normal,724,0,1782358786.270737,0.0019073486328125
35053,normal,3404,0,1782358786.2728665,0.0021295547485351562
35054,normal,1308,0,1782358786.2748258,0.0019593238830566406
35055,normal,954,2,1782358786.2767367,0.0019109249114990234
35056,normal,1720,0,1782358786.2788746,0.002137899398803711
35057,normal,1022,2,1782358786.2808444,0.0019698143005371094
35058,normal,1523,0,1782358786.2826972,0.0018527507781982422
35059,normal,2233,0,1782358786.2848659,0.0021686553955078125
35060,normal,505,0,1782358786.2868288,0.001962900161743164
35061,normal,1116,0,1782358786.2886994,0.0018706321716308594
35062,normal,303,0,1782358786.2908688,0.002169370651245117
35063,normal,2341,0,1782358786.292876,0.0020072460174560547
35064,normal,246,0,1782358786.294695,0.0018188953399658203
35065,normal,2721,0,1782358786.2968752,0.002180337905883789
35066,normal,1865,0,1782358786.2988229,0.001947641372680664
35067,normal,181,0,1782358786.3006966,0.0018737316131591797
35068,normal,2858,0,1782358786.302871,0.00217437744140625
35069,normal,1855,0,1782358786.304869,0.0019979476928710938
35070,normal,2690,0,1782358786.3067203,0.0018513202667236328
35071,normal,1877,0,1782358786.3088884,0.0021681785583496094
35072,normal,3070,1,1782358786.3108299,0.0019414424896240234
35073,normal,1076,0,1782358786.3126972,0.0018672943115234375
35074,normal,1540,0,1782358786.314882,0.0021848678588867188
35075,normal,1271,0,1782358786.3168476,0.0019655227661132812
35076,normal,3569,0,1782358786.3187,0.0018525123596191406
35077,normal,3620,0,1782358786.3208797,0.0021796226501464844
35078,normal,2483,0,1782358786.3228767,0.0019969940185546875
35079,normal,1985,0,1782358786.3246987,0.0018219947814941406
35080,normal,1570,0,1782358786.3269596,0.002260923385620117
35081,normal,84,0,1782358786.328844,0.00188446044921875
35082,normal,2354,0,1782358786.3307147,0.0018706321716308594
35083,normal,2236,0,1782358786.3329313,0.0022165775299072266
35084,normal,785,2,1782358786.3348017,0.0018703937530517578
35085,normal,3708,0,1782358786.3367007,0.0018990039825439453
35086,normal,2403,0,1782358786.3389645,0.002263784408569336
35087,normal,1089,0,1782358786.3408272,0.0018627643585205078
35088,normal,506,0,1782358786.3426962,0.0018689632415771484
35089,normal,2253,0,1782358786.3448915,0.0021953582763671875
35090,normal,3590,0,1782358786.3468664,0.001974821090698242
35091,normal,3520,0,1782358786.3487139,0.0018475055694580078
35092,normal,2330,0,1782358786.35071,0.0019960403442382812
35093,normal,645,0,1782358786.3527496,0.002039670944213867
35094,normal,17,0,1782358786.3546932,0.0019435882568359375
35095,normal,2384,0,1782358786.3566523,0.001959085464477539
35096,normal,1541,0,1782358786.3587904,0.0021381378173828125
35097,normal,566,0,1782358786.3607178,0.0019273757934570312
35098,normal,1952,0,1782358786.3627717,0.002053976058959961
35099,normal,1781,0,1782358786.364721,0.001949310302734375
35100,normal,2442,0,1782358786.366819,0.0020978450775146484
35101,normal,3174,1,1782358786.368782,0.0019631385803222656
35102,normal,3506,0,1782358786.3708656,0.0020835399627685547
35103,normal,2350,0,1782358786.3726952,0.0018296241760253906
35104,normal,1601,0,1782358786.3749018,0.002206563949584961
35105,normal,538,0,1782358786.3768322,0.0019304752349853516
35106,normal,499,0,1782358786.3786986,0.0018663406372070312
35107,normal,568,0,1782358786.3809032,0.0022046566009521484
35108,normal,1516,0,1782358786.3828764,0.0019731521606445312
35109,normal,355,0,1782358786.3846967,0.0018203258514404297
35110,normal,3454,0,1782358786.3869107,0.0022139549255371094
35111,normal,424,0,1782358786.3888226,0.0019118785858154297
35112,normal,3591,0,1782358786.3906977,0.001875162124633789
35113,normal,2599,0,1782358786.392919,0.002221345901489258
35114,normal,845,2,1782358786.3948357,0.001916646957397461
35115,normal,297,0,1782358786.3967037,0.0018680095672607422
35116,normal,2042,0,1782358786.3989172,0.0022134780883789062
35117,normal,1790,0,1782358786.400831,0.0019137859344482422
35118,normal,887,2,1782358786.4026952,0.0018641948699951172
35119,normal,3003,0,1782358786.404913,0.0022177696228027344
35120,normal,1992,0,1782358786.406876,0.0019631385803222656
35121,normal,1012,2,1782358786.4087005,0.0018243789672851562
35122,normal,1159,0,1782358786.4109175,0.0022170543670654297
35123,normal,2009,0,1782358786.4128845,0.0019669532775878906
35124,normal,2154,0,1782358786.4147048,0.0018203258514404297
35125,normal,771,0,1782358786.4169044,0.0021996498107910156
35126,normal,679,0,1782358786.4188774,0.0019729137420654297
35127,normal,215,0,1782358786.420716,0.00183868408203125
35128,normal,2338,0,1782358786.4229267,0.0022106170654296875
35129,normal,1844,0,1782358786.4247992,0.0018725395202636719
35130,normal,636,0,1782358786.4266982,0.0018990039825439453
35131,normal,1299,0,1782358786.4289231,0.0022249221801757812
35132,normal,1253,0,1782358786.4308414,0.0019183158874511719
35133,normal,901,2,1782358786.4326959,0.0018544197082519531
35134,normal,1139,0,1782358786.43493,0.002234220504760742
35135,normal,1233,0,1782358786.4368553,0.0019252300262451172
35136,normal,7,0,1782358786.438697,0.0018417835235595703
35137,normal,3389,1,1782358786.4408524,0.002155303955078125
35138,normal,2646,0,1782358786.4428718,0.0020194053649902344
35139,normal,1864,0,1782358786.4446964,0.0018246173858642578
35140,normal,327,0,1782358786.4469275,0.002231121063232422
35141,normal,2588,0,1782358786.4488697,0.0019421577453613281
35142,normal,1503,0,1782358786.4507084,0.00183868408203125
35143,normal,2962,0,1782358786.452939,0.0022306442260742188
35144,normal,3634,0,1782358786.4548395,0.0019004344940185547
35145,normal,3072,1,1782358786.4566972,0.001857757568359375
35146,normal,2105,0,1782358786.4588528,0.0021555423736572266
35147,normal,682,0,1782358786.460881,0.002028226852416992
35148,normal,1397,0,1782358786.462702,0.0018210411071777344
35149,normal,1863,0,1782358786.4649572,0.0022552013397216797
35150,normal,853,2,1782358786.4668446,0.0018873214721679688
35151,normal,2179,0,1782358786.4686968,0.001852273941040039
35152,normal,1495,0,1782358786.4709156,0.0022187232971191406
35153,normal,3486,0,1782358786.4728265,0.0019109249114990234
35154,normal,2266,0,1782358786.4747415,0.00191497802734375
35155,normal,2086,0,1782358786.4769206,0.0021791458129882812
35156,normal,3412,0,1782358786.4788232,0.0019025802612304688
35157,normal,261,0,1782358786.480695,0.0018718242645263672
35158,normal,1154,0,1782358786.4829223,0.002227306365966797
35159,normal,1512,0,1782358786.4848409,0.0019185543060302734
35160,normal,766,0,1782358786.4866989,0.0018579959869384766
35161,normal,683,0,1782358786.4888508,0.002151966094970703
35162,normal,3595,0,1782358786.4908686,0.0020177364349365234
35163,normal,3075,1,1782358786.492696,0.0018274784088134766
35164,normal,2795,0,1782358786.494855,0.0021588802337646484
35165,normal,1295,0,1782358786.496836,0.001981019973754883
35166,normal,2049,0,1782358786.4987383,0.0019023418426513672
35167,normal,2244,0,1782358786.5008647,0.002126455307006836
35168,normal,2670,0,1782358786.502827,0.0019621849060058594
35169,normal,1239,0,1782358786.5047352,0.0019083023071289062
35170,normal,1846,0,1782358786.5068681,0.002132892608642578
35171,normal,41,0,1782358786.5088234,0.001955270767211914
35172,normal,1563,0,1782358786.510737,0.0019135475158691406
35173,normal,1893,0,1782358786.512868,0.0021309852600097656
35174,normal,1605,0,1782358786.5148506,0.0019826889038085938
35175,normal,445,0,1782358786.5167367,0.001886129379272461
35176,normal,2323,0,1782358786.518876,0.0021393299102783203
35177,normal,3537,0,1782358786.5207977,0.0019216537475585938
35178,normal,1635,0,1782358786.5227375,0.0019397735595703125
35179,normal,20,0,1782358786.5248804,0.0021429061889648438
35180,normal,2764,0,1782358786.526825,0.0019445419311523438
35181,normal,2299,0,1782358786.528738,0.0019130706787109375
35182,normal,1652,0,1782358786.5308774,0.0021393299102783203
35183,normal,3684,0,1782358786.5328293,0.0019519329071044922
35184,normal,2560,0,1782358786.534737,0.0019078254699707031
35185,normal,1010,2,1782358786.5368922,0.0021550655364990234
35186,normal,2206,0,1782358786.5388308,0.0019385814666748047
35187,normal,1358,1,1782358786.5406988,0.0018680095672607422
35188,normal,1314,0,1782358786.5428736,0.002174854278564453
35189,normal,1953,0,1782358786.5448709,0.001997232437133789
35190,normal,251,0,1782358786.5466967,0.0018258094787597656
35191,normal,3415,0,1782358786.548879,0.0021822452545166016
35192,normal,3156,1,1782358786.5508347,0.001955747604370117
35193,normal,458,0,1782358786.5527062,0.0018715858459472656
35194,normal,2578,0,1782358786.5548806,0.00217437744140625
35195,normal,2783,0,1782358786.5568688,0.0019881725311279297
35196,normal,2906,0,1782358786.5586982,0.001829385757446289
35197,normal,2709,0,1782358786.5608504,0.0021522045135498047
35198,normal,1593,0,1782358786.5628664,0.0020160675048828125
35199,normal,3428,0,1782358786.5646968,0.0018303394317626953
35200,normal,1860,0,1782358786.5668874,0.0021905899047851562
35201,normal,1761,0,1782358786.5688314,0.0019440650939941406
35202,normal,1710,0,1782358786.5707364,0.0019049644470214844
35203,normal,1504,0,1782358786.572908,0.0021715164184570312
35204,normal,1795,0,1782358786.5747993,0.0018913745880126953
35205,normal,3260,1,1782358786.576697,0.0018978118896484375
35206,normal,2203,0,1782358786.5788972,0.0022001266479492188
35207,normal,2501,0,1782358786.580852,0.001954793930053711
35208,normal,587,0,1782358786.5826955,0.0018434524536132812
35209,normal,671,0,1782358786.5849123,0.002216815948486328
35210,normal,957,2,1782358786.5868335,0.0019211769104003906
35211,normal,2395,0,1782358786.5886943,0.0018608570098876953
35212,normal,1167,0,1782358786.5909076,0.0022132396697998047
35213,normal,1252,0,1782358786.5928545,0.0019469261169433594
35214,normal,2511,0,1782358786.5946937,0.0018391609191894531
35215,normal,1746,0,1782358786.5968926,0.002198934555053711
35216,normal,981,2,1782358786.5988693,0.0019767284393310547
35217,normal,1068,0,1782358786.600697,0.0018277168273925781
35218,normal,1682,0,1782358786.6029003,0.002203226089477539
35219,normal,2675,0,1782358786.6048338,0.0019335746765136719
35220,normal,774,2,1782358786.6066947,0.0018608570098876953
35221,normal,2895,0,1782358786.6089025,0.0022077560424804688
35222,normal,1901,0,1782358786.6108263,0.0019237995147705078
35223,normal,3317,1,1782358786.6126945,0.0018682479858398438
35224,normal,3359,1,1782358786.6148288,0.0021343231201171875
35225,normal,3387,1,1782358786.6168404,0.002011537551879883
35226,normal,1725,0,1782358786.618697,0.0018565654754638672
35227,normal,372,0,1782358786.620881,0.002184152603149414
35228,normal,52,0,1782358786.6228728,0.001991748809814453
35229,normal,601,0,1782358786.6246965,0.0018236637115478516
35230,normal,1098,0,1782358786.6269069,0.002210378646850586
35231,normal,3365,1,1782358786.6288252,0.0019183158874511719
35232,normal,1131,0,1782358786.6307018,0.0018765926361083984
35233,normal,2419,0,1782358786.6329126,0.002210855484008789
35234,normal,1490,0,1782358786.634865,0.0019524097442626953
35235,normal,1843,0,1782358786.636694,0.001828908920288086
35236,normal,2050,0,1782358786.6389136,0.002219676971435547
35237,normal,1338,1,1782358786.6408322,0.0019185543060302734
35238,normal,288,0,1782358786.6426954,0.001863241195678711
35239,normal,2515,0,1782358786.6448479,0.0021524429321289062
35240,normal,2377,0,1782358786.6468658,0.002017974853515625
35241,normal,3020,0,1782358786.6486952,0.001829385757446289
35242,normal,3292,1,1782358786.6509159,0.002220630645751953
35243,normal,2177,0,1782358786.65285,0.001934051513671875
35244,normal,1762,0,1782358786.654706,0.001856088638305664
35245,normal,3282,1,1782358786.6569242,0.0022182464599609375
35246,normal,2828,0,1782358786.658844,0.0019197463989257812
35247,normal,3264,1,1782358786.6606982,0.0018541812896728516
35248,normal,3441,0,1782358786.6628597,0.0021615028381347656
35249,normal,2388,0,1782358786.6648705,0.002010822296142578
35250,normal,1063,0,1782358786.6666932,0.0018227100372314453
35251,normal,2837,0,1782358786.6689224,0.0022292137145996094
35252,normal,1009,2,1782358786.670843,0.001920461654663086
35253,normal,2726,0,1782358786.672732,0.0018892288208007812
35254,normal,2987,0,1782358786.6749568,0.0022246837615966797
35255,normal,912,2,1782358786.6768363,0.0018794536590576172
35256,normal,3320,1,1782358786.6786938,0.0018575191497802734
35257,normal,642,0,1782358786.680928,0.002234220504760742
35258,normal,1519,0,1782358786.682843,0.00191497802734375
35259,normal,2540,0,1782358786.6847053,0.0018622875213623047
35260,normal,3030,0,1782358786.6869292,0.002223968505859375
35261,normal,1830,0,1782358786.6888804,0.0019512176513671875
35262,normal,1298,0,1782358786.6906965,0.0018160343170166016
35263,normal,2878,0,1782358786.6929226,0.002226114273071289
35264,normal,1975,0,1782358786.6948733,0.0019507408142089844
35265,normal,1016,2,1782358786.6966991,0.0018258094787597656
35266,normal,3168,1,1782358786.69893,0.0022308826446533203
35267,normal,279,0,1782358786.700875,0.0019450187683105469
35268,normal,149,0,1782358786.702695,0.0018198490142822266
35269,normal,1458,0,1782358786.7049427,0.0022478103637695312
35270,normal,2102,0,1782358786.7068436,0.0019009113311767578
35271,normal,319,0,1782358786.7087047,0.0018610954284667969
35272,normal,2980,0,1782358786.7109144,0.0022096633911132812
35273,normal,343,0,1782358786.7128167,0.0019023418426513672
35274,normal,2434,0,1782358786.7147317,0.00191497802734375
35275,normal,2357,0,1782358786.7169175,0.002185821533203125
35276,normal,879,2,1782358786.7188416,0.0019240379333496094
35277,normal,1759,0,1782358786.7207308,0.0018892288208007812
35278,normal,3429,0,1782358786.7227194,0.001988649368286133
35279,normal,2277,0,1782358786.7246885,0.0019690990447998047
35280,normal,430,0,1782358786.726733,0.0020444393157958984
35281,normal,3625,0,1782358786.7286537,0.0019207000732421875
35282,normal,1972,0,1782358786.7307494,0.0020956993103027344
35283,normal,2897,0,1782358786.7326207,0.001871347427368164
35284,normal,2329,0,1782358786.7346547,0.0020339488983154297
35285,normal,3477,0,1782358786.7366896,0.002034902572631836
35286,normal,934,2,1782358786.7386575,0.001967906951904297
35287,normal,2766,0,1782358786.740683,0.002025604248046875
35288,normal,2668,0,1782358786.742684,0.0020008087158203125
35289,normal,3066,1,1782358786.7446578,0.001973867416381836
35290,normal,1332,1,1782358786.7466583,0.002000570297241211
35291,normal,2791,0,1782358786.7487693,0.0021109580993652344
35292,normal,385,0,1782358786.7506418,0.0018725395202636719
35293,normal,2587,0,1782358786.752925,0.0022830963134765625
35294,normal,2365,0,1782358786.7549217,0.001996755599975586
35295,normal,1050,0,1782358786.7567346,0.0018129348754882812
35296,normal,1799,0,1782358786.7588844,0.002149820327758789
35297,normal,209,0,1782358786.760921,0.002036571502685547
35298,normal,202,0,1782358786.7627308,0.001809835433959961
35299,normal,2637,0,1782358786.7648919,0.0021610260009765625
35300,normal,1325,1,1782358786.7669196,0.002027750015258789
35301,normal,3013,0,1782358786.7687328,0.0018131732940673828
35302,normal,90,0,1782358786.7709138,0.0021810531616210938
35303,normal,3374,1,1782358786.772926,0.0020122528076171875
35304,normal,1709,0,1782358786.7747316,0.0018055438995361328
35305,normal,2314,0,1782358786.7768986,0.0021669864654541016
35306,normal,1722,0,1782358786.778919,0.0020203590393066406
35307,normal,2139,0,1782358786.7807343,0.0018153190612792969
35308,normal,371,0,1782358786.7828946,0.002160310745239258
35309,normal,1260,0,1782358786.7849243,0.0020296573638916016
35310,normal,31,0,1782358786.7867453,0.0018210411071777344
35311,normal,2525,0,1782358786.7889,0.0021545886993408203
35312,normal,1366,1,1782358786.7909205,0.002020597457885742
35313,normal,3330,1,1782358786.7927337,0.0018131732940673828
35314,normal,1286,0,1782358786.7948983,0.002164602279663086
35315,normal,431,0,1782358786.7967227,0.0018243789672851562
35316,normal,2776,0,1782358786.7989104,0.0021877288818359375
35317,normal,2001,0,1782358786.8007686,0.0018582344055175781
35318,normal,3380,1,1782358786.8029184,0.002149820327758789
35319,normal,3056,1,1782358786.8047326,0.001814126968383789
35320,normal,1,0,1782358786.8069048,0.002172231674194336
35321,normal,2705,0,1782358786.8089275,0.0020227432250976562
35322,normal,1796,0,1782358786.8107312,0.0018036365509033203
35323,normal,873,2,1782358786.8129113,0.0021800994873046875
35324,normal,1881,0,1782358786.8147311,0.0018198490142822266
35325,normal,1672,0,1782358786.8178012,0.0030701160430908203
35326,normal,1818,0,1782358786.818632,0.0008306503295898438
35327,normal,400,0,1782358786.8207822,0.002150297164916992
35328,normal,2720,0,1782358786.8226166,0.0018343925476074219
35329,normal,1662,0,1782358786.8249145,0.0022978782653808594
35330,normal,2873,0,1782358786.8268852,0.0019707679748535156
35331,normal,1124,0,1782358786.828731,0.0018458366394042969
35332,normal,2111,0,1782358786.830885,0.0021538734436035156
35333,normal,574,0,1782358786.832895,0.0020101070404052734
35334,normal,555,0,1782358786.8347394,0.0018444061279296875
35335,normal,1018,2,1782358786.8369193,0.002179861068725586
35336,normal,2623,0,1782358786.8388891,0.0019698143005371094
35337,normal,2768,0,1782358786.8407345,0.0018453598022460938
35338,normal,2872,0,1782358786.8429182,0.002183675765991211
35339,normal,2309,0,1782358786.8448994,0.0019812583923339844
35340,normal,3485,0,1782358786.8467393,0.0018398761749267578
35341,normal,3360,1,1782358786.8489203,0.0021810531616210938
35342,normal,3421,0,1782358786.8508902,0.0019698143005371094
35343,normal,2996,0,1782358786.8527317,0.0018415451049804688
35344,normal,1590,0,1782358786.8549292,0.0021975040435791016
35345,normal,868,2,1782358786.8568962,0.0019669532775878906
35346,normal,2851,0,1782358786.8587337,0.0018374919891357422
35347,normal,3220,1,1782358786.8609293,0.002195596694946289
35348,normal,1170,0,1782358786.8629262,0.0019969940185546875
35349,normal,1188,0,1782358786.8647404,0.001814126968383789
35350,normal,3615,0,1782358786.8669655,0.002225160598754883
35351,normal,2109,0,1782358786.8687315,0.0017659664154052734
35352,normal,1555,0,1782358786.870936,0.002204418182373047
35353,normal,3362,1,1782358786.8727784,0.001842498779296875
35354,normal,2826,0,1782358786.8749256,0.002147197723388672
35355,normal,2071,0,1782358786.8767052,0.0017795562744140625
35356,normal,2894,0,1782358786.8789344,0.0022292137145996094
35357,normal,576,0,1782358786.880903,0.0019686222076416016
35358,normal,1129,0,1782358786.8827357,0.001832723617553711
35359,normal,3511,0,1782358786.8849308,0.002195119857788086
35360,normal,206,0,1782358786.8869264,0.001995563507080078
35361,normal,3467,0,1782358786.888705,0.0017786026000976562
35362,normal,2258,0,1782358786.8909342,0.0022292137145996094
35363,normal,3270,1,1782358786.8929014,0.001967191696166992
35364,normal,3231,1,1782358786.8947067,0.0018053054809570312
35365,normal,2907,0,1782358786.896932,0.002225160598754883
35366,normal,3458,0,1782358786.8989038,0.0019719600677490234
35367,normal,2387,0,1782358786.9007053,0.0018014907836914062
35368,normal,3450,0,1782358786.9029348,0.002229452133178711
35369,normal,1923,0,1782358786.904903,0.0019681453704833984
35370,normal,3099,1,1782358786.906707,0.0018041133880615234
35371,normal,466,0,1782358786.9089339,0.0022268295288085938
35372,normal,3439,0,1782358786.9109042,0.0019702911376953125
35373,normal,1698,0,1782358786.9127085,0.001804351806640625
35374,normal,1327,1,1782358786.9149354,0.0022268295288085938
35375,normal,1620,0,1782358786.9169,0.001964569091796875
35376,normal,2120,0,1782358786.918709,0.0018091201782226562
35377,normal,87,0,1782358786.9207797,0.0020706653594970703
35378,normal,395,0,1782358786.9228919,0.002112150192260742
35379,normal,3431,0,1782358786.9247332,0.0018413066864013672
35380,normal,634,0,1782358786.9269173,0.002184152603149414
35381,normal,2760,0,1782358786.9289205,0.002003192901611328
35382,normal,3437,0,1782358786.9307067,0.0017862319946289062
35383,normal,660,0,1782358786.9328954,0.0021886825561523438
35384,normal,820,2,1782358786.934924,0.0020284652709960938
35385,normal,1862,0,1782358786.9367044,0.0017805099487304688
35386,normal,3563,0,1782358786.9389002,0.0021958351135253906
35387,normal,3227,1,1782358786.9409223,0.0020220279693603516
35388,normal,2821,0,1782358786.9427125,0.0017902851104736328
35389,normal,3161,1,1782358786.9449224,0.002209901809692383
35390,normal,921,2,1782358786.946922,0.0019996166229248047
35391,normal,1989,0,1782358786.9487326,0.0018105506896972656
35392,normal,335,0,1782358786.9509335,0.0022008419036865234
35393,normal,1267,0,1782358786.952921,0.001987457275390625
35394,normal,1166,0,1782358786.9547334,0.0018124580383300781
35395,normal,1941,0,1782358786.956931,0.002197742462158203
35396,normal,280,0,1782358786.9589202,0.001989126205444336
35397,normal,3225,1,1782358786.960742,0.001821756362915039
35398,normal,2356,0,1782358786.962949,0.002207040786743164
35399,normal,3067,1,1782358786.9647884,0.0018393993377685547
35400,normal,1036,0,1782358786.9667351,0.0019466876983642578
35401,normal,2723,0,1782358786.968926,0.002190828323364258
35402,normal,1261,0,1782358786.9709294,0.0020034313201904297
35403,normal,3309,1,1782358786.972742,0.0018126964569091797
35404,normal,2661,0,1782358786.9749296,0.002187490463256836
35405,normal,630,0,1782358786.9769251,0.001995563507080078
35406,normal,2000,0,1782358786.9787343,0.0018091201782226562
35407,normal,2198,0,1782358786.9809263,0.0021920204162597656
35408,normal,3252,1,1782358786.9829233,0.0019969940185546875
35409,normal,1019,2,1782358786.9847333,0.0018100738525390625
35410,normal,1509,0,1782358786.9869013,0.002167940139770508
35411,normal,3644,0,1782358786.9889083,0.002007007598876953
35412,normal,3706,0,1782358786.990734,0.0018258094787597656
35413,normal,2090,0,1782358786.992889,0.002154827117919922
35414,normal,704,0,1782358786.9949272,0.002038240432739258
35415,normal,2127,0,1782358786.9967344,0.0018072128295898438
35416,normal,75,0,1782358786.9988918,0.002157449722290039
35417,normal,2405,0,1782358787.0009139,0.0020220279693603516
35418,normal,791,2,1782358787.0027332,0.0018193721771240234
35419,normal,3580,0,1782358787.0048947,0.0021615028381347656
35420,normal,1316,0,1782358787.0067146,0.0018198490142822266
35421,normal,2336,0,1782358787.0087035,0.0019888877868652344
35422,normal,249,0,1782358787.0108986,0.002195119857788086
35423,normal,184,0,1782358787.0127265,0.0018279552459716797
35424,normal,2302,0,1782358787.0148585,0.002131938934326172
35425,normal,2337,0,1782358787.0168839,0.0020253658294677734
35426,normal,1566,0,1782358787.0187306,0.0018467903137207031
35427,normal,1727,0,1782358787.0207384,0.002007722854614258
35428,normal,1641,0,1782358787.0226326,0.001894235610961914
35429,normal,1399,0,1782358787.0248208,0.0021882057189941406
35430,normal,1939,0,1782358787.0268178,0.0019969940185546875
35431,normal,377,0,1782358787.0287611,0.001943349838256836
35432,normal,738,0,1782358787.030872,0.0021109580993652344
35433,normal,808,2,1782358787.0326989,0.0018267631530761719
35434,normal,127,0,1782358787.0348864,0.002187490463256836
35435,normal,271,0,1782358787.0368307,0.0019443035125732422
35436,normal,2918,0,1782358787.0387378,0.0019071102142333984
35437,normal,638,0,1782358787.0409105,0.002172708511352539
35438,normal,850,2,1782358787.042821,0.0019104480743408203
35439,normal,3214,1,1782358787.0447304,0.001909494400024414
35440,normal,554,0,1782358787.0469258,0.0021953582763671875
35441,normal,3250,1,1782358787.0488327,0.0019068717956542969
35442,normal,3149,1,1782358787.0507,0.0018672943115234375
35443,normal,2561,0,1782358787.052914,0.0022139549255371094
35444,normal,1440,0,1782358787.0548239,0.0019099712371826172
35445,normal,3105,1,1782358787.056737,0.0019130706787109375
35446,normal,2904,0,1782358787.0589125,0.002175569534301758
35447,normal,2938,0,1782358787.0608406,0.001928091049194336
35448,normal,2518,0,1782358787.062734,0.0018932819366455078
35449,normal,3125,1,1782358787.0649014,0.0021674633026123047
35450,normal,870,2,1782358787.0668657,0.0019643306732177734
35451,normal,2006,0,1782358787.0686965,0.0018308162689208984
35452,normal,2129,0,1782358787.070859,0.002162456512451172
35453,normal,829,2,1782358787.0728438,0.001984834671020508
35454,normal,2307,0,1782358787.074699,0.0018551349639892578
35455,normal,652,0,1782358787.0768998,0.0022008419036865234
35456,normal,2004,0,1782358787.0788825,0.0019826889038085938
35457,normal,625,0,1782358787.0807166,0.0018341541290283203
35458,normal,1904,0,1782358787.082898,0.0021812915802001953
35459,normal,2450,0,1782358787.0848725,0.0019745826721191406
35460,normal,851,2,1782358787.086697,0.0018246173858642578
35461,normal,3245,1,1782358787.0889163,0.0022192001342773438
35462,normal,1961,0,1782358787.0908318,0.0019154548645019531
35463,normal,712,0,1782358787.0926976,0.0018658638000488281
35464,normal,2056,0,1782358787.094909,0.002211332321166992
35465,normal,2817,0,1782358787.096893,0.001984119415283203
35466,normal,2375,0,1782358787.0987113,0.0018181800842285156
35467,normal,3500,0,1782358787.1009212,0.002209901809692383
35468,normal,743,0,1782358787.1028209,0.00189971923828125
35469,normal,3237,1,1782358787.1047347,0.0019137859344482422
35470,normal,1614,0,1782358787.106934,0.002199411392211914
35471,normal,1066,0,1782358787.1088243,0.0018901824951171875
35472,normal,647,0,1782358787.110696,0.0018718242645263672
35473,normal,1956,0,1782358787.1128814,0.002185344696044922
35474,normal,1240,0,1782358787.114887,0.0020055770874023438
35475,normal,1561,0,1782358787.116701,0.0018138885498046875
35476,normal,1498,0,1782358787.1189208,0.0022199153900146484
35477,normal,2761,0,1782358787.1208327,0.0019118785858154297
35478,normal,721,0,1782358787.1227462,0.0019135475158691406
35479,normal,1134,0,1782358787.124974,0.002227783203125
35480,normal,3187,1,1782358787.1268127,0.00183868408203125
35481,normal,3028,0,1782358787.1286972,0.00188446044921875
35482,normal,521,0,1782358787.1309214,0.0022242069244384766
35483,normal,1583,0,1782358787.1328673,0.0019459724426269531
35484,normal,3619,0,1782358787.134769,0.0019016265869140625
35485,normal,860,2,1782358787.1369188,0.002149820327758789
35486,normal,3022,0,1782358787.138891,0.001972198486328125
35487,normal,2647,0,1782358787.1406982,0.0018072128295898438
35488,normal,1028,2,1782358787.142923,0.0022249221801757812
35489,normal,1568,0,1782358787.1447937,0.0018706321716308594
35490,normal,959,2,1782358787.1467385,0.0019447803497314453
35491,normal,2978,0,1782358787.1489334,0.0021948814392089844
35492,normal,1988,0,1782358787.1508412,0.0019078254699707031
35493,normal,2869,0,1782358787.1526964,0.0018551349639892578
35494,normal,1764,0,1782358787.1549253,0.002228975296020508
35495,normal,826,2,1782358787.156812,0.001886606216430664
35496,normal,3679,0,1782358787.1586988,0.0018868446350097656
35497,normal,164,0,1782358787.160929,0.0022301673889160156
35498,normal,698,0,1782358787.1628637,0.0019347667694091797
35499,normal,2706,0,1782358787.1647065,0.0018427371978759766
35500,normal,373,0,1782358787.166861,0.0021545886993408203
35501,normal,2349,0,1782358787.1687813,0.0019202232360839844
35502,normal,2167,0,1782358787.1706946,0.001913309097290039
35503,normal,11,0,1782358787.1729712,0.0022766590118408203
35504,normal,250,0,1782358787.1748416,0.0018703937530517578
35505,normal,890,2,1782358787.1767066,0.0018649101257324219
35506,normal,3319,1,1782358787.1789322,0.002225637435913086
35507,normal,2707,0,1782358787.1808236,0.0018913745880126953
35508,normal,1081,0,1782358787.182697,0.0018734931945800781
35509,normal,2304,0,1782358787.1849365,0.0022394657135009766
35510,normal,514,0,1782358787.1868167,0.0018801689147949219
35511,normal,3265,1,1782358787.1887362,0.0019195079803466797
35512,normal,2549,0,1782358787.190923,0.0021867752075195312
35513,normal,2173,0,1782358787.192816,0.0018930435180664062
35514,normal,289,0,1782358787.1947372,0.0019211769104003906
35515,normal,2089,0,1782358787.1969228,0.0021855831146240234
35516,normal,2693,0,1782358787.1987553,0.0018324851989746094
35517,normal,3587,0,1782358787.2007313,0.00197601318359375
35518,normal,2672,0,1782358787.2029164,0.0021851062774658203
35519,normal,2016,0,1782358787.2048197,0.0019032955169677734
35520,normal,3526,0,1782358787.2067475,0.0019278526306152344
35521,normal,597,0,1782358787.208858,0.0021104812622070312
35522,normal,532,0,1782358787.210803,0.0019450187683105469
35523,normal,2568,0,1782358787.2127378,0.0019347667694091797
35524,normal,2169,0,1782358787.2148664,0.00212860107421875
35525,normal,436,0,1782358787.2168157,0.001949310302734375
35526,normal,2582,0,1782358787.218734,0.0019183158874511719
35527,normal,1054,0,1782358787.2208464,0.0021123886108398438
35528,normal,1487,0,1782358787.2228198,0.001973390579223633
35529,normal,3068,1,1782358787.224704,0.0018842220306396484
35530,normal,3151,1,1782358787.226864,0.0021600723266601562
35531,normal,585,0,1782358787.2288773,0.0020132064819335938
35532,normal,3109,1,1782358787.230734,0.0018568038940429688
35533,normal,1981,0,1782358787.2328615,0.002127408981323242
35534,normal,172,0,1782358787.234782,0.001920461654663086
35535,normal,3339,1,1782358787.2366943,0.0019123554229736328
35536,normal,3668,0,1782358787.238882,0.0021877288818359375
35537,normal,2947,0,1782358787.2408156,0.0019335746765136719
35538,normal,449,0,1782358787.2427366,0.001920938491821289
35539,normal,2979,0,1782358787.244884,0.0021474361419677734
35540,normal,3646,0,1782358787.246825,0.0019409656524658203
35541,normal,300,0,1782358787.2487452,0.0019202232360839844
35542,normal,756,0,1782358787.2508857,0.002140522003173828
35543,normal,2303,0,1782358787.2527423,0.0018565654754638672
35544,normal,2975,0,1782358787.2547631,0.0020208358764648438
35545,normal,375,0,1782358787.2569008,0.0021376609802246094
35546,normal,3184,1,1782358787.258825,0.001924276351928711
35547,normal,659,0,1782358787.2607434,0.0019183158874511719
35548,normal,3226,1,1782358787.2628973,0.0021538734436035156
35549,normal,1644,0,1782358787.2647588,0.001861572265625
35550,normal,282,0,1782358787.2666986,0.0019397735595703125
35551,normal,66,0,1782358787.2688832,0.002184629440307617
35552,normal,1398,0,1782358787.2708359,0.0019526481628417969
35553,normal,2994,0,1782358787.2727532,0.0019173622131347656
35554,normal,3697,0,1782358787.2749147,0.0021615028381347656
35555,normal,13,0,1782358787.2767432,0.0018284320831298828
35556,normal,1780,0,1782358787.2787375,0.0019943714141845703
35557,normal,880,2,1782358787.2809095,0.0021719932556152344
35558,normal,2682,0,1782358787.2827485,0.0018389225006103516
35559,normal,3566,0,1782358787.2847393,0.001990795135498047
35560,normal,132,0,1782358787.2869203,0.0021810531616210938
35561,normal,2046,0,1782358787.2888248,0.0019044876098632812
35562,normal,2358,0,1782358787.290736,0.001911163330078125
35563,normal,318,0,1782358787.2929142,0.002178192138671875
35564,normal,3397,1,1782358787.2947466,0.0018324851989746094
35565,normal,3280,1,1782358787.296731,0.0019843578338623047
35566,normal,948,2,1782358787.298894,0.002162933349609375
35567,normal,2909,0,1782358787.3008358,0.0019419193267822266
35568,normal,2156,0,1782358787.3026981,0.0018622875213623047
35569,normal,2903,0,1782358787.3048942,0.002196073532104492
35570,normal,3515,0,1782358787.306863,0.001968860626220703
35571,normal,618,0,1782358787.3086975,0.0018343925476074219
35572,normal,1105,0,1782358787.3108969,0.002199411392211914
35573,normal,1005,2,1782358787.3127391,0.0018422603607177734
35574,normal,2082,0,1782358787.3147285,0.0019893646240234375
35575,normal,3207,1,1782358787.316921,0.0021924972534179688
35576,normal,2286,0,1782358787.318816,0.0018949508666992188
35577,normal,168,0,1782358787.3207364,0.001920461654663086
35578,normal,2366,0,1782358787.3229415,0.0022051334381103516
35579,normal,1364,1,1782358787.324835,0.0018935203552246094
35580,normal,3355,1,1782358787.3266976,0.0018625259399414062
35581,normal,2144,0,1782358787.3289049,0.0022072792053222656
35582,normal,211,0,1782358787.3308418,0.0019369125366210938
35583,normal,1556,0,1782358787.3327086,0.0018668174743652344
35584,normal,83,0,1782358787.334937,0.0022284984588623047
35585,normal,3680,0,1782358787.3368104,0.0018732547760009766
35586,normal,1386,0,1782358787.3387344,0.0019240379333496094
35587,normal,3040,0,1782358787.3409307,0.0021963119506835938
35588,normal,1520,0,1782358787.342822,0.0018913745880126953
35589,normal,3175,1,1782358787.3447032,0.0018811225891113281
35590,normal,82,0,1782358787.34691,0.0022068023681640625
35591,normal,1693,0,1782358787.3488784,0.0019683837890625
35592,normal,3577,0,1782358787.3507285,0.001850128173828125
35593,normal,2048,0,1782358787.3528762,0.002147674560546875
35594,normal,491,0,1782358787.3548281,0.0019519329071044922
35595,normal,3655,0,1782358787.356759,0.0019309520721435547
35596,normal,3480,0,1782358787.3589184,0.0021593570709228516
35597,normal,1819,0,1782358787.3608685,0.0019500255584716797
35598,normal,2889,0,1782358787.362713,0.001844644546508789
35599,normal,1474,0,1782358787.3649309,0.0022177696228027344
35600,normal,1619,0,1782358787.3668463,0.0019154548645019531
35601,normal,2280,0,1782358787.3687184,0.0018720626831054688
35602,normal,410,0,1782358787.3709571,0.002238750457763672
35603,normal,891,2,1782358787.3728714,0.0019142627716064453
35604,normal,952,2,1782358787.3747075,0.0018360614776611328
35605,normal,3213,1,1782358787.3769245,0.0022170543670654297
35606,normal,3400,1,1782358787.3788397,0.0019152164459228516
35607,normal,2597,0,1782358787.3806958,0.001856088638305664
35608,normal,1925,0,1782358787.3829238,0.0022280216217041016
35609,normal,2406,0,1782358787.3848743,0.0019505023956298828
35610,normal,2771,0,1782358787.3866963,0.0018219947814941406
35611,normal,2704,0,1782358787.3888505,0.002154111862182617
35612,normal,737,0,1782358787.3908708,0.0020203590393066406
35613,normal,2781,0,1782358787.3927329,0.0018620491027832031
35614,normal,3416,0,1782358787.3949478,0.0022149085998535156
35615,normal,2654,0,1782358787.3968263,0.001878499984741211
35616,normal,2937,0,1782358787.3986971,0.001870870590209961
35617,normal,160,0,1782358787.4009323,0.0022351741790771484
35618,normal,1435,0,1782358787.4028642,0.001931905746459961
35619,normal,827,2,1782358787.4046981,0.0018339157104492188
35620,normal,2819,0,1782358787.4069269,0.0022287368774414062
35621,normal,2811,0,1782358787.4088237,0.0018968582153320312
35622,normal,3023,0,1782358787.4107418,0.0019180774688720703
35623,normal,368,0,1782358787.4129558,0.0022139549255371094
35624,normal,900,2,1782358787.4148123,0.0018565654754638672
35625,normal,1142,0,1782358787.4167626,0.0019502639770507812
35626,normal,461,0,1782358787.41905,0.0022873878479003906
35627,normal,767,0,1782358787.42072,0.0016701221466064453
35628,normal,1097,0,1782358787.4227157,0.001995563507080078
35629,normal,1647,0,1782358787.424969,0.002253293991088867
35630,normal,435,0,1782358787.4267416,0.0017726421356201172
35631,normal,170,0,1782358787.428861,0.002119302749633789
35632,normal,2716,0,1782358787.4307833,0.0019223690032958984
35633,normal,2717,0,1782358787.4328861,0.0021028518676757812
35634,normal,1237,0,1782358787.4347055,0.0018193721771240234
35635,normal,931,2,1782358787.436929,0.002223491668701172
35636,normal,2806,0,1782358787.4388192,0.0018901824951171875
35637,normal,1916,0,1782358787.4407654,0.0019462108612060547
35638,normal,1626,0,1782358787.4428627,0.0020973682403564453
35639,normal,3614,0,1782358787.444749,0.0018863677978515625
35640,normal,1073,0,1782358787.446869,0.002119779586791992
35641,normal,2841,0,1782358787.448736,0.001867055892944336
35642,normal,2068,0,1782358787.4508898,0.0021538734436035156
35643,normal,2224,0,1782358787.4527018,0.001811981201171875
35644,normal,134,0,1782358787.454858,0.0021562576293945312
35645,normal,412,0,1782358787.4567454,0.0018873214721679688
35646,normal,3411,0,1782358787.458892,0.0021467208862304688
35647,normal,2473,0,1782358787.4607368,0.001844644546508789
35648,normal,1422,0,1782358787.4628677,0.0021309852600097656
35649,normal,2510,0,1782358787.4647002,0.0018324851989746094
35650,normal,3342,1,1782358787.4668636,0.002163410186767578
35651,normal,3171,1,1782358787.468823,0.0019593238830566406
35652,normal,3351,1,1782358787.4707026,0.0018796920776367188
35653,normal,3694,0,1782358787.4728649,0.0021622180938720703
35654,normal,3042,0,1782358787.4747984,0.0019335746765136719
35655,normal,268,0,1782358787.476732,0.0019335746765136719
35656,normal,590,0,1782358787.4788828,0.0021507740020751953
35657,normal,2930,0,1782358787.480821,0.0019381046295166016
35658,normal,3505,0,1782358787.4827003,0.0018794536590576172
35659,normal,2655,0,1782358787.4849339,0.0022335052490234375
35660,normal,2543,0,1782358787.4867456,0.0018117427825927734
35661,normal,1628,0,1782358787.4887335,0.001987934112548828
35662,normal,434,0,1782358787.4908762,0.002142667770385742
35663,normal,806,2,1782358787.4927545,0.0018782615661621094
35664,normal,967,2,1782358787.494728,0.0019736289978027344
35665,normal,330,0,1782358787.4968781,0.0021500587463378906
35666,normal,611,0,1782358787.498829,0.0019507408142089844
35667,normal,719,0,1782358787.500738,0.001909017562866211
35668,normal,1661,0,1782358787.5028903,0.0021524429321289062
35669,normal,2220,0,1782358787.504745,0.0018546581268310547
35670,normal,621,0,1782358787.5067282,0.001983165740966797
35671,normal,1197,0,1782358787.5088859,0.0021576881408691406
35672,normal,1037,0,1782358787.5107431,0.0018572807312011719
35673,normal,588,0,1782358787.5127296,0.0019865036010742188
35674,normal,2369,0,1782358787.514891,0.002161264419555664
35675,normal,614,0,1782358787.516741,0.001850128173828125
35676,normal,301,0,1782358787.518728,0.001986980438232422
35677,normal,3419,0,1782358787.520903,0.0021750926971435547
35678,normal,2643,0,1782358787.5227458,0.0018427371978759766
35679,normal,1404,0,1782358787.5247285,0.0019826889038085938
35680,normal,2333,0,1782358787.5267212,0.0019927024841308594
35681,normal,1768,0,1782358787.5288792,0.002157926559448242
35682,normal,3281,1,1782358787.5306966,0.001817464828491211
35683,normal,562,0,1782358787.5328834,0.0021867752075195312
35684,normal,273,0,1782358787.5347588,0.0018754005432128906
35685,normal,2969,0,1782358787.5367384,0.0019795894622802734
35686,normal,3493,0,1782358787.5389116,0.002173185348510742
35687,normal,231,0,1782358787.5407526,0.0018410682678222656
35688,normal,265,0,1782358787.542741,0.0019884109497070312
35689,normal,949,2,1782358787.5449162,0.0021750926971435547
35690,normal,384,0,1782358787.5467436,0.0018274784088134766
35691,normal,817,2,1782358787.5487268,0.001983165740966797
35692,normal,2008,0,1782358787.5508919,0.002165079116821289
35693,normal,3616,0,1782358787.5528064,0.0019145011901855469
35694,normal,3205,1,1782358787.5546935,0.0018870830535888672
35695,normal,1870,0,1782358787.5569177,0.0022242069244384766
35696,normal,2848,0,1782358787.5587447,0.0018270015716552734
35697,normal,2467,0,1782358787.5607278,0.001983165740966797
35698,normal,2212,0,1782358787.5629194,0.0021915435791015625
35699,normal,1623,0,1782358787.5647597,0.001840353012084961
35700,normal,195,0,1782358787.5667071,0.0019474029541015625
35701,normal,909,2,1782358787.5689244,0.0022172927856445312
35702,normal,1802,0,1782358787.5707467,0.0018222332000732422
35703,normal,2499,0,1782358787.5727272,0.0019805431365966797
35704,normal,2221,0,1782358787.5749185,0.002191305160522461
35705,normal,2782,0,1782358787.5767467,0.0018281936645507812
35706,normal,871,2,1782358787.5787277,0.001981019973754883
35707,normal,1269,0,1782358787.5809433,0.0022156238555908203
35708,normal,823,2,1782358787.5827394,0.0017960071563720703
35709,normal,1296,0,1782358787.584728,0.001988649368286133
35710,normal,3284,1,1782358787.5868573,0.0021293163299560547
35711,normal,2339,0,1782358787.5888207,0.001963376998901367
35712,normal,1889,0,1782358787.5906947,0.0018739700317382812
35713,normal,2145,0,1782358787.5929072,0.0022125244140625
35714,normal,3700,0,1782358787.5948513,0.0019440650939941406
35715,normal,3165,1,1782358787.596692,0.001840829849243164
35716,normal,325,0,1782358787.598944,0.002251863479614258
35717,normal,1168,0,1782358787.6008039,0.001859903335571289
35718,normal,232,0,1782358787.602732,0.001928091049194336
35719,normal,2454,0,1782358787.6049361,0.0022041797637939453
35720,normal,1613,0,1782358787.6068192,0.0018830299377441406
35721,normal,1219,0,1782358787.6086981,0.001878976821899414
35722,normal,2149,0,1782358787.6109252,0.0022270679473876953
35723,normal,2650,0,1782358787.6127942,0.0018689632415771484
35724,normal,2190,0,1782358787.6147265,0.001932382583618164
35725,normal,179,0,1782358787.6169672,0.0022406578063964844
35726,normal,274,0,1782358787.6187322,0.0017650127410888672
35727,normal,961,2,1782358787.620694,0.0019617080688476562
35728,normal,1484,0,1782358787.6229203,0.0022263526916503906
35729,normal,1907,0,1782358787.6248546,0.0019342899322509766
35730,normal,1616,0,1782358787.6266916,0.001837015151977539
35731,normal,406,0,1782358787.6289456,0.002254009246826172
35732,normal,1906,0,1782358787.6308289,0.0018832683563232422
35733,normal,3139,1,1782358787.6327329,0.0019040107727050781
35734,normal,3576,0,1782358787.6349473,0.0022144317626953125
35735,normal,2606,0,1782358787.6367905,0.0018432140350341797
35736,normal,65,0,1782358787.638734,0.0019435882568359375
35737,normal,1336,1,1782358787.6409497,0.0022156238555908203
35738,normal,442,0,1782358787.6428015,0.001851797103881836
35739,normal,493,0,1782358787.644704,0.0019025802612304688
35740,normal,1525,0,1782358787.6469495,0.0022454261779785156
35741,normal,726,0,1782358787.648839,0.0018894672393798828
35742,normal,2352,0,1782358787.6506944,0.0018553733825683594
35743,normal,3228,1,1782358787.6528714,0.002177000045776367
35744,normal,269,0,1782358787.6548226,0.0019512176513671875
35745,normal,1035,0,1782358787.6568608,0.002038240432739258
35746,normal,1413,0,1782358787.6587725,0.0019116401672363281
35747,normal,3436,0,1782358787.6608713,0.0020987987518310547
35748,normal,2080,0,1782358787.6627383,0.001867055892944336
35749,normal,2532,0,1782358787.6648858,0.0021474361419677734
35750,normal,2026,0,1782358787.6667743,0.0018885135650634766
35751,normal,2649,0,1782358787.668867,0.0020928382873535156
35752,normal,367,0,1782358787.67083,0.001962900161743164
35753,normal,1084,0,1782358787.6728597,0.0020296573638916016
35754,normal,287,0,1782358787.6746972,0.0018374919891357422
35755,normal,3357,1,1782358787.6769278,0.0022306442260742188
35756,normal,1719,0,1782358787.6787467,0.0018188953399658203
35757,normal,320,0,1782358787.6807323,0.0019855499267578125
35758,normal,1479,0,1782358787.6828637,0.0021314620971679688
35759,normal,881,2,1782358787.6847475,0.0018837451934814453
35760,normal,2104,0,1782358787.6867332,0.001985788345336914
35761,normal,3687,0,1782358787.6888547,0.002121448516845703
35762,normal,2035,0,1782358787.6908154,0.00196075439453125
35763,normal,2618,0,1782358787.6927009,0.0018854141235351562
35764,normal,2914,0,1782358787.6948614,0.0021605491638183594
35765,normal,1987,0,1782358787.6967933,0.001931905746459961
35766,normal,2967,0,1782358787.698695,0.0019016265869140625
35767,normal,2748,0,1782358787.7008686,0.0021736621856689453
35768,normal,1382,0,1782358787.7028003,0.0019316673278808594
35769,normal,917,2,1782358787.7048585,0.002058267593383789
35770,normal,124,0,1782358787.7067435,0.0018849372863769531
35771,normal,3503,0,1782358787.708872,0.00212860107421875
35772,normal,3479,0,1782358787.7107344,0.0018622875213623047
35773,normal,1551,0,1782358787.7128737,0.0021393299102783203
35774,normal,844,2,1782358787.7147975,0.0019237995147705078
35775,normal,2849,0,1782358787.7168317,0.0020341873168945312
35776,normal,1836,0,1782358787.7187507,0.0019190311431884766
35777,normal,3607,0,1782358787.7208672,0.0021164417266845703
35778,normal,264,0,1782358787.7227812,0.0019140243530273438
35779,normal,2410,0,1782358787.7247272,0.0019459724426269531
35780,normal,578,0,1782358787.726905,0.0021779537200927734
35781,normal,2732,0,1782358787.7287033,0.0017981529235839844
35782,normal,197,0,1782358787.7308939,0.0021905899047851562
35783,normal,3273,1,1782358787.732808,0.0019142627716064453
35784,normal,2023,0,1782358787.7347383,0.00193023681640625
35785,normal,3468,0,1782358787.7369063,0.002167940139770508
35786,normal,2754,0,1782358787.7388134,0.0019071102142333984
35787,normal,3435,0,1782358787.7407374,0.0019240379333496094
35788,normal,3665,0,1782358787.7429066,0.0021691322326660156
35789,normal,3269,1,1782358787.7447438,0.0018372535705566406
35790,normal,3513,0,1782358787.7467341,0.0019903182983398438
35791,normal,705,0,1782358787.7489083,0.0021741390228271484
35792,normal,1896,0,1782358787.7507508,0.001842498779296875
35793,normal,838,2,1782358787.7527578,0.002007007598876953
35794,normal,2797,0,1782358787.7548883,0.0021305084228515625
35795,normal,2113,0,1782358787.7568219,0.0019335746765136719
35796,normal,2021,0,1782358787.7587001,0.0018782615661621094
35797,normal,3310,1,1782358787.7608953,0.002195119857788086
35798,normal,2767,0,1782358787.7628186,0.0019233226776123047
35799,normal,3323,1,1782358787.7647367,0.0019180774688720703
35800,normal,2527,0,1782358787.7669227,0.0021860599517822266
35801,normal,3600,0,1782358787.7687602,0.0018374919891357422
35802,normal,240,0,1782358787.7707036,0.001943349838256836
35803,normal,478,0,1782358787.772917,0.0022134780883789062
35804,normal,1302,0,1782358787.7747622,0.0018451213836669922
35805,normal,809,2,1782358787.7768795,0.0021173954010009766
35806,normal,2215,0,1782358787.778772,0.0018925666809082031
35807,normal,3203,1,1782358787.7808743,0.0021021366119384766
35808,normal,1775,0,1782358787.7827373,0.0018630027770996094
35809,normal,3688,0,1782358787.784926,0.0021886825561523438
35810,normal,933,2,1782358787.7867398,0.0018138885498046875
35811,normal,1680,0,1782358787.7887328,0.001992940902709961
35812,normal,1797,0,1782358787.7909255,0.0021927356719970703
35813,normal,1341,1,1782358787.7927463,0.0018208026885986328
35814,normal,419,0,1782358787.7947638,0.002017498016357422
35815,normal,789,2,1782358787.796899,0.0021352767944335938
35816,normal,2017,0,1782358787.7987385,0.0018393993377685547
35817,normal,1717,0,1782358787.8007393,0.0020008087158203125
35818,normal,2374,0,1782358787.802926,0.0021867752075195312
35819,normal,1427,0,1782358787.8047497,0.0018236637115478516
35820,normal,635,0,1782358787.806738,0.0019881725311279297
35821,normal,323,0,1782358787.8089309,0.002192974090576172
35822,normal,1866,0,1782358787.8107367,0.0018057823181152344
35823,normal,1356,1,1782358787.8127327,0.0019960403442382812
35824,normal,2133,0,1782358787.8149333,0.002200603485107422
35825,normal,697,0,1782358787.8167484,0.0018150806427001953
35826,normal,689,0,1782358787.8187354,0.001986980438232422
35827,normal,1297,0,1782358787.8209364,0.002201080322265625
35828,normal,2970,0,1782358787.822741,0.0018045902252197266
35829,normal,2669,0,1782358787.824734,0.001992940902709961
35830,normal,3216,1,1782358787.82678,0.0020461082458496094
35831,normal,1155,0,1782358787.8288765,0.002096414566040039
35832,normal,3050,1,1782358787.8307195,0.0018429756164550781
35833,normal,1344,1,1782358787.8329568,0.0022373199462890625
35834,normal,778,2,1782358787.8348725,0.0019156932830810547
35835,normal,1695,0,1782358787.8366973,0.0018248558044433594
35836,normal,1823,0,1782358787.8389459,0.002248525619506836
35837,normal,1429,0,1782358787.840818,0.0018720626831054688
35838,normal,2528,0,1782358787.8427355,0.0019176006317138672
35839,normal,2924,0,1782358787.84494,0.002204418182373047
35840,normal,3504,0,1782358787.8467436,0.0018036365509033203
35841,normal,1007,2,1782358787.8487341,0.0019905567169189453
35842,normal,2684,0,1782358787.8509507,0.0022165775299072266
35843,normal,2018,0,1782358787.8527415,0.001790761947631836
35844,normal,3669,0,1782358787.8547394,0.0019979476928710938
35845,normal,89,0,1782358787.8569405,0.002201080322265625
35846,normal,626,0,1782358787.8587475,0.0018069744110107422
35847,normal,518,0,1782358787.860734,0.0019865036010742188
35848,normal,1345,1,1782358787.8629808,0.002246856689453125
35849,normal,3141,1,1782358787.8648324,0.0018515586853027344
35850,normal,1403,0,1782358787.8667116,0.0018792152404785156
35851,normal,1250,0,1782358787.868949,0.0022373199462890625
35852,normal,1245,0,1782358787.8708198,0.001870870590209961
35853,normal,2594,0,1782358787.872736,0.0019161701202392578
35854,normal,1963,0,1782358787.8749528,0.002216815948486328
35855,normal,203,0,1782358787.8767364,0.001783609390258789
35856,normal,994,2,1782358787.8787143,0.0019779205322265625
35857,normal,603,0,1782358787.880934,0.002219676971435547
35858,normal,2574,0,1782358787.8827422,0.00180816650390625
35859,normal,403,0,1782358787.8847375,0.0019953250885009766
35860,normal,16,0,1782358787.8869603,0.002222776412963867
35861,normal,111,0,1782358787.8887346,0.0017743110656738281
35862,normal,1029,2,1782358787.8907015,0.0019669532775878906
35863,normal,347,0,1782358787.8929386,0.002237081527709961
35864,normal,1287,0,1782358787.8947413,0.001802682876586914
35865,normal,2075,0,1782358787.8967388,0.0019974708557128906
35866,normal,804,2,1782358787.8989599,0.0022211074829101562
35867,normal,102,0,1782358787.9008234,0.0018634796142578125
35868,normal,2724,0,1782358787.90274,0.001916646957397461
35869,normal,1820,0,1782358787.9049604,0.0022203922271728516
35870,normal,109,0,1782358787.9068253,0.0018649101257324219
35871,normal,1248,0,1782358787.9087331,0.0019078254699707031
35872,normal,463,0,1782358787.910925,0.002191781997680664
35873,normal,2500,0,1782358787.9127457,0.0018208026885986328
35874,normal,3649,0,1782358787.9147325,0.0019867420196533203
35875,normal,700,0,1782358787.916872,0.002139568328857422
35876,normal,2816,0,1782358787.9188108,0.0019388198852539062
35877,normal,128,0,1782358787.9207678,0.001956939697265625
35878,normal,510,0,1782358787.9228675,0.002099752426147461
35879,normal,1264,0,1782358787.9248335,0.0019659996032714844
35880,normal,3053,1,1782358787.9266999,0.0018663406372070312
35881,normal,2544,0,1782358787.9288664,0.0021665096282958984
35882,normal,481,0,1782358787.9307997,0.0019333362579345703
35883,normal,3475,0,1782358787.9328055,0.0020058155059814453
35884,normal,822,2,1782358787.934737,0.0019314289093017578
35885,normal,1532,0,1782358787.9368694,0.002132415771484375
35886,normal,1854,0,1782358787.9386969,0.0018274784088134766
35887,normal,3314,1,1782358787.940863,0.0021660327911376953
35888,normal,3446,0,1782358787.9427946,0.0019316673278808594
35889,normal,2231,0,1782358787.9448292,0.0020346641540527344
35890,normal,1158,0,1782358787.9467452,0.0019159317016601562
35891,normal,2057,0,1782358787.948873,0.0021278858184814453
35892,normal,3170,1,1782358787.950699,0.0018260478973388672
35893,normal,1414,0,1782358787.9528673,0.0021681785583496094
35894,normal,422,0,1782358787.95479,0.0019228458404541016
35895,normal,2613,0,1782358787.9568558,0.0020656585693359375
35896,normal,3173,1,1782358787.9587505,0.0018947124481201172
35897,normal,159,0,1782358787.9608755,0.0021250247955322266
35898,normal,295,0,1782358787.9626982,0.0018227100372314453
35899,normal,2982,0,1782358787.9648633,0.002165079116821289
35900,normal,244,0,1782358787.9667935,0.00193023681640625
35901,normal,908,2,1782358787.9687397,0.0019462108612060547
35902,normal,2328,0,1782358787.9708846,0.0021448135375976562
35903,normal,893,2,1782358787.972766,0.0018813610076904297
35904,normal,2584,0,1782358787.9747396,0.0019736289978027344
35905,normal,3671,0,1782358787.9769044,0.0021648406982421875
35906,normal,227,0,1782358787.9787855,0.0018811225891113281
35907,normal,1424,0,1782358787.980855,0.0020694732666015625
35908,normal,709,0,1782358787.9827592,0.0019042491912841797
35909,normal,3102,1,1782358787.9848697,0.0021104812622070312
35910,normal,148,0,1782358787.9867373,0.001867532730102539
35911,normal,839,2,1782358787.9888904,0.002153158187866211
35912,normal,486,0,1782358787.9907901,0.00189971923828125
35913,normal,3120,1,1782358787.9928863,0.0020961761474609375
35914,normal,104,0,1782358787.994768,0.0018815994262695312
35915,normal,3088,1,1782358787.9968445,0.0020766258239746094
35916,normal,1550,0,1782358787.9988477,0.002003192901611328
35917,normal,1803,0,1782358788.0007687,0.001920938491821289
35918,normal,1205,0,1782358788.00274,0.0019712448120117188
35919,normal,706,0,1782358788.0047736,0.002033710479736328
35920,normal,828,2,1782358788.0066953,0.0019216537475585938
35921,normal,522,0,1782358788.008906,0.0022106170654296875
35922,normal,3373,1,1782358788.010763,0.0018570423126220703
35923,normal,2047,0,1782358788.0130506,0.002287626266479492
35924,normal,2099,0,1782358788.0148199,0.0017693042755126953
35925,normal,394,0,1782358788.0169146,0.002094745635986328
35926,normal,2115,0,1782358788.0189285,0.0020139217376708984
35927,normal,3104,1,1782358788.0210907,0.0021622180938720703
35928,normal,2759,0,1782358788.0229158,0.001825094223022461
35929,normal,1033,0,1782358788.0249064,0.0019905567169189453
35930,normal,1711,0,1782358788.026728,0.0018215179443359375
35931,normal,1505,0,1782358788.028703,0.0019750595092773438
35932,normal,2460,0,1782358788.030934,0.002231121063232422
35933,normal,1021,2,1782358788.032749,0.0018148422241210938
35934,normal,2426,0,1782358788.034737,0.0019881725311279297
35935,normal,2444,0,1782358788.0369337,0.0021965503692626953
35936,normal,1861,0,1782358788.0387864,0.0018527507781982422
35937,normal,3137,1,1782358788.0406988,0.0019123554229736328
35938,normal,2471,0,1782358788.0427957,0.002096891403198242
35939,normal,3350,1,1782358788.0449436,0.0021479129791259766
35940,normal,2260,0,1782358788.0468926,0.0019490718841552734
35941,normal,455,0,1782358788.0489342,0.0020415782928466797
35942,normal,2901,0,1782358788.0510316,0.0020973682403564453
35943,normal,794,2,1782358788.0527484,0.0017168521881103516
35944,normal,1810,0,1782358788.0550416,0.002293109893798828
35945,normal,408,0,1782358788.056771,0.0017294883728027344
35946,normal,749,0,1782358788.0588899,0.002118825912475586
35947,normal,1735,0,1782358788.060936,0.0020461082458496094
35948,normal,110,0,1782358788.0630257,0.0020897388458251953
35949,normal,2974,0,1782358788.064753,0.0017273426055908203
35950,normal,313,0,1782358788.0669913,0.0022382736206054688
35951,normal,836,2,1782358788.0689223,0.0019309520721435547
35952,normal,3162,1,1782358788.070828,0.001905679702758789
35953,normal,3206,1,1782358788.0729442,0.0021162033081054688
35954,normal,2331,0,1782358788.0750492,0.0021049976348876953
35955,normal,2921,0,1782358788.0767546,0.0017054080963134766
35956,normal,500,0,1782358788.07889,0.0021355152130126953
35957,normal,2696,0,1782358788.080939,0.002048969268798828
35958,normal,3349,1,1782358788.0827408,0.0018017292022705078
35959,normal,2067,0,1782358788.0850945,0.002353668212890625
35960,normal,2625,0,1782358788.0868108,0.0017163753509521484
35961,normal,977,2,1782358788.0889063,0.002095460891723633
35962,normal,1061,0,1782358788.0909524,0.0020461082458496094
35963,normal,2762,0,1782358788.0929534,0.002001047134399414
35964,normal,1235,0,1782358788.0947466,0.0017931461334228516
35965,normal,1123,0,1782358788.0970953,0.002348661422729492
35966,normal,3054,1,1782358788.0988042,0.001708984375
35967,normal,1145,0,1782358788.1009128,0.0021085739135742188
35968,normal,1201,0,1782358788.1028845,0.001971721649169922
35969,normal,2793,0,1782358788.1049287,0.002044200897216797
35970,normal,3681,0,1782358788.1068947,0.0019659996032714844
35971,normal,701,0,1782358788.108967,0.0020723342895507812
35972,normal,1825,0,1782358788.1110194,0.00205230712890625
35973,normal,2488,0,1782358788.1127512,0.00173187255859375
35974,normal,72,0,1782358788.115117,0.0023658275604248047
35975,normal,3169,1,1782358788.116814,0.0016968250274658203
35976,normal,699,0,1782358788.118915,0.0021011829376220703
35977,normal,612,0,1782358788.120974,0.0020589828491210938
35978,normal,2355,0,1782358788.1229641,0.001990079879760742
35979,normal,2193,0,1782358788.1247733,0.0018091201782226562
35980,normal,1350,1,1782358788.127091,0.002317667007446289
35981,normal,643,0,1782358788.12882,0.0017290115356445312
35982,normal,674,0,1782358788.1309125,0.002092599868774414
35983,normal,1754,0,1782358788.1329684,0.0020558834075927734
35984,normal,799,2,1782358788.134953,0.0019845962524414062
35985,normal,2968,0,1782358788.1367397,0.0017867088317871094
35986,normal,2916,0,1782358788.139085,0.0023453235626220703
35987,normal,3534,0,1782358788.1408134,0.0017282962799072266
35988,normal,3583,0,1782358788.1429164,0.002103090286254883
35989,normal,3285,1,1782358788.144939,0.0020225048065185547
35990,normal,3164,1,1782358788.1469567,0.0020177364349365234
35991,normal,2290,0,1782358788.1487408,0.0017840862274169922
35992,normal,2665,0,1782358788.1511164,0.0023756027221679688
35993,normal,3049,1,1782358788.152891,0.0017745494842529297
35994,normal,2802,0,1782358788.1547456,0.0018546581268310547
35995,normal,1607,0,1782358788.1570344,0.002288818359375
35996,normal,2595,0,1782358788.158843,0.0018086433410644531
35997,normal,2512,0,1782358788.1607919,0.0019488334655761719
35998,normal,3313,1,1782358788.1629472,0.002155303955078125
35999,normal,60,0,1782358788.164995,0.0020477771759033203
36000,normal,1196,0,1782358788.1668913,0.0018963813781738281
36001,normal,2165,0,1782358788.168923,0.002031564712524414
36002,normal,1853,0,1782358788.1709476,0.0020246505737304688
36003,normal,896,2,1782358788.1727538,0.0018062591552734375
36004,normal,402,0,1782358788.174986,0.002232074737548828
36005,normal,190,0,1782358788.1768856,0.00189971923828125
36006,normal,326,0,1782358788.1787293,0.0018436908721923828
36007,normal,467,0,1782358788.1809049,0.002175569534301758
36008,normal,1004,2,1782358788.1828768,0.0019719600677490234
36009,normal,1544,0,1782358788.1847763,0.0018994808197021484
36010,normal,3324,1,1782358788.186751,0.0019745826721191406
36011,normal,3627,0,1782358788.1888878,0.0021369457244873047
36012,normal,1629,0,1782358788.1907346,0.0018467903137207031
36013,normal,291,0,1782358788.192892,0.002157449722290039
36014,normal,3643,0,1782358788.1948745,0.001982450485229492
36015,normal,776,2,1782358788.1967263,0.001851797103881836
36016,normal,858,2,1782358788.198893,0.002166748046875
36017,normal,1748,0,1782358788.200878,0.001984834671020508
36018,normal,1968,0,1782358788.2027254,0.0018475055694580078
36019,normal,3016,0,1782358788.2047586,0.002033233642578125
36020,normal,315,0,1782358788.2068899,0.002131223678588867
36021,normal,2092,0,1782358788.208729,0.0018391609191894531
36022,normal,3408,0,1782358788.2108974,0.002168416976928711
36023,normal,237,0,1782358788.2128773,0.001979827880859375
36024,normal,2275,0,1782358788.2147267,0.0018494129180908203
36025,normal,1209,0,1782358788.2169,0.0021734237670898438
36026,normal,3186,1,1782358788.218886,0.001985788345336914
36027,normal,2112,0,1782358788.2207265,0.0018405914306640625
36028,normal,1637,0,1782358788.222902,0.002175569534301758
36029,normal,3610,0,1782358788.2248743,0.001972198486328125
36030,normal,914,2,1782358788.226727,0.0018527507781982422
36031,normal,999,2,1782358788.2289045,0.0021774768829345703
36032,normal,409,0,1782358788.2308881,0.001983642578125
36033,normal,1195,0,1782358788.2327297,0.0018415451049804688
36034,normal,2096,0,1782358788.2349064,0.0021767616271972656
36035,normal,225,0,1782358788.2368858,0.001979351043701172
36036,normal,897,2,1782358788.2387266,0.001840829849243164
36037,normal,1497,0,1782358788.240909,0.002182483673095703
36038,normal,600,0,1782358788.2428844,0.0019752979278564453
36039,normal,154,0,1782358788.2447257,0.0018413066864013672
36040,normal,3134,1,1782358788.246912,0.002186298370361328
36041,normal,2241,0,1782358788.2488852,0.0019731521606445312
36042,normal,396,0,1782358788.250726,0.001840829849243164
36043,normal,3676,0,1782358788.252898,0.0021719932556152344
36044,normal,3293,1,1782358788.254878,0.0019800662994384766
36045,normal,1402,0,1782358788.256727,0.0018489360809326172
36046,normal,2131,0,1782358788.258917,0.002190113067626953
36047,normal,1454,0,1782358788.2608774,0.001960277557373047
36048,normal,984,2,1782358788.2627287,0.0018513202667236328
36049,normal,1982,0,1782358788.2649202,0.0021915435791015625
36050,normal,980,2,1782358788.2668731,0.0019528865814208984
36051,normal,366,0,1782358788.2687323,0.0018591880798339844
36052,normal,2459,0,1782358788.270921,0.0021886825561523438
36053,normal,580,0,1782358788.2728753,0.001954317092895508
36054,normal,2801,0,1782358788.2747257,0.0018503665924072266
36055,normal,852,2,1782358788.276928,0.002202272415161133
36056,normal,1690,0,1782358788.278883,0.0019550323486328125
36057,normal,2919,0,1782358788.280726,0.0018429756164550781
36058,normal,1592,0,1782358788.282926,0.0022001266479492188
36059,normal,3200,1,1782358788.2848752,0.0019490718841552734
36060,normal,37,0,1782358788.2867274,0.001852273941040039
36061,normal,426,0,1782358788.2889295,0.0022020339965820312
36062,normal,1586,0,1782358788.2908769,0.0019474029541015625
36063,normal,1580,0,1782358788.292726,0.0018491744995117188
36064,normal,1554,0,1782358788.2949314,0.002205371856689453
36065,normal,2805,0,1782358788.2968748,0.001943349838256836
36066,normal,2051,0,1782358788.2987258,0.0018510818481445312
36067,normal,3654,0,1782358788.3009334,0.002207517623901367
36068,normal,2823,0,1782358788.302868,0.0019345283508300781
36069,normal,3338,1,1782358788.3047261,0.0018582344055175781
36070,normal,427,0,1782358788.306936,0.002209901809692383
36071,normal,2769,0,1782358788.3088772,0.0019412040710449219
36072,normal,1731,0,1782358788.3107257,0.001848459243774414
36073,normal,3353,1,1782358788.312937,0.002211332321166992
36074,normal,3531,0,1782358788.3148677,0.0019307136535644531
36075,normal,254,0,1782358788.3167276,0.001859903335571289
36076,normal,59,0,1782358788.318942,0.0022144317626953125
36077,normal,1204,0,1782358788.3208685,0.001926422119140625
36078,normal,1788,0,1782358788.3227248,0.0018563270568847656
36079,normal,1610,0,1782358788.3249435,0.0022187232971191406
36080,normal,667,0,1782358788.326876,0.001932382583618164
36081,normal,3409,0,1782358788.3287256,0.0018496513366699219
36082,normal,668,0,1782358788.3309402,0.002214670181274414
36083,normal,3291,1,1782358788.3328695,0.0019292831420898438
36084,normal,1011,2,1782358788.3347278,0.0018582344055175781
36085,normal,904,2,1782358788.3369477,0.0022199153900146484
36086,normal,332,0,1782358788.338883,0.0019352436065673828
36087,normal,2741,0,1782358788.340727,0.001844167709350586
36088,normal,1212,0,1782358788.3428905,0.002163410186767578
36089,normal,1224,0,1782358788.3448813,0.001990795135498047
36090,normal,3364,1,1782358788.3467317,0.0018503665924072266
36091,normal,275,0,1782358788.3491056,0.002373933792114258
36092,normal,213,0,1782358788.350833,0.0017273426055908203
36093,normal,2076,0,1782358788.3527522,0.0019192695617675781
36094,normal,3601,0,1782358788.3549821,0.002229928970336914
36095,normal,1457,0,1782358788.3568904,0.0019083023071289062
36096,normal,825,2,1782358788.358731,0.0018405914306640625
36097,normal,1051,0,1782358788.3609102,0.0021791458129882812
36098,normal,1494,0,1782358788.36288,0.0019698143005371094
36099,normal,1542,0,1782358788.3647046,0.0018246173858642578
36100,normal,1407,0,1782358788.3669026,0.0021979808807373047
36101,normal,1676,0,1782358788.36886,0.001957416534423828
36102,normal,2110,0,1782358788.3706977,0.0018377304077148438
36103,normal,2857,0,1782358788.3729,0.002202272415161133
36104,normal,1135,0,1782358788.3748693,0.0019693374633789062
36105,normal,1369,1,1782358788.3767014,0.0018320083618164062
36106,normal,222,0,1782358788.3789191,0.0022177696228027344
36107,normal,2380,0,1782358788.380848,0.0019288063049316406
36108,normal,2393,0,1782358788.3826942,0.0018463134765625
36109,normal,2069,0,1782358788.3849068,0.0022125244140625
36110,normal,150,0,1782358788.38689,0.001983165740966797
36111,normal,3299,1,1782358788.388693,0.0018031597137451172
36112,normal,2054,0,1782358788.3909059,0.0022127628326416016
36113,normal,473,0,1782358788.392866,0.0019600391387939453
36114,normal,2765,0,1782358788.3946939,0.0018279552459716797
36115,normal,492,0,1782358788.3968992,0.002205371856689453
36116,normal,3343,1,1782358788.3988638,0.001964569091796875
36117,normal,821,2,1782358788.4006946,0.0018308162689208984
36118,normal,3337,1,1782358788.4029016,0.002207040786743164
36119,normal,220,0,1782358788.4048736,0.0019719600677490234
36120,normal,2334,0,1782358788.406694,0.0018203258514404297
36121,normal,3046,1,1782358788.4089055,0.0022115707397460938
36122,normal,1750,0,1782358788.4108655,0.0019600391387939453
36123,normal,3266,1,1782358788.4126942,0.0018286705017089844
36124,normal,2746,0,1782358788.4149053,0.0022110939025878906
36125,normal,2209,0,1782358788.4168632,0.0019578933715820312
36126,normal,2736,0,1782358788.4186957,0.0018324851989746094
36127,normal,571,0,1782358788.4209018,0.002206087112426758
36128,normal,2034,0,1782358788.4228694,0.0019676685333251953
36129,normal,1262,0,1782358788.4247124,0.0018429756164550781
36130,normal,2881,0,1782358788.4268856,0.002173185348510742
36131,normal,3073,1,1782358788.4288247,0.0019390583038330078
36132,normal,1578,0,1782358788.430694,0.0018694400787353516
36133,normal,2522,0,1782358788.4328945,0.0022003650665283203
36134,normal,3101,1,1782358788.434861,0.0019664764404296875
36135,normal,2237,0,1782358788.4366913,0.0018303394317626953
36136,normal,3519,0,1782358788.438891,0.0021996498107910156
36137,normal,996,2,1782358788.4408302,0.0019392967224121094
36138,normal,1057,0,1782358788.4426935,0.001863241195678711
36139,normal,1376,1,1782358788.4448879,0.0021944046020507812
36140,normal,158,0,1782358788.4468424,0.0019545555114746094
36141,normal,2678,0,1782358788.4486926,0.001850128173828125
36142,normal,2245,0,1782358788.450897,0.002204418182373047
36143,normal,2856,0,1782358788.4528332,0.001936197280883789
36144,normal,1285,0,1782358788.4546936,0.0018603801727294922
36145,normal,423,0,1782358788.4568925,0.002198934555053711
36146,normal,2228,0,1782358788.4588554,0.001962900161743164
36147,normal,284,0,1782358788.4606934,0.0018379688262939453
36148,normal,130,0,1782358788.4629004,0.002207040786743164
36149,normal,1585,0,1782358788.464845,0.0019445419311523438
36150,normal,2289,0,1782358788.466694,0.0018491744995117188
36151,normal,3698,0,1782358788.4688973,0.002203226089477539
36152,normal,1869,0,1782358788.4708312,0.0019338130950927734
36153,normal,695,0,1782358788.4726894,0.0018582344055175781
36154,normal,1067,0,1782358788.474906,0.0022165775299072266
36155,normal,655,0,1782358788.476847,0.0019409656524658203
36156,normal,3433,0,1782358788.478695,0.001847982406616211
36157,normal,142,0,1782358788.480905,0.0022101402282714844
36158,normal,753,0,1782358788.4828298,0.001924753189086914
36159,normal,2667,0,1782358788.4846902,0.0018603801727294922
36160,normal,24,0,1782358788.48691,0.0022199153900146484
36161,normal,3172,1,1782358788.4888172,0.0019071102142333984
36162,normal,1111,0,1782358788.4907,0.001882791519165039
36163,normal,1132,0,1782358788.492907,0.002207040786743164
36164,normal,1110,0,1782358788.4948251,0.0019180774688720703
36165,normal,2548,0,1782358788.4966893,0.0018641948699951172
36166,normal,543,0,1782358788.4989142,0.0022249221801757812
36167,normal,2391,0,1782358788.5008173,0.0019030570983886719
36168,normal,2428,0,1782358788.502703,0.0018856525421142578
36169,normal,2799,0,1782358788.5049183,0.0022153854370117188
36170,normal,1347,1,1782358788.5068448,0.001926422119140625
36171,normal,2854,0,1782358788.5086894,0.001844644546508789
36172,normal,872,2,1782358788.5108542,0.0021648406982421875
36173,normal,1749,0,1782358788.5128357,0.001981496810913086
36174,normal,740,0,1782358788.5146914,0.001855611801147461
36175,normal,982,2,1782358788.5168524,0.0021610260009765625
36176,normal,1433,0,1782358788.5188477,0.0019953250885009766
36177,normal,2910,0,1782358788.5206885,0.001840829849243164
36178,normal,2865,0,1782358788.52286,0.0021715164184570312
36179,normal,136,0,1782358788.524843,0.0019829273223876953
36180,normal,328,0,1782358788.5267038,0.0018608570098876953
36181,normal,1943,0,1782358788.5288556,0.0021517276763916016
36182,normal,1137,0,1782358788.5308542,0.0019986629486083984
36183,normal,3662,0,1782358788.532692,0.0018377304077148438
36184,normal,594,0,1782358788.534956,0.0022640228271484375
36185,normal,681,0,1782358788.536841,0.0018849372863769531
36186,normal,1452,0,1782358788.5386915,0.0018506050109863281
36187,normal,1091,0,1782358788.5408607,0.0021691322326660156
36188,normal,2554,0,1782358788.5428622,0.002001523971557617
36189,normal,523,0,1782358788.5446918,0.0018296241760253906
36190,normal,2078,0,1782358788.546868,0.0021762847900390625
36191,normal,1483,0,1782358788.5488396,0.0019714832305908203
36192,normal,1331,1,1782358788.550691,0.0018513202667236328
36193,normal,1172,0,1782358788.552866,0.0021750926971435547
36194,normal,1964,0,1782358788.5548344,0.0019683837890625
36195,normal,1256,0,1782358788.5566888,0.0018544197082519531
36196,normal,3096,1,1782358788.5588722,0.0021834373474121094
36197,normal,1103,0,1782358788.5608318,0.001959562301635742
36198,normal,137,0,1782358788.562692,0.0018601417541503906
36199,normal,3484,0,1782358788.5648694,0.0021774768829345703
36200,normal,2573,0,1782358788.5668337,0.0019643306732177734
36201,normal,3405,0,1782358788.56869,0.0018563270568847656
36202,normal,1008,2,1782358788.570877,0.002187013626098633
36203,normal,2416,0,1782358788.5728314,0.001954317092895508
36204,normal,966,2,1782358788.5746918,0.0018603801727294922
36205,normal,324,0,1782358788.576881,0.002189159393310547
36206,normal,2598,0,1782358788.5788312,0.0019502639770507812
36207,normal,669,0,1782358788.5807173,0.001886129379272461
36208,normal,2246,0,1782358788.5829072,0.0021898746490478516
36209,normal,920,2,1782358788.5848508,0.0019435882568359375
36210,normal,946,2,1782358788.5866919,0.0018410682678222656
36211,normal,2758,0,1782358788.5888817,0.0021898746490478516
36212,normal,926,2,1782358788.590847,0.0019652843475341797
36213,normal,3438,0,1782358788.592689,0.0018420219421386719
36214,normal,3211,1,1782358788.594891,0.0022020339965820312
36215,normal,2059,0,1782358788.5968397,0.0019485950469970703
36216,normal,1133,0,1782358788.598693,0.0018532276153564453
36217,normal,360,0,1782358788.6008825,0.00218963623046875
36218,normal,3240,1,1782358788.6028426,0.0019600391387939453
36219,normal,824,2,1782358788.604689,0.0018463134765625
36220,normal,2382,0,1782358788.6068947,0.0022058486938476562
36221,normal,2029,0,1782358788.6088452,0.0019505023956298828
36222,normal,520,0,1782358788.6106918,0.0018465518951416016
36223,normal,3154,1,1782358788.6128926,0.0022008419036865234
36224,normal,2157,0,1782358788.6148431,0.0019505023956298828
36225,normal,979,2,1782358788.6166887,0.0018455982208251953
36226,normal,2166,0,1782358788.6189132,0.002224445343017578
36227,normal,1348,1,1782358788.6213913,0.0024781227111816406
36228,normal,745,0,1782358788.622684,0.0012927055358886719
36229,normal,1213,0,1782358788.6248968,0.0022127628326416016
36230,normal,3194,1,1782358788.6267674,0.0018706321716308594
36231,normal,3542,0,1782358788.6287005,0.0019330978393554688
36232,normal,3247,1,1782358788.6308994,0.002198934555053711
36233,normal,2836,0,1782358788.6327376,0.0018382072448730469
36234,normal,530,0,1782358788.6346922,0.0019545555114746094
36235,normal,888,2,1782358788.6367347,0.002042531967163086
36236,normal,1506,0,1782358788.6388824,0.002147674560546875
36237,normal,1612,0,1782358788.640692,0.0018095970153808594
36238,normal,2676,0,1782358788.6429002,0.002208232879638672
36239,normal,3483,0,1782358788.6447623,0.0018620491027832031
36240,normal,2077,0,1782358788.6466918,0.0019295215606689453
36241,normal,3633,0,1782358788.6488965,0.0022046566009521484
36242,normal,1713,0,1782358788.6507359,0.0018393993377685547
36243,normal,1173,0,1782358788.6526878,0.0019519329071044922
36244,normal,3645,0,1782358788.6549063,0.002218484878540039
36245,normal,139,0,1782358788.6567302,0.0018239021301269531
36246,normal,3661,0,1782358788.6587057,0.001975536346435547
36247,normal,357,0,1782358788.6609051,0.002199411392211914
36248,normal,707,0,1782358788.6627378,0.001832723617553711
36249,normal,1030,0,1782358788.6646943,0.001956462860107422
36250,normal,3658,0,1782358788.6668859,0.0021915435791015625
36251,normal,2860,0,1782358788.668915,0.0020291805267333984
36252,normal,2191,0,1782358788.6706936,0.0017786026000976562
36253,normal,2208,0,1782358788.672894,0.0022003650665283203
36254,normal,2640,0,1782358788.6748426,0.0019485950469970703
36255,normal,2634,0,1782358788.676693,0.0018503665924072266
36256,normal,1873,0,1782358788.6788929,0.002199888229370117
36257,normal,3262,1,1782358788.680833,0.0019402503967285156
36258,normal,1753,0,1782358788.682692,0.0018589496612548828
36259,normal,2470,0,1782358788.6848967,0.0022046566009521484
36260,normal,1897,0,1782358788.6868343,0.0019376277923583984
36261,normal,2003,0,1782358788.6886942,0.001859903335571289
36262,normal,3312,1,1782358788.6908684,0.0021741390228271484
36263,normal,1527,0,1782358788.6928444,0.00197601318359375
36264,normal,1211,0,1782358788.6946929,0.001848459243774414
36265,normal,3055,1,1782358788.6969025,0.0022096633911132812
36266,normal,515,0,1782358788.6988666,0.001964092254638672
36267,normal,951,2,1782358788.7006948,0.0018281936645507812
36268,normal,2184,0,1782358788.7029006,0.0022058486938476562
36269,normal,3277,1,1782358788.7048302,0.0019295215606689453
36270,normal,918,2,1782358788.706694,0.001863718032836914
36271,normal,392,0,1782358788.708906,0.002212047576904297
36272,normal,3696,0,1782358788.710827,0.0019211769104003906
36273,normal,3512,0,1782358788.7126935,0.0018663406372070312
36274,normal,2322,0,1782358788.714907,0.0022134780883789062
36275,normal,3142,1,1782358788.716827,0.0019199848175048828
36276,normal,1096,0,1782358788.7186925,0.0018656253814697266
36277,normal,1384,0,1782358788.7209158,0.0022232532501220703
36278,normal,2181,0,1782358788.7227013,0.0017855167388916016
36279,normal,973,2,1782358788.7248828,0.002181529998779297
36280,normal,2913,0,1782358788.726912,0.0020291805267333984
36281,normal,3674,0,1782358788.7289333,0.002021312713623047
36282,normal,3476,0,1782358788.7307374,0.0018041133880615234
36283,normal,120,0,1782358788.732937,0.0021996498107910156
36284,normal,2798,0,1782358788.734838,0.0019009113311767578
36285,normal,675,0,1782358788.7367055,0.001867532730102539
36286,normal,816,2,1782358788.7389164,0.002210855484008789
36287,normal,1146,0,1782358788.7408185,0.0019021034240722656
36288,normal,862,2,1782358788.742694,0.0018754005432128906
36289,normal,2957,0,1782358788.7448943,0.0022003650665283203
36290,normal,1101,0,1782358788.7468503,0.0019559860229492188
36291,normal,1794,0,1782358788.7486959,0.0018455982208251953
36292,normal,383,0,1782358788.750857,0.002161264419555664
36293,normal,1191,0,1782358788.7528403,0.001983165740966797
36294,normal,446,0,1782358788.754694,0.0018537044525146484
36295,normal,3632,0,1782358788.7568686,0.0021746158599853516
36296,normal,2232,0,1782358788.7588496,0.001981019973754883
36297,normal,2249,0,1782358788.7606938,0.001844167709350586
36298,normal,1922,0,1782358788.762862,0.0021681785583496094
36299,normal,2197,0,1782358788.7648358,0.001973867416381836
36300,normal,285,0,1782358788.7666936,0.001857757568359375
36301,normal,644,0,1782358788.7688682,0.0021746158599853516
36302,normal,2152,0,1782358788.7708447,0.001976490020751953
36303,normal,3555,0,1782358788.7726946,0.0018498897552490234
36304,normal,2733,0,1782358788.7748656,0.002171039581298828
36305,normal,572,0,1782358788.7768886,0.002022981643676758
36306,normal,1456,0,1782358788.7786958,0.0018072128295898438
36307,normal,2898,0,1782358788.7808695,0.0021736621856689453
36308,normal,370,0,1782358788.7828462,0.0019767284393310547
36309,normal,3659,0,1782358788.784694,0.0018477439880371094
36310,normal,1747,0,1782358788.7868774,0.0021834373474121094
36311,normal,716,0,1782358788.788839,0.0019617080688476562
36312,normal,732,0,1782358788.7906952,0.001856088638305664
36313,normal,117,0,1782358788.7929416,0.002246379852294922
36314,normal,2085,0,1782358788.7947955,0.00185394287109375
36315,normal,3160,1,1782358788.7966967,0.0019011497497558594
36316,normal,270,0,1782358788.7988749,0.002178192138671875
36317,normal,2609,0,1782358788.8008382,0.001963376998901367
36318,normal,29,0,1782358788.8026967,0.0018584728240966797
36319,normal,565,0,1782358788.8048794,0.0021827220916748047
36320,normal,3290,1,1782358788.806834,0.0019545555114746094
36321,normal,2298,0,1782358788.808696,0.0018620491027832031
36322,normal,2327,0,1782358788.8108785,0.002182483673095703
36323,normal,1340,1,1782358788.8128357,0.0019571781158447266
36324,normal,1755,0,1782358788.8147035,0.0018677711486816406
36325,normal,987,2,1782358788.816889,0.0021855831146240234
36326,normal,1826,0,1782358788.8188617,0.001972675323486328
36327,normal,43,0,1782358788.820696,0.0018343925476074219
36328,normal,617,0,1782358788.8228886,0.0021924972534179688
36329,normal,1183,0,1782358788.824841,0.0019524097442626953
36330,normal,2141,0,1782358788.8266926,0.0018515586853027344
36331,normal,92,0,1782358788.828901,0.0022084712982177734
36332,normal,299,0,1782358788.8309338,0.002032756805419922
36333,normal,1929,0,1782358788.832721,0.0017871856689453125
36334,normal,1125,0,1782358788.83491,0.0021889209747314453
36335,normal,3163,1,1782358788.8368313,0.0019214153289794922
36336,normal,3396,1,1782358788.8386936,0.0018622875213623047
36337,normal,207,0,1782358788.8408918,0.0021982192993164062
36338,normal,204,0,1782358788.8428254,0.0019335746765136719
36339,normal,477,0,1782358788.844698,0.0018725395202636719
36340,normal,2551,0,1782358788.8468983,0.0022003650665283203
36341,normal,2845,0,1782358788.8489213,0.002022981643676758
36342,normal,1899,0,1782358788.850692,0.0017707347869873047
36343,normal,3274,1,1782358788.852902,0.002209901809692383
36344,normal,564,0,1782358788.854841,0.0019390583038330078
36345,normal,3602,0,1782358788.8566942,0.0018532276153564453
36346,normal,339,0,1782358788.8589025,0.002208232879638672
36347,normal,3246,1,1782358788.8608382,0.001935720443725586
36348,normal,1027,2,1782358788.8626945,0.0018563270568847656
36349,normal,3179,1,1782358788.8649073,0.0022127628326416016
36350,normal,629,0,1782358788.866834,0.0019266605377197266
36351,normal,1646,0,1782358788.8686948,0.0018608570098876953
36352,normal,3,0,1782358788.8709056,0.002210855484008789
36353,normal,2626,0,1782358788.8728378,0.0019321441650390625
36354,normal,2840,0,1782358788.8747017,0.0018639564514160156
36355,normal,892,2,1782358788.8769004,0.0021986961364746094
36356,normal,1847,0,1782358788.8788345,0.001934051513671875
36357,normal,2360,0,1782358788.8806956,0.0018610954284667969
36358,normal,1900,0,1782358788.8828764,0.002180814743041992
36359,normal,2663,0,1782358788.8849313,0.002054929733276367
36360,normal,389,0,1782358788.8866997,0.001768350601196289
36361,normal,1246,0,1782358788.8889048,0.0022051334381103516
36362,normal,379,0,1782358788.8908422,0.0019373893737792969
36363,normal,2731,0,1782358788.8927026,0.0018603801727294922
36364,normal,865,2,1782358788.8949058,0.002203226089477539
36365,normal,3048,1,1782358788.896843,0.0019371509552001953
36366,normal,545,0,1782358788.8986938,0.0018508434295654297
36367,normal,2870,0,1782358788.900907,0.0022132396697998047
36368,normal,570,0,1782358788.902847,0.001940011978149414
36369,normal,103,0,1782358788.9046936,0.0018465518951416016
36370,normal,1418,0,1782358788.906886,0.0021924972534179688
36371,normal,1254,0,1782358788.9088373,0.0019512176513671875
36372,normal,3686,0,1782358788.9106936,0.0018563270568847656
36373,normal,2784,0,1782358788.9128928,0.0021991729736328125
36374,normal,1784,0,1782358788.914825,0.0019321441650390625
36375,normal,2452,0,1782358788.916694,0.0018689632415771484
36376,normal,3567,0,1782358788.918891,0.0021970272064208984
36377,normal,3057,1,1782358788.9208193,0.0019283294677734375
36378,normal,437,0,1782358788.9226923,0.001873016357421875
36379,normal,482,0,1782358788.9248984,0.002206087112426758
36380,normal,1400,0,1782358788.9268198,0.0019214153289794922
36381,normal,2409,0,1782358788.9287133,0.0018935203552246094
36382,normal,511,0,1782358788.9308717,0.0021584033966064453
36383,normal,2847,0,1782358788.9328988,0.0020270347595214844
36384,normal,1837,0,1782358788.9347026,0.0018038749694824219
36385,normal,2915,0,1782358788.936872,0.002169370651245117
36386,normal,3382,1,1782358788.938815,0.0019431114196777344
36387,normal,516,0,1782358788.9406867,0.0018715858459472656
36388,normal,903,2,1782358788.9429078,0.0022211074829101562
36389,normal,1776,0,1782358788.9448276,0.0019197463989257812
36390,normal,3043,0,1782358788.9466288,0.0018012523651123047
36391,normal,2171,0,1782358788.9488928,0.0022640228271484375
36392,normal,2685,0,1782358788.9508274,0.0019345283508300781
36393,normal,2666,0,1782358788.952696,0.0018687248229980469
36394,normal,1534,0,1782358788.954908,0.0022118091583251953
36395,normal,252,0,1782358788.956849,0.0019412040710449219
36396,normal,1087,0,1782358788.9586954,0.0018463134765625
36397,normal,3596,0,1782358788.9609144,0.002218961715698242
36398,normal,2480,0,1782358788.9628475,0.0019330978393554688
36399,normal,2976,0,1782358788.9646943,0.0018467903137207031
36400,normal,3606,0,1782358788.9669108,0.0022165775299072266
36401,normal,283,0,1782358788.9688199,0.001909017562866211
36402,normal,2093,0,1782358788.970748,0.001928091049194336
36403,normal,3092,1,1782358788.9727767,0.0020287036895751953
36404,normal,2282,0,1782358788.974886,0.0021092891693115234
36405,normal,1683,0,1782358788.976696,0.0018100738525390625
36406,normal,993,2,1782358788.9789152,0.0022192001342773438
36407,normal,496,0,1782358788.9808147,0.0018994808197021484
36408,normal,1688,0,1782358788.9826958,0.0018811225891113281
36409,normal,857,2,1782358788.9849088,0.002213001251220703
36410,normal,539,0,1782358788.9868274,0.0019185543060302734
36411,normal,1868,0,1782358788.9886947,0.0018672943115234375
36412,normal,3403,0,1782358788.990852,0.002157449722290039
36413,normal,1565,0,1782358788.9928315,0.001979351043701172
36414,normal,302,0,1782358788.9946952,0.001863718032836914
36415,normal,2648,0,1782358788.996856,0.002160787582397461
36416,normal,2343,0,1782358788.9988334,0.0019774436950683594
36417,normal,3652,0,1782358789.0007007,0.0018672943115234375
36418,normal,36,0,1782358789.0028577,0.002156972885131836
36419,normal,1112,0,1782358789.0048258,0.0019681453704833984
36420,normal,2877,0,1782358789.006694,0.0018682479858398438
36421,normal,1970,0,1782358789.0088658,0.002171754837036133
36422,normal,2810,0,1782358789.010836,0.001970052719116211
36423,normal,692,0,1782358789.012705,0.00186920166015625
36424,normal,3117,1,1782358789.014866,0.0021610260009765625
36425,normal,1255,0,1782358789.0168543,0.0019881725311279297
36426,normal,922,2,1782358789.0186965,0.0018422603607177734
36427,normal,1560,0,1782358789.0208724,0.0021758079528808594
36428,normal,1193,0,1782358789.022829,0.0019567012786865234
36429,normal,3052,1,1782358789.0246968,0.0018677711486816406
36430,normal,2230,0,1782358789.0268695,0.002172708511352539
36431,normal,3015,0,1782358789.028828,0.0019583702087402344
36432,normal,2607,0,1782358789.0306942,0.0018663406372070312
36433,normal,290,0,1782358789.032875,0.002180814743041992
36434,normal,411,0,1782358789.0348334,0.0019583702087402344
36435,normal,928,2,1782358789.0366957,0.0018622875213623047
36436,normal,1960,0,1782358789.0388725,0.0021767616271972656
36437,normal,88,0,1782358789.0408332,0.00196075439453125
36438,normal,1715,0,1782358789.0426967,0.0018634796142578125
36439,normal,620,0,1782358789.0448759,0.0021791458129882812
36440,normal,1266,0,1782358789.0468237,0.0019478797912597656
36441,normal,3464,0,1782358789.048703,0.0018792152404785156
36442,normal,1025,2,1782358789.050878,0.0021750926971435547
36443,normal,2229,0,1782358789.0528305,0.0019524097442626953
36444,normal,1380,1,1782358789.054694,0.0018634796142578125
36445,normal,212,0,1782358789.0568836,0.00218963623046875
36446,normal,1591,0,1782358789.058842,0.0019583702087402344
36447,normal,3695,0,1782358789.0606985,0.0018565654754638672
36448,normal,1671,0,1782358789.062886,0.002187490463256836
36449,normal,1412,0,1782358789.064829,0.0019431114196777344
36450,normal,353,0,1782358789.0666943,0.0018651485443115234
36451,normal,1944,0,1782358789.068888,0.0021936893463134766
36452,normal,1355,1,1782358789.0707426,0.0018546581268310547
36453,normal,2402,0,1782358789.0726974,0.001954793930053711
36454,normal,1721,0,1782358789.074892,0.002194643020629883
36455,normal,3131,1,1782358789.0768228,0.0019307136535644531
36456,normal,2744,0,1782358789.0786946,0.0018718242645263672
36457,normal,1526,0,1782358789.0808737,0.0021791458129882812
36458,normal,3219,1,1782358789.0828383,0.001964569091796875
36459,normal,2164,0,1782358789.0846949,0.0018565654754638672
36460,normal,3208,1,1782358789.0868983,0.0022034645080566406
36461,normal,2462,0,1782358789.088847,0.0019485950469970703
36462,normal,1229,0,1782358789.0906925,0.0018455982208251953
36463,normal,3234,1,1782358789.092902,0.0022094249725341797
36464,normal,2415,0,1782358789.0948255,0.0019235610961914062
36465,normal,2296,0,1782358789.096695,0.0018694400787353516
36466,normal,1288,0,1782358789.0988567,0.002161741256713867
36467,normal,1138,0,1782358789.1007535,0.0018968582153320312
36468,normal,939,2,1782358789.1026428,0.0018892288208007812
36469,normal,3336,1,1782358789.1048133,0.002170562744140625
36470,normal,2010,0,1782358789.1067412,0.0019278526306152344
36471,normal,1878,0,1782358789.1086416,0.0019004344940185547
36472,normal,3100,1,1782358789.110821,0.002179384231567383
36473,normal,3675,0,1782358789.1127589,0.0019378662109375
36474,normal,1538,0,1782358789.1146393,0.0018804073333740234
36475,normal,3212,1,1782358789.1168249,0.0021855831146240234
36476,normal,3034,0,1782358789.1186874,0.0018625259399414062
36477,normal,923,2,1782358789.1206954,0.0020079612731933594
36478,normal,569,0,1782358789.1226985,0.002003192901611328
36479,normal,1493,0,1782358789.124684,0.0019855499267578125
36480,normal,3011,0,1782358789.1267035,0.0020194053649902344
36481,normal,1875,0,1782358789.1286457,0.0019421577453613281
36482,normal,38,0,1782358789.1306837,0.0020380020141601562
36483,normal,2491,0,1782358789.1326976,0.0020139217376708984
36484,normal,312,0,1782358789.1346908,0.0019931793212890625
36485,normal,1241,0,1782358789.1366615,0.0019707679748535156
36486,normal,369,0,1782358789.1387064,0.0020449161529541016
36487,normal,567,0,1782358789.14071,0.0020036697387695312
36488,normal,2844,0,1782358789.1426861,0.00197601318359375
36489,normal,1378,1,1782358789.1446419,0.001955747604370117
36490,normal,3578,0,1782358789.1466978,0.0020558834075927734
36491,normal,10,0,1782358789.1486878,0.001990079879760742
36492,normal,1789,0,1782358789.1506994,0.002011537551879883
36493,normal,1712,0,1782358789.152696,0.0019965171813964844
36494,normal,937,2,1782358789.1546903,0.0019943714141845703
36495,normal,3571,0,1782358789.1566951,0.002004861831665039
36496,normal,2187,0,1782358789.1586978,0.002002716064453125
36497,normal,2453,0,1782358789.1607015,0.0020036697387695312
36498,normal,763,0,1782358789.1626985,0.0019969940185546875
36499,normal,1779,0,1782358789.164695,0.0019965171813964844
36500,normal,1536,0,1782358789.1666987,0.0020036697387695312
36501,normal,1438,0,1782358789.1686926,0.001993894577026367
36502,normal,1304,0,1782358789.170696,0.0020034313201904297
36503,normal,3641,0,1782358789.1726427,0.0019466876983642578
36504,normal,2750,0,1782358789.17471,0.0020673274993896484
36505,normal,3178,1,1782358789.1766405,0.0019304752349853516
36506,normal,1303,0,1782358789.1786895,0.002048969268798828
36507,normal,1703,0,1782358789.1806955,0.002006053924560547
36508,normal,1549,0,1782358789.1827016,0.002006053924560547
36509,normal,2378,0,1782358789.1846867,0.0019850730895996094
36510,normal,464,0,1782358789.1866975,0.002010822296142578
36511,normal,2123,0,1782358789.1886976,0.002000093460083008
36512,normal,1812,0,1782358789.1906931,0.001995563507080078
36513,normal,3508,0,1782358789.1926944,0.0020012855529785156
36514,normal,2871,0,1782358789.194641,0.0019466876983642578
36515,normal,3444,0,1782358789.196691,0.0020499229431152344
36516,normal,2920,0,1782358789.1986952,0.0020041465759277344
36517,normal,3321,1,1782358789.2007,0.002004861831665039
36518,normal,3547,0,1782358789.2026837,0.001983642578125
36519,normal,2053,0,1782358789.2047026,0.0020189285278320312
36520,normal,2627,0,1782358789.2066987,0.0019960403442382812
36521,normal,1552,0,1782358789.2086942,0.001995563507080078
36522,normal,34,0,1782358789.210694,0.0019998550415039062
36523,normal,3005,0,1782358789.2126997,0.0020055770874023438
36524,normal,537,0,1782358789.214684,0.0019843578338623047
36525,normal,2636,0,1782358789.2166994,0.002015352249145508
36526,normal,1460,0,1782358789.2186928,0.001993417739868164
36527,normal,2832,0,1782358789.2206619,0.0019690990447998047
36528,normal,1244,0,1782358789.2226934,0.002031564712524414
36529,normal,573,0,1782358789.2247012,0.002007722854614258
36530,normal,3276,1,1782358789.226684,0.0019829273223876953
36531,normal,2538,0,1782358789.228704,0.0020198822021484375
36532,normal,1177,0,1782358789.230708,0.002003908157348633
36533,normal,1529,0,1782358789.2326899,0.001981973648071289
36534,normal,2037,0,1782358789.2347744,0.002084493637084961
36535,normal,51,0,1782358789.236642,0.001867532730102539
36536,normal,198,0,1782358789.2386878,0.002045869827270508
36537,normal,607,0,1782358789.2406957,0.0020079612731933594
36538,normal,2448,0,1782358789.242698,0.002002239227294922
36539,normal,346,0,1782358789.244694,0.0019960403442382812
36540,normal,306,0,1782358789.2466993,0.002005338668823242
36541,normal,2268,0,1782358789.2486975,0.0019981861114501953
36542,normal,795,2,1782358789.2506611,0.0019636154174804688
36543,normal,1179,0,1782358789.2526934,0.0020322799682617188
36544,normal,2458,0,1782358789.2546976,0.0020041465759277344
36545,normal,25,0,1782358789.256692,0.0019943714141845703
36546,normal,1449,0,1782358789.258734,0.002042055130004883
36547,normal,3233,1,1782358789.2606463,0.0019123554229736328
36548,normal,3626,0,1782358789.2626617,0.002015352249145508
36549,normal,2353,0,1782358789.2646954,0.002033710479736328
36550,normal,1588,0,1782358789.2666411,0.0019457340240478516
36551,normal,3159,1,1782358789.268694,0.002052783966064453
36552,normal,1106,0,1782358789.2706401,0.0019462108612060547
36553,normal,1185,0,1782358789.2726429,0.002002716064453125
36554,normal,2396,0,1782358789.2746592,0.002016305923461914
36555,normal,3579,0,1782358789.2766979,0.002038717269897461
36556,normal,1464,0,1782358789.2786937,0.0019958019256591797
36557,normal,3557,0,1782358789.2806573,0.0019636154174804688
36558,normal,744,0,1782358789.2827032,0.002045869827270508
36559,normal,1156,0,1782358789.28464,0.0019369125366210938
36560,normal,3095,1,1782358789.2866569,0.002016782760620117
36561,normal,2348,0,1782358789.2886956,0.002038717269897461
36562,normal,3663,0,1782358789.2907052,0.0020096302032470703
36563,normal,739,0,1782358789.2926834,0.001978158950805664
36564,normal,3570,0,1782358789.294698,0.002014636993408203
36565,normal,3635,0,1782358789.296692,0.001993894577026367
36566,normal,64,0,1782358789.2986553,0.001963376998901367
36567,normal,488,0,1782358789.3006942,0.0020389556884765625
36568,normal,182,0,1782358789.3026986,0.002004384994506836
36569,normal,956,2,1782358789.3046572,0.001958608627319336
36570,normal,2472,0,1782358789.306696,0.002038717269897461
36571,normal,63,0,1782358789.308693,0.0019969940185546875
36572,normal,3677,0,1782358789.310656,0.0019631385803222656
36573,normal,654,0,1782358789.3126938,0.0020377635955810547
36574,normal,1368,1,1782358789.3146424,0.0019485950469970703
36575,normal,1232,0,1782358789.3166614,0.0020189285278320312
36576,normal,546,0,1782358789.3186908,0.0020294189453125
36577,normal,1822,0,1782358789.320699,0.002008199691772461
36578,normal,1553,0,1782358789.3226833,0.0019843578338623047
36579,normal,1949,0,1782358789.3246965,0.0020132064819335938
36580,normal,2321,0,1782358789.3266926,0.0019960403442382812
36581,normal,3158,1,1782358789.328656,0.001963376998901367
36582,normal,751,0,1782358789.330716,0.0020599365234375
36583,normal,1477,0,1782358789.3326395,0.0019235610961914062
36584,normal,3469,0,1782358789.334656,0.0020165443420410156
36585,normal,1752,0,1782358789.3366945,0.0020384788513183594
36586,normal,2699,0,1782358789.338697,0.0020024776458740234
36587,normal,2688,0,1782358789.340656,0.001959085464477539
36588,normal,2506,0,1782358789.3426971,0.0020411014556884766
36589,normal,2041,0,1782358789.3446944,0.001997232437133789
36590,normal,2239,0,1782358789.3466573,0.001962900161743164
36591,normal,715,0,1782358789.348824,0.002166748046875
36592,normal,2194,0,1782358789.3506417,0.0018177032470703125
36593,normal,878,2,1782358789.3528168,0.0021750926971435547
36594,normal,32,0,1782358789.3547866,0.0019698143005371094
36595,normal,2689,0,1782358789.3567815,0.0019948482513427734
36596,normal,558,0,1782358789.3586292,0.0018477439880371094
36597,normal,2861,0,1782358789.3609397,0.002310514450073242
36598,normal,818,2,1782358789.3627417,0.0018019676208496094
36599,normal,1416,0,1782358789.3648908,0.0021491050720214844
36600,normal,3434,0,1782358789.3666928,0.0018019676208496094
36601,normal,3682,0,1782358789.3689072,0.0022144317626953125
36602,normal,230,0,1782358789.3708541,0.0019469261169433594
36603,normal,615,0,1782358789.3727002,0.0018460750579833984
36604,normal,3130,1,1782358789.3749223,0.0022220611572265625
36605,normal,304,0,1782358789.3769016,0.001979351043701172
36606,normal,1432,0,1782358789.3786955,0.0017938613891601562
36607,normal,1230,0,1782358789.380891,0.002195596694946289
36608,normal,1147,0,1782358789.3828309,0.0019397735595703125
36609,normal,661,0,1782358789.384703,0.0018720626831054688
36610,normal,2586,0,1782358789.386889,0.0021860599517822266
36611,normal,5,0,1782358789.388836,0.0019469261169433594
36612,normal,3195,1,1782358789.3906946,0.0018587112426757812
36613,normal,2058,0,1782358789.3928938,0.0021991729736328125
36614,normal,2226,0,1782358789.3948298,0.0019359588623046875
36615,normal,556,0,1782358789.3967063,0.0018765926361083984
36616,normal,216,0,1782358789.3988962,0.0021898746490478516
36617,normal,1879,0,1782358789.400841,0.0019447803497314453
36618,normal,2259,0,1782358789.402696,0.0018548965454101562
36619,normal,925,2,1782358789.4049006,0.0022046566009521484
36620,normal,1765,0,1782358789.4068327,0.0019321441650390625
36621,normal,1324,1,1782358789.4086955,0.0018627643585205078
36622,normal,717,0,1782358789.4109173,0.002221822738647461
36623,normal,1567,0,1782358789.4128332,0.0019159317016601562
36624,normal,460,0,1782358789.4146988,0.0018656253814697266
36625,normal,2621,0,1782358789.4169025,0.002203702926635742
36626,normal,2168,0,1782358789.4188347,0.0019321441650390625
36627,normal,1423,0,1782358789.4206963,0.001861572265625
36628,normal,551,0,1782358789.4229033,0.002207040786743164
36629,normal,1055,0,1782358789.4248416,0.0019383430480957031
36630,normal,589,0,1782358789.4270008,0.00215911865234375
36631,normal,401,0,1782358789.4290628,0.002062082290649414
36632,normal,3448,0,1782358789.4310079,0.0019450187683105469
36633,normal,1986,0,1782358789.432709,0.0017011165618896484
36634,normal,779,2,1782358789.4349623,0.002253293991088867
36635,normal,1064,0,1782358789.4366882,0.001725912094116211
36636,normal,610,0,1782358789.4387732,0.002084970474243164
36637,normal,1322,1,1782358789.440709,0.0019359588623046875
36638,normal,1957,0,1782358789.442655,0.0019459724426269531
36639,normal,991,2,1782358789.4447796,0.0021245479583740234
36640,normal,1290,0,1782358789.4467175,0.0019378662109375
36641,normal,2013,0,1782358789.4488614,0.00214385986328125
36642,normal,1148,0,1782358789.4507551,0.001893758773803711
36643,normal,582,0,1782358789.4528668,0.002111673355102539
36644,normal,272,0,1782358789.4551053,0.0022385120391845703
36645,normal,1359,1,1782358789.456947,0.0018417835235595703
36646,normal,3004,0,1782358789.4588478,0.0019006729125976562
36647,normal,2710,0,1782358789.4608984,0.002050638198852539
36648,normal,905,2,1782358789.462806,0.0019075870513916016
36649,normal,1243,0,1782358789.464903,0.0020971298217773438
36650,normal,2611,0,1782358789.466916,0.002012968063354492
36651,normal,930,2,1782358789.4687705,0.0018544197082519531
36652,normal,2308,0,1782358789.4708838,0.00211334228515625
36653,normal,2107,0,1782358789.472824,0.0019402503967285156
36654,normal,1994,0,1782358789.4747207,0.0018966197967529297
36655,normal,1160,0,1782358789.4768367,0.002115964889526367
36656,normal,3690,0,1782358789.4788988,0.002062082290649414
36657,normal,2960,0,1782358789.4807267,0.0018279552459716797
36658,normal,531,0,1782358789.482899,0.002172231674194336
36659,normal,559,0,1782358789.4848933,0.0019943714141845703
36660,normal,2692,0,1782358789.4867969,0.001903533935546875
36661,normal,1596,0,1782358789.4889166,0.002119779586791992
36662,normal,1489,0,1782358789.4908283,0.0019116401672363281
36663,normal,3689,0,1782358789.492801,0.001972675323486328
36664,normal,1108,0,1782358789.4948616,0.0020606517791748047
36665,normal,1465,0,1782358789.4968836,0.0020220279693603516
36666,normal,2319,0,1782358789.4988024,0.001918792724609375
36667,normal,3599,0,1782358789.5008864,0.002084016799926758
36668,normal,2944,0,1782358789.502907,0.002020597457885742
36669,normal,3244,1,1782358789.5048022,0.0018951892852783203
36670,normal,2880,0,1782358789.506895,0.0020928382873535156
36671,normal,1383,0,1782358789.508892,0.0019969940185546875
36672,normal,176,0,1782358789.510796,0.0019040107727050781
36673,normal,2390,0,1782358789.5128613,0.0020651817321777344
36674,normal,1895,0,1782358789.5158968,0.0030355453491210938
36675,normal,2755,0,1782358789.5172546,0.0013577938079833984
36676,normal,784,2,1782358789.5191047,0.001850128173828125
36677,normal,2662,0,1782358789.5221186,0.0030138492584228516
36678,normal,2838,0,1782358789.5226574,0.0005388259887695312
36679,normal,2262,0,1782358789.5247953,0.002137899398803711
36680,normal,2318,0,1782358789.5267112,0.0019159317016601562
36681,normal,1813,0,1782358789.5291224,0.0024111270904541016
36682,normal,3008,0,1782358789.5306473,0.0015249252319335938
36683,normal,174,0,1782358789.532817,0.0021696090698242188
36684,normal,1892,0,1782358789.5346808,0.0018639564514160156
36685,normal,940,2,1782358789.5368166,0.002135753631591797
36686,normal,703,0,1782358789.5387886,0.0019719600677490234
36687,normal,3586,0,1782358789.540645,0.0018563270568847656
36688,normal,3581,0,1782358789.5427842,0.0021393299102783203
36689,normal,2465,0,1782358789.544838,0.0020537376403808594
36690,normal,670,0,1782358789.5466762,0.0018382072448730469
36691,normal,718,0,1782358789.5487661,0.002089977264404297
36692,normal,3460,0,1782358789.5507648,0.0019986629486083984
36693,normal,3530,0,1782358789.5527282,0.001963376998901367
36694,normal,3145,1,1782358789.5547566,0.0020284652709960938
36695,normal,997,2,1782358789.5567796,0.002022981643676758
36696,normal,2701,0,1782358789.558762,0.001982450485229492
36697,normal,894,2,1782358789.5607946,0.0020325183868408203
36698,normal,2789,0,1782358789.5628312,0.002036571502685547
36699,normal,2218,0,1782358789.5647507,0.0019195079803466797
36700,normal,2743,0,1782358789.5667822,0.002031564712524414
36701,normal,1817,0,1782358789.56877,0.0019876956939697266
36702,normal,1966,0,1782358789.5707545,0.0019845962524414062
36703,normal,1365,1,1782358789.5727592,0.0020046234130859375
36704,normal,1955,0,1782358789.5747657,0.00200653076171875
36705,normal,2624,0,1782358789.576808,0.0020422935485839844
36706,normal,3375,1,1782358789.5787303,0.0019223690032958984
36707,normal,3703,0,1782358789.5808818,0.0021514892578125
36708,normal,750,0,1782358789.5827305,0.0018486976623535156
36709,normal,1015,2,1782358789.586411,0.0036804676055908203
36710,normal,547,0,1782358789.586762,0.0003509521484375
36711,normal,3235,1,1782358789.5890465,0.002284526824951172
36712,normal,248,0,1782358789.5908723,0.0018258094787597656
36713,normal,840,2,1782358789.5928354,0.0019631385803222656
36714,normal,2143,0,1782358789.5947542,0.001918792724609375
36715,normal,3565,0,1782358789.5968256,0.002071380615234375
36716,normal,342,0,1782358789.5990999,0.0022742748260498047
36717,normal,882,2,1782358789.6006873,0.0015873908996582031
36718,normal,624,0,1782358789.602825,0.0021376609802246094
36719,normal,465,0,1782358789.604826,0.002001047134399414
36720,normal,2926,0,1782358789.6067522,0.0019261837005615234
36721,normal,1439,0,1782358789.6095915,0.002839326858520508
36722,normal,1648,0,1782358789.6110795,0.0014879703521728516
36723,normal,1317,0,1782358789.6127326,0.0016531944274902344
36724,normal,1275,0,1782358789.6148632,0.0021305084228515625
36725,normal,2884,0,1782358789.616861,0.0019979476928710938
36726,normal,3116,1,1782358789.6187842,0.0019230842590332031
36727,normal,494,0,1782358789.621169,0.0023849010467529297
36728,normal,2645,0,1782358789.6227512,0.0015821456909179688
36729,normal,3129,1,1782358789.6248403,0.0020890235900878906
36730,normal,3193,1,1782358789.6267583,0.0019180774688720703
36731,normal,527,0,1782358789.6288607,0.002102375030517578
36732,normal,3192,1,1782358789.630822,0.001961231231689453
36733,normal,2438,0,1782358789.632993,0.002171039581298828
36734,normal,1443,0,1782358789.6349883,0.0019953250885009766
36735,normal,2011,0,1782358789.636774,0.0017857551574707031
36736,normal,2948,0,1782358789.6389709,0.002196788787841797
36737,normal,2324,0,1782358789.6409411,0.0019702911376953125
36738,normal,1309,0,1782358789.6431053,0.002164125442504883
36739,normal,2466,0,1782358789.6450367,0.0019314289093017578
36740,normal,3366,1,1782358789.6470094,0.001972675323486328
36741,normal,619,0,1782358789.6489785,0.0019690990447998047
36742,normal,3453,0,1782358789.651485,0.0025064945220947266
36743,normal,1115,0,1782358789.6527958,0.0013108253479003906
36744,normal,3123,1,1782358789.6548505,0.0020546913146972656
36745,normal,456,0,1782358789.6568954,0.0020449161529541016
36746,normal,2635,0,1782358789.658889,0.0019936561584472656
36747,normal,3278,1,1782358789.6608045,0.0019154548645019531
36748,normal,2917,0,1782358789.662962,0.002157449722290039
36749,normal,3331,1,1782358789.6649137,0.0019516944885253906
36750,normal,3167,1,1782358789.6673946,0.0024809837341308594
36751,normal,125,0,1782358789.668707,0.001312255859375
36752,normal,2774,0,1782358789.6708844,0.0021774768829345703
36753,normal,363,0,1782358789.6727943,0.0019099712371826172
36754,normal,1684,0,1782358789.674887,0.002092599868774414
36755,normal,2742,0,1782358789.6768694,0.001982450485229492
36756,normal,1706,0,1782358789.6787922,0.0019228458404541016
36757,normal,48,0,1782358789.6808836,0.0020914077758789062
36758,normal,169,0,1782358789.6828907,0.002007007598876953
36759,normal,345,0,1782358789.6848025,0.0019118785858154297
36760,normal,2061,0,1782358789.686855,0.0020525455474853516
36761,normal,454,0,1782358789.6888478,0.0019927024841308594
36762,normal,790,2,1782358789.6907763,0.001928567886352539
36763,normal,2807,0,1782358789.692846,0.002069711685180664
36764,normal,1745,0,1782358789.694856,0.002009868621826172
36765,normal,2912,0,1782358789.6968336,0.001977682113647461
36766,normal,2727,0,1782358789.6991498,0.0023162364959716797
36767,normal,3258,1,1782358789.700793,0.0016431808471679688
36768,normal,2941,0,1782358789.7028697,0.0020766258239746094
36769,normal,2485,0,1782358789.704777,0.0019073486328125
36770,normal,533,0,1782358789.706862,0.002084970474243164
36771,normal,1419,0,1782358789.7087488,0.0018868446350097656
36772,normal,911,2,1782358789.7108493,0.0021004676818847656
36773,normal,1415,0,1782358789.7128482,0.0019989013671875
36774,normal,2850,0,1782358789.7149844,0.00213623046875
36775,normal,3494,0,1782358789.7167337,0.001749277114868164
36776,normal,1531,0,1782358789.7189674,0.002233743667602539
36777,normal,1807,0,1782358789.7208776,0.0019102096557617188
36778,normal,1798,0,1782358789.722989,0.0021114349365234375
36779,normal,2965,0,1782358789.7248988,0.0019097328186035156
36780,normal,1622,0,1782358789.726876,0.001977205276489258
36781,normal,3709,0,1782358789.7290099,0.0021338462829589844
36782,normal,2882,0,1782358789.7307343,0.0017244815826416016
36783,normal,2616,0,1782358789.7327316,0.001997232437133789
36784,normal,622,0,1782358789.7347257,0.0019941329956054688
36785,normal,192,0,1782358789.736726,0.0020003318786621094
36786,normal,1824,0,1782358789.7388723,0.0021462440490722656
36787,normal,3335,1,1782358789.7407262,0.00185394287109375
36788,normal,2464,0,1782358789.742717,0.001990795135498047
36789,normal,3538,0,1782358789.7447157,0.0019986629486083984
36790,normal,3301,1,1782358789.7471375,0.002421855926513672
36791,normal,3248,1,1782358789.7491522,0.002014636993408203
36792,normal,3558,0,1782358789.7508407,0.0016884803771972656
36793,normal,2651,0,1782358789.752776,0.0019352436065673828
36794,normal,226,0,1782358789.7547662,0.0019903182983398438
36795,normal,3611,0,1782358789.7567747,0.0020084381103515625
36796,normal,2126,0,1782358789.7589486,0.002173900604248047
36797,normal,2124,0,1782358789.760867,0.0019185543060302734
36798,normal,884,2,1782358789.762766,0.0018987655639648438
36799,normal,1694,0,1782358789.7647583,0.001992464065551758
36800,normal,2829,0,1782358789.7667732,0.0020148754119873047
36801,normal,144,0,1782358789.768798,0.0020248889923095703
36802,normal,1251,0,1782358789.771197,0.002398967742919922
36803,normal,1470,0,1782358789.772986,0.0017888545989990234
36804,normal,1608,0,1782358789.774821,0.0018351078033447266
36805,normal,2278,0,1782358789.7769024,0.0020813941955566406
36806,normal,19,0,1782358789.7788603,0.0019578933715820312
36807,normal,752,0,1782358789.7809577,0.0020973682403564453
36808,normal,2312,0,1782358789.7831109,0.002153158187866211
36809,normal,1557,0,1782358789.7849743,0.0018634796142578125
36810,normal,3304,1,1782358789.7867033,0.0017290115356445312
36811,normal,586,0,1782358789.7890232,0.002319812774658203
36812,normal,2150,0,1782358789.7909696,0.0019464492797851562
36813,normal,971,2,1782358789.7926364,0.0016667842864990234
36814,normal,1109,0,1782358789.794757,0.002120494842529297
36815,normal,1038,0,1782358789.796938,0.0021810531616210938
36816,normal,1014,2,1782358789.7987359,0.0017979145050048828
36817,normal,1571,0,1782358789.8008118,0.0020759105682373047
36818,normal,2347,0,1782358789.8028514,0.002039670944213867
36819,normal,3112,1,1782358789.8048007,0.001949310302734375
36820,normal,3597,0,1782358789.8073764,0.0025756359100341797
36821,normal,2373,0,1782358789.8087068,0.0013303756713867188
36822,normal,2808,0,1782358789.8107953,0.0020885467529296875
36823,normal,2205,0,1782358789.8127894,0.0019941329956054688
36824,normal,116,0,1782358789.814778,0.001988649368286133
36825,normal,91,0,1782358789.8166745,0.0018963813781738281
36826,normal,1387,0,1782358789.8187559,0.0020813941955566406
36827,normal,378,0,1782358789.8207653,0.0020093917846679688
36828,normal,2063,0,1782358789.8227599,0.001994609832763672
36829,normal,3294,1,1782358789.8247612,0.0020012855529785156
36830,normal,1666,0,1782358789.826845,0.0020837783813476562
36831,normal,3204,1,1782358789.8286853,0.001840353012084961
36832,normal,1993,0,1782358789.8307753,0.002089977264404297
36833,normal,1043,0,1782358789.832678,0.0019028186798095703
36834,normal,2925,0,1782358789.8347564,0.0020782947540283203
36835,normal,71,0,1782358789.8367565,0.002000093460083008
36836,normal,1320,1,1782358789.8388054,0.002048969268798828
36837,normal,1257,0,1782358789.8408184,0.002012968063354492
36838,normal,1909,0,1782358789.8428528,0.002034425735473633
36839,normal,2575,0,1782358789.8447895,0.0019366741180419922
36840,normal,457,0,1782358789.8467693,0.001979827880859375
36841,normal,3707,0,1782358789.8487813,0.002012014389038086
36842,normal,1171,0,1782358789.850805,0.0020236968994140625
36843,normal,2376,0,1782358789.852642,0.001837015151977539
36844,normal,2827,0,1782358789.8547351,0.002093076705932617
36845,normal,2558,0,1782358789.856736,0.0020008087158203125
36846,normal,1463,0,1782358789.8590474,0.0023114681243896484
36847,normal,3623,0,1782358789.8607323,0.0016849040985107422
36848,normal,1856,0,1782358789.8628082,0.0020759105682373047
36849,normal,484,0,1782358789.8648798,0.0020716190338134766
36850,normal,2497,0,1782358789.8670592,0.002179384231567383
36851,normal,2950,0,1782358789.8687904,0.0017311573028564453
36852,normal,990,2,1782358789.8709302,0.0021398067474365234
36853,normal,1099,0,1782358789.8729331,0.0020029544830322266
36854,normal,1161,0,1782358789.8746765,0.001743316650390625
36855,normal,3543,0,1782358789.8767307,0.0020542144775390625
36856,normal,609,0,1782358789.8787267,0.0019960403442382812
36857,normal,1421,0,1782358789.8807647,0.0020380020141601562
36858,normal,3257,1,1782358789.882808,0.0020432472229003906
36859,normal,1699,0,1782358789.8847218,0.0019137859344482422
36860,normal,1476,0,1782358789.8867226,0.0020008087158203125
36861,normal,2492,0,1782358789.8887198,0.001997232437133789
36862,normal,354,0,1782358789.8911657,0.0024459362030029297
36863,normal,2445,0,1782358789.893116,0.0019502639770507812
36864,normal,3378,1,1782358789.8947556,0.0016396045684814453
36865,normal,1913,0,1782358789.8967588,0.002003192901611328
36866,normal,459,0,1782358789.898764,0.0020051002502441406
36867,normal,1811,0,1782358789.9007623,0.001998424530029297
36868,normal,3287,1,1782358789.9028535,0.0020911693572998047
36869,normal,1932,0,1782358789.904918,0.0020644664764404297
36870,normal,56,0,1782358789.9067023,0.0017843246459960938
36871,normal,557,0,1782358789.908759,0.0020568370819091797
36872,normal,122,0,1782358789.910772,0.002012968063354492
36873,normal,2673,0,1782358789.9127772,0.0020051002502441406
36874,normal,1060,0,1782358789.9147844,0.0020072460174560547
36875,normal,3021,0,1782358789.9166758,0.0018913745880126953
36876,normal,1375,1,1782358789.9188228,0.0021469593048095703
36877,normal,1411,0,1782358789.920783,0.001960277557373047
36878,normal,1203,0,1782358789.922839,0.0020558834075927734
36879,normal,359,0,1782358789.9249492,0.0021102428436279297
36880,normal,2182,0,1782358789.9268258,0.0018765926361083984
36881,normal,1034,0,1782358789.9288926,0.0020668506622314453
36882,normal,729,0,1782358789.930825,0.001932382583618164
36883,normal,2971,0,1782358789.9328394,0.0020143985748291016
36884,normal,1104,0,1782358789.935169,0.002329587936401367
36885,normal,2305,0,1782358789.9369676,0.0017986297607421875
36886,normal,3069,1,1782358789.9388921,0.0019245147705078125
36887,normal,391,0,1782358789.9406426,0.0017504692077636719
36888,normal,453,0,1782358789.9433677,0.0027251243591308594
36889,normal,3283,1,1782358789.944825,0.00145721435546875
36890,normal,2787,0,1782358789.9472632,0.0024383068084716797
36891,normal,3539,0,1782358789.949044,0.0017807483673095703
36892,normal,2687,0,1782358789.9510126,0.0019686222076416016
36893,normal,1202,0,1782358789.952746,0.0017333030700683594
36894,normal,153,0,1782358789.954822,0.0020761489868164062
36895,normal,208,0,1782358789.9568117,0.001989603042602539
36896,normal,3656,0,1782358789.9587235,0.0019118785858154297
36897,normal,658,0,1782358789.9607897,0.0020661354064941406
36898,normal,1848,0,1782358789.9627967,0.002007007598876953
36899,normal,3426,0,1782358789.9649107,0.0021140575408935547
36900,normal,162,0,1782358789.9667156,0.0018048286437988281
36901,normal,1227,0,1782358789.9687803,0.0020647048950195312
36902,normal,234,0,1782358789.970782,0.0020017623901367188
36903,normal,1609,0,1782358789.9727829,0.0020008087158203125
36904,normal,1627,0,1782358789.9748273,0.0020444393157958984
36905,normal,1428,0,1782358789.9767685,0.0019412040710449219
36906,normal,2792,0,1782358789.9788291,0.0020606517791748047
36907,normal,1354,1,1782358789.9807854,0.0019562244415283203
36908,normal,2397,0,1782358789.982782,0.0019965171813964844
36909,normal,1461,0,1782358789.9847896,0.002007722854614258
36910,normal,2292,0,1782358789.986747,0.001957416534423828
36911,normal,3472,0,1782358789.9887416,0.001994609832763672
36912,normal,1729,0,1782358789.9907358,0.0019941329956054688
36913,normal,1933,0,1782358789.992796,0.0020601749420166016
36914,normal,140,0,1782358789.9948053,0.0020093917846679688
36915,normal,677,0,1782358789.996856,0.002050638198852539
36916,normal,1908,0,1782358789.9989398,0.0020837783813476562
36917,normal,3306,1,1782358790.0008764,0.0019366741180419922
36918,normal,1040,0,1782358790.0028334,0.001956939697265625
36919,normal,639,0,1782358790.0050004,0.0021669864654541016
36920,normal,1654,0,1782358790.0068727,0.0018723011016845703
36921,normal,2223,0,1782358790.0087922,0.0019195079803466797
36922,normal,972,2,1782358790.0107217,0.0019295215606689453
36923,normal,813,2,1782358790.0127246,0.0020029544830322266
36924,normal,3463,0,1782358790.0147195,0.0019948482513427734
36925,normal,2287,0,1782358790.0169516,0.002232074737548828
36926,normal,2557,0,1782358790.0186582,0.0017066001892089844
36927,normal,2991,0,1782358790.0207338,0.002075672149658203
36928,normal,2546,0,1782358790.0227263,0.001992464065551758
36929,normal,1602,0,1782358790.024763,0.0020368099212646484
36930,normal,1667,0,1782358790.0273714,0.0026082992553710938
36931,normal,606,0,1782358790.0288363,0.00146484375
36932,normal,309,0,1782358790.0318954,0.0030591487884521484
36933,normal,433,0,1782358790.0327687,0.0008733272552490234
36934,normal,3024,0,1782358790.0347738,0.0020051002502441406
36935,normal,584,0,1782358790.036713,0.0019390583038330078
36936,normal,1279,0,1782358790.0388374,0.0021245479583740234
36937,normal,2211,0,1782358790.0410545,0.0022170543670654297
36938,normal,2285,0,1782358790.0427094,0.0016548633575439453
36939,normal,233,0,1782358790.044774,0.0020647048950195312
36940,normal,2639,0,1782358790.0467806,0.00200653076171875
36941,normal,2433,0,1782358790.0487785,0.0019979476928710938
36942,normal,1686,0,1782358790.050787,0.0020084381103515625
36943,normal,2833,0,1782358790.0529804,0.002193450927734375
36944,normal,2887,0,1782358790.054887,0.0019066333770751953
36945,normal,2939,0,1782358790.0569167,0.0020296573638916016
36946,normal,730,0,1782358790.0588717,0.0019550323486328125
36947,normal,1809,0,1782358790.060849,0.001977205276489258
36948,normal,2908,0,1782358790.063072,0.0022230148315429688
36949,normal,2763,0,1782358790.0650136,0.001941680908203125
36950,normal,2031,0,1782358790.066914,0.0019004344940185547
36951,normal,3540,0,1782358790.0686502,0.0017361640930175781
36952,normal,3609,0,1782358790.0711155,0.0024652481079101562
36953,normal,941,2,1782358790.072927,0.0018115043640136719
36954,normal,1377,1,1782358790.0747163,0.0017893314361572266
36955,normal,3140,1,1782358790.0767658,0.0020494461059570312
36956,normal,119,0,1782358790.0789504,0.002184629440307617
36957,normal,3371,1,1782358790.080763,0.0018126964569091797
36958,normal,2658,0,1782358790.0828142,0.002051115036010742
36959,normal,2345,0,1782358790.0848198,0.0020055770874023438
36960,normal,965,2,1782358790.0868826,0.0020627975463867188
36961,normal,2252,0,1782358790.0894096,0.002526998519897461
36962,normal,2022,0,1782358790.0906808,0.0012712478637695312
36963,normal,970,2,1782358790.092763,0.0020821094512939453
36964,normal,1880,0,1782358790.0947812,0.0020182132720947266
36965,normal,854,2,1782358790.0967863,0.0020051002502441406
36966,normal,3455,0,1782358790.0987613,0.0019750595092773438
36967,normal,598,0,1782358790.1006923,0.0019309520721435547
36968,normal,380,0,1782358790.102774,0.002081632614135742
36969,normal,3038,0,1782358790.1046858,0.0019118785858154297
36970,normal,736,0,1782358790.1068323,0.002146482467651367
36971,normal,2695,0,1782358790.1086738,0.0018415451049804688
36972,normal,278,0,1782358790.1107566,0.00208282470703125
36973,normal,1121,0,1782358790.112756,0.001999378204345703
36974,normal,1681,0,1782358790.1147556,0.0019996166229248047
36975,normal,3420,0,1782358790.116762,0.0020062923431396484
36976,normal,2842,0,1782358790.1187773,0.002015352249145508
36977,normal,1194,0,1782358790.1208074,0.0020301342010498047
36978,normal,3302,1,1782358790.122888,0.002080678939819336
36979,normal,356,0,1782358790.124752,0.0018639564514160156
36980,normal,834,2,1782358790.1267512,0.0019991397857666016
36981,normal,2592,0,1782358790.1287706,0.0020194053649902344
36982,normal,3392,1,1782358790.1307285,0.0019578933715820312
36983,normal,3191,1,1782358790.1327248,0.001996278762817383
36984,normal,1117,0,1782358790.1347232,0.001998424530029297
36985,normal,1381,1,1782358790.1367443,0.0020210742950439453
36986,normal,138,0,1782358790.138901,0.0021567344665527344
36987,normal,228,0,1782358790.1407237,0.0018227100372314453
36988,normal,2961,0,1782358790.1428473,0.002123594284057617
36989,normal,830,2,1782358790.1449268,0.002079486846923828
36990,normal,1919,0,1782358790.1469624,0.0020356178283691406
36991,normal,1658,0,1782358790.1488843,0.0019218921661376953
36992,normal,3198,1,1782358790.1508667,0.001982450485229492
36993,normal,3352,1,1782358790.152934,0.0020673274993896484
36994,normal,3497,0,1782358790.154637,0.001703023910522461
36995,normal,1208,0,1782358790.1567209,0.0020837783813476562
36996,normal,2064,0,1782358790.158721,0.002000093460083008
36997,normal,2547,0,1782358790.1608925,0.0021715164184570312
36998,normal,1872,0,1782358790.162692,0.0017995834350585938
36999,normal,637,0,1782358790.164723,0.0020308494567871094
37000,normal,3630,0,1782358790.1667213,0.001998424530029297
37001,normal,3136,1,1782358790.1687205,0.0019991397857666016
37002,normal,2770,0,1782358790.1712704,0.002549886703491211
37003,normal,633,0,1782358790.1730545,0.0017840862274169922
37004,normal,2553,0,1782358790.1747968,0.0017423629760742188
37005,normal,1444,0,1782358790.1767905,0.0019936561584472656
37006,normal,517,0,1782358790.1787698,0.001979351043701172
37007,normal,831,2,1782358790.1807816,0.0020117759704589844
37008,normal,848,2,1782358790.1829152,0.002133607864379883
37009,normal,1645,0,1782358790.184833,0.0019178390502929688
37010,normal,960,2,1782358790.1866832,0.001850128173828125
37011,normal,2562,0,1782358790.1887558,0.002072572708129883
37012,normal,3474,0,1782358790.1907613,0.0020055770874023438
37013,normal,3386,1,1782358790.1927717,0.002010345458984375
37014,normal,1162,0,1782358790.1949298,0.0021581649780273438
37015,normal,1214,0,1782358790.1969535,0.0020236968994140625
37016,normal,3083,1,1782358790.198834,0.0018804073333740234
37017,normal,2158,0,1782358790.2008638,0.002029895782470703
37018,normal,382,0,1782358790.2029285,0.0020647048950195312
37019,normal,958,2,1782358790.2050042,0.002075672149658203
37020,normal,2631,0,1782358790.2070315,0.002027273178100586
37021,normal,889,2,1782358790.2088556,0.0018241405487060547
37022,normal,983,2,1782358790.2108066,0.001950979232788086
37023,normal,509,0,1782358790.213277,0.0024704933166503906
37024,normal,2007,0,1782358790.2148252,0.0015480518341064453
37025,normal,3574,0,1782358790.2167225,0.0018973350524902344
37026,normal,2088,0,1782358790.2188232,0.002100706100463867
37027,normal,528,0,1782358790.220923,0.002099752426147461
37028,normal,1772,0,1782358790.2227495,0.0018265247344970703
37029,normal,3085,1,1782358790.224824,0.0020744800567626953
37030,normal,3150,1,1782358790.2268672,0.0020432472229003906
37031,normal,2400,0,1782358790.228782,0.0019147396087646484
37032,normal,3249,1,1782358790.2311046,0.002322673797607422
37033,normal,2800,0,1782358790.2326295,0.0015249252319335938
37034,normal,2288,0,1782358790.234758,0.0021283626556396484
37035,normal,2251,0,1782358790.2367578,0.0019998550415039062
37036,normal,1617,0,1782358790.2387516,0.001993894577026367
37037,normal,2734,0,1782358790.2407439,0.0019922256469726562
37038,normal,2785,0,1782358790.2427502,0.0020062923431396484
37039,normal,2886,0,1782358790.2447631,0.002012968063354492
37040,normal,3399,1,1782358790.2467654,0.002002239227294922
37041,normal,1545,0,1782358790.248758,0.0019927024841308594
37042,normal,3470,0,1782358790.250872,0.002113819122314453
37043,normal,1702,0,1782358790.2526834,0.0018115043640136719
37044,normal,1528,0,1782358790.254746,0.002062559127807617
37045,normal,2392,0,1782358790.25675,0.0020041465759277344
37046,normal,2929,0,1782358790.2587574,0.0020072460174560547
37047,normal,1833,0,1782358790.2607534,0.0019960403442382812
37048,normal,2060,0,1782358790.2628002,0.002046823501586914
37049,normal,2163,0,1782358790.2648249,0.0020246505737304688
37050,normal,98,0,1782358790.2667806,0.001955747604370117
37051,normal,1478,0,1782358790.2688131,0.0020325183868408203
37052,normal,2284,0,1782358790.2707102,0.0018970966339111328
37053,normal,1379,1,1782358790.2727854,0.0020751953125
37054,normal,3673,0,1782358790.2747993,0.0020139217376708984
37055,normal,2995,0,1782358790.2767522,0.0019528865814208984
37056,normal,593,0,1782358790.27873,0.001977682113647461
37057,normal,1673,0,1782358790.2807298,0.0019998550415039062
37058,normal,22,0,1782358790.2829635,0.002233743667602539
37059,normal,3524,0,1782358790.2848341,0.0018706321716308594
37060,normal,1874,0,1782358790.2868247,0.0019905567169189453
37061,normal,1740,0,1782358790.2889361,0.0021114349365234375
37062,normal,1090,0,1782358790.29094,0.002003908157348633
37063,normal,1294,0,1782358790.2928312,0.0018911361694335938
37064,normal,1070,0,1782358790.2948444,0.0020132064819335938
37065,normal,3251,1,1782358790.2970123,0.002167940139770508
37066,normal,2984,0,1782358790.2987351,0.0017228126525878906
37067,normal,1389,0,1782358790.300745,0.002009868621826172
37068,normal,1024,2,1782358790.3027377,0.0019927024841308594
37069,normal,748,0,1782358790.3047404,0.002002716064453125
37070,normal,1756,0,1782358790.3069797,0.002239227294921875
37071,normal,1902,0,1782358790.3086932,0.0017135143280029297
37072,normal,1301,0,1782358790.3107464,0.0020532608032226562
37073,normal,2140,0,1782358790.3127391,0.0019927024841308594
37074,normal,2189,0,1782358790.314743,0.002003908157348633
37075,normal,256,0,1782358790.3171988,0.0024557113647460938
37076,normal,3354,1,1782358790.3191102,0.0019114017486572266
37077,normal,2958,0,1782358790.3208091,0.0016989707946777344
37078,normal,833,2,1782358790.32279,0.0019807815551757812
37079,normal,1650,0,1782358790.3247774,0.001987457275390625
37080,normal,2192,0,1782358790.3267746,0.001997232437133789
37081,normal,2257,0,1782358790.3287868,0.0020122528076171875
37082,normal,487,0,1782358790.3310733,0.0022864341735839844
37083,normal,2265,0,1782358790.3327265,0.0016531944274902344
37084,normal,3060,1,1782358790.3347762,0.002049684524536133
37085,normal,1371,1,1782358790.3367977,0.0020215511322021484
37086,normal,2812,0,1782358790.3386996,0.001901865005493164
37087,normal,3263,1,1782358790.3407986,0.0020990371704101562
37088,normal,1491,0,1782358790.3427355,0.0019369125366210938
37089,normal,680,0,1782358790.3447556,0.002020120620727539
37090,normal,2066,0,1782358790.3468244,0.002068758010864258
37091,normal,1486,0,1782358790.3487992,0.001974821090698242
37092,normal,2862,0,1782358790.350731,0.0019316673278808594
37093,normal,293,0,1782358790.3531103,0.0023794174194335938
37094,normal,1127,0,1782358790.3548856,0.0017752647399902344
37095,normal,2550,0,1782358790.3568146,0.0019290447235107422
37096,normal,1882,0,1782358790.358901,0.0020864009857177734
37097,normal,1315,0,1782358790.36083,0.0019290447235107422
37098,normal,1977,0,1782358790.362844,0.0020139217376708984
37099,normal,613,0,1782358790.3651361,0.002292156219482422
37100,normal,3432,0,1782358824.9700632,0.0
37101,normal,1356,1,1782358824.9719117,0.001848459243774414
37102,normal,1074,0,1782358824.973961,0.0020494461059570312
37103,normal,2005,0,1782358824.9758914,0.00193023681640625
37104,normal,3099,1,1782358824.9780629,0.0021715164184570312
37105,normal,1426,0,1782358824.9799953,0.001932382583618164
37106,normal,620,0,1782358824.9820201,0.0020248889923095703
37107,normal,2873,0,1782358824.9839022,0.0018820762634277344
37108,normal,2537,0,1782358824.9861493,0.0022470951080322266
37109,normal,1287,0,1782358824.9880385,0.0018892288208007812
37110,normal,915,2,1782358824.989942,0.001903533935546875
37111,normal,3246,1,1782358824.9922013,0.0022592544555664062
37112,normal,3654,0,1782358824.9942281,0.002026796340942383
37113,normal,375,0,1782358824.9960008,0.0017726421356201172
37114,normal,221,0,1782358824.9980767,0.0020759105682373047
37115,normal,3167,1,1782358825.0000875,0.002010822296142578
37116,normal,1271,0,1782358825.0020208,0.0019333362579345703
37117,normal,2650,0,1782358825.004264,0.0022432804107666016
37118,normal,2730,0,1782358825.0060828,0.0018186569213867188
37119,normal,237,0,1782358825.0080264,0.0019435882568359375
37120,normal,826,2,1782358825.0102425,0.0022161006927490234
37121,normal,795,2,1782358825.012158,0.0019154548645019531
37122,normal,1381,1,1782358825.0140254,0.001867532730102539
37123,normal,1115,0,1782358825.01625,0.002224445343017578
37124,normal,354,0,1782358825.0181744,0.0019245147705078125
37125,normal,3388,1,1782358825.0200276,0.0018532276153564453
37126,normal,3484,0,1782358825.022262,0.0022344589233398438
37127,normal,3668,0,1782358825.0240097,0.0017476081848144531
37128,normal,865,2,1782358825.0259478,0.0019381046295166016
37129,normal,665,0,1782358825.0280454,0.002097606658935547
37130,normal,106,0,1782358825.029919,0.0018734931945800781
37131,normal,3158,1,1782358825.031984,0.0020651817321777344
37132,normal,92,0,1782358825.0339534,0.0019693374633789062
37133,normal,1258,0,1782358825.0359178,0.0019643306732177734
37134,normal,3705,0,1782358825.0379953,0.0020775794982910156
37135,normal,424,0,1782358825.040191,0.002195596694946289
37136,normal,1774,0,1782358825.0420072,0.0018162727355957031
37137,normal,1623,0,1782358825.0439959,0.001988649368286133
37138,normal,2825,0,1782358825.0459893,0.001993417739868164
37139,normal,2901,0,1782358825.048206,0.002216815948486328
37140,normal,1798,0,1782358825.0500119,0.0018057823181152344
37141,normal,1102,0,1782358825.0522294,0.002217531204223633
37142,normal,402,0,1782358825.0539908,0.0017614364624023438
37143,normal,37,0,1782358825.0560498,0.0020589828491210938
37144,normal,3349,1,1782358825.0583086,0.002258777618408203
37145,normal,3164,1,1782358825.060332,0.002023458480834961
37146,normal,3154,1,1782358825.0619957,0.0016636848449707031
37147,normal,2579,0,1782358825.0642552,0.002259492874145508
37148,normal,2410,0,1782358825.0659866,0.0017313957214355469
37149,normal,2129,0,1782358825.0681746,0.002187967300415039
37150,normal,1249,0,1782358825.0701635,0.0019888877868652344
37151,normal,1465,0,1782358825.0722065,0.002043008804321289
37152,normal,1033,0,1782358825.0741572,0.0019507408142089844
37153,normal,955,2,1782358825.0762007,0.002043485641479492
37154,normal,1350,1,1782358825.0781689,0.0019681453704833984
37155,normal,3322,1,1782358825.0800166,0.0018477439880371094
37156,normal,1075,0,1782358825.0823314,0.0023148059844970703
37157,normal,2535,0,1782358825.0839753,0.0016438961029052734
37158,normal,2755,0,1782358825.0863242,0.0023488998413085938
37159,normal,436,0,1782358825.0880163,0.001692056655883789
37160,normal,1626,0,1782358825.0903363,0.0023200511932373047
37161,normal,950,2,1782358825.092028,0.001691579818725586
37162,normal,1127,0,1782358825.0943553,0.002327442169189453
37163,normal,1044,0,1782358825.096021,0.0016655921936035156
37164,normal,2842,0,1782358825.098123,0.0021021366119384766
37165,normal,3336,1,1782358825.1000075,0.00188446044921875
37166,normal,3646,0,1782358825.102299,0.002291440963745117
37167,normal,111,0,1782358825.103978,0.0016789436340332031
37168,normal,2834,0,1782358825.106192,0.002214193344116211
37169,normal,1264,0,1782358825.1079657,0.0017735958099365234
37170,normal,3559,0,1782358825.110354,0.0023882389068603516
37171,normal,3356,1,1782358825.1120107,0.0016567707061767578
37172,normal,3409,0,1782358825.11412,0.0021092891693115234
37173,normal,2390,0,1782358825.1160457,0.0019257068634033203
37174,normal,482,0,1782358825.1181593,0.0021135807037353516
37175,normal,2082,0,1782358825.1199706,0.0018112659454345703
37176,normal,2837,0,1782358825.1221163,0.0021457672119140625
37177,normal,1533,0,1782358825.1239865,0.0018701553344726562
37178,normal,3394,1,1782358825.1261485,0.0021619796752929688
37179,normal,47,0,1782358825.1280098,0.0018613338470458984
37180,normal,2436,0,1782358825.1300604,0.002050638198852539
37181,normal,2178,0,1782358825.1322517,0.002191305160522461
37182,normal,1969,0,1782358825.1339931,0.0017414093017578125
37183,normal,496,0,1782358825.1359859,0.0019927024841308594
37184,normal,1769,0,1782358825.1381962,0.002210378646850586
37185,normal,2481,0,1782358825.1399767,0.0017805099487304688
37186,normal,317,0,1782358825.1422727,0.002295970916748047
37187,normal,1637,0,1782358825.1440096,0.0017368793487548828
37188,normal,1597,0,1782358825.1461694,0.0021598339080810547
37189,normal,266,0,1782358825.147993,0.0018236637115478516
37190,normal,679,0,1782358825.1501486,0.0021555423736572266
37191,normal,1914,0,1782358825.151977,0.0018284320831298828
37192,normal,2048,0,1782358825.1541948,0.0022177696228027344
37193,normal,1685,0,1782358825.1559954,0.001800537109375
37194,normal,2534,0,1782358825.1581998,0.002204418182373047
37195,normal,968,2,1782358825.1600504,0.0018506050109863281
37196,normal,334,0,1782358825.1620138,0.001963376998901367
37197,normal,1443,0,1782358825.1641273,0.0021135807037353516
37198,normal,2625,0,1782358825.1660311,0.0019037723541259766
37199,normal,2829,0,1782358825.1681314,0.002100229263305664
37200,normal,1679,0,1782358825.1699877,0.0018563270568847656
37201,normal,2786,0,1782358825.172126,0.002138376235961914
37202,normal,3138,1,1782358825.1740294,0.0019032955169677734
37203,normal,1215,0,1782358825.17604,0.0020105838775634766
37204,normal,1981,0,1782358825.178007,0.0019669532775878906
37205,normal,379,0,1782358825.1799967,0.0019898414611816406
37206,normal,916,2,1782358825.1821768,0.0021800994873046875
37207,normal,3626,0,1782358825.1840496,0.0018727779388427734
37208,normal,1393,0,1782358825.1861792,0.0021295547485351562
37209,normal,693,0,1782358825.187995,0.0018157958984375
37210,normal,270,0,1782358825.190172,0.002177000045776367
37211,normal,3627,0,1782358825.1919954,0.00182342529296875
37212,normal,2504,0,1782358825.1942418,0.002246379852294922
37213,normal,3366,1,1782358825.1960163,0.0017745494842529297
37214,normal,2029,0,1782358825.1981812,0.0021648406982421875
37215,normal,2186,0,1782358825.2000155,0.0018343925476074219
37216,normal,1510,0,1782358825.2021716,0.0021560192108154297
37217,normal,247,0,1782358825.2039998,0.0018281936645507812
37218,normal,1786,0,1782358825.2062016,0.0022017955780029297
37219,normal,1316,0,1782358825.2079966,0.001795053482055664
37220,normal,2891,0,1782358825.2104044,0.0024077892303466797
37221,normal,2386,0,1782358825.2119987,0.0015943050384521484
37222,normal,2990,0,1782358825.2141445,0.0021457672119140625
37223,normal,2547,0,1782358825.2160416,0.0018970966339111328
37224,normal,1811,0,1782358825.2181177,0.0020761489868164062
37225,normal,543,0,1782358825.2199838,0.0018661022186279297
37226,normal,331,0,1782358825.2221584,0.0021746158599853516
37227,normal,3247,1,1782358825.2239823,0.0018239021301269531
37228,normal,2398,0,1782358825.2261446,0.0021622180938720703
37229,normal,2906,0,1782358825.2280025,0.0018579959869384766
37230,normal,2852,0,1782358825.2299786,0.00197601318359375
37231,normal,2732,0,1782358825.232251,0.002272367477416992
37232,normal,2373,0,1782358825.2339823,0.0017313957214355469
37233,normal,1290,0,1782358825.2361119,0.0021295547485351562
37234,normal,1326,1,1782358825.238027,0.0019152164459228516
37235,normal,3526,0,1782358825.240143,0.002115964889526367
37236,normal,1978,0,1782358825.2419803,0.0018372535705566406
37237,normal,7,0,1782358825.24424,0.0022597312927246094
37238,normal,149,0,1782358825.2460258,0.0017857551574707031
37239,normal,2313,0,1782358825.2481356,0.0021097660064697266
37240,normal,480,0,1782358825.250004,0.0018684864044189453
37241,normal,3676,0,1782358825.2521706,0.0021665096282958984
37242,normal,2944,0,1782358825.2539816,0.0018110275268554688
37243,normal,2440,0,1782358825.256144,0.002162456512451172
37244,normal,2885,0,1782358825.2579904,0.0018463134765625
37245,normal,1338,1,1782358825.2600985,0.0021080970764160156
37246,normal,820,2,1782358825.2620516,0.001953125
37247,normal,189,0,1782358825.2641456,0.0020940303802490234
37248,normal,2734,0,1782358825.265982,0.0018362998962402344
37249,normal,366,0,1782358825.2681448,0.002162933349609375
37250,normal,39,0,1782358825.2699885,0.0018436908721923828
37251,normal,1165,0,1782358825.2720942,0.002105712890625
37252,normal,1858,0,1782358825.274024,0.0019297599792480469
37253,normal,2722,0,1782358825.2761424,0.002118349075317383
37254,normal,3251,1,1782358825.277983,0.0018405914306640625
37255,normal,3640,0,1782358825.2801487,0.0021657943725585938
37256,normal,3194,1,1782358825.2820315,0.001882791519165039
37257,normal,3434,0,1782358825.2841272,0.0020956993103027344
37258,normal,714,0,1782358825.2860272,0.0018999576568603516
37259,normal,2040,0,1782358825.2881448,0.002117633819580078
37260,normal,488,0,1782358825.289988,0.0018432140350341797
37261,normal,1909,0,1782358825.2921386,0.0021505355834960938
37262,normal,52,0,1782358825.2940073,0.0018687248229980469
37263,normal,2420,0,1782358825.2959793,0.0019719600677490234
37264,normal,3513,0,1782358825.2981455,0.002166271209716797
37265,normal,2560,0,1782358825.2999945,0.0018489360809326172
37266,normal,2943,0,1782358825.3021088,0.0021142959594726562
37267,normal,2846,0,1782358825.3040283,0.0019195079803466797
37268,normal,2435,0,1782358825.3061426,0.0021142959594726562
37269,normal,3277,1,1782358825.3079796,0.001837015151977539
37270,normal,1173,0,1782358825.31014,0.002160310745239258
37271,normal,1112,0,1782358825.3119729,0.0018329620361328125
37272,normal,3385,1,1782358825.3141093,0.0021364688873291016
37273,normal,83,0,1782358825.3160255,0.0019161701202392578
37274,normal,1364,1,1782358825.3181427,0.002117156982421875
37275,normal,2725,0,1782358825.3199794,0.0018367767333984375
37276,normal,1244,0,1782358825.3221939,0.0022144317626953125
37277,normal,2334,0,1782358825.324006,0.0018122196197509766
37278,normal,3113,1,1782358825.32599,0.0019838809967041016
37279,normal,1243,0,1782358825.3280663,0.002076387405395508
37280,normal,818,2,1782358825.330225,0.002158641815185547
37281,normal,507,0,1782358825.3322182,0.0019931793212890625
37282,normal,3619,0,1782358825.333972,0.0017538070678710938
37283,normal,518,0,1782358825.3360076,0.0020356178283691406
37284,normal,102,0,1782358825.3379748,0.001967191696166992
37285,normal,2997,0,1782358825.339933,0.001958131790161133
37286,normal,1210,0,1782358825.3419626,0.0020296573638916016
37287,normal,525,0,1782358825.3440611,0.002098560333251953
37288,normal,1162,0,1782358825.34614,0.0020787715911865234
37289,normal,3586,0,1782358825.3480725,0.0019326210021972656
37290,normal,1549,0,1782358825.35015,0.0020775794982910156
37291,normal,2505,0,1782358825.3519733,0.0018231868743896484
37292,normal,406,0,1782358825.353986,0.0020127296447753906
37293,normal,1365,1,1782358825.3560154,0.0020294189453125
37294,normal,1563,0,1782358825.3580236,0.002008199691772461
37295,normal,869,2,1782358825.3601894,0.0021657943725585938
37296,normal,1783,0,1782358825.361974,0.0017845630645751953
37297,normal,2712,0,1782358825.364,0.002026081085205078
37298,normal,3061,1,1782358825.3659153,0.0019152164459228516
37299,normal,1007,2,1782358825.3680484,0.0021331310272216797
37300,normal,1667,0,1782358825.369956,0.0019075870513916016
37301,normal,454,0,1782358825.372002,0.002045869827270508
37302,normal,1842,0,1782358825.3740036,0.0020017623901367188
37303,normal,1295,0,1782358825.3759913,0.0019876956939697266
37304,normal,2004,0,1782358825.3780658,0.0020744800567626953
37305,normal,261,0,1782358825.3799744,0.0019085407257080078
37306,normal,1784,0,1782358825.3822095,0.0022351741790771484
37307,normal,2305,0,1782358825.3840196,0.0018100738525390625
37308,normal,671,0,1782358825.3859386,0.0019190311431884766
37309,normal,984,2,1782358825.387993,0.002054452896118164
37310,normal,2406,0,1782358825.3899636,0.001970529556274414
37311,normal,767,0,1782358825.3919928,0.0020291805267333984
37312,normal,2703,0,1782358825.3943694,0.002376556396484375
37313,normal,1429,0,1782358825.395996,0.001626729965209961
37314,normal,137,0,1782358825.3980227,0.0020265579223632812
37315,normal,3515,0,1782358825.4000041,0.001981496810913086
37316,normal,2140,0,1782358825.4020116,0.0020074844360351562
37317,normal,608,0,1782358825.4039912,0.0019795894622802734
37318,normal,1735,0,1782358825.405988,0.001996755599975586
37319,normal,1088,0,1782358825.4079862,0.0019981861114501953
37320,normal,2539,0,1782358825.409929,0.0019428730010986328
37321,normal,1439,0,1782358825.4119945,0.002065420150756836
37322,normal,1148,0,1782358825.414073,0.002078533172607422
37323,normal,3348,1,1782358825.4159994,0.001926422119140625
37324,normal,1108,0,1782358825.4180927,0.0020933151245117188
37325,normal,2550,0,1782358825.4200177,0.0019249916076660156
37326,normal,399,0,1782358825.4220324,0.002014636993408203
37327,normal,2760,0,1782358825.4240015,0.0019690990447998047
37328,normal,3136,1,1782358825.4262745,0.002273082733154297
37329,normal,3334,1,1782358825.4281788,0.0019042491912841797
37330,normal,2675,0,1782358825.4299097,0.0017309188842773438
37331,normal,1589,0,1782358825.4319618,0.0020520687103271484
37332,normal,831,2,1782358825.433931,0.0019693374633789062
37333,normal,2102,0,1782358825.4359891,0.0020580291748046875
37334,normal,370,0,1782358825.4380257,0.002036571502685547
37335,normal,471,0,1782358825.4399168,0.0018911361694335938
37336,normal,3466,0,1782358825.4419518,0.002034902572631836
37337,normal,3351,1,1782358825.4440265,0.002074718475341797
37338,normal,3497,0,1782358825.4459124,0.0018858909606933594
37339,normal,2847,0,1782358825.4485605,0.0026481151580810547
37340,normal,3545,0,1782358825.4500558,0.001495361328125
37341,normal,341,0,1782358825.4519417,0.0018858909606933594
37342,normal,3674,0,1782358825.4540079,0.0020661354064941406
37343,normal,2616,0,1782358825.456044,0.0020360946655273438
37344,normal,2977,0,1782358825.4579303,0.0018863677978515625
37345,normal,68,0,1782358825.4600673,0.0021369457244873047
37346,normal,1032,0,1782358825.4620452,0.0019779205322265625
37347,normal,3625,0,1782358825.4640262,0.001981019973754883
37348,normal,1231,0,1782358825.4660783,0.0020520687103271484
37349,normal,84,0,1782358825.4680645,0.001986265182495117
37350,normal,340,0,1782358825.4700704,0.0020058155059814453
37351,normal,2721,0,1782358825.472057,0.0019867420196533203
37352,normal,1197,0,1782358825.474288,0.0022308826446533203
37353,normal,3156,1,1782358825.4763305,0.002042531967163086
37354,normal,1172,0,1782358825.4787805,0.0024499893188476562
37355,normal,1834,0,1782358825.479968,0.0011875629425048828
37356,normal,2319,0,1782358825.4822745,0.0023064613342285156
37357,normal,2486,0,1782358825.4841118,0.0018372535705566406
37358,normal,3273,1,1782358825.4861598,0.002048015594482422
37359,normal,3422,0,1782358825.48797,0.001810312271118164
37360,normal,517,0,1782358825.4900465,0.002076387405395508
37361,normal,2434,0,1782358825.4923887,0.00234222412109375
37362,normal,1838,0,1782358825.4942036,0.0018148422241210938
37363,normal,1331,1,1782358825.4960055,0.0018019676208496094
37364,normal,1886,0,1782358825.4980807,0.0020751953125
37365,normal,3079,1,1782358825.5000064,0.0019257068634033203
37366,normal,3461,0,1782358825.502067,0.0020606517791748047
37367,normal,2038,0,1782358825.503988,0.001920938491821289
37368,normal,1052,0,1782358825.505999,0.0020110607147216797
37369,normal,1505,0,1782358825.5081089,0.0021097660064697266
37370,normal,3271,1,1782358825.5102668,0.002157926559448242
37371,normal,2160,0,1782358825.511998,0.0017311573028564453
37372,normal,421,0,1782358825.514019,0.0020210742950439453
37373,normal,2651,0,1782358825.5160525,0.0020334720611572266
37374,normal,2939,0,1782358825.518116,0.0020635128021240234
37375,normal,381,0,1782358825.5200207,0.0019047260284423828
37376,normal,57,0,1782358825.5219507,0.0019299983978271484
37377,normal,721,0,1782358825.5239997,0.002048969268798828
37378,normal,3621,0,1782358825.5260932,0.0020935535430908203
37379,normal,1030,0,1782358825.5280292,0.0019359588623046875
37380,normal,2396,0,1782358825.529974,0.0019447803497314453
37381,normal,2858,0,1782358825.5320015,0.0020275115966796875
37382,normal,1801,0,1782358825.5340426,0.0020411014556884766
37383,normal,1203,0,1782358825.5360446,0.0020020008087158203
37384,normal,286,0,1782358825.538219,0.00217437744140625
37385,normal,1961,0,1782358825.5399973,0.0017783641815185547
37386,normal,3162,1,1782358825.5419726,0.0019752979278564453
37387,normal,2691,0,1782358825.544078,0.0021054744720458984
37388,normal,1696,0,1782358825.5460346,0.001956462860107422
37389,normal,880,2,1782358825.5479705,0.0019359588623046875
37390,normal,165,0,1782358825.5500531,0.0020825862884521484
37391,normal,1732,0,1782358825.5520313,0.001978158950805664
37392,normal,3470,0,1782358825.5542607,0.002229452133178711
37393,normal,1991,0,1782358825.5561671,0.0019063949584960938
37394,normal,2952,0,1782358825.5582654,0.0020983219146728516
37395,normal,3024,0,1782358825.5600276,0.0017621517181396484
37396,normal,2122,0,1782358825.5621746,0.0021469593048095703
37397,normal,242,0,1782358825.5640206,0.0018460750579833984
37398,normal,3098,1,1782358825.56604,0.0020194053649902344
37399,normal,1201,0,1782358825.5679843,0.0019443035125732422
37400,normal,530,0,1782358825.5699131,0.0019288063049316406
37401,normal,2659,0,1782358825.5719137,0.002000570297241211
37402,normal,3041,0,1782358825.5742695,0.002355813980102539
37403,normal,2157,0,1782358825.5759854,0.0017158985137939453
37404,normal,40,0,1782358825.578057,0.0020716190338134766
37405,normal,235,0,1782358825.580116,0.0020589828491210938
37406,normal,2202,0,1782358825.582295,0.0021789073944091797
37407,normal,1070,0,1782358825.5840375,0.0017426013946533203
37408,normal,2203,0,1782358825.586044,0.00200653076171875
37409,normal,2508,0,1782358825.5882661,0.0022220611572265625
37410,normal,2569,0,1782358825.5901477,0.0018815994262695312
37411,normal,1296,0,1782358825.5919678,0.0018200874328613281
37412,normal,1817,0,1782358825.5939953,0.0020275115966796875
37413,normal,2940,0,1782358825.5959756,0.001980304718017578
37414,normal,1805,0,1782358825.5980306,0.002054929733276367
37415,normal,797,2,1782358825.6000237,0.0019931793212890625
37416,normal,411,0,1782358825.6019137,0.001889944076538086
37417,normal,3606,0,1782358825.603938,0.002024412155151367
37418,normal,3659,0,1782358825.605955,0.002016782760620117
37419,normal,171,0,1782358825.607922,0.001967191696166992
37420,normal,905,2,1782358825.6107166,0.002794504165649414
37421,normal,1053,0,1782358825.612221,0.0015044212341308594
37422,normal,1361,1,1782358825.6139941,0.0017731189727783203
37423,normal,3489,0,1782358825.6160107,0.0020165443420410156
37424,normal,2849,0,1782358825.618012,0.0020012855529785156
37425,normal,466,0,1782358825.6199656,0.001953601837158203
37426,normal,21,0,1782358825.6221788,0.0022132396697998047
37427,normal,1646,0,1782358825.6240296,0.0018508434295654297
37428,normal,3005,0,1782358825.6259887,0.001959085464477539
37429,normal,931,2,1782358825.628042,0.0020532608032226562
37430,normal,175,0,1782358825.6300383,0.001996278762817383
37431,normal,2076,0,1782358825.6319556,0.0019173622131347656
37432,normal,3482,0,1782358825.6340115,0.0020558834075927734
37433,normal,992,2,1782358825.6363957,0.002384185791015625
37434,normal,589,0,1782358825.6382296,0.0018339157104492188
37435,normal,2196,0,1782358825.640831,0.0026013851165771484
37436,normal,2354,0,1782358825.6419797,0.0011487007141113281
37437,normal,1884,0,1782358825.6442301,0.0022504329681396484
37438,normal,1313,0,1782358825.6462142,0.001984119415283203
37439,normal,1684,0,1782358825.6480525,0.0018382072448730469
37440,normal,2314,0,1782358825.6499603,0.0019078254699707031
37441,normal,2184,0,1782358825.6519828,0.0020225048065185547
37442,normal,352,0,1782358825.6541865,0.002203702926635742
37443,normal,2827,0,1782358825.6561463,0.0019598007202148438
37444,normal,451,0,1782358825.65805,0.0019037723541259766
37445,normal,2531,0,1782358825.6600406,0.0019905567169189453
37446,normal,2070,0,1782358825.6620202,0.0019795894622802734
37447,normal,2707,0,1782358825.6640205,0.0020003318786621094
37448,normal,2914,0,1782358825.6661665,0.002146005630493164
37449,normal,1989,0,1782358825.6681848,0.0020182132720947266
37450,normal,1975,0,1782358825.6701636,0.0019788742065429688
37451,normal,298,0,1782358825.672061,0.0018973350524902344
37452,normal,447,0,1782358825.674123,0.002062082290649414
37453,normal,408,0,1782358825.6760225,0.0018994808197021484
37454,normal,3618,0,1782358825.6781332,0.002110719680786133
37455,normal,2491,0,1782358825.680013,0.0018796920776367188
37456,normal,1988,0,1782358825.6819952,0.0019822120666503906
37457,normal,2332,0,1782358825.6839976,0.0020024776458740234
37458,normal,575,0,1782358825.6859608,0.0019631385803222656
37459,normal,3548,0,1782358825.688048,0.002087116241455078
37460,normal,1923,0,1782358825.689994,0.0019462108612060547
37461,normal,2495,0,1782358825.6920323,0.002038240432739258
37462,normal,3400,1,1782358825.694001,0.0019686222076416016
37463,normal,2981,0,1782358825.6960306,0.0020296573638916016
37464,normal,764,0,1782358825.6979513,0.0019207000732421875
37465,normal,1268,0,1782358825.7002053,0.002254009246826172
37466,normal,285,0,1782358825.701978,0.0017726421356201172
37467,normal,2212,0,1782358825.703972,0.0019941329956054688
37468,normal,1921,0,1782358825.7060301,0.0020580291748046875
37469,normal,2868,0,1782358825.708007,0.0019769668579101562
37470,normal,912,2,1782358825.7099493,0.0019421577453613281
37471,normal,1672,0,1782358825.712092,0.002142667770385742
37472,normal,605,0,1782358825.714047,0.0019550323486328125
37473,normal,1396,0,1782358825.7162135,0.0021665096282958984
37474,normal,159,0,1782358825.7181451,0.0019316673278808594
37475,normal,1236,0,1782358825.72023,0.002084970474243164
37476,normal,2606,0,1782358825.7223587,0.00212860107421875
37477,normal,1823,0,1782358825.724023,0.0016644001007080078
37478,normal,1788,0,1782358825.726078,0.002054929733276367
37479,normal,2293,0,1782358825.7279804,0.0019023418426513672
37480,normal,1950,0,1782358825.730154,0.0021736621856689453
37481,normal,3206,1,1782358825.7319527,0.0017986297607421875
37482,normal,1294,0,1782358825.733977,0.002024412155151367
37483,normal,3648,0,1782358825.7360516,0.0020744800567626953
37484,normal,1216,0,1782358825.7383728,0.0023212432861328125
37485,normal,1690,0,1782358825.7403114,0.0019385814666748047
37486,normal,3429,0,1782358825.742058,0.0017466545104980469
37487,normal,3033,0,1782358825.744029,0.001971006393432617
37488,normal,103,0,1782358825.7460654,0.0020363330841064453
37489,normal,3036,0,1782358825.747993,0.0019276142120361328
37490,normal,2975,0,1782358825.7503397,0.0023467540740966797
37491,normal,1017,2,1782358825.7519646,0.0016248226165771484
37492,normal,326,0,1782358825.7540867,0.002122163772583008
37493,normal,3379,1,1782358825.7560246,0.0019378662109375
37494,normal,643,0,1782358825.7581398,0.0021152496337890625
37495,normal,2014,0,1782358825.7602472,0.002107381820678711
37496,normal,279,0,1782358825.762203,0.001955747604370117
37497,normal,2025,0,1782358825.7640834,0.0018804073333740234
37498,normal,1992,0,1782358825.76613,0.0020465850830078125
37499,normal,2145,0,1782358825.7681432,0.0020132064819335938
37500,normal,3240,1,1782358825.7702558,0.0021126270294189453
37501,normal,125,0,1782358825.7721171,0.0018613338470458984
37502,normal,197,0,1782358825.7739944,0.0018773078918457031
37503,normal,1631,0,1782358825.7760532,0.002058744430541992
37504,normal,612,0,1782358825.778024,0.0019707679748535156
37505,normal,1854,0,1782358825.7801876,0.0021636486053466797
37506,normal,2378,0,1782358825.7821465,0.0019588470458984375
37507,normal,1193,0,1782358825.7840734,0.0019268989562988281
37508,normal,3065,1,1782358825.7861516,0.0020782947540283203
37509,normal,759,0,1782358825.7880054,0.0018537044525146484
37510,normal,2649,0,1782358825.7900884,0.0020830631256103516
37511,normal,888,2,1782358825.7919629,0.0018744468688964844
37512,normal,2803,0,1782358825.7940984,0.0021355152130126953
37513,normal,1026,2,1782358825.7960448,0.0019464492797851562
37514,normal,534,0,1782358825.7982197,0.002174854278564453
37515,normal,1140,0,1782358825.8000276,0.0018079280853271484
37516,normal,519,0,1782358825.8020842,0.002056598663330078
37517,normal,1531,0,1782358825.8040788,0.001994609832763672
37518,normal,2073,0,1782358825.8060226,0.001943826675415039
37519,normal,1530,0,1782358825.80808,0.002057313919067383
37520,normal,1307,0,1782358825.8101625,0.0020825862884521484
37521,normal,3360,1,1782358825.8119533,0.001790761947631836
37522,normal,1986,0,1782358825.8140118,0.0020585060119628906
37523,normal,1118,0,1782358825.8161297,0.0021178722381591797
37524,normal,2237,0,1782358825.8179796,0.0018498897552490234
37525,normal,2541,0,1782358825.8201244,0.0021448135375976562
37526,normal,2673,0,1782358825.8220866,0.0019621849060058594
37527,normal,3496,0,1782358825.8239808,0.001894235610961914
37528,normal,3145,1,1782358825.82624,0.0022592544555664062
37529,normal,2449,0,1782358825.8280504,0.001810312271118164
37530,normal,1910,0,1782358825.8299594,0.001909017562866211
37531,normal,2881,0,1782358825.8319929,0.0020334720611572266
37532,normal,2258,0,1782358825.8341208,0.0021278858184814453
37533,normal,3591,0,1782358825.8359888,0.0018680095672607422
37534,normal,2802,0,1782358825.8380873,0.002098560333251953
37535,normal,3592,0,1782358825.8401377,0.0020503997802734375
37536,normal,2799,0,1782358825.842023,0.0018851757049560547
37537,normal,1020,2,1782358825.8442004,0.0021774768829345703
37538,normal,2660,0,1782358825.8461912,0.001990795135498047
37539,normal,749,0,1782358825.8479981,0.0018069744110107422
37540,normal,1089,0,1782358825.8501372,0.0021390914916992188
37541,normal,1666,0,1782358825.8521156,0.0019783973693847656
37542,normal,1263,0,1782358825.8539824,0.0018668174743652344
37543,normal,3483,0,1782358825.8560865,0.002104043960571289
37544,normal,3514,0,1782358825.8580775,0.0019910335540771484
37545,normal,3043,0,1782358825.8599455,0.0018680095672607422
37546,normal,2133,0,1782358825.8623035,0.002357959747314453
37547,normal,756,0,1782358825.8642886,0.0019850730895996094
37548,normal,166,0,1782358825.8660553,0.0017666816711425781
37549,normal,3702,0,1782358825.8682165,0.002161264419555664
37550,normal,3581,0,1782358825.870138,0.0019214153289794922
37551,normal,3215,1,1782358825.8730946,0.0029566287994384766
37552,normal,3213,1,1782358825.874,0.0009055137634277344
37553,normal,1595,0,1782358825.876132,0.002131938934326172
37554,normal,2405,0,1782358825.8781333,0.0020012855529785156
37555,normal,3103,1,1782358825.8804455,0.002312183380126953
37556,normal,1830,0,1782358825.8819435,0.0014979839324951172
37557,normal,3232,1,1782358825.8839393,0.0019958019256591797
37558,normal,254,0,1782358825.8859425,0.002003192901611328
37559,normal,1580,0,1782358825.8879461,0.0020036697387695312
37560,normal,3557,0,1782358825.8899364,0.0019903182983398438
37561,normal,2352,0,1782358825.8919892,0.002052783966064453
37562,normal,2876,0,1782358825.8939397,0.0019505023956298828
37563,normal,1587,0,1782358825.8959455,0.0020058155059814453
37564,normal,3558,0,1782358825.8979208,0.0019752979278564453
37565,normal,2594,0,1782358825.900009,0.0020880699157714844
37566,normal,1832,0,1782358825.9023008,0.0022919178009033203
37567,normal,1330,1,1782358825.9048848,0.0025839805603027344
37568,normal,2260,0,1782358825.9061298,0.0012450218200683594
37569,normal,3462,0,1782358825.9079757,0.0018458366394042969
37570,normal,2839,0,1782358825.9100866,0.0021109580993652344
37571,normal,651,0,1782358825.9119828,0.0018961429595947266
37572,normal,1344,1,1782358825.913984,0.0020012855529785156
37573,normal,3126,1,1782358825.916151,0.0021669864654541016
37574,normal,790,2,1782358825.9181824,0.0020313262939453125
37575,normal,307,0,1782358825.9200943,0.0019118785858154297
37576,normal,887,2,1782358825.9222379,0.0021436214447021484
37577,normal,3159,1,1782358825.9240117,0.001773834228515625
37578,normal,2382,0,1782358825.9260488,0.00203704833984375
37579,normal,3353,1,1782358825.9279747,0.0019259452819824219
37580,normal,509,0,1782358825.930004,0.0020291805267333984
37581,normal,2290,0,1782358825.9319232,0.0019192695617675781
37582,normal,881,2,1782358825.9343586,0.002435445785522461
37583,normal,3622,0,1782358825.9363172,0.001958608627319336
37584,normal,3056,1,1782358825.938824,0.002506732940673828
37585,normal,3649,0,1782358825.9399676,0.0011436939239501953
37586,normal,2680,0,1782358825.9421794,0.0022118091583251953
37587,normal,2872,0,1782358825.9440966,0.001917123794555664
37588,normal,3120,1,1782358825.9460802,0.001983642578125
37589,normal,314,0,1782358825.9479523,0.0018720626831054688
37590,normal,2110,0,1782358825.9499478,0.001995563507080078
37591,normal,3054,1,1782358825.9523847,0.0024368762969970703
37592,normal,3207,1,1782358825.9541965,0.0018117427825927734
37593,normal,1057,0,1782358825.9560826,0.001886129379272461
37594,normal,2411,0,1782358825.957955,0.0018723011016845703
37595,normal,2826,0,1782358825.9600384,0.0020835399627685547
37596,normal,1560,0,1782358825.962,0.0019614696502685547
37597,normal,95,0,1782358825.964024,0.0020241737365722656
37598,normal,2567,0,1782358825.966038,0.0020139217376708984
37599,normal,2526,0,1782358825.9680243,0.001986265182495117
37600,normal,2094,0,1782358825.9699993,0.0019750595092773438
37601,normal,642,0,1782358825.972022,0.0020227432250976562
37602,normal,3550,0,1782358825.974014,0.0019919872283935547
37603,normal,1694,0,1782358825.975953,0.0019390583038330078
37604,normal,2836,0,1782358825.978079,0.002125978469848633
37605,normal,1159,0,1782358825.9799623,0.0018832683563232422
37606,normal,771,0,1782358825.9821477,0.002185344696044922
37607,normal,194,0,1782358825.9840136,0.0018658638000488281
37608,normal,3233,1,1782358825.9859998,0.001986265182495117
37609,normal,1403,0,1782358825.987988,0.0019881725311279297
37610,normal,3073,1,1782358825.990065,0.0020771026611328125
37611,normal,2664,0,1782358825.9919627,0.001897573471069336
37612,normal,1873,0,1782358825.9939852,0.0020225048065185547
37613,normal,1404,0,1782358825.995969,0.0019838809967041016
37614,normal,3238,1,1782358825.9982088,0.002239704132080078
37615,normal,1171,0,1782358826.000048,0.0018391609191894531
37616,normal,1596,0,1782358826.0024135,0.002365589141845703
37617,normal,219,0,1782358826.004028,0.0016145706176757812
37618,normal,2619,0,1782358826.0062058,0.002177715301513672
37619,normal,686,0,1782358826.007972,0.001766204833984375
37620,normal,1846,0,1782358826.0100951,0.002123117446899414
37621,normal,1850,0,1782358826.01197,0.0018749237060546875
37622,normal,1029,2,1782358826.0140805,0.0021104812622070312
37623,normal,2996,0,1782358826.0159826,0.0019021034240722656
37624,normal,1938,0,1782358826.018195,0.0022122859954833984
37625,normal,3297,1,1782358826.0201433,0.0019483566284179688
37626,normal,2519,0,1782358826.0220716,0.0019283294677734375
37627,normal,2346,0,1782358826.024187,0.002115488052368164
37628,normal,3695,0,1782358826.0259857,0.0017986297607421875
37629,normal,3243,1,1782358826.0282295,0.0022437572479248047
37630,normal,1776,0,1782358826.030046,0.0018165111541748047
37631,normal,3095,1,1782358826.0321245,0.002078533172607422
37632,normal,3620,0,1782358826.0340002,0.0018756389617919922
37633,normal,2976,0,1782358826.0362294,0.0022292137145996094
37634,normal,2661,0,1782358826.0379581,0.0017287731170654297
37635,normal,69,0,1782358826.04022,0.0022618770599365234
37636,normal,26,0,1782358826.0420592,0.0018391609191894531
37637,normal,1151,0,1782358826.044261,0.0022017955780029297
37638,normal,1234,0,1782358826.0460982,0.0018372535705566406
37639,normal,2017,0,1782358826.0482464,0.002148151397705078
37640,normal,2916,0,1782358826.0503242,0.002077817916870117
37641,normal,2241,0,1782358826.0521495,0.0018253326416015625
37642,normal,2770,0,1782358826.0541265,0.0019769668579101562
37643,normal,692,0,1782358826.0561948,0.0020682811737060547
37644,normal,1430,0,1782358826.0580468,0.0018520355224609375
37645,normal,2622,0,1782358826.060156,0.0021092891693115234
37646,normal,2418,0,1782358826.0619617,0.0018055438995361328
37647,normal,2623,0,1782358826.0641565,0.0021948814392089844
37648,normal,2821,0,1782358826.06604,0.0018835067749023438
37649,normal,2,0,1782358826.0679846,0.0019445419311523438
37650,normal,640,0,1782358826.0701823,0.002197742462158203
37651,normal,3230,1,1782358826.0719607,0.0017783641815185547
37652,normal,336,0,1782358826.0741584,0.002197742462158203
37653,normal,1933,0,1782358826.0759645,0.001806020736694336
37654,normal,1708,0,1782358826.0789483,0.0029838085174560547
37655,normal,3226,1,1782358826.080246,0.0012977123260498047
37656,normal,2416,0,1782358826.0819924,0.0017464160919189453
37657,normal,34,0,1782358826.0841815,0.002189159393310547
37658,normal,2652,0,1782358826.086014,0.0018324851989746094
37659,normal,276,0,1782358826.0880065,0.001992464065551758
37660,normal,2788,0,1782358826.0902162,0.0022096633911132812
37661,normal,2582,0,1782358826.092298,0.0020818710327148438
37662,normal,160,0,1782358826.0939608,0.0016627311706542969
37663,normal,3639,0,1782358826.096182,0.002221345901489258
37664,normal,1237,0,1782358826.0979736,0.0017914772033691406
37665,normal,1709,0,1782358826.1001806,0.002207040786743164
37666,normal,1452,0,1782358826.1020505,0.0018699169158935547
37667,normal,1496,0,1782358826.1040037,0.001953125
37668,normal,2686,0,1782358826.1061802,0.002176523208618164
37669,normal,245,0,1782358826.1081536,0.001973390579223633
37670,normal,1906,0,1782358826.1101475,0.001993894577026367
37671,normal,3699,0,1782358826.112094,0.0019464492797851562
37672,normal,2376,0,1782358826.1141188,0.0020248889923095703
37673,normal,3083,1,1782358826.1160955,0.0019767284393310547
37674,normal,2118,0,1782358826.117992,0.0018963813781738281
37675,normal,201,0,1782358826.1203694,0.0023775100708007812
37676,normal,3532,0,1782358826.1220582,0.0016887187957763672
37677,normal,2259,0,1782358826.1239476,0.0018894672393798828
37678,normal,3272,1,1782358826.12629,0.0023424625396728516
37679,normal,1483,0,1782358826.128239,0.0019488334655761719
37680,normal,2590,0,1782358826.1299868,0.0017478466033935547
37681,normal,3637,0,1782358826.1319299,0.0019431114196777344
37682,normal,3328,1,1782358826.1339962,0.002066373825073242
37683,normal,3062,1,1782358826.1359773,0.001981019973754883
37684,normal,1107,0,1782358826.1380134,0.0020360946655273438
37685,normal,1865,0,1782358826.1399288,0.0019154548645019531
37686,normal,891,2,1782358826.141991,0.002062082290649414
37687,normal,2528,0,1782358826.1440253,0.002034425735473633
37688,normal,2736,0,1782358826.1459904,0.001965045928955078
37689,normal,2355,0,1782358826.1480024,0.002012014389038086
37690,normal,1327,1,1782358826.1501336,0.002131223678588867
37691,normal,2783,0,1782358826.152019,0.0018854141235351562
37692,normal,2894,0,1782358826.1542225,0.0022034645080566406
37693,normal,9,0,1782358826.1561062,0.0018837451934814453
37694,normal,2183,0,1782358826.1580584,0.0019521713256835938
37695,normal,1581,0,1782358826.1599743,0.0019159317016601562
37696,normal,2572,0,1782358826.1620054,0.002031087875366211
37697,normal,1423,0,1782358826.1639633,0.0019578933715820312
37698,normal,3381,1,1782358826.166125,0.002161741256713867
37699,normal,1687,0,1782358826.1681697,0.002044677734375
37700,normal,1232,0,1782358826.1700952,0.0019254684448242188
37701,normal,395,0,1782358826.172089,0.001993894577026367
37702,normal,1063,0,1782358826.1740825,0.001993417739868164
37703,normal,224,0,1782358826.1761432,0.0020606517791748047
37704,normal,373,0,1782358826.1785975,0.0024542808532714844
37705,normal,1278,0,1782358826.180024,0.0014264583587646484
37706,normal,3074,1,1782358826.1820168,0.001992940902709961
37707,normal,3512,0,1782358826.1839924,0.001975536346435547
37708,normal,1545,0,1782358826.186202,0.0022096633911132812
37709,normal,1536,0,1782358826.1879928,0.001790761947631836
37710,normal,527,0,1782358826.1899252,0.001932382583618164
37711,normal,1472,0,1782358826.1921203,0.002195119857788086
37712,normal,1389,0,1782358826.1939466,0.0018262863159179688
37713,normal,62,0,1782358826.1961222,0.002175569534301758
37714,normal,3150,1,1782358826.1980197,0.001897573471069336
37715,normal,1867,0,1782358826.2002025,0.0021827220916748047
37716,normal,3610,0,1782358826.2020373,0.001834869384765625
37717,normal,2054,0,1782358826.2042234,0.0021860599517822266
37718,normal,87,0,1782358826.205966,0.0017426013946533203
37719,normal,107,0,1782358826.2079728,0.0020067691802978516
37720,normal,51,0,1782358826.2099655,0.0019927024841308594
37721,normal,88,0,1782358826.211999,0.0020334720611572266
37722,normal,3257,1,1782358826.2139325,0.0019335746765136719
37723,normal,1943,0,1782358826.2160265,0.0020940303802490234
37724,normal,3391,1,1782358826.21791,0.0018835067749023438
37725,normal,722,0,1782358826.2200332,0.002123117446899414
37726,normal,2857,0,1782358826.2225242,0.002490997314453125
37727,normal,3121,1,1782358826.2243814,0.0018572807312011719
37728,normal,579,0,1782358826.2259963,0.0016148090362548828
37729,normal,791,2,1782358826.2281947,0.002198457717895508
37730,normal,2400,0,1782358826.2299213,0.0017266273498535156
37731,normal,1401,0,1782358826.232015,0.0020935535430908203
37732,normal,3031,0,1782358826.2341752,0.002160310745239258
37733,normal,2856,0,1782358826.23596,0.0017848014831542969
37734,normal,1861,0,1782358826.2380025,0.002042531967163086
37735,normal,427,0,1782358826.240108,0.0021054744720458984
37736,normal,2106,0,1782358826.2419212,0.0018131732940673828
37737,normal,3303,1,1782358826.2441897,0.002268552780151367
37738,normal,1153,0,1782358826.2463603,0.002170562744140625
37739,normal,2562,0,1782358826.248184,0.0018236637115478516
37740,normal,1676,0,1782358826.2501376,0.001953601837158203
37741,normal,700,0,1782358826.2521505,0.002012968063354492
37742,normal,119,0,1782358826.2542315,0.0020809173583984375
37743,normal,2999,0,1782358826.2563303,0.0020987987518310547
37744,normal,3418,0,1782358826.258086,0.0017557144165039062
37745,normal,1686,0,1782358826.2599688,0.001882791519165039
37746,normal,249,0,1782358826.2620425,0.0020737648010253906
37747,normal,3325,1,1782358826.2638881,0.0018455982208251953
37748,normal,2706,0,1782358826.2663321,0.002444028854370117
37749,normal,1454,0,1782358826.2683172,0.0019850730895996094
37750,normal,3141,1,1782358826.2700574,0.0017402172088623047
37751,normal,1710,0,1782358826.2719865,0.0019290447235107422
37752,normal,2538,0,1782358826.2739713,0.001984834671020508
37753,normal,2032,0,1782358826.276041,0.002069711685180664
37754,normal,1576,0,1782358826.2779624,0.0019214153289794922
37755,normal,895,2,1782358826.28004,0.0020775794982910156
37756,normal,365,0,1782358826.2820375,0.0019974708557128906
37757,normal,1319,1,1782358826.2839966,0.001959085464477539
37758,normal,2415,0,1782358826.286077,0.0020804405212402344
37759,normal,138,0,1782358826.2880132,0.001936197280883789
37760,normal,1534,0,1782358826.2899444,0.0019311904907226562
37761,normal,3631,0,1782358826.2920604,0.002115964889526367
37762,normal,1272,0,1782358826.2940443,0.0019838809967041016
37763,normal,2716,0,1782358826.296152,0.002107858657836914
37764,normal,3522,0,1782358826.298005,0.0018529891967773438
37765,normal,494,0,1782358826.2999566,0.001951456069946289
37766,normal,359,0,1782358826.3019853,0.0020287036895751953
37767,normal,2862,0,1782358826.3039417,0.001956462860107422
37768,normal,3696,0,1782358826.3060098,0.002068042755126953
37769,normal,3487,0,1782358826.307928,0.0019183158874511719
37770,normal,3106,1,1782358826.310087,0.0021588802337646484
37771,normal,3647,0,1782358826.311937,0.001850128173828125
37772,normal,893,2,1782358826.314017,0.0020799636840820312
37773,normal,1614,0,1782358826.3159275,0.0019104480743408203
37774,normal,2120,0,1782358826.31801,0.0020825862884521484
37775,normal,463,0,1782358826.3200808,0.0020706653594970703
37776,normal,180,0,1782358826.3219335,0.0018527507781982422
37777,normal,2554,0,1782358826.3240097,0.0020761489868164062
37778,normal,19,0,1782358826.3259666,0.001956939697265625
37779,normal,1106,0,1782358826.3279192,0.0019526481628417969
37780,normal,873,2,1782358826.3299956,0.002076387405395508
37781,normal,1432,0,1782358826.3319259,0.00193023681640625
37782,normal,3440,0,1782358826.334128,0.0022020339965820312
37783,normal,3122,1,1782358826.3359728,0.0018448829650878906
37784,normal,2672,0,1782358826.3380623,0.0020895004272460938
37785,normal,1628,0,1782358826.339982,0.0019197463989257812
37786,normal,1772,0,1782358826.3422525,0.0022704601287841797
37787,normal,250,0,1782358826.3439906,0.0017380714416503906
37788,normal,2230,0,1782358826.3460915,0.0021009445190429688
37789,normal,1301,0,1782358826.3482797,0.0021882057189941406
37790,normal,38,0,1782358826.350108,0.0018281936645507812
37791,normal,2300,0,1782358826.3519816,0.0018737316131591797
37792,normal,228,0,1782358826.3539324,0.0019507408142089844
37793,normal,896,2,1782358826.3560765,0.0021440982818603516
37794,normal,3211,1,1782358826.3581724,0.002095937728881836
37795,normal,2269,0,1782358826.3601315,0.001959085464477539
37796,normal,1421,0,1782358826.3619835,0.0018520355224609375
37797,normal,3471,0,1782358826.3641706,0.002187013626098633
37798,normal,2340,0,1782358826.3661954,0.0020248889923095703
37799,normal,274,0,1782358826.368221,0.002025604248046875
37800,normal,868,2,1782358826.3700273,0.0018062591552734375
37801,normal,495,0,1782358826.3720665,0.002039194107055664
37802,normal,3460,0,1782358826.373991,0.0019245147705078125
37803,normal,2201,0,1782358826.375968,0.0019769668579101562
37804,normal,2044,0,1782358826.3780508,0.00208282470703125
37805,normal,563,0,1782358826.380092,0.0020411014556884766
37806,normal,1194,0,1782358826.3820705,0.001978635787963867
37807,normal,1300,0,1782358826.3840816,0.0020110607147216797
37808,normal,2165,0,1782358826.3859968,0.0019152164459228516
37809,normal,2573,0,1782358826.3880591,0.0020623207092285156
37810,normal,499,0,1782358826.3902044,0.0021452903747558594
37811,normal,120,0,1782358826.3922243,0.0020198822021484375
37812,normal,3609,0,1782358826.3939874,0.0017631053924560547
37813,normal,1601,0,1782358826.3960822,0.002094745635986328
37814,normal,2377,0,1782358826.3980503,0.0019681453704833984
37815,normal,1528,0,1782358826.3999877,0.0019373893737792969
37816,normal,1181,0,1782358826.4020796,0.0020918846130371094
37817,normal,147,0,1782358826.4042432,0.0021636486053466797
37818,normal,1289,0,1782358826.4059634,0.0017201900482177734
37819,normal,283,0,1782358826.4080722,0.0021088123321533203
37820,normal,2747,0,1782358826.4100757,0.0020034313201904297
37821,normal,113,0,1782358826.4120886,0.002012968063354492
37822,normal,478,0,1782358826.4140806,0.0019919872283935547
37823,normal,1471,0,1782358826.4163356,0.002254962921142578
37824,normal,2174,0,1782358826.4181218,0.0017862319946289062
37825,normal,2808,0,1782358826.4203324,0.0022106170654296875
37826,normal,3161,1,1782358826.4223652,0.002032756805419922
37827,normal,1979,0,1782358826.4241784,0.0018131732940673828
37828,normal,1746,0,1782358826.4262002,0.00202178955078125
37829,normal,1790,0,1782358826.4280775,0.0018773078918457031
37830,normal,1262,0,1782358826.430257,0.0021796226501464844
37831,normal,3013,0,1782358826.4322379,0.0019807815551757812
37832,normal,1,0,1782358826.4341822,0.0019443035125732422
37833,normal,1124,0,1782358826.4360375,0.0018553733825683594
37834,normal,3055,1,1782358826.4382124,0.002174854278564453
37835,normal,650,0,1782358826.4402704,0.0020580291748046875
37836,normal,1019,2,1782358826.4422345,0.001964092254638672
37837,normal,957,2,1782358826.4441192,0.0018846988677978516
37838,normal,1738,0,1782358826.4461467,0.0020275115966796875
37839,normal,1908,0,1782358826.4481516,0.002004861831665039
37840,normal,1346,1,1782358826.4502044,0.002052783966064453
37841,normal,2146,0,1782358826.4524233,0.002218961715698242
37842,normal,1390,0,1782358826.4540303,0.0016069412231445312
37843,normal,1480,0,1782358826.456199,0.0021686553955078125
37844,normal,3006,0,1782358826.4581594,0.0019605159759521484
37845,normal,511,0,1782358826.4600248,0.001865386962890625
37846,normal,493,0,1782358826.462154,0.002129077911376953
37847,normal,993,2,1782358826.4640357,0.0018818378448486328
37848,normal,497,0,1782358826.4659805,0.0019447803497314453
37849,normal,3413,0,1782358826.4681175,0.0021369457244873047
37850,normal,3170,1,1782358826.470017,0.0018994808197021484
37851,normal,434,0,1782358826.472158,0.0021409988403320312
37852,normal,385,0,1782358826.4740105,0.0018525123596191406
37853,normal,1424,0,1782358826.4761183,0.002107858657836914
37854,normal,2954,0,1782358826.477974,0.001855611801147461
37855,normal,1110,0,1782358826.4800913,0.0021173954010009766
37856,normal,1488,0,1782358826.4820447,0.0019533634185791016
37857,normal,3503,0,1782358826.4840467,0.0020020008087158203
37858,normal,1270,0,1782358826.4861603,0.0021135807037353516
37859,normal,2192,0,1782358826.4881172,0.001956939697265625
37860,normal,3070,1,1782358826.4899883,0.0018711090087890625
37861,normal,3352,1,1782358826.4920955,0.0021071434020996094
37862,normal,2052,0,1782358826.494113,0.002017498016357422
37863,normal,3210,1,1782358826.4960053,0.0018923282623291016
37864,normal,151,0,1782358826.498077,0.0020716190338134766
37865,normal,529,0,1782358826.5000799,0.0020029544830322266
37866,normal,2391,0,1782358826.5019634,0.0018835067749023438
37867,normal,578,0,1782358826.504158,0.002194643020629883
37868,normal,2477,0,1782358826.506035,0.0018770694732666016
37869,normal,2441,0,1782358826.5080035,0.0019683837890625
37870,normal,2161,0,1782358826.510162,0.002158641815185547
37871,normal,2287,0,1782358826.5121262,0.001964092254638672
37872,normal,2323,0,1782358826.5140336,0.0019073486328125
37873,normal,847,2,1782358826.516485,0.0024514198303222656
37874,normal,3255,1,1782358826.5180185,0.00153350830078125
37875,normal,2243,0,1782358826.5200725,0.002053976058959961
37876,normal,477,0,1782358826.5219471,0.001874685287475586
37877,normal,2379,0,1782358826.5240705,0.0021233558654785156
37878,normal,2224,0,1782358826.5260231,0.0019526481628417969
37879,normal,1697,0,1782358826.5281482,0.0021250247955322266
37880,normal,2047,0,1782358826.5299811,0.0018329620361328125
37881,normal,2205,0,1782358826.5320816,0.0021004676818847656
37882,normal,367,0,1782358826.533941,0.001859426498413086
37883,normal,191,0,1782358826.5360765,0.0021355152130126953
37884,normal,647,0,1782358826.5382538,0.0021772384643554688
37885,normal,619,0,1782358826.54011,0.0018563270568847656
37886,normal,2546,0,1782358826.542131,0.0020208358764648438
37887,normal,2222,0,1782358826.5441084,0.0019774436950683594
37888,normal,145,0,1782358826.5459745,0.0018661022186279297
37889,normal,3110,1,1782358826.5480952,0.0021207332611083984
37890,normal,305,0,1782358826.54999,0.0018947124481201172
37891,normal,66,0,1782358826.5521119,0.0021219253540039062
37892,normal,1812,0,1782358826.5543544,0.002242565155029297
37893,normal,1648,0,1782358826.555997,0.001642465591430664
37894,normal,2991,0,1782358826.558073,0.0020761489868164062
37895,normal,1047,0,1782358826.5600076,0.0019345283508300781
37896,normal,2588,0,1782358826.5620894,0.0020818710327148438
37897,normal,2429,0,1782358826.5639815,0.00189208984375
37898,normal,2370,0,1782358826.5661695,0.002187967300415039
37899,normal,2210,0,1782358826.5682933,0.0021238327026367188
37900,normal,2367,0,1782358826.570139,0.0018455982208251953
37901,normal,392,0,1782358826.572145,0.002006053924560547
37902,normal,1006,2,1782358826.5740702,0.0019252300262451172
37903,normal,929,2,1782358826.576217,0.0021467208862304688
37904,normal,2699,0,1782358826.5783126,0.0020956993103027344
37905,normal,1254,0,1782358826.5802443,0.0019316673278808594
37906,normal,594,0,1782358826.5821517,0.0019073486328125
37907,normal,2306,0,1782358826.5839632,0.0018115043640136719
37908,normal,2820,0,1782358826.5862708,0.0023076534271240234
37909,normal,1919,0,1782358826.588134,0.001863241195678711
37910,normal,2380,0,1782358826.5900102,0.0018761157989501953
37911,normal,1967,0,1782358826.5919654,0.001955270767211914
37912,normal,3331,1,1782358826.5941904,0.0022249221801757812
37913,normal,832,2,1782358826.5960507,0.0018603801727294922
37914,normal,65,0,1782358826.5980012,0.0019505023956298828
37915,normal,131,0,1782358826.60016,0.002158641815185547
37916,normal,1031,0,1782358826.6022878,0.0021278858184814453
37917,normal,3286,1,1782358826.6040895,0.0018017292022705078
37918,normal,1810,0,1782358826.606005,0.0019154548645019531
37919,normal,1750,0,1782358826.608126,0.0021209716796875
37920,normal,3689,0,1782358826.6099944,0.0018684864044189453
37921,normal,405,0,1782358826.6121125,0.0021181106567382812
37922,normal,16,0,1782358826.6140177,0.001905202865600586
37923,normal,3596,0,1782358826.6161928,0.0021750926971435547
37924,normal,2426,0,1782358826.6179757,0.0017828941345214844
37925,normal,2090,0,1782358826.620029,0.0020532608032226562
37926,normal,281,0,1782358826.6219747,0.0019457340240478516
37927,normal,393,0,1782358826.624253,0.0022783279418945312
37928,normal,2142,0,1782358826.626122,0.0018689632415771484
37929,normal,3185,1,1782358826.62799,0.0018680095672607422
37930,normal,2272,0,1782358826.6301317,0.002141714096069336
37931,normal,1397,0,1782358826.632045,0.001913309097290039
37932,normal,747,0,1782358826.6339633,0.0019183158874511719
37933,normal,1314,0,1782358826.636081,0.002117633819580078
37934,normal,1303,0,1782358826.638007,0.0019259452819824219
37935,normal,667,0,1782358826.6401238,0.0021169185638427734
37936,normal,3615,0,1782358826.6420207,0.0018968582153320312
37937,normal,1635,0,1782358826.6442275,0.0022068023681640625
37938,normal,3453,0,1782358826.6461718,0.0019443035125732422
37939,normal,580,0,1782358826.6481912,0.0020194053649902344
37940,normal,1802,0,1782358826.6501276,0.0019364356994628906
37941,normal,3174,1,1782358826.6519523,0.0018246173858642578
37942,normal,2459,0,1782358826.6540709,0.0021185874938964844
37943,normal,2676,0,1782358826.6560097,0.0019388198852539062
37944,normal,545,0,1782358826.658138,0.0021283626556396484
37945,normal,2254,0,1782358826.6599622,0.0018241405487060547
37946,normal,94,0,1782358826.6620672,0.0021049976348876953
37947,normal,909,2,1782358826.663952,0.0018849372863769531
37948,normal,1376,1,1782358826.6665668,0.002614736557006836
37949,normal,342,0,1782358826.6681378,0.0015709400177001953
37950,normal,444,0,1782358826.6699867,0.0018489360809326172
37951,normal,86,0,1782358826.6720898,0.002103090286254883
37952,normal,1219,0,1782358826.6740122,0.0019223690032958984
37953,normal,3285,1,1782358826.6761777,0.002165555953979492
37954,normal,2791,0,1782358826.678014,0.0018362998962402344
37955,normal,3166,1,1782358826.6800718,0.002057790756225586
37956,normal,222,0,1782358826.681959,0.0018870830535888672
37957,normal,2710,0,1782358826.6840827,0.0021238327026367188
37958,normal,1281,0,1782358826.686036,0.0019533634185791016
37959,normal,3600,0,1782358826.6881936,0.002157449722290039
37960,normal,1288,0,1782358826.6902747,0.002081155776977539
37961,normal,1860,0,1782358826.6921458,0.0018711090087890625
37962,normal,1900,0,1782358826.6939943,0.001848459243774414
37963,normal,3458,0,1782358826.6962986,0.0023043155670166016
37964,normal,2100,0,1782358826.6981988,0.0019001960754394531
37965,normal,3658,0,1782358826.7000604,0.001861572265625
37966,normal,2851,0,1782358826.7020898,0.0020294189453125
37967,normal,1621,0,1782358826.7042646,0.002174854278564453
37968,normal,2045,0,1782358826.7062109,0.0019462108612060547
37969,normal,2253,0,1782358826.708195,0.001984119415283203
37970,normal,551,0,1782358826.7105365,0.0023415088653564453
37971,normal,2155,0,1782358826.712273,0.0017364025115966797
37972,normal,3007,0,1782358826.7150917,0.0028188228607177734
37973,normal,3254,1,1782358826.7161157,0.001024007797241211
37974,normal,1620,0,1782358826.7182145,0.0020987987518310547
37975,normal,1767,0,1782358826.7201662,0.0019516944885253906
37976,normal,2424,0,1782358826.7221103,0.0019440650939941406
37977,normal,163,0,1782358826.7239954,0.0018851757049560547
37978,normal,3093,1,1782358826.7260005,0.0020051002502441406
37979,normal,597,0,1782358826.7279923,0.001991748809814453
37980,normal,416,0,1782358826.7300084,0.0020160675048828125
37981,normal,72,0,1782358826.731983,0.0019745826721191406
37982,normal,1670,0,1782358826.734081,0.00209808349609375
37983,normal,2335,0,1782358826.73606,0.0019788742065429688
37984,normal,148,0,1782358826.7381556,0.0020956993103027344
37985,normal,417,0,1782358826.7400799,0.001924276351928711
37986,normal,775,2,1782358826.7420142,0.0019342899322509766
37987,normal,2016,0,1782358826.7439752,0.0019609928131103516
37988,normal,694,0,1782358826.7459953,0.002020120620727539
37989,normal,695,0,1782358826.7479248,0.0019295215606689453
37990,normal,876,2,1782358826.7500708,0.002146005630493164
37991,normal,1588,0,1782358826.7519608,0.001889944076538086
37992,normal,3338,1,1782358826.754024,0.002063274383544922
37993,normal,717,0,1782358826.756206,0.0021820068359375
37994,normal,389,0,1782358826.7579007,0.0016946792602539062
37995,normal,732,0,1782358826.7599175,0.002016782760620117
37996,normal,1323,1,1782358826.762202,0.002284526824951172
37997,normal,953,2,1782358826.7639086,0.0017066001892089844
37998,normal,3424,0,1782358826.765979,0.0020704269409179688
37999,normal,548,0,1782358826.7681887,0.0022096633911132812
38000,normal,1180,0,1782358826.7700024,0.001813650131225586
38001,normal,128,0,1782358826.772094,0.002091646194458008
38002,normal,3127,1,1782358826.774007,0.0019130706787109375
38003,normal,448,0,1782358826.7760885,0.0020813941955566406
38004,normal,2226,0,1782358826.778016,0.0019276142120361328
38005,normal,10,0,1782358826.7800066,0.0019905567169189453
38006,normal,1196,0,1782358826.7819932,0.0019865036010742188
38007,normal,680,0,1782358826.7839465,0.0019533634185791016
38008,normal,1433,0,1782358826.785964,0.002017498016357422
38009,normal,3568,0,1782358826.7879314,0.0019674301147460938
38010,normal,1558,0,1782358826.7899685,0.00203704833984375
38011,normal,735,0,1782358826.7920368,0.0020682811737060547
38012,normal,2329,0,1782358826.794077,0.0020401477813720703
38013,normal,2012,0,1782358826.7959461,0.00186920166015625
38014,normal,838,2,1782358826.7980597,0.0021135807037353516
38015,normal,192,0,1782358826.800228,0.002168416976928711
38016,normal,1559,0,1782358826.802194,0.0019659996032714844
38017,normal,930,2,1782358826.804253,0.0020589828491210938
38018,normal,2159,0,1782358826.8060567,0.0018036365509033203
38019,normal,2467,0,1782358826.808145,0.002088308334350586
38020,normal,2931,0,1782358826.810146,0.002001047134399414
38021,normal,2141,0,1782358826.8120596,0.0019135475158691406
38022,normal,3305,1,1782358826.8141463,0.002086639404296875
38023,normal,1668,0,1782358826.816148,0.0020017623901367188
38024,normal,2679,0,1782358826.818076,0.0019278526306152344
38025,normal,3500,0,1782358826.8201566,0.002080678939819336
38026,normal,1615,0,1782358826.822163,0.00200653076171875
38027,normal,2823,0,1782358826.8240776,0.0019145011901855469
38028,normal,2709,0,1782358826.8261662,0.0020885467529296875
38029,normal,2684,0,1782358826.8281467,0.0019805431365966797
38030,normal,1937,0,1782358826.830057,0.0019102096557617188
38031,normal,3692,0,1782358826.8321545,0.002097606658935547
38032,normal,1061,0,1782358826.834167,0.002012491226196289
38033,normal,1874,0,1782358826.8360553,0.001888275146484375
38034,normal,1170,0,1782358826.8381433,0.0020880699157714844
38035,normal,2663,0,1782358826.840223,0.0020797252655029297
38036,normal,2729,0,1782358826.8420558,0.001832723617553711
38037,normal,3047,1,1782358826.8441417,0.0020859241485595703
38038,normal,3088,1,1782358826.8461456,0.002003908157348633
38039,normal,1021,2,1782358826.8480563,0.0019106864929199219
38040,normal,3066,1,1782358826.850198,0.002141714096069336
38041,normal,2501,0,1782358826.8521574,0.0019593238830566406
38042,normal,376,0,1782358826.8540132,0.0018558502197265625
38043,normal,1255,0,1782358826.8561456,0.002132415771484375
38044,normal,3682,0,1782358826.8581526,0.002007007598876953
38045,normal,1269,0,1782358826.860057,0.0019044876098632812
38046,normal,1377,1,1782358826.8621502,0.002093076705932617
38047,normal,1863,0,1782358826.8641481,0.0019979476928710938
38048,normal,1064,0,1782358826.8660572,0.001909017562866211
38049,normal,2969,0,1782358826.8682234,0.002166271209716797
38050,normal,350,0,1782358826.8702717,0.0020482540130615234
38051,normal,1349,1,1782358826.8720598,0.0017881393432617188
38052,normal,490,0,1782358826.874145,0.0020852088928222656
38053,normal,1562,0,1782358826.8761818,0.0020368099212646484
38054,normal,1121,0,1782358826.8780518,0.0018699169158935547
38055,normal,1154,0,1782358826.8801441,0.0020923614501953125
38056,normal,1661,0,1782358826.8821452,0.002001047134399414
38057,normal,3,0,1782358826.8840568,0.0019116401672363281
38058,normal,22,0,1782358826.886165,0.0021080970764160156
38059,normal,546,0,1782358826.8881948,0.002029895782470703
38060,normal,2671,0,1782358826.8900177,0.0018229484558105469
38061,normal,1509,0,1782358826.8921459,0.002128124237060547
38062,normal,30,0,1782358826.8941584,0.002012491226196289
38063,normal,1852,0,1782358826.8960576,0.0018992424011230469
38064,normal,2647,0,1782358826.8981452,0.0020875930786132812
38065,normal,1636,0,1782358826.9001896,0.0020444393157958984
38066,normal,2077,0,1782358826.9020078,0.0018181800842285156
38067,normal,2515,0,1782358826.9041433,0.0021355152130126953
38068,normal,2494,0,1782358826.9061577,0.0020143985748291016
38069,normal,2717,0,1782358826.908017,0.0018591880798339844
38070,normal,748,0,1782358826.9101446,0.0021276473999023438
38071,normal,2689,0,1782358826.912147,0.0020024776458740234
38072,normal,3326,1,1782358826.9140499,0.0019028186798095703
38073,normal,3195,1,1782358826.9161558,0.0021059513092041016
38074,normal,988,2,1782358826.9181507,0.0019948482513427734
38075,normal,2057,0,1782358826.9200573,0.0019066333770751953
38076,normal,1337,1,1782358826.9223514,0.0022940635681152344
38077,normal,2559,0,1782358826.9240305,0.0016791820526123047
38078,normal,3390,1,1782358826.9262733,0.0022428035736083984
38079,normal,2957,0,1782358826.9281425,0.00186920166015625
38080,normal,1293,0,1782358826.9300797,0.0019371509552001953
38081,normal,934,2,1782358826.932227,0.002147197723388672
38082,normal,3182,1,1782358826.9341757,0.0019488334655761719
38083,normal,2500,0,1782358826.9363725,0.002196788787841797
38084,normal,1143,0,1782358826.9380312,0.0016586780548095703
38085,normal,598,0,1782358826.9400444,0.0020132064819335938
38086,normal,1094,0,1782358826.9423268,0.002282381057739258
38087,normal,742,0,1782358826.9440343,0.0017075538635253906
38088,normal,574,0,1782358826.9463294,0.0022950172424316406
38089,normal,3101,1,1782358826.9483254,0.0019960403442382812
38090,normal,1725,0,1782358826.9500384,0.0017130374908447266
38091,normal,1379,1,1782358826.9521296,0.0020911693572998047
38092,normal,1519,0,1782358826.9541993,0.002069711685180664
38093,normal,552,0,1782358826.956015,0.0018157958984375
38094,normal,139,0,1782358826.9581468,0.0021317005157470703
38095,normal,258,0,1782358826.960142,0.001995086669921875
38096,normal,2982,0,1782358826.9619904,0.001848459243774414
38097,normal,2705,0,1782358826.96412,0.0021295547485351562
38098,normal,206,0,1782358826.9662127,0.0020928382873535156
38099,normal,2893,0,1782358826.968005,0.0017921924591064453
38100,normal,446,0,1782358826.970191,0.0021860599517822266
38101,normal,2065,0,1782358826.9733014,0.0031104087829589844
38102,normal,127,0,1782358826.974095,0.0007936954498291016
38103,normal,528,0,1782358826.9761753,0.002080202102661133
38104,normal,676,0,1782358826.9781814,0.002006053924560547
38105,normal,1079,0,1782358826.9800377,0.0018563270568847656
38106,normal,526,0,1782358826.982178,0.0021402835845947266
38107,normal,2125,0,1782358826.9841814,0.0020034313201904297
38108,normal,1724,0,1782358826.9860382,0.0018568038940429688
38109,normal,208,0,1782358826.9881897,0.0021514892578125
38110,normal,1298,0,1782358826.9900339,0.001844167709350586
38111,normal,1616,0,1782358826.9920375,0.0020036697387695312
38112,normal,1722,0,1782358826.99419,0.0021524429321289062
38113,normal,1699,0,1782358826.996038,0.001847982406616211
38114,normal,82,0,1782358826.9981873,0.002149343490600586
38115,normal,3090,1,1782358827.0000374,0.001850128173828125
38116,normal,504,0,1782358827.0021827,0.0021452903747558594
38117,normal,553,0,1782358827.004038,0.0018553733825683594
38118,normal,3117,1,1782358827.0062675,0.002229452133178711
38119,normal,1711,0,1782358827.0080879,0.0018203258514404297
38120,normal,2412,0,1782358827.0101757,0.002087831497192383
38121,normal,776,2,1782358827.0120373,0.001861572265625
38122,normal,1334,1,1782358827.014185,0.002147674560546875
38123,normal,1652,0,1782358827.0160396,0.0018546581268310547
38124,normal,3443,0,1782358827.018178,0.002138376235961914
38125,normal,704,0,1782358827.0201607,0.0019826889038085938
38126,normal,23,0,1782358827.0220795,0.001918792724609375
38127,normal,3139,1,1782358827.0240467,0.001967191696166992
38128,normal,476,0,1782358827.0262592,0.0022125244140625
38129,normal,3131,1,1782358827.028037,0.0017778873443603516
38130,normal,3298,1,1782358827.0301874,0.002150297164916992
38131,normal,2091,0,1782358827.0321896,0.002002239227294922
38132,normal,772,2,1782358827.0340264,0.0018367767333984375
38133,normal,2068,0,1782358827.0360415,0.0020151138305664062
38134,normal,2131,0,1782358827.0381796,0.0021381378173828125
38135,normal,1009,2,1782358827.0400662,0.001886606216430664
38136,normal,467,0,1782358827.0421803,0.0021140575408935547
38137,normal,3673,0,1782358827.044201,0.002020597457885742
38138,normal,1225,0,1782358827.0460434,0.001842498779296875
38139,normal,287,0,1782358827.0481853,0.0021419525146484375
38140,normal,2601,0,1782358827.050256,0.0020706653594970703
38141,normal,657,0,1782358827.0520387,0.0017826557159423828
38142,normal,2985,0,1782358827.0541735,0.0021347999572753906
38143,normal,859,2,1782358827.056234,0.002060413360595703
38144,normal,296,0,1782358827.0580332,0.0017993450164794922
38145,normal,401,0,1782358827.0601938,0.0021605491638183594
38146,normal,1712,0,1782358827.0621755,0.0019817352294921875
38147,normal,3102,1,1782358827.0640333,0.001857757568359375
38148,normal,1042,0,1782358827.066175,0.002141714096069336
38149,normal,1837,0,1782358827.0681775,0.0020024776458740234
38150,normal,2973,0,1782358827.0700321,0.0018546581268310547
38151,normal,2389,0,1782358827.072031,0.0019989013671875
38152,normal,33,0,1782358827.0741727,0.002141714096069336
38153,normal,195,0,1782358827.076032,0.0018591880798339844
38154,normal,207,0,1782358827.0781713,0.0021393299102783203
38155,normal,2179,0,1782358827.0801766,0.002005338668823242
38156,normal,2630,0,1782358827.082031,0.0018544197082519531
38157,normal,871,2,1782358827.0842168,0.002185821533203125
38158,normal,901,2,1782358827.0862641,0.002047300338745117
38159,normal,2681,0,1782358827.0880353,0.0017712116241455078
38160,normal,8,0,1782358827.0902078,0.0021724700927734375
38161,normal,2229,0,1782358827.0922685,0.0020606517791748047
38162,normal,1152,0,1782358827.0940402,0.001771688461303711
38163,normal,1199,0,1782358827.0961795,0.0021393299102783203
38164,normal,390,0,1782358827.0982788,0.002099275588989258
38165,normal,2385,0,1782358827.100037,0.0017583370208740234
38166,normal,3575,0,1782358827.1021786,0.0021414756774902344
38167,normal,985,2,1782358827.104186,0.0020074844360351562
38168,normal,2008,0,1782358827.1060855,0.0018994808197021484
38169,normal,3242,1,1782358827.1081786,0.002093076705932617
38170,normal,2912,0,1782358827.1101887,0.0020101070404052734
38171,normal,1259,0,1782358827.1120372,0.001848459243774414
38172,normal,2904,0,1782358827.1141853,0.002148151397705078
38173,normal,1959,0,1782358827.1161802,0.0019948482513427734
38174,normal,2748,0,1782358827.1180384,0.0018582344055175781
38175,normal,1478,0,1782358827.1201792,0.0021407604217529297
38176,normal,1460,0,1782358827.1220713,0.00189208984375
38177,normal,1291,0,1782358827.1242368,0.002165555953979492
38178,normal,1632,0,1782358827.1259854,0.0017485618591308594
38179,normal,977,2,1782358827.1281512,0.0021657943725585938
38180,normal,323,0,1782358827.1299815,0.0018303394317626953
38181,normal,537,0,1782358827.1320753,0.002093791961669922
38182,normal,2264,0,1782358827.1343484,0.002273082733154297
38183,normal,635,0,1782358827.1360307,0.001682281494140625
38184,normal,60,0,1782358827.138411,0.00238037109375
38185,normal,74,0,1782358827.1401794,0.001768350601196289
38186,normal,1734,0,1782358827.1420302,0.0018508434295654297
38187,normal,2824,0,1782358827.1443202,0.002290010452270508
38188,normal,728,0,1782358827.1461768,0.0018565654754638672
38189,normal,1748,0,1782358827.148211,0.0020341873168945312
38190,normal,32,0,1782358827.1501713,0.001960277557373047
38191,normal,2927,0,1782358827.152174,0.002002716064453125
38192,normal,1977,0,1782358827.1542826,0.0021085739135742188
38193,normal,2998,0,1782358827.1563308,0.0020482540130615234
38194,normal,618,0,1782358827.1581843,0.0018534660339355469
38195,normal,1368,1,1782358827.1601331,0.0019488334655761719
38196,normal,391,0,1782358827.1621733,0.0020401477813720703
38197,normal,2483,0,1782358827.1641824,0.002009153366088867
38198,normal,1251,0,1782358827.1659782,0.0017957687377929688
38199,normal,2577,0,1782358827.16832,0.002341747283935547
38200,normal,2020,0,1782358827.1702602,0.0019402503967285156
38201,normal,1037,0,1782358827.1720324,0.001772165298461914
38202,normal,2970,0,1782358827.1741524,0.0021200180053710938
38203,normal,822,2,1782358827.1761577,0.002005338668823242
38204,normal,2113,0,1782358827.177981,0.0018231868743896484
38205,normal,71,0,1782358827.1800752,0.002094268798828125
38206,normal,3567,0,1782358827.1821668,0.002091646194458008
38207,normal,624,0,1782358827.1839957,0.001828908920288086
38208,normal,2533,0,1782358827.1860785,0.00208282470703125
38209,normal,1005,2,1782358827.1880684,0.0019898414611816406
38210,normal,271,0,1782358827.190016,0.001947641372680664
38211,normal,1286,0,1782358827.1921191,0.002103090286254883
38212,normal,2442,0,1782358827.1940694,0.0019502639770507812
38213,normal,1739,0,1782358827.1959841,0.0019147396087646484
38214,normal,760,0,1782358827.1980703,0.002086162567138672
38215,normal,184,0,1782358827.2000883,0.002017974853515625
38216,normal,1164,0,1782358827.201986,0.0018978118896484375
38217,normal,3044,0,1782358827.2040682,0.0020821094512939453
38218,normal,903,2,1782358827.206166,0.0020978450775146484
38219,normal,91,0,1782358827.207999,0.0018329620361328125
38220,normal,2543,0,1782358827.2100663,0.0020673274993896484
38221,normal,2587,0,1782358827.2120688,0.0020024776458740234
38222,normal,1024,2,1782358827.2140152,0.0019464492797851562
38223,normal,1859,0,1782358827.2160647,0.0020494461059570312
38224,normal,974,2,1782358827.2180734,0.002008676528930664
38225,normal,3021,0,1782358827.2199805,0.0019071102142333984
38226,normal,3189,1,1782358827.222076,0.002095460891723633
38227,normal,1414,0,1782358827.2241828,0.002106904983520508
38228,normal,2523,0,1782358827.2259848,0.0018019676208496094
38229,normal,3225,1,1782358827.2280712,0.0020864009857177734
38230,normal,2542,0,1782358827.230068,0.001996755599975586
38231,normal,907,2,1782358827.231981,0.0019130706787109375
38232,normal,2476,0,1782358827.2341514,0.0021703243255615234
38233,normal,1411,0,1782358827.236125,0.0019736289978027344
38234,normal,3520,0,1782358827.2379797,0.0018546581268310547
38235,normal,172,0,1782358827.2401743,0.002194643020629883
38236,normal,2074,0,1782358827.2421606,0.001986265182495117
38237,normal,3534,0,1782358827.2439806,0.0018200874328613281
38238,normal,2902,0,1782358827.246069,0.002088308334350586
38239,normal,2071,0,1782358827.2479815,0.0019125938415527344
38240,normal,2245,0,1782358827.2501435,0.0021619796752929688
38241,normal,1918,0,1782358827.2519853,0.0018417835235595703
38242,normal,3068,1,1782358827.25416,0.0021746158599853516
38243,normal,2753,0,1782358827.256081,0.0019211769104003906
38244,normal,3183,1,1782358827.2580812,0.002000093460083008
38245,normal,2812,0,1782358827.2601619,0.002080678939819336
38246,normal,1011,2,1782358827.2619798,0.001817941665649414
38247,normal,2308,0,1782358827.2640758,0.002095937728881836
38248,normal,1932,0,1782358827.2660723,0.0019965171813964844
38249,normal,3151,1,1782358827.2679832,0.0019109249114990234
38250,normal,2923,0,1782358827.2700665,0.002083301544189453
38251,normal,3264,1,1782358827.272403,0.0023365020751953125
38252,normal,2639,0,1782358827.2740328,0.0016298294067382812
38253,normal,112,0,1782358827.2761774,0.0021445751190185547
38254,normal,347,0,1782358827.2783167,0.0021393299102783203
38255,normal,1059,0,1782358827.2800398,0.0017230510711669922
38256,normal,1611,0,1782358827.2823231,0.002283334732055664
38257,normal,744,0,1782358827.2842062,0.0018830299377441406
38258,normal,3030,0,1782358827.2860317,0.001825571060180664
38259,normal,607,0,1782358827.2883248,0.002293109893798828
38260,normal,3080,1,1782358827.290197,0.0018720626831054688
38261,normal,1041,0,1782358827.2920358,0.0018389225006103516
38262,normal,3087,1,1782358827.2943265,0.0022907257080078125
38263,normal,3617,0,1782358827.2962458,0.0019192695617675781
38264,normal,3549,0,1782358827.2982252,0.001979351043701172
38265,normal,690,0,1782358827.3000367,0.0018115043640136719
38266,normal,587,0,1782358827.3023858,0.0023491382598876953
38267,normal,3505,0,1782358827.3040323,0.0016465187072753906
38268,normal,1065,0,1782358827.3063397,0.002307415008544922
38269,normal,1109,0,1782358827.3082607,0.001920938491821289
38270,normal,27,0,1782358827.3100317,0.0017709732055664062
38271,normal,1425,0,1782358827.3123207,0.0022890567779541016
38272,normal,3706,0,1782358827.3141878,0.001867055892944336
38273,normal,2903,0,1782358827.3162081,0.0020203590393066406
38274,normal,472,0,1782358827.3181837,0.001975536346435547
38275,normal,1835,0,1782358827.3203747,0.0021910667419433594
38276,normal,468,0,1782358827.322071,0.0016963481903076172
38277,normal,1318,0,1782358827.3240767,0.0020055770874023438
38278,normal,1605,0,1782358827.3261817,0.0021049976348876953
38279,normal,2211,0,1782358827.3279922,0.0018105506896972656
38280,normal,2813,0,1782358827.3301826,0.0021903514862060547
38281,normal,3171,1,1782358827.3320534,0.001870870590209961
38282,normal,798,2,1782358827.3341904,0.0021369457244873047
38283,normal,173,0,1782358827.3360674,0.0018770694732666016
38284,normal,430,0,1782358827.338327,0.002259492874145508
38285,normal,3329,1,1782358827.3400264,0.0016994476318359375
38286,normal,2629,0,1782358827.3421345,0.0021080970764160156
38287,normal,2035,0,1782358827.3442097,0.0020751953125
38288,normal,3442,0,1782358827.3459873,0.00177764892578125
38289,normal,2874,0,1782358827.3480308,0.002043485641479492
38290,normal,2371,0,1782358827.3499606,0.0019297599792480469
38291,normal,611,0,1782358827.3520186,0.0020580291748046875
38292,normal,3372,1,1782358827.353953,0.0019342899322509766
38293,normal,825,2,1782358827.3559933,0.002040386199951172
38294,normal,3672,0,1782358827.3579395,0.0019462108612060547
38295,normal,995,2,1782358827.3599336,0.0019941329956054688
38296,normal,1641,0,1782358827.3620098,0.0020761489868164062
38297,normal,1618,0,1782358827.364355,0.0023453235626220703
38298,normal,2333,0,1782358827.3660336,0.001678466796875
38299,normal,2103,0,1782358827.3681765,0.0021429061889648438
38300,normal,3028,0,1782358827.3700325,0.001856088638305664
38301,normal,786,2,1782358827.3724344,0.0024018287658691406
38302,normal,1485,0,1782358827.3742456,0.0018112659454345703
38303,normal,1956,0,1782358827.3761601,0.0019145011901855469
38304,normal,3072,1,1782358827.3780608,0.0019006729125976562
38305,normal,1755,0,1782358827.3803241,0.002263307571411133
38306,normal,299,0,1782358827.3820314,0.001707315444946289
38307,normal,1332,1,1782358827.3843226,0.0022912025451660156
38308,normal,2968,0,1782358827.3861768,0.0018541812896728516
38309,normal,200,0,1782358827.3882074,0.002030611038208008
38310,normal,864,2,1782358827.3901496,0.0019421577453613281
38311,normal,3671,0,1782358827.3921475,0.0019979476928710938
38312,normal,1126,0,1782358827.39399,0.001842498779296875
38313,normal,811,2,1782358827.3962777,0.002287626266479492
38314,normal,3094,1,1782358827.39807,0.0017924308776855469
38315,normal,2356,0,1782358827.3999913,0.0019211769104003906
38316,normal,3137,1,1782358827.4021254,0.002134084701538086
38317,normal,2984,0,1782358827.404184,0.002058744430541992
38318,normal,673,0,1782358827.4060361,0.0018520355224609375
38319,normal,980,2,1782358827.4081416,0.0021054744720458984
38320,normal,3395,1,1782358827.4101427,0.002001047134399414
38321,normal,516,0,1782358827.4119897,0.0018470287322998047
38322,normal,278,0,1782358827.4140906,0.0021009445190429688
38323,normal,2667,0,1782358827.416185,0.002094268798828125
38324,normal,17,0,1782358827.4179888,0.0018038749694824219
38325,normal,1820,0,1782358827.4200819,0.002093076705932617
38326,normal,1198,0,1782358827.4223585,0.0022766590118408203
38327,normal,1391,0,1782358827.4239926,0.0016341209411621094
38328,normal,585,0,1782358827.4261408,0.002148151397705078
38329,normal,193,0,1782358827.4281242,0.0019834041595458984
38330,normal,3312,1,1782358827.429986,0.0018618106842041016
38331,normal,2361,0,1782358827.4321854,0.002199411392211914
38332,normal,1714,0,1782358827.4340918,0.0019063949584960938
38333,normal,1161,0,1782358827.4359953,0.001903533935546875
38334,normal,3707,0,1782358827.438316,0.0023207664489746094
38335,normal,486,0,1782358827.4401221,0.001806020736694336
38336,normal,1402,0,1782358827.4419777,0.001855611801147461
38337,normal,3396,1,1782358827.4441211,0.002143383026123047
38338,normal,2766,0,1782358827.4460433,0.0019221305847167969
38339,normal,1778,0,1782358827.4482188,0.002175569534301758
38340,normal,3397,1,1782358827.4501748,0.0019559860229492188
38341,normal,3632,0,1782358827.4521744,0.0019996166229248047
38342,normal,3040,0,1782358827.4542084,0.0020339488983154297
38343,normal,1366,1,1782358827.4562137,0.002005338668823242
38344,normal,3527,0,1782358827.4581304,0.001916646957397461
38345,normal,3518,0,1782358827.4599943,0.0018639564514160156
38346,normal,3340,1,1782358827.4623284,0.002334117889404297
38347,normal,455,0,1782358827.4641862,0.001857757568359375
38348,normal,3078,1,1782358827.466214,0.002027750015258789
38349,normal,1038,0,1782358827.4681735,0.001959562301635742
38350,normal,1277,0,1782358827.470327,0.0021533966064453125
38351,normal,1764,0,1782358827.4720316,0.0017046928405761719
38352,normal,3455,0,1782358827.4741864,0.002154827117919922
38353,normal,2257,0,1782358827.4763808,0.0021944046020507812
38354,normal,2401,0,1782358827.4780338,0.0016529560089111328
38355,normal,2112,0,1782358827.4803271,0.0022933483123779297
38356,normal,753,0,1782358827.4821773,0.001850128173828125
38357,normal,3605,0,1782358827.484251,0.0020737648010253906
38358,normal,2318,0,1782358827.4861865,0.0019354820251464844
38359,normal,3657,0,1782358827.4883227,0.00213623046875
38360,normal,855,2,1782358827.490033,0.0017101764678955078
38361,normal,2490,0,1782358827.4923239,0.002290964126586914
38362,normal,1963,0,1782358827.4941735,0.0018496513366699219
38363,normal,1238,0,1782358827.4962149,0.002041339874267578
38364,normal,2123,0,1782358827.4981842,0.0019693374633789062
38365,normal,2097,0,1782358827.5003252,0.0021409988403320312
38366,normal,2840,0,1782358827.5020328,0.0017075538635253906
38367,normal,3208,1,1782358827.5043178,0.002285003662109375
38368,normal,3473,0,1782358827.5062132,0.0018954277038574219
38369,normal,1953,0,1782358827.5080378,0.0018246173858642578
38370,normal,1872,0,1782358827.510325,0.002287149429321289
38371,normal,1656,0,1782358827.5121756,0.0018506050109863281
38372,normal,603,0,1782358827.514228,0.0020525455474853516
38373,normal,862,2,1782358827.5161717,0.0019435882568359375
38374,normal,2726,0,1782358827.5183828,0.0022110939025878906
38375,normal,2670,0,1782358827.52003,0.0016472339630126953
38376,normal,2845,0,1782358827.5223222,0.002292156219482422
38377,normal,259,0,1782358827.5241864,0.0018641948699951172
38378,normal,429,0,1782358827.5260324,0.0018460750579833984
38379,normal,2568,0,1782358827.5283284,0.002295970916748047
38380,normal,3347,1,1782358827.5301754,0.0018470287322998047
38381,normal,2875,0,1782358827.5322113,0.002035856246948242
38382,normal,1353,1,1782358827.534206,0.001994609832763672
38383,normal,1400,0,1782358827.5360587,0.0018527507781982422
38384,normal,3236,1,1782358827.538201,0.0021424293518066406
38385,normal,170,0,1782358827.5399697,0.0017685890197753906
38386,normal,1793,0,1782358827.5422826,0.002312898635864258
38387,normal,3160,1,1782358827.5439878,0.001705169677734375
38388,normal,1175,0,1782358827.5461602,0.0021724700927734375
38389,normal,3517,0,1782358827.548001,0.001840829849243164
38390,normal,779,2,1782358827.5503209,0.002319812774658203
38391,normal,1958,0,1782358827.552031,0.0017101764678955078
38392,normal,3291,1,1782358827.554327,0.002295970916748047
38393,normal,3587,0,1782358827.5560153,0.001688241958618164
38394,normal,3630,0,1782358827.557992,0.0019767284393310547
38395,normal,737,0,1782358827.560302,0.002310037612915039
38396,normal,48,0,1782358827.5622432,0.0019412040710449219
38397,normal,1056,0,1782358827.5640254,0.0017821788787841797
38398,normal,1803,0,1782358827.5663195,0.0022940635681152344
38399,normal,827,2,1782358827.568026,0.0017066001892089844
38400,normal,2320,0,1782358827.570325,0.0022988319396972656
38401,normal,726,0,1782358827.572182,0.0018570423126220703
38402,normal,1382,0,1782358827.5740256,0.0018436908721923828
38403,normal,2124,0,1782358827.5762036,0.0021779537200927734
38404,normal,2697,0,1782358827.5781622,0.001958608627319336
38405,normal,3178,1,1782358827.5802066,0.0020444393157958984
38406,normal,672,0,1782358827.5821655,0.0019588470458984375
38407,normal,2920,0,1782358827.5842214,0.0020558834075927734
38408,normal,1657,0,1782358827.5859802,0.0017588138580322266
38409,normal,2063,0,1782358827.588153,0.002172708511352539
38410,normal,1012,2,1782358827.5902238,0.002070903778076172
38411,normal,1841,0,1782358827.5922418,0.002017974853515625
38412,normal,2265,0,1782358827.594161,0.0019192695617675781
38413,normal,1347,1,1782358827.5963867,0.002225637435913086
38414,normal,2298,0,1782358827.5982075,0.0018208026885986328
38415,normal,1058,0,1782358827.6001651,0.0019576549530029297
38416,normal,176,0,1782358827.6024086,0.002243518829345703
38417,normal,2641,0,1782358827.6040566,0.00164794921875
38418,normal,2758,0,1782358827.6062257,0.0021691322326660156
38419,normal,1638,0,1782358827.608032,0.0018062591552734375
38420,normal,2312,0,1782358827.6101656,0.002133607864379883
38421,normal,856,2,1782358827.611963,0.0017974376678466797
38422,normal,3149,1,1782358827.6142104,0.002247333526611328
38423,normal,3092,1,1782358827.6159804,0.00177001953125
38424,normal,2654,0,1782358827.6181526,0.002172231674194336
38425,normal,1207,0,1782358827.6199796,0.0018270015716552734
38426,normal,3478,0,1782358827.622151,0.0021712779998779297
38427,normal,58,0,1782358827.6239927,0.0018417835235595703
38428,normal,1014,2,1782358827.626153,0.002160310745239258
38429,normal,240,0,1782358827.627979,0.0018260478973388672
38430,normal,1600,0,1782358827.6301658,0.0021867752075195312
38431,normal,2610,0,1782358827.63198,0.001814126968383789
38432,normal,1503,0,1782358827.6341753,0.0021953582763671875
38433,normal,492,0,1782358827.6359823,0.0018069744110107422
38434,normal,1692,0,1782358827.6381435,0.002161264419555664
38435,normal,3438,0,1782358827.640249,0.0021054744720458984
38436,normal,1629,0,1782358827.6420248,0.0017757415771484375
38437,normal,2513,0,1782358827.6443398,0.002315044403076172
38438,normal,3393,1,1782358827.6460261,0.0016863346099853516
38439,normal,1839,0,1782358827.648308,0.0022819042205810547
38440,normal,746,0,1782358827.6501637,0.001855611801147461
38441,normal,3380,1,1782358827.6522126,0.002048969268798828
38442,normal,1023,2,1782358827.6540267,0.001814126968383789
38443,normal,1283,0,1782358827.6563618,0.002335071563720703
38444,normal,740,0,1782358827.6582007,0.0018389225006103516
38445,normal,3311,1,1782358827.6601667,0.0019659996032714844
38446,normal,2503,0,1782358827.6623373,0.002170562744140625
38447,normal,1721,0,1782358827.6640236,0.0016863346099853516
38448,normal,816,2,1782358827.6661618,0.0021381378173828125
38449,normal,1584,0,1782358827.6683164,0.0021545886993408203
38450,normal,2252,0,1782358827.6700327,0.0017163753509521484
38451,normal,2575,0,1782358827.6724107,0.0023779869079589844
38452,normal,2478,0,1782358827.6742532,0.001842498779296875
38453,normal,830,2,1782358827.6759858,0.0017325878143310547
38454,normal,1662,0,1782358827.678061,0.0020751953125
38455,normal,750,0,1782358827.6800768,0.002015829086303711
38456,normal,1871,0,1782358827.6819773,0.0019004344940185547
38457,normal,1799,0,1782358827.6841245,0.002147197723388672
38458,normal,963,2,1782358827.6860619,0.0019373893737792969
38459,normal,919,2,1782358827.6879787,0.0019168853759765625
38460,normal,2693,0,1782358827.6901484,0.0021696090698242188
38461,normal,130,0,1782358827.692019,0.0018706321716308594
38462,normal,636,0,1782358827.694135,0.002115964889526367
38463,normal,2092,0,1782358827.6959827,0.0018477439880371094
38464,normal,1847,0,1782358827.6981344,0.0021517276763916016
38465,normal,1084,0,1782358827.6999786,0.001844167709350586
38466,normal,3333,1,1782358827.7020605,0.0020818710327148438
38467,normal,1931,0,1782358827.7041516,0.0020911693572998047
38468,normal,3363,1,1782358827.7062597,0.0021080970764160156
38469,normal,1416,0,1782358827.708174,0.0019142627716064453
38470,normal,2031,0,1782358827.7103207,0.0021467208862304688
38471,normal,3613,0,1782358827.7120266,0.0017058849334716797
38472,normal,2232,0,1782358827.7143166,0.002290010452270508
38473,normal,3523,0,1782358827.7161658,0.0018491744995117188
38474,normal,2527,0,1782358827.7182186,0.002052783966064453
38475,normal,3200,1,1782358827.7201612,0.0019426345825195312
38476,normal,3519,0,1782358827.7223272,0.0021660327911376953
38477,normal,2286,0,1782358827.724026,0.0016987323760986328
38478,normal,3480,0,1782358827.726313,0.002287149429321289
38479,normal,1498,0,1782358827.728161,0.001847982406616211
38480,normal,1214,0,1782358827.7302032,0.002042055130004883
38481,normal,1947,0,1782358827.7321599,0.0019567012786865234
38482,normal,1358,1,1782358827.7343938,0.0022339820861816406
38483,normal,1087,0,1782358827.736028,0.0016341209411621094
38484,normal,325,0,1782358827.7383156,0.002287626266479492
38485,normal,2204,0,1782358827.7401564,0.001840829849243164
38486,normal,949,2,1782358827.7420216,0.0018651485443115234
38487,normal,1359,1,1782358827.7442055,0.0021839141845703125
38488,normal,2409,0,1782358827.746156,0.0019505023956298828
38489,normal,1135,0,1782358827.7482212,0.0020651817321777344
38490,normal,935,2,1782358827.7500305,0.0018093585968017578
38491,normal,1598,0,1782358827.7521636,0.0021331310272216797
38492,normal,3698,0,1782358827.7540283,0.0018646717071533203
38493,normal,3199,1,1782358827.7562094,0.0021810531616210938
38494,normal,116,0,1782358827.7581744,0.001965045928955078
38495,normal,799,2,1782358827.7602155,0.0020411014556884766
38496,normal,2933,0,1782358827.762026,0.0018105506896972656
38497,normal,1647,0,1782358827.7643795,0.0023534297943115234
38498,normal,2992,0,1782358827.7660313,0.001651763916015625
38499,normal,1619,0,1782358827.7682126,0.0021812915802001953
38500,normal,567,0,1782358827.7700295,0.0018169879913330078
38501,normal,947,2,1782358827.7721534,0.0021238327026367188
38502,normal,3023,0,1782358827.7740076,0.0018541812896728516
38503,normal,2238,0,1782358827.7761807,0.002173185348510742
38504,normal,3494,0,1782358827.7779782,0.0017974376678466797
38505,normal,3359,1,1782358827.7801528,0.0021746158599853516
38506,normal,839,2,1782358827.7819784,0.001825571060180664
38507,normal,1227,0,1782358827.784182,0.002203702926635742
38508,normal,2200,0,1782358827.7859857,0.0018036365509033203
38509,normal,248,0,1782358827.788185,0.0021991729736328125
38510,normal,1222,0,1782358827.789971,0.0017862319946289062
38511,normal,1542,0,1782358827.7919834,0.0020122528076171875
38512,normal,882,2,1782358827.7942069,0.002223491668701172
38513,normal,232,0,1782358827.7959812,0.0017743110656738281
38514,normal,1829,0,1782358827.798173,0.002191781997680664
38515,normal,3603,0,1782358827.8000066,0.0018336772918701172
38516,normal,1744,0,1782358827.802176,0.002169370651245117
38517,normal,3008,0,1782358827.8039815,0.0018055438995361328
38518,normal,1980,0,1782358827.8061998,0.0022182464599609375
38519,normal,3107,1,1782358827.8079875,0.0017876625061035156
38520,normal,848,2,1782358827.8101764,0.0021889209747314453
38521,normal,555,0,1782358827.8120182,0.0018417835235595703
38522,normal,739,0,1782358827.814162,0.00214385986328125
38523,normal,524,0,1782358827.8159804,0.0018184185028076172
38524,normal,498,0,1782358827.8182144,0.0022339820861816406
38525,normal,2669,0,1782358827.8199806,0.001766204833984375
38526,normal,2043,0,1782358827.822075,0.002094268798828125
38527,normal,817,2,1782358827.8242006,0.0021257400512695312
38528,normal,2631,0,1782358827.8259861,0.0017855167388916016
38529,normal,2369,0,1782358827.828162,0.0021758079528808594
38530,normal,2595,0,1782358827.8300254,0.0018634796142578125
38531,normal,1773,0,1782358827.8321717,0.0021462440490722656
38532,normal,1442,0,1782358827.8339815,0.001809835433959961
38533,normal,460,0,1782358827.8362148,0.002233266830444336
38534,normal,1888,0,1782358827.8379817,0.0017669200897216797
38535,normal,3038,0,1782358827.8401644,0.0021827220916748047
38536,normal,1568,0,1782358827.8420305,0.0018661022186279297
38537,normal,1507,0,1782358827.8441613,0.002130746841430664
38538,normal,1671,0,1782358827.8459802,0.0018188953399658203
38539,normal,780,2,1782358827.8482232,0.0022430419921875
38540,normal,2917,0,1782358827.849977,0.0017538070678710938
38541,normal,2936,0,1782358827.8521585,0.002181529998779297
38542,normal,1627,0,1782358827.8540359,0.0018773078918457031
38543,normal,3529,0,1782358827.856162,0.0021262168884277344
38544,normal,1826,0,1782358827.8579795,0.001817464828491211
38545,normal,2974,0,1782358827.860228,0.002248525619506836
38546,normal,1022,2,1782358827.8620193,0.001791238784790039
38547,normal,2806,0,1782358827.8641598,0.002140522003173828
38548,normal,1770,0,1782358827.866038,0.0018782615661621094
38549,normal,2855,0,1782358827.8681576,0.0021195411682128906
38550,normal,1211,0,1782358827.8699782,0.0018205642700195312
38551,normal,2674,0,1782358827.872225,0.002246856689453125
38552,normal,2762,0,1782358827.8740273,0.001802206039428711
38553,normal,3508,0,1782358827.8761594,0.0021321773529052734
38554,normal,755,0,1782358827.8780415,0.0018820762634277344
38555,normal,1242,0,1782358827.8801558,0.0021142959594726562
38556,normal,2463,0,1782358827.8819768,0.0018210411071777344
38557,normal,3634,0,1782358827.884241,0.002264261245727539
38558,normal,465,0,1782358827.8859785,0.001737356185913086
38559,normal,687,0,1782358827.888155,0.002176523208618164
38560,normal,1816,0,1782358827.8900461,0.0018911361694335938
38561,normal,805,2,1782358827.892158,0.0021119117736816406
38562,normal,898,2,1782358827.8940153,0.0018572807312011719
38563,normal,3590,0,1782358827.8962324,0.0022170543670654297
38564,normal,1315,0,1782358827.8979812,0.001748800277709961
38565,normal,1415,0,1782358827.9001548,0.0021736621856689453
38566,normal,2310,0,1782358827.9020524,0.001897573471069336
38567,normal,654,0,1782358827.904158,0.002105712890625
38568,normal,3665,0,1782358827.9059808,0.0018227100372314453
38569,normal,2727,0,1782358827.9082382,0.0022573471069335938
38570,normal,1340,1,1782358827.9099824,0.0017442703247070312
38571,normal,2164,0,1782358827.9121544,0.0021719932556152344
38572,normal,2180,0,1782358827.9140553,0.0019009113311767578
38573,normal,2708,0,1782358827.9161499,0.0020945072174072266
38574,normal,3294,1,1782358827.91798,0.0018301010131835938
38575,normal,358,0,1782358827.9202394,0.002259492874145508
38576,normal,2169,0,1782358827.9223251,0.0020856857299804688
38577,normal,3486,0,1782358827.9241624,0.0018372535705566406
38578,normal,1590,0,1782358827.9260423,0.0018799304962158203
38579,normal,834,2,1782358827.9281294,0.002087116241455078
38580,normal,1308,0,1782358827.9300525,0.0019230842590332031
38581,normal,2365,0,1782358827.932321,0.002268552780151367
38582,normal,3260,1,1782358827.934026,0.0017049312591552734
38583,normal,1836,0,1782358827.936217,0.0021910667419433594
38584,normal,142,0,1782358827.9380684,0.0018513202667236328
38585,normal,2315,0,1782358827.940157,0.0020885467529296875
38586,normal,1651,0,1782358827.941972,0.0018150806427001953
38587,normal,415,0,1782358827.9442515,0.002279520034790039
38588,normal,198,0,1782358827.9459808,0.0017292499542236328
38589,normal,1239,0,1782358827.9481552,0.00217437744140625
38590,normal,410,0,1782358827.9500723,0.001917123794555664
38591,normal,1502,0,1782358827.9521618,0.0020895004272460938
38592,normal,3608,0,1782358827.9539804,0.0018186569213867188
38593,normal,715,0,1782358827.9561539,0.0021734237670898438
38594,normal,1804,0,1782358827.958076,0.0019221305847167969
38595,normal,3300,1,1782358827.9599774,0.001901388168334961
38596,normal,1516,0,1782358827.9621549,0.0021774768829345703
38597,normal,335,0,1782358827.9639757,0.0018208026885986328
38598,normal,3124,1,1782358827.966153,0.0021772384643554688
38599,normal,2359,0,1782358827.9679897,0.0018367767333984375
38600,normal,1484,0,1782358827.970164,0.00217437744140625
38601,normal,2941,0,1782358827.9719748,0.0018107891082763672
38602,normal,2586,0,1782358827.9741635,0.0021886825561523438
38603,normal,565,0,1782358827.9759586,0.001795053482055664
38604,normal,3491,0,1782358827.9779787,0.002020120620727539
38605,normal,1408,0,1782358827.9801595,0.002180814743041992
38606,normal,3344,1,1782358827.9819849,0.0018253326416015625
38607,normal,1885,0,1782358827.9841669,0.0021820068359375
38608,normal,3321,1,1782358827.9859776,0.0018107891082763672
38609,normal,2003,0,1782358827.988155,0.0021772384643554688
38610,normal,1529,0,1782358827.989984,0.0018291473388671875
38611,normal,3564,0,1782358827.992174,0.0021898746490478516
38612,normal,3601,0,1782358827.9939764,0.0018024444580078125
38613,normal,426,0,1782358827.9961593,0.0021829605102539062
38614,normal,243,0,1782358827.9979768,0.001817464828491211
38615,normal,1698,0,1782358828.000154,0.0021772384643554688
38616,normal,3408,0,1782358828.0019755,0.0018215179443359375
38617,normal,2009,0,1782358828.0041728,0.002197265625
38618,normal,3002,0,1782358828.0059943,0.0018215179443359375
38619,normal,100,0,1782358828.0081606,0.002166271209716797
38620,normal,1940,0,1782358828.0099988,0.0018382072448730469
38621,normal,1513,0,1782358828.0121605,0.002161741256713867
38622,normal,646,0,1782358828.0139778,0.0018172264099121094
38623,normal,1352,1,1782358828.0161822,0.002204418182373047
38624,normal,3441,0,1782358828.0179799,0.0017976760864257812
38625,normal,227,0,1782358828.0201657,0.002185821533203125
38626,normal,1223,0,1782358828.0220034,0.0018377304077148438
38627,normal,2395,0,1782358828.024163,0.002159595489501953
38628,normal,1128,0,1782358828.0259752,0.0018122196197509766
38629,normal,1892,0,1782358828.0281856,0.002210378646850586
38630,normal,590,0,1782358828.0299785,0.00179290771484375
38631,normal,3274,1,1782358828.032162,0.0021834373474121094
38632,normal,1901,0,1782358828.03401,0.001847982406616211
38633,normal,1302,0,1782358828.03616,0.0021500587463378906
38634,normal,1132,0,1782358828.037995,0.0018351078033447266
38635,normal,1335,1,1782358828.040187,0.002191781997680664
38636,normal,12,0,1782358828.0420365,0.0018496513366699219
38637,normal,1609,0,1782358828.04398,0.001943349838256836
38638,normal,810,2,1782358828.0461912,0.002211332321166992
38639,normal,707,0,1782358828.0479786,0.001787424087524414
38640,normal,3201,1,1782358828.0501523,0.0021736621856689453
38641,normal,292,0,1782358828.0520175,0.0018651485443115234
38642,normal,157,0,1782358828.0539799,0.001962423324584961
38643,normal,2925,0,1782358828.0561624,0.002182483673095703
38644,normal,1749,0,1782358828.0580192,0.0018568038940429688
38645,normal,2099,0,1782358828.0601838,0.002164602279663086
38646,normal,3135,1,1782358828.0619805,0.001796722412109375
38647,normal,3288,1,1782358828.0641649,0.0021843910217285156
38648,normal,1917,0,1782358828.0659783,0.0018134117126464844
38649,normal,3290,1,1782358828.0681531,0.002174854278564453
38650,normal,1407,0,1782358828.070024,0.001870870590209961
38651,normal,544,0,1782358828.0721648,0.0021407604217529297
38652,normal,2450,0,1782358828.07398,0.0018153190612792969
38653,normal,35,0,1782358828.0762002,0.00222015380859375
38654,normal,2022,0,1782358828.0779796,0.001779317855834961
38655,normal,2928,0,1782358828.080164,0.0021843910217285156
38656,normal,991,2,1782358828.0820289,0.0018649101257324219
38657,normal,2593,0,1782358828.0841599,0.0021309852600097656
38658,normal,1713,0,1782358828.0859785,0.0018186569213867188
38659,normal,1883,0,1782358828.0882115,0.0022330284118652344
38660,normal,3541,0,1782358828.0899768,0.0017652511596679688
38661,normal,2657,0,1782358828.0921652,0.002188444137573242
38662,normal,3417,0,1782358828.0940342,0.0018689632415771484
38663,normal,308,0,1782358828.0961602,0.002125978469848633
38664,normal,2870,0,1782358828.0979905,0.0018303394317626953
38665,normal,884,2,1782358828.1002142,0.0022237300872802734
38666,normal,3265,1,1782358828.1019828,0.0017685890197753906
38667,normal,939,2,1782358828.1041534,0.002170562744140625
38668,normal,2111,0,1782358828.1060379,0.00188446044921875
38669,normal,29,0,1782358828.1081579,0.0021200180053710938
38670,normal,2558,0,1782358828.1099782,0.0018203258514404297
38671,normal,3345,1,1782358828.1122193,0.0022411346435546875
38672,normal,3053,1,1782358828.113976,0.0017566680908203125
38673,normal,2988,0,1782358828.1161654,0.0021893978118896484
38674,normal,2445,0,1782358828.118044,0.001878499984741211
38675,normal,3339,1,1782358828.120158,0.0021140575408935547
38676,normal,1745,0,1782358828.1219792,0.001821279525756836
38677,normal,945,2,1782358828.1242244,0.002245187759399414
38678,normal,156,0,1782358828.1259754,0.001750946044921875
38679,normal,1145,0,1782358828.1279933,0.002017974853515625
38680,normal,1228,0,1782358828.1302311,0.0022377967834472656
38681,normal,3498,0,1782358828.1319783,0.00174713134765625
38682,normal,2289,0,1782358828.1341546,0.0021762847900390625
38683,normal,1808,0,1782358828.1360505,0.001895904541015625
38684,normal,2739,0,1782358828.138227,0.002176523208618164
38685,normal,309,0,1782358828.1399877,0.001760721206665039
38686,normal,2456,0,1782358828.142266,0.0022783279418945312
38687,normal,117,0,1782358828.1441987,0.0019326210021972656
38688,normal,1974,0,1782358828.1459742,0.001775503158569336
38689,normal,576,0,1782358828.1481912,0.0022170543670654297
38690,normal,3011,0,1782358828.1499653,0.0017740726470947266
38691,normal,2805,0,1782358828.1521935,0.002228260040283203
38692,normal,2144,0,1782358828.1539881,0.001794576644897461
38693,normal,453,0,1782358828.156154,0.0021657943725585938
38694,normal,2255,0,1782358828.1579795,0.001825571060180664
38695,normal,2250,0,1782358828.1602387,0.0022592544555664062
38696,normal,2011,0,1782358828.16198,0.001741170883178711
38697,normal,890,2,1782358828.1641529,0.0021729469299316406
38698,normal,2288,0,1782358828.1659784,0.001825571060180664
38699,normal,1678,0,1782358828.1681528,0.00217437744140625
38700,normal,3308,1,1782358828.1699789,0.0018260478973388672
38701,normal,3542,0,1782358828.1723788,0.002399921417236328
38702,normal,3027,0,1782358828.1741548,0.001775979995727539
38703,normal,1367,1,1782358828.1759856,0.0018308162689208984
38704,normal,396,0,1782358828.1782513,0.0022656917572021484
38705,normal,1993,0,1782358828.1799676,0.0017163753509521484
38706,normal,1282,0,1782358828.182159,0.002191305160522461
38707,normal,2126,0,1782358828.18407,0.001911163330078125
38708,normal,933,2,1782358828.1861582,0.0020880699157714844
38709,normal,2913,0,1782358828.187978,0.0018198490142822266
38710,normal,841,2,1782358828.190246,0.002268075942993164
38711,normal,3467,0,1782358828.1919785,0.0017323493957519531
38712,normal,937,2,1782358828.1941583,0.002179861068725586
38713,normal,1740,0,1782358828.195978,0.001819610595703125
38714,normal,1437,0,1782358828.19816,0.0021820068359375
38715,normal,1700,0,1782358828.1999784,0.0018184185028076172
38716,normal,449,0,1782358828.202214,0.0022356510162353516
38717,normal,2723,0,1782358828.203976,0.0017619132995605469
38718,normal,3530,0,1782358828.2061646,0.0021886825561523438
38719,normal,3678,0,1782358828.2079816,0.0018169879913330078
38720,normal,282,0,1782358828.2101579,0.0021762847900390625
38721,normal,3283,1,1782358828.2119768,0.0018188953399658203
38722,normal,2506,0,1782358828.214179,0.002202272415161133
38723,normal,814,2,1782358828.2159867,0.0018076896667480469
38724,normal,2814,0,1782358828.218003,0.002016305923461914
38725,normal,1571,0,1782358828.2199872,0.001984119415283203
38726,normal,3661,0,1782358828.2221594,0.002172231674194336
38727,normal,2899,0,1782358828.2239766,0.0018172264099121094
38728,normal,3686,0,1782358828.226169,0.0021924972534179688
38729,normal,1372,1,1782358828.227977,0.0018079280853271484
38730,normal,2384,0,1782358828.2302659,0.002288818359375
38731,normal,2393,0,1782358828.232009,0.0017430782318115234
38732,normal,134,0,1782358828.2341459,0.0021369457244873047
38733,normal,380,0,1782358828.23603,0.0018842220306396484
38734,normal,1720,0,1782358828.2383642,0.002334117889404297
38735,normal,1862,0,1782358828.2400334,0.001669168472290039
38736,normal,2166,0,1782358828.242146,0.0021126270294189453
38737,normal,971,2,1782358828.2439814,0.0018353462219238281
38738,normal,986,2,1782358828.2461405,0.00215911865234375
38739,normal,846,2,1782358828.2479677,0.001827239990234375
38740,normal,1743,0,1782358828.2502573,0.0022895336151123047
38741,normal,3398,1,1782358828.2519805,0.0017232894897460938
38742,normal,2007,0,1782358828.2541628,0.0021822452545166016
38743,normal,3612,0,1782358828.256002,0.0018391609191894531
38744,normal,14,0,1782358828.2581534,0.0021514892578125
38745,normal,1468,0,1782358828.2599792,0.0018258094787597656
38746,normal,3275,1,1782358828.2621825,0.002203226089477539
38747,normal,1973,0,1782358828.2639785,0.0017960071563720703
38748,normal,3703,0,1782358828.2661562,0.002177715301513672
38749,normal,2271,0,1782358828.2680054,0.0018491744995117188
38750,normal,3293,1,1782358828.270147,0.002141714096069336
38751,normal,1157,0,1782358828.2719784,0.0018312931060791016
38752,normal,2309,0,1782358828.2741926,0.002214193344116211
38753,normal,1742,0,1782358828.2759795,0.001786947250366211
38754,normal,1490,0,1782358828.2781513,0.002171754837036133
38755,normal,674,0,1782358828.2799773,0.0018260478973388672
38756,normal,613,0,1782358828.2821481,0.0021708011627197266
38757,normal,2807,0,1782358828.2839794,0.0018312931060791016
38758,normal,3052,1,1782358828.286192,0.0022125244140625
38759,normal,2617,0,1782358828.2881887,0.001996755599975586
38760,normal,1715,0,1782358828.2899709,0.0017821788787841797
38761,normal,1462,0,1782358828.2919805,0.0020096302032470703
38762,normal,1747,0,1782358828.294159,0.0021784305572509766
38763,normal,1149,0,1782358828.2959778,0.0018188953399658203
38764,normal,1111,0,1782358828.2979796,0.0020017623901367188
38765,normal,3653,0,1782358828.2999783,0.0019986629486083984
38766,normal,1247,0,1782358828.3021605,0.0021822452545166016
38767,normal,3535,0,1782358828.304021,0.0018603801727294922
38768,normal,3180,1,1782358828.3061554,0.002134561538696289
38769,normal,1941,0,1782358828.307978,0.0018224716186523438
38770,normal,1653,0,1782358828.3102024,0.002224445343017578
38771,normal,547,0,1782358828.311983,0.0017807483673095703
38772,normal,743,0,1782358828.3141549,0.002171754837036133
38773,normal,2597,0,1782358828.3159792,0.0018243789672851562
38774,normal,1317,0,1782358828.3181603,0.0021810531616210938
38775,normal,1582,0,1782358828.3199801,0.0018198490142822266
38776,normal,43,0,1782358828.3222065,0.0022263526916503906
38777,normal,257,0,1782358828.3239784,0.0017719268798828125
38778,normal,3642,0,1782358828.3261502,0.002171754837036133
38779,normal,1351,1,1782358828.3279834,0.001833200454711914
38780,normal,3229,1,1782358828.3301542,0.0021708011627197266
38781,normal,3439,0,1782358828.3319864,0.0018322467803955078
38782,normal,1221,0,1782358828.334222,0.0022356510162353516
38783,normal,2895,0,1782358828.335979,0.001756906509399414
38784,normal,719,0,1782358828.3381598,0.002180814743041992
38785,normal,3354,1,1782358828.3399801,0.0018203258514404297
38786,normal,2284,0,1782358828.3421552,0.0021750926971435547
38787,normal,628,0,1782358828.3439803,0.001825094223022461
38788,normal,2489,0,1782358828.346216,0.0022356510162353516
38789,normal,1045,0,1782358828.347972,0.0017559528350830078
38790,normal,1406,0,1782358828.3499823,0.002010345458984375
38791,normal,2905,0,1782358828.3521838,0.002201557159423828
38792,normal,3280,1,1782358828.3539748,0.0017910003662109375
38793,normal,31,0,1782358828.3562684,0.0022935867309570312
38794,normal,725,0,1782358828.358159,0.0018906593322753906
38795,normal,1241,0,1782358828.3599787,0.001819610595703125
38796,normal,3426,0,1782358828.3621984,0.002219676971435547
38797,normal,3000,0,1782358828.3639996,0.0018012523651123047
38798,normal,3650,0,1782358828.3661616,0.0021619796752929688
38799,normal,85,0,1782358828.3679774,0.0018157958984375
38800,normal,2959,0,1782358828.3701944,0.0022170543670654297
38801,normal,1673,0,1782358828.3719776,0.001783132553100586
38802,normal,1166,0,1782358828.3741639,0.002186298370361328
38803,normal,90,0,1782358828.3759785,0.0018146038055419922
38804,normal,1008,2,1782358828.3779702,0.001991748809814453
38805,normal,2563,0,1782358828.3799818,0.002011537551879883
38806,normal,98,0,1782358828.3821578,0.002176046371459961
38807,normal,1552,0,1782358828.383978,0.0018200874328613281
38808,normal,1952,0,1782358828.38616,0.0021820068359375
38809,normal,2745,0,1782358828.3879764,0.0018165111541748047
38810,normal,78,0,1782358828.3901582,0.0021817684173583984
38811,normal,1763,0,1782358828.3919766,0.0018184185028076172
38812,normal,745,0,1782358828.3941617,0.0021851062774658203
38813,normal,2199,0,1782358828.3959768,0.0018150806427001953
38814,normal,1707,0,1782358828.3981571,0.002180337905883789
38815,normal,435,0,1782358828.399976,0.0018188953399658203
38816,normal,3314,1,1782358828.4021587,0.0021827220916748047
38817,normal,440,0,1782358828.4039764,0.0018177032470703125
38818,normal,3051,1,1782358828.4061527,0.0021762847900390625
38819,normal,724,0,1782358828.4079762,0.00182342529296875
38820,normal,2079,0,1782358828.4101655,0.0021893978118896484
38821,normal,3186,1,1782358828.4119747,0.0018091201782226562
38822,normal,3510,0,1782358828.4141593,0.002184629440307617
38823,normal,330,0,1782358828.4160123,0.0018529891967773438
38824,normal,1248,0,1782358828.4181697,0.002157449722290039
38825,normal,2715,0,1782358828.4199793,0.0018095970153808594
38826,normal,677,0,1782358828.4221568,0.0021774768829345703
38827,normal,196,0,1782358828.423978,0.001821279525756836
38828,normal,3403,0,1782358828.4261556,0.0021774768829345703
38829,normal,1495,0,1782358828.4279695,0.0018138885498046875
38830,normal,1902,0,1782358828.43015,0.0021805763244628906
38831,normal,502,0,1782358828.4319756,0.001825571060180664
38832,normal,655,0,1782358828.43415,0.00217437744140625
38833,normal,823,2,1782358828.4359782,0.0018281936645507812
38834,normal,2678,0,1782358828.438151,0.002172708511352539
38835,normal,394,0,1782358828.4399772,0.0018262863159179688
38836,normal,1125,0,1782358828.4421523,0.0021750926971435547
38837,normal,3330,1,1782358828.443978,0.0018258094787597656
38838,normal,41,0,1782358828.4461591,0.0021810531616210938
38839,normal,114,0,1782358828.4479816,0.0018224716186523438
38840,normal,966,2,1782358828.450159,0.0021774768829345703
38841,normal,522,0,1782358828.4519765,0.001817464828491211
38842,normal,1456,0,1782358828.4541583,0.0021817684173583984
38843,normal,2428,0,1782358828.4559908,0.0018324851989746094
38844,normal,2521,0,1782358828.4581556,0.0021648406982421875
38845,normal,3368,1,1782358828.4599752,0.001819610595703125
38846,normal,1204,0,1782358828.462164,0.0021886825561523438
38847,normal,3267,1,1782358828.4639783,0.0018143653869628906
38848,normal,3690,0,1782358828.466168,0.00218963623046875
38849,normal,3663,0,1782358828.4679768,0.0018088817596435547
38850,normal,2176,0,1782358828.4701529,0.002176046371459961
38851,normal,1731,0,1782358828.4719753,0.0018224716186523438
38852,normal,1794,0,1782358828.474163,0.0021877288818359375
38853,normal,2348,0,1782358828.4759727,0.0018095970153808594
38854,normal,2266,0,1782358828.4781647,0.0021920204162597656
38855,normal,2731,0,1782358828.4799767,0.001811981201171875
38856,normal,255,0,1782358828.4821534,0.0021767616271972656
38857,normal,1856,0,1782358828.4839969,0.0018434524536132812
38858,normal,1624,0,1782358828.486154,0.0021572113037109375
38859,normal,1080,0,1782358828.487983,0.001828908920288086
38860,normal,104,0,1782358828.4901786,0.002195596694946289
38861,normal,793,2,1782358828.4919791,0.001800537109375
38862,normal,80,0,1782358828.4941528,0.0021736621856689453
38863,normal,1594,0,1782358828.4959767,0.0018239021301269531
38864,normal,409,0,1782358828.4981282,0.0021514892578125
38865,normal,361,0,1782358828.4999738,0.0018455982208251953
38866,normal,464,0,1782358828.5023396,0.0023658275604248047
38867,normal,3250,1,1782358828.503996,0.0016562938690185547
38868,normal,2444,0,1782358828.5061617,0.0021657943725585938
38869,normal,1380,1,1782358828.5080094,0.0018477439880371094
38870,normal,2866,0,1782358828.5102842,0.002274751663208008
38871,normal,403,0,1782358828.5121613,0.0018770694732666016
38872,normal,1122,0,1782358828.5139823,0.0018210411071777344
38873,normal,161,0,1782358828.5161617,0.002179384231567383
38874,normal,3147,1,1782358828.5179825,0.0018208026885986328
38875,normal,1092,0,1782358828.520339,0.0023565292358398438
38876,normal,610,0,1782358828.522169,0.0018301010131835938
38877,normal,63,0,1782358828.5239804,0.0018112659454345703
38878,normal,210,0,1782358828.5262005,0.00222015380859375
38879,normal,3679,0,1782358828.5279748,0.0017743110656738281
38880,normal,1336,1,1782358828.5301642,0.0021893978118896484
38881,normal,1098,0,1782358828.5320187,0.0018544197082519531
38882,normal,1208,0,1782358828.534315,0.00229644775390625
38883,normal,860,2,1782358828.5360308,0.0017156600952148438
38884,normal,1446,0,1782358828.5384004,0.0023696422576904297
38885,normal,3697,0,1782358828.5400343,0.0016338825225830078
38886,normal,2042,0,1782358828.5422213,0.002187013626098633
38887,normal,3570,0,1782358828.5441732,0.0019519329071044922
38888,normal,3445,0,1782358828.546226,0.002052783966064453
38889,normal,3685,0,1782358828.5480354,0.0018093585968017578
38890,normal,675,0,1782358828.5503304,0.0022950172424316406
38891,normal,600,0,1782358828.5520518,0.0017213821411132812
38892,normal,2408,0,1782358828.5542233,0.0021715164184570312
38893,normal,2397,0,1782358828.5561817,0.0019583702087402344
38894,normal,2781,0,1782358828.5582497,0.002068042755126953
38895,normal,2139,0,1782358828.5604916,0.002241849899291992
38896,normal,2643,0,1782358828.5621965,0.0017049312591552734
38897,normal,2285,0,1782358828.5642202,0.0020236968994140625
38898,normal,445,0,1782358828.5660334,0.0018131732940673828
38899,normal,251,0,1782358828.5683367,0.0023033618927001953
38900,normal,2810,0,1782358828.570029,0.0016922950744628906
38901,normal,1729,0,1782358828.572198,0.002168893814086914
38902,normal,64,0,1782358828.5741382,0.0019402503967285156
38903,normal,3292,1,1782358828.5761623,0.0020241737365722656
38904,normal,3209,1,1782358828.5779672,0.0018048286437988281
38905,normal,2213,0,1782358828.5802305,0.002263307571411133
38906,normal,3370,1,1782358828.5819693,0.0017387866973876953
38907,normal,1101,0,1782358828.5842018,0.0022325515747070312
38908,normal,2344,0,1782358828.5860138,0.001811981201171875
38909,normal,422,0,1782358828.5881543,0.002140522003173828
38910,normal,3538,0,1782358828.58999,0.0018355846405029297
38911,normal,2303,0,1782358828.5922215,0.002231597900390625
38912,normal,302,0,1782358828.5939798,0.0017583370208740234
38913,normal,303,0,1782358828.5961585,0.002178668975830078
38914,normal,2980,0,1782358828.597981,0.0018224716186523438
38915,normal,3401,1,1782358828.60016,0.0021789073944091797
38916,normal,653,0,1782358828.6019797,0.0018198490142822266
38917,normal,1476,0,1782358828.6042328,0.0022530555725097656
38918,normal,2867,0,1782358828.6059866,0.0017538070678710938
38919,normal,3427,0,1782358828.6081536,0.0021669864654541016
38920,normal,633,0,1782358828.609979,0.0018253326416015625
38921,normal,3341,1,1782358828.6121616,0.0021827220916748047
38922,normal,3111,1,1782358828.613981,0.0018193721771240234
38923,normal,2460,0,1782358828.6162372,0.002256155014038086
38924,normal,3579,0,1782358828.6179793,0.0017421245574951172
38925,normal,2897,0,1782358828.6201594,0.0021800994873046875
38926,normal,1539,0,1782358828.6219778,0.0018184185028076172
38927,normal,73,0,1782358828.6241684,0.0021905899047851562
38928,normal,648,0,1782358828.6259818,0.0018134117126464844
38929,normal,1321,1,1782358828.628241,0.0022592544555664062
38930,normal,3450,0,1782358828.629978,0.0017368793487548828
38931,normal,897,2,1782358828.6321597,0.0021817684173583984
38932,normal,3383,1,1782358828.6339793,0.001819610595703125
38933,normal,3447,0,1782358828.63616,0.0021805763244628906
38934,normal,1312,0,1782358828.6379795,0.001819610595703125
38935,normal,1573,0,1782358828.6402466,0.002267122268676758
38936,normal,638,0,1782358828.6419775,0.0017309188842773438
38937,normal,796,2,1782358828.644166,0.002188444137573242
38938,normal,3533,0,1782358828.6459804,0.0018143653869628906
38939,normal,1954,0,1782358828.6481602,0.002179861068725586
38940,normal,101,0,1782358828.6499796,0.0018193721771240234
38941,normal,3231,1,1782358828.6522555,0.0022759437561035156
38942,normal,577,0,1782358828.6539776,0.001722097396850586
38943,normal,1284,0,1782358828.6561542,0.002176523208618164
38944,normal,3263,1,1782358828.6579802,0.0018260478973388672
38945,normal,1001,2,1782358828.6601605,0.002180337905883789
38946,normal,3253,1,1782358828.6619802,0.001819610595703125
38947,normal,1524,0,1782358828.6641872,0.002207040786743164
38948,normal,2173,0,1782358828.6659794,0.0017921924591064453
38949,normal,2096,0,1782358828.6681616,0.0021822452545166016
38950,normal,2114,0,1782358828.6699793,0.0018177032470703125
38951,normal,110,0,1782358828.6721606,0.0021812915802001953
38952,normal,1355,1,1782358828.6739793,0.0018186569213867188
38953,normal,2349,0,1782358828.6761794,0.0022001266479492188
38954,normal,1082,0,1782358828.6779795,0.0018000602722167969
38955,normal,2499,0,1782358828.6801789,0.002199411392211914
38956,normal,3457,0,1782358828.6819804,0.0018014907836914062
38957,normal,1261,0,1782358828.6841881,0.0022077560424804688
38958,normal,2589,0,1782358828.6859796,0.0017914772033691406
38959,normal,1252,0,1782358828.6881692,0.00218963623046875
38960,normal,965,2,1782358828.6899805,0.0018112659454345703
38961,normal,368,0,1782358828.6919823,0.0020017623901367188
38962,normal,2642,0,1782358828.6941698,0.002187490463256836
38963,normal,346,0,1782358828.6959832,0.0018134117126464844
38964,normal,3032,0,1782358828.6981606,0.0021774768829345703
38965,normal,2756,0,1782358828.6999905,0.0018298625946044922
38966,normal,316,0,1782358828.7021594,0.002168893814086914
38967,normal,202,0,1782358828.70398,0.0018205642700195312
38968,normal,2485,0,1782358828.7061584,0.0021784305572509766
38969,normal,2979,0,1782358828.7079792,0.0018208026885986328
38970,normal,1853,0,1782358828.7101572,0.0021779537200927734
38971,normal,3456,0,1782358828.7119808,0.0018236637115478516
38972,normal,1815,0,1782358828.7141666,0.002185821533203125
38973,normal,2938,0,1782358828.715986,0.0018193721771240234
38974,normal,1260,0,1782358828.71818,0.002193927764892578
38975,normal,372,0,1782358828.7199807,0.0018007755279541016
38976,normal,414,0,1782358828.7221637,0.0021829605102539062
38977,normal,277,0,1782358828.7239888,0.001825094223022461
38978,normal,1796,0,1782358828.7261598,0.002171039581298828
38979,normal,2953,0,1782358828.7279813,0.0018215179443359375
38980,normal,2767,0,1782358828.7301846,0.002203226089477539
38981,normal,2529,0,1782358828.7319806,0.0017960071563720703
38982,normal,272,0,1782358828.7341535,0.0021729469299316406
38983,normal,291,0,1782358828.7359803,0.0018267631530761719
38984,normal,987,2,1782358828.7381566,0.0021762847900390625
38985,normal,2662,0,1782358828.7399883,0.0018317699432373047
38986,normal,59,0,1782358828.7421587,0.0021703243255615234
38987,normal,2422,0,1782358828.7439816,0.0018229484558105469
38988,normal,2972,0,1782358828.7461588,0.0021772384643554688
38989,normal,3289,1,1782358828.7479808,0.0018219947814941406
38990,normal,2357,0,1782358828.7501585,0.002177715301513672
38991,normal,2282,0,1782358828.7519805,0.0018219947814941406
38992,normal,4,0,1782358828.7541978,0.0022172927856445312
38993,normal,2782,0,1782358828.75598,0.0017821788787841797
38994,normal,1177,0,1782358828.7579775,0.0019974708557128906
38995,normal,437,0,1782358828.7601585,0.0021810531616210938
38996,normal,2387,0,1782358828.7619867,0.0018281936645507812
38997,normal,164,0,1782358828.7641704,0.002183675765991211
38998,normal,3001,0,1782358828.7659774,0.0018069744110107422
38999,normal,1431,0,1782358828.7681582,0.002180814743041992
39000,normal,2887,0,1782358828.7699769,0.0018186569213867188
39001,normal,2818,0,1782358828.7721584,0.002181529998779297
39002,normal,3175,1,1782358828.7739756,0.0018172264099121094
39003,normal,1716,0,1782358828.7761576,0.0021820068359375
39004,normal,2328,0,1782358828.7779753,0.0018177032470703125
39005,normal,129,0,1782358828.7801561,0.002180814743041992
39006,normal,662,0,1782358828.7819633,0.0018072128295898438
39007,normal,1730,0,1782358828.7841723,0.0022089481353759766
39008,normal,1034,0,1782358828.7859774,0.0018050670623779297
39009,normal,833,2,1782358828.7881577,0.002180337905883789
39010,normal,506,0,1782358828.7899776,0.0018198490142822266
39011,normal,3026,0,1782358828.7921534,0.0021758079528808594
39012,normal,420,0,1782358828.7939756,0.0018222332000732422
39013,normal,803,2,1782358828.7961588,0.002183198928833008
39014,normal,2986,0,1782358828.7979748,0.0018160343170166016
39015,normal,623,0,1782358828.8001657,0.002190828323364258
39016,normal,1546,0,1782358828.8019767,0.0018110275268554688
39017,normal,2777,0,1782358828.8041582,0.002181529998779297
39018,normal,3694,0,1782358828.8059983,0.0018401145935058594
39019,normal,1574,0,1782358828.8081667,0.002168416976928711
39020,normal,3332,1,1782358828.8099768,0.0018100738525390625
39021,normal,800,2,1782358828.8121662,0.0021893978118896484
39022,normal,348,0,1782358828.8139763,0.0018100738525390625
39023,normal,678,0,1782358828.8161576,0.0021812915802001953
39024,normal,501,0,1782358828.8179772,0.001819610595703125
39025,normal,2438,0,1782358828.820155,0.002177715301513672
39026,normal,770,0,1782358828.8219779,0.0018229484558105469
39027,normal,3652,0,1782358828.824159,0.0021810531616210938
39028,normal,96,0,1782358828.8259768,0.001817941665649414
39029,normal,2425,0,1782358828.8281643,0.002187490463256836
39030,normal,1911,0,1782358828.8299763,0.001811981201171875
39031,normal,2236,0,1782358828.8321593,0.0021829605102539062
39032,normal,3577,0,1782358828.833977,0.0018177032470703125
39033,normal,2168,0,1782358828.8361566,0.0021796226501464844
39034,normal,1760,0,1782358828.837993,0.0018362998962402344
39035,normal,3524,0,1782358828.8402743,0.0022814273834228516
39036,normal,2883,0,1782358828.842154,0.0018796920776367188
39037,normal,1449,0,1782358828.843984,0.0018298625946044922
39038,normal,712,0,1782358828.8459952,0.0020112991333007812
39039,normal,3224,1,1782358828.8479948,0.0019996166229248047
39040,normal,3357,1,1782358828.850286,0.0022912025451660156
39041,normal,2427,0,1782358828.8520021,0.0017161369323730469
39042,normal,3010,0,1782358828.854002,0.0019998550415039062
39043,normal,450,0,1782358828.8562813,0.0022792816162109375
39044,normal,1550,0,1782358828.8579314,0.001650094985961914
39045,normal,792,2,1782358828.8599217,0.0019903182983398438
39046,normal,1475,0,1782358828.8619683,0.0020465850830078125
39047,normal,2027,0,1782358828.8639183,0.0019500255584716797
39048,normal,3410,0,1782358828.865916,0.001997709274291992
39049,normal,3118,1,1782358828.8679595,0.002043485641479492
39050,normal,808,2,1782358828.8699157,0.0019562244415283203
39051,normal,1325,1,1782358828.871916,0.0020003318786621094
39052,normal,1310,0,1782358828.8739774,0.0020613670349121094
39053,normal,1813,0,1782358828.875916,0.0019385814666748047
39054,normal,3050,1,1782358828.8779383,0.002022266387939453
39055,normal,132,0,1782358828.8799593,0.0020210742950439453
39056,normal,2584,0,1782358828.8819175,0.001958131790161133
39057,normal,2291,0,1782358828.8839147,0.001997232437133789
39058,normal,2816,0,1782358828.8859653,0.002050638198852539
39059,normal,1217,0,1782358828.8879173,0.0019519329071044922
39060,normal,2665,0,1782358828.8899124,0.001995086669921875
39061,normal,766,0,1782358828.8919582,0.002045869827270508
39062,normal,2602,0,1782358828.8939133,0.0019550323486328125
39063,normal,2961,0,1782358828.8959177,0.002004384994506836
39064,normal,146,0,1782358828.897983,0.002065420150756836
39065,normal,2951,0,1782358828.8999176,0.0019345283508300781
39066,normal,297,0,1782358828.9019134,0.0019958019256591797
39067,normal,2792,0,1782358828.9039657,0.00205230712890625
39068,normal,491,0,1782358828.9059143,0.0019485950469970703
39069,normal,3204,1,1782358828.907915,0.0020008087158203125
39070,normal,3039,0,1782358828.9099607,0.0020456314086914062
39071,normal,456,0,1782358828.9119194,0.001958608627319336
39072,normal,978,2,1782358828.9139147,0.0019953250885009766
39073,normal,1099,0,1782358828.9159656,0.0020508766174316406
39074,normal,3666,0,1782358828.9179223,0.0019567012786865234
39075,normal,2640,0,1782358828.9199169,0.001994609832763672
39076,normal,3446,0,1782358828.9219644,0.0020475387573242188
39077,normal,81,0,1782358828.923957,0.0019927024841308594
39078,normal,1096,0,1782358828.925928,0.001971006393432617
39079,normal,2220,0,1782358828.9279838,0.002055644989013672
39080,normal,3485,0,1782358828.9299166,0.0019328594207763672
39081,normal,2484,0,1782358828.9319365,0.0020198822021484375
39082,normal,2163,0,1782358828.9339664,0.002029895782470703
39083,normal,1599,0,1782358828.9359148,0.0019483566284179688
39084,normal,1100,0,1782358828.9379168,0.0020020008087158203
39085,normal,2960,0,1782358828.9399579,0.0020411014556884766
39086,normal,2738,0,1782358828.9419408,0.0019829273223876953
39087,normal,1617,0,1782358828.943917,0.0019762516021728516
39088,normal,1987,0,1782358828.9459708,0.0020537376403808594
39089,normal,3633,0,1782358828.9479163,0.00194549560546875
39090,normal,3203,1,1782358828.9499166,0.0020003318786621094
39091,normal,1141,0,1782358828.9519572,0.0020406246185302734
39092,normal,2109,0,1782358828.9539185,0.001961231231689453
39093,normal,3063,1,1782358828.955934,0.0020155906677246094
39094,normal,3112,1,1782358828.9579673,0.002033233642578125
39095,normal,2565,0,1782358828.959916,0.0019488334655761719
39096,normal,523,0,1782358828.961916,0.0019998550415039062
39097,normal,2570,0,1782358828.9639573,0.002041339874267578
39098,normal,630,0,1782358828.9659176,0.001960277557373047
39099,normal,996,2,1782358828.9679158,0.0019981861114501953
39100,normal,1212,0,1782358828.9699674,0.0020515918731689453
39101,normal,1665,0,1782358828.9719245,0.0019571781158447266
39102,normal,1782,0,1782358828.97392,0.001995563507080078
39103,normal,1405,0,1782358828.975958,0.0020380020141601562
39104,normal,837,2,1782358828.9779174,0.0019593238830566406
39105,normal,2248,0,1782358828.979918,0.002000570297241211
39106,normal,2898,0,1782358828.981964,0.0020461082458496094
39107,normal,889,2,1782358828.983915,0.001950979232788086
39108,normal,1413,0,1782358828.985915,0.0019998550415039062
39109,normal,852,2,1782358828.9879572,0.0020422935485839844
39110,normal,596,0,1782358828.9899173,0.0019600391387939453
39111,normal,3536,0,1782358828.9919176,0.0020003318786621094
39112,normal,3214,1,1782358828.9939656,0.002048015594482422
39113,normal,203,0,1782358828.9959252,0.001959562301635742
39114,normal,684,0,1782358828.9979162,0.0019910335540771484
39115,normal,634,0,1782358828.9999578,0.0020415782928466797
39116,normal,2235,0,1782358829.0019174,0.001959562301635742
39117,normal,710,0,1782358829.003916,0.0019986629486083984
39118,normal,3219,1,1782358829.005965,0.002048969268798828
39119,normal,1160,0,1782358829.0079157,0.0019507408142089844
39120,normal,682,0,1782358829.009917,0.0020012855529785156
39121,normal,263,0,1782358829.0119658,0.0020487308502197266
39122,normal,3249,1,1782358829.0139148,0.0019490718841552734
39123,normal,1279,0,1782358829.0159202,0.002005338668823242
39124,normal,215,0,1782358829.0179653,0.002045154571533203
39125,normal,644,0,1782358829.0199177,0.0019524097442626953
39126,normal,2130,0,1782358829.0219154,0.001997709274291992
39127,normal,924,2,1782358829.0239594,0.0020439624786376953
39128,normal,1434,0,1782358829.0259173,0.0019578933715820312
39129,normal,2785,0,1782358829.0279152,0.0019979476928710938
39130,normal,788,2,1782358829.029964,0.0020487308502197266
39131,normal,1758,0,1782358829.031918,0.0019540786743164062
39132,normal,549,0,1782358829.0339243,0.0020062923431396484
39133,normal,2021,0,1782358829.0359576,0.002033233642578125
39134,normal,2635,0,1782358829.0379167,0.001959085464477539
39135,normal,999,2,1782358829.0399177,0.002001047134399414
39136,normal,2574,0,1782358829.0419648,0.0020470619201660156
39137,normal,174,0,1782358829.043917,0.0019521713256835938
39138,normal,583,0,1782358829.0459156,0.0019986629486083984
39139,normal,2446,0,1782358829.047958,0.0020422935485839844
39140,normal,386,0,1782358829.0499177,0.0019598007202148438
39141,normal,2172,0,1782358829.051916,0.0019981861114501953
39142,normal,2218,0,1782358829.0539644,0.002048492431640625
39143,normal,1891,0,1782358829.0559168,0.0019524097442626953
39144,normal,2850,0,1782358829.0579154,0.0019986629486083984
39145,normal,568,0,1782358829.0599575,0.002042055130004883
39146,normal,2888,0,1782358829.061916,0.001958608627319336
39147,normal,2457,0,1782358829.0639174,0.0020012855529785156
39148,normal,1147,0,1782358829.0659661,0.0020487308502197266
39149,normal,3614,0,1782358829.0679138,0.001947641372680664
39150,normal,3146,1,1782358829.069917,0.002003192901611328
39151,normal,2256,0,1782358829.0719557,0.002038717269897461
39152,normal,2132,0,1782358829.0739264,0.0019707679748535156
39153,normal,1105,0,1782358829.075917,0.0019905567169189453
39154,normal,1983,0,1782358829.0779636,0.0020465850830078125
39155,normal,79,0,1782358829.0799146,0.001950979232788086
39156,normal,3643,0,1782358829.0819168,0.002002239227294922
39157,normal,3245,1,1782358829.0839663,0.0020494461059570312
39158,normal,1027,2,1782358829.0859158,0.0019495487213134766
39159,normal,3042,0,1782358829.0879169,0.002001047134399414
39160,normal,3191,1,1782358829.089963,0.0020461082458496094
39161,normal,1819,0,1782358829.0919163,0.0019533634185791016
39162,normal,2278,0,1782358829.0939155,0.0019991397857666016
39163,normal,1893,0,1782358829.0959563,0.002040863037109375
39164,normal,3302,1,1782358829.0979178,0.0019614696502685547
39165,normal,42,0,1782358829.0999248,0.002007007598876953
39166,normal,702,0,1782358829.101965,0.0020401477813720703
39167,normal,3656,0,1782358829.1039164,0.001951456069946289
39168,normal,333,0,1782358829.1059144,0.0019979476928710938
39169,normal,1968,0,1782358829.1079578,0.002043485641479492
39170,normal,3563,0,1782358829.1099145,0.0019567012786865234
39171,normal,3148,1,1782358829.1119235,0.0020089149475097656
39172,normal,2084,0,1782358829.1139634,0.0020399093627929688
39173,normal,1131,0,1782358829.1159132,0.0019497871398925781
39174,normal,1704,0,1782358829.117915,0.0020017623901367188
39175,normal,3177,1,1782358829.1199577,0.0020427703857421875
39176,normal,1916,0,1782358829.1219172,0.001959562301635742
39177,normal,688,0,1782358829.123915,0.001997709274291992
39178,normal,462,0,1782358829.1259637,0.0020487308502197266
39179,normal,2193,0,1782358829.127915,0.0019512176513671875
39180,normal,3493,0,1782358829.1299152,0.0020003318786621094
39181,normal,1645,0,1782358829.1319563,0.0020411014556884766
39182,normal,3168,1,1782358829.1339138,0.001957416534423828
39183,normal,2342,0,1782358829.1359148,0.002001047134399414
39184,normal,324,0,1782358829.137966,0.002051115036010742
39185,normal,3599,0,1782358829.1399155,0.0019495487213134766
39186,normal,2646,0,1782358829.1419163,0.0020008087158203125
39187,normal,2801,0,1782358829.1439576,0.002041339874267578
39188,normal,3576,0,1782358829.1459181,0.0019605159759521484
39189,normal,2702,0,1782358829.1479166,0.001998424530029297
39190,normal,1158,0,1782358829.1499643,0.0020477771759033203
39191,normal,1634,0,1782358829.1519237,0.0019593238830566406
39192,normal,2613,0,1782358829.1539166,0.001992940902709961
39193,normal,328,0,1782358829.1559565,0.0020399093627929688
39194,normal,570,0,1782358829.1579905,0.0020339488983154297
39195,normal,539,0,1782358829.1599293,0.0019388198852539062
39196,normal,2514,0,1782358829.1625056,0.0025763511657714844
39197,normal,3075,1,1782358829.1641896,0.001683950424194336
39198,normal,1659,0,1782358829.1660333,0.0018436908721923828
39199,normal,1824,0,1782358829.1683218,0.0022885799407958984
39200,normal,1848,0,1782358829.1700368,0.001714944839477539
39201,normal,2331,0,1782358829.1722164,0.0021796226501464844
39202,normal,1606,0,1782358829.1741722,0.001955747604370117
39203,normal,1139,0,1782358829.1762075,0.002035379409790039
39204,normal,136,0,1782358829.17803,0.0018224716186523438
39205,normal,1781,0,1782358829.1803262,0.0022962093353271484
39206,normal,3386,1,1782358829.182033,0.001706838607788086
39207,normal,1186,0,1782358829.1842113,0.002178192138671875
39208,normal,1870,0,1782358829.186172,0.00196075439453125
39209,normal,1457,0,1782358829.1880333,0.0018613338470458984
39210,normal,2316,0,1782358829.1902156,0.0021822452545166016
39211,normal,2488,0,1782358829.1921384,0.0019228458404541016
39212,normal,3584,0,1782358829.1942117,0.0020732879638671875
39213,normal,1479,0,1782358829.1959674,0.0017557144165039062
39214,normal,3097,1,1782358829.1981964,0.002228975296020508
39215,normal,3091,1,1782358829.199994,0.0017976760864257812
39216,normal,2023,0,1782358829.2021334,0.0021393299102783203
39217,normal,1831,0,1782358829.2039838,0.0018503665924072266
39218,normal,1040,0,1782358829.2061648,0.0021810531616210938
39219,normal,3546,0,1782358829.207979,0.001814126968383789
39220,normal,3635,0,1782358829.2101781,0.0021991729736328125
39221,normal,1990,0,1782358829.2119806,0.0018024444580078125
39222,normal,917,2,1782358829.2141564,0.0021758079528808594
39223,normal,3060,1,1782358829.2159808,0.0018243789672851562
39224,normal,3537,0,1782358829.2181547,0.002173900604248047
39225,normal,1134,0,1782358829.2199788,0.0018241405487060547
39226,normal,733,0,1782358829.2221847,0.0022058486938476562
39227,normal,1723,0,1782358829.2239785,0.0017938613891601562
39228,normal,1702,0,1782358829.2261615,0.0021829605102539062
39229,normal,1470,0,1782358829.2279775,0.0018160343170166016
39230,normal,1515,0,1782358829.2301593,0.0021817684173583984
39231,normal,1535,0,1782358829.2319794,0.0018200874328613281
39232,normal,3683,0,1782358829.2342117,0.0022323131561279297
39233,normal,1500,0,1782358829.2359796,0.001767873764038086
39234,normal,521,0,1782358829.2381544,0.002174854278564453
39235,normal,3355,1,1782358829.239976,0.0018215179443359375
39236,normal,505,0,1782358829.2421536,0.002177715301513672
39237,normal,2774,0,1782358829.2439785,0.0018248558044433594
39238,normal,2869,0,1782358829.2461543,0.0021758079528808594
39239,normal,2374,0,1782358829.2479787,0.0018243789672851562
39240,normal,262,0,1782358829.2501547,0.002176046371459961
39241,normal,2947,0,1782358829.251977,0.0018222332000732422
39242,normal,3217,1,1782358829.2541537,0.0021767616271972656
39243,normal,2878,0,1782358829.2559774,0.0018236637115478516
39244,normal,2776,0,1782358829.2581992,0.002221822738647461
39245,normal,661,0,1782358829.2599776,0.0017783641815185547
39246,normal,709,0,1782358829.2621584,0.002180814743041992
39247,normal,1996,0,1782358829.263979,0.0018205642700195312
39248,normal,1537,0,1782358829.266158,0.0021791458129882812
39249,normal,2341,0,1782358829.2679868,0.0018286705017089844
39250,normal,3382,1,1782358829.2702048,0.002218008041381836
39251,normal,3119,1,1782358829.2719781,0.0017733573913574219
39252,normal,461,0,1782358829.2741487,0.002170562744140625
39253,normal,2621,0,1782358829.2759783,0.0018296241760253906
39254,normal,2926,0,1782358829.278181,0.002202749252319336
39255,normal,1603,0,1782358829.2799773,0.0017962455749511719
39256,normal,3144,1,1782358829.282211,0.002233743667602539
39257,normal,592,0,1782358829.2839785,0.0017673969268798828
39258,normal,54,0,1782358829.286152,0.0021734237670898438
39259,normal,1946,0,1782358829.2879777,0.0018258094787597656
39260,normal,2713,0,1782358829.2901533,0.002175569534301758
39261,normal,904,2,1782358829.2919755,0.0018222332000732422
39262,normal,1876,0,1782358829.2942197,0.002244234085083008
39263,normal,3593,0,1782358829.29598,0.001760244369506836
39264,normal,2403,0,1782358829.2981606,0.0021805763244628906
39265,normal,2060,0,1782358829.2999804,0.0018198490142822266
39266,normal,2281,0,1782358829.302158,0.002177715301513672
39267,normal,3133,1,1782358829.3039813,0.0018231868743896484
39268,normal,2656,0,1782358829.3059785,0.001997232437133789
39269,normal,179,0,1782358829.3081734,0.0021948814392089844
39270,normal,2548,0,1782358829.309978,0.0018045902252197266
39271,normal,267,0,1782358829.3121665,0.002188444137573242
39272,normal,769,0,1782358829.3139813,0.0018148422241210938
39273,normal,2461,0,1782358829.3161705,0.002189159393310547
39274,normal,2339,0,1782358829.3179793,0.0018088817596435547
39275,normal,3552,0,1782358829.3201687,0.0021893978118896484
39276,normal,1398,0,1782358829.3219879,0.0018191337585449219
39277,normal,1285,0,1782358829.3241684,0.0021805763244628906
39278,normal,3241,1,1782358829.3259797,0.0018112659454345703
39279,normal,877,2,1782358829.3281643,0.002184629440307617
39280,normal,2787,0,1782358829.3299801,0.0018157958984375
39281,normal,1754,0,1782358829.3321705,0.0021903514862060547
39282,normal,1608,0,1782358829.333979,0.0018084049224853516
39283,normal,782,2,1782358829.336165,0.0021860599517822266
39284,normal,1866,0,1782358829.33799,0.001825094223022461
39285,normal,70,0,1782358829.3401668,0.0021767616271972656
39286,normal,900,2,1782358829.3419802,0.0018134117126464844
39287,normal,925,2,1782358829.3441756,0.0021953582763671875
39288,normal,2098,0,1782358829.345986,0.001810312271118164
39289,normal,327,0,1782358829.34817,0.002184152603149414
39290,normal,2700,0,1782358829.3499565,0.0017864704132080078
39291,normal,2775,0,1782358829.3520129,0.0020563602447509766
39292,normal,1951,0,1782358829.3542488,0.002235889434814453
39293,normal,1649,0,1782358829.3559837,0.0017349720001220703
39294,normal,3562,0,1782358829.358154,0.0021703243255615234
39295,normal,972,2,1782358829.3599806,0.0018265247344970703
39296,normal,1640,0,1782358829.362169,0.002188444137573242
39297,normal,829,2,1782358829.363982,0.0018129348754882812
39298,normal,566,0,1782358829.3662484,0.002266407012939453
39299,normal,2544,0,1782358829.3679807,0.0017323493957519531
39300,normal,1561,0,1782358829.370154,0.002173185348510742
39301,normal,1477,0,1782358829.3719785,0.0018246173858642578
39302,normal,3335,1,1782358829.3741596,0.0021810531616210938
39303,normal,3035,0,1782358829.3759782,0.0018186569213867188
39304,normal,851,2,1782358829.3781884,0.0022101402282714844
39305,normal,1412,0,1782358829.3799815,0.0017931461334228516
39306,normal,2458,0,1782358829.3821585,0.002177000045776367
39307,normal,1930,0,1782358829.3839808,0.0018222332000732422
39308,normal,3463,0,1782358829.3861675,0.0021867752075195312
39309,normal,1419,0,1782358829.3879817,0.001814126968383789
39310,normal,2900,0,1782358829.3901615,0.002179861068725586
39311,normal,3555,0,1782358829.3919811,0.001819610595703125
39312,normal,2018,0,1782358829.3941603,0.0021791458129882812
39313,normal,514,0,1782358829.3959804,0.0018200874328613281
39314,normal,2566,0,1782358829.3981583,0.0021779537200927734
39315,normal,562,0,1782358829.3999825,0.0018241405487060547
39316,normal,2741,0,1782358829.4021657,0.002183198928833008
39317,normal,1920,0,1782358829.4039798,0.001814126968383789
39318,normal,586,0,1782358829.4061692,0.0021893978118896484
39319,normal,1787,0,1782358829.4079857,0.0018165111541748047
39320,normal,1984,0,1782358829.4101622,0.002176523208618164
39321,normal,2848,0,1782358829.41198,0.0018177032470703125
39322,normal,3012,0,1782358829.4141734,0.002193450927734375
39323,normal,13,0,1782358829.4159696,0.0017962455749511719
39324,normal,1354,1,1782358829.4181592,0.00218963623046875
39325,normal,3082,1,1782358829.4199836,0.0018243789672851562
39326,normal,964,2,1782358829.4221838,0.0022001266479492188
39327,normal,845,2,1782358829.423989,0.0018053054809570312
39328,normal,1807,0,1782358829.42618,0.002190828323364258
39329,normal,2181,0,1782358829.4282663,0.0020864009857177734
39330,normal,1880,0,1782358829.4300413,0.0017750263214111328
39331,normal,911,2,1782358829.4323258,0.002284526824951172
39332,normal,2561,0,1782358829.4340398,0.0017139911651611328
39333,normal,1491,0,1782358829.4361775,0.0021376609802246094
39334,normal,2618,0,1782358829.4381895,0.002012014389038086
39335,normal,2750,0,1782358829.4402227,0.002033233642578125
39336,normal,1579,0,1782358829.4421883,0.0019655227661132812
39337,normal,663,0,1782358829.444363,0.002174854278564453
39338,normal,836,2,1782358829.4460406,0.0016775131225585938
39339,normal,599,0,1782358829.448184,0.002143383026123047
39340,normal,3252,1,1782358829.4503329,0.002148866653442383
39341,normal,1976,0,1782358829.452041,0.0017080307006835938
39342,normal,2000,0,1782358829.4543483,0.002307415008544922
39343,normal,1780,0,1782358829.4561894,0.0018410682678222656
39344,normal,2002,0,1782358829.458228,0.002038717269897461
39345,normal,419,0,1782358829.460199,0.001971006393432617
39346,normal,1142,0,1782358829.462344,0.0021448135375976562
39347,normal,1664,0,1782358829.4640458,0.0017018318176269531
39348,normal,2343,0,1782358829.4663563,0.002310514450073242
39349,normal,167,0,1782358829.468192,0.0018358230590820312
39350,normal,2327,0,1782358829.470221,0.002028942108154297
39351,normal,3566,0,1782358829.4721887,0.0019676685333251953
39352,normal,2295,0,1782358829.4743404,0.0021517276763916016
39353,normal,186,0,1782358829.476041,0.0017006397247314453
39354,normal,994,2,1782358829.478354,0.002312898635864258
39355,normal,1013,2,1782358829.4801836,0.0018296241760253906
39356,normal,1766,0,1782358829.4822435,0.0020599365234375
39357,normal,3172,1,1782358829.4841926,0.0019490718841552734
39358,normal,3017,0,1782358829.4861841,0.0019915103912353516
39359,normal,1960,0,1782358829.488226,0.0020418167114257812
39360,normal,1360,1,1782358829.4901948,0.001968860626220703
39361,normal,3221,1,1782358829.4923317,0.0021369457244873047
39362,normal,1226,0,1782358829.4940386,0.001706838607788086
39363,normal,3645,0,1782358829.4963489,0.0023102760314941406
39364,normal,2143,0,1782358829.4981887,0.0018398761749267578
39365,normal,1195,0,1782358829.5001898,0.002001047134399414
39366,normal,441,0,1782358829.5022008,0.0020110607147216797
39367,normal,3597,0,1782358829.5041902,0.0019893646240234375
39368,normal,2231,0,1782358829.5060391,0.0018489360809326172
39369,normal,2240,0,1782358829.5082347,0.002195596694946289
39370,normal,2735,0,1782358829.5101814,0.0019466876983642578
39371,normal,2557,0,1782358829.512225,0.002043485641479492
39372,normal,121,0,1782358829.5141938,0.001968860626220703
39373,normal,778,2,1782358829.5161777,0.0019838809967041016
39374,normal,2105,0,1782358829.5182512,0.002073526382446289
39375,normal,2154,0,1782358829.520186,0.0019347667694091797
39376,normal,1706,0,1782358829.5223389,0.0021529197692871094
39377,normal,2326,0,1782358829.524034,0.0016951560974121094
39378,normal,1844,0,1782358829.5263305,0.00229644775390625
39379,normal,1845,0,1782358829.5281808,0.0018503665924072266
39380,normal,44,0,1782358829.5302274,0.0020465850830078125
39381,normal,2107,0,1782358829.5321853,0.0019578933715820312
39382,normal,2921,0,1782358829.534348,0.0021626949310302734
39383,normal,3237,1,1782358829.5360403,0.0016922950744628906
39384,normal,1048,0,1782358829.5383387,0.0022983551025390625
39385,normal,2421,0,1782358829.5401902,0.0018515586853027344
39386,normal,1512,0,1782358829.5422344,0.002044200897216797
39387,normal,199,0,1782358829.5441985,0.001964092254638672
39388,normal,3129,1,1782358829.5459864,0.0017879009246826172
39389,normal,355,0,1782358829.5480392,0.002052783966064453
39390,normal,1189,0,1782358829.5503507,0.0023114681243896484
39391,normal,1267,0,1782358829.552184,0.0018334388732910156
39392,normal,2833,0,1782358829.5542295,0.0020453929901123047
39393,normal,3525,0,1782358829.5561855,0.0019559860229492188
39394,normal,1586,0,1782358829.5581758,0.0019903182983398438
39395,normal,2447,0,1782358829.5602171,0.002041339874267578
39396,normal,691,0,1782358829.5621862,0.0019690990447998047
39397,normal,2628,0,1782358829.5643349,0.0021486282348632812
39398,normal,835,2,1782358829.566039,0.0017042160034179688
39399,normal,2469,0,1782358829.5683475,0.002308368682861328
39400,normal,1220,0,1782358829.5701852,0.0018377304077148438
39401,normal,2251,0,1782358829.5722282,0.002043008804321289
39402,normal,1274,0,1782358829.574191,0.001962900161743164
39403,normal,666,0,1782358829.5774555,0.0032644271850585938
39404,normal,1422,0,1782358829.5781305,0.0006749629974365234
39405,normal,384,0,1782358829.5803573,0.0022268295288085938
39406,normal,981,2,1782358829.5820365,0.0016791820526123047
39407,normal,1869,0,1782358829.5843267,0.0022902488708496094
39408,normal,2910,0,1782358829.5860493,0.001722574234008789
39409,normal,2993,0,1782358829.588332,0.0022826194763183594
39410,normal,784,2,1782358829.590036,0.0017039775848388672
39411,normal,1137,0,1782358829.5923467,0.0023107528686523438
39412,normal,2509,0,1782358829.594194,0.0018472671508789062
39413,normal,2740,0,1782358829.5962217,0.002027750015258789
39414,normal,3509,0,1782358829.5981925,0.0019707679748535156
39415,normal,2283,0,1782358829.6003296,0.0021371841430664062
39416,normal,475,0,1782358829.6029544,0.0026247501373291016
39417,normal,1593,0,1782358829.6047988,0.0018444061279296875
39418,normal,2381,0,1782358829.6067748,0.00197601318359375
39419,normal,2626,0,1782358829.608042,0.0012671947479248047
39420,normal,2754,0,1782358829.6103673,0.002325296401977539
39421,normal,809,2,1782358829.61218,0.0018126964569091797
39422,normal,485,0,1782358829.614228,0.002048015594482422
39423,normal,723,0,1782358829.6161823,0.001954317092895508
39424,normal,1345,1,1782358829.6183307,0.0021483898162841797
39425,normal,2890,0,1782358829.62004,0.0017092227935791016
39426,normal,1945,0,1782358829.622339,0.002299070358276367
39427,normal,2632,0,1782358829.624181,0.0018420219421386719
39428,normal,3425,0,1782358829.6262197,0.002038717269897461
39429,normal,1487,0,1782358829.62819,0.0019702911376953125
39430,normal,652,0,1782358829.6303277,0.0021376609802246094
39431,normal,3318,1,1782358829.6320367,0.001708984375
39432,normal,3109,1,1782358829.634883,0.002846240997314453
39433,normal,1771,0,1782358829.636059,0.0011761188507080078
39434,normal,1890,0,1782358829.6383312,0.0022721290588378906
39435,normal,1054,0,1782358829.6400495,0.001718282699584961
39436,normal,3573,0,1782358829.6423314,0.0022819042205810547
39437,normal,3412,0,1782358829.6440353,0.0017039775848388672
39438,normal,1184,0,1782358829.6462855,0.002250194549560547
39439,normal,927,2,1782358829.648201,0.0019154548645019531
39440,normal,2158,0,1782358829.6502247,0.0020236968994140625
39441,normal,1163,0,1782358829.6521864,0.0019617080688476562
39442,normal,1176,0,1782358829.6543283,0.0021419525146484375
39443,normal,428,0,1782358829.6560388,0.0017104148864746094
39444,normal,730,0,1782358829.6583583,0.0023195743560791016
39445,normal,944,2,1782358829.6601856,0.001827239990234375
39446,normal,1948,0,1782358829.6622384,0.002052783966064453
39447,normal,602,0,1782358829.6641972,0.0019588470458984375
39448,normal,1060,0,1782358829.666339,0.002141714096069336
39449,normal,2049,0,1782358829.6680405,0.0017015933990478516
39450,normal,3108,1,1782358829.6703386,0.002298116683959961
39451,normal,1705,0,1782358829.6721923,0.0018537044525146484
39452,normal,2811,0,1782358829.6742256,0.002033233642578125
39453,normal,2062,0,1782358829.6762104,0.001984834671020508
39454,normal,3451,0,1782358829.678977,0.0027666091918945312
39455,normal,2909,0,1782358829.6807494,0.0017724037170410156
39456,normal,557,0,1782358829.682958,0.0022084712982177734
39457,normal,3323,1,1782358829.6852882,0.002330303192138672
39458,normal,244,0,1782358829.6874092,0.0021209716796875
39459,normal,1719,0,1782358829.6882212,0.0008120536804199219
39460,normal,1896,0,1782358829.6903613,0.002140045166015625
39461,normal,1982,0,1782358829.6933784,0.0030171871185302734
39462,normal,3420,0,1782358829.6950424,0.0016639232635498047
39463,normal,3477,0,1782358829.6970143,0.0019719600677490234
39464,normal,2135,0,1782358829.6988032,0.0017888545989990234
39465,normal,1878,0,1782358829.7008917,0.0020885467529296875
39466,normal,1050,0,1782358829.7029724,0.002080678939819336
39467,normal,1663,0,1782358829.704777,0.0018045902252197266
39468,normal,2037,0,1782358829.706691,0.0019140243530273438
39469,normal,0,0,1782358829.7090397,0.002348661422729492
39470,normal,787,2,1782358829.7107856,0.0017459392547607422
39471,normal,2835,0,1782358829.7126951,0.001909494400024414
39472,normal,1311,0,1782358829.7149534,0.00225830078125
39473,normal,443,0,1782358829.7167602,0.0018067359924316406
39474,normal,3270,1,1782358829.7189567,0.0021965503692626953
39475,normal,689,0,1782358829.7213194,0.0023627281188964844
39476,normal,1553,0,1782358829.7229266,0.0016071796417236328
39477,normal,49,0,1782358829.7247424,0.0018157958984375
39478,normal,1363,1,1782358829.7267497,0.0020072460174560547
39479,normal,1925,0,1782358829.7286508,0.0019011497497558594
39480,normal,658,0,1782358829.7306087,0.0019578933715820312
39481,normal,2246,0,1782358829.7327788,0.002170085906982422
39482,normal,1572,0,1782358829.7345831,0.001804351806640625
39483,normal,246,0,1782358829.736963,0.002379894256591797
39484,normal,1410,0,1782358829.7381425,0.0011794567108154297
39485,normal,1004,2,1782358829.7407277,0.002585172653198242
39486,normal,1205,0,1782358829.7420552,0.0013275146484375
39487,normal,3134,1,1782358829.744361,0.002305746078491211
39488,normal,1190,0,1782358829.7460403,0.0016794204711914062
39489,normal,1192,0,1782358829.7480533,0.002012968063354492
39490,normal,1718,0,1782358829.750175,0.0021216869354248047
39491,normal,1566,0,1782358829.7520375,0.0018625259399414062
39492,normal,2744,0,1782358829.7540345,0.0019969940185546875
39493,normal,3100,1,1782358829.7563608,0.0023262500762939453
39494,normal,3261,1,1782358829.7580376,0.001676797866821289
39495,normal,1741,0,1782358829.7600253,0.0019876956939697266
39496,normal,1444,0,1782358829.7632284,0.003203153610229492
39497,normal,1091,0,1782358829.7641454,0.0009169578552246094
39498,normal,2761,0,1782358829.7659974,0.0018520355224609375
39499,normal,2648,0,1782358829.768022,0.0020246505737304688
39500,normal,339,0,1782358829.76995,0.0019278526306152344
39501,normal,1384,0,1782358829.7719436,0.0019936561584472656
39502,normal,975,2,1782358829.77399,0.002046346664428711
39503,normal,1557,0,1782358829.7759738,0.0019838809967041016
39504,normal,2749,0,1782358829.7779443,0.001970529556274414
39505,normal,2198,0,1782358829.779989,0.002044677734375
39506,normal,2345,0,1782358829.78194,0.001950979232788086
39507,normal,1547,0,1782358829.7839417,0.0020017623901367188
39508,normal,1146,0,1782358829.7859888,0.0020470619201660156
39509,normal,2612,0,1782358829.7879384,0.0019495487213134766
39510,normal,2015,0,1782358829.7899394,0.002001047134399414
39511,normal,3431,0,1782358829.792056,0.002116680145263672
39512,normal,3025,0,1782358829.7939777,0.0019216537475585938
39513,normal,1482,0,1782358829.7959397,0.001961946487426758
39514,normal,1183,0,1782358829.798059,0.002119302749633789
39515,normal,3116,1,1782358829.799968,0.001909017562866211
39516,normal,2978,0,1782358829.8019378,0.0019698143005371094
39517,normal,3651,0,1782358829.8039868,0.002048969268798828
39518,normal,1016,2,1782358829.805938,0.0019512176513671875
39519,normal,1046,0,1782358829.8079386,0.002000570297241211
39520,normal,3295,1,1782358829.8100595,0.0021209716796875
39521,normal,533,0,1782358829.811968,0.0019085407257080078
39522,normal,561,0,1782358829.8139431,0.0019750595092773438
39523,normal,1737,0,1782358829.8160627,0.0021195411682128906
39524,normal,2690,0,1782358829.8179667,0.0019040107727050781
39525,normal,1526,0,1782358829.8199391,0.0019724369049072266
39526,normal,2019,0,1782358829.8220563,0.002117156982421875
39527,normal,20,0,1782358829.823968,0.0019116401672363281
39528,normal,280,0,1782358829.8259368,0.001968860626220703
39529,normal,2189,0,1782358829.8279915,0.0020546913146972656
39530,normal,960,2,1782358829.8299408,0.001949310302734375
39531,normal,625,0,1782358829.8319697,0.002028942108154297
39532,normal,1322,1,1782358829.8340578,0.0020880699157714844
39533,normal,1520,0,1782358829.8359685,0.0019106864929199219
39534,normal,3406,0,1782358829.8379416,0.0019731521606445312
39535,normal,252,0,1782358829.8399878,0.0020461082458496094
39536,normal,3454,0,1782358829.8419385,0.0019507408142089844
39537,normal,2055,0,1782358829.843937,0.001998424530029297
39538,normal,531,0,1782358829.8459911,0.0020542144775390625
39539,normal,487,0,1782358829.8479588,0.0019676685333251953
39540,normal,412,0,1782358829.8499577,0.0019989013671875
39541,normal,2965,0,1782358829.8520186,0.0020608901977539062
39542,normal,2431,0,1782358829.8539903,0.001971721649169922
39543,normal,338,0,1782358829.8561692,0.0021789073944091797
39544,normal,473,0,1782358829.858577,0.0024077892303466797
39545,normal,1897,0,1782358829.8602376,0.0016605854034423828
39546,normal,3582,0,1782358829.8621848,0.001947164535522461
39547,normal,3018,0,1782358829.8641913,0.00200653076171875
39548,normal,2532,0,1782358829.8660495,0.0018582344055175781
39549,normal,3342,1,1782358829.8682444,0.0021948814392089844
39550,normal,3528,0,1782358829.8700552,0.0018107891082763672
39551,normal,989,2,1782358829.872165,0.0021097660064697266
39552,normal,2058,0,1782358829.8740835,0.0019185543060302734
39553,normal,1043,0,1782358829.8762023,0.002118825912475586
39554,normal,2666,0,1782358829.8781517,0.001949310302734375
39555,normal,3641,0,1782358829.880094,0.0019423961639404297
39556,normal,2267,0,1782358829.8822021,0.0021080970764160156
39557,normal,413,0,1782358829.884156,0.0019538402557373047
39558,normal,2364,0,1782358829.8861063,0.0019502639770507812
39559,normal,3362,1,1782358829.8882005,0.002094268798828125
39560,normal,1913,0,1782358829.8901417,0.0019412040710449219
39561,normal,105,0,1782358829.8922305,0.002088785171508789
39562,normal,3218,1,1782358829.8940825,0.0018520355224609375
39563,normal,2884,0,1782358829.8961883,0.002105712890625
39564,normal,2086,0,1782358829.8980954,0.0019071102142333984
39565,normal,2644,0,1782358829.9002004,0.0021049976348876953
39566,normal,2946,0,1782358829.9021258,0.0019254684448242188
39567,normal,310,0,1782358829.9040716,0.0019457340240478516
39568,normal,2302,0,1782358829.9062743,0.002202749252319336
39569,normal,239,0,1782358829.9080925,0.0018181800842285156
39570,normal,3554,0,1782358829.9100556,0.0019631385803222656
39571,normal,629,0,1782358829.9121654,0.0021097660064697266
39572,normal,3411,0,1782358829.9140794,0.0019140243530273438
39573,normal,1417,0,1782358829.9160633,0.0019838809967041016
39574,normal,3392,1,1782358829.9181583,0.0020949840545654297
39575,normal,660,0,1782358829.9200597,0.001901388168334961
39576,normal,144,0,1782358829.9221778,0.0021181106567382812
39577,normal,1728,0,1782358829.9240053,0.0018274784088134766
39578,normal,2206,0,1782358829.9260535,0.0020482540130615234
39579,normal,3037,0,1782358829.9280546,0.002001047134399414
39580,normal,2375,0,1782358829.9300396,0.0019850730895996094
39581,normal,265,0,1782358829.9320428,0.002003192901611328
39582,normal,1693,0,1782358829.9340515,0.002008676528930664
39583,normal,3569,0,1782358829.9360483,0.001996755599975586
39584,normal,2414,0,1782358829.9380448,0.0019965171813964844
39585,normal,2860,0,1782358829.9402328,0.002187967300415039
39586,normal,1450,0,1782358829.942162,0.0019292831420898438
39587,normal,1517,0,1782358829.9440467,0.0018846988677978516
39588,normal,3492,0,1782358829.9461417,0.0020949840545654297
39589,normal,319,0,1782358829.9480608,0.0019190311431884766
39590,normal,2208,0,1782358829.9500463,0.0019855499267578125
39591,normal,824,2,1782358829.9523463,0.0023000240325927734
39592,normal,2299,0,1782358829.9540515,0.001705169677734375
39593,normal,685,0,1782358829.9563162,0.002264738082885742
39594,normal,3313,1,1782358829.957986,0.0016698837280273438
39595,normal,2724,0,1782358829.9604025,0.002416372299194336
39596,normal,1085,0,1782358829.9619772,0.0015747547149658203
39597,normal,3459,0,1782358829.964375,0.002397775650024414
39598,normal,67,0,1782358829.9661725,0.0017974376678466797
39599,normal,3616,0,1782358829.9682202,0.0020477771759033203
39600,normal,2188,0,1782358829.970215,0.0019948482513427734
39601,normal,758,0,1782358829.9724138,0.0021986961364746094
39602,normal,24,0,1782358829.9740322,0.0016183853149414062
39603,normal,2215,0,1782358829.976338,0.002305746078491211
39604,normal,2324,0,1782358829.9781766,0.00183868408203125
39605,normal,3437,0,1782358829.980217,0.002040386199951172
39606,normal,3169,1,1782358829.982171,0.0019540786743164062
39607,normal,711,0,1782358829.984379,0.0022079944610595703
39608,normal,617,0,1782358829.986041,0.0016620159149169922
39609,normal,2474,0,1782358829.9881682,0.0021271705627441406
39610,normal,3507,0,1782358829.9901705,0.002002239227294922
39611,normal,3662,0,1782358829.9922273,0.0020568370819091797
39612,normal,870,2,1782358829.9941788,0.001951456069946289
39613,normal,2498,0,1782358829.9961774,0.0019986629486083984
39614,normal,513,0,1782358829.998036,0.0018584728240966797
39615,normal,698,0,1782358830.000179,0.0021431446075439453
39616,normal,1654,0,1782358830.0021746,0.001995563507080078
39617,normal,2694,0,1782358830.0042174,0.0020427703857421875
39618,normal,1875,0,1782358830.006181,0.0019636154174804688
39619,normal,3262,1,1782358830.0083346,0.002153635025024414
39620,normal,1341,1,1782358830.010035,0.0017004013061523438
39621,normal,2549,0,1782358830.0121744,0.0021393299102783203
39622,normal,614,0,1782358830.0141857,0.0020112991333007812
39623,normal,431,0,1782358830.016216,0.0020303726196289062
39624,normal,1206,0,1782358830.018182,0.0019659996032714844
39625,normal,874,2,1782358830.0203345,0.0021524429321289062
39626,normal,1328,1,1782358830.0220342,0.001699686050415039
39627,normal,231,0,1782358830.0241845,0.002150297164916992
39628,normal,306,0,1782358830.0263305,0.002146005630493164
39629,normal,1612,0,1782358830.0280354,0.0017049312591552734
39630,normal,1753,0,1782358830.0303366,0.0023012161254882812
39631,normal,126,0,1782358830.0321805,0.0018439292907714844
39632,normal,828,2,1782358830.034225,0.0020444393157958984
39633,normal,1461,0,1782358830.0361853,0.001960277557373047
39634,normal,3004,0,1782358830.0381782,0.001992940902709961
39635,normal,3142,1,1782358830.0402205,0.0020422935485839844
39636,normal,418,0,1782358830.0421968,0.0019762516021728516
39637,normal,899,2,1782358830.0443325,0.002135753631591797
39638,normal,815,2,1782358830.0460305,0.0016980171203613281
39639,normal,3553,0,1782358830.0482352,0.0022046566009521484
39640,normal,46,0,1782358830.0501125,0.0018773078918457031
39641,normal,3490,0,1782358830.0523264,0.0022139549255371094
39642,normal,1072,0,1782358830.0540621,0.001735687255859375
39643,normal,2101,0,1782358830.0563273,0.0022652149200439453
39644,normal,2069,0,1782358830.0580342,0.001706838607788086
39645,normal,1387,0,1782358830.060346,0.00231170654296875
39646,normal,1420,0,1782358830.062179,0.001833200454711914
39647,normal,3709,0,1782358830.0642262,0.0020470619201660156
39648,normal,2932,0,1782358830.0662053,0.0019791126251220703
39649,normal,470,0,1782358830.068174,0.0019686222076416016
39650,normal,3405,0,1782358830.0709903,0.002816438674926758
39651,normal,284,0,1782358830.0721684,0.0011780261993408203
39652,normal,2067,0,1782358830.0742888,0.002120494842529297
39653,normal,3423,0,1782358830.0762208,0.001931905746459961
39654,normal,2688,0,1782358830.0780652,0.0018444061279296875
39655,normal,3504,0,1782358830.0803194,0.0022542476654052734
39656,normal,3539,0,1782358830.0820358,0.0017163753509521484
39657,normal,1123,0,1782358830.0843515,0.0023157596588134766
39658,normal,1093,0,1782358830.0861733,0.001821756362915039
39659,normal,3009,0,1782358830.0882256,0.00205230712890625
39660,normal,1680,0,1782358830.0902228,0.001997232437133789
39661,normal,1383,0,1782358830.0923274,0.002104520797729492
39662,normal,2859,0,1782358830.094033,0.0017056465148925781
39663,normal,3638,0,1782358830.0963469,0.002313852310180664
39664,normal,1915,0,1782358830.0981789,0.0018320083618164062
39665,normal,3607,0,1782358830.100213,0.0020341873168945312
39666,normal,3435,0,1782358830.1021998,0.0019867420196533203
39667,normal,1701,0,1782358830.1043456,0.0021457672119140625
39668,normal,2555,0,1782358830.1060357,0.0016901493072509766
39669,normal,223,0,1782358830.108366,0.002330303192138672
39670,normal,1757,0,1782358830.1101837,0.0018177032470703125
39671,normal,2809,0,1782358830.112229,0.0020453929901123047
39672,normal,2696,0,1782358830.114202,0.0019729137420654297
39673,normal,2525,0,1782358830.1163206,0.0021185874938964844
39674,normal,849,2,1782358830.118045,0.0017244815826416016
39675,normal,3377,1,1782358830.1203613,0.0023162364959716797
39676,normal,1250,0,1782358830.1221826,0.001821279525756836
39677,normal,2221,0,1782358830.1242142,0.002031564712524414
39678,normal,2149,0,1782358830.1262152,0.002001047134399414
39679,normal,1375,1,1782358830.1283224,0.0021071434020996094
39680,normal,1436,0,1782358830.130038,0.0017156600952148438
39681,normal,2600,0,1782358830.1323512,0.0023131370544433594
39682,normal,1929,0,1782358830.134185,0.0018339157104492188
39683,normal,404,0,1782358830.136221,0.002035856246948242
39684,normal,438,0,1782358830.138204,0.001983165740966797
39685,normal,99,0,1782358830.1403482,0.0021440982818603516
39686,normal,2797,0,1782358830.1420357,0.0016875267028808594
39687,normal,374,0,1782358830.1443508,0.002315044403076172
39688,normal,3279,1,1782358830.146174,0.0018231868743896484
39689,normal,1864,0,1782358830.1482155,0.0020415782928466797
39690,normal,2743,0,1782358830.1502047,0.001989126205444336
39691,normal,2908,0,1782358830.1523,0.0020952224731445312
39692,normal,1949,0,1782358830.1540337,0.0017337799072265625
39693,normal,765,0,1782358830.156349,0.0023152828216552734
39694,normal,3143,1,1782358830.1581779,0.001828908920288086
39695,normal,1540,0,1782358830.160217,0.002039194107055664
39696,normal,3276,1,1782358830.1622033,0.001986265182495117
39697,normal,2059,0,1782358830.164302,0.0020987987518310547
39698,normal,1591,0,1782358830.1660383,0.0017361640930175781
39699,normal,2964,0,1782358830.1683576,0.0023193359375
39700,normal,2214,0,1782358830.17011,0.0017523765563964844
39701,normal,1689,0,1782358830.1723337,0.0022237300872802734
39702,normal,3572,0,1782358830.174067,0.0017333030700683594
39703,normal,1644,0,1782358830.1763294,0.0022623538970947266
39704,normal,1240,0,1782358830.178034,0.0017046928405761719
39705,normal,432,0,1782358830.1803517,0.002317667007446289
39706,normal,1912,0,1782358830.1820922,0.0017404556274414062
39707,normal,2889,0,1782358830.184345,0.002252817153930664
39708,normal,2841,0,1782358830.186068,0.0017230510711669922
39709,normal,1538,0,1782358830.1883264,0.00225830078125
39710,normal,345,0,1782358830.1900358,0.0017094612121582031
39711,normal,3404,0,1782358830.192349,0.0023131370544433594
39712,normal,1486,0,1782358830.1941752,0.0018262863159179688
39713,normal,1097,0,1782358830.196219,0.0020437240600585938
39714,normal,763,0,1782358830.1982093,0.0019903182983398438
39715,normal,1903,0,1782358830.2003276,0.002118349075317383
39716,normal,2480,0,1782358830.2020354,0.0017077922821044922
39717,normal,188,0,1782358830.2043333,0.0022978782653808594
39718,normal,343,0,1782358830.2061074,0.0017740726470947266
39719,normal,569,0,1782358830.2084372,0.0023298263549804688
39720,normal,177,0,1782358830.2100358,0.0015985965728759766
39721,normal,1761,0,1782358830.2123222,0.0022864341735839844
39722,normal,3501,0,1782358830.2140343,0.0017120838165283203
39723,normal,2581,0,1782358830.2163243,0.002290010452270508
39724,normal,209,0,1782358830.218095,0.0017707347869873047
39725,normal,2603,0,1782358830.2203348,0.002239704132080078
39726,normal,2301,0,1782358830.2220387,0.0017039775848388672
39727,normal,387,0,1782358830.2243195,0.002280712127685547
39728,normal,2010,0,1782358830.2260387,0.0017192363739013672
39729,normal,318,0,1782358830.228332,0.0022933483123779297
39730,normal,1777,0,1782358830.2301133,0.0017812252044677734
39731,normal,1564,0,1782358830.2323306,0.0022172927856445312
39732,normal,181,0,1782358830.2340455,0.001714944839477539
39733,normal,2615,0,1782358830.2363224,0.002276897430419922
39734,normal,2832,0,1782358830.2380345,0.0017120838165283203
39735,normal,458,0,1782358830.2403333,0.0022988319396972656
39736,normal,2296,0,1782358830.2420907,0.0017573833465576172
39737,normal,761,0,1782358830.2443492,0.0022585391998291016
39738,normal,1677,0,1782358830.2460544,0.001705169677734375
39739,normal,1822,0,1782358830.2483494,0.0022950172424316406
39740,normal,2026,0,1782358830.2500367,0.0016872882843017578
39741,normal,1792,0,1782358830.2523756,0.002338886260986328
39742,normal,3193,1,1782358830.254095,0.0017194747924804688
39743,normal,2147,0,1782358830.2563329,0.0022377967834472656
39744,normal,2611,0,1782358830.2580588,0.001725912094116211
39745,normal,1068,0,1782358830.260331,0.0022721290588378906
39746,normal,1592,0,1782358830.262037,0.0017061233520507812
39747,normal,645,0,1782358830.2643535,0.0023164749145507812
39748,normal,582,0,1782358830.2662108,0.0018572807312011719
39749,normal,536,0,1782358830.2680387,0.0018279552459716797
39750,normal,1756,0,1782358830.270353,0.002314329147338867
39751,normal,1182,0,1782358830.2721817,0.0018286705017089844
39752,normal,1895,0,1782358830.274221,0.002039194107055664
39753,normal,867,2,1782358830.2762084,0.001987457275390625
39754,normal,773,2,1782358830.2783318,0.0021233558654785156
39755,normal,217,0,1782358830.280038,0.0017063617706298828
39756,normal,3364,1,1782358830.2823784,0.0023403167724609375
39757,normal,3184,1,1782358830.284201,0.0018224716186523438
39758,normal,253,0,1782358830.286225,0.0020241737365722656
39759,normal,275,0,1782358830.2882226,0.0019974708557128906
39760,normal,1556,0,1782358830.2903342,0.002111673355102539
39761,normal,442,0,1782358830.2920363,0.0017020702362060547
39762,normal,2510,0,1782358830.2943614,0.0023250579833984375
39763,normal,1957,0,1782358830.2961907,0.001829385757446289
39764,normal,990,2,1782358830.2982259,0.0020351409912109375
39765,normal,1428,0,1782358830.3001807,0.001954793930053711
39766,normal,2177,0,1782358830.3022964,0.0021157264709472656
39767,normal,1733,0,1782358830.3042,0.001903533935546875
39768,normal,908,2,1782358830.306075,0.001875162124633789
39769,normal,664,0,1782358830.3082829,0.0022077560424804688
39770,normal,3077,1,1782358830.3102148,0.001931905746459961
39771,normal,1497,0,1782358830.312239,0.0020241737365722656
39772,normal,3544,0,1782358830.3141284,0.0018894672393798828
39773,normal,3057,1,1782358830.3163395,0.0022110939025878906
39774,normal,1997,0,1782358830.3180804,0.0017409324645996094
39775,normal,154,0,1782358830.3203297,0.0022492408752441406
39776,normal,3655,0,1782358830.3220458,0.0017161369323730469
39777,normal,932,2,1782358830.3243592,0.002313375473022461
39778,normal,2187,0,1782358830.326187,0.0018277168273925781
39779,normal,2307,0,1782358830.3282263,0.0020394325256347656
39780,normal,2338,0,1782358830.3302207,0.0019943714141845703
39781,normal,2994,0,1782358830.3323586,0.002137899398803711
39782,normal,2583,0,1782358830.3340387,0.001680135726928711
39783,normal,801,2,1782358830.3363755,0.002336740493774414
39784,normal,591,0,1782358830.338188,0.0018124580383300781
39785,normal,315,0,1782358830.3402297,0.0020418167114257812
39786,normal,842,2,1782358830.3421857,0.0019559860229492188
39787,normal,2462,0,1782358830.344178,0.0019922256469726562
39788,normal,108,0,1782358830.3462224,0.0020444393157958984
39789,normal,941,2,1782358830.3482301,0.002007722854614258
39790,normal,1392,0,1782358830.3501768,0.0019466876983642578
39791,normal,2751,0,1782358830.3522487,0.002071857452392578
39792,normal,2843,0,1782358830.3542309,0.0019822120666503906
39793,normal,311,0,1782358830.356169,0.0019381046295166016
39794,normal,872,2,1782358830.358235,0.002065896987915039
39795,normal,3436,0,1782358830.3602324,0.0019974708557128906
39796,normal,2036,0,1782358830.3622167,0.0019843578338623047
39797,normal,1076,0,1782358830.3653197,0.003103017807006836
39798,normal,3419,0,1782358830.3661091,0.0007894039154052734
39799,normal,1567,0,1782358830.3680747,0.0019655227661132812
39800,normal,2530,0,1782358830.3700762,0.002001523971557617
39801,normal,1256,0,1782358830.3720274,0.0019512176513671875
39802,normal,1218,0,1782358830.3741536,0.0021262168884277344
39803,normal,703,0,1782358830.3759813,0.0018277168273925781
39804,normal,1083,0,1782358830.3780944,0.0021131038665771484
39805,normal,3433,0,1782358830.3801558,0.0020613670349121094
39806,normal,3578,0,1782358830.3819811,0.0018253326416015625
39807,normal,378,0,1782358830.3841197,0.0021386146545410156
39808,normal,264,0,1782358830.3861387,0.0020189285278320312
39809,normal,56,0,1782358830.387982,0.0018432140350341797
39810,normal,1167,0,1782358830.390157,0.0021750926971435547
39811,normal,28,0,1782358830.3920808,0.0019237995147705078
39812,normal,212,0,1782358830.393981,0.0019001960754394531
39813,normal,2752,0,1782358830.3961577,0.0021767616271972656
39814,normal,3580,0,1782358830.3980756,0.0019178390502929688
39815,normal,2487,0,1782358830.3999884,0.001912832260131836
39816,normal,1555,0,1782358830.4021575,0.0021691322326660156
39817,normal,1523,0,1782358830.4040737,0.0019161701202392578
39818,normal,2934,0,1782358830.4059849,0.001911163330078125
39819,normal,2911,0,1782358830.4081564,0.0021715164184570312
39820,normal,234,0,1782358830.4100804,0.0019240379333496094
39821,normal,97,0,1782358830.411981,0.0019006729125976562
39822,normal,1003,2,1782358830.414167,0.002185821533203125
39823,normal,439,0,1782358830.416067,0.0018999576568603516
39824,normal,2502,0,1782358830.4180167,0.0019497871398925781
39825,normal,2115,0,1782358830.420188,0.0021712779998779297
39826,normal,1775,0,1782358830.4220774,0.0018894672393798828
39827,normal,322,0,1782358830.4239817,0.0019042491912841797
39828,normal,397,0,1782358830.426134,0.0021524429321289062
39829,normal,2233,0,1782358830.4281533,0.002019166946411133
39830,normal,806,2,1782358830.429981,0.0018277168273925781
39831,normal,2877,0,1782358830.4320757,0.002094745635986328
39832,normal,2864,0,1782358830.4341483,0.002072572708129883
39833,normal,979,2,1782358830.4359818,0.0018334388732910156
39834,normal,3046,1,1782358830.4380937,0.0021119117736816406
39835,normal,1907,0,1782358830.4401436,0.0020499229431152344
39836,normal,1894,0,1782358830.4419808,0.0018372535705566406
39837,normal,1726,0,1782358830.4440868,0.0021059513092041016
39838,normal,1828,0,1782358830.4461522,0.002065420150756836
39839,normal,2518,0,1782358830.4479775,0.0018253326416015625
39840,normal,1202,0,1782358830.449946,0.0019683837890625
39841,normal,1169,0,1782358830.4520614,0.002115488052368164
39842,normal,3022,0,1782358830.4539337,0.0018723011016845703
39843,normal,1299,0,1782358830.4561236,0.0021898746490478516
39844,normal,1868,0,1782358830.458148,0.002024412155151367
39845,normal,659,0,1782358830.4599817,0.0018336772918701172
39846,normal,3067,1,1782358830.4620929,0.002111196517944336
39847,normal,3452,0,1782358830.464145,0.0020520687103271484
39848,normal,952,2,1782358830.4659815,0.001836538314819336
39849,normal,3415,0,1782358830.4680712,0.0020897388458251953
39850,normal,1583,0,1782358830.4701483,0.0020771026611328125
39851,normal,2152,0,1782358830.4719806,0.0018322467803955078
39852,normal,3373,1,1782358830.4741292,0.0021486282348632812
39853,normal,2879,0,1782358830.476126,0.001996755599975586
39854,normal,697,0,1782358830.477988,0.0018620491027832031
39855,normal,3561,0,1782358830.4800863,0.0020983219146728516
39856,normal,541,0,1782358830.4821453,0.0020589828491210938
39857,normal,3212,1,1782358830.483981,0.0018355846405029297
39858,normal,2270,0,1782358830.486148,0.002167224884033203
39859,normal,459,0,1782358830.4881506,0.0020024776458740234
39860,normal,850,2,1782358830.489981,0.0018303394317626953
39861,normal,1441,0,1782358830.4921417,0.002160787582397461
39862,normal,2216,0,1782358830.4941435,0.0020017623901367188
39863,normal,3488,0,1782358830.495982,0.0018384456634521484
39864,normal,1266,0,1782358830.4981382,0.0021562576293945312
39865,normal,3688,0,1782358830.5001888,0.002050638198852539
39866,normal,479,0,1782358830.5019865,0.0017976760864257812
39867,normal,2095,0,1782358830.5041053,0.002118825912475586
39868,normal,2330,0,1782358830.5061703,0.002064943313598633
39869,normal,1625,0,1782358830.5079813,0.0018110275268554688
39870,normal,3479,0,1782358830.510147,0.0021657943725585938
39871,normal,2609,0,1782358830.5121472,0.002000093460083008
39872,normal,973,2,1782358830.5139837,0.001836538314819336
39873,normal,741,0,1782358830.5161602,0.002176523208618164
39874,normal,178,0,1782358830.518077,0.001916646957397461
39875,normal,1188,0,1782358830.5199802,0.0019032955169677734
39876,normal,216,0,1782358830.522148,0.0021677017211914062
39877,normal,1995,0,1782358830.5241475,0.0019996166229248047
39878,normal,25,0,1782358830.5259802,0.001832723617553711
39879,normal,3594,0,1782358830.5281506,0.0021703243255615234
39880,normal,1073,0,1782358830.530078,0.0019273757934570312
39881,normal,2564,0,1782358830.5319824,0.0019044876098632812
39882,normal,214,0,1782358830.534143,0.0021605491638183594
39883,normal,1138,0,1782358830.5360696,0.0019266605377197266
39884,normal,2800,0,1782358830.5379815,0.0019118785858154297
39885,normal,3152,1,1782358830.5401547,0.002173185348510742
39886,normal,3430,0,1782358830.542114,0.0019593238830566406
39887,normal,3701,0,1782358830.5439808,0.0018668174743652344
39888,normal,3157,1,1782358830.546158,0.0021772384643554688
39889,normal,3192,1,1782358830.5481062,0.0019481182098388672
39890,normal,2455,0,1782358830.5499756,0.0018694400787353516
39891,normal,554,0,1782358830.552122,0.002146482467651367
39892,normal,353,0,1782358830.5541465,0.002024412155151367
39893,normal,2967,0,1782358830.555988,0.0018415451049804688
39894,normal,2771,0,1782358830.5582051,0.0022170543670654297
39895,normal,616,0,1782358830.5600796,0.0018744468688964844
39896,normal,3389,1,1782358830.5619814,0.001901865005493164
39897,normal,857,2,1782358830.5641644,0.0021829605102539062
39898,normal,2844,0,1782358830.5660791,0.0019147396087646484
39899,normal,3196,1,1782358830.5679812,0.0019021034240722656
39900,normal,329,0,1782358830.5701265,0.0021452903747558594
39901,normal,3624,0,1782358830.5721953,0.002068758010864258
39902,normal,3481,0,1782358830.573979,0.001783609390258789
39903,normal,3296,1,1782358830.5761287,0.002149820327758789
39904,normal,3140,1,1782358830.5781484,0.002019643783569336
39905,normal,1506,0,1782358830.5799797,0.0018312931060791016
39906,normal,1964,0,1782358830.5821314,0.0021517276763916016
39907,normal,3269,1,1782358830.584078,0.0019466876983642578
39908,normal,3704,0,1782358830.5859814,0.0019032955169677734
39909,normal,141,0,1782358830.588142,0.0021605491638183594
39910,normal,3543,0,1782358830.590078,0.001936197280883789
39911,normal,2217,0,1782358830.591982,0.0019037723541259766
39912,normal,683,0,1782358830.5941424,0.0021605491638183594
39913,normal,593,0,1782358830.5960777,0.0019352436065673828
39914,normal,706,0,1782358830.5979826,0.0019049644470214844
39915,normal,3595,0,1782358830.6001291,0.002146482467651367
39916,normal,1751,0,1782358830.602083,0.0019538402557373047
39917,normal,923,2,1782358830.6039824,0.0018994808197021484
39918,normal,2995,0,1782358830.6061249,0.0021424293518066406
39919,normal,3700,0,1782358830.608066,0.0019412040710449219
39920,normal,1463,0,1782358830.609984,0.0019178390502929688
39921,normal,3132,1,1782358830.6121285,0.0021445751190185547
39922,normal,2171,0,1782358830.6140795,0.001950979232788086
39923,normal,3114,1,1782358830.6159818,0.0019023418426513672
39924,normal,53,0,1782358830.618133,0.0021512508392333984
39925,normal,785,2,1782358830.6200676,0.0019345283508300781
39926,normal,1797,0,1782358830.6219819,0.0019142627716064453
39927,normal,1789,0,1782358830.6241758,0.002193927764892578
39928,normal,2072,0,1782358830.626082,0.0019061565399169922
39929,normal,1427,0,1782358830.6279795,0.001897573471069336
39930,normal,364,0,1782358830.6301398,0.002160310745239258
39931,normal,2274,0,1782358830.6320736,0.0019338130950927734
39932,normal,768,0,1782358830.6339865,0.001912832260131836
39933,normal,2714,0,1782358830.6361654,0.0021789073944091797
39934,normal,627,0,1782358830.638072,0.0019066333770751953
39935,normal,863,2,1782358830.6399798,0.0019078254699707031
39936,normal,135,0,1782358830.642138,0.0021581649780273438
39937,normal,2815,0,1782358830.644064,0.0019259452819824219
39938,normal,89,0,1782358830.6459816,0.0019176006317138672
39939,normal,921,2,1782358830.6480691,0.0020875930786132812
39940,normal,942,2,1782358830.650137,0.0020678043365478516
39941,normal,2935,0,1782358830.651983,0.0018460750579833984
39942,normal,3499,0,1782358830.6541348,0.0021517276763916016
39943,normal,954,2,1782358830.6560745,0.0019397735595703125
39944,normal,2268,0,1782358830.657982,0.0019075870513916016
39945,normal,2742,0,1782358830.660138,0.002155780792236328
39946,normal,1438,0,1782358830.6620715,0.0019335746765136719
39947,normal,1095,0,1782358830.6639829,0.0019114017486572266
39948,normal,2907,0,1782358830.6660674,0.002084493637084961
39949,normal,1887,0,1782358830.6681378,0.0020704269409179688
39950,normal,3306,1,1782358830.6699805,0.0018427371978759766
39951,normal,708,0,1782358830.672074,0.0020935535430908203
39952,normal,2718,0,1782358830.6741438,0.002069711685180664
39953,normal,2275,0,1782358830.6759806,0.0018367767333984375
39954,normal,1120,0,1782358830.6780756,0.0020949840545654297
39955,normal,2363,0,1782358830.6801424,0.0020668506622314453
39956,normal,3153,1,1782358830.6819806,0.0018382072448730469
39957,normal,2971,0,1782358830.6840823,0.0021016597747802734
39958,normal,2719,0,1782358830.6861417,0.002059459686279297
39959,normal,718,0,1782358830.6879807,0.0018389225006103516
39960,normal,1541,0,1782358830.6900811,0.0021004676818847656
39961,normal,3448,0,1782358830.6921504,0.002069234848022461
39962,normal,1455,0,1782358830.6939943,0.0018439292907714844
39963,normal,762,0,1782358830.6960857,0.0020914077758789062
39964,normal,123,0,1782358830.6981475,0.0020618438720703125
39965,normal,1275,0,1782358830.6999805,0.0018329620361328125
39966,normal,560,0,1782358830.7019935,0.002012968063354492
39967,normal,2001,0,1782358830.704116,0.002122640609741211
39968,normal,238,0,1782358830.7059798,0.001863718032836914
39969,normal,2822,0,1782358830.7080898,0.002110004425048828
39970,normal,1565,0,1782358830.7101398,0.0020499229431152344
39971,normal,3687,0,1782358830.7119865,0.0018467903137207031
39972,normal,2819,0,1782358830.7140946,0.0021080970764160156
39973,normal,474,0,1782358830.71614,0.0020453929901123047
39974,normal,1525,0,1782358830.7179828,0.0018427371978759766
39975,normal,300,0,1782358830.7200942,0.0021114349365234375
39976,normal,363,0,1782358830.7221396,0.0020453929901123047
39977,normal,639,0,1782358830.7239797,0.0018401145935058594
39978,normal,1554,0,1782358830.7261412,0.0021615028381347656
39979,normal,2465,0,1782358830.7281415,0.0020003318786621094
39980,normal,1548,0,1782358830.729984,0.001842498779296875
39981,normal,2658,0,1782358830.732137,0.0021529197692871094
39982,normal,1578,0,1782358830.7341413,0.002004384994506836
39983,normal,1342,1,1782358830.7359807,0.0018393993377685547
39984,normal,3402,0,1782358830.7381358,0.0021550655364990234
39985,normal,2223,0,1782358830.7401502,0.0020143985748291016
39986,normal,2194,0,1782358830.741981,0.0018308162689208984
39987,normal,1179,0,1782358830.7440941,0.0021131038665771484
39988,normal,609,0,1782358830.746074,0.001979827880859375
39989,normal,1002,2,1782358830.7479799,0.0019059181213378906
39990,normal,3350,1,1782358830.750068,0.0020880699157714844
39991,normal,515,0,1782358830.7521474,0.002079486846923828
39992,normal,288,0,1782358830.7539825,0.0018351078033447266
39993,normal,3598,0,1782358830.756126,0.002143383026123047
39994,normal,3266,1,1782358830.7581503,0.002024412155151367
39995,normal,2039,0,1782358830.759979,0.0018286705017089844
39996,normal,2507,0,1782358830.7621498,0.0021708011627197266
39997,normal,2263,0,1782358830.7641537,0.002003908157348633
39998,normal,2853,0,1782358830.7659755,0.001821756362915039
39999,normal,959,2,1782358830.768168,0.0021924972534179688
40000,normal,2033,0,1782358830.7701576,0.001989603042602539
40001,normal,3449,0,1782358830.7719822,0.0018246173858642578
40002,normal,595,0,1782358830.7741563,0.0021741390228271484
40003,normal,2407,0,1782358830.7761412,0.001984834671020508
40004,normal,2886,0,1782358830.7779849,0.0018436908721923828
40005,normal,2322,0,1782358830.7801604,0.002175569534301758
40006,normal,922,2,1782358830.782187,0.0020265579223632812
40007,normal,1904,0,1782358830.7839835,0.0017964839935302734
40008,normal,858,2,1782358830.7861338,0.002150297164916992
40009,normal,3611,0,1782358830.78807,0.001936197280883789
40010,normal,2831,0,1782358830.7899876,0.0019176006317138672
40011,normal,2448,0,1782358830.792128,0.002140522003173828
40012,normal,1235,0,1782358830.7941372,0.002009153366088867
40013,normal,1453,0,1782358830.7959826,0.0018453598022460938
40014,normal,637,0,1782358830.7981303,0.002147674560546875
40015,normal,3327,1,1782358830.800083,0.0019526481628417969
40016,normal,1785,0,1782358830.8019838,0.0019009113311767578
40017,normal,1855,0,1782358830.8041384,0.0021545886993408203
40018,normal,3244,1,1782358830.8060758,0.0019373893737792969
40019,normal,1800,0,1782358830.8079817,0.0019059181213378906
40020,normal,1265,0,1782358830.8101144,0.0021326541900634766
40021,normal,2987,0,1782358830.8121521,0.0020377635955810547
40022,normal,3085,1,1782358830.8139834,0.0018312931060791016
40023,normal,556,0,1782358830.8161411,0.0021576881408691406
40024,normal,2399,0,1782358830.8181794,0.002038240432739258
40025,normal,2496,0,1782358830.8200104,0.0018310546875
40026,normal,669,0,1782358830.8222096,0.0021991729736328125
40027,normal,481,0,1782358830.8241465,0.0019369125366210938
40028,normal,1209,0,1782358830.8260074,0.0018608570098876953
40029,normal,3636,0,1782358830.8282135,0.002206087112426758
40030,normal,1229,0,1782358830.830147,0.0019335746765136719
40031,normal,3223,1,1782358830.832008,0.0018608570098876953
40032,normal,3015,0,1782358830.8342044,0.0021965503692626953
40033,normal,2136,0,1782358830.8361413,0.0019369125366210938
40034,normal,2607,0,1782358830.8380055,0.0018641948699951172
40035,normal,2466,0,1782358830.840213,0.002207517623901367
40036,normal,3375,1,1782358830.842157,0.001943826675415039
40037,normal,140,0,1782358830.8440533,0.0018963813781738281
40038,normal,1028,2,1782358830.8462062,0.0021529197692871094
40039,normal,2963,0,1782358830.8481472,0.0019409656524658203
40040,normal,2517,0,1782358830.8500044,0.0018572807312011719
40041,normal,204,0,1782358830.8522084,0.0022039413452148438
40042,normal,2470,0,1782358830.8541665,0.001958131790161133
40043,normal,2083,0,1782358830.8560088,0.0018422603607177734
40044,normal,2138,0,1782358830.858203,0.0021941661834716797
40045,normal,1504,0,1782358830.8601549,0.0019519329071044922
40046,normal,3307,1,1782358830.8620093,0.0018544197082519531
40047,normal,2634,0,1782358830.864147,0.0021376609802246094
40048,normal,1191,0,1782358830.8662238,0.002076864242553711
40049,normal,1445,0,1782358830.8682253,0.002001523971557617
40050,normal,2209,0,1782358830.8702493,0.002023935317993164
40051,normal,649,0,1782358830.8723915,0.002142190933227539
40052,normal,1320,1,1782358830.874032,0.0016405582427978516
40053,normal,1795,0,1782358830.8763788,0.0023467540740966797
40054,normal,571,0,1782358830.8781786,0.0017998218536376953
40055,normal,1688,0,1782358830.8802145,0.002035856246948242
40056,normal,2024,0,1782358830.882248,0.0020334720611572266
40057,normal,3475,0,1782358830.8843277,0.0020797252655029297
40058,normal,3228,1,1782358830.8860323,0.0017046928405761719
40059,normal,2962,0,1782358830.8883848,0.002352476119995117
40060,normal,2892,0,1782358830.8901794,0.001794576644897461
40061,normal,2262,0,1782358830.8922832,0.0021038055419921875
40062,normal,2244,0,1782358830.8942409,0.0019576549530029297
40063,normal,1343,1,1782358830.8963883,0.0021474361419677734
40064,normal,3464,0,1782358830.89804,0.001651763916015625
40065,normal,813,2,1782358830.9004052,0.0023651123046875
40066,normal,804,2,1782358830.902078,0.0016727447509765625
40067,normal,1999,0,1782358830.9043314,0.0022535324096679688
40068,normal,2655,0,1782358830.906108,0.0017764568328857422
40069,normal,2511,0,1782358830.9082289,0.0021209716796875
40070,normal,2880,0,1782358830.9100378,0.0018088817596435547
40071,normal,615,0,1782358830.9123256,0.0022878646850585938
40072,normal,3371,1,1782358830.9141731,0.0018475055694580078
40073,normal,304,0,1782358830.9162056,0.0020325183868408203
40074,normal,2930,0,1782358830.9181736,0.001967906951904297
40075,normal,1448,0,1782358830.9203324,0.0021588802337646484
40076,normal,3547,0,1782358830.9222808,0.0019483566284179688
40077,normal,1168,0,1782358830.9240506,0.0017697811126708984
40078,normal,360,0,1782358830.9260352,0.0019845962524414062
40079,normal,626,0,1782358830.9282367,0.002201557159423828
40080,normal,2167,0,1782358830.9300404,0.0018036365509033203
40081,normal,3239,1,1782358830.9323456,0.002305269241333008
40082,normal,681,0,1782358830.9340389,0.0016932487487792969
40083,normal,641,0,1782358830.9363267,0.0022878646850585938
40084,normal,2085,0,1782358830.9381654,0.00183868408203125
40085,normal,2061,0,1782358830.9403312,0.0021657943725585938
40086,normal,601,0,1782358830.9423282,0.0019969940185546875
40087,normal,2636,0,1782358830.9441671,0.0018389225006103516
40088,normal,777,2,1782358830.9462206,0.002053499221801758
40089,normal,1035,0,1782358830.9481993,0.001978635787963867
40090,normal,2789,0,1782358830.9503174,0.0021181106567382812
40091,normal,2350,0,1782358830.9520307,0.0017132759094238281
40092,normal,1469,0,1782358830.9543383,0.0023076534271240234
40093,normal,3416,0,1782358830.9561763,0.0018379688262939453
40094,normal,3708,0,1782358830.9582198,0.002043485641479492
40095,normal,1292,0,1782358830.9601922,0.0019724369049072266
40096,normal,1492,0,1782358830.962355,0.0021626949310302734
40097,normal,1998,0,1782358830.9651728,0.002817869186401367
40098,normal,1062,0,1782358830.9661603,0.0009875297546386719
40099,normal,2191,0,1782358830.9681783,0.002017974853515625
40100,normal,3667,0,1782358830.9700341,0.0018558502197265625
40101,normal,1246,0,1782358830.9722,0.0021657943725585938
40102,normal,2757,0,1782358830.9740875,0.0018875598907470703
40103,normal,3071,1,1782358830.9761732,0.0020856857299804688
40104,normal,3664,0,1782358830.9780588,0.0018856525421142578
40105,normal,3604,0,1782358830.9803567,0.0022978782653808594
40106,normal,3049,1,1782358830.9820368,0.001680135726928711
40107,normal,997,2,1782358830.9842162,0.002179384231567383
40108,normal,2368,0,1782358830.986055,0.00183868408203125
40109,normal,1658,0,1782358830.9881728,0.0021178722381591797
40110,normal,1010,2,1782358830.9900622,0.0018894672393798828
40111,normal,3181,1,1782358830.9923604,0.002298116683959961
40112,normal,11,0,1782358830.9939852,0.0016248226165771484
40113,normal,332,0,1782358830.996219,0.002233743667602539
40114,normal,205,0,1782358830.9981766,0.0019576549530029297
40115,normal,2653,0,1782358830.9999876,0.0018110275268554688
40116,normal,1695,0,1782358831.0022085,0.0022208690643310547
40117,normal,2768,0,1782358831.00412,0.0019116401672363281
40118,normal,936,2,1782358831.0059907,0.0018706321716308594
40119,normal,3104,1,1782358831.0081513,0.0021605491638183594
40120,normal,1440,0,1782358831.0102284,0.0020771026611328125
40121,normal,2419,0,1782358831.0119848,0.001756429672241211
40122,normal,1086,0,1782358831.0141597,0.002174854278564453
40123,normal,2219,0,1782358831.016141,0.0019812583923339844
40124,normal,1543,0,1782358831.0179803,0.0018393993377685547
40125,normal,1936,0,1782358831.0201564,0.002176046371459961
40126,normal,1230,0,1782358831.022159,0.002002716064453125
40127,normal,3187,1,1782358831.023986,0.0018270015716552734
40128,normal,2297,0,1782358831.0261595,0.0021734237670898438
40129,normal,2128,0,1782358831.0281398,0.001980304718017578
40130,normal,2698,0,1782358831.0299792,0.0018393993377685547
40131,normal,3299,1,1782358831.0321217,0.0021424293518066406
40132,normal,182,0,1782358831.0341375,0.002015829086303711
40133,normal,301,0,1782358831.035979,0.0018415451049804688
40134,normal,2512,0,1782358831.0381243,0.0021452903747558594
40135,normal,3115,1,1782358831.040189,0.0020647048950195312
40136,normal,3319,1,1782358831.041978,0.0017888545989990234
40137,normal,2882,0,1782358831.0441287,0.0021507740020751953
40138,normal,3378,1,1782358831.0461886,0.0020599365234375
40139,normal,2520,0,1782358831.0479772,0.0017886161804199219
40140,normal,783,2,1782358831.0501575,0.002180337905883789
40141,normal,2929,0,1782358831.0520084,0.0018508434295654297
40142,normal,819,2,1782358831.0539744,0.0019659996032714844
40143,normal,902,2,1782358831.056134,0.002159595489501953
40144,normal,1928,0,1782358831.0580657,0.0019316673278808594
40145,normal,3320,1,1782358831.0599816,0.0019159317016601562
40146,normal,2553,0,1782358831.0621476,0.0021660327911376953
40147,normal,2175,0,1782358831.0642,0.00205230712890625
40148,normal,2915,0,1782358831.0659766,0.0017766952514648438
40149,normal,1610,0,1782358831.068136,0.0021593570709228516
40150,normal,3316,1,1782358831.0700696,0.0019335746765136719
40151,normal,1116,0,1782358831.0719798,0.0019102096557617188
40152,normal,794,2,1782358831.0741444,0.002164602279663086
40153,normal,821,2,1782358831.0760677,0.0019233226776123047
40154,normal,1691,0,1782358831.0779793,0.0019116401672363281
40155,normal,1922,0,1782358831.080141,0.002161741256713867
40156,normal,3197,1,1782358831.0821326,0.0019915103912353516
40157,normal,3693,0,1782358831.0839815,0.0018489360809326172
40158,normal,294,0,1782358831.0861435,0.0021619796752929688
40159,normal,1768,0,1782358831.088136,0.001992464065551758
40160,normal,2668,0,1782358831.0899787,0.0018427371978759766
40161,normal,1015,2,1782358831.0921412,0.002162456512451172
40162,normal,152,0,1782358831.0940685,0.0019273757934570312
40163,normal,2066,0,1782358831.0960057,0.0019371509552001953
40164,normal,2624,0,1782358831.0981426,0.0021369457244873047
40165,normal,1935,0,1782358831.1001163,0.0019736289978027344
40166,normal,2053,0,1782358831.1019847,0.0018684864044189453
40167,normal,958,2,1782358831.1041467,0.0021619796752929688
40168,normal,538,0,1782358831.1061773,0.002030611038208008
40169,normal,1879,0,1782358831.1080084,0.0018310546875
40170,normal,1569,0,1782358831.1101391,0.002130746841430664
40171,normal,2861,0,1782358831.1122181,0.002079010009765625
40172,normal,118,0,1782358831.1142068,0.001988649368286133
40173,normal,3407,0,1782358831.116378,0.0021712779998779297
40174,normal,2347,0,1782358831.1181738,0.0017957687377929688
40175,normal,2234,0,1782358831.1202128,0.0020389556884765625
40176,normal,2121,0,1782358831.1222467,0.0020339488983154297
40177,normal,3278,1,1782358831.124331,0.0020842552185058594
40178,normal,3029,0,1782358831.1260333,0.0017023086547851562
40179,normal,1779,0,1782358831.128384,0.0023508071899414062
40180,normal,1459,0,1782358831.1301765,0.0017924308776855469
40181,normal,1018,2,1782358831.1322129,0.0020363330841064453
40182,normal,289,0,1782358831.1341796,0.001966714859008789
40183,normal,1522,0,1782358831.1363125,0.002132892608642578
40184,normal,3387,1,1782358831.1380324,0.0017199516296386719
40185,normal,3259,1,1782358831.1403909,0.0023584365844726562
40186,normal,162,0,1782358831.142172,0.0017812252044677734
40187,normal,2790,0,1782358831.1442094,0.0020372867584228516
40188,normal,961,2,1782358831.1461642,0.001954793930053711
40189,normal,2473,0,1782358831.1483219,0.0021576881408691406
40190,normal,1036,0,1782358831.1500297,0.0017077922821044922
40191,normal,3202,1,1782358831.1523159,0.002286195755004883
40192,normal,508,0,1782358831.1541774,0.001861572265625
40193,normal,344,0,1782358831.15621,0.0020325183868408203
40194,normal,1051,0,1782358831.158171,0.0019609928131103516
40195,normal,2013,0,1782358831.160248,0.0020771026611328125
40196,normal,3476,0,1782358831.1621969,0.0019488334655761719
40197,normal,2117,0,1782358831.1640375,0.0018405914306640625
40198,normal,2989,0,1782358831.1663268,0.002289295196533203
40199,normal,2524,0,1782358831.1680348,0.0017080307006835938
40200,normal,1972,0,1782358831.170326,0.0022912025451660156
40201,normal,736,0,1782358831.172061,0.0017349720001220703
40202,normal,2949,0,1782358831.1741805,0.0021195411682128906
40203,normal,713,0,1782358831.1760406,0.0018601417541503906
40204,normal,1994,0,1782358831.1783206,0.002279996871948242
40205,normal,1200,0,1782358831.1800394,0.001718759536743164
40206,normal,3220,1,1782358831.182325,0.002285480499267578
40207,normal,1577,0,1782358831.1840587,0.0017337799072265625
40208,normal,1144,0,1782358831.1863427,0.0022840499877929688
40209,normal,3556,0,1782358831.188045,0.0017023086547851562
40210,normal,2056,0,1782358831.190359,0.0023140907287597656
40211,normal,2793,0,1782358831.192029,0.0016698837280273438
40212,normal,2598,0,1782358831.194342,0.002312898635864258
40213,normal,1849,0,1782358831.1961792,0.0018372535705566406
40214,normal,559,0,1782358831.1980295,0.0018503665924072266
40215,normal,512,0,1782358831.200338,0.002308368682861328
40216,normal,670,0,1782358831.2021887,0.0018508434295654297
40217,normal,2392,0,1782358831.204029,0.001840353012084961
40218,normal,1944,0,1782358831.2063391,0.002310037612915039
40219,normal,1187,0,1782358831.208169,0.0018298625946044922
40220,normal,3128,1,1782358831.2102137,0.002044677734375
40221,normal,260,0,1782358831.2122028,0.001989126205444336
40222,normal,2276,0,1782358831.2143173,0.002114534378051758
40223,normal,2471,0,1782358831.2160292,0.0017118453979492188
40224,normal,61,0,1782358831.2183614,0.0023322105407714844
40225,normal,1178,0,1782358831.2201695,0.00180816650390625
40226,normal,1851,0,1782358831.2222052,0.0020356178283691406
40227,normal,2854,0,1782358831.224201,0.0019958019256591797
40228,normal,371,0,1782358831.2263336,0.0021326541900634766
40229,normal,425,0,1782358831.228027,0.0016934871673583984
40230,normal,2578,0,1782358831.2303512,0.0023241043090820312
40231,normal,2317,0,1782358831.2321708,0.001819610595703125
40232,normal,2956,0,1782358831.2342157,0.0020449161529541016
40233,normal,970,2,1782358831.2362185,0.002002716064453125
40234,normal,236,0,1782358831.238353,0.002134561538696289
40235,normal,1348,1,1782358831.2400348,0.0016818046569824219
40236,normal,875,2,1782358831.2423544,0.0023195743560791016
40237,normal,1971,0,1782358831.2441754,0.0018210411071777344
40238,normal,910,2,1782358831.2462204,0.0020449161529541016
40239,normal,1280,0,1782358831.248205,0.0019845962524414062
40240,normal,1501,0,1782358831.2502344,0.0020294189453125
40241,normal,484,0,1782358831.2523847,0.002150297164916992
40242,normal,606,0,1782358831.2542188,0.0018341541290283203
40243,normal,2596,0,1782358831.2563176,0.0020987987518310547
40244,normal,3081,1,1782358831.258112,0.0017943382263183594
40245,normal,3198,1,1782358831.2603617,0.0022497177124023438
40246,normal,3310,1,1782358831.2622359,0.0018742084503173828
40247,normal,564,0,1782358831.264188,0.0019521713256835938
40248,normal,1639,0,1782358831.266085,0.0018968582153320312
40249,normal,1233,0,1782358831.2684138,0.0023288726806640625
40250,normal,1067,0,1782358831.2700284,0.0016145706176757812
40251,normal,3190,1,1782358831.272376,0.002347707748413086
40252,normal,2728,0,1782358831.274048,0.0016720294952392578
40253,normal,2239,0,1782358831.2763314,0.002283334732055664
40254,normal,1493,0,1782358831.2780821,0.0017507076263427734
40255,normal,1489,0,1782358831.2803278,0.002245664596557617
40256,normal,2080,0,1782358831.2820385,0.001710653305053711
40257,normal,383,0,1782358831.2843812,0.002342700958251953
40258,normal,3256,1,1782358831.286183,0.0018019676208496094
40259,normal,2304,0,1782358831.2882216,0.0020384788513183594
40260,normal,1905,0,1782358831.2902415,0.0020198822021484375
40261,normal,122,0,1782358831.29233,0.0020885467529296875
40262,normal,3064,1,1782358831.2940528,0.0017228126525878906
40263,normal,535,0,1782358831.296384,0.002331256866455078
40264,normal,3670,0,1782358831.2981977,0.001813650131225586
40265,normal,716,0,1782358831.3003757,0.0021779537200927734
40266,normal,2764,0,1782358831.3022473,0.0018715858459472656
40267,normal,2292,0,1782358831.3040814,0.0018341541290283203
40268,normal,190,0,1782358831.3061893,0.002107858657836914
40269,normal,1481,0,1782358831.3081074,0.0019180774688720703
40270,normal,398,0,1782358831.3103647,0.0022573471069335938
40271,normal,3677,0,1782358831.3120382,0.0016734600067138672
40272,normal,2464,0,1782358831.314254,0.002215862274169922
40273,normal,2733,0,1782358831.3161864,0.001932382583618164
40274,normal,1305,0,1782358831.31804,0.0018534660339355469
40275,normal,1245,0,1782358831.3205647,0.002524852752685547
40276,normal,2865,0,1782358831.322107,0.0015423297882080078
40277,normal,1133,0,1782358831.3242307,0.002123594284057617
40278,normal,3428,0,1782358831.326114,0.0018832683563232422
40279,normal,2353,0,1782358831.3284233,0.0023093223571777344
40280,normal,542,0,1782358831.3300393,0.0016160011291503906
40281,normal,3089,1,1782358831.332268,0.0022287368774414062
40282,normal,169,0,1782358831.3341982,0.00193023681640625
40283,normal,2633,0,1782358831.336047,0.0018486976623535156
40284,normal,1833,0,1782358831.3382666,0.002219676971435547
40285,normal,520,0,1782358831.340135,0.0018684864044189453
40286,normal,2737,0,1782358831.3419933,0.0018582344055175781
40287,normal,3511,0,1782358831.3441608,0.0021674633026123047
40288,normal,3003,0,1782358831.3460798,0.0019190311431884766
40289,normal,3076,1,1782358831.3479831,0.0019032955169677734
40290,normal,293,0,1782358831.3501806,0.0021975040435791016
40291,normal,158,0,1782358831.3522224,0.0020418167114257812
40292,normal,2937,0,1782358831.3540409,0.0018184185028076172
40293,normal,2948,0,1782358831.3564,0.002359151840209961
40294,normal,321,0,1782358831.3581805,0.0017805099487304688
40295,normal,2127,0,1782358831.3602498,0.002069234848022461
40296,normal,3216,1,1782358831.3622508,0.002001047134399414
40297,normal,2277,0,1782358831.3644326,0.0021817684173583984
40298,normal,1899,0,1782358831.366037,0.001604318618774414
40299,normal,734,0,1782358831.36841,0.002373218536376953
40300,normal,1942,0,1782358831.370192,0.0017819404602050781
40301,normal,2439,0,1782358831.3722293,0.0020372867584228516
40302,normal,3628,0,1782358831.3741853,0.0019559860229492188
40303,normal,3282,1,1782358831.3762574,0.0020720958709716797
40304,normal,1104,0,1782358831.378239,0.001981496810913086
40305,normal,3165,1,1782358831.3801265,0.0018875598907470703
40306,normal,1103,0,1782358831.3823416,0.002215147018432617
40307,normal,2945,0,1782358831.3840375,0.001695871353149414
40308,normal,3589,0,1782358831.3863916,0.002354145050048828
40309,normal,584,0,1782358831.3881788,0.0017871856689453125
40310,normal,558,0,1782358831.3902173,0.0020384788513183594
40311,normal,3675,0,1782358831.3922098,0.001992464065551758
40312,normal,3623,0,1782358831.3943424,0.0021326541900634766
40313,normal,213,0,1782358831.396035,0.0016925334930419922
40314,normal,3058,1,1782358831.3981764,0.0021414756774902344
40315,normal,1926,0,1782358831.40036,0.002183675765991211
40316,normal,2472,0,1782358831.4020364,0.001676321029663086
40317,normal,943,2,1782358831.4043822,0.0023458003997802734
40318,normal,581,0,1782358831.4061866,0.001804351806640625
40319,normal,273,0,1782358831.4082277,0.0020411014556884766
40320,normal,656,0,1782358831.4101832,0.0019555091857910156
40321,normal,861,2,1782358831.4123333,0.0021500587463378906
40322,normal,313,0,1782358831.41405,0.0017168521881103516
40323,normal,3565,0,1782358831.4163327,0.0022826194763183594
40324,normal,1650,0,1782358831.418198,0.001865386962890625
40325,normal,956,2,1782358831.4200368,0.00183868408203125
40326,normal,241,0,1782358831.4223487,0.0023119449615478516
40327,normal,774,2,1782358831.4242032,0.0018544197082519531
40328,normal,2608,0,1782358831.426228,0.0020248889923095703
40329,normal,1055,0,1782358831.4285784,0.002350330352783203
40330,normal,3304,1,1782358831.4301944,0.0016160011291503906
40331,normal,632,0,1782358831.4334528,0.0032584667205810547
40332,normal,3086,1,1782358831.4340427,0.0005898475646972656
40333,normal,1518,0,1782358831.4363,0.0022573471069335938
40334,normal,3235,1,1782358831.4389346,0.0026345252990722656
40335,normal,1185,0,1782358831.4408562,0.0019216537475585938
40336,normal,1752,0,1782358831.4432812,0.002424955368041992
40337,normal,3684,0,1782358831.4448667,0.0015854835510253906
40338,normal,1447,0,1782358831.447028,0.002161264419555664
40339,normal,3123,1,1782358831.4486446,0.0016167163848876953
40340,normal,1602,0,1782358831.4502702,0.0016255378723144531
40341,normal,2955,0,1782358831.4525084,0.0022382736206054688
40342,normal,2028,0,1782358831.4553106,0.002802133560180664
40343,normal,1324,1,1782358831.456107,0.0007963180541992188
40344,normal,2443,0,1782358831.4583495,0.002242565155029297
40345,normal,3034,0,1782358831.4600165,0.001667022705078125
40346,normal,918,2,1782358831.4620194,0.0020029544830322266
40347,normal,3176,1,1782358831.4641502,0.002130746841430664
40348,normal,2227,0,1782358831.4661117,0.0019614696502685547
40349,normal,2863,0,1782358831.4679031,0.0017914772033691406
40350,normal,1966,0,1782358831.4699943,0.0020911693572998047
40351,normal,751,0,1782358831.4720092,0.0020148754119873047
40352,normal,1604,0,1782358831.4740334,0.0020241737365722656
40353,normal,886,2,1782358831.4760082,0.001974821090698242
40354,normal,3531,0,1782358831.4780467,0.0020384788513183594
40355,normal,1224,0,1782358831.4801106,0.0020639896392822266
40356,normal,883,2,1782358831.4819622,0.0018515586853027344
40357,normal,2108,0,1782358831.4839857,0.002023458480834961
40358,normal,1119,0,1782358831.4860058,0.002020120620727539
40359,normal,2605,0,1782358831.4880292,0.002023458480834961
40360,normal,2685,0,1782358831.4899888,0.001959562301635742
40361,normal,3248,1,1782358831.4919944,0.0020055770874023438
40362,normal,3222,1,1782358831.494123,0.00212860107421875
40363,normal,2871,0,1782358831.4963124,0.0021893978118896484
40364,normal,948,2,1782358831.4981945,0.0018820762634277344
40365,normal,3680,0,1782358831.5000877,0.0018932819366455078
40366,normal,1508,0,1782358831.5022075,0.002119779586791992
40367,normal,2046,0,1782358831.504089,0.0018815994262695312
40368,normal,2795,0,1782358831.5061514,0.0020623207092285156
40369,normal,2627,0,1782358831.5082116,0.0020601749420166016
40370,normal,1069,0,1782358831.5101097,0.001898050308227539
40371,normal,3506,0,1782358831.5123007,0.0021910667419433594
40372,normal,183,0,1782358831.5142164,0.0019156932830810547
40373,normal,926,2,1782358831.5160868,0.0018703937530517578
40374,normal,45,0,1782358831.5182369,0.0021500587463378906
40375,normal,1970,0,1782358831.520212,0.0019750595092773438
40376,normal,1156,0,1782358831.522023,0.0018110275268554688
40377,normal,150,0,1782358831.5242128,0.0021898746490478516
40378,normal,3502,0,1782358831.5262136,0.0020008087158203125
40379,normal,3301,1,1782358831.5280905,0.0018768310546875
40380,normal,2249,0,1782358831.5302129,0.0021224021911621094
40381,normal,3045,1,1782358831.5321684,0.0019555091857910156
40382,normal,2918,0,1782358831.533979,0.0018105506896972656
40383,normal,2078,0,1782358831.5360677,0.002088785171508789
40384,normal,220,0,1782358831.5383434,0.002275705337524414
40385,normal,1806,0,1782358831.5404544,0.0021109580993652344
40386,normal,2580,0,1782358831.5434444,0.0029900074005126953
40387,normal,1551,0,1782358831.543987,0.0005426406860351562
40388,normal,731,0,1782358831.5460012,0.00201416015625
40389,normal,3369,1,1782358831.5481205,0.002119302749633789
40390,normal,2151,0,1782358831.5500846,0.001964092254638672
40391,normal,3163,1,1782358831.5521376,0.0020530223846435547
40392,normal,1585,0,1782358831.5540578,0.0019202232360839844
40393,normal,938,2,1782358831.5561872,0.0021293163299560547
40394,normal,2437,0,1782358831.5580375,0.0018503665924072266
40395,normal,1025,2,1782358831.5600681,0.002030611038208008
40396,normal,133,0,1782358831.562246,0.0021779537200927734
40397,normal,1078,0,1782358831.5641634,0.0019173622131347656
40398,normal,1297,0,1782358831.5662901,0.0021266937255859375
40399,normal,1877,0,1782358831.5680664,0.0017762184143066406
40400,normal,77,0,1782358831.5701728,0.0021064281463623047
40401,normal,3644,0,1782358831.5720358,0.0018630027770996094
40402,normal,457,0,1782358831.5741363,0.0021004676818847656
40403,normal,1174,0,1782358831.5760581,0.0019218921661376953
40404,normal,914,2,1782358831.5780616,0.0020034313201904297
40405,normal,696,0,1782358831.5802083,0.0021467208862304688
40406,normal,1727,0,1782358831.5820193,0.0018110275268554688
40407,normal,2358,0,1782358831.5841994,0.0021800994873046875
40408,normal,2551,0,1782358831.5861738,0.001974344253540039
40409,normal,2093,0,1782358831.5881925,0.0020186901092529297
40410,normal,2190,0,1782358831.5900774,0.0018849372863769531
40411,normal,290,0,1782358831.5921783,0.0021009445190429688
40412,normal,1374,1,1782358831.5940645,0.001886129379272461
40413,normal,269,0,1782358831.5961814,0.0021169185638427734
40414,normal,503,0,1782358831.5981827,0.0020012855529785156
40415,normal,802,2,1782358831.6001441,0.0019614696502685547
40416,normal,1570,0,1782358831.6022441,0.0020999908447265625
40417,normal,3629,0,1782358831.604213,0.001968860626220703
40418,normal,604,0,1782358831.6060648,0.001851797103881836
40419,normal,351,0,1782358831.6083965,0.0023317337036132812
40420,normal,3268,1,1782358831.6100938,0.0016973018646240234
40421,normal,727,0,1782358831.612275,0.0021810531616210938
40422,normal,2064,0,1782358831.6140888,0.0018138885498046875
40423,normal,1575,0,1782358831.616179,0.0020902156829833984
40424,normal,3465,0,1782358831.6180646,0.0018856525421142578
40425,normal,2479,0,1782358831.620248,0.0021834373474121094
40426,normal,2325,0,1782358831.6222012,0.001953125
40427,normal,754,0,1782358831.6240711,0.0018699169158935547
40428,normal,2492,0,1782358831.6263695,0.0022983551025390625
40429,normal,2394,0,1782358831.6283116,0.0019421577453613281
40430,normal,2366,0,1782358831.6301463,0.0018346309661865234
40431,normal,226,0,1782358831.6321723,0.002026081085205078
40432,normal,1818,0,1782358831.6343899,0.002217531204223633
40433,normal,2497,0,1782358831.6362,0.0018100738525390625
40434,normal,3474,0,1782358831.6380565,0.0018565654754638672
40435,normal,2522,0,1782358831.6401577,0.0021011829376220703
40436,normal,878,2,1782358831.6420524,0.0018947124481201172
40437,normal,1451,0,1782358831.64431,0.0022575855255126953
40438,normal,2134,0,1782358831.646056,0.0017459392547607422
40439,normal,3399,1,1782358831.648166,0.002110004425048828
40440,normal,3084,1,1782358831.6500592,0.0018932819366455078
40441,normal,1821,0,1782358831.6521604,0.0021011829376220703
40442,normal,3421,0,1782358831.654602,0.0024416446685791016
40443,normal,510,0,1782358831.6563745,0.0017724037170410156
40444,normal,1090,0,1782358831.6581702,0.0017957687377929688
40445,normal,1000,2,1782358831.6599815,0.0018112659454345703
40446,normal,2468,0,1782358831.6621718,0.0021903514862060547
40447,normal,573,0,1782358831.664177,0.0020051002502441406
40448,normal,3469,0,1782358831.6661444,0.0019674301147460938
40449,normal,1306,0,1782358831.6682613,0.0021169185638427734
40450,normal,3551,0,1782358831.670186,0.001924753189086914
40451,normal,3016,0,1782358831.6720755,0.0018894672393798828
40452,normal,2185,0,1782358831.6742032,0.0021276473999023438
40453,normal,2247,0,1782358831.6761997,0.0019965171813964844
40454,normal,2695,0,1782358831.6779988,0.0017991065979003906
40455,normal,1511,0,1782358831.680165,0.002166271209716797
40456,normal,2197,0,1782358831.682206,0.002040863037109375
40457,normal,2482,0,1782358831.6840706,0.0018646717071533203
40458,normal,3048,1,1782358831.6861978,0.0021271705627441406
40459,normal,807,2,1782358831.6883948,0.0021970272064208984
40460,normal,50,0,1782358831.6901114,0.00171661376953125
40461,normal,6,0,1782358831.6921988,0.0020873546600341797
40462,normal,3588,0,1782358831.6943192,0.002120494842529297
40463,normal,940,2,1782358831.6960876,0.001768350601196289
40464,normal,962,2,1782358831.6982203,0.0021326541900634766
40465,normal,2156,0,1782358831.7002058,0.0019855499267578125
40466,normal,1814,0,1782358831.7020674,0.001861572265625
40467,normal,1674,0,1782358831.7042825,0.002215147018432617
40468,normal,1642,0,1782358831.7062924,0.002009868621826172
40469,normal,2571,0,1782358831.708212,0.0019195079803466797
40470,normal,3444,0,1782358831.7100632,0.0018513202667236328
40471,normal,2006,0,1782358831.7123466,0.002283334732055664
40472,normal,3574,0,1782358831.7148585,0.0025119781494140625
40473,normal,1924,0,1782358831.7160864,0.0012278556823730469
40474,normal,1081,0,1782358831.7184124,0.0023260116577148438
40475,normal,1962,0,1782358831.7200556,0.0016431808471679688
40476,normal,349,0,1782358831.7222683,0.0022127628326416016
40477,normal,3358,1,1782358831.724209,0.0019407272338867188
40478,normal,2228,0,1782358831.7264135,0.002204418182373047
40479,normal,1881,0,1782358831.7281692,0.0017557144165039062
40480,normal,1117,0,1782358831.7301764,0.0020072460174560547
40481,normal,2772,0,1782358831.7320826,0.0019061565399169922
40482,normal,2922,0,1782358831.7341886,0.0021059513092041016
40483,normal,2556,0,1782358831.7361794,0.001990795135498047
40484,normal,1703,0,1782358831.7380817,0.0019023418426513672
40485,normal,187,0,1782358831.740179,0.0020973682403564453
40486,normal,3281,1,1782358831.7421799,0.0020008087158203125
40487,normal,967,2,1782358831.744061,0.0018811225891113281
40488,normal,3096,1,1782358831.7462342,0.002173185348510742
40489,normal,3188,1,1782358831.748184,0.0019497871398925781
40490,normal,2638,0,1782358831.750063,0.001878976821899414
40491,normal,1514,0,1782358831.7520845,0.0020215511322021484
40492,normal,5,0,1782358831.7541726,0.0020880699157714844
40493,normal,382,0,1782358831.7560592,0.001886606216430664
40494,normal,3516,0,1782358831.758199,0.0021398067474365234
40495,normal,1499,0,1782358831.7602463,0.002047300338745117
40496,normal,2182,0,1782358831.7622085,0.0019621849060058594
40497,normal,1683,0,1782358831.7641964,0.001987934112548828
40498,normal,1362,1,1782358831.7661953,0.0019989013671875
40499,normal,1675,0,1782358831.7680774,0.0018820762634277344
40500,normal,1843,0,1782358831.770245,0.0021677017211914062
40501,normal,2637,0,1782358831.7720594,0.0018143653869628906
40502,normal,1253,0,1782358831.7742553,0.0021958351135253906
40503,normal,2075,0,1782358831.7762365,0.0019812583923339844
40504,normal,1660,0,1782358831.7782357,0.0019991397857666016
40505,normal,2242,0,1782358831.7800295,0.0017938613891601562
40506,normal,3681,0,1782358831.7821307,0.0021011829376220703
40507,normal,2784,0,1782358831.7842317,0.0021009445190429688
40508,normal,1378,1,1782358831.7863276,0.002095937728881836
40509,normal,2279,0,1782358831.7881916,0.0018639564514160156
40510,normal,3468,0,1782358831.7904382,0.0022466182708740234
40511,normal,2620,0,1782358831.7921374,0.001699209213256836
40512,normal,2280,0,1782358831.7941508,0.0020134449005126953
40513,normal,2423,0,1782358831.7959917,0.001840829849243164
40514,normal,1494,0,1782358831.7980509,0.0020592212677001953
40515,normal,3284,1,1782358831.8000522,0.0020012855529785156
40516,normal,3374,1,1782358831.802162,0.0021097660064697266
40517,normal,1409,0,1782358831.8039756,0.001813650131225586
40518,normal,969,2,1782358831.8060431,0.00206756591796875
40519,normal,2383,0,1782358831.808049,0.0020058155059814453
40520,normal,3317,1,1782358831.8100648,0.002015829086303711
40521,normal,3105,1,1782358831.8121831,0.002118349075317383
40522,normal,1371,1,1782358831.8141742,0.0019910335540771484
40523,normal,781,2,1782358831.8160644,0.0018901824951171875
40524,normal,1333,1,1782358831.818138,0.002073526382446289
40525,normal,1473,0,1782358831.8200688,0.0019309520721435547
40526,normal,3287,1,1782358831.8220296,0.00196075439453125
40527,normal,2321,0,1782358831.824073,0.002043485641479492
40528,normal,982,2,1782358831.8261786,0.0021054744720458984
40529,normal,2545,0,1782358831.828068,0.0018894672393798828
40530,normal,2360,0,1782358831.8300147,0.0019466876983642578
40531,normal,1339,1,1782358831.832069,0.0020542144775390625
40532,normal,3376,1,1782358831.8340235,0.0019545555114746094
40533,normal,879,2,1782358831.8360658,0.0020422935485839844
40534,normal,1304,0,1782358831.8380628,0.0019969940185546875
40535,normal,1927,0,1782358831.840057,0.0019941329956054688
40536,normal,2958,0,1782358831.8420818,0.0020248889923095703
40537,normal,1985,0,1782358831.8440652,0.0019834041595458984
40538,normal,229,0,1782358831.8460739,0.002008676528930664
40539,normal,3367,1,1782358831.8482063,0.002132415771484375
40540,normal,866,2,1782358831.850162,0.001955747604370117
40541,normal,892,2,1782358831.8520665,0.0019044876098632812
40542,normal,2337,0,1782358831.8541253,0.002058744430541992
40543,normal,2030,0,1782358831.8561928,0.00206756591796875
40544,normal,1395,0,1782358831.8579783,0.0017855167388916016
40545,normal,2034,0,1782358831.8603811,0.002402782440185547
40546,normal,2924,0,1782358831.8623686,0.001987457275390625
40547,normal,2942,0,1782358831.864039,0.0016703605651855469
40548,normal,2765,0,1782358831.866372,0.0023331642150878906
40549,normal,1130,0,1782358831.8683233,0.0019512176513671875
40550,normal,1544,0,1782358831.8700337,0.0017104148864746094
40551,normal,789,2,1782358831.8721986,0.0021648406982421875
40552,normal,3324,1,1782358831.8741271,0.001928567886352539
40553,normal,356,0,1782358831.8759696,0.001842498779296875
40554,normal,699,0,1782358831.8781328,0.0021631717681884766
40555,normal,1257,0,1782358831.8801427,0.002009868621826172
40556,normal,3125,1,1782358831.8819866,0.0018439292907714844
40557,normal,1276,0,1782358831.8841932,0.002206563949584961
40558,normal,3315,1,1782358831.8862422,0.002048969268798828
40559,normal,2417,0,1782358831.888102,0.001859903335571289
40560,normal,844,2,1782358831.8899693,0.0018672943115234375
40561,normal,1458,0,1782358831.892174,0.0022046566009521484
40562,normal,2453,0,1782358831.8940277,0.0018537044525146484
40563,normal,2604,0,1782358831.8960888,0.002061128616333008
40564,normal,3691,0,1782358831.8981786,0.0020897388458251953
40565,normal,1643,0,1782358831.899968,0.0017893314361572266
40566,normal,1466,0,1782358831.90197,0.0020020008087158203
40567,normal,913,2,1782358831.9041553,0.002185344696044922
40568,normal,3560,0,1782358831.9059644,0.0018091201782226562
40569,normal,2778,0,1782358831.9081283,0.0021638870239257812
40570,normal,2050,0,1782358831.9100702,0.0019419193267822266
40571,normal,388,0,1782358831.9119368,0.0018665790557861328
40572,normal,55,0,1782358831.9140534,0.002116680145263672
40573,normal,3130,1,1782358831.916262,0.0022084712982177734
40574,normal,2273,0,1782358831.9179654,0.001703500747680664
40575,normal,1049,0,1782358831.9201415,0.002176046371459961
40576,normal,1934,0,1782358831.922178,0.002036571502685547
40577,normal,500,0,1782358831.9239557,0.00177764892578125
40578,normal,1213,0,1782358831.9259946,0.0020389556884765625
40579,normal,3014,0,1782358831.9281433,0.0021486282348632812
40580,normal,3234,1,1782358831.930059,0.0019156932830810547
40581,normal,1113,0,1782358831.9321878,0.0021288394927978516
40582,normal,3660,0,1782358831.934249,0.002061128616333008
40583,normal,3571,0,1782358831.9360898,0.001840829849243164
40584,normal,1521,0,1782358831.9381955,0.002105712890625
40585,normal,1840,0,1782358831.9402468,0.0020513534545898438
40586,normal,3414,0,1782358831.942058,0.0018112659454345703
40587,normal,185,0,1782358831.9441679,0.0021097660064697266
40588,normal,1394,0,1782358831.946158,0.001990079879760742
40589,normal,2591,0,1782358831.9481544,0.0019965171813964844
40590,normal,2452,0,1782358831.9501767,0.002022266387939453
40591,normal,1039,0,1782358831.9522712,0.0020945072174072266
40592,normal,3020,0,1782358831.9543092,0.0020380020141601562
40593,normal,452,0,1782358831.9562552,0.0019459724426269531
40594,normal,2838,0,1782358831.9593492,0.0030939579010009766
40595,normal,211,0,1782358831.9600472,0.000698089599609375
40596,normal,3384,1,1782358831.962379,0.0023317337036132812
40597,normal,2311,0,1782358831.9642053,0.0018262863159179688
40598,normal,2150,0,1782358831.9659657,0.0017604827880859375
40599,normal,76,0,1782358831.968142,0.0021762847900390625
40600,normal,2116,0,1782358831.9701416,0.0019996166229248047
40601,normal,2081,0,1782358831.972307,0.0021653175354003906
40602,normal,3472,0,1782358831.9739602,0.0016531944274902344
40603,normal,2540,0,1782358831.976143,0.0021827220916748047
40604,normal,1071,0,1782358831.978042,0.0018990039825439453
40605,normal,532,0,1782358831.9801445,0.0021026134490966797
40606,normal,1955,0,1782358831.982806,0.002661466598510742
40607,normal,15,0,1782358831.9841824,0.0013763904571533203
40608,normal,268,0,1782358831.9860606,0.0018782615661621094
40609,normal,2798,0,1782358831.9881616,0.0021009445190429688
40610,normal,225,0,1782358831.9900577,0.0018961429595947266
40611,normal,2493,0,1782358831.9920933,0.0020356178283691406
40612,normal,622,0,1782358831.9943933,0.0023000240325927734
40613,normal,295,0,1782358831.995997,0.0016036033630371094
40614,normal,124,0,1782358831.99817,0.0021729469299316406
40615,normal,3602,0,1782358832.0001748,0.002004861831665039
40616,normal,2362,0,1782358832.0020828,0.0019080638885498047
40617,normal,1717,0,1782358832.004115,0.0020322799682617188
40618,normal,2119,0,1782358832.0061615,0.002046346664428711
40619,normal,2896,0,1782358832.0081084,0.0019469261169433594
40620,normal,1129,0,1782358832.0101094,0.002001047134399414
40621,normal,1369,1,1782358832.0121717,0.0020623207092285156
40622,normal,1329,1,1782358832.0144095,0.0022377967834472656
40623,normal,143,0,1782358832.0161457,0.0017361640930175781
40624,normal,233,0,1782358832.0182772,0.0021314620971679688
40625,normal,1825,0,1782358832.0201528,0.0018756389617919922
40626,normal,1077,0,1782358832.0221908,0.0020380020141601562
40627,normal,906,2,1782358832.0241497,0.0019588470458984375
40628,normal,2950,0,1782358832.0260684,0.001918792724609375
40629,normal,3669,0,1782358832.028126,0.0020575523376464844
40630,normal,1399,0,1782358832.0302532,0.0021271705627441406
40631,normal,2614,0,1782358832.0322146,0.0019614696502685547
40632,normal,1669,0,1782358832.0342987,0.002084016799926758
40633,normal,2137,0,1782358832.0361135,0.0018148422241210938
40634,normal,1357,1,1782358832.0380828,0.0019693374633789062
40635,normal,1066,0,1782358832.0402277,0.0021448135375976562
40636,normal,550,0,1782358832.0425036,0.0022759437561035156
40637,normal,2336,0,1782358832.0443046,0.0018010139465332031
40638,normal,1464,0,1782358832.046149,0.0018444061279296875
40639,normal,1791,0,1782358832.0482244,0.0020754337310791016
40640,normal,701,0,1782358832.0501163,0.0018918514251708984
40641,normal,1762,0,1782358832.0522013,0.002084970474243164
40642,normal,1532,0,1782358832.0547795,0.002578258514404297
40643,normal,2430,0,1782358832.0559986,0.001219034194946289
40644,normal,998,2,1782358832.0581832,0.002184629440307617
40645,normal,752,0,1782358832.0601587,0.001975536346435547
40646,normal,3227,1,1782358832.0619946,0.0018358230590820312
40647,normal,36,0,1782358832.0641418,0.002147197723388672
40648,normal,3583,0,1782358832.0661879,0.0020461082458496094
40649,normal,1965,0,1782358832.0680785,0.0018906593322753906
40650,normal,840,2,1782358832.070178,0.0020995140075683594
40651,normal,2402,0,1782358832.07217,0.0019919872283935547
40652,normal,2351,0,1782358832.074181,0.0020110607147216797
40653,normal,2087,0,1782358832.076074,0.0018928050994873047
40654,normal,3258,1,1782358832.0781598,0.0020859241485595703
40655,normal,2413,0,1782358832.0799809,0.0018210411071777344
40656,normal,1655,0,1782358832.0821652,0.0021843910217285156
40657,normal,540,0,1782358832.0841696,0.002004384994506836
40658,normal,153,0,1782358832.086125,0.001955270767211914
40659,normal,1765,0,1782358832.0882392,0.0021142959594726562
40660,normal,2711,0,1782358832.090283,0.0020437240600585938
40661,normal,2088,0,1782358832.0921404,0.0018575191497802734
40662,normal,2432,0,1782358832.0941846,0.002044200897216797
40663,normal,1385,0,1782358832.0961869,0.002002239227294922
40664,normal,362,0,1782358832.0981157,0.0019288063049316406
40665,normal,2983,0,1782358832.1001625,0.002046823501586914
40666,normal,1939,0,1782358832.1020539,0.0018913745880126953
40667,normal,3059,1,1782358832.1041555,0.0021016597747802734
40668,normal,1889,0,1782358832.1061668,0.0020112991333007812
40669,normal,2162,0,1782358832.1082335,0.0020666122436523438
40670,normal,3585,0,1782358832.1101446,0.001911163330078125
40671,normal,1373,1,1782358832.1123593,0.002214670181274414
40672,normal,2195,0,1782358832.1142378,0.001878499984741211
40673,normal,572,0,1782358832.1162097,0.0019719600677490234
40674,normal,928,2,1782358832.1183054,0.0020956993103027344
40675,normal,1155,0,1782358832.1203082,0.002002716064453125
40676,normal,2830,0,1782358832.1219966,0.0016884803771972656
40677,normal,2153,0,1782358832.1241443,0.002147674560546875
40678,normal,1857,0,1782358832.1261425,0.0019981861114501953
40679,normal,2585,0,1782358832.1280572,0.0019147396087646484
40680,normal,489,0,1782358832.1302783,0.0022211074829101562
40681,normal,1882,0,1782358832.1320438,0.0017654895782470703
40682,normal,1613,0,1782358832.1341395,0.0020956993103027344
40683,normal,2552,0,1782358832.136046,0.0019063949584960938
40684,normal,2576,0,1782358832.1382134,0.0021674633026123047
40685,normal,2592,0,1782358832.1402962,0.00208282470703125
40686,normal,1607,0,1782358832.1421874,0.0018911361694335938
40687,normal,2207,0,1782358832.144468,0.002280712127685547
40688,normal,2451,0,1782358832.146149,0.0016808509826660156
40689,normal,894,2,1782358832.148071,0.0019221305847167969
40690,normal,1150,0,1782358832.1501696,0.002098560333251953
40691,normal,3495,0,1782358832.152066,0.0018963813781738281
40692,normal,2104,0,1782358832.1542187,0.002152681350708008
40693,normal,2763,0,1782358832.1562798,0.002061128616333008
40694,normal,3365,1,1782358832.1580474,0.0017676353454589844
40695,normal,2828,0,1782358832.1601684,0.0021209716796875
40696,normal,2919,0,1782358832.1621685,0.002000093460083008
40697,normal,3361,1,1782358832.1641414,0.0019729137420654297
40698,normal,320,0,1782358832.16624,0.002098560333251953
40699,normal,3205,1,1782358832.1679952,0.0017552375793457031
40700,normal,2704,0,1782358832.1702378,0.002242565155029297
40701,normal,2804,0,1782358832.1721787,0.0019409656524658203
40702,normal,2089,0,1782358832.1741922,0.0020134449005126953
40703,normal,2966,0,1782358832.176058,0.0018658638000488281
40704,normal,1736,0,1782358832.178155,0.002096891403198242
40705,normal,256,0,1782358832.180375,0.00222015380859375
40706,normal,2261,0,1782358832.1820843,0.0017092227935791016
40707,normal,1630,0,1782358832.184208,0.002123594284057617
40708,normal,3179,1,1782358832.1863823,0.00217437744140625
40709,normal,1273,0,1782358832.1881104,0.001728057861328125
40710,normal,588,0,1782358832.190255,0.0021445751190185547
40711,normal,1418,0,1782358832.1924462,0.002191305160522461
40712,normal,2170,0,1782358832.1942523,0.001806020736694336
40713,normal,2294,0,1782358832.1960742,0.0018219947814941406
40714,normal,2372,0,1782358832.1984658,0.0023915767669677734
40715,normal,93,0,1782358832.20027,0.0018041133880615234
40716,normal,18,0,1782358832.2019954,0.0017254352569580078
40717,normal,1309,0,1782358832.2042403,0.0022449493408203125
40718,normal,2148,0,1782358832.206246,0.0020055770874023438
40719,normal,2682,0,1782358832.208094,0.001847982406616211
40720,normal,3019,0,1782358832.2101848,0.002090930938720703
40721,normal,2701,0,1782358832.2120936,0.0019087791442871094
40722,normal,2475,0,1782358832.2141893,0.0020956993103027344
40723,normal,720,0,1782358832.2162132,0.002023935317993164
40724,normal,3155,1,1782358832.218149,0.001935720443725586
40725,normal,1898,0,1782358832.2201674,0.002018451690673828
40726,normal,3173,1,1782358832.2222013,0.0020339488983154297
40727,normal,1827,0,1782358832.223995,0.0017936229705810547
40728,normal,729,0,1782358832.2262037,0.002208709716796875
40729,normal,369,0,1782358832.2282653,0.002061605453491211
40730,normal,3540,0,1782358832.2302964,0.002031087875366211
40731,normal,738,0,1782358832.2321186,0.0018222332000732422
40732,normal,621,0,1782358832.234183,0.0020644664764404297
40733,normal,631,0,1782358832.2360308,0.0018477439880371094
40734,normal,469,0,1782358832.238093,0.002062082290649414
40735,normal,483,0,1782358832.2401383,0.0020453929901123047
40736,normal,377,0,1782358832.2419915,0.0018532276153564453
40737,normal,109,0,1782358832.244191,0.002199411392211914
40738,normal,854,2,1782358832.2461925,0.002001523971557617
40739,normal,1435,0,1782358832.2480924,0.0018999576568603516
40740,normal,983,2,1782358832.250271,0.002178668975830078
40741,normal,115,0,1782358832.2520666,0.0017955303192138672
40742,normal,1622,0,1782358832.2541666,0.0020999908447265625
40743,normal,1682,0,1782358832.256063,0.0018963813781738281
40744,normal,843,2,1782358832.2581644,0.002101421356201172
40745,normal,1527,0,1782358832.2600636,0.0018992424011230469
40746,normal,2720,0,1782358832.2621129,0.0020492076873779297
40747,normal,1386,0,1782358832.2642424,0.0021295547485351562
40748,normal,1759,0,1782358832.2661772,0.0019347667694091797
40749,normal,1633,0,1782358832.268144,0.001966714859008789
40750,normal,757,0,1782358832.2702053,0.0020613670349121094
40751,normal,218,0,1782358832.2721064,0.0019011497497558594
40752,normal,2388,0,1782358832.2742178,0.0021114349365234375
40753,normal,433,0,1782358832.27616,0.0019421577453613281
40754,normal,312,0,1782358832.2780545,0.0018944740295410156
40755,normal,2817,0,1782358832.2801642,0.0021097660064697266
40756,normal,400,0,1782358832.2824333,0.0022690296173095703
40757,normal,2779,0,1782358832.2840414,0.001608133316040039
40758,normal,705,0,1782358832.2862613,0.0022199153900146484
40759,normal,812,2,1782358832.2882771,0.002015829086303711
40760,normal,3309,1,1782358832.2903566,0.002079486846923828
40761,normal,2773,0,1782358832.2920463,0.0016896724700927734
40762,normal,2687,0,1782358832.2943337,0.0022873878479003906
40763,normal,3343,1,1782358832.2961388,0.0018050670623779297
40764,normal,2041,0,1782358832.2981706,0.0020318031311035156
40765,normal,1388,0,1782358832.3001475,0.0019769668579101562
40766,normal,2454,0,1782358832.30205,0.0019025802612304688
40767,normal,946,2,1782358832.3041465,0.002096414566040039
40768,normal,2796,0,1782358832.3063264,0.002179861068725586
40769,normal,853,2,1782358832.308015,0.0016887187957763672
40770,normal,2433,0,1782358832.3101528,0.0021376609802246094
40771,normal,2769,0,1782358832.3121455,0.0019927024841308594
40772,normal,3337,1,1782358832.3140705,0.0019249916076660156
40773,normal,2692,0,1782358832.3167493,0.0026788711547851562
40774,normal,2645,0,1782358832.3181672,0.0014178752899169922
40775,normal,2599,0,1782358832.3200502,0.0018830299377441406
40776,normal,2780,0,1782358832.3221512,0.0021009445190429688
40777,normal,168,0,1782358832.3241713,0.002020120620727539
40778,normal,155,0,1782358832.3260758,0.0019044876098632812
40779,normal,1467,0,1782358832.3284502,0.002374410629272461
40780,normal,2794,0,1782358832.3300624,0.0016121864318847656
40781,normal,1370,1,1782358832.3321776,0.0021152496337890625
40782,normal,2051,0,1782358832.3340788,0.0019011497497558594
40783,normal,2404,0,1782358832.3361847,0.0021059513092041016
40784,normal,2683,0,1782358832.3380725,0.0018877983093261719
40785,normal,1114,0,1782358832.3400776,0.0020051002502441406
40786,normal,1681,0,1782358832.3421984,0.0021207332611083984
40787,normal,423,0,1782358832.344076,0.0018775463104248047
40788,normal,2677,0,1782358832.3461988,0.0021228790283203125
40789,normal,3069,1,1782358832.348304,0.002105236053466797
40790,normal,407,0,1782358832.3501678,0.001863718032836914
40791,normal,920,2,1782358832.352257,0.002089262008666992
40792,normal,2536,0,1782358832.3541968,0.0019397735595703125
40793,normal,1136,0,1782358832.3561804,0.001983642578125
40794,normal,3346,1,1782358832.3579686,0.0017881393432617188
40795,normal,951,2,1782358832.3601763,0.0022077560424804688
40796,normal,230,0,1782358832.36212,0.0019435882568359375
40797,normal,668,0,1782358832.3641894,0.0020694732666015625
40798,normal,2746,0,1782358832.3661134,0.0019240379333496094
40799,normal,3521,0,1782358832.368213,0.0020995140075683594
40800,normal,1809,0,1782358832.3700142,0.0018012523651123047
40801,normal,357,0,1782358832.3720691,0.002054929733276367
40802,normal,2516,0,1782358832.3744018,0.0023326873779296875
40803,normal,75,0,1782358832.376385,0.001983165740966797
40804,normal,2759,0,1782358832.378191,0.001806020736694336
40805,normal,1474,0,1782358832.3801239,0.0019328594207763672
40806,normal,2225,0,1782358832.3820605,0.0019366741180419922
40807,normal,885,2,1782358832.3842134,0.0021529197692871094
40808,normal,337,0,1782358832.386027,0.001813650131225586
40809,normal,976,2,1782358832.3882987,0.0022716522216796875
40810,normal,2653,0,1782358867.6694505,0.0
40811,normal,866,2,1782358867.6714976,0.0020470619201660156
40812,normal,1764,0,1782358867.6734238,0.0019261837005615234
40813,normal,2323,0,1782358867.6754732,0.0020494461059570312
40814,normal,2690,0,1782358867.677486,0.0020127296447753906
40815,normal,217,0,1782358867.6795049,0.0020189285278320312
40816,normal,280,0,1782358867.6815104,0.0020055770874023438
40817,normal,961,2,1782358867.683518,0.0020074844360351562
40818,normal,2719,0,1782358867.6854131,0.0018951892852783203
40819,normal,3472,0,1782358867.6874888,0.002075672149658203
40820,normal,1451,0,1782358867.6895165,0.002027750015258789
40821,normal,1311,0,1782358867.6914148,0.0018982887268066406
40822,normal,458,0,1782358867.6935098,0.0020949840545654297
40823,normal,15,0,1782358867.6956139,0.002104043960571289
40824,normal,2916,0,1782358867.6974573,0.0018434524536132812
40825,normal,1068,0,1782358867.6998708,0.002413511276245117
40826,normal,1725,0,1782358867.701451,0.0015802383422851562
40827,normal,2253,0,1782358867.7036226,0.0021715164184570312
40828,normal,2659,0,1782358867.7054348,0.0018122196197509766
40829,normal,2514,0,1782358867.707499,0.002064228057861328
40830,normal,925,2,1782358867.7094514,0.0019524097442626953
40831,normal,1993,0,1782358867.711494,0.002042531967163086
40832,normal,2699,0,1782358867.7135093,0.002015352249145508
40833,normal,899,2,1782358867.715438,0.001928567886352539
40834,normal,209,0,1782358867.7175415,0.002103567123413086
40835,normal,831,2,1782358867.7195976,0.002056121826171875
40836,normal,1873,0,1782358867.7214339,0.0018362998962402344
40837,normal,2801,0,1782358867.7238262,0.002392292022705078
40838,normal,2400,0,1782358867.7254488,0.0016226768493652344
40839,normal,992,2,1782358867.7276247,0.0021758079528808594
40840,normal,414,0,1782358867.7295086,0.0018839836120605469
40841,normal,304,0,1782358867.7319994,0.0024907588958740234
40842,normal,3583,0,1782358867.7335355,0.0015361309051513672
40843,normal,2936,0,1782358867.7358766,0.002341032028198242
40844,normal,3447,0,1782358867.7377093,0.001832723617553711
40845,normal,3268,1,1782358867.7397263,0.0020170211791992188
40846,normal,826,2,1782358867.7416904,0.001964092254638672
40847,normal,1472,0,1782358867.7447762,0.0030858516693115234
40848,normal,3669,0,1782358867.7456229,0.0008466243743896484
40849,normal,3053,1,1782358867.747697,0.0020742416381835938
40850,normal,1560,0,1782358867.7498572,0.0021600723266601562
40851,normal,2332,0,1782358867.7515435,0.0016863346099853516
40852,normal,25,0,1782358867.7538552,0.00231170654296875
40853,normal,395,0,1782358867.755701,0.0018458366394042969
40854,normal,118,0,1782358867.7576294,0.0019283294677734375
40855,normal,3225,1,1782358867.7596972,0.0020678043365478516
40856,normal,3414,0,1782358867.7618804,0.002183198928833008
40857,normal,3102,1,1782358867.7635458,0.001665353775024414
40858,normal,1016,2,1782358867.7658868,0.002341032028198242
40859,normal,1885,0,1782358867.7675445,0.001657724380493164
40860,normal,333,0,1782358867.7702334,0.002688884735107422
40861,normal,1945,0,1782358867.7715595,0.0013260841369628906
40862,normal,1061,0,1782358867.773899,0.002339601516723633
40863,normal,240,0,1782358867.775631,0.00173187255859375
40864,normal,3036,0,1782358867.777538,0.0019071102142333984
40865,normal,2412,0,1782358867.7797136,0.002175569534301758
40866,normal,1257,0,1782358867.7815409,0.001827239990234375
40867,normal,2463,0,1782358867.783503,0.0019621849060058594
40868,normal,2646,0,1782358867.7857568,0.0022537708282470703
40869,normal,1361,1,1782358867.787589,0.0018322467803955078
40870,normal,2086,0,1782358867.7895014,0.0019123554229736328
40871,normal,3019,0,1782358867.791721,0.002219676971435547
40872,normal,1688,0,1782358867.7935863,0.0018651485443115234
40873,normal,2031,0,1782358867.7955017,0.0019154548645019531
40874,normal,2391,0,1782358867.7977288,0.0022270679473876953
40875,normal,2931,0,1782358867.799506,0.0017771720886230469
40876,normal,1875,0,1782358867.801705,0.002198934555053711
40877,normal,1583,0,1782358867.8035405,0.0018355846405029297
40878,normal,171,0,1782358867.805713,0.0021724700927734375
40879,normal,2296,0,1782358867.8075233,0.001810312271118164
40880,normal,1992,0,1782358867.8097317,0.0022084712982177734
40881,normal,2798,0,1782358867.811549,0.0018172264099121094
40882,normal,3473,0,1782358867.8135214,0.0019724369049072266
40883,normal,2300,0,1782358867.81573,0.002208709716796875
40884,normal,2792,0,1782358867.8175576,0.0018274784088134766
40885,normal,2145,0,1782358867.819523,0.0019655227661132812
40886,normal,3009,0,1782358867.821734,0.002210855484008789
40887,normal,820,2,1782358867.8235815,0.0018475055694580078
40888,normal,1268,0,1782358867.825497,0.0019154548645019531
40889,normal,477,0,1782358867.8277388,0.002241849899291992
40890,normal,1464,0,1782358867.8297348,0.0019960403442382812
40891,normal,2373,0,1782358867.8316915,0.0019567012786865234
40892,normal,2780,0,1782358867.833747,0.0020554065704345703
40893,normal,1288,0,1782358867.835868,0.0021209716796875
40894,normal,2874,0,1782358867.8375394,0.0016715526580810547
40895,normal,954,2,1782358867.8398812,0.002341747283935547
40896,normal,182,0,1782358867.8415647,0.0016834735870361328
40897,normal,1064,0,1782358867.8435035,0.0019388198852539062
40898,normal,1209,0,1782358867.8457496,0.0022461414337158203
40899,normal,1844,0,1782358867.8476233,0.0018737316131591797
40900,normal,2364,0,1782358867.8495033,0.0018799304962158203
40901,normal,3667,0,1782358867.851749,0.002245664596557617
40902,normal,2074,0,1782358867.8536153,0.0018663406372070312
40903,normal,2689,0,1782358867.855502,0.001886606216430664
40904,normal,754,0,1782358867.8577154,0.0022134780883789062
40905,normal,1137,0,1782358867.8596172,0.001901865005493164
40906,normal,1830,0,1782358867.8615043,0.0018870830535888672
40907,normal,2896,0,1782358867.8637516,0.002247333526611328
40908,normal,1216,0,1782358867.865614,0.0018622875213623047
40909,normal,2021,0,1782358867.8675027,0.0018887519836425781
40910,normal,1619,0,1782358867.8698566,0.0023539066314697266
40911,normal,1502,0,1782358867.871608,0.0017514228820800781
40912,normal,1314,0,1782358867.8736856,0.0020775794982910156
40913,normal,495,0,1782358867.875762,0.002076387405395508
40914,normal,3195,1,1782358867.8778055,0.002043485641479492
40915,normal,3221,1,1782358867.879503,0.001697540283203125
40916,normal,1037,0,1782358867.8819063,0.00240325927734375
40917,normal,2626,0,1782358867.883522,0.001615762710571289
40918,normal,1569,0,1782358867.8855271,0.0020051002502441406
40919,normal,1355,1,1782358867.8875852,0.0020580291748046875
40920,normal,841,2,1782358867.8895895,0.002004384994506836
40921,normal,2764,0,1782358867.8915029,0.001913309097290039
40922,normal,3038,0,1782358867.8937755,0.0022726058959960938
40923,normal,3048,1,1782358867.8955464,0.0017709732055664062
40924,normal,3653,0,1782358867.897508,0.0019614696502685547
40925,normal,1544,0,1782358867.8997228,0.0022149085998535156
40926,normal,2765,0,1782358867.9015884,0.0018656253814697266
40927,normal,9,0,1782358867.9035037,0.0019152164459228516
40928,normal,1852,0,1782358867.9057722,0.002268552780151367
40929,normal,1967,0,1782358867.9076169,0.001844644546508789
40930,normal,1446,0,1782358867.9095023,0.0018854141235351562
40931,normal,706,0,1782358867.9117079,0.0022056102752685547
40932,normal,3407,0,1782358867.913583,0.001875162124633789
40933,normal,30,0,1782358867.9155042,0.0019211769104003906
40934,normal,3685,0,1782358867.917775,0.0022706985473632812
40935,normal,1971,0,1782358867.9195752,0.0018002986907958984
40936,normal,2184,0,1782358867.9215047,0.0019295215606689453
40937,normal,1809,0,1782358867.9237227,0.002218008041381836
40938,normal,587,0,1782358867.9255672,0.0018444061279296875
40939,normal,1233,0,1782358867.9275043,0.0019371509552001953
40940,normal,2692,0,1782358867.9295952,0.002090930938720703
40941,normal,919,2,1782358867.9316509,0.002055644989013672
40942,normal,206,0,1782358867.9334984,0.0018475055694580078
40943,normal,3622,0,1782358867.9357848,0.0022864341735839844
40944,normal,2625,0,1782358867.9375315,0.0017466545104980469
40945,normal,1860,0,1782358867.9394972,0.001965761184692383
40946,normal,345,0,1782358867.941789,0.0022916793823242188
40947,normal,520,0,1782358867.9435072,0.001718282699584961
40948,normal,3603,0,1782358867.9456992,0.0021920204162597656
40949,normal,43,0,1782358867.947602,0.0019028186798095703
40950,normal,7,0,1782358867.9497035,0.002101421356201172
40951,normal,1553,0,1782358867.951497,0.0017936229705810547
40952,normal,2293,0,1782358867.953815,0.0023179054260253906
40953,normal,2799,0,1782358867.955535,0.0017199516296386719
40954,normal,440,0,1782358867.9574976,0.0019626617431640625
40955,normal,320,0,1782358867.9597213,0.0022237300872802734
40956,normal,885,2,1782358867.9615035,0.0017821788787841797
40957,normal,698,0,1782358867.963496,0.001992464065551758
40958,normal,2648,0,1782358867.9658237,0.0023276805877685547
40959,normal,2604,0,1782358867.967527,0.0017032623291015625
40960,normal,1859,0,1782358867.969496,0.0019690990447998047
40961,normal,2511,0,1782358867.971709,0.002213001251220703
40962,normal,1091,0,1782358867.9735308,0.001821756362915039
40963,normal,3433,0,1782358867.975495,0.0019643306732177734
40964,normal,3384,1,1782358867.9777153,0.00222015380859375
40965,normal,3604,0,1782358867.979547,0.0018317699432373047
40966,normal,2910,0,1782358867.9814973,0.0019502639770507812
40967,normal,1594,0,1782358867.9837134,0.0022161006927490234
40968,normal,2063,0,1782358867.985522,0.0018086433410644531
40969,normal,2057,0,1782358867.9874961,0.0019741058349609375
40970,normal,3373,1,1782358867.9897168,0.002220630645751953
40971,normal,2469,0,1782358867.9915035,0.0017867088317871094
40972,normal,1511,0,1782358867.9934974,0.001993894577026367
40973,normal,1114,0,1782358867.9957094,0.002212047576904297
40974,normal,89,0,1782358867.9975283,0.0018188953399658203
40975,normal,1085,0,1782358867.999496,0.0019676685333251953
40976,normal,2198,0,1782358868.001716,0.0022199153900146484
40977,normal,1610,0,1782358868.0035372,0.001821279525756836
40978,normal,2191,0,1782358868.0054984,0.001961231231689453
40979,normal,722,0,1782358868.007712,0.0022134780883789062
40980,normal,3611,0,1782358868.0095298,0.001817941665649414
40981,normal,3614,0,1782358868.0114975,0.0019676685333251953
40982,normal,3120,1,1782358868.0135317,0.0020341873168945312
40983,normal,3638,0,1782358868.0156565,0.002124786376953125
40984,normal,3077,1,1782358868.0174973,0.001840829849243164
40985,normal,2864,0,1782358868.0197191,0.002221822738647461
40986,normal,549,0,1782358868.0215337,0.0018146038055419922
40987,normal,2239,0,1782358868.0234962,0.001962423324584961
40988,normal,1861,0,1782358868.025532,0.002035856246948242
40989,normal,2025,0,1782358868.027596,0.0020639896392822266
40990,normal,1696,0,1782358868.0296547,0.002058744430541992
40991,normal,1917,0,1782358868.0326176,0.002962827682495117
40992,normal,3295,1,1782358868.0335252,0.0009076595306396484
40993,normal,2359,0,1782358868.035524,0.0019986629486083984
40994,normal,2480,0,1782358868.0375497,0.0020258426666259766
40995,normal,1710,0,1782358868.0395432,0.001993417739868164
40996,normal,1289,0,1782358868.0415864,0.0020432472229003906
40997,normal,3218,1,1782358868.0437815,0.002195119857788086
40998,normal,2509,0,1782358868.0456307,0.0018491744995117188
40999,normal,727,0,1782358868.0475001,0.0018694400787353516
41000,normal,1084,0,1782358868.0496063,0.002106189727783203
41001,normal,3637,0,1782358868.0516574,0.002051115036010742
41002,normal,3683,0,1782358868.0534544,0.0017969608306884766
41003,normal,467,0,1782358868.055566,0.002111673355102539
41004,normal,2743,0,1782358868.057742,0.002176046371459961
41005,normal,1938,0,1782358868.0594938,0.0017516613006591797
41006,normal,2564,0,1782358868.0616496,0.002155780792236328
41007,normal,2565,0,1782358868.0634866,0.001837015151977539
41008,normal,1039,0,1782358868.065638,0.0021514892578125
41009,normal,2807,0,1782358868.0676117,0.0019736289978027344
41010,normal,3678,0,1782358868.069601,0.0019893646240234375
41011,normal,244,0,1782358868.0715117,0.0019106864929199219
41012,normal,3436,0,1782358868.0736148,0.002103090286254883
41013,normal,3236,1,1782358868.0755403,0.0019254684448242188
41014,normal,3690,0,1782358868.077609,0.002068758010864258
41015,normal,3660,0,1782358868.0794983,0.0018892288208007812
41016,normal,2558,0,1782358868.0815728,0.0020744800567626953
41017,normal,2900,0,1782358868.0836067,0.0020339488983154297
41018,normal,3677,0,1782358868.0856762,0.0020694732666015625
41019,normal,2194,0,1782358868.0875564,0.0018801689147949219
41020,normal,2448,0,1782358868.0896087,0.00205230712890625
41021,normal,1987,0,1782358868.0915182,0.001909494400024414
41022,normal,3512,0,1782358868.0936034,0.0020852088928222656
41023,normal,1466,0,1782358868.095617,0.002013683319091797
41024,normal,1116,0,1782358868.0976448,0.002027750015258789
41025,normal,2505,0,1782358868.0996218,0.0019769668579101562
41026,normal,1303,0,1782358868.101563,0.0019412040710449219
41027,normal,1817,0,1782358868.1035748,0.0020117759704589844
41028,normal,1680,0,1782358868.1055205,0.0019457340240478516
41029,normal,688,0,1782358868.1076357,0.0021152496337890625
41030,normal,285,0,1782358868.109478,0.0018422603607177734
41031,normal,713,0,1782358868.1115794,0.002101421356201172
41032,normal,955,2,1782358868.1135828,0.0020034313201904297
41033,normal,71,0,1782358868.1159308,0.0023479461669921875
41034,normal,1157,0,1782358868.117611,0.001680135726928711
41035,normal,2447,0,1782358868.1196463,0.002035379409790039
41036,normal,58,0,1782358868.1218164,0.002170085906982422
41037,normal,2152,0,1782358868.123831,0.002014636993408203
41038,normal,1952,0,1782358868.1257048,0.0018737316131591797
41039,normal,845,2,1782358868.1277318,0.0020270347595214844
41040,normal,1612,0,1782358868.1297545,0.0020227432250976562
41041,normal,512,0,1782358868.1315246,0.00177001953125
41042,normal,2235,0,1782358868.1335142,0.001989603042602539
41043,normal,855,2,1782358868.135564,0.0020499229431152344
41044,normal,3618,0,1782358868.1376863,0.002122163772583008
41045,normal,816,2,1782358868.1394813,0.001795053482055664
41046,normal,907,2,1782358868.1415098,0.0020284652709960938
41047,normal,2735,0,1782358868.1435657,0.0020558834075927734
41048,normal,1004,2,1782358868.1456296,0.0020639896392822266
41049,normal,1427,0,1782358868.1481166,0.0024869441986083984
41050,normal,1471,0,1782358868.1498806,0.001764059066772461
41051,normal,806,2,1782358868.1515858,0.001705169677734375
41052,normal,2158,0,1782358868.1536307,0.0020449161529541016
41053,normal,1336,1,1782358868.1554592,0.0018284320831298828
41054,normal,1689,0,1782358868.1576328,0.0021736621856689453
41055,normal,2947,0,1782358868.159857,0.0022242069244384766
41056,normal,3579,0,1782358868.16155,0.0016930103302001953
41057,normal,2175,0,1782358868.16364,0.002089977264404297
41058,normal,2812,0,1782358868.1656098,0.0019698143005371094
41059,normal,1066,0,1782358868.1675162,0.0019063949584960938
41060,normal,2730,0,1782358868.1696882,0.0021719932556152344
41061,normal,1908,0,1782358868.171873,0.0021848678588867188
41062,normal,350,0,1782358868.173723,0.0018498897552490234
41063,normal,2419,0,1782358868.1756895,0.0019664764404296875
41064,normal,3372,1,1782358868.1776485,0.001959085464477539
41065,normal,3337,1,1782358868.1796777,0.0020291805267333984
41066,normal,82,0,1782358868.1816092,0.0019314289093017578
41067,normal,2938,0,1782358868.1838014,0.002192258834838867
41068,normal,1436,0,1782358868.185757,0.0019555091857910156
41069,normal,2220,0,1782358868.1875813,0.0018243789672851562
41070,normal,290,0,1782358868.1896238,0.002042531967163086
41071,normal,597,0,1782358868.191868,0.002244234085083008
41072,normal,1083,0,1782358868.1937203,0.001852273941040039
41073,normal,3607,0,1782358868.1956162,0.001895904541015625
41074,normal,2151,0,1782358868.197695,0.0020787715911865234
41075,normal,3229,1,1782358868.1995838,0.0018887519836425781
41076,normal,803,2,1782358868.201647,0.002063274383544922
41077,normal,339,0,1782358868.2035685,0.0019214153289794922
41078,normal,1961,0,1782358868.2055938,0.0020253658294677734
41079,normal,2635,0,1782358868.207593,0.0019991397857666016
41080,normal,3386,1,1782358868.2096488,0.0020558834075927734
41081,normal,3356,1,1782358868.2115424,0.0018935203552246094
41082,normal,238,0,1782358868.2137096,0.002167224884033203
41083,normal,3042,0,1782358868.215534,0.0018243789672851562
41084,normal,2108,0,1782358868.2176578,0.0021238327026367188
41085,normal,704,0,1782358868.2196977,0.0020399093627929688
41086,normal,235,0,1782358868.2216387,0.0019409656524658203
41087,normal,2457,0,1782358868.2236283,0.001989603042602539
41088,normal,795,2,1782358868.2256029,0.0019745826721191406
41089,normal,947,2,1782358868.2276313,0.0020284652709960938
41090,normal,142,0,1782358868.229577,0.0019457340240478516
41091,normal,970,2,1782358868.2316253,0.0020482540130615234
41092,normal,154,0,1782358868.2336433,0.002017974853515625
41093,normal,1406,0,1782358868.2355828,0.001939535140991211
41094,normal,522,0,1782358868.2378266,0.0022437572479248047
41095,normal,1258,0,1782358868.2396367,0.0018100738525390625
41096,normal,1106,0,1782358868.2417066,0.0020699501037597656
41097,normal,3646,0,1782358868.2436988,0.0019922256469726562
41098,normal,2249,0,1782358868.2455783,0.0018794536590576172
41099,normal,1659,0,1782358868.2477012,0.0021228790283203125
41100,normal,3339,1,1782358868.2497087,0.0020074844360351562
41101,normal,2013,0,1782358868.251641,0.001932382583618164
41102,normal,2168,0,1782358868.2536554,0.0020143985748291016
41103,normal,515,0,1782358868.2557967,0.002141237258911133
41104,normal,100,0,1782358868.2576332,0.001836538314819336
41105,normal,1932,0,1782358868.2597418,0.0021085739135742188
41106,normal,1281,0,1782358868.2617366,0.0019948482513427734
41107,normal,1770,0,1782358868.263622,0.0018854141235351562
41108,normal,2605,0,1782358868.2656996,0.0020775794982910156
41109,normal,129,0,1782358868.2676966,0.0019969940185546875
41110,normal,3208,1,1782358868.2695775,0.0018808841705322266
41111,normal,1979,0,1782358868.2718637,0.002286195755004883
41112,normal,2926,0,1782358868.2736545,0.001790761947631836
41113,normal,1134,0,1782358868.2756958,0.002041339874267578
41114,normal,2602,0,1782358868.2777474,0.0020515918731689453
41115,normal,2313,0,1782358868.279854,0.0021066665649414062
41116,normal,3428,0,1782358868.2816713,0.0018172264099121094
41117,normal,1265,0,1782358868.2837324,0.002061128616333008
41118,normal,1170,0,1782358868.2858999,0.0021674633026123047
41119,normal,2072,0,1782358868.2876036,0.0017037391662597656
41120,normal,3570,0,1782358868.2897315,0.0021278858184814453
41121,normal,1620,0,1782358868.2926016,0.0028700828552246094
41122,normal,858,2,1782358868.2934873,0.0008857250213623047
41123,normal,8,0,1782358868.2957363,0.002249002456665039
41124,normal,2800,0,1782358868.297752,0.0020155906677246094
41125,normal,2333,0,1782358868.2995784,0.0018265247344970703
41126,normal,394,0,1782358868.3017032,0.002124786376953125
41127,normal,1307,0,1782358868.303485,0.0017817020416259766
41128,normal,1430,0,1782358868.3057108,0.0022258758544921875
41129,normal,805,2,1782358868.3082693,0.002558469772338867
41130,normal,2128,0,1782358868.3098547,0.0015854835510253906
41131,normal,2248,0,1782358868.3116298,0.0017750263214111328
41132,normal,444,0,1782358868.313728,0.0020983219146728516
41133,normal,2811,0,1782358868.3156838,0.001955747604370117
41134,normal,1566,0,1782358868.3176224,0.0019385814666748047
41135,normal,3656,0,1782358868.3198373,0.0022149085998535156
41136,normal,3018,0,1782358868.3216288,0.0017914772033691406
41137,normal,2540,0,1782358868.3236194,0.0019905567169189453
41138,normal,1840,0,1782358868.3257303,0.0021109580993652344
41139,normal,2066,0,1782358868.3276827,0.0019524097442626953
41140,normal,1796,0,1782358868.3296149,0.0019321441650390625
41141,normal,1808,0,1782358868.3317018,0.0020868778228759766
41142,normal,689,0,1782358868.333994,0.002292156219482422
41143,normal,2436,0,1782358868.3356593,0.001665353775024414
41144,normal,2771,0,1782358868.3382392,0.002579927444458008
41145,normal,2745,0,1782358868.339556,0.0013167858123779297
41146,normal,3127,1,1782358868.3419662,0.0024101734161376953
41147,normal,475,0,1782358868.3438947,0.001928567886352539
41148,normal,1069,0,1782358868.3457522,0.0018575191497802734
41149,normal,3305,1,1782358868.3475559,0.0018036365509033203
41150,normal,3680,0,1782358868.349513,0.0019571781158447266
41151,normal,3285,1,1782358868.3519301,0.0024170875549316406
41152,normal,817,2,1782358868.3539083,0.001978158950805664
41153,normal,1561,0,1782358868.355584,0.0016756057739257812
41154,normal,1238,0,1782358868.3576815,0.002097606658935547
41155,normal,3209,1,1782358868.3595526,0.0018711090087890625
41156,normal,2383,0,1782358868.3615644,0.0020117759704589844
41157,normal,3575,0,1782358868.3636022,0.0020377635955810547
41158,normal,1282,0,1782358868.3657162,0.0021140575408935547
41159,normal,2016,0,1782358868.3676867,0.001970529556274414
41160,normal,1592,0,1782358868.3696413,0.0019545555114746094
41161,normal,3506,0,1782358868.371698,0.002056598663330078
41162,normal,2244,0,1782358868.373697,0.0019991397857666016
41163,normal,162,0,1782358868.3756201,0.0019230842590332031
41164,normal,439,0,1782358868.3776116,0.0019915103912353516
41165,normal,1572,0,1782358868.3797462,0.002134561538696289
41166,normal,2678,0,1782358868.3817353,0.001989126205444336
41167,normal,2428,0,1782358868.3836234,0.0018880367279052734
41168,normal,3020,0,1782358868.3856168,0.001993417739868164
41169,normal,3623,0,1782358868.3878264,0.0022096633911132812
41170,normal,2276,0,1782358868.3895118,0.0016853809356689453
41171,normal,1379,1,1782358868.391749,0.002237081527709961
41172,normal,3252,1,1782358868.3937316,0.0019826889038085938
41173,normal,1747,0,1782358868.3960645,0.002332925796508789
41174,normal,378,0,1782358868.3975534,0.0014889240264892578
41175,normal,1160,0,1782358868.3997614,0.0022079944610595703
41176,normal,591,0,1782358868.4016395,0.0018780231475830078
41177,normal,1558,0,1782358868.403738,0.002098560333251953
41178,normal,1409,0,1782358868.4057233,0.001985311508178711
41179,normal,2489,0,1782358868.407604,0.001880645751953125
41180,normal,1674,0,1782358868.409858,0.002254009246826172
41181,normal,91,0,1782358868.4116452,0.0017871856689453125
41182,normal,3069,1,1782358868.41376,0.0021147727966308594
41183,normal,790,2,1782358868.4157777,0.0020177364349365234
41184,normal,2951,0,1782358868.4178033,0.002025604248046875
41185,normal,2143,0,1782358868.4198594,0.002056121826171875
41186,normal,3515,0,1782358868.421535,0.0016756057739257812
41187,normal,2270,0,1782358868.4237032,0.0021681785583496094
41188,normal,3450,0,1782358868.4255815,0.0018782615661621094
41189,normal,842,2,1782358868.4277675,0.0021860599517822266
41190,normal,1791,0,1782358868.429652,0.00188446044921875
41191,normal,896,2,1782358868.4315786,0.0019266605377197266
41192,normal,1417,0,1782358868.433702,0.0021233558654785156
41193,normal,1460,0,1782358868.435653,0.001950979232788086
41194,normal,1783,0,1782358868.4380314,0.0023784637451171875
41195,normal,3559,0,1782358868.4396842,0.0016527175903320312
41196,normal,2174,0,1782358868.4417086,0.002024412155151367
41197,normal,1404,0,1782358868.4435816,0.001873016357421875
41198,normal,2907,0,1782358868.4457161,0.002134561538696289
41199,normal,3051,1,1782358868.4479482,0.002232074737548828
41200,normal,926,2,1782358868.4495726,0.0016243457794189453
41201,normal,2386,0,1782358868.4517126,0.002140045166015625
41202,normal,2395,0,1782358868.4536986,0.0019860267639160156
41203,normal,416,0,1782358868.4554973,0.0017986297607421875
41204,normal,198,0,1782358868.4579704,0.002473115921020508
41205,normal,3183,1,1782358868.459895,0.0019245147705078125
41206,normal,3243,1,1782358868.4615858,0.0016908645629882812
41207,normal,2393,0,1782358868.4637666,0.002180814743041992
41208,normal,2011,0,1782358868.465721,0.001954317092895508
41209,normal,417,0,1782358868.46787,0.0021491050720214844
41210,normal,391,0,1782358868.4697835,0.0019135475158691406
41211,normal,1251,0,1782358868.471633,0.0018494129180908203
41212,normal,677,0,1782358868.4735868,0.0019538402557373047
41213,normal,2177,0,1782358868.4757202,0.0021333694458007812
41214,normal,577,0,1782358868.4779081,0.002187967300415039
41215,normal,1387,0,1782358868.480028,0.002119779586791992
41216,normal,2202,0,1782358868.481675,0.0016469955444335938
41217,normal,648,0,1782358868.4836388,0.0019638538360595703
41218,normal,2360,0,1782358868.4855964,0.0019576549530029297
41219,normal,1154,0,1782358868.4877524,0.0021560192108154297
41220,normal,2721,0,1782358868.489722,0.001969575881958008
41221,normal,3562,0,1782358868.4916186,0.0018966197967529297
41222,normal,601,0,1782358868.4936445,0.0020258426666259766
41223,normal,3070,1,1782358868.49589,0.0022454261779785156
41224,normal,1933,0,1782358868.4975934,0.001703500747680664
41225,normal,165,0,1782358868.4997313,0.002137899398803711
41226,normal,1615,0,1782358868.501767,0.0020356178283691406
41227,normal,1090,0,1782358868.5036466,0.0018796920776367188
41228,normal,2144,0,1782358868.5058067,0.0021600723266601562
41229,normal,1565,0,1782358868.507807,0.0020003318786621094
41230,normal,760,0,1782358868.5095835,0.0017764568328857422
41231,normal,3004,0,1782358868.5116029,0.0020194053649902344
41232,normal,1432,0,1782358868.5137265,0.002123594284057617
41233,normal,1248,0,1782358868.515609,0.0018825531005859375
41234,normal,2238,0,1782358868.5177689,0.0021598339080810547
41235,normal,2585,0,1782358868.5197754,0.00200653076171875
41236,normal,219,0,1782358868.5216281,0.0018527507781982422
41237,normal,3336,1,1782358868.5238643,0.0022361278533935547
41238,normal,3454,0,1782358868.525593,0.0017287731170654297
41239,normal,2945,0,1782358868.5275967,0.0020036697387695312
41240,normal,507,0,1782358868.5297475,0.0021507740020751953
41241,normal,2378,0,1782358868.5317504,0.0020029544830322266
41242,normal,1313,0,1782358868.5335937,0.0018432140350341797
41243,normal,541,0,1782358868.5357502,0.002156496047973633
41244,normal,1254,0,1782358868.5377676,0.002017498016357422
41245,normal,1755,0,1782358868.5396981,0.0019304752349853516
41246,normal,2833,0,1782358868.5416846,0.0019865036010742188
41247,normal,3652,0,1782358868.543849,0.0021643638610839844
41248,normal,1575,0,1782358868.545539,0.001689910888671875
41249,normal,604,0,1782358868.5477667,0.002227783203125
41250,normal,2135,0,1782358868.549759,0.0019922256469726562
41251,normal,1334,1,1782358868.5516465,0.0018875598907470703
41252,normal,2766,0,1782358868.5537322,0.0020856857299804688
41253,normal,197,0,1782358868.5557203,0.0019881725311279297
41254,normal,2430,0,1782358868.5575883,0.0018680095672607422
41255,normal,264,0,1782358868.5599103,0.002321958541870117
41256,normal,448,0,1782358868.5615838,0.0016734600067138672
41257,normal,1479,0,1782358868.563781,0.002197265625
41258,normal,3629,0,1782358868.5658555,0.0020744800567626953
41259,normal,72,0,1782358868.567764,0.0019085407257080078
41260,normal,3507,0,1782358868.5698218,0.002057790756225586
41261,normal,3681,0,1782358868.5716743,0.0018525123596191406
41262,normal,484,0,1782358868.5738876,0.0022132396697998047
41263,normal,2377,0,1782358868.575774,0.0018863677978515625
41264,normal,1370,1,1782358868.5776277,0.0018537044525146484
41265,normal,1173,0,1782358868.5797217,0.0020940303802490234
41266,normal,1882,0,1782358868.5815835,0.0018618106842041016
41267,normal,998,2,1782358868.5837264,0.0021429061889648438
41268,normal,2746,0,1782358868.5859048,0.0021784305572509766
41269,normal,985,2,1782358868.587488,0.001583099365234375
41270,normal,3398,1,1782358868.5897157,0.002227783203125
41271,normal,2714,0,1782358868.5916495,0.0019338130950927734
41272,normal,1198,0,1782358868.593578,0.001928567886352539
41273,normal,525,0,1782358868.5960488,0.002470731735229492
41274,normal,1767,0,1782358868.5979981,0.001949310302734375
41275,normal,3688,0,1782358868.599649,0.0016508102416992188
41276,normal,294,0,1782358868.6015902,0.0019412040710449219
41277,normal,555,0,1782358868.6037607,0.002170562744140625
41278,normal,1351,1,1782358868.6055996,0.0018389225006103516
41279,normal,442,0,1782358868.6077526,0.0021529197692871094
41280,normal,691,0,1782358868.6099205,0.002167940139770508
41281,normal,382,0,1782358868.611535,0.0016145706176757812
41282,normal,718,0,1782358868.6137455,0.002210378646850586
41283,normal,158,0,1782358868.6157243,0.0019788742065429688
41284,normal,3109,1,1782358868.6175098,0.0017855167388916016
41285,normal,862,2,1782358868.6197593,0.002249479293823242
41286,normal,542,0,1782358868.621744,0.0019845962524414062
41287,normal,630,0,1782358868.6239076,0.0021636486053466797
41288,normal,2156,0,1782358868.625752,0.0018444061279296875
41289,normal,2796,0,1782358868.6283758,0.0026237964630126953
41290,normal,2070,0,1782358868.629513,0.0011372566223144531
41291,normal,203,0,1782358868.6319184,0.002405405044555664
41292,normal,122,0,1782358868.633861,0.0019426345825195312
41293,normal,1727,0,1782358868.635631,0.00177001953125
41294,normal,3520,0,1782358868.6375844,0.0019533634185791016
41295,normal,2035,0,1782358868.6396577,0.0020732879638671875
41296,normal,125,0,1782358868.6421678,0.00251007080078125
41297,normal,2665,0,1782358868.643765,0.0015971660614013672
41298,normal,1054,0,1782358868.6455662,0.0018012523651123047
41299,normal,1644,0,1782358868.6476288,0.002062559127807617
41300,normal,2028,0,1782358868.64975,0.0021212100982666016
41301,normal,2075,0,1782358868.6517208,0.0019707679748535156
41302,normal,52,0,1782358868.6536055,0.0018846988677978516
41303,normal,1664,0,1782358868.6559403,0.0023348331451416016
41304,normal,2641,0,1782358868.6577928,0.0018525123596191406
41305,normal,1898,0,1782358868.6597085,0.0019156932830810547
41306,normal,468,0,1782358868.6616163,0.0019078254699707031
41307,normal,3056,1,1782358868.6637206,0.0021042823791503906
41308,normal,944,2,1782358868.6656764,0.001955747604370117
41309,normal,1080,0,1782358868.667839,0.0021626949310302734
41310,normal,138,0,1782358868.6697226,0.0018835067749023438
41311,normal,957,2,1782358868.6715167,0.0017940998077392578
41312,normal,504,0,1782358868.673747,0.002230405807495117
41313,normal,2803,0,1782358868.6755214,0.0017743110656738281
41314,normal,2062,0,1782358868.6776967,0.0021753311157226562
41315,normal,204,0,1782358868.679542,0.0018453598022460938
41316,normal,1625,0,1782358868.6816154,0.0020732879638671875
41317,normal,2170,0,1782358868.683544,0.001928567886352539
41318,normal,3449,0,1782358868.685659,0.002115011215209961
41319,normal,757,0,1782358868.6877463,0.0020873546600341797
41320,normal,1921,0,1782358868.6894755,0.0017292499542236328
41321,normal,1685,0,1782358868.6916037,0.002128124237060547
41322,normal,2974,0,1782358868.6935658,0.0019621849060058594
41323,normal,1021,2,1782358868.6957946,0.0022287368774414062
41324,normal,489,0,1782358868.6976092,0.0018146038055419922
41325,normal,3220,1,1782358868.6996212,0.002012014389038086
41326,normal,1707,0,1782358868.7016385,0.0020172595977783203
41327,normal,744,0,1782358868.703767,0.00212860107421875
41328,normal,881,2,1782358868.7057507,0.001983642578125
41329,normal,823,2,1782358868.7075574,0.0018067359924316406
41330,normal,1984,0,1782358868.7096376,0.002080202102661133
41331,normal,1231,0,1782358868.711519,0.0018813610076904297
41332,normal,1599,0,1782358868.713535,0.0020160675048828125
41333,normal,2176,0,1782358868.7156885,0.0021533966064453125
41334,normal,620,0,1782358868.717752,0.0020635128021240234
41335,normal,1784,0,1782358868.7195442,0.0017921924591064453
41336,normal,1207,0,1782358868.7217538,0.0022096633911132812
41337,normal,322,0,1782358868.7237434,0.001989603042602539
41338,normal,3062,1,1782358868.725768,0.0020246505737304688
41339,normal,900,2,1782358868.7276738,0.001905679702758789
41340,normal,2655,0,1782358868.7296286,0.001954793930053711
41341,normal,80,0,1782358868.731803,0.00217437744140625
41342,normal,1581,0,1782358868.7338862,0.002083301544189453
41343,normal,2596,0,1782358868.7357275,0.0018413066864013672
41344,normal,3671,0,1782358868.7376902,0.0019626617431640625
41345,normal,478,0,1782358868.7397494,0.0020592212677001953
41346,normal,889,2,1782358868.7417054,0.0019559860229492188
41347,normal,2224,0,1782358868.7435124,0.0018069744110107422
41348,normal,1728,0,1782358868.7456317,0.002119302749633789
41349,normal,2611,0,1782358868.7474759,0.001844167709350586
41350,normal,1571,0,1782358868.7496142,0.002138376235961914
41351,normal,2918,0,1782358868.751654,0.002039670944213867
41352,normal,1445,0,1782358868.7535079,0.00185394287109375
41353,normal,2840,0,1782358868.7554731,0.0019652843475341797
41354,normal,1006,2,1782358868.7575605,0.0020873546600341797
41355,normal,687,0,1782358868.7595737,0.0020132064819335938
41356,normal,599,0,1782358868.7617428,0.0021691322326660156
41357,normal,2720,0,1782358868.7642238,0.0024809837341308594
41358,normal,224,0,1782358868.7655408,0.0013170242309570312
41359,normal,1304,0,1782358868.767494,0.001953125
41360,normal,3612,0,1782358868.7695203,0.0020263195037841797
41361,normal,540,0,1782358868.7714899,0.001969575881958008
41362,normal,2906,0,1782358868.7735367,0.002046823501586914
41363,normal,609,0,1782358868.7755318,0.001995086669921875
41364,normal,621,0,1782358868.7775667,0.002034902572631836
41365,normal,2366,0,1782358868.7794883,0.0019216537475585938
41366,normal,1118,0,1782358868.7817292,0.002240896224975586
41367,normal,2819,0,1782358868.783559,0.0018298625946044922
41368,normal,1105,0,1782358868.7855105,0.001951456069946289
41369,normal,1805,0,1782358868.7876508,0.0021402835845947266
41370,normal,792,2,1782358868.789532,0.0018811225891113281
41371,normal,1513,0,1782358868.791655,0.002123117446899414
41372,normal,2994,0,1782358868.793777,0.0021219253540039062
41373,normal,1297,0,1782358868.796265,0.0024878978729248047
41374,normal,1352,1,1782358868.7975752,0.0013103485107421875
41375,normal,2638,0,1782358868.799649,0.0020737648010253906
41376,normal,2512,0,1782358868.801988,0.002338886260986328
41377,normal,3590,0,1782358868.8037183,0.0017304420471191406
41378,normal,958,2,1782358868.8055992,0.0018808841705322266
41379,normal,212,0,1782358868.8075325,0.0019333362579345703
41380,normal,1542,0,1782358868.8098965,0.002363920211791992
41381,normal,2817,0,1782358868.8119583,0.0020618438720703125
41382,normal,1671,0,1782358868.8137507,0.0017924308776855469
41383,normal,3136,1,1782358868.8155806,0.0018298625946044922
41384,normal,446,0,1782358868.8178513,0.0022706985473632812
41385,normal,479,0,1782358868.8198137,0.001962423324584961
41386,normal,1635,0,1782358868.821574,0.001760244369506836
41387,normal,259,0,1782358868.823713,0.0021390914916992188
41388,normal,3393,1,1782358868.8256333,0.0019202232360839844
41389,normal,75,0,1782358868.827648,0.002014636993408203
41390,normal,170,0,1782358868.8299367,0.002288818359375
41391,normal,1407,0,1782358868.8316474,0.001710653305053711
41392,normal,3511,0,1782358868.8335578,0.0019104480743408203
41393,normal,3547,0,1782358868.8356538,0.002095937728881836
41394,normal,342,0,1782358868.8376405,0.0019867420196533203
41395,normal,2166,0,1782358868.839537,0.0018963813781738281
41396,normal,3659,0,1782358868.8416955,0.002158641815185547
41397,normal,1811,0,1782358868.8435066,0.0018110275268554688
41398,normal,2934,0,1782358868.8455312,0.0020246505737304688
41399,normal,1123,0,1782358868.8475127,0.001981496810913086
41400,normal,2096,0,1782358868.8494787,0.0019659996032714844
41401,normal,3171,1,1782358868.8514888,0.0020101070404052734
41402,normal,97,0,1782358868.853612,0.002123117446899414
41403,normal,2841,0,1782358868.8555536,0.001941680908203125
41404,normal,2432,0,1782358868.857494,0.0019404888153076172
41405,normal,2272,0,1782358868.8595402,0.0020461082458496094
41406,normal,2538,0,1782358868.86153,0.0019898414611816406
41407,normal,2844,0,1782358868.863471,0.0019409656524658203
41408,normal,146,0,1782358868.8655355,0.0020644664764404297
41409,normal,3211,1,1782358868.867539,0.0020034313201904297
41410,normal,1632,0,1782358868.8695064,0.0019674301147460938
41411,normal,1802,0,1782358868.871506,0.0019996166229248047
41412,normal,2187,0,1782358868.8735747,0.002068758010864258
41413,normal,1807,0,1782358868.8755534,0.001978635787963867
41414,normal,870,2,1782358868.8778713,0.0023179054260253906
41415,normal,3597,0,1782358868.8797312,0.001859903335571289
41416,normal,2531,0,1782358868.881482,0.0017507076263427734
41417,normal,12,0,1782358868.883635,0.002153158187866211
41418,normal,3551,0,1782358868.885546,0.0019109249114990234
41419,normal,3317,1,1782358868.8877625,0.0022165775299072266
41420,normal,3198,1,1782358868.8895066,0.0017440319061279297
41421,normal,1086,0,1782358868.8917093,0.002202749252319336
41422,normal,2574,0,1782358868.8939621,0.002252817153930664
41423,normal,3495,0,1782358868.8957527,0.0017905235290527344
41424,normal,910,2,1782358868.897842,0.002089262008666992
41425,normal,3444,0,1782358868.8997586,0.001916646957397461
41426,normal,1463,0,1782358868.9017377,0.0019791126251220703
41427,normal,2425,0,1782358868.903526,0.0017883777618408203
41428,normal,1948,0,1782358868.9056418,0.0021157264709472656
41429,normal,922,2,1782358868.9075294,0.0018875598907470703
41430,normal,1261,0,1782358868.9096494,0.0021200180053710938
41431,normal,2160,0,1782358868.9117885,0.0021390914916992188
41432,normal,2546,0,1782358868.9136226,0.0018341541290283203
41433,normal,2229,0,1782358868.9155142,0.0018916130065917969
41434,normal,1881,0,1782358868.9176252,0.0021109580993652344
41435,normal,1888,0,1782358868.9195423,0.001917123794555664
41436,normal,3627,0,1782358868.9217343,0.0021920204162597656
41437,normal,1320,1,1782358868.9238877,0.0021533966064453125
41438,normal,1799,0,1782358868.9258761,0.0019884109497070312
41439,normal,293,0,1782358868.927605,0.0017287731170654297
41440,normal,2847,0,1782358868.9295747,0.0019698143005371094
41441,normal,2852,0,1782358868.9317262,0.0021514892578125
41442,normal,2100,0,1782358868.933618,0.0018918514251708984
41443,normal,882,2,1782358868.9356117,0.0019936561584472656
41444,normal,1342,1,1782358868.9376566,0.0020449161529541016
41445,normal,115,0,1782358868.9397018,0.002045154571533203
41446,normal,1394,0,1782358868.9416788,0.0019769668579101562
41447,normal,2620,0,1782358868.9435413,0.0018625259399414062
41448,normal,646,0,1782358868.9456296,0.002088308334350586
41449,normal,2263,0,1782358868.9477332,0.002103567123413086
41450,normal,1357,1,1782358868.9498863,0.002153158187866211
41451,normal,2955,0,1782358868.9518206,0.0019342899322509766
41452,normal,986,2,1782358868.9535809,0.001760244369506836
41453,normal,1503,0,1782358868.9557397,0.0021588802337646484
41454,normal,292,0,1782358868.9577193,0.0019795894622802734
41455,normal,980,2,1782358868.9596446,0.0019252300262451172
41456,normal,1752,0,1782358868.9619937,0.0023491382598876953
41457,normal,472,0,1782358868.9635875,0.0015938282012939453
41458,normal,1935,0,1782358868.9656305,0.002043008804321289
41459,normal,932,2,1782358868.9675803,0.0019497871398925781
41460,normal,2579,0,1782358868.969559,0.001978635787963867
41461,normal,3267,1,1782358868.971531,0.0019719600677490234
41462,normal,1217,0,1782358868.9737225,0.0021915435791015625
41463,normal,935,2,1782358868.97553,0.0018074512481689453
41464,normal,1909,0,1782358868.9777007,0.0021708011627197266
41465,normal,3451,0,1782358868.9795535,0.0018527507781982422
41466,normal,2580,0,1782358868.981736,0.002182483673095703
41467,normal,2647,0,1782358868.9835308,0.0017948150634765625
41468,normal,1911,0,1782358868.9856315,0.002100706100463867
41469,normal,3588,0,1782358868.987572,0.0019404888153076172
41470,normal,3401,1,1782358868.9895005,0.001928567886352539
41471,normal,2438,0,1782358868.991631,0.0021305084228515625
41472,normal,1457,0,1782358868.9935193,0.001888275146484375
41473,normal,3567,0,1782358868.9957619,0.002242565155029297
41474,normal,402,0,1782358868.9976091,0.0018472671508789062
41475,normal,2374,0,1782358868.9997103,0.0021011829376220703
41476,normal,2845,0,1782358869.0016205,0.0019102096557617188
41477,normal,3489,0,1782358869.0035744,0.0019538402557373047
41478,normal,2639,0,1782358869.0056581,0.0020837783813476562
41479,normal,3619,0,1782358869.007537,0.0018787384033203125
41480,normal,3238,1,1782358869.0097244,0.002187490463256836
41481,normal,2385,0,1782358869.0115762,0.001851797103881836
41482,normal,2234,0,1782358869.0135,0.0019237995147705078
41483,normal,1035,0,1782358869.0156476,0.002147674560546875
41484,normal,3217,1,1782358869.0175524,0.0019047260284423828
41485,normal,916,2,1782358869.0198014,0.002249002456665039
41486,normal,3282,1,1782358869.0216024,0.0018010139465332031
41487,normal,3633,0,1782358869.0237384,0.0021359920501708984
41488,normal,16,0,1782358869.025672,0.0019335746765136719
41489,normal,2759,0,1782358869.0277596,0.0020875930786132812
41490,normal,128,0,1782358869.029654,0.0018944740295410156
41491,normal,113,0,1782358869.0317688,0.0021147727966308594
41492,normal,230,0,1782358869.0337067,0.0019378662109375
41493,normal,3609,0,1782358869.0357356,0.002028942108154297
41494,normal,1180,0,1782358869.0375361,0.001800537109375
41495,normal,528,0,1782358869.039653,0.0021169185638427734
41496,normal,14,0,1782358869.041571,0.0019178390502929688
41497,normal,2628,0,1782358869.043525,0.0019540786743164062
41498,normal,1618,0,1782358869.04578,0.002254962921142578
41499,normal,2785,0,1782358869.0475457,0.0017657279968261719
41500,normal,3197,1,1782358869.0496297,0.002084016799926758
41501,normal,2701,0,1782358869.0515046,0.0018749237060546875
41502,normal,2744,0,1782358869.053617,0.0021123886108398438
41503,normal,2269,0,1782358869.0558562,0.002239227294921875
41504,normal,748,0,1782358869.0579169,0.0020606517791748047
41505,normal,3117,1,1782358869.059768,0.0018510818481445312
41506,normal,837,2,1782358869.0615404,0.0017724037170410156
41507,normal,2644,0,1782358869.0637078,0.0021674633026123047
41508,normal,3190,1,1782358869.0656497,0.0019419193267822266
41509,normal,2949,0,1782358869.067552,0.0019023418426513672
41510,normal,415,0,1782358869.069908,0.002355813980102539
41511,normal,681,0,1782358869.071717,0.0018091201782226562
41512,normal,1640,0,1782358869.0735188,0.0018017292022705078
41513,normal,2697,0,1782358869.0756357,0.0021169185638427734
41514,normal,2787,0,1782358869.0775666,0.0019309520721435547
41515,normal,1812,0,1782358869.079538,0.0019714832305908203
41516,normal,3531,0,1782358869.0816362,0.00209808349609375
41517,normal,574,0,1782358869.0839858,0.0023496150970458984
41518,normal,2773,0,1782358869.0857933,0.0018074512481689453
41519,normal,1266,0,1782358869.087751,0.0019576549530029297
41520,normal,3169,1,1782358869.0896394,0.0018885135650634766
41521,normal,3615,0,1782358869.0917034,0.0020639896392822266
41522,normal,1700,0,1782358869.0937371,0.002033710479736328
41523,normal,1609,0,1782358869.0958383,0.0021011829376220703
41524,normal,3031,0,1782358869.097691,0.0018527507781982422
41525,normal,3028,0,1782358869.099711,0.0020198822021484375
41526,normal,2162,0,1782358869.1014721,0.0017611980438232422
41527,normal,1163,0,1782358869.10403,0.0025577545166015625
41528,normal,2929,0,1782358869.1056473,0.001617431640625
41529,normal,2846,0,1782358869.1075034,0.001856088638305664
41530,normal,1586,0,1782358869.1096463,0.0021429061889648438
41531,normal,2193,0,1782358869.1115448,0.0018985271453857422
41532,normal,3581,0,1782358869.113599,0.0020542144775390625
41533,normal,2325,0,1782358869.1155746,0.001975536346435547
41534,normal,2259,0,1782358869.1176088,0.0020341873168945312
41535,normal,1081,0,1782358869.1195588,0.0019500255584716797
41536,normal,1991,0,1782358869.1217422,0.0021834373474121094
41537,normal,231,0,1782358869.1236076,0.001865386962890625
41538,normal,2508,0,1782358869.1255574,0.0019497871398925781
41539,normal,3664,0,1782358869.1277587,0.0022013187408447266
41540,normal,3383,1,1782358869.1297154,0.0019567012786865234
41541,normal,1639,0,1782358869.1315336,0.0018181800842285156
41542,normal,2836,0,1782358869.1336505,0.0021169185638427734
41543,normal,1985,0,1782358869.1357582,0.0021076202392578125
41544,normal,1392,0,1782358869.137606,0.0018477439880371094
41545,normal,3184,1,1782358869.1396515,0.0020456314086914062
41546,normal,3022,0,1782358869.141649,0.0019974708557128906
41547,normal,1332,1,1782358869.1434953,0.0018463134765625
41548,normal,36,0,1782358869.1456316,0.00213623046875
41549,normal,724,0,1782358869.1476355,0.002003908157348633
41550,normal,2533,0,1782358869.1495495,0.0019140243530273438
41551,normal,3026,0,1782358869.151639,0.0020895004272460938
41552,normal,3011,0,1782358869.1536505,0.002011537551879883
41553,normal,3014,0,1782358869.1556,0.0019495487213134766
41554,normal,3318,1,1782358869.1576142,0.00201416015625
41555,normal,1666,0,1782358869.1597347,0.002120494842529297
41556,normal,2541,0,1782358869.1614916,0.001756906509399414
41557,normal,1402,0,1782358869.1636226,0.0021309852600097656
41558,normal,2609,0,1782358869.1656227,0.002000093460083008
41559,normal,2051,0,1782358869.167583,0.001960277557373047
41560,normal,778,2,1782358869.1695962,0.0020132064819335938
41561,normal,1482,0,1782358869.171623,0.002026796340942383
41562,normal,1292,0,1782358869.173511,0.0018880367279052734
41563,normal,1190,0,1782358869.175682,0.002171039581298828
41564,normal,3378,1,1782358869.1776757,0.0019936561584472656
41565,normal,619,0,1782358869.1795754,0.00189971923828125
41566,normal,2978,0,1782358869.1816928,0.0021173954010009766
41567,normal,3501,0,1782358869.1836174,0.0019245147705078125
41568,normal,1330,1,1782358869.1857533,0.0021359920501708984
41569,normal,3262,1,1782358869.1876926,0.0019392967224121094
41570,normal,2470,0,1782358869.1898477,0.0021550655364990234
41571,normal,3610,0,1782358869.191564,0.0017163753509521484
41572,normal,2106,0,1782358869.1936448,0.002080678939819336
41573,normal,821,2,1782358869.1957805,0.002135753631591797
41574,normal,3310,1,1782358869.1975582,0.00177764892578125
41575,normal,3178,1,1782358869.200027,0.0024688243865966797
41576,normal,802,2,1782358869.2016058,0.0015788078308105469
41577,normal,2560,0,1782358869.2038982,0.0022923946380615234
41578,normal,353,0,1782358869.2056859,0.0017876625061035156
41579,normal,2044,0,1782358869.2078583,0.0021724700927734375
41580,normal,3230,1,1782358869.2100117,0.0021533966064453125
41581,normal,2329,0,1782358869.211615,0.0016033649444580078
41582,normal,3462,0,1782358869.213748,0.002132892608642578
41583,normal,85,0,1782358869.2157602,0.0020122528076171875
41584,normal,2835,0,1782358869.2178063,0.0020461082458496094
41585,normal,3274,1,1782358869.219504,0.0016977787017822266
41586,normal,815,2,1782358869.2214792,0.0019750595092773438
41587,normal,2794,0,1782358869.2234578,0.001978635787963867
41588,normal,121,0,1782358869.2254798,0.0020220279693603516
41589,normal,2245,0,1782358869.22769,0.0022101402282714844
41590,normal,1419,0,1782358869.2295017,0.0018117427825927734
41591,normal,556,0,1782358869.231522,0.0020203590393066406
41592,normal,379,0,1782358869.233433,0.0019109249114990234
41593,normal,1371,1,1782358869.2355015,0.0020685195922851562
41594,normal,590,0,1782358869.2374947,0.0019931793212890625
41595,normal,400,0,1782358869.239808,0.002313375473022461
41596,normal,1749,0,1782358869.2417,0.0018918514251708984
41597,normal,3017,0,1782358869.243502,0.0018019676208496094
41598,normal,3594,0,1782358869.2454872,0.001985311508178711
41599,normal,2676,0,1782358869.2474813,0.0019941329956054688
41600,normal,2623,0,1782358869.2495222,0.002040863037109375
41601,normal,904,2,1782358869.251498,0.0019757747650146484
41602,normal,2828,0,1782358869.25361,0.0021119117736816406
41603,normal,2417,0,1782358869.2556345,0.0020246505737304688
41604,normal,1848,0,1782358869.2575095,0.0018749237060546875
41605,normal,178,0,1782358869.2594934,0.0019838809967041016
41606,normal,884,2,1782358869.2615058,0.002012491226196289
41607,normal,73,0,1782358869.2634788,0.0019729137420654297
41608,normal,2892,0,1782358869.2654638,0.0019850730895996094
41609,normal,875,2,1782358869.2675512,0.0020873546600341797
41610,normal,2566,0,1782358869.2696207,0.0020694732666015625
41611,normal,3307,1,1782358869.2715542,0.0019335746765136719
41612,normal,266,0,1782358869.273556,0.0020017623901367188
41613,normal,2130,0,1782358869.275597,0.0020411014556884766
41614,normal,3054,1,1782358869.2775311,0.001934051513671875
41615,normal,1603,0,1782358869.2795398,0.002008676528930664
41616,normal,1570,0,1782358869.2815788,0.0020389556884765625
41617,normal,605,0,1782358869.2835917,0.002012968063354492
41618,normal,2127,0,1782358869.285633,0.002041339874267578
41619,normal,772,2,1782358869.2874386,0.0018055438995361328
41620,normal,1829,0,1782358869.289547,0.002108335494995117
41621,normal,3391,1,1782358869.2917268,0.002179861068725586
41622,normal,1104,0,1782358869.2934604,0.001733541488647461
41623,normal,1539,0,1782358869.2954688,0.0020084381103515625
41624,normal,774,2,1782358869.2974951,0.0020263195037841797
41625,normal,1263,0,1782358869.2994673,0.001972198486328125
41626,normal,3408,0,1782358869.3014576,0.0019903182983398438
41627,normal,2547,0,1782358869.3035011,0.002043485641479492
41628,normal,1535,0,1782358869.3054707,0.001969575881958008
41629,normal,618,0,1782358869.3074872,0.0020165443420410156
41630,normal,2691,0,1782358869.3095691,0.0020818710327148438
41631,normal,346,0,1782358869.3115373,0.0019681453704833984
41632,normal,1000,2,1782358869.3135033,0.0019659996032714844
41633,normal,1497,0,1782358869.315583,0.0020797252655029297
41634,normal,2513,0,1782358869.3174942,0.001911163330078125
41635,normal,255,0,1782358869.3194833,0.001989126205444336
41636,normal,1751,0,1782358869.3215125,0.0020291805267333984
41637,normal,1847,0,1782358869.323489,0.001976490020751953
41638,normal,963,2,1782358869.3254848,0.0019958019256591797
41639,normal,2824,0,1782358869.3275259,0.0020411014556884766
41640,normal,1239,0,1782358869.3295293,0.0020034313201904297
41641,normal,2790,0,1782358869.3315687,0.0020394325256347656
41642,normal,1184,0,1782358869.3335133,0.0019445419311523438
41643,normal,2821,0,1782358869.3354633,0.0019500255584716797
41644,normal,1839,0,1782358869.337558,0.002094745635986328
41645,normal,1735,0,1782358869.3395567,0.0019986629486083984
41646,normal,228,0,1782358869.341637,0.002080202102661133
41647,normal,411,0,1782358869.3434799,0.0018429756164550781
41648,normal,2186,0,1782358869.3457048,0.0022249221801757812
41649,normal,2622,0,1782358869.3474693,0.001764535903930664
41650,normal,1894,0,1782358869.3496294,0.0021600723266601562
41651,normal,1647,0,1782358869.351622,0.0019927024841308594
41652,normal,2017,0,1782358869.3536112,0.001989126205444336
41653,normal,3207,1,1782358869.3556905,0.0020792484283447266
41654,normal,1926,0,1782358869.3578472,0.0021567344665527344
41655,normal,83,0,1782358869.3598855,0.002038240432739258
41656,normal,2001,0,1782358869.3615515,0.0016660690307617188
41657,normal,1270,0,1782358869.3638923,0.0023407936096191406
41658,normal,2088,0,1782358869.3655193,0.0016269683837890625
41659,normal,2789,0,1782358869.3677256,0.0022063255310058594
41660,normal,3126,1,1782358869.3695865,0.0018608570098876953
41661,normal,1393,0,1782358869.3717914,0.00220489501953125
41662,normal,867,2,1782358869.3735871,0.0017957687377929688
41663,normal,2767,0,1782358869.3757107,0.002123594284057617
41664,normal,49,0,1782358869.3776476,0.0019369125366210938
41665,normal,3535,0,1782358869.3798537,0.002206087112426758
41666,normal,2688,0,1782358869.381968,0.0021142959594726562
41667,normal,1868,0,1782358869.383723,0.0017549991607666016
41668,normal,566,0,1782358869.3855886,0.0018656253814697266
41669,normal,2150,0,1782358869.3877158,0.0021271705627441406
41670,normal,2365,0,1782358869.3894668,0.001750946044921875
41671,normal,2881,0,1782358869.3918984,0.002431631088256836
41672,normal,2310,0,1782358869.3936007,0.0017023086547851562
41673,normal,3261,1,1782358869.3956003,0.0019996166229248047
41674,normal,2247,0,1782358869.3975866,0.001986265182495117
41675,normal,2908,0,1782358869.399726,0.0021393299102783203
41676,normal,2631,0,1782358869.4019878,0.0022618770599365234
41677,normal,1891,0,1782358869.4037364,0.0017485618591308594
41678,normal,1255,0,1782358869.405691,0.0019545555114746094
41679,normal,1540,0,1782358869.4075804,0.0018894672393798828
41680,normal,2407,0,1782358869.409622,0.0020415782928466797
41681,normal,48,0,1782358869.4118555,0.0022335052490234375
41682,normal,2103,0,1782358869.4138036,0.0019481182098388672
41683,normal,1792,0,1782358869.4155364,0.0017328262329101562
41684,normal,2902,0,1782358869.4177313,0.0021948814392089844
41685,normal,11,0,1782358869.4195626,0.0018312931060791016
41686,normal,890,2,1782358869.4217765,0.0022139549255371094
41687,normal,1291,0,1782358869.4239676,0.0021910667419433594
41688,normal,2606,0,1782358869.4257545,0.001786947250366211
41689,normal,2335,0,1782358869.4279172,0.0021626949310302734
41690,normal,1867,0,1782358869.429977,0.0020596981048583984
41691,normal,1141,0,1782358869.4328983,0.0029213428497314453
41692,normal,283,0,1782358869.433494,0.0005958080291748047
41693,normal,2555,0,1782358869.4355564,0.0020623207092285156
41694,normal,3549,0,1782358869.4375646,0.002008199691772461
41695,normal,2414,0,1782358869.4395087,0.0019440650939941406
41696,normal,1431,0,1782358869.4415104,0.0020017623901367188
41697,normal,2649,0,1782358869.4435096,0.0019991397857666016
41698,normal,3563,0,1782358869.4457111,0.002201557159423828
41699,normal,2405,0,1782358869.4476092,0.001898050308227539
41700,normal,2711,0,1782358869.4496164,0.0020072460174560547
41701,normal,314,0,1782358869.4516065,0.001990079879760742
41702,normal,94,0,1782358869.4537945,0.002187967300415039
41703,normal,3481,0,1782358869.4555337,0.0017392635345458984
41704,normal,3138,1,1782358869.4577777,0.0022439956665039062
41705,normal,807,2,1782358869.4595008,0.0017230510711669922
41706,normal,3312,1,1782358869.4616427,0.0021419525146484375
41707,normal,359,0,1782358869.463465,0.0018222332000732422
41708,normal,2312,0,1782358869.4657228,0.002257823944091797
41709,normal,1416,0,1782358869.4675336,0.0018107891082763672
41710,normal,1366,1,1782358869.4698296,0.002295970916748047
41711,normal,2258,0,1782358869.4716883,0.0018587112426757812
41712,normal,1128,0,1782358869.4737377,0.0020494461059570312
41713,normal,461,0,1782358869.4756837,0.0019459724426269531
41714,normal,2548,0,1782358869.4778364,0.002152681350708008
41715,normal,654,0,1782358869.4795463,0.0017099380493164062
41716,normal,936,2,1782358869.4818375,0.0022912025451660156
41717,normal,491,0,1782358869.483689,0.0018515586853027344
41718,normal,2082,0,1782358869.4857254,0.0020363330841064453
41719,normal,1522,0,1782358869.4876864,0.0019609928131103516
41720,normal,743,0,1782358869.4898605,0.0021741390228271484
41721,normal,481,0,1782358869.4915414,0.0016808509826660156
41722,normal,1896,0,1782358869.4936838,0.0021424293518066406
41723,normal,3100,1,1782358869.4958508,0.0021669864654541016
41724,normal,2933,0,1782358869.4975388,0.0016880035400390625
41725,normal,1232,0,1782358869.4998314,0.002292633056640625
41726,normal,2159,0,1782358869.5017047,0.0018732547760009766
41727,normal,3057,1,1782358869.5037293,0.0020246505737304688
41728,normal,3526,0,1782358869.5056832,0.0019538402557373047
41729,normal,1473,0,1782358869.5078595,0.0021762847900390625
41730,normal,2371,0,1782358869.5095391,0.0016796588897705078
41731,normal,2965,0,1782358869.5118692,0.0023300647735595703
41732,normal,1578,0,1782358869.513733,0.001863718032836914
41733,normal,1213,0,1782358869.5155401,0.0018072128295898438
41734,normal,1643,0,1782358869.5178702,0.0023300647735595703
41735,normal,3470,0,1782358869.519717,0.0018467903137207031
41736,normal,1360,1,1782358869.521546,0.001828908920288086
41737,normal,3201,1,1782358869.523703,0.0021572113037109375
41738,normal,357,0,1782358869.5258887,0.0021855831146240234
41739,normal,2164,0,1782358869.5275447,0.0016560554504394531
41740,normal,2866,0,1782358869.529876,0.002331256866455078
41741,normal,74,0,1782358869.5317156,0.0018396377563476562
41742,normal,1423,0,1782358869.5343838,0.002668142318725586
41743,normal,123,0,1782358869.535517,0.0011332035064697266
41744,normal,2958,0,1782358869.5378168,0.002299785614013672
41745,normal,695,0,1782358869.539521,0.0017042160034179688
41746,normal,3632,0,1782358869.5415134,0.001992464065551758
41747,normal,1133,0,1782358869.544272,0.002758502960205078
41748,normal,3608,0,1782358869.5455146,0.0012426376342773438
41749,normal,2736,0,1782358869.5480561,0.0025415420532226562
41750,normal,2769,0,1782358869.549552,0.0014958381652832031
41751,normal,3119,1,1782358869.5515122,0.001960277557373047
41752,normal,225,0,1782358869.5535119,0.0019996166229248047
41753,normal,598,0,1782358869.5558226,0.0023107528686523438
41754,normal,232,0,1782358869.5581176,0.0022950172424316406
41755,normal,1447,0,1782358869.5598354,0.0017178058624267578
41756,normal,3442,0,1782358869.5621269,0.002291440963745117
41757,normal,3552,0,1782358869.5640872,0.001960277557373047
41758,normal,1884,0,1782358869.5662405,0.0021533966064453125
41759,normal,633,0,1782358869.5676377,0.0013971328735351562
41760,normal,1294,0,1782358869.5698934,0.002255678176879883
41761,normal,3704,0,1782358869.57154,0.0016467571258544922
41762,normal,2698,0,1782358869.5739691,0.0024290084838867188
41763,normal,736,0,1782358869.5755403,0.0015711784362792969
41764,normal,3382,1,1782358869.577916,0.0023756027221679688
41765,normal,678,0,1782358869.5796983,0.0017824172973632812
41766,normal,701,0,1782358869.5815423,0.0018439292907714844
41767,normal,3665,0,1782358869.5838737,0.0023314952850341797
41768,normal,3477,0,1782358869.5857327,0.0018589496612548828
41769,normal,2733,0,1782358869.58828,0.0025472640991210938
41770,normal,759,0,1782358869.5895422,0.0012621879577636719
41771,normal,384,0,1782358869.5919063,0.0023641586303710938
41772,normal,1757,0,1782358869.593541,0.0016345977783203125
41773,normal,1573,0,1782358869.595894,0.002353191375732422
41774,normal,116,0,1782358869.597715,0.0018208026885986328
41775,normal,2928,0,1782358869.6004143,0.0026993751525878906
41776,normal,1823,0,1782358869.6017277,0.0013134479522705078
41777,normal,1196,0,1782358869.6036892,0.0019614696502685547
41778,normal,3699,0,1782358869.6057413,0.0020520687103271484
41779,normal,2822,0,1782358869.607689,0.001947641372680664
41780,normal,707,0,1782358869.6098645,0.002175569534301758
41781,normal,93,0,1782358869.6122072,0.002342700958251953
41782,normal,2924,0,1782358869.6135461,0.001338958740234375
41783,normal,696,0,1782358869.6159077,0.0023615360260009766
41784,normal,3149,1,1782358869.6175501,0.001642465591430664
41785,normal,903,2,1782358869.6199005,0.002350330352783203
41786,normal,857,2,1782358869.6217117,0.0018112659454345703
41787,normal,656,0,1782358869.6242855,0.002573728561401367
41788,normal,3301,1,1782358869.6256964,0.0014109611511230469
41789,normal,968,2,1782358869.628454,0.002757549285888672
41790,normal,2645,0,1782358869.6303172,0.001863241195678711
41791,normal,2148,0,1782358869.6322043,0.0018870830535888672
41792,normal,1481,0,1782358869.6341157,0.0019114017486572266
41793,normal,1411,0,1782358869.6364145,0.0022988319396972656
41794,normal,508,0,1782358869.6382618,0.0018472671508789062
41795,normal,2033,0,1782358869.640114,0.001852273941040039
41796,normal,3697,0,1782358869.6419063,0.0017921924591064453
41797,normal,2734,0,1782358869.6441422,0.002235889434814453
41798,normal,2099,0,1782358869.6459017,0.0017595291137695312
41799,normal,510,0,1782358869.648412,0.0025103092193603516
41800,normal,2797,0,1782358869.6502533,0.0018413066864013672
41801,normal,2722,0,1782358869.6521127,0.001859426498413086
41802,normal,3043,0,1782358869.654299,0.002186298370361328
41803,normal,2618,0,1782358869.6564524,0.0021533966064453125
41804,normal,1218,0,1782358869.6584718,0.0020194053649902344
41805,normal,686,0,1782358869.6602628,0.0017910003662109375
41806,normal,2650,0,1782358869.662398,0.0021352767944335938
41807,normal,2361,0,1782358869.6648607,0.002462625503540039
41808,normal,87,0,1782358869.6656065,0.0007457733154296875
41809,normal,374,0,1782358869.6676817,0.0020751953125
41810,normal,141,0,1782358869.6698492,0.0021674633026123047
41811,normal,589,0,1782358869.6715426,0.0016934871673583984
41812,normal,2129,0,1782358869.6738346,0.0022919178009033203
41813,normal,86,0,1782358869.67569,0.0018553733825683594
41814,normal,3074,1,1782358869.678229,0.0025391578674316406
41815,normal,1717,0,1782358869.67954,0.0013108253479003906
41816,normal,3224,1,1782358869.681869,0.002329111099243164
41817,normal,1919,0,1782358869.6835413,0.0016722679138183594
41818,normal,2045,0,1782358869.6858726,0.002331256866455078
41819,normal,1454,0,1782358869.687711,0.0018384456634521484
41820,normal,1775,0,1782358869.690299,0.002588033676147461
41821,normal,2464,0,1782358869.6915438,0.0012447834014892578
41822,normal,1624,0,1782358869.6939318,0.00238800048828125
41823,normal,1074,0,1782358869.6955583,0.0016264915466308594
41824,normal,51,0,1782358869.6978502,0.0022919178009033203
41825,normal,365,0,1782358869.6996906,0.001840353012084961
41826,normal,2517,0,1782358869.7017233,0.002032756805419922
41827,normal,1308,0,1782358869.7036958,0.0019724369049072266
41828,normal,2301,0,1782358869.70589,0.0021941661834716797
41829,normal,2568,0,1782358869.7082002,0.0023102760314941406
41830,normal,3041,0,1782358869.709545,0.0013446807861328125
41831,normal,650,0,1782358869.7118797,0.0023348331451416016
41832,normal,192,0,1782358869.7135525,0.0016727447509765625
41833,normal,3006,0,1782358869.715867,0.0023145675659179688
41834,normal,533,0,1782358869.717706,0.0018389225006103516
41835,normal,2204,0,1782358869.720199,0.002493143081665039
41836,normal,3658,0,1782358869.7215533,0.001354217529296875
41837,normal,2636,0,1782358869.7238822,0.0023288726806640625
41838,normal,3157,1,1782358869.7255414,0.0016591548919677734
41839,normal,2534,0,1782358869.7278745,0.0023331642150878906
41840,normal,164,0,1782358869.7297142,0.0018396377563476562
41841,normal,1202,0,1782358869.7324996,0.0027854442596435547
41842,normal,3476,0,1782358869.734353,0.0018534660339355469
41843,normal,1316,0,1782358869.736288,0.0019350051879882812
41844,normal,1730,0,1782358869.7381415,0.0018534660339355469
41845,normal,1018,2,1782358869.7401237,0.0019822120666503906
41846,normal,2462,0,1782358869.7421117,0.001987934112548828
41847,normal,1912,0,1782358869.744261,0.002149343490600586
41848,normal,169,0,1782358869.7462664,0.002005338668823242
41849,normal,3513,0,1782358869.7481034,0.001837015151977539
41850,normal,1448,0,1782358869.7501357,0.0020322799682617188
41851,normal,408,0,1782358869.752407,0.002271413803100586
41852,normal,1549,0,1782358869.7548456,0.0024385452270507812
41853,normal,3272,1,1782358869.7556088,0.0007631778717041016
41854,normal,2413,0,1782358869.7576878,0.002079010009765625
41855,normal,3593,0,1782358869.759846,0.0021581649780273438
41856,normal,2856,0,1782358869.7615445,0.0016984939575195312
41857,normal,3091,1,1782358869.7638726,0.002328157424926758
41858,normal,3289,1,1782358869.765603,0.0017304420471191406
41859,normal,3419,0,1782358869.7675395,0.0019364356994628906
41860,normal,547,0,1782358869.7695053,0.001965761184692383
41861,normal,2161,0,1782358869.7716515,0.0021462440490722656
41862,normal,3163,1,1782358869.7735004,0.0018489360809326172
41863,normal,1043,0,1782358869.7757726,0.0022721290588378906
41864,normal,3096,1,1782358869.7775598,0.0017871856689453125
41865,normal,2254,0,1782358869.7798343,0.0022745132446289062
41866,normal,409,0,1782358869.781536,0.0017018318176269531
41867,normal,3361,1,1782358869.7838678,0.0023317337036132812
41868,normal,3000,0,1782358869.785537,0.001669168472290039
41869,normal,567,0,1782358869.787851,0.0023140907287597656
41870,normal,560,0,1782358869.789692,0.001840829849243164
41871,normal,1191,0,1782358869.791539,0.0018470287322998047
41872,normal,2802,0,1782358869.7938552,0.0023162364959716797
41873,normal,640,0,1782358869.7956884,0.001833200454711914
41874,normal,1616,0,1782358869.7977407,0.00205230712890625
41875,normal,3493,0,1782358869.7997139,0.0019731521606445312
41876,normal,526,0,1782358869.8016975,0.001983642578125
41877,normal,3143,1,1782358869.8037422,0.002044677734375
41878,normal,455,0,1782358869.805542,0.0017998218536376953
41879,normal,1651,0,1782358869.8078423,0.002300262451171875
41880,normal,3573,0,1782358869.8095875,0.0017452239990234375
41881,normal,2241,0,1782358869.8117077,0.0021202564239501953
41882,normal,3254,1,1782358869.8139234,0.0022156238555908203
41883,normal,3591,0,1782358869.8157356,0.0018122196197509766
41884,normal,2943,0,1782358869.817709,0.001973390579223633
41885,normal,1029,2,1782358869.8197036,0.001994609832763672
41886,normal,1440,0,1782358869.8217444,0.002040863037109375
41887,normal,749,0,1782358869.823691,0.0019464492797851562
41888,normal,3655,0,1782358869.8258662,0.0021753311157226562
41889,normal,3367,1,1782358869.827546,0.0016796588897705078
41890,normal,3395,1,1782358869.8298502,0.0023043155670166016
41891,normal,422,0,1782358869.8316977,0.0018475055694580078
41892,normal,1977,0,1782358869.8337746,0.002076864242553711
41893,normal,3068,1,1782358869.8356946,0.0019199848175048828
41894,normal,2461,0,1782358869.8378675,0.0021729469299316406
41895,normal,67,0,1782358869.8395438,0.001676321029663086
41896,normal,2116,0,1782358869.8418674,0.002323627471923828
41897,normal,2880,0,1782358869.8437407,0.0018732547760009766
41898,normal,3568,0,1782358869.8457506,0.002009868621826172
41899,normal,2858,0,1782358869.847696,0.00194549560546875
41900,normal,729,0,1782358869.8498688,0.002172708511352539
41901,normal,2032,0,1782358869.8515515,0.0016827583312988281
41902,normal,2137,0,1782358869.8538742,0.002322673797607422
41903,normal,1893,0,1782358869.8556995,0.0018253326416015625
41904,normal,523,0,1782358869.8575451,0.0018455982208251953
41905,normal,1929,0,1782358869.8599055,0.0023603439331054688
41906,normal,1293,0,1782358869.8617177,0.0018122196197509766
41907,normal,2672,0,1782358869.864148,0.0024302005767822266
41908,normal,505,0,1782358869.865549,0.0014011859893798828
41909,normal,273,0,1782358869.8678992,0.0023500919342041016
41910,normal,2290,0,1782358869.869543,0.0016438961029052734
41911,normal,1803,0,1782358869.8718917,0.002348661422729492
41912,normal,1708,0,1782358869.8737073,0.0018155574798583984
41913,normal,1548,0,1782358869.8763075,0.0026001930236816406
41914,normal,3602,0,1782358869.8775482,0.0012407302856445312
41915,normal,516,0,1782358869.879904,0.002355813980102539
41916,normal,1924,0,1782358869.8815422,0.001638174057006836
41917,normal,2995,0,1782358869.883885,0.002342700958251953
41918,normal,3082,1,1782358869.8857224,0.0018374919891357422
41919,normal,1277,0,1782358869.888269,0.002546548843383789
41920,normal,593,0,1782358869.889704,0.0014350414276123047
41921,normal,2206,0,1782358869.8918877,0.002183675765991211
41922,normal,1525,0,1782358869.893547,0.001659393310546875
41923,normal,2068,0,1782358869.8958623,0.0023152828216552734
41924,normal,1227,0,1782358869.8977013,0.0018389225006103516
41925,normal,2435,0,1782358869.8997743,0.002073049545288086
41926,normal,2696,0,1782358869.9016936,0.0019192695617675781
41927,normal,3093,1,1782358869.903868,0.00217437744140625
41928,normal,2553,0,1782358869.9062266,0.002358675003051758
41929,normal,143,0,1782358869.9075463,0.0013196468353271484
41930,normal,3098,1,1782358869.9099684,0.0024220943450927734
41931,normal,469,0,1782358869.9115443,0.0015759468078613281
41932,normal,24,0,1782358869.9139016,0.0023572444915771484
41933,normal,3410,0,1782358869.9157043,0.001802682876586914
41934,normal,153,0,1782358869.9183006,0.0025963783264160156
41935,normal,1441,0,1782358869.920141,0.001840353012084961
41936,normal,1462,0,1782358869.9220495,0.0019085407257080078
41937,normal,3173,1,1782358869.924113,0.0020635128021240234
41938,normal,2275,0,1782358869.9261186,0.0020055770874023438
41939,normal,2299,0,1782358869.9281025,0.0019838809967041016
41940,normal,766,0,1782358869.9299278,0.0018253326416015625
41941,normal,1889,0,1782358869.931868,0.0019402503967285156
41942,normal,2911,0,1782358869.934112,0.0022439956665039062
41943,normal,2595,0,1782358869.9359121,0.0018000602722167969
41944,normal,721,0,1782358869.938085,0.0021729469299316406
41945,normal,694,0,1782358869.9400604,0.0019752979278564453
41946,normal,551,0,1782358869.9419115,0.0018510818481445312
41947,normal,1172,0,1782358869.9442983,0.002386808395385742
41948,normal,1426,0,1782358869.9461079,0.0018095970153808594
41949,normal,1178,0,1782358869.9482353,0.002127408981323242
41950,normal,124,0,1782358869.950131,0.0018956661224365234
41951,normal,1778,0,1782358869.9522712,0.0021402835845947266
41952,normal,1246,0,1782358869.954127,0.0018558502197265625
41953,normal,2231,0,1782358869.9561188,0.001991748809814453
41954,normal,2055,0,1782358869.958267,0.002148151397705078
41955,normal,1071,0,1782358869.9601295,0.0018625259399414062
41956,normal,920,2,1782358869.9621155,0.0019860267639160156
41957,normal,1159,0,1782358869.96427,0.0021545886993408203
41958,normal,801,2,1782358869.965921,0.0016508102416992188
41959,normal,2384,0,1782358869.9682581,0.002337217330932617
41960,normal,3359,1,1782358869.9706101,0.002351999282836914
41961,normal,267,0,1782358869.9723356,0.0017254352569580078
41962,normal,2257,0,1782358869.9742231,0.0018875598907470703
41963,normal,868,2,1782358869.9762685,0.0020453929901123047
41964,normal,1863,0,1782358869.9781244,0.0018558502197265625
41965,normal,302,0,1782358869.9801164,0.0019919872283935547
41966,normal,2862,0,1782358869.9823284,0.002212047576904297
41967,normal,2577,0,1782358869.9841602,0.0018317699432373047
41968,normal,3167,1,1782358869.98599,0.0018298625946044922
41969,normal,2654,0,1782358869.9878802,0.0018901824951171875
41970,normal,829,2,1782358869.9900985,0.0022182464599609375
41971,normal,1773,0,1782358869.9921026,0.0020041465759277344
41972,normal,2524,0,1782358869.9941146,0.002012014389038086
41973,normal,319,0,1782358869.9958944,0.001779794692993164
41974,normal,1420,0,1782358869.9981377,0.0022432804107666016
41975,normal,2165,0,1782358870.0000973,0.001959562301635742
41976,normal,1347,1,1782358870.0021102,0.002012968063354492
41977,normal,451,0,1782358870.0038638,0.0017535686492919922
41978,normal,2601,0,1782358870.0060484,0.002184629440307617
41979,normal,2036,0,1782358870.0082839,0.00223541259765625
41980,normal,1302,0,1782358870.0099444,0.0016605854034423828
41981,normal,2637,0,1782358870.0123653,0.0024209022521972656
41982,normal,2203,0,1782358870.0137951,0.0014297962188720703
41983,normal,1706,0,1782358870.016553,0.0027577877044677734
41984,normal,2501,0,1782358870.0184069,0.00185394287109375
41985,normal,2287,0,1782358870.021144,0.0027370452880859375
41986,normal,2903,0,1782358870.0214813,0.00033736228942871094
41987,normal,2786,0,1782358870.0242565,0.0027751922607421875
41988,normal,3008,0,1782358870.026109,0.0018525123596191406
41989,normal,2403,0,1782358870.0283139,0.00220489501953125
41990,normal,1990,0,1782358870.0301738,0.001859903335571289
41991,normal,2304,0,1782358870.0322363,0.002062559127807617
41992,normal,833,2,1782358870.034082,0.0018455982208251953
41993,normal,3617,0,1782358870.0361853,0.0021033287048339844
41994,normal,1369,1,1782358870.0382729,0.0020875930786132812
41995,normal,252,0,1782358870.0400856,0.0018126964569091797
41996,normal,2544,0,1782358870.042256,0.002170562744140625
41997,normal,3496,0,1782358870.0443432,0.002087116241455078
41998,normal,2760,0,1782358870.0470684,0.0027251243591308594
41999,normal,3302,1,1782358870.0475843,0.0005159378051757812
42000,normal,731,0,1782358870.0500317,0.002447366714477539
42001,normal,2473,0,1782358870.0522215,0.0021898746490478516
42002,normal,1262,0,1782358870.0541866,0.001965045928955078
42003,normal,2484,0,1782358870.0562057,0.002019166946411133
42004,normal,3455,0,1782358870.0580838,0.0018780231475830078
42005,normal,569,0,1782358870.0602193,0.0021355152130126953
42006,normal,1019,2,1782358870.0621538,0.0019345283508300781
42007,normal,1418,0,1782358870.064099,0.0019452571868896484
42008,normal,1516,0,1782358870.0662503,0.0021512508392333984
42009,normal,1910,0,1782358870.0683079,0.0020575523376464844
42010,normal,3560,0,1782358870.0700803,0.0017724037170410156
42011,normal,3016,0,1782358870.0721245,0.002044200897216797
42012,normal,536,0,1782358870.0742364,0.0021119117736816406
42013,normal,531,0,1782358870.0759518,0.0017154216766357422
42014,normal,188,0,1782358870.0777862,0.0018343925476074219
42015,normal,1853,0,1782358870.0803943,0.002608060836791992
42016,normal,557,0,1782358870.0825589,0.002164602279663086
42017,normal,844,2,1782358870.084355,0.0017962455749511719
42018,normal,103,0,1782358870.0870986,0.0027434825897216797
42019,normal,50,0,1782358870.087476,0.00037741661071777344
42020,normal,3342,1,1782358870.0902615,0.0027854442596435547
42021,normal,1363,1,1782358870.091991,0.0017294883728027344
42022,normal,1998,0,1782358870.0935721,0.0015811920166015625
42023,normal,2570,0,1782358870.0966313,0.0030591487884521484
42024,normal,860,2,1782358870.09752,0.000888824462890625
42025,normal,437,0,1782358870.100216,0.002695798873901367
42026,normal,3094,1,1782358870.1031103,0.0028944015502929688
42027,normal,459,0,1782358870.1036057,0.0004954338073730469
42028,normal,2320,0,1782358870.1059487,0.0023429393768310547
42029,normal,2201,0,1782358870.108123,0.00217437744140625
42030,normal,386,0,1782358870.1098993,0.0017762184143066406
42031,normal,3249,1,1782358870.111871,0.001971721649169922
42032,normal,850,2,1782358870.1141412,0.002270221710205078
42033,normal,1999,0,1782358870.1160986,0.001957416534423828
42034,normal,340,0,1782358870.117824,0.0017254352569580078
42035,normal,1763,0,1782358870.1199174,0.0020933151245117188
42036,normal,317,0,1782358870.1218634,0.0019459724426269531
42037,normal,33,0,1782358870.1244411,0.0025777816772460938
42038,normal,2443,0,1782358870.1267993,0.0023581981658935547
42039,normal,2795,0,1782358870.127747,0.0009477138519287109
42040,normal,1697,0,1782358870.1300046,0.0022575855255126953
42041,normal,2723,0,1782358870.1321871,0.002182483673095703
42042,normal,1469,0,1782358870.133554,0.0013668537139892578
42043,normal,1869,0,1782358870.135722,0.002167940139770508
42044,normal,257,0,1782358870.137518,0.0017960071563720703
42045,normal,1383,0,1782358870.1396108,0.0020928382873535156
42046,normal,3634,0,1782358870.1414993,0.0018885135650634766
42047,normal,673,0,1782358870.1437085,0.002209186553955078
42048,normal,1327,1,1782358870.1454935,0.0017850399017333984
42049,normal,2280,0,1782358870.1476562,0.0021626949310302734
42050,normal,5,0,1782358870.1495175,0.0018613338470458984
42051,normal,284,0,1782358870.1516569,0.0021393299102783203
42052,normal,2054,0,1782358870.1534917,0.001834869384765625
42053,normal,234,0,1782358870.1557183,0.002226591110229492
42054,normal,3351,1,1782358870.157494,0.0017757415771484375
42055,normal,3525,0,1782358870.159654,0.0021598339080810547
42056,normal,2956,0,1782358870.1615171,0.001863241195678711
42057,normal,3402,0,1782358870.1637223,0.0022051334381103516
42058,normal,625,0,1782358870.1654913,0.0017690658569335938
42059,normal,1271,0,1782358870.1677346,0.0022432804107666016
42060,normal,2877,0,1782358870.1695065,0.0017719268798828125
42061,normal,480,0,1782358870.171706,0.002199411392211914
42062,normal,1468,0,1782358870.1735342,0.0018281936645507812
42063,normal,2349,0,1782358870.1757164,0.0021822452545166016
42064,normal,3346,1,1782358870.1774936,0.0017771720886230469
42065,normal,23,0,1782358870.179717,0.002223491668701172
42066,normal,47,0,1782358870.1814947,0.00177764892578125
42067,normal,2080,0,1782358870.1836522,0.002157449722290039
42068,normal,2661,0,1782358870.1855288,0.0018765926361083984
42069,normal,1579,0,1782358870.1877103,0.002181529998779297
42070,normal,3260,1,1782358870.1894941,0.0017838478088378906
42071,normal,583,0,1782358870.191751,0.0022568702697753906
42072,normal,3377,1,1782358870.193495,0.0017440319061279297
42073,normal,3345,1,1782358870.1956515,0.002156496047973633
42074,normal,811,2,1782358870.197536,0.00188446044921875
42075,normal,42,0,1782358870.1997132,0.0021772384643554688
42076,normal,813,2,1782358870.2014937,0.0017805099487304688
42077,normal,578,0,1782358870.2037606,0.0022668838500976562
42078,normal,3554,0,1782358870.2054942,0.001733541488647461
42079,normal,1346,1,1782358870.207652,0.002157926559448242
42080,normal,1567,0,1782358870.2095351,0.0018830299377441406
42081,normal,3672,0,1782358870.2117202,0.0021851062774658203
42082,normal,3362,1,1782358870.2134933,0.0017731189727783203
42083,normal,898,2,1782358870.2157428,0.002249479293823242
42084,normal,770,0,1782358870.2174923,0.0017495155334472656
42085,normal,3364,1,1782358870.219654,0.002161741256713867
42086,normal,1165,0,1782358870.2215168,0.0018627643585205078
42087,normal,965,2,1782358870.2237217,0.00220489501953125
42088,normal,2716,0,1782358870.225491,0.0017693042755126953
42089,normal,1433,0,1782358870.2277076,0.0022165775299072266
42090,normal,1162,0,1782358870.2294915,0.0017838478088378906
42091,normal,1660,0,1782358870.2316518,0.002160310745239258
42092,normal,1906,0,1782358870.233515,0.001863241195678711
42093,normal,1596,0,1782358870.2357085,0.002193450927734375
42094,normal,2474,0,1782358870.237491,0.0017824172973632812
42095,normal,2849,0,1782358870.2397091,0.0022182464599609375
42096,normal,3065,1,1782358870.2414985,0.0017893314361572266
42097,normal,2781,0,1782358870.2437053,0.0022068023681640625
42098,normal,265,0,1782358870.2455142,0.0018088817596435547
42099,normal,1928,0,1782358870.2477117,0.0021975040435791016
42100,normal,1345,1,1782358870.249492,0.0017802715301513672
42101,normal,1461,0,1782358870.2517695,0.0022776126861572266
42102,normal,383,0,1782358870.2534926,0.0017230510711669922
42103,normal,3420,0,1782358870.2556386,0.002146005630493164
42104,normal,3325,1,1782358870.2575338,0.0018951892852783203
42105,normal,3483,0,1782358870.259645,0.002111196517944336
42106,normal,3707,0,1782358870.26149,0.0018451213836669922
42107,normal,717,0,1782358870.263773,0.002282857894897461
42108,normal,2979,0,1782358870.265492,0.0017189979553222656
42109,normal,2139,0,1782358870.2676466,0.0021545886993408203
42110,normal,220,0,1782358870.2695353,0.0018887519836425781
42111,normal,2967,0,1782358870.2716494,0.0021140575408935547
42112,normal,1210,0,1782358870.2735078,0.0018584728240966797
42113,normal,527,0,1782358870.2757773,0.0022695064544677734
42114,normal,2431,0,1782358870.2774923,0.001714944839477539
42115,normal,3478,0,1782358870.279642,0.002149820327758789
42116,normal,839,2,1782358870.281541,0.0018990039825439453
42117,normal,2499,0,1782358870.2836502,0.002109050750732422
42118,normal,449,0,1782358870.2854931,0.0018429756164550781
42119,normal,933,2,1782358870.2877781,0.002285003662109375
42120,normal,1824,0,1782358870.2894943,0.0017161369323730469
42121,normal,3277,1,1782358870.291644,0.002149820327758789
42122,normal,514,0,1782358870.2935295,0.0018854141235351562
42123,normal,2079,0,1782358870.295649,0.0021195411682128906
42124,normal,3370,1,1782358870.2974916,0.001842498779296875
42125,normal,307,0,1782358870.2997146,0.0022230148315429688
42126,normal,3095,1,1782358870.3014927,0.0017781257629394531
42127,normal,3204,1,1782358870.303648,0.002155303955078125
42128,normal,2562,0,1782358870.3055336,0.0018856525421142578
42129,normal,537,0,1782358870.307651,0.0021173954010009766
42130,normal,2441,0,1782358870.3094935,0.001842498779296875
42131,normal,739,0,1782358870.3117323,0.002238750457763672
42132,normal,3426,0,1782358870.3134928,0.0017604827880859375
42133,normal,2409,0,1782358870.3157187,0.0022258758544921875
42134,normal,3580,0,1782358870.3175073,0.0017886161804199219
42135,normal,1490,0,1782358870.319722,0.002214670181274414
42136,normal,1762,0,1782358870.3214912,0.0017693042755126953
42137,normal,699,0,1782358870.3237302,0.0022389888763427734
42138,normal,1063,0,1782358870.3254902,0.0017600059509277344
42139,normal,2873,0,1782358870.3276527,0.002162456512451172
42140,normal,735,0,1782358870.3295138,0.0018610954284667969
42141,normal,2199,0,1782358870.3317156,0.0022017955780029297
42142,normal,1920,0,1782358870.3334923,0.0017766952514648438
42143,normal,846,2,1782358870.335733,0.0022406578063964844
42144,normal,1527,0,1782358870.3374913,0.0017583370208740234
42145,normal,1247,0,1782358870.3396516,0.002160310745239258
42146,normal,2986,0,1782358870.341553,0.001901388168334961
42147,normal,3021,0,1782358870.3437114,0.0021584033966064453
42148,normal,269,0,1782358870.3454914,0.0017800331115722656
42149,normal,2354,0,1782358870.3477378,0.002246379852294922
42150,normal,286,0,1782358870.3495045,0.0017666816711425781
42151,normal,501,0,1782358870.3515291,0.0020246505737304688
42152,normal,1787,0,1782358870.3538141,0.002285003662109375
42153,normal,1541,0,1782358870.355495,0.0016808509826660156
42154,normal,2621,0,1782358870.357648,0.0021529197692871094
42155,normal,1042,0,1782358870.3595457,0.0018978118896484375
42156,normal,509,0,1782358870.3617046,0.0021588802337646484
42157,normal,310,0,1782358870.363493,0.0017883777618408203
42158,normal,2236,0,1782358870.365722,0.002228975296020508
42159,normal,1421,0,1782358870.3674927,0.0017707347869873047
42160,normal,2024,0,1782358870.3696542,0.0021615028381347656
42161,normal,962,2,1782358870.3715377,0.0018835067749023438
42162,normal,3179,1,1782358870.3737261,0.002188444137573242
42163,normal,1449,0,1782358870.375493,0.0017669200897216797
42164,normal,181,0,1782358870.3777425,0.002249479293823242
42165,normal,3565,0,1782358870.3795083,0.0017657279968261719
42166,normal,2369,0,1782358870.3816583,0.0021500587463378906
42167,normal,2487,0,1782358870.3835301,0.0018718242645263672
42168,normal,1344,1,1782358870.3857214,0.002191305160522461
42169,normal,2677,0,1782358870.3874958,0.0017743110656738281
42170,normal,3521,0,1782358870.389731,0.0022351741790771484
42171,normal,746,0,1782358870.391493,0.0017621517181396484
42172,normal,2434,0,1782358870.3936558,0.0021626949310302734
42173,normal,1323,1,1782358870.395537,0.0018811225891113281
42174,normal,90,0,1782358870.397728,0.0021910667419433594
42175,normal,2876,0,1782358870.399491,0.0017631053924560547
42176,normal,3227,1,1782358870.4017107,0.002219676971435547
42177,normal,588,0,1782358870.403491,0.0017802715301513672
42178,normal,3273,1,1782358870.4056542,0.0021631717681884766
42179,normal,3258,1,1782358870.4075344,0.0018801689147949219
42180,normal,1580,0,1782358870.4097066,0.002172231674194336
42181,normal,2196,0,1782358870.4114938,0.0017871856689453125
42182,normal,1488,0,1782358870.4137464,0.0022525787353515625
42183,normal,1060,0,1782358870.4154937,0.0017473697662353516
42184,normal,3176,1,1782358870.417706,0.0022122859954833984
42185,normal,2898,0,1782358870.4195166,0.0018105506896972656
42186,normal,3626,0,1782358870.4217346,0.002218008041381836
42187,normal,399,0,1782358870.4234931,0.001758575439453125
42188,normal,56,0,1782358870.4257445,0.0022513866424560547
42189,normal,1079,0,1782358870.4274926,0.0017480850219726562
42190,normal,31,0,1782358870.4296556,0.002162933349609375
42191,normal,1949,0,1782358870.4315138,0.0018582344055175781
42192,normal,1876,0,1782358870.4337208,0.002207040786743164
42193,normal,2286,0,1782358870.435492,0.0017712116241455078
42194,normal,1100,0,1782358870.4377456,0.0022535324096679688
42195,normal,2420,0,1782358870.4394932,0.0017476081848144531
42196,normal,236,0,1782358870.4416544,0.002161264419555664
42197,normal,1915,0,1782358870.443517,0.0018625259399414062
42198,normal,828,2,1782358870.4457123,0.0021953582763671875
42199,normal,3161,1,1782358870.4474936,0.0017812252044677734
42200,normal,2899,0,1782358870.4497514,0.002257823944091797
42201,normal,413,0,1782358870.4514923,0.0017409324645996094
42202,normal,2778,0,1782358870.4536583,0.0021660327911376953
42203,normal,2318,0,1782358870.4555154,0.0018570423126220703
42204,normal,1005,2,1782358870.4577107,0.0021953582763671875
42205,normal,430,0,1782358870.4594917,0.0017809867858886719
42206,normal,2590,0,1782358870.4617224,0.0022306442260742188
42207,normal,1495,0,1782358870.463493,0.0017707347869873047
42208,normal,3684,0,1782358870.4656568,0.0021636486053466797
42209,normal,1011,2,1782358870.4675338,0.0018770694732666016
42210,normal,247,0,1782358870.469731,0.002197265625
42211,normal,168,0,1782358870.4714935,0.00176239013671875
42212,normal,2970,0,1782358870.4737449,0.0022513866424560547
42213,normal,1259,0,1782358870.4755018,0.001756906509399414
42214,normal,2610,0,1782358870.4776568,0.0021550655364990234
42215,normal,3324,1,1782358870.4795225,0.0018656253814697266
42216,normal,328,0,1782358870.4817216,0.0021991729736328125
42217,normal,2226,0,1782358870.483492,0.0017702579498291016
42218,normal,450,0,1782358870.4857228,0.0022308826446533203
42219,normal,3599,0,1782358870.4874935,0.0017707347869873047
42220,normal,380,0,1782358870.4896536,0.0021600723266601562
42221,normal,1412,0,1782358870.4915595,0.0019059181213378906
42222,normal,2454,0,1782358870.4937294,0.0021698474884033203
42223,normal,973,2,1782358870.4954958,0.0017664432525634766
42224,normal,3023,0,1782358870.4977248,0.002228975296020508
42225,normal,1092,0,1782358870.4994974,0.0017726421356201172
42226,normal,2498,0,1782358870.501656,0.002158641815185547
42227,normal,518,0,1782358870.503514,0.0018579959869384766
42228,normal,1140,0,1782358870.5057213,0.0022072792053222656
42229,normal,1284,0,1782358870.5074947,0.0017733573913574219
42230,normal,1577,0,1782358870.50973,0.00223541259765625
42231,normal,299,0,1782358870.5114954,0.0017652511596679688
42232,normal,1940,0,1782358870.5136547,0.0021593570709228516
42233,normal,3380,1,1782358870.5155199,0.0018651485443115234
42234,normal,1724,0,1782358870.5177038,0.0021839141845703125
42235,normal,2398,0,1782358870.5195048,0.0018010139465332031
42236,normal,615,0,1782358870.5225778,0.003072977066040039
42237,normal,2838,0,1782358870.5235167,0.0009388923645019531
42238,normal,1437,0,1782358870.525651,0.0021343231201171875
42239,normal,418,0,1782358870.5275865,0.0019354820251464844
42240,normal,1452,0,1782358870.5296586,0.0020720958709716797
42241,normal,2225,0,1782358870.53149,0.0018315315246582031
42242,normal,494,0,1782358870.533709,0.002218961715698242
42243,normal,46,0,1782358870.5354939,0.0017848014831542969
42244,normal,2668,0,1782358870.5376463,0.0021524429321289062
42245,normal,3115,1,1782358870.5395138,0.001867532730102539
42246,normal,155,0,1782358870.54165,0.00213623046875
42247,normal,2589,0,1782358870.5434914,0.0018413066864013672
42248,normal,1687,0,1782358870.545699,0.002207517623901367
42249,normal,1574,0,1782358870.547491,0.0017921924591064453
42250,normal,657,0,1782358870.549656,0.0021648406982421875
42251,normal,2998,0,1782358870.5515158,0.001859903335571289
42252,normal,2048,0,1782358870.5537038,0.002187967300415039
42253,normal,1224,0,1782358870.555492,0.0017881393432617188
42254,normal,438,0,1782358870.5577042,0.0022122859954833984
42255,normal,1434,0,1782358870.5594919,0.0017876625061035156
42256,normal,2536,0,1782358870.5616467,0.002154827117919922
42257,normal,2052,0,1782358870.5635147,0.0018680095672607422
42258,normal,3641,0,1782358870.5656574,0.002142667770385742
42259,normal,1515,0,1782358870.5674922,0.001834869384765625
42260,normal,2243,0,1782358870.569727,0.0022346973419189453
42261,normal,2183,0,1782358870.5715072,0.0017802715301513672
42262,normal,2002,0,1782358870.573656,0.002148866653442383
42263,normal,2266,0,1782358870.5755384,0.001882314682006836
42264,normal,1274,0,1782358870.5777037,0.0021653175354003906
42265,normal,3035,0,1782358870.5795016,0.0017979145050048828
42266,normal,1521,0,1782358870.5817413,0.002239704132080078
42267,normal,2429,0,1782358870.5834942,0.0017528533935546875
42268,normal,1699,0,1782358870.585654,0.0021598339080810547
42269,normal,2573,0,1782358870.5875316,0.0018775463104248047
42270,normal,1720,0,1782358870.5897043,0.002172708511352539
42271,normal,3007,0,1782358870.5914934,0.001789093017578125
42272,normal,241,0,1782358870.5937831,0.0022897720336914062
42273,normal,2250,0,1782358870.5954947,0.0017116069793701172
42274,normal,1918,0,1782358870.5976522,0.002157449722290039
42275,normal,1187,0,1782358870.5995188,0.0018665790557861328
42276,normal,613,0,1782358870.6017196,0.0022008419036865234
42277,normal,270,0,1782358870.603494,0.0017743110656738281
42278,normal,1095,0,1782358870.6057377,0.0022437572479248047
42279,normal,2922,0,1782358870.6074939,0.0017561912536621094
42280,normal,2834,0,1782358870.6096528,0.0021588802337646484
42281,normal,2545,0,1782358870.61152,0.0018672943115234375
42282,normal,3294,1,1782358870.6136546,0.002134561538696289
42283,normal,3366,1,1782358870.6154912,0.001836538314819336
42284,normal,1871,0,1782358870.6177092,0.002218008041381836
42285,normal,2732,0,1782358870.6194925,0.0017833709716796875
42286,normal,3223,1,1782358870.621655,0.002162456512451172
42287,normal,832,2,1782358870.623578,0.0019230842590332031
42288,normal,984,2,1782358870.625724,0.002146005630493164
42289,normal,381,0,1782358870.6274908,0.0017666816711425781
42290,normal,2056,0,1782358870.6297214,0.0022306442260742188
42291,normal,1593,0,1782358870.6314974,0.001775979995727539
42292,normal,3306,1,1782358870.633646,0.0021486282348632812
42293,normal,1149,0,1782358870.6355307,0.0018846988677978516
42294,normal,1390,0,1782358870.6376538,0.002123117446899414
42295,normal,427,0,1782358870.6394937,0.0018398761749267578
42296,normal,2494,0,1782358870.641712,0.0022182464599609375
42297,normal,1276,0,1782358870.6435058,0.0017938613891601562
42298,normal,1192,0,1782358870.6456563,0.0021505355834960938
42299,normal,1139,0,1782358870.647532,0.0018756389617919922
42300,normal,3076,1,1782358870.6497104,0.0021784305572509766
42301,normal,2694,0,1782358870.6514912,0.0017807483673095703
42302,normal,1555,0,1782358870.6537178,0.002226591110229492
42303,normal,1900,0,1782358870.6554942,0.0017764568328857422
42304,normal,1718,0,1782358870.6576538,0.002159595489501953
42305,normal,553,0,1782358870.6595354,0.0018815994262695312
42306,normal,1611,0,1782358870.6617117,0.0021762847900390625
42307,normal,1927,0,1782358870.6634934,0.0017817020416259766
42308,normal,2102,0,1782358870.6657088,0.0022153854370117188
42309,normal,1250,0,1782358870.6674943,0.0017855167388916016
42310,normal,1545,0,1782358870.6696439,0.0021495819091796875
42311,normal,1922,0,1782358870.6717536,0.0021097660064697266
42312,normal,1401,0,1782358870.6734924,0.0017387866973876953
42313,normal,3394,1,1782358870.6756454,0.0021529197692871094
42314,normal,685,0,1782358870.6777108,0.002065420150756836
42315,normal,358,0,1782358870.679492,0.0017812252044677734
42316,normal,1789,0,1782358870.6816535,0.0021615028381347656
42317,normal,2742,0,1782358870.6835148,0.0018613338470458984
42318,normal,2180,0,1782358870.6857107,0.0021958351135253906
42319,normal,1872,0,1782358870.6874905,0.001779794692993164
42320,normal,282,0,1782358870.6897526,0.002262115478515625
42321,normal,2482,0,1782358870.6914945,0.0017418861389160156
42322,normal,924,2,1782358870.6937332,0.002238750457763672
42323,normal,3162,1,1782358870.696493,0.002759695053100586
42324,normal,1362,1,1782358870.6975114,0.001018524169921875
42325,normal,2658,0,1782358870.6996548,0.002143383026123047
42326,normal,1649,0,1782358870.7016387,0.0019838809967041016
42327,normal,3413,0,1782358870.7035012,0.0018625259399414062
42328,normal,2863,0,1782358870.705657,0.002155780792236328
42329,normal,268,0,1782358870.707686,0.002028942108154297
42330,normal,63,0,1782358870.7095068,0.0018208026885986328
42331,normal,1843,0,1782358870.7116375,0.002130746841430664
42332,normal,3397,1,1782358870.7136543,0.002016782760620117
42333,normal,3624,0,1782358870.71554,0.0018856525421142578
42334,normal,2662,0,1782358870.717677,0.0021371841430664062
42335,normal,2537,0,1782358870.7196848,0.002007722854614258
42336,normal,1285,0,1782358870.7215,0.0018150806427001953
42337,normal,500,0,1782358870.7236266,0.0021266937255859375
42338,normal,1737,0,1782358870.7256398,0.0020132064819335938
42339,normal,3375,1,1782358870.7275012,0.0018613338470458984
42340,normal,763,0,1782358870.7296424,0.002141237258911133
42341,normal,2901,0,1782358870.7316813,0.0020389556884765625
42342,normal,1769,0,1782358870.7335026,0.001821279525756836
42343,normal,1122,0,1782358870.7356389,0.00213623046875
42344,normal,1136,0,1782358870.7376359,0.0019969940185546875
42345,normal,1252,0,1782358870.7395015,0.0018656253814697266
42346,normal,2358,0,1782358870.7416124,0.0021109580993652344
42347,normal,812,2,1782358870.7436316,0.002019166946411133
42348,normal,261,0,1782358870.7454991,0.001867532730102539
42349,normal,2197,0,1782358870.7476554,0.0021562576293945312
42350,normal,493,0,1782358870.7497218,0.002066373825073242
42351,normal,1934,0,1782358870.7514973,0.001775503158569336
42352,normal,1837,0,1782358870.7536535,0.0021562576293945312
42353,normal,1023,2,1782358870.7556484,0.0019948482513427734
42354,normal,1532,0,1782358870.7575004,0.0018520355224609375
42355,normal,66,0,1782358870.7596786,0.002178192138671875
42356,normal,2988,0,1782358870.7617126,0.0020339488983154297
42357,normal,3692,0,1782358870.7635002,0.0017876625061035156
42358,normal,2829,0,1782358870.7656798,0.0021796226501464844
42359,normal,262,0,1782358870.7677178,0.0020380020141601562
42360,normal,995,2,1782358870.7694986,0.0017807483673095703
42361,normal,2379,0,1782358870.771691,0.0021924972534179688
42362,normal,1925,0,1782358870.773639,0.0019478797912597656
42363,normal,934,2,1782358870.7754993,0.0018603801727294922
42364,normal,476,0,1782358870.777654,0.0021545886993408203
42365,normal,2726,0,1782358870.7796528,0.0019989013671875
42366,normal,2179,0,1782358870.7815232,0.0018703937530517578
42367,normal,1169,0,1782358870.783651,0.0021278858184814453
42368,normal,1857,0,1782358870.7856379,0.0019867420196533203
42369,normal,3284,1,1782358870.7875059,0.0018680095672607422
42370,normal,981,2,1782358870.789677,0.002171039581298828
42371,normal,272,0,1782358870.7916844,0.0020074844360351562
42372,normal,3280,1,1782358870.7934983,0.0018138885498046875
42373,normal,897,2,1782358870.795647,0.0021486282348632812
42374,normal,2510,0,1782358870.7976367,0.0019898414611816406
42375,normal,742,0,1782358870.7995002,0.0018634796142578125
42376,normal,2278,0,1782358870.8016806,0.002180337905883789
42377,normal,1368,1,1782358870.803654,0.001973390579223633
42378,normal,1801,0,1782358870.8054984,0.0018444061279296875
42379,normal,3304,1,1782358870.8076375,0.0021390914916992188
42380,normal,584,0,1782358870.8096435,0.002006053924560547
42381,normal,883,2,1782358870.8114998,0.0018563270568847656
42382,normal,1818,0,1782358870.8136437,0.00214385986328125
42383,normal,1626,0,1782358870.8156524,0.002008676528930664
42384,normal,1505,0,1782358870.8174968,0.0018444061279296875
42385,normal,385,0,1782358870.8196445,0.002147674560546875
42386,normal,376,0,1782358870.8216367,0.0019922256469726562
42387,normal,1777,0,1782358870.8234982,0.001861572265625
42388,normal,3334,1,1782358870.8256807,0.002182483673095703
42389,normal,603,0,1782358870.8276923,0.002011537551879883
42390,normal,3365,1,1782358870.829498,0.0018057823181152344
42391,normal,2972,0,1782358870.8316295,0.0021314620971679688
42392,normal,1614,0,1782358870.8336334,0.002003908157348633
42393,normal,3691,0,1782358870.835501,0.001867532730102539
42394,normal,375,0,1782358870.83768,0.0021791458129882812
42395,normal,131,0,1782358870.8396604,0.001980304718017578
42396,normal,1408,0,1782358870.841499,0.00183868408203125
42397,normal,2563,0,1782358870.8436306,0.0021314620971679688
42398,normal,3499,0,1782358870.8456328,0.002002239227294922
42399,normal,1637,0,1782358870.847501,0.0018682479858398438
42400,normal,3523,0,1782358870.8496783,0.0021772384643554688
42401,normal,323,0,1782358870.85166,0.0019817352294921875
42402,normal,108,0,1782358870.8534966,0.001836538314819336
42403,normal,2674,0,1782358870.8556392,0.002142667770385742
42404,normal,242,0,1782358870.8576403,0.002001047134399414
42405,normal,2171,0,1782358870.859501,0.0018606185913085938
42406,normal,2389,0,1782358870.861704,0.002203226089477539
42407,normal,2089,0,1782358870.8636549,0.0019507408142089844
42408,normal,195,0,1782358870.8655028,0.001847982406616211
42409,normal,3374,1,1782358870.8676467,0.00214385986328125
42410,normal,1096,0,1782358870.8696399,0.0019931793212890625
42411,normal,3443,0,1782358870.871499,0.0018591880798339844
42412,normal,1745,0,1782358870.8736794,0.002180337905883789
42413,normal,2894,0,1782358870.8756554,0.00197601318359375
42414,normal,2888,0,1782358870.8775022,0.0018467903137207031
42415,normal,214,0,1782358870.8796434,0.002141237258911133
42416,normal,3566,0,1782358870.881647,0.0020036697387695312
42417,normal,1221,0,1782358870.8835366,0.0018894672393798828
42418,normal,362,0,1782358870.885634,0.0020973682403564453
42419,normal,3125,1,1782358870.8876605,0.0020265579223632812
42420,normal,2207,0,1782358870.8894987,0.0018382072448730469
42421,normal,2121,0,1782358870.8916006,0.002101898193359375
42422,normal,3409,0,1782358870.8936272,0.0020265579223632812
42423,normal,762,0,1782358870.8954973,0.0018701553344726562
42424,normal,3358,1,1782358870.8976212,0.0021238327026367188
42425,normal,1897,0,1782358870.899638,0.002016782760620117
42426,normal,945,2,1782358870.9015002,0.0018622875213623047
42427,normal,1296,0,1782358870.903637,0.002136707305908203
42428,normal,2923,0,1782358870.9057646,0.0021276473999023438
42429,normal,1766,0,1782358870.9074945,0.0017299652099609375
42430,normal,664,0,1782358870.9096463,0.0021517276763916016
42431,normal,98,0,1782358870.911724,0.002077817916870117
42432,normal,3331,1,1782358870.913492,0.001767873764038086
42433,normal,3571,0,1782358870.9156525,0.0021605491638183594
42434,normal,2992,0,1782358870.9177022,0.002049684524536133
42435,normal,2582,0,1782358870.9194913,0.001789093017578125
42436,normal,3668,0,1782358870.9216459,0.0021545886993408203
42437,normal,3670,0,1782358870.9237182,0.0020723342895507812
42438,normal,1534,0,1782358870.9254937,0.001775503158569336
42439,normal,2381,0,1782358870.9276443,0.0021505355834960938
42440,normal,3702,0,1782358870.929718,0.0020737648010253906
42441,normal,371,0,1782358870.931493,0.0017750263214111328
42442,normal,1098,0,1782358870.9337115,0.002218484878540039
42443,normal,3275,1,1782358870.935511,0.0017995834350585938
42444,normal,1582,0,1782358870.9376607,0.0021495819091796875
42445,normal,1052,0,1782358870.9394896,0.001828908920288086
42446,normal,2875,0,1782358870.9417467,0.002257108688354492
42447,normal,1143,0,1782358870.9434965,0.0017497539520263672
42448,normal,529,0,1782358870.9456537,0.0021572113037109375
42449,normal,77,0,1782358870.947514,0.0018603801727294922
42450,normal,107,0,1782358870.9497085,0.0021944046020507812
42451,normal,3160,1,1782358870.951491,0.0017826557159423828
42452,normal,1738,0,1782358870.953699,0.0022079944610595703
42453,normal,1520,0,1782358870.955493,0.0017938613891601562
42454,normal,1496,0,1782358870.9576535,0.0021605491638183594
42455,normal,2009,0,1782358870.9595144,0.0018608570098876953
42456,normal,1331,1,1782358870.961661,0.0021467208862304688
42457,normal,1653,0,1782358870.96349,0.001828908920288086
42458,normal,2133,0,1782358870.9657083,0.0022182464599609375
42459,normal,1164,0,1782358870.9674914,0.001783132553100586
42460,normal,2297,0,1782358870.9696457,0.0021543502807617188
42461,normal,2966,0,1782358870.971701,0.0020551681518554688
42462,normal,1498,0,1782358870.9735076,0.0018067359924316406
42463,normal,2542,0,1782358870.9756546,0.0021469593048095703
42464,normal,2061,0,1782358870.977708,0.002053499221801758
42465,normal,2426,0,1782358870.979492,0.0017838478088378906
42466,normal,2067,0,1782358870.9816575,0.002165555953979492
42467,normal,3079,1,1782358870.983578,0.001920461654663086
42468,normal,1729,0,1782358870.985653,0.0020749568939208984
42469,normal,1608,0,1782358870.987492,0.0018391609191894531
42470,normal,3003,0,1782358870.9896977,0.0022056102752685547
42471,normal,355,0,1782358870.9914918,0.0017940998077392578
42472,normal,2208,0,1782358870.9936454,0.002153635025024414
42473,normal,3353,1,1782358870.9957116,0.0020661354064941406
42474,normal,1055,0,1782358870.9974937,0.0017821788787841797
42475,normal,3546,0,1782358870.9996426,0.002148866653442383
42476,normal,2883,0,1782358871.0017142,0.0020716190338134766
42477,normal,3349,1,1782358871.003514,0.0017998218536376953
42478,normal,1443,0,1782358871.0056524,0.002138376235961914
42479,normal,1287,0,1782358871.0077012,0.0020487308502197266
42480,normal,637,0,1782358871.0094981,0.0017969608306884766
42481,normal,3244,1,1782358871.0116532,0.0021550655364990234
42482,normal,3519,0,1782358871.013778,0.002124786376953125
42483,normal,111,0,1782358871.0155222,0.0017442703247070312
42484,normal,3153,1,1782358871.0174935,0.0019712448120117188
42485,normal,1388,0,1782358871.0197067,0.0022132396697998047
42486,normal,914,2,1782358871.0214975,0.001790761947631836
42487,normal,2030,0,1782358871.023644,0.002146482467651367
42488,normal,2240,0,1782358871.02578,0.0021359920501708984
42489,normal,309,0,1782358871.027492,0.0017120838165283203
42490,normal,4,0,1782358871.0296457,0.002153635025024414
42491,normal,1950,0,1782358871.0317817,0.0021359920501708984
42492,normal,2107,0,1782358871.0334918,0.0017101764678955078
42493,normal,1399,0,1782358871.0356429,0.002151012420654297
42494,normal,1102,0,1782358871.0377395,0.0020966529846191406
42495,normal,614,0,1782358871.0394921,0.001752614974975586
42496,normal,274,0,1782358871.0416448,0.002152681350708008
42497,normal,2452,0,1782358871.043705,0.0020601749420166016
42498,normal,3529,0,1782358871.045495,0.0017900466918945312
42499,normal,539,0,1782358871.0476441,0.0021491050720214844
42500,normal,2375,0,1782358871.0497036,0.002059459686279297
42501,normal,251,0,1782358871.051494,0.0017902851104736328
42502,normal,3446,0,1782358871.0536468,0.0021529197692871094
42503,normal,2192,0,1782358871.0558374,0.0021905899047851562
42504,normal,732,0,1782358871.0574982,0.0016608238220214844
42505,normal,3412,0,1782358871.0596435,0.0021452903747558594
42506,normal,1301,0,1782358871.0618238,0.002180337905883789
42507,normal,2826,0,1782358871.0634942,0.0016703605651855469
42508,normal,215,0,1782358871.0656452,0.002151012420654297
42509,normal,3429,0,1782358871.0677137,0.0020685195922851562
42510,normal,1970,0,1782358871.069494,0.0017802715301513672
42511,normal,1636,0,1782358871.0716503,0.0021562576293945312
42512,normal,1551,0,1782358871.073704,0.0020537376403808594
42513,normal,2200,0,1782358871.0754917,0.0017876625061035156
42514,normal,2962,0,1782358871.0776453,0.002153635025024414
42515,normal,586,0,1782358871.0797033,0.0020580291748046875
42516,normal,69,0,1782358871.0814915,0.0017881393432617188
42517,normal,642,0,1782358871.0836465,0.0021550655364990234
42518,normal,818,2,1782358871.085718,0.002071380615234375
42519,normal,667,0,1782358871.0874903,0.0017724037170410156
42520,normal,126,0,1782358871.0896547,0.0021643638610839844
42521,normal,3354,1,1782358871.0917065,0.002051830291748047
42522,normal,2884,0,1782358871.093494,0.001787424087524414
42523,normal,3640,0,1782358871.095642,0.002148151397705078
42524,normal,1779,0,1782358871.0977082,0.0020661354064941406
42525,normal,1131,0,1782358871.0994956,0.001787424087524414
42526,normal,1501,0,1782358871.1016462,0.0021505355834960938
42527,normal,1645,0,1782358871.1037028,0.002056598663330078
42528,normal,1758,0,1782358871.105493,0.0017902851104736328
42529,normal,313,0,1782358871.1076446,0.0021514892578125
42530,normal,485,0,1782358871.1097105,0.002065896987915039
42531,normal,1264,0,1782358871.1114929,0.0017824172973632812
42532,normal,237,0,1782358871.1136463,0.0021533966064453125
42533,normal,497,0,1782358871.1157455,0.002099275588989258
42534,normal,1673,0,1782358871.1174922,0.0017466545104980469
42535,normal,1838,0,1782358871.1196442,0.002151966094970703
42536,normal,1373,1,1782358871.1217237,0.002079486846923828
42537,normal,1663,0,1782358871.1234922,0.0017685890197753906
42538,normal,1834,0,1782358871.1256456,0.0021533966064453125
42539,normal,632,0,1782358871.1277218,0.0020761489868164062
42540,normal,2076,0,1782358871.1294918,0.00177001953125
42541,normal,1003,2,1782358871.1317813,0.0022895336151123047
42542,normal,1485,0,1782358871.133528,0.0017466545104980469
42543,normal,1604,0,1782358871.135551,0.002022981643676758
42544,normal,3052,1,1782358871.1375284,0.0019774436950683594
42545,normal,1151,0,1782358871.1398375,0.002309083938598633
42546,normal,367,0,1782358871.1415124,0.0016748905181884766
42547,normal,420,0,1782358871.143514,0.002001523971557617
42548,normal,3453,0,1782358871.145799,0.002285003662109375
42549,normal,1046,0,1782358871.1475153,0.0017163753509521484
42550,normal,2946,0,1782358871.1504855,0.0029702186584472656
42551,normal,2126,0,1782358871.1527703,0.0022847652435302734
42552,normal,1476,0,1782358871.1535172,0.0007469654083251953
42553,normal,3387,1,1782358871.1555269,0.0020096302032470703
42554,normal,2506,0,1782358871.1578107,0.002283811569213867
42555,normal,2282,0,1782358871.159514,0.0017032623291015625
42556,normal,2211,0,1782358871.1616378,0.0021238327026367188
42557,normal,2940,0,1782358871.1637306,0.0020928382873535156
42558,normal,1887,0,1782358871.1655161,0.0017855167388916016
42559,normal,208,0,1782358871.1675324,0.002016305923461914
42560,normal,3300,1,1782358871.1697478,0.0022153854370117188
42561,normal,714,0,1782358871.1721766,0.002428770065307617
42562,normal,2763,0,1782358871.1735446,0.0013680458068847656
42563,normal,2006,0,1782358871.1758246,0.002279996871948242
42564,normal,563,0,1782358871.1775272,0.0017025470733642578
42565,normal,2324,0,1782358871.179547,0.0020198822021484375
42566,normal,3316,1,1782358871.183294,0.0037469863891601562
42567,normal,3247,1,1782358871.1836214,0.0003273487091064453
42568,normal,3468,0,1782358871.1861103,0.002488851547241211
42569,normal,1879,0,1782358871.188052,0.001941680908203125
42570,normal,864,2,1782358871.1901963,0.002144336700439453
42571,normal,1675,0,1782358871.192087,0.0018906593322753906
42572,normal,3572,0,1782358871.1942677,0.002180814743041992
42573,normal,1815,0,1782358871.1961298,0.0018620491027832031
42574,normal,660,0,1782358871.1981974,0.00206756591796875
42575,normal,716,0,1782358871.2003121,0.0021147727966308594
42576,normal,1493,0,1782358871.202239,0.0019268989562988281
42577,normal,2337,0,1782358871.2045534,0.002314329147338867
42578,normal,2188,0,1782358871.2062676,0.0017142295837402344
42579,normal,1158,0,1782358871.2082691,0.002001523971557617
42580,normal,940,2,1782358871.2103024,0.002033233642578125
42581,normal,3253,1,1782358871.212261,0.001958608627319336
42582,normal,2342,0,1782358871.2140536,0.0017926692962646484
42583,normal,3159,1,1782358871.2164469,0.0023932456970214844
42584,normal,663,0,1782358871.2175972,0.001150369644165039
42585,normal,2805,0,1782358871.2198906,0.0022933483123779297
42586,normal,57,0,1782358871.2215745,0.001683950424194336
42587,normal,1195,0,1782358871.2237606,0.0021860599517822266
42588,normal,3064,1,1782358871.2258475,0.0020868778228759766
42589,normal,2616,0,1782358871.2275834,0.0017359256744384766
42590,normal,2867,0,1782358871.2298765,0.002293109893798828
42591,normal,3322,1,1782358871.2315478,0.0016713142395019531
42592,normal,3186,1,1782358871.2339048,0.002357006072998047
42593,normal,785,2,1782358871.2356946,0.0017898082733154297
42594,normal,3421,0,1782358871.237729,0.002034425735473633
42595,normal,1335,1,1782358871.2396896,0.0019605159759521484
42596,normal,2081,0,1782358871.2417953,0.002105712890625
42597,normal,1483,0,1782358871.2437882,0.001992940902709961
42598,normal,3347,1,1782358871.2455754,0.0017871856689453125
42599,normal,3297,1,1782358871.2478614,0.0022859573364257812
42600,normal,2228,0,1782358871.2495365,0.0016751289367675781
42601,normal,3574,0,1782358871.2518973,0.002360820770263672
42602,normal,3536,0,1782358871.253705,0.0018076896667480469
42603,normal,786,2,1782358871.2557805,0.0020754337310791016
42604,normal,1880,0,1782358871.2577221,0.001941680908203125
42605,normal,872,2,1782358871.2598615,0.0021393299102783203
42606,normal,2442,0,1782358871.2615352,0.0016736984252929688
42607,normal,3172,1,1782358871.2639127,0.0023775100708007812
42608,normal,3360,1,1782358871.2655497,0.0016369819641113281
42609,normal,1714,0,1782358871.2678573,0.0023076534271240234
42610,normal,407,0,1782358871.2695735,0.0017161369323730469
42611,normal,1836,0,1782358871.2718458,0.002272367477416992
42612,normal,2111,0,1782358871.273536,0.0016901493072509766
42613,normal,1684,0,1782358871.275888,0.002351999282836914
42614,normal,65,0,1782358871.2776952,0.0018072128295898438
42615,normal,3032,0,1782358871.2797287,0.0020334720611572266
42616,normal,1820,0,1782358871.281575,0.0018463134765625
42617,normal,3058,1,1782358871.2839253,0.002350330352783203
42618,normal,3592,0,1782358871.285536,0.0016107559204101562
42619,normal,1113,0,1782358871.2878861,0.0023500919342041016
42620,normal,2530,0,1782358871.2896845,0.001798391342163086
42621,normal,2453,0,1782358871.29173,0.0020453929901123047
42622,normal,254,0,1782358871.293693,0.0019631385803222656
42623,normal,1947,0,1782358871.2966108,0.002917766571044922
42624,normal,2920,0,1782358871.297487,0.0008761882781982422
42625,normal,2173,0,1782358871.2997065,0.0022194385528564453
42626,normal,102,0,1782358871.3016806,0.0019741058349609375
42627,normal,3582,0,1782358871.3037374,0.0020568370819091797
42628,normal,160,0,1782358871.3055065,0.0017690658569335938
42629,normal,3281,1,1782358871.3078492,0.002342700958251953
42630,normal,2042,0,1782358871.3095195,0.0016703605651855469
42631,normal,3139,1,1782358871.3118818,0.0023622512817382812
42632,normal,2406,0,1782358871.31369,0.00180816650390625
42633,normal,2982,0,1782358871.3157327,0.0020427703857421875
42634,normal,592,0,1782358871.3177288,0.0019960403442382812
42635,normal,521,0,1782358871.319686,0.0019571781158447266
42636,normal,1895,0,1782358871.3215344,0.001848459243774414
42637,normal,3279,1,1782358871.3238838,0.002349376678466797
42638,normal,2925,0,1782358871.3257108,0.0018270015716552734
42639,normal,457,0,1782358871.3277378,0.0020270347595214844
42640,normal,318,0,1782358871.3297186,0.0019807815551757812
42641,normal,3308,1,1782358871.3317544,0.002035856246948242
42642,normal,519,0,1782358871.3337004,0.0019459724426269531
42643,normal,607,0,1782358871.335559,0.0018584728240966797
42644,normal,306,0,1782358871.3378465,0.002287626266479492
42645,normal,570,0,1782358871.3395367,0.0016901493072509766
42646,normal,2914,0,1782358871.3418498,0.0023131370544433594
42647,normal,326,0,1782358871.3436878,0.0018379688262939453
42648,normal,221,0,1782358871.3457263,0.0020384788513183594
42649,normal,3134,1,1782358871.3476908,0.001964569091796875
42650,normal,2712,0,1782358871.3495653,0.0018744468688964844
42651,normal,21,0,1782358871.3515606,0.0019953250885009766
42652,normal,3210,1,1782358871.3538933,0.0023326873779296875
42653,normal,2277,0,1782358871.3556867,0.0017933845520019531
42654,normal,568,0,1782358871.3577354,0.0020487308502197266
42655,normal,2865,0,1782358871.3595502,0.0018148422241210938
42656,normal,1500,0,1782358871.3618827,0.002332448959350586
42657,normal,327,0,1782358871.3642108,0.002328157424926758
42658,normal,629,0,1782358871.3657098,0.0014989376068115234
42659,normal,3121,1,1782358871.367836,0.0021262168884277344
42660,normal,1103,0,1782358871.3695447,0.0017087459564208984
42661,normal,3505,0,1782358871.371908,0.0023632049560546875
42662,normal,2770,0,1782358871.3736358,0.0017278194427490234
42663,normal,3156,1,1782358871.3762012,0.0025653839111328125
42664,normal,3293,1,1782358871.377706,0.0015048980712890625
42665,normal,1045,0,1782358871.3798666,0.0021605491638183594
42666,normal,2634,0,1782358871.3815434,0.001676797866821289
42667,normal,2913,0,1782358871.383868,0.0023245811462402344
42668,normal,2656,0,1782358871.3856215,0.0017535686492919922
42669,normal,175,0,1782358871.3877518,0.002130270004272461
42670,normal,1723,0,1782358871.3897119,0.0019600391387939453
42671,normal,3256,1,1782358871.3918202,0.002108335494995117
42672,normal,946,2,1782358871.3941793,0.002359151840209961
42673,normal,2138,0,1782358871.3963196,0.0021402835845947266
42674,normal,3694,0,1782358871.3981032,0.001783609390258789
42675,normal,1201,0,1782358871.400105,0.0020017623901367188
42676,normal,338,0,1782358871.4024417,0.002336740493774414
42677,normal,1677,0,1782358871.4048247,0.002382993698120117
42678,normal,2189,0,1782358871.405685,0.0008602142333984375
42679,normal,705,0,1782358871.4081187,0.00243377685546875
42680,normal,1759,0,1782358871.4104476,0.0023288726806640625
42681,normal,105,0,1782358871.4125931,0.002145528793334961
42682,normal,617,0,1782358871.413941,0.0013477802276611328
42683,normal,2559,0,1782358871.4159486,0.002007722854614258
42684,normal,1552,0,1782358871.4175456,0.0015969276428222656
42685,normal,1793,0,1782358871.4199364,0.0023908615112304688
42686,normal,1923,0,1782358871.421708,0.001771688461303711
42687,normal,1715,0,1782358871.4237354,0.002027273178100586
42688,normal,2131,0,1782358871.425575,0.0018396377563476562
42689,normal,715,0,1782358871.42789,0.002315044403076172
42690,normal,1175,0,1782358871.429544,0.001653909683227539
42691,normal,3598,0,1782358871.4318933,0.002349376678466797
42692,normal,2496,0,1782358871.4335938,0.0017004013061523438
42693,normal,3452,0,1782358871.4357352,0.0021414756774902344
42694,normal,3620,0,1782358871.437698,0.0019626617431640625
42695,normal,1405,0,1782358871.4398055,0.0021076202392578125
42696,normal,27,0,1782358871.4415436,0.0017380714416503906
42697,normal,3458,0,1782358871.4439044,0.002360820770263672
42698,normal,761,0,1782358871.4457045,0.0018000602722167969
42699,normal,2022,0,1782358871.4485016,0.0027971267700195312
42700,normal,464,0,1782358871.4503105,0.0018088817596435547
42701,normal,2700,0,1782358871.452273,0.001962423324584961
42702,normal,1422,0,1782358871.4539,0.001627206802368164
42703,normal,2268,0,1782358871.456471,0.0025708675384521484
42704,normal,2543,0,1782358871.4577568,0.0012857913970947266
42705,normal,602,0,1782358871.4602604,0.002503633499145508
42706,normal,369,0,1782358871.461593,0.0013325214385986328
42707,normal,852,2,1782358871.4638793,0.0022864341735839844
42708,normal,967,2,1782358871.4655452,0.0016658306121826172
42709,normal,463,0,1782358871.4679353,0.002390146255493164
42710,normal,2308,0,1782358871.4696965,0.0017611980438232422
42711,normal,2664,0,1782358871.4717405,0.0020439624786376953
42712,normal,3299,1,1782358871.4737391,0.0019986629486083984
42713,normal,1973,0,1782358871.475867,0.0021278858184814453
42714,normal,150,0,1782358871.478168,0.0023009777069091797
42715,normal,1059,0,1782358871.4795527,0.001384735107421875
42716,normal,2050,0,1782358871.4818552,0.002302408218383789
42717,normal,1951,0,1782358871.4835434,0.001688241958618164
42718,normal,496,0,1782358871.4858851,0.002341747283935547
42719,normal,185,0,1782358871.487685,0.0017998218536376953
42720,normal,325,0,1782358871.4895525,0.001867532730102539
42721,normal,3344,1,1782358871.4918795,0.00232696533203125
42722,normal,233,0,1782358871.493702,0.0018224716186523438
42723,normal,2117,0,1782358871.4957614,0.002059459686279297
42724,normal,3647,0,1782358871.497703,0.001941680908203125
42725,normal,201,0,1782358871.4998064,0.0021033287048339844
42726,normal,2584,0,1782358871.5015445,0.0017380714416503906
42727,normal,1273,0,1782358871.503887,0.0023424625396728516
42728,normal,2693,0,1782358871.5056102,0.0017232894897460938
42729,normal,174,0,1782358871.507751,0.0021407604217529297
42730,normal,3276,1,1782358871.5097125,0.0019614696502685547
42731,normal,1,0,1782358871.511858,0.002145528793334961
42732,normal,2298,0,1782358871.5135458,0.001687765121459961
42733,normal,387,0,1782358871.5158916,0.0023458003997802734
42734,normal,2707,0,1782358871.5176966,0.0018050670623779297
42735,normal,1756,0,1782358871.5200913,0.0023946762084960938
42736,normal,2591,0,1782358871.5217125,0.001621246337890625
42737,normal,559,0,1782358871.5237775,0.002064943313598633
42738,normal,2520,0,1782358871.5255363,0.0017588138580322266
42739,normal,877,2,1782358871.5278685,0.0023322105407714844
42740,normal,354,0,1782358871.5296817,0.0018131732940673828
42741,normal,211,0,1782358871.532067,0.002385377883911133
42742,normal,1646,0,1782358871.5336916,0.0016245841979980469
42743,normal,436,0,1782358871.5364993,0.0028076171875
42744,normal,1833,0,1782358871.538256,0.0017566680908203125
42745,normal,245,0,1782358871.5404255,0.0021696090698242188
42746,normal,1975,0,1782358871.542826,0.0024003982543945312
42747,normal,2230,0,1782358871.5436895,0.0008635520935058594
42748,normal,769,0,1782358871.5461082,0.0024187564849853516
42749,normal,3313,1,1782358871.5484447,0.0023365020751953125
42750,normal,2210,0,1782358871.5507295,0.0022847652435302734
42751,normal,2706,0,1782358871.5515625,0.0008330345153808594
42752,normal,2427,0,1782358871.5537817,0.0022192001342773438
42753,normal,347,0,1782358871.5555463,0.001764535903930664
42754,normal,3584,0,1782358871.5577078,0.0021615028381347656
42755,normal,2233,0,1782358871.559603,0.0018951892852783203
42756,normal,428,0,1782358871.5615416,0.0019385814666748047
42757,normal,460,0,1782358871.5645795,0.0030379295349121094
42758,normal,776,2,1782358871.5663328,0.0017533302307128906
42759,normal,1786,0,1782358871.568345,0.0020122528076171875
42760,normal,1099,0,1782358871.5705967,0.0022516250610351562
42761,normal,2502,0,1782358871.572728,0.002131223678588867
42762,normal,1057,0,1782358871.5736785,0.0009505748748779297
42763,normal,410,0,1782358871.5761573,0.0024788379669189453
42764,normal,1450,0,1782358871.5782723,0.002115011215209961
42765,normal,814,2,1782358871.5801094,0.001837015151977539
42766,normal,1995,0,1782358871.582258,0.0021486282348632812
42767,normal,1634,0,1782358871.5841641,0.0019061565399169922
42768,normal,295,0,1782358871.5859978,0.0018336772918701172
42769,normal,3631,0,1782358871.5881114,0.0021135807037353516
42770,normal,2729,0,1782358871.5899506,0.0018391609191894531
42771,normal,2751,0,1782358871.5921466,0.002196073532104492
42772,normal,3237,1,1782358871.5944335,0.0022869110107421875
42773,normal,2279,0,1782358871.5965698,0.00213623046875
42774,normal,2775,0,1782358871.598314,0.0017442703247070312
42775,normal,912,2,1782358871.5997405,0.0014264583587646484
42776,normal,258,0,1782358871.6017773,0.0020368099212646484
42777,normal,1486,0,1782358871.6037104,0.0019330978393554688
42778,normal,859,2,1782358871.6055913,0.0018808841705322266
42779,normal,2782,0,1782358871.6078584,0.002267122268676758
42780,normal,329,0,1782358871.6105025,0.002644062042236328
42781,normal,1220,0,1782358871.6115797,0.0010771751403808594
42782,normal,983,2,1782358871.6138976,0.0023179054260253906
42783,normal,894,2,1782358871.615545,0.0016474723815917969
42784,normal,1367,1,1782358871.6178567,0.00231170654296875
42785,normal,3114,1,1782358871.619588,0.0017311573028564453
42786,normal,764,0,1782358871.621897,0.002309083938598633
42787,normal,1076,0,1782358871.623587,0.001689910888671875
42788,normal,2209,0,1782358871.6259003,0.002313375473022461
42789,normal,1650,0,1782358871.6275427,0.001642465591430664
42790,normal,2872,0,1782358871.6299386,0.0023958683013916016
42791,normal,1819,0,1782358871.6316943,0.0017557144165039062
42792,normal,3587,0,1782358871.6337273,0.0020329952239990234
42793,normal,2868,0,1782358871.6357422,0.0020148754119873047
42794,normal,799,2,1782358871.6379104,0.0021681785583496094
42795,normal,3561,0,1782358871.6402059,0.0022954940795898438
42796,normal,432,0,1782358871.6416967,0.0014908313751220703
42797,normal,1030,0,1782358871.643733,0.0020363330841064453
42798,normal,243,0,1782358871.6458309,0.0020978450775146484
42799,normal,2488,0,1782358871.6475952,0.0017642974853515625
42800,normal,682,0,1782358871.6498854,0.0022902488708496094
42801,normal,1530,0,1782358871.6515417,0.0016562938690185547
42802,normal,2347,0,1782358871.6539476,0.002405881881713867
42803,normal,2671,0,1782358871.6557167,0.0017690658569335938
42804,normal,3309,1,1782358871.657555,0.0018384456634521484
42805,normal,1378,1,1782358871.6598034,0.0022482872009277344
42806,normal,2294,0,1782358871.661695,0.0018916130065917969
42807,normal,1206,0,1782358871.6637478,0.002052783966064453
42808,normal,471,0,1782358871.6655943,0.0018465518951416016
42809,normal,1914,0,1782358871.6678243,0.002229928970336914
42810,normal,2380,0,1782358871.6695004,0.0016760826110839844
42811,normal,3432,0,1782358871.6717253,0.0022249221801757812
42812,normal,3381,1,1782358871.6735506,0.0018253326416015625
42813,normal,2421,0,1782358871.675731,0.002180337905883789
42814,normal,2804,0,1782358871.6775236,0.0017926692962646484
42815,normal,3480,0,1782358871.6797385,0.0022149085998535156
42816,normal,1655,0,1782358871.6815252,0.0017867088317871094
42817,normal,978,2,1782358871.6837232,0.0021979808807373047
42818,normal,253,0,1782358871.6855385,0.0018153190612792969
42819,normal,3494,0,1782358871.6877315,0.002192974090576172
42820,normal,1062,0,1782358871.6895256,0.0017940998077392578
42821,normal,3616,0,1782358871.691732,0.0022063255310058594
42822,normal,1119,0,1782358871.6935284,0.0017964839935302734
42823,normal,1318,0,1782358871.695727,0.0021986961364746094
42824,normal,96,0,1782358871.697529,0.0018019676208496094
42825,normal,2551,0,1782358871.6997313,0.002202272415161133
42826,normal,1748,0,1782358871.701529,0.0017976760864257812
42827,normal,2686,0,1782358871.703746,0.0022170543670654297
42828,normal,709,0,1782358871.7055254,0.001779317855834961
42829,normal,3654,0,1782358871.7077265,0.002201080322265625
42830,normal,498,0,1782358871.7095313,0.0018048286437988281
42831,normal,1070,0,1782358871.7117348,0.0022034645080566406
42832,normal,2467,0,1782358871.713525,0.0017902851104736328
42833,normal,312,0,1782358871.715729,0.0022039413452148438
42834,normal,3283,1,1782358871.717553,0.0018239021301269531
42835,normal,3348,1,1782358871.7197158,0.002162933349609375
42836,normal,3460,0,1782358871.7215421,0.0018262863159179688
42837,normal,2123,0,1782358871.7237482,0.002206087112426758
42838,normal,3212,1,1782358871.7255301,0.0017819404602050781
42839,normal,2942,0,1782358871.7277224,0.002192258834838867
42840,normal,2997,0,1782358871.7295263,0.0018038749694824219
42841,normal,173,0,1782358871.7317135,0.0021872520446777344
42842,normal,1444,0,1782358871.7335222,0.0018086433410644531
42843,normal,1321,1,1782358871.7357411,0.002218961715698242
42844,normal,2904,0,1782358871.7375264,0.0017852783203125
42845,normal,1512,0,1782358871.739726,0.0021996498107910156
42846,normal,800,2,1782358871.7415233,0.0017971992492675781
42847,normal,2264,0,1782358871.7437246,0.0022013187408447266
42848,normal,2497,0,1782358871.745545,0.0018203258514404297
42849,normal,119,0,1782358871.7477322,0.0021872520446777344
42850,normal,249,0,1782358871.7495267,0.001794576644897461
42851,normal,1678,0,1782358871.7517283,0.002201557159423828
42852,normal,2041,0,1782358871.7535315,0.0018031597137451172
42853,normal,361,0,1782358871.7557278,0.0021963119506835938
42854,normal,3502,0,1782358871.757532,0.0018041133880615234
42855,normal,1386,0,1782358871.7597313,0.002199411392211914
42856,normal,1753,0,1782358871.7615287,0.0017974376678466797
42857,normal,2303,0,1782358871.763735,0.0022063255310058594
42858,normal,969,2,1782358871.7655246,0.0017895698547363281
42859,normal,1996,0,1782358871.7677248,0.0022001266479492188
42860,normal,1280,0,1782358871.769547,0.0018222332000732422
42861,normal,152,0,1782358871.7717102,0.0021631717681884766
42862,normal,1901,0,1782358871.7735326,0.0018224716186523438
42863,normal,1033,0,1782358871.7757337,0.002201080322265625
42864,normal,503,0,1782358871.7775247,0.0017910003662109375
42865,normal,3485,0,1782358871.7797282,0.0022034645080566406
42866,normal,2418,0,1782358871.78153,0.0018017292022705078
42867,normal,3630,0,1782358871.7837245,0.002194643020629883
42868,normal,2095,0,1782358871.785524,0.0017993450164794922
42869,normal,1607,0,1782358871.7876582,0.0021343231201171875
42870,normal,3400,1,1782358871.789526,0.0018677711486816406
42871,normal,3061,1,1782358871.7917435,0.002217531204223633
42872,normal,3437,0,1782358871.7935417,0.0017981529235839844
42873,normal,861,2,1782358871.7957313,0.00218963623046875
42874,normal,2741,0,1782358871.7975266,0.0017952919006347656
42875,normal,1850,0,1782358871.7997308,0.0022041797637939453
42876,normal,581,0,1782358871.8015392,0.0018084049224853516
42877,normal,2567,0,1782358871.8037338,0.002194643020629883
42878,normal,755,0,1782358871.8055289,0.001795053482055664
42879,normal,2146,0,1782358871.8077316,0.002202749252319336
42880,normal,2747,0,1782358871.8095014,0.0017697811126708984
42881,normal,771,0,1782358871.811816,0.0023145675659179688
42882,normal,1813,0,1782358871.8135242,0.0017082691192626953
42883,normal,78,0,1782358871.8157117,0.002187490463256836
42884,normal,2195,0,1782358871.8175259,0.001814126968383789
42885,normal,1740,0,1782358871.8195221,0.001996278762817383
42886,normal,3487,0,1782358871.821651,0.0021288394927978516
42887,normal,366,0,1782358871.82355,0.0018990039825439453
42888,normal,3146,1,1782358871.8254306,0.001880645751953125
42889,normal,3635,0,1782358871.8274899,0.0020592212677001953
42890,normal,960,2,1782358871.8295166,0.002026796340942383
42891,normal,2132,0,1782358871.8316298,0.0021131038665771484
42892,normal,974,2,1782358871.8335207,0.0018908977508544922
42893,normal,2990,0,1782358871.835728,0.0022072792053222656
42894,normal,2991,0,1782358871.8375247,0.001796722412109375
42895,normal,1078,0,1782358871.8397276,0.0022029876708984375
42896,normal,109,0,1782358871.8415375,0.001809835433959961
42897,normal,1283,0,1782358871.8437347,0.002197265625
42898,normal,499,0,1782358871.8455248,0.0017900466918945312
42899,normal,1701,0,1782358871.8477404,0.0022156238555908203
42900,normal,558,0,1782358871.8495243,0.0017838478088378906
42901,normal,670,0,1782358871.8517272,0.0022029876708984375
42902,normal,1788,0,1782358871.8535333,0.001806020736694336
42903,normal,2583,0,1782358871.8557327,0.002199411392211914
42904,normal,1310,0,1782358871.85762,0.0018873214721679688
42905,normal,1547,0,1782358871.8597357,0.0021157264709472656
42906,normal,2905,0,1782358871.8615234,0.0017876625061035156
42907,normal,3479,0,1782358871.8635325,0.002009153366088867
42908,normal,3188,1,1782358871.8658023,0.002269744873046875
42909,normal,3147,1,1782358871.8675292,0.0017268657684326172
42910,normal,3457,0,1782358871.8697152,0.0021860599517822266
42911,normal,2019,0,1782358871.8715305,0.0018153190612792969
42912,normal,2762,0,1782358871.8737297,0.0021991729736328125
42913,normal,2402,0,1782358871.8755293,0.0017995834350585938
42914,normal,2424,0,1782358871.877802,0.0022726058959960938
42915,normal,1225,0,1782358871.879533,0.0017311573028564453
42916,normal,2149,0,1782358871.8817127,0.0021796226501464844
42917,normal,336,0,1782358871.8835304,0.0018177032470703125
42918,normal,2440,0,1782358871.8857021,0.002171754837036133
42919,normal,281,0,1782358871.887529,0.0018267631530761719
42920,normal,145,0,1782358871.889733,0.0022041797637939453
42921,normal,1944,0,1782358871.8915265,0.0017933845520019531
42922,normal,3657,0,1782358871.8937259,0.002199411392211914
42923,normal,1138,0,1782358871.8955815,0.001855611801147461
42924,normal,3558,0,1782358871.8979256,0.0023441314697265625
42925,normal,1670,0,1782358871.8995078,0.0015821456909179688
42926,normal,2459,0,1782358871.9016984,0.0021905899047851562
42927,normal,19,0,1782358871.903504,0.0018055438995361328
42928,normal,2600,0,1782358871.9056969,0.002192974090576172
42929,normal,1627,0,1782358871.9075272,0.0018303394317626953
42930,normal,45,0,1782358871.9096966,0.002169370651245117
42931,normal,987,2,1782358871.9115,0.0018033981323242188
42932,normal,1474,0,1782358871.9137154,0.0022153854370117188
42933,normal,1142,0,1782358871.9155033,0.0017879009246826172
42934,normal,3206,1,1782358871.917658,0.002154827117919922
42935,normal,2725,0,1782358871.9197176,0.002059459686279297
42936,normal,1617,0,1782358871.9215047,0.0017871856689453125
42937,normal,1395,0,1782358871.9237008,0.002196073532104492
42938,normal,3534,0,1782358871.9257083,0.0020074844360351562
42939,normal,2034,0,1782358871.9275012,0.00179290771484375
42940,normal,1907,0,1782358871.9296932,0.0021920204162597656
42941,normal,2029,0,1782358871.9317107,0.002017498016357422
42942,normal,2816,0,1782358871.9335015,0.001790761947631836
42943,normal,277,0,1782358871.9356558,0.0021543502807617188
42944,normal,1591,0,1782358871.9377105,0.0020546913146972656
42945,normal,1658,0,1782358871.939503,0.0017924308776855469
42946,normal,2586,0,1782358871.941703,0.0022001266479492188
42947,normal,534,0,1782358871.9437,0.0019969940185546875
42948,normal,3435,0,1782358871.9455004,0.0018002986907958984
42949,normal,140,0,1782358871.9476929,0.0021924972534179688
42950,normal,62,0,1782358871.9497182,0.0020253658294677734
42951,normal,3180,1,1782358871.9515028,0.0017845630645751953
42952,normal,1167,0,1782358871.9536588,0.0021560192108154297
42953,normal,2267,0,1782358871.955719,0.0020601749420166016
42954,normal,3330,1,1782358871.957507,0.0017879009246826172
42955,normal,2449,0,1782358871.9596941,0.0021872520446777344
42956,normal,2827,0,1782358871.9617145,0.0020203590393066406
42957,normal,3118,1,1782358871.9635022,0.0017876625061035156
42958,normal,2356,0,1782358871.9656932,0.0021910667419433594
42959,normal,626,0,1782358871.9677312,0.0020380020141601562
42960,normal,3464,0,1782358871.9695013,0.00177001953125
42961,normal,3644,0,1782358871.9717057,0.002204418182373047
42962,normal,2319,0,1782358871.9737089,0.002003192901611328
42963,normal,1456,0,1782358871.9755023,0.0017933845520019531
42964,normal,950,2,1782358871.977694,0.002191781997680664
42965,normal,972,2,1782358871.9797091,0.0020151138305664062
42966,normal,172,0,1782358871.9815013,0.0017921924591064453
42967,normal,2475,0,1782358871.9836977,0.0021963119506835938
42968,normal,2953,0,1782358871.9857144,0.002016782760620117
42969,normal,649,0,1782358871.987502,0.0017876625061035156
42970,normal,1025,2,1782358871.9896965,0.0021944046020507812
42971,normal,17,0,1782358871.991709,0.002012491226196289
42972,normal,308,0,1782358871.9935014,0.0017924308776855469
42973,normal,1194,0,1782358871.9956954,0.002193927764892578
42974,normal,798,2,1782358871.9977393,0.0020439624786376953
42975,normal,3029,0,1782358871.9995027,0.0017633438110351562
42976,normal,1150,0,1782358872.0017014,0.0021986961364746094
42977,normal,594,0,1782358872.003711,0.0020096302032470703
42978,normal,1197,0,1782358872.0055015,0.0017905235290527344
42979,normal,2612,0,1782358872.0077047,0.002203226089477539
42980,normal,1726,0,1782358872.0097017,0.0019969940185546875
42981,normal,184,0,1782358872.011502,0.0018002986907958984
42982,normal,298,0,1782358872.0137196,0.002217531204223633
42983,normal,653,0,1782358872.015506,0.0017864704132080078
42984,normal,3181,1,1782358872.0177002,0.0021941661834716797
42985,normal,1816,0,1782358872.019511,0.0018107891082763672
42986,normal,2281,0,1782358872.0217109,0.002199888229370117
42987,normal,851,2,1782358872.0235023,0.0017914772033691406
42988,normal,2119,0,1782358872.0256946,0.002192258834838867
42989,normal,1229,0,1782358872.0277138,0.002019166946411133
42990,normal,2008,0,1782358872.0297554,0.0020415782928466797
42991,normal,915,2,1782358872.0315602,0.0018048286437988281
42992,normal,2181,0,1782358872.0338976,0.0023374557495117188
42993,normal,2216,0,1782358872.0358994,0.0020017623901367188
42994,normal,2227,0,1782358872.037717,0.0018177032470703125
42995,normal,334,0,1782358872.039896,0.0021789073944091797
42996,normal,1377,1,1782358872.0422852,0.002389192581176758
42997,normal,3538,0,1782358872.0435684,0.0012831687927246094
42998,normal,276,0,1782358872.0459034,0.002335071563720703
42999,normal,1148,0,1782358872.0475438,0.00164031982421875
43000,normal,3323,1,1782358872.049566,0.002022266387939453
43001,normal,1903,0,1782358872.0518522,0.002286195755004883
43002,normal,1798,0,1782358872.0535033,0.0016510486602783203
43003,normal,79,0,1782358872.0555108,0.0020074844360351562
43004,normal,3448,0,1782358872.0577188,0.0022079944610595703
43005,normal,1652,0,1782358872.0595014,0.0017826557159423828
43006,normal,1704,0,1782358872.0615096,0.002008199691772461
43007,normal,2996,0,1782358872.0637462,0.002236604690551758
43008,normal,2219,0,1782358872.0655015,0.0017552375793457031
43009,normal,3628,0,1782358872.0675116,0.0020101070404052734
43010,normal,3441,0,1782358872.0697324,0.0022208690643310547
43011,normal,976,2,1782358872.071501,0.0017685890197753906
43012,normal,1989,0,1782358872.0735118,0.002010822296142578
43013,normal,1771,0,1782358872.0757575,0.002245664596557617
43014,normal,971,2,1782358872.0775006,0.0017430782318115234
43015,normal,2190,0,1782358872.0795157,0.0020151138305664062
43016,normal,2685,0,1782358872.081754,0.0022382736206054688
43017,normal,1455,0,1782358872.0835009,0.0017468929290771484
43018,normal,2471,0,1782358872.0855114,0.0020105838775634766
43019,normal,2401,0,1782358872.0877175,0.002206087112426758
43020,normal,398,0,1782358872.0895002,0.0017826557159423828
43021,normal,783,2,1782358872.0915127,0.002012491226196289
43022,normal,579,0,1782358872.0936503,0.0021376609802246094
43023,normal,1223,0,1782358872.0955071,0.0018568038940429688
43024,normal,191,0,1782358872.0975125,0.002005338668823242
43025,normal,1014,2,1782358872.0997193,0.0022068023681640625
43026,normal,2709,0,1782358872.101501,0.0017817020416259766
43027,normal,1339,1,1782358872.1035128,0.0020117759704589844
43028,normal,641,0,1782358872.1057348,0.0022220611572265625
43029,normal,1312,0,1782358872.1075027,0.001767873764038086
43030,normal,1305,0,1782358872.1095212,0.002018451690673828
43031,normal,730,0,1782358872.1117973,0.002276182174682617
43032,normal,1048,0,1782358872.113506,0.0017087459564208984
43033,normal,1585,0,1782358872.1155133,0.0020072460174560547
43034,normal,2715,0,1782358872.117741,0.002227783203125
43035,normal,3431,0,1782358872.1195028,0.0017616748809814453
43036,normal,3662,0,1782358872.1215174,0.002014636993408203
43037,normal,2871,0,1782358872.123745,0.0022275447845458984
43038,normal,669,0,1782358872.125503,0.0017580986022949219
43039,normal,2713,0,1782358872.1275072,0.0020041465759277344
43040,normal,1012,2,1782358872.1297615,0.0022542476654052734
43041,normal,1780,0,1782358872.1318114,0.0020499229431152344
43042,normal,179,0,1782358872.1335368,0.0017254352569580078
43043,normal,2930,0,1782358872.1354866,0.0019497871398925781
43044,normal,750,0,1782358872.1374545,0.001967906951904297
43045,normal,2157,0,1782358872.1394987,0.002044200897216797
43046,normal,1389,0,1782358872.141704,0.002205371856689453
43047,normal,433,0,1782358872.1434884,0.0017843246459960938
43048,normal,2411,0,1782358872.1456976,0.002209186553955078
43049,normal,2336,0,1782358872.1477244,0.002026796340942383
43050,normal,2703,0,1782358872.149492,0.0017676353454589844
43051,normal,1518,0,1782358872.1516948,0.002202749252319336
43052,normal,2134,0,1782358872.1537418,0.0020470619201660156
43053,normal,3675,0,1782358872.1555293,0.001787424087524414
43054,normal,1746,0,1782358872.1579247,0.0023953914642333984
43055,normal,403,0,1782358872.1595438,0.001619100570678711
43056,normal,2020,0,1782358872.161642,0.0020983219146728516
43057,normal,300,0,1782358872.16372,0.002077817916870117
43058,normal,2522,0,1782358872.1659372,0.0022172927856445312
43059,normal,3141,1,1782358872.167542,0.0016047954559326172
43060,normal,2980,0,1782358872.1699417,0.0023996829986572266
43061,normal,2338,0,1782358872.1717026,0.0017609596252441406
43062,normal,2097,0,1782358872.174114,0.002411365509033203
43063,normal,1269,0,1782358872.1759624,0.001848459243774414
43064,normal,1477,0,1782358872.1782627,0.002300262451171875
43065,normal,3673,0,1782358872.1799216,0.0016589164733886719
43066,normal,2810,0,1782358872.1821108,0.002189159393310547
43067,normal,1960,0,1782358872.1842632,0.0021524429321289062
43068,normal,2973,0,1782358872.1859083,0.0016450881958007812
43069,normal,370,0,1782358872.1880527,0.002144336700439453
43070,normal,3110,1,1782358872.189913,0.0018603801727294922
43071,normal,348,0,1782358872.1919477,0.0020346641540527344
43072,normal,1667,0,1782358872.1944947,0.002547025680541992
43073,normal,733,0,1782358872.1968431,0.0023484230041503906
43074,normal,2142,0,1782358872.1977012,0.0008580684661865234
43075,normal,3303,1,1782358872.1996922,0.0019910335540771484
43076,normal,2739,0,1782358872.2017481,0.0020558834075927734
43077,normal,3461,0,1782358872.2036943,0.0019462108612060547
43078,normal,834,2,1782358872.2065876,0.002893209457397461
43079,normal,1340,1,1782358872.2083387,0.0017511844635009766
43080,normal,2615,0,1782358872.210099,0.001760244369506836
43081,normal,788,2,1782358872.2118435,0.0017445087432861328
43082,normal,3482,0,1782358872.2136796,0.0018360614776611328
43083,normal,1628,0,1782358872.2155592,0.0018796920776367188
43084,normal,612,0,1782358872.2179189,0.002359628677368164
43085,normal,3192,1,1782358872.2196877,0.0017688274383544922
43086,normal,1605,0,1782358872.2217233,0.0020356178283691406
43087,normal,2458,0,1782358872.2237315,0.002008199691772461
43088,normal,2140,0,1782358872.2259066,0.0021750926971435547
43089,normal,977,2,1782358872.2275584,0.001651763916015625
43090,normal,2291,0,1782358872.2299109,0.002352476119995117
43091,normal,452,0,1782358872.231696,0.0017850399017333984
43092,normal,423,0,1782358872.2341774,0.0024814605712890625
43093,normal,263,0,1782358872.2356267,0.0014493465423583984
43094,normal,1144,0,1782358872.2377868,0.0021600723266601562
43095,normal,1365,1,1782358872.239659,0.0018723011016845703
43096,normal,2613,0,1782358872.2415583,0.0018992424011230469
43097,normal,564,0,1782358872.2438858,0.002327442169189453
43098,normal,1510,0,1782358872.246187,0.0023012161254882812
43099,normal,1930,0,1782358872.2476568,0.0014698505401611328
43100,normal,303,0,1782358872.2497869,0.0021300315856933594
43101,normal,3226,1,1782358872.2516575,0.0018706321716308594
43102,normal,1244,0,1782358872.253564,0.0019063949584960938
43103,normal,1120,0,1782358872.2558722,0.002308368682861328
43104,normal,2288,0,1782358872.258225,0.0023527145385742188
43105,normal,373,0,1782358872.2595935,0.0013685226440429688
43106,normal,1782,0,1782358872.2618616,0.002268075942993164
43107,normal,2527,0,1782358872.2635694,0.0017077922821044922
43108,normal,10,0,1782358872.2658787,0.0023093223571777344
43109,normal,1047,0,1782358872.2676883,0.0018095970153808594
43110,normal,351,0,1782358872.2702534,0.002565145492553711
43111,normal,3075,1,1782358872.2715614,0.0013079643249511719
43112,normal,412,0,1782358872.2738664,0.0023050308227539062
43113,normal,352,0,1782358872.27556,0.0016934871673583984
43114,normal,2935,0,1782358872.2779052,0.0023453235626220703
43115,normal,1679,0,1782358872.279657,0.0017516613006591797
43116,normal,703,0,1782358872.2815607,0.0019037723541259766
43117,normal,2516,0,1782358872.2839098,0.0023491382598876953
43118,normal,1219,0,1782358872.2856858,0.001775979995727539
43119,normal,54,0,1782358872.2883923,0.0027065277099609375
43120,normal,2120,0,1782358872.2896228,0.001230478286743164
43121,normal,2037,0,1782358872.291864,0.0022411346435546875
43122,normal,3059,1,1782358872.2935598,0.001695871353149414
43123,normal,3107,1,1782358872.2957535,0.0021936893463134766
43124,normal,3467,0,1782358872.2976182,0.0018646717071533203
43125,normal,3177,1,1782358872.2997406,0.0021224021911621094
43126,normal,3137,1,1782358872.3015306,0.0017900466918945312
43127,normal,3371,1,1782358872.3037536,0.0022230148315429688
43128,normal,3320,1,1782358872.3055086,0.0017549991607666016
43129,normal,2915,0,1782358872.3077524,0.0022437572479248047
43130,normal,2993,0,1782358872.3095608,0.0018084049224853516
43131,normal,1981,0,1782358872.3117347,0.002173900604248047
43132,normal,773,2,1782358872.3135302,0.0017955303192138672
43133,normal,180,0,1782358872.315744,0.002213716506958008
43134,normal,1056,0,1782358872.3175004,0.001756429672241211
43135,normal,2246,0,1782358872.3197117,0.002211332321166992
43136,normal,1562,0,1782358872.3215404,0.0018286705017089844
43137,normal,1800,0,1782358872.3237052,0.0021648406982421875
43138,normal,3698,0,1782358872.3255215,0.0018162727355957031
43139,normal,3214,1,1782358872.327732,0.0022106170654296875
43140,normal,176,0,1782358872.329505,0.0017728805541992188
43141,normal,1205,0,1782358872.3317132,0.002208232879638672
43142,normal,3556,0,1782358872.3335083,0.001795053482055664
43143,normal,1155,0,1782358872.3357048,0.0021965503692626953
43144,normal,756,0,1782358872.3375213,0.0018165111541748047
43145,normal,3233,1,1782358872.3397129,0.0021915435791015625
43146,normal,1286,0,1782358872.3415015,0.0017886161804199219
43147,normal,3255,1,1782358872.343737,0.00223541259765625
43148,normal,796,2,1782358872.3455422,0.0018053054809570312
43149,normal,2806,0,1782358872.347717,0.002174854278564453
43150,normal,1956,0,1782358872.3495076,0.0017905235290527344
43151,normal,2439,0,1782358872.3515246,0.0020170211791992188
43152,normal,1087,0,1782358872.3535304,0.0020058155059814453
43153,normal,1127,0,1782358872.355718,0.002187490463256836
43154,normal,1049,0,1782358872.3577073,0.0019893646240234375
43155,normal,3427,0,1782358872.359502,0.0017948150634765625
43156,normal,368,0,1782358872.36171,0.0022079944610595703
43157,normal,3166,1,1782358872.3637035,0.001993417739868164
43158,normal,2594,0,1782358872.365516,0.0018124580383300781
43159,normal,28,0,1782358872.3677177,0.0022017955780029297
43160,normal,104,0,1782358872.3697093,0.0019915103912353516
43161,normal,3696,0,1782358872.3714995,0.0017902851104736328
43162,normal,1315,0,1782358872.37371,0.002210378646850586
43163,normal,3474,0,1782358872.375729,0.002019166946411133
43164,normal,794,2,1782358872.3775012,0.001772165298461914
43165,normal,1082,0,1782358872.3797097,0.0022084712982177734
43166,normal,3548,0,1782358872.381738,0.002028226852416992
43167,normal,3686,0,1782358872.3835008,0.0017628669738769531
43168,normal,1692,0,1782358872.3857114,0.0022106170654296875
43169,normal,3517,0,1782358872.387712,0.002000570297241211
43170,normal,2205,0,1782358872.3894994,0.001787424087524414
43171,normal,1886,0,1782358872.3917158,0.002216339111328125
43172,normal,1849,0,1782358872.393743,0.002027273178100586
43173,normal,3129,1,1782358872.3955011,0.0017580986022949219
43174,normal,2450,0,1782358872.3977132,0.002212047576904297
43175,normal,675,0,1782358872.3997407,0.0020275115966796875
43176,normal,202,0,1782358872.4015005,0.0017597675323486328
43177,normal,3080,1,1782358872.403715,0.0022144317626953125
43178,normal,1107,0,1782358872.4057407,0.0020258426666259766
43179,normal,1559,0,1782358872.407502,0.0017611980438232422
43180,normal,3376,1,1782358872.4096527,0.0021507740020751953
43181,normal,652,0,1782358872.4117265,0.0020737648010253906
43182,normal,3,0,1782358872.4135,0.0017735958099365234
43183,normal,3067,1,1782358872.4156518,0.0021517276763916016
43184,normal,474,0,1782358872.4177144,0.002062559127807617
43185,normal,3564,0,1782358872.4195004,0.0017859935760498047
43186,normal,3411,0,1782358872.4217138,0.0022134780883789062
43187,normal,92,0,1782358872.4237134,0.0019996166229248047
43188,normal,2372,0,1782358872.425506,0.0017926692962646484
43189,normal,3033,0,1782358872.4277155,0.0022094249725341797
43190,normal,2477,0,1782358872.4297194,0.002003908157348633
43191,normal,2317,0,1782358872.4315004,0.0017809867858886719
43192,normal,1186,0,1782358872.4337237,0.0022232532501220703
43193,normal,1126,0,1782358872.4357338,0.0020101070404052734
43194,normal,2630,0,1782358872.437498,0.0017642974853515625
43195,normal,3246,1,1782358872.4397166,0.002218484878540039
43196,normal,2415,0,1782358872.441735,0.002018451690673828
43197,normal,1946,0,1782358872.4435024,0.0017673969268798828
43198,normal,3039,0,1782358872.4457018,0.002199411392211914
43199,normal,3193,1,1782358872.4477162,0.0020143985748291016
43200,normal,853,2,1782358872.4495018,0.0017855167388916016
43201,normal,2049,0,1782358872.451715,0.0022132396697998047
43202,normal,3532,0,1782358872.4537184,0.0020034313201904297
43203,normal,488,0,1782358872.4555001,0.0017817020416259766
43204,normal,911,2,1782358872.4577157,0.0022156238555908203
43205,normal,2445,0,1782358872.4597404,0.0020246505737304688
43206,normal,3555,0,1782358872.4614992,0.0017588138580322266
43207,normal,3049,1,1782358872.4637177,0.002218484878540039
43208,normal,1211,0,1782358872.4657178,0.002000093460083008
43209,normal,40,0,1782358872.4675012,0.0017833709716796875
43210,normal,2023,0,1782358872.469717,0.002215862274169922
43211,normal,2109,0,1782358872.4717097,0.0019927024841308594
43212,normal,2218,0,1782358872.4734983,0.0017886161804199219
43213,normal,492,0,1782358872.475653,0.0021545886993408203
43214,normal,2273,0,1782358872.4777122,0.0020592212677001953
43215,normal,53,0,1782358872.4794996,0.001787424087524414
43216,normal,2492,0,1782358872.4816558,0.0021562576293945312
43217,normal,2026,0,1782358872.4837396,0.0020837783813476562
43218,normal,2843,0,1782358872.4854982,0.001758575439453125
43219,normal,159,0,1782358872.487657,0.0021588802337646484
43220,normal,3158,1,1782358872.48972,0.0020630359649658203
43221,normal,1965,0,1782358872.4915118,0.0017917156219482422
43222,normal,2382,0,1782358872.4936986,0.0021867752075195312
43223,normal,2757,0,1782358872.4957268,0.002028226852416992
43224,normal,1878,0,1782358872.4983501,0.002623319625854492
43225,normal,3085,1,1782358872.4995108,0.0011606216430664062
43226,normal,3642,0,1782358872.5017207,0.002209901809692383
43227,normal,3459,0,1782358872.5035064,0.0017857551574707031
43228,normal,434,0,1782358872.5056527,0.0021462440490722656
43229,normal,3099,1,1782358872.507713,0.002060413360595703
43230,normal,3092,1,1782358872.509499,0.0017859935760498047
43231,normal,2169,0,1782358872.5116527,0.002153635025024414
43232,normal,3418,0,1782358872.5137217,0.0020689964294433594
43233,normal,3357,1,1782358872.5155003,0.0017786026000976562
43234,normal,2059,0,1782358872.517706,0.0022056102752685547
43235,normal,561,0,1782358872.519733,0.0020270347595214844
43236,normal,1606,0,1782358872.5214987,0.0017657279968261719
43237,normal,3540,0,1782358872.5237186,0.0022199153900146484
43238,normal,3500,0,1782358872.5257196,0.002001047134399414
43239,normal,324,0,1782358872.5275,0.0017802715301513672
43240,normal,3508,0,1782358872.5297096,0.0022096633911132812
43241,normal,3278,1,1782358872.531721,0.002011537551879883
43242,normal,2357,0,1782358872.5334995,0.0017783641815185547
43243,normal,1978,0,1782358872.53572,0.002220630645751953
43244,normal,2952,0,1782358872.5377264,0.0020062923431396484
43245,normal,2105,0,1782358872.5395045,0.0017781257629394531
43246,normal,2182,0,1782358872.541652,0.0021474361419677734
43247,normal,2643,0,1782358872.5437212,0.002069234848022461
43248,normal,627,0,1782358872.5455005,0.001779317855834961
43249,normal,163,0,1782358872.547721,0.0022203922271728516
43250,normal,2939,0,1782358872.54971,0.001989126205444336
43251,normal,827,2,1782358872.5515008,0.001790761947631836
43252,normal,3012,0,1782358872.553721,0.00222015380859375
43253,normal,0,0,1782358872.5557365,0.0020155906677246094
43254,normal,1001,2,1782358872.5575616,0.001825094223022461
43255,normal,2975,0,1782358872.5597186,0.002156972885131836
43256,normal,1089,0,1782358872.5617094,0.001990795135498047
43257,normal,1125,0,1782358872.5634995,0.0017900466918945312
43258,normal,2964,0,1782358872.5657268,0.002227306365966797
43259,normal,2684,0,1782358872.5677376,0.002010822296142578
43260,normal,3046,1,1782358872.5695007,0.0017631053924560547
43261,normal,631,0,1782358872.5717185,0.0022177696228027344
43262,normal,3005,0,1782358872.573726,0.0020074844360351562
43263,normal,1776,0,1782358872.5755155,0.0017895698547363281
43264,normal,1654,0,1782358872.5777311,0.0022156238555908203
43265,normal,676,0,1782358872.5797362,0.0020051002502441406
43266,normal,431,0,1782358872.5815055,0.0017693042755126953
43267,normal,2112,0,1782358872.5837293,0.0022237300872802734
43268,normal,3088,1,1782358872.58574,0.002010822296142578
43269,normal,2642,0,1782358872.5874982,0.0017580986022949219
43270,normal,988,2,1782358872.5897293,0.002231121063232422
43271,normal,441,0,1782358872.591735,0.0020055770874023438
43272,normal,810,2,1782358872.5935004,0.0017654895782470703
43273,normal,847,2,1782358872.5957208,0.0022203922271728516
43274,normal,2814,0,1782358872.5977228,0.0020020008087158203
43275,normal,979,2,1782358872.5995007,0.0017778873443603516
43276,normal,321,0,1782358872.601721,0.0022203922271728516
43277,normal,3154,1,1782358872.6037414,0.0020203590393066406
43278,normal,3288,1,1782358872.6054997,0.0017583370208740234
43279,normal,3073,1,1782358872.6077206,0.0022208690643310547
43280,normal,2285,0,1782358872.6097322,0.002011537551879883
43281,normal,2984,0,1782358872.6115,0.001767873764038086
43282,normal,741,0,1782358872.6137218,0.002221822738647461
43283,normal,2283,0,1782358872.6157413,0.0020194053649902344
43284,normal,2003,0,1782358872.6174998,0.001758575439453125
43285,normal,906,2,1782358872.6197217,0.002221822738647461
43286,normal,1576,0,1782358872.621753,0.0020313262939453125
43287,normal,1442,0,1782358872.623501,0.0017480850219726562
43288,normal,2848,0,1782358872.6257222,0.0022211074829101562
43289,normal,571,0,1782358872.6277127,0.0019905567169189453
43290,normal,2960,0,1782358872.6295002,0.001787424087524414
43291,normal,1506,0,1782358872.6317225,0.002222299575805664
43292,normal,406,0,1782358872.633713,0.0019905567169189453
43293,normal,2491,0,1782358872.6355002,0.0017871856689453125
43294,normal,1487,0,1782358872.637723,0.002222776412963867
43295,normal,2274,0,1782358872.6397204,0.0019974708557128906
43296,normal,246,0,1782358872.6415036,0.001783132553100586
43297,normal,1768,0,1782358872.6437306,0.0022270679473876953
43298,normal,2069,0,1782358872.6457455,0.0020148754119873047
43299,normal,59,0,1782358872.6475017,0.0017561912536621094
43300,normal,1088,0,1782358872.6497338,0.002232074737548828
43301,normal,3343,1,1782358872.6515367,0.0018029212951660156
43302,normal,3083,1,1782358872.6537035,0.002166748046875
43303,normal,751,0,1782358872.6555326,0.0018291473388671875
43304,normal,1874,0,1782358872.6577249,0.002192258834838867
43305,normal,836,2,1782358872.6595051,0.0017802715301513672
43306,normal,3122,1,1782358872.6617227,0.002217531204223633
43307,normal,3215,1,1782358872.6637123,0.001989603042602539
43308,normal,1317,0,1782358872.665504,0.0017917156219482422
43309,normal,3266,1,1782358872.6677225,0.002218484878540039
43310,normal,1557,0,1782358872.6697376,0.0020151138305664062
43311,normal,305,0,1782358872.6715007,0.0017631053924560547
43312,normal,3328,1,1782358872.6737263,0.002225637435913086
43313,normal,1188,0,1782358872.6757314,0.0020051002502441406
43314,normal,2727,0,1782358872.6774988,0.0017673969268798828
43315,normal,2455,0,1782358872.6797245,0.002225637435913086
43316,normal,2587,0,1782358872.681737,0.002012491226196289
43317,normal,2704,0,1782358872.6835032,0.001766204833984375
43318,normal,189,0,1782358872.6856542,0.002151012420654297
43319,normal,1410,0,1782358872.6877282,0.002074003219604492
43320,normal,2969,0,1782358872.6894996,0.0017714500427246094
43321,normal,157,0,1782358872.6917014,0.0022017955780029297
43322,normal,1470,0,1782358872.6937106,0.002009153366088867
43323,normal,1630,0,1782358872.6955004,0.0017898082733154297
43324,normal,1130,0,1782358872.6977236,0.0022232532501220703
43325,normal,2702,0,1782358872.6997433,0.002019643783569336
43326,normal,1027,2,1782358872.7015,0.0017566680908203125
43327,normal,1026,2,1782358872.7037234,0.002223491668701172
43328,normal,445,0,1782358872.7057157,0.0019922256469726562
43329,normal,3087,1,1782358872.7074988,0.001783132553100586
43330,normal,2853,0,1782358872.7097328,0.0022339820861816406
43331,normal,2832,0,1782358872.7115407,0.0018079280853271484
43332,normal,804,2,1782358872.7137032,0.002162456512451172
43333,normal,2619,0,1782358872.7155004,0.0017971992492675781
43334,normal,2507,0,1782358872.7177377,0.0022373199462890625
43335,normal,775,2,1782358872.7195244,0.0017867088317871094
43336,normal,3596,0,1782358872.7216537,0.0021293163299560547
43337,normal,2331,0,1782358872.7237115,0.002057790756225586
43338,normal,1936,0,1782358872.7255003,0.0017888545989990234
43339,normal,95,0,1782358872.7276568,0.002156496047973633
43340,normal,1193,0,1782358872.7297223,0.002065420150756836
43341,normal,1097,0,1782358872.7314994,0.0017771720886230469
43342,normal,3326,1,1782358872.7337046,0.0022051334381103516
43343,normal,3543,0,1782358872.7357204,0.002015829086303711
43344,normal,2754,0,1782358872.737507,0.0017867088317871094
43345,normal,1899,0,1782358872.7396965,0.0021893978118896484
43346,normal,550,0,1782358872.7417104,0.0020139217376708984
43347,normal,1110,0,1782358872.7434986,0.0017881393432617188
43348,normal,2114,0,1782358872.7456996,0.002201080322265625
43349,normal,645,0,1782358872.7477334,0.002033710479736328
43350,normal,2503,0,1782358872.7494984,0.0017650127410888672
43351,normal,737,0,1782358872.7517052,0.0022068023681640625
43352,normal,1319,1,1782358872.753714,0.0020089149475097656
43353,normal,2887,0,1782358872.7554991,0.0017850399017333984
43354,normal,1396,0,1782358872.7577043,0.0022051334381103516
43355,normal,3425,0,1782358872.759741,0.0020368099212646484
43356,normal,2857,0,1782358872.7614996,0.001758575439453125
43357,normal,3701,0,1782358872.7637153,0.0022156238555908203
43358,normal,893,2,1782358872.7657118,0.0019965171813964844
43359,normal,1494,0,1782358872.7674992,0.001787424087524414
43360,normal,879,2,1782358872.7697127,0.0022134780883789062
43361,normal,719,0,1782358872.7717447,0.002032041549682617
43362,normal,3557,0,1782358872.7735045,0.0017597675323486328
43363,normal,825,2,1782358872.775744,0.0022394657135009766
43364,normal,291,0,1782358872.7775152,0.0017712116241455078
43365,normal,2154,0,1782358872.7797015,0.002186298370361328
43366,normal,2525,0,1782358872.781526,0.0018246173858642578
43367,normal,1117,0,1782358872.7837133,0.0021872520446777344
43368,normal,1499,0,1782358872.7854996,0.0017862319946289062
43369,normal,546,0,1782358872.7877064,0.0022068023681640625
43370,normal,1298,0,1782358872.7896535,0.001947164535522461
43371,normal,3695,0,1782358872.7914999,0.0018463134765625
43372,normal,2433,0,1782358872.7937205,0.002220630645751953
43373,normal,3415,0,1782358872.7957375,0.0020170211791992188
43374,normal,948,2,1782358872.7974997,0.0017621517181396484
43375,normal,3424,0,1782358872.7997227,0.0022230148315429688
43376,normal,2652,0,1782358872.8017366,0.0020139217376708984
43377,normal,2410,0,1782358872.8035,0.0017633438110351562
43378,normal,2334,0,1782358872.8057237,0.0022237300872802734
43379,normal,1826,0,1782358872.8077097,0.0019860267639160156
43380,normal,1691,0,1782358872.8095012,0.0017914772033691406
43381,normal,3503,0,1782358872.811727,0.0022258758544921875
43382,normal,1031,0,1782358872.813721,0.001993894577026367
43383,normal,2987,0,1782358872.8155024,0.001781463623046875
43384,normal,1601,0,1782358872.8177266,0.0022242069244384766
43385,normal,1712,0,1782358872.8197381,0.002011537551879883
43386,normal,1954,0,1782358872.8214996,0.0017614364624023438
43387,normal,3385,1,1782358872.8237274,0.002227783203125
43388,normal,3213,1,1782358872.8257117,0.0019843578338623047
43389,normal,989,2,1782358872.8275003,0.0017886161804199219
43390,normal,3270,1,1782358872.8297274,0.0022270679473876953
43391,normal,465,0,1782358872.8317375,0.0020101070404052734
43392,normal,3311,1,1782358872.8335013,0.0017638206481933594
43393,normal,2651,0,1782358872.8357286,0.002227306365966797
43394,normal,1761,0,1782358872.8377259,0.001997232437133789
43395,normal,3553,0,1782358872.8394995,0.0017735958099365234
43396,normal,692,0,1782358872.8417268,0.002227306365966797
43397,normal,1109,0,1782358872.8437347,0.0020079612731933594
43398,normal,2355,0,1782358872.8455,0.0017652511596679688
43399,normal,239,0,1782358872.847728,0.0022280216217041016
43400,normal,2535,0,1782358872.8497095,0.001981496810913086
43401,normal,3639,0,1782358872.8515003,0.001790761947631836
43402,normal,349,0,1782358872.85374,0.002239704132080078
43403,normal,1009,2,1782358872.855746,0.002006053924560547
43404,normal,3586,0,1782358872.857499,0.0017528533935546875
43405,normal,1007,2,1782358872.859738,0.002239227294921875
43406,normal,1147,0,1782358872.8617208,0.0019826889038085938
43407,normal,1713,0,1782358872.863497,0.0017762184143066406
43408,normal,134,0,1782358872.865733,0.002235889434814453
43409,normal,1306,0,1782358872.8677304,0.0019974708557128906
43410,normal,3406,0,1782358872.8695002,0.0017697811126708984
43411,normal,2823,0,1782358872.8717299,0.0022296905517578125
43412,normal,1892,0,1782358872.873721,0.0019910335540771484
43413,normal,3465,0,1782358872.8754992,0.0017783641815185547
43414,normal,3440,0,1782358872.8777318,0.0022325515747070312
43415,normal,1698,0,1782358872.8797204,0.001988649368286133
43416,normal,740,0,1782358872.8815,0.0017795562744140625
43417,normal,3475,0,1782358872.883753,0.0022530555725097656
43418,normal,562,0,1782358872.8855505,0.0017974376678466797
43419,normal,2576,0,1782358872.8877044,0.0021538734436035156
43420,normal,2912,0,1782358872.889541,0.001836538314819336
43421,normal,55,0,1782358872.8917346,0.0021936893463134766
43422,normal,2890,0,1782358872.8935056,0.0017709732055664062
43423,normal,1633,0,1782358872.8957293,0.0022237300872802734
43424,normal,506,0,1782358872.897723,0.0019936561584472656
43425,normal,2539,0,1782358872.8994985,0.001775503158569336
43426,normal,2000,0,1782358872.9017332,0.0022346973419189453
43427,normal,2465,0,1782358872.9037406,0.0020074844360351562
43428,normal,3081,1,1782358872.9055,0.0017592906951904297
43429,normal,2879,0,1782358872.907844,0.0023441314697265625
43430,normal,548,0,1782358872.909526,0.0016820430755615234
43431,normal,1028,2,1782358872.9117,0.002173900604248047
43432,normal,424,0,1782358872.913542,0.0018420219421386719
43433,normal,1856,0,1782358872.9157183,0.0021762847900390625
43434,normal,2959,0,1782358872.9175,0.0017817020416259766
43435,normal,2954,0,1782358872.919733,0.0022330284118652344
43436,normal,554,0,1782358872.9217403,0.0020072460174560547
43437,normal,2667,0,1782358872.923499,0.0017588138580322266
43438,normal,2885,0,1782358872.925759,0.002259969711303711
43439,normal,3636,0,1782358872.9275522,0.0017931461334228516
43440,normal,1864,0,1782358872.929704,0.0021517276763916016
43441,normal,1022,2,1782358872.9315107,0.0018067359924316406
43442,normal,3222,1,1782358872.9337485,0.0022377967834472656
43443,normal,3430,0,1782358872.935513,0.001764535903930664
43444,normal,3578,0,1782358872.9377065,0.002193450927734375
43445,normal,3456,0,1782358872.9395742,0.0018677711486816406
43446,normal,752,0,1782358872.9414454,0.0018711090087890625
43447,normal,2750,0,1782358872.9437447,0.0022993087768554688
43448,normal,41,0,1782358872.9455853,0.0018405914306640625
43449,normal,101,0,1782358872.947437,0.001851797103881836
43450,normal,60,0,1782358872.9495845,0.0021474361419677734
43451,normal,1719,0,1782358872.951713,0.00212860107421875
43452,normal,953,2,1782358872.9535017,0.0017886161804199219
43453,normal,2104,0,1782358872.955655,0.0021533966064453125
43454,normal,606,0,1782358872.9577355,0.0020804405212402344
43455,normal,3250,1,1782358872.9595015,0.0017659664154052734
43456,normal,1526,0,1782358872.9616947,0.0021932125091552734
43457,normal,2353,0,1782358872.963731,0.0020363330841064453
43458,normal,1595,0,1782358872.9655004,0.0017693042755126953
43459,normal,1858,0,1782358872.9676588,0.0021584033966064453
43460,normal,830,2,1782358872.9697294,0.0020706653594970703
43461,normal,38,0,1782358872.9715257,0.0017962455749511719
43462,normal,3363,1,1782358872.9737067,0.0021810531616210938
43463,normal,2705,0,1782358872.9757226,0.002015829086303711
43464,normal,3205,1,1782358872.977504,0.001781463623046875
43465,normal,1391,0,1782358872.9796996,0.002195596694946289
43466,normal,2047,0,1782358872.9817262,0.0020265579223632812
43467,normal,952,2,1782358872.983502,0.0017757415771484375
43468,normal,838,2,1782358872.985705,0.0022029876708984375
43469,normal,2252,0,1782358872.9877484,0.002043485641479492
43470,normal,2185,0,1782358872.9895015,0.001753091812133789
43471,normal,207,0,1782358872.9917076,0.002206087112426758
43472,normal,2882,0,1782358872.9937232,0.0020155906677246094
43473,normal,2101,0,1782358872.9955018,0.0017786026000976562
43474,normal,3047,1,1782358872.9977055,0.002203702926635742
43475,normal,917,2,1782358872.9997187,0.0020132064819335938
43476,normal,2295,0,1782358873.001504,0.0017852783203125
43477,normal,166,0,1782358873.0037074,0.0022034645080566406
43478,normal,996,2,1782358873.0057123,0.002004861831665039
43479,normal,1543,0,1782358873.007502,0.0017898082733154297
43480,normal,993,2,1782358873.00971,0.0022079944610595703
43481,normal,1781,0,1782358873.011742,0.002032041549682617
43482,normal,502,0,1782358873.013503,0.0017609596252441406
43483,normal,315,0,1782358873.0157132,0.0022101402282714844
43484,normal,3140,1,1782358873.0177195,0.0020062923431396484
43485,normal,2608,0,1782358873.0195022,0.0017826557159423828
43486,normal,2682,0,1782358873.0217235,0.002221345901489258
43487,normal,137,0,1782358873.0238209,0.0020973682403564453
43488,normal,3142,1,1782358873.0255053,0.001684427261352539
43489,normal,3144,1,1782358873.0277178,0.0022125244140625
43490,normal,3650,0,1782358873.0295358,0.001817941665649414
43491,normal,3078,1,1782358873.0315025,0.001966714859008789
43492,normal,2752,0,1782358873.0337214,0.002218961715698242
43493,normal,331,0,1782358873.0357146,0.0019931793212890625
43494,normal,2348,0,1782358873.0375018,0.0017871856689453125
43495,normal,177,0,1782358873.039724,0.002222299575805664
43496,normal,1514,0,1782358873.0417132,0.001989126205444336
43497,normal,1665,0,1782358873.0435,0.0017867088317871094
43498,normal,1384,0,1782358873.0457256,0.002225637435913086
43499,normal,2519,0,1782358873.047735,0.0020093917846679688
43500,normal,2897,0,1782358873.0495124,0.0017774105072021484
43501,normal,3541,0,1782358873.05174,0.0022275447845458984
43502,normal,580,0,1782358873.0537128,0.0019729137420654297
43503,normal,905,2,1782358873.0555012,0.0017883777618408203
43504,normal,3589,0,1782358873.057736,0.0022346973419189453
43505,normal,777,2,1782358873.0595505,0.0018146038055419922
43506,normal,1152,0,1782358873.0617042,0.002153635025024414
43507,normal,2617,0,1782358873.0635436,0.0018393993377685547
43508,normal,473,0,1782358873.0657423,0.0021986961364746094
43509,normal,3111,1,1782358873.0674999,0.0017576217651367188
43510,normal,2388,0,1782358873.0697362,0.0022363662719726562
43511,normal,1905,0,1782358873.071743,0.0020067691802978516
43512,normal,2683,0,1782358873.0735006,0.0017576217651367188
43513,normal,3651,0,1782358873.0757377,0.002237081527709961
43514,normal,2932,0,1782358873.0777369,0.0019991397857666016
43515,normal,994,2,1782358873.0795016,0.0017647743225097656
43516,normal,1364,1,1782358873.081747,0.0022454261779785156
43517,normal,454,0,1782358873.0835295,0.0017824172973632812
43518,normal,768,0,1782358873.0857058,0.0021762847900390625
43519,normal,840,2,1782358873.0875492,0.0018434524536132812
43520,normal,1774,0,1782358873.0897274,0.002178192138671875
43521,normal,120,0,1782358873.0915012,0.001773834228515625
43522,normal,3235,1,1782358873.0937483,0.0022470951080322266
43523,normal,2597,0,1782358873.0957146,0.001966238021850586
43524,normal,144,0,1782358873.0975173,0.001802682876586914
43525,normal,1902,0,1782358873.1000023,0.002485036849975586
43526,normal,2090,0,1782358873.101808,0.0018057823181152344
43527,normal,3104,1,1782358873.1036983,0.0018901824951171875
43528,normal,901,2,1782358873.1055384,0.0018401145935058594
43529,normal,1810,0,1782358873.1078727,0.0023343563079833984
43530,normal,723,0,1782358873.109536,0.0016632080078125
43531,normal,1980,0,1782358873.11189,0.002354145050048828
43532,normal,106,0,1782358873.113697,0.0018069744110107422
43533,normal,1397,0,1782358873.1155376,0.0018405914306640625
43534,normal,513,0,1782358873.1178944,0.0023567676544189453
43535,normal,918,2,1782358873.119699,0.0018045902252197266
43536,normal,1955,0,1782358873.121753,0.002053976058959961
43537,normal,2327,0,1782358873.123683,0.0019299983978271484
43538,normal,466,0,1782358873.1258583,0.0021753311157226562
43539,normal,3123,1,1782358873.1275449,0.0016865730285644531
43540,normal,2167,0,1782358873.1299012,0.002356290817260742
43541,normal,2212,0,1782358873.1318305,0.0019292831420898438
43542,normal,1234,0,1782358873.13355,0.0017194747924804688
43543,normal,296,0,1782358873.1357107,0.002160787582397461
43544,normal,222,0,1782358873.13786,0.002149343490600586
43545,normal,3352,1,1782358873.1395385,0.001678466796875
43546,normal,1722,0,1782358873.141907,0.002368450164794922
43547,normal,3286,1,1782358873.1437092,0.001802206039428711
43548,normal,886,2,1782358873.145736,0.002026796340942383
43549,normal,2214,0,1782358873.1477244,0.0019884109497070312
43550,normal,287,0,1782358873.149884,0.002159595489501953
43551,normal,1453,0,1782358873.151545,0.001661062240600586
43552,normal,2326,0,1782358873.153913,0.0023679733276367188
43553,normal,2343,0,1782358873.1557248,0.0018117427825927734
43554,normal,3516,0,1782358873.1583338,0.0026090145111083984
43555,normal,1554,0,1782358873.159735,0.0014011859893798828
43556,normal,2172,0,1782358873.1617212,0.001986265182495117
43557,normal,3264,1,1782358873.163697,0.0019757747650146484
43558,normal,2592,0,1782358873.1655843,0.0018873214721679688
43559,normal,895,2,1782358873.1679037,0.0023193359375
43560,normal,3649,0,1782358873.169545,0.0016412734985351562
43561,normal,787,2,1782358873.1719177,0.00237274169921875
43562,normal,2314,0,1782358873.1737003,0.0017826557159423828
43563,normal,2038,0,1782358873.1764383,0.0027379989624023438
43564,normal,2825,0,1782358873.1776197,0.0011813640594482422
43565,normal,1589,0,1782358873.1799028,0.0022830963134765625
43566,normal,1189,0,1782358873.1815429,0.0016400814056396484
43567,normal,1602,0,1782358873.1839695,0.002426624298095703
43568,normal,256,0,1782358873.1857276,0.0017580986022949219
43569,normal,720,0,1782358873.1880424,0.0023148059844970703
43570,normal,2607,0,1782358873.1895893,0.0015468597412109375
43571,normal,2265,0,1782358873.1918952,0.0023059844970703125
43572,normal,608,0,1782358873.1935413,0.0016460418701171875
43573,normal,3037,0,1782358873.1959274,0.0023860931396484375
43574,normal,2968,0,1782358873.197704,0.0017766952514648438
43575,normal,3368,1,1782358873.200155,0.0024509429931640625
43576,normal,2115,0,1782358873.2024467,0.0022916793823242188
43577,normal,297,0,1782358873.2043207,0.0018739700317382812
43578,normal,1073,0,1782358873.2061388,0.0018181800842285156
43579,normal,2481,0,1782358873.2081091,0.0019702911376953125
43580,normal,3605,0,1782358873.210134,0.0020248889923095703
43581,normal,1969,0,1782358873.2115633,0.0014293193817138672
43582,normal,1153,0,1782358873.2135875,0.0020241737365722656
43583,normal,3133,1,1782358873.2157543,0.002166748046875
43584,normal,3466,0,1782358873.2176163,0.0018620491027832031
43585,normal,443,0,1782358873.2198024,0.0021860599517822266
43586,normal,1067,0,1782358873.2216806,0.0018782615661621094
43587,normal,1568,0,1782358873.2236383,0.0019576549530029297
43588,normal,1556,0,1782358873.2254913,0.0018529891967773438
43589,normal,767,0,1782358873.2277143,0.0022230148315429688
43590,normal,2328,0,1782358873.2296422,0.0019278526306152344
43591,normal,3577,0,1782358873.2317193,0.0020771026611328125
43592,normal,3492,0,1782358873.234499,0.002779722213745117
43593,normal,1050,0,1782358873.2362332,0.0017342567443847656
43594,normal,2396,0,1782358873.2384596,0.0022263526916503906
43595,normal,2093,0,1782358873.240243,0.0017833709716796875
43596,normal,1937,0,1782358873.2417483,0.0015053749084472656
43597,normal,545,0,1782358873.243729,0.0019807815551757812
43598,normal,1865,0,1782358873.2457535,0.002024412155151367
43599,normal,3528,0,1782358873.2481437,0.002390146255493164
43600,normal,227,0,1782358873.249574,0.0014302730560302734
43601,normal,1968,0,1782358873.2518854,0.0023114681243896484
43602,normal,426,0,1782358873.2535448,0.001659393310546875
43603,normal,2422,0,1782358873.2558928,0.0023479461669921875
43604,normal,2472,0,1782358873.2576342,0.0017414093017578125
43605,normal,372,0,1782358873.259722,0.002087831497192383
43606,normal,655,0,1782358873.2615688,0.0018467903137207031
43607,normal,3703,0,1782358873.2648897,0.003320932388305664
43608,normal,2242,0,1782358873.265716,0.0008263587951660156
43609,normal,1435,0,1782358873.2676914,0.0019752979278564453
43610,normal,1533,0,1782358873.269739,0.0020475387573242188
43611,normal,1613,0,1782358873.2716925,0.001953601837158203
43612,normal,2271,0,1782358873.273575,0.0018825531005859375
43613,normal,1295,0,1782358873.2758727,0.002297639846801758
43614,normal,1958,0,1782358873.2775476,0.0016748905181884766
43615,normal,2774,0,1782358873.2798514,0.0023038387298583984
43616,normal,1256,0,1782358873.281646,0.001794576644897461
43617,normal,401,0,1782358873.283746,0.0020999908447265625
43618,normal,226,0,1782358873.2857013,0.001955270767211914
43619,normal,3155,1,1782358873.2878633,0.0021619796752929688
43620,normal,1672,0,1782358873.28954,0.001676797866821289
43621,normal,1204,0,1782358873.2917728,0.002232789993286133
43622,normal,2,0,1782358873.2938688,0.002095937728881836
43623,normal,3290,1,1782358873.295541,0.0016722679138183594
43624,normal,1353,1,1782358873.2978942,0.002353191375732422
43625,normal,2859,0,1782358873.2997184,0.0018241405487060547
43626,normal,13,0,1782358873.30154,0.0018215179443359375
43627,normal,127,0,1782358873.3037498,0.002209901809692383
43628,normal,1300,0,1782358873.3058548,0.0021049976348876953
43629,normal,3232,1,1782358873.3075397,0.0016849040985107422
43630,normal,1414,0,1782358873.3099005,0.002360820770263672
43631,normal,279,0,1782358873.3116987,0.0017981529235839844
43632,normal,2680,0,1782358873.313545,0.0018463134765625
43633,normal,3135,1,1782358873.3158472,0.0023021697998046875
43634,normal,690,0,1782358873.3176916,0.0018444061279296875
43635,normal,2944,0,1782358873.3197286,0.00203704833984375
43636,normal,2640,0,1782358873.3216896,0.0019609928131103516
43637,normal,2376,0,1782358873.3238688,0.0021791458129882812
43638,normal,2633,0,1782358873.325539,0.0016703605651855469
43639,normal,1642,0,1782358873.3279088,0.0023696422576904297
43640,normal,1693,0,1782358873.329711,0.001802206039428711
43641,normal,1661,0,1782358873.3315423,0.0018312931060791016
43642,normal,1398,0,1782358873.3338513,0.002309083938598633
43643,normal,535,0,1782358873.335695,0.0018436908721923828
43644,normal,1199,0,1782358873.3377275,0.0020325183868408203
43645,normal,3621,0,1782358873.3397496,0.0020220279693603516
43646,normal,848,2,1782358873.3418515,0.002101898193359375
43647,normal,190,0,1782358873.3435407,0.0016891956329345703
43648,normal,3108,1,1782358873.3459127,0.0023720264434814453
43649,normal,1132,0,1782358873.3476918,0.0017790794372558594
43650,normal,3350,1,1782358873.3498256,0.0021338462829589844
43651,normal,1641,0,1782358873.351584,0.0017583370208740234
43652,normal,2521,0,1782358873.3538787,0.002294778823852539
43653,normal,139,0,1782358873.3555472,0.0016684532165527344
43654,normal,1736,0,1782358873.3579254,0.002378225326538086
43655,normal,1588,0,1782358873.3597171,0.0017917156219482422
43656,normal,1329,1,1782358873.3617427,0.002025604248046875
43657,normal,260,0,1782358873.3637574,0.002014636993408203
43658,normal,2307,0,1782358873.3658657,0.002108335494995117
43659,normal,1480,0,1782358873.367541,0.0016753673553466797
43660,normal,1835,0,1782358873.369928,0.002386808395385742
43661,normal,2532,0,1782358873.3717067,0.0017788410186767578
43662,normal,288,0,1782358873.373542,0.0018353462219238281
43663,normal,149,0,1782358873.37593,0.00238800048828125
43664,normal,3228,1,1782358873.3777153,0.0017852783203125
43665,normal,3530,0,1782358873.3795412,0.0018258094787597656
43666,normal,3600,0,1782358873.38195,0.002408742904663086
43667,normal,624,0,1782358873.3837185,0.0017685890197753906
43668,normal,2927,0,1782358873.385543,0.0018246173858642578
43669,normal,1504,0,1782358873.3879333,0.002390146255493164
43670,normal,425,0,1782358873.389605,0.0016717910766601562
43671,normal,1002,2,1782358873.391486,0.0018808841705322266
43672,normal,2784,0,1782358873.3935328,0.002046823501586914
43673,normal,1260,0,1782358873.3956542,0.002121448516845703
43674,normal,876,2,1782358873.3975012,0.0018470287322998047
43675,normal,1765,0,1782358873.3997307,0.002229452133178711
43676,normal,1478,0,1782358873.4016247,0.0018939971923828125
43677,normal,1656,0,1782358873.4034963,0.0018715858459472656
43678,normal,2094,0,1782358873.405731,0.0022346973419189453
43679,normal,199,0,1782358873.4076507,0.0019197463989257812
43680,normal,3335,1,1782358873.4094968,0.0018460750579833984
43681,normal,2870,0,1782358873.4117293,0.0022325515747070312
43682,normal,2717,0,1782358873.4136488,0.0019195079803466797
43683,normal,784,2,1782358873.4154963,0.0018475055694580078
43684,normal,2708,0,1782358873.4176004,0.002104043960571289
43685,normal,76,0,1782358873.4196455,0.002045154571533203
43686,normal,1523,0,1782358873.4215033,0.001857757568359375
43687,normal,3423,0,1782358873.4236019,0.002098560333251953
43688,normal,3025,0,1782358873.4256911,0.002089262008666992
43689,normal,3392,1,1782358873.4274933,0.001802206039428711
43690,normal,112,0,1782358873.42962,0.0021266937255859375
43691,normal,2091,0,1782358873.431603,0.0019829273223876953
43692,normal,3404,0,1782358873.433492,0.0018889904022216797
43693,normal,271,0,1782358873.4354997,0.002007722854614258
43694,normal,909,2,1782358873.437644,0.002144336700439453
43695,normal,1743,0,1782358873.4395032,0.0018591880798339844
43696,normal,156,0,1782358873.4416258,0.002122640609741211
43697,normal,360,0,1782358873.4436157,0.0019898414611816406
43698,normal,344,0,1782358873.445492,0.0018763542175292969
43699,normal,2569,0,1782358873.447609,0.0021169185638427734
43700,normal,1040,0,1782358873.449603,0.0019941329956054688
43701,normal,3399,1,1782358873.4514976,0.0018944740295410156
43702,normal,2761,0,1782358873.453623,0.0021255016326904297
43703,normal,2251,0,1782358873.4556139,0.001990795135498047
43704,normal,3700,0,1782358873.457494,0.0018801689147949219
43705,normal,3315,1,1782358873.4596117,0.002117633819580078
43706,normal,3124,1,1782358873.461648,0.0020363330841064453
43707,normal,808,2,1782358873.4634929,0.0018448829650878906
43708,normal,1703,0,1782358873.4656181,0.002125263214111328
43709,normal,1877,0,1782358873.4677138,0.0020956993103027344
43710,normal,3187,1,1782358873.4694958,0.0017819404602050781
43711,normal,3417,0,1782358873.471645,0.002149343490600586
43712,normal,1851,0,1782358873.4736896,0.0020444393157958984
43713,normal,672,0,1782358873.4754944,0.0018048286437988281
43714,normal,3269,1,1782358873.4776006,0.002106189727783203
43715,normal,2113,0,1782358873.4796543,0.0020537376403808594
43716,normal,1842,0,1782358873.4814937,0.0018393993377685547
43717,normal,2561,0,1782358873.4836276,0.0021338462829589844
43718,normal,1750,0,1782358873.4856164,0.0019888877868652344
43719,normal,2895,0,1782358873.4874945,0.0018780231475830078
43720,normal,275,0,1782358873.4896429,0.0021483898162841797
43721,normal,2731,0,1782358873.491593,0.0019500255584716797
43722,normal,1376,1,1782358873.49352,0.0019271373748779297
43723,normal,2064,0,1782358873.495626,0.0021059513092041016
43724,normal,1794,0,1782358873.4975965,0.001970529556274414
43725,normal,1962,0,1782358873.499494,0.001897573471069336
43726,normal,921,2,1782358873.5016289,0.0021347999572753906
43727,normal,2529,0,1782358873.5036182,0.0019893646240234375
43728,normal,3709,0,1782358873.5054932,0.0018749237060546875
43729,normal,1964,0,1782358873.5076125,0.002119302749633789
43730,normal,888,2,1782358873.5095987,0.001986265182495117
43731,normal,1168,0,1782358873.5114954,0.0018966197967529297
43732,normal,377,0,1782358873.5136387,0.002143383026123047
43733,normal,3369,1,1782358873.5156527,0.0020139217376708984
43734,normal,2941,0,1782358873.517512,0.001859426498413086
43735,normal,2917,0,1782358873.5196342,0.002122163772583008
43736,normal,865,2,1782358873.521616,0.0019817352294921875
43737,normal,668,0,1782358873.523491,0.0018749237060546875
43738,normal,1279,0,1782358873.525927,0.0024361610412597656
43739,normal,3514,0,1782358873.527699,0.0017719268798828125
43740,normal,3471,0,1782358873.5297468,0.0020477771759033203
43741,normal,937,2,1782358873.5317335,0.0019867420196533203
43742,normal,1348,1,1782358873.5338914,0.002157926559448242
43743,normal,3245,1,1782358873.5355682,0.001676797866821289
43744,normal,487,0,1782358873.5379336,0.0023653507232666016
43745,normal,3666,0,1782358873.5397217,0.0017881393432617188
43746,normal,2660,0,1782358873.541572,0.0018503665924072266
43747,normal,702,0,1782358873.543933,0.002360820770263672
43748,normal,758,0,1782358873.545708,0.0017750263214111328
43749,normal,3542,0,1782358873.547547,0.0018391609191894531
43750,normal,1822,0,1782358873.5499492,0.002402067184448242
43751,normal,1913,0,1782358873.551717,0.001767873764038086
43752,normal,2791,0,1782358873.5547955,0.003078460693359375
43753,normal,1702,0,1782358873.555557,0.0007615089416503906
43754,normal,2092,0,1782358873.5577528,0.0021958351135253906
43755,normal,2351,0,1782358873.5597334,0.0019805431365966797
43756,normal,2309,0,1782358873.5615966,0.001863241195678711
43757,normal,1413,0,1782358873.5639014,0.0023047924041748047
43758,normal,765,0,1782358873.5658808,0.001979351043701172
43759,normal,99,0,1782358873.5676994,0.0018186569213867188
43760,normal,2523,0,1782358873.5698326,0.0021331310272216797
43761,normal,3439,0,1782358873.5717046,0.0018720626831054688
43762,normal,1528,0,1782358873.5736012,0.0018966197967529297
43763,normal,18,0,1782358873.575886,0.0022847652435302734
43764,normal,2136,0,1782358873.577552,0.0016660690307617188
43765,normal,2221,0,1782358873.5799146,0.002362489700317383
43766,normal,651,0,1782358873.5815797,0.0016651153564453125
43767,normal,2370,0,1782358873.5843358,0.0027561187744140625
43768,normal,421,0,1782358873.5855825,0.0012466907501220703
43769,normal,2948,0,1782358873.587885,0.002302408218383789
43770,normal,2772,0,1782358873.589557,0.0016720294952392578
43771,normal,1146,0,1782358873.5918078,0.0022509098052978516
43772,normal,193,0,1782358873.5936048,0.0017969608306884766
43773,normal,2444,0,1782358873.5957177,0.002112865447998047
43774,normal,913,2,1782358873.5975657,0.001847982406616211
43775,normal,2423,0,1782358873.599715,0.002149343490600586
43776,normal,2125,0,1782358873.6015027,0.0017876625061035156
43777,normal,1732,0,1782358873.603794,0.002291440963745117
43778,normal,1372,1,1782358873.605529,0.0017349720001220703
43779,normal,2878,0,1782358873.6078227,0.0022935867309570312
43780,normal,3015,0,1782358873.6095686,0.0017459392547607422
43781,normal,61,0,1782358873.6117315,0.002162933349609375
43782,normal,218,0,1782358873.6135027,0.0017712116241455078
43783,normal,187,0,1782358873.615778,0.002275228500366211
43784,normal,2237,0,1782358873.6175315,0.0017535686492919922
43785,normal,68,0,1782358873.6197047,0.002173185348510742
43786,normal,573,0,1782358873.6215699,0.0018651485443115234
43787,normal,1356,1,1782358873.6237156,0.0021457672119140625
43788,normal,552,0,1782358873.6255043,0.0017886161804199219
43789,normal,2776,0,1782358873.6277742,0.0022699832916259766
43790,normal,3287,1,1782358873.6297355,0.001961231231689453
43791,normal,3203,1,1782358873.6315038,0.001768350601196289
43792,normal,3113,1,1782358873.6337843,0.0022804737091064453
43793,normal,1236,0,1782358873.6357253,0.0019409656524658203
43794,normal,3595,0,1782358873.6375027,0.0017774105072021484
43795,normal,2040,0,1782358873.6396558,0.002153158187866211
43796,normal,3234,1,1782358873.6417265,0.0020706653594970703
43797,normal,1245,0,1782358873.6435015,0.0017750263214111328
43798,normal,390,0,1782358873.645784,0.002282381057739258
43799,normal,3097,1,1782358873.647737,0.001953125
43800,normal,3491,0,1782358873.6495032,0.001766204833984375
43801,normal,3550,0,1782358873.6517386,0.00223541259765625
43802,normal,1537,0,1782358873.6537237,0.0019850730895996094
43803,normal,462,0,1782358873.6555035,0.001779794692993164
43804,normal,3291,1,1782358873.6576557,0.0021522045135498047
43805,normal,1065,0,1782358873.6597188,0.0020630359649658203
43806,normal,753,0,1782358873.6615016,0.0017828941345214844
43807,normal,1870,0,1782358873.6636593,0.0021576881408691406
43808,normal,3130,1,1782358873.665741,0.002081632614135742
43809,normal,543,0,1782358873.6674986,0.0017576217651367188
43810,normal,1041,0,1782358873.6697109,0.0022122859954833984
43811,normal,2869,0,1782358873.6716588,0.0019478797912597656
43812,normal,2793,0,1782358873.6735058,0.0018470287322998047
43813,normal,1166,0,1782358873.6756556,0.002149820327758789
43814,normal,6,0,1782358873.6777291,0.002073526382446289
43815,normal,2854,0,1782358873.6795022,0.0017731189727783203
43816,normal,1744,0,1782358873.6817093,0.002207040786743164
43817,normal,1230,0,1782358873.6837037,0.0019943714141845703
43818,normal,3396,1,1782358873.685506,0.0018024444580078125
43819,normal,1278,0,1782358873.6877065,0.0022003650665283203
43820,normal,151,0,1782358873.689704,0.0019974708557128906
43821,normal,1890,0,1782358873.691505,0.0018010139465332031
43822,normal,2058,0,1782358873.6937263,0.002221345901489258
43823,normal,659,0,1782358873.695722,0.0019958019256591797
43824,normal,2724,0,1782358873.6975117,0.0017895698547363281
43825,normal,3044,0,1782358873.7005825,0.003070831298828125
43826,normal,2451,0,1782358873.7015445,0.0009620189666748047
43827,normal,1519,0,1782358873.7037113,0.002166748046875
43828,normal,3606,0,1782358873.7055552,0.0018439292907714844
43829,normal,337,0,1782358873.707721,0.0021657943725585938
43830,normal,878,2,1782358873.7095,0.0017790794372558594
43831,normal,2738,0,1782358873.7116535,0.0021533966064453125
43832,normal,2556,0,1782358873.7137322,0.0020787715911865234
43833,normal,2065,0,1782358873.7155015,0.0017693042755126953
43834,normal,2861,0,1782358873.7176538,0.0021522045135498047
43835,normal,1467,0,1782358873.7197225,0.002068758010864258
43836,normal,2446,0,1782358873.7215073,0.0017848014831542969
43837,normal,1226,0,1782358873.7237191,0.0022118091583251953
43838,normal,1161,0,1782358873.7257366,0.002017498016357422
43839,normal,1804,0,1782358873.7275019,0.0017652511596679688
43840,normal,1739,0,1782358873.7297218,0.0022199153900146484
43841,normal,29,0,1782358873.7317376,0.002015829086303711
43842,normal,3034,0,1782358873.733502,0.0017642974853515625
43843,normal,3170,1,1782358873.7357259,0.002223968505859375
43844,normal,3463,0,1782358873.7377334,0.0020074844360351562
43845,normal,81,0,1782358873.7395046,0.0017712116241455078
43846,normal,1374,1,1782358873.7417288,0.0022242069244384766
43847,normal,216,0,1782358873.7436543,0.0019254684448242188
43848,normal,2809,0,1782358873.7455003,0.0018460750579833984
43849,normal,700,0,1782358873.7477305,0.0022301673889160156
43850,normal,2850,0,1782358873.749727,0.0019965171813964844
43851,normal,1354,1,1782358873.7515063,0.001779317855834961
43852,normal,194,0,1782358873.753657,0.0021507740020751953
43853,normal,2408,0,1782358873.755726,0.0020689964294433594
43854,normal,3191,1,1782358873.7575014,0.0017752647399902344
43855,normal,1694,0,1782358873.7596562,0.002154827117919922
43856,normal,738,0,1782358873.7617214,0.0020651817321777344
43857,normal,3241,1,1782358873.7635012,0.001779794692993164
43858,normal,2549,0,1782358873.7657373,0.0022361278533935547
43859,normal,289,0,1782358873.7677274,0.001990079879760742
43860,normal,2350,0,1782358873.7695007,0.0017733573913574219
43861,normal,1622,0,1782358873.771742,0.002241373062133789
43862,normal,2215,0,1782358873.7737162,0.0019741058349609375
43863,normal,2479,0,1782358873.7755017,0.0017855167388916016
43864,normal,392,0,1782358873.7776535,0.0021517276763916016
43865,normal,725,0,1782358873.7797148,0.0020613670349121094
43866,normal,3643,0,1782358873.7815015,0.0017867088317871094
43867,normal,1682,0,1782358873.78376,0.0022585391998291016
43868,normal,1982,0,1782358873.7857168,0.0019567012786865234
43869,normal,2831,0,1782358873.787501,0.0017843246459960938
43870,normal,622,0,1782358873.789778,0.002276897430419922
43871,normal,2078,0,1782358873.7915368,0.0017588138580322266
43872,normal,2394,0,1782358873.7937145,0.002177715301513672
43873,normal,628,0,1782358873.7955585,0.0018439292907714844
43874,normal,3661,0,1782358873.7977405,0.0021820068359375
43875,normal,1904,0,1782358873.7995002,0.0017597675323486328
43876,normal,3648,0,1782358873.8016565,0.0021562576293945312
43877,normal,2740,0,1782358873.8037252,0.002068758010864258
43878,normal,3509,0,1782358873.8055003,0.0017750263214111328
43879,normal,1821,0,1782358873.807761,0.0022606849670410156
43880,normal,2971,0,1782358873.809712,0.001950979232788086
43881,normal,278,0,1782358873.8115008,0.0017888545989990234
43882,normal,892,2,1782358873.8137722,0.002271413803100586
43883,normal,538,0,1782358873.815768,0.0019958019256591797
43884,normal,1854,0,1782358873.817503,0.0017349720001220703
43885,normal,2557,0,1782358873.8197768,0.0022737979888916016
43886,normal,1013,2,1782358873.8217266,0.0019497871398925781
43887,normal,3705,0,1782358873.8235016,0.0017750263214111328
43888,normal,1994,0,1782358873.8256557,0.002154111862182617
43889,normal,1272,0,1782358873.8277194,0.002063751220703125
43890,normal,2813,0,1782358873.8295085,0.001789093017578125
43891,normal,791,2,1782358873.8317964,0.0022878646850585938
43892,normal,1531,0,1782358873.8337188,0.0019223690032958984
43893,normal,928,2,1782358873.835503,0.0017843246459960938
43894,normal,3687,0,1782358873.837655,0.002151966094970703
43895,normal,1590,0,1782358873.83971,0.002054929733276367
43896,normal,2815,0,1782358873.8415027,0.0017926692962646484
43897,normal,3405,0,1782358873.843792,0.002289295196533203
43898,normal,863,2,1782358873.84574,0.0019481182098388672
43899,normal,1825,0,1782358873.8475022,0.0017621517181396484
43900,normal,822,2,1782358873.8497968,0.0022945404052734375
43901,normal,3030,0,1782358873.8517256,0.0019288063049316406
43902,normal,991,2,1782358873.853501,0.001775503158569336
43903,normal,3045,1,1782358873.8556552,0.002154111862182617
43904,normal,3131,1,1782358873.8577256,0.0020704269409179688
43905,normal,3200,1,1782358873.859502,0.0017764568328857422
43906,normal,941,2,1782358873.861654,0.002151966094970703
43907,normal,1668,0,1782358873.863716,0.0020618438720703125
43908,normal,1380,1,1782358873.8655024,0.0017864704132080078
43909,normal,2599,0,1782358873.8677003,0.0021979808807373047
43910,normal,2305,0,1782358873.869702,0.0020017623901367188
43911,normal,3601,0,1782358873.8715029,0.0018007755279541016
43912,normal,1228,0,1782358873.8736556,0.002152681350708008
43913,normal,1517,0,1782358873.875718,0.002062559127807617
43914,normal,1350,1,1782358873.8775036,0.0017855167388916016
43915,normal,1324,1,1782358873.879654,0.002150297164916992
43916,normal,2839,0,1782358873.8817205,0.0020666122436523438
43917,normal,662,0,1782358873.8835034,0.0017828941345214844
43918,normal,3145,1,1782358873.8856542,0.0021507740020751953
43919,normal,1507,0,1782358873.887717,0.0020627975463867188
43920,normal,3490,0,1782358873.8895013,0.0017843246459960938
43921,normal,1785,0,1782358873.8917902,0.002288818359375
43922,normal,2262,0,1782358873.8937294,0.0019392967224121094
43923,normal,666,0,1782358873.8955014,0.0017719268798828125
43924,normal,2416,0,1782358873.8976557,0.0021543502807617188
43925,normal,363,0,1782358873.8997285,0.0020728111267089844
43926,normal,1683,0,1782358873.9015021,0.0017735958099365234
43927,normal,1382,0,1782358873.903695,0.002192974090576172
43928,normal,2478,0,1782358873.905724,0.002028942108154297
43929,normal,2851,0,1782358873.9075077,0.001783609390258789
43930,normal,2362,0,1782358873.909699,0.002191305160522461
43931,normal,2893,0,1782358873.9117303,0.0020313262939453125
43932,normal,572,0,1782358873.913502,0.001771688461303711
43933,normal,2122,0,1782358873.9156544,0.0021524429321289062
43934,normal,3613,0,1782358873.917723,0.0020685195922851562
43935,normal,2260,0,1782358873.9195025,0.0017795562744140625
43936,normal,1695,0,1782358873.9217012,0.0021986961364746094
43937,normal,2340,0,1782358873.9237003,0.0019991397857666016
43938,normal,2073,0,1782358873.925502,0.0018017292022705078
43939,normal,2976,0,1782358873.9277186,0.0022165775299072266
43940,normal,388,0,1782358873.9297009,0.0019822120666503906
43941,normal,1529,0,1782358873.931516,0.0018150806427001953
43942,normal,1077,0,1782358873.9337003,0.0021843910217285156
43943,normal,301,0,1782358873.935726,0.002025604248046875
43944,normal,3239,1,1782358873.9375017,0.0017757415771484375
43945,normal,809,2,1782358873.9396534,0.0021517276763916016
43946,normal,343,0,1782358873.9417,0.0020465850830078125
43947,normal,2588,0,1782358873.9434817,0.0017817020416259766
43948,normal,1760,0,1782358873.9457116,0.002229928970336914
43949,normal,1094,0,1782358873.947709,0.0019974708557128906
43950,normal,1400,0,1782358873.9494917,0.0017826557159423828
43951,normal,1587,0,1782358873.9517148,0.0022230148315429688
43952,normal,2316,0,1782358873.9537144,0.0019996166229248047
43953,normal,595,0,1782358873.9555237,0.0018093585968017578
43954,normal,779,2,1782358873.9578643,0.002340555191040039
43955,normal,3389,1,1782358873.959556,0.0016918182373046875
43956,normal,3333,1,1782358873.9616413,0.0020852088928222656
43957,normal,3544,0,1782358873.9637456,0.0021042823791503906
43958,normal,3257,1,1782358873.9657393,0.0019936561584472656
43959,normal,644,0,1782358873.9676263,0.0018870830535888672
43960,normal,3321,1,1782358873.9697177,0.0020914077758789062
43961,normal,2575,0,1782358873.9717314,0.002013683319091797
43962,normal,1325,1,1782358873.9735248,0.0017933845520019531
43963,normal,70,0,1782358873.9759622,0.0024373531341552734
43964,normal,1235,0,1782358873.9775712,0.0016090869903564453
43965,normal,1212,0,1782358873.9798963,0.0023250579833984375
43966,normal,2500,0,1782358873.9815328,0.001636505126953125
43967,normal,2486,0,1782358873.9838836,0.0023508071899414062
43968,normal,1669,0,1782358873.9855516,0.0016679763793945312
43969,normal,2341,0,1782358873.9879417,0.002390146255493164
43970,normal,1203,0,1782358873.9896498,0.0017080307006835938
43971,normal,453,0,1782358873.9922783,0.0026285648345947266
43972,normal,1795,0,1782358873.9936278,0.0013494491577148438
43973,normal,638,0,1782358873.99573,0.0021021366119384766
43974,normal,3027,0,1782358873.997696,0.0019659996032714844
43975,normal,3434,0,1782358873.9998407,0.0021448135375976562
43976,normal,3484,0,1782358874.001708,0.0018672943115234375
43977,normal,2368,0,1782358874.0040097,0.0023016929626464844
43978,normal,3242,1,1782358874.0056212,0.001611471176147461
43979,normal,2060,0,1782358874.0078819,0.0022606849670410156
43980,normal,2141,0,1782358874.0095432,0.0016613006591796875
43981,normal,1997,0,1782358874.0119548,0.0024116039276123047
43982,normal,582,0,1782358874.0135927,0.0016379356384277344
43983,normal,610,0,1782358874.015772,0.002179384231567383
43984,normal,3329,1,1782358874.0177722,0.002000093460083008
43985,normal,3486,0,1782358874.019729,0.0019567012786865234
43986,normal,2311,0,1782358874.0216954,0.0019664764404296875
43987,normal,2572,0,1782358874.0238469,0.0021514892578125
43988,normal,565,0,1782358874.0257251,0.0018782615661621094
43989,normal,1797,0,1782358874.0283816,0.0026564598083496094
43990,normal,2222,0,1782358874.0296438,0.0012621879577636719
43991,normal,3625,0,1782358874.0318823,0.0022385120391845703
43992,normal,32,0,1782358874.033546,0.0016636848449707031
43993,normal,2842,0,1782358874.0359442,0.002398252487182617
43994,normal,1662,0,1782358874.0375881,0.0016438961029052734
43995,normal,3216,1,1782358874.040246,0.0026578903198242188
43996,normal,3259,1,1782358874.0415468,0.001300811767578125
43997,normal,1176,0,1782358874.0439117,0.0023648738861083984
43998,normal,2963,0,1782358874.0455449,0.0016331672668457031
43999,normal,2737,0,1782358874.047932,0.0023870468139648438
44000,normal,1963,0,1782358874.0495996,0.0016677379608154297
44001,normal,1267,0,1782358874.0522122,0.002612590789794922
44002,normal,3089,1,1782358874.0535572,0.001344919204711914
44003,normal,1328,1,1782358874.055898,0.0023407936096191406
44004,normal,1093,0,1782358874.0575452,0.0016472339630126953
44005,normal,490,0,1782358874.059885,0.0023398399353027344
44006,normal,3010,0,1782358874.0615773,0.0016922950744628906
44007,normal,2598,0,1782358874.0638807,0.0023033618927001953
44008,normal,639,0,1782358874.0655432,0.0016624927520751953
44009,normal,658,0,1782358874.067896,0.0023527145385742188
44010,normal,1508,0,1782358874.0695481,0.0016522407531738281
44011,normal,1375,1,1782358874.0718799,0.0023317337036132812
44012,normal,680,0,1782358874.073572,0.001692056655883789
44013,normal,2909,0,1782358874.0758996,0.0023276805877685547
44014,normal,1814,0,1782358874.0775616,0.0016620159149169922
44015,normal,2687,0,1782358874.079905,0.002343416213989258
44016,normal,84,0,1782358874.081918,0.002012968063354492
44017,normal,2399,0,1782358874.0835707,0.0016527175903320312
44018,normal,3355,1,1782358874.0858908,0.0023200511932373047
44019,normal,183,0,1782358874.0875437,0.0016529560089111328
44020,normal,1709,0,1782358874.089896,0.0023522377014160156
44021,normal,2015,0,1782358874.0915854,0.0016894340515136719
44022,normal,854,2,1782358874.0938933,0.002307891845703125
44023,normal,2603,0,1782358874.095569,0.0016756057739257812
44024,normal,856,2,1782358874.0984428,0.0028738975524902344
44025,normal,2213,0,1782358874.1003082,0.001865386962890625
44026,normal,2147,0,1782358874.1023474,0.002039194107055664
44027,normal,2758,0,1782358874.1042902,0.0019428730010986328
44028,normal,2053,0,1782358874.1061854,0.0018951892852783203
44029,normal,2344,0,1782358874.1085434,0.002357959747314453
44030,normal,693,0,1782358874.1098723,0.0013289451599121094
44031,normal,1343,1,1782358874.1122038,0.0023314952850341797
44032,normal,311,0,1782358874.1144598,0.0022559165954589844
44033,normal,671,0,1782358874.1162045,0.0017447471618652344
44034,normal,2390,0,1782358874.1181436,0.0019390583038330078
44035,normal,2256,0,1782358874.1198072,0.0016636848449707031
44036,normal,200,0,1782358874.1221192,0.0023119449615478516
44037,normal,1101,0,1782358874.124152,0.002032756805419922
44038,normal,3055,1,1782358874.126109,0.001956939697265625
44039,normal,3676,0,1782358874.1281056,0.001996755599975586
44040,normal,35,0,1782358874.1301463,0.0020406246185302734
44041,normal,1953,0,1782358874.1324081,0.0022618770599365234
44042,normal,530,0,1782358874.133549,0.0011408329010009766
44043,normal,2217,0,1782358874.1358793,0.002330303192138672
44044,normal,1008,2,1782358874.137526,0.0016467571258544922
44045,normal,1129,0,1782358874.13974,0.0022139549255371094
44046,normal,3231,1,1782358874.1414864,0.0017464160919189453
44047,normal,1038,0,1782358874.1437273,0.002240896224975586
44048,normal,2302,0,1782358874.145702,0.0019745826721191406
44049,normal,1424,0,1782358874.1474917,0.0017898082733154297
44050,normal,1249,0,1782358874.1497183,0.002226591110229492
44051,normal,1115,0,1782358874.1518207,0.002102375030517578
44052,normal,1208,0,1782358874.1536367,0.0018160343170166016
44053,normal,1942,0,1782358874.1561675,0.002530813217163086
44054,normal,951,2,1782358874.1575193,0.0013518333435058594
44055,normal,1550,0,1782358874.1595798,0.002060413360595703
44056,normal,2657,0,1782358874.1614256,0.0018458366394042969
44057,normal,2808,0,1782358874.1634526,0.0020270347595214844
44058,normal,3072,1,1782358874.1655834,0.002130746841430664
44059,normal,470,0,1782358874.167412,0.0018286705017089844
44060,normal,1044,0,1782358874.1694002,0.0019881725311279297
44061,normal,2404,0,1782358874.1715007,0.0021004676818847656
44062,normal,1716,0,1782358874.1734443,0.0019435882568359375
44063,normal,147,0,1782358874.1755624,0.0021181106567382812
44064,normal,2961,0,1782358874.177445,0.0018825531005859375
44065,normal,880,2,1782358874.1796236,0.002178668975830078
44066,normal,797,2,1782358874.1816084,0.001984834671020508
44067,normal,1341,1,1782358874.183533,0.0019245147705078125
44068,normal,1290,0,1782358874.1856942,0.002161264419555664
44069,normal,1966,0,1782358874.187516,0.001821756362915039
44070,normal,1563,0,1782358874.1896205,0.002104520797729492
44071,normal,2886,0,1782358874.1915116,0.0018911361694335938
44072,normal,3340,1,1782358874.1937647,0.0022530555725097656
44073,normal,2027,0,1782358874.1955075,0.0017428398132324219
44074,normal,684,0,1782358874.1977277,0.00222015380859375
44075,normal,486,0,1782358874.199722,0.0019943714141845703
44076,normal,2679,0,1782358874.2014816,0.0017595291137695312
44077,normal,2087,0,1782358874.203728,0.002246379852294922
44078,normal,3706,0,1782358874.2057278,0.0019998550415039062
44079,normal,3539,0,1782358874.2075067,0.0017788410186767578
44080,normal,3545,0,1782358874.2097266,0.0022199153900146484
44081,normal,1939,0,1782358874.2117147,0.0019881725311279297
44082,normal,2629,0,1782358874.2134848,0.00177001953125
44083,normal,2681,0,1782358874.2157378,0.0022530555725097656
44084,normal,2397,0,1782358874.2177215,0.001983642578125
44085,normal,419,0,1782358874.219494,0.0017726421356201172
44086,normal,2818,0,1782358874.2216263,0.0021321773529052734
44087,normal,3002,0,1782358874.2237287,0.002102375030517578
44088,normal,3071,1,1782358874.2254863,0.0017576217651367188
44089,normal,133,0,1782358874.227738,0.0022516250610351562
44090,normal,2485,0,1782358874.229736,0.0019981861114501953
44091,normal,1145,0,1782358874.2314982,0.0017621517181396484
44092,normal,3708,0,1782358874.2337296,0.0022313594818115234
44093,normal,1112,0,1782358874.2357106,0.001981019973754883
44094,normal,364,0,1782358874.237645,0.0019342899322509766
44095,normal,3445,0,1782358874.2398503,0.002205371856689453
44096,normal,2670,0,1782358874.242022,0.002171754837036133
44097,normal,456,0,1782358874.244892,0.002869844436645508
44098,normal,3403,0,1782358874.2454562,0.0005643367767333984
44099,normal,2718,0,1782358874.2475688,0.0021126270294189453
44100,normal,148,0,1782358874.2494981,0.0019292831420898438
44101,normal,728,0,1782358874.251633,0.0021347999572753906
44102,normal,1598,0,1782358874.2537105,0.0020775794982910156
44103,normal,3086,1,1782358874.2555404,0.0018298625946044922
44104,normal,3112,1,1782358874.2576249,0.002084493637084961
44105,normal,167,0,1782358874.259597,0.001972198486328125
44106,normal,110,0,1782358874.2615564,0.0019593238830566406
44107,normal,2098,0,1782358874.26365,0.0020935535430908203
44108,normal,3219,1,1782358874.2657213,0.002071380615234375
44109,normal,2352,0,1782358874.267454,0.0017325878143310547
44110,normal,3174,1,1782358874.269609,0.0021550655364990234
44111,normal,2043,0,1782358874.27158,0.001971006393432617
44112,normal,3248,1,1782358874.273487,0.0019071102142333984
44113,normal,1686,0,1782358874.275594,0.002106904983520508
44114,normal,3679,0,1782358874.277586,0.0019919872283935547
44115,normal,782,2,1782358874.2794793,0.0018932819366455078
44116,normal,2748,0,1782358874.2815886,0.0021092891693115234
44117,normal,1200,0,1782358874.283739,0.0021505355834960938
44118,normal,2593,0,1782358874.2855077,0.0017685890197753906
44119,normal,793,2,1782358874.2875817,0.002074003219604492
44120,normal,3693,0,1782358874.289574,0.0019922256469726562
44121,normal,2755,0,1782358874.2914584,0.00188446044921875
44122,normal,2039,0,1782358874.293554,0.0020956993103027344
44123,normal,2046,0,1782358874.2956197,0.0020656585693359375
44124,normal,3150,1,1782358874.2975452,0.0019254684448242188
44125,normal,643,0,1782358874.2997205,0.0021753311157226562
44126,normal,891,2,1782358874.3016288,0.0019083023071289062
44127,normal,3576,0,1782358874.303494,0.0018651485443115234
44128,normal,3050,1,1782358874.3055854,0.0020914077758789062
44129,normal,1731,0,1782358874.3077166,0.002131223678588867
44130,normal,316,0,1782358874.3094563,0.0017397403717041016
44131,normal,1648,0,1782358874.3115427,0.0020864009857177734
44132,normal,196,0,1782358874.313551,0.002008199691772461
44133,normal,2624,0,1782358874.315655,0.002104043960571289
44134,normal,585,0,1782358874.3175445,0.0018894672393798828
44135,normal,1600,0,1782358874.3196971,0.002152681350708008
44136,normal,596,0,1782358874.321731,0.0020339488983154297
44137,normal,2921,0,1782358874.3238502,0.0021190643310546875
44138,normal,1484,0,1782358874.325532,0.0016818046569824219
44139,normal,927,2,1782358874.327861,0.002329111099243164
44140,normal,2663,0,1782358874.3296168,0.0017557144165039062
44141,normal,1459,0,1782358874.3314767,0.001859903335571289
44142,normal,2493,0,1782358874.3335474,0.0020706653594970703
44143,normal,2012,0,1782358874.3354478,0.0019004344940185547
44144,normal,887,2,1782358874.3378372,0.0023894309997558594
44145,normal,1623,0,1782358874.3394487,0.001611471176147461
44146,normal,3469,0,1782358874.3415322,0.0020835399627685547
44147,normal,2071,0,1782358874.3435354,0.002003192901611328
44148,normal,335,0,1782358874.3454351,0.00189971923828125
44149,normal,1337,1,1782358874.347883,0.002447843551635742
44150,normal,1183,0,1782358874.3496804,0.0017974376678466797
44151,normal,2756,0,1782358874.3519046,0.0022242069244384766
44152,normal,88,0,1782358874.3535616,0.0016570091247558594
44153,normal,2476,0,1782358874.3555927,0.002031087875366211
44154,normal,1721,0,1782358874.3574886,0.001895904541015625
44155,normal,1584,0,1782358874.3595757,0.002087116241455078
44156,normal,1171,0,1782358874.361719,0.0021431446075439453
44157,normal,3185,1,1782358874.363589,0.0018701553344726562
44158,normal,1546,0,1782358874.36556,0.001971006393432617
44159,normal,1458,0,1782358874.3675697,0.0020096302032470703
44160,normal,929,2,1782358874.369473,0.0019032955169677734
44161,normal,623,0,1782358874.3715897,0.002116680145263672
44162,normal,1524,0,1782358874.3735945,0.002004861831665039
44163,normal,1629,0,1782358874.375504,0.001909494400024414
44164,normal,939,2,1782358874.3776164,0.0021123886108398438
44165,normal,2178,0,1782358874.3796046,0.0019881725311279297
44166,normal,37,0,1782358874.3816931,0.0020885467529296875
44167,normal,2468,0,1782358874.383694,0.0020008087158203125
44168,normal,697,0,1782358874.385764,0.0020699501037597656
44169,normal,956,2,1782358874.3876023,0.0018384456634521484
44170,normal,1943,0,1782358874.3898911,0.002288818359375
44171,normal,229,0,1782358874.3915854,0.0016942024230957031
44172,normal,1032,0,1782358874.3936937,0.002108335494995117
44173,normal,2255,0,1782358874.3956833,0.001989603042602539
44174,normal,3084,1,1782358874.3977962,0.002112865447998047
44175,normal,429,0,1782358874.3997235,0.0019273757934570312
44176,normal,3060,1,1782358874.4018626,0.0021390914916992188
44177,normal,2981,0,1782358874.4036114,0.001748800277709961
44178,normal,1072,0,1782358874.4055781,0.001966714859008789
44179,normal,3152,1,1782358874.4080822,0.002504110336303711
44180,normal,2284,0,1782358874.409824,0.001741647720336914
44181,normal,1425,0,1782358874.411485,0.001661062240600586
44182,normal,1222,0,1782358874.413659,0.0021741390228271484
44183,normal,908,2,1782358874.4157078,0.0020487308502197266
44184,normal,964,2,1782358874.417577,0.00186920166015625
44185,normal,3001,0,1782358874.419589,0.002012014389038086
44186,normal,2820,0,1782358874.4216826,0.0020935535430908203
44187,normal,2007,0,1782358874.423605,0.0019223690032958984
44188,normal,3066,1,1782358874.425793,0.002187967300415039
44189,normal,1053,0,1782358874.4276948,0.001901865005493164
44190,normal,2550,0,1782358874.4295733,0.001878499984741211
44191,normal,1051,0,1782358874.431767,0.0021936893463134766
44192,normal,2728,0,1782358874.4337525,0.0019855499267578125
44193,normal,2830,0,1782358874.4357035,0.001950979232788086
44194,normal,26,0,1782358874.4375079,0.001804351806640625
44195,normal,1182,0,1782358874.4396582,0.002150297164916992
44196,normal,1489,0,1782358874.4415843,0.0019261837005615234
44197,normal,1657,0,1782358874.443601,0.0020165443420410156
44198,normal,34,0,1782358874.4457004,0.0020995140075683594
44199,normal,1299,0,1782358874.4474993,0.001798868179321289
44200,normal,1974,0,1782358874.4496992,0.002199888229370117
44201,normal,483,0,1782358874.451711,0.0020117759704589844
44202,normal,2322,0,1782358874.4535198,0.0018088817596435547
44203,normal,943,2,1782358874.4557874,0.002267599105834961
44204,normal,1135,0,1782358874.4575806,0.0017931461334228516
44205,normal,1941,0,1782358874.45966,0.002079486846923828
44206,normal,2860,0,1782358874.461571,0.0019109249114990234
44207,normal,356,0,1782358874.463656,0.002084970474243164
44208,normal,1690,0,1782358874.4655733,0.0019173622131347656
44209,normal,511,0,1782358874.4677062,0.002132892608642578
44210,normal,2018,0,1782358874.4697492,0.002043008804321289
44211,normal,1491,0,1782358874.4717593,0.0020101070404052734
44212,normal,711,0,1782358874.4735284,0.0017690658569335938
44213,normal,1358,1,1782358874.4757166,0.0021882057189941406
44214,normal,824,2,1782358874.4776287,0.0019121170043945312
44215,normal,3327,1,1782358874.4796546,0.0020258426666259766
44216,normal,1754,0,1782358874.4816499,0.0019953250885009766
44217,normal,745,0,1782358874.48356,0.0019102096557617188
44218,normal,3103,1,1782358874.4858217,0.002261638641357422
44219,normal,2155,0,1782358874.4876354,0.001813650131225586
44220,normal,1972,0,1782358874.4897664,0.0021309852600097656
44221,normal,1242,0,1782358874.4917698,0.0020034313201904297
44222,normal,3314,1,1782358874.4939368,0.0021669864654541016
44223,normal,1237,0,1782358874.4956996,0.0017628669738769531
44224,normal,1309,0,1782358874.4976547,0.0019550323486328125
44225,normal,636,0,1782358874.4998624,0.0022077560424804688
44226,normal,3537,0,1782358874.5017767,0.0019142627716064453
44227,normal,1108,0,1782358874.503564,0.0017871856689453125
44228,normal,2977,0,1782358874.505653,0.0020890235900878906
44229,normal,136,0,1782358874.5075572,0.0019042491912841797
44230,normal,674,0,1782358874.5098484,0.0022912025451660156
44231,normal,2937,0,1782358874.5115757,0.0017273426055908203
44232,normal,2515,0,1782358874.5136454,0.002069711685180664
44233,normal,114,0,1782358874.5155556,0.0019102096557617188
44234,normal,1349,1,1782358874.5176482,0.002092599868774414
44235,normal,1536,0,1782358874.5200608,0.002412557601928711
44236,normal,3132,1,1782358874.521701,0.00164031982421875
44237,normal,2788,0,1782358874.523808,0.002106904983520508
44238,normal,1338,1,1782358874.5257967,0.001988649368286133
44239,normal,3199,1,1782358874.5275013,0.0017046928405761719
44240,normal,1841,0,1782358874.529693,0.0021915435791015625
44241,normal,341,0,1782358874.531604,0.001911163330078125
44242,normal,2777,0,1782358874.53379,0.0021860599517822266
44243,normal,1983,0,1782358874.5357997,0.0020096302032470703
44244,normal,3296,1,1782358874.5374858,0.00168609619140625
44245,normal,938,2,1782358874.539655,0.0021691322326660156
44246,normal,2957,0,1782358874.5416894,0.002034425735473633
44247,normal,1806,0,1782358874.54358,0.0018906593322753906
44248,normal,1638,0,1782358874.545726,0.002146005630493164
44249,normal,635,0,1782358874.5477216,0.001995563507080078
44250,normal,2695,0,1782358874.5495968,0.001875162124633789
44251,normal,1214,0,1782358874.5520344,0.002437591552734375
44252,normal,2504,0,1782358874.5543587,0.002324342727661133
44253,normal,930,2,1782358874.5557387,0.0013799667358398438
44254,normal,2456,0,1782358874.5574796,0.0017409324645996094
44255,normal,3164,1,1782358874.5602224,0.002742767333984375
44256,normal,1075,0,1782358874.5618997,0.0016772747039794922
44257,normal,2466,0,1782358874.5640628,0.0021631717681884766
44258,normal,789,2,1782358874.5661569,0.0020940303802490234
44259,normal,393,0,1782358874.5675912,0.001434326171875
44260,normal,1621,0,1782358874.5696552,0.0020639896392822266
44261,normal,1438,0,1782358874.5716815,0.0020263195037841797
44262,normal,130,0,1782358874.5735903,0.0019087791442871094
44263,normal,223,0,1782358874.5757074,0.002117156982421875
44264,normal,1772,0,1782358874.5777073,0.0019998550415039062
44265,normal,3090,1,1782358874.5795825,0.001875162124633789
44266,normal,2571,0,1782358874.5816069,0.002024412155151367
44267,normal,982,2,1782358874.5838027,0.0021958351135253906
44268,normal,3024,0,1782358874.5856016,0.001798868179321289
44269,normal,3263,1,1782358874.5877566,0.0021550655364990234
44270,normal,1988,0,1782358874.5897026,0.0019459724426269531
44271,normal,1676,0,1782358874.5916593,0.0019567012786865234
44272,normal,250,0,1782358874.5937853,0.002125978469848633
44273,normal,2483,0,1782358874.5957682,0.0019829273223876953
44274,normal,3388,1,1782358874.597567,0.001798868179321289
44275,normal,3510,0,1782358874.5997021,0.002135038375854492
44276,normal,2749,0,1782358874.6017056,0.0020034313201904297
44277,normal,780,2,1782358874.6035874,0.0018818378448486328
44278,normal,2985,0,1782358874.6056967,0.0021092891693115234
44279,normal,396,0,1782358874.6077206,0.002023935317993164
44280,normal,2614,0,1782358874.6095157,0.001795053482055664
44281,normal,2163,0,1782358874.6117117,0.002196073532104492
44282,normal,1333,1,1782358874.61373,0.0020182132720947266
44283,normal,600,0,1782358874.6156254,0.0018954277038574219
44284,normal,2999,0,1782358874.6175802,0.001954793930053711
44285,normal,3175,1,1782358874.6196856,0.0021054744720458984
44286,normal,3341,1,1782358874.6215713,0.0018856525421142578
44287,normal,3504,0,1782358874.6236944,0.002123117446899414
44288,normal,1215,0,1782358874.625686,0.0019915103912353516
44289,normal,447,0,1782358874.6276176,0.0019316673278808594
44290,normal,1509,0,1782358874.6299498,0.0023322105407714844
44291,normal,3663,0,1782358874.631652,0.0017023086547851562
44292,normal,2490,0,1782358874.6337214,0.002069234848022461
44293,normal,1828,0,1782358874.6356227,0.001901388168334961
44294,normal,1015,2,1782358874.6377158,0.002093076705932617
44295,normal,3518,0,1782358874.6395671,0.0018513202667236328
44296,normal,1240,0,1782358874.641654,0.0020868778228759766
44297,normal,3196,1,1782358874.643656,0.0020020008087158203
44298,normal,1866,0,1782358874.6456866,0.002030611038208008
44299,normal,1681,0,1782358874.6476185,0.001931905746459961
44300,normal,2153,0,1782358874.6497934,0.002174854278564453
44301,normal,3645,0,1782358874.6516976,0.0019042491912841797
44302,normal,1564,0,1782358874.6538851,0.002187490463256836
44303,normal,332,0,1782358874.6556356,0.0017504692077636719
44304,normal,2632,0,1782358874.6579733,0.0023376941680908203
44305,normal,117,0,1782358874.6597073,0.001734018325805664
44306,normal,2855,0,1782358874.6617498,0.002042531967163086
44307,normal,3438,0,1782358874.663558,0.00180816650390625
44308,normal,1174,0,1782358874.6656437,0.0020856857299804688
44309,normal,482,0,1782358874.6676505,0.0020067691802978516
44310,normal,2315,0,1782358874.6697013,0.0020508766174316406
44311,normal,2673,0,1782358874.6715097,0.0018084049224853516
44312,normal,2346,0,1782358874.673646,0.00213623046875
44313,normal,3106,1,1782358874.6755624,0.0019164085388183594
44314,normal,2779,0,1782358874.6776521,0.0020897388458251953
44315,normal,1124,0,1782358874.6801877,0.002535581588745117
44316,normal,1415,0,1782358874.6819243,0.0017366409301757812
44317,normal,3240,1,1782358874.6835315,0.0016071796417236328
44318,normal,2085,0,1782358874.6856833,0.0021517276763916016
44319,normal,2460,0,1782358874.6875749,0.0018916130065917969
44320,normal,3101,1,1782358874.6896584,0.0020835399627685547
44321,normal,161,0,1782358874.6916184,0.0019600391387939453
44322,normal,1181,0,1782358874.6937842,0.0021657943725585938
44323,normal,665,0,1782358874.6955707,0.0017864704132080078
44324,normal,2581,0,1782358874.6976054,0.0020346641540527344
44325,normal,2666,0,1782358874.699627,0.0020215511322021484
44326,normal,2889,0,1782358874.7017274,0.0021004676818847656
44327,normal,2552,0,1782358874.7038097,0.002082347869873047
44328,normal,2950,0,1782358874.705729,0.0019192695617675781
44329,normal,3063,1,1782358874.7076976,0.0019686222076416016
44330,normal,873,2,1782358874.7097955,0.0020978450775146484
44331,normal,710,0,1782358874.7116158,0.0018203258514404297
44332,normal,1010,2,1782358874.713755,0.0021390914916992188
44333,normal,3689,0,1782358874.7159424,0.002187490463256836
44334,normal,781,2,1782358874.7178519,0.001909494400024414
44335,normal,843,2,1782358874.7197227,0.001870870590209961
44336,normal,3151,1,1782358874.7219715,0.0022487640380859375
44337,normal,1862,0,1782358874.724009,0.002037525177001953
44338,normal,1121,0,1782358874.725613,0.0016040802001953125
44339,normal,404,0,1782358874.7277,0.0020868778228759766
44340,normal,2232,0,1782358874.7295706,0.0018706321716308594
44341,normal,923,2,1782358874.73172,0.002149343490600586
44342,normal,2014,0,1782358874.733724,0.0020041465759277344
44343,normal,1705,0,1782358874.7355838,0.0018596649169921875
44344,normal,64,0,1782358874.7375722,0.0019884109497070312
44345,normal,1741,0,1782358874.7396936,0.002121448516845703
44346,normal,1036,0,1782358874.7416112,0.0019176006317138672
44347,normal,2983,0,1782358874.7437189,0.0021076202392578125
44348,normal,1631,0,1782358874.745718,0.0019991397857666016
44349,normal,389,0,1782358874.747466,0.0017480850219726562
44350,normal,1156,0,1782358874.7496495,0.0021834373474121094
44351,normal,1916,0,1782358874.7516348,0.001985311508178711
44352,normal,2330,0,1782358874.753655,0.002020120620727539
44353,normal,1538,0,1782358874.7560167,0.002361774444580078
44354,normal,2124,0,1782358874.757481,0.0014643669128417969
44355,normal,647,0,1782358874.759593,0.0021119117736816406
44356,normal,405,0,1782358874.7614787,0.0018856525421142578
44357,normal,1111,0,1782358874.7635899,0.002111196517944336
44358,normal,871,2,1782358874.7654822,0.0018923282623291016
44359,normal,2495,0,1782358874.7675838,0.0021016597747802734
44360,normal,3332,1,1782358874.76958,0.0019960403442382812
44361,normal,1790,0,1782358874.771491,0.001911163330078125
44362,normal,2578,0,1782358874.7736099,0.002118825912475586
44363,normal,3522,0,1782358874.7756968,0.0020868778228759766
44364,normal,1959,0,1782358874.7775173,0.0018205642700195312
44365,normal,1177,0,1782358874.7795794,0.002062082290649414
44366,normal,1831,0,1782358874.7815855,0.002006053924560547
44367,normal,2753,0,1782358874.783468,0.0018825531005859375
44368,normal,3319,1,1782358874.785574,0.0021059513092041016
44369,normal,2675,0,1782358874.7875707,0.001996755599975586
44370,normal,849,2,1782358874.7895188,0.0019481182098388672
44371,normal,1742,0,1782358874.7916992,0.002180337905883789
44372,normal,747,0,1782358874.7937908,0.002091646194458008
44373,normal,3298,1,1782358874.795493,0.0017020702362060547
44374,normal,3116,1,1782358874.7975879,0.0020949840545654297
44375,normal,532,0,1782358874.7997072,0.002119302749633789
44376,normal,3148,1,1782358874.801452,0.0017447471618652344
44377,normal,1058,0,1782358874.8035538,0.002101898193359375
44378,normal,44,0,1782358874.8055701,0.002016305923461914
44379,normal,3168,1,1782358874.807476,0.0019059181213378906
44380,normal,3533,0,1782358874.8097289,0.002252817153930664
44381,normal,2989,0,1782358874.8116252,0.0018963813781738281
44382,normal,3524,0,1782358874.8136115,0.001986265182495117
44383,normal,1024,2,1782358874.815825,0.0022134780883789062
44384,normal,3338,1,1782358874.8178425,0.002017498016357422
44385,normal,3682,0,1782358874.8195593,0.0017168521881103516
44386,normal,3488,0,1782358874.821685,0.0021257400512695312
44387,normal,2526,0,1782358874.823807,0.0021219253540039062
44388,normal,3674,0,1782358874.8256302,0.0018231868743896484
44389,normal,1385,0,1782358874.8274567,0.0018265247344970703
44390,normal,3194,1,1782358874.8295505,0.002093791961669922
44391,normal,1827,0,1782358874.831636,0.002085447311401367
44392,normal,2363,0,1782358874.833854,0.002218008041381836
44393,normal,1034,0,1782358874.8355746,0.0017206668853759766
44394,normal,1185,0,1782358874.8376586,0.002084016799926758
44395,normal,3497,0,1782358874.839563,0.0019042491912841797
44396,normal,1429,0,1782358874.8416834,0.002120494842529297
44397,normal,835,2,1782358874.8440897,0.0024063587188720703
44398,normal,1734,0,1782358874.8457477,0.0016579627990722656
44399,normal,942,2,1782358874.847781,0.002033233642578125
44400,normal,2005,0,1782358874.8498168,0.002035856246948242
44401,normal,1275,0,1782358874.8514981,0.0016813278198242188
44402,normal,869,2,1782358874.8537114,0.0022132396697998047
44403,normal,819,2,1782358874.8555958,0.00188446044921875
44404,normal,524,0,1782358874.8577256,0.002129793167114258
44405,normal,2292,0,1782358874.8599997,0.002274036407470703
44406,normal,3182,1,1782358874.8614995,0.0014998912811279297
44407,normal,1931,0,1782358874.8636837,0.002184152603149414
44408,normal,1326,1,1782358874.8656907,0.002007007598876953
44409,normal,2768,0,1782358874.867583,0.0018923282623291016
44410,normal,2919,0,1782358874.8697097,0.0021266937255859375
44411,normal,210,0,1782358874.8717554,0.0020456314086914062
44412,normal,3422,0,1782358874.873594,0.00183868408203125
44413,normal,3390,1,1782358874.8757179,0.0021238327026367188
44414,normal,3416,0,1782358874.878036,0.002318143844604492
44415,normal,2010,0,1782358874.8804224,0.002386331558227539
44416,normal,1711,0,1782358874.881544,0.0011217594146728516
44417,normal,2339,0,1782358874.88366,0.002115964889526367
44418,normal,990,2,1782358874.8861237,0.0024635791778564453
44419,normal,999,2,1782358874.8877385,0.0016148090362548828
44420,normal,1241,0,1782358874.8899338,0.0021953582763671875
44421,normal,517,0,1782358874.8920572,0.0021233558654785156
44422,normal,39,0,1782358874.893541,0.001483917236328125
44423,normal,3251,1,1782358874.895691,0.002149820327758789
44424,normal,2837,0,1782358874.8975673,0.0018763542175292969
44425,normal,1253,0,1782358874.8997247,0.002157449722290039
44426,normal,1381,1,1782358874.9017196,0.0019948482513427734
44427,normal,3527,0,1782358874.9035852,0.0018656253814697266
44428,normal,2321,0,1782358874.905685,0.002099752426147461
44429,normal,3292,1,1782358874.9076974,0.002012491226196289
44430,normal,902,2,1782358874.909611,0.0019135475158691406
44431,normal,2077,0,1782358874.9117732,0.0021622180938720703
44432,normal,611,0,1782358874.9137952,0.0020220279693603516
44433,normal,132,0,1782358874.9154816,0.0016863346099853516
44434,normal,634,0,1782358874.9177673,0.0022857189178466797
44435,normal,1017,2,1782358874.9197574,0.001990079879760742
44436,normal,186,0,1782358874.9217222,0.0019648075103759766
44437,normal,3585,0,1782358874.9235039,0.0017817020416259766
44438,normal,1976,0,1782358874.9256966,0.0021927356719970703
44439,normal,2518,0,1782358874.9275851,0.0018885135650634766
44440,normal,712,0,1782358874.9296942,0.002109050750732422
44441,normal,213,0,1782358874.9316976,0.0020034313201904297
44442,normal,575,0,1782358874.9335833,0.0018856525421142578
44443,normal,1733,0,1782358874.935706,0.002122640609741211
44444,normal,2367,0,1782358874.9377146,0.002008676528930664
44445,normal,3040,0,1782358874.9395952,0.001880645751953125
44446,normal,2261,0,1782358874.9416876,0.0020923614501953125
44447,normal,966,2,1782358874.9436903,0.002002716064453125
44448,normal,726,0,1782358874.9455698,0.0018794536590576172
44449,normal,1403,0,1782358874.9476829,0.0021131038665771484
44450,normal,959,2,1782358874.9496589,0.00197601318359375
44451,normal,1428,0,1782358874.951571,0.0019121170043945312
44452,normal,576,0,1782358874.9537156,0.0021445751190185547
44453,normal,975,2,1782358874.9557562,0.0020406246185302734
44454,normal,205,0,1782358874.9577606,0.002004384994506836
44455,normal,435,0,1782358874.959506,0.001745462417602539
44456,normal,1439,0,1782358874.9617438,0.0022377967834472656
44457,normal,734,0,1782358874.963602,0.0018582344055175781
44458,normal,20,0,1782358874.9656553,0.0020532608032226562
44459,normal,1986,0,1782358874.9676487,0.001993417739868164
44460,normal,2528,0,1782358874.9695585,0.0019097328186035156
44461,normal,2004,0,1782358874.9716933,0.0021347999572753906
44462,normal,3498,0,1782358874.9737537,0.002060413360595703
44463,normal,2554,0,1782358874.9756496,0.001895904541015625
44464,normal,683,0,1782358874.977873,0.002223491668701172
44465,normal,931,2,1782358874.9797516,0.001878499984741211
44466,normal,997,2,1782358874.9816868,0.0019352436065673828
44467,normal,3265,1,1782358874.9836965,0.0020096302032470703
44468,normal,3189,1,1782358874.9858937,0.002197265625
44469,normal,2223,0,1782358874.9876442,0.0017504692077636719
44470,normal,397,0,1782358874.989555,0.0019106864929199219
44471,normal,135,0,1782358874.991648,0.002093076705932617
44472,normal,544,0,1782358874.9935586,0.0019106864929199219
44473,normal,3128,1,1782358874.9957547,0.002196073532104492
44474,normal,1845,0,1782358874.9977286,0.001973867416381836
44475,normal,248,0,1782358874.9995675,0.0018389225006103516
44476,normal,1020,2,1782358875.0016487,0.002081155776977539
44477,normal,2306,0,1782358875.0036528,0.0020041465759277344
44478,normal,3569,0,1782358875.0055792,0.001926422119140625
44479,normal,2084,0,1782358875.00966,0.004080772399902344
44480,normal,2289,0,1782358875.0097542,9.417533874511719e-05
44481,normal,3105,1,1782358875.0114834,0.0017292499542236328
44482,normal,2710,0,1782358875.0136516,0.0021681785583496094
44483,normal,1957,0,1782358875.0156868,0.0020351409912109375
44484,normal,2345,0,1782358875.0175967,0.0019099712371826172
44485,normal,2783,0,1782358875.0199282,0.0023314952850341797
44486,normal,3202,1,1782358875.0215583,0.0016300678253173828
44487,normal,1855,0,1782358875.023652,0.002093791961669922
44488,normal,1475,0,1782358875.025576,0.0019240379333496094
44489,normal,1846,0,1782358875.0276988,0.002122640609741211
44490,normal,22,0,1782358875.0295947,0.001895904541015625
44491,normal,616,0,1782358875.0319352,0.002340555191040039
44492,normal,3165,1,1782358875.0336819,0.0017466545104980469
44493,normal,2118,0,1782358875.0355937,0.0019118785858154297
44494,normal,2627,0,1782358875.0377958,0.0022020339965820312
44495,normal,1359,1,1782358875.0398223,0.0020265579223632812
44496,normal,1832,0,1782358875.0415134,0.0016911029815673828
44497,normal,2083,0,1782358875.0441499,0.002636432647705078
44498,normal,1883,0,1782358875.0458658,0.0017158985137939453
44499,normal,3013,0,1782358875.047599,0.0017333030700683594
44500,normal,1322,1,1782358875.0499532,0.002354145050048828
44501,normal,3379,1,1782358875.0519114,0.001958131790161133
44502,normal,1465,0,1782358875.053532,0.0016205310821533203
44503,normal,3271,1,1782358875.0556993,0.0021674633026123047
44504,normal,1243,0,1782358875.057697,0.001997709274291992
44505,normal,661,0,1782358875.0595953,0.0018982887268066406
44506,normal,1492,0,1782358875.0617285,0.0021331310272216797
44507,normal,330,0,1782358875.0637033,0.001974821090698242
44508,normal,679,0,1782358875.065585,0.0018815994262695312
44509,normal,2437,0,1782358875.0677226,0.0021376609802246094
44510,normal,2110,0,1782358875.0697584,0.002035856246948242
44511,normal,1179,0,1782358875.0716782,0.0019197463989257812
44512,normal,949,2,1782358875.0737083,0.0020301342010498047
44513,normal,2669,0,1782358875.0756907,0.001982450485229492
44514,normal,2392,0,1782358875.077646,0.001955270767211914
44515,normal,2387,0,1782358875.079774,0.0021278858184814453
44516,normal,2891,0,1782358875.081815,0.0020411014556884766
44517,normal,874,2,1782358875.083535,0.0017199516296386719
44518,normal,708,0,1782358875.085707,0.0021719932556152344
44519,normal,1597,0,1782358875.0877128,0.0020058155059814453
44520,normal,3579,0,1782358910.3032827,0.0
44521,normal,1482,0,1782358910.3052866,0.002003908157348633
44522,normal,3531,0,1782358910.3072119,0.0019252300262451172
44523,normal,2211,0,1782358910.3092697,0.002057790756225586
44524,normal,475,0,1782358910.3112743,0.0020046234130859375
44525,normal,3092,1,1782358910.3131971,0.0019228458404541016
44526,normal,1097,0,1782358910.3152528,0.002055644989013672
44527,normal,174,0,1782358910.317305,0.00205230712890625
44528,normal,2256,0,1782358910.319249,0.001943826675415039
44529,normal,168,0,1782358910.3212821,0.002033233642578125
44530,normal,230,0,1782358910.323277,0.0019948482513427734
44531,normal,3302,1,1782358910.325225,0.0019481182098388672
44532,normal,1594,0,1782358910.3272784,0.0020532608032226562
44533,normal,1847,0,1782358910.3293667,0.002088308334350586
44534,normal,152,0,1782358910.3314419,0.0020751953125
44535,normal,2659,0,1782358910.3333673,0.0019254684448242188
44536,normal,564,0,1782358910.3353367,0.0019693374633789062
44537,normal,231,0,1782358910.33726,0.0019233226776123047
44538,normal,1721,0,1782358910.3392773,0.0020172595977783203
44539,normal,540,0,1782358910.341376,0.0020987987518310547
44540,normal,1670,0,1782358910.3432274,0.0018513202667236328
44541,normal,2060,0,1782358910.3453865,0.00215911865234375
44542,normal,2676,0,1782358910.3473668,0.001980304718017578
44543,normal,558,0,1782358910.349313,0.0019462108612060547
44544,normal,2687,0,1782358910.3514585,0.002145528793334961
44545,normal,444,0,1782358910.3535259,0.0020673274993896484
44546,normal,2143,0,1782358910.3554077,0.0018818378448486328
44547,normal,711,0,1782358910.3574662,0.0020585060119628906
44548,normal,1014,2,1782358910.359319,0.0018527507781982422
44549,normal,2052,0,1782358910.3614788,0.0021598339080810547
44550,normal,2643,0,1782358910.3632858,0.0018069744110107422
44551,normal,1606,0,1782358910.365422,0.00213623046875
44552,normal,3348,1,1782358910.3672674,0.0018453598022460938
44553,normal,2195,0,1782358910.3694298,0.002162456512451172
44554,normal,1232,0,1782358910.3714166,0.0019867420196533203
44555,normal,1724,0,1782358910.3732734,0.0018568038940429688
44556,normal,2945,0,1782358910.3754408,0.0021674633026123047
44557,normal,182,0,1782358910.3774216,0.0019807815551757812
44558,normal,3458,0,1782358910.379271,0.0018494129180908203
44559,normal,141,0,1782358910.3812711,0.002000093460083008
44560,normal,330,0,1782358910.3833942,0.002123117446899414
44561,normal,3644,0,1782358910.3852332,0.0018389225006103516
44562,normal,3172,1,1782358910.3872106,0.0019774436950683594
44563,normal,13,0,1782358910.3892257,0.0020151138305664062
44564,normal,1066,0,1782358910.3912196,0.001993894577026367
44565,normal,626,0,1782358910.3932712,0.0020515918731689453
44566,normal,1947,0,1782358910.3952835,0.0020122528076171875
44567,normal,2292,0,1782358910.3974197,0.00213623046875
44568,normal,850,2,1782358910.3993025,0.001882791519165039
44569,normal,2789,0,1782358910.401415,0.0021126270294189453
44570,normal,768,0,1782358910.403287,0.0018718242645263672
44571,normal,1640,0,1782358910.4054663,0.002179384231567383
44572,normal,1688,0,1782358910.407422,0.001955747604370117
44573,normal,2934,0,1782358910.4092753,0.0018532276153564453
44574,normal,3195,1,1782358910.41146,0.002184629440307617
44575,normal,1635,0,1782358910.4134228,0.001962900161743164
44576,normal,1427,0,1782358910.4153097,0.0018868446350097656
44577,normal,692,0,1782358910.4172978,0.0019881725311279297
44578,normal,1004,2,1782358910.419427,0.002129077911376953
44579,normal,119,0,1782358910.4212718,0.0018448829650878906
44580,normal,2770,0,1782358910.4234626,0.002190828323364258
44581,normal,3113,1,1782358910.4254198,0.0019571781158447266
44582,normal,1050,0,1782358910.4272697,0.0018498897552490234
44583,normal,1155,0,1782358910.429464,0.0021944046020507812
44584,normal,2282,0,1782358910.4314232,0.001959085464477539
44585,normal,3511,0,1782358910.43327,0.0018467903137207031
44586,normal,669,0,1782358910.435467,0.0021970272064208984
44587,normal,3486,0,1782358910.4374347,0.0019676685333251953
44588,normal,1181,0,1782358910.4392734,0.00183868408203125
44589,normal,1440,0,1782358910.4413195,0.0020461082458496094
44590,normal,1099,0,1782358910.4434338,0.0021142959594726562
44591,normal,1745,0,1782358910.4452834,0.0018496513366699219
44592,normal,3663,0,1782358910.4473221,0.002038717269897461
44593,normal,2833,0,1782358910.4494236,0.002101421356201172
44594,normal,1488,0,1782358910.45127,0.0018465518951416016
44595,normal,1726,0,1782358910.4533234,0.0020532608032226562
44596,normal,2817,0,1782358910.4554229,0.0020995140075683594
44597,normal,443,0,1782358910.457273,0.001850128173828125
44598,normal,366,0,1782358910.4593244,0.0020513534545898438
44599,normal,3660,0,1782358910.4614215,0.0020971298217773438
44600,normal,611,0,1782358910.46327,0.001848459243774414
44601,normal,3697,0,1782358910.4653254,0.0020554065704345703
44602,normal,2877,0,1782358910.4674225,0.0020971298217773438
44603,normal,3014,0,1782358910.4692743,0.001851797103881836
44604,normal,1989,0,1782358910.4714236,0.002149343490600586
44605,normal,1223,0,1782358910.4734595,0.002035856246948242
44606,normal,3095,1,1782358910.4752843,0.0018248558044433594
44607,normal,728,0,1782358910.4773247,0.002040386199951172
44608,normal,923,2,1782358910.4794943,0.0021696090698242188
44609,normal,2615,0,1782358910.48131,0.0018155574798583984
44610,normal,991,2,1782358910.483475,0.002165079116821289
44611,normal,389,0,1782358910.485288,0.0018129348754882812
44612,normal,2564,0,1782358910.4876008,0.002312898635864258
44613,normal,2103,0,1782358910.4893396,0.0017387866973876953
44614,normal,1023,2,1782358910.4915857,0.0022461414337158203
44615,normal,945,2,1782358910.49332,0.0017342567443847656
44616,normal,2550,0,1782358910.4954739,0.0021538734436035156
44617,normal,201,0,1782358910.4975808,0.002106904983520508
44618,normal,1049,0,1782358910.4993205,0.0017397403717041016
44619,normal,1969,0,1782358910.5014222,0.0021016597747802734
44620,normal,2250,0,1782358910.503589,0.002166748046875
44621,normal,1773,0,1782358910.5053205,0.0017316341400146484
44622,normal,556,0,1782358910.5076194,0.0022988319396972656
44623,normal,562,0,1782358910.5094194,0.0018000602722167969
44624,normal,2651,0,1782358910.511466,0.0020465850830078125
44625,normal,594,0,1782358910.5134614,0.0019953250885009766
44626,normal,1746,0,1782358910.515579,0.002117633819580078
44627,normal,637,0,1782358910.5173209,0.0017418861389160156
44628,normal,2514,0,1782358910.5194442,0.0021233558654785156
44629,normal,2638,0,1782358910.5215783,0.002134084701538086
44630,normal,2363,0,1782358910.523319,0.0017406940460205078
44631,normal,1931,0,1782358910.5256395,0.002320528030395508
44632,normal,2829,0,1782358910.5274491,0.0018095970153808594
44633,normal,1744,0,1782358910.52947,0.0020208358764648438
44634,normal,3421,0,1782358910.531483,0.002012968063354492
44635,normal,1873,0,1782358910.5336103,0.002127408981323242
44636,normal,38,0,1782358910.5358844,0.002274036407470703
44637,normal,730,0,1782358910.5374224,0.0015380382537841797
44638,normal,1845,0,1782358910.53953,0.0021076202392578125
44639,normal,2091,0,1782358910.541446,0.0019159317016601562
44640,normal,1916,0,1782358910.5435069,0.0020608901977539062
44641,normal,194,0,1782358910.5455787,0.002071857452392578
44642,normal,3157,1,1782358910.5473187,0.0017399787902832031
44643,normal,1020,2,1782358910.5494921,0.0021734237670898438
44644,normal,1952,0,1782358910.5515285,0.0020363330841064453
44645,normal,1498,0,1782358910.5534487,0.0019202232360839844
44646,normal,181,0,1782358910.5555148,0.0020661354064941406
44647,normal,1466,0,1782358910.5574644,0.0019495487213134766
44648,normal,1119,0,1782358910.5593193,0.0018548965454101562
44649,normal,2566,0,1782358910.5616388,0.0023195743560791016
44650,normal,2587,0,1782358910.5633936,0.0017547607421875
44651,normal,183,0,1782358910.5656016,0.0022079944610595703
44652,normal,3069,1,1782358910.5673704,0.0017688274383544922
44653,normal,3307,1,1782358910.5695953,0.0022249221801757812
44654,normal,968,2,1782358910.5713212,0.001725912094116211
44655,normal,3387,1,1782358910.5736432,0.002321958541870117
44656,normal,24,0,1782358910.575407,0.0017638206481933594
44657,normal,116,0,1782358910.5774503,0.0020432472229003906
44658,normal,156,0,1782358910.5793755,0.0019252300262451172
44659,normal,2957,0,1782358910.5814476,0.0020720958709716797
44660,normal,2193,0,1782358910.5833192,0.0018715858459472656
44661,normal,1560,0,1782358910.585642,0.0023229122161865234
44662,normal,491,0,1782358910.5874498,0.0018076896667480469
44663,normal,2419,0,1782358910.589467,0.0020172595977783203
44664,normal,2202,0,1782358910.5915103,0.0020432472229003906
44665,normal,779,2,1782358910.5935786,0.0020682811737060547
44666,normal,1550,0,1782358910.5953193,0.0017406940460205078
44667,normal,2759,0,1782358910.5976546,0.0023353099822998047
44668,normal,830,2,1782358910.599449,0.0017943382263183594
44669,normal,3108,1,1782358910.60147,0.0020210742950439453
44670,normal,1254,0,1782358910.6035292,0.0020592212677001953
44671,normal,3135,1,1782358910.6055825,0.0020532608032226562
44672,normal,1963,0,1782358910.6073177,0.0017352104187011719
44673,normal,2129,0,1782358910.6096592,0.0023415088653564453
44674,normal,3542,0,1782358910.6114466,0.001787424087524414
44675,normal,799,2,1782358910.6133199,0.0018732547760009766
44676,normal,2700,0,1782358910.6157217,0.0024018287658691406
44677,normal,1785,0,1782358910.6174488,0.0017271041870117188
44678,normal,2553,0,1782358910.619466,0.0020172595977783203
44679,normal,666,0,1782358910.621523,0.0020568370819091797
44680,normal,112,0,1782358910.6235695,0.0020465850830078125
44681,normal,133,0,1782358910.6253006,0.0017311573028564453
44682,normal,2501,0,1782358910.6277466,0.0024459362030029297
44683,normal,1120,0,1782358910.629445,0.0016984939575195312
44684,normal,3175,1,1782358910.6314676,0.0020225048065185547
44685,normal,1000,2,1782358910.6335266,0.0020589828491210938
44686,normal,1397,0,1782358910.6355906,0.0020639896392822266
44687,normal,471,0,1782358910.6373208,0.001730203628540039
44688,normal,3102,1,1782358910.6397424,0.0024216175079345703
44689,normal,2912,0,1782358910.6414483,0.0017058849334716797
44690,normal,2215,0,1782358910.6434824,0.0020341873168945312
44691,normal,1320,1,1782358910.645571,0.0020885467529296875
44692,normal,3364,1,1782358910.6475947,0.0020236968994140625
44693,normal,287,0,1782358910.6493218,0.0017271041870117188
44694,normal,525,0,1782358910.6517167,0.0023949146270751953
44695,normal,1911,0,1782358910.6534464,0.001729726791381836
44696,normal,2821,0,1782358910.6553252,0.0018787384033203125
44697,normal,2765,0,1782358910.6574876,0.002162456512451172
44698,normal,1189,0,1782358910.6594965,0.0020089149475097656
44699,normal,2123,0,1782358910.6616237,0.0021271705627441406
44700,normal,3031,0,1782358910.6641726,0.0025489330291748047
44701,normal,1106,0,1782358910.6655006,0.0013279914855957031
44702,normal,29,0,1782358910.667374,0.0018732547760009766
44703,normal,640,0,1782358910.6694207,0.002046823501586914
44704,normal,10,0,1782358910.671458,0.0020372867584228516
44705,normal,2613,0,1782358910.673519,0.0020608901977539062
44706,normal,1486,0,1782358910.6752853,0.0017664432525634766
44707,normal,2345,0,1782358910.677352,0.0020666122436523438
44708,normal,1547,0,1782358910.6792586,0.0019066333770751953
44709,normal,332,0,1782358910.68142,0.0021615028381347656
44710,normal,1658,0,1782358910.6834335,0.0020134449005126953
44711,normal,1333,1,1782358910.685447,0.0020134449005126953
44712,normal,2867,0,1782358910.6872387,0.0017917156219482422
44713,normal,391,0,1782358910.689388,0.002149343490600586
44714,normal,506,0,1782358910.6912975,0.001909494400024414
44715,normal,3392,1,1782358910.6934352,0.0021376609802246094
44716,normal,1760,0,1782358910.6953967,0.0019614696502685547
44717,normal,893,2,1782358910.69724,0.0018434524536132812
44718,normal,1581,0,1782358910.6993718,0.0021317005157470703
44719,normal,2985,0,1782358910.7013545,0.0019826889038085938
44720,normal,2513,0,1782358910.703251,0.0018963813781738281
44721,normal,3706,0,1782358910.7053628,0.0021119117736816406
44722,normal,1737,0,1782358910.70736,0.001997232437133789
44723,normal,1702,0,1782358910.709277,0.0019168853759765625
44724,normal,3621,0,1782358910.711499,0.0022220611572265625
44725,normal,516,0,1782358910.7132642,0.0017652511596679688
44726,normal,2668,0,1782358910.7153485,0.0020842552185058594
44727,normal,3436,0,1782358910.7172446,0.0018961429595947266
44728,normal,713,0,1782358910.7193449,0.002100229263305664
44729,normal,25,0,1782358910.7212372,0.0018923282623291016
44730,normal,2452,0,1782358910.7233577,0.002120494842529297
44731,normal,2420,0,1782358910.7253945,0.0020368099212646484
44732,normal,2141,0,1782358910.7273052,0.0019106864929199219
44733,normal,3053,1,1782358910.7294292,0.0021240711212158203
44734,normal,2095,0,1782358910.73141,0.0019807815551757812
44735,normal,2811,0,1782358910.7332861,0.0018761157989501953
44736,normal,1475,0,1782358910.735499,0.0022127628326416016
44737,normal,2428,0,1782358910.7374368,0.0019378662109375
44738,normal,2757,0,1782358910.7392528,0.0018160343170166016
44739,normal,1282,0,1782358910.7414193,0.0021665096282958984
44740,normal,2279,0,1782358910.7434254,0.002006053924560547
44741,normal,1415,0,1782358910.7456143,0.0021889209747314453
44742,normal,3057,1,1782358910.7472975,0.0016832351684570312
44743,normal,3581,0,1782358910.7494595,0.0021619796752929688
44744,normal,1138,0,1782358910.7514853,0.0020258426666259766
44745,normal,3521,0,1782358910.7535532,0.0020678043365478516
44746,normal,3708,0,1782358910.7554507,0.001897573471069336
44747,normal,615,0,1782358910.757483,0.0020322799682617188
44748,normal,1260,0,1782358910.7594812,0.0019981861114501953
44749,normal,20,0,1782358910.7614381,0.001956939697265625
44750,normal,2483,0,1782358910.763308,0.0018699169158935547
44751,normal,1295,0,1782358910.7653792,0.0020711421966552734
44752,normal,2515,0,1782358910.7674,0.0020208358764648438
44753,normal,2474,0,1782358910.7693398,0.0019397735595703125
44754,normal,3467,0,1782358910.7713654,0.002025604248046875
44755,normal,2666,0,1782358910.7733653,0.0019998550415039062
44756,normal,2198,0,1782358910.7752786,0.001913309097290039
44757,normal,1742,0,1782358910.7774503,0.002171754837036133
44758,normal,1596,0,1782358910.7798738,0.002423524856567383
44759,normal,3350,1,1782358910.781363,0.0014891624450683594
44760,normal,1522,0,1782358910.7832892,0.0019261837005615234
44761,normal,1634,0,1782358910.7853842,0.0020949840545654297
44762,normal,2969,0,1782358910.787296,0.0019118785858154297
44763,normal,45,0,1782358910.7893212,0.002025127410888672
44764,normal,3029,0,1782358910.7914999,0.002178668975830078
44765,normal,2767,0,1782358910.7933366,0.0018367767333984375
44766,normal,1136,0,1782358910.7953987,0.002062082290649414
44767,normal,2473,0,1782358910.7973976,0.0019989013671875
44768,normal,3336,1,1782358910.7993007,0.0019030570983886719
44769,normal,2538,0,1782358910.8013988,0.00209808349609375
44770,normal,1542,0,1782358910.8035522,0.0021533966064453125
44771,normal,654,0,1782358910.8054402,0.0018880367279052734
44772,normal,2910,0,1782358910.8077989,0.002358675003051758
44773,normal,1013,2,1782358910.8092782,0.0014793872833251953
44774,normal,641,0,1782358910.811585,0.002306699752807617
44775,normal,2487,0,1782358910.8134336,0.0018486976623535156
44776,normal,512,0,1782358910.8155022,0.0020685195922851562
44777,normal,1723,0,1782358910.81728,0.0017778873443603516
44778,normal,597,0,1782358910.8195138,0.002233743667602539
44779,normal,3005,0,1782358910.8217049,0.0021910667419433594
44780,normal,2110,0,1782358910.823345,0.0016400814056396484
44781,normal,3078,1,1782358910.825422,0.0020771026611328125
44782,normal,802,2,1782358910.8273997,0.001977682113647461
44783,normal,3087,1,1782358910.8292875,0.0018877983093261719
44784,normal,2016,0,1782358910.8313863,0.0020987987518310547
44785,normal,89,0,1782358910.833393,0.0020067691802978516
44786,normal,607,0,1782358910.8353217,0.001928567886352539
44787,normal,169,0,1782358910.837464,0.0021424293518066406
44788,normal,1202,0,1782358910.8393989,0.0019347667694091797
44789,normal,1467,0,1782358910.841309,0.0019102096557617188
44790,normal,1666,0,1782358910.8434381,0.002129077911376953
44791,normal,1343,1,1782358910.8454518,0.002013683319091797
44792,normal,1283,0,1782358910.8473547,0.0019028186798095703
44793,normal,2338,0,1782358910.8493762,0.0020215511322021484
44794,normal,1660,0,1782358910.851394,0.0020177364349365234
44795,normal,3141,1,1782358910.8532958,0.001901865005493164
44796,normal,606,0,1782358910.8553991,0.0021033287048339844
44797,normal,2890,0,1782358910.857389,0.0019898414611816406
44798,normal,2909,0,1782358910.8592937,0.0019047260284423828
44799,normal,3582,0,1782358910.8614001,0.0021064281463623047
44800,normal,3481,0,1782358910.8634806,0.0020804405212402344
44801,normal,2028,0,1782358910.8653018,0.001821279525756836
44802,normal,1544,0,1782358910.8673813,0.002079486846923828
44803,normal,902,2,1782358910.8693802,0.0019989013671875
44804,normal,2662,0,1782358910.8712773,0.0018970966339111328
44805,normal,1409,0,1782358910.873372,0.002094745635986328
44806,normal,1041,0,1782358910.8754096,0.002037525177001953
44807,normal,3015,0,1782358910.877336,0.001926422119140625
44808,normal,2442,0,1782358910.8794425,0.0021064281463623047
44809,normal,2437,0,1782358910.8814564,0.0020139217376708984
44810,normal,733,0,1782358910.8833067,0.0018503665924072266
44811,normal,2354,0,1782358910.8854113,0.002104520797729492
44812,normal,1471,0,1782358910.8874266,0.002015352249145508
44813,normal,3514,0,1782358910.8892732,0.0018465518951416016
44814,normal,939,2,1782358910.8913786,0.0021054744720458984
44815,normal,2465,0,1782358910.893381,0.0020024776458740234
44816,normal,2125,0,1782358910.8955462,0.002165079116821289
44817,normal,2023,0,1782358910.897323,0.0017766952514648438
44818,normal,962,2,1782358910.8994393,0.0021164417266845703
44819,normal,199,0,1782358910.9013767,0.0019373893737792969
44820,normal,2582,0,1782358910.903607,0.0022301673889160156
44821,normal,1856,0,1782358910.9053419,0.0017349720001220703
44822,normal,3670,0,1782358910.9074793,0.002137422561645508
44823,normal,1204,0,1782358910.9094548,0.001975536346435547
44824,normal,2699,0,1782358910.9114048,0.0019500255584716797
44825,normal,2950,0,1782358910.9132676,0.0018627643585205078
44826,normal,3181,1,1782358910.915385,0.0021173954010009766
44827,normal,128,0,1782358910.917393,0.0020079612731933594
44828,normal,1526,0,1782358910.9193325,0.001939535140991211
44829,normal,3319,1,1782358910.9213662,0.002033710479736328
44830,normal,3443,0,1782358910.923367,0.0020008087158203125
44831,normal,696,0,1782358910.925275,0.0019080638885498047
44832,normal,3532,0,1782358910.9276996,0.002424478530883789
44833,normal,343,0,1782358910.9295442,0.001844644546508789
44834,normal,2696,0,1782358910.9313815,0.0018372535705566406
44835,normal,1037,0,1782358910.9334323,0.0020508766174316406
44836,normal,2081,0,1782358910.9354188,0.0019865036010742188
44837,normal,1065,0,1782358910.9373367,0.0019178390502929688
44838,normal,3656,0,1782358910.9395816,0.0022449493408203125
44839,normal,347,0,1782358910.9413834,0.0018017292022705078
44840,normal,3170,1,1782358910.9433656,0.0019822120666503906
44841,normal,2237,0,1782358910.9453092,0.0019435882568359375
44842,normal,548,0,1782358910.947403,0.002093791961669922
44843,normal,3502,0,1782358910.9493005,0.001897573471069336
44844,normal,3047,1,1782358910.951416,0.002115488052368164
44845,normal,1885,0,1782358910.953687,0.002270936965942383
44846,normal,1630,0,1782358910.9554203,0.0017333030700683594
44847,normal,984,2,1782358910.9578736,0.002453327178955078
44848,normal,2384,0,1782358910.9592752,0.001401662826538086
44849,normal,3215,1,1782358910.9617064,0.002431154251098633
44850,normal,3558,0,1782358910.963448,0.001741647720336914
44851,normal,2242,0,1782358910.9655607,0.0021126270294189453
44852,normal,2816,0,1782358910.9672923,0.0017316341400146484
44853,normal,3046,1,1782358910.9694552,0.002162933349609375
44854,normal,246,0,1782358910.971601,0.0021457672119140625
44855,normal,2601,0,1782358910.9734223,0.001821279525756836
44856,normal,2155,0,1782358910.9753969,0.0019745826721191406
44857,normal,1904,0,1782358910.9774926,0.0020956993103027344
44858,normal,3126,1,1782358910.979326,0.0018334388732910156
44859,normal,288,0,1782358910.9813833,0.002057313919067383
44860,normal,2265,0,1782358910.9832697,0.0018863677978515625
44861,normal,1769,0,1782358910.985429,0.0021593570709228516
44862,normal,941,2,1782358910.9873147,0.0018856525421142578
44863,normal,2708,0,1782358910.9894125,0.0020978450775146484
44864,normal,3503,0,1782358910.99126,0.0018475055694580078
44865,normal,930,2,1782358910.9933903,0.002130270004272461
44866,normal,442,0,1782358910.9953656,0.0019752979278564453
44867,normal,987,2,1782358910.9972546,0.0018889904022216797
44868,normal,137,0,1782358910.9993644,0.0021097660064697266
44869,normal,3494,0,1782358911.001406,0.0020415782928466797
44870,normal,765,0,1782358911.0032618,0.0018558502197265625
44871,normal,1559,0,1782358911.0053694,0.0021076202392578125
44872,normal,1277,0,1782358911.007377,0.0020074844360351562
44873,normal,3155,1,1782358911.0095181,0.002141237258911133
44874,normal,1007,2,1782358911.0112896,0.0017714500427246094
44875,normal,84,0,1782358911.0133784,0.002088785171508789
44876,normal,1772,0,1782358911.0153005,0.0019221305847167969
44877,normal,2924,0,1782358911.017387,0.0020864009857177734
44878,normal,3186,1,1782358911.019418,0.002031087875366211
44879,normal,3442,0,1782358911.0212803,0.0018622875213623047
44880,normal,3629,0,1782358911.0234282,0.0021479129791259766
44881,normal,2094,0,1782358911.0254245,0.001996278762817383
44882,normal,3409,0,1782358911.027321,0.0018966197967529297
44883,normal,1235,0,1782358911.0294886,0.0021674633026123047
44884,normal,3059,1,1782358911.031467,0.0019783973693847656
44885,normal,2451,0,1782358911.0334184,0.001951456069946289
44886,normal,3337,1,1782358911.035244,0.001825571060180664
44887,normal,570,0,1782358911.037361,0.0021169185638427734
44888,normal,1814,0,1782358911.0393581,0.001997232437133789
44889,normal,2510,0,1782358911.041363,0.002004861831665039
44890,normal,3106,1,1782358911.0433705,0.0020074844360351562
44891,normal,2447,0,1782358911.045241,0.0018706321716308594
44892,normal,1268,0,1782358911.047359,0.0021178722381591797
44893,normal,1993,0,1782358911.0495427,0.002183675765991211
44894,normal,1383,0,1782358911.0515256,0.0019829273223876953
44895,normal,433,0,1782358911.0532844,0.0017588138580322266
44896,normal,1252,0,1782358911.055355,0.0020706653594970703
44897,normal,1461,0,1782358911.0572388,0.0018837451934814453
44898,normal,1191,0,1782358911.0593963,0.002157449722290039
44899,normal,751,0,1782358911.0614514,0.0020551681518554688
44900,normal,3209,1,1782358911.0632458,0.0017943382263183594
44901,normal,425,0,1782358911.0653484,0.0021026134490966797
44902,normal,458,0,1782358911.0673697,0.002021312713623047
44903,normal,1297,0,1782358911.069262,0.0018923282623291016
44904,normal,817,2,1782358911.0713918,0.002129793167114258
44905,normal,2871,0,1782358911.0733566,0.0019648075103759766
44906,normal,2967,0,1782358911.0753458,0.001989126205444336
44907,normal,274,0,1782358911.0773046,0.0019588470458984375
44908,normal,83,0,1782358911.079409,0.0021042823791503906
44909,normal,1479,0,1782358911.0813296,0.0019207000732421875
44910,normal,2557,0,1782358911.0835092,0.0021796226501464844
44911,normal,1357,1,1782358911.085426,0.0019168853759765625
44912,normal,2834,0,1782358911.0872307,0.0018045902252197266
44913,normal,1338,1,1782358911.0893927,0.0021619796752929688
44914,normal,714,0,1782358911.0914304,0.0020377635955810547
44915,normal,314,0,1782358911.093413,0.0019826889038085938
44916,normal,903,2,1782358911.095449,0.002035856246948242
44917,normal,1696,0,1782358911.097447,0.0019979476928710938
44918,normal,2148,0,1782358911.0992787,0.0018317699432373047
44919,normal,2415,0,1782358911.1014564,0.002177715301513672
44920,normal,702,0,1782358911.1034498,0.001993417739868164
44921,normal,1033,0,1782358911.1056154,0.002165555953979492
44922,normal,160,0,1782358911.1072874,0.0016720294952392578
44923,normal,1286,0,1782358911.1094074,0.0021200180053710938
44924,normal,1805,0,1782358911.1112747,0.0018672943115234375
44925,normal,2367,0,1782358911.1133828,0.0021080970764160156
44926,normal,3640,0,1782358911.115403,0.002020120620727539
44927,normal,3144,1,1782358911.1172621,0.0018591880798339844
44928,normal,1170,0,1782358911.1194088,0.0021467208862304688
44929,normal,2313,0,1782358911.121387,0.001978158950805664
44930,normal,2734,0,1782358911.1233945,0.0020074844360351562
44931,normal,1084,0,1782358911.1252973,0.0019028186798095703
44932,normal,894,2,1782358911.127376,0.0020787715911865234
44933,normal,569,0,1782358911.1292872,0.001911163330078125
44934,normal,2556,0,1782358911.1313748,0.0020875930786132812
44935,normal,3590,0,1782358911.1333718,0.0019969940185546875
44936,normal,2320,0,1782358911.1364288,0.0030570030212402344
44937,normal,3285,1,1782358911.1372592,0.0008304119110107422
44938,normal,1085,0,1782358911.139412,0.002152681350708008
44939,normal,2632,0,1782358911.1413102,0.0018982887268066406
44940,normal,685,0,1782358911.1434252,0.002115011215209961
44941,normal,1525,0,1782358911.1454709,0.0020456314086914062
44942,normal,3324,1,1782358911.1472826,0.0018117427825927734
44943,normal,95,0,1782358911.1493979,0.0021152496337890625
44944,normal,1799,0,1782358911.1513987,0.0020008087158203125
44945,normal,2311,0,1782358911.1532655,0.0018668174743652344
44946,normal,2252,0,1782358911.1553576,0.002092123031616211
44947,normal,3131,1,1782358911.1573665,0.0020089149475097656
44948,normal,1390,0,1782358911.1592453,0.0018787384033203125
44949,normal,538,0,1782358911.1615577,0.0023124217987060547
44950,normal,396,0,1782358911.1632965,0.0017387866973876953
44951,normal,1852,0,1782358911.1654098,0.00211334228515625
44952,normal,1203,0,1782358911.1673436,0.0019338130950927734
44953,normal,3300,1,1782358911.1695926,0.002249002456665039
44954,normal,17,0,1782358911.1713161,0.0017235279083251953
44955,normal,2302,0,1782358911.1734974,0.0021812915802001953
44956,normal,3490,0,1782358911.1754594,0.001961946487426758
44957,normal,3052,1,1782358911.1773202,0.0018608570098876953
44958,normal,822,2,1782358911.179353,0.002032756805419922
44959,normal,1431,0,1782358911.1813579,0.002004861831665039
44960,normal,2818,0,1782358911.183277,0.0019190311431884766
44961,normal,1620,0,1782358911.1854744,0.0021975040435791016
44962,normal,1006,2,1782358911.1873744,0.0018999576568603516
44963,normal,2178,0,1782358911.1892552,0.0018808841705322266
44964,normal,2830,0,1782358911.1913502,0.0020949840545654297
44965,normal,1539,0,1782358911.193359,0.002008676528930664
44966,normal,3646,0,1782358911.1952696,0.0019106864929199219
44967,normal,3430,0,1782358911.1980221,0.002752542495727539
44968,normal,3548,0,1782358911.199435,0.0014128684997558594
44969,normal,878,2,1782358911.2012537,0.0018186569213867188
44970,normal,1410,0,1782358911.2033665,0.002112865447998047
44971,normal,1937,0,1782358911.2053692,0.002002716064453125
44972,normal,1928,0,1782358911.2072659,0.0018966197967529297
44973,normal,1954,0,1782358911.2094524,0.0021865367889404297
44974,normal,3182,1,1782358911.2114496,0.001997232437133789
44975,normal,3081,1,1782358911.2132552,0.0018055438995361328
44976,normal,222,0,1782358911.2153647,0.002109527587890625
44977,normal,1218,0,1782358911.217368,0.002003192901611328
44978,normal,2622,0,1782358911.219268,0.0019001960754394531
44979,normal,735,0,1782358911.2213721,0.002104043960571289
44980,normal,509,0,1782358911.2233841,0.002012014389038086
44981,normal,698,0,1782358911.2253616,0.0019774436950683594
44982,normal,1439,0,1782358911.2273521,0.0019905567169189453
44983,normal,27,0,1782358911.2294238,0.0020716190338134766
44984,normal,3355,1,1782358911.231377,0.001953125
44985,normal,3211,1,1782358911.2335644,0.002187490463256836
44986,normal,499,0,1782358911.2355037,0.0019392967224121094
44987,normal,3501,0,1782358911.2373989,0.0018951892852783203
44988,normal,3184,1,1782358911.2392504,0.0018515586853027344
44989,normal,2915,0,1782358911.241728,0.0024776458740234375
44990,normal,3359,1,1782358911.243438,0.0017099380493164062
44991,normal,3383,1,1782358911.2452662,0.0018281936645507812
44992,normal,3593,0,1782358911.2474046,0.002138376235961914
44993,normal,2072,0,1782358911.2492452,0.0018405914306640625
44994,normal,427,0,1782358911.2514038,0.002158641815185547
44995,normal,869,2,1782358911.2534142,0.002010345458984375
44996,normal,864,2,1782358911.255254,0.0018398761749267578
44997,normal,2838,0,1782358911.257362,0.002107858657836914
44998,normal,334,0,1782358911.259395,0.0020329952239990234
44999,normal,601,0,1782358911.2612724,0.0018775463104248047
45000,normal,3056,1,1782358911.2634518,0.002179384231567383
45001,normal,3345,1,1782358911.2654264,0.0019745826721191406
45002,normal,188,0,1782358911.2673097,0.0018832683563232422
45003,normal,3151,1,1782358911.2693908,0.002081155776977539
45004,normal,2086,0,1782358911.2714522,0.0020613670349121094
45005,normal,2422,0,1782358911.2733412,0.0018889904022216797
45006,normal,1516,0,1782358911.2755277,0.0021865367889404297
45007,normal,3401,1,1782358911.277451,0.0019233226776123047
45008,normal,1790,0,1782358911.2793581,0.0019071102142333984
45009,normal,3009,0,1782358911.2814538,0.0020956993103027344
45010,normal,2261,0,1782358911.2834675,0.002013683319091797
45011,normal,1500,0,1782358911.2853339,0.0018663406372070312
45012,normal,243,0,1782358911.2874508,0.0021169185638427734
45013,normal,3416,0,1782358911.289579,0.002128124237060547
45014,normal,1008,2,1782358911.2913413,0.00176239013671875
45015,normal,140,0,1782358911.2935805,0.002239227294921875
45016,normal,2209,0,1782358911.2953086,0.001728057861328125
45017,normal,1240,0,1782358911.2974122,0.002103567123413086
45018,normal,832,2,1782358911.2993054,0.0018932819366455078
45019,normal,2197,0,1782358911.3014157,0.0021102428436279297
45020,normal,2347,0,1782358911.303301,0.0018854141235351562
45021,normal,1944,0,1782358911.3054245,0.0021233558654785156
45022,normal,549,0,1782358911.3074503,0.0020258426666259766
45023,normal,3037,0,1782358911.309338,0.0018877983093261719
45024,normal,1948,0,1782358911.311468,0.002129793167114258
45025,normal,2712,0,1782358911.3134832,0.002015352249145508
45026,normal,351,0,1782358911.3153434,0.0018601417541503906
45027,normal,114,0,1782358911.3174255,0.0020821094512939453
45028,normal,1619,0,1782358911.3194618,0.0020363330841064453
45029,normal,1900,0,1782358911.3213205,0.0018587112426757812
45030,normal,2633,0,1782358911.3234208,0.002100229263305664
45031,normal,2307,0,1782358911.32541,0.001989126205444336
45032,normal,2951,0,1782358911.327288,0.0018780231475830078
45033,normal,1129,0,1782358911.3294547,0.002166748046875
45034,normal,3123,1,1782358911.3314836,0.002028942108154297
45035,normal,2641,0,1782358911.3333063,0.0018227100372314453
45036,normal,725,0,1782358911.3355198,0.0022134780883789062
45037,normal,2843,0,1782358911.3374946,0.001974821090698242
45038,normal,2284,0,1782358911.3393714,0.0018768310546875
45039,normal,1572,0,1782358911.3413548,0.0019834041595458984
45040,normal,275,0,1782358911.3435106,0.002155780792236328
45041,normal,3422,0,1782358911.3454347,0.0019240379333496094
45042,normal,3466,0,1782358911.3473387,0.0019040107727050781
45043,normal,1729,0,1782358911.3492544,0.0019156932830810547
45044,normal,818,2,1782358911.3513036,0.0020492076873779297
45045,normal,2548,0,1782358911.353406,0.002102375030517578
45046,normal,88,0,1782358911.3555102,0.0021042823791503906
45047,normal,2530,0,1782358911.3572767,0.0017664432525634766
45048,normal,1561,0,1782358911.3593602,0.0020835399627685547
45049,normal,311,0,1782358911.361362,0.0020017623901367188
45050,normal,2827,0,1782358911.3632472,0.0018851757049560547
45051,normal,312,0,1782358911.3653686,0.002121448516845703
45052,normal,2162,0,1782358911.3680136,0.0026450157165527344
45053,normal,167,0,1782358911.3694663,0.0014526844024658203
45054,normal,772,2,1782358911.3712661,0.0017998218536376953
45055,normal,3411,0,1782358911.3733695,0.0021033287048339844
45056,normal,3612,0,1782358911.3752828,0.001913309097290039
45057,normal,1226,0,1782358911.3773813,0.002098560333251953
45058,normal,1994,0,1782358911.379464,0.0020825862884521484
45059,normal,2799,0,1782358911.3813095,0.0018455982208251953
45060,normal,3396,1,1782358911.383406,0.002096414566040039
45061,normal,2911,0,1782358911.3853827,0.0019767284393310547
45062,normal,1499,0,1782358911.3872607,0.0018780231475830078
45063,normal,3327,1,1782358911.3893816,0.0021209716796875
45064,normal,3163,1,1782358911.3913794,0.001997709274291992
45065,normal,1093,0,1782358911.3932736,0.001894235610961914
45066,normal,2251,0,1782358911.3955896,0.002315998077392578
45067,normal,3043,0,1782358911.397756,0.0021665096282958984
45068,normal,2598,0,1782358911.3995166,0.0017604827880859375
45069,normal,681,0,1782358911.4012678,0.0017511844635009766
45070,normal,1212,0,1782358911.4036043,0.0023365020751953125
45071,normal,638,0,1782358911.4055233,0.0019190311431884766
45072,normal,54,0,1782358911.4072719,0.0017485618591308594
45073,normal,2169,0,1782358911.4093778,0.0021059513092041016
45074,normal,1281,0,1782358911.4115849,0.002207040786743164
45075,normal,2388,0,1782358911.4137664,0.002181529998779297
45076,normal,1765,0,1782358911.4154508,0.001684427261352539
45077,normal,43,0,1782358911.4173393,0.0018885135650634766
45078,normal,2540,0,1782358911.4192812,0.0019419193267822266
45079,normal,2660,0,1782358911.4213798,0.002098560333251953
45080,normal,873,2,1782358911.4232864,0.0019066333770751953
45081,normal,232,0,1782358911.425424,0.0021376609802246094
45082,normal,2852,0,1782358911.4274328,0.002008676528930664
45083,normal,3268,1,1782358911.4293318,0.0018990039825439453
45084,normal,1289,0,1782358911.4314477,0.002115964889526367
45085,normal,2747,0,1782358911.4333224,0.001874685287475586
45086,normal,2312,0,1782358911.4354079,0.002085447311401367
45087,normal,3246,1,1782358911.4372685,0.0018606185913085938
45088,normal,1762,0,1782358911.4393888,0.0021202564239501953
45089,normal,1435,0,1782358911.441278,0.0018892288208007812
45090,normal,253,0,1782358911.443432,0.002154111862182617
45091,normal,357,0,1782358911.4453933,0.001961231231689453
45092,normal,1111,0,1782358911.4474194,0.002026081085205078
45093,normal,915,2,1782358911.4492662,0.0018467903137207031
45094,normal,928,2,1782358911.4513779,0.002111673355102539
45095,normal,933,2,1782358911.4532676,0.0018897056579589844
45096,normal,1808,0,1782358911.4555197,0.0022521018981933594
45097,normal,1877,0,1782358911.4573321,0.0018124580383300781
45098,normal,2168,0,1782358911.4593995,0.0020673274993896484
45099,normal,1331,1,1782358911.4612782,0.0018787384033203125
45100,normal,3220,1,1782358911.4633934,0.0021152496337890625
45101,normal,1221,0,1782358911.4652588,0.001865386962890625
45102,normal,3399,1,1782358911.4673755,0.002116680145263672
45103,normal,1022,2,1782358911.4694226,0.0020470619201660156
45104,normal,2231,0,1782358911.471273,0.0018503665924072266
45105,normal,708,0,1782358911.4733152,0.0020422935485839844
45106,normal,2889,0,1782358911.4754841,0.002168893814086914
45107,normal,907,2,1782358911.47742,0.0019359588623046875
45108,normal,2962,0,1782358911.47949,0.0020699501037597656
45109,normal,2203,0,1782358911.4813464,0.0018563270568847656
45110,normal,630,0,1782358911.483247,0.0019006729125976562
45111,normal,1224,0,1782358911.485363,0.002115964889526367
45112,normal,2886,0,1782358911.4873662,0.002003192901611328
45113,normal,3662,0,1782358911.4893034,0.0019371509552001953
45114,normal,721,0,1782358911.4913614,0.0020580291748046875
45115,normal,3154,1,1782358911.4933627,0.0020012855529785156
45116,normal,2301,0,1782358911.4952419,0.0018792152404785156
45117,normal,3344,1,1782358911.4979181,0.002676248550415039
45118,normal,1151,0,1782358911.4994552,0.0015370845794677734
45119,normal,1259,0,1782358911.5012772,0.0018219947814941406
45120,normal,3173,1,1782358911.5033703,0.002093076705932617
45121,normal,3226,1,1782358911.505374,0.0020036697387695312
45122,normal,1468,0,1782358911.5073555,0.001981496810913086
45123,normal,3252,1,1782358911.5094213,0.002065896987915039
45124,normal,1470,0,1782358911.5113628,0.0019414424896240234
45125,normal,2772,0,1782358911.5132468,0.0018839836120605469
45126,normal,2121,0,1782358911.515375,0.002128124237060547
45127,normal,3138,1,1782358911.5174005,0.002025604248046875
45128,normal,2053,0,1782358911.519419,0.002018451690673828
45129,normal,2120,0,1782358911.5213428,0.0019237995147705078
45130,normal,2183,0,1782358911.5234315,0.002088785171508789
45131,normal,649,0,1782358911.5253525,0.001920938491821289
45132,normal,1703,0,1782358911.5275457,0.0021932125091552734
45133,normal,1930,0,1782358911.5293894,0.0018436908721923828
45134,normal,1982,0,1782358911.53133,0.0019407272338867188
45135,normal,1378,1,1782358911.5332506,0.001920461654663086
45136,normal,30,0,1782358911.535375,0.0021245479583740234
45137,normal,2339,0,1782358911.537534,0.0021588802337646484
45138,normal,1941,0,1782358911.539547,0.002012968063354492
45139,normal,816,2,1782358911.5413485,0.0018014907836914062
45140,normal,2558,0,1782358911.5434031,0.0020546913146972656
45141,normal,383,0,1782358911.545267,0.0018639564514160156
45142,normal,664,0,1782358911.5473776,0.0021104812622070312
45143,normal,778,2,1782358911.5492532,0.0018756389617919922
45144,normal,498,0,1782358911.5513735,0.0021202564239501953
45145,normal,1545,0,1782358911.5534058,0.0020322799682617188
45146,normal,2741,0,1782358911.555309,0.0019032955169677734
45147,normal,1867,0,1782358911.557438,0.0021288394927978516
45148,normal,3179,1,1782358911.5593634,0.0019254684448242188
45149,normal,2171,0,1782358911.561288,0.001924753189086914
45150,normal,2892,0,1782358911.5634024,0.0021142959594726562
45151,normal,1127,0,1782358911.5654492,0.002046823501586914
45152,normal,273,0,1782358911.5672846,0.0018353462219238281
45153,normal,2342,0,1782358911.5693657,0.002081155776977539
45154,normal,306,0,1782358911.5713754,0.0020096302032470703
45155,normal,2612,0,1782358911.573262,0.001886606216430664
45156,normal,2387,0,1782358911.5753684,0.0021064281463623047
45157,normal,3564,0,1782358911.577371,0.0020024776458740234
45158,normal,3022,0,1782358911.5792608,0.001889944076538086
45159,normal,1002,2,1782358911.5813832,0.0021224021911621094
45160,normal,2639,0,1782358911.583381,0.001997709274291992
45161,normal,2790,0,1782358911.5852542,0.0018732547760009766
45162,normal,720,0,1782358911.5874615,0.0022072792053222656
45163,normal,2499,0,1782358911.5893676,0.0019061565399169922
45164,normal,712,0,1782358911.5912566,0.0018889904022216797
45165,normal,2326,0,1782358911.5933645,0.002107858657836914
45166,normal,2093,0,1782358911.5953665,0.0020020008087158203
45167,normal,3507,0,1782358911.597256,0.0018894672393798828
45168,normal,2559,0,1782358911.5993702,0.0021142959594726562
45169,normal,1384,0,1782358911.6014078,0.002037525177001953
45170,normal,1585,0,1782358911.603308,0.0019001960754394531
45171,normal,3298,1,1782358911.6054265,0.0021185874938964844
45172,normal,3171,1,1782358911.6074233,0.001996755599975586
45173,normal,695,0,1782358911.6092684,0.0018451213836669922
45174,normal,242,0,1782358911.611379,0.0021104812622070312
45175,normal,470,0,1782358911.6134205,0.0020415782928466797
45176,normal,1815,0,1782358911.6152618,0.0018413066864013672
45177,normal,2552,0,1782358911.6173768,0.002115011215209961
45178,normal,2621,0,1782358911.619365,0.0019881725311279297
45179,normal,186,0,1782358911.6212633,0.0018982887268066406
45180,normal,3177,1,1782358911.6234217,0.0021584033966064453
45181,normal,1389,0,1782358911.6254046,0.0019829273223876953
45182,normal,3248,1,1782358911.6272879,0.0018832683563232422
45183,normal,2230,0,1782358911.6294632,0.0021753311157226562
45184,normal,1649,0,1782358911.6315377,0.0020744800567626953
45185,normal,2753,0,1782358911.6335182,0.0019805431365966797
45186,normal,554,0,1782358911.635371,0.0018527507781982422
45187,normal,3309,1,1782358911.637363,0.0019919872283935547
45188,normal,2640,0,1782358911.6392431,0.0018801689147949219
45189,normal,3315,1,1782358911.6413589,0.0021157264709472656
45190,normal,3089,1,1782358911.6434035,0.002044677734375
45191,normal,2295,0,1782358911.6453128,0.0019092559814453125
45192,normal,76,0,1782358911.647399,0.002086162567138672
45193,normal,3036,0,1782358911.6493611,0.0019621849060058594
45194,normal,3437,0,1782358911.6512415,0.0018804073333740234
45195,normal,196,0,1782358911.6533575,0.002115964889526367
45196,normal,2336,0,1782358911.6555507,0.0021932125091552734
45197,normal,910,2,1782358911.6573915,0.001840829849243164
45198,normal,1750,0,1782358911.6593351,0.0019435882568359375
45199,normal,177,0,1782358911.661445,0.0021097660064697266
45200,normal,2271,0,1782358911.6632636,0.0018186569213867188
45201,normal,3204,1,1782358911.6653786,0.002115011215209961
45202,normal,557,0,1782358911.6673877,0.002009153366088867
45203,normal,2781,0,1782358911.6692655,0.0018777847290039062
45204,normal,3013,0,1782358911.6715431,0.0022776126861572266
45205,normal,184,0,1782358911.6732888,0.0017457008361816406
45206,normal,2575,0,1782358911.6753616,0.0020728111267089844
45207,normal,2938,0,1782358911.6772964,0.0019347667694091797
45208,normal,3431,0,1782358911.6793823,0.0020859241485595703
45209,normal,1565,0,1782358911.6812835,0.0019011497497558594
45210,normal,3538,0,1782358911.6834779,0.0021944046020507812
45211,normal,954,2,1782358911.6855733,0.002095460891723633
45212,normal,507,0,1782358911.6873462,0.0017728805541992188
45213,normal,3572,0,1782358911.6894386,0.0020923614501953125
45214,normal,3403,0,1782358911.6913252,0.001886606216430664
45215,normal,86,0,1782358911.693351,0.0020258426666259766
45216,normal,2776,0,1782358911.6953979,0.002046823501586914
45217,normal,586,0,1782358911.6973627,0.0019648075103759766
45218,normal,3610,0,1782358911.6992397,0.0018770694732666016
45219,normal,536,0,1782358911.7013664,0.0021266937255859375
45220,normal,2330,0,1782358911.703391,0.0020246505737304688
45221,normal,3349,1,1782358911.7053194,0.0019283294677734375
45222,normal,551,0,1782358911.7074416,0.002122163772583008
45223,normal,2801,0,1782358911.7095168,0.0020751953125
45224,normal,1329,1,1782358911.7113218,0.0018050670623779297
45225,normal,3284,1,1782358911.7132528,0.0019309520721435547
45226,normal,2690,0,1782358911.7156198,0.0023670196533203125
45227,normal,3293,1,1782358911.7175932,0.001973390579223633
45228,normal,2070,0,1782358911.7193687,0.001775503158569336
45229,normal,2932,0,1782358911.7214043,0.0020356178283691406
45230,normal,2207,0,1782358911.7232695,0.0018651485443115234
45231,normal,2724,0,1782358911.7253737,0.0021042823791503906
45232,normal,1866,0,1782358911.7273693,0.001995563507080078
45233,normal,837,2,1782358911.7292647,0.0018954277038574219
45234,normal,403,0,1782358911.7314003,0.0021355152130126953
45235,normal,2350,0,1782358911.733559,0.002158641815185547
45236,normal,2987,0,1782358911.7354555,0.0018966197967529297
45237,normal,3634,0,1782358911.7374082,0.0019526481628417969
45238,normal,233,0,1782358911.7392595,0.0018513202667236328
45239,normal,2787,0,1782358911.741479,0.0022194385528564453
45240,normal,884,2,1782358911.7432947,0.0018157958984375
45241,normal,2482,0,1782358911.7454436,0.002148866653442383
45242,normal,1672,0,1782358911.7473006,0.0018570423126220703
45243,normal,1668,0,1782358911.749371,0.0020704269409179688
45244,normal,856,2,1782358911.7513769,0.0020058155059814453
45245,normal,1657,0,1782358911.753267,0.0018901824951171875
45246,normal,1101,0,1782358911.7555292,0.002262115478515625
45247,normal,1741,0,1782358911.757376,0.0018467903137207031
45248,normal,1809,0,1782358911.7592757,0.00189971923828125
45249,normal,2822,0,1782358911.7613962,0.002120494842529297
45250,normal,3262,1,1782358911.763399,0.002002716064453125
45251,normal,1907,0,1782358911.7652998,0.0019009113311767578
45252,normal,2092,0,1782358911.767374,0.0020742416381835938
45253,normal,300,0,1782358911.7693703,0.001996278762817383
45254,normal,2288,0,1782358911.7712588,0.0018885135650634766
45255,normal,487,0,1782358911.7732637,0.002004861831665039
45256,normal,2888,0,1782358911.7753818,0.0021181106567382812
45257,normal,153,0,1782358911.7772925,0.0019106864929199219
45258,normal,3259,1,1782358911.7794242,0.0021317005157470703
45259,normal,3576,0,1782358911.781437,0.0020127296447753906
45260,normal,2000,0,1782358911.7833285,0.0018916130065917969
45261,normal,376,0,1782358911.7854102,0.002081632614135742
45262,normal,576,0,1782358911.7873912,0.001981019973754883
45263,normal,2551,0,1782358911.789272,0.0018808841705322266
45264,normal,716,0,1782358911.7914307,0.002158641815185547
45265,normal,2380,0,1782358911.793371,0.0019402503967285156
45266,normal,1704,0,1782358911.7952545,0.0018835067749023438
45267,normal,3105,1,1782358911.797368,0.0021135807037353516
45268,normal,3673,0,1782358911.7993789,0.002010822296142578
45269,normal,2542,0,1782358911.8013625,0.001983642578125
45270,normal,1420,0,1782358911.8033156,0.001953125
45271,normal,787,2,1782358911.8054435,0.0021278858184814453
45272,normal,1554,0,1782358911.807477,0.0020334720611572266
45273,normal,2335,0,1782358911.8094356,0.001958608627319336
45274,normal,1603,0,1782358911.8114228,0.0019872188568115234
45275,normal,2226,0,1782358911.8133748,0.0019519329071044922
45276,normal,353,0,1782358911.815358,0.001983165740966797
45277,normal,3522,0,1782358911.817424,0.0020661354064941406
45278,normal,1713,0,1782358911.8192458,0.001821756362915039
45279,normal,1701,0,1782358911.821358,0.002112150192260742
45280,normal,2411,0,1782358911.8233657,0.002007722854614258
45281,normal,773,2,1782358911.825336,0.0019702911376953125
45282,normal,3353,1,1782358911.8273711,0.0020351409912109375
45283,normal,522,0,1782358911.829398,0.002026796340942383
45284,normal,105,0,1782358911.8312526,0.0018546581268310547
45285,normal,2488,0,1782358911.833375,0.0021224021911621094
45286,normal,189,0,1782358911.8353927,0.0020177364349365234
45287,normal,1564,0,1782358911.83786,0.0024673938751220703
45288,normal,612,0,1782358911.8393269,0.0014667510986328125
45289,normal,453,0,1782358911.8413734,0.0020465850830078125
45290,normal,323,0,1782358911.8433042,0.0019307136535644531
45291,normal,1361,1,1782358911.8453915,0.0020873546600341797
45292,normal,2534,0,1782358911.8473692,0.001977682113647461
45293,normal,2448,0,1782358911.8493917,0.0020225048065185547
45294,normal,2605,0,1782358911.851324,0.001932382583618164
45295,normal,762,0,1782358911.8533823,0.002058267593383789
45296,normal,2637,0,1782358911.8552625,0.0018801689147949219
45297,normal,3457,0,1782358911.8573844,0.0021219253540039062
45298,normal,371,0,1782358911.8593884,0.002003908157348633
45299,normal,485,0,1782358911.861273,0.0018846988677978516
45300,normal,3687,0,1782358911.8635554,0.002282381057739258
45301,normal,2545,0,1782358911.8655384,0.0019829273223876953
45302,normal,2132,0,1782358911.8678625,0.0023241043090820312
45303,normal,2105,0,1782358911.869256,0.0013935565948486328
45304,normal,1165,0,1782358911.871587,0.0023310184478759766
45305,normal,3585,0,1782358911.8734055,0.0018184185028076172
45306,normal,3709,0,1782358911.8753614,0.0019559860229492188
45307,normal,2073,0,1782358911.8773699,0.0020084381103515625
45308,normal,217,0,1782358911.879252,0.0018820762634277344
45309,normal,1444,0,1782358911.8814285,0.002176523208618164
45310,normal,395,0,1782358911.8835208,0.0020923614501953125
45311,normal,550,0,1782358911.8853374,0.0018165111541748047
45312,normal,3222,1,1782358911.8873913,0.002053976058959961
45313,normal,1362,1,1782358911.8893673,0.00197601318359375
45314,normal,3636,0,1782358911.8912385,0.0018711090087890625
45315,normal,2847,0,1782358911.8932657,0.002027273178100586
45316,normal,1091,0,1782358911.895415,0.002149343490600586
45317,normal,1140,0,1782358911.8973734,0.0019583702087402344
45318,normal,3276,1,1782358911.8994381,0.0020647048950195312
45319,normal,1656,0,1782358911.9014373,0.0019991397857666016
45320,normal,857,2,1782358911.9033344,0.0018970966339111328
45321,normal,1089,0,1782358911.9053917,0.002057313919067383
45322,normal,2952,0,1782358911.9073865,0.0019948482513427734
45323,normal,1945,0,1782358911.9092777,0.0018911361694335938
45324,normal,2719,0,1782358911.9113917,0.0021140575408935547
45325,normal,228,0,1782358911.9133887,0.0019969940185546875
45326,normal,489,0,1782358911.9152763,0.0018875598907470703
45327,normal,434,0,1782358911.9174137,0.002137422561645508
45328,normal,3338,1,1782358911.919377,0.001963376998901367
45329,normal,1975,0,1782358911.9212623,0.0018851757049560547
45330,normal,798,2,1782358911.923383,0.0021207332611083984
45331,normal,2630,0,1782358911.9255772,0.0021941661834716797
45332,normal,3605,0,1782358911.9273145,0.001737356185913086
45333,normal,3637,0,1782358911.9294012,0.002086639404296875
45334,normal,3480,0,1782358911.9313803,0.0019791126251220703
45335,normal,1454,0,1782358911.9332764,0.0018961429595947266
45336,normal,3369,1,1782358911.9354143,0.002137899398803711
45337,normal,2792,0,1782358911.9373794,0.001965045928955078
45338,normal,650,0,1782358911.939293,0.0019135475158691406
45339,normal,683,0,1782358911.9414032,0.0021102428436279297
45340,normal,1399,0,1782358911.9434211,0.002017974853515625
45341,normal,2165,0,1782358911.945347,0.0019259452819824219
45342,normal,3653,0,1782358911.9473827,0.0020356178283691406
45343,normal,741,0,1782358911.9495506,0.002167940139770508
45344,normal,2325,0,1782358911.9513521,0.0018014907836914062
45345,normal,28,0,1782358911.9532528,0.0019006729125976562
45346,normal,3026,0,1782358911.9553635,0.002110719680786133
45347,normal,1932,0,1782358911.9572484,0.0018849372863769531
45348,normal,2574,0,1782358911.9594398,0.002191305160522461
45349,normal,418,0,1782358911.9613688,0.0019290447235107422
45350,normal,2355,0,1782358911.9632468,0.0018780231475830078
45351,normal,2546,0,1782358911.96536,0.0021131038665771484
45352,normal,3704,0,1782358911.9678855,0.0025255680084228516
45353,normal,2167,0,1782358911.9694567,0.0015711784362792969
45354,normal,15,0,1782358911.9712608,0.0018041133880615234
45355,normal,3484,0,1782358911.9733737,0.002112865447998047
45356,normal,3432,0,1782358911.9752555,0.0018818378448486328
45357,normal,1865,0,1782358911.97746,0.002204418182373047
45358,normal,1021,2,1782358911.979445,0.0019850730895996094
45359,normal,2055,0,1782358911.9812455,0.001800537109375
45360,normal,2664,0,1782358911.9833586,0.0021131038665771484
45361,normal,1192,0,1782358911.985372,0.0020134449005126953
45362,normal,1256,0,1782358911.987274,0.001901865005493164
45363,normal,1733,0,1782358911.989597,0.002323150634765625
45364,normal,784,2,1782358911.9914274,0.0018303394317626953
45365,normal,3003,0,1782358911.9934053,0.0019779205322265625
45366,normal,1967,0,1782358911.995355,0.0019495487213134766
45367,normal,1781,0,1782358911.9975836,0.0022287368774414062
45368,normal,3097,1,1782358911.9994013,0.0018177032470703125
45369,normal,2884,0,1782358912.0014052,0.002003908157348633
45370,normal,2796,0,1782358912.0033786,0.001973390579223633
45371,normal,2287,0,1782358912.00527,0.0018913745880126953
45372,normal,3701,0,1782358912.0075624,0.0022923946380615234
45373,normal,2535,0,1782358912.0094416,0.0018792152404785156
45374,normal,68,0,1782358912.011382,0.0019404888153076172
45375,normal,2418,0,1782358912.0137086,0.002326488494873047
45376,normal,3477,0,1782358912.0154593,0.0017507076263427734
45377,normal,2963,0,1782358912.0174708,0.002011537551879883
45378,normal,1770,0,1782358912.0198998,0.0024290084838867188
45379,normal,2936,0,1782358912.0213897,0.001489877700805664
45380,normal,1506,0,1782358912.0233345,0.0019447803497314453
45381,normal,1052,0,1782358912.0252993,0.0019648075103759766
45382,normal,3504,0,1782358912.0273328,0.0020334720611572266
45383,normal,529,0,1782358912.029249,0.0019161701202392578
45384,normal,2953,0,1782358912.031302,0.0020530223846435547
45385,normal,57,0,1782358912.0335183,0.002216339111328125
45386,normal,1493,0,1782358912.0355372,0.0020189285278320312
45387,normal,3692,0,1782358912.037423,0.0018856525421142578
45388,normal,450,0,1782358912.0394716,0.0020487308502197266
45389,normal,2756,0,1782358912.0413911,0.0019195079803466797
45390,normal,3372,1,1782358912.0433257,0.0019345283508300781
45391,normal,511,0,1782358912.0454159,0.0020902156829833984
45392,normal,2678,0,1782358912.0475082,0.0020923614501953125
45393,normal,748,0,1782358912.0492444,0.0017361640930175781
45394,normal,970,2,1782358912.0514293,0.0021848678588867188
45395,normal,2327,0,1782358912.0532358,0.001806497573852539
45396,normal,390,0,1782358912.0554585,0.002222776412963867
45397,normal,2235,0,1782358912.0573814,0.0019228458404541016
45398,normal,2107,0,1782358912.059239,0.0018575191497802734
45399,normal,135,0,1782358912.06144,0.002201080322265625
45400,normal,150,0,1782358912.0634158,0.0019757747650146484
45401,normal,786,2,1782358912.06528,0.0018641948699951172
45402,normal,1718,0,1782358912.0674622,0.0021822452545166016
45403,normal,2200,0,1782358912.0693922,0.0019299983978271484
45404,normal,872,2,1782358912.0712748,0.0018825531005859375
45405,normal,3165,1,1782358912.0734656,0.002190828323364258
45406,normal,1858,0,1782358912.075384,0.0019183158874511719
45407,normal,420,0,1782358912.0772748,0.0018908977508544922
45408,normal,3295,1,1782358912.079468,0.0021932125091552734
45409,normal,208,0,1782358912.08142,0.0019519329071044922
45410,normal,1548,0,1782358912.0832856,0.0018656253814697266
45411,normal,546,0,1782358912.0855162,0.0022306442260742188
45412,normal,2536,0,1782358912.087422,0.001905679702758789
45413,normal,266,0,1782358912.0892775,0.001855611801147461
45414,normal,3167,1,1782358912.0914724,0.0021948814392089844
45415,normal,3474,0,1782358912.0934353,0.001962900161743164
45416,normal,1579,0,1782358912.095275,0.0018396377563476562
45417,normal,1898,0,1782358912.0974762,0.0022013187408447266
45418,normal,166,0,1782358912.0994482,0.0019719600677490234
45419,normal,3121,1,1782358912.1013541,0.0019059181213378906
45420,normal,2059,0,1782358912.1033232,0.0019690990447998047
45421,normal,176,0,1782358912.1054318,0.0021085739135742188
45422,normal,2533,0,1782358912.1072788,0.0018470287322998047
45423,normal,2217,0,1782358912.109432,0.002153158187866211
45424,normal,3196,1,1782358912.1114376,0.0020055770874023438
45425,normal,2713,0,1782358912.1132874,0.0018498897552490234
45426,normal,547,0,1782358912.1153262,0.002038717269897461
45427,normal,1346,1,1782358912.1174347,0.0021085739135742188
45428,normal,1257,0,1782358912.119274,0.0018391609191894531
45429,normal,1057,0,1782358912.1214843,0.002210378646850586
45430,normal,3241,1,1782358912.1234324,0.0019481182098388672
45431,normal,659,0,1782358912.1252851,0.0018527507781982422
45432,normal,3647,0,1782358912.127487,0.0022017955780029297
45433,normal,2711,0,1782358912.1294477,0.00196075439453125
45434,normal,1219,0,1782358912.13128,0.0018322467803955078
45435,normal,461,0,1782358912.133434,0.002154111862182617
45436,normal,1015,2,1782358912.1354358,0.0020017623901367188
45437,normal,3426,0,1782358912.1372743,0.0018384456634521484
45438,normal,2359,0,1782358912.139431,0.0021567344665527344
45439,normal,2427,0,1782358912.1414337,0.002002716064453125
45440,normal,707,0,1782358912.143273,0.0018393993377685547
45441,normal,2160,0,1782358912.1454947,0.0022215843200683594
45442,normal,2683,0,1782358912.1474316,0.0019369125366210938
45443,normal,1364,1,1782358912.1492746,0.0018429756164550781
45444,normal,23,0,1782358912.1514978,0.0022232532501220703
45445,normal,3217,1,1782358912.1534345,0.0019366741180419922
45446,normal,1675,0,1782358912.1552749,0.001840353012084961
45447,normal,2739,0,1782358912.157499,0.0022242069244384766
45448,normal,1980,0,1782358912.159434,0.0019350051879882812
45449,normal,374,0,1782358912.1612756,0.0018415451049804688
45450,normal,559,0,1782358912.1634974,0.002221822738647461
45451,normal,2108,0,1782358912.1654391,0.001941680908203125
45452,normal,2349,0,1782358912.167275,0.0018358230590820312
45453,normal,1908,0,1782358912.1695075,0.0022325515747070312
45454,normal,333,0,1782358912.1714346,0.0019271373748779297
45455,normal,131,0,1782358912.1732774,0.0018427371978759766
45456,normal,1452,0,1782358912.1755073,0.002229928970336914
45457,normal,1274,0,1782358912.177435,0.0019276142120361328
45458,normal,1473,0,1782358912.179273,0.0018379688262939453
45459,normal,2258,0,1782358912.1815083,0.00223541259765625
45460,normal,826,2,1782358912.183435,0.0019266605377197266
45461,normal,1818,0,1782358912.1852736,0.00183868408203125
45462,normal,3286,1,1782358912.1875196,0.0022459030151367188
45463,normal,40,0,1782358912.1894326,0.0019130706787109375
45464,normal,2180,0,1782358912.1912801,0.0018475055694580078
45465,normal,3187,1,1782358912.1935143,0.002234220504760742
45466,normal,3101,1,1782358912.1954336,0.0019192695617675781
45467,normal,3317,1,1782358912.1972766,0.0018429756164550781
45468,normal,1956,0,1782358912.1993606,0.002084016799926758
45469,normal,1147,0,1782358912.2014384,0.002077817916870117
45470,normal,3256,1,1782358912.2032833,0.0018448829650878906
45471,normal,2100,0,1782358912.2055178,0.0022344589233398438
45472,normal,717,0,1782358912.2074337,0.0019159317016601562
45473,normal,3208,1,1782358912.2092757,0.0018420219421386719
45474,normal,1121,0,1782358912.2115202,0.0022444725036621094
45475,normal,2480,0,1782358912.2134361,0.0019159317016601562
45476,normal,2529,0,1782358912.2152834,0.0018472671508789062
45477,normal,1395,0,1782358912.2175014,0.002218008041381836
45478,normal,3606,0,1782358912.2194347,0.0019333362579345703
45479,normal,1067,0,1782358912.2212749,0.0018401145935058594
45480,normal,161,0,1782358912.223369,0.0020940303802490234
45481,normal,2149,0,1782358912.2254345,0.0020656585693359375
45482,normal,678,0,1782358912.2272758,0.0018413066864013672
45483,normal,2285,0,1782358912.2294333,0.002157449722290039
45484,normal,1602,0,1782358912.2314315,0.0019981861114501953
45485,normal,3584,0,1782358912.2332752,0.0018436908721923828
45486,normal,51,0,1782358912.2354345,0.0021593570709228516
45487,normal,1682,0,1782358912.237475,0.002040386199951172
45488,normal,3450,0,1782358912.2392793,0.001804351806640625
45489,normal,1133,0,1782358912.2414618,0.002182483673095703
45490,normal,2407,0,1782358912.243641,0.0021791458129882812
45491,normal,2432,0,1782358912.2453077,0.0016667842864990234
45492,normal,602,0,1782358912.2475686,0.002260923385620117
45493,normal,62,0,1782358912.2495525,0.0019838809967041016
45494,normal,1375,1,1782358912.2513006,0.0017480850219726562
45495,normal,2657,0,1782358912.2535462,0.002245664596557617
45496,normal,42,0,1782358912.255459,0.001912832260131836
45497,normal,298,0,1782358912.2573168,0.001857757568359375
45498,normal,3287,1,1782358912.2594442,0.002127408981323242
45499,normal,3415,0,1782358912.2614732,0.002028942108154297
45500,normal,65,0,1782358912.263314,0.001840829849243164
45501,normal,3110,1,1782358912.265434,0.0021200180053710938
45502,normal,2976,0,1782358912.2674458,0.0020117759704589844
45503,normal,66,0,1782358912.2693148,0.0018689632415771484
45504,normal,2001,0,1782358912.2714484,0.002133607864379883
45505,normal,2594,0,1782358912.2734723,0.002023935317993164
45506,normal,482,0,1782358912.2753155,0.0018432140350341797
45507,normal,3658,0,1782358912.2774332,0.002117633819580078
45508,normal,3394,1,1782358912.2794347,0.002001523971557617
45509,normal,2441,0,1782358912.2813232,0.0018885135650634766
45510,normal,1868,0,1782358912.2834544,0.002131223678588867
45511,normal,2725,0,1782358912.28547,0.0020155906677246094
45512,normal,3638,0,1782358912.2873142,0.001844167709350586
45513,normal,3420,0,1782358912.2894654,0.0021512508392333984
45514,normal,3445,0,1782358912.2914703,0.002004861831665039
45515,normal,2299,0,1782358912.2933145,0.001844167709350586
45516,normal,3234,1,1782358912.2954576,0.0021431446075439453
45517,normal,1079,0,1782358912.2974718,0.00201416015625
45518,normal,2319,0,1782358912.2993145,0.0018427371978759766
45519,normal,2569,0,1782358912.301546,0.002231597900390625
45520,normal,363,0,1782358912.3033023,0.0017561912536621094
45521,normal,2229,0,1782358912.3053145,0.0020122528076171875
45522,normal,1562,0,1782358912.30746,0.002145528793334961
45523,normal,2990,0,1782358912.3094678,0.002007722854614258
45524,normal,1869,0,1782358912.3113163,0.001848459243774414
45525,normal,3389,1,1782358912.313466,0.002149820327758789
45526,normal,2933,0,1782358912.3154824,0.002016305923461914
45527,normal,31,0,1782358912.3173213,0.0018389225006103516
45528,normal,1829,0,1782358912.319471,0.0021495819091796875
45529,normal,165,0,1782358912.321472,0.002001047134399414
45530,normal,417,0,1782358912.3233185,0.0018465518951416016
45531,normal,3370,1,1782358912.3254726,0.002154111862182617
45532,normal,905,2,1782358912.327472,0.001999378204345703
45533,normal,3136,1,1782358912.329314,0.0018420219421386719
45534,normal,1229,0,1782358912.3314853,0.0021712779998779297
45535,normal,473,0,1782358912.333434,0.0019488334655761719
45536,normal,2918,0,1782358912.3353326,0.0018985271453857422
45537,normal,3294,1,1782358912.3375692,0.002236604690551758
45538,normal,688,0,1782358912.3394246,0.0018553733825683594
45539,normal,3331,1,1782358912.3412757,0.0018510818481445312
45540,normal,2720,0,1782358912.3434808,0.0022051334381103516
45541,normal,1836,0,1782358912.345399,0.0019180774688720703
45542,normal,3146,1,1782358912.3472831,0.0018842220306396484
45543,normal,101,0,1782358912.349496,0.0022127628326416016
45544,normal,1496,0,1782358912.351342,0.0018460750579833984
45545,normal,277,0,1782358912.3536098,0.0022678375244140625
45546,normal,2964,0,1782358912.3553293,0.0017194747924804688
45547,normal,3156,1,1782358912.3574994,0.002170085906982422
45548,normal,2518,0,1782358912.3593304,0.0018310546875
45549,normal,3040,0,1782358912.3615158,0.002185344696044922
45550,normal,1345,1,1782358912.3633366,0.0018208026885986328
45551,normal,3454,0,1782358912.3652859,0.001949310302734375
45552,normal,588,0,1782358912.367488,0.0022020339965820312
45553,normal,2365,0,1782358912.3693755,0.0018875598907470703
45554,normal,3665,0,1782358912.3712747,0.0018992424011230469
45555,normal,2227,0,1782358912.3734915,0.002216815948486328
45556,normal,2532,0,1782358912.375373,0.0018813610076904297
45557,normal,2434,0,1782358912.3772755,0.0019025802612304688
45558,normal,3067,1,1782358912.3794928,0.0022172927856445312
45559,normal,3128,1,1782358912.3814373,0.0019445419311523438
45560,normal,3304,1,1782358912.383277,0.0018396377563476562
45561,normal,1132,0,1782358912.3854961,0.0022192001342773438
45562,normal,111,0,1782358912.387581,0.002084970474243164
45563,normal,283,0,1782358912.389307,0.001725912094116211
45564,normal,3192,1,1782358912.3915591,0.0022521018981933594
45565,normal,1823,0,1782358912.39347,0.0019109249114990234
45566,normal,1073,0,1782358912.3954244,0.001954317092895508
45567,normal,259,0,1782358912.3975053,0.0020809173583984375
45568,normal,2769,0,1782358912.399484,0.001978635787963867
45569,normal,102,0,1782358912.4013336,0.0018496513366699219
45570,normal,2020,0,1782358912.4035118,0.002178192138671875
45571,normal,3703,0,1782358912.4054387,0.0019268989562988281
45572,normal,7,0,1782358912.4072824,0.0018436908721923828
45573,normal,74,0,1782358912.4095058,0.002223491668701172
45574,normal,1971,0,1782358912.4114373,0.0019314289093017578
45575,normal,2,0,1782358912.4134092,0.0019719600677490234
45576,normal,3510,0,1782358912.4153116,0.0019023418426513672
45577,normal,3289,1,1782358912.4174802,0.0021686553955078125
45578,normal,1694,0,1782358912.419313,0.001832723617553711
45579,normal,448,0,1782358912.4215147,0.0022017955780029297
45580,normal,3240,1,1782358912.4234326,0.0019178390502929688
45581,normal,3671,0,1782358912.4252748,0.0018422603607177734
45582,normal,745,0,1782358912.4274306,0.002155780792236328
45583,normal,1879,0,1782358912.4294372,0.00200653076171875
45584,normal,2163,0,1782358912.4312744,0.0018372535705566406
45585,normal,3675,0,1782358912.4335144,0.0022399425506591797
45586,normal,92,0,1782358912.4354284,0.0019140243530273438
45587,normal,883,2,1782358912.4372976,0.00186920166015625
45588,normal,69,0,1782358912.4395134,0.002215862274169922
45589,normal,1327,1,1782358912.4414327,0.0019192695617675781
45590,normal,2412,0,1782358912.4432838,0.0018510818481445312
45591,normal,2264,0,1782358912.4452877,0.002003908157348633
45592,normal,1663,0,1782358912.4474392,0.0021514892578125
45593,normal,1300,0,1782358912.4492934,0.0018541812896728516
45594,normal,1134,0,1782358912.4515195,0.002226114273071289
45595,normal,909,2,1782358912.453451,0.0019314289093017578
45596,normal,483,0,1782358912.4552763,0.0018253326416015625
45597,normal,543,0,1782358912.4574296,0.0021533966064453125
45598,normal,3669,0,1782358912.4594378,0.002008199691772461
45599,normal,3702,0,1782358912.4612737,0.0018358230590820312
45600,normal,868,2,1782358912.4635773,0.002303600311279297
45601,normal,2742,0,1782358912.465319,0.001741647720336914
45602,normal,2291,0,1782358912.4675665,0.0022475719451904297
45603,normal,935,2,1782358912.469381,0.0018146038055419922
45604,normal,3417,0,1782358912.4715178,0.002136707305908203
45605,normal,742,0,1782358912.473424,0.0019061565399169922
45606,normal,1766,0,1782358912.4754703,0.002046346664428711
45607,normal,1076,0,1782358912.4775002,0.002029895782470703
45608,normal,2580,0,1782358912.4793346,0.0018343925476074219
45609,normal,2996,0,1782358912.4814796,0.002145051956176758
45610,normal,2581,0,1782358912.4834504,0.0019707679748535156
45611,normal,2845,0,1782358912.4852853,0.001834869384765625
45612,normal,627,0,1782358912.487454,0.0021686553955078125
45613,normal,3149,1,1782358912.489442,0.0019881725311279297
45614,normal,3628,0,1782358912.4912744,0.0018322467803955078
45615,normal,3202,1,1782358912.4935553,0.0022809505462646484
45616,normal,967,2,1782358912.4954393,0.0018839836120605469
45617,normal,845,2,1782358912.497275,0.0018358230590820312
45618,normal,1438,0,1782358912.4994006,0.0021255016326904297
45619,normal,1578,0,1782358912.5014367,0.0020360946655273438
45620,normal,3618,0,1782358912.5032768,0.0018401145935058594
45621,normal,3004,0,1782358912.505431,0.002154111862182617
45622,normal,1460,0,1782358912.5074372,0.0020062923431396484
45623,normal,756,0,1782358912.5093164,0.0018792152404785156
45624,normal,1001,2,1782358912.5115464,0.002229928970336914
45625,normal,880,2,1782358912.5134294,0.0018830299377441406
45626,normal,2489,0,1782358912.5152848,0.0018553733825683594
45627,normal,1154,0,1782358912.5172985,0.002013683319091797
45628,normal,988,2,1782358912.5194387,0.0021402835845947266
45629,normal,636,0,1782358912.5212774,0.00183868408203125
45630,normal,2443,0,1782358912.5234292,0.0021517276763916016
45631,normal,308,0,1782358912.5254421,0.002012968063354492
45632,normal,2763,0,1782358912.527275,0.0018329620361328125
45633,normal,976,2,1782358912.529457,0.0021820068359375
45634,normal,265,0,1782358912.5314322,0.0019750595092773438
45635,normal,1009,2,1782358912.5332742,0.0018420219421386719
45636,normal,3516,0,1782358912.535459,0.0021848678588867188
45637,normal,1152,0,1782358912.5374324,0.001973390579223633
45638,normal,680,0,1782358912.5392752,0.0018427371978759766
45639,normal,214,0,1782358912.5414581,0.0021829605102539062
45640,normal,3292,1,1782358912.5434418,0.001983642578125
45641,normal,3630,0,1782358912.5452743,0.0018324851989746094
45642,normal,256,0,1782358912.547463,0.0021886825561523438
45643,normal,2914,0,1782358912.54944,0.0019769668579101562
45644,normal,2972,0,1782358912.5512779,0.0018379688262939453
45645,normal,1912,0,1782358912.5534346,0.0021567344665527344
45646,normal,3082,1,1782358912.5554378,0.002003192901611328
45647,normal,3528,0,1782358912.557274,0.0018362998962402344
45648,normal,2916,0,1782358912.559468,0.002193927764892578
45649,normal,1876,0,1782358912.561437,0.001968860626220703
45650,normal,2555,0,1782358912.5632803,0.0018434524536132812
45651,normal,1854,0,1782358912.5654783,0.0021979808807373047
45652,normal,2332,0,1782358912.567431,0.0019526481628417969
45653,normal,2844,0,1782358912.5692737,0.0018427371978759766
45654,normal,124,0,1782358912.5714731,0.002199411392211914
45655,normal,2051,0,1782358912.5734425,0.0019693374633789062
45656,normal,1541,0,1782358912.5752761,0.0018336772918701172
45657,normal,2318,0,1782358912.5774775,0.0022013187408447266
45658,normal,859,2,1782358912.57943,0.0019526481628417969
45659,normal,3160,1,1782358912.5812783,0.0018482208251953125
45660,normal,1214,0,1782358912.5834787,0.0022003650665283203
45661,normal,1353,1,1782358912.58543,0.0019512176513671875
45662,normal,2913,0,1782358912.5872722,0.0018422603607177734
45663,normal,1292,0,1782358912.5894809,0.002208709716796875
45664,normal,130,0,1782358912.5914288,0.0019478797912597656
45665,normal,2124,0,1782358912.593286,0.0018572807312011719
45666,normal,3049,1,1782358912.5954938,0.0022077560424804688
45667,normal,237,0,1782358912.5974424,0.0019485950469970703
45668,normal,3526,0,1782358912.599275,0.001832723617553711
45669,normal,1830,0,1782358912.6014447,0.0021696090698242188
45670,normal,2935,0,1782358912.6034405,0.0019958019256591797
45671,normal,3496,0,1782358912.605276,0.0018355846405029297
45672,normal,2118,0,1782358912.607489,0.002213001251220703
45673,normal,886,2,1782358912.6094372,0.0019481182098388672
45674,normal,1673,0,1782358912.6112742,0.001837015151977539
45675,normal,1543,0,1782358912.6134925,0.0022182464599609375
45676,normal,1412,0,1782358912.6154284,0.0019359588623046875
45677,normal,1025,2,1782358912.6173124,0.0018839836120605469
45678,normal,367,0,1782358912.6194928,0.002180337905883789
45679,normal,2484,0,1782358912.6214726,0.001979827880859375
45680,normal,21,0,1782358912.6232786,0.001806020736694336
45681,normal,280,0,1782358912.6254923,0.002213716506958008
45682,normal,2039,0,1782358912.627431,0.0019385814666748047
45683,normal,1347,1,1782358912.6292741,0.0018432140350341797
45684,normal,3686,0,1782358912.6314116,0.002137422561645508
45685,normal,3218,1,1782358912.6334383,0.002026796340942383
45686,normal,2205,0,1782358912.6352732,0.001834869384765625
45687,normal,2788,0,1782358912.6374266,0.0021533966064453125
45688,normal,2214,0,1782358912.6394324,0.0020058155059814453
45689,normal,3635,0,1782358912.6412797,0.0018472671508789062
45690,normal,3523,0,1782358912.6435192,0.0022394657135009766
45691,normal,3320,1,1782358912.6454122,0.0018930435180664062
45692,normal,3118,1,1782358912.6473253,0.0019130706787109375
45693,normal,1527,0,1782358912.649512,0.0021867752075195312
45694,normal,2392,0,1782358912.6514397,0.0019276142120361328
45695,normal,3288,1,1782358912.653423,0.0019834041595458984
45696,normal,1326,1,1782358912.6555114,0.002088308334350586
45697,normal,3354,1,1782358912.6575155,0.0020041465759277344
45698,normal,203,0,1782358912.6594238,0.0019083023071289062
45699,normal,2083,0,1782358912.6614568,0.0020329952239990234
45700,normal,1891,0,1782358912.6634066,0.0019497871398925781
45701,normal,1728,0,1782358912.6654253,0.0020186901092529297
45702,normal,1348,1,1782358912.6675162,0.002090930938720703
45703,normal,2331,0,1782358912.6694856,0.0019693374633789062
45704,normal,2966,0,1782358912.6713433,0.001857757568359375
45705,normal,2283,0,1782358912.6734815,0.0021381378173828125
45706,normal,2044,0,1782358912.6754131,0.0019316673278808594
45707,normal,1647,0,1782358912.6773083,0.0018951892852783203
45708,normal,3277,1,1782358912.6795166,0.002208232879638672
45709,normal,2851,0,1782358912.6814318,0.0019152164459228516
45710,normal,866,2,1782358912.683275,0.0018432140350341797
45711,normal,3603,0,1782358912.6854308,0.002155780792236328
45712,normal,205,0,1782358912.6874337,0.0020029544830322266
45713,normal,1190,0,1782358912.6893685,0.0019347667694091797
45714,normal,3145,1,1782358912.6913073,0.0019388198852539062
45715,normal,1974,0,1782358912.6934252,0.0021178722381591797
45716,normal,1469,0,1782358912.695275,0.0018498897552490234
45717,normal,3472,0,1782358912.6974294,0.0021543502807617188
45718,normal,2925,0,1782358912.6994445,0.0020151138305664062
45719,normal,3074,1,1782358912.7012813,0.0018367767333984375
45720,normal,339,0,1782358912.7034287,0.0021474361419677734
45721,normal,545,0,1782358912.7054331,0.002004384994506836
45722,normal,1349,1,1782358912.7072732,0.0018401145935058594
45723,normal,1081,0,1782358912.709476,0.002202749252319336
45724,normal,1639,0,1782358912.7114382,0.0019621849060058594
45725,normal,3377,1,1782358912.7132752,0.001837015151977539
45726,normal,2930,0,1782358912.7154293,0.002154111862182617
45727,normal,1404,0,1782358912.71743,0.0020008087158203125
45728,normal,1162,0,1782358912.7192733,0.0018432140350341797
45729,normal,1811,0,1782358912.721438,0.002164602279663086
45730,normal,1758,0,1782358912.7234313,0.001993417739868164
45731,normal,1312,0,1782358912.7252808,0.0018494129180908203
45732,normal,1186,0,1782358912.7274282,0.0021474361419677734
45733,normal,1985,0,1782358912.7294352,0.002007007598876953
45734,normal,2723,0,1782358912.7312732,0.0018379688262939453
45735,normal,296,0,1782358912.733442,0.002168893814086914
45736,normal,648,0,1782358912.7354362,0.0019941329956054688
45737,normal,2061,0,1782358912.737275,0.00183868408203125
45738,normal,997,2,1782358912.7394276,0.002152681350708008
45739,normal,1933,0,1782358912.7414274,0.0019998550415039062
45740,normal,574,0,1782358912.7432976,0.0018701553344726562
45741,normal,1776,0,1782358912.7454462,0.0021486282348632812
45742,normal,2075,0,1782358912.747435,0.0019888877868652344
45743,normal,1546,0,1782358912.7492845,0.0018494129180908203
45744,normal,2395,0,1782358912.751429,0.0021445751190185547
45745,normal,1434,0,1782358912.7534337,0.0020046234130859375
45746,normal,479,0,1782358912.755275,0.0018413066864013672
45747,normal,1088,0,1782358912.7574382,0.0021631717681884766
45748,normal,656,0,1782358912.7594326,0.0019943714141845703
45749,normal,377,0,1782358912.7612743,0.0018417835235595703
45750,normal,2509,0,1782358912.7634144,0.002140045166015625
45751,normal,185,0,1782358912.7654252,0.002010822296142578
45752,normal,1761,0,1782358912.767275,0.0018498897552490234
45753,normal,3492,0,1782358912.7694564,0.0021812915802001953
45754,normal,2446,0,1782358912.7714252,0.001968860626220703
45755,normal,1255,0,1782358912.7732747,0.0018494129180908203
45756,normal,1276,0,1782358912.7754745,0.002199888229370117
45757,normal,3024,0,1782358912.7774336,0.001959085464477539
45758,normal,1198,0,1782358912.7792735,0.0018398761749267578
45759,normal,3462,0,1782358912.7813048,0.0020313262939453125
45760,normal,1887,0,1782358912.7834337,0.0021288394927978516
45761,normal,3267,1,1782358912.7852752,0.0018415451049804688
45762,normal,595,0,1782358912.7874713,0.002196073532104492
45763,normal,32,0,1782358912.7894297,0.0019583702087402344
45764,normal,1161,0,1782358912.7912738,0.001844167709350586
45765,normal,2234,0,1782358912.7934828,0.0022089481353759766
45766,normal,2656,0,1782358912.7954333,0.0019505023956298828
45767,normal,56,0,1782358912.7972744,0.0018410682678222656
45768,normal,3096,1,1782358912.7994702,0.0021958351135253906
45769,normal,1243,0,1782358912.8014367,0.0019664764404296875
45770,normal,37,0,1782358912.803272,0.0018353462219238281
45771,normal,2035,0,1782358912.8054729,0.0022008419036865234
45772,normal,3453,0,1782358912.8074346,0.0019617080688476562
45773,normal,2677,0,1782358912.809273,0.0018384456634521484
45774,normal,1387,0,1782358912.8114758,0.002202749252319336
45775,normal,365,0,1782358912.8134367,0.0019609928131103516
45776,normal,2547,0,1782358912.8152742,0.0018374919891357422
45777,normal,775,2,1782358912.8174765,0.002202272415161133
45778,normal,354,0,1782358912.8194344,0.0019578933715820312
45779,normal,3016,0,1782358912.8212733,0.0018389225006103516
45780,normal,1365,1,1782358912.823478,0.0022046566009521484
45781,normal,3033,0,1782358912.825439,0.0019609928131103516
45782,normal,3655,0,1782358912.8272793,0.001840353012084961
45783,normal,3568,0,1782358912.8294833,0.0022039413452148438
45784,normal,1233,0,1782358912.8312774,0.0017940998077392578
45785,normal,665,0,1782358912.8334298,0.0021524429321289062
45786,normal,424,0,1782358912.8353264,0.0018966197967529297
45787,normal,1236,0,1782358912.8374324,0.0021059513092041016
45788,normal,795,2,1782358912.8392737,0.0018413066864013672
45789,normal,2785,0,1782358912.8414865,0.0022127628326416016
45790,normal,888,2,1782358912.843434,0.001947641372680664
45791,normal,973,2,1782358912.845274,0.0018398761749267578
45792,normal,1483,0,1782358912.8475475,0.0022735595703125
45793,normal,3520,0,1782358912.8494298,0.001882314682006836
45794,normal,1687,0,1782358912.8512735,0.0018436908721923828
45795,normal,2885,0,1782358912.853449,0.002175569534301758
45796,normal,3546,0,1782358912.8554356,0.0019865036010742188
45797,normal,1453,0,1782358912.8572745,0.0018389225006103516
45798,normal,3643,0,1782358912.8594947,0.00222015380859375
45799,normal,3707,0,1782358912.8614273,0.0019326210021972656
45800,normal,284,0,1782358912.8632746,0.0018472671508789062
45801,normal,2658,0,1782358912.8654954,0.0022208690643310547
45802,normal,2460,0,1782358912.8674266,0.0019311904907226562
45803,normal,3314,1,1782358912.8692741,0.0018475055694580078
45804,normal,410,0,1782358912.871499,0.0022249221801757812
45805,normal,1441,0,1782358912.8734286,0.0019295215606689453
45806,normal,1078,0,1782358912.8752756,0.0018470287322998047
45807,normal,3002,0,1782358912.8775113,0.0022356510162353516
45808,normal,792,2,1782358912.879435,0.0019237995147705078
45809,normal,75,0,1782358912.8812757,0.0018405914306640625
45810,normal,90,0,1782358912.8835025,0.0022268295288085938
45811,normal,406,0,1782358912.885428,0.0019254684448242188
45812,normal,2401,0,1782358912.8872733,0.0018453598022460938
45813,normal,879,2,1782358912.889501,0.002227783203125
45814,normal,315,0,1782358912.8914244,0.0019233226776123047
45815,normal,2397,0,1782358912.893273,0.0018486976623535156
45816,normal,1043,0,1782358912.8955047,0.002231597900390625
45817,normal,2005,0,1782358912.897421,0.0019161701202392578
45818,normal,1558,0,1782358912.8992727,0.001851797103881836
45819,normal,3253,1,1782358912.9015176,0.0022449493408203125
45820,normal,3475,0,1782358912.903424,0.0019063949584960938
45821,normal,2929,0,1782358912.9052885,0.0018644332885742188
45822,normal,3198,1,1782358912.9075115,0.0022230148315429688
45823,normal,2069,0,1782358912.9094222,0.0019106864929199219
45824,normal,1160,0,1782358912.911273,0.0018508434295654297
45825,normal,634,0,1782358912.9135134,0.002240419387817383
45826,normal,3553,0,1782358912.9154263,0.001912832260131836
45827,normal,743,0,1782358912.9172714,0.0018451213836669922
45828,normal,3086,1,1782358912.9195356,0.002264261245727539
45829,normal,2430,0,1782358912.9214246,0.0018889904022216797
45830,normal,1053,0,1782358912.9232717,0.0018470287322998047
45831,normal,3696,0,1782358912.9255176,0.0022459030151367188
45832,normal,565,0,1782358912.9274254,0.0019078254699707031
45833,normal,2780,0,1782358912.929276,0.0018506050109863281
45834,normal,2750,0,1782358912.9314609,0.0021848678588867188
45835,normal,3594,0,1782358912.9334607,0.0019998550415039062
45836,normal,1388,0,1782358912.9352806,0.0018198490142822266
45837,normal,1803,0,1782358912.9382088,0.0029282569885253906
45838,normal,1501,0,1782358912.9394407,0.0012319087982177734
45839,normal,210,0,1782358912.9412856,0.0018448829650878906
45840,normal,2618,0,1782358912.9435267,0.0022411346435546875
45841,normal,1512,0,1782358912.945435,0.0019083023071289062
45842,normal,1003,2,1782358912.9472747,0.0018396377563476562
45843,normal,260,0,1782358912.9494293,0.0021545886993408203
45844,normal,2870,0,1782358912.951346,0.001916646957397461
45845,normal,1401,0,1782358912.953275,0.0019290447235107422
45846,normal,454,0,1782358912.955521,0.0022461414337158203
45847,normal,1643,0,1782358912.9573421,0.0018210411071777344
45848,normal,2371,0,1782358912.9592755,0.0019333362579345703
45849,normal,3384,1,1782358912.9614372,0.002161741256713867
45850,normal,1169,0,1782358912.9633586,0.0019214153289794922
45851,normal,1756,0,1782358912.9652746,0.0019159317016601562
45852,normal,823,2,1782358912.9674618,0.0021872520446777344
45853,normal,1030,0,1782358912.9693587,0.0018968582153320312
45854,normal,1613,0,1782358912.9712763,0.0019176006317138672
45855,normal,1163,0,1782358912.9734428,0.0021665096282958984
45856,normal,1363,1,1782358912.9753458,0.0019030570983886719
45857,normal,1048,0,1782358912.9772725,0.0019266605377197266
45858,normal,2403,0,1782358912.9794457,0.002173185348510742
45859,normal,2573,0,1782358912.9814265,0.0019807815551757812
45860,normal,1727,0,1782358912.9832807,0.0018541812896728516
45861,normal,3424,0,1782358912.9854484,0.0021677017211914062
45862,normal,2104,0,1782358912.9875648,0.0021164417266845703
45863,normal,465,0,1782358912.989424,0.0018591880798339844
45864,normal,1939,0,1782358912.991306,0.0018820762634277344
45865,normal,3434,0,1782358912.9935057,0.0021996498107910156
45866,normal,3402,0,1782358912.9953911,0.0018854141235351562
45867,normal,2854,0,1782358912.9974518,0.0020606517791748047
45868,normal,1379,1,1782358912.9994206,0.001968860626220703
45869,normal,901,2,1782358913.001308,0.0018873214721679688
45870,normal,219,0,1782358913.0034518,0.00214385986328125
45871,normal,3639,0,1782358913.0054371,0.001985311508178711
45872,normal,3461,0,1782358913.0072742,0.001837015151977539
45873,normal,2853,0,1782358913.0094585,0.0021843910217285156
45874,normal,938,2,1782358913.0114317,0.0019731521606445312
45875,normal,2396,0,1782358913.013274,0.0018422603607177734
45876,normal,2152,0,1782358913.015457,0.0021829605102539062
45877,normal,502,0,1782358913.017439,0.001981973648071289
45878,normal,2127,0,1782358913.0192738,0.001834869384765625
45879,normal,875,2,1782358913.0214663,0.0021924972534179688
45880,normal,33,0,1782358913.023435,0.001968860626220703
45881,normal,660,0,1782358913.0252814,0.0018463134765625
45882,normal,2112,0,1782358913.0274606,0.0021791458129882812
45883,normal,346,0,1782358913.0294418,0.0019812583923339844
45884,normal,677,0,1782358913.0312748,0.0018329620361328125
45885,normal,212,0,1782358913.0334687,0.002193927764892578
45886,normal,477,0,1782358913.035433,0.0019643306732177734
45887,normal,553,0,1782358913.0372741,0.0018410682678222656
45888,normal,132,0,1782358913.0394688,0.002194643020629883
45889,normal,1842,0,1782358913.041433,0.0019643306732177734
45890,normal,521,0,1782358913.043472,0.0020389556884765625
45891,normal,1122,0,1782358913.0454814,0.0020093917846679688
45892,normal,2689,0,1782358913.0474236,0.0019421577453613281
45893,normal,3162,1,1782358913.0492592,0.0018355846405029297
45894,normal,1017,2,1782358913.0513213,0.002062082290649414
45895,normal,1651,0,1782358913.0534213,0.0020999908447265625
45896,normal,2351,0,1782358913.055275,0.0018537044525146484
45897,normal,3001,0,1782358913.0574768,0.0022017955780029297
45898,normal,1429,0,1782358913.0594318,0.0019550323486328125
45899,normal,1709,0,1782358913.0612829,0.0018510818481445312
45900,normal,667,0,1782358913.0634787,0.0021958351135253906
45901,normal,1667,0,1782358913.0654316,0.0019528865814208984
45902,normal,1225,0,1782358913.0672736,0.0018420219421386719
45903,normal,3589,0,1782358913.0694823,0.002208709716796875
45904,normal,180,0,1782358913.0714378,0.0019555091857910156
45905,normal,631,0,1782358913.0732737,0.0018358230590820312
45906,normal,325,0,1782358913.0754862,0.0022125244140625
45907,normal,793,2,1782358913.0774245,0.0019383430480957031
45908,normal,3269,1,1782358913.0792737,0.0018491744995117188
45909,normal,324,0,1782358913.0814872,0.0022134780883789062
45910,normal,3203,1,1782358913.0834382,0.001950979232788086
45911,normal,3588,0,1782358913.0852742,0.0018360614776611328
45912,normal,3626,0,1782358913.0874887,0.0022144317626953125
45913,normal,35,0,1782358913.0894413,0.0019526481628417969
45914,normal,1355,1,1782358913.0912755,0.0018341541290283203
45915,normal,440,0,1782358913.0934072,0.0021317005157470703
45916,normal,78,0,1782358913.0954235,0.002016305923461914
45917,normal,828,2,1782358913.0972726,0.0018491744995117188
45918,normal,2974,0,1782358913.0994961,0.002223491668701172
45919,normal,754,0,1782358913.101422,0.0019259452819824219
45920,normal,2751,0,1782358913.103275,0.0018529891967773438
45921,normal,3216,1,1782358913.1054962,0.0022211074829101562
45922,normal,771,0,1782358913.1074352,0.0019390583038330078
45923,normal,3561,0,1782358913.1092753,0.0018401145935058594
45924,normal,1301,0,1782358913.1115003,0.0022249221801757812
45925,normal,1531,0,1782358913.113434,0.0019338130950927734
45926,normal,674,0,1782358913.1152816,0.0018475055694580078
45927,normal,263,0,1782358913.1175025,0.0022208690643310547
45928,normal,896,2,1782358913.119423,0.001920461654663086
45929,normal,838,2,1782358913.1212733,0.0018503665924072266
45930,normal,310,0,1782358913.1235049,0.002231597900390625
45931,normal,501,0,1782358913.1254177,0.001912832260131836
45932,normal,2721,0,1782358913.1272724,0.0018546581268310547
45933,normal,264,0,1782358913.1295044,0.002232074737548828
45934,normal,2727,0,1782358913.131419,0.0019145011901855469
45935,normal,3207,1,1782358913.1332734,0.0018544197082519531
45936,normal,1294,0,1782358913.1355083,0.002234935760498047
45937,normal,2991,0,1782358913.137428,0.0019197463989257812
45938,normal,965,2,1782358913.1392841,0.001856088638305664
45939,normal,1392,0,1782358913.1415114,0.002227306365966797
45940,normal,2494,0,1782358913.143424,0.0019125938415527344
45941,normal,229,0,1782358913.1452749,0.0018508434295654297
45942,normal,1924,0,1782358913.1474266,0.0021517276763916016
45943,normal,121,0,1782358913.14942,0.001993417739868164
45944,normal,2692,0,1782358913.1512737,0.0018537044525146484
45945,normal,2561,0,1782358913.1535156,0.002241849899291992
45946,normal,1104,0,1782358913.155558,0.002042531967163086
45947,normal,3529,0,1782358913.1572754,0.0017173290252685547
45948,normal,2079,0,1782358913.1595185,0.0022430419921875
45949,normal,769,0,1782358913.16142,0.0019016265869140625
45950,normal,488,0,1782358913.163274,0.00185394287109375
45951,normal,3388,1,1782358913.1655214,0.002247333526611328
45952,normal,2858,0,1782358913.1674192,0.0018978118896484375
45953,normal,2706,0,1782358913.1692715,0.001852273941040039
45954,normal,2760,0,1782358913.1714475,0.002176046371459961
45955,normal,1350,1,1782358913.1734312,0.001983642578125
45956,normal,3664,0,1782358913.1752732,0.0018420219421386719
45957,normal,1946,0,1782358913.177527,0.0022537708282470703
45958,normal,3251,1,1782358913.1794286,0.0019016265869140625
45959,normal,568,0,1782358913.181274,0.0018453598022460938
45960,normal,3597,0,1782358913.1834307,0.0021567344665527344
45961,normal,2856,0,1782358913.1854234,0.0019927024841308594
45962,normal,3011,0,1782358913.1872754,0.0018520355224609375
45963,normal,1426,0,1782358913.189436,0.0021605491638183594
45964,normal,2114,0,1782358913.1914563,0.0020203590393066406
45965,normal,1903,0,1782358913.193276,0.001819610595703125
45966,normal,3066,1,1782358913.1954362,0.002160310745239258
45967,normal,2375,0,1782358913.197434,0.001997709274291992
45968,normal,3322,1,1782358913.1992748,0.001840829849243164
45969,normal,2804,0,1782358913.2014413,0.0021665096282958984
45970,normal,2715,0,1782358913.2034297,0.0019884109497070312
45971,normal,1748,0,1782358913.2052743,0.001844644546508789
45972,normal,401,0,1782358913.2074406,0.002166271209716797
45973,normal,2135,0,1782358913.2094123,0.001971721649169922
45974,normal,3007,0,1782358913.2112808,0.0018684864044189453
45975,normal,3659,0,1782358913.2134428,0.0021619796752929688
45976,normal,629,0,1782358913.2154157,0.0019729137420654297
45977,normal,1182,0,1782358913.2172813,0.0018656253814697266
45978,normal,1972,0,1782358913.2194464,0.002165079116821289
45979,normal,1783,0,1782358913.221444,0.0019974708557128906
45980,normal,293,0,1782358913.223275,0.0018310546875
45981,normal,1943,0,1782358913.2254498,0.002174854278564453
45982,normal,320,0,1782358913.2274306,0.0019807815551757812
45983,normal,926,2,1782358913.2293315,0.0019009113311767578
45984,normal,819,2,1782358913.2314544,0.0021228790283203125
45985,normal,2357,0,1782358913.2334297,0.0019752979278564453
45986,normal,3249,1,1782358913.235304,0.0018744468688964844
45987,normal,957,2,1782358913.2374558,0.0021517276763916016
45988,normal,3077,1,1782358913.2394304,0.0019745826721191406
45989,normal,2491,0,1782358913.2412753,0.0018448829650878906
45990,normal,2014,0,1782358913.2434604,0.0021851062774658203
45991,normal,3666,0,1782358913.2454426,0.0019822120666503906
45992,normal,1707,0,1782358913.247278,0.0018353462219238281
45993,normal,1979,0,1782358913.2494693,0.002191305160522461
45994,normal,833,2,1782358913.251412,0.0019426345825195312
45995,normal,3266,1,1782358913.2532783,0.0018663406372070312
45996,normal,2410,0,1782358913.2554617,0.0021834373474121094
45997,normal,952,2,1782358913.2574263,0.001964569091796875
45998,normal,2583,0,1782358913.2592754,0.0018491744995117188
45999,normal,2980,0,1782358913.2614658,0.0021903514862060547
46000,normal,2173,0,1782358913.2634373,0.0019714832305908203
46001,normal,3705,0,1782358913.2652748,0.0018374919891357422
46002,normal,2186,0,1782358913.2674701,0.0021953582763671875
46003,normal,1882,0,1782358913.2694187,0.0019485950469970703
46004,normal,138,0,1782358913.2712786,0.001859903335571289
46005,normal,1872,0,1782358913.2734697,0.0021910667419433594
46006,normal,1942,0,1782358913.2754369,0.001967191696166992
46007,normal,2366,0,1782358913.277275,0.0018382072448730469
46008,normal,2303,0,1782358913.279473,0.0021979808807373047
46009,normal,3224,1,1782358913.2814336,0.0019605159759521484
46010,normal,3608,0,1782358913.283272,0.0018384456634521484
46011,normal,3471,0,1782358913.285484,0.002212047576904297
46012,normal,619,0,1782358913.2874355,0.001951456069946289
46013,normal,2224,0,1782358913.2892737,0.0018382072448730469
46014,normal,3601,0,1782358913.291407,0.0021333694458007812
46015,normal,302,0,1782358913.2934422,0.0020351409912109375
46016,normal,1678,0,1782358913.2952816,0.0018393993377685547
46017,normal,3035,0,1782358913.2974317,0.0021500587463378906
46018,normal,2802,0,1782358913.2994206,0.0019888877868652344
46019,normal,885,2,1782358913.3012788,0.0018582344055175781
46020,normal,739,0,1782358913.3034809,0.0022020339965820312
46021,normal,2971,0,1782358913.3054361,0.001955270767211914
46022,normal,349,0,1782358913.3072736,0.0018374919891357422
46023,normal,215,0,1782358913.3094833,0.0022096633911132812
46024,normal,2294,0,1782358913.3114345,0.0019512176513671875
46025,normal,2907,0,1782358913.3132753,0.001840829849243164
46026,normal,982,2,1782358913.315501,0.002225637435913086
46027,normal,402,0,1782358913.3174372,0.001936197280883789
46028,normal,2862,0,1782358913.3192754,0.0018382072448730469
46029,normal,423,0,1782358913.3214877,0.0022122859954833984
46030,normal,1883,0,1782358913.3234248,0.0019371509552001953
46031,normal,1116,0,1782358913.3252904,0.0018656253814697266
46032,normal,1951,0,1782358913.3274913,0.0022008419036865234
46033,normal,3205,1,1782358913.329439,0.001947641372680664
46034,normal,668,0,1782358913.3312793,0.001840353012084961
46035,normal,2399,0,1782358913.3334923,0.002213001251220703
46036,normal,329,0,1782358913.3354547,0.001962423324584961
46037,normal,895,2,1782358913.337277,0.0018222332000732422
46038,normal,50,0,1782358913.3394365,0.002159595489501953
46039,normal,3143,1,1782358913.34142,0.0019834041595458984
46040,normal,1849,0,1782358913.3432758,0.0018558502197265625
46041,normal,1958,0,1782358913.3454988,0.0022230148315429688
46042,normal,2305,0,1782358913.347424,0.0019252300262451172
46043,normal,1177,0,1782358913.349455,0.002031087875366211
46044,normal,1068,0,1782358913.3514724,0.0020172595977783203
46045,normal,1514,0,1782358913.3535044,0.002032041549682617
46046,normal,2379,0,1782358913.3554237,0.0019192695617675781
46047,normal,1787,0,1782358913.357508,0.0020842552185058594
46048,normal,439,0,1782358913.3595014,0.001993417739868164
46049,normal,3363,1,1782358913.361392,0.0018906593322753906
46050,normal,587,0,1782358913.363506,0.0021140575408935547
46051,normal,3642,0,1782358913.3653898,0.0018837451934814453
46052,normal,1344,1,1782358913.3672776,0.0018877983093261719
46053,normal,3651,0,1782358913.3695068,0.0022292137145996094
46054,normal,1534,0,1782358913.3714254,0.0019185543060302734
46055,normal,1575,0,1782358913.3732834,0.0018579959869384766
46056,normal,1922,0,1782358913.3755093,0.0022258758544921875
46057,normal,899,2,1782358913.3774133,0.0019040107727050781
46058,normal,1771,0,1782358913.3792772,0.0018639564514160156
46059,normal,3380,1,1782358913.381435,0.0021576881408691406
46060,normal,3390,1,1782358913.383412,0.0019769668579101562
46061,normal,1012,2,1782358913.385293,0.0018811225891113281
46062,normal,1641,0,1782358913.3875127,0.002219676971435547
46063,normal,3297,1,1782358913.3894038,0.0018911361694335938
46064,normal,2158,0,1782358913.3912797,0.0018758773803710938
46065,normal,344,0,1782358913.393517,0.0022373199462890625
46066,normal,1038,0,1782358913.395416,0.0018990039825439453
46067,normal,1600,0,1782358913.3972812,0.0018651485443115234
46068,normal,1024,2,1782358913.3995185,0.0022373199462890625
46069,normal,3592,0,1782358913.40141,0.0018916130065917969
46070,normal,1126,0,1782358913.4032764,0.0018663406372070312
46071,normal,3020,0,1782358913.4055235,0.0022470951080322266
46072,normal,1207,0,1782358913.407413,0.0018894672393798828
46073,normal,3429,0,1782358913.4092803,0.0018672943115234375
46074,normal,1977,0,1782358913.4115257,0.0022454261779785156
46075,normal,2973,0,1782358913.4149053,0.0033795833587646484
46076,normal,3073,1,1782358913.415285,0.00037980079650878906
46077,normal,345,0,1782358913.417446,0.002160787582397461
46078,normal,2672,0,1782358913.4194384,0.001992464065551758
46079,normal,4,0,1782358913.4212773,0.0018389225006103516
46080,normal,3412,0,1782358913.4234266,0.002149343490600586
46081,normal,223,0,1782358913.4254065,0.001979827880859375
46082,normal,1413,0,1782358913.4272726,0.0018661022186279297
46083,normal,1793,0,1782358913.4294271,0.0021545886993408203
46084,normal,1923,0,1782358913.431405,0.0019779205322265625
46085,normal,709,0,1782358913.4332721,0.001867055892944336
46086,normal,3158,1,1782358913.4354331,0.0021610260009765625
46087,normal,2614,0,1782358913.4373996,0.0019664764404296875
46088,normal,1367,1,1782358913.4392724,0.0018727779388427734
46089,normal,53,0,1782358913.4414327,0.002160310745239258
46090,normal,1653,0,1782358913.4434063,0.0019736289978027344
46091,normal,44,0,1782358913.4452856,0.0018792152404785156
46092,normal,14,0,1782358913.447445,0.0021593570709228516
46093,normal,800,2,1782358913.449409,0.001964092254638672
46094,normal,3598,0,1782358913.451281,0.0018720626831054688
46095,normal,1671,0,1782358913.4534378,0.0021567344665527344
46096,normal,3321,1,1782358913.4554107,0.0019729137420654297
46097,normal,2704,0,1782358913.4572747,0.0018639564514160156
46098,normal,1646,0,1782358913.4594407,0.0021660327911376953
46099,normal,3700,0,1782358913.461404,0.001963376998901367
46100,normal,1964,0,1782358913.4632723,0.0018682479858398438
46101,normal,1270,0,1782358913.465444,0.002171754837036133
46102,normal,1860,0,1782358913.467407,0.001962900161743164
46103,normal,3578,0,1782358913.469274,0.001867055892944336
46104,normal,39,0,1782358913.4714231,0.0021491050720214844
46105,normal,3333,1,1782358913.4733984,0.0019752979278564453
46106,normal,3232,1,1782358913.475273,0.0018744468688964844
46107,normal,3613,0,1782358913.4774475,0.0021746158599853516
46108,normal,117,0,1782358913.4794216,0.0019741058349609375
46109,normal,3483,0,1782358913.4812737,0.0018520355224609375
46110,normal,67,0,1782358913.4834483,0.0021746158599853516
46111,normal,358,0,1782358913.4854217,0.001973390579223633
46112,normal,2426,0,1782358913.4872756,0.00185394287109375
46113,normal,2440,0,1782358913.4894607,0.0021851062774658203
46114,normal,1196,0,1782358913.4914238,0.0019631385803222656
46115,normal,409,0,1782358913.4932783,0.0018544197082519531
46116,normal,2049,0,1782358913.4954538,0.002175569534301758
46117,normal,290,0,1782358913.4974148,0.0019609928131103516
46118,normal,3119,1,1782358913.4992735,0.0018587112426757812
46119,normal,824,2,1782358913.5014582,0.002184629440307617
46120,normal,624,0,1782358913.5034266,0.0019683837890625
46121,normal,1918,0,1782358913.5052714,0.0018448829650878906
46122,normal,2128,0,1782358913.5074604,0.0021889209747314453
46123,normal,715,0,1782358913.509654,0.0021936893463134766
46124,normal,2764,0,1782358913.5113032,0.0016491413116455078
46125,normal,1497,0,1782358913.5135794,0.002276182174682617
46126,normal,392,0,1782358913.5155025,0.0019230842590332031
46127,normal,2050,0,1782358913.5174208,0.0019183158874511719
46128,normal,449,0,1782358913.5194204,0.0019996166229248047
46129,normal,1308,0,1782358913.521386,0.0019655227661132812
46130,normal,162,0,1782358913.523297,0.001911163330078125
46131,normal,244,0,1782358913.525468,0.002171039581298828
46132,normal,309,0,1782358913.5274312,0.0019631385803222656
46133,normal,964,2,1782358913.5292816,0.0018503665924072266
46134,normal,190,0,1782358913.5314717,0.002190113067626953
46135,normal,2798,0,1782358913.533421,0.001949310302734375
46136,normal,3679,0,1782358913.535272,0.0018508434295654297
46137,normal,1889,0,1782358913.53745,0.002178192138671875
46138,normal,922,2,1782358913.5395975,0.0021474361419677734
46139,normal,2431,0,1782358913.5414324,0.001834869384765625
46140,normal,2244,0,1782358913.5433207,0.001888275146484375
46141,normal,3622,0,1782358913.5454316,0.0021109580993652344
46142,normal,1987,0,1782358913.5472772,0.0018455982208251953
46143,normal,2038,0,1782358913.549476,0.0021986961364746094
46144,normal,3070,1,1782358913.5513225,0.0018465518951416016
46145,normal,2368,0,1782358913.5532737,0.0019512176513671875
46146,normal,814,2,1782358913.5554311,0.002157449722290039
46147,normal,1751,0,1782358913.557364,0.0019328594207763672
46148,normal,2493,0,1782358913.559278,0.0019140243530273438
46149,normal,1921,0,1782358913.5614812,0.002203226089477539
46150,normal,195,0,1782358913.5633316,0.0018503665924072266
46151,normal,763,0,1782358913.5652733,0.001941680908203125
46152,normal,1719,0,1782358913.5674055,0.0021321773529052734
46153,normal,2360,0,1782358913.569342,0.0019364356994628906
46154,normal,1965,0,1782358913.5712738,0.001931905746459961
46155,normal,3237,1,1782358913.573485,0.0022110939025878906
46156,normal,2077,0,1782358913.5753386,0.0018537044525146484
46157,normal,3631,0,1782358913.5772736,0.0019350051879882812
46158,normal,3150,1,1782358913.5794904,0.002216815948486328
46159,normal,900,2,1782358913.5813396,0.0018491744995117188
46160,normal,3296,1,1782358913.5832732,0.0019335746765136719
46161,normal,81,0,1782358913.585426,0.0021529197692871094
46162,normal,2806,0,1782358913.5874233,0.001997232437133789
46163,normal,2786,0,1782358913.5893245,0.0019011497497558594
46164,normal,2456,0,1782358913.5914953,0.0021708011627197266
46165,normal,1654,0,1782358913.5934358,0.0019404888153076172
46166,normal,3358,1,1782358913.5952735,0.0018377304077148438
46167,normal,2578,0,1782358913.597496,0.0022225379943847656
46168,normal,843,2,1782358913.599421,0.0019249916076660156
46169,normal,1253,0,1782358913.601272,0.0018510818481445312
46170,normal,1494,0,1782358913.6035,0.002227783203125
46171,normal,1846,0,1782358913.6054184,0.0019185543060302734
46172,normal,2731,0,1782358913.6072795,0.0018610954284667969
46173,normal,3129,1,1782358913.6095004,0.0022208690643310547
46174,normal,1421,0,1782358913.61142,0.0019195079803466797
46175,normal,2850,0,1782358913.6132777,0.001857757568359375
46176,normal,566,0,1782358913.6155062,0.0022284984588623047
46177,normal,2743,0,1782358913.617426,0.0019197463989257812
46178,normal,1515,0,1782358913.6192727,0.0018467903137207031
46179,normal,2012,0,1782358913.6231163,0.003843545913696289
46180,normal,472,0,1782358913.6233027,0.00018644332885742188
46181,normal,415,0,1782358913.625419,0.0021162033081054688
46182,normal,313,0,1782358913.6275165,0.002097606658935547
46183,normal,388,0,1782358913.6294985,0.001981973648071289
46184,normal,250,0,1782358913.6314175,0.0019190311431884766
46185,normal,2882,0,1782358913.6335285,0.0021109580993652344
46186,normal,375,0,1782358913.6354809,0.0019524097442626953
46187,normal,3580,0,1782358913.6373866,0.001905679702758789
46188,normal,292,0,1782358913.6396232,0.002236604690551758
46189,normal,515,0,1782358913.6414566,0.0018334388732910156
46190,normal,1142,0,1782358913.6433282,0.0018715858459472656
46191,normal,3270,1,1782358913.6453648,0.002036571502685547
46192,normal,2220,0,1782358913.647425,0.0020601749420166016
46193,normal,191,0,1782358913.6492727,0.0018477439880371094
46194,normal,218,0,1782358913.6513665,0.002093791961669922
46195,normal,2138,0,1782358913.653435,0.0020685195922851562
46196,normal,2810,0,1782358913.6552775,0.001842498779296875
46197,normal,3543,0,1782358913.6574218,0.002144336700439453
46198,normal,2881,0,1782358913.6593876,0.001965761184692383
46199,normal,2037,0,1782358913.6612713,0.0018837451934814453
46200,normal,2189,0,1782358913.6634257,0.0021543502807617188
46201,normal,3591,0,1782358913.665404,0.0019783973693847656
46202,normal,3178,1,1782358913.6672719,0.0018677711486816406
46203,normal,1509,0,1782358913.6694245,0.002152681350708008
46204,normal,781,2,1782358913.6713905,0.0019659996032714844
46205,normal,3513,0,1782358913.6732724,0.0018818378448486328
46206,normal,2841,0,1782358913.6754298,0.002157449722290039
46207,normal,1502,0,1782358913.677386,0.0019562244415283203
46208,normal,1736,0,1782358913.679272,0.0018858909606933594
46209,normal,2459,0,1782358913.681431,0.00215911865234375
46210,normal,3684,0,1782358913.6834035,0.0019724369049072266
46211,normal,2883,0,1782358913.685279,0.0018754005432128906
46212,normal,3611,0,1782358913.6874363,0.002157449722290039
46213,normal,1029,2,1782358913.6893826,0.0019462108612060547
46214,normal,1813,0,1782358913.6912737,0.0018911361694335938
46215,normal,1072,0,1782358913.6934378,0.002164125442504883
46216,normal,1633,0,1782358913.6954663,0.0020284652709960938
46217,normal,2733,0,1782358913.6972766,0.001810312271118164
46218,normal,1175,0,1782358913.6994593,0.0021827220916748047
46219,normal,700,0,1782358913.7013705,0.001911163330078125
46220,normal,3554,0,1782358913.7032773,0.0019068717956542969
46221,normal,2090,0,1782358913.7054622,0.0021848678588867188
46222,normal,3225,1,1782358913.7073941,0.001931905746459961
46223,normal,3482,0,1782358913.7092717,0.0018775463104248047
46224,normal,481,0,1782358913.7114449,0.002173185348510742
46225,normal,1680,0,1782358913.7133834,0.0019385814666748047
46226,normal,404,0,1782358913.7152715,0.0018880367279052734
46227,normal,519,0,1782358913.7174468,0.0021753311157226562
46228,normal,1456,0,1782358913.7193909,0.0019440650939941406
46229,normal,2324,0,1782358913.7212946,0.0019037723541259766
46230,normal,321,0,1782358913.7234538,0.00215911865234375
46231,normal,127,0,1782358913.725374,0.0019202232360839844
46232,normal,2374,0,1782358913.727272,0.001898050308227539
46233,normal,1913,0,1782358913.7294512,0.0021791458129882812
46234,normal,3283,1,1782358913.7313743,0.0019230842590332031
46235,normal,1681,0,1782358913.7332714,0.0018970966339111328
46236,normal,2955,0,1782358913.7354553,0.0021839141845703125
46237,normal,239,0,1782358913.7374048,0.0019495487213134766
46238,normal,1580,0,1782358913.7392735,0.0018687248229980469
46239,normal,338,0,1782358913.7414577,0.002184152603149414
46240,normal,3551,0,1782358913.7433836,0.0019259452819824219
46241,normal,1959,0,1782358913.7452781,0.0018944740295410156
46242,normal,2926,0,1782358913.7474601,0.0021820068359375
46243,normal,1,0,1782358913.7493696,0.001909494400024414
46244,normal,639,0,1782358913.7512703,0.0019006729125976562
46245,normal,3299,1,1782358913.7534604,0.002190113067626953
46246,normal,2423,0,1782358913.7553902,0.0019297599792480469
46247,normal,2859,0,1782358913.757271,0.0018808841705322266
46248,normal,3410,0,1782358913.7594645,0.002193450927734375
46249,normal,785,2,1782358913.7613828,0.0019183158874511719
46250,normal,251,0,1782358913.763276,0.0018932819366455078
46251,normal,3624,0,1782358913.7654662,0.002190113067626953
46252,normal,2370,0,1782358913.7673945,0.0019283294677734375
46253,normal,1480,0,1782358913.7692716,0.0018770694732666016
46254,normal,1552,0,1782358913.771396,0.002124309539794922
46255,normal,1337,1,1782358913.773386,0.001990079879760742
46256,normal,1698,0,1782358913.7752745,0.0018885135650634766
46257,normal,2248,0,1782358913.7774713,0.002196788787841797
46258,normal,2131,0,1782358913.7793827,0.0019114017486572266
46259,normal,317,0,1782358913.781273,0.0018901824951171875
46260,normal,370,0,1782358913.7834716,0.0021986961364746094
46261,normal,2840,0,1782358913.785398,0.001926422119140625
46262,normal,3122,1,1782358913.7872765,0.001878499984741211
46263,normal,2065,0,1782358913.7894769,0.0022003650665283203
46264,normal,2457,0,1782358913.7913969,0.0019199848175048828
46265,normal,1478,0,1782358913.7932708,0.0018739700317382812
46266,normal,1926,0,1782358913.7954762,0.002205371856689453
46267,normal,3534,0,1782358913.7974682,0.0019919872283935547
46268,normal,2021,0,1782358913.7992609,0.0017926692962646484
46269,normal,704,0,1782358913.801482,0.0022211074829101562
46270,normal,2068,0,1782358913.8033955,0.0019135475158691406
46271,normal,2346,0,1782358913.8052733,0.0018777847290039062
46272,normal,1359,1,1782358913.8074813,0.0022079944610595703
46273,normal,2405,0,1782358913.8093903,0.001909017562866211
46274,normal,1802,0,1782358913.8112724,0.0018820762634277344
46275,normal,575,0,1782358913.8134863,0.0022139549255371094
46276,normal,1447,0,1782358913.8153849,0.0018985271453857422
46277,normal,3124,1,1782358913.817273,0.0018880367279052734
46278,normal,1492,0,1782358913.8194883,0.0022153854370117188
46279,normal,1705,0,1782358913.8213851,0.0018968582153320312
46280,normal,3600,0,1782358913.8232722,0.0018870830535888672
46281,normal,22,0,1782358913.8255098,0.002237558364868164
46282,normal,36,0,1782358913.8274038,0.0018939971923828125
46283,normal,2728,0,1782358913.8292737,0.0018699169158935547
46284,normal,2151,0,1782358913.8314269,0.002153158187866211
46285,normal,3385,1,1782358913.8334336,0.0020067691802978516
46286,normal,3595,0,1782358913.8352737,0.0018401145935058594
46287,normal,2977,0,1782358913.8374972,0.002223491668701172
46288,normal,1366,1,1782358913.8393695,0.0018723011016845703
46289,normal,3188,1,1782358913.8412807,0.001911163330078125
46290,normal,456,0,1782358913.8434985,0.0022177696228027344
46291,normal,2620,0,1782358913.8452742,0.0017757415771484375
46292,normal,1801,0,1782358913.8474348,0.0021605491638183594
46293,normal,1107,0,1782358913.849349,0.0019142627716064453
46294,normal,3525,0,1782358913.8514242,0.0020751953125
46295,normal,225,0,1782358913.8532782,0.00185394287109375
46296,normal,518,0,1782358913.8555024,0.0022242069244384766
46297,normal,3332,1,1782358913.8574023,0.0018999576568603516
46298,normal,3515,0,1782358913.8592727,0.0018703937530517578
46299,normal,697,0,1782358913.8615055,0.002232789993286133
46300,normal,1878,0,1782358913.8633833,0.0018777847290039062
46301,normal,887,2,1782358913.8652732,0.001889944076538086
46302,normal,1044,0,1782358913.8675065,0.002233266830444336
46303,normal,897,2,1782358913.8693933,0.0018868446350097656
46304,normal,1871,0,1782358913.8712707,0.0018773078918457031
46305,normal,2986,0,1782358913.8735108,0.0022401809692382812
46306,normal,1677,0,1782358913.875389,0.0018782615661621094
46307,normal,3238,1,1782358913.8772728,0.0018837451934814453
46308,normal,904,2,1782358913.8795128,0.0022399425506591797
46309,normal,2266,0,1782358913.8813915,0.0018787384033203125
46310,normal,55,0,1782358913.8832712,0.0018796920776367188
46311,normal,1381,1,1782358913.8855278,0.002256631851196289
46312,normal,3329,1,1782358913.8873858,0.0018579959869384766
46313,normal,898,2,1782358913.8892744,0.0018885135650634766
46314,normal,1371,1,1782358913.891421,0.0021467208862304688
46315,normal,3341,1,1782358913.8934197,0.0019986629486083984
46316,normal,974,2,1782358913.8952718,0.0018520355224609375
46317,normal,1999,0,1782358913.8974235,0.0021517276763916016
46318,normal,1722,0,1782358913.8993833,0.0019598007202148438
46319,normal,8,0,1782358913.9012723,0.0018889904022216797
46320,normal,2610,0,1782358913.903426,0.002153635025024414
46321,normal,2309,0,1782358913.9053817,0.001955747604370117
46322,normal,1391,0,1782358913.9072714,0.0018897056579589844
46323,normal,1779,0,1782358913.9094372,0.0021657943725585938
46324,normal,3278,1,1782358913.9113777,0.0019404888153076172
46325,normal,1386,0,1782358913.913272,0.001894235610961914
46326,normal,1130,0,1782358913.915432,0.0021600723266601562
46327,normal,478,0,1782358913.9173794,0.0019474029541015625
46328,normal,2421,0,1782358913.9192784,0.0018990039825439453
46329,normal,1909,0,1782358913.921434,0.0021555423736572266
46330,normal,1035,0,1782358913.923378,0.0019440650939941406
46331,normal,2453,0,1782358913.925277,0.0018990039825439453
46332,normal,724,0,1782358913.9272842,0.0020072460174560547
46333,normal,757,0,1782358913.929423,0.002138853073120117
46334,normal,94,0,1782358913.931301,0.0018780231475830078
46335,normal,955,2,1782358913.9334393,0.0021381378173828125
46336,normal,145,0,1782358913.9354627,0.002023458480834961
46337,normal,1518,0,1782358913.9372787,0.0018160343170166016
46338,normal,49,0,1782358913.9394393,0.0021605491638183594
46339,normal,1442,0,1782358913.9414065,0.001967191696166992
46340,normal,513,0,1782358913.9432747,0.0018682479858398438
46341,normal,892,2,1782358913.9454434,0.0021686553955078125
46342,normal,921,2,1782358913.947374,0.0019307136535644531
46343,normal,1090,0,1782358913.9492724,0.0018982887268066406
46344,normal,1589,0,1782358913.9514608,0.002188444137573242
46345,normal,2593,0,1782358913.9533842,0.0019233226776123047
46346,normal,2754,0,1782358913.9552727,0.0018885135650634766
46347,normal,96,0,1782358913.9574504,0.002177715301513672
46348,normal,1458,0,1782358913.9593768,0.001926422119140625
46349,normal,1621,0,1782358913.9612732,0.0018963813781738281
46350,normal,1819,0,1782358913.9634511,0.0021779537200927734
46351,normal,1358,1,1782358913.9653697,0.0019185543060302734
46352,normal,3444,0,1782358913.9672728,0.0019030570983886719
46353,normal,860,2,1782358913.969424,0.0021512508392333984
46354,normal,1557,0,1782358913.9713695,0.00194549560546875
46355,normal,1450,0,1782358913.9732718,0.0019023418426513672
46356,normal,2697,0,1782358913.9754052,0.0021333694458007812
46357,normal,2175,0,1782358913.9773734,0.0019681453704833984
46358,normal,3366,1,1782358913.979271,0.001897573471069336
46359,normal,3425,0,1782358913.9814596,0.0021886825561523438
46360,normal,1837,0,1782358913.9833698,0.0019102096557617188
46361,normal,1393,0,1782358913.9852705,0.0019006729125976562
46362,normal,2517,0,1782358913.987461,0.0021905899047851562
46363,normal,1310,0,1782358913.989377,0.0019159317016601562
46364,normal,1446,0,1782358913.99127,0.0018930435180664062
46365,normal,2604,0,1782358913.993486,0.002215862274169922
46366,normal,3169,1,1782358913.9954023,0.0019164085388183594
46367,normal,2009,0,1782358913.9972875,0.0018851757049560547
46368,normal,3062,1,1782358913.9994633,0.0021758079528808594
46369,normal,2735,0,1782358914.0013714,0.0019080638885498047
46370,normal,3206,1,1782358914.0032713,0.0018999576568603516
46371,normal,1978,0,1782358914.00547,0.0021986961364746094
46372,normal,3159,1,1782358914.0073864,0.0019164085388183594
46373,normal,1864,0,1782358914.009275,0.0018885135650634766
46374,normal,655,0,1782358914.0114696,0.002194643020629883
46375,normal,2317,0,1782358914.01338,0.0019104480743408203
46376,normal,2191,0,1782358914.0152702,0.0018901824951171875
46377,normal,689,0,1782358914.0174751,0.00220489501953125
46378,normal,1209,0,1782358914.0193727,0.001897573471069336
46379,normal,1780,0,1782358914.0212798,0.0019071102142333984
46380,normal,1568,0,1782358914.0234745,0.002194643020629883
46381,normal,1774,0,1782358914.0253727,0.0018982887268066406
46382,normal,2429,0,1782358914.0272715,0.0018987655639648438
46383,normal,198,0,1782358914.0294785,0.002207040786743164
46384,normal,2869,0,1782358914.0313988,0.0019202232360839844
46385,normal,3223,1,1782358914.0332718,0.001873016357421875
46386,normal,530,0,1782358914.035479,0.0022072792053222656
46387,normal,2137,0,1782358914.0373816,0.0019025802612304688
46388,normal,1792,0,1782358914.0392714,0.0018897056579589844
46389,normal,2527,0,1782358914.0413978,0.002126455307006836
46390,normal,493,0,1782358914.0433767,0.0019788742065429688
46391,normal,2223,0,1782358914.045284,0.0019073486328125
46392,normal,3228,1,1782358914.0474935,0.0022094249725341797
46393,normal,2154,0,1782358914.0493972,0.0019037723541259766
46394,normal,3194,1,1782358914.0512824,0.0018851757049560547
46395,normal,736,0,1782358914.0534897,0.0022072792053222656
46396,normal,216,0,1782358914.0553858,0.0018961429595947266
46397,normal,2820,0,1782358914.0572736,0.0018877983093261719
46398,normal,3423,0,1782358914.0594883,0.002214670181274414
46399,normal,1535,0,1782358914.0613835,0.0018951892852783203
46400,normal,1618,0,1782358914.0632737,0.0018901824951171875
46401,normal,732,0,1782358914.065495,0.002221345901489258
46402,normal,1258,0,1782358914.0673754,0.0018804073333740234
46403,normal,628,0,1782358914.0692728,0.0018973350524902344
46404,normal,2361,0,1782358914.071493,0.00222015380859375
46405,normal,3374,1,1782358914.0733929,0.0018999576568603516
46406,normal,2458,0,1782358914.0752804,0.0018875598907470703
46407,normal,58,0,1782358914.0774987,0.0022182464599609375
46408,normal,560,0,1782358914.0793726,0.0018739700317382812
46409,normal,2782,0,1782358914.081272,0.0018992424011230469
46410,normal,1490,0,1782358914.083498,0.002226114273071289
46411,normal,2562,0,1782358914.0854042,0.0019061565399169922
46412,normal,877,2,1782358914.087275,0.001870870590209961
46413,normal,1054,0,1782358914.0893521,0.0020771026611328125
46414,normal,2709,0,1782358914.091427,0.0020749568939208984
46415,normal,1929,0,1782358914.0932727,0.0018455982208251953
46416,normal,2003,0,1782358914.0954945,0.002221822738647461
46417,normal,3051,1,1782358914.0973768,0.001882314682006836
46418,normal,3547,0,1782358914.0992725,0.0018956661224365234
46419,normal,3393,1,1782358914.1015077,0.0022351741790771484
46420,normal,3103,1,1782358914.103397,0.0018892288208007812
46421,normal,1764,0,1782358914.105274,0.0018770694732666016
46422,normal,3006,0,1782358914.107538,0.0022640228271484375
46423,normal,1113,0,1782358914.1094332,0.0018951892852783203
46424,normal,722,0,1782358914.1112719,0.00183868408203125
46425,normal,1077,0,1782358914.1135137,0.002241849899291992
46426,normal,213,0,1782358914.115273,0.0017592906951904297
46427,normal,3367,1,1782358914.117426,0.0021529197692871094
46428,normal,809,2,1782358914.1193607,0.0019347667694091797
46429,normal,3130,1,1782358914.1214252,0.0020644664764404297
46430,normal,2470,0,1782358914.1232722,0.0018470287322998047
46431,normal,1743,0,1782358914.1255186,0.002246379852294922
46432,normal,303,0,1782358914.1273952,0.0018765926361083984
46433,normal,3487,0,1782358914.1292748,0.0018796920776367188
46434,normal,3274,1,1782358914.131483,0.002208232879638672
46435,normal,1228,0,1782358914.1333752,0.00189208984375
46436,normal,2391,0,1782358914.135273,0.0018978118896484375
46437,normal,3152,1,1782358914.1374311,0.0021581649780273438
46438,normal,1369,1,1782358914.1404378,0.0030066967010498047
46439,normal,2036,0,1782358914.1412838,0.0008459091186523438
46440,normal,2275,0,1782358914.1434348,0.002151012420654297
46441,normal,173,0,1782358914.1452982,0.0018634796142578125
46442,normal,171,0,1782358914.1474245,0.0021262168884277344
46443,normal,2865,0,1782358914.1492763,0.001851797103881836
46444,normal,3301,1,1782358914.151425,0.0021486282348632812
46445,normal,2591,0,1782358914.1532848,0.001859903335571289
46446,normal,1686,0,1782358914.1554313,0.002146482467651367
46447,normal,642,0,1782358914.1572857,0.0018544197082519531
46448,normal,2745,0,1782358914.159274,0.0019884109497070312
46449,normal,1284,0,1782358914.1614354,0.002161264419555664
46450,normal,580,0,1782358914.1633008,0.001865386962890625
46451,normal,2793,0,1782358914.1654253,0.0021245479583740234
46452,normal,1402,0,1782358914.167282,0.0018568038940429688
46453,normal,3688,0,1782358914.1694267,0.0021445751190185547
46454,normal,1042,0,1782358914.171272,0.0018453598022460938
46455,normal,703,0,1782358914.1734397,0.0021677017211914062
46456,normal,2866,0,1782358914.1752715,0.0018317699432373047
46457,normal,438,0,1782358914.1774256,0.002154111862182617
46458,normal,3310,1,1782358914.1792884,0.0018627643585205078
46459,normal,3452,0,1782358914.1814284,0.002140045166015625
46460,normal,2245,0,1782358914.1832724,0.0018439292907714844
46461,normal,1789,0,1782358914.1855419,0.0022695064544677734
46462,normal,1607,0,1782358914.187358,0.0018160343170166016
46463,normal,2246,0,1782358914.1892748,0.0019168853759765625
46464,normal,2111,0,1782358914.1914463,0.0021715164184570312
46465,normal,613,0,1782358914.1933622,0.0019159317016601562
46466,normal,1213,0,1782358914.1952724,0.0019102096557617188
46467,normal,413,0,1782358914.197299,0.0020265579223632812
46468,normal,1936,0,1782358914.1993666,0.00206756591796875
46469,normal,178,0,1782358914.2012691,0.0019025802612304688
46470,normal,2665,0,1782358914.2032723,0.002003192901611328
46471,normal,143,0,1782358914.2054276,0.002155303955078125
46472,normal,1505,0,1782358914.2072723,0.001844644546508789
46473,normal,3340,1,1782358914.2094553,0.0021829605102539062
46474,normal,452,0,1782358914.2113662,0.0019109249114990234
46475,normal,2017,0,1782358914.213314,0.0019478797912597656
46476,normal,1018,2,1782358914.2154562,0.002142190933227539
46477,normal,467,0,1782358914.2173681,0.0019118785858154297
46478,normal,2740,0,1782358914.2192712,0.0019030570983886719
46479,normal,851,2,1782358914.2214599,0.0021886825561523438
46480,normal,989,2,1782358914.2233636,0.0019037723541259766
46481,normal,774,2,1782358914.2252722,0.0019085407257080078
46482,normal,1463,0,1782358914.2274616,0.0021893978118896484
46483,normal,484,0,1782358914.229376,0.0019145011901855469
46484,normal,3229,1,1782358914.2312853,0.0019092559814453125
46485,normal,2592,0,1782358914.2334664,0.0021810531616210938
46486,normal,1795,0,1782358914.2353601,0.001893758773803711
46487,normal,1555,0,1782358914.2372775,0.0019173622131347656
46488,normal,1141,0,1782358914.239466,0.002188444137573242
46489,normal,3260,1,1782358914.2413654,0.0018994808197021484
46490,normal,593,0,1782358914.243271,0.001905679702758789
46491,normal,2084,0,1782358914.2454896,0.002218484878540039
46492,normal,1740,0,1782358914.2473752,0.0018856525421142578
46493,normal,1146,0,1782358914.2492816,0.0019063949584960938
46494,normal,2492,0,1782358914.2515898,0.0023081302642822266
46495,normal,2341,0,1782358914.2534394,0.0018496513366699219
46496,normal,1612,0,1782358914.2554305,0.0019910335540771484
46497,normal,1487,0,1782358914.257479,0.002048492431640625
46498,normal,3148,1,1782358914.259555,0.0020761489868164062
46499,normal,2695,0,1782358914.2614202,0.0018651485443115234
46500,normal,1124,0,1782358914.2634807,0.002060413360595703
46501,normal,2585,0,1782358914.2654257,0.0019450187683105469
46502,normal,2959,0,1782358914.2673304,0.0019047260284423828
46503,normal,2644,0,1782358914.2694829,0.0021524429321289062
46504,normal,3499,0,1782358914.2713695,0.001886606216430664
46505,normal,431,0,1782358914.2732742,0.0019047260284423828
46506,normal,2062,0,1782358914.275479,0.00220489501953125
46507,normal,1706,0,1782358914.2773678,0.0018887519836425781
46508,normal,1087,0,1782358914.2792733,0.0019054412841796875
46509,normal,2999,0,1782358914.281484,0.0022106170654296875
46510,normal,1464,0,1782358914.2833664,0.0018825531005859375
46511,normal,1416,0,1782358914.2852728,0.0019063949584960938
46512,normal,1210,0,1782358914.2874846,0.0022118091583251953
46513,normal,1325,1,1782358914.289365,0.0018804073333740234
46514,normal,2174,0,1782358914.291272,0.0019068717956542969
46515,normal,2433,0,1782358914.293488,0.0022161006927490234
46516,normal,3648,0,1782358914.295382,0.0018939971923828125
46517,normal,591,0,1782358914.2972727,0.0018906593322753906
46518,normal,2145,0,1782358914.2994924,0.002219676971435547
46519,normal,3212,1,1782358914.3013816,0.0018892288208007812
46520,normal,2218,0,1782358914.3032722,0.0018906593322753906
46521,normal,3555,0,1782358914.3054938,0.0022215843200683594
46522,normal,2241,0,1782358914.3073728,0.001878976821899414
46523,normal,1040,0,1782358914.309281,0.0019083023071289062
46524,normal,2584,0,1782358914.3114944,0.0022132396697998047
46525,normal,3318,1,1782358914.3133783,0.0018839836120605469
46526,normal,3560,0,1782358914.3152854,0.0019071102142333984
46527,normal,3076,1,1782358914.3174171,0.0021317005157470703
46528,normal,3413,0,1782358914.3193753,0.001958131790161133
46529,normal,1841,0,1782358914.3212724,0.0018970966339111328
46530,normal,958,2,1782358914.3234994,0.0022270679473876953
46531,normal,3235,1,1782358914.3253777,0.0018782615661621094
46532,normal,2076,0,1782358914.3272724,0.0018947124481201172
46533,normal,2475,0,1782358914.3295038,0.0022313594818115234
46534,normal,3674,0,1782358914.331374,0.0018701553344726562
46535,normal,975,2,1782358914.3332736,0.00189971923828125
46536,normal,2042,0,1782358914.3355045,0.0022308826446533203
46537,normal,1356,1,1782358914.3373682,0.001863718032836914
46538,normal,1917,0,1782358914.3392744,0.0019061565399169922
46539,normal,870,2,1782358914.3415077,0.002233266830444336
46540,normal,1026,2,1782358914.3433843,0.0018765926361083984
46541,normal,2413,0,1782358914.3452723,0.0018880367279052734
46542,normal,341,0,1782358914.3475084,0.0022361278533935547
46543,normal,400,0,1782358914.3494022,0.001893758773803711
46544,normal,1692,0,1782358914.3512847,0.0018825531005859375
46545,normal,585,0,1782358914.3534472,0.002162456512451172
46546,normal,3524,0,1782358914.3554144,0.001967191696166992
46547,normal,1960,0,1782358914.3573084,0.0018939971923828125
46548,normal,2417,0,1782358914.3595152,0.0022068023681640625
46549,normal,3368,1,1782358914.3614094,0.001894235610961914
46550,normal,1973,0,1782358914.3632734,0.0018639564514160156
46551,normal,3493,0,1782358914.3655188,0.0022454261779785156
46552,normal,360,0,1782358914.3674002,0.0018813610076904297
46553,normal,2519,0,1782358914.3692732,0.001873016357421875
46554,normal,1403,0,1782358914.3714583,0.0021851062774658203
46555,normal,693,0,1782358914.3734062,0.0019478797912597656
46556,normal,940,2,1782358914.3752728,0.0018665790557861328
46557,normal,1311,0,1782358914.377427,0.0021543502807617188
46558,normal,2240,0,1782358914.379568,0.0021409988403320312
46559,normal,2901,0,1782358914.3813066,0.0017385482788085938
46560,normal,1536,0,1782358914.3836503,0.0023436546325683594
46561,normal,1588,0,1782358914.385318,0.0016677379608154297
46562,normal,1521,0,1782358914.3875463,0.002228260040283203
46563,normal,1265,0,1782358914.3893747,0.0018284320831298828
46564,normal,2771,0,1782358914.391465,0.0020902156829833984
46565,normal,663,0,1782358914.3933148,0.0018498897552490234
46566,normal,1472,0,1782358914.395433,0.0021181106567382812
46567,normal,2775,0,1782358914.3975031,0.002070188522338867
46568,normal,457,0,1782358914.3993063,0.0018031597137451172
46569,normal,3303,1,1782358914.4015527,0.002246379852294922
46570,normal,1674,0,1782358914.40343,0.0018773078918457031
46571,normal,281,0,1782358914.405329,0.0018990039825439453
46572,normal,842,2,1782358914.4074376,0.0021085739135742188
46573,normal,1178,0,1782358914.4094005,0.001962900161743164
46574,normal,943,2,1782358914.4112728,0.0018723011016845703
46575,normal,3574,0,1782358914.4136188,0.002346038818359375
46576,normal,608,0,1782358914.4153178,0.0016989707946777344
46577,normal,2113,0,1782358914.4174113,0.0020935535430908203
46578,normal,2600,0,1782358914.4194524,0.0020411014556884766
46579,normal,1884,0,1782358914.4214618,0.0020093917846679688
46580,normal,3030,0,1782358914.4233072,0.0018453598022460938
46581,normal,2025,0,1782358914.425549,0.002241849899291992
46582,normal,262,0,1782358914.4273438,0.0017948150634765625
46583,normal,459,0,1782358914.429314,0.001970052719116211
46584,normal,3476,0,1782358914.4314475,0.002133607864379883
46585,normal,1870,0,1782358914.4334612,0.002013683319091797
46586,normal,2308,0,1782358914.435313,0.001851797103881836
46587,normal,2876,0,1782358914.4374526,0.002139568328857422
46588,normal,1105,0,1782358914.4394395,0.001986980438232422
46589,normal,2058,0,1782358914.4413135,0.0018739700317382812
46590,normal,2511,0,1782358914.4434524,0.002138853073120117
46591,normal,3449,0,1782358914.4454725,0.002020120620727539
46592,normal,2184,0,1782358914.4472792,0.0018067359924316406
46593,normal,1334,1,1782358914.4495761,0.002296924591064453
46594,normal,1128,0,1782358914.4514353,0.0018591880798339844
46595,normal,2855,0,1782358914.453386,0.0019507408142089844
46596,normal,1188,0,1782358914.4555857,0.0021996498107910156
46597,normal,3587,0,1782358914.457477,0.0018913745880126953
46598,normal,2623,0,1782358914.4593062,0.0018291473388671875
46599,normal,3239,1,1782358914.4614632,0.002156972885131836
46600,normal,1816,0,1782358914.463378,0.0019147396087646484
46601,normal,1201,0,1782358914.465283,0.0019049644470214844
46602,normal,369,0,1782358914.467462,0.0021791458129882812
46603,normal,3645,0,1782358914.4693844,0.0019223690032958984
46604,normal,1313,0,1782358914.4712756,0.0018911361694335938
46605,normal,113,0,1782358914.4734664,0.002190828323364258
46606,normal,1935,0,1782358914.475391,0.0019245147705078125
46607,normal,3227,1,1782358914.4772758,0.0018849372863769531
46608,normal,2864,0,1782358914.479468,0.002192258834838867
46609,normal,727,0,1782358914.4813833,0.0019152164459228516
46610,normal,2567,0,1782358914.4832714,0.0018880367279052734
46611,normal,1584,0,1782358914.4854717,0.0022003650665283203
46612,normal,980,2,1782358914.4873855,0.0019137859344482422
46613,normal,2738,0,1782358914.4892747,0.0018892288208007812
46614,normal,2937,0,1782358914.491603,0.002328157424926758
46615,normal,2895,0,1782358914.493359,0.0017561912536621094
46616,normal,2063,0,1782358914.4952726,0.0019135475158691406
46617,normal,1102,0,1782358914.4974766,0.0022039413452148438
46618,normal,71,0,1782358914.4993877,0.001911163330078125
46619,normal,252,0,1782358914.5012753,0.0018875598907470703
46620,normal,2762,0,1782358914.5034766,0.0022013187408447266
46621,normal,2378,0,1782358914.5053847,0.0019080638885498047
46622,normal,1315,0,1782358914.507271,0.0018863677978515625
46623,normal,3328,1,1782358914.5095115,0.002240419387817383
46624,normal,3233,1,1782358914.511387,0.0018756389617919922
46625,normal,908,2,1782358914.513275,0.0018877983093261719
46626,normal,2477,0,1782358914.5154817,0.0022068023681640625
46627,normal,3044,0,1782358914.5173426,0.0018608570098876953
46628,normal,3323,1,1782358914.519273,0.0019304752349853516
46629,normal,211,0,1782358914.5214863,0.0022132396697998047
46630,normal,368,0,1782358914.523341,0.0018546581268310547
46631,normal,2013,0,1782358914.5252876,0.0019466876983642578
46632,normal,2714,0,1782358914.5274856,0.0021979808807373047
46633,normal,3080,1,1782358914.5293584,0.0018727779388427734
46634,normal,1507,0,1782358914.531273,0.0019145011901855469
46635,normal,579,0,1782358914.5334246,0.0021517276763916016
46636,normal,3473,0,1782358914.5353546,0.0019299983978271484
46637,normal,2606,0,1782358914.53728,0.0019254684448242188
46638,normal,542,0,1782358914.539493,0.002213001251220703
46639,normal,969,2,1782358914.5413594,0.0018663406372070312
46640,normal,3041,0,1782358914.5432844,0.0019249916076660156
46641,normal,813,2,1782358914.5454948,0.002210378646850586
46642,normal,3365,1,1782358914.5473537,0.0018589496612548828
46643,normal,2298,0,1782358914.5492747,0.001920938491821289
46644,normal,1272,0,1782358914.5514963,0.0022215843200683594
46645,normal,1299,0,1782358914.5533638,0.001867532730102539
46646,normal,1855,0,1782358914.5552719,0.0019080638885498047
46647,normal,1046,0,1782358914.5574994,0.0022275447845458984
46648,normal,1465,0,1782358914.5593653,0.0018658638000488281
46649,normal,578,0,1782358914.5612748,0.001909494400024414
46650,normal,1648,0,1782358914.5635014,0.002226591110229492
46651,normal,752,0,1782358914.5653648,0.0018634796142578125
46652,normal,946,2,1782358914.5672724,0.0019075870513916016
46653,normal,109,0,1782358914.569505,0.0022325515747070312
46654,normal,544,0,1782358914.571358,0.0018529891967773438
46655,normal,2826,0,1782358914.5732737,0.0019156932830810547
46656,normal,1503,0,1782358914.5755076,0.0022339820861816406
46657,normal,645,0,1782358914.5773666,0.0018589496612548828
46658,normal,2523,0,1782358914.579304,0.0019373893737792969
46659,normal,2647,0,1782358914.581513,0.0022089481353759766
46660,normal,2479,0,1782358914.5833619,0.0018489360809326172
46661,normal,2136,0,1782358914.5852728,0.0019109249114990234
46662,normal,192,0,1782358914.5875108,0.002238035202026367
46663,normal,2067,0,1782358914.5893586,0.0018477439880371094
46664,normal,421,0,1782358914.5912733,0.0019147396087646484
46665,normal,592,0,1782358914.593514,0.0022406578063964844
46666,normal,240,0,1782358914.5953565,0.001842498779296875
46667,normal,2625,0,1782358914.597288,0.0019314289093017578
46668,normal,3210,1,1782358914.5995162,0.002228260040283203
46669,normal,2408,0,1782358914.6013553,0.0018391609191894531
46670,normal,297,0,1782358914.6032732,0.0019178390502929688
46671,normal,64,0,1782358914.6055338,0.0022606849670410156
46672,normal,87,0,1782358914.6074336,0.00189971923828125
46673,normal,1664,0,1782358914.6092737,0.0018401145935058594
46674,normal,2142,0,1782358914.6114237,0.0021500587463378906
46675,normal,2688,0,1782358914.6133819,0.001958131790161133
46676,normal,2140,0,1782358914.615272,0.0018901824951171875
46677,normal,148,0,1782358914.6174266,0.0021545886993408203
46678,normal,2322,0,1782358914.6193569,0.00193023681640625
46679,normal,72,0,1782358914.621281,0.0019240379333496094
46680,normal,1901,0,1782358914.6234272,0.0021462440490722656
46681,normal,3633,0,1782358914.625359,0.001931905746459961
46682,normal,3098,1,1782358914.6272714,0.0019123554229736328
46683,normal,672,0,1782358914.6294246,0.002153158187866211
46684,normal,1291,0,1782358914.6313596,0.0019350051879882812
46685,normal,1019,2,1782358914.633273,0.001913309097290039
46686,normal,460,0,1782358914.6354318,0.0021588802337646484
46687,normal,1828,0,1782358914.6373713,0.001939535140991211
46688,normal,3508,0,1782358914.639272,0.0019006729125976562
46689,normal,359,0,1782358914.6414354,0.002163410186767578
46690,normal,603,0,1782358914.6434908,0.0020554065704345703
46691,normal,1476,0,1782358914.6452744,0.001783609390258789
46692,normal,2648,0,1782358914.6474366,0.0021622180938720703
46693,normal,2074,0,1782358914.649416,0.001979351043701172
46694,normal,1629,0,1782358914.6512682,0.001852273941040039
46695,normal,2607,0,1782358914.6534414,0.002173185348510742
46696,normal,563,0,1782358914.6553688,0.0019273757934570312
46697,normal,1246,0,1782358914.6572733,0.0019044876098632812
46698,normal,2425,0,1782358914.6594434,0.002170085906982422
46699,normal,1582,0,1782358914.6613858,0.0019423961639404297
46700,normal,2868,0,1782358914.6632736,0.0018877983093261719
46701,normal,2485,0,1782358914.6654468,0.002173185348510742
46702,normal,1164,0,1782358914.6673775,0.0019307136535644531
46703,normal,2297,0,1782358914.6692758,0.0018982887268066406
46704,normal,2631,0,1782358914.6714492,0.0021734237670898438
46705,normal,2512,0,1782358914.6733763,0.0019271373748779297
46706,normal,2846,0,1782358914.6752737,0.0018973350524902344
46707,normal,977,2,1782358914.677451,0.0021772384643554688
46708,normal,1652,0,1782358914.679369,0.0019180774688720703
46709,normal,2691,0,1782358914.6813073,0.0019383430480957031
46710,normal,643,0,1782358914.6834521,0.0021448135375976562
46711,normal,3550,0,1782358914.68537,0.0019178390502929688
46712,normal,2503,0,1782358914.6872742,0.0019042491912841797
46713,normal,1168,0,1782358914.6894567,0.002182483673095703
46714,normal,966,2,1782358914.6913707,0.0019140243530273438
46715,normal,1715,0,1782358914.6932724,0.0019016265869140625
46716,normal,2948,0,1782358914.6954572,0.0021848678588867188
46717,normal,3567,0,1782358914.6973908,0.0019335746765136719
46718,normal,528,0,1782358914.6992784,0.0018875598907470703
46719,normal,2814,0,1782358914.7014608,0.002182483673095703
46720,normal,93,0,1782358914.7033644,0.001903533935546875
46721,normal,2539,0,1782358914.7052732,0.0019087791442871094
46722,normal,3530,0,1782358914.7074616,0.002188444137573242
46723,normal,1890,0,1782358914.7093616,0.0018999576568603516
46724,normal,3459,0,1782358914.7112772,0.0019156932830810547
46725,normal,3465,0,1782358914.713466,0.0021886825561523438
46726,normal,1194,0,1782358914.7153578,0.0018918514251708984
46727,normal,1754,0,1782358914.717274,0.0019161701202392578
46728,normal,1241,0,1782358914.719466,0.0021920204162597656
46729,normal,3250,1,1782358914.7213678,0.001901865005493164
46730,normal,2524,0,1782358914.723273,0.001905202865600586
46731,normal,782,2,1782358914.7254705,0.0021975040435791016
46732,normal,3518,0,1782358914.7273877,0.001917123794555664
46733,normal,961,2,1782358914.7292736,0.0018858909606933594
46734,normal,2586,0,1782358914.7314496,0.002176046371459961
46735,normal,653,0,1782358914.733369,0.0019195079803466797
46736,normal,2975,0,1782358914.7352738,0.0019047260284423828
46737,normal,2464,0,1782358914.7374418,0.002167940139770508
46738,normal,1659,0,1782358914.739383,0.0019412040710449219
46739,normal,1593,0,1782358914.7417822,0.0023992061614990234
46740,normal,348,0,1782358914.7432644,0.001482248306274414
46741,normal,2045,0,1782358914.745272,0.0020074844360351562
46742,normal,2875,0,1782358914.7474225,0.0021505355834960938
46743,normal,3695,0,1782358914.7493258,0.0019032955169677734
46744,normal,1058,0,1782358914.7514305,0.0021047592163085938
46745,normal,1968,0,1782358914.753273,0.001842498779296875
46746,normal,1100,0,1782358914.7554798,0.0022068023681640625
46747,normal,5,0,1782358914.7572742,0.0017943382263183594
46748,normal,272,0,1782358914.759422,0.0021479129791259766
46749,normal,3357,1,1782358914.7612715,0.0018494129180908203
46750,normal,60,0,1782358914.763431,0.002159595489501953
46751,normal,1005,2,1782358914.7652817,0.0018506050109863281
46752,normal,2212,0,1782358914.7674868,0.0022051334381103516
46753,normal,1693,0,1782358914.7692745,0.0017876625061035156
46754,normal,3275,1,1782358914.7712712,0.001996755599975586
46755,normal,1220,0,1782358914.7734885,0.0022172927856445312
46756,normal,1304,0,1782358914.7752876,0.0017991065979003906
46757,normal,3375,1,1782358914.7774286,0.0021409988403320312
46758,normal,3107,1,1782358914.7793386,0.0019099712371826172
46759,normal,3682,0,1782358914.781426,0.0020873546600341797
46760,normal,362,0,1782358914.7832737,0.0018477439880371094
46761,normal,572,0,1782358914.7854936,0.0022199153900146484
46762,normal,1172,0,1782358914.7873354,0.0018417835235595703
46763,normal,2707,0,1782358914.7892725,0.0019371509552001953
46764,normal,1577,0,1782358914.7914965,0.002223968505859375
46765,normal,804,2,1782358914.7933416,0.0018451213836669922
46766,normal,254,0,1782358914.795275,0.0019333362579345703
46767,normal,590,0,1782358914.7974987,0.0022237300872802734
46768,normal,1834,0,1782358914.799343,0.0018444061279296875
46769,normal,874,2,1782358914.801273,0.0019299983978271484
46770,normal,2667,0,1782358914.8034997,0.002226591110229492
46771,normal,1996,0,1782358914.805351,0.0018513202667236328
46772,normal,1853,0,1782358914.807273,0.0019218921661376953
46773,normal,1118,0,1782358914.8095033,0.002230405807495117
46774,normal,1874,0,1782358914.8113382,0.001834869384765625
46775,normal,2880,0,1782358914.8132718,0.0019335746765136719
46776,normal,2389,0,1782358914.8154364,0.002164602279663086
46777,normal,2185,0,1782358914.817349,0.0019125938415527344
46778,normal,3335,1,1782358914.8192735,0.0019245147705078125
46779,normal,1039,0,1782358914.8215091,0.0022356510162353516
46780,normal,632,0,1782358914.823348,0.0018389225006103516
46781,normal,1806,0,1782358914.825273,0.0019249916076660156
46782,normal,1710,0,1782358914.8275104,0.0022373199462890625
46783,normal,1708,0,1782358914.8293452,0.001834869384765625
46784,normal,2961,0,1782358914.831272,0.0019266605377197266
46785,normal,397,0,1782358914.8332663,0.0019943714141845703
46786,normal,1248,0,1782358914.835429,0.0021626949310302734
46787,normal,998,2,1782358914.8372731,0.001844167709350586
46788,normal,2839,0,1782358914.8395154,0.0022423267364501953
46789,normal,2516,0,1782358914.8414547,0.0019392967224121094
46790,normal,3312,1,1782358914.8432744,0.001819610595703125
46791,normal,2007,0,1782358914.8454745,0.0022001266479492188
46792,normal,2748,0,1782358914.8473952,0.0019207000732421875
46793,normal,3281,1,1782358914.8492854,0.0018901824951171875
46794,normal,3091,1,1782358914.851368,0.0020825862884521484
46795,normal,2358,0,1782358914.853429,0.002061128616333008
46796,normal,1880,0,1782358914.8552794,0.0018503665924072266
46797,normal,3468,0,1782358914.8574562,0.0021767616271972656
46798,normal,1716,0,1782358914.8593445,0.001888275146484375
46799,normal,469,0,1782358914.861277,0.0019326210021972656
46800,normal,3691,0,1782358914.8634295,0.0021524429321289062
46801,normal,399,0,1782358914.8653564,0.0019268989562988281
46802,normal,2278,0,1782358914.8672748,0.0019183158874511719
46803,normal,1462,0,1782358914.8694313,0.002156496047973633
46804,normal,1711,0,1782358914.871352,0.0019207000732421875
46805,normal,1796,0,1782358914.8732753,0.0019233226776123047
46806,normal,2056,0,1782358914.8754318,0.002156496047973633
46807,normal,2541,0,1782358914.8773484,0.001916646957397461
46808,normal,2119,0,1782358914.8792725,0.0019240379333496094
46809,normal,2225,0,1782358914.8814342,0.002161741256713867
46810,normal,834,2,1782358914.8833487,0.0019145011901855469
46811,normal,767,0,1782358914.8852718,0.0019230842590332031
46812,normal,97,0,1782358914.8874369,0.002165079116821289
46813,normal,1167,0,1782358914.8893442,0.0019073486328125
46814,normal,3230,1,1782358914.891273,0.0019288063049316406
46815,normal,2761,0,1782358914.893441,0.002167940139770508
46816,normal,2726,0,1782358914.8953724,0.0019314289093017578
46817,normal,2260,0,1782358914.8972728,0.0019004344940185547
46818,normal,2454,0,1782358914.8994427,0.0021698474884033203
46819,normal,1695,0,1782358914.9013717,0.0019290447235107422
46820,normal,1296,0,1782358914.9032748,0.0019030570983886719
46821,normal,2296,0,1782358914.9054444,0.0021696090698242188
46822,normal,103,0,1782358914.9073431,0.0018987655639648438
46823,normal,2352,0,1782358914.9092846,0.0019414424896240234
46824,normal,1211,0,1782358914.9114475,0.002162933349609375
46825,normal,1264,0,1782358914.913369,0.0019214153289794922
46826,normal,1822,0,1782358914.9152732,0.0019042491912841797
46827,normal,1285,0,1782358914.9174495,0.0021762847900390625
46828,normal,382,0,1782358914.9193373,0.0018877983093261719
46829,normal,2268,0,1782358914.9212713,0.001934051513671875
46830,normal,3439,0,1782358914.9234521,0.002180814743041992
46831,normal,2837,0,1782358914.925333,0.0018808841705322266
46832,normal,985,2,1782358914.9274402,0.0021071434020996094
46833,normal,2462,0,1782358914.929284,0.0018439292907714844
46834,normal,352,0,1782358914.9314353,0.0021512508392333984
46835,normal,3191,1,1782358914.933297,0.001861572265625
46836,normal,106,0,1782358914.9354494,0.0021524429321289062
46837,normal,3699,0,1782358914.937354,0.0019047260284423828
46838,normal,2385,0,1782358914.939297,0.0019428730010986328
46839,normal,863,2,1782358914.941362,0.002064943313598633
46840,normal,1628,0,1782358914.9432626,0.0019006729125976562
46841,normal,1998,0,1782358914.945449,0.0021865367889404297
46842,normal,386,0,1782358914.947266,0.0018169879913330078
46843,normal,2565,0,1782358914.9494114,0.0021452903747558594
46844,normal,2675,0,1782358914.951249,0.0018374919891357422
46845,normal,3221,1,1782358914.9534662,0.0022172927856445312
46846,normal,2635,0,1782358914.9553604,0.001894235610961914
46847,normal,1679,0,1782358914.9572723,0.0019118785858154297
46848,normal,1592,0,1782358914.9593177,0.0020453929901123047
46849,normal,2269,0,1782358914.961431,0.00211334228515625
46850,normal,2270,0,1782358914.9632738,0.0018427371978759766
46851,normal,2922,0,1782358914.965471,0.002197265625
46852,normal,2736,0,1782358914.967363,0.00189208984375
46853,normal,1273,0,1782358914.969274,0.0019109249114990234
46854,normal,3021,0,1782358914.971494,0.0022199153900146484
46855,normal,495,0,1782358914.9733438,0.0018498897552490234
46856,normal,1408,0,1782358914.975274,0.00193023681640625
46857,normal,1553,0,1782358914.9774754,0.0022013187408447266
46858,normal,328,0,1782358914.9793627,0.0018873214721679688
46859,normal,2481,0,1782358914.9812768,0.0019140243530273438
46860,normal,1897,0,1782358914.9834905,0.002213716506958008
46861,normal,1888,0,1782358914.9853399,0.0018494129180908203
46862,normal,2803,0,1782358914.9872746,0.0019347667694091797
46863,normal,2906,0,1782358914.9894187,0.0021440982818603516
46864,normal,1153,0,1782358914.9913373,0.0019185543060302734
46865,normal,1617,0,1782358914.9932733,0.0019359588623046875
46866,normal,614,0,1782358914.9954836,0.002210378646850586
46867,normal,1862,0,1782358914.9973435,0.001859903335571289
46868,normal,1380,1,1782358914.9993277,0.001984119415283203
46869,normal,1601,0,1782358915.0014856,0.002157926559448242
46870,normal,2034,0,1782358915.0033343,0.0018486976623535156
46871,normal,3463,0,1782358915.005274,0.0019397735595703125
46872,normal,1953,0,1782358915.0074325,0.0021584033966064453
46873,normal,2238,0,1782358915.0093565,0.0019240379333496094
46874,normal,238,0,1782358915.011283,0.001926422119140625
46875,normal,2684,0,1782358915.0134902,0.0022072792053222656
46876,normal,2109,0,1782358915.0153267,0.001836538314819336
46877,normal,2872,0,1782358915.0172787,0.0019519329071044922
46878,normal,931,2,1782358915.0194938,0.002215147018432617
46879,normal,2940,0,1782358915.0214112,0.0019173622131347656
46880,normal,2661,0,1782358915.0233483,0.0019371509552001953
46881,normal,1411,0,1782358915.025496,0.002147674560546875
46882,normal,3153,1,1782358915.027345,0.0018489360809326172
46883,normal,759,0,1782358915.0292757,0.0019307136535644531
46884,normal,3290,1,1782358915.0314965,0.0022208690643310547
46885,normal,1957,0,1782358915.0333314,0.001834869384765625
46886,normal,3488,0,1782358915.0352733,0.0019419193267822266
46887,normal,261,0,1782358915.0374987,0.0022253990173339844
46888,normal,1700,0,1782358915.0394018,0.0019030570983886719
46889,normal,1489,0,1782358915.0412831,0.0018813610076904297
46890,normal,2150,0,1782358915.0435019,0.0022187232971191406
46891,normal,583,0,1782358915.0454242,0.0019223690032958984
46892,normal,2579,0,1782358915.0473127,0.0018885135650634766
46893,normal,3142,1,1782358915.049505,0.002192258834838867
46894,normal,1430,0,1782358915.0513105,0.0018055438995361328
46895,normal,2794,0,1782358915.0534296,0.0021190643310546875
46896,normal,1060,0,1782358915.0552633,0.0018336772918701172
46897,normal,2685,0,1782358915.0574644,0.002201080322265625
46898,normal,3058,1,1782358915.0592773,0.0018129348754882812
46899,normal,1179,0,1782358915.06151,0.002232789993286133
46900,normal,1755,0,1782358915.0634084,0.0018982887268066406
46901,normal,2887,0,1782358915.0652912,0.001882791519165039
46902,normal,2812,0,1782358915.0675108,0.002219676971435547
46903,normal,1117,0,1782358915.0694087,0.0018978118896484375
46904,normal,2921,0,1782358915.071276,0.0018672943115234375
46905,normal,604,0,1782358915.073513,0.002237081527709961
46906,normal,3535,0,1782358915.075414,0.0019009113311767578
46907,normal,2010,0,1782358915.0772796,0.0018656253814697266
46908,normal,2381,0,1782358915.0795162,0.002236604690551758
46909,normal,2362,0,1782358915.0814173,0.0019011497497558594
46910,normal,1549,0,1782358915.0832784,0.0018610954284667969
46911,normal,644,0,1782358915.0854976,0.0022192001342773438
46912,normal,3552,0,1782358915.087422,0.001924276351928711
46913,normal,1307,0,1782358915.0892904,0.0018684864044189453
46914,normal,934,2,1782358915.0914497,0.0021593570709228516
46915,normal,3678,0,1782358915.093336,0.0018863677978515625
46916,normal,1895,0,1782358915.0952718,0.001935720443725586
46917,normal,1314,0,1782358915.0974271,0.002155303955078125
46918,normal,749,0,1782358915.0994194,0.0019922256469726562
46919,normal,797,2,1782358915.1012886,0.00186920166015625
46920,normal,1650,0,1782358915.1034288,0.0021402835845947266
46921,normal,432,0,1782358915.105347,0.0019180774688720703
46922,normal,2101,0,1782358915.1072745,0.0019276142120361328
46923,normal,2815,0,1782358915.1094248,0.002150297164916992
46924,normal,2680,0,1782358915.1113641,0.0019392967224121094
46925,normal,561,0,1782358915.1132727,0.0019085407257080078
46926,normal,2716,0,1782358915.1154346,0.0021619796752929688
46927,normal,500,0,1782358915.1173341,0.0018994808197021484
46928,normal,806,2,1782358915.1192741,0.001940011978149414
46929,normal,916,2,1782358915.1214359,0.002161741256713867
46930,normal,1074,0,1782358915.1233447,0.0019087791442871094
46931,normal,3685,0,1782358915.1252732,0.001928567886352539
46932,normal,1250,0,1782358915.127439,0.0021657943725585938
46933,normal,2376,0,1782358915.1293442,0.001905202865600586
46934,normal,3199,1,1782358915.1312745,0.00193023681640625
46935,normal,3263,1,1782358915.1334243,0.002149820327758789
46936,normal,1962,0,1782358915.1353242,0.0018999576568603516
46937,normal,847,2,1782358915.1372747,0.0019505023956298828
46938,normal,1422,0,1782358915.1394436,0.002168893814086914
46939,normal,2343,0,1782358915.1413386,0.0018949508666992188
46940,normal,2117,0,1782358915.143275,0.0019364356994628906
46941,normal,3650,0,1782358915.1454473,0.002172231674194336
46942,normal,1455,0,1782358915.147358,0.0019106864929199219
46943,normal,3693,0,1782358915.1492734,0.0019154548645019531
46944,normal,1069,0,1782358915.1514518,0.0021784305572509766
46945,normal,1857,0,1782358915.1533303,0.001878499984741211
46946,normal,1341,1,1782358915.1552734,0.0019431114196777344
46947,normal,236,0,1782358915.1574507,0.0021772384643554688
46948,normal,2520,0,1782358915.159327,0.0018763542175292969
46949,normal,1984,0,1782358915.1612728,0.0019457340240478516
46950,normal,419,0,1782358915.1634526,0.002179861068725586
46951,normal,3258,1,1782358915.1653376,0.0018849372863769531
46952,normal,3305,1,1782358915.1672812,0.0019435882568359375
46953,normal,1510,0,1782358915.1694553,0.0021741390228271484
46954,normal,2694,0,1782358915.1713243,0.0018689632415771484
46955,normal,1623,0,1782358915.173274,0.0019497871398925781
46956,normal,3433,0,1782358915.1754262,0.0021522045135498047
46957,normal,3505,0,1782358915.1773274,0.0019011497497558594
46958,normal,1800,0,1782358915.1792734,0.0019459724426269531
46959,normal,3326,1,1782358915.1814613,0.002187967300415039
46960,normal,3055,1,1782358915.1833577,0.0018963813781738281
46961,normal,1734,0,1782358915.1852722,0.0019145011901855469
46962,normal,416,0,1782358915.187401,0.0021288394927978516
46963,normal,282,0,1782358915.1893225,0.0019214153289794922
46964,normal,811,2,1782358915.191327,0.0020046234130859375
46965,normal,531,0,1782358915.1934648,0.0021376609802246094
46966,normal,503,0,1782358915.195322,0.0018572807312011719
46967,normal,207,0,1782358915.197274,0.0019519329071044922
46968,normal,3351,1,1782358915.1994672,0.0021932125091552734
46969,normal,3668,0,1782358915.2013197,0.0018525123596191406
46970,normal,1739,0,1782358915.2032719,0.0019521713256835938
46971,normal,1173,0,1782358915.2054694,0.0021975040435791016
46972,normal,1508,0,1782358915.207344,0.001874685287475586
46973,normal,676,0,1782358915.2092762,0.0019321441650390625
46974,normal,2490,0,1782358915.211473,0.002196788787841797
46975,normal,2033,0,1782358915.2133188,0.0018458366394042969
46976,normal,258,0,1782358915.2152746,0.001955747604370117
46977,normal,2849,0,1782358915.2174757,0.002201080322265625
46978,normal,3045,1,1782358915.219316,0.001840353012084961
46979,normal,1034,0,1782358915.2212737,0.0019576549530029297
46980,normal,2096,0,1782358915.223478,0.002204418182373047
46981,normal,2654,0,1782358915.2253199,0.0018417835235595703
46982,normal,387,0,1782358915.2272725,0.0019526481628417969
46983,normal,2755,0,1782358915.2294815,0.0022089481353759766
46984,normal,1519,0,1782358915.2313433,0.0018618106842041016
46985,normal,2608,0,1782358915.233273,0.0019297599792480469
46986,normal,384,0,1782358915.2354836,0.0022106170654296875
46987,normal,3557,0,1782358915.2373285,0.0018448829650878906
46988,normal,2836,0,1782358915.2392735,0.0019450187683105469
46989,normal,1731,0,1782358915.2414849,0.002211332321166992
46990,normal,234,0,1782358915.2433202,0.0018353462219238281
46991,normal,3406,0,1782358915.2452798,0.001959562301635742
46992,normal,959,2,1782358915.2474895,0.0022096633911132812
46993,normal,3346,1,1782358915.2492788,0.0017893314361572266
46994,normal,2233,0,1782358915.251287,0.002008199691772461
46995,normal,2526,0,1782358915.2534893,0.002202272415161133
46996,normal,1370,1,1782358915.2553186,0.001829385757446289
46997,normal,154,0,1782358915.257278,0.0019593238830566406
46998,normal,889,2,1782358915.2596104,0.002332448959350586
46999,normal,326,0,1782358915.2614212,0.0018107891082763672
47000,normal,2960,0,1782358915.2634244,0.002003192901611328
47001,normal,1244,0,1782358915.2654757,0.0020513534545898438
47002,normal,1925,0,1782358915.2674649,0.001989126205444336
47003,normal,474,0,1782358915.2694163,0.001951456069946289
47004,normal,2983,0,1782358915.2714775,0.002061128616333008
47005,normal,2445,0,1782358915.2733734,0.001895904541015625
47006,normal,1010,2,1782358915.27533,0.0019567012786865234
47007,normal,2436,0,1782358915.2775085,0.0021784305572509766
47008,normal,3291,1,1782358915.279318,0.0018095970153808594
47009,normal,620,0,1782358915.2812734,0.001955270767211914
47010,normal,2274,0,1782358915.28342,0.0021467208862304688
47011,normal,862,2,1782358915.2853956,0.001975536346435547
47012,normal,356,0,1782358915.2872632,0.001867532730102539
47013,normal,279,0,1782358915.2895048,0.0022416114807128906
47014,normal,2795,0,1782358915.2913165,0.0018117427825927734
47015,normal,2831,0,1782358915.293445,0.00212860107421875
47016,normal,2531,0,1782358915.295513,0.0020678043365478516
47017,normal,2710,0,1782358915.2974033,0.001890420913696289
47018,normal,99,0,1782358915.2994244,0.0020210742950439453
47019,normal,3018,0,1782358915.301579,0.0021545886993408203
47020,normal,350,0,1782358915.303305,0.001725912094116211
47021,normal,738,0,1782358915.3055704,0.002265453338623047
47022,normal,108,0,1782358915.3074598,0.0018894672393798828
47023,normal,147,0,1782358915.3094265,0.001966714859008789
47024,normal,2571,0,1782358915.3113084,0.0018818378448486328
47025,normal,1287,0,1782358915.3135226,0.002214193344116211
47026,normal,70,0,1782358915.3153355,0.0018129348754882812
47027,normal,407,0,1782358915.3172753,0.0019397735595703125
47028,normal,301,0,1782358915.319275,0.0019996166229248047
47029,normal,1373,1,1782358915.3214319,0.002156972885131836
47030,normal,3104,1,1782358915.3232887,0.0018568038940429688
47031,normal,2674,0,1782358915.3254874,0.0021986961364746094
47032,normal,1791,0,1782358915.32732,0.001832723617553711
47033,normal,3161,1,1782358915.329274,0.0019538402557373047
47034,normal,1400,0,1782358915.331423,0.0021491050720214844
47035,normal,1279,0,1782358915.3333151,0.00189208984375
47036,normal,995,2,1782358915.335273,0.0019578933715820312
47037,normal,480,0,1782358915.3374262,0.002153158187866211
47038,normal,2989,0,1782358915.339442,0.002015829086303711
47039,normal,447,0,1782358915.341643,0.002201080322265625
47040,normal,1794,0,1782358915.343478,0.001834869384765625
47041,normal,789,2,1782358915.345464,0.0019860267639160156
47042,normal,159,0,1782358915.3474178,0.0019538402557373047
47043,normal,2078,0,1782358915.3495512,0.0021333694458007812
47044,normal,372,0,1782358915.3513029,0.0017516613006591797
47045,normal,1934,0,1782358915.3534656,0.0021626949310302734
47046,normal,2450,0,1782358915.35538,0.0019145011901855469
47047,normal,2182,0,1782358915.3574367,0.002056598663330078
47048,normal,1185,0,1782358915.3592978,0.0018610954284667969
47049,normal,2956,0,1782358915.361458,0.002160310745239258
47050,normal,52,0,1782358915.363277,0.0018188953399658203
47051,normal,2807,0,1782358915.3654559,0.0021789073944091797
47052,normal,2777,0,1782358915.3673844,0.001928567886352539
47053,normal,3519,0,1782358915.3694367,0.00205230712890625
47054,normal,1239,0,1782358915.3712974,0.0018606185913085938
47055,normal,1377,1,1782358915.3733888,0.0020914077758789062
47056,normal,691,0,1782358915.375277,0.001888275146484375
47057,normal,2597,0,1782358915.377447,0.0021698474884033203
47058,normal,3435,0,1782358915.3793907,0.001943826675415039
47059,normal,2254,0,1782358915.3814352,0.0020444393157958984
47060,normal,610,0,1782358915.383301,0.0018658638000488281
47061,normal,1376,1,1782358915.3854847,0.002183675765991211
47062,normal,929,2,1782358915.3873374,0.0018527507781982422
47063,normal,2019,0,1782358915.3893023,0.0019648075103759766
47064,normal,2718,0,1782358915.3917518,0.002449512481689453
47065,normal,59,0,1782358915.3933146,0.0015628337860107422
47066,normal,589,0,1782358915.395447,0.002132415771484375
47067,normal,3111,1,1782358915.397299,0.0018520355224609375
47068,normal,3620,0,1782358915.3994348,0.002135753631591797
47069,normal,1448,0,1782358915.4013045,0.0018696784973144531
47070,normal,1690,0,1782358915.4035344,0.002229928970336914
47071,normal,1824,0,1782358915.4053304,0.0017960071563720703
47072,normal,3316,1,1782358915.4074516,0.0021212100982666016
47073,normal,2089,0,1782358915.409455,0.0020034313201904297
47074,normal,1251,0,1782358915.4113996,0.0019445419311523438
47075,normal,1071,0,1782358915.4135807,0.0021810531616210938
47076,normal,2006,0,1782358915.415369,0.0017883777618408203
47077,normal,1940,0,1782358915.417375,0.002006053924560547
47078,normal,1902,0,1782358915.4193146,0.001939535140991211
47079,normal,1298,0,1782358915.421462,0.0021474361419677734
47080,normal,2496,0,1782358915.4233718,0.0019097328186035156
47081,normal,2627,0,1782358915.4252758,0.0019040107727050781
47082,normal,3255,1,1782358915.4274654,0.00218963623046875
47083,normal,710,0,1782358915.4293182,0.0018527507781982422
47084,normal,2634,0,1782358915.431274,0.001955747604370117
47085,normal,3414,0,1782358915.4334247,0.0021507740020751953
47086,normal,2917,0,1782358915.4353123,0.0018875598907470703
47087,normal,405,0,1782358915.4372778,0.0019655227661132812
47088,normal,1775,0,1782358915.4394698,0.0021920204162597656
47089,normal,2386,0,1782358915.441318,0.0018482208251953125
47090,normal,255,0,1782358915.443275,0.001956939697265625
47091,normal,1645,0,1782358915.4454753,0.0022003650665283203
47092,normal,2577,0,1782358915.447475,0.0019996166229248047
47093,normal,3132,1,1782358915.4492643,0.0017893314361572266
47094,normal,2263,0,1782358915.4514751,0.002210855484008789
47095,normal,18,0,1782358915.4533236,0.001848459243774414
47096,normal,2210,0,1782358915.4552755,0.0019519329071044922
47097,normal,2943,0,1782358915.457477,0.002201557159423828
47098,normal,1449,0,1782358915.4593072,0.0018301010131835938
47099,normal,1159,0,1782358915.4612994,0.0019922256469726562
47100,normal,2204,0,1782358915.4634838,0.0021843910217285156
47101,normal,1697,0,1782358915.4653056,0.001821756362915039
47102,normal,871,2,1782358915.4672754,0.0019698143005371094
47103,normal,993,2,1782358915.4694817,0.0022063255310058594
47104,normal,1569,0,1782358915.4713032,0.0018215179443359375
47105,normal,701,0,1782358915.4732862,0.0019829273223876953
47106,normal,3577,0,1782358915.4754844,0.0021982192993164062
47107,normal,172,0,1782358915.477309,0.0018246173858642578
47108,normal,1217,0,1782358915.479283,0.0019741058349609375
47109,normal,2153,0,1782358915.481487,0.0022039413452148438
47110,normal,2800,0,1782358915.4833074,0.0018203258514404297
47111,normal,1540,0,1782358915.4852762,0.001968860626220703
47112,normal,3677,0,1782358915.4874878,0.0022115707397460938
47113,normal,2134,0,1782358915.489318,0.0018301010131835938
47114,normal,2232,0,1782358915.4912744,0.001956462860107422
47115,normal,527,0,1782358915.4934914,0.0022170543670654297
47116,normal,2879,0,1782358915.4953005,0.0018091201782226562
47117,normal,3615,0,1782358915.4974265,0.002125978469848633
47118,normal,3690,0,1782358915.499342,0.0019154548645019531
47119,normal,2589,0,1782358915.5014327,0.0020906925201416016
47120,normal,3464,0,1782358915.5032744,0.0018417835235595703
47121,normal,744,0,1782358915.5054955,0.0022211074829101562
47122,normal,972,2,1782358915.5073466,0.0018510818481445312
47123,normal,2029,0,1782358915.5092876,0.0019409656524658203
47124,normal,1556,0,1782358915.511752,0.00246429443359375
47125,normal,2478,0,1782358915.5133317,0.0015797615051269531
47126,normal,853,2,1782358915.5155525,0.0022208690643310547
47127,normal,2032,0,1782358915.5174844,0.001931905746459961
47128,normal,2899,0,1782358915.5194666,0.0019822120666503906
47129,normal,2177,0,1782358915.5214207,0.0019540786743164062
47130,normal,2861,0,1782358915.52355,0.0021293163299560547
47131,normal,2537,0,1782358915.5252976,0.0017476081848144531
47132,normal,3139,1,1782358915.5273077,0.0020101070404052734
47133,normal,1428,0,1782358915.5294318,0.0021240711212158203
47134,normal,684,0,1782358915.5313537,0.0019218921661376953
47135,normal,2102,0,1782358915.533274,0.0019202232360839844
47136,normal,2444,0,1782358915.535507,0.0022330284118652344
47137,normal,1595,0,1782358915.5373032,0.0017962455749511719
47138,normal,794,2,1782358915.539275,0.001971721649169922
47139,normal,2080,0,1782358915.5415523,0.002277374267578125
47140,normal,582,0,1782358915.5433083,0.0017559528350830078
47141,normal,2791,0,1782358915.5452871,0.0019788742065429688
47142,normal,2588,0,1782358915.5475144,0.002227306365966797
47143,normal,623,0,1782358915.5492976,0.001783132553100586
47144,normal,2941,0,1782358915.5512745,0.0019769668579101562
47145,normal,918,2,1782358915.5535166,0.0022420883178710938
47146,normal,1730,0,1782358915.5552988,0.0017821788787841797
47147,normal,1655,0,1782358915.5572798,0.001981019973754883
47148,normal,1200,0,1782358915.559518,0.0022382736206054688
47149,normal,3689,0,1782358915.561298,0.001779794692993164
47150,normal,2179,0,1782358915.5632768,0.0019788742065429688
47151,normal,2176,0,1782358915.5654619,0.0021851062774658203
47152,normal,1237,0,1782358915.5672932,0.0018312931060791016
47153,normal,319,0,1782358915.5694234,0.002130270004272461
47154,normal,2752,0,1782358915.5712748,0.0018513202667236328
47155,normal,2315,0,1782358915.5734296,0.002154827117919922
47156,normal,1143,0,1782358915.5752742,0.001844644546508789
47157,normal,2008,0,1782358915.5774295,0.002155303955078125
47158,normal,378,0,1782358915.5792902,0.0018606185913085938
47159,normal,3419,0,1782358915.581427,0.0021369457244873047
47160,normal,1405,0,1782358915.5832782,0.0018510818481445312
47161,normal,633,0,1782358915.5854304,0.0021522045135498047
47162,normal,1374,1,1782358915.5873027,0.0018723011016845703
47163,normal,122,0,1782358915.5894346,0.002131938934326172
47164,normal,1271,0,1782358915.5913095,0.0018749237060546875
47165,normal,1055,0,1782358915.5932736,0.001964092254638672
47166,normal,494,0,1782358915.5954366,0.002162933349609375
47167,normal,295,0,1782358915.5973039,0.0018672943115234375
47168,normal,2619,0,1782358915.5992737,0.0019698143005371094
47169,normal,1747,0,1782358915.6014385,0.0021648406982421875
47170,normal,2097,0,1782358915.603298,0.001859426498413086
47171,normal,364,0,1782358915.605276,0.001978158950805664
47172,normal,3400,1,1782358915.6074398,0.0021636486053466797
47173,normal,1997,0,1782358915.6092992,0.001859426498413086
47174,normal,490,0,1782358915.6112738,0.0019745826721191406
47175,normal,917,2,1782358915.6134439,0.002170085906982422
47176,normal,1157,0,1782358915.6152978,0.00185394287109375
47177,normal,1269,0,1782358915.6172738,0.00197601318359375
47178,normal,625,0,1782358915.619445,0.0021712779998779297
47179,normal,2022,0,1782358915.6213381,0.0018930435180664062
47180,normal,2650,0,1782358915.623274,0.0019359588623046875
47181,normal,1881,0,1782358915.6254482,0.0021741390228271484
47182,normal,1318,0,1782358915.6273184,0.0018701553344726562
47183,normal,104,0,1782358915.629278,0.001959562301635742
47184,normal,3395,1,1782358915.63145,0.0021719932556152344
47185,normal,1685,0,1782358915.633328,0.0018780231475830078
47186,normal,1570,0,1782358915.6352782,0.0019502639770507812
47187,normal,2860,0,1782358915.6374547,0.002176523208618164
47188,normal,3090,1,1782358915.6393085,0.0018537044525146484
47189,normal,3214,1,1782358915.641273,0.001964569091796875
47190,normal,1632,0,1782358915.6434553,0.0021822452545166016
47191,normal,1732,0,1782358915.645308,0.0018527507781982422
47192,normal,0,0,1782358915.6474655,0.002157449722290039
47193,normal,1135,0,1782358915.64942,0.0019545555114746094
47194,normal,226,0,1782358915.6514564,0.0020363330841064453
47195,normal,1598,0,1782358915.6534176,0.001961231231689453
47196,normal,1753,0,1782358915.6555755,0.002157926559448242
47197,normal,1051,0,1782358915.657436,0.0018603801727294922
47198,normal,1920,0,1782358915.6593173,0.0018813610076904297
47199,normal,3376,1,1782358915.6614685,0.0021512508392333984
47200,normal,2398,0,1782358915.663318,0.0018494129180908203
47201,normal,381,0,1782358915.665278,0.0019600391387939453
47202,normal,3497,0,1782358915.6674716,0.0021936893463134766
47203,normal,3189,1,1782358915.6693308,0.0018591880798339844
47204,normal,2652,0,1782358915.671276,0.0019452571868896484
47205,normal,2126,0,1782358915.6734169,0.0021407604217529297
47206,normal,436,0,1782358915.675315,0.001898050308227539
47207,normal,2353,0,1782358915.677285,0.001970052719116211
47208,normal,2773,0,1782358915.6794772,0.002192258834838867
47209,normal,953,2,1782358915.6813142,0.001837015151977539
47210,normal,841,2,1782358915.6832786,0.0019643306732177734
47211,normal,584,0,1782358915.6854768,0.0021982192993164062
47212,normal,3261,1,1782358915.6873155,0.00183868408203125
47213,normal,318,0,1782358915.689277,0.0019614696502685547
47214,normal,441,0,1782358915.6914804,0.0022034645080566406
47215,normal,746,0,1782358915.6933098,0.001829385757446289
47216,normal,2809,0,1782358915.6952763,0.0019664764404296875
47217,normal,2316,0,1782358915.6974456,0.002169370651245117
47218,normal,1317,0,1782358915.6993108,0.0018651485443115234
47219,normal,2199,0,1782358915.7012758,0.001965045928955078
47220,normal,2732,0,1782358915.7034848,0.0022089481353759766
47221,normal,2247,0,1782358915.705326,0.0018413066864013672
47222,normal,3085,1,1782358915.7072766,0.0019505023956298828
47223,normal,1759,0,1782358915.7094862,0.0022096633911132812
47224,normal,514,0,1782358915.711309,0.0018227100372314453
47225,normal,2404,0,1782358915.713312,0.0020029544830322266
47226,normal,1538,0,1782358915.7154906,0.002178668975830078
47227,normal,486,0,1782358915.717306,0.0018153190612792969
47228,normal,723,0,1782358915.7192776,0.001971721649169922
47229,normal,1627,0,1782358915.721493,0.0022153854370117188
47230,normal,1323,1,1782358915.72331,0.0018169879913330078
47231,normal,2626,0,1782358915.7252767,0.001966714859008789
47232,normal,914,2,1782358915.7274942,0.002217531204223633
47233,normal,1966,0,1782358915.7293036,0.0018093585968017578
47234,normal,2848,0,1782358915.7312799,0.0019762516021728516
47235,normal,2988,0,1782358915.733433,0.002153158187866211
47236,normal,3382,1,1782358915.735299,0.0018661022186279297
47237,normal,437,0,1782358915.7372913,0.0019922256469726562
47238,normal,1825,0,1782358915.7395005,0.002209186553955078
47239,normal,322,0,1782358915.7412934,0.00179290771484375
47240,normal,34,0,1782358915.7434301,0.002136707305908203
47241,normal,3000,0,1782358915.7453454,0.0019152164459228516
47242,normal,3544,0,1782358915.747436,0.0020906925201416016
47243,normal,2130,0,1782358915.7492757,0.0018396377563476562
47244,normal,2455,0,1782358915.7515054,0.0022296905517578125
47245,normal,3064,1,1782358915.7532935,0.0017881393432617188
47246,normal,1199,0,1782358915.7554398,0.0021462440490722656
47247,normal,3308,1,1782358915.757349,0.0019092559814453125
47248,normal,2011,0,1782358915.7594354,0.0020864009857177734
47249,normal,2293,0,1782358915.7612836,0.0018482208251953125
47250,normal,1689,0,1782358915.763527,0.0022432804107666016
47251,normal,609,0,1782358915.7653115,0.0017845630645751953
47252,normal,3147,1,1782358915.7672768,0.0019652843475341797
47253,normal,3254,1,1782358915.7695117,0.002234935760498047
47254,normal,1131,0,1782358915.7713056,0.0017938613891601562
47255,normal,285,0,1782358915.7732754,0.0019698143005371094
47256,normal,1691,0,1782358915.7755713,0.002295970916748047
47257,normal,1302,0,1782358915.777441,0.0018696784973144531
47258,normal,3469,0,1782358915.7792742,0.001833200454711914
47259,normal,1528,0,1782358915.7815168,0.002242565155029297
47260,normal,571,0,1782358915.783309,0.0017921924591064453
47261,normal,3063,1,1782358915.7852824,0.001973390579223633
47262,normal,3371,1,1782358915.7875195,0.002237081527709961
47263,normal,981,2,1782358915.789305,0.0017855167388916016
47264,normal,944,2,1782358915.7912803,0.0019752979278564453
47265,normal,2495,0,1782358915.7935226,0.0022423267364501953
47266,normal,1495,0,1782358915.795295,0.0017724037170410156
47267,normal,3025,0,1782358915.797432,0.0021369457244873047
47268,normal,2249,0,1782358915.7993672,0.0019352436065673828
47269,normal,462,0,1782358915.8014345,0.0020673274993896484
47270,normal,2521,0,1782358915.8032749,0.001840353012084961
47271,normal,1433,0,1782358915.8054345,0.002159595489501953
47272,normal,1197,0,1782358915.8072903,0.0018558502197265625
47273,normal,1293,0,1782358915.8094313,0.0021409988403320312
47274,normal,950,2,1782358915.8112745,0.0018432140350341797
47275,normal,2321,0,1782358915.813435,0.0021605491638183594
47276,normal,1591,0,1782358915.8152902,0.0018551349639892578
47277,normal,2681,0,1782358915.817435,0.0021448135375976562
47278,normal,2942,0,1782358915.8192863,0.0018513202667236328
47279,normal,2946,0,1782358915.82143,0.0021436214447021484
47280,normal,3479,0,1782358915.8232791,0.0018491744995117188
47281,normal,1238,0,1782358915.8254364,0.0021572113037109375
47282,normal,2923,0,1782358915.827278,0.0018415451049804688
47283,normal,524,0,1782358915.8294392,0.002161264419555664
47284,normal,694,0,1782358915.8312888,0.0018496513366699219
47285,normal,2949,0,1782358915.8334305,0.002141714096069336
47286,normal,844,2,1782358915.8352835,0.0018529891967773438
47287,normal,1187,0,1782358915.8374352,0.0021517276763916016
47288,normal,340,0,1782358915.8392754,0.0018401145935058594
47289,normal,2543,0,1782358915.8414445,0.0021691322326660156
47290,normal,1717,0,1782358915.843284,0.0018393993377685547
47291,normal,2919,0,1782358915.8454292,0.0021452903747558594
47292,normal,19,0,1782358915.8472738,0.001844644546508789
47293,normal,2340,0,1782358915.849323,0.0020492076873779297
47294,normal,1812,0,1782358915.8512747,0.0019516944885253906
47295,normal,1520,0,1782358915.8534503,0.002175569534301758
47296,normal,1382,0,1782358915.8552918,0.0018415451049804688
47297,normal,77,0,1782358915.8574314,0.002139568328857422
47298,normal,661,0,1782358915.8592935,0.0018620491027832031
47299,normal,2979,0,1782358915.8614638,0.0021703243255615234
47300,normal,3133,1,1782358915.8632736,0.001809835433959961
47301,normal,2670,0,1782358915.8654542,0.0021805763244628906
47302,normal,1176,0,1782358915.867297,0.0018427371978759766
47303,normal,679,0,1782358915.8694406,0.0021436214447021484
47304,normal,533,0,1782358915.871299,0.0018584728240966797
47305,normal,1351,1,1782358915.873437,0.002137899398803711
47306,normal,155,0,1782358915.8752823,0.0018453598022460938
47307,normal,3112,1,1782358915.8774593,0.002177000045776367
47308,normal,760,0,1782358915.8792942,0.001834869384765625
47309,normal,1604,0,1782358915.8812766,0.001982450485229492
47310,normal,2686,0,1782358915.8834624,0.002185821533203125
47311,normal,3405,0,1782358915.8853095,0.0018470287322998047
47312,normal,1139,0,1782358915.887277,0.0019674301147460938
47313,normal,1820,0,1782358915.8894374,0.0021605491638183594
47314,normal,3050,1,1782358915.891406,0.0019686222076416016
47315,normal,1896,0,1782358915.8932781,0.0018720626831054688
47316,normal,927,2,1782358915.8954868,0.002208709716796875
47317,normal,2466,0,1782358915.8973098,0.0018229484558105469
47318,normal,3536,0,1782358915.8992758,0.0019659996032714844
47319,normal,764,0,1782358915.9014292,0.0021533966064453125
47320,normal,1625,0,1782358915.9033067,0.0018775463104248047
47321,normal,699,0,1782358915.9052763,0.001969575881958008
47322,normal,2673,0,1782358915.9074714,0.002195119857788086
47323,normal,2066,0,1782358915.9093018,0.0018303394317626953
47324,normal,235,0,1782358915.9112756,0.001973867416381836
47325,normal,2703,0,1782358915.913474,0.002198457717895508
47326,normal,1768,0,1782358915.9152944,0.0018203258514404297
47327,normal,2394,0,1782358915.9172757,0.0019812583923339844
47328,normal,1988,0,1782358915.9194758,0.0022001266479492188
47329,normal,2133,0,1782358915.921293,0.0018172264099121094
47330,normal,737,0,1782358915.9234307,0.0021376609802246094
47331,normal,1571,0,1782358915.9253216,0.0018908977508544922
47332,normal,1092,0,1782358915.9274368,0.0021152496337890625
47333,normal,157,0,1782358915.929276,0.0018391609191894531
47334,normal,2213,0,1782358915.9314802,0.0022041797637939453
47335,normal,1567,0,1782358915.9333034,0.0018231868743896484
47336,normal,829,2,1782358915.9352746,0.0019712448120117188
47337,normal,1340,1,1782358915.9374661,0.0021915435791015625
47338,normal,1949,0,1782358915.9393127,0.0018465518951416016
47339,normal,3619,0,1782358915.942231,0.002918243408203125
47340,normal,245,0,1782358915.9432979,0.0010669231414794922
47341,normal,3028,0,1782358915.9452803,0.001982450485229492
47342,normal,505,0,1782358915.9474418,0.0021615028381347656
47343,normal,1576,0,1782358915.949277,0.0018351078033447266
47344,normal,3599,0,1782358915.9514496,0.002172708511352539
47345,normal,220,0,1782358915.9532757,0.0018260478973388672
47346,normal,3509,0,1782358915.9554582,0.002182483673095703
47347,normal,1262,0,1782358915.9572828,0.0018246173858642578
47348,normal,2356,0,1782358915.9594362,0.0021533966064453125
47349,normal,1530,0,1782358915.9612749,0.00183868408203125
47350,normal,1517,0,1782358915.96344,0.002165079116821289
47351,normal,2257,0,1782358915.9652746,0.0018346309661865234
47352,normal,1306,0,1782358915.9674962,0.0022215843200683594
47353,normal,2823,0,1782358915.9692743,0.0017781257629394531
47354,normal,2506,0,1782358915.9714785,0.0022041797637939453
47355,normal,2874,0,1782358915.9733396,0.0018610954284667969
47356,normal,2939,0,1782358915.9754379,0.0020983219146728516
47357,normal,1481,0,1782358915.9772766,0.00183868408203125
47358,normal,662,0,1782358915.9794312,0.0021545886993408203
47359,normal,956,2,1782358915.981277,0.0018458366394042969
47360,normal,820,2,1782358915.9834292,0.0021522045135498047
47361,normal,1886,0,1782358915.985282,0.0018527507781982422
47362,normal,854,2,1782358915.9874399,0.002157926559448242
47363,normal,2805,0,1782358915.989275,0.0018351078033447266
47364,normal,3373,1,1782358915.991534,0.0022590160369873047
47365,normal,807,2,1782358915.993421,0.0018870830535888672
47366,normal,3408,0,1782358915.9952755,0.0018544197082519531
47367,normal,852,2,1782358915.9975061,0.0022306442260742188
47368,normal,3282,1,1782358915.9992833,0.0017771720886230469
47369,normal,411,0,1782358916.0014358,0.0021524429321289062
47370,normal,2106,0,1782358916.0033226,0.0018868446350097656
47371,normal,1827,0,1782358916.00527,0.0019474029541015625
47372,normal,858,2,1782358916.0074296,0.002159595489501953
47373,normal,1563,0,1782358916.0093546,0.0019249916076660156
47374,normal,3352,1,1782358916.0114355,0.0020809173583984375
47375,normal,646,0,1782358916.0132759,0.001840353012084961
47376,normal,3272,1,1782358916.0154464,0.002170562744140625
47377,normal,2435,0,1782358916.0172892,0.0018427371978759766
47378,normal,3114,1,1782358916.0194306,0.0021414756774902344
47379,normal,61,0,1782358916.0212762,0.0018455982208251953
47380,normal,2259,0,1782358916.0234363,0.0021600723266601562
47381,normal,139,0,1782358916.0252807,0.0018444061279296875
47382,normal,3190,1,1782358916.0275185,0.0022377967834472656
47383,normal,3485,0,1782358916.029293,0.0017745494842529297
47384,normal,3012,0,1782358916.0314305,0.002137422561645508
47385,normal,3,0,1782358916.0333672,0.0019366741180419922
47386,normal,3537,0,1782358916.0354376,0.0020704269409179688
47387,normal,780,2,1782358916.0372784,0.001840829849243164
47388,normal,1086,0,1782358916.0395253,0.002246856689453125
47389,normal,2813,0,1782358916.0412884,0.0017631053924560547
47390,normal,1586,0,1782358916.0434308,0.0021424293518066406
47391,normal,3264,1,1782358916.0453076,0.0018768310546875
47392,normal,3008,0,1782358916.0474722,0.002164602279663086
47393,normal,2047,0,1782358916.049275,0.001802682876586914
47394,normal,1103,0,1782358916.05143,0.0021550655364990234
47395,normal,3325,1,1782358916.0532877,0.001857757568359375
47396,normal,3446,0,1782358916.05543,0.002142190933227539
47397,normal,3456,0,1782358916.0572777,0.0018477439880371094
47398,normal,1075,0,1782358916.059435,0.0021572113037109375
47399,normal,2486,0,1782358916.061276,0.0018410682678222656
47400,normal,2188,0,1782358916.0634387,0.0021626949310302734
47401,normal,2390,0,1782358916.0653157,0.0018770694732666016
47402,normal,1443,0,1782358916.0672755,0.0019598007202148438
47403,normal,428,0,1782358916.0694387,0.0021631717681884766
47404,normal,3680,0,1782358916.0712852,0.0018465518951416016
47405,normal,3038,0,1782358916.0732772,0.0019919872283935547
47406,normal,1406,0,1782358916.075442,0.0021648406982421875
47407,normal,2372,0,1782358916.077283,0.001840829849243164
47408,normal,718,0,1782358916.0794315,0.0021486282348632812
47409,normal,26,0,1782358916.0812874,0.0018558502197265625
47410,normal,394,0,1782358916.0834358,0.0021483898162841797
47411,normal,1123,0,1782358916.0852785,0.0018427371978759766
47412,normal,2040,0,1782358916.087447,0.002168416976928711
47413,normal,1396,0,1782358916.0893066,0.0018596649169921875
47414,normal,209,0,1782358916.0914366,0.0021300315856933594
47415,normal,1551,0,1782358916.0932922,0.001855611801147461
47416,normal,125,0,1782358916.0954368,0.0021445751190185547
47417,normal,3386,1,1782358916.0972772,0.001840353012084961
47418,normal,3068,1,1782358916.0994527,0.002175569534301758
47419,normal,1859,0,1782358916.1012752,0.0018224716186523438
47420,normal,3313,1,1782358916.1034389,0.0021636486053466797
47421,normal,2528,0,1782358916.1053321,0.0018932819366455078
47422,normal,3418,0,1782358916.1073425,0.002010345458984375
47423,normal,3460,0,1782358916.1093848,0.0020422935485839844
47424,normal,1725,0,1782358916.1114585,0.0020737648010253906
47425,normal,2018,0,1782358916.1133573,0.0018987655639648438
47426,normal,1955,0,1782358916.1153069,0.0019495487213134766
47427,normal,932,2,1782358916.1173038,0.0019969940185546875
47428,normal,2219,0,1782358916.1194363,0.002132415771484375
47429,normal,1425,0,1782358916.1212773,0.0018410682678222656
47430,normal,463,0,1782358916.1234622,0.0021848678588867188
47431,normal,107,0,1782358916.12529,0.0018277168273925781
47432,normal,249,0,1782358916.127433,0.0021431446075439453
47433,normal,2903,0,1782358916.1293075,0.0018744468688964844
47434,normal,2031,0,1782358916.1314366,0.002129077911376953
47435,normal,2139,0,1782358916.1332767,0.0018401145935058594
47436,normal,1838,0,1782358916.1354666,0.0021898746490478516
47437,normal,2472,0,1782358916.137281,0.0018143653869628906
47438,normal,523,0,1782358916.1394317,0.0021507740020751953
47439,normal,3627,0,1782358916.141314,0.001882314682006836
47440,normal,2348,0,1782358916.143441,0.002126932144165039
47441,normal,1767,0,1782358916.1452756,0.0018346309661865234
47442,normal,1148,0,1782358916.1474724,0.002196788787841797
47443,normal,3342,1,1782358916.1492915,0.0018191337585449219
47444,normal,1986,0,1782358916.1514328,0.002141237258911133
47445,normal,1533,0,1782358916.153317,0.0018842220306396484
47446,normal,2337,0,1782358916.155439,0.0021219253540039062
47447,normal,1683,0,1782358916.1572747,0.0018358230590820312
47448,normal,937,2,1782358916.159433,0.0021581649780273438
47449,normal,3609,0,1782358916.1612916,0.0018587112426757812
47450,normal,3566,0,1782358916.1634305,0.002138853073120117
47451,normal,2471,0,1782358916.1653218,0.0018913745880126953
47452,normal,2701,0,1782358916.16744,0.0021181106567382812
47453,normal,796,2,1782358916.1692762,0.0018362998962402344
47454,normal,3440,0,1782358916.1714818,0.0022056102752685547
47455,normal,618,0,1782358916.1732857,0.0018038749694824219
47456,normal,1590,0,1782358916.175432,0.0021462440490722656
47457,normal,994,2,1782358916.1773267,0.0018947124481201172
47458,normal,2030,0,1782358916.1794362,0.002109527587890625
47459,normal,1826,0,1782358916.1812866,0.0018503665924072266
47460,normal,1875,0,1782358916.1834874,0.0022008419036865234
47461,normal,1644,0,1782358916.1852973,0.001809835433959961
47462,normal,2498,0,1782358916.1874328,0.0021355152130126953
47463,normal,3048,1,1782358916.1893318,0.0018990039825439453
47464,normal,270,0,1782358916.191435,0.0021033287048339844
47465,normal,3200,1,1782358916.1932752,0.0018401145935058594
47466,normal,1215,0,1782358916.1954749,0.0021996498107910156
47467,normal,808,2,1782358916.1972651,0.0017902851104736328
47468,normal,3120,1,1782358916.199443,0.0021779537200927734
47469,normal,268,0,1782358916.2012587,0.0018155574798583984
47470,normal,1839,0,1782358916.2034352,0.002176523208618164
47471,normal,1137,0,1782358916.205276,0.001840829849243164
47472,normal,1275,0,1782358916.2074993,0.0022232532501220703
47473,normal,2502,0,1782358916.209286,0.0017867088317871094
47474,normal,2609,0,1782358916.211431,0.002145051956176758
47475,normal,63,0,1782358916.2133424,0.0019114017486572266
47476,normal,861,2,1782358916.2154362,0.002093791961669922
47477,normal,3397,1,1782358916.217275,0.00183868408203125
47478,normal,6,0,1782358916.219502,0.0022270679473876953
47479,normal,600,0,1782358916.22128,0.0017781257629394531
47480,normal,3100,1,1782358916.2234373,0.0021572113037109375
47481,normal,3065,1,1782358916.2253463,0.001909017562866211
47482,normal,2628,0,1782358916.2274358,0.0020895004272460938
47483,normal,913,2,1782358916.2292771,0.0018413066864013672
47484,normal,2783,0,1782358916.2315073,0.0022301673889160156
47485,normal,2304,0,1782358916.233285,0.00177764892578125
47486,normal,3657,0,1782358916.2354305,0.002145528793334961
47487,normal,1336,1,1782358916.2373517,0.0019211769104003906
47488,normal,3084,1,1782358916.2394357,0.002084016799926758
47489,normal,947,2,1782358916.2413213,0.0018856525421142578
47490,normal,1662,0,1782358916.2435124,0.0021910667419433594
47491,normal,1832,0,1782358916.2452898,0.0017774105072021484
47492,normal,3573,0,1782358916.2474422,0.0021524429321289062
47493,normal,670,0,1782358916.2493556,0.001913309097290039
47494,normal,115,0,1782358916.2514925,0.0021369457244873047
47495,normal,1850,0,1782358916.2532659,0.0017733573913574219
47496,normal,1032,0,1782358916.255517,0.002251148223876953
47497,normal,1184,0,1782358916.2572777,0.001760721206665039
47498,normal,2995,0,1782358916.259439,0.002161264419555664
47499,normal,47,0,1782358916.2613606,0.0019216537475585938
47500,normal,906,2,1782358916.2634366,0.0020759105682373047
47501,normal,2944,0,1782358916.2652755,0.0018389225006103516
47502,normal,1786,0,1782358916.2675395,0.0022640228271484375
47503,normal,3559,0,1782358916.269277,0.0017375946044921875
47504,normal,1976,0,1782358916.2714367,0.002159595489501953
47505,normal,534,0,1782358916.2733128,0.0018761157989501953
47506,normal,3071,1,1782358916.275423,0.0021102428436279297
47507,normal,2243,0,1782358916.277292,0.0018689632415771484
47508,normal,747,0,1782358916.2795274,0.00223541259765625
47509,normal,2568,0,1782358916.2813182,0.001790761947631836
47510,normal,2968,0,1782358916.283284,0.001965761184692383
47511,normal,2439,0,1782358916.285531,0.0022470951080322266
47512,normal,3676,0,1782358916.2873383,0.0018072128295898438
47513,normal,1330,1,1782358916.2892845,0.0019462108612060547
47514,normal,2194,0,1782358916.2915308,0.002246379852294922
47515,normal,3407,0,1782358916.2933116,0.0017807483673095703
47516,normal,881,2,1782358916.2952957,0.001984119415283203
47517,normal,327,0,1782358916.2975318,0.0022361278533935547
47518,normal,2808,0,1782358916.2993114,0.0017795562744140625
47519,normal,1061,0,1782358916.3012764,0.001965045928955078
47520,normal,2043,0,1782358916.3034396,0.0021631717681884766
47521,normal,2863,0,1782358916.3053095,0.0018699169158935547
47522,normal,3054,1,1782358916.3072777,0.0019681453704833984
47523,normal,492,0,1782358916.3094418,0.002164125442504883
47524,normal,1851,0,1782358916.311304,0.0018622875213623047
47525,normal,777,2,1782358916.3132749,0.0019707679748535156
47526,normal,1245,0,1782358916.3154323,0.002157449722290039
47527,normal,539,0,1782358916.317309,0.0018765926361083984
47528,normal,3617,0,1782358916.3193164,0.0020074844360351562
47529,normal,455,0,1782358916.321446,0.0021295547485351562
47530,normal,3360,1,1782358916.3233068,0.0018608570098876953
47531,normal,2228,0,1782358916.3252747,0.001967906951904297
47532,normal,1096,0,1782358916.327439,0.0021643638610839844
47533,normal,3641,0,1782358916.3292992,0.0018601417541503906
47534,normal,1821,0,1782358916.3312762,0.0019769668579101562
47535,normal,1056,0,1782358916.3334293,0.002153158187866211
47536,normal,3661,0,1782358916.335305,0.0018756389617919922
47537,normal,2599,0,1782358916.3372846,0.0019795894622802734
47538,normal,2954,0,1782358916.3394523,0.0021677017211914062
47539,normal,110,0,1782358916.3413014,0.0018491744995117188
47540,normal,3586,0,1782358916.343276,0.0019745826721191406
47541,normal,3236,1,1782358916.3454413,0.0021653175354003906
47542,normal,510,0,1782358916.3473105,0.00186920166015625
47543,normal,2402,0,1782358916.3494244,0.002113819122314453
47544,normal,118,0,1782358916.3514848,0.002060413360595703
47545,normal,3166,1,1782358916.3534276,0.0019428730010986328
47546,normal,3540,0,1782358916.3554513,0.0020236968994140625
47547,normal,3652,0,1782358916.357536,0.0020847320556640625
47548,normal,2900,0,1782358916.3594048,0.0018687248229980469
47549,normal,1777,0,1782358916.3614542,0.0020494461059570312
47550,normal,596,0,1782358916.3635154,0.002061128616333008
47551,normal,1095,0,1782358916.365366,0.0018506050109863281
47552,normal,2958,0,1782358916.3674202,0.0020542144775390625
47553,normal,3448,0,1782358916.369497,0.002076864242553711
47554,normal,1597,0,1782358916.3713157,0.0018186569213867188
47555,normal,79,0,1782358916.3734546,0.002138853073120117
47556,normal,2002,0,1782358916.3755102,0.002055644989013672
47557,normal,1684,0,1782358916.3773131,0.0018029212951660156
47558,normal,2505,0,1782358916.3794553,0.002142190933227539
47559,normal,567,0,1782358916.38148,0.0020246505737304688
47560,normal,3334,1,1782358916.3833146,0.0018346309661865234
47561,normal,2334,0,1782358916.3854525,0.002137899398803711
47562,normal,3441,0,1782358916.3875,0.0020475387573242188
47563,normal,1893,0,1782358916.3893116,0.0018115043640136719
47564,normal,2617,0,1782358916.3914514,0.0021398067474365234
47565,normal,1150,0,1782358916.3935187,0.0020673274993896484
47566,normal,3654,0,1782358916.3953123,0.0017936229705810547
47567,normal,142,0,1782358916.3974197,0.002107381820678711
47568,normal,123,0,1782358916.3995183,0.002098560333251953
47569,normal,1599,0,1782358916.401316,0.0017976760864257812
47570,normal,276,0,1782358916.4034545,0.0021386146545410156
47571,normal,1797,0,1782358916.4055085,0.002053976058959961
47572,normal,3219,1,1782358916.4073133,0.0018048286437988281
47573,normal,2544,0,1782358916.4094505,0.0021371841430664062
47574,normal,2172,0,1782358916.4114223,0.001971721649169922
47575,normal,1615,0,1782358916.4133627,0.0019404888153076172
47576,normal,999,2,1782358916.4152906,0.0019278526306152344
47577,normal,1059,0,1782358916.4172797,0.001989126205444336
47578,normal,1720,0,1782358916.419298,0.0020182132720947266
47579,normal,2468,0,1782358916.421452,0.002154111862182617
47580,normal,158,0,1782358916.423431,0.0019788742065429688
47581,normal,2082,0,1782358916.425316,0.0018851757049560547
47582,normal,2602,0,1782358916.4274511,0.002135038375854492
47583,normal,3683,0,1782358916.429423,0.0019719600677490234
47584,normal,1368,1,1782358916.4313138,0.0018906593322753906
47585,normal,2729,0,1782358916.433413,0.002099275588989258
47586,normal,2504,0,1782358916.4354243,0.0020112991333007812
47587,normal,1457,0,1782358916.4373167,0.0018923282623291016
47588,normal,2693,0,1782358916.4394517,0.002135038375854492
47589,normal,3451,0,1782358916.441426,0.001974344253540039
47590,normal,517,0,1782358916.443319,0.0018930435180664062
47591,normal,2048,0,1782358916.4454103,0.0020911693572998047
47592,normal,1125,0,1782358916.447489,0.0020787715911865234
47593,normal,1622,0,1782358916.4492626,0.0017735958099365234
47594,normal,497,0,1782358916.451635,0.002372264862060547
47595,normal,658,0,1782358916.4534726,0.0018377304077148438
47596,normal,1208,0,1782358916.4554949,0.002022266387939453
47597,normal,1432,0,1782358916.457453,0.001958131790161133
47598,normal,286,0,1782358916.459456,0.0020029544830322266
47599,normal,867,2,1782358916.4614909,0.002034902572631836
47600,normal,393,0,1782358916.4634597,0.001968860626220703
47601,normal,2570,0,1782358916.4655979,0.0021381378173828125
47602,normal,41,0,1782358916.4674437,0.0018458366394042969
47603,normal,2157,0,1782358916.469501,0.002057313919067383
47604,normal,73,0,1782358916.4714823,0.0019812583923339844
47605,normal,2201,0,1782358916.4734838,0.002001523971557617
47606,normal,1171,0,1782358916.4754562,0.0019724369049072266
47607,normal,3137,1,1782358916.4776037,0.0021474361419677734
47608,normal,1992,0,1782358916.4794583,0.0018546581268310547
47609,normal,1910,0,1782358916.4814804,0.0020220279693603516
47610,normal,2329,0,1782358916.4834867,0.0020062923431396484
47611,normal,949,2,1782358916.4854894,0.002002716064453125
47612,normal,1537,0,1782358916.4874558,0.0019664764404296875
47613,normal,2026,0,1782358916.4896004,0.0021445751190185547
47614,normal,790,2,1782358916.491331,0.0017306804656982422
47615,normal,1114,0,1782358916.493615,0.002283811569213867
47616,normal,686,0,1782358916.4953656,0.0017507076263427734
47617,normal,3072,1,1782358916.497597,0.0022313594818115234
47618,normal,3343,1,1782358916.4993298,0.0017328262329101562
47619,normal,2722,0,1782358916.5016458,0.002315998077392578
47620,normal,616,0,1782358916.5034075,0.0017616748809814453
47621,normal,2098,0,1782358916.5054495,0.002042055130004883
47622,normal,2927,0,1782358916.5075283,0.0020787715911865234
47623,normal,1504,0,1782358916.5095818,0.002053499221801758
47624,normal,936,2,1782358916.5113184,0.0017366409301757812
47625,normal,2893,0,1782358916.51365,0.0023314952850341797
47626,normal,925,2,1782358916.5154111,0.0017611980438232422
47627,normal,1566,0,1782358916.517428,0.002016782760620117
47628,normal,791,2,1782358916.5195842,0.0021562576293945312
47629,normal,2262,0,1782358916.5213661,0.0017819404602050781
47630,normal,1485,0,1782358916.5234628,0.0020966529846191406
47631,normal,46,0,1782358916.5256035,0.0021407604217529297
47632,normal,1016,2,1782358916.5273268,0.0017232894897460938
47633,normal,2469,0,1782358916.5295713,0.0022444725036621094
47634,normal,3427,0,1782358916.531562,0.001990795135498047
47635,normal,2377,0,1782358916.5334647,0.0019025802612304688
47636,normal,1436,0,1782358916.535462,0.001997232437133789
47637,normal,2054,0,1782358916.5375752,0.00211334228515625
47638,normal,316,0,1782358916.5393338,0.001758575439453125
47639,normal,682,0,1782358916.54163,0.0022962093353271484
47640,normal,3378,1,1782358916.5439143,0.0022842884063720703
47641,normal,1062,0,1782358916.5453005,0.0013861656188964844
47642,normal,1961,0,1782358916.5475597,0.0022592544555664062
47643,normal,9,0,1782358916.5495176,0.0019578933715820312
47644,normal,2286,0,1782358916.5514655,0.0019478797912597656
47645,normal,541,0,1782358916.5534546,0.001989126205444336
47646,normal,2099,0,1782358916.5555737,0.0021190643310546875
47647,normal,1145,0,1782358916.5573359,0.0017621517181396484
47648,normal,1614,0,1782358916.5595717,0.002235889434814453
47649,normal,2981,0,1782358916.561519,0.001947164535522461
47650,normal,3381,1,1782358916.563487,0.0019681453704833984
47651,normal,2653,0,1782358916.5654376,0.0019505023956298828
47652,normal,1626,0,1782358916.567642,0.002204418182373047
47653,normal,1529,0,1782358916.5693374,0.001695394515991211
47654,normal,2730,0,1782358916.5715828,0.0022454261779785156
47655,normal,605,0,1782358916.5735295,0.0019466876983642578
47656,normal,1610,0,1782358916.5754645,0.0019350051879882812
47657,normal,163,0,1782358916.5774252,0.00196075439453125
47658,normal,2409,0,1782358916.5795755,0.002150297164916992
47659,normal,2057,0,1782358916.5813346,0.0017590522766113281
47660,normal,2087,0,1782358916.5835738,0.002239227294921875
47661,normal,2146,0,1782358916.5855293,0.0019555091857910156
47662,normal,3183,1,1782358916.5877497,0.0022203922271728516
47663,normal,1735,0,1782358916.5893066,0.0015568733215332031
47664,normal,1166,0,1782358916.5917506,0.002444028854370117
47665,normal,1532,0,1782358916.5933065,0.0015559196472167969
47666,normal,840,2,1782358916.5955753,0.0022687911987304688
47667,normal,476,0,1782358916.5974042,0.001828908920288086
47668,normal,1206,0,1782358916.599451,0.002046823501586914
47669,normal,3604,0,1782358916.601315,0.0018639564514160156
47670,normal,2655,0,1782358916.6034334,0.002118349075317383
47671,normal,652,0,1782358916.6053698,0.0019364356994628906
47672,normal,3506,0,1782358916.607417,0.002047300338745117
47673,normal,1305,0,1782358916.6095734,0.0021562576293945312
47674,normal,3061,1,1782358916.611359,0.0017855167388916016
47675,normal,2737,0,1782358916.6134331,0.0020742416381835938
47676,normal,1636,0,1782358916.615573,0.0021398067474365234
47677,normal,179,0,1782358916.6173456,0.0017726421356201172
47678,normal,247,0,1782358916.6193168,0.0019712448120117188
47679,normal,1115,0,1782358916.6214788,0.0021619796752929688
47680,normal,1807,0,1782358916.6233556,0.0018768310546875
47681,normal,3243,1,1782358916.6253073,0.0019516944885253906
47682,normal,267,0,1782358916.6274302,0.0021228790283203125
47683,normal,3083,1,1782358916.6292992,0.0018689632415771484
47684,normal,924,2,1782358916.6314433,0.0021440982818603516
47685,normal,3698,0,1782358916.6332746,0.0018312931060791016
47686,normal,890,2,1782358916.635438,0.002163410186767578
47687,normal,2333,0,1782358916.6372747,0.0018367767333984375
47688,normal,1459,0,1782358916.6394303,0.0021555423736572266
47689,normal,1484,0,1782358916.641296,0.0018656253814697266
47690,normal,2289,0,1782358916.64343,0.002134084701538086
47691,normal,2373,0,1782358916.645323,0.0018930435180664062
47692,normal,3607,0,1782358916.6474357,0.0021126270294189453
47693,normal,2590,0,1782358916.649274,0.0018384456634521484
47694,normal,848,2,1782358916.6515963,0.0023221969604492188
47695,normal,2500,0,1782358916.6533873,0.0017910003662109375
47696,normal,535,0,1782358916.655424,0.0020368099212646484
47697,normal,12,0,1782358916.657572,0.0021479129791259766
47698,normal,783,2,1782358916.6593444,0.0017724037170410156
47699,normal,1231,0,1782358916.661317,0.001972675323486328
47700,normal,1266,0,1782358916.6634736,0.002156496047973633
47701,normal,430,0,1782358916.6653926,0.0019190311431884766
47702,normal,1098,0,1782358916.6672814,0.0018887519836425781
47703,normal,1398,0,1782358916.6694927,0.002211332321166992
47704,normal,1070,0,1782358916.671286,0.0017933845520019531
47705,normal,1451,0,1782358916.6734684,0.0021822452545166016
47706,normal,2255,0,1782358916.6753352,0.0018668174743652344
47707,normal,1288,0,1782358916.6774786,0.002143383026123047
47708,normal,770,0,1782358916.6792812,0.001802682876586914
47709,normal,1712,0,1782358916.6814349,0.002153635025024414
47710,normal,1714,0,1782358916.6833873,0.0019524097442626953
47711,normal,1637,0,1782358916.6852798,0.0018925666809082031
47712,normal,2857,0,1782358916.6874397,0.0021598339080810547
47713,normal,2276,0,1782358916.689386,0.0019462108612060547
47714,normal,983,2,1782358916.6912794,0.0018935203552246094
47715,normal,1938,0,1782358916.693433,0.002153635025024414
47716,normal,2144,0,1782358916.6953855,0.0019524097442626953
47717,normal,3616,0,1782358916.6972961,0.0019106864929199219
47718,normal,2222,0,1782358916.6994472,0.002151012420654297
47719,normal,1573,0,1782358916.7013967,0.0019495487213134766
47720,normal,3575,0,1782358916.7032824,0.0018856525421142578
47721,normal,3517,0,1782358916.7054396,0.0021572113037109375
47722,normal,2572,0,1782358916.707527,0.0020873546600341797
47723,normal,2206,0,1782358916.7093127,0.0017857551574707031
47724,normal,2115,0,1782358916.7116275,0.0023148059844970703
47725,normal,520,0,1782358916.7133727,0.0017452239990234375
47726,normal,2905,0,1782358916.7153864,0.002013683319091797
47727,normal,598,0,1782358916.7175114,0.0021250247955322266
47728,normal,3245,1,1782358916.719385,0.0018734931945800781
47729,normal,2416,0,1782358916.721317,0.0019321441650390625
47730,normal,815,2,1782358916.723513,0.0021958351135253906
47731,normal,1407,0,1782358916.7253113,0.001798391342163086
47732,normal,1328,1,1782358916.7272854,0.0019741058349609375
47733,normal,831,2,1782358916.729515,0.0022296905517578125
47734,normal,3512,0,1782358916.73128,0.0017650127410888672
47735,normal,2085,0,1782358916.7334287,0.0021486282348632812
47736,normal,573,0,1782358916.7353587,0.0019299983978271484
47737,normal,100,0,1782358916.7374382,0.002079486846923828
47738,normal,3667,0,1782358916.739276,0.0018377304077148438
47739,normal,337,0,1782358916.7415214,0.0022454261779785156
47740,normal,2314,0,1782358916.7432778,0.001756429672241211
47741,normal,990,2,1782358916.7454484,0.002170562744140625
47742,normal,537,0,1782358916.7473655,0.001917123794555664
47743,normal,3527,0,1782358916.74944,0.0020744800567626953
47744,normal,3602,0,1782358916.7512753,0.0018353462219238281
47745,normal,849,2,1782358916.7535026,0.002227306365966797
47746,normal,1995,0,1782358916.7552757,0.0017731189727783203
47747,normal,206,0,1782358916.7574294,0.002153635025024414
47748,normal,801,2,1782358916.7593687,0.0019392967224121094
47749,normal,1511,0,1782358916.761437,0.0020682811737060547
47750,normal,776,2,1782358916.7632759,0.0018389225006103516
47751,normal,3330,1,1782358916.7655077,0.0022318363189697266
47752,normal,3498,0,1782358916.7672758,0.0017681121826171875
47753,normal,839,2,1782358916.7694342,0.0021584033966064453
47754,normal,1445,0,1782358916.7712755,0.0018413066864013672
47755,normal,2166,0,1782358916.7734442,0.0021686553955078125
47756,normal,373,0,1782358916.7752771,0.0018329620361328125
47757,normal,2828,0,1782358916.7774367,0.002159595489501953
47758,normal,429,0,1782358916.779276,0.0018391609191894531
47759,normal,355,0,1782358916.7814448,0.002168893814086914
47760,normal,1063,0,1782358916.7835026,0.002057790756225586
47761,normal,920,2,1782358916.785779,0.0022764205932617188
47762,normal,1183,0,1782358916.7876058,0.0018267631530761719
47763,normal,342,0,1782358916.789855,0.0022492408752441406
47764,normal,1474,0,1782358916.7914114,0.001556396484375
47765,normal,1738,0,1782358916.7933104,0.0018990039825439453
47766,normal,1045,0,1782358916.7953708,0.002060413360595703
47767,normal,2508,0,1782358916.7972393,0.0018684864044189453
47768,normal,963,2,1782358916.7994568,0.002217531204223633
47769,normal,3185,1,1782358916.8012311,0.0017743110656738281
47770,normal,1906,0,1782358916.8032098,0.001978635787963867
47771,normal,3168,1,1782358916.8053048,0.0020949840545654297
47772,normal,2758,0,1782358916.8072975,0.0019927024841308594
47773,normal,3539,0,1782358916.8093615,0.0020639896392822266
47774,normal,3563,0,1782358916.8115673,0.0022058486938476562
47775,normal,1840,0,1782358916.8136067,0.0020394325256347656
47776,normal,577,0,1782358916.8153121,0.0017054080963134766
47777,normal,1303,0,1782358916.817462,0.002149820327758789
47778,normal,1290,0,1782358916.8193746,0.0019125938415527344
47779,normal,2253,0,1782358916.8214717,0.0020971298217773438
47780,normal,2779,0,1782358916.8233156,0.0018439292907714844
47781,normal,1082,0,1782358916.8254066,0.002090930938720703
47782,normal,855,2,1782358916.8274953,0.002088785171508789
47783,normal,1608,0,1782358916.8293986,0.0019032955169677734
47784,normal,2649,0,1782358916.8314824,0.0020837783813476562
47785,normal,1324,1,1782358916.8334439,0.0019614696502685547
47786,normal,1222,0,1782358916.8353956,0.0019516944885253906
47787,normal,2563,0,1782358916.8374813,0.0020856857299804688
47788,normal,1247,0,1782358916.8394003,0.0019190311431884766
47789,normal,2116,0,1782358916.8413956,0.0019953250885009766
47790,normal,3117,1,1782358916.8435097,0.0021140575408935547
47791,normal,690,0,1782358916.8454363,0.0019266605377197266
47792,normal,2766,0,1782358916.8473926,0.0019562244415283203
47793,normal,726,0,1782358916.849401,0.0020084381103515625
47794,normal,445,0,1782358916.8514042,0.002003192901611328
47795,normal,1616,0,1782358916.853303,0.0018987655639648438
47796,normal,3164,1,1782358916.8554926,0.00218963623046875
47797,normal,1915,0,1782358916.8574495,0.001956939697265625
47798,normal,3075,1,1782358916.859324,0.0018744468688964844
47799,normal,687,0,1782358916.8614857,0.002161741256713867
47800,normal,912,2,1782358916.8634493,0.0019636154174804688
47801,normal,942,2,1782358916.865394,0.0019447803497314453
47802,normal,2414,0,1782358916.867477,0.00208282470703125
47803,normal,2027,0,1782358916.869447,0.001970052719116211
47804,normal,705,0,1782358916.87134,0.0018930435180664062
47805,normal,2778,0,1782358916.8737538,0.0024137496948242188
47806,normal,1354,1,1782358916.8757353,0.001981496810913086
47807,normal,2702,0,1782358916.8785744,0.0028390884399414062
47808,normal,1414,0,1782358916.8792715,0.0006971359252929688
47809,normal,1309,0,1782358916.8814662,0.002194643020629883
47810,normal,1094,0,1782358916.883361,0.0018949508666992188
47811,normal,2383,0,1782358916.8855076,0.002146482467651367
47812,normal,1833,0,1782358916.8874884,0.0019807815551757812
47813,normal,3039,0,1782358916.8894799,0.0019915103912353516
47814,normal,1234,0,1782358916.8915312,0.0020513534545898438
47815,normal,187,0,1782358916.8933985,0.0018672943115234375
47816,normal,1642,0,1782358916.8954422,0.0020437240600585938
47817,normal,1385,0,1782358916.8974674,0.002025127410888672
47818,normal,1174,0,1782358916.8995266,0.0020592212677001953
47819,normal,1423,0,1782358916.9012797,0.001753091812133789
47820,normal,526,0,1782358916.9034576,0.0021779537200927734
47821,normal,3649,0,1782358916.9054422,0.0019845962524414062
47822,normal,657,0,1782358916.907314,0.0018718242645263672
47823,normal,2642,0,1782358916.9094877,0.0021736621856689453
47824,normal,1861,0,1782358916.911432,0.0019443035125732422
47825,normal,3231,1,1782358916.9134002,0.0019681453704833984
47826,normal,2400,0,1782358916.9155614,0.002161264419555664
47827,normal,617,0,1782358916.9173782,0.0018167495727539062
47828,normal,1817,0,1782358916.9193957,0.002017498016357422
47829,normal,2992,0,1782358916.921397,0.0020012855529785156
47830,normal,269,0,1782358916.9234629,0.002065896987915039
47831,normal,1831,0,1782358916.9253483,0.0018854141235351562
47832,normal,979,2,1782358916.9275043,0.0021560192108154297
47833,normal,126,0,1782358916.9295228,0.002018451690673828
47834,normal,422,0,1782358916.931546,0.0020232200622558594
47835,normal,3391,1,1782358916.9333842,0.0018382072448730469
47836,normal,1970,0,1782358916.9354703,0.002086162567138672
47837,normal,3125,1,1782358916.9373868,0.0019164085388183594
47838,normal,1149,0,1782358916.9394288,0.002042055130004883
47839,normal,175,0,1782358916.9414382,0.0020093917846679688
47840,normal,200,0,1782358916.9433403,0.0019021034240722656
47841,normal,2221,0,1782358916.9454618,0.002121448516845703
47842,normal,1524,0,1782358916.9475477,0.0020859241485595703
47843,normal,2842,0,1782358916.9494605,0.001912832260131836
47844,normal,2015,0,1782358916.9516542,0.0021936893463134766
47845,normal,2522,0,1782358916.9535542,0.0018999576568603516
47846,normal,193,0,1782358916.9555755,0.002021312713623047
47847,normal,2898,0,1782358916.9575937,0.0020182132720947266
47848,normal,48,0,1782358916.9595773,0.001983642578125
47849,normal,992,2,1782358916.9614594,0.0018820762634277344
47850,normal,398,0,1782358916.9634342,0.001974821090698242
47851,normal,2382,0,1782358916.965381,0.0019466876983642578
47852,normal,2323,0,1782358916.9674318,0.0020508766174316406
47853,normal,948,2,1782358916.9695153,0.0020835399627685547
47854,normal,761,0,1782358916.9713323,0.0018169879913330078
47855,normal,336,0,1782358916.9733453,0.002012968063354492
47856,normal,3500,0,1782358916.9754376,0.0020923614501953125
47857,normal,3042,0,1782358916.977419,0.0019812583923339844
47858,normal,1605,0,1782358916.979941,0.002521991729736328
47859,normal,986,2,1782358916.9817076,0.0017666816711425781
47860,normal,2369,0,1782358916.9834304,0.0017228126525878906
47861,normal,3596,0,1782358916.9853568,0.001926422119140625
47862,normal,3571,0,1782358916.9874637,0.002106904983520508
47863,normal,3478,0,1782358916.9894185,0.001954793930053711
47864,normal,414,0,1782358916.9914615,0.002043008804321289
47865,normal,3347,1,1782358916.993554,0.002092599868774414
47866,normal,1193,0,1782358916.9953933,0.0018391609191894531
47867,normal,3273,1,1782358916.997441,0.0020477771759033203
47868,normal,2896,0,1782358916.9993815,0.0019404888153076172
47869,normal,1158,0,1782358917.0014594,0.002077817916870117
47870,normal,3088,1,1782358917.003557,0.002097606658935547
47871,normal,1863,0,1782358917.0055234,0.0019664764404296875
47872,normal,2122,0,1782358917.0074608,0.0019373893737792969
47873,normal,1574,0,1782358917.0093415,0.001880645751953125
47874,normal,671,0,1782358917.011583,0.0022416114807128906
47875,normal,3562,0,1782358917.013411,0.0018279552459716797
47876,normal,1894,0,1782358917.0155082,0.0020971298217773438
47877,normal,3694,0,1782358917.0175939,0.0020856857299804688
47878,normal,3099,1,1782358917.0194297,0.0018358230590820312
47879,normal,1242,0,1782358917.0215042,0.0020744800567626953
47880,normal,151,0,1782358917.0235794,0.0020751953125
47881,normal,2624,0,1782358917.0256338,0.002054452896118164
47882,normal,1914,0,1782358917.027247,0.0016131401062011719
47883,normal,1763,0,1782358917.0294416,0.002194643020629883
47884,normal,996,2,1782358917.0314138,0.001972198486328125
47885,normal,412,0,1782358917.0332708,0.0018570423126220703
47886,normal,3213,1,1782358917.0354662,0.0021953582763671875
47887,normal,1261,0,1782358917.0374084,0.0019421577453613281
47888,normal,1491,0,1782358917.0393975,0.001989126205444336
47889,normal,496,0,1782358917.0415103,0.002112865447998047
47890,normal,1083,0,1782358917.0435529,0.002042531967163086
47891,normal,2161,0,1782358917.0452971,0.0017442703247070312
47892,normal,2463,0,1782358917.047492,0.0021948814392089844
47893,normal,3010,0,1782358917.049471,0.0019788742065429688
47894,normal,1523,0,1782358917.0514994,0.0020284652709960938
47895,normal,2216,0,1782358917.0533915,0.00189208984375
47896,normal,1624,0,1782358917.0553892,0.001997709274291992
47897,normal,750,0,1782358917.057389,0.0019998550415039062
47898,normal,335,0,1782358917.0594587,0.002069711685180664
47899,normal,740,0,1782358917.0613303,0.0018715858459472656
47900,normal,2636,0,1782358917.0634742,0.00214385986328125
47901,normal,1110,0,1782358917.0653872,0.0019130706787109375
47902,normal,766,0,1782358917.0674834,0.0020961761474609375
47903,normal,1424,0,1782358917.0694487,0.0019652843475341797
47904,normal,2344,0,1782358917.071466,0.0020172595977783203
47905,normal,2902,0,1782358917.0734136,0.001947641372680664
47906,normal,821,2,1782358917.0753567,0.0019431114196777344
47907,normal,3545,0,1782358917.0774572,0.0021004676818847656
47908,normal,2281,0,1782358917.0794063,0.0019490718841552734
47909,normal,3265,1,1782358917.0814805,0.0020742416381835938
47910,normal,134,0,1782358917.083414,0.0019335746765136719
47911,normal,1036,0,1782358917.0856342,0.00222015380859375
47912,normal,3034,0,1782358917.0872881,0.001653909683227539
47913,normal,2645,0,1782358917.0894527,0.002164602279663086
47914,normal,1417,0,1782358917.0914373,0.0019845962524414062
47915,normal,1477,0,1782358917.093342,0.0019047260284423828
47916,normal,3379,1,1782358917.095435,0.0020928382873535156
47917,normal,2310,0,1782358917.0974042,0.0019693374633789062
47918,normal,3470,0,1782358917.099385,0.0019807815551757812
47919,normal,1352,1,1782358917.101554,0.002168893814086914
47920,normal,408,0,1782358917.1035745,0.002020597457885742
47921,normal,2819,0,1782358917.1054623,0.0018877983093261719
47922,normal,2611,0,1782358917.1077495,0.002287149429321289
47923,normal,978,2,1782358917.1094394,0.001689910888671875
47924,normal,294,0,1782358917.1114123,0.0019729137420654297
47925,normal,2595,0,1782358917.1136873,0.0022749900817871094
47926,normal,466,0,1782358917.1154473,0.0017600059509277344
47927,normal,1278,0,1782358917.1173503,0.0019030570983886719
47928,normal,85,0,1782358917.1194336,0.002083301544189453
47929,normal,3079,1,1782358917.121396,0.001962423324584961
47930,normal,3541,0,1782358917.1235664,0.0021703243255615234
47931,normal,2965,0,1782358917.1253817,0.0018153190612792969
47932,normal,136,0,1782358917.1274004,0.0020186901092529297
47933,normal,1587,0,1782358917.129256,0.001855611801147461
47934,normal,426,0,1782358917.131421,0.002165079116821289
47935,normal,1419,0,1782358917.1336906,0.0022695064544677734
47936,normal,11,0,1782358917.1357076,0.0020170211791992188
47937,normal,379,0,1782358917.1374187,0.001711130142211914
47938,normal,1418,0,1782358917.1393983,0.0019795894622802734
47939,normal,1360,1,1782358917.1414454,0.0020470619201660156
47940,normal,599,0,1782358917.144371,0.0029256343841552734
47941,normal,3109,1,1782358917.1452658,0.0008947849273681641
47942,normal,651,0,1782358917.1475794,0.0023136138916015625
47943,normal,2181,0,1782358917.1493282,0.001748800277709961
47944,normal,2554,0,1782358917.1513898,0.002061605453491211
47945,normal,204,0,1782358917.153281,0.0018911361694335938
47946,normal,271,0,1782358917.1554134,0.002132415771484375
47947,normal,1638,0,1782358917.1572757,0.0018622875213623047
47948,normal,2994,0,1782358917.1595533,0.0022776126861572266
47949,normal,1778,0,1782358917.1614568,0.001903533935546875
47950,normal,3681,0,1782358917.1634088,0.0019519329071044922
47951,normal,1782,0,1782358917.1653695,0.00196075439453125
47952,normal,2406,0,1782358917.1674685,0.0020990371704101562
47953,normal,2071,0,1782358917.1694,0.0019314289093017578
47954,normal,227,0,1782358917.1712732,0.0018732547760009766
47955,normal,2663,0,1782358917.1737978,0.0025246143341064453
47956,normal,1892,0,1782358917.1754358,0.0016379356384277344
47957,normal,248,0,1782358917.1773114,0.0018756389617919922
47958,normal,2982,0,1782358917.1796389,0.002327442169189453
47959,normal,3201,1,1782358917.181609,0.001970052719116211
47960,normal,1372,1,1782358917.1832967,0.001687765121459961
47961,normal,2272,0,1782358917.1853666,0.0020699501037597656
47962,normal,2576,0,1782358917.1872585,0.0018918514251708984
47963,normal,2904,0,1782358917.189381,0.0021224021911621094
47964,normal,2525,0,1782358917.1912725,0.0018916130065917969
47965,normal,755,0,1782358917.1933737,0.0021011829376220703
47966,normal,435,0,1782358917.195262,0.001888275146484375
47967,normal,1513,0,1782358917.197393,0.0021309852600097656
47968,normal,1583,0,1782358917.1994102,0.0020172595977783203
47969,normal,1810,0,1782358917.2013602,0.0019500255584716797
47970,normal,810,2,1782358917.2034168,0.002056598663330078
47971,normal,289,0,1782358917.205275,0.0018582344055175781
47972,normal,170,0,1782358917.2074196,0.0021445751190185547
47973,normal,1843,0,1782358917.2093422,0.001922607421875
47974,normal,911,2,1782358917.21147,0.0021276473999023438
47975,normal,1676,0,1782358917.2132525,0.0017826557159423828
47976,normal,1981,0,1782358917.2153704,0.0021178722381591797
47977,normal,846,2,1782358917.217262,0.0018916130065917969
47978,normal,129,0,1782358917.2193675,0.0021054744720458984
47979,normal,1144,0,1782358917.221266,0.0018985271453857422
47980,normal,2984,0,1782358917.2234101,0.0021440982818603516
47981,normal,891,2,1782358917.2252483,0.0018382072448730469
47982,normal,2170,0,1782358917.227393,0.0021445751190185547
47983,normal,621,0,1782358917.2292814,0.0018885135650634766
47984,normal,1665,0,1782358917.2314432,0.002161741256713867
47985,normal,221,0,1782358917.2332675,0.0018243789672851562
47986,normal,3244,1,1782358917.235369,0.002101421356201172
47987,normal,1950,0,1782358917.2372608,0.0018918514251708984
47988,normal,2004,0,1782358917.2394283,0.0021674633026123047
47989,normal,2824,0,1782358917.2414494,0.0020210742950439453
47990,normal,2273,0,1782358917.243392,0.0019426345825195312
47991,normal,729,0,1782358917.2455323,0.0021402835845947266
47992,normal,971,2,1782358917.2475395,0.0020072460174560547
47993,normal,2236,0,1782358917.2493308,0.001791238784790039
47994,normal,164,0,1782358917.2514746,0.00214385986328125
47995,normal,2705,0,1782358917.2534344,0.0019598007202148438
47996,normal,3176,1,1782358917.2553506,0.0019161701202392578
47997,normal,3134,1,1782358917.257409,0.0020585060119628906
47998,normal,1844,0,1782358917.259351,0.0019419193267822266
47999,normal,91,0,1782358917.2614138,0.0020627975463867188
48000,normal,2774,0,1782358917.2634442,0.0020303726196289062
48001,normal,3672,0,1782358917.265371,0.0019268989562988281
48002,normal,3362,1,1782358917.2674632,0.002092123031616211
48003,normal,2290,0,1782358917.2694106,0.0019474029541015625
48004,normal,2908,0,1782358917.271585,0.00217437744140625
48005,normal,508,0,1782358917.2733836,0.0017986297607421875
48006,normal,2424,0,1782358917.2754526,0.0020689964294433594
48007,normal,1316,0,1782358917.277452,0.001999378204345703
48008,normal,836,2,1782358917.2793138,0.0018618106842041016
48009,normal,464,0,1782358917.2813613,0.0020475387573242188
48010,normal,2267,0,1782358917.2833276,0.001966238021850586
48011,normal,2873,0,1782358917.285503,0.0021753311157226562
48012,normal,3127,1,1782358917.287299,0.0017960071563720703
48013,normal,2196,0,1782358917.2893987,0.002099752426147461
48014,normal,882,2,1782358917.291368,0.0019693374633789062
48015,normal,825,2,1782358917.2934062,0.002038240432739258
48016,normal,3489,0,1782358917.2961166,0.0027103424072265625
48017,normal,3247,1,1782358917.297428,0.0013113021850585938
48018,normal,2364,0,1782358917.2994196,0.001991748809814453
48019,normal,2438,0,1782358917.3013258,0.0019061565399169922
48020,normal,2825,0,1782358917.3033848,0.0020589828491210938
48021,normal,3116,1,1782358917.3052795,0.0018947124481201172
48022,normal,1699,0,1782358917.307547,0.002267599105834961
48023,normal,2629,0,1782358917.309259,0.0017118453979492188
48024,normal,753,0,1782358917.3113673,0.002108335494995117
48025,normal,1788,0,1782358917.313254,0.0018868446350097656
48026,normal,2835,0,1782358917.3154657,0.0022115707397460938
48027,normal,2088,0,1782358917.3172898,0.0018241405487060547
48028,normal,2920,0,1782358917.3193774,0.0020875930786132812
48029,normal,2931,0,1782358917.3213003,0.0019228458404541016
48030,normal,98,0,1782358917.3233826,0.002082347869873047
48031,normal,2208,0,1782358917.325299,0.0019164085388183594
48032,normal,1280,0,1782358917.327571,0.002271890640258789
48033,normal,1335,1,1782358917.3293989,0.0018279552459716797
48034,normal,468,0,1782358917.3313477,0.0019488334655761719
48035,normal,2682,0,1782358917.3335125,0.0021648406982421875
48036,normal,719,0,1782358917.335372,0.001859426498413086
48037,normal,532,0,1782358917.3372455,0.0018734931945800781
48038,normal,3242,1,1782358917.3393726,0.0021271705627441406
48039,normal,3533,0,1782358917.3413348,0.0019621849060058594
48040,normal,2978,0,1782358917.3434725,0.0021376609802246094
48041,normal,1031,0,1782358917.345411,0.0019385814666748047
48042,normal,647,0,1782358917.3474424,0.0020313262939453125
48043,normal,3019,0,1782358917.3493128,0.0018703937530517578
48044,normal,146,0,1782358917.3516846,0.0023717880249023438
48045,normal,3625,0,1782358917.3536553,0.0019707679748535156
48046,normal,3094,1,1782358917.3554783,0.0018229484558105469
48047,normal,3193,1,1782358917.357407,0.0019288063049316406
48048,normal,197,0,1782358917.3593209,0.0019137859344482422
48049,normal,2190,0,1782358917.3614557,0.0021347999572753906
48050,normal,2156,0,1782358917.3633654,0.0019097328186035156
48051,normal,3361,1,1782358917.365867,0.0025014877319335938
48052,normal,1804,0,1782358917.367266,0.0013990402221679688
48053,normal,1661,0,1782358917.3693714,0.0021054744720458984
48054,normal,1230,0,1782358917.3712878,0.0019164085388183594
48055,normal,3614,0,1782358917.3733845,0.0020966529846191406
48056,normal,1011,2,1782358917.3752744,0.001889944076538086
48057,normal,1848,0,1782358917.3773777,0.0021033287048339844
48058,normal,224,0,1782358917.379302,0.001924276351928711
48059,normal,1983,0,1782358917.3813813,0.0020792484283447266
48060,normal,803,2,1782358917.3833094,0.001928091049194336
48061,normal,2164,0,1782358917.3854065,0.0020971298217773438
48062,normal,3569,0,1782358917.387269,0.0018625259399414062
48063,normal,1112,0,1782358917.389369,0.0020999908447265625
48064,normal,2064,0,1782358917.391255,0.0018858909606933594
48065,normal,3565,0,1782358917.3933601,0.002105236053466797
48066,normal,2328,0,1782358917.3953805,0.0020203590393066406
48067,normal,2993,0,1782358917.3973286,0.0019481182098388672
48068,normal,706,0,1782358917.3995197,0.0021910667419433594
48069,normal,758,0,1782358917.4012578,0.0017380714416503906
48070,normal,1227,0,1782358917.403364,0.002106189727783203
48071,normal,835,2,1782358917.4052632,0.0018992424011230469
48072,normal,2159,0,1782358917.4073405,0.002077341079711914
48073,normal,504,0,1782358917.4092329,0.0018923282623291016
48074,normal,2970,0,1782358917.4113407,0.002107858657836914
48075,normal,1216,0,1782358917.4133976,0.0020568370819091797
48076,normal,1109,0,1782358917.4154103,0.0020127296447753906
48077,normal,3404,0,1782358917.4173746,0.0019643306732177734
48078,normal,2894,0,1782358917.4195104,0.002135753631591797
48079,normal,3115,1,1782358917.4214447,0.0019342899322509766
48080,normal,3306,1,1782358917.4234204,0.0019757747650146484
48081,normal,304,0,1782358917.425319,0.0018985271453857422
48082,normal,1263,0,1782358917.4275012,0.0021822452545166016
48083,normal,734,0,1782358917.4294162,0.00191497802734375
48084,normal,2698,0,1782358917.4312358,0.001819610595703125
48085,normal,1927,0,1782358917.4333434,0.0021076202392578125
48086,normal,876,2,1782358917.435236,0.0018925666809082031
48087,normal,2461,0,1782358917.437375,0.0021390914916992188
48088,normal,1437,0,1782358917.439297,0.0019218921661376953
48089,normal,1835,0,1782358917.4413433,0.002046346664428711
48090,normal,2277,0,1782358917.4433484,0.0020051002502441406
48091,normal,3271,1,1782358917.445263,0.0019145011901855469
48092,normal,2476,0,1782358917.4473457,0.00208282470703125
48093,normal,3093,1,1782358917.4499407,0.0025949478149414062
48094,normal,555,0,1782358917.4513853,0.0014445781707763672
48095,normal,1784,0,1782358917.453249,0.001863718032836914
48096,normal,2239,0,1782358917.4553592,0.0021102428436279297
48097,normal,1342,1,1782358917.457261,0.001901865005493164
48098,normal,3180,1,1782358917.45938,0.002118825912475586
48099,normal,2306,0,1782358917.4614112,0.0020313262939453125
48100,normal,2393,0,1782358917.463252,0.001840829849243164
48101,normal,3017,0,1782358917.465343,0.002090930938720703
48102,normal,2280,0,1782358917.4673686,0.002025604248046875
48103,normal,2947,0,1782358917.4692724,0.0019037723541259766
48104,normal,1798,0,1782358917.471393,0.0021207332611083984
48105,normal,3356,1,1782358917.4734218,0.0020287036895751953
48106,normal,673,0,1782358917.4754775,0.002055644989013672
48107,normal,3491,0,1782358917.4773655,0.0018880367279052734
48108,normal,1919,0,1782358917.4794486,0.0020830631256103516
48109,normal,2832,0,1782358917.4814715,0.002022981643676758
48110,normal,2746,0,1782358917.4836586,0.002187013626098633
48111,normal,1047,0,1782358917.4855025,0.0018439292907714844
48112,normal,82,0,1782358917.487447,0.0019445419311523438
48113,normal,805,2,1782358917.4895058,0.002058744430541992
48114,normal,3339,1,1782358917.49147,0.0019643306732177734
48115,normal,827,2,1782358917.493328,0.0018579959869384766
48116,normal,2507,0,1782358917.4952226,0.0018944740295410156
48117,normal,1156,0,1782358917.4973688,0.0021462440490722656
48118,normal,3495,0,1782358917.4992619,0.0018930435180664062
48119,normal,380,0,1782358917.5014203,0.0021584033966064453
48120,normal,2997,0,1782358917.5032792,0.0018589496612548828
48121,normal,2147,0,1782358917.505382,0.0021028518676757812
48122,normal,3060,1,1782358917.5072243,0.0018422603607177734
48123,normal,2998,0,1782358917.509348,0.002123594284057617
48124,normal,635,0,1782358917.5113127,0.0019648075103759766
48125,normal,3583,0,1782358917.5132866,0.001973867416381836
48126,normal,278,0,1782358917.515299,0.002012491226196289
48127,normal,120,0,1782358917.5172627,0.0019636154174804688
48128,normal,3197,1,1782358917.5193393,0.0020766258239746094
48129,normal,2744,0,1782358917.5214412,0.002101898193359375
48130,normal,1899,0,1782358917.5231993,0.0017580986022949219
48131,normal,2928,0,1782358917.5253322,0.002132892608642578
48132,normal,3140,1,1782358917.527313,0.0019807815551757812
48133,normal,2560,0,1782358917.529217,0.0019040107727050781
48134,normal,451,0,1782358917.5312977,0.002080678939819336
48135,normal,291,0,1782358917.533313,0.002015352249145508
48136,normal,2549,0,1782358917.5352418,0.0019288063049316406
48137,normal,2897,0,1782358917.537325,0.0020830631256103516
48138,normal,3174,1,1782358917.5393343,0.0020093917846679688
48139,normal,202,0,1782358917.541203,0.0018687248229980469
48140,normal,2046,0,1782358917.5433056,0.0021026134490966797
48141,normal,552,0,1782358917.5454643,0.002158641815185547
48142,normal,3447,0,1782358917.547252,0.0017876625061035156
48143,normal,1749,0,1782358917.5494163,0.0021643638610839844
48144,normal,1319,1,1782358917.5512948,0.001878499984741211
48145,normal,675,0,1782358917.553697,0.0024023056030273438
48146,normal,1394,0,1782358917.5552812,0.0015840530395507812
48147,normal,446,0,1782358917.5574224,0.002141237258911133
48148,normal,2024,0,1782358917.5592601,0.0018377304077148438
48149,normal,1322,1,1782358917.5614152,0.0021550655364990234
48150,normal,1180,0,1782358917.5632346,0.0018193721771240234
48151,normal,3027,0,1782358917.565393,0.0021584033966064453
48152,normal,361,0,1782358917.5672383,0.0018453598022460938
48153,normal,3280,1,1782358917.5696437,0.002405405044555664
48154,normal,960,2,1782358917.5713093,0.0016655921936035156
48155,normal,3455,0,1782358917.5733533,0.0020439624786376953
48156,normal,1249,0,1782358917.5756133,0.002259969711303711
48157,normal,3311,1,1782358917.577646,0.002032756805419922
48158,normal,2891,0,1782358917.5793004,0.0016543865203857422
48159,normal,1108,0,1782358917.5814543,0.0021538734436035156
48160,normal,2797,0,1782358917.5835588,0.002104520797729492
48161,normal,1757,0,1782358917.5853028,0.0017440319061279297
48162,normal,3023,0,1782358917.5873938,0.002090930938720703
48163,normal,385,0,1782358917.5892353,0.0018415451049804688
48164,normal,144,0,1782358917.5913973,0.0021619796752929688
48165,normal,919,2,1782358917.5933511,0.0019538402557373047
48166,normal,951,2,1782358917.595269,0.0019178390502929688
48167,normal,581,0,1782358917.597382,0.0021131038665771484
48168,normal,1321,1,1782358917.5994027,0.002020597457885742
48169,normal,1609,0,1782358917.6012473,0.001844644546508789
48170,normal,2187,0,1782358917.6039646,0.002717256546020508
48171,normal,3549,0,1782358917.6056545,0.001689910888671875
48172,normal,812,2,1782358917.6074011,0.0017466545104980469
48173,normal,622,0,1782358917.6092658,0.0018646717071533203
48174,normal,2467,0,1782358917.611441,0.0021750926971435547
48175,normal,3398,1,1782358917.6132672,0.0018262863159179688
48176,normal,1991,0,1782358917.615498,0.0022308826446533203
48177,normal,1990,0,1782358917.6175342,0.0020360946655273438
48178,normal,299,0,1782358917.619255,0.0017209053039550781
48179,normal,2596,0,1782358917.6214218,0.002166748046875
48180,normal,3632,0,1782358917.6232696,0.0018477439880371094
48181,normal,2784,0,1782358917.6254425,0.0021729469299316406
48182,normal,1332,1,1782358917.6272829,0.001840353012084961
48183,normal,3428,0,1782358917.6295784,0.0022954940795898438
48184,normal,149,0,1782358917.6314938,0.0019154548645019531
48185,normal,1028,2,1782358917.6333516,0.001857757568359375
48186,normal,16,0,1782358917.63551,0.0021584033966064453
48187,normal,3570,0,1782358917.637458,0.0019481182098388672
48188,normal,2041,0,1782358917.6393251,0.001867055892944336
48189,normal,2603,0,1782358917.6414418,0.002116680145263672
48190,normal,2192,0,1782358917.6436157,0.002173900604248047
48191,normal,3623,0,1782358917.6453612,0.001745462417602539
48192,normal,2768,0,1782358917.6474588,0.002097606658935547
48193,normal,1027,2,1782358917.6496363,0.0021774768829345703
48194,normal,2616,0,1782358917.6515028,0.0018665790557861328
48195,normal,2669,0,1782358917.6532526,0.0017497539520263672
48196,normal,2497,0,1782358917.65542,0.0021674633026123047
48197,normal,1064,0,1782358917.657254,0.0018339157104492188
48198,normal,2671,0,1782358917.6594388,0.0021848678588867188
48199,normal,305,0,1782358917.6612542,0.0018153190612792969
48200,normal,788,2,1782358917.6634533,0.0021991729736328125
48201,normal,731,0,1782358917.665241,0.0017876625061035156
48202,normal,2717,0,1782358917.6672893,0.0020482540130615234
48203,normal,2749,0,1782358917.6693413,0.0020520687103271484
48204,normal,1905,0,1782358917.6715395,0.0021982192993164062
48205,normal,3556,0,1782358917.6732907,0.0017511844635009766
48206,normal,1080,0,1782358917.6753156,0.0020248889923095703
48207,normal,307,0,1782358917.677437,0.002121448516845703
48208,normal,241,0,1782358917.6793988,0.0019617080688476562
48209,normal,2449,0,1782358917.6814492,0.0020503997802734375
48210,normal,1631,0,1782358917.6833646,0.0019154548645019531
48211,normal,1669,0,1782358917.6854534,0.002088785171508789
48212,normal,2878,0,1782358917.6873846,0.0019311904907226562
48213,normal,865,2,1782358917.689461,0.002076387405395508
48214,normal,257,0,1782358917.6912906,0.0018296241760253906
48215,normal,1195,0,1782358917.6933045,0.0020139217376708984
48216,normal,1752,0,1782358917.6954677,0.0021631717681884766
48217,normal,331,0,1782358917.6973948,0.0019271373748779297
48218,normal,3279,1,1782358917.699472,0.0020771026611328125
48219,normal,1339,1,1782358917.7013977,0.0019257068634033203
48220,normal,80,0,1782358917.703492,0.002094268798828125
48221,normal,2646,0,1782358917.7053795,0.0018875598907470703
48222,normal,3032,0,1782358917.7074854,0.0021059513092041016
48223,normal,2300,0,1782358917.7094533,0.001967906951904297
48224,normal,1611,0,1782358917.7113817,0.0019283294677734375
48225,normal,1205,0,1782358917.7135363,0.0021545886993408203
48226,normal,3438,0,1782358917.7155366,0.0020003318786621094
48227,normal,2679,0,1782358917.7174454,0.0019087791442871094
48228,normal,3257,1,1782358917.7193887,0.001943349838256836
48229,normal,1267,0,1782358917.7214904,0.0021016597747802734
48230,normal,2186,0,1782358952.761557,0.0
48231,normal,583,0,1782358952.7635553,0.0019981861114501953
48232,normal,1106,0,1782358952.765543,0.0019876956939697266
48233,normal,3227,1,1782358952.7676234,0.0020804405212402344
48234,normal,687,0,1782358952.7695749,0.001951456069946289
48235,normal,590,0,1782358952.7715936,0.0020186901092529297
48236,normal,3299,1,1782358952.7737145,0.0021209716796875
48237,normal,389,0,1782358952.7756174,0.0019028186798095703
48238,normal,2439,0,1782358952.7776902,0.0020728111267089844
48239,normal,242,0,1782358952.779607,0.0019168853759765625
48240,normal,1816,0,1782358952.78157,0.001962900161743164
48241,normal,660,0,1782358952.7839253,0.002355337142944336
48242,normal,1328,1,1782358952.7857141,0.0017888545989990234
48243,normal,858,2,1782358952.7879126,0.002198457717895508
48244,normal,2385,0,1782358952.789637,0.0017244815826416016
48245,normal,1477,0,1782358952.791922,0.002285003662109375
48246,normal,1390,0,1782358952.7936385,0.0017163753509521484
48247,normal,3212,1,1782358952.7959268,0.002288341522216797
48248,normal,1717,0,1782358952.797722,0.0017952919006347656
48249,normal,3036,0,1782358952.799781,0.0020589828491210938
48250,normal,2261,0,1782358952.8016405,0.001859426498413086
48251,normal,898,2,1782358952.8039176,0.0022771358489990234
48252,normal,1189,0,1782358952.8056352,0.0017175674438476562
48253,normal,218,0,1782358952.807907,0.002271890640258789
48254,normal,25,0,1782358952.8097131,0.001806020736694336
48255,normal,970,2,1782358952.8118992,0.0021860599517822266
48256,normal,414,0,1782358952.8136601,0.0017609596252441406
48257,normal,1403,0,1782358952.8158965,0.0022363662719726562
48258,normal,290,0,1782358952.8176513,0.0017547607421875
48259,normal,1768,0,1782358952.819895,0.0022437572479248047
48260,normal,3293,1,1782358952.8217034,0.0018084049224853516
48261,normal,2271,0,1782358952.8237782,0.002074718475341797
48262,normal,2455,0,1782358952.825633,0.0018548965454101562
48263,normal,554,0,1782358952.827896,0.0022630691528320312
48264,normal,778,2,1782358952.829635,0.0017387866973876953
48265,normal,2114,0,1782358952.8317795,0.0021445751190185547
48266,normal,1051,0,1782358952.8339167,0.0021371841430664062
48267,normal,2106,0,1782358952.8356416,0.0017249584197998047
48268,normal,579,0,1782358952.8379197,0.0022780895233154297
48269,normal,3171,1,1782358952.8395994,0.0016796588897705078
48270,normal,2382,0,1782358952.8417873,0.002187967300415039
48271,normal,2541,0,1782358952.8436897,0.0019023418426513672
48272,normal,634,0,1782358952.8458076,0.0021178722381591797
48273,normal,2150,0,1782358952.8475885,0.0017809867858886719
48274,normal,1928,0,1782358952.849867,0.002278566360473633
48275,normal,2866,0,1782358952.851803,0.0019359588623046875
48276,normal,226,0,1782358952.8535886,0.0017855167388916016
48277,normal,3077,1,1782358952.8558064,0.0022177696228027344
48278,normal,2596,0,1782358952.857812,0.0020055770874023438
48279,normal,2710,0,1782358952.859589,0.0017771720886230469
48280,normal,1892,0,1782358952.86187,0.0022809505462646484
48281,normal,640,0,1782358952.8638098,0.0019397735595703125
48282,normal,81,0,1782358952.865589,0.0017790794372558594
48283,normal,3537,0,1782358952.8678067,0.0022177696228027344
48284,normal,1445,0,1782358952.8698041,0.0019974708557128906
48285,normal,31,0,1782358952.8715873,0.001783132553100586
48286,normal,2481,0,1782358952.8738117,0.002224445343017578
48287,normal,481,0,1782358952.8758085,0.001996755599975586
48288,normal,1278,0,1782358952.877591,0.0017824172973632812
48289,normal,2338,0,1782358952.8798103,0.0022194385528564453
48290,normal,2025,0,1782358952.8818088,0.001998424530029297
48291,normal,2727,0,1782358952.883589,0.0017802715301513672
48292,normal,642,0,1782358952.8858094,0.0022203922271728516
48293,normal,1247,0,1782358952.8878093,0.0019998550415039062
48294,normal,3573,0,1782358952.8895905,0.0017812252044677734
48295,normal,1534,0,1782358952.891811,0.0022203922271728516
48296,normal,125,0,1782358952.893809,0.0019981861114501953
48297,normal,3390,1,1782358952.895595,0.0017859935760498047
48298,normal,2923,0,1782358952.8978093,0.002214193344116211
48299,normal,1662,0,1782358952.8998013,0.0019919872283935547
48300,normal,606,0,1782358952.9015892,0.0017879009246826172
48301,normal,1049,0,1782358952.9038093,0.00222015380859375
48302,normal,2621,0,1782358952.90581,0.0020008087158203125
48303,normal,3494,0,1782358952.9075882,0.0017781257629394531
48304,normal,1997,0,1782358952.9098096,0.002221345901489258
48305,normal,3187,1,1782358952.9118094,0.0019998550415039062
48306,normal,463,0,1782358952.9136155,0.001806020736694336
48307,normal,151,0,1782358952.915813,0.0021975040435791016
48308,normal,793,2,1782358952.9178207,0.002007722854614258
48309,normal,3105,1,1782358952.9195907,0.00177001953125
48310,normal,1873,0,1782358952.921866,0.002275228500366211
48311,normal,86,0,1782358952.9235997,0.0017337799072265625
48312,normal,191,0,1782358952.925787,0.0021872520446777344
48313,normal,178,0,1782358952.927612,0.001825094223022461
48314,normal,3159,1,1782358952.929799,0.002187013626098633
48315,normal,1201,0,1782358952.93159,0.0017910003662109375
48316,normal,1542,0,1782358952.9338095,0.0022194385528564453
48317,normal,576,0,1782358952.9358165,0.002007007598876953
48318,normal,548,0,1782358952.9375916,0.0017750263214111328
48319,normal,2163,0,1782358952.9398172,0.002225637435913086
48320,normal,3509,0,1782358952.9418023,0.0019850730895996094
48321,normal,319,0,1782358952.9435906,0.0017883777618408203
48322,normal,704,0,1782358952.945818,0.002227306365966797
48323,normal,1460,0,1782358952.9477987,0.0019807815551757812
48324,normal,656,0,1782358952.949591,0.0017921924591064453
48325,normal,2286,0,1782358952.951819,0.0022280216217041016
48326,normal,991,2,1782358952.9537992,0.001980304718017578
48327,normal,809,2,1782358952.955591,0.0017917156219482422
48328,normal,555,0,1782358952.9578161,0.002225160598754883
48329,normal,862,2,1782358952.9598055,0.0019893646240234375
48330,normal,192,0,1782358952.96159,0.0017845630645751953
48331,normal,663,0,1782358952.9638224,0.0022323131561279297
48332,normal,235,0,1782358952.9657886,0.001966238021850586
48333,normal,1609,0,1782358952.967586,0.0017974376678466797
48334,normal,2699,0,1782358952.969803,0.0022170543670654297
48335,normal,3238,1,1782358952.9717963,0.0019931793212890625
48336,normal,3636,0,1782358952.973634,0.0018377304077148438
48337,normal,1568,0,1782358952.9755785,0.0019445419311523438
48338,normal,2572,0,1782358952.9776194,0.002040863037109375
48339,normal,581,0,1782358952.9795537,0.0019342899322509766
48340,normal,2879,0,1782358952.9815748,0.0020210742950439453
48341,normal,3113,1,1782358952.9836178,0.002043008804321289
48342,normal,1359,1,1782358952.9855747,0.001956939697265625
48343,normal,3535,0,1782358952.9875765,0.0020017623901367188
48344,normal,1367,1,1782358952.989618,0.0020415782928466797
48345,normal,836,2,1782358952.9915607,0.0019426345825195312
48346,normal,1789,0,1782358952.993574,0.0020132064819335938
48347,normal,1371,1,1782358952.995599,0.002025127410888672
48348,normal,627,0,1782358952.997578,0.0019788742065429688
48349,normal,1647,0,1782358952.999575,0.0019969940185546875
48350,normal,2124,0,1782358953.0016186,0.0020437240600585938
48351,normal,296,0,1782358953.0035586,0.001940011978149414
48352,normal,350,0,1782358953.0057132,0.0021545886993408203
48353,normal,2020,0,1782358953.0076494,0.001936197280883789
48354,normal,2712,0,1782358953.009577,0.0019276142120361328
48355,normal,2126,0,1782358953.0115764,0.001999378204345703
48356,normal,3518,0,1782358953.013625,0.002048492431640625
48357,normal,1968,0,1782358953.0155575,0.0019326210021972656
48358,normal,3391,1,1782358953.0175767,0.002019166946411133
48359,normal,672,0,1782358953.0196183,0.0020415782928466797
48360,normal,1821,0,1782358953.0215735,0.001955270767211914
48361,normal,661,0,1782358953.023576,0.0020024776458740234
48362,normal,2404,0,1782358953.025629,0.0020530223846435547
48363,normal,1194,0,1782358953.0275555,0.001926422119140625
48364,normal,912,2,1782358953.0295775,0.0020220279693603516
48365,normal,315,0,1782358953.0315998,0.002022266387939453
48366,normal,2209,0,1782358953.0335743,0.0019745826721191406
48367,normal,2288,0,1782358953.0355744,0.002000093460083008
48368,normal,3305,1,1782358953.0376155,0.0020411014556884766
48369,normal,3395,1,1782358953.0395522,0.0019366741180419922
48370,normal,3413,0,1782358953.0415761,0.002023935317993164
48371,normal,2046,0,1782358953.0436168,0.0020406246185302734
48372,normal,109,0,1782358953.0455554,0.0019385814666748047
48373,normal,3580,0,1782358953.0475757,0.0020203590393066406
48374,normal,1558,0,1782358953.0496173,0.0020415782928466797
48375,normal,1576,0,1782358953.051584,0.001966714859008789
48376,normal,2158,0,1782358953.0535758,0.001991748809814453
48377,normal,161,0,1782358953.0556033,0.0020275115966796875
48378,normal,2869,0,1782358953.0575545,0.0019512176513671875
48379,normal,553,0,1782358953.0595746,0.002020120620727539
48380,normal,2938,0,1782358953.0616162,0.0020415782928466797
48381,normal,1560,0,1782358953.0635762,0.0019600391387939453
48382,normal,1930,0,1782358953.0655777,0.002001523971557617
48383,normal,2865,0,1782358953.067617,0.002039194107055664
48384,normal,126,0,1782358953.0695753,0.0019583702087402344
48385,normal,1641,0,1782358953.0716188,0.002043485641479492
48386,normal,1896,0,1782358953.0736175,0.0019986629486083984
48387,normal,3356,1,1782358953.0755732,0.001955747604370117
48388,normal,20,0,1782358953.077615,0.0020418167114257812
48389,normal,1059,0,1782358953.079615,0.002000093460083008
48390,normal,355,0,1782358953.0815513,0.001936197280883789
48391,normal,2827,0,1782358953.0836143,0.0020630359649658203
48392,normal,196,0,1782358953.0856137,0.001999378204345703
48393,normal,3701,0,1782358953.0875518,0.0019381046295166016
48394,normal,3571,0,1782358953.089618,0.0020661354064941406
48395,normal,1763,0,1782358953.091621,0.0020029544830322266
48396,normal,1684,0,1782358953.0935545,0.0019335746765136719
48397,normal,1386,0,1782358953.0956135,0.0020589828491210938
48398,normal,3410,0,1782358953.0976157,0.002002239227294922
48399,normal,2680,0,1782358953.0995722,0.001956462860107422
48400,normal,1007,2,1782358953.101615,0.0020427703857421875
48401,normal,1620,0,1782358953.1036165,0.002001523971557617
48402,normal,3685,0,1782358953.1056101,0.0019936561584472656
48403,normal,3106,1,1782358953.107615,0.002004861831665039
48404,normal,1694,0,1782358953.1096394,0.002024412155151367
48405,normal,3123,1,1782358953.1115532,0.0019137859344482422
48406,normal,2413,0,1782358953.113619,0.002065896987915039
48407,normal,1562,0,1782358953.1159413,0.0023221969604492188
48408,normal,2843,0,1782358953.1178427,0.001901388168334961
48409,normal,2651,0,1782358953.119732,0.0018892288208007812
48410,normal,2259,0,1782358953.122007,0.0022749900817871094
48411,normal,3497,0,1782358953.1237214,0.001714468002319336
48412,normal,2425,0,1782358953.1259565,0.0022351741790771484
48413,normal,2944,0,1782358953.1280024,0.002045869827270508
48414,normal,762,0,1782358953.1297393,0.0017368793487548828
48415,normal,1682,0,1782358953.1317627,0.002023458480834961
48416,normal,1595,0,1782358953.1338692,0.0021064281463623047
48417,normal,1426,0,1782358953.1356819,0.0018126964569091797
48418,normal,3541,0,1782358953.137763,0.002081155776977539
48419,normal,3358,1,1782358953.1397831,0.002020120620727539
48420,normal,3143,1,1782358953.1416957,0.0019125938415527344
48421,normal,2779,0,1782358953.1437767,0.0020809173583984375
48422,normal,2445,0,1782358953.1456535,0.0018768310546875
48423,normal,1041,0,1782358953.147618,0.001964569091796875
48424,normal,955,2,1782358953.1497576,0.002139568328857422
48425,normal,492,0,1782358953.151784,0.0020263195037841797
48426,normal,1208,0,1782358953.1535916,0.0018076896667480469
48427,normal,1253,0,1782358953.1556954,0.0021038055419921875
48428,normal,2812,0,1782358953.1576934,0.0019979476928710938
48429,normal,3321,1,1782358953.1595912,0.0018978118896484375
48430,normal,2438,0,1782358953.1617148,0.002123594284057617
48431,normal,1035,0,1782358953.163729,0.00201416015625
48432,normal,2690,0,1782358953.1655688,0.0018398761749267578
48433,normal,1338,1,1782358953.1675785,0.0020096302032470703
48434,normal,2428,0,1782358953.1697288,0.002150297164916992
48435,normal,3676,0,1782358953.1715682,0.0018393993377685547
48436,normal,2119,0,1782358953.1735446,0.001976490020751953
48437,normal,2674,0,1782358953.1756024,0.002057790756225586
48438,normal,2117,0,1782358953.1775992,0.001996755599975586
48439,normal,1165,0,1782358953.179529,0.0019297599792480469
48440,normal,703,0,1782358953.1816158,0.0020868778228759766
48441,normal,1884,0,1782358953.1836882,0.0020723342895507812
48442,normal,532,0,1782358953.1856225,0.0019342899322509766
48443,normal,1854,0,1782358953.1877613,0.002138853073120117
48444,normal,1549,0,1782358953.1895943,0.0018329620361328125
48445,normal,3164,1,1782358953.1915693,0.0019750595092773438
48446,normal,2267,0,1782358953.1936576,0.002088308334350586
48447,normal,3346,1,1782358953.1955516,0.0018939971923828125
48448,normal,1669,0,1782358953.1975267,0.0019750595092773438
48449,normal,3031,0,1782358953.199622,0.0020952224731445312
48450,normal,3195,1,1782358953.201522,0.0019001960754394531
48451,normal,1908,0,1782358953.203756,0.0022339820861816406
48452,normal,1882,0,1782358953.2056181,0.0018620491027832031
48453,normal,1458,0,1782358953.2077882,0.002170085906982422
48454,normal,2009,0,1782358953.209719,0.0019307136535644531
48455,normal,1446,0,1782358953.2118793,0.002160310745239258
48456,normal,3351,1,1782358953.2136197,0.0017404556274414062
48457,normal,260,0,1782358953.2157123,0.002092599868774414
48458,normal,1914,0,1782358953.217811,0.0020987987518310547
48459,normal,681,0,1782358953.219542,0.0017309188842773438
48460,normal,380,0,1782358953.2215207,0.001978635787963867
48461,normal,3354,1,1782358953.2236104,0.0020897388458251953
48462,normal,169,0,1782358953.2255168,0.0019063949584960938
48463,normal,1741,0,1782358953.2276332,0.0021164417266845703
48464,normal,3319,1,1782358953.2295444,0.001911163330078125
48465,normal,3531,0,1782358953.231646,0.0021016597747802734
48466,normal,1420,0,1782358953.233543,0.0018968582153320312
48467,normal,2610,0,1782358953.2355623,0.0020194053649902344
48468,normal,223,0,1782358953.2382984,0.0027360916137695312
48469,normal,2954,0,1782358953.2398195,0.0015211105346679688
48470,normal,877,2,1782358953.2416916,0.0018720626831054688
48471,normal,1511,0,1782358953.2435627,0.0018711090087890625
48472,normal,3027,0,1782358953.2457147,0.002151966094970703
48473,normal,3262,1,1782358953.247755,0.002040386199951172
48474,normal,143,0,1782358953.2499955,0.002240419387817383
48475,normal,3547,0,1782358953.2516496,0.0016541481018066406
48476,normal,3079,1,1782358953.253682,0.0020322799682617188
48477,normal,2044,0,1782358953.25556,0.0018780231475830078
48478,normal,63,0,1782358953.2576962,0.00213623046875
48479,normal,2241,0,1782358953.259704,0.0020079612731933594
48480,normal,2940,0,1782358953.2620957,0.0023915767669677734
48481,normal,3163,1,1782358953.2638512,0.0017554759979248047
48482,normal,1823,0,1782358953.2658374,0.001986265182495117
48483,normal,2175,0,1782358953.26769,0.0018525123596191406
48484,normal,2085,0,1782358953.269848,0.0021581649780273438
48485,normal,2356,0,1782358953.2718122,0.001964092254638672
48486,normal,1376,1,1782358953.2737377,0.0019254684448242188
48487,normal,2801,0,1782358953.2759156,0.0021779537200927734
48488,normal,2859,0,1782358953.2777889,0.0018732547760009766
48489,normal,2353,0,1782358953.2803833,0.002594470977783203
48490,normal,1434,0,1782358953.2815533,0.0011699199676513672
48491,normal,3363,1,1782358953.2841728,0.002619504928588867
48492,normal,893,2,1782358953.2858067,0.0016338825225830078
48493,normal,1594,0,1782358953.2875419,0.0017352104187011719
48494,normal,3265,1,1782358953.2897038,0.0021619796752929688
48495,normal,1164,0,1782358953.291611,0.0019071102142333984
48496,normal,3379,1,1782358953.2937243,0.00211334228515625
48497,normal,1391,0,1782358953.295696,0.001971721649169922
48498,normal,1535,0,1782358953.2975717,0.0018756389617919922
48499,normal,2474,0,1782358953.2997236,0.002151966094970703
48500,normal,1450,0,1782358953.301765,0.002041339874267578
48501,normal,3586,0,1782358953.3036745,0.001909494400024414
48502,normal,989,2,1782358953.305795,0.002120494842529297
48503,normal,1621,0,1782358953.3076406,0.0018455982208251953
48504,normal,1236,0,1782358953.3096273,0.0019867420196533203
48505,normal,1185,0,1782358953.3117642,0.0021369457244873047
48506,normal,1676,0,1782358953.3138142,0.0020499229431152344
48507,normal,2069,0,1782358953.3156598,0.0018455982208251953
48508,normal,450,0,1782358953.3175683,0.0019085407257080078
48509,normal,1409,0,1782358953.3196032,0.002034902572631836
48510,normal,2451,0,1782358953.321722,0.002118825912475586
48511,normal,3524,0,1782358953.3235898,0.0018677711486816406
48512,normal,2464,0,1782358953.3255918,0.0020020008087158203
48513,normal,3694,0,1782358953.327719,0.0021271705627441406
48514,normal,2990,0,1782358953.3295913,0.0018723011016845703
48515,normal,3076,1,1782358953.3316834,0.002092123031616211
48516,normal,1629,0,1782358953.3335803,0.0018968582153320312
48517,normal,788,2,1782358953.335563,0.0019826889038085938
48518,normal,1811,0,1782358953.3375597,0.001996755599975586
48519,normal,3613,0,1782358953.3396904,0.002130746841430664
48520,normal,2424,0,1782358953.3415604,0.0018699169158935547
48521,normal,2088,0,1782358953.3436239,0.0020635128021240234
48522,normal,2810,0,1782358953.3457735,0.0021495819091796875
48523,normal,2593,0,1782358953.3476768,0.0019032955169677734
48524,normal,2679,0,1782358953.3497002,0.002023458480834961
48525,normal,200,0,1782358953.351646,0.0019457340240478516
48526,normal,1250,0,1782358953.3536003,0.001954317092895508
48527,normal,3415,0,1782358953.3555968,0.0019965171813964844
48528,normal,1584,0,1782358953.3577304,0.002133607864379883
48529,normal,2060,0,1782358953.3595562,0.0018258094787597656
48530,normal,3060,1,1782358953.3616464,0.0020902156829833984
48531,normal,2318,0,1782358953.3635612,0.0019147396087646484
48532,normal,833,2,1782358953.365868,0.0023069381713867188
48533,normal,1260,0,1782358953.3677778,0.0019097328186035156
48534,normal,922,2,1782358953.369742,0.001964092254638672
48535,normal,3058,1,1782358953.3717194,0.0019774436950683594
48536,normal,2460,0,1782358953.373841,0.0021216869354248047
48537,normal,204,0,1782358953.3756416,0.001800537109375
48538,normal,2632,0,1782358953.377833,0.002191305160522461
48539,normal,3136,1,1782358953.3799367,0.0021038055419921875
48540,normal,2519,0,1782358953.381563,0.0016262531280517578
48541,normal,1113,0,1782358953.3835416,0.001978635787963867
48542,normal,1139,0,1782358953.38564,0.0020983219146728516
48543,normal,1929,0,1782358953.387538,0.001898050308227539
48544,normal,190,0,1782358953.389684,0.002146005630493164
48545,normal,3313,1,1782358953.3916423,0.0019583702087402344
48546,normal,1906,0,1782358953.3935387,0.0018963813781738281
48547,normal,852,2,1782358953.3955362,0.0019974708557128906
48548,normal,2170,0,1782358953.3978324,0.0022962093353271484
48549,normal,2098,0,1782358953.400359,0.002526521682739258
48550,normal,142,0,1782358953.4017138,0.0013549327850341797
48551,normal,1940,0,1782358953.4037077,0.001993894577026367
48552,normal,2221,0,1782358953.4055693,0.001861572265625
48553,normal,3075,1,1782358953.4076972,0.0021278858184814453
48554,normal,843,2,1782358953.4097054,0.002008199691772461
48555,normal,1809,0,1782358953.4120064,0.0023009777069091797
48556,normal,1240,0,1782358953.4136057,0.0015993118286132812
48557,normal,777,2,1782358953.4156864,0.002080678939819336
48558,normal,291,0,1782358953.4175696,0.0018832683563232422
48559,normal,3239,1,1782358953.4196963,0.0021266937255859375
48560,normal,2635,0,1782358953.4217024,0.002006053924560547
48561,normal,78,0,1782358953.423839,0.002136707305908203
48562,normal,3250,1,1782358953.4257846,0.00194549560546875
48563,normal,2508,0,1782358953.4278316,0.0020470619201660156
48564,normal,3170,1,1782358953.4296968,0.0018651485443115234
48565,normal,956,2,1782358953.4317226,0.0020258426666259766
48566,normal,2930,0,1782358953.4337533,0.002030611038208008
48567,normal,2952,0,1782358953.4358382,0.002084970474243164
48568,normal,2512,0,1782358953.4378529,0.002014636993408203
48569,normal,1766,0,1782358953.4398067,0.0019538402557373047
48570,normal,918,2,1782358953.4415932,0.0017864704132080078
48571,normal,742,0,1782358953.4438267,0.0022335052490234375
48572,normal,2571,0,1782358953.4459255,0.0020987987518310547
48573,normal,3407,0,1782358953.4475777,0.0016522407531738281
48574,normal,3320,1,1782358953.4496462,0.0020685195922851562
48575,normal,3209,1,1782358953.4517047,0.0020585060119628906
48576,normal,2154,0,1782358953.4535823,0.0018775463104248047
48577,normal,2188,0,1782358953.4556873,0.0021049976348876953
48578,normal,745,0,1782358953.4576843,0.0019969940185546875
48579,normal,1556,0,1782358953.4596004,0.0019161701202392578
48580,normal,2349,0,1782358953.4617724,0.0021719932556152344
48581,normal,2825,0,1782358953.463781,0.002008676528930664
48582,normal,3072,1,1782358953.465676,0.0018949508666992188
48583,normal,32,0,1782358953.4677868,0.002110719680786133
48584,normal,1181,0,1782358953.469748,0.001961231231689453
48585,normal,2433,0,1782358953.4715953,0.0018472671508789062
48586,normal,2087,0,1782358953.4737167,0.002121448516845703
48587,normal,3479,0,1782358953.4757106,0.001993894577026367
48588,normal,2686,0,1782358953.477577,0.0018663406372070312
48589,normal,2973,0,1782358953.479846,0.0022690296173095703
48590,normal,814,2,1782358953.481717,0.0018711090087890625
48591,normal,736,0,1782358953.483563,0.0018458366394042969
48592,normal,2436,0,1782358953.485683,0.0021200180053710938
48593,normal,2684,0,1782358953.4881558,0.0024728775024414062
48594,normal,2734,0,1782358953.489603,0.0014472007751464844
48595,normal,1406,0,1782358953.4916928,0.0020897388458251953
48596,normal,3331,1,1782358953.4937155,0.0020227432250976562
48597,normal,168,0,1782358953.495547,0.0018315315246582031
48598,normal,3697,0,1782358953.4976473,0.002100229263305664
48599,normal,3128,1,1782358953.49993,0.0022826194763183594
48600,normal,1138,0,1782358953.5016828,0.0017528533935546875
48601,normal,2437,0,1782358953.5038407,0.002157926559448242
48602,normal,3585,0,1782358953.505836,0.0019953250885009766
48603,normal,3114,1,1782358953.5076942,0.0018582344055175781
48604,normal,1795,0,1782358953.5101612,0.002466917037963867
48605,normal,3244,1,1782358953.5116138,0.0014526844024658203
48606,normal,54,0,1782358953.5136476,0.002033710479736328
48607,normal,3525,0,1782358953.5155454,0.0018978118896484375
48608,normal,952,2,1782358953.5178936,0.002348184585571289
48609,normal,1732,0,1782358953.5195663,0.0016727447509765625
48610,normal,136,0,1782358953.5216532,0.0020868778228759766
48611,normal,3323,1,1782358953.5236557,0.0020024776458740234
48612,normal,2922,0,1782358953.5260491,0.002393484115600586
48613,normal,3038,0,1782358953.527957,0.0019078254699707031
48614,normal,2722,0,1782358953.529709,0.0017521381378173828
48615,normal,1652,0,1782358953.5317051,0.0019960403442382812
48616,normal,587,0,1782358953.5335646,0.001859426498413086
48617,normal,3296,1,1782358953.535702,0.002137422561645508
48618,normal,404,0,1782358953.537934,0.002232074737548828
48619,normal,3569,0,1782358953.539606,0.0016720294952392578
48620,normal,1601,0,1782358953.5417006,0.0020945072174072266
48621,normal,2310,0,1782358953.543557,0.0018563270568847656
48622,normal,1454,0,1782358953.5456996,0.002142667770385742
48623,normal,2247,0,1782358953.5480943,0.0023946762084960938
48624,normal,2255,0,1782358953.549755,0.0016608238220214844
48625,normal,2858,0,1782358953.5516882,0.0019330978393554688
48626,normal,1048,0,1782358953.553794,0.002105712890625
48627,normal,2411,0,1782358953.5557203,0.001926422119140625
48628,normal,2513,0,1782358953.5578825,0.0021622180938720703
48629,normal,2208,0,1782358953.5599556,0.002073049545288086
48630,normal,421,0,1782358953.5616157,0.0016601085662841797
48631,normal,1408,0,1782358953.5637107,0.0020949840545654297
48632,normal,2687,0,1782358953.565699,0.0019884109497070312
48633,normal,3520,0,1782358953.5678442,0.002145051956176758
48634,normal,1036,0,1782358953.5700064,0.0021622180938720703
48635,normal,1700,0,1782358953.571657,0.0016505718231201172
48636,normal,2546,0,1782358953.5737362,0.0020792484283447266
48637,normal,2479,0,1782358953.57558,0.0018436908721923828
48638,normal,2972,0,1782358953.5777023,0.0021224021911621094
48639,normal,1354,1,1782358953.5795646,0.0018622875213623047
48640,normal,3372,1,1782358953.581741,0.002176523208618164
48641,normal,2537,0,1782358953.5837584,0.0020172595977783203
48642,normal,3634,0,1782358953.585679,0.0019207000732421875
48643,normal,644,0,1782358953.5877926,0.0021135807037353516
48644,normal,95,0,1782358953.5895903,0.0017976760864257812
48645,normal,1299,0,1782358953.591683,0.002092599868774414
48646,normal,1934,0,1782358953.5936515,0.0019686222076416016
48647,normal,649,0,1782358953.595826,0.00217437744140625
48648,normal,568,0,1782358953.597654,0.0018281936645507812
48649,normal,1243,0,1782358953.5996988,0.002044677734375
48650,normal,2555,0,1782358953.6017227,0.002023935317993164
48651,normal,236,0,1782358953.6035829,0.0018601417541503906
48652,normal,110,0,1782358953.605714,0.002131223678588867
48653,normal,134,0,1782358953.6075847,0.0018706321716308594
48654,normal,3582,0,1782358953.609737,0.0021522045135498047
48655,normal,2730,0,1782358953.6115963,0.001859426498413086
48656,normal,1169,0,1782358953.6137257,0.0021293163299560547
48657,normal,2315,0,1782358953.6155615,0.0018358230590820312
48658,normal,2393,0,1782358953.6178246,0.0022630691528320312
48659,normal,2089,0,1782358953.619717,0.0018923282623291016
48660,normal,442,0,1782358953.6215737,0.0018568038940429688
48661,normal,1309,0,1782358953.6237109,0.0021371841430664062
48662,normal,1796,0,1782358953.6259298,0.002218961715698242
48663,normal,927,2,1782358953.6275697,0.0016398429870605469
48664,normal,2647,0,1782358953.6297767,0.002207040786743164
48665,normal,3611,0,1782358953.6318047,0.0020279884338378906
48666,normal,2935,0,1782358953.6336002,0.0017955303192138672
48667,normal,1736,0,1782358953.635657,0.0020568370819091797
48668,normal,1091,0,1782358953.637642,0.001984834671020508
48669,normal,823,2,1782358953.63955,0.0019080638885498047
48670,normal,1400,0,1782358953.6417553,0.002205371856689453
48671,normal,1765,0,1782358953.6436365,0.0018811225891113281
48672,normal,2909,0,1782358953.6456132,0.0019767284393310547
48673,normal,950,2,1782358953.6477046,0.0020914077758789062
48674,normal,446,0,1782358953.6496983,0.0019936561584472656
48675,normal,3235,1,1782358953.6515605,0.0018622875213623047
48676,normal,1368,1,1782358953.6539814,0.0024209022521972656
48677,normal,1743,0,1782358953.6556282,0.0016467571258544922
48678,normal,1557,0,1782358953.6578195,0.002191305160522461
48679,normal,1529,0,1782358953.6597562,0.0019366741180419922
48680,normal,1707,0,1782358953.6619446,0.002188444137573242
48681,normal,1291,0,1782358953.6636906,0.0017459392547607422
48682,normal,1598,0,1782358953.6659565,0.00226593017578125
48683,normal,3433,0,1782358953.6675284,0.0015718936920166016
48684,normal,1834,0,1782358953.6695397,0.0020112991333007812
48685,normal,3268,1,1782358953.67155,0.002010345458984375
48686,normal,2574,0,1782358953.6736877,0.0021376609802246094
48687,normal,1265,0,1782358953.6756306,0.0019428730010986328
48688,normal,1174,0,1782358953.677535,0.0019044876098632812
48689,normal,2185,0,1782358953.6795673,0.0020322799682617188
48690,normal,2639,0,1782358953.6815495,0.0019822120666503906
48691,normal,1580,0,1782358953.6836972,0.002147674560546875
48692,normal,1893,0,1782358953.6859033,0.002206087112426758
48693,normal,1122,0,1782358953.688131,0.002227783203125
48694,normal,2583,0,1782358953.6896555,0.0015244483947753906
48695,normal,3084,1,1782358953.6916592,0.0020036697387695312
48696,normal,2836,0,1782358953.693546,0.0018868446350097656
48697,normal,1688,0,1782358953.6956174,0.002071380615234375
48698,normal,2662,0,1782358953.697621,0.0020036697387695312
48699,normal,1173,0,1782358953.6997867,0.002165555953979492
48700,normal,2631,0,1782358953.7016082,0.0018215179443359375
48701,normal,1413,0,1782358953.703617,0.0020089149475097656
48702,normal,2250,0,1782358953.705557,0.001940011978149414
48703,normal,1156,0,1782358953.7075584,0.0020012855529785156
48704,normal,287,0,1782358953.7096298,0.002071380615234375
48705,normal,2804,0,1782358953.7115726,0.0019428730010986328
48706,normal,2205,0,1782358953.7137866,0.0022139549255371094
48707,normal,730,0,1782358953.7157154,0.0019288063049316406
48708,normal,846,2,1782358953.7176483,0.0019328594207763672
48709,normal,3576,0,1782358953.7196808,0.0020325183868408203
48710,normal,496,0,1782358953.7217546,0.0020737648010253906
48711,normal,3424,0,1782358953.7236013,0.0018467903137207031
48712,normal,2352,0,1782358953.7255597,0.0019583702087402344
48713,normal,2569,0,1782358953.727561,0.0020012855529785156
48714,normal,2785,0,1782358953.7295763,0.002015352249145508
48715,normal,3496,0,1782358953.7316165,0.0020401477813720703
48716,normal,628,0,1782358953.733629,0.002012491226196289
48717,normal,2142,0,1782358953.735853,0.002223968505859375
48718,normal,1911,0,1782358953.7378,0.0019469261169433594
48719,normal,717,0,1782358953.7397962,0.001996278762817383
48720,normal,3230,1,1782358953.7415264,0.001730203628540039
48721,normal,1740,0,1782358953.7439353,0.0024089813232421875
48722,normal,3270,1,1782358953.745864,0.001928567886352539
48723,normal,3064,1,1782358953.7480602,0.0021963119506835938
48724,normal,432,0,1782358953.7496293,0.0015690326690673828
48725,normal,686,0,1782358953.7517328,0.002103567123413086
48726,normal,1605,0,1782358953.7535942,0.0018613338470458984
48727,normal,3621,0,1782358953.7557445,0.002150297164916992
48728,normal,1819,0,1782358953.7577248,0.001980304718017578
48729,normal,2617,0,1782358953.7596295,0.0019047260284423828
48730,normal,1302,0,1782358953.761778,0.0021486282348632812
48731,normal,1554,0,1782358953.763788,0.002009868621826172
48732,normal,1118,0,1782358953.7655826,0.001794576644897461
48733,normal,2695,0,1782358953.7676978,0.0021152496337890625
48734,normal,630,0,1782358953.7697618,0.0020639896392822266
48735,normal,3419,0,1782358953.7716568,0.0018949508666992188
48736,normal,821,2,1782358953.7738018,0.002145051956176758
48737,normal,334,0,1782358953.7756555,0.0018537044525146484
48738,normal,1643,0,1782358953.777556,0.0019004344940185547
48739,normal,3135,1,1782358953.7795641,0.002008199691772461
48740,normal,2002,0,1782358953.7815819,0.0020177364349365234
48741,normal,2953,0,1782358953.7837274,0.002145528793334961
48742,normal,594,0,1782358953.7855353,0.0018079280853271484
48743,normal,3521,0,1782358953.7877467,0.002211332321166992
48744,normal,617,0,1782358953.7895756,0.001828908920288086
48745,normal,1602,0,1782358953.7916882,0.0021126270294189453
48746,normal,1206,0,1782358953.7935877,0.0018994808197021484
48747,normal,1233,0,1782358953.7955482,0.0019605159759521484
48748,normal,476,0,1782358953.7975636,0.002015352249145508
48749,normal,2991,0,1782358953.7995737,0.0020101070404052734
48750,normal,2826,0,1782358953.8017247,0.002151012420654297
48751,normal,2619,0,1782358953.803582,0.0018572807312011719
48752,normal,1153,0,1782358953.8057761,0.0021941661834716797
48753,normal,3365,1,1782358953.8076253,0.0018491744995117188
48754,normal,1946,0,1782358953.8098016,0.0021762847900390625
48755,normal,2838,0,1782358953.8117764,0.001974821090698242
48756,normal,910,2,1782358953.813609,0.0018324851989746094
48757,normal,1216,0,1782358953.815688,0.002079010009765625
48758,normal,3090,1,1782358953.8176415,0.001953601837158203
48759,normal,2022,0,1782358953.819522,0.0018804073333740234
48760,normal,2111,0,1782358953.82156,0.0020380020141601562
48761,normal,3489,0,1782358953.82372,0.0021600723266601562
48762,normal,453,0,1782358953.825559,0.0018389225006103516
48763,normal,2856,0,1782358953.8279364,0.0023775100708007812
48764,normal,2047,0,1782358953.8296242,0.001687765121459961
48765,normal,466,0,1782358953.8318064,0.0021822452545166016
48766,normal,3037,0,1782358953.8337426,0.001936197280883789
48767,normal,162,0,1782358953.8359163,0.0021736621856689453
48768,normal,3290,1,1782358953.8376975,0.0017812252044677734
48769,normal,523,0,1782358953.8396492,0.0019516944885253906
48770,normal,2887,0,1782358953.8416848,0.0020356178283691406
48771,normal,2104,0,1782358953.843727,0.0020422935485839844
48772,normal,55,0,1782358953.8455079,0.0017807483673095703
48773,normal,1729,0,1782358953.8477118,0.0022039413452148438
48774,normal,2215,0,1782358953.8495493,0.0018374919891357422
48775,normal,398,0,1782358953.851567,0.0020177364349365234
48776,normal,3672,0,1782358953.853798,0.0022308826446533203
48777,normal,2989,0,1782358953.8555703,0.0017724037170410156
48778,normal,3210,1,1782358953.8576589,0.0020885467529296875
48779,normal,2822,0,1782358953.8596587,0.0019998550415039062
48780,normal,1683,0,1782358953.8615496,0.0018908977508544922
48781,normal,1329,1,1782358953.864323,0.002773284912109375
48782,normal,1844,0,1782358953.8659453,0.0016224384307861328
48783,normal,2591,0,1782358953.8676598,0.001714468002319336
48784,normal,1953,0,1782358953.8697248,0.002064943313598633
48785,normal,1066,0,1782358953.8717358,0.0020110607147216797
48786,normal,1658,0,1782358953.873535,0.0017991065979003906
48787,normal,771,0,1782358953.875596,0.002061128616333008
48788,normal,2082,0,1782358953.8777146,0.0021185874938964844
48789,normal,2164,0,1782358953.879659,0.0019443035125732422
48790,normal,550,0,1782358953.8816032,0.0019443035125732422
48791,normal,2563,0,1782358953.8835664,0.0019631385803222656
48792,normal,2065,0,1782358953.8855689,0.0020024776458740234
48793,normal,945,2,1782358953.8875797,0.002010822296142578
48794,normal,552,0,1782358953.889747,0.002167224884033203
48795,normal,3359,1,1782358953.8915982,0.0018513202667236328
48796,normal,2182,0,1782358953.893866,0.0022678375244140625
48797,normal,2305,0,1782358953.8963842,0.002518177032470703
48798,normal,940,2,1782358953.898094,0.0017096996307373047
48799,normal,2653,0,1782358953.8995352,0.0014412403106689453
48800,normal,2199,0,1782358953.9019623,0.0024271011352539062
48801,normal,2448,0,1782358953.9037395,0.0017771720886230469
48802,normal,2277,0,1782358953.9056208,0.0018813610076904297
48803,normal,2415,0,1782358953.9075265,0.001905679702758789
48804,normal,1152,0,1782358953.909944,0.0024175643920898438
48805,normal,3644,0,1782358953.9119244,0.001980304718017578
48806,normal,992,2,1782358953.913816,0.0018916130065917969
48807,normal,1731,0,1782358953.9156158,0.0017998218536376953
48808,normal,2494,0,1782358953.917593,0.001977205276489258
48809,normal,3663,0,1782358953.9195032,0.0019102096557617188
48810,normal,1520,0,1782358953.9217312,0.0022280216217041016
48811,normal,1037,0,1782358953.9236183,0.0018870830535888672
48812,normal,2750,0,1782358953.9257972,0.0021789073944091797
48813,normal,718,0,1782358953.9275827,0.0017855167388916016
48814,normal,2273,0,1782358953.9298067,0.002223968505859375
48815,normal,2542,0,1782358953.9317975,0.001990795135498047
48816,normal,1336,1,1782358953.9336593,0.0018618106842041016
48817,normal,665,0,1782358953.9356108,0.001951456069946289
48818,normal,1356,1,1782358953.9375901,0.001979351043701172
48819,normal,1195,0,1782358953.9395325,0.0019423961639404297
48820,normal,1334,1,1782358953.9416149,0.002082347869873047
48821,normal,3681,0,1782358953.943581,0.001966238021850586
48822,normal,1150,0,1782358953.9456851,0.002104043960571289
48823,normal,1523,0,1782358953.9475937,0.0019085407257080078
48824,normal,1107,0,1782358953.949578,0.0019843578338623047
48825,normal,2556,0,1782358953.9517376,0.002159595489501953
48826,normal,679,0,1782358953.9537172,0.0019795894622802734
48827,normal,3095,1,1782358953.9558287,0.0021114349365234375
48828,normal,2291,0,1782358953.9575357,0.0017070770263671875
48829,normal,2339,0,1782358953.9595778,0.002042055130004883
48830,normal,3651,0,1782358953.9617577,0.002179861068725586
48831,normal,2279,0,1782358953.9635694,0.0018117427825927734
48832,normal,43,0,1782358953.9657044,0.002135038375854492
48833,normal,3428,0,1782358953.967744,0.002039670944213867
48834,normal,24,0,1782358953.9695477,0.0018036365509033203
48835,normal,1300,0,1782358953.9718149,0.002267122268676758
48836,normal,3122,1,1782358953.9738717,0.0020568370819091797
48837,normal,2510,0,1782358953.9757798,0.0019080638885498047
48838,normal,1806,0,1782358953.9776528,0.001873016357421875
48839,normal,810,2,1782358953.97974,0.002087116241455078
48840,normal,1724,0,1782358953.9815028,0.0017628669738769531
48841,normal,439,0,1782358953.98354,0.0020372867584228516
48842,normal,740,0,1782358953.985543,0.0020029544830322266
48843,normal,3264,1,1782358953.9876478,0.0021047592163085938
48844,normal,1880,0,1782358953.9897106,0.0020627975463867188
48845,normal,2386,0,1782358953.9916844,0.001973867416381836
48846,normal,1396,0,1782358953.9934974,0.0018129348754882812
48847,normal,1858,0,1782358953.996123,0.002625703811645508
48848,normal,121,0,1782358953.9980502,0.0019271373748779297
48849,normal,915,2,1782358953.9996736,0.001623392105102539
48850,normal,503,0,1782358954.0017037,0.0020301342010498047
48851,normal,919,2,1782358954.0036974,0.0019936561584472656
48852,normal,916,2,1782358954.0055604,0.0018630027770996094
48853,normal,51,0,1782358954.008099,0.0025386810302734375
48854,normal,2524,0,1782358954.0096,0.001500844955444336
48855,normal,1512,0,1782358954.0116951,0.0020952224731445312
48856,normal,2328,0,1782358954.0135627,0.001867532730102539
48857,normal,3369,1,1782358954.015702,0.0021393299102783203
48858,normal,3045,1,1782358954.0179086,0.002206563949584961
48859,normal,2994,0,1782358954.0197637,0.0018551349639892578
48860,normal,3702,0,1782358954.0218244,0.0020606517791748047
48861,normal,3108,1,1782358954.0236857,0.0018613338470458984
48862,normal,1695,0,1782358954.025805,0.002119302749633789
48863,normal,132,0,1782358954.027885,0.0020799636840820312
48864,normal,1324,1,1782358954.029698,0.0018129348754882812
48865,normal,551,0,1782358954.0315974,0.0018994808197021484
48866,normal,716,0,1782358954.0335662,0.001968860626220703
48867,normal,2616,0,1782358954.0357313,0.002165079116821289
48868,normal,2478,0,1782358954.0378475,0.0021162033081054688
48869,normal,1581,0,1782358954.040085,0.002237558364868164
48870,normal,820,2,1782358954.0416753,0.0015902519226074219
48871,normal,2086,0,1782358954.0437014,0.002026081085205078
48872,normal,2963,0,1782358954.0455942,0.0018928050994873047
48873,normal,3561,0,1782358954.0475674,0.0019731521606445312
48874,normal,2491,0,1782358954.049709,0.002141714096069336
48875,normal,3620,0,1782358954.0517404,0.0020313262939453125
48876,normal,2377,0,1782358954.0536258,0.0018854141235351562
48877,normal,318,0,1782358954.0557938,0.002167940139770508
48878,normal,1699,0,1782358954.0577855,0.001991748809814453
48879,normal,289,0,1782358954.0595324,0.0017468929290771484
48880,normal,3267,1,1782358954.0617445,0.002212047576904297
48881,normal,1837,0,1782358954.0637522,0.002007722854614258
48882,normal,2032,0,1782358954.0656822,0.0019299983978271484
48883,normal,1615,0,1782358954.0677733,0.0020911693572998047
48884,normal,2323,0,1782358954.06958,0.0018067359924316406
48885,normal,645,0,1782358954.0715795,0.001999378204345703
48886,normal,2814,0,1782358954.0737357,0.0021562576293945312
48887,normal,2396,0,1782358954.075698,0.0019621849060058594
48888,normal,1587,0,1782358954.0775516,0.0018537044525146484
48889,normal,1283,0,1782358954.0795946,0.002043008804321289
48890,normal,393,0,1782358954.0815942,0.0019996166229248047
48891,normal,3165,1,1782358954.0839126,0.0023183822631835938
48892,normal,1151,0,1782358954.0855873,0.001674652099609375
48893,normal,2308,0,1782358954.0877159,0.00212860107421875
48894,normal,2620,0,1782358954.0895746,0.0018587112426757812
48895,normal,1566,0,1782358954.0917153,0.0021407604217529297
48896,normal,2236,0,1782358954.093701,0.0019855499267578125
48897,normal,1019,2,1782358954.0956173,0.0019164085388183594
48898,normal,356,0,1782358954.097752,0.0021347999572753906
48899,normal,1747,0,1782358954.099774,0.00202178955078125
48900,normal,3420,0,1782358954.101651,0.0018770694732666016
48901,normal,60,0,1782358954.1038032,0.0021522045135498047
48902,normal,3196,1,1782358954.1057825,0.001979351043701172
48903,normal,1389,0,1782358954.107599,0.0018165111541748047
48904,normal,2230,0,1782358954.1097457,0.0021467208862304688
48905,normal,3284,1,1782358954.1117682,0.0020225048065185547
48906,normal,1130,0,1782358954.113547,0.0017788410186767578
48907,normal,608,0,1782358954.1157327,0.0021855831146240234
48908,normal,1969,0,1782358954.117656,0.0019233226776123047
48909,normal,3295,1,1782358954.119679,0.002022981643676758
48910,normal,2565,0,1782358954.1215825,0.001903533935546875
48911,normal,173,0,1782358954.1236446,0.002062082290649414
48912,normal,488,0,1782358954.1256504,0.0020058155059814453
48913,normal,2871,0,1782358954.1278431,0.0021927356719970703
48914,normal,2835,0,1782358954.1296809,0.0018377304077148438
48915,normal,1378,1,1782358954.131581,0.0019001960754394531
48916,normal,624,0,1782358954.1338637,0.0022826194763183594
48917,normal,3023,0,1782358954.1357868,0.0019230842590332031
48918,normal,2604,0,1782358954.1375377,0.001750946044921875
48919,normal,3048,1,1782358954.1395538,0.0020160675048828125
48920,normal,267,0,1782358954.1417093,0.0021555423736572266
48921,normal,2324,0,1782358954.1435058,0.0017964839935302734
48922,normal,262,0,1782358954.1457474,0.0022416114807128906
48923,normal,3394,1,1782358954.1475751,0.0018277168273925781
48924,normal,2862,0,1782358954.149549,0.001973867416381836
48925,normal,659,0,1782358954.1517086,0.002159595489501953
48926,normal,3600,0,1782358954.1536868,0.001978158950805664
48927,normal,2487,0,1782358954.1560194,0.0023326873779296875
48928,normal,926,2,1782358954.1578598,0.001840353012084961
48929,normal,1459,0,1782358954.1596923,0.0018324851989746094
48930,normal,1756,0,1782358954.161518,0.0018258094787597656
48931,normal,1592,0,1782358954.163576,0.002057790756225586
48932,normal,685,0,1782358954.1657453,0.002169370651245117
48933,normal,3645,0,1782358954.16756,0.0018148422241210938
48934,normal,3129,1,1782358954.1700094,0.0024492740631103516
48935,normal,1132,0,1782358954.1716456,0.0016362667083740234
48936,normal,1633,0,1782358954.173741,0.002095460891723633
48937,normal,3661,0,1782358954.1755807,0.0018396377563476562
48938,normal,391,0,1782358954.1777222,0.0021414756774902344
48939,normal,3033,0,1782358954.1795905,0.0018682479858398438
48940,normal,2683,0,1782358954.1817236,0.0021331310272216797
48941,normal,1838,0,1782358954.1842537,0.0025300979614257812
48942,normal,1057,0,1782358954.1858287,0.0015749931335449219
48943,normal,1752,0,1782358954.188466,0.0026373863220214844
48944,normal,1804,0,1782358954.1896234,0.0011572837829589844
48945,normal,3034,0,1782358954.1919045,0.00228118896484375
48946,normal,1703,0,1782358954.193806,0.001901388168334961
48947,normal,213,0,1782358954.1958702,0.002064228057861328
48948,normal,531,0,1782358954.197594,0.0017237663269042969
48949,normal,3177,1,1782358954.1997128,0.002118825912475586
48950,normal,2374,0,1782358954.2020464,0.0023336410522460938
48951,normal,495,0,1782358954.2040164,0.001970052719116211
48952,normal,1478,0,1782358954.20568,0.0016634464263916016
48953,normal,1147,0,1782358954.2077386,0.002058744430541992
48954,normal,2625,0,1782358954.2095838,0.0018451213836669922
48955,normal,1651,0,1782358954.2117167,0.002132892608642578
48956,normal,2910,0,1782358954.2138646,0.0021479129791259766
48957,normal,2357,0,1782358954.2155976,0.0017330646514892578
48958,normal,978,2,1782358954.217758,0.002160310745239258
48959,normal,3609,0,1782358954.2197978,0.0020399093627929688
48960,normal,1610,0,1782358954.221689,0.0018911361694335938
48961,normal,2197,0,1782358954.2236946,0.0020055770874023438
48962,normal,427,0,1782358954.225766,0.002071380615234375
48963,normal,448,0,1782358954.2276266,0.0018606185913085938
48964,normal,1992,0,1782358954.2297993,0.002172708511352539
48965,normal,1081,0,1782358954.2317648,0.0019655227661132812
48966,normal,2868,0,1782358954.233564,0.0017991065979003906
48967,normal,791,2,1782358954.2357218,0.002157926559448242
48968,normal,2333,0,1782358954.2377474,0.002025604248046875
48969,normal,3103,1,1782358954.2395794,0.0018320083618164062
48970,normal,379,0,1782358954.2417283,0.002148866653442383
48971,normal,306,0,1782358954.2437444,0.0020160675048828125
48972,normal,845,2,1782358954.2455988,0.0018544197082519531
48973,normal,401,0,1782358954.2478828,0.0022840499877929688
48974,normal,2302,0,1782358954.2497423,0.001859426498413086
48975,normal,165,0,1782358954.2515757,0.0018334388732910156
48976,normal,415,0,1782358954.2537203,0.0021445751190185547
48977,normal,3052,1,1782358954.2557168,0.0019965171813964844
48978,normal,2371,0,1782358954.2575629,0.0018460750579833984
48979,normal,2109,0,1782358954.2596982,0.0021352767944335938
48980,normal,2039,0,1782358954.2617667,0.0020685195922851562
48981,normal,3287,1,1782358954.263637,0.0018703937530517578
48982,normal,2016,0,1782358954.2658153,0.002178192138671875
48983,normal,2671,0,1782358954.2678006,0.001985311508178711
48984,normal,1944,0,1782358954.2696235,0.0018229484558105469
48985,normal,2789,0,1782358954.271745,0.002121448516845703
48986,normal,2688,0,1782358954.2737424,0.0019974708557128906
48987,normal,1242,0,1782358954.275621,0.001878499984741211
48988,normal,3301,1,1782358954.2777007,0.0020797252655029297
48989,normal,851,2,1782358954.279708,0.0020072460174560547
48990,normal,2769,0,1782358954.281562,0.0018541812896728516
48991,normal,1372,1,1782358954.2838273,0.0022652149200439453
48992,normal,333,0,1782358954.2856543,0.0018270015716552734
48993,normal,3374,1,1782358954.2875826,0.0019283294677734375
48994,normal,360,0,1782358954.2897117,0.002129077911376953
48995,normal,2099,0,1782358954.2916489,0.0019371509552001953
48996,normal,82,0,1782358954.2938507,0.0022017955780029297
48997,normal,684,0,1782358954.2955866,0.0017359256744384766
48998,normal,2715,0,1782358954.2976408,0.0020542144775390625
48999,normal,286,0,1782358954.299859,0.0022182464599609375
49000,normal,2444,0,1782358954.3016324,0.0017733573913574219
49001,normal,1909,0,1782358954.303694,0.002061605453491211
49002,normal,2406,0,1782358954.30555,0.001856088638305664
49003,normal,524,0,1782358954.3076956,0.002145528793334961
49004,normal,1515,0,1782358954.3099122,0.0022165775299072266
49005,normal,3687,0,1782358954.3115766,0.0016644001007080078
49006,normal,2738,0,1782358954.31369,0.00211334228515625
49007,normal,2051,0,1782358954.315698,0.0020079612731933594
49008,normal,870,2,1782358954.3175783,0.0018804073333740234
49009,normal,2211,0,1782358954.3198693,0.002290964126586914
49010,normal,1332,1,1782358954.322379,0.0025098323822021484
49011,normal,2112,0,1782358954.3238554,0.001476287841796875
49012,normal,3181,1,1782358954.3255813,0.001725912094116211
49013,normal,2423,0,1782358954.3277106,0.0021293163299560547
49014,normal,2694,0,1782358954.3295608,0.001850128173828125
49015,normal,986,2,1782358954.3315723,0.002011537551879883
49016,normal,2697,0,1782358954.3339505,0.002378225326538086
49017,normal,3598,0,1782358954.335676,0.0017254352569580078
49018,normal,1890,0,1782358954.337625,0.0019490718841552734
49019,normal,1550,0,1782358954.339739,0.0021140575408935547
49020,normal,464,0,1782358954.3415923,0.0018532276153564453
49021,normal,2340,0,1782358954.3437262,0.0021338462829589844
49022,normal,700,0,1782358954.3457222,0.0019960403442382812
49023,normal,824,2,1782358954.3475585,0.0018362998962402344
49024,normal,322,0,1782358954.3498662,0.0023076534271240234
49025,normal,3066,1,1782358954.3524284,0.002562284469604492
49026,normal,2004,0,1782358954.3539808,0.0015523433685302734
49027,normal,899,2,1782358954.355545,0.0015642642974853516
49028,normal,1999,0,1782358954.3578508,0.002305746078491211
49029,normal,865,2,1782358954.359707,0.0018563270568847656
49030,normal,3640,0,1782358954.3616443,0.0019371509552001953
49031,normal,268,0,1782358954.3635566,0.0019123554229736328
49032,normal,2388,0,1782358954.3655856,0.002028942108154297
49033,normal,2178,0,1782358954.3676598,0.0020742416381835938
49034,normal,1531,0,1782358954.3699243,0.0022644996643066406
49035,normal,613,0,1782358954.3716822,0.0017578601837158203
49036,normal,1366,1,1782358954.3737378,0.002055644989013672
49037,normal,74,0,1782358954.3756928,0.0019550323486328125
49038,normal,979,2,1782358954.3775816,0.0018887519836425781
49039,normal,2376,0,1782358954.3797612,0.0021796226501464844
49040,normal,3578,0,1782358954.3817782,0.0020170211791992188
49041,normal,11,0,1782358954.3835955,0.0018172264099121094
49042,normal,2156,0,1782358954.385816,0.002220630645751953
49043,normal,2108,0,1782358954.3877957,0.0019795894622802734
49044,normal,1028,2,1782358954.3896444,0.0018486976623535156
49045,normal,1175,0,1782358954.3917384,0.0020940303802490234
49046,normal,1080,0,1782358954.3937402,0.0020017623901367188
49047,normal,559,0,1782358954.395594,0.0018537044525146484
49048,normal,2289,0,1782358954.3977244,0.0021305084228515625
49049,normal,3530,0,1782358954.3997412,0.002016782760620117
49050,normal,3650,0,1782358954.401658,0.0019168853759765625
49051,normal,1589,0,1782358954.4035919,0.0019338130950927734
49052,normal,1927,0,1782358954.4055796,0.0019876956939697266
49053,normal,3044,0,1782358954.4075258,0.0019462108612060547
49054,normal,1951,0,1782358954.4099374,0.0024116039276123047
49055,normal,1123,0,1782358954.4117014,0.001764059066772461
49056,normal,1411,0,1782358954.413739,0.002037525177001953
49057,normal,925,2,1782358954.4155717,0.001832723617553711
49058,normal,2358,0,1782358954.417749,0.0021772384643554688
49059,normal,3500,0,1782358954.419575,0.0018260478973388672
49060,normal,2233,0,1782358954.4217076,0.0021326541900634766
49061,normal,709,0,1782358954.423816,0.002108335494995117
49062,normal,1553,0,1782358954.425589,0.0017731189727783203
49063,normal,3451,0,1782358954.4277894,0.0022003650665283203
49064,normal,2033,0,1782358954.4298747,0.0020852088928222656
49065,normal,174,0,1782358954.4318788,0.0020041465759277344
49066,normal,598,0,1782358954.4336028,0.0017240047454833984
49067,normal,1335,1,1782358954.4359128,0.002310037612915039
49068,normal,1986,0,1782358954.4375145,0.0016016960144042969
49069,normal,2798,0,1782358954.4396968,0.0021822452545166016
49070,normal,431,0,1782358954.4415557,0.0018589496612548828
49071,normal,2796,0,1782358954.443875,0.0023193359375
49072,normal,3274,1,1782358954.445553,0.0016779899597167969
49073,normal,3261,1,1782358954.4476876,0.002134561538696289
49074,normal,1639,0,1782358954.4495478,0.0018601417541503906
49075,normal,504,0,1782358954.452164,0.0026161670684814453
49076,normal,354,0,1782358954.4539602,0.0017962455749511719
49077,normal,1791,0,1782358954.4556596,0.0016994476318359375
49078,normal,2123,0,1782358954.4577155,0.0020558834075927734
49079,normal,3151,1,1782358954.4597082,0.0019927024841308594
49080,normal,830,2,1782358954.4615653,0.0018570423126220703
49081,normal,753,0,1782358954.46401,0.002444744110107422
49082,normal,198,0,1782358954.4655828,0.0015728473663330078
49083,normal,3647,0,1782358954.4676929,0.002110004425048828
49084,normal,2207,0,1782358954.469558,0.0018651485443115234
49085,normal,797,2,1782358954.4717176,0.002159595489501953
49086,normal,1275,0,1782358954.4739053,0.0021877288818359375
49087,normal,358,0,1782358954.4757693,0.0018639564514160156
49088,normal,868,2,1782358954.4778395,0.002070188522338867
49089,normal,3583,0,1782358954.4798436,0.0020041465759277344
49090,normal,2706,0,1782358954.482194,0.002350330352783203
49091,normal,311,0,1782358954.483752,0.001558065414428711
49092,normal,3423,0,1782358954.485929,0.002177000045776367
49093,normal,2665,0,1782358954.4877377,0.0018086433410644531
49094,normal,2982,0,1782358954.4896562,0.0019185543060302734
49095,normal,888,2,1782358954.491566,0.0019097328186035156
49096,normal,2115,0,1782358954.4937255,0.002159595489501953
49097,normal,1044,0,1782358954.4958038,0.0020782947540283203
49098,normal,473,0,1782358954.4977913,0.001987457275390625
49099,normal,2931,0,1782358954.4998548,0.0020635128021240234
49100,normal,3588,0,1782358954.5022395,0.002384662628173828
49101,normal,2564,0,1782358954.5040488,0.0018093585968017578
49102,normal,3010,0,1782358954.5058038,0.0017549991607666016
49103,normal,3281,1,1782358954.507797,0.0019931793212890625
49104,normal,682,0,1782358954.5097303,0.0019333362579345703
49105,normal,874,2,1782358954.5116565,0.0019261837005615234
49106,normal,3203,1,1782358954.513695,0.0020384788513183594
49107,normal,275,0,1782358954.5158024,0.002107381820678711
49108,normal,2906,0,1782358954.517594,0.0017917156219482422
49109,normal,263,0,1782358954.5196352,0.0020411014556884766
49110,normal,372,0,1782358954.5216937,0.0020585060119628906
49111,normal,1982,0,1782358954.5235748,0.0018811225891113281
49112,normal,1886,0,1782358954.5258293,0.002254486083984375
49113,normal,2499,0,1782358954.5277123,0.0018830299377441406
49114,normal,2669,0,1782358954.5296755,0.0019631385803222656
49115,normal,3207,1,1782358954.531651,0.001975536346435547
49116,normal,1616,0,1782358954.5335855,0.0019345283508300781
49117,normal,3266,1,1782358954.5358706,0.002285003662109375
49118,normal,3191,1,1782358954.5378733,0.002002716064453125
49119,normal,91,0,1782358954.5397272,0.00185394287109375
49120,normal,2539,0,1782358954.5417845,0.002057313919067383
49121,normal,468,0,1782358954.5437872,0.002002716064453125
49122,normal,342,0,1782358954.5455718,0.0017845630645751953
49123,normal,376,0,1782358954.5478551,0.002283334732055664
49124,normal,3329,1,1782358954.5499783,0.002123117446899414
49125,normal,1608,0,1782358954.5516438,0.0016655921936035156
49126,normal,2817,0,1782358954.553915,0.0022711753845214844
49127,normal,2058,0,1782358954.5558429,0.0019278526306152344
49128,normal,429,0,1782358954.5577893,0.0019464492797851562
49129,normal,1942,0,1782358954.5598893,0.0020999908447265625
49130,normal,595,0,1782358954.5618312,0.0019419193267822266
49131,normal,3445,0,1782358954.5636451,0.0018138885498046875
49132,normal,2206,0,1782358954.5659654,0.0023202896118164062
49133,normal,1762,0,1782358954.5677643,0.001798868179321289
49134,normal,1104,0,1782358954.5697875,0.0020232200622558594
49135,normal,1626,0,1782358954.5719032,0.0021157264709472656
49136,normal,3627,0,1782358954.5738626,0.0019593238830566406
49137,normal,2882,0,1782358954.5756469,0.0017843246459960938
49138,normal,2853,0,1782358954.5779254,0.002278566360473633
49139,normal,662,0,1782358954.579863,0.0019376277923583984
49140,normal,2759,0,1782358954.581788,0.0019249916076660156
49141,normal,2463,0,1782358954.5839057,0.002117633819580078
49142,normal,22,0,1782358954.5859184,0.0020127296447753906
49143,normal,3579,0,1782358954.5877125,0.0017940998077392578
49144,normal,1851,0,1782358954.58981,0.0020973682403564453
49145,normal,117,0,1782358954.5918434,0.0020334720611572266
49146,normal,2200,0,1782358954.594276,0.002432584762573242
49147,normal,3469,0,1782358954.5956585,0.001382589340209961
49148,normal,1898,0,1782358954.5978725,0.0022139549255371094
49149,normal,2557,0,1782358954.5997908,0.0019183158874511719
49150,normal,261,0,1782358954.6018548,0.0020639896392822266
49151,normal,1397,0,1782358954.603936,0.002081155776977539
49152,normal,3111,1,1782358954.6056414,0.0017054080963134766
49153,normal,2735,0,1782358954.6079276,0.002286195755004883
49154,normal,1143,0,1782358954.6098425,0.00191497802734375
49155,normal,390,0,1782358954.6118042,0.0019617080688476562
49156,normal,1983,0,1782358954.6138582,0.002053976058959961
49157,normal,2961,0,1782358954.6159317,0.002073526382446289
49158,normal,2594,0,1782358954.6176443,0.0017125606536865234
49159,normal,930,2,1782358954.6199412,0.002296924591064453
49160,normal,1388,0,1782358954.6218405,0.0018992424011230469
49161,normal,2228,0,1782358954.6237898,0.001949310302734375
49162,normal,768,0,1782358954.625696,0.0019061565399169922
49163,normal,1476,0,1782358954.6279016,0.0022056102752685547
49164,normal,1364,1,1782358954.6296852,0.001783609390258789
49165,normal,1435,0,1782358954.6317847,0.0020995140075683594
49166,normal,724,0,1782358954.6337767,0.0019919872283935547
49167,normal,1414,0,1782358954.6357534,0.0019767284393310547
49168,normal,2344,0,1782358954.6378636,0.0021102428436279297
49169,normal,3669,0,1782358954.6399145,0.0020508766174316406
49170,normal,2407,0,1782358954.6416428,0.0017282962799072266
49171,normal,3630,0,1782358954.643941,0.002298116683959961
49172,normal,2179,0,1782358954.6456947,0.0017538070678710938
49173,normal,1727,0,1782358954.6478295,0.0021347999572753906
49174,normal,3452,0,1782358954.6498048,0.0019752979278564453
49175,normal,1593,0,1782358954.6518977,0.0020928382873535156
49176,normal,3352,1,1782358954.6536438,0.0017461776733398438
49177,normal,2902,0,1782358954.6559505,0.002306699752807617
49178,normal,971,2,1782358954.657739,0.0017883777618408203
49179,normal,2214,0,1782358954.6597886,0.002049684524536133
49180,normal,232,0,1782358954.6618779,0.002089262008666992
49181,normal,1778,0,1782358954.6637914,0.0019135475158691406
49182,normal,2232,0,1782358954.665644,0.0018525123596191406
49183,normal,1887,0,1782358954.667953,0.002309083938598633
49184,normal,1330,1,1782358954.6697335,0.0017805099487304688
49185,normal,1828,0,1782358954.6717894,0.0020558834075927734
49186,normal,220,0,1782358954.6738827,0.0020933151245117188
49187,normal,3107,1,1782358954.6759157,0.0020329952239990234
49188,normal,2945,0,1782358954.6776443,0.0017285346984863281
49189,normal,1040,0,1782358954.6799798,0.0023355484008789062
49190,normal,2269,0,1782358954.6817365,0.0017566680908203125
49191,normal,249,0,1782358954.6837924,0.0020558834075927734
49192,normal,536,0,1782358954.6857164,0.0019240379333496094
49193,normal,2799,0,1782358954.6879199,0.0022034645080566406
49194,normal,12,0,1782358954.689651,0.0017311573028564453
49195,normal,2482,0,1782358954.691827,0.002176046371459961
49196,normal,2225,0,1782358954.6938493,0.002022266387939453
49197,normal,1567,0,1782358954.695775,0.0019257068634033203
49198,normal,3089,1,1782358954.697913,0.002137899398803711
49199,normal,2354,0,1782358954.699922,0.002009153366088867
49200,normal,3309,1,1782358954.7016468,0.0017247200012207031
49201,normal,1340,1,1782358954.7039723,0.0023255348205566406
49202,normal,621,0,1782358954.7057018,0.0017294883728027344
49203,normal,2860,0,1782358954.7078276,0.0021257400512695312
49204,normal,2899,0,1782358954.7098036,0.00197601318359375
49205,normal,305,0,1782358954.711861,0.002057313919067383
49206,normal,2077,0,1782358954.7137923,0.0019314289093017578
49207,normal,3602,0,1782358954.7159045,0.002112150192260742
49208,normal,1532,0,1782358954.7177951,0.0018906593322753906
49209,normal,854,2,1782358954.7198443,0.0020492076873779297
49210,normal,3088,1,1782358954.7218366,0.0019922256469726562
49211,normal,2813,0,1782358954.7239094,0.0020728111267089844
49212,normal,2670,0,1782358954.7256446,0.0017352104187011719
49213,normal,1333,1,1782358954.7279801,0.0023355484008789062
49214,normal,2290,0,1782358954.7297065,0.001726388931274414
49215,normal,1492,0,1782358954.7316418,0.0019352436065673828
49216,normal,2523,0,1782358954.7340007,0.0023589134216308594
49217,normal,1965,0,1782358954.7357347,0.001734018325805664
49218,normal,3658,0,1782358954.737801,0.002066373825073242
49219,normal,2307,0,1782358954.7397454,0.0019443035125732422
49220,normal,757,0,1782358954.7419212,0.0021758079528808594
49221,normal,1947,0,1782358954.7436461,0.0017249584197998047
49222,normal,433,0,1782358954.7459145,0.0022683143615722656
49223,normal,676,0,1782358954.7479262,0.0020117759704589844
49224,normal,47,0,1782358954.7496452,0.0017189979553222656
49225,normal,2041,0,1782358954.7520401,0.0023949146270751953
49226,normal,2,0,1782358954.7537374,0.0016973018646240234
49227,normal,392,0,1782358954.75579,0.0020525455474853516
49228,normal,1395,0,1782358954.7579174,0.002127408981323242
49229,normal,1975,0,1782358954.759815,0.001897573471069336
49230,normal,185,0,1782358954.7616427,0.0018277168273925781
49231,normal,3674,0,1782358954.764047,0.0024042129516601562
49232,normal,1755,0,1782358954.765737,0.0016901493072509766
49233,normal,2080,0,1782358954.7678025,0.002065420150756836
49234,normal,1569,0,1782358954.769923,0.002120494842529297
49235,normal,1373,1,1782358954.7717967,0.0018737316131591797
49236,normal,772,2,1782358954.773845,0.0020482540130615234
49237,normal,1105,0,1782358954.7759047,0.0020596981048583984
49238,normal,1399,0,1782358954.777851,0.0019464492797851562
49239,normal,3446,0,1782358954.7797918,0.0019407272338867188
49240,normal,886,2,1782358954.7818906,0.0020987987518310547
49241,normal,3081,1,1782358954.7837944,0.0019037723541259766
49242,normal,3080,1,1782358954.7858546,0.0020601749420166016
49243,normal,513,0,1782358954.7879007,0.0020461082458496094
49244,normal,3643,0,1782358954.7898736,0.0019729137420654297
49245,normal,1933,0,1782358954.7916436,0.00177001953125
49246,normal,2503,0,1782358954.794067,0.0024232864379882812
49247,normal,1219,0,1782358954.7958717,0.0018048286437988281
49248,normal,3308,1,1782358954.797645,0.0017733573913574219
49249,normal,3275,1,1782358954.799902,0.0022568702697753906
49250,normal,2151,0,1782358954.8019226,0.002020597457885742
49251,normal,1767,0,1782358954.8036454,0.0017228126525878906
49252,normal,2766,0,1782358954.8059595,0.0023140907287597656
49253,normal,2797,0,1782358954.8077438,0.0017843246459960938
49254,normal,339,0,1782358954.8097913,0.0020475387573242188
49255,normal,3216,1,1782358954.81185,0.002058744430541992
49256,normal,3480,0,1782358954.8139336,0.0020835399627685547
49257,normal,1617,0,1782358954.815645,0.0017113685607910156
49258,normal,2748,0,1782358954.817919,0.002274036407470703
49259,normal,1277,0,1782358954.8198547,0.001935720443725586
49260,normal,673,0,1782358954.821796,0.0019412040710449219
49261,normal,2506,0,1782358954.8236787,0.001882791519165039
49262,normal,1499,0,1782358954.8259194,0.0022406578063964844
49263,normal,1263,0,1782358954.8276432,0.0017237663269042969
49264,normal,3242,1,1782358954.8299222,0.002279043197631836
49265,normal,3139,1,1782358954.8317385,0.0018162727355957031
49266,normal,782,2,1782358954.8337927,0.0020542144775390625
49267,normal,2907,0,1782358954.835859,0.002066373825073242
49268,normal,1488,0,1782358954.8379374,0.0020782947540283203
49269,normal,29,0,1782358954.839652,0.0017147064208984375
49270,normal,760,0,1782358954.8419232,0.0022711753845214844
49271,normal,3515,0,1782358954.843841,0.0019178390502929688
49272,normal,1345,1,1782358954.8458009,0.0019598007202148438
49273,normal,3514,0,1782358954.847855,0.0020542144775390625
49274,normal,1509,0,1782358954.8499453,0.0020902156829833984
49275,normal,1,0,1782358954.8516412,0.001695871353149414
49276,normal,2405,0,1782358954.85392,0.0022788047790527344
49277,normal,1749,0,1782358954.855784,0.0018639564514160156
49278,normal,1497,0,1782358954.857589,0.0018050670623779297
49279,normal,256,0,1782358954.8598704,0.0022814273834228516
49280,normal,2656,0,1782358954.8617833,0.001912832260131836
49281,normal,3373,1,1782358954.8635879,0.0018045902252197266
49282,normal,474,0,1782358954.865873,0.0022852420806884766
49283,normal,3603,0,1782358954.867922,0.002048969268798828
49284,normal,3232,1,1782358954.8696449,0.0017228126525878906
49285,normal,1441,0,1782358954.8719366,0.0022916793823242188
49286,normal,2770,0,1782358954.8737376,0.0018010139465332031
49287,normal,848,2,1782358954.8756483,0.0019106864929199219
49288,normal,1746,0,1782358954.8779426,0.002294301986694336
49289,normal,2791,0,1782358954.8797145,0.0017719268798828125
49290,normal,145,0,1782358954.8817854,0.002070903778076172
49291,normal,1830,0,1782358954.8836977,0.0019123554229736328
49292,normal,2264,0,1782358954.885928,0.0022301673889160156
49293,normal,1915,0,1782358954.8876438,0.0017158985137939453
49294,normal,399,0,1782358954.889951,0.0023071765899658203
49295,normal,3470,0,1782358954.8917403,0.0017893314361572266
49296,normal,1671,0,1782358954.8937879,0.0020475387573242188
49297,normal,1230,0,1782358954.8958776,0.0020897388458251953
49298,normal,2160,0,1782358954.897911,0.0020334720611572266
49299,normal,1533,0,1782358954.8996437,0.0017325878143310547
49300,normal,1398,0,1782358954.9019523,0.0023086071014404297
49301,normal,3248,1,1782358954.9037015,0.001749277114868164
49302,normal,2504,0,1782358954.9058294,0.0021278858184814453
49303,normal,827,2,1782358954.9078145,0.0019850730895996094
49304,normal,3706,0,1782358954.9098444,0.002029895782470703
49305,normal,541,0,1782358954.911913,0.0020685195922851562
49306,normal,1833,0,1782358954.9137104,0.0017974376678466797
49307,normal,894,2,1782358954.915912,0.002201557159423828
49308,normal,1839,0,1782358954.9176428,0.0017309188842773438
49309,normal,2303,0,1782358954.919961,0.002318143844604492
49310,normal,3014,0,1782358954.9217596,0.0017986297607421875
49311,normal,2777,0,1782358954.9238057,0.0020461082458496094
49312,normal,3559,0,1782358954.9258857,0.0020799636840820312
49313,normal,1648,0,1782358954.9277866,0.0019009113311767578
49314,normal,826,2,1782358954.9296374,0.0018508434295654297
49315,normal,798,2,1782358954.931819,0.002181529998779297
49316,normal,206,0,1782358954.933854,0.0020351409912109375
49317,normal,607,0,1782358954.9357908,0.0019366741180419922
49318,normal,1888,0,1782358954.9377193,0.001928567886352539
49319,normal,1971,0,1782358954.939918,0.0021986961364746094
49320,normal,97,0,1782358954.9418416,0.0019235610961914062
49321,normal,1021,2,1782358954.943824,0.001982450485229492
49322,normal,1943,0,1782358954.9458852,0.002061128616333008
49323,normal,3380,1,1782358954.9476447,0.0017595291137695312
49324,normal,1627,0,1782358954.9499068,0.002262115478515625
49325,normal,710,0,1782358954.951644,0.0017371177673339844
49326,normal,3393,1,1782358954.9537885,0.0021445751190185547
49327,normal,3460,0,1782358954.9558337,0.002045154571533203
49328,normal,1191,0,1782358954.9579268,0.002093076705932617
49329,normal,937,2,1782358954.9596434,0.00171661376953125
49330,normal,307,0,1782358954.961831,0.0021877288818359375
49331,normal,493,0,1782358954.9638612,0.0020301342010498047
49332,normal,841,2,1782358954.965789,0.0019278526306152344
49333,normal,1084,0,1782358954.9679093,0.0021202564239501953
49334,normal,2272,0,1782358954.9699087,0.001999378204345703
49335,normal,3307,1,1782358954.9716415,0.0017328262329101562
49336,normal,387,0,1782358954.974007,0.0023653507232666016
49337,normal,2007,0,1782358954.975617,0.0016100406646728516
49338,normal,3057,1,1782358954.9776096,0.0019927024841308594
49339,normal,239,0,1782358954.9798832,0.0022735595703125
49340,normal,3512,0,1782358954.9816217,0.0017385482788085938
49341,normal,1784,0,1782358954.9836462,0.002024412155151367
49342,normal,866,2,1782358954.9860158,0.0023696422576904297
49343,normal,3322,1,1782358954.9877179,0.0017020702362060547
49344,normal,175,0,1782358954.9898353,0.0021173954010009766
49345,normal,2714,0,1782358954.9918804,0.002045154571533203
49346,normal,2732,0,1782358954.9938645,0.001984119415283203
49347,normal,2153,0,1782358954.9956405,0.001775979995727539
49348,normal,2996,0,1782358954.9980493,0.002408742904663086
49349,normal,2367,0,1782358954.9997249,0.0016756057739257812
49350,normal,444,0,1782358955.0018032,0.0020782947540283203
49351,normal,2067,0,1782358955.0037608,0.0019576549530029297
49352,normal,323,0,1782358955.0059204,0.002159595489501953
49353,normal,1384,0,1782358955.007644,0.0017235279083251953
49354,normal,3225,1,1782358955.0099006,0.002256631851196289
49355,normal,3444,0,1782358955.0117273,0.0018267631530761719
49356,normal,811,2,1782358955.01379,0.002062559127807617
49357,normal,842,2,1782358955.015642,0.0018520355224609375
49358,normal,3204,1,1782358955.0179226,0.002280712127685547
49359,normal,1868,0,1782358955.0196455,0.0017228126525878906
49360,normal,3063,1,1782358955.0218978,0.002252340316772461
49361,normal,2105,0,1782358955.023726,0.0018281936645507812
49362,normal,959,2,1782358955.0257514,0.0020253658294677734
49363,normal,3142,1,1782358955.0277607,0.0020093917846679688
49364,normal,1088,0,1782358955.0299199,0.00215911865234375
49365,normal,908,2,1782358955.0316498,0.0017299652099609375
49366,normal,1810,0,1782358955.0337813,0.0021314620971679688
49367,normal,304,0,1782358955.0358746,0.0020933151245117188
49368,normal,3140,1,1782358955.037642,0.0017673969268798828
49369,normal,17,0,1782358955.0399034,0.0022614002227783203
49370,normal,3631,0,1782358955.0417285,0.001825094223022461
49371,normal,1298,0,1782358955.0437896,0.002061128616333008
49372,normal,3342,1,1782358955.0457647,0.0019750595092773438
49373,normal,1284,0,1782358955.047911,0.0021462440490722656
49374,normal,3032,0,1782358955.0495987,0.001687765121459961
49375,normal,3589,0,1782358955.0517066,0.002107858657836914
49376,normal,385,0,1782358955.0537984,0.0020918846130371094
49377,normal,566,0,1782358955.0556018,0.0018033981323242188
49378,normal,123,0,1782358955.0577445,0.002142667770385742
49379,normal,1131,0,1782358955.0596569,0.0019123554229736328
49380,normal,3298,1,1782358955.061732,0.0020751953125
49381,normal,3485,0,1782358955.063602,0.0018699169158935547
49382,normal,2740,0,1782358955.0657616,0.002159595489501953
49383,normal,1033,0,1782358955.067593,0.0018315315246582031
49384,normal,2183,0,1782358955.0697322,0.0021390914916992188
49385,normal,2383,0,1782358955.0716467,0.0019145011901855469
49386,normal,1370,1,1782358955.0737383,0.002091646194458008
49387,normal,3043,0,1782358955.0756059,0.001867532730102539
49388,normal,2409,0,1782358955.0777612,0.002155303955078125
49389,normal,2833,0,1782358955.0796196,0.0018584728240966797
49390,normal,2534,0,1782358955.0822232,0.0026035308837890625
49391,normal,1900,0,1782358955.0838935,0.0016703605651855469
49392,normal,1461,0,1782358955.0856133,0.0017197132110595703
49393,normal,923,2,1782358955.0876293,0.0020160675048828125
49394,normal,999,2,1782358955.0897326,0.0021033287048339844
49395,normal,37,0,1782358955.0916162,0.0018835067749023438
49396,normal,890,2,1782358955.0936172,0.002001047134399414
49397,normal,1548,0,1782358955.095617,0.0019998550415039062
49398,normal,584,0,1782358955.0976174,0.0020003318786621094
49399,normal,216,0,1782358955.0996175,0.002000093460083008
49400,normal,2034,0,1782358955.1017513,0.0021338462829589844
49401,normal,2254,0,1782358955.1035736,0.0018222332000732422
49402,normal,2661,0,1782358955.1055691,0.001995563507080078
49403,normal,818,2,1782358955.1076262,0.0020570755004882812
49404,normal,3174,1,1782358955.1095676,0.0019414424896240234
49405,normal,1045,0,1782358955.1115704,0.002002716064453125
49406,normal,2811,0,1782358955.1136224,0.0020520687103271484
49407,normal,1730,0,1782358955.115569,0.0019466876983642578
49408,normal,3593,0,1782358955.1176207,0.0020515918731689453
49409,normal,1484,0,1782358955.119578,0.0019571781158447266
49410,normal,521,0,1782358955.1215675,0.001989603042602539
49411,normal,3086,1,1782358955.1235664,0.0019989013671875
49412,normal,1350,1,1782358955.1256235,0.0020570755004882812
49413,normal,3432,0,1782358955.1275697,0.0019462108612060547
49414,normal,195,0,1782358955.1295722,0.0020024776458740234
49415,normal,1071,0,1782358955.1316288,0.002056598663330078
49416,normal,2292,0,1782358955.133565,0.001936197280883789
49417,normal,418,0,1782358955.1355658,0.0020008087158203125
49418,normal,1343,1,1782358955.137624,0.002058267593383789
49419,normal,2284,0,1782358955.1395652,0.0019412040710449219
49420,normal,1254,0,1782358955.1415658,0.002000570297241211
49421,normal,3083,1,1782358955.1436238,0.0020580291748046875
49422,normal,299,0,1782358955.1455646,0.0019407272338867188
49423,normal,3258,1,1782358955.147692,0.002127408981323242
49424,normal,1207,0,1782358955.1495926,0.0019006729125976562
49425,normal,933,2,1782358955.1515682,0.001975536346435547
49426,normal,601,0,1782358955.1535673,0.0019991397857666016
49427,normal,2472,0,1782358955.1556256,0.002058267593383789
49428,normal,2894,0,1782358955.1575723,0.0019466876983642578
49429,normal,2219,0,1782358955.159567,0.0019948482513427734
49430,normal,3463,0,1782358955.1616232,0.002056121826171875
49431,normal,775,2,1782358955.163572,0.0019488334655761719
49432,normal,3098,1,1782358955.1655662,0.0019941329956054688
49433,normal,2774,0,1782358955.1676192,0.0020530223846435547
49434,normal,2849,0,1782358955.1695678,0.0019485950469970703
49435,normal,1824,0,1782358955.1715658,0.0019979476928710938
49436,normal,694,0,1782358955.1736252,0.002059459686279297
49437,normal,714,0,1782358955.175568,0.0019428730010986328
49438,normal,1060,0,1782358955.1775646,0.0019965171813964844
49439,normal,1281,0,1782358955.179626,0.0020613670349121094
49440,normal,2847,0,1782358955.181568,0.0019419193267822266
49441,normal,816,2,1782358955.1835668,0.0019989013671875
49442,normal,107,0,1782358955.185623,0.002056121826171875
49443,normal,1614,0,1782358955.1875682,0.0019452571868896484
49444,normal,2459,0,1782358955.18957,0.0020017623901367188
49445,normal,2997,0,1782358955.1915896,0.002019643783569336
49446,normal,2148,0,1782358955.1935692,0.0019795894622802734
49447,normal,2249,0,1782358955.1955688,0.0019996166229248047
49448,normal,1323,1,1782358955.19763,0.002061128616333008
49449,normal,2757,0,1782358955.1995645,0.0019345283508300781
49450,normal,328,0,1782358955.2015648,0.0020003318786621094
49451,normal,1628,0,1782358955.203624,0.0020592212677001953
49452,normal,1015,2,1782358955.2055671,0.0019431114196777344
49453,normal,2042,0,1782358955.2075708,0.0020036697387695312
49454,normal,2319,0,1782358955.2096226,0.002051830291748047
49455,normal,1790,0,1782358955.2115686,0.0019459724426269531
49456,normal,3215,1,1782358955.2135766,0.0020079612731933594
49457,normal,394,0,1782358955.215591,0.0020143985748291016
49458,normal,3008,0,1782358955.2175667,0.0019757747650146484
49459,normal,3487,0,1782358955.2195675,0.0020008087158203125
49460,normal,2578,0,1782358955.2216315,0.0020639896392822266
49461,normal,133,0,1782358955.2235656,0.001934051513671875
49462,normal,2294,0,1782358955.2255652,0.0019996166229248047
49463,normal,3511,0,1782358955.2275896,0.002024412155151367
49464,normal,181,0,1782358955.2295685,0.0019788742065429688
49465,normal,1955,0,1782358955.2315664,0.0019979476928710938
49466,normal,1805,0,1782358955.2336202,0.0020537376403808594
49467,normal,80,0,1782358955.2355735,0.0019533634185791016
49468,normal,1772,0,1782358955.237567,0.001993417739868164
49469,normal,1866,0,1782358955.2396245,0.0020575523376464844
49470,normal,344,0,1782358955.2415655,0.0019409656524658203
49471,normal,2607,0,1782358955.2435677,0.002002239227294922
49472,normal,856,2,1782358955.2456238,0.002056121826171875
49473,normal,2913,0,1782358955.2475696,0.0019457340240478516
49474,normal,65,0,1782358955.2495687,0.0019991397857666016
49475,normal,302,0,1782358955.25163,0.0020613670349121094
49476,normal,2547,0,1782358955.2535665,0.0019364356994628906
49477,normal,1750,0,1782358955.2555645,0.0019979476928710938
49478,normal,2884,0,1782358955.25763,0.0020656585693359375
49479,normal,485,0,1782358955.2595694,0.0019392967224121094
49480,normal,3341,1,1782358955.2615795,0.0020101070404052734
49481,normal,3619,0,1782358955.2636373,0.002057790756225586
49482,normal,208,0,1782358955.265568,0.0019307136535644531
49483,normal,3402,0,1782358955.2675648,0.001996755599975586
49484,normal,1604,0,1782358955.2696223,0.0020575523376464844
49485,normal,3495,0,1782358955.2715685,0.0019462108612060547
49486,normal,3558,0,1782358955.2735655,0.0019969940185546875
49487,normal,388,0,1782358955.2756348,0.002069234848022461
49488,normal,849,2,1782358955.2775657,0.0019309520721435547
49489,normal,1034,0,1782358955.2795663,0.002000570297241211
49490,normal,2681,0,1782358955.2815857,0.0020194053649902344
49491,normal,2538,0,1782358955.283595,0.0020093917846679688
49492,normal,3147,1,1782358955.2855737,0.001978635787963867
49493,normal,1541,0,1782358955.287624,0.002050161361694336
49494,normal,540,0,1782358955.2895641,0.0019402503967285156
49495,normal,1783,0,1782358955.2915697,0.0020055770874023438
49496,normal,1794,0,1782358955.2936249,0.0020551681518554688
49497,normal,529,0,1782358955.2955682,0.001943349838256836
49498,normal,571,0,1782358955.2975667,0.001998424530029297
49499,normal,1885,0,1782358955.299638,0.002071380615234375
49500,normal,562,0,1782358955.301588,0.0019500255584716797
49501,normal,118,0,1782358955.3035674,0.001979351043701172
49502,normal,377,0,1782358955.3056226,0.0020551681518554688
49503,normal,964,2,1782358955.3075716,0.0019490718841552734
49504,normal,1016,2,1782358955.3095698,0.0019981861114501953
49505,normal,1089,0,1782358955.3116202,0.0020503997802734375
49506,normal,534,0,1782358955.3135753,0.0019550323486328125
49507,normal,2937,0,1782358955.3155663,0.0019910335540771484
49508,normal,2947,0,1782358955.3176346,0.0020682811737060547
49509,normal,3273,1,1782358955.319601,0.0019664764404296875
49510,normal,2244,0,1782358955.3215642,0.0019631385803222656
49511,normal,3378,1,1782358955.323631,0.0020668506622314453
49512,normal,3219,1,1782358955.3255668,0.001935720443725586
49513,normal,252,0,1782358955.327567,0.0020003318786621094
49514,normal,3482,0,1782358955.3296332,0.0020661354064941406
49515,normal,280,0,1782358955.3315678,0.0019345283508300781
49516,normal,1168,0,1782358955.3335655,0.001997709274291992
49517,normal,1573,0,1782358955.3356242,0.002058744430541992
49518,normal,2202,0,1782358955.3375664,0.0019421577453613281
49519,normal,407,0,1782358955.3395693,0.0020029544830322266
49520,normal,861,2,1782358955.341623,0.0020537376403808594
49521,normal,397,0,1782358955.3435645,0.0019414424896240234
49522,normal,1941,0,1782358955.345567,0.0020024776458740234
49523,normal,3324,1,1782358955.347592,0.002025127410888672
49524,normal,938,2,1782358955.3499177,0.0023255348205566406
49525,normal,3375,1,1782358955.3517008,0.001783132553100586
49526,normal,2672,0,1782358955.3539157,0.0022149085998535156
49527,normal,3125,1,1782358955.3556435,0.0017278194427490234
49528,normal,713,0,1782358955.3576896,0.0020461082458496094
49529,normal,2132,0,1782358955.3597846,0.0020949840545654297
49530,normal,815,2,1782358955.3615906,0.001806020736694336
49531,normal,698,0,1782358955.3638783,0.002287626266479492
49532,normal,2049,0,1782358955.3657382,0.001859903335571289
49533,normal,508,0,1782358955.3675878,0.0018496513366699219
49534,normal,2713,0,1782358955.3698812,0.0022933483123779297
49535,normal,3012,0,1782358955.371737,0.0018558502197265625
49536,normal,2794,0,1782358955.3736382,0.0019011497497558594
49537,normal,2497,0,1782358955.3758762,0.002238035202026367
49538,normal,2381,0,1782358955.3779106,0.002034425735473633
49539,normal,2520,0,1782358955.3796425,0.00173187255859375
49540,normal,1938,0,1782358955.38188,0.002237558364868164
49541,normal,1690,0,1782358955.3839011,0.0020210742950439453
49542,normal,1308,0,1782358955.3856487,0.0017476081848144531
49543,normal,2792,0,1782358955.3878884,0.002239704132080078
49544,normal,1056,0,1782358955.389897,0.002008676528930664
49545,normal,2657,0,1782358955.391648,0.001750946044921875
49546,normal,127,0,1782358955.393886,0.002238035202026367
49547,normal,3137,1,1782358955.3958619,0.0019757747650146484
49548,normal,2883,0,1782358955.397583,0.0017211437225341797
49549,normal,1583,0,1782358955.3997903,0.0022072792053222656
49550,normal,1475,0,1782358955.401796,0.0020058155059814453
49551,normal,3097,1,1782358955.4035842,0.0017881393432617188
49552,normal,2274,0,1782358955.4058294,0.002245187759399414
49553,normal,2936,0,1782358955.4077647,0.0019352436065673828
49554,normal,806,2,1782358955.4095817,0.0018169879913330078
49555,normal,1847,0,1782358955.4117877,0.002206087112426758
49556,normal,2967,0,1782358955.413802,0.00201416015625
49557,normal,1009,2,1782358955.4155834,0.001781463623046875
49558,normal,3116,1,1782358955.4177904,0.002207040786743164
49559,normal,428,0,1782358955.4197829,0.001992464065551758
49560,normal,2467,0,1782358955.4215882,0.0018053054809570312
49561,normal,3360,1,1782358955.423797,0.002208709716796875
49562,normal,963,2,1782358955.425819,0.0020220279693603516
49563,normal,410,0,1782358955.427581,0.0017621517181396484
49564,normal,995,2,1782358955.429796,0.0022149085998535156
49565,normal,3245,1,1782358955.4318023,0.0020062923431396484
49566,normal,332,0,1782358955.433582,0.001779794692993164
49567,normal,756,0,1782358955.4358013,0.0022192001342773438
49568,normal,1061,0,1782358955.4377596,0.0019583702087402344
49569,normal,2704,0,1782358955.4395835,0.0018239021301269531
49570,normal,2418,0,1782358955.4418037,0.00222015380859375
49571,normal,2536,0,1782358955.4437551,0.001951456069946289
49572,normal,1307,0,1782358955.445585,0.0018298625946044922
49573,normal,3649,0,1782358955.4478037,0.0022187232971191406
49574,normal,878,2,1782358955.4497519,0.0019481182098388672
49575,normal,3193,1,1782358955.451585,0.001833200454711914
49576,normal,512,0,1782358955.453817,0.0022318363189697266
49577,normal,471,0,1782358955.4557757,0.0019588470458984375
49578,normal,1716,0,1782358955.4575803,0.0018045902252197266
49579,normal,931,2,1782358955.45981,0.0022296905517578125
49580,normal,3606,0,1782358955.4617534,0.001943349838256836
49581,normal,2443,0,1782358955.4635844,0.0018310546875
49582,normal,205,0,1782358955.4658122,0.002227783203125
49583,normal,2983,0,1782358955.4677496,0.0019373893737792969
49584,normal,3370,1,1782358955.4695911,0.0018415451049804688
49585,normal,2422,0,1782358955.471814,0.002222776412963867
49586,normal,2243,0,1782358955.4737432,0.0019292831420898438
49587,normal,805,2,1782358955.4755845,0.0018413066864013672
49588,normal,1726,0,1782358955.477823,0.0022385120391845703
49589,normal,641,0,1782358955.4797492,0.0019261837005615234
49590,normal,2745,0,1782358955.4815807,0.0018315315246582031
49591,normal,2926,0,1782358955.4838214,0.0022406578063964844
49592,normal,2929,0,1782358955.4857464,0.0019249916076660156
49593,normal,1945,0,1782358955.487583,0.001836538314819336
49594,normal,3476,0,1782358955.4898212,0.0022382736206054688
49595,normal,3522,0,1782358955.4917593,0.0019381046295166016
49596,normal,326,0,1782358955.4935837,0.0018243789672851562
49597,normal,2173,0,1782358955.4958217,0.002238035202026367
49598,normal,159,0,1782358955.4977455,0.0019237995147705078
49599,normal,2828,0,1782358955.4995813,0.0018358230590820312
49600,normal,68,0,1782358955.5018866,0.002305269241333008
49601,normal,637,0,1782358955.5039093,0.0020227432250976562
49602,normal,2177,0,1782358955.5056422,0.0017328262329101562
49603,normal,62,0,1782358955.507888,0.0022459030151367188
49604,normal,2678,0,1782358955.5099175,0.0020294189453125
49605,normal,2457,0,1782358955.5116422,0.0017247200012207031
49606,normal,1209,0,1782358955.513843,0.0022008419036865234
49607,normal,1920,0,1782358955.5158994,0.0020563602447509766
49608,normal,3259,1,1782358955.5176415,0.0017421245574951172
49609,normal,936,2,1782358955.5198932,0.0022516250610351562
49610,normal,362,0,1782358955.5219069,0.002013683319091797
49611,normal,1777,0,1782358955.5236425,0.001735687255859375
49612,normal,254,0,1782358955.5259163,0.0022737979888916016
49613,normal,3468,0,1782358955.5279124,0.0019960403442382812
49614,normal,2037,0,1782358955.5296364,0.0017240047454833984
49615,normal,907,2,1782358955.53185,0.002213716506958008
49616,normal,3025,0,1782358955.5337806,0.0019304752349853516
49617,normal,2590,0,1782358955.5358472,0.0020666122436523438
49618,normal,1734,0,1782358955.5376525,0.0018053054809570312
49619,normal,3349,1,1782358955.5399146,0.002262115478515625
49620,normal,3160,1,1782358955.5416489,0.0017342567443847656
49621,normal,1296,0,1782358955.5436556,0.0020067691802978516
49622,normal,2987,0,1782358955.5459187,0.0022630691528320312
49623,normal,996,2,1782358955.5476532,0.0017344951629638672
49624,normal,2458,0,1782358955.5496917,0.0020384788513183594
49625,normal,502,0,1782358955.5519168,0.002225160598754883
49626,normal,1966,0,1782358955.5536423,0.0017254352569580078
49627,normal,2567,0,1782358955.5556774,0.0020351409912109375
49628,normal,33,0,1782358955.5579169,0.0022394657135009766
49629,normal,1996,0,1782358955.559649,0.0017321109771728516
49630,normal,417,0,1782358955.561635,0.0019860267639160156
49631,normal,124,0,1782358955.5639076,0.0022726058959960938
49632,normal,2790,0,1782358955.5656419,0.0017342567443847656
49633,normal,588,0,1782358955.5678473,0.002205371856689453
49634,normal,1948,0,1782358955.5698972,0.0020499229431152344
49635,normal,2045,0,1782358955.5716395,0.0017423629760742188
49636,normal,186,0,1782358955.5738692,0.0022296905517578125
49637,normal,257,0,1782358955.5759091,0.0020399093627929688
49638,normal,171,0,1782358955.5776436,0.0017344951629638672
49639,normal,3699,0,1782358955.5798755,0.0022318363189697266
49640,normal,612,0,1782358955.5819166,0.0020411014556884766
49641,normal,639,0,1782358955.5836408,0.0017242431640625
49642,normal,739,0,1782358955.585841,0.0022001266479492188
49643,normal,702,0,1782358955.5879025,0.002061605453491211
49644,normal,2242,0,1782358955.5896437,0.001741170883178711
49645,normal,3568,0,1782358955.5918672,0.002223491668701172
49646,normal,366,0,1782358955.5939102,0.002043008804321289
49647,normal,1622,0,1782358955.5956411,0.0017309188842773438
49648,normal,2321,0,1782358955.5978487,0.002207517623901367
49649,normal,2698,0,1782358955.5999093,0.0020606517791748047
49650,normal,2021,0,1782358955.6016414,0.0017321109771728516
49651,normal,3278,1,1782358955.6038458,0.002204418182373047
49652,normal,1387,0,1782358955.6059031,0.002057313919067383
49653,normal,2752,0,1782358955.6076415,0.0017383098602294922
49654,normal,1618,0,1782358955.6098733,0.0022318363189697266
49655,normal,2476,0,1782358955.6118746,0.0020012855529785156
49656,normal,2084,0,1782358955.6137183,0.0018436908721923828
49657,normal,46,0,1782358955.6156948,0.001976490020751953
49658,normal,1817,0,1782358955.6178448,0.0021500587463378906
49659,normal,1659,0,1782358955.6195865,0.001741647720336914
49660,normal,122,0,1782358955.6218715,0.002285003662109375
49661,normal,924,2,1782358955.6237602,0.0018887519836425781
49662,normal,2977,0,1782358955.6258757,0.002115488052368164
49663,normal,1410,0,1782358955.627638,0.00176239013671875
49664,normal,150,0,1782358955.6298034,0.0021653175354003906
49665,normal,1212,0,1782358955.6316009,0.0017974376678466797
49666,normal,1002,2,1782358955.6338327,0.0022318363189697266
49667,normal,2701,0,1782358955.6357238,0.0018911361694335938
49668,normal,2390,0,1782358955.637588,0.0018641948699951172
49669,normal,1286,0,1782358955.639893,0.0023050308227539062
49670,normal,301,0,1782358955.6417344,0.0018413066864013672
49671,normal,3003,0,1782358955.643598,0.001863718032836914
49672,normal,491,0,1782358955.6457875,0.0021893978118896484
49673,normal,243,0,1782358955.6477258,0.0019383430480957031
49674,normal,1527,0,1782358955.6495905,0.0018646717071533203
49675,normal,690,0,1782358955.651808,0.002217531204223633
49676,normal,1213,0,1782358955.653744,0.0019359588623046875
49677,normal,2090,0,1782358955.6555884,0.0018444061279296875
49678,normal,3474,0,1782358955.6576009,0.002012491226196289
49679,normal,152,0,1782358955.6597917,0.002190828323364258
49680,normal,582,0,1782358955.661592,0.0018002986907958984
49681,normal,3260,1,1782358955.6638157,0.0022237300872802734
49682,normal,209,0,1782358955.6657405,0.001924753189086914
49683,normal,1668,0,1782358955.6676006,0.0018601417541503906
49684,normal,3533,0,1782358955.6698165,0.002215862274169922
49685,normal,803,2,1782358955.6717255,0.001909017562866211
49686,normal,2840,0,1782358955.6735916,0.0018661022186279297
49687,normal,593,0,1782358955.6758196,0.0022280216217041016
49688,normal,2650,0,1782358955.6777263,0.0019066333770751953
49689,normal,516,0,1782358955.6795917,0.001865386962890625
49690,normal,1125,0,1782358955.6819534,0.002361774444580078
49691,normal,83,0,1782358955.6840117,0.002058267593383789
49692,normal,1526,0,1782358955.6858776,0.0018658638000488281
49693,normal,850,2,1782358955.68762,0.0017423629760742188
49694,normal,2450,0,1782358955.6898425,0.0022225379943847656
49695,normal,3199,1,1782358955.6915953,0.0017528533935546875
49696,normal,3377,1,1782358955.6938238,0.0022284984588623047
49697,normal,2055,0,1782358955.6956167,0.00179290771484375
49698,normal,1785,0,1782358955.6975908,0.0019741058349609375
49699,normal,3339,1,1782358955.6998303,0.0022394657135009766
49700,normal,2628,0,1782358955.701597,0.0017666816711425781
49701,normal,2837,0,1782358955.7037952,0.0021982192993164062
49702,normal,3168,1,1782358955.7056181,0.0018229484558105469
49703,normal,3425,0,1782358955.7077897,0.0021715164184570312
49704,normal,3447,0,1782358955.7095919,0.001802206039428711
49705,normal,1742,0,1782358955.7118313,0.0022394657135009766
49706,normal,1129,0,1782358955.7136126,0.0017812252044677734
49707,normal,238,0,1782358955.7157953,0.0021827220916748047
49708,normal,3047,1,1782358955.7176256,0.0018303394317626953
49709,normal,3184,1,1782358955.7198002,0.0021746158599853516
49710,normal,2064,0,1782358955.721592,0.0017917156219482422
49711,normal,629,0,1782358955.7238357,0.0022437572479248047
49712,normal,1119,0,1782358955.7255938,0.0017580986022949219
49713,normal,3074,1,1782358955.7277954,0.002201557159423828
49714,normal,3381,1,1782358955.7296293,0.0018339157104492188
49715,normal,3302,1,1782358955.7318,0.0021708011627197266
49716,normal,1046,0,1782358955.7335923,0.0017921924591064453
49717,normal,112,0,1782358955.7358382,0.0022459030151367188
49718,normal,1644,0,1782358955.7377067,0.0018684864044189453
49719,normal,1109,0,1782358955.7395911,0.00188446044921875
49720,normal,1802,0,1782358955.7418234,0.0022323131561279297
49721,normal,3700,0,1782358955.7437236,0.0019001960754394531
49722,normal,3637,0,1782358955.7455897,0.0018661022186279297
49723,normal,666,0,1782358955.7478454,0.002255678176879883
49724,normal,2360,0,1782358955.74971,0.0018646717071533203
49725,normal,2581,0,1782358955.7515907,0.001880645751953125
49726,normal,726,0,1782358955.753851,0.0022602081298828125
49727,normal,799,2,1782358955.7557075,0.0018565654754638672
49728,normal,1799,0,1782358955.7576368,0.0019292831420898438
49729,normal,1722,0,1782358955.7598352,0.002198457717895508
49730,normal,203,0,1782358955.7619164,0.002081155776977539
49731,normal,494,0,1782358955.7636461,0.001729726791381836
49732,normal,2566,0,1782358955.7658994,0.002253293991088867
49733,normal,3337,1,1782358955.7679234,0.002023935317993164
49734,normal,2880,0,1782358955.7696435,0.0017201900482177734
49735,normal,166,0,1782358955.7718496,0.002206087112426758
49736,normal,3357,1,1782358955.7739208,0.0020711421966552734
49737,normal,2072,0,1782358955.7756464,0.0017256736755371094
49738,normal,1744,0,1782358955.777855,0.0022084712982177734
49739,normal,2475,0,1782358955.779906,0.002051115036010742
49740,normal,763,0,1782358955.7816522,0.0017461776733398438
49741,normal,2611,0,1782358955.7838604,0.002208232879638672
49742,normal,2984,0,1782358955.7859194,0.0020589828491210938
49743,normal,2815,0,1782358955.7876446,0.0017251968383789062
49744,normal,2939,0,1782358955.7898443,0.0021996498107910156
49745,normal,458,0,1782358955.791896,0.002051830291748047
49746,normal,1020,2,1782358955.7936444,0.0017483234405517578
49747,normal,2484,0,1782358955.7958677,0.0022232532501220703
49748,normal,632,0,1782358955.7979198,0.0020520687103271484
49749,normal,2808,0,1782358955.7996476,0.0017278194427490234
49750,normal,1232,0,1782358955.801869,0.002221345901489258
49751,normal,2753,0,1782358955.8038964,0.0020275115966796875
49752,normal,2949,0,1782358955.8056436,0.00174713134765625
49753,normal,1148,0,1782358955.8078742,0.0022306442260742188
49754,normal,500,0,1782358955.8099065,0.0020322799682617188
49755,normal,2573,0,1782358955.8116457,0.0017392635345458984
49756,normal,785,2,1782358955.813872,0.0022263526916503906
49757,normal,2873,0,1782358955.8159072,0.0020351409912109375
49758,normal,221,0,1782358955.817645,0.001737833023071289
49759,normal,1462,0,1782358955.8198776,0.0022325515747070312
49760,normal,3458,0,1782358955.8219116,0.0020339488983154297
49761,normal,895,2,1782358955.8236444,0.0017328262329101562
49762,normal,2081,0,1782358955.82588,0.0022356510162353516
49763,normal,2807,0,1782358955.8279078,0.002027750015258789
49764,normal,1053,0,1782358955.829646,0.0017383098602294922
49765,normal,976,2,1782358955.8318722,0.002226114273071289
49766,normal,1402,0,1782358955.8338969,0.0020246505737304688
49767,normal,1431,0,1782358955.8356452,0.0017483234405517578
49768,normal,864,2,1782358955.8378856,0.002240419387817383
49769,normal,2165,0,1782358955.839907,0.002021312713623047
49770,normal,338,0,1782358955.8416452,0.0017383098602294922
49771,normal,975,2,1782358955.8438885,0.0022432804107666016
49772,normal,2719,0,1782358955.8458962,0.002007722854614258
49773,normal,348,0,1782358955.8476477,0.0017514228820800781
49774,normal,506,0,1782358955.8498905,0.0022428035736083984
49775,normal,752,0,1782358955.8519018,0.0020112991333007812
49776,normal,3382,1,1782358955.8536477,0.0017459392547607422
49777,normal,3006,0,1782358955.8559053,0.0022575855255126953
49778,normal,1813,0,1782358955.8578975,0.0019922256469726562
49779,normal,3412,0,1782358955.8596532,0.0017557144165039062
49780,normal,270,0,1782358955.8618584,0.0022051334381103516
49781,normal,2795,0,1782358955.8639054,0.0020470619201660156
49782,normal,2969,0,1782358955.8656404,0.0017349720001220703
49783,normal,3434,0,1782358955.867902,0.002261638641357422
49784,normal,3059,1,1782358955.869897,0.0019948482513427734
49785,normal,906,2,1782358955.8716424,0.001745462417602539
49786,normal,2488,0,1782358955.8738964,0.002254009246826172
49787,normal,2121,0,1782358955.8758929,0.0019965171813964844
49788,normal,224,0,1782358955.877641,0.0017480850219726562
49789,normal,2521,0,1782358955.879898,0.002257108688354492
49790,normal,3567,0,1782358955.8819077,0.0020096302032470703
49791,normal,3306,1,1782358955.8836427,0.0017349720001220703
49792,normal,73,0,1782358955.8859003,0.0022575855255126953
49793,normal,113,0,1782358955.8878996,0.001999378204345703
49794,normal,3148,1,1782358955.8896396,0.0017399787902832031
49795,normal,2301,0,1782358955.891906,0.002266407012939453
49796,normal,1625,0,1782358955.8938835,0.0019774436950683594
49797,normal,1062,0,1782358955.895649,0.0017654895782470703
49798,normal,402,0,1782358955.897909,0.002259969711303711
49799,normal,53,0,1782358955.8998995,0.0019905567169189453
49800,normal,3628,0,1782358955.9016428,0.001743316650390625
49801,normal,3625,0,1782358955.903909,0.0022661685943603516
49802,normal,1871,0,1782358955.905911,0.0020020008087158203
49803,normal,2522,0,1782358955.907634,0.0017230510711669922
49804,normal,1991,0,1782358955.909908,0.002274036407470703
49805,normal,1014,2,1782358955.911892,0.0019838809967041016
49806,normal,507,0,1782358955.913647,0.0017549991607666016
49807,normal,2053,0,1782358955.9159122,0.0022652149200439453
49808,normal,3616,0,1782358955.9179134,0.0020012855529785156
49809,normal,2300,0,1782358955.9196427,0.0017292499542236328
49810,normal,101,0,1782358955.9219203,0.0022776126861572266
49811,normal,1339,1,1782358955.9239137,0.001993417739868164
49812,normal,1517,0,1782358955.9256399,0.0017261505126953125
49813,normal,1187,0,1782358955.9279227,0.002282857894897461
49814,normal,2094,0,1782358955.929912,0.0019893646240234375
49815,normal,3126,1,1782358955.9316437,0.0017316341400146484
49816,normal,2000,0,1782358955.933841,0.002197265625
49817,normal,3315,1,1782358955.9358926,0.0020515918731689453
49818,normal,177,0,1782358955.937647,0.0017545223236083984
49819,normal,2663,0,1782358955.9399219,0.002274751663208008
49820,normal,643,0,1782358955.941902,0.0019800662994384766
49821,normal,172,0,1782358955.9436412,0.0017392635345458984
49822,normal,897,2,1782358955.9459271,0.0022859573364257812
49823,normal,2612,0,1782358955.947911,0.0019838809967041016
49824,normal,365,0,1782358955.9496424,0.0017313957214355469
49825,normal,2238,0,1782358955.951921,0.002278566360473633
49826,normal,3253,1,1782358955.9538877,0.001966714859008789
49827,normal,1058,0,1782358955.9556396,0.0017518997192382812
49828,normal,3499,0,1782358955.9577484,0.0021088123321533203
49829,normal,1155,0,1782358955.95992,0.0021715164184570312
49830,normal,1654,0,1782358955.9616416,0.0017216205596923828
49831,normal,3673,0,1782358955.9639301,0.0022885799407958984
49832,normal,825,2,1782358955.965903,0.0019729137420654297
49833,normal,1142,0,1782358955.9676456,0.0017426013946533203
49834,normal,108,0,1782358955.969927,0.0022814273834228516
49835,normal,2400,0,1782358955.9719155,0.0019884109497070312
49836,normal,1840,0,1782358955.9736428,0.0017273426055908203
49837,normal,386,0,1782358955.9758842,0.002241373062133789
49838,normal,317,0,1782358955.977902,0.0020177364349365234
49839,normal,3449,0,1782358955.979646,0.0017440319061279297
49840,normal,2956,0,1782358955.981755,0.002109050750732422
49841,normal,1198,0,1782358955.9839098,0.002154827117919922
49842,normal,3691,0,1782358955.98564,0.001730203628540039
49843,normal,872,2,1782358955.9878485,0.0022084712982177734
49844,normal,1369,1,1782358955.9896424,0.0017938613891601562
49845,normal,2312,0,1782358955.9918425,0.0022001266479492188
49846,normal,2516,0,1782358955.9937587,0.0019161701202392578
49847,normal,1245,0,1782358955.9959147,0.0021560192108154297
49848,normal,1489,0,1782358955.9976435,0.0017287731170654297
49849,normal,1353,1,1782358955.9998949,0.0022513866424560547
49850,normal,1710,0,1782358956.0018923,0.0019974708557128906
49851,normal,331,0,1782358956.003645,0.001752614974975586
49852,normal,3234,1,1782358956.005858,0.002213001251220703
49853,normal,511,0,1782358956.0078907,0.002032756805419922
49854,normal,2603,0,1782358956.0096436,0.0017528533935546875
49855,normal,2012,0,1782358956.0118487,0.0022051334381103516
49856,normal,3633,0,1782358956.0138993,0.002050638198852539
49857,normal,3194,1,1782358956.015652,0.001752614974975586
49858,normal,3019,0,1782358956.0178506,0.0021986961364746094
49859,normal,3096,1,1782358956.019874,0.002023458480834961
49860,normal,635,0,1782358956.0216427,0.0017685890197753906
49861,normal,3427,0,1782358956.0238562,0.0022134780883789062
49862,normal,3030,0,1782358956.0259025,0.002046346664428711
49863,normal,1551,0,1782358956.0276432,0.0017406940460205078
49864,normal,3572,0,1782358956.0298598,0.0022165775299072266
49865,normal,1964,0,1782358956.0319128,0.0020530223846435547
49866,normal,2816,0,1782358956.0336404,0.0017275810241699219
49867,normal,3120,1,1782358956.0358636,0.0022232532501220703
49868,normal,3056,1,1782358956.0379012,0.002037525177001953
49869,normal,1970,0,1782358956.0397105,0.0018093585968017578
49870,normal,1672,0,1782358956.0416784,0.001967906951904297
49871,normal,2380,0,1782358956.0445647,0.0028862953186035156
49872,normal,609,0,1782358956.0456467,0.0010819435119628906
49873,normal,984,2,1782358956.0479305,0.002283811569213867
49874,normal,187,0,1782358956.0498433,0.001912832260131836
49875,normal,3368,1,1782358956.0518222,0.0019788742065429688
49876,normal,1897,0,1782358956.0536897,0.001867532730102539
49877,normal,980,2,1782358956.0559318,0.0022420883178710938
49878,normal,1636,0,1782358956.0576427,0.0017108917236328125
49879,normal,1480,0,1782358956.059935,0.0022923946380615234
49880,normal,1924,0,1782358956.0618346,0.0018994808197021484
49881,normal,1874,0,1782358956.0637968,0.0019621849060058594
49882,normal,1092,0,1782358956.0658033,0.00200653076171875
49883,normal,2515,0,1782358956.067855,0.0020515918731689453
49884,normal,2533,0,1782358956.069791,0.001936197280883789
49885,normal,477,0,1782358956.0718026,0.002011537551879883
49886,normal,314,0,1782358956.073846,0.002043485641479492
49887,normal,1958,0,1782358956.075801,0.001954793930053711
49888,normal,3704,0,1782358956.0778096,0.002008676528930664
49889,normal,668,0,1782358956.0798442,0.0020346641540527344
49890,normal,156,0,1782358956.081781,0.0019366741180419922
49891,normal,1895,0,1782358956.083812,0.002031087875366211
49892,normal,2361,0,1782358956.0858471,0.0020351409912109375
49893,normal,1961,0,1782358956.0877936,0.0019464492797851562
49894,normal,2844,0,1782358956.089702,0.0019083023071289062
49895,normal,3229,1,1782358956.0919237,0.002221822738647461
49896,normal,2652,0,1782358956.093648,0.0017242431640625
49897,normal,2551,0,1782358956.0959585,0.002310514450073242
49898,normal,364,0,1782358956.0978267,0.0018682479858398438
49899,normal,3222,1,1782358956.0997972,0.001970529556274414
49900,normal,426,0,1782358956.10182,0.0020227432250976562
49901,normal,2965,0,1782358956.1038513,0.0020313262939453125
49902,normal,2480,0,1782358956.1057818,0.0019304752349853516
49903,normal,1987,0,1782358956.1079004,0.0021185874938964844
49904,normal,1463,0,1782358956.1098964,0.0019960403442382812
49905,normal,2586,0,1782358956.1116467,0.0017502307891845703
49906,normal,1293,0,1782358956.113961,0.002314329147338867
49907,normal,3548,0,1782358956.1158624,0.001901388168334961
49908,normal,1508,0,1782358956.1177926,0.00193023681640625
49909,normal,1977,0,1782358956.1199217,0.002129077911376953
49910,normal,2141,0,1782358956.1216445,0.0017228126525878906
49911,normal,1419,0,1782358956.1239197,0.002275228500366211
49912,normal,967,2,1782358956.1258395,0.0019197463989257812
49913,normal,1167,0,1782358956.1277106,0.0018711090087890625
49914,normal,729,0,1782358956.129793,0.002082347869873047
49915,normal,1217,0,1782358956.1318665,0.002073526382446289
49916,normal,2958,0,1782358956.1338427,0.0019762516021728516
49917,normal,3417,0,1782358956.1357937,0.001950979232788086
49918,normal,1050,0,1782358956.1378448,0.002051115036010742
49919,normal,1149,0,1782358956.139646,0.0018012523651123047
49920,normal,1596,0,1782358956.1419194,0.0022733211517333984
49921,normal,1759,0,1782358956.1438382,0.001918792724609375
49922,normal,903,2,1782358956.1458454,0.0020072460174560547
49923,normal,1090,0,1782358956.1477888,0.001943349838256836
49924,normal,1859,0,1782358956.1498806,0.0020918846130371094
49925,normal,2191,0,1782358956.1518373,0.0019567012786865234
49926,normal,892,2,1782358956.1537912,0.0019538402557373047
49927,normal,3478,0,1782358956.1558533,0.002062082290649414
49928,normal,120,0,1782358956.1578286,0.0019752979278564453
49929,normal,3100,1,1782358956.159791,0.001962423324584961
49930,normal,1331,1,1782358956.161852,0.0020608901977539062
49931,normal,57,0,1782358956.1646085,0.0027565956115722656
49932,normal,2999,0,1782358956.1656506,0.0010421276092529297
49933,normal,1030,0,1782358956.1679323,0.002281665802001953
49934,normal,1490,0,1782358956.1698394,0.0019071102142333984
49935,normal,1133,0,1782358956.1718035,0.001964092254638672
49936,normal,2655,0,1782358956.1739287,0.002125263214111328
49937,normal,264,0,1782358956.175646,0.0017173290252685547
49938,normal,2892,0,1782358956.177929,0.002282857894897461
49939,normal,469,0,1782358956.1798065,0.0018775463104248047
49940,normal,2888,0,1782358956.1818597,0.0020532608032226562
49941,normal,2592,0,1782358956.1837888,0.0019290447235107422
49942,normal,434,0,1782358956.1858149,0.002026081085205078
49943,normal,3150,1,1782358956.187646,0.0018310546875
49944,normal,723,0,1782358956.1897879,0.0021419525146484375
49945,normal,1238,0,1782358956.1917977,0.002009868621826172
49946,normal,2540,0,1782358956.1938634,0.0020656585693359375
49947,normal,1685,0,1782358956.1957805,0.001917123794555664
49948,normal,148,0,1782358956.1978045,0.002023935317993164
49949,normal,1491,0,1782358956.1998594,0.002054929733276367
49950,normal,2806,0,1782358956.2017915,0.0019321441650390625
49951,normal,2204,0,1782358956.203804,0.002012491226196289
49952,normal,722,0,1782358956.2058585,0.002054452896118164
49953,normal,2262,0,1782358956.2077882,0.0019297599792480469
49954,normal,1006,2,1782358956.2098117,0.002023458480834961
49955,normal,1738,0,1782358956.2118633,0.0020515918731689453
49956,normal,3405,0,1782358956.2137938,0.0019304752349853516
49957,normal,340,0,1782358956.2158134,0.002019643783569336
49958,normal,403,0,1782358956.217848,0.0020346641540527344
49959,normal,2281,0,1782358956.219794,0.0019459724426269531
49960,normal,1351,1,1782358956.2218163,0.002022266387939453
49961,normal,599,0,1782358956.2238564,0.0020401477813720703
49962,normal,2689,0,1782358956.2257912,0.0019347667694091797
49963,normal,2342,0,1782358956.2278135,0.002022266387939453
49964,normal,3197,1,1782358956.2298481,0.0020346641540527344
49965,normal,3224,1,1782358956.231789,0.0019409656524658203
49966,normal,3335,1,1782358956.2337885,0.001999378204345703
49967,normal,3062,1,1782358956.235854,0.002065420150756836
49968,normal,3528,0,1782358956.2377913,0.0019373893737792969
49969,normal,2212,0,1782358956.2398105,0.002019166946411133
49970,normal,2401,0,1782358956.2418473,0.0020368099212646484
49971,normal,1159,0,1782358956.243793,0.0019457340240478516
49972,normal,2760,0,1782358956.245845,0.0020520687103271484
49973,normal,3166,1,1782358956.2478356,0.0019905567169189453
49974,normal,3383,1,1782358956.249805,0.0019693374633789062
49975,normal,2763,0,1782358956.251815,0.0020101070404052734
49976,normal,1995,0,1782358956.2538474,0.0020322799682617188
49977,normal,1452,0,1782358956.2557945,0.001947164535522461
49978,normal,1793,0,1782358956.257834,0.0020394325256347656
49979,normal,2399,0,1782358956.2598631,0.0020291805267333984
49980,normal,373,0,1782358956.2616415,0.0017783641815185547
49981,normal,3385,1,1782358956.2639103,0.0022687911987304688
49982,normal,675,0,1782358956.2659104,0.002000093460083008
49983,normal,2416,0,1782358956.2676435,0.0017330646514892578
49984,normal,441,0,1782358956.2699082,0.002264738082885742
49985,normal,1342,1,1782358956.2719,0.001991748809814453
49986,normal,1024,2,1782358956.2736454,0.001745462417602539
49987,normal,2122,0,1782358956.2759016,0.002256155014038086
49988,normal,2793,0,1782358956.2779105,0.0020089149475097656
49989,normal,3398,1,1782358956.2796433,0.0017328262329101562
49990,normal,14,0,1782358956.281864,0.002220630645751953
49991,normal,1341,1,1782358956.2852616,0.003397703170776367
49992,normal,3141,1,1782358956.285763,0.0005013942718505859
49993,normal,3670,0,1782358956.2878482,0.0020852088928222656
49994,normal,2742,0,1782358956.2898023,0.0019540786743164062
49995,normal,2998,0,1782358956.291612,0.0018095970153808594
49996,normal,2138,0,1782358956.293859,0.0022470951080322266
49997,normal,2951,0,1782358956.2956553,0.0017962455749511719
49998,normal,2252,0,1782358956.2977557,0.0021004676818847656
49999,normal,2453,0,1782358956.2998521,0.002096414566040039
50000,normal,182,0,1782358956.3016593,0.0018072128295898438
50001,normal,1513,0,1782358956.3037736,0.0021142959594726562
50002,normal,3277,1,1782358956.305786,0.0020122528076171875
50003,normal,234,0,1782358956.3076203,0.0018343925476074219
50004,normal,948,2,1782358956.309764,0.0021436214447021484
50005,normal,3226,1,1782358956.311844,0.002080202102661133
50006,normal,3680,0,1782358956.3136544,0.001810312271118164
50007,normal,658,0,1782358956.315755,0.0021004676818847656
50008,normal,2975,0,1782358956.317842,0.002087116241455078
50009,normal,1846,0,1782358956.3196917,0.0018496513366699219
50010,normal,1252,0,1782358956.3217607,0.0020689964294433594
50011,normal,487,0,1782358956.3237622,0.002001523971557617
50012,normal,2128,0,1782358956.3256845,0.0019223690032958984
50013,normal,228,0,1782358956.3277764,0.0020918846130371094
50014,normal,1022,2,1782358956.3298626,0.002086162567138672
50015,normal,1385,0,1782358956.331653,0.0017905235290527344
50016,normal,2805,0,1782358956.3337557,0.0021026134490966797
50017,normal,2630,0,1782358956.3358567,0.0021009445190429688
50018,normal,3441,0,1782358956.3376553,0.0017986297607421875
50019,normal,1405,0,1782358956.3397572,0.002101898193359375
50020,normal,3664,0,1782358956.3418596,0.002102375030517578
50021,normal,266,0,1782358956.3436174,0.0017578601837158203
50022,normal,3614,0,1782358956.3457553,0.002137899398803711
50023,normal,844,2,1782358956.3478594,0.002104043960571289
50024,normal,2535,0,1782358956.3498683,0.0020089149475097656
50025,normal,219,0,1782358956.3516984,0.0018301010131835938
50026,normal,1249,0,1782358956.3537612,0.0020627975463867188
50027,normal,2782,0,1782358956.3559496,0.002188444137573242
50028,normal,708,0,1782358956.357613,0.0016634464263916016
50029,normal,1751,0,1782358956.3598387,0.002225637435913086
50030,normal,2911,0,1782358956.3618307,0.0019919872283935547
50031,normal,357,0,1782358956.363606,0.0017752647399902344
50032,normal,869,2,1782358956.36584,0.0022339820861816406
50033,normal,2839,0,1782358956.367715,0.0018749237060546875
50034,normal,1231,0,1782358956.369632,0.001917123794555664
50035,normal,2010,0,1782358956.3718514,0.0022194385528564453
50036,normal,1496,0,1782358956.3737729,0.0019214153289794922
50037,normal,813,2,1782358956.3756337,0.0018608570098876953
50038,normal,3426,0,1782358956.377848,0.002214193344116211
50039,normal,3228,1,1782358956.379774,0.0019261837005615234
50040,normal,2995,0,1782358956.3816311,0.0018570423126220703
50041,normal,1737,0,1782358956.3838193,0.0021882057189941406
50042,normal,1013,2,1782358956.385767,0.001947641372680664
50043,normal,240,0,1782358956.3876328,0.0018658638000488281
50044,normal,794,2,1782358956.3898432,0.002210378646850586
50045,normal,137,0,1782358956.3917677,0.0019245147705078125
50046,normal,2666,0,1782358956.3936307,0.0018630027770996094
50047,normal,2145,0,1782358956.395863,0.0022323131561279297
50048,normal,2711,0,1782358956.3977695,0.0019063949584960938
50049,normal,3333,1,1782358956.3996313,0.0018618106842041016
50050,normal,1311,0,1782358956.4018583,0.0022270679473876953
50051,normal,188,0,1782358956.4037673,0.001909017562866211
50052,normal,3156,1,1782358956.4056442,0.0018768310546875
50053,normal,3153,1,1782358956.407864,0.0022199153900146484
50054,normal,1223,0,1782358956.4097624,0.0018982887268066406
50055,normal,1905,0,1782358956.4116309,0.0018684864044189453
50056,normal,2514,0,1782358956.4138644,0.0022335052490234375
50057,normal,3026,0,1782358956.4157693,0.0019049644470214844
50058,normal,2235,0,1782358956.4176316,0.0018622875213623047
50059,normal,1525,0,1782358956.4198682,0.002236604690551758
50060,normal,499,0,1782358956.4217649,0.0018966197967529297
50061,normal,1357,1,1782358956.4236317,0.0018668174743652344
50062,normal,2601,0,1782358956.4258704,0.002238750457763672
50063,normal,1310,0,1782358956.4277627,0.0018923282623291016
50064,normal,3430,0,1782358956.4296308,0.0018680095672607422
50065,normal,1182,0,1782358956.4318728,0.0022420883178710938
50066,normal,3316,1,1782358956.4337962,0.0019233226776123047
50067,normal,633,0,1782358956.435632,0.0018358230590820312
50068,normal,2028,0,1782358956.4378805,0.002248525619506836
50069,normal,1103,0,1782358956.4397714,0.0018908977508544922
50070,normal,483,0,1782358956.4416316,0.0018601417541503906
50071,normal,3035,0,1782358956.443878,0.002246379852294922
50072,normal,2633,0,1782358956.4457881,0.0019102096557617188
50073,normal,2384,0,1782358956.4476328,0.001844644546508789
50074,normal,1456,0,1782358956.4498773,0.0022444725036621094
50075,normal,2066,0,1782358956.45177,0.0018928050994873047
50076,normal,283,0,1782358956.4536302,0.0018601417541503906
50077,normal,1124,0,1782358956.4558825,0.002252340316772461
50078,normal,273,0,1782358956.4577847,0.0019021034240722656
50079,normal,2890,0,1782358956.4596334,0.0018486976623535156
50080,normal,1128,0,1782358956.4618847,0.0022513866424560547
50081,normal,3132,1,1782358956.4637077,0.0018229484558105469
50082,normal,1237,0,1782358956.4655905,0.001882791519165039
50083,normal,3467,0,1782358956.4678676,0.0022771358489990234
50084,normal,2363,0,1782358956.469893,0.0020253658294677734
50085,normal,2970,0,1782358956.4716492,0.0017561912536621094
50086,normal,1042,0,1782358956.4739566,0.002307415008544922
50087,normal,3646,0,1782358956.4758527,0.0018961429595947266
50088,normal,3065,1,1782358956.4777904,0.0019376277923583984
50089,normal,1825,0,1782358956.4798899,0.0020995140075683594
50090,normal,2933,0,1782358956.4819117,0.00202178955078125
50091,normal,255,0,1782358956.483652,0.0017404556274414062
50092,normal,2629,0,1782358956.4859781,0.0023260116577148438
50093,normal,2824,0,1782358956.4878688,0.0018906593322753906
50094,normal,1322,1,1782358956.489788,0.0019192695617675781
50095,normal,248,0,1782358956.491896,0.002107858657836914
50096,normal,1010,2,1782358956.4938955,0.0019996166229248047
50097,normal,3176,1,1782358956.4956458,0.0017502307891845703
50098,normal,2092,0,1782358956.4979815,0.002335786819458008
50099,normal,3539,0,1782358956.4998376,0.001856088638305664
50100,normal,361,0,1782358956.501795,0.001957416534423828
50101,normal,3439,0,1782358956.5037189,0.0019237995147705078
50102,normal,558,0,1782358956.5059247,0.0022058486938476562
50103,normal,2027,0,1782358956.5076475,0.0017228126525878906
50104,normal,157,0,1782358956.5099711,0.002323627471923828
50105,normal,3502,0,1782358956.511826,0.0018548965454101562
50106,normal,2974,0,1782358956.5137932,0.001967191696166992
50107,normal,320,0,1782358956.5157273,0.001934051513671875
50108,normal,1248,0,1782358956.5178683,0.0021409988403320312
50109,normal,2768,0,1782358956.5196955,0.001827239990234375
50110,normal,2962,0,1782358956.5218408,0.0021452903747558594
50111,normal,2526,0,1782358956.5238643,0.002023458480834961
50112,normal,2194,0,1782358956.5257874,0.0019230842590332031
50113,normal,1918,0,1782358956.5277243,0.0019369125366210938
50114,normal,567,0,1782358956.5299206,0.0021963119506835938
50115,normal,3475,0,1782358956.531646,0.0017254352569580078
50116,normal,1098,0,1782358956.5339193,0.0022733211517333984
50117,normal,1355,1,1782358956.535793,0.0018737316131591797
50118,normal,2282,0,1782358956.537793,0.0019998550415039062
50119,normal,904,2,1782358956.5397298,0.0019369125366210938
50120,normal,3708,0,1782358956.5419228,0.002192974090576172
50121,normal,3211,1,1782358956.543645,0.001722097396850586
50122,normal,1719,0,1782358956.5460145,0.0023696422576904297
50123,normal,2802,0,1782358956.5476394,0.0016248226165771484
50124,normal,3101,1,1782358956.5497942,0.002154827117919922
50125,normal,1998,0,1782358956.5517402,0.0019459724426269531
50126,normal,1382,0,1782358956.5539162,0.002176046371459961
50127,normal,2664,0,1782358956.5556464,0.001730203628540039
50128,normal,1678,0,1782358956.5580103,0.002363920211791992
50129,normal,2260,0,1782358956.5597029,0.0016925334930419922
50130,normal,1348,1,1782358956.5618024,0.0020995140075683594
50131,normal,1259,0,1782358956.563859,0.002056598663330078
50132,normal,1075,0,1782358956.5659175,0.0020585060119628906
50133,normal,1163,0,1782358956.5676448,0.0017273426055908203
50134,normal,3119,1,1782358956.5699253,0.0022804737091064453
50135,normal,920,2,1782358956.5718973,0.0019719600677490234
50136,normal,1421,0,1782358956.5736446,0.0017473697662353516
50137,normal,884,2,1782358956.5759306,0.0022859573364257812
50138,normal,1952,0,1782358956.5779185,0.001987934112548828
50139,normal,1883,0,1782358956.5796423,0.0017237663269042969
50140,normal,3665,0,1782358956.581886,0.0022437572479248047
50141,normal,3638,0,1782358956.5839012,0.0020151138305664062
50142,normal,839,2,1782358956.5856452,0.0017440319061279297
50143,normal,1158,0,1782358956.5879292,0.0022840499877929688
50144,normal,3438,0,1782358956.589924,0.0019948482513427734
50145,normal,1870,0,1782358956.5916445,0.001720428466796875
50146,normal,1881,0,1782358956.5938432,0.0021986961364746094
50147,normal,801,2,1782358956.595851,0.002007722854614258
50148,normal,2441,0,1782358956.597792,0.0019409656524658203
50149,normal,482,0,1782358956.5997984,0.00200653076171875
50150,normal,727,0,1782358956.601862,0.0020635128021240234
50151,normal,1680,0,1782358956.6037931,0.0019311904907226562
50152,normal,569,0,1782358956.605841,0.0020477771759033203
50153,normal,1003,2,1782358956.6078668,0.0020258426666259766
50154,normal,2863,0,1782358956.6097894,0.001922607421875
50155,normal,1439,0,1782358956.6118882,0.0020987987518310547
50156,normal,3300,1,1782358956.613837,0.0019488334655761719
50157,normal,3328,1,1782358956.6157982,0.001961231231689453
50158,normal,1712,0,1782358956.617795,0.001996755599975586
50159,normal,1078,0,1782358956.6198661,0.0020711421966552734
50160,normal,638,0,1782358956.6217906,0.0019245147705078125
50161,normal,2852,0,1782358956.6237967,0.002006053924560547
50162,normal,1306,0,1782358956.6259718,0.0021750926971435547
50163,normal,1985,0,1782358956.627601,0.0016291141510009766
50164,normal,2723,0,1782358956.6299336,0.0023326873779296875
50165,normal,2287,0,1782358956.631657,0.0017232894897460938
50166,normal,217,0,1782358956.6336403,0.0019834041595458984
50167,normal,3538,0,1782358956.635679,0.002038717269897461
50168,normal,1693,0,1782358956.637921,0.0022420883178710938
50169,normal,1775,0,1782358956.6396523,0.0017311573028564453
50170,normal,327,0,1782358956.6416771,0.0020248889923095703
50171,normal,1303,0,1782358956.6439118,0.0022346973419189453
50172,normal,1301,0,1782358956.6456144,0.0017025470733642578
50173,normal,3223,1,1782358956.6476808,0.002066373825073242
50174,normal,3068,1,1782358956.6499195,0.002238750457763672
50175,normal,3009,0,1782358956.6516464,0.0017268657684326172
50176,normal,3007,0,1782358956.653686,0.002039670944213867
50177,normal,2181,0,1782358956.6559234,0.0022373199462890625
50178,normal,741,0,1782358956.657645,0.0017216205596923828
50179,normal,1718,0,1782358956.6596894,0.0020444393157958984
50180,normal,1692,0,1782358956.6619294,0.0022399425506591797
50181,normal,3318,1,1782358956.6636465,0.0017170906066894531
50182,normal,565,0,1782358956.6656404,0.001993894577026367
50183,normal,3294,1,1782358956.6679318,0.002291440963745117
50184,normal,654,0,1782358956.6696222,0.0016903877258300781
50185,normal,1504,0,1782358956.6716964,0.0020742416381835938
50186,normal,3632,0,1782358956.6738904,0.002193927764892578
50187,normal,719,0,1782358956.6756155,0.0017251968383789062
50188,normal,2500,0,1782358956.6776407,0.002025127410888672
50189,normal,1117,0,1782358956.6799238,0.0022830963134765625
50190,normal,293,0,1782358956.6816127,0.0016889572143554688
50191,normal,39,0,1782358956.6836388,0.002026081085205078
50192,normal,2755,0,1782358956.6859057,0.0022668838500976562
50193,normal,2171,0,1782358956.6876512,0.001745462417602539
50194,normal,3343,1,1782358956.689703,0.002051830291748047
50195,normal,363,0,1782358956.6919127,0.0022096633911132812
50196,normal,1099,0,1782358956.6936133,0.0017006397247314453
50197,normal,1701,0,1782358956.695649,0.0020356178283691406
50198,normal,705,0,1782358956.6979012,0.002252340316772461
50199,normal,3389,1,1782358956.6996126,0.0017113685607910156
50200,normal,10,0,1782358956.7016506,0.0020380020141601562
50201,normal,351,0,1782358956.7039106,0.002259969711303711
50202,normal,543,0,1782358956.7056131,0.0017025470733642578
50203,normal,1417,0,1782358956.7076523,0.002039194107055664
50204,normal,2337,0,1782358956.7097833,0.0021309852600097656
50205,normal,2765,0,1782358956.7116132,0.0018298625946044922
50206,normal,368,0,1782358956.7136185,0.002005338668823242
50207,normal,693,0,1782358956.7157862,0.0021677017211914062
50208,normal,2505,0,1782358956.7176163,0.0018301010131835938
50209,normal,3155,1,1782358956.719691,0.002074718475341797
50210,normal,455,0,1782358956.721779,0.0020880699157714844
50211,normal,2831,0,1782358956.7236145,0.0018353462219238281
50212,normal,470,0,1782358956.725679,0.0020644664764404297
50213,normal,1681,0,1782358956.7277825,0.002103567123413086
50214,normal,1543,0,1782358956.7296164,0.0018339157104492188
50215,normal,1663,0,1782358956.7316203,0.002003908157348633
50216,normal,2166,0,1782358956.7337918,0.0021715164184570312
50217,normal,278,0,1782358956.735612,0.0018200874328613281
50218,normal,1428,0,1782358956.7376127,0.0020008087158203125
50219,normal,1072,0,1782358956.7399137,0.0023009777069091797
50220,normal,1862,0,1782358956.7416117,0.0016980171203613281
50221,normal,3607,0,1782358956.7436104,0.0019986629486083984
50222,normal,1645,0,1782358956.7459106,0.002300262451171875
50223,normal,3429,0,1782358956.7476127,0.0017020702362060547
50224,normal,751,0,1782358956.7496896,0.002076864242553711
50225,normal,423,0,1782358956.75178,0.0020904541015625
50226,normal,2696,0,1782358956.7536118,0.0018317699432373047
50227,normal,452,0,1782358956.7556913,0.002079486846923828
50228,normal,2155,0,1782358956.7577949,0.002103567123413086
50229,normal,3677,0,1782358956.7596118,0.0018169879913330078
50230,normal,3584,0,1782358956.7616093,0.0019974708557128906
50231,normal,2552,0,1782358956.7637844,0.0021750926971435547
50232,normal,214,0,1782358956.7656095,0.001825094223022461
50233,normal,153,0,1782358956.7676961,0.002086639404296875
50234,normal,696,0,1782358956.7697785,0.002082347869873047
50235,normal,1565,0,1782358956.7716148,0.0018362998962402344
50236,normal,2703,0,1782358956.7736237,0.0020089149475097656
50237,normal,2905,0,1782358956.775787,0.002163410186767578
50238,normal,2562,0,1782358956.7776136,0.0018265247344970703
50239,normal,3490,0,1782358956.7797003,0.002086639404296875
50240,normal,2220,0,1782358956.7817817,0.0020813941955566406
50241,normal,655,0,1782358956.783614,0.0018322467803955078
50242,normal,1255,0,1782358956.7857034,0.0020895004272460938
50243,normal,1552,0,1782358956.7877936,0.0020902156829833984
50244,normal,3336,1,1782358956.789612,0.0018184185028076172
50245,normal,2304,0,1782358956.7917087,0.0020966529846191406
50246,normal,2169,0,1782358956.793781,0.0020723342895507812
50247,normal,1111,0,1782358956.7956176,0.001836538314819336
50248,normal,1709,0,1782358956.7977087,0.0020911693572998047
50249,normal,1360,1,1782358956.799781,0.0020723342895507812
50250,normal,324,0,1782358956.8016112,0.0018301010131835938
50251,normal,2107,0,1782358956.803711,0.002099752426147461
50252,normal,3050,1,1782358956.8057802,0.002069234848022461
50253,normal,3450,0,1782358956.807612,0.0018317699432373047
50254,normal,2507,0,1782358956.809713,0.0021009445190429688
50255,normal,946,2,1782358956.8117797,0.0020668506622314453
50256,normal,2618,0,1782358956.813614,0.0018341541290283203
50257,normal,1972,0,1782358956.815721,0.0021071434020996094
50258,normal,2845,0,1782358956.817777,0.0020558834075927734
50259,normal,276,0,1782358956.819611,0.0018341541290283203
50260,normal,1083,0,1782358956.8217113,0.002100229263305664
50261,normal,475,0,1782358956.8237793,0.002068042755126953
50262,normal,1086,0,1782358956.8256118,0.0018324851989746094
50263,normal,994,2,1782358956.8276134,0.002001523971557617
50264,normal,2420,0,1782358956.8297815,0.0021681785583496094
50265,normal,3269,1,1782358956.8316119,0.0018303394317626953
50266,normal,3133,1,1782358956.8336897,0.002077817916870117
50267,normal,2227,0,1782358956.8357942,0.002104520797729492
50268,normal,2343,0,1782358956.8376112,0.0018169879913330078
50269,normal,1979,0,1782358956.8396258,0.002014636993408203
50270,normal,40,0,1782358956.8417861,0.002160310745239258
50271,normal,343,0,1782358956.8436122,0.0018260478973388672
50272,normal,1990,0,1782358956.8456109,0.0019986629486083984
50273,normal,1689,0,1782358956.8477876,0.0021767616271972656
50274,normal,1812,0,1782358956.8496096,0.0018219947814941406
50275,normal,2501,0,1782358956.8516154,0.0020058155059814453
50276,normal,549,0,1782358956.853746,0.0021305084228515625
50277,normal,2530,0,1782358956.8556132,0.0018672943115234375
50278,normal,2648,0,1782358956.8576167,0.0020034313201904297
50279,normal,2429,0,1782358956.859839,0.002222299575805664
50280,normal,1919,0,1782358956.86161,0.0017709732055664062
50281,normal,1852,0,1782358956.8636174,0.0020074844360351562
50282,normal,2558,0,1782358956.865858,0.0022406578063964844
50283,normal,510,0,1782358956.8676114,0.0017533302307128906
50284,normal,409,0,1782358956.8696206,0.002009153366088867
50285,normal,2570,0,1782358956.8719084,0.0022878646850585938
50286,normal,1702,0,1782358956.8736162,0.0017077922821044922
50287,normal,3124,1,1782358956.87561,0.001993894577026367
50288,normal,1498,0,1782358956.8779092,0.002299070358276367
50289,normal,2637,0,1782358956.879612,0.0017027854919433594
50290,normal,2001,0,1782358956.8817663,0.0021543502807617188
50291,normal,321,0,1782358956.8843791,0.0026128292083740234
50292,normal,863,2,1782358956.8856096,0.001230478286743164
50293,normal,517,0,1782358956.887614,0.002004384994506836
50294,normal,2486,0,1782358956.8897843,0.0021703243255615234
50295,normal,3347,1,1782358956.8916113,0.0018270015716552734
50296,normal,352,0,1782358956.8937697,0.0021584033966064453
50297,normal,100,0,1782358956.8956547,0.0018849372863769531
50298,normal,1649,0,1782358956.8977451,0.0020904541015625
50299,normal,250,0,1782358956.8996346,0.0018894672393798828
50300,normal,3091,1,1782358956.901786,0.0021514892578125
50301,normal,1076,0,1782358956.9036117,0.001825571060180664
50302,normal,3005,0,1782358956.9056075,0.0019958019256591797
50303,normal,274,0,1782358956.9077845,0.002177000045776367
50304,normal,1482,0,1782358956.909612,0.0018274784088134766
50305,normal,3205,1,1782358956.9116437,0.0020318031311035156
50306,normal,1788,0,1782358956.9137974,0.002153635025024414
50307,normal,1285,0,1782358956.915617,0.001819610595703125
50308,normal,990,2,1782358956.9176087,0.001991748809814453
50309,normal,1246,0,1782358956.9198012,0.0021924972534179688
50310,normal,1466,0,1782358956.9216104,0.0018091201782226562
50311,normal,1393,0,1782358956.9236186,0.002008199691772461
50312,normal,7,0,1782358956.9257867,0.0021681785583496094
50313,normal,2447,0,1782358956.927611,0.0018243789672851562
50314,normal,802,2,1782358956.9296463,0.0020351409912109375
50315,normal,3117,1,1782358956.9317849,0.0021386146545410156
50316,normal,537,0,1782358956.93361,0.001825094223022461
50317,normal,2276,0,1782358956.9356487,0.002038717269897461
50318,normal,3563,0,1782358956.9377856,0.0021369457244873047
50319,normal,184,0,1782358956.9396122,0.0018265247344970703
50320,normal,2013,0,1782358956.941647,0.002034902572631836
50321,normal,1316,0,1782358956.9437945,0.0021474361419677734
50322,normal,6,0,1782358956.945612,0.001817464828491211
50323,normal,2916,0,1782358956.9476538,0.0020418167114257812
50324,normal,1973,0,1782358956.9498448,0.0021910667419433594
50325,normal,596,0,1782358956.9516182,0.0017733573913574219
50326,normal,2129,0,1782358956.9536808,0.002062559127807617
50327,normal,3642,0,1782358956.955784,0.0021033287048339844
50328,normal,2917,0,1782358956.95761,0.0018258094787597656
50329,normal,1472,0,1782358956.9596772,0.0020673274993896484
50330,normal,2908,0,1782358956.9616485,0.0019712448120117188
50331,normal,3481,0,1782358956.9636102,0.0019617080688476562
50332,normal,1612,0,1782358956.9656758,0.0020656585693359375
50333,normal,93,0,1782358956.9677851,0.0021092891693115234
50334,normal,514,0,1782358956.9696095,0.0018243789672851562
50335,normal,2473,0,1782358956.971618,0.0020084381103515625
50336,normal,3689,0,1782358956.973782,0.002164125442504883
50337,normal,961,2,1782358956.9756103,0.0018281936645507812
50338,normal,3615,0,1782358956.9776852,0.0020749568939208984
50339,normal,2317,0,1782358956.979778,0.0020928382873535156
50340,normal,1582,0,1782358956.981611,0.0018329620361328125
50341,normal,3353,1,1782358956.9836133,0.002002239227294922
50342,normal,58,0,1782358956.985784,0.0021708011627197266
50343,normal,69,0,1782358956.98761,0.0018260478973388672
50344,normal,2756,0,1782358956.9896905,0.0020804405212402344
50345,normal,1708,0,1782358956.9917808,0.0020902156829833984
50346,normal,556,0,1782358956.993605,0.0018241405487060547
50347,normal,2626,0,1782358956.9956949,0.002089977264404297
50348,normal,1889,0,1782358956.997737,0.002042055130004883
50349,normal,1503,0,1782358956.9995952,0.0018582344055175781
50350,normal,3236,1,1782358957.0017412,0.002146005630493164
50351,normal,445,0,1782358957.0039308,0.00218963623046875
50352,normal,1665,0,1782358957.0056434,0.0017125606536865234
50353,normal,953,2,1782358957.007894,0.00225067138671875
50354,normal,3387,1,1782358957.009841,0.0019469261169433594
50355,normal,2636,0,1782358957.011643,0.0018019676208496094
50356,normal,792,2,1782358957.0139182,0.002275228500366211
50357,normal,3022,0,1782358957.0158875,0.0019693374633789062
50358,normal,3656,0,1782358957.017644,0.001756429672241211
50359,normal,1221,0,1782358957.0199208,0.002276897430419922
50360,normal,1923,0,1782358957.0218494,0.001928567886352539
50361,normal,3653,0,1782358957.0236444,0.001795053482055664
50362,normal,3544,0,1782358957.02586,0.0022156238555908203
50363,normal,3094,1,1782358957.0279043,0.002044200897216797
50364,normal,2582,0,1782358957.029651,0.0017466545104980469
50365,normal,1000,2,1782358957.0319185,0.002267599105834961
50366,normal,1183,0,1782358957.0338347,0.0019161701202392578
50367,normal,72,0,1782358957.0356438,0.0018091201782226562
50368,normal,3618,0,1782358957.0378432,0.002199411392211914
50369,normal,2149,0,1782358957.0399063,0.0020630359649658203
50370,normal,435,0,1782358957.0416439,0.0017375946044921875
50371,normal,1519,0,1782358957.0439284,0.002284526824951172
50372,normal,2410,0,1782358957.0458412,0.001912832260131836
50373,normal,2054,0,1782358957.047646,0.0018048286437988281
50374,normal,1474,0,1782358957.049941,0.0022950172424316406
50375,normal,309,0,1782358957.051905,0.0019638538360595703
50376,normal,3130,1,1782358957.0536425,0.0017375946044921875
50377,normal,1861,0,1782358957.0558457,0.002203226089477539
50378,normal,620,0,1782358957.057836,0.0019903182983398438
50379,normal,847,2,1782358957.0596418,0.0018057823181152344
50380,normal,1026,2,1782358957.0618937,0.002251863479614258
50381,normal,298,0,1782358957.0638287,0.0019350051879882812
50382,normal,1392,0,1782358957.065645,0.0018162727355957031
50383,normal,1101,0,1782358957.0678413,0.0021963119506835938
50384,normal,3505,0,1782358957.0698643,0.002022981643676758
50385,normal,1899,0,1782358957.0716507,0.0017864704132080078
50386,normal,2432,0,1782358957.0738428,0.0021920204162597656
50387,normal,3246,1,1782358957.0758371,0.0019943714141845703
50388,normal,3051,1,1782358957.0776465,0.0018093585968017578
50389,normal,505,0,1782358957.0798633,0.002216815948486328
50390,normal,969,2,1782358957.0818858,0.0020225048065185547
50391,normal,258,0,1782358957.0836449,0.0017590522766113281
50392,normal,313,0,1782358957.0858462,0.0022013187408447266
50393,normal,2125,0,1782358957.0878456,0.001999378204345703
50394,normal,973,2,1782358957.0896425,0.0017969608306884766
50395,normal,885,2,1782358957.0918555,0.002213001251220703
50396,normal,1779,0,1782358957.093904,0.002048492431640625
50397,normal,3508,0,1782358957.0956428,0.0017387866973876953
50398,normal,688,0,1782358957.09786,0.0022172927856445312
50399,normal,3189,1,1782358957.0999048,0.002044677734375
50400,normal,116,0,1782358957.1016438,0.0017390251159667969
50401,normal,3046,1,1782358957.1038477,0.0022039413452148438
50402,normal,2213,0,1782358957.105915,0.0020673274993896484
50403,normal,1832,0,1782358957.1076493,0.0017342567443847656
50404,normal,2942,0,1782358957.109862,0.0022127628326416016
50405,normal,3085,1,1782358957.1118379,0.0019757747650146484
50406,normal,2397,0,1782358957.1136427,0.0018048286437988281
50407,normal,1679,0,1782358957.1158648,0.0022220611572265625
50408,normal,1842,0,1782358957.1178298,0.001965045928955078
50409,normal,3529,0,1782358957.119644,0.001814126968383789
50410,normal,52,0,1782358957.121842,0.0021979808807373047
50411,normal,13,0,1782358957.1238332,0.00199127197265625
50412,normal,764,0,1782358957.125644,0.0018107891082763672
50413,normal,840,2,1782358957.127845,0.002201080322265625
50414,normal,1470,0,1782358957.1298301,0.0019850730895996094
50415,normal,592,0,1782358957.1316442,0.001814126968383789
50416,normal,2746,0,1782358957.1338456,0.0022013187408447266
50417,normal,2721,0,1782358957.1358392,0.0019936561584472656
50418,normal,1424,0,1782358957.1376429,0.0018036365509033203
50419,normal,2602,0,1782358957.1398466,0.002203702926635742
50420,normal,1166,0,1782358957.1418724,0.0020258426666259766
50421,normal,3002,0,1782358957.1436465,0.0017740726470947266
50422,normal,3507,0,1782358957.1458435,0.0021970272064208984
50423,normal,2162,0,1782358957.1479306,0.002087116241455078
50424,normal,3327,1,1782358957.1496432,0.0017125606536865234
50425,normal,2449,0,1782358957.1518443,0.002201080322265625
50426,normal,2063,0,1782358957.1538315,0.0019872188568115234
50427,normal,1545,0,1782358957.1556478,0.0018162727355957031
50428,normal,1524,0,1782358957.1578484,0.002200603485107422
50429,normal,1271,0,1782358957.1599185,0.002070188522338867
50430,normal,2366,0,1782358957.1616437,0.0017251968383789062
50431,normal,4,0,1782358957.1638393,0.002195596694946289
50432,normal,3173,1,1782358957.1659029,0.0020635128021240234
50433,normal,564,0,1782358957.167645,0.0017421245574951172
50434,normal,183,0,1782358957.1698544,0.0022094249725341797
50435,normal,382,0,1782358957.1719062,0.002051830291748047
50436,normal,2885,0,1782358957.1736436,0.001737356185913086
50437,normal,3421,0,1782358957.1758454,0.0022017955780029297
50438,normal,545,0,1782358957.177845,0.0019996166229248047
50439,normal,2643,0,1782358957.1796446,0.0017995834350585938
50440,normal,879,2,1782358957.1818914,0.002246856689453125
50441,normal,3071,1,1782358957.1839058,0.0020143985748291016
50442,normal,3682,0,1782358957.1856494,0.0017435550689697266
50443,normal,1967,0,1782358957.1878417,0.002192258834838867
50444,normal,3263,1,1782358957.1898398,0.0019981861114501953
50445,normal,2758,0,1782358957.1916437,0.0018038749694824219
50446,normal,1262,0,1782358957.1938958,0.0022521018981933594
50447,normal,2031,0,1782358957.195835,0.0019392967224121094
50448,normal,154,0,1782358957.1976492,0.001814126968383789
50449,normal,1619,0,1782358957.199896,0.002246856689453125
50450,normal,2456,0,1782358957.2018495,0.0019533634185791016
50451,normal,917,2,1782358957.2036438,0.0017943382263183594
50452,normal,1495,0,1782358957.205898,0.0022542476654052734
50453,normal,3435,0,1782358957.2078419,0.001943826675415039
50454,normal,2023,0,1782358957.2096426,0.0018007755279541016
50455,normal,3570,0,1782358957.2118447,0.0022020339965820312
50456,normal,2229,0,1782358957.2139213,0.0020766258239746094
50457,normal,965,2,1782358957.215644,0.001722574234008789
50458,normal,282,0,1782358957.2179015,0.0022575855255126953
50459,normal,911,2,1782358957.2198508,0.001949310302734375
50460,normal,574,0,1782358957.2216437,0.00179290771484375
50461,normal,3443,0,1782358957.2239103,0.0022666454315185547
50462,normal,2741,0,1782358957.2259157,0.002005338668823242
50463,normal,3017,0,1782358957.2276425,0.0017268657684326172
50464,normal,308,0,1782358957.2298574,0.0022149085998535156
50465,normal,1135,0,1782358957.23194,0.0020825862884521484
50466,normal,2113,0,1782358957.2336414,0.00170135498046875
50467,normal,3594,0,1782358957.2359087,0.0022673606872558594
50468,normal,3491,0,1782358957.237904,0.0019953250885009766
50469,normal,2642,0,1782358957.239644,0.0017399787902832031
50470,normal,459,0,1782358957.2418444,0.0022003650665283203
50471,normal,2231,0,1782358957.2438421,0.001997709274291992
50472,normal,1377,1,1782358957.2456436,0.0018014907836914062
50473,normal,2577,0,1782358957.247844,0.0022003650665283203
50474,normal,1096,0,1782358957.2499416,0.002097606658935547
50475,normal,3612,0,1782358957.2516453,0.0017037391662597656
50476,normal,2306,0,1782358957.2538457,0.0022003650665283203
50477,normal,539,0,1782358957.2558346,0.0019888877868652344
50478,normal,1815,0,1782358957.257642,0.0018074512481689453
50479,normal,2549,0,1782358957.2598467,0.0022046566009521484
50480,normal,646,0,1782358957.26184,0.001993417739868164
50481,normal,1054,0,1782358957.2636492,0.0018091201782226562
50482,normal,1579,0,1782358957.265913,0.002263784408569336
50483,normal,1140,0,1782358957.2678363,0.0019233226776123047
50484,normal,158,0,1782358957.2696424,0.001806020736694336
50485,normal,3021,0,1782358957.2719162,0.0022737979888916016
50486,normal,2878,0,1782358957.273643,0.0017268657684326172
50487,normal,1027,2,1782358957.2759166,0.0022735595703125
50488,normal,279,0,1782358957.2776437,0.0017271041870117188
50489,normal,227,0,1782358957.2799165,0.0022728443145751953
50490,normal,2469,0,1782358957.2816439,0.0017273426055908203
50491,normal,1430,0,1782358957.2839272,0.002283334732055664
50492,normal,438,0,1782358957.2859416,0.0020143985748291016
50493,normal,486,0,1782358957.287643,0.00170135498046875
50494,normal,1146,0,1782358957.2898414,0.002198457717895508
50495,normal,1443,0,1782358957.2919176,0.0020761489868164062
50496,normal,2957,0,1782358957.2936976,0.0017800331115722656
50497,normal,2829,0,1782358957.2959054,0.0022077560424804688
50498,normal,160,0,1782358957.297917,0.002011537551879883
50499,normal,49,0,1782358957.2997308,0.0018138885498046875
50500,normal,76,0,1782358957.301758,0.002027273178100586
50501,normal,1427,0,1782358957.3039284,0.0021703243255615234
50502,normal,1412,0,1782358957.305644,0.0017156600952148438
50503,normal,2767,0,1782358957.3078947,0.00225067138671875
50504,normal,2803,0,1782358957.309824,0.0019292831420898438
50505,normal,449,0,1782358957.3116422,0.0018181800842285156
50506,normal,1467,0,1782358957.3138447,0.0022025108337402344
50507,normal,647,0,1782358957.3159158,0.0020711421966552734
50508,normal,2881,0,1782358957.3176422,0.001726388931274414
50509,normal,855,2,1782358957.3198512,0.0022089481353759766
50510,normal,2131,0,1782358957.321927,0.0020759105682373047
50511,normal,2184,0,1782358957.3236427,0.0017156600952148438
50512,normal,3314,1,1782358957.325852,0.002209186553955078
50513,normal,2452,0,1782358957.3278284,0.001976490020751953
50514,normal,3459,0,1782358957.3296442,0.0018157958984375
50515,normal,1976,0,1782358957.3318558,0.0022115707397460938
50516,normal,605,0,1782358957.3338242,0.0019683837890625
50517,normal,1774,0,1782358957.335645,0.0018208026885986328
50518,normal,881,2,1782358957.3378441,0.0021991729736328125
50519,normal,2246,0,1782358957.3398976,0.002053499221801758
50520,normal,1603,0,1782358957.3416502,0.001752614974975586
50521,normal,367,0,1782358957.3438413,0.0021910667419433594
50522,normal,3175,1,1782358957.3458185,0.001977205276489258
50523,normal,943,2,1782358957.3476362,0.0018177032470703125
50524,normal,3345,1,1782358957.3496125,0.0019762516021728516
50525,normal,695,0,1782358957.3518147,0.002202272415161133
50526,normal,384,0,1782358957.3536453,0.0018305778503417969
50527,normal,515,0,1782358957.3558648,0.0022194385528564453
50528,normal,1720,0,1782358957.357871,0.0020062923431396484
50529,normal,2981,0,1782358957.3596432,0.001772165298461914
50530,normal,3400,1,1782358957.3618665,0.0022232532501220703
50531,normal,1814,0,1782358957.363909,0.002042531967163086
50532,normal,233,0,1782358957.3656447,0.001735687255859375
50533,normal,460,0,1782358957.367847,0.002202272415161133
50534,normal,1807,0,1782358957.3699198,0.0020728111267089844
50535,normal,2461,0,1782358957.371645,0.0017251968383789062
50536,normal,1012,2,1782358957.3738701,0.002225160598754883
50537,normal,3684,0,1782358957.3758292,0.001959085464477539
50538,normal,2325,0,1782358957.3776448,0.0018155574798583984
50539,normal,1522,0,1782358957.3798451,0.0022003650665283203
50540,normal,1878,0,1782358957.3819313,0.002086162567138672
50541,normal,1319,1,1782358957.3836427,0.0017113685607910156
50542,normal,947,2,1782358957.3858755,0.002232789993286133
50543,normal,64,0,1782358957.3878267,0.0019512176513671875
50544,normal,3660,0,1782358957.3898613,0.0020346641540527344
50545,normal,222,0,1782358957.3917754,0.0019140243530273438
50546,normal,2198,0,1782358957.3938572,0.0020818710327148438
50547,normal,316,0,1782358957.3956413,0.0017840862274169922
50548,normal,197,0,1782358957.3978002,0.0021588802337646484
50549,normal,2435,0,1782358957.3997905,0.0019903182983398438
50550,normal,1910,0,1782358957.4015713,0.0017807483673095703
50551,normal,497,0,1782358957.4038494,0.0022780895233154297
50552,normal,2172,0,1782358957.4058762,0.002026796340942383
50553,normal,2561,0,1782358957.4076452,0.0017690658569335938
50554,normal,2550,0,1782358957.4098873,0.0022420883178710938
50555,normal,2331,0,1782358957.4118261,0.0019388198852539062
50556,normal,430,0,1782358957.413644,0.001817941665649414
50557,normal,2528,0,1782358957.4158912,0.0022470951080322266
50558,normal,2253,0,1782358957.4178243,0.0019330978393554688
50559,normal,859,2,1782358957.4196506,0.0018262863159179688
50560,normal,1073,0,1782358957.4218426,0.0021920204162597656
50561,normal,2615,0,1782358957.423941,0.0020983219146728516
50562,normal,2959,0,1782358957.425868,0.0019271373748779297
50563,normal,247,0,1782358957.4276412,0.0017731189727783203
50564,normal,2544,0,1782358957.429919,0.002277851104736328
50565,normal,3231,1,1782358957.4316456,0.0017266273498535156
50566,normal,3206,1,1782358957.4338424,0.002196788787841797
50567,normal,3078,1,1782358957.4358985,0.002056121826171875
50568,normal,3461,0,1782358957.4376433,0.0017447471618652344
50569,normal,1192,0,1782358957.439848,0.0022046566009521484
50570,normal,1241,0,1782358957.4419217,0.0020737648010253906
50571,normal,2362,0,1782358957.4436438,0.001722097396850586
50572,normal,1437,0,1782358957.4457228,0.002079010009765625
50573,normal,3431,0,1782358957.4477174,0.001994609832763672
50574,normal,1540,0,1782358957.449642,0.0019245147705078125
50575,normal,934,2,1782358957.4518495,0.002207517623901367
50576,normal,3041,0,1782358957.4538689,0.0020194053649902344
50577,normal,1978,0,1782358957.455646,0.0017771720886230469
50578,normal,744,0,1782358957.4579043,0.00225830078125
50579,normal,1916,0,1782358957.4598992,0.0019948482513427734
50580,normal,2394,0,1782358957.461646,0.0017468929290771484
50581,normal,1754,0,1782358957.463853,0.0022068023681640625
50582,normal,883,2,1782358957.4659152,0.0020623207092285156
50583,normal,164,0,1782358957.4676464,0.0017311573028564453
50584,normal,3350,1,1782358957.4698458,0.002199411392211914
50585,normal,1514,0,1782358957.47187,0.0020241737365722656
50586,normal,1126,0,1782358957.4736452,0.0017752647399902344
50587,normal,140,0,1782358957.4758458,0.002200603485107422
50588,normal,2764,0,1782358957.4779358,0.002089977264404297
50589,normal,1518,0,1782358957.479644,0.0017082691192626953
50590,normal,443,0,1782358957.4819272,0.0022830963134765625
50591,normal,2624,0,1782358957.4839377,0.0020105838775634766
50592,normal,1161,0,1782358957.4858937,0.0019559860229492188
50593,normal,1274,0,1782358957.4878106,0.0019168853759765625
50594,normal,3061,1,1782358957.489593,0.0017824172973632812
50595,normal,3683,0,1782358957.491597,0.002003908157348633
50596,normal,1136,0,1782358957.493794,0.0021970272064208984
50597,normal,176,0,1782358957.495592,0.0017981529235839844
50598,normal,3448,0,1782358957.4977975,0.002205371856689453
50599,normal,909,2,1782358957.4995928,0.0017952919006347656
50600,normal,3519,0,1782358957.5017886,0.0021958351135253906
50601,normal,211,0,1782358957.5035918,0.0018031597137451172
50602,normal,1667,0,1782358957.5057952,0.0022034645080566406
50603,normal,3595,0,1782358957.5075903,0.001795053482055664
50604,normal,1780,0,1782358957.5097933,0.0022029876708984375
50605,normal,1079,0,1782358957.5115921,0.001798868179321289
50606,normal,960,2,1782358957.5137897,0.0021975040435791016
50607,normal,1326,1,1782358957.5156467,0.0018570423126220703
50608,normal,3330,1,1782358957.517835,0.0021882057189941406
50609,normal,416,0,1782358957.5199049,0.0020699501037597656
50610,normal,3188,1,1782358957.5216498,0.001744985580444336
50611,normal,285,0,1782358957.5238926,0.0022428035736083984
50612,normal,501,0,1782358957.5259035,0.002010822296142578
50613,normal,3488,0,1782358957.527642,0.0017385482788085938
50614,normal,2627,0,1782358957.529931,0.0022890567779541016
50615,normal,41,0,1782358957.531899,0.001967906951904297
50616,normal,141,0,1782358957.533643,0.0017440319061279297
50617,normal,1473,0,1782358957.5358448,0.0022017955780029297
50618,normal,3654,0,1782358957.5379097,0.002064943313598633
50619,normal,1085,0,1782358957.5396433,0.001733541488647461
50620,normal,575,0,1782358957.5418916,0.0022482872009277344
50621,normal,2904,0,1782358957.5438528,0.001961231231689453
50622,normal,180,0,1782358957.5456438,0.0017910003662109375
50623,normal,787,2,1782358957.5478458,0.0022020339965820312
50624,normal,3599,0,1782358957.5498946,0.0020487308502197266
50625,normal,2554,0,1782358957.5516486,0.0017540454864501953
50626,normal,1544,0,1782358957.5536978,0.0020492076873779297
50627,normal,2976,0,1782358957.5559146,0.002216815948486328
50628,normal,374,0,1782358957.5576475,0.0017328262329101562
50629,normal,1757,0,1782358957.5596485,0.002001047134399414
50630,normal,2658,0,1782358957.561924,0.0022754669189453125
50631,normal,2052,0,1782358957.5636456,0.0017216205596923828
50632,normal,1935,0,1782358957.5657618,0.0021162033081054688
50633,normal,1675,0,1782358957.5679178,0.0021560192108154297
50634,normal,396,0,1782358957.569646,0.001728057861328125
50635,normal,3456,0,1782358957.5716536,0.002007722854614258
50636,normal,1273,0,1782358957.5739236,0.0022699832916259766
50637,normal,1539,0,1782358957.5756497,0.0017261505126953125
50638,normal,3388,1,1782358957.577655,0.002005338668823242
50639,normal,2568,0,1782358957.5799234,0.0022683143615722656
50640,normal,2320,0,1782358957.581645,0.0017216205596923828
50641,normal,3403,0,1782358957.5836384,0.001993417739868164
50642,normal,246,0,1782358957.5859213,0.002282857894897461
50643,normal,1197,0,1782358957.5876446,0.0017232894897460938
50644,normal,1808,0,1782358957.58968,0.002035379409790039
50645,normal,1865,0,1782358957.5919197,0.002239704132080078
50646,normal,2471,0,1782358957.5936453,0.0017256736755371094
50647,normal,2912,0,1782358957.5956795,0.0020341873168945312
50648,normal,2375,0,1782358957.5979247,0.002245187759399414
50649,normal,3344,1,1782358957.5996456,0.0017209053039550781
50650,normal,349,0,1782358957.601643,0.0019974708557128906
50651,normal,735,0,1782358957.60392,0.002276897430419922
50652,normal,1404,0,1782358957.6056445,0.0017244815826416016
50653,normal,3554,0,1782358957.6076908,0.002046346664428711
50654,normal,2389,0,1782358957.6098287,0.002137899398803711
50655,normal,284,0,1782358957.6116457,0.0018169879913330078
50656,normal,244,0,1782358957.6136847,0.0020389556884765625
50657,normal,533,0,1782358957.6159277,0.0022430419921875
50658,normal,212,0,1782358957.6176136,0.0016858577728271484
50659,normal,467,0,1782358957.619693,0.002079486846923828
50660,normal,2468,0,1782358957.6218913,0.0021982192993164062
50661,normal,2295,0,1782358957.6236124,0.0017211437225341797
50662,normal,128,0,1782358957.6257854,0.0021729469299316406
50663,normal,3662,0,1782358957.627736,0.0019507408142089844
50664,normal,2248,0,1782358957.629621,0.0018849372863769531
50665,normal,835,2,1782358957.631887,0.00226593017578125
50666,normal,625,0,1782358957.6336136,0.0017266273498535156
50667,normal,2299,0,1782358957.6357946,0.0021810531616210938
50668,normal,867,2,1782358957.6376927,0.001898050308227539
50669,normal,3,0,1782358957.6398146,0.0021219253540039062
50670,normal,3462,0,1782358957.6417866,0.0019719600677490234
50671,normal,1585,0,1782358957.643803,0.002016305923461914
50672,normal,1087,0,1782358957.6456482,0.0018453598022460938
50673,normal,1781,0,1782358957.6479168,0.002268552780151367
50674,normal,1264,0,1782358957.649887,0.0019702911376953125
50675,normal,1500,0,1782358957.6516476,0.0017604827880859375
50676,normal,3707,0,1782358957.6539683,0.0023207664489746094
50677,normal,1112,0,1782358957.6556466,0.0016782283782958984
50678,normal,3240,1,1782358957.657924,0.002277374267578125
50679,normal,3555,0,1782358957.6596477,0.0017237663269042969
50680,normal,2309,0,1782358957.6619155,0.0022678375244140625
50681,normal,1606,0,1782358957.6636486,0.0017330646514892578
50682,normal,1931,0,1782358957.6659126,0.0022640228271484375
50683,normal,2237,0,1782358957.667799,0.0018863677978515625
50684,normal,585,0,1782358957.6696465,0.0018475055694580078
50685,normal,2293,0,1782358957.6719165,0.0022699832916259766
50686,normal,2553,0,1782358957.6737957,0.0018792152404785156
50687,normal,1312,0,1782358957.675647,0.0018513202667236328
50688,normal,737,0,1782358957.6779132,0.0022661685943603516
50689,normal,2921,0,1782358957.6798067,0.0018935203552246094
50690,normal,3109,1,1782358957.6816504,0.0018436908721923828
50691,normal,1704,0,1782358957.6839182,0.0022678375244140625
50692,normal,982,2,1782358957.685831,0.001912832260131836
50693,normal,297,0,1782358957.68783,0.0019989013671875
50694,normal,570,0,1782358957.689791,0.0019609928131103516
50695,normal,3455,0,1782358957.6917963,0.002005338668823242
50696,normal,1415,0,1782358957.6936524,0.001856088638305664
50697,normal,734,0,1782358957.6956458,0.001993417739868164
50698,normal,111,0,1782358957.6979399,0.0022940635681152344
50699,normal,3024,0,1782358957.6997275,0.0017876625061035156
50700,normal,631,0,1782358957.7017913,0.002063751220703125
50701,normal,1292,0,1782358957.7037735,0.0019822120666503906
50702,normal,2116,0,1782358957.705589,0.0018155574798583984
50703,normal,345,0,1782358957.7079275,0.002338409423828125
50704,normal,795,2,1782358957.709647,0.0017194747924804688
50705,normal,3484,0,1782358957.7121196,0.0024726390838623047
50706,normal,99,0,1782358957.7138648,0.0017452239990234375
50707,normal,3596,0,1782358957.715832,0.001967191696166992
50708,normal,3237,1,1782358957.7177584,0.001926422119140625
50709,normal,3532,0,1782358957.7197917,0.002033233642578125
50710,normal,119,0,1782358957.721817,0.0020253658294677734
50711,normal,2623,0,1782358957.723861,0.0020439624786376953
50712,normal,412,0,1782358957.725791,0.0019299983978271484
50713,normal,2532,0,1782358957.7285333,0.002742290496826172
50714,normal,30,0,1782358957.7302785,0.0017452239990234375
50715,normal,436,0,1782358957.7316468,0.0013682842254638672
50716,normal,1481,0,1782358957.734153,0.002506256103515625
50717,normal,828,2,1782358957.7360957,0.0019426345825195312
50718,normal,1486,0,1782358957.7376497,0.0015540122985839844
50719,normal,456,0,1782358957.7398078,0.0021581649780273438
50720,normal,1769,0,1782358957.7418497,0.0020418167114257812
50721,normal,3550,0,1782358957.7436438,0.0017940998077392578
50722,normal,138,0,1782358957.7457926,0.002148866653442383
50723,normal,3678,0,1782358957.7476447,0.0018520355224609375
50724,normal,2891,0,1782358957.7497926,0.0021479129791259766
50725,normal,1018,2,1782358957.7517939,0.0020012855529785156
50726,normal,1177,0,1782358957.7538612,0.0020673274993896484
50727,normal,880,2,1782358957.755795,0.0019338130950927734
50728,normal,951,2,1782358957.7577956,0.002000570297241211
50729,normal,3361,1,1782358957.7596474,0.001851797103881836
50730,normal,277,0,1782358957.761794,0.0021467208862304688
50731,normal,1418,0,1782358957.7638068,0.0020127296447753906
50732,normal,98,0,1782358957.7656434,0.001836538314819336
50733,normal,1863,0,1782358957.7677522,0.0021088123321533203
50734,normal,3641,0,1782358957.769801,0.0020487308502197266
50735,normal,1429,0,1782358957.7718062,0.002005338668823242
50736,normal,451,0,1782358957.7737496,0.001943349838256836
50737,normal,1674,0,1782358957.7757978,0.0020482540130615234
50738,normal,2545,0,1782358957.7776241,0.0018262863159179688
50739,normal,1270,0,1782358957.779765,0.0021407604217529297
50740,normal,1563,0,1782358957.7817986,0.002033710479736328
50741,normal,2682,0,1782358957.7836852,0.001886606216430664
50742,normal,3326,1,1782358957.7857535,0.0020682811737060547
50743,normal,3348,1,1782358957.7877553,0.0020017623901367188
50744,normal,2403,0,1782358957.7897162,0.0019609928131103516
50745,normal,707,0,1782358957.791755,0.002038717269897461
50746,normal,1686,0,1782358957.7937605,0.0020055770874023438
50747,normal,2346,0,1782358957.7956216,0.0018610954284667969
50748,normal,2270,0,1782358957.7977538,0.0021321773529052734
50749,normal,347,0,1782358957.7997625,0.002008676528930664
50750,normal,1963,0,1782358957.8016822,0.0019197463989257812
50751,normal,983,2,1782358957.803756,0.0020737648010253906
50752,normal,586,0,1782358957.8057654,0.0020093917846679688
50753,normal,3334,1,1782358957.807686,0.0019207000732421875
50754,normal,1989,0,1782358957.8097706,0.002084493637084961
50755,normal,2392,0,1782358957.8118434,0.0020728111267089844
50756,normal,2707,0,1782358957.8136837,0.001840353012084961
50757,normal,800,2,1782358957.815758,0.0020742416381835938
50758,normal,796,2,1782358957.8178604,0.002102375030517578
50759,normal,1917,0,1782358957.8196545,0.0017940998077392578
50760,normal,2017,0,1782358957.8217578,0.0021033287048339844
50761,normal,3069,1,1782358957.823768,0.0020101070404052734
50762,normal,2075,0,1782358957.8256786,0.0019106864929199219
50763,normal,3498,0,1782358957.8277557,0.0020771026611328125
50764,normal,563,0,1782358957.8297787,0.002022981643676758
50765,normal,2897,0,1782358957.83168,0.001901388168334961
50766,normal,2140,0,1782358957.8337564,0.002076387405395508
50767,normal,378,0,1782358957.835856,0.0020995140075683594
50768,normal,3523,0,1782358957.8376584,0.0018024444580078125
50769,normal,3355,1,1782358957.8397543,0.002095937728881836
50770,normal,2780,0,1782358957.8418412,0.0020868778228759766
50771,normal,3399,1,1782358957.8436582,0.0018169879913330078
50772,normal,998,2,1782358957.8457582,0.0020999908447265625
50773,normal,1792,0,1782358957.8478556,0.0020973682403564453
50774,normal,406,0,1782358957.8496952,0.0018396377563476562
50775,normal,2316,0,1782358957.8517542,0.0020589828491210938
50776,normal,2685,0,1782358957.853761,0.0020067691802978516
50777,normal,2137,0,1782358957.8556871,0.0019261837005615234
50778,normal,2834,0,1782358957.8577557,0.0020685195922851562
50779,normal,1361,1,1782358957.8597631,0.0020074844360351562
50780,normal,2180,0,1782358957.8618605,0.0020973682403564453
50781,normal,395,0,1782358957.8636405,0.0017800331115722656
50782,normal,375,0,1782358957.8658664,0.0022258758544921875
50783,normal,1907,0,1782358957.867946,0.002079486846923828
50784,normal,610,0,1782358957.8696225,0.0016765594482421875
50785,normal,1327,1,1782358957.8716466,0.0020241737365722656
50786,normal,3104,1,1782358957.8736105,0.0019638538360595703
50787,normal,2598,0,1782358957.8756447,0.0020341873168945312
50788,normal,3464,0,1782358957.8775866,0.0019419193267822266
50789,normal,1956,0,1782358957.8798366,0.0022499561309814453
50790,normal,2048,0,1782358957.8816407,0.0018041133880615234
50791,normal,2462,0,1782358957.883599,0.0019583702087402344
50792,normal,269,0,1782358957.885871,0.002271890640258789
50793,normal,3577,0,1782358957.887648,0.0017771720886230469
50794,normal,2011,0,1782358957.8897667,0.0021185874938964844
50795,normal,3696,0,1782358957.8918538,0.002087116241455078
50796,normal,353,0,1782358957.8937714,0.0019176006317138672
50797,normal,2788,0,1782358957.8957965,0.002025127410888672
50798,normal,3698,0,1782358957.8977585,0.001961946487426758
50799,normal,2440,0,1782358957.8996997,0.0019412040710449219
50800,normal,3688,0,1782358957.9016535,0.0019538402557373047
50801,normal,336,0,1782358957.9036589,0.002005338668823242
50802,normal,3070,1,1782358957.9055753,0.0019164085388183594
50803,normal,1782,0,1782358957.9075975,0.002022266387939453
50804,normal,3146,1,1782358957.9096222,0.0020246505737304688
50805,normal,259,0,1782358957.9115753,0.001953125
50806,normal,653,0,1782358957.9135628,0.001987457275390625
50807,normal,2216,0,1782358957.9158673,0.002304553985595703
50808,normal,3671,0,1782358957.9176095,0.0017421245574951172
50809,normal,2130,0,1782358957.9196355,0.002026081085205078
50810,normal,3442,0,1782358957.921859,0.002223491668701172
50811,normal,3149,1,1782358957.923636,0.0017769336700439453
50812,normal,3364,1,1782358957.9256504,0.0020143985748291016
50813,normal,312,0,1782358957.927845,0.002194643020629883
50814,normal,490,0,1782358957.9296062,0.0017611980438232422
50815,normal,2927,0,1782358957.9316547,0.002048492431640625
50816,normal,2442,0,1782358957.9338367,0.0021820068359375
50817,normal,1937,0,1782358957.935641,0.001804351806640625
50818,normal,3617,0,1782358957.937657,0.0020160675048828125
50819,normal,988,2,1782358957.9398167,0.002159595489501953
50820,normal,3545,0,1782358957.9416325,0.0018157958984375
50821,normal,2584,0,1782358957.943853,0.0022203922271728516
50822,normal,2580,0,1782358957.9457183,0.001865386962890625
50823,normal,130,0,1782358957.947605,0.001886606216430664
50824,normal,2096,0,1782358957.9498682,0.002263307571411133
50825,normal,2692,0,1782358957.9517245,0.0018563270568847656
50826,normal,674,0,1782358957.9536054,0.0018808841705322266
50827,normal,3587,0,1782358957.9558492,0.0022437572479248047
50828,normal,697,0,1782358957.957762,0.001912832260131836
50829,normal,1849,0,1782358957.959606,0.0018439292907714844
50830,normal,2634,0,1782358957.9616861,0.002080202102661133
50831,normal,3566,0,1782358957.9638252,0.0021390914916992188
50832,normal,1025,2,1782358957.96561,0.0017848014831542969
50833,normal,472,0,1782358957.9678776,0.002267599105834961
50834,normal,1115,0,1782358957.9697142,0.001836538314819336
50835,normal,1640,0,1782358957.9716048,0.0018906593322753906
50836,normal,731,0,1782358957.9738646,0.0022597312927246094
50837,normal,2676,0,1782358957.975719,0.0018544197082519531
50838,normal,3288,1,1782358957.9776332,0.0019142627716064453
50839,normal,8,0,1782358957.9798832,0.0022499561309814453
50840,normal,199,0,1782358957.981727,0.0018436908721923828
50841,normal,3040,0,1782358957.9836054,0.001878499984741211
50842,normal,1196,0,1782358957.9858842,0.0022788047790527344
50843,normal,1753,0,1782358957.987726,0.0018417835235595703
50844,normal,1835,0,1782358957.9896336,0.0019075870513916016
50845,normal,1564,0,1782358957.9916987,0.0020651817321777344
50846,normal,3552,0,1782358957.9938312,0.002132415771484375
50847,normal,3303,1,1782358957.9956336,0.0018024444580078125
50848,normal,2152,0,1782358957.9978898,0.002256155014038086
50849,normal,1624,0,1782358957.9998612,0.0019714832305908203
50850,normal,1266,0,1782358958.0016618,0.001800537109375
50851,normal,253,0,1782358958.0038722,0.002210378646850586
50852,normal,1891,0,1782358958.005737,0.0018649101257324219
50853,normal,3338,1,1782358958.0076337,0.0018966197967529297
50854,normal,2743,0,1782358958.0098932,0.002259492874145508
50855,normal,2919,0,1782358958.0117135,0.0018203258514404297
50856,normal,1728,0,1782358958.0136354,0.0019218921661376953
50857,normal,2368,0,1782358958.0158799,0.0022444725036621094
50858,normal,1144,0,1782358958.017713,0.001833200454711914
50859,normal,1855,0,1782358958.0196323,0.0019192695617675781
50860,normal,2660,0,1782358958.021879,0.0022466182708740234
50861,normal,1362,1,1782358958.023712,0.0018329620361328125
50862,normal,754,0,1782358958.025633,0.0019211769104003906
50863,normal,1904,0,1782358958.027882,0.002249002456665039
50864,normal,1380,1,1782358958.0297353,0.0018532276153564453
50865,normal,680,0,1782358958.0316339,0.0018985271453857422
50866,normal,3472,0,1782358958.0338185,0.002184629440307617
50867,normal,1841,0,1782358958.0357115,0.0018930435180664062
50868,normal,1575,0,1782358958.0376344,0.0019228458404541016
50869,normal,3144,1,1782358958.0398877,0.002253293991088867
50870,normal,84,0,1782358958.0417273,0.0018396377563476562
50871,normal,603,0,1782358958.0436401,0.001912832260131836
50872,normal,104,0,1782358958.045838,0.0021979808807373047
50873,normal,2846,0,1782358958.047706,0.0018677711486816406
50874,normal,1464,0,1782358958.0496504,0.0019445419311523438
50875,normal,3276,1,1782358958.0518909,0.002240419387817383
50876,normal,2257,0,1782358958.053706,0.0018150806427001953
50877,normal,2966,0,1782358958.0556374,0.0019314289093017578
50878,normal,1127,0,1782358958.0578923,0.002254962921142578
50879,normal,1269,0,1782358958.0596588,0.0017664432525634766
50880,normal,1280,0,1782358958.061633,0.001974344253540039
50881,normal,2498,0,1782358958.0638237,0.0021905899047851562
50882,normal,689,0,1782358958.0656605,0.0018367767333984375
50883,normal,2986,0,1782358958.0676339,0.001973390579223633
50884,normal,201,0,1782358958.0698237,0.0021898746490478516
50885,normal,2078,0,1782358958.0716553,0.0018315315246582031
50886,normal,3667,0,1782358958.0736341,0.0019788742065429688
50887,normal,2157,0,1782358958.0758998,0.0022656917572021484
50888,normal,977,2,1782358958.0776525,0.001752614974975586
50889,normal,1102,0,1782358958.0796328,0.001980304718017578
50890,normal,1570,0,1782358958.0819018,0.0022690296173095703
50891,normal,1925,0,1782358958.083768,0.0018661022186279297
50892,normal,2135,0,1782358958.0868602,0.0030922889709472656
50893,normal,3703,0,1782358958.0876114,0.0007512569427490234
50894,normal,381,0,1782358958.0898125,0.002201080322265625
50895,normal,1483,0,1782358958.091617,0.0018045902252197266
50896,normal,329,0,1782358958.0938406,0.002223491668701172
50897,normal,671,0,1782358958.0967839,0.002943277359008789
50898,normal,1170,0,1782358958.097797,0.001013040542602539
50899,normal,2677,0,1782358958.1003473,0.002550363540649414
50900,normal,2101,0,1782358958.1028006,0.002453327178955078
50901,normal,857,2,1782358958.1043046,0.0015039443969726562
50902,normal,16,0,1782358958.1062155,0.0019109249114990234
50903,normal,1696,0,1782358958.1086204,0.002404928207397461
50904,normal,875,2,1782358958.1103258,0.0017054080963134766
50905,normal,3016,0,1782358958.1125093,0.0021834373474121094
50906,normal,2820,0,1782358958.1146412,0.002131938934326172
50907,normal,932,2,1782358958.1164343,0.0017931461334228516
50908,normal,1162,0,1782358958.1176991,0.001264810562133789
50909,normal,1714,0,1782358958.1199439,0.002244710922241211
50910,normal,2728,0,1782358958.12169,0.0017461776733398438
50911,normal,3543,0,1782358958.123911,0.0022208690643310547
50912,normal,2263,0,1782358958.1256459,0.0017349720001220703
50913,normal,2143,0,1782358958.1279202,0.0022742748260498047
50914,normal,1903,0,1782358958.1297789,0.0018587112426757812
50915,normal,2691,0,1782358958.131646,0.001867055892944336
50916,normal,3190,1,1782358958.133924,0.0022780895233154297
50917,normal,1297,0,1782358958.135794,0.0018699169158935547
50918,normal,577,0,1782358958.1376479,0.00185394287109375
50919,normal,2313,0,1782358958.1399217,0.0022737979888916016
50920,normal,528,0,1782358958.1417928,0.0018711090087890625
50921,normal,2898,0,1782358958.1438653,0.002072572708129883
50922,normal,1698,0,1782358958.1457908,0.0019254684448242188
50923,normal,447,0,1782358958.1477933,0.0020024776458740234
50924,normal,2659,0,1782358958.149645,0.001851797103881836
50925,normal,1588,0,1782358958.1517873,0.002142190933227539
50926,normal,853,2,1782358958.153795,0.002007722854614258
50927,normal,462,0,1782358958.1556468,0.001851797103881836
50928,normal,2531,0,1782358958.1579192,0.002272367477416992
50929,normal,817,2,1782358958.15979,0.001870870590209961
50930,normal,1172,0,1782358958.1618488,0.002058744430541992
50931,normal,1160,0,1782358958.1637876,0.0019388198852539062
50932,normal,288,0,1782358958.165927,0.0021393299102783203
50933,normal,2854,0,1782358958.167648,0.0017211437225341797
50934,normal,1494,0,1782358958.1699233,0.002275228500366211
50935,normal,873,2,1782358958.1717918,0.0018684864044189453
50936,normal,2285,0,1782358958.1737413,0.0019495487213134766
50937,normal,2483,0,1782358958.175792,0.002050638198852539
50938,normal,1110,0,1782358958.1778002,0.002008199691772461
50939,normal,1705,0,1782358958.1796455,0.0018453598022460938
50940,normal,928,2,1782358958.1819203,0.002274751663208008
50941,normal,3556,0,1782358958.183801,0.001880645751953125
50942,normal,1069,0,1782358958.185851,0.002050161361694336
50943,normal,616,0,1782358958.1877904,0.0019392967224121094
50944,normal,3371,1,1782358958.1898232,0.002032756805419922
50945,normal,2823,0,1782358958.1916459,0.0018227100372314453
50946,normal,691,0,1782358958.1939127,0.0022668838500976562
50947,normal,1082,0,1782358958.1958094,0.0018966197967529297
50948,normal,706,0,1782358958.197856,0.0020465850830078125
50949,normal,2489,0,1782358958.199805,0.0019490718841552734
50950,normal,786,2,1782358958.201796,0.0019910335540771484
50951,normal,1706,0,1782358958.2036455,0.0018494129180908203
50952,normal,3252,1,1782358958.2059133,0.0022678375244140625
50953,normal,3271,1,1782358958.207792,0.0018787384033203125
50954,normal,535,0,1782358958.2096457,0.0018537044525146484
50955,normal,2019,0,1782358958.211915,0.002269268035888672
50956,normal,408,0,1782358958.213797,0.0018820762634277344
50957,normal,1826,0,1782358958.2156405,0.0018434524536132812
50958,normal,3366,1,1782358958.2179337,0.002293109893798828
50959,normal,3249,1,1782358958.2197967,0.0018630027770996094
50960,normal,2327,0,1782358958.2216465,0.0018498897552490234
50961,normal,0,0,1782358958.223915,0.002268552780151367
50962,normal,667,0,1782358958.2257974,0.001882314682006836
50963,normal,1004,2,1782358958.2278578,0.002060413360595703
50964,normal,2159,0,1782358958.2297912,0.0019333362579345703
50965,normal,712,0,1782358958.2317948,0.0020036697387695312
50966,normal,1860,0,1782358958.2336397,0.0018448829650878906
50967,normal,2875,0,1782358958.2359142,0.0022745132446289062
50968,normal,1637,0,1782358958.2377954,0.0018811225891113281
50969,normal,3110,1,1782358958.23972,0.001924753189086914
50970,normal,2867,0,1782358958.2417905,0.0020704269409179688
50971,normal,1029,2,1782358958.243795,0.002004384994506836
50972,normal,3604,0,1782358958.2457433,0.0019483566284179688
50973,normal,3099,1,1782358958.2477908,0.0020475387573242188
50974,normal,3471,0,1782358958.2497904,0.0019996166229248047
50975,normal,1178,0,1782358958.2516468,0.0018563270568847656
50976,normal,90,0,1782358958.2539146,0.0022678375244140625
50977,normal,3018,0,1782358958.2557957,0.0018811225891113281
50978,normal,3185,1,1782358958.2576437,0.001847982406616211
50979,normal,2139,0,1782358958.259914,0.002270221710205078
50980,normal,2100,0,1782358958.2617958,0.0018818378448486328
50981,normal,1715,0,1782358958.2636476,0.001851797103881836
50982,normal,2492,0,1782358958.2659142,0.0022666454315185547
50983,normal,2193,0,1782358958.267842,0.0019278526306152344
50984,normal,3121,1,1782358958.2698348,0.0019927024841308594
50985,normal,1023,2,1782358958.2717915,0.0019567012786865234
50986,normal,2901,0,1782358958.2737956,0.0020041465759277344
50987,normal,2841,0,1782358958.2757304,0.0019347667694091797
50988,normal,241,0,1782358958.2777953,0.002064943313598633
50989,normal,2529,0,1782358958.279798,0.002002716064453125
50990,normal,1677,0,1782358958.2816463,0.0018482208251953125
50991,normal,2600,0,1782358958.2839234,0.0022771358489990234
50992,normal,2070,0,1782358958.2857969,0.0018734931945800781
50993,normal,3310,1,1782358958.287646,0.0018491744995117188
50994,normal,2589,0,1782358958.2899175,0.002271413803100586
50995,normal,2702,0,1782358958.291795,0.0018775463104248047
50996,normal,1875,0,1782358958.2936485,0.0018534660339355469
50997,normal,35,0,1782358958.2959337,0.0022852420806884766
50998,normal,2960,0,1782358958.297785,0.0018513202667236328
50999,normal,2391,0,1782358958.2996414,0.0018563270568847656
51000,normal,2559,0,1782358958.301913,0.0022716522216796875
51001,normal,2726,0,1782358958.303795,0.0018820762634277344
51002,normal,1655,0,1782358958.3058457,0.002050638198852539
51003,normal,626,0,1782358958.3077898,0.0019440650939941406
51004,normal,3565,0,1782358958.3098397,0.0020499229431152344
51005,normal,2395,0,1782358958.3118553,0.0020155906677246094
51006,normal,2097,0,1782358958.3137891,0.0019338130950927734
51007,normal,905,2,1782358958.315925,0.002135753631591797
51008,normal,769,0,1782358958.317842,0.001917123794555664
51009,normal,1664,0,1782358958.319644,0.0018019676208496094
51010,normal,2900,0,1782358958.3220506,0.002406597137451172
51011,normal,3289,1,1782358958.323858,0.0018074512481689453
51012,normal,2821,0,1782358958.3257902,0.0019321441650390625
51013,normal,648,0,1782358958.3277972,0.002007007598876953
51014,normal,3409,0,1782358958.3296466,0.0018494129180908203
51015,normal,2485,0,1782358958.3319218,0.002275228500366211
51016,normal,1657,0,1782358958.3337924,0.0018706321716308594
51017,normal,2872,0,1782358958.3356442,0.001851797103881836
51018,normal,1200,0,1782358958.3379219,0.0022776126861572266
51019,normal,3659,0,1782358958.3397932,0.001871347427368164
51020,normal,1530,0,1782358958.3422828,0.0024895668029785156
51021,normal,1607,0,1782358958.3436475,0.0013647079467773438
51022,normal,2118,0,1782358958.3459318,0.0022842884063720703
51023,normal,525,0,1782358958.3476443,0.0017125606536865234
51024,normal,1436,0,1782358958.3500273,0.002382993698120117
51025,normal,2928,0,1782358958.3515844,0.0015571117401123047
51026,normal,1818,0,1782358958.3535426,0.001958131790161133
51027,normal,3055,1,1782358958.3558433,0.002300739288330078
51028,normal,728,0,1782358958.3576484,0.0018050670623779297
51029,normal,3437,0,1782358958.3598354,0.002187013626098633
51030,normal,962,2,1782358958.3616047,0.0017693042755126953
51031,normal,88,0,1782358958.3638554,0.00225067138671875
51032,normal,383,0,1782358958.3656414,0.0017859935760498047
51033,normal,3483,0,1782358958.3676052,0.0019638538360595703
51034,normal,2427,0,1782358958.3698554,0.002250194549560547
51035,normal,2673,0,1782358958.3717172,0.0018618106842041016
51036,normal,1984,0,1782358958.3736043,0.0018870830535888672
51037,normal,3280,1,1782358958.3758578,0.0022535324096679688
51038,normal,954,2,1782358958.3777044,0.0018465518951416016
51039,normal,2217,0,1782358958.3796046,0.0019001960754394531
51040,normal,3610,0,1782358958.3818624,0.002257823944091797
51041,normal,1876,0,1782358958.3837056,0.0018432140350341797
51042,normal,622,0,1782358958.3856037,0.001898050308227539
51043,normal,1867,0,1782358958.3878675,0.002263784408569336
51044,normal,1210,0,1782358958.389638,0.0017704963684082031
51045,normal,2609,0,1782358958.391605,0.0019669532775878906
51046,normal,3042,0,1782358958.3938131,0.002208232879638672
51047,normal,3376,1,1782358958.3957183,0.001905202865600586
51048,normal,1901,0,1782358958.397605,0.001886606216430664
51049,normal,2176,0,1782358958.3998733,0.0022683143615722656
51050,normal,2079,0,1782358958.4017222,0.0018489360809326172
51051,normal,2195,0,1782358958.4036045,0.001882314682006836
51052,normal,3028,0,1782358958.405873,0.002268552780151367
51053,normal,1660,0,1782358958.4076426,0.0017695426940917969
51054,normal,3256,1,1782358958.4096048,0.0019621849060058594
51055,normal,1407,0,1782358958.4118729,0.002268075942993164
51056,normal,335,0,1782358958.413644,0.0017712116241455078
51057,normal,1179,0,1782358958.4156046,0.0019605159759521484
51058,normal,1994,0,1782358958.417812,0.002207517623901367
51059,normal,2120,0,1782358958.4196374,0.0018253326416015625
51060,normal,3574,0,1782358958.4216268,0.0019893646240234375
51061,normal,34,0,1782358958.4238818,0.002254962921142578
51062,normal,2800,0,1782358958.4257276,0.0018458366394042969
51063,normal,2297,0,1782358958.4276054,0.0018777847290039062
51064,normal,715,0,1782358958.4298844,0.002279043197631836
51065,normal,3162,1,1782358958.4317243,0.0018398761749267578
51066,normal,837,2,1782358958.4336097,0.0018854141235351562
51067,normal,2649,0,1782358958.4358854,0.002275705337524414
51068,normal,2761,0,1782358958.437724,0.00183868408203125
51069,normal,1571,0,1782358958.4396045,0.0018804073333740234
51070,normal,3257,1,1782358958.4418955,0.002290964126586914
51071,normal,3668,0,1782358958.4436543,0.0017588138580322266
51072,normal,2920,0,1782358958.4456096,0.001955270767211914
51073,normal,3332,1,1782358958.447891,0.0022814273834228516
51074,normal,2326,0,1782358958.4496493,0.0017583370208740234
51075,normal,1820,0,1782358958.4516041,0.001954793930053711
51076,normal,3465,0,1782358958.4538915,0.0022873878479003906
51077,normal,2256,0,1782358958.4556518,0.001760244369506836
51078,normal,1203,0,1782358958.457605,0.001953125
51079,normal,2314,0,1782358958.4598916,0.002286672592163086
51080,normal,2893,0,1782358958.461647,0.0017554759979248047
51081,normal,1180,0,1782358958.4636037,0.0019567012786865234
51082,normal,3705,0,1782358958.465896,0.002292156219482422
51083,normal,773,2,1782358958.4676423,0.0017464160919189453
51084,normal,1485,0,1782358958.4696038,0.0019614696502685547
51085,normal,776,2,1782358958.4718928,0.0022890567779541016
51086,normal,19,0,1782358958.4737062,0.0018134117126464844
51087,normal,77,0,1782358958.4756043,0.001898050308227539
51088,normal,784,2,1782358958.4778974,0.002293109893798828
51089,normal,2968,0,1782358958.4796362,0.0017387866973876953
51090,normal,3254,1,1782358958.4816046,0.0019683837890625
51091,normal,1184,0,1782358958.483899,0.0022945404052734375
51092,normal,1537,0,1782358958.4856522,0.001753091812133789
51093,normal,1926,0,1782358958.487605,0.0019528865814208984
51094,normal,3172,1,1782358958.4898849,0.0022797584533691406
51095,normal,1803,0,1782358958.4916446,0.0017597675323486328
51096,normal,602,0,1782358958.4936042,0.001959562301635742
51097,normal,3657,0,1782358958.4958117,0.002207517623901367
51098,normal,2992,0,1782358958.4976428,0.0018310546875
51099,normal,1063,0,1782358958.4996045,0.0019617080688476562
51100,normal,1572,0,1782358958.5018883,0.002283811569213867
51101,normal,167,0,1782358958.5036442,0.0017559528350830078
51102,normal,498,0,1782358958.5056045,0.001960277557373047
51103,normal,2518,0,1782358958.5079093,0.0023047924041748047
51104,normal,2613,0,1782358958.5096385,0.0017292499542236328
51105,normal,294,0,1782358958.51161,0.0019714832305908203
51106,normal,102,0,1782358958.5138235,0.0022134780883789062
51107,normal,1226,0,1782358958.5156362,0.0018126964569091797
51108,normal,1065,0,1782358958.517603,0.001966714859008789
51109,normal,3208,1,1782358958.5199158,0.002312898635864258
51110,normal,3536,0,1782358958.521616,0.0017001628875732422
51111,normal,1438,0,1782358958.523816,0.0022001266479492188
51112,normal,807,2,1782358958.5256152,0.0017991065979003906
51113,normal,1546,0,1782358958.527807,0.002191781997680664
51114,normal,2364,0,1782358958.529634,0.0018270015716552734
51115,normal,1451,0,1782358958.5320437,0.002409696578979492
51116,normal,1005,2,1782358958.533642,0.001598358154296875
51117,normal,957,2,1782358958.535914,0.002271890640258789
51118,normal,3179,1,1782358958.5377917,0.0018777847290039062
51119,normal,2266,0,1782358958.5398574,0.0020656585693359375
51120,normal,3127,1,1782358958.541797,0.001939535140991211
51121,normal,330,0,1782358958.543917,0.0021200180053710938
51122,normal,3282,1,1782358958.545647,0.0017299652099609375
51123,normal,2146,0,1782358958.547916,0.0022690296173095703
51124,normal,1687,0,1782358958.5497556,0.0018396377563476562
51125,normal,2870,0,1782358958.5519338,0.002178192138671875
51126,normal,3473,0,1782358958.5536463,0.0017125606536865234
51127,normal,2370,0,1782358958.555917,0.0022706985473632812
51128,normal,3440,0,1782358958.5577164,0.0017993450164794922
51129,normal,1193,0,1782358958.5597215,0.0020051002502441406
51130,normal,1656,0,1782358958.5618393,0.0021178722381591797
51131,normal,1856,0,1782358958.5638094,0.001970052719116211
51132,normal,2525,0,1782358958.5656059,0.0017964839935302734
51133,normal,3169,1,1782358958.5678422,0.0022363662719726562
51134,normal,3340,1,1782358958.569636,0.0017938613891601562
51135,normal,678,0,1782358958.571605,0.001968860626220703
51136,normal,170,0,1782358958.5738516,0.0022466182708740234
51137,normal,437,0,1782358958.5756342,0.0017826557159423828
51138,normal,1222,0,1782358958.577816,0.0021817684173583984
51139,normal,346,0,1782358958.5796316,0.0018155574798583984
51140,normal,3513,0,1782358958.5818443,0.0022127628326416016
51141,normal,1272,0,1782358958.5836334,0.001789093017578125
51142,normal,519,0,1782358958.5858507,0.0022172927856445312
51143,normal,2062,0,1782358958.5876374,0.0017867088317871094
51144,normal,1383,0,1782358958.5896149,0.0019774436950683594
51145,normal,231,0,1782358958.5916324,0.002017498016357422
51146,normal,1432,0,1782358958.5935612,0.0019288063049316406
51147,normal,281,0,1782358958.5955634,0.002002239227294922
51148,normal,1487,0,1782358958.597555,0.0019915103912353516
51149,normal,2265,0,1782358958.599775,0.00222015380859375
51150,normal,2073,0,1782358958.6015437,0.0017685890197753906
51151,normal,3553,0,1782358958.6035845,0.002040863037109375
51152,normal,2754,0,1782358958.605629,0.0020444393157958984
51153,normal,3054,1,1782358958.6078436,0.002214670181274414
51154,normal,2608,0,1782358958.6096509,0.0018072128295898438
51155,normal,767,0,1782358958.6118355,0.002184629440307617
51156,normal,265,0,1782358958.6136048,0.0017693042755126953
51157,normal,3666,0,1782358958.615859,0.0022542476654052734
51158,normal,1536,0,1782358958.617637,0.0017778873443603516
51159,normal,913,2,1782358958.6196332,0.001996278762817383
51160,normal,2454,0,1782358958.621859,0.0022258758544921875
51161,normal,1773,0,1782358958.623648,0.0017888545989990234
51162,normal,3102,1,1782358958.6256204,0.0019724369049072266
51163,normal,359,0,1782358958.6275656,0.0019452571868896484
51164,normal,834,2,1782358958.629561,0.0019953250885009766
51165,normal,2245,0,1782358958.6315358,0.001974821090698242
51166,normal,2222,0,1782358958.6335838,0.002048015594482422
51167,normal,2348,0,1782358958.635574,0.0019903182983398438
51168,normal,21,0,1782358958.637622,0.002048015594482422
51169,normal,1043,0,1782358958.6398392,0.0022170543670654297
51170,normal,572,0,1782358958.6416273,0.0017881393432617188
51171,normal,3039,0,1782358958.6439407,0.002313375473022461
51172,normal,1591,0,1782358958.6458015,0.0018608570098876953
51173,normal,761,0,1782358958.647851,0.0020494461059570312
51174,normal,1304,0,1782358958.649794,0.0019431114196777344
51175,normal,1469,0,1782358958.651915,0.0021209716796875
51176,normal,2895,0,1782358958.653648,0.0017328262329101562
51177,normal,2941,0,1782358958.6559207,0.0022728443145751953
51178,normal,2074,0,1782358958.6577988,0.0018780231475830078
51179,normal,1038,0,1782358958.6598494,0.002050638198852539
51180,normal,1516,0,1782358958.6617966,0.001947164535522461
51181,normal,1748,0,1782358958.6638036,0.002007007598876953
51182,normal,2749,0,1782358958.6656442,0.0018405914306640625
51183,normal,2597,0,1782358958.667934,0.0022897720336914062
51184,normal,1229,0,1782358958.669797,0.0018630027770996094
51185,normal,2948,0,1782358958.671645,0.001847982406616211
51186,normal,1468,0,1782358958.6739073,0.0022623538970947266
51187,normal,3152,1,1782358958.6758022,0.0018949508666992188
51188,normal,2408,0,1782358958.6778586,0.0020563602447509766
51189,normal,2978,0,1782358958.6797972,0.0019385814666748047
51190,normal,3158,1,1782358958.6819115,0.0021142959594726562
51191,normal,3134,1,1782358958.6836462,0.0017347335815429688
51192,normal,3029,0,1782358958.6859102,0.0022640228271484375
51193,normal,1574,0,1782358958.6878023,0.00189208984375
51194,normal,210,0,1782358958.6898577,0.0020554065704345703
51195,normal,1137,0,1782358958.6918092,0.001951456069946289
51196,normal,935,2,1782358958.6939223,0.0021131038665771484
51197,normal,2622,0,1782358958.6957233,0.0018010139465332031
51198,normal,479,0,1782358958.6977968,0.002073526382446289
51199,normal,3247,1,1782358958.7000828,0.0022859573364257812
51200,normal,2543,0,1782358958.7016463,0.0015635490417480469
51201,normal,1097,0,1782358958.7039123,0.00226593017578125
51202,normal,2133,0,1782358958.7057977,0.0018854141235351562
51203,normal,2015,0,1782358958.707858,0.002060413360595703
51204,normal,129,0,1782358958.709798,0.001940011978149414
51205,normal,1267,0,1782358958.7119176,0.0021195411682128906
51206,normal,832,2,1782358958.713645,0.0017273426055908203
51207,normal,1068,0,1782358958.7159104,0.002265453338623047
51208,normal,23,0,1782358958.7178183,0.0019078254699707031
51209,normal,3486,0,1782358958.7198706,0.00205230712890625
51210,normal,1507,0,1782358958.72183,0.0019593238830566406
51211,normal,1425,0,1782358958.7238045,0.0019745826721191406
51212,normal,1988,0,1782358958.725854,0.0020494461059570312
51213,normal,1100,0,1782358958.7278087,0.001954793930053711
51214,normal,3198,1,1782358958.7299185,0.0021097660064697266
51215,normal,1214,0,1782358958.7316456,0.0017271041870117188
51216,normal,1256,0,1782358958.7339137,0.002268075942993164
51217,normal,3549,0,1782358958.7358077,0.0018939971923828125
51218,normal,1493,0,1782358958.737646,0.0018384456634521484
51219,normal,2783,0,1782358958.739915,0.0022687911987304688
51220,normal,3655,0,1782358958.7418025,0.0018875598907470703
51221,normal,1358,1,1782358958.743853,0.002050638198852539
51222,normal,2964,0,1782358958.7458053,0.0019521713256835938
51223,normal,1120,0,1782358958.7479122,0.002106904983520508
51224,normal,207,0,1782358958.749647,0.0017347335815429688
51225,normal,3436,0,1782358958.7517993,0.0021524429321289062
51226,normal,2387,0,1782358958.753918,0.0021185874938964844
51227,normal,1449,0,1782358958.7556467,0.0017287731170654297
51228,normal,838,2,1782358958.7579112,0.0022644996643066406
51229,normal,369,0,1782358958.7599342,0.002022981643676758
51230,normal,1363,1,1782358958.7618318,0.001897573471069336
51231,normal,1670,0,1782358958.7637947,0.001962900161743164
51232,normal,789,2,1782358958.7659824,0.0021877288818359375
51233,normal,3000,0,1782358958.7676454,0.0016629695892333984
51234,normal,527,0,1782358958.769909,0.0022635459899902344
51235,normal,2855,0,1782358958.771801,0.00189208984375
51236,normal,3551,0,1782358958.7738528,0.002051830291748047
51237,normal,812,2,1782358958.7757964,0.0019435882568359375
51238,normal,900,2,1782358958.7779214,0.0021250247955322266
51239,normal,974,2,1782358958.7796452,0.0017237663269042969
51240,normal,1052,0,1782358958.781922,0.002276897430419922
51241,normal,2071,0,1782358958.783838,0.0019159317016601562
51242,normal,725,0,1782358958.7858558,0.0020177364349365234
51243,normal,1121,0,1782358958.7877965,0.0019407272338867188
51244,normal,2174,0,1782358958.7899253,0.0021288394927978516
51245,normal,70,0,1782358958.791644,0.001718759536743164
51246,normal,1725,0,1782358958.793913,0.0022687911987304688
51247,normal,2579,0,1782358958.7957988,0.0018858909606933594
51248,normal,1220,0,1782358958.7978516,0.002052783966064453
51249,normal,1786,0,1782358958.7997918,0.0019402503967285156
51250,normal,3192,1,1782358958.8019125,0.0021207332611083984
51251,normal,3503,0,1782358958.8036468,0.0017342567443847656
51252,normal,1721,0,1782358958.805909,0.002262115478515625
51253,normal,1501,0,1782358958.8077984,0.0018894672393798828
51254,normal,3053,1,1782358958.8098438,0.0020453929901123047
51255,normal,1697,0,1782358958.8117945,0.0019507408142089844
51256,normal,2369,0,1782358958.8137963,0.0020017623901367188
51257,normal,749,0,1782358958.8156457,0.0018494129180908203
51258,normal,3317,1,1782358958.817783,0.002137422561645508
51259,normal,1939,0,1782358958.8199153,0.0021321773529052734
51260,normal,1375,1,1782358958.822399,0.0024836063385009766
51261,normal,589,0,1782358958.8236537,0.0012547969818115234
51262,normal,2258,0,1782358958.8257928,0.0021390914916992188
51263,normal,2918,0,1782358958.8276498,0.0018570423126220703
51264,normal,271,0,1782358958.829794,0.0021440982818603516
51265,normal,1912,0,1782358958.8318582,0.002064228057861328
51266,normal,1325,1,1782358958.8338473,0.001989126205444336
51267,normal,2818,0,1782358958.8357677,0.001920461654663086
51268,normal,3477,0,1782358958.8377686,0.0020008087158203125
51269,normal,2585,0,1782358958.8397868,0.0020182132720947266
51270,normal,822,2,1782358958.841756,0.0019693374633789062
51271,normal,1295,0,1782358958.8437552,0.0019991397857666016
51272,normal,480,0,1782358958.8456097,0.0018544197082519531
51273,normal,578,0,1782358958.84775,0.0021402835845947266
51274,normal,3217,1,1782358958.8497517,0.0020017623901367188
51275,normal,1877,0,1782358958.851613,0.0018613338470458984
51276,normal,3601,0,1782358958.8537545,0.0021414756774902344
51277,normal,2417,0,1782358958.8557742,0.002019643783569336
51278,normal,2971,0,1782358958.8576577,0.0018835067749023438
51279,normal,370,0,1782358958.859753,0.0020952224731445312
51280,normal,2268,0,1782358958.861758,0.0020051002502441406
51281,normal,573,0,1782358958.8636167,0.0018587112426757812
51282,normal,3517,0,1782358958.8657541,0.002137422561645508
51283,normal,1771,0,1782358958.8677533,0.0019991397857666016
51284,normal,790,2,1782358958.8696587,0.0019054412841796875
51285,normal,1638,0,1782358958.8717546,0.002095937728881836
51286,normal,1650,0,1782358958.8737836,0.002028942108154297
51287,normal,2102,0,1782358958.8756487,0.0018651485443115234
51288,normal,3501,0,1782358958.877723,0.0020742416381835938
51289,normal,3560,0,1782358958.8797417,0.0020186901092529297
51290,normal,2950,0,1782358958.881594,0.001852273941040039
51291,normal,105,0,1782358958.8837986,0.0022046566009521484
51292,normal,891,2,1782358958.8857105,0.0019118785858154297
51293,normal,604,0,1782358958.8876426,0.0019321441650390625
51294,normal,2008,0,1782358958.8896587,0.0020160675048828125
51295,normal,591,0,1782358958.8918202,0.0021615028381347656
51296,normal,1305,0,1782358958.893572,0.0017518997192382812
51297,normal,2127,0,1782358958.8959124,0.0023403167724609375
51298,normal,623,0,1782358958.8977869,0.0018744468688964844
51299,normal,3639,0,1782358958.89975,0.0019631385803222656
51300,normal,3362,1,1782358958.901799,0.002048969268798828
51301,normal,1282,0,1782358958.9037995,0.002000570297241211
51302,normal,3692,0,1782358958.9056454,0.0018458366394042969
51303,normal,1176,0,1782358958.9079294,0.0022840499877929688
51304,normal,1761,0,1782358958.9097934,0.0018639564514160156
51305,normal,692,0,1782358958.9118464,0.0020530223846435547
51306,normal,985,2,1782358958.913791,0.0019445419311523438
51307,normal,2646,0,1782358958.9157982,0.0020072460174560547
51308,normal,3504,0,1782358958.917645,0.0018467903137207031
51309,normal,1077,0,1782358958.9197886,0.0021436214447021484
51310,normal,1922,0,1782358958.921796,0.0020074844360351562
51311,normal,1287,0,1782358958.9237747,0.001978635787963867
51312,normal,670,0,1782358958.9257572,0.001982450485229492
51313,normal,2495,0,1782358958.9277937,0.002036571502685547
51314,normal,1094,0,1782358958.9296796,0.0018858909606933594
51315,normal,804,2,1782358958.9317515,0.002071857452392578
51316,normal,3510,0,1782358958.9337535,0.0020020008087158203
51317,normal,1257,0,1782358958.9356124,0.0018589496612548828
51318,normal,1116,0,1782358958.937756,0.0021436214447021484
51319,normal,1853,0,1782358958.9397602,0.0020041465759277344
51320,normal,2251,0,1782358958.941657,0.0018968582153320312
51321,normal,2043,0,1782358958.943609,0.0019519329071044922
51322,normal,3201,1,1782358958.9457502,0.002141237258911133
51323,normal,2365,0,1782358958.9476578,0.0019075870513916016
51324,normal,966,2,1782358958.9497557,0.0020978450775146484
51325,normal,2036,0,1782358958.9517584,0.002002716064453125
51326,normal,1954,0,1782358958.953657,0.0018985271453857422
51327,normal,2773,0,1782358958.955777,0.0021200180053710938
51328,normal,1154,0,1782358958.9577587,0.0019817352294921875
51329,normal,2372,0,1782358958.9596546,0.001895904541015625
51330,normal,2083,0,1782358958.9617596,0.0021049976348876953
51331,normal,420,0,1782358958.9637604,0.0020008087158203125
51332,normal,1829,0,1782358958.965655,0.0018947124481201172
51333,normal,2234,0,1782358958.9677503,0.0020952224731445312
51334,normal,3304,1,1782358958.9697583,0.0020079612731933594
51335,normal,3241,1,1782358958.9716582,0.0018999576568603516
51336,normal,1205,0,1782358958.9737523,0.0020940303802490234
51337,normal,1980,0,1782358958.975753,0.0020008087158203125
51338,normal,79,0,1782358958.9776087,0.001855611801147461
51339,normal,972,2,1782358958.9797688,0.0021600723266601562
51340,normal,2718,0,1782358958.9817667,0.0019979476928710938
51341,normal,2226,0,1782358958.9836798,0.0019130706787109375
51342,normal,2038,0,1782358958.9857516,0.002071857452392578
51343,normal,1960,0,1782358958.987756,0.002004384994506836
51344,normal,1974,0,1782358958.9896557,0.00189971923828125
51345,normal,2830,0,1782358958.991753,0.0020973682403564453
51346,normal,179,0,1782358958.9937587,0.0020055770874023438
51347,normal,522,0,1782358958.995658,0.0018992424011230469
51348,normal,2729,0,1782358958.9977512,0.0020933151245117188
51349,normal,530,0,1782358958.9997547,0.0020034313201904297
51350,normal,2993,0,1782358959.0016446,0.001889944076538086
51351,normal,1215,0,1782358959.0037599,0.0021152496337890625
51352,normal,2955,0,1782358959.0057588,0.0019989013671875
51353,normal,3605,0,1782358959.0076582,0.0018994808197021484
51354,normal,1047,0,1782358959.0097504,0.002092123031616211
51355,normal,1798,0,1782358959.0117562,0.0020058155059814453
51356,normal,1001,2,1782358959.013658,0.001901865005493164
51357,normal,2850,0,1782358959.015753,0.0020949840545654297
51358,normal,1635,0,1782358959.0177567,0.0020036697387695312
51359,normal,1797,0,1782358959.0196562,0.0018994808197021484
51360,normal,526,0,1782358959.0217493,0.002093076705932617
51361,normal,3540,0,1782358959.0237584,0.002009153366088867
51362,normal,1577,0,1782358959.0256548,0.0018963813781738281
51363,normal,1597,0,1782358959.0277538,0.0020990371704101562
51364,normal,944,2,1782358959.0297577,0.002003908157348633
51365,normal,225,0,1782358959.0316534,0.0018956661224365234
51366,normal,1801,0,1782358959.0337484,0.0020949840545654297
51367,normal,2134,0,1782358959.0357578,0.0020093917846679688
51368,normal,2334,0,1782358959.0376563,0.0018985271453857422
51369,normal,2421,0,1782358959.0397525,0.0020961761474609375
51370,normal,114,0,1782358959.041755,0.0020024776458740234
51371,normal,1070,0,1782358959.0436535,0.0018985271453857422
51372,normal,2223,0,1782358959.0457504,0.002096891403198242
51373,normal,1251,0,1782358959.0477586,0.002008199691772461
51374,normal,9,0,1782358959.0497541,0.001995563507080078
51375,normal,781,2,1782358959.0517557,0.002001523971557617
51376,normal,2842,0,1782358959.053756,0.0020003318786621094
51377,normal,2470,0,1782358959.0556562,0.0019001960754394531
51378,normal,18,0,1782358959.057764,0.002107858657836914
51379,normal,1599,0,1782358959.0597575,0.001993417739868164
51380,normal,425,0,1782358959.0616581,0.0019006729125976562
51381,normal,1600,0,1782358959.0637498,0.002091646194458008
51382,normal,2050,0,1782358959.0657666,0.002016782760620117
51383,normal,766,0,1782358959.0676572,0.0018906593322753906
51384,normal,2925,0,1782358959.0697522,0.0020949840545654297
51385,normal,48,0,1782358959.0717585,0.0020062923431396484
51386,normal,2716,0,1782358959.0736833,0.001924753189086914
51387,normal,544,0,1782358959.0757694,0.002086162567138672
51388,normal,2144,0,1782358959.0777566,0.0019872188568115234
51389,normal,3251,1,1782358959.079611,0.0018544197082519531
51390,normal,1932,0,1782358959.0818057,0.002194643020629883
51391,normal,1394,0,1782358959.0837662,0.0019605159759521484
51392,normal,1055,0,1782358959.0857165,0.0019502639770507812
51393,normal,3186,1,1782358959.0877512,0.0020346641540527344
51394,normal,2832,0,1782358959.0897563,0.0020051002502441406
51395,normal,139,0,1782358959.091657,0.0019006729125976562
51396,normal,2979,0,1782358959.0937524,0.002095460891723633
51397,normal,2412,0,1782358959.0957594,0.002007007598876953
51398,normal,38,0,1782358959.097685,0.0019257068634033203
51399,normal,2606,0,1782358959.0997508,0.0020656585693359375
51400,normal,272,0,1782358959.1017747,0.002023935317993164
51401,normal,1502,0,1782358959.1036553,0.001880645751953125
51402,normal,819,2,1782358959.1057503,0.0020949840545654297
51403,normal,1632,0,1782358959.10776,0.0020096302032470703
51404,normal,1723,0,1782358959.1096075,0.0018475055694580078
51405,normal,1981,0,1782358959.1118112,0.002203702926635742
51406,normal,457,0,1782358959.113778,0.0019669532775878906
51407,normal,518,0,1782358959.1156576,0.0018794536590576172
51408,normal,1344,1,1782358959.1177487,0.0020911693572998047
51409,normal,2203,0,1782358959.1197522,0.0020034313201904297
51410,normal,993,2,1782358959.1217248,0.001972675323486328
51411,normal,2644,0,1782358959.1237514,0.0020265579223632812
51412,normal,557,0,1782358959.125759,0.0020074844360351562
51413,normal,1630,0,1782358959.1276546,0.0018956661224365234
51414,normal,106,0,1782358959.1297472,0.002092599868774414
51415,normal,1634,0,1782358959.1317527,0.0020055770874023438
51416,normal,3675,0,1782358959.1336534,0.0019006729125976562
51417,normal,783,2,1782358959.1357615,0.0021080970764160156
51418,normal,3279,1,1782358959.1377578,0.001996278762817383
51419,normal,3020,0,1782358959.1396546,0.0018968582153320312
51420,normal,2876,0,1782358959.1417484,0.002093791961669922
51421,normal,3457,0,1782358959.1437578,0.0020093917846679688
51422,normal,901,2,1782358959.145658,0.0019001960754394531
51423,normal,902,2,1782358959.1477494,0.0020914077758789062
51424,normal,310,0,1782358959.1497588,0.0020093917846679688
51425,normal,1228,0,1782358959.151658,0.0018992424011230469
51426,normal,2575,0,1782358959.1537483,0.0020902156829833984
51427,normal,2517,0,1782358959.1557584,0.0020101070404052734
51428,normal,664,0,1782358959.1576571,0.0018987655639648438
51429,normal,440,0,1782358959.1597545,0.0020973682403564453
51430,normal,1950,0,1782358959.1617587,0.0020041465759277344
51431,normal,657,0,1782358959.1636534,0.0018947124481201172
51432,normal,3200,1,1782358959.1657498,0.002096414566040039
51433,normal,1850,0,1782358959.167758,0.002008199691772461
51434,normal,3013,0,1782358959.1696556,0.001897573471069336
51435,normal,2465,0,1782358959.1717525,0.002096891403198242
51436,normal,2168,0,1782358959.1737695,0.0020170211791992188
51437,normal,981,2,1782358959.1756573,0.0018877983093261719
51438,normal,1444,0,1782358959.177773,0.0021157264709472656
51439,normal,2335,0,1782358959.1797616,0.001988649368286133
51440,normal,1770,0,1782358959.181706,0.0019443035125732422
51441,normal,1471,0,1782358959.1837544,0.002048492431640625
51442,normal,2511,0,1782358959.1857533,0.0019989013671875
51443,normal,3626,0,1782358959.1876502,0.0018968582153320312
51444,normal,1379,1,1782358959.1897504,0.002100229263305664
51445,normal,1822,0,1782358959.1917572,0.0020067691802978516
51446,normal,1186,0,1782358959.193658,0.0019009113311767578
51447,normal,1848,0,1782358959.195752,0.002093791961669922
51448,normal,889,2,1782358959.1977654,0.0020134449005126953
51449,normal,147,0,1782358959.1996562,0.0018908977508544922
51450,normal,229,0,1782358959.2017493,0.002093076705932617
51451,normal,1827,0,1782358959.203759,0.0020096302032470703
51452,normal,3454,0,1782358959.205657,0.001898050308227539
51453,normal,2717,0,1782358959.207747,0.002089977264404297
51454,normal,3167,1,1782358959.2097678,0.0020208358764648438
51455,normal,1949,0,1782358959.211656,0.001888275146484375
51456,normal,3001,0,1782358959.213763,0.002106904983520508
51457,normal,2005,0,1782358959.2157567,0.0019936561584472656
51458,normal,2725,0,1782358959.2176547,0.001898050308227539
51459,normal,146,0,1782358959.219746,0.0020914077758789062
51460,normal,1453,0,1782358959.221761,0.0020148754119873047
51461,normal,3397,1,1782358959.223657,0.001895904541015625
51462,normal,1188,0,1782358959.225754,0.0020971298217773438
51463,normal,2110,0,1782358959.227757,0.0020029544830322266
51464,normal,3597,0,1782358959.2296538,0.0018968582153320312
51465,normal,237,0,1782358959.2317507,0.002096891403198242
51466,normal,405,0,1782358959.233758,0.0020072460174560547
51467,normal,2490,0,1782358959.2356563,0.0018982887268066406
51468,normal,2190,0,1782358959.237761,0.0021047592163085938
51469,normal,193,0,1782358959.2397563,0.0019953250885009766
51470,normal,939,2,1782358959.241736,0.0019795894622802734
51471,normal,683,0,1782358959.2437687,0.002032756805419922
51472,normal,2414,0,1782358959.2462606,0.0024919509887695312
51473,normal,3213,1,1782358959.2476175,0.0013568401336669922
51474,normal,92,0,1782358959.2498977,0.0022802352905273438
51475,normal,547,0,1782358959.2516086,0.0017108917236328125
51476,normal,614,0,1782358959.253807,0.002198457717895508
51477,normal,2355,0,1782358959.255607,0.0017998218536376953
51478,normal,677,0,1782358959.2575185,0.0019116401672363281
51479,normal,3695,0,1782358959.2595227,0.0020041465759277344
51480,normal,2330,0,1782358959.2616074,0.0020847320556640625
51481,normal,3693,0,1782358959.2636058,0.001998424530029297
51482,normal,3562,0,1782358959.2655928,0.001986980438232422
51483,normal,2378,0,1782358959.2678823,0.0022895336151123047
51484,normal,3154,1,1782358959.2697144,0.0018320083618164062
51485,normal,2430,0,1782358959.2716331,0.001918792724609375
51486,normal,3286,1,1782358959.2735796,0.0019464492797851562
51487,normal,2645,0,1782358959.2755876,0.0020079612731933594
51488,normal,3092,1,1782358959.2775893,0.0020017623901367188
51489,normal,2786,0,1782358959.2796025,0.0020132064819335938
51490,normal,1538,0,1782358959.2817373,0.0021347999572753906
51491,normal,1401,0,1782358959.2836573,0.0019199848175048828
51492,normal,3011,0,1782358959.2857563,0.0020990371704101562
51493,normal,1320,1,1782358959.2876523,0.001895904541015625
51494,normal,2943,0,1782358959.2897089,0.002056598663330078
51495,normal,2341,0,1782358959.2917154,0.00200653076171875
51496,normal,829,2,1782358959.2937062,0.001990795135498047
51497,normal,2675,0,1782358959.2957106,0.002004384994506836
51498,normal,2762,0,1782358959.2977052,0.001994609832763672
51499,normal,251,0,1782358959.2997105,0.002005338668823242
51500,normal,1011,2,1782358959.301699,0.0019884109497070312
51501,normal,2864,0,1782358959.303593,0.0018939971923828125
51502,normal,876,2,1782358959.3057206,0.0021276473999023438
51503,normal,1764,0,1782358959.3077173,0.001996755599975586
51504,normal,1258,0,1782358959.3097124,0.001995086669921875
51505,normal,3285,1,1782358959.3117104,0.0019979476928710938
51506,normal,36,0,1782358959.3137133,0.0020029544830322266
51507,normal,3629,0,1782358959.3157215,0.002008199691772461
51508,normal,509,0,1782358959.317742,0.002020597457885742
51509,normal,1157,0,1782358959.3198354,0.0020933151245117188
51510,normal,1673,0,1782358959.3217244,0.0018889904022216797
51511,normal,337,0,1782358959.3236728,0.0019483566284179688
51512,normal,1800,0,1782358959.3257077,0.002034902572631836
51513,normal,1031,0,1782358959.327617,0.0019092559814453125
51514,normal,2136,0,1782358959.3298419,0.0022249221801757812
51515,normal,580,0,1782358959.3319938,0.002151966094970703
51516,normal,3004,0,1782358959.3341825,0.0021886825561523438
51517,normal,325,0,1782358959.335731,0.0015485286712646484
51518,normal,2035,0,1782358959.3377094,0.0019783973693847656
51519,normal,765,0,1782358959.3398464,0.0021369457244873047
51520,normal,2739,0,1782358959.341759,0.0019125938415527344
51521,normal,2548,0,1782358959.343889,0.0021300315856933594
51522,normal,2605,0,1782358959.3456538,0.0017647743225097656
51523,normal,5,0,1782358959.3478005,0.0021467208862304688
51524,normal,942,2,1782358959.3498416,0.0020411014556884766
51525,normal,3221,1,1782358959.3517342,0.0018925666809082031
51526,normal,2030,0,1782358959.3537302,0.0019960403442382812
51527,normal,295,0,1782358959.3555732,0.0018429756164550781
51528,normal,2980,0,1782358959.3578107,0.002237558364868164
51529,normal,2278,0,1782358959.35971,0.0018992424011230469
51530,normal,3283,1,1782358959.3617349,0.0020248889923095703
51531,normal,600,0,1782358959.363713,0.001978158950805664
51532,normal,3575,0,1782358959.3658571,0.0021440982818603516
51533,normal,202,0,1782358959.3677518,0.0018947124481201172
51534,normal,454,0,1782358959.3698077,0.0020558834075927734
51535,normal,720,0,1782358959.3716946,0.0018868446350097656
51536,normal,2700,0,1782358959.3737953,0.002100706100463867
51537,normal,2347,0,1782358959.3756828,0.0018875598907470703
51538,normal,1559,0,1782358959.3777692,0.0020864009857177734
51539,normal,615,0,1782358959.3795872,0.001817941665649414
51540,normal,2431,0,1782358959.3818488,0.002261638641357422
51541,normal,831,2,1782358959.3837564,0.0019075870513916016
51542,normal,1313,0,1782358959.3858812,0.002124786376953125
51543,normal,1433,0,1782358959.3877678,0.001886606216430664
51544,normal,1869,0,1782358959.3898234,0.002055644989013672
51545,normal,538,0,1782358959.3917675,0.0019440650939941406
51546,normal,3652,0,1782358959.3937128,0.0019452571868896484
51547,normal,2731,0,1782358959.39578,0.0020673274993896484
51548,normal,1894,0,1782358959.3977273,0.001947164535522461
51549,normal,732,0,1782358959.39972,0.0019927024841308594
51550,normal,1872,0,1782358959.401971,0.002251148223876953
51551,normal,45,0,1782358959.4037132,0.0017421245574951172
51552,normal,1555,0,1782358959.405822,0.0021088123321533203
51553,normal,758,0,1782358959.4078825,0.002060413360595703
51554,normal,747,0,1782358959.40993,0.0020475387573242188
51555,normal,2201,0,1782358959.411819,0.0018889904022216797
51556,normal,2224,0,1782358959.4139307,0.002111673355102539
51557,normal,2283,0,1782358959.415845,0.0019142627716064453
51558,normal,3534,0,1782358959.4176576,0.0018126964569091797
51559,normal,2059,0,1782358959.4197698,0.002112150192260742
51560,normal,44,0,1782358959.4217098,0.001940011978149414
51561,normal,3243,1,1782358959.423958,0.0022482872009277344
51562,normal,1290,0,1782358959.4256504,0.0016922950744628906
51563,normal,2332,0,1782358959.427772,0.0021216869354248047
51564,normal,619,0,1782358959.4295661,0.0017940998077392578
51565,normal,2693,0,1782358959.431756,0.0021898746490478516
51566,normal,3311,1,1782358959.4344888,0.0027327537536621094
51567,normal,2351,0,1782358959.4359148,0.0014259815216064453
51568,normal,3118,1,1782358959.4376829,0.0017681121826171875
51569,normal,2772,0,1782358959.439784,0.0021011829376220703
51570,normal,738,0,1782358959.4416816,0.001897573471069336
51571,normal,3325,1,1782358959.4438019,0.0021202564239501953
51572,normal,2668,0,1782358959.4460025,0.002200603485107422
51573,normal,1145,0,1782358959.44762,0.001617431640625
51574,normal,1268,0,1782358959.4497652,0.0021452903747558594
51575,normal,3312,1,1782358959.4517436,0.0019783973693847656
51576,normal,651,0,1782358959.45369,0.0019464492797851562
51577,normal,618,0,1782358959.4557936,0.002103567123413086
51578,normal,921,2,1782358959.4577346,0.0019409656524658203
51579,normal,1457,0,1782358959.4597104,0.0019757747650146484
51580,normal,1039,0,1782358959.4618049,0.0020945072174072266
51581,normal,779,2,1782358959.4637616,0.0019567012786865234
51582,normal,1365,1,1782358959.4659758,0.002214193344116211
51583,normal,2932,0,1782358959.4678414,0.0018656253814697266
51584,normal,1352,1,1782358959.4698527,0.0020112991333007812
51585,normal,2373,0,1782358959.4718764,0.0020236968994140625
51586,normal,2736,0,1782358959.4738863,0.002009868621826172
51587,normal,1321,1,1782358959.475595,0.0017087459564208984
51588,normal,1864,0,1782358959.4778059,0.002210855484008789
51589,normal,3015,0,1782358959.4797773,0.0019714832305908203
51590,normal,1315,0,1782358959.481799,0.0020215511322021484
51591,normal,1957,0,1782358959.4838266,0.002027750015258789
51592,normal,3138,1,1782358959.485955,0.0021283626556396484
51593,normal,1442,0,1782358959.4876103,0.0016553401947021484
51594,normal,3709,0,1782358959.4898021,0.002191781997680664
51595,normal,3073,1,1782358959.4919908,0.0021886825561523438
51596,normal,968,2,1782358959.4939487,0.0019578933715820312
51597,normal,3093,1,1782358959.4957378,0.001789093017578125
51598,normal,2709,0,1782358959.4978237,0.0020859241485595703
51599,normal,2014,0,1782358959.499757,0.0019333362579345703
51600,normal,2426,0,1782358959.5016823,0.0019252300262451172
51601,normal,1239,0,1782358959.503809,0.0021266937255859375
51602,normal,2189,0,1782358959.50571,0.0019009113311767578
51603,normal,669,0,1782358959.507779,0.0020689964294433594
51604,normal,1921,0,1782358959.509752,0.0019731521606445312
51605,normal,26,0,1782358959.5117345,0.001982450485229492
51606,normal,1423,0,1782358959.5137556,0.0020210742950439453
51607,normal,1204,0,1782358959.515877,0.002121448516845703
51608,normal,3506,0,1782358959.5178437,0.001966714859008789
51609,normal,2026,0,1782358959.5195866,0.0017428398132324219
51610,normal,215,0,1782358959.5218215,0.002234935760498047
51611,normal,1261,0,1782358959.5237834,0.001961946487426758
51612,normal,1171,0,1782358959.5256119,0.0018284320831298828
51613,normal,1733,0,1782358959.527833,0.0022211074829101562
51614,normal,2329,0,1782358959.5298197,0.0019867420196533203
51615,normal,2493,0,1782358959.531849,0.0020291805267333984
51616,normal,1447,0,1782358959.5336945,0.0018455982208251953
51617,normal,3557,0,1782358959.5357232,0.0020287036895751953
51618,normal,1745,0,1782358959.5376832,0.0019600391387939453
51619,normal,2029,0,1782358959.5397766,0.0020933151245117188
51620,normal,3067,1,1782358959.541688,0.0019114017486572266
51621,normal,2599,0,1782358959.5437899,0.002101898193359375
51622,normal,1561,0,1782358959.5457556,0.001965761184692383
51623,normal,3178,1,1782358959.547877,0.002121448516845703
51624,normal,896,2,1782358959.5498059,0.0019288063049316406
51625,normal,131,0,1782358959.5517204,0.0019145011901855469
51626,normal,1479,0,1782358959.5538309,0.0021104812622070312
51627,normal,2886,0,1782358959.5556917,0.0018608570098876953
51628,normal,3404,0,1782358959.5577812,0.0020895004272460938
51629,normal,1224,0,1782358959.559719,0.0019378662109375
51630,normal,2988,0,1782358959.561672,0.0019528865814208984
51631,normal,2747,0,1782358959.5639305,0.0022585391998291016
51632,normal,3635,0,1782358959.5657322,0.0018017292022705078
51633,normal,3466,0,1782358959.5677843,0.0020520687103271484
51634,normal,3526,0,1782358959.569875,0.0020906925201416016
51635,normal,2018,0,1782358959.5720637,0.0021886825561523438
51636,normal,2239,0,1782358959.5737214,0.001657724380493164
51637,normal,770,0,1782358959.5759711,0.0022497177124023438
51638,normal,341,0,1782358959.577932,0.00196075439453125
51639,normal,2419,0,1782358959.5795755,0.0016436576843261719
51640,normal,2218,0,1782358959.5817626,0.002187013626098633
51641,normal,746,0,1782358959.5837085,0.0019459724426269531
51642,normal,3049,1,1782358959.5858514,0.0021429061889648438
51643,normal,67,0,1782358959.5876977,0.0018463134765625
51644,normal,149,0,1782358959.5897567,0.0020589828491210938
51645,normal,1218,0,1782358959.5916502,0.0018935203552246094
51646,normal,1349,1,1782358959.5937703,0.0021200180053710938
51647,normal,245,0,1782358959.5963957,0.0026254653930664062
51648,normal,2641,0,1782358959.5979917,0.0015959739685058594
51649,normal,1506,0,1782358959.5997453,0.0017535686492919922
51650,normal,1074,0,1782358959.601783,0.0020377635955810547
51651,normal,743,0,1782358959.6037278,0.0019447803497314453
51652,normal,2502,0,1782358959.6057987,0.002070903778076172
51653,normal,3590,0,1782358959.6078618,0.0020630359649658203
51654,normal,59,0,1782358959.6097572,0.0018954277038574219
51655,normal,2311,0,1782358959.6117718,0.002014636993408203
51656,normal,1108,0,1782358959.613702,0.00193023681640625
51657,normal,3161,1,1782358959.6158004,0.0020983219146728516
51658,normal,489,0,1782358959.617703,0.0019025802612304688
51659,normal,3396,1,1782358959.6198106,0.0021076202392578125
51660,normal,3406,0,1782358959.6216154,0.0018048286437988281
51661,normal,2298,0,1782358959.6238334,0.002218008041381836
51662,normal,1288,0,1782358959.6256132,0.001779794692993164
51663,normal,2560,0,1782358959.6277854,0.002172231674194336
51664,normal,2509,0,1782358959.6298456,0.0020601749420166016
51665,normal,2103,0,1782358959.6317716,0.0019259452819824219
51666,normal,2196,0,1782358959.633743,0.0019714832305908203
51667,normal,1346,1,1782358959.6358624,0.002119302749633789
51668,normal,3516,0,1782358959.6376007,0.0017383098602294922
51669,normal,3546,0,1782358959.6396961,0.002095460891723633
51670,normal,2057,0,1782358959.6417174,0.002021312713623047
51671,normal,1294,0,1782358959.6436405,0.0019230842590332031
51672,normal,89,0,1782358959.6457984,0.002157926559448242
51673,normal,115,0,1782358959.647637,0.0018384456634521484
51674,normal,941,2,1782358959.649909,0.0022721290588378906
51675,normal,701,0,1782358959.6515708,0.0016617774963378906
51676,normal,1279,0,1782358959.653781,0.0022101402282714844
51677,normal,3218,1,1782358959.6560678,0.0022869110107421875
51678,normal,1713,0,1782358959.6576996,0.0016317367553710938
51679,normal,1836,0,1782358959.6597602,0.0020606517791748047
51680,normal,1317,0,1782358959.6616013,0.0018410682678222656
51681,normal,1448,0,1782358959.6637166,0.0021152496337890625
51682,normal,987,2,1782358959.6657043,0.0019876956939697266
51683,normal,3493,0,1782358959.6675909,0.001886606216430664
51684,normal,2705,0,1782358959.669744,0.002153158187866211
51685,normal,3220,1,1782358959.671661,0.0019168853759765625
51686,normal,3492,0,1782358959.6737177,0.0020568370819091797
51687,normal,2093,0,1782358959.675618,0.0019001960754394531
51688,normal,871,2,1782358959.6777747,0.0021567344665527344
51689,normal,3686,0,1782358959.679692,0.0019173622131347656
51690,normal,750,0,1782358959.6816301,0.0019381046295166016
51691,normal,2744,0,1782358959.6837063,0.0020761489868164062
51692,normal,1936,0,1782358959.6855922,0.0018858909606933594
51693,normal,2296,0,1782358959.6877184,0.0021262168884277344
51694,normal,87,0,1782358959.6897218,0.0020034313201904297
51695,normal,733,0,1782358959.691596,0.0018742084503173828
51696,normal,2040,0,1782358959.693724,0.0021278858184814453
51697,normal,3622,0,1782358959.6957932,0.002069234848022461
51698,normal,3392,1,1782358959.6975744,0.0017812252044677734
51699,normal,3623,0,1782358959.699696,0.0021216869354248047
51700,normal,2874,0,1782358959.7016983,0.002002239227294922
51701,normal,3082,1,1782358959.7035892,0.0018908977508544922
51702,normal,1008,2,1782358959.7056186,0.0020294189453125
51703,normal,1578,0,1782358959.7077863,0.0021677017211914062
51704,normal,774,2,1782358959.7097056,0.0019192695617675781
51705,normal,2496,0,1782358959.7116127,0.0019071102142333984
51706,normal,3414,0,1782358959.7137353,0.002122640609741211
51707,normal,1227,0,1782358959.715606,0.0018706321716308594
51708,normal,2210,0,1782358959.717729,0.002123117446899414
51709,normal,2614,0,1782358959.719583,0.00185394287109375
51710,normal,3183,1,1782358959.7217138,0.002130746841430664
51711,normal,2851,0,1782358959.7235992,0.0018854141235351562
51712,normal,300,0,1782358959.7258286,0.002229452133178711
51713,normal,2147,0,1782358959.7276413,0.0018126964569091797
51714,normal,2527,0,1782358959.729834,0.0021927356719970703
51715,normal,371,0,1782358959.7318175,0.0019834041595458984
51716,normal,292,0,1782358959.7336407,0.0018231868743896484
51717,normal,2848,0,1782358959.735778,0.002137422561645508
51718,normal,1134,0,1782358959.7377229,0.0019447803497314453
51719,normal,2784,0,1782358959.7397075,0.0019845962524414062
51720,normal,2167,0,1782358959.7415924,0.0018849372863769531
51721,normal,1141,0,1782358959.743686,0.0020935535430908203
51722,normal,103,0,1782358959.7455583,0.0018723011016845703
51723,normal,1787,0,1782358959.7478435,0.0022852420806884766
51724,normal,1190,0,1782358959.7496102,0.0017666816711425781
51725,normal,1760,0,1782358959.7516587,0.002048492431640625
51726,normal,1318,0,1782358959.7535532,0.0018944740295410156
51727,normal,1211,0,1782358959.7557,0.0021469593048095703
51728,normal,2576,0,1782358959.7581892,0.0024890899658203125
51729,normal,2345,0,1782358959.7597024,0.0015132427215576172
51730,normal,3422,0,1782358959.761684,0.001981496810913086
51731,normal,303,0,1782358959.7635999,0.0019159317016601562
51732,normal,3112,1,1782358959.7657006,0.002100706100463867
51733,normal,189,0,1782358959.7677374,0.0020368099212646484
51734,normal,711,0,1782358959.769838,0.002100706100463867
51735,normal,424,0,1782358959.7715602,0.001722097396850586
51736,normal,1623,0,1782358959.7736876,0.002127408981323242
51737,normal,958,2,1782358959.775593,0.0019054412841796875
51738,normal,2068,0,1782358959.7777188,0.0021257400512695312
51739,normal,2877,0,1782358959.7797282,0.0020093917846679688
51740,normal,2434,0,1782358959.7815685,0.001840353012084961
51741,normal,2914,0,1782358959.7837412,0.002172708511352539
51742,normal,1613,0,1782358959.785583,0.0018417835235595703
51743,normal,997,2,1782358959.7877169,0.0021338462829589844
51744,normal,3591,0,1782358959.7897549,0.0020380020141601562
51745,normal,860,2,1782358959.7917209,0.0019659996032714844
51746,normal,1758,0,1782358959.793745,0.0020241737365722656
51747,normal,2889,0,1782358959.7957282,0.001983165740966797
51748,normal,1776,0,1782358959.7977424,0.00201416015625
51749,normal,1347,1,1782358959.799572,0.0018296241760253906
51750,normal,419,0,1782358959.801718,0.002146005630493164
51751,normal,155,0,1782358959.8037927,0.002074718475341797
51752,normal,2903,0,1782358959.805711,0.0019183158874511719
51753,normal,484,0,1782358959.807688,0.0019769668579101562
51754,normal,520,0,1782358959.8099182,0.0022301673889160156
51755,normal,560,0,1782358959.8115723,0.0016541481018066406
51756,normal,2056,0,1782358959.8138669,0.0022945404052734375
51757,normal,1244,0,1782358959.8159754,0.0021085739135742188
51758,normal,3564,0,1782358959.8177605,0.0017850399017333984
51759,normal,1114,0,1782358959.8196168,0.0018563270568847656
51760,normal,1691,0,1782358959.8217213,0.002104520797729492
51761,normal,1528,0,1782358959.823583,0.001861572265625
51762,normal,780,2,1782358959.825704,0.0021212100982666016
51763,normal,1337,1,1782358959.8277144,0.002010345458984375
51764,normal,3182,1,1782358959.8296194,0.0019049644470214844
51765,normal,1653,0,1782358959.8318043,0.0021848678588867188
51766,normal,3131,1,1782358959.8336103,0.001806020736694336
51767,normal,2192,0,1782358959.8357632,0.0021529197692871094
51768,normal,1095,0,1782358959.8376443,0.0018811225891113281
51769,normal,2924,0,1782358959.8397884,0.0021440982818603516
51770,normal,3679,0,1782358959.8416047,0.0018162727355957031
51771,normal,2654,0,1782358959.843754,0.002149343490600586
51772,normal,1505,0,1782358959.846712,0.002958059310913086
51773,normal,914,2,1782358959.8475935,0.0008814334869384766
51774,normal,2776,0,1782358959.8497305,0.0021369457244873047
51775,normal,1879,0,1782358959.851598,0.001867532730102539
51776,normal,1845,0,1782358959.8537395,0.0021414756774902344
51777,normal,1235,0,1782358959.8556015,0.0018620491027832031
51778,normal,650,0,1782358959.8578467,0.002245187759399414
51779,normal,413,0,1782358959.859579,0.0017323493957519531
51780,normal,1374,1,1782358959.8617249,0.0021457672119140625
51781,normal,1831,0,1782358959.8635855,0.0018606185913085938
51782,normal,1234,0,1782358959.8657148,0.0021293163299560547
51783,normal,3411,0,1782358959.8676186,0.0019037723541259766
51784,normal,2733,0,1782358959.8697693,0.0021507740020751953
51785,normal,2280,0,1782358959.871653,0.0018837451934814453
51786,normal,2915,0,1782358959.8737833,0.002130270004272461
51787,normal,1416,0,1782358959.875612,0.0018286705017089844
51788,normal,882,2,1782358959.8777428,0.002130746841430664
51789,normal,2946,0,1782358959.8796592,0.0019164085388183594
51790,normal,2640,0,1782358959.8816981,0.0020389556884765625
51791,normal,652,0,1782358959.8835645,0.0018663406372070312
51792,normal,461,0,1782358959.8856971,0.0021326541900634766
51793,normal,2095,0,1782358959.8877223,0.002025127410888672
51794,normal,71,0,1782358959.889749,0.002026796340942383
51795,normal,3157,1,1782358959.8916514,0.0019023418426513672
51796,normal,1510,0,1782358959.8938482,0.002196788787841797
51797,normal,2720,0,1782358959.8957467,0.0018985271453857422
51798,normal,3272,1,1782358959.8977468,0.002000093460083008
51799,normal,1202,0,1782358959.8996425,0.0018956661224365234
51800,normal,2985,0,1782358959.9018562,0.002213716506958008
51801,normal,3291,1,1782358959.9037607,0.0019044876098632812
51802,normal,3592,0,1782358959.9055798,0.0018191337585449219
51803,normal,2402,0,1782358959.9076989,0.0021190643310546875
51804,normal,1289,0,1782358959.9095576,0.0018587112426757812
51805,normal,699,0,1782358959.9117253,0.0021677017211914062
51806,normal,3648,0,1782358959.9135785,0.0018532276153564453
51807,normal,230,0,1782358959.915701,0.0021224021911621094
51808,normal,636,0,1782358959.917693,0.0019919872283935547
51809,normal,3233,1,1782358959.919563,0.0018701553344726562
51810,normal,3214,1,1782358959.9219103,0.002347230911254883
51811,normal,3202,1,1782358959.924005,0.002094745635986328
51812,normal,3292,1,1782358959.9256587,0.0016536712646484375
51813,normal,949,2,1782358959.9275541,0.0018954277038574219
51814,normal,1465,0,1782358959.9296923,0.0021381378173828125
51815,normal,194,0,1782358959.931571,0.0018787384033203125
51816,normal,15,0,1782358959.9339275,0.0023565292358398438
51817,normal,3416,0,1782358959.935899,0.0019714832305908203
51818,normal,1962,0,1782358959.9375846,0.0016856193542480469
51819,normal,1590,0,1782358959.939771,0.002186298370361328
51820,normal,3115,1,1782358959.941697,0.0019259452819824219
51821,normal,42,0,1782358959.9438183,0.002121448516845703
51822,normal,61,0,1782358959.9457214,0.0019030570983886719
51823,normal,2240,0,1782358959.9478097,0.002088308334350586
51824,normal,1017,2,1782358959.9497807,0.001971006393432617
51825,normal,1913,0,1782358959.9516084,0.0018277168273925781
51826,normal,3453,0,1782358959.9538002,0.002191781997680664
51827,normal,2024,0,1782358959.956052,0.002251863479614258
51828,normal,3367,1,1782358959.957779,0.0017268657684326172
51829,normal,2091,0,1782358959.959775,0.0019960403442382812
51830,normal,2587,0,1782358959.961952,0.002177000045776367
51831,normal,3527,0,1782358959.9637809,0.001828908920288086
51832,normal,56,0,1782358959.965687,0.0019061565399169922
51833,normal,542,0,1782358959.9677248,0.0020377635955810547
51834,normal,1902,0,1782358959.969677,0.0019521713256835938
51835,normal,2446,0,1782358959.9718077,0.002130746841430664
51836,normal,3608,0,1782358959.973738,0.00193023681640625
51837,normal,2751,0,1782358959.975846,0.0021080970764160156
51838,normal,1455,0,1782358959.9776835,0.0018374919891357422
51839,normal,2638,0,1782358959.9797068,0.0020232200622558594
51840,normal,2819,0,1782358959.9817548,0.002048015594482422
51841,normal,2379,0,1782358959.9839742,0.0022194385528564453
51842,normal,1959,0,1782358959.985596,0.0016217231750488281
51843,normal,1666,0,1782358959.9877417,0.0021457672119140625
51844,normal,411,0,1782358959.9895916,0.0018498897552490234
51845,normal,465,0,1782358959.9917088,0.002117156982421875
51846,normal,1857,0,1782358959.993595,0.001886129379272461
51847,normal,1381,1,1782358959.9957495,0.0021545886993408203
51848,normal,2595,0,1782358959.9976926,0.0019431114196777344
51849,normal,3180,1,1782358959.9996946,0.0020020008087158203
51850,normal,135,0,1782358960.0017025,0.0020079612731933594
51851,normal,2076,0,1782358960.0036445,0.0019419193267822266
51852,normal,1276,0,1782358960.0056124,0.001967906951904297
51853,normal,3690,0,1782358960.0078366,0.0022242069244384766
51854,normal,94,0,1782358960.0095794,0.0017428398132324219
51855,normal,50,0,1782358960.011726,0.002146482467651367
51856,normal,1067,0,1782358960.0137196,0.0019936561584472656
51857,normal,611,0,1782358960.015581,0.0018613338470458984
51858,normal,2667,0,1782358960.017714,0.0021331310272216797
51859,normal,2061,0,1782358960.0197437,0.0020296573638916016
51860,normal,2857,0,1782358960.02161,0.0018663406372070312
51861,normal,2275,0,1782358960.0237849,0.002174854278564453
51862,normal,28,0,1782358960.0255766,0.0017917156219482422
51863,normal,2708,0,1782358960.0276968,0.0021202564239501953
51864,normal,422,0,1782358960.029571,0.0018742084503173828
51865,normal,929,2,1782358960.031688,0.0021169185638427734
51866,normal,1440,0,1782358960.0335631,0.001875162124633789
51867,normal,2588,0,1782358960.035741,0.0021779537200927734
51868,normal,3401,1,1782358960.037643,0.001901865005493164
51869,normal,2775,0,1782358960.0398057,0.0021626949310302734
51870,normal,721,0,1782358960.0416307,0.001825094223022461
51871,normal,2187,0,1782358960.043725,0.002094268798828125
51872,normal,597,0,1782358960.0456057,0.001880645751953125
51873,normal,1631,0,1782358960.0477307,0.0021250247955322266
51874,normal,1225,0,1782358960.049694,0.001963376998901367
51875,normal,3384,1,1782358960.05156,0.0018658638000488281
51876,normal,2006,0,1782358960.0536897,0.002129793167114258
51877,normal,144,0,1782358960.0557458,0.002056121826171875
51878,normal,2336,0,1782358960.057815,0.002069234848022461
51879,normal,1735,0,1782358960.0597644,0.001949310302734375
51880,normal,163,0,1782358960.0618398,0.0020754337310791016
51881,normal,3087,1,1782358960.0639257,0.0020859241485595703
51882,normal,85,0,1782358960.0657094,0.001783609390258789
51883,normal,3297,1,1782358960.0679772,0.0022678375244140625
51884,normal,1586,0,1782358960.0698245,0.0018472671508789062
51885,normal,1199,0,1782358960.0715835,0.0017590522766113281
51886,normal,2466,0,1782358960.0737736,0.002190113067626953
51887,normal,2003,0,1782358960.075653,0.0018794536590576172
51888,normal,2771,0,1782358960.0779557,0.0023026466369628906
51889,normal,3255,1,1782358960.0796576,0.0017018318176269531
51890,normal,759,0,1782358960.0817611,0.002103567123413086
51891,normal,66,0,1782358960.08365,0.0018889904022216797
51892,normal,561,0,1782358960.085762,0.0021119117736816406
51893,normal,478,0,1782358960.0885458,0.0027837753295898438
51894,normal,1032,0,1782358960.0899715,0.0014257431030273438
51895,normal,3145,1,1782358960.0917048,0.0017333030700683594
51896,normal,1611,0,1782358960.093785,0.002080202102661133
51897,normal,2787,0,1782358960.0956905,0.0019054412841796875
51898,normal,748,0,1782358960.0978084,0.0021178722381591797
51899,normal,1422,0,1782358960.1000721,0.002263784408569336
51900,normal,1646,0,1782358960.10163,0.0015578269958496094
51901,normal,2350,0,1782358960.1038043,0.00217437744140625
51902,normal,887,2,1782358960.1057303,0.0019259452819824219
51903,normal,400,0,1782358960.107705,0.001974821090698242
51904,normal,2737,0,1782358960.1098294,0.002124309539794922
51905,normal,2809,0,1782358960.1117826,0.001953125
51906,normal,27,0,1782358960.1136062,0.0018236637115478516
51907,normal,3386,1,1782358960.1158452,0.0022389888763427734
51908,normal,2778,0,1782358960.1177602,0.00191497802734375
51909,normal,1521,0,1782358960.1196094,0.0018491744995117188
51910,normal,3542,0,1782358960.1221669,0.002557516098022461
51911,normal,2861,0,1782358960.1237671,0.0016002655029296875
51912,normal,546,0,1782358960.1258466,0.002079486846923828
51913,normal,1843,0,1782358960.1278846,0.0020380020141601562
51914,normal,808,2,1782358960.1298282,0.0019435882568359375
51915,normal,1314,0,1782358960.1317282,0.0018999576568603516
51916,normal,2161,0,1782358960.133804,0.0020759105682373047
51917,normal,1064,0,1782358960.135843,0.0020389556884765625
51918,normal,75,0,1782358960.137701,0.0018579959869384766
51919,normal,3418,0,1782358960.139959,0.0022580623626708984
51920,normal,1093,0,1782358960.1418886,0.0019295215606689453
51921,normal,2781,0,1782358960.143831,0.0019423961639404297
51922,normal,2724,0,1782358960.1457007,0.0018696784973144531
51923,normal,3624,0,1782358960.1481466,0.0024459362030029297
51924,normal,2896,0,1782358960.1501162,0.001969575881958008
51925,normal,1661,0,1782358960.151702,0.0015857219696044922
51926,normal,755,0,1782358960.1538427,0.0021407604217529297
51927,normal,1711,0,1782358960.1556256,0.0017828941345214844
51928,normal,2359,0,1782358960.1578104,0.0021848678588867188
51929,normal,3581,0,1782358960.1597505,0.001940011978149414
51930,normal,2934,0,1782358960.1617208,0.0019702911376953125
51931,normal,2398,0,1782358960.1638653,0.0021445751190185547
51932,normal,1642,0,1782358960.1657302,0.0018649101257324219
51933,normal,1547,0,1782358960.1677458,0.0020155906677246094
51934,normal,2322,0,1782358960.1698356,0.0020897388458251953
51935,normal,96,0,1782358960.1718297,0.0019941329956054688
51936,normal,1993,0,1782358960.1736903,0.0018606185913085938
51937,normal,3408,0,1782358960.1759036,0.0022132396697998047
51938,normal,2477,0,1782358960.177587,0.0016834735870361328
51939,normal,1739,0,1782358960.1798193,0.0022323131561279297
51940,normal,1063,0,1782358995.3516345,0.0
51941,normal,1822,0,1782358995.3535304,0.001895904541015625
51942,normal,2335,0,1782358995.3555832,0.002052783966064453
51943,normal,3057,1,1782358995.357501,0.0019178390502929688
51944,normal,770,0,1782358995.3597603,0.0022592544555664062
51945,normal,2131,0,1782358995.3614883,0.001728057861328125
51946,normal,247,0,1782358995.3637547,0.002266407012939453
51947,normal,2856,0,1782358995.365848,0.0020933151245117188
51948,normal,1510,0,1782358995.3674757,0.0016276836395263672
51949,normal,1600,0,1782358995.3698475,0.0023717880249023438
51950,normal,618,0,1782358995.371742,0.0018944740295410156
51951,normal,558,0,1782358995.3737135,0.0019714832305908203
51952,normal,2203,0,1782358995.3755496,0.0018360614776611328
51953,normal,1326,1,1782358995.3778229,0.0022733211517333984
51954,normal,2662,0,1782358995.379553,0.001730203628540039
51955,normal,2553,0,1782358995.3818882,0.002335071563720703
51956,normal,260,0,1782358995.3835814,0.0016932487487792969
51957,normal,283,0,1782358995.3857636,0.0021822452545166016
51958,normal,320,0,1782358995.3876483,0.0018846988677978516
51959,normal,1436,0,1782358995.3898287,0.002180337905883789
51960,normal,430,0,1782358995.391566,0.001737356185913086
51961,normal,3076,1,1782358995.393691,0.0021250247955322266
51962,normal,373,0,1782358995.3956223,0.0019311904907226562
51963,normal,1033,0,1782358995.3975577,0.0019354820251464844
51964,normal,2005,0,1782358995.3997087,0.002151012420654297
51965,normal,1702,0,1782358995.401753,0.002044200897216797
51966,normal,3679,0,1782358995.4035022,0.001749277114868164
51967,normal,351,0,1782358995.4057386,0.0022363662719726562
51968,normal,572,0,1782358995.4075518,0.0018131732940673828
51969,normal,3434,0,1782358995.4095385,0.0019867420196533203
51970,normal,737,0,1782358995.4117177,0.0021791458129882812
51971,normal,457,0,1782358995.413569,0.0018513202667236328
51972,normal,1420,0,1782358995.4155195,0.0019505023956298828
51973,normal,2097,0,1782358995.4177136,0.0021941661834716797
51974,normal,1255,0,1782358995.419549,0.0018353462219238281
51975,normal,1092,0,1782358995.4215457,0.001996755599975586
51976,normal,296,0,1782358995.4237065,0.002160787582397461
51977,normal,1915,0,1782358995.4255707,0.0018641948699951172
51978,normal,984,2,1782358995.4275808,0.0020101070404052734
51979,normal,780,2,1782358995.429861,0.0022802352905273438
51980,normal,975,2,1782358995.4317586,0.001897573471069336
51981,normal,2611,0,1782358995.433698,0.0019392967224121094
51982,normal,244,0,1782358995.4357524,0.002054452896118164
51983,normal,2883,0,1782358995.4378765,0.0021240711212158203
51984,normal,1495,0,1782358995.4395518,0.0016753673553466797
51985,normal,321,0,1782358995.4417925,0.0022406578063964844
51986,normal,1210,0,1782358995.4437501,0.0019576549530029297
51987,normal,3573,0,1782358995.4456968,0.0019466876983642578
51988,normal,1206,0,1782358995.4477513,0.002054452896118164
51989,normal,2642,0,1782358995.4498627,0.0021114349365234375
51990,normal,284,0,1782358995.4515529,0.0016901493072509766
51991,normal,2532,0,1782358995.4539404,0.002387523651123047
51992,normal,2408,0,1782358995.4556172,0.001676797866821289
51993,normal,3350,1,1782358995.457756,0.002138853073120117
51994,normal,1393,0,1782358995.4595506,0.001794576644897461
51995,normal,851,2,1782358995.4618034,0.002252817153930664
51996,normal,3542,0,1782358995.4636412,0.0018377304077148438
51997,normal,2184,0,1782358995.4657195,0.0020782947540283203
51998,normal,3141,1,1782358995.4677393,0.0020198822021484375
51999,normal,1755,0,1782358995.469508,0.0017685890197753906
52000,normal,2419,0,1782358995.4718933,0.002385377883911133
52001,normal,766,0,1782358995.473619,0.0017256736755371094
52002,normal,2197,0,1782358995.4759183,0.0022993087768554688
52003,normal,3176,1,1782358995.477553,0.0016345977783203125
52004,normal,10,0,1782358995.4798644,0.0023114681243896484
52005,normal,1747,0,1782358995.4815516,0.0016872882843017578
52006,normal,105,0,1782358995.4837363,0.002184629440307617
52007,normal,2012,0,1782358995.4857543,0.002017974853515625
52008,normal,84,0,1782358995.48754,0.0017857551574707031
52009,normal,3112,1,1782358995.4897234,0.0021834373474121094
52010,normal,1977,0,1782358995.4916582,0.0019347667694091797
52011,normal,464,0,1782358995.4935107,0.0018525123596191406
52012,normal,1633,0,1782358995.4957297,0.002218961715698242
52013,normal,1723,0,1782358995.4976346,0.0019049644470214844
52014,normal,3224,1,1782358995.4995048,0.0018701553344726562
52015,normal,1703,0,1782358995.5017052,0.0022003650665283203
52016,normal,1609,0,1782358995.5036502,0.0019450187683105469
52017,normal,3498,0,1782358995.5055103,0.0018601417541503906
52018,normal,1363,1,1782358995.5077286,0.0022182464599609375
52019,normal,2265,0,1782358995.5096262,0.001897573471069336
52020,normal,3219,1,1782358995.5115027,0.0018765926361083984
52021,normal,2215,0,1782358995.513709,0.0022063255310058594
52022,normal,542,0,1782358995.515717,0.0020079612731933594
52023,normal,3488,0,1782358995.5175104,0.0017933845520019531
52024,normal,748,0,1782358995.5197308,0.0022203922271728516
52025,normal,2314,0,1782358995.5216317,0.0019009113311767578
52026,normal,1196,0,1782358995.5235083,0.0018765926361083984
52027,normal,2984,0,1782358995.525716,0.0022077560424804688
52028,normal,1054,0,1782358995.527651,0.0019350051879882812
52029,normal,2709,0,1782358995.529512,0.0018608570098876953
52030,normal,408,0,1782358995.5317307,0.0022187232971191406
52031,normal,458,0,1782358995.5336175,0.0018868446350097656
52032,normal,2621,0,1782358995.535503,0.0018854141235351562
52033,normal,3096,1,1782358995.537708,0.0022051334381103516
52034,normal,1646,0,1782358995.5396483,0.0019402503967285156
52035,normal,249,0,1782358995.5415254,0.0018770694732666016
52036,normal,1772,0,1782358995.5437,0.0021746158599853516
52037,normal,2588,0,1782358995.5456367,0.0019366741180419922
52038,normal,2095,0,1782358995.5475051,0.0018684864044189453
52039,normal,361,0,1782358995.5498438,0.0023386478424072266
52040,normal,463,0,1782358995.5517745,0.0019307136535644531
52041,normal,1234,0,1782358995.5537043,0.0019297599792480469
52042,normal,2241,0,1782358995.5558891,0.0021848678588867188
52043,normal,1347,1,1782358995.557544,0.0016548633575439453
52044,normal,1237,0,1782358995.5597363,0.002192258834838867
52045,normal,3184,1,1782358995.561524,0.0017876625061035156
52046,normal,2722,0,1782358995.5636578,0.0021338462829589844
52047,normal,428,0,1782358995.5655065,0.0018486976623535156
52048,normal,2902,0,1782358995.5676582,0.0021517276763916016
52049,normal,1734,0,1782358995.5696213,0.0019631385803222656
52050,normal,826,2,1782358995.571503,0.0018815994262695312
52051,normal,1215,0,1782358995.5737326,0.0022296905517578125
52052,normal,1851,0,1782358995.5756207,0.0018880367279052734
52053,normal,414,0,1782358995.5775015,0.0018808841705322266
52054,normal,1083,0,1782358995.579657,0.0021555423736572266
52055,normal,808,2,1782358995.5816185,0.0019614696502685547
52056,normal,1925,0,1782358995.5835023,0.0018837451934814453
52057,normal,144,0,1782358995.5857239,0.0022215843200683594
52058,normal,1197,0,1782358995.5876136,0.0018897056579589844
52059,normal,2843,0,1782358995.5895,0.0018863677978515625
52060,normal,2871,0,1782358995.5916564,0.002156496047973633
52061,normal,551,0,1782358995.5937164,0.0020599365234375
52062,normal,1626,0,1782358995.5955114,0.001795053482055664
52063,normal,527,0,1782358995.5977237,0.0022122859954833984
52064,normal,1666,0,1782358995.5996485,0.001924753189086914
52065,normal,3130,1,1782358995.601504,0.001855611801147461
52066,normal,1466,0,1782358995.6036584,0.0021543502807617188
52067,normal,1473,0,1782358995.6056576,0.0019991397857666016
52068,normal,1940,0,1782358995.6075113,0.0018537044525146484
52069,normal,2177,0,1782358995.6097245,0.0022132396697998047
52070,normal,130,0,1782358995.6116357,0.001911163330078125
52071,normal,1378,1,1782358995.6135006,0.0018649101257324219
52072,normal,1648,0,1782358995.6157043,0.002203702926635742
52073,normal,1680,0,1782358995.6177137,0.0020093917846679688
52074,normal,2894,0,1782358995.6195087,0.001795053482055664
52075,normal,2044,0,1782358995.6217227,0.0022139549255371094
52076,normal,2724,0,1782358995.623627,0.0019042491912841797
52077,normal,224,0,1782358995.6255012,0.0018742084503173828
52078,normal,1305,0,1782358995.6277044,0.002203226089477539
52079,normal,379,0,1782358995.629657,0.0019526481628417969
52080,normal,599,0,1782358995.6315155,0.0018584728240966797
52081,normal,3033,0,1782358995.6337218,0.0022063255310058594
52082,normal,1354,1,1782358995.6356368,0.00191497802734375
52083,normal,1492,0,1782358995.6375017,0.0018649101257324219
52084,normal,1970,0,1782358995.6397026,0.0022008419036865234
52085,normal,3070,1,1782358995.6417093,0.0020067691802978516
52086,normal,2136,0,1782358995.643511,0.0018017292022705078
52087,normal,3120,1,1782358995.645718,0.002207040786743164
52088,normal,1398,0,1782358995.6476362,0.0019180774688720703
52089,normal,3467,0,1782358995.649502,0.0018658638000488281
52090,normal,3287,1,1782358995.6517105,0.0022084712982177734
52091,normal,2652,0,1782358995.653632,0.0019214153289794922
52092,normal,2446,0,1782358995.6554995,0.001867532730102539
52093,normal,2599,0,1782358995.6577358,0.0022363662719726562
52094,normal,2336,0,1782358995.659815,0.0020792484283447266
52095,normal,1843,0,1782358995.6617,0.0018849372863769531
52096,normal,3628,0,1782358995.663785,0.002084970474243164
52097,normal,3098,1,1782358995.6657858,0.0020008087158203125
52098,normal,449,0,1782358995.667722,0.001936197280883789
52099,normal,1164,0,1782358995.6695397,0.0018177032470703125
52100,normal,2119,0,1782358995.6717768,0.002237081527709961
52101,normal,1581,0,1782358995.673545,0.0017681121826171875
52102,normal,1631,0,1782358995.675732,0.002187013626098633
52103,normal,2735,0,1782358995.677645,0.0019130706787109375
52104,normal,3239,1,1782358995.6795042,0.0018591880798339844
52105,normal,1953,0,1782358995.681707,0.002202749252319336
52106,normal,3709,0,1782358995.6837213,0.0020143985748291016
52107,normal,982,2,1782358995.6855168,0.0017955303192138672
52108,normal,933,2,1782358995.6877449,0.0022280216217041016
52109,normal,2092,0,1782358995.6896355,0.0018906593322753906
52110,normal,1008,2,1782358995.691515,0.0018794536590576172
52111,normal,2878,0,1782358995.6937313,0.002216339111328125
52112,normal,2272,0,1782358995.695642,0.0019106864929199219
52113,normal,2911,0,1782358995.697521,0.001878976821899414
52114,normal,3594,0,1782358995.6997344,0.0022134780883789062
52115,normal,1282,0,1782358995.7016377,0.0019032955169677734
52116,normal,1664,0,1782358995.703522,0.0018842220306396484
52117,normal,3323,1,1782358995.7055829,0.0020608901977539062
52118,normal,92,0,1782358995.7075515,0.0019686222076416016
52119,normal,1383,0,1782358995.7097647,0.0022132396697998047
52120,normal,3218,1,1782358995.711849,0.0020842552185058594
52121,normal,2521,0,1782358995.7136414,0.0017924308776855469
52122,normal,2393,0,1782358995.7157726,0.002131223678588867
52123,normal,1870,0,1782358995.7176075,0.001834869384765625
52124,normal,326,0,1782358995.7195835,0.00197601318359375
52125,normal,600,0,1782358995.7215416,0.001958131790161133
52126,normal,2223,0,1782358995.7234793,0.0019376277923583984
52127,normal,3082,1,1782358995.725507,0.002027750015258789
52128,normal,3576,0,1782358995.7275567,0.002049684524536133
52129,normal,1221,0,1782358995.7295265,0.0019698143005371094
52130,normal,3335,1,1782358995.7315483,0.00202178955078125
52131,normal,2606,0,1782358995.7334557,0.0019073486328125
52132,normal,2501,0,1782358995.7355082,0.0020525455474853516
52133,normal,3396,1,1782358995.7375166,0.0020084381103515625
52134,normal,1715,0,1782358995.7395875,0.002070903778076172
52135,normal,3575,0,1782358995.7414994,0.0019118785858154297
52136,normal,476,0,1782358995.7434778,0.0019783973693847656
52137,normal,2707,0,1782358995.7454727,0.0019948482513427734
52138,normal,2928,0,1782358995.747464,0.00199127197265625
52139,normal,1906,0,1782358995.7494805,0.0020165443420410156
52140,normal,2040,0,1782358995.751613,0.002132415771484375
52141,normal,2438,0,1782358995.753463,0.001850128173828125
52142,normal,1116,0,1782358995.7554812,0.0020182132720947266
52143,normal,332,0,1782358995.7575908,0.002109527587890625
52144,normal,3492,0,1782358995.7594593,0.0018684864044189453
52145,normal,3691,0,1782358995.7614667,0.0020074844360351562
52146,normal,1512,0,1782358995.7634575,0.001990795135498047
52147,normal,1954,0,1782358995.7654438,0.001986265182495117
52148,normal,3003,0,1782358995.7674286,0.001984834671020508
52149,normal,2352,0,1782358995.769503,0.0020744800567626953
52150,normal,2830,0,1782358995.7715225,0.0020194053649902344
52151,normal,2779,0,1782358995.773552,0.0020294189453125
52152,normal,1679,0,1782358995.7755864,0.002034425735473633
52153,normal,3635,0,1782358995.7774935,0.0019071102142333984
52154,normal,3528,0,1782358995.7794933,0.0019998550415039062
52155,normal,3257,1,1782358995.7814848,0.0019915103912353516
52156,normal,560,0,1782358995.783488,0.002003192901611328
52157,normal,1070,0,1782358995.785445,0.001956939697265625
52158,normal,498,0,1782358995.7874491,0.0020041465759277344
52159,normal,712,0,1782358995.789439,0.0019898414611816406
52160,normal,1457,0,1782358995.7915986,0.002159595489501953
52161,normal,1844,0,1782358995.7935514,0.0019528865814208984
52162,normal,3596,0,1782358995.7955275,0.00197601318359375
52163,normal,2569,0,1782358995.7976139,0.0020864009857177734
52164,normal,983,2,1782358995.7995822,0.0019683837890625
52165,normal,1819,0,1782358995.8015618,0.0019795894622802734
52166,normal,538,0,1782358995.8036509,0.0020890235900878906
52167,normal,1373,1,1782358995.8057072,0.0020563602447509766
52168,normal,2517,0,1782358995.807442,0.0017347335815429688
52169,normal,2788,0,1782358995.8094301,0.0019881725311279297
52170,normal,3027,0,1782358995.811446,0.002015829086303711
52171,normal,2196,0,1782358995.813427,0.001981019973754883
52172,normal,1307,0,1782358995.8155541,0.0021271705627441406
52173,normal,1783,0,1782358995.8174257,0.0018715858459472656
52174,normal,3430,0,1782358995.819422,0.001996278762817383
52175,normal,3010,0,1782358995.8214328,0.002010822296142578
52176,normal,3151,1,1782358995.8234193,0.0019865036010742188
52177,normal,501,0,1782358995.8262596,0.002840280532836914
52178,normal,2909,0,1782358995.8277075,0.001447916030883789
52179,normal,3686,0,1782358995.8295057,0.0017981529235839844
52180,normal,3040,0,1782358995.8316388,0.0021331310272216797
52181,normal,5,0,1782358995.8335905,0.0019516944885253906
52182,normal,437,0,1782358995.8355699,0.001979351043701172
52183,normal,3208,1,1782358995.8378472,0.002277374267578125
52184,normal,0,0,1782358995.8395832,0.0017359256744384766
52185,normal,644,0,1782358995.8415673,0.001984119415283203
52186,normal,2386,0,1782358995.8435636,0.001996278762817383
52187,normal,1389,0,1782358995.8454833,0.0019197463989257812
52188,normal,1471,0,1782358995.847535,0.0020515918731689453
52189,normal,711,0,1782358995.849568,0.0020329952239990234
52190,normal,2914,0,1782358995.851843,0.002275228500366211
52191,normal,1243,0,1782358995.853696,0.0018529891967773438
52192,normal,1920,0,1782358995.8562908,0.0025947093963623047
52193,normal,2279,0,1782358995.8576233,0.0013325214385986328
52194,normal,3173,1,1782358995.859878,0.0022547245025634766
52195,normal,2964,0,1782358995.861724,0.0018458366394042969
52196,normal,2350,0,1782358995.8636203,0.0018963813781738281
52197,normal,2970,0,1782358995.8655179,0.001897573471069336
52198,normal,1883,0,1782358995.867809,0.0022912025451660156
52199,normal,1352,1,1782358995.8700745,0.002265453338623047
52200,normal,1279,0,1782358995.8723922,0.002317667007446289
52201,normal,3707,0,1782358995.8735495,0.0011572837829589844
52202,normal,2917,0,1782358995.8755329,0.0019834041595458984
52203,normal,1060,0,1782358995.8775156,0.0019826889038085938
52204,normal,3052,1,1782358995.879464,0.0019483566284179688
52205,normal,2795,0,1782358995.8814974,0.0020334720611572266
52206,normal,2411,0,1782358995.883532,0.0020346641540527344
52207,normal,484,0,1782358995.8855147,0.0019826889038085938
52208,normal,800,2,1782358995.8875744,0.0020596981048583984
52209,normal,2490,0,1782358995.8895497,0.0019752979278564453
52210,normal,2316,0,1782358995.891481,0.0019311904907226562
52211,normal,1271,0,1782358995.8935409,0.0020599365234375
52212,normal,1464,0,1782358995.8955574,0.0020165443420410156
52213,normal,1412,0,1782358995.8975475,0.001990079879760742
52214,normal,2479,0,1782358995.899521,0.0019736289978027344
52215,normal,725,0,1782358995.9015095,0.0019884109497070312
52216,normal,2831,0,1782358995.9034598,0.0019502639770507812
52217,normal,1716,0,1782358995.9055197,0.0020599365234375
52218,normal,3254,1,1782358995.9074996,0.001979827880859375
52219,normal,1272,0,1782358995.9094663,0.001966714859008789
52220,normal,2420,0,1782358995.911514,0.0020477771759033203
52221,normal,2259,0,1782358995.9135056,0.0019915103912353516
52222,normal,2280,0,1782358995.9155505,0.0020449161529541016
52223,normal,1102,0,1782358995.9174926,0.0019421577453613281
52224,normal,1050,0,1782358995.9194884,0.0019958019256591797
52225,normal,3321,1,1782358995.9214811,0.0019927024841308594
52226,normal,636,0,1782358995.9234807,0.0019996166229248047
52227,normal,121,0,1782358995.9254665,0.001985788345336914
52228,normal,556,0,1782358995.9275196,0.0020530223846435547
52229,normal,1540,0,1782358995.9295244,0.002004861831665039
52230,normal,3080,1,1782358995.9315956,0.0020711421966552734
52231,normal,68,0,1782358995.9335408,0.0019452571868896484
52232,normal,3486,0,1782358995.935564,0.0020232200622558594
52233,normal,837,2,1782358995.9375424,0.0019783973693847656
52234,normal,1611,0,1782358995.9394915,0.0019490718841552734
52235,normal,1847,0,1782358995.9415581,0.0020666122436523438
52236,normal,3339,1,1782358995.9435084,0.0019502639770507812
52237,normal,608,0,1782358995.9454563,0.0019478797912597656
52238,normal,13,0,1782358995.947487,0.0020308494567871094
52239,normal,2348,0,1782358995.9496167,0.0021295547485351562
52240,normal,2915,0,1782358995.9515557,0.0019390583038330078
52241,normal,2978,0,1782358995.9536152,0.002059459686279297
52242,normal,2523,0,1782358995.955612,0.001996755599975586
52243,normal,1515,0,1782358995.957584,0.0019719600677490234
52244,normal,459,0,1782358995.95958,0.0019960403442382812
52245,normal,929,2,1782358995.9616122,0.0020322799682617188
52246,normal,2173,0,1782358995.963684,0.002071857452392578
52247,normal,310,0,1782358995.965513,0.001828908920288086
52248,normal,2852,0,1782358995.9674692,0.0019562244415283203
52249,normal,3277,1,1782358995.9694464,0.001977205276489258
52250,normal,1651,0,1782358995.9714687,0.002022266387939453
52251,normal,1503,0,1782358995.973564,0.0020952224731445312
52252,normal,3227,1,1782358995.9754272,0.001863241195678711
52253,normal,1291,0,1782358995.9774604,0.002033233642578125
52254,normal,2942,0,1782358995.9794607,0.0020003318786621094
52255,normal,2905,0,1782358995.9814892,0.0020284652709960938
52256,normal,350,0,1782358995.9841757,0.0026865005493164062
52257,normal,1135,0,1782358995.985627,0.001451253890991211
52258,normal,3276,1,1782358995.9874911,0.0018641948699951172
52259,normal,2598,0,1782358995.9895244,0.002033233642578125
52260,normal,3397,1,1782358995.9915457,0.002021312713623047
52261,normal,1462,0,1782358995.9934733,0.0019276142120361328
52262,normal,3122,1,1782358995.995724,0.00225067138671875
52263,normal,1079,0,1782358995.997565,0.0018410682678222656
52264,normal,728,0,1782358995.9994946,0.0019295215606689453
52265,normal,3242,1,1782358996.0015063,0.0020117759704589844
52266,normal,1335,1,1782358996.0035243,0.002017974853515625
52267,normal,1522,0,1782358996.0054703,0.0019459724426269531
52268,normal,2935,0,1782358996.0075104,0.0020401477813720703
52269,normal,1872,0,1782358996.009712,0.002201557159423828
52270,normal,2381,0,1782358996.0123842,0.0026721954345703125
52271,normal,2604,0,1782358996.0135667,0.00118255615234375
52272,normal,2580,0,1782358996.0157235,0.0021567344665527344
52273,normal,1980,0,1782358996.0177245,0.002001047134399414
52274,normal,3667,0,1782358996.019705,0.0019805431365966797
52275,normal,2307,0,1782358996.0215468,0.0018417835235595703
52276,normal,195,0,1782358996.023456,0.0019092559814453125
52277,normal,2278,0,1782358996.0257013,0.002245187759399414
52278,normal,1742,0,1782358996.0277534,0.0020520687103271484
52279,normal,1744,0,1782358996.0295951,0.0018417835235595703
52280,normal,504,0,1782358996.0315297,0.0019345283508300781
52281,normal,1106,0,1782358996.0335052,0.001975536346435547
52282,normal,1969,0,1782358996.035455,0.0019497871398925781
52283,normal,58,0,1782358996.0375385,0.0020835399627685547
52284,normal,918,2,1782358996.0395646,0.002026081085205078
52285,normal,2389,0,1782358996.041547,0.001982450485229492
52286,normal,2118,0,1782358996.0435894,0.0020422935485839844
52287,normal,3680,0,1782358996.045581,0.001991748809814453
52288,normal,1229,0,1782358996.047523,0.0019419193267822266
52289,normal,3489,0,1782358996.0495076,0.0019845962524414062
52290,normal,136,0,1782358996.0515077,0.002000093460083008
52291,normal,2424,0,1782358996.0534647,0.001956939697265625
52292,normal,1700,0,1782358996.055503,0.002038240432739258
52293,normal,2949,0,1782358996.0576184,0.002115488052368164
52294,normal,467,0,1782358996.0595014,0.0018830299377441406
52295,normal,799,2,1782358996.0615065,0.0020051002502441406
52296,normal,781,2,1782358996.0635026,0.0019960403442382812
52297,normal,7,0,1782358996.0658443,0.002341747283935547
52298,normal,1623,0,1782358996.067547,0.0017027854919433594
52299,normal,90,0,1782358996.0695148,0.0019676685333251953
52300,normal,3103,1,1782358996.0715184,0.0020036697387695312
52301,normal,228,0,1782358996.073486,0.0019676685333251953
52302,normal,85,0,1782358996.0754814,0.0019953250885009766
52303,normal,1590,0,1782358996.077509,0.0020275115966796875
52304,normal,3213,1,1782358996.0795503,0.002041339874267578
52305,normal,2870,0,1782358996.0816133,0.0020630359649658203
52306,normal,2235,0,1782358996.0835958,0.001982450485229492
52307,normal,1550,0,1782358996.0856109,0.0020151138305664062
52308,normal,44,0,1782358996.0879478,0.0023369789123535156
52309,normal,3198,1,1782358996.089534,0.0015861988067626953
52310,normal,2901,0,1782358996.0914826,0.0019485950469970703
52311,normal,1989,0,1782358996.0934713,0.001988649368286133
52312,normal,588,0,1782358996.095583,0.002111673355102539
52313,normal,2199,0,1782358996.0974817,0.0018987655639648438
52314,normal,2255,0,1782358996.0994825,0.0020008087158203125
52315,normal,3012,0,1782358996.1014302,0.001947641372680664
52316,normal,1448,0,1782358996.1039596,0.0025293827056884766
52317,normal,1155,0,1782358996.1058805,0.001920938491821289
52318,normal,1857,0,1782358996.1075928,0.0017123222351074219
52319,normal,3548,0,1782358996.1095424,0.0019495487213134766
52320,normal,1340,1,1782358996.1116068,0.0020644664764404297
52321,normal,2647,0,1782358996.1135979,0.0019910335540771484
52322,normal,221,0,1782358996.1157792,0.0021812915802001953
52323,normal,1269,0,1782358996.117583,0.0018038749694824219
52324,normal,1604,0,1782358996.119476,0.0018930435180664062
52325,normal,3678,0,1782358996.1215115,0.002035379409790039
52326,normal,1019,2,1782358996.1235158,0.002004384994506836
52327,normal,2990,0,1782358996.1259005,0.002384662628173828
52328,normal,880,2,1782358996.1278064,0.0019059181213378906
52329,normal,64,0,1782358996.1296344,0.0018279552459716797
52330,normal,3108,1,1782358996.1316013,0.0019669532775878906
52331,normal,535,0,1782358996.1336205,0.002019166946411133
52332,normal,2699,0,1782358996.1358397,0.0022192001342773438
52333,normal,47,0,1782358996.1377141,0.0018744468688964844
52334,normal,1654,0,1782358996.1395552,0.0018410682678222656
52335,normal,2688,0,1782358996.1414948,0.001939535140991211
52336,normal,2388,0,1782358996.1434965,0.0020017623901367188
52337,normal,946,2,1782358996.1459763,0.0024797916412353516
52338,normal,818,2,1782358996.1480803,0.002104043960571289
52339,normal,1864,0,1782358996.1495864,0.0015060901641845703
52340,normal,3464,0,1782358996.151579,0.001992464065551758
52341,normal,2291,0,1782358996.1535347,0.001955747604370117
52342,normal,1287,0,1782358996.1555035,0.001968860626220703
52343,normal,2450,0,1782358996.1574898,0.001986265182495117
52344,normal,2736,0,1782358996.1595197,0.002029895782470703
52345,normal,2661,0,1782358996.1615384,0.0020186901092529297
52346,normal,336,0,1782358996.163562,0.0020236968994140625
52347,normal,613,0,1782358996.1655629,0.0020008087158203125
52348,normal,3662,0,1782358996.1675122,0.001949310302734375
52349,normal,547,0,1782358996.1695418,0.0020296573638916016
52350,normal,3630,0,1782358996.1715636,0.00202178955078125
52351,normal,783,2,1782358996.1735365,0.0019729137420654297
52352,normal,1051,0,1782358996.1755812,0.002044677734375
52353,normal,486,0,1782358996.1775064,0.0019252300262451172
52354,normal,2619,0,1782358996.1794798,0.001973390579223633
52355,normal,688,0,1782358996.1814992,0.0020194053649902344
52356,normal,2106,0,1782358996.1834915,0.0019922256469726562
52357,normal,2421,0,1782358996.185468,0.001976490020751953
52358,normal,2907,0,1782358996.1875052,0.0020372867584228516
52359,normal,1294,0,1782358996.1895013,0.0019960403442382812
52360,normal,2126,0,1782358996.1914718,0.001970529556274414
52361,normal,2281,0,1782358996.1935804,0.0021085739135742188
52362,normal,439,0,1782358996.1955304,0.0019500255584716797
52363,normal,2417,0,1782358996.197455,0.0019245147705078125
52364,normal,1571,0,1782358996.1994944,0.0020394325256347656
52365,normal,775,2,1782358996.2015014,0.002007007598876953
52366,normal,645,0,1782358996.2034767,0.0019752979278564453
52367,normal,1067,0,1782358996.2055426,0.002065896987915039
52368,normal,469,0,1782358996.2075903,0.0020477771759033203
52369,normal,1235,0,1782358996.2095764,0.0019860267639160156
52370,normal,1568,0,1782358996.211589,0.0020127296447753906
52371,normal,1132,0,1782358996.2136316,0.002042531967163086
52372,normal,3443,0,1782358996.2155097,0.0018780231475830078
52373,normal,2347,0,1782358996.2175736,0.0020639896392822266
52374,normal,706,0,1782358996.2196813,0.0021076202392578125
52375,normal,1443,0,1782358996.221468,0.0017867088317871094
52376,normal,1507,0,1782358996.2234952,0.002027273178100586
52377,normal,3444,0,1782358996.2255445,0.0020492076873779297
52378,normal,3291,1,1782358996.2274778,0.0019333362579345703
52379,normal,2771,0,1782358996.2296438,0.0021660327911376953
52380,normal,238,0,1782358996.2315872,0.001943349838256836
52381,normal,1453,0,1782358996.2336874,0.002100229263305664
52382,normal,70,0,1782358996.2355883,0.0019009113311767578
52383,normal,3279,1,1782358996.2377508,0.002162456512451172
52384,normal,1177,0,1782358996.239536,0.0017852783203125
52385,normal,1740,0,1782358996.2417173,0.0021812915802001953
52386,normal,1006,2,1782358996.2436514,0.001934051513671875
52387,normal,466,0,1782358996.2455752,0.0019237995147705078
52388,normal,2328,0,1782358996.2474496,0.0018744468688964844
52389,normal,2296,0,1782358996.2494838,0.0020341873168945312
52390,normal,483,0,1782358996.251539,0.0020551681518554688
52391,normal,633,0,1782358996.253579,0.0020399093627929688
52392,normal,1364,1,1782358996.2556288,0.0020499229431152344
52393,normal,562,0,1782358996.2574449,0.0018160343170166016
52394,normal,2591,0,1782358996.2594824,0.002037525177001953
52395,normal,2153,0,1782358996.2614753,0.001992940902709961
52396,normal,2684,0,1782358996.2635326,0.002057313919067383
52397,normal,733,0,1782358996.2663639,0.0028312206268310547
52398,normal,282,0,1782358996.2677863,0.0014224052429199219
52399,normal,1848,0,1782358996.2695267,0.0017404556274414062
52400,normal,2649,0,1782358996.271516,0.0019893646240234375
52401,normal,342,0,1782358996.2735248,0.002008676528930664
52402,normal,2573,0,1782358996.2754872,0.001962423324584961
52403,normal,1803,0,1782358996.2776864,0.0021991729736328125
52404,normal,1353,1,1782358996.279596,0.0019097328186035156
52405,normal,597,0,1782358996.2815216,0.0019254684448242188
52406,normal,1225,0,1782358996.2835186,0.0019969940185546875
52407,normal,1761,0,1782358996.2855299,0.0020112991333007812
52408,normal,583,0,1782358996.2874835,0.001953601837158203
52409,normal,2213,0,1782358996.289519,0.0020356178283691406
52410,normal,3470,0,1782358996.29152,0.002001047134399414
52411,normal,2995,0,1782358996.293627,0.002106904983520508
52412,normal,1118,0,1782358996.296477,0.002850055694580078
52413,normal,1976,0,1782358996.297804,0.0013270378112792969
52414,normal,3285,1,1782358996.2995002,0.0016961097717285156
52415,normal,2627,0,1782358996.3018794,0.002379179000854492
52416,normal,2337,0,1782358996.303645,0.0017654895782470703
52417,normal,3480,0,1782358996.305506,0.0018610954284667969
52418,normal,2761,0,1782358996.3076298,0.0021238327026367188
52419,normal,227,0,1782358996.3097878,0.002157926559448242
52420,normal,3172,1,1782358996.3120291,0.002241373062133789
52421,normal,3650,0,1782358996.3135567,0.001527547836303711
52422,normal,3423,0,1782358996.315699,0.0021424293518066406
52423,normal,3017,0,1782358996.3174953,0.0017962455749511719
52424,normal,2846,0,1782358996.3196337,0.002138376235961914
52425,normal,3324,1,1782358996.321534,0.0019001960754394531
52426,normal,3543,0,1782358996.3236163,0.002082347869873047
52427,normal,2966,0,1782358996.3257012,0.002084970474243164
52428,normal,579,0,1782358996.3276026,0.001901388168334961
52429,normal,523,0,1782358996.329705,0.002102375030517578
52430,normal,3369,1,1782358996.3316214,0.0019164085388183594
52431,normal,2732,0,1782358996.333572,0.0019505023956298828
52432,normal,2304,0,1782358996.335646,0.002074003219604492
52433,normal,3036,0,1782358996.3379197,0.0022737979888916016
52434,normal,2344,0,1782358996.3396144,0.0016946792602539062
52435,normal,3540,0,1782358996.34151,0.0018956661224365234
52436,normal,2260,0,1782358996.3437278,0.0022177696228027344
52437,normal,392,0,1782358996.345477,0.001749277114868164
52438,normal,931,2,1782358996.3475087,0.002031564712524414
52439,normal,2019,0,1782358996.3495991,0.0020904541015625
52440,normal,894,2,1782358996.3515985,0.001999378204345703
52441,normal,1024,2,1782358996.353637,0.0020384788513183594
52442,normal,3537,0,1782358996.355614,0.0019769668579101562
52443,normal,693,0,1782358996.357559,0.0019450187683105469
52444,normal,1841,0,1782358996.3595164,0.001957416534423828
52445,normal,1022,2,1782358996.3616211,0.0021047592163085938
52446,normal,3568,0,1782358996.3636281,0.002007007598876953
52447,normal,2110,0,1782358996.3657568,0.00212860107421875
52448,normal,3164,1,1782358996.3676465,0.0018897056579589844
52449,normal,3513,0,1782358996.3696136,0.001967191696166992
52450,normal,3647,0,1782358996.3717782,0.002164602279663086
52451,normal,154,0,1782358996.37374,0.0019617080688476562
52452,normal,3065,1,1782358996.3755915,0.0018515586853027344
52453,normal,3637,0,1782358996.3778155,0.002223968505859375
52454,normal,63,0,1782358996.3795748,0.0017592906951904297
52455,normal,1929,0,1782358996.3817587,0.0021839141845703125
52456,normal,3226,1,1782358996.3836496,0.0018908977508544922
52457,normal,3028,0,1782358996.3857431,0.0020935535430908203
52458,normal,1483,0,1782358996.3875139,0.0017707347869873047
52459,normal,474,0,1782358996.3897438,0.002229928970336914
52460,normal,341,0,1782358996.3916411,0.0018973350524902344
52461,normal,2754,0,1782358996.393885,0.0022437572479248047
52462,normal,1369,1,1782358996.3955624,0.0016775131225585938
52463,normal,2116,0,1782358996.3977983,0.002235889434814453
52464,normal,1385,0,1782358996.3996582,0.001859903335571289
52465,normal,1799,0,1782358996.4017267,0.0020685195922851562
52466,normal,1627,0,1782358996.4037974,0.0020706653594970703
52467,normal,3115,1,1782358996.405579,0.0017817020416259766
52468,normal,362,0,1782358996.4077291,0.0021500587463378906
52469,normal,2560,0,1782358996.4098651,0.0021359920501708984
52470,normal,2054,0,1782358996.4115186,0.001653432846069336
52471,normal,701,0,1782358996.4137144,0.0021958351135253906
52472,normal,2242,0,1782358996.4156232,0.0019087791442871094
52473,normal,3100,1,1782358996.4175942,0.001971006393432617
52474,normal,1289,0,1782358996.419841,0.002246856689453125
52475,normal,1494,0,1782358996.4214973,0.0016562938690185547
52476,normal,641,0,1782358996.4236069,0.002109527587890625
52477,normal,2429,0,1782358996.425591,0.001984119415283203
52478,normal,2980,0,1782358996.427718,0.002126932144165039
52479,normal,1233,0,1782358996.4300604,0.0023424625396728516
52480,normal,3363,1,1782358996.431799,0.0017385482788085938
52481,normal,1236,0,1782358996.433757,0.001958131790161133
52482,normal,2210,0,1782358996.435513,0.0017559528350830078
52483,normal,2152,0,1782358996.4377258,0.0022127628326416016
52484,normal,3463,0,1782358996.4396412,0.0019154548645019531
52485,normal,2844,0,1782358996.441615,0.001973867416381836
52486,normal,1137,0,1782358996.4438365,0.002221345901489258
52487,normal,1509,0,1782358996.4455879,0.0017514228820800781
52488,normal,253,0,1782358996.4476082,0.0020203590393066406
52489,normal,2431,0,1782358996.4497318,0.002123594284057617
52490,normal,1838,0,1782358996.4516537,0.0019218921661376953
52491,normal,574,0,1782358996.4536126,0.0019588470458984375
52492,normal,3432,0,1782358996.4557445,0.002131938934326172
52493,normal,1283,0,1782358996.457826,0.0020813941955566406
52494,normal,1862,0,1782358996.4599762,0.002150297164916992
52495,normal,1265,0,1782358996.4620194,0.0020432472229003906
52496,normal,2258,0,1782358996.4634488,0.0014293193817138672
52497,normal,505,0,1782358996.4658175,0.0023686885833740234
52498,normal,2823,0,1782358996.4675748,0.0017573833465576172
52499,normal,1480,0,1782358996.4695888,0.0020139217376708984
52500,normal,3292,1,1782358996.4723287,0.0027399063110351562
52501,normal,883,2,1782358996.4734447,0.001116037368774414
52502,normal,3071,1,1782358996.4759114,0.0024666786193847656
52503,normal,1538,0,1782358996.4778557,0.0019443035125732422
52504,normal,855,2,1782358996.4794831,0.0016274452209472656
52505,normal,590,0,1782358996.4814703,0.0019872188568115234
52506,normal,3262,1,1782358996.483485,0.002014636993408203
52507,normal,539,0,1782358996.4854753,0.0019903182983398438
52508,normal,2987,0,1782358996.487523,0.0020477771759033203
52509,normal,940,2,1782358996.4895432,0.002020120620727539
52510,normal,490,0,1782358996.4915822,0.0020389556884765625
52511,normal,3657,0,1782358996.4934554,0.0018732547760009766
52512,normal,3207,1,1782358996.4955952,0.0021398067474365234
52513,normal,3200,1,1782358996.4974983,0.0019030570983886719
52514,normal,331,0,1782358996.49948,0.0019817352294921875
52515,normal,2301,0,1782358996.501497,0.0020170211791992188
52516,normal,2103,0,1782358996.5035055,0.0020084381103515625
52517,normal,3495,0,1782358996.5055022,0.001996755599975586
52518,normal,1427,0,1782358996.5075207,0.002018451690673828
52519,normal,1136,0,1782358996.5095255,0.002004861831665039
52520,normal,2451,0,1782358996.5114915,0.0019659996032714844
52521,normal,2534,0,1782358996.51351,0.002018451690673828
52522,normal,2986,0,1782358996.5156581,0.002148151397705078
52523,normal,2744,0,1782358996.5174623,0.0018041133880615234
52524,normal,346,0,1782358996.5199552,0.0024929046630859375
52525,normal,2791,0,1782358996.521439,0.001483917236328125
52526,normal,1121,0,1782358996.5236962,0.002257108688354492
52527,normal,2271,0,1782358996.525719,0.0020227432250976562
52528,normal,3182,1,1782358996.5276244,0.0019054412841796875
52529,normal,3383,1,1782358996.5295193,0.0018949508666992188
52530,normal,2693,0,1782358996.53163,0.002110719680786133
52531,normal,703,0,1782358996.533577,0.0019469261169433594
52532,normal,269,0,1782358996.535739,0.0021619796752929688
52533,normal,2778,0,1782358996.537596,0.0018570423126220703
52534,normal,1660,0,1782358996.539601,0.0020051002502441406
52535,normal,1368,1,1782358996.5417504,0.002149343490600586
52536,normal,2807,0,1782358996.5438833,0.002132892608642578
52537,normal,1958,0,1782358996.545519,0.0016357898712158203
52538,normal,3410,0,1782358996.5476048,0.0020856857299804688
52539,normal,1687,0,1782358996.5495205,0.0019156932830810547
52540,normal,1277,0,1782358996.5516398,0.002119302749633789
52541,normal,2216,0,1782358996.5535839,0.0019440650939941406
52542,normal,3181,1,1782358996.5556443,0.002060413360595703
52543,normal,3273,1,1782358996.5574782,0.0018339157104492188
52544,normal,647,0,1782358996.5596354,0.0021572113037109375
52545,normal,838,2,1782358996.562104,0.002468585968017578
52546,normal,2636,0,1782358996.563586,0.0014820098876953125
52547,normal,2060,0,1782358996.565569,0.0019829273223876953
52548,normal,1922,0,1782358996.5675364,0.0019674301147460938
52549,normal,1402,0,1782358996.5696058,0.0020694732666015625
52550,normal,3507,0,1782358996.5717816,0.0021758079528808594
52551,normal,397,0,1782358996.57356,0.0017783641815185547
52552,normal,194,0,1782358996.5756059,0.002045869827270508
52553,normal,388,0,1782358996.5776205,0.002014636993408203
52554,normal,363,0,1782358996.579528,0.0019075870513916016
52555,normal,2766,0,1782358996.5816362,0.0021080970764160156
52556,normal,2183,0,1782358996.583937,0.002300739288330078
52557,normal,3271,1,1782358996.585542,0.0016050338745117188
52558,normal,555,0,1782358996.5876975,0.0021555423736572266
52559,normal,2890,0,1782358996.589752,0.002054452896118164
52560,normal,1020,2,1782358996.5917456,0.0019936561584472656
52561,normal,3132,1,1782358996.5936394,0.001893758773803711
52562,normal,2323,0,1782358996.5956235,0.001984119415283203
52563,normal,1876,0,1782358996.5975258,0.0019023418426513672
52564,normal,2082,0,1782358996.599596,0.002070188522338867
52565,normal,3019,0,1782358996.60189,0.0022940635681152344
52566,normal,822,2,1782358996.6039977,0.0021076202392578125
52567,normal,2096,0,1782358996.6055844,0.0015866756439208984
52568,normal,1450,0,1782358996.607699,0.002114534378051758
52569,normal,1932,0,1782358996.609549,0.001850128173828125
52570,normal,847,2,1782358996.6116118,0.0020627975463867188
52571,normal,422,0,1782358996.613638,0.002026081085205078
52572,normal,1905,0,1782358996.615541,0.0019030570983886719
52573,normal,472,0,1782358996.6176472,0.002106189727783203
52574,normal,2859,0,1782358996.6197286,0.0020813941955566406
52575,normal,2085,0,1782358996.6216066,0.0018780231475830078
52576,normal,3418,0,1782358996.623599,0.001992464065551758
52577,normal,2362,0,1782358996.6256573,0.002058267593383789
52578,normal,1487,0,1782358996.6275656,0.0019083023071289062
52579,normal,65,0,1782358996.629702,0.0021364688873291016
52580,normal,2703,0,1782358996.6316974,0.0019953250885009766
52581,normal,211,0,1782358996.6335275,0.0018301010131835938
52582,normal,1591,0,1782358996.6356103,0.00208282470703125
52583,normal,210,0,1782358996.6376543,0.0020439624786376953
52584,normal,468,0,1782358996.6395469,0.0018925666809082031
52585,normal,2947,0,1782358996.6416197,0.0020728111267089844
52586,normal,2220,0,1782358996.6436918,0.0020720958709716797
52587,normal,2943,0,1782358996.6455646,0.0018727779388427734
52588,normal,3600,0,1782358996.6477296,0.002165079116821289
52589,normal,1708,0,1782358996.6496587,0.0019290447235107422
52590,normal,1541,0,1782358996.6515343,0.0018756389617919922
52591,normal,616,0,1782358996.653499,0.001964569091796875
52592,normal,2380,0,1782358996.6556525,0.002153635025024414
52593,normal,1641,0,1782358996.6576352,0.0019826889038085938
52594,normal,3442,0,1782358996.659742,0.002106904983520508
52595,normal,297,0,1782358996.6617725,0.0020303726196289062
52596,normal,2731,0,1782358996.6636581,0.0018856525421142578
52597,normal,2504,0,1782358996.665812,0.0021538734436035156
52598,normal,323,0,1782358996.6678247,0.0020127296447753906
52599,normal,1007,2,1782358996.6695561,0.0017313957214355469
52600,normal,3598,0,1782358996.6717687,0.0022125244140625
52601,normal,2048,0,1782358996.6737568,0.0019881725311279297
52602,normal,580,0,1782358996.675541,0.0017840862274169922
52603,normal,1828,0,1782358996.6777334,0.0021924972534179688
52604,normal,1077,0,1782358996.679737,0.0020036697387695312
52605,normal,3289,1,1782358996.6816099,0.0018727779388427734
52606,normal,3527,0,1782358996.6838555,0.002245664596557617
52607,normal,3333,1,1782358996.6856394,0.0017838478088378906
52608,normal,3429,0,1782358996.6876857,0.002046346664428711
52609,normal,3413,0,1782358996.6898673,0.002181529998779297
52610,normal,849,2,1782358996.6916523,0.0017850399017333984
52611,normal,3075,1,1782358996.6937244,0.0020720958709716797
52612,normal,3126,1,1782358996.6955173,0.00179290771484375
52613,normal,1689,0,1782358996.6977024,0.0021851062774658203
52614,normal,3456,0,1782358996.6997037,0.0020012855529785156
52615,normal,2845,0,1782358996.701579,0.0018754005432128906
52616,normal,391,0,1782358996.7037444,0.0021653175354003906
52617,normal,1628,0,1782358996.7056007,0.0018563270568847656
52618,normal,3349,1,1782358996.707727,0.0021262168884277344
52619,normal,360,0,1782358996.7098527,0.0021257400512695312
52620,normal,3672,0,1782358996.7115061,0.001653432846069336
52621,normal,863,2,1782358996.71372,0.0022139549255371094
52622,normal,2857,0,1782358996.715719,0.0019989013671875
52623,normal,2659,0,1782358996.7175028,0.0017838478088378906
52624,normal,1831,0,1782358996.7200415,0.0025386810302734375
52625,normal,2123,0,1782358996.721936,0.0018944740295410156
52626,normal,1821,0,1782358996.723655,0.0017189979553222656
52627,normal,2188,0,1782358996.7256048,0.0019497871398925781
52628,normal,2233,0,1782358996.7277293,0.0021245479583740234
52629,normal,205,0,1782358996.7296147,0.0018854141235351562
52630,normal,3169,1,1782358996.7317445,0.002129793167114258
52631,normal,2077,0,1782358996.7339792,0.0022346973419189453
52632,normal,3567,0,1782358996.7355714,0.0015921592712402344
52633,normal,1186,0,1782358996.7377303,0.0021588802337646484
52634,normal,3597,0,1782358996.7397332,0.0020029544830322266
52635,normal,1764,0,1782358996.7416172,0.0018839836120605469
52636,normal,3296,1,1782358996.7437522,0.002135038375854492
52637,normal,2,0,1782358996.7458456,0.0020933151245117188
52638,normal,2531,0,1782358996.7477114,0.0018658638000488281
52639,normal,2147,0,1782358996.7496405,0.0019290447235107422
52640,normal,1709,0,1782358996.751711,0.0020704269409179688
52641,normal,3522,0,1782358996.7535458,0.001834869384765625
52642,normal,753,0,1782358996.7557156,0.0021698474884033203
52643,normal,1746,0,1782358996.7575526,0.001837015151977539
52644,normal,1554,0,1782358996.7597368,0.002184152603149414
52645,normal,794,2,1782358996.7616136,0.0018768310546875
52646,normal,508,0,1782358996.7636878,0.0020742416381835938
52647,normal,2982,0,1782358996.765503,0.0018150806427001953
52648,normal,965,2,1782358996.7676492,0.0021462440490722656
52649,normal,2994,0,1782358996.7696536,0.002004384994506836
52650,normal,1927,0,1782358996.7715633,0.0019097328186035156
52651,normal,3111,1,1782358996.7736008,0.002037525177001953
52652,normal,1782,0,1782358996.77561,0.002009153366088867
52653,normal,2343,0,1782358996.7774851,0.001875162124633789
52654,normal,2926,0,1782358996.7796044,0.002119302749633789
52655,normal,1683,0,1782358996.78161,0.0020055770874023438
52656,normal,1994,0,1782358996.7835162,0.0019061565399169922
52657,normal,1730,0,1782358996.7857776,0.0022614002227783203
52658,normal,603,0,1782358996.787596,0.0018184185028076172
52659,normal,2146,0,1782358996.7895572,0.001961231231689453
52660,normal,1017,2,1782358996.79168,0.0021228790283203125
52661,normal,292,0,1782358996.7934694,0.0017893314361572266
52662,normal,72,0,1782358996.7956157,0.0021462440490722656
52663,normal,650,0,1782358996.7976236,0.0020079612731933594
52664,normal,1112,0,1782358996.799688,0.0020644664764404297
52665,normal,2802,0,1782358996.8014944,0.0018062591552734375
52666,normal,2430,0,1782358996.8038,0.002305746078491211
52667,normal,3127,1,1782358996.8056056,0.0018055438995361328
52668,normal,3140,1,1782358996.8076093,0.0020036697387695312
52669,normal,611,0,1782358996.8095486,0.0019392967224121094
52670,normal,1597,0,1782358996.8117805,0.0022318363189697266
52671,normal,2282,0,1782358996.8136358,0.0018553733825683594
52672,normal,2435,0,1782358996.8157563,0.002120494842529297
52673,normal,3389,1,1782358996.8178563,0.0020999908447265625
52674,normal,2765,0,1782358996.8194711,0.0016148090362548828
52675,normal,3095,1,1782358996.8217561,0.002285003662109375
52676,normal,3700,0,1782358996.8235927,0.001836538314819336
52677,normal,1220,0,1782358996.8257172,0.0021245479583740234
52678,normal,172,0,1782358996.827594,0.0018768310546875
52679,normal,2379,0,1782358996.8295937,0.0019996166229248047
52680,normal,1426,0,1782358996.8317327,0.0021390914916992188
52681,normal,2057,0,1782358996.833537,0.001804351806640625
52682,normal,835,2,1782358996.835599,0.0020618438720703125
52683,normal,489,0,1782358996.8375819,0.0019829273223876953
52684,normal,348,0,1782358996.8396237,0.0020418167114257812
52685,normal,2789,0,1782358996.841683,0.0020592212677001953
52686,normal,2492,0,1782358996.8436012,0.0019183158874511719
52687,normal,3327,1,1782358996.8456829,0.002081632614135742
52688,normal,1804,0,1782358996.847539,0.001856088638305664
52689,normal,398,0,1782358996.8496208,0.0020818710327148438
52690,normal,752,0,1782358996.8515728,0.0019519329071044922
52691,normal,1185,0,1782358996.8536398,0.002067089080810547
52692,normal,2985,0,1782358996.85572,0.002080202102661133
52693,normal,2956,0,1782358996.8576298,0.0019097328186035156
52694,normal,812,2,1782358996.8596244,0.001994609832763672
52695,normal,3011,0,1782358996.8616557,0.0020313262939453125
52696,normal,427,0,1782358996.8637097,0.002053976058959961
52697,normal,256,0,1782358996.865619,0.0019092559814453125
52698,normal,3535,0,1782358996.867672,0.0020530223846435547
52699,normal,478,0,1782358996.8697443,0.0020723342895507812
52700,normal,889,2,1782358996.8715901,0.0018458366394042969
52701,normal,2462,0,1782358996.8736095,0.0020194053649902344
52702,normal,845,2,1782358996.875467,0.0018575191497802734
52703,normal,1171,0,1782358996.8776107,0.0021436214447021484
52704,normal,2835,0,1782358996.879771,0.002160310745239258
52705,normal,3266,1,1782358996.88147,0.0016989707946777344
52706,normal,324,0,1782358996.883604,0.002134084701538086
52707,normal,707,0,1782358996.885606,0.0020020008087158203
52708,normal,3406,0,1782358996.8875415,0.0019354820251464844
52709,normal,1376,1,1782358996.8897958,0.0022542476654052734
52710,normal,1982,0,1782358996.8918757,0.0020799636840820312
52711,normal,2396,0,1782358996.8935862,0.0017104148864746094
52712,normal,1310,0,1782358996.8956218,0.0020356178283691406
52713,normal,100,0,1782358996.897624,0.002002239227294922
52714,normal,869,2,1782358996.8995872,0.0019631385803222656
52715,normal,3579,0,1782358996.9016302,0.002043008804321289
52716,normal,860,2,1782358996.9037478,0.002117633819580078
52717,normal,3137,1,1782358996.905598,0.001850128173828125
52718,normal,1818,0,1782358996.9075813,0.0019834041595458984
52719,normal,2842,0,1782358996.9096189,0.002037525177001953
52720,normal,1595,0,1782358996.9115787,0.0019598007202148438
52721,normal,2454,0,1782358996.9136257,0.0020470619201660156
52722,normal,1926,0,1782358996.9156284,0.002002716064453125
52723,normal,2059,0,1782358996.9179006,0.0022721290588378906
52724,normal,133,0,1782358996.9197803,0.0018796920776367188
52725,normal,1404,0,1782358996.922075,0.002294778823852539
52726,normal,3204,1,1782358996.9235,0.001425027847290039
52727,normal,78,0,1782358996.9257698,0.002269744873046875
52728,normal,1810,0,1782358996.927581,0.0018112659454345703
52729,normal,1616,0,1782358996.9295175,0.0019364356994628906
52730,normal,3188,1,1782358996.9315083,0.001990795135498047
52731,normal,3582,0,1782358996.9335437,0.002035379409790039
52732,normal,1553,0,1782358996.935534,0.0019903182983398438
52733,normal,2369,0,1782358996.9375696,0.0020356178283691406
52734,normal,829,2,1782358996.9395227,0.001953125
52735,normal,3450,0,1782358996.9414618,0.0019390583038330078
52736,normal,3005,0,1782358996.9435182,0.0020563602447509766
52737,normal,367,0,1782358996.945544,0.0020258426666259766
52738,normal,250,0,1782358996.947471,0.0019268989562988281
52739,normal,254,0,1782358996.9495,0.0020291805267333984
52740,normal,3110,1,1782358996.951609,0.0021088123321533203
52741,normal,460,0,1782358996.9535124,0.001903533935546875
52742,normal,2981,0,1782358996.955592,0.002079486846923828
52743,normal,1861,0,1782358996.9575858,0.001993894577026367
52744,normal,158,0,1782358996.9594905,0.0019047260284423828
52745,normal,3314,1,1782358996.9614854,0.0019948482513427734
52746,normal,217,0,1782358996.963543,0.0020575523376464844
52747,normal,3385,1,1782358996.965486,0.0019431114196777344
52748,normal,654,0,1782358996.967504,0.002017974853515625
52749,normal,2351,0,1782358996.9696038,0.002099752426147461
52750,normal,401,0,1782358996.9714687,0.0018649101257324219
52751,normal,1433,0,1782358996.9735117,0.002043008804321289
52752,normal,1647,0,1782358996.9755287,0.0020170211791992188
52753,normal,2084,0,1782358996.9776525,0.0021238327026367188
52754,normal,2572,0,1782358996.9794967,0.001844167709350586
52755,normal,2366,0,1782358996.9815397,0.002043008804321289
52756,normal,1372,1,1782358996.9834905,0.0019507408142089844
52757,normal,1596,0,1782358996.9855275,0.00203704833984375
52758,normal,1729,0,1782358996.9875364,0.0020089149475097656
52759,normal,475,0,1782358996.9894598,0.0019233226776123047
52760,normal,1549,0,1782358996.9915318,0.0020720958709716797
52761,normal,2739,0,1782358996.9935865,0.0020546913146972656
52762,normal,629,0,1782358996.9954925,0.0019059181213378906
52763,normal,1222,0,1782358996.9976065,0.0021140575408935547
52764,normal,1459,0,1782358996.9995959,0.0019893646240234375
52765,normal,2397,0,1782358997.0017755,0.0021796226501464844
52766,normal,1337,1,1782358997.0035157,0.0017402172088623047
52767,normal,1617,0,1782358997.0055294,0.002013683319091797
52768,normal,2537,0,1782358997.0074356,0.0019061565399169922
52769,normal,2751,0,1782358997.0095484,0.002112865447998047
52770,normal,2893,0,1782358997.0115345,0.0019860267639160156
52771,normal,118,0,1782358997.013434,0.0018994808197021484
52772,normal,81,0,1782358997.0155272,0.0020933151245117188
52773,normal,2463,0,1782358997.0175235,0.001996278762817383
52774,normal,405,0,1782358997.0199952,0.0024716854095458984
52775,normal,1009,2,1782358997.0215197,0.0015244483947753906
52776,normal,2266,0,1782358997.0235384,0.0020186901092529297
52777,normal,1682,0,1782358997.025443,0.0019047260284423828
52778,normal,1437,0,1782358997.0275328,0.0020897388458251953
52779,normal,395,0,1782358997.0296428,0.002110004425048828
52780,normal,819,2,1782358997.0314476,0.0018048286437988281
52781,normal,2899,0,1782358997.0335226,0.0020749568939208984
52782,normal,59,0,1782358997.0355377,0.0020151138305664062
52783,normal,1792,0,1782358997.0374548,0.001917123794555664
52784,normal,185,0,1782358997.0397952,0.0023403167724609375
52785,normal,87,0,1782358997.0417118,0.001916646957397461
52786,normal,1902,0,1782358997.0435083,0.0017964839935302734
52787,normal,3067,1,1782358997.0456047,0.002096414566040039
52788,normal,856,2,1782358997.0476184,0.002013683319091797
52789,normal,394,0,1782358997.049647,0.0020287036895751953
52790,normal,516,0,1782358997.0516515,0.002004384994506836
52791,normal,1447,0,1782358997.0534647,0.0018131732940673828
52792,normal,1298,0,1782358997.0554872,0.0020225048065185547
52793,normal,1143,0,1782358997.0575202,0.0020329952239990234
52794,normal,1068,0,1782358997.0595994,0.0020792484283447266
52795,normal,271,0,1782358997.061831,0.002231597900390625
52796,normal,3461,0,1782358997.063614,0.0017828941345214844
52797,normal,546,0,1782358997.065832,0.002218008041381836
52798,normal,1775,0,1782358997.0679982,0.002166271209716797
52799,normal,2968,0,1782358997.0709805,0.0029823780059814453
52800,normal,2687,0,1782358997.0716038,0.0006232261657714844
52801,normal,146,0,1782358997.0737185,0.0021147727966308594
52802,normal,3104,1,1782358997.075601,0.0018825531005859375
52803,normal,378,0,1782358997.0775232,0.0019221305847167969
52804,normal,3131,1,1782358997.0795257,0.0020024776458740234
52805,normal,303,0,1782358997.0816298,0.002104043960571289
52806,normal,1205,0,1782358997.0837393,0.002109527587890625
52807,normal,978,2,1782358997.0857532,0.0020139217376708984
52808,normal,582,0,1782358997.087696,0.0019428730010986328
52809,normal,2567,0,1782358997.089681,0.001984834671020508
52810,normal,662,0,1782358997.0915303,0.0018494129180908203
52811,normal,511,0,1782358997.0936224,0.002092123031616211
52812,normal,1827,0,1782358997.0954952,0.0018727779388427734
52813,normal,941,2,1782358997.097903,0.0024077892303466797
52814,normal,1698,0,1782358997.0995674,0.0016644001007080078
52815,normal,2145,0,1782358997.10186,0.002292633056640625
52816,normal,2698,0,1782358997.1035252,0.0016651153564453125
52817,normal,380,0,1782358997.1056263,0.0021011829376220703
52818,normal,3518,0,1782358997.1077209,0.0020945072174072266
52819,normal,1311,0,1782358997.1095388,0.001817941665649414
52820,normal,679,0,1782358997.1116061,0.0020673274993896484
52821,normal,3381,1,1782358997.1134949,0.0018887519836425781
52822,normal,652,0,1782358997.1157033,0.0022084712982177734
52823,normal,2485,0,1782358997.1175377,0.0018343925476074219
52824,normal,3466,0,1782358997.119703,0.0021653175354003906
52825,normal,1128,0,1782358997.1216831,0.0019800662994384766
52826,normal,110,0,1782358997.123569,0.0018858909606933594
52827,normal,2105,0,1782358997.1256492,0.002080202102661133
52828,normal,3661,0,1782358997.1276858,0.002036571502685547
52829,normal,3441,0,1782358997.129523,0.0018372535705566406
52830,normal,988,2,1782358997.1316142,0.0020911693572998047
52831,normal,1563,0,1782358997.133929,0.0023148059844970703
52832,normal,1336,1,1782358997.1355643,0.0016353130340576172
52833,normal,1441,0,1782358997.1375754,0.0020110607147216797
52834,normal,1933,0,1782358997.1399128,0.0023374557495117188
52835,normal,1434,0,1782358997.1417272,0.0018143653869628906
52836,normal,2032,0,1782358997.1437082,0.001981019973754883
52837,normal,2175,0,1782358997.1459148,0.002206563949584961
52838,normal,1366,1,1782358997.147621,0.0017061233520507812
52839,normal,2261,0,1782358997.1497176,0.0020966529846191406
52840,normal,2740,0,1782358997.151704,0.0019865036010742188
52841,normal,3438,0,1782358997.1537664,0.0020623207092285156
52842,normal,3414,0,1782358997.1557066,0.0019402503967285156
52843,normal,500,0,1782358997.1578941,0.002187490463256836
52844,normal,740,0,1782358997.1595826,0.0016884803771972656
52845,normal,2632,0,1782358997.161889,0.0023064613342285156
52846,normal,895,2,1782358997.163743,0.00185394287109375
52847,normal,3346,1,1782358997.1657615,0.002018451690673828
52848,normal,2613,0,1782358997.1677039,0.0019423961639404297
52849,normal,3631,0,1782358997.1699295,0.002225637435913086
52850,normal,2908,0,1782358997.1715753,0.001645803451538086
52851,normal,2733,0,1782358997.1738856,0.0023102760314941406
52852,normal,1395,0,1782358997.1757493,0.001863718032836914
52853,normal,1213,0,1782358997.1777732,0.002023935317993164
52854,normal,795,2,1782358997.1797104,0.0019371509552001953
52855,normal,2313,0,1782358997.1819265,0.0022161006927490234
52856,normal,174,0,1782358997.1835809,0.0016543865203857422
52857,normal,2135,0,1782358997.1858885,0.0023076534271240234
52858,normal,2041,0,1782358997.187753,0.0018644332885742188
52859,normal,875,2,1782358997.189761,0.0020079612731933594
52860,normal,1230,0,1782358997.1917217,0.00196075439453125
52861,normal,2996,0,1782358997.1938221,0.0021004676818847656
52862,normal,3073,1,1782358997.1958716,0.0020494461059570312
52863,normal,1374,1,1782358997.1975567,0.0016851425170898438
52864,normal,1947,0,1782358997.1999292,0.0023725032806396484
52865,normal,1800,0,1782358997.2015746,0.0016453266143798828
52866,normal,3589,0,1782358997.2038736,0.002299070358276367
52867,normal,2954,0,1782358997.2057607,0.0018870830535888672
52868,normal,127,0,1782358997.2077782,0.002017498016357422
52869,normal,2641,0,1782358997.2097118,0.0019335746765136719
52870,normal,2164,0,1782358997.2118585,0.0021467208862304688
52871,normal,2225,0,1782358997.2137754,0.0019168853759765625
52872,normal,2988,0,1782358997.2157116,0.001936197280883789
52873,normal,3032,0,1782358997.217914,0.0022025108337402344
52874,normal,155,0,1782358997.219576,0.0016617774963378906
52875,normal,2058,0,1782358997.221917,0.002341032028198242
52876,normal,1111,0,1782358997.2237642,0.0018472671508789062
52877,normal,1587,0,1782358997.2257686,0.002004384994506836
52878,normal,3587,0,1782358997.2277071,0.0019385814666748047
52879,normal,1152,0,1782358997.2299366,0.002229452133178711
52880,normal,188,0,1782358997.2315767,0.0016400814056396484
52881,normal,2138,0,1782358997.2336946,0.0021178722381591797
52882,normal,142,0,1782358997.2357695,0.0020749568939208984
52883,normal,3085,1,1782358997.2377636,0.0019941329956054688
52884,normal,2539,0,1782358997.2397046,0.0019409656524658203
52885,normal,624,0,1782358997.2419403,0.0022356510162353516
52886,normal,3590,0,1782358997.243575,0.001634836196899414
52887,normal,665,0,1782358997.245702,0.002126932144165039
52888,normal,3365,1,1782358997.2479444,0.0022423267364501953
52889,normal,2497,0,1782358997.2495716,0.001627206802368164
52890,normal,77,0,1782358997.2518547,0.0022830963134765625
52891,normal,2371,0,1782358997.2537777,0.0019230842590332031
52892,normal,3083,1,1782358997.2557638,0.0019860267639160156
52893,normal,2239,0,1782358997.2577114,0.001947641372680664
52894,normal,356,0,1782358997.259697,0.0019855499267578125
52895,normal,2818,0,1782358997.2617638,0.0020668506622314453
52896,normal,718,0,1782358997.263706,0.0019421577453613281
52897,normal,3269,1,1782358997.2659144,0.0022084712982177734
52898,normal,1697,0,1782358997.2675748,0.0016603469848632812
52899,normal,1930,0,1782358997.2698617,0.0022869110107421875
52900,normal,3473,0,1782358997.2719069,0.002045154571533203
52901,normal,3446,0,1782358997.2735772,0.0016703605651855469
52902,normal,3682,0,1782358997.2758822,0.0023050308227539062
52903,normal,435,0,1782358997.2777855,0.0019032955169677734
52904,normal,387,0,1782358997.2797682,0.0019826889038085938
52905,normal,2959,0,1782358997.2817056,0.0019373893737792969
52906,normal,1959,0,1782358997.2839067,0.002201080322265625
52907,normal,2394,0,1782358997.2857778,0.0018711090087890625
52908,normal,2998,0,1782358997.2877042,0.001926422119140625
52909,normal,3320,1,1782358997.2899055,0.0022013187408447266
52910,normal,2470,0,1782358997.2917614,0.0018558502197265625
52911,normal,1108,0,1782358997.2937016,0.0019402503967285156
52912,normal,3042,0,1782358997.2957847,0.0020830631256103516
52913,normal,3152,1,1782358997.2977705,0.001985788345336914
52914,normal,1064,0,1782358997.2997122,0.001941680908203125
52915,normal,2180,0,1782358997.30178,0.0020678043365478516
52916,normal,2812,0,1782358997.3037694,0.0019893646240234375
52917,normal,3623,0,1782358997.305705,0.001935720443725586
52918,normal,240,0,1782358997.307916,0.002210855484008789
52919,normal,3253,1,1782358997.3095982,0.001682281494140625
52920,normal,987,2,1782358997.3116975,0.002099275588989258
52921,normal,2206,0,1782358997.313912,0.0022144317626953125
52922,normal,3435,0,1782358997.3155785,0.0016665458679199219
52923,normal,886,2,1782358997.3178892,0.0023107528686523438
52924,normal,3186,1,1782358997.3197074,0.0018181800842285156
52925,normal,2254,0,1782358997.3217556,0.0020482540130615234
52926,normal,2612,0,1782358997.3237064,0.0019507408142089844
52927,normal,86,0,1782358997.3258858,0.002179384231567383
52928,normal,187,0,1782358997.3277128,0.0018270015716552734
52929,normal,2683,0,1782358997.3297029,0.001990079879760742
52930,normal,2444,0,1782358997.3318655,0.0021626949310302734
52931,normal,810,2,1782358997.333757,0.0018913745880126953
52932,normal,2250,0,1782358997.3357038,0.0019469261169433594
52933,normal,1749,0,1782358997.3378658,0.0021619796752929688
52934,normal,2592,0,1782358997.339751,0.0018851757049560547
52935,normal,1115,0,1782358997.3417156,0.001964569091796875
52936,normal,2768,0,1782358997.3438697,0.002154111862182617
52937,normal,120,0,1782358997.3457556,0.0018858909606933594
52938,normal,3270,1,1782358997.3477232,0.0019676685333251953
52939,normal,2858,0,1782358997.3498816,0.0021584033966064453
52940,normal,932,2,1782358997.351495,0.0016133785247802734
52941,normal,887,2,1782358997.3537571,0.002262115478515625
52942,normal,3119,1,1782358997.3555763,0.0018191337585449219
52943,normal,1966,0,1782358997.3577065,0.002130270004272461
52944,normal,634,0,1782358997.3595083,0.0018017292022705078
52945,normal,854,2,1782358997.3618703,0.0023620128631591797
52946,normal,3439,0,1782358997.3637595,0.0018892288208007812
52947,normal,529,0,1782358997.3657026,0.0019431114196777344
52948,normal,1997,0,1782358997.3677878,0.0020852088928222656
52949,normal,1950,0,1782358997.3698547,0.0020668506622314453
52950,normal,1160,0,1782358997.371561,0.0017063617706298828
52951,normal,2817,0,1782358997.3738852,0.0023241043090820312
52952,normal,18,0,1782358997.3757582,0.001873016357421875
52953,normal,3086,1,1782358997.3777025,0.0019443035125732422
52954,normal,345,0,1782358997.3798013,0.0020987987518310547
52955,normal,872,2,1782358997.381853,0.002051830291748047
52956,normal,3611,0,1782358997.3835695,0.0017163753509521484
52957,normal,1963,0,1782358997.3858933,0.0023238658905029297
52958,normal,2741,0,1782358997.3877625,0.00186920166015625
52959,normal,3479,0,1782358997.3897052,0.0019426345825195312
52960,normal,2979,0,1782358997.3917863,0.002081155776977539
52961,normal,413,0,1782358997.3938563,0.0020699501037597656
52962,normal,3312,1,1782358997.395558,0.0017018318176269531
52963,normal,1073,0,1782358997.397892,0.0023338794708251953
52964,normal,3652,0,1782358997.3997607,0.0018687248229980469
52965,normal,36,0,1782358997.401721,0.001960277557373047
52966,normal,844,2,1782358997.4036088,0.0018877983093261719
52967,normal,947,2,1782358997.4056485,0.002039670944213867
52968,normal,2706,0,1782358997.4077027,0.0020542144775390625
52969,normal,897,2,1782358997.4098086,0.0021059513092041016
52970,normal,2035,0,1782358997.4118536,0.0020449161529541016
52971,normal,697,0,1782358997.4135559,0.0017023086547851562
52972,normal,567,0,1782358997.4159193,0.002363443374633789
52973,normal,2602,0,1782358997.4177516,0.0018322467803955078
52974,normal,2543,0,1782358997.4197292,0.001977682113647461
52975,normal,1923,0,1782358997.421609,0.0018796920776367188
52976,normal,1532,0,1782358997.4238834,0.0022745132446289062
52977,normal,3669,0,1782358997.425568,0.0016846656799316406
52978,normal,1615,0,1782358997.427928,0.0023598670959472656
52979,normal,782,2,1782358997.4295883,0.0016603469848632812
52980,normal,2877,0,1782358997.4318914,0.0023031234741210938
52981,normal,2011,0,1782358997.4336154,0.0017240047454833984
52982,normal,3170,1,1782358997.435898,0.0022826194763183594
52983,normal,619,0,1782358997.4375632,0.0016651153564453125
52984,normal,726,0,1782358997.4399273,0.0023641586303710938
52985,normal,2951,0,1782358997.4416556,0.0017282962799072266
52986,normal,643,0,1782358997.443707,0.0020513534545898438
52987,normal,993,2,1782358997.4455633,0.0018563270568847656
52988,normal,3583,0,1782358997.44788,0.002316713333129883
52989,normal,6,0,1782358997.4495628,0.0016827583312988281
52990,normal,2729,0,1782358997.4519327,0.0023698806762695312
52991,normal,199,0,1782358997.453594,0.0016613006591796875
52992,normal,79,0,1782358997.4557118,0.0021178722381591797
52993,normal,339,0,1782358997.4578338,0.0021219253540039062
52994,normal,1769,0,1782358997.4598897,0.0020558834075927734
52995,normal,525,0,1782358997.4615607,0.0016710758209228516
52996,normal,2083,0,1782358997.46394,0.002379179000854492
52997,normal,1091,0,1782358997.465591,0.0016510486602783203
52998,normal,1075,0,1782358997.4679008,0.0023097991943359375
52999,normal,2098,0,1782358997.4696326,0.00173187255859375
53000,normal,948,2,1782358997.4718683,0.0022356510162353516
53001,normal,2869,0,1782358997.4735625,0.0016942024230957031
53002,normal,1657,0,1782358997.4759412,0.002378702163696289
53003,normal,3478,0,1782358997.4775586,0.001617431640625
53004,normal,275,0,1782358997.4797614,0.002202749252319336
53005,normal,3514,0,1782358997.4817736,0.0020122528076171875
53006,normal,3465,0,1782358997.4837685,0.0019948482513427734
53007,normal,1858,0,1782358997.4857068,0.0019383430480957031
53008,normal,2715,0,1782358997.487843,0.00213623046875
53009,normal,1140,0,1782358997.4898784,0.002035379409790039
53010,normal,2426,0,1782358997.49263,0.002751588821411133
53011,normal,2747,0,1782358997.4935613,0.0009312629699707031
53012,normal,3408,0,1782358997.4958668,0.0023055076599121094
53013,normal,2887,0,1782358997.4975593,0.0016925334930419922
53014,normal,3422,0,1782358997.4999168,0.00235748291015625
53015,normal,2089,0,1782358997.5017564,0.0018396377563476562
53016,normal,1942,0,1782358997.5036068,0.0018503665924072266
53017,normal,276,0,1782358997.5058386,0.0022318363189697266
53018,normal,1204,0,1782358997.5076127,0.0017740726470947266
53019,normal,3301,1,1782358997.5095463,0.0019335746765136719
53020,normal,3693,0,1782358997.5117383,0.0021920204162597656
53021,normal,2226,0,1782358997.5137048,0.0019664764404296875
53022,normal,1578,0,1782358997.5155423,0.0018374919891357422
53023,normal,776,2,1782358997.517742,0.0021996498107910156
53024,normal,1802,0,1782358997.5196574,0.0019154548645019531
53025,normal,1312,0,1782358997.521538,0.001880645751953125
53026,normal,2853,0,1782358997.5237453,0.0022072792053222656
53027,normal,1125,0,1782358997.5257666,0.002021312713623047
53028,normal,1424,0,1782358997.5275142,0.0017476081848144531
53029,normal,3061,1,1782358997.5297482,0.0022339820861816406
53030,normal,2801,0,1782358997.5316536,0.0019054412841796875
53031,normal,2090,0,1782358997.533537,0.0018832683563232422
53032,normal,1813,0,1782358997.5357542,0.0022172927856445312
53033,normal,113,0,1782358997.5376027,0.001848459243774414
53034,normal,1144,0,1782358997.539517,0.0019142627716064453
53035,normal,2423,0,1782358997.5418522,0.0023353099822998047
53036,normal,540,0,1782358997.5436141,0.0017619132995605469
53037,normal,2361,0,1782358997.54571,0.002095937728881836
53038,normal,225,0,1782358997.5479147,0.0022046566009521484
53039,normal,1486,0,1782358997.5497577,0.0018429756164550781
53040,normal,972,2,1782358997.5516996,0.0019419193267822266
53041,normal,1345,1,1782358997.5539165,0.002216815948486328
53042,normal,666,0,1782358997.555759,0.001842498779296875
53043,normal,920,2,1782358997.557738,0.0019791126251220703
53044,normal,109,0,1782358997.5596986,0.0019605159759521484
53045,normal,565,0,1782358997.5617743,0.002075672149658203
53046,normal,262,0,1782358997.5637164,0.0019421577453613281
53047,normal,2365,0,1782358997.5657175,0.002001047134399414
53048,normal,2033,0,1782358997.5677624,0.0020449161529541016
53049,normal,492,0,1782358997.5697062,0.001943826675415039
53050,normal,2581,0,1782358997.5718956,0.0021893978118896484
53051,normal,1344,1,1782358997.5737226,0.0018270015716552734
53052,normal,2792,0,1782358997.5757089,0.001986265182495117
53053,normal,2064,0,1782358997.5778923,0.0021834373474121094
53054,normal,1086,0,1782358997.5797431,0.0018508434295654297
53055,normal,3018,0,1782358997.5817196,0.001976490020751953
53056,normal,884,2,1782358997.583898,0.0021784305572509766
53057,normal,41,0,1782358997.5857239,0.0018258094787597656
53058,normal,2409,0,1782358997.5877042,0.001980304718017578
53059,normal,3189,1,1782358997.589724,0.0020198822021484375
53060,normal,3555,0,1782358997.591709,0.001984834671020508
53061,normal,1244,0,1782358997.593704,0.001995086669921875
53062,normal,628,0,1782358997.5958982,0.0021941661834716797
53063,normal,3591,0,1782358997.5977166,0.0018184185028076172
53064,normal,2108,0,1782358997.5997055,0.0019888877868652344
53065,normal,2460,0,1782358997.601904,0.002198457717895508
53066,normal,2487,0,1782358997.6037211,0.0018172264099121094
53067,normal,1722,0,1782358997.6057556,0.002034425735473633
53068,normal,1832,0,1782358997.6075866,0.0018310546875
53069,normal,1552,0,1782358997.6098201,0.0022335052490234375
53070,normal,11,0,1782358997.611701,0.0018808841705322266
53071,normal,3317,1,1782358997.6137867,0.0020856857299804688
53072,normal,2341,0,1782358997.6158233,0.002036571502685547
53073,normal,406,0,1782358997.617597,0.001773834228515625
53074,normal,3293,1,1782358997.6197798,0.0021827220916748047
53075,normal,2541,0,1782358997.6217058,0.0019259452819824219
53076,normal,792,2,1782358997.6235416,0.0018358230590820312
53077,normal,214,0,1782358997.6257842,0.002242565155029297
53078,normal,287,0,1782358997.6276252,0.0018410682678222656
53079,normal,1190,0,1782358997.629542,0.0019168853759765625
53080,normal,231,0,1782358997.6317902,0.002248048782348633
53081,normal,1622,0,1782358997.633646,0.0018558502197265625
53082,normal,3063,1,1782358997.6355412,0.0018951892852783203
53083,normal,1403,0,1782358997.6378999,0.002358675003051758
53084,normal,1035,0,1782358997.6397507,0.0018508434295654297
53085,normal,2695,0,1782358997.641542,0.001791238784790039
53086,normal,1126,0,1782358997.6437397,0.002197742462158203
53087,normal,1109,0,1782358997.645647,0.0019073486328125
53088,normal,1467,0,1782358997.647543,0.001895904541015625
53089,normal,3286,1,1782358997.6497989,0.0022559165954589844
53090,normal,3500,0,1782358997.6518745,0.002075672149658203
53091,normal,75,0,1782358997.653783,0.0019085407257080078
53092,normal,1559,0,1782358997.65575,0.0019669532775878906
53093,normal,3632,0,1782358997.65776,0.002009868621826172
53094,normal,2467,0,1782358997.6597185,0.001958608627319336
53095,normal,2006,0,1782358997.661869,0.0021505355834960938
53096,normal,2159,0,1782358997.6635551,0.00168609619140625
53097,normal,3179,1,1782358997.665937,0.0023818016052246094
53098,normal,2950,0,1782358997.667754,0.0018169879913330078
53099,normal,1780,0,1782358997.6697574,0.0020034313201904297
53100,normal,1505,0,1782358997.6717134,0.0019559860229492188
53101,normal,1333,1,1782358997.6739235,0.0022101402282714844
53102,normal,1130,0,1782358997.6758316,0.0019080638885498047
53103,normal,1358,1,1782358997.6776938,0.0018622875213623047
53104,normal,3629,0,1782358997.6795352,0.0018413066864013672
53105,normal,176,0,1782358997.6815422,0.002007007598876953
53106,normal,2836,0,1782358997.6836042,0.002062082290649414
53107,normal,939,2,1782358997.6855445,0.0019402503967285156
53108,normal,3452,0,1782358997.68775,0.0022056102752685547
53109,normal,3054,1,1782358997.6895435,0.0017933845520019531
53110,normal,480,0,1782358997.6918285,0.002285003662109375
53111,normal,2311,0,1782358997.6935434,0.001714944839477539
53112,normal,67,0,1782358997.6955407,0.001997232437133789
53113,normal,2946,0,1782358997.6977377,0.0021970272064208984
53114,normal,581,0,1782358997.6995618,0.0018241405487060547
53115,normal,415,0,1782358997.701543,0.0019812583923339844
53116,normal,2202,0,1782358997.7037365,0.002193450927734375
53117,normal,3258,1,1782358997.7055428,0.0018062591552734375
53118,normal,2181,0,1782358997.7077436,0.0022008419036865234
53119,normal,2875,0,1782358997.7096217,0.0018780231475830078
53120,normal,2212,0,1782358997.7117457,0.0021240711212158203
53121,normal,862,2,1782358997.7135441,0.001798391342163086
53122,normal,1667,0,1782358997.7157388,0.002194643020629883
53123,normal,2516,0,1782358997.71763,0.0018911361694335938
53124,normal,1809,0,1782358997.7195463,0.0019164085388183594
53125,normal,242,0,1782358997.7218344,0.0022881031036376953
53126,normal,2637,0,1782358997.7237067,0.0018723011016845703
53127,normal,2519,0,1782358997.7255433,0.001836538314819336
53128,normal,1317,0,1782358997.7276282,0.002084970474243164
53129,normal,2185,0,1782358997.7297487,0.002120494842529297
53130,normal,357,0,1782358997.731544,0.0017952919006347656
53131,normal,1914,0,1782358997.7337673,0.0022232532501220703
53132,normal,2625,0,1782358997.73563,0.0018627643585205078
53133,normal,1645,0,1782358997.7376444,0.0020143985748291016
53134,normal,518,0,1782358997.7396348,0.0019903182983398438
53135,normal,272,0,1782358997.7417433,0.0021085739135742188
53136,normal,1642,0,1782358997.7435434,0.0018000602722167969
53137,normal,2468,0,1782358997.7457402,0.002196788787841797
53138,normal,1754,0,1782358997.7476363,0.0018961429595947266
53139,normal,3675,0,1782358997.7495408,0.0019044876098632812
53140,normal,166,0,1782358997.7517424,0.002201557159423828
53141,normal,690,0,1782358997.7536466,0.0019042491912841797
53142,normal,1632,0,1782358997.755545,0.0018982887268066406
53143,normal,2091,0,1782358997.7577496,0.0022046566009521484
53144,normal,488,0,1782358997.7596278,0.0018782615661621094
53145,normal,2896,0,1782358997.7615328,0.0019049644470214844
53146,normal,252,0,1782358997.7637472,0.0022144317626953125
53147,normal,1704,0,1782358997.7656374,0.0018901824951171875
53148,normal,1107,0,1782358997.7675428,0.0019054412841796875
53149,normal,1521,0,1782358997.7697484,0.0022056102752685547
53150,normal,2803,0,1782358997.7716222,0.0018737316131591797
53151,normal,1770,0,1782358997.7735426,0.001920461654663086
53152,normal,1531,0,1782358997.7757492,0.002206563949584961
53153,normal,1640,0,1782358997.777714,0.0019648075103759766
53154,normal,673,0,1782358997.7795434,0.001829385757446289
53155,normal,421,0,1782358997.781752,0.002208709716796875
53156,normal,3521,0,1782358997.783632,0.0018799304962158203
53157,normal,1270,0,1782358997.7855422,0.0019102096557617188
53158,normal,2974,0,1782358997.7877579,0.0022156238555908203
53159,normal,1061,0,1782358997.7896442,0.0018863677978515625
53160,normal,2228,0,1782358997.7915432,0.0018990039825439453
53161,normal,1527,0,1782358997.7937596,0.002216339111328125
53162,normal,1763,0,1782358997.795628,0.0018684864044189453
53163,normal,3316,1,1782358997.7975414,0.001913309097290039
53164,normal,3157,1,1782358997.7997596,0.0022182464599609375
53165,normal,1881,0,1782358997.8016388,0.0018792152404785156
53166,normal,1394,0,1782358997.8036125,0.0019736289978027344
53167,normal,1232,0,1782358997.8057666,0.002154111862182617
53168,normal,1059,0,1782358997.8076425,0.0018758773803710938
53169,normal,910,2,1782358997.8095434,0.0019009113311767578
53170,normal,318,0,1782358997.8117645,0.0022211074829101562
53171,normal,62,0,1782358997.8136256,0.0018610954284667969
53172,normal,3000,0,1782358997.8155797,0.0019540786743164062
53173,normal,3243,1,1782358997.8177671,0.002187490463256836
53174,normal,1397,0,1782358997.8196557,0.0018885135650634766
53175,normal,2039,0,1782358997.821545,0.0018892288208007812
53176,normal,2130,0,1782358997.8237727,0.002227783203125
53177,normal,3248,1,1782358997.8256197,0.0018470287322998047
53178,normal,124,0,1782358997.8275406,0.001920938491821289
53179,normal,1167,0,1782358997.8299005,0.0023598670959472656
53180,normal,162,0,1782358997.8315573,0.0016567707061767578
53181,normal,997,2,1782358997.8335354,0.001978158950805664
53182,normal,2014,0,1782358997.8357255,0.002190113067626953
53183,normal,3665,0,1782358997.837564,0.0018384456634521484
53184,normal,3160,1,1782358997.8395445,0.0019805431365966797
53185,normal,1166,0,1782358997.8419242,0.0023796558380126953
53186,normal,1169,0,1782358997.8435614,0.0016372203826904297
53187,normal,2149,0,1782358997.8458824,0.002321004867553711
53188,normal,2737,0,1782358997.8477337,0.0018513202667236328
53189,normal,2201,0,1782358997.8497128,0.0019791126251220703
53190,normal,832,2,1782358997.8517268,0.0020139217376708984
53191,normal,2480,0,1782358997.8538983,0.0021715164184570312
53192,normal,561,0,1782358997.8557682,0.0018699169158935547
53193,normal,2036,0,1782358997.857713,0.0019447803497314453
53194,normal,2607,0,1782358997.859892,0.0021789073944091797
53195,normal,1530,0,1782358997.8617895,0.001897573471069336
53196,normal,1794,0,1782358997.8637066,0.001917123794555664
53197,normal,953,2,1782358997.865898,0.002191305160522461
53198,normal,1952,0,1782358997.8677669,0.0018689632415771484
53199,normal,17,0,1782358997.869708,0.0019412040710449219
53200,normal,496,0,1782358997.8719013,0.0021932125091552734
53201,normal,1032,0,1782358997.8736823,0.0017809867858886719
53202,normal,2270,0,1782358997.8757064,0.0020241737365722656
53203,normal,1181,0,1782358997.8779037,0.002197265625
53204,normal,814,2,1782358997.879769,0.001865386962890625
53205,normal,3358,1,1782358997.8817103,0.0019412040710449219
53206,normal,39,0,1782358997.8839014,0.0021910667419433594
53207,normal,2245,0,1782358997.885753,0.0018515586853027344
53208,normal,2377,0,1782358997.887709,0.0019559860229492188
53209,normal,3588,0,1782358997.889911,0.0022020339965820312
53210,normal,2806,0,1782358997.8917649,0.00185394287109375
53211,normal,2029,0,1782358997.893726,0.001961231231689453
53212,normal,3109,1,1782358997.8957543,0.002028226852416992
53213,normal,1519,0,1782358997.8977518,0.0019974708557128906
53214,normal,3092,1,1782358997.8997076,0.001955747604370117
53215,normal,2404,0,1782358997.9019127,0.0022051334381103516
53216,normal,266,0,1782358997.9037654,0.0018527507781982422
53217,normal,1887,0,1782358997.9057026,0.0019371509552001953
53218,normal,2071,0,1782358997.907919,0.002216339111328125
53219,normal,2813,0,1782358997.9096231,0.0017042160034179688
53220,normal,3496,0,1782358997.9117064,0.002083301544189453
53221,normal,3609,0,1782358997.9139113,0.00220489501953125
53222,normal,2372,0,1782358997.9155962,0.0016849040985107422
53223,normal,1046,0,1782358997.9177089,0.0021126270294189453
53224,normal,2502,0,1782358997.9199345,0.002225637435913086
53225,normal,3334,1,1782358997.9215832,0.0016486644744873047
53226,normal,1458,0,1782358997.9238834,0.002300262451171875
53227,normal,169,0,1782358997.9257665,0.0018830299377441406
53228,normal,796,2,1782358997.927763,0.0019965171813964844
53229,normal,2657,0,1782358997.9297037,0.0019407272338867188
53230,normal,53,0,1782358997.9318216,0.0021178722381591797
53231,normal,1202,0,1782358997.933877,0.0020554065704345703
53232,normal,3158,1,1782358997.9355593,0.001682281494140625
53233,normal,2385,0,1782358997.9379263,0.0023670196533203125
53234,normal,1468,0,1782358997.9397597,0.0018334388732910156
53235,normal,386,0,1782358997.9417067,0.0019469261169433594
53236,normal,2257,0,1782358997.9439206,0.0022139549255371094
53237,normal,3249,1,1782358997.9457703,0.0018496513366699219
53238,normal,424,0,1782358997.9477043,0.001934051513671875
53239,normal,3068,1,1782358997.9499266,0.002222299575805664
53240,normal,3688,0,1782358997.9515975,0.00167083740234375
53241,normal,2491,0,1782358997.9539034,0.0023059844970703125
53242,normal,2140,0,1782358997.9557781,0.001874685287475586
53243,normal,1535,0,1782358997.9577682,0.001990079879760742
53244,normal,1500,0,1782358997.959707,0.0019388198852539062
53245,normal,906,2,1782358997.9619563,0.0022492408752441406
53246,normal,861,2,1782358997.9636443,0.0016880035400390625
53247,normal,3704,0,1782358997.9657645,0.0021202564239501953
53248,normal,1315,0,1782358997.9677763,0.0020117759704589844
53249,normal,2434,0,1782358997.969711,0.0019347667694091797
53250,normal,1281,0,1782358997.97172,0.0020089149475097656
53251,normal,3313,1,1782358997.9737785,0.0020585060119628906
53252,normal,1678,0,1782358997.97554,0.0017614364624023438
53253,normal,316,0,1782358997.9779084,0.002368450164794922
53254,normal,2851,0,1782358997.9797502,0.0018417835235595703
53255,normal,3088,1,1782358997.9815547,0.0018045902252197266
53256,normal,3517,0,1782358997.983713,0.0021581649780273438
53257,normal,3105,1,1782358997.985749,0.0020360946655273438
53258,normal,2248,0,1782358997.9875546,0.0018055438995361328
53259,normal,1506,0,1782358997.9897115,0.002156972885131836
53260,normal,655,0,1782358997.9917471,0.0020356178283691406
53261,normal,12,0,1782358997.9935534,0.0018062591552734375
53262,normal,3331,1,1782358997.9957035,0.0021500587463378906
53263,normal,167,0,1782358997.9977517,0.0020482540130615234
53264,normal,992,2,1782358997.9995534,0.0018017292022705078
53265,normal,3015,0,1782358998.0017083,0.002154827117919922
53266,normal,1149,0,1782358998.003752,0.0020437240600585938
53267,normal,2114,0,1782358998.00557,0.001817941665649414
53268,normal,2889,0,1782358998.0077167,0.0021467208862304688
53269,normal,1806,0,1782358998.0097597,0.002043008804321289
53270,normal,1684,0,1782358998.0115666,0.0018069744110107422
53271,normal,2764,0,1782358998.0137033,0.002136707305908203
53272,normal,1789,0,1782358998.0157588,0.0020554065704345703
53273,normal,3499,0,1782358998.0175536,0.0017948150634765625
53274,normal,82,0,1782358998.01971,0.002156496047973633
53275,normal,2999,0,1782358998.0217643,0.0020542144775390625
53276,normal,2810,0,1782358998.0235505,0.0017862319946289062
53277,normal,1525,0,1782358998.0257099,0.0021593570709228516
53278,normal,2167,0,1782358998.0277026,0.0019927024841308594
53279,normal,2767,0,1782358998.0295544,0.001851797103881836
53280,normal,2144,0,1782358998.031719,0.002164602279663086
53281,normal,1644,0,1782358998.0336578,0.0019388198852539062
53282,normal,2495,0,1782358998.0355537,0.001895904541015625
53283,normal,2268,0,1782358998.0377128,0.00215911865234375
53284,normal,2848,0,1782358998.039653,0.0019402503967285156
53285,normal,3491,0,1782358998.041557,0.0019040107727050781
53286,normal,520,0,1782358998.043715,0.002157926559448242
53287,normal,2515,0,1782358998.0456514,0.0019364356994628906
53288,normal,1240,0,1782358998.0475643,0.001912832260131836
53289,normal,2508,0,1782358998.0497239,0.002159595489501953
53290,normal,202,0,1782358998.0516589,0.0019350051879882812
53291,normal,1690,0,1782358998.053572,0.0019130706787109375
53292,normal,934,2,1782358998.055736,0.002164125442504883
53293,normal,3483,0,1782358998.0576558,0.0019197463989257812
53294,normal,3388,1,1782358998.0595515,0.0018956661224365234
53295,normal,251,0,1782358998.0616553,0.0021038055419921875
53296,normal,2663,0,1782358998.0637064,0.002051115036010742
53297,normal,773,2,1782358998.0655468,0.001840353012084961
53298,normal,1055,0,1782358998.0677116,0.0021648406982421875
53299,normal,2551,0,1782358998.069682,0.0019702911376953125
53300,normal,1025,2,1782358998.071552,0.0018701553344726562
53301,normal,1138,0,1782358998.0737243,0.002172231674194336
53302,normal,1898,0,1782358998.0755477,0.00182342529296875
53303,normal,2962,0,1782358998.0777173,0.0021696090698242188
53304,normal,370,0,1782358998.0795276,0.001810312271118164
53305,normal,2155,0,1782358998.0817297,0.0022020339965820312
53306,normal,1677,0,1782358998.0835524,0.0018227100372314453
53307,normal,3690,0,1782358998.0857067,0.0021543502807617188
53308,normal,384,0,1782358998.0876923,0.0019855499267578125
53309,normal,3246,1,1782358998.0895565,0.0018641948699951172
53310,normal,1956,0,1782358998.0917099,0.0021533966064453125
53311,normal,3297,1,1782358998.0938032,0.0020933151245117188
53312,normal,1845,0,1782358998.095879,0.0020759105682373047
53313,normal,3382,1,1782358998.097555,0.0016758441925048828
53314,normal,477,0,1782358998.0999138,0.0023589134216308594
53315,normal,1714,0,1782358998.1016455,0.0017316341400146484
53316,normal,3659,0,1782358998.1037362,0.0020906925201416016
53317,normal,1497,0,1782358998.105733,0.001996755599975586
53318,normal,429,0,1782358998.1078722,0.0021393299102783203
53319,normal,2763,0,1782358998.109527,0.0016548633575439453
53320,normal,3307,1,1782358998.111657,0.002129793167114258
53321,normal,2401,0,1782358998.1135173,0.0018603801727294922
53322,normal,3616,0,1782358998.1157234,0.002206087112426758
53323,normal,2648,0,1782358998.1174772,0.0017538070678710938
53324,normal,1392,0,1782358998.1197731,0.002295970916748047
53325,normal,2264,0,1782358998.1215467,0.0017735958099365234
53326,normal,1018,2,1782358998.123708,0.002161264419555664
53327,normal,1605,0,1782358998.125562,0.00185394287109375
53328,normal,2448,0,1782358998.1275113,0.001949310302734375
53329,normal,601,0,1782358998.1295996,0.002088308334350586
53330,normal,1245,0,1782358998.1316023,0.002002716064453125
53331,normal,1576,0,1782358998.1335106,0.0019083023071289062
53332,normal,935,2,1782358998.1355793,0.002068758010864258
53333,normal,2158,0,1782358998.1376102,0.0020308494567871094
53334,normal,2932,0,1782358998.1395082,0.001898050308227539
53335,normal,359,0,1782358998.1415038,0.001995563507080078
53336,normal,3121,1,1782358998.1436136,0.0021097660064697266
53337,normal,96,0,1782358998.145508,0.0018944740295410156
53338,normal,2628,0,1782358998.1475081,0.002000093460083008
53339,normal,732,0,1782358998.149608,0.002099752426147461
53340,normal,2862,0,1782358998.1515074,0.0018994808197021484
53341,normal,2132,0,1782358998.1535113,0.002003908157348633
53342,normal,3602,0,1782358998.1556106,0.002099275588989258
53343,normal,270,0,1782358998.1575081,0.001897573471069336
53344,normal,513,0,1782358998.1595132,0.0020051002502441406
53345,normal,537,0,1782358998.1616075,0.002094268798828125
53346,normal,1339,1,1782358998.1635077,0.0019001960754394531
53347,normal,1258,0,1782358998.1655145,0.0020067691802978516
53348,normal,3304,1,1782358998.1676114,0.002096891403198242
53349,normal,2251,0,1782358998.1695075,0.0018961429595947266
53350,normal,2610,0,1782358998.17152,0.002012491226196289
53351,normal,170,0,1782358998.1736088,0.002088785171508789
53352,normal,3564,0,1782358998.1755128,0.0019040107727050781
53353,normal,3529,0,1782358998.1775174,0.0020046234130859375
53354,normal,1069,0,1782358998.1795907,0.0020732879638671875
53355,normal,846,2,1782358998.1815073,0.001916646957397461
53356,normal,1303,0,1782358998.183525,0.0020177364349365234
53357,normal,3102,1,1782358998.1856108,0.0020856857299804688
53358,normal,1182,0,1782358998.1875043,0.0018935203552246094
53359,normal,1065,0,1782358998.1895263,0.0020220279693603516
53360,normal,2037,0,1782358998.19161,0.0020837783813476562
53361,normal,3221,1,1782358998.1935067,0.0018966197967529297
53362,normal,1048,0,1782358998.1955254,0.0020186901092529297
53363,normal,383,0,1782358998.1975944,0.0020689964294433594
53364,normal,2634,0,1782358998.1995049,0.0019104480743408203
53365,normal,2374,0,1782358998.201529,0.0020241737365722656
53366,normal,3620,0,1782358998.2037354,0.0022063255310058594
53367,normal,2655,0,1782358998.2055132,0.0017778873443603516
53368,normal,2700,0,1782358998.2074845,0.0019712448120117188
53369,normal,355,0,1782358998.209476,0.0019915103912353516
53370,normal,1774,0,1782358998.2116063,0.002130270004272461
53371,normal,3685,0,1782358998.2134748,0.0018684864044189453
53372,normal,1536,0,1782358998.2156045,0.002129793167114258
53373,normal,3194,1,1782358998.2174764,0.0018718242645263672
53374,normal,1151,0,1782358998.2196052,0.0021288394927978516
53375,normal,648,0,1782358998.2214763,0.0018711090087890625
53376,normal,1359,1,1782358998.2236059,0.0021295547485351562
53377,normal,2936,0,1782358998.2254748,0.0018689632415771484
53378,normal,1548,0,1782358998.227585,0.0021102428436279297
53379,normal,2711,0,1782358998.2294729,0.0018877983093261719
53380,normal,104,0,1782358998.2316024,0.0021295547485351562
53381,normal,1260,0,1782358998.233485,0.0018825531005859375
53382,normal,2357,0,1782358998.235604,0.0021190643310546875
53383,normal,677,0,1782358998.2374742,0.0018701553344726562
53384,normal,1198,0,1782358998.23958,0.002105712890625
53385,normal,2503,0,1782358998.2414737,0.001893758773803711
53386,normal,2494,0,1782358998.2435987,0.0021250247955322266
53387,normal,30,0,1782358998.2454867,0.0018880367279052734
53388,normal,2455,0,1782358998.2476056,0.002118825912475586
53389,normal,1380,1,1782358998.2494748,0.00186920166015625
53390,normal,192,0,1782358998.2515829,0.0021080970764160156
53391,normal,3566,0,1782358998.2534764,0.0018935203552246094
53392,normal,2786,0,1782358998.2555068,0.0020303726196289062
53393,normal,2322,0,1782358998.2575824,0.002075672149658203
53394,normal,2274,0,1782358998.2594736,0.0018911361694335938
53395,normal,3654,0,1782358998.2615058,0.0020322799682617188
53396,normal,3021,0,1782358998.2635257,0.0020198822021484375
53397,normal,1688,0,1782358998.2654865,0.00196075439453125
53398,normal,203,0,1782358998.267511,0.002024412155151367
53399,normal,3585,0,1782358998.2695358,0.0020248889923095703
53400,normal,1410,0,1782358998.2714744,0.0019385814666748047
53401,normal,620,0,1782358998.2735605,0.002086162567138672
53402,normal,286,0,1782358998.2755291,0.0019686222076416016
53403,normal,3178,1,1782358998.277509,0.001979827880859375
53404,normal,2615,0,1782358998.2794738,0.0019648075103759766
53405,normal,1104,0,1782358998.2815144,0.0020406246185302734
53406,normal,1868,0,1782358998.2834768,0.001962423324584961
53407,normal,1074,0,1782358998.2855074,0.002030611038208008
53408,normal,2992,0,1782358998.2875044,0.0019969940185546875
53409,normal,2249,0,1782358998.2895079,0.0020034313201904297
53410,normal,3087,1,1782358998.2914774,0.001969575881958008
53411,normal,1274,0,1782358998.2935216,0.002044200897216797
53412,normal,1825,0,1782358998.295506,0.0019843578338623047
53413,normal,3546,0,1782358998.2974749,0.001968860626220703
53414,normal,182,0,1782358998.2995079,0.0020329952239990234
53415,normal,637,0,1782358998.3015084,0.002000570297241211
53416,normal,3341,1,1782358998.3034728,0.0019643306732177734
53417,normal,2596,0,1782358998.3055098,0.00203704833984375
53418,normal,1122,0,1782358998.3075047,0.0019948482513427734
53419,normal,764,0,1782358998.3094752,0.001970529556274414
53420,normal,1579,0,1782358998.311602,0.002126932144165039
53421,normal,833,2,1782358998.3134766,0.0018744468688964844
53422,normal,132,0,1782358998.3155057,0.0020291805267333984
53423,normal,3617,0,1782358998.317508,0.002002239227294922
53424,normal,329,0,1782358998.3196054,0.0020973682403564453
53425,normal,2176,0,1782358998.3214736,0.0018682479858398438
53426,normal,2882,0,1782358998.323589,0.002115488052368164
53427,normal,3201,1,1782358998.325475,0.0018858909606933594
53428,normal,1992,0,1782358998.3275056,0.002030611038208008
53429,normal,1409,0,1782358998.3295913,0.0020856857299804688
53430,normal,2832,0,1782358998.3314784,0.0018870830535888672
53431,normal,730,0,1782358998.333508,0.0020296573638916016
53432,normal,2474,0,1782358998.3355074,0.001999378204345703
53433,normal,976,2,1782358998.337509,0.002001523971557617
53434,normal,2702,0,1782358998.339473,0.001964092254638672
53435,normal,2318,0,1782358998.341508,0.002034902572631836
53436,normal,2672,0,1782358998.3436024,0.0020945072174072266
53437,normal,683,0,1782358998.3454742,0.0018718242645263672
53438,normal,714,0,1782358998.3475826,0.002108335494995117
53439,normal,777,2,1782358998.3498583,0.002275705337524414
53440,normal,1945,0,1782358998.3515668,0.0017085075378417969
53441,normal,2436,0,1782358998.3538206,0.0022537708282470703
53442,normal,2576,0,1782358998.3557017,0.0018811225891113281
53443,normal,3380,1,1782358998.3577945,0.0020928382873535156
53444,normal,3222,1,1782358998.3598225,0.0020279884338378906
53445,normal,914,2,1782358998.3616,0.0017774105072021484
53446,normal,2471,0,1782358998.3637936,0.0021936893463134766
53447,normal,639,0,1782358998.3655272,0.001733541488647461
53448,normal,2953,0,1782358998.36766,0.002132892608642578
53449,normal,404,0,1782358998.3695972,0.0019371509552001953
53450,normal,1037,0,1782358998.3717082,0.0021109580993652344
53451,normal,3123,1,1782358998.3735054,0.0017971992492675781
53452,normal,2330,0,1782358998.3757226,0.0022172927856445312
53453,normal,3608,0,1782358998.377551,0.0018284320831298828
53454,normal,661,0,1782358998.379512,0.0019609928131103516
53455,normal,917,2,1782358998.3815258,0.002013683319091797
53456,normal,66,0,1782358998.3837085,0.0021827220916748047
53457,normal,2154,0,1782358998.3855062,0.0017976760864257812
53458,normal,2955,0,1782358998.387705,0.002198934555053711
53459,normal,1461,0,1782358998.3895338,0.0018286705017089844
53460,normal,2681,0,1782358998.3915062,0.0019724369049072266
53461,normal,834,2,1782358998.3937185,0.0022122859954833984
53462,normal,3482,0,1782358998.395521,0.0018024444580078125
53463,normal,3474,0,1782358998.3976607,0.0021398067474365234
53464,normal,2234,0,1782358998.399511,0.0018503665924072266
53465,normal,656,0,1782358998.401718,0.0022068023681640625
53466,normal,621,0,1782358998.4035063,0.0017883777618408203
53467,normal,2811,0,1782358998.4059358,0.002429485321044922
53468,normal,1451,0,1782358998.4077563,0.0018205642700195312
53469,normal,779,2,1782358998.409698,0.001941680908203125
53470,normal,1985,0,1782358998.41183,0.002131938934326172
53471,normal,1893,0,1782358998.4138472,0.0020172595977783203
53472,normal,1733,0,1782358998.4157033,0.001856088638305664
53473,normal,1320,1,1782358998.4177246,0.002021312713623047
53474,normal,1178,0,1782358998.4195852,0.0018606185913085938
53475,normal,2524,0,1782358998.4215395,0.001954317092895508
53476,normal,1146,0,1782358998.4237225,0.0021829605102539062
53477,normal,1256,0,1782358998.4255056,0.001783132553100586
53478,normal,1184,0,1782358998.4277074,0.0022017955780029297
53479,normal,2584,0,1782358998.4295232,0.0018157958984375
53480,normal,2458,0,1782358998.4317122,0.0021889209747314453
53481,normal,2755,0,1782358998.433507,0.0017948150634765625
53482,normal,411,0,1782358998.4357293,0.002222299575805664
53483,normal,2312,0,1782358998.437527,0.0017976760864257812
53484,normal,1662,0,1782358998.4397113,0.0021843910217285156
53485,normal,2933,0,1782358998.441529,0.0018177032470703125
53486,normal,3138,1,1782358998.4437106,0.002181529998779297
53487,normal,2727,0,1782358998.4455075,0.0017969608306884766
53488,normal,1300,0,1782358998.447734,0.002226591110229492
53489,normal,2671,0,1782358998.4495232,0.001789093017578125
53490,normal,417,0,1782358998.4516587,0.0021355152130126953
53491,normal,521,0,1782358998.4535458,0.0018870830535888672
53492,normal,786,2,1782358998.4557252,0.002179384231567383
53493,normal,1119,0,1782358998.457509,0.0017838478088378906
53494,normal,1638,0,1782358998.4597402,0.002231121063232422
53495,normal,2838,0,1782358998.4615312,0.0017910003662109375
53496,normal,1516,0,1782358998.463507,0.0019757747650146484
53497,normal,806,2,1782358998.4659157,0.002408742904663086
53498,normal,2566,0,1782358998.4677575,0.0018417835235595703
53499,normal,882,2,1782358998.469694,0.0019364356994628906
53500,normal,2750,0,1782358998.4716482,0.001954317092895508
53501,normal,1375,1,1782358998.4738777,0.002229452133178711
53502,normal,1837,0,1782358998.4755545,0.001676797866821289
53503,normal,1995,0,1782358998.4777474,0.002192974090576172
53504,normal,3493,0,1782358998.4796197,0.0018723011016845703
53505,normal,2340,0,1782358998.481539,0.0019192695617675781
53506,normal,3370,1,1782358998.4837503,0.002211332321166992
53507,normal,1371,1,1782358998.4855292,0.0017788410186767578
53508,normal,1442,0,1782358998.4875126,0.0019834041595458984
53509,normal,2500,0,1782358998.4897509,0.0022382736206054688
53510,normal,3211,1,1782358998.491528,0.0017771720886230469
53511,normal,1936,0,1782358998.4935286,0.002000570297241211
53512,normal,1556,0,1782358998.4957566,0.0022280216217041016
53513,normal,2913,0,1782358998.4975352,0.0017786026000976562
53514,normal,3512,0,1782358998.499506,0.0019707679748535156
53515,normal,3125,1,1782358998.501758,0.0022521018981933594
53516,normal,2704,0,1782358998.5035315,0.0017733573913574219
53517,normal,717,0,1782358998.505507,0.001975536346435547
53518,normal,2742,0,1782358998.5077603,0.002253293991088867
53519,normal,3210,1,1782358998.50953,0.0017697811126708984
53520,normal,291,0,1782358998.5115058,0.0019757747650146484
53521,normal,1180,0,1782358998.5137641,0.00225830078125
53522,normal,2961,0,1782358998.5155308,0.0017666816711425781
53523,normal,1290,0,1782358998.5175126,0.0019817352294921875
53524,normal,1951,0,1782358998.519764,0.0022513866424560547
53525,normal,3676,0,1782358998.521538,0.0017740726470947266
53526,normal,921,2,1782358998.5235062,0.0019681453704833984
53527,normal,2745,0,1782358998.525768,0.0022618770599365234
53528,normal,2860,0,1782358998.5275357,0.0017676353454589844
53529,normal,2195,0,1782358998.529506,0.0019702911376953125
53530,normal,761,0,1782358998.5317857,0.0022797584533691406
53531,normal,280,0,1782358998.5335078,0.001722097396850586
53532,normal,836,2,1782358998.5356615,0.002153635025024414
53533,normal,3550,0,1782358998.537569,0.0019075870513916016
53534,normal,907,2,1782358998.539711,0.0021419525146484375
53535,normal,627,0,1782358998.541504,0.00179290771484375
53536,normal,2222,0,1782358998.543712,0.0022079944610595703
53537,normal,1127,0,1782358998.5456152,0.0019032955169677734
53538,normal,1379,1,1782358998.5475452,0.0019299983978271484
53539,normal,2317,0,1782358998.5497758,0.0022306442260742188
53540,normal,721,0,1782358998.5515428,0.0017669200897216797
53541,normal,1624,0,1782358998.553508,0.0019652843475341797
53542,normal,3315,1,1782358998.555728,0.0022199153900146484
53543,normal,3295,1,1782358998.55756,0.0018320083618164062
53544,normal,3303,1,1782358998.5595088,0.0019488334655761719
53545,normal,3163,1,1782358998.5617802,0.002271413803100586
53546,normal,1474,0,1782358998.5636225,0.0018422603607177734
53547,normal,3557,0,1782358998.5655107,0.001888275146484375
53548,normal,2017,0,1782358998.567782,0.0022711753845214844
53549,normal,3336,1,1782358998.5695388,0.001756906509399414
53550,normal,1890,0,1782358998.5715067,0.001967906951904297
53551,normal,526,0,1782358998.5737844,0.0022776126861572266
53552,normal,1981,0,1782358998.5755253,0.0017409324645996094
53553,normal,3225,1,1782358998.5775084,0.001983165740966797
53554,normal,2608,0,1782358998.5797865,0.0022780895233154297
53555,normal,440,0,1782358998.5818453,0.002058744430541992
53556,normal,1673,0,1782358998.5835679,0.001722574234008789
53557,normal,2728,0,1782358998.5858986,0.002330780029296875
53558,normal,372,0,1782358998.5878336,0.0019350051879882812
53559,normal,3193,1,1782358998.5896957,0.0018620491027832031
53560,normal,1159,0,1782358998.5917842,0.0020885467529296875
53561,normal,3099,1,1782358998.593505,0.0017206668853759766
53562,normal,2349,0,1782358998.5957549,0.0022499561309814453
53563,normal,3695,0,1782358998.597593,0.0018382072448730469
53564,normal,536,0,1782358998.599631,0.0020380020141601562
53565,normal,1200,0,1782358998.6015143,0.0018832683563232422
53566,normal,2305,0,1782358998.603792,0.0022776126861572266
53567,normal,3459,0,1782358998.605509,0.0017170906066894531
53568,normal,311,0,1782358998.6075048,0.0019958019256591797
53569,normal,1778,0,1782358998.6097958,0.002290964126586914
53570,normal,587,0,1782358998.6115239,0.001728057861328125
53571,normal,1878,0,1782358998.613704,0.0021800994873046875
53572,normal,3692,0,1782358998.6156003,0.0018963813781738281
53573,normal,3371,1,1782358998.6177087,0.002108335494995117
53574,normal,2976,0,1782358998.6195061,0.0017974376678466797
53575,normal,3129,1,1782358998.621705,0.002198934555053711
53576,normal,3343,1,1782358998.6235166,0.0018115043640136719
53577,normal,1584,0,1782358998.6256595,0.0021429061889648438
53578,normal,399,0,1782358998.627507,0.0018475055694580078
53579,normal,3212,1,1782358998.6297088,0.0022017955780029297
53580,normal,3462,0,1782358998.631506,0.0017971992492675781
53581,normal,319,0,1782358998.6337104,0.002204418182373047
53582,normal,1175,0,1782358998.6355357,0.0018253326416015625
53583,normal,1986,0,1782358998.6376595,0.0021238327026367188
53584,normal,1439,0,1782358998.6395128,0.0018532276153564453
53585,normal,3026,0,1782358998.6417098,0.0021970272064208984
53586,normal,93,0,1782358998.6435058,0.0017960071563720703
53587,normal,2113,0,1782358998.645717,0.0022110939025878906
53588,normal,3508,0,1782358998.6475127,0.0017957687377929688
53589,normal,754,0,1782358998.6496594,0.0021467208862304688
53590,normal,816,2,1782358998.6515222,0.0018627643585205078
53591,normal,595,0,1782358998.6537235,0.0022013187408447266
53592,normal,3022,0,1782358998.6555092,0.0017857551574707031
53593,normal,1663,0,1782358998.6577272,0.002218008041381836
53594,normal,2586,0,1782358998.6595206,0.0017933845520019531
53595,normal,2120,0,1782358998.66166,0.0021393299102783203
53596,normal,1351,1,1782358998.6635227,0.0018627643585205078
53597,normal,3124,1,1782358998.665753,0.0022301673889160156
53598,normal,3395,1,1782358998.6675117,0.0017588138580322266
53599,normal,2182,0,1782358998.6697278,0.0022161006927490234
53600,normal,2562,0,1782358998.671506,0.0017781257629394531
53601,normal,2705,0,1782358998.6737096,0.002203702926635742
53602,normal,2125,0,1782358998.6755276,0.001817941665649414
53603,normal,2402,0,1782358998.6777136,0.0021860599517822266
53604,normal,3453,0,1782358998.679506,0.0017924308776855469
53605,normal,911,2,1782358998.6817331,0.0022270679473876953
53606,normal,55,0,1782358998.6835177,0.0017845630645751953
53607,normal,1537,0,1782358998.6857088,0.0021910667419433594
53608,normal,102,0,1782358998.6875322,0.00182342529296875
53609,normal,3440,0,1782358998.6897085,0.0021762847900390625
53610,normal,343,0,1782358998.6915112,0.001802682876586914
53611,normal,1413,0,1782358998.6937366,0.0022253990173339844
53612,normal,152,0,1782358998.6955056,0.0017690658569335938
53613,normal,2478,0,1782358998.697658,0.0021524429321289062
53614,normal,3689,0,1782358998.6995378,0.0018796920776367188
53615,normal,916,2,1782358998.7017126,0.002174854278564453
53616,normal,1601,0,1782358998.7035062,0.0017936229705810547
53617,normal,3197,1,1782358998.7057414,0.0022351741790771484
53618,normal,1533,0,1782358998.7075095,0.0017681121826171875
53619,normal,3425,0,1782358998.70971,0.0022003650665283203
53620,normal,2922,0,1782358998.7115428,0.0018329620361328125
53621,normal,519,0,1782358998.7137196,0.0021767616271972656
53622,normal,1895,0,1782358998.7155063,0.0017867088317871094
53623,normal,1139,0,1782358998.717748,0.0022416114807128906
53624,normal,2050,0,1782358998.7195096,0.0017616748809814453
53625,normal,612,0,1782358998.7216597,0.0021500587463378906
53626,normal,1295,0,1782358998.7235465,0.0018868446350097656
53627,normal,2713,0,1782358998.725707,0.0021605491638183594
53628,normal,2493,0,1782358998.727505,0.0017979145050048828
53629,normal,1931,0,1782358998.7297525,0.0022475719451904297
53630,normal,3360,1,1782358998.7315123,0.0017597675323486328
53631,normal,1098,0,1782358998.7337122,0.002199888229370117
53632,normal,294,0,1782358998.7355523,0.0018401145935058594
53633,normal,2204,0,1782358998.737709,0.0021567344665527344
53634,normal,1863,0,1782358998.7395046,0.0017955303192138672
53635,normal,71,0,1782358998.7417572,0.0022525787353515625
53636,normal,3373,1,1782358998.7435336,0.0017764568328857422
53637,normal,743,0,1782358998.7455041,0.001970529556274414
53638,normal,778,2,1782358998.7477617,0.0022575855255126953
53639,normal,1264,0,1782358998.749514,0.0017523765563964844
53640,normal,2895,0,1782358998.7517092,0.002195119857788086
53641,normal,3144,1,1782358998.7535589,0.0018496513366699219
53642,normal,2694,0,1782358998.7557113,0.0021524429321289062
53643,normal,3708,0,1782358998.7575045,0.0017931461334228516
53644,normal,631,0,1782358998.7597697,0.0022652149200439453
53645,normal,364,0,1782358998.7615104,0.0017406940460205078
53646,normal,263,0,1782358998.763661,0.0021505355834960938
53647,normal,2440,0,1782358998.7655103,0.0018494129180908203
53648,normal,268,0,1782358998.7675161,0.0020058155059814453
53649,normal,2716,0,1782358998.769505,0.0019888877868652344
53650,normal,604,0,1782358998.7717714,0.002266407012939453
53651,normal,3319,1,1782358998.773515,0.0017435550689697266
53652,normal,657,0,1782358998.7756603,0.0021452903747558594
53653,normal,277,0,1782358998.7775693,0.001909017562866211
53654,normal,830,2,1782358998.7797139,0.0021445751190185547
53655,normal,1815,0,1782358998.7815042,0.0017902851104736328
53656,normal,3051,1,1782358998.783772,0.0022678375244140625
53657,normal,2919,0,1782358998.7855268,0.0017547607421875
53658,normal,3646,0,1782358998.7875056,0.0019788742065429688
53659,normal,3633,0,1782358998.7897754,0.002269744873046875
53660,normal,954,2,1782358998.7915337,0.0017583370208740234
53661,normal,3329,1,1782358998.7935045,0.0019707679748535156
53662,normal,2047,0,1782358998.7957783,0.0022737979888916016
53663,normal,3330,1,1782358998.7975192,0.0017409324645996094
53664,normal,3078,1,1782358998.7996612,0.0021419525146484375
53665,normal,3275,1,1782358998.8015792,0.0019180774688720703
53666,normal,805,2,1782358998.803709,0.002129793167114258
53667,normal,2547,0,1782358998.8055024,0.0017933845520019531
53668,normal,680,0,1782358998.8077946,0.002292156219482422
53669,normal,2674,0,1782358998.8095152,0.0017206668853759766
53670,normal,1444,0,1782358998.8116617,0.002146482467651367
53671,normal,1285,0,1782358998.8135839,0.0019221305847167969
53672,normal,495,0,1782358998.8157089,0.0021250247955322266
53673,normal,1329,1,1782358998.817504,0.001795053482055664
53674,normal,2407,0,1782358998.8197844,0.0022804737091064453
53675,normal,3156,1,1782358998.8215237,0.0017392635345458984
53676,normal,2563,0,1782358998.823659,0.0021352767944335938
53677,normal,3670,0,1782358998.8255885,0.0019295215606689453
53678,normal,2075,0,1782358998.8277075,0.0021190643310546875
53679,normal,885,2,1782358998.8295107,0.0018031597137451172
53680,normal,1247,0,1782358998.831873,0.0023622512817382812
53681,normal,2376,0,1782358998.8336222,0.001749277114868164
53682,normal,3191,1,1782358998.835534,0.0019118785858154297
53683,normal,325,0,1782358998.8377948,0.0022606849670410156
53684,normal,873,2,1782358998.8397598,0.001965045928955078
53685,normal,723,0,1782358998.8415103,0.0017504692077636719
53686,normal,499,0,1782358998.8437986,0.002288341522216797
53687,normal,1299,0,1782358998.8455205,0.0017218589782714844
53688,normal,2957,0,1782358998.847729,0.0022084712982177734
53689,normal,3049,1,1782358998.8496008,0.0018718242645263672
53690,normal,1082,0,1782358998.851707,0.002106189727783203
53691,normal,735,0,1782358998.8535295,0.0018224716186523438
53692,normal,708,0,1782358998.855808,0.002278566360473633
53693,normal,1023,2,1782358998.857522,0.0017139911651611328
53694,normal,57,0,1782358998.8597324,0.002210378646850586
53695,normal,309,0,1782358998.8616042,0.0018718242645263672
53696,normal,2325,0,1782358998.8637106,0.0021064281463623047
53697,normal,1099,0,1782358998.8655272,0.0018165111541748047
53698,normal,3001,0,1782358998.8678236,0.00229644775390625
53699,normal,2746,0,1782358998.8696516,0.0018279552459716797
53700,normal,1224,0,1782358998.8715377,0.001886129379272461
53701,normal,3458,0,1782358998.8737411,0.0022034645080566406
53702,normal,2302,0,1782358998.8759525,0.002211332321166992
53703,normal,2332,0,1782358998.8777108,0.0017583370208740234
53704,normal,2819,0,1782358998.8795266,0.0018157958984375
53705,normal,3180,1,1782358998.8817089,0.0021822452545166016
53706,normal,681,0,1782358998.8835278,0.0018188953399658203
53707,normal,2575,0,1782358998.8858254,0.002297639846801758
53708,normal,2686,0,1782358998.8875072,0.0016818046569824219
53709,normal,3148,1,1782358998.889717,0.002209901809692383
53710,normal,1523,0,1782358998.8916175,0.0019004344940185547
53711,normal,1894,0,1782358998.8937259,0.002108335494995117
53712,normal,1192,0,1782358998.8955324,0.001806497573852539
53713,normal,3642,0,1782358998.8978112,0.0022788047790527344
53714,normal,2391,0,1782358998.8995082,0.0016970634460449219
53715,normal,2685,0,1782358998.9017198,0.0022115707397460938
53716,normal,533,0,1782358998.9036226,0.0019028186798095703
53717,normal,1391,0,1782358998.9057257,0.002103090286254883
53718,normal,503,0,1782358998.90754,0.0018143653869628906
53719,normal,1625,0,1782358998.9097242,0.002184152603149414
53720,normal,3274,1,1782358998.9115074,0.001783132553100586
53721,normal,949,2,1782358998.9137256,0.0022182464599609375
53722,normal,1117,0,1782358998.915531,0.0018053054809570312
53723,normal,3074,1,1782358998.9177184,0.002187490463256836
53724,normal,3097,1,1782358998.9195316,0.0018131732940673828
53725,normal,3626,0,1782358998.9217224,0.002190828323364258
53726,normal,1330,1,1782358998.9235168,0.0017943382263183594
53727,normal,3612,0,1782358998.925727,0.0022101402282714844
53728,normal,1636,0,1782358998.9275346,0.0018076896667480469
53729,normal,3355,1,1782358998.9297104,0.0021758079528808594
53730,normal,2338,0,1782358998.9315295,0.0018191337585449219
53731,normal,1855,0,1782358998.9337397,0.0022101402282714844
53732,normal,314,0,1782358998.935509,0.0017693042755126953
53733,normal,1479,0,1782358998.937727,0.002218008041381836
53734,normal,630,0,1782358998.93954,0.0018129348754882812
53735,normal,2595,0,1782358998.9417021,0.0021622180938720703
53736,normal,89,0,1782358998.9435282,0.0018260478973388672
53737,normal,1319,1,1782358998.9457493,0.0022211074829101562
53738,normal,563,0,1782358998.9475205,0.0017712116241455078
53739,normal,2298,0,1782358998.949721,0.002200603485107422
53740,normal,2972,0,1782358998.9515436,0.0018224716186523438
53741,normal,1386,0,1782358998.953725,0.002181529998779297
53742,normal,2081,0,1782358998.9555264,0.0018012523651123047
53743,normal,1475,0,1782358998.957742,0.0022156238555908203
53744,normal,2018,0,1782358998.9595082,0.001766204833984375
53745,normal,2814,0,1782358998.9617267,0.002218484878540039
53746,normal,3534,0,1782358998.9635494,0.0018227100372314453
53747,normal,2418,0,1782358998.9657161,0.002166748046875
53748,normal,3136,1,1782358998.9675279,0.0018117427825927734
53749,normal,3655,0,1782358998.9697564,0.0022284984588623047
53750,normal,1801,0,1782358998.9715335,0.0017771720886230469
53751,normal,1085,0,1782358998.9736059,0.0020723342895507812
53752,normal,1574,0,1782358998.975523,0.001917123794555664
53753,normal,1261,0,1782358998.9774716,0.0019485950469970703
53754,normal,2303,0,1782358998.9794984,0.002026796340942383
53755,normal,1961,0,1782358998.9815066,0.002008199691772461
53756,normal,678,0,1782358998.9834838,0.001977205276489258
53757,normal,1157,0,1782358998.9855344,0.002050638198852539
53758,normal,2533,0,1782358998.9874856,0.0019512176513671875
53759,normal,1759,0,1782358998.9894664,0.0019807815551757812
53760,normal,2127,0,1782358998.991477,0.0020105838775634766
53761,normal,3135,1,1782358998.9935331,0.002056121826171875
53762,normal,2160,0,1782358998.9957073,0.0021741390228271484
53763,normal,1583,0,1782358998.9975374,0.0018301010131835938
53764,normal,403,0,1782358998.999795,0.0022575855255126953
53765,normal,2482,0,1782358999.0015113,0.0017163753509521484
53766,normal,1671,0,1782358999.0037317,0.0022203922271728516
53767,normal,1239,0,1782358999.0055287,0.0017969608306884766
53768,normal,2355,0,1782358999.0077238,0.002195119857788086
53769,normal,1835,0,1782358999.0095296,0.0018057823181152344
53770,normal,2101,0,1782358999.0117939,0.002264261245727539
53771,normal,2498,0,1782358999.0135117,0.0017178058624267578
53772,normal,14,0,1782358999.0157285,0.002216815948486328
53773,normal,749,0,1782358999.0175703,0.0018417835235595703
53774,normal,2960,0,1782358999.0197017,0.0021314620971679688
53775,normal,660,0,1782358999.0215297,0.0018279552459716797
53776,normal,1362,1,1782358999.023778,0.0022482872009277344
53777,normal,2151,0,1782358999.0255198,0.0017418861389160156
53778,normal,550,0,1782358999.0275276,0.002007722854614258
53779,normal,261,0,1782358999.0297778,0.002250194549560547
53780,normal,416,0,1782358999.0315099,0.0017321109771728516
53781,normal,2874,0,1782358999.0337224,0.0022125244140625
53782,normal,1460,0,1782358999.0355809,0.0018584728240966797
53783,normal,265,0,1782358999.0377035,0.002122640609741211
53784,normal,831,2,1782358999.0395305,0.0018270015716552734
53785,normal,1194,0,1782358999.0417826,0.0022521018981933594
53786,normal,1241,0,1782358999.043523,0.0017404556274414062
53787,normal,1435,0,1782358999.0457256,0.0022025108337402344
53788,normal,159,0,1782358999.0475845,0.0018589496612548828
53789,normal,267,0,1782358999.0497115,0.002126932144165039
53790,normal,1701,0,1782358999.0515301,0.0018186569213867188
53791,normal,327,0,1782358999.053786,0.0022559165954589844
53792,normal,577,0,1782358999.0555239,0.001737833023071289
53793,normal,741,0,1782358999.0577245,0.002200603485107422
53794,normal,2207,0,1782358999.059589,0.0018644332885742188
53795,normal,438,0,1782358999.0617132,0.002124309539794922
53796,normal,3409,0,1782358999.0635376,0.0018243789672851562
53797,normal,2773,0,1782358999.0657308,0.0021932125091552734
53798,normal,233,0,1782358999.0675752,0.0018444061279296875
53799,normal,2287,0,1782358999.0695307,0.0019555091857910156
53800,normal,3192,1,1782358999.0717928,0.002262115478515625
53801,normal,164,0,1782358999.0735214,0.0017285346984863281
53802,normal,2205,0,1782358999.075746,0.0022246837615966797
53803,normal,2804,0,1782358999.0775962,0.001850128173828125
53804,normal,1856,0,1782358999.0797253,0.002129077911376953
53805,normal,848,2,1782358999.0815294,0.0018041133880615234
53806,normal,744,0,1782358999.0838008,0.002271413803100586
53807,normal,1034,0,1782358999.0855665,0.0017657279968261719
53808,normal,1588,0,1782358999.0875278,0.001961231231689453
53809,normal,736,0,1782358999.0898025,0.002274751663208008
53810,normal,3487,0,1782358999.091514,0.0017116069793701172
53811,normal,2163,0,1782358999.0935373,0.0020232200622558594
53812,normal,2983,0,1782358999.0958152,0.002277851104736328
53813,normal,3037,0,1782358999.0975075,0.0016922950744628906
53814,normal,1110,0,1782358999.0997322,0.0022246837615966797
53815,normal,2384,0,1782358999.1016045,0.0018723011016845703
53816,normal,3113,1,1782358999.1035714,0.0019669532775878906
53817,normal,1423,0,1782358999.1055276,0.0019562244415283203
53818,normal,2624,0,1782358999.1077983,0.0022706985473632812
53819,normal,2252,0,1782358999.1095095,0.001711130142211914
53820,normal,3428,0,1782358999.1117172,0.0022077560424804688
53821,normal,3354,1,1782358999.1136098,0.0018925666809082031
53822,normal,3233,1,1782358999.1156983,0.0020885467529296875
53823,normal,3505,0,1782358999.1175776,0.0018792152404785156
53824,normal,161,0,1782358999.119802,0.002224445343017578
53825,normal,2387,0,1782358999.1215048,0.0017027854919433594
53826,normal,200,0,1782358999.1237237,0.002218961715698242
53827,normal,2929,0,1782358999.1256154,0.0018916130065917969
53828,normal,2447,0,1782358999.1276588,0.002043485641479492
53829,normal,245,0,1782358999.1295283,0.0018694400787353516
53830,normal,3451,0,1782358999.13183,0.0023016929626464844
53831,normal,1675,0,1782358999.1335058,0.0016758441925048828
53832,normal,686,0,1782358999.1357238,0.002218008041381836
53833,normal,1302,0,1782358999.1377459,0.0020220279693603516
53834,normal,2094,0,1782358999.1395092,0.0017633438110351562
53835,normal,2466,0,1782358999.141726,0.002216815948486328
53836,normal,2507,0,1782358999.1435637,0.0018377304077148438
53837,normal,671,0,1782358999.1457114,0.002147674560546875
53838,normal,1501,0,1782358999.1475294,0.001817941665649414
53839,normal,625,0,1782358999.149753,0.0022237300872802734
53840,normal,3128,1,1782358999.1515086,0.0017554759979248047
53841,normal,2398,0,1782358999.153719,0.002210378646850586
53842,normal,2488,0,1782358999.1555293,0.001810312271118164
53843,normal,1766,0,1782358999.1577003,0.002171039581298828
53844,normal,3338,1,1782358999.1595285,0.0018281936645507812
53845,normal,1388,0,1782358999.1617286,0.0022001266479492188
53846,normal,1752,0,1782358999.1635067,0.0017781257629394531
53847,normal,1751,0,1782358999.1657255,0.0022187232971191406
53848,normal,1557,0,1782358999.1675344,0.0018088817596435547
53849,normal,545,0,1782358999.1696997,0.0021653175354003906
53850,normal,3378,1,1782358999.1715295,0.0018298625946044922
53851,normal,3351,1,1782358999.1737316,0.0022020339965820312
53852,normal,1163,0,1782358999.1755075,0.001775979995727539
53853,normal,1195,0,1782358999.1777174,0.002209901809692383
53854,normal,642,0,1782358999.1795402,0.0018227100372314453
53855,normal,2104,0,1782358999.1817055,0.0021653175354003906
53856,normal,156,0,1782358999.1835303,0.0018248558044433594
53857,normal,1607,0,1782358999.1857362,0.0022058486938476562
53858,normal,3234,1,1782358999.187504,0.001767873764038086
53859,normal,2816,0,1782358999.1895292,0.002025127410888672
53860,normal,2354,0,1782358999.1917408,0.0022115707397460938
53861,normal,1084,0,1782358999.1935115,0.0017707347869873047
53862,normal,963,2,1782358999.1957297,0.0022182464599609375
53863,normal,517,0,1782358999.1975465,0.0018167495727539062
53864,normal,52,0,1782358999.1997118,0.0021653175354003906
53865,normal,74,0,1782358999.2015278,0.0018160343170166016
53866,normal,2262,0,1782358999.203754,0.002226114273071289
53867,normal,2162,0,1782358999.205506,0.0017521381378173828
53868,normal,3250,1,1782358999.2077215,0.0022153854370117188
53869,normal,2073,0,1782358999.2095513,0.0018298625946044922
53870,normal,925,2,1782358999.211702,0.0021507740020751953
53871,normal,609,0,1782358999.2135265,0.0018243789672851562
53872,normal,635,0,1782358999.2157505,0.002223968505859375
53873,normal,1547,0,1782358999.217507,0.001756429672241211
53874,normal,825,2,1782358999.2197354,0.0022284984588623047
53875,normal,742,0,1782358999.2215552,0.0018198490142822266
53876,normal,1214,0,1782358999.223711,0.002155780792236328
53877,normal,377,0,1782358999.2255266,0.0018155574798583984
53878,normal,1788,0,1782358999.227764,0.0022373199462890625
53879,normal,3364,1,1782358999.229515,0.0017511844635009766
53880,normal,1396,0,1782358999.2317283,0.0022132396697998047
53881,normal,375,0,1782358999.2335608,0.0018324851989746094
53882,normal,1286,0,1782358999.235703,0.002142190933227539
53883,normal,2449,0,1782358999.2375278,0.0018248558044433594
53884,normal,1762,0,1782358999.239769,0.0022411346435546875
53885,normal,2003,0,1782358999.2415066,0.0017375946044921875
53886,normal,470,0,1782358999.2437282,0.0022215843200683594
53887,normal,986,2,1782358999.245566,0.0018377304077148438
53888,normal,1246,0,1782358999.2477083,0.0021424293518066406
53889,normal,1093,0,1782358999.2495282,0.0018198490142822266
53890,normal,2288,0,1782358999.251775,0.002246856689453125
53891,normal,3384,1,1782358999.2535105,0.0017354488372802734
53892,normal,423,0,1782358999.2557287,0.0022182464599609375
53893,normal,821,2,1782358999.2575703,0.0018415451049804688
53894,normal,1179,0,1782358999.2597144,0.0021440982818603516
53895,normal,964,2,1782358999.2615306,0.0018162727355957031
53896,normal,1653,0,1782358999.263801,0.0022704601287841797
53897,normal,1382,0,1782358999.2655048,0.0017037391662597656
53898,normal,1208,0,1782358999.2677014,0.0021965503692626953
53899,normal,3477,0,1782358999.269575,0.0018737316131591797
53900,normal,3402,0,1782358999.2717123,0.0021371841430664062
53901,normal,2530,0,1782358999.273507,0.0017948150634765625
53902,normal,682,0,1782358999.275779,0.002271890640258789
53903,normal,3311,1,1782358999.2775068,0.0017278194427490234
53904,normal,2112,0,1782358999.2797017,0.0021948814392089844
53905,normal,3048,1,1782358999.2815795,0.0018777847290039062
53906,normal,2283,0,1782358999.28371,0.0021305084228515625
53907,normal,3511,0,1782358999.285506,0.0017960071563720703
53908,normal,3658,0,1782358999.2877834,0.002277374267578125
53909,normal,2277,0,1782358999.2895732,0.0017898082733154297
53910,normal,959,2,1782358999.2915416,0.0019683837890625
53911,normal,1551,0,1782358999.2937844,0.0022428035736083984
53912,normal,1390,0,1782358999.295878,0.0020935535430908203
53913,normal,305,0,1782358999.2977192,0.0018413066864013672
53914,normal,3143,1,1782358999.2998097,0.0020904541015625
53915,normal,2026,0,1782358999.3015592,0.0017495155334472656
53916,normal,3565,0,1782358999.3038821,0.0023229122161865234
53917,normal,1288,0,1782358999.305597,0.001714944839477539
53918,normal,455,0,1782358999.3078868,0.0022897720336914062
53919,normal,2028,0,1782358999.3095598,0.001672983169555664
53920,normal,2445,0,1782358999.3119037,0.002343893051147461
53921,normal,1147,0,1782358999.313619,0.0017151832580566406
53922,normal,1267,0,1782358999.3157072,0.002088308334350586
53923,normal,1189,0,1782358999.3178225,0.0021152496337890625
53924,normal,1911,0,1782358999.3197858,0.001963376998901367
53925,normal,2720,0,1782358999.3215609,0.0017750263214111328
53926,normal,1892,0,1782358999.3239083,0.0023474693298339844
53927,normal,2025,0,1782358999.3256166,0.0017082691192626953
53928,normal,1262,0,1782358999.3277059,0.002089262008666992
53929,normal,1796,0,1782358999.3298225,0.002116680145263672
53930,normal,2339,0,1782358999.3317888,0.001966238021850586
53931,normal,2777,0,1782358999.333561,0.001772165298461914
53932,normal,3240,1,1782358999.3358214,0.002260446548461914
53933,normal,2969,0,1782358999.337813,0.0019915103912353516
53934,normal,2561,0,1782358999.3395588,0.0017459392547607422
53935,normal,1161,0,1782358999.3418193,0.002260446548461914
53936,normal,2673,0,1782358999.3437538,0.0019345283508300781
53937,normal,1142,0,1782358999.3455586,0.0018048286437988281
53938,normal,2392,0,1782358999.3478272,0.002268552780151367
53939,normal,2868,0,1782358999.3497093,0.0018820762634277344
53940,normal,425,0,1782358999.3515193,0.0018100738525390625
53941,normal,2618,0,1782358999.3535266,0.0020072460174560547
53942,normal,2514,0,1782358999.3555741,0.0020475387573242188
53943,normal,1849,0,1782358999.3575485,0.001974344253540039
53944,normal,352,0,1782358999.3598225,0.002274036407470703
53945,normal,908,2,1782358999.3615818,0.0017592906951904297
53946,normal,3367,1,1782358999.3635478,0.0019659996032714844
53947,normal,2752,0,1782358999.365806,0.00225830078125
53948,normal,3142,1,1782358999.36758,0.001773834228515625
53949,normal,1414,0,1782358999.3695416,0.0019617080688476562
53950,normal,1276,0,1782358999.3718128,0.0022711753845214844
53951,normal,317,0,1782358999.3738735,0.0020606517791748047
53952,normal,1238,0,1782358999.375531,0.0016574859619140625
53953,normal,1141,0,1782358999.3778446,0.0023136138916015625
53954,normal,3619,0,1782358999.3795183,0.0016736984252929688
53955,normal,586,0,1782358999.381744,0.002225637435913086
53956,normal,1712,0,1782358999.3836236,0.0018796920776367188
53957,normal,3613,0,1782358999.3857436,0.0021200180053710938
53958,normal,3145,1,1782358999.3875492,0.0018055438995361328
53959,normal,1558,0,1782358999.3898351,0.0022859573364257812
53960,normal,853,2,1782358999.391574,0.0017387866973876953
53961,normal,1756,0,1782358999.3935575,0.001983642578125
53962,normal,374,0,1782358999.3958347,0.0022771358489990234
53963,normal,640,0,1782358999.3975656,0.0017309188842773438
53964,normal,3449,0,1782358999.3995445,0.0019788742065429688
53965,normal,2923,0,1782358999.4018412,0.0022966861724853516
53966,normal,236,0,1782358999.403569,0.0017278194427490234
53967,normal,1029,2,1782358999.4055433,0.001974344253540039
53968,normal,3671,0,1782358999.407748,0.0022046566009521484
53969,normal,1446,0,1782358999.409565,0.0018169879913330078
53970,normal,1692,0,1782358999.411544,0.0019791126251220703
53971,normal,181,0,1782358999.4138455,0.002301454544067383
53972,normal,299,0,1782358999.4155815,0.0017359256744384766
53973,normal,1917,0,1782358999.4175422,0.00196075439453125
53974,normal,2603,0,1782358999.4197705,0.002228260040283203
53975,normal,2867,0,1782358999.4215617,0.001791238784790039
53976,normal,2475,0,1782358999.4235444,0.0019826889038085938
53977,normal,2579,0,1782358999.425747,0.0022025108337402344
53978,normal,1217,0,1782358999.4278321,0.0020852088928222656
53979,normal,3457,0,1782358999.4295433,0.001711130142211914
53980,normal,1097,0,1782358999.43187,0.0023267269134521484
53981,normal,1370,1,1782358999.4335475,0.0016775131225585938
53982,normal,2958,0,1782358999.4357445,0.0021970272064208984
53983,normal,19,0,1782358999.437547,0.0018024444580078125
53984,normal,1203,0,1782358999.4397304,0.0021834373474121094
53985,normal,1820,0,1782358999.4415455,0.0018150806427001953
53986,normal,485,0,1782358999.4437532,0.0022077560424804688
53987,normal,2849,0,1782358999.4455526,0.0017993450164794922
53988,normal,1748,0,1782358999.4477425,0.0021898746490478516
53989,normal,2938,0,1782358999.4495525,0.0018100738525390625
53990,normal,2522,0,1782358999.4517512,0.0021986961364746094
53991,normal,33,0,1782358999.4535584,0.0018072128295898438
53992,normal,3044,0,1782358999.4557598,0.0022013187408447266
53993,normal,1939,0,1782358999.4575543,0.001794576644897461
53994,normal,3309,1,1782358999.4597425,0.0021882057189941406
53995,normal,125,0,1782358999.4615567,0.001814126968383789
53996,normal,1445,0,1782358999.4637494,0.0021927356719970703
53997,normal,1039,0,1782358999.4655452,0.0017957687377929688
53998,normal,106,0,1782358999.4677658,0.002220630645751953
53999,normal,1058,0,1782358999.4695446,0.0017788410186767578
54000,normal,2510,0,1782358999.4715455,0.0020008087158203125
54001,normal,958,2,1782358999.4737458,0.0022003650665283203
54002,normal,793,2,1782358999.47682,0.003074169158935547
54003,normal,1833,0,1782358999.4775517,0.0007317066192626953
54004,normal,1508,0,1782358999.4797494,0.002197742462158203
54005,normal,3593,0,1782358999.4815445,0.001795053482055664
54006,normal,994,2,1782358999.4837413,0.002196788787841797
54007,normal,1619,0,1782358999.4855666,0.0018253326416015625
54008,normal,1062,0,1782358999.4877486,0.0021820068359375
54009,normal,1193,0,1782358999.4895444,0.0017957687377929688
54010,normal,578,0,1782358999.4917474,0.0022029876708984375
54011,normal,3066,1,1782358999.493553,0.0018055438995361328
54012,normal,924,2,1782358999.4957404,0.002187490463256836
54013,normal,1296,0,1782358999.4975708,0.0018303394317626953
54014,normal,704,0,1782358999.4997509,0.0021800994873046875
54015,normal,49,0,1782358999.5015454,0.001794576644897461
54016,normal,2080,0,1782358999.503739,0.0021936893463134766
54017,normal,273,0,1782358999.5055447,0.0018055438995361328
54018,normal,3359,1,1782358999.507746,0.0022013187408447266
54019,normal,3149,1,1782358999.5095766,0.0018305778503417969
54020,normal,966,2,1782358999.5117497,0.002173185348510742
54021,normal,462,0,1782358999.513544,0.0017943382263183594
54022,normal,2630,0,1782358999.515755,0.002210855484008789
54023,normal,3064,1,1782358999.5175445,0.0017895698547363281
54024,normal,2854,0,1782358999.5197577,0.0022132396697998047
54025,normal,1776,0,1782358999.5215814,0.0018236637115478516
54026,normal,3433,0,1782358999.5237534,0.0021719932556152344
54027,normal,1957,0,1782358999.5255463,0.00179290771484375
54028,normal,1422,0,1782358999.5277843,0.002238035202026367
54029,normal,797,2,1782358999.529561,0.0017766952514648438
54030,normal,308,0,1782358999.5317504,0.0021893978118896484
54031,normal,3469,0,1782358999.5335863,0.0018358230590820312
54032,normal,801,2,1782358999.5357537,0.0021674633026123047
54033,normal,864,2,1782358999.5375447,0.0017910003662109375
54034,normal,2753,0,1782358999.54153,0.003985166549682617
54035,normal,1028,2,1782358999.5415952,6.532669067382812e-05
54036,normal,354,0,1782358999.5435462,0.001950979232788086
54037,normal,2697,0,1782358999.5457914,0.002245187759399414
54038,normal,1322,1,1782358999.547576,0.0017845630645751953
54039,normal,1528,0,1782358999.549547,0.001971006393432617
54040,normal,20,0,1782358999.5517943,0.002247333526611328
54041,normal,279,0,1782358999.5535808,0.0017864704132080078
54042,normal,1897,0,1782358999.5555463,0.0019655227661132812
54043,normal,494,0,1782358999.5577958,0.002249479293823242
54044,normal,3310,1,1782358999.559576,0.0017802715301513672
54045,normal,1739,0,1782358999.5615444,0.0019683837890625
54046,normal,1207,0,1782358999.563808,0.0022635459899902344
54047,normal,3171,1,1782358999.5655723,0.0017642974853515625
54048,normal,2486,0,1782358999.5677476,0.0021753311157226562
54049,normal,2334,0,1782358999.569545,0.0017974376678466797
54050,normal,991,2,1782358999.5717614,0.002216339111328125
54051,normal,672,0,1782358999.5735312,0.0017697811126708984
54052,normal,2714,0,1782358999.575817,0.0022859573364257812
54053,normal,60,0,1782358999.577566,0.001748800277709961
54054,normal,1150,0,1782358999.5795445,0.001978635787963867
54055,normal,3447,0,1782358999.5818233,0.0022788047790527344
54056,normal,1478,0,1782358999.583551,0.0017275810241699219
54057,normal,3090,1,1782358999.5857372,0.002186298370361328
54058,normal,312,0,1782358999.587609,0.0018718242645263672
54059,normal,482,0,1782358999.5897431,0.002134084701538086
54060,normal,2682,0,1782358999.5915406,0.0017974376678466797
54061,normal,3533,0,1782358999.5938222,0.002281665802001953
54062,normal,3618,0,1782358999.5955627,0.0017404556274414062
54063,normal,2749,0,1782358999.5975413,0.001978635787963867
54064,normal,1979,0,1782358999.5998254,0.0022840499877929688
54065,normal,2653,0,1782358999.6015534,0.001728057861328125
54066,normal,1343,1,1782358999.603553,0.0019996166229248047
54067,normal,122,0,1782358999.6058202,0.002267122268676758
54068,normal,868,2,1782358999.6075706,0.0017504692077636719
54069,normal,2885,0,1782358999.6095452,0.0019745826721191406
54070,normal,1880,0,1782358999.6118224,0.0022771358489990234
54071,normal,2748,0,1782358999.6135607,0.0017383098602294922
54072,normal,3437,0,1782358999.6157308,0.002170085906982422
54073,normal,2174,0,1782358999.6176171,0.0018863677978515625
54074,normal,663,0,1782358999.6197422,0.0021250247955322266
54075,normal,2109,0,1782358999.6215372,0.001795053482055664
54076,normal,2645,0,1782358999.623827,0.0022897720336914062
54077,normal,2934,0,1782358999.6255538,0.0017268657684326172
54078,normal,670,0,1782358999.6275392,0.001985311508178711
54079,normal,1349,1,1782358999.6298285,0.002289295196533203
54080,normal,951,2,1782358999.6315408,0.0017123222351074219
54081,normal,765,0,1782358999.6337283,0.002187490463256836
54082,normal,3627,0,1782358999.635629,0.0019006729125976562
54083,normal,1348,1,1782358999.6377332,0.0021042823791503906
54084,normal,111,0,1782358999.6395404,0.0018072128295898438
54085,normal,436,0,1782358999.6417317,0.002191305160522461
54086,normal,448,0,1782358999.64354,0.00180816650390625
54087,normal,1263,0,1782358999.6457415,0.002201557159423828
54088,normal,222,0,1782358999.6476305,0.0018889904022216797
54089,normal,2324,0,1782358999.649746,0.002115488052368164
54090,normal,441,0,1782358999.651539,0.0017931461334228516
54091,normal,2093,0,1782358999.653733,0.002193927764892578
54092,normal,1826,0,1782358999.6555667,0.0018336772918701172
54093,normal,3283,1,1782358999.657781,0.002214193344116211
54094,normal,3147,1,1782358999.659639,0.0018579959869384766
54095,normal,2141,0,1782358999.661752,0.0021131038665771484
54096,normal,1713,0,1782358999.6635504,0.001798391342163086
54097,normal,980,2,1782358999.6658304,0.002279996871948242
54098,normal,2689,0,1782358999.667568,0.0017375946044921875
54099,normal,402,0,1782358999.669564,0.0019960403442382812
54100,normal,722,0,1782358999.6718395,0.0022754669189453125
54101,normal,3574,0,1782358999.673561,0.0017216205596923828
54102,normal,2587,0,1782358999.675748,0.002187013626098633
54103,normal,3357,1,1782358999.677548,0.0017998218536376953
54104,normal,1808,0,1782358999.6797166,0.0021686553955078125
54105,normal,1316,0,1782358999.6815488,0.0018322467803955078
54106,normal,903,2,1782358999.683749,0.0022001266479492188
54107,normal,206,0,1782358999.685572,0.0018229484558105469
54108,normal,1955,0,1782358999.6875572,0.001985311508178711
54109,normal,3161,1,1782358999.6897476,0.0021903514862060547
54110,normal,1655,0,1782358999.6916108,0.001863241195678711
54111,normal,1090,0,1782358999.6935494,0.0019385814666748047
54112,normal,3252,1,1782358999.6957521,0.002202749252319336
54113,normal,2310,0,1782358999.6975598,0.0018076896667480469
54114,normal,2600,0,1782358999.6997464,0.0021865367889404297
54115,normal,2597,0,1782358999.701557,0.0018105506896972656
54116,normal,878,2,1782358999.7037256,0.0021686553955078125
54117,normal,3572,0,1782358999.7055483,0.0018227100372314453
54118,normal,715,0,1782358999.707759,0.0022106170654296875
54119,normal,1814,0,1782358999.7095695,0.0018105506896972656
54120,normal,3417,0,1782358999.7115502,0.0019807815551757812
54121,normal,2667,0,1782358999.7137644,0.002214193344116211
54122,normal,3377,1,1782358999.7155201,0.0017557144165039062
54123,normal,510,0,1782358999.7177346,0.0022144317626953125
54124,normal,40,0,1782358999.7195652,0.0018305778503417969
54125,normal,1767,0,1782358999.7217221,0.002156972885131836
54126,normal,1257,0,1782358999.7235503,0.0018281936645507812
54127,normal,3404,0,1782358999.7257626,0.0022122859954833984
54128,normal,1560,0,1782358999.7275844,0.001821756362915039
54129,normal,2065,0,1782358999.7295487,0.0019643306732177734
54130,normal,3569,0,1782358999.7317739,0.002225160598754883
54131,normal,2513,0,1782358999.7335184,0.0017445087432861328
54132,normal,544,0,1782358999.735737,0.0022187232971191406
54133,normal,1973,0,1782358999.7375724,0.0018353462219238281
54134,normal,1488,0,1782358999.7397187,0.0021462440490722656
54135,normal,1572,0,1782358999.7415485,0.0018298625946044922
54136,normal,3118,1,1782358999.7437706,0.0022220611572265625
54137,normal,750,0,1782358999.7455614,0.001790761947631836
54138,normal,3038,0,1782358999.7477474,0.0021860599517822266
54139,normal,1842,0,1782358999.7495792,0.0018317699432373047
54140,normal,3699,0,1782358999.7517176,0.002138376235961914
54141,normal,1786,0,1782358999.753552,0.0018343925476074219
54142,normal,3571,0,1782358999.755777,0.0022249221801757812
54143,normal,3391,1,1782358999.757562,0.0017850399017333984
54144,normal,2945,0,1782358999.7597466,0.002184629440307617
54145,normal,3549,0,1782358999.7615821,0.0018355846405029297
54146,normal,358,0,1782358999.763722,0.0021398067474365234
54147,normal,2229,0,1782358999.76556,0.0018379688262939453
54148,normal,2879,0,1782358999.7677474,0.002187490463256836
54149,normal,1145,0,1782358999.7695186,0.0017712116241455078
54150,normal,2680,0,1782358999.7717588,0.0022401809692382812
54151,normal,866,2,1782358999.7735863,0.0018274784088134766
54152,normal,1280,0,1782358999.7757542,0.002167940139770508
54153,normal,960,2,1782358999.777548,0.0017938613891601562
54154,normal,1561,0,1782358999.7797859,0.0022377967834472656
54155,normal,1999,0,1782358999.7815673,0.001781463623046875
54156,normal,617,0,1782358999.783746,0.002178668975830078
54157,normal,3643,0,1782358999.785592,0.0018460750579833984
54158,normal,758,0,1782358999.7877169,0.002124786376953125
54159,normal,2643,0,1782358999.7895498,0.0018329620361328125
54160,normal,700,0,1782358999.7917454,0.002195596694946289
54161,normal,1606,0,1782358999.7935188,0.0017733573913574219
54162,normal,123,0,1782358999.795737,0.0022182464599609375
54163,normal,1705,0,1782358999.797596,0.0018589496612548828
54164,normal,3348,1,1782358999.7997527,0.0021567344665527344
54165,normal,2565,0,1782358999.8015487,0.0017960071563720703
54166,normal,664,0,1782358999.8037968,0.002248048782348633
54167,normal,452,0,1782358999.805592,0.0017952919006347656
54168,normal,2286,0,1782358999.8075912,0.0019991397857666016
54169,normal,1737,0,1782358999.809795,0.002203702926635742
54170,normal,3372,1,1782358999.8115785,0.001783609390258789
54171,normal,2616,0,1782358999.8135488,0.0019702911376953125
54172,normal,2088,0,1782358999.8157992,0.0022504329681396484
54173,normal,2708,0,1782358999.8175743,0.0017750263214111328
54174,normal,1968,0,1782358999.8195505,0.0019762516021728516
54175,normal,622,0,1782358999.8218012,0.00225067138671875
54176,normal,1043,0,1782358999.8235698,0.0017685890197753906
54177,normal,2013,0,1782358999.8257544,0.002184629440307617
54178,normal,2004,0,1782358999.8276095,0.0018551349639892578
54179,normal,137,0,1782358999.829751,0.0021414756774902344
54180,normal,1428,0,1782358999.8315587,0.0018076896667480469
54181,normal,248,0,1782358999.8335361,0.0019774436950683594
54182,normal,259,0,1782358999.8356407,0.002104520797729492
54183,normal,2031,0,1782358999.837709,0.0020682811737060547
54184,normal,315,0,1782358999.8399158,0.0022068023681640625
54185,normal,141,0,1782358999.8415687,0.0016529560089111328
54186,normal,1477,0,1782358999.8437183,0.0021495819091796875
54187,normal,258,0,1782358999.8458598,0.0021414756774902344
54188,normal,3424,0,1782358999.8475935,0.0017337799072265625
54189,normal,2850,0,1782358999.8497074,0.002113819122314453
54190,normal,3106,1,1782358999.8517046,0.001997232437133789
54191,normal,3407,0,1782358999.853565,0.0018603801727294922
54192,normal,48,0,1782358999.8558779,0.002312898635864258
54193,normal,2654,0,1782358999.8577704,0.0018925666809082031
54194,normal,2165,0,1782358999.8597686,0.0019981861114501953
54195,normal,3298,1,1782358999.8617167,0.0019481182098388672
54196,normal,1012,2,1782358999.8638713,0.0021545886993408203
54197,normal,646,0,1782358999.865592,0.0017206668853759766
54198,normal,1421,0,1782358999.8677049,0.002112865447998047
54199,normal,34,0,1782358999.8698728,0.002167940139770508
54200,normal,2364,0,1782358999.8715885,0.0017156600952148438
54201,normal,2549,0,1782358999.8737223,0.0021338462829589844
54202,normal,1854,0,1782358999.8758845,0.0021622180938720703
54203,normal,1502,0,1782358999.877579,0.0016944408416748047
54204,normal,1253,0,1782358999.8798978,0.002318859100341797
54205,normal,3352,1,1782358999.88178,0.0018820762634277344
54206,normal,2346,0,1782358999.883766,0.0019860267639160156
54207,normal,2512,0,1782358999.8857093,0.001943349838256836
54208,normal,2888,0,1782358999.8878648,0.0021555423736572266
54209,normal,2293,0,1782358999.8897512,0.0018863677978515625
54210,normal,2799,0,1782358999.8917384,0.0019872188568115234
54211,normal,3245,1,1782358999.8936355,0.0018970966339111328
54212,normal,623,0,1782358999.8958535,0.002218008041381836
54213,normal,2555,0,1782358999.8975651,0.0017116069793701172
54214,normal,479,0,1782358999.8998907,0.0023255348205566406
54215,normal,1566,0,1782358999.9015975,0.001706838607788086
54216,normal,3674,0,1782358999.9037068,0.0021092891693115234
54217,normal,2977,0,1782358999.9059038,0.0021970272064208984
54218,normal,3139,1,1782358999.9075797,0.0016758441925048828
54219,normal,22,0,1782358999.9097056,0.002125978469848633
54220,normal,3081,1,1782358999.9118707,0.002165079116821289
54221,normal,2633,0,1782358999.9135609,0.0016901493072509766
54222,normal,2538,0,1782358999.9158857,0.002324819564819336
54223,normal,8,0,1782358999.9176984,0.0018126964569091797
54224,normal,3475,0,1782358999.919766,0.00206756591796875
54225,normal,3706,0,1782358999.9217222,0.0019562244415283203
54226,normal,1921,0,1782358999.9238749,0.002152681350708008
54227,normal,2294,0,1782358999.9255607,0.0016858577728271484
54228,normal,979,2,1782358999.9279037,0.0023429393768310547
54229,normal,1406,0,1782358999.9298048,0.0019011497497558594
54230,normal,2200,0,1782358999.9317691,0.0019643306732177734
54231,normal,2525,0,1782358999.9337063,0.0019371509552001953
54232,normal,3294,1,1782358999.9358635,0.0021572113037109375
54233,normal,2243,0,1782358999.9375627,0.001699209213256836
54234,normal,3698,0,1782358999.939884,0.0023212432861328125
54235,normal,3603,0,1782358999.9418023,0.0019183158874511719
54236,normal,1381,1,1782358999.943764,0.0019617080688476562
54237,normal,1812,0,1782358999.9457157,0.0019516944885253906
54238,normal,1750,0,1782358999.947931,0.0022153854370117188
54239,normal,3607,0,1782358999.9495554,0.0016243457794189453
54240,normal,2863,0,1782358999.9515615,0.002006053924560547
54241,normal,2124,0,1782358999.95388,0.0023186206817626953
54242,normal,1817,0,1782358999.9555595,0.0016794204711914062
54243,normal,1158,0,1782358999.9578876,0.002328157424926758
54244,normal,2439,0,1782358999.9597075,0.0018198490142822266
54245,normal,178,0,1782358999.9617703,0.0020627975463867188
54246,normal,937,2,1782358999.9637032,0.0019328594207763672
54247,normal,1183,0,1782358999.9657059,0.002002716064453125
54248,normal,1608,0,1782358999.9675617,0.0018558502197265625
54249,normal,1526,0,1782358999.9697568,0.002195119857788086
54250,normal,2405,0,1782358999.971551,0.0017940998077392578
54251,normal,2967,0,1782358999.9738703,0.0023193359375
54252,normal,3165,1,1782358999.9755595,0.0016891956329345703
54253,normal,73,0,1782358999.9777772,0.0022177696228027344
54254,normal,3615,0,1782358999.9797826,0.002005338668823242
54255,normal,2102,0,1782358999.981505,0.0017223358154296875
54256,normal,3504,0,1782358999.9837863,0.0022814273834228516
54257,normal,2847,0,1782358999.985554,0.0017676353454589844
54258,normal,2527,0,1782358999.9877052,0.0021512508392333984
54259,normal,2790,0,1782358999.989576,0.001870870590209961
54260,normal,3167,1,1782358999.9917095,0.0021333694458007812
54261,normal,1585,0,1782358999.9935057,0.0017962455749511719
54262,normal,585,0,1782358999.9957182,0.0022125244140625
54263,normal,1456,0,1782358999.9975035,0.0017852783203125
54264,normal,3563,0,1782358999.999708,0.002204418182373047
54265,normal,2925,0,1782359000.0015051,0.0017971992492675781
54266,normal,3282,1,1782359000.00371,0.00220489501953125
54267,normal,2623,0,1782359000.005506,0.0017960071563720703
54268,normal,3159,1,1782359000.0077858,0.0022797584533691406
54269,normal,594,0,1782359000.0095048,0.0017189979553222656
54270,normal,1964,0,1782359000.011657,0.0021522045135498047
54271,normal,2783,0,1782359000.0135043,0.0018472671508789062
54272,normal,2640,0,1782359000.0157092,0.00220489501953125
54273,normal,936,2,1782359000.017511,0.0018017292022705078
54274,normal,2437,0,1782359000.019791,0.002279996871948242
54275,normal,913,2,1782359000.0215037,0.001712799072265625
54276,normal,54,0,1782359000.0237024,0.0021986961364746094
54277,normal,3305,1,1782359000.0255036,0.0018012523651123047
54278,normal,1884,0,1782359000.027711,0.0022072792053222656
54279,normal,2452,0,1782359000.0295072,0.0017962455749511719
54280,normal,2056,0,1782359000.0317762,0.0022690296173095703
54281,normal,1569,0,1782359000.0335035,0.0017273426055908203
54282,normal,3306,1,1782359000.0357022,0.0021986961364746094
54283,normal,709,0,1782359000.0375028,0.001800537109375
54284,normal,3155,1,1782359000.0397158,0.002213001251220703
54285,normal,400,0,1782359000.0415077,0.0017919540405273438
54286,normal,3342,1,1782359000.0437965,0.002288818359375
54287,normal,1741,0,1782359000.0455058,0.0017092227935791016
54288,normal,1165,0,1782359000.0476556,0.002149820327758789
54289,normal,1824,0,1782359000.0495057,0.001850128173828125
54290,normal,3290,1,1782359000.0517092,0.0022034645080566406
54291,normal,981,2,1782359000.0535061,0.0017969608306884766
54292,normal,1669,0,1782359000.0557084,0.002202272415161133
54293,normal,2646,0,1782359000.0575027,0.0017943382263183594
54294,normal,419,0,1782359000.059706,0.002203226089477539
54295,normal,1639,0,1782359000.0615032,0.0017971992492675781
54296,normal,3356,1,1782359000.0637088,0.0022056102752685547
54297,normal,2049,0,1782359000.0655048,0.0017960071563720703
54298,normal,2363,0,1782359000.0677133,0.0022084712982177734
54299,normal,1757,0,1782359000.0695024,0.001789093017578125
54300,normal,306,0,1782359000.0717254,0.0022230148315429688
54301,normal,1736,0,1782359000.0735145,0.001789093017578125
54302,normal,304,0,1782359000.0765011,0.0029866695404052734
54303,normal,2218,0,1782359000.0778382,0.0013370513916015625
54304,normal,101,0,1782359000.0795164,0.0016782283782958984
54305,normal,2920,0,1782359000.0817037,0.0021872520446777344
54306,normal,2309,0,1782359000.0835063,0.001802682876586914
54307,normal,2333,0,1782359000.0855072,0.0020008087158203125
54308,normal,850,2,1782359000.0875075,0.0020003318786621094
54309,normal,1589,0,1782359000.0897057,0.0021982192993164062
54310,normal,491,0,1782359000.0915236,0.001817941665649414
54311,normal,3260,1,1782359000.0936592,0.0021355152130126953
54312,normal,3625,0,1782359000.0955057,0.0018465518951416016
54313,normal,2068,0,1782359000.0975094,0.0020036697387695312
54314,normal,3509,0,1782359000.099506,0.0019965171813964844
54315,normal,1948,0,1782359000.101709,0.0022029876708984375
54316,normal,481,0,1782359000.1035051,0.0017962455749511719
54317,normal,1859,0,1782359000.105486,0.0019807815551757812
54318,normal,2776,0,1782359000.1076431,0.0021572113037109375
54319,normal,1432,0,1782359000.1094723,0.0018291473388671875
54320,normal,610,0,1782359000.1115437,0.002071380615234375
54321,normal,571,0,1782359000.1135206,0.0019769668579101562
54322,normal,2067,0,1782359000.1154747,0.0019540786743164062
54323,normal,3236,1,1782359000.1175241,0.0020494461059570312
54324,normal,2535,0,1782359000.119508,0.0019838809967041016
54325,normal,1618,0,1782359000.1214736,0.0019655227661132812
54326,normal,2991,0,1782359000.1235085,0.002034902572631836
54327,normal,692,0,1782359000.1255066,0.0019981861114501953
54328,normal,2186,0,1782359000.1274757,0.0019690990447998047
54329,normal,667,0,1782359000.1295075,0.0020318031311035156
54330,normal,328,0,1782359000.1315043,0.001996755599975586
54331,normal,1168,0,1782359000.133473,0.0019686222076416016
54332,normal,140,0,1782359000.1355078,0.002034902572631836
54333,normal,3353,1,1782359000.137506,0.0019981861114501953
54334,normal,2782,0,1782359000.1394744,0.0019683837890625
54335,normal,1840,0,1782359000.1415067,0.0020322799682617188
54336,normal,3168,1,1782359000.1435194,0.0020127296447753906
54337,normal,2360,0,1782359000.1454794,0.0019600391387939453
54338,normal,3375,1,1782359000.1475058,0.0020263195037841797
54339,normal,2594,0,1782359000.1495054,0.0019996166229248047
54340,normal,2617,0,1782359000.1514719,0.0019664764404296875
54341,normal,2070,0,1782359000.1536021,0.002130270004272461
54342,normal,3045,1,1782359000.155478,0.0018758773803710938
54343,normal,1875,0,1782359000.1574714,0.001993417739868164
54344,normal,3415,0,1782359000.1595042,0.002032756805419922
54345,normal,3660,0,1782359000.1616027,0.002098560333251953
54346,normal,1790,0,1782359000.1634712,0.0018684864044189453
54347,normal,2839,0,1782359000.1655064,0.0020351409912109375
54348,normal,1562,0,1782359000.1675072,0.0020008087158203125
54349,normal,2833,0,1782359000.1694932,0.0019860267639160156
54350,normal,769,0,1782359000.1715083,0.0020151138305664062
54351,normal,1711,0,1782359000.17352,0.0020117759704589844
54352,normal,381,0,1782359000.175472,0.0019519329071044922
54353,normal,1545,0,1782359000.1776114,0.0021393299102783203
54354,normal,3228,1,1782359000.1794717,0.0018603801727294922
54355,normal,2784,0,1782359000.1814718,0.002000093460083008
54356,normal,3154,1,1782359000.183507,0.0020351409912109375
54357,normal,1630,0,1782359000.1855044,0.0019974708557128906
54358,normal,3153,1,1782359000.187472,0.0019676685333251953
54359,normal,2211,0,1782359000.1895049,0.002032756805419922
54360,normal,1901,0,1782359000.191505,0.002000093460083008
54361,normal,1874,0,1782359000.1934712,0.001966238021850586
54362,normal,353,0,1782359000.195512,0.002040863037109375
54363,normal,1481,0,1782359000.197506,0.001993894577026367
54364,normal,1781,0,1782359000.1994736,0.0019676685333251953
54365,normal,729,0,1782359000.2016017,0.002128124237060547
54366,normal,2375,0,1782359000.203471,0.00186920166015625
54367,normal,548,0,1782359000.2055066,0.0020356178283691406
54368,normal,573,0,1782359000.2075043,0.001997709274291992
54369,normal,2345,0,1782359000.2096028,0.002098560333251953
54370,normal,1728,0,1782359000.211472,0.00186920166015625
54371,normal,3002,0,1782359000.213505,0.0020329952239990234
54372,normal,930,2,1782359000.215506,0.002001047134399414
54373,normal,1871,0,1782359000.2174726,0.0019664764404296875
54374,normal,1490,0,1782359000.219503,0.0020303726196289062
54375,normal,2078,0,1782359000.221506,0.002003192901611328
54376,normal,3570,0,1782359000.2234716,0.0019655227661132812
54377,normal,1071,0,1782359000.2255037,0.002032041549682617
54378,normal,1419,0,1782359000.227507,0.0020034313201904297
54379,normal,91,0,1782359000.2294729,0.001965761184692383
54380,normal,3072,1,1782359000.2315056,0.002032756805419922
54381,normal,2247,0,1782359000.2336094,0.0021038055419921875
54382,normal,767,0,1782359000.2354722,0.0018627643585205078
54383,normal,3280,1,1782359000.2375047,0.0020325183868408203
54384,normal,2629,0,1782359000.2395737,0.0020689964294433594
54385,normal,454,0,1782359000.2414792,0.0019054412841796875
54386,normal,807,2,1782359000.2435036,0.002024412155151367
54387,normal,1637,0,1782359000.2455032,0.0019996166229248047
54388,normal,2382,0,1782359000.2474718,0.0019686222076416016
54389,normal,196,0,1782359000.2496026,0.002130746841430664
54390,normal,442,0,1782359000.2514727,0.0018701553344726562
54391,normal,3069,1,1782359000.2535055,0.002032756805419922
54392,normal,614,0,1782359000.2555048,0.001999378204345703
54393,normal,506,0,1782359000.2575037,0.0019989013671875
54394,normal,3471,0,1782359000.2594717,0.001967906951904297
54395,normal,2461,0,1782359000.2615066,0.002034902572631836
54396,normal,3209,1,1782359000.2635055,0.0019989013671875
54397,normal,369,0,1782359000.265472,0.0019664764404296875
54398,normal,828,2,1782359000.2675052,0.002033233642578125
54399,normal,2433,0,1782359000.2695043,0.0019991397857666016
54400,normal,2069,0,1782359000.271472,0.0019676685333251953
54401,normal,2484,0,1782359000.2735515,0.002079486846923828
54402,normal,1361,1,1782359000.2755136,0.0019621849060058594
54403,normal,2010,0,1782359000.2774744,0.00196075439453125
54404,normal,198,0,1782359000.2795053,0.0020308494567871094
54405,normal,2631,0,1782359000.281506,0.0020008087158203125
54406,normal,2342,0,1782359000.283473,0.0019669532775878906
54407,normal,471,0,1782359000.2855058,0.002032756805419922
54408,normal,2824,0,1782359000.287503,0.001997232437133789
54409,normal,2997,0,1782359000.2894735,0.001970529556274414
54410,normal,928,2,1782359000.2915046,0.002031087875366211
54411,normal,724,0,1782359000.2935054,0.0020008087158203125
54412,normal,1325,1,1782359000.2954712,0.001965761184692383
54413,normal,564,0,1782359000.2975047,0.0020334720611572266
54414,normal,1268,0,1782359000.2995055,0.0020008087158203125
54415,normal,218,0,1782359000.3014703,0.0019648075103759766
54416,normal,1188,0,1782359000.303504,0.002033710479736328
54417,normal,3502,0,1782359000.3055067,0.002002716064453125
54418,normal,1027,2,1782359000.3074703,0.0019636154174804688
54419,normal,1900,0,1782359000.309502,0.002031564712524414
54420,normal,3299,1,1782359000.3115108,0.0020089149475097656
54421,normal,977,2,1782359000.3134723,0.0019614696502685547
54422,normal,669,0,1782359000.315601,0.0021288394927978516
54423,normal,2477,0,1782359000.3174715,0.0018703937530517578
54424,normal,3705,0,1782359000.3195055,0.0020339488983154297
54425,normal,2800,0,1782359000.3215203,0.0020148754119873047
54426,normal,543,0,1782359000.323515,0.001994609832763672
54427,normal,1227,0,1782359000.3254802,0.0019652843475341797
54428,normal,3472,0,1782359000.327508,0.002027750015258789
54429,normal,1882,0,1782359000.3295062,0.0019981861114501953
54430,normal,1216,0,1782359000.3314745,0.0019683837890625
54431,normal,1903,0,1782359000.3335059,0.0020313262939453125
54432,normal,2861,0,1782359000.335506,0.002000093460083008
54433,normal,1811,0,1782359000.337474,0.0019681453704833984
54434,normal,2100,0,1782359000.3395054,0.0020313262939453125
54435,normal,659,0,1782359000.3415053,0.0019998550415039062
54436,normal,220,0,1782359000.3434727,0.0019674301147460938
54437,normal,3107,1,1782359000.3456259,0.002153158187866211
54438,normal,2300,0,1782359000.3474739,0.001847982406616211
54439,normal,1823,0,1782359000.3495207,0.002046823501586914
54440,normal,3400,1,1782359000.3515313,0.0020105838775634766
54441,normal,1990,0,1782359000.3537183,0.002187013626098633
54442,normal,45,0,1782359000.3555062,0.0017879009246826172
54443,normal,2378,0,1782359000.3577065,0.0022003650665283203
54444,normal,1721,0,1782359000.3595064,0.0017998218536376953
54445,normal,2297,0,1782359000.3617382,0.0022318363189697266
54446,normal,1993,0,1782359000.3635058,0.0017676353454589844
54447,normal,2244,0,1782359000.3658662,0.0023603439331054688
54448,normal,1212,0,1782359000.3675363,0.0016701221466064453
54449,normal,598,0,1782359000.3698068,0.0022704601287841797
54450,normal,3677,0,1782359000.3715348,0.001728057861328125
54451,normal,3332,1,1782359000.373745,0.0022101402282714844
54452,normal,3016,0,1782359000.3755345,0.0017895698547363281
54453,normal,3398,1,1782359000.3777392,0.0022046566009521484
54454,normal,88,0,1782359000.3795433,0.0018041133880615234
54455,normal,2557,0,1782359000.3817365,0.0021932125091552734
54456,normal,3640,0,1782359000.383535,0.001798391342163086
54457,normal,3263,1,1782359000.3857484,0.0022134780883789062
54458,normal,1743,0,1782359000.3875337,0.0017852783203125
54459,normal,1850,0,1782359000.3897393,0.0022056102752685547
54460,normal,1328,1,1782359000.3915477,0.0018084049224853516
54461,normal,839,2,1782359000.3937426,0.0021948814392089844
54462,normal,956,2,1782359000.395533,0.0017905235290527344
54463,normal,1346,1,1782359000.3977325,0.002199411392211914
54464,normal,3553,0,1782359000.3995318,0.0017993450164794922
54465,normal,1629,0,1782359000.40175,0.0022182464599609375
54466,normal,901,2,1782359000.4035506,0.001800537109375
54467,normal,3014,0,1782359000.4057732,0.0022225379943847656
54468,normal,674,0,1782359000.4075136,0.0017404556274414062
54469,normal,1400,0,1782359000.409756,0.0022423267364501953
54470,normal,1016,2,1782359000.411536,0.0017800331115722656
54471,normal,157,0,1782359000.413746,0.0022101402282714844
54472,normal,112,0,1782359000.4155564,0.001810312271118164
54473,normal,2884,0,1782359000.4175336,0.001977205276489258
54474,normal,2292,0,1782359000.4197333,0.0021996498107910156
54475,normal,2690,0,1782359000.42156,0.0018267631530761719
54476,normal,3390,1,1782359000.4237397,0.0021796226501464844
54477,normal,3394,1,1782359000.4255161,0.0017764568328857422
54478,normal,593,0,1782359000.4277344,0.0022182464599609375
54479,normal,2321,0,1782359000.4295454,0.0018110275268554688
54480,normal,774,2,1782359000.4317322,0.0021867752075195312
54481,normal,2133,0,1782359000.433565,0.001832723617553711
54482,normal,1758,0,1782359000.4357386,0.0021736621856689453
54483,normal,426,0,1782359000.4375331,0.001794576644897461
54484,normal,1853,0,1782359000.4397311,0.0021979808807373047
54485,normal,1429,0,1782359000.4415343,0.0018031597137451172
54486,normal,876,2,1782359000.443734,0.0021996498107910156
54487,normal,3202,1,1782359000.4455702,0.0018362998962402344
54488,normal,569,0,1782359000.4477403,0.002170085906982422
54489,normal,881,2,1782359000.449534,0.0017936229705810547
54490,normal,3490,0,1782359000.4517305,0.0021965503692626953
54491,normal,3696,0,1782359000.4535325,0.0018019676208496094
54492,normal,1242,0,1782359000.4557354,0.0022029876708984375
54493,normal,2940,0,1782359000.4575748,0.0018393993377685547
54494,normal,3545,0,1782359000.4597363,0.0021615028381347656
54495,normal,165,0,1782359000.4615335,0.0017971992492675781
54496,normal,330,0,1782359000.4637322,0.0021986961364746094
54497,normal,3023,0,1782359000.465534,0.0018017292022705078
54498,normal,694,0,1782359000.467738,0.0022039413452148438
54499,normal,2589,0,1782359000.469581,0.0018429756164550781
54500,normal,2236,0,1782359000.4717572,0.0021762847900390625
54501,normal,420,0,1782359000.4737132,0.0019559860229492188
54502,normal,1745,0,1782359000.475793,0.0020797252655029297
54503,normal,1785,0,1782359000.4778042,0.0020112991333007812
54504,normal,2520,0,1782359000.4795601,0.0017559528350830078
54505,normal,3519,0,1782359000.4817665,0.0022063255310058594
54506,normal,2620,0,1782359000.483817,0.002050638198852539
54507,normal,3403,0,1782359000.4855525,0.0017354488372802734
54508,normal,2650,0,1782359000.4877949,0.0022423267364501953
54509,normal,1003,2,1782359000.489545,0.0017502307891845703
54510,normal,1891,0,1782359000.4917169,0.002171754837036133
54511,normal,2760,0,1782359000.4935882,0.001871347427368164
54512,normal,2798,0,1782359000.4957197,0.0021314620971679688
54513,normal,493,0,1782359000.4975114,0.0017917156219482422
54514,normal,4,0,1782359000.4997916,0.0022802352905273438
54515,normal,3077,1,1782359000.501508,0.0017163753509521484
54516,normal,24,0,1782359000.5037086,0.002200603485107422
54517,normal,802,2,1782359000.5055072,0.0017986297607421875
54518,normal,3199,1,1782359000.5077207,0.0022134780883789062
54519,normal,2373,0,1782359000.5095108,0.0017900466918945312
54520,normal,2552,0,1782359000.5117943,0.0022835731506347656
54521,normal,2122,0,1782359000.5135098,0.0017154216766357422
54522,normal,3,0,1782359000.5157065,0.002196788787841797
54523,normal,974,2,1782359000.517598,0.0018913745880126953
54524,normal,1943,0,1782359000.5197115,0.0021135807037353516
54525,normal,1941,0,1782359000.5215104,0.001798868179321289
54526,normal,2395,0,1782359000.5236979,0.002187490463256836
54527,normal,385,0,1782359000.5255084,0.0018105506896972656
54528,normal,2020,0,1782359000.5277133,0.00220489501953125
54529,normal,2952,0,1782359000.5295086,0.0017952919006347656
54530,normal,532,0,1782359000.5317125,0.0022039413452148438
54531,normal,2734,0,1782359000.533509,0.0017964839935302734
54532,normal,705,0,1782359000.5357115,0.0022025108337402344
54533,normal,1094,0,1782359000.5375087,0.0017971992492675781
54534,normal,3697,0,1782359000.53971,0.0022013187408447266
54535,normal,3694,0,1782359000.541509,0.001798868179321289
54536,normal,1984,0,1782359000.5437136,0.0022046566009521484
54537,normal,2840,0,1782359000.5459275,0.0022139549255371094
54538,normal,15,0,1782359000.5476043,0.001676797866821289
54539,normal,2675,0,1782359000.5497942,0.0021898746490478516
54540,normal,2166,0,1782359000.551538,0.0017437934875488281
54541,normal,2529,0,1782359000.5537322,0.0021941661834716797
54542,normal,3666,0,1782359000.5555367,0.0018045902252197266
54543,normal,3638,0,1782359000.557737,0.0022003650665283203
54544,normal,3174,1,1782359000.5596154,0.0018782615661621094
54545,normal,1401,0,1782359000.561738,0.002122640609741211
54546,normal,746,0,1782359000.5635364,0.001798391342163086
54547,normal,3006,0,1782359000.5657296,0.0021932125091552734
54548,normal,1913,0,1782359000.5675352,0.0018055438995361328
54549,normal,3162,1,1782359000.56973,0.0021948814392089844
54550,normal,1273,0,1782359000.571622,0.0018918514251708984
54551,normal,2442,0,1782359000.5737634,0.0021414756774902344
54552,normal,3376,1,1782359000.5755339,0.0017704963684082031
54553,normal,3393,1,1782359000.5777318,0.0021979808807373047
54554,normal,3205,1,1782359000.579537,0.0018050670623779297
54555,normal,1004,2,1782359000.5817301,0.0021932125091552734
54556,normal,3562,0,1782359000.5836258,0.0018956661224365234
54557,normal,76,0,1782359000.5857444,0.0021185874938964844
54558,normal,1909,0,1782359000.5875354,0.0017910003662109375
54559,normal,131,0,1782359000.5898342,0.0022988319396972656
54560,normal,338,0,1782359000.591535,0.0017008781433105469
54561,normal,2189,0,1782359000.5937297,0.002194643020629883
54562,normal,1907,0,1782359000.5955317,0.0018019676208496094
54563,normal,197,0,1782359000.5977435,0.0022118091583251953
54564,normal,507,0,1782359000.599537,0.0017933845520019531
54565,normal,2781,0,1782359000.6017492,0.0022122859954833984
54566,normal,465,0,1782359000.603538,0.0017888545989990234
54567,normal,407,0,1782359000.6057332,0.002195119857788086
54568,normal,2550,0,1782359000.6075387,0.0018055438995361328
54569,normal,3039,0,1782359000.609779,0.0022401809692382812
54570,normal,1965,0,1782359000.6115348,0.0017559528350830078
54571,normal,2121,0,1782359000.6137366,0.0022017955780029297
54572,normal,2024,0,1782359000.6155338,0.0017971992492675781
54573,normal,2571,0,1782359000.6177356,0.0022017955780029297
54574,normal,226,0,1782359000.6195428,0.0018072128295898438
54575,normal,3268,1,1782359000.6217446,0.0022017955780029297
54576,normal,3079,1,1782359000.6235476,0.0018029212951660156
54577,normal,2326,0,1782359000.6257355,0.002187967300415039
54578,normal,2051,0,1782359000.6275325,0.0017969608306884766
54579,normal,2187,0,1782359000.6297357,0.002203226089477539
54580,normal,2892,0,1782359000.6315472,0.0018115043640136719
54581,normal,927,2,1782359000.633743,0.0021958351135253906
54582,normal,1668,0,1782359000.6355329,0.0017898082733154297
54583,normal,1580,0,1782359000.637736,0.002203226089477539
54584,normal,1938,0,1782359000.639532,0.0017960071563720703
54585,normal,1105,0,1782359000.6417367,0.0022046566009521484
54586,normal,942,2,1782359000.643552,0.0018153190612792969
54587,normal,3419,0,1782359000.645742,0.0021898746490478516
54588,normal,1476,0,1782359000.6475508,0.0018088817596435547
54589,normal,1081,0,1782359000.649736,0.0021851062774658203
54590,normal,871,2,1782359000.6515355,0.0017995834350585938
54591,normal,2865,0,1782359000.653741,0.002205371856689453
54592,normal,301,0,1782359000.6555583,0.001817464828491211
54593,normal,1524,0,1782359000.657749,0.0021905899047851562
54594,normal,957,2,1782359000.6595318,0.0017828941345214844
54595,normal,3641,0,1782359000.661738,0.002206087112426758
54596,normal,2353,0,1782359000.66354,0.0018019676208496094
54597,normal,243,0,1782359000.665736,0.002196073532104492
54598,normal,3621,0,1782359000.6675632,0.001827239990234375
54599,normal,2772,0,1782359000.6697469,0.002183675765991211
54600,normal,2267,0,1782359000.6715326,0.0017857551574707031
54601,normal,950,2,1782359000.6737394,0.0022068023681640625
54602,normal,3614,0,1782359000.6755486,0.0018091201782226562
54603,normal,3166,1,1782359000.6783288,0.0027801990509033203
54604,normal,632,0,1782359000.679541,0.0012123584747314453
54605,normal,281,0,1782359000.6815343,0.0019931793212890625
54606,normal,824,2,1782359000.683721,0.0021867752075195312
54607,normal,1598,0,1782359000.6855326,0.0018115043640136719
54608,normal,3703,0,1782359000.6877446,0.002212047576904297
54609,normal,2718,0,1782359000.6895325,0.0017879009246826172
54610,normal,638,0,1782359000.6917894,0.0022568702697753906
54611,normal,3216,1,1782359000.6935613,0.0017719268798828125
54612,normal,2414,0,1782359000.6957464,0.0021851062774658203
54613,normal,3264,1,1782359000.697528,0.001781463623046875
54614,normal,3272,1,1782359000.6995366,0.002008676528930664
54615,normal,1408,0,1782359000.7017524,0.002215862274169922
54616,normal,1593,0,1782359000.7035334,0.0017809867858886719
54617,normal,695,0,1782359000.7057455,0.002212047576904297
54618,normal,366,0,1782359000.7075348,0.0017893314361572266
54619,normal,2756,0,1782359000.7097414,0.002206563949584961
54620,normal,3190,1,1782359000.7115347,0.0017933845520019531
54621,normal,3420,0,1782359000.713741,0.0022063255310058594
54622,normal,2115,0,1782359000.7155323,0.001791238784790039
54623,normal,3009,0,1782359000.717755,0.002222776412963867
54624,normal,3687,0,1782359000.7195337,0.0017786026000976562
54625,normal,2472,0,1782359000.721749,0.0022153854370117188
54626,normal,3284,1,1782359000.7235324,0.0017833709716796875
54627,normal,843,2,1782359000.7257388,0.0022063255310058594
54628,normal,1575,0,1782359000.7275865,0.0018477439880371094
54629,normal,1983,0,1782359000.7297466,0.0021600723266601562
54630,normal,1005,2,1782359000.7315333,0.0017867088317871094
54631,normal,3577,0,1782359000.7337396,0.0022063255310058594
54632,normal,1805,0,1782359000.7355325,0.00179290771484375
54633,normal,2820,0,1782359000.7377396,0.002207040786743164
54634,normal,3035,0,1782359000.739592,0.0018525123596191406
54635,normal,1967,0,1782359000.741749,0.002156972885131836
54636,normal,1355,1,1782359000.7435348,0.0017857551574707031
54637,normal,3515,0,1782359000.7457402,0.002205371856689453
54638,normal,2194,0,1782359000.7475321,0.0017919540405273438
54639,normal,2989,0,1782359000.7495353,0.002003192901611328
54640,normal,2469,0,1782359000.7517486,0.0022132396697998047
54641,normal,241,0,1782359000.7535326,0.0017840862274169922
54642,normal,2775,0,1782359000.7557411,0.0022084712982177734
54643,normal,2837,0,1782359000.7575989,0.001857757568359375
54644,normal,234,0,1782359000.75975,0.002151012420654297
54645,normal,3552,0,1782359000.761532,0.0017821788787841797
54646,normal,35,0,1782359000.7637422,0.0022101402282714844
54647,normal,3494,0,1782359000.7655327,0.0017905235290527344
54648,normal,575,0,1782359000.76774,0.0022072792053222656
54649,normal,2656,0,1782359000.7696035,0.0018634796142578125
54650,normal,602,0,1782359000.7717474,0.00214385986328125
54651,normal,719,0,1782359000.7735322,0.0017848014831542969
54652,normal,2237,0,1782359000.775816,0.002283811569213867
54653,normal,2505,0,1782359000.7775335,0.0017175674438476562
54654,normal,607,0,1782359000.779754,0.0022203922271728516
54655,normal,2759,0,1782359000.781608,0.0018541812896728516
54656,normal,1297,0,1782359000.7837539,0.0021457672119140625
54657,normal,382,0,1782359000.7855306,0.0017766952514648438
54658,normal,2306,0,1782359000.7877414,0.002210855484008789
54659,normal,1223,0,1782359000.789532,0.0017905235290527344
54660,normal,1042,0,1782359000.7917395,0.002207517623901367
54661,normal,2178,0,1782359000.7936127,0.0018732547760009766
54662,normal,1228,0,1782359000.7957478,0.002135038375854492
54663,normal,1153,0,1782359000.7975314,0.001783609390258789
54664,normal,3436,0,1782359000.7997425,0.0022110939025878906
54665,normal,685,0,1782359000.801533,0.0017905235290527344
54666,normal,528,0,1782359000.8037384,0.002205371856689453
54667,normal,98,0,1782359000.8056188,0.0018804073333740234
54668,normal,2390,0,1782359000.8077447,0.002125978469848633
54669,normal,160,0,1782359000.8095329,0.0017881393432617188
54670,normal,2465,0,1782359000.8115327,0.0019998550415039062
54671,normal,2609,0,1782359000.8135326,0.0019998550415039062
54672,normal,2399,0,1782359000.815742,0.0022094249725341797
54673,normal,3387,1,1782359000.8176234,0.0018813610076904297
54674,normal,25,0,1782359000.8197525,0.002129077911376953
54675,normal,938,2,1782359000.8215322,0.001779794692993164
54676,normal,334,0,1782359000.8237514,0.0022192001342773438
54677,normal,1543,0,1782359000.8255324,0.0017809867858886719
54678,normal,1879,0,1782359000.8277328,0.0022003650665283203
54679,normal,3559,0,1782359000.829532,0.0017991065979003906
54680,normal,1455,0,1782359000.831722,0.002190113067626953
54681,normal,179,0,1782359000.8335414,0.0018193721771240234
54682,normal,668,0,1782359000.8355277,0.001986265182495117
54683,normal,3267,1,1782359000.8377514,0.0022237300872802734
54684,normal,2971,0,1782359000.83951,0.001758575439453125
54685,normal,2327,0,1782359000.8417273,0.0022172927856445312
54686,normal,3177,1,1782359000.8435423,0.0018150806427001953
54687,normal,3523,0,1782359000.8457067,0.0021643638610839844
54688,normal,431,0,1782359000.8475072,0.001800537109375
54689,normal,1341,1,1782359000.8497066,0.002199411392211914
54690,normal,2256,0,1782359000.8515067,0.0018000602722167969
54691,normal,1546,0,1782359000.853655,0.0021483898162841797
54692,normal,985,2,1782359000.855509,0.00185394287109375
54693,normal,1114,0,1782359000.857705,0.002196073532104492
54694,normal,1567,0,1782359000.8595052,0.0018000602722167969
54695,normal,2489,0,1782359000.86171,0.00220489501953125
54696,normal,3328,1,1782359000.86362,0.0019099712371826172
54697,normal,313,0,1782359000.865799,0.0021789073944091797
54698,normal,1681,0,1782359000.8675067,0.0017077922821044922
54699,normal,285,0,1782359000.8696563,0.0021495819091796875
54700,normal,2099,0,1782359000.871506,0.0018496513366699219
54701,normal,2456,0,1782359000.873656,0.0021500587463378906
54702,normal,1049,0,1782359000.8755076,0.0018515586853027344
54703,normal,955,2,1782359000.8776593,0.0021517276763916016
54704,normal,1594,0,1782359000.8795133,0.00185394287109375
54705,normal,2021,0,1782359000.881658,0.0021448135375976562
54706,normal,524,0,1782359000.883506,0.001847982406616211
54707,normal,784,2,1782359000.8856566,0.0021505355834960938
54708,normal,1846,0,1782359000.8875065,0.0018498897552490234
54709,normal,26,0,1782359000.8896585,0.002151966094970703
54710,normal,713,0,1782359000.8915076,0.0018491744995117188
54711,normal,509,0,1782359000.8936558,0.002148151397705078
54712,normal,2038,0,1782359000.895507,0.0018513202667236328
54713,normal,293,0,1782359000.8977137,0.002206563949584961
54714,normal,1101,0,1782359000.8995056,0.0017919540405273438
54715,normal,2677,0,1782359000.9017124,0.0022068023681640625
54716,normal,566,0,1782359000.9035048,0.0017924308776855469
54717,normal,216,0,1782359000.9056566,0.0021517276763916016
54718,normal,3605,0,1782359000.9075036,0.0018470287322998047
54719,normal,1975,0,1782359000.9096584,0.002154827117919922
54720,normal,1676,0,1782359000.911513,0.0018546581268310547
54721,normal,2536,0,1782359000.9136589,0.0021457672119140625
54722,normal,658,0,1782359000.9155047,0.0018458366394042969
54723,normal,3610,0,1782359000.9177444,0.002239704132080078
54724,normal,3183,1,1782359000.9195647,0.0018203258514404297
54725,normal,3326,1,1782359000.921659,0.002094268798828125
54726,normal,2299,0,1782359000.9235077,0.0018486976623535156
54727,normal,584,0,1782359000.92566,0.0021522045135498047
54728,normal,1665,0,1782359000.9275062,0.0018463134765625
54729,normal,1910,0,1782359000.9296305,0.002124309539794922
54730,normal,971,2,1782359000.9316573,0.002026796340942383
54731,normal,589,0,1782359000.933506,0.0018486976623535156
54732,normal,1209,0,1782359000.9357095,0.0022034645080566406
54733,normal,2432,0,1782359000.9375038,0.0017943382263183594
54734,normal,944,2,1782359000.939795,0.0022912025451660156
54735,normal,126,0,1782359000.941506,0.0017108917236328125
54736,normal,2725,0,1782359000.943773,0.002267122268676758
54737,normal,107,0,1782359000.9455059,0.0017328262329101562
54738,normal,2669,0,1782359000.9476564,0.0021505355834960938
54739,normal,1219,0,1782359000.9495277,0.001871347427368164
54740,normal,2574,0,1782359000.9517071,0.002179384231567383
54741,normal,3058,1,1782359000.9535098,0.001802682876586914
54742,normal,3595,0,1782359000.9557765,0.0022666454315185547
54743,normal,865,2,1782359000.957506,0.0017294883728027344
54744,normal,813,2,1782359000.959657,0.002151012420654297
54745,normal,1072,0,1782359000.9615042,0.0018472671508789062
54746,normal,785,2,1782359000.9636586,0.0021543502807617188
54747,normal,3531,0,1782359000.9655306,0.0018720626831054688
54748,normal,1044,0,1782359000.9677837,0.0022530555725097656
54749,normal,2428,0,1782359000.969506,0.0017223358154296875
54750,normal,2464,0,1782359000.971658,0.002151966094970703
54751,normal,995,2,1782359000.9735048,0.0018467903137207031
54752,normal,3345,1,1782359000.9756596,0.002154827117919922
54753,normal,1830,0,1782359000.9775062,0.0018465518951416016
54754,normal,2564,0,1782359000.9797878,0.002281665802001953
54755,normal,3599,0,1782359000.9815044,0.00171661376953125
54756,normal,615,0,1782359000.9836574,0.0021529197692871094
54757,normal,3043,0,1782359000.985502,0.001844644546508789
54758,normal,827,2,1782359000.9876559,0.0021538734436035156
54759,normal,3134,1,1782359000.9895055,0.0018496513366699219
54760,normal,2273,0,1782359000.991793,0.0022873878479003906
54761,normal,1765,0,1782359000.9935048,0.0017118453979492188
54762,normal,3468,0,1782359000.995655,0.002150297164916992
54763,normal,2198,0,1782359000.997505,0.0018498897552490234
54764,normal,190,0,1782359000.999729,0.002223968505859375
54765,normal,1867,0,1782359001.0015047,0.0017757415771484375
54766,normal,307,0,1782359001.0036547,0.0021500587463378906
54767,normal,1603,0,1782359001.0055115,0.0018568038940429688
54768,normal,2157,0,1782359001.0076573,0.0021457672119140625
54769,normal,443,0,1782359001.0095046,0.0018472671508789062
54770,normal,1499,0,1782359001.0116606,0.0021560192108154297
54771,normal,763,0,1782359001.013512,0.0018513202667236328
54772,normal,3046,1,1782359001.0156596,0.002147674560546875
54773,normal,858,2,1782359001.0175037,0.001844167709350586
54774,normal,745,0,1782359001.019657,0.002153158187866211
54775,normal,193,0,1782359001.021505,0.0018482208251953125
54776,normal,1248,0,1782359001.0236564,0.0021512508392333984
54777,normal,739,0,1782359001.025505,0.0018486976623535156
54778,normal,2626,0,1782359001.0277102,0.0022051334381103516
54779,normal,173,0,1782359001.0295036,0.0017933845520019531
54780,normal,1866,0,1782359001.0315075,0.002003908157348633
54781,normal,3520,0,1782359001.0337112,0.002203702926635742
54782,normal,340,0,1782359001.0355098,0.0017986297607421875
54783,normal,2780,0,1782359001.0377066,0.002196788787841797
54784,normal,2558,0,1782359001.0395067,0.0018000602722167969
54785,normal,2192,0,1782359001.0416574,0.0021507740020751953
54786,normal,1946,0,1782359001.043506,0.001848459243774414
54787,normal,2758,0,1782359001.045717,0.0022110939025878906
54788,normal,815,2,1782359001.047504,0.001786947250366211
54789,normal,2425,0,1782359001.049714,0.0022101402282714844
54790,normal,3701,0,1782359001.0515034,0.0017893314361572266
54791,normal,1174,0,1782359001.0537124,0.0022089481353759766
54792,normal,2614,0,1782359001.0555048,0.0017924308776855469
54793,normal,943,2,1782359001.0577238,0.002218961715698242
54794,normal,857,2,1782359001.0595038,0.0017800331115722656
54795,normal,3476,0,1782359001.0616546,0.0021507740020751953
54796,normal,2903,0,1782359001.0635066,0.0018520355224609375
54797,normal,1620,0,1782359001.065656,0.002149343490600586
54798,normal,1586,0,1782359001.0675063,0.0018503665924072266
54799,normal,1123,0,1782359001.0697265,0.00222015380859375
54800,normal,1431,0,1782359001.071504,0.00177764892578125
54801,normal,809,2,1782359001.0736566,0.0021524429321289062
54802,normal,1718,0,1782359001.075523,0.0018663406372070312
54803,normal,970,2,1782359001.0777087,0.002185821533203125
54804,normal,1904,0,1782359001.0795035,0.0017948150634765625
54805,normal,83,0,1782359001.0815341,0.002030611038208008
54806,normal,1577,0,1782359001.0836556,0.002121448516845703
54807,normal,568,0,1782359001.0855055,0.0018498897552490234
54808,normal,1030,0,1782359001.0877335,0.0022280216217041016
54809,normal,874,2,1782359001.0895042,0.0017707347869873047
54810,normal,2897,0,1782359001.091706,0.0022017955780029297
54811,normal,1038,0,1782359001.0935037,0.0017976760864257812
54812,normal,1693,0,1782359001.0956564,0.002152681350708008
54813,normal,3366,1,1782359001.0975041,0.0018477439880371094
54814,normal,1089,0,1782359001.0997396,0.00223541259765625
54815,normal,684,0,1782359001.1015034,0.0017638206481933594
54816,normal,1937,0,1782359001.1036553,0.002151966094970703
54817,normal,3681,0,1782359001.1055033,0.001847982406616211
54818,normal,541,0,1782359001.1077302,0.0022268295288085938
54819,normal,760,0,1782359001.109505,0.0017747879028320312
54820,normal,3405,0,1782359001.1117606,0.002255678176879883
54821,normal,3644,0,1782359001.1135073,0.0017466545104980469
54822,normal,1399,0,1782359001.115655,0.002147674560546875
54823,normal,891,2,1782359001.1175466,0.0018916130065917969
54824,normal,2797,0,1782359001.1197493,0.002202749252319336
54825,normal,3624,0,1782359001.1215107,0.0017614364624023438
54826,normal,2769,0,1782359001.1237085,0.002197742462158203
54827,normal,896,2,1782359001.1255298,0.001821279525756836
54828,normal,2528,0,1782359001.127657,0.0021271705627441406
54829,normal,1998,0,1782359001.129515,0.0018579959869384766
54830,normal,2128,0,1782359001.1317186,0.002203702926635742
54831,normal,376,0,1782359001.1335163,0.0017976760864257812
54832,normal,3004,0,1782359001.1356583,0.0021419525146484375
54833,normal,3185,1,1782359001.137506,0.0018477439880371094
54834,normal,56,0,1782359001.1396568,0.0021507740020751953
54835,normal,16,0,1782359001.1415052,0.001848459243774414
54836,normal,1331,1,1782359001.1436563,0.002151012420654297
54837,normal,2710,0,1782359001.145505,0.0018486976623535156
54838,normal,1470,0,1782359001.147706,0.002201080322265625
54839,normal,1829,0,1782359001.149504,0.0017979145050048828
54840,normal,840,2,1782359001.1516583,0.0021543502807617188
54841,normal,208,0,1782359001.1535048,0.0018465518951416016
54842,normal,97,0,1782359001.1556563,0.0021514892578125
54843,normal,3238,1,1782359001.157504,0.0018477439880371094
54844,normal,29,0,1782359001.1596599,0.002155780792236328
54845,normal,3029,0,1782359001.1615086,0.0018486976623535156
54846,normal,191,0,1782359001.1636574,0.002148866653442383
54847,normal,2927,0,1782359001.1655104,0.0018529891967773438
54848,normal,2975,0,1782359001.1676576,0.002147197723388672
54849,normal,2043,0,1782359001.1695118,0.0018541812896728516
54850,normal,117,0,1782359001.1716597,0.0021479129791259766
54851,normal,2931,0,1782359001.1735065,0.0018467903137207031
54852,normal,1706,0,1782359001.1757236,0.0022170543670654297
54853,normal,3427,0,1782359001.1775043,0.0017807483673095703
54854,normal,2156,0,1782359001.1796558,0.0021514892578125
54855,normal,2939,0,1782359001.181545,0.0018892288208007812
54856,normal,2546,0,1782359001.1837738,0.0022287368774414062
54857,normal,2331,0,1782359001.185506,0.0017323493957519531
54858,normal,128,0,1782359001.1876583,0.0021522045135498047
54859,normal,298,0,1782359001.1895049,0.0018465518951416016
54860,normal,215,0,1782359001.1916559,0.002151012420654297
54861,normal,2179,0,1782359001.1935062,0.0018503665924072266
54862,normal,2329,0,1782359001.1957285,0.002222299575805664
54863,normal,1542,0,1782359001.1975062,0.00177764892578125
54864,normal,900,2,1782359001.199655,0.002148866653442383
54865,normal,653,0,1782359001.2015824,0.0019273757934570312
54866,normal,2253,0,1782359001.2036576,0.0020751953125
54867,normal,288,0,1782359001.2055051,0.0018475055694580078
54868,normal,2717,0,1782359001.2077825,0.002277374267578125
54869,normal,1949,0,1782359001.2095118,0.0017292499542236328
54870,normal,902,2,1782359001.211705,0.0021932125091552734
54871,normal,2898,0,1782359001.2135043,0.0017993450164794922
54872,normal,183,0,1782359001.2156582,0.0021538734436035156
54873,normal,3560,0,1782359001.2175071,0.0018489360809326172
54874,normal,1996,0,1782359001.2197866,0.002279520034790039
54875,normal,2900,0,1782359001.2215028,0.0017161369323730469
54876,normal,1991,0,1782359001.223658,0.002155303955078125
54877,normal,1564,0,1782359001.2255037,0.0018455982208251953
54878,normal,2973,0,1782359001.2276552,0.0021514892578125
54879,normal,2678,0,1782359001.2295048,0.0018496513366699219
54880,normal,453,0,1782359001.23179,0.0022852420806884766
54881,normal,626,0,1782359001.2335043,0.0017142295837402344
54882,normal,1520,0,1782359001.2356582,0.0021538734436035156
54883,normal,108,0,1782359001.237505,0.0018467903137207031
54884,normal,1699,0,1782359001.2397106,0.0022056102752685547
54885,normal,3195,1,1782359001.241502,0.0017914772033691406
54886,normal,909,2,1782359001.243655,0.0021529197692871094
54887,normal,1321,1,1782359001.2455037,0.0018486976623535156
54888,normal,171,0,1782359001.2477083,0.0022046566009521484
54889,normal,1309,0,1782359001.2495046,0.0017962455749511719
54890,normal,456,0,1782359001.2516599,0.002155303955078125
54891,normal,710,0,1782359001.2535052,0.0018453598022460938
54892,normal,3604,0,1782359001.2556596,0.0021543502807617188
54893,normal,3344,1,1782359001.2575037,0.001844167709350586
54894,normal,1407,0,1782359001.2596557,0.002151966094970703
54895,normal,1610,0,1782359001.2615116,0.0018558502197265625
54896,normal,3050,1,1782359001.2636557,0.0021440982818603516
54897,normal,32,0,1782359001.2655048,0.0018491744995117188
54898,normal,239,0,1782359001.2677143,0.0022094249725341797
54899,normal,2886,0,1782359001.2695036,0.0017893314361572266
54900,normal,3091,1,1782359001.2716568,0.002153158187866211
54901,normal,676,0,1782359001.273505,0.0018482208251953125
54902,normal,2416,0,1782359001.2756555,0.0021505355834960938
54903,normal,232,0,1782359001.2775183,0.0018627643585205078
54904,normal,699,0,1782359001.2798843,0.0023660659790039062
54905,normal,606,0,1782359001.2816496,0.0017652511596679688
54906,normal,3116,1,1782359001.2835083,0.0018587112426757812
54907,normal,389,0,1782359001.285655,0.0021467208862304688
54908,normal,168,0,1782359001.287512,0.0018570423126220703
54909,normal,450,0,1782359001.2897944,0.002282381057739258
54910,normal,820,2,1782359001.291508,0.0017135143280029297
54911,normal,2668,0,1782359001.293708,0.0022001266479492188
54912,normal,1793,0,1782359001.295509,0.0018010139465332031
54913,normal,473,0,1782359001.297655,0.002146005630493164
54914,normal,1724,0,1782359001.2995052,0.001850128173828125
54915,normal,1113,0,1782359001.301743,0.0022377967834472656
54916,normal,2743,0,1782359001.3035095,0.0017664432525634766
54917,normal,879,2,1782359001.3056579,0.0021483898162841797
54918,normal,1635,0,1782359001.307505,0.0018470287322998047
54919,normal,1960,0,1782359001.3096516,0.0021467208862304688
54920,normal,3175,1,1782359001.3115048,0.0018532276153564453
54921,normal,1511,0,1782359001.313659,0.002154111862182617
54922,normal,1314,0,1782359001.315507,0.001847982406616211
54923,normal,1066,0,1782359001.3176553,0.0021483898162841797
54924,normal,1415,0,1782359001.3195052,0.0018498897552490234
54925,normal,3663,0,1782359001.3216543,0.0021491050720214844
54926,normal,42,0,1782359001.323506,0.001851797103881836
54927,normal,3337,1,1782359001.3257039,0.002197742462158203
54928,normal,2230,0,1782359001.3275073,0.0018033981323242188
54929,normal,1650,0,1782359001.32971,0.002202749252319336
54930,normal,2315,0,1782359001.3315063,0.0017962455749511719
54931,normal,2066,0,1782359001.333656,0.002149820327758789
54932,normal,798,2,1782359001.3355045,0.001848459243774414
54933,normal,3230,1,1782359001.3376582,0.002153635025024414
54934,normal,2022,0,1782359001.3395038,0.0018455982208251953
54935,normal,2169,0,1782359001.3416555,0.0021517276763916016
54936,normal,3399,1,1782359001.34351,0.0018544197082519531
54937,normal,1259,0,1782359001.3458393,0.0023293495178222656
54938,normal,823,2,1782359001.3477764,0.0019371509552001953
54939,normal,1306,0,1782359001.349695,0.0019185543060302734
54940,normal,1469,0,1782359001.3518977,0.002202749252319336
54941,normal,2457,0,1782359001.3535688,0.0016710758209228516
54942,normal,1251,0,1782359001.3558846,0.0023157596588134766
54943,normal,3288,1,1782359001.357711,0.0018265247344970703
54944,normal,512,0,1782359001.3595552,0.001844167709350586
54945,normal,368,0,1782359001.3618844,0.002329111099243164
54946,normal,1254,0,1782359001.3638241,0.0019397735595703125
54947,normal,410,0,1782359001.3657598,0.001935720443725586
54948,normal,762,0,1782359001.3677347,0.001974821090698242
54949,normal,204,0,1782359001.3698506,0.002115964889526367
54950,normal,1154,0,1782359001.3715577,0.0017070770263671875
54951,normal,3455,0,1782359001.3738837,0.0023260116577148438
54952,normal,103,0,1782359001.3757079,0.0018241405487060547
54953,normal,727,0,1782359001.3775566,0.0018486976623535156
54954,normal,596,0,1782359001.3797011,0.0021445751190185547
54955,normal,264,0,1782359001.3818784,0.0021772384643554688
54956,normal,2825,0,1782359001.3835585,0.001680135726928711
54957,normal,969,2,1782359001.385886,0.002327442169189453
54958,normal,2368,0,1782359001.38771,0.0018241405487060547
54959,normal,3648,0,1782359001.3897552,0.002045154571533203
54960,normal,2881,0,1782359001.3917146,0.0019593238830566406
54961,normal,2062,0,1782359001.393878,0.002163410186767578
54962,normal,1218,0,1782359001.3955572,0.0016791820526123047
54963,normal,2601,0,1782359001.3978891,0.002331972122192383
54964,normal,1284,0,1782359001.3997025,0.0018134117126464844
54965,normal,447,0,1782359001.40175,0.0020475387573242188
54966,normal,649,0,1782359001.4037306,0.0019805431365966797
54967,normal,2023,0,1782359001.4058685,0.002137899398803711
54968,normal,842,2,1782359001.4075592,0.0016906261444091797
54969,normal,3025,0,1782359001.4099026,0.002343416213989258
54970,normal,3580,0,1782359001.4117053,0.001802682876586914
54971,normal,1797,0,1782359001.4137483,0.002043008804321289
54972,normal,1670,0,1782359001.4157195,0.0019712448120117188
54973,normal,3481,0,1782359001.4178789,0.0021593570709228516
54974,normal,1278,0,1782359001.4195564,0.0016775131225585938
54975,normal,2027,0,1782359001.4218867,0.002330303192138672
54976,normal,1972,0,1782359001.4237223,0.0018355846405029297
54977,normal,2829,0,1782359001.425751,0.0020287036895751953
54978,normal,1916,0,1782359001.4277196,0.0019686222076416016
54979,normal,1514,0,1782359001.4298797,0.0021600723266601562
54980,normal,3526,0,1782359001.431557,0.0016772747039794922
54981,normal,23,0,1782359001.4338841,0.0023272037506103516
54982,normal,28,0,1782359001.4357276,0.0018434524536132812
54983,normal,1573,0,1782359001.4375548,0.001827239990234375
54984,normal,1250,0,1782359001.4399078,0.0023529529571533203
54985,normal,2410,0,1782359001.4416986,0.001790761947631836
54986,normal,1707,0,1782359001.4437568,0.002058267593383789
54987,normal,229,0,1782359001.4457297,0.0019729137420654297
54988,normal,3247,1,1782359001.4479063,0.002176523208618164
54989,normal,2585,0,1782359001.449553,0.0016467571258544922
54990,normal,514,0,1782359001.4518888,0.002335786819458008
54991,normal,3244,1,1782359001.4537034,0.0018146038055419922
54992,normal,3322,1,1782359001.455742,0.0020384788513183594
54993,normal,2518,0,1782359001.4577312,0.0019893646240234375
54994,normal,1266,0,1782359001.4598527,0.002121448516845703
54995,normal,1570,0,1782359001.461555,0.0017023086547851562
54996,normal,396,0,1782359001.4639053,0.002350330352783203
54997,normal,2701,0,1782359001.4657,0.001794576644897461
54998,normal,1771,0,1782359001.4677548,0.002054929733276367
54999,normal,1318,0,1782359001.4697301,0.0019752979278564453
55000,normal,2107,0,1782359001.4718587,0.00212860107421875
55001,normal,1918,0,1782359001.4735584,0.001699686050415039
55002,normal,557,0,1782359001.4759307,0.002372264862060547
55003,normal,592,0,1782359001.4777102,0.0017795562744140625
55004,normal,2930,0,1782359001.4795535,0.0018432140350341797
55005,normal,2691,0,1782359001.4818857,0.0023322105407714844
55006,normal,893,2,1782359001.483748,0.0018622875213623047
55007,normal,80,0,1782359001.4857416,0.0019936561584472656
55008,normal,502,0,1782359001.4877326,0.0019910335540771484
55009,normal,212,0,1782359001.489918,0.002185344696044922
55010,normal,1053,0,1782359001.491554,0.0016360282897949219
55011,normal,1695,0,1782359001.493899,0.0023450851440429688
55012,normal,2658,0,1782359001.4957042,0.0018050670623779297
55013,normal,3586,0,1782359001.4977398,0.0020356178283691406
55014,normal,2030,0,1782359001.4997358,0.0019960403442382812
55015,normal,3501,0,1782359001.5018473,0.0021114349365234375
55016,normal,3047,1,1782359001.5035524,0.001705169677734375
55017,normal,2232,0,1782359001.505903,0.0023505687713623047
55018,normal,134,0,1782359001.5077035,0.001800537109375
55019,normal,2367,0,1782359001.5097413,0.0020377635955810547
55020,normal,1472,0,1782359001.5117404,0.0019991397857666016
55021,normal,409,0,1782359001.5136957,0.001955270767211914
55022,normal,2143,0,1782359001.515597,0.001901388168334961
55023,normal,2208,0,1782359001.5177388,0.002141714096069336
55024,normal,3053,1,1782359001.5198758,0.0021369457244873047
55025,normal,445,0,1782359001.5215588,0.0016829967498779297
55026,normal,371,0,1782359001.523911,0.0023522377014160156
55027,normal,3062,1,1782359001.5257633,0.001852273941040039
55028,normal,1173,0,1782359001.5275564,0.0017931461334228516
55029,normal,3651,0,1782359001.529904,0.0023474693298339844
55030,normal,973,2,1782359001.5317087,0.0018048286437988281
55031,normal,852,2,1782359001.5337431,0.002034425735473633
55032,normal,1100,0,1782359001.5357394,0.001996278762817383
55033,normal,1052,0,1782359001.537871,0.0021314620971679688
55034,normal,2785,0,1782359001.5395553,0.001684427261352539
55035,normal,1987,0,1782359001.5419147,0.0023593902587890625
55036,normal,2593,0,1782359001.5437033,0.0017886161804199219
55037,normal,446,0,1782359001.5455596,0.0018563270568847656
55038,normal,2821,0,1782359001.5479214,0.002361774444580078
55039,normal,1885,0,1782359001.549776,0.0018546581268310547
55040,normal,3592,0,1782359001.5517504,0.001974344253540039
55041,normal,1252,0,1782359001.5537362,0.001985788345336914
55042,normal,1661,0,1782359001.5559015,0.0021653175354003906
55043,normal,3392,1,1782359001.5575545,0.0016529560089111328
55044,normal,675,0,1782359001.5599263,0.0023717880249023438
55045,normal,3281,1,1782359001.5617037,0.0017774105072021484
55046,normal,1919,0,1782359001.5637574,0.0020537376403808594
55047,normal,952,2,1782359001.5657415,0.001984119415283203
55048,normal,2319,0,1782359001.5678573,0.0021157264709472656
55049,normal,1484,0,1782359001.569557,0.001699686050415039
55050,normal,1096,0,1782359001.571903,0.002346038818359375
55051,normal,3237,1,1782359001.5737112,0.00180816650390625
55052,normal,1643,0,1782359001.5755577,0.0018465518951416016
55053,normal,3578,0,1782359001.5779293,0.002371549606323242
55054,normal,3278,1,1782359001.5797007,0.0017714500427246094
55055,normal,1602,0,1782359001.5817518,0.002051115036010742
55056,normal,1784,0,1782359001.583742,0.001990079879760742
55057,normal,1056,0,1782359001.585853,0.002111196517944336
55058,normal,698,0,1782359001.5875576,0.0017044544219970703
55059,normal,3056,1,1782359001.5898826,0.0023250579833984375
55060,normal,1047,0,1782359001.5917928,0.0019102096557617188
55061,normal,2191,0,1782359001.5937536,0.00196075439453125
55062,normal,274,0,1782359001.5957417,0.0019881725311279297
55063,normal,2231,0,1782359001.59788,0.0021381378173828125
55064,normal,223,0,1782359001.5995648,0.0016849040985107422
55065,normal,2805,0,1782359001.6018791,0.002314329147338867
55066,normal,1360,1,1782359001.6038623,0.001983165740966797
55067,normal,3379,1,1782359001.605758,0.0018956661224365234
55068,normal,3114,1,1782359001.6077094,0.001951456069946289
55069,normal,696,0,1782359001.6098757,0.002166271209716797
55070,normal,1338,1,1782359001.6115558,0.001680135726928711
55071,normal,295,0,1782359001.6138725,0.002316713333129883
55072,normal,3454,0,1782359001.615712,0.0018393993377685547
55073,normal,135,0,1782359001.6177456,0.002033710479736328
55074,normal,2664,0,1782359001.6197026,0.001956939697265625
55075,normal,150,0,1782359001.6218784,0.0021758079528808594
55076,normal,1555,0,1782359001.6235535,0.0016751289367675781
55077,normal,302,0,1782359001.6258767,0.002323150634765625
55078,normal,892,2,1782359001.6277132,0.001836538314819336
55079,normal,1031,0,1782359001.6297414,0.002028226852416992
55080,normal,2796,0,1782359001.631711,0.001969575881958008
55081,normal,1582,0,1782359001.6338513,0.0021402835845947266
55082,normal,2007,0,1782359001.6355534,0.0017020702362060547
55083,normal,2719,0,1782359001.637893,0.002339601516723633
55084,normal,2400,0,1782359001.6397607,0.0018677711486816406
55085,normal,1974,0,1782359001.6415558,0.001795053482055664
55086,normal,3041,0,1782359001.643899,0.0023431777954101562
55087,normal,1078,0,1782359001.6456985,0.0017995834350585938
55088,normal,3497,0,1782359001.6475577,0.0018591880798339844
55089,normal,3265,1,1782359001.6498957,0.002337932586669922
55090,normal,3556,0,1782359001.651723,0.001827239990234375
55091,normal,3302,1,1782359001.6537545,0.002031564712524414
55092,normal,2855,0,1782359001.6557033,0.0019488334655761719
55093,normal,2427,0,1782359001.6578937,0.0021903514862060547
55094,normal,2827,0,1782359001.659559,0.001665353775024414
55095,normal,237,0,1782359001.6618986,0.002339601516723633
55096,normal,1539,0,1782359001.6637278,0.0018291473388671875
55097,normal,322,0,1782359001.6657581,0.0020303726196289062
55098,normal,1249,0,1782359001.6677034,0.0019452571868896484
55099,normal,915,2,1782359001.6698978,0.0021944046020507812
55100,normal,759,0,1782359001.6715608,0.0016629695892333984
55101,normal,734,0,1782359001.6739,0.0023391246795654297
55102,normal,2556,0,1782359001.6757157,0.0018157958984375
55103,normal,433,0,1782359001.6777608,0.002045154571533203
55104,normal,1717,0,1782359001.6797245,0.0019636154174804688
55105,normal,1449,0,1782359001.6818855,0.0021610260009765625
55106,normal,926,2,1782359001.6835601,0.001674652099609375
55107,normal,139,0,1782359001.685882,0.002321958541870117
55108,normal,1010,2,1782359001.6877372,0.0018551349639892578
55109,normal,3538,0,1782359001.6897516,0.0020143985748291016
55110,normal,1489,0,1782359001.691584,0.0018324851989746094
55111,normal,1187,0,1782359001.6938825,0.0022983551025390625
55112,normal,1504,0,1782359001.6955583,0.0016758441925048828
55113,normal,2221,0,1782359001.6978831,0.002324819564819336
55114,normal,3206,1,1782359001.69974,0.0018568038940429688
55115,normal,347,0,1782359001.7017562,0.002016305923461914
55116,normal,1199,0,1782359001.7037332,0.0019769668579101562
55117,normal,968,2,1782359001.7058935,0.002160310745239258
55118,normal,2639,0,1782359001.7075572,0.0016636848449707031
55119,normal,2577,0,1782359001.7099087,0.002351522445678711
55120,normal,2721,0,1782359001.7117054,0.001796722412109375
55121,normal,899,2,1782359001.713755,0.0020494461059570312
55122,normal,3536,0,1782359001.715718,0.0019631385803222656
55123,normal,3516,0,1782359001.7178664,0.0021483898162841797
55124,normal,1839,0,1782359001.7195609,0.0016944408416748047
55125,normal,2072,0,1782359001.7219126,0.0023517608642578125
55126,normal,3401,1,1782359001.723704,0.0017914772033691406
55127,normal,905,2,1782359001.7255595,0.0018553733825683594
55128,normal,3524,0,1782359001.7279167,0.0023572444915771484
55129,normal,2240,0,1782359001.7297091,0.0017924308776855469
55130,normal,3089,1,1782359001.7317543,0.002045154571533203
55131,normal,2061,0,1782359001.7337372,0.0019829273223876953
55132,normal,3229,1,1782359001.7359247,0.002187490463256836
55133,normal,2079,0,1782359001.7375596,0.001634836196899414
55134,normal,1599,0,1782359001.739912,0.002352476119995117
55135,normal,3484,0,1782359001.7417593,0.0018472671508789062
55136,normal,2275,0,1782359001.7437646,0.002005338668823242
55137,normal,219,0,1782359001.74574,0.0019752979278564453
55138,normal,230,0,1782359001.7478747,0.0021347999572753906
55139,normal,2583,0,1782359001.749561,0.0016863346099853516
55140,normal,1498,0,1782359001.75188,0.002318859100341797
55141,normal,2904,0,1782359001.753708,0.0018279552459716797
55142,normal,1656,0,1782359001.755757,0.0020492076873779297
55143,normal,1076,0,1782359001.7577407,0.001983642578125
55144,normal,1304,0,1782359001.7598772,0.0021364688873291016
55145,normal,3232,1,1782359001.7615595,0.001682281494140625
55146,normal,69,0,1782359001.7638824,0.0023229122161865234
55147,normal,2526,0,1782359001.7657008,0.0018184185028076172
55148,normal,2111,0,1782359001.7677562,0.0020554065704345703
55149,normal,1201,0,1782359001.7697432,0.001986980438232422
55150,normal,2042,0,1782359001.7718863,0.0021431446075439453
55151,normal,2074,0,1782359001.7735598,0.0016734600067138672
55152,normal,2076,0,1782359001.7758815,0.0023217201232910156
55153,normal,3059,1,1782359001.7777047,0.0018231868743896484
55154,normal,1011,2,1782359001.7795584,0.0018537044525146484
55155,normal,998,2,1782359001.7819154,0.002357006072998047
55156,normal,1014,2,1782359001.7837067,0.001791238784790039
55157,normal,1418,0,1782359001.7857542,0.0020475387573242188
55158,normal,2008,0,1782359001.7877407,0.0019865036010742188
55159,normal,9,0,1782359001.7898982,0.002157449722290039
55160,normal,1928,0,1782359001.7915597,0.001661539077758789
55161,normal,2422,0,1782359001.7939322,0.0023725032806396484
55162,normal,2129,0,1782359001.795705,0.0017728805541992188
55163,normal,3485,0,1782359001.7977464,0.002041339874267578
55164,normal,1170,0,1782359001.7997398,0.001993417739868164
55165,normal,1226,0,1782359001.8018851,0.0021452903747558594
55166,normal,2794,0,1782359001.8035626,0.0016775131225585938
55167,normal,605,0,1782359001.8059146,0.002351999282836914
55168,normal,2170,0,1782359001.8077059,0.001791238784790039
55169,normal,2809,0,1782359001.8097477,0.0020418167114257812
55170,normal,1779,0,1782359001.8117018,0.0019540786743164062
55171,normal,3622,0,1782359001.8138554,0.002153635025024414
55172,normal,1934,0,1782359001.8155587,0.0017032623291015625
55173,normal,2544,0,1782359001.81792,0.002361297607421875
55174,normal,2000,0,1782359001.8197105,0.0017905235290527344
55175,normal,1720,0,1782359001.8217547,0.002044200897216797
55176,normal,3368,1,1782359001.823744,0.0019893646240234375
55177,normal,1002,2,1782359001.8258927,0.0021486282348632812
55178,normal,989,2,1782359001.8275604,0.0016677379608154297
55179,normal,434,0,1782359001.8298807,0.0023202896118164062
55180,normal,1040,0,1782359001.8315508,0.0016701221466064453
55181,normal,1342,1,1782359001.833795,0.002244234085083008
55182,normal,2666,0,1782359001.83578,0.001984834671020508
55183,normal,2193,0,1782359001.8380613,0.0022814273834228516
55184,normal,720,0,1782359001.8395817,0.001520395278930664
55185,normal,2045,0,1782359001.841505,0.0019233226776123047
55186,normal,990,2,1782359001.8434892,0.001984119415283203
55187,normal,756,0,1782359001.8455527,0.0020635128021240234
55188,normal,2757,0,1782359001.8474476,0.0018949508666992188
55189,normal,1534,0,1782359001.849508,0.002060413360595703
55190,normal,209,0,1782359001.8515215,0.0020134449005126953
55191,normal,412,0,1782359001.8535204,0.0019989013671875
55192,normal,2506,0,1782359001.8555052,0.001984834671020508
55193,normal,2910,0,1782359001.8575163,0.0020110607147216797
55194,normal,180,0,1782359001.859813,0.0022966861724853516
55195,normal,3013,0,1782359001.8618767,0.002063751220703125
55196,normal,3649,0,1782359001.8635287,0.0016520023345947266
55197,normal,559,0,1782359001.8656228,0.0020940303802490234
55198,normal,1912,0,1782359001.8676257,0.0020029544830322266
55199,normal,461,0,1782359001.8696196,0.001993894577026367
55200,normal,2046,0,1782359001.8716345,0.0020148754119873047
55201,normal,591,0,1782359001.87362,0.0019855499267578125
55202,normal,1816,0,1782359001.875792,0.0021719932556152344
55203,normal,177,0,1782359001.8776171,0.001825094223022461
55204,normal,3532,0,1782359001.8797085,0.0020914077758789062
55205,normal,1496,0,1782359001.881625,0.0019164085388183594
55206,normal,1694,0,1782359001.8837476,0.002122640609741211
55207,normal,2219,0,1782359001.8856235,0.0018758773803710938
55208,normal,115,0,1782359001.8877432,0.002119779586791992
55209,normal,2944,0,1782359001.8896177,0.0018744468688964844
55210,normal,1834,0,1782359001.8916068,0.001989126205444336
55211,normal,151,0,1782359001.8935547,0.0019478797912597656
55212,normal,3361,1,1782359001.8957534,0.0021986961364746094
55213,normal,3187,1,1782359001.8976283,0.0018749237060546875
55214,normal,2238,0,1782359001.8996482,0.0020198822021484375
55215,normal,278,0,1782359001.9016237,0.001975536346435547
55216,normal,962,2,1782359001.9037476,0.0021238327026367188
55217,normal,119,0,1782359001.90563,0.0018825531005859375
55218,normal,1491,0,1782359001.90774,0.002110004425048828
55219,normal,877,2,1782359001.909624,0.0018839836120605469
55220,normal,300,0,1782359001.9117587,0.002134561538696289
55221,normal,1672,0,1782359001.9136114,0.0018527507781982422
55222,normal,531,0,1782359001.91571,0.002098560333251953
55223,normal,99,0,1782359001.917829,0.0021190643310546875
55224,normal,3256,1,1782359001.9197247,0.0018956661224365234
55225,normal,2696,0,1782359001.922156,0.0024313926696777344
55226,normal,1134,0,1782359001.9235044,0.001348257064819336
55227,normal,549,0,1782359001.9256077,0.0021033287048339844
55228,normal,2644,0,1782359001.9275618,0.0019540786743164062
55229,normal,804,2,1782359001.9295049,0.0019431114196777344
55230,normal,3503,0,1782359001.9315803,0.0020754337310791016
55231,normal,1613,0,1782359001.9335546,0.001974344253540039
55232,normal,2924,0,1782359001.9357357,0.0021810531616210938
55233,normal,1308,0,1782359001.9375298,0.0017940998077392578
55234,normal,1935,0,1782359001.9396083,0.002078533172607422
55235,normal,129,0,1782359001.9415586,0.0019502639770507812
55236,normal,333,0,1782359001.9437037,0.002145051956176758
55237,normal,1176,0,1782359001.9457278,0.0020241737365722656
55238,normal,3030,0,1782359001.9474864,0.001758575439453125
55239,normal,1485,0,1782359001.9496052,0.002118825912475586
55240,normal,335,0,1782359001.9516058,0.002000570297241211
55241,normal,1411,0,1782359001.9534934,0.0018875598907470703
55242,normal,1430,0,1782359001.9555874,0.0020940303802490234
55243,normal,2053,0,1782359001.9575987,0.0020112991333007812
55244,normal,257,0,1782359001.9595108,0.0019121170043945312
55245,normal,772,2,1782359001.9616296,0.002118825912475586
55246,normal,2670,0,1782359001.963729,0.002099275588989258
55247,normal,3117,1,1782359001.9655478,0.0018188953399658203
55248,normal,393,0,1782359001.9674964,0.0019485950469970703
55249,normal,2171,0,1782359001.9695764,0.0020799636840820312
55250,normal,2723,0,1782359001.971452,0.0018756389617919922
55251,normal,1865,0,1782359001.9735126,0.0020606517791748047
55252,normal,3547,0,1782359001.975518,0.002005338668823242
55253,normal,3656,0,1782359001.9774957,0.001977682113647461
55254,normal,2139,0,1782359001.9795973,0.0021016597747802734
55255,normal,2055,0,1782359001.981621,0.0020236968994140625
55256,normal,1124,0,1782359001.9834948,0.0018737316131591797
55257,normal,2993,0,1782359001.9855452,0.0020503997802734375
55258,normal,3448,0,1782359001.9875581,0.002012968063354492
55259,normal,1760,0,1782359001.9895375,0.001979351043701172
55260,normal,1,0,1782359001.9914377,0.0019001960754394531
55261,normal,1021,2,1782359001.9935284,0.0020906925201416016
55262,normal,2161,0,1782359001.9955118,0.0019834041595458984
55263,normal,811,2,1782359001.9977999,0.0022881031036376953
55264,normal,1517,0,1782359001.9995599,0.0017600059509277344
55265,normal,3031,0,1782359002.0015907,0.0020308494567871094
55266,normal,3203,1,1782359002.0037208,0.0021300315856933594
55267,normal,1131,0,1782359002.0059552,0.0022344589233398438
55268,normal,2269,0,1782359002.0075572,0.0016019344329833984
55269,normal,2638,0,1782359002.0096605,0.0021033287048339844
55270,normal,207,0,1782359002.0116987,0.002038240432739258
55271,normal,1365,1,1782359002.0134604,0.0017616748809814453
55272,normal,3020,0,1782359002.0155296,0.002069234848022461
55273,normal,3231,1,1782359002.0175219,0.0019922256469726562
55274,normal,3645,0,1782359002.0195408,0.0020189285278320312
55275,normal,1652,0,1782359002.0214193,0.001878499984741211
55276,normal,255,0,1782359002.0235233,0.002104043960571289
55277,normal,1000,2,1782359002.0254283,0.0019049644470214844
55278,normal,522,0,1782359002.0278664,0.002438068389892578
55279,normal,3584,0,1782359002.0296025,0.0017361640930175781
55280,normal,1658,0,1782359002.0317664,0.0021638870239257812
55281,normal,1425,0,1782359002.033775,0.002008676528930664
55282,normal,149,0,1782359002.0354757,0.0017006397247314453
55283,normal,2679,0,1782359002.0376904,0.002214670181274414
55284,normal,3416,0,1782359002.0394967,0.0018062591552734375
55285,normal,2912,0,1782359002.0416477,0.002151012420654297
55286,normal,2481,0,1782359002.0436053,0.0019576549530029297
55287,normal,967,2,1782359002.0455143,0.001909017562866211
55288,normal,1787,0,1782359002.047621,0.0021066665649414062
55289,normal,1696,0,1782359002.0494847,0.001863718032836914
55290,normal,37,0,1782359002.051659,0.00217437744140625
55291,normal,2559,0,1782359002.0536568,0.001997709274291992
55292,normal,337,0,1782359002.0554924,0.0018355846405029297
55293,normal,390,0,1782359002.0577016,0.002209186553955078
55294,normal,3259,1,1782359002.059573,0.001871347427368164
55295,normal,2605,0,1782359002.0614774,0.0019044876098632812
55296,normal,2285,0,1782359002.063735,0.0022575855255126953
55297,normal,2016,0,1782359002.0656905,0.0019555091857910156
55298,normal,2918,0,1782359002.0675557,0.0018651485443115234
55299,normal,2906,0,1782359002.069557,0.0020012855529785156
55300,normal,3024,0,1782359002.0716581,0.0021011829376220703
55301,normal,2227,0,1782359002.0734303,0.001772165298461914
55302,normal,27,0,1782359002.0755346,0.0021042823791503906
55303,normal,3150,1,1782359002.0775826,0.002048015594482422
55304,normal,3581,0,1782359002.079505,0.0019223690032958984
55305,normal,2509,0,1782359002.0816119,0.002106904983520508
55306,normal,2841,0,1782359002.0837255,0.0021135807037353516
55307,normal,2542,0,1782359002.085445,0.0017194747924804688
55308,normal,2087,0,1782359002.0875137,0.002068758010864258
55309,normal,1356,1,1782359002.0896356,0.0021219253540039062
55310,normal,235,0,1782359002.091626,0.0019903182983398438
55311,normal,1148,0,1782359002.0934467,0.0018208026885986328
55312,normal,1465,0,1782359002.095542,0.0020952224731445312
55313,normal,213,0,1782359002.097464,0.0019221305847167969
55314,normal,3300,1,1782359002.0995345,0.0020704269409179688
55315,normal,651,0,1782359002.1015193,0.001984834671020508
55316,normal,3636,0,1782359002.103442,0.001922607421875
55317,normal,3539,0,1782359002.105578,0.0021359920501708984
55318,normal,1726,0,1782359002.1076145,0.002036571502685547
55319,normal,2692,0,1782359002.1095498,0.0019352436065673828
55320,normal,2453,0,1782359002.1114795,0.0019297599792480469
55321,normal,1438,0,1782359002.1136115,0.002131938934326172
55322,normal,43,0,1782359002.1155326,0.0019211769104003906
55323,normal,1327,1,1782359002.117585,0.00205230712890625
55324,normal,2370,0,1782359002.1195638,0.0019788742065429688
55325,normal,1886,0,1782359002.121475,0.001911163330078125
55326,normal,2873,0,1782359002.1235595,0.002084493637084961
55327,normal,687,0,1782359002.1255527,0.0019931793212890625
55328,normal,3634,0,1782359002.1274636,0.0019109249114990234
55329,normal,2403,0,1782359002.1294668,0.002003192901611328
55330,normal,1710,0,1782359002.1315546,0.002087831497192383
55331,normal,2582,0,1782359002.1335027,0.0019481182098388672
55332,normal,1869,0,1782359002.1355903,0.0020875930786132812
55333,normal,817,2,1782359002.1376002,0.002009868621826172
55334,normal,2891,0,1782359002.1394682,0.0018680095672607422
55335,normal,923,2,1782359002.141539,0.002070903778076172
55336,normal,1211,0,1782359002.1435544,0.002015352249145508
55337,normal,2880,0,1782359002.1454556,0.0019011497497558594
55338,normal,1041,0,1782359002.1475506,0.0020949840545654297
55339,normal,841,2,1782359002.1497657,0.002215147018432617
55340,normal,2676,0,1782359002.1516306,0.0018649101257324219
55341,normal,3551,0,1782359002.153614,0.0019834041595458984
55342,normal,116,0,1782359002.1557066,0.002092599868774414
55343,normal,1440,0,1782359002.1575415,0.001834869384765625
55344,normal,1888,0,1782359002.1595109,0.0019693374633789062
55345,normal,2290,0,1782359002.1616235,0.0021126270294189453
55346,normal,1735,0,1782359002.163469,0.0018455982208251953
55347,normal,2774,0,1782359002.1656177,0.0021486282348632812
55348,normal,31,0,1782359002.1676586,0.002040863037109375
55349,normal,2808,0,1782359002.169575,0.0019164085388183594
55350,normal,1592,0,1782359002.1715987,0.0020236968994140625
55351,normal,2308,0,1782359002.1739807,0.002382040023803711
55352,normal,1013,2,1782359002.1759806,0.0019998550415039062
55353,normal,2406,0,1782359002.1775904,0.00160980224609375
55354,normal,2826,0,1782359002.1798825,0.002292156219482422
55355,normal,1026,2,1782359002.181733,0.0018503665924072266
55356,normal,2948,0,1782359002.18356,0.0018270015716552734
55357,normal,2009,0,1782359002.185686,0.0021262168884277344
55358,normal,898,2,1782359002.1874704,0.0017843246459960938
55359,normal,552,0,1782359002.1896245,0.002154111862182617
55360,normal,3386,1,1782359002.1917965,0.0021719932556152344
55361,normal,1384,0,1782359002.1935039,0.001707315444946289
55362,normal,2916,0,1782359002.1956265,0.002122640609741211
55363,normal,2665,0,1782359002.1976233,0.001996755599975586
55364,normal,2941,0,1782359002.1994743,0.0018510818481445312
55365,normal,1908,0,1782359002.2022412,0.002766847610473633
55366,normal,3215,1,1782359002.2039118,0.0016705989837646484
55367,normal,859,2,1782359002.2055435,0.0016317367553710938
55368,normal,1719,0,1782359002.207488,0.0019445419311523438
55369,normal,1036,0,1782359002.209633,0.002145051956176758
55370,normal,768,0,1782359002.2114942,0.0018610954284667969
55371,normal,2142,0,1782359002.2137523,0.0022580623626708984
55372,normal,1659,0,1782359002.2155497,0.0017974376678466797
55373,normal,51,0,1782359002.2174687,0.0019190311431884766
55374,normal,2289,0,1782359002.2196345,0.0021657943725585938
55375,normal,2660,0,1782359002.221682,0.0020475387573242188
55376,normal,1454,0,1782359002.2235217,0.0018396377563476562
55377,normal,94,0,1782359002.2257416,0.0022199153900146484
55378,normal,3008,0,1782359002.227849,0.002107381820678711
55379,normal,554,0,1782359002.229572,0.0017230510711669922
55380,normal,3308,1,1782359002.2315607,0.001988649368286133
55381,normal,2413,0,1782359002.2338252,0.0022644996643066406
55382,normal,1367,1,1782359002.2355552,0.0017299652099609375
55383,normal,1405,0,1782359002.2376938,0.0021386146545410156
55384,normal,2864,0,1782359002.239996,0.0023021697998046875
55385,normal,1798,0,1782359002.2415974,0.0016014575958251953
55386,normal,143,0,1782359002.2438097,0.0022122859954833984
55387,normal,1080,0,1782359002.2458825,0.0020728111267089844
55388,normal,2209,0,1782359002.2476003,0.0017178058624267578
55389,normal,2793,0,1782359002.2494762,0.0018758773803710938
55390,normal,2224,0,1782359002.251629,0.0021529197692871094
55391,normal,912,2,1782359002.2534502,0.0018210411071777344
55392,normal,3668,0,1782359002.255559,0.0021088123321533203
55393,normal,1095,0,1782359002.2575822,0.0020232200622558594
55394,normal,1836,0,1782359002.2594578,0.0018756389617919922
55395,normal,3055,1,1782359002.2615695,0.002111673355102539
55396,normal,290,0,1782359002.263577,0.0020074844360351562
55397,normal,1768,0,1782359002.2655015,0.0019245147705078125
55398,normal,1988,0,1782359002.2678053,0.0023038387298583984
55399,normal,349,0,1782359002.2694514,0.0016460418701171875
55400,normal,2172,0,1782359002.2715938,0.0021424293518066406
55401,normal,999,2,1782359002.2735133,0.0019195079803466797
55402,normal,2358,0,1782359002.2756283,0.002115011215209961
55403,normal,1088,0,1782359002.277464,0.0018355846405029297
55404,normal,1899,0,1782359002.2795236,0.0020596981048583984
55405,normal,1732,0,1782359002.281556,0.0020322799682617188
55406,normal,3702,0,1782359002.2834427,0.0018868446350097656
55407,normal,2276,0,1782359002.2855284,0.0020856857299804688
55408,normal,487,0,1782359002.2875257,0.001997232437133789
55409,normal,3146,1,1782359002.289455,0.0019292831420898438
55410,normal,3347,1,1782359002.2915437,0.002088785171508789
55411,normal,3639,0,1782359002.2935548,0.0020110607147216797
55412,normal,890,2,1782359002.2955163,0.0019614696502685547
55413,normal,1971,0,1782359002.297445,0.0019288063049316406
55414,normal,2730,0,1782359002.2996953,0.002250194549560547
55415,normal,689,0,1782359002.3014488,0.0017535686492919922
55416,normal,3561,0,1782359002.3036475,0.0021986961364746094
55417,normal,3460,0,1782359002.305562,0.0019145011901855469
55418,normal,1731,0,1782359002.3075147,0.0019526481628417969
55419,normal,2635,0,1782359002.3097103,0.002195596694946289
55420,normal,2622,0,1782359002.3117864,0.0020761489868164062
55421,normal,2002,0,1782359002.3135269,0.0017404556274414062
55422,normal,3421,0,1782359002.3156958,0.002168893814086914
55423,normal,3223,1,1782359002.3177078,0.002012014389038086
55424,normal,2965,0,1782359002.3194733,0.0017654895782470703
55425,normal,1275,0,1782359002.3216257,0.0021524429321289062
55426,normal,2738,0,1782359002.3236241,0.001998424530029297
55427,normal,1156,0,1782359002.3255565,0.001932382583618164
55428,normal,1332,1,1782359002.3275473,0.001990795135498047
55429,normal,1691,0,1782359002.329745,0.002197742462158203
55430,normal,922,2,1782359002.3317297,0.0019845962524414062
55431,normal,2866,0,1782359002.3336532,0.0019235610961914062
55432,normal,2651,0,1782359002.3358479,0.002194643020629883
55433,normal,2356,0,1782359002.3375998,0.0017518997192382812
55434,normal,1518,0,1782359002.3398132,0.0022134780883789062
55435,normal,919,2,1782359002.3416169,0.0018036365509033203
55436,normal,114,0,1782359002.3434672,0.0018503665924072266
55437,normal,1162,0,1782359002.345623,0.002155780792236328
55438,normal,2937,0,1782359002.3476274,0.002004384994506836
55439,normal,1674,0,1782359002.3497694,0.0021419525146484375
55440,normal,576,0,1782359002.3515646,0.0017952919006347656
55441,normal,1738,0,1782359002.3536217,0.0020570755004882812
55442,normal,1860,0,1782359002.3555841,0.001962423324584961
55443,normal,1727,0,1782359002.3575861,0.0020020008087158203
55444,normal,791,2,1782359002.3601124,0.0025262832641601562
55445,normal,418,0,1782359002.3616161,0.0015037059783935547
55446,normal,1493,0,1782359002.3639083,0.002292156219482422
55447,normal,1120,0,1782359002.365671,0.0017626285552978516
55448,normal,184,0,1782359002.367716,0.002045154571533203
55449,normal,2034,0,1782359002.3696024,0.0018863677978515625
55450,normal,1324,1,1782359002.3717225,0.0021200180053710938
55451,normal,2762,0,1782359002.373761,0.0020384788513183594
55452,normal,3318,1,1782359002.3756,0.0018391609191894531
55453,normal,2770,0,1782359002.3776867,0.002086639404296875
55454,normal,1103,0,1782359002.3795924,0.001905679702758789
55455,normal,344,0,1782359002.381594,0.002001523971557617
55456,normal,145,0,1782359002.3837109,0.0021169185638427734
55457,normal,3544,0,1782359002.3856847,0.001973867416381836
55458,normal,3426,0,1782359002.3875427,0.0018579959869384766
55459,normal,1924,0,1782359002.3897228,0.0021800994873046875
55460,normal,2822,0,1782359002.392056,0.0023331642150878906
55461,normal,1685,0,1782359002.394243,0.002187013626098633
55462,normal,1301,0,1782359002.3957372,0.0014941692352294922
55463,normal,2117,0,1782359002.3975952,0.0018579959869384766
55464,normal,691,0,1782359002.3999345,0.0023393630981445312
55465,normal,1452,0,1782359002.4019208,0.001986265182495117
55466,normal,289,0,1782359002.404031,0.0021102428436279297
55467,normal,2834,0,1782359002.4060628,0.0020318031311035156
55468,normal,788,2,1782359002.4076884,0.0016255378723144531
55469,normal,3606,0,1782359002.4095914,0.0019030570983886719
55470,normal,2412,0,1782359002.411704,0.0021126270294189453
55471,normal,1889,0,1782359002.4137092,0.0020051002502441406
55472,normal,1482,0,1782359002.4156177,0.0019085407257080078
55473,normal,1807,0,1782359002.4177434,0.0021257400512695312
55474,normal,50,0,1782359002.4197228,0.001979351043701172
55475,normal,1777,0,1782359002.4215913,0.0018684864044189453
55476,normal,515,0,1782359002.4237607,0.002169370651245117
55477,normal,1231,0,1782359002.4256885,0.0019278526306152344
55478,normal,790,2,1782359002.427766,0.0020775794982910156
55479,normal,3431,0,1782359002.4296045,0.0018384456634521484
55480,normal,2872,0,1782359002.4317508,0.0021462440490722656
55481,normal,738,0,1782359002.4337323,0.001981496810913086
55482,normal,1087,0,1782359002.435718,0.001985788345336914
55483,normal,1753,0,1782359002.4377472,0.0020291805267333984
55484,normal,2483,0,1782359002.4395876,0.001840353012084961
55485,normal,3093,1,1782359002.4417365,0.002148866653442383
55486,normal,1565,0,1782359002.443715,0.001978635787963867
55487,normal,2063,0,1782359002.445594,0.001878976821899414
55488,normal,186,0,1782359002.447712,0.0021178722381591797
55489,normal,755,0,1782359002.4497175,0.0020055770874023438
55490,normal,870,2,1782359002.4516096,0.00189208984375
55491,normal,1978,0,1782359002.4537363,0.0021266937255859375
55492,normal,1513,0,1782359002.455599,0.0018627643585205078
55493,normal,153,0,1782359002.4575045,0.0019054412841796875
55494,normal,3653,0,1782359002.459641,0.0021364688873291016
55495,normal,2473,0,1782359002.4616394,0.001998424530029297
55496,normal,1463,0,1782359002.463479,0.0018396377563476562
55497,normal,2246,0,1782359002.4656415,0.002162456512451172
55498,normal,731,0,1782359002.4677193,0.002077817916870117
55499,normal,3261,1,1782359002.4695485,0.0018291473388671875
55500,normal,2168,0,1782359002.4716222,0.0020737648010253906
55501,normal,747,0,1782359002.4737346,0.0021123886108398438
55502,normal,2540,0,1782359002.4755142,0.0017795562744140625
55503,normal,201,0,1782359002.4776862,0.0021719932556152344
55504,normal,1877,0,1782359002.4796894,0.002003192901611328
55505,normal,432,0,1782359002.4814644,0.0017750263214111328
55506,normal,3684,0,1782359002.483553,0.0020885467529296875
55507,normal,2511,0,1782359002.4856348,0.0020818710327148438
55508,normal,2578,0,1782359002.487602,0.001967191696166992
55509,normal,3673,0,1782359002.4895656,0.0019636154174804688
55510,normal,1417,0,1782359002.4917734,0.0022077560424804688
55511,normal,996,2,1782359002.4937062,0.0019328594207763672
55512,normal,3034,0,1782359002.4957154,0.002009153366088867
55513,normal,2459,0,1782359002.4977562,0.002040863037109375
55514,normal,2001,0,1782359002.4997349,0.001978635787963867
55515,normal,3133,1,1782359002.5016522,0.0019173622131347656
55516,normal,1377,1,1782359002.503637,0.001984834671020508
55517,normal,2443,0,1782359002.5054784,0.0018413066864013672
55518,normal,789,2,1782359002.5076394,0.0021610260009765625
55519,normal,787,2,1782359002.5098357,0.0021963119506835938
55520,normal,3362,1,1782359002.5114923,0.0016565322875976562
55521,normal,1614,0,1782359002.5136225,0.002130270004272461
55522,normal,2086,0,1782359002.5156233,0.0020008087158203125
55523,normal,3412,0,1782359002.5174696,0.0018463134765625
55524,normal,3007,0,1782359002.5200503,0.0025806427001953125
55525,normal,1045,0,1782359002.522443,0.0023927688598632812
55526,normal,3374,1,1782359002.5235593,0.0011162757873535156
55527,normal,771,0,1782359002.5257618,0.0022025108337402344
55528,normal,1350,1,1782359002.5276167,0.0018548965454101562
55529,normal,1944,0,1782359002.5296533,0.002036571502685547
55530,normal,2815,0,1782359002.5315785,0.0019252300262451172
55531,normal,1292,0,1782359002.5337503,0.002171754837036133
55532,normal,3217,1,1782359002.5356846,0.0019342899322509766
55533,normal,3101,1,1782359002.5378847,0.0022001266479492188
55534,normal,2284,0,1782359002.5395977,0.0017130374908447266
55535,normal,2383,0,1782359002.5417097,0.0021119117736816406
55536,normal,1293,0,1782359002.5436041,0.0018944740295410156
55537,normal,1172,0,1782359002.5457313,0.0021271705627441406
55538,normal,246,0,1782359002.54762,0.0018887519836425781
55539,normal,1795,0,1782359002.5497236,0.002103567123413086
55540,normal,2320,0,1782359002.5517642,0.0020406246185302734
55541,normal,1357,1,1782359002.5535376,0.0017733573913574219
55542,normal,3325,1,1782359002.5557427,0.0022051334381103516
55543,normal,2712,0,1782359002.5578594,0.002116680145263672
55544,normal,2499,0,1782359002.5597105,0.0018510818481445312
55545,normal,3196,1,1782359002.5617561,0.0020456314086914062
55546,normal,3084,1,1782359002.5638397,0.0020835399627685547
55547,normal,3683,0,1782359002.5656502,0.0018105506896972656
55548,normal,2548,0,1782359002.5676804,0.0020301342010498047
55549,normal,1057,0,1782359002.5697083,0.0020279884338378906
55550,normal,867,2,1782359002.571618,0.0019097328186035156
55551,normal,3601,0,1782359002.5737963,0.002178192138671875
55552,normal,1015,2,1782359002.5757003,0.0019040107727050781
55553,normal,61,0,1782359002.5777955,0.0020952224731445312
55554,normal,2921,0,1782359002.579808,0.002012491226196289
55555,normal,1323,1,1782359002.5816102,0.001802206039428711
55556,normal,1612,0,1782359002.5835962,0.0019860267639160156
55557,normal,2876,0,1782359002.5861304,0.002534151077270508
55558,normal,1634,0,1782359002.5878398,0.0017094612121582031
55559,normal,3506,0,1782359002.589509,0.001669168472290039
55560,normal,2137,0,1782359002.5917072,0.0021982192993164062
55561,normal,365,0,1782359002.593746,0.002038717269897461
55562,normal,3525,0,1782359002.5956035,0.0018575191497802734
55563,normal,1686,0,1782359002.5977128,0.0021092891693115234
55564,normal,1896,0,1782359002.5997043,0.0019915103912353516
55565,normal,751,0,1782359002.601614,0.0019097328186035156
55566,normal,702,0,1782359002.6037803,0.002166271209716797
55567,normal,2214,0,1782359002.6057053,0.0019249916076660156
55568,normal,3541,0,1782359002.607707,0.0020017623901367188
55569,normal,2415,0,1782359002.6096172,0.0019102096557617188
55570,normal,2963,0,1782359002.6118126,0.0021953582763671875
55571,normal,147,0,1782359002.6137786,0.0019659996032714844
55572,normal,1191,0,1782359002.6156402,0.001861572265625
55573,normal,2190,0,1782359002.6177025,0.0020623207092285156
55574,normal,803,2,1782359002.6195972,0.0018947124481201172
55575,normal,1529,0,1782359002.621714,0.0021169185638427734
55576,normal,2148,0,1782359002.6237237,0.0020096302032470703
55577,normal,2828,0,1782359002.6256049,0.0018811225891113281
55578,normal,570,0,1782359002.6277184,0.0021135807037353516
55579,normal,2787,0,1782359002.62972,0.002001523971557617
55580,normal,3340,1,1782359002.6316113,0.0018913745880126953
55581,normal,3530,0,1782359002.6337438,0.002132415771484375
55582,normal,1725,0,1782359002.6357388,0.001995086669921875
55583,normal,2217,0,1782359002.637491,0.0017521381378173828
55584,normal,3060,1,1782359002.6396399,0.002148866653442383
55585,normal,961,2,1782359002.6416433,0.0020034313201904297
55586,normal,3255,1,1782359002.6434863,0.0018429756164550781
55587,normal,1649,0,1782359002.645634,0.002147674560546875
55588,normal,553,0,1782359002.647706,0.0020720958709716797
55589,normal,530,0,1782359002.6495664,0.0018603801727294922
55590,normal,2441,0,1782359002.6516993,0.002132892608642578
55591,normal,904,2,1782359002.6536884,0.001989126205444336
55592,normal,95,0,1782359002.6555336,0.0018451213836669922
55593,normal,2263,0,1782359002.65752,0.0019865036010742188
55594,normal,888,2,1782359002.6596239,0.0021038055419921875
55595,normal,21,0,1782359002.661465,0.0018410682678222656
55596,normal,1133,0,1782359002.663639,0.0021741390228271484
55597,normal,1852,0,1782359002.6656542,0.0020151138305664062
55598,normal,2150,0,1782359002.6675673,0.0019130706787109375
55599,normal,2545,0,1782359002.6695995,0.0020322799682617188
55600,normal,497,0,1782359002.671867,0.0022673606872558594
55601,normal,1621,0,1782359002.6739533,0.0020864009857177734
55602,normal,3251,1,1782359002.6755667,0.0016133785247802734
55603,normal,189,0,1782359002.677869,0.002302408218383789
55604,normal,3510,0,1782359002.679744,0.0018749237060546875
55605,normal,945,2,1782359002.6815498,0.0018057823181152344
55606,normal,2590,0,1782359002.6836216,0.002071857452392578
55607,normal,3241,1,1782359002.6854687,0.0018470287322998047
55608,normal,1387,0,1782359002.687623,0.0021543502807617188
55609,normal,3558,0,1782359002.6899009,0.002277851104736328
55610,normal,1416,0,1782359002.69151,0.0016090869903564453
55611,normal,2568,0,1782359002.6936243,0.0021142959594726562
55612,normal,1334,1,1782359002.6956396,0.002015352249145508
55613,normal,38,0,1782359002.6974726,0.0018329620361328125
55614,normal,1773,0,1782359002.70022,0.0027475357055664062
55615,normal,1313,0,1782359002.7019255,0.0017054080963134766
55616,normal,2015,0,1782359002.703582,0.0016565322875976562
55617,normal,716,0,1782359002.705476,0.0018939971923828125
55618,normal,1001,2,1782359002.7076335,0.002157449722290039
55619,normal,444,0,1782359002.7094715,0.0018379688262939453
55620,normal,2295,0,1782359002.7117164,0.0022449493408203125
55621,normal,2726,0,1782359002.7137318,0.002015352249145508
55622,normal,3214,1,1782359002.7154727,0.0017409324645996094
55623,normal,1873,0,1782359002.7176292,0.002156496047973633
55624,normal,2052,0,1782359002.7196517,0.0020225048065185547
55625,normal,3445,0,1782359002.7215173,0.0018656253814697266
55626,normal,3220,1,1782359002.7237682,0.0022509098052978516
55627,normal,163,0,1782359002.725708,0.0019397735595703125
55628,normal,1962,0,1782359002.7275784,0.0018703937530517578
55629,normal,451,0,1782359002.7295604,0.001981973648071289
55630,normal,1544,0,1782359002.7318313,0.002270936965942383
55631,normal,3554,0,1782359002.733581,0.0017497539520263672
55632,normal,534,0,1782359002.73556,0.0019788742065429688
55633,normal,3094,1,1782359002.7380505,0.002490520477294922
55634,normal,3664,0,1782359002.7397275,0.0016770362854003906
55635,normal,148,0,1782359002.7414975,0.00177001953125
55636,normal,46,0,1782359002.7439632,0.0024657249450683594
55637,normal,2554,0,1782359002.7458453,0.0018820762634277344
55638,normal,2476,0,1782359002.7474928,0.0016474723815917969
55639,normal,1791,0,1782359002.749648,0.002155303955078125
55640,normal,2570,0,1782359002.7514896,0.0018415451049804688
55641,normal,2496,0,1782359002.7537105,0.0022208690643310547
55642,normal,2134,0,1782359002.755702,0.0019915103912353516
55643,normal,2359,0,1782359002.7575128,0.0018107891082763672
55644,normal,3235,1,1782359002.7596602,0.0021474361419677734
55645,normal,1129,0,1782359002.761704,0.0020437240600585938
55646,normal,757,0,1782359002.7635558,0.001851797103881836
55647,normal,3411,0,1782359002.7655952,0.0020394325256347656
55648,normal,175,0,1782359002.7677789,0.002183675765991211
55649,normal,138,0,1782359002.7694857,0.001706838607788086
55650,normal,1918,0,1782359038.829834,0.0
55651,normal,240,0,1782359038.8317683,0.0019342899322509766
55652,normal,2319,0,1782359038.8337862,0.002017974853515625
55653,normal,1540,0,1782359038.835764,0.001977682113647461
55654,normal,2822,0,1782359038.837906,0.0021419525146484375
55655,normal,2093,0,1782359038.8398821,0.0019762516021728516
55656,normal,779,2,1782359038.8419592,0.0020771026611328125
55657,normal,2631,0,1782359038.8437703,0.0018110275268554688
55658,normal,2250,0,1782359038.8460243,0.002254009246826172
55659,normal,2977,0,1782359038.8477495,0.0017251968383789062
55660,normal,2172,0,1782359038.8498714,0.0021219253540039062
55661,normal,71,0,1782359038.8519607,0.002089262008666992
55662,normal,92,0,1782359038.8541377,0.002177000045776367
55663,normal,1192,0,1782359038.8558152,0.0016775131225585938
55664,normal,1644,0,1782359038.8581626,0.0023474693298339844
55665,normal,1706,0,1782359038.8600447,0.0018820762634277344
55666,normal,2386,0,1782359038.8618681,0.00182342529296875
55667,normal,1342,1,1782359038.8641849,0.002316713333129883
55668,normal,366,0,1782359038.8658502,0.001665353775024414
55669,normal,3638,0,1782359038.8681383,0.0022881031036376953
55670,normal,1552,0,1782359038.8699615,0.0018231868743896484
55671,normal,1039,0,1782359038.8718662,0.0019047260284423828
55672,normal,405,0,1782359038.8741188,0.0022525787353515625
55673,normal,1901,0,1782359038.8759758,0.0018570423126220703
55674,normal,1008,2,1782359038.8780653,0.0020895004272460938
55675,normal,3424,0,1782359038.8799627,0.0018973350524902344
55676,normal,2730,0,1782359038.882124,0.002161264419555664
55677,normal,892,2,1782359038.8838744,0.0017504692077636719
55678,normal,1598,0,1782359038.8859673,0.0020928382873535156
55679,normal,2766,0,1782359038.8881662,0.002198934555053711
55680,normal,2325,0,1782359038.8898792,0.0017130374908447266
55681,normal,400,0,1782359038.8919551,0.0020759105682373047
55682,normal,3309,1,1782359038.8941572,0.0022020339965820312
55683,normal,2941,0,1782359038.8958488,0.001691579818725586
55684,normal,3455,0,1782359038.8981183,0.0022695064544677734
55685,normal,3024,0,1782359038.9000115,0.0018932819366455078
55686,normal,2879,0,1782359038.9021025,0.002090930938720703
55687,normal,3511,0,1782359038.9039671,0.0018646717071533203
55688,normal,522,0,1782359038.9061615,0.0021944046020507812
55689,normal,3157,1,1782359038.9079447,0.001783132553100586
55690,normal,2926,0,1782359038.9099655,0.0020208358764648438
55691,normal,3142,1,1782359038.912196,0.002230405807495117
55692,normal,3266,1,1782359038.9139214,0.0017254352569580078
55693,normal,657,0,1782359038.9159632,0.0020418167114257812
55694,normal,3169,1,1782359038.9181986,0.00223541259765625
55695,normal,819,2,1782359038.919952,0.0017533302307128906
55696,normal,2956,0,1782359038.921964,0.002012014389038086
55697,normal,2693,0,1782359038.9242039,0.0022399425506591797
55698,normal,2171,0,1782359038.9259155,0.0017116069793701172
55699,normal,3223,1,1782359038.927965,0.0020494461059570312
55700,normal,3117,1,1782359038.930211,0.0022461414337158203
55701,normal,298,0,1782359038.9319263,0.0017151832580566406
55702,normal,3381,1,1782359038.9339373,0.0020110607147216797
55703,normal,782,2,1782359038.936053,0.0021157264709472656
55704,normal,3333,1,1782359038.9379783,0.0019252300262451172
55705,normal,3412,0,1782359038.9399989,0.002020597457885742
55706,normal,577,0,1782359038.9420388,0.0020399093627929688
55707,normal,2297,0,1782359038.943948,0.0019092559814453125
55708,normal,514,0,1782359038.9458652,0.001917123794555664
55709,normal,2174,0,1782359038.9481924,0.0023272037506103516
55710,normal,1127,0,1782359038.9498672,0.0016748905181884766
55711,normal,1939,0,1782359038.9519706,0.0021033287048339844
55712,normal,2694,0,1782359038.9542315,0.002260923385620117
55713,normal,1489,0,1782359038.9558542,0.0016226768493652344
55714,normal,959,2,1782359038.9581528,0.002298593521118164
55715,normal,1639,0,1782359038.960051,0.0018982887268066406
55716,normal,1473,0,1782359038.962066,0.0020148754119873047
55717,normal,1358,1,1782359038.9639764,0.0019104480743408203
55718,normal,2365,0,1782359038.966221,0.002244710922241211
55719,normal,168,0,1782359038.9679506,0.0017294883728027344
55720,normal,2383,0,1782359038.9700015,0.0020508766174316406
55721,normal,2759,0,1782359038.972049,0.0020475387573242188
55722,normal,3481,0,1782359038.974115,0.002065896987915039
55723,normal,2141,0,1782359038.9759743,0.001859426498413086
55724,normal,823,2,1782359038.9782226,0.0022482872009277344
55725,normal,3625,0,1782359038.9799383,0.0017156600952148438
55726,normal,3521,0,1782359038.981969,0.0020308494567871094
55727,normal,291,0,1782359038.9841936,0.002224445343017578
55728,normal,1196,0,1782359038.9869733,0.002779722213745117
55729,normal,112,0,1782359038.9879653,0.0009920597076416016
55730,normal,977,2,1782359038.990149,0.002183675765991211
55731,normal,3035,0,1782359038.9918509,0.0017018318176269531
55732,normal,587,0,1782359038.9941673,0.0023164749145507812
55733,normal,3167,1,1782359038.9958494,0.0016820430755615234
55734,normal,3642,0,1782359038.9981666,0.002317190170288086
55735,normal,2900,0,1782359038.9998772,0.001710653305053711
55736,normal,3477,0,1782359039.002185,0.002307891845703125
55737,normal,1316,0,1782359039.003884,0.0016989707946777344
55738,normal,1130,0,1782359039.0059707,0.002086639404296875
55739,normal,1757,0,1782359039.0080302,0.002059459686279297
55740,normal,2791,0,1782359039.0101225,0.0020923614501953125
55741,normal,2650,0,1782359039.0118525,0.0017299652099609375
55742,normal,921,2,1782359039.0141337,0.00228118896484375
55743,normal,3033,0,1782359039.0158513,0.0017175674438476562
55744,normal,1167,0,1782359039.0181327,0.0022814273834228516
55745,normal,2371,0,1782359039.0198503,0.0017175674438476562
55746,normal,379,0,1782359039.0221486,0.0022983551025390625
55747,normal,1350,1,1782359039.0238574,0.0017087459564208984
55748,normal,3580,0,1782359039.0261867,0.0023293495178222656
55749,normal,1923,0,1782359039.0278494,0.0016627311706542969
55750,normal,2940,0,1782359039.0301058,0.0022563934326171875
55751,normal,797,2,1782359039.0318017,0.001695871353149414
55752,normal,2768,0,1782359039.0340056,0.0022039413452148438
55753,normal,992,2,1782359039.0358384,0.001832723617553711
55754,normal,1116,0,1782359039.0380242,0.002185821533203125
55755,normal,1333,1,1782359039.039811,0.0017867088317871094
55756,normal,2645,0,1782359039.04204,0.0022292137145996094
55757,normal,1054,0,1782359039.0438285,0.0017883777618408203
55758,normal,2278,0,1782359039.0459747,0.0021462440490722656
55759,normal,1600,0,1782359039.047818,0.0018432140350341797
55760,normal,3037,0,1782359039.0501335,0.002315521240234375
55761,normal,2842,0,1782359039.0518398,0.0017063617706298828
55762,normal,1709,0,1782359039.053817,0.001977205276489258
55763,normal,1252,0,1782359039.05613,0.002312898635864258
55764,normal,424,0,1782359039.0578344,0.0017044544219970703
55765,normal,3448,0,1782359039.0597923,0.0019578933715820312
55766,normal,64,0,1782359039.0620506,0.00225830078125
55767,normal,221,0,1782359039.0638087,0.0017580986022949219
55768,normal,2218,0,1782359039.0660217,0.002213001251220703
55769,normal,1785,0,1782359039.0678384,0.0018167495727539062
55770,normal,1465,0,1782359039.069979,0.002140522003173828
55771,normal,834,2,1782359039.0717921,0.0018131732940673828
55772,normal,3207,1,1782359039.0738423,0.002050161361694336
55773,normal,3231,1,1782359039.0758333,0.0019910335540771484
55774,normal,2404,0,1782359039.0778139,0.0019805431365966797
55775,normal,1813,0,1782359039.0798435,0.0020296573638916016
55776,normal,502,0,1782359039.0818043,0.00196075439453125
55777,normal,625,0,1782359039.083786,0.0019817352294921875
55778,normal,926,2,1782359039.0860596,0.0022735595703125
55779,normal,1899,0,1782359039.0878184,0.0017588138580322266
55780,normal,1717,0,1782359039.089804,0.0019855499267578125
55781,normal,2883,0,1782359039.0918493,0.0020453929901123047
55782,normal,753,0,1782359039.0938008,0.001951456069946289
55783,normal,2592,0,1782359039.0957863,0.0019855499267578125
55784,normal,289,0,1782359039.097851,0.0020647048950195312
55785,normal,1856,0,1782359039.099835,0.0019838809967041016
55786,normal,1443,0,1782359039.1017866,0.0019516944885253906
55787,normal,182,0,1782359039.1038632,0.0020766258239746094
55788,normal,507,0,1782359039.106049,0.002185821533203125
55789,normal,769,0,1782359039.1078267,0.00177764892578125
55790,normal,1280,0,1782359039.1098547,0.0020279884338378906
55791,normal,3429,0,1782359039.1118011,0.0019464492797851562
55792,normal,1516,0,1782359039.1137874,0.001986265182495117
55793,normal,3683,0,1782359039.1158574,0.0020699501037597656
55794,normal,1273,0,1782359039.117803,0.0019457340240478516
55795,normal,1701,0,1782359039.1197886,0.0019855499267578125
55796,normal,206,0,1782359039.12186,0.002071380615234375
55797,normal,2227,0,1782359039.1238039,0.001943826675415039
55798,normal,3422,0,1782359039.1258545,0.002050638198852539
55799,normal,2417,0,1782359039.1278634,0.0020089149475097656
55800,normal,2355,0,1782359039.1298075,0.0019440650939941406
55801,normal,1312,0,1782359039.1317859,0.0019783973693847656
55802,normal,3389,1,1782359039.1337943,0.0020084381103515625
55803,normal,2184,0,1782359039.135808,0.002013683319091797
55804,normal,93,0,1782359039.1377888,0.0019807815551757812
55805,normal,2195,0,1782359039.1398728,0.002084016799926758
55806,normal,489,0,1782359039.1417992,0.001926422119140625
55807,normal,3131,1,1782359039.1437871,0.001987934112548828
55808,normal,520,0,1782359039.145871,0.0020837783813476562
55809,normal,893,2,1782359039.1478002,0.0019292831420898438
55810,normal,1032,0,1782359039.149785,0.001984834671020508
55811,normal,2872,0,1782359039.1518989,0.002113819122314453
55812,normal,3021,0,1782359039.153805,0.0019061565399169922
55813,normal,1163,0,1782359039.1557941,0.001989126205444336
55814,normal,1762,0,1782359039.1578758,0.002081632614135742
55815,normal,2358,0,1782359039.1598032,0.0019273757934570312
55816,normal,2032,0,1782359039.1617832,0.0019800662994384766
55817,normal,2795,0,1782359039.1638987,0.002115488052368164
55818,normal,999,2,1782359039.165802,0.0019032955169677734
55819,normal,229,0,1782359039.167787,0.0019850730895996094
55820,normal,3633,0,1782359039.1697853,0.0019981861114501953
55821,normal,521,0,1782359039.1718013,0.0020160675048828125
55822,normal,492,0,1782359039.1737857,0.0019843578338623047
55823,normal,3007,0,1782359039.1757853,0.0019996166229248047
55824,normal,1998,0,1782359039.1778107,0.0020253658294677734
55825,normal,702,0,1782359039.179785,0.001974344253540039
55826,normal,3471,0,1782359039.1817873,0.002002239227294922
55827,normal,2916,0,1782359039.1842077,0.0024204254150390625
55828,normal,3483,0,1782359039.1858518,0.001644134521484375
55829,normal,2659,0,1782359039.1884036,0.0025517940521240234
55830,normal,660,0,1782359039.1900198,0.0016162395477294922
55831,normal,3514,0,1782359039.1917913,0.0017714500427246094
55832,normal,1505,0,1782359039.1938384,0.0020470619201660156
55833,normal,605,0,1782359039.1957664,0.001928091049194336
55834,normal,2077,0,1782359039.1977925,0.002026081085205078
55835,normal,176,0,1782359039.199903,0.0021104812622070312
55836,normal,848,2,1782359039.201807,0.0019040107727050781
55837,normal,3034,0,1782359039.2037475,0.0019404888153076172
55838,normal,841,2,1782359039.2057555,0.0020079612731933594
55839,normal,798,2,1782359039.208024,0.002268552780151367
55840,normal,1745,0,1782359039.2100897,0.0020656585693359375
55841,normal,2767,0,1782359039.2119582,0.0018684864044189453
55842,normal,3292,1,1782359039.2139378,0.0019795894622802734
55843,normal,2993,0,1782359039.2158632,0.0019254684448242188
55844,normal,3245,1,1782359039.2179384,0.0020751953125
55845,normal,2073,0,1782359039.219947,0.002008676528930664
55846,normal,1990,0,1782359039.2219052,0.001958131790161133
55847,normal,2684,0,1782359039.2238648,0.001959562301635742
55848,normal,2761,0,1782359039.2258847,0.0020198822021484375
55849,normal,3607,0,1782359039.227882,0.001997232437133789
55850,normal,139,0,1782359039.2298915,0.0020096302032470703
55851,normal,3217,1,1782359039.2318757,0.001984119415283203
55852,normal,3445,0,1782359039.2339027,0.0020270347595214844
55853,normal,1243,0,1782359039.2358785,0.0019757747650146484
55854,normal,1298,0,1782359039.2379482,0.002069711685180664
55855,normal,583,0,1782359039.2399411,0.001992940902709961
55856,normal,2267,0,1782359039.241886,0.0019447803497314453
55857,normal,421,0,1782359039.2438607,0.001974821090698242
55858,normal,644,0,1782359039.2458615,0.0020008087158203125
55859,normal,2553,0,1782359039.2478526,0.0019910335540771484
55860,normal,1178,0,1782359039.2498481,0.001995563507080078
55861,normal,598,0,1782359039.2519205,0.0020723342895507812
55862,normal,3484,0,1782359039.2539268,0.0020062923431396484
55863,normal,2194,0,1782359039.25599,0.002063274383544922
55864,normal,986,2,1782359039.2579358,0.0019457340240478516
55865,normal,3173,1,1782359039.25989,0.001954317092895508
55866,normal,2044,0,1782359039.261881,0.0019910335540771484
55867,normal,1476,0,1782359039.2639234,0.0020422935485839844
55868,normal,1424,0,1782359039.2658365,0.0019130706787109375
55869,normal,3390,1,1782359039.267839,0.0020024776458740234
55870,normal,3127,1,1782359039.269829,0.001990079879760742
55871,normal,2061,0,1782359039.2721162,0.002287149429321289
55872,normal,2603,0,1782359039.273924,0.0018079280853271484
55873,normal,1386,0,1782359039.2760758,0.0021517276763916016
55874,normal,1188,0,1782359039.2780385,0.0019626617431640625
55875,normal,3498,0,1782359039.280073,0.002034425735473633
55876,normal,3310,1,1782359039.2819738,0.0019009113311767578
55877,normal,2085,0,1782359039.2840347,0.0020608901977539062
55878,normal,2131,0,1782359039.2860346,0.0019998550415039062
55879,normal,1826,0,1782359039.2877743,0.0017397403717041016
55880,normal,2688,0,1782359039.2898216,0.002047300338745117
55881,normal,121,0,1782359039.2918196,0.0019979476928710938
55882,normal,3463,0,1782359039.2938938,0.0020742416381835938
55883,normal,158,0,1782359039.2958686,0.001974821090698242
55884,normal,1143,0,1782359039.2978203,0.0019516944885253906
55885,normal,3666,0,1782359039.299814,0.0019936561584472656
55886,normal,173,0,1782359039.301836,0.0020220279693603516
55887,normal,3166,1,1782359039.3041456,0.002309560775756836
55888,normal,2215,0,1782359039.30619,0.0020444393157958984
55889,normal,2895,0,1782359039.307965,0.0017750263214111328
55890,normal,1769,0,1782359039.3098795,0.0019145011901855469
55891,normal,1215,0,1782359039.3118017,0.0019221305847167969
55892,normal,1035,0,1782359039.3138485,0.002046823501586914
55893,normal,1085,0,1782359039.3160107,0.0021622180938720703
55894,normal,3055,1,1782359039.3180258,0.0020151138305664062
55895,normal,2562,0,1782359039.3197687,0.0017428398132324219
55896,normal,2527,0,1782359039.3217676,0.0019989013671875
55897,normal,2526,0,1782359039.3237693,0.0020017623901367188
55898,normal,1052,0,1782359039.3257723,0.0020029544830322266
55899,normal,2024,0,1782359039.328316,0.0025436878204345703
55900,normal,1832,0,1782359039.3300748,0.0017588138580322266
55901,normal,2341,0,1782359039.3319535,0.0018787384033203125
55902,normal,1879,0,1782359039.3338997,0.0019462108612060547
55903,normal,2346,0,1782359039.3359017,0.0020020008087158203
55904,normal,2066,0,1782359039.337893,0.00199127197265625
55905,normal,1623,0,1782359039.3397586,0.0018656253814697266
55906,normal,2987,0,1782359039.3420665,0.002307891845703125
55907,normal,628,0,1782359039.34395,0.0018835067749023438
55908,normal,407,0,1782359039.3457959,0.0018458366394042969
55909,normal,2510,0,1782359039.3481903,0.002394437789916992
55910,normal,3283,1,1782359039.350351,0.002160787582397461
55911,normal,496,0,1782359039.3518775,0.0015263557434082031
55912,normal,2831,0,1782359039.3537772,0.00189971923828125
55913,normal,1045,0,1782359039.355851,0.0020737648010253906
55914,normal,1190,0,1782359039.3578072,0.0019562244415283203
55915,normal,1714,0,1782359039.3597918,0.0019845962524414062
55916,normal,1778,0,1782359039.361781,0.001989126205444336
55917,normal,620,0,1782359039.363751,0.001970052719116211
55918,normal,1627,0,1782359039.3658001,0.0020492076873779297
55919,normal,2447,0,1782359039.367843,0.0020427703857421875
55920,normal,902,2,1782359039.3698509,0.0020079612731933594
55921,normal,3571,0,1782359039.3718028,0.0019519329071044922
55922,normal,3530,0,1782359039.3738236,0.0020208358764648438
55923,normal,1488,0,1782359039.375815,0.00199127197265625
55924,normal,2012,0,1782359039.3778522,0.0020372867584228516
55925,normal,1702,0,1782359039.3798704,0.0020182132720947266
55926,normal,3085,1,1782359039.3817227,0.001852273941040039
55927,normal,1509,0,1782359039.3838027,0.0020799636840820312
55928,normal,2931,0,1782359039.3857782,0.001975536346435547
55929,normal,1652,0,1782359039.3877735,0.0019953250885009766
55930,normal,2254,0,1782359039.3897715,0.0019979476928710938
55931,normal,3348,1,1782359039.3918092,0.0020377635955810547
55932,normal,2135,0,1782359039.3937492,0.001940011978149414
55933,normal,2851,0,1782359039.395879,0.002129793167114258
55934,normal,3082,1,1782359039.3977656,0.001886606216430664
55935,normal,364,0,1782359039.3997412,0.001975536346435547
55936,normal,140,0,1782359039.4017587,0.002017498016357422
55937,normal,3653,0,1782359039.4037642,0.0020055770874023438
55938,normal,3011,0,1782359039.405765,0.0020008087158203125
55939,normal,1346,1,1782359039.4078257,0.0020606517791748047
55940,normal,1776,0,1782359039.4098396,0.0020139217376708984
55941,normal,1266,0,1782359039.4118464,0.0020067691802978516
55942,normal,1404,0,1782359039.4138355,0.001989126205444336
55943,normal,3702,0,1782359039.4157898,0.001954317092895508
55944,normal,1984,0,1782359039.417786,0.0019960403442382812
55945,normal,300,0,1782359039.4198205,0.0020346641540527344
55946,normal,2138,0,1782359039.4217322,0.0019116401672363281
55947,normal,1692,0,1782359039.4237363,0.0020041465759277344
55948,normal,1366,1,1782359039.4257305,0.0019941329956054688
55949,normal,2620,0,1782359039.427844,0.0021135807037353516
55950,normal,1107,0,1782359039.4298396,0.001995563507080078
55951,normal,3606,0,1782359039.4318557,0.0020160675048828125
55952,normal,2002,0,1782359039.4339314,0.002075672149658203
55953,normal,952,2,1782359039.4358373,0.0019059181213378906
55954,normal,1624,0,1782359039.4378836,0.002046346664428711
55955,normal,1123,0,1782359039.4398174,0.0019338130950927734
55956,normal,3150,1,1782359039.441895,0.0020775794982910156
55957,normal,1637,0,1782359039.4439082,0.0020132064819335938
55958,normal,1200,0,1782359039.4457262,0.001817941665649414
55959,normal,3441,0,1782359039.4477196,0.001993417739868164
55960,normal,1129,0,1782359039.4497283,0.002008676528930664
55961,normal,697,0,1782359039.4517426,0.0020143985748291016
55962,normal,460,0,1782359039.4538558,0.0021131038665771484
55963,normal,3532,0,1782359039.4557197,0.0018639564514160156
55964,normal,2037,0,1782359039.457717,0.001997232437133789
55965,normal,3370,1,1782359039.459718,0.002001047134399414
55966,normal,318,0,1782359039.4617195,0.002001523971557617
55967,normal,645,0,1782359039.464556,0.002836465835571289
55968,normal,3279,1,1782359039.4659712,0.001415252685546875
55969,normal,506,0,1782359039.4677637,0.0017924308776855469
55970,normal,985,2,1782359039.469775,0.0020112991333007812
55971,normal,1423,0,1782359039.4717915,0.0020165443420410156
55972,normal,2225,0,1782359039.4737852,0.0019936561584472656
55973,normal,1543,0,1782359039.4759536,0.002168416976928711
55974,normal,2687,0,1782359039.4778469,0.0018932819366455078
55975,normal,116,0,1782359039.479802,0.0019550323486328125
55976,normal,2091,0,1782359039.4817827,0.0019807815551757812
55977,normal,2838,0,1782359039.4837956,0.002012968063354492
55978,normal,2627,0,1782359039.4857852,0.001989603042602539
55979,normal,359,0,1782359039.4877965,0.0020112991333007812
55980,normal,2920,0,1782359039.4902446,0.0024480819702148438
55981,normal,235,0,1782359039.4920108,0.001766204833984375
55982,normal,1756,0,1782359039.4945462,0.0025353431701660156
55983,normal,2789,0,1782359039.4957788,0.0012326240539550781
55984,normal,258,0,1782359039.498063,0.0022842884063720703
55985,normal,177,0,1782359039.5000002,0.0019371509552001953
55986,normal,2439,0,1782359039.501939,0.0019388198852539062
55987,normal,334,0,1782359039.5037746,0.0018355846405029297
55988,normal,1335,1,1782359039.5058022,0.0020275115966796875
55989,normal,2034,0,1782359039.5083375,0.0025353431701660156
55990,normal,3221,1,1782359039.5099492,0.0016117095947265625
55991,normal,288,0,1782359039.5118098,0.0018606185913085938
55992,normal,1731,0,1782359039.5137975,0.0019876956939697266
55993,normal,787,2,1782359039.5157871,0.001989603042602539
55994,normal,2844,0,1782359039.517852,0.002064943313598633
55995,normal,1248,0,1782359039.5198615,0.0020093917846679688
55996,normal,3506,0,1782359039.5218475,0.0019860267639160156
55997,normal,3097,1,1782359039.5242412,0.0023937225341796875
55998,normal,3,0,1782359039.5258536,0.0016124248504638672
55999,normal,1981,0,1782359039.527793,0.0019392967224121094
56000,normal,1613,0,1782359039.5298407,0.0020477771759033203
56001,normal,2338,0,1782359039.5317717,0.0019309520721435547
56002,normal,614,0,1782359039.5337713,0.0019996166229248047
56003,normal,2745,0,1782359039.5358243,0.0020530223846435547
56004,normal,2863,0,1782359039.5378132,0.0019888877868652344
56005,normal,2050,0,1782359039.5397694,0.0019562244415283203
56006,normal,1526,0,1782359039.541809,0.002039670944213867
56007,normal,2523,0,1782359039.5437725,0.001963376998901367
56008,normal,3435,0,1782359039.5459425,0.002170085906982422
56009,normal,908,2,1782359039.547799,0.0018565654754638672
56010,normal,3081,1,1782359039.5497465,0.0019474029541015625
56011,normal,643,0,1782359039.5517566,0.0020101070404052734
56012,normal,3546,0,1782359039.5537722,0.0020155906677246094
56013,normal,1691,0,1782359039.555733,0.00196075439453125
56014,normal,397,0,1782359039.5577266,0.0019936561584472656
56015,normal,2249,0,1782359039.559866,0.0021393299102783203
56016,normal,3089,1,1782359039.5618706,0.0020046234130859375
56017,normal,1128,0,1782359039.5638878,0.0020172595977783203
56018,normal,2169,0,1782359039.5660164,0.00212860107421875
56019,normal,1148,0,1782359039.5678103,0.0017938613891601562
56020,normal,3015,0,1782359039.569955,0.0021448135375976562
56021,normal,3469,0,1782359039.5717824,0.001827239990234375
56022,normal,3573,0,1782359039.5737293,0.0019469261169433594
56023,normal,2901,0,1782359039.5757546,0.0020253658294677734
56024,normal,2310,0,1782359039.5778697,0.002115011215209961
56025,normal,1667,0,1782359039.5797207,0.0018510818481445312
56026,normal,2360,0,1782359039.5817494,0.0020287036895751953
56027,normal,427,0,1782359039.5837512,0.0020017623901367188
56028,normal,54,0,1782359039.5861204,0.0023691654205322266
56029,normal,220,0,1782359039.5891736,0.0030531883239746094
56030,normal,859,2,1782359039.5899034,0.0007297992706298828
56031,normal,2777,0,1782359039.5917606,0.0018572807312011719
56032,normal,2390,0,1782359039.5937843,0.0020236968994140625
56033,normal,2435,0,1782359039.595767,0.0019826889038085938
56034,normal,1703,0,1782359039.5979025,0.0021355152130126953
56035,normal,564,0,1782359039.5998669,0.0019643306732177734
56036,normal,1211,0,1782359039.6017914,0.0019245147705078125
56037,normal,383,0,1782359039.6037536,0.0019621849060058594
56038,normal,233,0,1782359039.605793,0.0020394325256347656
56039,normal,653,0,1782359039.607837,0.0020439624786376953
56040,normal,3176,1,1782359039.6098506,0.002013683319091797
56041,normal,842,2,1782359039.6118555,0.002004861831665039
56042,normal,940,2,1782359039.6139653,0.0021097660064697266
56043,normal,1517,0,1782359039.615902,0.0019366741180419922
56044,normal,2100,0,1782359039.617885,0.001983165740966797
56045,normal,91,0,1782359039.620031,0.002146005630493164
56046,normal,323,0,1782359039.621954,0.0019228458404541016
56047,normal,2839,0,1782359039.623893,0.0019390583038330078
56048,normal,3226,1,1782359039.625777,0.0018839836120605469
56049,normal,3518,0,1782359039.628133,0.0023560523986816406
56050,normal,2678,0,1782359039.630169,0.002035856246948242
56051,normal,3077,1,1782359039.6319046,0.001735687255859375
56052,normal,3045,1,1782359039.6339555,0.0020508766174316406
56053,normal,1634,0,1782359039.6358204,0.0018649101257324219
56054,normal,1285,0,1782359039.6378458,0.0020253658294677734
56055,normal,2809,0,1782359039.6398518,0.002006053924560547
56056,normal,961,2,1782359039.6418731,0.002021312713623047
56057,normal,3439,0,1782359039.6440523,0.0021791458129882812
56058,normal,439,0,1782359039.645727,0.001674652099609375
56059,normal,166,0,1782359039.6477847,0.002057790756225586
56060,normal,1682,0,1782359039.6497822,0.0019974708557128906
56061,normal,350,0,1782359039.6517699,0.0019876956939697266
56062,normal,519,0,1782359039.653759,0.001989126205444336
56063,normal,1186,0,1782359039.6557436,0.0019845962524414062
56064,normal,2471,0,1782359039.6577747,0.002031087875366211
56065,normal,1953,0,1782359039.659752,0.001977205276489258
56066,normal,2742,0,1782359039.6618874,0.0021355152130126953
56067,normal,1593,0,1782359039.6637516,0.0018641948699951172
56068,normal,1114,0,1782359039.6657557,0.0020041465759277344
56069,normal,1810,0,1782359039.667772,0.002016305923461914
56070,normal,3522,0,1782359039.6697662,0.0019941329956054688
56071,normal,1046,0,1782359039.6717455,0.001979351043701172
56072,normal,2712,0,1782359039.6737707,0.002025127410888672
56073,normal,2226,0,1782359039.6758235,0.002052783966064453
56074,normal,2701,0,1782359039.677797,0.0019736289978027344
56075,normal,718,0,1782359039.6798728,0.002075672149658203
56076,normal,1983,0,1782359039.6818047,0.001931905746459961
56077,normal,710,0,1782359039.6837819,0.001977205276489258
56078,normal,2542,0,1782359039.6857853,0.0020034313201904297
56079,normal,2817,0,1782359039.6878173,0.002032041549682617
56080,normal,124,0,1782359039.68973,0.0019125938415527344
56081,normal,384,0,1782359039.6917415,0.002011537551879883
56082,normal,3472,0,1782359039.6937351,0.0019936561584472656
56083,normal,1430,0,1782359039.6957395,0.002004384994506836
56084,normal,1884,0,1782359039.6979084,0.002168893814086914
56085,normal,1144,0,1782359039.699811,0.0019025802612304688
56086,normal,2702,0,1782359039.701904,0.002093076705932617
56087,normal,2835,0,1782359039.703875,0.001971006393432617
56088,normal,1800,0,1782359039.7058704,0.0019953250885009766
56089,normal,854,2,1782359039.7078433,0.0019729137420654297
56090,normal,512,0,1782359039.7098856,0.0020422935485839844
56091,normal,2200,0,1782359039.7119536,0.002068042755126953
56092,normal,1535,0,1782359039.7137856,0.0018320083618164062
56093,normal,2427,0,1782359039.7157304,0.0019447803497314453
56094,normal,2291,0,1782359039.7177281,0.001997709274291992
56095,normal,422,0,1782359039.7197292,0.002001047134399414
56096,normal,1890,0,1782359039.721867,0.002137899398803711
56097,normal,2925,0,1782359039.7237432,0.0018761157989501953
56098,normal,2957,0,1782359039.7257369,0.0019936561584472656
56099,normal,989,2,1782359039.7277288,0.0019919872283935547
56100,normal,2971,0,1782359039.7297487,0.0020198822021484375
56101,normal,735,0,1782359039.7320163,0.002267599105834961
56102,normal,3432,0,1782359039.7341187,0.002102375030517578
56103,normal,1512,0,1782359039.7358046,0.0016858577728271484
56104,normal,1136,0,1782359039.7378154,0.002010822296142578
56105,normal,919,2,1782359039.739819,0.0020036697387695312
56106,normal,3272,1,1782359039.7417588,0.0019397735595703125
56107,normal,2473,0,1782359039.7437873,0.0020284652709960938
56108,normal,445,0,1782359039.746089,0.0023016929626464844
56109,normal,179,0,1782359039.7478056,0.00171661376953125
56110,normal,1575,0,1782359039.749777,0.0019714832305908203
56111,normal,2549,0,1782359039.7518516,0.0020744800567626953
56112,normal,136,0,1782359039.7537847,0.0019330978393554688
56113,normal,2873,0,1782359039.755767,0.001982450485229492
56114,normal,3286,1,1782359039.7578125,0.0020453929901123047
56115,normal,810,2,1782359039.7601986,0.0023860931396484375
56116,normal,1985,0,1782359039.7620168,0.0018181800842285156
56117,normal,1073,0,1782359039.764482,0.0024652481079101562
56118,normal,1232,0,1782359039.7660801,0.0015981197357177734
56119,normal,2022,0,1782359039.7679608,0.001880645751953125
56120,normal,287,0,1782359039.7699428,0.001981973648071289
56121,normal,1,0,1782359039.771752,0.0018093585968017578
56122,normal,1932,0,1782359039.7737656,0.0020134449005126953
56123,normal,3088,1,1782359039.7759283,0.0021626949310302734
56124,normal,770,0,1782359039.7779753,0.0020470619201660156
56125,normal,3386,1,1782359039.779952,0.0019767284393310547
56126,normal,2013,0,1782359039.7819157,0.0019636154174804688
56127,normal,1320,1,1782359039.783817,0.001901388168334961
56128,normal,1684,0,1782359039.7858398,0.0020227432250976562
56129,normal,3383,1,1782359039.787901,0.002061128616333008
56130,normal,3501,0,1782359039.7902317,0.002330780029296875
56131,normal,3270,1,1782359039.791882,0.0016503334045410156
56132,normal,2634,0,1782359039.7937868,0.0019047260284423828
56133,normal,3384,1,1782359039.795777,0.0019903182983398438
56134,normal,2019,0,1782359039.7977977,0.002020597457885742
56135,normal,1284,0,1782359039.799823,0.0020253658294677734
56136,normal,1158,0,1782359039.8017793,0.0019562244415283203
56137,normal,652,0,1782359039.8037555,0.0019762516021728516
56138,normal,1070,0,1782359039.8057957,0.0020401477813720703
56139,normal,3116,1,1782359039.8079276,0.002131938934326172
56140,normal,1140,0,1782359039.809771,0.0018434524536132812
56141,normal,1741,0,1782359039.8117938,0.0020227432250976562
56142,normal,2415,0,1782359039.8137531,0.0019593238830566406
56143,normal,3126,1,1782359039.815906,0.0021529197692871094
56144,normal,2352,0,1782359039.8177888,0.001882791519165039
56145,normal,3705,0,1782359039.8198044,0.0020155906677246094
56146,normal,1934,0,1782359039.8217974,0.001992940902709961
56147,normal,3338,1,1782359039.8238428,0.0020453929901123047
56148,normal,3364,1,1782359039.825933,0.0020902156829833984
56149,normal,3094,1,1782359039.8277807,0.0018477439880371094
56150,normal,1228,0,1782359039.8298054,0.0020246505737304688
56151,normal,3260,1,1782359039.831787,0.0019817352294921875
56152,normal,791,2,1782359039.8337944,0.0020072460174560547
56153,normal,1725,0,1782359039.8358362,0.0020418167114257812
56154,normal,3426,0,1782359039.8378546,0.002018451690673828
56155,normal,49,0,1782359039.8398504,0.0019958019256591797
56156,normal,226,0,1782359039.841963,0.0021126270294189453
56157,normal,2157,0,1782359039.8438616,0.0018985271453857422
56158,normal,1643,0,1782359039.8459396,0.0020780563354492188
56159,normal,1594,0,1782359039.84793,0.0019903182983398438
56160,normal,640,0,1782359039.850039,0.002109050750732422
56161,normal,3516,0,1782359039.8521185,0.002079486846923828
56162,normal,2713,0,1782359039.8539658,0.0018472671508789062
56163,normal,2043,0,1782359039.8559227,0.001956939697265625
56164,normal,3524,0,1782359039.8579996,0.002076864242553711
56165,normal,3542,0,1782359039.8599637,0.001964092254638672
56166,normal,664,0,1782359039.8618486,0.0018849372863769531
56167,normal,2554,0,1782359039.8638644,0.002015829086303711
56168,normal,3083,1,1782359039.86584,0.001975536346435547
56169,normal,2162,0,1782359039.86793,0.002089977264404297
56170,normal,3682,0,1782359039.8697941,0.0018641948699951172
56171,normal,1086,0,1782359039.8718145,0.0020203590393066406
56172,normal,2476,0,1782359039.8737633,0.0019488334655761719
56173,normal,2271,0,1782359039.8757653,0.0020020008087158203
56174,normal,1550,0,1782359039.8780165,0.002251148223876953
56175,normal,3408,0,1782359039.8804204,0.0024039745330810547
56176,normal,2655,0,1782359039.8819442,0.001523733139038086
56177,normal,1630,0,1782359039.88387,0.0019257068634033203
56178,normal,2750,0,1782359039.8858116,0.001941680908203125
56179,normal,2922,0,1782359039.8878138,0.002002239227294922
56180,normal,1681,0,1782359039.8898683,0.002054452896118164
56181,normal,3308,1,1782359039.892005,0.002136707305908203
56182,normal,1348,1,1782359039.8938923,0.0018873214721679688
56183,normal,2370,0,1782359039.8958588,0.0019664764404296875
56184,normal,883,2,1782359039.8977964,0.0019376277923583984
56185,normal,3540,0,1782359039.8997693,0.0019729137420654297
56186,normal,1340,1,1782359039.901845,0.002075672149658203
56187,normal,198,0,1782359039.9037826,0.0019376277923583984
56188,normal,1907,0,1782359039.905833,0.0020503997802734375
56189,normal,1265,0,1782359039.9078538,0.0020208358764648438
56190,normal,3009,0,1782359039.9097824,0.001928567886352539
56191,normal,1385,0,1782359039.9119394,0.002156972885131836
56192,normal,342,0,1782359039.9144986,0.002559185028076172
56193,normal,201,0,1782359039.9159365,0.0014379024505615234
56194,normal,170,0,1782359039.9177644,0.0018279552459716797
56195,normal,2625,0,1782359039.9199066,0.002142190933227539
56196,normal,1275,0,1782359039.9218214,0.0019147396087646484
56197,normal,2179,0,1782359039.9238713,0.0020499229431152344
56198,normal,189,0,1782359039.9259791,0.002107858657836914
56199,normal,3090,1,1782359039.9278576,0.001878499984741211
56200,normal,3247,1,1782359039.9300578,0.0022001266479492188
56201,normal,2154,0,1782359039.9321108,0.0020530223846435547
56202,normal,1825,0,1782359039.9337785,0.0016677379608154297
56203,normal,1187,0,1782359039.9357274,0.0019488334655761719
56204,normal,1955,0,1782359039.9378967,0.002169370651245117
56205,normal,2488,0,1782359039.93982,0.0019233226776123047
56206,normal,596,0,1782359039.941811,0.0019910335540771484
56207,normal,1947,0,1782359039.9438658,0.0020546913146972656
56208,normal,2470,0,1782359039.9458563,0.0019905567169189453
56209,normal,161,0,1782359039.947933,0.0020766258239746094
56210,normal,1896,0,1782359039.9498024,0.0018694400787353516
56211,normal,2086,0,1782359039.9517903,0.001987934112548828
56212,normal,1886,0,1782359039.9537752,0.001984834671020508
56213,normal,1784,0,1782359039.9557827,0.0020074844360351562
56214,normal,3315,1,1782359039.957768,0.001985311508178711
56215,normal,3060,1,1782359039.959832,0.0020639896392822266
56216,normal,3480,0,1782359039.9617934,0.0019614696502685547
56217,normal,2891,0,1782359039.963747,0.001953601837158203
56218,normal,2711,0,1782359039.9657977,0.002050638198852539
56219,normal,1882,0,1782359039.968007,0.0022094249725341797
56220,normal,2126,0,1782359039.9698713,0.0018641948699951172
56221,normal,2582,0,1782359039.9717581,0.0018868446350097656
56222,normal,2765,0,1782359039.9737868,0.0020287036895751953
56223,normal,2489,0,1782359039.9757605,0.0019736289978027344
56224,normal,2353,0,1782359039.9777546,0.0019941329956054688
56225,normal,127,0,1782359039.979777,0.0020225048065185547
56226,normal,2677,0,1782359039.9818685,0.0020914077758789062
56227,normal,147,0,1782359039.9837606,0.00189208984375
56228,normal,2973,0,1782359039.9858472,0.002086639404296875
56229,normal,257,0,1782359039.9879038,0.002056598663330078
56230,normal,2499,0,1782359039.9899225,0.0020186901092529297
56231,normal,1242,0,1782359039.9920077,0.0020852088928222656
56232,normal,728,0,1782359039.9938369,0.0018291473388671875
56233,normal,3036,0,1782359039.995726,0.0018892288208007812
56234,normal,2898,0,1782359039.997764,0.0020380020141601562
56235,normal,2343,0,1782359039.9997563,0.0019922256469726562
56236,normal,294,0,1782359040.0017545,0.0019981861114501953
56237,normal,471,0,1782359040.0045068,0.0027523040771484375
56238,normal,2720,0,1782359040.0057318,0.0012249946594238281
56239,normal,3261,1,1782359040.007763,0.002031087875366211
56240,normal,758,0,1782359040.0099764,0.0022134780883789062
56241,normal,1595,0,1782359040.012007,0.002030611038208008
56242,normal,3262,1,1782359040.0139081,0.0019011497497558594
56243,normal,3046,1,1782359040.0157702,0.0018620491027832031
56244,normal,3191,1,1782359040.017729,0.0019588470458984375
56245,normal,1377,1,1782359040.0197651,0.0020360946655273438
56246,normal,39,0,1782359040.0219061,0.0021409988403320312
56247,normal,2092,0,1782359040.0237894,0.0018832683563232422
56248,normal,1871,0,1782359040.0257733,0.0019838809967041016
56249,normal,821,2,1782359040.0277767,0.0020034313201904297
56250,normal,252,0,1782359040.029854,0.002077341079711914
56251,normal,3436,0,1782359040.031907,0.0020530223846435547
56252,normal,885,2,1782359040.0339088,0.0020017623901367188
56253,normal,133,0,1782359040.0357525,0.0018436908721923828
56254,normal,688,0,1782359040.0380135,0.002260923385620117
56255,normal,857,2,1782359040.0399327,0.0019192695617675781
56256,normal,533,0,1782359040.0419052,0.0019724369049072266
56257,normal,2815,0,1782359040.0439267,0.0020215511322021484
56258,normal,1958,0,1782359040.0462337,0.0023069381713867188
56259,normal,2816,0,1782359040.0480225,0.0017888545989990234
56260,normal,3404,0,1782359040.0498319,0.0018093585968017578
56261,normal,296,0,1782359040.0517633,0.0019314289093017578
56262,normal,687,0,1782359040.053975,0.0022118091583251953
56263,normal,1534,0,1782359040.0560644,0.002089262008666992
56264,normal,3400,1,1782359040.0580115,0.001947164535522461
56265,normal,2313,0,1782359040.0599043,0.0018928050994873047
56266,normal,2040,0,1782359040.0619133,0.0020089149475097656
56267,normal,2982,0,1782359040.0638025,0.0018892288208007812
56268,normal,1334,1,1782359040.065871,0.0020685195922851562
56269,normal,438,0,1782359040.0678241,0.001953125
56270,normal,2868,0,1782359040.070118,0.002293825149536133
56271,normal,69,0,1782359040.0717347,0.0016167163848876953
56272,normal,873,2,1782359040.0739002,0.002165555953979492
56273,normal,2105,0,1782359040.0759027,0.0020024776458740234
56274,normal,3301,1,1782359040.0778933,0.0019905567169189453
56275,normal,1775,0,1782359040.0798633,0.001970052719116211
56276,normal,480,0,1782359040.0818841,0.0020208358764648438
56277,normal,3595,0,1782359040.0838778,0.0019936561584472656
56278,normal,574,0,1782359040.0858934,0.0020155906677246094
56279,normal,278,0,1782359040.088038,0.0021445751190185547
56280,normal,3121,1,1782359040.0898058,0.001767873764038086
56281,normal,1755,0,1782359040.0918758,0.0020699501037597656
56282,normal,1950,0,1782359040.093877,0.0020012855529785156
56283,normal,2760,0,1782359040.095871,0.001993894577026367
56284,normal,18,0,1782359040.0978718,0.0020008087158203125
56285,normal,900,2,1782359040.0998914,0.002019643783569336
56286,normal,3570,0,1782359040.1019287,0.0020372867584228516
56287,normal,85,0,1782359040.10395,0.002021312713623047
56288,normal,2963,0,1782359040.1060228,0.0020728111267089844
56289,normal,1859,0,1782359040.107884,0.0018610954284667969
56290,normal,910,2,1782359040.1098535,0.001969575881958008
56291,normal,944,2,1782359040.1118324,0.0019788742065429688
56292,normal,3133,1,1782359040.1138232,0.001990795135498047
56293,normal,960,2,1782359040.1158292,0.002006053924560547
56294,normal,3609,0,1782359040.1177804,0.0019512176513671875
56295,normal,1210,0,1782359040.1197355,0.0019550323486328125
56296,normal,2894,0,1782359040.12174,0.0020046234130859375
56297,normal,670,0,1782359040.1238046,0.0020644664764404297
56298,normal,1788,0,1782359040.1259499,0.0021452903747558594
56299,normal,1062,0,1782359040.1278546,0.0019047260284423828
56300,normal,1696,0,1782359040.1300077,0.002153158187866211
56301,normal,1500,0,1782359040.131871,0.001863241195678711
56302,normal,2974,0,1782359040.1339178,0.002046823501586914
56303,normal,868,2,1782359040.1359072,0.0019893646240234375
56304,normal,67,0,1782359040.137911,0.002003908157348633
56305,normal,3152,1,1782359040.1399693,0.002058267593383789
56306,normal,1238,0,1782359040.1417708,0.0018014907836914062
56307,normal,153,0,1782359040.1437325,0.0019617080688476562
56308,normal,2550,0,1782359040.1457598,0.002027273178100586
56309,normal,1414,0,1782359040.14776,0.002000093460083008
56310,normal,340,0,1782359040.149899,0.0021390914916992188
56311,normal,3136,1,1782359040.1517255,0.0018265247344970703
56312,normal,265,0,1782359040.1537673,0.0020418167114257812
56313,normal,1963,0,1782359040.155727,0.001959562301635742
56314,normal,212,0,1782359040.157761,0.0020341873168945312
56315,normal,1608,0,1782359040.160071,0.0023097991943359375
56316,normal,3456,0,1782359040.162146,0.0020751953125
56317,normal,3693,0,1782359040.1638758,0.001729726791381836
56318,normal,305,0,1782359040.1658156,0.0019397735595703125
56319,normal,3599,0,1782359040.167766,0.0019505023956298828
56320,normal,2145,0,1782359040.1697974,0.0020313262939453125
56321,normal,571,0,1782359040.1718078,0.002010345458984375
56322,normal,3526,0,1782359040.1739614,0.002153635025024414
56323,normal,1590,0,1782359040.1758108,0.0018494129180908203
56324,normal,391,0,1782359040.1778266,0.002015829086303711
56325,normal,2781,0,1782359040.1797664,0.0019397735595703125
56326,normal,729,0,1782359040.1817544,0.001987934112548828
56327,normal,2908,0,1782359040.1837962,0.0020418167114257812
56328,normal,662,0,1782359040.1857626,0.0019664764404296875
56329,normal,3063,1,1782359040.1882715,0.002508878707885742
56330,normal,2903,0,1782359040.1904962,0.0022246837615966797
56331,normal,2309,0,1782359040.1926339,0.0021376609802246094
56332,normal,311,0,1782359040.1942918,0.0016579627990722656
56333,normal,3545,0,1782359040.1960535,0.0017616748809814453
56334,normal,2669,0,1782359040.1980052,0.0019516944885253906
56335,normal,1297,0,1782359040.199903,0.0018978118896484375
56336,normal,1925,0,1782359040.2018027,0.00189971923828125
56337,normal,1935,0,1782359040.2040715,0.0022687911987304688
56338,normal,329,0,1782359040.2061894,0.0021178722381591797
56339,normal,3206,1,1782359040.2079911,0.0018017292022705078
56340,normal,1004,2,1782359040.2100348,0.0020437240600585938
56341,normal,978,2,1782359040.2117987,0.0017638206481933594
56342,normal,2564,0,1782359040.2138467,0.002048015594482422
56343,normal,1653,0,1782359040.2158427,0.0019960403442382812
56344,normal,703,0,1782359040.2178617,0.0020189285278320312
56345,normal,2962,0,1782359040.2203143,0.0024526119232177734
56346,normal,3160,1,1782359040.2218606,0.0015463829040527344
56347,normal,2589,0,1782359040.2237527,0.00189208984375
56348,normal,3464,0,1782359040.2258017,0.002048969268798828
56349,normal,135,0,1782359040.2277625,0.00196075439453125
56350,normal,1759,0,1782359040.229796,0.0020334720611572266
56351,normal,635,0,1782359040.2318218,0.0020258426666259766
56352,normal,2724,0,1782359040.2337549,0.0019330978393554688
56353,normal,2315,0,1782359040.2357635,0.002008676528930664
56354,normal,254,0,1782359040.2379673,0.002203702926635742
56355,normal,1693,0,1782359040.2397919,0.0018246173858642578
56356,normal,674,0,1782359040.241767,0.0019750595092773438
56357,normal,2426,0,1782359040.2437973,0.0020303726196289062
56358,normal,2492,0,1782359040.245749,0.0019516944885253906
56359,normal,1147,0,1782359040.2477417,0.0019927024841308594
56360,normal,2421,0,1782359040.2497668,0.002025127410888672
56361,normal,1498,0,1782359040.2518222,0.0020554065704345703
56362,normal,1339,1,1782359040.2538347,0.002012491226196289
56363,normal,2454,0,1782359040.2558782,0.002043485641479492
56364,normal,150,0,1782359040.2578545,0.0019762516021728516
56365,normal,1806,0,1782359040.259841,0.0019865036010742188
56366,normal,3495,0,1782359040.2618387,0.001997709274291992
56367,normal,3589,0,1782359040.263795,0.0019562244415283203
56368,normal,751,0,1782359040.2658472,0.00205230712890625
56369,normal,803,2,1782359040.267795,0.0019478797912597656
56370,normal,2538,0,1782359040.2697556,0.0019605159759521484
56371,normal,2614,0,1782359040.2717862,0.002030611038208008
56372,normal,2539,0,1782359040.2738965,0.0021102428436279297
56373,normal,1096,0,1782359040.2758465,0.0019500255584716797
56374,normal,145,0,1782359040.2778633,0.002016782760620117
56375,normal,2409,0,1782359040.280007,0.0021436214447021484
56376,normal,2273,0,1782359040.2820282,0.002021312713623047
56377,normal,1492,0,1782359040.2839055,0.0018773078918457031
56378,normal,2301,0,1782359040.285901,0.001995563507080078
56379,normal,3549,0,1782359040.2878845,0.0019834041595458984
56380,normal,2836,0,1782359040.2899277,0.0020432472229003906
56381,normal,1811,0,1782359040.2918725,0.0019447803497314453
56382,normal,509,0,1782359040.2937715,0.0018990039825439453
56383,normal,2150,0,1782359040.295781,0.0020093917846679688
56384,normal,3627,0,1782359040.2977803,0.001999378204345703
56385,normal,3200,1,1782359040.2998672,0.0020868778228759766
56386,normal,3651,0,1782359040.301763,0.001895904541015625
56387,normal,2076,0,1782359040.3037653,0.002002239227294922
56388,normal,2647,0,1782359040.3057306,0.0019652843475341797
56389,normal,3536,0,1782359040.3077703,0.002039670944213867
56390,normal,1626,0,1782359040.3099577,0.002187490463256836
56391,normal,1009,2,1782359040.312218,0.0022602081298828125
56392,normal,932,2,1782359040.3138826,0.0016646385192871094
56393,normal,249,0,1782359040.3158112,0.001928567886352539
56394,normal,1585,0,1782359040.3177674,0.0019562244415283203
56395,normal,1094,0,1782359040.3198452,0.002077817916870117
56396,normal,2035,0,1782359040.3218083,0.0019631385803222656
56397,normal,1269,0,1782359040.323947,0.0021386146545410156
56398,normal,2238,0,1782359040.3258553,0.0019083023071289062
56399,normal,2207,0,1782359040.327793,0.0019376277923583984
56400,normal,396,0,1782359040.3297606,0.0019676685333251953
56401,normal,363,0,1782359040.3318129,0.00205230712890625
56402,normal,3547,0,1782359040.3338158,0.0020029544830322266
56403,normal,2972,0,1782359040.3357742,0.0019583702087402344
56404,normal,1467,0,1782359040.3379092,0.002135038375854492
56405,normal,3165,1,1782359040.340014,0.0021047592163085938
56406,normal,3487,0,1782359040.3419025,0.0018885135650634766
56407,normal,1888,0,1782359040.343894,0.0019915103912353516
56408,normal,3604,0,1782359040.3459625,0.0020685195922851562
56409,normal,2560,0,1782359040.3481128,0.002150297164916992
56410,normal,2247,0,1782359040.3501081,0.0019953250885009766
56411,normal,945,2,1782359040.3520126,0.0019044876098632812
56412,normal,552,0,1782359040.353789,0.0017764568328857422
56413,normal,3258,1,1782359040.3558834,0.002094268798828125
56414,normal,2663,0,1782359040.3580081,0.002124786376953125
56415,normal,1931,0,1782359040.3597722,0.001764059066772461
56416,normal,1716,0,1782359040.3617342,0.001961946487426758
56417,normal,2110,0,1782359040.363788,0.0020537376403808594
56418,normal,3053,1,1782359040.365818,0.0020301342010498047
56419,normal,1078,0,1782359040.3677583,0.0019402503967285156
56420,normal,936,2,1782359040.3698094,0.002051115036010742
56421,normal,3251,1,1782359040.371743,0.0019335746765136719
56422,normal,2253,0,1782359040.3738182,0.0020751953125
56423,normal,1656,0,1782359040.3758461,0.0020279884338378906
56424,normal,2098,0,1782359040.3778574,0.0020112991333007812
56425,normal,957,2,1782359040.3798704,0.002012968063354492
56426,normal,558,0,1782359040.3819041,0.002033710479736328
56427,normal,901,2,1782359040.3838556,0.001951456069946289
56428,normal,500,0,1782359040.3857863,0.0019307136535644531
56429,normal,3064,1,1782359040.3878107,0.002024412155151367
56430,normal,1926,0,1782359040.3897643,0.001953601837158203
56431,normal,322,0,1782359040.391756,0.001991748809814453
56432,normal,1994,0,1782359040.3938007,0.002044677734375
56433,normal,2636,0,1782359040.3957489,0.0019481182098388672
56434,normal,2494,0,1782359040.3978426,0.002093791961669922
56435,normal,2547,0,1782359040.3997903,0.001947641372680664
56436,normal,684,0,1782359040.4017515,0.001961231231689453
56437,normal,968,2,1782359040.4037461,0.001994609832763672
56438,normal,1561,0,1782359040.4060729,0.0023267269134521484
56439,normal,1208,0,1782359040.4077632,0.0016903877258300781
56440,normal,1189,0,1782359040.4097455,0.0019822120666503906
56441,normal,906,2,1782359040.4118137,0.0020682811737060547
56442,normal,1663,0,1782359040.4137409,0.0019271373748779297
56443,normal,516,0,1782359040.4157717,0.0020308494567871094
56444,normal,523,0,1782359040.4177773,0.0020055770874023438
56445,normal,3523,0,1782359040.419822,0.002044677734375
56446,normal,923,2,1782359040.4218285,0.00200653076171875
56447,normal,2921,0,1782359040.4239316,0.002103090286254883
56448,normal,1689,0,1782359040.4258738,0.0019421577453613281
56449,normal,111,0,1782359040.4278805,0.0020067691802978516
56450,normal,2483,0,1782359040.4300013,0.0021207332611083984
56451,normal,1281,0,1782359040.4318042,0.0018029212951660156
56452,normal,723,0,1782359040.4337292,0.0019249916076660156
56453,normal,1256,0,1782359040.4357574,0.002028226852416992
56454,normal,38,0,1782359040.437769,0.002011537551879883
56455,normal,1804,0,1782359040.4397435,0.0019745826721191406
56456,normal,450,0,1782359040.441751,0.0020074844360351562
56457,normal,203,0,1782359040.443718,0.0019669532775878906
56458,normal,3104,1,1782359040.4457533,0.002035379409790039
56459,normal,2543,0,1782359040.4481778,0.002424478530883789
56460,normal,3240,1,1782359040.4498796,0.0017018318176269531
56461,normal,3363,1,1782359040.4517758,0.0018961429595947266
56462,normal,86,0,1782359040.4538028,0.0020270347595214844
56463,normal,524,0,1782359040.4557664,0.0019636154174804688
56464,normal,2288,0,1782359040.4579256,0.00215911865234375
56465,normal,3111,1,1782359040.4598129,0.0018873214721679688
56466,normal,126,0,1782359040.4617538,0.0019409656524658203
56467,normal,3058,1,1782359040.4637606,0.0020067691802978516
56468,normal,1261,0,1782359040.465812,0.0020513534545898438
56469,normal,2245,0,1782359040.4681637,0.0023517608642578125
56470,normal,2930,0,1782359040.4699728,0.0018091201782226562
56471,normal,1883,0,1782359040.4719121,0.0019392967224121094
56472,normal,3608,0,1782359040.4738934,0.0019812583923339844
56473,normal,66,0,1782359040.475905,0.002011537551879883
56474,normal,3670,0,1782359040.478093,0.002187967300415039
56475,normal,2442,0,1782359040.4799995,0.0019066333770751953
56476,normal,3458,0,1782359040.4817858,0.0017862319946289062
56477,normal,2907,0,1782359040.4837677,0.001981973648071289
56478,normal,2986,0,1782359040.485773,0.002005338668823242
56479,normal,3504,0,1782359040.4878538,0.002080678939819336
56480,normal,2187,0,1782359040.4900057,0.002151966094970703
56481,normal,927,2,1782359040.492013,0.0020072460174560547
56482,normal,1880,0,1782359040.493974,0.0019609928131103516
56483,normal,2649,0,1782359040.4961317,0.0021576881408691406
56484,normal,1375,1,1782359040.4991555,0.003023862838745117
56485,normal,532,0,1782359040.4997914,0.0006358623504638672
56486,normal,677,0,1782359040.5018654,0.002074003219604492
56487,normal,2080,0,1782359040.5039723,0.002106904983520508
56488,normal,981,2,1782359040.505872,0.00189971923828125
56489,normal,462,0,1782359040.508068,0.002196073532104492
56490,normal,253,0,1782359040.5101106,0.002042531967163086
56491,normal,537,0,1782359040.5120454,0.0019347667694091797
56492,normal,1870,0,1782359040.5140812,0.002035856246948242
56493,normal,2763,0,1782359040.5161347,0.002053499221801758
56494,normal,3154,1,1782359040.5179482,0.0018134117126464844
56495,normal,1329,1,1782359040.5199409,0.0019927024841308594
56496,normal,1103,0,1782359040.521884,0.0019431114196777344
56497,normal,2078,0,1782359040.5238142,0.00193023681640625
56498,normal,3145,1,1782359040.5258539,0.002039670944213867
56499,normal,16,0,1782359040.5280857,0.0022318363189697266
56500,normal,1098,0,1782359040.5297194,0.0016336441040039062
56501,normal,817,2,1782359040.531747,0.002027750015258789
56502,normal,2608,0,1782359040.533737,0.0019898414611816406
56503,normal,2422,0,1782359040.535787,0.002050161361694336
56504,normal,3303,1,1782359040.5379617,0.0021746158599853516
56505,normal,3102,1,1782359040.5397706,0.0018088817596435547
56506,normal,1719,0,1782359040.5419285,0.002157926559448242
56507,normal,3140,1,1782359040.543743,0.0018143653869628906
56508,normal,2259,0,1782359040.5459452,0.002202272415161133
56509,normal,3334,1,1782359040.5477972,0.0018520355224609375
56510,normal,911,2,1782359040.5500293,0.002232074737548828
56511,normal,2500,0,1782359040.5518384,0.0018091201782226562
56512,normal,1254,0,1782359040.554022,0.002183675765991211
56513,normal,468,0,1782359040.5558498,0.0018277168273925781
56514,normal,3681,0,1782359040.5581234,0.0022735595703125
56515,normal,2399,0,1782359040.559852,0.0017285346984863281
56516,normal,1542,0,1782359040.562125,0.002273082733154297
56517,normal,2556,0,1782359040.5638726,0.0017476081848144531
56518,normal,2737,0,1782359040.566131,0.0022585391998291016
56519,normal,1675,0,1782359040.5679674,0.0018362998962402344
56520,normal,2031,0,1782359040.5700521,0.0020847320556640625
56521,normal,2952,0,1782359040.5719676,0.0019154548645019531
56522,normal,3084,1,1782359040.5741382,0.002170562744140625
56523,normal,638,0,1782359040.5758665,0.0017282962799072266
56524,normal,720,0,1782359040.5781412,0.002274751663208008
56525,normal,3289,1,1782359040.5798552,0.0017139911651611328
56526,normal,3051,1,1782359040.5820355,0.002180337905883789
56527,normal,94,0,1782359040.58397,0.0019345283508300781
56528,normal,1536,0,1782359040.5861654,0.0021953582763671875
56529,normal,470,0,1782359040.5878584,0.0016930103302001953
56530,normal,1221,0,1782359040.5901277,0.002269268035888672
56531,normal,1198,0,1782359040.5919673,0.0018396377563476562
56532,normal,1631,0,1782359040.594032,0.0020647048950195312
56533,normal,2178,0,1782359040.595966,0.001934051513671875
56534,normal,1082,0,1782359040.5981727,0.002206563949584961
56535,normal,3616,0,1782359040.5998588,0.00168609619140625
56536,normal,682,0,1782359040.6021342,0.0022754669189453125
56537,normal,2464,0,1782359040.603967,0.001832723617553711
56538,normal,2146,0,1782359040.606032,0.002064943313598633
56539,normal,3215,1,1782359040.6079652,0.0019333362579345703
56540,normal,2057,0,1782359040.6101387,0.0021734237670898438
56541,normal,2829,0,1782359040.6118596,0.0017209053039550781
56542,normal,1249,0,1782359040.6141372,0.0022776126861572266
56543,normal,1349,1,1782359040.6160028,0.0018656253814697266
56544,normal,2312,0,1782359040.6180367,0.0020339488983154297
56545,normal,3695,0,1782359040.619965,0.0019283294677734375
56546,normal,3515,0,1782359040.6221411,0.002176046371459961
56547,normal,2779,0,1782359040.6238613,0.0017201900482177734
56548,normal,3453,0,1782359040.6261387,0.002277374267578125
56549,normal,2466,0,1782359040.6280098,0.0018711090087890625
56550,normal,3452,0,1782359040.6300411,0.0020313262939453125
56551,normal,2709,0,1782359040.6319664,0.0019252300262451172
56552,normal,1836,0,1782359040.6341372,0.0021708011627197266
56553,normal,3188,1,1782359040.6358607,0.0017235279083251953
56554,normal,793,2,1782359040.6381557,0.0022950172424316406
56555,normal,2112,0,1782359040.6399777,0.0018219947814941406
56556,normal,732,0,1782359040.6420527,0.0020749568939208984
56557,normal,2420,0,1782359040.6439705,0.0019178390502929688
56558,normal,3032,0,1782359040.6461904,0.0022199153900146484
56559,normal,767,0,1782359040.647874,0.0016837120056152344
56560,normal,774,2,1782359040.6498516,0.0019774436950683594
56561,normal,3535,0,1782359040.6522076,0.0023560523986816406
56562,normal,3328,1,1782359040.653879,0.0016713142395019531
56563,normal,3572,0,1782359040.6558697,0.001990795135498047
56564,normal,2412,0,1782359040.6582134,0.0023436546325683594
56565,normal,1858,0,1782359040.6598654,0.0016520023345947266
56566,normal,1101,0,1782359040.6620295,0.002164125442504883
56567,normal,3153,1,1782359040.6639705,0.0019409656524658203
56568,normal,2140,0,1782359040.6658618,0.0018913745880126953
56569,normal,2695,0,1782359040.6680312,0.002169370651245117
56570,normal,2395,0,1782359040.6699383,0.0019071102142333984
56571,normal,160,0,1782359040.6719494,0.0020110607147216797
56572,normal,3028,0,1782359040.6738625,0.0019130706787109375
56573,normal,2784,0,1782359040.6760912,0.0022287368774414062
56574,normal,1885,0,1782359040.6778421,0.001750946044921875
56575,normal,807,2,1782359040.6801386,0.00229644775390625
56576,normal,2749,0,1782359040.682055,0.0019164085388183594
56577,normal,2303,0,1782359040.6840396,0.0019845962524414062
56578,normal,454,0,1782359040.6859674,0.0019278526306152344
56579,normal,2830,0,1782359040.6882143,0.002246856689453125
56580,normal,1688,0,1782359040.6898618,0.0016474723815917969
56581,normal,2318,0,1782359040.692132,0.002270221710205078
56582,normal,2410,0,1782359040.6939716,0.0018396377563476562
56583,normal,2862,0,1782359040.696037,0.002065420150756836
56584,normal,1846,0,1782359040.6979656,0.001928567886352539
56585,normal,3374,1,1782359040.7002866,0.002321004867553711
56586,normal,2335,0,1782359040.7020419,0.0017552375793457031
56587,normal,2517,0,1782359040.7039688,0.0019268989562988281
56588,normal,606,0,1782359040.7061315,0.0021626949310302734
56589,normal,2406,0,1782359040.7078526,0.0017211437225341797
56590,normal,1448,0,1782359040.7101386,0.0022859573364257812
56591,normal,1051,0,1782359040.7119756,0.001837015151977539
56592,normal,594,0,1782359040.7140355,0.0020599365234375
56593,normal,5,0,1782359040.7159746,0.0019390583038330078
56594,normal,3086,1,1782359040.7181268,0.0021522045135498047
56595,normal,1544,0,1782359040.7198596,0.0017328262329101562
56596,normal,995,2,1782359040.722133,0.0022733211517333984
56597,normal,2108,0,1782359040.7239904,0.0018575191497802734
56598,normal,348,0,1782359040.726045,0.002054452896118164
56599,normal,2362,0,1782359040.7279725,0.0019276142120361328
56600,normal,1118,0,1782359040.7301354,0.002162933349609375
56601,normal,1828,0,1782359040.7318592,0.0017237663269042969
56602,normal,1530,0,1782359040.7341304,0.0022711753845214844
56603,normal,426,0,1782359040.735977,0.0018465518951416016
56604,normal,865,2,1782359040.7380497,0.0020728111267089844
56605,normal,3367,1,1782359040.7399728,0.0019230842590332031
56606,normal,648,0,1782359040.7421312,0.0021584033966064453
56607,normal,1581,0,1782359040.7438557,0.0017244815826416016
56608,normal,216,0,1782359040.746127,0.0022711753845214844
56609,normal,651,0,1782359040.7480028,0.0018758773803710938
56610,normal,2003,0,1782359040.7498803,0.0018775463104248047
56611,normal,1296,0,1782359040.7519689,0.0020885467529296875
56612,normal,2975,0,1782359040.7541418,0.0021729469299316406
56613,normal,2719,0,1782359040.7558503,0.0017085075378417969
56614,normal,437,0,1782359040.75815,0.002299785614013672
56615,normal,1277,0,1782359040.759978,0.0018279552459716797
56616,normal,929,2,1782359040.7620432,0.0020651817321777344
56617,normal,1970,0,1782359040.7639675,0.001924276351928711
56618,normal,2015,0,1782359040.766217,0.002249479293823242
56619,normal,1532,0,1782359040.7678545,0.0016374588012695312
56620,normal,51,0,1782359040.770132,0.0022776126861572266
56621,normal,30,0,1782359040.771993,0.0018608570098876953
56622,normal,2001,0,1782359040.7740474,0.002054452896118164
56623,normal,2373,0,1782359040.7759724,0.0019249916076660156
56624,normal,3307,1,1782359040.7781549,0.002182483673095703
56625,normal,2039,0,1782359040.7798574,0.0017025470733642578
56626,normal,2871,0,1782359040.7821472,0.0022897720336914062
56627,normal,1048,0,1782359040.7840216,0.0018744468688964844
56628,normal,372,0,1782359040.7858622,0.0018405914306640625
56629,normal,1407,0,1782359040.7880049,0.002142667770385742
56630,normal,846,2,1782359040.7904375,0.002432584762573242
56631,normal,1040,0,1782359040.7922919,0.0018544197082519531
56632,normal,1909,0,1782359040.794162,0.0018701553344726562
56633,normal,3582,0,1782359040.7963893,0.002227306365966797
56634,normal,1255,0,1782359040.799275,0.002885580062866211
56635,normal,114,0,1782359040.8000054,0.0007305145263671875
56636,normal,61,0,1782359040.8021994,0.002193927764892578
56637,normal,80,0,1782359040.8044684,0.0022690296173095703
56638,normal,2540,0,1782359040.8061733,0.0017049312591552734
56639,normal,887,2,1782359040.808542,0.0023686885833740234
56640,normal,1201,0,1782359040.8103125,0.0017704963684082031
56641,normal,1991,0,1782359040.8122964,0.0019838809967041016
56642,normal,3687,0,1782359040.8144796,0.002183198928833008
56643,normal,1625,0,1782359040.8162742,0.001794576644897461
56644,normal,3689,0,1782359040.8188286,0.0025544166564941406
56645,normal,1175,0,1782359040.8210194,0.002190828323364258
56646,normal,2966,0,1782359040.8225415,0.001522064208984375
56647,normal,3369,1,1782359040.8245878,0.002046346664428711
56648,normal,3147,1,1782359040.8265827,0.0019948482513427734
56649,normal,1060,0,1782359040.8292809,0.002698183059692383
56650,normal,1336,1,1782359040.8300514,0.00077056884765625
56651,normal,2457,0,1782359040.8325534,0.002501964569091797
56652,normal,2160,0,1782359040.834724,0.002170562744140625
56653,normal,3569,0,1782359040.8364475,0.0017235279083251953
56654,normal,2917,0,1782359040.8380914,0.0016438961029052734
56655,normal,801,2,1782359040.8404138,0.0023224353790283203
56656,normal,566,0,1782359040.8421319,0.0017180442810058594
56657,normal,1820,0,1782359040.844386,0.0022542476654052734
56658,normal,588,0,1782359040.8463998,0.002013683319091797
56659,normal,1352,1,1782359040.848365,0.0019652843475341797
56660,normal,1783,0,1782359040.8501263,0.0017611980438232422
56661,normal,1445,0,1782359040.8523798,0.0022535324096679688
56662,normal,872,2,1782359040.8548586,0.0024788379669189453
56663,normal,2502,0,1782359040.8567266,0.0018680095672607422
56664,normal,2366,0,1782359040.8585415,0.0018148422241210938
56665,normal,2670,0,1782359040.8602345,0.0016930103302001953
56666,normal,337,0,1782359040.8624094,0.002174854278564453
56667,normal,1726,0,1782359040.8645916,0.0021822452545166016
56668,normal,1305,0,1782359040.8662,0.0016083717346191406
56669,normal,2651,0,1782359040.8680792,0.0018792152404785156
56670,normal,3076,1,1782359040.8707635,0.002684354782104492
56671,normal,1669,0,1782359040.8726406,0.0018770694732666016
56672,normal,2689,0,1782359040.8746526,0.002012014389038086
56673,normal,449,0,1782359040.8767385,0.0020859241485595703
56674,normal,2323,0,1782359040.8794382,0.002699613571166992
56675,normal,2798,0,1782359040.8797781,0.0003399848937988281
56676,normal,2704,0,1782359040.8823435,0.0025653839111328125
56677,normal,1606,0,1782359040.884355,0.002011537551879883
56678,normal,3189,1,1782359040.8866086,0.0022535324096679688
56679,normal,42,0,1782359040.888571,0.001962423324584961
56680,normal,3190,1,1782359040.8906844,0.00211334228515625
56681,normal,2889,0,1782359040.893095,0.0024106502532958984
56682,normal,1814,0,1782359040.894771,0.0016760826110839844
56683,normal,2521,0,1782359040.8968852,0.0021140575408935547
56684,normal,3533,0,1782359040.8987448,0.0018596649169921875
56685,normal,3434,0,1782359040.900809,0.002064228057861328
56686,normal,695,0,1782359040.9034429,0.002633810043334961
56687,normal,2726,0,1782359040.9037676,0.0003247261047363281
56688,normal,90,0,1782359040.90636,0.002592325210571289
56689,normal,2508,0,1782359040.9082508,0.0018908977508544922
56690,normal,948,2,1782359040.9111056,0.0028548240661621094
56691,normal,1564,0,1782359040.9128711,0.0017654895782470703
56692,normal,2552,0,1782359040.915171,0.002299785614013672
56693,normal,2010,0,1782359040.9171786,0.002007722854614258
56694,normal,279,0,1782359040.9191763,0.001997709274291992
56695,normal,1286,0,1782359040.9207008,0.0015244483947753906
56696,normal,234,0,1782359040.9230726,0.0023717880249023438
56697,normal,2351,0,1782359040.9251924,0.002119779586791992
56698,normal,1480,0,1782359040.925845,0.0006525516510009766
56699,normal,1796,0,1782359040.9283874,0.0025424957275390625
56700,normal,420,0,1782359040.9301302,0.0017428398132324219
56701,normal,3246,1,1782359040.9327064,0.002576112747192383
56702,normal,2818,0,1782359040.935038,0.0023317337036132812
56703,normal,3635,0,1782359040.9358456,0.0008075237274169922
56704,normal,1155,0,1782359040.9383855,0.0025398731231689453
56705,normal,639,0,1782359040.9401512,0.0017657279968261719
56706,normal,1782,0,1782359040.942233,0.0020818710327148438
56707,normal,2004,0,1782359040.9444232,0.002190113067626953
56708,normal,1483,0,1782359040.946411,0.0019876956939697266
56709,normal,2239,0,1782359040.9484148,0.002003908157348633
56710,normal,714,0,1782359040.950705,0.0022902488708496094
56711,normal,174,0,1782359040.9526865,0.001981496810913086
56712,normal,3219,1,1782359040.9544678,0.0017812252044677734
56713,normal,1102,0,1782359040.9566965,0.0022287368774414062
56714,normal,1212,0,1782359040.9587102,0.002013683319091797
56715,normal,7,0,1782359040.960465,0.0017547607421875
56716,normal,2613,0,1782359040.962407,0.0019421577453613281
56717,normal,361,0,1782359040.9641407,0.001733541488647461
56718,normal,108,0,1782359040.9664392,0.002298593521118164
56719,normal,3162,1,1782359040.968382,0.0019426345825195312
56720,normal,2036,0,1782359040.970427,0.002045154571533203
56721,normal,3313,1,1782359040.9722884,0.0018613338470458984
56722,normal,3505,0,1782359040.974079,0.0017905235290527344
56723,normal,1313,0,1782359040.977051,0.002972126007080078
56724,normal,1429,0,1782359040.9794145,0.002363443374633789
56725,normal,689,0,1782359040.9797533,0.0003387928009033203
56726,normal,374,0,1782359040.9823625,0.0026092529296875
56727,normal,1162,0,1782359040.9847171,0.0023546218872070312
56728,normal,2656,0,1782359040.9867601,0.002043008804321289
56729,normal,1381,1,1782359040.9886415,0.0018813610076904297
56730,normal,3096,1,1782359040.990782,0.002140522003173828
56731,normal,3001,0,1782359040.9934895,0.0027074813842773438
56732,normal,3397,1,1782359040.9937582,0.00026869773864746094
56733,normal,1360,1,1782359040.9960678,0.002309560775756836
56734,normal,518,0,1782359040.9987268,0.0026590824127197266
56735,normal,1345,1,1782359041.0012193,0.0024924278259277344
56736,normal,2628,0,1782359041.0024416,0.001222372055053711
56737,normal,2252,0,1782359041.004696,0.0022542476654052734
56738,normal,1233,0,1782359041.0070918,0.0023958683013916016
56739,normal,1946,0,1782359041.008795,0.0017032623291015625
56740,normal,3699,0,1782359041.010889,0.0020940303802490234
56741,normal,2501,0,1782359041.0130215,0.002132415771484375
56742,normal,58,0,1782359041.0147362,0.0017147064208984375
56743,normal,541,0,1782359041.0167716,0.002035379409790039
56744,normal,2572,0,1782359041.0186143,0.0018427371978759766
56745,normal,1363,1,1782359041.020788,0.0021736621856689453
56746,normal,601,0,1782359041.0234334,0.0026454925537109375
56747,normal,1824,0,1782359041.0237617,0.00032830238342285156
56748,normal,2332,0,1782359041.0263755,0.0026137828826904297
56749,normal,3074,1,1782359041.0282314,0.0018558502197265625
56750,normal,2876,0,1782359041.0298584,0.0016269683837890625
56751,normal,2739,0,1782359041.0318148,0.001956462860107422
56752,normal,1389,0,1782359041.033958,0.0021431446075439453
56753,normal,479,0,1782359041.0358646,0.0019066333770751953
56754,normal,22,0,1782359041.0380046,0.002140045166015625
56755,normal,264,0,1782359041.0398972,0.0018925666809082031
56756,normal,2807,0,1782359041.0421507,0.0022535324096679688
56757,normal,1660,0,1782359041.0445015,0.0023508071899414062
56758,normal,696,0,1782359041.0464098,0.0019083023071289062
56759,normal,1207,0,1782359041.048603,0.0021932125091552734
56760,normal,2544,0,1782359041.0505464,0.001943349838256836
56761,normal,2444,0,1782359041.052501,0.0019545555114746094
56762,normal,593,0,1782359041.0543506,0.0018496513366699219
56763,normal,401,0,1782359041.0565827,0.002232074737548828
56764,normal,3030,0,1782359041.0584798,0.0018970966339111328
56765,normal,455,0,1782359041.0605912,0.0021114349365234375
56766,normal,2377,0,1782359041.0624123,0.0018210411071777344
56767,normal,3473,0,1782359041.0644116,0.001999378204345703
56768,normal,3559,0,1782359041.0661304,0.001718759536743164
56769,normal,2834,0,1782359041.0683858,0.0022554397583007812
56770,normal,1027,2,1782359041.0707312,0.0023453235626220703
56771,normal,155,0,1782359041.0725574,0.0018262863159179688
56772,normal,19,0,1782359041.0743046,0.00174713134765625
56773,normal,2042,0,1782359041.0764778,0.002173185348510742
56774,normal,2775,0,1782359041.0784018,0.0019240379333496094
56775,normal,1898,0,1782359041.0799282,0.0015263557434082031
56776,normal,845,2,1782359041.082022,0.002093791961669922
56777,normal,1491,0,1782359041.0845463,0.0025243759155273438
56778,normal,2359,0,1782359041.086636,0.0020897388458251953
56779,normal,393,0,1782359041.0884826,0.0018465518951416016
56780,normal,440,0,1782359041.0905244,0.0020418167114257812
56781,normal,3100,1,1782359041.0923731,0.0018486976623535156
56782,normal,1548,0,1782359041.0945983,0.002225160598754883
56783,normal,1549,0,1782359041.0965204,0.0019221305847167969
56784,normal,3026,0,1782359041.098485,0.001964569091796875
56785,normal,3583,0,1782359041.1008215,0.0023365020751953125
56786,normal,2308,0,1782359041.1026373,0.0018157958984375
56787,normal,1837,0,1782359041.1047568,0.0021195411682128906
56788,normal,2363,0,1782359041.106781,0.0020241737365722656
56789,normal,1382,0,1782359041.108696,0.00191497802734375
56790,normal,3025,0,1782359041.1100738,0.0013778209686279297
56791,normal,575,0,1782359041.1122057,0.002131938934326172
56792,normal,866,2,1782359041.114103,0.0018973350524902344
56793,normal,2981,0,1782359041.1163766,0.0022735595703125
56794,normal,2104,0,1782359041.1185014,0.002124786376953125
56795,normal,3410,0,1782359041.1204808,0.001979351043701172
56796,normal,3491,0,1782359041.1224039,0.0019230842590332031
56797,normal,3018,0,1782359041.1245584,0.0021545886993408203
56798,normal,1620,0,1782359041.1258721,0.0013136863708496094
56799,normal,1604,0,1782359041.1280687,0.0021965503692626953
56800,normal,1361,1,1782359041.1304858,0.0024170875549316406
56801,normal,1295,0,1782359041.13205,0.0015642642974853516
56802,normal,3336,1,1782359041.1338918,0.0018417835235595703
56803,normal,3335,1,1782359041.136174,0.0022821426391601562
56804,normal,1938,0,1782359041.138005,0.0018310546875
56805,normal,922,2,1782359041.1401033,0.0020983219146728516
56806,normal,886,2,1782359041.141858,0.0017547607421875
56807,normal,1374,1,1782359041.144187,0.0023288726806640625
56808,normal,1069,0,1782359041.145877,0.001689910888671875
56809,normal,2269,0,1782359041.1480486,0.002171754837036133
56810,normal,2723,0,1782359041.1498754,0.0018267631530761719
56811,normal,2653,0,1782359041.1520224,0.0021469593048095703
56812,normal,183,0,1782359041.153838,0.0018155574798583984
56813,normal,1794,0,1782359041.1561508,0.002312898635864258
56814,normal,517,0,1782359041.1578372,0.0016863346099853516
56815,normal,355,0,1782359041.1599987,0.0021615028381347656
56816,normal,1615,0,1782359041.1618605,0.0018618106842041016
56817,normal,3255,1,1782359041.1638522,0.001991748809814453
56818,normal,567,0,1782359041.1658394,0.0019872188568115234
56819,normal,1450,0,1782359041.1680331,0.0021936893463134766
56820,normal,1056,0,1782359041.1698139,0.0017807483673095703
56821,normal,2191,0,1782359041.171955,0.002141237258911133
56822,normal,3590,0,1782359041.173857,0.001901865005493164
56823,normal,2754,0,1782359041.176008,0.002151012420654297
56824,normal,3466,0,1782359041.177853,0.0018451213836669922
56825,normal,55,0,1782359041.1800795,0.0022263526916503906
56826,normal,1172,0,1782359041.1820116,0.0019321441650390625
56827,normal,2852,0,1782359041.1839015,0.001889944076538086
56828,normal,1058,0,1782359041.1862674,0.0023658275604248047
56829,normal,1413,0,1782359041.1878846,0.0016171932220458984
56830,normal,3164,1,1782359041.1901562,0.0022716522216796875
56831,normal,3320,1,1782359041.191999,0.0018427371978759766
56832,normal,3650,0,1782359041.194055,0.002056121826171875
56833,normal,1677,0,1782359041.1960042,0.0019490718841552734
56834,normal,465,0,1782359041.1981947,0.0021905899047851562
56835,normal,335,0,1782359041.1998467,0.0016520023345947266
56836,normal,1766,0,1782359041.2021995,0.0023527145385742188
56837,normal,2242,0,1782359041.2040179,0.0018184185028076172
56838,normal,749,0,1782359041.206657,0.0026390552520751953
56839,normal,2697,0,1782359041.2078662,0.001209259033203125
56840,normal,568,0,1782359041.2101843,0.002318143844604492
56841,normal,3454,0,1782359041.2118406,0.0016562938690185547
56842,normal,1181,0,1782359041.214192,0.0023512840270996094
56843,normal,434,0,1782359041.2162192,0.002027273178100586
56844,normal,544,0,1782359041.2182124,0.0019931793212890625
56845,normal,463,0,1782359041.219977,0.001764535903930664
56846,normal,976,2,1782359041.2221167,0.0021398067474365234
56847,normal,1724,0,1782359041.2238479,0.0017311573028564453
56848,normal,272,0,1782359041.226031,0.002183198928833008
56849,normal,3311,1,1782359041.2278466,0.0018155574798583984
56850,normal,1968,0,1782359041.2300076,0.0021610260009765625
56851,normal,540,0,1782359041.2318256,0.001817941665649414
56852,normal,3357,1,1782359041.2339694,0.00214385986328125
56853,normal,3694,0,1782359041.2358174,0.001847982406616211
56854,normal,1475,0,1782359041.237973,0.0021555423736572266
56855,normal,3236,1,1782359041.2398746,0.0019016265869140625
56856,normal,3124,1,1782359041.2420151,0.002140522003173828
56857,normal,991,2,1782359041.2438114,0.0017962455749511719
56858,normal,1226,0,1782359041.246047,0.0022356510162353516
56859,normal,3485,0,1782359041.2478116,0.001764535903930664
56860,normal,1857,0,1782359041.2499762,0.002164602279663086
56861,normal,2942,0,1782359041.251835,0.0018589496612548828
56862,normal,3087,1,1782359041.2540047,0.0021696090698242188
56863,normal,1030,0,1782359041.2558165,0.0018117427825927734
56864,normal,795,2,1782359041.2580876,0.0022711753845214844
56865,normal,1707,0,1782359041.259819,0.0017313957214355469
56866,normal,1801,0,1782359041.2619727,0.002153635025024414
56867,normal,146,0,1782359041.263852,0.0018792152404785156
56868,normal,1044,0,1782359041.265979,0.0021271705627441406
56869,normal,2345,0,1782359041.2678225,0.0018434524536132812
56870,normal,2928,0,1782359041.2699456,0.002123117446899414
56871,normal,3345,1,1782359041.2717965,0.0018508434295654297
56872,normal,1279,0,1782359041.2739558,0.0021593570709228516
56873,normal,1596,0,1782359041.2758443,0.0018885135650634766
56874,normal,1654,0,1782359041.278013,0.0021686553955078125
56875,normal,1787,0,1782359041.2799892,0.0019762516021728516
56876,normal,34,0,1782359041.2820125,0.0020232200622558594
56877,normal,3405,0,1782359041.2838092,0.001796722412109375
56878,normal,526,0,1782359041.286015,0.0022058486938476562
56879,normal,1038,0,1782359041.2878313,0.0018162727355957031
56880,normal,1014,2,1782359041.2900093,0.0021779537200927734
56881,normal,1446,0,1782359041.2918165,0.0018072128295898438
56882,normal,3118,1,1782359041.294156,0.002339601516723633
56883,normal,1234,0,1782359041.2958195,0.0016634464263916016
56884,normal,2951,0,1782359041.2979653,0.0021457672119140625
56885,normal,3106,1,1782359041.299793,0.0018277168273925781
56886,normal,2943,0,1782359041.3019612,0.0021681785583496094
56887,normal,1397,0,1782359041.3038132,0.0018520355224609375
56888,normal,565,0,1782359041.3060076,0.0021944046020507812
56889,normal,2018,0,1782359041.3078117,0.0018041133880615234
56890,normal,2326,0,1782359041.3098173,0.0020055770874023438
56891,normal,3114,1,1782359041.3119776,0.002160310745239258
56892,normal,3563,0,1782359041.3137977,0.0018200874328613281
56893,normal,2741,0,1782359041.3157957,0.0019979476928710938
56894,normal,2268,0,1782359041.317855,0.0020592212677001953
56895,normal,415,0,1782359041.3197982,0.001943349838256836
56896,normal,3306,1,1782359041.3218522,0.002053976058959961
56897,normal,3297,1,1782359041.3241801,0.0023279190063476562
56898,normal,2870,0,1782359041.3259723,0.0017921924591064453
56899,normal,1490,0,1782359041.3278663,0.0018939971923828125
56900,normal,3218,1,1782359041.33001,0.0021436214447021484
56901,normal,1330,1,1782359041.3318455,0.0018355846405029297
56902,normal,727,0,1782359041.334028,0.002182483673095703
56903,normal,1432,0,1782359041.3360214,0.001993417739868164
56904,normal,2437,0,1782359041.3388143,0.002792835235595703
56905,normal,3612,0,1782359041.3404841,0.0016698837280273438
56906,normal,1649,0,1782359041.34254,0.0020558834075927734
56907,normal,1849,0,1782359041.34525,0.0027098655700683594
56908,normal,326,0,1782359041.346012,0.0007622241973876953
56909,normal,2668,0,1782359041.3481777,0.002165555953979492
56910,normal,1464,0,1782359041.3498409,0.0016632080078125
56911,normal,650,0,1782359041.35184,0.0019991397857666016
56912,normal,717,0,1782359041.3538482,0.002008199691772461
56913,normal,1487,0,1782359041.3557527,0.0019044876098632812
56914,normal,37,0,1782359041.3578308,0.0020780563354492188
56915,normal,2696,0,1782359041.3598297,0.0019989013671875
56916,normal,2430,0,1782359041.3618062,0.001976490020751953
56917,normal,40,0,1782359041.3638065,0.0020003318786621094
56918,normal,2387,0,1782359041.3658442,0.0020377635955810547
56919,normal,1959,0,1782359041.3678033,0.001959085464477539
56920,normal,3462,0,1782359041.3697846,0.0019812583923339844
56921,normal,851,2,1782359041.3718824,0.0020978450775146484
56922,normal,3172,1,1782359041.3737848,0.0019023418426513672
56923,normal,2880,0,1782359041.3758066,0.00202178955078125
56924,normal,1263,0,1782359041.3778427,0.0020360946655273438
56925,normal,172,0,1782359041.3798041,0.0019614696502685547
56926,normal,874,2,1782359041.3817835,0.001979351043701172
56927,normal,2605,0,1782359041.3838873,0.0021038055419921875
56928,normal,561,0,1782359041.3857841,0.0018968582153320312
56929,normal,612,0,1782359041.3878052,0.0020210742950439453
56930,normal,122,0,1782359041.3899434,0.0021381378173828125
56931,normal,3512,0,1782359041.3924015,0.0024580955505371094
56932,normal,1960,0,1782359041.393843,0.0014414787292480469
56933,normal,1485,0,1782359041.3958004,0.001957416534423828
56934,normal,1712,0,1782359041.3978007,0.0020003318786621094
56935,normal,2255,0,1782359041.3997827,0.001981973648071289
56936,normal,2557,0,1782359041.4019113,0.00212860107421875
56937,normal,89,0,1782359041.403802,0.0018906593322753906
56938,normal,982,2,1782359041.4057827,0.0019807815551757812
56939,normal,705,0,1782359041.4078624,0.0020797252655029297
56940,normal,2123,0,1782359041.4098022,0.0019397735595703125
56941,normal,1768,0,1782359041.411782,0.001979827880859375
56942,normal,2722,0,1782359041.413905,0.0021228790283203125
56943,normal,443,0,1782359041.4158192,0.0019142627716064453
56944,normal,3551,0,1782359041.4177835,0.0019643306732177734
56945,normal,2079,0,1782359041.4198623,0.0020787715911865234
56946,normal,1151,0,1782359041.4218025,0.0019402503967285156
56947,normal,1597,0,1782359041.4237854,0.0019829273223876953
56948,normal,436,0,1782359041.4259052,0.002119779586791992
56949,normal,2262,0,1782359041.4277976,0.0018923282623291016
56950,normal,2408,0,1782359041.4297602,0.0019626617431640625
56951,normal,806,2,1782359041.4318516,0.0020914077758789062
56952,normal,1338,1,1782359041.4337995,0.0019478797912597656
56953,normal,503,0,1782359041.4357786,0.0019791126251220703
56954,normal,488,0,1782359041.4379017,0.002123117446899414
56955,normal,275,0,1782359041.4398043,0.0019025802612304688
56956,normal,1545,0,1782359041.4417825,0.001978158950805664
56957,normal,3554,0,1782359041.4438589,0.002076387405395508
56958,normal,1139,0,1782359041.445782,0.0019230842590332031
56959,normal,1658,0,1782359041.447801,0.002019166946411133
56960,normal,362,0,1782359041.449852,0.0020508766174316406
56961,normal,98,0,1782359041.4517987,0.0019466876983642578
56962,normal,3476,0,1782359041.4537864,0.0019876956939697266
56963,normal,2265,0,1782359041.4558623,0.0020759105682373047
56964,normal,1347,1,1782359041.457782,0.0019197463989257812
56965,normal,1979,0,1782359041.4598086,0.0020265579223632812
56966,normal,389,0,1782359041.4618535,0.0020449161529541016
56967,normal,1259,0,1782359041.463783,0.0019295215606689453
56968,normal,2629,0,1782359041.4657795,0.0019965171813964844
56969,normal,351,0,1782359041.46788,0.0021004676818847656
56970,normal,78,0,1782359041.4697814,0.001901388168334961
56971,normal,1793,0,1782359041.4717815,0.002000093460083008
56972,normal,3054,1,1782359041.4738483,0.0020668506622314453
56973,normal,491,0,1782359041.4757924,0.0019440650939941406
56974,normal,2485,0,1782359041.4777796,0.0019872188568115234
56975,normal,1577,0,1782359041.4798849,0.002105236053466797
56976,normal,2068,0,1782359041.481801,0.0019161701202392578
56977,normal,2190,0,1782359041.4837806,0.0019795894622802734
56978,normal,3250,1,1782359041.4858594,0.0020787715911865234
56979,normal,683,0,1782359041.4877827,0.0019233226776123047
56980,normal,2800,0,1782359041.4897993,0.0020165443420410156
56981,normal,1365,1,1782359041.4918547,0.0020554065704345703
56982,normal,513,0,1782359041.493784,0.0019292831420898438
56983,normal,3280,1,1782359041.4957786,0.001994609832763672
56984,normal,3519,0,1782359041.497858,0.002079486846923828
56985,normal,1109,0,1782359041.4997807,0.001922607421875
56986,normal,1980,0,1782359041.5017934,0.0020127296447753906
56987,normal,3004,0,1782359041.503854,0.0020606517791748047
56988,normal,1736,0,1782359041.5057938,0.0019397735595703125
56989,normal,3552,0,1782359041.5077808,0.001986980438232422
56990,normal,3584,0,1782359041.5098743,0.0020935535430908203
56991,normal,423,0,1782359041.511785,0.0019106864929199219
56992,normal,2052,0,1782359041.5138004,0.002015352249145508
56993,normal,3703,0,1782359041.5158443,0.0020439624786376953
56994,normal,1153,0,1782359041.5178053,0.0019609928131103516
56995,normal,3139,1,1782359041.5198045,0.0019991397857666016
56996,normal,2783,0,1782359041.5218906,0.002086162567138672
56997,normal,3091,1,1782359041.5238078,0.001917123794555664
56998,normal,3331,1,1782359041.5258136,0.0020058155059814453
56999,normal,669,0,1782359041.52786,0.002046346664428711
57000,normal,2910,0,1782359041.5298011,0.0019412040710449219
57001,normal,2287,0,1782359041.5317798,0.001978635787963867
57002,normal,3619,0,1782359041.533904,0.002124309539794922
57003,normal,937,2,1782359041.5357993,0.0018951892852783203
57004,normal,1011,2,1782359041.537784,0.001984834671020508
57005,normal,3557,0,1782359041.5398607,0.0020766258239746094
57006,normal,867,2,1782359041.541802,0.0019412040710449219
57007,normal,2934,0,1782359041.5437882,0.001986265182495117
57008,normal,2222,0,1782359041.5457857,0.0019974708557128906
57009,normal,578,0,1782359041.5477812,0.001995563507080078
57010,normal,2571,0,1782359041.5497997,0.002018451690673828
57011,normal,672,0,1782359041.5518417,0.002042055130004883
57012,normal,1554,0,1782359041.5537992,0.001957416534423828
57013,normal,3314,1,1782359041.5557804,0.0019812583923339844
57014,normal,1710,0,1782359041.55791,0.0021295547485351562
57015,normal,979,2,1782359041.5598242,0.0019142627716064453
57016,normal,263,0,1782359041.5617833,0.001959085464477539
57017,normal,1911,0,1782359041.5638702,0.0020868778228759766
57018,normal,942,2,1782359041.5657806,0.0019104480743408203
57019,normal,2686,0,1782359041.5678008,0.002020120620727539
57020,normal,388,0,1782359041.5698674,0.0020666122436523438
57021,normal,2203,0,1782359041.5717995,0.0019321441650390625
57022,normal,3041,0,1782359041.5737808,0.0019812583923339844
57023,normal,125,0,1782359041.5758607,0.0020799636840820312
57024,normal,825,2,1782359041.577786,0.0019252300262451172
57025,normal,1708,0,1782359041.579788,0.0020020008087158203
57026,normal,137,0,1782359041.5818884,0.0021004676818847656
57027,normal,2939,0,1782359041.5837815,0.0018930435180664062
57028,normal,267,0,1782359041.5857816,0.002000093460083008
57029,normal,261,0,1782359041.58784,0.0020585060119628906
57030,normal,898,2,1782359041.5898004,0.001960277557373047
57031,normal,2626,0,1782359041.591781,0.0019805431365966797
57032,normal,907,2,1782359041.5938866,0.002105712890625
57033,normal,1823,0,1782359041.5957892,0.0019025802612304688
57034,normal,3382,1,1782359041.597801,0.0020117759704589844
57035,normal,1092,0,1782359041.5998394,0.0020384788513183594
57036,normal,1602,0,1782359041.6017935,0.0019540786743164062
57037,normal,3482,0,1782359041.6037815,0.001987934112548828
57038,normal,3095,1,1782359041.6058774,0.002095937728881836
57039,normal,2082,0,1782359041.6077826,0.001905202865600586
57040,normal,2333,0,1782359041.6097941,0.002011537551879883
57041,normal,1518,0,1782359041.6118398,0.0020456314086914062
57042,normal,269,0,1782359041.6137989,0.001959085464477539
57043,normal,2787,0,1782359041.6157835,0.0019845962524414062
57044,normal,3224,1,1782359041.617863,0.002079486846923828
57045,normal,2419,0,1782359041.619781,0.0019180774688720703
57046,normal,2233,0,1782359041.621798,0.0020170211791992188
57047,normal,1748,0,1782359041.6238415,0.002043485641479492
57048,normal,1686,0,1782359041.6257844,0.0019428730010986328
57049,normal,2067,0,1782359041.6277976,0.0020132064819335938
57050,normal,1156,0,1782359041.629867,0.0020694732666015625
57051,normal,1164,0,1782359041.6318042,0.0019371509552001953
57052,normal,1851,0,1782359041.6337805,0.0019762516021728516
57053,normal,1479,0,1782359041.6358674,0.0020868778228759766
57054,normal,467,0,1782359041.6378012,0.0019338130950927734
57055,normal,1749,0,1782359041.639784,0.0019829273223876953
57056,normal,2505,0,1782359041.641861,0.002076864242553711
57057,normal,2905,0,1782359041.643783,0.0019221305847167969
57058,normal,3442,0,1782359041.6457684,0.001985311508178711
57059,normal,12,0,1782359041.6478443,0.0020759105682373047
57060,normal,3597,0,1782359041.649806,0.0019617080688476562
57061,normal,2196,0,1782359041.6517806,0.0019745826721191406
57062,normal,3474,0,1782359041.65387,0.0020895004272460938
57063,normal,2236,0,1782359041.655783,0.001912832260131836
57064,normal,3354,1,1782359041.6578,0.0020170211791992188
57065,normal,1977,0,1782359041.6598394,0.0020394325256347656
57066,normal,536,0,1782359041.6617997,0.001960277557373047
57067,normal,3212,1,1782359041.6637805,0.0019807815551757812
57068,normal,746,0,1782359041.6658607,0.002080202102661133
57069,normal,1754,0,1782359041.6677814,0.0019207000732421875
57070,normal,1222,0,1782359041.6697838,0.0020024776458740234
57071,normal,3042,0,1782359041.6718442,0.002060413360595703
57072,normal,429,0,1782359041.6738052,0.0019609928131103516
57073,normal,1145,0,1782359041.675783,0.001977682113647461
57074,normal,1442,0,1782359041.677862,0.002079010009765625
57075,normal,3254,1,1782359041.679782,0.0019199848175048828
57076,normal,3708,0,1782359041.6818914,0.002109527587890625
57077,normal,447,0,1782359041.6837838,0.0018923282623291016
57078,normal,299,0,1782359041.6858048,0.0020210742950439453
57079,normal,2401,0,1782359041.687782,0.001977205276489258
57080,normal,281,0,1782359041.6898603,0.0020782947540283203
57081,normal,1949,0,1782359041.6917825,0.0019221305847167969
57082,normal,2230,0,1782359041.6938007,0.0020182132720947266
57083,normal,2675,0,1782359041.695857,0.0020563602447509766
57084,normal,1193,0,1782359041.6978004,0.001943349838256836
57085,normal,1194,0,1782359041.699781,0.0019805431365966797
57086,normal,719,0,1782359041.7018604,0.002079486846923828
57087,normal,336,0,1782359041.7037816,0.0019211769104003906
57088,normal,3196,1,1782359041.705799,0.002017498016357422
57089,normal,3071,1,1782359041.7078402,0.0020411014556884766
57090,normal,659,0,1782359041.7098002,0.0019600391387939453
57091,normal,2593,0,1782359041.711781,0.0019807815551757812
57092,normal,811,2,1782359041.7138662,0.0020852088928222656
57093,normal,2899,0,1782359041.7157822,0.0019159317016601562
57094,normal,3138,1,1782359041.7178164,0.0020341873168945312
57095,normal,1646,0,1782359041.7198408,0.002024412155151367
57096,normal,268,0,1782359041.7218006,0.0019598007202148438
57097,normal,2996,0,1782359041.7237809,0.001980304718017578
57098,normal,3403,0,1782359041.7258625,0.002081632614135742
57099,normal,2486,0,1782359041.727801,0.0019385814666748047
57100,normal,1168,0,1782359041.7297814,0.001980304718017578
57101,normal,3284,1,1782359041.7318618,0.0020804405212402344
57102,normal,2681,0,1782359041.7338002,0.0019383430480957031
57103,normal,2263,0,1782359041.735783,0.0019829273223876953
57104,normal,2072,0,1782359041.7378585,0.0020754337310791016
57105,normal,1560,0,1782359041.7397833,0.001924753189086914
57106,normal,1504,0,1782359041.7417812,0.0019979476928710938
57107,normal,82,0,1782359041.7438624,0.002081155776977539
57108,normal,1159,0,1782359041.7457812,0.001918792724609375
57109,normal,2314,0,1782359041.7477982,0.0020170211791992188
57110,normal,760,0,1782359041.7498393,0.0020411014556884766
57111,normal,784,2,1782359041.7518034,0.001964092254638672
57112,normal,1470,0,1782359041.753779,0.001975536346435547
57113,normal,2660,0,1782359041.7558618,0.00208282470703125
57114,normal,2030,0,1782359041.7577786,0.0019168853759765625
57115,normal,3594,0,1782359041.7597868,0.002008199691772461
57116,normal,3337,1,1782359041.7618372,0.0020503997802734375
57117,normal,2751,0,1782359041.7637992,0.001961946487426758
57118,normal,1018,2,1782359041.7657793,0.0019800662994384766
57119,normal,3605,0,1782359041.7678573,0.0020780563354492188
57120,normal,1391,0,1782359041.7697804,0.0019230842590332031
57121,normal,3115,1,1782359041.7717984,0.002017974853515625
57122,normal,1307,0,1782359041.7738411,0.0020427703857421875
57123,normal,2455,0,1782359041.7758,0.0019588470458984375
57124,normal,404,0,1782359041.777787,0.001986980438232422
57125,normal,3393,1,1782359041.7798562,0.002069234848022461
57126,normal,3113,1,1782359041.7817779,0.0019216537475585938
57127,normal,673,0,1782359041.7837808,0.0020029544830322266
57128,normal,408,0,1782359041.7858396,0.002058744430541992
57129,normal,2155,0,1782359041.7877932,0.001953601837158203
57130,normal,1976,0,1782359041.7897804,0.0019872188568115234
57131,normal,903,2,1782359041.791872,0.002091646194458008
57132,normal,2046,0,1782359041.7937992,0.0019271373748779297
57133,normal,2458,0,1782359041.7957811,0.001981973648071289
57134,normal,3079,1,1782359041.7978601,0.002079010009765625
57135,normal,1454,0,1782359041.7997806,0.001920461654663086
57136,normal,2248,0,1782359041.8017833,0.002002716064453125
57137,normal,1599,0,1782359041.8038368,0.002053499221801758
57138,normal,2732,0,1782359041.8058,0.0019631385803222656
57139,normal,2275,0,1782359041.8077805,0.0019805431365966797
57140,normal,1217,0,1782359041.8098452,0.0020647048950195312
57141,normal,1614,0,1782359041.8117807,0.0019354820251464844
57142,normal,2624,0,1782359041.813803,0.002022266387939453
57143,normal,1520,0,1782359041.8158407,0.0020377635955810547
57144,normal,933,2,1782359041.8178,0.0019593238830566406
57145,normal,3229,1,1782359041.8197813,0.0019812583923339844
57146,normal,3059,1,1782359041.8218439,0.002062559127807617
57147,normal,2423,0,1782359041.8237824,0.0019385814666748047
57148,normal,3205,1,1782359041.8257837,0.0020012855529785156
57149,normal,1457,0,1782359041.8278403,0.002056598663330078
57150,normal,88,0,1782359041.8298063,0.0019659996032714844
57151,normal,668,0,1782359041.831781,0.0019745826721191406
57152,normal,3326,1,1782359041.833861,0.002080202102661133
57153,normal,3577,0,1782359041.8358006,0.001939535140991211
57154,normal,1053,0,1782359041.8377867,0.0019860267639160156
57155,normal,3684,0,1782359041.8398612,0.0020744800567626953
57156,normal,1927,0,1782359041.8417823,0.0019211769104003906
57157,normal,3665,0,1782359041.84381,0.002027750015258789
57158,normal,1683,0,1782359041.8458405,0.0020303726196289062
57159,normal,3513,0,1782359041.8477917,0.0019512176513671875
57160,normal,3012,0,1782359041.849779,0.0019872188568115234
57161,normal,2329,0,1782359041.851859,0.002080202102661133
57162,normal,3510,0,1782359041.853781,0.0019218921661376953
57163,normal,707,0,1782359041.8558033,0.002022266387939453
57164,normal,775,2,1782359041.85784,0.0020368099212646484
57165,normal,1126,0,1782359041.8597991,0.001959085464477539
57166,normal,1982,0,1782359041.8617795,0.001980304718017578
57167,normal,3228,1,1782359041.8638592,0.0020797252655029297
57168,normal,1937,0,1782359041.8657818,0.001922607421875
57169,normal,794,2,1782359041.8677952,0.0020134449005126953
57170,normal,2416,0,1782359041.869847,0.002051830291748047
57171,normal,2533,0,1782359041.8717873,0.0019402503967285156
57172,normal,3263,1,1782359041.87378,0.0019927024841308594
57173,normal,1774,0,1782359041.875857,0.0020771026611328125
57174,normal,3392,1,1782359041.877833,0.0019757747650146484
57175,normal,3592,0,1782359041.879793,0.0019600391387939453
57176,normal,2573,0,1782359041.8818862,0.0020933151245117188
57177,normal,3668,0,1782359041.8837984,0.0019121170043945312
57178,normal,581,0,1782359041.885781,0.0019826889038085938
57179,normal,3351,1,1782359041.8878603,0.0020792484283447266
57180,normal,1079,0,1782359041.8897824,0.0019221305847167969
57181,normal,1992,0,1782359041.8917778,0.0019953250885009766
57182,normal,2884,0,1782359041.89386,0.002082347869873047
57183,normal,2984,0,1782359041.8957815,0.0019214153289794922
57184,normal,3069,1,1782359041.8978019,0.0020203590393066406
57185,normal,3107,1,1782359041.8998415,0.002039670944213867
57186,normal,1064,0,1782359041.9018006,0.001959085464477539
57187,normal,3664,0,1782359041.9037817,0.001981019973754883
57188,normal,81,0,1782359041.9058647,0.0020830631256103516
57189,normal,2149,0,1782359041.9078069,0.0019421577453613281
57190,normal,630,0,1782359041.9097805,0.0019736289978027344
57191,normal,3706,0,1782359041.911857,0.002076387405395508
57192,normal,2214,0,1782359041.913778,0.0019211769104003906
57193,normal,2715,0,1782359041.9157825,0.002004384994506836
57194,normal,1179,0,1782359041.9178402,0.002057790756225586
57195,normal,2565,0,1782359041.919799,0.0019588470458984375
57196,normal,1842,0,1782359041.9217815,0.001982450485229492
57197,normal,3537,0,1782359041.92386,0.002078533172607422
57198,normal,1559,0,1782359041.9257836,0.0019235610961914062
57199,normal,861,2,1782359041.9277813,0.001997709274291992
57200,normal,2405,0,1782359041.9298575,0.0020761489868164062
57201,normal,3385,1,1782359041.9317887,0.0019311904907226562
57202,normal,2676,0,1782359041.9338036,0.0020148754119873047
57203,normal,3697,0,1782359041.9358423,0.002038717269897461
57204,normal,663,0,1782359041.9378002,0.0019578933715820312
57205,normal,766,0,1782359041.9397824,0.0019822120666503906
57206,normal,2546,0,1782359041.9418828,0.0021004676818847656
57207,normal,2646,0,1782359041.9437826,0.00189971923828125
57208,normal,2463,0,1782359041.9457855,0.0020029544830322266
57209,normal,759,0,1782359041.9478664,0.0020809173583984375
57210,normal,417,0,1782359041.9498014,0.0019350051879882812
57211,normal,589,0,1782359041.9517813,0.001979827880859375
57212,normal,2985,0,1782359041.953862,0.002080678939819336
57213,normal,2025,0,1782359041.9558163,0.001954317092895508
57214,normal,3618,0,1782359041.957783,0.001966714859008789
57215,normal,1117,0,1782359041.959862,0.002079010009765625
57216,normal,32,0,1782359041.9617827,0.0019207000732421875
57217,normal,315,0,1782359041.9637995,0.002016782760620117
57218,normal,878,2,1782359041.9658425,0.002043008804321289
57219,normal,119,0,1782359041.9677875,0.0019450187683105469
57220,normal,773,2,1782359041.9697833,0.0019958019256591797
57221,normal,59,0,1782359041.97186,0.0020766258239746094
57222,normal,2654,0,1782359041.9738014,0.0019414424896240234
57223,normal,1120,0,1782359041.9757807,0.001979351043701172
57224,normal,3093,1,1782359041.9778605,0.0020797252655029297
57225,normal,2621,0,1782359041.9797816,0.0019211769104003906
57226,normal,2115,0,1782359041.9817994,0.0020177364349365234
57227,normal,3242,1,1782359041.9838414,0.002042055130004883
57228,normal,2935,0,1782359041.9858053,0.0019638538360595703
57229,normal,1166,0,1782359041.987783,0.001977682113647461
57230,normal,724,0,1782359041.989897,0.0021140575408935547
57231,normal,399,0,1782359041.992256,0.0023589134216308594
57232,normal,309,0,1782359041.9938042,0.0015482902526855469
57233,normal,1460,0,1782359041.9958417,0.002037525177001953
57234,normal,1583,0,1782359041.9978004,0.001958608627319336
57235,normal,2658,0,1782359041.999782,0.0019817352294921875
57236,normal,148,0,1782359042.001863,0.0020809173583984375
57237,normal,1730,0,1782359042.0037851,0.0019221305847167969
57238,normal,2070,0,1782359042.005807,0.00202178955078125
57239,normal,2635,0,1782359042.0078804,0.002073526382446289
57240,normal,1204,0,1782359042.0098014,0.001920938491821289
57241,normal,138,0,1782359042.0117803,0.0019788742065429688
57242,normal,2229,0,1782359042.0138612,0.0020809173583984375
57243,normal,3660,0,1782359042.0158007,0.001939535140991211
57244,normal,324,0,1782359042.0177827,0.001981973648071289
57245,normal,2016,0,1782359042.01986,0.002077341079711914
57246,normal,1237,0,1782359042.0217822,0.0019221305847167969
57247,normal,1113,0,1782359042.0238006,0.002018451690673828
57248,normal,184,0,1782359042.0258486,0.002048015594482422
57249,normal,618,0,1782359042.0278013,0.0019526481628417969
57250,normal,597,0,1782359042.0299542,0.0021529197692871094
57251,normal,1072,0,1782359042.0318391,0.0018849372863769531
57252,normal,1214,0,1782359042.0339174,0.0020782947540283203
57253,normal,1632,0,1782359042.03575,0.0018324851989746094
57254,normal,2038,0,1782359042.0377696,0.002019643783569336
57255,normal,210,0,1782359042.0397432,0.0019736289978027344
57256,normal,835,2,1782359042.041739,0.0019958019256591797
57257,normal,1481,0,1782359042.0437703,0.0020313262939453125
57258,normal,2913,0,1782359042.0457764,0.002006053924560547
57259,normal,1616,0,1782359042.0477426,0.001966238021850586
57260,normal,655,0,1782359042.0497618,0.002019166946411133
57261,normal,325,0,1782359042.0517378,0.00197601318359375
57262,normal,1323,1,1782359042.053741,0.002003192901611328
57263,normal,1033,0,1782359042.0557659,0.0020248889923095703
57264,normal,1951,0,1782359042.0578065,0.0020406246185302734
57265,normal,1922,0,1782359042.0599194,0.002112865447998047
57266,normal,3394,1,1782359042.0619135,0.0019941329956054688
57267,normal,442,0,1782359042.063798,0.00188446044921875
57268,normal,1087,0,1782359042.0659518,0.0021538734436035156
57269,normal,3678,0,1782359042.0679376,0.001985788345336914
57270,normal,2924,0,1782359042.0698583,0.0019207000732421875
57271,normal,1698,0,1782359042.0719404,0.0020821094512939453
57272,normal,1433,0,1782359042.073953,0.002012491226196289
57273,normal,77,0,1782359042.075805,0.0018520355224609375
57274,normal,2385,0,1782359042.0779643,0.0021593570709228516
57275,normal,2867,0,1782359042.079936,0.001971721649169922
57276,normal,1877,0,1782359042.081854,0.0019180774688720703
57277,normal,2671,0,1782359042.0839732,0.0021190643310546875
57278,normal,2413,0,1782359042.0860074,0.0020341873168945312
57279,normal,2954,0,1782359042.087806,0.0017986297607421875
57280,normal,1177,0,1782359042.0899694,0.002163410186767578
57281,normal,678,0,1782359042.0919642,0.0019948482513427734
57282,normal,1122,0,1782359042.0938568,0.0018925666809082031
57283,normal,1494,0,1782359042.0959487,0.0020918846130371094
57284,normal,1566,0,1782359042.0980031,0.002054452896118164
57285,normal,804,2,1782359042.099807,0.0018038749694824219
57286,normal,1591,0,1782359042.1019676,0.0021605491638183594
57287,normal,1780,0,1782359042.103979,0.002011537551879883
57288,normal,3576,0,1782359042.1058514,0.0018723011016845703
57289,normal,783,2,1782359042.107934,0.0020825862884521484
57290,normal,47,0,1782359042.1100307,0.0020966529846191406
57291,normal,1229,0,1782359042.1118078,0.0017771720886230469
57292,normal,3360,1,1782359042.1139648,0.002156972885131836
57293,normal,321,0,1782359042.1159632,0.001998424530029297
57294,normal,3587,0,1782359042.1178553,0.00189208984375
57295,normal,433,0,1782359042.1199474,0.002092123031616211
57296,normal,331,0,1782359042.1219456,0.0019981861114501953
57297,normal,1387,0,1782359042.1238093,0.001863718032836914
57298,normal,2923,0,1782359042.1259909,0.002181529998779297
57299,normal,3220,1,1782359042.1278505,0.0018596649169921875
57300,normal,1601,0,1782359042.1298814,0.0020308494567871094
57301,normal,2869,0,1782359042.1318152,0.0019338130950927734
57302,normal,2495,0,1782359042.1339781,0.002162933349609375
57303,normal,3092,1,1782359042.135829,0.0018508434295654297
57304,normal,3709,0,1782359042.137999,0.002170085906982422
57305,normal,1083,0,1782359042.1399329,0.0019338130950927734
57306,normal,2537,0,1782359042.141817,0.0018842220306396484
57307,normal,2261,0,1782359042.1439705,0.0021533966064453125
57308,normal,1865,0,1782359042.14596,0.001989603042602539
57309,normal,357,0,1782359042.1478472,0.0018870830535888672
57310,normal,889,2,1782359042.1499991,0.002151966094970703
57311,normal,615,0,1782359042.1519303,0.0019311904907226562
57312,normal,1089,0,1782359042.1538126,0.001882314682006836
57313,normal,1740,0,1782359042.1559732,0.0021605491638183594
57314,normal,504,0,1782359042.1579638,0.0019905567169189453
57315,normal,3601,0,1782359042.1598668,0.0019030570983886719
57316,normal,2525,0,1782359042.161995,0.002128124237060547
57317,normal,2727,0,1782359042.1639352,0.0019402503967285156
57318,normal,1309,0,1782359042.165831,0.001895904541015625
57319,normal,1881,0,1782359042.1679761,0.002145051956176758
57320,normal,930,2,1782359042.1699314,0.001955270767211914
57321,normal,839,2,1782359042.1718512,0.0019197463989257812
57322,normal,1611,0,1782359042.173995,0.00214385986328125
57323,normal,1435,0,1782359042.1759353,0.0019402503967285156
57324,normal,1568,0,1782359042.177829,0.001893758773803711
57325,normal,1916,0,1782359042.1799634,0.0021343231201171875
57326,normal,1474,0,1782359042.1819787,0.002015352249145508
57327,normal,2685,0,1782359042.1838362,0.0018575191497802734
57328,normal,2081,0,1782359042.1859343,0.00209808349609375
57329,normal,1197,0,1782359042.188053,0.0021185874938964844
57330,normal,2375,0,1782359042.1898305,0.00177764892578125
57331,normal,27,0,1782359042.1919768,0.0021462440490722656
57332,normal,128,0,1782359042.1938295,0.0018527507781982422
57333,normal,1607,0,1782359042.1959186,0.0020890235900878906
57334,normal,590,0,1782359042.197837,0.0019185543060302734
57335,normal,282,0,1782359042.1999946,0.002157449722290039
57336,normal,2786,0,1782359042.20181,0.0018153190612792969
57337,normal,1157,0,1782359042.203896,0.002086162567138672
57338,normal,2438,0,1782359042.205967,0.002070903778076172
57339,normal,2811,0,1782359042.2078576,0.0018906593322753906
57340,normal,2959,0,1782359042.2099469,0.002089262008666992
57341,normal,3318,1,1782359042.2119398,0.001992940902709961
57342,normal,1995,0,1782359042.2138102,0.0018703937530517578
57343,normal,1311,0,1782359042.2159035,0.0020933151245117188
57344,normal,3149,1,1782359042.2179387,0.0020351409912109375
57345,normal,3180,1,1782359042.2198675,0.0019288063049316406
57346,normal,2460,0,1782359042.2219381,0.0020706653594970703
57347,normal,1612,0,1782359042.2239532,0.0020151138305664062
57348,normal,2060,0,1782359042.2258282,0.0018749237060546875
57349,normal,292,0,1782359042.227854,0.0020258426666259766
57350,normal,2357,0,1782359042.229861,0.002007007598876953
57351,normal,215,0,1782359042.2317848,0.0019237995147705078
57352,normal,1969,0,1782359042.2337883,0.0020034313201904297
57353,normal,3105,1,1782359042.2358432,0.002054929733276367
57354,normal,858,2,1782359042.237785,0.0019419193267822266
57355,normal,2322,0,1782359042.2397828,0.001997709274291992
57356,normal,3598,0,1782359042.2418623,0.002079486846923828
57357,normal,2284,0,1782359042.243802,0.0019397735595703125
57358,normal,101,0,1782359042.2457848,0.0019826889038085938
57359,normal,1605,0,1782359042.2478647,0.0020799636840820312
57360,normal,2475,0,1782359042.2498002,0.0019354820251464844
57361,normal,3465,0,1782359042.2517815,0.0019812583923339844
57362,normal,2185,0,1782359042.2538602,0.0020787715911865234
57363,normal,3500,0,1782359042.2557845,0.001924276351928711
57364,normal,3637,0,1782359042.2577806,0.0019960403442382812
57365,normal,2965,0,1782359042.2598674,0.0020868778228759766
57366,normal,2644,0,1782359042.2618043,0.0019369125366210938
57367,normal,3663,0,1782359042.263783,0.001978635787963867
57368,normal,466,0,1782359042.2658608,0.002077817916870117
57369,normal,3541,0,1782359042.2678003,0.001939535140991211
57370,normal,1093,0,1782359042.26978,0.0019795894622802734
57371,normal,2320,0,1782359042.271879,0.0020990371704101562
57372,normal,2976,0,1782359042.2738001,0.0019211769104003906
57373,normal,413,0,1782359042.2757804,0.001980304718017578
57374,normal,375,0,1782359042.2778587,0.0020782947540283203
57375,normal,2598,0,1782359042.2797873,0.001928567886352539
57376,normal,560,0,1782359042.2817807,0.001993417739868164
57377,normal,2679,0,1782359042.2838624,0.002081632614135742
57378,normal,1622,0,1782359042.2858,0.0019376277923583984
57379,normal,2167,0,1782359042.2877896,0.001989603042602539
57380,normal,317,0,1782359042.289863,0.002073526382446289
57381,normal,194,0,1782359042.2918005,0.0019373893737792969
57382,normal,3568,0,1782359042.2937794,0.0019788742065429688
57383,normal,3539,0,1782359042.2958617,0.002082347869873047
57384,normal,1451,0,1782359042.2977984,0.0019366741180419922
57385,normal,1978,0,1782359042.2997787,0.001980304718017578
57386,normal,2451,0,1782359042.3018427,0.0020639896392822266
57387,normal,2529,0,1782359042.3037813,0.0019385814666748047
57388,normal,3596,0,1782359042.3057961,0.0020148754119873047
57389,normal,1270,0,1782359042.3078437,0.0020475387573242188
57390,normal,1308,0,1782359042.3097992,0.0019555091857910156
57391,normal,2302,0,1782359042.3117812,0.001981973648071289
57392,normal,327,0,1782359042.313861,0.0020797252655029297
57393,normal,63,0,1782359042.3158007,0.0019397735595703125
57394,normal,2801,0,1782359042.3177805,0.001979827880859375
57395,normal,1247,0,1782359042.3197825,0.0020020008087158203
57396,normal,36,0,1782359042.3217785,0.0019960403442382812
57397,normal,2058,0,1782359042.3238041,0.002025604248046875
57398,normal,1401,0,1782359042.325778,0.001973867416381836
57399,normal,3411,0,1782359042.3277998,0.00202178955078125
57400,normal,1961,0,1782359042.3297799,0.0019800662994384766
57401,normal,2504,0,1782359042.3318577,0.002077817916870117
57402,normal,1415,0,1782359042.3337784,0.0019207000732421875
57403,normal,1497,0,1782359042.335806,0.0020275115966796875
57404,normal,2558,0,1782359042.3378475,0.0020415782928466797
57405,normal,457,0,1782359042.3398,0.0019524097442626953
57406,normal,546,0,1782359042.341782,0.0019822120666503906
57407,normal,1670,0,1782359042.3438594,0.002077341079711914
57408,normal,9,0,1782359042.3457956,0.001936197280883789
57409,normal,409,0,1782359042.3477817,0.0019860267639160156
57410,normal,319,0,1782359042.349827,0.0020453929901123047
57411,normal,2591,0,1782359042.351853,0.0020258426666259766
57412,normal,2219,0,1782359042.353849,0.0019960403442382812
57413,normal,3296,1,1782359042.3558507,0.0020017623901367188
57414,normal,1472,0,1782359042.357741,0.001890420913696289
57415,normal,2776,0,1782359042.3597903,0.0020492076873779297
57416,normal,2755,0,1782359042.3618276,0.0020372867584228516
57417,normal,1812,0,1782359042.3637395,0.0019118785858154297
57418,normal,376,0,1782359042.365788,0.002048492431640625
57419,normal,3492,0,1782359042.3677623,0.001974344253540039
57420,normal,1378,1,1782359042.3697383,0.00197601318359375
57421,normal,2020,0,1782359042.3717408,0.0020024776458740234
57422,normal,2743,0,1782359042.3737602,0.0020194053649902344
57423,normal,283,0,1782359042.375746,0.001985788345336914
57424,normal,2662,0,1782359042.3777547,0.002008676528930664
57425,normal,2122,0,1782359042.3797612,0.00200653076171875
57426,normal,2198,0,1782359042.3817372,0.00197601318359375
57427,normal,550,0,1782359042.3837545,0.0020172595977783203
57428,normal,1628,0,1782359042.3857794,0.0020248889923095703
57429,normal,1664,0,1782359042.3877385,0.001959085464477539
57430,normal,2391,0,1782359042.3897462,0.002007722854614258
57431,normal,1043,0,1782359042.3917665,0.0020203590393066406
57432,normal,2071,0,1782359042.3937385,0.0019719600677490234
57433,normal,1440,0,1782359042.3957384,0.0019998550415039062
57434,normal,3517,0,1782359042.3977664,0.0020279884338378906
57435,normal,377,0,1782359042.3997347,0.0019683837890625
57436,normal,3490,0,1782359042.401737,0.002002239227294922
57437,normal,1835,0,1782359042.4037652,0.002028226852416992
57438,normal,2738,0,1782359042.4057386,0.001973390579223633
57439,normal,2403,0,1782359042.4077373,0.0019986629486083984
57440,normal,1638,0,1782359042.4097679,0.002030611038208008
57441,normal,1236,0,1782359042.4117384,0.001970529556274414
57442,normal,103,0,1782359042.4137368,0.001998424530029297
57443,normal,1974,0,1782359042.415777,0.0020401477813720703
57444,normal,2507,0,1782359042.4177406,0.0019636154174804688
57445,normal,2005,0,1782359042.4197404,0.0019998550415039062
57446,normal,190,0,1782359042.4217653,0.0020248889923095703
57447,normal,1021,2,1782359042.423736,0.0019707679748535156
57448,normal,3373,1,1782359042.4257367,0.002000570297241211
57449,normal,2348,0,1782359042.4277632,0.0020265579223632812
57450,normal,2062,0,1782359042.4297383,0.0019750595092773438
57451,normal,1945,0,1782359042.4318109,0.002072572708129883
57452,normal,647,0,1782359042.4337714,0.0019605159759521484
57453,normal,242,0,1782359042.4357727,0.0020012855529785156
57454,normal,1941,0,1782359042.437737,0.0019643306732177734
57455,normal,187,0,1782359042.4397676,0.002030611038208008
57456,normal,1364,1,1782359042.4417393,0.001971721649169922
57457,normal,2823,0,1782359042.4437394,0.002000093460083008
57458,normal,1525,0,1782359042.4458017,0.0020623207092285156
57459,normal,3555,0,1782359042.4477794,0.001977682113647461
57460,normal,2585,0,1782359042.4497416,0.0019621849060058594
57461,normal,658,0,1782359042.4517689,0.002027273178100586
57462,normal,347,0,1782359042.453744,0.0019750595092773438
57463,normal,1964,0,1782359042.4557362,0.0019922256469726562
57464,normal,3168,1,1782359042.457766,0.002029895782470703
57465,normal,2139,0,1782359042.4597352,0.0019690990447998047
57466,normal,987,2,1782359042.4617357,0.002000570297241211
57467,normal,2192,0,1782359042.463766,0.0020303726196289062
57468,normal,2983,0,1782359042.4657369,0.0019707679748535156
57469,normal,3375,1,1782359042.4677343,0.0019974708557128906
57470,normal,2493,0,1782359042.4697647,0.0020303726196289062
57471,normal,1081,0,1782359042.4717352,0.001970529556274414
57472,normal,3662,0,1782359042.4737477,0.002012491226196289
57473,normal,1997,0,1782359042.4758384,0.0020906925201416016
57474,normal,1063,0,1782359042.4777412,0.0019028186798095703
57475,normal,2821,0,1782359042.4797373,0.0019960403442382812
57476,normal,844,2,1782359042.4817657,0.0020284652709960938
57477,normal,2201,0,1782359042.4837356,0.0019698143005371094
57478,normal,474,0,1782359042.4857364,0.0020008087158203125
57479,normal,1527,0,1782359042.4877563,0.0020198822021484375
57480,normal,99,0,1782359042.489735,0.001978635787963867
57481,normal,2059,0,1782359042.491743,0.002008199691772461
57482,normal,2586,0,1782359042.4938471,0.002104043960571289
57483,normal,1889,0,1782359042.4957373,0.0018901824951171875
57484,normal,2204,0,1782359042.497738,0.002000570297241211
57485,normal,2877,0,1782359042.499762,0.0020241737365722656
57486,normal,131,0,1782359042.50175,0.001987934112548828
57487,normal,604,0,1782359042.5037348,0.001984834671020508
57488,normal,2175,0,1782359042.5057638,0.002028942108154297
57489,normal,3366,1,1782359042.5077624,0.0019986629486083984
57490,normal,285,0,1782359042.5097442,0.0019817352294921875
57491,normal,3669,0,1782359042.5117671,0.002022981643676758
57492,normal,1779,0,1782359042.5137405,0.001973390579223633
57493,normal,780,2,1782359042.5157342,0.0019936561584472656
57494,normal,97,0,1782359042.5177636,0.0020294189453125
57495,normal,3132,1,1782359042.5197372,0.0019736289978027344
57496,normal,1519,0,1782359042.5217352,0.0019979476928710938
57497,normal,478,0,1782359042.5237622,0.0020270347595214844
57498,normal,3110,1,1782359042.525754,0.001991748809814453
57499,normal,1395,0,1782359042.5278065,0.0020525455474853516
57500,normal,2228,0,1782359042.5298173,0.002010822296142578
57501,normal,1006,2,1782359042.5317671,0.0019497871398925781
57502,normal,2231,0,1782359042.533789,0.00202178955078125
57503,normal,510,0,1782359042.5358405,0.0020515918731689453
57504,normal,1370,1,1782359042.5377383,0.0018978118896484375
57505,normal,2911,0,1782359042.539735,0.001996755599975586
57506,normal,3677,0,1782359042.541767,0.0020318031311035156
57507,normal,2725,0,1782359042.5437407,0.001973867416381836
57508,normal,143,0,1782359042.5457513,0.0020105838775634766
57509,normal,1319,1,1782359042.5477664,0.0020151138305664062
57510,normal,967,2,1782359042.549752,0.0019855499267578125
57511,normal,871,2,1782359042.5518086,0.002056598663330078
57512,normal,1705,0,1782359042.5538251,0.0020165443420410156
57513,normal,1294,0,1782359042.5557373,0.0019121170043945312
57514,normal,3271,1,1782359042.557739,0.0020017623901367188
57515,normal,816,2,1782359042.5597653,0.0020263195037841797
57516,normal,2953,0,1782359042.5617394,0.0019741058349609375
57517,normal,3316,1,1782359042.56376,0.002020597457885742
57518,normal,831,2,1782359042.5657766,0.0020165443420410156
57519,normal,2356,0,1782359042.5677364,0.0019598007202148438
57520,normal,2279,0,1782359042.5697393,0.0020029544830322266
57521,normal,0,0,1782359042.5717645,0.002025127410888672
57522,normal,750,0,1782359042.573741,0.001976490020751953
57523,normal,3265,1,1782359042.575745,0.0020041465759277344
57524,normal,2609,0,1782359042.5777647,0.002019643783569336
57525,normal,239,0,1782359042.5798087,0.0020439624786376953
57526,normal,2299,0,1782359042.5817494,0.0019407272338867188
57527,normal,1996,0,1782359042.5837746,0.002025127410888672
57528,normal,2643,0,1782359042.585739,0.0019643306732177734
57529,normal,2933,0,1782359042.587735,0.0019960403442382812
57530,normal,2503,0,1782359042.589764,0.0020291805267333984
57531,normal,2264,0,1782359042.5917768,0.0020127296447753906
57532,normal,875,2,1782359042.5939722,0.0021953582763671875
57533,normal,2864,0,1782359042.5957778,0.0018055438995361328
57534,normal,1799,0,1782359042.5977383,0.0019605159759521484
57535,normal,897,2,1782359042.5997345,0.001996278762817383
57536,normal,1421,0,1782359042.6017642,0.0020296573638916016
57537,normal,569,0,1782359042.603737,0.0019729137420654297
57538,normal,1115,0,1782359042.6057367,0.0019996166229248047
57539,normal,1049,0,1782359042.6077678,0.002031087875366211
57540,normal,259,0,1782359042.6097453,0.0019774436950683594
57541,normal,3617,0,1782359042.6117356,0.0019903182983398438
57542,normal,1533,0,1782359042.6137483,0.0020127296447753906
57543,normal,2281,0,1782359042.6158583,0.002110004425048828
57544,normal,665,0,1782359042.6177394,0.0018811225891113281
57545,normal,1553,0,1782359042.6197634,0.002023935317993164
57546,normal,3564,0,1782359042.6217387,0.0019752979278564453
57547,normal,2453,0,1782359042.6237485,0.002009868621826172
57548,normal,1447,0,1782359042.6257648,0.002016305923461914
57549,normal,2637,0,1782359042.6277504,0.0019855499267578125
57550,normal,1872,0,1782359042.629755,0.0020046234130859375
57551,normal,3327,1,1782359042.631764,0.0020089149475097656
57552,normal,2147,0,1782359042.6337488,0.001984834671020508
57553,normal,1110,0,1782359042.6357462,0.0019974708557128906
57554,normal,840,2,1782359042.6377628,0.0020165443420410156
57555,normal,2512,0,1782359042.6397493,0.0019865036010742188
57556,normal,1002,2,1782359042.6417487,0.001999378204345703
57557,normal,2237,0,1782359042.6437657,0.0020170211791992188
57558,normal,1271,0,1782359042.6457393,0.0019736289978027344
57559,normal,1037,0,1782359042.647818,0.0020787715911865234
57560,normal,1868,0,1782359042.6498153,0.001997232437133789
57561,normal,2048,0,1782359042.6517813,0.0019659996032714844
57562,normal,980,2,1782359042.653807,0.002025604248046875
57563,normal,1202,0,1782359042.6558423,0.002035379409790039
57564,normal,412,0,1782359042.6578016,0.0019593238830566406
57565,normal,3016,0,1782359042.6597815,0.001979827880859375
57566,normal,2938,0,1782359042.6618586,0.0020771026611328125
57567,normal,3379,1,1782359042.6637783,0.0019197463989257812
57568,normal,21,0,1782359042.665785,0.0020067691802978516
57569,normal,1328,1,1782359042.6678424,0.002057313919067383
57570,normal,2487,0,1782359042.6698065,0.001964092254638672
57571,normal,3187,1,1782359042.671783,0.001976490020751953
57572,normal,3290,1,1782359042.6738625,0.002079486846923828
57573,normal,2295,0,1782359042.6758063,0.001943826675415039
57574,normal,3527,0,1782359042.6777842,0.0019779205322265625
57575,normal,28,0,1782359042.6798615,0.002077341079711914
57576,normal,712,0,1782359042.6818016,0.001940011978149414
57577,normal,666,0,1782359042.6837811,0.0019795894622802734
57578,normal,741,0,1782359042.685863,0.0020818710327148438
57579,normal,481,0,1782359042.6878047,0.001941680908203125
57580,normal,661,0,1782359042.6897826,0.0019779205322265625
57581,normal,2468,0,1782359042.6919045,0.0021219253540039062
57582,normal,3239,1,1782359042.6938014,0.0018968582153320312
57583,normal,152,0,1782359042.6957798,0.0019783973693847656
57584,normal,3478,0,1782359042.6978724,0.002092599868774414
57585,normal,1356,1,1782359042.699806,0.0019335746765136719
57586,normal,452,0,1782359042.7017827,0.0019767284393310547
57587,normal,953,2,1782359042.703862,0.0020792484283447266
57588,normal,2400,0,1782359042.7058184,0.001956462860107422
57589,normal,1304,0,1782359042.7077792,0.00196075439453125
57590,normal,2258,0,1782359042.7098627,0.0020835399627685547
57591,normal,313,0,1782359042.7117994,0.0019366741180419922
57592,normal,280,0,1782359042.713782,0.0019826889038085938
57593,normal,1418,0,1782359042.7158618,0.0020797252655029297
57594,normal,432,0,1782359042.7178009,0.0019390583038330078
57595,normal,2906,0,1782359042.7197807,0.001979827880859375
57596,normal,2490,0,1782359042.7218611,0.0020804405212402344
57597,normal,100,0,1782359042.7237816,0.001920461654663086
57598,normal,1434,0,1782359042.7257864,0.002004861831665039
57599,normal,1262,0,1782359042.7278492,0.0020627975463867188
57600,normal,527,0,1782359042.7298012,0.0019519329071044922
57601,normal,1459,0,1782359042.731782,0.0019807815551757812
57602,normal,1029,2,1782359042.733809,0.0020270347595214844
57603,normal,2858,0,1782359042.735783,0.0019741058349609375
57604,normal,579,0,1782359042.7377841,0.002001047134399414
57605,normal,2832,0,1782359042.7398415,0.002057313919067383
57606,normal,6,0,1782359042.7418022,0.00196075439453125
57607,normal,619,0,1782359042.7437813,0.0019791126251220703
57608,normal,2099,0,1782359042.7458622,0.0020809173583984375
57609,normal,3120,1,1782359042.7478013,0.0019390583038330078
57610,normal,1022,2,1782359042.7500439,0.002242565155029297
57611,normal,2773,0,1782359042.7519205,0.0018765926361083984
57612,normal,2117,0,1782359042.7538166,0.0018961429595947266
57613,normal,1486,0,1782359042.7559497,0.0021331310272216797
57614,normal,2064,0,1782359042.7579722,0.0020225048065185547
57615,normal,1388,0,1782359042.7598307,0.0018584728240966797
57616,normal,2083,0,1782359042.7619696,0.002138853073120117
57617,normal,247,0,1782359042.763965,0.0019953250885009766
57618,normal,2995,0,1782359042.765815,0.001850128173828125
57619,normal,827,2,1782359042.7679486,0.002133607864379883
57620,normal,301,0,1782359042.7699382,0.001989603042602539
57621,normal,3419,0,1782359042.7718298,0.0018916130065917969
57622,normal,1001,2,1782359042.7739182,0.002088308334350586
57623,normal,3674,0,1782359042.77594,0.00202178955078125
57624,normal,1573,0,1782359042.7778406,0.0019006729125976562
57625,normal,2306,0,1782359042.7799358,0.0020952224731445312
57626,normal,2581,0,1782359042.7819555,0.002019643783569336
57627,normal,1642,0,1782359042.7838264,0.001870870590209961
57628,normal,307,0,1782359042.7859452,0.002118825912475586
57629,normal,3330,1,1782359042.78794,0.0019948482513427734
57630,normal,3468,0,1782359042.7898064,0.0018663406372070312
57631,normal,1019,2,1782359042.7919405,0.002134084701538086
57632,normal,46,0,1782359042.7939367,0.001996278762817383
57633,normal,2209,0,1782359042.7958252,0.0018885135650634766
57634,normal,738,0,1782359042.7979915,0.002166271209716797
57635,normal,2536,0,1782359042.7999349,0.001943349838256836
57636,normal,2890,0,1782359042.801807,0.0018720626831054688
57637,normal,1962,0,1782359042.8039668,0.0021598339080810547
57638,normal,2361,0,1782359042.8058894,0.001922607421875
57639,normal,3352,1,1782359042.807825,0.001935720443725586
57640,normal,974,2,1782359042.8099675,0.0021424293518066406
57641,normal,2664,0,1782359042.8119435,0.00197601318359375
57642,normal,3371,1,1782359042.8138096,0.0018661022186279297
57643,normal,1661,0,1782359042.8159745,0.0021648406982421875
57644,normal,1399,0,1782359042.817923,0.0019485950469970703
57645,normal,1394,0,1782359042.8198266,0.001903533935546875
57646,normal,3099,1,1782359042.8219738,0.002147197723388672
57647,normal,667,0,1782359042.8239248,0.001950979232788086
57648,normal,25,0,1782359042.8258092,0.00188446044921875
57649,normal,2276,0,1782359042.8279781,0.002168893814086914
57650,normal,2063,0,1782359042.8299284,0.0019502639770507812
57651,normal,3406,0,1782359042.8318305,0.0019021034240722656
57652,normal,2541,0,1782359042.8340087,0.002178192138671875
57653,normal,2220,0,1782359042.8359246,0.0019159317016601562
57654,normal,725,0,1782359042.8378108,0.001886129379272461
57655,normal,2866,0,1782359042.8399947,0.0021839141845703125
57656,normal,646,0,1782359042.841942,0.0019474029541015625
57657,normal,2746,0,1782359042.8438354,0.0018932819366455078
57658,normal,2945,0,1782359042.8459985,0.0021631717681884766
57659,normal,107,0,1782359042.8479283,0.0019297599792480469
57660,normal,260,0,1782359042.8498368,0.0019085407257080078
57661,normal,722,0,1782359042.8520162,0.002179384231567383
57662,normal,1322,1,1782359042.8539321,0.0019159317016601562
57663,normal,1015,2,1782359042.8558314,0.0018992424011230469
57664,normal,3269,1,1782359042.8580287,0.002197265625
57665,normal,813,2,1782359042.859951,0.0019223690032958984
57666,normal,1174,0,1782359042.861842,0.0018908977508544922
57667,normal,1209,0,1782359042.8640187,0.0021767616271972656
57668,normal,3288,1,1782359042.8659306,0.0019118785858154297
57669,normal,2597,0,1782359042.8678296,0.0018990039825439453
57670,normal,2350,0,1782359042.8700125,0.0021829605102539062
57671,normal,2854,0,1782359042.8719168,0.0019042491912841797
57672,normal,1441,0,1782359042.8738115,0.0018947124481201172
57673,normal,1987,0,1782359042.8760066,0.002195119857788086
57674,normal,580,0,1782359042.8779125,0.0019059181213378906
57675,normal,1578,0,1782359042.8798285,0.0019159317016601562
57676,normal,3323,1,1782359042.8820102,0.0021817684173583984
57677,normal,330,0,1782359042.8838181,0.0018079280853271484
57678,normal,1042,0,1782359042.8859181,0.0020999908447265625
57679,normal,1729,0,1782359042.8878963,0.001978158950805664
57680,normal,2799,0,1782359042.889969,0.0020728111267089844
57681,normal,1529,0,1782359042.8918288,0.0018596649169921875
57682,normal,2498,0,1782359042.8940165,0.0021877288818359375
57683,normal,162,0,1782359042.8959424,0.0019259452819824219
57684,normal,1510,0,1782359042.8978083,0.0018658638000488281
57685,normal,3631,0,1782359042.9000006,0.002192258834838867
57686,normal,1121,0,1782359042.9020045,0.002003908157348633
57687,normal,788,2,1782359042.9037845,0.0017800331115722656
57688,normal,1408,0,1782359042.9063656,0.0025811195373535156
57689,normal,3356,1,1782359042.908497,0.0021314620971679688
57690,normal,2109,0,1782359042.910564,0.0020668506622314453
57691,normal,591,0,1782359042.9125726,0.002008676528930664
57692,normal,716,0,1782359042.915195,0.002622365951538086
57693,normal,2968,0,1782359042.9158309,0.0006358623504638672
57694,normal,731,0,1782359042.9184349,0.0026040077209472656
57695,normal,1902,0,1782359042.9198558,0.0014209747314453125
57696,normal,3437,0,1782359042.9227636,0.0029077529907226562
57697,normal,1010,2,1782359042.924683,0.0019195079803466797
57698,normal,1723,0,1782359042.9268184,0.0021352767944335938
57699,normal,815,2,1782359042.9284537,0.0016353130340576172
57700,normal,1290,0,1782359042.9303875,0.0019338130950927734
57701,normal,2381,0,1782359042.9323945,0.002007007598876953
57702,normal,1838,0,1782359042.9343839,0.0019893646240234375
57703,normal,3493,0,1782359042.936157,0.0017731189727783203
57704,normal,3438,0,1782359042.9381704,0.0020134449005126953
57705,normal,829,2,1782359042.9404004,0.002229928970336914
57706,normal,3544,0,1782359042.9424403,0.0020399093627929688
57707,normal,1325,1,1782359042.9443913,0.001950979232788086
57708,normal,2691,0,1782359042.9463964,0.0020051002502441406
57709,normal,186,0,1782359042.9481554,0.0017590522766113281
57710,normal,2477,0,1782359042.9498508,0.001695394515991211
57711,normal,3181,1,1782359042.9518287,0.0019779205322265625
57712,normal,1873,0,1782359042.9538991,0.0020704269409179688
57713,normal,771,0,1782359042.9561226,0.002223491668701172
57714,normal,1645,0,1782359042.9581683,0.0020456314086914062
57715,normal,2074,0,1782359042.9598944,0.0017261505126953125
57716,normal,2716,0,1782359042.962155,0.0022606849670410156
57717,normal,1695,0,1782359042.9644926,0.0023374557495117188
57718,normal,2206,0,1782359042.9658282,0.0013356208801269531
57719,normal,13,0,1782359042.9680257,0.0021975040435791016
57720,normal,304,0,1782359042.9698458,0.0018200874328613281
57721,normal,1257,0,1782359042.9718282,0.001982450485229492
57722,normal,1351,1,1782359042.9740248,0.0021965503692626953
57723,normal,1146,0,1782359042.9764347,0.0024099349975585938
57724,normal,1416,0,1782359042.9778612,0.0014264583587646484
57725,normal,1392,0,1782359042.980142,0.0022809505462646484
57726,normal,3415,0,1782359042.9818468,0.0017046928405761719
57727,normal,603,0,1782359042.9838552,0.0020084381103515625
57728,normal,2397,0,1782359042.9860902,0.002234935760498047
57729,normal,2632,0,1782359042.9884248,0.0023345947265625
57730,normal,105,0,1782359042.9898617,0.0014369487762451172
57731,normal,95,0,1782359042.9921124,0.00225067138671875
57732,normal,3013,0,1782359042.993829,0.00171661376953125
57733,normal,3416,0,1782359042.9958606,0.002031564712524414
57734,normal,3365,1,1782359042.9981327,0.0022721290588378906
57735,normal,167,0,1782359043.0004413,0.0023086071014404297
57736,normal,2978,0,1782359043.0018637,0.0014224052429199219
57737,normal,2757,0,1782359043.00411,0.002246379852294922
57738,normal,2522,0,1782359043.0058475,0.001737356185913086
57739,normal,790,2,1782359043.0078542,0.0020067691802978516
57740,normal,850,2,1782359043.0099776,0.0021233558654785156
57741,normal,2997,0,1782359043.0118473,0.0018696784973144531
57742,normal,1357,1,1782359043.0138583,0.0020110607147216797
57743,normal,2563,0,1782359043.0161145,0.002256155014038086
57744,normal,2334,0,1782359043.0179596,0.0018451213836669922
57745,normal,2812,0,1782359043.0198603,0.0019006729125976562
57746,normal,441,0,1782359043.0221126,0.002252340316772461
57747,normal,360,0,1782359043.0243974,0.0022847652435302734
57748,normal,241,0,1782359043.0258718,0.0014743804931640625
57749,normal,1954,0,1782359043.0281167,0.0022449493408203125
57750,normal,2097,0,1782359043.0299659,0.0018491744995117188
57751,normal,2107,0,1782359043.0317998,0.0018339157104492188
57752,normal,1592,0,1782359043.0337937,0.001993894577026367
57753,normal,1068,0,1782359043.0357628,0.0019690990447998047
57754,normal,2459,0,1782359043.0377452,0.001982450485229492
57755,normal,494,0,1782359043.0398672,0.0021219253540039062
57756,normal,2530,0,1782359043.0417488,0.0018815994262695312
57757,normal,2467,0,1782359043.043772,0.0020232200622558594
57758,normal,3489,0,1782359043.045835,0.0020630359649658203
57759,normal,339,0,1782359043.0478234,0.0019884109497070312
57760,normal,274,0,1782359043.0497992,0.0019757747650146484
57761,normal,1206,0,1782359043.0519176,0.002118349075317383
57762,normal,464,0,1782359043.053887,0.0019693374633789062
57763,normal,2213,0,1782359043.056008,0.0021212100982666016
57764,normal,802,2,1782359043.05793,0.0019218921661376953
57765,normal,3068,1,1782359043.0598094,0.0018794536590576172
57766,normal,3156,1,1782359043.062014,0.0022046566009521484
57767,normal,3488,0,1782359043.063906,0.0018918514251708984
57768,normal,1368,1,1782359043.0658293,0.0019233226776123047
57769,normal,1169,0,1782359043.068019,0.00218963623046875
57770,normal,1097,0,1782359043.0699303,0.0019114017486572266
57771,normal,1676,0,1782359043.071811,0.001880645751953125
57772,normal,3698,0,1782359043.0740163,0.002205371856689453
57773,normal,2902,0,1782359043.075938,0.0019216537475585938
57774,normal,3621,0,1782359043.0778337,0.0018956661224365234
57775,normal,2368,0,1782359043.0800166,0.0021829605102539062
57776,normal,880,2,1782359043.0819209,0.0019042491912841797
57777,normal,1777,0,1782359043.0838072,0.0018863677978515625
57778,normal,2445,0,1782359043.0860562,0.002249002456665039
57779,normal,3344,1,1782359043.0879223,0.0018661022186279297
57780,normal,476,0,1782359043.0898323,0.0019099712371826172
57781,normal,2740,0,1782359043.0920205,0.0021882057189941406
57782,normal,2407,0,1782359043.0939474,0.0019268989562988281
57783,normal,200,0,1782359043.0958097,0.0018622875213623047
57784,normal,3538,0,1782359043.0980053,0.002195596694946289
57785,normal,451,0,1782359043.099998,0.0019927024841308594
57786,normal,3470,0,1782359043.1018066,0.0018086433410644531
57787,normal,1230,0,1782359043.104222,0.0024154186248779297
57788,normal,171,0,1782359043.105978,0.0017559528350830078
57789,normal,1864,0,1782359043.1080391,0.002061128616333008
57790,normal,1587,0,1782359043.1100934,0.0020542144775390625
57791,normal,2856,0,1782359043.1119752,0.0018818378448486328
57792,normal,1059,0,1782359043.1140473,0.0020720958709716797
57793,normal,890,2,1782359043.116122,0.002074718475341797
57794,normal,2339,0,1782359043.118003,0.0018808841705322266
57795,normal,3304,1,1782359043.120043,0.0020401477813720703
57796,normal,3339,1,1782359043.1219707,0.0019276142120361328
57797,normal,2606,0,1782359043.1241684,0.002197742462158203
57798,normal,2251,0,1782359043.125877,0.0017085075378417969
57799,normal,623,0,1782359043.128158,0.00228118896484375
57800,normal,3499,0,1782359043.1299708,0.0018126964569091797
57801,normal,1458,0,1782359043.1320486,0.002077817916870117
57802,normal,3620,0,1782359043.1339664,0.0019178390502929688
57803,normal,3273,1,1782359043.1361675,0.002201080322265625
57804,normal,3395,1,1782359043.1387181,0.0025506019592285156
57805,normal,2729,0,1782359043.1409621,0.0022439956665039062
57806,normal,306,0,1782359043.1428926,0.0019304752349853516
57807,normal,2289,0,1782359043.145318,0.0024254322052001953
57808,normal,3600,0,1782359043.1460652,0.0007472038269042969
57809,normal,2699,0,1782359043.148562,0.0024967193603515625
57810,normal,3562,0,1782359043.1508067,0.002244710922241211
57811,normal,970,2,1782359043.1527097,0.0019030570983886719
57812,normal,2897,0,1782359043.1547215,0.0020117759704589844
57813,normal,708,0,1782359043.1567314,0.002009868621826172
57814,normal,2587,0,1782359043.1585457,0.0018143653869628906
57815,normal,1734,0,1782359043.1606507,0.0021049976348876953
57816,normal,3531,0,1782359043.1624484,0.0017976760864257812
57817,normal,3450,0,1782359043.164389,0.0019404888153076172
57818,normal,570,0,1782359043.1663933,0.002004384994506836
57819,normal,1213,0,1782359043.1684783,0.002084970474243164
57820,normal,3362,1,1782359043.1706977,0.0022194385528564453
57821,normal,1258,0,1782359043.1725445,0.0018467903137207031
57822,normal,165,0,1782359043.1744752,0.0019307136535644531
57823,normal,390,0,1782359043.1761312,0.0016560554504394531
57824,normal,3632,0,1782359043.1783714,0.0022401809692382812
57825,normal,909,2,1782359043.180811,0.0024394989013671875
57826,normal,2129,0,1782359043.1829276,0.002116680145263672
57827,normal,1276,0,1782359043.1850963,0.0021686553955078125
57828,normal,1524,0,1782359043.18681,0.0017137527465820312
57829,normal,3080,1,1782359043.1889224,0.0021123886108398438
57830,normal,1173,0,1782359043.1911042,0.0021817684173583984
57831,normal,44,0,1782359043.1917632,0.0006589889526367188
57832,normal,1017,2,1782359043.1947842,0.0030210018157958984
57833,normal,1867,0,1782359043.195838,0.0010538101196289062
57834,normal,2611,0,1782359043.1991725,0.003334522247314453
57835,normal,988,2,1782359043.2013724,0.002199888229370117
57836,normal,3199,1,1782359043.2018182,0.0004458427429199219
57837,normal,3548,0,1782359043.204168,0.002349853515625
57838,normal,1841,0,1782359043.2065084,0.0023403167724609375
57839,normal,1672,0,1782359043.2083423,0.0018339157104492188
57840,normal,1165,0,1782359043.2102985,0.0019562244415283203
57841,normal,993,2,1782359043.2122743,0.0019757747650146484
57842,normal,250,0,1782359043.2141519,0.0018775463104248047
57843,normal,1840,0,1782359043.2163444,0.0021924972534179688
57844,normal,3287,1,1782359043.218328,0.001983642578125
57845,normal,2234,0,1782359043.2198489,0.0015208721160888672
57846,normal,134,0,1782359043.2218227,0.001973867416381836
57847,normal,1739,0,1782359043.2238078,0.0019850730895996094
57848,normal,416,0,1782359043.226102,0.002294301986694336
57849,normal,916,2,1782359043.227785,0.0016829967498779297
57850,normal,505,0,1782359043.2305353,0.0027501583099365234
57851,normal,3130,1,1782359043.2322998,0.001764535903930664
57852,normal,1570,0,1782359043.2342932,0.001993417739868164
57853,normal,1697,0,1782359043.2363172,0.002023935317993164
57854,normal,1337,1,1782359043.238577,0.0022597312927246094
57855,normal,3061,1,1782359043.2405992,0.002022266387939453
57856,normal,2590,0,1782359043.2418408,0.0012416839599609375
57857,normal,33,0,1782359043.2444222,0.002581357955932617
57858,normal,1819,0,1782359043.2464435,0.002021312713623047
57859,normal,2988,0,1782359043.2487335,0.002290010452270508
57860,normal,2114,0,1782359043.2507997,0.0020661354064941406
57861,normal,156,0,1782359043.2524452,0.0016455650329589844
57862,normal,586,0,1782359043.2543,0.0018548965454101562
57863,normal,68,0,1782359043.2563834,0.002083301544189453
57864,normal,642,0,1782359043.2585108,0.002127408981323242
57865,normal,2266,0,1782359043.2607317,0.0022208690643310547
57866,normal,2443,0,1782359043.2624269,0.0016951560974121094
57867,normal,2583,0,1782359043.264359,0.0019321441650390625
57868,normal,1306,0,1782359043.2664096,0.002050638198852539
57869,normal,1891,0,1782359043.268189,0.001779317855834961
57870,normal,70,0,1782359043.2703621,0.002173185348510742
57871,normal,3640,0,1782359043.2724001,0.0020380020141601562
57872,normal,656,0,1782359043.2743852,0.0019850730895996094
57873,normal,87,0,1782359043.276394,0.002008676528930664
57874,normal,276,0,1782359043.2780678,0.0016739368438720703
57875,normal,528,0,1782359043.2807462,0.002678394317626953
57876,normal,713,0,1782359043.282575,0.0018286705017089844
57877,normal,1807,0,1782359043.2843716,0.001796722412109375
57878,normal,3325,1,1782359043.2861784,0.0018067359924316406
57879,normal,833,2,1782359043.2883596,0.0021812915802001953
57880,normal,680,0,1782359043.2903888,0.0020291805267333984
57881,normal,1571,0,1782359043.2924325,0.0020437240600585938
57882,normal,2661,0,1782359043.2945893,0.0021567344665527344
57883,normal,1439,0,1782359043.2963915,0.001802206039428711
57884,normal,1099,0,1782359043.2984133,0.00202178955078125
57885,normal,1797,0,1782359043.3003855,0.001972198486328125
57886,normal,2731,0,1782359043.3020747,0.0016891956329345703
57887,normal,884,2,1782359043.3047807,0.0027060508728027344
57888,normal,3067,1,1782359043.3065639,0.001783132553100586
57889,normal,373,0,1782359043.3082483,0.001684427261352539
57890,normal,2566,0,1782359043.310363,0.0021147727966308594
57891,normal,1080,0,1782359043.3123739,0.002010822296142578
57892,normal,2440,0,1782359043.314063,0.0016891956329345703
57893,normal,3293,1,1782359043.3163507,0.002287626266479492
57894,normal,195,0,1782359043.3187616,0.002410888671875
57895,normal,754,0,1782359043.320871,0.002109527587890625
57896,normal,1655,0,1782359043.3227367,0.0018656253814697266
57897,normal,2707,0,1782359043.3237689,0.001032114028930664
57898,normal,2706,0,1782359043.3261151,0.0023462772369384766
57899,normal,1041,0,1782359043.327761,0.001645803451538086
57900,normal,3175,1,1782359043.3301084,0.0023474693298339844
57901,normal,888,2,1782359043.33186,0.0017516613006591797
57902,normal,2708,0,1782359043.3341208,0.0022606849670410156
57903,normal,381,0,1782359043.3358457,0.0017249584197998047
57904,normal,1848,0,1782359043.337887,0.002041339874267578
57905,normal,411,0,1782359043.3401132,0.002226114273071289
57906,normal,1887,0,1782359043.3418276,0.001714468002319336
57907,normal,3233,1,1782359043.3438556,0.0020279884338378906
57908,normal,2918,0,1782359043.34603,0.00217437744140625
57909,normal,356,0,1782359043.3485115,0.0024814605712890625
57910,normal,1152,0,1782359043.34984,0.0013284683227539062
57911,normal,1219,0,1782359043.3518178,0.0019779205322265625
57912,normal,1203,0,1782359043.3538492,0.0020313262939453125
57913,normal,343,0,1782359043.355878,0.002028942108154297
57914,normal,1301,0,1782359043.3581398,0.002261638641357422
57915,normal,2860,0,1782359043.3598537,0.0017139911651611328
57916,normal,1185,0,1782359043.3621607,0.0023069381713867188
57917,normal,733,0,1782359043.3639128,0.0017521381378173828
57918,normal,3213,1,1782359043.3667197,0.0028069019317626953
57919,normal,2321,0,1782359043.3691344,0.002414703369140625
57920,normal,202,0,1782359043.3699887,0.0008542537689208984
57921,normal,556,0,1782359043.3718636,0.0018749237060546875
57922,normal,896,2,1782359043.37401,0.002146482467651367
57923,normal,1539,0,1782359043.3761911,0.0021810531616210938
57924,normal,290,0,1782359043.3781953,0.0020041465759277344
57925,normal,2948,0,1782359043.3798387,0.0016434192657470703
57926,normal,3029,0,1782359043.3819597,0.0021209716796875
57927,normal,1287,0,1782359043.3838518,0.00189208984375
57928,normal,745,0,1782359043.3858423,0.0019905567169189453
57929,normal,3346,1,1782359043.3881123,0.0022699832916259766
57930,normal,681,0,1782359043.3901594,0.0020470619201660156
57931,normal,2382,0,1782359043.391847,0.0016875267028808594
57932,normal,286,0,1782359043.3940065,0.002159595489501953
57933,normal,792,2,1782359043.3958447,0.0018382072448730469
57934,normal,2372,0,1782359043.397847,0.002002239227294922
57935,normal,60,0,1782359043.3999588,0.0021119117736816406
57936,normal,3641,0,1782359043.4018426,0.0018837451934814453
57937,normal,3321,1,1782359043.403851,0.0020084381103515625
57938,normal,3141,1,1782359043.4059637,0.0021126270294189453
57939,normal,2028,0,1782359043.4087815,0.002817869186401367
57940,normal,1773,0,1782359043.4098349,0.0010533332824707031
57941,normal,3566,0,1782359043.4121256,0.0022907257080078125
57942,normal,1862,0,1782359043.4138496,0.0017240047454833984
57943,normal,1957,0,1782359043.415836,0.0019865036010742188
57944,normal,31,0,1782359043.4179728,0.002136707305908203
57945,normal,3431,0,1782359043.419844,0.0018711090087890625
57946,normal,1343,1,1782359043.421839,0.001995086669921875
57947,normal,482,0,1782359043.4241009,0.0022618770599365234
57948,normal,529,0,1782359043.4258463,0.001745462417602539
57949,normal,352,0,1782359043.4278407,0.0019943714141845703
57950,normal,2915,0,1782359043.4300308,0.002190113067626953
57951,normal,469,0,1782359043.4321594,0.00212860107421875
57952,normal,2331,0,1782359043.4338455,0.00168609619140625
57953,normal,3520,0,1782359043.4361222,0.0022766590118408203
57954,normal,699,0,1782359043.4383893,0.002267122268676758
57955,normal,3073,1,1782359043.440434,0.002044677734375
57956,normal,380,0,1782359043.4423892,0.001955270767211914
57957,normal,3119,1,1782359043.444441,0.002051830291748047
57958,normal,353,0,1782359043.4464946,0.002053499221801758
57959,normal,1461,0,1782359043.4483948,0.0019001960754394531
57960,normal,1023,2,1782359043.4503882,0.001993417739868164
57961,normal,1511,0,1782359043.452138,0.0017497539520263672
57962,normal,2436,0,1782359043.4542294,0.0020914077758789062
57963,normal,592,0,1782359043.4561603,0.0019309520721435547
57964,normal,1003,2,1782359043.458394,0.002233743667602539
57965,normal,1928,0,1782359043.4603856,0.0019915103912353516
57966,normal,1641,0,1782359043.4623883,0.002002716064453125
57967,normal,3622,0,1782359043.4644315,0.0020432472229003906
57968,normal,3276,1,1782359043.4663887,0.0019571781158447266
57969,normal,963,2,1782359043.4685903,0.002201557159423828
57970,normal,3216,1,1782359043.4704242,0.0018339157104492188
57971,normal,1420,0,1782359043.4722896,0.001865386962890625
57972,normal,2398,0,1782359043.4743624,0.0020728111267089844
57973,normal,23,0,1782359043.4764128,0.0020503997802734375
57974,normal,864,2,1782359043.4781423,0.0017294883728027344
57975,normal,3222,1,1782359043.4800556,0.001913309097290039
57976,normal,3417,0,1782359043.4823792,0.002323627471923828
57977,normal,2177,0,1782359043.4847279,0.002348661422729492
57978,normal,2748,0,1782359043.486945,0.0022170543670654297
57979,normal,365,0,1782359043.489191,0.0022461414337158203
57980,normal,310,0,1782359043.491203,0.002012014389038086
57981,normal,3655,0,1782359043.4928267,0.0016236305236816406
57982,normal,3274,1,1782359043.4954531,0.0026264190673828125
57983,normal,756,0,1782359043.495774,0.0003209114074707031
57984,normal,3010,0,1782359043.4983957,0.0026216506958007812
57985,normal,2936,0,1782359043.5000823,0.0016865730285644531
57986,normal,2434,0,1782359043.5030973,0.0030150413513183594
57987,normal,1763,0,1782359043.5052774,0.0021800994873046875
57988,normal,3134,1,1782359043.5058105,0.0005331039428710938
57989,normal,1621,0,1782359043.5082002,0.002389669418334961
57990,normal,2594,0,1782359043.5107296,0.0025293827056884766
57991,normal,1184,0,1782359043.512685,0.0019555091857910156
57992,normal,690,0,1782359043.5150485,0.002363443374633789
57993,normal,3211,1,1782359043.5166154,0.0015668869018554688
57994,normal,2841,0,1782359043.5186977,0.002082347869873047
57995,normal,65,0,1782359043.5204222,0.0017244815826416016
57996,normal,1396,0,1782359043.5223887,0.0019664764404296875
57997,normal,838,2,1782359043.524099,0.0017104148864746094
57998,normal,2049,0,1782359043.5261993,0.002100229263305664
57999,normal,1026,2,1782359043.5283594,0.0021600723266601562
58000,normal,805,2,1782359043.5303905,0.002031087875366211
58001,normal,3243,1,1782359043.5323987,0.002008199691772461
58002,normal,531,0,1782359043.5346165,0.0022177696228027344
58003,normal,2958,0,1782359043.5363672,0.0017507076263427734
58004,normal,1752,0,1782359043.5384092,0.002042055130004883
58005,normal,2376,0,1782359043.540436,0.002026796340942383
58006,normal,1744,0,1782359043.5427458,0.0023097991943359375
58007,normal,3275,1,1782359043.5447426,0.001996755599975586
58008,normal,185,0,1782359043.546649,0.0019063949584960938
58009,normal,406,0,1782359043.5487416,0.002092599868774414
58010,normal,3159,1,1782359043.5504475,0.0017058849334716797
58011,normal,490,0,1782359043.5524068,0.0019593238830566406
58012,normal,3230,1,1782359043.5543633,0.001956462860107422
58013,normal,748,0,1782359043.5564265,0.002063274383544922
58014,normal,3237,1,1782359043.5583813,0.001954793930053711
58015,normal,2577,0,1782359043.5600967,0.0017154216766357422
58016,normal,354,0,1782359043.562764,0.0026671886444091797
58017,normal,1662,0,1782359043.5646784,0.0019145011901855469
58018,normal,3692,0,1782359043.5657606,0.0010821819305419922
58019,normal,1341,1,1782359043.568117,0.002356290817260742
58020,normal,1241,0,1782359043.569757,0.0016400814056396484
58021,normal,225,0,1782359043.5727825,0.003025531768798828
58022,normal,1057,0,1782359043.5737946,0.0010120868682861328
58023,normal,1875,0,1782359043.5761213,0.0023267269134521484
58024,normal,882,2,1782359043.5778608,0.001739501953125
58025,normal,1737,0,1782359043.5801065,0.002245664596557617
58026,normal,3332,1,1782359043.5818276,0.0017211437225341797
58027,normal,1915,0,1782359043.5838635,0.002035856246948242
58028,normal,1551,0,1782359043.5861197,0.002256155014038086
58029,normal,435,0,1782359043.587834,0.0017142295837402344
58030,normal,1718,0,1782359043.5898652,0.0020313262939453125
58031,normal,1908,0,1782359043.5921159,0.00225067138671875
58032,normal,895,2,1782359043.5938458,0.0017299652099609375
58033,normal,2294,0,1782359043.5958686,0.0020227432250976562
58034,normal,1438,0,1782359043.5979445,0.0020759105682373047
58035,normal,1834,0,1782359043.600684,0.002739429473876953
58036,normal,1582,0,1782359043.6018252,0.0011413097381591797
58037,normal,1141,0,1782359043.604092,0.0022666454315185547
58038,normal,2305,0,1782359043.6058357,0.0017437934875488281
58039,normal,3143,1,1782359043.607884,0.0020482540130615234
58040,normal,946,2,1782359043.609953,0.0020689964294433594
58041,normal,530,0,1782359043.6118212,0.0018682479858398438
58042,normal,385,0,1782359043.6138768,0.002055644989013672
58043,normal,1913,0,1782359043.615968,0.0020911693572998047
58044,normal,1410,0,1782359043.617832,0.0018639564514160156
58045,normal,1431,0,1782359043.619879,0.0020470619201660156
58046,normal,1629,0,1782359043.622431,0.002552032470703125
58047,normal,2224,0,1782359043.6244912,0.0020601749420166016
58048,normal,2648,0,1782359043.6264832,0.0019919872283935547
58049,normal,624,0,1782359043.628135,0.001651763916015625
58050,normal,1471,0,1782359043.6302047,0.002069711685180664
58051,normal,1619,0,1782359043.6321955,0.001990795135498047
58052,normal,3561,0,1782359043.634158,0.001962423324584961
58053,normal,996,2,1782359043.6364548,0.002296924591064453
58054,normal,2392,0,1782359043.6384766,0.00202178955078125
58055,normal,879,2,1782359043.6404276,0.001950979232788086
58056,normal,3177,1,1782359043.6424286,0.002001047134399414
58057,normal,2780,0,1782359043.6444678,0.002039194107055664
58058,normal,1988,0,1782359043.6461906,0.0017228126525878906
58059,normal,1137,0,1782359043.6481538,0.0019631385803222656
58060,normal,975,2,1782359043.6505065,0.0023527145385742188
58061,normal,2103,0,1782359043.6523657,0.0018591880798339844
58062,normal,2014,0,1782359043.654631,0.0022652149200439453
58063,normal,1047,0,1782359043.6566393,0.0020084381103515625
58064,normal,3672,0,1782359043.6587777,0.002138376235961914
58065,normal,777,2,1782359043.6605082,0.0017304420471191406
58066,normal,2132,0,1782359043.6625698,0.002061605453491211
58067,normal,3232,1,1782359043.6648695,0.002299785614013672
58068,normal,129,0,1782359043.6667752,0.001905679702758789
58069,normal,3358,1,1782359043.6685488,0.0017735958099365234
58070,normal,3421,0,1782359043.6712394,0.002690553665161133
58071,normal,955,2,1782359043.6720095,0.0007700920104980469
58072,normal,3433,0,1782359043.6743982,0.0023887157440185547
58073,normal,1579,0,1782359043.6763778,0.0019795894622802734
58074,normal,1478,0,1782359043.6791532,0.002775430679321289
58075,normal,57,0,1782359043.680932,0.0017788410186767578
58076,normal,2189,0,1782359043.6829486,0.0020165443420410156
58077,normal,2979,0,1782359043.6848092,0.0018606185913085938
58078,normal,3259,1,1782359043.686576,0.0017666816711425781
58079,normal,1589,0,1782359043.6891477,0.0025718212127685547
58080,normal,3291,1,1782359043.6900003,0.0008525848388671875
58081,normal,213,0,1782359043.6924047,0.002404451370239258
58082,normal,2469,0,1782359043.6947837,0.0023789405822753906
58083,normal,837,2,1782359043.6958823,0.0010986328125
58084,normal,511,0,1782359043.698526,0.002643585205078125
58085,normal,2285,0,1782359043.7008233,0.0022974014282226562
58086,normal,3418,0,1782359043.7027721,0.0019488334655761719
58087,normal,2021,0,1782359043.705088,0.0023157596588134766
58088,normal,621,0,1782359043.7068007,0.001712799072265625
58089,normal,983,2,1782359043.7084813,0.001680612564086914
58090,normal,3361,1,1782359043.7103534,0.0018720626831054688
58091,normal,1020,2,1782359043.7128754,0.002521991729736328
58092,normal,3043,0,1782359043.714627,0.0017516613006591797
58093,normal,2639,0,1782359043.7163773,0.0017502307891845703
58094,normal,913,2,1782359043.718574,0.002196788787841797
58095,normal,1013,2,1782359043.7204514,0.0018773078918457031
58096,normal,2949,0,1782359043.7223637,0.0019123554229736328
58097,normal,998,2,1782359043.7244759,0.002112150192260742
58098,normal,3591,0,1782359043.7265315,0.002055644989013672
58099,normal,2989,0,1782359043.7287776,0.0022461414337158203
58100,normal,2794,0,1782359043.7304862,0.0017085075378417969
58101,normal,1975,0,1782359043.7324445,0.0019583702087402344
58102,normal,2496,0,1782359043.7341394,0.0016949176788330078
58103,normal,2853,0,1782359043.7363932,0.0022537708282470703
58104,normal,905,2,1782359043.7384572,0.0020639896392822266
58105,normal,535,0,1782359043.7408066,0.002349376678466797
58106,normal,1508,0,1782359043.74314,0.002333402633666992
58107,normal,704,0,1782359043.7448924,0.0017523765563964844
58108,normal,277,0,1782359043.7466178,0.0017254352569580078
58109,normal,1920,0,1782359043.7490804,0.002462625503540039
58110,normal,1409,0,1782359043.7498398,0.0007593631744384766
58111,normal,1892,0,1782359043.7521436,0.0023038387298583984
58112,normal,2596,0,1782359043.7540696,0.0019259452819824219
58113,normal,2180,0,1782359043.756563,0.0024933815002441406
58114,normal,3626,0,1782359043.7585642,0.0020012855529785156
58115,normal,3585,0,1782359043.760837,0.0022728443145751953
58116,normal,117,0,1782359043.7624626,0.0016255378723144531
58117,normal,2292,0,1782359043.7642033,0.0017406940460205078
58118,normal,743,0,1782359043.7664132,0.002209901809692383
58119,normal,1973,0,1782359043.7684233,0.0020101070404052734
58120,normal,2813,0,1782359043.7703972,0.001973867416381836
58121,normal,1827,0,1782359043.7723832,0.0019860267639160156
58122,normal,1274,0,1782359043.774423,0.002039670944213867
58123,normal,853,2,1782359043.7761006,0.0016777515411376953
58124,normal,3006,0,1782359043.778096,0.0019953250885009766
58125,normal,609,0,1782359043.7807658,0.002669811248779297
58126,normal,3027,0,1782359043.7831624,0.0023965835571289062
58127,normal,3300,1,1782359043.7848837,0.0017213821411132812
58128,normal,3567,0,1782359043.7869403,0.002056598663330078
58129,normal,341,0,1782359043.7891054,0.002165079116821289
58130,normal,915,2,1782359043.7911646,0.0020592212677001953
58131,normal,1753,0,1782359043.7928927,0.001728057861328125
58132,normal,2534,0,1782359043.7938507,0.0009579658508300781
58133,normal,3103,1,1782359043.7966564,0.0028057098388671875
58134,normal,1067,0,1782359043.7995784,0.00292205810546875
58135,normal,997,2,1782359043.7999287,0.0003502368927001953
58136,normal,314,0,1782359043.8031642,0.0032355785369873047
58137,normal,159,0,1782359043.8042753,0.0011110305786132812
58138,normal,2293,0,1782359043.8061638,0.0018885135650634766
58139,normal,2212,0,1782359043.8082256,0.0020618438720703125
58140,normal,1808,0,1782359043.810255,0.0020294189453125
58141,normal,3479,0,1782359043.812163,0.0019080638885498047
58142,normal,2282,0,1782359043.8143995,0.0022363662719726562
58143,normal,1742,0,1782359043.816296,0.0018966197967529297
58144,normal,1380,1,1782359043.818255,0.0019588470458984375
58145,normal,2532,0,1782359043.8202617,0.0020067691802978516
58146,normal,2235,0,1782359043.8224056,0.00214385986328125
58147,normal,613,0,1782359043.8248386,0.0024330615997314453
58148,normal,2961,0,1782359043.827336,0.002497434616088867
58149,normal,2622,0,1782359043.828036,0.0006999969482421875
58150,normal,1690,0,1782359043.8302739,0.0022377967834472656
58151,normal,2843,0,1782359043.8329353,0.002661466598510742
58152,normal,193,0,1782359043.8344429,0.0015075206756591797
58153,normal,1090,0,1782359043.836721,0.0022780895233154297
58154,normal,711,0,1782359043.8385582,0.0018372535705566406
58155,normal,3398,1,1782359043.8404357,0.0018775463104248047
58156,normal,2389,0,1782359043.8423975,0.0019617080688476562
58157,normal,691,0,1782359043.8442898,0.0018923282623291016
58158,normal,796,2,1782359043.8464487,0.0021588802337646484
58159,normal,2336,0,1782359043.848525,0.002076387405395508
58160,normal,246,0,1782359043.8508995,0.002374410629272461
58161,normal,515,0,1782359043.852614,0.001714468002319336
58162,normal,3378,1,1782359043.8545778,0.0019638538360595703
58163,normal,2176,0,1782359043.857128,0.0025501251220703125
58164,normal,2772,0,1782359043.8589575,0.0018296241760253906
58165,normal,2804,0,1782359043.861112,0.0021545886993408203
58166,normal,1216,0,1782359043.8627977,0.0016856193542480469
58167,normal,2125,0,1782359043.8645852,0.001787424087524414
58168,normal,3525,0,1782359043.8666158,0.002030611038208008
58169,normal,2690,0,1782359043.8692133,0.0025975704193115234
58170,normal,2159,0,1782359043.8700068,0.00079345703125
58171,normal,1929,0,1782359043.8721867,0.002179861068725586
58172,normal,2000,0,1782359043.8745549,0.0023682117462158203
58173,normal,1818,0,1782359043.8764577,0.0019028186798095703
58174,normal,188,0,1782359043.87853,0.0020723342895507812
58175,normal,303,0,1782359043.880537,0.002007007598876953
58176,normal,2210,0,1782359043.8824377,0.0019006729125976562
58177,normal,1299,0,1782359043.88451,0.0020723342895507812
58178,normal,1647,0,1782359043.8858812,0.001371145248413086
58179,normal,1149,0,1782359043.8884008,0.0025196075439453125
58180,normal,2337,0,1782359043.8905263,0.0021255016326904297
58181,normal,1310,0,1782359043.8931327,0.0026063919067382812
58182,normal,2084,0,1782359043.894832,0.001699209213256836
58183,normal,484,0,1782359043.8969316,0.002099752426147461
58184,normal,29,0,1782359043.89879,0.0018582344055175781
58185,normal,1843,0,1782359043.9006443,0.0018544197082519531
58186,normal,1462,0,1782359043.9025705,0.0019261837005615234
58187,normal,378,0,1782359043.9048438,0.0022733211517333984
58188,normal,175,0,1782359043.9066308,0.001786947250366211
58189,normal,2848,0,1782359043.9086423,0.002011537551879883
58190,normal,2657,0,1782359043.9107678,0.0021255016326904297
58191,normal,2484,0,1782359043.9126983,0.0019304752349853516
58192,normal,3225,1,1782359043.9147456,0.002047300338745117
58193,normal,191,0,1782359043.916882,0.0021364688873291016
58194,normal,245,0,1782359043.9187057,0.0018236637115478516
58195,normal,2152,0,1782359043.9207366,0.0020308494567871094
58196,normal,2354,0,1782359043.9226046,0.0018680095672607422
58197,normal,641,0,1782359043.9247854,0.002180814743041992
58198,normal,2283,0,1782359043.9258041,0.0010187625885009766
58199,normal,1231,0,1782359043.9283805,0.0025763511657714844
58200,normal,1917,0,1782359043.930734,0.0023534297943115234
58201,normal,715,0,1782359043.9328954,0.0021615028381347656
58202,normal,585,0,1782359043.934791,0.0018956661224365234
58203,normal,1318,0,1782359043.936467,0.0016758441925048828
58204,normal,2665,0,1782359043.938454,0.001986980438232422
58205,normal,1132,0,1782359043.940466,0.002012014389038086
58206,normal,3184,1,1782359043.9421332,0.0016672611236572266
58207,normal,1944,0,1782359043.9444165,0.002283334732055664
58208,normal,1452,0,1782359043.946835,0.00241851806640625
58209,normal,1327,1,1782359043.948704,0.0018689632415771484
58210,normal,3135,1,1782359043.9507742,0.002070188522338867
58211,normal,1831,0,1782359043.9526553,0.0018811225891113281
58212,normal,113,0,1782359043.9547791,0.0021238327026367188
58213,normal,1844,0,1782359043.9557898,0.0010106563568115234
58214,normal,939,2,1782359043.9583516,0.002561807632446289
58215,normal,2088,0,1782359043.9603655,0.0020139217376708984
58216,normal,497,0,1782359043.9623597,0.0019941329956054688
58217,normal,949,2,1782359043.9643779,0.0020182132720947266
58218,normal,1943,0,1782359043.9661283,0.0017504692077636719
58219,normal,627,0,1782359043.968416,0.002287626266479492
58220,normal,2990,0,1782359043.9703827,0.001966714859008789
58221,normal,109,0,1782359043.9723742,0.0019915103912353516
58222,normal,1260,0,1782359043.9743633,0.001989126205444336
58223,normal,972,2,1782359043.9764829,0.0021195411682128906
58224,normal,3646,0,1782359043.9787085,0.002225637435913086
58225,normal,295,0,1782359043.980773,0.0020644664764404297
58226,normal,2106,0,1782359043.982707,0.001934051513671875
58227,normal,1244,0,1782359043.9847567,0.002049684524536133
58228,normal,96,0,1782359043.986906,0.002149343490600586
58229,normal,2202,0,1782359043.9888244,0.0019183158874511719
58230,normal,1967,0,1782359043.9909356,0.002111196517944336
58231,normal,3075,1,1782359043.9936266,0.002691030502319336
58232,normal,3387,1,1782359043.9937901,0.00016355514526367188
58233,normal,2232,0,1782359043.9967637,0.0029735565185546875
58234,normal,3553,0,1782359043.9989321,0.002168416976928711
58235,normal,1956,0,1782359044.0008235,0.0018913745880126953
58236,normal,3355,1,1782359044.0034451,0.0026216506958007812
58237,normal,2393,0,1782359044.0039394,0.0004942417144775391
58238,normal,1805,0,1782359044.0065563,0.00261688232421875
58239,normal,3319,1,1782359044.0083735,0.0018172264099121094
58240,normal,1076,0,1782359044.0111482,0.0027747154235839844
58241,normal,1833,0,1782359044.0132058,0.0020575523376464844
58242,normal,1012,2,1782359044.0149224,0.00171661376953125
58243,normal,1815,0,1782359044.0176013,0.0026788711547851562
58244,normal,3688,0,1782359044.0177689,0.00016760826110839844
58245,normal,3022,0,1782359044.020355,0.0025861263275146484
58246,normal,2342,0,1782359044.022217,0.0018620491027832031
58247,normal,2008,0,1782359044.025168,0.002950906753540039
58248,normal,1609,0,1782359044.0279202,0.0027523040771484375
58249,normal,3049,1,1782359044.028013,9.274482727050781e-05
58250,normal,1182,0,1782359044.029851,0.0018379688262939453
58251,normal,966,2,1782359044.031884,0.0020329952239990234
58252,normal,1772,0,1782359044.0340302,0.0021462440490722656
58253,normal,2511,0,1782359044.0361772,0.0021469593048095703
58254,normal,2142,0,1782359044.0378006,0.001623392105102539
58255,normal,1588,0,1782359044.0407093,0.0029087066650390625
58256,normal,3285,1,1782359044.0418906,0.0011813640594482422
58257,normal,3129,1,1782359044.0441797,0.0022890567779541016
58258,normal,2970,0,1782359044.0459144,0.0017347335815429688
58259,normal,2561,0,1782359044.0481741,0.0022597312927246094
58260,normal,3649,0,1782359044.0498562,0.0016820430755615234
58261,normal,1940,0,1782359044.0522346,0.0023784637451171875
58262,normal,2450,0,1782359044.0540302,0.0017955303192138672
58263,normal,1160,0,1782359044.0562327,0.0022025108337402344
58264,normal,2211,0,1782359044.058048,0.0018153190612792969
58265,normal,2130,0,1782359044.0602033,0.002155303955078125
58266,normal,2199,0,1782359044.0624545,0.002251148223876953
58267,normal,679,0,1782359044.0638907,0.0014362335205078125
58268,normal,142,0,1782359044.0661826,0.0022919178009033203
58269,normal,1735,0,1782359044.0679617,0.0017790794372558594
58270,normal,964,2,1782359044.070019,0.002057313919067383
58271,normal,1900,0,1782359044.0721788,0.0021598339080810547
58272,normal,3409,0,1782359044.0744693,0.002290487289428711
58273,normal,941,2,1782359044.076225,0.0017557144165039062
58274,normal,1353,1,1782359044.0785735,0.0023484230041503906
58275,normal,1084,0,1782359044.0804048,0.0018312931060791016
58276,normal,3324,1,1782359044.0825474,0.002142667770385742
58277,normal,3611,0,1782359044.0852137,0.0026662349700927734
58278,normal,2274,0,1782359044.0860043,0.0007905960083007812
58279,normal,3391,1,1782359044.0885274,0.002523183822631836
58280,normal,2610,0,1782359044.0907233,0.0021958351135253906
58281,normal,2045,0,1782359044.0925694,0.0018460750579833984
58282,normal,297,0,1782359044.0944402,0.001870870590209961
58283,normal,2101,0,1782359044.0965512,0.0021109580993652344
58284,normal,2874,0,1782359044.0984612,0.0019099712371826172
58285,normal,633,0,1782359044.1008074,0.0023462772369384766
58286,normal,3203,1,1782359044.1030962,0.002288818359375
58287,normal,2714,0,1782359044.1047704,0.0016741752624511719
58288,normal,2257,0,1782359044.107094,0.002323627471923828
58289,normal,2820,0,1782359044.1088123,0.001718282699584961
58290,normal,973,2,1782359044.1105676,0.0017552375793457031
58291,normal,1563,0,1782359044.112561,0.001993417739868164
58292,normal,2127,0,1782359044.1145027,0.001941680908203125
58293,normal,3707,0,1782359044.1164217,0.0019190311431884766
58294,normal,2324,0,1782359044.1184452,0.002023458480834961
58295,normal,2519,0,1782359044.1202514,0.0018062591552734375
58296,normal,2641,0,1782359044.1224673,0.002215862274169922
58297,normal,2027,0,1782359044.124515,0.0020477771759033203
58298,normal,4,0,1782359044.1265297,0.002014636993408203
58299,normal,1503,0,1782359044.128767,0.0022373199462890625
58300,normal,3407,0,1782359044.1306524,0.0018854141235351562
58301,normal,1326,1,1782359044.1328704,0.002218008041381836
58302,normal,2994,0,1782359044.134623,0.001752614974975586
58303,normal,2612,0,1782359044.1366553,0.0020322799682617188
58304,normal,1007,2,1782359044.138101,0.001445770263671875
58305,normal,1924,0,1782359044.1400838,0.0019826889038085938
58306,normal,2433,0,1782359044.1422055,0.0021216869354248047
58307,normal,1050,0,1782359044.143972,0.0017664432525634766
58308,normal,2515,0,1782359044.1460657,0.002093791961669922
58309,normal,3305,1,1782359044.1481063,0.0020406246185302734
58310,normal,26,0,1782359044.150093,0.0019867420196533203
58311,normal,2151,0,1782359044.1524928,0.0023996829986572266
58312,normal,3430,0,1782359044.1538765,0.0013837814331054688
58313,normal,205,0,1782359044.156177,0.0023005008697509766
58314,normal,2418,0,1782359044.15786,0.0016829967498779297
58315,normal,461,0,1782359044.160299,0.0024390220642089844
58316,normal,925,2,1782359044.16191,0.0016109943389892578
58317,normal,3294,1,1782359044.164585,0.0026750564575195312
58318,normal,3183,1,1782359044.1658635,0.0012784004211425781
58319,normal,1673,0,1782359044.1681824,0.002318859100341797
58320,normal,2011,0,1782359044.169889,0.0017066001892089844
58321,normal,1852,0,1782359044.17218,0.002290964126586914
58322,normal,2944,0,1782359044.1739094,0.0017294883728027344
58323,normal,547,0,1782359044.1765335,0.002624034881591797
58324,normal,969,2,1782359044.1778662,0.0013327598571777344
58325,normal,2347,0,1782359044.1802998,0.0024335384368896484
58326,normal,958,2,1782359044.18208,0.0017802715301513672
58327,normal,2896,0,1782359044.1839972,0.001917123794555664
58328,normal,3244,1,1782359044.1861103,0.0021131038665771484
58329,normal,828,2,1782359044.188175,0.0020647048950195312
58330,normal,924,2,1782359044.1900024,0.0018274784088134766
58331,normal,164,0,1782359044.1922302,0.002227783203125
58332,normal,1499,0,1782359044.1941395,0.0019092559814453125
58333,normal,1905,0,1782359044.1961725,0.0020329952239990234
58334,normal,3208,1,1782359044.1981628,0.0019903182983398438
58335,normal,1853,0,1782359044.1998649,0.0017020702362060547
58336,normal,935,2,1782359044.2021809,0.002315998077392578
58337,normal,1792,0,1782359044.2039702,0.0017893314361572266
58338,normal,2280,0,1782359044.2064593,0.0024890899658203125
58339,normal,1936,0,1782359044.2078822,0.001422882080078125
58340,normal,192,0,1782359044.2101934,0.002311229705810547
58341,normal,2551,0,1782359044.21188,0.0016865730285644531
58342,normal,1359,1,1782359044.2142143,0.0023343563079833984
58343,normal,181,0,1782359044.215856,0.0016417503356933594
58344,normal,2089,0,1782359044.2181368,0.002280712127685547
58345,normal,962,2,1782359044.2198787,0.0017418861389160156
58346,normal,576,0,1782359044.2235844,0.003705739974975586
58347,normal,1218,0,1782359044.2240942,0.0005097389221191406
58348,normal,3108,1,1782359044.226024,0.0019297599792480469
58349,normal,1077,0,1782359044.2280674,0.002043485641479492
58350,normal,123,0,1782359044.2303896,0.0023221969604492188
58351,normal,402,0,1782359044.2320235,0.0016338825225830078
58352,normal,2113,0,1782359044.234074,0.002050638198852539
58353,normal,487,0,1782359044.2360103,0.001936197280883789
58354,normal,786,2,1782359044.2378855,0.001875162124633789
58355,normal,637,0,1782359044.2401807,0.002295255661010742
58356,normal,800,2,1782359044.2418637,0.0016829967498779297
58357,normal,1904,0,1782359044.2442193,0.0023555755615234375
58358,normal,270,0,1782359044.245903,0.0016837120056152344
58359,normal,3202,1,1782359044.2487528,0.0028498172760009766
58360,normal,3070,1,1782359044.2498837,0.001130819320678711
58361,normal,2718,0,1782359044.2521887,0.0023050308227539062
58362,normal,3615,0,1782359044.253882,0.0016932487487792969
58363,normal,843,2,1782359044.2562256,0.0023436546325683594
58364,normal,1225,0,1782359044.2578964,0.00167083740234375
58365,normal,1332,1,1782359044.2606237,0.0027272701263427734
58366,normal,1383,0,1782359044.2618847,0.001260995864868164
58367,normal,228,0,1782359044.2642756,0.0023908615112304688
58368,normal,3659,0,1782359044.2658815,0.001605987548828125
58369,normal,3005,0,1782359044.2681015,0.0022199153900146484
58370,normal,2825,0,1782359044.270133,0.002031564712524414
58371,normal,1869,0,1782359044.2718527,0.0017197132110595703
58372,normal,333,0,1782359044.2742229,0.002370119094848633
58373,normal,1565,0,1782359044.2762284,0.0020055770874023438
58374,normal,1422,0,1782359044.2783573,0.0021288394927978516
58375,normal,3636,0,1782359044.2801905,0.001833200454711914
58376,normal,1171,0,1782359044.281921,0.0017304420471191406
58377,normal,2595,0,1782359044.283973,0.0020520687103271484
58378,normal,1138,0,1782359044.286103,0.0021300315856933594
58379,normal,3062,1,1782359044.2880108,0.0019078254699707031
58380,normal,2932,0,1782359044.2900233,0.002012491226196289
58381,normal,2316,0,1782359044.2922344,0.0022110939025878906
58382,normal,1722,0,1782359044.294057,0.0018224716186523438
58383,normal,79,0,1782359044.2965446,0.002487659454345703
58384,normal,35,0,1782359044.297879,0.0013344287872314453
58385,normal,2728,0,1782359044.3001828,0.0023038387298583984
58386,normal,2156,0,1782359044.3018758,0.0016930103302001953
58387,normal,3639,0,1782359044.304188,0.002312183380126953
58388,normal,2756,0,1782359044.3058898,0.0017018318176269531
58389,normal,595,0,1782359044.3082657,0.0023758411407470703
58390,normal,726,0,1782359044.3100014,0.001735687255859375
58391,normal,1572,0,1782359044.3120844,0.0020830631256103516
58392,normal,2136,0,1782359044.3139973,0.001912832260131836
58393,normal,1227,0,1782359044.3158655,0.0018682479858398438
58394,normal,1384,0,1782359044.3182957,0.0024302005767822266
58395,normal,1493,0,1782359044.3200421,0.0017464160919189453
58396,normal,2652,0,1782359044.3219993,0.0019571781158447266
58397,normal,2033,0,1782359044.3240726,0.0020732879638671875
58398,normal,1417,0,1782359044.326531,0.002458333969116211
58399,normal,1223,0,1782359044.3278863,0.0013554096221923828
58400,normal,2524,0,1782359044.3302925,0.0024061203002929688
58401,normal,1025,2,1782359044.332065,0.0017726421356201172
58402,normal,1721,0,1782359044.333966,0.0019009113311767578
58403,normal,11,0,1782359044.336051,0.002084970474243164
58404,normal,3578,0,1782359044.3379653,0.0019142627716064453
58405,normal,1321,1,1782359044.3400846,0.002119302749633789
58406,normal,2947,0,1782359044.3420002,0.0019156932830810547
58407,normal,2855,0,1782359044.3446517,0.0026514530181884766
58408,normal,877,2,1782359044.3459036,0.0012519359588623047
58409,normal,951,2,1782359044.3482647,0.0023610591888427734
58410,normal,2878,0,1782359044.349905,0.00164031982421875
58411,normal,3613,0,1782359044.351928,0.002022981643676758
58412,normal,3657,0,1782359044.3541682,0.0022401809692382812
58413,normal,3194,1,1782359044.3558664,0.0016982555389404297
58414,normal,418,0,1782359044.3582327,0.002366304397583008
58415,normal,1700,0,1782359044.3599992,0.0017664432525634766
58416,normal,1791,0,1782359044.3620517,0.0020525455474853516
58417,normal,943,2,1782359044.3641057,0.002053976058959961
58418,normal,2747,0,1782359044.3662016,0.002095937728881836
58419,normal,425,0,1782359044.3678648,0.0016632080078125
58420,normal,3560,0,1782359044.3702323,0.0023674964904785156
58421,normal,2927,0,1782359044.3737206,0.003488302230834961
58422,normal,1466,0,1782359044.373861,0.0001404285430908203
58423,normal,1354,1,1782359044.3761756,0.0023145675659179688
58424,normal,2793,0,1782359044.3783486,0.0021729469299316406
58425,normal,1482,0,1782359044.3806102,0.002261638641357422
58426,normal,1863,0,1782359044.3827138,0.002103567123413086
58427,normal,1463,0,1782359044.3851225,0.002408742904663086
58428,normal,1584,0,1782359044.3868403,0.0017178058624267578
58429,normal,2859,0,1782359044.3887932,0.0019528865814208984
58430,normal,284,0,1782359044.3912358,0.002442598342895508
58431,normal,2006,0,1782359044.3920991,0.0008633136749267578
58432,normal,2782,0,1782359044.394235,0.002135753631591797
58433,normal,734,0,1782359044.3970716,0.0028367042541503906
58434,normal,2388,0,1782359044.3997579,0.0026862621307373047
58435,normal,3459,0,1782359044.3998914,0.000133514404296875
58436,normal,559,0,1782359044.4021645,0.002273082733154297
58437,normal,2847,0,1782359044.4041643,0.0019998550415039062
58438,normal,3209,1,1782359044.4064543,0.002290010452270508
58439,normal,3268,1,1782359044.4082656,0.0018112659454345703
58440,normal,1822,0,1782359044.4102113,0.0019457340240478516
58441,normal,3198,1,1782359044.41264,0.002428770065307617
58442,normal,1250,0,1782359044.4145207,0.001880645751953125
58443,normal,3502,0,1782359044.4163837,0.0018630027770996094
58444,normal,2576,0,1782359044.418495,0.002111196517944336
58445,normal,789,2,1782359044.4202561,0.0017611980438232422
58446,normal,1289,0,1782359044.4222476,0.0019915103912353516
58447,normal,151,0,1782359044.4242914,0.0020437240600585938
58448,normal,458,0,1782359044.426388,0.0020966529846191406
58449,normal,2619,0,1782359044.428273,0.0018849372863769531
58450,normal,778,2,1782359044.4301653,0.0018923282623291016
58451,normal,2588,0,1782359044.4324467,0.0022814273834228516
58452,normal,3475,0,1782359044.4342964,0.0018496513366699219
58453,normal,1795,0,1782359044.4362693,0.0019729137420654297
58454,normal,1747,0,1782359044.4387596,0.0024902820587158203
58455,normal,2378,0,1782359044.4405038,0.0017442703247070312
58456,normal,3000,0,1782359044.4421694,0.0016655921936035156
58457,normal,2721,0,1782359044.444462,0.002292633056640625
58458,normal,3235,1,1782359044.446447,0.001984834671020508
58459,normal,1456,0,1782359044.4481552,0.0017082691192626953
58460,normal,1650,0,1782359044.4505053,0.0023500919342041016
58461,normal,3350,1,1782359044.4524474,0.0019421577453613281
58462,normal,1711,0,1782359044.4544013,0.0019538402557373047
58463,normal,2260,0,1782359044.456509,0.002107858657836914
58464,normal,2735,0,1782359044.4585953,0.002086162567138672
58465,normal,852,2,1782359044.460408,0.0018126964569091797
58466,normal,214,0,1782359044.4624684,0.002060413360595703
58467,normal,1272,0,1782359044.464563,0.0020945072174072266
58468,normal,847,2,1782359044.4668028,0.0022399425506591797
58469,normal,2441,0,1782359044.4685059,0.001703023910522461
58470,normal,573,0,1782359044.470489,0.001983165740966797
58471,normal,1971,0,1782359044.4725513,0.0020623207092285156
58472,normal,1817,0,1782359044.4744701,0.001918792724609375
58473,normal,2865,0,1782359044.4764936,0.002023458480834961
58474,normal,1906,0,1782359044.478842,0.0023484230041503906
58475,normal,1728,0,1782359044.4811811,0.0023391246795654297
58476,normal,1866,0,1782359044.4828787,0.001697540283203125
58477,normal,1903,0,1782359044.4849372,0.0020585060119628906
58478,normal,2599,0,1782359044.4871416,0.002204418182373047
58479,normal,217,0,1782359044.4889302,0.0017886161804199219
58480,normal,1036,0,1782359044.4899085,0.000978231430053711
58481,normal,3197,1,1782359044.4927285,0.0028200149536132812
58482,normal,208,0,1782359044.4945562,0.0018277168273925781
58483,normal,2023,0,1782359044.4962227,0.0016665458679199219
58484,normal,1371,1,1782359044.4982686,0.002045869827270508
58485,normal,163,0,1782359044.500313,0.0020444393157958984
58486,normal,2673,0,1782359044.5027933,0.0024802684783935547
58487,normal,448,0,1782359044.5047789,0.0019855499267578125
58488,normal,631,0,1782359044.5065598,0.0017809867858886719
58489,normal,1965,0,1782359044.5081613,0.0016014575958251953
58490,normal,3380,1,1782359044.510155,0.0019936561584472656
58491,normal,2567,0,1782359044.5124736,0.0023186206817626953
58492,normal,563,0,1782359044.5147507,0.0022771358489990234
58493,normal,1402,0,1782359044.5165563,0.0018055438995361328
58494,normal,483,0,1782359044.5184548,0.0018985271453857422
58495,normal,826,2,1782359044.520195,0.0017402172088623047
58496,normal,2912,0,1782359044.5232325,0.0030374526977539062
58497,normal,338,0,1782359044.5240173,0.0007848739624023438
58498,normal,1135,0,1782359044.5261621,0.0021448135375976562
58499,normal,1522,0,1782359044.5285559,0.0023937225341796875
58500,normal,1240,0,1782359044.5305183,0.001962423324584961
58501,normal,1847,0,1782359044.5328128,0.0022945404052734375
58502,normal,3277,1,1782359044.5351336,0.0023207664489746094
58503,normal,2118,0,1782359044.5368052,0.0016715526580810547
58504,normal,2137,0,1782359044.5391705,0.0023653507232666016
58505,normal,3019,0,1782359044.5408494,0.0016789436340332031
58506,normal,2893,0,1782359044.5425353,0.0016858577728271484
58507,normal,2374,0,1782359044.5444431,0.0019078254699707031
58508,normal,1921,0,1782359044.5467408,0.002297639846801758
58509,normal,1760,0,1782359044.5485485,0.0018076896667480469
58510,normal,1569,0,1782359044.550147,0.0015985965728759766
58511,normal,2682,0,1782359044.552531,0.0023839473724365234
58512,normal,3347,1,1782359044.5546262,0.0020952224731445312
58513,normal,1878,0,1782359044.5567436,0.0021173954010009766
58514,normal,3161,1,1782359044.5578742,0.0011305809020996094
58515,normal,2364,0,1782359044.5600083,0.002134084701538086
58516,normal,616,0,1782359044.5618572,0.0018489360809326172
58517,normal,197,0,1782359044.5644429,0.0025856494903564453
58518,normal,3610,0,1782359044.5658827,0.001439809799194336
58519,normal,3039,0,1782359044.5681772,0.0022945404052734375
58520,normal,3628,0,1782359044.5699322,0.0017549991607666016
58521,normal,3496,0,1782359044.5729241,0.002991914749145508
58522,normal,1406,0,1782359044.5739026,0.0009784698486328125
58523,normal,557,0,1782359044.5761628,0.0022602081298828125
58524,normal,3673,0,1782359044.5778694,0.0017066001892089844
58525,normal,2584,0,1782359044.5802324,0.002362966537475586
58526,normal,706,0,1782359044.5819025,0.0016701221466064453
58527,normal,344,0,1782359044.5844243,0.0025217533111572266
58528,normal,1809,0,1782359044.585903,0.0014786720275878906
58529,normal,3413,0,1782359044.588183,0.002279996871948242
58530,normal,1134,0,1782359044.5898576,0.001674652099609375
58531,normal,562,0,1782359044.5922303,0.00237274169921875
58532,normal,1183,0,1782359044.5939102,0.0016798973083496094
58533,normal,3003,0,1782359044.596394,0.002483844757080078
58534,normal,1727,0,1782359044.59791,0.0015158653259277344
58535,normal,1930,0,1782359044.6002002,0.0022902488708496094
58536,normal,2640,0,1782359044.60186,0.0016598701477050781
58537,normal,2955,0,1782359044.6042414,0.0023813247680664062
58538,normal,757,0,1782359044.6059625,0.0017211437225341797
58539,normal,622,0,1782359044.6083453,0.0023827552795410156
58540,normal,2124,0,1782359044.6099136,0.0015683174133300781
58541,normal,1781,0,1782359044.6121829,0.002269268035888672
58542,normal,3507,0,1782359044.61389,0.0017070770263671875
58543,normal,1537,0,1782359044.6162214,0.0023314952850341797
58544,normal,1989,0,1782359044.6179004,0.0016789436340332031
58545,normal,2792,0,1782359044.6205807,0.0026803016662597656
58546,normal,132,0,1782359044.6219432,0.0013625621795654297
58547,normal,486,0,1782359044.624184,0.0022406578063964844
58548,normal,144,0,1782359044.6258783,0.0016944408416748047
58549,normal,1195,0,1782359044.6282556,0.0023772716522216797
58550,normal,2752,0,1782359044.6299994,0.0017437934875488281
58551,normal,2148,0,1782359044.6320462,0.002046823501586914
58552,normal,1574,0,1782359044.6339703,0.0019240379333496094
58553,normal,102,0,1782359044.6372046,0.003234386444091797
58554,normal,3023,0,1782359044.6380324,0.000827789306640625
58555,normal,1444,0,1782359044.6401093,0.002076864242553711
58556,normal,3163,1,1782359044.6419744,0.0018651485443115234
58557,normal,2300,0,1782359044.6438696,0.0018951892852783203
58558,normal,2771,0,1782359044.6462862,0.0024166107177734375
58559,normal,2344,0,1782359044.648022,0.001735687255859375
58560,normal,2327,0,1782359044.6503265,0.002304553985595703
58561,normal,755,0,1782359044.6523557,0.0020291805267333984
58562,normal,2186,0,1782359044.6545615,0.0022058486938476562
58563,normal,3658,0,1782359044.6565967,0.0020351409912109375
58564,normal,1732,0,1782359044.6580539,0.00145721435546875
58565,normal,1816,0,1782359044.6603072,0.002253293991088867
58566,normal,2764,0,1782359044.6618698,0.0015625953674316406
58567,normal,1506,0,1782359044.6642294,0.002359628677368164
58568,normal,1751,0,1782359044.665904,0.001674652099609375
58569,normal,262,0,1782359044.668833,0.0029289722442626953
58570,normal,1125,0,1782359044.6698945,0.0010614395141601562
58571,normal,1789,0,1782359044.6721964,0.002301931381225586
58572,normal,1803,0,1782359044.6738734,0.0016770362854003906
58573,normal,2758,0,1782359044.6762133,0.0023398399353027344
58574,normal,1355,1,1782359044.6778905,0.0016772747039794922
58575,normal,1300,0,1782359044.6801827,0.002292156219482422
58576,normal,2672,0,1782359044.6818957,0.0017130374908447266
58577,normal,1694,0,1782359044.6841733,0.0022776126861572266
58578,normal,525,0,1782359044.6861873,0.0020139217376708984
58579,normal,1617,0,1782359044.6880276,0.001840353012084961
58580,normal,224,0,1782359044.6901636,0.0021359920501708984
58581,normal,370,0,1782359044.691872,0.0017082691192626953
58582,normal,3238,1,1782359044.694223,0.002351045608520508
58583,normal,419,0,1782359044.695886,0.0016629695892333984
58584,normal,3204,1,1782359044.6986568,0.0027709007263183594
58585,normal,493,0,1782359044.6998665,0.0012097358703613281
58586,normal,2448,0,1782359044.7021794,0.002312898635864258
58587,normal,2803,0,1782359044.703874,0.0016946792602539062
58588,normal,1000,2,1782359044.706189,0.0023148059844970703
58589,normal,273,0,1782359044.7078931,0.0017042160034179688
58590,normal,446,0,1782359044.7100563,0.0021631717681884766
58591,normal,3696,0,1782359044.711999,0.0019426345825195312
58592,normal,2710,0,1782359044.7141702,0.0021712779998779297
58593,normal,1428,0,1782359044.7158775,0.001707315444946289
58594,normal,3401,1,1782359044.718198,0.002320528030395508
58595,normal,2513,0,1782359044.719927,0.0017290115356445312
58596,normal,582,0,1782359044.7227237,0.002796649932861328
58597,normal,3151,1,1782359044.724637,0.001913309097290039
58598,normal,1704,0,1782359044.7269425,0.0023055076599121094
58599,normal,20,0,1782359044.7287269,0.0017843246459960938
58600,normal,3368,1,1782359044.7305865,0.0018596649169921875
58601,normal,2240,0,1782359044.733106,0.002519369125366211
58602,normal,3256,1,1782359044.734846,0.0017402172088623047
58603,normal,3558,0,1782359044.736779,0.0019328594207763672
58604,normal,1636,0,1782359044.7391322,0.002353191375732422
58605,normal,1398,0,1782359044.7408996,0.0017673969268798828
58606,normal,3182,1,1782359044.7429168,0.0020172595977783203
58607,normal,244,0,1782359044.7451167,0.002199888229370117
58608,normal,2120,0,1782359044.7468452,0.0017285346984863281
58609,normal,2047,0,1782359044.7480972,0.0012519359588623047
58610,normal,3252,1,1782359044.7503242,0.0022270679473876953
58611,normal,1468,0,1782359044.752761,0.0024366378784179688
58612,normal,2850,0,1782359044.7547984,0.002037525177001953
58613,normal,2307,0,1782359044.7571623,0.002363920211791992
58614,normal,2683,0,1782359044.7589304,0.0017681121826171875
58615,normal,3447,0,1782359044.7607775,0.0018470287322998047
58616,normal,3185,1,1782359044.7631323,0.002354860305786133
58617,normal,154,0,1782359044.7648818,0.0017495155334472656
58618,normal,3423,0,1782359044.766027,0.0011451244354248047
58619,normal,2617,0,1782359044.7682412,0.002214193344116211
58620,normal,3690,0,1782359044.7698567,0.0016155242919921875
58621,normal,169,0,1782359044.7721393,0.0022826194763183594
58622,normal,830,2,1782359044.7739697,0.0018303394317626953
58623,normal,368,0,1782359044.77604,0.0020704269409179688
58624,normal,1291,0,1782359044.777975,0.0019350051879882812
58625,normal,3186,1,1782359044.7801468,0.002171754837036133
58626,normal,73,0,1782359044.7818496,0.0017027854919433594
58627,normal,218,0,1782359044.784153,0.0023033618927001953
58628,normal,2296,0,1782359044.7868416,0.0026886463165283203
58629,normal,3125,1,1782359044.7882173,0.0013756752014160156
58630,normal,2465,0,1782359044.7908,0.0025827884674072266
58631,normal,2181,0,1782359044.793107,0.0023069381713867188
58632,normal,785,2,1782359044.7948606,0.0017535686492919922
58633,normal,1657,0,1782359044.7967646,0.0019040107727050781
58634,normal,2999,0,1782359044.7978768,0.001112222671508789
58635,normal,52,0,1782359044.800175,0.002298116683959961
58636,normal,2528,0,1782359044.8019154,0.0017404556274414062
58637,normal,17,0,1782359044.804214,0.002298593521118164
58638,normal,41,0,1782359044.8058565,0.001642465591430664
58639,normal,2472,0,1782359044.80823,0.0023734569549560547
58640,normal,316,0,1782359044.809912,0.0016820430755615234
58641,normal,3534,0,1782359044.8128045,0.0028924942016601562
58642,normal,2256,0,1782359044.8146923,0.0018877983093261719
58643,normal,3342,1,1782359044.8170328,0.002340555191040039
58644,normal,459,0,1782359044.8187978,0.0017650127410888672
58645,normal,3056,1,1782359044.8206367,0.0018389225006103516
58646,normal,3624,0,1782359044.8225873,0.0019505023956298828
58647,normal,2166,0,1782359044.8244555,0.0018682479858398438
58648,normal,1282,0,1782359044.826408,0.0019524097442626953
58649,normal,1199,0,1782359044.8282547,0.0018467903137207031
58650,normal,2774,0,1782359044.8304942,0.0022394657135009766
58651,normal,2888,0,1782359044.8327672,0.002273082733154297
58652,normal,2054,0,1782359044.8345504,0.001783132553100586
58653,normal,2886,0,1782359044.8364189,0.0018684864044189453
58654,normal,3359,1,1782359044.8386269,0.0022079944610595703
58655,normal,1580,0,1782359044.8405786,0.0019516944885253906
58656,normal,2518,0,1782359044.842452,0.0018734931945800781
58657,normal,776,2,1782359044.8444126,0.0019605159759521484
58658,normal,2548,0,1782359044.8464072,0.001994609832763672
58659,normal,2481,0,1782359044.8487878,0.0023806095123291016
58660,normal,196,0,1782359044.8507426,0.001954793930053711
58661,normal,75,0,1782359044.8525,0.0017573833465576172
58662,normal,3529,0,1782359044.8544576,0.0019576549530029297
58663,normal,248,0,1782359044.8564065,0.0019488334655761719
58664,normal,2579,0,1782359044.858196,0.0017895698547363281
58665,normal,2384,0,1782359044.8598986,0.0017025470733642578
58666,normal,3550,0,1782359044.8622153,0.002316713333129883
58667,normal,45,0,1782359044.863969,0.0017538070678710938
58668,normal,917,2,1782359044.8665748,0.0026056766510009766
58669,normal,912,2,1782359044.8678782,0.0013034343719482422
58670,normal,3593,0,1782359044.8701725,0.002294301986694336
58671,normal,3295,1,1782359044.8718655,0.0016930103302001953
58672,normal,56,0,1782359044.874267,0.002401590347290039
58673,normal,2827,0,1782359044.8758962,0.0016291141510009766
58674,normal,920,2,1782359044.8780487,0.0021524429321289062
58675,normal,3174,1,1782359044.879919,0.0018703937530517578
58676,normal,2992,0,1782359044.8821669,0.0022478103637695312
58677,normal,2173,0,1782359044.8842762,0.0021092891693115234
58678,normal,1546,0,1782359044.886062,0.0017857551574707031
58679,normal,2188,0,1782359044.8879902,0.0019283294677734375
58680,normal,2881,0,1782359044.890483,0.002492666244506836
58681,normal,3420,0,1782359044.8919399,0.0014569759368896484
58682,normal,1034,0,1782359044.8941753,0.00223541259765625
58683,normal,3227,1,1782359044.8958776,0.0017023086547851562
58684,normal,1640,0,1782359044.8982463,0.0023686885833740234
58685,normal,2909,0,1782359044.8998861,0.0016398429870605469
58686,normal,2017,0,1782359044.9021773,0.0022912025451660156
58687,normal,2642,0,1782359044.9039426,0.0017652511596679688
58688,normal,1648,0,1782359044.9071348,0.0031921863555908203
58689,normal,475,0,1782359044.9080315,0.0008966922760009766
58690,normal,730,0,1782359044.9101062,0.002074718475341797
58691,normal,15,0,1782359044.912071,0.0019648075103759766
58692,normal,3155,1,1782359044.913968,0.0018970966339111328
58693,normal,1829,0,1782359044.9161406,0.0021724700927734375
58694,normal,2559,0,1782359044.9179761,0.0018355846405029297
58695,normal,3509,0,1782359044.9200587,0.0020825862884521484
58696,normal,984,2,1782359044.9220722,0.0020134449005126953
58697,normal,2317,0,1782359044.9242084,0.00213623046875
58698,normal,1028,2,1782359044.926766,0.002557516098022461
58699,normal,3066,1,1782359044.9287803,0.0020143985748291016
58700,normal,934,2,1782359044.9309483,0.002167940139770508
58701,normal,2165,0,1782359044.9327006,0.0017523765563964844
58702,normal,3661,0,1782359044.9347575,0.0020568370819091797
58703,normal,508,0,1782359044.936615,0.0018575191497802734
58704,normal,855,2,1782359044.9385486,0.0019335746765136719
58705,normal,2379,0,1782359044.9405446,0.0019960403442382812
58706,normal,543,0,1782359044.942435,0.001890420913696289
58707,normal,2158,0,1782359044.9444516,0.0020165443420410156
58708,normal,812,2,1782359044.9466088,0.0021572113037109375
58709,normal,1331,1,1782359044.9485435,0.0019347667694091797
58710,normal,3241,1,1782359044.9504495,0.0019059181213378906
58711,normal,106,0,1782359044.9524071,0.0019576549530029297
58712,normal,2568,0,1782359044.9542537,0.0018465518951416016
58713,normal,2861,0,1782359044.9565058,0.0022521018981933594
58714,normal,1895,0,1782359044.9588683,0.002362489700317383
58715,normal,2998,0,1782359044.959904,0.0010356903076171875
58716,normal,2937,0,1782359044.9624019,0.0024979114532470703
58717,normal,742,0,1782359044.964405,0.002003192901611328
58718,normal,1558,0,1782359044.9665473,0.002142190933227539
58719,normal,2700,0,1782359044.968455,0.0019078254699707031
58720,normal,2785,0,1782359044.9701748,0.0017197132110595703
58721,normal,2007,0,1782359044.9721813,0.00200653076171875
58722,normal,2153,0,1782359044.974756,0.0025746822357177734
58723,normal,1379,1,1782359044.9767864,0.0020303726196289062
58724,normal,634,0,1782359044.9785526,0.001766204833984375
58725,normal,3146,1,1782359044.9804654,0.001912832260131836
58726,normal,611,0,1782359044.9821723,0.001706838607788086
58727,normal,2394,0,1782359044.9844952,0.0023229122161865234
58728,normal,120,0,1782359044.9864402,0.0019450187683105469
58729,normal,545,0,1782359044.9884267,0.0019865036010742188
58730,normal,3428,0,1782359044.9905503,0.002123594284057617
58731,normal,1513,0,1782359044.9924765,0.0019261837005615234
58732,normal,2055,0,1782359044.9944115,0.0019350051879882812
58733,normal,744,0,1782359044.996015,0.0016036033630371094
58734,normal,3372,1,1782359044.9985359,0.0025207996368408203
58735,normal,2885,0,1782359045.0007336,0.002197742462158203
58736,normal,3396,1,1782359045.0035198,0.0027861595153808594
58737,normal,772,2,1782359045.0038571,0.00033736228942871094
58738,normal,2833,0,1782359045.006295,0.0024378299713134766
58739,normal,2133,0,1782359045.0083358,0.002040863037109375
58740,normal,395,0,1782359045.0104728,0.0021369457244873047
58741,normal,2497,0,1782359045.0118682,0.0013954639434814453
58742,normal,3048,1,1782359045.0141847,0.0023164749145507812
58743,normal,1750,0,1782359045.0158718,0.0016870498657226562
58744,normal,236,0,1782359045.0182226,0.0023508071899414062
58745,normal,2846,0,1782359045.0199149,0.0016922950744628906
58746,normal,2272,0,1782359045.0221512,0.0022363662719726562
58747,normal,1521,0,1782359045.0238557,0.0017044544219970703
58748,normal,3137,1,1782359045.026175,0.0023193359375
58749,normal,3179,1,1782359045.0278838,0.0017087459564208984
58750,normal,302,0,1782359045.030001,0.002117156982421875
58751,normal,2216,0,1782359045.0318377,0.0018367767333984375
58752,normal,230,0,1782359045.0339172,0.002079486846923828
58753,normal,1786,0,1782359045.0362015,0.0022842884063720703
58754,normal,2633,0,1782359045.037932,0.0017304420471191406
58755,normal,2604,0,1782359045.0401347,0.002202749252319336
58756,normal,1278,0,1782359045.04214,0.002005338668823242
58757,normal,2574,0,1782359045.044187,0.0020470619201660156
58758,normal,72,0,1782359045.045848,0.0016608238220214844
58759,normal,3675,0,1782359045.048011,0.0021631717681884766
58760,normal,752,0,1782359045.0499492,0.0019381046295166016
58761,normal,3282,1,1782359045.0518298,0.001880645751953125
58762,normal,584,0,1782359045.0538883,0.0020585060119628906
58763,normal,3014,0,1782359045.0559938,0.0021054744720458984
58764,normal,1253,0,1782359045.0578442,0.0018503665924072266
58765,normal,3044,0,1782359045.0600069,0.0021626949310302734
58766,normal,965,2,1782359045.061999,0.0019922256469726562
58767,normal,761,0,1782359045.0638318,0.001832723617553711
58768,normal,3440,0,1782359045.065949,0.002117156982421875
58769,normal,2161,0,1782359045.067974,0.002025127410888672
58770,normal,3128,1,1782359045.0698133,0.0018391609191894531
58771,normal,2479,0,1782359045.0719733,0.0021600723266601562
58772,normal,1603,0,1782359045.0739489,0.001975536346435547
58773,normal,3647,0,1782359045.0758317,0.001882791519165039
58774,normal,626,0,1782359045.0779655,0.0021338462829589844
58775,normal,764,0,1782359045.0799568,0.00199127197265625
58776,normal,881,2,1782359045.0818138,0.0018570423126220703
58777,normal,1861,0,1782359045.0839682,0.0021543502807617188
58778,normal,3676,0,1782359045.085951,0.0019829273223876953
58779,normal,223,0,1782359045.0878277,0.0018765926361083984
58780,normal,1531,0,1782359045.0899608,0.0021331310272216797
58781,normal,542,0,1782359045.0919733,0.002012491226196289
58782,normal,2349,0,1782359045.093815,0.0018417835235595703
58783,normal,1104,0,1782359045.0959702,0.0021550655364990234
58784,normal,2618,0,1782359045.097961,0.001990795135498047
58785,normal,3078,1,1782359045.0998294,0.0018684864044189453
58786,normal,824,2,1782359045.1020255,0.002196073532104492
58787,normal,1567,0,1782359045.1039395,0.0019140243530273438
58788,normal,1746,0,1782359045.1058354,0.001895904541015625
58789,normal,938,2,1782359045.1080117,0.0021762847900390625
58790,normal,2424,0,1782359045.1099763,0.001964569091796875
58791,normal,1425,0,1782359045.1118114,0.0018351078033447266
58792,normal,931,2,1782359045.113942,0.0021305084228515625
58793,normal,1633,0,1782359045.1159375,0.001995563507080078
58794,normal,2919,0,1782359045.1178904,0.0019528865814208984
58795,normal,891,2,1782359045.1199038,0.0020134449005126953
58796,normal,3257,1,1782359045.1219501,0.002046346664428711
58797,normal,1523,0,1782359045.123826,0.0018758773803710938
58798,normal,3031,0,1782359045.126,0.002173900604248047
58799,normal,495,0,1782359045.127933,0.0019330978393554688
58800,normal,1066,0,1782359045.1298156,0.0018825531005859375
58801,normal,3508,0,1782359045.132021,0.002205371856689453
58802,normal,24,0,1782359045.1339288,0.0019078254699707031
58803,normal,149,0,1782359045.1358302,0.001901388168334961
58804,normal,387,0,1782359045.1379738,0.0021436214447021484
58805,normal,608,0,1782359045.139925,0.0019512176513671875
58806,normal,3644,0,1782359045.1418107,0.0018856525421142578
58807,normal,2432,0,1782359045.143897,0.0020864009857177734
58808,normal,2580,0,1782359045.1459517,0.0020546913146972656
58809,normal,1426,0,1782359045.1478312,0.0018794536590576172
58810,normal,856,2,1782359045.1498904,0.0020592212677001953
58811,normal,2069,0,1782359045.1519654,0.0020749568939208984
58812,normal,2380,0,1782359045.1538117,0.0018463134765625
58813,normal,1874,0,1782359045.1559327,0.0021209716796875
58814,normal,141,0,1782359045.1579566,0.002023935317993164
58815,normal,3704,0,1782359045.1598296,0.001873016357421875
58816,normal,1235,0,1782359045.161948,0.002118349075317383
58817,normal,1292,0,1782359045.1639345,0.0019865036010742188
58818,normal,328,0,1782359045.1658137,0.0018792152404785156
58819,normal,2575,0,1782359045.1678915,0.002077817916870117
58820,normal,1239,0,1782359045.169943,0.0020515918731689453
58821,normal,3634,0,1782359045.171829,0.0018858909606933594
58822,normal,3497,0,1782359045.173893,0.0020639896392822266
58823,normal,1618,0,1782359045.175926,0.0020329952239990234
58824,normal,2217,0,1782359045.1778104,0.00188446044921875
58825,normal,1024,2,1782359045.1798987,0.002088308334350586
58826,normal,1771,0,1782359045.1819432,0.0020444393157958984
58827,normal,2096,0,1782359045.1838384,0.0018951892852783203
58828,normal,538,0,1782359045.1859133,0.0020749568939208984
58829,normal,2116,0,1782359045.187945,0.002031564712524414
58830,normal,1586,0,1782359045.1898284,0.0018835067749023438
58831,normal,709,0,1782359045.191907,0.002078533172607422
58832,normal,860,2,1782359045.1939156,0.002008676528930664
58833,normal,456,0,1782359045.1958117,0.0018961429595947266
58834,normal,14,0,1782359045.1979053,0.0020935535430908203
58835,normal,1400,0,1782359045.2001994,0.0022940635681152344
58836,normal,654,0,1782359045.2018669,0.0016674995422363281
58837,normal,1419,0,1782359045.2041566,0.0022897720336914062
58838,normal,2680,0,1782359045.2059689,0.0018122196197509766
58839,normal,2491,0,1782359045.208044,0.0020751953125
58840,normal,2770,0,1782359045.2099738,0.0019297599792480469
58841,normal,1372,1,1782359045.212138,0.002164125442504883
58842,normal,1393,0,1782359045.2138546,0.00171661376953125
58843,normal,473,0,1782359045.2161603,0.002305746078491211
58844,normal,2520,0,1782359045.2179675,0.0018072128295898438
58845,normal,553,0,1782359045.2200482,0.002080678939819336
58846,normal,3148,1,1782359045.222009,0.00196075439453125
58847,normal,3602,0,1782359045.224125,0.002115964889526367
58848,normal,914,2,1782359045.225857,0.0017321109771728516
58849,normal,2029,0,1782359045.2280142,0.0021572113037109375
58850,normal,3543,0,1782359045.230124,0.0021097660064697266
58851,normal,2304,0,1782359045.231871,0.0017468929290771484
58852,normal,2428,0,1782359045.234165,0.0022940635681152344
58853,normal,832,2,1782359045.23596,0.001795053482055664
58854,normal,1665,0,1782359045.2380295,0.0020694732666015625
58855,normal,8,0,1782359045.2400177,0.0019881725311279297
58856,normal,1293,0,1782359045.2421405,0.0021228790283203125
58857,normal,1074,0,1782359045.2438705,0.0017299652099609375
58858,normal,1538,0,1782359045.246177,0.0023064613342285156
58859,normal,231,0,1782359045.2479627,0.0017857551574707031
58860,normal,2414,0,1782359045.2500308,0.002068042755126953
58861,normal,649,0,1782359045.2520192,0.0019884109497070312
58862,normal,820,2,1782359045.254143,0.0021238327026367188
58863,normal,899,2,1782359045.2558737,0.0017306804656982422
58864,normal,2819,0,1782359045.2581787,0.0023050308227539062
58865,normal,1635,0,1782359045.2599552,0.0017764568328857422
58866,normal,3460,0,1782359045.262049,0.002093791961669922
58867,normal,3446,0,1782359045.2640257,0.0019767284393310547
58868,normal,308,0,1782359045.266153,0.002127408981323242
58869,normal,2717,0,1782359045.2678506,0.001697540283203125
58870,normal,700,0,1782359045.2701788,0.002328157424926758
58871,normal,1765,0,1782359045.2719548,0.001775979995727539
58872,normal,2638,0,1782359045.274064,0.0021092891693115234
58873,normal,1437,0,1782359045.275974,0.0019099712371826172
58874,normal,1764,0,1782359045.2779548,0.0019807815551757812
58875,normal,3349,1,1782359045.2800496,0.002094745635986328
58876,normal,3170,1,1782359045.282035,0.0019855499267578125
58877,normal,3623,0,1782359045.2841365,0.002101421356201172
58878,normal,836,2,1782359045.2858553,0.001718759536743164
58879,normal,1758,0,1782359045.2881238,0.002268552780151367
58880,normal,1191,0,1782359045.2899377,0.0018138885498046875
58881,normal,1993,0,1782359045.292074,0.00213623046875
58882,normal,2009,0,1782359045.2940416,0.0019676685333251953
58883,normal,332,0,1782359045.296148,0.0021064281463623047
58884,normal,3101,1,1782359045.297855,0.001706838607788086
58885,normal,2182,0,1782359045.3002017,0.0023467540740966797
58886,normal,349,0,1782359045.3019989,0.0017971992492675781
58887,normal,477,0,1782359045.3040423,0.002043485641479492
58888,normal,994,2,1782359045.3060446,0.002002239227294922
58889,normal,809,2,1782359045.3082547,0.0022101402282714844
58890,normal,636,0,1782359045.3101099,0.0018551349639892578
58891,normal,2630,0,1782359045.3121083,0.001998424530029297
58892,normal,271,0,1782359045.3149455,0.0028371810913085938
58893,normal,2452,0,1782359045.3161519,0.0012063980102539062
58894,normal,3123,1,1782359045.3180997,0.0019478797912597656
58895,normal,2555,0,1782359045.319852,0.0017523765563964844
58896,normal,1302,0,1782359045.3218787,0.0020265579223632812
58897,normal,2904,0,1782359045.324017,0.002138376235961914
58898,normal,1798,0,1782359045.3259501,0.0019330978393554688
58899,normal,2065,0,1782359045.3278904,0.0019402503967285156
58900,normal,1150,0,1782359045.3299644,0.002074003219604492
58901,normal,3002,0,1782359045.3319328,0.0019683837890625
58902,normal,2914,0,1782359045.333861,0.0019283294677734375
58903,normal,918,2,1782359045.3361955,0.0023343563079833984
58904,normal,392,0,1782359045.3381271,0.0019316673278808594
58905,normal,84,0,1782359045.3398461,0.0017189979553222656
58906,normal,3008,0,1782359045.3419192,0.002073049545288086
58907,normal,3402,0,1782359045.3440437,0.0021245479583740234
58908,normal,3192,1,1782359045.345801,0.0017573833465576172
58909,normal,862,2,1782359045.347959,0.002157926559448242
58910,normal,693,0,1782359045.3498738,0.0019147396087646484
58911,normal,403,0,1782359045.3519158,0.002042055130004883
58912,normal,1541,0,1782359045.3540251,0.0021092891693115234
58913,normal,3249,1,1782359045.3561025,0.002077341079711914
58914,normal,2967,0,1782359045.3579073,0.0018048286437988281
58915,normal,1821,0,1782359045.3600082,0.0021009445190429688
58916,normal,410,0,1782359045.3620074,0.0019991397857666016
58917,normal,629,0,1782359045.3639073,0.0018999576568603516
58918,normal,1133,0,1782359045.3660133,0.0021059513092041016
58919,normal,1767,0,1782359045.3680158,0.0020024776458740234
58920,normal,2615,0,1782359045.369906,0.0018901824951171875
58921,normal,2674,0,1782359045.372024,0.0021181106567382812
58922,normal,3341,1,1782359045.3740191,0.001995086669921875
58923,normal,204,0,1782359045.3758996,0.0018804073333740234
58924,normal,209,0,1782359045.3779485,0.002048969268798828
58925,normal,2692,0,1782359045.3800263,0.002077817916870117
58926,normal,207,0,1782359045.381899,0.0018727779388427734
58927,normal,947,2,1782359045.3840299,0.002130746841430664
58928,normal,2602,0,1782359045.386017,0.0019872188568115234
58929,normal,3201,1,1782359045.3879035,0.0018863677978515625
58930,normal,3329,1,1782359045.3900187,0.0021152496337890625
58931,normal,1106,0,1782359045.3920188,0.002000093460083008
58932,normal,3581,0,1782359045.3938751,0.0018563270568847656
58933,normal,3643,0,1782359045.3960137,0.0021386146545410156
58934,normal,762,0,1782359045.3982491,0.00223541259765625
58935,normal,2805,0,1782359045.4001737,0.0019245147705078125
58936,normal,671,0,1782359045.4026413,0.002467632293701172
58937,normal,607,0,1782359045.403816,0.0011746883392333984
58938,normal,1933,0,1782359045.405969,0.0021529197692871094
58939,normal,346,0,1782359045.407918,0.0019490718841552734
58940,normal,2736,0,1782359045.4100728,0.002154827117919922
58941,normal,1161,0,1782359045.411946,0.0018732547760009766
58942,normal,551,0,1782359045.414072,0.002125978469848633
58943,normal,737,0,1782359045.415901,0.001828908920288086
58944,normal,3588,0,1782359045.4179614,0.002060413360595703
58945,normal,371,0,1782359045.4199982,0.0020368099212646484
58946,normal,3486,0,1782359045.4220932,0.0020949840545654297
58947,normal,1245,0,1782359045.4238298,0.0017366409301757812
58948,normal,2090,0,1782359045.4259968,0.0021669864654541016
58949,normal,2143,0,1782359045.428022,0.002025127410888672
58950,normal,600,0,1782359045.429895,0.001873016357421875
58951,normal,53,0,1782359045.4320009,0.0021059513092041016
58952,normal,1427,0,1782359045.4340088,0.0020079612731933594
58953,normal,3065,1,1782359045.4359176,0.0019087791442871094
58954,normal,1496,0,1782359045.4381874,0.002269744873046875
58955,normal,3701,0,1782359045.4398823,0.0016949176788330078
58956,normal,2095,0,1782359045.441972,0.0020897388458251953
58957,normal,928,2,1782359045.4438813,0.0019092559814453125
58958,normal,293,0,1782359045.4459755,0.002094268798828125
58959,normal,555,0,1782359045.4478827,0.0019071102142333984
58960,normal,2478,0,1782359045.4499962,0.0021135807037353516
58961,normal,1556,0,1782359045.4520466,0.0020503997802734375
58962,normal,3144,1,1782359045.4539473,0.0019006729125976562
58963,normal,1679,0,1782359045.4561102,0.002162933349609375
58964,normal,498,0,1782359045.457949,0.00183868408203125
58965,normal,1685,0,1782359045.4599986,0.002049684524536133
58966,normal,3679,0,1782359045.4618938,0.0018951892852783203
58967,normal,238,0,1782359045.4640265,0.0021326541900634766
58968,normal,2474,0,1782359045.4658637,0.0018372535705566406
58969,normal,1713,0,1782359045.46804,0.0021762847900390625
58970,normal,768,0,1782359045.469946,0.0019059181213378906
58971,normal,1088,0,1782359045.4721413,0.0021953582763671875
58972,normal,256,0,1782359045.4738865,0.0017452239990234375
58973,normal,1220,0,1782359045.476274,0.002387523651123047
58974,normal,2778,0,1782359045.478092,0.001817941665649414
58975,normal,2402,0,1782359045.4801052,0.0020132064819335938
58976,normal,1016,2,1782359045.4821641,0.0020589828491210938
58977,normal,1501,0,1782359045.484097,0.0019328594207763672
58978,normal,222,0,1782359045.48602,0.0019230842590332031
58979,normal,3038,0,1782359045.4879706,0.0019505023956298828
58980,normal,1839,0,1782359045.48986,0.0018894672393798828
58981,normal,2790,0,1782359045.4919467,0.002086639404296875
58982,normal,1850,0,1782359045.4942274,0.002280712127685547
58983,normal,3575,0,1782359045.4957893,0.001561880111694336
58984,normal,2837,0,1782359045.497942,0.002152681350708008
58985,normal,3234,1,1782359045.4999404,0.001998424530029297
58986,normal,2667,0,1782359045.5018744,0.001934051513671875
58987,normal,876,2,1782359045.504526,0.0026514530181884766
58988,normal,1668,0,1782359045.506025,0.001499176025390625
58989,normal,1876,0,1782359045.507894,0.0018689632415771484
58990,normal,2531,0,1782359045.5098653,0.0019712448120117188
58991,normal,3017,0,1782359045.5118933,0.0020279884338378906
58992,normal,3322,1,1782359045.5140197,0.002126455307006836
58993,normal,1412,0,1782359045.5161552,0.0021355152130126953
58994,normal,48,0,1782359045.5179765,0.001821279525756836
58995,normal,617,0,1782359045.5198662,0.0018897056579589844
58996,normal,2806,0,1782359045.52196,0.002093791961669922
58997,normal,3603,0,1782359045.523994,0.0020339488983154297
58998,normal,430,0,1782359045.5259004,0.0019063949584960938
58999,normal,2980,0,1782359045.5280352,0.0021347999572753906
59000,normal,2330,0,1782359045.529999,0.0019638538360595703
59001,normal,3052,1,1782359045.5318902,0.0018911361694335938
59002,normal,1403,0,1782359045.5341916,0.002301454544067383
59003,normal,1373,1,1782359045.535881,0.0016894340515136719
59004,normal,3494,0,1782359045.5380752,0.0021941661834716797
59005,normal,1268,0,1782359045.539907,0.0018317699432373047
59006,normal,2964,0,1782359045.5421453,0.0022382736206054688
59007,normal,2733,0,1782359045.543906,0.001760721206665039
59008,normal,3528,0,1782359045.5459487,0.0020427703857421875
59009,normal,2425,0,1782359045.5480015,0.002052783966064453
59010,normal,2814,0,1782359045.5499556,0.0019540786743164062
59011,normal,345,0,1782359045.5520911,0.0021355152130126953
59012,normal,1100,0,1782359045.5541244,0.002033233642578125
59013,normal,2796,0,1782359045.5559702,0.0018458366394042969
59014,normal,554,0,1782359045.5578783,0.0019080638885498047
59015,normal,3457,0,1782359045.560244,0.0023658275604248047
59016,normal,2788,0,1782359045.5623453,0.0021011829376220703
59017,normal,3579,0,1782359045.5639546,0.0016093254089355469
59018,normal,1557,0,1782359045.5660517,0.0020971298217773438
59019,normal,1111,0,1782359045.5679073,0.001855611801147461
59020,normal,2808,0,1782359045.5699127,0.002005338668823242
59021,normal,1205,0,1782359045.5719619,0.0020492076873779297
59022,normal,50,0,1782359045.5739086,0.0019466876983642578
59023,normal,118,0,1782359045.5760474,0.002138853073120117
59024,normal,2168,0,1782359045.5780928,0.0020453929901123047
59025,normal,431,0,1782359045.5798998,0.0018069744110107422
59026,normal,1315,0,1782359045.5820355,0.002135753631591797
59027,normal,694,0,1782359045.5840456,0.0020101070404052734
59028,normal,1855,0,1782359045.5859942,0.0019485950469970703
59029,normal,849,2,1782359045.5879319,0.0019376277923583984
59030,normal,2578,0,1782359045.5899942,0.0020623207092285156
59031,normal,539,0,1782359045.5918937,0.0018994808197021484
59032,normal,685,0,1782359045.5939913,0.002097606658935547
59033,normal,3302,1,1782359045.5959983,0.002007007598876953
59034,normal,1314,0,1782359045.5978975,0.0018992424011230469
59035,normal,721,0,1782359045.6000173,0.002119779586791992
59036,normal,3264,1,1782359045.6021566,0.0021393299102783203
59037,normal,2163,0,1782359045.6038592,0.0017025470733642578
59038,normal,3630,0,1782359045.60599,0.002130746841430664
59039,normal,3278,1,1782359045.607975,0.0019850730895996094
59040,normal,1224,0,1782359045.609877,0.0019021034240722656
59041,normal,1715,0,1782359045.6119652,0.0020880699157714844
59042,normal,2244,0,1782359045.614038,0.0020728111267089844
59043,normal,130,0,1782359045.6159437,0.001905679702758789
59044,normal,1738,0,1782359045.6181006,0.002156972885131836
59045,normal,763,0,1782359045.620031,0.0019304752349853516
59046,normal,2666,0,1782359045.621909,0.0018777847290039062
59047,normal,548,0,1782359045.623998,0.0020890235900878906
59048,normal,863,2,1782359045.626021,0.002022981643676758
59049,normal,3195,1,1782359045.6278734,0.0018525123596191406
59050,normal,1131,0,1782359045.6299672,0.002093791961669922
59051,normal,2461,0,1782359045.6319618,0.001994609832763672
59052,normal,1031,0,1782359045.634057,0.0020952224731445312
59053,normal,2607,0,1782359045.6358848,0.0018277168273925781
59054,normal,1845,0,1782359045.6381073,0.0022225379943847656
59055,normal,3449,0,1782359045.6400151,0.0019078254699707031
59056,normal,1743,0,1782359045.6422973,0.0022821426391601562
59057,normal,414,0,1782359045.6439638,0.0016665458679199219
59058,normal,956,2,1782359045.6462197,0.0022559165954589844
59059,normal,1055,0,1782359045.6479955,0.0017757415771484375
59060,normal,2075,0,1782359045.6499622,0.001966714859008789
59061,normal,3443,0,1782359045.6518948,0.0019326210021972656
59062,normal,2946,0,1782359045.6538901,0.0019953250885009766
59063,normal,1894,0,1782359045.6561296,0.0022394657135009766
59064,normal,2119,0,1782359045.657879,0.0017495155334472656
59065,normal,2456,0,1782359045.6599467,0.00206756591796875
59066,normal,2449,0,1782359045.6619475,0.0020008087158203125
59067,normal,2969,0,1782359045.6638637,0.0019161701202392578
59068,normal,320,0,1782359045.6660292,0.002165555953979492
59069,normal,3629,0,1782359045.6682155,0.002186298370361328
59070,normal,675,0,1782359045.6699724,0.001756906509399414
59071,normal,472,0,1782359045.6722183,0.0022459030151367188
59072,normal,3248,1,1782359045.6739895,0.0017712116241455078
59073,normal,1112,0,1782359045.6759067,0.001917123794555664
59074,normal,2277,0,1782359045.6778884,0.0019817352294921875
59075,normal,2960,0,1782359045.679976,0.0020875930786132812
59076,normal,1893,0,1782359045.6819382,0.0019621849060058594
59077,normal,3171,1,1782359045.684051,0.002112865447998047
59078,normal,1469,0,1782359045.6859539,0.0019028186798095703
59079,normal,10,0,1782359045.6878655,0.0019116401672363281
59080,normal,1344,1,1782359045.6899652,0.002099752426147461
59081,normal,1680,0,1782359045.692013,0.0020477771759033203
59082,normal,1376,1,1782359045.6938927,0.0018796920776367188
59083,normal,870,2,1782359045.6959772,0.002084493637084961
59084,normal,2514,0,1782359045.6980338,0.002056598663330078
59085,normal,3451,0,1782359045.699882,0.0018482208251953125
59086,normal,2183,0,1782359045.7020476,0.002165555953979492
59087,normal,3267,1,1782359045.7042584,0.002210855484008789
59088,normal,3461,0,1782359045.7059221,0.0016636848449707031
59089,normal,2601,0,1782359045.708121,0.002198934555053711
59090,normal,2824,0,1782359045.7101986,0.0020775794982910156
59091,normal,2545,0,1782359045.711909,0.0017104148864746094
59092,normal,3343,1,1782359045.7139506,0.0020415782928466797
59093,normal,2051,0,1782359045.7160113,0.0020606517791748047
59094,normal,1761,0,1782359045.7179725,0.001961231231689453
59095,normal,599,0,1782359045.7201338,0.002161264419555664
59096,normal,1674,0,1782359045.7222095,0.002075672149658203
59097,normal,3614,0,1782359045.7239687,0.0017592906951904297
59098,normal,2026,0,1782359045.7258744,0.001905679702758789
59099,normal,950,2,1782359045.7283049,0.002430438995361328
59100,normal,2087,0,1782359045.730328,0.0020232200622558594
59101,normal,1914,0,1782359045.731915,0.0015869140625
59102,normal,2367,0,1782359045.733957,0.002042055130004883
59103,normal,243,0,1782359045.735905,0.0019478797912597656
59104,normal,2769,0,1782359045.7380064,0.002101421356201172
59105,normal,1699,0,1782359045.7399635,0.0019571781158447266
59106,normal,1651,0,1782359045.7418709,0.0019073486328125
59107,normal,1502,0,1782359045.7440047,0.0021338462829589844
59108,normal,2041,0,1782359045.7460642,0.002059459686279297
59109,normal,2340,0,1782359045.7479894,0.0019252300262451172
59110,normal,3122,1,1782359045.7499175,0.001928091049194336
59111,normal,110,0,1782359045.7520154,0.0020978450775146484
59112,normal,2223,0,1782359045.7539558,0.0019404888153076172
59113,normal,3503,0,1782359045.7560828,0.002126932144165039
59114,normal,739,0,1782359045.758045,0.0019621849060058594
59115,normal,3686,0,1782359045.7598758,0.0018308162689208984
59116,normal,1005,2,1782359045.7619758,0.0020999908447265625
59117,normal,602,0,1782359045.763976,0.0020003318786621094
59118,normal,2,0,1782359045.76589,0.0019137859344482422
59119,normal,2762,0,1782359045.7679768,0.0020868778228759766
59120,normal,3299,1,1782359045.7700043,0.0020275115966796875
59121,normal,2056,0,1782359045.7718878,0.0018835067749023438
59122,normal,1576,0,1782359045.774001,0.0021131038665771484
59123,normal,453,0,1782359045.776094,0.002093076705932617
59124,normal,2826,0,1782359045.7778227,0.0017287731170654297
59125,normal,799,2,1782359045.7799726,0.002149820327758789
59126,normal,3317,1,1782359045.7819676,0.001995086669921875
59127,normal,3340,1,1782359045.7838755,0.0019078254699707031
59128,normal,2480,0,1782359045.7859647,0.002089262008666992
59129,normal,2875,0,1782359045.788027,0.0020623207092285156
59130,normal,1124,0,1782359045.7899218,0.0018947124481201172
59131,normal,2623,0,1782359045.7920926,0.0021708011627197266
59132,normal,3376,1,1782359045.7940698,0.001977205276489258
59133,normal,2509,0,1782359045.7959108,0.0018410682678222656
59134,normal,2810,0,1782359045.7980192,0.002108335494995117
59135,normal,2298,0,1782359045.8000486,0.0020294189453125
59136,normal,808,2,1782359045.8018672,0.0018186569213867188
59137,normal,1555,0,1782359045.8039641,0.002096891403198242
59138,normal,1659,0,1782359045.8059573,0.0019931793212890625
59139,normal,2570,0,1782359045.808163,0.0022056102752685547
59140,normal,701,0,1782359045.809863,0.0017001628875732422
59141,normal,3193,1,1782359045.8120966,0.0022335052490234375
59142,normal,2311,0,1782359045.8141367,0.0020401477813720703
59143,normal,1671,0,1782359045.816066,0.0019292831420898438
59144,normal,382,0,1782359045.8181722,0.002106189727783203
59145,normal,3656,0,1782359045.820088,0.0019156932830810547
59146,normal,1919,0,1782359045.822106,0.002017974853515625
59147,normal,822,2,1782359045.8239703,0.0018644332885742188
59148,normal,386,0,1782359045.825859,0.0018887519836425781
59149,normal,266,0,1782359045.8279495,0.0020904541015625
59150,normal,2535,0,1782359045.8300202,0.0020706653594970703
59151,normal,1367,1,1782359045.8318884,0.0018682479858398438
59152,normal,2991,0,1782359045.8339434,0.002054929733276367
59153,normal,1790,0,1782359045.8359535,0.0020101070404052734
59154,normal,1770,0,1782359045.8378613,0.0019078254699707031
59155,normal,1528,0,1782359045.8401334,0.0022721290588378906
59156,normal,2506,0,1782359045.842327,0.0021936893463134766
59157,normal,1507,0,1782359045.8438845,0.0015573501586914062
59158,normal,1854,0,1782359045.8459558,0.002071380615234375
59159,normal,1547,0,1782359045.8479638,0.0020079612731933594
59160,normal,3700,0,1782359045.8498657,0.001901865005493164
59161,normal,115,0,1782359045.8520472,0.002181529998779297
59162,normal,227,0,1782359045.8540895,0.0020422935485839844
59163,normal,1246,0,1782359045.8557873,0.0016977787017822266
59164,normal,904,2,1782359045.857976,0.0021886825561523438
59165,normal,818,2,1782359045.8599927,0.002016782760620117
59166,normal,1324,1,1782359045.8619022,0.001909494400024414
59167,normal,2482,0,1782359045.8640382,0.0021359920501708984
59168,normal,692,0,1782359045.866018,0.001979827880859375
59169,normal,178,0,1782359045.8679006,0.0018825531005859375
59170,normal,3425,0,1782359045.870282,0.0023813247680664062
59171,normal,676,0,1782359045.8719966,0.0017147064208984375
59172,normal,2600,0,1782359045.8738484,0.001851797103881836
59173,normal,2744,0,1782359045.87616,0.0023114681243896484
59174,normal,2328,0,1782359045.8780587,0.0018987655639648438
59175,normal,1369,1,1782359045.879995,0.0019364356994628906
59176,normal,232,0,1782359045.8819501,0.0019550323486328125
59177,normal,2205,0,1782359045.8839638,0.002013683319091797
59178,normal,781,2,1782359045.885906,0.0019421577453613281
59179,normal,444,0,1782359045.888103,0.0021970272064208984
59180,normal,869,2,1782359045.8901277,0.0020246505737304688
59181,normal,237,0,1782359045.8919392,0.0018115043640136719
59182,normal,3281,1,1782359045.8941183,0.0021791458129882812
59183,normal,610,0,1782359045.895958,0.0018396377563476562
59184,normal,814,2,1782359045.8980515,0.0020935535430908203
59185,normal,2221,0,1782359045.9003024,0.0022509098052978516
59186,normal,3098,1,1782359045.9020867,0.0017843246459960938
59187,normal,2094,0,1782359045.9038963,0.0018095970153808594
59188,normal,1154,0,1782359045.9060273,0.0021309852600097656
59189,normal,2053,0,1782359045.9080012,0.001973867416381836
59190,normal,199,0,1782359045.9098952,0.0018939971923828125
59191,normal,1948,0,1782359045.9119027,0.0020074844360351562
59192,normal,3671,0,1782359045.9146986,0.0027959346771240234
59193,normal,3388,1,1782359045.9158585,0.0011599063873291016
59194,normal,2197,0,1782359045.9181044,0.0022459030151367188
59195,normal,62,0,1782359045.9200714,0.0019669532775878906
59196,normal,2849,0,1782359045.9218833,0.001811981201171875
59197,normal,2446,0,1782359045.9240615,0.002178192138671875
59198,normal,3574,0,1782359045.9260652,0.0020036697387695312
59199,normal,2170,0,1782359045.9279904,0.0019252300262451172
59200,normal,2887,0,1782359045.9298532,0.0018627643585205078
59201,normal,2411,0,1782359045.9320207,0.0021674633026123047
59202,normal,1687,0,1782359045.9339235,0.0019028186798095703
59203,normal,74,0,1782359045.93603,0.0021064281463623047
59204,normal,3427,0,1782359045.9380167,0.0019867420196533203
59205,normal,2734,0,1782359045.9399097,0.0018930435180664062
59206,normal,1288,0,1782359045.9420273,0.002117633819580078
59207,normal,219,0,1782359045.944029,0.0020017623901367188
59208,normal,3158,1,1782359045.9460337,0.0020046234130859375
59209,normal,1449,0,1782359045.9478247,0.0017910003662109375
59210,normal,1119,0,1782359045.950001,0.0021762847900390625
59211,normal,3214,1,1782359045.951897,0.001895904541015625
59212,normal,1897,0,1782359045.9539886,0.002091646194458008
59213,normal,2950,0,1782359045.9560187,0.0020301342010498047
59214,normal,1942,0,1782359045.9579475,0.0019288063049316406
59215,normal,1952,0,1782359045.9600735,0.002125978469848633
59216,normal,3210,1,1782359045.9621117,0.002038240432739258
59217,normal,1860,0,1782359045.963861,0.001749277114868164
59218,normal,2828,0,1782359045.966018,0.002156972885131836
59219,normal,1477,0,1782359045.9680183,0.0020003318786621094
59220,normal,2857,0,1782359045.969912,0.001893758773803711
59221,normal,2111,0,1782359045.9719882,0.0020761489868164062
59222,normal,3648,0,1782359045.973903,0.0019147396087646484
59223,normal,1562,0,1782359045.97588,0.0019769668579101562
59224,normal,3072,1,1782359045.9782035,0.002323627471923828
59225,normal,1910,0,1782359045.979942,0.0017385482788085938
59226,normal,747,0,1782359045.9820895,0.0021474361419677734
59227,normal,1061,0,1782359045.9840927,0.002003192901611328
59228,normal,2270,0,1782359045.9862876,0.0021948814392089844
59229,normal,2246,0,1782359045.9878805,0.001592874526977539
59230,normal,740,0,1782359045.9901557,0.002275228500366211
59231,normal,2845,0,1782359045.9921513,0.001995563507080078
59232,normal,43,0,1782359045.993917,0.0017657279968261719
59233,normal,2892,0,1782359045.9959655,0.002048492431640625
59234,normal,1720,0,1782359045.9979699,0.002004384994506836
59235,normal,3691,0,1782359045.9998689,0.0018990039825439453
59236,normal,971,2,1782359046.0022283,0.0023593902587890625
59237,normal,501,0,1782359046.0038733,0.0016450881958007812
59238,normal,3565,0,1782359046.0059566,0.002083301544189453
59239,normal,358,0,1782359046.007864,0.0019073486328125
59240,normal,485,0,1782359046.009962,0.00209808349609375
59241,normal,255,0,1782359046.0126975,0.0027353763580322266
59242,normal,3467,0,1782359046.014073,0.001375436782836914
59243,normal,76,0,1782359046.0159738,0.0019009113311767578
59244,normal,428,0,1782359046.017876,0.0019021034240722656
59245,normal,1095,0,1782359046.020008,0.0021321773529052734
59246,normal,1495,0,1782359046.0220191,0.0020110607147216797
59247,normal,2616,0,1782359046.0241704,0.0021512508392333984
59248,normal,2241,0,1782359046.0259168,0.0017464160919189453
59249,normal,1303,0,1782359046.0279684,0.0020515918731689453
59250,normal,2516,0,1782359046.0298984,0.0019299983978271484
59251,normal,534,0,1782359046.0318837,0.001985311508178711
59252,normal,398,0,1782359046.034002,0.002118349075317383
59253,normal,3654,0,1782359046.0359206,0.0019185543060302734
59254,normal,3253,1,1782359046.0380058,0.0020852088928222656
59255,normal,2208,0,1782359046.0400076,0.0020017623901367188
59256,normal,3685,0,1782359046.0422974,0.0022897720336914062
59257,normal,3298,1,1782359046.0438266,0.0015292167663574219
59258,normal,369,0,1782359046.046035,0.0022084712982177734
59259,normal,1108,0,1782359046.0479915,0.001956462860107422
59260,normal,3652,0,1782359046.0501082,0.002116680145263672
59261,normal,2429,0,1782359046.052098,0.0019898414611816406
59262,normal,736,0,1782359046.053844,0.0017459392547607422
59263,normal,2569,0,1782359046.0559657,0.0021216869354248047
59264,normal,2128,0,1782359046.0580587,0.002093076705932617
59265,normal,83,0,1782359046.0600004,0.001941680908203125
59266,normal,499,0,1782359046.0619621,0.0019617080688476562
59267,normal,3047,1,1782359046.064223,0.002260923385620117
59268,normal,3050,1,1782359046.0659668,0.0017437934875488281
59269,normal,1362,1,1782359046.0678747,0.0019078254699707031
59270,normal,3057,1,1782359046.0702646,0.0023899078369140625
59271,normal,1436,0,1782359046.0723972,0.0021326541900634766
59272,normal,3399,1,1782359046.0739257,0.0015285015106201172
59273,normal,1390,0,1782359046.0760283,0.0021026134490966797
59274,normal,2462,0,1782359046.0779014,0.001873016357421875
59275,normal,1999,0,1782359046.080004,0.0021026134490966797
59276,normal,312,0,1782359046.082004,0.002000093460083008
59277,normal,1678,0,1782359046.0839186,0.0019145011901855469
59278,normal,3444,0,1782359046.0859697,0.002051115036010742
59279,normal,3312,1,1782359046.0880902,0.002120494842529297
59280,normal,1610,0,1782359046.0898376,0.0017473697662353516
59281,normal,3586,0,1782359046.091932,0.0020945072174072266
59282,normal,1176,0,1782359046.0940557,0.002123594284057617
59283,normal,3645,0,1782359046.0959868,0.0019311904907226562
59284,normal,1264,0,1782359046.0979297,0.0019428730010986328
59285,normal,2290,0,1782359046.1000013,0.0020716190338134766
59286,normal,3680,0,1782359046.1019187,0.0019173622131347656
59287,normal,1283,0,1782359046.104013,0.002094268798828125
59288,normal,698,0,1782359046.1060119,0.0019989013671875
59289,normal,367,0,1782359046.1078916,0.0018796920776367188
59290,normal,2134,0,1782359046.1100116,0.0021200180053710938
59291,normal,1830,0,1782359046.112148,0.0021364688873291016
59292,normal,2882,0,1782359046.1138434,0.001695394515991211
59293,normal,3414,0,1782359046.115991,0.002147674560546875
59294,normal,954,2,1782359046.1179724,0.0019812583923339844
59295,normal,2144,0,1782359046.1198912,0.001918792724609375
59296,normal,2396,0,1782359046.1219766,0.002085447311401367
59297,normal,1411,0,1782359046.1240325,0.0020558834075927734
59298,normal,3109,1,1782359046.1259522,0.0019197463989257812
59299,normal,157,0,1782359046.1280982,0.002146005630493164
59300,normal,2369,0,1782359046.1300359,0.0019376277923583984
59301,normal,2698,0,1782359046.131914,0.0018780231475830078
59302,normal,180,0,1782359046.1340127,0.0020987987518310547
59303,normal,765,0,1782359046.136015,0.002002239227294922
59304,normal,211,0,1782359046.137878,0.0018630027770996094
59305,normal,1091,0,1782359046.1399677,0.0020897388458251953
59306,normal,1317,0,1782359046.1419618,0.0019941329956054688
59307,normal,1170,0,1782359046.1441178,0.0021560192108154297
59308,normal,1514,0,1782359046.1458972,0.001779317855834961
59309,normal,632,0,1782359046.1481943,0.0022971630096435547
59310,normal,2840,0,1782359046.1499958,0.0018014907836914062
59311,normal,1972,0,1782359046.1520996,0.0021038055419921875
59312,normal,1267,0,1782359046.154072,0.0019724369049072266
59313,normal,1484,0,1782359046.1560922,0.002020120620727539
59314,normal,1405,0,1782359046.1579912,0.0018990039825439453
59315,normal,1071,0,1782359046.159968,0.0019767284393310547
59316,normal,990,2,1782359046.161862,0.0018939971923828125
59317,normal,394,0,1782359046.1639574,0.002095460891723633
59318,normal,1912,0,1782359046.1662426,0.0022852420806884766
59319,normal,2431,0,1782359046.1678412,0.0015985965728759766
59320,normal,2705,0,1782359046.1699486,0.002107381820678711
59321,normal,1075,0,1782359046.1719463,0.001997709274291992
59322,normal,1986,0,1782359046.1738598,0.0019135475158691406
59323,normal,2286,0,1782359046.1765532,0.0026934146881103516
59324,normal,3020,0,1782359046.17807,0.0015168190002441406
59325,normal,1966,0,1782359046.1798089,0.0017387866973876953
59326,normal,1666,0,1782359046.1819603,0.0021514892578125
59327,normal,1802,0,1782359046.183975,0.002014636993408203
59328,normal,3667,0,1782359046.1858857,0.0019106864929199219
59329,normal,1065,0,1782359046.1882093,0.002323627471923828
59330,normal,1251,0,1782359046.189884,0.001674652099609375
59331,normal,3353,1,1782359046.191973,0.0020890235900878906
59332,normal,2193,0,1782359046.1938841,0.001911163330078125
59333,normal,2164,0,1782359046.1959195,0.002035379409790039
59334,normal,686,0,1782359046.1980636,0.0021440982818603516
59335,normal,1515,0,1782359046.199882,0.0018184185028076172
59336,normal,3040,0,1782359046.2020392,0.0021572113037109375
59337,normal,3112,1,1782359046.2039099,0.0018706321716308594
59338,normal,2102,0,1782359046.2061007,0.002190828323364258
59339,normal,2121,0,1782359046.2080898,0.001989126205444336
59340,normal,1455,0,1782359046.209815,0.0017251968383789062
59341,normal,1142,0,1782359046.212151,0.0023360252380371094
59342,normal,251,0,1782359046.213958,0.0018069744110107422
59343,normal,2802,0,1782359046.2161617,0.002203702926635742
59344,normal,2753,0,1782359046.2179406,0.0017788410186767578
59345,normal,3556,0,1782359046.2200017,0.002061128616333008
59346,normal,3377,1,1782359046.2218826,0.0018808841705322266
59347,normal,2929,0,1782359046.2240477,0.002165079116821289
59348,normal,572,0,1782359046.226096,0.0020482540130615234
59349,normal,2797,0,1782359046.2279482,0.001852273941040039
59350,normal,104,0,1782359046.2300916,0.002143383026123047
59351,normal,549,0,1782359046.2321866,0.0020949840545654297
59352,normal,1180,0,1782359046.2338123,0.0016257762908935547
59353,normal,894,2,1782359046.2362933,0.0024809837341308594
59354,normal,1733,0,1782359046.2383966,0.0021033287048339844
59355,normal,2243,0,1782359046.2400267,0.0016300678253173828
59356,normal,1453,0,1782359046.2419326,0.0019059181213378906
59357,normal,1105,0,1782359046.2440407,0.0021080970764160156
59358,normal,2703,0,1782359046.2459004,0.0018596649169921875
59359,normal,3178,1,1782359046.2480066,0.002106189727783203
59360,normal,3484,0,1782359081.4357452,0.0
59361,normal,477,0,1782359081.4378371,0.0020918846130371094
59362,normal,3097,1,1782359081.4397256,0.0018885135650634766
59363,normal,3424,0,1782359081.4417093,0.001983642578125
59364,normal,2714,0,1782359081.4437952,0.0020859241485595703
59365,normal,89,0,1782359081.4457417,0.0019464492797851562
59366,normal,465,0,1782359081.447738,0.001996278762817383
59367,normal,2977,0,1782359081.4497406,0.002002716064453125
59368,normal,3106,1,1782359081.4517388,0.0019981861114501953
59369,normal,2060,0,1782359081.453704,0.0019652843475341797
59370,normal,3212,1,1782359081.4557283,0.0020241737365722656
59371,normal,2280,0,1782359081.457788,0.0020596981048583984
59372,normal,706,0,1782359081.4597034,0.0019154548645019531
59373,normal,275,0,1782359081.46177,0.0020666122436523438
59374,normal,1552,0,1782359081.4637039,0.0019338130950927734
59375,normal,2351,0,1782359081.4657016,0.001997709274291992
59376,normal,2603,0,1782359081.4677453,0.0020437240600585938
59377,normal,1623,0,1782359081.4697342,0.0019888877868652344
59378,normal,507,0,1782359081.4717002,0.0019659996032714844
59379,normal,1082,0,1782359081.4737492,0.002048969268798828
59380,normal,3256,1,1782359081.475734,0.001984834671020508
59381,normal,2937,0,1782359081.477719,0.0019850730895996094
59382,normal,207,0,1782359081.4797387,0.002019643783569336
59383,normal,1191,0,1782359081.4817142,0.001975536346435547
59384,normal,3068,1,1782359081.48371,0.0019958019256591797
59385,normal,2249,0,1782359081.4857342,0.0020241737365722656
59386,normal,998,2,1782359081.4877157,0.001981496810913086
59387,normal,2768,0,1782359081.4897394,0.0020236968994140625
59388,normal,2176,0,1782359081.4917314,0.0019919872283935547
59389,normal,149,0,1782359081.4937246,0.0019931793212890625
59390,normal,1551,0,1782359081.495726,0.002001523971557617
59391,normal,3554,0,1782359081.497722,0.0019958019256591797
59392,normal,540,0,1782359081.4997215,0.0019996166229248047
59393,normal,881,2,1782359081.5017264,0.002004861831665039
59394,normal,3459,0,1782359081.5037327,0.0020062923431396484
59395,normal,2190,0,1782359081.5057077,0.0019750595092773438
59396,normal,3013,0,1782359081.5077102,0.0020024776458740234
59397,normal,3615,0,1782359081.5097306,0.0020203590393066406
59398,normal,3353,1,1782359081.5117085,0.0019779205322265625
59399,normal,503,0,1782359081.5137138,0.002005338668823242
59400,normal,1226,0,1782359081.5157368,0.002022981643676758
59401,normal,3505,0,1782359081.517722,0.0019850730895996094
59402,normal,2633,0,1782359081.5197113,0.0019893646240234375
59403,normal,466,0,1782359081.5217078,0.0019965171813964844
59404,normal,2900,0,1782359081.52372,0.0020122528076171875
59405,normal,651,0,1782359081.5257165,0.0019965171813964844
59406,normal,3411,0,1782359081.5277069,0.0019903182983398438
59407,normal,1054,0,1782359081.5297008,0.001993894577026367
59408,normal,3537,0,1782359081.5317059,0.0020051002502441406
59409,normal,693,0,1782359081.533744,0.002038240432739258
59410,normal,1430,0,1782359081.5357168,0.001972675323486328
59411,normal,2946,0,1782359081.5377152,0.001998424530029297
59412,normal,449,0,1782359081.5397406,0.0020253658294677734
59413,normal,272,0,1782359081.541714,0.001973390579223633
59414,normal,1170,0,1782359081.543715,0.002001047134399414
59415,normal,2128,0,1782359081.5457354,0.0020203590393066406
59416,normal,2801,0,1782359081.5477152,0.001979827880859375
59417,normal,1337,1,1782359081.549731,0.002015829086303711
59418,normal,2216,0,1782359081.5517392,0.002008199691772461
59419,normal,3649,0,1782359081.5537128,0.0019736289978027344
59420,normal,2225,0,1782359081.5557153,0.0020024776458740234
59421,normal,3312,1,1782359081.557732,0.002016782760620117
59422,normal,292,0,1782359081.5597157,0.001983642578125
59423,normal,1252,0,1782359081.5617115,0.0019958019256591797
59424,normal,1030,0,1782359081.563811,0.0020995140075683594
59425,normal,1017,2,1782359081.5657198,0.0019087791442871094
59426,normal,2889,0,1782359081.5677242,0.002004384994506836
59427,normal,504,0,1782359081.5697246,0.0020003318786621094
59428,normal,3015,0,1782359081.5717235,0.0019989013671875
59429,normal,3273,1,1782359081.5737214,0.0019979476928710938
59430,normal,1505,0,1782359081.5757358,0.0020143985748291016
59431,normal,2825,0,1782359081.5777123,0.001976490020751953
59432,normal,635,0,1782359081.5797389,0.0020265579223632812
59433,normal,1398,0,1782359081.5817451,0.0020062923431396484
59434,normal,1762,0,1782359081.5837145,0.0019693374633789062
59435,normal,2733,0,1782359081.5857155,0.002001047134399414
59436,normal,2765,0,1782359081.5877345,0.0020189285278320312
59437,normal,1955,0,1782359081.5897307,0.001996278762817383
59438,normal,101,0,1782359081.5917234,0.0019927024841308594
59439,normal,2921,0,1782359081.5937228,0.001999378204345703
59440,normal,56,0,1782359081.5957236,0.0020008087158203125
59441,normal,3557,0,1782359081.5977218,0.0019981861114501953
59442,normal,1837,0,1782359081.5997353,0.0020134449005126953
59443,normal,537,0,1782359081.6017165,0.0019812583923339844
59444,normal,2453,0,1782359081.6037152,0.0019986629486083984
59445,normal,52,0,1782359081.6057348,0.002019643783569336
59446,normal,2480,0,1782359081.6077144,0.0019795894622802734
59447,normal,1665,0,1782359081.609711,0.0019965171813964844
59448,normal,649,0,1782359081.6117327,0.00202178955078125
59449,normal,2460,0,1782359081.6137147,0.001981973648071289
59450,normal,1945,0,1782359081.6157146,0.0019998550415039062
59451,normal,1316,0,1782359081.6177425,0.0020279884338378906
59452,normal,1738,0,1782359081.6197171,0.0019745826721191406
59453,normal,2904,0,1782359081.62171,0.001992940902709961
59454,normal,2215,0,1782359081.6237304,0.0020203590393066406
59455,normal,941,2,1782359081.6257124,0.001981973648071289
59456,normal,1178,0,1782359081.6277099,0.0019974708557128906
59457,normal,2981,0,1782359081.629733,0.0020232200622558594
59458,normal,2008,0,1782359081.631714,0.001981019973754883
59459,normal,1255,0,1782359081.6337113,0.001997232437133789
59460,normal,1997,0,1782359081.6357348,0.002023458480834961
59461,normal,505,0,1782359081.6377058,0.001971006393432617
59462,normal,3274,1,1782359081.6397207,0.0020148754119873047
59463,normal,3384,1,1782359081.6417413,0.002020597457885742
59464,normal,681,0,1782359081.6437151,0.001973867416381836
59465,normal,2202,0,1782359081.6457012,0.0019860267639160156
59466,normal,2682,0,1782359081.6477575,0.0020563602447509766
59467,normal,3648,0,1782359081.6496983,0.0019407272338867188
59468,normal,3481,0,1782359081.6516998,0.002001523971557617
59469,normal,2383,0,1782359081.6537535,0.0020537376403808594
59470,normal,2759,0,1782359081.6556995,0.0019459724426269531
59471,normal,1176,0,1782359081.6577234,0.002023935317993164
59472,normal,1608,0,1782359081.6597688,0.0020453929901123047
59473,normal,3263,1,1782359081.6617053,0.0019364356994628906
59474,normal,1466,0,1782359081.6637065,0.0020012855529785156
59475,normal,2134,0,1782359081.6657562,0.002049684524536133
59476,normal,2124,0,1782359081.6677256,0.0019693374633789062
59477,normal,2295,0,1782359081.669708,0.001982450485229492
59478,normal,1406,0,1782359081.671755,0.0020470619201660156
59479,normal,3504,0,1782359081.6737247,0.001969575881958008
59480,normal,2144,0,1782359081.6757102,0.0019855499267578125
59481,normal,116,0,1782359081.6777852,0.0020749568939208984
59482,normal,1069,0,1782359081.67971,0.001924753189086914
59483,normal,1696,0,1782359081.6816993,0.0019893646240234375
59484,normal,512,0,1782359081.683781,0.002081632614135742
59485,normal,290,0,1782359081.6858332,0.00205230712890625
59486,normal,348,0,1782359081.6877434,0.0019102096557617188
59487,normal,2183,0,1782359081.6897583,0.0020148754119873047
59488,normal,3359,1,1782359081.6917024,0.0019440650939941406
59489,normal,1218,0,1782359081.6937244,0.0020220279693603516
59490,normal,1705,0,1782359081.695793,0.0020685195922851562
59491,normal,3085,1,1782359081.6977203,0.0019273757934570312
59492,normal,1120,0,1782359081.6996984,0.001978158950805664
59493,normal,120,0,1782359081.7017524,0.002053976058959961
59494,normal,1791,0,1782359081.7036994,0.0019469261169433594
59495,normal,2410,0,1782359081.7056956,0.001996278762817383
59496,normal,992,2,1782359081.7077448,0.0020492076873779297
59497,normal,2951,0,1782359081.709716,0.0019712448120117188
59498,normal,480,0,1782359081.7117026,0.0019865036010742188
59499,normal,2621,0,1782359081.7137349,0.0020322799682617188
59500,normal,1843,0,1782359081.7157102,0.0019752979278564453
59501,normal,2331,0,1782359081.7177007,0.0019905567169189453
59502,normal,2049,0,1782359081.7197459,0.002045154571533203
59503,normal,3460,0,1782359081.7217164,0.001970529556274414
59504,normal,1216,0,1782359081.7236998,0.0019834041595458984
59505,normal,16,0,1782359081.7257507,0.0020508766174316406
59506,normal,2604,0,1782359081.727702,0.0019512176513671875
59507,normal,75,0,1782359081.7296996,0.001997709274291992
59508,normal,161,0,1782359081.7317452,0.0020456314086914062
59509,normal,3004,0,1782359081.7337494,0.0020041465759277344
59510,normal,3096,1,1782359081.735719,0.001969575881958008
59511,normal,872,2,1782359081.7377331,0.00201416015625
59512,normal,328,0,1782359081.7397099,0.0019767284393310547
59513,normal,2105,0,1782359081.7417135,0.0020036697387695312
59514,normal,68,0,1782359081.7437327,0.002019166946411133
59515,normal,1988,0,1782359081.7457113,0.001978635787963867
59516,normal,2761,0,1782359081.7477105,0.0019991397857666016
59517,normal,1807,0,1782359081.7497644,0.002053976058959961
59518,normal,87,0,1782359081.7517085,0.0019440650939941406
59519,normal,2012,0,1782359081.7537122,0.0020036697387695312
59520,normal,2968,0,1782359081.7557282,0.0020160675048828125
59521,normal,2626,0,1782359081.7577107,0.001982450485229492
59522,normal,2831,0,1782359081.7597122,0.002001523971557617
59523,normal,2270,0,1782359081.7617326,0.0020203590393066406
59524,normal,262,0,1782359081.763713,0.001980304718017578
59525,normal,3304,1,1782359081.7657104,0.0019974708557128906
59526,normal,2625,0,1782359081.7677305,0.002020120620727539
59527,normal,1243,0,1782359081.769712,0.001981496810913086
59528,normal,2549,0,1782359081.7717113,0.001999378204345703
59529,normal,1257,0,1782359081.7737365,0.002025127410888672
59530,normal,3704,0,1782359081.7757108,0.001974344253540039
59531,normal,3686,0,1782359081.777709,0.0019981861114501953
59532,normal,753,0,1782359081.7798014,0.0020923614501953125
59533,normal,3324,1,1782359081.7817104,0.001909017562866211
59534,normal,3581,0,1782359081.7837121,0.0020017623901367188
59535,normal,2764,0,1782359081.7857282,0.0020160675048828125
59536,normal,3509,0,1782359081.787712,0.0019838809967041016
59537,normal,1633,0,1782359081.789711,0.0019989013671875
59538,normal,178,0,1782359081.791806,0.0020949840545654297
59539,normal,855,2,1782359081.7937098,0.0019037723541259766
59540,normal,414,0,1782359081.7957125,0.002002716064453125
59541,normal,3367,1,1782359081.7977297,0.0020172595977783203
59542,normal,892,2,1782359081.7997112,0.001981496810913086
59543,normal,3506,0,1782359081.8017097,0.001998424530029297
59544,normal,687,0,1782359081.8037882,0.002078533172607422
59545,normal,2595,0,1782359081.805723,0.0019347667694091797
59546,normal,921,2,1782359081.8077133,0.0019903182983398438
59547,normal,2426,0,1782359081.8097405,0.002027273178100586
59548,normal,890,2,1782359081.811712,0.0019714832305908203
59549,normal,3225,1,1782359081.8137183,0.0020062923431396484
59550,normal,2010,0,1782359081.8157375,0.002019166946411133
59551,normal,2601,0,1782359081.8177135,0.00197601318359375
59552,normal,546,0,1782359081.819711,0.0019974708557128906
59553,normal,3670,0,1782359081.8218186,0.0021076202392578125
59554,normal,3583,0,1782359081.8237112,0.0018925666809082031
59555,normal,39,0,1782359081.8257122,0.002001047134399414
59556,normal,2263,0,1782359081.8277106,0.001998424530029297
59557,normal,994,2,1782359081.829731,0.0020203590393066406
59558,normal,2541,0,1782359081.8317132,0.0019822120666503906
59559,normal,3414,0,1782359081.8337355,0.002022266387939453
59560,normal,551,0,1782359081.8357105,0.0019750595092773438
59561,normal,1832,0,1782359081.8377101,0.0019996166229248047
59562,normal,279,0,1782359081.8397322,0.0020220279693603516
59563,normal,2091,0,1782359081.8417106,0.0019783973693847656
59564,normal,211,0,1782359081.8437102,0.0019996166229248047
59565,normal,2493,0,1782359081.8457735,0.002063274383544922
59566,normal,1674,0,1782359081.847711,0.0019376277923583984
59567,normal,3374,1,1782359081.849711,0.0019998550415039062
59568,normal,1952,0,1782359081.8517373,0.0020263195037841797
59569,normal,853,2,1782359081.8537114,0.0019741058349609375
59570,normal,3377,1,1782359081.855711,0.0019996166229248047
59571,normal,409,0,1782359081.85776,0.002048969268798828
59572,normal,978,2,1782359081.859709,0.0019490718841552734
59573,normal,718,0,1782359081.8617094,0.0020003318786621094
59574,normal,67,0,1782359081.86373,0.002020597457885742
59575,normal,2721,0,1782359081.8657112,0.0019812583923339844
59576,normal,539,0,1782359081.8677082,0.0019969940185546875
59577,normal,2254,0,1782359081.8697612,0.0020530223846435547
59578,normal,3032,0,1782359081.8717144,0.001953125
59579,normal,473,0,1782359081.873707,0.0019927024841308594
59580,normal,49,0,1782359081.8757327,0.002025604248046875
59581,normal,2365,0,1782359081.87773,0.001997232437133789
59582,normal,1885,0,1782359081.8797114,0.001981496810913086
59583,normal,2834,0,1782359081.8817375,0.002026081085205078
59584,normal,772,2,1782359081.8837113,0.001973867416381836
59585,normal,3499,0,1782359081.8857121,0.0020008087158203125
59586,normal,1795,0,1782359081.8878658,0.002153635025024414
59587,normal,361,0,1782359081.8897145,0.0018486976623535156
59588,normal,80,0,1782359081.8917153,0.0020008087158203125
59589,normal,3042,0,1782359081.893731,0.002015829086303711
59590,normal,2332,0,1782359081.8957117,0.0019805431365966797
59591,normal,3671,0,1782359081.8977113,0.0019996166229248047
59592,normal,1592,0,1782359081.8997338,0.0020225048065185547
59593,normal,1394,0,1782359081.9017117,0.0019779205322265625
59594,normal,3026,0,1782359081.9037094,0.001997709274291992
59595,normal,369,0,1782359081.9057322,0.0020227432250976562
59596,normal,2495,0,1782359081.9077098,0.001977682113647461
59597,normal,3595,0,1782359081.9097128,0.0020029544830322266
59598,normal,227,0,1782359081.9117308,0.002017974853515625
59599,normal,2411,0,1782359081.9137094,0.001978635787963867
59600,normal,1097,0,1782359081.9157102,0.0020008087158203125
59601,normal,3045,1,1782359081.917734,0.0020236968994140625
59602,normal,2689,0,1782359081.9197125,0.001978635787963867
59603,normal,876,2,1782359081.9217112,0.0019986629486083984
59604,normal,2370,0,1782359081.9237297,0.002018451690673828
59605,normal,2866,0,1782359081.9257097,0.0019800662994384766
59606,normal,1292,0,1782359081.9279604,0.00225067138671875
59607,normal,1864,0,1782359081.929848,0.0018875598907470703
59608,normal,1076,0,1782359081.9319842,0.00213623046875
59609,normal,318,0,1782359081.9337764,0.0017921924591064453
59610,normal,1157,0,1782359081.9359522,0.0021758079528808594
59611,normal,1360,1,1782359081.937768,0.0018157958984375
59612,normal,685,0,1782359081.939918,0.0021500587463378906
59613,normal,2947,0,1782359081.9418342,0.0019161701202392578
59614,normal,2965,0,1782359081.9439607,0.002126455307006836
59615,normal,3485,0,1782359081.945767,0.0018062591552734375
59616,normal,705,0,1782359081.947921,0.002154111862182617
59617,normal,620,0,1782359081.9497676,0.0018465518951416016
59618,normal,3387,1,1782359081.9519167,0.0021491050720214844
59619,normal,3689,0,1782359081.9538345,0.0019178390502929688
59620,normal,2378,0,1782359081.9559581,0.002123594284057617
59621,normal,5,0,1782359081.957769,0.0018107891082763672
59622,normal,376,0,1782359081.9599218,0.0021529197692871094
59623,normal,817,2,1782359081.9617643,0.001842498779296875
59624,normal,948,2,1782359081.9639466,0.0021822452545166016
59625,normal,1401,0,1782359081.9657648,0.0018181800842285156
59626,normal,3429,0,1782359081.9679549,0.002190113067626953
59627,normal,3150,1,1782359081.9697704,0.0018155574798583984
59628,normal,2462,0,1782359081.971929,0.002158641815185547
59629,normal,2186,0,1782359081.973766,0.001837015151977539
59630,normal,2224,0,1782359081.97592,0.0021538734436035156
59631,normal,2304,0,1782359081.9777672,0.0018472671508789062
59632,normal,1769,0,1782359081.9799552,0.002187967300415039
59633,normal,1133,0,1782359081.9817634,0.00180816650390625
59634,normal,1434,0,1782359081.9839206,0.0021572113037109375
59635,normal,1229,0,1782359081.9857626,0.0018420219421386719
59636,normal,862,2,1782359081.9879186,0.0021560192108154297
59637,normal,141,0,1782359081.989769,0.0018503665924072266
59638,normal,2803,0,1782359081.9919527,0.002183675765991211
59639,normal,1960,0,1782359081.9937708,0.0018181800842285156
59640,normal,3003,0,1782359081.9959195,0.0021486282348632812
59641,normal,2363,0,1782359081.9977653,0.0018458366394042969
59642,normal,3128,1,1782359081.999926,0.002160787582397461
59643,normal,307,0,1782359082.0017576,0.0018315315246582031
59644,normal,96,0,1782359082.0039818,0.0022242069244384766
59645,normal,3052,1,1782359082.0057483,0.0017664432525634766
59646,normal,3090,1,1782359082.0079956,0.002247333526611328
59647,normal,2009,0,1782359082.009768,0.0017724037170410156
59648,normal,2115,0,1782359082.0119221,0.002154111862182617
59649,normal,2700,0,1782359082.013769,0.0018467903137207031
59650,normal,725,0,1782359082.0159798,0.002210855484008789
59651,normal,2827,0,1782359082.0177498,0.00177001953125
59652,normal,1085,0,1782359082.0199313,0.002181529998779297
59653,normal,1320,1,1782359082.0217729,0.0018415451049804688
59654,normal,1744,0,1782359082.0238924,0.0021195411682128906
59655,normal,3687,0,1782359082.0259273,0.002034902572631836
59656,normal,1194,0,1782359082.0277774,0.001850128173828125
59657,normal,2035,0,1782359082.0297506,0.0019731521606445312
59658,normal,22,0,1782359082.0319793,0.0022287368774414062
59659,normal,2643,0,1782359082.0337436,0.0017642974853515625
59660,normal,82,0,1782359082.0359159,0.002172231674194336
59661,normal,665,0,1782359082.037768,0.0018520355224609375
59662,normal,1828,0,1782359082.039929,0.0021610260009765625
59663,normal,866,2,1782359082.0417764,0.0018475055694580078
59664,normal,3199,1,1782359082.0440342,0.002257823944091797
59665,normal,1644,0,1782359082.0457358,0.0017015933990478516
59666,normal,2696,0,1782359082.0479498,0.0022139549255371094
59667,normal,160,0,1782359082.0497646,0.0018148422241210938
59668,normal,1196,0,1782359082.0519624,0.002197742462158203
59669,normal,769,0,1782359082.0537527,0.0017902851104736328
59670,normal,1388,0,1782359082.05594,0.0021872520446777344
59671,normal,122,0,1782359082.057737,0.0017971992492675781
59672,normal,1330,1,1782359082.0599043,0.002167224884033203
59673,normal,1009,2,1782359082.0619428,0.0020384788513183594
59674,normal,1773,0,1782359082.063737,0.0017940998077392578
59675,normal,655,0,1782359082.065945,0.0022079944610595703
59676,normal,40,0,1782359082.0677614,0.0018165111541748047
59677,normal,1397,0,1782359082.069978,0.0022165775299072266
59678,normal,2821,0,1782359082.0717502,0.001772165298461914
59679,normal,1516,0,1782359082.0739563,0.002206087112426758
59680,normal,2818,0,1782359082.0757353,0.0017790794372558594
59681,normal,1930,0,1782359082.0778973,0.0021619796752929688
59682,normal,999,2,1782359082.0799506,0.0020532608032226562
59683,normal,2990,0,1782359082.0817356,0.0017850399017333984
59684,normal,1672,0,1782359082.08395,0.0022144317626953125
59685,normal,1523,0,1782359082.0859368,0.0019867420196533203
59686,normal,2078,0,1782359082.0877566,0.0018198490142822266
59687,normal,2952,0,1782359082.0899282,0.0021715164184570312
59688,normal,722,0,1782359082.091756,0.0018279552459716797
59689,normal,1108,0,1782359082.0939949,0.002238750457763672
59690,normal,3458,0,1782359082.095762,0.0017671585083007812
59691,normal,1962,0,1782359082.0979307,0.0021686553955078125
59692,normal,1663,0,1782359082.099759,0.0018284320831298828
59693,normal,967,2,1782359082.1019366,0.0021774768829345703
59694,normal,1833,0,1782359082.1037748,0.0018382072448730469
59695,normal,3616,0,1782359082.105973,0.0021982192993164062
59696,normal,3204,1,1782359082.1077666,0.0017936229705810547
59697,normal,1985,0,1782359082.1099198,0.002153158187866211
59698,normal,1301,0,1782359082.1117651,0.0018453598022460938
59699,normal,3029,0,1782359082.1139224,0.0021572113037109375
59700,normal,1490,0,1782359082.115764,0.0018415451049804688
59701,normal,1233,0,1782359082.117949,0.0021851062774658203
59702,normal,1231,0,1782359082.1197715,0.0018224716186523438
59703,normal,3076,1,1782359082.1219451,0.0021736621856689453
59704,normal,3378,1,1782359082.1237547,0.0018095970153808594
59705,normal,1275,0,1782359082.1259406,0.002185821533203125
59706,normal,2163,0,1782359082.127755,0.0018143653869628906
59707,normal,205,0,1782359082.1299765,0.0022215843200683594
59708,normal,1732,0,1782359082.1317635,0.001786947250366211
59709,normal,1448,0,1782359082.1339242,0.002160787582397461
59710,normal,1749,0,1782359082.1357632,0.0018389225006103516
59711,normal,1086,0,1782359082.1379192,0.0021560192108154297
59712,normal,3060,1,1782359082.1399229,0.0020036697387695312
59713,normal,780,2,1782359082.1417646,0.0018417835235595703
59714,normal,2330,0,1782359082.1439202,0.0021555423736572266
59715,normal,471,0,1782359082.1459234,0.002003192901611328
59716,normal,2286,0,1782359082.1477625,0.0018391609191894531
59717,normal,2101,0,1782359082.149928,0.002165555953979492
59718,normal,238,0,1782359082.1517644,0.0018362998962402344
59719,normal,20,0,1782359082.1539488,0.0021843910217285156
59720,normal,242,0,1782359082.1557624,0.001813650131225586
59721,normal,2962,0,1782359082.1579208,0.0021584033966064453
59722,normal,1451,0,1782359082.159763,0.0018422603607177734
59723,normal,1915,0,1782359082.1619282,0.002165079116821289
59724,normal,3197,1,1782359082.1637733,0.0018451213836669922
59725,normal,818,2,1782359082.1659806,0.0022072792053222656
59726,normal,2036,0,1782359082.1677625,0.0017819404602050781
59727,normal,641,0,1782359082.1699197,0.0021572113037109375
59728,normal,1138,0,1782359082.1717634,0.0018436908721923828
59729,normal,1050,0,1782359082.1739204,0.002156972885131836
59730,normal,940,2,1782359082.1757724,0.0018520355224609375
59731,normal,908,2,1782359082.1779468,0.00217437744140625
59732,normal,3275,1,1782359082.179762,0.0018150806427001953
59733,normal,305,0,1782359082.1819208,0.0021588802337646484
59734,normal,3561,0,1782359082.1837626,0.0018417835235595703
59735,normal,3512,0,1782359082.1859193,0.0021567344665527344
59736,normal,3362,1,1782359082.1879303,0.0020110607147216797
59737,normal,3229,1,1782359082.189764,0.0018336772918701172
59738,normal,2864,0,1782359082.1919196,0.0021555423736572266
59739,normal,1221,0,1782359082.1939225,0.0020029544830322266
59740,normal,513,0,1782359082.195764,0.0018415451049804688
59741,normal,1671,0,1782359082.197926,0.0021619796752929688
59742,normal,1279,0,1782359082.1997545,0.0018284320831298828
59743,normal,1297,0,1782359082.201948,0.002193450927734375
59744,normal,1588,0,1782359082.20377,0.0018219947814941406
59745,normal,1618,0,1782359082.2059307,0.002160787582397461
59746,normal,2800,0,1782359082.2077708,0.0018401145935058594
59747,normal,3320,1,1782359082.209917,0.0021462440490722656
59748,normal,927,2,1782359082.2119164,0.001999378204345703
59749,normal,2326,0,1782359082.2137647,0.0018482208251953125
59750,normal,2475,0,1782359082.2157617,0.0019969940185546875
59751,normal,359,0,1782359082.2179172,0.0021555423736572266
59752,normal,1106,0,1782359082.2197607,0.0018434524536132812
59753,normal,2875,0,1782359082.2219176,0.002156972885131836
59754,normal,2146,0,1782359082.2239172,0.0019996166229248047
59755,normal,1368,1,1782359082.2258084,0.0018911361694335938
59756,normal,3572,0,1782359082.2279334,0.0021250247955322266
59757,normal,2518,0,1782359082.2299547,0.002021312713623047
59758,normal,257,0,1782359082.231806,0.0018513202667236328
59759,normal,2227,0,1782359082.2337677,0.0019617080688476562
59760,normal,3177,1,1782359082.2360573,0.0022895336151123047
59761,normal,3152,1,1782359082.2377658,0.0017085075378417969
59762,normal,1923,0,1782359082.2399056,0.0021398067474365234
59763,normal,2359,0,1782359082.2418041,0.0018985271453857422
59764,normal,3303,1,1782359082.2439296,0.0021255016326904297
59765,normal,2058,0,1782359082.2457616,0.0018320083618164062
59766,normal,2888,0,1782359082.2479346,0.0021729469299316406
59767,normal,33,0,1782359082.2497659,0.0018312931060791016
59768,normal,2991,0,1782359082.2519078,0.0021419525146484375
59769,normal,1636,0,1782359082.2537796,0.0018718242645263672
59770,normal,3490,0,1782359082.2559118,0.0021321773529052734
59771,normal,198,0,1782359082.2578816,0.0019698143005371094
59772,normal,2829,0,1782359082.2600596,0.0021779537200927734
59773,normal,3684,0,1782359082.2617645,0.0017049312591552734
59774,normal,1964,0,1782359082.263908,0.002143383026123047
59775,normal,365,0,1782359082.265782,0.0018742084503173828
59776,normal,3246,1,1782359082.2679079,0.0021257400512695312
59777,normal,1449,0,1782359082.2697668,0.0018589496612548828
59778,normal,1201,0,1782359082.2719378,0.002171039581298828
59779,normal,2785,0,1782359082.2737908,0.0018529891967773438
59780,normal,158,0,1782359082.2757726,0.0019817352294921875
59781,normal,66,0,1782359082.2779517,0.0021791458129882812
59782,normal,483,0,1782359082.2797668,0.0018150806427001953
59783,normal,375,0,1782359082.2819157,0.002148866653442383
59784,normal,732,0,1782359082.283788,0.0018723011016845703
59785,normal,1395,0,1782359082.2864134,0.0026254653930664062
59786,normal,2647,0,1782359082.2879372,0.001523733139038086
59787,normal,3021,0,1782359082.2898,0.0018627643585205078
59788,normal,1894,0,1782359082.2919443,0.002144336700439453
59789,normal,139,0,1782359082.2937646,0.0018203258514404297
59790,normal,763,0,1782359082.295938,0.0021734237670898438
59791,normal,2654,0,1782359082.297766,0.0018279552459716797
59792,normal,1319,1,1782359082.299932,0.0021660327911376953
59793,normal,233,0,1782359082.3017776,0.0018455982208251953
59794,normal,902,2,1782359082.3039093,0.0021317005157470703
59795,normal,2062,0,1782359082.3057637,0.0018544197082519531
59796,normal,3305,1,1782359082.3079355,0.002171754837036133
59797,normal,3001,0,1782359082.3097646,0.0018291473388671875
59798,normal,744,0,1782359082.3119287,0.002164125442504883
59799,normal,923,2,1782359082.3137789,0.001850128173828125
59800,normal,1273,0,1782359082.3159158,0.0021369457244873047
59801,normal,3136,1,1782359082.3177645,0.0018486976623535156
59802,normal,2690,0,1782359082.3199427,0.002178192138671875
59803,normal,3321,1,1782359082.3217638,0.0018210411071777344
59804,normal,2602,0,1782359082.3239453,0.002181529998779297
59805,normal,3162,1,1782359082.3257802,0.001834869384765625
59806,normal,1583,0,1782359082.3279097,0.0021295547485351562
59807,normal,1907,0,1782359082.329774,0.0018641948699951172
59808,normal,3137,1,1782359082.3319328,0.0021588802337646484
59809,normal,2477,0,1782359082.333766,0.001833200454711914
59810,normal,2645,0,1782359082.3359299,0.0021638870239257812
59811,normal,2074,0,1782359082.337774,0.001844167709350586
59812,normal,3693,0,1782359082.3399081,0.002134084701538086
59813,normal,1750,0,1782359082.3417654,0.0018572807312011719
59814,normal,300,0,1782359082.3439317,0.002166271209716797
59815,normal,337,0,1782359082.3457646,0.0018329620361328125
59816,normal,3117,1,1782359082.3479044,0.0021398067474365234
59817,normal,118,0,1782359082.3499434,0.0020389556884765625
59818,normal,2555,0,1782359082.3518157,0.0018723011016845703
59819,normal,2388,0,1782359082.3541212,0.0023055076599121094
59820,normal,1038,0,1782359082.355976,0.0018548965454101562
59821,normal,1866,0,1782359082.3579457,0.001969575881958008
59822,normal,2920,0,1782359082.3599837,0.0020380020141601562
59823,normal,2136,0,1782359082.3621483,0.002164602279663086
59824,normal,928,2,1782359082.3638577,0.0017094612121582031
59825,normal,2835,0,1782359082.3659742,0.0021164417266845703
59826,normal,3067,1,1782359082.3682446,0.0022704601287841797
59827,normal,1800,0,1782359082.3697948,0.0015501976013183594
59828,normal,73,0,1782359082.3721423,0.0023474693298339844
59829,normal,790,2,1782359082.373979,0.0018367767333984375
59830,normal,1417,0,1782359082.3757985,0.0018193721771240234
59831,normal,354,0,1782359082.3781633,0.0023648738861083984
59832,normal,559,0,1782359082.3799732,0.001809835433959961
59833,normal,2675,0,1782359082.3817892,0.0018160343170166016
59834,normal,569,0,1782359082.3837843,0.001995086669921875
59835,normal,606,0,1782359082.386179,0.0023946762084960938
59836,normal,1531,0,1782359082.3877978,0.0016188621520996094
59837,normal,1612,0,1782359082.3899791,0.0021812915802001953
59838,normal,2024,0,1782359082.3919575,0.0019783973693847656
59839,normal,1910,0,1782359082.39378,0.0018224716186523438
59840,normal,3061,1,1782359082.3962448,0.002464771270751953
59841,normal,232,0,1782359082.3977726,0.0015277862548828125
59842,normal,2974,0,1782359082.39991,0.002137422561645508
59843,normal,1895,0,1782359082.4017692,0.0018591880798339844
59844,normal,501,0,1782359082.404026,0.0022568702697753906
59845,normal,1456,0,1782359082.4057662,0.0017402172088623047
59846,normal,1986,0,1782359082.4079154,0.0021491050720214844
59847,normal,3525,0,1782359082.4097762,0.0018608570098876953
59848,normal,1346,1,1782359082.4119093,0.0021331310272216797
59849,normal,897,2,1782359082.413788,0.0018787384033203125
59850,normal,62,0,1782359082.4160256,0.002237558364868164
59851,normal,1667,0,1782359082.41778,0.0017542839050292969
59852,normal,3333,1,1782359082.419917,0.0021371841430664062
59853,normal,54,0,1782359082.42189,0.0019729137420654297
59854,normal,555,0,1782359082.4237776,0.0018875598907470703
59855,normal,3181,1,1782359082.4259167,0.0021390914916992188
59856,normal,1214,0,1782359082.4277763,0.0018596649169921875
59857,normal,3601,0,1782359082.4299428,0.0021665096282958984
59858,normal,3313,1,1782359082.4317708,0.0018279552459716797
59859,normal,3534,0,1782359082.4339242,0.0021533966064453125
59860,normal,1347,1,1782359082.4357615,0.0018372535705566406
59861,normal,3364,1,1782359082.4379215,0.0021600723266601562
59862,normal,2596,0,1782359082.4397743,0.0018527507781982422
59863,normal,3227,1,1782359082.441913,0.0021386146545410156
59864,normal,2667,0,1782359082.4437635,0.0018506050109863281
59865,normal,3306,1,1782359082.445935,0.0021715164184570312
59866,normal,1087,0,1782359082.4477649,0.0018298625946044922
59867,normal,2907,0,1782359082.44994,0.0021750926971435547
59868,normal,1591,0,1782359082.4517763,0.0018362998962402344
59869,normal,2766,0,1782359082.4539123,0.0021359920501708984
59870,normal,3337,1,1782359082.4557672,0.0018548965454101562
59871,normal,925,2,1782359082.4579427,0.002175569534301758
59872,normal,1846,0,1782359082.4597633,0.0018205642700195312
59873,normal,3066,1,1782359082.4619389,0.002175569534301758
59874,normal,2629,0,1782359082.4637773,0.0018384456634521484
59875,normal,1917,0,1782359082.4659064,0.002129077911376953
59876,normal,3086,1,1782359082.4677663,0.001859903335571289
59877,normal,38,0,1782359082.4699323,0.0021660327911376953
59878,normal,1317,0,1782359082.4717627,0.0018303394317626953
59879,normal,1137,0,1782359082.4739044,0.002141714096069336
59880,normal,1463,0,1782359082.4757824,0.0018780231475830078
59881,normal,809,2,1782359082.477914,0.0021317005157470703
59882,normal,3467,0,1782359082.4797683,0.0018541812896728516
59883,normal,1504,0,1782359082.4819367,0.002168416976928711
59884,normal,1154,0,1782359082.483765,0.0018281936645507812
59885,normal,2867,0,1782359082.4859161,0.0021512508392333984
59886,normal,3344,1,1782359082.4877825,0.0018663406372070312
59887,normal,1841,0,1782359082.4899032,0.0021207332611083984
59888,normal,1312,0,1782359082.491763,0.001859903335571289
59889,normal,2223,0,1782359082.4939406,0.0021774768829345703
59890,normal,1727,0,1782359082.4957638,0.0018231868743896484
59891,normal,2813,0,1782359082.4979398,0.002176046371459961
59892,normal,3405,0,1782359082.4997773,0.0018374919891357422
59893,normal,746,0,1782359082.5019062,0.0021288394927978516
59894,normal,1639,0,1782359082.5037706,0.0018644332885742188
59895,normal,1547,0,1782359082.505937,0.0021665096282958984
59896,normal,1616,0,1782359082.5077639,0.0018267631530761719
59897,normal,797,2,1782359082.509904,0.002140045166015625
59898,normal,957,2,1782359082.5117733,0.0018694400787353516
59899,normal,17,0,1782359082.5137691,0.0019958019256591797
59900,normal,553,0,1782359082.5159256,0.002156496047973633
59901,normal,3426,0,1782359082.517776,0.0018503665924072266
59902,normal,2957,0,1782359082.5199027,0.0021266937255859375
59903,normal,2170,0,1782359082.5217628,0.0018601417541503906
59904,normal,596,0,1782359082.5239296,0.002166748046875
59905,normal,815,2,1782359082.5257645,0.001834869384765625
59906,normal,418,0,1782359082.5279267,0.0021622180938720703
59907,normal,1369,1,1782359082.5297685,0.0018417835235595703
59908,normal,953,2,1782359082.5318947,0.0021262168884277344
59909,normal,347,0,1782359082.533766,0.001871347427368164
59910,normal,189,0,1782359082.5361426,0.002376556396484375
59911,normal,3560,0,1782359082.537795,0.0016524791717529297
59912,normal,110,0,1782359082.5401294,0.0023343563079833984
59913,normal,3072,1,1782359082.5419796,0.001850128173828125
59914,normal,3080,1,1782359082.5439496,0.001970052719116211
59915,normal,3659,0,1782359082.5459552,0.0020055770874023438
59916,normal,2394,0,1782359082.5481374,0.0021822452545166016
59917,normal,2031,0,1782359082.5498111,0.0016736984252929688
59918,normal,2597,0,1782359082.5517857,0.0019745826721191406
59919,normal,3629,0,1782359082.5542524,0.0024666786193847656
59920,normal,1148,0,1782359082.555784,0.0015316009521484375
59921,normal,3326,1,1782359082.5579083,0.002124309539794922
59922,normal,2519,0,1782359082.5597687,0.0018603801727294922
59923,normal,918,2,1782359082.561928,0.0021593570709228516
59924,normal,24,0,1782359082.5637617,0.0018336772918701172
59925,normal,3681,0,1782359082.5659332,0.0021715164184570312
59926,normal,2793,0,1782359082.567763,0.0018298625946044922
59927,normal,584,0,1782359082.569768,0.002004861831665039
59928,normal,803,2,1782359082.571939,0.002171039581298828
59929,normal,2612,0,1782359082.5737762,0.0018372535705566406
59930,normal,889,2,1782359082.5759153,0.0021390914916992188
59931,normal,1818,0,1782359082.5777774,0.0018620491027832031
59932,normal,670,0,1782359082.5799124,0.002135038375854492
59933,normal,609,0,1782359082.5817661,0.0018537044525146484
59934,normal,1731,0,1782359082.5838206,0.002054452896118164
59935,normal,1352,1,1782359082.5857627,0.0019421577453613281
59936,normal,1996,0,1782359082.5877652,0.0020024776458740234
59937,normal,1821,0,1782359082.5901213,0.0023560523986816406
59938,normal,446,0,1782359082.5918508,0.0017294883728027344
59939,normal,2993,0,1782359082.5937667,0.0019159317016601562
59940,normal,2459,0,1782359082.5959327,0.0021660327911376953
59941,normal,2770,0,1782359082.5977714,0.00183868408203125
59942,normal,3350,1,1782359082.599914,0.002142667770385742
59943,normal,1520,0,1782359082.601766,0.0018520355224609375
59944,normal,2030,0,1782359082.6039317,0.002165555953979492
59945,normal,1737,0,1782359082.6057687,0.001837015151977539
59946,normal,1149,0,1782359082.60794,0.0021712779998779297
59947,normal,3478,0,1782359082.6097682,0.0018281936645507812
59948,normal,1027,2,1782359082.611941,0.0021729469299316406
59949,normal,2929,0,1782359082.6137753,0.0018341541290283203
59950,normal,2883,0,1782359082.615905,0.002129793167114258
59951,normal,100,0,1782359082.6177666,0.001861572265625
59952,normal,820,2,1782359082.6199343,0.0021677017211914062
59953,normal,1991,0,1782359082.621755,0.0018205642700195312
59954,normal,1561,0,1782359082.6237683,0.0020134449005126953
59955,normal,2960,0,1782359082.6261694,0.002401113510131836
59956,normal,1361,1,1782359082.6277723,0.0016028881072998047
59957,normal,1190,0,1782359082.629916,0.0021436214447021484
59958,normal,3656,0,1782359082.6317832,0.0018672943115234375
59959,normal,1751,0,1782359082.6337726,0.0019893646240234375
59960,normal,344,0,1782359082.6359065,0.0021338462829589844
59961,normal,2805,0,1782359082.637769,0.0018625259399414062
59962,normal,1026,2,1782359082.6399105,0.0021414756774902344
59963,normal,219,0,1782359082.6417692,0.0018587112426757812
59964,normal,491,0,1782359082.644028,0.002258777618408203
59965,normal,2580,0,1782359082.645765,0.0017371177673339844
59966,normal,1432,0,1782359082.6479144,0.002149343490600586
59967,normal,970,2,1782359082.6497788,0.0018644332885742188
59968,normal,476,0,1782359082.6517653,0.0019865036010742188
59969,normal,1602,0,1782359082.6537695,0.0020041465759277344
59970,normal,2856,0,1782359082.6559565,0.002187013626098633
59971,normal,2657,0,1782359082.6577642,0.0018076896667480469
59972,normal,2526,0,1782359082.6597676,0.0020034313201904297
59973,normal,1381,1,1782359082.6619256,0.002157926559448242
59974,normal,1454,0,1782359082.6637526,0.0018270015716552734
59975,normal,810,2,1782359082.6658294,0.002076864242553711
59976,normal,1374,1,1782359082.66775,0.001920461654663086
59977,normal,1298,0,1782359082.6697514,0.002001523971557617
59978,normal,1698,0,1782359082.671914,0.0021626949310302734
59979,normal,1001,2,1782359082.6739254,0.0020112991333007812
59980,normal,3094,1,1782359082.675767,0.0018415451049804688
59981,normal,3201,1,1782359082.6781213,0.0023543834686279297
59982,normal,2775,0,1782359082.6799595,0.0018382072448730469
59983,normal,2244,0,1782359082.6817944,0.001834869384765625
59984,normal,430,0,1782359082.6839557,0.002161264419555664
59985,normal,2746,0,1782359082.6861308,0.0021750926971435547
59986,normal,441,0,1782359082.6877935,0.0016627311706542969
59987,normal,176,0,1782359082.6899533,0.0021598339080810547
59988,normal,3644,0,1782359082.691867,0.0019137859344482422
59989,normal,3007,0,1782359082.6939452,0.0020780563354492188
59990,normal,2381,0,1782359082.6957939,0.0018486976623535156
59991,normal,724,0,1782359082.6982005,0.002406597137451172
59992,normal,2413,0,1782359082.6997826,0.0015821456909179688
59993,normal,1967,0,1782359082.7019088,0.0021262168884277344
59994,normal,1458,0,1782359082.703876,0.001967191696166992
59995,normal,2145,0,1782359082.70591,0.0020339488983154297
59996,normal,3662,0,1782359082.7077672,0.0018572807312011719
59997,normal,2441,0,1782359082.7099361,0.002168893814086914
59998,normal,3428,0,1782359082.7117772,0.0018410682678222656
59999,normal,2127,0,1782359082.713918,0.0021407604217529297
60000,normal,2294,0,1782359082.715764,0.0018460750579833984
60001,normal,2897,0,1782359082.7179112,0.002147197723388672
60002,normal,1944,0,1782359082.7197652,0.00185394287109375
60003,normal,1477,0,1782359082.7219377,0.0021724700927734375
60004,normal,1492,0,1782359082.7237813,0.0018436908721923828
60005,normal,3441,0,1782359082.7259169,0.0021355152130126953
60006,normal,716,0,1782359082.7277768,0.001859903335571289
60007,normal,2339,0,1782359082.7299395,0.0021626949310302734
60008,normal,2387,0,1782359082.7317672,0.0018277168273925781
60009,normal,293,0,1782359082.7339494,0.0021822452545166016
60010,normal,2399,0,1782359082.7357771,0.0018277168273925781
60011,normal,1940,0,1782359082.737771,0.001993894577026367
60012,normal,484,0,1782359082.7399595,0.002188444137573242
60013,normal,891,2,1782359082.7417767,0.0018172264099121094
60014,normal,2023,0,1782359082.7439153,0.0021386146545410156
60015,normal,201,0,1782359082.7457776,0.0018622875213623047
60016,normal,971,2,1782359082.7479105,0.002132892608642578
60017,normal,2542,0,1782359082.7497706,0.0018601417541503906
60018,normal,3264,1,1782359082.7517765,0.0020058155059814453
60019,normal,2919,0,1782359082.7537618,0.001985311508178711
60020,normal,2611,0,1782359082.7557654,0.0020036697387695312
60021,normal,852,2,1782359082.7577777,0.0020122528076171875
60022,normal,1877,0,1782359082.7597663,0.001988649368286133
60023,normal,2581,0,1782359082.7617655,0.0019991397857666016
60024,normal,461,0,1782359082.763776,0.0020105838775634766
60025,normal,3186,1,1782359082.7657797,0.0020036697387695312
60026,normal,936,2,1782359082.7677643,0.0019845962524414062
60027,normal,698,0,1782359082.7697766,0.0020122528076171875
60028,normal,1209,0,1782359082.771766,0.0019893646240234375
60029,normal,2671,0,1782359082.7737648,0.0019989013671875
60030,normal,3515,0,1782359082.7757747,0.002009868621826172
60031,normal,351,0,1782359082.7777658,0.0019910335540771484
60032,normal,1951,0,1782359082.7797658,0.002000093460083008
60033,normal,3206,1,1782359082.7817767,0.002010822296142578
60034,normal,1182,0,1782359082.7837632,0.0019865036010742188
60035,normal,811,2,1782359082.7857623,0.0019991397857666016
60036,normal,386,0,1782359082.7877827,0.0020203590393066406
60037,normal,379,0,1782359082.7897654,0.0019826889038085938
60038,normal,2327,0,1782359082.791765,0.0019996166229248047
60039,normal,969,2,1782359082.7937772,0.0020122528076171875
60040,normal,458,0,1782359082.7957659,0.001988649368286133
60041,normal,107,0,1782359082.7977638,0.0019979476928710938
60042,normal,2849,0,1782359082.7997792,0.002015352249145508
60043,normal,267,0,1782359082.8017654,0.001986265182495117
60044,normal,1484,0,1782359082.803769,0.0020036697387695312
60045,normal,3299,1,1782359082.805778,0.0020089149475097656
60046,normal,511,0,1782359082.8077638,0.001985788345336914
60047,normal,1247,0,1782359082.8097646,0.0020008087158203125
60048,normal,1508,0,1782359082.8117774,0.0020127296447753906
60049,normal,3020,0,1782359082.8137665,0.001989126205444336
60050,normal,1,0,1782359082.8157647,0.0019981861114501953
60051,normal,2366,0,1782359082.8177667,0.0020020008087158203
60052,normal,390,0,1782359082.8197331,0.0019664764404296875
60053,normal,3220,1,1782359082.8217351,0.0020020008087158203
60054,normal,1651,0,1782359082.8237867,0.0020515918731689453
60055,normal,3638,0,1782359082.8257363,0.0019495487213134766
60056,normal,2546,0,1782359082.8277392,0.0020029544830322266
60057,normal,742,0,1782359082.8297882,0.002048969268798828
60058,normal,3211,1,1782359082.8317304,0.0019421577453613281
60059,normal,1935,0,1782359082.833736,0.0020055770874023438
60060,normal,1668,0,1782359082.8357887,0.002052783966064453
60061,normal,1392,0,1782359082.837735,0.0019462108612060547
60062,normal,2986,0,1782359082.8397005,0.0019655227661132812
60063,normal,363,0,1782359082.841739,0.0020384788513183594
60064,normal,2314,0,1782359082.8437245,0.0019855499267578125
60065,normal,1942,0,1782359082.8457205,0.0019960403442382812
60066,normal,561,0,1782359082.8477905,0.0020699501037597656
60067,normal,345,0,1782359082.8499463,0.002155780792236328
60068,normal,419,0,1782359082.8517673,0.0018210411071777344
60069,normal,3696,0,1782359082.853774,0.0020067691802978516
60070,normal,791,2,1782359082.855765,0.0019910335540771484
60071,normal,3365,1,1782359082.8577704,0.002005338668823242
60072,normal,599,0,1782359082.8597755,0.0020051002502441406
60073,normal,3434,0,1782359082.8617647,0.001989126205444336
60074,normal,789,2,1782359082.863909,0.002144336700439453
60075,normal,1077,0,1782359082.865792,0.0018830299377441406
60076,normal,535,0,1782359082.8677344,0.0019423961639404297
60077,normal,2941,0,1782359082.8697305,0.0019960403442382812
60078,normal,316,0,1782359082.8718092,0.0020787715911865234
60079,normal,1522,0,1782359082.8737316,0.0019223690032958984
60080,normal,2482,0,1782359082.875731,0.001999378204345703
60081,normal,1865,0,1782359082.8777823,0.0020513534545898438
60082,normal,1845,0,1782359082.8797348,0.0019524097442626953
60083,normal,557,0,1782359082.8817294,0.001994609832763672
60084,normal,1348,1,1782359082.8838062,0.002076864242553711
60085,normal,1329,1,1782359082.885781,0.001974821090698242
60086,normal,2364,0,1782359082.8879342,0.002153158187866211
60087,normal,3276,1,1782359082.8897736,0.0018393993377685547
60088,normal,1871,0,1782359082.8917284,0.001954793930053711
60089,normal,1084,0,1782359082.893729,0.002000570297241211
60090,normal,2192,0,1782359082.8957736,0.002044677734375
60091,normal,1992,0,1782359082.8977187,0.0019450187683105469
60092,normal,2650,0,1782359082.899749,0.0020303726196289062
60093,normal,2701,0,1782359082.9019337,0.002184629440307617
60094,normal,3328,1,1782359082.9037724,0.00183868408203125
60095,normal,2045,0,1782359082.9059477,0.0021753311157226562
60096,normal,1660,0,1782359082.9077733,0.001825571060180664
60097,normal,2406,0,1782359082.909758,0.001984834671020508
60098,normal,3217,1,1782359082.9117494,0.00199127197265625
60099,normal,3639,0,1782359082.9138806,0.002131223678588867
60100,normal,1936,0,1782359082.9157937,0.0019130706787109375
60101,normal,247,0,1782359082.9177675,0.001973867416381836
60102,normal,2543,0,1782359082.9198618,0.002094268798828125
60103,normal,2994,0,1782359082.9217567,0.0018949508666992188
60104,normal,1095,0,1782359082.9237397,0.0019829273223876953
60105,normal,3302,1,1782359082.9257884,0.0020487308502197266
60106,normal,3708,0,1782359082.927752,0.0019636154174804688
60107,normal,1973,0,1782359082.9298909,0.002138853073120117
60108,normal,2961,0,1782359082.9317954,0.0019044876098632812
60109,normal,1503,0,1782359082.933692,0.0018966197967529297
60110,normal,2356,0,1782359082.9357243,0.0020322799682617188
60111,normal,592,0,1782359082.9377916,0.0020673274993896484
60112,normal,2290,0,1782359082.9397516,0.0019600391387939453
60113,normal,394,0,1782359082.941959,0.0022072792053222656
60114,normal,3634,0,1782359082.9439783,0.0020194053649902344
60115,normal,3466,0,1782359082.9457636,0.0017852783203125
60116,normal,2669,0,1782359082.9478104,0.002046823501586914
60117,normal,196,0,1782359082.9499235,0.0021131038665771484
60118,normal,1168,0,1782359082.9517825,0.0018589496612548828
60119,normal,1969,0,1782359082.9537957,0.0020132064819335938
60120,normal,841,2,1782359082.955898,0.002102375030517578
60121,normal,3134,1,1782359082.957752,0.00185394287109375
60122,normal,1132,0,1782359082.9599304,0.0021784305572509766
60123,normal,3585,0,1782359082.9619353,0.002004861831665039
60124,normal,832,2,1782359082.9641187,0.0021834373474121094
60125,normal,10,0,1782359082.9657626,0.0016438961029052734
60126,normal,2558,0,1782359082.968053,0.002290487289428711
60127,normal,2242,0,1782359082.9697697,0.00171661376953125
60128,normal,3174,1,1782359082.9719038,0.002134084701538086
60129,normal,3462,0,1782359082.973777,0.0018732547760009766
60130,normal,1506,0,1782359082.9759064,0.0021293163299560547
60131,normal,2705,0,1782359082.9777672,0.0018608570098876953
60132,normal,439,0,1782359082.9799302,0.002162933349609375
60133,normal,2454,0,1782359082.9817638,0.0018336772918701172
60134,normal,2022,0,1782359082.9839096,0.0021457672119140625
60135,normal,2419,0,1782359082.9857776,0.0018680095672607422
60136,normal,3436,0,1782359082.9879065,0.0021288394927978516
60137,normal,1867,0,1782359082.9897652,0.0018587112426757812
60138,normal,3214,1,1782359082.9919393,0.0021741390228271484
60139,normal,140,0,1782359082.993768,0.0018286705017089844
60140,normal,771,0,1782359082.9959064,0.002138376235961914
60141,normal,910,2,1782359082.9977763,0.0018699169158935547
60142,normal,1836,0,1782359082.9999082,0.002131938934326172
60143,normal,3329,1,1782359083.001765,0.0018568038940429688
60144,normal,470,0,1782359083.0039318,0.002166748046875
60145,normal,3532,0,1782359083.0057652,0.0018334388732910156
60146,normal,2587,0,1782359083.0078998,0.002134561538696289
60147,normal,1372,1,1782359083.0097682,0.0018684864044189453
60148,normal,1220,0,1782359083.0119054,0.0021371841430664062
60149,normal,727,0,1782359083.0137696,0.0018641948699951172
60150,normal,1345,1,1782359083.015953,0.0021834373474121094
60151,normal,389,0,1782359083.0177646,0.0018115043640136719
60152,normal,3290,1,1782359083.019903,0.002138376235961914
60153,normal,2489,0,1782359083.0217845,0.0018815994262695312
60154,normal,3051,1,1782359083.023768,0.0019834041595458984
60155,normal,3192,1,1782359083.0257664,0.001998424530029297
60156,normal,1251,0,1782359083.0279083,0.0021419525146484375
60157,normal,2217,0,1782359083.0297685,0.0018601417541503906
60158,normal,1850,0,1782359083.0317683,0.0019998550415039062
60159,normal,874,2,1782359083.0337243,0.0019559860229492188
60160,normal,2494,0,1782359083.0357404,0.0020160675048828125
60161,normal,1036,0,1782359083.037718,0.001977682113647461
60162,normal,1079,0,1782359083.039777,0.0020589828491210938
60163,normal,1290,0,1782359083.0417151,0.0019381046295166016
60164,normal,1302,0,1782359083.043731,0.002015829086303711
60165,normal,2517,0,1782359083.0457735,0.002042531967163086
60166,normal,1801,0,1782359083.0477102,0.0019366741180419922
60167,normal,3402,0,1782359083.0497127,0.0020024776458740234
60168,normal,496,0,1782359083.0518332,0.002120494842529297
60169,normal,472,0,1782359083.0536942,0.0018610954284667969
60170,normal,151,0,1782359083.0558712,0.002177000045776367
60171,normal,3632,0,1782359083.057954,0.00208282470703125
60172,normal,26,0,1782359083.059734,0.0017800331115722656
60173,normal,661,0,1782359083.0617363,0.002002239227294922
60174,normal,2699,0,1782359083.0638242,0.002087831497192383
60175,normal,2716,0,1782359083.065726,0.001901865005493164
60176,normal,1567,0,1782359083.0678148,0.002088785171508789
60177,normal,2912,0,1782359083.069789,0.0019741058349609375
60178,normal,112,0,1782359083.0719097,0.0021207332611083984
60179,normal,2392,0,1782359083.0737643,0.0018546581268310547
60180,normal,1546,0,1782359083.0759366,0.002172231674194336
60181,normal,828,2,1782359083.0777662,0.0018296241760253906
60182,normal,59,0,1782359083.0797722,0.002006053924560547
60183,normal,2000,0,1782359083.0818872,0.002115011215209961
60184,normal,1370,1,1782359083.083738,0.0018508434295654297
60185,normal,631,0,1782359083.0858147,0.0020766258239746094
60186,normal,1174,0,1782359083.0877852,0.001970529556274414
60187,normal,3189,1,1782359083.0899074,0.002122163772583008
60188,normal,154,0,1782359083.0917666,0.0018591880798339844
60189,normal,1384,0,1782359083.0939333,0.002166748046875
60190,normal,3382,1,1782359083.0957665,0.001833200454711914
60191,normal,1646,0,1782359083.0977712,0.0020046234130859375
60192,normal,1925,0,1782359083.0998743,0.002103090286254883
60193,normal,3558,0,1782359083.101707,0.001832723617553711
60194,normal,2989,0,1782359083.1037297,0.0020227432250976562
60195,normal,3652,0,1782359083.1057813,0.0020515918731689453
60196,normal,2126,0,1782359083.1077352,0.0019538402557373047
60197,normal,1919,0,1782359083.109735,0.0019998550415039062
60198,normal,1165,0,1782359083.11179,0.002054929733276367
60199,normal,2915,0,1782359083.1137378,0.0019478797912597656
60200,normal,885,2,1782359083.1157293,0.0019915103912353516
60201,normal,1096,0,1782359083.1177778,0.002048492431640625
60202,normal,1188,0,1782359083.1197317,0.0019538402557373047
60203,normal,1208,0,1782359083.1217191,0.001987457275390625
60204,normal,704,0,1782359083.123788,0.0020689964294433594
60205,normal,1272,0,1782359083.1259255,0.002137422561645508
60206,normal,2535,0,1782359083.1277444,0.0018188953399658203
60207,normal,2491,0,1782359083.1298342,0.0020897388458251953
60208,normal,2893,0,1782359083.131722,0.0018877983093261719
60209,normal,1440,0,1782359083.1337953,0.0020732879638671875
60210,normal,1110,0,1782359083.135807,0.0020117759704589844
60211,normal,577,0,1782359083.1377645,0.001957416534423828
60212,normal,3240,1,1782359083.1399078,0.002143383026123047
60213,normal,528,0,1782359083.1417675,0.0018596649169921875
60214,normal,240,0,1782359083.1439037,0.00213623046875
60215,normal,36,0,1782359083.1457694,0.0018656253814697266
60216,normal,1953,0,1782359083.1480305,0.0022611618041992188
60217,normal,840,2,1782359083.1497633,0.0017328262329101562
60218,normal,157,0,1782359083.1517732,0.002009868621826172
60219,normal,1040,0,1782359083.153922,0.002148866653442383
60220,normal,1242,0,1782359083.1557581,0.0018360614776611328
60221,normal,2438,0,1782359083.157923,0.0021648406982421875
60222,normal,1711,0,1782359083.1599889,0.002065896987915039
60223,normal,2619,0,1782359083.1619377,0.0019488334655761719
60224,normal,638,0,1782359083.1639493,0.002011537551879883
60225,normal,19,0,1782359083.1661642,0.0022149085998535156
60226,normal,1429,0,1782359083.1677861,0.0016219615936279297
60227,normal,1712,0,1782359083.170109,0.0023229122161865234
60228,normal,1754,0,1782359083.1719797,0.0018706321716308594
60229,normal,1834,0,1782359083.173794,0.0018143653869628906
60230,normal,1416,0,1782359083.1759958,0.0022017955780029297
60231,normal,883,2,1782359083.1777956,0.0017998218536376953
60232,normal,1125,0,1782359083.1799462,0.0021505355834960938
60233,normal,806,2,1782359083.181812,0.0018658638000488281
60234,normal,1496,0,1782359083.1840606,0.002248525619506836
60235,normal,61,0,1782359083.1857648,0.0017042160034179688
60236,normal,1792,0,1782359083.1879063,0.0021414756774902344
60237,normal,2308,0,1782359083.1899316,0.0020253658294677734
60238,normal,3592,0,1782359083.1917675,0.0018358230590820312
60239,normal,3709,0,1782359083.193792,0.0020246505737304688
60240,normal,3539,0,1782359083.195945,0.0021529197692871094
60241,normal,699,0,1782359083.1977654,0.0018203258514404297
60242,normal,2436,0,1782359083.199913,0.002147674560546875
60243,normal,1405,0,1782359083.2017772,0.0018641948699951172
60244,normal,3599,0,1782359083.2037666,0.0019893646240234375
60245,normal,3613,0,1782359083.2057738,0.0020072460174560547
60246,normal,738,0,1782359083.2079256,0.0021517276763916016
60247,normal,2999,0,1782359083.209757,0.0018315315246582031
60248,normal,2095,0,1782359083.2119062,0.0021491050720214844
60249,normal,1950,0,1782359083.2139246,0.002018451690673828
60250,normal,1557,0,1782359083.216006,0.0020813941955566406
60251,normal,3221,1,1782359083.2178257,0.001819610595703125
60252,normal,601,0,1782359083.219979,0.0021533966064453125
60253,normal,562,0,1782359083.2217789,0.0017998218536376953
60254,normal,824,2,1782359083.2239125,0.002133607864379883
60255,normal,2713,0,1782359083.2260818,0.002169370651245117
60256,normal,1689,0,1782359083.227762,0.001680135726928711
60257,normal,3266,1,1782359083.2299328,0.0021708011627197266
60258,normal,1338,1,1782359083.2320123,0.002079486846923828
60259,normal,44,0,1782359083.234109,0.0020966529846191406
60260,normal,783,2,1782359083.2358062,0.0016973018646240234
60261,normal,2432,0,1782359083.2381268,0.002320528030395508
60262,normal,1005,2,1782359083.2397914,0.0016646385192871094
60263,normal,3502,0,1782359083.2419481,0.0021567344665527344
60264,normal,748,0,1782359083.2441347,0.0021865367889404297
60265,normal,3002,0,1782359083.2458048,0.0016701221466064453
60266,normal,332,0,1782359083.247991,0.002186298370361328
60267,normal,2738,0,1782359083.2499776,0.0019865036010742188
60268,normal,2403,0,1782359083.2517643,0.0017867088317871094
60269,normal,3661,0,1782359083.2539225,0.0021581649780273438
60270,normal,2125,0,1782359083.2561467,0.0022242069244384766
60271,normal,2119,0,1782359083.2577558,0.0016090869903564453
60272,normal,1571,0,1782359083.2599537,0.0021979808807373047
60273,normal,1464,0,1782359083.262124,0.0021703243255615234
60274,normal,3425,0,1782359083.2638001,0.0016760826110839844
60275,normal,1241,0,1782359083.2659547,0.0021545886993408203
60276,normal,1269,0,1782359083.2679543,0.0019996166229248047
60277,normal,2166,0,1782359083.2697625,0.00180816650390625
60278,normal,438,0,1782359083.271804,0.0020415782928466797
60279,normal,2094,0,1782359083.2739923,0.0021882057189941406
60280,normal,2239,0,1782359083.2757502,0.0017578601837158203
60281,normal,2832,0,1782359083.2778986,0.0021483898162841797
60282,normal,3366,1,1782359083.2800405,0.0021419525146484375
60283,normal,1676,0,1782359083.2817414,0.0017008781433105469
60284,normal,2087,0,1782359083.2839282,0.0021867752075195312
60285,normal,487,0,1782359083.2860458,0.002117633819580078
60286,normal,3400,1,1782359083.2877452,0.0016994476318359375
60287,normal,2547,0,1782359083.2900205,0.002275228500366211
60288,normal,3148,1,1782359083.2919092,0.0018887519836425781
60289,normal,2184,0,1782359083.293818,0.0019087791442871094
60290,normal,1364,1,1782359083.295949,0.0021309852600097656
60291,normal,142,0,1782359083.2980502,0.0021011829376220703
60292,normal,1938,0,1782359083.2997456,0.001695394515991211
60293,normal,1083,0,1782359083.3018968,0.0021512508392333984
60294,normal,3010,0,1782359083.3041153,0.002218484878540039
60295,normal,1611,0,1782359083.3057494,0.0016341209411621094
60296,normal,3456,0,1782359083.3081605,0.0024111270904541016
60297,normal,523,0,1782359083.3099027,0.0017421245574951172
60298,normal,2433,0,1782359083.3119392,0.002036571502685547
60299,normal,3646,0,1782359083.3139582,0.0020189285278320312
60300,normal,1579,0,1782359083.3159578,0.0019996166229248047
60301,normal,1276,0,1782359083.3177648,0.0018069744110107422
60302,normal,3526,0,1782359083.3199039,0.0021390914916992188
60303,normal,1989,0,1782359083.3219073,0.0020034313201904297
60304,normal,2007,0,1782359083.3237805,0.0018732547760009766
60305,normal,34,0,1782359083.3259006,0.0021200180053710938
60306,normal,624,0,1782359083.3280678,0.002167224884033203
60307,normal,1353,1,1782359083.3297548,0.0016870498657226562
60308,normal,968,2,1782359083.3319046,0.002149820327758789
60309,normal,2448,0,1782359083.3338585,0.0019538402557373047
60310,normal,3036,0,1782359083.335756,0.001897573471069336
60311,normal,3317,1,1782359083.3378975,0.0021414756774902344
60312,normal,3252,1,1782359083.3399143,0.002016782760620117
60313,normal,2194,0,1782359083.3417907,0.0018763542175292969
60314,normal,1064,0,1782359083.343904,0.00211334228515625
60315,normal,3053,1,1782359083.34596,0.0020558834075927734
60316,normal,1119,0,1782359083.3477542,0.0017943382263183594
60317,normal,1565,0,1782359083.3497756,0.002021312713623047
60318,normal,1826,0,1782359083.3517883,0.0020127296447753906
60319,normal,616,0,1782359083.3538923,0.002104043960571289
60320,normal,2833,0,1782359083.355714,0.001821756362915039
60321,normal,284,0,1782359083.3577971,0.0020830631256103516
60322,normal,3079,1,1782359083.3597178,0.0019207000732421875
60323,normal,3483,0,1782359083.3619144,0.0021965503692626953
60324,normal,2253,0,1782359083.3641024,0.002187967300415039
60325,normal,516,0,1782359083.3657963,0.0016939640045166016
60326,normal,1344,1,1782359083.367985,0.0021886825561523438
60327,normal,520,0,1782359083.369983,0.0019979476928710938
60328,normal,3196,1,1782359083.371795,0.001811981201171875
60329,normal,314,0,1782359083.373959,0.002164125442504883
60330,normal,3527,0,1782359083.375934,0.001974821090698242
60331,normal,2694,0,1782359083.3778133,0.0018794536590576172
60332,normal,2660,0,1782359083.379831,0.0020177364349365234
60333,normal,3392,1,1782359083.3819985,0.0021674633026123047
60334,normal,1421,0,1782359083.3837984,0.0017998218536376953
60335,normal,952,2,1782359083.385953,0.0021545886993408203
60336,normal,2610,0,1782359083.3879886,0.0020356178283691406
60337,normal,1770,0,1782359083.3897939,0.0018053054809570312
60338,normal,65,0,1782359083.3919778,0.0021839141845703125
60339,normal,1528,0,1782359083.3939118,0.001934051513671875
60340,normal,412,0,1782359083.3957691,0.0018572807312011719
60341,normal,1810,0,1782359083.3978643,0.0020952224731445312
60342,normal,88,0,1782359083.3999145,0.002050161361694336
60343,normal,1256,0,1782359083.4017582,0.0018436908721923828
60344,normal,1425,0,1782359083.403902,0.00214385986328125
60345,normal,2533,0,1782359083.405912,0.002009868621826172
60346,normal,850,2,1782359083.4077578,0.0018458366394042969
60347,normal,3178,1,1782359083.4099047,0.0021469593048095703
60348,normal,1363,1,1782359083.411958,0.0020532608032226562
60349,normal,2933,0,1782359083.4137547,0.001796722412109375
60350,normal,2065,0,1782359083.4159076,0.0021529197692871094
60351,normal,3371,1,1782359083.417924,0.002016305923461914
60352,normal,787,2,1782359083.4197612,0.0018372535705566406
60353,normal,3538,0,1782359083.4219096,0.0021483898162841797
60354,normal,474,0,1782359083.423925,0.002015352249145508
60355,normal,2032,0,1782359083.4257596,0.0018346309661865234
60356,normal,1441,0,1782359083.427879,0.0021195411682128906
60357,normal,1452,0,1782359083.4298506,0.0019714832305908203
60358,normal,251,0,1782359083.4317584,0.0019078254699707031
60359,normal,2767,0,1782359083.4339256,0.002167224884033203
60360,normal,456,0,1782359083.4358945,0.001968860626220703
60361,normal,1757,0,1782359083.437773,0.001878499984741211
60362,normal,146,0,1782359083.4399006,0.0021276473999023438
60363,normal,2389,0,1782359083.4419572,0.002056598663330078
60364,normal,3703,0,1782359083.4437668,0.0018095970153808594
60365,normal,2789,0,1782359083.4459054,0.0021386146545410156
60366,normal,3563,0,1782359083.4479127,0.0020072460174560547
60367,normal,3676,0,1782359083.449758,0.0018453598022460938
60368,normal,3445,0,1782359083.4519203,0.0021622180938720703
60369,normal,1153,0,1782359083.4539194,0.0019991397857666016
60370,normal,648,0,1782359083.4557557,0.0018362998962402344
60371,normal,1212,0,1782359083.4578989,0.0021431446075439453
60372,normal,3643,0,1782359083.4599094,0.0020105838775634766
60373,normal,2816,0,1782359083.461762,0.0018525123596191406
60374,normal,924,2,1782359083.4638922,0.002130270004272461
60375,normal,541,0,1782359083.4659193,0.0020270347595214844
60376,normal,1487,0,1782359083.467764,0.001844644546508789
60377,normal,2141,0,1782359083.4699023,0.002138376235961914
60378,normal,1414,0,1782359083.4718974,0.001995086669921875
60379,normal,2802,0,1782359083.4737587,0.0018613338470458984
60380,normal,3169,1,1782359083.475901,0.002142190933227539
60381,normal,779,2,1782359083.4779043,0.0020034313201904297
60382,normal,588,0,1782359083.4797552,0.0018508434295654297
60383,normal,1555,0,1782359083.4818602,0.0021049976348876953
60384,normal,3406,0,1782359083.4838543,0.0019941329956054688
60385,normal,2261,0,1782359083.4857748,0.001920461654663086
60386,normal,2513,0,1782359083.488751,0.0029761791229248047
60387,normal,3699,0,1782359083.4898922,0.0011413097381591797
60388,normal,658,0,1782359083.491759,0.0018668174743652344
60389,normal,1310,0,1782359083.4939198,0.002160787582397461
60390,normal,1469,0,1782359083.4959307,0.002010822296142578
60391,normal,13,0,1782359083.4977593,0.0018286705017089844
60392,normal,510,0,1782359083.499921,0.002161741256713867
60393,normal,2425,0,1782359083.5019135,0.001992464065551758
60394,normal,244,0,1782359083.5037508,0.0018372535705566406
60395,normal,2358,0,1782359083.5059087,0.002157926559448242
60396,normal,3207,1,1782359083.5079088,0.002000093460083008
60397,normal,2591,0,1782359083.5097508,0.0018420219421386719
60398,normal,2754,0,1782359083.5119705,0.002219676971435547
60399,normal,2240,0,1782359083.5139267,0.0019562244415283203
60400,normal,2697,0,1782359083.5157807,0.00185394287109375
60401,normal,1652,0,1782359083.5178812,0.0021004676818847656
60402,normal,3111,1,1782359083.519949,0.0020678043365478516
60403,normal,2753,0,1782359083.5217693,0.0018203258514404297
60404,normal,2273,0,1782359083.5238943,0.0021250247955322266
60405,normal,3184,1,1782359083.5259125,0.0020182132720947266
60406,normal,451,0,1782359083.5277624,0.0018498897552490234
60407,normal,672,0,1782359083.5298948,0.002132415771484375
60408,normal,3349,1,1782359083.5319467,0.002051830291748047
60409,normal,594,0,1782359083.5337884,0.0018417835235595703
60410,normal,136,0,1782359083.535918,0.0021295547485351562
60411,normal,720,0,1782359083.5379298,0.0020117759704589844
60412,normal,2039,0,1782359083.5397763,0.0018465518951416016
60413,normal,1876,0,1782359083.5419185,0.002142190933227539
60414,normal,1532,0,1782359083.5439267,0.002008199691772461
60415,normal,3701,0,1782359083.545827,0.0019001960754394531
60416,normal,2201,0,1782359083.5479305,0.002103567123413086
60417,normal,3331,1,1782359083.5499535,0.002022981643676758
60418,normal,3465,0,1782359083.5517547,0.0018012523651123047
60419,normal,3542,0,1782359083.5539422,0.002187490463256836
60420,normal,1645,0,1782359083.5557404,0.0017981529235839844
60421,normal,1161,0,1782359083.5579367,0.0021963119506835938
60422,normal,550,0,1782359083.5598195,0.001882791519165039
60423,normal,2502,0,1782359083.5619316,0.002112150192260742
60424,normal,2782,0,1782359083.5637732,0.0018415451049804688
60425,normal,602,0,1782359083.5659106,0.002137422561645508
60426,normal,387,0,1782359083.5679739,0.002063274383544922
60427,normal,2811,0,1782359083.5697472,0.0017733573913574219
60428,normal,69,0,1782359083.571921,0.002173900604248047
60429,normal,1815,0,1782359083.5739403,0.002019166946411133
60430,normal,437,0,1782359083.575779,0.00183868408203125
60431,normal,1673,0,1782359083.577901,0.0021219253540039062
60432,normal,632,0,1782359083.5799394,0.0020384788513183594
60433,normal,563,0,1782359083.5817714,0.0018320083618164062
60434,normal,2975,0,1782359083.5838974,0.002125978469848633
60435,normal,3450,0,1782359083.5859492,0.002051830291748047
60436,normal,214,0,1782359083.5877483,0.0017991065979003906
60437,normal,2723,0,1782359083.5899496,0.0022013187408447266
60438,normal,1389,0,1782359083.5919223,0.001972675323486328
60439,normal,1075,0,1782359083.5937696,0.0018472671508789062
60440,normal,1166,0,1782359083.5958111,0.0020415782928466797
60441,normal,1786,0,1782359083.597943,0.002131938934326172
60442,normal,9,0,1782359083.599727,0.0017838478088378906
60443,normal,2515,0,1782359083.6017134,0.0019865036010742188
60444,normal,2808,0,1782359083.6037474,0.0020339488983154297
60445,normal,1972,0,1782359083.605709,0.0019617080688476562
60446,normal,276,0,1782359083.6077635,0.002054452896118164
60447,normal,1831,0,1782359083.6097443,0.0019807815551757812
60448,normal,911,2,1782359083.6117089,0.001964569091796875
60449,normal,1311,0,1782359083.613746,0.00203704833984375
60450,normal,2744,0,1782359083.6157455,0.0019996166229248047
60451,normal,2248,0,1782359083.6177087,0.0019631385803222656
60452,normal,1411,0,1782359083.6197512,0.002042531967163086
60453,normal,32,0,1782359083.621776,0.0020248889923095703
60454,normal,2620,0,1782359083.6237223,0.0019462108612060547
60455,normal,235,0,1782359083.62571,0.0019876956939697266
60456,normal,1296,0,1782359083.6277566,0.0020465850830078125
60457,normal,1268,0,1782359083.629713,0.001956462860107422
60458,normal,2769,0,1782359083.6317475,0.002034425735473633
60459,normal,2926,0,1782359083.633748,0.002000570297241211
60460,normal,1318,0,1782359083.635727,0.0019788742065429688
60461,normal,3489,0,1782359083.637721,0.0019941329956054688
60462,normal,2983,0,1782359083.639775,0.002053976058959961
60463,normal,164,0,1782359083.641711,0.0019359588623046875
60464,normal,2809,0,1782359083.6437442,0.002033233642578125
60465,normal,2463,0,1782359083.6457567,0.002012491226196289
60466,normal,2282,0,1782359083.6477087,0.0019519329071044922
60467,normal,988,2,1782359083.6497428,0.0020341873168945312
60468,normal,286,0,1782359083.6517699,0.0020270347595214844
60469,normal,1444,0,1782359083.6537094,0.001939535140991211
60470,normal,3144,1,1782359083.6557453,0.002035856246948242
60471,normal,64,0,1782359083.657785,0.002039670944213867
60472,normal,1093,0,1782359083.6597097,0.001924753189086914
60473,normal,3113,1,1782359083.661729,0.0020194053649902344
60474,normal,2054,0,1782359083.6637518,0.0020227432250976562
60475,normal,975,2,1782359083.6657274,0.001975536346435547
60476,normal,2354,0,1782359083.6677916,0.002064228057861328
60477,normal,3210,1,1782359083.669818,0.0020263195037841797
60478,normal,1408,0,1782359083.6717777,0.0019598007202148438
60479,normal,1383,0,1782359083.673911,0.0021333694458007812
60480,normal,1924,0,1782359083.6757665,0.0018553733825683594
60481,normal,2486,0,1782359083.6779277,0.002161264419555664
60482,normal,2737,0,1782359083.6797705,0.0018427371978759766
60483,normal,1790,0,1782359083.6819472,0.0021767616271972656
60484,normal,598,0,1782359083.6837673,0.0018200874328613281
60485,normal,1819,0,1782359083.6859233,0.0021560192108154297
60486,normal,3543,0,1782359083.6877797,0.0018563270568847656
60487,normal,339,0,1782359083.6899486,0.002168893814086914
60488,normal,1358,1,1782359083.6917698,0.001821279525756836
60489,normal,3368,1,1782359083.693938,0.0021681785583496094
60490,normal,573,0,1782359083.695768,0.0018301010131835938
60491,normal,1510,0,1782359083.6979134,0.0021452903747558594
60492,normal,682,0,1782359083.6999342,0.0020208358764648438
60493,normal,2505,0,1782359083.7017682,0.0018339157104492188
60494,normal,2272,0,1782359083.7039142,0.002146005630493164
60495,normal,1006,2,1782359083.7057793,0.0018651485443115234
60496,normal,128,0,1782359083.707916,0.002136707305908203
60497,normal,1918,0,1782359083.709762,0.0018460750579833984
60498,normal,1621,0,1782359083.7119095,0.0021474361419677734
60499,normal,1994,0,1782359083.7137587,0.0018491744995117188
60500,normal,1980,0,1782359083.7157664,0.002007722854614258
60501,normal,3565,0,1782359083.718007,0.0022406578063964844
60502,normal,119,0,1782359083.719779,0.0017719268798828125
60503,normal,2823,0,1782359083.721772,0.001992940902709961
60504,normal,3591,0,1782359083.7239885,0.0022165775299072266
60505,normal,3285,1,1782359083.7257552,0.0017666816711425781
60506,normal,3005,0,1782359083.7277222,0.0019669532775878906
60507,normal,485,0,1782359083.7298422,0.0021200180053710938
60508,normal,1462,0,1782359083.7317193,0.0018770694732666016
60509,normal,2484,0,1782359083.733741,0.00202178955078125
60510,normal,2715,0,1782359083.7357574,0.002016305923461914
60511,normal,353,0,1782359083.737725,0.0019676685333251953
60512,normal,2861,0,1782359083.739715,0.001990079879760742
60513,normal,18,0,1782359083.7417579,0.0020427703857421875
60514,normal,2719,0,1782359083.7437124,0.0019545555114746094
60515,normal,2288,0,1782359083.7457078,0.0019953250885009766
60516,normal,3291,1,1782359083.7477884,0.002080678939819336
60517,normal,3033,0,1782359083.7497275,0.0019390583038330078
60518,normal,3023,0,1782359083.7517135,0.0019860267639160156
60519,normal,1092,0,1782359083.75375,0.002036571502685547
60520,normal,1354,1,1782359083.75571,0.0019598007202148438
60521,normal,1396,0,1782359083.757756,0.0020461082458496094
60522,normal,3057,1,1782359083.7597494,0.001993417739868164
60523,normal,2899,0,1782359083.7617095,0.0019600391387939453
60524,normal,2052,0,1782359083.7637553,0.002045869827270508
60525,normal,1789,0,1782359083.765749,0.0019936561584472656
60526,normal,3223,1,1782359083.7677102,0.001961231231689453
60527,normal,3261,1,1782359083.7697096,0.001999378204345703
60528,normal,2402,0,1782359083.7717834,0.0020737648010253906
60529,normal,3024,0,1782359083.773726,0.0019426345825195312
60530,normal,1428,0,1782359083.7757144,0.0019884109497070312
60531,normal,1838,0,1782359083.7777476,0.002033233642578125
60532,normal,3547,0,1782359083.7797117,0.001964092254638672
60533,normal,650,0,1782359083.781746,0.0020341873168945312
60534,normal,2355,0,1782359083.7837458,0.0019998550415039062
60535,normal,1013,2,1782359083.7857106,0.0019648075103759766
60536,normal,464,0,1782359083.787749,0.0020384788513183594
60537,normal,1624,0,1782359083.7897766,0.0020275115966796875
60538,normal,1238,0,1782359083.7917106,0.001934051513671875
60539,normal,1745,0,1782359083.7937477,0.00203704833984375
60540,normal,3226,1,1782359083.7957566,0.0020089149475097656
60541,normal,486,0,1782359083.797726,0.0019693374633789062
60542,normal,2342,0,1782359083.799722,0.0019960403442382812
60543,normal,3666,0,1782359083.8017633,0.002041339874267578
60544,normal,1003,2,1782359083.8037083,0.0019450187683105469
60545,normal,1162,0,1782359083.8057435,0.0020351409912109375
60546,normal,1922,0,1782359083.8077562,0.0020127296447753906
60547,normal,2830,0,1782359083.809708,0.0019519329071044922
60548,normal,174,0,1782359083.8117468,0.002038717269897461
60549,normal,1638,0,1782359083.813747,0.002000093460083008
60550,normal,423,0,1782359083.8157086,0.0019617080688476562
60551,normal,2266,0,1782359083.8177488,0.0020401477813720703
60552,normal,2536,0,1782359083.8197465,0.001997709274291992
60553,normal,181,0,1782359083.8218462,0.002099752426147461
60554,normal,1853,0,1782359083.8237116,0.001865386962890625
60555,normal,3495,0,1782359083.825762,0.0020503997802734375
60556,normal,2490,0,1782359083.827709,0.0019469261169433594
60557,normal,1002,2,1782359083.829747,0.0020380020141601562
60558,normal,2345,0,1782359083.8317688,0.00202178955078125
60559,normal,50,0,1782359083.8337278,0.001959085464477539
60560,normal,2455,0,1782359083.8357353,0.0020074844360351562
60561,normal,3071,1,1782359083.8377798,0.0020444393157958984
60562,normal,2976,0,1782359083.8397167,0.0019369125366210938
60563,normal,2187,0,1782359083.841721,0.002004384994506836
60564,normal,2267,0,1782359083.843775,0.002053976058959961
60565,normal,2289,0,1782359083.8457222,0.001947164535522461
60566,normal,3245,1,1782359083.847726,0.002003908157348633
60567,normal,3088,1,1782359083.8497763,0.002050161361694336
60568,normal,1071,0,1782359083.8517156,0.0019392967224121094
60569,normal,1787,0,1782359083.8537169,0.0020012855529785156
60570,normal,1605,0,1782359083.8557713,0.002054452896118164
60571,normal,2936,0,1782359083.8577151,0.001943826675415039
60572,normal,336,0,1782359083.8597147,0.0019996166229248047
60573,normal,171,0,1782359083.861771,0.0020563602447509766
60574,normal,660,0,1782359083.8637152,0.0019440650939941406
60575,normal,929,2,1782359083.865715,0.0019998550415039062
60576,normal,1493,0,1782359083.8677711,0.002056121826171875
60577,normal,1560,0,1782359083.8697147,0.0019435882568359375
60578,normal,270,0,1782359083.8717177,0.0020029544830322266
60579,normal,3695,0,1782359083.873779,0.0020613670349121094
60580,normal,302,0,1782359083.8757179,0.0019388198852539062
60581,normal,268,0,1782359083.8777153,0.0019974708557128906
60582,normal,3363,1,1782359083.8797753,0.0020599365234375
60583,normal,2155,0,1782359083.8817167,0.0019414424896240234
60584,normal,2028,0,1782359083.8837147,0.0019979476928710938
60585,normal,3694,0,1782359083.8857741,0.002059459686279297
60586,normal,1308,0,1782359083.8877175,0.001943349838256836
60587,normal,930,2,1782359083.8897147,0.001997232437133789
60588,normal,338,0,1782359083.8917723,0.0020575523376464844
60589,normal,1142,0,1782359083.8937168,0.0019445419311523438
60590,normal,343,0,1782359083.895717,0.002000093460083008
60591,normal,2777,0,1782359083.8977864,0.0020694732666015625
60592,normal,15,0,1782359083.899722,0.001935720443725586
60593,normal,2088,0,1782359083.9017406,0.002018451690673828
60594,normal,1171,0,1782359083.9037702,0.0020296573638916016
60595,normal,169,0,1782359083.9057164,0.0019462108612060547
60596,normal,281,0,1782359083.9077141,0.001997709274291992
60597,normal,2635,0,1782359083.9097714,0.002057313919067383
60598,normal,2648,0,1782359083.911716,0.0019445419311523438
60599,normal,3448,0,1782359083.9137151,0.0019991397857666016
60600,normal,2841,0,1782359083.9157698,0.0020546913146972656
60601,normal,758,0,1782359083.917717,0.001947164535522461
60602,normal,628,0,1782359083.9197187,0.0020017623901367188
60603,normal,1587,0,1782359083.9217722,0.002053499221801758
60604,normal,3562,0,1782359083.9237158,0.0019435882568359375
60605,normal,2712,0,1782359083.9257164,0.002000570297241211
60606,normal,1323,1,1782359083.9277782,0.0020618438720703125
60607,normal,2917,0,1782359083.9297166,0.0019383430480957031
60608,normal,3055,1,1782359083.93172,0.0020034313201904297
60609,normal,1313,0,1782359083.9337735,0.002053499221801758
60610,normal,2722,0,1782359083.9357321,0.001958608627319336
60611,normal,3657,0,1782359083.937723,0.001990795135498047
60612,normal,965,2,1782359083.9397724,0.0020494461059570312
60613,normal,2072,0,1782359083.9417186,0.0019462108612060547
60614,normal,3294,1,1782359083.9437156,0.0019969940185546875
60615,normal,3271,1,1782359083.945771,0.0020554065704345703
60616,normal,3533,0,1782359083.9477148,0.001943826675415039
60617,normal,3440,0,1782359083.949715,0.002000093460083008
60618,normal,3179,1,1782359083.9517703,0.0020554065704345703
60619,normal,2469,0,1782359083.953715,0.0019447803497314453
60620,normal,739,0,1782359083.9557137,0.0019986629486083984
60621,normal,1391,0,1782359083.9577687,0.002054929733276367
60622,normal,1127,0,1782359083.9597154,0.0019466876983642578
60623,normal,2468,0,1782359083.9617147,0.001999378204345703
60624,normal,185,0,1782359083.96377,0.0020551681518554688
60625,normal,1386,0,1782359083.9657137,0.001943826675415039
60626,normal,3338,1,1782359083.9677167,0.0020029544830322266
60627,normal,2450,0,1782359083.969772,0.0020554065704345703
60628,normal,1061,0,1782359083.9717221,0.0019500255584716797
60629,normal,2481,0,1782359083.9737172,0.001995086669921875
60630,normal,1499,0,1782359083.9757726,0.0020554065704345703
60631,normal,2608,0,1782359083.9777167,0.0019440650939941406
60632,normal,94,0,1782359083.9797142,0.0019974708557128906
60633,normal,2407,0,1782359083.9817705,0.0020563602447509766
60634,normal,1796,0,1782359083.983714,0.0019435882568359375
60635,normal,3579,0,1782359083.9857144,0.0020003318786621094
60636,normal,2221,0,1782359083.9877698,0.0020554065704345703
60637,normal,2108,0,1782359083.9897182,0.0019483566284179688
60638,normal,1058,0,1782359083.9917195,0.0020012855529785156
60639,normal,784,2,1782359083.9937713,0.002051830291748047
60640,normal,3260,1,1782359083.9957159,0.0019445419311523438
60641,normal,800,2,1782359083.997735,0.002019166946411133
60642,normal,454,0,1782359083.9997811,0.0020461082458496094
60643,normal,823,2,1782359084.001715,0.0019338130950927734
60644,normal,411,0,1782359084.003714,0.0019991397857666016
60645,normal,1765,0,1782359084.0057693,0.0020551681518554688
60646,normal,610,0,1782359084.0077162,0.0019469261169433594
60647,normal,2954,0,1782359084.0097148,0.0019986629486083984
60648,normal,679,0,1782359084.0117757,0.0020608901977539062
60649,normal,3122,1,1782359084.0137148,0.0019390583038330078
60650,normal,2539,0,1782359084.0157144,0.0019996166229248047
60651,normal,2408,0,1782359084.017771,0.002056598663330078
60652,normal,873,2,1782359084.0197146,0.0019435882568359375
60653,normal,1104,0,1782359084.021715,0.0020003318786621094
60654,normal,2348,0,1782359084.0237746,0.0020596981048583984
60655,normal,3238,1,1782359084.0257144,0.0019397735595703125
60656,normal,3427,0,1782359084.0277195,0.0020051002502441406
60657,normal,3215,1,1782359084.0297713,0.002051830291748047
60658,normal,2638,0,1782359084.0317187,0.0019474029541015625
60659,normal,1118,0,1782359084.033715,0.001996278762817383
60660,normal,2464,0,1782359084.0358317,0.002116680145263672
60661,normal,258,0,1782359084.0377269,0.0018951892852783203
60662,normal,1446,0,1782359084.0397174,0.0019905567169189453
60663,normal,2924,0,1782359084.0417707,0.0020532608032226562
60664,normal,3597,0,1782359084.0437143,0.0019435882568359375
60665,normal,3528,0,1782359084.0457156,0.0020012855529785156
60666,normal,2147,0,1782359084.047748,0.0020325183868408203
60667,normal,2693,0,1782359084.0497289,0.0019807815551757812
60668,normal,2684,0,1782359084.0517223,0.001993417739868164
60669,normal,3383,1,1782359084.0537705,0.0020482540130615234
60670,normal,309,0,1782359084.0557187,0.0019481182098388672
60671,normal,2585,0,1782359084.0577154,0.001996755599975586
60672,normal,1697,0,1782359084.0597832,0.0020678043365478516
60673,normal,2898,0,1782359084.0617151,0.001931905746459961
60674,normal,2422,0,1782359084.0637145,0.001999378204345703
60675,normal,2044,0,1782359084.0657704,0.0020558834075927734
60676,normal,633,0,1782359084.0677152,0.0019447803497314453
60677,normal,2731,0,1782359084.0697145,0.001999378204345703
60678,normal,1641,0,1782359084.0717804,0.002065896987915039
60679,normal,2200,0,1782359084.0737152,0.0019347667694091797
60680,normal,3697,0,1782359084.0757196,0.002004384994506836
60681,normal,696,0,1782359084.0777729,0.0020532608032226562
60682,normal,2923,0,1782359084.0797155,0.0019426345825195312
60683,normal,1968,0,1782359084.0817163,0.0020008087158203125
60684,normal,3413,0,1782359084.083931,0.002214670181274414
60685,normal,2376,0,1782359084.0857573,0.0018262863159179688
60686,normal,1822,0,1782359084.089079,0.0033216476440429688
60687,normal,3046,1,1782359084.0899389,0.0008599758148193359
60688,normal,14,0,1782359084.0917566,0.0018177032470703125
60689,normal,2417,0,1782359084.0939164,0.0021598339080810547
60690,normal,2523,0,1782359084.0959253,0.0020089149475097656
60691,normal,508,0,1782359084.0977588,0.0018334388732910156
60692,normal,3200,1,1782359084.0999815,0.002222776412963867
60693,normal,1678,0,1782359084.101906,0.0019245147705078125
60694,normal,2382,0,1782359084.103758,0.0018520355224609375
60695,normal,736,0,1782359084.105925,0.0021669864654541016
60696,normal,3569,0,1782359084.1079078,0.0019826889038085938
60697,normal,193,0,1782359084.109758,0.001850128173828125
60698,normal,2211,0,1782359084.111931,0.002173185348510742
60699,normal,865,2,1782359084.113926,0.0019948482513427734
60700,normal,47,0,1782359084.1157596,0.0018336772918701172
60701,normal,904,2,1782359084.1179368,0.0021772384643554688
60702,normal,3030,0,1782359084.11993,0.0019931793212890625
60703,normal,2335,0,1782359084.1217585,0.0018284320831298828
60704,normal,3262,1,1782359084.1239326,0.0021741390228271484
60705,normal,135,0,1782359084.125974,0.002041339874267578
60706,normal,93,0,1782359084.127761,0.001786947250366211
60707,normal,2303,0,1782359084.1299424,0.002181529998779297
60708,normal,2956,0,1782359084.1319008,0.0019583702087402344
60709,normal,607,0,1782359084.1337588,0.0018579959869384766
60710,normal,2905,0,1782359084.135936,0.0021772384643554688
60711,normal,2222,0,1782359084.1378748,0.0019388198852539062
60712,normal,2560,0,1782359084.1397524,0.0018775463104248047
60713,normal,964,2,1782359084.1417916,0.002039194107055664
60714,normal,237,0,1782359084.1440248,0.002233266830444336
60715,normal,3346,1,1782359084.145739,0.0017142295837402344
60716,normal,2412,0,1782359084.148174,0.002434968948364258
60717,normal,192,0,1782359084.1499133,0.0017392635345458984
60718,normal,53,0,1782359084.1519444,0.002031087875366211
60719,normal,2499,0,1782359084.153999,0.0020546913146972656
60720,normal,519,0,1782359084.156229,0.002229928970336914
60721,normal,3081,1,1782359084.1577787,0.0015497207641601562
60722,normal,805,2,1782359084.1601808,0.002402067184448242
60723,normal,402,0,1782359084.1619833,0.0018024444580078125
60724,normal,3498,0,1782359084.1639519,0.0019686222076416016
60725,normal,2676,0,1782359084.1659884,0.002036571502685547
60726,normal,2955,0,1782359084.1681564,0.002167940139770508
60727,normal,2855,0,1782359084.1697912,0.001634836196899414
60728,normal,1703,0,1782359084.1721716,0.00238037109375
60729,normal,3298,1,1782359084.174767,0.0025954246520996094
60730,normal,1365,1,1782359084.176428,0.001661062240600586
60731,normal,2756,0,1782359084.1787152,0.002287149429321289
60732,normal,1687,0,1782359084.1804945,0.001779317855834961
60733,normal,2214,0,1782359084.182497,0.0020024776458740234
60734,normal,1766,0,1782359084.1843498,0.0018527507781982422
60735,normal,3658,0,1782359084.186308,0.001958131790161133
60736,normal,673,0,1782359084.1885064,0.002198457717895508
60737,normal,712,0,1782359084.190349,0.0018427371978759766
60738,normal,1000,2,1782359084.192475,0.002125978469848633
60739,normal,2055,0,1782359084.1943433,0.0018682479858398438
60740,normal,3452,0,1782359084.196803,0.0024597644805908203
60741,normal,1480,0,1782359084.1985607,0.0017576217651367188
60742,normal,2278,0,1782359084.2002,0.0016393661499023438
60743,normal,3606,0,1782359084.2025776,0.0023775100708007812
60744,normal,887,2,1782359084.204588,0.002010345458984375
60745,normal,2171,0,1782359084.207266,0.0026781558990478516
60746,normal,833,2,1782359084.2080007,0.0007345676422119141
60747,normal,3124,1,1782359084.2101696,0.002168893814086914
60748,normal,231,0,1782359084.2124903,0.0023207664489746094
60749,normal,342,0,1782359084.2147162,0.0022258758544921875
60750,normal,915,2,1782359084.2169237,0.002207517623901367
60751,normal,2048,0,1782359084.218658,0.0017342567443847656
60752,normal,757,0,1782359084.220448,0.0017900466918945312
60753,normal,2061,0,1782359084.2221148,0.0016667842864990234
60754,normal,1494,0,1782359084.2241173,0.0020024776458740234
60755,normal,2034,0,1782359084.226254,0.002136707305908203
60756,normal,2817,0,1782359084.2287278,0.0024738311767578125
60757,normal,1063,0,1782359084.2298868,0.0011589527130126953
60758,normal,155,0,1782359084.231749,0.0018622875213623047
60759,normal,2245,0,1782359084.233931,0.0021820068359375
60760,normal,2276,0,1782359084.2357004,0.0017693042755126953
60761,normal,2814,0,1782359084.237697,0.0019965171813964844
60762,normal,2121,0,1782359084.2398741,0.0021772384643554688
60763,normal,1752,0,1782359084.241651,0.0017769336700439453
60764,normal,3372,1,1782359084.243864,0.002213001251220703
60765,normal,1914,0,1782359084.2467725,0.002908468246459961
60766,normal,2578,0,1782359084.2485752,0.001802682876586914
60767,normal,2932,0,1782359084.2504413,0.0018661022186279297
60768,normal,2966,0,1782359084.2524025,0.001961231231689453
60769,normal,2172,0,1782359084.2546494,0.002246856689453125
60770,normal,2018,0,1782359084.2570271,0.002377748489379883
60771,normal,1693,0,1782359084.2590008,0.0019736289978027344
60772,normal,3139,1,1782359084.259921,0.0009202957153320312
60773,normal,2679,0,1782359084.2623684,0.002447366714477539
60774,normal,2627,0,1782359084.26393,0.0015616416931152344
60775,normal,3588,0,1782359084.265908,0.0019779205322265625
60776,normal,2070,0,1782359084.2681174,0.0022094249725341797
60777,normal,3388,1,1782359084.2701375,0.002020120620727539
60778,normal,1805,0,1782359084.2718122,0.001674652099609375
60779,normal,1028,2,1782359084.2738633,0.002051115036010742
60780,normal,2112,0,1782359084.27596,0.0020966529846191406
60781,normal,1427,0,1782359084.2777877,0.0018277168273925781
60782,normal,2846,0,1782359084.2797465,0.0019588470458984375
60783,normal,1526,0,1782359084.2818987,0.0021522045135498047
60784,normal,802,2,1782359084.2839525,0.0020537376403808594
60785,normal,3168,1,1782359084.2857533,0.0018007755279541016
60786,normal,3235,1,1782359084.2878838,0.0021305084228515625
60787,normal,1042,0,1782359084.2897365,0.0018527507781982422
60788,normal,1793,0,1782359084.291741,0.002004384994506836
60789,normal,997,2,1782359084.2937937,0.002052783966064453
60790,normal,2918,0,1782359084.29574,0.0019462108612060547
60791,normal,2243,0,1782359084.2977378,0.0019979476928710938
60792,normal,415,0,1782359084.2997675,0.0020296573638916016
60793,normal,360,0,1782359084.3017619,0.0019943714141845703
60794,normal,1284,0,1782359084.3037374,0.001975536346435547
60795,normal,102,0,1782359084.305741,0.0020036697387695312
60796,normal,2447,0,1782359084.307739,0.0019979476928710938
60797,normal,3549,0,1782359084.3097434,0.002004384994506836
60798,normal,2315,0,1782359084.3117938,0.0020503997802734375
60799,normal,3132,1,1782359084.3137438,0.0019500255584716797
60800,normal,3155,1,1782359084.3157382,0.0019943714141845703
60801,normal,3642,0,1782359084.3177657,0.0020275115966796875
60802,normal,23,0,1782359084.3197198,0.0019540786743164062
60803,normal,2350,0,1782359084.3217843,0.0020644664764404297
60804,normal,3373,1,1782359084.3238018,0.002017498016357422
60805,normal,1328,1,1782359084.3257132,0.0019114017486572266
60806,normal,1185,0,1782359084.327743,0.002029895782470703
60807,normal,2617,0,1782359084.3298037,0.0020606517791748047
60808,normal,1861,0,1782359084.33174,0.001936197280883789
60809,normal,3385,1,1782359084.333738,0.0019981861114501953
60810,normal,392,0,1782359084.3358083,0.002070188522338867
60811,normal,2554,0,1782359084.3378038,0.001995563507080078
60812,normal,3319,1,1782359084.3397372,0.0019333362579345703
60813,normal,955,2,1782359084.3418174,0.002080202102661133
60814,normal,3278,1,1782359084.3437545,0.0019371509552001953
60815,normal,2545,0,1782359084.3459108,0.0021562576293945312
60816,normal,1890,0,1782359084.3479316,0.0020208358764648438
60817,normal,3069,1,1782359084.3498173,0.0018856525421142578
60818,normal,2015,0,1782359084.351793,0.0019757747650146484
60819,normal,1204,0,1782359084.353988,0.0021948814392089844
60820,normal,1929,0,1782359084.3557758,0.0017879009246826172
60821,normal,3160,1,1782359084.3577716,0.0019958019256591797
60822,normal,782,2,1782359084.359938,0.002166271209716797
60823,normal,2847,0,1782359084.361765,0.0018270015716552734
60824,normal,3078,1,1782359084.363919,0.002154111862182617
60825,normal,1946,0,1782359084.365926,0.002007007598876953
60826,normal,2741,0,1782359084.3677633,0.0018372535705566406
60827,normal,919,2,1782359084.3699112,0.0021479129791259766
60828,normal,1776,0,1782359084.3719132,0.0020020008087158203
60829,normal,3435,0,1782359084.3737626,0.0018494129180908203
60830,normal,199,0,1782359084.37596,0.0021975040435791016
60831,normal,3454,0,1782359084.3777974,0.0018372535705566406
60832,normal,3222,1,1782359084.3799224,0.0021250247955322266
60833,normal,2246,0,1782359084.381776,0.0018537044525146484
60834,normal,3017,0,1782359084.3839476,0.0021715164184570312
60835,normal,1331,1,1782359084.385769,0.001821279525756836
60836,normal,1851,0,1782359084.3879259,0.002156972885131836
60837,normal,1073,0,1782359084.3897612,0.0018353462219238281
60838,normal,2252,0,1782359084.391903,0.002141714096069336
60839,normal,2467,0,1782359084.3937688,0.0018658638000488281
60840,normal,374,0,1782359084.3961375,0.0023686885833740234
60841,normal,3140,1,1782359084.3977537,0.0016162395477294922
60842,normal,3578,0,1782359084.4001484,0.0023946762084960938
60843,normal,2530,0,1782359084.402038,0.0018897056579589844
60844,normal,1903,0,1782359084.4038098,0.001771688461303711
60845,normal,3507,0,1782359084.4060023,0.0021924972534179688
60846,normal,2877,0,1782359084.4078875,0.0018851757049560547
60847,normal,3607,0,1782359084.409915,0.0020275115966796875
60848,normal,2632,0,1782359084.411776,0.0018610954284667969
60849,normal,2815,0,1782359084.4139147,0.0021386146545410156
60850,normal,1008,2,1782359084.4157689,0.0018541812896728516
60851,normal,983,2,1782359084.4177682,0.001999378204345703
60852,normal,677,0,1782359084.4200292,0.002260923385620117
60853,normal,106,0,1782359084.4217715,0.0017423629760742188
60854,normal,1248,0,1782359084.4239204,0.002148866653442383
60855,normal,2307,0,1782359084.4259248,0.002004384994506836
60856,normal,3633,0,1782359084.4277658,0.0018410682678222656
60857,normal,1471,0,1782359084.429777,0.0020110607147216797
60858,normal,3259,1,1782359084.4319446,0.0021677017211914062
60859,normal,973,2,1782359084.4337716,0.0018270015716552734
60860,normal,2850,0,1782359084.435776,0.002004384994506836
60861,normal,249,0,1782359084.437956,0.0021800994873046875
60862,normal,2306,0,1782359084.4397564,0.0018002986907958984
60863,normal,1501,0,1782359084.4419234,0.0021669864654541016
60864,normal,1927,0,1782359084.4440196,0.0020961761474609375
60865,normal,421,0,1782359084.4457705,0.001750946044921875
60866,normal,525,0,1782359084.4479203,0.002149820327758789
60867,normal,751,0,1782359084.4500253,0.0021049976348876953
60868,normal,3571,0,1782359084.4517703,0.001744985580444336
60869,normal,2575,0,1782359084.4537773,0.002007007598876953
60870,normal,2795,0,1782359084.455945,0.0021677017211914062
60871,normal,875,2,1782359084.4577715,0.0018265247344970703
60872,normal,3268,1,1782359084.4599214,0.002149820327758789
60873,normal,3645,0,1782359084.4619205,0.0019991397857666016
60874,normal,1074,0,1782359084.463768,0.0018475055694580078
60875,normal,1706,0,1782359084.4659314,0.002163410186767578
60876,normal,2606,0,1782359084.468023,0.002091646194458008
60877,normal,2235,0,1782359084.4697702,0.00174713134765625
60878,normal,3651,0,1782359084.4717667,0.0019965171813964844
60879,normal,962,2,1782359084.4740512,0.002284526824951172
60880,normal,886,2,1782359084.4757688,0.0017175674438476562
60881,normal,396,0,1782359084.4777687,0.0019998550415039062
60882,normal,3357,1,1782359084.479928,0.0021593570709228516
60883,normal,1057,0,1782359084.4817696,0.0018415451049804688
60884,normal,3142,1,1782359084.48377,0.0020003318786621094
60885,normal,1921,0,1782359084.4860466,0.0022766590118408203
60886,normal,1912,0,1782359084.4877667,0.0017201900482177734
60887,normal,3393,1,1782359084.4899113,0.0021445751190185547
60888,normal,2451,0,1782359084.4919138,0.0020024776458740234
60889,normal,2298,0,1782359084.493764,0.001850128173828125
60890,normal,3151,1,1782359084.4959114,0.0021474361419677734
60891,normal,899,2,1782359084.4979227,0.0020112991333007812
60892,normal,1719,0,1782359084.4997678,0.0018451213836669922
60893,normal,2561,0,1782359084.5019245,0.0021567344665527344
60894,normal,1400,0,1782359084.5040379,0.00211334228515625
60895,normal,3500,0,1782359084.5057693,0.0017313957214355469
60896,normal,2529,0,1782359084.507914,0.0021448135375976562
60897,normal,1283,0,1782359084.5099196,0.0020055770874023438
60898,normal,3219,1,1782359084.5117674,0.0018477439880371094
60899,normal,206,0,1782359084.5139215,0.002154111862182617
60900,normal,3340,1,1782359084.5159376,0.0020160675048828125
60901,normal,3047,1,1782359084.5177677,0.0018301010131835938
60902,normal,2439,0,1782359084.5199149,0.002147197723388672
60903,normal,222,0,1782359084.522048,0.0021331310272216797
60904,normal,2120,0,1782359084.5237663,0.001718282699584961
60905,normal,60,0,1782359084.5259051,0.002138853073120117
60906,normal,2616,0,1782359084.52777,0.0018649101257324219
60907,normal,1778,0,1782359084.5299113,0.002141237258911133
60908,normal,1426,0,1782359084.5317616,0.0018503665924072266
60909,normal,942,2,1782359084.5339227,0.0021610260009765625
60910,normal,1817,0,1782359084.5357666,0.0018439292907714844
60911,normal,3135,1,1782359084.5379124,0.0021457672119140625
60912,normal,3479,0,1782359084.5399177,0.002005338668823242
60913,normal,1479,0,1782359084.541768,0.0018503665924072266
60914,normal,358,0,1782359084.543914,0.002146005630493164
60915,normal,453,0,1782359084.5459197,0.0020055770874023438
60916,normal,2154,0,1782359084.547761,0.0018413066864013672
60917,normal,2098,0,1782359084.549925,0.002164125442504883
60918,normal,1756,0,1782359084.5519578,0.002032756805419922
60919,normal,1121,0,1782359084.5537715,0.001813650131225586
60920,normal,1761,0,1782359084.5559213,0.002149820327758789
60921,normal,3360,1,1782359084.557783,0.001861572265625
60922,normal,1777,0,1782359084.5599194,0.0021364688873291016
60923,normal,2456,0,1782359084.5617664,0.0018470287322998047
60924,normal,2488,0,1782359084.5639226,0.0021562576293945312
60925,normal,877,2,1782359084.5657685,0.0018458366394042969
60926,normal,432,0,1782359084.5679224,0.0021538734436035156
60927,normal,2982,0,1782359084.569927,0.0020046234130859375
60928,normal,536,0,1782359084.5717647,0.0018377304077148438
60929,normal,2666,0,1782359084.573767,0.002002239227294922
60930,normal,558,0,1782359084.575942,0.0021750926971435547
60931,normal,2771,0,1782359084.5777698,0.0018277168273925781
60932,normal,1439,0,1782359084.5799265,0.0021567344665527344
60933,normal,666,0,1782359084.5819194,0.001992940902709961
60934,normal,2686,0,1782359084.5837681,0.0018486976623535156
60935,normal,3216,1,1782359084.5859272,0.00215911865234375
60936,normal,542,0,1782359084.5879364,0.002009153366088867
60937,normal,3475,0,1782359084.5897713,0.001834869384765625
60938,normal,2590,0,1782359084.591767,0.0019958019256591797
60939,normal,1572,0,1782359084.5939453,0.002178192138671875
60940,normal,931,2,1782359084.5957713,0.0018260478973388672
60941,normal,1131,0,1782359084.5979896,0.0022182464599609375
60942,normal,2644,0,1782359084.5997756,0.0017859935760498047
60943,normal,2247,0,1782359084.6019127,0.0021371841430664062
60944,normal,604,0,1782359084.6037657,0.0018529891967773438
60945,normal,1032,0,1782359084.6059203,0.0021545886993408203
60946,normal,3630,0,1782359084.6077638,0.0018434524536132812
60947,normal,190,0,1782359084.609921,0.0021572113037109375
60948,normal,743,0,1782359084.6119306,0.0020096302032470703
60949,normal,976,2,1782359084.613763,0.0018324851989746094
60950,normal,2828,0,1782359084.615926,0.002162933349609375
60951,normal,2886,0,1782359084.617937,0.0020110607147216797
60952,normal,1295,0,1782359084.6197639,0.0018267631530761719
60953,normal,179,0,1782359084.6219244,0.0021605491638183594
60954,normal,1340,1,1782359084.6239312,0.0020067691802978516
60955,normal,2169,0,1782359084.6257648,0.0018336772918701172
60956,normal,2069,0,1782359084.6279254,0.0021605491638183594
60957,normal,254,0,1782359084.6299307,0.002005338668823242
60958,normal,2624,0,1782359084.6317685,0.0018377304077148438
60959,normal,51,0,1782359084.6339233,0.002154827117919922
60960,normal,2528,0,1782359084.635932,0.002008676528930664
60961,normal,689,0,1782359084.63777,0.0018379688262939453
60962,normal,2614,0,1782359084.639922,0.002151966094970703
60963,normal,3396,1,1782359084.6417692,0.0018472671508789062
60964,normal,3101,1,1782359084.6437728,0.0020036697387695312
60965,normal,3698,0,1782359084.6459217,0.002148866653442383
60966,normal,2728,0,1782359084.6479232,0.002001523971557617
60967,normal,2177,0,1782359084.6497724,0.0018491744995117188
60968,normal,2574,0,1782359084.651919,0.002146482467651367
60969,normal,611,0,1782359084.6537738,0.0018548965454101562
60970,normal,860,2,1782359084.6559076,0.0021338462829589844
60971,normal,1286,0,1782359084.6577685,0.0018608570098876953
60972,normal,1966,0,1782359084.6599476,0.0021791458129882812
60973,normal,3419,0,1782359084.6617625,0.0018148422241210938
60974,normal,3492,0,1782359084.6639297,0.002167224884033203
60975,normal,793,2,1782359084.6659307,0.002001047134399414
60976,normal,2461,0,1782359084.667767,0.0018362998962402344
60977,normal,234,0,1782359084.6697693,0.002002239227294922
60978,normal,92,0,1782359084.6719213,0.002151966094970703
60979,normal,966,2,1782359084.6737669,0.0018455982208251953
60980,normal,1650,0,1782359084.675922,0.0021550655364990234
60981,normal,669,0,1782359084.6777852,0.001863241195678711
60982,normal,2623,0,1782359084.6799119,0.0021266937255859375
60983,normal,2776,0,1782359084.681771,0.0018591880798339844
60984,normal,1862,0,1782359084.6839283,0.0021572113037109375
60985,normal,717,0,1782359084.6857705,0.0018422603607177734
60986,normal,914,2,1782359084.6880174,0.002246856689453125
60987,normal,422,0,1782359084.690438,0.002420663833618164
60988,normal,3129,1,1782359084.691777,0.001338958740234375
60989,normal,3637,0,1782359084.6939473,0.0021703243255615234
60990,normal,3679,0,1782359084.6957572,0.001809835433959961
60991,normal,1835,0,1782359084.6977808,0.0020236968994140625
60992,normal,1014,2,1782359084.69993,0.0021491050720214844
60993,normal,2935,0,1782359084.7019103,0.001980304718017578
60994,normal,946,2,1782359084.7037566,0.0018463134765625
60995,normal,3464,0,1782359084.7057714,0.0020148754119873047
60996,normal,3183,1,1782359084.707774,0.0020024776458740234
60997,normal,3116,1,1782359084.7097614,0.001987457275390625
60998,normal,2231,0,1782359084.7117705,0.002009153366088867
60999,normal,3403,0,1782359084.713771,0.002000570297241211
61000,normal,3593,0,1782359084.7157304,0.0019593238830566406
61001,normal,1649,0,1782359084.7177224,0.0019919872283935547
61002,normal,597,0,1782359084.7197819,0.002059459686279297
61003,normal,269,0,1782359084.7217567,0.001974821090698242
61004,normal,2178,0,1782359084.7237554,0.0019986629486083984
61005,normal,1139,0,1782359084.7257884,0.0020329952239990234
61006,normal,1450,0,1782359084.7277515,0.0019631385803222656
61007,normal,1116,0,1782359084.729754,0.0020024776458740234
61008,normal,1684,0,1782359084.7319367,0.0021827220916748047
61009,normal,2434,0,1782359084.7337267,0.0017900466918945312
61010,normal,2548,0,1782359084.7357574,0.002030611038208008
61011,normal,900,2,1782359084.7378154,0.0020580291748046875
61012,normal,1566,0,1782359084.739814,0.0019986629486083984
61013,normal,3668,0,1782359084.7417786,0.001964569091796875
61014,normal,684,0,1782359084.7439246,0.002146005630493164
61015,normal,1804,0,1782359084.7457783,0.0018537044525146484
61016,normal,1371,1,1782359084.7479267,0.0021483898162841797
61017,normal,2718,0,1782359084.7499158,0.001989126205444336
61018,normal,579,0,1782359084.7517767,0.0018608570098876953
61019,normal,2064,0,1782359084.7537706,0.001993894577026367
61020,normal,3422,0,1782359084.7557845,0.0020139217376708984
61021,normal,3516,0,1782359084.7577477,0.0019631385803222656
61022,normal,1399,0,1782359084.7597363,0.001988649368286133
61023,normal,2001,0,1782359084.7617946,0.002058267593383789
61024,normal,2870,0,1782359084.7637358,0.0019412040710449219
61025,normal,3586,0,1782359084.7657328,0.0019969940185546875
61026,normal,2457,0,1782359084.767801,0.0020682811737060547
61027,normal,1105,0,1782359084.7697332,0.0019321441650390625
61028,normal,2652,0,1782359084.7717378,0.0020046234130859375
61029,normal,3423,0,1782359084.7737522,0.0020143985748291016
61030,normal,1498,0,1782359084.775738,0.001985788345336914
61031,normal,1990,0,1782359084.7777402,0.002002239227294922
61032,normal,984,2,1782359084.7797852,0.0020449161529541016
61033,normal,1824,0,1782359084.7817335,0.0019483566284179688
61034,normal,674,0,1782359084.7837322,0.0019986629486083984
61035,normal,3218,1,1782359084.7857866,0.002054452896118164
61036,normal,3161,1,1782359084.7877362,0.0019495487213134766
61037,normal,863,2,1782359084.789727,0.001990795135498047
61038,normal,1959,0,1782359084.791778,0.002051115036010742
61039,normal,2571,0,1782359084.793727,0.0019488334655761719
61040,normal,213,0,1782359084.7957199,0.001992940902709961
61041,normal,2081,0,1782359084.797787,0.002067089080810547
61042,normal,1172,0,1782359084.7997205,0.0019335746765136719
61043,normal,2275,0,1782359084.8017201,0.0019996166229248047
61044,normal,2872,0,1782359084.8037846,0.0020644664764404297
61045,normal,3675,0,1782359084.8057213,0.0019366741180419922
61046,normal,1892,0,1782359084.8077528,0.002031564712524414
61047,normal,2205,0,1782359084.8097832,0.0020303726196289062
61048,normal,3041,0,1782359084.811723,0.0019397735595703125
61049,normal,2646,0,1782359084.813749,0.002026081085205078
61050,normal,2380,0,1782359084.8157682,0.002019166946411133
61051,normal,2906,0,1782359084.8177247,0.001956462860107422
61052,normal,138,0,1782359084.8197532,0.0020284652709960938
61053,normal,1509,0,1782359084.821809,0.0020558834075927734
61054,normal,2570,0,1782359084.8237348,0.0019257068634033203
61055,normal,526,0,1782359084.825753,0.0020182132720947266
61056,normal,1920,0,1782359084.827921,0.002167940139770508
61057,normal,289,0,1782359084.8297265,0.0018055438995361328
61058,normal,826,2,1782359084.831883,0.002156496047973633
61059,normal,634,0,1782359084.8337936,0.0019106864929199219
61060,normal,1694,0,1782359084.8359246,0.0021309852600097656
61061,normal,162,0,1782359084.837778,0.0018534660339355469
61062,normal,3620,0,1782359084.8397675,0.0019893646240234375
61063,normal,2323,0,1782359084.8417602,0.0019927024841308594
61064,normal,961,2,1782359084.843836,0.0020759105682373047
61065,normal,74,0,1782359084.8458204,0.0019843578338623047
61066,normal,995,2,1782359084.8476844,0.0018639564514160156
61067,normal,974,2,1782359084.849791,0.0021066665649414062
61068,normal,898,2,1782359084.8517778,0.0019867420196533203
61069,normal,552,0,1782359084.85391,0.0021321773529052734
61070,normal,1366,1,1782359084.8557792,0.00186920166015625
61071,normal,788,2,1782359084.8579326,0.0021533966064453125
61072,normal,1556,0,1782359084.8597667,0.0018341541290283203
61073,normal,1265,0,1782359084.8619351,0.002168416976928711
61074,normal,1829,0,1782359084.8639307,0.001995563507080078
61075,normal,125,0,1782359084.8657687,0.0018379688262939453
61076,normal,1586,0,1782359084.8679378,0.0021691322326660156
61077,normal,2639,0,1782359084.8699296,0.001991748809814453
61078,normal,578,0,1782359084.8717666,0.001837015151977539
61079,normal,1710,0,1782359084.8739364,0.0021698474884033203
61080,normal,435,0,1782359084.8757827,0.0018463134765625
61081,normal,903,2,1782359084.877916,0.0021333694458007812
61082,normal,2649,0,1782359084.8797793,0.001863241195678711
61083,normal,1553,0,1782359084.8819296,0.002150297164916992
61084,normal,1604,0,1782359084.8837662,0.001836538314819336
61085,normal,71,0,1782359084.8859365,0.0021703243255615234
61086,normal,3680,0,1782359084.8879066,0.001970052719116211
61087,normal,2786,0,1782359084.8897657,0.0018591880798339844
61088,normal,1004,2,1782359084.8919518,0.0021860599517822266
61089,normal,3243,1,1782359084.8937645,0.0018126964569091797
61090,normal,398,0,1782359084.8959014,0.0021369457244873047
61091,normal,333,0,1782359084.897778,0.0018765926361083984
61092,normal,692,0,1782359084.8999255,0.0021474361419677734
61093,normal,1227,0,1782359084.9017577,0.0018322467803955078
61094,normal,1514,0,1782359084.9039412,0.0021834373474121094
61095,normal,3442,0,1782359084.905898,0.001956939697265625
61096,normal,708,0,1782359084.907759,0.0018608570098876953
61097,normal,462,0,1782359084.9098938,0.0021347999572753906
61098,normal,1883,0,1782359084.911892,0.0019981861114501953
61099,normal,2391,0,1782359084.9137545,0.0018625259399414062
61100,normal,861,2,1782359084.9158976,0.0021431446075439453
61101,normal,591,0,1782359084.9179335,0.002035856246948242
61102,normal,424,0,1782359084.9197588,0.0018253326416015625
61103,normal,299,0,1782359084.9219005,0.002141714096069336
61104,normal,943,2,1782359084.9239335,0.0020329952239990234
61105,normal,2396,0,1782359084.9257565,0.0018229484558105469
61106,normal,3398,1,1782359084.9277668,0.002010345458984375
61107,normal,2948,0,1782359084.9298916,0.002124786376953125
61108,normal,1156,0,1782359084.9317555,0.0018639564514160156
61109,normal,1068,0,1782359084.9339032,0.002147674560546875
61110,normal,311,0,1782359084.9359365,0.002033233642578125
61111,normal,922,2,1782359084.9377577,0.001821279525756836
61112,normal,295,0,1782359084.9399102,0.0021524429321289062
61113,normal,3641,0,1782359084.9419317,0.0020215511322021484
61114,normal,1438,0,1782359084.9437673,0.0018355846405029297
61115,normal,3347,1,1782359084.9457831,0.002015829086303711
61116,normal,719,0,1782359084.947921,0.002137899398803711
61117,normal,2041,0,1782359084.9497824,0.0018613338470458984
61118,normal,223,0,1782359084.951942,0.002159595489501953
61119,normal,3602,0,1782359084.9539223,0.001980304718017578
61120,normal,2928,0,1782359084.9557817,0.001859426498413086
61121,normal,401,0,1782359084.9577818,0.002000093460083008
61122,normal,770,0,1782359084.9599292,0.0021474361419677734
61123,normal,3249,1,1782359084.9619265,0.001997232437133789
61124,normal,1410,0,1782359084.9637768,0.0018503665924072266
61125,normal,2890,0,1782359084.9659336,0.0021567344665527344
61126,normal,2998,0,1782359084.9677703,0.0018367767333984375
61127,normal,2922,0,1782359084.9699397,0.002169370651245117
61128,normal,1476,0,1782359084.9718976,0.0019578933715820312
61129,normal,3587,0,1782359084.973754,0.0018563270568847656
61130,normal,1126,0,1782359084.9759498,0.0021958351135253906
61131,normal,2727,0,1782359084.9777727,0.0018229484558105469
61132,normal,619,0,1782359084.97993,0.0021572113037109375
61133,normal,84,0,1782359084.9817684,0.0018384456634521484
61134,normal,372,0,1782359084.983926,0.0021576881408691406
61135,normal,3407,0,1782359084.9859328,0.0020067691802978516
61136,normal,1975,0,1782359084.9877684,0.0018355846405029297
61137,normal,2843,0,1782359084.9899318,0.002163410186767578
61138,normal,1982,0,1782359084.9917667,0.001834869384765625
61139,normal,126,0,1782359084.9939294,0.0021626949310302734
61140,normal,694,0,1782359084.9959264,0.0019969940185546875
61141,normal,3063,1,1782359084.997756,0.0018296241760253906
61142,normal,3636,0,1782359084.9999313,0.0021753311157226562
61143,normal,2881,0,1782359085.001931,0.0019996166229248047
61144,normal,1056,0,1782359085.0037658,0.001834869384765625
61145,normal,442,0,1782359085.0059333,0.0021674633026123047
61146,normal,191,0,1782359085.0081291,0.0021958351135253906
61147,normal,2251,0,1782359085.009754,0.0016248226165771484
61148,normal,2428,0,1782359085.0119476,0.0021936893463134766
61149,normal,2794,0,1782359085.0137782,0.0018305778503417969
61150,normal,2563,0,1782359085.0157533,0.0019750595092773438
61151,normal,1351,1,1782359085.0177834,0.0020301342010498047
61152,normal,3239,1,1782359085.0199246,0.002141237258911133
61153,normal,1729,0,1782359085.0217662,0.0018415451049804688
61154,normal,3514,0,1782359085.0239441,0.0021779537200927734
61155,normal,2781,0,1782359085.0257733,0.0018291473388671875
61156,normal,653,0,1782359085.028099,0.002325773239135742
61157,normal,3343,1,1782359085.029813,0.0017139911651611328
61158,normal,429,0,1782359085.031943,0.0021300315856933594
61159,normal,1207,0,1782359085.0337474,0.001804351806640625
61160,normal,1103,0,1782359085.0359442,0.002196788787841797
61161,normal,1632,0,1782359085.037773,0.0018286705017089844
61162,normal,1682,0,1782359085.0399323,0.0021593570709228516
61163,normal,43,0,1782359085.041785,0.0018527507781982422
61164,normal,1088,0,1782359085.0438867,0.0021016597747802734
61165,normal,1858,0,1782359085.045752,0.001865386962890625
61166,normal,3608,0,1782359085.0477827,0.002030611038208008
61167,normal,3012,0,1782359085.049904,0.002121448516845703
61168,normal,1584,0,1782359085.0517554,0.0018513202667236328
61169,normal,710,0,1782359085.0537822,0.002026796340942383
61170,normal,127,0,1782359085.0559428,0.0021605491638183594
61171,normal,2680,0,1782359085.0577579,0.0018150806427001953
61172,normal,1184,0,1782359085.059936,0.002178192138671875
61173,normal,489,0,1782359085.06193,0.001993894577026367
61174,normal,2483,0,1782359085.0637524,0.0018224716186523438
61175,normal,2043,0,1782359085.0659366,0.002184152603149414
61176,normal,352,0,1782359085.0677545,0.001817941665649414
61177,normal,2857,0,1782359085.0698895,0.002135038375854492
61178,normal,2361,0,1782359085.0717835,0.0018939971923828125
61179,normal,3171,1,1782359085.0739262,0.002142667770385742
61180,normal,3156,1,1782359085.0757542,0.0018279552459716797
61181,normal,2143,0,1782359085.0779383,0.002184152603149414
61182,normal,2230,0,1782359085.0797539,0.0018155574798583984
61183,normal,2658,0,1782359085.0819294,0.002175569534301758
61184,normal,3376,1,1782359085.0837839,0.0018544197082519531
61185,normal,2726,0,1782359085.0858846,0.002100706100463867
61186,normal,3494,0,1782359085.0877533,0.0018687248229980469
61187,normal,2097,0,1782359085.0899389,0.0021855831146240234
61188,normal,547,0,1782359085.091757,0.0018181800842285156
61189,normal,1802,0,1782359085.0938864,0.0021293163299560547
61190,normal,595,0,1782359085.0957851,0.0018987655639648438
61191,normal,3397,1,1782359085.0979419,0.0021567344665527344
61192,normal,3236,1,1782359085.0997548,0.0018129348754882812
61193,normal,576,0,1782359085.1019366,0.0021817684173583984
61194,normal,123,0,1782359085.103927,0.0019903182983398438
61195,normal,767,0,1782359085.1057682,0.0018413066864013672
61196,normal,765,0,1782359085.107938,0.0021698474884033203
61197,normal,2851,0,1782359085.1098871,0.0019490718841552734
61198,normal,2702,0,1782359085.1117518,0.0018646717071533203
61199,normal,278,0,1782359085.1137846,0.002032756805419922
61200,normal,522,0,1782359085.1159427,0.0021581649780273438
61201,normal,2988,0,1782359085.117757,0.0018143653869628906
61202,normal,642,0,1782359085.119938,0.002180814743041992
61203,normal,2209,0,1782359085.1218967,0.0019588470458984375
61204,normal,1619,0,1782359085.1237478,0.0018510818481445312
61205,normal,12,0,1782359085.1259418,0.002193927764892578
61206,normal,3480,0,1782359085.1279218,0.0019800662994384766
61207,normal,1569,0,1782359085.129768,0.0018460750579833984
61208,normal,2662,0,1782359085.1319356,0.0021677017211914062
61209,normal,383,0,1782359085.1338947,0.001959085464477539
61210,normal,2884,0,1782359085.135753,0.0018582344055175781
61211,normal,1530,0,1782359085.1379387,0.002185821533203125
61212,normal,2234,0,1782359085.1398914,0.0019526481628417969
61213,normal,3580,0,1782359085.1417506,0.0018591880798339844
61214,normal,2695,0,1782359085.1439152,0.002164602279663086
61215,normal,786,2,1782359085.1459112,0.0019960403442382812
61216,normal,2232,0,1782359085.1477735,0.0018622875213623047
61217,normal,3345,1,1782359085.1499429,0.002169370651245117
61218,normal,1902,0,1782359085.1519144,0.0019714832305908203
61219,normal,3552,0,1782359085.1537814,0.001867055892944336
61220,normal,1237,0,1782359085.1560364,0.002254962921142578
61221,normal,2374,0,1782359085.1577687,0.0017323493957519531
61222,normal,517,0,1782359085.1597638,0.001995086669921875
61223,normal,252,0,1782359085.1617615,0.001997709274291992
61224,normal,380,0,1782359085.1639438,0.0021822452545166016
61225,normal,1019,2,1782359085.165733,0.0017893314361572266
61226,normal,1213,0,1782359085.1677294,0.001996278762817383
61227,normal,1550,0,1782359085.1697876,0.002058267593383789
61228,normal,1195,0,1782359085.1716573,0.0018696784973144531
61229,normal,2534,0,1782359085.1737792,0.0021219253540039062
61230,normal,1681,0,1782359085.1757016,0.0019223690032958984
61231,normal,1264,0,1782359085.1777015,0.0019998550415039062
61232,normal,2656,0,1782359085.1797047,0.002003192901611328
61233,normal,3408,0,1782359085.1817746,0.0020699501037597656
61234,normal,2552,0,1782359085.1837132,0.0019385814666748047
61235,normal,1740,0,1782359085.1857035,0.0019903182983398438
61236,normal,1774,0,1782359085.1877267,0.0020232200622558594
61237,normal,3247,1,1782359085.1897411,0.0020143985748291016
61238,normal,3573,0,1782359085.1917098,0.0019686222076416016
61239,normal,1808,0,1782359085.1937332,0.002023458480834961
61240,normal,2228,0,1782359085.1957037,0.001970529556274414
61241,normal,2271,0,1782359085.197699,0.0019953250885009766
61242,normal,3416,0,1782359085.1997275,0.0020284652709960938
61243,normal,570,0,1782359085.2017019,0.001974344253540039
61244,normal,2858,0,1782359085.2037318,0.002029895782470703
61245,normal,2642,0,1782359085.2060058,0.002274036407470703
61246,normal,1288,0,1782359085.2077537,0.0017478466033935547
61247,normal,3664,0,1782359085.2099404,0.0021867752075195312
61248,normal,2379,0,1782359085.2119546,0.00201416015625
61249,normal,3589,0,1782359085.213765,0.001810312271118164
61250,normal,1993,0,1782359085.215946,0.0021810531616210938
61251,normal,324,0,1782359085.217976,0.0020301342010498047
61252,normal,3394,1,1782359085.2197576,0.001781463623046875
61253,normal,6,0,1782359085.2219574,0.002199888229370117
61254,normal,1746,0,1782359085.2239335,0.00197601318359375
61255,normal,366,0,1782359085.2257652,0.0018317699432373047
61256,normal,209,0,1782359085.2279449,0.0021796226501464844
61257,normal,2333,0,1782359085.2301023,0.002157449722290039
61258,normal,1844,0,1782359085.2317894,0.0016870498657226562
61259,normal,1755,0,1782359085.2337835,0.0019941329956054688
61260,normal,2090,0,1782359085.2359233,0.0021398067474365234
61261,normal,836,2,1782359085.2377608,0.0018374919891357422
61262,normal,1179,0,1782359085.2397754,0.002014636993408203
61263,normal,256,0,1782359085.241763,0.0019876956939697266
61264,normal,2521,0,1782359085.2437668,0.0020036697387695312
61265,normal,3058,1,1782359085.2457454,0.001978635787963867
61266,normal,1375,1,1782359085.247787,0.0020415782928466797
61267,normal,356,0,1782359085.2497108,0.0019237995147705078
61268,normal,3379,1,1782359085.251728,0.0020172595977783203
61269,normal,566,0,1782359085.2537858,0.002057790756225586
61270,normal,1236,0,1782359085.2557075,0.0019216537475585938
61271,normal,2939,0,1782359085.2577355,0.0020279884338378906
61272,normal,2479,0,1782359085.2597408,0.002005338668823242
61273,normal,2673,0,1782359085.2617285,0.0019876956939697266
61274,normal,1113,0,1782359085.2637928,0.002064228057861328
61275,normal,2292,0,1782359085.2657654,0.001972675323486328
61276,normal,608,0,1782359085.2677124,0.0019469261169433594
61277,normal,3091,1,1782359085.269727,0.002014636993408203
61278,normal,1625,0,1782359085.2717144,0.001987457275390625
61279,normal,55,0,1782359085.2737129,0.001998424530029297
61280,normal,2537,0,1782359085.2757163,0.0020034313201904297
61281,normal,3546,0,1782359085.2777197,0.0020034313201904297
61282,normal,909,2,1782359085.279716,0.001996278762817383
61283,normal,1183,0,1782359085.281775,0.0020589828491210938
61284,normal,646,0,1782359085.2837806,0.0020055770874023438
61285,normal,1362,1,1782359085.2856894,0.0019087791442871094
61286,normal,2096,0,1782359085.2878017,0.0021123886108398438
61287,normal,313,0,1782359085.2910068,0.0032050609588623047
61288,normal,2305,0,1782359085.2919128,0.0009059906005859375
61289,normal,2161,0,1782359085.2937925,0.0018796920776367188
61290,normal,851,2,1782359085.295903,0.0021104812622070312
61291,normal,1263,0,1782359085.2977548,0.001851797103881836
61292,normal,843,2,1782359085.2999792,0.002224445343017578
61293,normal,1811,0,1782359085.3017895,0.001810312271118164
61294,normal,1906,0,1782359085.3037665,0.0019769668579101562
61295,normal,3417,0,1782359085.3059852,0.0022187232971191406
61296,normal,2003,0,1782359085.3077757,0.0017905235290527344
61297,normal,2371,0,1782359085.309901,0.002125263214111328
61298,normal,1897,0,1782359085.3117936,0.0018925666809082031
61299,normal,35,0,1782359085.3138976,0.002104043960571289
61300,normal,1976,0,1782359085.315778,0.0018804073333740234
61301,normal,1186,0,1782359085.3179548,0.0021767616271972656
61302,normal,72,0,1782359085.3199353,0.0019805431365966797
61303,normal,495,0,1782359085.3217688,0.0018334388732910156
61304,normal,618,0,1782359085.3237946,0.0020258426666259766
61305,normal,1928,0,1782359085.326002,0.0022072792053222656
61306,normal,131,0,1782359085.327779,0.0017771720886230469
61307,normal,2471,0,1782359085.3299592,0.0021800994873046875
61308,normal,488,0,1782359085.3317814,0.0018222332000732422
61309,normal,2207,0,1782359085.3339195,0.0021381378173828125
61310,normal,3170,1,1782359085.335798,0.001878499984741211
61311,normal,3244,1,1782359085.3379228,0.002124786376953125
61312,normal,3521,0,1782359085.3397756,0.0018527507781982422
61313,normal,2511,0,1782359085.3417966,0.0020210742950439453
61314,normal,2182,0,1782359085.3439524,0.002155780792236328
61315,normal,1677,0,1782359085.3457675,0.0018150806427001953
61316,normal,170,0,1782359085.347953,0.0021855831146240234
61317,normal,1911,0,1782359085.3498092,0.001856088638305664
61318,normal,340,0,1782359085.351761,0.0019519329071044922
61319,normal,3258,1,1782359085.3537557,0.001994609832763672
61320,normal,1367,1,1782359085.3557107,0.0019550323486328125
61321,normal,42,0,1782359085.3578115,0.002100706100463867
61322,normal,2092,0,1782359085.3597531,0.001941680908203125
61323,normal,362,0,1782359085.3617425,0.0019893646240234375
61324,normal,827,2,1782359085.3637369,0.0019943714141845703
61325,normal,499,0,1782359085.3657293,0.001992464065551758
61326,normal,395,0,1782359085.3678124,0.0020830631256103516
61327,normal,1089,0,1782359085.3696985,0.001886129379272461
61328,normal,2822,0,1782359085.3719583,0.0022597312927246094
61329,normal,1062,0,1782359085.3737805,0.0018222332000732422
61330,normal,218,0,1782359085.3757825,0.0020020008087158203
61331,normal,2116,0,1782359085.3779879,0.002205371856689453
61332,normal,3559,0,1782359085.3797781,0.0017902851104736328
61333,normal,1380,1,1782359085.3819456,0.0021674633026123047
61334,normal,3463,0,1782359085.3837976,0.0018520355224609375
61335,normal,543,0,1782359085.3859303,0.0021326541900634766
61336,normal,1781,0,1782359085.3877673,0.001837015151977539
61337,normal,1333,1,1782359085.3899581,0.002190828323364258
61338,normal,373,0,1782359085.3919303,0.001972198486328125
61339,normal,349,0,1782359085.3937712,0.001840829849243164
61340,normal,3,0,1782359085.3957984,0.002027273178100586
61341,normal,1334,1,1782359085.3979115,0.0021131038665771484
61342,normal,2440,0,1782359085.3997679,0.0018563270568847656
61343,normal,834,2,1782359085.4019573,0.0021893978118896484
61344,normal,1502,0,1782359085.403929,0.001971721649169922
61345,normal,2056,0,1782359085.4057655,0.001836538314819336
61346,normal,2755,0,1782359085.4079561,0.0021905899047851562
61347,normal,3439,0,1782359085.4099312,0.0019750595092773438
61348,normal,1622,0,1782359085.4117665,0.0018353462219238281
61349,normal,3380,1,1782359085.4137652,0.0019986629486083984
61350,normal,2016,0,1782359085.4159467,0.002181529998779297
61351,normal,1280,0,1782359085.4177673,0.0018205642700195312
61352,normal,835,2,1782359085.419717,0.0019497871398925781
61353,normal,3314,1,1782359085.4218328,0.0021157264709472656
61354,normal,133,0,1782359085.4237173,0.00188446044921875
61355,normal,842,2,1782359085.4257123,0.001995086669921875
61356,normal,86,0,1782359085.4277902,0.002077817916870117
61357,normal,993,2,1782359085.4297137,0.0019235610961914062
61358,normal,3575,0,1782359085.43171,0.001996278762817383
61359,normal,3062,1,1782359085.4337611,0.002051115036010742
61360,normal,431,0,1782359085.4357073,0.0019462108612060547
61361,normal,730,0,1782359085.4377098,0.0020024776458740234
61362,normal,452,0,1782359085.439764,0.0020542144775390625
61363,normal,3647,0,1782359085.4417224,0.0019583702087402344
61364,normal,266,0,1782359085.4437869,0.0020644664764404297
61365,normal,662,0,1782359085.4461012,0.002314329147338867
61366,normal,130,0,1782359085.4477782,0.0016770362854003906
61367,normal,645,0,1782359085.4504442,0.002665996551513672
61368,normal,749,0,1782359085.4517102,0.0012660026550292969
61369,normal,1423,0,1782359085.4539115,0.0022013187408447266
61370,normal,1648,0,1782359085.4557097,0.0017981529235839844
61371,normal,3706,0,1782359085.4577262,0.0020165443420410156
61372,normal,1167,0,1782359085.4596806,0.001954317092895508
61373,normal,2688,0,1782359085.4617863,0.002105712890625
61374,normal,8,0,1782359085.4638,0.002013683319091797
61375,normal,774,2,1782359085.4658942,0.002094268798828125
61376,normal,3605,0,1782359085.4677675,0.0018732547760009766
61377,normal,1385,0,1782359085.469899,0.0021314620971679688
61378,normal,25,0,1782359085.4721088,0.002209901809692383
61379,normal,1722,0,1782359085.4740005,0.0018916130065917969
61380,normal,2559,0,1782359085.4758363,0.0018358230590820312
61381,normal,3233,1,1782359085.4778795,0.0020432472229003906
61382,normal,2576,0,1782359085.4797773,0.0018978118896484375
61383,normal,3375,1,1782359085.481919,0.002141714096069336
61384,normal,186,0,1782359085.483773,0.00185394287109375
61385,normal,197,0,1782359085.48587,0.002096891403198242
61386,normal,1898,0,1782359085.487862,0.0019922256469726562
61387,normal,2185,0,1782359085.4897602,0.001898050308227539
61388,normal,445,0,1782359085.4920053,0.002245187759399414
61389,normal,740,0,1782359085.493873,0.001867532730102539
61390,normal,3469,0,1782359085.49601,0.0021371841430664062
61391,normal,3011,0,1782359085.49789,0.0018799304962158203
61392,normal,701,0,1782359085.499955,0.002064943313598633
61393,normal,3267,1,1782359085.5019035,0.0019485950469970703
61394,normal,108,0,1782359085.504212,0.002308368682861328
61395,normal,869,2,1782359085.5061052,0.0018932819366455078
61396,normal,115,0,1782359085.5077655,0.0016603469848632812
61397,normal,2318,0,1782359085.5098948,0.0021293163299560547
61398,normal,2674,0,1782359085.5117676,0.0018727779388427734
61399,normal,1481,0,1782359085.513925,0.002157449722290039
61400,normal,986,2,1782359085.5158262,0.0019011497497558594
61401,normal,3190,1,1782359085.5179307,0.002104520797729492
61402,normal,1545,0,1782359085.519728,0.0017971992492675781
61403,normal,1314,0,1782359085.5218956,0.0021677017211914062
61404,normal,2260,0,1782359085.5238788,0.001983165740966797
61405,normal,3154,1,1782359085.5260475,0.0021686553955078125
61406,normal,1377,1,1782359085.527764,0.00171661376953125
61407,normal,239,0,1782359085.5299194,0.002155303955078125
61408,normal,895,2,1782359085.5318613,0.0019419193267822266
61409,normal,996,2,1782359085.5337465,0.0018851757049560547
61410,normal,1733,0,1782359085.5357492,0.002002716064453125
61411,normal,3395,1,1782359085.537726,0.0019767284393310547
61412,normal,1164,0,1782359085.5397263,0.0020003318786621094
61413,normal,612,0,1782359085.5417736,0.002047300338745117
61414,normal,1070,0,1782359085.5437112,0.0019376277923583984
61415,normal,979,2,1782359085.5458302,0.0021190643310546875
61416,normal,3496,0,1782359085.547749,0.001918792724609375
61417,normal,2853,0,1782359085.5497038,0.001954793930053711
61418,normal,2496,0,1782359085.5517056,0.0020017623901367188
61419,normal,3187,1,1782359085.5537372,0.002031564712524414
61420,normal,168,0,1782359085.5557106,0.001973390579223633
61421,normal,1211,0,1782359085.5577486,0.0020380020141601562
61422,normal,534,0,1782359085.559776,0.0020275115966796875
61423,normal,2613,0,1782359085.5617723,0.001996278762817383
61424,normal,2073,0,1782359085.563789,0.0020165443420410156
61425,normal,2747,0,1782359085.5657685,0.0019795894622802734
61426,normal,775,2,1782359085.5677166,0.0019481182098388672
61427,normal,1702,0,1782359085.5697265,0.002009868621826172
61428,normal,656,0,1782359085.571761,0.002034425735473633
61429,normal,1690,0,1782359085.5736995,0.0019385814666748047
61430,normal,2598,0,1782359085.5756986,0.0019991397857666016
61431,normal,3336,1,1782359085.577728,0.0020294189453125
61432,normal,1896,0,1782359085.5797598,0.0020318031311035156
61433,normal,3065,1,1782359085.5817556,0.0019958019256591797
61434,normal,463,0,1782359085.583871,0.0021152496337890625
61435,normal,391,0,1782359085.5858047,0.0019338130950927734
61436,normal,226,0,1782359085.5877852,0.0019805431365966797
61437,normal,2476,0,1782359085.589781,0.0019958019256591797
61438,normal,1291,0,1782359085.5918012,0.002020120620727539
61439,normal,1670,0,1782359085.5938294,0.002028226852416992
61440,normal,939,2,1782359085.595762,0.0019326210021972656
61441,normal,2566,0,1782359085.5977108,0.0019488334655761719
61442,normal,1603,0,1782359085.5997124,0.002001523971557617
61443,normal,1393,0,1782359085.6018653,0.0021529197692871094
61444,normal,1948,0,1782359085.603657,0.0017917156219482422
61445,normal,3044,0,1782359085.6057124,0.0020554065704345703
61446,normal,37,0,1782359085.6077616,0.0020492076873779297
61447,normal,1590,0,1782359085.6097085,0.0019469261169433594
61448,normal,2717,0,1782359085.6118922,0.002183675765991211
61449,normal,2987,0,1782359085.6138809,0.001988649368286133
61450,normal,2592,0,1782359085.615834,0.001953125
61451,normal,2579,0,1782359085.6177182,0.0018842220306396484
61452,normal,1277,0,1782359085.6197772,0.0020589828491210938
61453,normal,329,0,1782359085.6217313,0.0019540786743164062
61454,normal,1788,0,1782359085.6238697,0.002138376235961914
61455,normal,103,0,1782359085.6259475,0.002077817916870117
61456,normal,2038,0,1782359085.627749,0.0018014907836914062
61457,normal,2683,0,1782359085.6297257,0.0019767284393310547
61458,normal,3159,1,1782359085.6317585,0.002032756805419922
61459,normal,3006,0,1782359085.6339393,0.002180814743041992
61460,normal,623,0,1782359085.635769,0.0018296241760253906
61461,normal,754,0,1782359085.6383069,0.002537965774536133
61462,normal,721,0,1782359085.639873,0.001566171646118164
61463,normal,2347,0,1782359085.6417983,0.0019252300262451172
61464,normal,1983,0,1782359085.6438544,0.002056121826171875
61465,normal,816,2,1782359085.645777,0.001922607421875
61466,normal,444,0,1782359085.6478312,0.0020542144775390625
61467,normal,3165,1,1782359085.6498091,0.0019779205322265625
61468,normal,3518,0,1782359085.6520946,0.002285480499267578
61469,normal,917,2,1782359085.6538737,0.0017790794372558594
61470,normal,364,0,1782359085.6558511,0.0019774436950683594
61471,normal,45,0,1782359085.6579828,0.0021317005157470703
61472,normal,1147,0,1782359085.6598525,0.0018696784973144531
61473,normal,947,2,1782359085.661743,0.001890420913696289
61474,normal,1482,0,1782359085.663832,0.0020890235900878906
61475,normal,741,0,1782359085.6657772,0.0019452571868896484
61476,normal,1491,0,1782359085.6678026,0.0020253658294677734
61477,normal,114,0,1782359085.6699364,0.0021338462829589844
61478,normal,2852,0,1782359085.6718385,0.0019021034240722656
61479,normal,2191,0,1782359085.6743739,0.0025353431701660156
61480,normal,1734,0,1782359085.6757457,0.0013718605041503906
61481,normal,654,0,1782359085.6778421,0.002096414566040039
61482,normal,515,0,1782359085.6798756,0.0020334720611572266
61483,normal,2865,0,1782359085.6817207,0.0018451213836669922
61484,normal,1163,0,1782359085.6838334,0.0021126270294189453
61485,normal,2465,0,1782359085.6858644,0.002031087875366211
61486,normal,1180,0,1782359085.6877296,0.0018651485443115234
61487,normal,404,0,1782359085.689864,0.0021343231201171875
61488,normal,2862,0,1782359085.6920824,0.002218484878540039
61489,normal,3112,1,1782359085.6937788,0.0016963481903076172
61490,normal,3702,0,1782359085.695802,0.0020232200622558594
61491,normal,825,2,1782359085.6978106,0.002008676528930664
61492,normal,518,0,1782359085.6997342,0.0019235610961914062
61493,normal,3283,1,1782359085.7017493,0.0020151138305664062
61494,normal,568,0,1782359085.7038581,0.0021088123321533203
61495,normal,1664,0,1782359085.705809,0.001950979232788086
61496,normal,574,0,1782359085.707924,0.0021147727966308594
61497,normal,3153,1,1782359085.7099328,0.0020089149475097656
61498,normal,30,0,1782359085.7118495,0.001916646957397461
61499,normal,1135,0,1782359085.713987,0.0021376609802246094
61500,normal,3447,0,1782359085.715911,0.0019237995147705078
61501,normal,1849,0,1782359085.717948,0.00203704833984375
61502,normal,1840,0,1782359085.71983,0.0018820762634277344
61503,normal,433,0,1782359085.7218957,0.0020656585693359375
61504,normal,2203,0,1782359085.7238746,0.0019788742065429688
61505,normal,2160,0,1782359085.726091,0.002216339111328125
61506,normal,1500,0,1782359085.7279222,0.0018312931060791016
61507,normal,1442,0,1782359085.7300572,0.002135038375854492
61508,normal,105,0,1782359085.732058,0.0020008087158203125
61509,normal,1933,0,1782359085.7339835,0.0019254684448242188
61510,normal,195,0,1782359085.7358289,0.0018453598022460938
61511,normal,3100,1,1782359085.7381628,0.0023338794708251953
61512,normal,2525,0,1782359085.7399693,0.001806497573852539
61513,normal,1599,0,1782359085.7417367,0.0017673969268798828
61514,normal,3404,0,1782359085.743908,0.0021712779998779297
61515,normal,1117,0,1782359085.7459085,0.002000570297241211
61516,normal,1675,0,1782359085.7481856,0.0022771358489990234
61517,normal,3545,0,1782359085.749728,0.0015423297882080078
61518,normal,1723,0,1782359085.7518997,0.002171754837036133
61519,normal,549,0,1782359085.7538185,0.001918792724609375
61520,normal,2421,0,1782359085.755913,0.0020945072174072266
61521,normal,166,0,1782359085.7586958,0.0027828216552734375
61522,normal,1052,0,1782359085.7600176,0.0013217926025390625
61523,normal,2636,0,1782359085.76186,0.0018422603607177734
61524,normal,1151,0,1782359085.7639296,0.002069711685180664
61525,normal,1239,0,1782359085.7658494,0.0019197463989257812
61526,normal,1965,0,1782359085.767951,0.0021016597747802734
61527,normal,3146,1,1782359085.7699745,0.002023458480834961
61528,normal,1891,0,1782359085.7717566,0.0017821788787841797
61529,normal,2047,0,1782359085.7739143,0.0021576881408691406
61530,normal,1224,0,1782359085.77593,0.0020155906677246094
61531,normal,2704,0,1782359085.777855,0.0019249916076660156
61532,normal,1254,0,1782359085.7799976,0.002142667770385742
61533,normal,3009,0,1782359085.7819147,0.001917123794555664
61534,normal,1200,0,1782359085.783983,0.0020682811737060547
61535,normal,1453,0,1782359085.7857807,0.0017976760864257812
61536,normal,2550,0,1782359085.7883103,0.002529621124267578
61537,normal,124,0,1782359085.7905283,0.002218008041381836
61538,normal,926,2,1782359085.791862,0.0013337135314941406
61539,normal,1205,0,1782359085.7943437,0.002481698989868164
61540,normal,1653,0,1782359085.7960308,0.0016870498657226562
61541,normal,2420,0,1782359085.798308,0.0022771358489990234
61542,normal,580,0,1782359085.8003376,0.0020296573638916016
61543,normal,3522,0,1782359085.8018668,0.0015292167663574219
61544,normal,714,0,1782359085.8039207,0.002053976058959961
61545,normal,2896,0,1782359085.8059418,0.0020210742950439453
61546,normal,2241,0,1782359085.80802,0.0020782947540283203
61547,normal,2969,0,1782359085.8097982,0.0017781257629394531
61548,normal,1725,0,1782359085.8120115,0.0022132396697998047
61549,normal,888,2,1782359085.8139577,0.0019462108612060547
61550,normal,799,2,1782359085.8161638,0.002206087112426758
61551,normal,3511,0,1782359085.8180118,0.001847982406616211
61552,normal,893,2,1782359085.819746,0.0017342567443847656
61553,normal,977,2,1782359085.8219464,0.0022003650665283203
61554,normal,2544,0,1782359085.8238277,0.0018813610076904297
61555,normal,2059,0,1782359085.8259563,0.00212860107421875
61556,normal,1349,1,1782359085.8278494,0.0018930435180664062
61557,normal,1926,0,1782359085.8300061,0.0021567344665527344
61558,normal,3198,1,1782359085.8317697,0.0017635822296142578
61559,normal,1240,0,1782359085.8341095,0.0023398399353027344
61560,normal,2004,0,1782359085.8358605,0.001750946044921875
61561,normal,2664,0,1782359085.8379328,0.0020723342895507812
61562,normal,737,0,1782359085.839839,0.0019061565399169922
61563,normal,3381,1,1782359085.841953,0.0021140575408935547
61564,normal,1535,0,1782359085.8438194,0.0018663406372070312
61565,normal,2501,0,1782359085.8459258,0.0021064281463623047
61566,normal,3018,0,1782359085.8478925,0.001966714859008789
61567,normal,301,0,1782359085.849805,0.0019125938415527344
61568,normal,847,2,1782359085.8520694,0.002264261245727539
61569,normal,1977,0,1782359085.8538368,0.0017673969268798828
61570,normal,425,0,1782359085.8558588,0.0020220279693603516
61571,normal,2798,0,1782359085.8578997,0.002040863037109375
61572,normal,1539,0,1782359085.8599777,0.0020780563354492188
61573,normal,1261,0,1782359085.8617766,0.001798868179321289
61574,normal,1066,0,1782359085.8639028,0.0021262168884277344
61575,normal,1513,0,1782359085.8660283,0.0021255016326904297
61576,normal,1661,0,1782359085.8679519,0.0019235610961914062
61577,normal,31,0,1782359085.8697824,0.0018305778503417969
61578,normal,849,2,1782359085.8721132,0.002330780029296875
61579,normal,2005,0,1782359085.874069,0.001955747604370117
61580,normal,1080,0,1782359085.875742,0.001672983169555664
61581,normal,617,0,1782359085.877867,0.0021250247955322266
61582,normal,3038,0,1782359085.8798556,0.001988649368286133
61583,normal,2668,0,1782359085.881906,0.0020503997802734375
61584,normal,3014,0,1782359085.883812,0.0019059181213378906
61585,normal,3234,1,1782359085.8857367,0.001924753189086914
61586,normal,129,0,1782359085.8878129,0.0020761489868164062
61587,normal,756,0,1782359085.8903775,0.002564668655395508
61588,normal,3335,1,1782359085.8918133,0.0014357566833496094
61589,normal,3341,1,1782359085.893734,0.0019207000732421875
61590,normal,3147,1,1782359085.8957493,0.002015352249145508
61591,normal,937,2,1782359085.8977058,0.001956462860107422
61592,normal,755,0,1782359085.8997467,0.002040863037109375
61593,normal,1210,0,1782359085.902266,0.002519369125366211
61594,normal,403,0,1782359085.9039001,0.0016341209411621094
61595,normal,3356,1,1782359085.9057028,0.001802682876586914
61596,normal,707,0,1782359085.9077556,0.002052783966064453
61597,normal,3251,1,1782359085.9097183,0.0019626617431640625
61598,normal,1053,0,1782359085.9117625,0.002044200897216797
61599,normal,1830,0,1782359085.9138186,0.002056121826171875
61600,normal,3412,0,1782359085.9157386,0.0019199848175048828
61601,normal,2516,0,1782359085.917748,0.0020093917846679688
61602,normal,3421,0,1782359085.9197545,0.00200653076171875
61603,normal,137,0,1782359085.921728,0.001973390579223633
61604,normal,2631,0,1782359085.9237597,0.0020318031311035156
61605,normal,1046,0,1782359085.9260561,0.00229644775390625
61606,normal,3158,1,1782359085.9278786,0.0018224716186523438
61607,normal,3700,0,1782359085.929783,0.0019044876098632812
61608,normal,320,0,1782359085.9319031,0.0021200180053710938
61609,normal,1536,0,1782359085.9337893,0.001886129379272461
61610,normal,3517,0,1782359085.935796,0.0020067691802978516
61611,normal,934,2,1782359085.9380531,0.002257108688354492
61612,normal,1699,0,1782359085.9398143,0.0017611980438232422
61613,normal,1517,0,1782359085.9417565,0.0019421577453613281
61614,normal,3510,0,1782359085.9438398,0.002083301544189453
61615,normal,1250,0,1782359085.9458358,0.0019960403442382812
61616,normal,2806,0,1782359085.9476993,0.0018634796142578125
61617,normal,1175,0,1782359085.949761,0.002061605453491211
61618,normal,879,2,1782359085.9518032,0.0020422935485839844
61619,normal,177,0,1782359085.9537692,0.0019659996032714844
61620,normal,3127,1,1782359085.955776,0.0020067691802978516
61621,normal,1478,0,1782359085.957789,0.002012968063354492
61622,normal,839,2,1782359085.959814,0.002025127410888672
61623,normal,2322,0,1782359085.9622197,0.0024056434631347656
61624,normal,145,0,1782359085.9636865,0.0014667510986328125
61625,normal,2006,0,1782359085.965761,0.0020744800567626953
61626,normal,796,2,1782359085.9677556,0.001994609832763672
61627,normal,1309,0,1782359085.9698288,0.0020732879638671875
61628,normal,1879,0,1782359085.9719841,0.002155303955078125
61629,normal,2226,0,1782359085.974086,0.002101898193359375
61630,normal,3074,1,1782359085.9758754,0.0017893314361572266
61631,normal,1803,0,1782359085.9780245,0.0021491050720214844
61632,normal,2029,0,1782359085.9799476,0.0019230842590332031
61633,normal,1228,0,1782359085.9818387,0.0018911361694335938
61634,normal,556,0,1782359085.983929,0.0020902156829833984
61635,normal,1593,0,1782359085.9859416,0.0020127296447753906
61636,normal,1783,0,1782359085.9878397,0.001898050308227539
61637,normal,2284,0,1782359085.9899564,0.002116680145263672
61638,normal,972,2,1782359085.9920146,0.002058267593383789
61639,normal,1322,1,1782359085.9939275,0.001912832260131836
61640,normal,1873,0,1782359085.995869,0.0019414424896240234
61641,normal,554,0,1782359085.9979835,0.002114534378051758
61642,normal,2497,0,1782359085.9998631,0.0018796920776367188
61643,normal,2891,0,1782359086.0019166,0.002053499221801758
61644,normal,2588,0,1782359086.0039127,0.0019960403442382812
61645,normal,2655,0,1782359086.0058196,0.0019068717956542969
61646,normal,264,0,1782359086.0079567,0.0021371841430664062
61647,normal,2524,0,1782359086.0100195,0.0020627975463867188
61648,normal,1971,0,1782359086.011855,0.0018353462219238281
61649,normal,3598,0,1782359086.0140839,0.002228975296020508
61650,normal,1146,0,1782359086.016026,0.0019421577453613281
61651,normal,3438,0,1782359086.0177975,0.0017714500427246094
61652,normal,2820,0,1782359086.019886,0.0020885467529296875
61653,normal,3102,1,1782359086.0220754,0.0021893978118896484
61654,normal,3120,1,1782359086.0239387,0.001863241195678711
61655,normal,532,0,1782359086.0258288,0.0018901824951171875
61656,normal,3123,1,1782359086.0279093,0.0020804405212402344
61657,normal,2444,0,1782359086.029816,0.0019066333770751953
61658,normal,1680,0,1782359086.0320542,0.0022382736206054688
61659,normal,1854,0,1782359086.0338387,0.0017845630645751953
61660,normal,447,0,1782359086.0358198,0.001981019973754883
61661,normal,1600,0,1782359086.0377297,0.0019099712371826172
61662,normal,1886,0,1782359086.0399125,0.0021827220916748047
61663,normal,2037,0,1782359086.0422418,0.0023293495178222656
61664,normal,1701,0,1782359086.0440621,0.0018203258514404297
61665,normal,695,0,1782359086.0457747,0.0017125606536865234
61666,normal,1376,1,1782359086.047845,0.002070188522338867
61667,normal,1949,0,1782359086.049713,0.0018680095672607422
61668,normal,2082,0,1782359086.0518556,0.002142667770385742
61669,normal,3655,0,1782359086.0537713,0.0019156932830810547
61670,normal,3513,0,1782359086.055829,0.002057790756225586
61671,normal,2730,0,1782359086.0578575,0.0020284652709960938
61672,normal,2353,0,1782359086.0597074,0.0018498897552490234
61673,normal,3008,0,1782359086.0618572,0.002149820327758789
61674,normal,2784,0,1782359086.0638945,0.0020372867584228516
61675,normal,1419,0,1782359086.0657537,0.0018591880798339844
61676,normal,3596,0,1782359086.0680308,0.0022771358489990234
61677,normal,798,2,1782359086.0700762,0.0020453929901123047
61678,normal,2628,0,1782359086.0718198,0.0017435550689697266
61679,normal,1882,0,1782359086.073902,0.0020821094512939453
61680,normal,2158,0,1782359086.0760307,0.0021288394927978516
61681,normal,1489,0,1782359086.0780976,0.0020668506622314453
61682,normal,2567,0,1782359086.0800097,0.0019121170043945312
61683,normal,1415,0,1782359086.0819867,0.0019769668579101562
61684,normal,688,0,1782359086.084065,0.0020782947540283203
61685,normal,830,2,1782359086.086199,0.002134084701538086
61686,normal,2963,0,1782359086.087811,0.001611948013305664
61687,normal,2508,0,1782359086.0898404,0.0020294189453125
61688,normal,1010,2,1782359086.091847,0.00200653076171875
61689,normal,3300,1,1782359086.0939305,0.0020835399627685547
61690,normal,1981,0,1782359086.0957782,0.0018477439880371094
61691,normal,1155,0,1782359086.0979037,0.0021255016326904297
61692,normal,3612,0,1782359086.1000035,0.002099752426147461
61693,normal,3242,1,1782359086.1022248,0.002221345901489258
61694,normal,156,0,1782359086.1038127,0.0015878677368164062
61695,normal,1899,0,1782359086.1058903,0.0020775794982910156
61696,normal,626,0,1782359086.1077726,0.001882314682006836
61697,normal,28,0,1782359086.109864,0.0020914077758789062
61698,normal,167,0,1782359086.1118867,0.0020227432250976562
61699,normal,319,0,1782359086.113755,0.0018682479858398438
61700,normal,1035,0,1782359086.1158595,0.002104520797729492
61701,normal,3351,1,1782359086.11793,0.0020704269409179688
61702,normal,467,0,1782359086.1197305,0.001800537109375
61703,normal,3202,1,1782359086.1218557,0.002125263214111328
61704,normal,153,0,1782359086.1238513,0.001995563507080078
61705,normal,3650,0,1782359086.125725,0.0018737316131591797
61706,normal,587,0,1782359086.127864,0.002138853073120117
61707,normal,2474,0,1782359086.1298974,0.0020334720611572266
61708,normal,1554,0,1782359086.1317956,0.0018982887268066406
61709,normal,1039,0,1782359086.1339507,0.0021550655364990234
61710,normal,686,0,1782359086.1358876,0.0019369125366210938
61711,normal,3614,0,1782359086.1377683,0.001880645751953125
61712,normal,987,2,1782359086.1398413,0.002073049545288086
61713,normal,144,0,1782359086.141846,0.0020046234130859375
61714,normal,2677,0,1782359086.1437082,0.0018622875213623047
61715,normal,3640,0,1782359086.1458387,0.0021305084228515625
61716,normal,98,0,1782359086.14805,0.002211332321166992
61717,normal,3541,0,1782359086.1497672,0.0017170906066894531
61718,normal,1457,0,1782359086.1519165,0.002149343490600586
61719,normal,1470,0,1782359086.1540246,0.0021080970764160156
61720,normal,183,0,1782359086.1558933,0.0018687248229980469
61721,normal,2584,0,1782359086.157803,0.0019097328186035156
61722,normal,703,0,1782359086.1599813,0.002178192138671875
61723,normal,2013,0,1782359086.1618729,0.0018916130065917969
61724,normal,647,0,1782359086.163842,0.0019690990447998047
61725,normal,2556,0,1782359086.1658545,0.002012491226196289
61726,normal,2397,0,1782359086.167713,0.0018584728240966797
61727,normal,228,0,1782359086.169852,0.0021390914916992188
61728,normal,1954,0,1782359086.1719263,0.0020742416381835938
61729,normal,3330,1,1782359086.1737359,0.0018095970153808594
61730,normal,2430,0,1782359086.1758482,0.0021123886108398438
61731,normal,3133,1,1782359086.1778514,0.002003192901611328
61732,normal,1637,0,1782359086.1797197,0.0018682479858398438
61733,normal,808,2,1782359086.1819348,0.002215147018432617
61734,normal,2324,0,1782359086.18432,0.0023851394653320312
61735,normal,2195,0,1782359086.185878,0.001558065414428711
61736,normal,229,0,1782359086.1877344,0.0018563270568847656
61737,normal,3232,1,1782359086.1898715,0.0021371841430664062
61738,normal,1037,0,1782359086.1917517,0.0018801689147949219
61739,normal,1189,0,1782359086.1938496,0.0020978450775146484
61740,normal,564,0,1782359086.1961977,0.002348184585571289
61741,normal,2067,0,1782359086.197852,0.0016541481018066406
61742,normal,3289,1,1782359086.19976,0.0019080638885498047
61743,normal,1336,1,1782359086.201868,0.0021080970764160156
61744,normal,2085,0,1782359086.2037368,0.0018687248229980469
61745,normal,1857,0,1782359086.205882,0.0021452903747558594
61746,normal,2758,0,1782359086.2079,0.002017974853515625
61747,normal,2787,0,1782359086.2101338,0.002233743667602539
61748,normal,1223,0,1782359086.2119555,0.001821756362915039
61749,normal,3327,1,1782359086.2140565,0.0021009445190429688
61750,normal,3025,0,1782359086.215904,0.0018475055694580078
61751,normal,410,0,1782359086.2179067,0.002002716064453125
61752,normal,2409,0,1782359086.22027,0.0023632049560546875
61753,normal,951,2,1782359086.2220385,0.0017685890197753906
61754,normal,1390,0,1782359086.2238982,0.0018596649169921875
61755,normal,2879,0,1782359086.226248,0.002349853515625
61756,normal,3118,1,1782359086.2282767,0.0020287036895751953
61757,normal,3121,1,1782359086.2298107,0.0015339851379394531
61758,normal,1094,0,1782359086.2318935,0.00208282470703125
61759,normal,1614,0,1782359086.2337716,0.0018780231475830078
61760,normal,1022,2,1782359086.2357628,0.00199127197265625
61761,normal,1029,2,1782359086.2378273,0.0020644664764404297
61762,normal,3355,1,1782359086.2397258,0.0018985271453857422
61763,normal,0,0,1782359086.2417102,0.0019843578338623047
61764,normal,3310,1,1782359086.243751,0.002040863037109375
61765,normal,2708,0,1782359086.2456968,0.0019457340240478516
61766,normal,3654,0,1782359086.2477236,0.002026796340942383
61767,normal,3564,0,1782359086.2497923,0.002068758010864258
61768,normal,2117,0,1782359086.251773,0.0019807815551757812
61769,normal,801,2,1782359086.253733,0.0019598007202148438
61770,normal,2084,0,1782359086.2557988,0.002065896987915039
61771,normal,3089,1,1782359086.2577553,0.001956462860107422
61772,normal,671,0,1782359086.2597675,0.0020122528076171875
61773,normal,1913,0,1782359086.2618592,0.002091646194458008
61774,normal,2807,0,1782359086.263688,0.001828908920288086
61775,normal,1937,0,1782359086.2657096,0.0020215511322021484
61776,normal,2373,0,1782359086.267766,0.0020563602447509766
61777,normal,729,0,1782359086.2697086,0.0019426345825195312
61778,normal,1617,0,1782359086.2717018,0.0019931793212890625
61779,normal,2385,0,1782359086.273761,0.0020592212677001953
61780,normal,165,0,1782359086.275709,0.0019478797912597656
61781,normal,2532,0,1782359086.2777157,0.0020067691802978516
61782,normal,2293,0,1782359086.2798843,0.0021686553955078125
61783,normal,3576,0,1782359086.2817056,0.001821279525756836
61784,normal,514,0,1782359086.2837021,0.0019965171813964844
61785,normal,1582,0,1782359086.285752,0.0020499229431152344
61786,normal,3257,1,1782359086.287696,0.001943826675415039
61787,normal,2102,0,1782359086.28969,0.0019941329956054688
61788,normal,3279,1,1782359086.291755,0.002064943313598633
61789,normal,2321,0,1782359086.2937233,0.0019683837890625
61790,normal,2079,0,1782359086.2957478,0.002024412155151367
61791,normal,1524,0,1782359086.2978458,0.00209808349609375
61792,normal,813,2,1782359086.2997565,0.0019106864929199219
61793,normal,2395,0,1782359086.3017187,0.0019621849060058594
61794,normal,1099,0,1782359086.3037755,0.0020568370819091797
61795,normal,2663,0,1782359086.3057148,0.0019392967224121094
61796,normal,3034,0,1782359086.3076918,0.0019769668579101562
61797,normal,3535,0,1782359086.3097477,0.0020558834075927734
61798,normal,245,0,1782359086.3116872,0.001939535140991211
61799,normal,2878,0,1782359086.3137298,0.002042531967163086
61800,normal,132,0,1782359086.3158116,0.0020818710327148438
61801,normal,837,2,1782359086.317719,0.0019073486328125
61802,normal,954,2,1782359086.3197436,0.0020246505737304688
61803,normal,2401,0,1782359086.321842,0.0020983219146728516
61804,normal,2086,0,1782359086.3239286,0.002086639404296875
61805,normal,2040,0,1782359086.325928,0.001999378204345703
61806,normal,357,0,1782359086.327837,0.001909017562866211
61807,normal,1542,0,1782359086.3297458,0.0019087791442871094
61808,normal,78,0,1782359086.3316855,0.0019397735595703125
61809,normal,2895,0,1782359086.3337371,0.0020515918731689453
61810,normal,3566,0,1782359086.3356743,0.0019371509552001953
61811,normal,1941,0,1782359086.3378081,0.0021338462829589844
61812,normal,367,0,1782359086.3397517,0.0019435882568359375
61813,normal,3449,0,1782359086.3416736,0.0019218921661376953
61814,normal,2262,0,1782359086.3436787,0.0020051002502441406
61815,normal,306,0,1782359086.3457294,0.002050638198852539
61816,normal,1626,0,1782359086.3477578,0.0020284652709960938
61817,normal,1519,0,1782359086.349868,0.0021102428436279297
61818,normal,2046,0,1782359086.3519728,0.0021047592163085938
61819,normal,1544,0,1782359086.3537986,0.0018258094787597656
61820,normal,545,0,1782359086.356012,0.0022134780883789062
61821,normal,2506,0,1782359086.357714,0.0017018318176269531
61822,normal,2157,0,1782359086.3597088,0.0019948482513427734
61823,normal,407,0,1782359086.3617024,0.0019936561584472656
61824,normal,2470,0,1782359086.363771,0.0020685195922851562
61825,normal,3600,0,1782359086.3657668,0.0019958019256591797
61826,normal,1643,0,1782359086.3677611,0.0019943714141845703
61827,normal,468,0,1782359086.3697078,0.0019466876983642578
61828,normal,3624,0,1782359086.371705,0.001997232437133789
61829,normal,2336,0,1782359086.3737404,0.002035379409790039
61830,normal,2914,0,1782359086.3757656,0.002025127410888672
61831,normal,259,0,1782359086.3779008,0.0021352767944335938
61832,normal,3354,1,1782359086.379733,0.0018322467803955078
61833,normal,667,0,1782359086.3818593,0.0021262168884277344
61834,normal,1889,0,1782359086.3837795,0.0019202232360839844
61835,normal,1758,0,1782359086.3858752,0.0020956993103027344
61836,normal,1767,0,1782359086.3878722,0.0019969940185546875
61837,normal,1521,0,1782359086.3901427,0.0022704601287841797
61838,normal,2749,0,1782359086.391858,0.0017154216766357422
61839,normal,1716,0,1782359086.3940096,0.0021514892578125
61840,normal,691,0,1782359086.3958738,0.0018641948699951172
61841,normal,713,0,1782359086.3978984,0.0020246505737304688
61842,normal,2572,0,1782359086.3998492,0.0019507408142089844
61843,normal,2265,0,1782359086.4017255,0.0018763542175292969
61844,normal,1315,0,1782359086.4037926,0.002067089080810547
61845,normal,1627,0,1782359086.4059286,0.0021359920501708984
61846,normal,2210,0,1782359086.4078505,0.0019218921661376953
61847,normal,2902,0,1782359086.409906,0.0020554065704345703
61848,normal,524,0,1782359086.4118903,0.0019843578338623047
61849,normal,1234,0,1782359086.413731,0.001840829849243164
61850,normal,2810,0,1782359086.4161143,0.0023832321166992188
61851,normal,777,2,1782359086.4182887,0.00217437744140625
61852,normal,2931,0,1782359086.4198647,0.0015759468078613281
61853,normal,1771,0,1782359086.4218562,0.0019915103912353516
61854,normal,215,0,1782359086.423922,0.002065896987915039
61855,normal,1067,0,1782359086.4258206,0.0018985271453857422
61856,normal,2788,0,1782359086.4279506,0.0021300315856933594
61857,normal,1594,0,1782359086.4302468,0.0022962093353271484
61858,normal,960,2,1782359086.431862,0.001615285873413086
61859,normal,1059,0,1782359086.4337454,0.0018832683563232422
61860,normal,1563,0,1782359086.4358788,0.0021333694458007812
61861,normal,1692,0,1782359086.4377804,0.0019016265869140625
61862,normal,985,2,1782359086.439882,0.0021016597747802734
61863,normal,1402,0,1782359086.441866,0.0019838809967041016
61864,normal,2487,0,1782359086.443756,0.0018901824951171875
61865,normal,3208,1,1782359086.4458659,0.0021097660064697266
61866,normal,625,0,1782359086.4478824,0.0020165443420410156
61867,normal,2167,0,1782359086.449772,0.0018894672393798828
61868,normal,2605,0,1782359086.4518623,0.0020904541015625
61869,normal,3619,0,1782359086.4538558,0.001993417739868164
61870,normal,680,0,1782359086.4557588,0.0019030570983886719
61871,normal,2311,0,1782359086.4578648,0.0021059513092041016
61872,normal,3107,1,1782359086.4598517,0.001986980438232422
61873,normal,3031,0,1782359086.4617584,0.0019066333770751953
61874,normal,2661,0,1782359086.4639091,0.0021507740020751953
61875,normal,2291,0,1782359086.4662018,0.002292633056640625
61876,normal,2114,0,1782359086.4677503,0.0015485286712646484
61877,normal,2320,0,1782359086.469881,0.002130746841430664
61878,normal,1720,0,1782359086.4719162,0.0020351409912109375
61879,normal,950,2,1782359086.4737291,0.0018129348754882812
61880,normal,3536,0,1782359086.475869,0.0021398067474365234
61881,normal,1863,0,1782359086.4778543,0.001985311508178711
61882,normal,2522,0,1782359086.4797225,0.0018682479858398438
61883,normal,1507,0,1782359086.481929,0.002206563949584961
61884,normal,187,0,1782359086.4838965,0.0019674301147460938
61885,normal,1764,0,1782359086.4857795,0.0018830299377441406
61886,normal,1775,0,1782359086.4879436,0.002164125442504883
61887,normal,575,0,1782359086.490229,0.0022852420806884766
61888,normal,325,0,1782359086.4930182,0.0027892589569091797
61889,normal,3567,0,1782359086.4938033,0.0007851123809814453
61890,normal,2509,0,1782359086.4960194,0.0022161006927490234
61891,normal,683,0,1782359086.4979699,0.0019505023956298828
61892,normal,1101,0,1782359086.499973,0.002003192901611328
61893,normal,3604,0,1782359086.5020351,0.002062082290649414
61894,normal,2762,0,1782359086.503851,0.0018157958984375
61895,normal,1957,0,1782359086.505951,0.0020999908447265625
61896,normal,3145,1,1782359086.5079544,0.0020034313201904297
61897,normal,273,0,1782359086.5101347,0.002180337905883789
61898,normal,1620,0,1782359086.5117452,0.0016105175018310547
61899,normal,2250,0,1782359086.5139472,0.0022020339965820312
61900,normal,2,0,1782359086.5158446,0.0018973350524902344
61901,normal,1326,1,1782359086.517949,0.002104520797729492
61902,normal,1109,0,1782359086.520331,0.0023818016052246094
61903,normal,1306,0,1782359086.5220168,0.0016858577728271484
61904,normal,3172,1,1782359086.523942,0.0019252300262451172
61905,normal,2109,0,1782359086.5261695,0.0022275447845458984
61906,normal,57,0,1782359086.5277662,0.001596689224243164
61907,normal,3476,0,1782359086.5298724,0.002106189727783203
61908,normal,41,0,1782359086.5320175,0.002145051956176758
61909,normal,317,0,1782359086.5337675,0.0017499923706054688
61910,normal,2021,0,1782359086.5360937,0.0023262500762939453
61911,normal,1860,0,1782359086.5379145,0.0018208026885986328
61912,normal,636,0,1782359086.5397313,0.0018167495727539062
61913,normal,1422,0,1782359086.5418546,0.0021233558654785156
61914,normal,1436,0,1782359086.543889,0.002034425735473633
61915,normal,3667,0,1782359086.5457547,0.0018656253814697266
61916,normal,282,0,1782359086.5478559,0.0021011829376220703
61917,normal,630,0,1782359086.5499575,0.0021016597747802734
61918,normal,2678,0,1782359086.5517972,0.0018396377563476562
61919,normal,2903,0,1782359086.5538604,0.002063274383544922
61920,normal,3692,0,1782359086.5560346,0.0021741390228271484
61921,normal,3674,0,1782359086.5585723,0.0025377273559570312
61922,normal,2950,0,1782359086.5601492,0.0015769004821777344
61923,normal,3272,1,1782359086.5617898,0.0016405582427978516
61924,normal,2910,0,1782359086.564203,0.0024132728576660156
61925,normal,2557,0,1782359086.5659814,0.0017783641815185547
61926,normal,1870,0,1782359086.5681732,0.002191781997680664
61927,normal,644,0,1782359086.570016,0.0018427371978759766
61928,normal,697,0,1782359086.5717983,0.0017824172973632812
61929,normal,3418,0,1782359086.573877,0.0020787715911865234
61930,normal,3342,1,1782359086.575728,0.0018508434295654297
61931,normal,382,0,1782359086.5778549,0.002126932144165039
61932,normal,3391,1,1782359086.5798938,0.0020389556884765625
61933,normal,1540,0,1782359086.5817542,0.0018603801727294922
61934,normal,253,0,1782359086.5838623,0.0021080970764160156
61935,normal,3296,1,1782359086.585873,0.0020105838775634766
61936,normal,2051,0,1782359086.587746,0.001873016357421875
61937,normal,1511,0,1782359086.5898786,0.0021326541900634766
61938,normal,1287,0,1782359086.5920234,0.0021448135375976562
61939,normal,1270,0,1782359086.5938253,0.0018019676208496094
61940,normal,2995,0,1782359086.5958536,0.002028226852416992
61941,normal,1548,0,1782359086.5979204,0.0020668506622314453
61942,normal,1007,2,1782359086.5997987,0.0018782615661621094
61943,normal,79,0,1782359086.6019168,0.0021181106567382812
61944,normal,856,2,1782359086.6038992,0.001982450485229492
61945,normal,2979,0,1782359086.6057372,0.0018379688262939453
61946,normal,2020,0,1782359086.6078737,0.0021364688873291016
61947,normal,1485,0,1782359086.6098871,0.0020134449005126953
61948,normal,3213,1,1782359086.6117442,0.0018570423126220703
61949,normal,3141,1,1782359086.6138666,0.0021224021911621094
61950,normal,982,2,1782359086.6158998,0.002033233642578125
61951,normal,1267,0,1782359086.6177876,0.0018877983093261719
61952,normal,2138,0,1782359086.6200633,0.002275705337524414
61953,normal,3625,0,1782359086.6217482,0.0016849040985107422
61954,normal,3195,1,1782359086.6238537,0.0021054744720458984
61955,normal,506,0,1782359086.625732,0.0018782615661621094
61956,normal,202,0,1782359086.6278825,0.0021505355834960938
61957,normal,1842,0,1782359086.6297336,0.0018510818481445312
61958,normal,184,0,1782359086.6318622,0.00212860107421875
61959,normal,637,0,1782359086.6339135,0.0020513534545898438
61960,normal,58,0,1782359086.6357965,0.0018830299377441406
61961,normal,2384,0,1782359086.637949,0.0021524429321289062
61962,normal,2310,0,1782359086.6400397,0.0020906925201416016
61963,normal,3099,1,1782359086.641762,0.0017223358154296875
61964,normal,3022,0,1782359086.6438596,0.002097606658935547
61965,normal,2607,0,1782359086.645913,0.0020532608032226562
61966,normal,288,0,1782359086.6477315,0.0018186569213867188
61967,normal,1533,0,1782359086.6498477,0.0021162033081054688
61968,normal,2080,0,1782359086.651879,0.0020313262939453125
61969,normal,3016,0,1782359086.6537313,0.001852273941040039
61970,normal,11,0,1782359086.655995,0.0022635459899902344
61971,normal,1578,0,1782359086.6579602,0.0019652843475341797
61972,normal,1403,0,1782359086.6597955,0.0018353462219238281
61973,normal,3332,1,1782359086.6620045,0.0022089481353759766
61974,normal,1433,0,1782359086.664064,0.002059459686279297
61975,normal,1253,0,1782359086.6658816,0.0018177032470703125
61976,normal,1177,0,1782359086.6679487,0.002067089080810547
61977,normal,236,0,1782359086.6701188,0.002170085906982422
61978,normal,1869,0,1782359086.6717331,0.0016143321990966797
61979,normal,180,0,1782359086.6739368,0.002203702926635742
61980,normal,3594,0,1782359086.6758645,0.0019276142120361328
61981,normal,2797,0,1782359086.6777265,0.0018620491027832031
61982,normal,3188,1,1782359086.6800275,0.0023009777069091797
61983,normal,2953,0,1782359086.6818688,0.0018413066864013672
61984,normal,1688,0,1782359086.6837158,0.0018470287322998047
61985,normal,2106,0,1782359086.6858363,0.002120494842529297
61986,normal,668,0,1782359086.687875,0.002038717269897461
61987,normal,1780,0,1782359086.690061,0.0021860599517822266
61988,normal,3550,0,1782359086.6918888,0.0018277168273925781
61989,normal,2198,0,1782359086.694056,0.002167224884033203
61990,normal,1300,0,1782359086.6958685,0.0018124580383300781
61991,normal,3430,0,1782359086.6977375,0.0018689632415771484
61992,normal,2174,0,1782359086.6998837,0.0021462440490722656
61993,normal,2711,0,1782359086.7017465,0.0018627643585205078
61994,normal,3070,1,1782359086.7038789,0.002132415771484375
61995,normal,2063,0,1782359086.7061803,0.002301454544067383
61996,normal,715,0,1782359086.707793,0.0016126632690429688
61997,normal,3309,1,1782359086.7098448,0.002051830291748047
61998,normal,1943,0,1782359086.7118719,0.0020270347595214844
61999,normal,1549,0,1782359086.713731,0.0018591880798339844
62000,normal,1445,0,1782359086.7158904,0.0021593570709228516
62001,normal,1562,0,1782359086.7179136,0.0020232200622558594
62002,normal,3095,1,1782359086.720041,0.002127408981323242
62003,normal,385,0,1782359086.7219458,0.0019047260284423828
62004,normal,2368,0,1782359086.7239895,0.0020437240600585938
62005,normal,1640,0,1782359086.7258444,0.0018548965454101562
62006,normal,2277,0,1782359086.7279027,0.002058267593383789
62007,normal,2418,0,1782359086.7299287,0.002026081085205078
62008,normal,3451,0,1782359086.7320056,0.002076864242553711
62009,normal,1813,0,1782359086.7340212,0.0020155906677246094
62010,normal,1325,1,1782359086.736001,0.001979827880859375
62011,normal,2653,0,1782359086.7378016,0.001800537109375
62012,normal,241,0,1782359086.7401369,0.0023353099822998047
62013,normal,21,0,1782359086.741884,0.00174713134765625
62014,normal,2772,0,1782359086.7437284,0.0018444061279296875
62015,normal,2375,0,1782359086.7459464,0.002218008041381836
62016,normal,1455,0,1782359086.7479575,0.0020110607147216797
62017,normal,1691,0,1782359086.7497787,0.001821279525756836
62018,normal,2424,0,1782359086.7519019,0.002123117446899414
62019,normal,2319,0,1782359086.7540238,0.0021219253540039062
62020,normal,1244,0,1782359086.7558951,0.001871347427368164
62021,normal,776,2,1782359086.7579968,0.0021016597747802734
62022,normal,3577,0,1782359086.759874,0.0018773078918457031
62023,normal,48,0,1782359086.7617645,0.001890420913696289
62024,normal,1282,0,1782359086.7638834,0.002118825912475586
62025,normal,2328,0,1782359086.7659113,0.0020279884338378906
62026,normal,3444,0,1782359086.767729,0.0018177032470703125
62027,normal,1581,0,1782359086.769747,0.002017974853515625
62028,normal,3143,1,1782359086.771893,0.002146005630493164
62029,normal,2237,0,1782359086.7737544,0.0018613338470458984
62030,normal,2930,0,1782359086.775937,0.0021827220916748047
62031,normal,2175,0,1782359086.7779112,0.0019741058349609375
62032,normal,2507,0,1782359086.7797415,0.0018303394317626953
62033,normal,3508,0,1782359086.7818594,0.0021178722381591797
62034,normal,690,0,1782359086.7838786,0.002019166946411133
62035,normal,1486,0,1782359086.7857356,0.0018570423126220703
62036,normal,1848,0,1782359086.7878685,0.002132892608642578
62037,normal,76,0,1782359086.7899446,0.0020761489868164062
62038,normal,3315,1,1782359086.7917886,0.0018439292907714844
62039,normal,1130,0,1782359086.7939525,0.0021638870239257812
62040,normal,2075,0,1782359086.7959964,0.0020439624786376953
62041,normal,2589,0,1782359086.7977922,0.0017957687377929688
62042,normal,1564,0,1782359086.799878,0.0020856857299804688
62043,normal,1305,0,1782359086.8018632,0.001985311508178711
62044,normal,752,0,1782359086.8037248,0.001861572265625
62045,normal,3104,1,1782359086.8058565,0.0021317005157470703
62046,normal,2317,0,1782359086.807872,0.0020155906677246094
62047,normal,3059,1,1782359086.8101177,0.002245664596557617
62048,normal,822,2,1782359086.8117738,0.0016560554504394531
62049,normal,2670,0,1782359086.8139424,0.0021686553955078125
62050,normal,1016,2,1782359086.8158686,0.0019261837005615234
62051,normal,629,0,1782359086.818048,0.002179384231567383
62052,normal,492,0,1782359086.8198884,0.001840353012084961
62053,normal,3295,1,1782359086.8217788,0.001890420913696289
62054,normal,1192,0,1782359086.824022,0.0022432804107666016
62055,normal,95,0,1782359086.8260784,0.0020563602447509766
62056,normal,378,0,1782359086.8277218,0.0016434192657470703
62057,normal,3163,1,1782359086.8298647,0.0021429061889648438
62058,normal,2131,0,1782359086.831848,0.001983165740966797
62059,normal,2255,0,1782359086.8337202,0.0018723011016845703
62060,normal,3114,1,1782359086.836035,0.0023148059844970703
62061,normal,956,2,1782359086.8378832,0.0018482208251953125
62062,normal,260,0,1782359086.8397148,0.0018315315246582031
62063,normal,2256,0,1782359086.841835,0.0021202564239501953
62064,normal,2077,0,1782359086.8438709,0.002035856246948242
62065,normal,2622,0,1782359086.846142,0.0022711753845214844
62066,normal,2104,0,1782359086.84815,0.0020079612731933594
62067,normal,3389,1,1782359086.849808,0.0016579627990722656
62068,normal,440,0,1782359086.851848,0.0020399093627929688
62069,normal,1307,0,1782359086.8537333,0.0018854141235351562
62070,normal,2199,0,1782359086.8558905,0.0021572113037109375
62071,normal,3105,1,1782359086.8577497,0.0018591880798339844
62072,normal,1585,0,1782359086.8601694,0.002419710159301758
62073,normal,81,0,1782359086.8617816,0.0016121864318847656
62074,normal,2577,0,1782359086.8638449,0.002063274383544922
62075,normal,2970,0,1782359086.8657303,0.0018854141235351562
62076,normal,2859,0,1782359086.867893,0.0021626949310302734
62077,normal,2913,0,1782359086.86976,0.001867055892944336
62078,normal,1534,0,1782359086.8719058,0.0021457672119140625
62079,normal,3688,0,1782359086.8739328,0.0020270347595214844
62080,normal,1658,0,1782359086.8757575,0.0018246173858642578
62081,normal,2538,0,1782359086.8778963,0.002138853073120117
62082,normal,3316,1,1782359086.8804781,0.0025818347930908203
62083,normal,1812,0,1782359086.8824735,0.0019953250885009766
62084,normal,502,0,1782359086.8837636,0.0012900829315185547
62085,normal,1900,0,1782359086.8863351,0.002571582794189453
62086,normal,3477,0,1782359086.8879576,0.0016224384307861328
62087,normal,2909,0,1782359086.8902204,0.0022628307342529297
62088,normal,1413,0,1782359086.8922286,0.002008199691772461
62089,normal,2553,0,1782359086.8938744,0.001645803451538086
62090,normal,3308,1,1782359086.895725,0.0018506050109863281
62091,normal,3631,0,1782359086.8978703,0.0021452903747558594
62092,normal,2268,0,1782359086.900131,0.0022606849670410156
62093,normal,2540,0,1782359086.9018064,0.0016753673553466797
62094,normal,1048,0,1782359086.9040587,0.002252340316772461
62095,normal,1065,0,1782359086.9058425,0.0017838478088378906
62096,normal,1700,0,1782359086.9080365,0.002193927764892578
62097,normal,3307,1,1782359086.9101994,0.002162933349609375
62098,normal,1123,0,1782359086.9118297,0.0016303062438964844
62099,normal,1437,0,1782359086.9137383,0.0019085407257080078
62100,normal,2734,0,1782359086.9158711,0.002132892608642578
62101,normal,1856,0,1782359086.917761,0.001889944076538086
62102,normal,46,0,1782359086.9198794,0.002118349075317383
62103,normal,2142,0,1782359086.9218621,0.0019826889038085938
62104,normal,322,0,1782359086.9237573,0.0018951892852783203
62105,normal,2197,0,1782359086.9258747,0.0021173954010009766
62106,normal,498,0,1782359086.9279933,0.0021185874938964844
62107,normal,700,0,1782359086.92975,0.0017566680908203125
62108,normal,3241,1,1782359086.9318557,0.002105712890625
62109,normal,475,0,1782359086.9337308,0.001875162124633789
62110,normal,1947,0,1782359086.9358702,0.0021393299102783203
62111,normal,1102,0,1782359086.937735,0.0018649101257324219
62112,normal,3339,1,1782359086.9398649,0.002129793167114258
62113,normal,2630,0,1782359086.9417777,0.001912832260131836
62114,normal,3678,0,1782359086.9439044,0.0021266937255859375
62115,normal,3455,0,1782359086.9459326,0.002028226852416992
62116,normal,2173,0,1782359086.9478178,0.0018851757049560547
62117,normal,2698,0,1782359086.9498756,0.002057790756225586
62118,normal,2287,0,1782359086.9518793,0.0020036697387695312
62119,normal,1735,0,1782359086.9538069,0.0019276142120361328
62120,normal,3471,0,1782359086.955866,0.0020592212677001953
62121,normal,3126,1,1782359086.9578505,0.0019843578338623047
62122,normal,1529,0,1782359086.9597597,0.0019092559814453125
62123,normal,3281,1,1782359086.9618816,0.0021219253540039062
62124,normal,2338,0,1782359086.9640706,0.0021889209747314453
62125,normal,1020,2,1782359086.9658053,0.0017347335815429688
62126,normal,3248,1,1782359086.9679039,0.002098560333251953
62127,normal,3487,0,1782359086.9699988,0.0020949840545654297
62128,normal,3482,0,1782359086.971929,0.00193023681640625
62129,normal,3361,1,1782359086.9737697,0.0018405914306640625
62130,normal,212,0,1782359086.9759176,0.0021479129791259766
62131,normal,1669,0,1782359086.9778676,0.0019500255584716797
62132,normal,200,0,1782359086.9798524,0.001984834671020508
62133,normal,2312,0,1782359086.981873,0.002020597457885742
62134,normal,1525,0,1782359086.9837182,0.0018451213836669922
62135,normal,1021,2,1782359086.985874,0.002155780792236328
62136,normal,2967,0,1782359086.9878972,0.0020232200622558594
62137,normal,768,0,1782359086.9897542,0.0018570423126220703
62138,normal,2132,0,1782359086.9918582,0.002104043960571289
62139,normal,346,0,1782359086.9938583,0.002000093460083008
62140,normal,1852,0,1782359086.9957118,0.0018534660339355469
62141,normal,1872,0,1782359086.9978628,0.002151012420654297
62142,normal,2565,0,1782359087.0005689,0.0027060508728027344
62143,normal,3280,1,1782359087.0019543,0.0013854503631591797
62144,normal,1931,0,1782359087.003736,0.0017817020416259766
62145,normal,2564,0,1782359087.005865,0.002129077911376953
62146,normal,3621,0,1782359087.0077326,0.001867532730102539
62147,normal,2854,0,1782359087.009852,0.002119302749633789
62148,normal,1901,0,1782359087.0119157,0.002063751220703125
62149,normal,315,0,1782359087.0137954,0.0018796920776367188
62150,normal,1219,0,1782359087.0158544,0.0020589828491210938
62151,normal,500,0,1782359087.0178437,0.0019893646240234375
62152,normal,420,0,1782359087.0197394,0.0018956661224365234
62153,normal,2329,0,1782359087.0219276,0.0021882057189941406
62154,normal,728,0,1782359087.0239518,0.0020241737365722656
62155,normal,1888,0,1782359087.0258112,0.001859426498413086
62156,normal,3167,1,1782359087.0279033,0.002092123031616211
62157,normal,2180,0,1782359087.0299368,0.0020334720611572266
62158,normal,3083,1,1782359087.031831,0.001894235610961914
62159,normal,321,0,1782359087.033993,0.0021619796752929688
62160,normal,896,2,1782359087.036224,0.0022308826446533203
62161,normal,2740,0,1782359087.0379257,0.0017018318176269531
62162,normal,991,2,1782359087.03992,0.0019943714141845703
62163,normal,2137,0,1782359087.04185,0.0019299983978271484
62164,normal,2122,0,1782359087.0442753,0.0024251937866210938
62165,normal,368,0,1782359087.0459473,0.0016720294952392578
62166,normal,1258,0,1782359087.047851,0.0019037723541259766
62167,normal,1090,0,1782359087.0497239,0.0018727779388427734
62168,normal,3370,1,1782359087.0521216,0.002397775650024414
62169,normal,3000,0,1782359087.053796,0.0016744136810302734
62170,normal,1143,0,1782359087.0559134,0.0021173954010009766
62171,normal,113,0,1782359087.0578072,0.001893758773803711
62172,normal,3231,1,1782359087.0599585,0.0021512508392333984
62173,normal,1970,0,1782359087.0624115,0.0024530887603759766
62174,normal,327,0,1782359087.0638137,0.001402139663696289
62175,normal,1760,0,1782359087.0658605,0.002046823501586914
62176,normal,3386,1,1782359087.0677724,0.0019118785858154297
62177,normal,1350,1,1782359087.069877,0.002104520797729492
62178,normal,224,0,1782359087.0718908,0.0020139217376708984
62179,normal,490,0,1782359087.0737722,0.0018813610076904297
62180,normal,2826,0,1782359087.0758855,0.00211334228515625
62181,normal,1407,0,1782359087.0779135,0.0020279884338378906
62182,normal,77,0,1782359087.0797408,0.001827239990234375
62183,normal,1468,0,1782359087.0818546,0.002113819122314453
62184,normal,2071,0,1782359087.083855,0.0020003318786621094
62185,normal,263,0,1782359087.0857515,0.0018966197967529297
62186,normal,1447,0,1782359087.087877,0.0021255016326904297
62187,normal,3019,0,1782359087.0898569,0.001979827880859375
62188,normal,3292,1,1782359087.0918574,0.002000570297241211
62189,normal,3228,1,1782359087.0941308,0.0022733211517333984
62190,normal,1884,0,1782359087.0962486,0.0021178722381591797
62191,normal,2940,0,1782359087.0978053,0.0015566349029541016
62192,normal,1150,0,1782359087.099892,0.002086639404296875
62193,normal,426,0,1782359087.101923,0.002031087875366211
62194,normal,2586,0,1782359087.1037338,0.0018107891082763672
62195,normal,3410,0,1782359087.1058424,0.0021085739135742188
62196,normal,2334,0,1782359087.1078527,0.002010345458984375
62197,normal,2985,0,1782359087.1097126,0.001859903335571289
62198,normal,676,0,1782359087.111859,0.002146482467651367
62199,normal,408,0,1782359087.113916,0.0020568370819091797
62200,normal,1753,0,1782359087.115811,0.0018951892852783203
62201,normal,1538,0,1782359087.1180162,0.0022051334381103516
62202,normal,3486,0,1782359087.120002,0.001985788345336914
62203,normal,2393,0,1782359087.1219683,0.001966238021850586
62204,normal,2296,0,1782359087.12383,0.0018618106842041016
62205,normal,2752,0,1782359087.1260293,0.0021991729736328125
62206,normal,1704,0,1782359087.12799,0.00196075439453125
62207,normal,230,0,1782359087.12974,0.0017499923706054688
62208,normal,846,2,1782359087.13184,0.0020999908447265625
62209,normal,3348,1,1782359087.1337118,0.0018718242645263672
62210,normal,3493,0,1782359087.13585,0.0021381378173828125
62211,normal,2790,0,1782359087.1380167,0.002166748046875
62212,normal,1342,1,1782359087.1397293,0.0017125606536865234
62213,normal,3175,1,1782359087.1418488,0.0021195411682128906
62214,normal,3318,1,1782359087.1438386,0.0019898414611816406
62215,normal,868,2,1782359087.1457133,0.001874685287475586
62216,normal,210,0,1782359087.1481404,0.0024271011352539062
62217,normal,1051,0,1782359087.150135,0.001994609832763672
62218,normal,1759,0,1782359087.15181,0.0016748905181884766
62219,normal,2362,0,1782359087.1538606,0.002050638198852539
62220,normal,1465,0,1782359087.1558583,0.001997709274291992
62221,normal,2500,0,1782359087.15774,0.0018818378448486328
62222,normal,2218,0,1782359087.159882,0.0021419525146484375
62223,normal,1100,0,1782359087.1619248,0.0020427703857421875
62224,normal,405,0,1782359087.1637492,0.0018243789672851562
62225,normal,938,2,1782359087.1658988,0.0021495819091796875
62226,normal,1714,0,1782359087.1678565,0.0019576549530029297
62227,normal,2196,0,1782359087.1697333,0.0018768310546875
62228,normal,3209,1,1782359087.1718524,0.0021190643310546875
62229,normal,3056,1,1782359087.1738715,0.002019166946411133
62230,normal,709,0,1782359087.176036,0.0021643638610839844
62231,normal,3503,0,1782359087.1781044,0.0020685195922851562
62232,normal,3119,1,1782359087.1799052,0.0018007755279541016
62233,normal,2281,0,1782359087.1819227,0.002017498016357422
62234,normal,527,0,1782359087.1838906,0.001967906951904297
62235,normal,3358,1,1782359087.186045,0.0021543502807617188
62236,normal,83,0,1782359087.1882496,0.0022046566009521484
62237,normal,1474,0,1782359087.190057,0.0018074512481689453
62238,normal,2025,0,1782359087.1919904,0.0019333362579345703
62239,normal,2139,0,1782359087.1942496,0.0022592544555664062
62240,normal,935,2,1782359087.1962836,0.0020339488983154297
62241,normal,1281,0,1782359087.1977987,0.0015151500701904297
62242,normal,2971,0,1782359087.1998608,0.002062082290649414
62243,normal,377,0,1782359087.2017238,0.0018630027770996094
62244,normal,1197,0,1782359087.2038722,0.0021483898162841797
62245,normal,2206,0,1782359087.2057683,0.0018961429595947266
62246,normal,1098,0,1782359087.2077634,0.001995086669921875
62247,normal,434,0,1782359087.2097442,0.0019807815551757812
62248,normal,2100,0,1782359087.2117126,0.0019683837890625
62249,normal,3622,0,1782359087.2137432,0.002030611038208008
62250,normal,2220,0,1782359087.2157936,0.0020503997802734375
62251,normal,1299,0,1782359087.2177782,0.0019845962524414062
62252,normal,3618,0,1782359087.2197912,0.002012968063354492
62253,normal,2901,0,1782359087.2218082,0.0020170211791992188
62254,normal,1741,0,1782359087.22372,0.0019118785858154297
62255,normal,1225,0,1782359087.2257886,0.0020685195922851562
62256,normal,1932,0,1782359087.2279468,0.0021581649780273438
62257,normal,1435,0,1782359087.2298071,0.0018603801727294922
62258,normal,1763,0,1782359087.2317264,0.0019192695617675781
62259,normal,664,0,1782359087.2337759,0.0020494461059570312
62260,normal,1158,0,1782359087.235747,0.0019712448120117188
62261,normal,2972,0,1782359087.237759,0.002012014389038086
62262,normal,2618,0,1782359087.2397418,0.0019826889038085938
62263,normal,3035,0,1782359087.2417488,0.002007007598876953
62264,normal,1341,1,1782359087.243752,0.002003192901611328
62265,normal,990,2,1782359087.245774,0.0020220279693603516
62266,normal,1743,0,1782359087.247784,0.002009868621826172
62267,normal,1630,0,1782359087.249877,0.002093076705932617
62268,normal,1730,0,1782359087.2518513,0.001974344253540039
62269,normal,2942,0,1782359087.2537377,0.0018863677978515625
62270,normal,413,0,1782359087.2558608,0.002123117446899414
62271,normal,3040,0,1782359087.2578573,0.0019965171813964844
62272,normal,1631,0,1782359087.2597525,0.0018951892852783203
62273,normal,1916,0,1782359087.2618992,0.0021467208862304688
62274,normal,2337,0,1782359087.2639062,0.002007007598876953
62275,normal,2685,0,1782359087.2658231,0.0019168853759765625
62276,normal,1373,1,1782359087.267892,0.002068758010864258
62277,normal,639,0,1782359087.269869,0.001977205276489258
62278,normal,2019,0,1782359087.2717588,0.0018897056579589844
62279,normal,2372,0,1782359087.2738886,0.002129793167114258
62280,normal,310,0,1782359087.275845,0.001956462860107422
62281,normal,3082,1,1782359087.2777195,0.0018744468688964844
62282,normal,2472,0,1782359087.2798462,0.0021266937255859375
62283,normal,2390,0,1782359087.2819118,0.0020656585693359375
62284,normal,1230,0,1782359087.2838035,0.0018916130065917969
62285,normal,341,0,1782359087.2858903,0.0020868778228759766
62286,normal,399,0,1782359087.2879155,0.002025127410888672
62287,normal,3255,1,1782359087.2898834,0.001967906951904297
62288,normal,2996,0,1782359087.2920804,0.0021970272064208984
62289,normal,326,0,1782359087.2941692,0.002088785171508789
62290,normal,3626,0,1782359087.2958634,0.0016942024230957031
62291,normal,1193,0,1782359087.2978284,0.001965045928955078
62292,normal,3682,0,1782359087.2998493,0.0020208358764648438
62293,normal,3677,0,1782359087.3017254,0.0018761157989501953
62294,normal,1343,1,1782359087.3038495,0.0021240711212158203
62295,normal,3131,1,1782359087.305895,0.0020456314086914062
62296,normal,1559,0,1782359087.307755,0.001859903335571289
62297,normal,1203,0,1782359087.309842,0.002087116241455078
62298,normal,1169,0,1782359087.3118436,0.002001523971557617
62299,normal,731,0,1782359087.3137136,0.0018699169158935547
62300,normal,1707,0,1782359087.3158426,0.002129077911376953
62301,normal,571,0,1782359087.3180823,0.002239704132080078
62302,normal,901,2,1782359087.319918,0.0018355846405029297
62303,normal,1576,0,1782359087.3220053,0.0020873546600341797
62304,normal,1245,0,1782359087.3239386,0.0019333362579345703
62305,normal,1708,0,1782359087.3257422,0.0018036365509033203
62306,normal,2958,0,1782359087.3278623,0.0021200180053710938
62307,normal,1995,0,1782359087.329857,0.0019948482513427734
62308,normal,2743,0,1782359087.3318183,0.001961231231689453
62309,normal,381,0,1782359087.334016,0.002197742462158203
62310,normal,1798,0,1782359087.3358905,0.0018744468688964844
62311,normal,1409,0,1782359087.3377182,0.0018277168273925781
62312,normal,2724,0,1782359087.3398476,0.0021293163299560547
62313,normal,3173,1,1782359087.341859,0.002011537551879883
62314,normal,2123,0,1782359087.3437483,0.0018892288208007812
62315,normal,2599,0,1782359087.346134,0.0023856163024902344
62316,normal,2188,0,1782359087.348056,0.0019221305847167969
62317,normal,287,0,1782359087.3499112,0.0018551349639892578
62318,normal,388,0,1782359087.3519385,0.002027273178100586
62319,normal,3237,1,1782359087.3540268,0.002088308334350586
62320,normal,1874,0,1782359087.3558276,0.0018007755279541016
62321,normal,622,0,1782359087.3578947,0.002067089080810547
62322,normal,3568,0,1782359087.3603063,0.0024116039276123047
62323,normal,3432,0,1782359087.3619761,0.0016698837280273438
62324,normal,3457,0,1782359087.3638425,0.0018663406372070312
62325,normal,2458,0,1782359087.3661537,0.002311229705810547
62326,normal,1859,0,1782359087.368304,0.002150297164916992
62327,normal,3707,0,1782359087.369824,0.001519918441772461
62328,normal,3027,0,1782359087.3718398,0.002015829086303711
62329,normal,989,2,1782359087.373912,0.0020723342895507812
62330,normal,1577,0,1782359087.3758886,0.001976490020751953
62331,normal,1260,0,1782359087.377905,0.002016305923461914
62332,normal,3628,0,1782359087.3798127,0.0019078254699707031
62333,normal,2796,0,1782359087.3819392,0.002126455307006836
62334,normal,621,0,1782359087.3842452,0.0023059844970703125
62335,normal,172,0,1782359087.3859222,0.0016770362854003906
62336,normal,1160,0,1782359087.3877287,0.001806497573852539
62337,normal,916,2,1782359087.389882,0.0021533966064453125
62338,normal,2692,0,1782359087.3917627,0.001880645751953125
62339,normal,1339,1,1782359087.3938684,0.002105712890625
62340,normal,3075,1,1782359087.3958735,0.0020051002502441406
62341,normal,2153,0,1782359087.3977647,0.0018911361694335938
62342,normal,3115,1,1782359087.399877,0.0021123886108398438
62343,normal,2212,0,1782359087.4020019,0.002124786376953125
62344,normal,2880,0,1782359087.4037623,0.0017604827880859375
62345,normal,1979,0,1782359087.4058495,0.002087116241455078
62346,normal,1655,0,1782359087.4078658,0.002016305923461914
62347,normal,1695,0,1782359087.4097388,0.001873016357421875
62348,normal,1387,0,1782359087.4118621,0.0021233558654785156
62349,normal,2908,0,1782359087.4138613,0.0019991397857666016
62350,normal,581,0,1782359087.415791,0.0019297599792480469
62351,normal,335,0,1782359087.4179106,0.0021195411682128906
62352,normal,2435,0,1782359087.419927,0.002016305923461914
62353,normal,2943,0,1782359087.4218407,0.0019137859344482422
62354,normal,2219,0,1782359087.42392,0.0020792484283447266
62355,normal,2778,0,1782359087.425898,0.001978158950805664
62356,normal,3093,1,1782359087.4278042,0.0019061565399169922
62357,normal,944,2,1782359087.4298418,0.002037525177001953
62358,normal,3176,1,1782359087.4318464,0.0020046234130859375
62359,normal,2151,0,1782359087.4337206,0.0018742084503173828
62360,normal,3109,1,1782359087.4358554,0.0021347999572753906
62361,normal,159,0,1782359087.4380686,0.0022132396697998047
62362,normal,1909,0,1782359087.4398053,0.0017366409301757812
62363,normal,2208,0,1782359087.4418094,0.0020041465759277344
62364,normal,2706,0,1782359087.4440062,0.002196788787841797
62365,normal,3230,1,1782359087.446084,0.002077817916870117
62366,normal,2156,0,1782359087.4478188,0.0017347335815429688
62367,normal,2135,0,1782359087.4500191,0.0022003650665283203
62368,normal,2687,0,1782359087.4519184,0.0018992424011230469
62369,normal,920,2,1782359087.4538724,0.0019540786743164062
62370,normal,1495,0,1782359087.4558809,0.0020084381103515625
62371,normal,2445,0,1782359087.4577165,0.0018355846405029297
62372,normal,1568,0,1782359087.45984,0.002123594284057617
62373,normal,2824,0,1782359087.4619305,0.0020904541015625
62374,normal,478,0,1782359087.4637442,0.001813650131225586
62375,normal,2027,0,1782359087.4658384,0.002094268798828125
62376,normal,3685,0,1782359087.4678392,0.0020008087158203125
62377,normal,3149,1,1782359087.46971,0.001870870590209961
62378,normal,3433,0,1782359087.47184,0.002129793167114258
62379,normal,531,0,1782359087.4744902,0.0026502609252929688
62380,normal,1595,0,1782359087.4760163,0.0015261173248291016
62381,normal,3488,0,1782359087.47773,0.0017137527465820312
62382,normal,2593,0,1782359087.4798415,0.0021114349365234375
62383,normal,406,0,1782359087.4817407,0.0018992424011230469
62384,normal,1294,0,1782359087.4838638,0.002123117446899414
62385,normal,2297,0,1782359087.4860122,0.0021483898162841797
62386,normal,2837,0,1782359087.487859,0.0018467903137207031
62387,normal,2066,0,1782359087.4897277,0.0018687248229980469
62388,normal,1580,0,1782359087.4918437,0.002115964889526367
62389,normal,1878,0,1782359087.4937353,0.0018916130065917969
62390,normal,1875,0,1782359087.4958758,0.002140522003173828
62391,normal,2887,0,1782359087.4978638,0.001987934112548828
62392,normal,3286,1,1782359087.499787,0.0019233226776123047
62393,normal,1772,0,1782359087.5018852,0.00209808349609375
62394,normal,2285,0,1782359087.5038722,0.001986980438232422
62395,normal,958,2,1782359087.5059361,0.0020639896392822266
62396,normal,1726,0,1782359087.508498,0.002561807632446289
62397,normal,2520,0,1782359087.5099404,0.0014424324035644531
62398,normal,1784,0,1782359087.5120046,0.002064228057861328
62399,normal,417,0,1782359087.5141113,0.0021066665649414062
62400,normal,1597,0,1782359087.5159905,0.0018792152404785156
62401,normal,1379,1,1782359087.5180013,0.002010822296142578
62402,normal,2193,0,1782359087.5199778,0.001976490020751953
62403,normal,831,2,1782359087.5218747,0.0018968582153320312
62404,normal,3617,0,1782359087.523708,0.0018334388732910156
62405,normal,3584,0,1782359087.5259786,0.0022704601287841797
62406,normal,323,0,1782359087.5279372,0.001958608627319336
62407,normal,711,0,1782359087.5297973,0.0018601417541503906
62408,normal,567,0,1782359087.5319226,0.002125263214111328
62409,normal,792,2,1782359087.5340002,0.0020775794982910156
62410,normal,1045,0,1782359087.535857,0.0018568038940429688
62411,normal,1782,0,1782359087.538015,0.002157926559448242
62412,normal,2720,0,1782359087.5398498,0.001834869384765625
62413,normal,1173,0,1782359087.541765,0.0019152164459228516
62414,normal,589,0,1782359087.5438652,0.002100229263305664
62415,normal,400,0,1782359087.5457842,0.0019190311431884766
62416,normal,593,0,1782359087.5477965,0.0020122528076171875
62417,normal,1799,0,1782359087.5498884,0.0020918846130371094
62418,normal,1488,0,1782359087.551887,0.0019986629486083984
62419,normal,2165,0,1782359087.5537775,0.001890420913696289
62420,normal,148,0,1782359087.555949,0.0021715164184570312
62421,normal,2634,0,1782359087.5578492,0.0019001960754394531
62422,normal,1768,0,1782359087.5597398,0.0018906593322753906
62423,normal,2478,0,1782359087.5618577,0.0021178722381591797
62424,normal,1055,0,1782359087.5637412,0.0018835067749023438
62425,normal,2485,0,1782359087.5658245,0.002083301544189453
62426,normal,3574,0,1782359087.567683,0.0018584728240966797
62427,normal,2014,0,1782359087.569796,0.0021131038665771484
62428,normal,3334,1,1782359087.5717316,0.0019354820251464844
62429,normal,600,0,1782359087.5738175,0.0020859241485595703
62430,normal,533,0,1782359087.575931,0.0021135807037353516
62431,normal,1609,0,1782359087.5777748,0.0018436908721923828
62432,normal,1518,0,1782359087.5798779,0.002103090286254883
62433,normal,1181,0,1782359087.5819168,0.0020389556884765625
62434,normal,1827,0,1782359087.5837424,0.001825571060180664
62435,normal,1717,0,1782359087.58589,0.002147674560546875
62436,normal,1115,0,1782359087.5878527,0.0019626617431640625
62437,normal,1868,0,1782359087.5897517,0.0018990039825439453
62438,normal,3470,0,1782359087.592034,0.002282381057739258
62439,normal,2938,0,1782359087.5939,0.0018658638000488281
62440,normal,726,0,1782359087.5958314,0.0019314289093017578
62441,normal,450,0,1782359087.5978587,0.002027273178100586
62442,normal,1685,0,1782359087.6000242,0.002165555953979492
62443,normal,2118,0,1782359087.6018093,0.0017850399017333984
62444,normal,838,2,1782359087.6038396,0.0020303726196289062
62445,normal,1475,0,1782359087.6061056,0.00226593017578125
62446,normal,871,2,1782359087.6077366,0.001631021499633789
62447,normal,2710,0,1782359087.6098475,0.0021109580993652344
62448,normal,1686,0,1782359087.611848,0.002000570297241211
62449,normal,1659,0,1782359087.6137223,0.0018742084503173828
62450,normal,1881,0,1782359087.6158597,0.002137422561645508
62451,normal,2729,0,1782359087.6178386,0.0019788742065429688
62452,normal,1461,0,1782359087.6197143,0.0018756389617919922
62453,normal,773,2,1782359087.6218426,0.0021283626556396484
62454,normal,2189,0,1782359087.6238446,0.0020020008087158203
62455,normal,3437,0,1782359087.6257787,0.001934051513671875
62456,normal,2492,0,1782359087.6282167,0.002438068389892578
62457,normal,2742,0,1782359087.6297638,0.001547098159790039
62458,normal,857,2,1782359087.6318526,0.002088785171508789
62459,normal,2437,0,1782359087.633725,0.0018723011016845703
62460,normal,2309,0,1782359087.6358492,0.002124309539794922
62461,normal,2615,0,1782359087.6377337,0.00188446044921875
62462,normal,678,0,1782359087.6400359,0.0023021697998046875
62463,normal,1122,0,1782359087.6418552,0.0018193721771240234
62464,normal,1472,0,1782359087.6437466,0.0018913745880126953
62465,normal,1666,0,1782359087.6458592,0.0021126270294189453
62466,normal,814,2,1782359087.6478622,0.0020029544830322266
62467,normal,544,0,1782359087.6497529,0.0018906593322753906
62468,normal,1589,0,1782359087.6519415,0.0021886825561523438
62469,normal,2269,0,1782359087.6540775,0.0021359920501708984
62470,normal,605,0,1782359087.6558278,0.0017502307891845703
62471,normal,2103,0,1782359087.6577995,0.001971721649169922
62472,normal,1797,0,1782359087.659998,0.002198457717895508
62473,normal,1635,0,1782359087.6618345,0.001836538314819336
62474,normal,384,0,1782359087.6642203,0.002385854721069336
62475,normal,1011,2,1782359087.6658926,0.0016722679138183594
62476,normal,3529,0,1782359087.6677952,0.0019025802612304688
62477,normal,2026,0,1782359087.6701527,0.00235748291015625
62478,normal,1956,0,1782359087.6722052,0.0020525455474853516
62479,normal,255,0,1782359087.6737473,0.0015420913696289062
62480,normal,1359,1,1782359087.6757295,0.0019822120666503906
62481,normal,459,0,1782359087.6778536,0.0021240711212158203
62482,normal,208,0,1782359087.6798828,0.0020291805267333984
62483,normal,643,0,1782359087.681781,0.0018982887268066406
62484,normal,2760,0,1782359087.6838925,0.0021114349365234375
62485,normal,1715,0,1782359087.6858168,0.001924276351928711
62486,normal,3293,1,1782359087.6879382,0.002121448516845703
62487,normal,1483,0,1782359087.6902604,0.0023221969604492188
62488,normal,2179,0,1782359087.6917946,0.0015342235565185547
62489,normal,1839,0,1782359087.694214,0.0024194717407226562
62490,normal,2140,0,1782359087.695821,0.0016069412231445312
62491,normal,2367,0,1782359087.697761,0.001940011978149414
62492,normal,261,0,1782359087.6998594,0.0020983219146728516
62493,normal,2050,0,1782359087.7018743,0.0020148754119873047
62494,normal,1293,0,1782359087.7037847,0.0019104480743408203
62495,normal,1537,0,1782359087.70594,0.002155303955078125
62496,normal,1285,0,1782359087.7078462,0.0019061565399169922
62497,normal,723,0,1782359087.7097487,0.0019025802612304688
62498,normal,3431,0,1782359087.711853,0.0021042823791503906
62499,normal,291,0,1782359087.7138376,0.0019845962524414062
62500,normal,2997,0,1782359087.715736,0.0018982887268066406
62501,normal,175,0,1782359087.717856,0.0021200180053710938
62502,normal,334,0,1782359087.7198675,0.002011537551879883
62503,normal,1246,0,1782359087.7217984,0.0019309520721435547
62504,normal,880,2,1782359087.7242143,0.002415895462036133
62505,normal,3540,0,1782359087.725774,0.0015597343444824219
62506,normal,1728,0,1782359087.7278996,0.0021255016326904297
62507,normal,304,0,1782359087.729773,0.0018734931945800781
62508,normal,3669,0,1782359087.7318428,0.002069711685180664
62509,normal,1159,0,1782359087.7337346,0.0018918514251708984
62510,normal,675,0,1782359087.735852,0.0021173954010009766
62511,normal,2107,0,1782359087.7380168,0.0021648406982421875
62512,normal,1459,0,1782359087.7397704,0.0017535686492919922
62513,normal,1128,0,1782359087.742044,0.0022735595703125
62514,normal,121,0,1782359087.7439272,0.0018832683563232422
62515,normal,509,0,1782359087.745872,0.0019447803497314453
62516,normal,1984,0,1782359087.7478418,0.0019698143005371094
62517,normal,3039,0,1782359087.7499762,0.0021343231201171875
62518,normal,1628,0,1782359087.7517676,0.0017914772033691406
62519,normal,2774,0,1782359087.7539973,0.0022296905517578125
62520,normal,933,2,1782359087.7559798,0.001982450485229492
62521,normal,2300,0,1782359087.757801,0.001821279525756836
62522,normal,3180,1,1782359087.7598388,0.0020377635955810547
62523,normal,3623,0,1782359087.7618442,0.002005338668823242
62524,normal,1654,0,1782359087.763728,0.0018837451934814453
62525,normal,2882,0,1782359087.7658672,0.0021393299102783203
62526,normal,3501,0,1782359087.767957,0.0020897388458251953
62527,normal,2446,0,1782359087.7698,0.0018429756164550781
62528,normal,283,0,1782359087.771848,0.002048015594482422
62529,normal,1963,0,1782359087.7739344,0.0020864009857177734
62530,normal,1497,0,1782359087.7757757,0.0018413066864013672
62531,normal,1634,0,1782359087.778407,0.0026314258575439453
62532,normal,1202,0,1782359087.7798812,0.001474142074584961
62533,normal,3269,1,1782359087.7817445,0.001863241195678711
62534,normal,845,2,1782359087.7838647,0.0021202564239501953
62535,normal,2863,0,1782359087.7858553,0.0019905567169189453
62536,normal,3472,0,1782359087.7877452,0.001889944076538086
62537,normal,858,2,1782359087.789938,0.0021927356719970703
62538,normal,2659,0,1782359087.7918575,0.0019195079803466797
62539,normal,3497,0,1782359087.7937648,0.0019073486328125
62540,normal,2860,0,1782359087.795852,0.002087116241455078
62541,normal,2703,0,1782359087.7978518,0.0019998550415039062
62542,normal,2732,0,1782359087.7997427,0.0018908977508544922
62543,normal,2259,0,1782359087.8018508,0.0021080970764160156
62544,normal,1145,0,1782359087.8038704,0.002019643783569336
62545,normal,2840,0,1782359087.8059847,0.0021142959594726562
62546,normal,2871,0,1782359087.807903,0.0019183158874511719
62547,normal,3660,0,1782359087.8100126,0.002109527587890625
62548,normal,3491,0,1782359087.8118284,0.0018157958984375
62549,normal,1141,0,1782359087.814014,0.0021855831146240234
62550,normal,2845,0,1782359087.8161323,0.002118349075317383
62551,normal,821,2,1782359087.818041,0.0019087791442871094
62552,normal,1467,0,1782359087.819951,0.0019099712371826172
62553,normal,1152,0,1782359087.8218544,0.0019032955169677734
62554,normal,906,2,1782359087.8238719,0.002017498016357422
62555,normal,90,0,1782359087.8259704,0.002098560333251953
62556,normal,1289,0,1782359087.8278568,0.0018863677978515625
62557,normal,3420,0,1782359087.829726,0.00186920166015625
62558,normal,416,0,1782359087.8318512,0.002125263214111328
62559,normal,3683,0,1782359087.8338778,0.0020265579223632812
62560,normal,173,0,1782359087.8357644,0.001886606216430664
62561,normal,3311,1,1782359087.8379076,0.0021431446075439453
62562,normal,2213,0,1782359087.8399203,0.0020127296447753906
62563,normal,1033,0,1782359087.8421443,0.002223968505859375
62564,normal,2133,0,1782359087.8438535,0.0017092227935791016
62565,normal,2894,0,1782359087.845852,0.001998424530029297
62566,normal,1378,1,1782359087.847783,0.0019311904907226562
62567,normal,3157,1,1782359087.8498693,0.002086162567138672
62568,normal,1412,0,1782359087.85189,0.0020208358764648438
62569,normal,2949,0,1782359087.8537345,0.0018444061279296875
62570,normal,111,0,1782359087.8558888,0.0021543502807617188
62571,normal,1025,2,1782359087.8578749,0.0019860267639160156
62572,normal,277,0,1782359087.8598218,0.0019469261169433594
62573,normal,3519,0,1782359087.861853,0.002031087875366211
62574,normal,2869,0,1782359087.8638558,0.0020029544830322266
62575,normal,3556,0,1782359087.8657184,0.0018625259399414062
62576,normal,565,0,1782359087.8678513,0.002132892608642578
62577,normal,216,0,1782359087.8698514,0.002000093460083008
62578,normal,2681,0,1782359087.871739,0.0018875598907470703
62579,normal,2162,0,1782359087.8738837,0.0021448135375976562
62580,normal,2739,0,1782359087.875906,0.002022266387939453
62581,normal,3473,0,1782359087.8777792,0.0018732547760009766
62582,normal,2531,0,1782359087.8798358,0.002056598663330078
62583,normal,393,0,1782359087.8818748,0.0020389556884765625
62584,normal,1232,0,1782359087.8837533,0.001878499984741211
62585,normal,2349,0,1782359087.8859098,0.002156496047973633
62586,normal,248,0,1782359087.8878295,0.0019197463989257812
62587,normal,1718,0,1782359087.8897073,0.0018777847290039062
62588,normal,1424,0,1782359087.891858,0.0021507740020751953
62589,normal,296,0,1782359087.8939066,0.002048492431640625
62590,normal,2017,0,1782359087.8958018,0.0018951892852783203
62591,normal,443,0,1782359087.8978949,0.002093076705932617
62592,normal,303,0,1782359087.8999226,0.002027750015258789
62593,normal,3468,0,1782359087.901844,0.0019214153289794922
62594,normal,3050,1,1782359087.9040468,0.002202749252319336
62595,normal,312,0,1782359087.9061482,0.002101421356201172
62596,normal,2651,0,1782359087.907839,0.0016908645629882812
62597,normal,1018,2,1782359087.9098141,0.0019750595092773438
62598,normal,3603,0,1782359087.9118567,0.002042531967163086
62599,normal,1806,0,1782359087.9137118,0.0018551349639892578
62600,normal,428,0,1782359087.915874,0.0021622180938720703
62601,normal,3284,1,1782359087.9183729,0.0024988651275634766
62602,normal,1607,0,1782359087.9200869,0.0017139911651611328
62603,normal,1044,0,1782359087.9218783,0.0017914772033691406
62604,normal,3265,1,1782359087.9243746,0.0024962425231933594
62605,normal,2325,0,1782359087.925746,0.0013713836669921875
62606,normal,2274,0,1782359087.9277124,0.0019664764404296875
62607,normal,2442,0,1782359087.9297593,0.002046823501586914
62608,normal,1078,0,1782359087.931707,0.001947641372680664
62609,normal,152,0,1782359087.9339178,0.002210855484008789
62610,normal,2892,0,1782359087.9359767,0.0020589828491210938
62611,normal,2510,0,1782359087.9378276,0.0018508434295654297
62612,normal,117,0,1782359087.9398472,0.002019643783569336
62613,normal,3125,1,1782359087.9419434,0.0020961761474609375
62614,normal,1905,0,1782359087.9441652,0.002221822738647461
62615,normal,2386,0,1782359087.945803,0.0016376972198486328
62616,normal,2514,0,1782359087.9477625,0.001959562301635742
62617,normal,2352,0,1782359087.9499073,0.0021448135375976562
62618,normal,1512,0,1782359087.95188,0.001972675323486328
62619,normal,3270,1,1782359087.953748,0.0018680095672607422
62620,normal,614,0,1782359087.9557886,0.0020406246185302734
62621,normal,371,0,1782359087.9578009,0.0020122528076171875
62622,normal,2343,0,1782359087.9598486,0.0020477771759033203
62623,normal,2640,0,1782359087.9621503,0.0023016929626464844
62624,normal,3166,1,1782359087.9637625,0.0016121864318847656
62625,normal,2885,0,1782359087.9659793,0.002216815948486328
62626,normal,2838,0,1782359087.9678702,0.0018908977508544922
62627,normal,586,0,1782359087.9698107,0.0019404888153076172
62628,normal,3138,1,1782359087.9718575,0.002046823501586914
62629,normal,460,0,1782359087.9738896,0.002032041549682617
62630,normal,1893,0,1782359087.9759152,0.002025604248046875
62631,normal,3582,0,1782359087.9781396,0.002224445343017578
62632,normal,294,0,1782359087.9798853,0.0017457008361816406
62633,normal,2129,0,1782359087.981854,0.0019686222076416016
62634,normal,2360,0,1782359087.9843254,0.002471446990966797
62635,normal,1939,0,1782359087.9861975,0.0018720626831054688
62636,normal,1880,0,1782359087.9878318,0.001634359359741211
62637,normal,85,0,1782359087.9898586,0.002026796340942383
62638,normal,2665,0,1782359087.991789,0.0019304752349853516
62639,normal,1072,0,1782359087.9938972,0.0021080970764160156
62640,normal,3043,0,1782359087.9961715,0.0022742748260498047
62641,normal,2316,0,1782359087.997845,0.0016734600067138672
62642,normal,274,0,1782359087.999847,0.0020020008087158203
62643,normal,1739,0,1782359088.0018594,0.002012491226196289
62644,normal,3690,0,1782359088.0038638,0.002004384994506836
62645,normal,2842,0,1782359088.005888,0.0020241737365722656
62646,normal,2691,0,1782359088.007858,0.001970052719116211
62647,normal,2792,0,1782359088.0098524,0.0019943714141845703
62648,normal,2229,0,1782359088.0118322,0.001979827880859375
62649,normal,1779,0,1782359088.013831,0.0019986629486083984
62650,normal,2369,0,1782359088.01584,0.002009153366088867
62651,normal,3555,0,1782359088.0178614,0.002021312713623047
62652,normal,2773,0,1782359088.019916,0.0020546913146972656
62653,normal,2527,0,1782359088.022105,0.0021889209747314453
62654,normal,457,0,1782359088.0239885,0.0018835067749023438
62655,normal,2848,0,1782359088.0268881,0.002899646759033203
62656,normal,1820,0,1782359088.0276988,0.0008106231689453125
62657,normal,1785,0,1782359088.0300395,0.0023407936096191406
62658,normal,878,2,1782359088.0318766,0.001837015151977539
62659,normal,864,2,1782359088.0338528,0.0019762516021728516
62660,normal,27,0,1782359088.0358467,0.001993894577026367
62661,normal,3203,1,1782359088.0379028,0.002056121826171875
62662,normal,246,0,1782359088.0398412,0.0019383430480957031
62663,normal,3323,1,1782359088.041797,0.001955747604370117
62664,normal,1335,1,1782359088.0437422,0.0019452571868896484
62665,normal,2783,0,1782359088.0457816,0.0020394325256347656
62666,normal,3653,0,1782359088.0479867,0.0022051334381103516
62667,normal,848,2,1782359088.049918,0.0019311904907226562
62668,normal,1134,0,1782359088.051885,0.0019669532775878906
62669,normal,3548,0,1782359088.053887,0.0020020008087158203
62670,normal,981,2,1782359088.0558543,0.0019674301147460938
62671,normal,1324,1,1782359088.058068,0.002213716506958008
62672,normal,657,0,1782359088.0598454,0.0017774105072021484
62673,normal,882,2,1782359088.0618358,0.0019903182983398438
62674,normal,761,0,1782359088.0638688,0.0020329952239990234
62675,normal,3064,1,1782359088.065989,0.0021202564239501953
62676,normal,3609,0,1782359088.0677555,0.0017664432525634766
62677,normal,1420,0,1782359088.0697434,0.001987934112548828
62678,normal,4,0,1782359088.0717373,0.001993894577026367
62679,normal,1541,0,1782359088.0740387,0.002301454544067383
62680,normal,1601,0,1782359088.0757248,0.00168609619140625
62681,normal,760,0,1782359088.0778894,0.002164602279663086
62682,normal,1031,0,1782359088.0797443,0.0018548965454101562
62683,normal,2168,0,1782359088.0817466,0.002002239227294922
62684,normal,2641,0,1782359088.0837553,0.002008676528930664
62685,normal,2973,0,1782359088.0857494,0.0019941329956054688
62686,normal,497,0,1782359088.0877368,0.001987457275390625
62687,normal,2057,0,1782359088.0901346,0.002397775650024414
62688,normal,949,2,1782359088.0922577,0.002123117446899414
62689,normal,1259,0,1782359088.0939004,0.0016427040100097656
62690,normal,2745,0,1782359088.0958652,0.0019648075103759766
62691,normal,1978,0,1782359088.0978563,0.0019910335540771484
62692,normal,3390,1,1782359088.0998456,0.0019893646240234375
62693,normal,3446,0,1782359088.1018143,0.0019686222076416016
62694,normal,538,0,1782359088.103758,0.001943826675415039
62695,normal,2503,0,1782359088.1060598,0.0023016929626464844
62696,normal,2443,0,1782359088.1078117,0.0017518997192382812
62697,normal,2099,0,1782359088.1098058,0.0019941329956054688
62698,normal,1140,0,1782359088.1117327,0.0019268989562988281
62699,normal,613,0,1782359088.1137316,0.0019989013671875
62700,normal,794,2,1782359088.1157281,0.0019965171813964844
62701,normal,3474,0,1782359088.1177394,0.0020112991333007812
62702,normal,1613,0,1782359088.119933,0.002193450927734375
62703,normal,1721,0,1782359088.121819,0.001886129379272461
62704,normal,1222,0,1782359088.1238856,0.0020666122436523438
62705,normal,3551,0,1782359088.1259258,0.0020401477813720703
62706,normal,2149,0,1782359088.1278791,0.0019533634185791016
62707,normal,2346,0,1782359088.130329,0.0024497509002685547
62708,normal,2964,0,1782359088.1325514,0.0022225379943847656
62709,normal,2313,0,1782359088.133868,0.0013165473937988281
62710,normal,1855,0,1782359088.1358368,0.001968860626220703
62711,normal,3191,1,1782359088.137959,0.002122163772583008
62712,normal,3194,1,1782359088.1400943,0.0021352767944335938
62713,normal,2876,0,1782359088.1418054,0.001711130142211914
62714,normal,436,0,1782359088.1438084,0.0020029544830322266
62715,normal,3352,1,1782359088.1458173,0.0020089149475097656
62716,normal,750,0,1782359088.1478937,0.002076387405395508
62717,normal,1961,0,1782359088.1497962,0.0019025802612304688
62718,normal,1111,0,1782359088.152365,0.0025687217712402344
62719,normal,1887,0,1782359088.154087,0.001722097396850586
62720,normal,3297,1,1782359088.1557775,0.0016903877258300781
62721,normal,1206,0,1782359088.1577218,0.0019443035125732422
62722,normal,2033,0,1782359088.159744,0.002022266387939453
62723,normal,285,0,1782359088.1617692,0.002025127410888672
62724,normal,2568,0,1782359088.164384,0.002614736557006836
62725,normal,1262,0,1782359088.1665163,0.002132415771484375
62726,normal,143,0,1782359088.1680288,0.0015125274658203125
62727,normal,1736,0,1782359088.1698148,0.0017859935760498047
62728,normal,2089,0,1782359088.1718085,0.0019936561584472656
62729,normal,2053,0,1782359088.1738312,0.0020227432250976562
62730,normal,1321,1,1782359088.1758447,0.0020134449005126953
62731,normal,1081,0,1782359088.1778362,0.0019915103912353516
62732,normal,3635,0,1782359088.1802046,0.002368450164794922
62733,normal,585,0,1782359088.181904,0.0016994476318359375
62734,normal,2130,0,1782359088.1838195,0.0019154548645019531
62735,normal,3130,1,1782359088.1858616,0.002042055130004883
62736,normal,350,0,1782359088.187819,0.001957416534423828
62737,normal,1217,0,1782359088.1898327,0.002013683319091797
62738,normal,250,0,1782359088.1918082,0.001975536346435547
62739,normal,1034,0,1782359088.193807,0.0019986629486083984
62740,normal,3553,0,1782359088.1959274,0.002120494842529297
62741,normal,521,0,1782359088.1978238,0.0018963813781738281
62742,normal,2791,0,1782359088.1998432,0.0020194053649902344
62743,normal,1987,0,1782359088.201848,0.002004861831665039
62744,normal,733,0,1782359088.2040813,0.002233266830444336
62745,normal,3054,1,1782359088.2058666,0.0017852783203125
62746,normal,1742,0,1782359088.207863,0.0019965171813964844
62747,normal,2512,0,1782359088.2098925,0.0020294189453125
62748,normal,627,0,1782359088.211908,0.0020155906677246094
62749,normal,2233,0,1782359088.2138803,0.001972198486328125
62750,normal,1060,0,1782359088.215907,0.002026796340942383
62751,normal,1823,0,1782359088.2178242,0.001917123794555664
62752,normal,2562,0,1782359088.2197652,0.0019409656524658203
62753,normal,3253,1,1782359088.2218962,0.0021309852600097656
62754,normal,1112,0,1782359088.223888,0.001991748809814453
62755,normal,2148,0,1782359088.2259183,0.0020303726196289062
62756,normal,1114,0,1782359088.2278967,0.0019783973693847656
62757,normal,2357,0,1782359088.2299259,0.0020291805267333984
62758,normal,220,0,1782359088.2319927,0.0020668506622314453
62759,normal,2804,0,1782359088.2338688,0.0018761157989501953
62760,normal,1015,2,1782359088.2357962,0.0019273757934570312
62761,normal,370,0,1782359088.2382493,0.0024530887603759766
62762,normal,1574,0,1782359088.2399123,0.0016629695892333984
62763,normal,807,2,1782359088.2419398,0.0020275115966796875
62764,normal,1041,0,1782359088.2438684,0.001928567886352539
62765,normal,1187,0,1782359088.2457738,0.0019054412841796875
62766,normal,1610,0,1782359088.247881,0.0021071434020996094
62767,normal,781,2,1782359088.2498298,0.0019488334655761719
62768,normal,2204,0,1782359088.2518563,0.0020265579223632812
62769,normal,1382,0,1782359088.2539496,0.0020933151245117188
62770,normal,1934,0,1782359088.2559276,0.0019779205322265625
62771,normal,2980,0,1782359088.258191,0.0022635459899902344
62772,normal,1124,0,1782359088.2600574,0.0018663406372070312
62773,normal,2779,0,1782359088.2620428,0.001985311508178711
62774,normal,2504,0,1782359088.264081,0.002038240432739258
62775,normal,2916,0,1782359088.266128,0.0020470619201660156
62776,normal,2594,0,1782359088.2678814,0.0017533302307128906
62777,normal,2111,0,1782359088.2700074,0.002125978469848633
62778,normal,1573,0,1782359088.271956,0.0019485950469970703
62779,normal,735,0,1782359088.2738564,0.0019004344940185547
62780,normal,97,0,1782359088.275998,0.002141714096069336
62781,normal,1816,0,1782359088.2779732,0.0019750595092773438
62782,normal,3590,0,1782359088.2797883,0.0018150806427001953
62783,normal,182,0,1782359088.2819352,0.0021469593048095703
62784,normal,3224,1,1782359088.283893,0.0019578933715820312
62785,normal,1023,2,1782359088.285776,0.001882791519165039
62786,normal,2068,0,1782359088.2882385,0.002462625503540039
62787,normal,1274,0,1782359088.2907221,0.0024836063385009766
62788,normal,3073,1,1782359088.292149,0.0014269351959228516
62789,normal,3672,0,1782359088.2943723,0.0022232532501220703
62790,normal,2093,0,1782359088.295763,0.001390695571899414
62791,normal,2423,0,1782359088.29792,0.002156972885131836
62792,normal,3443,0,1782359088.299771,0.0018510818481445312
62793,normal,2341,0,1782359088.3019376,0.0021665096282958984
62794,normal,1443,0,1782359088.303777,0.0018393993377685547
62795,normal,785,2,1782359088.306239,0.0024619102478027344
62796,normal,980,2,1782359088.307994,0.0017549991607666016
62797,normal,147,0,1782359088.3099031,0.0019092559814453125
62798,normal,2945,0,1782359088.3120444,0.002141237258911133
62799,normal,2236,0,1782359088.3139343,0.001889944076538086
62800,normal,590,0,1782359088.3160121,0.002077817916870117
62801,normal,2449,0,1782359088.3178306,0.0018184185028076172
62802,normal,2911,0,1782359088.3199468,0.0021162033081054688
62803,normal,3544,0,1782359088.3218675,0.0019207000732421875
62804,normal,203,0,1782359088.3240187,0.0021512508392333984
62805,normal,1814,0,1782359088.325876,0.0018572807312011719
62806,normal,297,0,1782359088.3279026,0.0020265579223632812
62807,normal,494,0,1782359088.3301466,0.0022439956665039062
62808,normal,804,2,1782359088.3326294,0.002482891082763672
62809,normal,583,0,1782359088.3338614,0.0012319087982177734
62810,normal,3663,0,1782359088.3361392,0.002277851104736328
62811,normal,2152,0,1782359088.337871,0.00173187255859375
62812,normal,640,0,1782359088.3400815,0.002210378646850586
62813,normal,3098,1,1782359088.341999,0.0019176006317138672
62814,normal,3705,0,1782359088.344275,0.0022759437561035156
62815,normal,2279,0,1782359088.3460753,0.0018002986907958984
62816,normal,1249,0,1782359088.3480775,0.002002239227294922
62817,normal,3193,1,1782359088.3499343,0.0018568038940429688
62818,normal,2984,0,1782359088.3519318,0.0019974708557128906
62819,normal,3288,1,1782359088.3539543,0.0020225048065185547
62820,normal,2780,0,1782359088.3562653,0.0023109912872314453
62821,normal,829,2,1782359088.357727,0.0014617443084716797
62822,normal,221,0,1782359088.3597507,0.0020236968994140625
62823,normal,913,2,1782359088.3617392,0.0019884109497070312
62824,normal,1473,0,1782359088.3637736,0.002034425735473633
62825,normal,1107,0,1782359088.3657503,0.0019767284393310547
62826,normal,243,0,1782359088.36796,0.0022096633911132812
62827,normal,1908,0,1782359088.3697486,0.0017886161804199219
62828,normal,2763,0,1782359088.3718693,0.0021207332611083984
62829,normal,3205,1,1782359088.3738596,0.0019903182983398438
62830,normal,2113,0,1782359088.3758245,0.0019648075103759766
62831,normal,448,0,1782359088.3779168,0.0020923614501953125
62832,normal,1642,0,1782359088.3801181,0.0022013187408447266
62833,normal,355,0,1782359088.3824458,0.0023276805877685547
62834,normal,3325,1,1782359088.3840456,0.0015997886657714844
62835,normal,945,2,1782359088.3859344,0.0018887519836425781
62836,normal,894,2,1782359088.3879077,0.001973390579223633
62837,normal,1199,0,1782359088.3899493,0.0020415782928466797
62838,normal,3282,1,1782359088.3919127,0.001963376998901367
62839,normal,469,0,1782359088.3938265,0.0019137859344482422
62840,normal,29,0,1782359088.3959444,0.0021178722381591797
62841,normal,2573,0,1782359088.3981133,0.002168893814086914
62842,normal,3182,1,1782359088.3997793,0.0016660690307617188
62843,normal,3453,0,1782359088.4017603,0.001981019973754883
62844,normal,1598,0,1782359088.403777,0.0020165443420410156
62845,normal,2257,0,1782359088.4057672,0.0019903182983398438
62846,normal,884,2,1782359088.4078999,0.0021326541900634766
62847,normal,530,0,1782359088.409855,0.0019550323486328125
62848,normal,2637,0,1782359088.4118583,0.0020034313201904297
62849,normal,615,0,1782359088.4140487,0.0021903514862060547
62850,normal,1431,0,1782359088.415936,0.0018873214721679688
62851,normal,3610,0,1782359088.4178057,0.0018696784973144531
62852,normal,3673,0,1782359088.4203265,0.0025207996368408203
62853,normal,188,0,1782359088.4219184,0.0015919208526611328
62854,normal,204,0,1782359088.4239109,0.001992464065551758
62855,normal,2404,0,1782359088.425994,0.0020830631256103516
62856,normal,762,0,1782359088.4280736,0.0020797252655029297
62857,normal,1515,0,1782359088.4300199,0.0019462108612060547
62858,normal,3523,0,1782359088.432043,0.0020232200622558594
62859,normal,1144,0,1782359088.4339976,0.0019545555114746094
62860,normal,1012,2,1782359088.4358582,0.0018606185913085938
62861,normal,1404,0,1782359088.4379556,0.0020973682403564453
62862,normal,2498,0,1782359088.440019,0.002063274383544922
62863,normal,1709,0,1782359088.4419687,0.0019497871398925781
62864,normal,3369,1,1782359088.4441125,0.00214385986328125
62865,normal,2164,0,1782359088.445984,0.001871347427368164
62866,normal,795,2,1782359088.4479322,0.0019483566284179688
62867,normal,482,0,1782359088.4501004,0.0021681785583496094
62868,normal,3084,1,1782359088.4518557,0.0017552375793457031
62869,normal,2452,0,1782359088.453951,0.0020952224731445312
62870,normal,1596,0,1782359088.4564898,0.002538919448852539
62871,normal,3185,1,1782359088.4585786,0.002088785171508789
62872,normal,3322,1,1782359088.4601505,0.0015718936920166016
62873,normal,2927,0,1782359088.4620397,0.0018892288208007812
62874,normal,1049,0,1782359088.4641883,0.0021486282348632812
62875,normal,3037,0,1782359088.4658835,0.0016951560974121094
62876,normal,2839,0,1782359088.467991,0.0021076202392578125
62877,normal,3531,0,1782359088.4700289,0.0020377635955810547
62878,normal,1271,0,1782359088.4721255,0.0020966529846191406
62879,normal,63,0,1782359088.4739144,0.0017888545989990234
62880,normal,702,0,1782359088.476003,0.0020885467529296875
62881,normal,560,0,1782359088.4778528,0.0018498897552490234
62882,normal,1418,0,1782359088.47999,0.0021371841430664062
62883,normal,2978,0,1782359088.4818544,0.0018644332885742188
62884,normal,481,0,1782359088.4841788,0.002324342727661133
62885,normal,1629,0,1782359088.4858885,0.0017096996307373047
62886,normal,1657,0,1782359088.4879446,0.002056121826171875
62887,normal,3048,1,1782359088.4898708,0.0019261837005615234
62888,normal,2083,0,1782359088.4918962,0.0020253658294677734
62889,normal,2925,0,1782359088.4938633,0.001967191696166992
62890,normal,870,2,1782359088.4964728,0.0026094913482666016
62891,normal,2569,0,1782359088.4981117,0.0016388893127441406
62892,normal,867,2,1782359088.4999785,0.0018668174743652344
62893,normal,1713,0,1782359088.5017998,0.001821279525756836
62894,normal,603,0,1782359088.5039418,0.0021419525146484375
62895,normal,1683,0,1782359088.505864,0.0019221305847167969
62896,normal,163,0,1782359088.5079055,0.0020415782928466797
62897,normal,2750,0,1782359088.5101798,0.0022742748260498047
62898,normal,819,2,1782359088.512191,0.0020112991333007812
62899,normal,109,0,1782359088.5137808,0.0015897750854492188
62900,normal,907,2,1782359088.5159066,0.0021257400512695312
62901,normal,1460,0,1782359088.5178735,0.0019669532775878906
62902,normal,766,0,1782359088.5200028,0.0021293163299560547
62903,normal,1278,0,1782359088.5218537,0.0018508434295654297
62904,normal,2264,0,1782359088.5241551,0.002301454544067383
62905,normal,2398,0,1782359088.525894,0.0017387866973876953
62906,normal,455,0,1782359088.5281508,0.0022568702697753906
62907,normal,1847,0,1782359088.5299437,0.00179290771484375
62908,normal,2844,0,1782359088.5318272,0.0018835067749023438
62909,normal,330,0,1782359088.5341542,0.00232696533203125
62910,normal,1558,0,1782359088.5364752,0.002321004867553711
62911,normal,2042,0,1782359088.5386074,0.0021321773529052734
62912,normal,1129,0,1782359088.5398376,0.0012302398681640625
62913,normal,3570,0,1782359088.5419574,0.002119779586791992
62914,normal,734,0,1782359088.543922,0.001964569091796875
62915,normal,271,0,1782359088.5460162,0.002094268798828125
62916,normal,854,2,1782359088.5482953,0.002279043197631836
62917,normal,2934,0,1782359088.5500443,0.0017490386962890625
62918,normal,2959,0,1782359088.5520873,0.002043008804321289
62919,normal,2344,0,1782359088.5542889,0.002201557159423828
62920,normal,1198,0,1782359088.555958,0.001669168472290039
62921,normal,1825,0,1782359088.5583239,0.0023658275604248047
62922,normal,1575,0,1782359088.5605888,0.0022649765014648438
62923,normal,2110,0,1782359088.5619988,0.0014100074768066406
62924,normal,1958,0,1782359088.5638733,0.0018744468688964844
62925,normal,1024,2,1782359088.5660586,0.002185344696044922
62926,normal,912,2,1782359088.5679276,0.0018689632415771484
62927,normal,479,0,1782359088.5700336,0.0021059513092041016
62928,normal,2301,0,1782359088.571863,0.001829385757446289
62929,normal,1136,0,1782359088.5738883,0.0020253658294677734
62930,normal,1748,0,1782359088.575765,0.0018765926361083984
62931,normal,397,0,1782359088.5778809,0.002115964889526367
62932,normal,2150,0,1782359088.580066,0.0021851062774658203
62933,normal,2466,0,1782359088.5819736,0.0019075870513916016
62934,normal,150,0,1782359088.5839467,0.0019731521606445312
62935,normal,2302,0,1782359088.5858798,0.0019330978393554688
62936,normal,3301,1,1782359088.5879316,0.002051830291748047
62937,normal,582,0,1782359088.5898721,0.0019404888153076172
62938,normal,493,0,1782359088.5923543,0.002482175827026367
62939,normal,1662,0,1782359088.5947728,0.00241851806640625
62940,normal,963,2,1782359088.596364,0.0015912055969238281
62941,normal,225,0,1782359088.5979207,0.0015566349029541016
62942,normal,2609,0,1782359088.5999906,0.0020699501037597656
62943,normal,331,0,1782359088.6018963,0.001905679702758789
62944,normal,2751,0,1782359088.603948,0.002051830291748047
62945,normal,663,0,1782359088.605803,0.0018548965454101562
62946,normal,2181,0,1782359088.6082528,0.0024497509002685547
62947,normal,1543,0,1782359088.6099398,0.0016870498657226562
62948,normal,2944,0,1782359088.6118271,0.0018873214721679688
62949,normal,1794,0,1782359088.6139848,0.0021576881408691406
62950,normal,859,2,1782359088.6157773,0.0017924308776855469
62951,normal,844,2,1782359088.618201,0.0024237632751464844
62952,normal,2299,0,1782359088.619881,0.0016798973083496094
62953,normal,2283,0,1782359088.6220646,0.002183675765991211
62954,normal,134,0,1782359088.624304,0.0022394657135009766
62955,normal,1679,0,1782359088.6261938,0.0018897056579589844
62956,normal,3250,1,1782359088.6279237,0.0017299652099609375
62957,normal,2672,0,1782359088.630066,0.002142190933227539
62958,normal,764,0,1782359088.6322145,0.0021486282348632812
62959,normal,2377,0,1782359088.6340513,0.0018367767333984375
62960,normal,1809,0,1782359088.6360195,0.0019681453704833984
62961,normal,2709,0,1782359088.6382124,0.002192974090576172
62962,normal,3611,0,1782359088.6404364,0.002223968505859375
62963,normal,905,2,1782359088.6421568,0.001720428466796875
62964,normal,1999,0,1782359088.6440809,0.0019240379333496094
62965,normal,3087,1,1782359088.6457853,0.0017044544219970703
62966,normal,1266,0,1782359088.648302,0.0025167465209960938
62967,normal,1215,0,1782359088.6504383,0.00213623046875
62968,normal,2429,0,1782359088.651892,0.0014536380767822266
62969,normal,427,0,1782359088.6537607,0.0018687248229980469
62970,normal,2011,0,1782359088.6559124,0.0021517276763916016
62971,normal,659,0,1782359088.657798,0.0018856525421142578
62972,normal,2707,0,1782359088.6601372,0.0023391246795654297
62973,normal,2873,0,1782359088.661937,0.0017998218536376953
62974,normal,1043,0,1782359088.6638901,0.001953125
62975,normal,572,0,1782359088.6660717,0.002181529998779297
62976,normal,104,0,1782359088.668086,0.0020143985748291016
62977,normal,1357,1,1782359088.6700454,0.0019593238830566406
62978,normal,2735,0,1782359088.6719525,0.0019071102142333984
62979,normal,3691,0,1782359088.6740623,0.0021097660064697266
62980,normal,2819,0,1782359088.676018,0.001955747604370117
62981,normal,2258,0,1782359088.6782014,0.0021834373474121094
62982,normal,194,0,1782359088.679859,0.0016574859619140625
62983,normal,1327,1,1782359088.6819847,0.0021257400512695312
62984,normal,932,2,1782359088.6838517,0.001867055892944336
62985,normal,2992,0,1782359088.6860347,0.0021829605102539062
62986,normal,70,0,1782359088.687904,0.00186920166015625
62987,normal,652,0,1782359088.6900318,0.0021278858184814453
62988,normal,759,0,1782359088.6918101,0.0017783641815185547
62989,normal,3524,0,1782359088.6939042,0.0020940303802490234
62990,normal,1356,1,1782359088.6957958,0.0018916130065917969
62991,normal,529,0,1782359088.6979108,0.002115011215209961
62992,normal,1656,0,1782359088.6997929,0.0018820762634277344
62993,normal,2736,0,1782359088.7027233,0.0029304027557373047
62994,normal,280,0,1782359088.704145,0.0014216899871826172
62995,normal,745,0,1782359088.70587,0.0017249584197998047
62996,normal,3110,1,1782359088.7079425,0.002072572708129883
62997,normal,3049,1,1782359088.7098632,0.0019207000732421875
62998,normal,1724,0,1782359088.712065,0.0022017955780029297
62999,normal,2414,0,1782359088.7137876,0.001722574234008789
63000,normal,2076,0,1782359088.7161713,0.002383708953857422
63001,normal,2400,0,1782359088.718039,0.0018677711486816406
63002,normal,3077,1,1782359088.7197857,0.0017466545104980469
63003,normal,2415,0,1782359088.7219315,0.0021457672119140625
63004,normal,2416,0,1782359088.7237856,0.0018541812896728516
63005,normal,2868,0,1782359088.7259407,0.0021550655364990234
63006,normal,3415,0,1782359088.7279222,0.001981496810913086
63007,normal,2748,0,1782359088.7298715,0.001949310302734375
63008,normal,217,0,1782359088.7323642,0.002492666244506836
63009,normal,1091,0,1782359088.7341707,0.001806497573852539
63010,normal,3627,0,1782359088.7359257,0.0017549991607666016
63011,normal,308,0,1782359088.7380795,0.0021538734436035156
63012,normal,1570,0,1782359088.7400246,0.0019450187683105469
63013,normal,2600,0,1782359088.7419233,0.0018987655639648438
63014,normal,2583,0,1782359088.744104,0.0021805763244628906
63015,normal,2799,0,1782359088.7459128,0.0018088817596435547
63016,normal,959,2,1782359088.7481482,0.00223541259765625
63017,normal,3461,0,1782359088.7499397,0.0017914772033691406
63018,normal,3092,1,1782359088.7519388,0.0019991397857666016
63019,normal,3108,1,1782359088.7542849,0.002346038818359375
63020,normal,1974,0,1782359088.7565515,0.0022666454315185547
63021,normal,747,0,1782359088.7581449,0.0015933513641357422
63022,normal,1304,0,1782359088.7598953,0.0017504692077636719
63023,normal,812,2,1782359088.7621822,0.0022869110107421875
63024,normal,2473,0,1782359088.7639794,0.0017971992492675781
63025,normal,778,2,1782359088.7661977,0.0022182464599609375
63026,normal,3164,1,1782359088.7678466,0.0016489028930664062
63027,normal,3401,1,1782359088.7699428,0.0020961761474609375
63028,normal,1747,0,1782359088.7718735,0.0019307136535644531
63029,normal,3520,0,1782359088.774352,0.0024785995483398438
63030,normal,1332,1,1782359088.7759717,0.001619577407836914
63031,normal,2757,0,1782359088.7778368,0.0018651485443115234
63032,normal,3103,1,1782359088.7799687,0.002131938934326172
63033,normal,548,0,1782359088.7819242,0.0019555091857910156
63034,normal,3399,1,1782359088.783854,0.0019297599792480469
63035,normal,3530,0,1782359088.7861419,0.0022878646850585938
63036,normal,99,0,1782359088.78789,0.0017480850219726562
63037,normal,2238,0,1782359088.7899783,0.002088308334350586
63038,normal,1303,0,1782359088.7918725,0.001894235610961914
63039,normal,2002,0,1782359088.7940078,0.0021352767944335938
63040,normal,2159,0,1782359088.7958229,0.0018150806427001953
63041,normal,265,0,1782359088.7982404,0.0024175643920898438
63042,normal,3287,1,1782359088.8004017,0.002161264419555664
63043,normal,2725,0,1782359088.8020144,0.0016126632690429688
63044,normal,3028,0,1782359088.8039408,0.001926422119140625
63045,normal,2551,0,1782359088.8059192,0.0019783973693847656
63046,normal,1235,0,1782359088.8078558,0.0019366741180419922
63047,normal,2340,0,1782359088.8099568,0.0021009445190429688
63048,normal,91,0,1782359088.811882,0.0019252300262451172
63049,normal,1904,0,1782359088.8143392,0.002457141876220703
63050,normal,2582,0,1782359088.8160627,0.0017235279083251953
63051,normal,2431,0,1782359088.817868,0.0018053054809570312
63052,normal,1647,0,1782359088.8199375,0.0020694732666015625
63053,normal,1355,1,1782359088.821819,0.0018815994262695312
63054,normal,1047,0,1782359088.823922,0.0021028518676757812
63055,normal,2836,0,1782359088.8257895,0.001867532730102539
63056,normal,2812,0,1782359088.827915,0.0021255016326904297
63057,normal,3254,1,1782359088.829948,0.0020329952239990234
63058,normal,3277,1,1782359088.8319032,0.001955270767211914
63059,normal,2427,0,1782359088.8340306,0.002127408981323242
63060,normal,2405,0,1782359088.8359864,0.001955747604370117
63061,normal,1606,0,1782359088.8381522,0.0021657943725585938
63062,normal,1527,0,1782359088.8400478,0.0018956661224365234
63063,normal,7,0,1782359088.8418448,0.0017969608306884766
63064,normal,2874,0,1782359088.8440654,0.002220630645751953
63065,normal,1615,0,1782359088.846013,0.001947641372680664
63066,normal,298,0,1782359088.8480074,0.0019943714141845703
63067,normal,3665,0,1782359088.8499312,0.0019237995147705078
63068,normal,1998,0,1782359088.852058,0.0021266937255859375
63069,normal,3409,0,1782359088.853788,0.0017299652099609375
63070,normal,2876,0,1782359127.0581706,0.0
63071,normal,3320,1,1782359127.060053,0.0018825531005859375
63072,normal,1013,2,1782359127.0621593,0.002106189727783203
63073,normal,3665,0,1782359127.064008,0.0018486976623535156
63074,normal,2894,0,1782359127.0660815,0.002073526382446289
63075,normal,2580,0,1782359127.068148,0.002066373825073242
63076,normal,1759,0,1782359127.0700154,0.001867532730102539
63077,normal,142,0,1782359127.072291,0.0022754669189453125
63078,normal,3444,0,1782359127.0742888,0.0019979476928710938
63079,normal,1200,0,1782359127.0761046,0.0018157958984375
63080,normal,199,0,1782359127.078272,0.0021674633026123047
63081,normal,3500,0,1782359127.0802689,0.001996755599975586
63082,normal,3471,0,1782359127.0821419,0.001873016357421875
63083,normal,3558,0,1782359127.0842605,0.0021185874938964844
63084,normal,479,0,1782359127.0862906,0.0020301342010498047
63085,normal,1251,0,1782359127.0881195,0.001828908920288086
63086,normal,3412,0,1782359127.0902786,0.00215911865234375
63087,normal,2749,0,1782359127.0923755,0.002096891403198242
63088,normal,3609,0,1782359127.0941527,0.0017771720886230469
63089,normal,3013,0,1782359127.0962174,0.0020647048950195312
63090,normal,2929,0,1782359127.0982823,0.002064943313598633
63091,normal,2896,0,1782359127.1000762,0.0017938613891601562
63092,normal,2815,0,1782359127.102084,0.002007722854614258
63093,normal,1829,0,1782359127.104122,0.0020380020141601562
63094,normal,1180,0,1782359127.1060927,0.0019707679748535156
63095,normal,2435,0,1782359127.1080797,0.001986980438232422
63096,normal,546,0,1782359127.1102238,0.0021440982818603516
63097,normal,33,0,1782359127.1120636,0.0018398761749267578
63098,normal,600,0,1782359127.1140928,0.0020291805267333984
63099,normal,101,0,1782359127.1161108,0.002017974853515625
63100,normal,2464,0,1782359127.1180835,0.001972675323486328
63101,normal,94,0,1782359127.1201212,0.0020377635955810547
63102,normal,3464,0,1782359127.1221175,0.001996278762817383
63103,normal,3384,1,1782359127.1241164,0.0019989013671875
63104,normal,1593,0,1782359127.126113,0.0019965171813964844
63105,normal,1368,1,1782359127.1281152,0.002002239227294922
63106,normal,2329,0,1782359127.130111,0.0019958019256591797
63107,normal,2434,0,1782359127.132108,0.0019969940185546875
63108,normal,2603,0,1782359127.134108,0.002000093460083008
63109,normal,1451,0,1782359127.1361167,0.002008676528930664
63110,normal,2154,0,1782359127.1381013,0.0019845962524414062
63111,normal,341,0,1782359127.140124,0.0020227432250976562
63112,normal,2260,0,1782359127.142108,0.0019838809967041016
63113,normal,1777,0,1782359127.1441202,0.0020122528076171875
63114,normal,1395,0,1782359127.146116,0.0019958019256591797
63115,normal,2375,0,1782359127.1481328,0.002016782760620117
63116,normal,1875,0,1782359127.1501112,0.0019783973693847656
63117,normal,2764,0,1782359127.1521702,0.0020589828491210938
63118,normal,2809,0,1782359127.1542866,0.0021164417266845703
63119,normal,781,2,1782359127.156147,0.0018603801727294922
63120,normal,119,0,1782359127.1582613,0.0021142959594726562
63121,normal,3221,1,1782359127.160137,0.0018756389617919922
63122,normal,177,0,1782359127.1622968,0.0021598339080810547
63123,normal,2964,0,1782359127.1642663,0.001969575881958008
63124,normal,1998,0,1782359127.1661756,0.0019092559814453125
63125,normal,1643,0,1782359127.1682875,0.0021119117736816406
63126,normal,3232,1,1782359127.170274,0.0019865036010742188
63127,normal,2559,0,1782359127.1721532,0.0018792152404785156
63128,normal,130,0,1782359127.1742792,0.002125978469848633
63129,normal,1804,0,1782359127.1763592,0.0020799636840820312
63130,normal,1000,2,1782359127.1781,0.0017409324645996094
63131,normal,1758,0,1782359127.180142,0.0020418167114257812
63132,normal,208,0,1782359127.182263,0.0021209716796875
63133,normal,3052,1,1782359127.1841412,0.0018782615661621094
63134,normal,2132,0,1782359127.1861408,0.0019996166229248047
63135,normal,1933,0,1782359127.1883018,0.0021610260009765625
63136,normal,438,0,1782359127.190142,0.0018401145935058594
63137,normal,762,0,1782359127.1921449,0.0020029544830322266
63138,normal,440,0,1782359127.1943033,0.0021584033966064453
63139,normal,611,0,1782359127.1961443,0.0018410682678222656
63140,normal,3513,0,1782359127.1981566,0.0020122528076171875
63141,normal,2370,0,1782359127.200197,0.002040386199951172
63142,normal,2147,0,1782359127.2022924,0.002095460891723633
63143,normal,3408,0,1782359127.204182,0.0018894672393798828
63144,normal,1590,0,1782359127.2062716,0.0020897388458251953
63145,normal,2500,0,1782359127.2081778,0.0019061565399169922
63146,normal,2347,0,1782359127.210123,0.0019452571868896484
63147,normal,591,0,1782359127.212262,0.002138853073120117
63148,normal,2813,0,1782359127.2141666,0.0019047260284423828
63149,normal,2599,0,1782359127.2162013,0.0020346641540527344
63150,normal,3495,0,1782359127.218305,0.0021038055419921875
63151,normal,3689,0,1782359127.220144,0.0018389225006103516
63152,normal,745,0,1782359127.222172,0.0020279884338378906
63153,normal,2448,0,1782359127.2242606,0.0020885467529296875
63154,normal,2759,0,1782359127.2260861,0.001825571060180664
63155,normal,2332,0,1782359127.2282674,0.0021812915802001953
63156,normal,1794,0,1782359127.2302666,0.0019991397857666016
63157,normal,3585,0,1782359127.2321463,0.0018796920776367188
63158,normal,949,2,1782359127.2342691,0.0021228790283203125
63159,normal,342,0,1782359127.2362826,0.0020134449005126953
63160,normal,1764,0,1782359127.2380795,0.0017969608306884766
63161,normal,1010,2,1782359127.240259,0.002179384231567383
63162,normal,970,2,1782359127.24226,0.002001047134399414
63163,normal,1457,0,1782359127.244107,0.0018470287322998047
63164,normal,3099,1,1782359127.2462726,0.002165555953979492
63165,normal,3683,0,1782359127.2482555,0.0019829273223876953
63166,normal,977,2,1782359127.2501314,0.0018758773803710938
63167,normal,2055,0,1782359127.252182,0.002050638198852539
63168,normal,1991,0,1782359127.2542825,0.0021004676818847656
63169,normal,115,0,1782359127.2561102,0.0018277168273925781
63170,normal,1959,0,1782359127.2582796,0.002169370651245117
63171,normal,975,2,1782359127.2602491,0.001969575881958008
63172,normal,2148,0,1782359127.2621295,0.0018804073333740234
63173,normal,1411,0,1782359127.2642684,0.002138853073120117
63174,normal,2008,0,1782359127.2662554,0.001986980438232422
63175,normal,1872,0,1782359127.2681515,0.0018961429595947266
63176,normal,1784,0,1782359127.2702725,0.0021209716796875
63177,normal,2524,0,1782359127.2722743,0.0020017623901367188
63178,normal,3630,0,1782359127.274151,0.0018768310546875
63179,normal,296,0,1782359127.2762778,0.0021266937255859375
63180,normal,3691,0,1782359127.2782588,0.001981019973754883
63181,normal,3690,0,1782359127.2801328,0.0018739700317382812
63182,normal,948,2,1782359127.28227,0.0021371841430664062
63183,normal,1791,0,1782359127.284265,0.001995086669921875
63184,normal,2740,0,1782359127.2861724,0.0019073486328125
63185,normal,582,0,1782359127.2882783,0.0021059513092041016
63186,normal,2574,0,1782359127.2902596,0.0019812583923339844
63187,normal,3547,0,1782359127.2921224,0.0018627643585205078
63188,normal,819,2,1782359127.2942631,0.0021407604217529297
63189,normal,2368,0,1782359127.2962706,0.0020074844360351562
63190,normal,3349,1,1782359127.2980943,0.0018236637115478516
63191,normal,1711,0,1782359127.3002672,0.0021729469299316406
63192,normal,46,0,1782359127.3022082,0.0019409656524658203
63193,normal,3392,1,1782359127.304273,0.0020647048950195312
63194,normal,2210,0,1782359127.3061404,0.001867532730102539
63195,normal,403,0,1782359127.3082635,0.002123117446899414
63196,normal,1743,0,1782359127.3101363,0.0018727779388427734
63197,normal,3206,1,1782359127.31226,0.002123594284057617
63198,normal,2366,0,1782359127.3142939,0.0020339488983154297
63199,normal,1430,0,1782359127.3160834,0.0017895698547363281
63200,normal,2049,0,1782359127.318235,0.0021514892578125
63201,normal,1499,0,1782359127.320279,0.0020439624786376953
63202,normal,3179,1,1782359127.3221061,0.001827239990234375
63203,normal,812,2,1782359127.3242815,0.0021753311157226562
63204,normal,2895,0,1782359127.3262665,0.0019850730895996094
63205,normal,2138,0,1782359127.3281388,0.0018723011016845703
63206,normal,1052,0,1782359127.3302581,0.002119302749633789
63207,normal,2826,0,1782359127.332338,0.0020799636840820312
63208,normal,2045,0,1782359127.3341038,0.0017657279968261719
63209,normal,1127,0,1782359127.3362055,0.0021016597747802734
63210,normal,465,0,1782359127.338279,0.002073526382446289
63211,normal,3213,1,1782359127.3401406,0.001861572265625
63212,normal,1585,0,1782359127.3421159,0.0019752979278564453
63213,normal,1016,2,1782359127.3442638,0.0021479129791259766
63214,normal,18,0,1782359127.3461485,0.0018846988677978516
63215,normal,1079,0,1782359127.3482714,0.0021228790283203125
63216,normal,2735,0,1782359127.3502932,0.00202178955078125
63217,normal,2691,0,1782359127.3521082,0.0018150806427001953
63218,normal,3545,0,1782359127.3542666,0.0021584033966064453
63219,normal,1100,0,1782359127.3562539,0.0019872188568115234
63220,normal,3289,1,1782359127.3581061,0.001852273941040039
63221,normal,2063,0,1782359127.360206,0.002099752426147461
63222,normal,2102,0,1782359127.3622944,0.0020885467529296875
63223,normal,2235,0,1782359127.3640893,0.0017948150634765625
63224,normal,1252,0,1782359127.3663201,0.0022308826446533203
63225,normal,1193,0,1782359127.3682563,0.001936197280883789
63226,normal,3316,1,1782359127.3700821,0.0018258094787597656
63227,normal,1961,0,1782359127.3722556,0.0021734237670898438
63228,normal,587,0,1782359127.3742547,0.0019991397857666016
63229,normal,107,0,1782359127.3771906,0.0029358863830566406
63230,normal,1655,0,1782359127.3781254,0.0009348392486572266
63231,normal,2906,0,1782359127.3803108,0.002185344696044922
63232,normal,2079,0,1782359127.382226,0.0019152164459228516
63233,normal,2978,0,1782359127.3842604,0.002034425735473633
63234,normal,3128,1,1782359127.386119,0.0018584728240966797
63235,normal,3692,0,1782359127.3880897,0.0019707679748535156
63236,normal,1068,0,1782359127.390087,0.001997232437133789
63237,normal,2486,0,1782359127.392116,0.0020291805267333984
63238,normal,2952,0,1782359127.394088,0.0019719600677490234
63239,normal,1403,0,1782359127.3960855,0.0019974708557128906
63240,normal,514,0,1782359127.39814,0.002054452896118164
63241,normal,1187,0,1782359127.4000857,0.0019457340240478516
63242,normal,2338,0,1782359127.4020875,0.0020017623901367188
63243,normal,585,0,1782359127.404127,0.0020394325256347656
63244,normal,1699,0,1782359127.4060864,0.001959562301635742
63245,normal,350,0,1782359127.408084,0.0019974708557128906
63246,normal,513,0,1782359127.410118,0.0020341873168945312
63247,normal,1968,0,1782359127.4120884,0.0019702911376953125
63248,normal,1640,0,1782359127.4140928,0.002004384994506836
63249,normal,3064,1,1782359127.4161456,0.002052783966064453
63250,normal,2961,0,1782359127.41808,0.0019345283508300781
63251,normal,397,0,1782359127.4200842,0.0020041465759277344
63252,normal,431,0,1782359127.422114,0.0020296573638916016
63253,normal,2846,0,1782359127.4240885,0.0019745826721191406
63254,normal,2219,0,1782359127.4261215,0.0020329952239990234
63255,normal,459,0,1782359127.428124,0.0020024776458740234
63256,normal,69,0,1782359127.4300897,0.001965761184692383
63257,normal,2017,0,1782359127.4320898,0.002000093460083008
63258,normal,3575,0,1782359127.4341154,0.002025604248046875
63259,normal,3418,0,1782359127.4361064,0.0019910335540771484
63260,normal,606,0,1782359127.4380853,0.0019788742065429688
63261,normal,3282,1,1782359127.440121,0.0020356178283691406
63262,normal,1326,1,1782359127.4420907,0.0019698143005371094
63263,normal,2173,0,1782359127.444087,0.001996278762817383
63264,normal,2037,0,1782359127.4461305,0.002043485641479492
63265,normal,484,0,1782359127.4480898,0.0019593238830566406
63266,normal,3087,1,1782359127.4500837,0.001993894577026367
63267,normal,526,0,1782359127.45214,0.0020563602447509766
63268,normal,3685,0,1782359127.4540925,0.0019524097442626953
63269,normal,3173,1,1782359127.4560874,0.0019948482513427734
63270,normal,1592,0,1782359127.4581287,0.002041339874267578
63271,normal,2087,0,1782359127.4600878,0.001959085464477539
63272,normal,3217,1,1782359127.4620862,0.001998424530029297
63273,normal,50,0,1782359127.4641356,0.0020494461059570312
63274,normal,1669,0,1782359127.4660652,0.0019295215606689453
63275,normal,1455,0,1782359127.4681027,0.002037525177001953
63276,normal,2551,0,1782359127.4701304,0.002027750015258789
63277,normal,462,0,1782359127.4720874,0.001956939697265625
63278,normal,237,0,1782359127.4740841,0.001996755599975586
63279,normal,3330,1,1782359127.4761393,0.0020551681518554688
63280,normal,45,0,1782359127.4780834,0.0019440650939941406
63281,normal,3479,0,1782359127.480086,0.002002716064453125
63282,normal,2754,0,1782359127.4821415,0.0020554065704345703
63283,normal,180,0,1782359127.4840837,0.0019421577453613281
63284,normal,2167,0,1782359127.4860864,0.002002716064453125
63285,normal,3660,0,1782359127.4881375,0.002051115036010742
63286,normal,3667,0,1782359127.4900842,0.0019466876983642578
63287,normal,2870,0,1782359127.4920855,0.0020012855529785156
63288,normal,3415,0,1782359127.4940841,0.0019986629486083984
63289,normal,1443,0,1782359127.4960704,0.001986265182495117
63290,normal,3353,1,1782359127.4980807,0.002010345458984375
63291,normal,3703,0,1782359127.500121,0.002040386199951172
63292,normal,2182,0,1782359127.502083,0.001961946487426758
63293,normal,2181,0,1782359127.5040932,0.0020101070404052734
63294,normal,223,0,1782359127.5061445,0.0020513534545898438
63295,normal,1371,1,1782359127.5080626,0.0019180774688720703
63296,normal,2330,0,1782359127.510086,0.002023458480834961
63297,normal,2304,0,1782359127.5121238,0.0020377635955810547
63298,normal,3040,0,1782359127.5140817,0.0019578933715820312
63299,normal,3542,0,1782359127.51609,0.002008199691772461
63300,normal,1818,0,1782359127.5181367,0.002046823501586914
63301,normal,2650,0,1782359127.520088,0.0019512176513671875
63302,normal,2208,0,1782359127.5220828,0.0019948482513427734
63303,normal,158,0,1782359127.5241356,0.002052783966064453
63304,normal,2992,0,1782359127.5260947,0.001959085464477539
63305,normal,1470,0,1782359127.5280857,0.0019910335540771484
63306,normal,1940,0,1782359127.5301228,0.00203704833984375
63307,normal,1392,0,1782359127.5321198,0.0019969940185546875
63308,normal,1911,0,1782359127.5340838,0.001964092254638672
63309,normal,3308,1,1782359127.5361185,0.0020346641540527344
63310,normal,1170,0,1782359127.5382624,0.00214385986328125
63311,normal,1563,0,1782359127.5401597,0.0018973350524902344
63312,normal,2161,0,1782359127.5423434,0.002183675765991211
63313,normal,1781,0,1782359127.5441267,0.0017833709716796875
63314,normal,3594,0,1782359127.546285,0.0021581649780273438
63315,normal,3469,0,1782359127.5485678,0.002282857894897461
63316,normal,3084,1,1782359127.550144,0.0015761852264404297
63317,normal,1203,0,1782359127.5522864,0.0021424293518066406
63318,normal,555,0,1782359127.5542748,0.0019884109497070312
63319,normal,1349,1,1782359127.5561502,0.0018754005432128906
63320,normal,531,0,1782359127.5582776,0.002127408981323242
63321,normal,521,0,1782359127.5603802,0.0021026134490966797
63322,normal,1509,0,1782359127.5622823,0.0019021034240722656
63323,normal,2689,0,1782359127.5641658,0.0018835067749023438
63324,normal,1981,0,1782359127.566306,0.0021402835845947266
63325,normal,2408,0,1782359127.568171,0.0018649101257324219
63326,normal,3688,0,1782359127.5701473,0.0019762516021728516
63327,normal,1964,0,1782359127.5722969,0.0021495819091796875
63328,normal,710,0,1782359127.5741239,0.0018270015716552734
63329,normal,2445,0,1782359127.576131,0.0020072460174560547
63330,normal,659,0,1782359127.5783255,0.0021944046020507812
63331,normal,1942,0,1782359127.5801468,0.001821279525756836
63332,normal,1830,0,1782359127.5822861,0.0021393299102783203
63333,normal,3311,1,1782359127.5842733,0.0019872188568115234
63334,normal,752,0,1782359127.5862072,0.0019338130950927734
63335,normal,817,2,1782359127.5880666,0.001859426498413086
63336,normal,2050,0,1782359127.5901597,0.002093076705932617
63337,normal,944,2,1782359127.5920455,0.0018858909606933594
63338,normal,1943,0,1782359127.5941532,0.0021076202392578125
63339,normal,994,2,1782359127.5963254,0.002172231674194336
63340,normal,959,2,1782359127.5981205,0.001795053482055664
63341,normal,2354,0,1782359127.6001856,0.0020651817321777344
63342,normal,2356,0,1782359127.6023424,0.0021567344665527344
63343,normal,2109,0,1782359127.604111,0.0017685890197753906
63344,normal,2841,0,1782359127.6062882,0.0021772384643554688
63345,normal,2733,0,1782359127.6082914,0.002003192901611328
63346,normal,955,2,1782359127.6101468,0.0018553733825683594
63347,normal,765,0,1782359127.612153,0.0020062923431396484
63348,normal,2542,0,1782359127.6142354,0.002082347869873047
63349,normal,3401,1,1782359127.616089,0.0018537044525146484
63350,normal,633,0,1782359127.61823,0.0021409988403320312
63351,normal,1437,0,1782359127.6202722,0.002042055130004883
63352,normal,469,0,1782359127.622118,0.0018458366394042969
63353,normal,1131,0,1782359127.6242776,0.002159595489501953
63354,normal,2967,0,1782359127.6262412,0.0019636154174804688
63355,normal,3536,0,1782359127.6281412,0.0018999576568603516
63356,normal,1059,0,1782359127.6303208,0.0021796226501464844
63357,normal,384,0,1782359127.632283,0.0019621849060058594
63358,normal,3177,1,1782359127.6340973,0.0018143653869628906
63359,normal,3423,0,1782359127.636304,0.002206563949584961
63360,normal,3460,0,1782359127.638313,0.002009153366088867
63361,normal,2315,0,1782359127.6401207,0.0018076896667480469
63362,normal,348,0,1782359127.642122,0.0020012855529785156
63363,normal,1969,0,1782359127.6442714,0.002149343490600586
63364,normal,882,2,1782359127.6461358,0.0018644332885742188
63365,normal,1083,0,1782359127.6481218,0.0019860267639160156
63366,normal,674,0,1782359127.6501412,0.0020194053649902344
63367,normal,3574,0,1782359127.6520934,0.0019521713256835938
63368,normal,3352,1,1782359127.6541004,0.002007007598876953
63369,normal,1399,0,1782359127.6560571,0.0019567012786865234
63370,normal,808,2,1782359127.6581025,0.0020453929901123047
63371,normal,1342,1,1782359127.6603136,0.0022110939025878906
63372,normal,1737,0,1782359127.6622825,0.001968860626220703
63373,normal,1869,0,1782359127.664091,0.0018086433410644531
63374,normal,2914,0,1782359127.6662765,0.002185344696044922
63375,normal,1071,0,1782359127.6682801,0.0020036697387695312
63376,normal,2312,0,1782359127.6701174,0.0018372535705566406
63377,normal,1727,0,1782359127.6723628,0.0022454261779785156
63378,normal,135,0,1782359127.674133,0.0017702579498291016
63379,normal,2792,0,1782359127.6761508,0.0020177364349365234
63380,normal,1716,0,1782359127.6781018,0.001950979232788086
63381,normal,2818,0,1782359127.6801145,0.0020127296447753906
63382,normal,2275,0,1782359127.6820776,0.0019631385803222656
63383,normal,2738,0,1782359127.6840978,0.002020120620727539
63384,normal,1687,0,1782359127.686135,0.0020372867584228516
63385,normal,2590,0,1782359127.6880913,0.0019562244415283203
63386,normal,928,2,1782359127.6900706,0.001979351043701172
63387,normal,2472,0,1782359127.692135,0.0020644664764404297
63388,normal,360,0,1782359127.694057,0.0019218921661376953
63389,normal,394,0,1782359127.6960783,0.002021312713623047
63390,normal,1820,0,1782359127.6981022,0.002023935317993164
63391,normal,957,2,1782359127.700106,0.0020036697387695312
63392,normal,1899,0,1782359127.702073,0.001967191696166992
63393,normal,8,0,1782359127.704147,0.002074003219604492
63394,normal,1662,0,1782359127.7060738,0.0019266605377197266
63395,normal,3657,0,1782359127.7082546,0.002180814743041992
63396,normal,1538,0,1782359127.7101507,0.0018961429595947266
63397,normal,287,0,1782359127.7121491,0.001998424530029297
63398,normal,2890,0,1782359127.7142897,0.002140522003173828
63399,normal,1304,0,1782359127.7162843,0.001994609832763672
63400,normal,893,2,1782359127.7181394,0.0018551349639892578
63401,normal,157,0,1782359127.7203152,0.0021758079528808594
63402,normal,2924,0,1782359127.7222917,0.001976490020751953
63403,normal,3400,1,1782359127.724122,0.0018303394317626953
63404,normal,3276,1,1782359127.726301,0.0021789073944091797
63405,normal,3258,1,1782359127.7282648,0.0019638538360595703
63406,normal,1166,0,1782359127.7301428,0.0018780231475830078
63407,normal,844,2,1782359127.732124,0.0019812583923339844
63408,normal,3204,1,1782359127.734269,0.0021448135375976562
63409,normal,517,0,1782359127.736139,0.0018701553344726562
63410,normal,1526,0,1782359127.7382762,0.0021371841430664062
63411,normal,925,2,1782359127.7402725,0.001996278762817383
63412,normal,826,2,1782359127.7421343,0.0018618106842041016
63413,normal,2775,0,1782359127.7442756,0.002141237258911133
63414,normal,736,0,1782359127.7462559,0.001980304718017578
63415,normal,224,0,1782359127.7481284,0.0018725395202636719
63416,normal,2942,0,1782359127.7502813,0.0021529197692871094
63417,normal,2674,0,1782359127.7522602,0.0019788742065429688
63418,normal,1283,0,1782359127.7541308,0.0018706321716308594
63419,normal,1161,0,1782359127.7562726,0.002141714096069336
63420,normal,2401,0,1782359127.7582757,0.002003192901611328
63421,normal,847,2,1782359127.760139,0.001863241195678711
63422,normal,856,2,1782359127.7622776,0.0021386146545410156
63423,normal,666,0,1782359127.7641065,0.001828908920288086
63424,normal,3642,0,1782359127.7661123,0.0020058155059814453
63425,normal,2016,0,1782359127.7682755,0.0021631717681884766
63426,normal,3446,0,1782359127.7702718,0.001996278762817383
63427,normal,95,0,1782359127.7721376,0.0018658638000488281
63428,normal,1155,0,1782359127.7742705,0.002132892608642578
63429,normal,2175,0,1782359127.7762501,0.0019795894622802734
63430,normal,1709,0,1782359127.7780948,0.001844644546508789
63431,normal,1995,0,1782359127.7801008,0.002006053924560547
63432,normal,3203,1,1782359127.7820961,0.0019953250885009766
63433,normal,3554,0,1782359127.7841053,0.002009153366088867
63434,normal,2339,0,1782359127.7861347,0.0020294189453125
63435,normal,305,0,1782359127.7881632,0.0020284652709960938
63436,normal,1520,0,1782359127.7900507,0.0018875598907470703
63437,normal,2871,0,1782359127.7921474,0.0020966529846191406
63438,normal,1519,0,1782359127.7942376,0.0020902156829833984
63439,normal,1984,0,1782359127.7961135,0.0018758773803710938
63440,normal,3431,0,1782359127.7982876,0.0021741390228271484
63441,normal,1644,0,1782359127.800263,0.0019752979278564453
63442,normal,629,0,1782359127.8021162,0.0018532276153564453
63443,normal,121,0,1782359127.8043184,0.002202272415161133
63444,normal,685,0,1782359127.8062878,0.0019693374633789062
63445,normal,904,2,1782359127.8081167,0.001828908920288086
63446,normal,2922,0,1782359127.8101227,0.002006053924560547
63447,normal,284,0,1782359127.8122866,0.0021638870239257812
63448,normal,799,2,1782359127.8141217,0.0018351078033447266
63449,normal,1118,0,1782359127.8163116,0.0021898746490478516
63450,normal,1383,0,1782359127.8182867,0.0019750595092773438
63451,normal,1851,0,1782359127.8201182,0.0018315315246582031
63452,normal,433,0,1782359127.822135,0.002016782760620117
63453,normal,2101,0,1782359127.8242867,0.0021517276763916016
63454,normal,757,0,1782359127.8261173,0.0018305778503417969
63455,normal,1558,0,1782359127.8282838,0.0021665096282958984
63456,normal,1143,0,1782359127.8302884,0.0020046234130859375
63457,normal,1678,0,1782359127.83218,0.0018916130065917969
63458,normal,59,0,1782359127.8341355,0.0019555091857910156
63459,normal,2722,0,1782359127.8362896,0.002154111862182617
63460,normal,663,0,1782359127.838117,0.001827239990234375
63461,normal,1238,0,1782359127.840297,0.0021800994873046875
63462,normal,320,0,1782359127.8423464,0.0020494461059570312
63463,normal,289,0,1782359127.8441503,0.0018038749694824219
63464,normal,3652,0,1782359127.846296,0.0021457672119140625
63465,normal,156,0,1782359127.848308,0.002012014389038086
63466,normal,2900,0,1782359127.8501487,0.0018405914306640625
63467,normal,371,0,1782359127.8523166,0.002167940139770508
63468,normal,559,0,1782359127.854336,0.0020194053649902344
63469,normal,1282,0,1782359127.8561282,0.0017921924591064453
63470,normal,598,0,1782359127.858293,0.0021648406982421875
63471,normal,1598,0,1782359127.8603044,0.0020112991333007812
63472,normal,1773,0,1782359127.8621576,0.0018532276153564453
63473,normal,1233,0,1782359127.8642972,0.002139568328857422
63474,normal,3155,1,1782359127.8663101,0.002012968063354492
63475,normal,1345,1,1782359127.868152,0.0018417835235595703
63476,normal,3564,0,1782359127.8702884,0.0021364688873291016
63477,normal,361,0,1782359127.872303,0.002014636993408203
63478,normal,570,0,1782359127.87416,0.0018570423126220703
63479,normal,2442,0,1782359127.8762972,0.0021371841430664062
63480,normal,2825,0,1782359127.8783038,0.00200653076171875
63481,normal,1477,0,1782359127.8801506,0.0018467903137207031
63482,normal,3566,0,1782359127.8823075,0.002156972885131836
63483,normal,1090,0,1782359127.8843024,0.0019948482513427734
63484,normal,3175,1,1782359127.8861454,0.0018429756164550781
63485,normal,1854,0,1782359127.8883033,0.002157926559448242
63486,normal,748,0,1782359127.890305,0.0020017623901367188
63487,normal,1803,0,1782359127.8921638,0.0018587112426757812
63488,normal,3184,1,1782359127.8942857,0.0021219253540039062
63489,normal,2885,0,1782359127.8964384,0.002152681350708008
63490,normal,1235,0,1782359127.8981595,0.0017211437225341797
63491,normal,2003,0,1782359127.9004238,0.002264261245727539
63492,normal,1948,0,1782359127.9023159,0.00189208984375
63493,normal,27,0,1782359127.9042165,0.0019006729125976562
63494,normal,1608,0,1782359127.906284,0.00206756591796875
63495,normal,140,0,1782359127.90847,0.002185821533203125
63496,normal,2123,0,1782359127.910166,0.0016961097717285156
63497,normal,2293,0,1782359127.9123647,0.0021986961364746094
63498,normal,189,0,1782359127.9141684,0.0018036365509033203
63499,normal,277,0,1782359127.9162936,0.002125263214111328
63500,normal,1075,0,1782359127.9181862,0.0018925666809082031
63501,normal,2785,0,1782359127.920288,0.002101898193359375
63502,normal,798,2,1782359127.9221818,0.001893758773803711
63503,normal,2046,0,1782359127.924439,0.002257108688354492
63504,normal,1627,0,1782359127.92616,0.0017211437225341797
63505,normal,3181,1,1782359127.928161,0.0020008087158203125
63506,normal,3010,0,1782359127.9301355,0.0019745826721191406
63507,normal,88,0,1782359127.9321842,0.0020487308502197266
63508,normal,1993,0,1782359127.934143,0.0019588470458984375
63509,normal,1583,0,1782359127.9363058,0.0021626949310302734
63510,normal,3274,1,1782359127.938254,0.0019483566284179688
63511,normal,2862,0,1782359127.94014,0.0018858909606933594
63512,normal,2993,0,1782359127.9423254,0.002185344696044922
63513,normal,3131,1,1782359127.9443252,0.0019998550415039062
63514,normal,1771,0,1782359127.9461215,0.0017962455749511719
63515,normal,2243,0,1782359127.948502,0.0023806095123291016
63516,normal,1828,0,1782359127.950309,0.0018069744110107422
63517,normal,3006,0,1782359127.952211,0.001901865005493164
63518,normal,920,2,1782359127.954483,0.0022721290588378906
63519,normal,3510,0,1782359127.9561768,0.0016937255859375
63520,normal,162,0,1782359127.9581397,0.001962900161743164
63521,normal,1051,0,1782359127.960111,0.0019712448120117188
63522,normal,911,2,1782359127.9623833,0.002272367477416992
63523,normal,294,0,1782359127.9641044,0.0017211437225341797
63524,normal,3009,0,1782359127.9661283,0.002023935317993164
63525,normal,2199,0,1782359127.968179,0.002050638198852539
63526,normal,1541,0,1782359127.9701014,0.0019223690032958984
63527,normal,2713,0,1782359127.9721618,0.002060413360595703
63528,normal,3491,0,1782359127.9741967,0.002034902572631836
63529,normal,3517,0,1782359127.9762182,0.0020215511322021484
63530,normal,1217,0,1782359127.9788556,0.0026373863220214844
63531,normal,2399,0,1782359127.980041,0.0011854171752929688
63532,normal,3387,1,1782359127.9822571,0.0022161006927490234
63533,normal,2940,0,1782359127.98412,0.0018627643585205078
63534,normal,1489,0,1782359127.9862263,0.0021064281463623047
63535,normal,2930,0,1782359127.98801,0.001783609390258789
63536,normal,2336,0,1782359127.9901903,0.002180337905883789
63537,normal,2598,0,1782359127.9922922,0.002101898193359375
63538,normal,2918,0,1782359127.9941435,0.0018513202667236328
63539,normal,1612,0,1782359127.9962757,0.0021321773529052734
63540,normal,1841,0,1782359127.9982932,0.002017498016357422
63541,normal,1622,0,1782359128.0001435,0.0018503665924072266
63542,normal,2847,0,1782359128.0022767,0.0021331310272216797
63543,normal,67,0,1782359128.004268,0.00199127197265625
63544,normal,1254,0,1782359128.0061462,0.0018782615661621094
63545,normal,792,2,1782359128.0081255,0.001979351043701172
63546,normal,2343,0,1782359128.0102787,0.002153158187866211
63547,normal,1702,0,1782359128.0122118,0.0019330978393554688
63548,normal,2282,0,1782359128.014285,0.0020732879638671875
63549,normal,1473,0,1782359128.0161319,0.0018467903137207031
63550,normal,1848,0,1782359128.0182943,0.002162456512451172
63551,normal,1076,0,1782359128.020139,0.001844644546508789
63552,normal,3142,1,1782359128.0222797,0.0021407604217529297
63553,normal,37,0,1782359128.0241432,0.0018634796142578125
63554,normal,3417,0,1782359128.026281,0.002137899398803711
63555,normal,36,0,1782359128.0282938,0.0020127296447753906
63556,normal,1521,0,1782359128.0301225,0.0018286705017089844
63557,normal,496,0,1782359128.0323439,0.002221345901489258
63558,normal,3019,0,1782359128.034298,0.0019540786743164062
63559,normal,391,0,1782359128.0361266,0.0018286705017089844
63560,normal,1801,0,1782359128.038278,0.0021514892578125
63561,normal,4,0,1782359128.0402904,0.0020122528076171875
63562,normal,3234,1,1782359128.042127,0.001836538314819336
63563,normal,725,0,1782359128.0444477,0.0023207664489746094
63564,normal,690,0,1782359128.0461764,0.0017287731170654297
63565,normal,1849,0,1782359128.0482752,0.0020987987518310547
63566,normal,1589,0,1782359128.050181,0.001905679702758789
63567,normal,3080,1,1782359128.0522914,0.0021104812622070312
63568,normal,1060,0,1782359128.0541217,0.0018303394317626953
63569,normal,333,0,1782359128.056297,0.0021753311157226562
63570,normal,1742,0,1782359128.0583053,0.002008199691772461
63571,normal,1213,0,1782359128.0601182,0.0018129348754882812
63572,normal,1505,0,1782359128.0622966,0.0021784305572509766
63573,normal,1601,0,1782359128.0642843,0.0019876956939697266
63574,normal,3362,1,1782359128.066125,0.0018405914306640625
63575,normal,3592,0,1782359128.0682926,0.0021677017211914062
63576,normal,740,0,1782359128.0703113,0.0020186901092529297
63577,normal,2632,0,1782359128.0721188,0.0018074512481689453
63578,normal,3164,1,1782359128.0742722,0.0021533966064453125
63579,normal,1256,0,1782359128.0762997,0.0020275115966796875
63580,normal,2040,0,1782359128.0781195,0.0018198490142822266
63581,normal,2014,0,1782359128.0803075,0.002187967300415039
63582,normal,1887,0,1782359128.0823002,0.0019927024841308594
63583,normal,1740,0,1782359128.0841212,0.0018210411071777344
63584,normal,2857,0,1782359128.0862665,0.0021452903747558594
63585,normal,2968,0,1782359128.0883708,0.0021042823791503906
63586,normal,760,0,1782359128.090161,0.0017902851104736328
63587,normal,1198,0,1782359128.0922873,0.0021262168884277344
63588,normal,3223,1,1782359128.0942986,0.0020112991333007812
63589,normal,3474,0,1782359128.096116,0.001817464828491211
63590,normal,1501,0,1782359128.098284,0.002167940139770508
63591,normal,423,0,1782359128.1002638,0.001979827880859375
63592,normal,1847,0,1782359128.1021218,0.0018579959869384766
63593,normal,1266,0,1782359128.104296,0.0021741390228271484
63594,normal,2946,0,1782359128.1064777,0.0021817684173583984
63595,normal,2143,0,1782359128.1082819,0.0018041133880615234
63596,normal,1870,0,1782359128.1103196,0.0020377635955810547
63597,normal,1616,0,1782359128.112448,0.0021283626556396484
63598,normal,498,0,1782359128.1141753,0.0017273426055908203
63599,normal,3145,1,1782359128.116446,0.0022706985473632812
63600,normal,1546,0,1782359128.1181502,0.0017042160034179688
63601,normal,1089,0,1782359128.1202126,0.0020623207092285156
63602,normal,1708,0,1782359128.1220598,0.0018472671508789062
63603,normal,3409,0,1782359128.124244,0.002184152603149414
63604,normal,379,0,1782359128.1260912,0.0018472671508789062
63605,normal,2746,0,1782359128.1281672,0.0020759105682373047
63606,normal,3541,0,1782359128.1301107,0.0019435882568359375
63607,normal,2264,0,1782359128.1320786,0.001967906951904297
63608,normal,3193,1,1782359128.1340945,0.002015829086303711
63609,normal,950,2,1782359128.1361246,0.0020301342010498047
63610,normal,2666,0,1782359128.1380942,0.001969575881958008
63611,normal,720,0,1782359128.1401193,0.002025127410888672
63612,normal,2525,0,1782359128.142118,0.0019986629486083984
63613,normal,1024,2,1782359128.1441133,0.0019953250885009766
63614,normal,1107,0,1782359128.1461155,0.002002239227294922
63615,normal,3385,1,1782359128.14811,0.0019943714141845703
63616,normal,601,0,1782359128.1500797,0.0019698143005371094
63617,normal,3489,0,1782359128.1520627,0.0019829273223876953
63618,normal,1812,0,1782359128.1541526,0.002089977264404297
63619,normal,1652,0,1782359128.1560595,0.0019068717956542969
63620,normal,667,0,1782359128.1581564,0.002096891403198242
63621,normal,1990,0,1782359128.160113,0.0019567012786865234
63622,normal,1741,0,1782359128.1620786,0.0019655227661132812
63623,normal,2409,0,1782359128.1641014,0.0020227432250976562
63624,normal,1354,1,1782359128.1661456,0.002044200897216797
63625,normal,169,0,1782359128.1680954,0.0019497871398925781
63626,normal,2095,0,1782359128.170114,0.0020186901092529297
63627,normal,3200,1,1782359128.172114,0.0019998550415039062
63628,normal,3056,1,1782359128.1741202,0.0020062923431396484
63629,normal,414,0,1782359128.1761127,0.001992464065551758
63630,normal,160,0,1782359128.1780992,0.0019865036010742188
63631,normal,2569,0,1782359128.1800811,0.001981973648071289
63632,normal,552,0,1782359128.1820917,0.0020105838775634766
63633,normal,2394,0,1782359128.1841283,0.002036571502685547
63634,normal,1414,0,1782359128.1860864,0.001958131790161133
63635,normal,2193,0,1782359128.1881144,0.0020279884338378906
63636,normal,35,0,1782359128.1901276,0.0020132064819335938
63637,normal,17,0,1782359128.1922064,0.0020787715911865234
63638,normal,3405,0,1782359128.19415,0.0019435882568359375
63639,normal,873,2,1782359128.1963012,0.0021512508392333984
63640,normal,3100,1,1782359128.1981285,0.001827239990234375
63641,normal,924,2,1782359128.2003782,0.0022497177124023438
63642,normal,1577,0,1782359128.2020578,0.0016796588897705078
63643,normal,1682,0,1782359128.204064,0.002006053924560547
63644,normal,2010,0,1782359128.206138,0.002074003219604492
63645,normal,490,0,1782359128.2081444,0.00200653076171875
63646,normal,2317,0,1782359128.2100425,0.001898050308227539
63647,normal,2805,0,1782359128.2121048,0.0020623207092285156
63648,normal,1733,0,1782359128.2141361,0.0020313262939453125
63649,normal,1375,1,1782359128.2160573,0.0019211769104003906
63650,normal,1999,0,1782359128.2181253,0.002068042755126953
63651,normal,2386,0,1782359128.22015,0.0020246505737304688
63652,normal,1713,0,1782359128.222039,0.0018889904022216797
63653,normal,2436,0,1782359128.2241063,0.0020673274993896484
63654,normal,3383,1,1782359128.226132,0.002025604248046875
63655,normal,2571,0,1782359128.2280579,0.0019259452819824219
63656,normal,23,0,1782359128.2301285,0.0020706653594970703
63657,normal,2901,0,1782359128.2321174,0.0019888877868652344
63658,normal,3458,0,1782359128.234072,0.0019545555114746094
63659,normal,2611,0,1782359128.236128,0.002056121826171875
63660,normal,2897,0,1782359128.238201,0.0020728111267089844
63661,normal,201,0,1782359128.2400606,0.0018596649169921875
63662,normal,1785,0,1782359128.2421803,0.002119779586791992
63663,normal,1779,0,1782359128.2441332,0.0019528865814208984
63664,normal,3248,1,1782359128.2460878,0.0019545555114746094
63665,normal,1540,0,1782359128.2481592,0.002071380615234375
63666,normal,1798,0,1782359128.2501495,0.0019903182983398438
63667,normal,3555,0,1782359128.252055,0.0019054412841796875
63668,normal,763,0,1782359128.2541788,0.0021238327026367188
63669,normal,3141,1,1782359128.256124,0.0019452571868896484
63670,normal,3582,0,1782359128.2580364,0.0019123554229736328
63671,normal,851,2,1782359128.2601738,0.002137422561645508
63672,normal,1248,0,1782359128.2621214,0.001947641372680664
63673,normal,2690,0,1782359128.2640536,0.0019321441650390625
63674,normal,2516,0,1782359128.2661753,0.0021216869354248047
63675,normal,1448,0,1782359128.2681258,0.0019505023956298828
63676,normal,3290,1,1782359128.2700386,0.001912832260131836
63677,normal,3171,1,1782359128.2721744,0.002135753631591797
63678,normal,1723,0,1782359128.2741108,0.0019364356994628906
63679,normal,159,0,1782359128.276042,0.0019311904907226562
63680,normal,3677,0,1782359128.2781727,0.002130746841430664
63681,normal,2744,0,1782359128.2801256,0.0019528865814208984
63682,normal,261,0,1782359128.2822025,0.002076864242553711
63683,normal,283,0,1782359128.2842329,0.0020303726196289062
63684,normal,3675,0,1782359128.28612,0.0018870830535888672
63685,normal,1970,0,1782359128.2880378,0.0019178390502929688
63686,normal,996,2,1782359128.290185,0.002147197723388672
63687,normal,411,0,1782359128.2921257,0.0019407272338867188
63688,normal,1749,0,1782359128.2941194,0.0019936561584472656
63689,normal,3060,1,1782359128.296123,0.0020036697387695312
63690,normal,368,0,1782359128.2981215,0.001998424530029297
63691,normal,1807,0,1782359128.3000412,0.0019197463989257812
63692,normal,1379,1,1782359128.302179,0.002137899398803711
63693,normal,2959,0,1782359128.3040977,0.0019185543060302734
63694,normal,1445,0,1782359128.306035,0.0019373893737792969
63695,normal,451,0,1782359128.3081682,0.0021331310272216797
63696,normal,1058,0,1782359128.3101084,0.0019402503967285156
63697,normal,1421,0,1782359128.3121197,0.0020112991333007812
63698,normal,32,0,1782359128.3141217,0.0020020008087158203
63699,normal,2958,0,1782359128.3161225,0.0020008087158203125
63700,normal,1835,0,1782359128.318204,0.0020813941955566406
63701,normal,3017,0,1782359128.3201833,0.001979351043701172
63702,normal,3686,0,1782359128.3222413,0.0020580291748046875
63703,normal,3435,0,1782359128.3241394,0.001898050308227539
63704,normal,3297,1,1782359128.3262405,0.0021011829376220703
63705,normal,1284,0,1782359128.3282754,0.002034902572631836
63706,normal,2898,0,1782359128.3301215,0.0018460750579833984
63707,normal,2742,0,1782359128.3322773,0.002155780792236328
63708,normal,1488,0,1782359128.334364,0.002086639404296875
63709,normal,389,0,1782359128.3360615,0.001697540283203125
63710,normal,1472,0,1782359128.33834,0.002278566360473633
63711,normal,1167,0,1782359128.340274,0.001934051513671875
63712,normal,1582,0,1782359128.3421152,0.0018410682678222656
63713,normal,3103,1,1782359128.3442533,0.0021381378173828125
63714,normal,1840,0,1782359128.3462696,0.002016305923461914
63715,normal,3238,1,1782359128.348141,0.001871347427368164
63716,normal,1877,0,1782359128.350102,0.0019609928131103516
63717,normal,374,0,1782359128.3521826,0.002080678939819336
63718,normal,2207,0,1782359128.3540962,0.0019135475158691406
63719,normal,3650,0,1782359128.3561463,0.002050161361694336
63720,normal,2458,0,1782359128.3581598,0.0020134449005126953
63721,normal,2038,0,1782359128.3600821,0.0019223690032958984
63722,normal,298,0,1782359128.362147,0.002064943313598633
63723,normal,1914,0,1782359128.3641584,0.0020112991333007812
63724,normal,2389,0,1782359128.3661,0.001941680908203125
63725,normal,3324,1,1782359128.3681874,0.0020873546600341797
63726,normal,3607,0,1782359128.3702264,0.0020389556884765625
63727,normal,428,0,1782359128.3720539,0.0018274784088134766
63728,normal,1078,0,1782359128.3742697,0.002215862274169922
63729,normal,741,0,1782359128.3763266,0.0020568370819091797
63730,normal,393,0,1782359128.3781354,0.0018088817596435547
63731,normal,936,2,1782359128.3802974,0.0021619796752929688
63732,normal,1465,0,1782359128.3823342,0.0020368099212646484
63733,normal,2680,0,1782359128.3841488,0.0018146038055419922
63734,normal,3394,1,1782359128.3862958,0.0021469593048095703
63735,normal,2543,0,1782359128.388309,0.0020132064819335938
63736,normal,2646,0,1782359128.3901358,0.0018267631530761719
63737,normal,776,2,1782359128.392327,0.002191305160522461
63738,normal,592,0,1782359128.3943207,0.0019936561584472656
63739,normal,3323,1,1782359128.3961482,0.0018274784088134766
63740,normal,2836,0,1782359128.3981621,0.0020139217376708984
63741,normal,2002,0,1782359128.4003441,0.0021820068359375
63742,normal,2694,0,1782359128.4021163,0.001772165298461914
63743,normal,2061,0,1782359128.4041631,0.002046823501586914
63744,normal,2532,0,1782359128.4063237,0.0021605491638183594
63745,normal,1957,0,1782359128.408135,0.0018112659454345703
63746,normal,1965,0,1782359128.4102962,0.002161264419555664
63747,normal,3493,0,1782359128.4123173,0.0020210742950439453
63748,normal,1125,0,1782359128.414131,0.001813650131225586
63749,normal,1418,0,1782359128.4163547,0.0022237300872802734
63750,normal,3001,0,1782359128.4182699,0.0019152164459228516
63751,normal,922,2,1782359128.4201622,0.0018923282623291016
63752,normal,573,0,1782359128.422309,0.0021467208862304688
63753,normal,1263,0,1782359128.4243286,0.002019643783569336
63754,normal,2513,0,1782359128.4261458,0.0018172264099121094
63755,normal,262,0,1782359128.428317,0.0021712779998779297
63756,normal,2605,0,1782359128.430295,0.0019779205322265625
63757,normal,2515,0,1782359128.432162,0.001867055892944336
63758,normal,3551,0,1782359128.4344032,0.0022411346435546875
63759,normal,3519,0,1782359128.4361393,0.0017361640930175781
63760,normal,1514,0,1782359128.4383702,0.0022308826446533203
63761,normal,987,2,1782359128.440341,0.0019707679748535156
63762,normal,2099,0,1782359128.4424105,0.0020694732666015625
63763,normal,2028,0,1782359128.444177,0.0017664432525634766
63764,normal,1873,0,1782359128.4465253,0.0023484230041503906
63765,normal,290,0,1782359128.4482737,0.0017483234405517578
63766,normal,1624,0,1782359128.4501586,0.0018849372863769531
63767,normal,2626,0,1782359128.4521582,0.0019996166229248047
63768,normal,31,0,1782359128.4545038,0.002345561981201172
63769,normal,2493,0,1782359128.4561276,0.0016238689422607422
63770,normal,1369,1,1782359128.458328,0.0022003650665283203
63771,normal,171,0,1782359128.4603336,0.0020055770874023438
63772,normal,947,2,1782359128.4621527,0.0018191337585449219
63773,normal,1194,0,1782359128.4641638,0.0020110607147216797
63774,normal,1366,1,1782359128.4663363,0.0021724700927734375
63775,normal,468,0,1782359128.4681478,0.0018115043640136719
63776,normal,807,2,1782359128.4702952,0.0021474361419677734
63777,normal,2353,0,1782359128.4723117,0.0020165443420410156
63778,normal,796,2,1782359128.4741461,0.0018343925476074219
63779,normal,863,2,1782359128.4763262,0.0021800994873046875
63780,normal,1175,0,1782359128.4783487,0.0020225048065185547
63781,normal,2340,0,1782359128.480149,0.0018002986907958984
63782,normal,755,0,1782359128.482295,0.002146005630493164
63783,normal,3537,0,1782359128.4843342,0.002039194107055664
63784,normal,1021,2,1782359128.4861414,0.0018072128295898438
63785,normal,557,0,1782359128.4881644,0.002022981643676758
63786,normal,148,0,1782359128.4903069,0.0021424293518066406
63787,normal,2303,0,1782359128.4921434,0.001836538314819336
63788,normal,974,2,1782359128.4943259,0.002182483673095703
63789,normal,491,0,1782359128.4963286,0.002002716064453125
63790,normal,584,0,1782359128.4981608,0.0018322467803955078
63791,normal,2290,0,1782359128.5001616,0.0020008087158203125
63792,normal,3160,1,1782359128.5023015,0.0021398067474365234
63793,normal,1989,0,1782359128.5041306,0.0018291473388671875
63794,normal,1154,0,1782359128.506293,0.002162456512451172
63795,normal,3684,0,1782359128.5083606,0.00206756591796875
63796,normal,1800,0,1782359128.5102575,0.0018968582153320312
63797,normal,3535,0,1782359128.512146,0.0018885135650634766
63798,normal,1907,0,1782359128.5143278,0.0021817684173583984
63799,normal,2547,0,1782359128.5161297,0.0018019676208496094
63800,normal,2521,0,1782359128.5183077,0.0021779537200927734
63801,normal,2700,0,1782359128.5203245,0.002016782760620117
63802,normal,1977,0,1782359128.5221329,0.0018084049224853516
63803,normal,719,0,1782359128.5242906,0.0021576881408691406
63804,normal,3651,0,1782359128.5263262,0.0020356178283691406
63805,normal,206,0,1782359128.528144,0.0018177032470703125
63806,normal,3123,1,1782359128.5302963,0.0021524429321289062
63807,normal,2485,0,1782359128.5323348,0.0020384788513183594
63808,normal,2271,0,1782359128.5341454,0.0018105506896972656
63809,normal,954,2,1782359128.5363026,0.0021572113037109375
63810,normal,3227,1,1782359128.5383327,0.0020301342010498047
63811,normal,1689,0,1782359128.5401251,0.0017924308776855469
63812,normal,3687,0,1782359128.542293,0.002167940139770508
63813,normal,691,0,1782359128.5443053,0.0020122528076171875
63814,normal,2060,0,1782359128.5461473,0.0018420219421386719
63815,normal,3672,0,1782359128.5482693,0.0021219253540039062
63816,normal,3336,1,1782359128.5502822,0.002012968063354492
63817,normal,1918,0,1782359128.5521257,0.0018434524536132812
63818,normal,3428,0,1782359128.5542905,0.0021648406982421875
63819,normal,173,0,1782359128.5562754,0.001984834671020508
63820,normal,3432,0,1782359128.5581408,0.001865386962890625
63821,normal,267,0,1782359128.5602977,0.002156972885131836
63822,normal,1527,0,1782359128.5622697,0.0019719600677490234
63823,normal,722,0,1782359128.5641372,0.001867532730102539
63824,normal,2777,0,1782359128.566298,0.002160787582397461
63825,normal,2450,0,1782359128.568248,0.0019500255584716797
63826,normal,1996,0,1782359128.570144,0.001895904541015625
63827,normal,939,2,1782359128.5722773,0.0021333694458007812
63828,normal,114,0,1782359128.5743294,0.0020520687103271484
63829,normal,3398,1,1782359128.5761266,0.0017971992492675781
63830,normal,1552,0,1782359128.5783613,0.0022346973419189453
63831,normal,3098,1,1782359128.580907,0.0025458335876464844
63832,normal,1458,0,1782359128.5821636,0.0012564659118652344
63833,normal,2804,0,1782359128.5843434,0.002179861068725586
63834,normal,2986,0,1782359128.5861628,0.0018193721771240234
63835,normal,1391,0,1782359128.588198,0.0020351409912109375
63836,normal,1955,0,1782359128.5901072,0.0019092559814453125
63837,normal,3002,0,1782359128.5921438,0.002036571502685547
63838,normal,2925,0,1782359128.5943005,0.0021567344665527344
63839,normal,422,0,1782359128.5961897,0.0018892288208007812
63840,normal,693,0,1782359128.59851,0.0023202896118164062
63841,normal,2185,0,1782359128.6001308,0.0016207695007324219
63842,normal,1230,0,1782359128.6024654,0.0023345947265625
63843,normal,696,0,1782359128.604227,0.0017616748809814453
63844,normal,2265,0,1782359128.6063223,0.0020952224731445312
63845,normal,71,0,1782359128.608449,0.0021266937255859375
63846,normal,3674,0,1782359128.610195,0.0017459392547607422
63847,normal,2074,0,1782359128.6121511,0.0019562244415283203
63848,normal,2215,0,1782359128.6144452,0.0022940635681152344
63849,normal,339,0,1782359128.616316,0.001870870590209961
63850,normal,3329,1,1782359128.6182935,0.0019774436950683594
63851,normal,1160,0,1782359128.6203,0.00200653076171875
63852,normal,1597,0,1782359128.6224322,0.0021321773529052734
63853,normal,2794,0,1782359128.6242545,0.0018222332000732422
63854,normal,3638,0,1782359128.6261628,0.0019083023071289062
63855,normal,1286,0,1782359128.6283808,0.002218008041381836
63856,normal,376,0,1782359128.6301289,0.0017480850219726562
63857,normal,1380,1,1782359128.6321294,0.002000570297241211
63858,normal,729,0,1782359128.6344023,0.0022728443145751953
63859,normal,2487,0,1782359128.6361291,0.0017268657684326172
63860,normal,1703,0,1782359128.6382134,0.0020842552185058594
63861,normal,1536,0,1782359128.6402838,0.0020704269409179688
63862,normal,2410,0,1782359128.6421003,0.0018165111541748047
63863,normal,2276,0,1782359128.6440954,0.001995086669921875
63864,normal,2774,0,1782359128.646165,0.0020694732666015625
63865,normal,170,0,1782359128.6481357,0.0019707679748535156
63866,normal,306,0,1782359128.6501255,0.0019898414611816406
63867,normal,229,0,1782359128.6521316,0.002006053924560547
63868,normal,21,0,1782359128.6541142,0.0019826889038085938
63869,normal,473,0,1782359128.6561053,0.0019910335540771484
63870,normal,1478,0,1782359128.658143,0.0020377635955810547
63871,normal,973,2,1782359128.660139,0.0019960403442382812
63872,normal,3671,0,1782359128.6621566,0.002017498016357422
63873,normal,1483,0,1782359128.6641483,0.001991748809814453
63874,normal,1706,0,1782359128.6661346,0.001986265182495117
63875,normal,2418,0,1782359128.6681585,0.002023935317993164
63876,normal,958,2,1782359128.6701522,0.0019936561584472656
63877,normal,1656,0,1782359128.6721373,0.0019850730895996094
63878,normal,183,0,1782359128.674164,0.002026796340942383
63879,normal,3209,1,1782359128.6761484,0.0019843578338623047
63880,normal,1069,0,1782359128.678137,0.001988649368286133
63881,normal,1947,0,1782359128.680125,0.001987934112548828
63882,normal,2152,0,1782359128.6821697,0.002044677734375
63883,normal,1619,0,1782359128.6841075,0.0019378662109375
63884,normal,3302,1,1782359128.686132,0.002024412155151367
63885,normal,1427,0,1782359128.6881502,0.0020182132720947266
63886,normal,702,0,1782359128.6901433,0.0019931793212890625
63887,normal,1826,0,1782359128.6921346,0.00199127197265625
63888,normal,3456,0,1782359128.6941519,0.0020172595977783203
63889,normal,3264,1,1782359128.6961436,0.001991748809814453
63890,normal,2849,0,1782359128.6981516,0.0020079612731933594
63891,normal,1813,0,1782359128.700147,0.0019953250885009766
63892,normal,3191,1,1782359128.7021344,0.001987457275390625
63893,normal,1137,0,1782359128.7041318,0.0019974708557128906
63894,normal,2971,0,1782359128.7061446,0.0020127296447753906
63895,normal,3082,1,1782359128.7081385,0.001993894577026367
63896,normal,3373,1,1782359128.710114,0.001975536346435547
63897,normal,2234,0,1782359128.712159,0.0020449161529541016
63898,normal,2606,0,1782359128.7141078,0.0019488334655761719
63899,normal,2711,0,1782359128.7161336,0.0020258426666259766
63900,normal,593,0,1782359128.7181697,0.0020360946655273438
63901,normal,1425,0,1782359128.7201324,0.0019626617431640625
63902,normal,215,0,1782359128.7220974,0.001965045928955078
63903,normal,1353,1,1782359128.7241483,0.0020508766174316406
63904,normal,1693,0,1782359128.7261403,0.0019919872283935547
63905,normal,2381,0,1782359128.7281241,0.0019838809967041016
63906,normal,700,0,1782359128.730144,0.0020198822021484375
63907,normal,3531,0,1782359128.7321222,0.001978158950805664
63908,normal,2086,0,1782359128.7341595,0.0020372867584228516
63909,normal,1515,0,1782359128.7361457,0.001986265182495117
63910,normal,864,2,1782359128.7381244,0.001978635787963867
63911,normal,2840,0,1782359128.7401147,0.0019903182983398438
63912,normal,2444,0,1782359128.7421465,0.0020318031311035156
63913,normal,3055,1,1782359128.744135,0.0019884109497070312
63914,normal,2665,0,1782359128.7461305,0.001995563507080078
63915,normal,1439,0,1782359128.7481573,0.002026796340942383
63916,normal,2307,0,1782359128.750108,0.0019507408142089844
63917,normal,266,0,1782359128.7521229,0.0020148754119873047
63918,normal,1110,0,1782359128.7541738,0.0020508766174316406
63919,normal,1461,0,1782359128.7561119,0.0019381046295166016
63920,normal,1573,0,1782359128.7581117,0.0019998550415039062
63921,normal,2125,0,1782359128.7601485,0.0020368099212646484
63922,normal,1382,0,1782359128.7621086,0.0019600391387939453
63923,normal,1474,0,1782359128.764135,0.0020263195037841797
63924,normal,3338,1,1782359128.7661407,0.0020058155059814453
63925,normal,279,0,1782359128.7680871,0.0019464492797851562
63926,normal,791,2,1782359128.7701008,0.002013683319091797
63927,normal,1537,0,1782359128.772141,0.0020401477813720703
63928,normal,1856,0,1782359128.7740953,0.001954317092895508
63929,normal,1228,0,1782359128.7761364,0.0020411014556884766
63930,normal,1456,0,1782359128.7781396,0.002003192901611328
63931,normal,253,0,1782359128.7801013,0.0019617080688476562
63932,normal,3277,1,1782359128.7821252,0.002023935317993164
63933,normal,3709,0,1782359128.7841442,0.0020189285278320312
63934,normal,1852,0,1782359128.7861235,0.001979351043701172
63935,normal,644,0,1782359128.7881176,0.0019941329956054688
63936,normal,1936,0,1782359128.790153,0.002035379409790039
63937,normal,2104,0,1782359128.7921271,0.0019741058349609375
63938,normal,19,0,1782359128.794117,0.0019898414611816406
63939,normal,3003,0,1782359128.7961516,0.0020346641540527344
63940,normal,2845,0,1782359128.7981255,0.001973867416381836
63941,normal,2838,0,1782359128.800142,0.0020165443420410156
63942,normal,2770,0,1782359128.802262,0.0021200180053710938
63943,normal,1648,0,1782359128.8041089,0.0018467903137207031
63944,normal,1042,0,1782359128.8062873,0.0021784305572509766
63945,normal,3552,0,1782359128.8082652,0.0019779205322265625
63946,normal,483,0,1782359128.8101158,0.0018506050109863281
63947,normal,3470,0,1782359128.812261,0.0021452903747558594
63948,normal,390,0,1782359128.814264,0.0020029544830322266
63949,normal,1447,0,1782359128.8161147,0.0018506050109863281
63950,normal,3376,1,1782359128.8182583,0.0021436214447021484
63951,normal,3441,0,1782359128.8202584,0.002000093460083008
63952,normal,319,0,1782359128.8221529,0.0018944740295410156
63953,normal,3261,1,1782359128.8241482,0.0019953250885009766
63954,normal,942,2,1782359128.8261392,0.0019910335540771484
63955,normal,2843,0,1782359128.828089,0.0019497871398925781
63956,normal,1972,0,1782359128.8300965,0.0020074844360351562
63957,normal,1135,0,1782359128.832153,0.002056598663330078
63958,normal,429,0,1782359128.8340838,0.0019307136535644531
63959,normal,1922,0,1782359128.836086,0.002002239227294922
63960,normal,1029,2,1782359128.8381479,0.0020618438720703125
63961,normal,884,2,1782359128.840085,0.0019371509552001953
63962,normal,3031,0,1782359128.842081,0.0019960403442382812
63963,normal,2252,0,1782359128.8441432,0.002062082290649414
63964,normal,405,0,1782359128.8460855,0.0019423961639404297
63965,normal,2682,0,1782359128.848228,0.0021424293518066406
63966,normal,3093,1,1782359128.85028,0.0020520687103271484
63967,normal,2880,0,1782359128.8521173,0.0018372535705566406
63968,normal,3631,0,1782359128.8542564,0.0021390914916992188
63969,normal,3626,0,1782359128.85634,0.0020835399627685547
63970,normal,1184,0,1782359128.858224,0.0018839836120605469
63971,normal,2211,0,1782359128.8601522,0.0019283294677734375
63972,normal,1077,0,1782359128.8622606,0.002108335494995117
63973,normal,1011,2,1782359128.8641207,0.0018601417541503906
63974,normal,3561,0,1782359128.8661432,0.0020225048065185547
63975,normal,1535,0,1782359128.8681524,0.002009153366088867
63976,normal,275,0,1782359128.870091,0.0019385814666748047
63977,normal,2848,0,1782359128.8722372,0.0021462440490722656
63978,normal,3573,0,1782359128.8742588,0.0020215511322021484
63979,normal,493,0,1782359128.8761296,0.001870870590209961
63980,normal,679,0,1782359128.8782575,0.0021278858184814453
63981,normal,2762,0,1782359128.8802557,0.0019981861114501953
63982,normal,2872,0,1782359128.8821008,0.0018451213836669922
63983,normal,1453,0,1782359128.8840857,0.001984834671020508
63984,normal,307,0,1782359128.8861294,0.0020437240600585938
63985,normal,2808,0,1782359128.8880866,0.0019571781158447266
63986,normal,2831,0,1782359128.8902283,0.002141714096069336
63987,normal,2291,0,1782359128.8922584,0.0020301342010498047
63988,normal,3619,0,1782359128.8941133,0.0018548965454101562
63989,normal,2474,0,1782359128.8962564,0.0021431446075439453
63990,normal,1146,0,1782359128.898333,0.0020766258239746094
63991,normal,3243,1,1782359128.900114,0.0017809867858886719
63992,normal,3543,0,1782359128.9022577,0.0021436214447021484
63993,normal,3506,0,1782359128.9042573,0.0019996166229248047
63994,normal,42,0,1782359128.9061124,0.0018551349639892578
63995,normal,946,2,1782359128.9082694,0.002156972885131836
63996,normal,1325,1,1782359128.9102628,0.001993417739868164
63997,normal,3668,0,1782359128.912137,0.0018742084503173828
63998,normal,1903,0,1782359128.9142532,0.0021162033081054688
63999,normal,1098,0,1782359128.9162583,0.0020051002502441406
64000,normal,2622,0,1782359128.918116,0.001857757568359375
64001,normal,2088,0,1782359128.9202566,0.002140522003173828
64002,normal,2533,0,1782359128.9223518,0.0020952224731445312
64003,normal,141,0,1782359128.924113,0.0017611980438232422
64004,normal,3578,0,1782359128.926257,0.00214385986328125
64005,normal,683,0,1782359128.928253,0.0019960403442382812
64006,normal,1031,0,1782359128.9300945,0.0018415451049804688
64007,normal,2949,0,1782359128.9322562,0.002161741256713867
64008,normal,1956,0,1782359128.9342651,0.0020089149475097656
64009,normal,3496,0,1782359128.9361162,0.0018510818481445312
64010,normal,1748,0,1782359128.93826,0.00214385986328125
64011,normal,2996,0,1782359128.9403408,0.002080678939819336
64012,normal,2537,0,1782359128.9422212,0.0018804073333740234
64013,normal,2934,0,1782359128.944151,0.0019297599792480469
64014,normal,1115,0,1782359128.9462712,0.0021202564239501953
64015,normal,1038,0,1782359128.9481494,0.0018782615661621094
64016,normal,2627,0,1782359128.9501424,0.001992940902709961
64017,normal,1700,0,1782359128.9521453,0.0020029544830322266
64018,normal,1745,0,1782359128.9540882,0.0019428730010986328
64019,normal,1618,0,1782359128.9560878,0.0019996166229248047
64020,normal,2617,0,1782359128.9581387,0.0020508766174316406
64021,normal,1799,0,1782359128.9600854,0.0019466876983642578
64022,normal,2832,0,1782359128.962086,0.002000570297241211
64023,normal,2166,0,1782359128.9641356,0.002049684524536133
64024,normal,359,0,1782359128.9660838,0.0019481182098388672
64025,normal,3620,0,1782359128.9680884,0.0020046234130859375
64026,normal,742,0,1782359128.970259,0.002170562744140625
64027,normal,3208,1,1782359128.9721816,0.001922607421875
64028,normal,854,2,1782359128.9742603,0.0020787715911865234
64029,normal,1691,0,1782359128.9762495,0.001989126205444336
64030,normal,3117,1,1782359128.9780898,0.001840353012084961
64031,normal,793,2,1782359128.9802432,0.0021533966064453125
64032,normal,3360,1,1782359128.98226,0.002016782760620117
64033,normal,1370,1,1782359128.984121,0.0018610954284667969
64034,normal,49,0,1782359128.9862702,0.0021491050720214844
64035,normal,631,0,1782359128.9883375,0.0020673274993896484
64036,normal,2638,0,1782359128.9902253,0.0018877983093261719
64037,normal,990,2,1782359128.9921505,0.0019252300262451172
64038,normal,938,2,1782359128.9942746,0.0021240711212158203
64039,normal,181,0,1782359128.9961166,0.0018420219421386719
64040,normal,3429,0,1782359128.9982572,0.002140522003173828
64041,normal,1898,0,1782359129.0002673,0.0020101070404052734
64042,normal,1436,0,1782359129.002149,0.0018818378448486328
64043,normal,2780,0,1782359129.0040896,0.0019404888153076172
64044,normal,2928,0,1782359129.0061393,0.002049684524536133
64045,normal,2827,0,1782359129.0080855,0.0019462108612060547
64046,normal,3110,1,1782359129.0100813,0.0019958019256591797
64047,normal,1605,0,1782359129.0121386,0.002057313919067383
64048,normal,1036,0,1782359129.0141022,0.0019636154174804688
64049,normal,3104,1,1782359129.0161057,0.0020034313201904297
64050,normal,701,0,1782359129.0182981,0.0021924972534179688
64051,normal,2893,0,1782359129.0201583,0.0018601417541503906
64052,normal,2297,0,1782359129.0221665,0.002008199691772461
64053,normal,3701,0,1782359129.02417,0.0020034313201904297
64054,normal,3073,1,1782359129.0260992,0.0019292831420898438
64055,normal,1429,0,1782359129.028103,0.002003908157348633
64056,normal,188,0,1782359129.0302835,0.002180337905883789
64057,normal,1327,1,1782359129.0321343,0.0018508434295654297
64058,normal,761,0,1782359129.0342436,0.0021092891693115234
64059,normal,1001,2,1782359129.0362997,0.002056121826171875
64060,normal,236,0,1782359129.0381553,0.001855611801147461
64061,normal,2000,0,1782359129.0401013,0.0019459724426269531
64062,normal,2070,0,1782359129.0421584,0.0020570755004882812
64063,normal,269,0,1782359129.0441034,0.0019450187683105469
64064,normal,2334,0,1782359129.0462472,0.00214385986328125
64065,normal,3153,1,1782359129.0482867,0.0020394325256347656
64066,normal,1831,0,1782359129.050137,0.0018503665924072266
64067,normal,1775,0,1782359129.0522819,0.0021448135375976562
64068,normal,2267,0,1782359129.054268,0.0019860267639160156
64069,normal,3218,1,1782359129.056109,0.0018410682678222656
64070,normal,1438,0,1782359129.058143,0.0020339488983154297
64071,normal,1054,0,1782359129.0602863,0.002143383026123047
64072,normal,2007,0,1782359129.0622437,0.001957416534423828
64073,normal,779,2,1782359129.064178,0.0019342899322509766
64074,normal,2001,0,1782359129.0662823,0.0021042823791503906
64075,normal,1707,0,1782359129.068134,0.001851797103881836
64076,normal,2374,0,1782359129.0702782,0.0021440982818603516
64077,normal,3621,0,1782359129.072271,0.001992940902709961
64078,normal,1817,0,1782359129.0740957,0.0018246173858642578
64079,normal,647,0,1782359129.0761054,0.0020096302032470703
64080,normal,3180,1,1782359129.078284,0.002178668975830078
64081,normal,1983,0,1782359129.080137,0.0018529891967773438
64082,normal,1978,0,1782359129.082281,0.0021440982818603516
64083,normal,1717,0,1782359129.0842783,0.001997232437133789
64084,normal,3451,0,1782359129.0862243,0.0019459724426269531
64085,normal,3598,0,1782359129.0882845,0.0020601749420166016
64086,normal,3380,1,1782359129.090267,0.001982450485229492
64087,normal,2201,0,1782359129.0921044,0.0018374919891357422
64088,normal,1846,0,1782359129.0942442,0.0021398067474365234
64089,normal,196,0,1782359129.0962725,0.002028226852416992
64090,normal,1997,0,1782359129.0981321,0.0018596649169921875
64091,normal,3322,1,1782359129.1002939,0.002161741256713867
64092,normal,2385,0,1782359129.102365,0.0020711421966552734
64093,normal,1923,0,1782359129.1042418,0.0018768310546875
64094,normal,3700,0,1782359129.1062253,0.0019834041595458984
64095,normal,3482,0,1782359129.1081636,0.0019383430480957031
64096,normal,221,0,1782359129.1101012,0.0019376277923583984
64097,normal,3212,1,1782359129.1121285,0.002027273178100586
64098,normal,855,2,1782359129.1142974,0.002168893814086914
64099,normal,2507,0,1782359129.1161299,0.0018324851989746094
64100,normal,103,0,1782359129.1182804,0.0021505355834960938
64101,normal,458,0,1782359129.120366,0.0020856857299804688
64102,normal,1250,0,1782359129.1221569,0.001790761947631836
64103,normal,2588,0,1782359129.124161,0.0020041465759277344
64104,normal,3371,1,1782359129.126152,0.0019910335540771484
64105,normal,3485,0,1782359129.1281006,0.0019485950469970703
64106,normal,15,0,1782359129.130245,0.002144336700439453
64107,normal,1982,0,1782359129.1322813,0.0020363330841064453
64108,normal,3404,0,1782359129.1341324,0.0018510818481445312
64109,normal,357,0,1782359129.1362796,0.002147197723388672
64110,normal,1675,0,1782359129.1382608,0.0019812583923339844
64111,normal,1367,1,1782359129.1401017,0.001840829849243164
64112,normal,903,2,1782359129.1422606,0.0021588802337646484
64113,normal,2737,0,1782359129.1443667,0.002106189727783203
64114,normal,1070,0,1782359129.1462502,0.0018835067749023438
64115,normal,2645,0,1782359129.148173,0.0019228458404541016
64116,normal,1151,0,1782359129.150285,0.0021119117736816406
64117,normal,3662,0,1782359129.1521313,0.0018463134765625
64118,normal,612,0,1782359129.154281,0.0021495819091796875
64119,normal,96,0,1782359129.1562614,0.0019805431365966797
64120,normal,2595,0,1782359129.1581016,0.0018401145935058594
64121,normal,1178,0,1782359129.1601026,0.002001047134399414
64122,normal,787,2,1782359129.1621504,0.0020477771759033203
64123,normal,1223,0,1782359129.1641018,0.001951456069946289
64124,normal,2218,0,1782359129.1660974,0.001995563507080078
64125,normal,723,0,1782359129.1681492,0.002051830291748047
64126,normal,2489,0,1782359129.1701043,0.0019550323486328125
64127,normal,2797,0,1782359129.1722476,0.002143383026123047
64128,normal,3514,0,1782359129.1742857,0.0020380020141601562
64129,normal,2523,0,1782359129.1761072,0.0018215179443359375
64130,normal,658,0,1782359129.1782668,0.002159595489501953
64131,normal,2197,0,1782359129.1807737,0.0025069713592529297
64132,normal,535,0,1782359129.182126,0.0013523101806640625
64133,normal,2110,0,1782359129.1843357,0.0022096633911132812
64134,normal,1350,1,1782359129.186169,0.001833200454711914
64135,normal,2730,0,1782359129.1882226,0.0020537376403808594
64136,normal,240,0,1782359129.1902184,0.0019958019256591797
64137,normal,2157,0,1782359129.1921372,0.001918792724609375
64138,normal,5,0,1782359129.194239,0.0021016597747802734
64139,normal,1122,0,1782359129.1961806,0.001941680908203125
64140,normal,1986,0,1782359129.1982985,0.0021178722381591797
64141,normal,1393,0,1782359129.2001305,0.0018320083618164062
64142,normal,288,0,1782359129.2023473,0.002216815948486328
64143,normal,2281,0,1782359129.2042038,0.0018565654754638672
64144,normal,2289,0,1782359129.2061074,0.001903533935546875
64145,normal,3096,1,1782359129.2082727,0.0021653175354003906
64146,normal,1032,0,1782359129.2102835,0.002010822296142578
64147,normal,3285,1,1782359129.212133,0.0018494129180908203
64148,normal,2601,0,1782359129.2142792,0.0021462440490722656
64149,normal,806,2,1782359129.2162023,0.0019230842590332031
64150,normal,3379,1,1782359129.2182407,0.0020384788513183594
64151,normal,1595,0,1782359129.2201796,0.0019388198852539062
64152,normal,875,2,1782359129.2222826,0.002103090286254883
64153,normal,2573,0,1782359129.2241251,0.001842498779296875
64154,normal,3550,0,1782359129.2261734,0.0020482540130615234
64155,normal,1185,0,1782359129.2283049,0.0021314620971679688
64156,normal,2891,0,1782359129.230133,0.0018281936645507812
64157,normal,2787,0,1782359129.2322798,0.0021467208862304688
64158,normal,1092,0,1782359129.2342856,0.0020058155059814453
64159,normal,2209,0,1782359129.2361262,0.0018405914306640625
64160,normal,3450,0,1782359129.2382782,0.002151966094970703
64161,normal,111,0,1782359129.2402756,0.0019974708557128906
64162,normal,39,0,1782359129.2420855,0.001809835433959961
64163,normal,1413,0,1782359129.2441542,0.002068758010864258
64164,normal,427,0,1782359129.2461376,0.0019834041595458984
64165,normal,1336,1,1782359129.24809,0.0019524097442626953
64166,normal,1805,0,1782359129.2501476,0.0020575523376464844
64167,normal,1188,0,1782359129.252179,0.0020313262939453125
64168,normal,1279,0,1782359129.2542565,0.0020775794982910156
64169,normal,3678,0,1782359129.2561858,0.0019292831420898438
64170,normal,2241,0,1782359129.258181,0.0019953250885009766
64171,normal,750,0,1782359129.2601087,0.0019276142120361328
64172,normal,3210,1,1782359129.2620897,0.001981019973754883
64173,normal,1017,2,1782359129.26418,0.0020902156829833984
64174,normal,769,0,1782359129.266096,0.0019161701202392578
64175,normal,2586,0,1782359129.2681482,0.0020520687103271484
64176,normal,2852,0,1782359129.2701921,0.0020439624786376953
64177,normal,3152,1,1782359129.2721097,0.0019176006317138672
64178,normal,983,2,1782359129.2740848,0.0019750595092773438
64179,normal,709,0,1782359129.2761412,0.0020563602447509766
64180,normal,419,0,1782359129.2780983,0.0019571781158447266
64181,normal,2400,0,1782359129.280092,0.0019936561584472656
64182,normal,628,0,1782359129.2821422,0.002050161361694336
64183,normal,2975,0,1782359129.2841215,0.001979351043701172
64184,normal,1484,0,1782359129.2862413,0.002119779586791992
64185,normal,355,0,1782359129.2882843,0.002043008804321289
64186,normal,1088,0,1782359129.2900834,0.0017991065979003906
64187,normal,2011,0,1782359129.292089,0.0020055770874023438
64188,normal,1498,0,1782359129.294184,0.0020949840545654297
64189,normal,345,0,1782359129.2960916,0.0019075870513916016
64190,normal,2800,0,1782359129.2981038,0.0020122528076171875
64191,normal,1650,0,1782359129.300149,0.002045154571533203
64192,normal,1715,0,1782359129.3022654,0.0021164417266845703
64193,normal,3698,0,1782359129.3042173,0.0019519329071044922
64194,normal,2344,0,1782359129.3061788,0.0019614696502685547
64195,normal,3629,0,1782359129.3081021,0.0019233226776123047
64196,normal,1048,0,1782359129.3100944,0.0019922256469726562
64197,normal,317,0,1782359129.312177,0.0020825862884521484
64198,normal,554,0,1782359129.3140893,0.0019123554229736328
64199,normal,2506,0,1782359129.31617,0.002080678939819336
64200,normal,916,2,1782359129.3182826,0.0021126270294189453
64201,normal,1653,0,1782359129.320133,0.0018503665924072266
64202,normal,3515,0,1782359129.3221529,0.0020198822021484375
64203,normal,914,2,1782359129.324164,0.0020110607147216797
64204,normal,1694,0,1782359129.3262544,0.0020904541015625
64205,normal,3486,0,1782359129.3281739,0.0019195079803466797
64206,normal,1931,0,1782359129.3302982,0.002124309539794922
64207,normal,2984,0,1782359129.332273,0.001974821090698242
64208,normal,1555,0,1782359129.3342888,0.002015829086303711
64209,normal,2331,0,1782359129.336287,0.0019981861114501953
64210,normal,678,0,1782359129.3380897,0.001802682876586914
64211,normal,380,0,1782359129.3401587,0.0020689964294433594
64212,normal,1389,0,1782359129.3422868,0.002128124237060547
64213,normal,3115,1,1782359129.344129,0.0018422603607177734
64214,normal,2584,0,1782359129.346278,0.002148866653442383
64215,normal,1039,0,1782359129.3483477,0.002069711685180664
64216,normal,2413,0,1782359129.3513682,0.0030205249786376953
64217,normal,979,2,1782359129.352209,0.0008409023284912109
64218,normal,126,0,1782359129.354409,0.002199888229370117
64219,normal,2988,0,1782359129.3561223,0.0017132759094238281
64220,normal,2203,0,1782359129.358315,0.0021927356719970703
64221,normal,572,0,1782359129.3602924,0.0019774436950683594
64222,normal,322,0,1782359129.362138,0.0018455982208251953
64223,normal,3560,0,1782359129.3642924,0.0021543502807617188
64224,normal,2578,0,1782359129.3663018,0.0020093917846679688
64225,normal,2812,0,1782359129.3681533,0.0018515586853027344
64226,normal,2675,0,1782359129.3702738,0.002120494842529297
64227,normal,2451,0,1782359129.3722503,0.001976490020751953
64228,normal,410,0,1782359129.374284,0.002033710479736328
64229,normal,2850,0,1782359129.3761935,0.001909494400024414
64230,normal,662,0,1782359129.3782814,0.002087831497192383
64231,normal,3236,1,1782359129.380161,0.0018796920776367188
64232,normal,2810,0,1782359129.3821392,0.001978158950805664
64233,normal,909,2,1782359129.384282,0.0021429061889648438
64234,normal,774,2,1782359129.3861601,0.0018780231475830078
64235,normal,1331,1,1782359129.388217,0.0020568370819091797
64236,normal,2916,0,1782359129.3902705,0.002053499221801758
64237,normal,1633,0,1782359129.3921387,0.0018682479858398438
64238,normal,1361,1,1782359129.394292,0.0021533966064453125
64239,normal,2499,0,1782359129.396276,0.0019838809967041016
64240,normal,1274,0,1782359129.398161,0.0018849372863769531
64241,normal,3303,1,1782359129.40014,0.0019791126251220703
64242,normal,2635,0,1782359129.4022791,0.0021390914916992188
64243,normal,1730,0,1782359129.4041405,0.0018613338470458984
64244,normal,1760,0,1782359129.4062917,0.0021512508392333984
64245,normal,1404,0,1782359129.4083242,0.0020325183868408203
64246,normal,618,0,1782359129.410178,0.0018537044525146484
64247,normal,2191,0,1782359129.4120996,0.0019216537475585938
64248,normal,1913,0,1782359129.4141214,0.00202178955078125
64249,normal,3413,0,1782359129.4160984,0.0019769668579101562
64250,normal,1953,0,1782359129.418168,0.002069711685180664
64251,normal,1276,0,1782359129.4202664,0.0020983219146728516
64252,normal,1291,0,1782359129.4221416,0.001875162124633789
64253,normal,1171,0,1782359129.4242477,0.002106189727783203
64254,normal,3008,0,1782359129.4263086,0.0020608901977539062
64255,normal,2662,0,1782359129.4281492,0.0018405914306640625
64256,normal,2130,0,1782359129.430227,0.002077817916870117
64257,normal,1424,0,1782359129.4322977,0.0020706653594970703
64258,normal,1904,0,1782359129.434181,0.0018832683563232422
64259,normal,2570,0,1782359129.4362338,0.002052783966064453
64260,normal,859,2,1782359129.4382918,0.0020580291748046875
64261,normal,697,0,1782359129.4401546,0.0018627643585205078
64262,normal,1941,0,1782359129.4422648,0.0021102428436279297
64263,normal,2816,0,1782359129.4443738,0.002109050750732422
64264,normal,332,0,1782359129.4460998,0.001725912094116211
64265,normal,1878,0,1782359129.4481971,0.0020973682403564453
64266,normal,737,0,1782359129.450174,0.0019769668579101562
64267,normal,2428,0,1782359129.4520543,0.0018801689147949219
64268,normal,125,0,1782359129.4541912,0.0021369457244873047
64269,normal,3039,0,1782359129.4561996,0.0020084381103515625
64270,normal,2169,0,1782359129.4580636,0.0018639564514160156
64271,normal,3097,1,1782359129.460214,0.002150297164916992
64272,normal,1935,0,1782359129.4621708,0.001956939697265625
64273,normal,3511,0,1782359129.4640565,0.0018856525421142578
64274,normal,1212,0,1782359129.4661982,0.002141714096069336
64275,normal,588,0,1782359129.4681613,0.0019631385803222656
64276,normal,907,2,1782359129.4700587,0.0018973350524902344
64277,normal,3199,1,1782359129.4722774,0.0022187232971191406
64278,normal,2921,0,1782359129.4742107,0.0019333362579345703
64279,normal,786,2,1782359129.4760597,0.0018489360809326172
64280,normal,1164,0,1782359129.4781935,0.0021338462829589844
64281,normal,2259,0,1782359129.4801695,0.00197601318359375
64282,normal,2302,0,1782359129.4821074,0.0019378662109375
64283,normal,2768,0,1782359129.4841156,0.002008199691772461
64284,normal,1094,0,1782359129.4860933,0.001977682113647461
64285,normal,3639,0,1782359129.4880621,0.001968860626220703
64286,normal,2421,0,1782359129.4901161,0.002053976058959961
64287,normal,2741,0,1782359129.4921262,0.0020101070404052734
64288,normal,1412,0,1782359129.4940538,0.0019276142120361328
64289,normal,2556,0,1782359129.4960885,0.0020346641540527344
64290,normal,3068,1,1782359129.4981163,0.002027750015258789
64291,normal,3705,0,1782359129.5000715,0.001955270767211914
64292,normal,2053,0,1782359129.5021632,0.002091646194458008
64293,normal,1333,1,1782359129.5041976,0.002034425735473633
64294,normal,2149,0,1782359129.50606,0.0018622875213623047
64295,normal,1464,0,1782359129.508177,0.002117156982421875
64296,normal,2213,0,1782359129.5101688,0.001991748809814453
64297,normal,2082,0,1782359129.512052,0.0018832683563232422
64298,normal,2817,0,1782359129.5141659,0.002113819122314453
64299,normal,815,2,1782359129.5162802,0.0021142959594726562
64300,normal,772,2,1782359129.5180757,0.0017955303192138672
64301,normal,520,0,1782359129.5201066,0.0020308494567871094
64302,normal,2373,0,1782359129.5221248,0.0020182132720947266
64303,normal,3214,1,1782359129.5240545,0.0019297599792480469
64304,normal,929,2,1782359129.5261295,0.0020749568939208984
64305,normal,579,0,1782359129.528113,0.0019834041595458984
64306,normal,1340,1,1782359129.5300772,0.0019643306732177734
64307,normal,2860,0,1782359129.5320969,0.002019643783569336
64308,normal,1130,0,1782359129.5341384,0.0020415782928466797
64309,normal,2751,0,1782359129.5360827,0.0019443035125732422
64310,normal,862,2,1782359129.5383527,0.0022699832916259766
64311,normal,1658,0,1782359129.540399,0.002046346664428711
64312,normal,249,0,1782359129.542226,0.0018270015716552734
64313,normal,1833,0,1782359129.5443096,0.0020835399627685547
64314,normal,3702,0,1782359129.546265,0.001955270767211914
64315,normal,3344,1,1782359129.548182,0.001917123794555664
64316,normal,655,0,1782359129.550286,0.002104043960571289
64317,normal,2465,0,1782359129.552323,0.00203704833984375
64318,normal,2549,0,1782359129.5541472,0.0018241405487060547
64319,normal,2453,0,1782359129.5561721,0.0020248889923095703
64320,normal,2842,0,1782359129.558308,0.002135753631591797
64321,normal,804,2,1782359129.5601704,0.0018625259399414062
64322,normal,25,0,1782359129.5622892,0.002118825912475586
64323,normal,3298,1,1782359129.5643394,0.002050161361694336
64324,normal,3462,0,1782359129.566134,0.001794576644897461
64325,normal,1357,1,1782359129.568275,0.0021409988403320312
64326,normal,1307,0,1782359129.5701616,0.001886606216430664
64327,normal,79,0,1782359129.5720603,0.0018987655639648438
64328,normal,1816,0,1782359129.574252,0.0021915435791015625
64329,normal,3476,0,1782359129.5761447,0.0018928050994873047
64330,normal,1386,0,1782359129.5780535,0.0019087791442871094
64331,normal,3640,0,1782359129.5802433,0.0021898746490478516
64332,normal,1522,0,1782359129.5822058,0.001962423324584961
64333,normal,2912,0,1782359129.5840793,0.0018734931945800781
64334,normal,1548,0,1782359129.5861027,0.002023458480834961
64335,normal,708,0,1782359129.5880892,0.0019865036010742188
64336,normal,3293,1,1782359129.5900595,0.0019702911376953125
64337,normal,3704,0,1782359129.592134,0.0020744800567626953
64338,normal,934,2,1782359129.5940614,0.0019273757934570312
64339,normal,2430,0,1782359129.596077,0.0020155906677246094
64340,normal,3063,1,1782359129.5981033,0.0020263195037841797
64341,normal,464,0,1782359129.6000881,0.001984834671020508
64342,normal,2557,0,1782359129.602058,0.0019698143005371094
64343,normal,3161,1,1782359129.6041305,0.002072572708129883
64344,normal,426,0,1782359129.6060684,0.0019378662109375
64345,normal,982,2,1782359129.6080697,0.0020012855529785156
64346,normal,2572,0,1782359129.6101143,0.002044677734375
64347,normal,1774,0,1782359129.612085,0.0019707679748535156
64348,normal,3134,1,1782359129.614058,0.0019729137420654297
64349,normal,2184,0,1782359129.6161323,0.0020742416381835938
64350,normal,1116,0,1782359129.6180701,0.0019378662109375
64351,normal,2135,0,1782359129.6200743,0.0020041465759277344
64352,normal,1033,0,1782359129.6220994,0.002025127410888672
64353,normal,1814,0,1782359129.624101,0.002001523971557617
64354,normal,3382,1,1782359129.6260583,0.001957416534423828
64355,normal,715,0,1782359129.6281295,0.0020711421966552734
64356,normal,2360,0,1782359129.6300678,0.0019383430480957031
64357,normal,1365,1,1782359129.6320727,0.002004861831665039
64358,normal,2024,0,1782359129.6341212,0.002048492431640625
64359,normal,2504,0,1782359129.6361122,0.0019910335540771484
64360,normal,2618,0,1782359129.6381047,0.001992464065551758
64361,normal,1549,0,1782359129.6401412,0.002036571502685547
64362,normal,3122,1,1782359129.6421747,0.0020334720611572266
64363,normal,172,0,1782359129.6440964,0.0019216537475585938
64364,normal,58,0,1782359129.6461325,0.0020360946655273438
64365,normal,1408,0,1782359129.6481514,0.0020189285278320312
64366,normal,2220,0,1782359129.6500895,0.0019381046295166016
64367,normal,2094,0,1782359129.6521273,0.0020377635955810547
64368,normal,2585,0,1782359129.6540995,0.001972198486328125
64369,normal,2873,0,1782359129.6561203,0.0020208358764648438
64370,normal,2531,0,1782359129.6583056,0.002185344696044922
64371,normal,3370,1,1782359129.6602902,0.0019845962524414062
64372,normal,898,2,1782359129.6621096,0.0018193721771240234
64373,normal,2712,0,1782359129.6642919,0.0021822452545166016
64374,normal,1206,0,1782359129.666292,0.002000093460083008
64375,normal,3520,0,1782359129.6681197,0.0018277168273925781
64376,normal,2642,0,1782359129.6702833,0.0021636486053466797
64377,normal,3589,0,1782359129.6723092,0.0020258426666259766
64378,normal,2160,0,1782359129.6741552,0.0018460750579833984
64379,normal,1109,0,1782359129.676296,0.0021407604217529297
64380,normal,2910,0,1782359129.6783166,0.002020597457885742
64381,normal,2625,0,1782359129.6803105,0.001993894577026367
64382,normal,3088,1,1782359129.6821613,0.0018508434295654297
64383,normal,81,0,1782359129.6843061,0.0021448135375976562
64384,normal,3105,1,1782359129.6861465,0.001840353012084961
64385,normal,166,0,1782359129.6883042,0.0021576881408691406
64386,normal,1124,0,1782359129.690333,0.0020287036895751953
64387,normal,2115,0,1782359129.6921732,0.001840353012084961
64388,normal,3107,1,1782359129.6942956,0.0021224021911621094
64389,normal,3381,1,1782359129.6963215,0.0020258426666259766
64390,normal,2417,0,1782359129.6981475,0.0018260478973388672
64391,normal,2538,0,1782359129.7003002,0.002152681350708008
64392,normal,3092,1,1782359129.702316,0.002015829086303711
64393,normal,2391,0,1782359129.7041461,0.0018301010131835938
64394,normal,3395,1,1782359129.7062986,0.0021524429321289062
64395,normal,768,0,1782359129.708314,0.002015352249145508
64396,normal,818,2,1782359129.7101681,0.0018541812896728516
64397,normal,9,0,1782359129.71228,0.0021119117736816406
64398,normal,1009,2,1782359129.714311,0.0020308494567871094
64399,normal,1225,0,1782359129.7162366,0.0019257068634033203
64400,normal,2100,0,1782359129.7181408,0.0019042491912841797
64401,normal,2379,0,1782359129.7203186,0.002177715301513672
64402,normal,780,2,1782359129.722133,0.0018143653869628906
64403,normal,3309,1,1782359129.7242737,0.0021407604217529297
64404,normal,1236,0,1782359129.726296,0.002022266387939453
64405,normal,38,0,1782359129.7281232,0.001827239990234375
64406,normal,1468,0,1782359129.730277,0.0021538734436035156
64407,normal,2378,0,1782359129.7322848,0.002007722854614258
64408,normal,2577,0,1782359129.7341201,0.0018353462219238281
64409,normal,2484,0,1782359129.736126,0.0020058155059814453
64410,normal,1868,0,1782359129.73827,0.0021440982818603516
64411,normal,1630,0,1782359129.7401123,0.0018422603607177734
64412,normal,2553,0,1782359129.7422738,0.0021615028381347656
64413,normal,3327,1,1782359129.7442887,0.0020148754119873047
64414,normal,688,0,1782359129.746124,0.0018353462219238281
64415,normal,984,2,1782359129.7482796,0.0021555423736572266
64416,normal,524,0,1782359129.750303,0.002023458480834961
64417,normal,1002,2,1782359129.7521222,0.0018191337585449219
64418,normal,1531,0,1782359129.754283,0.002160787582397461
64419,normal,681,0,1782359129.7562907,0.002007722854614258
64420,normal,3661,0,1782359129.758226,0.0019352436065673828
64421,normal,2781,0,1782359129.760092,0.0018661022186279297
64422,normal,2419,0,1782359129.762267,0.0021750926971435547
64423,normal,1865,0,1782359129.7640812,0.001814126968383789
64424,normal,161,0,1782359129.7662477,0.0021665096282958984
64425,normal,2957,0,1782359129.768141,0.0018932819366455078
64426,normal,3326,1,1782359129.7700808,0.0019397735595703125
64427,normal,3454,0,1782359129.772281,0.0022001266479492188
64428,normal,418,0,1782359129.7741709,0.001889944076538086
64429,normal,2021,0,1782359129.7760549,0.0018839836120605469
64430,normal,41,0,1782359129.7781968,0.0021419525146484375
64431,normal,651,0,1782359129.7803297,0.002132892608642578
64432,normal,2420,0,1782359129.782772,0.0024423599243164062
64433,normal,3378,1,1782359129.7841668,0.0013947486877441406
64434,normal,62,0,1782359129.7864487,0.0022819042205810547
64435,normal,3622,0,1782359129.7881575,0.0017087459564208984
64436,normal,2189,0,1782359129.7904186,0.0022611618041992188
64437,normal,1581,0,1782359129.7923577,0.0019390583038330078
64438,normal,3251,1,1782359129.794123,0.0017652511596679688
64439,normal,325,0,1782359129.7963042,0.0021812915802001953
64440,normal,2323,0,1782359129.798235,0.0019307136535644531
64441,normal,738,0,1782359129.8001313,0.0018963813781738281
64442,normal,2277,0,1782359129.8023047,0.0021734237670898438
64443,normal,3499,0,1782359129.8042483,0.0019435882568359375
64444,normal,3215,1,1782359129.8061259,0.0018775463104248047
64445,normal,2960,0,1782359129.808306,0.0021800994873046875
64446,normal,2226,0,1782359129.8102446,0.0019385814666748047
64447,normal,238,0,1782359129.8121226,0.0018780231475830078
64448,normal,2491,0,1782359129.8143027,0.0021800994873046875
64449,normal,1500,0,1782359129.8162494,0.0019466876983642578
64450,normal,432,0,1782359129.8181362,0.0018868446350097656
64451,normal,430,0,1782359129.820313,0.0021767616271972656
64452,normal,2097,0,1782359129.8222394,0.001926422119140625
64453,normal,212,0,1782359129.8241258,0.0018863677978515625
64454,normal,902,2,1782359129.8263116,0.002185821533203125
64455,normal,2684,0,1782359129.828289,0.0019774436950683594
64456,normal,413,0,1782359129.8301237,0.0018346309661865234
64457,normal,645,0,1782359129.8322828,0.00215911865234375
64458,normal,2248,0,1782359129.8344064,0.002123594284057617
64459,normal,3707,0,1782359129.8361323,0.001725912094116211
64460,normal,436,0,1782359129.838192,0.0020596981048583984
64461,normal,2,0,1782359129.840191,0.0019989013671875
64462,normal,2685,0,1782359129.8422499,0.0020589828491210938
64463,normal,3465,0,1782359129.8441834,0.0019335746765136719
64464,normal,2858,0,1782359129.8462918,0.002108335494995117
64465,normal,2636,0,1782359129.8481376,0.0018458366394042969
64466,normal,1766,0,1782359129.850286,0.0021483898162841797
64467,normal,1792,0,1782359129.8522623,0.0019762516021728516
64468,normal,2469,0,1782359129.8542519,0.001989603042602539
64469,normal,1454,0,1782359129.8561747,0.0019228458404541016
64470,normal,3007,0,1782359129.8582878,0.0021131038665771484
64471,normal,852,2,1782359129.8601477,0.001859903335571289
64472,normal,1123,0,1782359129.8622918,0.0021440982818603516
64473,normal,2426,0,1782359129.8643527,0.0020608901977539062
64474,normal,1927,0,1782359129.8662503,0.001897573471069336
64475,normal,2633,0,1782359129.8681772,0.0019268989562988281
64476,normal,1632,0,1782359129.8702898,0.0021126270294189453
64477,normal,3436,0,1782359129.8721347,0.0018448829650878906
64478,normal,2822,0,1782359129.8742845,0.002149820327758789
64479,normal,1128,0,1782359129.876241,0.001956462860107422
64480,normal,2093,0,1782359129.878251,0.0020101070404052734
64481,normal,2673,0,1782359129.8801808,0.0019297599792480469
64482,normal,2112,0,1782359129.8823004,0.0021195411682128906
64483,normal,2346,0,1782359129.8841357,0.0018353462219238281
64484,normal,365,0,1782359129.886286,0.002150297164916992
64485,normal,2899,0,1782359129.8883185,0.0020325183868408203
64486,normal,354,0,1782359129.8901348,0.0018162727355957031
64487,normal,2492,0,1782359129.8923004,0.002165555953979492
64488,normal,562,0,1782359129.8942373,0.0019369125366210938
64489,normal,1450,0,1782359129.8961365,0.0018992424011230469
64490,normal,2616,0,1782359129.8983033,0.002166748046875
64491,normal,442,0,1782359129.9002361,0.0019328594207763672
64492,normal,2012,0,1782359129.9021342,0.001898050308227539
64493,normal,894,2,1782359129.9043036,0.002169370651245117
64494,normal,3328,1,1782359129.90623,0.001926422119140625
64495,normal,367,0,1782359129.908249,0.0020189285278320312
64496,normal,960,2,1782359129.9102967,0.0020477771759033203
64497,normal,2124,0,1782359129.912301,0.002004384994506836
64498,normal,1401,0,1782359129.9141352,0.0018341541290283203
64499,normal,3390,1,1782359129.916299,0.0021638870239257812
64500,normal,530,0,1782359129.918233,0.0019338130950927734
64501,normal,1323,1,1782359129.9201362,0.0019032955169677734
64502,normal,434,0,1782359129.9223118,0.002175569534301758
64503,normal,3501,0,1782359129.9242356,0.0019237995147705078
64504,normal,1358,1,1782359129.9261346,0.0018990039825439453
64505,normal,3656,0,1782359129.928298,0.002163410186767578
64506,normal,330,0,1782359129.9302425,0.0019445419311523438
64507,normal,1987,0,1782359129.932152,0.001909494400024414
64508,normal,910,2,1782359129.934168,0.0020160675048828125
64509,normal,2766,0,1782359129.9361198,0.0019516944885253906
64510,normal,2560,0,1782359129.9381025,0.0019826889038085938
64511,normal,940,2,1782359129.94012,0.002017498016357422
64512,normal,1204,0,1782359129.9421036,0.001983642578125
64513,normal,625,0,1782359129.9440737,0.001970052719116211
64514,normal,370,0,1782359129.9461293,0.002055644989013672
64515,normal,580,0,1782359129.9481702,0.002040863037109375
64516,normal,3377,1,1782359129.950098,0.0019278526306152344
64517,normal,450,0,1782359129.9521177,0.002019643783569336
64518,normal,1047,0,1782359129.954158,0.002040386199951172
64519,normal,1275,0,1782359129.956093,0.0019350051879882812
64520,normal,3255,1,1782359129.9581156,0.0020225048065185547
64521,normal,2686,0,1782359129.9601588,0.0020432472229003906
64522,normal,1222,0,1782359129.9620843,0.0019254684448242188
64523,normal,3249,1,1782359129.9641168,0.0020325183868408203
64524,normal,2272,0,1782359129.9661565,0.002039670944213867
64525,normal,2724,0,1782359129.968121,0.001964569091796875
64526,normal,596,0,1782359129.970124,0.0020029544830322266
64527,normal,848,2,1782359129.9721136,0.001989603042602539
64528,normal,3278,1,1782359129.974081,0.0019674301147460938
64529,normal,2903,0,1782359129.9761434,0.0020623207092285156
64530,normal,239,0,1782359129.9781222,0.0019788742065429688
64531,normal,2707,0,1782359129.980105,0.0019826889038085938
64532,normal,2077,0,1782359129.9822485,0.0021436214447021484
64533,normal,373,0,1782359129.9842389,0.0019903182983398438
64534,normal,951,2,1782359129.9862502,0.0020112991333007812
64535,normal,2212,0,1782359129.9881737,0.0019235610961914062
64536,normal,475,0,1782359129.9902909,0.002117156982421875
64537,normal,2982,0,1782359129.992146,0.0018551349639892578
64538,normal,822,2,1782359129.994283,0.0021369457244873047
64539,normal,132,0,1782359129.9962425,0.001959562301635742
64540,normal,272,0,1782359129.998248,0.0020055770874023438
64541,normal,2179,0,1782359130.0001836,0.0019354820251464844
64542,normal,2558,0,1782359130.0022893,0.002105712890625
64543,normal,2552,0,1782359130.0041344,0.0018451213836669922
64544,normal,232,0,1782359130.0061026,0.0019681453704833984
64545,normal,1634,0,1782359130.0082479,0.0021452903747558594
64546,normal,3588,0,1782359130.0101004,0.0018525123596191406
64547,normal,2522,0,1782359130.0122411,0.0021407604217529297
64548,normal,2904,0,1782359130.0141537,0.0019125938415527344
64549,normal,1311,0,1782359130.0160992,0.00194549560546875
64550,normal,619,0,1782359130.0182528,0.002153635025024414
64551,normal,952,2,1782359130.0201616,0.0019087791442871094
64552,normal,788,2,1782359130.0221002,0.0019385814666748047
64553,normal,1617,0,1782359130.024211,0.002110719680786133
64554,normal,2834,0,1782359130.026128,0.001917123794555664
64555,normal,128,0,1782359130.028087,0.0019588470458984375
64556,normal,3132,1,1782359130.0302167,0.002129793167114258
64557,normal,2098,0,1782359130.0321245,0.0019078254699707031
64558,normal,1106,0,1782359130.0340853,0.00196075439453125
64559,normal,2159,0,1782359130.0363576,0.002272367477416992
64560,normal,3005,0,1782359130.0381777,0.0018200874328613281
64561,normal,1621,0,1782359130.040096,0.0019183158874511719
64562,normal,1103,0,1782359130.0421214,0.0020253658294677734
64563,normal,3522,0,1782359130.04412,0.0019986629486083984
64564,normal,112,0,1782359130.0461164,0.001996278762817383
64565,normal,1502,0,1782359130.0481508,0.002034425735473633
64566,normal,1012,2,1782359130.0502605,0.0021097660064697266
64567,normal,3597,0,1782359130.0521364,0.0018758773803710938
64568,normal,749,0,1782359130.054282,0.002145528793334961
64569,normal,3038,0,1782359130.056234,0.0019519329071044922
64570,normal,2886,0,1782359130.0582492,0.002015352249145508
64571,normal,3527,0,1782359130.0601761,0.0019268989562988281
64572,normal,3422,0,1782359130.062291,0.0021147727966308594
64573,normal,1321,1,1782359130.064138,0.0018470287322998047
64574,normal,2162,0,1782359130.0662873,0.002149343490600586
64575,normal,2856,0,1782359130.0682442,0.001956939697265625
64576,normal,2398,0,1782359130.0702493,0.0020051002502441406
64577,normal,1426,0,1782359130.0721803,0.0019309520721435547
64578,normal,366,0,1782359130.0742903,0.002110004425048828
64579,normal,1757,0,1782359130.076141,0.0018508434295654297
64580,normal,1149,0,1782359130.0782986,0.002157449722290039
64581,normal,1285,0,1782359130.0802443,0.0019457340240478516
64582,normal,1158,0,1782359130.0822504,0.002006053924560547
64583,normal,1685,0,1782359130.0841784,0.001928091049194336
64584,normal,2643,0,1782359130.0862894,0.0021109580993652344
64585,normal,3079,1,1782359130.0881367,0.0018472671508789062
64586,normal,2390,0,1782359130.090284,0.0021474361419677734
64587,normal,3247,1,1782359130.0922399,0.001955747604370117
64588,normal,2178,0,1782359130.094249,0.002009153366088867
64589,normal,449,0,1782359130.0961752,0.0019261837005615234
64590,normal,270,0,1782359130.0982895,0.0021142959594726562
64591,normal,1407,0,1782359130.1001368,0.0018472671508789062
64592,normal,2703,0,1782359130.1022851,0.0021483898162841797
64593,normal,271,0,1782359130.104239,0.0019538402557373047
64594,normal,2223,0,1782359130.1062481,0.002009153366088867
64595,normal,2311,0,1782359130.1081755,0.0019273757934570312
64596,normal,604,0,1782359130.110291,0.002115488052368164
64597,normal,139,0,1782359130.112163,0.0018720626831054688
64598,normal,13,0,1782359130.1142876,0.0021245479583740234
64599,normal,1638,0,1782359130.1162426,0.0019550323486328125
64600,normal,837,2,1782359130.11825,0.0020072460174560547
64601,normal,1156,0,1782359130.120182,0.0019321441650390625
64602,normal,1882,0,1782359130.122289,0.002106904983520508
64603,normal,1496,0,1782359130.1241338,0.0018448829650878906
64604,normal,1874,0,1782359130.1262848,0.002151012420654297
64605,normal,1208,0,1782359130.1282299,0.0019450187683105469
64606,normal,3544,0,1782359130.13025,0.002020120620727539
64607,normal,985,2,1782359130.1321816,0.0019316673278808594
64608,normal,3624,0,1782359130.1342921,0.0021104812622070312
64609,normal,1951,0,1782359130.1361375,0.0018453598022460938
64610,normal,1317,0,1782359130.1382928,0.002155303955078125
64611,normal,801,2,1782359130.140223,0.00193023681640625
64612,normal,1004,2,1782359130.142248,0.0020248889923095703
64613,normal,2309,0,1782359130.1441724,0.0019245147705078125
64614,normal,1783,0,1782359130.1462905,0.0021181106567382812
64615,normal,995,2,1782359130.1481361,0.0018455982208251953
64616,normal,1494,0,1782359130.1502898,0.002153635025024414
64617,normal,1516,0,1782359130.1522286,0.0019388198852539062
64618,normal,2965,0,1782359130.154249,0.0020203590393066406
64619,normal,3270,1,1782359130.1561797,0.0019307136535644531
64620,normal,2671,0,1782359130.1582909,0.002111196517944336
64621,normal,1714,0,1782359130.1601362,0.0018453598022460938
64622,normal,1295,0,1782359130.1622822,0.002146005630493164
64623,normal,2377,0,1782359130.164222,0.0019397735595703125
64624,normal,3426,0,1782359130.1662471,0.002025127410888672
64625,normal,3606,0,1782359130.1681798,0.0019326210021972656
64626,normal,1046,0,1782359130.170289,0.0021092891693115234
64627,normal,1377,1,1782359130.1721368,0.0018477439880371094
64628,normal,2318,0,1782359130.1742833,0.002146482467651367
64629,normal,3525,0,1782359130.1762207,0.0019373893737792969
64630,normal,624,0,1782359130.1782484,0.002027750015258789
64631,normal,213,0,1782359130.180177,0.001928567886352539
64632,normal,2247,0,1782359130.1822882,0.002111196517944336
64633,normal,3021,0,1782359130.184137,0.0018489360809326172
64634,normal,124,0,1782359130.186281,0.00214385986328125
64635,normal,2066,0,1782359130.1882296,0.0019485950469970703
64636,normal,2879,0,1782359130.1902492,0.002019643783569336
64637,normal,2025,0,1782359130.192179,0.0019297599792480469
64638,normal,759,0,1782359130.1942992,0.0021202564239501953
64639,normal,219,0,1782359130.1961334,0.0018341541290283203
64640,normal,3004,0,1782359130.1982825,0.0021491050720214844
64641,normal,3016,0,1782359130.200219,0.0019364356994628906
64642,normal,2133,0,1782359130.2022479,0.002028942108154297
64643,normal,687,0,1782359130.2041814,0.0019335746765136719
64644,normal,1099,0,1782359130.206289,0.0021076202392578125
64645,normal,63,0,1782359130.2081602,0.0018711090087890625
64646,normal,2035,0,1782359130.2102878,0.0021276473999023438
64647,normal,3386,1,1782359130.2122936,0.0020058155059814453
64648,normal,1579,0,1782359130.2141366,0.0018429756164550781
64649,normal,134,0,1782359130.2162857,0.0021491050720214844
64650,normal,2463,0,1782359130.2182236,0.0019378662109375
64651,normal,3616,0,1782359130.2202528,0.0020291805267333984
64652,normal,2663,0,1782359130.222176,0.0019233226776123047
64653,normal,207,0,1782359130.2242906,0.002114534378051758
64654,normal,3363,1,1782359130.2261336,0.0018429756164550781
64655,normal,670,0,1782359130.2282832,0.0021495819091796875
64656,normal,1705,0,1782359130.230214,0.0019309520721435547
64657,normal,2092,0,1782359130.2322476,0.0020334720611572266
64658,normal,656,0,1782359130.2341785,0.0019309520721435547
64659,normal,412,0,1782359130.236286,0.002107381820678711
64660,normal,1657,0,1782359130.2381299,0.0018439292907714844
64661,normal,534,0,1782359130.2402825,0.002152681350708008
64662,normal,2529,0,1782359130.2422223,0.0019397735595703125
64663,normal,1301,0,1782359130.2442472,0.0020248889923095703
64664,normal,1980,0,1782359130.246175,0.0019278526306152344
64665,normal,2773,0,1782359130.2482998,0.002124786376953125
64666,normal,2510,0,1782359130.250135,0.0018351078033447266
64667,normal,3420,0,1782359130.2522821,0.002147197723388672
64668,normal,2076,0,1782359130.2542186,0.0019364356994628906
64669,normal,1343,1,1782359130.2562594,0.002040863037109375
64670,normal,1603,0,1782359130.2581809,0.0019214153289794922
64671,normal,3634,0,1782359130.2602878,0.002106904983520508
64672,normal,3577,0,1782359130.2621284,0.0018405914306640625
64673,normal,362,0,1782359130.2642868,0.0021584033966064453
64674,normal,314,0,1782359130.2662284,0.001941680908203125
64675,normal,2596,0,1782359130.2682483,0.0020198822021484375
64676,normal,1177,0,1782359130.2701738,0.0019254684448242188
64677,normal,857,2,1782359130.2723,0.0021262168884277344
64678,normal,2659,0,1782359130.2741332,0.001833200454711914
64679,normal,1952,0,1782359130.2762825,0.002149343490600586
64680,normal,408,0,1782359130.278227,0.0019445419311523438
64681,normal,2306,0,1782359130.2802474,0.0020203590393066406
64682,normal,2555,0,1782359130.2821767,0.0019292831420898438
64683,normal,2120,0,1782359130.284291,0.0021142959594726562
64684,normal,565,0,1782359130.286134,0.0018429756164550781
64685,normal,1114,0,1782359130.2882826,0.0021486282348632812
64686,normal,2237,0,1782359130.2902322,0.0019495487213134766
64687,normal,926,2,1782359130.2922451,0.002012968063354492
64688,normal,1842,0,1782359130.294175,0.0019297599792480469
64689,normal,256,0,1782359130.2962885,0.0021135807037353516
64690,normal,10,0,1782359130.2981336,0.0018451213836669922
64691,normal,1937,0,1782359130.3002834,0.002149820327758789
64692,normal,2314,0,1782359130.302229,0.00194549560546875
64693,normal,470,0,1782359130.304249,0.002020120620727539
64694,normal,1924,0,1782359130.3061757,0.0019266605377197266
64695,normal,1722,0,1782359130.3082929,0.002117156982421875
64696,normal,3242,1,1782359130.3101368,0.0018439292907714844
64697,normal,1761,0,1782359130.312295,0.0021581649780273438
64698,normal,242,0,1782359130.3142269,0.001931905746459961
64699,normal,1034,0,1782359130.3162477,0.0020208358764648438
64700,normal,2359,0,1782359130.3181763,0.001928567886352539
64701,normal,3447,0,1782359130.3202868,0.0021104812622070312
64702,normal,2022,0,1782359130.3221335,0.0018467903137207031
64703,normal,1471,0,1782359130.324278,0.0021445751190185547
64704,normal,1557,0,1782359130.3262925,0.0020143985748291016
64705,normal,3693,0,1782359130.3282502,0.0019576549530029297
64706,normal,1335,1,1782359130.3301823,0.0019321441650390625
64707,normal,2387,0,1782359130.3322887,0.0021064281463623047
64708,normal,3396,1,1782359130.334134,0.0018453598022460938
64709,normal,616,0,1782359130.3362849,0.0021507740020751953
64710,normal,2462,0,1782359130.338233,0.0019481182098388672
64711,normal,1664,0,1782359130.3402512,0.0020182132720947266
64712,normal,3157,1,1782359130.3421721,0.001920938491821289
64713,normal,1085,0,1782359130.3442872,0.002115011215209961
64714,normal,1686,0,1782359130.346135,0.0018477439880371094
64715,normal,3216,1,1782359130.3482862,0.0021512508392333984
64716,normal,211,0,1782359130.3501816,0.0018954277038574219
64717,normal,2352,0,1782359130.3522213,0.002039670944213867
64718,normal,869,2,1782359130.3541515,0.00193023681640625
64719,normal,2823,0,1782359130.3562875,0.0021359920501708984
64720,normal,152,0,1782359130.3582094,0.0019218921661376953
64721,normal,1289,0,1782359130.3604586,0.0022492408752441406
64722,normal,1863,0,1782359130.3622599,0.0018012523651123047
64723,normal,2829,0,1782359130.364177,0.001917123794555664
64724,normal,2467,0,1782359130.3662996,0.002122640609741211
64725,normal,671,0,1782359130.3684115,0.0021119117736816406
64726,normal,3124,1,1782359130.370305,0.0018935203552246094
64727,normal,3357,1,1782359130.372355,0.0020499229431152344
64728,normal,3126,1,1782359130.3744304,0.0020754337310791016
64729,normal,3502,0,1782359130.3761792,0.001748800277709961
64730,normal,833,2,1782359130.3783052,0.002125978469848633
64731,normal,3332,1,1782359130.3805804,0.002275228500366211
64732,normal,2772,0,1782359130.3824716,0.0018911361694335938
64733,normal,504,0,1782359130.384137,0.001665353775024414
64734,normal,3459,0,1782359130.3861346,0.001997709274291992
64735,normal,3367,1,1782359130.3882382,0.002103567123413086
64736,normal,1659,0,1782359130.390135,0.0018968582153320312
64737,normal,2705,0,1782359130.3920982,0.0019631385803222656
64738,normal,3250,1,1782359130.3942294,0.002131223678588867
64739,normal,1384,0,1782359130.3961515,0.0019221305847167969
64740,normal,235,0,1782359130.3982415,0.002089977264404297
64741,normal,2205,0,1782359130.40014,0.0018985271453857422
64742,normal,3399,1,1782359130.40212,0.0019800662994384766
64743,normal,2429,0,1782359130.4040616,0.0019414424896240234
64744,normal,1189,0,1782359130.406103,0.002041339874267578
64745,normal,2869,0,1782359130.4080899,0.001986980438232422
64746,normal,3296,1,1782359130.41007,0.0019800662994384766
64747,normal,1880,0,1782359130.4122145,0.0021445751190185547
64748,normal,3256,1,1782359130.414107,0.0018925666809082031
64749,normal,2384,0,1782359130.416122,0.0020148754119873047
64750,normal,217,0,1782359130.418155,0.0020329952239990234
64751,normal,2729,0,1782359130.4201372,0.0019822120666503906
64752,normal,3600,0,1782359130.4220822,0.0019450187683105469
64753,normal,1277,0,1782359130.4241312,0.002048969268798828
64754,normal,1195,0,1782359130.4261951,0.0020639896392822266
64755,normal,227,0,1782359130.428119,0.0019237995147705078
64756,normal,1390,0,1782359130.4302008,0.0020818710327148438
64757,normal,3224,1,1782359130.4322553,0.002054452896118164
64758,normal,263,0,1782359130.4342113,0.0019559860229492188
64759,normal,1157,0,1782359130.4362597,0.002048492431640625
64760,normal,648,0,1782359130.4382267,0.0019669532775878906
64761,normal,1065,0,1782359130.4402235,0.001996755599975586
64762,normal,1018,2,1782359130.442187,0.0019636154174804688
64763,normal,2174,0,1782359130.444293,0.0021059513092041016
64764,normal,2545,0,1782359130.4462078,0.0019147396087646484
64765,normal,3026,0,1782359130.4482646,0.0020568370819091797
64766,normal,1587,0,1782359130.450197,0.001932382583618164
64767,normal,657,0,1782359130.4522767,0.0020797252655029297
64768,normal,2341,0,1782359130.4541283,0.0018515586853027344
64769,normal,1824,0,1782359130.456332,0.002203702926635742
64770,normal,2655,0,1782359130.4582503,0.0019183158874511719
64771,normal,338,0,1782359130.4602833,0.0020329952239990234
64772,normal,2824,0,1782359130.4622428,0.001959562301635742
64773,normal,707,0,1782359130.4642782,0.002035379409790039
64774,normal,724,0,1782359130.4661863,0.0019080638885498047
64775,normal,2246,0,1782359130.468322,0.002135753631591797
64776,normal,2163,0,1782359130.4702075,0.0018854141235351562
64777,normal,2137,0,1782359130.4722583,0.0020508766174316406
64778,normal,1181,0,1782359130.4742298,0.0019714832305908203
64779,normal,3,0,1782359130.4762797,0.0020499229431152344
64780,normal,2761,0,1782359130.4781854,0.001905679702758789
64781,normal,1836,0,1782359130.480283,0.002097606658935547
64782,normal,2591,0,1782359130.4822016,0.0019185543060302734
64783,normal,1530,0,1782359130.4842827,0.002081155776977539
64784,normal,2989,0,1782359130.4862306,0.0019478797912597656
64785,normal,1435,0,1782359130.488279,0.002048492431640625
64786,normal,3508,0,1782359130.4901736,0.0018944740295410156
64787,normal,308,0,1782359130.49231,0.0021364688873291016
64788,normal,197,0,1782359130.4942086,0.0018985271453857422
64789,normal,2802,0,1782359130.496275,0.002066373825073242
64790,normal,3034,0,1782359130.4982202,0.0019452571868896484
64791,normal,3083,1,1782359130.5003066,0.0020864009857177734
64792,normal,167,0,1782359130.5021544,0.0018477439880371094
64793,normal,2882,0,1782359130.504274,0.0021195411682128906
64794,normal,2200,0,1782359130.5062385,0.001964569091796875
64795,normal,3568,0,1782359130.5082765,0.0020380020141601562
64796,normal,108,0,1782359130.5101995,0.0019230842590332031
64797,normal,3512,0,1782359130.5122774,0.002077817916870117
64798,normal,828,2,1782359130.514149,0.0018715858459472656
64799,normal,3361,1,1782359130.5162966,0.002147674560546875
64800,normal,3571,0,1782359130.5182023,0.001905679702758789
64801,normal,1080,0,1782359130.5202339,0.002031564712524414
64802,normal,1584,0,1782359130.5221977,0.0019638538360595703
64803,normal,2943,0,1782359130.5242782,0.0020804405212402344
64804,normal,2748,0,1782359130.5261579,0.0018796920776367188
64805,normal,785,2,1782359130.528304,0.0021462440490722656
64806,normal,1728,0,1782359130.5302052,0.0019011497497558594
64807,normal,3300,1,1782359130.5322711,0.002065896987915039
64808,normal,302,0,1782359130.5341656,0.0018944740295410156
64809,normal,1192,0,1782359130.5362785,0.002112865447998047
64810,normal,3708,0,1782359130.5380764,0.0017979145050048828
64811,normal,369,0,1782359130.5400693,0.001992940902709961
64812,normal,1081,0,1782359130.542071,0.0020017623901367188
64813,normal,3051,1,1782359130.5440576,0.0019865036010742188
64814,normal,716,0,1782359130.546081,0.002023458480834961
64815,normal,652,0,1782359130.5480654,0.0019843578338623047
64816,normal,1625,0,1782359130.5500605,0.001995086669921875
64817,normal,2888,0,1782359130.5520515,0.0019910335540771484
64818,normal,1511,0,1782359130.5540564,0.002004861831665039
64819,normal,3563,0,1782359130.556055,0.0019986629486083984
64820,normal,1698,0,1782359130.5582905,0.00223541259765625
64821,normal,3637,0,1782359130.5602448,0.001954317092895508
64822,normal,3694,0,1782359130.5621057,0.0018608570098876953
64823,normal,3468,0,1782359130.5642564,0.0021507740020751953
64824,normal,2254,0,1782359130.5662415,0.0019850730895996094
64825,normal,566,0,1782359130.56811,0.0018684864044189453
64826,normal,3368,1,1782359130.5702562,0.0021462440490722656
64827,normal,3455,0,1782359130.572246,0.0019898414611816406
64828,normal,1475,0,1782359130.5741043,0.0018582344055175781
64829,normal,827,2,1782359130.5762596,0.002155303955078125
64830,normal,650,0,1782359130.5782678,0.002008199691772461
64831,normal,3235,1,1782359130.580182,0.0019142627716064453
64832,normal,1210,0,1782359130.582062,0.0018799304962158203
64833,normal,841,2,1782359130.584096,0.0020339488983154297
64834,normal,1524,0,1782359130.586054,0.001958131790161133
64835,normal,44,0,1782359130.5881164,0.0020623207092285156
64836,normal,1651,0,1782359130.5900652,0.0019488334655761719
64837,normal,3427,0,1782359130.5920532,0.001987934112548828
64838,normal,1574,0,1782359130.5940971,0.0020439624786376953
64839,normal,3119,1,1782359130.5960667,0.001969575881958008
64840,normal,797,2,1782359130.5980585,0.001991748809814453
64841,normal,1754,0,1782359130.6000972,0.002038717269897461
64842,normal,2141,0,1782359130.6020617,0.001964569091796875
64843,normal,692,0,1782359130.6040442,0.001982450485229492
64844,normal,2995,0,1782359130.606088,0.0020437240600585938
64845,normal,1444,0,1782359130.608072,0.001984119415283203
64846,normal,1168,0,1782359130.6100419,0.0019698143005371094
64847,normal,2395,0,1782359130.6122687,0.0022268295288085938
64848,normal,532,0,1782359130.614204,0.0019352436065673828
64849,normal,540,0,1782359130.616102,0.001898050308227539
64850,normal,1572,0,1782359130.6182616,0.002159595489501953
64851,normal,2030,0,1782359130.620262,0.0020003318786621094
64852,normal,3567,0,1782359130.622103,0.0018410682678222656
64853,normal,3032,0,1782359130.6242685,0.002165555953979492
64854,normal,689,0,1782359130.626121,0.0018525123596191406
64855,normal,711,0,1782359130.6281157,0.001994609832763672
64856,normal,122,0,1782359130.63026,0.002144336700439453
64857,normal,3579,0,1782359130.6322613,0.0020012855529785156
64858,normal,2488,0,1782359130.634103,0.0018417835235595703
64859,normal,3194,1,1782359130.6361842,0.002081155776977539
64860,normal,1096,0,1782359130.6380923,0.0019080638885498047
64861,normal,68,0,1782359130.6400757,0.0019834041595458984
64862,normal,439,0,1782359130.6420662,0.0019905567169189453
64863,normal,2183,0,1782359130.6440697,0.0020034313201904297
64864,normal,443,0,1782359130.6460845,0.0020148754119873047
64865,normal,717,0,1782359130.6480992,0.002014636993408203
64866,normal,2369,0,1782359130.6500587,0.001959562301635742
64867,normal,1259,0,1782359130.65205,0.00199127197265625
64868,normal,2019,0,1782359130.6541038,0.0020537376403808594
64869,normal,880,2,1782359130.6560762,0.0019724369049072266
64870,normal,829,2,1782359130.6580412,0.001965045928955078
64871,normal,1169,0,1782359130.6601079,0.0020666122436523438
64872,normal,73,0,1782359130.6620834,0.001975536346435547
64873,normal,654,0,1782359130.6640913,0.0020079612731933594
64874,normal,3211,1,1782359130.6662536,0.0021622180938720703
64875,normal,2628,0,1782359130.6682,0.0019464492797851562
64876,normal,328,0,1782359130.670094,0.0018939971923828125
64877,normal,672,0,1782359130.67234,0.0022459030151367188
64878,normal,2554,0,1782359130.6742477,0.0019078254699707031
64879,normal,1806,0,1782359130.6761074,0.0018596649169921875
64880,normal,1218,0,1782359130.6783297,0.002222299575805664
64881,normal,2696,0,1782359130.6802008,0.0018711090087890625
64882,normal,193,0,1782359130.6822758,0.0020749568939208984
64883,normal,874,2,1782359130.6841102,0.0018343925476074219
64884,normal,2550,0,1782359130.6862652,0.0021550655364990234
64885,normal,1226,0,1782359130.6881106,0.0018453598022460938
64886,normal,3081,1,1782359130.6902032,0.002092599868774414
64887,normal,1462,0,1782359130.6920598,0.0018565654754638672
64888,normal,485,0,1782359130.6940691,0.0020093917846679688
64889,normal,129,0,1782359130.6960945,0.0020253658294677734
64890,normal,85,0,1782359130.698055,0.0019605159759521484
64891,normal,597,0,1782359130.7000573,0.002002239227294922
64892,normal,1821,0,1782359130.7021053,0.002048015594482422
64893,normal,1674,0,1782359130.7040575,0.0019521713256835938
64894,normal,2661,0,1782359130.7060428,0.001985311508178711
64895,normal,1133,0,1782359130.7080917,0.002048969268798828
64896,normal,1507,0,1782359130.7100587,0.0019669532775878906
64897,normal,3345,1,1782359130.7120407,0.001981973648071289
64898,normal,2365,0,1782359130.7141287,0.0020880699157714844
64899,normal,2470,0,1782359130.7160547,0.0019259452819824219
64900,normal,2615,0,1782359130.7180452,0.0019905567169189453
64901,normal,3374,1,1782359130.7200928,0.0020475387573242188
64902,normal,1786,0,1782359130.7220492,0.001956462860107422
64903,normal,1294,0,1782359130.7240386,0.0019893646240234375
64904,normal,3022,0,1782359130.7262616,0.0022230148315429688
64905,normal,2249,0,1782359130.7281768,0.0019152164459228516
64906,normal,1405,0,1782359130.7301135,0.0019366741180419922
64907,normal,1739,0,1782359130.7322576,0.0021440982818603516
64908,normal,876,2,1782359130.734204,0.0019464492797851562
64909,normal,1512,0,1782359130.7360818,0.0018777847290039062
64910,normal,1560,0,1782359130.738279,0.002197265625
64911,normal,1463,0,1782359130.7402375,0.0019583702087402344
64912,normal,2144,0,1782359130.7421105,0.001873016357421875
64913,normal,1406,0,1782359130.7442627,0.0021522045135498047
64914,normal,1102,0,1782359130.7462225,0.0019598007202148438
64915,normal,1862,0,1782359130.7480998,0.0018773078918457031
64916,normal,2966,0,1782359130.750261,0.002161264419555664
64917,normal,1571,0,1782359130.7522147,0.001953601837158203
64918,normal,1565,0,1782359130.7541332,0.0019185543060302734
64919,normal,3679,0,1782359130.7560873,0.0019540786743164062
64920,normal,20,0,1782359130.7582934,0.002206087112426758
64921,normal,583,0,1782359130.760193,0.00189971923828125
64922,normal,2013,0,1782359130.7622495,0.0020563602447509766
64923,normal,286,0,1782359130.7642097,0.001960277557373047
64924,normal,3286,1,1782359130.7661164,0.0019066333770751953
64925,normal,2657,0,1782359130.768313,0.0021965503692626953
64926,normal,1479,0,1782359130.7702034,0.001890420913696289
64927,normal,2273,0,1782359130.7721133,0.0019099712371826172
64928,normal,712,0,1782359130.774268,0.0021545886993408203
64929,normal,2283,0,1782359130.7761881,0.0019202232360839844
64930,normal,967,2,1782359130.7781103,0.0019221305847167969
64931,normal,2358,0,1782359130.7802002,0.002089977264404297
64932,normal,839,2,1782359130.7821076,0.0019073486328125
64933,normal,1958,0,1782359130.7840898,0.0019822120666503906
64934,normal,424,0,1782359130.7862713,0.002181529998779297
64935,normal,800,2,1782359130.788214,0.0019426345825195312
64936,normal,2828,0,1782359130.7901096,0.0018956661224365234
64937,normal,454,0,1782359130.7923307,0.0022211074829101562
64938,normal,174,0,1782359130.7941997,0.0018689632415771484
64939,normal,3403,0,1782359130.79609,0.0018901824951171875
64940,normal,3591,0,1782359130.7982628,0.0021729469299316406
64941,normal,813,2,1782359130.8001814,0.0019185543060302734
64942,normal,609,0,1782359130.8021097,0.0019283294677734375
64943,normal,2658,0,1782359130.80434,0.0022301673889160156
64944,normal,1049,0,1782359130.8061981,0.0018582344055175781
64945,normal,3095,1,1782359130.8081117,0.0019135475158691406
64946,normal,2721,0,1782359130.810268,0.0021562576293945312
64947,normal,2974,0,1782359130.8122118,0.001943826675415039
64948,normal,622,0,1782359130.81411,0.0018982887268066406
64949,normal,190,0,1782359130.816102,0.0019919872283935547
64950,normal,214,0,1782359130.8182607,0.002158641815185547
64951,normal,3048,1,1782359130.8201103,0.0018496513366699219
64952,normal,90,0,1782359130.8222632,0.0021529197692871094
64953,normal,1211,0,1782359130.8241928,0.0019295215606689453
64954,normal,2328,0,1782359130.8261096,0.0019168853759765625
64955,normal,3149,1,1782359130.8282661,0.002156496047973633
64956,normal,2483,0,1782359130.8301802,0.0019140243530273438
64957,normal,2695,0,1782359130.832111,0.0019307136535644531
64958,normal,2566,0,1782359130.8341956,0.0020847320556640625
64959,normal,536,0,1782359130.8361096,0.0019140243530273438
64960,normal,2717,0,1782359130.838316,0.0022063255310058594
64961,normal,3284,1,1782359130.840205,0.0018889904022216797
64962,normal,2677,0,1782359130.8421934,0.0019884109497070312
64963,normal,301,0,1782359130.8442004,0.002007007598876953
64964,normal,1790,0,1782359130.8461096,0.0019092559814453125
64965,normal,2058,0,1782359130.8480747,0.001965045928955078
64966,normal,3310,1,1782359130.850089,0.0020143985748291016
64967,normal,3475,0,1782359130.8522058,0.002116680145263672
64968,normal,2032,0,1782359130.8542354,0.0020296573638916016
64969,normal,1604,0,1782359130.8560486,0.0018131732940673828
64970,normal,3516,0,1782359130.8581297,0.002081155776977539
64971,normal,3263,1,1782359130.8602772,0.0021474361419677734
64972,normal,99,0,1782359130.8621256,0.001848459243774414
64973,normal,3612,0,1782359130.8642623,0.002136707305908203
64974,normal,244,0,1782359130.8661933,0.0019309520721435547
64975,normal,1974,0,1782359130.8681087,0.0019154548645019531
64976,normal,610,0,1782359130.8702655,0.0021567344665527344
64977,normal,2393,0,1782359130.8721917,0.0019261837005615234
64978,normal,2192,0,1782359130.874108,0.0019164085388183594
64979,normal,3627,0,1782359130.8762665,0.0021584033966064453
64980,normal,971,2,1782359130.8781834,0.0019168853759765625
64981,normal,3646,0,1782359130.8801095,0.0019261837005615234
64982,normal,1433,0,1782359130.882254,0.002144336700439453
64983,normal,2350,0,1782359130.884207,0.001953125
64984,normal,3120,1,1782359130.8861103,0.0019032955169677734
64985,normal,3101,1,1782359130.8882651,0.002154827117919922
64986,normal,2830,0,1782359130.8901818,0.001916646957397461
64987,normal,1105,0,1782359130.8920891,0.0019073486328125
64988,normal,2327,0,1782359130.8942518,0.0021626949310302734
64989,normal,2990,0,1782359130.8962085,0.0019567012786865234
64990,normal,259,0,1782359130.898109,0.0019004344940185547
64991,normal,1201,0,1782359130.900268,0.00215911865234375
64992,normal,2194,0,1782359130.9021847,0.001916646957397461
64993,normal,3348,1,1782359130.9041142,0.0019295215606689453
64994,normal,2756,0,1782359130.906187,0.0020728111267089844
64995,normal,2535,0,1782359130.908103,0.0019159317016601562
64996,normal,1239,0,1782359130.9100888,0.001985788345336914
64997,normal,1084,0,1782359130.9122753,0.0021865367889404297
64998,normal,1731,0,1782359130.9141834,0.0019080638885498047
64999,normal,2119,0,1782359130.9161117,0.0019283294677734375
65000,normal,2725,0,1782359130.9183385,0.0022268295288085938
65001,normal,2129,0,1782359130.9201758,0.0018372535705566406
65002,normal,870,2,1782359130.9221103,0.0019345283508300781
65003,normal,2672,0,1782359130.9242065,0.0020961761474609375
65004,normal,3029,0,1782359130.9261003,0.001893758773803711
65005,normal,1476,0,1782359130.9281046,0.002004384994506836
65006,normal,3448,0,1782359130.9302726,0.002167940139770508
65007,normal,3351,1,1782359130.932177,0.0019044876098632812
65008,normal,695,0,1782359130.93411,0.0019328594207763672
65009,normal,2319,0,1782359130.9362779,0.002167940139770508
65010,normal,409,0,1782359130.9382,0.0019221305847167969
65011,normal,1482,0,1782359130.9401107,0.0019106864929199219
65012,normal,2600,0,1782359130.9422636,0.0021529197692871094
65013,normal,528,0,1782359130.9441807,0.001917123794555664
65014,normal,1044,0,1782359130.9461102,0.0019295215606689453
65015,normal,268,0,1782359130.9482698,0.002159595489501953
65016,normal,1915,0,1782359130.9501832,0.001913309097290039
65017,normal,1588,0,1782359130.9520874,0.0019042491912841797
65018,normal,1642,0,1782359130.954267,0.0021796226501464844
65019,normal,1988,0,1782359130.9561741,0.0019071102142333984
65020,normal,2388,0,1782359130.9581094,0.0019352436065673828
65021,normal,3113,1,1782359130.9602652,0.002155780792236328
65022,normal,849,2,1782359130.9621863,0.0019211769104003906
65023,normal,29,0,1782359130.9641001,0.0019137859344482422
65024,normal,986,2,1782359130.9662595,0.0021593570709228516
65025,normal,1768,0,1782359130.9682631,0.0020036697387695312
65026,normal,1108,0,1782359130.970087,0.0018239021301269531
65027,normal,299,0,1782359130.972268,0.0021810531616210938
65028,normal,2576,0,1782359130.9741995,0.0019314289093017578
65029,normal,344,0,1782359130.976101,0.001901388168334961
65030,normal,614,0,1782359130.9782665,0.002165555953979492
65031,normal,194,0,1782359130.9801729,0.0019063949584960938
65032,normal,335,0,1782359130.983229,0.003056049346923828
65033,normal,3226,1,1782359130.9841335,0.0009045600891113281
65034,normal,1497,0,1782359130.9861312,0.001997709274291992
65035,normal,2287,0,1782359130.9881973,0.0020661354064941406
65036,normal,3028,0,1782359130.9901464,0.0019490718841552734
65037,normal,2355,0,1782359130.9922278,0.0020813941955566406
65038,normal,937,2,1782359130.9940624,0.0018346309661865234
65039,normal,1240,0,1782359130.996165,0.0021026134490966797
65040,normal,1055,0,1782359130.9980462,0.0018811225891113281
65041,normal,30,0,1782359131.000134,0.002087831497192383
65042,normal,2947,0,1782359131.0021374,0.0020034313201904297
65043,normal,205,0,1782359131.0040696,0.0019321441650390625
65044,normal,1446,0,1782359131.0060577,0.0019881725311279297
65045,normal,941,2,1782359131.0081303,0.002072572708129883
65046,normal,1888,0,1782359131.0100617,0.0019314289093017578
65047,normal,1270,0,1782359131.0120795,0.0020177364349365234
65048,normal,318,0,1782359131.014096,0.0020165443420410156
65049,normal,653,0,1782359131.016064,0.001967906951904297
65050,normal,274,0,1782359131.0180714,0.0020074844360351562
65051,normal,567,0,1782359131.0200856,0.00201416015625
65052,normal,1296,0,1782359131.0220811,0.001995563507080078
65053,normal,2090,0,1782359131.0240712,0.001990079879760742
65054,normal,2269,0,1782359131.026084,0.0020127296447753906
65055,normal,3043,0,1782359131.0280707,0.0019867420196533203
65056,normal,1091,0,1782359131.0300543,0.001983642578125
65057,normal,2357,0,1782359131.0320828,0.0020284652709960938
65058,normal,1374,1,1782359131.034073,0.0019903182983398438
65059,normal,1894,0,1782359131.0360563,0.001983165740966797
65060,normal,1930,0,1782359131.0382187,0.002162456512451172
65061,normal,1747,0,1782359131.0400932,0.0018744468688964844
65062,normal,3605,0,1782359131.0420609,0.0019676685333251953
65063,normal,3614,0,1782359131.0440958,0.002034902572631836
65064,normal,1646,0,1782359131.0460753,0.0019795894622802734
65065,normal,1890,0,1782359131.0480578,0.001982450485229492
65066,normal,2127,0,1782359131.0500846,0.002026796340942383
65067,normal,3280,1,1782359131.052088,0.0020034313201904297
65068,normal,489,0,1782359131.0540555,0.0019674301147460938
65069,normal,1086,0,1782359131.0560858,0.0020303726196289062
65070,normal,726,0,1782359131.0580766,0.001990795135498047
65071,normal,1043,0,1782359131.0600555,0.0019788742065429688
65072,normal,2782,0,1782359131.0620835,0.0020279884338378906
65073,normal,3635,0,1782359131.0640752,0.001991748809814453
65074,normal,2641,0,1782359131.0660765,0.0020012855529785156
65075,normal,2305,0,1782359131.0680957,0.002019166946411133
65076,normal,1701,0,1782359131.0704908,0.002395153045654297
65077,normal,2681,0,1782359131.072404,0.0019130706787109375
65078,normal,3062,1,1782359131.0750794,0.0026755332946777344
65079,normal,1755,0,1782359131.0762048,0.001125335693359375
65080,normal,888,2,1782359131.078296,0.0020911693572998047
65081,normal,225,0,1782359131.0801625,0.0018665790557861328
65082,normal,3623,0,1782359131.0820737,0.001911163330078125
65083,normal,1492,0,1782359131.084279,0.002205371856689453
65084,normal,2142,0,1782359131.0863035,0.002024412155151367
65085,normal,2284,0,1782359131.0884044,0.0021009445190429688
65086,normal,1971,0,1782359131.0900788,0.0016744136810302734
65087,normal,3350,1,1782359131.0922549,0.002176046371459961
65088,normal,1163,0,1782359131.0943027,0.0020477771759033203
65089,normal,1014,2,1782359131.0963323,0.0020296573638916016
65090,normal,641,0,1782359131.0983508,0.002018451690673828
65091,normal,834,2,1782359131.1002333,0.0018825531005859375
65092,normal,2165,0,1782359131.102265,0.002031564712524414
65093,normal,2466,0,1782359131.10429,0.002025127410888672
65094,normal,2020,0,1782359131.1061916,0.0019016265869140625
65095,normal,1602,0,1782359131.1081946,0.0020029544830322266
65096,normal,3625,0,1782359131.1102812,0.002086639404296875
65097,normal,1725,0,1782359131.1121385,0.0018572807312011719
65098,normal,2889,0,1782359131.114223,0.002084493637084961
65099,normal,2427,0,1782359131.1162992,0.0020761489868164062
65100,normal,102,0,1782359131.118179,0.0018799304962158203
65101,normal,775,2,1782359131.1201153,0.001936197280883789
65102,normal,607,0,1782359131.1222858,0.002170562744140625
65103,normal,1721,0,1782359131.1241865,0.0019006729125976562
65104,normal,2981,0,1782359131.1261334,0.0019469261169433594
65105,normal,2589,0,1782359131.1282122,0.0020787715911865234
65106,normal,3425,0,1782359131.1301074,0.0018951892852783203
65107,normal,2932,0,1782359131.1322124,0.0021049976348876953
65108,normal,1932,0,1782359131.1340914,0.001878976821899414
65109,normal,43,0,1782359131.1362536,0.0021622180938720703
65110,normal,184,0,1782359131.1381934,0.0019397735595703125
65111,normal,3314,1,1782359131.1403375,0.0021440982818603516
65112,normal,626,0,1782359131.1421409,0.0018033981323242188
65113,normal,905,2,1782359131.1441815,0.0020406246185302734
65114,normal,2449,0,1782359131.1460884,0.0019068717956542969
65115,normal,312,0,1782359131.1482215,0.0021331310272216797
65116,normal,3572,0,1782359131.1502185,0.0019969940185546875
65117,normal,1337,1,1782359131.1521685,0.0019500255584716797
65118,normal,2769,0,1782359131.154244,0.0020754337310791016
65119,normal,3023,0,1782359131.1561246,0.001880645751953125
65120,normal,2763,0,1782359131.1581762,0.0020515918731689453
65121,normal,1718,0,1782359131.160184,0.002007722854614258
65122,normal,2771,0,1782359131.1621687,0.001984834671020508
65123,normal,311,0,1782359131.1641836,0.0020148754119873047
65124,normal,100,0,1782359131.1661246,0.0019409656524658203
65125,normal,2937,0,1782359131.168274,0.002149343490600586
65126,normal,2425,0,1782359131.1701045,0.0018305778503417969
65127,normal,1736,0,1782359131.1722112,0.0021066665649414062
65128,normal,1356,1,1782359131.1742487,0.002037525177001953
65129,normal,718,0,1782359131.176097,0.0018482208251953125
65130,normal,387,0,1782359131.178242,0.002145051956176758
65131,normal,3340,1,1782359131.180087,0.0018451213836669922
65132,normal,28,0,1782359131.1820807,0.0019936561584472656
65133,normal,2874,0,1782359131.1841922,0.0021114349365234375
65134,normal,3416,0,1782359131.1860723,0.0018801689147949219
65135,normal,816,2,1782359131.1882231,0.0021507740020751953
65136,normal,2447,0,1782359131.190232,0.0020089149475097656
65137,normal,2042,0,1782359131.1921492,0.001917123794555664
65138,normal,782,2,1782359131.1941333,0.001984119415283203
65139,normal,835,2,1782359131.196229,0.0020956993103027344
65140,normal,2441,0,1782359131.1981032,0.0018742084503173828
65141,normal,669,0,1782359131.2001019,0.0019986629486083984
65142,normal,2693,0,1782359131.2022345,0.0021326541900634766
65143,normal,2126,0,1782359131.2040713,0.0018367767333984375
65144,normal,3437,0,1782359131.2061696,0.0020983219146728516
65145,normal,2158,0,1782359131.208324,0.0021543502807617188
65146,normal,1005,2,1782359131.210086,0.0017621517181396484
65147,normal,551,0,1782359131.2122643,0.002178192138671875
65148,normal,3078,1,1782359131.2143736,0.0021092891693115234
65149,normal,2026,0,1782359131.216236,0.0018625259399414062
65150,normal,3167,1,1782359131.218181,0.0019447803497314453
65151,normal,3452,0,1782359131.2202713,0.0020904541015625
65152,normal,1292,0,1782359131.2222285,0.0019571781158447266
65153,normal,2679,0,1782359131.224105,0.0018763542175292969
65154,normal,3628,0,1782359131.226154,0.0020492076873779297
65155,normal,1576,0,1782359131.2280855,0.0019314289093017578
65156,normal,1006,2,1782359131.2303169,0.0022313594818115234
65157,normal,1550,0,1782359131.2321074,0.0017905235290527344
65158,normal,981,2,1782359131.2341518,0.0020444393157958984
65159,normal,1227,0,1782359131.236047,0.0018951892852783203
65160,normal,2009,0,1782359131.238177,0.0021300315856933594
65161,normal,2820,0,1782359131.240469,0.0022919178009033203
65162,normal,2610,0,1782359131.2422884,0.0018193721771240234
65163,normal,1440,0,1782359131.2442524,0.001964092254638672
65164,normal,1680,0,1782359131.2473707,0.003118276596069336
65165,normal,2727,0,1782359131.2481425,0.0007717609405517578
65166,normal,3576,0,1782359131.2502227,0.002080202102661133
65167,normal,382,0,1782359131.2521203,0.001897573471069336
65168,normal,501,0,1782359131.2542384,0.0021181106567382812
65169,normal,2519,0,1782359131.2560759,0.0018374919891357422
65170,normal,1150,0,1782359131.2581787,0.0021028518676757812
65171,normal,867,2,1782359131.2601001,0.0019214153289794922
65172,normal,131,0,1782359131.2621703,0.002070188522338867
65173,normal,2734,0,1782359131.264161,0.001990795135498047
65174,normal,3272,1,1782359131.2662394,0.0020782947540283203
65175,normal,3389,1,1782359131.2681823,0.0019428730010986328
65176,normal,2624,0,1782359131.2701936,0.0020112991333007812
65177,normal,908,2,1782359131.2726018,0.002408266067504883
65178,normal,116,0,1782359131.2742538,0.0016520023345947266
65179,normal,2962,0,1782359131.2760453,0.0017914772033691406
65180,normal,2498,0,1782359131.2781885,0.0021431446075439453
65181,normal,3483,0,1782359131.2802327,0.002044200897216797
65182,normal,1867,0,1782359131.28208,0.0018472671508789062
65183,normal,2581,0,1782359131.2842057,0.0021257400512695312
65184,normal,466,0,1782359131.286206,0.0020003318786621094
65185,normal,1328,1,1782359131.288389,0.0021829605102539062
65186,normal,1119,0,1782359131.2902155,0.0018265247344970703
65187,normal,1288,0,1782359131.2921329,0.0019173622131347656
65188,normal,258,0,1782359131.2940102,0.0018773078918457031
65189,normal,2864,0,1782359131.296098,0.002087831497192383
65190,normal,445,0,1782359131.2980378,0.0019397735595703125
65191,normal,2760,0,1782359131.3000326,0.0019948482513427734
65192,normal,2602,0,1782359131.302107,0.0020744800567626953
65193,normal,575,0,1782359131.3040078,0.0019006729125976562
65194,normal,638,0,1782359131.3061028,0.0020949840545654297
65195,normal,243,0,1782359131.3081214,0.0020186901092529297
65196,normal,204,0,1782359131.3100798,0.0019583702087402344
65197,normal,1906,0,1782359131.3120642,0.0019843578338623047
65198,normal,790,2,1782359131.3141193,0.0020551681518554688
65199,normal,2204,0,1782359131.316195,0.002075672149658203
65200,normal,2587,0,1782359131.3181715,0.001976490020751953
65201,normal,2231,0,1782359131.3201406,0.0019690990447998047
65202,normal,3035,0,1782359131.3220527,0.0019121170043945312
65203,normal,3655,0,1782359131.3240778,0.002025127410888672
65204,normal,978,2,1782359131.326223,0.002145051956176758
65205,normal,1628,0,1782359131.3281446,0.0019216537475585938
65206,normal,26,0,1782359131.330092,0.0019474029541015625
65207,normal,2081,0,1782359131.3322468,0.002154827117919922
65208,normal,1750,0,1782359131.3341885,0.001941680908203125
65209,normal,1599,0,1782359131.3360868,0.0018982887268066406
65210,normal,1859,0,1782359131.3382416,0.002154827117919922
65211,normal,3246,1,1782359131.3400512,0.0018095970153808594
65212,normal,881,2,1782359131.3420427,0.0019915103912353516
65213,normal,3140,1,1782359131.3441215,0.0020787715911865234
65214,normal,273,0,1782359131.346028,0.0019066333770751953
65215,normal,372,0,1782359131.3480968,0.002068758010864258
65216,normal,3697,0,1782359131.3501139,0.0020170211791992188
65217,normal,460,0,1782359131.3521507,0.0020368099212646484
65218,normal,3102,1,1782359131.3540888,0.0019381046295166016
65219,normal,1976,0,1782359131.3561716,0.00208282470703125
65220,normal,896,2,1782359131.3580832,0.0019116401672363281
65221,normal,704,0,1782359131.3600478,0.001964569091796875
65222,normal,1303,0,1782359131.3621385,0.0020906925201416016
65223,normal,2186,0,1782359131.3640366,0.001898050308227539
65224,normal,3488,0,1782359131.366095,0.0020585060119628906
65225,normal,2460,0,1782359131.3680947,0.0019996166229248047
65226,normal,2701,0,1782359131.3701239,0.0020291805267333984
65227,normal,3266,1,1782359131.3720644,0.0019404888153076172
65228,normal,1690,0,1782359131.3741486,0.0020842552185058594
65229,normal,634,0,1782359131.3761342,0.0019855499267578125
65230,normal,3176,1,1782359131.3781853,0.002051115036010742
65231,normal,1136,0,1782359131.3800747,0.0018894672393798828
65232,normal,2726,0,1782359131.3821168,0.002042055130004883
65233,normal,1346,1,1782359131.3841393,0.0020225048065185547
65234,normal,1607,0,1782359131.38609,0.0019507408142089844
65235,normal,2575,0,1782359131.3880172,0.0019271373748779297
65236,normal,3641,0,1782359131.390084,0.0020668506622314453
65237,normal,3666,0,1782359131.3921437,0.0020596981048583984
65238,normal,3438,0,1782359131.3941867,0.002043008804321289
65239,normal,3453,0,1782359131.3960671,0.0018804073333740234
65240,normal,2461,0,1782359131.3981507,0.0020835399627685547
65241,normal,3524,0,1782359131.4000669,0.0019161701202392578
65242,normal,2335,0,1782359131.4024296,0.0023627281188964844
65243,normal,2653,0,1782359131.4042797,0.001850128173828125
65244,normal,1778,0,1782359131.406195,0.0019152164459228516
65245,normal,1567,0,1782359131.4080813,0.0018863677978515625
65246,normal,3557,0,1782359131.410163,0.002081632614135742
65247,normal,3669,0,1782359131.412161,0.0019981861114501953
65248,normal,2801,0,1782359131.4141564,0.0019953250885009766
65249,normal,561,0,1782359131.4162602,0.0021038055419921875
65250,normal,92,0,1782359131.4180613,0.0018010139465332031
65251,normal,463,0,1782359131.420175,0.002113819122314453
65252,normal,3185,1,1782359131.4220905,0.0019154548645019531
65253,normal,2326,0,1782359131.4241977,0.0021071434020996094
65254,normal,494,0,1782359131.4261305,0.0019328594207763672
65255,normal,2855,0,1782359131.4281998,0.002069234848022461
65256,normal,3262,1,1782359131.4301672,0.0019674301147460938
65257,normal,2609,0,1782359131.4321253,0.001958131790161133
65258,normal,1671,0,1782359131.4345527,0.002427339553833008
65259,normal,617,0,1782359131.4363124,0.0017597675323486328
65260,normal,2505,0,1782359131.4380422,0.001729726791381836
65261,normal,2404,0,1782359131.4401944,0.0021522045135498047
65262,normal,2438,0,1782359131.4422586,0.002064228057861328
65263,normal,2592,0,1782359131.4441278,0.00186920166015625
65264,normal,1305,0,1782359131.4462574,0.0021295547485351562
65265,normal,2951,0,1782359131.4483206,0.002063274383544922
65266,normal,3358,1,1782359131.4500506,0.0017299652099609375
65267,normal,22,0,1782359131.4523175,0.0022668838500976562
65268,normal,120,0,1782359131.4542837,0.001966238021850586
65269,normal,3186,1,1782359131.456071,0.0017871856689453125
65270,normal,3443,0,1782359131.4581723,0.002101421356201172
65271,normal,3294,1,1782359131.4601638,0.0019915103912353516
65272,normal,1490,0,1782359131.462093,0.0019292831420898438
65273,normal,3287,1,1782359131.4641864,0.0020933151245117188
65274,normal,589,0,1782359131.466159,0.001972675323486328
65275,normal,2075,0,1782359131.4680755,0.0019164085388183594
65276,normal,154,0,1782359131.470195,0.0021195411682128906
65277,normal,1268,0,1782359131.4722338,0.002038717269897461
65278,normal,3178,1,1782359131.474127,0.0018932819366455078
65279,normal,1148,0,1782359131.476182,0.002054929733276367
65280,normal,850,2,1782359131.4782062,0.0020241737365722656
65281,normal,3245,1,1782359131.4801223,0.0019161701202392578
65282,normal,1372,1,1782359131.4822438,0.002121448516845703
65283,normal,2036,0,1782359131.4841578,0.0019140243530273438
65284,normal,519,0,1782359131.4860747,0.0019168853759765625
65285,normal,1724,0,1782359131.488183,0.002108335494995117
65286,normal,935,2,1782359131.4901872,0.0020041465759277344
65287,normal,3406,0,1782359131.4920843,0.0018970966339111328
65288,normal,3239,1,1782359131.4941838,0.0020995140075683594
65289,normal,109,0,1782359131.496172,0.0019881725311279297
65290,normal,351,0,1782359131.4980907,0.001918792724609375
65291,normal,3295,1,1782359131.5003276,0.0022368431091308594
65292,normal,758,0,1782359131.502133,0.0018053054809570312
65293,normal,425,0,1782359131.5040796,0.0019466876983642578
65294,normal,2567,0,1782359131.5061877,0.0021080970764160156
65295,normal,2057,0,1782359131.5081537,0.0019659996032714844
65296,normal,1219,0,1782359131.5100667,0.0019130706787109375
65297,normal,388,0,1782359131.5121813,0.002114534378051758
65298,normal,1244,0,1782359131.5141852,0.002003908157348633
65299,normal,1459,0,1782359131.5161247,0.001939535140991211
65300,normal,1710,0,1782359131.5182807,0.0021560192108154297
65301,normal,640,0,1782359131.5201666,0.0018858909606933594
65302,normal,1396,0,1782359131.5221171,0.0019505023956298828
65303,normal,2881,0,1782359131.5242374,0.0021202564239501953
65304,normal,3151,1,1782359131.5261247,0.0018873214721679688
65305,normal,7,0,1782359131.5281677,0.002043008804321289
65306,normal,1129,0,1782359131.5300636,0.001895904541015625
65307,normal,1939,0,1782359131.5322235,0.0021598339080810547
65308,normal,2597,0,1782359131.53415,0.001926422119140625
65309,normal,2568,0,1782359131.5362582,0.002108335494995117
65310,normal,541,0,1782359131.5384185,0.002160310745239258
65311,normal,2604,0,1782359131.5402176,0.0017991065979003906
65312,normal,500,0,1782359131.542192,0.001974344253540039
65313,normal,3053,1,1782359131.5441217,0.0019297599792480469
65314,normal,887,2,1782359131.546079,0.0019571781158447266
65315,normal,3603,0,1782359131.5482516,0.002172708511352539
65316,normal,988,2,1782359131.550054,0.0018024444580078125
65317,normal,2280,0,1782359131.5520945,0.002040386199951172
65318,normal,3580,0,1782359131.5540984,0.002003908157348633
65319,normal,3648,0,1782359131.5561867,0.002088308334350586
65320,normal,2180,0,1782359131.5581074,0.0019207000732421875
65321,normal,497,0,1782359131.5601685,0.002061128616333008
65322,normal,3313,1,1782359131.5621994,0.0020308494567871094
65323,normal,254,0,1782359131.564144,0.0019445419311523438
65324,normal,334,0,1782359131.56637,0.002226114273071289
65325,normal,2480,0,1782359131.5684962,0.0021262168884277344
65326,normal,1746,0,1782359131.5701218,0.0016255378723144531
65327,normal,2637,0,1782359131.5721781,0.0020563602447509766
65328,normal,2054,0,1782359131.5741415,0.001963376998901367
65329,normal,3317,1,1782359131.5761778,0.0020363330841064453
65330,normal,1174,0,1782359131.5781446,0.001966714859008789
65331,normal,1293,0,1782359131.5803049,0.002160310745239258
65332,normal,2059,0,1782359131.5820932,0.0017883777618408203
65333,normal,2688,0,1782359131.5847814,0.002688169479370117
65334,normal,602,0,1782359131.5860696,0.0012881755828857422
65335,normal,3604,0,1782359131.5882134,0.00214385986328125
65336,normal,2172,0,1782359131.590092,0.001878499984741211
65337,normal,65,0,1782359131.592226,0.002134084701538086
65338,normal,1861,0,1782359131.594203,0.0019769668579101562
65339,normal,1838,0,1782359131.5962968,0.002093791961669922
65340,normal,202,0,1782359131.598198,0.0019011497497558594
65341,normal,885,2,1782359131.6001577,0.0019598007202148438
65342,normal,3269,1,1782359131.602175,0.0020172595977783203
65343,normal,661,0,1782359131.6041853,0.002010345458984375
65344,normal,2859,0,1782359131.6062264,0.0020411014556884766
65345,normal,3281,1,1782359131.6082542,0.002027750015258789
65346,normal,2908,0,1782359131.6101315,0.0018773078918457031
65347,normal,2917,0,1782359131.612098,0.0019664764404296875
65348,normal,2920,0,1782359131.6144881,0.002390146255493164
65349,normal,803,2,1782359131.6161678,0.0016796588897705078
65350,normal,1564,0,1782359131.6180947,0.0019268989562988281
65351,normal,906,2,1782359131.620091,0.001996278762817383
65352,normal,2238,0,1782359131.6221752,0.0020842552185058594
65353,normal,825,2,1782359131.6240728,0.001897573471069336
65354,normal,1300,0,1782359131.6261888,0.002115964889526367
65355,normal,386,0,1782359131.6281815,0.0019927024841308594
65356,normal,2227,0,1782359131.6300757,0.001894235610961914
65357,normal,623,0,1782359131.632202,0.0021262168884277344
65358,normal,1253,0,1782359131.6341891,0.0019872188568115234
65359,normal,2308,0,1782359131.636142,0.0019528865814208984
65360,normal,3054,1,1782359131.6381128,0.0019707679748535156
65361,normal,3414,0,1782359131.6401727,0.0020599365234375
65362,normal,2629,0,1782359131.6421015,0.0019288063049316406
65363,normal,2298,0,1782359131.6441283,0.002026796340942383
65364,normal,2884,0,1782359131.6462257,0.0020973682403564453
65365,normal,2528,0,1782359131.6480749,0.0018491744995117188
65366,normal,104,0,1782359131.6501954,0.002120494842529297
65367,normal,2708,0,1782359131.6521006,0.001905202865600586
65368,normal,2668,0,1782359131.6541796,0.002079010009765625
65369,normal,1891,0,1782359131.6560566,0.0018770694732666016
65370,normal,2697,0,1782359131.6582,0.002143383026123047
65371,normal,1919,0,1782359131.6600955,0.0018954277038574219
65372,normal,560,0,1782359131.6622026,0.0021071434020996094
65373,normal,1726,0,1782359131.664332,0.0021293163299560547
65374,normal,1575,0,1782359131.6660693,0.001737356185913086
65375,normal,2103,0,1782359131.66819,0.0021207332611083984
65376,normal,2728,0,1782359131.670131,0.0019409656524658203
65377,normal,3393,1,1782359131.672192,0.002061128616333008
65378,normal,246,0,1782359131.6741712,0.0019791126251220703
65379,normal,2931,0,1782359131.6762934,0.002122163772583008
65380,normal,1352,1,1782359131.6782181,0.001924753189086914
65381,normal,3434,0,1782359131.680245,0.002026796340942383
65382,normal,923,2,1782359131.682359,0.0021140575408935547
65383,normal,1954,0,1782359131.6842256,0.0018665790557861328
65384,normal,3355,1,1782359131.686214,0.0019884109497070312
65385,normal,861,2,1782359131.6883235,0.002109527587890625
65386,normal,522,0,1782359131.690326,0.0020024776458740234
65387,normal,145,0,1782359131.692182,0.001856088638305664
65388,normal,2853,0,1782359131.6942725,0.0020904541015625
65389,normal,2669,0,1782359131.6961777,0.001905202865600586
65390,normal,886,2,1782359131.6984093,0.002231597900390625
65391,normal,2342,0,1782359131.700282,0.0018727779388427734
65392,normal,2593,0,1782359131.702322,0.0020399093627929688
65393,normal,2980,0,1782359131.704291,0.0019690990447998047
65394,normal,3306,1,1782359131.7064185,0.002127408981323242
65395,normal,2195,0,1782359131.708177,0.001758575439453125
65396,normal,2902,0,1782359131.710408,0.0022308826446533203
65397,normal,2678,0,1782359131.7123356,0.0019276142120361328
65398,normal,1281,0,1782359131.71415,0.0018143653869628906
65399,normal,840,2,1782359131.7162747,0.002124786376953125
65400,normal,3472,0,1782359131.7182643,0.001989603042602539
65401,normal,698,0,1782359131.7203128,0.002048492431640625
65402,normal,3608,0,1782359131.722185,0.0018720626831054688
65403,normal,1019,2,1782359131.724263,0.0020780563354492188
65404,normal,3090,1,1782359131.7261672,0.0019042491912841797
65405,normal,3168,1,1782359131.7282598,0.002092599868774414
65406,normal,3347,1,1782359131.7305593,0.0022995471954345703
65407,normal,3602,0,1782359131.732348,0.0017886161804199219
65408,normal,892,2,1782359131.7342927,0.0019447803497314453
65409,normal,1751,0,1782359131.7362022,0.001909494400024414
65410,normal,1912,0,1782359131.7381766,0.001974344253540039
65411,normal,1191,0,1782359131.7402854,0.0021088123321533203
65412,normal,1992,0,1782359131.7423398,0.002054452896118164
65413,normal,2784,0,1782359131.7441795,0.0018396377563476562
65414,normal,3372,1,1782359131.746255,0.0020754337310791016
65415,normal,968,2,1782359131.7481782,0.0019233226776123047
65416,normal,2051,0,1782359131.7501824,0.0020041465759277344
65417,normal,2883,0,1782359131.752271,0.0020885467529296875
65418,normal,754,0,1782359131.7541497,0.0018787384033203125
65419,normal,2405,0,1782359131.7561429,0.0019931793212890625
65420,normal,1949,0,1782359131.7581975,0.0020546913146972656
65421,normal,3319,1,1782359131.7602057,0.002008199691772461
65422,normal,2256,0,1782359131.762581,0.002375364303588867
65423,normal,3046,1,1782359131.764544,0.001962900161743164
65424,normal,2683,0,1782359131.7660449,0.001500844955444336
65425,normal,127,0,1782359131.7681773,0.002132415771484375
65426,normal,3562,0,1782359131.7701097,0.001932382583618164
65427,normal,1373,1,1782359131.7722516,0.0021419525146484375
65428,normal,2619,0,1782359131.7741473,0.0018956661224365234
65429,normal,586,0,1782359131.7763436,0.0021963119506835938
65430,normal,3061,1,1782359131.7781222,0.0017786026000976562
65431,normal,316,0,1782359131.7803085,0.002186298370361328
65432,normal,3540,0,1782359131.7821991,0.0018906593322753906
65433,normal,192,0,1782359131.784179,0.001979827880859375
65434,normal,2517,0,1782359131.7861323,0.0019533634185791016
65435,normal,3229,1,1782359131.7882864,0.002154111862182617
65436,normal,523,0,1782359131.7902853,0.0019989013671875
65437,normal,165,0,1782359131.7921891,0.0019037723541259766
65438,normal,1246,0,1782359131.7942944,0.002105236053466797
65439,normal,1142,0,1782359131.7962735,0.0019791126251220703
65440,normal,417,0,1782359131.798191,0.0019176006317138672
65441,normal,2861,0,1782359131.8001597,0.0019686222076416016
65442,normal,1159,0,1782359131.8023188,0.00215911865234375
65443,normal,1837,0,1782359131.804255,0.001936197280883789
65444,normal,1267,0,1782359131.8060942,0.0018391609191894531
65445,normal,2080,0,1782359131.8082125,0.002118349075317383
65446,normal,2905,0,1782359131.8101118,0.0018992424011230469
65447,normal,3410,0,1782359131.8121493,0.002037525177001953
65448,normal,2979,0,1782359131.8141956,0.002046346664428711
65449,normal,255,0,1782359131.8160896,0.0018939971923828125
65450,normal,2819,0,1782359131.818274,0.0021843910217285156
65451,normal,2286,0,1782359131.8201983,0.001924276351928711
65452,normal,961,2,1782359131.8220477,0.0018494129180908203
65453,normal,3659,0,1782359131.8241925,0.0021448135375976562
65454,normal,3504,0,1782359131.8261347,0.0019421577453613281
65455,normal,1834,0,1782359131.8280902,0.0019555091857910156
65456,normal,2242,0,1782359131.8303163,0.002226114273071289
65457,normal,2043,0,1782359131.832128,0.0018117427825927734
65458,normal,2997,0,1782359131.834068,0.001940011978149414
65459,normal,2656,0,1782359131.836179,0.0021109580993652344
65460,normal,3067,1,1782359131.8381164,0.0019373893737792969
65461,normal,802,2,1782359131.8401778,0.0020613670349121094
65462,normal,2765,0,1782359131.8420863,0.0019085407257080078
65463,normal,820,2,1782359131.8442342,0.0021479129791259766
65464,normal,2048,0,1782359131.8461256,0.0018913745880126953
65465,normal,1866,0,1782359131.8481355,0.002009868621826172
65466,normal,2107,0,1782359131.8502285,0.002093076705932617
65467,normal,2245,0,1782359131.8520966,0.0018680095672607422
65468,normal,3058,1,1782359131.8542116,0.002115011215209961
65469,normal,2065,0,1782359131.8561702,0.001958608627319336
65470,normal,1334,1,1782359131.8580778,0.0019075870513916016
65471,normal,3518,0,1782359131.8601983,0.002120494842529297
65472,normal,1897,0,1782359131.8621676,0.0019693374633789062
65473,normal,1416,0,1782359131.8641434,0.0019757747650146484
65474,normal,3283,1,1782359131.8661397,0.001996278762817383
65475,normal,509,0,1782359131.8682513,0.002111673355102539
65476,normal,2799,0,1782359131.8701906,0.0019392967224121094
65477,normal,1398,0,1782359131.8721657,0.0019750595092773438
65478,normal,2649,0,1782359131.8742452,0.002079486846923828
65479,normal,2583,0,1782359131.8761358,0.0018906593322753906
65480,normal,605,0,1782359131.8781853,0.0020494461059570312
65481,normal,1568,0,1782359131.880313,0.0021276473999023438
65482,normal,620,0,1782359131.8820798,0.0017669200897216797
65483,normal,1062,0,1782359131.8841891,0.0021092891693115234
65484,normal,2411,0,1782359131.8861458,0.0019567012786865234
65485,normal,1360,1,1782359131.8880682,0.0019223690032958984
65486,normal,226,0,1782359131.8902752,0.002207040786743164
65487,normal,3207,1,1782359131.8921032,0.0018279552459716797
65488,normal,3086,1,1782359131.8940654,0.0019621849060058594
65489,normal,2698,0,1782359131.8961787,0.00211334228515625
65490,normal,897,2,1782359131.8981338,0.0019550323486328125
65491,normal,3449,0,1782359131.9003422,0.0022084712982177734
65492,normal,1172,0,1782359131.9023204,0.001978158950805664
65493,normal,3583,0,1782359131.9041383,0.001817941665649414
65494,normal,1480,0,1782359131.9060793,0.0019409656524658203
65495,normal,3584,0,1782359131.9081898,0.0021104812622070312
65496,normal,80,0,1782359131.910167,0.001977205276489258
65497,normal,2793,0,1782359131.9121203,0.0019533634185791016
65498,normal,2778,0,1782359131.914218,0.002097606658935547
65499,normal,858,2,1782359131.916147,0.0019290447235107422
65500,normal,1683,0,1782359131.918296,0.0021491050720214844
65501,normal,2202,0,1782359131.9200819,0.0017857551574707031
65502,normal,78,0,1782359131.92223,0.002148151397705078
65503,normal,323,0,1782359131.9240987,0.0018687248229980469
65504,normal,3529,0,1782359131.926229,0.002130270004272461
65505,normal,1104,0,1782359131.9281533,0.001924276351928711
65506,normal,1126,0,1782359131.930085,0.0019316673278808594
65507,normal,2415,0,1782359131.9321945,0.002109527587890625
65508,normal,2546,0,1782359131.9345484,0.0023539066314697266
65509,normal,732,0,1782359131.9364936,0.0019452571868896484
65510,normal,563,0,1782359131.9381225,0.001628875732421875
65511,normal,706,0,1782359131.9401584,0.002035856246948242
65512,normal,1697,0,1782359131.9421415,0.001983165740966797
65513,normal,751,0,1782359131.9442868,0.0021452903747558594
65514,normal,735,0,1782359131.946325,0.002038240432739258
65515,normal,1819,0,1782359131.948253,0.0019278526306152344
65516,normal,1822,0,1782359131.9502082,0.001955270767211914
65517,normal,1945,0,1782359131.952115,0.0019068717956542969
65518,normal,1810,0,1782359131.9542665,0.0021514892578125
65519,normal,3439,0,1782359131.9562428,0.0019762516021728516
65520,normal,2108,0,1782359131.958084,0.0018413066864013672
65521,normal,1975,0,1782359131.9601893,0.002105236053466797
65522,normal,747,0,1782359131.9620805,0.0018911361694335938
65523,normal,3430,0,1782359131.9642112,0.002130746841430664
65524,normal,766,0,1782359131.9661078,0.0018966197967529297
65525,normal,1378,1,1782359131.968206,0.00209808349609375
65526,normal,257,0,1782359131.9701433,0.0019373893737792969
65527,normal,3397,1,1782359131.9720712,0.0019278526306152344
65528,normal,3354,1,1782359131.9742267,0.0021555423736572266
65529,normal,1134,0,1782359131.9762144,0.0019876956939697266
65530,normal,2089,0,1782359131.9781442,0.0019297599792480469
65531,normal,151,0,1782359131.980115,0.0019707679748535156
65532,normal,3014,0,1782359131.9821959,0.0020809173583984375
65533,normal,2865,0,1782359131.9841223,0.001926422119140625
65534,normal,1545,0,1782359131.9861512,0.002028942108154297
65535,normal,265,0,1782359131.98823,0.0020787715911865234
65536,normal,2023,0,1782359131.990103,0.001873016357421875
65537,normal,2783,0,1782359131.9922009,0.0020978450775146484
65538,normal,6,0,1782359131.994147,0.0019462108612060547
65539,normal,252,0,1782359131.9960606,0.0019135475158691406
65540,normal,2933,0,1782359131.9982018,0.002141237258911133
65541,normal,1025,2,1782359132.0001698,0.001967906951904297
65542,normal,3424,0,1782359132.0020924,0.001922607421875
65543,normal,3253,1,1782359132.0042105,0.0021181106567382812
65544,normal,143,0,1782359132.0063174,0.002106904983520508
65545,normal,2514,0,1782359132.0081036,0.0017862319946289062
65546,normal,3187,1,1782359132.010194,0.0020904541015625
65547,normal,187,0,1782359132.0121462,0.0019521713256835938
65548,normal,2757,0,1782359132.0140848,0.0019385814666748047
65549,normal,632,0,1782359132.0161953,0.0021104812622070312
65550,normal,1946,0,1782359132.0181794,0.001984119415283203
65551,normal,2854,0,1782359132.0201075,0.001928091049194336
65552,normal,3343,1,1782359132.0221426,0.0020351409912109375
65553,normal,1113,0,1782359132.0242336,0.002090930938720703
65554,normal,2239,0,1782359132.0261574,0.0019237995147705078
65555,normal,2750,0,1782359132.028129,0.001971721649169922
65556,normal,1594,0,1782359132.0302105,0.0020813941955566406
65557,normal,133,0,1782359132.0321095,0.0018990039825439453
65558,normal,2134,0,1782359132.0341034,0.001993894577026367
65559,normal,1486,0,1782359132.0361948,0.0020914077758789062
65560,normal,2509,0,1782359132.0380805,0.0018856525421142578
65561,normal,1921,0,1782359132.0402076,0.0021271705627441406
65562,normal,3233,1,1782359132.0425265,0.002318859100341797
65563,normal,2476,0,1782359132.0441554,0.001628875732421875
65564,normal,2490,0,1782359132.046169,0.002013683319091797
65565,normal,292,0,1782359132.0483007,0.0021317005157470703
65566,normal,477,0,1782359132.0501738,0.001873016357421875
65567,normal,315,0,1782359132.052199,0.002025127410888672
65568,normal,437,0,1782359132.054224,0.002025127410888672
65569,normal,895,2,1782359132.0562005,0.001976490020751953
65570,normal,251,0,1782359132.0581815,0.001981019973754883
65571,normal,168,0,1782359132.0600815,0.0018999576568603516
65572,normal,3137,1,1782359132.0621831,0.0021016597747802734
65573,normal,1506,0,1782359132.0640702,0.0018870830535888672
65574,normal,686,0,1782359132.0662286,0.0021584033966064453
65575,normal,1660,0,1782359132.068136,0.0019073486328125
65576,normal,3301,1,1782359132.0700705,0.0019345283508300781
65577,normal,743,0,1782359132.0721788,0.002108335494995117
65578,normal,1663,0,1782359132.074069,0.0018901824951171875
65579,normal,1273,0,1782359132.0761817,0.0021126270294189453
65580,normal,3050,1,1782359132.0786421,0.002460479736328125
65581,normal,543,0,1782359132.0802808,0.001638650894165039
65582,normal,1769,0,1782359132.082103,0.0018222332000732422
65583,normal,1162,0,1782359132.0841918,0.002088785171508789
65584,normal,545,0,1782359132.0860872,0.0018954277038574219
65585,normal,2146,0,1782359132.0881991,0.0021119117736816406
65586,normal,3507,0,1782359132.090245,0.002045869827270508
65587,normal,3158,1,1782359132.092234,0.0019888877868652344
65588,normal,1586,0,1782359132.0940766,0.0018427371978759766
65589,normal,3182,1,1782359132.0961971,0.002120494842529297
65590,normal,2955,0,1782359132.0980823,0.0018851757049560547
65591,normal,3254,1,1782359132.1001995,0.002117156982421875
65592,normal,1811,0,1782359132.102187,0.001987457275390625
65593,normal,2939,0,1782359132.1041603,0.001973390579223633
65594,normal,2991,0,1782359132.106227,0.0020666122436523438
65595,normal,2985,0,1782359132.108205,0.001978158950805664
65596,normal,2692,0,1782359132.11014,0.0019350051879882812
65597,normal,1073,0,1782359132.1121588,0.0020186901092529297
65598,normal,3273,1,1782359132.1142032,0.0020444393157958984
65599,normal,2923,0,1782359132.1160882,0.0018849372863769531
65600,normal,2052,0,1782359132.118322,0.002233743667602539
65601,normal,900,2,1782359132.1202857,0.0019638538360595703
65602,normal,420,0,1782359132.1221285,0.0018427371978759766
65603,normal,1712,0,1782359132.1242936,0.002165079116821289
65604,normal,1241,0,1782359132.1264796,0.0021860599517822266
65605,normal,3159,1,1782359132.128098,0.0016183853149414062
65606,normal,356,0,1782359132.1300962,0.0019981861114501953
65607,normal,3130,1,1782359132.1320608,0.001964569091796875
65608,normal,2565,0,1782359132.1341908,0.0021300315856933594
65609,normal,2299,0,1782359132.1360846,0.001893758773803711
65610,normal,1145,0,1782359132.1381934,0.0021088123321533203
65611,normal,1665,0,1782359132.140087,0.0018935203552246094
65612,normal,1153,0,1782359132.142195,0.0021080970764160156
65613,normal,1141,0,1782359132.1441982,0.002003192901611328
65614,normal,66,0,1782359132.146135,0.0019369125366210938
65615,normal,1884,0,1782359132.1481442,0.002009153366088867
65616,normal,2736,0,1782359132.1502278,0.0020835399627685547
65617,normal,1681,0,1782359132.1520848,0.0018570423126220703
65618,normal,2153,0,1782359132.1542103,0.0021255016326904297
65619,normal,2670,0,1782359132.156171,0.00196075439453125
65620,normal,3335,1,1782359132.1581552,0.001984119415283203
65621,normal,1214,0,1782359132.1601179,0.0019626617431640625
65622,normal,1578,0,1782359132.1621919,0.002074003219604492
65623,normal,2423,0,1782359132.164088,0.0018961429595947266
65624,normal,756,0,1782359132.1660898,0.0020017623901367188
65625,normal,2508,0,1782359132.1681955,0.002105712890625
65626,normal,1649,0,1782359132.1700919,0.0018963813781738281
65627,normal,329,0,1782359132.1721933,0.002101421356201172
65628,normal,185,0,1782359132.1741831,0.0019898414611816406
65629,normal,1165,0,1782359132.1761189,0.001935720443725586
65630,normal,2720,0,1782359132.1782708,0.002151966094970703
65631,normal,642,0,1782359132.1800985,0.0018277168273925781
65632,normal,918,2,1782359132.1822064,0.002107858657836914
65633,normal,2563,0,1782359132.1848116,0.0026051998138427734
65634,normal,3339,1,1782359132.1861734,0.001361846923828125
65635,normal,527,0,1782359132.1880941,0.0019207000732421875
65636,normal,2084,0,1782359132.1902082,0.0021140575408935547
65637,normal,805,2,1782359132.1920936,0.0018854141235351562
65638,normal,2316,0,1782359132.1942182,0.0021245479583740234
65639,normal,675,0,1782359132.1961384,0.0019202232360839844
65640,normal,2541,0,1782359132.198265,0.0021266937255859375
65641,normal,784,2,1782359132.2001324,0.0018672943115234375
65642,normal,1053,0,1782359132.2021332,0.0020008087158203125
65643,normal,3492,0,1782359132.2042198,0.002086639404296875
65644,normal,1928,0,1782359132.206108,0.001888275146484375
65645,normal,3457,0,1782359132.2080631,0.0019550323486328125
65646,normal,993,2,1782359132.2101939,0.002130746841430664
65647,normal,2069,0,1782359132.2120852,0.0018913745880126953
65648,normal,331,0,1782359132.2142377,0.0021524429321289062
65649,normal,2612,0,1782359132.2161982,0.0019605159759521484
65650,normal,2536,0,1782359132.2181304,0.0019321441650390625
65651,normal,395,0,1782359132.2201886,0.002058267593383789
65652,normal,2116,0,1782359132.2222264,0.0020377635955810547
65653,normal,2171,0,1782359132.2241929,0.0019664764404296875
65654,normal,664,0,1782359132.226122,0.0019290447235107422
65655,normal,3466,0,1782359132.2282984,0.002176523208618164
65656,normal,518,0,1782359132.2301702,0.0018718242645263672
65657,normal,1645,0,1782359132.2321477,0.0019774436950683594
65658,normal,3020,0,1782359132.2341833,0.0020356178283691406
65659,normal,976,2,1782359132.2360792,0.001895904541015625
65660,normal,191,0,1782359132.238186,0.0021066665649414062
65661,normal,303,0,1782359132.240322,0.00213623046875
65662,normal,3241,1,1782359132.2420597,0.0017375946044921875
65663,normal,1332,1,1782359132.2442236,0.0021638870239257812
65664,normal,2909,0,1782359132.2460752,0.0018515586853027344
65665,normal,2422,0,1782359132.2481868,0.002111673355102539
65666,normal,576,0,1782359132.2501755,0.001988649368286133
65667,normal,478,0,1782359132.2525296,0.002354145050048828
65668,normal,2913,0,1782359132.2541275,0.0015978813171386719
65669,normal,595,0,1782359132.2560797,0.0019521713256835938
65670,normal,3106,1,1782359132.2581973,0.002117633819580078
65671,normal,594,0,1782359132.2600965,0.0018992424011230469
65672,normal,2731,0,1782359132.2622135,0.0021169185638427734
65673,normal,2224,0,1782359132.264165,0.001951456069946289
65674,normal,2402,0,1782359132.2661018,0.0019369125366210938
65675,normal,2972,0,1782359132.268187,0.0020852088928222656
65676,normal,3291,1,1782359132.2700667,0.0018796920776367188
65677,normal,3260,1,1782359132.2721167,0.0020499229431152344
65678,normal,1845,0,1782359132.2741,0.0019834041595458984
65679,normal,392,0,1782359132.2762198,0.002119779586791992
65680,normal,3569,0,1782359132.278117,0.0018970966339111328
65681,normal,2018,0,1782359132.2800925,0.001975536346435547
65682,normal,1341,1,1782359132.2821996,0.0021071434020996094
65683,normal,744,0,1782359132.2842176,0.002017974853515625
65684,normal,2151,0,1782359132.286481,0.002263307571411133
65685,normal,1269,0,1782359132.2881677,0.0016868114471435547
65686,normal,3526,0,1782359132.29006,0.0018923282623291016
65687,normal,1639,0,1782359132.292205,0.002145051956176758
65688,normal,3596,0,1782359132.2941768,0.001971721649169922
65689,normal,3421,0,1782359132.2962055,0.0020287036895751953
65690,normal,3307,1,1782359132.2981515,0.0019459724426269531
65691,normal,2176,0,1782359132.3003395,0.002187967300415039
65692,normal,627,0,1782359132.3021412,0.0018017292022705078
65693,normal,533,0,1782359132.30446,0.002318859100341797
65694,normal,866,2,1782359132.3064632,0.002003192901611328
65695,normal,1950,0,1782359132.3081393,0.0016760826110839844
65696,normal,3337,1,1782359132.3100967,0.001957416534423828
65697,normal,1260,0,1782359132.31204,0.001943349838256836
65698,normal,2776,0,1782359132.314193,0.0021529197692871094
65699,normal,919,2,1782359132.3160913,0.0018982887268066406
65700,normal,358,0,1782359132.3181963,0.0021049976348876953
65701,normal,1420,0,1782359132.320089,0.0018928050994873047
65702,normal,3391,1,1782359132.3221924,0.0021033287048339844
65703,normal,3196,1,1782359132.324163,0.001970529556274414
65704,normal,3237,1,1782359132.3261237,0.00196075439453125
65705,normal,550,0,1782359132.328146,0.002022266387939453
65706,normal,1542,0,1782359132.3302178,0.002071857452392578
65707,normal,2976,0,1782359132.3320882,0.0018703937530517578
65708,normal,1144,0,1782359132.3342173,0.002129077911376953
65709,normal,1315,0,1782359132.3361845,0.001967191696166992
65710,normal,1635,0,1782359132.338141,0.001956462860107422
65711,normal,1901,0,1782359132.3401186,0.001977682113647461
65712,normal,1569,0,1782359132.3421826,0.0020639896392822266
65713,normal,511,0,1782359132.3440835,0.0019009113311767578
65714,normal,455,0,1782359132.346196,0.0021123886108398438
65715,normal,3670,0,1782359132.3481233,0.0019273757934570312
65716,normal,2501,0,1782359132.3500996,0.0019762516021728516
65717,normal,783,2,1782359132.3521664,0.0020668506622314453
65718,normal,163,0,1782359132.3541956,0.0020291805267333984
65719,normal,2285,0,1782359132.3561127,0.001917123794555664
65720,normal,1410,0,1782359132.358179,0.002066373825073242
65721,normal,2503,0,1782359132.3601687,0.001989603042602539
65722,normal,72,0,1782359132.362083,0.0019142627716064453
65723,normal,727,0,1782359132.364192,0.002109050750732422
65724,normal,3463,0,1782359132.3661444,0.0019524097442626953
65725,normal,2941,0,1782359132.3680794,0.0019350051879882812
65726,normal,3265,1,1782359132.370208,0.00212860107421875
65727,normal,1245,0,1782359132.372153,0.0019450187683105469
65728,normal,220,0,1782359132.374125,0.0019719600677490234
65729,normal,2527,0,1782359132.3761258,0.0020008087158203125
65730,normal,385,0,1782359132.3782556,0.002129793167114258
65731,normal,2255,0,1782359132.380101,0.0018453598022460938
65732,normal,2938,0,1782359132.3822088,0.002107858657836914
65733,normal,2431,0,1782359132.3841558,0.0019469261169433594
65734,normal,2676,0,1782359132.3860962,0.0019404888153076172
65735,normal,1030,0,1782359132.3881886,0.0020923614501953125
65736,normal,548,0,1782359132.3901327,0.0019440650939941406
65737,normal,1215,0,1782359132.392078,0.0019452571868896484
65738,normal,3318,1,1782359132.3944082,0.002330303192138672
65739,normal,830,2,1782359132.3961225,0.0017142295837402344
65740,normal,1967,0,1782359132.3981307,0.002008199691772461
65741,normal,3498,0,1782359132.400168,0.0020372867584228516
65742,normal,932,2,1782359132.4023728,0.00220489501953125
65743,normal,3570,0,1782359132.4041395,0.0017666816711425781
65744,normal,1422,0,1782359132.4061384,0.0019989013671875
65745,normal,1261,0,1782359132.4082973,0.0021588802337646484
65746,normal,1688,0,1782359132.410156,0.0018587112426757812
65747,normal,2475,0,1782359132.4120696,0.0019135475158691406
65748,normal,321,0,1782359132.414202,0.002132415771484375
65749,normal,2244,0,1782359132.4160707,0.0018687248229980469
65750,normal,3593,0,1782359132.4182487,0.0021779537200927734
65751,normal,1679,0,1782359132.4201188,0.0018701553344726562
65752,normal,2320,0,1782359132.4220693,0.0019505023956298828
65753,normal,853,2,1782359132.4241843,0.002115011215209961
65754,normal,1314,0,1782359132.426117,0.0019326210021972656
65755,normal,2758,0,1782359132.428184,0.002067089080810547
65756,normal,901,2,1782359132.4305444,0.0023603439331054688
65757,normal,1318,0,1782359132.4322543,0.0017099380493164062
65758,normal,324,0,1782359132.4340632,0.0018088817596435547
65759,normal,1734,0,1782359132.4361868,0.002123594284057617
65760,normal,998,2,1782359132.4381375,0.0019507408142089844
65761,normal,2155,0,1782359132.4400947,0.0019571781158447266
65762,normal,2222,0,1782359132.4422529,0.0021581649780273438
65763,normal,1324,1,1782359132.4442322,0.001979351043701172
65764,normal,3364,1,1782359132.446087,0.0018546581268310547
65765,normal,1173,0,1782359132.4481966,0.0021097660064697266
65766,normal,2716,0,1782359132.4501204,0.0019237995147705078
65767,normal,1290,0,1782359132.4522011,0.002080678939819336
65768,normal,2131,0,1782359132.4540951,0.0018939971923828125
65769,normal,2300,0,1782359132.4562514,0.0021562576293945312
65770,normal,3695,0,1782359132.4581153,0.0018639564514160156
65771,normal,203,0,1782359132.4600933,0.0019779205322265625
65772,normal,349,0,1782359132.462228,0.0021347999572753906
65773,normal,3225,1,1782359132.464523,0.0022950172424316406
65774,normal,60,0,1782359132.4664147,0.0018916130065917969
65775,normal,3664,0,1782359132.4680605,0.001645803451538086
65776,normal,1376,1,1782359132.4701815,0.0021209716796875
65777,normal,2117,0,1782359132.4720795,0.001898050308227539
65778,normal,2187,0,1782359132.4742217,0.002142190933227539
65779,normal,2623,0,1782359132.4761372,0.0019154548645019531
65780,normal,1272,0,1782359132.4781375,0.0020003318786621094
65781,normal,3467,0,1782359132.4803362,0.0021986961364746094
65782,normal,1654,0,1782359132.4820871,0.001750946044921875
65783,normal,1234,0,1782359132.484306,0.002218961715698242
65784,normal,2216,0,1782359132.4862454,0.0019392967224121094
65785,normal,3146,1,1782359132.488125,0.0018796920776367188
65786,normal,1015,2,1782359132.4901865,0.0020613670349121094
65787,normal,945,2,1782359132.4921012,0.0019147396087646484
65788,normal,2362,0,1782359132.4941933,0.002092123031616211
65789,normal,3356,1,1782359132.49609,0.0018966197967529297
65790,normal,2936,0,1782359132.4982004,0.0021104812622070312
65791,normal,3070,1,1782359132.500075,0.001874685287475586
65792,normal,83,0,1782359132.5021968,0.0021216869354248047
65793,normal,1857,0,1782359132.5041566,0.0019598007202148438
65794,normal,2944,0,1782359132.5061207,0.001964092254638672
65795,normal,1677,0,1782359132.5081372,0.0020165443420410156
65796,normal,3331,1,1782359132.510203,0.0020656585693359375
65797,normal,2122,0,1782359132.5120876,0.0018846988677978516
65798,normal,2779,0,1782359132.514213,0.0021255016326904297
65799,normal,3658,0,1782359132.51619,0.0019769668579101562
65800,normal,1351,1,1782359132.5181413,0.0019512176513671875
65801,normal,3033,0,1782359132.5200808,0.001939535140991211
65802,normal,1606,0,1782359132.5221858,0.0021049976348876953
65803,normal,1441,0,1782359132.524081,0.0018951892852783203
65804,normal,12,0,1782359132.5261905,0.002109527587890625
65805,normal,375,0,1782359132.5281096,0.0019190311431884766
65806,normal,250,0,1782359132.5300825,0.0019729137420654297
65807,normal,879,2,1782359132.532195,0.0021126270294189453
65808,normal,3162,1,1782359132.5341563,0.001961231231689453
65809,normal,542,0,1782359132.536091,0.0019347667694091797
65810,normal,2821,0,1782359132.5381408,0.002049684524536133
65811,normal,746,0,1782359132.5401585,0.0020177364349365234
65812,normal,2044,0,1782359132.5421035,0.0019450187683105469
65813,normal,3532,0,1782359132.5442004,0.002096891403198242
65814,normal,537,0,1782359132.546144,0.0019435882568359375
65815,normal,3553,0,1782359132.5480797,0.001935720443725586
65816,normal,1243,0,1782359132.550195,0.0021152496337890625
65817,normal,3192,1,1782359132.5521564,0.0019614696502685547
65818,normal,2363,0,1782359132.5541196,0.0019631385803222656
65819,normal,2732,0,1782359132.5561419,0.002022266387939453
65820,normal,1902,0,1782359132.5582678,0.002125978469848633
65821,normal,1636,0,1782359132.5600972,0.001829385757446289
65822,normal,2640,0,1782359132.5622032,0.0021059513092041016
65823,normal,1339,1,1782359132.5641484,0.0019452571868896484
65824,normal,278,0,1782359132.566095,0.0019466876983642578
65825,normal,2083,0,1782359132.5681896,0.0020945072174072266
65826,normal,343,0,1782359132.5701182,0.001928567886352539
65827,normal,660,0,1782359132.5721855,0.0020673274993896484
65828,normal,680,0,1782359132.5743263,0.0021407604217529297
65829,normal,1562,0,1782359132.5761452,0.0018188953399658203
65830,normal,1306,0,1782359132.5781345,0.0019893646240234375
65831,normal,3366,1,1782359132.580162,0.0020275115966796875
65832,normal,1298,0,1782359132.5822616,0.0020995140075683594
65833,normal,3288,1,1782359132.584174,0.0019123554229736328
65834,normal,931,2,1782359132.58614,0.0019659996032714844
65835,normal,2029,0,1782359132.5882993,0.0021593570709228516
65836,normal,3595,0,1782359132.5901735,0.0018742084503173828
65837,normal,1359,1,1782359132.59218,0.00200653076171875
65838,normal,3636,0,1782359132.5941024,0.0019223690032958984
65839,normal,1767,0,1782359132.5960686,0.001966238021850586
65840,normal,1093,0,1782359132.5981956,0.002126932144165039
65841,normal,2106,0,1782359132.6002305,0.002034902572631836
65842,normal,927,2,1782359132.6020677,0.0018372535705566406
65843,normal,34,0,1782359132.604177,0.0021092891693115234
65844,normal,3699,0,1782359132.6061096,0.0019326210021972656
65845,normal,2999,0,1782359132.6081817,0.0020720958709716797
65846,normal,2518,0,1782359132.610541,0.0023593902587890625
65847,normal,3230,1,1782359132.6123092,0.0017681121826171875
65848,normal,352,0,1782359132.6140661,0.001756906509399414
65849,normal,1061,0,1782359132.6161945,0.0021283626556396484
65850,normal,3565,0,1782359132.618122,0.0019276142120361328
65851,normal,3156,1,1782359132.620192,0.0020699501037597656
65852,normal,1696,0,1782359132.6221294,0.0019373893737792969
65853,normal,1570,0,1782359132.6243548,0.0022253990173339844
65854,normal,1466,0,1782359132.6260817,0.0017268657684326172
65855,normal,118,0,1782359132.6281824,0.002100706100463867
65856,normal,1881,0,1782359132.6301253,0.0019428730010986328
65857,normal,1467,0,1782359132.6321962,0.002070903778076172
65858,normal,1832,0,1782359132.6340992,0.0019030570983886719
65859,normal,209,0,1782359132.636286,0.0021867752075195312
65860,normal,1892,0,1782359132.6382387,0.0019526481628417969
65861,normal,1491,0,1782359132.6401834,0.0019447803497314453
65862,normal,1788,0,1782359132.6421912,0.002007722854614258
65863,normal,1428,0,1782359132.6441488,0.0019576549530029297
65864,normal,512,0,1782359132.6462262,0.002077341079711914
65865,normal,581,0,1782359132.6480908,0.0018646717071533203
65866,normal,1313,0,1782359132.6502814,0.0021905899047851562
65867,normal,1719,0,1782359132.6522496,0.0019681453704833984
65868,normal,1,0,1782359132.654139,0.0018894672393798828
65869,normal,448,0,1782359132.656342,0.0022029876708984375
65870,normal,2056,0,1782359132.658366,0.002023935317993164
65871,normal,1265,0,1782359132.660184,0.001817941665649414
65872,normal,3365,1,1782359132.6621277,0.001943826675415039
65873,normal,2177,0,1782359132.6641834,0.002055644989013672
65874,normal,2296,0,1782359132.6661284,0.0019450187683105469
65875,normal,2526,0,1782359132.6680944,0.0019659996032714844
65876,normal,502,0,1782359132.670214,0.0021195411682128906
65877,normal,2954,0,1782359132.6721616,0.001947641372680664
65878,normal,1442,0,1782359132.6740766,0.00191497802734375
65879,normal,1893,0,1782359132.6762025,0.002125978469848633
65880,normal,571,0,1782359132.6781738,0.0019712448120117188
65881,normal,476,0,1782359132.6801426,0.001968860626220703
65882,normal,1231,0,1782359132.682146,0.0020034313201904297
65883,normal,2969,0,1782359132.6841896,0.002043485641479492
65884,normal,814,2,1782359132.686099,0.001909494400024414
65885,normal,1641,0,1782359132.688221,0.0021219253540039062
65886,normal,2471,0,1782359132.6902218,0.0020008087158203125
65887,normal,2156,0,1782359132.6921256,0.0019037723541259766
65888,normal,3696,0,1782359132.6941981,0.002072572708129883
65889,normal,2868,0,1782359132.696231,0.002032756805419922
65890,normal,547,0,1782359132.6982036,0.001972675323486328
65891,normal,3240,1,1782359132.700126,0.0019223690032958984
65892,normal,1517,0,1782359132.7021828,0.0020568370819091797
65893,normal,2496,0,1782359132.704109,0.0019261837005615234
65894,normal,3477,0,1782359132.7062278,0.002118825912475586
65895,normal,714,0,1782359132.708159,0.0019311904907226562
65896,normal,1431,0,1782359132.7100928,0.0019338130950927734
65897,normal,1979,0,1782359132.7122402,0.0021474361419677734
65898,normal,276,0,1782359132.7141204,0.0018801689147949219
65899,normal,2977,0,1782359132.7160811,0.00196075439453125
65900,normal,93,0,1782359132.7181954,0.0021142959594726562
65901,normal,544,0,1782359132.7201266,0.0019311904907226562
65902,normal,2919,0,1782359132.7220826,0.0019559860229492188
65903,normal,677,0,1782359132.724219,0.0021364688873291016
65904,normal,2230,0,1782359132.7261817,0.0019626617431640625
65905,normal,282,0,1782359132.728135,0.0019533634185791016
65906,normal,1676,0,1782359132.7301347,0.0019996166229248047
65907,normal,1249,0,1782359132.7321992,0.0020644664764404297
65908,normal,3484,0,1782359132.734089,0.0018897056579589844
65909,normal,2687,0,1782359132.736208,0.0021190643310546875
65910,normal,877,2,1782359132.7381527,0.0019447803497314453
65911,normal,295,0,1782359132.7400773,0.0019245147705078125
65912,normal,147,0,1782359132.7421918,0.002114534378051758
65913,normal,2295,0,1782359132.7441201,0.0019283294677734375
65914,normal,795,2,1782359132.746339,0.002218961715698242
65915,normal,1097,0,1782359132.7481692,0.0018301010131835938
65916,normal,1525,0,1782359132.750265,0.0020956993103027344
65917,normal,2261,0,1782359132.7522757,0.002010822296142578
65918,normal,2561,0,1782359132.754293,0.0020172595977783203
65919,normal,836,2,1782359132.756409,0.002115964889526367
65920,normal,1493,0,1782359132.7581148,0.0017058849334716797
65921,normal,1067,0,1782359132.7603343,0.0022194385528564453
65922,normal,1202,0,1782359132.7621877,0.0018534660339355469
65923,normal,2351,0,1782359132.7641602,0.0019724369049072266
65924,normal,480,0,1782359132.7660818,0.0019216537475585938
65925,normal,2866,0,1782359132.768207,0.002125263214111328
65926,normal,1247,0,1782359132.7700677,0.0018606185913085938
65927,normal,2348,0,1782359132.7722628,0.002195119857788086
65928,normal,291,0,1782359132.7741196,0.0018568038940429688
65929,normal,668,0,1782359132.7760696,0.0019500255584716797
65930,normal,2948,0,1782359132.7781777,0.0021080970764160156
65931,normal,1449,0,1782359132.7800837,0.0019059181213378906
65932,normal,843,2,1782359132.7821846,0.0021009445190429688
65933,normal,1242,0,1782359132.7848744,0.002689838409423828
65934,normal,1469,0,1782359132.7871974,0.0023229122161865234
65935,normal,3440,0,1782359132.7881958,0.0009984970092773438
65936,normal,3202,1,1782359132.7901967,0.0020008087158203125
65937,normal,2811,0,1782359132.7920883,0.0018916130065917969
65938,normal,789,2,1782359132.7942045,0.0021162033081054688
65939,normal,471,0,1782359132.796084,0.0018794536590576172
65940,normal,3271,1,1782359132.7982008,0.0021169185638427734
65941,normal,1513,0,1782359132.8002238,0.002022981643676758
65942,normal,1985,0,1782359132.8022335,0.0020096302032470703
65943,normal,1963,0,1782359132.8040972,0.001863718032836914
65944,normal,3231,1,1782359132.806181,0.0020837783813476562
65945,normal,3259,1,1782359132.8080995,0.0019185543060302734
65946,normal,3461,0,1782359132.810104,0.002004384994506836
65947,normal,1037,0,1782359132.8121874,0.0020835399627685547
65948,normal,1310,0,1782359132.8141937,0.0020062923431396484
65949,normal,1695,0,1782359132.8161094,0.0019156932830810547
65950,normal,87,0,1782359132.8181477,0.002038240432739258
65951,normal,705,0,1782359132.8200972,0.0019495487213134766
65952,normal,1432,0,1782359132.822521,0.0024237632751464844
65953,normal,51,0,1782359132.8245552,0.0020341873168945312
65954,normal,2073,0,1782359132.8263192,0.001764059066772461
65955,normal,1329,1,1782359132.828096,0.0017766952514648438
65956,normal,164,0,1782359132.830282,0.0021860599517822266
65957,normal,3244,1,1782359132.8322375,0.0019555091857910156
65958,normal,753,0,1782359132.8342066,0.0019690990447998047
65959,normal,2198,0,1782359132.836258,0.0020513534545898438
65960,normal,1917,0,1782359132.8381732,0.0019152164459228516
65961,normal,2539,0,1782359132.8402743,0.0021011829376220703
65962,normal,461,0,1782359132.842022,0.0017476081848144531
65963,normal,2620,0,1782359132.8442187,0.002196788787841797
65964,normal,453,0,1782359132.8462038,0.0019850730895996094
65965,normal,326,0,1782359132.8480039,0.0018000602722167969
65966,normal,3497,0,1782359132.85007,0.0020661354064941406
65967,normal,3388,1,1782359132.8520923,0.002022266387939453
65968,normal,868,2,1782359132.8541596,0.0020673274993896484
65969,normal,144,0,1782359132.8560376,0.0018780231475830078
65970,normal,2041,0,1782359132.858075,0.0020372867584228516
65971,normal,1770,0,1782359132.8600657,0.001990795135498047
65972,normal,435,0,1782359132.862063,0.001997232437133789
65973,normal,2225,0,1782359132.8640687,0.0020058155059814453
65974,normal,2004,0,1782359132.8660972,0.0020284652709960938
65975,normal,1072,0,1782359132.8680673,0.001970052719116211
65976,normal,3590,0,1782359132.8701172,0.0020499229431152344
65977,normal,2634,0,1782359132.8720405,0.0019233226776123047
65978,normal,3346,1,1782359132.8740761,0.0020356178283691406
65979,normal,3680,0,1782359132.8760812,0.0020051002502441406
65980,normal,2443,0,1782359132.8780713,0.001990079879760742
65981,normal,1844,0,1782359132.880093,0.00202178955078125
65982,normal,621,0,1782359132.882162,0.0020689964294433594
65983,normal,921,2,1782359132.884154,0.0019919872283935547
65984,normal,74,0,1782359132.886043,0.0018889904022216797
65985,normal,823,2,1782359132.8880374,0.0019943714141845703
65986,normal,153,0,1782359132.8900747,0.0020372867584228516
65987,normal,1182,0,1782359132.892038,0.001963376998901367
65988,normal,821,2,1782359132.8941667,0.00212860107421875
65989,normal,1994,0,1782359132.896134,0.001967191696166992
65990,normal,47,0,1782359132.8982747,0.0021407604217529297
65991,normal,233,0,1782359132.9000752,0.001800537109375
65992,normal,3601,0,1782359132.9021497,0.0020744800567626953
65993,normal,1729,0,1782359132.9040456,0.001895904541015625
65994,normal,1850,0,1782359132.9061544,0.0021088123321533203
65995,normal,2424,0,1782359132.9081595,0.0020051002502441406
65996,normal,56,0,1782359132.9101868,0.002027273178100586
65997,normal,3546,0,1782359132.9121852,0.001998424530029297
65998,normal,1615,0,1782359132.9141943,0.002009153366088867
65999,normal,1190,0,1782359132.9161615,0.001967191696166992
66000,normal,2710,0,1782359132.9181821,0.002020597457885742
66001,normal,3654,0,1782359132.920076,0.001893758773803711
66002,normal,3539,0,1782359132.922189,0.0021131038665771484
66003,normal,136,0,1782359132.9242017,0.0020127296447753906
66004,normal,1926,0,1782359132.926238,0.0020363330841064453
66005,normal,2607,0,1782359132.928131,0.0018930435180664062
66006,normal,3587,0,1782359132.9301825,0.0020513534545898438
66007,normal,1082,0,1782359132.932179,0.0019965171813964844
66008,normal,1199,0,1782359132.934043,0.0018639564514160156
66009,normal,1074,0,1782359132.9361336,0.0020906925201416016
66010,normal,845,2,1782359132.9381952,0.002061605453491211
66011,normal,304,0,1782359132.9402301,0.002034902572631836
66012,normal,872,2,1782359132.9422538,0.0020236968994140625
66013,normal,1889,0,1782359132.944115,0.0018610954284667969
66014,normal,1629,0,1782359132.9462407,0.0021257400512695312
66015,normal,1883,0,1782359132.948168,0.0019273757934570312
66016,normal,3135,1,1782359132.950188,0.0020198822021484375
66017,normal,404,0,1782359132.9523537,0.0021657943725585938
66018,normal,3144,1,1782359132.9540925,0.0017387866973876953
66019,normal,2310,0,1782359132.9560513,0.0019588470458984375
66020,normal,2221,0,1782359132.9581501,0.0020987987518310547
66021,normal,2613,0,1782359132.9600189,0.0018687248229980469
66022,normal,2034,0,1782359132.9621592,0.0021402835845947266
66023,normal,481,0,1782359132.9640613,0.0019021034240722656
66024,normal,3108,1,1782359132.9660697,0.0020084381103515625
66025,normal,3559,0,1782359132.968118,0.0020482540130615234
66026,normal,1534,0,1782359132.9700468,0.0019288063049316406
66027,normal,846,2,1782359132.9720428,0.0019960403442382812
66028,normal,2437,0,1782359132.9743066,0.002263784408569336
66029,normal,2121,0,1782359132.9762762,0.001969575881958008
66030,normal,2349,0,1782359132.9781766,0.0019004344940185547
66031,normal,3647,0,1782359132.9800677,0.0018911361694335938
66032,normal,2396,0,1782359132.9821272,0.002059459686279297
66033,normal,569,0,1782359132.9840171,0.001889944076538086
66034,normal,3012,0,1782359132.9860654,0.0020482540130615234
66035,normal,2630,0,1782359132.9881692,0.0021038055419921875
66036,normal,1348,1,1782359132.9901106,0.0019414424896240234
66037,normal,1209,0,1782359132.9920444,0.0019338130950927734
66038,normal,3644,0,1782359132.9940462,0.0020017623901367188
66039,normal,2795,0,1782359132.9961314,0.0020852088928222656
66040,normal,1909,0,1782359132.9980285,0.0018970966339111328
66041,normal,3042,0,1782359133.0000584,0.002029895782470703
66042,normal,962,2,1782359133.0021036,0.002045154571533203
66043,normal,912,2,1782359133.0040717,0.0019681453704833984
66044,normal,2664,0,1782359133.006064,0.0019922256469726562
66045,normal,1138,0,1782359133.0081494,0.002085447311401367
66046,normal,2753,0,1782359133.0104969,0.0023474693298339844
66047,normal,2392,0,1782359133.0121682,0.0016713142395019531
66048,normal,2072,0,1782359133.014018,0.0018498897552490234
66049,normal,913,2,1782359133.0160809,0.0020627975463867188
66050,normal,2803,0,1782359133.0180755,0.001994609832763672
66051,normal,1216,0,1782359133.0200818,0.0020062923431396484
66052,normal,1022,2,1782359133.0220695,0.0019876956939697266
66053,normal,97,0,1782359133.0241404,0.002070903778076172
66054,normal,1916,0,1782359133.0261757,0.002035379409790039
66055,normal,3129,1,1782359133.0283306,0.002154827117919922
66056,normal,1394,0,1782359133.0304224,0.0020918846130371094
66057,normal,2709,0,1782359133.032301,0.001878499984741211
66058,normal,3125,1,1782359133.034097,0.0017960071563720703
66059,normal,1782,0,1782359133.0361946,0.002097606658935547
66060,normal,2062,0,1782359133.0380747,0.0018801689147949219
66061,normal,1027,2,1782359133.040194,0.002119302749633789
66062,normal,2892,0,1782359133.0421016,0.0019075870513916016
66063,normal,1322,1,1782359133.044196,0.002094268798828125
66064,normal,1885,0,1782359133.0460956,0.00189971923828125
66065,normal,2412,0,1782359133.04808,0.0019843578338623047
66066,normal,1532,0,1782359133.0501678,0.002087831497192383
66067,normal,2457,0,1782359133.052034,0.0018661022186279297
66068,normal,1553,0,1782359133.0540948,0.0020608901977539062
66069,normal,649,0,1782359133.056077,0.0019822120666503906
66070,normal,1183,0,1782359133.0580277,0.0019507408142089844
66071,normal,3530,0,1782359133.0600789,0.002051115036010742
66072,normal,3599,0,1782359133.062207,0.002128124237060547
66073,normal,1772,0,1782359133.0641665,0.001959562301635742
66074,normal,2477,0,1782359133.0661085,0.0019419193267822266
66075,normal,137,0,1782359133.0680485,0.001940011978149414
66076,normal,2621,0,1782359133.0700881,0.002039670944213867
66077,normal,599,0,1782359133.0722337,0.002145528793334961
66078,normal,3069,1,1782359133.0741513,0.0019176006317138672
66079,normal,2534,0,1782359133.076164,0.0020127296447753906
66080,normal,98,0,1782359133.0782976,0.002133607864379883
66081,normal,1415,0,1782359133.0803308,0.002033233642578125
66082,normal,91,0,1782359133.0821621,0.0018312931060791016
66083,normal,665,0,1782359133.0842342,0.0020720958709716797
66084,normal,76,0,1782359133.0863314,0.0020971298217773438
66085,normal,2278,0,1782359133.0881922,0.0018608570098876953
66086,normal,2502,0,1782359133.0902984,0.002106189727783203
66087,normal,3116,1,1782359133.0923095,0.0020110607147216797
66088,normal,2118,0,1782359133.0942059,0.0018963813781738281
66089,normal,1765,0,1782359133.0962143,0.0020084381103515625
66090,normal,2548,0,1782359133.0982897,0.0020754337310791016
66091,normal,2188,0,1782359133.1000924,0.001802682876586914
66092,normal,3143,1,1782359133.1022155,0.002123117446899414
66093,normal,2950,0,1782359133.1042397,0.0020241737365722656
66094,normal,1518,0,1782359133.1061869,0.001947164535522461
66095,normal,608,0,1782359133.1082222,0.002035379409790039
66096,normal,764,0,1782359133.1103551,0.002132892608642578
66097,normal,1452,0,1782359133.112223,0.0018677711486816406
66098,normal,1197,0,1782359133.114127,0.0019040107727050781
66099,normal,2497,0,1782359133.116165,0.0020380020141601562
66100,normal,1257,0,1782359133.1182036,0.002038717269897461
66101,normal,222,0,1782359133.1202192,0.0020155906677246094
66102,normal,3154,1,1782359133.122305,0.0020856857299804688
66103,normal,1330,1,1782359133.1243212,0.002016305923461914
66104,normal,3011,0,1782359133.1262503,0.0019290447235107422
66105,normal,416,0,1782359133.1283667,0.0021164417266845703
66106,normal,492,0,1782359133.1302137,0.0018470287322998047
66107,normal,2767,0,1782359133.1321821,0.0019683837890625
66108,normal,794,2,1782359133.1343033,0.0021212100982666016
66109,normal,3676,0,1782359133.136185,0.0018815994262695312
66110,normal,3138,1,1782359133.1382055,0.002020597457885742
66111,normal,2136,0,1782359133.1403596,0.002154111862182617
66112,normal,218,0,1782359133.1421018,0.0017421245574951172
66113,normal,310,0,1782359133.1441848,0.0020830631256103516
66114,normal,3163,1,1782359133.1461563,0.0019714832305908203
66115,normal,2268,0,1782359133.14808,0.0019237995147705078
66116,normal,3611,0,1782359133.1500626,0.001982450485229492
66117,normal,2027,0,1782359133.1520972,0.0020346641540527344
66118,normal,2495,0,1782359133.1540601,0.001962900161743164
66119,normal,401,0,1782359133.1560504,0.0019903182983398438
66120,normal,1623,0,1782359133.1580408,0.0019903182983398438
66121,normal,2257,0,1782359133.1600444,0.0020036697387695312
66122,normal,2468,0,1782359133.1626985,0.0026540756225585938
66123,normal,2085,0,1782359133.1644557,0.0017571449279785156
66124,normal,889,2,1782359133.1661122,0.0016565322875976562
66125,normal,3549,0,1782359133.1682072,0.0020949840545654297
66126,normal,1347,1,1782359133.1701117,0.0019044876098632812
66127,normal,3195,1,1782359133.1720922,0.0019805431365966797
66128,normal,3632,0,1782359133.174193,0.002100706100463867
66129,normal,3041,0,1782359133.1763794,0.0021865367889404297
66130,normal,3615,0,1782359133.1781197,0.0017402172088623047
66131,normal,260,0,1782359133.1800869,0.001967191696166992
66132,normal,1381,1,1782359133.1821904,0.002103567123413086
66133,normal,2380,0,1782359133.1840935,0.0019030570983886719
66134,normal,516,0,1782359133.1862004,0.002106904983520508
66135,normal,1962,0,1782359133.18827,0.002069711685180664
66136,normal,3037,0,1782359133.1903048,0.0020346641540527344
66137,normal,3442,0,1782359133.1922207,0.0019159317016601562
66138,normal,123,0,1782359133.1942632,0.002042531967163086
66139,normal,2301,0,1782359133.196167,0.0019037723541259766
66140,normal,811,2,1782359133.1982183,0.0020513534545898438
66141,normal,1132,0,1782359133.2002163,0.0019979476928710938
66142,normal,590,0,1782359133.2022169,0.002000570297241211
66143,normal,1823,0,1782359133.2042716,0.0020546913146972656
66144,normal,200,0,1782359133.206231,0.001959562301635742
66145,normal,943,2,1782359133.2080784,0.0018472671508789062
66146,normal,3653,0,1782359133.2103264,0.002248048782348633
66147,normal,2039,0,1782359133.2122962,0.0019698143005371094
66148,normal,327,0,1782359133.214101,0.0018048286437988281
66149,normal,2064,0,1782359133.216216,0.002115011215209961
66150,normal,1020,2,1782359133.2180657,0.0018496513366699219
66151,normal,3015,0,1782359133.2202203,0.0021545886993408203
66152,normal,3548,0,1782359133.222126,0.001905679702758789
66153,normal,11,0,1782359133.224215,0.0020890235900878906
66154,normal,54,0,1782359133.2260764,0.0018613338470458984
66155,normal,2907,0,1782359133.2281835,0.0021071434020996094
66156,normal,2844,0,1782359133.2301304,0.0019469261169433594
66157,normal,810,2,1782359133.2321122,0.0019817352294921875
66158,normal,3189,1,1782359133.2341623,0.002050161361694336
66159,normal,150,0,1782359133.23621,0.0020477771759033203
66160,normal,1864,0,1782359133.2381039,0.001893758773803711
66161,normal,1609,0,1782359133.2401881,0.0020842552185058594
66162,normal,1460,0,1782359133.2420318,0.0018436908721923828
66163,normal,3521,0,1782359133.244094,0.002062082290649414
66164,normal,2407,0,1782359133.2461116,0.0020177364349365234
66165,normal,2851,0,1782359133.248047,0.0019354820251464844
66166,normal,216,0,1782359133.2500584,0.0020112991333007812
66167,normal,3333,1,1782359133.2520635,0.0020051002502441406
66168,normal,2647,0,1782359133.2541006,0.00203704833984375
66169,normal,3494,0,1782359133.256074,0.001973390579223633
66170,normal,3072,1,1782359133.2580612,0.0019872188568115234
66171,normal,3228,1,1782359133.2600615,0.0020003318786621094
66172,normal,613,0,1782359133.2620752,0.002013683319091797
66173,normal,3172,1,1782359133.264075,0.0019998550415039062
66174,normal,963,2,1782359133.2661607,0.0020856857299804688
66175,normal,3341,1,1782359133.2680523,0.0018916130065917969
66176,normal,2530,0,1782359133.2700496,0.001997232437133789
66177,normal,2654,0,1782359133.272049,0.001999378204345703
66178,normal,824,2,1782359133.2740488,0.0019998550415039062
66179,normal,538,0,1782359133.2760627,0.0020139217376708984
66180,normal,1363,1,1782359133.2780612,0.001998424530029297
66181,normal,2704,0,1782359133.2800646,0.0020034313201904297
66182,normal,2091,0,1782359133.282091,0.0020263195037841797
66183,normal,3538,0,1782359133.2840796,0.001988649368286133
66184,normal,2837,0,1782359133.2861073,0.002027750015258789
66185,normal,2439,0,1782359133.288095,0.0019876956939697266
66186,normal,2788,0,1782359133.2900426,0.001947641372680664
66187,normal,2715,0,1782359133.2920787,0.0020360946655273438
66188,normal,313,0,1782359133.2940724,0.0019936561584472656
66189,normal,1007,2,1782359133.2960641,0.001991748809814453
66190,normal,64,0,1782359133.298059,0.0019948482513427734
66191,normal,176,0,1782359133.3000643,0.002005338668823242
66192,normal,452,0,1782359133.3021276,0.002063274383544922
66193,normal,467,0,1782359133.3040533,0.0019257068634033203
66194,normal,1338,1,1782359133.3061223,0.0020689964294433594
66195,normal,506,0,1782359133.3080754,0.001953125
66196,normal,1064,0,1782359133.3100936,0.0020182132720947266
66197,normal,347,0,1782359133.3121011,0.0020074844360351562
66198,normal,1886,0,1782359133.3141098,0.002008676528930664
66199,normal,2863,0,1782359133.316046,0.001936197280883789
66200,normal,2631,0,1782359133.3182368,0.002190828323364258
66201,normal,515,0,1782359133.320142,0.001905202865600586
66202,normal,3682,0,1782359133.3221004,0.0019583702087402344
66203,normal,2987,0,1782359133.3241313,0.0020308494567871094
66204,normal,2789,0,1782359133.326065,0.0019338130950927734
66205,normal,2511,0,1782359133.328126,0.0020608901977539062
66206,normal,1400,0,1782359133.330119,0.001992940902709961
66207,normal,1871,0,1782359133.3320763,0.001957416534423828
66208,normal,293,0,1782359133.334099,0.0020227432250976562
66209,normal,2111,0,1782359133.336121,0.0020220279693603516
66210,normal,1815,0,1782359133.3380342,0.0019130706787109375
66211,normal,508,0,1782359133.3401237,0.0020895004272460938
66212,normal,2983,0,1782359133.342049,0.0019252300262451172
66213,normal,2911,0,1782359133.3445504,0.0025014877319335938
66214,normal,3505,0,1782359133.3462548,0.0017044544219970703
66215,normal,2791,0,1782359133.3481078,0.0018529891967773438
66216,normal,2015,0,1782359133.3501208,0.002012968063354492
66217,normal,75,0,1782359133.3521423,0.0020215511322021484
66218,normal,1752,0,1782359133.3541179,0.001975536346435547
66219,normal,734,0,1782359133.356261,0.0021431446075439453
66220,normal,1668,0,1782359133.3582232,0.0019621849060058594
66221,normal,539,0,1782359133.3600862,0.0018630027770996094
66222,normal,3089,1,1782359133.3622346,0.0021483898162841797
66223,normal,2660,0,1782359133.3641024,0.0018677711486816406
66224,normal,402,0,1782359133.3662684,0.0021660327911376953
66225,normal,2190,0,1782359133.3681056,0.0018372535705566406
66226,normal,2403,0,1782359133.3700762,0.001970529556274414
66227,normal,3581,0,1782359133.372107,0.0020308494567871094
66228,normal,2755,0,1782359133.3742054,0.0020983219146728516
66229,normal,3706,0,1782359133.3760815,0.0018761157989501953
66230,normal,3375,1,1782359133.378484,0.0024025440216064453
66231,normal,771,0,1782359133.380585,0.0021009445190429688
66232,normal,1402,0,1782359133.3821936,0.0016086101531982422
66233,normal,3183,1,1782359133.384123,0.0019295215606689453
66234,normal,1101,0,1782359133.386968,0.0028448104858398438
66235,normal,1057,0,1782359133.3881311,0.0011632442474365234
66236,normal,1028,2,1782359133.3901813,0.002050161361694336
66237,normal,525,0,1782359133.3922472,0.002065896987915039
66238,normal,915,2,1782359133.3940759,0.0018286705017089844
66239,normal,1041,0,1782359133.3961868,0.0021109580993652344
66240,normal,2807,0,1782359133.398038,0.0018510818481445312
66241,normal,1802,0,1782359133.4001186,0.002080678939819336
66242,normal,883,2,1782359133.4021559,0.0020372867584228516
66243,normal,346,0,1782359133.4040604,0.0019044876098632812
66244,normal,57,0,1782359133.4060814,0.0020210742950439453
66245,normal,280,0,1782359133.4080834,0.0020020008087158203
66246,normal,953,2,1782359133.4100938,0.002010345458984375
66247,normal,3342,1,1782359133.4120605,0.001966714859008789
66248,normal,1938,0,1782359133.4140534,0.001992940902709961
66249,normal,2433,0,1782359133.416054,0.002000570297241211
66250,normal,195,0,1782359133.4180524,0.001998424530029297
66251,normal,3049,1,1782359133.4201128,0.002060413360595703
66252,normal,3000,0,1782359133.4220903,0.0019774436950683594
66253,normal,2067,0,1782359133.4240549,0.001964569091796875
66254,normal,1544,0,1782359133.4260845,0.0020296573638916016
66255,normal,2452,0,1782359133.4280596,0.0019750595092773438
66256,normal,767,0,1782359133.4301257,0.0020661354064941406
66257,normal,3114,1,1782359133.432062,0.001936197280883789
66258,normal,1121,0,1782359133.4341214,0.002059459686279297
66259,normal,1026,2,1782359133.4360304,0.001909017562866211
66260,normal,1600,0,1782359133.4380536,0.0020232200622558594
66261,normal,2714,0,1782359133.4400575,0.002003908157348633
66262,normal,1960,0,1782359133.442079,0.0020215511322021484
66263,normal,113,0,1782359133.444079,0.0019998550415039062
66264,normal,2953,0,1782359133.446054,0.0019750595092773438
66265,normal,1485,0,1782359133.4480932,0.002039194107055664
66266,normal,899,2,1782359133.4500916,0.001998424530029297
66267,normal,2047,0,1782359133.4520707,0.0019791126251220703
66268,normal,3148,1,1782359133.4541774,0.0021066665649414062
66269,normal,89,0,1782359133.4560287,0.0018513202667236328
66270,normal,549,0,1782359133.4580543,0.002025604248046875
66271,normal,1610,0,1782359133.4600725,0.0020182132720947266
66272,normal,1221,0,1782359133.4620528,0.001980304718017578
66273,normal,381,0,1782359133.4640517,0.0019989013671875
66274,normal,2875,0,1782359133.4660733,0.0020215511322021484
66275,normal,956,2,1782359133.468077,0.0020036697387695312
66276,normal,2372,0,1782359133.4700904,0.0020134449005126953
66277,normal,2337,0,1782359133.4721107,0.0020203590393066406
66278,normal,241,0,1782359133.4740868,0.00197601318359375
66279,normal,1704,0,1782359133.4760869,0.002000093460083008
66280,normal,1388,0,1782359133.478055,0.0019681453704833984
66281,normal,1738,0,1782359133.4800663,0.0020112991333007812
66282,normal,2321,0,1782359133.4820998,0.0020334720611572266
66283,normal,2376,0,1782359133.4840295,0.0019297599792480469
66284,normal,363,0,1782359133.4860692,0.002039670944213867
66285,normal,1255,0,1782359133.4880524,0.001983165740966797
66286,normal,510,0,1782359133.4900682,0.002015829086303711
66287,normal,1344,1,1782359133.4921322,0.0020639896392822266
66288,normal,3170,1,1782359133.4940858,0.001953601837158203
66289,normal,1139,0,1782359133.49608,0.0019941329956054688
66290,normal,529,0,1782359133.4981432,0.002063274383544922
66291,normal,2644,0,1782359133.5001042,0.0019609928131103516
66292,normal,3321,1,1782359133.5020893,0.0019850730895996094
66293,normal,1793,0,1782359133.504176,0.002086639404296875
66294,normal,495,0,1782359133.5061128,0.0019369125366210938
66295,normal,2973,0,1782359133.5080833,0.001970529556274414
66296,normal,917,2,1782359133.51008,0.001996755599975586
66297,normal,991,2,1782359133.5120683,0.0019881725311279297
66298,normal,3610,0,1782359133.5140197,0.001951456069946289
66299,normal,2432,0,1782359133.516077,0.002057313919067383
66300,normal,2887,0,1782359133.518131,0.002053976058959961
66301,normal,336,0,1782359133.5200121,0.0018811225891113281
66302,normal,1095,0,1782359133.522065,0.002052783966064453
66303,normal,564,0,1782359133.5240483,0.0019834041595458984
66304,normal,890,2,1782359133.526056,0.002007722854614258
66305,normal,3481,0,1782359133.5282483,0.002192258834838867
66306,normal,146,0,1782359133.5303078,0.002059459686279297
66307,normal,3198,1,1782359133.5320814,0.0017735958099365234
66308,normal,3556,0,1782359133.5340917,0.002010345458984375
66309,normal,210,0,1782359133.5360744,0.0019826889038085938
66310,normal,0,0,1782359133.5382385,0.002164125442504883
66311,normal,3480,0,1782359133.5406027,0.0023641586303710938
66312,normal,3127,1,1782359133.5425265,0.0019237995147705078
66313,normal,1495,0,1782359133.5445597,0.002033233642578125
66314,normal,3165,1,1782359133.5460525,0.0014927387237548828
66315,normal,3025,0,1782359133.5481908,0.002138376235961914
66316,normal,3066,1,1782359133.5500624,0.0018715858459472656
66317,normal,472,0,1782359133.5520775,0.0020151138305664062
66318,normal,446,0,1782359133.5541089,0.0020313262939453125
66319,normal,2648,0,1782359133.5561056,0.001996755599975586
66320,normal,77,0,1782359133.5581384,0.002032756805419922
66321,normal,2251,0,1782359133.560126,0.0019876956939697266
66322,normal,182,0,1782359133.5621288,0.002002716064453125
66323,normal,1879,0,1782359133.5641155,0.0019867420196533203
66324,normal,2790,0,1782359133.5671728,0.003057241439819336
66325,normal,997,2,1782359133.5687485,0.0015757083892822266
66326,normal,474,0,1782359133.5710976,0.0023491382598876953
66327,normal,421,0,1782359133.5722692,0.0011715888977050781
66328,normal,1596,0,1782359133.5745091,0.0022399425506591797
66329,normal,1796,0,1782359133.5760782,0.0015690326690673828
66330,normal,965,2,1782359133.5782864,0.002208232879638672
66331,normal,1732,0,1782359133.5801876,0.0019011497497558594
66332,normal,1508,0,1782359133.5823886,0.002201080322265625
66333,normal,1827,0,1782359133.5843596,0.001971006393432617
66334,normal,1063,0,1782359133.5863602,0.002000570297241211
66335,normal,3197,1,1782359133.5882812,0.001920938491821289
66336,normal,1309,0,1782359133.5902843,0.002003192901611328
66337,normal,2702,0,1782359133.592568,0.0022835731506347656
66338,normal,728,0,1782359133.5943468,0.0017788410186767578
66339,normal,1559,0,1782359133.5961607,0.0018138885498046875
66340,normal,1056,0,1782359133.5981493,0.001988649368286133
66341,normal,2963,0,1782359133.6002362,0.0020868778228759766
66342,normal,2454,0,1782359133.6021721,0.0019359588623046875
66343,normal,1843,0,1782359133.6042142,0.002042055130004883
66344,normal,1302,0,1782359133.6061528,0.0019385814666748047
66345,normal,245,0,1782359133.608179,0.0020263195037841797
66346,normal,110,0,1782359133.6101186,0.001939535140991211
66347,normal,1224,0,1782359133.6121993,0.002080678939819336
66348,normal,2945,0,1782359133.6142192,0.0020198822021484375
66349,normal,2105,0,1782359133.6162205,0.0020012855529785156
66350,normal,703,0,1782359133.6182277,0.0020072460174560547
66351,normal,1661,0,1782359133.6201885,0.00196075439453125
66352,normal,1762,0,1782359133.6221378,0.001949310302734375
66353,normal,55,0,1782359133.624208,0.002070188522338867
66354,normal,2322,0,1782359133.6262422,0.0020341873168945312
66355,normal,2956,0,1782359133.6282704,0.002028226852416992
66356,normal,3188,1,1782359133.630229,0.001958608627319336
66357,normal,2164,0,1782359133.632113,0.0018839836120605469
66358,normal,1825,0,1782359133.634145,0.002032041549682617
66359,normal,2455,0,1782359133.6361141,0.0019690990447998047
66360,normal,1355,1,1782359133.638163,0.002048969268798828
66361,normal,1853,0,1782359133.6403217,0.002158641815185547
66362,normal,2478,0,1782359133.6423802,0.0020585060119628906
66363,normal,553,0,1782359133.6450593,0.002679109573364258
66364,normal,3220,1,1782359133.6460779,0.001018524169921875
66365,normal,1523,0,1782359133.6481335,0.002055644989013672
66366,normal,2639,0,1782359133.6501327,0.0019991397857666016
66367,normal,1262,0,1782359133.6522667,0.002134084701538086
66368,normal,1966,0,1782359133.6542532,0.0019865036010742188
66369,normal,2446,0,1782359133.6561487,0.0018954277038574219
66370,normal,1566,0,1782359133.6583652,0.0022165775299072266
66371,normal,1667,0,1782359133.6602292,0.0018639564514160156
66372,normal,3077,1,1782359133.6622612,0.002032041549682617
66373,normal,2262,0,1782359133.664204,0.0019426345825195312
66374,normal,3059,1,1782359133.6661239,0.0019199848175048828
66375,normal,972,2,1782359133.6682842,0.002160310745239258
66376,normal,2333,0,1782359133.6702287,0.0019445419311523438
66377,normal,1920,0,1782359133.6723406,0.0021119117736816406
66378,normal,52,0,1782359133.674382,0.002041339874267578
66379,normal,1637,0,1782359133.676197,0.0018150806427001953
66380,normal,2096,0,1782359133.6782548,0.002057790756225586
66381,normal,3369,1,1782359133.6802483,0.001993417739868164
66382,normal,3503,0,1782359133.6821957,0.0019474029541015625
66383,normal,1776,0,1782359133.6842983,0.0021026134490966797
66384,normal,2745,0,1782359133.686174,0.0018756389617919922
66385,normal,2288,0,1782359133.6882155,0.0020415782928466797
66386,normal,1320,1,1782359133.6903017,0.002086162567138672
66387,normal,1631,0,1782359133.6921875,0.0018858909606933594
66388,normal,1895,0,1782359133.6943586,0.002171039581298828
66389,normal,2520,0,1782359133.6963212,0.0019626617431640625
66390,normal,1533,0,1782359133.6986313,0.002310037612915039
66391,normal,378,0,1782359133.7002895,0.0016582012176513672
66392,normal,3111,1,1782359133.7023418,0.00205230712890625
66393,normal,1554,0,1782359133.7043588,0.0020170211791992188
66394,normal,2414,0,1782359133.7064524,0.0020935535430908203
66395,normal,1580,0,1782359133.7083335,0.0018811225891113281
66396,normal,556,0,1782359133.7106206,0.002287149429321289
66397,normal,1271,0,1782359133.7123249,0.0017042160034179688
66398,normal,2279,0,1782359133.7144957,0.0021708011627197266
66399,normal,2833,0,1782359133.716439,0.001943349838256836
66400,normal,1229,0,1782359133.718403,0.001964092254638672
66401,normal,1232,0,1782359133.7203264,0.0019233226776123047
66402,normal,2579,0,1782359133.722294,0.0019676685333251953
66403,normal,3169,1,1782359133.7243018,0.002007722854614258
66404,normal,3649,0,1782359133.7264771,0.0021753311157226562
66405,normal,488,0,1782359133.7284186,0.0019414424896240234
66406,normal,3150,1,1782359133.730327,0.0019083023071289062
66407,normal,2236,0,1782359133.7322555,0.001928567886352539
66408,normal,2481,0,1782359133.734283,0.0020275115966796875
66409,normal,3018,0,1782359133.7362623,0.001979351043701172
66410,normal,2361,0,1782359133.7385345,0.0022721290588378906
66411,normal,447,0,1782359133.7403257,0.001791238784790039
66412,normal,3359,1,1782359133.7431338,0.002808094024658203
66413,normal,770,0,1782359133.744597,0.001463174819946289
66414,normal,682,0,1782359133.7464464,0.0018494129180908203
66415,normal,2128,0,1782359133.7483616,0.0019152164459228516
66416,normal,2878,0,1782359133.750515,0.0021533966064453125
66417,normal,1087,0,1782359133.7523775,0.0018625259399414062
66418,normal,733,0,1782359133.7544496,0.0020720958709716797
66419,normal,1763,0,1782359133.7563243,0.001874685287475586
66420,normal,999,2,1782359133.758847,0.002522706985473633
66421,normal,1364,1,1782359133.7602744,0.0014274120330810547
66422,normal,48,0,1782359133.7622669,0.001992464065551758
66423,normal,2544,0,1782359133.7642934,0.0020265579223632812
66424,normal,499,0,1782359133.7662683,0.001974821090698242
66425,normal,2068,0,1782359133.768591,0.002322673797607422
66426,normal,487,0,1782359133.7702105,0.001619577407836914
66427,normal,1312,0,1782359133.7723734,0.002162933349609375
66428,normal,2270,0,1782359133.7744381,0.0020647048950195312
66429,normal,2752,0,1782359133.7764504,0.0020122528076171875
66430,normal,871,2,1782359133.7783298,0.0018794536590576172
66431,normal,1423,0,1782359133.7803497,0.0020198822021484375
66432,normal,1504,0,1782359133.7827377,0.00238800048828125
66433,normal,1855,0,1782359133.7843566,0.0016188621520996094
66434,normal,969,2,1782359133.7864819,0.002125263214111328
66435,normal,3334,1,1782359133.7888095,0.0023276805877685547
66436,normal,1152,0,1782359133.79064,0.0018305778503417969
66437,normal,1362,1,1782359133.7924373,0.0017971992492675781
66438,normal,1297,0,1782359133.7943804,0.0019431114196777344
66439,normal,1316,0,1782359133.7962613,0.0018808841705322266
66440,normal,2214,0,1782359133.7988236,0.002562284469604492
66441,normal,3076,1,1782359133.8005345,0.0017108917236328125
66442,normal,777,2,1782359133.8026228,0.002088308334350586
66443,normal,1547,0,1782359133.8042374,0.0016145706176757812
66444,normal,809,2,1782359133.8064117,0.00217437744140625
66445,normal,2383,0,1782359133.8081748,0.0017631053924560547
66446,normal,980,2,1782359133.8104289,0.002254009246826172
66447,normal,3312,1,1782359133.812261,0.0018322467803955078
66448,normal,2482,0,1782359133.8142862,0.002025127410888672
66449,normal,1120,0,1782359133.816406,0.002119779586791992
66450,normal,1787,0,1782359133.8182354,0.001829385757446289
66451,normal,40,0,1782359133.820315,0.002079486846923828
66452,normal,198,0,1782359133.8223758,0.0020608901977539062
66453,normal,966,2,1782359133.824424,0.0020482540130615234
66454,normal,16,0,1782359133.8264012,0.001977205276489258
66455,normal,441,0,1782359133.8286114,0.0022101402282714844
66456,normal,933,2,1782359133.8303277,0.0017163753509521484
66457,normal,2228,0,1782359133.8324287,0.0021009445190429688
66458,normal,1539,0,1782359133.834514,0.0020852088928222656
66459,normal,1744,0,1782359133.8365777,0.002063751220703125
66460,normal,1280,0,1782359133.8383558,0.0017781257629394531
66461,normal,3136,1,1782359133.8402622,0.0019063949584960938
66462,normal,3219,1,1782359133.8423011,0.0020389556884765625
66463,normal,721,0,1782359133.84418,0.001878976821899414
66464,normal,1205,0,1782359133.8463686,0.002188444137573242
66465,normal,1299,0,1782359133.8483367,0.0019681453704833984
66466,normal,61,0,1782359133.8502357,0.0018990039825439453
66467,normal,2313,0,1782359133.8522635,0.002027750015258789
66468,normal,2263,0,1782359133.8543885,0.0021250247955322266
66469,normal,53,0,1782359133.856148,0.0017595291137695312
66470,normal,1876,0,1782359133.8582778,0.002129793167114258
66471,normal,1308,0,1782359133.8609748,0.002696990966796875
66472,normal,1672,0,1782359133.862728,0.0017533302307128906
66473,normal,1910,0,1782359133.864371,0.0016429424285888672
66474,normal,2266,0,1782359133.8665552,0.002184152603149414
66475,normal,1925,0,1782359133.8682241,0.0016689300537109375
66476,normal,860,2,1782359133.8704839,0.0022597312927246094
66477,normal,713,0,1782359133.8723693,0.0018854141235351562
66478,normal,3071,1,1782359133.874358,0.001988649368286133
66479,normal,2382,0,1782359133.8767636,0.0024056434631347656
66480,normal,1780,0,1782359133.8784382,0.001674652099609375
66481,normal,1397,0,1782359133.8802814,0.0018432140350341797
66482,normal,3027,0,1782359133.8823802,0.0020987987518310547
66483,normal,1692,0,1782359133.884428,0.0020477771759033203
66484,normal,684,0,1782359133.8863673,0.0019392967224121094
66485,normal,1176,0,1782359133.8883195,0.0019521713256835938
66486,normal,3487,0,1782359133.890309,0.001989603042602539
66487,normal,3586,0,1782359133.8922203,0.001911163330078125
66488,normal,3047,1,1782359133.8951654,0.0029451847076416016
66489,normal,1900,0,1782359133.896107,0.0009415149688720703
66490,normal,2614,0,1782359133.898258,0.002151012420654297
66491,normal,300,0,1782359133.9002204,0.001962423324584961
66492,normal,179,0,1782359133.902142,0.0019216537475585938
66493,normal,1319,1,1782359133.90419,0.002048015594482422
66494,normal,2071,0,1782359133.9064436,0.0022535324096679688
66495,normal,138,0,1782359133.9082859,0.0018422603607177734
66496,normal,1860,0,1782359133.9102495,0.0019636154174804688
66497,normal,2994,0,1782359133.9122937,0.002044200897216797
66498,normal,636,0,1782359133.9142013,0.0019075870513916016
66499,normal,1278,0,1782359133.9162319,0.002030611038208008
66500,normal,2926,0,1782359133.918199,0.001967191696166992
66501,normal,3528,0,1782359133.9202535,0.002054452896118164
66502,normal,82,0,1782359133.9222612,0.002007722854614258
66503,normal,340,0,1782359133.9241815,0.0019202232360839844
66504,normal,2835,0,1782359133.9260976,0.0019161701202392578
66505,normal,3419,0,1782359133.9283397,0.0022420883178710938
66506,normal,2867,0,1782359133.930352,0.0020122528076171875
66507,normal,2970,0,1782359133.9322455,0.0018935203552246094
66508,normal,3407,0,1782359133.9341757,0.00193023681640625
66509,normal,639,0,1782359133.9363716,0.0021958351135253906
66510,normal,398,0,1782359133.9381602,0.0017886161804199219
66511,normal,2582,0,1782359133.9402378,0.0020775794982910156
66512,normal,2512,0,1782359133.9423065,0.002068758010864258
66513,normal,231,0,1782359133.9442544,0.0019478797912597656
66514,normal,1944,0,1782359133.9461663,0.0019118785858154297
66515,normal,2743,0,1782359133.9489713,0.002804994583129883
66516,normal,3534,0,1782359133.9505653,0.0015940666198730469
66517,normal,3533,0,1782359133.9523957,0.0018303394317626953
66518,normal,106,0,1782359133.9543293,0.0019335746765136719
66519,normal,3681,0,1782359133.9563076,0.0019783973693847656
66520,normal,3490,0,1782359133.9583006,0.001992940902709961
66521,normal,3617,0,1782359133.960283,0.001982450485229492
66522,normal,2747,0,1782359133.9623547,0.0020716190338134766
66523,normal,248,0,1782359133.964492,0.002137422561645508
66524,normal,865,2,1782359133.966276,0.0017838478088378906
66525,normal,1487,0,1782359133.9681714,0.0018954277038574219
66526,normal,178,0,1782359133.9701207,0.001949310302734375
66527,normal,1196,0,1782359133.9725225,0.0024018287658691406
66528,normal,2229,0,1782359133.974127,0.0016045570373535156
66529,normal,1808,0,1782359133.97622,0.0020928382873535156
66530,normal,2927,0,1782359133.9781187,0.0018987655639648438
66531,normal,1186,0,1782359133.9802647,0.002146005630493164
66532,normal,1797,0,1782359133.98214,0.0018754005432128906
66533,normal,3645,0,1782359133.9844568,0.002316713333129883
66534,normal,444,0,1782359133.987076,0.0026192665100097656
66535,normal,2798,0,1782359133.9887378,0.0016617774963378906
66536,normal,1795,0,1782359133.9907827,0.0020449161529541016
66537,normal,3091,1,1782359133.9926274,0.001844644546508789
66538,normal,739,0,1782359133.9941092,0.001481771469116211
66539,normal,2397,0,1782359133.9962294,0.0021202564239501953
66540,normal,415,0,1782359133.998201,0.0019714832305908203
66541,normal,3044,0,1782359134.0001836,0.0019826889038085938
66542,normal,1896,0,1782359134.0025802,0.0023965835571289062
66543,normal,377,0,1782359134.0043826,0.0018024444580078125
66544,normal,577,0,1782359134.0062366,0.00185394287109375
66545,normal,1614,0,1782359134.0083413,0.0021047592163085938
66546,normal,2723,0,1782359134.0101967,0.0018553733825683594
66547,normal,1287,0,1782359134.012571,0.002374410629272461
66548,normal,1973,0,1782359134.0145385,0.0019674301147460938
66549,normal,507,0,1782359134.016181,0.001642465591430664
66550,normal,1647,0,1782359134.0182052,0.0020241737365722656
66551,normal,1551,0,1782359134.0201187,0.0019135475158691406
66552,normal,1419,0,1782359134.0221891,0.0020704269409179688
66553,normal,2456,0,1782359134.0240958,0.0019066333770751953
66554,normal,400,0,1782359134.0264013,0.0023055076599121094
66555,normal,457,0,1782359134.028088,0.0016868114471435547
66556,normal,1673,0,1782359134.030164,0.0020759105682373047
66557,normal,568,0,1782359134.0321436,0.0019795894622802734
66558,normal,3112,1,1782359134.0342667,0.002123117446899414
66559,normal,1264,0,1782359134.0362482,0.001981496810913086
66560,normal,2459,0,1782359134.0382545,0.0020062923431396484
66561,normal,14,0,1782359134.0401797,0.0019252300262451172
66562,normal,1258,0,1782359134.0423694,0.00218963623046875
66563,normal,1023,2,1782359134.0442233,0.00185394287109375
66564,normal,1385,0,1782359134.0463376,0.0021142959594726562
66565,normal,1066,0,1782359134.0481844,0.0018467903137207031
66566,normal,1720,0,1782359134.0503774,0.002192974090576172
66567,normal,2324,0,1782359134.0526958,0.0023183822631835938
66568,normal,2706,0,1782359134.0541873,0.001491546630859375
66569,normal,2718,0,1782359134.0561419,0.0019545555114746094
66570,normal,1040,0,1782359134.0581222,0.001980304718017578
66571,normal,309,0,1782359134.060146,0.002023935317993164
66572,normal,3205,1,1782359134.0621586,0.002012491226196289
66573,normal,24,0,1782359134.064167,0.0020084381103515625
66574,normal,155,0,1782359134.066579,0.002412080764770508
66575,normal,2294,0,1782359134.0681322,0.0015530586242675781
66576,normal,2233,0,1782359134.0701098,0.001977682113647461
66577,normal,989,2,1782359134.0721154,0.0020055770874023438
66578,normal,407,0,1782359134.07413,0.002014636993408203
66579,normal,2145,0,1782359134.076128,0.0019979476928710938
66580,normal,247,0,1782359134.0781682,0.0020401477813720703
66581,normal,1626,0,1782359134.080132,0.0019638538360595703
66582,normal,1417,0,1782359134.0821404,0.0020084381103515625
66583,normal,3257,1,1782359134.0841985,0.0020580291748046875
66584,normal,1035,0,1782359134.0860958,0.0018973350524902344
66585,normal,3267,1,1782359134.0880919,0.0019960403442382812
66586,normal,1050,0,1782359134.0900903,0.001998424530029297
66587,normal,1434,0,1782359134.0920978,0.0020074844360351562
66588,normal,175,0,1782359134.0941079,0.0020101070404052734
66589,normal,1756,0,1782359134.0961308,0.002022981643676758
66590,normal,964,2,1782359134.0981402,0.0020093917846679688
66591,normal,3133,1,1782359134.1002092,0.0020689964294433594
66592,normal,2206,0,1782359134.1021624,0.001953125
66593,normal,1409,0,1782359134.104163,0.002000570297241211
66594,normal,285,0,1782359134.1061645,0.002001523971557617
66595,normal,2651,0,1782359134.1081567,0.0019922256469726562
66596,normal,3304,1,1782359134.1101167,0.0019600391387939453
66597,normal,615,0,1782359134.1121523,0.0020356178283691406
66598,normal,3174,1,1782359134.114163,0.0020105838775634766
66599,normal,486,0,1782359134.1160724,0.001909494400024414
66600,normal,2806,0,1782359134.1180902,0.0020177364349365234
66601,normal,3445,0,1782359134.1200829,0.0019927024841308594
66602,normal,1929,0,1782359134.1221335,0.002050638198852539
66603,normal,2325,0,1782359134.124165,0.002031564712524414
66604,normal,3121,1,1782359134.126243,0.0020780563354492188
66605,normal,1481,0,1782359134.1281438,0.0019006729125976562
66606,normal,2540,0,1782359134.1303115,0.0021677017211914062
66607,normal,1140,0,1782359134.1323018,0.0019903182983398438
66608,normal,2564,0,1782359134.134236,0.0019342899322509766
66609,normal,635,0,1782359134.13622,0.0019838809967041016
66610,normal,84,0,1782359134.1381295,0.001909494400024414
66611,normal,3045,1,1782359134.1404173,0.0022878646850585938
66612,normal,1111,0,1782359134.1425922,0.002174854278564453
66613,normal,1839,0,1782359134.1442218,0.0016295909881591797
66614,normal,3036,0,1782359134.1461482,0.001926422119140625
66615,normal,1503,0,1782359134.1480904,0.0019421577453613281
66616,normal,230,0,1782359134.1500876,0.001997232437133789
66617,normal,264,0,1782359134.1523163,0.0022287368774414062
66618,normal,281,0,1782359134.154146,0.0018296241760253906
66619,normal,3305,1,1782359134.156543,0.0023970603942871094
66620,normal,3411,0,1782359134.1581614,0.0016183853149414062
66621,normal,630,0,1782359134.160241,0.002079486846923828
66622,normal,383,0,1782359134.1620977,0.0018568038940429688
66623,normal,70,0,1782359134.1642516,0.0021538734436035156
66624,normal,3402,0,1782359134.1661131,0.001861572265625
66625,normal,228,0,1782359134.168331,0.0022177696228027344
66626,normal,2406,0,1782359134.1709404,0.0026094913482666016
66627,normal,406,0,1782359134.173706,0.002765655517578125
66628,normal,2292,0,1782359134.1745539,0.0008478164672851562
66629,normal,3094,1,1782359134.1763647,0.0018107891082763672
66630,normal,2168,0,1782359134.1781464,0.0017817020416259766
66631,normal,505,0,1782359134.1802855,0.0021390914916992188
66632,normal,2114,0,1782359134.1821167,0.0018312931060791016
66633,normal,2494,0,1782359134.1842604,0.0021436214447021484
66634,normal,3292,1,1782359134.1861246,0.0018641948699951172
66635,normal,676,0,1782359134.1888187,0.0026941299438476562
66636,normal,2217,0,1782359134.190519,0.0017004013061523438
66637,normal,2473,0,1782359134.1922038,0.0016846656799316406
66638,normal,3643,0,1782359134.1942904,0.002086639404296875
66639,normal,2170,0,1782359134.1961539,0.0018634796142578125
66640,normal,2274,0,1782359134.1981204,0.0019664764404296875
66641,normal,1556,0,1782359134.2002847,0.0021643638610839844
66642,normal,832,2,1782359134.202165,0.0018801689147949219
66643,normal,364,0,1782359134.2041287,0.0019638538360595703
66644,normal,1905,0,1782359134.2063074,0.002178668975830078
66645,normal,3633,0,1782359134.2082283,0.001920938491821289
66646,normal,3190,1,1782359134.210145,0.001916646957397461
66647,normal,1003,2,1782359134.2123523,0.0022072792053222656
66648,normal,2562,0,1782359134.2148404,0.0024881362915039062
66649,normal,2033,0,1782359134.217283,0.002442598342895508
66650,normal,699,0,1782359134.218597,0.001313924789428711
66651,normal,2005,0,1782359134.2202997,0.0017027854919433594
66652,normal,2796,0,1782359134.2221992,0.0018994808197021484
66653,normal,878,2,1782359134.2244883,0.0022890567779541016
66654,normal,2440,0,1782359134.2264519,0.0019636154174804688
66655,normal,3433,0,1782359134.2282314,0.0017795562744140625
66656,normal,603,0,1782359134.2306376,0.0024061203002929688
66657,normal,2935,0,1782359134.2324097,0.001772165298461914
66658,normal,186,0,1782359134.2343385,0.0019288063049316406
66659,normal,149,0,1782359134.2361007,0.0017621517181396484
66660,normal,456,0,1782359134.2394702,0.003369569778442383
66661,normal,396,0,1782359134.240977,0.001506805419921875
66662,normal,778,2,1782359134.2429082,0.0019311904907226562
66663,normal,2258,0,1782359134.2442827,0.0013744831085205078
66664,normal,578,0,1782359134.2462642,0.001981496810913086
66665,normal,1543,0,1782359134.2482014,0.0019371509552001953
66666,normal,2250,0,1782359134.2503338,0.002132415771484375
66667,normal,3325,1,1782359134.2522473,0.0019135475158691406
66668,normal,3074,1,1782359134.2542279,0.0019805431365966797
66669,normal,2652,0,1782359134.257042,0.002814054489135742
66670,normal,2078,0,1782359134.2583232,0.0012812614440917969
66671,normal,643,0,1782359134.2602887,0.0019655227661132812
66672,normal,2667,0,1782359134.2623236,0.002034902572631836
66673,normal,2150,0,1782359134.2641902,0.0018665790557861328
66674,normal,2196,0,1782359134.2662477,0.0020575523376464844
66675,normal,3075,1,1782359134.268357,0.0021092891693115234
66676,normal,3118,1,1782359134.2702653,0.0019083023071289062
66677,normal,3509,0,1782359134.2722547,0.0019893646240234375
66678,normal,3085,1,1782359134.2742114,0.0019567012786865234
66679,normal,1510,0,1782359134.2762918,0.0020804405212402344
66680,normal,482,0,1782359134.2783308,0.0020389556884765625
66681,normal,3673,0,1782359134.2802997,0.001968860626220703
66682,normal,3268,1,1782359134.2822132,0.0019135475158691406
66683,normal,86,0,1782359134.2841697,0.001956462860107422
66684,normal,1207,0,1782359134.286235,0.002065420150756836
66685,normal,2479,0,1782359134.2882178,0.0019826889038085938
66686,normal,3613,0,1782359134.2905204,0.0023026466369628906
66687,normal,930,2,1782359134.2923017,0.0017812252044677734
66688,normal,891,2,1782359134.294157,0.0018553733825683594
66689,normal,2140,0,1782359134.2961092,0.0019521713256835938
66690,normal,1908,0,1782359134.2981822,0.002073049545288086
66691,normal,2240,0,1782359134.3000648,0.0018825531005859375
66692,normal,1670,0,1782359134.3021324,0.00206756591796875
66693,normal,3663,0,1782359134.3042889,0.002156496047973633
66694,normal,1611,0,1782359134.3060656,0.0017766952514648438
66695,normal,234,0,1782359134.3084123,0.0023467540740966797
66696,normal,3478,0,1782359134.310391,0.001978635787963867
66697,normal,3275,1,1782359134.312085,0.0016939640045166016
66698,normal,1809,0,1782359134.3141713,0.0020864009857177734
66699,normal,1008,2,1782359134.316322,0.0021507740020751953
66700,normal,3024,0,1782359134.3181422,0.0018200874328613281
66701,normal,1045,0,1782359134.320383,0.002240896224975586
66702,normal,297,0,1782359134.3222597,0.0018765926361083984
66703,normal,3201,1,1782359134.324155,0.0018954277038574219
66704,normal,353,0,1782359134.326249,0.002093791961669922
66705,normal,1528,0,1782359134.3281527,0.0019037723541259766
66706,normal,1561,0,1782359134.3301814,0.0020287036895751953
66707,normal,992,2,1782359134.332122,0.0019407272338867188
66708,normal,842,2,1782359134.3341553,0.002033233642578125
66709,normal,2839,0,1782359134.3361418,0.0019865036010742188
66710,normal,3147,1,1782359134.338119,0.001977205276489258
66711,normal,1591,0,1782359134.3403316,0.0022125244140625
66712,normal,637,0,1782359134.342138,0.001806497573852539
66713,normal,1112,0,1782359134.3441021,0.001964092254638672
66714,normal,2814,0,1782359134.3462448,0.002142667770385742
66715,normal,646,0,1782359134.3481095,0.0018646717071533203
66716,normal,399,0,1782359134.3501158,0.0020062923431396484
66717,normal,3523,0,1782359134.3527887,0.002672910690307617
66718,normal,1613,0,1782359134.3544166,0.0016279220581054688
66719,normal,731,0,1782359134.356142,0.0017254352569580078
66720,normal,3279,1,1782359134.3582134,0.002071380615234375
66721,normal,1529,0,1782359134.3600845,0.0018711090087890625
66722,normal,2719,0,1782359134.3621933,0.0021088123321533203
66723,normal,2416,0,1782359134.3641813,0.001987934112548828
66724,normal,1858,0,1782359134.3661947,0.0020134449005126953
66725,normal,2786,0,1782359134.368117,0.0019223690032958984
66726,normal,1735,0,1782359134.3703718,0.0022547245025634766
66727,normal,3473,0,1782359134.3722858,0.0019140243530273438
66728,normal,3618,0,1782359134.3741386,0.0018527507781982422
66729,normal,3065,1,1782359134.3760865,0.0019478797912597656
66730,normal,3222,1,1782359134.3780642,0.001977682113647461
66731,normal,2877,0,1782359134.3800805,0.002016305923461914
66732,normal,558,0,1782359134.382084,0.0020034313201904297
66733,normal,1237,0,1782359134.3841774,0.0020935535430908203
66734,normal,3109,1,1782359134.3863575,0.0021800994873046875
66735,normal,574,0,1782359134.3883288,0.0019712448120117188
66736,normal,1179,0,1782359134.3901281,0.0017993450164794922
66737,normal,2608,0,1782359134.3921716,0.002043485641479492
66738,normal,2915,0,1782359134.3941898,0.0020182132720947266
66739,normal,1387,0,1782359134.3962214,0.002031564712524414
66740,normal,2364,0,1782359134.398687,0.002465486526489258
66741,normal,1934,0,1782359134.4011388,0.0024518966674804688
66742,normal,2113,0,1782359134.4024212,0.0012824535369873047
66743,normal,730,0,1782359134.4042268,0.0018055438995361328
66744,normal,673,0,1782359134.4061253,0.0018985271453857422
66745,normal,1666,0,1782359134.408348,0.002222776412963867
66746,normal,3166,1,1782359134.4104536,0.0021054744720458984
66747,normal,1147,0,1782359134.4121444,0.0016908645629882812
66748,normal,337,0,1782359134.4141295,0.0019850730895996094
66749,normal,694,0,1782359134.4162712,0.002141714096069336
66750,normal,105,0,1782359134.418448,0.0021767616271972656
66751,normal,1220,0,1782359134.4202218,0.001773834228515625
66752,normal,2232,0,1782359134.4222996,0.002077817916870117
66753,normal,3315,1,1782359134.4243066,0.002007007598876953
66754,normal,2253,0,1782359134.426229,0.0019223690032958984
66755,normal,2594,0,1782359134.4282372,0.002008199691772461
66756,normal,117,0,1782359134.430287,0.002049684524536133
66757,normal,2739,0,1782359134.4338107,0.0035238265991210938
66758,normal,2699,0,1782359134.4347434,0.0009326934814453125
66759,normal,3299,1,1782359134.4362803,0.0015368461608886719
66760,normal,2345,0,1782359134.4382138,0.0019335746765136719
66761,normal,2367,0,1782359134.4403772,0.002163410186767578
66762,normal,1620,0,1782359134.442361,0.0019838809967041016
66763,normal,3139,1,1782359134.444265,0.0019037723541259766
66764,normal,3057,1,1782359134.4462168,0.0019519329071044922
66765,normal,838,2,1782359134.4485424,0.0023255348205566406
66766,normal,2998,0,1782359134.4504523,0.0019099712371826172
66767,normal,3252,1,1782359134.4523208,0.0018684864044189453
66768,normal,831,2,1782359134.454319,0.0019981861114501953
66769,normal,2006,0,1782359134.4565256,0.002206563949584961
66770,normal,1117,0,1782359134.4586132,0.0020875930786132812
66771,normal,1684,0,1782359134.4602768,0.0016636848449707031
66772,normal,3030,0,1782359134.4621189,0.0018420219421386719
66773,normal,773,2,1782359134.4642522,0.0021333694458007812
66774,normal,1753,0,1782359134.466089,0.0018367767333984375
66775,normal,2371,0,1782359134.468253,0.0021638870239257812
66776,normal,2031,0,1782359134.4701197,0.0018668174743652344
66777,normal,2139,0,1782359134.4721885,0.002068758010864258
66778,normal,1789,0,1782359134.4741364,0.0019478797912597656
66779,normal,503,0,1782359134.4763343,0.0021979808807373047
66780,normal,3131,1,1782359172.4587433,0.0
66781,normal,2947,0,1782359172.4607108,0.0019674301147460938
66782,normal,51,0,1782359172.4627438,0.0020329952239990234
66783,normal,144,0,1782359172.4647574,0.002013683319091797
66784,normal,3569,0,1782359172.4667659,0.0020084381103515625
66785,normal,2679,0,1782359172.4690092,0.0022432804107666016
66786,normal,3161,1,1782359172.4710584,0.0020492076873779297
66787,normal,3092,1,1782359172.4727943,0.0017359256744384766
66788,normal,3671,0,1782359172.4747834,0.001989126205444336
66789,normal,916,2,1782359172.4769034,0.0021200180053710938
66790,normal,2709,0,1782359172.4788277,0.001924276351928711
66791,normal,580,0,1782359172.4809778,0.0021500587463378906
66792,normal,836,2,1782359172.4827886,0.0018107891082763672
66793,normal,2559,0,1782359172.4849827,0.0021941661834716797
66794,normal,1128,0,1782359172.4867802,0.0017974376678466797
66795,normal,2939,0,1782359172.4889948,0.002214670181274414
66796,normal,1273,0,1782359172.4907856,0.001790761947631836
66797,normal,2042,0,1782359172.4929764,0.002190828323364258
66798,normal,3140,1,1782359172.494946,0.001969575881958008
66799,normal,664,0,1782359172.4967804,0.0018343925476074219
66800,normal,2003,0,1782359172.4989583,0.0021779537200927734
66801,normal,1427,0,1782359172.5009491,0.001990795135498047
66802,normal,2036,0,1782359172.5027812,0.0018320083618164062
66803,normal,3454,0,1782359172.5049827,0.002201557159423828
66804,normal,1003,2,1782359172.5069492,0.0019664764404296875
66805,normal,949,2,1782359172.5087855,0.0018362998962402344
66806,normal,2914,0,1782359172.5109246,0.0021390914916992188
66807,normal,3033,0,1782359172.512944,0.0020194053649902344
66808,normal,181,0,1782359172.5148387,0.0018947124481201172
66809,normal,2286,0,1782359172.5169628,0.0021240711212158203
66810,normal,2334,0,1782359172.5189576,0.0019948482513427734
66811,normal,703,0,1782359172.520795,0.0018374919891357422
66812,normal,572,0,1782359172.5229855,0.0021903514862060547
66813,normal,2748,0,1782359172.5248356,0.001850128173828125
66814,normal,1578,0,1782359172.5269248,0.002089262008666992
66815,normal,2713,0,1782359172.5288448,0.0019199848175048828
66816,normal,1230,0,1782359172.530867,0.002022266387939453
66817,normal,2665,0,1782359172.5327559,0.0018887519836425781
66818,normal,3383,1,1782359172.5348175,0.002061605453491211
66819,normal,2329,0,1782359172.536793,0.001975536346435547
66820,normal,2974,0,1782359172.5388079,0.0020148754119873047
66821,normal,459,0,1782359172.5408037,0.0019958019256591797
66822,normal,1988,0,1782359172.5428019,0.0019981861114501953
66823,normal,237,0,1782359172.5447896,0.0019876956939697266
66824,normal,1636,0,1782359172.546818,0.0020284652709960938
66825,normal,79,0,1782359172.5487895,0.0019714832305908203
66826,normal,1466,0,1782359172.550787,0.0019974708557128906
66827,normal,1417,0,1782359172.5528154,0.0020284652709960938
66828,normal,225,0,1782359172.5547898,0.001974344253540039
66829,normal,2386,0,1782359172.5568156,0.0020258426666259766
66830,normal,877,2,1782359172.5588012,0.0019855499267578125
66831,normal,2254,0,1782359172.5607932,0.0019919872283935547
66832,normal,3677,0,1782359172.5628307,0.002037525177001953
66833,normal,2377,0,1782359172.564814,0.0019834041595458984
66834,normal,2475,0,1782359172.5667884,0.001974344253540039
66835,normal,772,2,1782359172.5687885,0.002000093460083008
66836,normal,1200,0,1782359172.5708141,0.002025604248046875
66837,normal,1284,0,1782359172.5727873,0.0019731521606445312
66838,normal,3335,1,1782359172.574807,0.002019643783569336
66839,normal,2249,0,1782359172.5767996,0.0019927024841308594
66840,normal,2619,0,1782359172.5787902,0.0019905567169189453
66841,normal,1605,0,1782359172.5808215,0.0020313262939453125
66842,normal,2032,0,1782359172.5828407,0.002019166946411133
66843,normal,2694,0,1782359172.5847862,0.00194549560546875
66844,normal,3196,1,1782359172.5867975,0.0020112991333007812
66845,normal,550,0,1782359172.5887988,0.0020012855529785156
66846,normal,972,2,1782359172.590791,0.0019922256469726562
66847,normal,2413,0,1782359172.5927982,0.0020072460174560547
66848,normal,693,0,1782359172.5947988,0.002000570297241211
66849,normal,1919,0,1782359172.5967925,0.0019936561584472656
66850,normal,1278,0,1782359172.598806,0.0020134449005126953
66851,normal,919,2,1782359172.6008048,0.0019989013671875
66852,normal,1152,0,1782359172.6027927,0.001987934112548828
66853,normal,2395,0,1782359172.6048043,0.002011537551879883
66854,normal,211,0,1782359172.606803,0.0019986629486083984
66855,normal,2265,0,1782359172.6087608,0.0019578933715820312
66856,normal,3472,0,1782359172.6108055,0.002044677734375
66857,normal,2407,0,1782359172.6128027,0.001997232437133789
66858,normal,1774,0,1782359172.6148005,0.001997709274291992
66859,normal,3446,0,1782359172.616765,0.001964569091796875
66860,normal,356,0,1782359172.6188195,0.002054452896118164
66861,normal,3028,0,1782359172.6208036,0.001984119415283203
66862,normal,581,0,1782359172.6228127,0.002009153366088867
66863,normal,3506,0,1782359172.6248026,0.0019898414611816406
66864,normal,2956,0,1782359172.6267955,0.001992940902709961
66865,normal,3044,0,1782359172.6288292,0.002033710479736328
66866,normal,608,0,1782359172.6308215,0.0019922256469726562
66867,normal,1666,0,1782359172.632787,0.0019655227661132812
66868,normal,1863,0,1782359172.6348252,0.002038240432739258
66869,normal,1581,0,1782359172.6368167,0.0019915103912353516
66870,normal,542,0,1782359172.6387942,0.0019774436950683594
66871,normal,3485,0,1782359172.6408274,0.002033233642578125
66872,normal,790,2,1782359172.6428304,0.0020029544830322266
66873,normal,3396,1,1782359172.6447897,0.0019593238830566406
66874,normal,1321,1,1782359172.6468186,0.002028942108154297
66875,normal,2068,0,1782359172.648805,0.001986265182495117
66876,normal,1623,0,1782359172.6507947,0.0019898414611816406
66877,normal,1690,0,1782359172.6530306,0.002235889434814453
66878,normal,3298,1,1782359172.6549153,0.0018846988677978516
66879,normal,2240,0,1782359172.6567898,0.0018744468688964844
66880,normal,990,2,1782359172.6589186,0.0021288394927978516
66881,normal,3297,1,1782359172.660844,0.0019254684448242188
66882,normal,2655,0,1782359172.6629739,0.002129793167114258
66883,normal,3074,1,1782359172.6647754,0.0018014907836914062
66884,normal,3601,0,1782359172.6667893,0.0020139217376708984
66885,normal,1888,0,1782359172.6691952,0.002405881881713867
66886,normal,1083,0,1782359172.6708834,0.001688241958618164
66887,normal,1506,0,1782359172.6729739,0.0020904541015625
66888,normal,2510,0,1782359172.6751928,0.002218961715698242
66889,normal,726,0,1782359172.6769989,0.001806020736694336
66890,normal,1351,1,1782359172.678977,0.001978158950805664
66891,normal,3475,0,1782359172.6809204,0.001943349838256836
66892,normal,3013,0,1782359172.6829495,0.0020291805267333984
66893,normal,982,2,1782359172.6848383,0.0018887519836425781
66894,normal,1398,0,1782359172.6870043,0.0021660327911376953
66895,normal,252,0,1782359172.688799,0.001794576644897461
66896,normal,2850,0,1782359172.6910017,0.002202749252319336
66897,normal,3106,1,1782359172.693009,0.0020072460174560547
66898,normal,2183,0,1782359172.694805,0.0017960071563720703
66899,normal,996,2,1782359172.6969905,0.0021855831146240234
66900,normal,3234,1,1782359172.6990254,0.002034902572631836
66901,normal,1947,0,1782359172.7007995,0.0017740726470947266
66902,normal,2085,0,1782359172.7029867,0.0021872520446777344
66903,normal,147,0,1782359172.7050157,0.002028942108154297
66904,normal,60,0,1782359172.7068014,0.0017857551574707031
66905,normal,2461,0,1782359172.7089853,0.0021839141845703125
66906,normal,3634,0,1782359172.7109296,0.0019443035125732422
66907,normal,1877,0,1782359172.7128005,0.001870870590209961
66908,normal,3170,1,1782359172.7149851,0.002184629440307617
66909,normal,623,0,1782359172.7169495,0.0019643306732177734
66910,normal,2906,0,1782359172.7188,0.0018506050109863281
66911,normal,2389,0,1782359172.7209837,0.002183675765991211
66912,normal,913,2,1782359172.7229104,0.0019266605377197266
66913,normal,1826,0,1782359172.7247996,0.0018892288208007812
66914,normal,878,2,1782359172.7269843,0.002184629440307617
66915,normal,1900,0,1782359172.7289152,0.0019309520721435547
66916,normal,2474,0,1782359172.7308004,0.0018851757049560547
66917,normal,2851,0,1782359172.7329872,0.0021867752075195312
66918,normal,2009,0,1782359172.7349162,0.0019290447235107422
66919,normal,487,0,1782359172.7367988,0.0018825531005859375
66920,normal,1240,0,1782359172.7389965,0.002197742462158203
66921,normal,2780,0,1782359172.7409205,0.0019240379333496094
66922,normal,3281,1,1782359172.7427986,0.0018780231475830078
66923,normal,484,0,1782359172.7449944,0.0021958351135253906
66924,normal,507,0,1782359172.7469203,0.0019259452819824219
66925,normal,2165,0,1782359172.748814,0.001893758773803711
66926,normal,3549,0,1782359172.7509823,0.0021681785583496094
66927,normal,2551,0,1782359172.7529273,0.0019450187683105469
66928,normal,2871,0,1782359172.7547998,0.0018725395202636719
66929,normal,103,0,1782359172.7567759,0.00197601318359375
66930,normal,2856,0,1782359172.7587724,0.0019965171813964844
66931,normal,2211,0,1782359172.7607675,0.001995086669921875
66932,normal,1122,0,1782359172.7627869,0.0020194053649902344
66933,normal,1328,1,1782359172.7647498,0.001962900161743164
66934,normal,1524,0,1782359172.766748,0.0019981861114501953
66935,normal,1192,0,1782359172.7687867,0.002038717269897461
66936,normal,233,0,1782359172.7707567,0.001970052719116211
66937,normal,3427,0,1782359172.772749,0.0019922256469726562
66938,normal,692,0,1782359172.7747865,0.002037525177001953
66939,normal,3164,1,1782359172.7767594,0.0019729137420654297
66940,normal,1054,0,1782359172.7787457,0.001986265182495117
66941,normal,1615,0,1782359172.78079,0.0020444393157958984
66942,normal,3263,1,1782359172.7827463,0.0019562244415283203
66943,normal,199,0,1782359172.7847526,0.0020062923431396484
66944,normal,188,0,1782359172.7867844,0.0020318031311035156
66945,normal,1372,1,1782359172.7887697,0.001985311508178711
66946,normal,1066,0,1782359172.7907445,0.001974821090698242
66947,normal,1946,0,1782359172.7927992,0.0020546913146972656
66948,normal,2839,0,1782359172.7947733,0.0019741058349609375
66949,normal,1523,0,1782359172.7967484,0.0019750595092773438
66950,normal,614,0,1782359172.7987995,0.002051115036010742
66951,normal,1451,0,1782359172.8007467,0.001947164535522461
66952,normal,2733,0,1782359172.8027463,0.0019996166229248047
66953,normal,1712,0,1782359172.8047838,0.002037525177001953
66954,normal,1241,0,1782359172.806746,0.0019621849060058594
66955,normal,178,0,1782359172.808749,0.0020029544830322266
66956,normal,1629,0,1782359172.8108118,0.0020627975463867188
66957,normal,2556,0,1782359172.8127503,0.0019385814666748047
66958,normal,795,2,1782359172.814761,0.0020105838775634766
66959,normal,2428,0,1782359172.816791,0.0020301342010498047
66960,normal,710,0,1782359172.8187506,0.001959562301635742
66961,normal,3169,1,1782359172.8207467,0.0019960403442382812
66962,normal,3431,0,1782359172.8227947,0.002048015594482422
66963,normal,3536,0,1782359172.8247461,0.001951456069946289
66964,normal,2729,0,1782359172.8267584,0.0020122528076171875
66965,normal,2923,0,1782359172.8287866,0.002028226852416992
66966,normal,830,2,1782359172.8307655,0.0019788742065429688
66967,normal,3589,0,1782359172.8327503,0.001984834671020508
66968,normal,2338,0,1782359172.8347857,0.002035379409790039
66969,normal,1798,0,1782359172.8367453,0.001959562301635742
66970,normal,2588,0,1782359172.8387482,0.0020029544830322266
66971,normal,1038,0,1782359172.840781,0.002032756805419922
66972,normal,1889,0,1782359172.8427467,0.001965761184692383
66973,normal,3534,0,1782359172.8447459,0.0019991397857666016
66974,normal,1837,0,1782359172.8467858,0.0020399093627929688
66975,normal,631,0,1782359172.8487484,0.0019626617431640625
66976,normal,1198,0,1782359172.8507454,0.0019969940185546875
66977,normal,2599,0,1782359172.8527844,0.0020389556884765625
66978,normal,1086,0,1782359172.854753,0.0019686222076416016
66979,normal,2818,0,1782359172.8567486,0.001995563507080078
66980,normal,2834,0,1782359172.8587878,0.002039194107055664
66981,normal,2526,0,1782359172.8607473,0.001959562301635742
66982,normal,2400,0,1782359172.8627439,0.0019965171813964844
66983,normal,3642,0,1782359172.8647857,0.0020418167114257812
66984,normal,2001,0,1782359172.866746,0.001960277557373047
66985,normal,2425,0,1782359172.8687484,0.0020024776458740234
66986,normal,643,0,1782359172.8707867,0.002038240432739258
66987,normal,730,0,1782359172.872744,0.001957416534423828
66988,normal,500,0,1782359172.8747456,0.002001523971557617
66989,normal,330,0,1782359172.8768,0.002054452896118164
66990,normal,1527,0,1782359172.8787482,0.0019481182098388672
66991,normal,2104,0,1782359172.8807456,0.0019974708557128906
66992,normal,645,0,1782359172.8827815,0.002035856246948242
66993,normal,3460,0,1782359172.8847601,0.001978635787963867
66994,normal,3488,0,1782359172.8867447,0.0019845962524414062
66995,normal,1760,0,1782359172.8887956,0.0020508766174316406
66996,normal,2685,0,1782359172.8907466,0.001950979232788086
66997,normal,1669,0,1782359172.8927443,0.001997709274291992
66998,normal,670,0,1782359172.8947916,0.002047300338745117
66999,normal,1029,2,1782359172.89675,0.0019583702087402344
67000,normal,2978,0,1782359172.898747,0.0019969940185546875
67001,normal,1886,0,1782359172.900785,0.0020380020141601562
67002,normal,1828,0,1782359172.9027495,0.001964569091796875
67003,normal,1494,0,1782359172.9048245,0.0020749568939208984
67004,normal,1787,0,1782359172.9067347,0.0019102096557617188
67005,normal,1033,0,1782359172.908816,0.0020813941955566406
67006,normal,2086,0,1782359172.9108088,0.0019927024841308594
67007,normal,2405,0,1782359172.9128041,0.0019953250885009766
67008,normal,2833,0,1782359172.9147499,0.0019457340240478516
67009,normal,544,0,1782359172.916753,0.002003192901611328
67010,normal,3491,0,1782359172.9187853,0.0020322799682617188
67011,normal,557,0,1782359172.920748,0.0019626617431640625
67012,normal,965,2,1782359172.9227471,0.0019991397857666016
67013,normal,696,0,1782359172.9247983,0.002051115036010742
67014,normal,787,2,1782359172.9267464,0.0019481182098388672
67015,normal,1409,0,1782359172.9287663,0.0020198822021484375
67016,normal,683,0,1782359172.9307797,0.0020134449005126953
67017,normal,5,0,1782359172.9327495,0.0019698143005371094
67018,normal,2234,0,1782359172.9347482,0.0019986629486083984
67019,normal,1017,2,1782359172.9367843,0.0020360946655273438
67020,normal,2864,0,1782359172.9387455,0.001961231231689453
67021,normal,2829,0,1782359172.9407425,0.0019969940185546875
67022,normal,2568,0,1782359172.942781,0.0020384788513183594
67023,normal,2108,0,1782359172.9447513,0.0019702911376953125
67024,normal,2883,0,1782359172.9467459,0.001994609832763672
67025,normal,1503,0,1782359172.9487972,0.0020513534545898438
67026,normal,336,0,1782359172.950741,0.001943826675415039
67027,normal,1217,0,1782359172.952748,0.002007007598876953
67028,normal,1341,1,1782359172.9547827,0.0020346641540527344
67029,normal,2630,0,1782359172.956746,0.001963376998901367
67030,normal,1722,0,1782359172.9587476,0.002001523971557617
67031,normal,1433,0,1782359172.9607794,0.0020318031311035156
67032,normal,1640,0,1782359172.9627445,0.001965045928955078
67033,normal,469,0,1782359172.964747,0.0020024776458740234
67034,normal,3394,1,1782359172.9667854,0.0020384788513183594
67035,normal,1973,0,1782359172.9688544,0.0020689964294433594
67036,normal,1762,0,1782359172.970748,0.0018935203552246094
67037,normal,3548,0,1782359172.9727926,0.002044677734375
67038,normal,1208,0,1782359172.974761,0.0019683837890625
67039,normal,3561,0,1782359172.9767535,0.001992464065551758
67040,normal,1743,0,1782359172.9787853,0.0020318031311035156
67041,normal,3515,0,1782359172.980746,0.00196075439453125
67042,normal,77,0,1782359172.9827476,0.002001523971557617
67043,normal,1983,0,1782359172.9847853,0.0020377635955810547
67044,normal,2661,0,1782359172.9867642,0.0019788742065429688
67045,normal,62,0,1782359172.9887476,0.0019834041595458984
67046,normal,472,0,1782359172.9907827,0.0020351409912109375
67047,normal,3413,0,1782359172.9927475,0.0019648075103759766
67048,normal,14,0,1782359172.9947445,0.0019969940185546875
67049,normal,2102,0,1782359172.9967816,0.00203704833984375
67050,normal,1394,0,1782359172.9987445,0.001962900161743164
67051,normal,2353,0,1782359173.0007439,0.001999378204345703
67052,normal,1663,0,1782359173.0028143,0.0020704269409179688
67053,normal,900,2,1782359173.0047464,0.0019321441650390625
67054,normal,3685,0,1782359173.0067458,0.001999378204345703
67055,normal,2489,0,1782359173.0087926,0.002046823501586914
67056,normal,754,0,1782359173.010748,0.001955270767211914
67057,normal,2950,0,1782359173.0127451,0.001997232437133789
67058,normal,3088,1,1782359173.014783,0.0020377635955810547
67059,normal,470,0,1782359173.016758,0.0019750595092773438
67060,normal,3327,1,1782359173.0187514,0.001993417739868164
67061,normal,493,0,1782359173.0208075,0.002056121826171875
67062,normal,2000,0,1782359173.0227463,0.0019388198852539062
67063,normal,935,2,1782359173.024752,0.0020055770874023438
67064,normal,482,0,1782359173.0267832,0.0020313262939453125
67065,normal,133,0,1782359173.0287452,0.001961946487426758
67066,normal,1006,2,1782359173.0307448,0.0019996166229248047
67067,normal,1891,0,1782359173.0327795,0.0020346641540527344
67068,normal,1053,0,1782359173.0347462,0.001966714859008789
67069,normal,1143,0,1782359173.0367446,0.001998424530029297
67070,normal,1391,0,1782359173.0387807,0.0020360946655273438
67071,normal,3622,0,1782359173.0407457,0.001965045928955078
67072,normal,1453,0,1782359173.0427449,0.0019991397857666016
67073,normal,3375,1,1782359173.044782,0.00203704833984375
67074,normal,1099,0,1782359173.0467486,0.001966714859008789
67075,normal,1012,2,1782359173.0487444,0.0019958019256591797
67076,normal,2248,0,1782359173.050801,0.002056598663330078
67077,normal,1493,0,1782359173.0527446,0.0019435882568359375
67078,normal,1518,0,1782359173.0547452,0.002000570297241211
67079,normal,3247,1,1782359173.0567865,0.002041339874267578
67080,normal,76,0,1782359173.0587506,0.001964092254638672
67081,normal,105,0,1782359173.0607433,0.0019927024841308594
67082,normal,223,0,1782359173.0627863,0.002043008804321289
67083,normal,3312,1,1782359173.0647469,0.0019605159759521484
67084,normal,736,0,1782359173.0667439,0.0019969940185546875
67085,normal,39,0,1782359173.0687797,0.002035856246948242
67086,normal,1746,0,1782359173.070746,0.001966238021850586
67087,normal,3345,1,1782359173.0727558,0.002009868621826172
67088,normal,1188,0,1782359173.0747955,0.002039670944213867
67089,normal,543,0,1782359173.0767426,0.001947164535522461
67090,normal,1750,0,1782359173.0787444,0.0020017623901367188
67091,normal,2110,0,1782359173.0808136,0.002069234848022461
67092,normal,21,0,1782359173.082745,0.0019314289093017578
67093,normal,3556,0,1782359173.0847468,0.0020017623901367188
67094,normal,3582,0,1782359173.086783,0.0020360946655273438
67095,normal,118,0,1782359173.0887496,0.001966714859008789
67096,normal,1677,0,1782359173.0907965,0.002046823501586914
67097,normal,2058,0,1782359173.0927782,0.0019817352294921875
67098,normal,1432,0,1782359173.094783,0.002004861831665039
67099,normal,2335,0,1782359173.096748,0.001965045928955078
67100,normal,478,0,1782359173.0987961,0.002048015594482422
67101,normal,3001,0,1782359173.1007435,0.0019474029541015625
67102,normal,2777,0,1782359173.102753,0.0020093917846679688
67103,normal,2119,0,1782359173.1047838,0.0020308494567871094
67104,normal,2296,0,1782359173.1067412,0.001957416534423828
67105,normal,25,0,1782359173.1087468,0.0020055770874023438
67106,normal,2137,0,1782359173.1108146,0.0020678043365478516
67107,normal,828,2,1782359173.1127417,0.0019271373748779297
67108,normal,802,2,1782359173.1147494,0.002007722854614258
67109,normal,3246,1,1782359173.1167963,0.002046823501586914
67110,normal,3486,0,1782359173.1187456,0.001949310302734375
67111,normal,3015,0,1782359173.1207438,0.0019981861114501953
67112,normal,3207,1,1782359173.12278,0.0020363330841064453
67113,normal,1883,0,1782359173.1247435,0.001963376998901367
67114,normal,3392,1,1782359173.1267402,0.001996755599975586
67115,normal,2743,0,1782359173.128792,0.002051830291748047
67116,normal,890,2,1782359173.1307433,0.0019512176513671875
67117,normal,2302,0,1782359173.1327424,0.0019991397857666016
67118,normal,3478,0,1782359173.134781,0.0020384788513183594
67119,normal,2079,0,1782359173.1367445,0.0019636154174804688
67120,normal,3498,0,1782359173.138746,0.002001523971557617
67121,normal,915,2,1782359173.140785,0.0020389556884765625
67122,normal,547,0,1782359173.1427436,0.001958608627319336
67123,normal,1374,1,1782359173.144745,0.002001523971557617
67124,normal,1969,0,1782359173.14678,0.002034902572631836
67125,normal,1181,0,1782359173.1487436,0.0019636154174804688
67126,normal,3205,1,1782359173.150745,0.0020012855529785156
67127,normal,2445,0,1782359173.1528072,0.0020623207092285156
67128,normal,146,0,1782359173.1547441,0.0019369125366210938
67129,normal,2194,0,1782359173.1567438,0.0019996166229248047
67130,normal,1769,0,1782359173.158784,0.0020401477813720703
67131,normal,1327,1,1782359173.1607463,0.001962423324584961
67132,normal,1059,0,1782359173.1627495,0.002003192901611328
67133,normal,1764,0,1782359173.1647947,0.002045154571533203
67134,normal,980,2,1782359173.1667583,0.0019636154174804688
67135,normal,713,0,1782359173.1687448,0.0019865036010742188
67136,normal,649,0,1782359173.17078,0.0020351409912109375
67137,normal,2750,0,1782359173.172751,0.001971006393432617
67138,normal,2787,0,1782359173.1747491,0.0019981861114501953
67139,normal,2078,0,1782359173.1767943,0.002045154571533203
67140,normal,1832,0,1782359173.1787505,0.0019562244415283203
67141,normal,474,0,1782359173.1807473,0.001996755599975586
67142,normal,19,0,1782359173.1827846,0.0020372867584228516
67143,normal,296,0,1782359173.1847453,0.00196075439453125
67144,normal,564,0,1782359173.1867464,0.002001047134399414
67145,normal,3595,0,1782359173.1887817,0.002035379409790039
67146,normal,42,0,1782359173.190745,0.001963376998901367
67147,normal,150,0,1782359173.1927447,0.0019996166229248047
67148,normal,2074,0,1782359173.194784,0.002039194107055664
67149,normal,186,0,1782359173.196744,0.0019600391387939453
67150,normal,3381,1,1782359173.1987462,0.002002239227294922
67151,normal,2893,0,1782359173.2008169,0.0020706653594970703
67152,normal,3355,1,1782359173.2027583,0.0019414424896240234
67153,normal,2609,0,1782359173.2047493,0.0019910335540771484
67154,normal,3368,1,1782359173.2068048,0.0020554065704345703
67155,normal,463,0,1782359173.2087455,0.0019407272338867188
67156,normal,3091,1,1782359173.2107446,0.0019991397857666016
67157,normal,2657,0,1782359173.2127807,0.0020360946655273438
67158,normal,508,0,1782359173.214745,0.0019643306732177734
67159,normal,3251,1,1782359173.2167463,0.0020012855529785156
67160,normal,1395,0,1782359173.2187817,0.002035379409790039
67161,normal,1754,0,1782359173.2207456,0.0019638538360595703
67162,normal,673,0,1782359173.2227442,0.0019986629486083984
67163,normal,1966,0,1782359173.2247877,0.002043485641479492
67164,normal,628,0,1782359173.2267456,0.0019578933715820312
67165,normal,682,0,1782359173.228745,0.001999378204345703
67166,normal,2038,0,1782359173.2307842,0.002039194107055664
67167,normal,1856,0,1782359173.2327445,0.001960277557373047
67168,normal,2223,0,1782359173.2347443,0.0019998550415039062
67169,normal,279,0,1782359173.2367818,0.002037525177001953
67170,normal,3318,1,1782359173.2387438,0.001961946487426758
67171,normal,171,0,1782359173.2407475,0.0020036697387695312
67172,normal,263,0,1782359173.2427807,0.002033233642578125
67173,normal,948,2,1782359173.2447484,0.0019676685333251953
67174,normal,2760,0,1782359173.246745,0.001996755599975586
67175,normal,50,0,1782359173.248776,0.0020308494567871094
67176,normal,1680,0,1782359173.2507458,0.0019698143005371094
67177,normal,2705,0,1782359173.2527437,0.0019979476928710938
67178,normal,49,0,1782359173.25478,0.0020363330841064453
67179,normal,1136,0,1782359173.2567623,0.0019822120666503906
67180,normal,1934,0,1782359173.2587502,0.001987934112548828
67181,normal,761,0,1782359173.2607808,0.002030611038208008
67182,normal,808,2,1782359173.2627451,0.0019643306732177734
67183,normal,1031,0,1782359173.2647445,0.001999378204345703
67184,normal,1961,0,1782359173.2667813,0.0020368099212646484
67185,normal,745,0,1782359173.2687538,0.0019724369049072266
67186,normal,841,2,1782359173.2707415,0.0019876956939697266
67187,normal,1019,2,1782359173.2727816,0.0020401477813720703
67188,normal,259,0,1782359173.2747414,0.0019598007202148438
67189,normal,3444,0,1782359173.276741,0.0019996166229248047
67190,normal,179,0,1782359173.27878,0.0020389556884765625
67191,normal,2050,0,1782359173.28075,0.001970052719116211
67192,normal,492,0,1782359173.2827463,0.001996278762817383
67193,normal,2484,0,1782359173.2847855,0.002039194107055664
67194,normal,3240,1,1782359173.2867436,0.001958131790161133
67195,normal,2492,0,1782359173.2887437,0.002000093460083008
67196,normal,816,2,1782359173.29078,0.0020363330841064453
67197,normal,1884,0,1782359173.292746,0.0019659996032714844
67198,normal,3437,0,1782359173.2947433,0.001997232437133789
67199,normal,413,0,1782359173.2967796,0.0020363330841064453
67200,normal,1197,0,1782359173.298743,0.001963376998901367
67201,normal,647,0,1782359173.3007677,0.0020246505737304688
67202,normal,121,0,1782359173.3027935,0.0020258426666259766
67203,normal,1363,1,1782359173.3047469,0.0019533634185791016
67204,normal,1673,0,1782359173.306749,0.002002239227294922
67205,normal,1728,0,1782359173.3087993,0.002050161361694336
67206,normal,1353,1,1782359173.3107526,0.0019533634185791016
67207,normal,1596,0,1782359173.312744,0.00199127197265625
67208,normal,3230,1,1782359173.3147817,0.0020377635955810547
67209,normal,546,0,1782359173.3167462,0.001964569091796875
67210,normal,936,2,1782359173.318745,0.0019986629486083984
67211,normal,2558,0,1782359173.3207805,0.0020356178283691406
67212,normal,1336,1,1782359173.322748,0.0019674301147460938
67213,normal,690,0,1782359173.3247488,0.0020008087158203125
67214,normal,3050,1,1782359173.326795,0.002046346664428711
67215,normal,983,2,1782359173.3287513,0.0019562244415283203
67216,normal,1768,0,1782359173.3307643,0.002012968063354492
67217,normal,1111,0,1782359173.3328106,0.002046346664428711
67218,normal,2764,0,1782359173.3347454,0.0019347667694091797
67219,normal,1213,0,1782359173.3367438,0.001998424530029297
67220,normal,2144,0,1782359173.3387837,0.0020399093627929688
67221,normal,1234,0,1782359173.3407452,0.0019614696502685547
67222,normal,1194,0,1782359173.342745,0.0019998550415039062
67223,normal,32,0,1782359173.3450282,0.0022830963134765625
67224,normal,1108,0,1782359173.346845,0.0018167495727539062
67225,normal,2430,0,1782359173.3490627,0.0022177696228027344
67226,normal,3545,0,1782359173.3508635,0.0018007755279541016
67227,normal,3436,0,1782359173.352856,0.001992464065551758
67228,normal,2719,0,1782359173.354954,0.00209808349609375
67229,normal,2759,0,1782359173.3568404,0.0018863677978515625
67230,normal,1710,0,1782359173.358962,0.0021216869354248047
67231,normal,1390,0,1782359173.3608353,0.0018732547760009766
67232,normal,3082,1,1782359173.3629837,0.0021483898162841797
67233,normal,3073,1,1782359173.3652449,0.0022611618041992188
67234,normal,3620,0,1782359173.3668723,0.0016274452209472656
67235,normal,609,0,1782359173.3691108,0.0022385120391845703
67236,normal,2420,0,1782359173.3710237,0.001912832260131836
67237,normal,1791,0,1782359173.3731139,0.0020902156829833984
67238,normal,1772,0,1782359173.3749967,0.001882791519165039
67239,normal,1923,0,1782359173.377033,0.0020363330841064453
67240,normal,2625,0,1782359173.3790543,0.002021312713623047
67241,normal,176,0,1782359173.3810444,0.001990079879760742
67242,normal,741,0,1782359173.3829968,0.0019524097442626953
67243,normal,430,0,1782359173.384803,0.0018062591552734375
67244,normal,2096,0,1782359173.3869796,0.002176523208618164
67245,normal,1248,0,1782359173.3889995,0.0020198822021484375
67246,normal,2516,0,1782359173.3908057,0.0018062591552734375
67247,normal,3273,1,1782359173.3929863,0.0021805763244628906
67248,normal,3019,0,1782359173.3950026,0.002016305923461914
67249,normal,3344,1,1782359173.3968003,0.0017976760864257812
67250,normal,1254,0,1782359173.3989775,0.0021772384643554688
67251,normal,3681,0,1782359173.4010177,0.0020401477813720703
67252,normal,551,0,1782359173.4027984,0.0017807483673095703
67253,normal,2179,0,1782359173.4049878,0.0021893978118896484
67254,normal,943,2,1782359173.4070194,0.002031564712524414
67255,normal,3336,1,1782359173.4088018,0.0017824172973632812
67256,normal,3558,0,1782359173.4109898,0.002187967300415039
67257,normal,422,0,1782359173.4128568,0.001867055892944336
67258,normal,1452,0,1782359173.4149508,0.0020940303802490234
67259,normal,1443,0,1782359173.4169633,0.002012491226196289
67260,normal,3080,1,1782359173.4187474,0.0017840862274169922
67261,normal,2201,0,1782359173.420868,0.002120494842529297
67262,normal,930,2,1782359173.422784,0.0019161701202392578
67263,normal,2486,0,1782359173.4247687,0.0019845962524414062
67264,normal,923,2,1782359173.4267452,0.001976490020751953
67265,normal,2297,0,1782359173.428766,0.0020208358764648438
67266,normal,1881,0,1782359173.430818,0.0020520687103271484
67267,normal,3693,0,1782359173.432746,0.0019278526306152344
67268,normal,2161,0,1782359173.4347656,0.002019643783569336
67269,normal,3301,1,1782359173.436823,0.002057313919067383
67270,normal,2220,0,1782359173.438745,0.0019221305847167969
67271,normal,1546,0,1782359173.4407725,0.0020275115966796875
67272,normal,2938,0,1782359173.4427679,0.0019953250885009766
67273,normal,2907,0,1782359173.4448504,0.0020825862884521484
67274,normal,3081,1,1782359173.446744,0.0018935203552246094
67275,normal,1189,0,1782359173.448766,0.0020220279693603516
67276,normal,3376,1,1782359173.4508,0.0020339488983154297
67277,normal,1332,1,1782359173.4527664,0.0019664764404296875
67278,normal,3287,1,1782359173.4548235,0.0020570755004882812
67279,normal,2602,0,1782359173.4567451,0.0019216537475585938
67280,normal,1569,0,1782359173.4588094,0.002064228057861328
67281,normal,1280,0,1782359173.4607434,0.001934051513671875
67282,normal,1008,2,1782359173.462743,0.0019996166229248047
67283,normal,3521,0,1782359173.4647644,0.002021312713623047
67284,normal,40,0,1782359173.4668212,0.0020568370819091797
67285,normal,2605,0,1782359173.4687436,0.0019223690032958984
67286,normal,3121,1,1782359173.4707658,0.002022266387939453
67287,normal,3390,1,1782359173.4727657,0.0019998550415039062
67288,normal,395,0,1782359173.4747422,0.001976490020751953
67289,normal,1691,0,1782359173.4767642,0.0020220279693603516
67290,normal,3143,1,1782359173.4788282,0.0020639896392822266
67291,normal,3201,1,1782359173.4807425,0.0019142627716064453
67292,normal,2103,0,1782359173.4827657,0.0020232200622558594
67293,normal,668,0,1782359173.4848244,0.002058744430541992
67294,normal,429,0,1782359173.4867442,0.0019197463989257812
67295,normal,376,0,1782359173.4887662,0.0020220279693603516
67296,normal,2365,0,1782359173.490824,0.002057790756225586
67297,normal,2598,0,1782359173.4927447,0.0019207000732421875
67298,normal,606,0,1782359173.4947684,0.0020236968994140625
67299,normal,2670,0,1782359173.4968019,0.0020334720611572266
67300,normal,264,0,1782359173.4987433,0.0019414424896240234
67301,normal,504,0,1782359173.5007648,0.0020215511322021484
67302,normal,3012,0,1782359173.5027769,0.002012014389038086
67303,normal,3386,1,1782359173.504744,0.001967191696166992
67304,normal,929,2,1782359173.5067828,0.002038717269897461
67305,normal,1009,2,1782359173.5088031,0.0020203590393066406
67306,normal,888,2,1782359173.510765,0.001961946487426758
67307,normal,2283,0,1782359173.5127451,0.0019800662994384766
67308,normal,2761,0,1782359173.5150452,0.0023000240325927734
67309,normal,3090,1,1782359173.5167704,0.0017251968383789062
67310,normal,2822,0,1782359173.5189142,0.00214385986328125
67311,normal,2919,0,1782359173.5207682,0.00185394287109375
67312,normal,1531,0,1782359173.522903,0.0021347999572753906
67313,normal,3378,1,1782359173.5247633,0.0018603801727294922
67314,normal,3688,0,1782359173.5270128,0.002249479293823242
67315,normal,206,0,1782359173.528772,0.0017592906951904297
67316,normal,1868,0,1782359173.5309641,0.0021920204162597656
67317,normal,1697,0,1782359173.5329304,0.001966238021850586
67318,normal,317,0,1782359173.535002,0.0020716190338134766
67319,normal,799,2,1782359173.5369768,0.001974821090698242
67320,normal,200,0,1782359173.5391614,0.002184629440307617
67321,normal,1571,0,1782359173.5408292,0.0016677379608154297
67322,normal,258,0,1782359173.5429904,0.002161264419555664
67323,normal,871,2,1782359173.5449696,0.0019791126251220703
67324,normal,284,0,1782359173.5468166,0.0018470287322998047
67325,normal,2698,0,1782359173.5489874,0.0021708011627197266
67326,normal,2176,0,1782359173.5509734,0.0019860267639160156
67327,normal,3591,0,1782359173.552817,0.0018436908721923828
67328,normal,3292,1,1782359173.5549693,0.0021522045135498047
67329,normal,2159,0,1782359173.5569894,0.002020120620727539
67330,normal,1924,0,1782359173.5588057,0.0018162727355957031
67331,normal,18,0,1782359173.5609856,0.002179861068725586
67332,normal,1045,0,1782359173.5629728,0.0019872188568115234
67333,normal,1306,0,1782359173.5648074,0.0018346309661865234
67334,normal,1159,0,1782359173.5669906,0.002183198928833008
67335,normal,417,0,1782359173.5689752,0.0019845962524414062
67336,normal,1411,0,1782359173.5708075,0.0018322467803955078
67337,normal,1984,0,1782359173.5729856,0.002178192138671875
67338,normal,2654,0,1782359173.5749834,0.001997709274291992
67339,normal,1146,0,1782359173.576806,0.0018227100372314453
67340,normal,2595,0,1782359173.5789995,0.002193450927734375
67341,normal,3122,1,1782359173.5809848,0.001985311508178711
67342,normal,3699,0,1782359173.5828142,0.001829385757446289
67343,normal,3165,1,1782359173.5849855,0.0021712779998779297
67344,normal,1927,0,1782359173.5869868,0.0020012855529785156
67345,normal,2616,0,1782359173.5888042,0.001817464828491211
67346,normal,1955,0,1782359173.5909886,0.0021843910217285156
67347,normal,1371,1,1782359173.5929887,0.002000093460083008
67348,normal,846,2,1782359173.594806,0.0018172264099121094
67349,normal,302,0,1782359173.5969954,0.0021893978118896484
67350,normal,2418,0,1782359173.5989883,0.001992940902709961
67351,normal,496,0,1782359173.6008043,0.0018160343170166016
67352,normal,98,0,1782359173.602992,0.0021877288818359375
67353,normal,1540,0,1782359173.604991,0.0019989013671875
67354,normal,424,0,1782359173.6068068,0.0018157958984375
67355,normal,1150,0,1782359173.6089876,0.002180814743041992
67356,normal,3629,0,1782359173.6109986,0.0020110607147216797
67357,normal,2532,0,1782359173.6128013,0.001802682876586914
67358,normal,1346,1,1782359173.6150036,0.002202272415161133
67359,normal,3572,0,1782359173.617009,0.002005338668823242
67360,normal,2368,0,1782359173.6188056,0.001796722412109375
67361,normal,1170,0,1782359173.620985,0.002179384231567383
67362,normal,1096,0,1782359173.6229997,0.002014636993408203
67363,normal,12,0,1782359173.624803,0.0018033981323242188
67364,normal,2311,0,1782359173.6269882,0.0021851062774658203
67365,normal,969,2,1782359173.6290028,0.002014636993408203
67366,normal,674,0,1782359173.630803,0.0018002986907958984
67367,normal,2478,0,1782359173.6329858,0.0021827220916748047
67368,normal,2745,0,1782359173.6350188,0.0020329952239990234
67369,normal,2056,0,1782359173.6368,0.0017812252044677734
67370,normal,2976,0,1782359173.6389866,0.0021865367889404297
67371,normal,2114,0,1782359173.6410055,0.0020189285278320312
67372,normal,3492,0,1782359173.642805,0.0017995834350585938
67373,normal,1339,1,1782359173.644984,0.0021789073944091797
67374,normal,1608,0,1782359173.6470115,0.0020275115966796875
67375,normal,1514,0,1782359173.6488047,0.0017931461334228516
67376,normal,700,0,1782359173.650991,0.002186298370361328
67377,normal,2915,0,1782359173.6530151,0.0020241737365722656
67378,normal,2406,0,1782359173.654804,0.0017888545989990234
67379,normal,2662,0,1782359173.65695,0.002146005630493164
67380,normal,1082,0,1782359173.659016,0.002065896987915039
67381,normal,1842,0,1782359173.6608055,0.0017895698547363281
67382,normal,3614,0,1782359173.6630018,0.0021963119506835938
67383,normal,882,2,1782359173.664952,0.0019502639770507812
67384,normal,1385,0,1782359173.6668012,0.0018491744995117188
67385,normal,1202,0,1782359173.6689928,0.0021915435791015625
67386,normal,1872,0,1782359173.6709504,0.0019576549530029297
67387,normal,3682,0,1782359173.6728034,0.0018529891967773438
67388,normal,2157,0,1782359173.6749992,0.0021958351135253906
67389,normal,3274,1,1782359173.6769497,0.0019505023956298828
67390,normal,3598,0,1782359173.6788023,0.0018525123596191406
67391,normal,3177,1,1782359173.6809702,0.002167940139770508
67392,normal,858,2,1782359173.682916,0.0019457340240478516
67393,normal,3136,1,1782359173.6848025,0.001886606216430664
67394,normal,2980,0,1782359173.6869853,0.0021827220916748047
67395,normal,2853,0,1782359173.6889179,0.0019326210021972656
67396,normal,2962,0,1782359173.691147,0.0022292137145996094
67397,normal,2034,0,1782359173.6930065,0.001859426498413086
67398,normal,1386,0,1782359173.6949701,0.0019636154174804688
67399,normal,3189,1,1782359173.696787,0.0018169879913330078
67400,normal,271,0,1782359173.6988456,0.0020585060119628906
67401,normal,2640,0,1782359173.7008,0.001954317092895508
67402,normal,3557,0,1782359173.7027733,0.001973390579223633
67403,normal,3299,1,1782359173.7047634,0.001990079879760742
67404,normal,3313,1,1782359173.7068555,0.002092123031616211
67405,normal,3087,1,1782359173.708735,0.0018794536590576172
67406,normal,2213,0,1782359173.710809,0.002074003219604492
67407,normal,1887,0,1782359173.7127903,0.0019812583923339844
67408,normal,1387,0,1782359173.7147484,0.001958131790161133
67409,normal,460,0,1782359173.7167706,0.002022266387939453
67410,normal,2231,0,1782359173.7187812,0.0020105838775634766
67411,normal,488,0,1782359173.72075,0.001968860626220703
67412,normal,2614,0,1782359173.7227697,0.002019643783569336
67413,normal,1810,0,1782359173.7247713,0.002001523971557617
67414,normal,2076,0,1782359173.7267478,0.001976490020751953
67415,normal,2081,0,1782359173.728771,0.0020232200622558594
67416,normal,2325,0,1782359173.7307806,0.0020096302032470703
67417,normal,2141,0,1782359173.7327454,0.0019648075103759766
67418,normal,2319,0,1782359173.7347684,0.002022981643676758
67419,normal,3310,1,1782359173.7367709,0.0020024776458740234
67420,normal,426,0,1782359173.7387464,0.001975536346435547
67421,normal,893,2,1782359173.7407682,0.00202178955078125
67422,normal,2738,0,1782359173.74278,0.0020117759704589844
67423,normal,946,2,1782359173.7447464,0.0019664764404296875
67424,normal,1807,0,1782359173.7467673,0.0020208358764648438
67425,normal,1196,0,1782359173.7487679,0.002000570297241211
67426,normal,989,2,1782359173.7507496,0.0019817352294921875
67427,normal,1920,0,1782359173.7528124,0.0020627975463867188
67428,normal,2039,0,1782359173.754778,0.0019655227661132812
67429,normal,127,0,1782359173.756896,0.0021181106567382812
67430,normal,1403,0,1782359173.758782,0.0018858909606933594
67431,normal,501,0,1782359173.7607613,0.001979351043701172
67432,normal,1925,0,1782359173.762735,0.0019736289978027344
67433,normal,2088,0,1782359173.764728,0.0019931793212890625
67434,normal,164,0,1782359173.7667403,0.0020122528076171875
67435,normal,2628,0,1782359173.7687259,0.0019855499267578125
67436,normal,275,0,1782359173.7707238,0.0019979476928710938
67437,normal,563,0,1782359173.7727346,0.002010822296142578
67438,normal,1142,0,1782359173.7747257,0.0019910335540771484
67439,normal,853,2,1782359173.776736,0.002010345458984375
67440,normal,594,0,1782359173.778741,0.002004861831665039
67441,normal,2247,0,1782359173.7807333,0.001992464065551758
67442,normal,2214,0,1782359173.78273,0.001996755599975586
67443,normal,1800,0,1782359173.7847326,0.0020024776458740234
67444,normal,1276,0,1782359173.7867248,0.0019922256469726562
67445,normal,2419,0,1782359173.7887259,0.002001047134399414
67446,normal,1885,0,1782359173.7907526,0.002026796340942383
67447,normal,585,0,1782359173.7927325,0.001979827880859375
67448,normal,1561,0,1782359173.794725,0.001992464065551758
67449,normal,3103,1,1782359173.7967312,0.0020062923431396484
67450,normal,3051,1,1782359173.798738,0.0020067691802978516
67451,normal,1929,0,1782359173.800724,0.0019860267639160156
67452,normal,3537,0,1782359173.8027878,0.002063751220703125
67453,normal,3605,0,1782359173.8047066,0.001918792724609375
67454,normal,1080,0,1782359173.8067274,0.0020208358764648438
67455,normal,1686,0,1782359173.8087208,0.001993417739868164
67456,normal,2660,0,1782359173.8107367,0.002015829086303711
67457,normal,3030,0,1782359173.812726,0.0019893646240234375
67458,normal,2982,0,1782359173.8147302,0.0020041465759277344
67459,normal,3159,1,1782359173.8167226,0.001992464065551758
67460,normal,3338,1,1782359173.8187227,0.002000093460083008
67461,normal,34,0,1782359173.8207288,0.002006053924560547
67462,normal,2367,0,1782359173.8227322,0.0020034313201904297
67463,normal,847,2,1782359173.824734,0.0020017623901367188
67464,normal,3077,1,1782359173.8267694,0.002035379409790039
67465,normal,109,0,1782359173.8287048,0.0019354820251464844
67466,normal,716,0,1782359173.8308055,0.002100706100463867
67467,normal,92,0,1782359173.8327396,0.001934051513671875
67468,normal,1627,0,1782359173.8347354,0.0019958019256591797
67469,normal,2828,0,1782359173.8367226,0.0019872188568115234
67470,normal,997,2,1782359173.8387427,0.002020120620727539
67471,normal,2908,0,1782359173.840721,0.001978158950805664
67472,normal,1586,0,1782359173.8427205,0.0019996166229248047
67473,normal,552,0,1782359173.8447335,0.002012968063354492
67474,normal,2485,0,1782359173.8467374,0.002003908157348633
67475,normal,1265,0,1782359173.8487215,0.001984119415283203
67476,normal,2361,0,1782359173.8507326,0.0020110607147216797
67477,normal,2415,0,1782359173.8527195,0.001986980438232422
67478,normal,512,0,1782359173.8547266,0.002007007598876953
67479,normal,408,0,1782359173.856736,0.0020093917846679688
67480,normal,1079,0,1782359173.8587322,0.001996278762817383
67481,normal,1430,0,1782359173.860721,0.0019888877868652344
67482,normal,2411,0,1782359173.8627355,0.0020143985748291016
67483,normal,1809,0,1782359173.8646996,0.001964092254638672
67484,normal,1755,0,1782359173.866726,0.0020263195037841797
67485,normal,277,0,1782359173.8687418,0.002015829086303711
67486,normal,234,0,1782359173.8707328,0.0019910335540771484
67487,normal,1811,0,1782359173.8727262,0.001993417739868164
67488,normal,1917,0,1782359173.8747385,0.0020122528076171875
67489,normal,3414,0,1782359173.8767223,0.0019838809967041016
67490,normal,3609,0,1782359173.8787203,0.0019979476928710938
67491,normal,1393,0,1782359173.880782,0.002061605453491211
67492,normal,331,0,1782359173.8827035,0.0019216537475585938
67493,normal,1905,0,1782359173.8847272,0.0020236968994140625
67494,normal,2797,0,1782359173.8867385,0.0020112991333007812
67495,normal,724,0,1782359173.88872,0.001981496810913086
67496,normal,2480,0,1782359173.8907213,0.0020012855529785156
67497,normal,2476,0,1782359173.892736,0.002014636993408203
67498,normal,364,0,1782359173.8947296,0.0019936561584472656
67499,normal,1295,0,1782359173.8967195,0.0019898414611816406
67500,normal,3153,1,1782359173.8987346,0.0020151138305664062
67501,normal,3504,0,1782359173.9007208,0.001986265182495117
67502,normal,831,2,1782359173.9027267,0.0020058155059814453
67503,normal,3152,1,1782359173.904735,0.0020084381103515625
67504,normal,1777,0,1782359173.906733,0.0019979476928710938
67505,normal,3639,0,1782359173.908726,0.001992940902709961
67506,normal,689,0,1782359173.910849,0.002123117446899414
67507,normal,1714,0,1782359173.9127033,0.0018541812896728516
67508,normal,3222,1,1782359173.9147272,0.002023935317993164
67509,normal,3322,1,1782359173.9167368,0.0020096302032470703
67510,normal,1836,0,1782359173.9187276,0.001990795135498047
67511,normal,2317,0,1782359173.9207244,0.001996755599975586
67512,normal,681,0,1782359173.9227326,0.002008199691772461
67513,normal,2263,0,1782359173.9247265,0.001993894577026367
67514,normal,272,0,1782359173.9267235,0.0019969940185546875
67515,normal,994,2,1782359173.9287302,0.0020067691802978516
67516,normal,1511,0,1782359173.9307835,0.0020532608032226562
67517,normal,2601,0,1782359173.9327104,0.0019268989562988281
67518,normal,213,0,1782359173.93474,0.0020296573638916016
67519,normal,1467,0,1782359173.9367313,0.00199127197265625
67520,normal,3043,0,1782359173.93873,0.0019986629486083984
67521,normal,3670,0,1782359173.9407363,0.0020062923431396484
67522,normal,240,0,1782359173.9427385,0.002002239227294922
67523,normal,477,0,1782359173.9447193,0.0019807815551757812
67524,normal,67,0,1782359173.9467392,0.0020198822021484375
67525,normal,517,0,1782359173.9487214,0.0019822120666503906
67526,normal,2341,0,1782359173.950725,0.0020036697387695312
67527,normal,2429,0,1782359173.9527404,0.002015352249145508
67528,normal,3489,0,1782359173.9547315,0.0019910335540771484
67529,normal,3295,1,1782359173.9567187,0.0019872188568115234
67530,normal,2379,0,1782359173.9587314,0.0020127296447753906
67531,normal,2779,0,1782359173.9607203,0.0019888877868652344
67532,normal,2072,0,1782359173.9627197,0.001999378204345703
67533,normal,2643,0,1782359173.9647477,0.0020279884338378906
67534,normal,911,2,1782359173.9667313,0.001983642578125
67535,normal,3112,1,1782359173.96872,0.001988649368286133
67536,normal,2897,0,1782359173.9707313,0.0020112991333007812
67537,normal,2,0,1782359173.9727209,0.001989603042602539
67538,normal,1129,0,1782359173.9747326,0.0020117759704589844
67539,normal,3066,1,1782359173.9767225,0.0019898414611816406
67540,normal,519,0,1782359173.9787228,0.0020003318786621094
67541,normal,3354,1,1782359173.9807222,0.001999378204345703
67542,normal,2244,0,1782359173.9827352,0.002012968063354492
67543,normal,2904,0,1782359173.9847333,0.0019981861114501953
67544,normal,1952,0,1782359173.986777,0.0020437240600585938
67545,normal,260,0,1782359173.9887576,0.0019805431365966797
67546,normal,1725,0,1782359173.9907572,0.0019996166229248047
67547,normal,2579,0,1782359173.9927375,0.001980304718017578
67548,normal,74,0,1782359173.9947705,0.0020329952239990234
67549,normal,1270,0,1782359173.9967675,0.0019969940185546875
67550,normal,2618,0,1782359173.9987402,0.001972675323486328
67551,normal,566,0,1782359174.0008168,0.0020766258239746094
67552,normal,486,0,1782359174.0027854,0.0019686222076416016
67553,normal,2301,0,1782359174.0047824,0.0019969940185546875
67554,normal,2855,0,1782359174.006739,0.001956462860107422
67555,normal,1271,0,1782359174.0087705,0.002031564712524414
67556,normal,1090,0,1782359174.0107868,0.002016305923461914
67557,normal,1698,0,1782359174.0127442,0.001957416534423828
67558,normal,2848,0,1782359174.014743,0.0019989013671875
67559,normal,2796,0,1782359174.016738,0.0019948482513427734
67560,normal,2073,0,1782359174.0187793,0.002041339874267578
67561,normal,294,0,1782359174.0208879,0.0021085739135742188
67562,normal,2913,0,1782359174.022781,0.0018930435180664062
67563,normal,2638,0,1782359174.025065,0.0022840499877929688
67564,normal,1243,0,1782359174.0268826,0.0018177032470703125
67565,normal,3304,1,1782359174.0288074,0.001924753189086914
67566,normal,2754,0,1782359174.0310519,0.0022444725036621094
67567,normal,3700,0,1782359174.0328147,0.0017628669738769531
67568,normal,2412,0,1782359174.0349576,0.0021429061889648438
67569,normal,1496,0,1782359174.0368307,0.001873016357421875
67570,normal,182,0,1782359174.0389984,0.0021677017211914062
67571,normal,1588,0,1782359174.040957,0.001958608627319336
67572,normal,3447,0,1782359174.0428612,0.0019042491912841797
67573,normal,283,0,1782359174.044878,0.002016782760620117
67574,normal,1067,0,1782359174.0468256,0.001947641372680664
67575,normal,2437,0,1782359174.0488718,0.0020461082458496094
67576,normal,3113,1,1782359174.0509133,0.0020415782928466797
67577,normal,2472,0,1782359174.0528312,0.0019178390502929688
67578,normal,1340,1,1782359174.0548754,0.002044200897216797
67579,normal,3235,1,1782359174.056868,0.0019927024841308594
67580,normal,498,0,1782359174.0587778,0.0019097328186035156
67581,normal,2889,0,1782359174.0607781,0.0020003318786621094
67582,normal,1652,0,1782359174.0629153,0.0021371841430664062
67583,normal,3659,0,1782359174.0648372,0.0019218921661376953
67584,normal,1674,0,1782359174.0667813,0.0019440650939941406
67585,normal,1587,0,1782359174.0688431,0.0020618438720703125
67586,normal,2131,0,1782359174.070761,0.0019178390502929688
67587,normal,2106,0,1782359174.0727568,0.0019958019256591797
67588,normal,2533,0,1782359174.0749028,0.002146005630493164
67589,normal,977,2,1782359174.0767574,0.0018546581268310547
67590,normal,10,0,1782359174.0788035,0.0020461082458496094
67591,normal,2235,0,1782359174.080818,0.0020143985748291016
67592,normal,446,0,1782359174.0827718,0.0019538402557373047
67593,normal,2970,0,1782359174.0848026,0.0020308494567871094
67594,normal,3599,0,1782359174.0868216,0.0020189285278320312
67595,normal,986,2,1782359174.0887568,0.0019352436065673828
67596,normal,520,0,1782359174.0908015,0.002044677734375
67597,normal,403,0,1782359174.09283,0.0020284652709960938
67598,normal,3148,1,1782359174.0947943,0.0019643306732177734
67599,normal,391,0,1782359174.0968013,0.002007007598876953
67600,normal,415,0,1782359174.098842,0.0020406246185302734
67601,normal,522,0,1782359174.100758,0.0019161701202392578
67602,normal,992,2,1782359174.1028135,0.0020554065704345703
67603,normal,502,0,1782359174.1048024,0.0019888877868652344
67604,normal,2371,0,1782359174.106776,0.0019736289978027344
67605,normal,2113,0,1782359174.1088,0.002023935317993164
67606,normal,1118,0,1782359174.1108012,0.0020012855529785156
67607,normal,1454,0,1782359174.1127696,0.0019683837890625
67608,normal,725,0,1782359174.114802,0.0020322799682617188
67609,normal,3552,0,1782359174.116802,0.002000093460083008
67610,normal,873,2,1782359174.1187768,0.001974821090698242
67611,normal,1845,0,1782359174.120801,0.0020241737365722656
67612,normal,3566,0,1782359174.1228392,0.002038240432739258
67613,normal,342,0,1782359174.124775,0.001935720443725586
67614,normal,423,0,1782359174.1268022,0.002027273178100586
67615,normal,2664,0,1782359174.1288013,0.0019991397857666016
67616,normal,2989,0,1782359174.1307588,0.001957416534423828
67617,normal,287,0,1782359174.1327987,0.0020399093627929688
67618,normal,1685,0,1782359174.134851,0.00205230712890625
67619,normal,2219,0,1782359174.1367614,0.0019104480743408203
67620,normal,1325,1,1782359174.1388004,0.0020389556884765625
67621,normal,2594,0,1782359174.1408012,0.0020008087158203125
67622,normal,1418,0,1782359174.1427658,0.001964569091796875
67623,normal,1495,0,1782359174.1448,0.0020341873168945312
67624,normal,3669,0,1782359174.1468012,0.0020012855529785156
67625,normal,675,0,1782359174.14876,0.0019588470458984375
67626,normal,874,2,1782359174.151016,0.0022559165954589844
67627,normal,698,0,1782359174.1528597,0.0018436908721923828
67628,normal,3616,0,1782359174.1547773,0.0019176006317138672
67629,normal,1534,0,1782359174.1569953,0.002218008041381836
67630,normal,702,0,1782359174.1587749,0.0017795562744140625
67631,normal,2957,0,1782359174.1609142,0.0021393299102783203
67632,normal,2456,0,1782359174.1628194,0.001905202865600586
67633,normal,231,0,1782359174.1647744,0.0019550323486328125
67634,normal,3594,0,1782359174.166916,0.0021414756774902344
67635,normal,1748,0,1782359174.168747,0.0018310546875
67636,normal,1610,0,1782359174.1707323,0.001985311508178711
67637,normal,140,0,1782359174.172858,0.0021257400512695312
67638,normal,2584,0,1782359174.1747303,0.0018723011016845703
67639,normal,2202,0,1782359174.1767585,0.002028226852416992
67640,normal,3501,0,1782359174.17876,0.002001523971557617
67641,normal,3339,1,1782359174.1807795,0.0020194053649902344
67642,normal,1204,0,1782359174.1827576,0.001978158950805664
67643,normal,2604,0,1782359174.1847594,0.0020017623901367188
67644,normal,219,0,1782359174.186773,0.002013683319091797
67645,normal,3701,0,1782359174.1887307,0.0019576549530029297
67646,normal,1707,0,1782359174.190759,0.002028226852416992
67647,normal,1519,0,1782359174.1927698,0.002010822296142578
67648,normal,2132,0,1782359174.1947563,0.0019865036010742188
67649,normal,280,0,1782359174.196757,0.0020008087158203125
67650,normal,2823,0,1782359174.1987753,0.0020182132720947266
67651,normal,1972,0,1782359174.2007573,0.001981973648071289
67652,normal,1462,0,1782359174.202756,0.0019986629486083984
67653,normal,678,0,1782359174.2047698,0.0020139217376708984
67654,normal,236,0,1782359174.2067258,0.0019559860229492188
67655,normal,2879,0,1782359174.208764,0.002038240432739258
67656,normal,2971,0,1782359174.2107687,0.0020046234130859375
67657,normal,1028,2,1782359174.2127278,0.001959085464477539
67658,normal,908,2,1782359174.2147572,0.0020294189453125
67659,normal,2093,0,1782359174.2167683,0.0020110607147216797
67660,normal,586,0,1782359174.2187285,0.001960277557373047
67661,normal,2831,0,1782359174.220772,0.002043485641479492
67662,normal,718,0,1782359174.22277,0.0019979476928710938
67663,normal,1775,0,1782359174.2247272,0.0019571781158447266
67664,normal,3221,1,1782359174.226757,0.002029895782470703
67665,normal,1130,0,1782359174.228766,0.0020089149475097656
67666,normal,1231,0,1782359174.2307286,0.0019626617431640625
67667,normal,1922,0,1782359174.2327569,0.002028226852416992
67668,normal,2877,0,1782359174.234769,0.0020122528076171875
67669,normal,494,0,1782359174.2367294,0.001960277557373047
67670,normal,740,0,1782359174.2387576,0.002028226852416992
67671,normal,3369,1,1782359174.2407677,0.0020101070404052734
67672,normal,3650,0,1782359174.2427313,0.0019636154174804688
67673,normal,3329,1,1782359174.2447588,0.0020275115966796875
67674,normal,3500,0,1782359174.246769,0.0020101070404052734
67675,normal,416,0,1782359174.2487566,0.0019876956939697266
67676,normal,2199,0,1782359174.250768,0.0020112991333007812
67677,normal,195,0,1782359174.2527692,0.0020012855529785156
67678,normal,1844,0,1782359174.2547295,0.001960277557373047
67679,normal,324,0,1782359174.2567575,0.0020279884338378906
67680,normal,2370,0,1782359174.2587774,0.0020198822021484375
67681,normal,1668,0,1782359174.2607274,0.0019500255584716797
67682,normal,3608,0,1782359174.262756,0.0020287036895751953
67683,normal,1997,0,1782359174.2647688,0.0020127296447753906
67684,normal,2347,0,1782359174.2667294,0.0019605159759521484
67685,normal,2294,0,1782359174.2687566,0.002027273178100586
67686,normal,2574,0,1782359174.2707686,0.002012014389038086
67687,normal,2399,0,1782359174.272726,0.001957416534423828
67688,normal,1046,0,1782359174.2747571,0.002031087875366211
67689,normal,468,0,1782359174.276772,0.0020148754119873047
67690,normal,28,0,1782359174.278728,0.0019559860229492188
67691,normal,398,0,1782359174.2807584,0.0020303726196289062
67692,normal,1425,0,1782359174.2827675,0.002009153366088867
67693,normal,1665,0,1782359174.2847285,0.0019609928131103516
67694,normal,3348,1,1782359174.2867577,0.0020291805267333984
67695,normal,2493,0,1782359174.2887695,0.0020117759704589844
67696,normal,229,0,1782359174.290737,0.0019674301147460938
67697,normal,2801,0,1782359174.2935803,0.0028433799743652344
67698,normal,1788,0,1782359174.2947543,0.0011739730834960938
67699,normal,1440,0,1782359174.2967339,0.0019795894622802734
67700,normal,2204,0,1782359174.298766,0.002032041549682617
67701,normal,2525,0,1782359174.3007777,0.0020117759704589844
67702,normal,906,2,1782359174.302729,0.0019512176513671875
67703,normal,3108,1,1782359174.304741,0.002012014389038086
67704,normal,2175,0,1782359174.3067405,0.0019996166229248047
67705,normal,3064,1,1782359174.3087335,0.001992940902709961
67706,normal,1101,0,1782359174.3107593,0.0020258426666259766
67707,normal,419,0,1782359174.3127687,0.0020093917846679688
67708,normal,3432,0,1782359174.3147354,0.001966714859008789
67709,normal,3574,0,1782359174.3167598,0.002024412155151367
67710,normal,1705,0,1782359174.3187606,0.0020008087158203125
67711,normal,1745,0,1782359174.3207617,0.002001047134399414
67712,normal,168,0,1782359174.322759,0.001997232437133789
67713,normal,2264,0,1782359174.3247714,0.002012491226196289
67714,normal,3352,1,1782359174.3267274,0.0019559860229492188
67715,normal,2045,0,1782359174.3287585,0.002031087875366211
67716,normal,2136,0,1782359174.3307717,0.0020132064819335938
67717,normal,624,0,1782359174.3327265,0.001954793930053711
67718,normal,2613,0,1782359174.3347576,0.002031087875366211
67719,normal,1075,0,1782359174.3367677,0.0020101070404052734
67720,normal,2671,0,1782359174.3387318,0.001964092254638672
67721,normal,3076,1,1782359174.3407667,0.002034902572631836
67722,normal,1949,0,1782359174.342771,0.002004384994506836
67723,normal,2804,0,1782359174.3447537,0.0019826889038085938
67724,normal,1416,0,1782359174.3467553,0.002001523971557617
67725,normal,3185,1,1782359174.3488736,0.002118349075317383
67726,normal,3225,1,1782359174.3507764,0.0019028186798095703
67727,normal,3585,0,1782359174.35293,0.002153635025024414
67728,normal,1185,0,1782359174.3547995,0.0018694400787353516
67729,normal,2930,0,1782359174.3569877,0.0021882057189941406
67730,normal,3695,0,1782359174.3587914,0.0018036365509033203
67731,normal,518,0,1782359174.3611867,0.0023953914642333984
67732,normal,3204,1,1782359174.3628542,0.0016674995422363281
67733,normal,1892,0,1782359174.3649597,0.0021054744720458984
67734,normal,1926,0,1782359174.3671305,0.0021708011627197266
67735,normal,1582,0,1782359174.368855,0.0017244815826416016
67736,normal,3023,0,1782359174.370978,0.002123117446899414
67737,normal,2555,0,1782359174.3731964,0.0022182464599609375
67738,normal,870,2,1782359174.3748465,0.001650094985961914
67739,normal,1408,0,1782359174.3769941,0.002147674560546875
67740,normal,3184,1,1782359174.3790538,0.0020596981048583984
67741,normal,1628,0,1782359174.3810759,0.0020220279693603516
67742,normal,854,2,1782359174.3831367,0.0020608901977539062
67743,normal,3603,0,1782359174.3849804,0.0018436908721923828
67744,normal,2421,0,1782359174.386824,0.0018434524536132812
67745,normal,3146,1,1782359174.389104,0.002279996871948242
67746,normal,2099,0,1782359174.3909106,0.0018067359924316406
67747,normal,3509,0,1782359174.393134,0.002223491668701172
67748,normal,748,0,1782359174.394856,0.0017218589782714844
67749,normal,1639,0,1782359174.3969126,0.002056598663330078
67750,normal,833,2,1782359174.3988404,0.0019278526306152344
67751,normal,2447,0,1782359174.4009478,0.002107381820678711
67752,normal,1505,0,1782359174.402814,0.0018661022186279297
67753,normal,91,0,1782359174.4049892,0.0021753311157226562
67754,normal,1507,0,1782359174.4068024,0.0018131732940673828
67755,normal,2865,0,1782359174.4089477,0.0021452903747558594
67756,normal,378,0,1782359174.4107978,0.001850128173828125
67757,normal,2185,0,1782359174.4130206,0.002222776412963867
67758,normal,2359,0,1782359174.414822,0.0018014907836914062
67759,normal,1642,0,1782359174.4169908,0.0021686553955078125
67760,normal,1088,0,1782359174.4188042,0.0018134117126464844
67761,normal,1098,0,1782359174.420922,0.0021178722381591797
67762,normal,1168,0,1782359174.422837,0.00191497802734375
67763,normal,54,0,1782359174.4249458,0.0021088123321533203
67764,normal,1102,0,1782359174.4268188,0.001873016357421875
67765,normal,1262,0,1782359174.4289882,0.002169370651245117
67766,normal,2704,0,1782359174.4307976,0.0018093585968017578
67767,normal,3388,1,1782359174.4329247,0.0021271705627441406
67768,normal,907,2,1782359174.4348419,0.001917123794555664
67769,normal,3674,0,1782359174.4369428,0.0021009445190429688
67770,normal,832,2,1782359174.4388182,0.0018754005432128906
67771,normal,2663,0,1782359174.440987,0.002168893814086914
67772,normal,2778,0,1782359174.4429946,0.0020074844360351562
67773,normal,2163,0,1782359174.4449828,0.0019881725311279297
67774,normal,957,2,1782359174.4468262,0.0018434524536132812
67775,normal,3267,1,1782359174.4491303,0.0023040771484375
67776,normal,215,0,1782359174.450949,0.0018186569213867188
67777,normal,1259,0,1782359174.453115,0.0021660327911376953
67778,normal,1179,0,1782359174.4548213,0.0017063617706298828
67779,normal,1218,0,1782359174.457126,0.002304553985595703
67780,normal,318,0,1782359174.4588175,0.001691579818725586
67781,normal,1145,0,1782359174.461049,0.002231597900390625
67782,normal,1813,0,1782359174.4628022,0.001753091812133789
67783,normal,3163,1,1782359174.4648287,0.0020265579223632812
67784,normal,1526,0,1782359174.4668858,0.0020570755004882812
67785,normal,360,0,1782359174.468764,0.0018782615661621094
67786,normal,914,2,1782359174.4707763,0.0020122528076171875
67787,normal,373,0,1782359174.4727745,0.0019981861114501953
67788,normal,1873,0,1782359174.4747875,0.002012968063354492
67789,normal,75,0,1782359174.4767463,0.0019588470458984375
67790,normal,545,0,1782359174.4787753,0.002028942108154297
67791,normal,2806,0,1782359174.480762,0.0019867420196533203
67792,normal,2205,0,1782359174.4827776,0.0020155906677246094
67793,normal,192,0,1782359174.4847748,0.001997232437133789
67794,normal,1464,0,1782359174.4867735,0.0019986629486083984
67795,normal,1939,0,1782359174.4887438,0.0019702911376953125
67796,normal,879,2,1782359174.4907763,0.0020325183868408203
67797,normal,2875,0,1782359174.492763,0.0019867420196533203
67798,normal,309,0,1782359174.4947624,0.001999378204345703
67799,normal,2791,0,1782359174.4967692,0.0020067691802978516
67800,normal,3419,0,1782359174.4987738,0.0020046234130859375
67801,normal,1567,0,1782359174.5007424,0.0019686222076416016
67802,normal,3135,1,1782359174.5027869,0.0020444393157958984
67803,normal,1072,0,1782359174.5047646,0.001977682113647461
67804,normal,2523,0,1782359174.5067844,0.0020198822021484375
67805,normal,314,0,1782359174.508773,0.001988649368286133
67806,normal,187,0,1782359174.5107725,0.001999378204345703
67807,normal,1530,0,1782359174.5127428,0.0019702911376953125
67808,normal,2094,0,1782359174.5147889,0.0020461082458496094
67809,normal,2726,0,1782359174.5167336,0.0019447803497314453
67810,normal,1962,0,1782359174.518773,0.0020394325256347656
67811,normal,610,0,1782359174.5207725,0.001999378204345703
67812,normal,55,0,1782359174.5227723,0.0019998550415039062
67813,normal,2426,0,1782359174.524778,0.0020055770874023438
67814,normal,1744,0,1782359174.526776,0.0019981861114501953
67815,normal,2770,0,1782359174.5287597,0.001983642578125
67816,normal,2272,0,1782359174.5307732,0.0020134449005126953
67817,normal,3648,0,1782359174.5328069,0.002033710479736328
67818,normal,820,2,1782359174.5347705,0.0019636154174804688
67819,normal,819,2,1782359174.5367436,0.0019731521606445312
67820,normal,902,2,1782359174.5387716,0.0020279884338378906
67821,normal,2512,0,1782359174.5407588,0.0019872188568115234
67822,normal,2222,0,1782359174.5427706,0.0020117759704589844
67823,normal,2505,0,1782359174.5447721,0.002001523971557617
67824,normal,2275,0,1782359174.5467696,0.0019974708557128906
67825,normal,1292,0,1782359174.5487456,0.00197601318359375
67826,normal,2727,0,1782359174.550771,0.0020253658294677734
67827,normal,574,0,1782359174.552769,0.0019979476928710938
67828,normal,2724,0,1782359174.5547807,0.0020117759704589844
67829,normal,3430,0,1782359174.5567708,0.001990079879760742
67830,normal,3145,1,1782359174.558759,0.0019881725311279297
67831,normal,2007,0,1782359174.5607705,0.002011537551879883
67832,normal,727,0,1782359174.5627723,0.0020017623901367188
67833,normal,120,0,1782359174.5647697,0.0019974708557128906
67834,normal,2692,0,1782359174.5667434,0.0019736289978027344
67835,normal,1780,0,1782359174.5687695,0.002026081085205078
67836,normal,3070,1,1782359174.570763,0.0019936561584472656
67837,normal,2005,0,1782359174.5727704,0.0020072460174560547
67838,normal,3653,0,1782359174.5747712,0.0020008087158203125
67839,normal,2884,0,1782359174.5767694,0.0019981861114501953
67840,normal,2253,0,1782359174.5787425,0.0019731521606445312
67841,normal,2018,0,1782359174.5807717,0.0020291805267333984
67842,normal,960,2,1782359174.5827572,0.0019855499267578125
67843,normal,3266,1,1782359174.5847702,0.002012968063354492
67844,normal,4,0,1782359174.5867732,0.0020029544830322266
67845,normal,1806,0,1782359174.5887716,0.001998424530029297
67846,normal,3522,0,1782359174.5907705,0.0019989013671875
67847,normal,1138,0,1782359174.592773,0.0020024776458740234
67848,normal,2153,0,1782359174.594769,0.0019960403442382812
67849,normal,2863,0,1782359174.5967696,0.002000570297241211
67850,normal,2392,0,1782359174.59877,0.0020003318786621094
67851,normal,532,0,1782359174.6007557,0.001985788345336914
67852,normal,3508,0,1782359174.6028068,0.002051115036010742
67853,normal,596,0,1782359174.6047745,0.0019676685333251953
67854,normal,2969,0,1782359174.6067672,0.0019927024841308594
67855,normal,2577,0,1782359174.60877,0.002002716064453125
67856,normal,2393,0,1782359174.6108062,0.0020363330841064453
67857,normal,2435,0,1782359174.6127667,0.0019605159759521484
67858,normal,2659,0,1782359174.61477,0.002003192901611328
67859,normal,3687,0,1782359174.6167707,0.0020008087158203125
67860,normal,256,0,1782359174.6187801,0.0020093917846679688
67861,normal,1550,0,1782359174.6207705,0.0019903182983398438
67862,normal,3563,0,1782359174.62277,0.0019996166229248047
67863,normal,139,0,1782359174.6247616,0.0019915103912353516
67864,normal,3586,0,1782359174.6267715,0.002009868621826172
67865,normal,2305,0,1782359174.6287713,0.0019998550415039062
67866,normal,630,0,1782359174.630769,0.001997709274291992
67867,normal,3635,0,1782359174.6327696,0.002000570297241211
67868,normal,2130,0,1782359174.6347692,0.0019996166229248047
67869,normal,349,0,1782359174.6367593,0.001990079879760742
67870,normal,1034,0,1782359174.6387682,0.0020089149475097656
67871,normal,2360,0,1782359174.6407707,0.0020024776458740234
67872,normal,2410,0,1782359174.6427658,0.001995086669921875
67873,normal,3657,0,1782359174.6447723,0.00200653076171875
67874,normal,2487,0,1782359174.6467714,0.0019991397857666016
67875,normal,1796,0,1782359174.6487741,0.002002716064453125
67876,normal,1649,0,1782359174.6507692,0.001995086669921875
67877,normal,826,2,1782359174.652772,0.002002716064453125
67878,normal,134,0,1782359174.654758,0.0019860267639160156
67879,normal,2840,0,1782359174.6567905,0.0020325183868408203
67880,normal,345,0,1782359174.658774,0.0019834041595458984
67881,normal,3466,0,1782359174.6607687,0.0019948482513427734
67882,normal,3048,1,1782359174.6627715,0.002002716064453125
67883,normal,2049,0,1782359174.664769,0.0019974708557128906
67884,normal,1525,0,1782359174.6667686,0.0019996166229248047
67885,normal,2012,0,1782359174.6687684,0.0019998550415039062
67886,normal,1702,0,1782359174.6707704,0.0020020008087158203
67887,normal,805,2,1782359174.6727664,0.0019960403442382812
67888,normal,2313,0,1782359174.674768,0.002001523971557617
67889,normal,385,0,1782359174.6767716,0.0020036697387695312
67890,normal,1277,0,1782359174.678771,0.001999378204345703
67891,normal,198,0,1782359174.6807432,0.001972198486328125
67892,normal,3611,0,1782359174.6828039,0.0020606517791748047
67893,normal,2324,0,1782359174.6847746,0.0019707679748535156
67894,normal,2496,0,1782359174.6867409,0.001966238021850586
67895,normal,3272,1,1782359174.6888123,0.002071380615234375
67896,normal,1070,0,1782359174.6907713,0.001959085464477539
67897,normal,281,0,1782359174.6928174,0.0020461082458496094
67898,normal,2901,0,1782359174.6947656,0.0019481182098388672
67899,normal,2961,0,1782359174.6970177,0.0022521018981933594
67900,normal,1037,0,1782359174.69878,0.00176239013671875
67901,normal,257,0,1782359174.7009113,0.002131223678588867
67902,normal,3200,1,1782359174.7028418,0.0019304752349853516
67903,normal,569,0,1782359174.704914,0.0020723342895507812
67904,normal,510,0,1782359174.706773,0.0018589496612548828
67905,normal,2546,0,1782359174.709021,0.002248048782348633
67906,normal,1504,0,1782359174.7107744,0.0017533302307128906
67907,normal,1759,0,1782359174.7129118,0.002137422561645508
67908,normal,2603,0,1782359174.7148476,0.001935720443725586
67909,normal,3162,1,1782359174.7167747,0.0019271373748779297
67910,normal,3151,1,1782359174.7189102,0.0021355152130126953
67911,normal,1123,0,1782359174.7207742,0.0018639564514160156
67912,normal,1044,0,1782359174.722916,0.002141714096069336
67913,normal,3314,1,1782359174.7247903,0.0018744468688964844
67914,normal,1882,0,1782359174.727003,0.0022127628326416016
67915,normal,126,0,1782359174.7287664,0.0017633438110351562
67916,normal,1613,0,1782359174.7309976,0.002231121063232422
67917,normal,2052,0,1782359174.7328568,0.0018591880798339844
67918,normal,131,0,1782359174.7349293,0.002072572708129883
67919,normal,1732,0,1782359174.7367997,0.0018703937530517578
67920,normal,587,0,1782359174.7390325,0.002232789993286133
67921,normal,266,0,1782359174.7407658,0.0017333030700683594
67922,normal,1626,0,1782359174.7429733,0.002207517623901367
67923,normal,2612,0,1782359174.7450411,0.0020678043365478516
67924,normal,1049,0,1782359174.7467515,0.0017104148864746094
67925,normal,958,2,1782359174.7488582,0.0021066665649414062
67926,normal,2306,0,1782359174.75075,0.0018918514251708984
67927,normal,2730,0,1782359174.752765,0.0020148754119873047
67928,normal,993,2,1782359174.7547765,0.002011537551879883
67929,normal,2645,0,1782359174.7567656,0.001989126205444336
67930,normal,313,0,1782359174.7588196,0.002053976058959961
67931,normal,432,0,1782359174.760806,0.0019865036010742188
67932,normal,1472,0,1782359174.762776,0.0019698143005371094
67933,normal,1609,0,1782359174.7647364,0.0019605159759521484
67934,normal,743,0,1782359174.766766,0.0020296573638916016
67935,normal,531,0,1782359174.7687697,0.0020036697387695312
67936,normal,390,0,1782359174.7707305,0.00196075439453125
67937,normal,1323,1,1782359174.7727733,0.0020427703857421875
67938,normal,963,2,1782359174.774778,0.0020046234130859375
67939,normal,303,0,1782359174.7767334,0.0019555091857910156
67940,normal,3633,0,1782359174.7787728,0.0020394325256347656
67941,normal,3483,0,1782359174.780784,0.0020110607147216797
67942,normal,1458,0,1782359174.7827652,0.0019812583923339844
67943,normal,3257,1,1782359174.7847738,0.002008676528930664
67944,normal,637,0,1782359174.7867858,0.002012014389038086
67945,normal,1155,0,1782359174.7887633,0.0019774436950683594
67946,normal,2693,0,1782359174.7907734,0.0020101070404052734
67947,normal,2048,0,1782359174.7927833,0.002009868621826172
67948,normal,2669,0,1782359174.7947621,0.0019788742065429688
67949,normal,3180,1,1782359174.7967737,0.002011537551879883
67950,normal,3495,0,1782359174.798787,0.0020134449005126953
67951,normal,2734,0,1782359174.8007603,0.0019731521606445312
67952,normal,1990,0,1782359174.8027728,0.002012491226196289
67953,normal,2014,0,1782359174.8048167,0.0020439624786376953
67954,normal,2241,0,1782359174.8067632,0.0019464492797851562
67955,normal,2449,0,1782359174.8087718,0.002008676528930664
67956,normal,406,0,1782359174.8108249,0.0020530223846435547
67957,normal,1215,0,1782359174.812733,0.0019080638885498047
67958,normal,1545,0,1782359174.814775,0.002042055130004883
67959,normal,894,2,1782359174.8167825,0.0020074844360351562
67960,normal,2721,0,1782359174.8187609,0.0019783973693847656
67961,normal,2273,0,1782359174.820785,0.0020241737365722656
67962,normal,2109,0,1782359174.8227818,0.001996755599975586
67963,normal,2629,0,1782359174.824763,0.0019812583923339844
67964,normal,2814,0,1782359174.826772,0.0020089149475097656
67965,normal,1402,0,1782359174.8287642,0.0019922256469726562
67966,normal,1931,0,1782359174.8307788,0.002014636993408203
67967,normal,1424,0,1782359174.8327734,0.001994609832763672
67968,normal,3493,0,1782359174.834781,0.0020074844360351562
67969,normal,3123,1,1782359174.836763,0.001981973648071289
67970,normal,944,2,1782359174.8387754,0.002012491226196289
67971,normal,1757,0,1782359174.840817,0.0020415782928466797
67972,normal,3275,1,1782359174.8427556,0.0019385814666748047
67973,normal,2123,0,1782359174.8449783,0.002222776412963867
67974,normal,1911,0,1782359174.8467696,0.001791238784790039
67975,normal,1221,0,1782359174.8487887,0.002019166946411133
67976,normal,3150,1,1782359174.8507698,0.001981019973754883
67977,normal,1362,1,1782359174.852813,0.0020432472229003906
67978,normal,2023,0,1782359174.8547537,0.0019407272338867188
67979,normal,2344,0,1782359174.8568017,0.002048015594482422
67980,normal,3256,1,1782359174.8588076,0.0020058155059814453
67981,normal,2633,0,1782359174.8607895,0.001981973648071289
67982,normal,1821,0,1782359174.8628004,0.002010822296142578
67983,normal,1061,0,1782359174.8648582,0.002057790756225586
67984,normal,2178,0,1782359174.8667393,0.0018811225891113281
67985,normal,3101,1,1782359174.8687718,0.0020325183868408203
67986,normal,382,0,1782359174.8707774,0.0020055770874023438
67987,normal,130,0,1782359174.8727384,0.0019609928131103516
67988,normal,2467,0,1782359174.874763,0.0020246505737304688
67989,normal,1771,0,1782359174.8767717,0.002008676528930664
67990,normal,88,0,1782359174.8787491,0.0019774436950683594
67991,normal,149,0,1782359174.8807812,0.002032041549682617
67992,normal,2678,0,1782359174.882781,0.0019998550415039062
67993,normal,2046,0,1782359174.8848093,0.002028226852416992
67994,normal,2408,0,1782359174.886774,0.0019648075103759766
67995,normal,292,0,1782359174.8887715,0.0019974708557128906
67996,normal,1597,0,1782359174.8907804,0.0020089149475097656
67997,normal,2876,0,1782359174.8935409,0.0027604103088378906
67998,normal,2483,0,1782359174.8947468,0.0012059211730957031
67999,normal,2943,0,1782359174.8967962,0.0020494461059570312
68000,normal,2922,0,1782359174.8987787,0.001982450485229492
68001,normal,3089,1,1782359174.9007702,0.0019915103912353516
68002,normal,2280,0,1782359174.9027765,0.0020062923431396484
68003,normal,1584,0,1782359174.9047763,0.0019998550415039062
68004,normal,3702,0,1782359174.9067714,0.001995086669921875
68005,normal,1483,0,1782359174.9087498,0.0019783973693847656
68006,normal,1338,1,1782359174.9107764,0.0020265579223632812
68007,normal,1368,1,1782359174.912771,0.001994609832763672
68008,normal,145,0,1782359174.9147773,0.0020062923431396484
68009,normal,2083,0,1782359174.9167757,0.001998424530029297
68010,normal,968,2,1782359174.9187708,0.001995086669921875
68011,normal,2269,0,1782359174.9207847,0.0020139217376708984
68012,normal,2242,0,1782359174.9227693,0.0019845962524414062
68013,normal,1846,0,1782359174.924769,0.0019996166229248047
68014,normal,1414,0,1782359174.926774,0.0020051002502441406
68015,normal,685,0,1782359174.9287734,0.001999378204345703
68016,normal,1756,0,1782359174.9307697,0.001996278762817383
68017,normal,1092,0,1782359174.932787,0.0020172595977783203
68018,normal,2374,0,1782359174.934779,0.0019919872283935547
68019,normal,2699,0,1782359174.9367757,0.001996755599975586
68020,normal,24,0,1782359174.938747,0.0019712448120117188
68021,normal,1935,0,1782359174.9407763,0.0020294189453125
68022,normal,1050,0,1782359174.9427698,0.001993417739868164
68023,normal,1134,0,1782359174.9447756,0.0020058155059814453
68024,normal,999,2,1782359174.94676,0.0019843578338623047
68025,normal,1593,0,1782359174.948771,0.0020110607147216797
68026,normal,2513,0,1782359174.9507775,0.00200653076171875
68027,normal,2652,0,1782359174.9527757,0.0019981861114501953
68028,normal,667,0,1782359174.9547694,0.0019936561584472656
68029,normal,2304,0,1782359174.9567466,0.001977205276489258
68030,normal,2949,0,1782359174.9587753,0.0020287036895751953
68031,normal,838,2,1782359174.9607744,0.0019991397857666016
68032,normal,2278,0,1782359174.9627948,0.0020203590393066406
68033,normal,357,0,1782359174.964777,0.0019822120666503906
68034,normal,2946,0,1782359174.9667687,0.001991748809814453
68035,normal,65,0,1782359174.9687772,0.0020084381103515625
68036,normal,2148,0,1782359174.9707763,0.0019991397857666016
68037,normal,2846,0,1782359174.9727685,0.0019922256469726562
68038,normal,738,0,1782359174.9747672,0.0019986629486083984
68039,normal,2333,0,1782359174.9768062,0.0020389556884765625
68040,normal,2691,0,1782359174.9787514,0.0019452571868896484
68041,normal,905,2,1782359174.9807744,0.002022981643676758
68042,normal,3182,1,1782359174.9827783,0.002003908157348633
68043,normal,3706,0,1782359174.9847722,0.001993894577026367
68044,normal,3448,0,1782359174.986776,0.002003908157348633
68045,normal,2886,0,1782359174.9887755,0.001999378204345703
68046,normal,1004,2,1782359174.9907665,0.0019910335540771484
68047,normal,1513,0,1782359174.9927745,0.0020079612731933594
68048,normal,2255,0,1782359174.9947755,0.002001047134399414
68049,normal,241,0,1782359174.9967678,0.0019922256469726562
68050,normal,866,2,1782359174.9987721,0.002004384994506836
68051,normal,3316,1,1782359175.0007706,0.001998424530029297
68052,normal,912,2,1782359175.0027719,0.0020012855529785156
68053,normal,490,0,1782359175.004731,0.001959085464477539
68054,normal,1577,0,1782359175.0067596,0.0020287036895751953
68055,normal,1026,2,1782359175.0087686,0.0020089149475097656
68056,normal,1965,0,1782359175.010774,0.002005338668823242
68057,normal,338,0,1782359175.012774,0.002000093460083008
68058,normal,383,0,1782359175.014766,0.0019919872283935547
68059,normal,3126,1,1782359175.0167406,0.0019745826721191406
68060,normal,1043,0,1782359175.0187712,0.002030611038208008
68061,normal,1767,0,1782359175.0207663,0.001995086669921875
68062,normal,1909,0,1782359175.0227418,0.001975536346435547
68063,normal,2591,0,1782359175.0247707,0.002028942108154297
68064,normal,3137,1,1782359175.0267718,0.002001047134399414
68065,normal,3174,1,1782359175.0287423,0.001970529556274414
68066,normal,2752,0,1782359175.0307672,0.0020248889923095703
68067,normal,2680,0,1782359175.0327687,0.002001523971557617
68068,normal,1538,0,1782359175.034744,0.0019752979278564453
68069,normal,794,2,1782359175.0367715,0.0020275115966796875
68070,normal,1752,0,1782359175.038771,0.001999378204345703
68071,normal,1551,0,1782359175.040741,0.001970052719116211
68072,normal,2348,0,1782359175.042771,0.0020301342010498047
68073,normal,704,0,1782359175.044764,0.001992940902709961
68074,normal,3380,1,1782359175.0467422,0.001978158950805664
68075,normal,3323,1,1782359175.048772,0.002029895782470703
68076,normal,1497,0,1782359175.050763,0.001990795135498047
68077,normal,2984,0,1782359175.052742,0.0019791126251220703
68078,normal,3095,1,1782359175.0548227,0.002080678939819336
68079,normal,1978,0,1782359175.0567634,0.0019407272338867188
68080,normal,3120,1,1782359175.0588007,0.0020372867584228516
68081,normal,304,0,1782359175.060762,0.001961231231689453
68082,normal,2291,0,1782359175.0627475,0.0019855499267578125
68083,normal,3689,0,1782359175.0647616,0.00201416015625
68084,normal,101,0,1782359175.0667975,0.002035856246948242
68085,normal,2066,0,1782359175.0687613,0.0019638538360595703
68086,normal,3166,1,1782359175.0708153,0.002053976058959961
68087,normal,652,0,1782359175.0727618,0.0019464492797851562
68088,normal,2457,0,1782359175.074752,0.0019903182983398438
68089,normal,1564,0,1782359175.076756,0.002003908157348633
68090,normal,2212,0,1782359175.0787883,0.0020322799682617188
68091,normal,567,0,1782359175.080763,0.001974821090698242
68092,normal,1542,0,1782359175.0827944,0.0020313262939453125
68093,normal,2689,0,1782359175.0847597,0.0019652843475341797
68094,normal,2812,0,1782359175.0867438,0.001984119415283203
68095,normal,1308,0,1782359175.088762,0.0020182132720947266
68096,normal,411,0,1782359175.0908122,0.002050161361694336
68097,normal,2029,0,1782359175.0927632,0.001950979232788086
68098,normal,1175,0,1782359175.094805,0.0020418167114257812
68099,normal,1002,2,1782359175.0967631,0.001958131790161133
68100,normal,1039,0,1782359175.0987458,0.0019826889038085938
68101,normal,2905,0,1782359175.1007643,0.002018451690673828
68102,normal,1482,0,1782359175.1028113,0.0020470619201660156
68103,normal,2047,0,1782359175.104745,0.0019335746765136719
68104,normal,1124,0,1782359175.1068187,0.0020737648010253906
68105,normal,891,2,1782359175.1087627,0.0019440650939941406
68106,normal,1985,0,1782359175.110765,0.002002239227294922
68107,normal,627,0,1782359175.1127849,0.0020198822021484375
68108,normal,648,0,1782359175.1147811,0.001996278762817383
68109,normal,1749,0,1782359175.1167498,0.0019686222076416016
68110,normal,1000,2,1782359175.1187658,0.0020160675048828125
68111,normal,2861,0,1782359175.120813,0.0020470619201660156
68112,normal,2830,0,1782359175.122744,0.0019311904907226562
68113,normal,3128,1,1782359175.1248124,0.0020682811737060547
68114,normal,2547,0,1782359175.1267622,0.0019497871398925781
68115,normal,556,0,1782359175.1287637,0.002001523971557617
68116,normal,653,0,1782359175.1307943,0.002030611038208008
68117,normal,1109,0,1782359175.1327639,0.001969575881958008
68118,normal,706,0,1782359175.134745,0.001981019973754883
68119,normal,3360,1,1782359175.1368113,0.002066373825073242
68120,normal,2233,0,1782359175.1387632,0.0019519329071044922
68121,normal,1684,0,1782359175.1407628,0.0019996166229248047
68122,normal,1835,0,1782359175.1427953,0.0020325183868408203
68123,normal,165,0,1782359175.1447623,0.0019669532775878906
68124,normal,3691,0,1782359175.1467447,0.001982450485229492
68125,normal,1779,0,1782359175.1488109,0.0020661354064941406
68126,normal,1711,0,1782359175.150764,0.001953125
68127,normal,7,0,1782359175.1527646,0.002000570297241211
68128,normal,1127,0,1782359175.1547935,0.002028942108154297
68129,normal,444,0,1782359175.1567578,0.0019643306732177734
68130,normal,3259,1,1782359175.1587622,0.002004384994506836
68131,normal,1932,0,1782359175.1607938,0.002031564712524414
68132,normal,951,2,1782359175.1627636,0.0019698143005371094
68133,normal,3543,0,1782359175.1647446,0.001981019973754883
68134,normal,2238,0,1782359175.1667593,0.002014636993408203
68135,normal,3423,0,1782359175.1688106,0.0020513534545898438
68136,normal,2649,0,1782359175.1707444,0.0019338130950927734
68137,normal,928,2,1782359175.172793,0.002048492431640625
68138,normal,3334,1,1782359175.1747632,0.0019702911376953125
68139,normal,1958,0,1782359175.1767628,0.0019996166229248047
68140,normal,335,0,1782359175.1787908,0.0020279884338378906
68141,normal,3527,0,1782359175.1807632,0.0019724369049072266
68142,normal,1303,0,1782359175.182744,0.0019807815551757812
68143,normal,3187,1,1782359175.184793,0.002048969268798828
68144,normal,1679,0,1782359175.186764,0.001971006393432617
68145,normal,72,0,1782359175.1887438,0.001979827880859375
68146,normal,2968,0,1782359175.190795,0.002051115036010742
68147,normal,3433,0,1782359175.1927536,0.001958608627319336
68148,normal,3209,1,1782359175.1947546,0.002001047134399414
68149,normal,2105,0,1782359175.196811,0.0020563602447509766
68150,normal,2358,0,1782359175.1987634,0.0019524097442626953
68151,normal,48,0,1782359175.2007444,0.001981019973754883
68152,normal,636,0,1782359175.2027922,0.0020477771759033203
68153,normal,2708,0,1782359175.2047622,0.001970052719116211
68154,normal,396,0,1782359175.2067642,0.0020020008087158203
68155,normal,1998,0,1782359175.2087944,0.0020301342010498047
68156,normal,548,0,1782359175.2107625,0.0019681453704833984
68157,normal,1621,0,1782359175.212745,0.001982450485229492
68158,normal,3666,0,1782359175.2147672,0.002022266387939453
68159,normal,1547,0,1782359175.2167993,0.002032041549682617
68160,normal,898,2,1782359175.218745,0.0019457340240478516
68161,normal,2015,0,1782359175.220794,0.002048969268798828
68162,normal,3186,1,1782359175.2227628,0.001968860626220703
68163,normal,1957,0,1782359175.2247627,0.0019998550415039062
68164,normal,2857,0,1782359175.2268245,0.0020618438720703125
68165,normal,717,0,1782359175.2287629,0.0019383430480957031
68166,normal,2954,0,1782359175.2307456,0.0019826889038085938
68167,normal,1236,0,1782359175.2327619,0.002016305923461914
68168,normal,319,0,1782359175.2348137,0.002051830291748047
68169,normal,366,0,1782359175.2367435,0.0019297599792480469
68170,normal,1132,0,1782359175.2388127,0.002069234848022461
68171,normal,1499,0,1782359175.2407677,0.0019550323486328125
68172,normal,9,0,1782359175.2427635,0.0019958019256591797
68173,normal,2933,0,1782359175.2448144,0.0020508766174316406
68174,normal,2257,0,1782359175.2467632,0.0019488334655761719
68175,normal,2451,0,1782359175.2487447,0.001981496810913086
68176,normal,3652,0,1782359175.2507944,0.002049684524536133
68177,normal,751,0,1782359175.2527616,0.001967191696166992
68178,normal,3397,1,1782359175.2547617,0.002000093460083008
68179,normal,3055,1,1782359175.2568128,0.002051115036010742
68180,normal,2298,0,1782359175.258762,0.0019490718841552734
68181,normal,1114,0,1782359175.2607412,0.001979351043701172
68182,normal,3600,0,1782359175.262794,0.002052783966064453
68183,normal,1186,0,1782359175.2647624,0.0019683837890625
68184,normal,865,2,1782359175.2667637,0.0020012855529785156
68185,normal,2667,0,1782359175.268813,0.0020492076873779297
68186,normal,160,0,1782359175.2707624,0.0019495487213134766
68187,normal,2945,0,1782359175.2727532,0.001990795135498047
68188,normal,3363,1,1782359175.2747934,0.0020401477813720703
68189,normal,3215,1,1782359175.276764,0.001970529556274414
68190,normal,2380,0,1782359175.2787611,0.001997232437133789
68191,normal,1474,0,1782359175.2807925,0.0020313262939453125
68192,normal,756,0,1782359175.282763,0.001970529556274414
68193,normal,44,0,1782359175.2847428,0.001979827880859375
68194,normal,2928,0,1782359175.2867613,0.002018451690673828
68195,normal,427,0,1782359175.2888105,0.0020492076873779297
68196,normal,2300,0,1782359175.290765,0.0019545555114746094
68197,normal,2396,0,1782359175.2927892,0.0020241737365722656
68198,normal,2186,0,1782359175.294762,0.001972675323486328
68199,normal,1171,0,1782359175.2967463,0.0019843578338623047
68200,normal,850,2,1782359175.2987955,0.0020492076873779297
68201,normal,1559,0,1782359175.3007643,0.001968860626220703
68202,normal,642,0,1782359175.30276,0.001995563507080078
68203,normal,367,0,1782359175.304812,0.0020520687103271484
68204,normal,1121,0,1782359175.306762,0.0019500255584716797
68205,normal,2237,0,1782359175.308746,0.001984119415283203
68206,normal,2290,0,1782359175.310851,0.0021049976348876953
68207,normal,2293,0,1782359175.3127525,0.001901388168334961
68208,normal,2972,0,1782359175.3147442,0.001991748809814453
68209,normal,1647,0,1782359175.3168032,0.0020589828491210938
68210,normal,2518,0,1782359175.3187485,0.0019452571868896484
68211,normal,2929,0,1782359175.3207512,0.002002716064453125
68212,normal,339,0,1782359175.3227985,0.002047300338745117
68213,normal,2193,0,1782359175.324745,0.0019464492797851562
68214,normal,3072,1,1782359175.3267453,0.0020003318786621094
68215,normal,95,0,1782359175.328797,0.002051830291748047
68216,normal,2071,0,1782359175.330785,0.001987934112548828
68217,normal,3330,1,1782359175.3327625,0.0019774436950683594
68218,normal,1624,0,1782359175.3347976,0.0020351409912109375
68219,normal,2350,0,1782359175.3367429,0.0019452571868896484
68220,normal,1858,0,1782359175.3387456,0.002002716064453125
68221,normal,582,0,1782359175.3407598,0.00201416015625
68222,normal,2776,0,1782359175.3428085,0.0020487308502197266
68223,normal,207,0,1782359175.3447435,0.0019350051879882812
68224,normal,3181,1,1782359175.3468099,0.002066373825073242
68225,normal,1423,0,1782359175.349061,0.002251148223876953
68226,normal,3138,1,1782359175.3508048,0.0017437934875488281
68227,normal,2120,0,1782359175.3528666,0.0020618438720703125
68228,normal,1370,1,1782359175.354768,0.001901388168334961
68229,normal,247,0,1782359175.3569112,0.0021431446075439453
68230,normal,1400,0,1782359175.3588085,0.0018973350524902344
68231,normal,1307,0,1782359175.3609672,0.002158641815185547
68232,normal,1742,0,1782359175.363081,0.002113819122314453
68233,normal,2916,0,1782359175.3648093,0.0017282962799072266
68234,normal,1549,0,1782359175.3668222,0.002012968063354492
68235,normal,166,0,1782359175.3690703,0.002248048782348633
68236,normal,289,0,1782359175.3707905,0.0017201900482177734
68237,normal,1470,0,1782359175.3727412,0.0019507408142089844
68238,normal,2318,0,1782359175.374915,0.0021736621856689453
68239,normal,1461,0,1782359175.37673,0.0018150806427001953
68240,normal,3462,0,1782359175.3787715,0.0020415782928466797
68241,normal,843,2,1782359175.3807693,0.001997709274291992
68242,normal,1062,0,1782359175.382722,0.0019526481628417969
68243,normal,1820,0,1782359175.384781,0.0020589828491210938
68244,normal,2773,0,1782359175.3867698,0.0019888877868652344
68245,normal,2757,0,1782359175.3887222,0.0019524097442626953
68246,normal,1704,0,1782359175.3907704,0.0020482540130615234
68247,normal,1971,0,1782359175.39277,0.0019996166229248047
68248,normal,2789,0,1782359175.3947275,0.001957416534423828
68249,normal,1005,2,1782359175.396773,0.0020456314086914062
68250,normal,2608,0,1782359175.3987687,0.001995563507080078
68251,normal,3401,1,1782359175.400726,0.001957416534423828
68252,normal,2586,0,1782359175.4027746,0.002048492431640625
68253,normal,2375,0,1782359175.4047654,0.001990795135498047
68254,normal,261,0,1782359175.406722,0.0019567012786865234
68255,normal,2245,0,1782359175.4087749,0.002052783966064453
68256,normal,1300,0,1782359175.4107678,0.001992940902709961
68257,normal,2279,0,1782359175.4127226,0.001954793930053711
68258,normal,2355,0,1782359175.4147868,0.002064228057861328
68259,normal,447,0,1782359175.416767,0.0019800662994384766
68260,normal,2632,0,1782359175.4187243,0.001957416534423828
68261,normal,3154,1,1782359175.4207616,0.0020372867584228516
68262,normal,981,2,1782359175.422766,0.002004384994506836
68263,normal,1849,0,1782359175.4247203,0.001954317092895508
68264,normal,1225,0,1782359175.4267726,0.00205230712890625
68265,normal,2964,0,1782359175.4287856,0.002012968063354492
68266,normal,2722,0,1782359175.4307215,0.0019359588623046875
68267,normal,253,0,1782359175.4327602,0.002038717269897461
68268,normal,2845,0,1782359175.4347677,0.0020074844360351562
68269,normal,2331,0,1782359175.436721,0.0019533634185791016
68270,normal,2225,0,1782359175.438776,0.002054929733276367
68271,normal,3607,0,1782359175.4407682,0.0019922256469726562
68272,normal,1823,0,1782359175.442725,0.0019567012786865234
68273,normal,2404,0,1782359175.4447763,0.0020513534545898438
68274,normal,3250,1,1782359175.4467769,0.002000570297241211
68275,normal,3294,1,1782359175.4487271,0.0019502639770507812
68276,normal,435,0,1782359175.4507892,0.002062082290649414
68277,normal,2057,0,1782359175.4527662,0.0019769668579101562
68278,normal,3160,1,1782359175.4547224,0.0019562244415283203
68279,normal,555,0,1782359175.4567711,0.0020487308502197266
68280,normal,1333,1,1782359175.4587705,0.001999378204345703
68281,normal,1572,0,1782359175.4607325,0.001961946487426758
68282,normal,3631,0,1782359175.4627752,0.0020427703857421875
68283,normal,407,0,1782359175.4647698,0.001994609832763672
68284,normal,2230,0,1782359175.4667263,0.001956462860107422
68285,normal,2473,0,1782359175.4687736,0.002047300338745117
68286,normal,3178,1,1782359175.4708066,0.0020329952239990234
68287,normal,1268,0,1782359175.472723,0.0019164085388183594
68288,normal,2926,0,1782359175.4747734,0.0020503997802734375
68289,normal,3199,1,1782359175.4767654,0.0019919872283935547
68290,normal,1180,0,1782359175.4787238,0.0019583702087402344
68291,normal,1827,0,1782359175.480774,0.002050161361694336
68292,normal,1007,2,1782359175.4827697,0.0019958019256591797
68293,normal,782,2,1782359175.484724,0.001954317092895508
68294,normal,2442,0,1782359175.486774,0.0020499229431152344
68295,normal,1867,0,1782359175.4887764,0.0020024776458740234
68296,normal,844,2,1782359175.490724,0.001947641372680664
68297,normal,3416,0,1782359175.4928567,0.0021326541900634766
68298,normal,1612,0,1782359175.4953933,0.0025365352630615234
68299,normal,1700,0,1782359175.4967704,0.001377105712890625
68300,normal,2491,0,1782359175.4989588,0.002188444137573242
68301,normal,1203,0,1782359175.500781,0.0018222332000732422
68302,normal,1489,0,1782359175.5029688,0.0021877288818359375
68303,normal,64,0,1782359175.5047789,0.0018100738525390625
68304,normal,3562,0,1782359175.5069659,0.002187013626098633
68305,normal,3646,0,1782359175.5087774,0.0018115043640136719
68306,normal,94,0,1782359175.5109699,0.0021924972534179688
68307,normal,1987,0,1782359175.5127785,0.0018086433410644531
68308,normal,3308,1,1782359175.5149534,0.002174854278564453
68309,normal,3346,1,1782359175.5168235,0.0018701553344726562
68310,normal,953,2,1782359175.5190685,0.0022449493408203125
68311,normal,2838,0,1782359175.52079,0.0017216205596923828
68312,normal,3613,0,1782359175.5230172,0.0022270679473876953
68313,normal,2590,0,1782359175.524786,0.0017688274383544922
68314,normal,226,0,1782359175.527006,0.0022199153900146484
68315,normal,295,0,1782359175.5287905,0.0017845630645751953
68316,normal,1326,1,1782359175.53089,0.0020995140075683594
68317,normal,1465,0,1782359175.5329206,0.002030611038208008
68318,normal,2786,0,1782359175.534786,0.001865386962890625
68319,normal,1365,1,1782359175.53697,0.0021839141845703125
68320,normal,1051,0,1782359175.538769,0.0017991065979003906
68321,normal,1125,0,1782359175.540874,0.0021049976348876953
68322,normal,728,0,1782359175.5427966,0.001922607421875
68323,normal,2470,0,1782359175.544881,0.002084493637084961
68324,normal,613,0,1782359175.5467682,0.0018870830535888672
68325,normal,473,0,1782359175.5488083,0.0020401477813720703
68326,normal,708,0,1782359175.5507584,0.0019500255584716797
68327,normal,3676,0,1782359175.5527925,0.0020341873168945312
68328,normal,3443,0,1782359175.5547597,0.001967191696166992
68329,normal,3319,1,1782359175.5567954,0.0020356178283691406
68330,normal,1861,0,1782359175.558759,0.0019636154174804688
68331,normal,1776,0,1782359175.5608077,0.0020487308502197266
68332,normal,1350,1,1782359175.5627575,0.0019497871398925781
68333,normal,3560,0,1782359175.5647964,0.0020389556884765625
68334,normal,1893,0,1782359175.566756,0.001959562301635742
68335,normal,3255,1,1782359175.5688055,0.0020494461059570312
68336,normal,895,2,1782359175.5707936,0.0019881725311279297
68337,normal,87,0,1782359175.5728097,0.0020160675048828125
68338,normal,1739,0,1782359175.574752,0.0019423961639404297
68339,normal,1182,0,1782359175.5767736,0.0020215511322021484
68340,normal,1253,0,1782359175.5787487,0.0019750595092773438
68341,normal,1169,0,1782359175.580786,0.0020372867584228516
68342,normal,684,0,1782359175.5827622,0.0019762516021728516
68343,normal,1801,0,1782359175.584748,0.001985788345336914
68344,normal,521,0,1782359175.5867789,0.0020308494567871094
68345,normal,3435,0,1782359175.5888104,0.002031564712524414
68346,normal,2832,0,1782359175.5908341,0.0020236968994140625
68347,normal,646,0,1782359175.5927842,0.0019500255584716797
68348,normal,1379,1,1782359175.5947592,0.0019750595092773438
68349,normal,632,0,1782359175.5968664,0.0021071434020996094
68350,normal,2063,0,1782359175.5987937,0.0019273757934570312
68351,normal,2140,0,1782359175.600766,0.001972198486328125
68352,normal,1460,0,1782359175.6027503,0.0019843578338623047
68353,normal,1447,0,1782359175.6047938,0.002043485641479492
68354,normal,436,0,1782359175.6067615,0.0019676685333251953
68355,normal,311,0,1782359175.6088188,0.002057313919067383
68356,normal,1293,0,1782359175.610781,0.0019621849060058594
68357,normal,1498,0,1782359175.6128361,0.0020551681518554688
68358,normal,3684,0,1782359175.6147573,0.0019211769104003906
68359,normal,707,0,1782359175.6167493,0.0019919872283935547
68360,normal,2958,0,1782359175.6188064,0.0020570755004882812
68361,normal,770,0,1782359175.6208205,0.00201416015625
68362,normal,3455,0,1782359175.6227894,0.001968860626220703
68363,normal,3615,0,1782359175.624803,0.002013683319091797
68364,normal,658,0,1782359175.6268048,0.0020017623901367188
68365,normal,955,2,1782359175.6287487,0.001943826675415039
68366,normal,1331,1,1782359175.6308029,0.0020542144775390625
68367,normal,3395,1,1782359175.632884,0.002081155776977539
68368,normal,239,0,1782359175.6347482,0.0018641948699951172
68369,normal,3307,1,1782359175.6368072,0.0020589828491210938
68370,normal,3252,1,1782359175.638879,0.002071857452392578
68371,normal,365,0,1782359175.6407478,0.0018687248229980469
68372,normal,26,0,1782359175.642808,0.0020601749420166016
68373,normal,3362,1,1782359175.644877,0.0020689964294433594
68374,normal,2156,0,1782359175.6467454,0.0018684864044189453
68375,normal,2517,0,1782359175.648806,0.0020606517791748047
68376,normal,3425,0,1782359175.6508772,0.0020711421966552734
68377,normal,141,0,1782359175.6527457,0.0018684864044189453
68378,normal,732,0,1782359175.6548033,0.0020575523376464844
68379,normal,629,0,1782359175.6568043,0.002001047134399414
68380,normal,570,0,1782359175.6588068,0.0020024776458740234
68381,normal,136,0,1782359175.6607492,0.0019423961639404297
68382,normal,899,2,1782359175.6628516,0.002102375030517578
68383,normal,1871,0,1782359175.664754,0.0019023418426513672
68384,normal,3520,0,1782359175.6667848,0.0020308494567871094
68385,normal,3241,1,1782359175.6687937,0.0020089149475097656
68386,normal,3227,1,1782359175.6707807,0.001986980438232422
68387,normal,663,0,1782359175.672779,0.001998424530029297
68388,normal,852,2,1782359175.6747963,0.0020172595977783203
68389,normal,686,0,1782359175.6767902,0.001993894577026367
68390,normal,3005,0,1782359175.6788235,0.002033233642578125
68391,normal,1389,0,1782359175.6807988,0.0019752979278564453
68392,normal,3342,1,1782359175.6827934,0.001994609832763672
68393,normal,1056,0,1782359175.6847777,0.0019843578338623047
68394,normal,1388,0,1782359175.6867917,0.0020139217376708984
68395,normal,2126,0,1782359175.6887903,0.0019986629486083984
68396,normal,85,0,1782359175.690791,0.002000570297241211
68397,normal,2570,0,1782359175.6927907,0.0019998550415039062
68398,normal,2024,0,1782359175.6947937,0.0020029544830322266
68399,normal,377,0,1782359175.6968052,0.002011537551879883
68400,normal,3231,1,1782359175.698819,0.002013683319091797
68401,normal,3102,1,1782359175.700758,0.0019390583038330078
68402,normal,1656,0,1782359175.702787,0.002028942108154297
68403,normal,2952,0,1782359175.7047913,0.002004384994506836
68404,normal,1220,0,1782359175.7068017,0.002010345458984375
68405,normal,400,0,1782359175.708868,0.002066373825073242
68406,normal,194,0,1782359175.7107842,0.0019161701202392578
68407,normal,1600,0,1782359175.7128036,0.0020194053649902344
68408,normal,3505,0,1782359175.7147584,0.001954793930053711
68409,normal,242,0,1782359175.7167923,0.0020339488983154297
68410,normal,817,2,1782359175.718807,0.002014636993408203
68411,normal,107,0,1782359175.7208035,0.0019965171813964844
68412,normal,1286,0,1782359175.7228382,0.0020346641540527344
68413,normal,3451,0,1782359175.7248116,0.001973390579223633
68414,normal,3226,1,1782359175.726806,0.0019943714141845703
68415,normal,173,0,1782359175.7287905,0.0019845962524414062
68416,normal,2326,0,1782359175.7308042,0.002013683319091797
68417,normal,2387,0,1782359175.732841,0.0020368099212646484
68418,normal,2121,0,1782359175.7347565,0.0019154548645019531
68419,normal,35,0,1782359175.736791,0.002034425735473633
68420,normal,379,0,1782359175.738779,0.0019881725311279297
68421,normal,3341,1,1782359175.740796,0.0020170211791992188
68422,normal,2686,0,1782359175.742825,0.002028942108154297
68423,normal,561,0,1782359175.7448018,0.0019767284393310547
68424,normal,3555,0,1782359175.7467973,0.001995563507080078
68425,normal,1224,0,1782359175.748793,0.001995563507080078
68426,normal,220,0,1782359175.7507942,0.0020012855529785156
68427,normal,288,0,1782359175.7527537,0.001959562301635742
68428,normal,3179,1,1782359175.7547867,0.0020329952239990234
68429,normal,798,2,1782359175.7569976,0.002210855484008789
68430,normal,687,0,1782359175.7588487,0.0018510818481445312
68431,normal,3197,1,1782359175.760775,0.001926422119140625
68432,normal,381,0,1782359175.7629557,0.0021805763244628906
68433,normal,2343,0,1782359175.764789,0.0018334388732910156
68434,normal,2158,0,1782359175.7669184,0.0021293163299560547
68435,normal,2835,0,1782359175.7688084,0.001889944076538086
68436,normal,3612,0,1782359175.77097,0.002161741256713867
68437,normal,3116,1,1782359175.772886,0.0019159317016601562
68438,normal,1137,0,1782359175.7747846,0.0018985271453857422
68439,normal,359,0,1782359175.776989,0.002204418182373047
68440,normal,153,0,1782359175.77877,0.0017809867858886719
68441,normal,2150,0,1782359175.780901,0.0021309852600097656
68442,normal,1614,0,1782359175.7827642,0.001863241195678711
68443,normal,3158,1,1782359175.784777,0.0020127296447753906
68444,normal,889,2,1782359175.7867885,0.002011537551879883
68445,normal,1894,0,1782359175.788796,0.0020074844360351562
68446,normal,901,2,1782359175.7907832,0.0019872188568115234
68447,normal,2767,0,1782359175.7927792,0.0019960403442382812
68448,normal,1356,1,1782359175.7947931,0.0020139217376708984
68449,normal,1157,0,1782359175.796778,0.001984834671020508
68450,normal,3393,1,1782359175.7987864,0.0020084381103515625
68451,normal,2011,0,1782359175.8007905,0.0020041465759277344
68452,normal,2439,0,1782359175.8027618,0.0019712448120117188
68453,normal,2288,0,1782359175.8047788,0.0020170211791992188
68454,normal,3675,0,1782359175.8067944,0.0020155906677246094
68455,normal,2542,0,1782359175.8087792,0.001984834671020508
68456,normal,1014,2,1782359175.8107796,0.0020003318786621094
68457,normal,1315,0,1782359175.8127916,0.002012014389038086
68458,normal,1426,0,1782359175.81478,0.0019884109497070312
68459,normal,2366,0,1782359175.8167796,0.0019996166229248047
68460,normal,270,0,1782359175.8188148,0.0020351409912109375
68461,normal,2720,0,1782359175.8207908,0.00197601318359375
68462,normal,2951,0,1782359175.8227801,0.0019893646240234375
68463,normal,268,0,1782359175.8247898,0.0020096302032470703
68464,normal,66,0,1782359175.82678,0.0019903182983398438
68465,normal,3683,0,1782359175.8287778,0.001997709274291992
68466,normal,2918,0,1782359175.8308191,0.002041339874267578
68467,normal,2168,0,1782359175.8327913,0.001972198486328125
68468,normal,3638,0,1782359175.8347805,0.001989126205444336
68469,normal,2566,0,1782359175.8367908,0.002010345458984375
68470,normal,719,0,1782359175.8387928,0.0020020008087158203
68471,normal,3480,0,1782359175.840784,0.00199127197265625
68472,normal,813,2,1782359175.8427925,0.0020084381103515625
68473,normal,1729,0,1782359175.844777,0.0019845962524414062
68474,normal,1516,0,1782359175.84678,0.0020029544830322266
68475,normal,595,0,1782359175.8487916,0.002011537551879883
68476,normal,2540,0,1782359175.8507922,0.002000570297241211
68477,normal,2414,0,1782359175.852779,0.0019867420196533203
68478,normal,2527,0,1782359175.854792,0.0020132064819335938
68479,normal,371,0,1782359175.8567777,0.0019855499267578125
68480,normal,506,0,1782359175.858787,0.0020093917846679688
68481,normal,3276,1,1782359175.8607912,0.0020041465759277344
68482,normal,2771,0,1782359175.862777,0.001985788345336914
68483,normal,3410,0,1782359175.8647773,0.0020003318786621094
68484,normal,2270,0,1782359175.8667908,0.0020134449005126953
68485,normal,1859,0,1782359175.8687758,0.0019850730895996094
68486,normal,3223,1,1782359175.8707786,0.002002716064453125
68487,normal,1630,0,1782359175.8727906,0.002012014389038086
68488,normal,540,0,1782359175.8747797,0.001989126205444336
68489,normal,1438,0,1782359175.8767786,0.0019989013671875
68490,normal,1954,0,1782359175.8788028,0.0020241737365722656
68491,normal,2811,0,1782359175.8807921,0.0019893646240234375
68492,normal,209,0,1782359175.882781,0.0019888877868652344
68493,normal,2635,0,1782359175.8847911,0.0020101070404052734
68494,normal,2781,0,1782359175.8867931,0.0020020008087158203
68495,normal,1508,0,1782359175.8887787,0.0019855499267578125
68496,normal,251,0,1782359175.8907936,0.0020148754119873047
68497,normal,3141,1,1782359175.8927944,0.0020008087158203125
68498,normal,3111,1,1782359175.8947778,0.0019834041595458984
68499,normal,71,0,1782359175.8968008,0.002022981643676758
68500,normal,3155,1,1782359175.8987913,0.0019905567169189453
68501,normal,3228,1,1782359175.900778,0.0019867420196533203
68502,normal,1334,1,1782359175.9027915,0.0020134449005126953
68503,normal,3027,0,1782359175.9047897,0.0019981861114501953
68504,normal,1073,0,1782359175.9067802,0.0019905567169189453
68505,normal,641,0,1782359175.9087908,0.0020105838775634766
68506,normal,158,0,1782359175.9107902,0.001999378204345703
68507,normal,1533,0,1782359175.912777,0.0019867420196533203
68508,normal,2809,0,1782359175.9147904,0.0020134449005126953
68509,normal,1151,0,1782359175.916794,0.0020036697387695312
68510,normal,1469,0,1782359175.918777,0.0019829273223876953
68511,normal,2013,0,1782359175.9207892,0.0020122528076171875
68512,normal,659,0,1782359175.9227896,0.0020003318786621094
68513,normal,1018,2,1782359175.924778,0.0019884109497070312
68514,normal,2563,0,1782359175.9267943,0.002016305923461914
68515,normal,2054,0,1782359175.9287908,0.0019965171813964844
68516,normal,2464,0,1782359175.9307783,0.001987457275390625
68517,normal,2310,0,1782359175.9327884,0.0020101070404052734
68518,normal,1897,0,1782359175.9347887,0.0020003318786621094
68519,normal,2025,0,1782359175.9368541,0.002065420150756836
68520,normal,3474,0,1782359175.9387496,0.0018954277038574219
68521,normal,1904,0,1782359175.9408076,0.0020580291748046875
68522,normal,788,2,1782359175.942812,0.002004384994506836
68523,normal,1659,0,1782359175.9447904,0.0019783973693847656
68524,normal,2802,0,1782359175.946788,0.001997709274291992
68525,normal,301,0,1782359175.9487798,0.001991748809814453
68526,normal,3379,1,1782359175.9507904,0.0020105838775634766
68527,normal,2440,0,1782359175.9527895,0.0019991397857666016
68528,normal,954,2,1782359175.9547768,0.0019872188568115234
68529,normal,1405,0,1782359175.9567976,0.0020208358764648438
68530,normal,2320,0,1782359175.9588418,0.002044200897216797
68531,normal,1616,0,1782359175.9607806,0.0019388198852539062
68532,normal,1992,0,1782359175.962788,0.0020074844360351562
68533,normal,161,0,1782359175.9647906,0.0020024776458740234
68534,normal,2226,0,1782359175.9667776,0.001986980438232422
68535,normal,917,2,1782359175.9687912,0.002013683319091797
68536,normal,2534,0,1782359175.970779,0.0019876956939697266
68537,normal,246,0,1782359175.9727755,0.0019965171813964844
68538,normal,1903,0,1782359175.9747834,0.0020079612731933594
68539,normal,2292,0,1782359175.9767778,0.0019943714141845703
68540,normal,1658,0,1782359175.9787767,0.0019989013671875
68541,normal,1650,0,1782359175.9807928,0.0020160675048828125
68542,normal,1149,0,1782359175.9827878,0.001995086669921875
68543,normal,222,0,1782359175.9847786,0.001990795135498047
68544,normal,2799,0,1782359175.9867904,0.0020117759704589844
68545,normal,3632,0,1782359175.988789,0.0019986629486083984
68546,normal,2994,0,1782359175.9908004,0.0020112991333007812
68547,normal,1422,0,1782359175.9927897,0.0019893646240234375
68548,normal,2953,0,1782359175.9947765,0.0019867420196533203
68549,normal,2684,0,1782359175.9967773,0.0020008087158203125
68550,normal,3708,0,1782359175.9987895,0.0020122528076171875
68551,normal,2641,0,1782359176.000786,0.0019965171813964844
68552,normal,124,0,1782359176.0027785,0.001992464065551758
68553,normal,758,0,1782359176.004795,0.0020165443420410156
68554,normal,1644,0,1782359176.0067487,0.001953601837158203
68555,normal,114,0,1782359176.00875,0.0020012855529785156
68556,normal,3078,1,1782359176.0107903,0.002040386199951172
68557,normal,2138,0,1782359176.0129302,0.0021398067474365234
68558,normal,1794,0,1782359176.0148537,0.0019235610961914062
68559,normal,1557,0,1782359176.016814,0.001960277557373047
68560,normal,3358,1,1782359176.0189943,0.002180337905883789
68561,normal,737,0,1782359176.020853,0.0018587112426757812
68562,normal,2100,0,1782359176.0229552,0.0021021366119384766
68563,normal,2874,0,1782359176.0247998,0.001844644546508789
68564,normal,880,2,1782359176.026901,0.0021011829376220703
68565,normal,2520,0,1782359176.0288002,0.0018992424011230469
68566,normal,715,0,1782359176.0310016,0.0022013187408447266
68567,normal,2285,0,1782359176.0328019,0.0018002986907958984
68568,normal,2307,0,1782359176.0348258,0.002023935317993164
68569,normal,3626,0,1782359176.036757,0.0019311904907226562
68570,normal,2793,0,1782359176.0388045,0.0020475387573242188
68571,normal,1261,0,1782359176.0409756,0.002171039581298828
68572,normal,384,0,1782359176.0427773,0.0018017292022705078
68573,normal,1077,0,1782359176.0449693,0.0021920204162597656
68574,normal,1898,0,1782359176.0469046,0.0019352436065673828
68575,normal,1655,0,1782359176.048775,0.0018703937530517578
68576,normal,1158,0,1782359176.0508943,0.002119302749633789
68577,normal,1074,0,1782359176.0527968,0.0019025802612304688
68578,normal,1314,0,1782359176.0547972,0.0020003318786621094
68579,normal,2323,0,1782359176.0567956,0.001998424530029297
68580,normal,3697,0,1782359176.0588312,0.0020356178283691406
68581,normal,1357,1,1782359176.0607972,0.0019659996032714844
68582,normal,3461,0,1782359176.0627995,0.002002239227294922
68583,normal,3202,1,1782359176.064796,0.0019965171813964844
68584,normal,791,2,1782359176.0667977,0.0020017623901367188
68585,normal,3232,1,1782359176.0687954,0.001997709274291992
68586,normal,2477,0,1782359176.0708046,0.002009153366088867
68587,normal,2541,0,1782359176.0727496,0.0019450187683105469
68588,normal,2885,0,1782359176.0747797,0.0020301342010498047
68589,normal,840,2,1782359176.0767887,0.0020089149475097656
68590,normal,3382,1,1782359176.0787773,0.001988649368286133
68591,normal,1951,0,1782359176.0807762,0.0019989013671875
68592,normal,1396,0,1782359176.0827904,0.00201416015625
68593,normal,1646,0,1782359176.0847836,0.0019931793212890625
68594,normal,2271,0,1782359176.0867436,0.0019600391387939453
68595,normal,2198,0,1782359176.0887752,0.002031564712524414
68596,normal,1662,0,1782359176.090793,0.0020177364349365234
68597,normal,1797,0,1782359176.0928173,0.002024412155151367
68598,normal,3398,1,1782359176.095594,0.002776622772216797
68599,normal,967,2,1782359176.0967479,0.0011539459228515625
68600,normal,2561,0,1782359176.098797,0.0020492076873779297
68601,normal,962,2,1782359176.1007924,0.0019953250885009766
68602,normal,1084,0,1782359176.1027963,0.002003908157348633
68603,normal,2200,0,1782359176.1047423,0.0019459724426269531
68604,normal,590,0,1782359176.106796,0.0020537376403808594
68605,normal,1718,0,1782359176.108788,0.0019919872283935547
68606,normal,2515,0,1782359176.1107764,0.0019884109497070312
68607,normal,1135,0,1782359176.112778,0.002001523971557617
68608,normal,3127,1,1782359176.1147804,0.0020024776458740234
68609,normal,3002,0,1782359176.1167915,0.0020110607147216797
68610,normal,3079,1,1782359176.1187546,0.0019631385803222656
68611,normal,1622,0,1782359176.120776,0.002021312713623047
68612,normal,2911,0,1782359176.1227767,0.0020008087158203125
68613,normal,938,2,1782359176.1247797,0.0020029544830322266
68614,normal,1309,0,1782359176.1267812,0.002001523971557617
68615,normal,1366,1,1782359176.1287756,0.0019943714141845703
68616,normal,800,2,1782359176.1307836,0.0020079612731933594
68617,normal,597,0,1782359176.1327803,0.001996755599975586
68618,normal,392,0,1782359176.1347768,0.0019965171813964844
68619,normal,2203,0,1782359176.1367927,0.002015829086303711
68620,normal,903,2,1782359176.1387787,0.0019860267639160156
68621,normal,2027,0,1782359176.1408079,0.0020291805267333984
68622,normal,766,0,1782359176.1427968,0.0019888877868652344
68623,normal,2500,0,1782359176.1447856,0.0019888877868652344
68624,normal,3317,1,1782359176.1467779,0.0019922256469726562
68625,normal,3367,1,1782359176.1487799,0.0020020008087158203
68626,normal,1383,0,1782359176.1507778,0.0019979476928710938
68627,normal,3333,1,1782359176.1527426,0.0019648075103759766
68628,normal,2221,0,1782359176.154794,0.0020513534545898438
68629,normal,3010,0,1782359176.156789,0.001995086669921875
68630,normal,1589,0,1782359176.1587772,0.0019881725311279297
68631,normal,769,0,1782359176.160774,0.001996755599975586
68632,normal,2592,0,1782359176.1627789,0.002004861831665039
68633,normal,1895,0,1782359176.1647754,0.0019965171813964844
68634,normal,3484,0,1782359176.1667767,0.0020012855529785156
68635,normal,1937,0,1782359176.168742,0.0019652843475341797
68636,normal,583,0,1782359176.1707804,0.0020384788513183594
68637,normal,2842,0,1782359176.1727874,0.002007007598876953
68638,normal,1737,0,1782359176.1747446,0.0019571781158447266
68639,normal,1176,0,1782359176.1767735,0.002028942108154297
68640,normal,750,0,1782359176.178778,0.002004384994506836
68641,normal,3041,0,1782359176.1807878,0.002009868621826172
68642,normal,2463,0,1782359176.1827762,0.0019884109497070312
68643,normal,2634,0,1782359176.184787,0.002010822296142578
68644,normal,776,2,1782359176.1867754,0.0019884109497070312
68645,normal,2673,0,1782359176.1887758,0.0020003318786621094
68646,normal,3018,0,1782359176.190779,0.002003192901611328
68647,normal,2977,0,1782359176.1927876,0.002008676528930664
68648,normal,1320,1,1782359176.1947787,0.0019910335540771484
68649,normal,3156,1,1782359176.1967874,0.002008676528930664
68650,normal,156,0,1782359176.1987793,0.0019919872283935547
68651,normal,3305,1,1782359176.2007785,0.0019991397857666016
68652,normal,1226,0,1782359176.2027912,0.0020127296447753906
68653,normal,2092,0,1782359176.204786,0.0019948482513427734
68654,normal,2903,0,1782359176.2067761,0.001990079879760742
68655,normal,3426,0,1782359176.2087784,0.002002239227294922
68656,normal,57,0,1782359176.2107792,0.0020008087158203125
68657,normal,361,0,1782359176.2127774,0.0019981861114501953
68658,normal,1590,0,1782359176.2147744,0.0019969940185546875
68659,normal,1478,0,1782359176.2167976,0.0020232200622558594
68660,normal,3373,1,1782359176.2187772,0.0019795894622802734
68661,normal,310,0,1782359176.2207892,0.002012014389038086
68662,normal,13,0,1782359176.2227778,0.001988649368286133
68663,normal,1637,0,1782359176.2247753,0.0019974708557128906
68664,normal,3696,0,1782359176.2267792,0.002003908157348633
68665,normal,68,0,1782359176.2287862,0.002007007598876953
68666,normal,3068,1,1782359176.2307768,0.0019905567169189453
68667,normal,525,0,1782359176.2327778,0.002001047134399414
68668,normal,2116,0,1782359176.234777,0.0019991397857666016
68669,normal,1553,0,1782359176.2367747,0.001997709274291992
68670,normal,2798,0,1782359176.238775,0.0020003318786621094
68671,normal,827,2,1782359176.2407842,0.002009153366088867
68672,normal,467,0,1782359176.24278,0.0019958019256591797
68673,normal,1287,0,1782359176.244902,0.0021219253540039062
68674,normal,1716,0,1782359176.246741,0.0018391609191894531
68675,normal,3037,0,1782359176.2487898,0.0020487308502197266
68676,normal,3656,0,1782359176.2507906,0.0020008087158203125
68677,normal,660,0,1782359176.252795,0.002004384994506836
68678,normal,1348,1,1782359176.2547781,0.001983165740966797
68679,normal,1941,0,1782359176.2567763,0.0019981861114501953
68680,normal,3016,0,1782359176.2587771,0.0020008087158203125
68681,normal,1027,2,1782359176.260778,0.0020008087158203125
68682,normal,872,2,1782359176.2627769,0.0019989013671875
68683,normal,809,2,1782359176.2647738,0.0019969940185546875
68684,normal,262,0,1782359176.266781,0.0020072460174560547
68685,normal,2342,0,1782359176.2687905,0.0020093917846679688
68686,normal,483,0,1782359176.2707944,0.002003908157348633
68687,normal,1831,0,1782359176.2727783,0.0019838809967041016
68688,normal,238,0,1782359176.2747736,0.0019953250885009766
68689,normal,285,0,1782359176.2767746,0.002001047134399414
68690,normal,2381,0,1782359176.2787766,0.0020020008087158203
68691,normal,162,0,1782359176.2807732,0.0019965171813964844
68692,normal,1699,0,1782359176.2827897,0.0020165443420410156
68693,normal,774,2,1782359176.2847743,0.0019845962524414062
68694,normal,1959,0,1782359176.2867887,0.0020143985748291016
68695,normal,2239,0,1782359176.288777,0.0019884109497070312
68696,normal,2653,0,1782359176.2907767,0.0019996166229248047
68697,normal,387,0,1782359176.292798,0.002021312713623047
68698,normal,1201,0,1782359176.2947385,0.0019404888153076172
68699,normal,3353,1,1782359176.2968042,0.0020656585693359375
68700,normal,2550,0,1782359176.298775,0.0019707679748535156
68701,normal,793,2,1782359176.3007762,0.0020012855529785156
68702,normal,2097,0,1782359176.3027773,0.002001047134399414
68703,normal,1618,0,1782359176.3047764,0.0019991397857666016
68704,normal,11,0,1782359176.3067875,0.0020110607147216797
68705,normal,1345,1,1782359176.3087735,0.0019860267639160156
68706,normal,2327,0,1782359176.3107748,0.0020012855529785156
68707,normal,589,0,1782359176.3127742,0.001999378204345703
68708,normal,380,0,1782359176.3147755,0.0020012855529785156
68709,normal,125,0,1782359176.316773,0.0019974708557128906
68710,normal,1459,0,1782359176.3187423,0.0019693374633789062
68711,normal,3243,1,1782359176.3207874,0.002045154571533203
68712,normal,619,0,1782359176.3227756,0.0019881725311279297
68713,normal,3511,0,1782359176.324779,0.0020034313201904297
68714,normal,1634,0,1782359176.3267806,0.002001523971557617
68715,normal,1812,0,1782359176.3287745,0.001993894577026367
68716,normal,3497,0,1782359176.3308072,0.002032756805419922
68717,normal,2696,0,1782359176.3327394,0.0019321441650390625
68718,normal,1512,0,1782359176.3347764,0.00203704833984375
68719,normal,835,2,1782359176.3367748,0.001998424530029297
68720,normal,183,0,1782359176.3387766,0.0020017623901367188
68721,normal,1852,0,1782359176.3407807,0.0020041465759277344
68722,normal,3125,1,1782359176.3427868,0.002006053924560547
68723,normal,2920,0,1782359176.3447745,0.0019876956939697266
68724,normal,534,0,1782359176.3467731,0.0019986629486083984
68725,normal,1654,0,1782359176.3489144,0.002141237258911133
68726,normal,1324,1,1782359176.3507926,0.0018782615661621094
68727,normal,1294,0,1782359176.3528345,0.0020418167114257812
68728,normal,2728,0,1782359176.3547575,0.0019230842590332031
68729,normal,1986,0,1782359176.3567433,0.001985788345336914
68730,normal,1317,0,1782359176.358798,0.0020546913146972656
68731,normal,2731,0,1782359176.3607435,0.00194549560546875
68732,normal,616,0,1782359176.3627493,0.0020058155059814453
68733,normal,1399,0,1782359176.3647885,0.002039194107055664
68734,normal,3597,0,1782359176.3667488,0.001960277557373047
68735,normal,1250,0,1782359176.368749,0.002000093460083008
68736,normal,807,2,1782359176.3708065,0.0020575523376464844
68737,normal,909,2,1782359176.3727496,0.0019431114196777344
68738,normal,3020,0,1782359176.374743,0.001993417739868164
68739,normal,1446,0,1782359176.3768008,0.002057790756225586
68740,normal,1960,0,1782359176.3787386,0.0019378662109375
68741,normal,598,0,1782359176.3807468,0.002008199691772461
68742,normal,747,0,1782359176.3828037,0.0020568370819091797
68743,normal,1522,0,1782359176.384747,0.001943349838256836
68744,normal,1723,0,1782359176.3867495,0.0020024776458740234
68745,normal,1770,0,1782359176.3887918,0.0020422935485839844
68746,normal,562,0,1782359176.390747,0.001955270767211914
68747,normal,2224,0,1782359176.3927562,0.002009153366088867
68748,normal,2069,0,1782359176.394804,0.0020477771759033203
68749,normal,1726,0,1782359176.3967423,0.0019383430480957031
68750,normal,2511,0,1782359176.3987494,0.002007007598876953
68751,normal,1487,0,1782359176.4007943,0.0020449161529541016
68752,normal,3117,1,1782359176.4027507,0.001956462860107422
68753,normal,3439,0,1782359176.4047554,0.0020046234130859375
68754,normal,53,0,1782359176.4068036,0.0020482540130615234
68755,normal,1410,0,1782359176.4087398,0.001936197280883789
68756,normal,299,0,1782359176.4107413,0.002001523971557617
68757,normal,528,0,1782359176.4128006,0.0020592212677001953
68758,normal,2756,0,1782359176.4147425,0.0019419193267822266
68759,normal,2817,0,1782359176.4167414,0.0019989013671875
68760,normal,1851,0,1782359176.418804,0.002062559127807617
68761,normal,3438,0,1782359176.4207406,0.0019366741180419922
68762,normal,3528,0,1782359176.4227407,0.002000093460083008
68763,normal,565,0,1782359176.4248087,0.002068042755126953
68764,normal,2718,0,1782359176.4267437,0.0019350051879882812
68765,normal,2681,0,1782359176.428739,0.0019953250885009766
68766,normal,1790,0,1782359176.4308019,0.0020627975463867188
68767,normal,3306,1,1782359176.4327404,0.0019385814666748047
68768,normal,2166,0,1782359176.434742,0.002001523971557617
68769,normal,3099,1,1782359176.4368098,0.0020678043365478516
68770,normal,1815,0,1782359176.4387412,0.0019314289093017578
68771,normal,1799,0,1782359176.4407423,0.002001047134399414
68772,normal,3219,1,1782359176.4427905,0.0020482540130615234
68773,normal,1297,0,1782359176.4447427,0.0019521713256835938
68774,normal,1682,0,1782359176.4467437,0.002001047134399414
68775,normal,322,0,1782359176.4488034,0.0020596981048583984
68776,normal,1032,0,1782359176.4507415,0.0019381046295166016
68777,normal,3004,0,1782359176.452739,0.0019974708557128906
68778,normal,1804,0,1782359176.4547956,0.002056598663330078
68779,normal,3279,1,1782359176.4567404,0.0019447803497314453
68780,normal,1360,1,1782359176.458745,0.0020046234130859375
68781,normal,132,0,1782359176.460803,0.0020580291748046875
68782,normal,1758,0,1782359176.4627438,0.0019407272338867188
68783,normal,445,0,1782359176.4647396,0.0019958019256591797
68784,normal,2336,0,1782359176.4668145,0.0020749568939208984
68785,normal,3343,1,1782359176.469054,0.0022394657135009766
68786,normal,2423,0,1782359176.4709427,0.0018887519836425781
68787,normal,661,0,1782359176.473337,0.0023941993713378906
68788,normal,3409,0,1782359176.474809,0.0014719963073730469
68789,normal,2788,0,1782359176.4768486,0.002039670944213867
68790,normal,123,0,1782359176.4788167,0.0019681453704833984
68791,normal,99,0,1782359176.4807024,0.0018856525421142578
68792,normal,1444,0,1782359176.4828236,0.0021212100982666016
68793,normal,3644,0,1782359176.4848318,0.002008199691772461
68794,normal,3590,0,1782359176.4867377,0.0019059181213378906
68795,normal,454,0,1782359176.4888906,0.0021529197692871094
68796,normal,1156,0,1782359176.4907641,0.0018734931945800781
68797,normal,961,2,1782359176.4927542,0.001990079879760742
68798,normal,45,0,1782359176.4949026,0.0021483898162841797
68799,normal,3007,0,1782359176.4968486,0.0019459724426269531
68800,normal,1354,1,1782359176.498802,0.0019533634185791016
68801,normal,1968,0,1782359176.5007696,0.0019676685333251953
68802,normal,1274,0,1782359176.5027883,0.0020186901092529297
68803,normal,2006,0,1782359176.5047667,0.0019783973693847656
68804,normal,2090,0,1782359176.5067573,0.0019905567169189453
68805,normal,1448,0,1782359176.5088983,0.0021409988403320312
68806,normal,2763,0,1782359176.5107653,0.001867055892944336
68807,normal,1227,0,1782359176.512872,0.0021066665649414062
68808,normal,2860,0,1782359176.5147707,0.0018987655639648438
68809,normal,1094,0,1782359176.5167603,0.001989603042602539
68810,normal,300,0,1782359176.518867,0.0021066665649414062
68811,normal,1057,0,1782359176.5207648,0.0018978118896484375
68812,normal,2084,0,1782359176.5228548,0.002089977264404297
68813,normal,3660,0,1782359176.5247736,0.001918792724609375
68814,normal,3494,0,1782359176.5270946,0.002321004867553711
68815,normal,3450,0,1782359176.528896,0.0018014907836914062
68816,normal,3262,1,1782359176.530767,0.001870870590209961
68817,normal,2282,0,1782359176.5328114,0.0020444393157958984
68818,normal,2409,0,1782359176.5347266,0.0019152164459228516
68819,normal,760,0,1782359176.536824,0.0020973682403564453
68820,normal,533,0,1782359176.5388618,0.0020377635955810547
68821,normal,2545,0,1782359176.5407853,0.0019235610961914062
68822,normal,1672,0,1782359176.542864,0.0020787715911865234
68823,normal,3049,1,1782359176.5448997,0.0020356178283691406
68824,normal,3499,0,1782359176.5468063,0.0019066333770751953
68825,normal,976,2,1782359176.548956,0.0021495819091796875
68826,normal,1555,0,1782359176.5507922,0.0018362998962402344
68827,normal,3036,0,1782359176.5528464,0.0020542144775390625
68828,normal,3324,1,1782359176.5547647,0.0019183158874511719
68829,normal,2581,0,1782359176.5568056,0.002040863037109375
68830,normal,3535,0,1782359176.55887,0.0020644664764404297
68831,normal,524,0,1782359176.560778,0.0019078254699707031
68832,normal,2436,0,1782359176.562881,0.002103090286254883
68833,normal,1529,0,1782359176.5649233,0.0020422935485839844
68834,normal,1228,0,1782359176.5667613,0.0018379688262939453
68835,normal,297,0,1782359176.568848,0.002086639404296875
68836,normal,1455,0,1782359176.5707483,0.0019004344940185547
68837,normal,2792,0,1782359176.572843,0.002094745635986328
68838,normal,2314,0,1782359176.5748863,0.0020432472229003906
68839,normal,625,0,1782359176.5767975,0.001911163330078125
68840,normal,3031,0,1782359176.5789514,0.0021538734436035156
68841,normal,3587,0,1782359176.5808513,0.0018999576568603516
68842,normal,2180,0,1782359176.5828753,0.002023935317993164
68843,normal,3658,0,1782359176.584754,0.0018787384033203125
68844,normal,2095,0,1782359176.586894,0.002140045166015625
68845,normal,3062,1,1782359176.5887337,0.0018396377563476562
68846,normal,2554,0,1782359176.5908415,0.002107858657836914
68847,normal,3420,0,1782359176.5928261,0.0019845962524414062
68848,normal,697,0,1782359176.5947948,0.0019686222076416016
68849,normal,90,0,1782359176.5969174,0.002122640609741211
68850,normal,1052,0,1782359176.5989604,0.002043008804321289
68851,normal,2349,0,1782359176.600864,0.001903533935546875
68852,normal,3038,0,1782359176.6029472,0.002083301544189453
68853,normal,1468,0,1782359176.6049101,0.001962900161743164
68854,normal,3350,1,1782359176.6068947,0.0019845962524414062
68855,normal,119,0,1782359176.6089156,0.0020208358764648438
68856,normal,3320,1,1782359176.6108825,0.0019669532775878906
68857,normal,856,2,1782359176.6127198,0.0018372535705566406
68858,normal,433,0,1782359176.6148245,0.0021047592163085938
68859,normal,2376,0,1782359176.6168284,0.002003908157348633
68860,normal,834,2,1782359176.6188557,0.002027273178100586
68861,normal,3244,1,1782359176.620818,0.0019621849060058594
68862,normal,3248,1,1782359176.6228185,0.002000570297241211
68863,normal,108,0,1782359176.6247194,0.0019009113311767578
68864,normal,3124,1,1782359176.6270537,0.0023343563079833984
68865,normal,1693,0,1782359176.6291513,0.002097606658935547
68866,normal,1890,0,1782359176.6308422,0.0016908645629882812
68867,normal,615,0,1782359176.6328247,0.001982450485229492
68868,normal,634,0,1782359176.6348178,0.0019931793212890625
68869,normal,2564,0,1782359176.6367345,0.001916646957397461
68870,normal,1568,0,1782359176.6389441,0.0022096633911132812
68871,normal,2668,0,1782359176.6410403,0.0020961761474609375
68872,normal,2810,0,1782359176.6427405,0.0017001628875732422
68873,normal,2582,0,1782359176.6448138,0.0020732879638671875
68874,normal,2912,0,1782359176.6469584,0.0021445751190185547
68875,normal,2382,0,1782359176.648743,0.0017845630645751953
68876,normal,1602,0,1782359176.6508496,0.0021066665649414062
68877,normal,1165,0,1782359176.6528547,0.0020051002502441406
68878,normal,2252,0,1782359176.6547499,0.0018951892852783203
68879,normal,592,0,1782359176.6568358,0.0020859241485595703
68880,normal,1509,0,1782359176.659307,0.0024712085723876953
68881,normal,1105,0,1782359176.6613228,0.002015829086303711
68882,normal,3405,0,1782359176.662739,0.0014162063598632812
68883,normal,167,0,1782359176.664827,0.0020880699157714844
68884,normal,1995,0,1782359176.6667879,0.00196075439453125
68885,normal,290,0,1782359176.6689172,0.0021293163299560547
68886,normal,2261,0,1782359176.6708653,0.0019481182098388672
68887,normal,1855,0,1782359176.673032,0.002166748046875
68888,normal,2033,0,1782359176.674762,0.0017299652099609375
68889,normal,3000,0,1782359176.6770248,0.0022628307342529297
68890,normal,471,0,1782359176.6788936,0.0018687248229980469
68891,normal,1671,0,1782359176.6807468,0.0018532276153564453
68892,normal,2118,0,1782359176.682868,0.0021212100982666016
68893,normal,757,0,1782359176.6847386,0.0018706321716308594
68894,normal,3385,1,1782359176.6868763,0.0021376609802246094
68895,normal,1683,0,1782359176.688863,0.0019867420196533203
68896,normal,355,0,1782359176.690802,0.0019390583038330078
68897,normal,3096,1,1782359176.692847,0.0020449161529541016
68898,normal,1950,0,1782359176.6948602,0.0020132064819335938
68899,normal,2035,0,1782359176.6967928,0.0019326210021972656
68900,normal,1501,0,1782359176.6989653,0.0021724700927734375
68901,normal,2996,0,1782359176.7007804,0.0018150806427001953
68902,normal,1834,0,1782359176.7028883,0.002107858657836914
68903,normal,3441,0,1782359176.7048135,0.0019252300262451172
68904,normal,876,2,1782359176.7069452,0.0021317005157470703
68905,normal,1397,0,1782359176.708826,0.0018808841705322266
68906,normal,535,0,1782359176.7108502,0.0020241737365722656
68907,normal,2676,0,1782359176.712845,0.0019948482513427734
68908,normal,1999,0,1782359176.7148068,0.0019617080688476562
68909,normal,1539,0,1782359176.7168684,0.002061605453491211
68910,normal,420,0,1782359176.7188277,0.0019593238830566406
68911,normal,2687,0,1782359176.7207355,0.0019078254699707031
68912,normal,2274,0,1782359176.7228303,0.002094745635986328
68913,normal,3173,1,1782359176.7248354,0.0020051002502441406
68914,normal,172,0,1782359176.7267666,0.0019311904907226562
68915,normal,3188,1,1782359176.7288015,0.002034902572631836
68916,normal,2572,0,1782359176.7308493,0.0020477771759033203
68917,normal,1030,0,1782359176.732709,0.0018596649169921875
68918,normal,235,0,1782359176.7347996,0.0020906925201416016
68919,normal,497,0,1782359176.7367988,0.0019991397857666016
68920,normal,1071,0,1782359176.7387388,0.001940011978149414
68921,normal,1141,0,1782359176.7408478,0.002109050750732422
68922,normal,1296,0,1782359176.7428834,0.0020356178283691406
68923,normal,2481,0,1782359176.7447917,0.0019083023071289062
68924,normal,3328,1,1782359176.7467628,0.001971006393432617
68925,normal,3668,0,1782359176.7488413,0.002078533172607422
68926,normal,2004,0,1782359176.7507274,0.001886129379272461
68927,normal,3412,0,1782359176.752795,0.00206756591796875
68928,normal,2701,0,1782359176.7548027,0.002007722854614258
68929,normal,1816,0,1782359176.7567832,0.0019805431365966797
68930,normal,3568,0,1782359176.7588751,0.0020918846130371094
68931,normal,3183,1,1782359176.7609212,0.0020461082458496094
68932,normal,2737,0,1782359176.7629168,0.001995563507080078
68933,normal,2187,0,1782359176.7648978,0.001981019973754883
68934,normal,151,0,1782359176.7669272,0.0020294189453125
68935,normal,2960,0,1782359176.768792,0.0018646717071533203
68936,normal,530,0,1782359176.771012,0.00222015380859375
68937,normal,3003,0,1782359176.772908,0.001895904541015625
68938,normal,600,0,1782359176.7747533,0.0018453598022460938
68939,normal,514,0,1782359176.7768471,0.002093791961669922
68940,normal,450,0,1782359176.7788274,0.001980304718017578
68941,normal,2620,0,1782359176.7808907,0.002063274383544922
68942,normal,2993,0,1782359176.7827492,0.0018584728240966797
68943,normal,1249,0,1782359176.7848194,0.002070188522338867
68944,normal,2190,0,1782359176.7867174,0.001898050308227539
68945,normal,2195,0,1782359176.788821,0.002103567123413086
68946,normal,1148,0,1782359176.7910566,0.0022356510162353516
68947,normal,3059,1,1782359176.7930722,0.0020155906677246094
68948,normal,63,0,1782359176.7948132,0.0017409324645996094
68949,normal,265,0,1782359176.7968268,0.002013683319091797
68950,normal,3553,0,1782359176.7987225,0.0018956661224365234
68951,normal,485,0,1782359176.8008287,0.002106189727783203
68952,normal,1980,0,1782359176.8029234,0.002094745635986328
68953,normal,2688,0,1782359176.804826,0.0019025802612304688
68954,normal,3445,0,1782359176.8067284,0.0019023418426513672
68955,normal,859,2,1782359176.8087375,0.002009153366088867
68956,normal,1163,0,1782359176.8108454,0.002107858657836914
68957,normal,792,2,1782359176.812754,0.0019085407257080078
68958,normal,2622,0,1782359176.814865,0.002111196517944336
68959,normal,538,0,1782359176.8167605,0.0018954277038574219
68960,normal,1766,0,1782359176.8188446,0.002084016799926758
68961,normal,3172,1,1782359176.8208885,0.0020439624786376953
68962,normal,466,0,1782359176.8234413,0.0025527477264404297
68963,normal,2751,0,1782359176.8251338,0.0016925334930419922
68964,normal,1305,0,1782359176.8267307,0.0015969276428222656
68965,normal,3210,1,1782359176.8288348,0.002104043960571289
68966,normal,3580,0,1782359176.8308313,0.0019965171813964844
68967,normal,1256,0,1782359176.8329163,0.002084970474243164
68968,normal,2229,0,1782359176.8348606,0.0019443035125732422
68969,normal,2262,0,1782359176.8370864,0.0022258758544921875
68970,normal,1528,0,1782359176.8387947,0.0017082691192626953
68971,normal,2935,0,1782359176.8411765,0.0023818016052246094
68972,normal,2677,0,1782359176.843053,0.0018765926361083984
68973,normal,553,0,1782359176.8447864,0.0017333030700683594
68974,normal,286,0,1782359176.8468509,0.0020644664764404297
68975,normal,2149,0,1782359176.848754,0.0019030570983886719
68976,normal,970,2,1782359176.8509028,0.002148866653442383
68977,normal,1475,0,1782359176.852771,0.0018682479858398438
68978,normal,1676,0,1782359176.854867,0.002095937728881836
68979,normal,2794,0,1782359176.8568833,0.002016305923461914
68980,normal,2674,0,1782359176.858789,0.001905679702758789
68981,normal,3467,0,1782359176.86095,0.0021610260009765625
68982,normal,910,2,1782359176.8628104,0.0018603801727294922
68983,normal,2571,0,1782359176.8647926,0.0019822120666503906
68984,normal,1735,0,1782359176.8668237,0.002031087875366211
68985,normal,1915,0,1782359176.868889,0.002065420150756836
68986,normal,1536,0,1782359176.8708017,0.0019125938415527344
68987,normal,777,2,1782359176.8729455,0.00214385986328125
68988,normal,421,0,1782359176.8747447,0.0017991065979003906
68989,normal,2061,0,1782359176.8768435,0.0020987987518310547
68990,normal,3523,0,1782359176.878748,0.0019044876098632812
68991,normal,1429,0,1782359176.880834,0.002086162567138672
68992,normal,2218,0,1782359176.8827207,0.001886606216430664
68993,normal,244,0,1782359176.8847954,0.002074718475341797
68994,normal,694,0,1782359176.8868039,0.0020084381103515625
68995,normal,3518,0,1782359176.8887382,0.0019342899322509766
68996,normal,1977,0,1782359176.8909864,0.0022482872009277344
68997,normal,3365,1,1782359176.8927202,0.0017337799072265625
68998,normal,1803,0,1782359176.894794,0.0020737648010253906
68999,normal,1485,0,1782359176.8967874,0.001993417739868164
69000,normal,2322,0,1782359176.8987906,0.002003192901611328
69001,normal,2578,0,1782359176.9007862,0.001995563507080078
69002,normal,3104,1,1782359176.9028103,0.0020241737365722656
69003,normal,3193,1,1782359176.9048164,0.002006053924560547
69004,normal,70,0,1782359176.9067743,0.0019578933715820312
69005,normal,1160,0,1782359176.9088795,0.002105236053466797
69006,normal,3667,0,1782359176.9107652,0.0018856525421142578
69007,normal,2384,0,1782359176.9127676,0.0020024776458740234
69008,normal,1695,0,1782359176.9147582,0.0019905567169189453
69009,normal,3271,1,1782359176.9167345,0.0019762516021728516
69010,normal,1575,0,1782359176.9187799,0.0020453929901123047
69011,normal,2287,0,1782359176.920727,0.001947164535522461
69012,normal,1275,0,1782359176.9227445,0.002017498016357422
69013,normal,128,0,1782359176.924768,0.002023458480834961
69014,normal,1847,0,1782359176.926772,0.0020041465759277344
69015,normal,2583,0,1782359176.928846,0.0020737648010253906
69016,normal,2295,0,1782359176.930871,0.002025127410888672
69017,normal,1717,0,1782359176.9327414,0.0018703937530517578
69018,normal,175,0,1782359176.9348996,0.0021581649780273438
69019,normal,1104,0,1782359176.93687,0.001970529556274414
69020,normal,671,0,1782359176.9388294,0.0019593238830566406
69021,normal,1001,2,1782359176.9408205,0.0019910335540771484
69022,normal,742,0,1782359176.9427166,0.0018961429595947266
69023,normal,2576,0,1782359176.944816,0.0020995140075683594
69024,normal,254,0,1782359176.94698,0.0021638870239257812
69025,normal,2758,0,1782359176.9487164,0.0017364025115966797
69026,normal,1953,0,1782359176.9508133,0.002096891403198242
69027,normal,1085,0,1782359176.9528172,0.002003908157348633
69028,normal,1269,0,1782359176.9547198,0.0019025802612304688
69029,normal,441,0,1782359176.9574995,0.002779722213745117
69030,normal,2736,0,1782359176.9591064,0.0016069412231445312
69031,normal,1103,0,1782359176.9607449,0.0016384124755859375
69032,normal,2921,0,1782359176.9628406,0.0020956993103027344
69033,normal,2454,0,1782359176.9648397,0.0019991397857666016
69034,normal,1439,0,1782359176.9667504,0.0019106864929199219
69035,normal,3544,0,1782359176.9689667,0.002216339111328125
69036,normal,3017,0,1782359176.970763,0.0017962455749511719
69037,normal,1358,1,1782359176.9728231,0.0020601749420166016
69038,normal,593,0,1782359176.9747481,0.0019249916076660156
69039,normal,2196,0,1782359176.9768627,0.002114534378051758
69040,normal,214,0,1782359176.9787498,0.0018870830535888672
69041,normal,1355,1,1782359176.98091,0.002160310745239258
69042,normal,2882,0,1782359176.9829998,0.0020897388458251953
69043,normal,3144,1,1782359176.9848056,0.0018057823181152344
69044,normal,2494,0,1782359176.9868917,0.002086162567138672
69045,normal,2284,0,1782359176.9888601,0.0019683837890625
69046,normal,2373,0,1782359176.990725,0.0018649101257324219
69047,normal,3507,0,1782359176.993006,0.0022809505462646484
69048,normal,988,2,1782359176.9948921,0.001886129379272461
69049,normal,2446,0,1782359176.9978223,0.002930164337158203
69050,normal,1860,0,1782359176.9991796,0.0013573169708251953
69051,normal,818,2,1782359177.0011828,0.002003192901611328
69052,normal,3309,1,1782359177.0027564,0.0015735626220703125
69053,normal,2528,0,1782359177.0047734,0.0020170211791992188
69054,normal,248,0,1782359177.0067918,0.002018451690673828
69055,normal,1906,0,1782359177.0088224,0.002030611038208008
69056,normal,3621,0,1782359177.010812,0.001989603042602539
69057,normal,755,0,1782359177.0128124,0.0020003318786621094
69058,normal,350,0,1782359177.0147266,0.0019142627716064453
69059,normal,2397,0,1782359177.0167964,0.002069711685180664
69060,normal,3211,1,1782359177.0188074,0.0020110607147216797
69061,normal,1554,0,1782359177.0208437,0.0020363330841064453
69062,normal,2117,0,1782359177.0228074,0.0019636154174804688
69063,normal,1829,0,1782359177.0248253,0.002017974853515625
69064,normal,2498,0,1782359177.026742,0.001916646957397461
69065,normal,2065,0,1782359177.028843,0.0021009445190429688
69066,normal,3052,1,1782359177.0308478,0.002004861831665039
69067,normal,3119,1,1782359177.0328152,0.0019674301147460938
69068,normal,1434,0,1782359177.0347822,0.0019669532775878906
69069,normal,1239,0,1782359177.036742,0.0019598007202148438
69070,normal,3053,1,1782359177.0387926,0.002050638198852539
69071,normal,523,0,1782359177.0407941,0.002001523971557617
69072,normal,2268,0,1782359177.042793,0.0019989013671875
69073,normal,1818,0,1782359177.0447922,0.0019991397857666016
69074,normal,1042,0,1782359177.0468068,0.002014636993408203
69075,normal,778,2,1782359177.0488236,0.002016782760620117
69076,normal,1989,0,1782359177.050786,0.001962423324584961
69077,normal,439,0,1782359177.0527983,0.0020122528076171875
69078,normal,177,0,1782359177.0547931,0.0019948482513427734
69079,normal,3054,1,1782359177.0567923,0.0019991397857666016
69080,normal,2128,0,1782359177.0587933,0.002001047134399414
69081,normal,3315,1,1782359177.0607913,0.0019979476928710938
69082,normal,869,2,1782359177.0628202,0.002028942108154297
69083,normal,1838,0,1782359177.0647624,0.0019421577453613281
69084,normal,1065,0,1782359177.066873,0.002110719680786133
69085,normal,3237,1,1782359177.068785,0.0019118785858154297
69086,normal,2082,0,1782359177.0713055,0.0025205612182617188
69087,normal,2402,0,1782359177.0728297,0.001524209976196289
69088,normal,3270,1,1782359177.074746,0.0019161701202392578
69089,normal,855,2,1782359177.0768201,0.0020742416381835938
69090,normal,1719,0,1782359177.0787828,0.0019626617431640625
69091,normal,2060,0,1782359177.0807843,0.002001523971557617
69092,normal,78,0,1782359177.0827851,0.0020008087158203125
69093,normal,749,0,1782359177.0848362,0.002051115036010742
69094,normal,2585,0,1782359177.08677,0.0019338130950927734
69095,normal,2037,0,1782359177.0888422,0.0020720958709716797
69096,normal,2401,0,1782359177.0908968,0.0020546913146972656
69097,normal,721,0,1782359177.0927868,0.001889944076538086
69098,normal,2891,0,1782359177.0949514,0.002164602279663086
69099,normal,3554,0,1782359177.096848,0.0018966197967529297
69100,normal,2258,0,1782359177.0987806,0.0019326210021972656
69101,normal,2837,0,1782359177.1008868,0.002106189727783203
69102,normal,3596,0,1782359177.1027894,0.0019025802612304688
69103,normal,3424,0,1782359177.104692,0.0019025802612304688
69104,normal,2152,0,1782359177.1067607,0.002068758010864258
69105,normal,2762,0,1782359177.1087534,0.0019927024841308594
69106,normal,340,0,1782359177.1107438,0.0019903182983398438
69107,normal,549,0,1782359177.112735,0.00199127197265625
69108,normal,1781,0,1782359177.1147656,0.002030611038208008
69109,normal,2277,0,1782359177.1167629,0.001997232437133789
69110,normal,196,0,1782359177.1187654,0.0020024776458740234
69111,normal,405,0,1782359177.1210558,0.002290487289428711
69112,normal,1069,0,1782359177.1229472,0.0018913745880126953
69113,normal,1258,0,1782359177.1247723,0.001825094223022461
69114,normal,58,0,1782359177.1267438,0.0019714832305908203
69115,normal,705,0,1782359177.128792,0.0020482540130615234
69116,normal,3459,0,1782359177.130788,0.0019960403442382812
69117,normal,1773,0,1782359177.1328373,0.0020492076873779297
69118,normal,801,2,1782359177.1348696,0.0020322799682617188
69119,normal,3707,0,1782359177.1367838,0.0019142627716064453
69120,normal,1620,0,1782359177.1387699,0.0019860267639160156
69121,normal,3473,0,1782359177.1407819,0.002012014389038086
69122,normal,784,2,1782359177.1427941,0.0020122528076171875
69123,normal,2232,0,1782359177.144798,0.002003908157348633
69124,normal,897,2,1782359177.1468258,0.002027750015258789
69125,normal,2995,0,1782359177.148749,0.0019233226776123047
69126,normal,2506,0,1782359177.1507783,0.0020291805267333984
69127,normal,1502,0,1782359177.1530051,0.0022268295288085938
69128,normal,1219,0,1782359177.1552577,0.0022525787353515625
69129,normal,3014,0,1782359177.156769,0.0015113353729248047
69130,normal,1492,0,1782359177.1586938,0.001924753189086914
69131,normal,573,0,1782359177.160819,0.002125263214111328
69132,normal,2181,0,1782359177.1628325,0.0020134449005126953
69133,normal,940,2,1782359177.1648283,0.0019958019256591797
69134,normal,38,0,1782359177.1669226,0.002094268798828125
69135,normal,3147,1,1782359177.168853,0.0019304752349853516
69136,normal,1633,0,1782359177.1707158,0.0018627643585205078
69137,normal,3115,1,1782359177.1732304,0.0025146007537841797
69138,normal,2155,0,1782359177.1747909,0.0015604496002197266
69139,normal,1660,0,1782359177.1766949,0.0019040107727050781
69140,normal,1242,0,1782359177.178815,0.0021200180053710938
69141,normal,3411,0,1782359177.1808164,0.002001523971557617
69142,normal,2002,0,1782359177.1827369,0.001920461654663086
69143,normal,2260,0,1782359177.1848063,0.0020694732666015625
69144,normal,197,0,1782359177.186815,0.002008676528930664
69145,normal,3404,0,1782359177.1887388,0.0019237995147705078
69146,normal,442,0,1782359177.1908255,0.002086639404296875
69147,normal,3531,0,1782359177.1928365,0.0020110607147216797
69148,normal,2992,0,1782359177.1947894,0.0019528865814208984
69149,normal,1701,0,1782359177.1967852,0.0019958019256591797
69150,normal,722,0,1782359177.1988213,0.0020360946655273438
69151,normal,456,0,1782359177.200763,0.001941680908203125
69152,normal,329,0,1782359177.2028558,0.0020928382873535156
69153,normal,2712,0,1782359177.2047675,0.0019116401672363281
69154,normal,1785,0,1782359177.2067852,0.0020177364349365234
69155,normal,1235,0,1782359177.2088156,0.0020303726196289062
69156,normal,537,0,1782359177.210797,0.001981496810913086
69157,normal,2887,0,1782359177.2127192,0.0019221305847167969
69158,normal,59,0,1782359177.2148414,0.002122163772583008
69159,normal,2827,0,1782359177.2168384,0.0019969940185546875
69160,normal,1174,0,1782359177.2187514,0.0019130706787109375
69161,normal,3321,1,1782359177.2208507,0.002099275588989258
69162,normal,2826,0,1782359177.222902,0.0020513534545898438
69163,normal,1095,0,1782359177.22474,0.0018379688262939453
69164,normal,1081,0,1782359177.2268267,0.002086639404296875
69165,normal,2589,0,1782359177.228854,0.002027273178100586
69166,normal,1876,0,1782359177.2307355,0.0018815994262695312
69167,normal,1535,0,1782359177.2328272,0.002091646194458008
69168,normal,2986,0,1782359177.2348585,0.0020313262939453125
69169,normal,2339,0,1782359177.236776,0.0019176006317138672
69170,normal,2398,0,1782359177.2388139,0.0020377635955810547
69171,normal,2741,0,1782359177.240785,0.001971006393432617
69172,normal,1285,0,1782359177.2427728,0.001987934112548828
69173,normal,2717,0,1782359177.2447617,0.0019888877868652344
69174,normal,2514,0,1782359177.2467628,0.002001047134399414
69175,normal,1162,0,1782359177.2487233,0.0019605159759521484
69176,normal,1047,0,1782359177.250728,0.0020046234130859375
69177,normal,1908,0,1782359177.2527375,0.0020096302032470703
69178,normal,1543,0,1782359177.25499,0.0022525787353515625
69179,normal,2482,0,1782359177.2567213,0.0017311573028564453
69180,normal,666,0,1782359177.2588072,0.0020859241485595703
69181,normal,1167,0,1782359177.2607546,0.0019474029541015625
69182,normal,2053,0,1782359177.2628279,0.0020732879638671875
69183,normal,458,0,1782359177.264762,0.001934051513671875
69184,normal,1255,0,1782359177.2667847,0.0020227432250976562
69185,normal,1283,0,1782359177.2688787,0.0020940303802490234
69186,normal,503,0,1782359177.2707298,0.0018510818481445312
69187,normal,1267,0,1782359177.2727253,0.001995563507080078
69188,normal,1187,0,1782359177.274719,0.0019936561584472656
69189,normal,3610,0,1782359177.2767246,0.0020055770874023438
69190,normal,86,0,1782359177.2787464,0.00202178955078125
69191,normal,1076,0,1782359177.2807322,0.001985788345336914
69192,normal,33,0,1782359177.2828047,0.002072572708129883
69193,normal,601,0,1782359177.284748,0.001943349838256836
69194,normal,3407,0,1782359177.2868462,0.00209808349609375
69195,normal,2340,0,1782359177.2895448,0.002698659896850586
69196,normal,180,0,1782359177.291071,0.0015261173248291016
69197,normal,453,0,1782359177.29278,0.001708984375
69198,normal,3357,1,1782359177.2948732,0.0020933151245117188
69199,normal,2019,0,1782359177.2967618,0.0018885135650634766
69200,normal,2870,0,1782359177.298869,0.0021071434020996094
69201,normal,2869,0,1782359177.300997,0.002128124237060547
69202,normal,3133,1,1782359177.3028815,0.00188446044921875
69203,normal,1740,0,1782359177.3048658,0.0019843578338623047
69204,normal,1945,0,1782359177.3068442,0.0019783973693847656
69205,normal,3245,1,1782359177.3087463,0.0019021034240722656
69206,normal,881,2,1782359177.310866,0.002119779586791992
69207,normal,984,2,1782359177.3128633,0.001997232437133789
69208,normal,3176,1,1782359177.3147986,0.0019352436065673828
69209,normal,2101,0,1782359177.3168936,0.0020949840545654297
69210,normal,3142,1,1782359177.3188663,0.001972675323486328
69211,normal,1661,0,1782359177.3207757,0.001909494400024414
69212,normal,1154,0,1782359177.3234358,0.002660036087036133
69213,normal,1942,0,1782359177.3253417,0.0019059181213378906
69214,normal,3261,1,1782359177.32675,0.0014083385467529297
69215,normal,2191,0,1782359177.3288517,0.0021016597747802734
69216,normal,672,0,1782359177.330896,0.002044200897216797
69217,normal,20,0,1782359177.3328156,0.0019197463989257812
69218,normal,1264,0,1782359177.3349636,0.0021479129791259766
69219,normal,2924,0,1782359177.336965,0.002001523971557617
69220,normal,884,2,1782359177.3389628,0.001997709274291992
69221,normal,2345,0,1782359177.3407564,0.0017936229705810547
69222,normal,3300,1,1782359177.343007,0.00225067138671875
69223,normal,2462,0,1782359177.3448994,0.0018923282623291016
69224,normal,2695,0,1782359177.346845,0.00194549560546875
69225,normal,3567,0,1782359177.3489234,0.002078533172607422
69226,normal,1632,0,1782359177.350877,0.001953601837158203
69227,normal,2438,0,1782359177.3527935,0.0019164085388183594
69228,normal,797,2,1782359177.3549235,0.0021300315856933594
69229,normal,3628,0,1782359177.3567603,0.0018367767333984375
69230,normal,1678,0,1782359177.3588827,0.0021224021911621094
69231,normal,315,0,1782359177.360872,0.0019893646240234375
69232,normal,768,0,1782359177.3627734,0.001901388168334961
69233,normal,56,0,1782359177.3649127,0.0021393299102783203
69234,normal,2739,0,1782359177.366944,0.0020313262939453125
69235,normal,2543,0,1782359177.3687837,0.0018396377563476562
69236,normal,2690,0,1782359177.3708687,0.002084970474243164
69237,normal,509,0,1782359177.3729012,0.0020325183868408203
69238,normal,762,0,1782359177.3747985,0.0018973350524902344
69239,normal,1435,0,1782359177.3769565,0.002157926559448242
69240,normal,2067,0,1782359177.3787653,0.0018088817596435547
69241,normal,1604,0,1782359177.380861,0.0020956993103027344
69242,normal,1731,0,1782359177.3827584,0.0018973350524902344
69243,normal,462,0,1782359177.3848543,0.002095937728881836
69244,normal,2431,0,1782359177.386752,0.001897573471069336
69245,normal,860,2,1782359177.3888507,0.0020987987518310547
69246,normal,2775,0,1782359177.3908768,0.002026081085205078
69247,normal,1782,0,1782359177.3927605,0.0018837451934814453
69248,normal,2363,0,1782359177.394873,0.0021123886108398438
69249,normal,783,2,1782359177.3970468,0.002173900604248047
69250,normal,3588,0,1782359177.3987544,0.0017075538635253906
69251,normal,148,0,1782359177.4008446,0.0020902156829833984
69252,normal,1830,0,1782359177.4028502,0.0020055770874023438
69253,normal,1631,0,1782359177.4047425,0.0018923282623291016
69254,normal,781,2,1782359177.4068637,0.0021212100982666016
69255,normal,1692,0,1782359177.4088542,0.0019905567169189453
69256,normal,2536,0,1782359177.4107702,0.0019159317016601562
69257,normal,3340,1,1782359177.412903,0.002132892608642578
69258,normal,3625,0,1782359177.414919,0.002015829086303711
69259,normal,2890,0,1782359177.4168537,0.0019347667694091797
69260,normal,558,0,1782359177.418906,0.00205230712890625
69261,normal,1720,0,1782359177.4208717,0.001965761184692383
69262,normal,714,0,1782359177.4228756,0.002003908157348633
69263,normal,3167,1,1782359177.4247615,0.0018858909606933594
69264,normal,3579,0,1782359177.4268458,0.0020842552185058594
69265,normal,2488,0,1782359177.4287403,0.0018944740295410156
69266,normal,2352,0,1782359177.4308407,0.0021004676818847656
69267,normal,491,0,1782359177.4331386,0.0022978782653808594
69268,normal,2813,0,1782359177.4347868,0.0016481876373291016
69269,normal,2030,0,1782359177.4369183,0.0021314620971679688
69270,normal,81,0,1782359177.439009,0.0020906925201416016
69271,normal,2658,0,1782359177.4408302,0.001821279525756836
69272,normal,3389,1,1782359177.4429684,0.0021381378173828125
69273,normal,191,0,1782359177.4448042,0.0018358230590820312
69274,normal,489,0,1782359177.446959,0.002154827117919922
69275,normal,3249,1,1782359177.4489045,0.00194549560546875
69276,normal,1421,0,1782359177.450801,0.0018963813781738281
69277,normal,3302,1,1782359177.452734,0.0019330978393554688
69278,normal,169,0,1782359177.4548352,0.0021011829376220703
69279,normal,1281,0,1782359177.4568443,0.002009153366088867
69280,normal,245,0,1782359177.4588666,0.002022266387939453
69281,normal,2648,0,1782359177.4607246,0.0018579959869384766
69282,normal,353,0,1782359177.4628122,0.0020875930786132812
69283,normal,3571,0,1782359177.4647038,0.0018916130065917969
69284,normal,1517,0,1782359177.466778,0.0020742416381835938
69285,normal,202,0,1782359177.468993,0.0022149085998535156
69286,normal,734,0,1782359177.471096,0.002103090286254883
69287,normal,2596,0,1782359177.4727955,0.0016994476318359375
69288,normal,2666,0,1782359177.4747927,0.001997232437133789
69289,normal,978,2,1782359177.4767897,0.0019969940185546875
69290,normal,2711,0,1782359177.4787998,0.0020101070404052734
69291,normal,1378,1,1782359177.4808018,0.0020020008087158203
69292,normal,2064,0,1782359177.482925,0.002123117446899414
69293,normal,2315,0,1782359177.4847572,0.0018322467803955078
69294,normal,1207,0,1782359177.486803,0.002045869827270508
69295,normal,806,2,1782359177.4887934,0.0019903182983398438
69296,normal,1480,0,1782359177.490797,0.0020036697387695312
69297,normal,1822,0,1782359177.4928098,0.0020127296447753906
69298,normal,2151,0,1782359177.4947295,0.0019197463989257812
69299,normal,3529,0,1782359177.4970033,0.0022737979888916016
69300,normal,2444,0,1782359177.4988332,0.0018298625946044922
69301,normal,3663,0,1782359177.5008044,0.0019712448120117188
69302,normal,113,0,1782359177.5028806,0.0020761489868164062
69303,normal,920,2,1782359177.5048296,0.0019490718841552734
69304,normal,1902,0,1782359177.506832,0.002002239227294922
69305,normal,1406,0,1782359177.5088885,0.002056598663330078
69306,normal,2631,0,1782359177.5109894,0.0021009445190429688
69307,normal,210,0,1782359177.5128453,0.0018558502197265625
69308,normal,849,2,1782359177.5147865,0.0019412040710449219
69309,normal,950,2,1782359177.5168934,0.002106904983520508
69310,normal,1319,1,1782359177.5188541,0.00196075439453125
69311,normal,154,0,1782359177.5207384,0.0018842220306396484
69312,normal,2070,0,1782359177.5228283,0.002089977264404297
69313,normal,3253,1,1782359177.5247693,0.0019409656524658203
69314,normal,2143,0,1782359177.5268264,0.0020570755004882812
69315,normal,2089,0,1782359177.5288022,0.0019757747650146484
69316,normal,2991,0,1782359177.530817,0.0020148754119873047
69317,normal,991,2,1782359177.5327296,0.0019125938415527344
69318,normal,1645,0,1782359177.5347948,0.0020651817321777344
69319,normal,621,0,1782359177.5368032,0.0020084381103515625
69320,normal,1916,0,1782359177.538819,0.002015829086303711
69321,normal,1943,0,1782359177.5408409,0.00202178955078125
69322,normal,293,0,1782359177.5427768,0.0019359588623046875
69323,normal,1140,0,1782359177.544779,0.002002239227294922
69324,normal,924,2,1782359177.546824,0.0020449161529541016
69325,normal,2575,0,1782359177.5487654,0.0019414424896240234
69326,normal,3025,0,1782359177.5508406,0.0020751953125
69327,normal,2844,0,1782359177.552844,0.0020034313201904297
69328,normal,1211,0,1782359177.5547156,0.0018715858459472656
69329,normal,604,0,1782359177.5568144,0.0020987987518310547
69330,normal,1237,0,1782359177.5588017,0.0019872188568115234
69331,normal,3224,1,1782359177.5607216,0.0019199848175048828
69332,normal,2820,0,1782359177.5627975,0.0020759105682373047
69333,normal,22,0,1782359177.564817,0.0020194053649902344
69334,normal,2644,0,1782359177.5667398,0.0019228458404541016
69335,normal,112,0,1782359177.568809,0.002069234848022461
69336,normal,3618,0,1782359177.57084,0.0020308494567871094
69337,normal,688,0,1782359177.572755,0.0019152164459228516
69338,normal,1792,0,1782359177.5747979,0.0020427703857421875
69339,normal,3285,1,1782359177.5767953,0.0019974708557128906
69340,normal,1212,0,1782359177.5787935,0.0019981861114501953
69341,normal,1299,0,1782359177.5807276,0.001934051513671875
69342,normal,712,0,1782359177.582794,0.002066373825073242
69343,normal,1233,0,1782359177.584746,0.0019519329071044922
69344,normal,1120,0,1782359177.586835,0.0020890235900878906
69345,normal,3630,0,1782359177.5888336,0.0019986629486083984
69346,normal,701,0,1782359177.5907876,0.0019540786743164062
69347,normal,541,0,1782359177.5928168,0.0020291805267333984
69348,normal,1595,0,1782359177.5948112,0.0019943714141845703
69349,normal,255,0,1782359177.5967417,0.0019304752349853516
69350,normal,979,2,1782359177.5988054,0.002063751220703125
69351,normal,2509,0,1782359177.6007829,0.0019774436950683594
69352,normal,1912,0,1782359177.6027822,0.001999378204345703
69353,normal,823,2,1782359177.6047802,0.0019979476928710938
69354,normal,2091,0,1782359177.6068816,0.002101421356201172
69355,normal,3482,0,1782359177.608778,0.0018963813781738281
69356,normal,2490,0,1782359177.6108334,0.0020554065704345703
69357,normal,2142,0,1782359177.6129236,0.0020902156829833984
69358,normal,1721,0,1782359177.6147957,0.0018720626831054688
69359,normal,3065,1,1782359177.6168728,0.0020771026611328125
69360,normal,1993,0,1782359177.6188388,0.0019659996032714844
69361,normal,3286,1,1782359177.620804,0.0019652843475341797
69362,normal,2378,0,1782359177.6229627,0.002158641815185547
69363,normal,1343,1,1782359177.6247253,0.0017626285552978516
69364,normal,2843,0,1782359177.626788,0.002062559127807617
69365,normal,2683,0,1782359177.6287758,0.001987934112548828
69366,normal,3254,1,1782359177.6307786,0.002002716064453125
69367,normal,3303,1,1782359177.6328304,0.002051830291748047
69368,normal,1476,0,1782359177.6347046,0.0018742084503173828
69369,normal,810,2,1782359177.6367757,0.0020711421966552734
69370,normal,654,0,1782359177.638772,0.001996278762817383
69371,normal,665,0,1782359177.6407738,0.0020017623901367188
69372,normal,2723,0,1782359177.6431506,0.0023767948150634766
69373,normal,1298,0,1782359177.6449208,0.0017702579498291016
69374,normal,2878,0,1782359177.6467946,0.0018737316131591797
69375,normal,3417,0,1782359177.6487894,0.0019948482513427734
69376,normal,640,0,1782359177.6507933,0.002003908157348633
69377,normal,2122,0,1782359177.6528037,0.002010345458984375
69378,normal,174,0,1782359177.6547964,0.0019927024841308594
69379,normal,691,0,1782359177.6569152,0.002118825912475586
69380,normal,1216,0,1782359177.6587613,0.0018460750579833984
69381,normal,3415,0,1782359177.6607854,0.0020241737365722656
69382,normal,343,0,1782359177.6627905,0.0020051002502441406
69383,normal,1177,0,1782359177.6647913,0.0020008087158203125
69384,normal,2825,0,1782359177.6668067,0.002015352249145508
69385,normal,2937,0,1782359177.6687508,0.0019440650939941406
69386,normal,1944,0,1782359177.6708348,0.002084016799926758
69387,normal,1562,0,1782359177.673596,0.0027611255645751953
69388,normal,3203,1,1782359177.6747825,0.0011866092681884766
69389,normal,137,0,1782359177.6767879,0.002005338668823242
69390,normal,2207,0,1782359177.6792223,0.0024344921112060547
69391,normal,3623,0,1782359177.681321,0.002098560333251953
69392,normal,1367,1,1782359177.682739,0.0014181137084960938
69393,normal,2714,0,1782359177.6847706,0.002031564712524414
69394,normal,3110,1,1782359177.686854,0.002083301544189453
69395,normal,1641,0,1782359177.68876,0.0019061565399169922
69396,normal,588,0,1782359177.6908932,0.0021331310272216797
69397,normal,3212,1,1782359177.6927888,0.0018956661224365234
69398,normal,2862,0,1782359177.694973,0.002184152603149414
69399,normal,2672,0,1782359177.6968899,0.0019168853759765625
69400,normal,3168,1,1782359177.6989708,0.0020809173583984375
69401,normal,644,0,1782359177.7010188,0.002048015594482422
69402,normal,1734,0,1782359177.7027497,0.0017309188842773438
69403,normal,851,2,1782359177.7047763,0.0020265579223632812
69404,normal,1878,0,1782359177.70672,0.001943826675415039
69405,normal,448,0,1782359177.7088196,0.0020995140075683594
69406,normal,2499,0,1782359177.7107363,0.001916646957397461
69407,normal,97,0,1782359177.7128007,0.0020644664764404297
69408,normal,764,0,1782359177.7147996,0.0019989013671875
69409,normal,568,0,1782359177.716804,0.002004384994506836
69410,normal,1457,0,1782359177.718832,0.0020279884338378906
69411,normal,2337,0,1782359177.720833,0.002001047134399414
69412,normal,3029,0,1782359177.7227902,0.0019571781158447266
69413,normal,3056,1,1782359177.7248406,0.0020503997802734375
69414,normal,224,0,1782359177.7268085,0.001967906951904297
69415,normal,527,0,1782359177.728821,0.002012491226196289
69416,normal,1313,0,1782359177.7307787,0.0019576549530029297
69417,normal,1592,0,1782359177.7328787,0.0020999908447265625
69418,normal,3239,1,1782359177.7347388,0.0018601417541503906
69419,normal,1817,0,1782359177.7368176,0.0020787715911865234
69420,normal,1975,0,1782359177.7388058,0.0019881725311279297
69421,normal,386,0,1782359177.7407303,0.0019245147705078125
69422,normal,3157,1,1782359177.7427943,0.0020639896392822266
69423,normal,3513,0,1782359177.7447948,0.002000570297241211
69424,normal,1412,0,1782359177.746808,0.0020132064819335938
69425,normal,2606,0,1782359177.7487974,0.0019893646240234375
69426,normal,2600,0,1782359177.7508066,0.002009153366088867
69427,normal,1078,0,1782359177.752891,0.002084493637084961
69428,normal,3026,0,1782359177.7547996,0.0019085407257080078
69429,normal,711,0,1782359177.7568004,0.0020008087158203125
69430,normal,3564,0,1782359177.758794,0.0019936561584472656
69431,normal,1585,0,1782359177.7608669,0.0020728111267089844
69432,normal,2805,0,1782359177.7627897,0.0019228458404541016
69433,normal,370,0,1782359177.7647088,0.0019190311431884766
69434,normal,2531,0,1782359177.766774,0.0020651817321777344
69435,normal,305,0,1782359177.768773,0.0019991397857666016
69436,normal,2236,0,1782359177.7707996,0.0020265579223632812
69437,normal,771,0,1782359177.7727833,0.001983642578125
69438,normal,639,0,1782359177.7747703,0.001986980438232422
69439,normal,3040,0,1782359177.776747,0.0019767284393310547
69440,normal,1579,0,1782359177.7787676,0.002020597457885742
69441,normal,52,0,1782359177.780753,0.001985311508178711
69442,normal,2139,0,1782359177.782733,0.0019800662994384766
69443,normal,1491,0,1782359177.7847288,0.0019958019256591797
69444,normal,744,0,1782359177.7867308,0.0020020008087158203
69445,normal,3481,0,1782359177.7888055,0.002074718475341797
69446,normal,536,0,1782359177.7907329,0.0019273757934570312
69447,normal,1814,0,1782359177.7927668,0.0020339488983154297
69448,normal,455,0,1782359177.794831,0.002064228057861328
69449,normal,1420,0,1782359177.7967663,0.0019352436065673828
69450,normal,2854,0,1782359177.7987916,0.0020253658294677734
69451,normal,571,0,1782359177.8007832,0.0019915103912353516
69452,normal,2124,0,1782359177.802807,0.002023935317993164
69453,normal,2808,0,1782359177.8048382,0.002031087875366211
69454,normal,1486,0,1782359177.8067312,0.0018930435180664062
69455,normal,1848,0,1782359177.8087313,0.002000093460083008
69456,normal,409,0,1782359177.810724,0.0019927024841308594
69457,normal,1449,0,1782359177.8127234,0.001999378204345703
69458,normal,1191,0,1782359177.8147569,0.0020334720611572266
69459,normal,1956,0,1782359177.8167224,0.0019655227661132812
69460,normal,2538,0,1782359177.818722,0.0019996166229248047
69461,normal,2354,0,1782359177.8207178,0.0019958019256591797
69462,normal,298,0,1782359177.8227198,0.0020020008087158203
69463,normal,3296,1,1782359177.8248947,0.002174854278564453
69464,normal,2522,0,1782359177.8268895,0.0019948482513427734
69465,normal,3686,0,1782359177.8287718,0.001882314682006836
69466,normal,431,0,1782359177.8308408,0.0020689964294433594
69467,normal,1488,0,1782359177.8327117,0.001870870590209961
69468,normal,987,2,1782359177.834744,0.0020322799682617188
69469,normal,2742,0,1782359177.8367474,0.0020034313201904297
69470,normal,1413,0,1782359177.8388119,0.0020644664764404297
69471,normal,1126,0,1782359177.840756,0.0019440650939941406
69472,normal,402,0,1782359177.8427355,0.0019795894622802734
69473,normal,3361,1,1782359177.8447483,0.0020127296447753906
69474,normal,3647,0,1782359177.8467517,0.0020034313201904297
69475,normal,1940,0,1782359177.8487513,0.0019996166229248047
69476,normal,2611,0,1782359177.850769,0.0020177364349365234
69477,normal,2357,0,1782359177.8527672,0.0019981861114501953
69478,normal,2917,0,1782359177.8547587,0.0019915103912353516
69479,normal,618,0,1782359177.856741,0.0019822120666503906
69480,normal,273,0,1782359177.8589458,0.00220489501953125
69481,normal,2008,0,1782359177.8614557,0.0025098323822021484
69482,normal,885,2,1782359177.8627505,0.001294851303100586
69483,normal,1548,0,1782359177.8648415,0.002090930938720703
69484,normal,2188,0,1782359177.8667946,0.001953125
69485,normal,1607,0,1782359177.8689003,0.002105712890625
69486,normal,1667,0,1782359177.8708494,0.0019490718841552734
69487,normal,1500,0,1782359177.8729508,0.002101421356201172
69488,normal,1055,0,1782359177.8750648,0.0021140575408935547
69489,normal,1381,1,1782359177.876777,0.0017120838165283203
69490,normal,2276,0,1782359177.8791385,0.0023615360260009766
69491,normal,269,0,1782359177.8810818,0.001943349838256836
69492,normal,3391,1,1782359177.882773,0.0016911029815673828
69493,normal,973,2,1782359177.8848374,0.0020644664764404297
69494,normal,2217,0,1782359177.886743,0.001905679702758789
69495,normal,3236,1,1782359177.8888755,0.002132415771484375
69496,normal,1976,0,1782359177.890763,0.0018875598907470703
69497,normal,2416,0,1782359177.89288,0.0021169185638427734
69498,normal,3097,1,1782359177.8948586,0.001978635787963867
69499,normal,3006,0,1782359177.896761,0.0019023418426513672
69500,normal,1819,0,1782359177.8988779,0.0021169185638427734
69501,normal,1974,0,1782359177.9009187,0.002040863037109375
69502,normal,3421,0,1782359177.9028153,0.0018966197967529297
69503,normal,779,2,1782359177.904896,0.002080678939819336
69504,normal,2902,0,1782359177.9068613,0.0019652843475341797
69505,normal,1172,0,1782359177.908779,0.0019176006317138672
69506,normal,1784,0,1782359177.910962,0.002183198928833008
69507,normal,2479,0,1782359177.9128244,0.0018622875213623047
69508,normal,883,2,1782359177.9148731,0.0020487308502197266
69509,normal,2774,0,1782359177.9167497,0.0018765926361083984
69510,normal,2815,0,1782359177.9188635,0.002113819122314453
69511,normal,638,0,1782359177.920749,0.0018854141235351562
69512,normal,1058,0,1782359177.9228513,0.002102375030517578
69513,normal,228,0,1782359177.9248476,0.001996278762817383
69514,normal,1404,0,1782359177.9267502,0.0019025802612304688
69515,normal,2892,0,1782359177.9288702,0.0021200180053710938
69516,normal,2735,0,1782359177.9308841,0.0020139217376708984
69517,normal,3058,1,1782359177.932816,0.001931905746459961
69518,normal,3703,0,1782359177.9348586,0.002042531967163086
69519,normal,2963,0,1782359177.9368527,0.0019941329956054688
69520,normal,554,0,1782359177.9387429,0.0018901824951171875
69521,normal,2607,0,1782359177.9408507,0.002107858657836914
69522,normal,2997,0,1782359177.9428473,0.0019965171813964844
69523,normal,1251,0,1782359177.944739,0.0018918514251708984
69524,normal,1521,0,1782359177.9468927,0.002153635025024414
69525,normal,306,0,1782359177.9489086,0.002015829086303711
69526,normal,129,0,1782359177.9508188,0.0019102096557617188
69527,normal,2215,0,1782359177.9529483,0.0021295547485351562
69528,normal,451,0,1782359177.9548745,0.0019261837005615234
69529,normal,208,0,1782359177.9567692,0.0018947124481201172
69530,normal,2346,0,1782359177.95892,0.0021507740020751953
69531,normal,394,0,1782359177.9608517,0.0019316673278808594
69532,normal,495,0,1782359177.9627376,0.0018858909606933594
69533,normal,82,0,1782359177.96485,0.0021123886108398438
69534,normal,3678,0,1782359177.9668438,0.001993894577026367
69535,normal,1347,1,1782359177.9688709,0.0020270347595214844
69536,normal,746,0,1782359177.9708452,0.001974344253540039
69537,normal,348,0,1782359177.9729245,0.0020792484283447266
69538,normal,3047,1,1782359177.9748368,0.0019123554229736328
69539,normal,2537,0,1782359177.9772015,0.002364635467529297
69540,normal,312,0,1782359177.9787931,0.0015916824340820312
69541,normal,612,0,1782359177.9809918,0.0021986961364746094
69542,normal,975,2,1782359177.982868,0.0018761157989501953
69543,normal,1635,0,1782359177.9849157,0.0020477771759033203
69544,normal,676,0,1782359177.9867382,0.0018224716186523438
69545,normal,3602,0,1782359177.988841,0.0021028518676757812
69546,normal,1657,0,1782359177.9908328,0.001991748809814453
69547,normal,3192,1,1782359177.9927745,0.001941680908203125
69548,normal,307,0,1782359177.9948575,0.0020830631256103516
69549,normal,1651,0,1782359177.996835,0.0019774436950683594
69550,normal,437,0,1782359177.9987273,0.0018923282623291016
69551,normal,1266,0,1782359178.0008302,0.0021028518676757812
69552,normal,2433,0,1782359178.002842,0.0020117759704589844
69553,normal,515,0,1782359178.0054615,0.002619504928588867
69554,normal,1318,0,1782359178.0069811,0.0015196800231933594
69555,normal,1190,0,1782359178.0088773,0.0018961429595947266
69556,normal,3024,0,1782359178.010747,0.0018696784973144531
69557,normal,2569,0,1782359178.0128622,0.0021152496337890625
69558,normal,3496,0,1782359178.0148592,0.0019969940185546875
69559,normal,677,0,1782359178.0168405,0.0019812583923339844
69560,normal,3149,1,1782359178.0189545,0.0021140575408935547
69561,normal,354,0,1782359178.020853,0.0018985271453857422
69562,normal,2647,0,1782359178.022741,0.0018880367279052734
69563,normal,2959,0,1782359178.0248492,0.0021080970764160156
69564,normal,2983,0,1782359178.026852,0.002002716064453125
69565,normal,2127,0,1782359178.028754,0.0019021034240722656
69566,normal,2041,0,1782359178.0309892,0.0022351741790771484
69567,normal,3035,0,1782359178.0330238,0.0020346641540527344
69568,normal,2895,0,1782359178.0348337,0.001809835433959961
69569,normal,1573,0,1782359178.0369647,0.0021309852600097656
69570,normal,104,0,1782359178.038988,0.002023458480834961
69571,normal,933,2,1782359178.040861,0.0018727779388427734
69572,normal,626,0,1782359178.0428724,0.002011537551879883
69573,normal,2441,0,1782359178.0451777,0.002305269241333008
69574,normal,2936,0,1782359178.0469725,0.0017948150634765625
69575,normal,3268,1,1782359178.0487695,0.0017969608306884766
69576,normal,1532,0,1782359178.0510066,0.002237081527709961
69577,normal,2469,0,1782359178.0532985,0.0022919178009033203
69578,normal,3458,0,1782359178.054789,0.0014905929565429688
69579,normal,2872,0,1782359178.0569577,0.0021686553955078125
69580,normal,1376,1,1782359178.058746,0.0017883777618408203
69581,normal,2931,0,1782359178.06079,0.0020439624786376953
69582,normal,1967,0,1782359178.0628903,0.002100229263305664
69583,normal,1789,0,1782359178.0647726,0.001882314682006836
69584,normal,1450,0,1782359178.0668707,0.00209808349609375
69585,normal,3476,0,1782359178.0688705,0.0019998550415039062
69586,normal,1963,0,1782359178.070748,0.0018775463104248047
69587,normal,2790,0,1782359178.0728703,0.002122163772583008
69588,normal,1948,0,1782359178.0748057,0.0019354820251464844
69589,normal,3645,0,1782359178.0768597,0.002053976058959961
69590,normal,3034,0,1782359178.0789287,0.0020689964294433594
69591,normal,1921,0,1782359178.0808501,0.0019214153289794922
69592,normal,731,0,1782359178.08277,0.0019199848175048828
69593,normal,1914,0,1782359178.08491,0.0021398067474365234
69594,normal,1401,0,1782359178.08693,0.002020120620727539
69595,normal,1359,1,1782359178.08882,0.001889944076538086
69596,normal,3576,0,1782359178.0908341,0.00201416015625
69597,normal,2755,0,1782359178.0928535,0.0020194053649902344
69598,normal,2504,0,1782359178.0947492,0.0018956661224365234
69599,normal,2364,0,1782359178.096845,0.0020956993103027344
69600,normal,2502,0,1782359178.0988533,0.0020084381103515625
69601,normal,887,2,1782359178.1007528,0.0018994808197021484
69602,normal,2129,0,1782359178.1028583,0.0021054744720458984
69603,normal,1289,0,1782359178.1048717,0.0020134449005126953
69604,normal,2170,0,1782359178.1067588,0.0018870830535888672
69605,normal,30,0,1782359178.1089103,0.0021514892578125
69606,normal,2948,0,1782359178.1108842,0.001973867416381836
69607,normal,804,2,1782359178.1127458,0.001861572265625
69608,normal,839,2,1782359178.1148336,0.002087831497192383
69609,normal,1733,0,1782359178.116797,0.001963376998901367
69610,normal,3191,1,1782359178.1187897,0.0019927024841308594
69611,normal,1260,0,1782359178.120806,0.002016305923461914
69612,normal,1063,0,1782359178.1228216,0.0020155906677246094
69613,normal,753,0,1782359178.1247792,0.0019576549530029297
69614,normal,2251,0,1782359178.1268647,0.002085447311401367
69615,normal,1238,0,1782359178.1288195,0.001954793930053711
69616,normal,3655,0,1782359178.1307464,0.0019268989562988281
69617,normal,1675,0,1782359178.1328146,0.0020682811737060547
69618,normal,931,2,1782359178.1348083,0.0019936561584472656
69619,normal,3283,1,1782359178.136717,0.0019087791442871094
69620,normal,2443,0,1782359178.1387866,0.0020694732666015625
69621,normal,2703,0,1782359178.1407862,0.0019996166229248047
69622,normal,1010,2,1782359178.1428566,0.0020704269409179688
69623,normal,1896,0,1782359178.144769,0.0019123554229736328
69624,normal,3538,0,1782359178.1468356,0.0020666122436523438
69625,normal,591,0,1782359178.1488564,0.0020208358764648438
69626,normal,2182,0,1782359178.1508555,0.0019991397857666016
69627,normal,1106,0,1782359178.1528628,0.0020072460174560547
69628,normal,1715,0,1782359178.1547775,0.0019147396087646484
69629,normal,821,2,1782359178.156876,0.002098560333251953
69630,normal,1166,0,1782359178.158922,0.002045869827270508
69631,normal,3351,1,1782359178.160726,0.0018041133880615234
69632,normal,425,0,1782359178.162803,0.002076864242553711
69633,normal,635,0,1782359178.1647818,0.0019788742065429688
69634,normal,3651,0,1782359178.1667154,0.0019335746765136719
69635,normal,3617,0,1782359178.168867,0.0021517276763916016
69636,normal,2740,0,1782359178.1707742,0.0019071102142333984
69637,normal,2626,0,1782359178.1727934,0.002019166946411133
69638,normal,1694,0,1782359178.1747746,0.0019812583923339844
69639,normal,3593,0,1782359178.1767764,0.0020017623901367188
69640,normal,152,0,1782359178.178916,0.002139568328857422
69641,normal,2785,0,1782359178.1810017,0.0020856857299804688
69642,normal,1222,0,1782359178.1827762,0.0017745494842529297
69643,normal,824,2,1782359178.1847262,0.0019500255584716797
69644,normal,3468,0,1782359178.1867888,0.002062559127807617
69645,normal,1304,0,1782359178.1888037,0.0020148754119873047
69646,normal,1113,0,1782359178.190735,0.0019314289093017578
69647,normal,480,0,1782359178.1929286,0.002193450927734375
69648,normal,1544,0,1782359178.1947525,0.0018239021301269531
69649,normal,3649,0,1782359178.1967793,0.002026796340942383
69650,normal,115,0,1782359178.1987998,0.002020597457885742
69651,normal,1064,0,1782359178.2007945,0.001994609832763672
69652,normal,964,2,1782359178.2027385,0.0019440650939941406
69653,normal,1133,0,1782359178.2048159,0.002077341079711914
69654,normal,1116,0,1782359178.2068157,0.0019998550415039062
69655,normal,2422,0,1782359178.2088017,0.0019860267639160156
69656,normal,15,0,1782359178.2108002,0.001998424530029297
69657,normal,679,0,1782359178.21303,0.002229928970336914
69658,normal,3220,1,1782359178.2153134,0.002283334732055664
69659,normal,733,0,1782359178.2167509,0.0014374256134033203
69660,normal,796,2,1782359178.2187681,0.0020172595977783203
69661,normal,2448,0,1782359178.220828,0.0020599365234375
69662,normal,1808,0,1782359178.222773,0.0019450187683105469
69663,normal,942,2,1782359178.2248776,0.002104520797729492
69664,normal,29,0,1782359178.2267933,0.0019156932830810547
69665,normal,763,0,1782359178.2289822,0.0021889209747314453
69666,normal,1598,0,1782359178.2307436,0.0017614364624023438
69667,normal,2539,0,1782359178.2329175,0.002173900604248047
69668,normal,2044,0,1782359178.23491,0.001992464065551758
69669,normal,2356,0,1782359178.2367415,0.0018315315246582031
69670,normal,1349,1,1782359178.2387707,0.0020291805267333984
69671,normal,3570,0,1782359178.2407887,0.002017974853515625
69672,normal,2508,0,1782359178.242811,0.002022266387939453
69673,normal,1479,0,1782359178.2447338,0.0019228458404541016
69674,normal,1369,1,1782359178.2468007,0.0020668506622314453
69675,normal,622,0,1782359178.2488008,0.002000093460083008
69676,normal,2164,0,1782359178.2508025,0.0020017623901367188
69677,normal,31,0,1782359178.2528229,0.0020203590393066406
69678,normal,579,0,1782359178.2548401,0.0020172595977783203
69679,normal,3067,1,1782359178.256808,0.001967906951904297
69680,normal,3517,0,1782359178.258815,0.002007007598876953
69681,normal,323,0,1782359178.2608006,0.0019855499267578125
69682,normal,3664,0,1782359178.26283,0.0020294189453125
69683,normal,1591,0,1782359178.26478,0.0019500255584716797
69684,normal,1805,0,1782359178.2668567,0.0020766258239746094
69685,normal,36,0,1782359178.268721,0.0018644332885742188
69686,normal,6,0,1782359178.2707872,0.0020661354064941406
69687,normal,190,0,1782359178.2727916,0.002004384994506836
69688,normal,2988,0,1782359178.274882,0.0020904541015625
69689,normal,2107,0,1782359178.2768583,0.0019762516021728516
69690,normal,1560,0,1782359178.2788887,0.0020303726196289062
69691,normal,1361,1,1782359178.2807586,0.0018699169158935547
69692,normal,1022,2,1782359178.282866,0.002107381820678711
69693,normal,1279,0,1782359178.2848687,0.002002716064453125
69694,normal,1257,0,1782359178.286784,0.0019152164459228516
69695,normal,372,0,1782359178.288895,0.0021109580993652344
69696,normal,1337,1,1782359178.2908633,0.0019683837890625
69697,normal,605,0,1782359178.2927487,0.0018854141235351562
69698,normal,633,0,1782359178.2948582,0.002109527587890625
69699,normal,3679,0,1782359178.2968578,0.0019996166229248047
69700,normal,1415,0,1782359178.298751,0.0018932819366455078
69701,normal,3264,1,1782359178.3008854,0.0021343231201171875
69702,normal,3359,1,1782359178.3028967,0.0020112991333007812
69703,normal,2189,0,1782359178.3047943,0.001897573471069336
69704,normal,3573,0,1782359178.3069527,0.0021584033966064453
69705,normal,3118,1,1782359178.3089142,0.0019614696502685547
69706,normal,656,0,1782359178.3107843,0.0018701553344726562
69707,normal,3690,0,1782359178.3128834,0.0020990371704101562
69708,normal,2465,0,1782359178.3148952,0.0020117759704589844
69709,normal,2328,0,1782359178.3167386,0.0018434524536132812
69710,normal,720,0,1782359178.3188453,0.0021066665649414062
69711,normal,539,0,1782359178.3208435,0.0019981861114501953
69712,normal,3032,0,1782359178.322765,0.0019216537475585938
69713,normal,3130,1,1782359178.3249803,0.002215147018432617
69714,normal,1741,0,1782359178.326813,0.001832723617553711
69715,normal,1857,0,1782359178.3289847,0.002171754837036133
69716,normal,1563,0,1782359178.330889,0.0019042491912841797
69717,normal,1753,0,1782359178.332884,0.001995086669921875
69718,normal,3260,1,1782359178.3348246,0.0019404888153076172
69719,normal,1025,2,1782359178.3369849,0.002160310745239258
69720,normal,3371,1,1782359178.3389754,0.0019905567169189453
69721,normal,2700,0,1782359178.3407679,0.0017924308776855469
69722,normal,3229,1,1782359178.3428516,0.0020837783813476562
69723,normal,3171,1,1782359178.344778,0.001926422119140625
69724,normal,89,0,1782359178.346709,0.0019309520721435547
69725,normal,864,2,1782359178.3490055,0.00229644775390625
69726,normal,1874,0,1782359178.3507817,0.0017762184143066406
69727,normal,867,2,1782359178.3528566,0.0020749568939208984
69728,normal,2021,0,1782359178.3547091,0.0018525123596191406
69729,normal,2610,0,1782359178.3568194,0.0021102428436279297
69730,normal,1765,0,1782359178.358709,0.0018897056579589844
69731,normal,2715,0,1782359178.3613236,0.0026144981384277344
69732,normal,3673,0,1782359178.3628168,0.001493215560913086
69733,normal,3583,0,1782359178.3647392,0.0019223690032958984
69734,normal,1970,0,1782359178.366775,0.002035856246948242
69735,normal,346,0,1782359178.3687418,0.001966714859008789
69736,normal,163,0,1782359178.370746,0.0020041465759277344
69737,normal,875,2,1782359178.3728573,0.0021114349365234375
69738,normal,1473,0,1782359178.3747644,0.0019071102142333984
69739,normal,2966,0,1782359178.3767173,0.0019528865814208984
69740,normal,699,0,1782359178.3787296,0.0020122528076171875
69741,normal,2716,0,1782359178.3807564,0.002026796340942383
69742,normal,2990,0,1782359178.3827398,0.0019834041595458984
69743,normal,1839,0,1782359178.3847446,0.002004861831665039
69744,normal,2941,0,1782359178.3867598,0.0020151138305664062
69745,normal,1738,0,1782359178.3887558,0.0019960403442382812
69746,normal,3526,0,1782359178.3907487,0.001992940902709961
69747,normal,3085,1,1782359178.3928077,0.0020589828491210938
69748,normal,811,2,1782359178.395249,0.0024411678314208984
69749,normal,2807,0,1782359178.3969965,0.0017476081848144531
69750,normal,369,0,1782359178.3987322,0.001735687255859375
69751,normal,397,0,1782359178.4007406,0.0020084381103515625
69752,normal,325,0,1782359178.4027562,0.0020155906677246094
69753,normal,2548,0,1782359178.4047582,0.0020020008087158203
69754,normal,1436,0,1782359178.406777,0.0020186901092529297
69755,normal,1119,0,1782359178.408765,0.0019881725311279297
69756,normal,1178,0,1782359178.4108388,0.0020737648010253906
69757,normal,1442,0,1782359178.4127293,0.001890420913696289
69758,normal,2766,0,1782359178.4148202,0.002090930938720703
69759,normal,2567,0,1782359178.4168146,0.0019943714141845703
69760,normal,2259,0,1782359178.418735,0.001920461654663086
69761,normal,189,0,1782359178.4207568,0.00202178955078125
69762,normal,2077,0,1782359178.4227543,0.0019974708557128906
69763,normal,1778,0,1782359178.4247656,0.0020112991333007812
69764,normal,2459,0,1782359178.4267533,0.0019876956939697266
69765,normal,1918,0,1782359178.428766,0.0020127296447753906
69766,normal,143,0,1782359178.4307435,0.0019774436950683594
69767,normal,2821,0,1782359178.4327629,0.0020194053649902344
69768,normal,837,2,1782359178.4347596,0.001996755599975586
69769,normal,529,0,1782359178.4367728,0.0020132064819335938
69770,normal,1214,0,1782359178.43878,0.0020072460174560547
69771,normal,2111,0,1782359178.4407356,0.0019555091857910156
69772,normal,2403,0,1782359178.4427683,0.002032756805419922
69773,normal,1441,0,1782359178.4447672,0.0019989013671875
69774,normal,465,0,1782359178.4467735,0.0020062923431396484
69775,normal,617,0,1782359178.448777,0.0020034313201904297
69776,normal,1407,0,1782359178.4507449,0.001967906951904297
69777,normal,1824,0,1782359178.4527724,0.0020275115966796875
69778,normal,945,2,1782359178.4547482,0.0019757747650146484
69779,normal,1195,0,1782359178.4567022,0.0019540786743164062
69780,normal,2434,0,1782359178.4587448,0.002042531967163086
69781,normal,2115,0,1782359178.4607468,0.0020020008087158203
69782,normal,3698,0,1782359178.4627526,0.0020058155059814453
69783,normal,2243,0,1782359178.4647522,0.0019996166229248047
69784,normal,575,0,1782359178.4667459,0.0019936561584472656
69785,normal,3641,0,1782359178.468763,0.0020172595977783203
69786,normal,2330,0,1782359178.4707525,0.0019893646240234375
69787,normal,2557,0,1782359178.472744,0.0019915103912353516
69788,normal,2535,0,1782359178.4747477,0.0020036697387695312
69789,normal,1382,0,1782359178.4767401,0.001992464065551758
69790,normal,1603,0,1782359178.4787426,0.0020024776458740234
69791,normal,2987,0,1782359178.4807556,0.002012968063354492
69792,normal,2501,0,1782359178.4828138,0.002058267593383789
69793,normal,481,0,1782359178.4847388,0.0019249916076660156
69794,normal,651,0,1782359178.4867878,0.002048969268798828
69795,normal,3293,1,1782359178.4887629,0.0019750595092773438
69796,normal,602,0,1782359178.490762,0.0019991397857666016
69797,normal,2468,0,1782359178.4927554,0.001993417739868164
69798,normal,3277,1,1782359178.4947612,0.0020058155059814453
69799,normal,3134,1,1782359178.4967341,0.0019729137420654297
69800,normal,2894,0,1782359178.498729,0.0019948482513427734
69801,normal,84,0,1782359178.5007281,0.0019991397857666016
69802,normal,2955,0,1782359178.502788,0.0020599365234375
69803,normal,2383,0,1782359178.504741,0.0019528865814208984
69804,normal,2134,0,1782359178.5067904,0.0020494461059570312
69805,normal,1375,1,1782359178.5088122,0.00202178955078125
69806,normal,3109,1,1782359178.5108042,0.0019919872283935547
69807,normal,3604,0,1782359178.512809,0.002004861831665039
69808,normal,418,0,1782359178.514764,0.0019550323486328125
69809,normal,2455,0,1782359178.5168133,0.0020492076873779297
69810,normal,461,0,1782359178.5188053,0.0019919872283935547
69811,normal,1023,2,1782359178.520728,0.0019228458404541016
69812,normal,1643,0,1782359178.5227532,0.002025127410888672
69813,normal,3402,0,1782359178.5247242,0.001971006393432617
69814,normal,2560,0,1782359178.5267217,0.0019974708557128906
69815,normal,1840,0,1782359178.5287755,0.0020537376403808594
69816,normal,3533,0,1782359178.5307336,0.001958131790161133
69817,normal,17,0,1782359178.5327206,0.001986980438232422
69818,normal,3069,1,1782359178.534724,0.0020034313201904297
69819,normal,1247,0,1782359178.5367239,0.0019998550415039062
69820,normal,1866,0,1782359178.5388875,0.0021636486053466797
69821,normal,3326,1,1782359178.5410388,0.0021512508392333984
69822,normal,8,0,1782359178.5427446,0.0017058849334716797
69823,normal,1115,0,1782359178.5447483,0.0020036697387695312
69824,normal,3282,1,1782359178.5467434,0.001995086669921875
69825,normal,2503,0,1782359178.5487556,0.0020122528076171875
69826,normal,3551,0,1782359178.5507486,0.001992940902709961
69827,normal,479,0,1782359178.5530965,0.0023479461669921875
69828,normal,2424,0,1782359178.5547254,0.001628875732421875
69829,normal,3084,1,1782359178.5567343,0.0020089149475097656
69830,normal,16,0,1782359178.5587416,0.0020072460174560547
69831,normal,2768,0,1782359178.560738,0.0019965171813964844
69832,normal,1825,0,1782359178.5627506,0.002012491226196289
69833,normal,1035,0,1782359178.5647478,0.001997232437133789
69834,normal,3400,1,1782359178.566868,0.0021202564239501953
69835,normal,1310,0,1782359178.568792,0.0019240379333496094
69836,normal,334,0,1782359178.5707855,0.001993417739868164
69837,normal,1244,0,1782359178.5728052,0.002019643783569336
69838,normal,333,0,1782359178.5747986,0.001993417739868164
69839,normal,789,2,1782359178.5767539,0.001955270767211914
69840,normal,3578,0,1782359178.578881,0.0021271705627441406
69841,normal,404,0,1782359178.5809093,0.002028226852416992
69842,normal,3453,0,1782359178.5828207,0.0019114017486572266
69843,normal,2146,0,1782359178.5847614,0.0019407272338867188
69844,normal,2803,0,1782359178.5867887,0.002027273178100586
69845,normal,2942,0,1782359178.5888326,0.0020439624786376953
69846,normal,1329,1,1782359178.590734,0.001901388168334961
69847,normal,1477,0,1782359178.59275,0.0020160675048828125
69848,normal,2043,0,1782359178.5947561,0.002006053924560547
69849,normal,337,0,1782359178.5967515,0.0019953250885009766
69850,normal,2266,0,1782359178.5987563,0.002004861831665039
69851,normal,1110,0,1782359178.6007464,0.001990079879760742
69852,normal,863,2,1782359178.6027477,0.0020012855529785156
69853,normal,1068,0,1782359178.604745,0.001997232437133789
69854,normal,3449,0,1782359178.6067584,0.0020134449005126953
69855,normal,2998,0,1782359178.608765,0.00200653076171875
69856,normal,2028,0,1782359178.6107779,0.002012968063354492
69857,normal,1335,1,1782359178.6127405,0.0019626617431640625
69858,normal,3487,0,1782359178.61475,0.0020093917846679688
69859,normal,1263,0,1782359178.6167676,0.0020177364349365234
69860,normal,3311,1,1782359178.6187632,0.001995563507080078
69861,normal,3265,1,1782359178.620776,0.0020127296447753906
69862,normal,599,0,1782359178.6227412,0.0019652843475341797
69863,normal,110,0,1782359178.6247475,0.0020062923431396484
69864,normal,3214,1,1782359178.6267493,0.0020017623901367188
69865,normal,3643,0,1782359178.62874,0.001990795135498047
69866,normal,767,0,1782359178.6307385,0.001998424530029297
69867,normal,3284,1,1782359178.6327355,0.0019969940185546875
69868,normal,326,0,1782359178.634745,0.0020093917846679688
69869,normal,918,2,1782359178.6367457,0.0020008087158203125
69870,normal,3332,1,1782359178.6387563,0.0020105838775634766
69871,normal,274,0,1782359178.640792,0.0020356178283691406
69872,normal,2985,0,1782359178.6427426,0.0019507408142089844
69873,normal,2927,0,1782359178.6447399,0.001997232437133789
69874,normal,3418,0,1782359178.6467376,0.001997709274291992
69875,normal,2372,0,1782359178.648737,0.001999378204345703
69876,normal,842,2,1782359178.6507366,0.0019996166229248047
69877,normal,3337,1,1782359178.6527293,0.0019927024841308594
69878,normal,3422,0,1782359178.654759,0.0020296573638916016
69879,normal,2192,0,1782359178.65676,0.002001047134399414
69880,normal,341,0,1782359178.6587667,0.0020067691802978516
69881,normal,1364,1,1782359178.6607823,0.0020155906677246094
69882,normal,3114,1,1782359178.6627667,0.0019843578338623047
69883,normal,3129,1,1782359178.6647546,0.001987934112548828
69884,normal,921,2,1782359178.6667926,0.0020380020141601562
69885,normal,2899,0,1782359178.668729,0.0019364356994628906
69886,normal,122,0,1782359178.6707284,0.001999378204345703
69887,normal,3464,0,1782359178.6727219,0.001993417739868164
69888,normal,2873,0,1782359178.6747227,0.0020008087158203125
69889,normal,1833,0,1782359178.6767764,0.0020537376403808594
69890,normal,896,2,1782359178.6787665,0.001990079879760742
69891,normal,862,2,1782359178.6807623,0.0019958019256591797
69892,normal,358,0,1782359178.682811,0.0020487308502197266
69893,normal,2369,0,1782359178.684997,0.0021860599517822266
69894,normal,1139,0,1782359178.686766,0.0017688274383544922
69895,normal,511,0,1782359178.6888983,0.002132415771484375
69896,normal,3098,1,1782359178.6907911,0.0018928050994873047
69897,normal,3042,0,1782359178.6927807,0.001989603042602539
69898,normal,1996,0,1782359178.6947377,0.001956939697265625
69899,normal,985,2,1782359178.6967285,0.001990795135498047
69900,normal,2020,0,1782359178.6987262,0.001997709274291992
69901,normal,584,0,1782359178.7007728,0.0020465850830078125
69902,normal,3694,0,1782359178.702731,0.001958131790161133
69903,normal,3374,1,1782359178.7047346,0.0020036697387695312
69904,normal,2565,0,1782359178.706712,0.0019774436950683594
69905,normal,1964,0,1782359178.708713,0.002001047134399414
69906,normal,1352,1,1782359178.7107213,0.002008199691772461
69907,normal,3577,0,1782359178.7132573,0.0025360584259033203
69908,normal,1736,0,1782359178.7148507,0.0015933513641357422
69909,normal,1380,1,1782359178.716758,0.0019073486328125
69910,normal,3291,1,1782359178.7187464,0.0019884109497070312
69911,normal,662,0,1782359178.7207465,0.002000093460083008
69912,normal,2267,0,1782359178.7227514,0.002004861831665039
69913,normal,221,0,1782359178.724823,0.0020716190338134766
69914,normal,578,0,1782359178.7267537,0.0019307136535644531
69915,normal,1689,0,1782359178.72878,0.0020263195037841797
69916,normal,3440,0,1782359178.7307405,0.0019605159759521484
69917,normal,848,2,1782359178.7327487,0.002008199691772461
69918,normal,680,0,1782359178.7347453,0.0019965171813964844
69919,normal,3009,0,1782359178.73675,0.0020046234130859375
69920,normal,3198,1,1782359178.73877,0.002020120620727539
69921,normal,3213,1,1782359178.7407708,0.0020008087158203125
69922,normal,3584,0,1782359178.742752,0.0019812583923339844
69923,normal,2497,0,1782359178.744842,0.002089977264404297
69924,normal,966,2,1782359178.7474985,0.0026564598083496094
69925,normal,2710,0,1782359178.7487679,0.0012693405151367188
69926,normal,1601,0,1782359178.7507396,0.001971721649169922
69927,normal,927,2,1782359178.7528074,0.0020678043365478516
69928,normal,2184,0,1782359178.7547746,0.001967191696166992
69929,normal,2145,0,1782359178.7568417,0.002067089080810547
69930,normal,2847,0,1782359178.7588532,0.002011537551879883
69931,normal,3242,1,1782359178.7607892,0.0019359588623046875
69932,normal,2675,0,1782359178.7628686,0.002079486846923828
69933,normal,457,0,1782359178.764814,0.0019452571868896484
69934,normal,2017,0,1782359178.766787,0.0019731521606445312
69935,normal,1751,0,1782359178.7688017,0.002014636993408203
69936,normal,205,0,1782359178.7707672,0.0019655227661132812
69937,normal,2859,0,1782359178.772727,0.0019598007202148438
69938,normal,2452,0,1782359178.774755,0.0020279884338378906
69939,normal,822,2,1782359178.776822,0.002067089080810547
69940,normal,2246,0,1782359178.778726,0.0019040107727050781
69941,normal,3490,0,1782359178.780771,0.0020449161529541016
69942,normal,43,0,1782359178.7827573,0.001986265182495117
69943,normal,995,2,1782359178.784756,0.0019986629486083984
69944,normal,170,0,1782359178.786766,0.0020101070404052734
69945,normal,3479,0,1782359178.7887743,0.002008199691772461
69946,normal,83,0,1782359178.7907836,0.0020093917846679688
69947,normal,401,0,1782359178.7927568,0.0019731521606445312
69948,normal,2312,0,1782359178.7947826,0.0020258426666259766
69949,normal,157,0,1782359178.7967272,0.0019445419311523438
69950,normal,2171,0,1782359178.7987711,0.0020439624786376953
69951,normal,2866,0,1782359178.8007817,0.0020105838775634766
69952,normal,1706,0,1782359178.8027465,0.0019648075103759766
69953,normal,1574,0,1782359178.80475,0.0020034313201904297
69954,normal,3139,1,1782359178.8067489,0.0019989013671875
69955,normal,1431,0,1782359178.8087988,0.0020499229431152344
69956,normal,3542,0,1782359178.8107135,0.0019147396087646484
69957,normal,932,2,1782359178.8127546,0.0020411014556884766
69958,normal,1302,0,1782359178.8147533,0.0019986629486083984
69959,normal,3289,1,1782359178.8167539,0.002000570297241211
69960,normal,2289,0,1782359178.818754,0.002000093460083008
69961,normal,1097,0,1782359178.8208187,0.0020647048950195312
69962,normal,1206,0,1782359178.8227518,0.0019330978393554688
69963,normal,3,0,1782359178.8247375,0.001985788345336914
69964,normal,374,0,1782359178.8267379,0.0020003318786621094
69965,normal,922,2,1782359178.828737,0.0019991397857666016
69966,normal,2636,0,1782359178.8308191,0.0020821094512939453
69967,normal,3008,0,1782359178.8327303,0.001911163330078125
69968,normal,142,0,1782359178.8347735,0.0020432472229003906
69969,normal,3661,0,1782359178.8367724,0.0019989013671875
69970,normal,2624,0,1782359178.838767,0.001994609832763672
69971,normal,2209,0,1782359178.8407848,0.0020177364349365234
69972,normal,0,0,1782359178.8427644,0.0019795894622802734
69973,normal,3469,0,1782359178.844758,0.0019936561584472656
69974,normal,428,0,1782359178.8467865,0.0020284652709960938
69975,normal,1223,0,1782359178.8487442,0.0019576549530029297
69976,normal,2783,0,1782359178.8507328,0.001988649368286133
69977,normal,1291,0,1782359178.8527267,0.001993894577026367
69978,normal,96,0,1782359178.8547251,0.001998424530029297
69979,normal,2732,0,1782359178.856812,0.0020868778228759766
69980,normal,3238,1,1782359178.8587618,0.0019497871398925781
69981,normal,3525,0,1782359178.8607655,0.0020036697387695312
69982,normal,765,0,1782359178.862807,0.0020415782928466797
69983,normal,1107,0,1782359178.865062,0.002254962921142578
69984,normal,1131,0,1782359178.8669112,0.0018491744995117188
69985,normal,1979,0,1782359178.8688695,0.0019583702087402344
69986,normal,2062,0,1782359178.8710525,0.0021829605102539062
69987,normal,2227,0,1782359178.872928,0.0018754005432128906
69988,normal,1930,0,1782359178.8751469,0.002218961715698242
69989,normal,2975,0,1782359178.8768425,0.0016956329345703125
69990,normal,2167,0,1782359178.8788347,0.0019922256469726562
69991,normal,452,0,1782359178.8807335,0.0018987655639648438
69992,normal,2256,0,1782359178.8830469,0.002313375473022461
69993,normal,2881,0,1782359178.884838,0.001791238784790039
69994,normal,1907,0,1782359178.8867261,0.0018880367279052734
69995,normal,2040,0,1782359178.8888307,0.002104520797729492
69996,normal,399,0,1782359178.890868,0.0020372867584228516
69997,normal,739,0,1782359178.8930147,0.0021467208862304688
69998,normal,2197,0,1782359178.8951771,0.002162456512451172
69999,normal,3208,1,1782359178.8968558,0.0016787052154541016
70000,normal,363,0,1782359178.898845,0.001989126205444336
70001,normal,1041,0,1782359178.900754,0.001909017562866211
70002,normal,1290,0,1782359178.9028633,0.0021092891693115234
70003,normal,1625,0,1782359178.9047608,0.001897573471069336
70004,normal,3532,0,1782359178.9070241,0.002263307571411133
70005,normal,1100,0,1782359178.9089131,0.0018889904022216797
70006,normal,2650,0,1782359178.910732,0.0018188953399658203
70007,normal,1164,0,1782359178.9128458,0.002113819122314453
70008,normal,1648,0,1782359178.9148517,0.0020058155059814453
70009,normal,111,0,1782359178.916761,0.0019092559814453125
70010,normal,2521,0,1782359178.918872,0.002111196517944336
70011,normal,2394,0,1782359178.920912,0.0020399093627929688
70012,normal,780,2,1782359178.9227765,0.0018644332885742188
70013,normal,1537,0,1782359178.9248571,0.002080678939819336
70014,normal,1994,0,1782359178.9269927,0.0021355152130126953
70015,normal,2747,0,1782359178.9293816,0.0023889541625976562
70016,normal,1552,0,1782359178.9308648,0.0014832019805908203
70017,normal,2627,0,1782359178.9328341,0.0019693374633789062
70018,normal,1344,1,1782359178.9347649,0.0019307136535644531
70019,normal,2154,0,1782359178.9369087,0.00214385986328125
70020,normal,1245,0,1782359178.9388776,0.001968860626220703
70021,normal,526,0,1782359178.941004,0.002126455307006836
70022,normal,892,2,1782359178.943234,0.002229928970336914
70023,normal,998,2,1782359178.9450862,0.001852273941040039
70024,normal,218,0,1782359178.946809,0.0017228126525878906
70025,normal,3021,0,1782359178.9487782,0.0019690990447998047
70026,normal,3546,0,1782359178.9508433,0.0020651817321777344
70027,normal,3442,0,1782359178.9530754,0.002232074737548828
70028,normal,2125,0,1782359178.9547489,0.0016734600067138672
70029,normal,3627,0,1782359178.956793,0.002044200897216797
70030,normal,3280,1,1782359178.9587855,0.001992464065551758
70031,normal,773,2,1782359178.9608033,0.0020177364349365234
70032,normal,3477,0,1782359178.9628267,0.002023458480834961
70033,normal,2910,0,1782359178.964826,0.001999378204345703
70034,normal,1048,0,1782359178.9669533,0.0021271705627441406
70035,normal,3503,0,1782359178.9691913,0.002238035202026367
70036,normal,2784,0,1782359178.9709113,0.0017199516296386719
70037,normal,857,2,1782359178.9728374,0.0019261837005615234
70038,normal,1282,0,1782359178.9748569,0.0020194053649902344
70039,normal,23,0,1782359178.9768076,0.0019507408142089844
70040,normal,393,0,1782359178.978824,0.002016305923461914
70041,normal,321,0,1782359178.9807959,0.0019719600677490234
70042,normal,1619,0,1782359178.982846,0.002050161361694336
70043,normal,1664,0,1782359178.9848783,0.0020322799682617188
70044,normal,3325,1,1782359178.9869497,0.002071380615234375
70045,normal,3565,0,1782359178.9888196,0.0018699169158935547
70046,normal,1445,0,1782359178.990768,0.0019483566284179688
70047,normal,3071,1,1782359178.9927962,0.002028226852416992
70048,normal,1687,0,1782359178.9947815,0.001985311508178711
70049,normal,2999,0,1782359178.996804,0.0020225048065185547
70050,normal,3457,0,1782359178.9988053,0.0020012855529785156
70051,normal,1783,0,1782359179.0008066,0.0020012855529785156
70052,normal,117,0,1782359179.00283,0.002023458480834961
70053,normal,655,0,1782359179.0048149,0.001984834671020508
70054,normal,2934,0,1782359179.0067952,0.001980304718017578
70055,normal,1312,0,1782359179.008976,0.002180814743041992
70056,normal,513,0,1782359179.0107803,0.001804351806640625
70057,normal,952,2,1782359179.0127833,0.0020029544830322266
70058,normal,1252,0,1782359179.0147693,0.0019860267639160156
70059,normal,2098,0,1782359179.0167816,0.0020122528076171875
70060,normal,2016,0,1782359179.018766,0.0019843578338623047
70061,normal,1021,2,1782359179.0207856,0.002019643783569336
70062,normal,250,0,1782359179.022827,0.002041339874267578
70063,normal,1802,0,1782359179.0248325,0.0020055770874023438
70064,normal,2765,0,1782359179.0268292,0.001996755599975586
70065,normal,3194,1,1782359179.0289664,0.0021371841430664062
70066,normal,2944,0,1782359179.030895,0.001928567886352539
70067,normal,861,2,1782359179.0328038,0.0019087791442871094
70068,normal,3060,1,1782359179.034785,0.0019812583923339844
70069,normal,886,2,1782359179.0370336,0.002248525619506836
70070,normal,1763,0,1782359179.0397387,0.002705097198486328
70071,normal,2746,0,1782359179.0410242,0.001285552978515625
70072,normal,3619,0,1782359179.0429492,0.0019249916076660156
70073,normal,3011,0,1782359179.04545,0.002500772476196289
70074,normal,785,2,1782359179.0468302,0.0013802051544189453
70075,normal,243,0,1782359179.0488665,0.0020363330841064453
70076,normal,2868,0,1782359179.0510554,0.0021889209747314453
70077,normal,1481,0,1782359179.0533724,0.0023169517517089844
70078,normal,1015,2,1782359179.0548503,0.001477956771850586
70079,normal,2055,0,1782359179.0570016,0.0021512508392333984
70080,normal,1730,0,1782359179.0590067,0.0020051002502441406
70081,normal,729,0,1782359179.0611641,0.002157449722290039
70082,normal,2769,0,1782359179.0629663,0.001802206039428711
70083,normal,2087,0,1782359179.0650592,0.0020928382873535156
70084,normal,438,0,1782359179.0670178,0.001958608627319336
70085,normal,959,2,1782359179.0690835,0.0020656585693359375
70086,normal,3195,1,1782359179.070799,0.0017156600952148438
70087,normal,388,0,1782359179.0728226,0.002023458480834961
70088,normal,620,0,1782359179.074799,0.001976490020751953
70089,normal,1316,0,1782359179.0769625,0.002163410186767578
70090,normal,3269,1,1782359179.0787728,0.001810312271118164
70091,normal,1653,0,1782359179.081128,0.0023550987243652344
70092,normal,1016,2,1782359179.0827806,0.0016527175903320312
70093,normal,1899,0,1782359179.0849068,0.0021262168884277344
70094,normal,3510,0,1782359179.0867715,0.0018646717071533203
70095,normal,2031,0,1782359179.0889876,0.0022161006927490234
70096,normal,956,2,1782359179.0908914,0.0019037723541259766
70097,normal,3524,0,1782359179.0932252,0.0023338794708251953
70098,normal,80,0,1782359179.0954127,0.002187490463256836
70099,normal,3539,0,1782359179.0972178,0.0018050670623779297
70100,normal,2573,0,1782359179.0988584,0.0016405582427978516
70101,normal,410,0,1782359179.10106,0.002201557159423828
70102,normal,1869,0,1782359179.1028154,0.0017554759979248047
70103,normal,2010,0,1782359179.104783,0.0019676685333251953
70104,normal,2900,0,1782359179.1068304,0.002047300338745117
70105,normal,3637,0,1782359179.108892,0.002061605453491211
70106,normal,2880,0,1782359179.1111176,0.002225637435913086
70107,normal,375,0,1782359179.1127877,0.0016701221466064453
70108,normal,3406,0,1782359179.1147697,0.001981973648071289
70109,normal,2210,0,1782359179.1168265,0.0020568370819091797
70110,normal,3514,0,1782359179.1191015,0.0022749900817871094
70111,normal,2308,0,1782359179.1208389,0.001737356185913086
70112,normal,1419,0,1782359179.1227782,0.0019392967224121094
70113,normal,2819,0,1782359179.125784,0.0030057430267333984
70114,normal,3290,1,1782359179.1272671,0.0014832019805908203
70115,normal,3530,0,1782359179.1293054,0.002038240432739258
70116,normal,650,0,1782359179.1310472,0.0017418861389160156
70117,normal,3216,1,1782359179.1330101,0.001962900161743164
70118,normal,2973,0,1782359179.1350653,0.0020551681518554688
70119,normal,2642,0,1782359179.137227,0.002161741256713867
70120,normal,1793,0,1782359179.1389942,0.0017671585083007812
70121,normal,2133,0,1782359179.1409767,0.001982450485229492
70122,normal,2697,0,1782359179.143032,0.0020554065704345703
70123,normal,1617,0,1782359179.144909,0.0018768310546875
70124,normal,1117,0,1782359179.14677,0.0018610954284667969
70125,normal,1232,0,1782359179.1494372,0.0026671886444091797
70126,normal,3581,0,1782359179.1514912,0.002053976058959961
70127,normal,2932,0,1782359179.1528869,0.0013957023620605469
70128,normal,904,2,1782359179.1549146,0.002027750015258789
70129,normal,1708,0,1782359179.1567662,0.0018515586853027344
70130,normal,3705,0,1782359179.1587536,0.001987457275390625
70131,normal,2637,0,1782359179.160899,0.0021452903747558594
70132,normal,499,0,1782359179.1631212,0.002222299575805664
70133,normal,2172,0,1782359179.16558,0.002458810806274414
70134,normal,217,0,1782359179.1670945,0.001514434814453125
70135,normal,2169,0,1782359179.1688585,0.001764059066772461
70136,normal,1484,0,1782359179.1710033,0.0021448135375976562
70137,normal,2795,0,1782359179.1730614,0.0020580291748046875
70138,normal,2432,0,1782359179.1748872,0.0018258094787597656
70139,normal,106,0,1782359179.1768897,0.0020024776458740234
70140,normal,3665,0,1782359179.1794603,0.002570629119873047
70141,normal,657,0,1782359179.1809444,0.0014841556549072266
70142,normal,1599,0,1782359179.1828258,0.0018813610076904297
70143,normal,1437,0,1782359179.1849065,0.002080678939819336
70144,normal,3470,0,1782359179.1869538,0.002047300338745117
70145,normal,135,0,1782359179.1888952,0.0019414424896240234
70146,normal,47,0,1782359179.19101,0.0021147727966308594
70147,normal,1786,0,1782359179.1927798,0.0017697811126708984
70148,normal,3434,0,1782359179.1949303,0.0021505355834960938
70149,normal,611,0,1782359179.1969714,0.0020411014556884766
70150,normal,2495,0,1782359179.198827,0.001855611801147461
70151,normal,2177,0,1782359179.200975,0.0021479129791259766
70152,normal,212,0,1782359179.202958,0.001983165740966797
70153,normal,2385,0,1782359179.2052755,0.0023174285888671875
70154,normal,443,0,1782359179.2069795,0.0017039775848388672
70155,normal,1761,0,1782359179.2089057,0.0019261837005615234
70156,normal,3377,1,1782359179.2108743,0.0019686222076416016
70157,normal,723,0,1782359179.2129014,0.0020270347595214844
70158,normal,1311,0,1782359179.214841,0.001939535140991211
70159,normal,1322,1,1782359179.2167811,0.0019402503967285156
70160,normal,775,2,1782359179.2191029,0.0023217201232910156
70161,normal,2303,0,1782359179.2208443,0.0017414093017578125
70162,normal,2362,0,1782359179.2228541,0.002009868621826172
70163,normal,69,0,1782359179.225118,0.002263784408569336
70164,normal,1570,0,1782359179.2270825,0.001964569091796875
70165,normal,1703,0,1782359179.228883,0.001800537109375
70166,normal,2925,0,1782359179.2310376,0.0021545886993408203
70167,normal,27,0,1782359179.2328472,0.0018095970153808594
70168,normal,925,2,1782359179.2348773,0.0020301342010498047
70169,normal,1606,0,1782359179.236855,0.001977682113647461
70170,normal,3107,1,1782359179.2388537,0.0019986629486083984
70171,normal,560,0,1782359179.2409077,0.002053976058959961
70172,normal,3039,0,1782359179.2430575,0.002149820327758789
70173,normal,328,0,1782359179.2447455,0.0016880035400390625
70174,normal,1024,2,1782359179.2467766,0.002031087875366211
70175,normal,947,2,1782359179.2487583,0.0019817352294921875
70176,normal,2075,0,1782359179.2507634,0.0020051002502441406
70177,normal,1471,0,1782359179.252763,0.0019996166229248047
70178,normal,2549,0,1782359179.255073,0.002310037612915039
70179,normal,1910,0,1782359179.256829,0.0017559528350830078
70180,normal,1879,0,1782359179.2588758,0.002046823501586914
70181,normal,3093,1,1782359179.2608273,0.001951456069946289
70182,normal,2216,0,1782359179.262927,0.002099752426147461
70183,normal,2332,0,1782359179.264808,0.0018808841705322266
70184,normal,267,0,1782359179.2668447,0.0020368099212646484
70185,normal,3636,0,1782359179.2687967,0.0019519329071044922
70186,normal,3606,0,1782359179.2708054,0.002008676528930664
70187,normal,316,0,1782359179.272875,0.002069711685180664
70188,normal,1147,0,1782359179.2748234,0.0019483566284179688
70189,normal,193,0,1782359179.2767465,0.0019230842590332031
70190,normal,204,0,1782359179.2787766,0.0020301342010498047
70191,normal,3347,1,1782359179.2809029,0.0021262168884277344
70192,normal,1011,2,1782359179.2828126,0.0019097328186035156
70193,normal,3429,0,1782359179.2851653,0.0023527145385742188
70194,normal,3541,0,1782359179.2868917,0.001726388931274414
70195,normal,2898,0,1782359179.288807,0.0019152164459228516
70196,normal,3704,0,1782359179.2909613,0.0021543502807617188
70197,normal,971,2,1782359179.2929692,0.0020079612731933594
70198,normal,2112,0,1782359179.2948275,0.0018582344055175781
70199,normal,1210,0,1782359179.2969077,0.002080202102661133
70200,normal,2059,0,1782359179.299789,0.002881288528442383
70201,normal,786,2,1782359179.3011885,0.0013995170593261719
70202,normal,2639,0,1782359179.302822,0.0016336441040039062
70203,normal,93,0,1782359179.3052547,0.002432584762573242
70204,normal,475,0,1782359179.3068838,0.0016291141510009766
70205,normal,2460,0,1782359179.3088663,0.001982450485229492
70206,normal,974,2,1782359179.311111,0.002244710922241211
70207,normal,1087,0,1782359179.3133707,0.0022597312927246094
70208,normal,2981,0,1782359179.3153431,0.0019724369049072266
70209,normal,2824,0,1782359179.31702,0.001676797866821289
70210,normal,2816,0,1782359179.3188303,0.001810312271118164
70211,normal,1981,0,1782359179.3208508,0.002020597457885742
70212,normal,2800,0,1782359179.3228943,0.002043485641479492
70213,normal,2707,0,1782359179.3247786,0.0018842220306396484
70214,normal,2529,0,1782359179.3267574,0.0019788742065429688
70215,normal,1865,0,1782359179.32876,0.0020024776458740234
70216,normal,1183,0,1782359179.3308501,0.0020902156829833984
70217,normal,1880,0,1782359179.332753,0.0019028186798095703
70218,normal,476,0,1782359179.3348916,0.0021386146545410156
70219,normal,2782,0,1782359179.336731,0.0018393993377685547
70220,normal,2646,0,1782359179.339244,0.0025129318237304688
70221,normal,3516,0,1782359179.3414397,0.0021958351135253906
70222,normal,3384,1,1782359179.3427286,0.0012888908386230469
70223,normal,1510,0,1782359179.3447192,0.0019905567169189453
70224,normal,2725,0,1782359179.3468022,0.0020830631256103516
70225,normal,2250,0,1782359179.3499086,0.003106355667114258
70226,normal,2896,0,1782359179.3519542,0.0020456314086914062
70227,normal,735,0,1782359179.352893,0.0009388923645019531
70228,normal,3387,1,1782359179.3549721,0.002079010009765625
70229,normal,1463,0,1782359179.3569539,0.0019817352294921875
70230,normal,2281,0,1782359179.3591626,0.002208709716796875
70231,normal,1112,0,1782359179.3607755,0.0016129016876220703
70232,normal,1091,0,1782359179.3634164,0.002640962600708008
70233,normal,440,0,1782359179.3655324,0.002115964889526367
70234,normal,3206,1,1782359179.367006,0.0014736652374267578
70235,normal,1870,0,1782359179.3687682,0.0017621517181396484
70236,normal,1193,0,1782359179.3709269,0.002158641815185547
70237,normal,759,0,1782359179.3728893,0.001962423324584961
70238,normal,1688,0,1782359179.374793,0.0019037723541259766
70239,normal,2351,0,1782359179.3768497,0.002056598663330078
70240,normal,937,2,1782359179.378752,0.0019023418426513672
70241,normal,1144,0,1782359179.380808,0.002056121826171875
70242,normal,434,0,1782359179.382754,0.0019459724426269531
70243,normal,1089,0,1782359179.3847969,0.0020427703857421875
70244,normal,3399,1,1782359179.3868387,0.0020418167114257812
70245,normal,1850,0,1782359179.3888264,0.0019876956939697266
70246,normal,1853,0,1782359179.3908527,0.0020263195037841797
70247,normal,3278,1,1782359179.3930905,0.0022377967834472656
70248,normal,412,0,1782359179.3947942,0.0017037391662597656
70249,normal,2080,0,1782359179.396886,0.0020918846130371094
70250,normal,1205,0,1782359179.398921,0.002034902572631836
70251,normal,159,0,1782359179.4009247,0.0020036697387695312
70252,normal,2965,0,1782359179.402864,0.0019392967224121094
70253,normal,320,0,1782359179.4048517,0.0019876956939697266
70254,normal,332,0,1782359179.4071212,0.0022695064544677734
70255,normal,1709,0,1782359179.4088717,0.0017504692077636719
70256,normal,2147,0,1782359179.410809,0.0019373893737792969
70257,normal,3022,0,1782359179.4130921,0.0022830963134765625
70258,normal,2316,0,1782359179.4152484,0.0021562576293945312
70259,normal,516,0,1782359179.4169023,0.001653909683227539
70260,normal,414,0,1782359179.4189594,0.0020570755004882812
70261,normal,389,0,1782359179.4207838,0.0018243789672851562
70262,normal,3105,1,1782359179.4228265,0.0020427703857421875
70263,normal,2160,0,1782359179.4249253,0.0020987987518310547
70264,normal,505,0,1782359179.427116,0.0021905899047851562
70265,normal,1724,0,1782359179.4288132,0.0016973018646240234
70266,normal,2466,0,1782359179.4311795,0.002366304397583008
70267,normal,1727,0,1782359179.432727,0.0015475749969482422
70268,normal,2623,0,1782359179.434788,0.0020608901977539062
70269,normal,577,0,1782359179.43677,0.001981973648071289
70270,normal,3512,0,1782359179.4387572,0.0019872188568115234
70271,normal,368,0,1782359179.4408264,0.002069234848022461
70272,normal,3258,1,1782359179.4430873,0.002260923385620117
70273,normal,1392,0,1782359179.4449232,0.0018358230590820312
70274,normal,829,2,1782359179.4470017,0.002078533172607422
70275,normal,216,0,1782359179.4490683,0.0020666122436523438
70276,normal,2753,0,1782359179.4510467,0.0019783973693847656
70277,normal,2390,0,1782359179.4528413,0.001794576644897461
70278,normal,1060,0,1782359179.4549856,0.002144336700439453
70279,normal,3575,0,1782359179.4568133,0.0018277168273925781
70280,normal,926,2,1782359179.458986,0.002172708511352539
70281,normal,3057,1,1782359179.4609609,0.001974821090698242
70282,normal,3547,0,1782359179.4627788,0.001817941665649414
70283,normal,1161,0,1782359179.4649143,0.0021355152130126953
70284,normal,1565,0,1782359179.4669638,0.0020494461059570312
70285,normal,1747,0,1782359179.4690444,0.002080678939819336
70286,normal,2562,0,1782359179.4709904,0.0019459724426269531
70287,normal,1556,0,1782359179.4730718,0.0020813941955566406
70288,normal,1558,0,1782359179.4760487,0.0029768943786621094
70289,normal,2615,0,1782359179.4769037,0.0008549690246582031
70290,normal,2656,0,1782359179.4791136,0.002209901809692383
70291,normal,1373,1,1782359179.4812987,0.0021851062774658203
70292,normal,3592,0,1782359179.4828975,0.0015988349914550781
70293,normal,1854,0,1782359179.485048,0.0021505355834960938
70294,normal,1576,0,1782359179.487051,0.0020029544830322266
70295,normal,3465,0,1782359179.4890406,0.001989603042602539
70296,normal,1913,0,1782359179.4909735,0.0019328594207763672
70297,normal,1875,0,1782359179.4927678,0.0017943382263183594
70298,normal,1199,0,1782359179.4948967,0.0021288394927978516
70299,normal,3046,1,1782359179.4969506,0.002053976058959961
70300,normal,2321,0,1782359179.498998,0.002047300338745117
70301,normal,3456,0,1782359179.5010777,0.0020797252655029297
70302,normal,362,0,1782359179.5028634,0.0017857551574707031
70303,normal,2553,0,1782359179.5051332,0.002269744873046875
70304,normal,3061,1,1782359179.5070662,0.0019330978393554688
70305,normal,3672,0,1782359179.5089204,0.0018541812896728516
70306,normal,3662,0,1782359179.5108595,0.0019390583038330078
70307,normal,230,0,1782359179.513624,0.002764463424682617
70308,normal,3086,1,1782359179.515719,0.0020949840545654297
70309,normal,2427,0,1782359179.517223,0.0015039443969726562
70310,normal,576,0,1782359179.518883,0.0016601085662841797
70311,normal,1272,0,1782359179.5209973,0.0021142959594726562
70312,normal,3366,1,1782359179.522791,0.0017936229705810547
70313,normal,2519,0,1782359179.524925,0.002134084701538086
70314,normal,1938,0,1782359179.5269263,0.0020012855529785156
70315,normal,2453,0,1782359179.529231,0.0023047924041748047
70316,normal,3132,1,1782359179.5311708,0.0019397735595703125
70317,normal,695,0,1782359179.532824,0.0016531944274902344
70318,normal,46,0,1782359179.5349455,0.002121448516845703
70319,normal,3233,1,1782359179.536773,0.0018274784088134766
70320,normal,1342,1,1782359179.5389163,0.002143383026123047
70321,normal,2309,0,1782359179.5411763,0.002259969711303711
70322,normal,2450,0,1782359179.5434723,0.002295970916748047
70323,normal,1583,0,1782359179.5450277,0.0015554428100585938
70324,normal,1936,0,1782359179.5468361,0.0018084049224853516
70325,normal,3094,1,1782359179.5489764,0.0021402835845947266
70326,normal,2867,0,1782359179.550986,0.0020096302032470703
70327,normal,1843,0,1782359179.553045,0.0020589828491210938
70328,normal,1013,2,1782359179.5555644,0.002519369125366211
70329,normal,102,0,1782359179.5575979,0.0020334720611572266
70330,normal,3452,0,1782359179.5591695,0.0015716552734375
70331,normal,2208,0,1782359179.560878,0.0017085075378417969
70332,normal,1713,0,1782359179.5630512,0.002173185348510742
70333,normal,2206,0,1782359179.5649242,0.001873016357421875
70334,normal,276,0,1782359179.5669222,0.0019979476928710938
70335,normal,249,0,1782359179.5690644,0.002142190933227539
70336,normal,3463,0,1782359179.570991,0.0019266605377197266
70337,normal,3075,1,1782359179.5730164,0.0020253658294677734
70338,normal,1901,0,1782359179.5748992,0.001882791519165039
70339,normal,2507,0,1782359179.577163,0.002263784408569336
70340,normal,1611,0,1782359179.579275,0.0021119117736816406
70341,normal,2173,0,1782359179.5810857,0.0018107891082763672
70342,normal,2706,0,1782359179.5828018,0.0017161369323730469
70343,normal,155,0,1782359179.5848985,0.0020966529846191406
70344,normal,2617,0,1782359179.5870557,0.0021572113037109375
70345,normal,845,2,1782359179.588883,0.001827239990234375
70346,normal,2552,0,1782359179.5909886,0.002105712890625
70347,normal,2909,0,1782359179.5930574,0.002068758010864258
70348,normal,1288,0,1782359179.5948641,0.0018067359924316406
70349,normal,2967,0,1782359179.596882,0.002017974853515625
70350,normal,1173,0,1782359179.5987813,0.0018992424011230469
70351,normal,2852,0,1782359179.6011689,0.002387523651123047
70352,normal,669,0,1782359179.602908,0.0017390251159667969
70353,normal,2228,0,1782359179.6048915,0.001983642578125
70354,normal,603,0,1782359179.606831,0.001939535140991211
70355,normal,2162,0,1782359179.60887,0.0020389556884765625
70356,normal,2022,0,1782359179.610946,0.0020759105682373047
70357,normal,3331,1,1782359179.6129568,0.002010822296142578
70358,normal,1184,0,1782359179.6148465,0.0018897056579589844
70359,normal,449,0,1782359179.6171503,0.0023038387298583984
70360,normal,3654,0,1782359179.6189804,0.0018301010131835938
70361,normal,227,0,1782359179.6208613,0.0018808841705322266
70362,normal,3349,1,1782359179.6230528,0.0021915435791015625
70363,normal,3217,1,1782359179.6254375,0.002384662628173828
70364,normal,1864,0,1782359179.6268437,0.0014061927795410156
70365,normal,1696,0,1782359179.6289494,0.002105712890625
70366,normal,3190,1,1782359179.6307838,0.0018343925476074219
70367,normal,2836,0,1782359179.632967,0.002183198928833008
70368,normal,607,0,1782359179.6350212,0.0020542144775390625
70369,normal,1456,0,1782359179.6368456,0.0018243789672851562
70370,normal,3540,0,1782359179.6389875,0.0021419525146484375
70371,normal,2391,0,1782359179.6409802,0.0019927024841308594
70372,normal,1928,0,1782359179.6429412,0.0019609928131103516
70373,normal,73,0,1782359179.6449437,0.0020024776458740234
70374,normal,185,0,1782359179.6469648,0.0020210742950439453
70375,normal,3640,0,1782359179.6487787,0.0018138885498046875
70376,normal,1566,0,1782359179.6509235,0.0021448135375976562
70377,normal,3550,0,1782359179.652913,0.001989603042602539
70378,normal,3709,0,1782359179.6547792,0.0018661022186279297
70379,normal,2841,0,1782359179.6569655,0.002186298370361328
70380,normal,3372,1,1782359179.6589956,0.0020301342010498047
70381,normal,1229,0,1782359179.6609743,0.001978635787963867
70382,normal,344,0,1782359179.6629794,0.0020051002502441406
70383,normal,3063,1,1782359179.6651318,0.0021524429321289062
70384,normal,1681,0,1782359179.6669447,0.0018129348754882812
70385,normal,1541,0,1782359179.669069,0.002124309539794922
70386,normal,941,2,1782359179.670878,0.0018088817596435547
70387,normal,1933,0,1782359179.672915,0.00203704833984375
70388,normal,812,2,1782359179.6748655,0.0019505023956298828
70389,normal,2940,0,1782359179.6769948,0.0021293163299560547
70390,normal,2682,0,1782359179.6787698,0.0017750263214111328
70391,normal,2051,0,1782359179.6809285,0.002158641815185547
70392,normal,2530,0,1782359179.6829126,0.001984119415283203
70393,normal,3692,0,1782359179.6850135,0.0021009445190429688
70394,normal,347,0,1782359179.6872547,0.0022411346435546875
70395,normal,291,0,1782359179.6889787,0.0017240047454833984
70396,normal,2858,0,1782359179.6911373,0.002158641815185547
70397,normal,138,0,1782359179.6932247,0.0020873546600341797
70398,normal,61,0,1782359179.6952426,0.002017974853515625
70399,normal,2026,0,1782359179.6971111,0.0018684864044189453
70400,normal,3624,0,1782359179.69899,0.001878976821899414
70401,normal,351,0,1782359179.7012198,0.0022296905517578125
70402,normal,2587,0,1782359179.7031913,0.0019714832305908203
70403,normal,1520,0,1782359179.705169,0.001977682113647461
70404,normal,41,0,1782359179.7068977,0.0017287731170654297
70405,normal,2174,0,1782359179.7087767,0.001878976821899414
70406,normal,2417,0,1782359179.7109044,0.0021276473999023438
70407,normal,1209,0,1782359179.712918,0.002013683319091797
70408,normal,2621,0,1782359179.7147682,0.001850128173828125
70409,normal,278,0,1782359179.7172024,0.002434253692626953
70410,normal,559,0,1782359179.7188008,0.001598358154296875
70411,normal,282,0,1782359179.7208886,0.002087831497192383
70412,normal,352,0,1782359179.7227678,0.0018792152404785156
70413,normal,1594,0,1782359179.7249002,0.002132415771484375
70414,normal,2580,0,1782359179.7267754,0.001875162124633789
70415,normal,2544,0,1782359179.730185,0.0034096240997314453
70416,normal,868,2,1782359179.7322526,0.00206756591796875
70417,normal,3288,1,1782359179.7335458,0.001293182373046875
70418,normal,2471,0,1782359179.735348,0.001802206039428711
70419,normal,2458,0,1782359179.7368777,0.001529693603515625
70420,normal,184,0,1782359179.7389746,0.002096891403198242
70421,normal,2299,0,1782359179.7408075,0.0018329620361328125
70422,normal,939,2,1782359179.7429261,0.0021185874938964844
70423,normal,1991,0,1782359179.7447956,0.0018694400787353516
70424,normal,3100,1,1782359179.7474463,0.002650737762451172
70425,normal,3356,1,1782359179.749373,0.0019266605377197266
70426,normal,3364,1,1782359179.7509649,0.0015919208526611328
70427,normal,3403,0,1782359179.7528074,0.001842498779296875
70428,normal,803,2,1782359179.7549055,0.00209808349609375
70429,normal,100,0,1782359179.7568262,0.0019207000732421875
70430,normal,201,0,1782359179.758929,0.0021028518676757812
70431,normal,1428,0,1782359179.7608993,0.0019702911376953125
70432,normal,3218,1,1782359179.7631214,0.0022220611572265625
70433,normal,1862,0,1782359179.7649674,0.0018460750579833984
70434,normal,934,2,1782359179.7670298,0.0020623207092285156
70435,normal,2524,0,1782359179.7689912,0.0019614696502685547
70436,normal,2979,0,1782359179.7708857,0.0018944740295410156
70437,normal,1036,0,1782359179.772955,0.002069234848022461
70438,normal,116,0,1782359179.7748783,0.0019233226776123047
70439,normal,1580,0,1782359179.777098,0.002219676971435547
70440,normal,232,0,1782359179.7792807,0.0021827220916748047
70441,normal,1638,0,1782359179.7812707,0.001990079879760742
70442,normal,1515,0,1782359179.7831054,0.0018346309661865234
70443,normal,2702,0,1782359179.7850556,0.0019502639770507812
70444,normal,2888,0,1782359179.787456,0.0024003982543945312
70445,normal,3045,1,1782359179.789335,0.001878976821899414
70446,normal,327,0,1782359179.7909536,0.0016186237335205078
70447,normal,2849,0,1782359179.793243,0.002289295196533203
70448,normal,2135,0,1782359179.7949986,0.0017557144165039062
70449,normal,825,2,1782359179.7971978,0.0021991729736328125
70450,normal,752,0,1782359179.7988274,0.0016295909881591797
70451,normal,37,0,1782359179.8011827,0.002355337142944336
70452,normal,814,2,1782359179.8031352,0.0019524097442626953
70453,normal,1093,0,1782359179.8051302,0.001995086669921875
70454,normal,1020,2,1782359179.8069713,0.0018410682678222656
70455,normal,1330,1,1782359179.809052,0.002080678939819336
70456,normal,1982,0,1782359179.8109684,0.0019164085388183594
70457,normal,3428,0,1782359179.8130171,0.0020487308502197266
70458,normal,3175,1,1782359179.8151422,0.0021250247955322266
70459,normal,464,0,1782359179.8176577,0.002515554428100586
70460,normal,2744,0,1782359179.8190858,0.0014281272888183594
70461,normal,1490,0,1782359179.820771,0.0016851425170898438
70462,normal,1670,0,1782359179.823133,0.0023620128631591797
70463,normal,1040,0,1782359179.8250837,0.0019507408142089844
70464,normal,1301,0,1782359179.8269527,0.0018689632415771484
70465,normal,2749,0,1782359179.8289125,0.0019598007202148438
70466,normal,709,0,1782359179.8309557,0.0020432472229003906
70467,normal,3559,0,1782359179.8329294,0.0019736289978027344
70468,normal,1153,0,1782359179.8348508,0.0019214153289794922
70469,normal,1377,1,1782359179.8371,0.0022492408752441406
70470,normal,2651,0,1782359179.8388267,0.0017266273498535156
70471,normal,815,2,1782359179.8409657,0.0021390914916992188
70472,normal,2597,0,1782359179.842811,0.0018453598022460938
70473,normal,1246,0,1782359179.8449523,0.002141237258911133
70474,normal,2388,0,1782359179.8467994,0.0018470287322998047
70475,normal,3370,1,1782359179.84895,0.0021505355834960938
70476,normal,308,0,1782359179.8509529,0.0020029544830322266
70477,normal,3083,1,1782359179.8530543,0.002101421356201172
70478,normal,3408,0,1782359179.8549066,0.001852273941040039
70479,normal,203,0,1782359179.857028,0.002121448516845703
70480,normal,1841,0,1782359179.8588839,0.0018558502197265625
70481,normal,3680,0,1782359179.8608797,0.0019958019256591797
70482,normal,3471,0,1782359179.86299,0.0021102428436279297
70483,normal,1,0,1782359179.864824,0.0018341541290283203
70484,normal,2772,0,1782359179.8669739,0.002149820327758789
70485,normal,3502,0,1782359179.8690238,0.0020499229431152344
70486,normal,2593,0,1782359179.87092,0.0018961429595947266
70487,normal,3519,0,1782359179.8728778,0.0019578933715820312
70488,normal,1384,0,1782359179.8750622,0.0021843910217285156
70489,normal,1795,0,1782359179.876856,0.0017938613891601562
70490,normal,1650,0,1782359217.9481354,0.0
70491,normal,3241,1,1782359217.950061,0.0019257068634033203
70492,normal,3324,1,1782359217.9520264,0.0019652843475341797
70493,normal,2417,0,1782359217.9540641,0.0020377635955810547
70494,normal,1200,0,1782359217.956342,0.002277851104736328
70495,normal,2767,0,1782359217.9580553,0.0017132759094238281
70496,normal,3676,0,1782359217.9603446,0.002289295196533203
70497,normal,2982,0,1782359217.9621618,0.0018172264099121094
70498,normal,75,0,1782359217.964282,0.0021202564239501953
70499,normal,1129,0,1782359217.966249,0.0019669532775878906
70500,normal,3708,0,1782359217.9680715,0.0018224716186523438
70501,normal,1493,0,1782359217.9700277,0.0019562244415283203
70502,normal,743,0,1782359217.9720492,0.0020215511322021484
70503,normal,659,0,1782359217.9740155,0.001966238021850586
70504,normal,1495,0,1782359217.9760327,0.0020172595977783203
70505,normal,2505,0,1782359217.9780004,0.0019676685333251953
70506,normal,1953,0,1782359217.9800074,0.002007007598876953
70507,normal,1369,1,1782359217.982009,0.002001523971557617
70508,normal,192,0,1782359217.9840045,0.001995563507080078
70509,normal,3618,0,1782359217.986108,0.002103567123413086
70510,normal,1471,0,1782359217.9880598,0.0019516944885253906
70511,normal,1256,0,1782359217.9903111,0.0022513866424560547
70512,normal,2087,0,1782359217.9920774,0.001766204833984375
70513,normal,217,0,1782359217.9942133,0.0021359920501708984
70514,normal,2167,0,1782359217.9960399,0.0018265247344970703
70515,normal,3418,0,1782359217.998214,0.0021741390228271484
70516,normal,1340,1,1782359218.0000422,0.0018281936645507812
70517,normal,3312,1,1782359218.0023441,0.002301931381225586
70518,normal,2518,0,1782359218.0040493,0.001705169677734375
70519,normal,2552,0,1782359218.0062418,0.0021924972534179688
70520,normal,2986,0,1782359218.00805,0.00180816650390625
70521,normal,3530,0,1782359218.0102177,0.0021677017211914062
70522,normal,1537,0,1782359218.012049,0.0018312931060791016
70523,normal,2052,0,1782359218.01449,0.002440929412841797
70524,normal,506,0,1782359218.0161498,0.0016598701477050781
70525,normal,106,0,1782359218.0183754,0.002225637435913086
70526,normal,2045,0,1782359218.020133,0.0017576217651367188
70527,normal,3387,1,1782359218.0223973,0.002264261245727539
70528,normal,2367,0,1782359218.024112,0.0017147064208984375
70529,normal,550,0,1782359218.0263886,0.0022766590118408203
70530,normal,857,2,1782359218.0283058,0.001917123794555664
70531,normal,144,0,1782359218.0302658,0.0019600391387939453
70532,normal,81,0,1782359218.032259,0.0019931793212890625
70533,normal,2918,0,1782359218.0342715,0.002012491226196289
70534,normal,2421,0,1782359218.0361164,0.0018448829650878906
70535,normal,386,0,1782359218.0383825,0.0022661685943603516
70536,normal,2422,0,1782359218.0402603,0.0018777847290039062
70537,normal,2573,0,1782359218.0422618,0.002001523971557617
70538,normal,2424,0,1782359218.044251,0.001989126205444336
70539,normal,680,0,1782359218.0463965,0.002145528793334961
70540,normal,3180,1,1782359218.048196,0.0017995834350585938
70541,normal,1707,0,1782359218.0502589,0.0020627975463867188
70542,normal,2761,0,1782359218.0524077,0.002148866653442383
70543,normal,133,0,1782359218.0542023,0.001794576644897461
70544,normal,1988,0,1782359218.0562513,0.002048969268798828
70545,normal,785,2,1782359218.0582647,0.0020134449005126953
70546,normal,341,0,1782359218.0602636,0.0019989013671875
70547,normal,2348,0,1782359218.0622709,0.0020072460174560547
70548,normal,1413,0,1782359218.0643857,0.0021147727966308594
70549,normal,2528,0,1782359218.066199,0.0018134117126464844
70550,normal,2760,0,1782359218.068254,0.002054929733276367
70551,normal,2077,0,1782359218.070371,0.0021169185638427734
70552,normal,3126,1,1782359218.0722141,0.0018432140350341797
70553,normal,1475,0,1782359218.0742474,0.002033233642578125
70554,normal,3043,0,1782359218.0762334,0.0019860267639160156
70555,normal,2276,0,1782359218.0782812,0.0020477771759033203
70556,normal,3327,1,1782359218.0802357,0.0019545555114746094
70557,normal,1641,0,1782359218.0823882,0.0021524429321289062
70558,normal,2095,0,1782359218.0841918,0.0018036365509033203
70559,normal,416,0,1782359218.0862541,0.0020623207092285156
70560,normal,1090,0,1782359218.0883756,0.002121448516845703
70561,normal,118,0,1782359218.090195,0.0018193721771240234
70562,normal,2637,0,1782359218.0922549,0.0020599365234375
70563,normal,3397,1,1782359218.0943933,0.002138376235961914
70564,normal,2797,0,1782359218.0961833,0.0017900466918945312
70565,normal,2059,0,1782359218.0982606,0.002077341079711914
70566,normal,1108,0,1782359218.10039,0.0021293163299560547
70567,normal,1361,1,1782359218.1022,0.0018100738525390625
70568,normal,3089,1,1782359218.1042593,0.0020592212677001953
70569,normal,732,0,1782359218.106408,0.002148866653442383
70570,normal,1745,0,1782359218.1082177,0.0018095970153808594
70571,normal,2590,0,1782359218.110243,0.0020253658294677734
70572,normal,2510,0,1782359218.112389,0.002146005630493164
70573,normal,1494,0,1782359218.1142035,0.0018143653869628906
70574,normal,2863,0,1782359218.1162567,0.0020532608032226562
70575,normal,2081,0,1782359218.1183724,0.0021157264709472656
70576,normal,718,0,1782359218.120185,0.0018124580383300781
70577,normal,1501,0,1782359218.1222348,0.0020499229431152344
70578,normal,314,0,1782359218.1243765,0.002141714096069336
70579,normal,2864,0,1782359218.126161,0.0017845630645751953
70580,normal,3248,1,1782359218.1282353,0.0020742416381835938
70581,normal,1803,0,1782359218.1304054,0.002170085906982422
70582,normal,1000,2,1782359218.1321795,0.0017740726470947266
70583,normal,385,0,1782359218.134235,0.0020554065704345703
70584,normal,2763,0,1782359218.1364055,0.002170562744140625
70585,normal,337,0,1782359218.138179,0.0017735958099365234
70586,normal,124,0,1782359218.1402426,0.0020635128021240234
70587,normal,3310,1,1782359218.1422365,0.001993894577026367
70588,normal,974,2,1782359218.1442528,0.002016305923461914
70589,normal,3005,0,1782359218.146235,0.0019822120666503906
70590,normal,1065,0,1782359218.148236,0.002001047134399414
70591,normal,3538,0,1782359218.15026,0.002023935317993164
70592,normal,277,0,1782359218.152227,0.0019669532775878906
70593,normal,1035,0,1782359218.1544006,0.0021736621856689453
70594,normal,140,0,1782359218.1561694,0.0017688274383544922
70595,normal,1023,2,1782359218.1582203,0.0020508766174316406
70596,normal,1249,0,1782359218.160226,0.0020058155059814453
70597,normal,2468,0,1782359218.162244,0.002017974853515625
70598,normal,2455,0,1782359218.1642249,0.0019807815551757812
70599,normal,2977,0,1782359218.1664143,0.0021893978118896484
70600,normal,2319,0,1782359218.1682432,0.001828908920288086
70601,normal,504,0,1782359218.1702418,0.0019986629486083984
70602,normal,3487,0,1782359218.172229,0.0019872188568115234
70603,normal,3627,0,1782359218.1741436,0.0019145011901855469
70604,normal,1392,0,1782359218.1762297,0.002086162567138672
70605,normal,739,0,1782359218.178436,0.0022063255310058594
70606,normal,3066,1,1782359218.1802125,0.0017764568328857422
70607,normal,1932,0,1782359218.1822248,0.0020122528076171875
70608,normal,2078,0,1782359218.1844213,0.0021965503692626953
70609,normal,2881,0,1782359218.1862407,0.0018193721771240234
70610,normal,368,0,1782359218.188242,0.0020012855529785156
70611,normal,2179,0,1782359218.1902237,0.0019817352294921875
70612,normal,2546,0,1782359218.1922443,0.002020597457885742
70613,normal,3151,1,1782359218.1942317,0.001987457275390625
70614,normal,1608,0,1782359218.1963582,0.002126455307006836
70615,normal,615,0,1782359218.19815,0.0017917156219482422
70616,normal,669,0,1782359218.2002017,0.002051830291748047
70617,normal,226,0,1782359218.202209,0.0020072460174560547
70618,normal,2563,0,1782359218.204097,0.0018880367279052734
70619,normal,2698,0,1782359218.2062066,0.002109527587890625
70620,normal,517,0,1782359218.2082055,0.0019989013671875
70621,normal,2820,0,1782359218.2102118,0.0020062923431396484
70622,normal,1579,0,1782359218.2122433,0.002031564712524414
70623,normal,3060,1,1782359218.2142322,0.0019888877868652344
70624,normal,1031,0,1782359218.2162497,0.002017498016357422
70625,normal,208,0,1782359218.2182431,0.001993417739868164
70626,normal,632,0,1782359218.220468,0.0022249221801757812
70627,normal,339,0,1782359218.2222667,0.0017986297607421875
70628,normal,940,2,1782359218.22423,0.001963376998901367
70629,normal,1905,0,1782359218.2264717,0.0022416114807128906
70630,normal,3483,0,1782359218.2282507,0.0017790794372558594
70631,normal,2558,0,1782359218.230247,0.001996278762817383
70632,normal,2130,0,1782359218.2322333,0.001986265182495117
70633,normal,1464,0,1782359218.2342403,0.002007007598876953
70634,normal,422,0,1782359218.236231,0.001990795135498047
70635,normal,2608,0,1782359218.2382317,0.002000570297241211
70636,normal,2262,0,1782359218.2402492,0.002017498016357422
70637,normal,1139,0,1782359218.2422225,0.001973390579223633
70638,normal,1946,0,1782359218.2444773,0.0022547245025634766
70639,normal,2357,0,1782359218.246227,0.0017497539520263672
70640,normal,1377,1,1782359218.248242,0.0020148754119873047
70641,normal,2005,0,1782359218.2502315,0.001989603042602539
70642,normal,1073,0,1782359218.2522452,0.002013683319091797
70643,normal,1280,0,1782359218.2542403,0.001995086669921875
70644,normal,1331,1,1782359218.2563713,0.0021309852600097656
70645,normal,3524,0,1782359218.2581604,0.001789093017578125
70646,normal,523,0,1782359218.2602298,0.0020694732666015625
70647,normal,1451,0,1782359218.2624748,0.0022449493408203125
70648,normal,1287,0,1782359218.264246,0.0017712116241455078
70649,normal,366,0,1782359218.2662432,0.001997232437133789
70650,normal,3705,0,1782359218.2682242,0.001981019973754883
70651,normal,2548,0,1782359218.2702742,0.0020499229431152344
70652,normal,737,0,1782359218.2720928,0.0018186569213867188
70653,normal,3558,0,1782359218.274371,0.0022780895233154297
70654,normal,2652,0,1782359218.2761657,0.0017948150634765625
70655,normal,3187,1,1782359218.2782283,0.002062559127807617
70656,normal,91,0,1782359218.2803657,0.002137422561645508
70657,normal,567,0,1782359218.282182,0.0018162727355957031
70658,normal,492,0,1782359218.2842336,0.0020515918731689453
70659,normal,281,0,1782359218.286481,0.002247333526611328
70660,normal,2058,0,1782359218.2883832,0.0019023418426513672
70661,normal,3621,0,1782359218.2900527,0.0016694068908691406
70662,normal,2094,0,1782359218.292297,0.002244234085083008
70663,normal,1716,0,1782359218.2941995,0.0019025802612304688
70664,normal,1973,0,1782359218.2961235,0.0019240379333496094
70665,normal,1935,0,1782359218.2982519,0.0021283626556396484
70666,normal,736,0,1782359218.3000872,0.0018353462219238281
70667,normal,3526,0,1782359218.3022258,0.0021386146545410156
70668,normal,3435,0,1782359218.3040617,0.0018358230590820312
70669,normal,3461,0,1782359218.3060982,0.002036571502685547
70670,normal,1774,0,1782359218.308047,0.0019488334655761719
70671,normal,364,0,1782359218.3102846,0.002237558364868164
70672,normal,1155,0,1782359218.3120575,0.0017728805541992188
70673,normal,985,2,1782359218.3140416,0.001984119415283203
70674,normal,524,0,1782359218.3159962,0.0019545555114746094
70675,normal,592,0,1782359218.3181283,0.0021321773529052734
70676,normal,3690,0,1782359218.3200912,0.001962900161743164
70677,normal,1173,0,1782359218.3222363,0.002145051956176758
70678,normal,2336,0,1782359218.324065,0.0018286705017089844
70679,normal,606,0,1782359218.3260696,0.0020046234130859375
70680,normal,212,0,1782359218.3282628,0.0021932125091552734
70681,normal,478,0,1782359218.3300636,0.0018007755279541016
70682,normal,2525,0,1782359218.3322353,0.002171754837036133
70683,normal,1498,0,1782359218.334067,0.0018317699432373047
70684,normal,3042,0,1782359218.3362572,0.002190113067626953
70685,normal,1902,0,1782359218.3381426,0.0018854141235351562
70686,normal,223,0,1782359218.3403525,0.002209901809692383
70687,normal,1632,0,1782359218.3421664,0.0018138885498046875
70688,normal,1241,0,1782359218.344238,0.0020716190338134766
70689,normal,1593,0,1782359218.3463576,0.0021195411682128906
70690,normal,2073,0,1782359218.348189,0.0018315315246582031
70691,normal,2815,0,1782359218.3500898,0.0019006729125976562
70692,normal,2844,0,1782359218.3522358,0.002146005630493164
70693,normal,3647,0,1782359218.354248,0.0020122528076171875
70694,normal,1900,0,1782359218.3562396,0.0019915103912353516
70695,normal,1085,0,1782359218.3583918,0.0021522045135498047
70696,normal,1160,0,1782359218.3601975,0.0018057823181152344
70697,normal,2305,0,1782359218.3621316,0.001934051513671875
70698,normal,1114,0,1782359218.364272,0.002140522003173828
70699,normal,3179,1,1782359218.366154,0.0018818378448486328
70700,normal,3076,1,1782359218.3682775,0.002123594284057617
70701,normal,2811,0,1782359218.3702855,0.0020079612731933594
70702,normal,1485,0,1782359218.3722682,0.0019826889038085938
70703,normal,2047,0,1782359218.3742077,0.001939535140991211
70704,normal,294,0,1782359218.376277,0.002069234848022461
70705,normal,373,0,1782359218.3783014,0.002024412155151367
70706,normal,1821,0,1782359218.3802557,0.001954317092895508
70707,normal,984,2,1782359218.3825502,0.0022945404052734375
70708,normal,795,2,1782359218.3842397,0.0016894340515136719
70709,normal,3514,0,1782359218.38614,0.0019004344940185547
70710,normal,1554,0,1782359218.38846,0.002319812774658203
70711,normal,2487,0,1782359218.3901489,0.0016889572143554688
70712,normal,201,0,1782359218.39225,0.0021011829376220703
70713,normal,1424,0,1782359218.3944077,0.0021576881408691406
70714,normal,1656,0,1782359218.3961744,0.0017666816711425781
70715,normal,3359,1,1782359218.3982308,0.0020563602447509766
70716,normal,2387,0,1782359218.4001992,0.0019683837890625
70717,normal,1580,0,1782359218.4021032,0.0019040107727050781
70718,normal,1490,0,1782359218.4041984,0.0020952224731445312
70719,normal,863,2,1782359218.4061828,0.0019843578338623047
70720,normal,3485,0,1782359218.4080505,0.0018677711486816406
70721,normal,2313,0,1782359218.4102943,0.0022437572479248047
70722,normal,1808,0,1782359218.412058,0.0017638206481933594
70723,normal,3315,1,1782359218.4142234,0.0021653175354003906
70724,normal,185,0,1782359218.416053,0.0018296241760253906
70725,normal,2386,0,1782359218.4181836,0.0021305084228515625
70726,normal,3165,1,1782359218.42009,0.0019063949584960938
70727,normal,1868,0,1782359218.422193,0.002103090286254883
70728,normal,826,2,1782359218.4241836,0.0019905567169189453
70729,normal,1179,0,1782359218.4260929,0.0019092559814453125
70730,normal,2484,0,1782359218.4281857,0.0020928382873535156
70731,normal,244,0,1782359218.4302082,0.0020225048065185547
70732,normal,1526,0,1782359218.4320912,0.0018830299377441406
70733,normal,3068,1,1782359218.4341865,0.0020952224731445312
70734,normal,3583,0,1782359218.436191,0.0020046234130859375
70735,normal,3540,0,1782359218.438088,0.0018968582153320312
70736,normal,3203,1,1782359218.440182,0.0020940303802490234
70737,normal,1790,0,1782359218.4421859,0.002003908157348633
70738,normal,3142,1,1782359218.4440906,0.0019047260284423828
70739,normal,2018,0,1782359218.4461844,0.002093791961669922
70740,normal,3287,1,1782359218.4481874,0.0020029544830322266
70741,normal,1555,0,1782359218.4500928,0.0019054412841796875
70742,normal,2615,0,1782359218.4521937,0.0021009445190429688
70743,normal,221,0,1782359218.4541845,0.001990795135498047
70744,normal,372,0,1782359218.4560952,0.0019106864929199219
70745,normal,3093,1,1782359218.4581864,0.0020911693572998047
70746,normal,2175,0,1782359218.4601853,0.0019989013671875
70747,normal,1738,0,1782359218.4620986,0.001913309097290039
70748,normal,308,0,1782359218.4641843,0.0020856857299804688
70749,normal,211,0,1782359218.466189,0.0020046234130859375
70750,normal,593,0,1782359218.4680853,0.0018963813781738281
70751,normal,3217,1,1782359218.4701893,0.002104043960571289
70752,normal,2561,0,1782359218.4721856,0.001996278762817383
70753,normal,132,0,1782359218.4740963,0.0019106864929199219
70754,normal,3196,1,1782359218.4761522,0.0020558834075927734
70755,normal,3144,1,1782359218.4781868,0.0020346641540527344
70756,normal,2184,0,1782359218.4800901,0.0019032955169677734
70757,normal,555,0,1782359218.4821844,0.002094268798828125
70758,normal,2192,0,1782359218.4841871,0.002002716064453125
70759,normal,3298,1,1782359218.4860976,0.0019104480743408203
70760,normal,3656,0,1782359218.488184,0.0020864009857177734
70761,normal,3575,0,1782359218.4902,0.0020160675048828125
70762,normal,1069,0,1782359218.4920976,0.001897573471069336
70763,normal,843,2,1782359218.4941838,0.002086162567138672
70764,normal,1400,0,1782359218.4961853,0.002001523971557617
70765,normal,1723,0,1782359218.4980938,0.0019085407257080078
70766,normal,3129,1,1782359218.5001843,0.0020904541015625
70767,normal,3192,1,1782359218.5021877,0.0020034313201904297
70768,normal,1477,0,1782359218.504092,0.0019042491912841797
70769,normal,2075,0,1782359218.5061836,0.002091646194458008
70770,normal,348,0,1782359218.508199,0.002015352249145508
70771,normal,76,0,1782359218.5100942,0.0018951892852783203
70772,normal,2895,0,1782359218.5121844,0.0020902156829833984
70773,normal,353,0,1782359218.5141878,0.0020034313201904297
70774,normal,1417,0,1782359218.5160942,0.0019063949584960938
70775,normal,270,0,1782359218.5181775,0.002083301544189453
70776,normal,959,2,1782359218.5201814,0.002003908157348633
70777,normal,3211,1,1782359218.5220964,0.00191497802734375
70778,normal,2675,0,1782359218.5241797,0.002083301544189453
70779,normal,1062,0,1782359218.5261676,0.001987934112548828
70780,normal,648,0,1782359218.528094,0.001926422119140625
70781,normal,3019,0,1782359218.530202,0.002107858657836914
70782,normal,1070,0,1782359218.532185,0.001983165740966797
70783,normal,408,0,1782359218.5340528,0.0018677711486816406
70784,normal,2707,0,1782359218.5361845,0.0021317005157470703
70785,normal,1128,0,1782359218.5381987,0.00201416015625
70786,normal,235,0,1782359218.54009,0.0018913745880126953
70787,normal,2362,0,1782359218.5421925,0.002102375030517578
70788,normal,848,2,1782359218.5441842,0.001991748809814453
70789,normal,521,0,1782359218.5460908,0.0019066333770751953
70790,normal,266,0,1782359218.548183,0.002092123031616211
70791,normal,712,0,1782359218.550186,0.0020029544830322266
70792,normal,1822,0,1782359218.552088,0.0019021034240722656
70793,normal,5,0,1782359218.5541854,0.0020973682403564453
70794,normal,2369,0,1782359218.5561981,0.0020127296447753906
70795,normal,113,0,1782359218.558096,0.0018978118896484375
70796,normal,1379,1,1782359218.560183,0.002087116241455078
70797,normal,3353,1,1782359218.5621839,0.0020008087158203125
70798,normal,2039,0,1782359218.5640717,0.0018877983093261719
70799,normal,1333,1,1782359218.567196,0.003124237060546875
70800,normal,3687,0,1782359218.5680707,0.0008747577667236328
70801,normal,3277,1,1782359218.5701933,0.002122640609741211
70802,normal,1996,0,1782359218.572058,0.0018646717071533203
70803,normal,3610,0,1782359218.5742004,0.0021424293518066406
70804,normal,283,0,1782359218.5760636,0.001863241195678711
70805,normal,2769,0,1782359218.5781877,0.0021240711212158203
70806,normal,1847,0,1782359218.5802002,0.002012491226196289
70807,normal,1572,0,1782359218.5820951,0.0018949508666992188
70808,normal,2230,0,1782359218.5841818,0.002086639404296875
70809,normal,1278,0,1782359218.5862062,0.002024412155151367
70810,normal,494,0,1782359218.588062,0.0018558502197265625
70811,normal,482,0,1782359218.5901656,0.002103567123413086
70812,normal,802,2,1782359218.5921881,0.0020225048065185547
70813,normal,3118,1,1782359218.5940871,0.0018990039825439453
70814,normal,57,0,1782359218.5961845,0.0020973682403564453
70815,normal,2282,0,1782359218.598187,0.0020024776458740234
70816,normal,2353,0,1782359218.600053,0.0018661022186279297
70817,normal,892,2,1782359218.6021883,0.0021352767944335938
70818,normal,484,0,1782359218.6041873,0.0019989013671875
70819,normal,3051,1,1782359218.6060927,0.0019054412841796875
70820,normal,3145,1,1782359218.6082096,0.0021169185638427734
70821,normal,2259,0,1782359218.6101875,0.0019779205322265625
70822,normal,1763,0,1782359218.6121,0.0019123554229736328
70823,normal,1910,0,1782359218.6141896,0.0020897388458251953
70824,normal,1183,0,1782359218.6161866,0.0019969940185546875
70825,normal,3490,0,1782359218.6180935,0.0019068717956542969
70826,normal,2898,0,1782359218.620183,0.0020895004272460938
70827,normal,354,0,1782359218.6221845,0.002001523971557617
70828,normal,1244,0,1782359218.624097,0.0019125938415527344
70829,normal,43,0,1782359218.626187,0.002089977264404297
70830,normal,1178,0,1782359218.6281877,0.002000570297241211
70831,normal,2268,0,1782359218.6300945,0.0019068717956542969
70832,normal,3672,0,1782359218.63218,0.002085447311401367
70833,normal,1156,0,1782359218.6341872,0.0020072460174560547
70834,normal,3477,0,1782359218.636106,0.001918792724609375
70835,normal,1233,0,1782359218.6381905,0.002084493637084961
70836,normal,3135,1,1782359218.6401894,0.0019989013671875
70837,normal,3563,0,1782359218.6420949,0.0019054412841796875
70838,normal,711,0,1782359218.6441872,0.0020923614501953125
70839,normal,344,0,1782359218.6461997,0.002012491226196289
70840,normal,1447,0,1782359218.6480913,0.0018916130065917969
70841,normal,3520,0,1782359218.6501842,0.0020928382873535156
70842,normal,2617,0,1782359218.6521845,0.0020003318786621094
70843,normal,786,2,1782359218.654096,0.0019114017486572266
70844,normal,3364,1,1782359218.6561844,0.0020885467529296875
70845,normal,1551,0,1782359218.6581879,0.0020034313201904297
70846,normal,2320,0,1782359218.6601026,0.0019147396087646484
70847,normal,1814,0,1782359218.6622047,0.0021021366119384766
70848,normal,1198,0,1782359218.6641984,0.0019936561584472656
70849,normal,1370,1,1782359218.666098,0.00189971923828125
70850,normal,1040,0,1782359218.6681836,0.002085447311401367
70851,normal,605,0,1782359218.6701882,0.0020046234130859375
70852,normal,1039,0,1782359218.6720886,0.0019004344940185547
70853,normal,2810,0,1782359218.674252,0.002163410186767578
70854,normal,2275,0,1782359218.6762435,0.0019915103912353516
70855,normal,39,0,1782359218.6780908,0.0018472671508789062
70856,normal,836,2,1782359218.6801877,0.002096891403198242
70857,normal,2901,0,1782359218.6821866,0.0019989013671875
70858,normal,2773,0,1782359218.6840966,0.0019099712371826172
70859,normal,1098,0,1782359218.6861987,0.0021021366119384766
70860,normal,761,0,1782359218.6881871,0.0019884109497070312
70861,normal,1037,0,1782359218.6903002,0.0021131038665771484
70862,normal,25,0,1782359218.692234,0.0019338130950927734
70863,normal,1578,0,1782359218.6944778,0.0022437572479248047
70864,normal,3643,0,1782359218.6961446,0.0016667842864990234
70865,normal,1889,0,1782359218.698228,0.002083301544189453
70866,normal,3255,1,1782359218.7004743,0.002246379852294922
70867,normal,3027,0,1782359218.7021008,0.0016264915466308594
70868,normal,798,2,1782359218.7042358,0.002135038375854492
70869,normal,2741,0,1782359218.7063742,0.002138376235961914
70870,normal,3338,1,1782359218.7081492,0.0017750263214111328
70871,normal,487,0,1782359218.7102349,0.0020856857299804688
70872,normal,486,0,1782359218.7123737,0.002138853073120117
70873,normal,1577,0,1782359218.714124,0.0017502307891845703
70874,normal,3599,0,1782359218.7162437,0.002119779586791992
70875,normal,1121,0,1782359218.718482,0.0022382736206054688
70876,normal,1110,0,1782359218.7201195,0.0016374588012695312
70877,normal,1428,0,1782359218.7222285,0.002109050750732422
70878,normal,2550,0,1782359218.7244818,0.002253293991088867
70879,normal,1367,1,1782359218.7261455,0.0016636848449707031
70880,normal,3183,1,1782359218.728234,0.0020885467529296875
70881,normal,3181,1,1782359218.730391,0.002156972885131836
70882,normal,1684,0,1782359218.7322466,0.001855611801147461
70883,normal,2372,0,1782359218.7342172,0.001970529556274414
70884,normal,2633,0,1782359218.736195,0.0019779205322265625
70885,normal,3303,1,1782359218.7381191,0.0019240379333496094
70886,normal,2536,0,1782359218.740188,0.002068758010864258
70887,normal,120,0,1782359218.742184,0.0019960403442382812
70888,normal,1236,0,1782359218.7440965,0.0019125938415527344
70889,normal,2611,0,1782359218.7461817,0.0020852088928222656
70890,normal,173,0,1782359218.7481816,0.0019998550415039062
70891,normal,2837,0,1782359218.750097,0.0019154548645019531
70892,normal,2616,0,1782359218.7521725,0.0020754337310791016
70893,normal,466,0,1782359218.754184,0.002011537551879883
70894,normal,2962,0,1782359218.756089,0.0019049644470214844
70895,normal,1749,0,1782359218.7581873,0.0020983219146728516
70896,normal,3306,1,1782359218.760171,0.001983642578125
70897,normal,1547,0,1782359218.7621229,0.0019519329071044922
70898,normal,405,0,1782359218.7641866,0.002063751220703125
70899,normal,214,0,1782359218.7661743,0.0019876956939697266
70900,normal,62,0,1782359218.768098,0.0019237995147705078
70901,normal,3426,0,1782359218.7701793,0.002081155776977539
70902,normal,1871,0,1782359218.7722688,0.0020895004272460938
70903,normal,1835,0,1782359218.774108,0.0018391609191894531
70904,normal,2306,0,1782359218.7761014,0.001993417739868164
70905,normal,407,0,1782359218.778256,0.0021545886993408203
70906,normal,3691,0,1782359218.780282,0.002026081085205078
70907,normal,1894,0,1782359218.7822514,0.0019693374633789062
70908,normal,2054,0,1782359218.7844062,0.002154827117919922
70909,normal,854,2,1782359218.7861385,0.0017323493957519531
70910,normal,789,2,1782359218.7882416,0.002103090286254883
70911,normal,1416,0,1782359218.7902372,0.001995563507080078
70912,normal,159,0,1782359218.7921035,0.0018663406372070312
70913,normal,1806,0,1782359218.7942073,0.0021038055419921875
70914,normal,1848,0,1782359218.7962549,0.0020475387573242188
70915,normal,911,2,1782359218.7980547,0.0017998218536376953
70916,normal,3232,1,1782359218.8002114,0.0021567344665527344
70917,normal,154,0,1782359218.8022745,0.0020630359649658203
70918,normal,2168,0,1782359218.8040528,0.0017783641815185547
70919,normal,2708,0,1782359218.8062086,0.002155780792236328
70920,normal,2911,0,1782359218.8082638,0.0020551681518554688
70921,normal,2217,0,1782359218.8102372,0.001973390579223633
70922,normal,3413,0,1782359218.8122327,0.001995563507080078
70923,normal,2984,0,1782359218.8143928,0.0021600723266601562
70924,normal,2190,0,1782359218.8162732,0.0018804073333740234
70925,normal,3365,1,1782359218.8182323,0.001959085464477539
70926,normal,1131,0,1782359218.8203945,0.0021622180938720703
70927,normal,2819,0,1782359218.8221512,0.0017566680908203125
70928,normal,374,0,1782359218.824241,0.0020897388458251953
70929,normal,1030,0,1782359218.8263686,0.0021276473999023438
70930,normal,1158,0,1782359218.8281734,0.0018048286437988281
70931,normal,1898,0,1782359218.8302333,0.0020599365234375
70932,normal,812,2,1782359218.8323765,0.0021431446075439453
70933,normal,1034,0,1782359218.8341713,0.0017948150634765625
70934,normal,3571,0,1782359218.8362463,0.0020749568939208984
70935,normal,670,0,1782359218.8383808,0.002134561538696289
70936,normal,3410,0,1782359218.8401632,0.0017824172973632812
70937,normal,2542,0,1782359218.8422468,0.0020835399627685547
70938,normal,595,0,1782359218.8444052,0.0021584033966064453
70939,normal,792,2,1782359218.8461525,0.0017473697662353516
70940,normal,116,0,1782359218.8482335,0.0020809173583984375
70941,normal,1876,0,1782359218.8504028,0.002169370651245117
70942,normal,1059,0,1782359218.8521554,0.001752614974975586
70943,normal,3433,0,1782359218.8542309,0.0020754337310791016
70944,normal,2131,0,1782359218.8564093,0.0021784305572509766
70945,normal,245,0,1782359218.85818,0.0017707347869873047
70946,normal,2037,0,1782359218.8602278,0.0020477771759033203
70947,normal,1239,0,1782359218.862421,0.0021932125091552734
70948,normal,1487,0,1782359218.86416,0.0017390251159667969
70949,normal,2967,0,1782359218.866236,0.0020759105682373047
70950,normal,2613,0,1782359218.8683898,0.0021538734436035156
70951,normal,1047,0,1782359218.8702073,0.001817464828491211
70952,normal,1857,0,1782359218.8722682,0.0020608901977539062
70953,normal,3434,0,1782359218.8744078,0.002139568328857422
70954,normal,1617,0,1782359218.8761115,0.0017037391662597656
70955,normal,3240,1,1782359218.8782344,0.0021228790283203125
70956,normal,85,0,1782359218.8803709,0.0021364688873291016
70957,normal,630,0,1782359218.8821719,0.0018010139465332031
70958,normal,111,0,1782359218.8842356,0.002063751220703125
70959,normal,2141,0,1782359218.8863642,0.00212860107421875
70960,normal,724,0,1782359218.8881135,0.001749277114868164
70961,normal,2903,0,1782359218.8902438,0.002130270004272461
70962,normal,2265,0,1782359218.8923526,0.0021088123321533203
70963,normal,250,0,1782359218.8941221,0.0017695426940917969
70964,normal,1514,0,1782359218.8963177,0.002195596694946289
70965,normal,2330,0,1782359218.8981504,0.001832723617553711
70966,normal,2631,0,1782359218.9003396,0.002189159393310547
70967,normal,3227,1,1782359218.9020748,0.0017352104187011719
70968,normal,1673,0,1782359218.9043477,0.0022728443145751953
70969,normal,1688,0,1782359218.9061227,0.0017750263214111328
70970,normal,2907,0,1782359218.9082153,0.002092599868774414
70971,normal,3161,1,1782359218.9103653,0.0021500587463378906
70972,normal,2407,0,1782359218.9121194,0.0017540454864501953
70973,normal,2476,0,1782359218.9142222,0.0021028518676757812
70974,normal,809,2,1782359218.9163527,0.0021305084228515625
70975,normal,2971,0,1782359218.9181216,0.0017688274383544922
70976,normal,3131,1,1782359218.9202282,0.0021066665649414062
70977,normal,2026,0,1782359218.9223597,0.0021314620971679688
70978,normal,2725,0,1782359218.9240658,0.0017061233520507812
70979,normal,1472,0,1782359218.9261758,0.002110004425048828
70980,normal,1245,0,1782359218.928267,0.0020911693572998047
70981,normal,1313,0,1782359218.9303107,0.0020437240600585938
70982,normal,267,0,1782359218.9320629,0.0017521381378173828
70983,normal,1001,2,1782359218.9344592,0.0023963451385498047
70984,normal,1320,1,1782359218.936069,0.00160980224609375
70985,normal,2260,0,1782359218.9381444,0.0020754337310791016
70986,normal,2340,0,1782359218.9403577,0.0022132396697998047
70987,normal,2685,0,1782359218.9423385,0.0019807815551757812
70988,normal,3692,0,1782359218.9442055,0.001867055892944336
70989,normal,1009,2,1782359218.9463446,0.0021390914916992188
70990,normal,2681,0,1782359218.9482725,0.0019278526306152344
70991,normal,1149,0,1782359218.950057,0.0017845630645751953
70992,normal,163,0,1782359218.9522734,0.002216339111328125
70993,normal,1268,0,1782359218.9540546,0.0017812252044677734
70994,normal,1462,0,1782359218.9561636,0.002109050750732422
70995,normal,3138,1,1782359218.9584212,0.0022575855255126953
70996,normal,3325,1,1782359218.960312,0.0018906593322753906
70997,normal,1654,0,1782359218.9620578,0.0017459392547607422
70998,normal,2086,0,1782359218.9642239,0.0021660327911376953
70999,normal,1,0,1782359218.9662583,0.002034425735473633
71000,normal,543,0,1782359218.968083,0.0018246173858642578
71001,normal,3543,0,1782359218.9700952,0.0020122528076171875
71002,normal,2905,0,1782359218.9720755,0.001980304718017578
71003,normal,2709,0,1782359218.9741347,0.0020592212677001953
71004,normal,2166,0,1782359218.9762099,0.0020751953125
71005,normal,2897,0,1782359218.9780416,0.0018317699432373047
71006,normal,2157,0,1782359218.9802063,0.002164602279663086
71007,normal,2786,0,1782359218.982229,0.0020227432250976562
71008,normal,2453,0,1782359218.984247,0.002017974853515625
71009,normal,92,0,1782359218.9860728,0.0018258094787597656
71010,normal,350,0,1782359218.9882588,0.0021860599517822266
71011,normal,2743,0,1782359218.9900906,0.0018317699432373047
71012,normal,1850,0,1782359218.9922013,0.002110719680786133
71013,normal,162,0,1782359218.9942386,0.0020372867584228516
71014,normal,3029,0,1782359218.9960904,0.001851797103881836
71015,normal,3086,1,1782359218.9982114,0.0021209716796875
71016,normal,49,0,1782359219.0002537,0.0020422935485839844
71017,normal,2152,0,1782359219.0020804,0.0018267631530761719
71018,normal,909,2,1782359219.0042012,0.0021207332611083984
71019,normal,668,0,1782359219.0062492,0.002048015594482422
71020,normal,2257,0,1782359219.008078,0.001828908920288086
71021,normal,2405,0,1782359219.0102086,0.0021305084228515625
71022,normal,2581,0,1782359219.0122607,0.0020520687103271484
71023,normal,391,0,1782359219.0140815,0.0018208026885986328
71024,normal,3369,1,1782359219.016202,0.002120494842529297
71025,normal,2630,0,1782359219.0182555,0.002053499221801758
71026,normal,2298,0,1782359219.0200799,0.0018243789672851562
71027,normal,2933,0,1782359219.0221994,0.0021195411682128906
71028,normal,1027,2,1782359219.0242493,0.0020499229431152344
71029,normal,205,0,1782359219.0260737,0.0018243789672851562
71030,normal,1446,0,1782359219.0281982,0.0021245479583740234
71031,normal,3579,0,1782359219.030258,0.0020596981048583984
71032,normal,2365,0,1782359219.0320866,0.0018286705017089844
71033,normal,333,0,1782359219.0342102,0.002123594284057617
71034,normal,3030,0,1782359219.0362642,0.002053976058959961
71035,normal,3429,0,1782359219.03808,0.0018157958984375
71036,normal,329,0,1782359219.0402007,0.0021207332611083984
71037,normal,899,2,1782359219.042245,0.002044200897216797
71038,normal,3256,1,1782359219.0440867,0.0018417835235595703
71039,normal,1683,0,1782359219.0461924,0.002105712890625
71040,normal,2411,0,1782359219.0482624,0.0020699501037597656
71041,normal,1483,0,1782359219.0500731,0.0018107891082763672
71042,normal,2076,0,1782359219.0522053,0.0021321773529052734
71043,normal,3209,1,1782359219.054244,0.002038717269897461
71044,normal,997,2,1782359219.0560932,0.0018491744995117188
71045,normal,1941,0,1782359219.0581834,0.0020902156829833984
71046,normal,73,0,1782359219.060262,0.002078533172607422
71047,normal,638,0,1782359219.0620754,0.0018134117126464844
71048,normal,2046,0,1782359219.0642064,0.0021309852600097656
71049,normal,2322,0,1782359219.066253,0.0020465850830078125
71050,normal,2557,0,1782359219.0680847,0.0018317699432373047
71051,normal,661,0,1782359219.0701993,0.002114534378051758
71052,normal,1978,0,1782359219.07225,0.002050638198852539
71053,normal,580,0,1782359219.0740743,0.0018243789672851562
71054,normal,549,0,1782359219.0762138,0.002139568328857422
71055,normal,1882,0,1782359219.0782359,0.0020220279693603516
71056,normal,705,0,1782359219.0800872,0.0018513202667236328
71057,normal,2854,0,1782359219.0821881,0.0021009445190429688
71058,normal,3158,1,1782359219.084261,0.0020728111267089844
71059,normal,2890,0,1782359219.0860782,0.0018172264099121094
71060,normal,2835,0,1782359219.0882027,0.0021245479583740234
71061,normal,2060,0,1782359219.09026,0.002057313919067383
71062,normal,93,0,1782359219.092086,0.0018260478973388672
71063,normal,253,0,1782359219.09419,0.0021038055419921875
71064,normal,0,0,1782359219.0962512,0.0020613670349121094
71065,normal,126,0,1782359219.0980814,0.0018301010131835938
71066,normal,2180,0,1782359219.1002042,0.0021228790283203125
71067,normal,2519,0,1782359219.1022658,0.002061605453491211
71068,normal,9,0,1782359219.104086,0.0018200874328613281
71069,normal,2970,0,1782359219.1061897,0.0021038055419921875
71070,normal,2286,0,1782359219.1082494,0.0020596981048583984
71071,normal,238,0,1782359219.1100879,0.0018384456634521484
71072,normal,3491,0,1782359219.112207,0.0021190643310546875
71073,normal,3684,0,1782359219.1142826,0.002075672149658203
71074,normal,1117,0,1782359219.1160872,0.0018045902252197266
71075,normal,2861,0,1782359219.1181893,0.0021021366119384766
71076,normal,1955,0,1782359219.1202543,0.002064943313598633
71077,normal,1201,0,1782359219.122082,0.0018277168273925781
71078,normal,122,0,1782359219.1242037,0.0021216869354248047
71079,normal,58,0,1782359219.126275,0.002071380615234375
71080,normal,1053,0,1782359219.1280873,0.0018122196197509766
71081,normal,1816,0,1782359219.13019,0.0021026134490966797
71082,normal,1561,0,1782359219.1322594,0.0020694732666015625
71083,normal,2202,0,1782359219.1343923,0.002132892608642578
71084,normal,3649,0,1782359219.1361072,0.001714944839477539
71085,normal,112,0,1782359219.1385634,0.002456188201904297
71086,normal,1926,0,1782359219.1402571,0.0016937255859375
71087,normal,1722,0,1782359219.1420903,0.001833200454711914
71088,normal,2270,0,1782359219.1443381,0.0022478103637695312
71089,normal,794,2,1782359219.146056,0.0017178058624267578
71090,normal,251,0,1782359219.1482358,0.002179861068725586
71091,normal,3332,1,1782359219.1502016,0.001965761184692383
71092,normal,825,2,1782359219.1522467,0.002045154571533203
71093,normal,225,0,1782359219.1542435,0.001996755599975586
71094,normal,2862,0,1782359219.1560795,0.0018360614776611328
71095,normal,2514,0,1782359219.1580603,0.0019807815551757812
71096,normal,3391,1,1782359219.1600804,0.002020120620727539
71097,normal,3049,1,1782359219.1622198,0.0021393299102783203
71098,normal,1409,0,1782359219.1639993,0.0017795562744140625
71099,normal,2770,0,1782359219.1660318,0.0020325183868408203
71100,normal,571,0,1782359219.168375,0.0023431777954101562
71101,normal,2085,0,1782359219.1700675,0.0016925334930419922
71102,normal,1086,0,1782359219.1720278,0.001960277557373047
71103,normal,3568,0,1782359219.174257,0.0022292137145996094
71104,normal,1288,0,1782359219.1760488,0.0017917156219482422
71105,normal,3133,1,1782359219.178207,0.0021581649780273438
71106,normal,610,0,1782359219.1800992,0.0018923282623291016
71107,normal,2227,0,1782359219.1822197,0.002120494842529297
71108,normal,3340,1,1782359219.1842928,0.002073049545288086
71109,normal,1267,0,1782359219.186144,0.0018513202667236328
71110,normal,767,0,1782359219.1881003,0.0019562244415283203
71111,normal,3218,1,1782359219.1902342,0.0021338462829589844
71112,normal,2346,0,1782359219.1920626,0.0018284320831298828
71113,normal,3449,0,1782359219.194058,0.0019953250885009766
71114,normal,2462,0,1782359219.1960647,0.0020067691802978516
71115,normal,1839,0,1782359219.1982696,0.00220489501953125
71116,normal,1314,0,1782359219.200059,0.0017893314361572266
71117,normal,194,0,1782359219.2022634,0.002204418182373047
71118,normal,2304,0,1782359219.2041147,0.0018513202667236328
71119,normal,3243,1,1782359219.2061484,0.002033710479736328
71120,normal,1662,0,1782359219.2081006,0.0019521713256835938
71121,normal,3709,0,1782359219.2102675,0.0021669864654541016
71122,normal,2117,0,1782359219.212061,0.0017933845520019531
71123,normal,1046,0,1782359219.2142594,0.002198457717895508
71124,normal,2553,0,1782359219.2161283,0.0018689632415771484
71125,normal,2774,0,1782359219.21821,0.002081632614135742
71126,normal,1157,0,1782359219.2202783,0.0020682811737060547
71127,normal,1737,0,1782359219.2221317,0.0018534660339355469
71128,normal,2755,0,1782359219.224233,0.0021011829376220703
71129,normal,2378,0,1782359219.226236,0.002003192901611328
71130,normal,1518,0,1782359219.228127,0.0018908977508544922
71131,normal,1519,0,1782359219.23021,0.0020830631256103516
71132,normal,2814,0,1782359219.232176,0.0019659996032714844
71133,normal,2887,0,1782359219.2342913,0.0021152496337890625
71134,normal,2303,0,1782359219.236188,0.0018966197967529297
71135,normal,3576,0,1782359219.2380831,0.0018951892852783203
71136,normal,540,0,1782359219.2402785,0.0021953582763671875
71137,normal,1827,0,1782359219.242108,0.0018296241760253906
71138,normal,529,0,1782359219.2442498,0.002141714096069336
71139,normal,415,0,1782359219.2461135,0.001863718032836914
71140,normal,2782,0,1782359219.2482214,0.002107858657836914
71141,normal,709,0,1782359219.2500782,0.0018568038940429688
71142,normal,438,0,1782359219.252322,0.0022437572479248047
71143,normal,1063,0,1782359219.254058,0.0017359256744384766
71144,normal,846,2,1782359219.2562606,0.002202749252319336
71145,normal,3077,1,1782359219.2581317,0.0018711090087890625
71146,normal,3125,1,1782359219.260231,0.002099275588989258
71147,normal,300,0,1782359219.2622397,0.002008676528930664
71148,normal,1375,1,1782359219.2640548,0.0018150806427001953
71149,normal,2145,0,1782359219.2662382,0.0021834373474121094
71150,normal,3193,1,1782359219.2682374,0.0019991397857666016
71151,normal,2092,0,1782359219.270135,0.001897573471069336
71152,normal,1077,0,1782359219.2722793,0.002144336700439453
71153,normal,343,0,1782359219.2740543,0.0017750263214111328
71154,normal,2910,0,1782359219.276255,0.002200603485107422
71155,normal,40,0,1782359219.2781227,0.0018677711486816406
71156,normal,2712,0,1782359219.2802494,0.0021266937255859375
71157,normal,3282,1,1782359219.282123,0.0018737316131591797
71158,normal,2291,0,1782359219.28421,0.0020868778228759766
71159,normal,89,0,1782359219.2860837,0.0018737316131591797
71160,normal,2337,0,1782359219.288245,0.002161264419555664
71161,normal,2342,0,1782359219.290059,0.001814126968383789
71162,normal,603,0,1782359219.292261,0.0022017955780029297
71163,normal,2104,0,1782359219.2941177,0.0018568038940429688
71164,normal,2942,0,1782359219.296213,0.0020952224731445312
71165,normal,531,0,1782359219.298101,0.0018880367279052734
71166,normal,525,0,1782359219.3003013,0.0022003650665283203
71167,normal,2106,0,1782359219.3021605,0.0018591880798339844
71168,normal,323,0,1782359219.3040557,0.0018951892852783203
71169,normal,1270,0,1782359219.3063042,0.002248525619506836
71170,normal,1465,0,1782359219.3080626,0.0017583370208740234
71171,normal,1528,0,1782359219.310255,0.0021924972534179688
71172,normal,2014,0,1782359219.3122768,0.00202178955078125
71173,normal,871,2,1782359219.314062,0.0017852783203125
71174,normal,2957,0,1782359219.3162298,0.0021677017211914062
71175,normal,2296,0,1782359219.3180907,0.0018608570098876953
71176,normal,2449,0,1782359219.3202176,0.002126932144165039
71177,normal,797,2,1782359219.322066,0.001848459243774414
71178,normal,1489,0,1782359219.32429,0.002223968505859375
71179,normal,1036,0,1782359219.3261147,0.0018246173858642578
71180,normal,3458,0,1782359219.3280685,0.0019538402557373047
71181,normal,585,0,1782359219.3301013,0.002032756805419922
71182,normal,2880,0,1782359219.3320682,0.0019669532775878906
71183,normal,1852,0,1782359219.3342257,0.002157449722290039
71184,normal,1964,0,1782359219.3360975,0.0018718242645263672
71185,normal,1639,0,1782359219.3382175,0.0021200180053710938
71186,normal,1620,0,1782359219.3400812,0.001863718032836914
71187,normal,3350,1,1782359219.3422983,0.0022170543670654297
71188,normal,2776,0,1782359219.344114,0.0018157958984375
71189,normal,2829,0,1782359219.3460546,0.0019404888153076172
71190,normal,2636,0,1782359219.3483016,0.0022470951080322266
71191,normal,2658,0,1782359219.3500488,0.00174713134765625
71192,normal,1866,0,1782359219.3520598,0.0020110607147216797
71193,normal,3292,1,1782359219.3542142,0.0021543502807617188
71194,normal,1553,0,1782359219.3560402,0.0018260478973388672
71195,normal,2659,0,1782359219.3581867,0.002146482467651367
71196,normal,2425,0,1782359219.3601587,0.0019719600677490234
71197,normal,1692,0,1782359219.3622005,0.0020418167114257812
71198,normal,36,0,1782359219.3640797,0.0018792152404785156
71199,normal,3593,0,1782359219.3662236,0.00214385986328125
71200,normal,361,0,1782359219.3683283,0.0021047592163085938
71201,normal,635,0,1782359219.3700902,0.0017619132995605469
71202,normal,1542,0,1782359219.372367,0.0022766590118408203
71203,normal,2562,0,1782359219.3741193,0.0017523765563964844
71204,normal,2846,0,1782359219.3762393,0.0021200180053710938
71205,normal,1644,0,1782359219.3784363,0.0021970272064208984
71206,normal,845,2,1782359219.3801265,0.0016901493072509766
71207,normal,3512,0,1782359219.3822308,0.0021042823791503906
71208,normal,570,0,1782359219.3843818,0.002151012420654297
71209,normal,1374,1,1782359219.3861187,0.0017368793487548828
71210,normal,399,0,1782359219.3883922,0.0022735595703125
71211,normal,2882,0,1782359219.3903306,0.0019383430480957031
71212,normal,2247,0,1782359219.392135,0.001804351806640625
71213,normal,887,2,1782359219.3942275,0.002092599868774414
71214,normal,2876,0,1782359219.396463,0.00223541259765625
71215,normal,318,0,1782359219.3981094,0.0016465187072753906
71216,normal,421,0,1782359219.4005275,0.002418041229248047
71217,normal,3208,1,1782359219.4023015,0.0017740726470947266
71218,normal,1348,1,1782359219.4042463,0.0019447803497314453
71219,normal,378,0,1782359219.4062254,0.0019791126251220703
71220,normal,3362,1,1782359219.4084697,0.002244234085083008
71221,normal,2307,0,1782359219.4101145,0.0016448497772216797
71222,normal,2445,0,1782359219.412225,0.0021104812622070312
71223,normal,1918,0,1782359219.4143689,0.00214385986328125
71224,normal,1335,1,1782359219.4161196,0.0017507076263427734
71225,normal,1709,0,1782359219.4182312,0.002111673355102539
71226,normal,3499,0,1782359219.4204764,0.002245187759399414
71227,normal,1713,0,1782359219.4221067,0.0016303062438964844
71228,normal,1452,0,1782359219.4243765,0.002269744873046875
71229,normal,141,0,1782359219.4263837,0.0020072460174560547
71230,normal,2504,0,1782359219.428246,0.0018622875213623047
71231,normal,3522,0,1782359219.430239,0.001992940902709961
71232,normal,332,0,1782359219.43248,0.0022411346435546875
71233,normal,2597,0,1782359219.434108,0.0016279220581054688
71234,normal,2919,0,1782359219.4363682,0.0022602081298828125
71235,normal,2678,0,1782359219.4383163,0.0019481182098388672
71236,normal,1165,0,1782359219.4402444,0.001928091049194336
71237,normal,1541,0,1782359219.4422286,0.001984119415283203
71238,normal,2280,0,1782359219.4444804,0.002251863479614258
71239,normal,874,2,1782359219.446103,0.0016226768493652344
71240,normal,2599,0,1782359219.4483707,0.002267599105834961
71241,normal,1449,0,1782359219.4502985,0.0019278526306152344
71242,normal,987,2,1782359219.452242,0.001943349838256836
71243,normal,3202,1,1782359219.4542308,0.0019888877868652344
71244,normal,1196,0,1782359219.4563665,0.002135753631591797
71245,normal,1435,0,1782359219.4580996,0.0017330646514892578
71246,normal,3363,1,1782359219.4603872,0.002287626266479492
71247,normal,1194,0,1782359219.4623053,0.0019180774688720703
71248,normal,3331,1,1782359219.4642448,0.001939535140991211
71249,normal,29,0,1782359219.466245,0.002000093460083008
71250,normal,1297,0,1782359219.4684846,0.002239704132080078
71251,normal,2688,0,1782359219.4700973,0.0016126632690429688
71252,normal,102,0,1782359219.4723754,0.0022780895233154297
71253,normal,1425,0,1782359219.4743078,0.001932382583618164
71254,normal,2823,0,1782359219.4762447,0.0019369125366210938
71255,normal,1668,0,1782359219.4782195,0.001974821090698242
71256,normal,2188,0,1782359219.4803805,0.0021610260009765625
71257,normal,3205,1,1782359219.4820998,0.0017192363739013672
71258,normal,3219,1,1782359219.4843829,0.0022830963134765625
71259,normal,301,0,1782359219.4862432,0.0018603801727294922
71260,normal,1237,0,1782359219.488243,0.0019998550415039062
71261,normal,123,0,1782359219.4902344,0.00199127197265625
71262,normal,1786,0,1782359219.4924936,0.0022592544555664062
71263,normal,834,2,1782359219.4941256,0.0016319751739501953
71264,normal,1071,0,1782359219.4962006,0.0020749568939208984
71265,normal,1552,0,1782359219.4982622,0.002061605453491211
71266,normal,1901,0,1782359219.5001056,0.0018434524536132812
71267,normal,3510,0,1782359219.5022037,0.00209808349609375
71268,normal,844,2,1782359219.504276,0.0020723342895507812
71269,normal,2072,0,1782359219.5062842,0.002008199691772461
71270,normal,623,0,1782359219.5082567,0.0019724369049072266
71271,normal,681,0,1782359219.510365,0.002108335494995117
71272,normal,665,0,1782359219.5121284,0.0017633438110351562
71273,normal,1770,0,1782359219.5142436,0.0021152496337890625
71274,normal,1504,0,1782359219.5164254,0.0021817684173583984
71275,normal,2871,0,1782359219.5181148,0.0016894340515136719
71276,normal,675,0,1782359219.520415,0.002300262451171875
71277,normal,828,2,1782359219.5222685,0.0018534660339355469
71278,normal,2418,0,1782359219.5241225,0.00185394287109375
71279,normal,641,0,1782359219.5263839,0.0022614002227783203
71280,normal,3222,1,1782359219.5282593,0.0018754005432128906
71281,normal,2584,0,1782359219.5301194,0.0018601417541503906
71282,normal,404,0,1782359219.53238,0.0022606849670410156
71283,normal,115,0,1782359219.5342612,0.0018811225891113281
71284,normal,2384,0,1782359219.5361037,0.001842498779296875
71285,normal,853,2,1782359219.5384164,0.0023126602172851562
71286,normal,380,0,1782359219.5402765,0.0018601417541503906
71287,normal,701,0,1782359219.5421095,0.0018329620361328125
71288,normal,3031,0,1782359219.5444138,0.0023043155670166016
71289,normal,2702,0,1782359219.5462625,0.0018486976623535156
71290,normal,1049,0,1782359219.5482738,0.0020112991333007812
71291,normal,1674,0,1782359219.5502381,0.0019643306732177734
71292,normal,3555,0,1782359219.5524085,0.0021703243255615234
71293,normal,51,0,1782359219.5541081,0.001699686050415039
71294,normal,1729,0,1782359219.5564184,0.0023102760314941406
71295,normal,1282,0,1782359219.5582843,0.0018658638000488281
71296,normal,865,2,1782359219.5601175,0.001833200454711914
71297,normal,1061,0,1782359219.5623968,0.0022792816162109375
71298,normal,2483,0,1782359219.5642645,0.0018677711486816406
71299,normal,1927,0,1782359219.5661137,0.0018491744995117188
71300,normal,1294,0,1782359219.568391,0.002277374267578125
71301,normal,2847,0,1782359219.570277,0.0018858909606933594
71302,normal,2651,0,1782359219.5721164,0.0018393993377685547
71303,normal,60,0,1782359219.5744176,0.0023012161254882812
71304,normal,2163,0,1782359219.57627,0.0018525123596191406
71305,normal,477,0,1782359219.57827,0.0019998550415039062
71306,normal,2904,0,1782359219.5802543,0.0019843578338623047
71307,normal,772,2,1782359219.582275,0.002020597457885742
71308,normal,3056,1,1782359219.5841162,0.0018413066864013672
71309,normal,1597,0,1782359219.586393,0.002276897430419922
71310,normal,2427,0,1782359219.5882785,0.0018854141235351562
71311,normal,1823,0,1782359219.5902977,0.002019166946411133
71312,normal,1856,0,1782359219.592257,0.0019593238830566406
71313,normal,633,0,1782359219.5943966,0.002139568328857422
71314,normal,1924,0,1782359219.5961263,0.001729726791381836
71315,normal,3242,1,1782359219.5983956,0.002269268035888672
71316,normal,242,0,1782359219.600283,0.0018873214721679688
71317,normal,3103,1,1782359219.6021223,0.0018393993377685547
71318,normal,2580,0,1782359219.6043923,0.0022699832916259766
71319,normal,474,0,1782359219.6062799,0.0018875598907470703
71320,normal,3493,0,1782359219.6081161,0.0018362998962402344
71321,normal,976,2,1782359219.6103938,0.0022776126861572266
71322,normal,2463,0,1782359219.6122768,0.0018830299377441406
71323,normal,1711,0,1782359219.6142952,0.002018451690673828
71324,normal,2009,0,1782359219.6162632,0.001967906951904297
71325,normal,3008,0,1782359219.6182835,0.0020203590393066406
71326,normal,3442,0,1782359219.6201212,0.0018377304077148438
71327,normal,2233,0,1782359219.6224136,0.0022923946380615234
71328,normal,3401,1,1782359219.6242583,0.001844644546508789
71329,normal,3055,1,1782359219.6261196,0.0018613338470458984
71330,normal,3018,0,1782359219.628408,0.002288341522216797
71331,normal,3268,1,1782359219.6303902,0.0019822120666503906
71332,normal,604,0,1782359219.6323183,0.001928091049194336
71333,normal,2696,0,1782359219.6341178,0.0017995834350585938
71334,normal,3229,1,1782359219.6363525,0.0022346973419189453
71335,normal,470,0,1782359219.638123,0.0017704963684082031
71336,normal,224,0,1782359219.6402311,0.0021080970764160156
71337,normal,608,0,1782359219.6423695,0.002138376235961914
71338,normal,677,0,1782359219.644103,0.001733541488647461
71339,normal,2796,0,1782359219.6462412,0.0021381378173828125
71340,normal,1862,0,1782359219.648348,0.002106904983520508
71341,normal,3399,1,1782359219.6501217,0.0017735958099365234
71342,normal,1533,0,1782359219.652228,0.0021064281463623047
71343,normal,2817,0,1782359219.654203,0.001974821090698242
71344,normal,2655,0,1782359219.6560626,0.0018596649169921875
71345,normal,1423,0,1782359219.658081,0.002018451690673828
71346,normal,3578,0,1782359219.6603172,0.0022361278533935547
71347,normal,2966,0,1782359219.6620948,0.00177764892578125
71348,normal,3259,1,1782359219.6642537,0.0021588802337646484
71349,normal,2109,0,1782359219.6662502,0.0019965171813964844
71350,normal,448,0,1782359219.6682606,0.002010345458984375
71351,normal,2472,0,1782359219.6702263,0.001965761184692383
71352,normal,2629,0,1782359219.6725185,0.002292156219482422
71353,normal,2915,0,1782359219.6741383,0.0016198158264160156
71354,normal,2533,0,1782359219.6762576,0.002119302749633789
71355,normal,3295,1,1782359219.6782422,0.0019845962524414062
71356,normal,1381,1,1782359219.6802843,0.002042055130004883
71357,normal,2618,0,1782359219.6822422,0.0019578933715820312
71358,normal,1107,0,1782359219.6844099,0.0021677017211914062
71359,normal,1159,0,1782359219.686128,0.0017180442810058594
71360,normal,328,0,1782359219.688379,0.002251148223876953
71361,normal,188,0,1782359219.690302,0.0019228458404541016
71362,normal,1271,0,1782359219.6921246,0.0018227100372314453
71363,normal,2382,0,1782359219.6943808,0.002256155014038086
71364,normal,1217,0,1782359219.6962688,0.0018880367279052734
71365,normal,1625,0,1782359219.6981387,0.0018699169158935547
71366,normal,3225,1,1782359219.7002633,0.0021245479583740234
71367,normal,2465,0,1782359219.7022629,0.0019996166229248047
71368,normal,1274,0,1782359219.7041183,0.0018553733825683594
71369,normal,2477,0,1782359219.7064009,0.0022826194763183594
71370,normal,3136,1,1782359219.708259,0.0018582344055175781
71371,normal,3505,0,1782359219.7101233,0.0018641948699951172
71372,normal,2478,0,1782359219.712375,0.0022516250610351562
71373,normal,1832,0,1782359219.714276,0.0019011497497558594
71374,normal,2235,0,1782359219.7161224,0.0018463134765625
71375,normal,1226,0,1782359219.7183824,0.002259969711303711
71376,normal,2098,0,1782359219.7202582,0.0018758773803710938
71377,normal,1387,0,1782359219.7221117,0.0018534660339355469
71378,normal,125,0,1782359219.7243981,0.0022864341735839844
71379,normal,3445,0,1782359219.7262661,0.0018680095672607422
71380,normal,2363,0,1782359219.7281249,0.0018587112426757812
71381,normal,334,0,1782359219.7303796,0.0022547245025634766
71382,normal,908,2,1782359219.7322736,0.0018939971923828125
71383,normal,1281,0,1782359219.7341256,0.0018520355224609375
71384,normal,2013,0,1782359219.7363758,0.002250194549560547
71385,normal,1089,0,1782359219.7382843,0.0019085407257080078
71386,normal,2041,0,1782359219.7401226,0.0018382072448730469
71387,normal,2089,0,1782359219.7423806,0.0022580623626708984
71388,normal,518,0,1782359219.7442567,0.0018761157989501953
71389,normal,4,0,1782359219.7461398,0.0018830299377441406
71390,normal,600,0,1782359219.7482536,0.002113819122314453
71391,normal,2625,0,1782359219.7502606,0.002007007598876953
71392,normal,1585,0,1782359219.752117,0.0018563270568847656
71393,normal,781,2,1782359219.7543843,0.0022673606872558594
71394,normal,811,2,1782359219.756255,0.0018706321716308594
71395,normal,2791,0,1782359219.7581205,0.0018656253814697266
71396,normal,171,0,1782359219.760393,0.002272367477416992
71397,normal,2951,0,1782359219.7622783,0.0018854141235351562
71398,normal,3032,0,1782359219.7641149,0.001836538314819336
71399,normal,2822,0,1782359219.766388,0.002273082733154297
71400,normal,833,2,1782359219.7682486,0.0018606185913085938
71401,normal,1486,0,1782359219.7702746,0.002026081085205078
71402,normal,1736,0,1782359219.7724032,0.00212860107421875
71403,normal,3394,1,1782359219.774222,0.0018186569213867188
71404,normal,2772,0,1782359219.7761285,0.0019066333770751953
71405,normal,1931,0,1782359219.778416,0.0022873878479003906
71406,normal,3534,0,1782359219.7802422,0.0018262863159179688
71407,normal,3587,0,1782359219.782283,0.002040863037109375
71408,normal,572,0,1782359219.7842379,0.001954793930053711
71409,normal,2114,0,1782359219.786421,0.002183198928833008
71410,normal,489,0,1782359219.7881627,0.001741647720336914
71411,normal,919,2,1782359219.7902918,0.002129077911376953
71412,normal,3396,1,1782359219.7922578,0.0019659996032714844
71413,normal,1444,0,1782359219.7941113,0.0018534660339355469
71414,normal,307,0,1782359219.7963998,0.0022885799407958984
71415,normal,2480,0,1782359219.7982597,0.001859903335571289
71416,normal,1883,0,1782359219.8001075,0.0018477439880371094
71417,normal,3476,0,1782359219.8023918,0.0022842884063720703
71418,normal,1974,0,1782359219.8042827,0.0018908977508544922
71419,normal,2598,0,1782359219.8062825,0.0019998550415039062
71420,normal,1437,0,1782359219.8082535,0.001971006393432617
71421,normal,429,0,1782359219.8102763,0.0020227432250976562
71422,normal,2189,0,1782359219.8121204,0.001844167709350586
71423,normal,2993,0,1782359219.8143961,0.002275705337524414
71424,normal,3087,1,1782359219.8162909,0.0018947124481201172
71425,normal,2064,0,1782359219.8181252,0.0018343925476074219
71426,normal,2649,0,1782359219.8203938,0.002268552780151367
71427,normal,2401,0,1782359219.8222904,0.0018966197967529297
71428,normal,1659,0,1782359219.8241148,0.0018243789672851562
71429,normal,689,0,1782359219.8263936,0.0022788047790527344
71430,normal,2808,0,1782359219.828255,0.0018613338470458984
71431,normal,3112,1,1782359219.830148,0.0018930435180664062
71432,normal,33,0,1782359219.832256,0.0021080970764160156
71433,normal,731,0,1782359219.8343978,0.002141714096069336
71434,normal,1176,0,1782359219.8361285,0.0017306804656982422
71435,normal,2870,0,1782359219.838239,0.0021104812622070312
71436,normal,1197,0,1782359219.8404064,0.0021674633026123047
71437,normal,3025,0,1782359219.8421204,0.0017139911651611328
71438,normal,105,0,1782359219.844386,0.0022656917572021484
71439,normal,1610,0,1782359219.846267,0.0018808841705322266
71440,normal,881,2,1782359219.8481183,0.0018513202667236328
71441,normal,2620,0,1782359219.8503942,0.0022759437561035156
71442,normal,2158,0,1782359219.8522625,0.0018682479858398438
71443,normal,717,0,1782359219.8543298,0.0020673274993896484
71444,normal,509,0,1782359219.8562524,0.001922607421875
71445,normal,3300,1,1782359219.858404,0.0021514892578125
71446,normal,1726,0,1782359219.860134,0.0017299652099609375
71447,normal,148,0,1782359219.862234,0.002100229263305664
71448,normal,925,2,1782359219.8644044,0.0021703243255615234
71449,normal,1789,0,1782359219.8661177,0.0017132759094238281
71450,normal,2969,0,1782359219.868249,0.002131223678588867
71451,normal,922,2,1782359219.8703947,0.0021457672119140625
71452,normal,586,0,1782359219.8721213,0.0017266273498535156
71453,normal,1439,0,1782359219.8742385,0.002117156982421875
71454,normal,2955,0,1782359219.8764055,0.0021669864654541016
71455,normal,3697,0,1782359219.8781216,0.0017161369323730469
71456,normal,12,0,1782359219.8803778,0.002256155014038086
71457,normal,463,0,1782359219.882258,0.0018801689147949219
71458,normal,807,2,1782359219.8841236,0.0018656253814697266
71459,normal,2315,0,1782359219.886381,0.0022573471069335938
71460,normal,2894,0,1782359219.8882856,0.0019047260284423828
71461,normal,397,0,1782359219.89012,0.0018343925476074219
71462,normal,3059,1,1782359219.892573,0.0024530887603759766
71463,normal,2746,0,1782359219.8942902,0.0017170906066894531
71464,normal,1305,0,1782359219.8961198,0.0018296241760253906
71465,normal,745,0,1782359219.8983846,0.002264738082885742
71466,normal,3003,0,1782359219.90122,0.002835512161254883
71467,normal,1963,0,1782359219.9030375,0.001817464828491211
71468,normal,1143,0,1782359219.904993,0.0019555091857910156
71469,normal,3631,0,1782359219.9070566,0.0020635128021240234
71470,normal,1611,0,1782359219.9088821,0.001825571060180664
71471,normal,231,0,1782359219.9108286,0.0019464492797851562
71472,normal,3316,1,1782359219.912822,0.001993417739868164
71473,normal,1923,0,1782359219.9144979,0.0016758441925048828
71474,normal,2125,0,1782359219.916486,0.0019881725311279297
71475,normal,1087,0,1782359219.9185977,0.002111673355102539
71476,normal,3372,1,1782359219.9209518,0.002354145050048828
71477,normal,2116,0,1782359219.9227874,0.0018355846405029297
71478,normal,114,0,1782359219.924746,0.001958608627319336
71479,normal,1151,0,1782359219.926572,0.0018260478973388672
71480,normal,3170,1,1782359219.9289446,0.0023725032806396484
71481,normal,2718,0,1782359219.9313796,0.002434968948364258
71482,normal,2390,0,1782359219.9321773,0.0007977485656738281
71483,normal,309,0,1782359219.9346004,0.0024230480194091797
71484,normal,2349,0,1782359219.9367445,0.0021440982818603516
71485,normal,1327,1,1782359219.9385824,0.0018379688262939453
71486,normal,3206,1,1782359219.9407356,0.002153158187866211
71487,normal,1762,0,1782359219.9427483,0.0020127296447753906
71488,normal,3439,0,1782359219.9445763,0.0018279552459716797
71489,normal,1141,0,1782359219.946615,0.002038717269897461
71490,normal,2293,0,1782359219.9492607,0.002645730972290039
71491,normal,2857,0,1782359219.950111,0.0008502006530761719
71492,normal,1251,0,1782359219.952811,0.0027000904083251953
71493,normal,3456,0,1782359219.9547467,0.001935720443725586
71494,normal,3326,1,1782359219.9565682,0.0018215179443359375
71495,normal,3620,0,1782359219.9589992,0.0024309158325195312
71496,normal,3123,1,1782359219.9609866,0.001987457275390625
71497,normal,3462,0,1782359219.9627485,0.0017619132995605469
71498,normal,2240,0,1782359219.9649441,0.002195596694946289
71499,normal,2589,0,1782359219.9671082,0.002164125442504883
71500,normal,2998,0,1782359219.9681637,0.0010554790496826172
71501,normal,893,2,1782359219.9701152,0.001951456069946289
71502,normal,1185,0,1782359219.9725635,0.0024483203887939453
71503,normal,3492,0,1782359219.9741685,0.0016050338745117188
71504,normal,1939,0,1782359219.9767709,0.0026023387908935547
71505,normal,1207,0,1782359219.9793544,0.0025835037231445312
71506,normal,98,0,1782359219.980155,0.0008006095886230469
71507,normal,2532,0,1782359219.9823387,0.002183675765991211
71508,normal,3269,1,1782359219.98478,0.00244140625
71509,normal,256,0,1782359219.9867592,0.0019791126251220703
71510,normal,2331,0,1782359219.988679,0.0019197463989257812
71511,normal,3528,0,1782359219.99115,0.0024709701538085938
71512,normal,2091,0,1782359219.9921288,0.0009789466857910156
71513,normal,1958,0,1782359219.9944937,0.0023648738861083984
71514,normal,2198,0,1782359219.9963262,0.0018324851989746094
71515,normal,3266,1,1782359219.998278,0.0019516944885253906
71516,normal,461,0,1782359220.0009785,0.0027005672454833984
71517,normal,2329,0,1782359220.0022435,0.0012650489807128906
71518,normal,3373,1,1782359220.0053394,0.003095865249633789
71519,normal,3044,0,1782359220.0061386,0.0007991790771484375
71520,normal,3415,0,1782359220.0083637,0.002225160598754883
71521,normal,687,0,1782359220.0104733,0.002109527587890625
71522,normal,2739,0,1782359220.0124445,0.0019712448120117188
71523,normal,624,0,1782359220.0142653,0.0018208026885986328
71524,normal,1836,0,1782359220.0161195,0.0018541812896728516
71525,normal,2626,0,1782359220.01842,0.0023005008697509766
71526,normal,3322,1,1782359220.0202825,0.0018625259399414062
71527,normal,1057,0,1782359220.022122,0.0018393993377685547
71528,normal,1440,0,1782359220.0244298,0.002307891845703125
71529,normal,1920,0,1782359220.0262694,0.0018396377563476562
71530,normal,2232,0,1782359220.0281217,0.001852273941040039
71531,normal,128,0,1782359220.030388,0.002266407012939453
71532,normal,1700,0,1782359220.0322757,0.0018875598907470703
71533,normal,3276,1,1782359220.0343306,0.002054929733276367
71534,normal,960,2,1782359220.0365918,0.0022611618041992188
71535,normal,3247,1,1782359220.0393696,0.0027778148651123047
71536,normal,1791,0,1782359220.0402384,0.0008687973022460938
71537,normal,1636,0,1782359220.0421581,0.0019197463989257812
71538,normal,1615,0,1782359220.0444062,0.002248048782348633
71539,normal,1436,0,1782359220.0461242,0.0017180442810058594
71540,normal,588,0,1782359220.0482633,0.0021390914916992188
71541,normal,2865,0,1782359220.0500813,0.001817941665649414
71542,normal,569,0,1782359220.0522263,0.002145051956176758
71543,normal,1560,0,1782359220.054071,0.001844644546508789
71544,normal,1015,2,1782359220.056267,0.002196073532104492
71545,normal,2888,0,1782359220.0580642,0.0017971992492675781
71546,normal,456,0,1782359220.0602794,0.002215147018432617
71547,normal,1170,0,1782359220.0621352,0.0018558502197265625
71548,normal,2795,0,1782359220.064216,0.002080678939819336
71549,normal,3706,0,1782359220.0660853,0.0018694400787353516
71550,normal,3210,1,1782359220.0682774,0.0021920204162597656
71551,normal,3416,0,1782359220.0700638,0.0017864704132080078
71552,normal,3014,0,1782359220.0722709,0.002207040786743164
71553,normal,3546,0,1782359220.0741317,0.0018608570098876953
71554,normal,3378,1,1782359220.0762174,0.0020856857299804688
71555,normal,2924,0,1782359220.078086,0.0018684864044189453
71556,normal,317,0,1782359220.080295,0.002209186553955078
71557,normal,180,0,1782359220.082066,0.0017709732055664062
71558,normal,1860,0,1782359220.0842404,0.00217437744140625
71559,normal,289,0,1782359220.0861294,0.0018889904022216797
71560,normal,2213,0,1782359220.0882182,0.002088785171508789
71561,normal,1324,1,1782359220.090093,0.001874685287475586
71562,normal,2816,0,1782359220.0922716,0.002178668975830078
71563,normal,1135,0,1782359220.094062,0.0017905235290527344
71564,normal,768,0,1782359220.09627,0.0022079944610595703
71565,normal,2393,0,1782359220.0981314,0.0018613338470458984
71566,normal,2205,0,1782359220.1002302,0.0020987987518310547
71567,normal,896,2,1782359220.1020966,0.0018663406372070312
71568,normal,1187,0,1782359220.1042867,0.002190113067626953
71569,normal,1708,0,1782359220.1060677,0.0017809867858886719
71570,normal,3333,1,1782359220.1082554,0.0021877288818359375
71571,normal,3467,0,1782359220.110131,0.0018756389617919922
71572,normal,3585,0,1782359220.1122386,0.0021076202392578125
71573,normal,3273,1,1782359220.1140814,0.0018427371978759766
71574,normal,258,0,1782359220.116286,0.0022046566009521484
71575,normal,3069,1,1782359220.1180835,0.0017974376678466797
71576,normal,2318,0,1782359220.120242,0.002158641815185547
71577,normal,3371,1,1782359220.1221309,0.0018887519836425781
71578,normal,3560,0,1782359220.1242177,0.0020868778228759766
71579,normal,3336,1,1782359220.1260884,0.0018706321716308594
71580,normal,3127,1,1782359220.1283545,0.0022661685943603516
71581,normal,1595,0,1782359220.1300604,0.0017058849334716797
71582,normal,104,0,1782359220.1322453,0.0021848678588867188
71583,normal,3185,1,1782359220.1341295,0.0018842220306396484
71584,normal,3154,1,1782359220.1362324,0.0021028518676757812
71585,normal,1550,0,1782359220.1380734,0.0018410682678222656
71586,normal,1705,0,1782359220.1402862,0.0022127628326416016
71587,normal,1106,0,1782359220.1420848,0.0017986297607421875
71588,normal,203,0,1782359220.1442451,0.002160310745239258
71589,normal,135,0,1782359220.1461482,0.0019030570983886719
71590,normal,2479,0,1782359220.1482232,0.0020749568939208984
71591,normal,2426,0,1782359220.1500802,0.0018570423126220703
71592,normal,2051,0,1782359220.152285,0.00220489501953125
71593,normal,2172,0,1782359220.1540823,0.0017971992492675781
71594,normal,370,0,1782359220.1562493,0.0021669864654541016
71595,normal,2364,0,1782359220.1581244,0.001875162124633789
71596,normal,839,2,1782359220.160218,0.0020935535430908203
71597,normal,3143,1,1782359220.162054,0.0018360614776611328
71598,normal,3216,1,1782359220.1642878,0.002233743667602539
71599,normal,1861,0,1782359220.1660578,0.00177001953125
71600,normal,3423,0,1782359220.1682804,0.0022225379943847656
71601,normal,3214,1,1782359220.1701276,0.0018472671508789062
71602,normal,994,2,1782359220.1722183,0.0020906925201416016
71603,normal,1195,0,1782359220.1740754,0.0018570423126220703
71604,normal,384,0,1782359220.1762896,0.002214193344116211
71605,normal,3314,1,1782359220.1780748,0.0017852783203125
71606,normal,2469,0,1782359220.1802695,0.002194643020629883
71607,normal,496,0,1782359220.18214,0.0018706321716308594
71608,normal,690,0,1782359220.1842158,0.002075672149658203
71609,normal,2668,0,1782359220.1860905,0.001874685287475586
71610,normal,3609,0,1782359220.1882873,0.002196788787841797
71611,normal,1657,0,1782359220.1900659,0.0017786026000976562
71612,normal,2024,0,1782359220.1922593,0.002193450927734375
71613,normal,3105,1,1782359220.1941133,0.00185394287109375
71614,normal,1032,0,1782359220.1962166,0.0021033287048339844
71615,normal,2975,0,1782359220.1980846,0.0018680095672607422
71616,normal,3233,1,1782359220.2002742,0.00218963623046875
71617,normal,3460,0,1782359220.2020636,0.0017893314361572266
71618,normal,2137,0,1782359220.20427,0.0022063255310058594
71619,normal,3047,1,1782359220.2061377,0.0018677711486816406
71620,normal,3459,0,1782359220.2082179,0.002080202102661133
71621,normal,2963,0,1782359220.2100892,0.001871347427368164
71622,normal,1768,0,1782359220.212307,0.0022177696228027344
71623,normal,2323,0,1782359220.214077,0.00177001953125
71624,normal,1209,0,1782359220.2162423,0.0021653175354003906
71625,normal,1455,0,1782359220.2180607,0.0018184185028076172
71626,normal,574,0,1782359220.2202203,0.002159595489501953
71627,normal,3091,1,1782359220.2220612,0.001840829849243164
71628,normal,2628,0,1782359220.224272,0.002210855484008789
71629,normal,2181,0,1782359220.2260628,0.001790761947631836
71630,normal,1258,0,1782359220.228266,0.002203226089477539
71631,normal,773,2,1782359220.2301295,0.0018634796142578125
71632,normal,3321,1,1782359220.2322206,0.0020911693572998047
71633,normal,1119,0,1782359220.2340913,0.0018706321716308594
71634,normal,688,0,1782359220.2362707,0.002179384231567383
71635,normal,900,2,1782359220.2380774,0.0018067359924316406
71636,normal,2485,0,1782359220.2402496,0.002172231674194336
71637,normal,1303,0,1782359220.2421308,0.0018811225891113281
71638,normal,926,2,1782359220.2442245,0.002093791961669922
71639,normal,2100,0,1782359220.2460747,0.001850128173828125
71640,normal,1431,0,1782359220.2482843,0.0022096633911132812
71641,normal,3289,1,1782359220.250063,0.0017786026000976562
71642,normal,952,2,1782359220.2522752,0.0022122859954833984
71643,normal,2500,0,1782359220.2541296,0.0018544197082519531
71644,normal,302,0,1782359220.256231,0.002101421356201172
71645,normal,2672,0,1782359220.2581081,0.0018770694732666016
71646,normal,2779,0,1782359220.2602887,0.0021805763244628906
71647,normal,942,2,1782359220.2620595,0.0017707347869873047
71648,normal,1811,0,1782359220.2642663,0.0022068023681640625
71649,normal,3590,0,1782359220.266127,0.0018608570098876953
71650,normal,513,0,1782359220.2682238,0.0020966529846191406
71651,normal,2893,0,1782359220.2700696,0.0018458366394042969
71652,normal,2,0,1782359220.2722692,0.0021996498107910156
71653,normal,3422,0,1782359220.274074,0.0018048286437988281
71654,normal,1758,0,1782359220.276236,0.0021619796752929688
71655,normal,733,0,1782359220.2780623,0.0018262863159179688
71656,normal,472,0,1782359220.2802231,0.002160787582397461
71657,normal,389,0,1782359220.2820837,0.0018606185913085938
71658,normal,1105,0,1782359220.284297,0.0022132396697998047
71659,normal,1286,0,1782359220.2860622,0.0017652511596679688
71660,normal,3474,0,1782359220.2882562,0.002193927764892578
71661,normal,1182,0,1782359220.290138,0.0018818378448486328
71662,normal,441,0,1782359220.2922535,0.002115488052368164
71663,normal,2512,0,1782359220.294069,0.0018155574798583984
71664,normal,1445,0,1782359220.296301,0.0022318363189697266
71665,normal,1559,0,1782359220.2980769,0.001775979995727539
71666,normal,3379,1,1782359220.3002732,0.0021963119506835938
71667,normal,2660,0,1782359220.3021467,0.0018734931945800781
71668,normal,138,0,1782359220.3040664,0.0019197463989257812
71669,normal,501,0,1782359220.306266,0.0021996498107910156
71670,normal,2703,0,1782359220.3081274,0.0018613338470458984
71671,normal,1588,0,1782359220.3102312,0.0021038055419921875
71672,normal,2724,0,1782359220.312091,0.001859903335571289
71673,normal,2133,0,1782359220.314294,0.0022029876708984375
71674,normal,2437,0,1782359220.3160846,0.0017905235290527344
71675,normal,3082,1,1782359220.3182862,0.002201557159423828
71676,normal,77,0,1782359220.3201287,0.001842498779296875
71677,normal,2438,0,1782359220.3222315,0.0021028518676757812
71678,normal,2432,0,1782359220.32406,0.0018284320831298828
71679,normal,63,0,1782359220.3262897,0.0022296905517578125
71680,normal,2338,0,1782359220.3280625,0.0017728805541992188
71681,normal,2112,0,1782359220.3302498,0.0021872520446777344
71682,normal,655,0,1782359220.332135,0.0018851757049560547
71683,normal,44,0,1782359220.3343923,0.0022573471069335938
71684,normal,563,0,1782359220.33609,0.0016977787017822266
71685,normal,3134,1,1782359220.3382566,0.0021665096282958984
71686,normal,2754,0,1782359220.3400865,0.0018298625946044922
71687,normal,1637,0,1782359220.3422446,0.0021581649780273438
71688,normal,2084,0,1782359220.34406,0.0018153190612792969
71689,normal,319,0,1782359220.3462615,0.002201557159423828
71690,normal,3132,1,1782359220.3480697,0.00180816650390625
71691,normal,2925,0,1782359220.35008,0.002010345458984375
71692,normal,2803,0,1782359220.3522491,0.0021691322326660156
71693,normal,3663,0,1782359220.354216,0.0019669532775878906
71694,normal,3515,0,1782359220.356383,0.0021669864654541016
71695,normal,649,0,1782359220.3580835,0.0017004013061523438
71696,normal,1450,0,1782359220.360521,0.002437591552734375
71697,normal,3425,0,1782359220.3623059,0.0017848014831542969
71698,normal,1208,0,1782359220.364103,0.0017971992492675781
71699,normal,3040,0,1782359220.3664339,0.002330780029296875
71700,normal,1263,0,1782359220.3683195,0.0018856525421142578
71701,normal,1385,0,1782359220.370279,0.001959562301635742
71702,normal,1076,0,1782359220.3722525,0.001973390579223633
71703,normal,1346,1,1782359220.374392,0.002139568328857422
71704,normal,1878,0,1782359220.3760896,0.001697540283203125
71705,normal,1524,0,1782359220.3783934,0.0023038387298583984
71706,normal,1772,0,1782359220.3802512,0.001857757568359375
71707,normal,2285,0,1782359220.382085,0.0018339157104492188
71708,normal,979,2,1782359220.3843992,0.0023140907287597656
71709,normal,1231,0,1782359220.3862474,0.0018482208251953125
71710,normal,3166,1,1782359220.3880882,0.001840829849243164
71711,normal,934,2,1782359220.3904018,0.0023136138916015625
71712,normal,1453,0,1782359220.3922658,0.0018639564514160156
71713,normal,639,0,1782359220.3940856,0.0018198490142822266
71714,normal,3704,0,1782359220.396379,0.0022933483123779297
71715,normal,2976,0,1782359220.3982594,0.0018804073333740234
71716,normal,735,0,1782359220.4002416,0.0019822120666503906
71717,normal,248,0,1782359220.4022586,0.0020170211791992188
71718,normal,777,2,1782359220.4043977,0.0021390914916992188
71719,normal,3521,0,1782359220.4060931,0.001695394515991211
71720,normal,2032,0,1782359220.4083958,0.0023026466369628906
71721,normal,158,0,1782359220.4102564,0.0018606185913085938
71722,normal,2165,0,1782359220.4121041,0.0018477439880371094
71723,normal,3511,0,1782359220.4147632,0.0026590824127197266
71724,normal,2995,0,1782359220.4162643,0.0015010833740234375
71725,normal,166,0,1782359220.418095,0.0018308162689208984
71726,normal,28,0,1782359220.4203913,0.0022962093353271484
71727,normal,2113,0,1782359220.422356,0.001964569091796875
71728,normal,1456,0,1782359220.4240987,0.0017428398132324219
71729,normal,2794,0,1782359220.4263997,0.0023009777069091797
71730,normal,2456,0,1782359220.4282823,0.0018825531005859375
71731,normal,2534,0,1782359220.4301007,0.0018184185028076172
71732,normal,3258,1,1782359220.4324312,0.0023305416107177734
71733,normal,584,0,1782359220.434282,0.0018508434295654297
71734,normal,516,0,1782359220.4361055,0.00182342529296875
71735,normal,423,0,1782359220.4384027,0.0022971630096435547
71736,normal,265,0,1782359220.4402893,0.001886606216430664
71737,normal,658,0,1782359220.4421175,0.0018281936645507812
71738,normal,2490,0,1782359220.4444003,0.002282857894897461
71739,normal,3652,0,1782359220.4462643,0.0018639564514160156
71740,normal,864,2,1782359220.4481044,0.0018401145935058594
71741,normal,291,0,1782359220.4504495,0.0023450851440429688
71742,normal,263,0,1782359220.452261,0.0018115043640136719
71743,normal,738,0,1782359220.4541008,0.0018398761749267578
71744,normal,1784,0,1782359220.4563966,0.0022957324981689453
71745,normal,149,0,1782359220.4582655,0.0018689632415771484
71746,normal,497,0,1782359220.4601157,0.001850128173828125
71747,normal,2790,0,1782359220.4624178,0.0023021697998046875
71748,normal,1888,0,1782359220.4642704,0.0018525123596191406
71749,normal,930,2,1782359220.4661107,0.001840353012084961
71750,normal,3407,0,1782359220.4684384,0.0023276805877685547
71751,normal,1994,0,1782359220.470268,0.0018296241760253906
71752,normal,1181,0,1782359220.4721065,0.0018384456634521484
71753,normal,377,0,1782359220.4743974,0.002290964126586914
71754,normal,2436,0,1782359220.4762795,0.0018820762634277344
71755,normal,2017,0,1782359220.4781077,0.0018281936645507812
71756,normal,1739,0,1782359220.4804153,0.0023076534271240234
71757,normal,1513,0,1782359220.4822679,0.0018525123596191406
71758,normal,412,0,1782359220.4842832,0.002015352249145508
71759,normal,297,0,1782359220.4862807,0.0019974708557128906
71760,normal,2683,0,1782359220.488265,0.0019843578338623047
71761,normal,3428,0,1782359220.4901135,0.001848459243774414
71762,normal,2648,0,1782359220.4924288,0.0023152828216552734
71763,normal,652,0,1782359220.4944117,0.0019829273223876953
71764,normal,1383,0,1782359220.496127,0.0017151832580566406
71765,normal,3680,0,1782359220.4984207,0.002293825149536133
71766,normal,2715,0,1782359220.5002809,0.0018601417541503906
71767,normal,3150,1,1782359220.5020983,0.001817464828491211
71768,normal,170,0,1782359220.5044153,0.0023169517517089844
71769,normal,2297,0,1782359220.5062742,0.0018589496612548828
71770,normal,2531,0,1782359220.5080845,0.001810312271118164
71771,normal,2997,0,1782359220.510403,0.0023183822631835938
71772,normal,215,0,1782359220.512273,0.0018701553344726562
71773,normal,193,0,1782359220.5141003,0.001827239990234375
71774,normal,1548,0,1782359220.51643,0.002329587936401367
71775,normal,3395,1,1782359220.5182936,0.001863718032836914
71776,normal,2788,0,1782359220.520117,0.00182342529296875
71777,normal,537,0,1782359220.5224144,0.0022974014282226562
71778,normal,1337,1,1782359220.524288,0.0018734931945800781
71779,normal,2048,0,1782359220.5260866,0.0017986297607421875
71780,normal,2605,0,1782359220.5282714,0.0021848678588867188
71781,normal,2723,0,1782359220.5304134,0.0021419525146484375
71782,normal,1264,0,1782359220.5321279,0.001714468002319336
71783,normal,3693,0,1782359220.534402,0.002274036407470703
71784,normal,1587,0,1782359220.53626,0.0018579959869384766
71785,normal,578,0,1782359220.5380867,0.0018267631530761719
71786,normal,2974,0,1782359220.5404134,0.0023267269134521484
71787,normal,1855,0,1782359220.5422652,0.001851797103881836
71788,normal,2852,0,1782359220.544104,0.0018389225006103516
71789,normal,557,0,1782359220.5464234,0.0023193359375
71790,normal,1825,0,1782359220.548259,0.0018355846405029297
71791,normal,447,0,1782359220.5501022,0.0018432140350341797
71792,normal,2224,0,1782359220.5524268,0.0023245811462402344
71793,normal,3294,1,1782359220.5542657,0.0018389225006103516
71794,normal,2345,0,1782359220.5561004,0.0018346309661865234
71795,normal,2115,0,1782359220.5584543,0.0023539066314697266
71796,normal,184,0,1782359220.5602634,0.0018091201782226562
71797,normal,2985,0,1782359220.5621006,0.0018372535705566406
71798,normal,1943,0,1782359220.564418,0.0023174285888671875
71799,normal,2491,0,1782359220.5662858,0.0018677711486816406
71800,normal,532,0,1782359220.5681162,0.0018303394317626953
71801,normal,676,0,1782359220.5704079,0.0022916793823242188
71802,normal,980,2,1782359220.5722737,0.0018658638000488281
71803,normal,3542,0,1782359220.5740857,0.001811981201171875
71804,normal,1339,1,1782359220.5764081,0.0023224353790283203
71805,normal,1265,0,1782359220.5782802,0.0018720626831054688
71806,normal,936,2,1782359220.580127,0.0018467903137207031
71807,normal,3176,1,1782359220.5824068,0.0022797584533691406
71808,normal,1459,0,1782359220.5842633,0.0018565654754638672
71809,normal,882,2,1782359220.5860994,0.0018360614776611328
71810,normal,2874,0,1782359220.5882542,0.002154827117919922
71811,normal,3657,0,1782359220.5902681,0.0020139217376708984
71812,normal,1325,1,1782359220.5923042,0.0020360946655273438
71813,normal,3215,1,1782359220.594105,0.0018007755279541016
71814,normal,1164,0,1782359220.5964153,0.0023102760314941406
71815,normal,1351,1,1782359220.5981069,0.001691579818725586
71816,normal,2218,0,1782359220.6004229,0.002315998077392578
71817,normal,1075,0,1782359220.6022644,0.0018415451049804688
71818,normal,847,2,1782359220.6041014,0.001837015151977539
71819,normal,1430,0,1782359220.6064405,0.0023391246795654297
71820,normal,2771,0,1782359220.6082752,0.0018346309661865234
71821,normal,2332,0,1782359220.610103,0.0018277168273925781
71822,normal,3573,0,1782359220.6124108,0.002307891845703125
71823,normal,54,0,1782359220.6142712,0.0018603801727294922
71824,normal,2149,0,1782359220.6161091,0.0018379688262939453
71825,normal,2594,0,1782359220.6184127,0.002303600311279297
71826,normal,538,0,1782359220.6202915,0.0018787384033203125
71827,normal,2446,0,1782359220.6221218,0.0018303394317626953
71828,normal,3495,0,1782359220.6244018,0.002279996871948242
71829,normal,1168,0,1782359220.6262648,0.0018630027770996094
71830,normal,3119,1,1782359220.6281016,0.0018367767333984375
71831,normal,939,2,1782359220.6304471,0.002345561981201172
71832,normal,2701,0,1782359220.6323497,0.0019025802612304688
71833,normal,3011,0,1782359220.634901,0.0025513172149658203
71834,normal,306,0,1782359220.6362562,0.0013551712036132812
71835,normal,1653,0,1782359220.6382117,0.0019555091857910156
71836,normal,3408,0,1782359220.6403008,0.0020890235900878906
71837,normal,393,0,1782359220.6422505,0.0019497871398925781
71838,normal,796,2,1782359220.6444077,0.0021572113037109375
71839,normal,1290,0,1782359220.6460977,0.001689910888671875
71840,normal,2866,0,1782359220.6484315,0.0023338794708251953
71841,normal,21,0,1782359220.6502595,0.0018279552459716797
71842,normal,2831,0,1782359220.6521237,0.0018641948699951172
71843,normal,2300,0,1782359220.6543832,0.002259492874145508
71844,normal,321,0,1782359220.6562605,0.0018773078918457031
71845,normal,2380,0,1782359220.6580997,0.0018391609191894531
71846,normal,3376,1,1782359220.6603942,0.0022945404052734375
71847,normal,1728,0,1782359220.6622646,0.0018703937530517578
71848,normal,3441,0,1782359220.6641033,0.00183868408203125
71849,normal,3582,0,1782359220.6663992,0.002295970916748047
71850,normal,1596,0,1782359220.6682684,0.00186920166015625
71851,normal,1014,2,1782359220.670098,0.0018296241760253906
71852,normal,3547,0,1782359220.672426,0.0023279190063476562
71853,normal,2735,0,1782359220.6742873,0.0018613338470458984
71854,normal,2727,0,1782359220.6761055,0.0018181800842285156
71855,normal,16,0,1782359220.6784034,0.0022978782653808594
71856,normal,3699,0,1782359220.6802623,0.0018589496612548828
71857,normal,2321,0,1782359220.6821015,0.0018391609191894531
71858,normal,2448,0,1782359220.684401,0.0022995471954345703
71859,normal,2006,0,1782359220.6862676,0.0018665790557861328
71860,normal,808,2,1782359220.6880975,0.0018298625946044922
71861,normal,2669,0,1782359220.6904137,0.0023162364959716797
71862,normal,876,2,1782359220.6922617,0.001847982406616211
71863,normal,1088,0,1782359220.694091,0.001829385757446289
71864,normal,53,0,1782359220.6964035,0.0023124217987060547
71865,normal,2638,0,1782359220.6982586,0.0018551349639892578
71866,normal,2359,0,1782359220.7000852,0.0018265247344970703
71867,normal,943,2,1782359220.7022552,0.002170085906982422
71868,normal,2564,0,1782359220.7044168,0.0021615028381347656
71869,normal,1712,0,1782359220.7061179,0.0017011165618896484
71870,normal,1564,0,1782359220.7087169,0.002599000930786133
71871,normal,1169,0,1782359220.710577,0.0018601417541503906
71872,normal,589,0,1782359220.7126129,0.002035856246948242
71873,normal,345,0,1782359220.7151222,0.0025093555450439453
71874,normal,594,0,1782359220.7169747,0.0018525123596191406
71875,normal,195,0,1782359220.718749,0.0017743110656738281
71876,normal,119,0,1782359220.7205772,0.0018281936645507812
71877,normal,206,0,1782359220.7227972,0.0022199153900146484
71878,normal,1626,0,1782359220.7245898,0.0017926692962646484
71879,normal,787,2,1782359220.7269452,0.002355337142944336
71880,normal,101,0,1782359220.7293203,0.0023751258850097656
71881,normal,324,0,1782359220.7315123,0.0021920204162597656
71882,normal,3164,1,1782359220.7322357,0.0007233619689941406
71883,normal,1714,0,1782359220.7346046,0.002368927001953125
71884,normal,1574,0,1782359220.736903,0.0022983551025390625
71885,normal,2008,0,1782359220.7389278,0.0020248889923095703
71886,normal,3453,0,1782359220.740748,0.0018200874328613281
71887,normal,2123,0,1782359220.7426274,0.0018794536590576172
71888,normal,2398,0,1782359220.745024,0.0023965835571289062
71889,normal,3594,0,1782359220.7468743,0.0018503665924072266
71890,normal,3637,0,1782359220.7487342,0.001859903335571289
71891,normal,17,0,1782359220.7509506,0.002216339111328125
71892,normal,479,0,1782359220.753334,0.0023834705352783203
71893,normal,3162,1,1782359220.7554777,0.0021436214447021484
71894,normal,1675,0,1782359220.756244,0.0007662773132324219
71895,normal,3688,0,1782359220.7586083,0.0023643970489501953
71896,normal,1753,0,1782359220.7607374,0.002129077911376953
71897,normal,2909,0,1782359220.762608,0.0018706321716308594
71898,normal,369,0,1782359220.7653139,0.002705812454223633
71899,normal,1807,0,1782359220.7661154,0.0008015632629394531
71900,normal,402,0,1782359220.7683527,0.0022373199462890625
71901,normal,2055,0,1782359220.7702725,0.0019197463989257812
71902,normal,1706,0,1782359220.7722785,0.002006053924560547
71903,normal,2825,0,1782359220.7742631,0.0019845962524414062
71904,normal,2585,0,1782359220.7764,0.0021369457244873047
71905,normal,2343,0,1782359220.778118,0.0017178058624267578
71906,normal,2394,0,1782359220.780467,0.0023491382598876953
71907,normal,209,0,1782359220.7822626,0.0017955303192138672
71908,normal,375,0,1782359220.7841015,0.0018389225006103516
71909,normal,2452,0,1782359220.7862542,0.002152681350708008
71910,normal,109,0,1782359220.7884057,0.0021514892578125
71911,normal,2778,0,1782359220.7901378,0.0017321109771728516
71912,normal,2964,0,1782359220.7922688,0.0021309852600097656
71913,normal,2686,0,1782359220.794403,0.0021343231201171875
71914,normal,156,0,1782359220.7961068,0.0017037391662597656
71915,normal,3673,0,1782359220.798488,0.0023810863494873047
71916,normal,2001,0,1782359220.8003652,0.0018773078918457031
71917,normal,1332,1,1782359220.8021123,0.00174713134765625
71918,normal,2034,0,1782359220.8043914,0.002279043197631836
71919,normal,973,2,1782359220.8061419,0.0017504692077636719
71920,normal,1316,0,1782359220.8082645,0.002122640609741211
71921,normal,2162,0,1782359220.810107,0.001842498779296875
71922,normal,2513,0,1782359220.8124168,0.0023097991943359375
71923,normal,2930,0,1782359220.8141265,0.0017096996307373047
71924,normal,553,0,1782359220.8162994,0.0021729469299316406
71925,normal,533,0,1782359220.8182297,0.00193023681640625
71926,normal,2670,0,1782359220.820128,0.0018982887268066406
71927,normal,611,0,1782359220.8222811,0.002153158187866211
71928,normal,2361,0,1782359220.8242238,0.0019426345825195312
71929,normal,210,0,1782359220.8262646,0.002040863037109375
71930,normal,1538,0,1782359220.8281114,0.0018467903137207031
71931,normal,1724,0,1782359220.8304183,0.0023069381713867188
71932,normal,2169,0,1782359220.832125,0.0017066001892089844
71933,normal,1329,1,1782359220.8344104,0.002285480499267578
71934,normal,1125,0,1782359220.8361664,0.0017559528350830078
71935,normal,3419,0,1782359220.8384252,0.002258777618408203
71936,normal,2186,0,1782359220.8401098,0.0016846656799316406
71937,normal,1099,0,1782359220.8424053,0.0022954940795898438
71938,normal,552,0,1782359220.8442864,0.0018811225891113281
71939,normal,2464,0,1782359220.8462443,0.0019578933715820312
71940,normal,1977,0,1782359220.8484044,0.0021600723266601562
71941,normal,1497,0,1782359220.850115,0.001710653305053711
71942,normal,1084,0,1782359220.8524175,0.002302408218383789
71943,normal,3204,1,1782359220.8542376,0.0018200874328613281
71944,normal,2751,0,1782359220.8562617,0.0020241737365722656
71945,normal,702,0,1782359220.8582504,0.001988649368286133
71946,normal,3039,0,1782359220.8604078,0.002157449722290039
71947,normal,1317,0,1782359220.862114,0.0017061233520507812
71948,normal,2155,0,1782359220.8644228,0.0023088455200195312
71949,normal,3607,0,1782359220.8662376,0.0018148422241210938
71950,normal,2194,0,1782359220.8682613,0.0020236968994140625
71951,normal,2926,0,1782359220.870278,0.0020165443420410156
71952,normal,2274,0,1782359220.8724158,0.002137899398803711
71953,normal,1315,0,1782359220.8741133,0.001697540283203125
71954,normal,2101,0,1782359220.8764186,0.002305269241333008
71955,normal,539,0,1782359220.8782353,0.0018167495727539062
71956,normal,829,2,1782359220.8802588,0.002023458480834961
71957,normal,2833,0,1782359220.8822505,0.001991748809814453
71958,normal,2473,0,1782359220.8844168,0.002166271209716797
71959,normal,1371,1,1782359220.886143,0.0017261505126953125
71960,normal,3448,0,1782359220.888291,0.0021479129791259766
71961,normal,1186,0,1782359220.890235,0.0019440650939941406
71962,normal,1064,0,1782359220.8922415,0.00200653076171875
71963,normal,3360,1,1782359220.8942504,0.0020089149475097656
71964,normal,275,0,1782359220.896405,0.0021545886993408203
71965,normal,3153,1,1782359220.8981032,0.0016982555389404297
71966,normal,1228,0,1782359220.9002545,0.0021512508392333984
71967,normal,2954,0,1782359220.9024076,0.002153158187866211
71968,normal,3404,0,1782359220.9040637,0.0016560554504394531
71969,normal,2031,0,1782359220.906309,0.002245187759399414
71970,normal,1592,0,1782359220.9081616,0.0018527507781982422
71971,normal,1613,0,1782359220.910157,0.0019953250885009766
71972,normal,1008,2,1782359220.9121099,0.0019528865814208984
71973,normal,252,0,1782359220.9142818,0.0021719932556152344
71974,normal,2408,0,1782359220.9160616,0.001779794692993164
71975,normal,2444,0,1782359220.9182572,0.002195596694946289
71976,normal,1469,0,1782359220.9201334,0.0018761157989501953
71977,normal,467,0,1782359220.9222198,0.0020864009857177734
71978,normal,2344,0,1782359220.924066,0.0018463134765625
71979,normal,1146,0,1782359220.92627,0.0022039413452148438
71980,normal,3198,1,1782359220.92808,0.0018100738525390625
71981,normal,3050,1,1782359220.930241,0.0021610260009765625
71982,normal,2352,0,1782359220.932133,0.0018918514251708984
71983,normal,3079,1,1782359220.9342246,0.002091646194458008
71984,normal,249,0,1782359220.936061,0.0018362998962402344
71985,normal,1627,0,1782359220.93829,0.0022292137145996094
71986,normal,2604,0,1782359220.9400625,0.0017724037170410156
71987,normal,832,2,1782359220.9422657,0.002203226089477539
71988,normal,2433,0,1782359220.9441295,0.001863718032836914
71989,normal,2853,0,1782359220.946226,0.002096414566040039
71990,normal,3584,0,1782359220.9481854,0.001959562301635742
71991,normal,2717,0,1782359220.9502518,0.002066373825073242
71992,normal,2571,0,1782359220.9521317,0.0018799304962158203
71993,normal,2731,0,1782359220.9540648,0.0019330978393554688
71994,normal,1068,0,1782359220.956292,0.0022270679473876953
71995,normal,778,2,1782359220.9580598,0.001767873764038086
71996,normal,2053,0,1782359220.9602575,0.002197742462158203
71997,normal,1043,0,1782359220.9621282,0.0018706321716308594
71998,normal,1817,0,1782359220.9642177,0.0020895004272460938
71999,normal,1936,0,1782359220.9660783,0.0018606185913085938
72000,normal,3654,0,1782359220.9682732,0.0021948814392089844
72001,normal,1648,0,1782359220.9700713,0.0017981529235839844
72002,normal,1442,0,1782359220.9724805,0.002409219741821289
72003,normal,859,2,1782359220.9740777,0.0015971660614013672
72004,normal,3525,0,1782359220.9760482,0.001970529556274414
72005,normal,2309,0,1782359220.9782224,0.0021741390228271484
72006,normal,2324,0,1782359220.9802709,0.002048492431640625
72007,normal,451,0,1782359220.982079,0.00180816650390625
72008,normal,3393,1,1782359220.9842417,0.0021626949310302734
72009,normal,1461,0,1782359220.9861436,0.001901865005493164
72010,normal,1703,0,1782359220.9882214,0.002077817916870117
72011,normal,342,0,1782359220.9900599,0.0018384456634521484
72012,normal,1175,0,1782359220.992298,0.002238035202026367
72013,normal,312,0,1782359220.9941158,0.001817941665649414
72014,normal,1152,0,1782359220.996228,0.002112150192260742
72015,normal,2841,0,1782359220.9982717,0.0020437240600585938
72016,normal,465,0,1782359221.000063,0.001791238784790039
72017,normal,2148,0,1782359221.0022452,0.0021822452545166016
72018,normal,1273,0,1782359221.0042481,0.0020029544830322266
72019,normal,544,0,1782359221.0060856,0.0018374919891357422
72020,normal,964,2,1782359221.008243,0.002157449722290039
72021,normal,176,0,1782359221.0101657,0.001922607421875
72022,normal,2999,0,1782359221.0121646,0.0019989013671875
72023,normal,3589,0,1782359221.0142224,0.002057790756225586
72024,normal,851,2,1782359221.0162733,0.0020508766174316406
72025,normal,2428,0,1782359221.0180666,0.0017933845520019531
72026,normal,2540,0,1782359221.0202644,0.002197742462158203
72027,normal,995,2,1782359221.0221314,0.001867055892944336
72028,normal,2595,0,1782359221.0242193,0.002087831497192383
72029,normal,2730,0,1782359221.0260746,0.0018553733825683594
72030,normal,2244,0,1782359221.0282774,0.002202749252319336
72031,normal,2547,0,1782359221.0301218,0.0018444061279296875
72032,normal,806,2,1782359221.0322227,0.0021009445190429688
72033,normal,3095,1,1782359221.0342526,0.002029895782470703
72034,normal,3572,0,1782359221.0361032,0.0018506050109863281
72035,normal,927,2,1782359221.0382457,0.0021424293518066406
72036,normal,1598,0,1782359221.0401425,0.0018968582153320312
72037,normal,274,0,1782359221.0422273,0.0020847320556640625
72038,normal,3653,0,1782359221.0440557,0.0018284320831298828
72039,normal,1376,1,1782359221.0462866,0.0022308826446533203
72040,normal,3478,0,1782359221.0480754,0.0017888545989990234
72041,normal,46,0,1782359221.0502377,0.0021622180938720703
72042,normal,1525,0,1782359221.052289,0.0020513534545898438
72043,normal,3486,0,1782359221.05406,0.0017709732055664062
72044,normal,1210,0,1782359221.0562778,0.0022177696228027344
72045,normal,2326,0,1782359221.0581129,0.0018351078033447266
72046,normal,3120,1,1782359221.0602372,0.002124309539794922
72047,normal,2920,0,1782359221.062061,0.0018239021301269531
72048,normal,1352,1,1782359221.0642924,0.0022313594818115234
72049,normal,2146,0,1782359221.066107,0.0018146038055419922
72050,normal,3088,1,1782359221.0682287,0.0021216869354248047
72051,normal,2200,0,1782359221.0702696,0.002040863037109375
72052,normal,3293,1,1782359221.072063,0.0017933845520019531
72053,normal,2913,0,1782359221.0744076,0.0023446083068847656
72054,normal,1788,0,1782359221.0762415,0.0018339157104492188
72055,normal,1849,0,1782359221.0782607,0.002019166946411133
72056,normal,3101,1,1782359221.08025,0.0019893646240234375
72057,normal,481,0,1782359221.0824068,0.0021567344665527344
72058,normal,734,0,1782359221.0841203,0.0017135143280029297
72059,normal,1133,0,1782359221.0864282,0.002307891845703125
72060,normal,1984,0,1782359221.0882487,0.0018205642700195312
72061,normal,367,0,1782359221.090262,0.0020132064819335938
72062,normal,3617,0,1782359221.0922458,0.0019838809967041016
72063,normal,3702,0,1782359221.094411,0.002165079116821289
72064,normal,1798,0,1782359221.0961103,0.0016994476318359375
72065,normal,2507,0,1782359221.098423,0.0023126602172851562
72066,normal,394,0,1782359221.100236,0.0018129348754882812
72067,normal,1134,0,1782359221.1022651,0.0020291805267333984
72068,normal,890,2,1782359221.1042638,0.0019986629486083984
72069,normal,1658,0,1782359221.10641,0.0021462440490722656
72070,normal,1558,0,1782359221.1081138,0.0017037391662597656
72071,normal,968,2,1782359221.1104298,0.002315998077392578
72072,normal,449,0,1782359221.1122448,0.0018150806427001953
72073,normal,2679,0,1782359221.114264,0.002019166946411133
72074,normal,877,2,1782359221.1162455,0.001981496810913086
72075,normal,2241,0,1782359221.1184077,0.0021622180938720703
72076,normal,276,0,1782359221.1201108,0.001703023910522461
72077,normal,3065,1,1782359221.1224139,0.0023031234741210938
72078,normal,969,2,1782359221.1244235,0.0020096302032470703
72079,normal,130,0,1782359221.1260958,0.0016722679138183594
72080,normal,1041,0,1782359221.1284168,0.002321004867553711
72081,normal,2569,0,1782359221.130237,0.0018203258514404297
72082,normal,3035,0,1782359221.132237,0.0019998550415039062
72083,normal,3464,0,1782359221.1342337,0.001996755599975586
72084,normal,11,0,1782359221.1364086,0.002174854278564453
72085,normal,1867,0,1782359221.1380994,0.0016908645629882812
72086,normal,2412,0,1782359221.1404202,0.0023207664489746094
72087,normal,359,0,1782359221.1422477,0.0018274784088134766
72088,normal,175,0,1782359221.1442373,0.001989603042602539
72089,normal,3698,0,1782359221.1462553,0.002017974853515625
72090,normal,1880,0,1782359221.1484175,0.0021622180938720703
72091,normal,2524,0,1782359221.1500993,0.0016818046569824219
72092,normal,326,0,1782359221.1524265,0.0023272037506103516
72093,normal,1649,0,1782359221.1542335,0.0018069744110107422
72094,normal,2036,0,1782359221.15625,0.0020165443420410156
72095,normal,3245,1,1782359221.1582642,0.00201416015625
72096,normal,704,0,1782359221.1604102,0.002146005630493164
72097,normal,1744,0,1782359221.1621022,0.001692056655883789
72098,normal,2278,0,1782359221.1644309,0.002328634262084961
72099,normal,1330,1,1782359221.1662343,0.0018033981323242188
72100,normal,3438,0,1782359221.1682384,0.0020041465759277344
72101,normal,424,0,1782359221.1702602,0.00202178955078125
72102,normal,2680,0,1782359221.172246,0.001985788345336914
72103,normal,2177,0,1782359221.1742382,0.0019922256469726562
72104,normal,3553,0,1782359221.1762588,0.002020597457885742
72105,normal,64,0,1782359221.1784117,0.0021529197692871094
72106,normal,2021,0,1782359221.180102,0.0016903877258300781
72107,normal,142,0,1782359221.1824427,0.002340555191040039
72108,normal,1232,0,1782359221.1842349,0.0017921924591064453
72109,normal,2879,0,1782359221.1861,0.0018651485443115234
72110,normal,3596,0,1782359221.1884294,0.0023293495178222656
72111,normal,1406,0,1782359221.190373,0.0019435882568359375
72112,normal,2732,0,1782359221.1920986,0.0017256736755371094
72113,normal,2279,0,1782359221.1944575,0.0023589134216308594
72114,normal,464,0,1782359221.196247,0.0017895698547363281
72115,normal,2705,0,1782359221.198101,0.00185394287109375
72116,normal,1418,0,1782359221.2004054,0.0023043155670166016
72117,normal,1950,0,1782359221.2022345,0.0018291473388671875
72118,normal,2840,0,1782359221.2042503,0.002015829086303711
72119,normal,213,0,1782359221.206263,0.0020127296447753906
72120,normal,546,0,1782359221.2084064,0.002143383026123047
72121,normal,1101,0,1782359221.2100985,0.001692056655883789
72122,normal,493,0,1782359221.2124329,0.0023343563079833984
72123,normal,3013,0,1782359221.2142549,0.0018219947814941406
72124,normal,411,0,1782359221.2162406,0.001985788345336914
72125,normal,3304,1,1782359221.2182627,0.0020220279693603516
72126,normal,1266,0,1782359221.2204354,0.002172708511352539
72127,normal,2591,0,1782359221.222098,0.0016627311706542969
72128,normal,2150,0,1782359221.2244442,0.002346038818359375
72129,normal,1687,0,1782359221.2262435,0.0017993450164794922
72130,normal,460,0,1782359221.2282639,0.0020203590393066406
72131,normal,3562,0,1782359221.230266,0.002002239227294922
72132,normal,2766,0,1782359221.2324133,0.002147197723388672
72133,normal,2747,0,1782359221.2341127,0.0016994476318359375
72134,normal,503,0,1782359221.2364407,0.0023279190063476562
72135,normal,1583,0,1782359221.2382371,0.0017964839935302734
72136,normal,3278,1,1782359221.2402647,0.0020275115966796875
72137,normal,3468,0,1782359221.2422624,0.001997709274291992
72138,normal,1631,0,1782359221.2444127,0.002150297164916992
72139,normal,1412,0,1782359221.2461133,0.0017006397247314453
72140,normal,2538,0,1782359221.2484334,0.0023200511932373047
72141,normal,454,0,1782359221.250244,0.0018105506896972656
72142,normal,803,2,1782359221.2521336,0.0018897056579589844
72143,normal,3137,1,1782359221.2543333,0.0021996498107910156
72144,normal,771,0,1782359221.2562394,0.0019061565399169922
72145,normal,2643,0,1782359221.2582622,0.0020227432250976562
72146,normal,1319,1,1782359221.2602797,0.002017498016357422
72147,normal,3063,1,1782359221.262378,0.0020983219146728516
72148,normal,19,0,1782359221.2640948,0.0017168521881103516
72149,normal,849,2,1782359221.2664382,0.002343416213989258
72150,normal,1235,0,1782359221.2682402,0.0018019676208496094
72151,normal,2373,0,1782359221.2700965,0.0018563270568847656
72152,normal,2873,0,1782359221.2724345,0.002337932586669922
72153,normal,3473,0,1782359221.274233,0.0017986297607421875
72154,normal,3262,1,1782359221.2762387,0.0020055770874023438
72155,normal,1505,0,1782359221.2782493,0.0020105838775634766
72156,normal,1865,0,1782359221.28042,0.0021708011627197266
72157,normal,756,0,1782359221.2820992,0.0016791820526123047
72158,normal,99,0,1782359221.2844088,0.002309560775756836
72159,normal,1757,0,1782359221.2862353,0.0018265247344970703
72160,normal,3392,1,1782359221.2882376,0.002002239227294922
72161,normal,243,0,1782359221.2902482,0.0020105838775634766
72162,normal,3452,0,1782359221.2924054,0.0021572113037109375
72163,normal,3537,0,1782359221.2940984,0.0016930103302001953
72164,normal,3121,1,1782359221.2964168,0.0023183822631835938
72165,normal,870,2,1782359221.2982523,0.0018355846405029297
72166,normal,1398,0,1782359221.3002937,0.002041339874267578
72167,normal,2821,0,1782359221.3022704,0.0019767284393310547
72168,normal,3531,0,1782359221.3043828,0.0021123886108398438
72169,normal,891,2,1782359221.3063302,0.0019474029541015625
72170,normal,2020,0,1782359221.3080919,0.0017616748809814453
72171,normal,938,2,1782359221.3104095,0.002317667007446289
72172,normal,2768,0,1782359221.3120985,0.0016889572143554688
72173,normal,1399,0,1782359221.31441,0.0023114681243896484
72174,normal,3685,0,1782359221.3162346,0.0018246173858642578
72175,normal,1123,0,1782359221.3180957,0.0018610954284667969
72176,normal,3488,0,1782359221.320404,0.002308368682861328
72177,normal,1917,0,1782359221.32225,0.0018458366394042969
72178,normal,931,2,1782359221.3242404,0.0019905567169189453
72179,normal,417,0,1782359221.3262615,0.0020210742950439453
72180,normal,2151,0,1782359221.3282382,0.0019767284393310547
72181,normal,1727,0,1782359221.3302567,0.002018451690673828
72182,normal,2383,0,1782359221.332251,0.0019943714141845703
72183,normal,1930,0,1782359221.3344102,0.00215911865234375
72184,normal,562,0,1782359221.336096,0.0016858577728271484
72185,normal,1222,0,1782359221.338339,0.0022430419921875
72186,normal,3271,1,1782359221.3402517,0.0019125938415527344
72187,normal,3186,1,1782359221.3423028,0.002051115036010742
72188,normal,2132,0,1782359221.3442588,0.0019559860229492188
72189,normal,2914,0,1782359221.3464146,0.002155780792236328
72190,normal,1055,0,1782359221.3481154,0.0017008781433105469
72191,normal,3567,0,1782359221.3500614,0.0019459724426269531
72192,normal,3159,1,1782359221.3524308,0.002369403839111328
72193,normal,587,0,1782359221.3541162,0.0016853809356689453
72194,normal,1204,0,1782359221.3564205,0.0023043155670166016
72195,normal,2800,0,1782359221.358243,0.0018224716186523438
72196,normal,2804,0,1782359221.360261,0.002017974853515625
72197,normal,3147,1,1782359221.3622468,0.001985788345336914
72198,normal,855,2,1782359221.364406,0.0021593570709228516
72199,normal,2729,0,1782359221.3661132,0.0017070770263671875
72200,normal,426,0,1782359221.3684192,0.0023059844970703125
72201,normal,1985,0,1782359221.3702435,0.0018243789672851562
72202,normal,700,0,1782359221.372412,0.002168416976928711
72203,normal,136,0,1782359221.3742802,0.0018682479858398438
72204,normal,2107,0,1782359221.3762484,0.0019681453704833984
72205,normal,3424,0,1782359221.3782842,0.002035856246948242
72206,normal,2374,0,1782359221.3802543,0.001970052719116211
72207,normal,257,0,1782359221.3823967,0.0021424293518066406
72208,normal,2972,0,1782359221.3841224,0.0017256736755371094
72209,normal,2960,0,1782359221.3863947,0.002272367477416992
72210,normal,1566,0,1782359221.3882685,0.0018737316131591797
72211,normal,236,0,1782359221.3902762,0.002007722854614258
72212,normal,1531,0,1782359221.3923447,0.0020685195922851562
72213,normal,884,2,1782359221.3943956,0.0020508766174316406
72214,normal,3440,0,1782359221.3961003,0.0017046928405761719
72215,normal,1998,0,1782359221.3984313,0.0023310184478759766
72216,normal,1189,0,1782359221.4004183,0.001986980438232422
72217,normal,3612,0,1782359221.402096,0.0016777515411376953
72218,normal,1344,1,1782359221.4043813,0.0022852420806884766
72219,normal,1720,0,1782359221.4062352,0.00185394287109375
72220,normal,1153,0,1782359221.4082537,0.002018451690673828
72221,normal,1925,0,1782359221.4102743,0.002020597457885742
72222,normal,1864,0,1782359221.412419,0.0021448135375976562
72223,normal,3548,0,1782359221.4141142,0.0016951560974121094
72224,normal,2358,0,1782359221.4164546,0.0023403167724609375
72225,normal,510,0,1782359221.418252,0.0017974376678466797
72226,normal,1681,0,1782359221.42026,0.0020079612731933594
72227,normal,948,2,1782359221.4222667,0.0020067691802978516
72228,normal,3606,0,1782359221.4244037,0.0021369457244873047
72229,normal,1672,0,1782359221.4261222,0.0017185211181640625
72230,normal,491,0,1782359221.4284718,0.0023496150970458984
72231,normal,1419,0,1782359221.4302416,0.0017697811126708984
72232,normal,1520,0,1782359221.4322624,0.0020208358764648438
72233,normal,3305,1,1782359221.4342413,0.0019788742065429688
72234,normal,1756,0,1782359221.4364262,0.0021848678588867188
72235,normal,2635,0,1782359221.4381335,0.001707315444946289
72236,normal,2290,0,1782359221.440376,0.002242565155029297
72237,normal,2935,0,1782359221.4422338,0.001857757568359375
72238,normal,883,2,1782359221.4440947,0.0018608570098876953
72239,normal,161,0,1782359221.4464402,0.002345561981201172
72240,normal,1742,0,1782359221.4482388,0.0017986297607421875
72241,normal,1751,0,1782359221.4502275,0.001988649368286133
72242,normal,1203,0,1782359221.4522436,0.0020160675048828125
72243,normal,2517,0,1782359221.4544215,0.0021779537200927734
72244,normal,753,0,1782359221.4560974,0.0016758441925048828
72245,normal,1778,0,1782359221.4584408,0.002343416213989258
72246,normal,770,0,1782359221.460238,0.0017971992492675781
72247,normal,3007,0,1782359221.462086,0.001847982406616211
72248,normal,924,2,1782359221.4644217,0.002335786819458008
72249,normal,222,0,1782359221.4662497,0.0018279552459716797
72250,normal,905,2,1782359221.4680955,0.0018458366394042969
72251,normal,3472,0,1782359221.4704614,0.0023658275604248047
72252,normal,3559,0,1782359221.472238,0.0017766952514648438
72253,normal,2828,0,1782359221.4740849,0.0018467903137207031
72254,normal,901,2,1782359221.4764307,0.0023458003997802734
72255,normal,2312,0,1782359221.4782374,0.0018067359924316406
72256,normal,1754,0,1782359221.480098,0.0018606185913085938
72257,normal,2922,0,1782359221.4824524,0.0023543834686279297
72258,normal,1571,0,1782359221.4842503,0.0017979145050048828
72259,normal,1403,0,1782359221.4860957,0.0018453598022460938
72260,normal,1545,0,1782359221.4884617,0.0023660659790039062
72261,normal,80,0,1782359221.490338,0.0018763542175292969
72262,normal,1652,0,1782359221.492085,0.0017468929290771484
72263,normal,1448,0,1782359221.4944384,0.0023534297943115234
72264,normal,3130,1,1782359221.4962378,0.0017993450164794922
72265,normal,759,0,1782359221.4981031,0.001865386962890625
72266,normal,783,2,1782359221.5004435,0.0023403167724609375
72267,normal,2019,0,1782359221.5022414,0.0017979145050048828
72268,normal,440,0,1782359221.504089,0.0018477439880371094
72269,normal,1024,2,1782359221.5064273,0.0023381710052490234
72270,normal,2057,0,1782359221.5082383,0.0018110275268554688
72271,normal,2738,0,1782359221.510101,0.0018627643585205078
72272,normal,2787,0,1782359221.5124407,0.002339601516723633
72273,normal,2066,0,1782359221.5142398,0.0017991065979003906
72274,normal,547,0,1782359221.5160987,0.0018589496612548828
72275,normal,2470,0,1782359221.518453,0.002354145050048828
72276,normal,990,2,1782359221.5202372,0.0017843246459960938
72277,normal,1259,0,1782359221.522245,0.002007722854614258
72278,normal,1773,0,1782359221.5242486,0.0020036697387695312
72279,normal,420,0,1782359221.5264113,0.0021626949310302734
72280,normal,1060,0,1782359221.528099,0.001687765121459961
72281,normal,2989,0,1782359221.5304182,0.0023190975189208984
72282,normal,821,2,1782359221.5322623,0.001844167709350586
72283,normal,744,0,1782359221.5342479,0.0019855499267578125
72284,normal,2350,0,1782359221.5362453,0.0019974708557128906
72285,normal,1254,0,1782359221.5384233,0.0021779537200927734
72286,normal,1357,1,1782359221.5400975,0.0016741752624511719
72287,normal,582,0,1782359221.5424197,0.0023221969604492188
72288,normal,1229,0,1782359221.544246,0.0018262863159179688
72289,normal,2489,0,1782359221.5461054,0.001859426498413086
72290,normal,14,0,1782359221.5484316,0.0023262500762939453
72291,normal,3,0,1782359221.5502408,0.0018091201782226562
72292,normal,3226,1,1782359221.552098,0.0018572807312011719
72293,normal,937,2,1782359221.554418,0.0023200511932373047
72294,normal,3539,0,1782359221.5562356,0.001817464828491211
72295,normal,1702,0,1782359221.558099,0.0018634796142578125
72296,normal,1837,0,1782359221.5604231,0.0023241043090820312
72297,normal,1433,0,1782359221.5622406,0.001817464828491211
72298,normal,2096,0,1782359221.5640988,0.0018582344055175781
72299,normal,1863,0,1782359221.5664217,0.0023229122161865234
72300,normal,37,0,1782359221.5682395,0.0018177032470703125
72301,normal,15,0,1782359221.5702417,0.002002239227294922
72302,normal,1810,0,1782359221.5733259,0.0030841827392578125
72303,normal,1750,0,1782359221.5742545,0.0009286403656005859
72304,normal,1929,0,1782359221.5760899,0.0018353462219238281
72305,normal,729,0,1782359221.578392,0.0023021697998046875
72306,normal,788,2,1782359221.5802364,0.0018444061279296875
72307,normal,2400,0,1782359221.5820866,0.001850128173828125
72308,normal,2586,0,1782359221.5844321,0.002345561981201172
72309,normal,1908,0,1782359221.586244,0.001811981201171875
72310,normal,2570,0,1782359221.5882447,0.002000570297241211
72311,normal,1422,0,1782359221.590237,0.0019922256469726562
72312,normal,1261,0,1782359221.592388,0.002151012420654297
72313,normal,2317,0,1782359221.5940855,0.001697540283203125
72314,normal,327,0,1782359221.5963926,0.0023071765899658203
72315,normal,3628,0,1782359221.598253,0.0018603801727294922
72316,normal,3107,1,1782359221.600085,0.0018320083618164062
72317,normal,2714,0,1782359221.6023924,0.002307415008544922
72318,normal,949,2,1782359221.6042397,0.0018472671508789062
72319,normal,1581,0,1782359221.6060803,0.0018405914306640625
72320,normal,2740,0,1782359221.6083968,0.0023164749145507812
72321,normal,1942,0,1782359221.6102614,0.0018646717071533203
72322,normal,2988,0,1782359221.6120846,0.0018231868743896484
72323,normal,2583,0,1782359221.6144242,0.002339601516723633
72324,normal,3636,0,1782359221.6162481,0.0018239021301269531
72325,normal,2916,0,1782359221.6180973,0.0018491744995117188
72326,normal,2288,0,1782359221.620433,0.002335786819458008
72327,normal,1995,0,1782359221.622242,0.0018088817596435547
72328,normal,2530,0,1782359221.6241028,0.0018608570098876953
72329,normal,1645,0,1782359221.6264362,0.002333402633666992
72330,normal,1366,1,1782359221.628238,0.0018017292022705078
72331,normal,3661,0,1782359221.6300974,0.001859426498413086
72332,normal,310,0,1782359221.632266,0.0021686553955078125
72333,normal,2511,0,1782359221.6344075,0.0021414756774902344
72334,normal,2221,0,1782359221.636099,0.001691579818725586
72335,normal,2878,0,1782359221.6384115,0.0023124217987060547
72336,normal,1740,0,1782359221.6402502,0.00183868408203125
72337,normal,800,2,1782359221.64223,0.001979827880859375
72338,normal,2371,0,1782359221.6442704,0.002040386199951172
72339,normal,842,2,1782359221.6464095,0.0021390914916992188
72340,normal,1618,0,1782359221.648098,0.0016884803771972656
72341,normal,1663,0,1782359221.6504383,0.0023403167724609375
72342,normal,2110,0,1782359221.6522439,0.0018055438995361328
72343,normal,1405,0,1782359221.654102,0.0018582344055175781
72344,normal,620,0,1782359221.6563137,0.0022115707397460938
72345,normal,2722,0,1782359221.6582582,0.0019445419311523438
72346,normal,1246,0,1782359221.6600895,0.0018312931060791016
72347,normal,2203,0,1782359221.6623132,0.0022237300872802734
72348,normal,330,0,1782359221.6641917,0.001878499984741211
72349,normal,2721,0,1782359221.6660626,0.001870870590209961
72350,normal,458,0,1782359221.668184,0.002121448516845703
72351,normal,715,0,1782359221.6702898,0.002105712890625
72352,normal,3002,0,1782359221.6720679,0.0017781257629394531
72353,normal,1949,0,1782359221.6742575,0.00218963623046875
72354,normal,3504,0,1782359221.6761546,0.0018970966339111328
72355,normal,2207,0,1782359221.6782284,0.0020737648010253906
72356,normal,3169,1,1782359221.6800807,0.001852273941040039
72357,normal,164,0,1782359221.6823053,0.0022246837615966797
72358,normal,581,0,1782359221.6840646,0.0017592906951904297
72359,normal,816,2,1782359221.6862602,0.002195596694946289
72360,normal,1818,0,1782359221.688182,0.0019218921661376953
72361,normal,1293,0,1782359221.690041,0.0018589496612548828
72362,normal,1840,0,1782359221.6922343,0.0021932125091552734
72363,normal,3288,1,1782359221.6943045,0.002070188522338867
72364,normal,3128,1,1782359221.6960611,0.0017566680908203125
72365,normal,3200,1,1782359221.6982684,0.0022072792053222656
72366,normal,2156,0,1782359221.7002544,0.0019860267639160156
72367,normal,1775,0,1782359221.70208,0.001825571060180664
72368,normal,1755,0,1782359221.7042625,0.002182483673095703
72369,normal,186,0,1782359221.7062783,0.002015829086303711
72370,normal,3463,0,1782359221.7080631,0.0017848014831542969
72371,normal,1601,0,1782359221.7102664,0.002203226089477539
72372,normal,2138,0,1782359221.7122478,0.001981496810913086
72373,normal,358,0,1782359221.7140994,0.0018515586853027344
72374,normal,269,0,1782359221.7162225,0.002123117446899414
72375,normal,1147,0,1782359221.7183044,0.0020818710327148438
72376,normal,3675,0,1782359221.7200594,0.0017549991607666016
72377,normal,1676,0,1782359221.7222886,0.0022292137145996094
72378,normal,2692,0,1782359221.7241375,0.0018489360809326172
72379,normal,746,0,1782359221.7262366,0.0020990371704101562
72380,normal,3357,1,1782359221.7281065,0.0018699169158935547
72381,normal,2015,0,1782359221.7302895,0.0021829605102539062
72382,normal,1360,1,1782359221.7320783,0.0017888545989990234
72383,normal,3257,1,1782359221.7343962,0.0023179054260253906
72384,normal,1468,0,1782359221.7361379,0.001741647720336914
72385,normal,1432,0,1782359221.7382197,0.0020818710327148438
72386,normal,2147,0,1782359221.740081,0.0018613338470458984
72387,normal,1906,0,1782359221.7422738,0.0021927356719970703
72388,normal,3598,0,1782359221.7440648,0.0017910003662109375
72389,normal,1382,0,1782359221.7462637,0.002198934555053711
72390,normal,3122,1,1782359221.7482505,0.0019867420196533203
72391,normal,2706,0,1782359221.7501073,0.0018568038940429688
72392,normal,1567,0,1782359221.7522233,0.002115964889526367
72393,normal,3577,0,1782359221.7542584,0.0020351409912109375
72394,normal,1479,0,1782359221.7560658,0.0018074512481689453
72395,normal,2397,0,1782359221.758271,0.0022051334381103516
72396,normal,640,0,1782359221.760131,0.001859903335571289
72397,normal,1846,0,1782359221.7622252,0.002094268798828125
72398,normal,2392,0,1782359221.7640836,0.0018584728240966797
72399,normal,3367,1,1782359221.7662582,0.0021746158599853516
72400,normal,1017,2,1782359221.7680597,0.0018014907836914062
72401,normal,1928,0,1782359221.7702522,0.0021924972534179688
72402,normal,2003,0,1782359221.7722893,0.00203704833984375
72403,normal,3557,0,1782359221.7740755,0.0017862319946289062
72404,normal,1005,2,1782359221.7762225,0.0021469593048095703
72405,normal,1792,0,1782359221.7782564,0.0020339488983154297
72406,normal,83,0,1782359221.7800632,0.0018067359924316406
72407,normal,103,0,1782359221.7822661,0.0022029876708984375
72408,normal,3010,0,1782359221.7842686,0.0020024776458740234
72409,normal,65,0,1782359221.7860975,0.001828908920288086
72410,normal,1394,0,1782359221.7882535,0.0021560192108154297
72411,normal,3016,0,1782359221.7903168,0.002063274383544922
72412,normal,3454,0,1782359221.7920618,0.001744985580444336
72413,normal,2208,0,1782359221.7942507,0.0021889209747314453
72414,normal,2600,0,1782359221.7962368,0.0019860267639160156
72415,normal,1350,1,1782359221.7980583,0.0018215179443359375
72416,normal,561,0,1782359221.8003037,0.0022454261779785156
72417,normal,1307,0,1782359221.8021328,0.0018291473388671875
72418,normal,944,2,1782359221.80428,0.002147197723388672
72419,normal,2934,0,1782359221.806081,0.0018010139465332031
72420,normal,2812,0,1782359221.8082788,0.002197742462158203
72421,normal,13,0,1782359221.8100634,0.0017845630645751953
72422,normal,878,2,1782359221.8122416,0.002178192138671875
72423,normal,1323,1,1782359221.814293,0.0020513534545898438
72424,normal,3592,0,1782359221.816061,0.0017681121826171875
72425,normal,1940,0,1782359221.8182712,0.0022101402282714844
72426,normal,916,2,1782359221.8201323,0.0018610954284667969
72427,normal,3296,1,1782359221.8222277,0.002095460891723633
72428,normal,1824,0,1782359221.8240786,0.0018508434295654297
72429,normal,2994,0,1782359221.8263025,0.002223968505859375
72430,normal,382,0,1782359221.8280842,0.0017817020416259766
72431,normal,445,0,1782359221.8302288,0.0021445751190185547
72432,normal,1386,0,1782359221.83229,0.002061128616333008
72433,normal,1907,0,1782359221.8340642,0.0017743110656738281
72434,normal,1384,0,1782359221.8362648,0.002200603485107422
72435,normal,2441,0,1782359221.8382895,0.0020246505737304688
72436,normal,3659,0,1782359221.8400636,0.0017740726470947266
72437,normal,2011,0,1782359221.8422666,0.0022029876708984375
72438,normal,3552,0,1782359221.8443003,0.002033710479736328
72439,normal,2579,0,1782359221.8460848,0.0017845630645751953
72440,normal,617,0,1782359221.8482397,0.002154827117919922
72441,normal,3109,1,1782359221.8502731,0.0020334720611572266
72442,normal,84,0,1782359221.8520668,0.0017936229705810547
72443,normal,763,0,1782359221.8542604,0.0021936893463134766
72444,normal,157,0,1782359221.8562548,0.0019943714141845703
72445,normal,340,0,1782359221.858059,0.0018041133880615234
72446,normal,660,0,1782359221.8602586,0.0021996498107910156
72447,normal,2121,0,1782359221.8622675,0.0020089149475097656
72448,normal,2860,0,1782359221.8640769,0.0018093585968017578
72449,normal,2308,0,1782359221.8662243,0.0021474361419677734
72450,normal,10,0,1782359221.8682902,0.002065896987915039
72451,normal,2423,0,1782359221.8700602,0.00177001953125
72452,normal,1044,0,1782359221.8722496,0.0021893978118896484
72453,normal,2142,0,1782359221.8742943,0.002044677734375
72454,normal,1602,0,1782359221.87606,0.0017657279968261719
72455,normal,3067,1,1782359221.8782532,0.0021932125091552734
72456,normal,1609,0,1782359221.8802662,0.002012968063354492
72457,normal,1944,0,1782359221.882057,0.001790761947631836
72458,normal,1701,0,1782359221.8842633,0.0022063255310058594
72459,normal,3481,0,1782359221.8862748,0.002011537551879883
72460,normal,3307,1,1782359221.8880756,0.0018007755279541016
72461,normal,520,0,1782359221.8902335,0.002157926559448242
72462,normal,1460,0,1782359221.8922505,0.0020170211791992188
72463,normal,2495,0,1782359221.8940635,0.0018129348754882812
72464,normal,352,0,1782359221.8962631,0.0021996498107910156
72465,normal,1690,0,1782359221.8982942,0.002031087875366211
72466,normal,2248,0,1782359221.90006,0.0017657279968261719
72467,normal,1735,0,1782359221.9022768,0.002216815948486328
72468,normal,2752,0,1782359221.904121,0.001844167709350586
72469,normal,2978,0,1782359221.9062326,0.002111673355102539
72470,normal,548,0,1782359221.9080844,0.001851797103881836
72471,normal,2153,0,1782359221.9102712,0.0021867752075195312
72472,normal,2644,0,1782359221.9120615,0.0017902851104736328
72473,normal,1426,0,1782359221.9142487,0.0021872520446777344
72474,normal,2249,0,1782359221.916253,0.002004384994506836
72475,normal,1975,0,1782359221.9180849,0.0018317699432373047
72476,normal,982,2,1782359221.9202614,0.002176523208618164
72477,normal,1473,0,1782359221.9222813,0.0020198822021484375
72478,normal,1767,0,1782359221.9240754,0.0017940998077392578
72479,normal,2827,0,1782359221.926233,0.0021576881408691406
72480,normal,921,2,1782359221.928278,0.0020449161529541016
72481,normal,3455,0,1782359221.9300606,0.0017826557159423828
72482,normal,1619,0,1782359221.93228,0.0022194385528564453
72483,normal,596,0,1782359221.9340553,0.0017752647399902344
72484,normal,1132,0,1782359221.9362235,0.0021681785583496094
72485,normal,3249,1,1782359221.938071,0.0018475055694580078
72486,normal,950,2,1782359221.9402127,0.002141714096069336
72487,normal,3061,1,1782359221.942061,0.0018482208251953125
72488,normal,1828,0,1782359221.944171,0.002110004425048828
72489,normal,3651,0,1782359221.9462748,0.0021038055419921875
72490,normal,177,0,1782359221.9482288,0.0019540786743164062
72491,normal,2050,0,1782359221.9500737,0.0018448829650878906
72492,normal,2979,0,1782359221.952299,0.0022253990173339844
72493,normal,2559,0,1782359221.9540656,0.0017664432525634766
72494,normal,3341,1,1782359221.956075,0.0020093917846679688
72495,normal,172,0,1782359221.958278,0.0022029876708984375
72496,normal,121,0,1782359221.9602938,0.002015829086303711
72497,normal,1045,0,1782359221.9622357,0.0019419193267822266
72498,normal,3280,1,1782359221.9653027,0.0030670166015625
72499,normal,861,2,1782359221.9661083,0.0008056163787841797
72500,normal,2356,0,1782359221.9682171,0.0021088123321533203
72501,normal,2366,0,1782359221.9701264,0.0019092559814453125
72502,normal,2375,0,1782359221.972261,0.002134561538696289
72503,normal,815,2,1782359221.9740033,0.0017423629760742188
72504,normal,3234,1,1782359221.9761024,0.0020990371704101562
72505,normal,3279,1,1782359221.9780407,0.0019383430480957031
72506,normal,2196,0,1782359221.9801238,0.0020830631256103516
72507,normal,2556,0,1782359221.9821165,0.0019927024841308594
72508,normal,3037,0,1782359221.9840143,0.0018978118896484375
72509,normal,1660,0,1782359221.986034,0.002019643783569336
72510,normal,637,0,1782359221.9882312,0.002197265625
72511,normal,1308,0,1782359221.9900737,0.001842498779296875
72512,normal,435,0,1782359221.992279,0.002205371856689453
72513,normal,2214,0,1782359221.9941607,0.0018815994262695312
72514,normal,2201,0,1782359221.9961674,0.0020067691802978516
72515,normal,3149,1,1782359221.9982884,0.0021209716796875
72516,normal,3402,0,1782359222.0001872,0.0018987655639648438
72517,normal,1115,0,1782359222.0022643,0.0020771026611328125
72518,normal,2071,0,1782359222.0041695,0.001905202865600586
72519,normal,3308,1,1782359222.0061424,0.0019729137420654297
72520,normal,1986,0,1782359222.008166,0.0020236968994140625
72521,normal,991,2,1782359222.0102773,0.002111196517944336
72522,normal,3595,0,1782359222.0122616,0.0019843578338623047
72523,normal,975,2,1782359222.0141723,0.0019106864929199219
72524,normal,1378,1,1782359222.016236,0.002063751220703125
72525,normal,983,2,1782359222.0181735,0.0019373893737792969
72526,normal,1844,0,1782359222.0200891,0.0019156932830810547
72527,normal,2067,0,1782359222.0222664,0.0021772384643554688
72528,normal,634,0,1782359222.0244014,0.002135038375854492
72529,normal,296,0,1782359222.0263224,0.001920938491821289
72530,normal,1094,0,1782359222.0285718,0.002249479293823242
72531,normal,951,2,1782359222.0301228,0.001550912857055664
72532,normal,512,0,1782359222.0321422,0.0020194053649902344
72533,normal,3020,0,1782359222.0341184,0.0019762516021728516
72534,normal,1223,0,1782359222.0361736,0.0020551681518554688
72535,normal,3110,1,1782359222.0380936,0.0019199848175048828
72536,normal,3352,1,1782359222.040254,0.0021605491638183594
72537,normal,1338,1,1782359222.0422099,0.001955747604370117
72538,normal,3309,1,1782359222.0441885,0.001978635787963867
72539,normal,1829,0,1782359222.0460355,0.0018470287322998047
72540,normal,3328,1,1782359222.0482104,0.002174854278564453
72541,normal,273,0,1782359222.0500505,0.0018401145935058594
72542,normal,228,0,1782359222.0521643,0.002113819122314453
72543,normal,169,0,1782359222.0541992,0.002034902572631836
72544,normal,2007,0,1782359222.05608,0.0018808841705322266
72545,normal,2928,0,1782359222.0581653,0.0020852088928222656
72546,normal,723,0,1782359222.0602245,0.0020592212677001953
72547,normal,2023,0,1782359222.0620394,0.0018148422241210938
72548,normal,868,2,1782359222.0641336,0.002094268798828125
72549,normal,1252,0,1782359222.0661404,0.0020067691802978516
72550,normal,1342,1,1782359222.0680206,0.0018801689147949219
72551,normal,3411,0,1782359222.0702546,0.0022339820861816406
72552,normal,3157,1,1782359222.072175,0.001920461654663086
72553,normal,2088,0,1782359222.07451,0.002335071563720703
72554,normal,2229,0,1782359222.0760655,0.0015554428100585938
72555,normal,1916,0,1782359222.078274,0.0022084712982177734
72556,normal,1959,0,1782359222.0802143,0.0019402503967285156
72557,normal,758,0,1782359222.0820494,0.0018351078033447266
72558,normal,2216,0,1782359222.0842118,0.002162456512451172
72559,normal,152,0,1782359222.0861228,0.0019109249114990234
72560,normal,2108,0,1782359222.0882182,0.002095460891723633
72561,normal,2215,0,1782359222.0903916,0.0021734237670898438
72562,normal,915,2,1782359222.0920858,0.0016942024230957031
72563,normal,2211,0,1782359222.0943122,0.0022263526916503906
72564,normal,475,0,1782359222.0963185,0.0020062923431396484
72565,normal,1536,0,1782359222.0985355,0.0022170543670654297
72566,normal,1999,0,1782359222.1001372,0.0016016960144042969
72567,normal,2063,0,1782359222.1024158,0.002278566360473633
72568,normal,3075,1,1782359222.1042154,0.0017995834350585938
72569,normal,1819,0,1782359222.1061826,0.001967191696166992
72570,normal,3604,0,1782359222.1082203,0.0020377635955810547
72571,normal,1002,2,1782359222.1101182,0.0018978118896484375
72572,normal,490,0,1782359222.1122105,0.0020923614501953125
72573,normal,2459,0,1782359222.1143904,0.002179861068725586
72574,normal,2355,0,1782359222.1160777,0.0016872882843017578
72575,normal,2258,0,1782359222.118222,0.002144336700439453
72576,normal,2612,0,1782359222.1202087,0.0019867420196533203
72577,normal,1945,0,1782359222.1221213,0.0019125938415527344
72578,normal,74,0,1782359222.1244972,0.0023758411407470703
72579,normal,1719,0,1782359222.126605,0.002107858657836914
72580,normal,3666,0,1782359222.1283197,0.0017147064208984375
72581,normal,2784,0,1782359222.1301188,0.0017991065979003906
72582,normal,2509,0,1782359222.1322105,0.002091646194458008
72583,normal,2664,0,1782359222.134136,0.0019254684448242188
72584,normal,2936,0,1782359222.1364443,0.002308368682861328
72585,normal,1048,0,1782359222.138387,0.0019426345825195312
72586,normal,782,2,1782359222.1400573,0.0016703605651855469
72587,normal,706,0,1782359222.1422193,0.0021619796752929688
72588,normal,2868,0,1782359222.1442313,0.002012014389038086
72589,normal,1805,0,1782359222.1461504,0.0019190311431884766
72590,normal,3188,1,1782359222.1482544,0.002104043960571289
72591,normal,2429,0,1782359222.1505623,0.002307891845703125
72592,normal,2271,0,1782359222.152265,0.0017027854919433594
72593,normal,869,2,1782359222.154267,0.0020020008087158203
72594,normal,18,0,1782359222.15634,0.0020728111267089844
72595,normal,727,0,1782359222.1581855,0.0018455982208251953
72596,normal,400,0,1782359222.1601632,0.001977682113647461
72597,normal,651,0,1782359222.1626306,0.0024673938751220703
72598,normal,1393,0,1782359222.1642997,0.001669168472290039
72599,normal,2223,0,1782359222.166234,0.0019342899322509766
72600,normal,313,0,1782359222.168456,0.0022220611572265625
72601,normal,3503,0,1782359222.170565,0.0021088123321533203
72602,normal,3041,0,1782359222.1721005,0.001535654067993164
72603,normal,2940,0,1782359222.1742425,0.0021419525146484375
72604,normal,644,0,1782359222.1760528,0.001810312271118164
72605,normal,692,0,1782359222.178245,0.002192258834838867
72606,normal,3648,0,1782359222.1802316,0.0019865036010742188
72607,normal,810,2,1782359222.1820543,0.0018227100372314453
72608,normal,2851,0,1782359222.1842163,0.0021619796752929688
72609,normal,2896,0,1782359222.186233,0.002016782760620117
72610,normal,742,0,1782359222.1882243,0.00199127197265625
72611,normal,71,0,1782359222.1902442,0.0020198822021484375
72612,normal,2042,0,1782359222.1923072,0.0020630359649658203
72613,normal,480,0,1782359222.194137,0.0018298625946044922
72614,normal,601,0,1782359222.1963031,0.0021660327911376953
72615,normal,3497,0,1782359222.198191,0.0018877983093261719
72616,normal,3348,1,1782359222.2002635,0.002072572708129883
72617,normal,131,0,1782359222.2021832,0.0019197463989257812
72618,normal,3645,0,1782359222.2042294,0.0020461082458496094
72619,normal,286,0,1782359222.2061188,0.0018894672393798828
72620,normal,3012,0,1782359222.2081628,0.0020439624786376953
72621,normal,216,0,1782359222.2102373,0.0020744800567626953
72622,normal,3038,0,1782359222.212056,0.0018186569213867188
72623,normal,2415,0,1782359222.2141638,0.002107858657836914
72624,normal,933,2,1782359222.2162607,0.002096891403198242
72625,normal,2956,0,1782359222.2180698,0.0018091201782226562
72626,normal,1221,0,1782359222.2202458,0.002176046371459961
72627,normal,2946,0,1782359222.2222302,0.0019843578338623047
72628,normal,436,0,1782359222.2240496,0.0018193721771240234
72629,normal,137,0,1782359222.2262192,0.0021696090698242188
72630,normal,1296,0,1782359222.2282178,0.0019986629486083984
72631,normal,2029,0,1782359222.2300463,0.0018284320831298828
72632,normal,2129,0,1782359222.232211,0.0021648406982421875
72633,normal,2632,0,1782359222.2343066,0.002095460891723633
72634,normal,3377,1,1782359222.236162,0.0018553733825683594
72635,normal,1269,0,1782359222.2382107,0.0020487308502197266
72636,normal,78,0,1782359222.2402675,0.0020568370819091797
72637,normal,1238,0,1782359222.2420835,0.0018160343170166016
72638,normal,430,0,1782359222.2441905,0.002106904983520508
72639,normal,1820,0,1782359222.2462144,0.002023935317993164
72640,normal,2606,0,1782359222.248039,0.0018246173858642578
72641,normal,805,2,1782359222.250206,0.0021669864654541016
72642,normal,3403,0,1782359222.2524118,0.0022058486938476562
72643,normal,1011,2,1782359222.2541022,0.0016903877258300781
72644,normal,691,0,1782359222.256275,0.002172708511352539
72645,normal,2838,0,1782359222.2582023,0.0019273757934570312
72646,normal,1279,0,1782359222.260185,0.0019826889038085938
72647,normal,2508,0,1782359222.2620735,0.0018885135650634766
72648,normal,1556,0,1782359222.2643335,0.002259969711303711
72649,normal,2159,0,1782359222.2662551,0.0019216537475585938
72650,normal,3317,1,1782359222.2680125,0.0017573833465576172
72651,normal,2182,0,1782359222.2701583,0.0021457672119140625
72652,normal,3420,0,1782359222.27201,0.001851797103881836
72653,normal,793,2,1782359222.2742546,0.0022444725036621094
72654,normal,1225,0,1782359222.2761633,0.0019087791442871094
72655,normal,299,0,1782359222.2779973,0.0018339157104492188
72656,normal,1118,0,1782359222.2801518,0.0021545886993408203
72657,normal,442,0,1782359222.2821548,0.0020029544830322266
72658,normal,2641,0,1782359222.2844672,0.0023124217987060547
72659,normal,3444,0,1782359222.2864418,0.0019745826721191406
72660,normal,2541,0,1782359222.288141,0.001699209213256836
72661,normal,2973,0,1782359222.2901158,0.001974821090698242
72662,normal,1004,2,1782359222.2920163,0.0019004344940185547
72663,normal,3104,1,1782359222.294172,0.002155780792236328
72664,normal,413,0,1782359222.2961655,0.001993417739868164
72665,normal,2699,0,1782359222.2983046,0.0021390914916992188
72666,normal,1532,0,1782359222.3000908,0.0017862319946289062
72667,normal,837,2,1782359222.3021479,0.0020570755004882812
72668,normal,6,0,1782359222.304084,0.001936197280883789
72669,normal,2832,0,1782359222.3061697,0.0020856857299804688
72670,normal,2939,0,1782359222.3082027,0.0020329952239990234
72671,normal,1614,0,1782359222.3102875,0.0020847320556640625
72672,normal,3344,1,1782359222.3122168,0.0019292831420898438
72673,normal,1664,0,1782359222.314114,0.0018973350524902344
72674,normal,2758,0,1782359222.3162546,0.002140522003173828
72675,normal,3466,0,1782359222.318153,0.0018982887268066406
72676,normal,3297,1,1782359222.3202755,0.002122640609741211
72677,normal,1441,0,1782359222.322333,0.0020575523376464844
72678,normal,1562,0,1782359222.3241813,0.0018482208251953125
72679,normal,87,0,1782359222.3263237,0.0021424293518066406
72680,normal,966,2,1782359222.3284166,0.0020928382873535156
72681,normal,2173,0,1782359222.3301861,0.0017695426940917969
72682,normal,2806,0,1782359222.332027,0.001840829849243164
72683,normal,3021,0,1782359222.334144,0.002117156982421875
72684,normal,656,0,1782359222.336138,0.001993894577026367
72685,normal,1162,0,1782359222.338104,0.0019659996032714844
72686,normal,1721,0,1782359222.3401403,0.0020363330841064453
72687,normal,143,0,1782359222.342158,0.0020177364349365234
72688,normal,923,2,1782359222.3440232,0.0018651485443115234
72689,normal,622,0,1782359222.3461964,0.002173185348510742
72690,normal,3400,1,1782359222.348229,0.0020325183868408203
72691,normal,187,0,1782359222.3501954,0.0019664764404296875
72692,normal,452,0,1782359222.3522196,0.0020241737365722656
72693,normal,59,0,1782359222.3542044,0.001984834671020508
72694,normal,279,0,1782359222.356315,0.0021104812622070312
72695,normal,450,0,1782359222.3582425,0.0019276142120361328
72696,normal,1972,0,1782359222.3602023,0.0019598007202148438
72697,normal,1127,0,1782359222.362221,0.0020186901092529297
72698,normal,3099,1,1782359222.364137,0.0019159317016601562
72699,normal,1191,0,1782359222.366239,0.0021021366119384766
72700,normal,284,0,1782359222.3681386,0.0018994808197021484
72701,normal,590,0,1782359222.3702304,0.0020918846130371094
72702,normal,3299,1,1782359222.3721452,0.0019147396087646484
72703,normal,1686,0,1782359222.3742378,0.002092599868774414
72704,normal,155,0,1782359222.3761618,0.0019240379333496094
72705,normal,23,0,1782359222.378338,0.0021762847900390625
72706,normal,2577,0,1782359222.3800392,0.0017011165618896484
72707,normal,631,0,1782359222.3822324,0.0021932125091552734
72708,normal,260,0,1782359222.3841307,0.0018982887268066406
72709,normal,495,0,1782359222.3862195,0.002088785171508789
72710,normal,913,2,1782359222.3881307,0.001911163330078125
72711,normal,3139,1,1782359222.3902686,0.002137899398803711
72712,normal,264,0,1782359222.392194,0.0019254684448242188
72713,normal,3489,0,1782359222.3943143,0.0021202564239501953
72714,normal,602,0,1782359222.3962474,0.0019330978393554688
72715,normal,1881,0,1782359222.3980787,0.0018312931060791016
72716,normal,764,0,1782359222.4003036,0.0022249221801757812
72717,normal,1213,0,1782359222.4022133,0.0019097328186035156
72718,normal,298,0,1782359222.4041417,0.0019283294677734375
72719,normal,3084,1,1782359222.4060364,0.0018947124481201172
72720,normal,1877,0,1782359222.408222,0.0021855831146240234
72721,normal,3516,0,1782359222.4100947,0.0018727779388427734
72722,normal,2609,0,1782359222.4122975,0.002202749252319336
72723,normal,1427,0,1782359222.4142182,0.0019207000732421875
72724,normal,2875,0,1782359222.416252,0.002033710479736328
72725,normal,2640,0,1782359222.4182572,0.002005338668823242
72726,normal,1188,0,1782359222.420261,0.0020036697387695312
72727,normal,3480,0,1782359222.4222648,0.002003908157348633
72728,normal,1309,0,1782359222.4242187,0.0019538402557373047
72729,normal,978,2,1782359222.4262316,0.002012968063354492
72730,normal,850,2,1782359222.4281378,0.0019061565399169922
72731,normal,1680,0,1782359222.4300454,0.0019075870513916016
72732,normal,3544,0,1782359222.4322245,0.0021791458129882812
72733,normal,3640,0,1782359222.434268,0.002043485641479492
72734,normal,780,2,1782359222.436023,0.0017549991607666016
72735,normal,1389,0,1782359222.4382055,0.002182483673095703
72736,normal,1302,0,1782359222.4401214,0.0019159317016601562
72737,normal,197,0,1782359222.4421115,0.001990079879760742
72738,normal,1695,0,1782359222.4447782,0.0026667118072509766
72739,normal,967,2,1782359222.446235,0.0014567375183105469
72740,normal,621,0,1782359222.4480987,0.001863718032836914
72741,normal,998,2,1782359222.4502337,0.002135038375854492
72742,normal,2467,0,1782359222.4521413,0.0019075870513916016
72743,normal,1534,0,1782359222.454271,0.002129793167114258
72744,normal,971,2,1782359222.4565656,0.0022945404052734375
72745,normal,2277,0,1782359222.4580677,0.0015020370483398438
72746,normal,2792,0,1782359222.460225,0.002157449722290039
72747,normal,3518,0,1782359222.462138,0.001912832260131836
72748,normal,1283,0,1782359222.4642458,0.002107858657836914
72749,normal,3469,0,1782359222.4661427,0.0018968582153320312
72750,normal,2720,0,1782359222.4686444,0.0025017261505126953
72751,normal,247,0,1782359222.470171,0.0015265941619873047
72752,normal,272,0,1782359222.4722657,0.002094745635986328
72753,normal,1667,0,1782359222.4742146,0.0019488334655761719
72754,normal,428,0,1782359222.4762654,0.0020508766174316406
72755,normal,2950,0,1782359222.478152,0.001886606216430664
72756,normal,831,2,1782359222.4804993,0.002347230911254883
72757,normal,1507,0,1782359222.4822867,0.001787424087524414
72758,normal,1796,0,1782359222.4841862,0.0018994808197021484
72759,normal,2498,0,1782359222.4865954,0.002409219741821289
72760,normal,2471,0,1782359222.488641,0.0020456314086914062
72761,normal,1704,0,1782359222.4901018,0.0014607906341552734
72762,normal,3238,1,1782359222.49221,0.0021080970764160156
72763,normal,626,0,1782359222.494149,0.0019390583038330078
72764,normal,2120,0,1782359222.4962614,0.0021123886108398438
72765,normal,3239,1,1782359222.4981432,0.0018818378448486328
72766,normal,3191,1,1782359222.500138,0.0019948482513427734
72767,normal,3447,0,1782359222.5020382,0.0019001960754394531
72768,normal,3194,1,1782359222.5042331,0.0021948814392089844
72769,normal,3465,0,1782359222.5060992,0.0018661022186279297
72770,normal,694,0,1782359222.508266,0.002166748046875
72771,normal,1976,0,1782359222.5103264,0.002060413360595703
72772,normal,3062,1,1782359222.5120363,0.0017099380493164062
72773,normal,2765,0,1782359222.5142655,0.0022292137145996094
72774,normal,1622,0,1782359222.51619,0.0019245147705078125
72775,normal,1732,0,1782359222.5182703,0.002080202102661133
72776,normal,2902,0,1782359222.5200996,0.001829385757446289
72777,normal,3197,1,1782359222.5222304,0.002130746841430664
72778,normal,2080,0,1782359222.5240657,0.0018353462219238281
72779,normal,1783,0,1782359222.5262485,0.0021827220916748047
72780,normal,110,0,1782359222.5282378,0.0019893646240234375
72781,normal,3602,0,1782359222.5300727,0.001834869384765625
72782,normal,2447,0,1782359222.5322616,0.0021889209747314453
72783,normal,619,0,1782359222.5341642,0.0019025802612304688
72784,normal,3432,0,1782359222.536209,0.0020449161529541016
72785,normal,2614,0,1782359222.538087,0.0018777847290039062
72786,normal,1890,0,1782359222.540189,0.0021021366119384766
72787,normal,68,0,1782359222.542019,0.0018298625946044922
72788,normal,2143,0,1782359222.544179,0.0021600723266601562
72789,normal,508,0,1782359222.5461895,0.0020105838775634766
72790,normal,2646,0,1782359222.5482633,0.0020737648010253906
72791,normal,1833,0,1782359222.5501292,0.0018658638000488281
72792,normal,1289,0,1782359222.5524263,0.0022971630096435547
72793,normal,1470,0,1782359222.5540748,0.0016484260559082031
72794,normal,2749,0,1782359222.5562575,0.0021827220916748047
72795,normal,1050,0,1782359222.5582633,0.0020058155059814453
72796,normal,2038,0,1782359222.560029,0.0017657279968261719
72797,normal,1543,0,1782359222.5625253,0.0024962425231933594
72798,normal,2716,0,1782359222.5642655,0.0017402172088623047
72799,normal,2404,0,1782359222.5660517,0.0017862319946289062
72800,normal,972,2,1782359222.568245,0.0021932125091552734
72801,normal,1951,0,1782359222.5702858,0.002040863037109375
72802,normal,3508,0,1782359222.5720918,0.001806020736694336
72803,normal,3223,1,1782359222.5743139,0.0022220611572265625
72804,normal,3252,1,1782359222.5761936,0.0018796920776367188
72805,normal,2236,0,1782359222.5782363,0.0020427703857421875
72806,normal,2334,0,1782359222.5800998,0.0018634796142578125
72807,normal,41,0,1782359222.5823116,0.0022118091583251953
72808,normal,1530,0,1782359222.5841947,0.0018830299377441406
72809,normal,278,0,1782359222.5861118,0.001917123794555664
72810,normal,3319,1,1782359222.5881395,0.002027750015258789
72811,normal,2503,0,1782359222.590008,0.0018684864044189453
72812,normal,1797,0,1782359222.5921595,0.0021514892578125
72813,normal,1124,0,1782359222.5943458,0.002186298370361328
72814,normal,1122,0,1782359222.5960102,0.0016644001007080078
72815,normal,1276,0,1782359222.5981574,0.002147197723388672
72816,normal,2992,0,1782359222.6001613,0.002003908157348633
72817,normal,1262,0,1782359222.6020079,0.0018465518951416016
72818,normal,3177,1,1782359222.604823,0.00281524658203125
72819,normal,2856,0,1782359222.606327,0.0015039443969726562
72820,normal,3689,0,1782359222.6080344,0.001707315444946289
72821,normal,2921,0,1782359222.6101277,0.0020933151245117188
72822,normal,965,2,1782359222.6121387,0.0020110607147216797
72823,normal,3253,1,1782359222.6140356,0.0018968582153320312
72824,normal,1970,0,1782359222.6162083,0.002172708511352539
72825,normal,3650,0,1782359222.6182404,0.002032041549682617
72826,normal,686,0,1782359222.6201386,0.0018982887268066406
72827,normal,1957,0,1782359222.6222126,0.002074003219604492
72828,normal,1629,0,1782359222.6242557,0.002043008804321289
72829,normal,2607,0,1782359222.6261492,0.0018935203552246094
72830,normal,1078,0,1782359222.628264,0.0021147727966308594
72831,normal,1584,0,1782359222.6304643,0.0022003650665283203
72832,normal,2061,0,1782359222.632336,0.0018715858459472656
72833,normal,2049,0,1782359222.6341856,0.0018496513366699219
72834,normal,3283,1,1782359222.6363351,0.0021495819091796875
72835,normal,2295,0,1782359222.6381583,0.0018231868743896484
72836,normal,1079,0,1782359222.640394,0.0022356510162353516
72837,normal,48,0,1782359222.642167,0.0017731189727783203
72838,normal,3230,1,1782359222.6445448,0.002377748489379883
72839,normal,3358,1,1782359222.6463132,0.001768350601196289
72840,normal,45,0,1782359222.6482503,0.0019371509552001953
72841,normal,1678,0,1782359222.6502903,0.0020399093627929688
72842,normal,693,0,1782359222.6527128,0.0024225711822509766
72843,normal,239,0,1782359222.6542478,0.0015349388122558594
72844,normal,229,0,1782359222.6560588,0.0018110275268554688
72845,normal,894,2,1782359222.6581178,0.0020589828491210938
72846,normal,3630,0,1782359222.6602561,0.002138376235961914
72847,normal,958,2,1782359222.6621606,0.0019044876098632812
72848,normal,3383,1,1782359222.6642568,0.0020961761474609375
72849,normal,2486,0,1782359222.666139,0.0018820762634277344
72850,normal,2302,0,1782359222.6682434,0.002104520797729492
72851,normal,3100,1,1782359222.670176,0.0019326210021972656
72852,normal,519,0,1782359222.6723056,0.0021295547485351562
72853,normal,1306,0,1782359222.6742616,0.0019559860229492188
72854,normal,1734,0,1782359222.6760514,0.0017898082733154297
72855,normal,3566,0,1782359222.6782613,0.002209901809692383
72856,normal,1083,0,1782359222.6802113,0.0019500255584716797
72857,normal,3682,0,1782359222.682227,0.0020155906677246094
72858,normal,3320,1,1782359222.6843064,0.002079486846923828
72859,normal,1903,0,1782359222.686124,0.0018177032470703125
72860,normal,1809,0,1782359222.6882515,0.002127408981323242
72861,normal,3081,1,1782359222.6901646,0.0019130706787109375
72862,normal,1993,0,1782359222.6922598,0.0020952224731445312
72863,normal,3250,1,1782359222.6941552,0.0018954277038574219
72864,normal,1992,0,1782359222.6962674,0.002112150192260742
72865,normal,3171,1,1782359222.6981788,0.0019114017486572266
72866,normal,1481,0,1782359222.700329,0.002150297164916992
72867,normal,2689,0,1782359222.7021492,0.0018200874328613281
72868,normal,232,0,1782359222.704215,0.002065896987915039
72869,normal,3267,1,1782359222.7061214,0.0019063949584960938
72870,normal,1013,2,1782359222.7081418,0.0020203590393066406
72871,normal,955,2,1782359222.7101305,0.001988649368286133
72872,normal,1434,0,1782359222.7121527,0.002022266387939453
72873,normal,674,0,1782359222.7141764,0.0020236968994140625
72874,normal,3140,1,1782359222.716225,0.002048492431640625
72875,normal,1812,0,1782359222.7180622,0.0018372535705566406
72876,normal,526,0,1782359222.720149,0.0020868778228759766
72877,normal,2325,0,1782359222.7221413,0.0019922256469726562
72878,normal,977,2,1782359222.7241073,0.0019659996032714844
72879,normal,2267,0,1782359222.7261102,0.0020029544830322266
72880,normal,1058,0,1782359222.7281055,0.0019953250885009766
72881,normal,2578,0,1782359222.7301233,0.0020177364349365234
72882,normal,3565,0,1782359222.7321546,0.0020313262939453125
72883,normal,840,2,1782359222.7341535,0.0019989013671875
72884,normal,3703,0,1782359222.7361836,0.0020301342010498047
72885,normal,2025,0,1782359222.738203,0.0020194053649902344
72886,normal,2135,0,1782359222.7401066,0.001903533935546875
72887,normal,3603,0,1782359222.7421482,0.0020415782928466797
72888,normal,2537,0,1782359222.7442045,0.0020563602447509766
72889,normal,1396,0,1782359222.7461445,0.001940011978149414
72890,normal,819,2,1782359222.7480848,0.0019402503967285156
72891,normal,2575,0,1782359222.7501118,0.0020270347595214844
72892,normal,814,2,1782359222.7521114,0.0019996166229248047
72893,normal,2341,0,1782359222.754109,0.0019974708557128906
72894,normal,866,2,1782359222.7561824,0.002073526382446289
72895,normal,2000,0,1782359222.7580411,0.0018587112426757812
72896,normal,1669,0,1782359222.760108,0.0020668506622314453
72897,normal,1499,0,1782359222.7621129,0.002004861831665039
72898,normal,2406,0,1782359222.76411,0.001997232437133789
72899,normal,1725,0,1782359222.7663434,0.002233266830444336
72900,normal,1102,0,1782359222.768363,0.002019643783569336
72901,normal,304,0,1782359222.7700405,0.0016775131225585938
72902,normal,614,0,1782359222.77212,0.002079486846923828
72903,normal,1038,0,1782359222.774123,0.0020029544830322266
72904,normal,1508,0,1782359222.7761261,0.002003192901611328
72905,normal,583,0,1782359222.7782211,0.0020949840545654297
72906,normal,379,0,1782359222.780185,0.0019638538360595703
72907,normal,3113,1,1782359222.7820332,0.0018482208251953125
72908,normal,1138,0,1782359222.7841241,0.002090930938720703
72909,normal,3655,0,1782359222.7861364,0.0020122528076171875
72910,normal,2653,0,1782359222.788143,0.00200653076171875
72911,normal,127,0,1782359222.7902832,0.0021402835845947266
72912,normal,2932,0,1782359222.7923734,0.0020902156829833984
72913,normal,2647,0,1782359222.7941253,0.0017518997192382812
72914,normal,722,0,1782359222.7962334,0.0021080970764160156
72915,normal,2475,0,1782359222.7982388,0.002005338668823242
72916,normal,1911,0,1782359222.8001049,0.0018661022186279297
72917,normal,2457,0,1782359222.8021784,0.002073526382446289
72918,normal,1404,0,1782359222.804329,0.0021505355834960938
72919,normal,1887,0,1782359222.8061767,0.0018477439880371094
72920,normal,1154,0,1782359222.808215,0.002038240432739258
72921,normal,2757,0,1782359222.8101547,0.0019397735595703125
72922,normal,2780,0,1782359222.8122077,0.0020530223846435547
72923,normal,1260,0,1782359222.8142002,0.001992464065551758
72924,normal,190,0,1782359222.8161366,0.0019364356994628906
72925,normal,446,0,1782359222.8181965,0.0020599365234375
72926,normal,1395,0,1782359222.8201876,0.0019910335540771484
72927,normal,697,0,1782359222.8222718,0.0020842552185058594
72928,normal,1666,0,1782359222.824069,0.0017971992492675781
72929,normal,1390,0,1782359222.826259,0.0021898746490478516
72930,normal,1321,1,1782359222.8282502,0.00199127197265625
72931,normal,2824,0,1782359222.830083,0.001832723617553711
72932,normal,1781,0,1782359222.8323243,0.002241373062133789
72933,normal,3182,1,1782359222.8343248,0.002000570297241211
72934,normal,1787,0,1782359222.8378108,0.0034859180450439453
72935,normal,1830,0,1782359222.838261,0.00045013427734375
72936,normal,3148,1,1782359222.8403008,0.0020399093627929688
72937,normal,3412,0,1782359222.8422449,0.0019440650939941406
72938,normal,1506,0,1782359222.844172,0.0019271373748779297
72939,normal,1869,0,1782359222.8462977,0.0021257400512695312
72940,normal,259,0,1782359222.848149,0.0018513202667236328
72941,normal,3264,1,1782359222.850257,0.002107858657836914
72942,normal,2623,0,1782359222.8522658,0.0020089149475097656
72943,normal,1300,0,1782359222.8541567,0.0018908977508544922
72944,normal,1971,0,1782359222.8562593,0.0021026134490966797
72945,normal,1605,0,1782359222.8582833,0.002023935317993164
72946,normal,2269,0,1782359222.860175,0.0018916130065917969
72947,normal,2451,0,1782359222.8622892,0.0021142959594726562
72948,normal,1909,0,1782359222.864386,0.002096891403198242
72949,normal,2402,0,1782359222.8661053,0.0017192363739013672
72950,normal,418,0,1782359222.8682594,0.002154111862182617
72951,normal,3052,1,1782359222.8702624,0.0020029544830322266
72952,normal,2908,0,1782359222.8721676,0.001905202865600586
72953,normal,2496,0,1782359222.8742583,0.0020906925201416016
72954,normal,1163,0,1782359222.876265,0.0020067691802978516
72955,normal,1875,0,1782359222.878187,0.0019218921661376953
72956,normal,981,2,1782359222.8802316,0.002044677734375
72957,normal,3614,0,1782359222.882328,0.002096414566040039
72958,normal,2710,0,1782359222.8841813,0.0018532276153564453
72959,normal,666,0,1782359222.8862114,0.0020301342010498047
72960,normal,220,0,1782359222.8882859,0.0020744800567626953
72961,normal,1612,0,1782359222.890187,0.0019011497497558594
72962,normal,2700,0,1782359222.8923035,0.0021164417266845703
72963,normal,2430,0,1782359222.8941574,0.00185394287109375
72964,normal,1120,0,1782359222.8962624,0.0021049976348876953
72965,normal,1220,0,1782359222.898167,0.0019044876098632812
72966,normal,907,2,1782359222.90034,0.002173185348510742
72967,normal,70,0,1782359222.9023006,0.0019605159759521484
72968,normal,542,0,1782359222.9041348,0.0018341541290283203
72969,normal,3094,1,1782359222.906459,0.002324342727661133
72970,normal,1365,1,1782359222.9081993,0.0017402172088623047
72971,normal,2228,0,1782359222.9103765,0.0021772384643554688
72972,normal,1016,2,1782359222.9122312,0.0018546581268310547
72973,normal,2395,0,1782359222.9143264,0.0020952224731445312
72974,normal,2044,0,1782359222.9164484,0.0021219253540039062
72975,normal,1570,0,1782359222.9181657,0.0017173290252685547
72976,normal,1116,0,1782359222.9202476,0.0020818710327148438
72977,normal,1624,0,1782359222.922153,0.0019054412841796875
72978,normal,2263,0,1782359222.9242582,0.002105236053466797
72979,normal,2399,0,1782359222.9264386,0.002180337905883789
72980,normal,2440,0,1782359222.9280472,0.0016086101531982422
72981,normal,2839,0,1782359222.930231,0.0021839141845703125
72982,normal,3561,0,1782359222.932144,0.001912832260131836
72983,normal,1010,2,1782359222.9342418,0.0020978450775146484
72984,normal,1623,0,1782359222.9367037,0.0024619102478027344
72985,normal,2682,0,1782359222.9385078,0.0018041133880615234
72986,normal,2965,0,1782359222.940179,0.0016713142395019531
72987,normal,2097,0,1782359222.94226,0.0020809173583984375
72988,normal,1202,0,1782359222.9441488,0.0018887519836425781
72989,normal,1599,0,1782359222.9462588,0.002110004425048828
72990,normal,720,0,1782359222.948282,0.0020232200622558594
72991,normal,2310,0,1782359222.9505832,0.0023012161254882812
72992,normal,3696,0,1782359222.9521089,0.0015256404876708984
72993,normal,776,2,1782359222.954271,0.0021622180938720703
72994,normal,1066,0,1782359222.956168,0.0018968582153320312
72995,normal,945,2,1782359222.95828,0.002112150192260742
72996,normal,2388,0,1782359222.9602785,0.001998424530029297
72997,normal,1388,0,1782359222.962274,0.001995563507080078
72998,normal,1216,0,1782359222.9643297,0.002055644989013672
72999,normal,3536,0,1782359222.9663212,0.0019915103912353516
73000,normal,1874,0,1782359222.9681532,0.0018320083618164062
73001,normal,191,0,1782359222.970385,0.0022318363189697266
73002,normal,1983,0,1782359222.972293,0.0019078254699707031
73003,normal,565,0,1782359222.9740806,0.0017876625061035156
73004,normal,749,0,1782359222.976602,0.002521514892578125
73005,normal,2501,0,1782359222.9783926,0.0017905235290527344
73006,normal,3446,0,1782359222.980169,0.0017764568328857422
73007,normal,2210,0,1782359222.9825203,0.0023512840270996094
73008,normal,2885,0,1782359222.9847157,0.0021953582763671875
73009,normal,1743,0,1782359222.9861755,0.0014598369598388672
73010,normal,721,0,1782359222.9882708,0.0020952224731445312
73011,normal,254,0,1782359222.9900844,0.001813650131225586
73012,normal,398,0,1782359222.9921722,0.002087831497192383
73013,normal,1292,0,1782359222.9941623,0.001990079879760742
73014,normal,3409,0,1782359222.9961681,0.0020058155059814453
73015,normal,150,0,1782359222.9980428,0.001874685287475586
73016,normal,1026,2,1782359223.0001588,0.002115964889526367
73017,normal,234,0,1782359223.002176,0.0020172595977783203
73018,normal,3527,0,1782359223.0041082,0.0019321441650390625
73019,normal,1782,0,1782359223.006143,0.002034902572631836
73020,normal,2783,0,1782359223.0082183,0.0020751953125
73021,normal,910,2,1782359223.0100226,0.001804351806640625
73022,normal,356,0,1782359223.012156,0.0021333694458007812
73023,normal,2945,0,1782359223.0141943,0.002038240432739258
73024,normal,2789,0,1782359223.0161223,0.001928091049194336
73025,normal,459,0,1782359223.0181363,0.0020139217376708984
73026,normal,1769,0,1782359223.0201392,0.0020029544830322266
73027,normal,2987,0,1782359223.0220475,0.0019083023071289062
73028,normal,2431,0,1782359223.024137,0.0020895004272460938
73029,normal,1872,0,1782359223.0261085,0.0019714832305908203
73030,normal,35,0,1782359223.0280225,0.0019140243530273438
73031,normal,346,0,1782359223.0301046,0.0020821094512939453
73032,normal,2461,0,1782359223.0321124,0.002007722854614258
73033,normal,2413,0,1782359223.0340414,0.0019290447235107422
73034,normal,2083,0,1782359223.0360866,0.002045154571533203
73035,normal,237,0,1782359223.038261,0.00217437744140625
73036,normal,1299,0,1782359223.0399938,0.0017328262329101562
73037,normal,3482,0,1782359223.0420804,0.002086639404296875
73038,normal,3436,0,1782359223.0440793,0.0019989013671875
73039,normal,22,0,1782359223.0460074,0.001928091049194336
73040,normal,2292,0,1782359223.0480602,0.002052783966064453
73041,normal,2799,0,1782359223.0500517,0.0019915103912353516
73042,normal,613,0,1782359223.0520768,0.002025127410888672
73043,normal,196,0,1782359223.0541294,0.0020525455474853516
73044,normal,100,0,1782359223.0561686,0.002039194107055664
73045,normal,1097,0,1782359223.0581052,0.0019366741180419922
73046,normal,338,0,1782359223.0600488,0.0019435882568359375
73047,normal,2663,0,1782359223.0620728,0.002023935317993164
73048,normal,1521,0,1782359223.0640259,0.001953125
73049,normal,1892,0,1782359223.0661347,0.0021088123321533203
73050,normal,2328,0,1782359223.0680325,0.0018978118896484375
73051,normal,2711,0,1782359223.0699842,0.0019516944885253906
73052,normal,824,2,1782359223.07203,0.002045869827270508
73053,normal,2410,0,1782359223.074126,0.002095937728881836
73054,normal,1576,0,1782359223.0761743,0.0020482540130615234
73055,normal,653,0,1782359223.0781093,0.0019350051879882812
73056,normal,591,0,1782359223.0802143,0.0021049976348876953
73057,normal,823,2,1782359223.0821517,0.0019373893737792969
73058,normal,514,0,1782359223.08426,0.002108335494995117
73059,normal,1904,0,1782359223.0861645,0.0019044876098632812
73060,normal,818,2,1782359223.088167,0.0020024776458740234
73061,normal,685,0,1782359223.0901463,0.001979351043701172
73062,normal,545,0,1782359223.0921516,0.002005338668823242
73063,normal,1354,1,1782359223.0939825,0.0018308162689208984
73064,normal,1312,0,1782359223.0960312,0.0020487308502197266
73065,normal,3386,1,1782359223.098028,0.001996755599975586
73066,normal,2516,0,1782359223.0999827,0.001954793930053711
73067,normal,515,0,1782359223.1022294,0.0022466182708740234
73068,normal,2287,0,1782359223.1040554,0.0018260478973388672
73069,normal,3494,0,1782359223.1059914,0.0019359588623046875
73070,normal,3662,0,1782359223.1080062,0.0020148754119873047
73071,normal,1112,0,1782359223.110043,0.0020368099212646484
73072,normal,219,0,1782359223.1120195,0.001976490020751953
73073,normal,69,0,1782359223.1146002,0.0025806427001953125
73074,normal,414,0,1782359223.116167,0.0015668869018554688
73075,normal,3286,1,1782359223.1180704,0.0019032955169677734
73076,normal,3195,1,1782359223.1201496,0.0020792484283447266
73077,normal,716,0,1782359223.1221473,0.001997709274291992
73078,normal,1967,0,1782359223.1240392,0.0018918514251708984
73079,normal,282,0,1782359223.1264071,0.0023679733276367188
73080,normal,801,2,1782359223.1283855,0.0019783973693847656
73081,normal,1651,0,1782359223.1300611,0.0016756057739257812
73082,normal,409,0,1782359223.1322644,0.002203226089477539
73083,normal,3072,1,1782359223.1342654,0.002001047134399414
73084,normal,2134,0,1782359223.1361823,0.0019168853759765625
73085,normal,748,0,1782359223.138188,0.0020055770874023438
73086,normal,1003,2,1782359223.1407056,0.0025177001953125
73087,normal,2750,0,1782359223.1422725,0.0015668869018554688
73088,normal,1240,0,1782359223.1442,0.0019276142120361328
73089,normal,1780,0,1782359223.146342,0.0021419525146484375
73090,normal,3231,1,1782359223.1482112,0.00186920166015625
73091,normal,3090,1,1782359223.150155,0.001943826675415039
73092,normal,1488,0,1782359223.1523418,0.0021867752075195312
73093,normal,2520,0,1782359223.1545076,0.0021657943725585938
73094,normal,957,2,1782359223.1562698,0.0017621517181396484
73095,normal,3388,1,1782359223.1580646,0.0017948150634765625
73096,normal,1813,0,1782359223.1602385,0.002173900604248047
73097,normal,1699,0,1782359223.1622412,0.002002716064453125
73098,normal,1515,0,1782359223.1648207,0.0025794506072998047
73099,normal,1697,0,1782359223.1659873,0.0011665821075439453
73100,normal,2154,0,1782359223.1680276,0.002040386199951172
73101,normal,1693,0,1782359223.1700146,0.001986980438232422
73102,normal,2176,0,1782359223.1720314,0.002016782760620117
73103,normal,311,0,1782359223.1741672,0.002135753631591797
73104,normal,1484,0,1782359223.1760674,0.0019001960754394531
73105,normal,953,2,1782359223.1780283,0.0019609928131103516
73106,normal,2043,0,1782359223.1800354,0.002007007598876953
73107,normal,1919,0,1782359223.182187,0.0021517276763916016
73108,normal,1527,0,1782359223.184073,0.0018858909606933594
73109,normal,32,0,1782359223.1861455,0.002072572708129883
73110,normal,1575,0,1782359223.1880898,0.0019443035125732422
73111,normal,535,0,1782359223.190096,0.002006053924560547
73112,normal,3237,1,1782359223.1920745,0.001978635787963867
73113,normal,1694,0,1782359223.194114,0.0020394325256347656
73114,normal,1130,0,1782359223.1961486,0.0020346641540527344
73115,normal,2842,0,1782359223.1981475,0.0019989013671875
73116,normal,2884,0,1782359223.2000358,0.001888275146484375
73117,normal,3370,1,1782359223.202025,0.001989126205444336
73118,normal,2943,0,1782359223.2040384,0.0020134449005126953
73119,normal,2124,0,1782359223.2060838,0.0020453929901123047
73120,normal,1604,0,1782359223.2081203,0.002036571502685547
73121,normal,1913,0,1782359223.2101786,0.002058267593383789
73122,normal,2099,0,1782359223.2121031,0.0019245147705078125
73123,normal,560,0,1782359223.2141085,0.002005338668823242
73124,normal,2937,0,1782359223.2161543,0.002045869827270508
73125,normal,3036,0,1782359223.218364,0.0022096633911132812
73126,normal,26,0,1782359223.2201035,0.001739501953125
73127,normal,3588,0,1782359223.2222111,0.0021076202392578125
73128,normal,3632,0,1782359223.2242146,0.0020034313201904297
73129,normal,1457,0,1782359223.226108,0.0018935203552246094
73130,normal,3471,0,1782359223.2282143,0.002106189727783203
73131,normal,1021,2,1782359223.2302144,0.002000093460083008
73132,normal,1696,0,1782359223.2321818,0.0019674301147460938
73133,normal,1255,0,1782359223.2343037,0.0021219253540039062
73134,normal,1761,0,1782359223.2364657,0.0021619796752929688
73135,normal,1347,1,1782359223.2381296,0.0016639232635498047
73136,normal,2040,0,1782359223.2402298,0.002100229263305664
73137,normal,3677,0,1782359223.2421968,0.0019669532775878906
73138,normal,1795,0,1782359223.2441406,0.001943826675415039
73139,normal,1019,2,1782359223.2460723,0.0019316673278808594
73140,normal,838,2,1782359223.2481682,0.002095937728881836
73141,normal,986,2,1782359223.2500553,0.0018870830535888672
73142,normal,183,0,1782359223.2521033,0.002048015594482422
73143,normal,295,0,1782359223.25442,0.002316713333129883
73144,normal,920,2,1782359223.2561152,0.0016951560974121094
73145,normal,167,0,1782359223.2583241,0.0022089481353759766
73146,normal,2949,0,1782359223.2603328,0.002008676528930664
73147,normal,918,2,1782359223.2622554,0.001922607421875
73148,normal,241,0,1782359223.2643144,0.0020589828491210938
73149,normal,3613,0,1782359223.2663074,0.001992940902709961
73150,normal,612,0,1782359223.2682173,0.0019099712371826172
73151,normal,1272,0,1782359223.2704396,0.002222299575805664
73152,normal,2242,0,1782359223.272147,0.001707315444946289
73153,normal,2996,0,1782359223.2741337,0.0019867420196533203
73154,normal,3178,1,1782359223.27614,0.0020062923431396484
73155,normal,437,0,1782359223.278143,0.0020029544830322266
73156,normal,2566,0,1782359223.2803316,0.0021886825561523438
73157,normal,2953,0,1782359223.2820225,0.0016908645629882812
73158,normal,564,0,1782359223.284125,0.0021026134490966797
73159,normal,1746,0,1782359223.2861328,0.002007722854614258
73160,normal,747,0,1782359223.2881522,0.0020194053649902344
73161,normal,1104,0,1782359223.2903302,0.0021779537200927734
73162,normal,365,0,1782359223.2925673,0.002237081527709961
73163,normal,2748,0,1782359223.2941673,0.001600027084350586
73164,normal,34,0,1782359223.2961366,0.0019693374633789062
73165,normal,1020,2,1782359223.2980433,0.0019066333770751953
73166,normal,888,2,1782359223.3000305,0.0019872188568115234
73167,normal,1006,2,1782359223.3020473,0.002016782760620117
73168,normal,2781,0,1782359223.304206,0.002158641815185547
73169,normal,3004,0,1782359223.3060496,0.0018436908721923828
73170,normal,629,0,1782359223.3080692,0.002019643783569336
73171,normal,471,0,1782359223.3100197,0.0019505023956298828
73172,normal,1466,0,1782359223.3120239,0.0020041465759277344
73173,normal,2492,0,1782359223.3140376,0.002013683319091797
73174,normal,2927,0,1782359223.3161442,0.0021066665649414062
73175,normal,2813,0,1782359223.3180647,0.001920461654663086
73176,normal,1454,0,1782359223.320374,0.0023093223571777344
73177,normal,3380,1,1782359223.3222594,0.0018854141235351562
73178,normal,2488,0,1782359223.3242824,0.002022981643676758
73179,normal,1752,0,1782359223.3262558,0.001973390579223633
73180,normal,38,0,1782359223.328193,0.0019371509552001953
73181,normal,3529,0,1782359223.3302877,0.002094745635986328
73182,normal,42,0,1782359223.3321228,0.0018351078033447266
73183,normal,488,0,1782359223.3345175,0.0023946762084960938
73184,normal,3694,0,1782359223.3362381,0.0017206668853759766
73185,normal,2805,0,1782359223.3381095,0.001871347427368164
73186,normal,355,0,1782359223.3402376,0.002128124237060547
73187,normal,627,0,1782359223.342416,0.0021784305572509766
73188,normal,3500,0,1782359223.3441913,0.0017752647399902344
73189,normal,962,2,1782359223.3459918,0.001800537109375
73190,normal,485,0,1782359223.3480277,0.002035856246948242
73191,normal,3337,1,1782359223.3500834,0.002055644989013672
73192,normal,1859,0,1782359223.3521109,0.0020275115966796875
73193,normal,2347,0,1782359223.3540595,0.0019485950469970703
73194,normal,290,0,1782359223.3560414,0.001981973648071289
73195,normal,1647,0,1782359223.3580139,0.0019724369049072266
73196,normal,1206,0,1782359223.3600705,0.002056598663330078
73197,normal,1843,0,1782359223.362085,0.002014636993408203
73198,normal,762,0,1782359223.364101,0.002015829086303711
73199,normal,3347,1,1782359223.366215,0.0021140575408935547
73200,normal,2010,0,1782359223.3680778,0.0018627643585205078
73201,normal,1982,0,1782359223.3701937,0.002115964889526367
73202,normal,1661,0,1782359223.3721938,0.002000093460083008
73203,normal,765,0,1782359223.3742251,0.0020313262939453125
73204,normal,502,0,1782359223.3760936,0.0018684864044189453
73205,normal,1052,0,1782359223.378114,0.0020203590393066406
73206,normal,363,0,1782359223.3801448,0.0020308494567871094
73207,normal,453,0,1782359223.3821573,0.002012491226196289
73208,normal,2990,0,1782359223.3841376,0.001980304718017578
73209,normal,1606,0,1782359223.3861423,0.0020046234130859375
73210,normal,2545,0,1782359223.388148,0.0020058155059814453
73211,normal,3311,1,1782359223.3901396,0.0019915103912353516
73212,normal,1715,0,1782359223.3921845,0.0020449161529541016
73213,normal,1885,0,1782359223.3941061,0.0019216537475585938
73214,normal,2458,0,1782359223.3961442,0.0020380020141601562
73215,normal,1224,0,1782359223.3981385,0.0019943714141845703
73216,normal,1100,0,1782359223.400141,0.0020024776458740234
73217,normal,2012,0,1782359223.4021862,0.002045154571533203
73218,normal,1184,0,1782359223.4041467,0.0019605159759521484
73219,normal,2801,0,1782359223.4061358,0.001989126205444336
73220,normal,2522,0,1782359223.4081867,0.0020508766174316406
73221,normal,1718,0,1782359223.4102113,0.0020246505737304688
73222,normal,160,0,1782359223.412205,0.0019936561584472656
73223,normal,760,0,1782359223.414141,0.0019359588623046875
73224,normal,61,0,1782359223.4161453,0.002004384994506836
73225,normal,3556,0,1782359223.4181743,0.002028942108154297
73226,normal,2836,0,1782359223.4201188,0.0019445419311523438
73227,normal,2639,0,1782359223.4221141,0.0019953250885009766
73228,normal,1873,0,1782359223.4241104,0.001996278762817383
73229,normal,2777,0,1782359223.4261084,0.0019979476928710938
73230,normal,551,0,1782359223.4281545,0.0020461082458496094
73231,normal,381,0,1782359223.4301984,0.0020439624786376953
73232,normal,383,0,1782359223.4321032,0.0019047260284423828
73233,normal,645,0,1782359223.4342794,0.0021762847900390625
73234,normal,625,0,1782359223.4362013,0.0019218921661376953
73235,normal,657,0,1782359223.438338,0.002136707305908203
73236,normal,2360,0,1782359223.4401894,0.0018513202667236328
73237,normal,3523,0,1782359223.442276,0.002086639404296875
73238,normal,1192,0,1782359223.444182,0.0019059181213378906
73239,normal,671,0,1782359223.446202,0.002020120620727539
73240,normal,325,0,1782359223.448013,0.0018110275268554688
73241,normal,1474,0,1782359223.4500995,0.0020864009857177734
73242,normal,261,0,1782359223.4521034,0.002003908157348633
73243,normal,784,2,1782359223.4541466,0.0020432472229003906
73244,normal,2539,0,1782359223.456195,0.002048492431640625
73245,normal,2912,0,1782359223.4581149,0.0019197463989257812
73246,normal,1642,0,1782359223.4601023,0.001987457275390625
73247,normal,769,0,1782359223.4621086,0.0020062923431396484
73248,normal,932,2,1782359223.4641075,0.0019989013671875
73249,normal,2105,0,1782359223.466445,0.0023374557495117188
73250,normal,3368,1,1782359223.4684358,0.001990795135498047
73251,normal,3605,0,1782359223.4702542,0.0018184185028076172
73252,normal,906,2,1782359223.4720638,0.0018095970153808594
73253,normal,992,2,1782359223.474146,0.0020821094512939453
73254,normal,1591,0,1782359223.4761543,0.0020084381103515625
73255,normal,97,0,1782359223.478143,0.001988649368286133
73256,normal,1793,0,1782359223.480519,0.002376079559326172
73257,normal,1934,0,1782359223.4822004,0.0016813278198242188
73258,normal,3212,1,1782359223.4840477,0.0018472671508789062
73259,normal,1291,0,1782359223.4861372,0.0020895004272460938
73260,normal,351,0,1782359223.4881508,0.002013683319091797
73261,normal,2941,0,1782359223.4901428,0.0019919872283935547
73262,normal,3057,1,1782359223.4925575,0.002414703369140625
73263,normal,2695,0,1782359223.494485,0.0019273757934570312
73264,normal,662,0,1782359223.4961793,0.0016944408416748047
73265,normal,2414,0,1782359223.4982667,0.0020873546600341797
73266,normal,2128,0,1782359223.5002813,0.002014636993408203
73267,normal,1415,0,1782359223.50219,0.0019087791442871094
73268,normal,419,0,1782359223.504172,0.001981973648071289
73269,normal,303,0,1782359223.5065007,0.002328634262084961
73270,normal,246,0,1782359223.5082762,0.001775503158569336
73271,normal,3291,1,1782359223.5101826,0.0019063949584960938
73272,normal,3163,1,1782359223.5121582,0.001975536346435547
73273,normal,946,2,1782359223.514556,0.002397775650024414
73274,normal,835,2,1782359223.5162299,0.0016739368438720703
73275,normal,2266,0,1782359223.518101,0.0018711090087890625
73276,normal,755,0,1782359223.5199983,0.0018973350524902344
73277,normal,3384,1,1782359223.5222135,0.002215147018432617
73278,normal,1831,0,1782359223.524165,0.001951456069946289
73279,normal,2515,0,1782359223.5261455,0.0019805431365966797
73280,normal,1854,0,1782359223.528133,0.001987457275390625
73281,normal,3351,1,1782359223.530117,0.001984119415283203
73282,normal,1529,0,1782359223.5321474,0.0020303726196289062
73283,normal,2596,0,1782359223.5341818,0.002034425735473633
73284,normal,2377,0,1782359223.5362911,0.0021092891693115234
73285,normal,775,2,1782359223.5381367,0.0018455982208251953
73286,normal,654,0,1782359223.5400167,0.0018799304962158203
73287,normal,1853,0,1782359223.542168,0.0021512508392333984
73288,normal,3366,1,1782359223.5441813,0.0020134449005126953
73289,normal,791,2,1782359223.5461197,0.0019383430480957031
73290,normal,1411,0,1782359223.548214,0.002094268798828125
73291,normal,2333,0,1782359223.550004,0.0017900466918945312
73292,normal,643,0,1782359223.5521276,0.002123594284057617
73293,normal,2212,0,1782359223.5541284,0.0020008087158203125
73294,normal,646,0,1782359223.5560324,0.0019040107727050781
73295,normal,431,0,1782359223.5581279,0.002095460891723633
73296,normal,434,0,1782359223.5601346,0.0020067691802978516
73297,normal,3048,1,1782359223.56213,0.0019953250885009766
73298,normal,2225,0,1782359223.5641627,0.002032756805419922
73299,normal,2677,0,1782359223.566159,0.001996278762817383
73300,normal,2555,0,1782359223.5682297,0.0020706653594970703
73301,normal,3074,1,1782359223.5700307,0.0018010139465332031
73302,normal,941,2,1782359223.5721285,0.0020978450775146484
73303,normal,2923,0,1782359223.5741255,0.0019969940185546875
73304,normal,2327,0,1782359223.5761237,0.0019981861114501953
73305,normal,2690,0,1782359223.5781293,0.0020055770874023438
73306,normal,3541,0,1782359223.5801384,0.002009153366088867
73307,normal,280,0,1782359223.582183,0.0020444393157958984
73308,normal,3644,0,1782359223.5841966,0.002013683319091797
73309,normal,2311,0,1782359223.5861373,0.0019407272338867188
73310,normal,1140,0,1782359223.588202,0.0020647048950195312
73311,normal,856,2,1782359223.590157,0.0019550323486328125
73312,normal,1516,0,1782359223.592153,0.0019960403442382812
73313,normal,1915,0,1782359223.5940797,0.0019266605377197266
73314,normal,1103,0,1782359223.5961492,0.0020694732666015625
73315,normal,902,2,1782359223.5981174,0.0019681453704833984
73316,normal,2886,0,1782359223.600126,0.002008676528930664
73317,normal,2251,0,1782359223.6020079,0.0018818378448486328
73318,normal,2676,0,1782359223.6043742,0.002366304397583008
73319,normal,1842,0,1782359223.6060843,0.0017101764678955078
73320,normal,268,0,1782359223.6082094,0.0021250247955322266
73321,normal,3156,1,1782359223.610193,0.001983642578125
73322,normal,439,0,1782359223.6123004,0.002107381820678711
73323,normal,728,0,1782359223.6142402,0.0019397735595703125
73324,normal,3570,0,1782359223.6160855,0.0018453598022460938
73325,normal,2499,0,1782359223.6182652,0.0021796226501464844
73326,normal,3116,1,1782359223.6203694,0.0021042823791503906
73327,normal,3586,0,1782359223.622058,0.0016884803771972656
73328,normal,766,0,1782359223.624134,0.0020761489868164062
73329,normal,1933,0,1782359223.6261108,0.0019767284393310547
73330,normal,667,0,1782359223.628112,0.0020012855529785156
73331,normal,3597,0,1782359223.6303296,0.002217531204223633
73332,normal,3046,1,1782359223.632107,0.0017774105072021484
73333,normal,1480,0,1782359223.6340973,0.0019903182983398438
73334,normal,3533,0,1782359223.6360958,0.001998424530029297
73335,normal,24,0,1782359223.6381278,0.002032041549682617
73336,normal,2161,0,1782359223.64019,0.002062082290649414
73337,normal,207,0,1782359223.6426036,0.0024137496948242188
73338,normal,3220,1,1782359223.6442711,0.0016674995422363281
73339,normal,912,2,1782359223.6460583,0.0017871856689453125
73340,normal,2220,0,1782359223.648142,0.0020837783813476562
73341,normal,174,0,1782359223.6501434,0.0020012855529785156
73342,normal,1492,0,1782359223.652146,0.002002716064453125
73343,normal,2526,0,1782359223.654193,0.002046823501586914
73344,normal,1322,1,1782359223.6561978,0.002004861831665039
73345,normal,3251,1,1782359223.658158,0.001960277557373047
73346,normal,530,0,1782359223.6601567,0.0019986629486083984
73347,normal,1126,0,1782359223.6621559,0.0019991397857666016
73348,normal,3152,1,1782359223.6641555,0.0019996166229248047
73349,normal,3270,1,1782359223.6661522,0.001996755599975586
73350,normal,3430,0,1782359223.6682343,0.0020821094512939453
73351,normal,2929,0,1782359223.6703255,0.0020911693572998047
73352,normal,2656,0,1782359223.6721876,0.0018620491027832031
73353,normal,3155,1,1782359223.6742518,0.002064228057861328
73354,normal,2170,0,1782359223.676188,0.001936197280883789
73355,normal,2420,0,1782359223.678233,0.0020449161529541016
73356,normal,1801,0,1782359223.6803071,0.0020742416381835938
73357,normal,218,0,1782359223.6823382,0.002031087875366211
73358,normal,2603,0,1782359223.684233,0.0018947124481201172
73359,normal,1277,0,1782359223.686147,0.0019140243530273438
73360,normal,2601,0,1782359223.6882818,0.0021347999572753906
73361,normal,2264,0,1782359223.6902666,0.001984834671020508
73362,normal,2016,0,1782359223.692147,0.0018804073333740234
73363,normal,1546,0,1782359223.694144,0.0019969940185546875
73364,normal,1242,0,1782359223.6960728,0.0019288063049316406
73365,normal,873,2,1782359223.698169,0.0020961761474609375
73366,normal,285,0,1782359223.7001405,0.0019714832305908203
73367,normal,3498,0,1782359223.7021396,0.0019991397857666016
73368,normal,3301,1,1782359223.7041414,0.0020017623901367188
73369,normal,956,2,1782359223.706158,0.0020165443420410156
73370,normal,3506,0,1782359223.7081654,0.0020074844360351562
73371,normal,2666,0,1782359223.7102268,0.0020613670349121094
73372,normal,673,0,1782359223.7121472,0.001920461654663086
73373,normal,95,0,1782359223.7141552,0.0020079612731933594
73374,normal,1150,0,1782359223.7161653,0.0020101070404052734
73375,normal,3375,1,1782359223.7181869,0.0020215511322021484
73376,normal,3141,1,1782359223.720215,0.002028226852416992
73377,normal,2253,0,1782359223.722226,0.002010822296142578
73378,normal,2281,0,1782359223.72406,0.0018341541290283203
73379,normal,3318,1,1782359223.7261288,0.002068758010864258
73380,normal,885,2,1782359223.7281303,0.002001523971557617
73381,normal,993,2,1782359223.7301283,0.0019979476928710938
73382,normal,684,0,1782359223.7321286,0.0020003318786621094
73383,normal,2544,0,1782359223.734141,0.002012491226196289
73384,normal,3484,0,1782359223.7361355,0.0019943714141845703
73385,normal,970,2,1782359223.7381496,0.00201416015625
73386,normal,2793,0,1782359223.7401607,0.0020110607147216797
73387,normal,1174,0,1782359223.7422318,0.0020711421966552734
73388,normal,499,0,1782359223.744186,0.0019540786743164062
73389,normal,2379,0,1782359223.7461333,0.0019474029541015625
73390,normal,1092,0,1782359223.748132,0.0019986629486083984
73391,normal,1161,0,1782359223.7501323,0.0020003318786621094
73392,normal,2069,0,1782359223.752133,0.002000570297241211
73393,normal,432,0,1782359223.7541327,0.0019998550415039062
73394,normal,1310,0,1782359223.7561867,0.002053976058959961
73395,normal,2272,0,1782359223.7581959,0.002009153366088867
73396,normal,2252,0,1782359223.760113,0.001917123794555664
73397,normal,511,0,1782359223.762242,0.002129077911376953
73398,normal,1638,0,1782359223.7650342,0.0027921199798583984
73399,normal,1137,0,1782359223.7660592,0.0010249614715576172
73400,normal,3146,1,1782359223.7681592,0.0020999908447265625
73401,normal,2565,0,1782359223.7701344,0.0019752979278564453
73402,normal,198,0,1782359223.7720425,0.0019080638885498047
73403,normal,2273,0,1782359223.7740366,0.0019941329956054688
73404,normal,3070,1,1782359223.7760007,0.001964092254638672
73405,normal,1766,0,1782359223.778001,0.0020003318786621094
73406,normal,2022,0,1782359223.7800162,0.0020151138305664062
73407,normal,82,0,1782359223.7821593,0.0021431446075439453
73408,normal,1353,1,1782359223.784071,0.0019116401672363281
73409,normal,1886,0,1782359223.7860425,0.0019714832305908203
73410,normal,1172,0,1782359223.7881227,0.002080202102661133
73411,normal,2028,0,1782359223.7902775,0.002154827117919922
73412,normal,2694,0,1782359223.7920358,0.0017583370208740234
73413,normal,1922,0,1782359223.7941518,0.002115964889526367
73414,normal,566,0,1782359223.7961047,0.0019528865814208984
73415,normal,7,0,1782359223.7981243,0.002019643783569336
73416,normal,3639,0,1782359223.7999842,0.001859903335571289
73417,normal,3006,0,1782359223.8019984,0.00201416015625
73418,normal,179,0,1782359223.8039796,0.0019812583923339844
73419,normal,1234,0,1782359223.806042,0.0020623207092285156
73420,normal,1349,1,1782359223.8080525,0.0020105838775634766
73421,normal,2931,0,1782359223.809973,0.001920461654663086
73422,normal,1665,0,1782359223.8120294,0.0020563602447509766
73423,normal,202,0,1782359223.8139753,0.0019459724426269531
73424,normal,2122,0,1782359223.815984,0.002008676528930664
73425,normal,1199,0,1782359223.8184044,0.0024204254150390625
73426,normal,1148,0,1782359223.8203397,0.0019352436065673828
73427,normal,3683,0,1782359223.8220685,0.0017287731170654297
73428,normal,663,0,1782359223.824031,0.0019626617431640625
73429,normal,650,0,1782359223.826019,0.001987934112548828
73430,normal,1171,0,1782359223.8280187,0.0019996166229248047
73431,normal,1897,0,1782359223.8300269,0.002008199691772461
73432,normal,790,2,1782359223.8323114,0.002284526824951172
73433,normal,117,0,1782359223.8340602,0.001748800277709961
73434,normal,2745,0,1782359223.8360147,0.0019545555114746094
73435,normal,2661,0,1782359223.8380327,0.002017974853515625
73436,normal,145,0,1782359223.840048,0.002015352249145508
73437,normal,2734,0,1782359223.842029,0.001981019973754883
73438,normal,1979,0,1782359223.8440235,0.0019943714141845703
73439,normal,2785,0,1782359223.8462203,0.002196788787841797
73440,normal,1682,0,1782359223.848193,0.001972675323486328
73441,normal,2948,0,1782359223.850132,0.0019390583038330078
73442,normal,1180,0,1782359223.8521729,0.002040863037109375
73443,normal,963,2,1782359223.8541737,0.0020008087158203125
73444,normal,2621,0,1782359223.8560655,0.0018918514251708984
73445,normal,1523,0,1782359223.8581462,0.002080678939819336
73446,normal,3213,1,1782359223.8602457,0.0020995140075683594
73447,normal,3625,0,1782359223.8621604,0.0019147396087646484
73448,normal,1219,0,1782359223.864019,0.0018584728240966797
73449,normal,31,0,1782359223.8661578,0.002138853073120117
73450,normal,3199,1,1782359223.8682017,0.0020439624786376953
73451,normal,2439,0,1782359223.8700109,0.0018091201782226562
73452,normal,1012,2,1782359223.8720365,0.002025604248046875
73453,normal,3026,0,1782359223.8740513,0.0020148754119873047
73454,normal,2567,0,1782359223.876045,0.0019936561584472656
73455,normal,2775,0,1782359223.8780465,0.002001523971557617
73456,normal,2737,0,1782359223.880039,0.001992464065551758
73457,normal,3167,1,1782359223.8820338,0.0019948482513427734
73458,normal,2645,0,1782359223.8840406,0.0020067691802978516
73459,normal,3160,1,1782359223.886155,0.0021142959594726562
73460,normal,2592,0,1782359223.8881044,0.0019495487213134766
73461,normal,2983,0,1782359223.8901012,0.001996755599975586
73462,normal,2119,0,1782359223.8920264,0.0019252300262451172
73463,normal,2650,0,1782359223.8940067,0.001980304718017578
73464,normal,331,0,1782359223.8960295,0.0020227432250976562
73465,normal,3189,1,1782359223.8980765,0.0020470619201660156
73466,normal,1594,0,1782359223.9000556,0.0019791126251220703
73467,normal,129,0,1782359223.9021227,0.002067089080810547
73468,normal,230,0,1782359223.9039562,0.0018334388732910156
73469,normal,1177,0,1782359223.9060442,0.0020880699157714844
73470,normal,2521,0,1782359223.9081807,0.0021364688873291016
73471,normal,2674,0,1782359223.9100506,0.0018699169158935547
73472,normal,2859,0,1782359223.9121761,0.0021255016326904297
73473,normal,1051,0,1782359223.9141796,0.0020034313201904297
73474,normal,2419,0,1782359223.9160564,0.0018768310546875
73475,normal,88,0,1782359223.918178,0.0021216869354248047
73476,normal,139,0,1782359223.9201946,0.0020165443420410156
73477,normal,1438,0,1782359223.9220314,0.0018367767333984375
73478,normal,609,0,1782359223.9241467,0.0021152496337890625
73479,normal,2209,0,1782359223.9261608,0.00201416015625
73480,normal,3382,1,1782359223.9280355,0.001874685287475586
73481,normal,2140,0,1782359223.9301522,0.002116680145263672
73482,normal,406,0,1782359223.9321616,0.0020093917846679688
73483,normal,1607,0,1782359223.9341033,0.001941680908203125
73484,normal,576,0,1782359223.9364696,0.002366304397583008
73485,normal,52,0,1782359223.9380531,0.0015835762023925781
73486,normal,2728,0,1782359223.940177,0.0021238327026367188
73487,normal,2231,0,1782359223.9421046,0.0019276142120361328
73488,normal,841,2,1782359223.944184,0.002079486846923828
73489,normal,3272,1,1782359223.9460304,0.0018463134765625
73490,normal,200,0,1782359223.9481373,0.002106904983520508
73491,normal,2691,0,1782359223.950145,0.002007722854614258
73492,normal,880,2,1782359223.9520407,0.0018956661224365234
73493,normal,1364,1,1782359223.9542043,0.0021636486053466797
73494,normal,3342,1,1782359223.9561725,0.0019681453704833984
73495,normal,151,0,1782359223.958096,0.0019235610961914062
73496,normal,1502,0,1782359223.96017,0.002074003219604492
73497,normal,904,2,1782359223.9622996,0.0021295547485351562
73498,normal,999,2,1782359223.9640868,0.0017871856689453125
73499,normal,271,0,1782359223.966216,0.0021293163299560547
73500,normal,2056,0,1782359223.9683435,0.002127408981323242
73501,normal,1402,0,1782359223.9701295,0.0017859935760498047
73502,normal,3071,1,1782359223.9720187,0.0018892288208007812
73503,normal,1511,0,1782359223.9741282,0.002109527587890625
73504,normal,3261,1,1782359223.976013,0.0018846988677978516
73505,normal,1298,0,1782359223.9781294,0.0021164417266845703
73506,normal,2798,0,1782359223.9802911,0.002161741256713867
73507,normal,2187,0,1782359223.9820158,0.0017247200012207031
73508,normal,3173,1,1782359223.9841247,0.0021088123321533203
73509,normal,288,0,1782359223.986127,0.002002239227294922
73510,normal,2136,0,1782359223.9880185,0.0018916130065917969
73511,normal,2733,0,1782359223.9907625,0.002743959426879883
73512,normal,1166,0,1782359223.9924195,0.0016570091247558594
73513,normal,2093,0,1782359223.994097,0.0016775131225585938
73514,normal,1054,0,1782359223.9960272,0.00193023681640625
73515,normal,647,0,1782359223.9981906,0.002163410186767578
73516,normal,199,0,1782359224.000016,0.0018253326416015625
73517,normal,2917,0,1782359224.00221,0.002193927764892578
73518,normal,2900,0,1782359224.0042067,0.001996755599975586
73519,normal,1785,0,1782359224.0060418,0.0018351078033447266
73520,normal,1616,0,1782359224.0081553,0.0021135807037353516
73521,normal,1965,0,1782359224.0101395,0.001984119415283203
73522,normal,2958,0,1782359224.0120327,0.0018932819366455078
73523,normal,1549,0,1782359224.0141604,0.0021276473999023438
73524,normal,575,0,1782359224.0161667,0.0020062923431396484
73525,normal,3437,0,1782359224.0181413,0.0019745826721191406
73526,normal,2195,0,1782359224.020328,0.0021867752075195312
73527,normal,1429,0,1782359224.0221438,0.0018157958984375
73528,normal,2588,0,1782359224.0240674,0.0019235610961914062
73529,normal,360,0,1782359224.0260909,0.002023458480834961
73530,normal,1311,0,1782359224.0281866,0.0020956993103027344
73531,normal,2572,0,1782359224.0300138,0.001827239990234375
73532,normal,2062,0,1782359224.0321853,0.0021715164184570312
73533,normal,1568,0,1782359224.034229,0.0020437240600585938
73534,normal,444,0,1782359224.0360847,0.001855611801147461
73535,normal,1884,0,1782359224.0381594,0.002074718475341797
73536,normal,3389,1,1782359224.0402544,0.0020949840545654297
73537,normal,2139,0,1782359224.0421515,0.0018970966339111328
73538,normal,2642,0,1782359224.044107,0.0019555091857910156
73539,normal,1779,0,1782359224.0460043,0.0018973350524902344
73540,normal,2079,0,1782359224.04802,0.0020155906677246094
73541,normal,534,0,1782359224.0500183,0.001998424530029297
73542,normal,3421,0,1782359224.0520399,0.0020215511322021484
73543,normal,500,0,1782359224.054081,0.0020411014556884766
73544,normal,1109,0,1782359224.0560153,0.0019342899322509766
73545,normal,2843,0,1782359224.0580435,0.002028226852416992
73546,normal,2826,0,1782359224.0600464,0.0020029544830322266
73547,normal,1467,0,1782359224.0620842,0.0020377635955810547
73548,normal,2127,0,1782359224.0640953,0.0020110607147216797
73549,normal,1373,1,1782359224.0659914,0.0018961429595947266
73550,normal,3201,1,1782359224.0680044,0.002012968063354492
73551,normal,3450,0,1782359224.0700457,0.002041339874267578
73552,normal,3045,1,1782359224.0720801,0.002034425735473633
73553,normal,3274,1,1782359224.0741048,0.0020246505737304688
73554,normal,233,0,1782359224.0760982,0.001993417739868164
73555,normal,2466,0,1782359224.0780122,0.0019140243530273438
73556,normal,672,0,1782359224.080047,0.0020346641540527344
73557,normal,1397,0,1782359224.0820374,0.0019905567169189453
73558,normal,3285,1,1782359224.0840278,0.0019903182983398438
73559,normal,1193,0,1782359224.0860553,0.0020275115966796875
73560,normal,2587,0,1782359224.0880332,0.0019779205322265625
73561,normal,1841,0,1782359224.0900297,0.0019965171813964844
73562,normal,2164,0,1782359224.092024,0.0019943714141845703
73563,normal,3054,1,1782359224.0941179,0.002093791961669922
73564,normal,3111,1,1782359224.0960405,0.001922607421875
73565,normal,388,0,1782359224.0979886,0.0019481182098388672
73566,normal,988,2,1782359224.1000147,0.002026081085205078
73567,normal,1407,0,1782359224.1020706,0.0020558834075927734
73568,normal,1500,0,1782359224.1040103,0.0019397735595703125
73569,normal,1341,1,1782359224.1060135,0.002003192901611328
73570,normal,1510,0,1782359224.1080077,0.0019941329956054688
73571,normal,1414,0,1782359224.1100304,0.0020227432250976562
73572,normal,2622,0,1782359224.1120741,0.0020437240600585938
73573,normal,3334,1,1782359224.1140459,0.001971721649169922
73574,normal,1891,0,1782359224.1161096,0.002063751220703125
73575,normal,3385,1,1782359224.1181335,0.002023935317993164
73576,normal,1372,1,1782359224.1200576,0.0019240379333496094
73577,normal,3346,1,1782359224.1221876,0.0021300315856933594
73578,normal,2111,0,1782359224.1241102,0.001922607421875
73579,normal,750,0,1782359224.1260188,0.0019085407257080078
73580,normal,3078,1,1782359224.1281018,0.0020830631256103516
73581,normal,554,0,1782359224.130152,0.002050161361694336
73582,normal,1990,0,1782359224.1320782,0.0019261837005615234
73583,normal,1956,0,1782359224.1340976,0.0020194053649902344
73584,normal,336,0,1782359224.136211,0.00211334228515625
73585,normal,1144,0,1782359224.1382143,0.0020034313201904297
73586,normal,3550,0,1782359224.1402183,0.002003908157348633
73587,normal,455,0,1782359224.1423614,0.0021431446075439453
73588,normal,713,0,1782359224.1441574,0.0017960071563720703
73589,normal,425,0,1782359224.14619,0.0020325183868408203
73590,normal,473,0,1782359224.1482615,0.0020716190338134766
73591,normal,528,0,1782359224.1500757,0.001814126968383789
73592,normal,1539,0,1782359224.151988,0.0019123554229736328
73593,normal,2673,0,1782359224.1539872,0.0019991397857666016
73594,normal,1759,0,1782359224.1559842,0.0019969940185546875
73595,normal,1921,0,1782359224.1580586,0.0020744800567626953
73596,normal,719,0,1782359224.1600785,0.0020198822021484375
73597,normal,708,0,1782359224.1619864,0.0019078254699707031
73598,normal,3457,0,1782359224.1639783,0.0019919872283935547
73599,normal,3190,1,1782359224.1659892,0.002010822296142578
73600,normal,1952,0,1782359224.167982,0.001992940902709961
73601,normal,642,0,1782359224.1703951,0.002413034439086914
73602,normal,2807,0,1782359224.1724787,0.0020835399627685547
73603,normal,3535,0,1782359224.1740823,0.0016036033630371094
73604,normal,1689,0,1782359224.1760693,0.001986980438232422
73605,normal,1569,0,1782359224.1780324,0.0019631385803222656
73606,normal,664,0,1782359224.1800241,0.001991748809814453
73607,normal,96,0,1782359224.18202,0.0019958019256591797
73608,normal,1336,1,1782359224.1842754,0.0022554397583007812
73609,normal,72,0,1782359224.18606,0.0017845630645751953
73610,normal,3479,0,1782359224.188011,0.001950979232788086
73611,normal,3330,1,1782359224.190012,0.002001047134399414
73612,normal,3629,0,1782359224.1920264,0.0020143985748291016
73613,normal,961,2,1782359224.1940515,0.002025127410888672
73614,normal,1257,0,1782359224.1960301,0.001978635787963867
73615,normal,598,0,1782359224.198297,0.0022668838500976562
73616,normal,879,2,1782359224.2002037,0.0019066333770751953
73617,normal,2697,0,1782359224.2021632,0.001959562301635742
73618,normal,678,0,1782359224.20412,0.0019567012786865234
73619,normal,3053,1,1782359224.2061734,0.002053499221801758
73620,normal,3417,0,1782359224.2081187,0.0019452571868896484
73621,normal,1968,0,1782359224.2099817,0.0018630027770996094
73622,normal,1621,0,1782359224.2122817,0.0023000240325927734
73623,normal,2256,0,1782359224.2142036,0.0019218921661376953
73624,normal,1029,2,1782359224.2161345,0.0019309520721435547
73625,normal,56,0,1782359224.2180526,0.0019180774688720703
73626,normal,1747,0,1782359224.220217,0.0021643638610839844
73627,normal,2981,0,1782359224.222195,0.0019779205322265625
73628,normal,3405,0,1782359224.224075,0.0018801689147949219
73629,normal,30,0,1782359224.226057,0.001981973648071289
73630,normal,1227,0,1782359224.2280068,0.0019497871398925781
73631,normal,90,0,1782359224.2300653,0.0020585060119628906
73632,normal,3102,1,1782359224.2320313,0.0019659996032714844
73633,normal,1834,0,1782359224.2340539,0.0020225048065185547
73634,normal,1589,0,1782359224.236115,0.002061128616333008
73635,normal,928,2,1782359224.238072,0.001956939697265625
73636,normal,2103,0,1782359224.2401843,0.0021123886108398438
73637,normal,396,0,1782359224.2421012,0.0019168853759765625
73638,normal,2243,0,1782359224.2442362,0.002135038375854492
73639,normal,862,2,1782359224.246097,0.0018608570098876953
73640,normal,1295,0,1782359224.2480466,0.0019495487213134766
73641,normal,1540,0,1782359224.2502773,0.0022306442260742188
73642,normal,2460,0,1782359224.2521293,0.0018520355224609375
73643,normal,2204,0,1782359224.2541513,0.0020220279693603516
73644,normal,2289,0,1782359224.2561269,0.001975536346435547
73645,normal,376,0,1782359224.257979,0.0018520355224609375
73646,normal,392,0,1782359224.2600527,0.0020737648010253906
73647,normal,751,0,1782359224.262075,0.002022266387939453
73648,normal,2867,0,1782359224.263982,0.0019071102142333984
73649,normal,1765,0,1782359224.2661562,0.0021741390228271484
73650,normal,820,2,1782359224.268035,0.0018787384033203125
73651,normal,2554,0,1782359224.2700267,0.001991748809814453
73652,normal,618,0,1782359224.2720163,0.001989603042602539
73653,normal,1845,0,1782359224.2740424,0.002026081085205078
73654,normal,2454,0,1782359224.2760856,0.0020432472229003906
73655,normal,1851,0,1782359224.278015,0.0019292831420898438
73656,normal,3665,0,1782359224.2800167,0.0020017623901367188
73657,normal,2193,0,1782359224.2820642,0.0020475387573242188
73658,normal,2845,0,1782359224.2840123,0.0019481182098388672
73659,normal,362,0,1782359224.286012,0.0019996166229248047
73660,normal,146,0,1782359224.2879915,0.0019795894622802734
73661,normal,889,2,1782359224.289963,0.0019714832305908203
73662,normal,858,2,1782359224.2920609,0.0020978450775146484
73663,normal,2450,0,1782359224.2940533,0.001992464065551758
73664,normal,2391,0,1782359224.296057,0.0020036697387695312
73665,normal,1362,1,1782359224.2980654,0.0020084381103515625
73666,normal,1741,0,1782359224.3000665,0.002001047134399414
73667,normal,2899,0,1782359224.3020406,0.0019741058349609375
73668,normal,1368,1,1782359224.3040242,0.001983642578125
73669,normal,1730,0,1782359224.305985,0.00196075439453125
73670,normal,1018,2,1782359224.308037,0.0020520687103271484
73671,normal,3172,1,1782359224.310033,0.0019960403442382812
73672,normal,401,0,1782359224.3120437,0.0020105838775634766
73673,normal,2657,0,1782359224.3140662,0.0020225048065185547
73674,normal,2593,0,1782359224.315984,0.0019178390502929688
73675,normal,2883,0,1782359224.317974,0.001990079879760742
73676,normal,817,2,1782359224.3201606,0.0021865367889404297
73677,normal,1962,0,1782359224.3221083,0.001947641372680664
73678,normal,2030,0,1782359224.3240185,0.0019102096557617188
73679,normal,1748,0,1782359224.3260913,0.0020728111267089844
73680,normal,1190,0,1782359224.3282232,0.002131938934326172
73681,normal,3669,0,1782359224.3301373,0.0019140243530273438
73682,normal,1420,0,1782359224.332189,0.002051830291748047
73683,normal,3343,1,1782359224.3343525,0.002163410186767578
73684,normal,427,0,1782359224.336124,0.0017714500427246094
73685,normal,597,0,1782359224.3380265,0.0019025802612304688
73686,normal,2624,0,1782359224.340118,0.0020914077758789062
73687,normal,3686,0,1782359224.3420246,0.0019066333770751953
73688,normal,2376,0,1782359224.3443346,0.002310037612915039
73689,normal,335,0,1782359224.3460891,0.0017545223236083984
73690,normal,2891,0,1782359224.3479586,0.0018694400787353516
73691,normal,3624,0,1782359224.3500803,0.0021216869354248047
73692,normal,1167,0,1782359224.3521597,0.002079486846923828
73693,normal,2002,0,1782359224.3540554,0.0018956661224365234
73694,normal,3619,0,1782359224.3568149,0.0027594566345214844
73695,normal,315,0,1782359224.35834,0.0015251636505126953
73696,normal,1022,2,1782359224.3600771,0.0017371177673339844
73697,normal,1710,0,1782359224.362155,0.002077817916870117
73698,normal,2354,0,1782359224.364218,0.0020630359649658203
73699,normal,147,0,1782359224.3661103,0.0018923282623291016
73700,normal,322,0,1782359224.368085,0.0019745826721191406
73701,normal,1318,0,1782359224.370303,0.002218008041381836
73702,normal,917,2,1782359224.3721724,0.0018694400787353516
73703,normal,1275,0,1782359224.3740408,0.0018684864044189453
73704,normal,1969,0,1782359224.376079,0.002038240432739258
73705,normal,1563,0,1782359224.378058,0.0019788742065429688
73706,normal,2416,0,1782359224.3800812,0.0020232200622558594
73707,normal,3635,0,1782359224.382058,0.0019767284393310547
73708,normal,3024,0,1782359224.3842628,0.00220489501953125
73709,normal,1326,1,1782359224.3863578,0.0020949840545654297
73710,normal,2602,0,1782359224.3881867,0.001828908920288086
73711,normal,2261,0,1782359224.3901484,0.0019617080688476562
73712,normal,1215,0,1782359224.392185,0.002036571502685547
73713,normal,3236,1,1782359224.3941338,0.0019488334655761719
73714,normal,2482,0,1782359224.396111,0.001977205276489258
73715,normal,227,0,1782359224.39845,0.002338886260986328
73716,normal,1408,0,1782359224.4002445,0.001794576644897461
73717,normal,683,0,1782359224.4021,0.001855611801147461
73718,normal,2102,0,1782359224.4044688,0.0023686885833740234
73719,normal,1072,0,1782359224.4066021,0.0021333694458007812
73720,normal,527,0,1782359224.4080591,0.0014569759368896484
73721,normal,3184,1,1782359224.4099996,0.0019404888153076172
73722,normal,66,0,1782359224.4120817,0.0020821094512939453
73723,normal,2719,0,1782359224.4140303,0.0019485950469970703
73724,normal,3701,0,1782359224.4160511,0.0020208358764648438
73725,normal,2171,0,1782359224.418055,0.002003908157348633
73726,normal,153,0,1782359224.4201329,0.002077817916870117
73727,normal,240,0,1782359224.4221146,0.0019817352294921875
73728,normal,3349,1,1782359224.424165,0.0020503997802734375
73729,normal,1401,0,1782359224.4263446,0.0021796226501464844
73730,normal,3615,0,1782359224.4281554,0.0018107891082763672
73731,normal,2314,0,1782359224.4303603,0.00220489501953125
73732,normal,1544,0,1782359224.432293,0.0019326210021972656
73733,normal,1630,0,1782359224.4345436,0.00225067138671875
73734,normal,3638,0,1782359224.4368682,0.0023245811462402344
73735,normal,1304,0,1782359224.438277,0.0014088153839111328
73736,normal,3323,1,1782359224.4401224,0.0018453598022460938
73737,normal,3224,1,1782359224.4422634,0.0021409988403320312
73738,normal,1334,1,1782359224.444086,0.0018227100372314453
73739,normal,1826,0,1782359224.4460475,0.0019614696502685547
73740,normal,682,0,1782359224.4482849,0.0022373199462890625
73741,normal,741,0,1782359224.4501672,0.001882314682006836
73742,normal,1858,0,1782359224.4521108,0.0019435882568359375
73743,normal,2191,0,1782359224.4542537,0.0021429061889648438
73744,normal,827,2,1782359224.456134,0.0018804073333740234
73745,normal,3601,0,1782359224.4583948,0.0022606849670410156
73746,normal,935,2,1782359224.4602416,0.0018467903137207031
73747,normal,536,0,1782359224.4622445,0.0020029544830322266
73748,normal,1421,0,1782359224.4641392,0.0018947124481201172
73749,normal,1948,0,1782359224.4662912,0.002151966094970703
73750,normal,3545,0,1782359224.468285,0.001993894577026367
73751,normal,2246,0,1782359224.4701278,0.0018427371978759766
73752,normal,3646,0,1782359224.4722767,0.002148866653442383
73753,normal,822,2,1782359224.4742415,0.0019648075103759766
73754,normal,3092,1,1782359224.4760516,0.0018100738525390625
73755,normal,696,0,1782359224.4781435,0.0020918846130371094
73756,normal,1253,0,1782359224.4802022,0.002058744430541992
73757,normal,2004,0,1782359224.4820874,0.0018851757049560547
73758,normal,3275,1,1782359224.4841673,0.0020799636840820312
73759,normal,577,0,1782359224.4861517,0.0019843578338623047
73760,normal,2627,0,1782359224.488154,0.002002239227294922
73761,normal,3168,1,1782359224.4901466,0.0019927024841308594
73762,normal,3354,1,1782359224.4921439,0.001997232437133789
73763,normal,181,0,1782359224.4941168,0.0019729137420654297
73764,normal,3260,1,1782359224.4961436,0.002026796340942383
73765,normal,2906,0,1782359224.498246,0.002102375030517578
73766,normal,134,0,1782359224.5001314,0.0018854141235351562
73767,normal,695,0,1782359224.502188,0.002056598663330078
73768,normal,929,2,1782359224.5040853,0.0018973350524902344
73769,normal,636,0,1782359224.5061927,0.002107381820678711
73770,normal,558,0,1782359224.5083597,0.0021669864654541016
73771,normal,2529,0,1782359224.5101786,0.0018188953399658203
73772,normal,1586,0,1782359224.5123138,0.0021352767944335938
73773,normal,541,0,1782359224.5143347,0.0020208358764648438
73774,normal,2385,0,1782359224.5163698,0.0020351409912109375
73775,normal,1218,0,1782359224.5183024,0.0019326210021972656
73776,normal,3668,0,1782359224.5202885,0.0019860267639160156
73777,normal,410,0,1782359224.5222762,0.0019876956939697266
73778,normal,2736,0,1782359224.5244305,0.0021543502807617188
73779,normal,3634,0,1782359224.5262527,0.0018222332000732422
73780,normal,1056,0,1782359224.5280685,0.0018157958984375
73781,normal,2068,0,1782359224.5301542,0.0020856857299804688
73782,normal,3451,0,1782359224.5324593,0.0023050308227539062
73783,normal,3034,0,1782359224.5344875,0.002028226852416992
73784,normal,3361,1,1782359224.5363815,0.0018939971923828125
73785,normal,1205,0,1782359224.5390592,0.0026776790618896484
73786,normal,2199,0,1782359224.54009,0.0010309219360351562
73787,normal,3175,1,1782359224.5421693,0.0020792484283447266
73788,normal,1771,0,1782359224.5441313,0.001961946487426758
73789,normal,2574,0,1782359224.5461967,0.002065420150756836
73790,normal,3335,1,1782359224.548137,0.0019402503967285156
73791,normal,2877,0,1782359224.5508218,0.0026848316192626953
73792,normal,699,0,1782359224.5526369,0.0018150806427001953
73793,normal,2126,0,1782359224.5541742,0.001537322998046875
73794,normal,3064,1,1782359224.5562842,0.002110004425048828
73795,normal,867,2,1782359224.5581684,0.0018842220306396484
73796,normal,607,0,1782359224.560311,0.002142667770385742
73797,normal,2959,0,1782359224.562217,0.0019059181213378906
73798,normal,2339,0,1782359224.5642157,0.0019986629486083984
73799,normal,1482,0,1782359224.566418,0.002202272415161133
73800,normal,1961,0,1782359224.5681846,0.0017666816711425781
73801,normal,2118,0,1782359224.5702422,0.0020575523376464844
73802,normal,1007,2,1782359224.572094,0.001851797103881836
73803,normal,3519,0,1782359224.5742178,0.0021238327026367188
73804,normal,1804,0,1782359224.5761197,0.001901865005493164
73805,normal,395,0,1782359224.578246,0.002126455307006836
73806,normal,3098,1,1782359224.580506,0.002259969711303711
73807,normal,2818,0,1782359224.582342,0.0018358230590820312
73808,normal,1896,0,1782359224.5842066,0.0018646717071533203
73809,normal,3000,0,1782359224.5864718,0.0022652149200439453
73810,normal,1794,0,1782359224.588226,0.0017542839050292969
73811,normal,387,0,1782359224.5903256,0.0020995140075683594
73812,normal,996,2,1782359224.5922942,0.0019686222076416016
73813,normal,1145,0,1782359224.5940769,0.0017826557159423828
73814,normal,2185,0,1782359224.596657,0.0025801658630371094
73815,normal,293,0,1782359224.5983815,0.0017244815826416016
73816,normal,1954,0,1782359224.600206,0.0018243789672851562
73817,normal,462,0,1782359224.6021154,0.001909494400024414
73818,normal,3023,0,1782359224.6044726,0.0023572444915771484
73819,normal,3664,0,1782359224.6063368,0.0018641948699951172
73820,normal,3073,1,1782359224.6081355,0.0017986297607421875
73821,normal,2947,0,1782359224.610251,0.002115488052368164
73822,normal,1655,0,1782359224.6120715,0.0018205642700195312
73823,normal,1677,0,1782359224.6142554,0.0021839141845703125
73824,normal,1893,0,1782359224.6162608,0.002005338668823242
73825,normal,1284,0,1782359224.6181366,0.0018758773803710938
73826,normal,3374,1,1782359224.6202106,0.002074003219604492
73827,normal,2713,0,1782359224.6222029,0.0019922256469726562
73828,normal,2634,0,1782359224.6240935,0.0018906593322753906
73829,normal,182,0,1782359224.6262288,0.0021352767944335938
73830,normal,757,0,1782359224.6284442,0.0022153854370117188
73831,normal,403,0,1782359224.630287,0.0018427371978759766
73832,normal,2144,0,1782359224.6323617,0.002074718475341797
73833,normal,556,0,1782359224.634304,0.0019423961639404297
73834,normal,1443,0,1782359224.6362371,0.0019330978393554688
73835,normal,347,0,1782359224.6385746,0.0023374557495117188
73836,normal,2409,0,1782359224.6403856,0.0018110275268554688
73837,normal,27,0,1782359224.642231,0.0018453598022460938
73838,normal,1478,0,1782359224.6442928,0.0020618438720703125
73839,normal,1067,0,1782359224.6462703,0.0019774436950683594
73840,normal,1363,1,1782359224.6480498,0.0017795562744140625
73841,normal,3265,1,1782359224.650081,0.002031087875366211
73842,normal,804,2,1782359224.6520934,0.002012491226196289
73843,normal,3356,1,1782359224.654097,0.0020036697387695312
73844,normal,1640,0,1782359224.6560512,0.0019540786743164062
73845,normal,3033,0,1782359224.6581607,0.002109527587890625
73846,normal,3244,1,1782359224.6600611,0.0019004344940185547
73847,normal,947,2,1782359224.662075,0.0020139217376708984
73848,normal,714,0,1782359224.6642172,0.002142190933227539
73849,normal,50,0,1782359224.6661272,0.0019099712371826172
73850,normal,3678,0,1782359224.668162,0.002034902572631836
73851,normal,1815,0,1782359224.670527,0.0023648738861083984
73852,normal,1301,0,1782359224.6724222,0.0018951892852783203
73853,normal,2494,0,1782359224.674171,0.001748800277709961
73854,normal,707,0,1782359224.6761901,0.002019166946411133
73855,normal,3695,0,1782359224.6780856,0.0018954277038574219
73856,normal,1634,0,1782359224.6801982,0.0021126270294189453
73857,normal,2991,0,1782359224.6822555,0.002057313919067383
73858,normal,2809,0,1782359224.68428,0.002024412155151367
73859,normal,1042,0,1782359224.6870687,0.0027887821197509766
73860,normal,679,0,1782359224.6882722,0.0012035369873046875
73861,normal,2493,0,1782359224.6900856,0.0018134117126464844
73862,normal,2222,0,1782359224.6921213,0.0020356178283691406
73863,normal,2506,0,1782359224.694228,0.0021066665649414062
73864,normal,2576,0,1782359224.6961355,0.0019075870513916016
73865,normal,1628,0,1782359224.6981828,0.002047300338745117
73866,normal,1496,0,1782359224.7001715,0.001988649368286133
73867,normal,1356,1,1782359224.702067,0.0018954277038574219
73868,normal,1800,0,1782359224.704187,0.0021200180053710938
73869,normal,1981,0,1782359224.7062411,0.0020542144775390625
73870,normal,954,2,1782359224.7081795,0.0019383430480957031
73871,normal,2206,0,1782359224.7102656,0.002086162567138672
73872,normal,2968,0,1782359224.71256,0.002294301986694336
73873,normal,1899,0,1782359224.714353,0.0017931461334228516
73874,normal,2389,0,1782359224.716388,0.002034902572631836
73875,normal,875,2,1782359224.718494,0.0021059513092041016
73876,normal,2474,0,1782359224.720292,0.0017981529235839844
73877,normal,3600,0,1782359224.7222762,0.001984119415283203
73878,normal,1095,0,1782359224.7243562,0.0020799636840820312
73879,normal,3642,0,1782359224.7263455,0.0019893646240234375
73880,normal,2543,0,1782359224.728061,0.0017154216766357422
73881,normal,505,0,1782359224.7301095,0.002048492431640625
73882,normal,2726,0,1782359224.7321117,0.002002239227294922
73883,normal,2197,0,1782359224.7341306,0.0020189285278320312
73884,normal,3290,1,1782359224.7360754,0.0019447803497314453
73885,normal,3022,0,1782359224.7383428,0.0022673606872558594
73886,normal,2961,0,1782359224.7400205,0.0016777515411376953
73887,normal,3623,0,1782359224.7420523,0.0020318031311035156
73888,normal,1938,0,1782359224.7442718,0.0022194385528564453
73889,normal,3700,0,1782359224.7464132,0.0021414756774902344
73890,normal,3124,1,1782359224.7481022,0.0016889572143554688
73891,normal,3611,0,1782359224.7507796,0.002677440643310547
73892,normal,1717,0,1782359224.7528806,0.0021009445190429688
73893,normal,3443,0,1782359224.7543554,0.0014748573303222656
73894,normal,2704,0,1782359224.7561367,0.0017812252044677734
73895,normal,2855,0,1782359224.758123,0.001986265182495117
73896,normal,2535,0,1782359224.760122,0.0019991397857666016
73897,normal,1380,1,1782359224.7625747,0.0024526119232177734
73898,normal,1685,0,1782359224.764067,0.0014922618865966797
73899,normal,2850,0,1782359224.7661629,0.002095937728881836
73900,normal,1247,0,1782359224.7681684,0.0020055770874023438
73901,normal,2744,0,1782359224.7701383,0.0019698143005371094
73902,normal,3398,1,1782359224.7721386,0.0020003318786621094
73903,normal,3580,0,1782359224.7740946,0.0019559860229492188
73904,normal,1358,1,1782359224.7761495,0.002054929733276367
73905,normal,3574,0,1782359224.7780912,0.001941680908203125
73906,normal,433,0,1782359224.780074,0.0019826889038085938
73907,normal,698,0,1782359224.782093,0.002019166946411133
73908,normal,2952,0,1782359224.7841182,0.002025127410888672
73909,normal,852,2,1782359224.7862332,0.002115011215209961
73910,normal,2027,0,1782359224.78818,0.0019469261169433594
73911,normal,94,0,1782359224.7903562,0.002176046371459961
73912,normal,1760,0,1782359224.7921786,0.0018224716186523438
73913,normal,2283,0,1782359224.79421,0.0020313262939453125
73914,normal,2434,0,1782359224.7964816,0.0022716522216796875
73915,normal,703,0,1782359224.798058,0.0015764236450195312
73916,normal,872,2,1782359224.8001666,0.0021085739135742188
73917,normal,3581,0,1782359224.8024158,0.0022492408752441406
73918,normal,3517,0,1782359224.804207,0.001791238784790039
73919,normal,3207,1,1782359224.8061163,0.0019092559814453125
73920,normal,2403,0,1782359224.8085194,0.0024030208587646484
73921,normal,1345,1,1782359224.8109639,0.0024445056915283203
73922,normal,559,0,1782359224.8121407,0.0011768341064453125
73923,normal,20,0,1782359224.8141499,0.002009153366088867
73924,normal,1522,0,1782359224.8160496,0.00189971923828125
73925,normal,2234,0,1782359224.81804,0.0019903182983398438
73926,normal,2582,0,1782359224.8201294,0.0020895004272460938
73927,normal,3431,0,1782359224.8220313,0.001901865005493164
73928,normal,3513,0,1782359224.824095,0.002063751220703125
73929,normal,914,2,1782359224.8260815,0.0019865036010742188
73930,normal,1776,0,1782359224.8280087,0.0019271373748779297
73931,normal,1582,0,1782359224.83013,0.002121448516845703
73932,normal,989,2,1782359224.83216,0.002029895782470703
73933,normal,1091,0,1782359224.8341417,0.0019817352294921875
73934,normal,3117,1,1782359224.8361387,0.0019969940185546875
73935,normal,3427,0,1782359224.8384526,0.002313852310180664
73936,normal,1081,0,1782359224.840217,0.001764535903930664
73937,normal,2610,0,1782359224.8422642,0.0020470619201660156
73938,normal,2671,0,1782359224.8442612,0.0019969940185546875
73939,normal,292,0,1782359224.8462863,0.002025127410888672
73940,normal,886,2,1782359224.8484628,0.002176523208618164
73941,normal,3667,0,1782359224.8504703,0.0020074844360351562
73942,normal,1912,0,1782359224.8521616,0.0016913414001464844
73943,normal,3496,0,1782359224.854071,0.0019092559814453125
73944,normal,3470,0,1782359224.856199,0.002128124237060547
73945,normal,1074,0,1782359224.8581944,0.0019953250885009766
73946,normal,3633,0,1782359224.8601027,0.0019083023071289062
73947,normal,3028,0,1782359224.8623016,0.002198934555053711
73948,normal,3085,1,1782359224.8640814,0.001779794692993164
73949,normal,1033,0,1782359224.866205,0.002123594284057617
73950,normal,2351,0,1782359224.8681986,0.0019936561584472656
73951,normal,2764,0,1782359224.8700895,0.0018908977508544922
73952,normal,2742,0,1782359224.872294,0.002204418182373047
73953,normal,2294,0,1782359224.8747654,0.002471446990966797
73954,normal,2497,0,1782359224.8762114,0.0014460086822509766
73955,normal,3115,1,1782359224.878331,0.0021195411682128906
73956,normal,1082,0,1782359224.8802981,0.001967191696166992
73957,normal,1777,0,1782359224.882099,0.0018007755279541016
73958,normal,3246,1,1782359224.8842106,0.002111673355102539
73959,normal,2619,0,1782359224.8862045,0.001993894577026367
73960,normal,2869,0,1782359224.8880892,0.0018846988677978516
73961,normal,1212,0,1782359224.8903131,0.002223968505859375
73962,normal,3313,1,1782359224.892511,0.002197742462158203
73963,normal,1111,0,1782359224.89451,0.0019991397857666016
73964,normal,1113,0,1782359224.89611,0.001600027084350586
73965,normal,2239,0,1782359224.8982074,0.0020973682403564453
73966,normal,2183,0,1782359224.9000924,0.0018849372863769531
73967,normal,903,2,1782359224.9022582,0.0021657943725585938
73968,normal,1987,0,1782359224.9041753,0.001917123794555664
73969,normal,3549,0,1782359224.9060705,0.0018951892852783203
73970,normal,1966,0,1782359224.9083319,0.0022614002227783203
73971,normal,2667,0,1782359224.9108822,0.002550363540649414
73972,normal,1799,0,1782359224.912326,0.0014438629150390625
73973,normal,1870,0,1782359224.9144967,0.002170562744140625
73974,normal,2301,0,1782359224.9164243,0.0019276142120361328
73975,normal,1025,2,1782359224.9181795,0.0017552375793457031
73976,normal,1573,0,1782359224.920448,0.002268552780151367
73977,normal,3355,1,1782359224.9224722,0.0020241737365722656
73978,normal,3097,1,1782359224.924217,0.0017447471618652344
73979,normal,2848,0,1782359224.9264505,0.0022335052490234375
73980,normal,2033,0,1782359224.9283297,0.0018792152404785156
73981,normal,2938,0,1782359224.9301786,0.0018489360809326172
73982,normal,2830,0,1782359224.9323175,0.002138853073120117
73983,normal,3174,1,1782359224.9344432,0.0021257400512695312
73984,normal,3679,0,1782359224.9362478,0.0018045902252197266
73985,normal,730,0,1782359224.9382122,0.0019643306732177734
73986,normal,1458,0,1782359224.9401786,0.0019664764404296875
73987,normal,1633,0,1782359224.942058,0.0018794536590576172
73988,normal,2284,0,1782359224.9441993,0.002141237258911133
73989,normal,2174,0,1782359224.9461935,0.0019941329956054688
73990,normal,2082,0,1782359224.9483676,0.0021741390228271484
73991,normal,3254,1,1782359224.950208,0.001840353012084961
73992,normal,579,0,1782359224.9522114,0.0020034313201904297
73993,normal,3108,1,1782359224.9540803,0.0018689632415771484
73994,normal,725,0,1782359224.956216,0.002135753631591797
73995,normal,189,0,1782359224.9582405,0.002024412155151367
73996,normal,1733,0,1782359224.96071,0.0024695396423339844
73997,normal,3345,1,1782359224.96298,0.0022699832916259766
73998,normal,2219,0,1782359224.9645388,0.0015587806701660156
73999,normal,3106,1,1782359224.9671152,0.0025763511657714844
74000,normal,178,0,1782359224.968069,0.0009539127349853516
74001,normal,2070,0,1782359224.970236,0.0021669864654541016
74002,normal,1509,0,1782359224.9720962,0.0018601417541503906
74003,normal,483,0,1782359224.9741855,0.002089262008666992
74004,normal,1250,0,1782359224.9760559,0.0018703937530517578
74005,normal,2549,0,1782359224.978612,0.0025560855865478516
74006,normal,2368,0,1782359224.9801126,0.0015006065368652344
74007,normal,1980,0,1782359224.9820724,0.0019598007202148438
74008,normal,2756,0,1782359224.9841821,0.0021097660064697266
74009,normal,3263,1,1782359224.9860961,0.0019140243530273438
74010,normal,1691,0,1782359224.9882867,0.0021905899047851562
74011,normal,3284,1,1782359224.99007,0.0017833709716796875
74012,normal,262,0,1782359224.9921858,0.0021157264709472656
74013,normal,107,0,1782359224.9946315,0.002445697784423828
74014,normal,3329,1,1782359224.9963012,0.0016696453094482422
74015,normal,2502,0,1782359224.9982328,0.0019316673278808594
74016,normal,3671,0,1782359225.0002325,0.0019996166229248047
74017,normal,1476,0,1782359225.0022483,0.002015829086303711
74018,normal,2527,0,1782359225.0044148,0.0021665096282958984
74019,normal,79,0,1782359225.0062897,0.0018749237060546875
74020,normal,1565,0,1782359225.0085013,0.0022115707397460938
74021,normal,3641,0,1782359225.0105653,0.0020639896392822266
74022,normal,3475,0,1782359225.0124495,0.0018842220306396484
74023,normal,2370,0,1782359225.014233,0.001783609390258789
74024,normal,1136,0,1782359225.0160387,0.0018055438995361328
74025,normal,2481,0,1782359225.0182176,0.0021789073944091797
74026,normal,2074,0,1782359225.0204868,0.002269268035888672
74027,normal,1512,0,1782359225.0221045,0.0016176700592041016
74028,normal,3551,0,1782359225.024163,0.0020585060119628906
74029,normal,752,0,1782359225.0260258,0.0018627643585205078
74030,normal,468,0,1782359225.028152,0.0021262168884277344
74031,normal,2254,0,1782359225.0301266,0.0019745826721191406
74032,normal,3626,0,1782359225.0320995,0.0019729137420654297
74033,normal,2980,0,1782359225.0341601,0.0020606517791748047
74034,normal,1947,0,1782359225.0361981,0.0020380020141601562
74035,normal,316,0,1782359225.0381572,0.001959085464477539
74036,normal,1600,0,1782359225.0400975,0.0019402503967285156
74037,normal,2160,0,1782359225.0422213,0.0021238327026367188
74038,normal,1503,0,1782359225.0443192,0.0020978450775146484
74039,normal,2560,0,1782359225.0462115,0.0018923282623291016
74040,normal,3096,1,1782359225.0481746,0.0019631385803222656
74041,normal,3532,0,1782359225.0500042,0.0018296241760253906
74042,normal,2226,0,1782359225.0521178,0.0021135807037353516
74043,normal,2238,0,1782359225.0542955,0.002177715301513672
74044,normal,3502,0,1782359225.0561373,0.0018417835235595703
74045,normal,860,2,1782359225.0581393,0.0020020008087158203
74046,normal,390,0,1782359225.0601544,0.0020151138305664062
74047,normal,1243,0,1782359225.06204,0.0018856525421142578
74048,normal,3114,1,1782359225.0640907,0.002050638198852539
74049,normal,2889,0,1782359225.0661047,0.0020139217376708984
74050,normal,204,0,1782359225.0680268,0.0019221305847167969
74051,normal,3221,1,1782359225.0700521,0.0020253658294677734
74052,normal,2849,0,1782359225.0723922,0.002340078353881836
74053,normal,2381,0,1782359225.0744348,0.002042531967163086
74054,normal,2693,0,1782359225.0762057,0.0017709732055664062
74055,normal,2299,0,1782359225.0780668,0.0018610954284667969
74056,normal,3616,0,1782359225.080065,0.0019981861114501953
74057,normal,774,2,1782359225.08217,0.0021049976348876953
74058,normal,1603,0,1782359225.0841117,0.001941680908203125
74059,normal,2090,0,1782359225.0860386,0.0019268989562988281
74060,normal,2802,0,1782359225.0883238,0.0022852420806884766
74061,normal,830,2,1782359225.0901227,0.001798868179321289
74062,normal,3001,0,1782359225.092187,0.002064228057861328
74063,normal,357,0,1782359225.0940921,0.001905202865600586
74064,normal,3083,1,1782359225.0961928,0.002100706100463867
74065,normal,287,0,1782359225.0981297,0.0019369125366210938
74066,normal,3390,1,1782359225.1002727,0.0021429061889648438
74067,normal,895,2,1782359225.102333,0.002060413360595703
74068,normal,3569,0,1782359225.104471,0.002137899398803711
74069,normal,568,0,1782359225.1063287,0.001857757568359375
74070,normal,813,2,1782359225.1083097,0.001981019973754883
74071,normal,3228,1,1782359225.1102502,0.0019404888153076172
74072,normal,710,0,1782359225.1123333,0.0020830631256103516
74073,normal,2858,0,1782359225.1143098,0.001976490020751953
74074,normal,1679,0,1782359225.116153,0.0018432140350341797
74075,normal,897,2,1782359225.11845,0.002296924591064453
74076,normal,2335,0,1782359225.1203701,0.0019202232360839844
74077,normal,1802,0,1782359225.1222136,0.0018434524536132812
74078,normal,2065,0,1782359225.124175,0.0019614696502685547
74079,normal,616,0,1782359225.126576,0.0024008750915527344
74080,normal,3406,0,1782359225.1286073,0.0020313262939453125
74081,normal,3681,0,1782359225.1302032,0.0015959739685058594
74082,normal,3660,0,1782359225.132273,0.002069711685180664
74083,normal,1285,0,1782359225.1341352,0.0018622875213623047
74084,normal,726,0,1782359225.1361876,0.00205230712890625
74085,normal,1989,0,1782359225.138377,0.0021893978118896484
74086,normal,1879,0,1782359225.1401403,0.0017633438110351562
74087,normal,443,0,1782359225.1421335,0.0019931793212890625
74088,normal,779,2,1782359225.144435,0.002301454544067383
74089,normal,255,0,1782359225.146274,0.0018391609191894531
74090,normal,2237,0,1782359225.1480925,0.0018184185028076172
74091,normal,1410,0,1782359225.1502247,0.0021321773529052734
74092,normal,522,0,1782359225.1521337,0.001909017562866211
74093,normal,1590,0,1782359225.154246,0.0021123886108398438
74094,normal,67,0,1782359225.1563673,0.0021212100982666016
74095,normal,2568,0,1782359225.1581354,0.0017681121826171875
74096,normal,2684,0,1782359225.1601114,0.00197601318359375
74097,normal,2654,0,1782359225.1621597,0.0020482540130615234
74098,normal,371,0,1782359225.1641397,0.0019800662994384766
74099,normal,754,0,1782359225.1660542,0.0019145011901855469
74100,normal,628,0,1782359225.168035,0.0019807815551757812
74101,normal,2255,0,1782359225.170794,0.0027589797973632812
74102,normal,1093,0,1782359225.1722353,0.0014412403106689453
74103,normal,3080,1,1782359225.1740642,0.001828908920288086
74104,normal,898,2,1782359225.1760638,0.0019996166229248047
74105,normal,1096,0,1782359225.178073,0.002009153366088867
74106,normal,1343,1,1782359225.1800644,0.0019915103912353516
74107,normal,2753,0,1782359225.1820254,0.0019609928131103516
74108,normal,3658,0,1782359225.1844103,0.0023849010467529297
74109,normal,1248,0,1782359225.186148,0.0017375946044921875
74110,normal,457,0,1782359225.1880753,0.0019273757934570312
74111,normal,8,0,1782359225.1901174,0.002042055130004883
74112,normal,2872,0,1782359225.1920643,0.0019469261169433594
74113,normal,1355,1,1782359225.1940608,0.0019965171813964844
74114,normal,599,0,1782359225.1960669,0.002006053924560547
74115,normal,165,0,1782359225.1980844,0.002017498016357422
74116,normal,3501,0,1782359225.2002501,0.0021657943725585938
74117,normal,1328,1,1782359225.2022336,0.0019834041595458984
74118,normal,3235,1,1782359225.2042406,0.002007007598876953
74119,normal,1391,0,1782359225.2062285,0.001987934112548828
74120,normal,2178,0,1782359225.2082415,0.002012968063354492
74121,normal,1671,0,1782359225.2102242,0.0019826889038085938
74122,normal,2316,0,1782359225.212148,0.0019237995147705078
74123,normal,3058,1,1782359225.2144036,0.002255678176879883
74124,normal,1517,0,1782359225.2162848,0.0018811225891113281
74125,normal,1028,2,1782359225.218221,0.001936197280883789
74126,normal,3707,0,1782359225.2200975,0.0018765926361083984
74127,normal,86,0,1782359225.2222254,0.0021278858184814453
74128,normal,47,0,1782359225.224458,0.0022325515747070312
74129,normal,3381,1,1782359225.226013,0.0015549659729003906
74130,normal,1731,0,1782359225.2279944,0.001981496810913086
74131,normal,2944,0,1782359225.2300239,0.0020294189453125
74132,normal,2551,0,1782359225.232162,0.0021381378173828125
74133,normal,3591,0,1782359225.2341135,0.001951456069946289
74134,normal,2523,0,1782359225.236102,0.001988649368286133
74135,normal,740,0,1782359225.2382083,0.002106189727783203
74136,normal,3564,0,1782359225.2401648,0.001956462860107422
74137,normal,1698,0,1782359225.2421606,0.0019958019256591797
74138,normal,1643,0,1782359225.2441285,0.001967906951904297
74139,normal,1080,0,1782359225.2462254,0.002096891403198242
74140,normal,168,0,1782359225.2482595,0.0020341873168945312
74141,normal,1635,0,1782359225.250168,0.0019085407257080078
74142,normal,2834,0,1782359225.2520974,0.0019292831420898438
74143,normal,3281,1,1782359225.2540004,0.0019030570983886719
74144,normal,1838,0,1782359225.2560875,0.002087116241455078
74145,normal,1670,0,1782359225.258113,0.0020253658294677734
74146,normal,2892,0,1782359225.2603014,0.002188444137573242
74147,normal,1557,0,1782359225.2621093,0.0018079280853271484
74148,normal,349,0,1782359225.2640483,0.0019390583038330078
74149,normal,2442,0,1782359225.266013,0.001964569091796875
74150,normal,1646,0,1782359225.2680366,0.0020236968994140625
74151,normal,3339,1,1782359225.2701097,0.002073049545288086
74152,normal,3674,0,1782359225.2723207,0.0022110939025878906
74153,normal,2662,0,1782359225.2743235,0.002002716064453125
74154,normal,3608,0,1782359225.2760744,0.001750946044921875
74155,normal,498,0,1782359225.278034,0.001959562301635742
74156,normal,3017,0,1782359225.2800517,0.0020177364349365234
74157,normal,3507,0,1782359225.2820623,0.0020105838775634766
74158,normal,320,0,1782359225.2840748,0.002012491226196289
74159,normal,2443,0,1782359225.2863638,0.0022890567779541016
74160,normal,305,0,1782359225.2882493,0.0018854141235351562
74161,normal,2250,0,1782359225.290103,0.0018537044525146484
74162,normal,1960,0,1782359225.292037,0.001934051513671875
74163,normal,2665,0,1782359225.294072,0.002034902572631836
74164,normal,476,0,1782359225.2960958,0.002023935317993164
74165,normal,1937,0,1782359225.2980726,0.0019767284393310547
74166,normal,799,2,1782359225.3000715,0.0019989013671875
74167,normal,573,0,1782359225.3021493,0.002077817916870117
74168,normal,1359,1,1782359225.304122,0.001972675323486328
74169,normal,1764,0,1782359225.3061469,0.0020248889923095703
74170,normal,1895,0,1782359225.3081157,0.001968860626220703
74171,normal,1491,0,1782359225.3101108,0.001995086669921875
74172,normal,2245,0,1782359225.3122857,0.002174854278564453
74173,normal,2762,0,1782359225.3142495,0.0019638538360595703
74174,normal,1230,0,1782359225.3160956,0.0018460750579833984
74175,normal,3554,0,1782359225.3182073,0.002111673355102539
74176,normal,1142,0,1782359225.3201284,0.0019211769104003906
74177,normal,3015,0,1782359225.322104,0.001975536346435547
74178,normal,2759,0,1782359225.3240736,0.001969575881958008
74179,normal,3622,0,1782359225.3260105,0.0019369125366210938
74180,normal,1211,0,1782359225.3282256,0.002215147018432617
74181,normal,2687,0,1782359225.330229,0.0020034313201904297
74182,normal,3509,0,1782359225.3322332,0.0020041465759277344
74183,normal,2035,0,1782359225.3341882,0.0019550323486328125
74184,normal,469,0,1782359225.33625,0.0020618438720703125
74185,normal,1914,0,1782359225.338514,0.0022640228271484375
74186,normal,2396,0,1782359225.3401136,0.0015995502471923828
74187,normal,1535,0,1782359225.3421223,0.002008676528930664
74188,normal,1991,0,1782359225.3441327,0.002010345458984375
74189,normal,55,0,1782359225.346329,0.0021963119506835938
74190,normal,1463,0,1782359225.3483374,0.0020084381103515625
74191,normal,108,0,1782359225.3506405,0.0023031234741210938
74192,normal,1214,0,1782359225.3521008,0.0014603137969970703
74193,normal,3414,0,1782359225.3541415,0.0020406246185302734
74194,normal,2435,0,1782359225.3560755,0.001934051513671875
74195,normal,3302,1,1782359225.3581114,0.002035856246948242
74196,normal,3009,0,1782359225.3603475,0.0022361278533935547
74197,normal,3670,0,1782359225.362876,0.0025284290313720703
74198,normal,1997,0,1782359225.364088,0.0012121200561523438
74199,normal,507,0,1782359225.366176,0.002087831497192383
74200,normal,3365,1,1782359263.5629227,0.0
74201,normal,1750,0,1782359263.5648847,0.001961946487426758
74202,normal,2061,0,1782359263.5668297,0.0019450187683105469
74203,normal,542,0,1782359263.5688097,0.0019800662994384766
74204,normal,901,2,1782359263.5710573,0.0022475719451904297
74205,normal,2662,0,1782359263.5728843,0.0018270015716552734
74206,normal,2477,0,1782359263.5748875,0.002003192901611328
74207,normal,1856,0,1782359263.5770135,0.002125978469848633
74208,normal,1655,0,1782359263.5787697,0.0017561912536621094
74209,normal,329,0,1782359263.5810087,0.0022389888763427734
74210,normal,274,0,1782359263.5830424,0.002033710479736328
74211,normal,1193,0,1782359263.5848186,0.0017762184143066406
74212,normal,1317,0,1782359263.5872056,0.0023870468139648438
74213,normal,1479,0,1782359263.5890245,0.0018188953399658203
74214,normal,2735,0,1782359263.5910175,0.001992940902709961
74215,normal,233,0,1782359263.5930026,0.0019850730895996094
74216,normal,1068,0,1782359263.5949883,0.001985788345336914
74217,normal,1391,0,1782359263.5968442,0.0018558502197265625
74218,normal,1335,1,1782359263.5990357,0.0021915435791015625
74219,normal,2107,0,1782359263.6009607,0.0019249916076660156
74220,normal,63,0,1782359263.6028252,0.0018644332885742188
74221,normal,3407,0,1782359263.6049688,0.0021436214447021484
74222,normal,1702,0,1782359263.6069841,0.002015352249145508
74223,normal,461,0,1782359263.6088073,0.0018231868743896484
74224,normal,2614,0,1782359263.6109796,0.002172231674194336
74225,normal,1185,0,1782359263.6129594,0.001979827880859375
74226,normal,2220,0,1782359263.61482,0.0018606185913085938
74227,normal,1216,0,1782359263.61702,0.002199888229370117
74228,normal,3212,1,1782359263.6190124,0.001992464065551758
74229,normal,3705,0,1782359263.6208014,0.001789093017578125
74230,normal,2406,0,1782359263.6232364,0.002434968948364258
74231,normal,2063,0,1782359263.6250224,0.0017859935760498047
74232,normal,1676,0,1782359263.6271207,0.0020983219146728516
74233,normal,3001,0,1782359263.6290576,0.0019369125366210938
74234,normal,556,0,1782359263.6311915,0.0021338462829589844
74235,normal,3067,1,1782359263.6328816,0.0016901493072509766
74236,normal,3260,1,1782359263.635239,0.0023572444915771484
74237,normal,2326,0,1782359263.6370418,0.0018029212951660156
74238,normal,3610,0,1782359263.6390662,0.002024412155151367
74239,normal,2448,0,1782359263.6420045,0.0029382705688476562
74240,normal,1162,0,1782359263.6430078,0.001003265380859375
74241,normal,1957,0,1782359263.6450222,0.0020143985748291016
74242,normal,333,0,1782359263.6471107,0.0020885467529296875
74243,normal,1096,0,1782359263.6490498,0.0019390583038330078
74244,normal,1156,0,1782359263.6512573,0.002207517623901367
74245,normal,1157,0,1782359263.6528947,0.0016374588012695312
74246,normal,2774,0,1782359263.6551864,0.0022916793823242188
74247,normal,2285,0,1782359263.6568956,0.0017092227935791016
74248,normal,2844,0,1782359263.65893,0.002034425735473633
74249,normal,370,0,1782359263.6611114,0.0021812915802001953
74250,normal,296,0,1782359263.6630487,0.0019373893737792969
74251,normal,3442,0,1782359263.664923,0.0018742084503173828
74252,normal,2094,0,1782359263.6672223,0.0022993087768554688
74253,normal,1693,0,1782359263.6688735,0.0016512870788574219
74254,normal,2174,0,1782359263.6718698,0.002996206283569336
74255,normal,1703,0,1782359263.672902,0.0010323524475097656
74256,normal,428,0,1782359263.6751978,0.0022957324981689453
74257,normal,1570,0,1782359263.676938,0.0017402172088623047
74258,normal,1400,0,1782359263.6791878,0.0022497177124023438
74259,normal,1981,0,1782359263.6808736,0.0016858577728271484
74260,normal,2422,0,1782359263.6832144,0.0023407936096191406
74261,normal,3111,1,1782359263.6850142,0.0017998218536376953
74262,normal,2797,0,1782359263.6870608,0.0020465850830078125
74263,normal,3463,0,1782359263.6891034,0.002042531967163086
74264,normal,2481,0,1782359263.6910183,0.00191497802734375
74265,normal,3395,1,1782359263.6930912,0.0020728111267089844
74266,normal,853,2,1782359263.6950448,0.001953601837158203
74267,normal,3194,1,1782359263.6970687,0.002023935317993164
74268,normal,1794,0,1782359263.6988764,0.0018076896667480469
74269,normal,1587,0,1782359263.7019696,0.003093242645263672
74270,normal,3413,0,1782359263.7029004,0.0009307861328125
74271,normal,3092,1,1782359263.7051172,0.002216815948486328
74272,normal,1428,0,1782359263.7069023,0.0017850399017333984
74273,normal,3425,0,1782359263.7091904,0.0022881031036376953
74274,normal,2466,0,1782359263.710874,0.0016837120056152344
74275,normal,935,2,1782359263.7135847,0.002710580825805664
74276,normal,1475,0,1782359263.714953,0.0013682842254638672
74277,normal,1972,0,1782359263.717174,0.0022211074829101562
74278,normal,2891,0,1782359263.718884,0.0017099380493164062
74279,normal,642,0,1782359263.7211878,0.0023038387298583984
74280,normal,539,0,1782359263.7228742,0.0016863346099853516
74281,normal,1807,0,1782359263.7255716,0.002697467803955078
74282,normal,18,0,1782359263.7268846,0.0013129711151123047
74283,normal,2300,0,1782359263.72906,0.0021753311157226562
74284,normal,1389,0,1782359263.7309022,0.0018422603607177734
74285,normal,2280,0,1782359263.7331924,0.0022902488708496094
74286,normal,145,0,1782359263.7356405,0.0024480819702148438
74287,normal,1616,0,1782359263.7386422,0.003001689910888672
74288,normal,560,0,1782359263.7388997,0.0002574920654296875
74289,normal,3116,1,1782359263.7411659,0.0022661685943603516
74290,normal,1451,0,1782359263.7436101,0.0024442672729492188
74291,normal,1810,0,1782359263.7461588,0.002548694610595703
74292,normal,1862,0,1782359263.7470424,0.0008835792541503906
74293,normal,1632,0,1782359263.7491596,0.002117156982421875
74294,normal,3106,1,1782359263.7513127,0.002153158187866211
74295,normal,2430,0,1782359263.7533429,0.0020301342010498047
74296,normal,2934,0,1782359263.7555354,0.0021924972534179688
74297,normal,2754,0,1782359263.7581143,0.0025789737701416016
74298,normal,2398,0,1782359263.7596881,0.001573801040649414
74299,normal,755,0,1782359263.7617984,0.0021102428436279297
74300,normal,270,0,1782359263.7641594,0.0023610591888427734
74301,normal,3183,1,1782359263.7662387,0.0020792484283447266
74302,normal,817,2,1782359263.767745,0.0015063285827636719
74303,normal,2460,0,1782359263.7690818,0.001336812973022461
74304,normal,784,2,1782359263.77144,0.0023581981658935547
74305,normal,1003,2,1782359263.773509,0.0020689964294433594
74306,normal,2631,0,1782359263.775554,0.0020449161529541016
74307,normal,2083,0,1782359263.7774246,0.0018706321716308594
74308,normal,41,0,1782359263.7797818,0.0023572444915771484
74309,normal,2383,0,1782359263.7817922,0.002010345458984375
74310,normal,2907,0,1782359263.7835515,0.0017592906951904297
74311,normal,2763,0,1782359263.7855282,0.0019767284393310547
74312,normal,3609,0,1782359263.7873967,0.0018684864044189453
74313,normal,555,0,1782359263.7894354,0.002038717269897461
74314,normal,1142,0,1782359263.7917142,0.0022788047790527344
74315,normal,287,0,1782359263.7937803,0.0020661354064941406
74316,normal,1169,0,1782359263.795392,0.0016117095947265625
74317,normal,3155,1,1782359263.7973921,0.002000093460083008
74318,normal,1255,0,1782359263.7993958,0.0020036697387695312
74319,normal,1279,0,1782359263.8013926,0.001996755599975586
74320,normal,1661,0,1782359263.803391,0.001998424530029297
74321,normal,389,0,1782359263.8052752,0.0018842220306396484
74322,normal,2379,0,1782359263.8074596,0.0021843910217285156
74323,normal,908,2,1782359263.809379,0.0019195079803466797
74324,normal,501,0,1782359263.8113756,0.0019965171813964844
74325,normal,2106,0,1782359263.8128238,0.0014481544494628906
74326,normal,3036,0,1782359263.8152714,0.0024476051330566406
74327,normal,1099,0,1782359263.8171911,0.0019197463989257812
74328,normal,318,0,1782359263.8192172,0.002026081085205078
74329,normal,2707,0,1782359263.8213253,0.0021080970764160156
74330,normal,2433,0,1782359263.8243763,0.0030510425567626953
74331,normal,2403,0,1782359263.8249319,0.0005555152893066406
74332,normal,851,2,1782359263.8270292,0.0020973682403564453
74333,normal,1349,1,1782359263.8291254,0.0020961761474609375
74334,normal,2245,0,1782359263.8308618,0.0017364025115966797
74335,normal,2939,0,1782359263.8331227,0.002260923385620117
74336,normal,405,0,1782359263.8350205,0.0018978118896484375
74337,normal,2491,0,1782359263.837059,0.0020384788513183594
74338,normal,583,0,1782359263.8391926,0.002133607864379883
74339,normal,2405,0,1782359263.8408957,0.001703023910522461
74340,normal,3648,0,1782359263.8431711,0.0022754669189453125
74341,normal,1212,0,1782359263.8448873,0.0017161369323730469
74342,normal,483,0,1782359263.847195,0.0023076534271240234
74343,normal,2618,0,1782359263.848873,0.0016779899597167969
74344,normal,2949,0,1782359263.8510895,0.0022165775299072266
74345,normal,331,0,1782359263.8530278,0.0019383430480957031
74346,normal,3601,0,1782359263.8550947,0.0020668506622314453
74347,normal,2120,0,1782359263.8568742,0.0017795562744140625
74348,normal,77,0,1782359263.8593686,0.002494335174560547
74349,normal,3534,0,1782359263.8608935,0.0015249252319335938
74350,normal,1648,0,1782359263.8630633,0.0021698474884033203
74351,normal,2900,0,1782359263.86496,0.0018966197967529297
74352,normal,1823,0,1782359263.8670473,0.0020873546600341797
74353,normal,2,0,1782359263.8688467,0.0017993450164794922
74354,normal,1077,0,1782359263.8711095,0.0022628307342529297
74355,normal,3366,1,1782359263.8728733,0.0017638206481933594
74356,normal,1260,0,1782359263.8750908,0.002217531204223633
74357,normal,988,2,1782359263.8768656,0.0017747879028320312
74358,normal,965,2,1782359263.8788826,0.0020170211791992188
74359,normal,2450,0,1782359263.8810725,0.0021898746490478516
74360,normal,2440,0,1782359263.882861,0.0017883777618408203
74361,normal,375,0,1782359263.8850346,0.0021736621856689453
74362,normal,2480,0,1782359263.886854,0.0018193721771240234
74363,normal,626,0,1782359263.8890748,0.0022208690643310547
74364,normal,3518,0,1782359263.8908541,0.001779317855834961
74365,normal,463,0,1782359263.8930614,0.0022072792053222656
74366,normal,2521,0,1782359263.8948615,0.0018000602722167969
74367,normal,1723,0,1782359263.8970528,0.002191305160522461
74368,normal,889,2,1782359263.8988473,0.001794576644897461
74369,normal,3113,1,1782359263.901104,0.002256631851196289
74370,normal,882,2,1782359263.9028597,0.0017557144165039062
74371,normal,2123,0,1782359263.9050677,0.0022079944610595703
74372,normal,3458,0,1782359263.9068675,0.0017998218536376953
74373,normal,311,0,1782359263.9090602,0.0021927356719970703
74374,normal,1685,0,1782359263.9108417,0.001781463623046875
74375,normal,2283,0,1782359263.9130523,0.0022106170654296875
74376,normal,438,0,1782359263.9148552,0.0018029212951660156
74377,normal,1630,0,1782359263.9170403,0.0021851062774658203
74378,normal,1943,0,1782359263.9188595,0.0018191337585449219
74379,normal,564,0,1782359263.9210289,0.002169370651245117
74380,normal,3626,0,1782359263.9228585,0.0018296241760253906
74381,normal,3131,1,1782359263.925064,0.0022056102752685547
74382,normal,3266,1,1782359263.9268405,0.0017764568328857422
74383,normal,2905,0,1782359263.9290547,0.002214193344116211
74384,normal,1979,0,1782359263.9308686,0.0018138885498046875
74385,normal,3478,0,1782359263.9330468,0.002178192138671875
74386,normal,2734,0,1782359263.934853,0.0018062591552734375
74387,normal,1184,0,1782359263.9370685,0.0022153854370117188
74388,normal,1833,0,1782359263.9388664,0.0017979145050048828
74389,normal,1642,0,1782359263.9410594,0.002192974090576172
74390,normal,2421,0,1782359263.9428694,0.0018100738525390625
74391,normal,39,0,1782359263.945038,0.0021686553955078125
74392,normal,2558,0,1782359263.9468575,0.0018193721771240234
74393,normal,3650,0,1782359263.9490585,0.002201080322265625
74394,normal,3313,1,1782359263.9508545,0.0017960071563720703
74395,normal,1934,0,1782359263.9530883,0.002233743667602539
74396,normal,3670,0,1782359263.9548619,0.0017735958099365234
74397,normal,2275,0,1782359263.9570682,0.0022063255310058594
74398,normal,1841,0,1782359263.9588473,0.0017790794372558594
74399,normal,892,2,1782359263.9611013,0.002254009246826172
74400,normal,1633,0,1782359263.9628398,0.0017385482788085938
74401,normal,2628,0,1782359263.965042,0.002202272415161133
74402,normal,432,0,1782359263.9668472,0.0018050670623779297
74403,normal,3344,1,1782359263.9690576,0.002210378646850586
74404,normal,1694,0,1782359263.9708483,0.001790761947631836
74405,normal,2258,0,1782359263.9730844,0.0022361278533935547
74406,normal,3521,0,1782359263.9748359,0.0017514228820800781
74407,normal,54,0,1782359263.9770572,0.002221345901489258
74408,normal,2838,0,1782359263.9788475,0.0017902851104736328
74409,normal,2020,0,1782359263.9810252,0.002177715301513672
74410,normal,1912,0,1782359263.9828439,0.0018186569213867188
74411,normal,913,2,1782359263.9850545,0.0022106170654296875
74412,normal,1814,0,1782359263.9868808,0.0018262863159179688
74413,normal,520,0,1782359263.9890478,0.0021669864654541016
74414,normal,3172,1,1782359263.9908674,0.001819610595703125
74415,normal,512,0,1782359263.9930458,0.0021784305572509766
74416,normal,1677,0,1782359263.9950163,0.001970529556274414
74417,normal,997,2,1782359263.997027,0.0020105838775634766
74418,normal,1244,0,1782359263.9990602,0.002033233642578125
74419,normal,2133,0,1782359264.0009222,0.0018620491027832031
74420,normal,3629,0,1782359264.0031185,0.0021963119506835938
74421,normal,1619,0,1782359264.004872,0.0017535686492919922
74422,normal,2152,0,1782359264.0071747,0.0023026466369628906
74423,normal,685,0,1782359264.008999,0.0018243789672851562
74424,normal,2997,0,1782359264.0110672,0.002068042755126953
74425,normal,2404,0,1782359264.0129206,0.0018534660339355469
74426,normal,680,0,1782359264.015096,0.0021753311157226562
74427,normal,3269,1,1782359264.0168786,0.0017826557159423828
74428,normal,477,0,1782359264.0190945,0.002215862274169922
74429,normal,3545,0,1782359264.0208774,0.0017828941345214844
74430,normal,2217,0,1782359264.0230663,0.0021889209747314453
74431,normal,3393,1,1782359264.0248473,0.0017809867858886719
74432,normal,2819,0,1782359264.0271575,0.0023102760314941406
74433,normal,2076,0,1782359264.0288599,0.0017023086547851562
74434,normal,1727,0,1782359264.030844,0.001984119415283203
74435,normal,2583,0,1782359264.0330412,0.002197265625
74436,normal,2251,0,1782359264.034859,0.0018177032470703125
74437,normal,2391,0,1782359264.036832,0.0019731521606445312
74438,normal,3236,1,1782359264.0388632,0.002031087875366211
74439,normal,2711,0,1782359264.0408342,0.001971006393432617
74440,normal,2400,0,1782359264.042835,0.0020008087158203125
74441,normal,2968,0,1782359264.044845,0.0020101070404052734
74442,normal,313,0,1782359264.0468597,0.002014636993408203
74443,normal,951,2,1782359264.0488718,0.002012014389038086
74444,normal,3665,0,1782359264.051101,0.0022292137145996094
74445,normal,1342,1,1782359264.052866,0.0017650127410888672
74446,normal,2402,0,1782359264.0550778,0.0022118091583251953
74447,normal,727,0,1782359264.0568445,0.0017666816711425781
74448,normal,3345,1,1782359264.0588617,0.0020172595977783203
74449,normal,2138,0,1782359264.0610948,0.0022330284118652344
74450,normal,2132,0,1782359264.0628493,0.0017545223236083984
74451,normal,424,0,1782359264.0648637,0.0020143985748291016
74452,normal,373,0,1782359264.067122,0.00225830078125
74453,normal,2182,0,1782359264.069031,0.001909017562866211
74454,normal,3599,0,1782359264.070886,0.0018548965454101562
74455,normal,2202,0,1782359264.0732384,0.002352476119995117
74456,normal,1877,0,1782359264.0749972,0.0017588138580322266
74457,normal,942,2,1782359264.0768726,0.0018754005432128906
74458,normal,107,0,1782359264.07915,0.002277374267578125
74459,normal,2772,0,1782359264.0808806,0.0017306804656982422
74460,normal,557,0,1782359264.083065,0.0021843910217285156
74461,normal,3033,0,1782359264.0850654,0.0020003318786621094
74462,normal,1363,1,1782359264.0868793,0.0018138885498046875
74463,normal,2164,0,1782359264.0890794,0.0022001266479492188
74464,normal,1745,0,1782359264.0909348,0.0018553733825683594
74465,normal,1921,0,1782359264.0932121,0.002277374267578125
74466,normal,1486,0,1782359264.0948765,0.0016644001007080078
74467,normal,1835,0,1782359264.097222,0.002345561981201172
74468,normal,2588,0,1782359264.0990436,0.0018215179443359375
74469,normal,3542,0,1782359264.1010737,0.0020301342010498047
74470,normal,598,0,1782359264.1034048,0.0023310184478759766
74471,normal,1318,0,1782359264.1050255,0.0016207695007324219
74472,normal,2046,0,1782359264.1070611,0.0020356178283691406
74473,normal,1980,0,1782359264.1091115,0.0020503997802734375
74474,normal,2632,0,1782359264.1110198,0.0019083023071289062
74475,normal,1749,0,1782359264.1130655,0.0020456314086914062
74476,normal,1733,0,1782359264.11564,0.002574443817138672
74477,normal,1991,0,1782359264.118146,0.0025060176849365234
74478,normal,1411,0,1782359264.1202958,0.002149820327758789
74479,normal,1058,0,1782359264.1210513,0.0007555484771728516
74480,normal,3070,1,1782359264.1242454,0.003194093704223633
74481,normal,661,0,1782359264.1250377,0.0007922649383544922
74482,normal,1383,0,1782359264.128264,0.0032262802124023438
74483,normal,3231,1,1782359264.1290064,0.0007424354553222656
74484,normal,1817,0,1782359264.131469,0.002462625503540039
74485,normal,1429,0,1782359264.1334324,0.001963376998901367
74486,normal,2457,0,1782359264.1352918,0.001859426498413086
74487,normal,1924,0,1782359264.1375668,0.0022749900817871094
74488,normal,1474,0,1782359264.1395423,0.001975536346435547
74489,normal,1409,0,1782359264.1421402,0.002597808837890625
74490,normal,26,0,1782359264.144299,0.0021588802337646484
74491,normal,3667,0,1782359264.145113,0.0008139610290527344
74492,normal,3594,0,1782359264.147388,0.0022749900817871094
74493,normal,2635,0,1782359264.1494594,0.002071380615234375
74494,normal,2729,0,1782359264.1515152,0.0020558834075927734
74495,normal,2218,0,1782359264.1541114,0.002596139907836914
74496,normal,3554,0,1782359264.1556404,0.0015289783477783203
74497,normal,2260,0,1782359264.157818,0.002177715301513672
74498,normal,2874,0,1782359264.1593916,0.0015735626220703125
74499,normal,2042,0,1782359264.1614287,0.00203704833984375
74500,normal,989,2,1782359264.1634583,0.0020296573638916016
74501,normal,2973,0,1782359264.1653945,0.001936197280883789
74502,normal,262,0,1782359264.1673915,0.0019969940185546875
74503,normal,2257,0,1782359264.1693847,0.0019931793212890625
74504,normal,2263,0,1782359264.1713943,0.0020096302032470703
74505,normal,2135,0,1782359264.1734877,0.0020933151245117188
74506,normal,1473,0,1782359264.17573,0.0022423267364501953
74507,normal,2000,0,1782359264.1774356,0.0017056465148925781
74508,normal,2074,0,1782359264.1794367,0.002001047134399414
74509,normal,3311,1,1782359264.1817303,0.0022935867309570312
74510,normal,2080,0,1782359264.1834223,0.001692056655883789
74511,normal,2604,0,1782359264.1853824,0.0019600391387939453
74512,normal,2875,0,1782359264.1871467,0.0017642974853515625
74513,normal,3555,0,1782359264.1901002,0.0029535293579101562
74514,normal,3219,1,1782359264.1916494,0.0015492439270019531
74515,normal,1472,0,1782359264.194091,0.0024416446685791016
74516,normal,90,0,1782359264.1958277,0.0017366409301757812
74517,normal,466,0,1782359264.1974602,0.0016324520111083984
74518,normal,3211,1,1782359264.1993878,0.0019276142120361328
74519,normal,3261,1,1782359264.2013786,0.001990795135498047
74520,normal,3477,0,1782359264.2034216,0.002043008804321289
74521,normal,620,0,1782359264.205108,0.0016863346099853516
74522,normal,3268,1,1782359264.2071085,0.002000570297241211
74523,normal,184,0,1782359264.2087946,0.00168609619140625
74524,normal,696,0,1782359264.2112215,0.0024268627166748047
74525,normal,1147,0,1782359264.2129724,0.001750946044921875
74526,normal,2099,0,1782359264.2156374,0.0026650428771972656
74527,normal,3702,0,1782359264.2177403,0.0021028518676757812
74528,normal,1223,0,1782359264.2188463,0.0011060237884521484
74529,normal,3532,0,1782359264.2208524,0.002006053924560547
74530,normal,1514,0,1782359264.2229238,0.002071380615234375
74531,normal,972,2,1782359264.2251546,0.0022308826446533203
74532,normal,2704,0,1782359264.2268558,0.0017011165618896484
74533,normal,3257,1,1782359264.2289233,0.00206756591796875
74534,normal,2142,0,1782359264.231151,0.002227783203125
74535,normal,2593,0,1782359264.2328513,0.0017001628875732422
74536,normal,2855,0,1782359264.2353625,0.002511262893676758
74537,normal,3373,1,1782359264.2368572,0.0014946460723876953
74538,normal,3586,0,1782359264.238852,0.0019948482513427734
74539,normal,849,2,1782359264.240926,0.002074003219604492
74540,normal,3133,1,1782359264.2431397,0.002213716506958008
74541,normal,3587,0,1782359264.2448559,0.0017161369323730469
74542,normal,1871,0,1782359264.2469063,0.0020503997802734375
74543,normal,792,2,1782359264.2491581,0.002251863479614258
74544,normal,3679,0,1782359264.2508624,0.0017042160034179688
74545,normal,3674,0,1782359264.2529032,0.002040863037109375
74546,normal,462,0,1782359264.255184,0.002280712127685547
74547,normal,2428,0,1782359264.2568521,0.0016682147979736328
74548,normal,3378,1,1782359264.2589269,0.002074718475341797
74549,normal,2454,0,1782359264.2611659,0.0022389888763427734
74550,normal,1272,0,1782359264.2628522,0.0016863346099853516
74551,normal,1436,0,1782359264.2661061,0.003253936767578125
74552,normal,85,0,1782359264.266856,0.0007498264312744141
74553,normal,2108,0,1782359264.2702603,0.003404378890991211
74554,normal,1504,0,1782359264.2708566,0.0005962848663330078
74555,normal,426,0,1782359264.273039,0.002182483673095703
74556,normal,1986,0,1782359264.2748518,0.0018126964569091797
74557,normal,869,2,1782359264.276954,0.0021021366119384766
74558,normal,1490,0,1782359264.27916,0.002206087112426758
74559,normal,1519,0,1782359264.280839,0.0016789436340332031
74560,normal,938,2,1782359264.2827895,0.0019505023956298828
74561,normal,3516,0,1782359264.28506,0.0022704601287841797
74562,normal,263,0,1782359264.286807,0.00174713134765625
74563,normal,448,0,1782359264.2888525,0.0020453929901123047
74564,normal,1155,0,1782359264.290857,0.0020046234130859375
74565,normal,1426,0,1782359264.2927806,0.0019235610961914062
74566,normal,1089,0,1782359264.29484,0.002059459686279297
74567,normal,47,0,1782359264.2968311,0.0019910335540771484
74568,normal,1542,0,1782359264.2987876,0.001956462860107422
74569,normal,1965,0,1782359264.300839,0.0020513534545898438
74570,normal,1245,0,1782359264.3029573,0.002118349075317383
74571,normal,1967,0,1782359264.304785,0.0018277168273925781
74572,normal,1027,2,1782359264.3068576,0.002072572708129883
74573,normal,245,0,1782359264.30896,0.002102375030517578
74574,normal,2296,0,1782359264.3107905,0.0018305778503417969
74575,normal,3264,1,1782359264.3128383,0.0020477771759033203
74576,normal,3666,0,1782359264.3149686,0.002130270004272461
74577,normal,1470,0,1782359264.316787,0.0018184185028076172
74578,normal,3175,1,1782359264.3188465,0.002059459686279297
74579,normal,678,0,1782359264.3208454,0.0019989013671875
74580,normal,335,0,1782359264.322787,0.001941680908203125
74581,normal,3406,0,1782359264.324842,0.002054929733276367
74582,normal,2429,0,1782359264.3268487,0.0020067691802978516
74583,normal,1601,0,1782359264.3287923,0.0019435882568359375
74584,normal,31,0,1782359264.3308408,0.002048492431640625
74585,normal,3669,0,1782359264.3328128,0.0019719600677490234
74586,normal,1811,0,1782359264.3348238,0.0020110607147216797
74587,normal,1341,1,1782359264.3368201,0.001996278762817383
74588,normal,1408,0,1782359264.3388789,0.002058744430541992
74589,normal,3396,1,1782359264.3408191,0.0019402503967285156
74590,normal,3700,0,1782359264.3428166,0.0019974708557128906
74591,normal,1345,1,1782359264.344895,0.0020782947540283203
74592,normal,2898,0,1782359264.3468192,0.001924276351928711
74593,normal,602,0,1782359264.3489678,0.0021486282348632812
74594,normal,3123,1,1782359264.3508608,0.0018930435180664062
74595,normal,610,0,1782359264.3528275,0.001966714859008789
74596,normal,926,2,1782359264.3548615,0.0020339488983154297
74597,normal,3577,0,1782359264.356875,0.0020134449005126953
74598,normal,46,0,1782359264.358845,0.001970052719116211
74599,normal,931,2,1782359264.360838,0.001992940902709961
74600,normal,3308,1,1782359264.3628247,0.0019867420196533203
74601,normal,3647,0,1782359264.3648593,0.0020346641540527344
74602,normal,2897,0,1782359264.3669012,0.0020418167114257812
74603,normal,2335,0,1782359264.3689516,0.0020503997802734375
74604,normal,3011,0,1782359264.3708036,0.0018520355224609375
74605,normal,3503,0,1782359264.3728063,0.002002716064453125
74606,normal,1989,0,1782359264.374866,0.0020596981048583984
74607,normal,346,0,1782359264.3768473,0.0019812583923339844
74608,normal,19,0,1782359264.378835,0.0019876956939697266
74609,normal,277,0,1782359264.380981,0.002146005630493164
74610,normal,921,2,1782359264.3828268,0.0018458366394042969
74611,normal,160,0,1782359264.3848367,0.002009868621826172
74612,normal,3168,1,1782359264.3869793,0.002142667770385742
74613,normal,2992,0,1782359264.388799,0.001819610595703125
74614,normal,532,0,1782359264.3909893,0.0021903514862060547
74615,normal,3533,0,1782359264.3929932,0.002003908157348633
74616,normal,2554,0,1782359264.3948202,0.0018270015716552734
74617,normal,1236,0,1782359264.396836,0.002015829086303711
74618,normal,2168,0,1782359264.3989832,0.002147197723388672
74619,normal,185,0,1782359264.4007888,0.0018055438995361328
74620,normal,2573,0,1782359264.4029913,0.0022025108337402344
74621,normal,101,0,1782359264.4049823,0.0019910335540771484
74622,normal,1500,0,1782359264.4067972,0.0018148422241210938
74623,normal,2018,0,1782359264.4088356,0.0020384788513183594
74624,normal,2914,0,1782359264.4109795,0.00214385986328125
74625,normal,909,2,1782359264.4128213,0.0018417835235595703
74626,normal,2538,0,1782359264.4148846,0.002063274383544922
74627,normal,1937,0,1782359264.417028,0.002143383026123047
74628,normal,2831,0,1782359264.4188352,0.0018072128295898438
74629,normal,2204,0,1782359264.4208007,0.0019655227661132812
74630,normal,1379,1,1782359264.4228933,0.002092599868774414
74631,normal,3029,0,1782359264.4249787,0.002085447311401367
74632,normal,3104,1,1782359264.4271421,0.002163410186767578
74633,normal,2784,0,1782359264.429043,0.0019009113311767578
74634,normal,1135,0,1782359264.4308884,0.0018453598022460938
74635,normal,1529,0,1782359264.4332464,0.002357959747314453
74636,normal,396,0,1782359264.4359782,0.002731800079345703
74637,normal,2238,0,1782359264.4370782,0.0011000633239746094
74638,normal,2353,0,1782359264.4391239,0.0020456314086914062
74639,normal,1503,0,1782359264.44105,0.0019261837005615234
74640,normal,2270,0,1782359264.4429505,0.0019004344940185547
74641,normal,3410,0,1782359264.4449568,0.0020062923431396484
74642,normal,303,0,1782359264.4470968,0.002140045166015625
74643,normal,3187,1,1782359264.448813,0.0017161369323730469
74644,normal,2597,0,1782359264.4512417,0.002428770065307617
74645,normal,1497,0,1782359264.45294,0.0016982555389404297
74646,normal,1705,0,1782359264.4551945,0.002254486083984375
74647,normal,1729,0,1782359264.45695,0.0017554759979248047
74648,normal,3097,1,1782359264.4592206,0.0022706985473632812
74649,normal,745,0,1782359264.461589,0.002368450164794922
74650,normal,1663,0,1782359264.4632099,0.0016207695007324219
74651,normal,3018,0,1782359264.4651587,0.0019488334655761719
74652,normal,2789,0,1782359264.4670758,0.001917123794555664
74653,normal,2355,0,1782359264.4689522,0.0018763542175292969
74654,normal,596,0,1782359264.4712234,0.0022711753845214844
74655,normal,3289,1,1782359264.4728975,0.0016741752624511719
74656,normal,1615,0,1782359264.475082,0.0021843910217285156
74657,normal,2863,0,1782359264.4771328,0.0020508766174316406
74658,normal,1879,0,1782359264.4788766,0.0017437934875488281
74659,normal,2532,0,1782359264.4816244,0.002747774124145508
74660,normal,3416,0,1782359264.4829445,0.0013201236724853516
74661,normal,656,0,1782359264.4851034,0.0021588802337646484
74662,normal,1143,0,1782359264.4871218,0.002018451690673828
74663,normal,1668,0,1782359264.489,0.0018782615661621094
74664,normal,2703,0,1782359264.490891,0.0018908977508544922
74665,normal,3645,0,1782359264.493014,0.002123117446899414
74666,normal,1717,0,1782359264.4962492,0.0032351016998291016
74667,normal,3398,1,1782359264.496897,0.0006477832794189453
74668,normal,2209,0,1782359264.4993877,0.0024907588958740234
74669,normal,1901,0,1782359264.5011637,0.001775979995727539
74670,normal,2841,0,1782359264.503498,0.0023343563079833984
74671,normal,1763,0,1782359264.505542,0.0020439624786376953
74672,normal,929,2,1782359264.5080788,0.002536773681640625
74673,normal,2127,0,1782359264.5096421,0.0015633106231689453
74674,normal,581,0,1782359264.5120947,0.0024526119232177734
74675,normal,885,2,1782359264.5138333,0.0017385482788085938
74676,normal,2732,0,1782359264.5154173,0.0015840530395507812
74677,normal,2286,0,1782359264.517688,0.0022706985473632812
74678,normal,3057,1,1782359264.5197978,0.0021097660064697266
74679,normal,2055,0,1782359264.5217059,0.0019080638885498047
74680,normal,709,0,1782359264.5235622,0.0018563270568847656
74681,normal,1149,0,1782359264.5261285,0.0025663375854492188
74682,normal,2409,0,1782359264.5276446,0.001516103744506836
74683,normal,2677,0,1782359264.52955,0.0019054412841796875
74684,normal,3322,1,1782359264.5321736,0.0026235580444335938
74685,normal,2178,0,1782359264.534315,0.0021414756774902344
74686,normal,2305,0,1782359264.535085,0.0007698535919189453
74687,normal,1283,0,1782359264.537412,0.00232696533203125
74688,normal,2309,0,1782359264.5394502,0.002038240432739258
74689,normal,2536,0,1782359264.541603,0.0021529197692871094
74690,normal,3683,0,1782359264.5441468,0.0025436878204345703
74691,normal,1045,0,1782359264.5449018,0.0007550716400146484
74692,normal,1332,1,1782359264.5474172,0.0025153160095214844
74693,normal,280,0,1782359264.5498,0.0023827552795410156
74694,normal,3412,0,1782359264.5514493,0.0016493797302246094
74695,normal,1443,0,1782359264.5536888,0.0022394657135009766
74696,normal,2515,0,1782359264.5556011,0.0019123554229736328
74697,normal,1829,0,1782359264.5574558,0.0018546581268310547
74698,normal,380,0,1782359264.559524,0.0020682811737060547
74699,normal,1326,1,1782359264.5613294,0.0018053054809570312
74700,normal,746,0,1782359264.5634458,0.0021164417266845703
74701,normal,864,2,1782359264.5655956,0.002149820327758789
74702,normal,1454,0,1782359264.5675972,0.002001523971557617
74703,normal,3375,1,1782359264.5694244,0.001827239990234375
74704,normal,2661,0,1782359264.571463,0.002038717269897461
74705,normal,1586,0,1782359264.573563,0.0020999908447265625
74706,normal,2219,0,1782359264.5754087,0.0018455982208251953
74707,normal,38,0,1782359264.5776014,0.0021927356719970703
74708,normal,3163,1,1782359264.5801108,0.0025093555450439453
74709,normal,288,0,1782359264.5809631,0.0008523464202880859
74710,normal,2642,0,1782359264.583436,0.0024728775024414062
74711,normal,3440,0,1782359264.5850992,0.0016632080078125
74712,normal,3642,0,1782359264.5872664,0.002167224884033203
74713,normal,1100,0,1782359264.589578,0.0023114681243896484
74714,normal,1860,0,1782359264.5913925,0.0018146038055419922
74715,normal,1826,0,1782359264.5933962,0.0020036697387695312
74716,normal,1420,0,1782359264.595417,0.0020208358764648438
74717,normal,2908,0,1782359264.5981202,0.0027031898498535156
74718,normal,3017,0,1782359264.598871,0.0007507801055908203
74719,normal,2304,0,1782359264.6013706,0.0024995803833007812
74720,normal,1683,0,1782359264.6033745,0.002003908157348633
74721,normal,3675,0,1782359264.6053655,0.0019910335540771484
74722,normal,1417,0,1782359264.6073577,0.0019922256469726562
74723,normal,1140,0,1782359264.6101186,0.0027608871459960938
74724,normal,267,0,1782359264.6118288,0.0017101764678955078
74725,normal,2317,0,1782359264.6135883,0.0017595291137695312
74726,normal,1560,0,1782359264.6154413,0.0018529891967773438
74727,normal,3386,1,1782359264.6174095,0.0019681453704833984
74728,normal,3408,0,1782359264.6190896,0.001680135726928711
74729,normal,1403,0,1782359264.6213803,0.0022907257080078125
74730,normal,2750,0,1782359264.623508,0.0021276473999023438
74731,normal,1768,0,1782359264.6255202,0.0020122528076171875
74732,normal,2944,0,1782359264.627792,0.0022716522216796875
74733,normal,1471,0,1782359264.629615,0.0018231868743896484
74734,normal,1622,0,1782359264.6318028,0.0021877288818359375
74735,normal,276,0,1782359264.6337087,0.0019059181213378906
74736,normal,3246,1,1782359264.6357899,0.002081155776977539
74737,normal,1136,0,1782359264.638526,0.0027360916137695312
74738,normal,1559,0,1782359264.6388104,0.00028443336486816406
74739,normal,2920,0,1782359264.641077,0.0022666454315185547
74740,normal,1463,0,1782359264.6437068,0.0026297569274902344
74741,normal,1674,0,1782359264.6454291,0.0017223358154296875
74742,normal,2467,0,1782359264.6477475,0.0023183822631835938
74743,normal,717,0,1782359264.6498468,0.002099275588989258
74744,normal,3005,0,1782359264.6517537,0.0019068717956542969
74745,normal,2423,0,1782359264.6538672,0.0021135807037353516
74746,normal,3435,0,1782359264.656122,0.0022547245025634766
74747,normal,1323,1,1782359264.6581817,0.0020596981048583984
74748,normal,1106,0,1782359264.659818,0.0016362667083740234
74749,normal,832,2,1782359264.6624696,0.002651691436767578
74750,normal,481,0,1782359264.66283,0.0003604888916015625
74751,normal,3280,1,1782359264.6650457,0.0022156238555908203
74752,normal,1682,0,1782359264.6674638,0.002418041229248047
74753,normal,15,0,1782359264.6700544,0.002590656280517578
74754,normal,1885,0,1782359264.6716936,0.0016391277313232422
74755,normal,1111,0,1782359264.6738055,0.0021119117736816406
74756,normal,646,0,1782359264.6761363,0.002330780029296875
74757,normal,112,0,1782359264.677863,0.0017266273498535156
74758,normal,2744,0,1782359264.6799548,0.0020918846130371094
74759,normal,3276,1,1782359264.6821113,0.002156496047973633
74760,normal,409,0,1782359264.683801,0.0016896724700927734
74761,normal,826,2,1782359264.6858351,0.0020341873168945312
74762,normal,1312,0,1782359264.6880753,0.0022401809692382812
74763,normal,3263,1,1782359264.68974,0.0016646385192871094
74764,normal,2188,0,1782359264.6918645,0.0021245479583740234
74765,normal,2128,0,1782359264.6937687,0.0019042491912841797
74766,normal,2513,0,1782359264.6958442,0.0020754337310791016
74767,normal,412,0,1782359264.6981373,0.002293109893798828
74768,normal,2650,0,1782359264.6988313,0.0006940364837646484
74769,normal,814,2,1782359264.7017553,0.0029239654541015625
74770,normal,28,0,1782359264.7038195,0.002064228057861328
74771,normal,65,0,1782359264.7060924,0.0022728443145751953
74772,normal,2672,0,1782359264.7077959,0.001703500747680664
74773,normal,2678,0,1782359264.709889,0.002093076705932617
74774,normal,2527,0,1782359264.712415,0.0025260448455810547
74775,normal,2246,0,1782359264.7128086,0.0003936290740966797
74776,normal,257,0,1782359264.7150793,0.0022706985473632812
74777,normal,2781,0,1782359264.7171915,0.002112150192260742
74778,normal,1819,0,1782359264.7188177,0.0016262531280517578
74779,normal,56,0,1782359264.7216482,0.00283050537109375
74780,normal,2941,0,1782359264.7228734,0.0012252330780029297
74781,normal,996,2,1782359264.7254403,0.002566814422607422
74782,normal,2714,0,1782359264.7269542,0.0015139579772949219
74783,normal,2995,0,1782359264.7291565,0.002202272415161133
74784,normal,3000,0,1782359264.7308884,0.00173187255859375
74785,normal,2946,0,1782359264.7339535,0.0030651092529296875
74786,normal,1041,0,1782359264.7348802,0.0009267330169677734
74787,normal,488,0,1782359264.737107,0.0022268295288085938
74788,normal,653,0,1782359264.7389462,0.0018391609191894531
74789,normal,1653,0,1782359264.741182,0.002235889434814453
74790,normal,969,2,1782359264.742885,0.001703023910522461
74791,normal,2208,0,1782359264.7456315,0.0027463436126708984
74792,normal,949,2,1782359264.7468987,0.0012671947479248047
74793,normal,1286,0,1782359264.7489972,0.002098560333251953
74794,normal,1550,0,1782359264.7508945,0.0018973350524902344
74795,normal,1406,0,1782359264.7531505,0.0022559165954589844
74796,normal,1310,0,1782359264.7548847,0.0017342567443847656
74797,normal,1968,0,1782359264.7571747,0.002290010452270508
74798,normal,1205,0,1782359264.758935,0.001760244369506836
74799,normal,589,0,1782359264.7611842,0.0022492408752441406
74800,normal,1994,0,1782359264.7628908,0.0017066001892089844
74801,normal,3226,1,1782359264.7652252,0.0023343563079833984
74802,normal,3170,1,1782359264.7668793,0.0016541481018066406
74803,normal,2121,0,1782359264.7700174,0.0031380653381347656
74804,normal,723,0,1782359264.7708764,0.0008590221405029297
74805,normal,413,0,1782359264.7730794,0.0022029876708984375
74806,normal,3481,0,1782359264.7748864,0.0018069744110107422
74807,normal,1483,0,1782359264.7770493,0.002162933349609375
74808,normal,2292,0,1782359264.7788978,0.001848459243774414
74809,normal,2034,0,1782359264.7811964,0.002298593521118164
74810,normal,1352,1,1782359264.7829375,0.001741170883178711
74811,normal,2160,0,1782359264.7852015,0.0022640228271484375
74812,normal,1909,0,1782359264.786897,0.001695394515991211
74813,normal,2035,0,1782359264.7891827,0.0022857189178466797
74814,normal,221,0,1782359264.7908893,0.0017066001892089844
74815,normal,891,2,1782359264.793171,0.002281665802001953
74816,normal,2670,0,1782359264.7949476,0.0017766952514648438
74817,normal,807,2,1782359264.7972326,0.002285003662109375
74818,normal,2253,0,1782359264.7988431,0.0016105175018310547
74819,normal,811,2,1782359264.8010397,0.0021965503692626953
74820,normal,1597,0,1782359264.8028889,0.0018491744995117188
74821,normal,3045,1,1782359264.805248,0.002359151840209961
74822,normal,3216,1,1782359264.80694,0.001692056655883789
74823,normal,3341,1,1782359264.809197,0.0022568702697753906
74824,normal,1353,1,1782359264.8109004,0.001703500747680664
74825,normal,3337,1,1782359264.813205,0.002304553985595703
74826,normal,1744,0,1782359264.8148787,0.0016736984252929688
74827,normal,995,2,1782359264.817222,0.002343416213989258
74828,normal,2808,0,1782359264.8190393,0.0018172264099121094
74829,normal,2211,0,1782359264.820878,0.00183868408203125
74830,normal,2764,0,1782359264.8235137,0.0026357173919677734
74831,normal,3135,1,1782359264.824951,0.0014371871948242188
74832,normal,1141,0,1782359264.82717,0.002218961715698242
74833,normal,953,2,1782359264.8289301,0.001760244369506836
74834,normal,2247,0,1782359264.8311894,0.0022592544555664062
74835,normal,1654,0,1782359264.8328776,0.001688241958618164
74836,normal,729,0,1782359264.8352494,0.0023717880249023438
74837,normal,1956,0,1782359264.8370898,0.001840353012084961
74838,normal,3124,1,1782359264.8388765,0.0017867088317871094
74839,normal,1977,0,1782359264.8412223,0.0023458003997802734
74840,normal,1628,0,1782359264.843029,0.0018067359924316406
74841,normal,1284,0,1782359264.8450694,0.002040386199951172
74842,normal,2779,0,1782359264.8479443,0.0028748512268066406
74843,normal,2145,0,1782359264.8489766,0.0010323524475097656
74844,normal,2702,0,1782359264.8510208,0.002044200897216797
74845,normal,3493,0,1782359264.852948,0.0019271373748779297
74846,normal,1779,0,1782359264.8552144,0.002266407012939453
74847,normal,2888,0,1782359264.8568947,0.0016803741455078125
74848,normal,2683,0,1782359264.8596475,0.0027527809143066406
74849,normal,2572,0,1782359264.8608902,0.0012426376342773438
74850,normal,1523,0,1782359264.863052,0.002161741256713867
74851,normal,3549,0,1782359264.864933,0.0018811225891113281
74852,normal,3689,0,1782359264.8672044,0.002271413803100586
74853,normal,1267,0,1782359264.8688862,0.0016818046569824219
74854,normal,1466,0,1782359264.8712316,0.0023453235626220703
74855,normal,1354,1,1782359264.8730252,0.0017936229705810547
74856,normal,2380,0,1782359264.8751006,0.0020754337310791016
74857,normal,1649,0,1782359264.8771083,0.002007722854614258
74858,normal,1232,0,1782359264.8790188,0.0019104480743408203
74859,normal,2612,0,1782359264.8810768,0.0020580291748046875
74860,normal,970,2,1782359264.8839855,0.0029087066650390625
74861,normal,1415,0,1782359264.8849266,0.0009410381317138672
74862,normal,2444,0,1782359264.8870277,0.0021011829376220703
74863,normal,3559,0,1782359264.8890018,0.0019741058349609375
74864,normal,2062,0,1782359264.891198,0.002196073532104492
74865,normal,1894,0,1782359264.8928986,0.0017006397247314453
74866,normal,1259,0,1782359264.8962214,0.0033228397369384766
74867,normal,232,0,1782359264.8969574,0.0007359981536865234
74868,normal,1093,0,1782359264.8988771,0.0019197463989257812
74869,normal,896,2,1782359264.901145,0.0022678375244140625
74870,normal,1764,0,1782359264.903025,0.0018799304962158203
74871,normal,516,0,1782359264.9048965,0.0018715858459472656
74872,normal,3028,0,1782359264.907089,0.0021924972534179688
74873,normal,2854,0,1782359264.9090245,0.0019354820251464844
74874,normal,495,0,1782359264.9109328,0.0019083023071289062
74875,normal,2759,0,1782359264.913991,0.003058195114135742
74876,normal,1035,0,1782359264.9148712,0.0008802413940429688
74877,normal,295,0,1782359264.9168706,0.001999378204345703
74878,normal,1256,0,1782359264.9190836,0.002213001251220703
74879,normal,124,0,1782359264.9212465,0.002162933349609375
74880,normal,1455,0,1782359264.9228754,0.001628875732421875
74881,normal,115,0,1782359264.9257097,0.002834320068359375
74882,normal,2425,0,1782359264.9268978,0.001188039779663086
74883,normal,840,2,1782359264.929084,0.002186298370361328
74884,normal,1224,0,1782359264.9309857,0.0019016265869140625
74885,normal,783,2,1782359264.9332323,0.0022466182708740234
74886,normal,617,0,1782359264.9348788,0.0016465187072753906
74887,normal,781,2,1782359264.9372718,0.002393007278442383
74888,normal,1439,0,1782359264.9389036,0.0016317367553710938
74889,normal,607,0,1782359264.9408798,0.0019762516021728516
74890,normal,478,0,1782359264.9429653,0.002085447311401367
74891,normal,895,2,1782359264.9450622,0.002096891403198242
74892,normal,2700,0,1782359264.9468756,0.0018134117126464844
74893,normal,2647,0,1782359264.949191,0.002315521240234375
74894,normal,2281,0,1782359264.9510124,0.001821279525756836
74895,normal,3262,1,1782359264.9530811,0.002068758010864258
74896,normal,595,0,1782359264.9549673,0.001886129379272461
74897,normal,925,2,1782359264.957183,0.0022156238555908203
74898,normal,2070,0,1782359264.9588761,0.0016932487487792969
74899,normal,2990,0,1782359264.9612062,0.0023300647735595703
74900,normal,2850,0,1782359264.9630067,0.001800537109375
74901,normal,3249,1,1782359264.9650588,0.0020520687103271484
74902,normal,1992,0,1782359264.966829,0.0017702579498291016
74903,normal,1211,0,1782359264.9691226,0.0022935867309570312
74904,normal,1932,0,1782359264.9708452,0.001722574234008789
74905,normal,3530,0,1782359264.9728303,0.0019850730895996094
74906,normal,2671,0,1782359264.9749575,0.0021271705627441406
74907,normal,3515,0,1782359264.9768035,0.0018460750579833984
74908,normal,2740,0,1782359264.9788039,0.0020003318786621094
74909,normal,658,0,1782359264.9808965,0.002092599868774414
74910,normal,2988,0,1782359264.9827867,0.0018901824951171875
74911,normal,3312,1,1782359264.9847915,0.002004861831665039
74912,normal,1893,0,1782359264.9868257,0.0020341873168945312
74913,normal,2771,0,1782359264.9887831,0.001957416534423828
74914,normal,1790,0,1782359264.990789,0.0020058155059814453
74915,normal,204,0,1782359264.9928412,0.00205230712890625
74916,normal,2191,0,1782359264.994804,0.0019626617431640625
74917,normal,1857,0,1782359264.996788,0.001984119415283203
74918,normal,2833,0,1782359264.9988265,0.0020384788513183594
74919,normal,1009,2,1782359265.0008068,0.001980304718017578
74920,normal,425,0,1782359265.0027897,0.0019829273223876953
74921,normal,870,2,1782359265.0048416,0.002051830291748047
74922,normal,1889,0,1782359265.006802,0.0019605159759521484
74923,normal,71,0,1782359265.008792,0.0019898414611816406
74924,normal,2001,0,1782359265.0108154,0.002023458480834961
74925,normal,1313,0,1782359265.0128067,0.00199127197265625
74926,normal,2709,0,1782359265.0150769,0.002270221710205078
74927,normal,1672,0,1782359265.0169659,0.0018889904022216797
74928,normal,1264,0,1782359265.018865,0.0018992424011230469
74929,normal,514,0,1782359265.0208123,0.001947164535522461
74930,normal,3374,1,1782359265.022845,0.002032756805419922
74931,normal,3553,0,1782359265.0248055,0.0019605159759521484
74932,normal,286,0,1782359265.0269887,0.002183198928833008
74933,normal,688,0,1782359265.028856,0.0018672943115234375
74934,normal,3078,1,1782359265.0307965,0.0019404888153076172
74935,normal,2549,0,1782359265.0328794,0.00208282470703125
74936,normal,1073,0,1782359265.034855,0.001975536346435547
74937,normal,2030,0,1782359265.0369534,0.002098560333251953
74938,normal,1202,0,1782359265.03888,0.0019266605377197266
74939,normal,3572,0,1782359265.0409963,0.0021162033081054688
74940,normal,3602,0,1782359265.0428376,0.0018413066864013672
74941,normal,3259,1,1782359265.0450137,0.002176046371459961
74942,normal,1377,1,1782359265.0468757,0.0018620491027832031
74943,normal,3162,1,1782359265.0489962,0.002120494842529297
74944,normal,1132,0,1782359265.0508652,0.0018689632415771484
74945,normal,2507,0,1782359265.0530343,0.0021691322326660156
74946,normal,1481,0,1782359265.054841,0.0018067359924316406
74947,normal,1051,0,1782359265.057014,0.0021729469299316406
74948,normal,1850,0,1782359265.0589678,0.0019538402557373047
74949,normal,3206,1,1782359265.0608377,0.0018699169158935547
74950,normal,3031,0,1782359265.0629046,0.0020668506622314453
74951,normal,1679,0,1782359265.0649683,0.002063751220703125
74952,normal,1858,0,1782359265.0668514,0.0018830299377441406
74953,normal,3290,1,1782359265.068972,0.0021207332611083984
74954,normal,355,0,1782359265.070998,0.0020258426666259766
74955,normal,1130,0,1782359265.0728376,0.0018396377563476562
74956,normal,3230,1,1782359265.0750053,0.0021677017211914062
74957,normal,490,0,1782359265.0770166,0.0020112991333007812
74958,normal,3323,1,1782359265.078838,0.0018215179443359375
74959,normal,2177,0,1782359265.0810506,0.0022125244140625
74960,normal,1637,0,1782359265.0830076,0.001956939697265625
74961,normal,943,2,1782359265.084857,0.0018494129180908203
74962,normal,3328,1,1782359265.0870304,0.0021734237670898438
74963,normal,3016,0,1782359265.0889914,0.0019609928131103516
74964,normal,1737,0,1782359265.0908532,0.0018618106842041016
74965,normal,239,0,1782359265.093051,0.002197742462158203
74966,normal,592,0,1782359265.0948648,0.0018138885498046875
74967,normal,3603,0,1782359265.0968683,0.0020034313201904297
74968,normal,2788,0,1782359265.0989232,0.002054929733276367
74969,normal,3576,0,1782359265.1009893,0.0020661354064941406
74970,normal,469,0,1782359265.1028247,0.0018353462219238281
74971,normal,558,0,1782359265.1049242,0.0020995140075683594
74972,normal,705,0,1782359265.1069858,0.002061605453491211
74973,normal,660,0,1782359265.108865,0.0018792152404785156
74974,normal,2741,0,1782359265.1108508,0.001985788345336914
74975,normal,1652,0,1782359265.1130006,0.002149820327758789
74976,normal,618,0,1782359265.1148276,0.0018270015716552734
74977,normal,2540,0,1782359265.1168993,0.0020716190338134766
74978,normal,2032,0,1782359265.118988,0.002088785171508789
74979,normal,1381,1,1782359265.120825,0.001837015151977539
74980,normal,2008,0,1782359265.1229322,0.0021071434020996094
74981,normal,2325,0,1782359265.1249964,0.002064228057861328
74982,normal,1177,0,1782359265.1268263,0.0018298625946044922
74983,normal,2016,0,1782359265.1289322,0.0021059513092041016
74984,normal,687,0,1782359265.130982,0.002049684524536133
74985,normal,168,0,1782359265.1328244,0.001842498779296875
74986,normal,752,0,1782359265.1348708,0.002046346664428711
74987,normal,421,0,1782359265.1370218,0.002151012420654297
74988,normal,1362,1,1782359265.1388288,0.0018069744110107422
74989,normal,2434,0,1782359265.1408887,0.0020599365234375
74990,normal,2297,0,1782359265.14299,0.002101421356201172
74991,normal,2447,0,1782359265.1448274,0.0018372535705566406
74992,normal,468,0,1782359265.146945,0.002117633819580078
74993,normal,738,0,1782359265.1490026,0.0020575523376464844
74994,normal,3350,1,1782359265.1508265,0.0018239021301269531
74995,normal,3492,0,1782359265.1529422,0.0021157264709472656
74996,normal,1059,0,1782359265.1550193,0.0020771026611328125
74997,normal,2955,0,1782359265.1568449,0.001825571060180664
74998,normal,3324,1,1782359265.1590652,0.0022203922271728516
74999,normal,1321,1,1782359265.161037,0.001971721649169922
75000,normal,2847,0,1782359265.1628299,0.00179290771484375
75001,normal,529,0,1782359265.1650605,0.0022306442260742188
75002,normal,1487,0,1782359265.1670346,0.0019741058349609375
75003,normal,3438,0,1782359265.1688466,0.001811981201171875
75004,normal,3558,0,1782359265.171057,0.002210378646850586
75005,normal,2804,0,1782359265.1730034,0.0019464492797851562
75006,normal,3469,0,1782359265.1748326,0.0018291473388671875
75007,normal,2022,0,1782359265.1770575,0.0022249221801757812
75008,normal,881,2,1782359265.178991,0.0019335746765136719
75009,normal,785,2,1782359265.180828,0.001837015151977539
75010,normal,515,0,1782359265.1830409,0.0022127628326416016
75011,normal,1334,1,1782359265.1850085,0.0019676685333251953
75012,normal,2689,0,1782359265.1868324,0.0018239021301269531
75013,normal,3497,0,1782359265.189088,0.002255678176879883
75014,normal,2410,0,1782359265.1909575,0.0018694400787353516
75015,normal,1081,0,1782359265.1928287,0.0018711090087890625
75016,normal,2823,0,1782359265.1950705,0.002241849899291992
75017,normal,893,2,1782359265.1970797,0.002009153366088867
75018,normal,2840,0,1782359265.1988273,0.0017476081848144531
75019,normal,1040,0,1782359265.2011323,0.0023050308227539062
75020,normal,606,0,1782359265.2029576,0.0018253326416015625
75021,normal,2013,0,1782359265.2048447,0.0018870830535888672
75022,normal,2634,0,1782359265.2069502,0.0021054744720458984
75023,normal,2025,0,1782359265.209017,0.0020668506622314453
75024,normal,3137,1,1782359265.2108262,0.0018091201782226562
75025,normal,3061,1,1782359265.213069,0.0022428035736083984
75026,normal,809,2,1782359265.214901,0.0018320083618164062
75027,normal,3139,1,1782359265.2168825,0.001981496810913086
75028,normal,858,2,1782359265.2192166,0.002334117889404297
75029,normal,1892,0,1782359265.2210643,0.0018477439880371094
75030,normal,3110,1,1782359265.2228882,0.0018239021301269531
75031,normal,2052,0,1782359265.2251987,0.002310514450073242
75032,normal,1643,0,1782359265.2269225,0.0017237663269042969
75033,normal,2092,0,1782359265.2288802,0.0019576549530029297
75034,normal,1975,0,1782359265.2319963,0.003116130828857422
75035,normal,3244,1,1782359265.23289,0.0008935928344726562
75036,normal,3419,0,1782359265.234878,0.0019881725311279297
75037,normal,212,0,1782359265.2372053,0.0023272037506103516
75038,normal,2719,0,1782359265.2388823,0.0016770362854003906
75039,normal,2970,0,1782359265.2410796,0.002197265625
75040,normal,2805,0,1782359265.2439587,0.0028791427612304688
75041,normal,12,0,1782359265.2448816,0.0009229183197021484
75042,normal,2089,0,1782359265.2472153,0.0023336410522460938
75043,normal,32,0,1782359265.248966,0.0017507076263427734
75044,normal,802,2,1782359265.2511995,0.0022335052490234375
75045,normal,254,0,1782359265.2528803,0.0016808509826660156
75046,normal,2885,0,1782359265.2552845,0.0024042129516601562
75047,normal,3680,0,1782359265.2568824,0.0015978813171386719
75048,normal,2044,0,1782359265.2590587,0.0021762847900390625
75049,normal,327,0,1782359265.2611337,0.0020749568939208984
75050,normal,3297,1,1782359265.2630792,0.00194549560546875
75051,normal,2006,0,1782359265.2650957,0.0020165443420410156
75052,normal,1200,0,1782359265.2669718,0.0018761157989501953
75053,normal,2641,0,1782359265.2691927,0.0022208690643310547
75054,normal,2294,0,1782359265.2708907,0.0016980171203613281
75055,normal,1973,0,1782359265.2733517,0.002460956573486328
75056,normal,135,0,1782359265.274888,0.0015363693237304688
75057,normal,3334,1,1782359265.2770743,0.002186298370361328
75058,normal,456,0,1782359265.279151,0.0020766258239746094
75059,normal,1484,0,1782359265.2810807,0.0019297599792480469
75060,normal,2159,0,1782359265.2828882,0.0018074512481689453
75061,normal,2091,0,1782359265.2863212,0.0034329891204833984
75062,normal,3316,1,1782359265.2870047,0.0006835460662841797
75063,normal,1976,0,1782359265.2888803,0.0018756389617919922
75064,normal,3488,0,1782359265.291327,0.0024466514587402344
75065,normal,732,0,1782359265.2929,0.0015730857849121094
75066,normal,669,0,1782359265.2951837,0.0022835731506347656
75067,normal,1176,0,1782359265.2969928,0.0018091201782226562
75068,normal,3330,1,1782359265.3001983,0.003205537796020508
75069,normal,2332,0,1782359265.3010657,0.0008673667907714844
75070,normal,747,0,1782359265.3033342,0.002268552780151367
75071,normal,3119,1,1782359265.3053942,0.0020599365234375
75072,normal,2843,0,1782359265.3074293,0.0020351409912109375
75073,normal,74,0,1782359265.3091567,0.0017273426055908203
75074,normal,768,0,1782359265.3122628,0.0031061172485351562
75075,normal,1489,0,1782359265.3128862,0.0006234645843505859
75076,normal,2655,0,1782359265.3151798,0.0022935867309570312
75077,normal,2301,0,1782359265.3171828,0.0020029544830322266
75078,normal,2096,0,1782359265.3194363,0.0022535324096679688
75079,normal,377,0,1782359265.3218658,0.002429485321044922
75080,normal,3420,0,1782359265.324036,0.002170085906982422
75081,normal,593,0,1782359265.325582,0.0015461444854736328
75082,normal,613,0,1782359265.327596,0.0020139217376708984
75083,normal,3243,1,1782359265.3300598,0.002463817596435547
75084,normal,2499,0,1782359265.330896,0.0008361339569091797
75085,normal,2814,0,1782359265.3331797,0.002283811569213867
75086,normal,323,0,1782359265.336027,0.0028471946716308594
75087,normal,3149,1,1782359265.3375325,0.0015056133270263672
75088,normal,140,0,1782359265.3395774,0.0020449161529541016
75089,normal,1538,0,1782359265.3421142,0.002536773681640625
75090,normal,3347,1,1782359265.343692,0.0015778541564941406
75091,normal,2366,0,1782359265.3455887,0.0018966197967529297
75092,normal,2443,0,1782359265.3481107,0.002521991729736328
75093,normal,900,2,1782359265.3488631,0.0007524490356445312
75094,normal,53,0,1782359265.3508396,0.001976490020751953
75095,normal,2058,0,1782359265.352798,0.0019583702087402344
75096,normal,976,2,1782359265.3548071,0.002009153366088867
75097,normal,2984,0,1782359265.3572257,0.00241851806640625
75098,normal,2487,0,1782359265.3589423,0.00171661376953125
75099,normal,2388,0,1782359265.3611221,0.002179861068725586
75100,normal,2116,0,1782359265.3630035,0.0018813610076904297
75101,normal,1847,0,1782359265.3652105,0.002207040786743164
75102,normal,252,0,1782359265.366883,0.001672506332397461
75103,normal,2303,0,1782359265.368972,0.0020890235900878906
75104,normal,1416,0,1782359265.371075,0.0021028518676757812
75105,normal,3027,0,1782359265.3728497,0.0017747879028320312
75106,normal,3686,0,1782359265.3750162,0.0021665096282958984
75107,normal,2556,0,1782359265.3770087,0.001992464065551758
75108,normal,1603,0,1782359265.3788273,0.0018186569213867188
75109,normal,719,0,1782359265.3810318,0.002204418182373047
75110,normal,3709,0,1782359265.3828833,0.0018515586853027344
75111,normal,75,0,1782359265.3849623,0.002079010009765625
75112,normal,2578,0,1782359265.3868587,0.0018963813781738281
75113,normal,2857,0,1782359265.3889725,0.002113819122314453
75114,normal,3582,0,1782359265.3908167,0.001844167709350586
75115,normal,2079,0,1782359265.3930132,0.0021965503692626953
75116,normal,1887,0,1782359265.3949597,0.0019464492797851562
75117,normal,1418,0,1782359265.3968315,0.0018718242645263672
75118,normal,2469,0,1782359265.39893,0.002098560333251953
75119,normal,2101,0,1782359265.400983,0.0020530223846435547
75120,normal,1344,1,1782359265.4028282,0.0018451213836669922
75121,normal,2767,0,1782359265.4050136,0.002185344696044922
75122,normal,1188,0,1782359265.406964,0.0019505023956298828
75123,normal,3258,1,1782359265.4088182,0.0018541812896728516
75124,normal,1017,2,1782359265.4109318,0.0021135807037353516
75125,normal,3088,1,1782359265.4129686,0.0020368099212646484
75126,normal,3570,0,1782359265.4148135,0.0018448829650878906
75127,normal,3156,1,1782359265.417046,0.0022325515747070312
75128,normal,1566,0,1782359265.4189847,0.0019385814666748047
75129,normal,1393,0,1782359265.4208238,0.0018391609191894531
75130,normal,1754,0,1782359265.423015,0.002191305160522461
75131,normal,460,0,1782359265.4249642,0.0019490718841552734
75132,normal,1736,0,1782359265.4268167,0.0018525123596191406
75133,normal,3024,0,1782359265.429014,0.002197265625
75134,normal,2087,0,1782359265.430967,0.001953125
75135,normal,584,0,1782359265.4328136,0.0018465518951416016
75136,normal,3452,0,1782359265.4350123,0.0021986961364746094
75137,normal,2166,0,1782359265.436966,0.001953601837158203
75138,normal,3068,1,1782359265.4388127,0.0018467903137207031
75139,normal,3284,1,1782359265.4410279,0.002215147018432617
75140,normal,526,0,1782359265.4429648,0.0019369125366210938
75141,normal,1731,0,1782359265.4448144,0.0018496513366699219
75142,normal,541,0,1782359265.447047,0.0022325515747070312
75143,normal,121,0,1782359265.4490173,0.0019702911376953125
75144,normal,3489,0,1782359265.4508243,0.0018069744110107422
75145,normal,3388,1,1782359265.452931,0.0021066665649414062
75146,normal,2807,0,1782359265.4549632,0.0020322799682617188
75147,normal,3540,0,1782359265.4568481,0.0018849372863769531
75148,normal,1062,0,1782359265.4589403,0.002092123031616211
75149,normal,2752,0,1782359265.4609573,0.0020170211791992188
75150,normal,1070,0,1782359265.4628315,0.0018742084503173828
75151,normal,2461,0,1782359265.464907,0.0020754337310791016
75152,normal,3042,0,1782359265.4669843,0.002077341079711914
75153,normal,3100,1,1782359265.4688492,0.0018649101257324219
75154,normal,939,2,1782359265.4709246,0.0020754337310791016
75155,normal,813,2,1782359265.4729996,0.0020749568939208984
75156,normal,2860,0,1782359265.4748263,0.0018267631530761719
75157,normal,2798,0,1782359265.476848,0.0020215511322021484
75158,normal,2230,0,1782359265.4788785,0.002030611038208008
75159,normal,1125,0,1782359265.4808266,0.0019481182098388672
75160,normal,1145,0,1782359265.4827852,0.001958608627319336
75161,normal,2853,0,1782359265.484974,0.0021886825561523438
75162,normal,391,0,1782359265.4868371,0.001863241195678711
75163,normal,1721,0,1782359265.4889557,0.0021185874938964844
75164,normal,3306,1,1782359265.4909587,0.0020029544830322266
75165,normal,1054,0,1782359265.4928176,0.0018589496612548828
75166,normal,845,2,1782359265.4948733,0.002055644989013672
75167,normal,540,0,1782359265.496877,0.0020036697387695312
75168,normal,3426,0,1782359265.498843,0.0019659996032714844
75169,normal,340,0,1782359265.5008092,0.001966238021850586
75170,normal,1270,0,1782359265.5029566,0.0021474361419677734
75171,normal,2610,0,1782359265.5047922,0.0018355846405029297
75172,normal,3004,0,1782359265.5068657,0.002073526382446289
75173,normal,2547,0,1782359265.5088558,0.001990079879760742
75174,normal,2427,0,1782359265.5108674,0.002011537551879883
75175,normal,716,0,1782359265.512856,0.001988649368286133
75176,normal,437,0,1782359265.5149548,0.0020987987518310547
75177,normal,1033,0,1782359265.5168147,0.001859903335571289
75178,normal,3646,0,1782359265.5187943,0.0019795894622802734
75179,normal,1969,0,1782359265.520821,0.002026796340942383
75180,normal,3468,0,1782359265.5228224,0.0020012855529785156
75181,normal,2346,0,1782359265.5247884,0.0019659996032714844
75182,normal,1311,0,1782359265.526856,0.00206756591796875
75183,normal,1621,0,1782359265.5288107,0.001954793930053711
75184,normal,27,0,1782359265.5308092,0.001998424530029297
75185,normal,2090,0,1782359265.5328588,0.002049684524536133
75186,normal,3146,1,1782359265.5348103,0.001951456069946289
75187,normal,1735,0,1782359265.5368466,0.0020363330841064453
75188,normal,1371,1,1782359265.5389392,0.002092599868774414
75189,normal,2834,0,1782359265.5408182,0.001878976821899414
75190,normal,666,0,1782359265.5430133,0.002195119857788086
75191,normal,1288,0,1782359265.5450168,0.0020034313201904297
75192,normal,863,2,1782359265.5468383,0.0018215179443359375
75193,normal,2690,0,1782359265.548975,0.002136707305908203
75194,normal,2962,0,1782359265.5509405,0.0019655227661132812
75195,normal,2221,0,1782359265.552836,0.0018954277038574219
75196,normal,2916,0,1782359265.5549438,0.002107858657836914
75197,normal,3293,1,1782359265.556943,0.0019991397857666016
75198,normal,36,0,1782359265.5588343,0.0018913745880126953
75199,normal,1919,0,1782359265.560957,0.002122640609741211
75200,normal,1714,0,1782359265.5629423,0.001985311508178711
75201,normal,3506,0,1782359265.5648346,0.0018923282623291016
75202,normal,2937,0,1782359265.5669515,0.0021169185638427734
75203,normal,368,0,1782359265.5689855,0.0020339488983154297
75204,normal,156,0,1782359265.5708396,0.0018541812896728516
75205,normal,1032,0,1782359265.5729496,0.002110004425048828
75206,normal,2162,0,1782359265.57494,0.0019903182983398438
75207,normal,640,0,1782359265.5768301,0.0018901824951171875
75208,normal,1468,0,1782359265.5789547,0.0021245479583740234
75209,normal,3053,1,1782359265.5809398,0.0019850730895996094
75210,normal,718,0,1782359265.582832,0.0018923282623291016
75211,normal,1044,0,1782359265.584955,0.0021228790283203125
75212,normal,2274,0,1782359265.586942,0.001986980438232422
75213,normal,2539,0,1782359265.5888333,0.0018913745880126953
75214,normal,2144,0,1782359265.5909555,0.002122163772583008
75215,normal,2225,0,1782359265.5929852,0.0020296573638916016
75216,normal,3072,1,1782359265.5948398,0.0018546581268310547
75217,normal,310,0,1782359265.5969996,0.0021598339080810547
75218,normal,1240,0,1782359265.5989945,0.0019948482513427734
75219,normal,1859,0,1782359265.6008396,0.0018451213836669922
75220,normal,316,0,1782359265.6028528,0.0020132064819335938
75221,normal,3574,0,1782359265.6049418,0.0020890235900878906
75222,normal,2892,0,1782359265.6069002,0.0019583702087402344
75223,normal,1361,1,1782359265.6094282,0.002527952194213867
75224,normal,603,0,1782359265.6115937,0.002165555953979492
75225,normal,2654,0,1782359265.613468,0.0018742084503173828
75226,normal,2150,0,1782359265.6148882,0.0014202594757080078
75227,normal,2026,0,1782359265.6174746,0.00258636474609375
75228,normal,279,0,1782359265.61887,0.0013954639434814453
75229,normal,2339,0,1782359265.6215959,0.002725839614868164
75230,normal,2342,0,1782359265.6242456,0.0026497840881347656
75231,normal,2183,0,1782359265.6250832,0.0008375644683837891
75232,normal,2012,0,1782359265.6273122,0.002228975296020508
75233,normal,611,0,1782359265.6301534,0.0028412342071533203
75234,normal,3336,1,1782359265.6308806,0.0007271766662597656
75235,normal,2591,0,1782359265.6333296,0.00244903564453125
75236,normal,3499,0,1782359265.6354725,0.0021429061889648438
75237,normal,535,0,1782359265.6372068,0.0017342567443847656
75238,normal,2256,0,1782359265.6393156,0.0021088123321533203
75239,normal,1827,0,1782359265.6413116,0.0019960403442382812
75240,normal,2176,0,1782359265.6436555,0.002343893051147461
75241,normal,894,2,1782359265.6453485,0.0016930103302001953
75242,normal,842,2,1782359265.647434,0.002085447311401367
75243,normal,2473,0,1782359265.649317,0.0018830299377441406
75244,normal,676,0,1782359265.6511695,0.0018525123596191406
75245,normal,1520,0,1782359265.6533458,0.0021762847900390625
75246,normal,1231,0,1782359265.6553018,0.0019559860229492188
75247,normal,1222,0,1782359265.6573164,0.002014636993408203
75248,normal,3292,1,1782359265.6592731,0.0019567012786865234
75249,normal,2867,0,1782359265.6615539,0.002280712127685547
75250,normal,1629,0,1782359265.663737,0.002183198928833008
75251,normal,1293,0,1782359265.665873,0.0021359920501708984
75252,normal,533,0,1782359265.6674404,0.0015673637390136719
75253,normal,1931,0,1782359265.669618,0.0021774768829345703
75254,normal,1329,1,1782359265.672127,0.0025091171264648438
75255,normal,1783,0,1782359265.6728578,0.0007307529449462891
75256,normal,1397,0,1782359265.6751435,0.0022857189178466797
75257,normal,1533,0,1782359265.67746,0.0023164749145507812
75258,normal,571,0,1782359265.6794324,0.0019724369049072266
75259,normal,1257,0,1782359265.6813881,0.001955747604370117
75260,normal,3037,0,1782359265.683376,0.001987934112548828
75261,normal,1910,0,1782359265.6857271,0.002351045608520508
75262,normal,2607,0,1782359265.6878822,0.0021550655364990234
75263,normal,2024,0,1782359265.6896276,0.001745462417602539
75264,normal,394,0,1782359265.690894,0.0012662410736083984
75265,normal,1295,0,1782359265.692832,0.0019381046295166016
75266,normal,1117,0,1782359265.6950057,0.0021736621856689453
75267,normal,2047,0,1782359265.6968231,0.001817464828491211
75268,normal,2726,0,1782359265.6989632,0.002140045166015625
75269,normal,1804,0,1782359265.7009544,0.00199127197265625
75270,normal,993,2,1782359265.7028084,0.00185394287109375
75271,normal,72,0,1782359265.7050865,0.0022780895233154297
75272,normal,1952,0,1782359265.7068064,0.0017199516296386719
75273,normal,1166,0,1782359265.7090385,0.002232074737548828
75274,normal,1404,0,1782359265.7108471,0.0018086433410644531
75275,normal,117,0,1782359265.7130375,0.0021903514862060547
75276,normal,577,0,1782359265.7148461,0.0018086433410644531
75277,normal,3274,1,1782359265.7170734,0.002227306365966797
75278,normal,1978,0,1782359265.7188373,0.0017638206481933594
75279,normal,1933,0,1782359265.7208455,0.002008199691772461
75280,normal,2341,0,1782359265.7230756,0.0022301673889160156
75281,normal,298,0,1782359265.7248366,0.0017609596252441406
75282,normal,985,2,1782359265.7270794,0.0022428035736083984
75283,normal,3327,1,1782359265.7288713,0.0017919540405273438
75284,normal,14,0,1782359265.7310638,0.0021924972534179688
75285,normal,217,0,1782359265.7328787,0.0018148422241210938
75286,normal,1755,0,1782359265.735201,0.0023221969604492188
75287,normal,3174,1,1782359265.7370112,0.001810312271118164
75288,normal,744,0,1782359265.7390747,0.0020635128021240234
75289,normal,208,0,1782359265.7410119,0.0019371509552001953
75290,normal,2795,0,1782359265.7431629,0.002151012420654297
75291,normal,363,0,1782359265.7448683,0.0017054080963134766
75292,normal,3147,1,1782359265.7471743,0.0023059844970703125
75293,normal,3342,1,1782359265.7490118,0.0018374919891357422
75294,normal,3332,1,1782359265.7508717,0.001859903335571289
75295,normal,1294,0,1782359265.7531798,0.0023081302642822266
75296,normal,3081,1,1782359265.755008,0.0018281936645507812
75297,normal,739,0,1782359265.7577162,0.0027081966400146484
75298,normal,797,2,1782359265.760611,0.002894878387451172
75299,normal,764,0,1782359265.7610977,0.00048661231994628906
75300,normal,1635,0,1782359265.7635586,0.002460956573486328
75301,normal,668,0,1782359265.765606,0.002047300338745117
75302,normal,3682,0,1782359265.768161,0.0025551319122314453
75303,normal,3195,1,1782359265.76986,0.0016989707946777344
75304,normal,3296,1,1782359265.771816,0.0019559860229492188
75305,normal,250,0,1782359265.7740948,0.0022788047790527344
75306,normal,3509,0,1782359265.7756472,0.0015523433685302734
75307,normal,1880,0,1782359265.7778728,0.002225637435913086
75308,normal,2931,0,1782359265.7794368,0.00156402587890625
75309,normal,854,2,1782359265.7814233,0.0019865036010742188
75310,normal,1579,0,1782359265.783165,0.001741647720336914
75311,normal,249,0,1782359265.7854493,0.0022842884063720703
75312,normal,3687,0,1782359265.787442,0.0019927024841308594
75313,normal,2259,0,1782359265.7893882,0.0019462108612060547
75314,normal,1831,0,1782359265.7914433,0.0020551681518554688
75315,normal,2701,0,1782359265.7933643,0.001920938491821289
75316,normal,2352,0,1782359265.7952445,0.0018801689147949219
75317,normal,1728,0,1782359265.7973874,0.0021429061889648438
75318,normal,2037,0,1782359265.7994685,0.002081155776977539
75319,normal,1732,0,1782359265.8016312,0.0021626949310302734
75320,normal,3459,0,1782359265.8036475,0.002016305923461914
75321,normal,1784,0,1782359265.80577,0.0021224021911621094
75322,normal,1048,0,1782359265.8078403,0.0020704269409179688
75323,normal,1330,1,1782359265.8095303,0.001689910888671875
75324,normal,3090,1,1782359265.8116982,0.002167940139770508
75325,normal,2544,0,1782359265.8137994,0.0021011829376220703
75326,normal,2584,0,1782359265.8155375,0.0017380714416503906
75327,normal,2731,0,1782359265.8177383,0.0022008419036865234
75328,normal,137,0,1782359265.8198466,0.002108335494995117
75329,normal,2010,0,1782359265.8220983,0.0022516250610351562
75330,normal,2266,0,1782359265.8238287,0.0017304420471191406
75331,normal,856,2,1782359265.8258936,0.002064943313598633
75332,normal,365,0,1782359265.8281128,0.0022192001342773438
75333,normal,866,2,1782359265.8298414,0.0017285346984863281
75334,normal,1252,0,1782359265.8308678,0.0010263919830322266
75335,normal,1959,0,1782359265.834165,0.0032973289489746094
75336,normal,1738,0,1782359265.8357987,0.0016336441040039062
75337,normal,3429,0,1782359265.8377962,0.0019974708557128906
75338,normal,1171,0,1782359265.8395216,0.0017254352569580078
75339,normal,22,0,1782359265.841887,0.0023653507232666016
75340,normal,494,0,1782359265.8446157,0.002728700637817383
75341,normal,3014,0,1782359265.8448112,0.00019550323486328125
75342,normal,3160,1,1782359265.8470767,0.002265453338623047
75343,normal,1480,0,1782359265.849163,0.0020864009857177734
75344,normal,1922,0,1782359265.8514922,0.002329111099243164
75345,normal,400,0,1782359265.8528795,0.0013873577117919922
75346,normal,1535,0,1782359265.8556488,0.0027692317962646484
75347,normal,196,0,1782359265.8574517,0.0018029212951660156
75348,normal,2197,0,1782359265.8594105,0.0019588470458984375
75349,normal,2452,0,1782359265.861085,0.0016744136810302734
75350,normal,3267,1,1782359265.8637383,0.002653360366821289
75351,normal,3364,1,1782359265.8654878,0.0017495155334472656
75352,normal,231,0,1782359265.8677566,0.0022687911987304688
75353,normal,2919,0,1782359265.8689663,0.0012097358703613281
75354,normal,225,0,1782359265.8708863,0.0019199848175048828
75355,normal,3387,1,1782359265.8728402,0.0019538402557373047
75356,normal,2602,0,1782359265.8752348,0.0023946762084960938
75357,normal,590,0,1782359265.8768497,0.0016148090362548828
75358,normal,839,2,1782359265.879018,0.002168416976928711
75359,normal,2431,0,1782359265.8809905,0.0019724369049072266
75360,normal,238,0,1782359265.8828337,0.0018432140350341797
75361,normal,2668,0,1782359265.8849697,0.0021359920501708984
75362,normal,2877,0,1782359265.8869874,0.0020177364349365234
75363,normal,737,0,1782359265.8888538,0.0018663406372070312
75364,normal,630,0,1782359265.8910263,0.0021724700927734375
75365,normal,2265,0,1782359265.892967,0.0019407272338867188
75366,normal,3250,1,1782359265.894846,0.001878976821899414
75367,normal,3557,0,1782359265.897055,0.0022089481353759766
75368,normal,2876,0,1782359265.8989923,0.0019373893737792969
75369,normal,415,0,1782359265.9008243,0.0018320083618164062
75370,normal,974,2,1782359265.9029617,0.002137422561645508
75371,normal,2078,0,1782359265.9050562,0.0020945072174072266
75372,normal,3627,0,1782359265.9068465,0.0017902851104736328
75373,normal,1845,0,1782359265.9090545,0.0022079944610595703
75374,normal,657,0,1782359265.9110103,0.001955747604370117
75375,normal,636,0,1782359265.9128647,0.0018544197082519531
75376,normal,1221,0,1782359265.9150152,0.0021505355834960938
75377,normal,2290,0,1782359265.9170275,0.0020122528076171875
75378,normal,1450,0,1782359265.9188366,0.0018091201782226562
75379,normal,2250,0,1782359265.9209778,0.002141237258911133
75380,normal,2482,0,1782359265.9229755,0.001997709274291992
75381,normal,663,0,1782359265.9248304,0.0018548965454101562
75382,normal,2901,0,1782359265.927033,0.0022025108337402344
75383,normal,1528,0,1782359265.9289799,0.0019469261169433594
75384,normal,1192,0,1782359265.9308312,0.0018513202667236328
75385,normal,1765,0,1782359265.933029,0.002197742462158203
75386,normal,877,2,1782359265.9349778,0.0019488334655761719
75387,normal,159,0,1782359265.9368298,0.0018520355224609375
75388,normal,138,0,1782359265.939039,0.002209186553955078
75389,normal,443,0,1782359265.9408479,0.0018088817596435547
75390,normal,1183,0,1782359265.9428518,0.002003908157348633
75391,normal,1419,0,1782359265.945072,0.00222015380859375
75392,normal,1351,1,1782359265.9469721,0.0019001960754394531
75393,normal,2198,0,1782359265.9489708,0.0019986629486083984
75394,normal,1581,0,1782359265.9509847,0.0020139217376708984
75395,normal,181,0,1782359265.9530494,0.0020647048950195312
75396,normal,2214,0,1782359265.9548354,0.0017859935760498047
75397,normal,3356,1,1782359265.9570487,0.0022132396697998047
75398,normal,2837,0,1782359265.9590328,0.001984119415283203
75399,normal,1970,0,1782359265.9608393,0.001806497573852539
75400,normal,937,2,1782359265.9630527,0.0022134780883789062
75401,normal,715,0,1782359265.9649992,0.0019464492797851562
75402,normal,1120,0,1782359265.9668434,0.001844167709350586
75403,normal,3286,1,1782359265.969048,0.0022046566009521484
75404,normal,1191,0,1782359265.9708376,0.0017895698547363281
75405,normal,2599,0,1782359265.972991,0.0021533966064453125
75406,normal,2791,0,1782359265.9749353,0.0019443035125732422
75407,normal,2971,0,1782359265.9769769,0.0020415782928466797
75408,normal,3077,1,1782359265.9788313,0.0018544197082519531
75409,normal,1541,0,1782359265.9811144,0.0022830963134765625
75410,normal,1604,0,1782359265.9830077,0.0018932819366455078
75411,normal,3040,0,1782359265.9848225,0.0018148422241210938
75412,normal,920,2,1782359265.9871643,0.002341747283935547
75413,normal,1646,0,1782359265.988901,0.0017366409301757812
75414,normal,2696,0,1782359265.9910667,0.0021657943725585938
75415,normal,2636,0,1782359265.9929733,0.0019066333770751953
75416,normal,271,0,1782359265.995202,0.0022287368774414062
75417,normal,3512,0,1782359265.9968798,0.0016777515411376953
75418,normal,2147,0,1782359265.9992023,0.0023224353790283203
75419,normal,3234,1,1782359266.0010302,0.0018279552459716797
75420,normal,1946,0,1782359266.0031,0.002069711685180664
75421,normal,1063,0,1782359266.0049884,0.0018885135650634766
75422,normal,1803,0,1782359266.0071282,0.0021398067474365234
75423,normal,2625,0,1782359266.0088775,0.001749277114868164
75424,normal,178,0,1782359266.0119624,0.003084897994995117
75425,normal,2600,0,1782359266.0129998,0.0010373592376708984
75426,normal,3597,0,1782359266.0148745,0.001874685287475586
75427,normal,2125,0,1782359266.0171194,0.0022449493408203125
75428,normal,2611,0,1782359266.0189013,0.0017819404602050781
75429,normal,3158,1,1782359266.0211048,0.0022034645080566406
75430,normal,3142,1,1782359266.0240362,0.002931356430053711
75431,normal,769,0,1782359266.024882,0.0008459091186523438
75432,normal,236,0,1782359266.0273087,0.002426624298095703
75433,normal,2818,0,1782359266.029304,0.0019953250885009766
75434,normal,253,0,1782359266.0314324,0.0021283626556396484
75435,normal,1993,0,1782359266.0334666,0.0020341873168945312
75436,normal,3179,1,1782359266.035429,0.001962423324584961
75437,normal,1567,0,1782359266.0374393,0.002010345458984375
75438,normal,218,0,1782359266.0394306,0.00199127197265625
75439,normal,1684,0,1782359266.0414913,0.0020606517791748047
75440,normal,3383,1,1782359266.0435398,0.002048492431640625
75441,normal,1701,0,1782359266.045442,0.0019023418426513672
75442,normal,3278,1,1782359266.0471933,0.0017511844635009766
75443,normal,2463,0,1782359266.0503225,0.003129243850708008
75444,normal,3232,1,1782359266.051053,0.0007305145263671875
75445,normal,2102,0,1782359266.0531528,0.002099752426147461
75446,normal,1716,0,1782359266.0555143,0.0023615360260009766
75447,normal,2928,0,1782359266.0574374,0.0019230842590332031
75448,normal,3186,1,1782359266.0593688,0.0019314289093017578
75449,normal,6,0,1782359266.0621448,0.002775907516479492
75450,normal,150,0,1782359266.0638866,0.0017418861389160156
75451,normal,228,0,1782359266.0664074,0.0025207996368408203
75452,normal,455,0,1782359266.066954,0.0005464553833007812
75453,normal,771,0,1782359266.0694218,0.0024678707122802734
75454,normal,2663,0,1782359266.07175,0.002328157424926758
75455,normal,1605,0,1782359266.0741038,0.0023539066314697266
75456,normal,153,0,1782359266.0758038,0.0016999244689941406
75457,normal,1741,0,1782359266.0768182,0.0010144710540771484
75458,normal,1614,0,1782359266.0794666,0.0026483535766601562
75459,normal,3579,0,1782359266.0811257,0.0016591548919677734
75460,normal,805,2,1782359266.08311,0.0019843578338623047
75461,normal,2947,0,1782359266.0851707,0.0020606517791748047
75462,normal,1138,0,1782359266.0873947,0.002223968505859375
75463,normal,3566,0,1782359266.0897958,0.002401113510131836
75464,normal,932,2,1782359266.0918202,0.002024412155151367
75465,normal,3593,0,1782359266.093575,0.0017547607421875
75466,normal,735,0,1782359266.0958571,0.0022821426391601562
75467,normal,381,0,1782359266.098128,0.002270936965942383
75468,normal,1226,0,1782359266.099698,0.001569986343383789
75469,normal,2242,0,1782359266.1017017,0.0020036697387695312
75470,normal,1242,0,1782359266.103783,0.002081155776977539
75471,normal,916,2,1782359266.1057281,0.0019452571868896484
75472,normal,1526,0,1782359266.1077366,0.0020084381103515625
75473,normal,3117,1,1782359266.1096275,0.0018908977508544922
75474,normal,2351,0,1782359266.1117396,0.002112150192260742
75475,normal,886,2,1782359266.1137657,0.002026081085205078
75476,normal,2370,0,1782359266.1161382,0.0023725032806396484
75477,normal,2787,0,1782359266.1179466,0.0018084049224853516
75478,normal,1187,0,1782359266.1205666,0.0026199817657470703
75479,normal,2957,0,1782359266.1209233,0.0003566741943359375
75480,normal,1219,0,1782359266.123272,0.002348661422729492
75481,normal,82,0,1782359266.1257308,0.002458810806274414
75482,normal,3526,0,1782359266.1275866,0.0018558502197265625
75483,normal,3319,1,1782359266.129734,0.0021474361419677734
75484,normal,2215,0,1782359266.1314352,0.0017011165618896484
75485,normal,1065,0,1782359266.1341727,0.0027375221252441406
75486,normal,2880,0,1782359266.1359699,0.0017971992492675781
75487,normal,216,0,1782359266.138581,0.0026111602783203125
75488,normal,2557,0,1782359266.1389477,0.0003666877746582031
75489,normal,2040,0,1782359266.1413906,0.0024428367614746094
75490,normal,163,0,1782359266.1434045,0.0020139217376708984
75491,normal,3656,0,1782359266.1453967,0.0019922256469726562
75492,normal,3460,0,1782359266.1477675,0.0023708343505859375
75493,normal,2776,0,1782359266.1499743,0.0022068023681640625
75494,normal,2424,0,1782359266.151943,0.0019686222076416016
75495,normal,1929,0,1782359266.153954,0.0020110607147216797
75496,normal,237,0,1782359266.1566525,0.0026984214782714844
75497,normal,2485,0,1782359266.1568165,0.000164031982421875
75498,normal,799,2,1782359266.1593795,0.002562999725341797
75499,normal,1220,0,1782359266.1617289,0.002349376678466797
75500,normal,192,0,1782359266.1635482,0.0018193721771240234
75501,normal,2870,0,1782359266.165787,0.002238750457763672
75502,normal,2904,0,1782359266.1679256,0.0021386146545410156
75503,normal,3685,0,1782359266.1698034,0.0018777847290039062
75504,normal,3304,1,1782359266.1719594,0.0021560192108154297
75505,normal,154,0,1782359266.1741064,0.0021469593048095703
75506,normal,268,0,1782359266.1747894,0.0006830692291259766
75507,normal,2730,0,1782359266.1774087,0.0026192665100097656
75508,normal,1248,0,1782359266.179393,0.0019843578338623047
75509,normal,132,0,1782359266.1817431,0.0023500919342041016
75510,normal,2009,0,1782359266.183611,0.0018677711486816406
75511,normal,1146,0,1782359266.1854055,0.001794576644897461
75512,normal,2626,0,1782359266.1874347,0.0020291805267333984
75513,normal,1148,0,1782359266.1895223,0.0020875930786132812
75514,normal,2770,0,1782359266.1917963,0.002274036407470703
75515,normal,2623,0,1782359266.1935663,0.00177001953125
75516,normal,2762,0,1782359266.195764,0.002197742462158203
75517,normal,915,2,1782359266.1973972,0.0016331672668457031
75518,normal,2118,0,1782359266.1993682,0.001971006393432617
75519,normal,1262,0,1782359266.201762,0.0023937225341796875
75520,normal,1620,0,1782359266.2039745,0.0022125244140625
75521,normal,2552,0,1782359266.2058873,0.001912832260131836
75522,normal,2945,0,1782359266.208483,0.002595663070678711
75523,normal,464,0,1782359266.2089353,0.00045228004455566406
75524,normal,2199,0,1782359266.2113714,0.0024361610412597656
75525,normal,2742,0,1782359266.2137456,0.0023741722106933594
75526,normal,3270,1,1782359266.214819,0.0010733604431152344
75527,normal,2918,0,1782359266.2181861,0.003367185592651367
75528,normal,1165,0,1782359266.2187676,0.0005815029144287109
75529,normal,2500,0,1782359266.221232,0.00246429443359375
75530,normal,2363,0,1782359266.2229753,0.001743316650390625
75531,normal,43,0,1782359266.224814,0.00183868408203125
75532,normal,1594,0,1782359266.227711,0.002897024154663086
75533,normal,1505,0,1782359266.2293162,0.0016052722930908203
75534,normal,3030,0,1782359266.2312145,0.0018982887268066406
75535,normal,3390,1,1782359266.233504,0.0022895336151123047
75536,normal,778,2,1782359266.2349763,0.0014722347259521484
75537,normal,2130,0,1782359266.23687,0.001893758773803711
75538,normal,762,0,1782359266.2389495,0.002079486846923828
75539,normal,647,0,1782359266.2412345,0.002285003662109375
75540,normal,841,2,1782359266.2428784,0.0016438961029052734
75541,normal,1098,0,1782359266.245795,0.002916574478149414
75542,normal,1247,0,1782359266.246996,0.0012009143829345703
75543,normal,2827,0,1782359266.249038,0.002042055130004883
75544,normal,330,0,1782359266.2511644,0.002126455307006836
75545,normal,702,0,1782359266.25305,0.0018856525421142578
75546,normal,1522,0,1782359266.2548778,0.0018277168273925781
75547,normal,1698,0,1782359266.2577727,0.002894878387451172
75548,normal,2710,0,1782359266.2589443,0.0011715888977050781
75549,normal,1536,0,1782359266.2613542,0.0024099349975585938
75550,normal,662,0,1782359266.2636118,0.0022575855255126953
75551,normal,1539,0,1782359266.2660847,0.0024728775024414062
75552,normal,2098,0,1782359266.2678163,0.0017316341400146484
75553,normal,1766,0,1782359266.269652,0.0018355846405029297
75554,normal,708,0,1782359266.2718,0.002148151397705078
75555,normal,144,0,1782359266.2735503,0.0017502307891845703
75556,normal,96,0,1782359266.274891,0.001340627670288086
75557,normal,3352,1,1782359266.2770212,0.002130270004272461
75558,normal,1,0,1782359266.2788768,0.001855611801147461
75559,normal,190,0,1782359266.28108,0.002203226089477539
75560,normal,2619,0,1782359266.2830276,0.001947641372680664
75561,normal,33,0,1782359266.2848585,0.0018308162689208984
75562,normal,157,0,1782359266.286874,0.0020155906677246094
75563,normal,2580,0,1782359266.2888968,0.0020227432250976562
75564,normal,904,2,1782359266.2908459,0.0019490718841552734
75565,normal,1022,2,1782359266.2937744,0.002928495407104492
75566,normal,1641,0,1782359266.2960913,0.0023169517517089844
75567,normal,1110,0,1782359266.2976546,0.0015633106231689453
75568,normal,2511,0,1782359266.2995505,0.001895904541015625
75569,normal,1343,1,1782359266.30211,0.0025594234466552734
75570,normal,1115,0,1782359266.3037403,0.0016303062438964844
75571,normal,1753,0,1782359266.3060887,0.0023484230041503906
75572,normal,1710,0,1782359266.3078454,0.0017566680908203125
75573,normal,2806,0,1782359266.3094223,0.0015769004821777344
75574,normal,2381,0,1782359266.311698,0.002275705337524414
75575,normal,1669,0,1782359266.3133912,0.0016932487487792969
75576,normal,2007,0,1782359266.3154325,0.002041339874267578
75577,normal,1923,0,1782359266.3174524,0.0020198822021484375
75578,normal,2550,0,1782359266.319989,0.0025365352630615234
75579,normal,701,0,1782359266.3214784,0.001489400863647461
75580,normal,1640,0,1782359266.3231387,0.0016603469848632812
75581,normal,724,0,1782359266.325338,0.0021991729736328125
75582,normal,796,2,1782359266.3274398,0.002101898193359375
75583,normal,2039,0,1782359266.3297036,0.002263784408569336
75584,normal,2462,0,1782359266.3308904,0.0011868476867675781
75585,normal,2926,0,1782359266.3337364,0.0028460025787353516
75586,normal,1836,0,1782359266.3357975,0.002061128616333008
75587,normal,649,0,1782359266.3374743,0.001676797866821289
75588,normal,3618,0,1782359266.3394523,0.0019779205322265625
75589,normal,2531,0,1782359266.3413668,0.0019145011901855469
75590,normal,1914,0,1782359266.343449,0.002082347869873047
75591,normal,1005,2,1782359266.3455546,0.0021054744720458984
75592,normal,354,0,1782359266.3477216,0.0021669864654541016
75593,normal,631,0,1782359266.3488257,0.001104116439819336
75594,normal,3414,0,1782359266.3508146,0.0019888877868652344
75595,normal,2824,0,1782359266.3527687,0.0019540786743164062
75596,normal,2082,0,1782359266.3548906,0.0021219253540039062
75597,normal,2902,0,1782359266.3567603,0.0018696784973144531
75598,normal,3318,1,1782359266.3588195,0.0020592212677001953
75599,normal,369,0,1782359266.3608544,0.002034902572631836
75600,normal,2879,0,1782359266.362802,0.001947641372680664
75601,normal,3698,0,1782359266.3648336,0.002031564712524414
75602,normal,3275,1,1782359266.3668466,0.002012968063354492
75603,normal,1935,0,1782359266.3687847,0.0019381046295166016
75604,normal,674,0,1782359266.3708463,0.002061605453491211
75605,normal,2017,0,1782359266.372972,0.0021257400512695312
75606,normal,2832,0,1782359266.3747854,0.0018134117126464844
75607,normal,2156,0,1782359266.376844,0.0020585060119628906
75608,normal,2060,0,1782359266.3788688,0.0020248889923095703
75609,normal,1510,0,1782359266.3807962,0.0019273757934570312
75610,normal,3473,0,1782359266.3828228,0.0020265579223632812
75611,normal,3504,0,1782359266.3848305,0.002007722854614258
75612,normal,1864,0,1782359266.38681,0.0019795894622802734
75613,normal,1407,0,1782359266.3888218,0.0020117759704589844
75614,normal,3421,0,1782359266.3908496,0.002027750015258789
75615,normal,2071,0,1782359266.3927922,0.0019426345825195312
75616,normal,546,0,1782359266.3948302,0.0020380020141601562
75617,normal,1047,0,1782359266.3968532,0.002022981643676758
75618,normal,3552,0,1782359266.398804,0.0019507408142089844
75619,normal,3590,0,1782359266.4008176,0.002013683319091797
75620,normal,393,0,1782359266.403111,0.0022933483123779297
75621,normal,3065,1,1782359266.4048972,0.0017862319946289062
75622,normal,224,0,1782359266.4069512,0.002053976058959961
75623,normal,654,0,1782359266.4091063,0.0021550655364990234
75624,normal,197,0,1782359266.4108503,0.0017440319061279297
75625,normal,559,0,1782359266.4131503,0.0023000240325927734
75626,normal,1576,0,1782359266.4150276,0.0018773078918457031
75627,normal,2712,0,1782359266.4168036,0.001775979995727539
75628,normal,2675,0,1782359266.419067,0.002263307571411133
75629,normal,1995,0,1782359266.4208977,0.0018308162689208984
75630,normal,3701,0,1782359266.4230158,0.0021181106567382812
75631,normal,1037,0,1782359266.4249272,0.0019114017486572266
75632,normal,76,0,1782359266.4271002,0.0021729469299316406
75633,normal,1074,0,1782359266.428849,0.001748800277709961
75634,normal,3444,0,1782359266.4311428,0.002293825149536133
75635,normal,1920,0,1782359266.4328663,0.0017235279083251953
75636,normal,3370,1,1782359266.435207,0.002340555191040039
75637,normal,1243,0,1782359266.4368474,0.0016405582427978516
75638,normal,554,0,1782359266.438873,0.002025604248046875
75639,normal,652,0,1782359266.4408343,0.001961231231689453
75640,normal,2846,0,1782359266.4428096,0.0019752979278564453
75641,normal,2848,0,1782359266.4448066,0.0019969940185546875
75642,normal,1496,0,1782359266.44682,0.0020134449005126953
75643,normal,544,0,1782359266.448956,0.0021359920501708984
75644,normal,1263,0,1782359266.4512556,0.0022995471954345703
75645,normal,1092,0,1782359266.4531221,0.0018665790557861328
75646,normal,2652,0,1782359266.4550686,0.0019464492797851562
75647,normal,3668,0,1782359266.4571953,0.0021266937255859375
75648,normal,1163,0,1782359266.4594529,0.0022575855255126953
75649,normal,2038,0,1782359266.462311,0.0028581619262695312
75650,normal,2131,0,1782359266.463001,0.0006899833679199219
75651,normal,1448,0,1782359266.4654706,0.0024695396423339844
75652,normal,210,0,1782359266.4677122,0.0022416114807128906
75653,normal,699,0,1782359266.4695551,0.0018429756164550781
75654,normal,710,0,1782359266.4713857,0.0018305778503417969
75655,normal,673,0,1782359266.473781,0.0023953914642333984
75656,normal,93,0,1782359266.4761333,0.0023522377014160156
75657,normal,247,0,1782359266.477866,0.0017325878143310547
75658,normal,667,0,1782359266.4797812,0.0019152164459228516
75659,normal,1180,0,1782359266.4815521,0.0017709732055664062
75660,normal,2717,0,1782359266.483465,0.001912832260131836
75661,normal,321,0,1782359266.485329,0.0018639564514160156
75662,normal,1588,0,1782359266.486955,0.0016260147094726562
75663,normal,3401,1,1782359266.4895866,0.002631664276123047
75664,normal,1386,0,1782359266.4917214,0.0021347999572753906
75665,normal,3490,0,1782359266.49357,0.0018486976623535156
75666,normal,2868,0,1782359266.4954839,0.0019137859344482422
75667,normal,2395,0,1782359266.4972618,0.0017778873443603516
75668,normal,3455,0,1782359266.4994974,0.0022356510162353516
75669,normal,3126,1,1782359266.5014794,0.001981973648071289
75670,normal,128,0,1782359266.5038383,0.0023589134216308594
75671,normal,3331,1,1782359266.5061214,0.0022830963134765625
75672,normal,775,2,1782359266.507843,0.0017216205596923828
75673,normal,2229,0,1782359266.5099776,0.002134561538696289
75674,normal,3538,0,1782359266.5118334,0.0018558502197265625
75675,normal,591,0,1782359266.513553,0.0017194747924804688
75676,normal,436,0,1782359266.5157716,0.0022187232971191406
75677,normal,2216,0,1782359266.517543,0.0017714500427246094
75678,normal,3632,0,1782359266.5194068,0.001863718032836914
75679,normal,457,0,1782359266.5211353,0.0017285346984863281
75680,normal,3454,0,1782359266.523567,0.002431631088256836
75681,normal,1347,1,1782359266.5254462,0.0018792152404785156
75682,normal,3302,1,1782359266.5271847,0.0017385482788085938
75683,normal,2232,0,1782359266.5292625,0.002077817916870117
75684,normal,2950,0,1782359266.5314481,0.0021855831146240234
75685,normal,3449,0,1782359266.5334406,0.001992464065551758
75686,normal,3430,0,1782359266.5355728,0.0021321773529052734
75687,normal,3282,1,1782359266.5374556,0.001882791519165039
75688,normal,978,2,1782359266.5388467,0.0013911724090576172
75689,normal,3177,1,1782359266.5411913,0.0023446083068847656
75690,normal,3190,1,1782359266.5428627,0.0016713142395019531
75691,normal,314,0,1782359266.5451086,0.0022459030151367188
75692,normal,3294,1,1782359266.547154,0.0020453929901123047
75693,normal,2516,0,1782359266.5489953,0.0018413066864013672
75694,normal,759,0,1782359266.5510297,0.002034425735473633
75695,normal,444,0,1782359266.553164,0.0021343231201171875
75696,normal,3551,0,1782359266.5549285,0.001764535903930664
75697,normal,3084,1,1782359266.556874,0.00194549560546875
75698,normal,3060,1,1782359266.5590575,0.0021834373474121094
75699,normal,1023,2,1782359266.5608642,0.0018067359924316406
75700,normal,2519,0,1782359266.562933,0.002068758010864258
75701,normal,1084,0,1782359266.5650675,0.002134561538696289
75702,normal,3543,0,1782359266.5668595,0.0017919540405273438
75703,normal,552,0,1782359266.569164,0.002304553985595703
75704,normal,134,0,1782359266.5708385,0.0016744136810302734
75705,normal,1869,0,1782359266.572864,0.002025604248046875
75706,normal,1890,0,1782359266.5751367,0.0022726058959960938
75707,normal,95,0,1782359266.5768301,0.0016934871673583984
75708,normal,259,0,1782359266.5790455,0.0022153854370117188
75709,normal,527,0,1782359266.5808957,0.001850128173828125
75710,normal,1949,0,1782359266.5830479,0.0021522045135498047
75711,normal,1301,0,1782359266.5848382,0.0017902851104736328
75712,normal,1024,2,1782359266.5871358,0.002297639846801758
75713,normal,2624,0,1782359266.5890384,0.0019025802612304688
75714,normal,146,0,1782359266.590868,0.0018296241760253906
75715,normal,282,0,1782359266.5931363,0.0022683143615722656
75716,normal,1078,0,1782359266.5950868,0.0019505023956298828
75717,normal,2268,0,1782359266.5968626,0.0017757415771484375
75718,normal,64,0,1782359266.599133,0.0022704601287841797
75719,normal,293,0,1782359266.60105,0.0019168853759765625
75720,normal,1781,0,1782359266.6028404,0.0017905235290527344
75721,normal,176,0,1782359266.6050456,0.0022051334381103516
75722,normal,816,2,1782359266.607025,0.001979351043701172
75723,normal,2475,0,1782359266.6088567,0.0018317699432373047
75724,normal,980,2,1782359266.6111126,0.0022559165954589844
75725,normal,1865,0,1782359266.6130993,0.0019867420196533203
75726,normal,828,2,1782359266.6148686,0.0017693042755126953
75727,normal,179,0,1782359266.6171348,0.0022661685943603516
75728,normal,2455,0,1782359266.619051,0.0019161701202392578
75729,normal,1816,0,1782359266.6208494,0.001798391342163086
75730,normal,164,0,1782359266.6231499,0.0023005008697509766
75731,normal,742,0,1782359266.6248407,0.0016908645629882812
75732,normal,1772,0,1782359266.6270518,0.0022110939025878906
75733,normal,1678,0,1782359266.6289399,0.0018880367279052734
75734,normal,2543,0,1782359266.6311078,0.002167940139770508
75735,normal,955,2,1782359266.6328714,0.0017635822296142578
75736,normal,3447,0,1782359266.6351364,0.0022649765014648438
75737,normal,2115,0,1782359266.6370451,0.0019087791442871094
75738,normal,136,0,1782359266.6388443,0.0017991065979003906
75739,normal,1757,0,1782359266.641134,0.0022897720336914062
75740,normal,1988,0,1782359266.6428323,0.0016982555389404297
75741,normal,3095,1,1782359266.645039,0.0022068023681640625
75742,normal,902,2,1782359266.646841,0.0018019676208496094
75743,normal,2972,0,1782359266.6490164,0.0021753311157226562
75744,normal,2921,0,1782359266.6508284,0.001811981201171875
75745,normal,2738,0,1782359266.6530073,0.0021789073944091797
75746,normal,1578,0,1782359266.655041,0.002033710479736328
75747,normal,1818,0,1782359266.656855,0.001814126968383789
75748,normal,69,0,1782359266.6590338,0.002178668975830078
75749,normal,401,0,1782359266.6610284,0.001994609832763672
75750,normal,2886,0,1782359266.6628315,0.0018031597137451172
75751,normal,312,0,1782359266.6651168,0.0022852420806884766
75752,normal,139,0,1782359266.6670198,0.0019030570983886719
75753,normal,326,0,1782359266.668865,0.0018451213836669922
75754,normal,3271,1,1782359266.6708345,0.001969575881958008
75755,normal,2413,0,1782359266.6730933,0.002258777618408203
75756,normal,3287,1,1782359266.6748445,0.0017511844635009766
75757,normal,3010,0,1782359266.6768522,0.002007722854614258
75758,normal,3431,0,1782359266.6790712,0.002218961715698242
75759,normal,3360,1,1782359266.6808681,0.0017969608306884766
75760,normal,2510,0,1782359266.6828659,0.001997709274291992
75761,normal,3307,1,1782359266.6850905,0.0022246837615966797
75762,normal,1915,0,1782359266.686841,0.0017504692077636719
75763,normal,2372,0,1782359266.6888566,0.0020155906677246094
75764,normal,1101,0,1782359266.691103,0.002246379852294922
75765,normal,1773,0,1782359266.6928494,0.0017464160919189453
75766,normal,1298,0,1782359266.694863,0.002013683319091797
75767,normal,2418,0,1782359266.6970675,0.002204418182373047
75768,normal,712,0,1782359266.6988566,0.001789093017578125
75769,normal,1555,0,1782359266.7008455,0.0019888877868652344
75770,normal,3233,1,1782359266.7030861,0.0022406578063964844
75771,normal,1359,1,1782359266.7048578,0.001771688461303711
75772,normal,1551,0,1782359266.707051,0.0021932125091552734
75773,normal,2239,0,1782359266.7090511,0.002000093460083008
75774,normal,2401,0,1782359266.7108471,0.0017960071563720703
75775,normal,736,0,1782359266.713039,0.002191781997680664
75776,normal,1582,0,1782359266.715097,0.0020580291748046875
75777,normal,1061,0,1782359266.716859,0.0017621517181396484
75778,normal,3325,1,1782359266.719041,0.0021820068359375
75779,normal,3205,1,1782359266.7210753,0.0020341873168945312
75780,normal,563,0,1782359266.7228491,0.001773834228515625
75781,normal,1997,0,1782359266.72507,0.0022208690643310547
75782,normal,707,0,1782359266.7270672,0.001997232437133789
75783,normal,1955,0,1782359266.728847,0.001779794692993164
75784,normal,897,2,1782359266.731068,0.0022208690643310547
75785,normal,979,2,1782359266.73306,0.0019919872283935547
75786,normal,1875,0,1782359266.7348533,0.0017933845520019531
75787,normal,2574,0,1782359266.7370636,0.002210378646850586
75788,normal,2321,0,1782359266.739054,0.0019903182983398438
75789,normal,3191,1,1782359266.7408519,0.0017979145050048828
75790,normal,2501,0,1782359266.7430556,0.002203702926635742
75791,normal,2322,0,1782359266.7450907,0.0020351409912109375
75792,normal,2364,0,1782359266.7468562,0.0017654895782470703
75793,normal,2323,0,1782359266.7490802,0.002223968505859375
75794,normal,1190,0,1782359266.7510421,0.001961946487426758
75795,normal,1945,0,1782359266.7528496,0.0018074512481689453
75796,normal,2412,0,1782359266.7550948,0.002245187759399414
75797,normal,3362,1,1782359266.7570424,0.001947641372680664
75798,normal,3208,1,1782359266.7588584,0.0018160343170166016
75799,normal,304,0,1782359266.7610672,0.002208709716796875
75800,normal,222,0,1782359266.7630568,0.001989603042602539
75801,normal,2419,0,1782359266.7648401,0.0017833709716796875
75802,normal,3663,0,1782359266.76709,0.0022499561309814453
75803,normal,2733,0,1782359266.7690337,0.0019435882568359375
75804,normal,3321,1,1782359266.7708452,0.0018115043640136719
75805,normal,1296,0,1782359266.7730503,0.0022051334381103516
75806,normal,767,0,1782359266.7750454,0.001995086669921875
75807,normal,3098,1,1782359266.7768695,0.0018241405487060547
75808,normal,364,0,1782359266.7790422,0.002172708511352539
75809,normal,827,2,1782359266.781041,0.0019986629486083984
75810,normal,165,0,1782359266.7828608,0.0018198490142822266
75811,normal,547,0,1782359266.7851052,0.0022444725036621094
75812,normal,2029,0,1782359266.7870505,0.0019452571868896484
75813,normal,537,0,1782359266.7888386,0.0017881393432617188
75814,normal,2155,0,1782359266.7911007,0.002262115478515625
75815,normal,2512,0,1782359266.7930565,0.001955747604370117
75816,normal,1316,0,1782359266.7948494,0.00179290771484375
75817,normal,3563,0,1782359266.7971034,0.002254009246826172
75818,normal,3083,1,1782359266.7990458,0.0019423961639404297
75819,normal,1020,2,1782359266.8008409,0.001795053482055664
75820,normal,2954,0,1782359266.8031273,0.0022864341735839844
75821,normal,2777,0,1782359266.8050673,0.001940011978149414
75822,normal,283,0,1782359266.806857,0.0017898082733154297
75823,normal,3171,1,1782359266.8090987,0.0022416114807128906
75824,normal,1228,0,1782359266.8110447,0.0019459724426269531
75825,normal,416,0,1782359266.8128395,0.0017948150634765625
75826,normal,1899,0,1782359266.8151305,0.002290964126586914
75827,normal,1239,0,1782359266.816863,0.0017325878143310547
75828,normal,914,2,1782359266.8202,0.0033369064331054688
75829,normal,1584,0,1782359266.821135,0.0009350776672363281
75830,normal,1690,0,1782359266.8230186,0.0018835067749023438
75831,normal,3505,0,1782359266.8250437,0.002025127410888672
75832,normal,2942,0,1782359266.8269308,0.0018870830535888672
75833,normal,3125,1,1782359266.829196,0.0022652149200439453
75834,normal,2478,0,1782359266.8308733,0.0016772747039794922
75835,normal,24,0,1782359266.8329277,0.002054452896118164
75836,normal,2705,0,1782359266.8357923,0.0028645992279052734
75837,normal,957,2,1782359266.8374307,0.0016384124755859375
75838,normal,3684,0,1782359266.8392801,0.0018494129180908203
75839,normal,1253,0,1782359266.8409665,0.0016863346099853516
75840,normal,2264,0,1782359266.8430302,0.002063751220703125
75841,normal,994,2,1782359266.8449383,0.0019080638885498047
75842,normal,3605,0,1782359266.8472571,0.002318859100341797
75843,normal,621,0,1782359266.8488824,0.0016252994537353516
75844,normal,1128,0,1782359266.8510232,0.0021407604217529297
75845,normal,1461,0,1782359266.8530893,0.0020661354064941406
75846,normal,2929,0,1782359266.8550205,0.0019311904907226562
75847,normal,68,0,1782359266.8571002,0.0020797252655029297
75848,normal,385,0,1782359266.8592184,0.0021181106567382812
75849,normal,2408,0,1782359266.8608663,0.00164794921875
75850,normal,3368,1,1782359266.8631551,0.002288818359375
75851,normal,1688,0,1782359266.8650103,0.0018551349639892578
75852,normal,1846,0,1782359266.8670669,0.002056598663330078
75853,normal,1896,0,1782359266.8689365,0.0018696784973144531
75854,normal,3500,0,1782359266.8711874,0.0022509098052978516
75855,normal,1558,0,1782359266.8728845,0.0016970634460449219
75856,normal,1793,0,1782359266.8751187,0.002234220504760742
75857,normal,3043,0,1782359266.8772106,0.0020918846130371094
75858,normal,697,0,1782359266.8788688,0.0016582012176513672
75859,normal,3696,0,1782359266.8811443,0.0022754669189453125
75860,normal,2811,0,1782359266.8830178,0.0018734931945800781
75861,normal,3678,0,1782359266.8848658,0.001847982406616211
75862,normal,2361,0,1782359266.8871777,0.0023119449615478516
75863,normal,2656,0,1782359266.8888962,0.0017185211181640625
75864,normal,1711,0,1782359266.8910823,0.0021860599517822266
75865,normal,923,2,1782359266.8929472,0.0018649101257324219
75866,normal,3681,0,1782359266.8951116,0.0021643638610839844
75867,normal,2509,0,1782359266.8968606,0.0017490386962890625
75868,normal,1154,0,1782359266.8989465,0.0020859241485595703
75869,normal,1954,0,1782359266.9010756,0.002129077911376953
75870,normal,1447,0,1782359266.9028747,0.0017991065979003906
75871,normal,1086,0,1782359266.905143,0.0022683143615722656
75872,normal,80,0,1782359266.906857,0.0017139911651611328
75873,normal,614,0,1782359266.9090526,0.002195596694946289
75874,normal,3519,0,1782359266.9109461,0.0018935203552246094
75875,normal,1196,0,1782359266.913096,0.002149820327758789
75876,normal,116,0,1782359266.9150164,0.001920461654663086
75877,normal,1001,2,1782359266.9169564,0.001940011978149414
75878,normal,94,0,1782359266.9190812,0.002124786376953125
75879,normal,2666,0,1782359266.920862,0.0017807483673095703
75880,normal,2691,0,1782359266.922873,0.0020110607147216797
75881,normal,936,2,1782359266.925087,0.0022139549255371094
75882,normal,2903,0,1782359266.9268546,0.0017676353454589844
75883,normal,1863,0,1782359266.9290557,0.002201080322265625
75884,normal,1056,0,1782359266.9310925,0.0020368099212646484
75885,normal,821,2,1782359266.9328508,0.0017583370208740234
75886,normal,1631,0,1782359266.9350677,0.002216815948486328
75887,normal,919,2,1782359266.937054,0.001986265182495117
75888,normal,309,0,1782359266.9388506,0.001796722412109375
75889,normal,2154,0,1782359266.941167,0.0023164749145507812
75890,normal,1813,0,1782359266.9428656,0.0016984939575195312
75891,normal,1878,0,1782359266.945034,0.002168416976928711
75892,normal,1815,0,1782359266.9468505,0.0018165111541748047
75893,normal,2839,0,1782359266.94912,0.0022695064544677734
75894,normal,261,0,1782359266.9508564,0.0017364025115966797
75895,normal,1525,0,1782359266.9532297,0.002373218536376953
75896,normal,3585,0,1782359266.9549994,0.0017697811126708984
75897,normal,2845,0,1782359266.957061,0.002061605453491211
75898,normal,25,0,1782359266.959089,0.0020279884338378906
75899,normal,103,0,1782359266.961071,0.001981973648071289
75900,normal,446,0,1782359266.9630287,0.0019576549530029297
75901,normal,1540,0,1782359266.9649627,0.001934051513671875
75902,normal,445,0,1782359266.9672148,0.0022521018981933594
75903,normal,3213,1,1782359266.9688692,0.0016543865203857422
75904,normal,1319,1,1782359266.9711857,0.0023164749145507812
75905,normal,2222,0,1782359266.972988,0.001802206039428711
75906,normal,1160,0,1782359266.9748704,0.0018825531005859375
75907,normal,2594,0,1782359266.977136,0.002265453338623047
75908,normal,2862,0,1782359266.9793115,0.002175569534301758
75909,normal,1712,0,1782359266.9809034,0.0015919208526611328
75910,normal,2184,0,1782359266.9835837,0.0026803016662597656
75911,normal,1170,0,1782359266.9849064,0.0013227462768554688
75912,normal,2015,0,1782359266.9870353,0.0021288394927978516
75913,normal,1036,0,1782359266.9889908,0.0019555091857910156
75914,normal,1898,0,1782359266.9911892,0.002198457717895508
75915,normal,3507,0,1782359266.9928713,0.0016820430755615234
75916,normal,2036,0,1782359266.9952357,0.0023643970489501953
75917,normal,3472,0,1782359266.9969244,0.0016887187957763672
75918,normal,2502,0,1782359266.9991677,0.0022432804107666016
75919,normal,582,0,1782359267.0009544,0.0017867088317871094
75920,normal,2050,0,1782359267.0032322,0.002277851104736328
75921,normal,964,2,1782359267.0048747,0.001642465591430664
75922,normal,3283,1,1782359267.0071652,0.002290487289428711
75923,normal,2279,0,1782359267.0089197,0.0017545223236083984
75924,normal,258,0,1782359267.011181,0.0022614002227783203
75925,normal,691,0,1782359267.0140457,0.0028645992279052734
75926,normal,1053,0,1782359267.0149,0.0008542537689208984
75927,normal,946,2,1782359267.0172036,0.002303600311279297
75928,normal,1951,0,1782359267.0189524,0.001748800277709961
75929,normal,3169,1,1782359267.0212054,0.0022530555725097656
75930,normal,2373,0,1782359267.022881,0.0016756057739257812
75931,normal,545,0,1782359267.0251148,0.002233743667602539
75932,normal,148,0,1782359267.0274053,0.002290487289428711
75933,normal,86,0,1782359267.029514,0.0021088123321533203
75934,normal,1861,0,1782359267.0317538,0.002239704132080078
75935,normal,2951,0,1782359267.033575,0.001821279525756836
75936,normal,2638,0,1782359267.0354738,0.0018987655639648438
75937,normal,40,0,1782359267.0374255,0.0019516944885253906
75938,normal,119,0,1782359267.0395663,0.0021407604217529297
75939,normal,1367,1,1782359267.0414665,0.0019001960754394531
75940,normal,2932,0,1782359267.0434113,0.0019447803497314453
75941,normal,1958,0,1782359267.0454125,0.0020012855529785156
75942,normal,1384,0,1782359267.0477912,0.002378702163696289
75943,normal,1659,0,1782359267.0497444,0.001953125
75944,normal,594,0,1782359267.0515633,0.0018188953399658203
75945,normal,1133,0,1782359267.0535474,0.001984119415283203
75946,normal,2782,0,1782359267.055697,0.0021495819091796875
75947,normal,2802,0,1782359267.0573895,0.0016925334930419922
75948,normal,2456,0,1782359267.059389,0.0019996166229248047
75949,normal,788,2,1782359267.0611503,0.0017611980438232422
75950,normal,1673,0,1782359267.0634549,0.002304553985595703
75951,normal,2960,0,1782359267.065396,0.0019412040710449219
75952,normal,2517,0,1782359267.067155,0.0017588138580322266
75953,normal,3446,0,1782359267.0693974,0.002242565155029297
75954,normal,1625,0,1782359267.0714226,0.002025127410888672
75955,normal,2376,0,1782359267.073436,0.0020134449005126953
75956,normal,3197,1,1782359267.0758026,0.0023665428161621094
75957,normal,3528,0,1782359267.0774274,0.0016248226165771484
75958,normal,2179,0,1782359267.0797303,0.002302885055541992
75959,normal,510,0,1782359267.0821118,0.002381563186645508
75960,normal,2794,0,1782359267.0838647,0.0017528533935546875
75961,normal,3525,0,1782359267.0859432,0.002078533172607422
75962,normal,3096,1,1782359267.0880916,0.0021483898162841797
75963,normal,2746,0,1782359267.0898464,0.0017547607421875
75964,normal,787,2,1782359267.0919223,0.0020759105682373047
75965,normal,922,2,1782359267.094092,0.0021696090698242188
75966,normal,1382,0,1782359267.0958211,0.0017292499542236328
75967,normal,2340,0,1782359267.0978894,0.0020682811737060547
75968,normal,3202,1,1782359267.0995944,0.0017049312591552734
75969,normal,2065,0,1782359267.1018078,0.0022134780883789062
75970,normal,777,2,1782359267.1035705,0.0017626285552978516
75971,normal,2987,0,1782359267.1055706,0.002000093460083008
75972,normal,3150,1,1782359267.1077154,0.0021448135375976562
75973,normal,3080,1,1782359267.109789,0.002073526382446289
75974,normal,731,0,1782359267.1116283,0.0018393993377685547
75975,normal,3531,0,1782359267.113777,0.0021486282348632812
75976,normal,3536,0,1782359267.115507,0.0017299652099609375
75977,normal,1656,0,1782359267.1175654,0.0020585060119628906
75978,normal,1627,0,1782359267.1197164,0.002151012420654297
75979,normal,120,0,1782359267.121787,0.0020706653594970703
75980,normal,3411,0,1782359267.1236331,0.0018460750579833984
75981,normal,804,2,1782359267.1257796,0.002146482467651367
75982,normal,1124,0,1782359267.1275096,0.0017299652099609375
75983,normal,3363,1,1782359267.1295667,0.0020570755004882812
75984,normal,3625,0,1782359267.131731,0.0021643638610839844
75985,normal,3467,0,1782359267.1335282,0.0017971992492675781
75986,normal,3615,0,1782359267.1357238,0.002195596694946289
75987,normal,2314,0,1782359267.1377864,0.002062559127807617
75988,normal,55,0,1782359267.1394846,0.0016982555389404297
75989,normal,1151,0,1782359267.1415336,0.002048969268798828
75990,normal,1518,0,1782359267.1437583,0.0022246837615966797
75991,normal,1808,0,1782359267.1454985,0.0017402172088623047
75992,normal,3127,1,1782359267.1475317,0.002033233642578125
75993,normal,521,0,1782359267.1497457,0.0022139549255371094
75994,normal,1181,0,1782359267.1518316,0.0020859241485595703
75995,normal,3691,0,1782359267.1535099,0.0016782283782958984
75996,normal,170,0,1782359267.1557066,0.002196788787841797
75997,normal,2956,0,1782359267.1578863,0.0021796226501464844
75998,normal,398,0,1782359267.1601198,0.0022335052490234375
75999,normal,2873,0,1782359267.1618552,0.0017354488372802734
76000,normal,2526,0,1782359267.1632743,0.0014190673828125
76001,normal,1380,1,1782359267.1653829,0.0021085739135742188
76002,normal,2224,0,1782359267.1674366,0.0020537376403808594
76003,normal,875,2,1782359267.1698174,0.002380847930908203
76004,normal,3622,0,1782359267.1716301,0.0018126964569091797
76005,normal,2153,0,1782359267.1737285,0.0020983219146728516
76006,normal,3144,1,1782359267.1747925,0.0010640621185302734
76007,normal,1917,0,1782359267.178221,0.0034284591674804688
76008,normal,1903,0,1782359267.1787999,0.0005788803100585938
76009,normal,1842,0,1782359267.1810877,0.0022878646850585938
76010,normal,2271,0,1782359267.183097,0.002009153366088867
76011,normal,2896,0,1782359267.185388,0.0022912025451660156
76012,normal,2911,0,1782359267.187368,0.001979827880859375
76013,normal,2698,0,1782359267.189071,0.001703023910522461
76014,normal,1446,0,1782359267.1914563,0.002385377883911133
76015,normal,241,0,1782359267.1946802,0.003223896026611328
76016,normal,2119,0,1782359267.1949024,0.00022220611572265625
76017,normal,958,2,1782359267.1975503,0.002647876739501953
76018,normal,1876,0,1782359267.1992025,0.0016522407531738281
76019,normal,1552,0,1782359267.2021198,0.0029172897338867188
76020,normal,2004,0,1782359267.2041616,0.0020418167114257812
76021,normal,534,0,1782359267.20619,0.0020284652709960938
76022,normal,1401,0,1782359267.2082,0.002009868621826172
76023,normal,1309,0,1782359267.2088325,0.0006325244903564453
76024,normal,2488,0,1782359267.2113879,0.002555370330810547
76025,normal,1144,0,1782359267.2134123,0.002024412155151367
76026,normal,2728,0,1782359267.2153914,0.0019791126251220703
76027,normal,1687,0,1782359267.2174253,0.0020339488983154297
76028,normal,113,0,1782359267.2193956,0.0019702911376953125
76029,normal,3694,0,1782359267.221385,0.0019893646240234375
76030,normal,214,0,1782359267.2234256,0.0020406246185302734
76031,normal,2969,0,1782359267.2261188,0.00269317626953125
76032,normal,336,0,1782359267.227805,0.00168609619140625
76033,normal,551,0,1782359267.229505,0.0017001628875732422
76034,normal,3496,0,1782359267.2317398,0.0022346973419189453
76035,normal,2756,0,1782359267.2335405,0.0018007755279541016
76036,normal,836,2,1782359267.2357955,0.002254962921142578
76037,normal,2910,0,1782359267.2375937,0.0017981529235839844
76038,normal,81,0,1782359267.2397861,0.0021924972534179688
76039,normal,2786,0,1782359267.2418537,0.00206756591796875
76040,normal,2486,0,1782359267.243549,0.001695394515991211
76041,normal,3237,1,1782359267.2457664,0.0022172927856445312
76042,normal,2493,0,1782359267.247822,0.002055644989013672
76043,normal,1340,1,1782359267.2495286,0.0017066001892089844
76044,normal,3223,1,1782359267.2510443,0.0015156269073486328
76045,normal,2415,0,1782359267.2534955,0.002451181411743164
76046,normal,417,0,1782359267.2561202,0.0026247501373291016
76047,normal,2328,0,1782359267.2579958,0.0018756389617919922
76048,normal,1543,0,1782359267.2588425,0.0008466243743896484
76049,normal,2432,0,1782359267.262208,0.0033655166625976562
76050,normal,3494,0,1782359267.2639492,0.001741170883178711
76051,normal,2773,0,1782359267.2661314,0.0021822452545166016
76052,normal,2495,0,1782359267.2676945,0.0015630722045898438
76053,normal,1258,0,1782359267.2698433,0.002148866653442383
76054,normal,1895,0,1782359267.2715726,0.0017292499542236328
76055,normal,1756,0,1782359267.2735474,0.001974821090698242
76056,normal,291,0,1782359267.275108,0.0015606880187988281
76057,normal,1521,0,1782359267.2772834,0.0021753311157226562
76058,normal,2766,0,1782359267.2788215,0.0015380382537841797
76059,normal,182,0,1782359267.2811327,0.002311229705810547
76060,normal,2688,0,1782359267.2831216,0.0019888877868652344
76061,normal,508,0,1782359267.285,0.001878499984741211
76062,normal,1822,0,1782359267.2870672,0.002067089080810547
76063,normal,301,0,1782359267.289013,0.0019457340240478516
76064,normal,3443,0,1782359267.2911105,0.002097606658935547
76065,normal,1734,0,1782359267.2930472,0.0019366741180419922
76066,normal,1010,2,1782359267.29488,0.001832723617553711
76067,normal,2977,0,1782359267.2971768,0.002296924591064453
76068,normal,1103,0,1782359267.298873,0.0016961097717285156
76069,normal,3655,0,1782359267.3011827,0.0023097991943359375
76070,normal,825,2,1782359267.302973,0.0017902851104736328
76071,normal,2374,0,1782359267.3050876,0.002114534378051758
76072,normal,2136,0,1782359267.3070128,0.0019252300262451172
76073,normal,3357,1,1782359267.3090937,0.0020809173583984375
76074,normal,843,2,1782359267.311036,0.0019423961639404297
76075,normal,441,0,1782359267.3128872,0.0018510818481445312
76076,normal,2758,0,1782359267.3151968,0.002309560775756836
76077,normal,1928,0,1782359267.3168736,0.001676797866821289
76078,normal,1305,0,1782359267.319181,0.002307415008544922
76079,normal,956,2,1782359267.320894,0.0017130374908447266
76080,normal,888,2,1782359267.3231711,0.0022771358489990234
76081,normal,1427,0,1782359267.3249915,0.0018203258514404297
76082,normal,427,0,1782359267.3273864,0.0023949146270751953
76083,normal,1201,0,1782359267.3294725,0.002086162567138672
76084,normal,1368,1,1782359267.330927,0.0014543533325195312
76085,normal,2110,0,1782359267.333222,0.0022950172424316406
76086,normal,442,0,1782359267.3348706,0.0016486644744873047
76087,normal,1760,0,1782359267.3372145,0.002343893051147461
76088,normal,305,0,1782359267.338945,0.0017304420471191406
76089,normal,1590,0,1782359267.342011,0.0030660629272460938
76090,normal,3309,1,1782359267.3437746,0.0017635822296142578
76091,normal,1394,0,1782359267.3455567,0.0017821788787841797
76092,normal,13,0,1782359267.3468866,0.0013298988342285156
76093,normal,1593,0,1782359267.3493338,0.0024471282958984375
76094,normal,3556,0,1782359267.3508966,0.0015628337860107422
76095,normal,1303,0,1782359267.35386,0.0029633045196533203
76096,normal,1658,0,1782359267.3557608,0.0019009113311767578
76097,normal,2093,0,1782359267.358176,0.002415180206298828
76098,normal,2407,0,1782359267.3590631,0.0008871555328369141
76099,normal,3392,1,1782359267.3611798,0.002116680145263672
76100,normal,1623,0,1782359267.3633373,0.002157449722290039
76101,normal,3196,1,1782359267.3654723,0.002135038375854492
76102,normal,576,0,1782359267.3674097,0.0019373893737792969
76103,normal,1562,0,1782359267.370162,0.0027523040771484375
76104,normal,2051,0,1782359267.3719018,0.0017397403717041016
76105,normal,3621,0,1782359267.3737767,0.0018749237060546875
76106,normal,684,0,1782359267.3755689,0.0017921924591064453
76107,normal,3385,1,1782359267.3774061,0.0018372535705566406
76108,normal,230,0,1782359267.3797793,0.002373218536376953
76109,normal,1107,0,1782359267.381554,0.0017745494842529297
76110,normal,2722,0,1782359267.3834617,0.0019078254699707031
76111,normal,1230,0,1782359267.3848813,0.0014195442199707031
76112,normal,2927,0,1782359267.386853,0.001971721649169922
76113,normal,703,0,1782359267.3889723,0.002119302749633789
76114,normal,1709,0,1782359267.3908653,0.0018930435180664062
76115,normal,1820,0,1782359267.3930898,0.002224445343017578
76116,normal,2974,0,1782359267.394835,0.0017452239990234375
76117,normal,2643,0,1782359267.3968587,0.0020236968994140625
76118,normal,383,0,1782359267.3988655,0.0020067691802978516
76119,normal,3514,0,1782359267.400938,0.002072572708129883
76120,normal,108,0,1782359267.4028194,0.0018813610076904297
76121,normal,1042,0,1782359267.4051452,0.002325773239135742
76122,normal,2523,0,1782359267.406824,0.0016789436340332031
76123,normal,78,0,1782359267.4088223,0.0019981861114501953
76124,normal,1534,0,1782359267.4110053,0.0021829605102539062
76125,normal,1888,0,1782359267.41284,0.0018346309661865234
76126,normal,574,0,1782359267.4149876,0.002147674560546875
76127,normal,79,0,1782359267.416971,0.0019834041595458984
76128,normal,829,2,1782359267.4188817,0.0019106864929199219
76129,normal,2334,0,1782359267.4212291,0.0023474693298339844
76130,normal,1610,0,1782359267.422849,0.0016198158264160156
76131,normal,1488,0,1782359267.424841,0.0019919872283935547
76132,normal,497,0,1782359267.4269814,0.002140522003173828
76133,normal,2790,0,1782359267.428863,0.0018815994262695312
76134,normal,880,2,1782359267.430959,0.002095937728881836
76135,normal,573,0,1782359267.4328203,0.0018613338470458984
76136,normal,275,0,1782359267.434989,0.0021686553955078125
76137,normal,786,2,1782359267.4368176,0.0018286705017089844
76138,normal,3112,1,1782359267.43904,0.002222299575805664
76139,normal,2568,0,1782359267.4408205,0.0017805099487304688
76140,normal,1373,1,1782359267.4428446,0.0020241737365722656
76141,normal,1926,0,1782359267.445025,0.002180337905883789
76142,normal,2639,0,1782359267.446878,0.0018529891967773438
76143,normal,2792,0,1782359267.448961,0.0020830631256103516
76144,normal,1131,0,1782359267.450894,0.0019330978393554688
76145,normal,2680,0,1782359267.4529746,0.0020804405212402344
76146,normal,343,0,1782359267.4548576,0.0018830299377441406
76147,normal,1398,0,1782359267.4569726,0.002115011215209961
76148,normal,1285,0,1782359267.458858,0.0018854141235351562
76149,normal,1913,0,1782359267.4608226,0.001964569091796875
76150,normal,2629,0,1782359267.4630127,0.002190113067626953
76151,normal,1152,0,1782359267.4650273,0.002014636993408203
76152,normal,1118,0,1782359267.4668367,0.0018093585968017578
76153,normal,1515,0,1782359267.468897,0.002060413360595703
76154,normal,2736,0,1782359267.4709747,0.0020775794982910156
76155,normal,2559,0,1782359267.4728155,0.001840829849243164
76156,normal,419,0,1782359267.4748333,0.0020177364349365234
76157,normal,2644,0,1782359267.4769778,0.0021445751190185547
76158,normal,348,0,1782359267.4788296,0.001851797103881836
76159,normal,2072,0,1782359267.480891,0.0020613670349121094
76160,normal,2386,0,1782359267.4828715,0.0019805431365966797
76161,normal,84,0,1782359267.4850018,0.002130270004272461
76162,normal,2615,0,1782359267.486942,0.0019402503967285156
76163,normal,2109,0,1782359267.4890404,0.0020983219146728516
76164,normal,2347,0,1782359267.4909365,0.0018961429595947266
76165,normal,1452,0,1782359267.49304,0.002103567123413086
76166,normal,1852,0,1782359267.4949803,0.0019402503967285156
76167,normal,2458,0,1782359267.4970095,0.0020291805267333984
76168,normal,1052,0,1782359267.4989216,0.0019121170043945312
76169,normal,328,0,1782359267.5010304,0.0021088123321533203
76170,normal,2139,0,1782359267.502856,0.001825571060180664
76171,normal,1775,0,1782359267.505029,0.0021729469299316406
76172,normal,3389,1,1782359267.5069616,0.0019326210021972656
76173,normal,1837,0,1782359267.508833,0.001871347427368164
76174,normal,498,0,1782359267.511072,0.0022389888763427734
76175,normal,1006,2,1782359267.5129569,0.0018849372863769531
76176,normal,1399,0,1782359267.514836,0.0018792152404785156
76177,normal,1758,0,1782359267.5170796,0.002243518829345703
76178,normal,2002,0,1782359267.5189402,0.0018606185913085938
76179,normal,860,2,1782359267.5209997,0.002059459686279297
76180,normal,399,0,1782359267.522952,0.0019524097442626953
76181,normal,1512,0,1782359267.5249848,0.002032756805419922
76182,normal,505,0,1782359267.526835,0.001850128173828125
76183,normal,2830,0,1782359267.5290723,0.0022373199462890625
76184,normal,1327,1,1782359267.530934,0.0018618106842041016
76185,normal,10,0,1782359267.5329804,0.002046346664428711
76186,normal,2685,0,1782359267.5348396,0.0018591880798339844
76187,normal,173,0,1782359267.536978,0.002138376235961914
76188,normal,319,0,1782359267.5388358,0.001857757568359375
76189,normal,1613,0,1782359267.5409536,0.0021178722381591797
76190,normal,1897,0,1782359267.5429373,0.001983642578125
76191,normal,2883,0,1782359267.544973,0.0020356178283691406
76192,normal,1664,0,1782359267.5468323,0.001859426498413086
76193,normal,2396,0,1782359267.5489924,0.0021600723266601562
76194,normal,0,0,1782359267.5508401,0.0018477439880371094
76195,normal,2861,0,1782359267.552951,0.0021109580993652344
76196,normal,1591,0,1782359267.5548656,0.0019145011901855469
76197,normal,959,2,1782359267.5569782,0.0021126270294189453
76198,normal,2075,0,1782359267.5588236,0.0018453598022460938
76199,normal,206,0,1782359267.5611405,0.0023169517517089844
76200,normal,306,0,1782359267.5628293,0.0016887187957763672
76201,normal,1789,0,1782359267.564945,0.0021157264709472656
76202,normal,1019,2,1782359267.566928,0.0019829273223876953
76203,normal,2982,0,1782359267.5689917,0.002063751220703125
76204,normal,548,0,1782359267.5708833,0.0018916130065917969
76205,normal,1984,0,1782359267.573018,0.0021347999572753906
76206,normal,2826,0,1782359267.5748017,0.001783609390258789
76207,normal,2648,0,1782359267.5771031,0.002301454544067383
76208,normal,3138,1,1782359267.5789864,0.0018832683563232422
76209,normal,2019,0,1782359267.5818985,0.0029120445251464844
76210,normal,1460,0,1782359267.5828178,0.000919342041015625
76211,normal,1237,0,1782359267.5849745,0.0021567344665527344
76212,normal,2446,0,1782359267.5868127,0.0018382072448730469
76213,normal,1501,0,1782359267.5888963,0.0020835399627685547
76214,normal,2069,0,1782359267.5908613,0.001965045928955078
76215,normal,2134,0,1782359267.5928082,0.0019469261169433594
76216,normal,1049,0,1782359267.5948265,0.0020182132720947266
76217,normal,496,0,1782359267.5969412,0.0021147727966308594
76218,normal,1325,1,1782359267.59878,0.00183868408203125
76219,normal,1971,0,1782359267.600866,0.002086162567138672
76220,normal,1291,0,1782359267.6028972,0.002031087875366211
76221,normal,3688,0,1782359267.6049156,0.002018451690673828
76222,normal,1328,1,1782359267.6068718,0.0019562244415283203
76223,normal,907,2,1782359267.6088336,0.0019617080688476562
76224,normal,2385,0,1782359267.6107888,0.001955270767211914
76225,normal,2664,0,1782359267.6128385,0.002049684524536133
76226,normal,3051,1,1782359267.6148417,0.002003192901611328
76227,normal,349,0,1782359267.6168432,0.002001523971557617
76228,normal,1964,0,1782359267.6189914,0.002148151397705078
76229,normal,1159,0,1782359267.6209533,0.001961946487426758
76230,normal,987,2,1782359267.6228435,0.0018901824951171875
76231,normal,635,0,1782359267.6249669,0.0021233558654785156
76232,normal,774,2,1782359267.6270595,0.002092599868774414
76233,normal,619,0,1782359267.6288376,0.0017781257629394531
76234,normal,1269,0,1782359267.6309788,0.002141237258911133
76235,normal,3355,1,1782359267.6329505,0.001971721649169922
76236,normal,3649,0,1782359267.634868,0.0019173622131347656
76237,normal,3630,0,1782359267.6369593,0.0020914077758789062
76238,normal,470,0,1782359267.6389651,0.0020058155059814453
76239,normal,960,2,1782359267.6408467,0.0018815994262695312
76240,normal,2348,0,1782359267.6429338,0.002087116241455078
76241,normal,2330,0,1782359267.644943,0.002009153366088867
76242,normal,342,0,1782359267.6470666,0.002123594284057617
76243,normal,3021,0,1782359267.6491375,0.002070903778076172
76244,normal,199,0,1782359267.6510491,0.0019116401672363281
76245,normal,302,0,1782359267.6528559,0.0018067359924316406
76246,normal,2775,0,1782359267.6549647,0.0021088123321533203
76247,normal,2577,0,1782359267.656966,0.0020012855529785156
76248,normal,2367,0,1782359267.6589015,0.0019354820251464844
76249,normal,34,0,1782359267.6610188,0.0021173954010009766
76250,normal,3417,0,1782359267.6629605,0.001941680908203125
76251,normal,2718,0,1782359267.6648657,0.001905202865600586
76252,normal,815,2,1782359267.6669645,0.0020987987518310547
76253,normal,2913,0,1782359267.668956,0.0019915103912353516
76254,normal,451,0,1782359267.6708467,0.0018906593322753906
76255,normal,1767,0,1782359267.672967,0.0021202564239501953
76256,normal,3227,1,1782359267.675051,0.002084016799926758
76257,normal,1000,2,1782359267.6769865,0.0019354820251464844
76258,normal,3310,1,1782359267.6790416,0.0020551681518554688
76259,normal,3479,0,1782359267.681046,0.002004384994506836
76260,normal,3054,1,1782359267.682932,0.0018858909606933594
76261,normal,1229,0,1782359267.68506,0.002128124237060547
76262,normal,1374,1,1782359267.6870499,0.0019898414611816406
76263,normal,3114,1,1782359267.6889055,0.001855611801147461
76264,normal,562,0,1782359267.6911407,0.0022351741790771484
76265,normal,149,0,1782359267.6929233,0.0017826557159423828
76266,normal,2820,0,1782359267.6948392,0.0019159317016601562
76267,normal,1851,0,1782359267.6969576,0.002118349075317383
76268,normal,952,2,1782359267.6988697,0.0019121170043945312
76269,normal,2761,0,1782359267.7008662,0.0019965171813964844
76270,normal,3161,1,1782359267.7028613,0.001995086669921875
76271,normal,489,0,1782359267.704893,0.0020318031311035156
76272,normal,905,2,1782359267.706944,0.0020508766174316406
76273,normal,439,0,1782359267.7089581,0.00201416015625
76274,normal,3118,1,1782359267.711066,0.002107858657836914
76275,normal,1387,0,1782359267.7130356,0.001969575881958008
76276,normal,3320,1,1782359267.715039,0.0020034313201904297
76277,normal,1695,0,1782359267.7169816,0.0019426345825195312
76278,normal,219,0,1782359267.719029,0.002047300338745117
76279,normal,3511,0,1782359267.720905,0.0018761157989501953
76280,normal,1449,0,1782359267.722919,0.0020139217376708984
76281,normal,3228,1,1782359267.7248957,0.0019767284393310547
76282,normal,2295,0,1782359267.7268803,0.0019845962524414062
76283,normal,903,2,1782359267.7289827,0.002102375030517578
76284,normal,3108,1,1782359267.7309282,0.00194549560546875
76285,normal,3527,0,1782359267.7329216,0.001993417739868164
76286,normal,1123,0,1782359267.7348726,0.001950979232788086
76287,normal,1198,0,1782359267.7368643,0.001991748809814453
76288,normal,3708,0,1782359267.738868,0.0020036697387695312
76289,normal,600,0,1782359267.7414055,0.0025374889373779297
76290,normal,1809,0,1782359267.7429523,0.0015468597412109375
76291,normal,3122,1,1782359267.7449167,0.0019643306732177734
76292,normal,3422,0,1782359267.7469008,0.001984119415283203
76293,normal,1268,0,1782359267.7488985,0.001997709274291992
76294,normal,3453,0,1782359267.7510216,0.002123117446899414
76295,normal,2389,0,1782359267.7531095,0.002087831497192383
76296,normal,2575,0,1782359267.754934,0.0018246173858642578
76297,normal,1424,0,1782359267.7569013,0.001967191696166992
76298,normal,2943,0,1782359267.7588937,0.001992464065551758
76299,normal,37,0,1782359267.7609155,0.00202178955078125
76300,normal,525,0,1782359267.7629151,0.0019996166229248047
76301,normal,1494,0,1782359267.7650187,0.002103567123413086
76302,normal,88,0,1782359267.7670276,0.0020089149475097656
76303,normal,3193,1,1782359267.7690077,0.0019800662994384766
76304,normal,2143,0,1782359267.7709985,0.001990795135498047
76305,normal,2657,0,1782359267.7729914,0.001992940902709961
76306,normal,453,0,1782359267.7749367,0.0019452571868896484
76307,normal,1476,0,1782359267.7771592,0.0022225379943847656
76308,normal,57,0,1782359267.7789705,0.0018112659454345703
76309,normal,1355,1,1782359267.780959,0.0019884109497070312
76310,normal,1904,0,1782359267.7832046,0.002245664596557617
76311,normal,3062,1,1782359267.7851746,0.001970052719116211
76312,normal,294,0,1782359267.7868288,0.0016541481018066406
76313,normal,2137,0,1782359267.7888234,0.001994609832763672
76314,normal,692,0,1782359267.7909257,0.002102375030517578
76315,normal,1412,0,1782359267.792894,0.0019681453704833984
76316,normal,1095,0,1782359267.7948952,0.0020012855529785156
76317,normal,3245,1,1782359267.7968845,0.0019893646240234375
76318,normal,2255,0,1782359267.7989035,0.0020189285278320312
76319,normal,358,0,1782359267.8009372,0.002033710479736328
76320,normal,834,2,1782359267.802959,0.00202178955078125
76321,normal,599,0,1782359267.8049676,0.002008676528930664
76322,normal,3535,0,1782359267.8068864,0.001918792724609375
76323,normal,1617,0,1782359267.8089333,0.002046823501586914
76324,normal,1696,0,1782359267.810956,0.0020227432250976562
76325,normal,1088,0,1782359267.8129606,0.0020046234130859375
76326,normal,961,2,1782359267.814933,0.0019724369049072266
76327,normal,213,0,1782359267.8168793,0.0019462108612060547
76328,normal,749,0,1782359267.8189056,0.0020263195037841797
76329,normal,51,0,1782359267.820884,0.0019783973693847656
76330,normal,1573,0,1782359267.8228889,0.002004861831665039
76331,normal,2435,0,1782359267.8248918,0.0020029544830322266
76332,normal,2206,0,1782359267.826898,0.0020062923431396484
76333,normal,2161,0,1782359267.8288872,0.001989126205444336
76334,normal,2542,0,1782359267.8309348,0.0020475387573242188
76335,normal,1906,0,1782359267.8329635,0.0020287036895751953
76336,normal,1186,0,1782359267.834887,0.0019235610961914062
76337,normal,2933,0,1782359267.8368797,0.0019927024841308594
76338,normal,2282,0,1782359267.8388958,0.0020160675048828125
76339,normal,1936,0,1782359267.8408782,0.001982450485229492
76340,normal,1516,0,1782359267.8428748,0.0019965171813964844
76341,normal,1462,0,1782359267.8449283,0.002053499221801758
76342,normal,633,0,1782359267.8469484,0.002020120620727539
76343,normal,3109,1,1782359267.8489969,0.002048492431640625
76344,normal,202,0,1782359267.8509665,0.001969575881958008
76345,normal,1002,2,1782359267.8529193,0.0019528865814208984
76346,normal,2508,0,1782359267.854903,0.001983642578125
76347,normal,3569,0,1782359267.8569345,0.002031564712524414
76348,normal,3573,0,1782359267.8588634,0.0019288063049316406
76349,normal,1638,0,1782359267.8608677,0.002004384994506836
76350,normal,2528,0,1782359267.8628652,0.0019974708557128906
76351,normal,1307,0,1782359267.8651876,0.0023224353790283203
76352,normal,1175,0,1782359267.86693,0.0017423629760742188
76353,normal,3432,0,1782359267.8689563,0.0020263195037841797
76354,normal,2598,0,1782359267.8710794,0.002123117446899414
76355,normal,240,0,1782359267.8731368,0.002057313919067383
76356,normal,3034,0,1782359267.8748515,0.0017147064208984375
76357,normal,2033,0,1782359267.8770502,0.0021986961364746094
76358,normal,3291,1,1782359267.8790584,0.002008199691772461
76359,normal,950,2,1782359267.880929,0.0018706321716308594
76360,normal,760,0,1782359267.8828647,0.001935720443725586
76361,normal,3143,1,1782359267.8848617,0.0019969940185546875
76362,normal,1060,0,1782359267.8868773,0.0020155906677246094
76363,normal,782,2,1782359267.888997,0.002119779586791992
76364,normal,934,2,1782359267.8908813,0.0018842220306396484
76365,normal,3242,1,1782359267.892784,0.0019028186798095703
76366,normal,3571,0,1782359267.894859,0.0020749568939208984
76367,normal,912,2,1782359267.89694,0.0020809173583984375
76368,normal,452,0,1782359267.8993585,0.00241851806640625
76369,normal,748,0,1782359267.9009366,0.0015780925750732422
76370,normal,97,0,1782359267.9029243,0.0019876956939697266
76371,normal,2864,0,1782359267.9049041,0.001979827880859375
76372,normal,1866,0,1782359267.906917,0.002012968063354492
76373,normal,2533,0,1782359267.9090104,0.0020933151245117188
76374,normal,2117,0,1782359267.911184,0.0021736621856689453
76375,normal,361,0,1782359267.9129002,0.0017161369323730469
76376,normal,3418,0,1782359267.914964,0.002063751220703125
76377,normal,2327,0,1782359267.9168723,0.0019083023071289062
76378,normal,2399,0,1782359267.918919,0.002046823501586914
76379,normal,2234,0,1782359267.9209292,0.0020101070404052734
76380,normal,3103,1,1782359267.922998,0.002068758010864258
76381,normal,830,2,1782359267.925093,0.0020949840545654297
76382,normal,2800,0,1782359267.9269924,0.0018994808197021484
76383,normal,2925,0,1782359267.9289854,0.001992940902709961
76384,normal,114,0,1782359267.9310637,0.0020782947540283203
76385,normal,682,0,1782359267.9329193,0.001855611801147461
76386,normal,2621,0,1782359267.935178,0.002258777618408203
76387,normal,1182,0,1782359267.9370046,0.0018265247344970703
76388,normal,2479,0,1782359267.938953,0.0019483566284179688
76389,normal,3148,1,1782359267.9410446,0.002091646194458008
76390,normal,465,0,1782359267.9430478,0.002003192901611328
76391,normal,1564,0,1782359267.944883,0.0018353462219238281
76392,normal,3697,0,1782359267.9468825,0.001999378204345703
76393,normal,1580,0,1782359267.9489822,0.002099752426147461
76394,normal,927,2,1782359267.9508944,0.0019121170043945312
76395,normal,3091,1,1782359267.9529192,0.0020248889923095703
76396,normal,2277,0,1782359267.954888,0.001968860626220703
76397,normal,407,0,1782359267.9569042,0.0020160675048828125
76398,normal,472,0,1782359267.9589293,0.002025127410888672
76399,normal,3265,1,1782359267.9609816,0.00205230712890625
76400,normal,1882,0,1782359267.9630008,0.002019166946411133
76401,normal,1990,0,1782359267.9649692,0.0019683837890625
76402,normal,3607,0,1782359267.9668713,0.0019021034240722656
76403,normal,728,0,1782359267.9689577,0.0020864009857177734
76404,normal,2953,0,1782359267.970963,0.002005338668823242
76405,normal,1796,0,1782359267.9730086,0.0020456314086914062
76406,normal,269,0,1782359267.974913,0.0019042491912841797
76407,normal,3470,0,1782359267.9769,0.0019872188568115234
76408,normal,266,0,1782359267.9788904,0.0019903182983398438
76409,normal,2586,0,1782359267.9808855,0.001995086669921875
76410,normal,430,0,1782359267.9828985,0.002012968063354492
76411,normal,2581,0,1782359267.9848945,0.0019960403442382812
76412,normal,1238,0,1782359267.9869137,0.002019166946411133
76413,normal,2028,0,1782359267.988905,0.00199127197265625
76414,normal,689,0,1782359267.9909067,0.0020017623901367188
76415,normal,2097,0,1782359267.992986,0.0020792484283447266
76416,normal,2816,0,1782359267.9948907,0.0019047260284423828
76417,normal,1289,0,1782359267.9968886,0.0019979476928710938
76418,normal,2651,0,1782359267.9988852,0.0019965171813964844
76419,normal,2196,0,1782359268.000871,0.001985788345336914
76420,normal,2248,0,1782359268.0028849,0.0020139217376708984
76421,normal,50,0,1782359268.0049515,0.0020666122436523438
76422,normal,1210,0,1782359268.0069578,0.0020062923431396484
76423,normal,1392,0,1782359268.0089855,0.002027750015258789
76424,normal,1960,0,1782359268.0109506,0.001965045928955078
76425,normal,2645,0,1782359268.0129213,0.0019707679748535156
76426,normal,1071,0,1782359268.0149064,0.0019850730895996094
76427,normal,3129,1,1782359268.0169294,0.002022981643676758
76428,normal,1197,0,1782359268.0189567,0.002027273178100586
76429,normal,1300,0,1782359268.0217335,0.0027768611907958984
76430,normal,1925,0,1782359268.0228024,0.0010688304901123047
76431,normal,1375,1,1782359268.024895,0.002092599868774414
76432,normal,968,2,1782359268.0270863,0.002191305160522461
76433,normal,1828,0,1782359268.0289252,0.0018389225006103516
76434,normal,3301,1,1782359268.0310214,0.0020961761474609375
76435,normal,278,0,1782359268.0330722,0.0020508766174316406
76436,normal,45,0,1782359268.0351558,0.0020835399627685547
76437,normal,3035,0,1782359268.036871,0.0017151832580566406
76438,normal,2715,0,1782359268.039026,0.0021550655364990234
76439,normal,3207,1,1782359268.0410779,0.002051830291748047
76440,normal,2760,0,1782359268.0429478,0.0018699169158935547
76441,normal,3664,0,1782359268.0448773,0.0019295215606689453
76442,normal,300,0,1782359268.0468695,0.0019922256469726562
76443,normal,2289,0,1782359268.0488722,0.002002716064453125
76444,normal,1444,0,1782359268.0510895,0.0022172927856445312
76445,normal,2397,0,1782359268.0528395,0.0017499923706054688
76446,normal,1872,0,1782359268.0548646,0.002025127410888672
76447,normal,142,0,1782359268.056866,0.0020012855529785156
76448,normal,2173,0,1782359268.0588655,0.0019996166229248047
76449,normal,3592,0,1782359268.0612235,0.002357959747314453
76450,normal,502,0,1782359268.0631745,0.001950979232788086
76451,normal,3439,0,1782359268.0650036,0.0018291473388671875
76452,normal,3623,0,1782359268.0669324,0.0019288063049316406
76453,normal,1410,0,1782359268.068917,0.0019845962524414062
76454,normal,2005,0,1782359268.0709019,0.001984834671020508
76455,normal,338,0,1782359268.0729582,0.0020563602447509766
76456,normal,3353,1,1782359268.0752096,0.0022513866424560547
76457,normal,1491,0,1782359268.0768688,0.0016591548919677734
76458,normal,30,0,1782359268.0789254,0.002056598663330078
76459,normal,2103,0,1782359268.0808468,0.0019214153289794922
76460,normal,1568,0,1782359268.0829253,0.002078533172607422
76461,normal,429,0,1782359268.084924,0.0019986629486083984
76462,normal,1645,0,1782359268.0870345,0.0021104812622070312
76463,normal,868,2,1782359268.089095,0.0020606517791748047
76464,normal,2451,0,1782359268.0910268,0.0019316673278808594
76465,normal,2534,0,1782359268.0930185,0.001991748809814453
76466,normal,133,0,1782359268.0950599,0.002041339874267578
76467,normal,1277,0,1782359268.0968874,0.0018274784088134766
76468,normal,52,0,1782359268.099065,0.002177715301513672
76469,normal,2660,0,1782359268.1012435,0.0021784305572509766
76470,normal,1802,0,1782359268.1029353,0.0016918182373046875
76471,normal,865,2,1782359268.1048837,0.0019483566284179688
76472,normal,838,2,1782359268.107288,0.0024042129516601562
76473,normal,2783,0,1782359268.1089947,0.001706838607788086
76474,normal,1208,0,1782359268.1108446,0.0018498897552490234
76475,normal,1769,0,1782359268.112899,0.002054452896118164
76476,normal,2293,0,1782359268.1149518,0.002052783966064453
76477,normal,2993,0,1782359268.1169438,0.0019919872283935547
76478,normal,1985,0,1782359268.1189013,0.001957416534423828
76479,normal,3465,0,1782359268.120897,0.0019958019256591797
76480,normal,2633,0,1782359268.1228788,0.0019817352294921875
76481,normal,3007,0,1782359268.1249213,0.002042531967163086
76482,normal,87,0,1782359268.1269543,0.0020329952239990234
76483,normal,2494,0,1782359268.1289804,0.002026081085205078
76484,normal,3071,1,1782359268.130955,0.0019745826721191406
76485,normal,650,0,1782359268.1328957,0.0019407272338867188
76486,normal,2828,0,1782359268.1349428,0.0020470619201660156
76487,normal,226,0,1782359268.1369624,0.002019643783569336
76488,normal,66,0,1782359268.138991,0.0020287036895751953
76489,normal,2442,0,1782359268.14089,0.0018987655639648438
76490,normal,3369,1,1782359268.142897,0.002007007598876953
76491,normal,387,0,1782359268.1448941,0.001997232437133789
76492,normal,585,0,1782359268.1468914,0.001997232437133789
76493,normal,410,0,1782359268.1488898,0.001998424530029297
76494,normal,3382,1,1782359268.150938,0.0020482540130615234
76495,normal,3575,0,1782359268.152929,0.0019910335540771484
76496,normal,3380,1,1782359268.1549475,0.002018451690673828
76497,normal,1508,0,1782359268.1569395,0.0019919872283935547
76498,normal,1225,0,1782359268.1588905,0.001950979232788086
76499,normal,2923,0,1782359268.1608822,0.001991748809814453
76500,normal,3058,1,1782359268.1628911,0.0020089149475097656
76501,normal,1546,0,1782359268.164902,0.002010822296142578
76502,normal,1299,0,1782359268.1668878,0.001985788345336914
76503,normal,3189,1,1782359268.1689432,0.0020554065704345703
76504,normal,3056,1,1782359268.171104,0.002160787582397461
76505,normal,350,0,1782359268.1729934,0.0018894672393798828
76506,normal,1214,0,1782359268.1748235,0.0018301010131835938
76507,normal,2492,0,1782359268.1769152,0.002091646194458008
76508,normal,2640,0,1782359268.1789331,0.002017974853515625
76509,normal,3476,0,1782359268.1807826,0.0018494129180908203
76510,normal,3338,1,1782359268.1828547,0.0020720958709716797
76511,normal,3546,0,1782359268.1848392,0.0019845962524414062
76512,normal,2999,0,1782359268.1869984,0.00215911865234375
76513,normal,2684,0,1782359268.1889312,0.0019328594207763672
76514,normal,2739,0,1782359268.1909866,0.0020554065704345703
76515,normal,131,0,1782359268.1930437,0.0020570755004882812
76516,normal,664,0,1782359268.195129,0.0020852088928222656
76517,normal,2081,0,1782359268.1969397,0.0018107891082763672
76518,normal,1430,0,1782359268.1990075,0.0020678043365478516
76519,normal,1596,0,1782359268.2010853,0.002077817916870117
76520,normal,1306,0,1782359268.2028756,0.0017902851104736328
76521,normal,779,2,1782359268.2048573,0.0019817352294921875
76522,normal,2560,0,1782359268.2068775,0.002020120620727539
76523,normal,3659,0,1782359268.2088537,0.0019762516021728516
76524,normal,1608,0,1782359268.2110221,0.002168416976928711
76525,normal,2316,0,1782359268.2127717,0.0017495155334472656
76526,normal,1569,0,1782359268.2148495,0.002077817916870117
76527,normal,1378,1,1782359268.2168505,0.002001047134399414
76528,normal,1091,0,1782359268.219047,0.0021965503692626953
76529,normal,2520,0,1782359268.2210426,0.001995563507080078
76530,normal,272,0,1782359268.2228954,0.0018527507781982422
76531,normal,2745,0,1782359268.2250183,0.0021228790283203125
76532,normal,2692,0,1782359268.2269266,0.0019083023071289062
76533,normal,2496,0,1782359268.2289336,0.002007007598876953
76534,normal,3295,1,1782359268.2309222,0.001988649368286133
76535,normal,378,0,1782359268.2329865,0.002064228057861328
76536,normal,1213,0,1782359268.235118,0.0021314620971679688
76537,normal,3529,0,1782359268.2369463,0.0018284320831298828
76538,normal,281,0,1782359268.2388973,0.001950979232788086
76539,normal,1592,0,1782359268.2409005,0.002003192901611328
76540,normal,575,0,1782359268.242904,0.0020034313201904297
76541,normal,947,2,1782359268.2449284,0.002024412155151367
76542,normal,757,0,1782359268.2469633,0.002034902572631836
76543,normal,390,0,1782359268.2489426,0.001979351043701172
76544,normal,1941,0,1782359268.2509313,0.001988649368286133
76545,normal,1719,0,1782359268.2533836,0.002452373504638672
76546,normal,2979,0,1782359268.2554808,0.0020971298217773438
76547,normal,803,2,1782359268.2569065,0.0014257431030273438
76548,normal,2653,0,1782359268.2588694,0.001962900161743164
76549,normal,700,0,1782359268.26095,0.002080678939819336
76550,normal,2489,0,1782359268.262993,0.002043008804321289
76551,normal,1511,0,1782359268.2649453,0.0019521713256835938
76552,normal,1315,0,1782359268.2670674,0.002122163772583008
76553,normal,2088,0,1782359268.2689269,0.001859426498413086
76554,normal,1405,0,1782359268.2710907,0.0021638870239257812
76555,normal,2859,0,1782359268.2730389,0.0019481182098388672
76556,normal,878,2,1782359268.2748926,0.0018537044525146484
76557,normal,191,0,1782359268.276815,0.0019223690032958984
76558,normal,1771,0,1782359268.2789483,0.0021333694458007812
76559,normal,166,0,1782359268.2808921,0.001943826675415039
76560,normal,3541,0,1782359268.2829056,0.0020134449005126953
76561,normal,3235,1,1782359268.2849011,0.001995563507080078
76562,normal,848,2,1782359268.286876,0.001974821090698242
76563,normal,83,0,1782359268.2889192,0.0020432472229003906
76564,normal,3159,1,1782359268.2909203,0.002001047134399414
76565,normal,2922,0,1782359268.2929833,0.0020630359649658203
76566,normal,1179,0,1782359268.294973,0.001989603042602539
76567,normal,1250,0,1782359268.2968647,0.0018918514251708984
76568,normal,3006,0,1782359268.298962,0.0020973682403564453
76569,normal,1161,0,1782359268.3009615,0.001999378204345703
76570,normal,1485,0,1782359268.3029947,0.002033233642578125
76571,normal,2288,0,1782359268.3049126,0.0019178390502929688
76572,normal,1680,0,1782359268.3068929,0.001980304718017578
76573,normal,597,0,1782359268.3089046,0.0020117759704589844
76574,normal,16,0,1782359268.3108954,0.001990795135498047
76575,normal,2210,0,1782359268.3128924,0.0019969940185546875
76576,normal,110,0,1782359268.31492,0.0020275115966796875
76577,normal,2048,0,1782359268.316937,0.0020170211791992188
76578,normal,1575,0,1782359268.3189278,0.001990795135498047
76579,normal,524,0,1782359268.3209708,0.002043008804321289
76580,normal,1085,0,1782359268.3229008,0.0019299983978271484
76581,normal,2871,0,1782359268.324891,0.0019903182983398438
76582,normal,831,2,1782359268.326896,0.002004861831665039
76583,normal,2743,0,1782359268.3288994,0.0020034313201904297
76584,normal,1824,0,1782359268.3309307,0.0020313262939453125
76585,normal,1874,0,1782359268.33292,0.0019893646240234375
76586,normal,3510,0,1782359268.3350005,0.0020804405212402344
76587,normal,2590,0,1782359268.337225,0.002224445343017578
76588,normal,698,0,1782359268.338852,0.0016269683837890625
76589,normal,608,0,1782359268.3409238,0.002071857452392578
76590,normal,638,0,1782359268.342938,0.00201416015625
76591,normal,648,0,1782359268.3449037,0.001965761184692383
76592,normal,1748,0,1782359268.3469012,0.0019974708557128906
76593,normal,670,0,1782359268.3489153,0.00201416015625
76594,normal,161,0,1782359268.3508713,0.0019559860229492188
76595,normal,255,0,1782359268.3529778,0.0021064281463623047
76596,normal,1331,1,1782359268.3550134,0.0020356178283691406
76597,normal,1433,0,1782359268.3568769,0.0018634796142578125
76598,normal,1671,0,1782359268.3589733,0.002096414566040039
76599,normal,1886,0,1782359268.3609986,0.0020253658294677734
76600,normal,1953,0,1782359268.3631437,0.002145051956176758
76601,normal,320,0,1782359268.3648086,0.001664876937866211
76602,normal,1469,0,1782359268.3668354,0.002026796340942383
76603,normal,3565,0,1782359268.368906,0.0020706653594970703
76604,normal,855,2,1782359268.3708918,0.001985788345336914
76605,normal,2851,0,1782359268.372784,0.00189208984375
76606,normal,1700,0,1782359268.374778,0.0019941329956054688
76607,normal,2812,0,1782359268.3767676,0.001989603042602539
76608,normal,643,0,1782359268.3787725,0.002004861831665039
76609,normal,1275,0,1782359268.3808062,0.002033710479736328
76610,normal,1651,0,1782359268.3827863,0.0019800662994384766
76611,normal,1390,0,1782359268.384833,0.002046823501586914
76612,normal,2067,0,1782359268.3868186,0.0019855499267578125
76613,normal,580,0,1782359268.388805,0.001986265182495117
76614,normal,572,0,1782359268.3907945,0.001989603042602539
76615,normal,3299,1,1782359268.3934057,0.0026111602783203125
76616,normal,2842,0,1782359268.394958,0.0015523433685302734
76617,normal,1178,0,1782359268.3968217,0.001863718032836914
76618,normal,933,2,1782359268.398812,0.0019903182983398438
76619,normal,1611,0,1782359268.400803,0.0019910335540771484
76620,normal,3704,0,1782359268.402798,0.0019948482513427734
76621,normal,92,0,1782359268.4049625,0.002164602279663086
76622,normal,758,0,1782359268.406891,0.001928567886352539
76623,normal,1432,0,1782359268.4088027,0.0019116401672363281
76624,normal,990,2,1782359268.4108033,0.002000570297241211
76625,normal,3188,1,1782359268.4128115,0.002008199691772461
76626,normal,1962,0,1782359268.4148228,0.0020112991333007812
76627,normal,2985,0,1782359268.4168394,0.0020165443420410156
76628,normal,3606,0,1782359268.4190814,0.0022420883178710938
76629,normal,1612,0,1782359268.420945,0.0018634796142578125
76630,normal,1195,0,1782359268.422949,0.0020041465759277344
76631,normal,3486,0,1782359268.4249594,0.002010345458984375
76632,normal,2810,0,1782359268.4269598,0.0020003318786621094
76633,normal,549,0,1782359268.4288764,0.001916646957397461
76634,normal,352,0,1782359268.4310744,0.0021979808807373047
76635,normal,3204,1,1782359268.433001,0.0019266605377197266
76636,normal,3580,0,1782359268.4349182,0.001917123794555664
76637,normal,2439,0,1782359268.4367902,0.0018720626831054688
76638,normal,2522,0,1782359268.4389687,0.0021784305572509766
76639,normal,1055,0,1782359268.4410102,0.0020415782928466797
76640,normal,2203,0,1782359268.4427745,0.0017642974853515625
76641,normal,2237,0,1782359268.4447572,0.0019826889038085938
76642,normal,884,2,1782359268.446824,0.0020668506622314453
76643,normal,1292,0,1782359268.4488254,0.0020012855529785156
76644,normal,1113,0,1782359268.450937,0.002111673355102539
76645,normal,3023,0,1782359268.4528039,0.0018668174743652344
76646,normal,1431,0,1782359268.4547844,0.0019805431365966797
76647,normal,244,0,1782359268.4568167,0.0020322799682617188
76648,normal,3064,1,1782359268.45889,0.0020732879638671875
76649,normal,992,2,1782359268.4609027,0.0020127296447753906
76650,normal,1425,0,1782359268.462896,0.001993417739868164
76651,normal,651,0,1782359268.4647858,0.0018897056579589844
76652,normal,3041,0,1782359268.4668708,0.002084970474243164
76653,normal,351,0,1782359268.4688466,0.0019757747650146484
76654,normal,1241,0,1782359268.4709299,0.002083301544189453
76655,normal,2371,0,1782359268.4728353,0.0019054412841796875
76656,normal,587,0,1782359268.4747887,0.0019533634185791016
76657,normal,2066,0,1782359268.4767902,0.002001523971557617
76658,normal,382,0,1782359268.478806,0.002015829086303711
76659,normal,2856,0,1782359268.480792,0.0019860267639160156
76660,normal,1832,0,1782359268.482796,0.002003908157348633
76661,normal,2567,0,1782359268.4848182,0.002022266387939453
76662,normal,2924,0,1782359268.486797,0.0019788742065429688
76663,normal,1868,0,1782359268.4888124,0.002015352249145508
76664,normal,3434,0,1782359268.4908054,0.001992940902709961
76665,normal,2302,0,1782359268.4929047,0.002099275588989258
76666,normal,2349,0,1782359268.4947941,0.0018894672393798828
76667,normal,1082,0,1782359268.4967892,0.001995086669921875
76668,normal,819,2,1782359268.4987848,0.001995563507080078
76669,normal,3305,1,1782359268.5007892,0.002004384994506836
76670,normal,3009,0,1782359268.5027905,0.0020012855529785156
76671,normal,2505,0,1782359268.5048184,0.0020279884338378906
76672,normal,530,0,1782359268.506854,0.0020356178283691406
76673,normal,234,0,1782359268.508894,0.0020399093627929688
76674,normal,2686,0,1782359268.5109153,0.002021312713623047
76675,normal,3588,0,1782359268.5128458,0.0019304752349853516
76676,normal,3201,1,1782359268.5148194,0.0019736289978027344
76677,normal,3636,0,1782359268.51683,0.0020105838775634766
76678,normal,1509,0,1782359268.5188298,0.0019998550415039062
76679,normal,2459,0,1782359268.5207725,0.0019426345825195312
76680,normal,3501,0,1782359268.5227716,0.0019991397857666016
76681,normal,2646,0,1782359268.5247722,0.002000570297241211
76682,normal,229,0,1782359268.5269773,0.0022051334381103516
76683,normal,3272,1,1782359268.5289059,0.001928567886352539
76684,normal,722,0,1782359268.5308986,0.0019927024841308594
76685,normal,2576,0,1782359268.5329866,0.0020880699157714844
76686,normal,1547,0,1782359268.5349207,0.001934051513671875
76687,normal,235,0,1782359268.5369716,0.0020508766174316406
76688,normal,2324,0,1782359268.5388777,0.0019061565399169922
76689,normal,2959,0,1782359268.5409496,0.002071857452392578
76690,normal,1843,0,1782359268.5430288,0.0020792484283447266
76691,normal,2716,0,1782359268.5447855,0.0017566680908203125
76692,normal,420,0,1782359268.546774,0.0019884109497070312
76693,normal,1076,0,1782359268.5487678,0.001993894577026367
76694,normal,2917,0,1782359268.550772,0.0020041465759277344
76695,normal,2708,0,1782359268.5529335,0.0021615028381347656
76696,normal,3251,1,1782359268.5547988,0.001865386962890625
76697,normal,347,0,1782359268.556782,0.001983165740966797
76698,normal,1918,0,1782359268.5587752,0.0019931793212890625
76699,normal,3203,1,1782359268.5607672,0.0019919872283935547
76700,normal,3134,1,1782359268.5630393,0.0022721290588378906
76701,normal,1050,0,1782359268.5651295,0.0020902156829833984
76702,normal,122,0,1782359268.5668685,0.0017390251159667969
76703,normal,2498,0,1782359268.5688298,0.001961231231689453
76704,normal,2122,0,1782359268.5708125,0.0019826889038085938
76705,normal,734,0,1782359268.5728061,0.0019936561584472656
76706,normal,2579,0,1782359268.5748038,0.001997709274291992
76707,normal,1782,0,1782359268.5770714,0.002267599105834961
76708,normal,171,0,1782359268.5788434,0.0017719268798828125
76709,normal,872,2,1782359268.5808492,0.0020058155059814453
76710,normal,2537,0,1782359268.5828276,0.0019783973693847656
76711,normal,2894,0,1782359268.5848243,0.001996755599975586
76712,normal,2345,0,1782359268.5868173,0.001992940902709961
76713,normal,2967,0,1782359268.589101,0.002283811569213867
76714,normal,1114,0,1782359268.5910041,0.0019030570983886719
76715,normal,2200,0,1782359268.5929718,0.0019676685333251953
76716,normal,2453,0,1782359268.594927,0.001955270767211914
76717,normal,844,2,1782359268.5969665,0.0020394325256347656
76718,normal,357,0,1782359268.5989544,0.001987934112548828
76719,normal,2261,0,1782359268.6008143,0.001859903335571289
76720,normal,492,0,1782359268.6031215,0.0023071765899658203
76721,normal,1598,0,1782359268.6050324,0.0019109249114990234
76722,normal,473,0,1782359268.6068568,0.0018243789672851562
76723,normal,867,2,1782359268.609182,0.0023250579833984375
76724,normal,2416,0,1782359268.611306,0.0021240711212158203
76725,normal,3349,1,1782359268.6128457,0.0015397071838378906
76726,normal,1722,0,1782359268.614842,0.001996278762817383
76727,normal,3707,0,1782359268.6167932,0.0019512176513671875
76728,normal,1441,0,1782359268.61885,0.0020568370819091797
76729,normal,172,0,1782359268.6215653,0.0027153491973876953
76730,normal,3464,0,1782359268.622793,0.0012276172637939453
76731,normal,2084,0,1782359268.6248055,0.002012491226196289
76732,normal,2815,0,1782359268.6268094,0.002003908157348633
76733,normal,1271,0,1782359268.6288383,0.002028942108154297
76734,normal,2235,0,1782359268.6308753,0.00203704833984375
76735,normal,3015,0,1782359268.6328785,0.002003192901611328
76736,normal,3485,0,1782359268.6349328,0.0020542144775390625
76737,normal,3703,0,1782359268.6368248,0.00189208984375
76738,normal,1571,0,1782359268.638843,0.0020182132720947266
76739,normal,2172,0,1782359268.6408992,0.002056121826171875
76740,normal,2146,0,1782359268.6428823,0.001983165740966797
76741,normal,704,0,1782359268.6449654,0.0020830631256103516
76742,normal,1900,0,1782359268.6467927,0.001827239990234375
76743,normal,486,0,1782359268.6487994,0.0020067691802978516
76744,normal,725,0,1782359268.6508002,0.0020008087158203125
76745,normal,672,0,1782359268.6527927,0.001992464065551758
76746,normal,1366,1,1782359268.6547933,0.002000570297241211
76747,normal,2311,0,1782359268.6567929,0.0019996166229248047
76748,normal,3457,0,1782359268.658814,0.0020210742950439453
76749,normal,1395,0,1782359268.6608355,0.0020215511322021484
76750,normal,1372,1,1782359268.6628332,0.001997709274291992
76751,normal,1713,0,1782359268.6650434,0.0022101402282714844
76752,normal,2149,0,1782359268.6668055,0.0017621517181396484
76753,normal,376,0,1782359268.6688197,0.00201416015625
76754,normal,1699,0,1782359268.6707933,0.0019736289978027344
76755,normal,3495,0,1782359268.6727974,0.0020041465759277344
76756,normal,1940,0,1782359268.6747923,0.0019948482513427734
76757,normal,155,0,1782359268.6767862,0.001993894577026367
76758,normal,395,0,1782359268.678831,0.0020449161529541016
76759,normal,2441,0,1782359268.6808877,0.002056598663330078
76760,normal,3427,0,1782359268.6828656,0.0019779205322265625
76761,normal,2676,0,1782359268.6849148,0.0020492076873779297
76762,normal,3335,1,1782359268.6868358,0.001920938491821289
76763,normal,2893,0,1782359268.6888254,0.001989603042602539
76764,normal,3300,1,1782359268.6908793,0.002053976058959961
76765,normal,3013,0,1782359268.6928473,0.001967906951904297
76766,normal,2064,0,1782359268.694781,0.0019338130950927734
76767,normal,1495,0,1782359268.6967926,0.002011537551879883
76768,normal,790,2,1782359268.6987765,0.0019838809967041016
76769,normal,198,0,1782359268.7010183,0.002241849899291992
76770,normal,1459,0,1782359268.7028635,0.0018451213836669922
76771,normal,2331,0,1782359268.7048995,0.0020360946655273438
76772,normal,422,0,1782359268.706957,0.0020575523376464844
76773,normal,3487,0,1782359268.7088974,0.0019402503967285156
76774,normal,1563,0,1782359268.7109659,0.0020685195922851562
76775,normal,3182,1,1782359268.7128818,0.0019159317016601562
76776,normal,3657,0,1782359268.7149534,0.0020716190338134766
76777,normal,876,2,1782359268.7170076,0.0020542144775390625
76778,normal,1008,2,1782359268.7187877,0.0017800331115722656
76779,normal,928,2,1782359268.720775,0.0019872188568115234
76780,normal,3198,1,1782359268.7227674,0.001992464065551758
76781,normal,1532,0,1782359268.72477,0.002002716064453125
76782,normal,1561,0,1782359268.7269535,0.0021834373474121094
76783,normal,2126,0,1782359268.7287624,0.0018088817596435547
76784,normal,740,0,1782359268.7307646,0.002002239227294922
76785,normal,2679,0,1782359268.732761,0.001996278762817383
76786,normal,360,0,1782359268.7347643,0.0020034313201904297
76787,normal,3026,0,1782359268.7371755,0.0024111270904541016
76788,normal,3673,0,1782359268.7391026,0.0019271373748779297
76789,normal,2930,0,1782359268.740839,0.0017364025115966797
76790,normal,2889,0,1782359268.7428467,0.002007722854614258
76791,normal,91,0,1782359268.7448132,0.0019664764404296875
76792,normal,2595,0,1782359268.7468095,0.001996278762817383
76793,normal,61,0,1782359268.7488935,0.002084016799926758
76794,normal,3225,1,1782359268.7510881,0.002194643020629883
76795,normal,906,2,1782359268.7528186,0.0017304420471191406
76796,normal,143,0,1782359268.7547996,0.001981019973754883
76797,normal,1743,0,1782359268.7568028,0.002003192901611328
76798,normal,1209,0,1782359268.7588058,0.0020029544830322266
76799,normal,3107,1,1782359268.7608135,0.002007722854614258
76800,normal,1043,0,1782359268.7630925,0.002279043197631836
76801,normal,2829,0,1782359268.7650375,0.0019450187683105469
76802,normal,887,2,1782359268.7669554,0.0019178390502929688
76803,normal,675,0,1782359268.7689247,0.0019693374633789062
76804,normal,1011,2,1782359268.7709692,0.0020444393157958984
76805,normal,1102,0,1782359268.7729661,0.0019969940185546875
76806,normal,220,0,1782359268.7748284,0.0018622875213623047
76807,normal,3498,0,1782359268.7771163,0.0022878646850585938
76808,normal,1333,1,1782359268.7790124,0.0018961429595947266
76809,normal,2227,0,1782359268.7809062,0.001893758773803711
76810,normal,2681,0,1782359268.7831578,0.0022516250610351562
76811,normal,1665,0,1782359268.7852848,0.002126932144165039
76812,normal,503,0,1782359268.7868752,0.0015904903411865234
76813,normal,3121,1,1782359268.7887843,0.001909017562866211
76814,normal,1902,0,1782359268.7908006,0.002016305923461914
76815,normal,2906,0,1782359268.7928782,0.0020775794982910156
76816,normal,3348,1,1782359268.794824,0.0019457340240478516
76817,normal,2961,0,1782359268.7968128,0.0019888877868652344
76818,normal,1853,0,1782359268.7988136,0.0020008087158203125
76819,normal,499,0,1782359268.8024752,0.003661632537841797
76820,normal,1021,2,1782359268.8027976,0.0003223419189453125
76821,normal,1778,0,1782359268.804888,0.0020904541015625
76822,normal,3450,0,1782359268.806904,0.0020160675048828125
76823,normal,795,2,1782359268.8089006,0.0019965171813964844
76824,normal,284,0,1782359268.8107784,0.0018777847290039062
76825,normal,1246,0,1782359268.812832,0.0020537376403808594
76826,normal,1109,0,1782359268.8148918,0.0020596981048583984
76827,normal,1660,0,1782359268.816919,0.002027273178100586
76828,normal,2535,0,1782359268.818888,0.001968860626220703
76829,normal,999,2,1782359268.820766,0.0018780231475830078
76830,normal,2673,0,1782359268.8228064,0.002040386199951172
76831,normal,3086,1,1782359268.8247993,0.001992940902709961
76832,normal,3151,1,1782359268.8268027,0.0020034313201904297
76833,normal,2167,0,1782359268.8288038,0.002001047134399414
76834,normal,2748,0,1782359268.8308253,0.0020215511322021484
76835,normal,2757,0,1782359268.8328173,0.0019919872283935547
76836,normal,1927,0,1782359268.8348339,0.0020165443420410156
76837,normal,265,0,1782359268.8368614,0.0020275115966796875
76838,normal,823,2,1782359268.8387885,0.0019271373748779297
76839,normal,1158,0,1782359268.8407927,0.0020041465759277344
76840,normal,3101,1,1782359268.8428073,0.002014636993408203
76841,normal,1356,1,1782359268.8448238,0.0020165443420410156
76842,normal,3612,0,1782359268.846798,0.0019741058349609375
76843,normal,1168,0,1782359268.8487995,0.002001523971557617
76844,normal,2665,0,1782359268.8508556,0.002056121826171875
76845,normal,998,2,1782359268.8529308,0.0020751953125
76846,normal,126,0,1782359268.8549588,0.0020279884338378906
76847,normal,2140,0,1782359268.856874,0.0019152164459228516
76848,normal,1314,0,1782359268.8588166,0.0019426345825195312
76849,normal,2338,0,1782359268.8608346,0.002017974853515625
76850,normal,20,0,1782359268.8627865,0.0019519329071044922
76851,normal,62,0,1782359268.864771,0.0019843578338623047
76852,normal,941,2,1782359268.8667753,0.002004384994506836
76853,normal,1385,0,1782359268.868787,0.0020117759704589844
76854,normal,1121,0,1782359268.8709047,0.002117633819580078
76855,normal,1153,0,1782359268.8728297,0.0019249916076660156
76856,normal,2785,0,1782359268.8748705,0.002040863037109375
76857,normal,1618,0,1782359268.8769517,0.002081155776977539
76858,normal,801,2,1782359268.8788683,0.001916646957397461
76859,normal,2978,0,1782359268.8809326,0.002064228057861328
76860,normal,2849,0,1782359268.8828866,0.0019540786743164062
76861,normal,3513,0,1782359268.8849547,0.002068042755126953
76862,normal,507,0,1782359268.8869755,0.0020208358764648438
76863,normal,3445,0,1782359268.8887742,0.0017986297607421875
76864,normal,1287,0,1782359268.8907719,0.001997709274291992
76865,normal,1370,1,1782359268.8927913,0.0020194053649902344
76866,normal,3055,1,1782359268.8947706,0.001979351043701172
76867,normal,374,0,1782359268.896943,0.0021724700927734375
76868,normal,2682,0,1782359268.898764,0.0018208026885986328
76869,normal,2980,0,1782359268.900796,0.002032041549682617
76870,normal,42,0,1782359268.9029667,0.0021708011627197266
76871,normal,2546,0,1782359268.9049459,0.0019791126251220703
76872,normal,1966,0,1782359268.9071825,0.002236604690551758
76873,normal,125,0,1782359268.9089954,0.0018129348754882812
76874,normal,1950,0,1782359268.9109538,0.0019583702087402344
76875,normal,3402,0,1782359268.9129455,0.001991748809814453
76876,normal,127,0,1782359268.9147737,0.0018281936645507812
76877,normal,2616,0,1782359268.916883,0.0021092891693115234
76878,normal,2592,0,1782359268.9187956,0.0019125938415527344
76879,normal,3066,1,1782359268.920886,0.0020904541015625
76880,normal,1251,0,1782359268.923114,0.0022280216217041016
76881,normal,924,2,1782359268.9248428,0.0017287731170654297
76882,normal,2975,0,1782359268.9268034,0.0019605159759521484
76883,normal,189,0,1782359268.9289234,0.0021200180053710938
76884,normal,2561,0,1782359268.9308014,0.0018780231475830078
76885,normal,645,0,1782359268.932893,0.002091646194458008
76886,normal,2545,0,1782359268.9348946,0.002001523971557617
76887,normal,625,0,1782359268.9368358,0.0019412040710449219
76888,normal,862,2,1782359268.9389243,0.0020885467529296875
76889,normal,2596,0,1782359268.9408767,0.0019524097442626953
76890,normal,2884,0,1782359268.9429193,0.002042531967163086
76891,normal,193,0,1782359268.9453585,0.002439260482788086
76892,normal,1600,0,1782359268.9468682,0.0015096664428710938
76893,normal,714,0,1782359268.9488578,0.001989603042602539
76894,normal,3063,1,1782359268.9509835,0.0021257400512695312
76895,normal,615,0,1782359268.953117,0.0021333694458007812
76896,normal,2193,0,1782359268.9550078,0.0018908977508544922
76897,normal,984,2,1782359268.9569228,0.00191497802734375
76898,normal,2769,0,1782359268.9591599,0.002237081527709961
76899,normal,3074,1,1782359268.9608939,0.001734018325805664
76900,normal,102,0,1782359268.9632723,0.0023784637451171875
76901,normal,720,0,1782359268.9652698,0.0019974708557128906
76902,normal,3130,1,1782359268.9668844,0.0016145706176757812
76903,normal,3456,0,1782359268.9689705,0.002086162567138672
76904,normal,2411,0,1782359268.9709647,0.0019941329956054688
76905,normal,3215,1,1782359268.972852,0.0018873214721679688
76906,normal,2687,0,1782359268.9748402,0.0019881725311279297
76907,normal,1388,0,1782359268.976989,0.002148866653442383
76908,normal,2189,0,1782359268.9788408,0.001851797103881836
76909,normal,1324,1,1782359268.9809825,0.002141714096069336
76910,normal,2986,0,1782359268.982999,0.0020165443420410156
76911,normal,440,0,1782359268.984966,0.0019669532775878906
76912,normal,1706,0,1782359268.9869432,0.001977205276489258
76913,normal,1799,0,1782359268.9890168,0.002073526382446289
76914,normal,1589,0,1782359268.9908378,0.0018210411071777344
76915,normal,118,0,1782359268.9930396,0.0022017955780029297
76916,normal,789,2,1782359268.9950194,0.001979827880859375
76917,normal,1691,0,1782359268.9970417,0.002022266387939453
76918,normal,1785,0,1782359268.9989026,0.0018608570098876953
76919,normal,2241,0,1782359269.0010443,0.002141714096069336
76920,normal,484,0,1782359269.0029583,0.0019140243530273438
76921,normal,3524,0,1782359269.0050566,0.0020983219146728516
76922,normal,1498,0,1782359269.0070496,0.001992940902709961
76923,normal,634,0,1782359269.0089765,0.0019268989562988281
76924,normal,1348,1,1782359269.0110745,0.00209808349609375
76925,normal,671,0,1782359269.0130768,0.002002239227294922
76926,normal,1282,0,1782359269.0149944,0.0019176006317138672
76927,normal,944,2,1782359269.017073,0.002078533172607422
76928,normal,3303,1,1782359269.0189703,0.0018973350524902344
76929,normal,538,0,1782359269.020951,0.0019807815551757812
76930,normal,2299,0,1782359269.0230556,0.002104520797729492
76931,normal,981,2,1782359269.0250454,0.0019898414611816406
76932,normal,2504,0,1782359269.026942,0.0018966197967529297
76933,normal,435,0,1782359269.0290642,0.002122163772583008
76934,normal,3285,1,1782359269.0310922,0.0020279884338378906
76935,normal,837,2,1782359269.0332656,0.0021734237670898438
76936,normal,3480,0,1782359269.034862,0.0015964508056640625
76937,normal,1801,0,1782359269.0370686,0.002206563949584961
76938,normal,2273,0,1782359269.038995,0.001926422119140625
76939,normal,2817,0,1782359269.041056,0.0020608901977539062
76940,normal,1278,0,1782359269.0430572,0.0020012855529785156
76941,normal,1320,1,1782359269.0449278,0.0018706321716308594
76942,normal,1650,0,1782359269.0470397,0.0021119117736816406
76943,normal,2262,0,1782359269.0490673,0.0020275115966796875
76944,normal,3613,0,1782359269.0510216,0.001954317092895508
76945,normal,763,0,1782359269.052924,0.0019023418426513672
76946,normal,1038,0,1782359269.0551648,0.002240896224975586
76947,normal,519,0,1782359269.0569897,0.0018248558044433594
76948,normal,623,0,1782359269.059175,0.002185344696044922
76949,normal,1308,0,1782359269.0610533,0.0018782615661621094
76950,normal,1805,0,1782359269.063078,0.0020246505737304688
76951,normal,3241,1,1782359269.0650449,0.0019669532775878906
76952,normal,59,0,1782359269.0671604,0.002115488052368164
76953,normal,3115,1,1782359269.0688179,0.0016574859619140625
76954,normal,977,2,1782359269.0710285,0.0022106170654296875
76955,normal,433,0,1782359269.0730288,0.0020003318786621094
76956,normal,1072,0,1782359269.074961,0.0019321441650390625
76957,normal,3,0,1782359269.0770946,0.002133607864379883
76958,normal,2031,0,1782359269.0790262,0.0019316673278808594
76959,normal,2192,0,1782359269.0809302,0.0019040107727050781
76960,normal,975,2,1782359269.0830963,0.0021660327911376953
76961,normal,1947,0,1782359269.0848496,0.0017533302307128906
76962,normal,2298,0,1782359269.0871878,0.0023381710052490234
76963,normal,655,0,1782359269.0892034,0.0020155906677246094
76964,normal,1423,0,1782359269.0910494,0.0018460750579833984
76965,normal,3562,0,1782359269.0929332,0.0018837451934814453
76966,normal,3333,1,1782359269.0949826,0.0020494461059570312
76967,normal,3218,1,1782359269.0970323,0.002049684524536133
76968,normal,820,2,1782359269.0989425,0.0019102096557617188
76969,normal,899,2,1782359269.1012366,0.0022940635681152344
76970,normal,1217,0,1782359269.1029959,0.0017592906951904297
76971,normal,3517,0,1782359269.10494,0.0019440650939941406
76972,normal,3466,0,1782359269.1069913,0.0020513534545898438
76973,normal,2674,0,1782359269.1090553,0.0020639896392822266
76974,normal,604,0,1782359269.110965,0.0019097328186035156
76975,normal,506,0,1782359269.1131942,0.0022292137145996094
76976,normal,3660,0,1782359269.1152234,0.0020291805267333984
76977,normal,2915,0,1782359269.116922,0.0016984939575195312
76978,normal,2003,0,1782359269.1190953,0.0021734237670898438
76979,normal,930,2,1782359269.1211257,0.0020303726196289062
76980,normal,2053,0,1782359269.1230245,0.0018987655639648438
76981,normal,1274,0,1782359269.1248486,0.0018241405487060547
76982,normal,3314,1,1782359269.1273072,0.0024585723876953125
76983,normal,1905,0,1782359269.1290076,0.0017004013061523438
76984,normal,2994,0,1782359269.1310282,0.002020597457885742
76985,normal,3654,0,1782359269.133137,0.0021088123321533203
76986,normal,2571,0,1782359269.1351838,0.002046823501586914
76987,normal,852,2,1782359269.1369867,0.0018029212951660156
76988,normal,628,0,1782359269.1390328,0.0020461082458496094
76989,normal,627,0,1782359269.1409345,0.0019016265869140625
76990,normal,808,2,1782359269.1430075,0.002073049545288086
76991,normal,1565,0,1782359269.1450582,0.002050638198852539
76992,normal,683,0,1782359269.146935,0.0018768310546875
76993,normal,1681,0,1782359269.1490347,0.002099752426147461
76994,normal,379,0,1782359269.151112,0.002077341079711914
76995,normal,264,0,1782359269.1529553,0.0018432140350341797
76996,normal,1127,0,1782359269.155099,0.0021436214447021484
76997,normal,292,0,1782359269.1571188,0.0020198822021484375
76998,normal,3076,1,1782359269.158982,0.001863241195678711
76999,normal,3079,1,1782359269.1610363,0.0020542144775390625
77000,normal,3184,1,1782359269.1630883,0.0020520687103271484
77001,normal,3502,0,1782359269.1650133,0.0019249916076660156
77002,normal,966,2,1782359269.1670446,0.0020313262939453125
77003,normal,3616,0,1782359269.168965,0.001920461654663086
77004,normal,3567,0,1782359269.1709332,0.0019681453704833984
77005,normal,3658,0,1782359269.1730366,0.0021033287048339844
77006,normal,963,2,1782359269.1750464,0.002009868621826172
77007,normal,3173,1,1782359269.1769342,0.0018877983093261719
77008,normal,2086,0,1782359269.1790469,0.0021126270294189453
77009,normal,3239,1,1782359269.1810458,0.0019989013671875
77010,normal,641,0,1782359269.1829603,0.0019145011901855469
77011,normal,883,2,1782359269.1850736,0.00211334228515625
77012,normal,2269,0,1782359269.1871922,0.0021185874938964844
77013,normal,3617,0,1782359269.18885,0.001657724380493164
77014,normal,2056,0,1782359269.1910384,0.002188444137573242
77015,normal,1360,1,1782359269.1930418,0.0020034313201904297
77016,normal,359,0,1782359269.1949348,0.0018930435180664062
77017,normal,2483,0,1782359269.1970425,0.0021076202392578125
77018,normal,543,0,1782359269.199043,0.002000570297241211
77019,normal,910,2,1782359269.2009637,0.0019207000732421875
77020,normal,511,0,1782359269.2031038,0.002140045166015625
77021,normal,3105,1,1782359269.205083,0.0019791126251220703
77022,normal,2041,0,1782359269.2070315,0.0019485950469970703
77023,normal,2606,0,1782359269.208875,0.0018434524536132812
77024,normal,2755,0,1782359269.211061,0.0021860599517822266
77025,normal,2587,0,1782359269.2129629,0.001901865005493164
77026,normal,818,2,1782359269.2150772,0.0021142959594726562
77027,normal,616,0,1782359269.2170377,0.0019605159759521484
77028,normal,504,0,1782359269.218934,0.0018963813781738281
77029,normal,2749,0,1782359269.2210474,0.00211334228515625
77030,normal,3140,1,1782359269.2232602,0.0022127628326416016
77031,normal,1376,1,1782359269.2249014,0.0016412734985351562
77032,normal,973,2,1782359269.227115,0.0022134780883789062
77033,normal,183,0,1782359269.2291517,0.0020368099212646484
77034,normal,2169,0,1782359269.2312593,0.0021076202392578125
77035,normal,2045,0,1782359269.2329211,0.0016617774963378906
77036,normal,147,0,1782359269.2350855,0.0021643638610839844
77037,normal,1531,0,1782359269.2370975,0.002012014389038086
77038,normal,2836,0,1782359269.2390673,0.0019698143005371094
77039,normal,3376,1,1782359269.241038,0.0019707679748535156
77040,normal,285,0,1782359269.2429543,0.0019161701202392578
77041,normal,3409,0,1782359269.2450485,0.002094268798828125
77042,normal,297,0,1782359269.2470334,0.001984834671020508
77043,normal,98,0,1782359269.249091,0.0020575523376464844
77044,normal,500,0,1782359269.2508206,0.001729726791381836
77045,normal,1207,0,1782359269.253037,0.002216339111328125
77046,normal,2935,0,1782359269.2549205,0.0018835067749023438
77047,normal,2186,0,1782359269.25702,0.0020995140075683594
77048,normal,1752,0,1782359269.259456,0.002435922622680664
77049,normal,713,0,1782359269.2611587,0.0017027854919433594
77050,normal,100,0,1782359269.2628748,0.0017161369323730469
77051,normal,1199,0,1782359269.265037,0.0021622180938720703
77052,normal,2747,0,1782359269.266933,0.001895904541015625
77053,normal,1513,0,1782359269.2690456,0.0021126270294189453
77054,normal,3050,1,1782359269.2710671,0.0020215511322021484
77055,normal,1458,0,1782359269.2731223,0.0020551681518554688
77056,normal,2989,0,1782359269.2748332,0.0017108917236328125
77057,normal,2524,0,1782359269.2770402,0.002207040786743164
77058,normal,2315,0,1782359269.2789505,0.0019102096557617188
77059,normal,1066,0,1782359269.2810707,0.0021202564239501953
77060,normal,1030,0,1782359269.283085,0.0020143985748291016
77061,normal,1944,0,1782359269.2849681,0.0018830299377441406
77062,normal,3699,0,1782359269.287167,0.002198934555053711
77063,normal,2564,0,1782359269.2890894,0.0019223690032958984
77064,normal,9,0,1782359269.2909942,0.0019047260284423828
77065,normal,2555,0,1782359269.2931583,0.002164125442504883
77066,normal,3210,1,1782359269.2949543,0.0017960071563720703
77067,normal,3643,0,1782359269.2970426,0.002088308334350586
77068,normal,761,0,1782359269.2992737,0.002231121063232422
77069,normal,1456,0,1782359269.301024,0.0017502307891845703
77070,normal,879,2,1782359269.3029249,0.0019009113311767578
77071,normal,1670,0,1782359269.3052144,0.0022895336151123047
77072,normal,569,0,1782359269.3073492,0.0021347999572753906
77073,normal,1302,0,1782359269.308891,0.0015418529510498047
77074,normal,2563,0,1782359269.3110294,0.002138376235961914
77075,normal,1337,1,1782359269.313035,0.0020055770874023438
77076,normal,2201,0,1782359269.314933,0.001898050308227539
77077,normal,3634,0,1782359269.3170574,0.002124309539794922
77078,normal,2307,0,1782359269.3190308,0.001973390579223633
77079,normal,1322,1,1782359269.3209336,0.0019028186798095703
77080,normal,2356,0,1782359269.323054,0.002120494842529297
77081,normal,1939,0,1782359269.3250787,0.0020246505737304688
77082,normal,3371,1,1782359269.3269737,0.0018949508666992188
77083,normal,188,0,1782359269.3291285,0.002154827117919922
77084,normal,810,2,1782359269.3309853,0.0018568038940429688
77085,normal,130,0,1782359269.3330097,0.002024412155151367
77086,normal,2357,0,1782359269.3349984,0.001988649368286133
77087,normal,2799,0,1782359269.3370783,0.0020799636840820312
77088,normal,2104,0,1782359269.3390439,0.0019655227661132812
77089,normal,835,2,1782359269.340862,0.0018181800842285156
77090,normal,3448,0,1782359269.3430338,0.002171754837036133
77091,normal,3589,0,1782359269.3449292,0.0018954277038574219
77092,normal,8,0,1782359269.3470397,0.0021104812622070312
77093,normal,2713,0,1782359269.3490145,0.001974821090698242
77094,normal,2284,0,1782359269.3508484,0.0018339157104492188
77095,normal,3523,0,1782359269.3529997,0.0021512508392333984
77096,normal,765,0,1782359269.3548975,0.0018978118896484375
77097,normal,1119,0,1782359269.3568544,0.001956939697265625
77098,normal,2291,0,1782359269.3589604,0.0021059513092041016
77099,normal,2362,0,1782359269.3611364,0.002176046371459961
77100,normal,3671,0,1782359269.362845,0.0017085075378417969
77101,normal,1437,0,1782359269.3650439,0.002198934555053711
77102,normal,1930,0,1782359269.367057,0.0020132064819335938
77103,normal,1422,0,1782359269.3689308,0.0018737316131591797
77104,normal,200,0,1782359269.3710394,0.0021085739135742188
77105,normal,2111,0,1782359269.3730695,0.0020301342010498047
77106,normal,679,0,1782359269.3749604,0.0018908977508544922
77107,normal,2365,0,1782359269.3770893,0.0021288394927978516
77108,normal,3152,1,1782359269.379097,0.002007722854614258
77109,normal,1507,0,1782359269.380962,0.0018649101257324219
77110,normal,2343,0,1782359269.3830552,0.0020933151245117188
77111,normal,2551,0,1782359269.3849604,0.001905202865600586
77112,normal,2319,0,1782359269.386925,0.001964569091796875
77113,normal,207,0,1782359269.3889177,0.0019927024841308594
77114,normal,1031,0,1782359269.3909159,0.0019981861114501953
77115,normal,205,0,1782359269.3928936,0.001977682113647461
77116,normal,2158,0,1782359269.3948977,0.0020041465759277344
77117,normal,308,0,1782359269.396989,0.0020914077758789062
77118,normal,1116,0,1782359269.3988943,0.001905202865600586
77119,normal,459,0,1782359269.4009264,0.002032041549682617
77120,normal,857,2,1782359269.4029162,0.0019898414611816406
77121,normal,186,0,1782359269.404995,0.0020787715911865234
77122,normal,2320,0,1782359269.4068346,0.0018396377563476562
77123,normal,1662,0,1782359269.4089558,0.0021212100982666016
77124,normal,847,2,1782359269.4108813,0.0019254684448242188
77125,normal,3093,1,1782359269.4129622,0.0020809173583984375
77126,normal,1215,0,1782359269.414819,0.0018568038940429688
77127,normal,2899,0,1782359269.4168928,0.0020737648010253906
77128,normal,1139,0,1782359269.4189377,0.0020449161529541016
77129,normal,2890,0,1782359269.420936,0.001998424530029297
77130,normal,971,2,1782359269.4229202,0.001984119415283203
77131,normal,162,0,1782359269.4248254,0.001905202865600586
77132,normal,3288,1,1782359269.4269202,0.002094745635986328
77133,normal,2813,0,1782359269.4288847,0.001964569091796875
77134,normal,2190,0,1782359269.430887,0.002002239227294922
77135,normal,3564,0,1782359269.4333606,0.002473592758178711
77136,normal,2312,0,1782359269.4349673,0.0016067028045654297
77137,normal,3672,0,1782359269.436917,0.0019497871398925781
77138,normal,1369,1,1782359269.438915,0.0019979476928710938
77139,normal,141,0,1782359269.4409685,0.002053499221801758
77140,normal,3591,0,1782359269.4428747,0.0019061565399169922
77141,normal,2603,0,1782359269.4449713,0.0020966529846191406
77142,normal,2249,0,1782359269.4469893,0.002017974853515625
77143,normal,2630,0,1782359269.448781,0.0017917156219482422
77144,normal,2141,0,1782359269.4507997,0.0020186901092529297
77145,normal,1067,0,1782359269.4528074,0.002007722854614258
77146,normal,1553,0,1782359269.4548116,0.0020041465759277344
77147,normal,49,0,1782359269.4568834,0.002071857452392578
77148,normal,2506,0,1782359269.4589999,0.0021164417266845703
77149,normal,3038,0,1782359269.4609344,0.0019345283508300781
77150,normal,2936,0,1782359269.4629965,0.002062082290649414
77151,normal,800,2,1782359269.464824,0.0018274784088134766
77152,normal,476,0,1782359269.4670134,0.0021893978118896484
77153,normal,3475,0,1782359269.468963,0.0019495487213134766
77154,normal,2310,0,1782359269.4707897,0.0018267631530761719
77155,normal,290,0,1782359269.4731417,0.002351999282836914
77156,normal,1549,0,1782359269.4750438,0.0019021034240722656
77157,normal,898,2,1782359269.4768662,0.0018224716186523438
77158,normal,1747,0,1782359269.479131,0.002264738082885742
77159,normal,1517,0,1782359269.481301,0.002170085906982422
77160,normal,3229,1,1782359269.482853,0.0015518665313720703
77161,normal,2129,0,1782359269.4849348,0.0020818710327148438
77162,normal,2384,0,1782359269.4868047,0.0018699169158935547
77163,normal,2468,0,1782359269.4889395,0.0021347999572753906
77164,normal,1675,0,1782359269.4908187,0.0018792152404785156
77165,normal,1548,0,1782359269.492952,0.0021333694458007812
77166,normal,2529,0,1782359269.4949174,0.0019652843475341797
77167,normal,3298,1,1782359269.49682,0.0019025802612304688
77168,normal,3279,1,1782359269.4989448,0.002124786376953125
77169,normal,948,2,1782359269.5010614,0.002116680145263672
77170,normal,458,0,1782359269.5029504,0.0018889904022216797
77171,normal,659,0,1782359269.505009,0.0020585060119628906
77172,normal,475,0,1782359269.5067847,0.0017757415771484375
77173,normal,665,0,1782359269.508965,0.002180337905883789
77174,normal,570,0,1782359269.5109723,0.0020072460174560547
77175,normal,3099,1,1782359269.5129545,0.0019822120666503906
77176,normal,2530,0,1782359269.514922,0.0019674301147460938
77177,normal,418,0,1782359269.516925,0.002003192901611328
77178,normal,1657,0,1782359269.518974,0.002048969268798828
77179,normal,1572,0,1782359269.5208092,0.0018351078033447266
77180,normal,1602,0,1782359269.5229404,0.002131223678588867
77181,normal,344,0,1782359269.5249028,0.001962423324584961
77182,normal,2231,0,1782359269.5269506,0.0020477771759033203
77183,normal,3400,1,1782359269.5288641,0.0019135475158691406
77184,normal,2952,0,1782359269.530928,0.002063751220703125
77185,normal,1467,0,1782359269.532953,0.002025127410888672
77186,normal,3039,0,1782359269.5349438,0.001990795135498047
77187,normal,1938,0,1782359269.5369236,0.001979827880859375
77188,normal,1770,0,1782359269.5388772,0.001953601837158203
77189,normal,773,2,1782359269.5409307,0.002053499221801758
77190,normal,3132,1,1782359269.5429296,0.0019989013671875
77191,normal,1122,0,1782359269.5449529,0.0020232200622558594
77192,normal,1644,0,1782359269.5469682,0.002015352249145508
77193,normal,1838,0,1782359269.5491343,0.0021660327911376953
77194,normal,175,0,1782359269.5509257,0.0017914772033691406
77195,normal,2720,0,1782359269.553011,0.0020852088928222656
77196,normal,3692,0,1782359269.5549648,0.0019538402557373047
77197,normal,1839,0,1782359269.5570438,0.002079010009765625
77198,normal,1090,0,1782359269.558985,0.0019412040710449219
77199,normal,35,0,1782359269.5609143,0.0019292831420898438
77200,normal,3247,1,1782359269.5629678,0.002053499221801758
77201,normal,3706,0,1782359269.5650187,0.0020508766174316406
77202,normal,3255,1,1782359269.566948,0.0019292831420898438
77203,normal,2059,0,1782359269.568958,0.0020101070404052734
77204,normal,2585,0,1782359269.5710437,0.0020856857299804688
77205,normal,2350,0,1782359269.5730357,0.0019919872283935547
77206,normal,2474,0,1782359269.5749896,0.0019538402557373047
77207,normal,2228,0,1782359269.5770962,0.0021066665649414062
77208,normal,1942,0,1782359269.5788755,0.001779317855834961
77209,normal,3048,1,1782359269.5812185,0.0023429393768310547
77210,normal,3361,1,1782359269.583098,0.0018794536590576172
77211,normal,402,0,1782359269.5849152,0.0018172264099121094
77212,normal,945,2,1782359269.58706,0.0021448135375976562
77213,normal,1167,0,1782359269.5890634,0.0020034313201904297
77214,normal,2205,0,1782359269.5909574,0.0018939971923828125
77215,normal,3358,1,1782359269.5931242,0.002166748046875
77216,normal,1739,0,1782359269.595022,0.0018978118896484375
77217,normal,2252,0,1782359269.596819,0.0017969608306884766
77218,normal,644,0,1782359269.598934,0.002115011215209961
77219,normal,1524,0,1782359269.601057,0.002123117446899414
77220,normal,2151,0,1782359269.6034093,0.0023522377014160156
77221,normal,1707,0,1782359269.604934,0.0015246868133544922
77222,normal,223,0,1782359269.6071815,0.0022475719451904297
77223,normal,2394,0,1782359269.608978,0.0017964839935302734
77224,normal,3508,0,1782359269.6109576,0.0019795894622802734
77225,normal,2392,0,1782359269.613084,0.002126455307006836
77226,normal,3128,1,1782359269.6149688,0.0018846988677978516
77227,normal,954,2,1782359269.61712,0.0021512508392333984
77228,normal,2414,0,1782359269.6194487,0.002328634262084961
77229,normal,2267,0,1782359269.6208522,0.0014035701751708984
77230,normal,1465,0,1782359269.6230652,0.002213001251220703
77231,normal,1249,0,1782359269.6250684,0.002003192901611328
77232,normal,1780,0,1782359269.6269598,0.0018913745880126953
77233,normal,2163,0,1782359269.6291413,0.002181529998779297
77234,normal,362,0,1782359269.6310337,0.0018923282623291016
77235,normal,1297,0,1782359269.632995,0.001961231231689453
77236,normal,2723,0,1782359269.6349523,0.001957416534423828
77237,normal,1304,0,1782359269.6370869,0.002134561538696289
77238,normal,1438,0,1782359269.6395197,0.0024328231811523438
77239,normal,1855,0,1782359269.6415288,0.002009153366088867
77240,normal,3584,0,1782359269.6428595,0.0013306140899658203
77241,normal,1173,0,1782359269.6449053,0.002045869827270508
77242,normal,1718,0,1782359269.6469438,0.0020384788513183594
77243,normal,2737,0,1782359269.649076,0.0021321773529052734
77244,normal,1227,0,1782359269.6509566,0.001880645751953125
77245,normal,1126,0,1782359269.6529884,0.0020318031311035156
77246,normal,3379,1,1782359269.655051,0.002062559127807617
77247,normal,2693,0,1782359269.6567962,0.0017452239990234375
77248,normal,3073,1,1782359269.6592438,0.0024476051330566406
77249,normal,260,0,1782359269.6609895,0.0017457008361816406
77250,normal,1004,2,1782359269.6628773,0.0018877983093261719
77251,normal,151,0,1782359269.6648734,0.0019960403442382812
77252,normal,1624,0,1782359269.6669314,0.0020580291748046875
77253,normal,2470,0,1782359269.6688719,0.0019404888153076172
77254,normal,1434,0,1782359269.670894,0.0020220279693603516
77255,normal,106,0,1782359269.672958,0.0020639896392822266
77256,normal,3568,0,1782359269.6748707,0.001912832260131836
77257,normal,3578,0,1782359269.6768982,0.0020275115966796875
77258,normal,1961,0,1782359269.6789653,0.002067089080810547
77259,normal,2393,0,1782359269.6809316,0.001966238021850586
77260,normal,536,0,1782359269.6829276,0.0019960403442382812
77261,normal,367,0,1782359269.684945,0.002017498016357422
77262,normal,1150,0,1782359269.6869137,0.0019686222076416016
77263,normal,3415,0,1782359269.6889396,0.0020258426666259766
77264,normal,1346,1,1782359269.6910262,0.002086639404296875
77265,normal,1987,0,1782359269.6930933,0.002067089080810547
77266,normal,2866,0,1782359269.694921,0.0018277168273925781
77267,normal,273,0,1782359269.697074,0.0021529197692871094
77268,normal,2548,0,1782359269.6989424,0.0018684864044189453
77269,normal,1666,0,1782359269.7009687,0.0020263195037841797
77270,normal,104,0,1782359269.7029321,0.001963376998901367
77271,normal,3087,1,1782359269.7049592,0.0020270347595214844
77272,normal,2449,0,1782359269.7068906,0.0019314289093017578
77273,normal,3221,1,1782359269.7089748,0.0020842552185058594
77274,normal,726,0,1782359269.7109005,0.0019257068634033203
77275,normal,3044,0,1782359269.712926,0.0020253658294677734
77276,normal,1137,0,1782359269.7149205,0.001994609832763672
77277,normal,3141,1,1782359269.7169297,0.002009153366088867
77278,normal,3238,1,1782359269.718922,0.0019922256469726562
77279,normal,1014,2,1782359269.7209303,0.0020084381103515625
77280,normal,2983,0,1782359269.7229416,0.0020112991333007812
77281,normal,169,0,1782359269.7249217,0.0019800662994384766
77282,normal,386,0,1782359269.7271683,0.0022466182708740234
77283,normal,404,0,1782359269.728815,0.0016467571258544922
77284,normal,2948,0,1782359269.7309418,0.0021266937255859375
77285,normal,1414,0,1782359269.7329507,0.0020089149475097656
77286,normal,3539,0,1782359269.7349346,0.0019838809967041016
77287,normal,793,2,1782359269.736934,0.001999378204345703
77288,normal,2835,0,1782359269.7389205,0.0019865036010742188
77289,normal,3381,1,1782359269.7409208,0.0020003318786621094
77290,normal,1999,0,1782359269.7429302,0.0020093917846679688
77291,normal,1440,0,1782359269.744979,0.0020487308502197266
77292,normal,2882,0,1782359269.7469049,0.0019259452819824219
77293,normal,1998,0,1782359269.7489882,0.002083301544189453
77294,normal,3102,1,1782359269.7510214,0.002033233642578125
77295,normal,2780,0,1782359269.753,0.001978635787963867
77296,normal,3281,1,1782359269.7550051,0.0020051002502441406
77297,normal,479,0,1782359269.7569802,0.0019750595092773438
77298,normal,1339,1,1782359269.7590322,0.0020520687103271484
77299,normal,2194,0,1782359269.760934,0.001901865005493164
77300,normal,1686,0,1782359269.7628257,0.0018916130065917969
77301,normal,2658,0,1782359269.764839,0.0020132064819335938
77302,normal,194,0,1782359269.766916,0.0020771026611328125
77303,normal,2562,0,1782359269.768928,0.002012014389038086
77304,normal,48,0,1782359269.7709677,0.002039670944213867
77305,normal,1075,0,1782359269.77295,0.0019822120666503906
77306,normal,1996,0,1782359269.7749152,0.0019652843475341797
77307,normal,1189,0,1782359269.7769015,0.001986265182495117
77308,normal,371,0,1782359269.7789273,0.0020258426666259766
77309,normal,3560,0,1782359269.7810314,0.002104043960571289
77310,normal,1554,0,1782359269.783194,0.0021626949310302734
77311,normal,3399,1,1782359269.7848504,0.0016562938690185547
77312,normal,3020,0,1782359269.7869983,0.0021479129791259766
77313,normal,1916,0,1782359269.7889142,0.0019159317016601562
77314,normal,2223,0,1782359269.7909455,0.0020313262939453125
77315,normal,2809,0,1782359269.7929454,0.0019998550415039062
77316,normal,1194,0,1782359269.7950058,0.002060413360595703
77317,normal,859,2,1782359269.796872,0.0018661022186279297
77318,normal,1798,0,1782359269.7989187,0.002046823501586914
77319,normal,721,0,1782359269.8009377,0.0020189285278320312
77320,normal,1046,0,1782359269.8029375,0.0019998550415039062
77321,normal,2484,0,1782359269.8049493,0.0020117759704589844
77322,normal,1821,0,1782359269.8070285,0.0020792484283447266
77323,normal,1108,0,1782359269.809035,0.00200653076171875
77324,normal,3693,0,1782359269.8109918,0.0019567012786865234
77325,normal,2613,0,1782359269.8129725,0.0019807815551757812
77326,normal,822,2,1782359269.814989,0.0020165443420410156
77327,normal,1064,0,1782359269.817023,0.0020339488983154297
77328,normal,1762,0,1782359269.8188276,0.0018045902252197266
77329,normal,246,0,1782359269.8211107,0.0022830963134765625
77330,normal,1265,0,1782359269.823018,0.0019073486328125
77331,normal,2011,0,1782359269.8249826,0.001964569091796875
77332,normal,940,2,1782359269.8269413,0.001958608627319336
77333,normal,2768,0,1782359269.8290474,0.002106189727783203
77334,normal,180,0,1782359269.8309765,0.0019290447235107422
77335,normal,356,0,1782359269.832942,0.0019655227661132812
77336,normal,3343,1,1782359269.8349369,0.0019948482513427734
77337,normal,3154,1,1782359269.8368812,0.0019443035125732422
77338,normal,1911,0,1782359269.8389525,0.002071380615234375
77339,normal,3120,1,1782359269.8409421,0.001989603042602539
77340,normal,756,0,1782359269.8429391,0.0019969940185546875
77341,normal,3561,0,1782359269.8448663,0.0019271373748779297
77342,normal,44,0,1782359269.8469362,0.0020699501037597656
77343,normal,1482,0,1782359269.8489256,0.0019893646240234375
77344,normal,1028,2,1782359269.851128,0.0022025108337402344
77345,normal,962,2,1782359269.852999,0.001870870590209961
77346,normal,2272,0,1782359269.8548694,0.0018703937530517578
77347,normal,3608,0,1782359269.8569613,0.0020918846130371094
77348,normal,2909,0,1782359269.858962,0.0020008087158203125
77349,normal,1697,0,1782359269.8609612,0.0019991397857666016
77350,normal,17,0,1782359269.8629909,0.0020296573638916016
77351,normal,2699,0,1782359269.86495,0.001959085464477539
77352,normal,3583,0,1782359269.866905,0.0019550323486328125
77353,normal,1530,0,1782359269.8689418,0.0020368099212646484
77354,normal,129,0,1782359269.8709362,0.0019943714141845703
77355,normal,3661,0,1782359269.872935,0.0019989013671875
77356,normal,2589,0,1782359269.8748848,0.0019497871398925781
77357,normal,3199,1,1782359269.876957,0.0020720958709716797
77358,normal,2721,0,1782359269.8789494,0.001992464065551758
77359,normal,1609,0,1782359269.8809578,0.0020084381103515625
77360,normal,491,0,1782359269.8829918,0.0020339488983154297
77361,normal,861,2,1782359269.884796,0.0018041133880615234
77362,normal,3032,0,1782359269.8869314,0.0021355152130126953
77363,normal,1435,0,1782359269.8889468,0.002015352249145508
77364,normal,3157,1,1782359269.8909335,0.0019867420196533203
77365,normal,1029,2,1782359269.892948,0.0020143985748291016
77366,normal,3209,1,1782359269.8949435,0.001995563507080078
77367,normal,2354,0,1782359269.896975,0.002031564712524414
77368,normal,531,0,1782359269.8989835,0.0020084381103515625
77369,normal,3049,1,1782359269.9010038,0.0020203590393066406
77370,normal,2336,0,1782359269.9028797,0.0018758773803710938
77371,normal,2027,0,1782359269.9049296,0.0020499229431152344
77372,normal,517,0,1782359269.9069734,0.0020437240600585938
77373,normal,967,2,1782359269.908985,0.002011537551879883
77374,normal,3628,0,1782359269.9108799,0.0018949508666992188
77375,normal,322,0,1782359269.9129293,0.0020494461059570312
77376,normal,3451,0,1782359269.9149292,0.0019998550415039062
77377,normal,1464,0,1782359269.9169412,0.002012014389038086
77378,normal,3180,1,1782359269.9190392,0.00209808349609375
77379,normal,2565,0,1782359269.9208405,0.0018012523651123047
77380,normal,2043,0,1782359269.9229808,0.0021402835845947266
77381,normal,1527,0,1782359269.9249516,0.0019707679748535156
77382,normal,1266,0,1782359269.927059,0.002107381820678711
77383,normal,2998,0,1782359269.9288294,0.0017704963684082031
77384,normal,1844,0,1782359269.9309888,0.0021593570709228516
77385,normal,871,2,1782359269.9329777,0.0019888877868652344
77386,normal,3641,0,1782359269.9350352,0.0020575523376464844
77387,normal,3273,1,1782359269.9368198,0.0017845630645751953
77388,normal,2464,0,1782359269.9389331,0.00211334228515625
77389,normal,632,0,1782359269.940931,0.0019979476928710938
77390,normal,2569,0,1782359269.9429398,0.002008676528930664
77391,normal,195,0,1782359269.944902,0.0019621849060058594
77392,normal,1786,0,1782359269.9469397,0.0020377635955810547
77393,normal,3695,0,1782359269.9489017,0.001961946487426758
77394,normal,2541,0,1782359269.9509032,0.002001523971557617
77395,normal,1724,0,1782359269.9529061,0.0020029544830322266
77396,normal,1350,1,1782359269.9554489,0.002542734146118164
77397,normal,1759,0,1782359269.9569573,0.001508474349975586
77398,normal,123,0,1782359269.9589489,0.0019915103912353516
77399,normal,1599,0,1782359269.9609385,0.001989603042602539
77400,normal,2308,0,1782359269.962944,0.0020055770874023438
77401,normal,366,0,1782359269.9648952,0.0019512176513671875
77402,normal,3633,0,1782359269.9670036,0.002108335494995117
77403,normal,2778,0,1782359269.9689484,0.0019447803497314453
77404,normal,3437,0,1782359269.9709306,0.0019822120666503906
77405,normal,1777,0,1782359269.9729328,0.002002239227294922
77406,normal,612,0,1782359269.9749424,0.0020096302032470703
77407,normal,1094,0,1782359269.9769518,0.0020093917846679688
77408,normal,1583,0,1782359269.9789548,0.0020029544830322266
77409,normal,553,0,1782359269.980957,0.002002239227294922
77410,normal,3491,0,1782359269.983054,0.002096891403198242
77411,normal,1983,0,1782359269.9849398,0.0018858909606933594
77412,normal,2420,0,1782359269.98703,0.0020902156829833984
77413,normal,1873,0,1782359269.9890103,0.001980304718017578
77414,normal,1273,0,1782359269.9910388,0.0020284652709960938
77415,normal,3611,0,1782359269.9929793,0.0019404888153076172
77416,normal,2236,0,1782359269.9951704,0.0021910667419433594
77417,normal,3662,0,1782359269.9970345,0.0018641948699951172
77418,normal,3176,1,1782359269.998893,0.0018584728240966797
77419,normal,2706,0,1782359270.000956,0.0020630359649658203
77420,normal,3397,1,1782359270.0030484,0.0020923614501953125
77421,normal,449,0,1782359270.0048327,0.0017843246459960938
77422,normal,345,0,1782359270.007,0.002167224884033203
77423,normal,2697,0,1782359270.009051,0.002051115036010742
77424,normal,3405,0,1782359270.0109348,0.0018837451934814453
77425,normal,2872,0,1782359270.0129316,0.001996755599975586
77426,normal,772,2,1782359270.0149999,0.0020682811737060547
77427,normal,243,0,1782359270.016933,0.0019330978393554688
77428,normal,3214,1,1782359270.0190253,0.0020923614501953125
77429,normal,690,0,1782359270.0209768,0.001951456069946289
77430,normal,408,0,1782359270.0229502,0.001973390579223633
77431,normal,3652,0,1782359270.0249631,0.002012968063354492
77432,normal,2471,0,1782359270.026899,0.0019359588623046875
77433,normal,256,0,1782359270.0288708,0.001971721649169922
77434,normal,3677,0,1782359270.030963,0.002092123031616211
77435,normal,1336,1,1782359270.0329616,0.0019986629486083984
77436,normal,1840,0,1782359270.0349905,0.002028942108154297
77437,normal,2148,0,1782359270.0368867,0.0018961429595947266
77438,normal,339,0,1782359270.0389163,0.0020296573638916016
77439,normal,1834,0,1782359270.0409214,0.0020051002502441406
77440,normal,3351,1,1782359270.0428567,0.0019352436065673828
77441,normal,3192,1,1782359270.0451958,0.0023391246795654297
77442,normal,3220,1,1782359270.0470874,0.0018916130065917969
77443,normal,21,0,1782359270.049264,0.002176523208618164
77444,normal,1692,0,1782359270.0510757,0.0018117427825927734
77445,normal,637,0,1782359270.0529306,0.0018548965454101562
77446,normal,2049,0,1782359270.054833,0.0019023418426513672
77447,normal,1235,0,1782359270.0572004,0.0023674964904785156
77448,normal,509,0,1782359270.0588336,0.0016331672668457031
77449,normal,1413,0,1782359270.060983,0.002149343490600586
77450,normal,2887,0,1782359270.0628598,0.0018768310546875
77451,normal,3326,1,1782359270.0649803,0.002120494842529297
77452,normal,1069,0,1782359270.0670607,0.0020804405212402344
77453,normal,2378,0,1782359270.0690477,0.001986980438232422
77454,normal,152,0,1782359270.070972,0.001924276351928711
77455,normal,3620,0,1782359270.0730274,0.0020554065704345703
77456,normal,550,0,1782359270.0749567,0.0019292831420898438
77457,normal,1281,0,1782359270.0770292,0.002072572708129883
77458,normal,568,0,1782359270.0791042,0.0020749568939208984
77459,normal,3377,1,1782359270.0809488,0.001844644546508789
77460,normal,741,0,1782359270.0830393,0.0020904541015625
77461,normal,750,0,1782359270.084978,0.0019388198852539062
77462,normal,1891,0,1782359270.0869558,0.001977682113647461
77463,normal,1725,0,1782359270.08887,0.0019142627716064453
77464,normal,3248,1,1782359270.0909553,0.0020852088928222656
77465,normal,3619,0,1782359270.0928671,0.0019118785858154297
77466,normal,3167,1,1782359270.0949733,0.002106189727783203
77467,normal,2244,0,1782359270.0970514,0.0020780563354492188
77468,normal,3640,0,1782359270.0989904,0.0019390583038330078
77469,normal,3544,0,1782359270.101041,0.002050638198852539
77470,normal,588,0,1782359270.1029422,0.0019011497497558594
77471,normal,2852,0,1782359270.1050925,0.002150297164916992
77472,normal,3462,0,1782359270.106938,0.0018453598022460938
77473,normal,566,0,1782359270.1091185,0.0021805763244628906
77474,normal,794,2,1782359270.1109362,0.0018177032470703125
77475,normal,2014,0,1782359270.1130955,0.0021593570709228516
77476,normal,1636,0,1782359270.1151423,0.002046823501586914
77477,normal,2649,0,1782359270.1170688,0.001926422119140625
77478,normal,2637,0,1782359270.1190012,0.001932382583618164
77479,normal,730,0,1782359270.121014,0.002012968063354492
77480,normal,806,2,1782359270.1231196,0.0021054744720458984
77481,normal,447,0,1782359270.125001,0.0018813610076904297
77482,normal,1797,0,1782359270.1270463,0.0020453929901123047
77483,normal,743,0,1782359270.1290126,0.001966238021850586
77484,normal,2751,0,1782359270.1310008,0.0019881725311279297
77485,normal,2436,0,1782359270.1331203,0.0021195411682128906
77486,normal,693,0,1782359270.1350524,0.0019321441650390625
77487,normal,2753,0,1782359270.1373296,0.0022771358489990234
77488,normal,780,2,1782359270.1393855,0.0020558834075927734
77489,normal,3598,0,1782359270.1410074,0.0016219615936279297
77490,normal,3482,0,1782359270.1428769,0.0018694400787353516
77491,normal,1607,0,1782359270.145165,0.0022881031036376953
77492,normal,1595,0,1782359270.1472833,0.002118349075317383
77493,normal,1174,0,1782359270.149971,0.002687692642211914
77494,normal,1445,0,1782359270.1509135,0.0009424686431884766
77495,normal,7,0,1782359270.1529915,0.0020780563354492188
77496,normal,1015,2,1782359270.155007,0.002015352249145508
77497,normal,2793,0,1782359270.1569831,0.0019762516021728516
77498,normal,3165,1,1782359270.1588867,0.001903533935546875
77499,normal,2858,0,1782359270.1609578,0.0020711421966552734
77500,normal,3224,1,1782359270.1629527,0.0019948482513427734
77501,normal,3254,1,1782359270.1650126,0.0020599365234375
77502,normal,1585,0,1782359270.1669567,0.0019440650939941406
77503,normal,1639,0,1782359270.1690698,0.0021131038665771484
77504,normal,3003,0,1782359270.1710594,0.001989603042602539
77505,normal,158,0,1782359270.1728709,0.0018115043640136719
77506,normal,2306,0,1782359270.1750417,0.0021708011627197266
77507,normal,3653,0,1782359270.1770248,0.001983165740966797
77508,normal,1218,0,1782359270.1790702,0.0020453929901123047
77509,normal,3085,1,1782359270.1809673,0.0018970966339111328
77510,normal,3253,1,1782359270.1831524,0.0021851062774658203
77511,normal,3403,0,1782359270.1850455,0.0018930435180664062
77512,normal,485,0,1782359270.187049,0.0020034313201904297
77513,normal,2445,0,1782359270.1889014,0.0018525123596191406
77514,normal,1204,0,1782359270.1911163,0.0022149085998535156
77515,normal,3317,1,1782359270.19323,0.0021135807037353516
77516,normal,1787,0,1782359270.1949005,0.0016705989837646484
77517,normal,1634,0,1782359270.1969843,0.0020837783813476562
77518,normal,3404,0,1782359270.199051,0.0020666122436523438
77519,normal,471,0,1782359270.2009807,0.0019297599792480469
77520,normal,3315,1,1782359270.202968,0.0019872188568115234
77521,normal,1626,0,1782359270.2050033,0.002035379409790039
77522,normal,753,0,1782359270.2069876,0.0019843578338623047
77523,normal,2472,0,1782359270.2089598,0.001972198486328125
77524,normal,3002,0,1782359270.2109513,0.0019915103912353516
77525,normal,3522,0,1782359270.2129183,0.0019669532775878906
77526,normal,1883,0,1782359270.214991,0.0020728111267089844
77527,normal,315,0,1782359270.2170346,0.002043485641479492
77528,normal,2667,0,1782359270.218979,0.0019443035125732422
77529,normal,2822,0,1782359270.2209654,0.0019865036010742188
77530,normal,3153,1,1782359270.2229755,0.0020101070404052734
77531,normal,1206,0,1782359270.2250218,0.002046346664428711
77532,normal,2278,0,1782359270.2269654,0.0019435882568359375
77533,normal,1034,0,1782359270.2291083,0.0021429061889648438
77534,normal,111,0,1782359270.2309928,0.00188446044921875
77535,normal,694,0,1782359270.2328668,0.0018739700317382812
77536,normal,578,0,1782359270.235002,0.0021352767944335938
77537,normal,1254,0,1782359270.236938,0.0019359588623046875
77538,normal,2095,0,1782359270.2389886,0.002050638198852539
77539,normal,911,2,1782359270.2409945,0.0020058155059814453
77540,normal,2503,0,1782359270.2428815,0.0018870830535888672
77541,normal,299,0,1782359270.244995,0.0021135807037353516
77542,normal,1884,0,1782359270.2469714,0.0019762516021728516
77543,normal,23,0,1782359270.2489877,0.002016305923461914
77544,normal,3359,1,1782359270.251032,0.0020444393157958984
77545,normal,2344,0,1782359270.252972,0.0019397735595703125
77546,normal,325,0,1782359270.255019,0.0020470619201660156
77547,normal,1974,0,1782359270.2569447,0.0019257068634033203
77548,normal,1806,0,1782359270.25906,0.0021152496337890625
77549,normal,833,2,1782359270.2610645,0.0020046234130859375
77550,normal,2358,0,1782359270.2629676,0.0019030570983886719
77551,normal,3069,1,1782359270.2650476,0.0020799636840820312
77552,normal,2212,0,1782359270.2670195,0.0019719600677490234
77553,normal,1800,0,1782359270.2688777,0.0018582344055175781
77554,normal,983,2,1782359270.2709887,0.0021109580993652344
77555,normal,1881,0,1782359270.2734463,0.0024576187133789062
77556,normal,423,0,1782359270.2749333,0.0014870166778564453
77557,normal,1908,0,1782359270.27732,0.0023865699768066406
77558,normal,2991,0,1782359270.27902,0.0017001628875732422
77559,normal,917,2,1782359270.2810638,0.0020437240600585938
77560,normal,1825,0,1782359270.2829947,0.0019309520721435547
77561,normal,3596,0,1782359270.2850173,0.0020225048065185547
77562,normal,1112,0,1782359270.2869968,0.0019795894622802734
77563,normal,3690,0,1782359270.289127,0.002130270004272461
77564,normal,601,0,1782359270.2914343,0.0023071765899658203
77565,normal,1774,0,1782359270.293119,0.0016846656799316406
77566,normal,2073,0,1782359270.2951987,0.0020797252655029297
77567,normal,1364,1,1782359270.297443,0.002244234085083008
77568,normal,1365,1,1782359270.2990212,0.0015783309936523438
77569,normal,1104,0,1782359270.3011618,0.002140522003173828
77570,normal,187,0,1782359270.3031871,0.0020253658294677734
77571,normal,2054,0,1782359270.3051145,0.0019273757934570312
77572,normal,3181,1,1782359270.307075,0.0019605159759521484
77573,normal,480,0,1782359270.3092825,0.002207517623901367
77574,normal,1007,2,1782359270.3113706,0.0020880699157714844
77575,normal,677,0,1782359270.313168,0.0017974376678466797
77576,normal,2387,0,1782359270.315042,0.0018739700317382812
77577,normal,3631,0,1782359270.3169947,0.0019526481628417969
77578,normal,1812,0,1782359270.3191488,0.002154111862182617
77579,normal,1018,2,1782359270.3210459,0.0018970966339111328
77580,normal,982,2,1782359270.322995,0.0019490718841552734
77581,normal,1740,0,1782359270.3251586,0.0021636486053466797
77582,normal,1788,0,1782359270.3268826,0.0017240047454833984
77583,normal,2124,0,1782359270.3289826,0.0020999908447265625
77584,normal,3136,1,1782359270.3310246,0.002042055130004883
77585,normal,388,0,1782359270.3330362,0.002011537551879883
77586,normal,2114,0,1782359270.3350184,0.0019822120666503906
77587,normal,248,0,1782359270.337505,0.002486705780029297
77588,normal,289,0,1782359270.339278,0.0017728805541992188
77589,normal,3394,1,1782359270.3409057,0.0016276836395263672
77590,normal,890,2,1782359270.3433044,0.0023987293243408203
77591,normal,850,2,1782359270.3449829,0.001678466796875
77592,normal,1080,0,1782359270.3469763,0.001993417739868164
77593,normal,523,0,1782359270.3490415,0.0020651817321777344
77594,normal,3008,0,1782359270.3508582,0.0018167495727539062
77595,normal,467,0,1782359270.3528664,0.002008199691772461
77596,normal,766,0,1782359270.3548806,0.00201416015625
77597,normal,2727,0,1782359270.357035,0.0021543502807617188
77598,normal,2426,0,1782359270.358853,0.0018181800842285156
77599,normal,3252,1,1782359270.3608425,0.0019893646240234375
77600,normal,2609,0,1782359270.362871,0.0020284652709960938
77601,normal,824,2,1782359270.364869,0.0019981861114501953
77602,normal,3019,0,1782359270.3668904,0.002021312713623047
77603,normal,3222,1,1782359270.3688323,0.0019419193267822266
77604,normal,567,0,1782359270.3708727,0.002040386199951172
77605,normal,2878,0,1782359270.3728664,0.0019936561584472656
77606,normal,2582,0,1782359270.3749537,0.0020873546600341797
77607,normal,2801,0,1782359270.3768296,0.0018758773803710938
77608,normal,341,0,1782359270.378883,0.0020532608032226562
77609,normal,3384,1,1782359270.3810468,0.0021638870239257812
77610,normal,411,0,1782359270.3833373,0.002290487289428711
77611,normal,201,0,1782359270.3850238,0.0016865730285644531
77612,normal,3600,0,1782359270.3869982,0.001974344253540039
77613,normal,167,0,1782359270.3889987,0.002000570297241211
77614,normal,2240,0,1782359270.3909025,0.0019037723541259766
77615,normal,1574,0,1782359270.393091,0.002188444137573242
77616,normal,2605,0,1782359270.3949668,0.0018758773803710938
77617,normal,2695,0,1782359270.397069,0.0021021366119384766
77618,normal,754,0,1782359270.3990874,0.002018451690673828
77619,normal,2865,0,1782359270.400941,0.0018534660339355469
77620,normal,2497,0,1782359270.4029682,0.002027273178100586
77621,normal,586,0,1782359270.4051187,0.0021505355834960938
77622,normal,1493,0,1782359270.4070044,0.0018856525421142578
77623,normal,1556,0,1782359270.409007,0.002002716064453125
77624,normal,561,0,1782359270.4109528,0.0019457340240478516
77625,normal,3595,0,1782359270.4130044,0.0020515918731689453
77626,normal,3423,0,1782359270.4148436,0.0018391609191894531
77627,normal,2359,0,1782359270.416978,0.0021343231201171875
77628,normal,2157,0,1782359270.4188368,0.0018589496612548828
77629,normal,798,2,1782359270.421011,0.0021741390228271484
77630,normal,1647,0,1782359270.4228768,0.0018658638000488281
77631,normal,2438,0,1782359270.4249606,0.0020837783813476562
77632,normal,403,0,1782359270.426938,0.0019774436950683594
77633,normal,2105,0,1782359270.4290729,0.0021347999572753906
77634,normal,609,0,1782359270.4308736,0.0018007755279541016
77635,normal,2023,0,1782359270.4330401,0.0021665096282958984
77636,normal,1730,0,1782359270.4348636,0.00182342529296875
77637,normal,2337,0,1782359270.437073,0.0022094249725341797
77638,normal,434,0,1782359270.4389224,0.0018494129180908203
77639,normal,3200,1,1782359270.4410655,0.0021431446075439453
77640,normal,2724,0,1782359270.4429052,0.0018396377563476562
77641,normal,2207,0,1782359270.4449718,0.0020666122436523438
77642,normal,3178,1,1782359270.446899,0.0019271373748779297
77643,normal,1667,0,1782359270.4489503,0.0020513534545898438
77644,normal,1083,0,1782359270.4509766,0.0020263195037841797
77645,normal,791,2,1782359270.4529212,0.0019445419311523438
77646,normal,1751,0,1782359270.455059,0.002137899398803711
77647,normal,2195,0,1782359270.457151,0.0020918846130371094
77648,normal,3644,0,1782359270.458986,0.0018351078033447266
77649,normal,2377,0,1782359270.4608777,0.0018916130065917969
77650,normal,711,0,1782359270.4630718,0.0021941661834716797
77651,normal,332,0,1782359270.4649794,0.0019075870513916016
77652,normal,1234,0,1782359270.4669678,0.0019884109497070312
77653,normal,2938,0,1782359270.4691665,0.0021986961364746094
77654,normal,2976,0,1782359270.4709756,0.0018091201782226562
77655,normal,918,2,1782359270.4729345,0.0019588470458984375
77656,normal,105,0,1782359270.4748862,0.0019516944885253906
77657,normal,3424,0,1782359270.476952,0.002065896987915039
77658,normal,3185,1,1782359270.479076,0.0021238327026367188
77659,normal,454,0,1782359270.4811344,0.0020585060119628906
77660,normal,3548,0,1782359270.4832728,0.002138376235961914
77661,normal,1849,0,1782359270.485467,0.0021941661834716797
77662,normal,3145,1,1782359270.4870617,0.0015947818756103516
77663,normal,1830,0,1782359270.4894757,0.0024139881134033203
77664,normal,846,2,1782359270.4910352,0.0015594959259033203
77665,normal,991,2,1782359270.493161,0.0021257400512695312
77666,normal,3441,0,1782359270.495235,0.002074003219604492
77667,normal,2966,0,1782359270.4971433,0.0019083023071289062
77668,normal,1499,0,1782359270.4989874,0.001844167709350586
77669,normal,1453,0,1782359270.5010216,0.0020341873168945312
77670,normal,2963,0,1782359270.5030189,0.001997232437133789
77671,normal,2566,0,1782359270.505048,0.0020291805267333984
77672,normal,3354,1,1782359270.5071318,0.0020837783813476562
77673,normal,3217,1,1782359270.509183,0.002051115036010742
77674,normal,2476,0,1782359270.5111,0.001917123794555664
77675,normal,2958,0,1782359270.5132675,0.0021674633026123047
77676,normal,3340,1,1782359270.515025,0.0017573833465576172
77677,normal,2113,0,1782359270.5171657,0.0021407604217529297
77678,normal,211,0,1782359270.5191038,0.0019381046295166016
77679,normal,11,0,1782359270.5211313,0.0020275115966796875
77680,normal,3428,0,1782359270.5235527,0.0024213790893554688
77681,normal,392,0,1782359270.5258095,0.0022568702697753906
77682,normal,1134,0,1782359270.5271742,0.0013647079467773438
77683,normal,2437,0,1782359270.5290093,0.0018351078033447266
77684,normal,58,0,1782359270.5309894,0.0019800662994384766
77685,normal,474,0,1782359270.533013,0.0020236968994140625
77686,normal,3372,1,1782359270.535006,0.001992940902709961
77687,normal,431,0,1782359270.5370939,0.002087831497192383
77688,normal,384,0,1782359270.5393023,0.0022084712982177734
77689,normal,70,0,1782359270.541142,0.0018396377563476562
77690,normal,3638,0,1782359270.5429559,0.0018138885498046875
77691,normal,1557,0,1782359270.545015,0.0020592212677001953
77692,normal,2112,0,1782359270.5471396,0.0021245479583740234
77693,normal,770,0,1782359270.549011,0.001871347427368164
77694,normal,2243,0,1782359270.5514216,0.0024106502532958984
77695,normal,2620,0,1782359270.5533965,0.001974821090698242
77696,normal,2329,0,1782359270.555617,0.002220630645751953
77697,normal,1233,0,1782359270.5571663,0.0015492439270019531
77698,normal,3346,1,1782359270.5591016,0.0019352436065673828
77699,normal,1502,0,1782359270.5611424,0.002040863037109375
77700,normal,579,0,1782359270.5631068,0.0019643306732177734
77701,normal,1013,2,1782359270.5650158,0.001909017562866211
77702,normal,1704,0,1782359270.5673728,0.002357006072998047
77703,normal,2171,0,1782359270.5692403,0.001867532730102539
77704,normal,639,0,1782359270.5712583,0.002017974853515625
77705,normal,3052,1,1782359270.5732522,0.001993894577026367
77706,normal,2085,0,1782359270.575049,0.001796722412109375
77707,normal,372,0,1782359270.5770397,0.001990795135498047
77708,normal,3367,1,1782359270.5792813,0.0022416114807128906
77709,normal,2360,0,1782359270.5813894,0.0021080970764160156
77710,normal,2796,0,1782359270.5836036,0.002214193344116211
77711,normal,3537,0,1782359270.5852196,0.0016160011291503906
77712,normal,1079,0,1782359270.5870285,0.0018088817596435547
77713,normal,605,0,1782359270.588927,0.0018985271453857422
77714,normal,99,0,1782359270.591106,0.0021789073944091797
77715,normal,1742,0,1782359270.5931993,0.0020933151245117188
77716,normal,3637,0,1782359270.5951092,0.0019099712371826172
77717,normal,3277,1,1782359270.5970676,0.0019583702087402344
77718,normal,2996,0,1782359270.5992362,0.0021686553955078125
77719,normal,706,0,1782359270.6011374,0.0019011497497558594
77720,normal,2765,0,1782359270.6033063,0.002168893814086914
77721,normal,3484,0,1782359270.604978,0.0016717910766601562
77722,normal,2390,0,1782359270.6073284,0.002350330352783203
77723,normal,493,0,1782359270.6094027,0.0020742416381835938
77724,normal,2417,0,1782359270.6111414,0.0017387866973876953
77725,normal,2821,0,1782359270.6130517,0.0019102096557617188
77726,normal,2525,0,1782359270.6149745,0.0019228458404541016
77727,normal,3025,0,1782359270.6170502,0.002075672149658203
77728,normal,3046,1,1782359270.6191413,0.0020911693572998047
77729,normal,751,0,1782359270.621184,0.0020427703857421875
77730,normal,2694,0,1782359270.6231096,0.0019254684448242188
77731,normal,2553,0,1782359270.6249251,0.0018155574798583984
77732,normal,3164,1,1782359270.62712,0.0021948814392089844
77733,normal,307,0,1782359270.6289496,0.0018296241760253906
77734,normal,1870,0,1782359270.6312149,0.0022652149200439453
77735,normal,3094,1,1782359270.6331546,0.0019397735595703125
77736,normal,1544,0,1782359270.6351068,0.0019521713256835938
77737,normal,2912,0,1782359270.6369455,0.00183868408203125
77738,normal,2313,0,1782359270.6391473,0.0022017955780029297
77739,normal,1421,0,1782359270.6409674,0.0018200874328613281
77740,normal,1848,0,1782359270.6431222,0.002154827117919922
77741,normal,2965,0,1782359270.6451626,0.002040386199951172
77742,normal,3089,1,1782359270.6481175,0.0029549598693847656
77743,normal,1506,0,1782359270.6488612,0.0007436275482177734
77744,normal,3436,0,1782359270.6510139,0.002152681350708008
77745,normal,1492,0,1782359270.652868,0.0018541812896728516
77746,normal,3059,1,1782359270.6549368,0.002068758010864258
77747,normal,1026,2,1782359270.6568637,0.0019268989562988281
77748,normal,1791,0,1782359270.6589718,0.0021080970764160156
77749,normal,1606,0,1782359270.6610806,0.0021088123321533203
77750,normal,874,2,1782359270.6628678,0.0017871856689453125
77751,normal,2382,0,1782359270.665028,0.002160310745239258
77752,normal,227,0,1782359270.667008,0.001979827880859375
77753,normal,2181,0,1782359270.6691628,0.002154827117919922
77754,normal,3433,0,1782359270.6708753,0.0017125606536865234
77755,normal,513,0,1782359270.6730585,0.002183198928833008
77756,normal,1276,0,1782359270.6748416,0.001783132553100586
77757,normal,3022,0,1782359270.677077,0.00223541259765625
77758,normal,1402,0,1782359270.6789317,0.0018546581268310547
77759,normal,1477,0,1782359270.6808503,0.0019185543060302734
77760,normal,1164,0,1782359270.682936,0.0020856857299804688
77761,normal,2895,0,1782359270.6849847,0.0020487308502197266
77762,normal,2369,0,1782359270.6868165,0.0018317699432373047
77763,normal,776,2,1782359270.689221,0.002404451370239258
77764,normal,397,0,1782359270.6910276,0.0018067359924316406
77765,normal,414,0,1782359270.6931753,0.002147674560546875
77766,normal,1396,0,1782359270.6951637,0.0019884109497070312
77767,normal,1948,0,1782359270.6970832,0.0019195079803466797
77768,normal,1087,0,1782359270.6991854,0.0021021366119384766
77769,normal,5,0,1782359270.7011383,0.0019528865814208984
77770,normal,3461,0,1782359270.703115,0.0019767284393310547
77771,normal,3012,0,1782359270.7051408,0.0020258426666259766
77772,normal,1442,0,1782359270.707146,0.0020051002502441406
77773,normal,2180,0,1782359270.7091343,0.0019884109497070312
77774,normal,3483,0,1782359270.7111552,0.0020208358764648438
77775,normal,1726,0,1782359270.7128649,0.0017096996307373047
77776,normal,1982,0,1782359270.7151868,0.002321958541870117
77777,normal,3329,1,1782359270.7170978,0.0019109249114990234
77778,normal,2608,0,1782359270.719057,0.0019593238830566406
77779,normal,487,0,1782359270.7213194,0.0022623538970947266
77780,normal,1290,0,1782359270.722986,0.0016665458679199219
77781,normal,1708,0,1782359270.725447,0.002460956573486328
77782,normal,2803,0,1782359270.726968,0.0015211105346679688
77783,normal,324,0,1782359270.7291617,0.0021936893463134766
77784,normal,1280,0,1782359270.7310307,0.0018689632415771484
77785,normal,1338,1,1782359270.733823,0.0027923583984375
77786,normal,1012,2,1782359270.7353275,0.0015044212341308594
77787,normal,3550,0,1782359270.7370048,0.0016772747039794922
77788,normal,2057,0,1782359270.7390928,0.0020880699157714844
77789,normal,3166,1,1782359270.7411356,0.0020427703857421875
77790,normal,1129,0,1782359270.7428577,0.001722097396850586
77791,normal,1907,0,1782359270.745134,0.0022764205932617188
77792,normal,681,0,1782359270.7469275,0.0017933845520019531
77793,normal,317,0,1782359270.7489548,0.002027273178100586
77794,normal,2187,0,1782359270.7509446,0.0019898414611816406
77795,normal,3047,1,1782359270.7533667,0.0024220943450927734
77796,normal,3635,0,1782359270.7549524,0.0015857219696044922
77797,normal,3339,1,1782359270.7572682,0.0023157596588134766
77798,normal,1746,0,1782359270.7597013,0.0024330615997314453
77799,normal,4,0,1782359270.7611997,0.0014984607696533203
77800,normal,2659,0,1782359270.7629964,0.001796722412109375
77801,normal,2318,0,1782359270.7650535,0.0020570755004882812
77802,normal,2518,0,1782359270.7670336,0.0019800662994384766
77803,normal,3256,1,1782359270.769038,0.002004384994506836
77804,normal,629,0,1782359270.770999,0.0019609928131103516
77805,normal,29,0,1782359270.7731638,0.0021648406982421875
77806,normal,67,0,1782359270.7750766,0.001912832260131836
77807,normal,2165,0,1782359270.7775943,0.0025177001953125
77808,normal,2077,0,1782359270.7796173,0.002022981643676758
77809,normal,3075,1,1782359270.7809331,0.0013158321380615234
77810,normal,2276,0,1782359270.7831092,0.002176046371459961
77811,normal,986,2,1782359270.7850442,0.0019350051879882812
77812,normal,2881,0,1782359270.7873015,0.0022573471069335938
77813,normal,2333,0,1782359270.7896023,0.002300739288330078
77814,normal,2233,0,1782359270.791526,0.0019237995147705078
77815,normal,109,0,1782359270.793133,0.0016069412231445312
77816,normal,1016,2,1782359270.7953448,0.0022118091583251953
77817,normal,1057,0,1782359270.7969604,0.0016155242919921875
77818,normal,2825,0,1782359270.799068,0.0021076202392578125
77819,normal,2627,0,1782359270.801141,0.002073049545288086
77820,normal,1358,1,1782359270.803032,0.0018908977508544922
77821,normal,2514,0,1782359270.805076,0.0020439624786376953
77822,normal,1715,0,1782359270.807448,0.0023720264434814453
77823,normal,2368,0,1782359270.8090377,0.0015897750854492188
77824,normal,1478,0,1782359270.8111184,0.002080678939819336
77825,normal,73,0,1782359270.8130713,0.0019528865814208984
77826,normal,215,0,1782359270.8151155,0.002044200897216797
77827,normal,3639,0,1782359270.8171284,0.002012968063354492
77828,normal,1097,0,1782359270.819161,0.0020325183868408203
77829,normal,2068,0,1782359270.8210566,0.0018956661224365234
77830,normal,3520,0,1782359270.8230774,0.0020208358764648438
77831,normal,174,0,1782359270.825133,0.002055644989013672
77832,normal,1039,0,1782359270.8270288,0.0018956661224365234
77833,normal,89,0,1782359270.8290608,0.002032041549682617
77834,normal,209,0,1782359270.8311577,0.002096891403198242
77835,normal,2287,0,1782359270.8331263,0.0019686222076416016
77836,normal,1203,0,1782359270.8350337,0.0019073486328125
77837,normal,2213,0,1782359270.837223,0.0021893978118896484
77838,normal,1963,0,1782359270.8389633,0.0017402172088623047
77839,normal,2601,0,1782359270.841089,0.0021257400512695312
77840,normal,3676,0,1782359270.8431578,0.002068758010864258
77841,normal,686,0,1782359270.8449912,0.0018334388732910156
77842,normal,2021,0,1782359270.847173,0.0021817684173583984
77843,normal,3082,1,1782359270.849123,0.0019500255584716797
77844,normal,812,2,1782359270.8511307,0.002007722854614258
77845,normal,3624,0,1782359270.8530004,0.0018696784973144531
77846,normal,1720,0,1782359270.8551788,0.0021784305572509766
77847,normal,1776,0,1782359270.8568747,0.001695871353149414
77848,normal,1854,0,1782359270.8592544,0.0023796558380126953
77849,normal,2185,0,1782359270.860926,0.0016715526580810547
77850,normal,60,0,1782359270.8631432,0.0022172927856445312
77851,normal,528,0,1782359270.8650107,0.001867532730102539
77852,normal,1795,0,1782359270.8670542,0.002043485641479492
77853,normal,482,0,1782359270.8689947,0.0019404888153076172
77854,normal,242,0,1782359270.8711307,0.0021359920501708984
77855,normal,334,0,1782359270.8730392,0.0019085407257080078
77856,normal,2375,0,1782359270.8750832,0.0020439624786376953
77857,normal,3474,0,1782359270.877277,0.0021936893463134766
77858,normal,3651,0,1782359270.8790183,0.0017414093017578125
77859,normal,1761,0,1782359270.881116,0.002097606658935547
77860,normal,1537,0,1782359270.8829384,0.0018224716186523438
77861,normal,3471,0,1782359270.8851619,0.002223491668701172
77862,normal,2622,0,1782359270.8869169,0.0017549991607666016
77863,normal,1105,0,1782359270.88916,0.0022430419921875
77864,normal,733,0,1782359270.8910697,0.0019097328186035156
77865,normal,2100,0,1782359270.8930395,0.0019698143005371094
77866,normal,1025,2,1782359270.8950636,0.0020241737365722656
77867,normal,251,0,1782359270.8971124,0.0020487308502197266
77868,normal,518,0,1782359270.8990743,0.001961946487426758
77869,normal,450,0,1782359270.9012728,0.002198457717895508
77870,normal,3604,0,1782359270.9030206,0.0017478466033935547
77871,normal,2175,0,1782359270.9050937,0.002073049545288086
77872,normal,2725,0,1782359270.9070039,0.0019102096557617188
77873,normal,2617,0,1782359270.9093294,0.0023255348205566406
77874,normal,2940,0,1782359270.9110465,0.0017170906066894531
77875,normal,2465,0,1782359270.913256,0.0022094249725341797
77876,normal,2570,0,1782359270.9149735,0.0017175674438476562
77877,normal,353,0,1782359270.9172003,0.0022268295288085938
77878,normal,203,0,1782359270.9193513,0.002151012420654297
77879,normal,1792,0,1782359270.92113,0.0017786026000976562
77880,normal,565,0,1782359270.9229138,0.0017838478088378906
77881,normal,522,0,1782359270.9250622,0.0021483898162841797
77882,normal,2226,0,1782359270.9272144,0.0021522045135498047
77883,normal,622,0,1782359270.9291475,0.0019330978393554688
77884,normal,1457,0,1782359270.9312694,0.0021219253540039062
77885,normal,337,0,1782359270.9330587,0.0017893314361572266
77886,normal,3614,0,1782359270.9349365,0.0018777847290039062
77887,normal,3547,0,1782359270.93733,0.002393484115600586
77888,normal,3581,0,1782359270.9390857,0.0017557144165039062
77889,normal,2170,0,1782359270.9408588,0.0017731189727783203
77890,normal,1261,0,1782359270.9431028,0.0022439956665039062
77891,normal,873,2,1782359270.945327,0.0022242069244384766
77892,normal,1172,0,1782359270.9470308,0.0017037391662597656
77893,normal,2669,0,1782359270.9492881,0.0022573471069335938
77894,normal,2964,0,1782359270.951356,0.0020678043365478516
77895,normal,1577,0,1782359270.9529154,0.0015594959259033203
77896,normal,2254,0,1782359270.954983,0.00206756591796875
77897,normal,2490,0,1782359270.9571238,0.0021407604217529297
77898,normal,695,0,1782359270.958871,0.00174713134765625
77899,normal,3240,1,1782359270.9611113,0.002240419387817383
77900,normal,406,0,1782359270.9637618,0.0026504993438720703
77901,normal,624,0,1782359270.9655926,0.0018308162689208984
77902,normal,2981,0,1782359270.9673364,0.0017437934875488281
77903,normal,2869,0,1782359270.968954,0.0016176700592041016
77904,normal,1545,0,1782359270.9711294,0.0021753311157226562
77905,normal,1689,0,1782359270.9730124,0.0018830299377441406
77906,normal,1357,1,1782359270.9750283,0.002015829086303711
77907,normal,3391,1,1782359270.9770126,0.0019843578338623047
77908,normal,177,0,1782359270.9794757,0.002463102340698242
77909,normal,1867,0,1782359270.9810302,0.0015544891357421875
77910,normal,3198,1,1782359309.4118123,0.0
77911,normal,877,2,1782359309.4137142,0.001901865005493164
77912,normal,519,0,1782359309.4156585,0.0019443035125732422
77913,normal,187,0,1782359309.417701,0.002042531967163086
77914,normal,197,0,1782359309.419653,0.0019519329071044922
77915,normal,3513,0,1782359309.4216359,0.0019829273223876953
77916,normal,1609,0,1782359309.4237525,0.002116680145263672
77917,normal,2207,0,1782359309.4258485,0.002095937728881836
77918,normal,2500,0,1782359309.4278667,0.0020182132720947266
77919,normal,3045,1,1782359309.4297776,0.0019109249114990234
77920,normal,1544,0,1782359309.4319174,0.0021398067474365234
77921,normal,72,0,1782359309.4337482,0.0018308162689208984
77922,normal,84,0,1782359309.435848,0.002099752426147461
77923,normal,1738,0,1782359309.4378462,0.0019981861114501953
77924,normal,176,0,1782359309.4397612,0.00191497802734375
77925,normal,658,0,1782359309.4417405,0.001979351043701172
77926,normal,3607,0,1782359309.4438903,0.002149820327758789
77927,normal,2582,0,1782359309.4457145,0.0018241405487060547
77928,normal,164,0,1782359309.4478576,0.0021431446075439453
77929,normal,3037,0,1782359309.4498327,0.0019750595092773438
77930,normal,3314,1,1782359309.4516904,0.001857757568359375
77931,normal,1276,0,1782359309.4537544,0.0020639896392822266
77932,normal,1175,0,1782359309.4557838,0.0020294189453125
77933,normal,481,0,1782359309.457728,0.0019440650939941406
77934,normal,223,0,1782359309.4598765,0.0021486282348632812
77935,normal,2795,0,1782359309.461754,0.0018775463104248047
77936,normal,3464,0,1782359309.4637,0.0019459724426269531
77937,normal,1398,0,1782359309.4656255,0.0019254684448242188
77938,normal,2928,0,1782359309.4676528,0.002027273178100586
77939,normal,2161,0,1782359309.4696863,0.0020334720611572266
77940,normal,2601,0,1782359309.4716167,0.0019304752349853516
77941,normal,539,0,1782359309.4736464,0.0020296573638916016
77942,normal,3289,1,1782359309.4756932,0.002046823501586914
77943,normal,2801,0,1782359309.4778051,0.0021119117736816406
77944,normal,1514,0,1782359309.479872,0.0020668506622314453
77945,normal,3616,0,1782359309.4816914,0.0018193721771240234
77946,normal,2788,0,1782359309.4838376,0.0021462440490722656
77947,normal,1262,0,1782359309.4857912,0.001953601837158203
77948,normal,3405,0,1782359309.487725,0.0019338130950927734
77949,normal,1817,0,1782359309.4898777,0.002152681350708008
77950,normal,819,2,1782359309.4917614,0.0018837451934814453
77951,normal,2537,0,1782359309.493808,0.0020465850830078125
77952,normal,3112,1,1782359309.495892,0.002084016799926758
77953,normal,1554,0,1782359309.4977612,0.00186920166015625
77954,normal,1892,0,1782359309.4998057,0.0020444393157958984
77955,normal,464,0,1782359309.5018773,0.0020716190338134766
77956,normal,1049,0,1782359309.5037463,0.0018689632415771484
77957,normal,1388,0,1782359309.505808,0.0020618438720703125
77958,normal,1167,0,1782359309.507896,0.002087831497192383
77959,normal,1111,0,1782359309.5097508,0.0018548965454101562
77960,normal,2688,0,1782359309.5118003,0.0020494461059570312
77961,normal,945,2,1782359309.5138829,0.0020825862884521484
77962,normal,848,2,1782359309.5158198,0.0019369125366210938
77963,normal,1360,1,1782359309.5177283,0.0019085407257080078
77964,normal,796,2,1782359309.5199137,0.002185344696044922
77965,normal,3467,0,1782359309.5217502,0.001836538314819336
77966,normal,91,0,1782359309.523729,0.0019788742065429688
77967,normal,2919,0,1782359309.5259144,0.002185344696044922
77968,normal,2927,0,1782359309.527752,0.0018374919891357422
77969,normal,1213,0,1782359309.5297225,0.001970529556274414
77970,normal,3459,0,1782359309.5318882,0.0021657943725585938
77971,normal,3416,0,1782359309.5337467,0.0018584728240966797
77972,normal,2566,0,1782359309.5357244,0.001977682113647461
77973,normal,3560,0,1782359309.5378933,0.002168893814086914
77974,normal,2339,0,1782359309.5397425,0.0018491744995117188
77975,normal,1242,0,1782359309.5417242,0.0019817352294921875
77976,normal,2437,0,1782359309.54392,0.0021958351135253906
77977,normal,2724,0,1782359309.5458248,0.0019047260284423828
77978,normal,2508,0,1782359309.547732,0.0019073486328125
77979,normal,1864,0,1782359309.5499234,0.002191305160522461
77980,normal,2081,0,1782359309.5518196,0.0018961429595947266
77981,normal,665,0,1782359309.5537307,0.001911163330078125
77982,normal,878,2,1782359309.5559363,0.0022056102752685547
77983,normal,3104,1,1782359309.5578465,0.0019102096557617188
77984,normal,274,0,1782359309.5599465,0.0020999908447265625
77985,normal,2715,0,1782359309.561958,0.002011537551879883
77986,normal,1161,0,1782359309.5639987,0.0020406246185302734
77987,normal,1531,0,1782359309.5657306,0.00173187255859375
77988,normal,1935,0,1782359309.5680997,0.0023691654205322266
77989,normal,3295,1,1782359309.569866,0.001766204833984375
77990,normal,3656,0,1782359309.5717118,0.0018458366394042969
77991,normal,3692,0,1782359309.573924,0.0022122859954833984
77992,normal,1092,0,1782359309.5758631,0.0019390583038330078
77993,normal,1985,0,1782359309.5777724,0.0019092559814453125
77994,normal,3068,1,1782359309.579977,0.0022046566009521484
77995,normal,2916,0,1782359309.5818691,0.00189208984375
77996,normal,733,0,1782359309.583711,0.0018417835235595703
77997,normal,3538,0,1782359309.5859454,0.0022344589233398438
77998,normal,3309,1,1782359309.5878513,0.0019059181213378906
77999,normal,1187,0,1782359309.5897555,0.0019042491912841797
78000,normal,2332,0,1782359309.591947,0.0021915435791015625
78001,normal,76,0,1782359309.5939429,0.0019958019256591797
78002,normal,3527,0,1782359309.5957062,0.0017633438110351562
78003,normal,222,0,1782359309.59795,0.0022437572479248047
78004,normal,995,2,1782359309.5998542,0.0019042491912841797
78005,normal,712,0,1782359309.601759,0.0019047260284423828
78006,normal,19,0,1782359309.6039271,0.0021681785583496094
78007,normal,26,0,1782359309.6058826,0.0019555091857910156
78008,normal,748,0,1782359309.6079395,0.0020568370819091797
78009,normal,1913,0,1782359309.6099825,0.002043008804321289
78010,normal,3256,1,1782359309.611885,0.0019025802612304688
78011,normal,1416,0,1782359309.6138353,0.0019502639770507812
78012,normal,754,0,1782359309.615865,0.0020296573638916016
78013,normal,1946,0,1782359309.6177385,0.0018734931945800781
78014,normal,1269,0,1782359309.619824,0.002085447311401367
78015,normal,2300,0,1782359309.6219485,0.0021245479583740234
78016,normal,1231,0,1782359309.6238155,0.001867055892944336
78017,normal,1320,1,1782359309.6258082,0.0019927024841308594
78018,normal,1571,0,1782359309.627879,0.0020706653594970703
78019,normal,1271,0,1782359309.6297495,0.0018706321716308594
78020,normal,2044,0,1782359309.6318166,0.002067089080810547
78021,normal,2507,0,1782359309.633934,0.0021173954010009766
78022,normal,1508,0,1782359309.635829,0.0018949508666992188
78023,normal,3596,0,1782359309.6377285,0.0018994808197021484
78024,normal,2052,0,1782359309.639934,0.0022056102752685547
78025,normal,2714,0,1782359309.6418278,0.001893758773803711
78026,normal,3435,0,1782359309.6437585,0.0019307136535644531
78027,normal,2657,0,1782359309.6459227,0.002164125442504883
78028,normal,177,0,1782359309.6478276,0.0019049644470214844
78029,normal,2926,0,1782359309.6497247,0.0018970966339111328
78030,normal,1260,0,1782359309.6517613,0.002036571502685547
78031,normal,1904,0,1782359309.6538343,0.002073049545288086
78032,normal,726,0,1782359309.6556873,0.0018529891967773438
78033,normal,461,0,1782359309.6578345,0.002147197723388672
78034,normal,2689,0,1782359309.6597629,0.0019283294677734375
78035,normal,3505,0,1782359309.6617687,0.0020058155059814453
78036,normal,3217,1,1782359309.6638346,0.002065896987915039
78037,normal,1436,0,1782359309.6657734,0.0019388198852539062
78038,normal,430,0,1782359309.6676865,0.0019130706787109375
78039,normal,566,0,1782359309.669844,0.002157449722290039
78040,normal,2634,0,1782359309.6718466,0.002002716064453125
78041,normal,1264,0,1782359309.673648,0.0018014907836914062
78042,normal,3115,1,1782359309.6756551,0.002007007598876953
78043,normal,2341,0,1782359309.677704,0.002048969268798828
78044,normal,2843,0,1782359309.6796262,0.0019221305847167969
78045,normal,651,0,1782359309.6816454,0.002019166946411133
78046,normal,822,2,1782359309.6836545,0.002009153366088867
78047,normal,1252,0,1782359309.685643,0.0019884109497070312
78048,normal,3595,0,1782359309.687615,0.0019719600677490234
78049,normal,1481,0,1782359309.6896436,0.0020287036895751953
78050,normal,347,0,1782359309.6916764,0.002032756805419922
78051,normal,3178,1,1782359309.693618,0.001941680908203125
78052,normal,991,2,1782359309.6956882,0.002070188522338867
78053,normal,386,0,1782359309.6976433,0.0019550323486328125
78054,normal,2625,0,1782359309.6996217,0.0019783973693847656
78055,normal,2607,0,1782359309.7016468,0.002025127410888672
78056,normal,259,0,1782359309.7036378,0.0019910335540771484
78057,normal,410,0,1782359309.7056108,0.0019729137420654297
78058,normal,1731,0,1782359309.7076454,0.0020346641540527344
78059,normal,1169,0,1782359309.7096353,0.0019898414611816406
78060,normal,2937,0,1782359309.7116132,0.0019779205322265625
78061,normal,636,0,1782359309.7137508,0.0021376609802246094
78062,normal,1970,0,1782359309.7156124,0.001861572265625
78063,normal,468,0,1782359309.7176125,0.002000093460083008
78064,normal,3232,1,1782359309.7197657,0.002153158187866211
78065,normal,3613,0,1782359309.7216115,0.0018458366394042969
78066,normal,2115,0,1782359309.7236137,0.002002239227294922
78067,normal,1665,0,1782359309.7258573,0.002243518829345703
78068,normal,333,0,1782359309.7276506,0.0017933845520019531
78069,normal,1016,2,1782359309.7296302,0.0019795894622802734
78070,normal,1240,0,1782359309.731693,0.0020627975463867188
78071,normal,1701,0,1782359309.7337093,0.002016305923461914
78072,normal,3154,1,1782359309.735635,0.0019257068634033203
78073,normal,2224,0,1782359309.7376387,0.0020036697387695312
78074,normal,2060,0,1782359309.7396977,0.0020589828491210938
78075,normal,78,0,1782359309.741641,0.001943349838256836
78076,normal,609,0,1782359309.7436373,0.001996278762817383
78077,normal,2164,0,1782359309.7457128,0.0020754337310791016
78078,normal,192,0,1782359309.7476375,0.001924753189086914
78079,normal,2118,0,1782359309.7496397,0.002002239227294922
78080,normal,3367,1,1782359309.7516913,0.0020515918731689453
78081,normal,1888,0,1782359309.7536378,0.0019464492797851562
78082,normal,3348,1,1782359309.7556365,0.0019986629486083984
78083,normal,3312,1,1782359309.7576969,0.002060413360595703
78084,normal,3336,1,1782359309.7596369,0.001940011978149414
78085,normal,897,2,1782359309.7616394,0.0020024776458740234
78086,normal,2299,0,1782359309.763714,0.002074718475341797
78087,normal,3091,1,1782359309.7656398,0.0019257068634033203
78088,normal,188,0,1782359309.7676373,0.0019974708557128906
78089,normal,3301,1,1782359309.7697208,0.0020835399627685547
78090,normal,2174,0,1782359309.7716343,0.0019135475158691406
78091,normal,682,0,1782359309.7736828,0.002048492431640625
78092,normal,2516,0,1782359309.7756963,0.0020134449005126953
78093,normal,1919,0,1782359309.7776468,0.0019505023956298828
78094,normal,3541,0,1782359309.7796376,0.001990795135498047
78095,normal,1715,0,1782359309.781697,0.002059459686279297
78096,normal,1982,0,1782359309.78364,0.0019428730010986328
78097,normal,1384,0,1782359309.7856383,0.001998424530029297
78098,normal,2590,0,1782359309.7876914,0.0020530223846435547
78099,normal,2335,0,1782359309.7896392,0.0019478797912597656
78100,normal,3331,1,1782359309.7916365,0.001997232437133789
78101,normal,760,0,1782359309.7936924,0.0020558834075927734
78102,normal,3498,0,1782359309.7956376,0.0019452571868896484
78103,normal,3469,0,1782359309.797638,0.0020003318786621094
78104,normal,671,0,1782359309.7996824,0.0020444393157958984
78105,normal,2809,0,1782359309.8017094,0.0020270347595214844
78106,normal,2415,0,1782359309.8036356,0.0019261837005615234
78107,normal,2751,0,1782359309.8057017,0.0020661354064941406
78108,normal,450,0,1782359309.8076966,0.0019948482513427734
78109,normal,2519,0,1782359309.8096976,0.002001047134399414
78110,normal,3299,1,1782359309.8115978,0.0019001960754394531
78111,normal,2005,0,1782359309.8136997,0.002101898193359375
78112,normal,2135,0,1782359309.8157008,0.002001047134399414
78113,normal,962,2,1782359309.817604,0.0019032955169677734
78114,normal,1615,0,1782359309.819686,0.0020818710327148438
78115,normal,180,0,1782359309.8216975,0.002011537551879883
78116,normal,2965,0,1782359309.823696,0.001998424530029297
78117,normal,1714,0,1782359309.8255951,0.0018992424011230469
78118,normal,1078,0,1782359309.8277366,0.0021414756774902344
78119,normal,1596,0,1782359309.82962,0.0018832683563232422
78120,normal,93,0,1782359309.831711,0.0020911693572998047
78121,normal,258,0,1782359309.833701,0.0019898414611816406
78122,normal,2774,0,1782359309.83569,0.001989126205444336
78123,normal,2420,0,1782359309.8376896,0.0019996166229248047
78124,normal,3375,1,1782359309.839706,0.002016305923461914
78125,normal,17,0,1782359309.8416345,0.001928567886352539
78126,normal,95,0,1782359309.8436356,0.002001047134399414
78127,normal,3561,0,1782359309.8457074,0.002071857452392578
78128,normal,3080,1,1782359309.8476317,0.001924276351928711
78129,normal,2431,0,1782359309.849635,0.002003192901611328
78130,normal,564,0,1782359309.8516328,0.0019979476928710938
78131,normal,747,0,1782359309.8536875,0.0020546913146972656
78132,normal,1145,0,1782359309.8557065,0.0020189285278320312
78133,normal,864,2,1782359309.8576496,0.0019431114196777344
78134,normal,1476,0,1782359309.85969,0.002040386199951172
78135,normal,2104,0,1782359309.8616927,0.002002716064453125
78136,normal,202,0,1782359309.8636503,0.0019576549530029297
78137,normal,3390,1,1782359309.86575,0.002099752426147461
78138,normal,219,0,1782359309.867651,0.0019009113311767578
78139,normal,1645,0,1782359309.8696344,0.0019834041595458984
78140,normal,399,0,1782359309.8716512,0.002016782760620117
78141,normal,3287,1,1782359309.8736508,0.0019996166229248047
78142,normal,3590,0,1782359309.8756306,0.001979827880859375
78143,normal,1955,0,1782359309.8777344,0.0021038055419921875
78144,normal,298,0,1782359309.8796918,0.001957416534423828
78145,normal,2942,0,1782359309.8816438,0.0019519329071044922
78146,normal,2189,0,1782359309.8836515,0.002007722854614258
78147,normal,3142,1,1782359309.885849,0.0021975040435791016
78148,normal,3361,1,1782359309.8876243,0.0017752647399902344
78149,normal,1698,0,1782359309.8896918,0.00206756591796875
78150,normal,2133,0,1782359309.8916523,0.0019605159759521484
78151,normal,88,0,1782359309.893646,0.0019936561584472656
78152,normal,1307,0,1782359309.8956459,0.0019998550415039062
78153,normal,631,0,1782359309.8977067,0.0020608901977539062
78154,normal,3630,0,1782359309.899636,0.0019292831420898438
78155,normal,3605,0,1782359309.9016857,0.002049684524536133
78156,normal,1773,0,1782359309.9036994,0.002013683319091797
78157,normal,690,0,1782359309.9057102,0.002010822296142578
78158,normal,1670,0,1782359309.9076338,0.0019235610961914062
78159,normal,3263,1,1782359309.909701,0.0020673274993896484
78160,normal,267,0,1782359309.9117234,0.002022266387939453
78161,normal,2056,0,1782359309.9136338,0.0019104480743408203
78162,normal,158,0,1782359309.9157,0.0020661354064941406
78163,normal,1131,0,1782359309.9176986,0.0019986629486083984
78164,normal,2840,0,1782359309.9196339,0.0019352436065673828
78165,normal,2654,0,1782359309.9217043,0.0020704269409179688
78166,normal,3682,0,1782359309.9237063,0.0020020008087158203
78167,normal,201,0,1782359309.925637,0.0019307136535644531
78168,normal,1721,0,1782359309.927922,0.002285003662109375
78169,normal,2128,0,1782359309.9296336,0.0017116069793701172
78170,normal,2087,0,1782359309.931697,0.002063274383544922
78171,normal,2386,0,1782359309.9336421,0.0019452571868896484
78172,normal,2408,0,1782359309.9356327,0.0019905567169189453
78173,normal,2471,0,1782359309.9376886,0.0020558834075927734
78174,normal,1852,0,1782359309.9397023,0.002013683319091797
78175,normal,2608,0,1782359309.9417057,0.0020034313201904297
78176,normal,2462,0,1782359309.9436324,0.0019266605377197266
78177,normal,2891,0,1782359309.9456542,0.00202178955078125
78178,normal,1387,0,1782359309.9477026,0.002048492431640625
78179,normal,1482,0,1782359309.9496357,0.0019330978393554688
78180,normal,2494,0,1782359309.9516397,0.002003908157348633
78181,normal,3662,0,1782359309.953707,0.0020673274993896484
78182,normal,866,2,1782359309.9556317,0.001924753189086914
78183,normal,421,0,1782359309.9577053,0.002073526382446289
78184,normal,1632,0,1782359309.9597025,0.001997232437133789
78185,normal,3350,1,1782359309.9616356,0.0019330978393554688
78186,normal,3094,1,1782359309.963708,0.0020723342895507812
78187,normal,1202,0,1782359309.9657047,0.001996755599975586
78188,normal,635,0,1782359309.9676497,0.0019450187683105469
78189,normal,467,0,1782359309.9697082,0.0020585060119628906
78190,normal,2793,0,1782359309.9717078,0.0019996166229248047
78191,normal,385,0,1782359309.9736404,0.0019326210021972656
78192,normal,607,0,1782359309.9757044,0.0020639896392822266
78193,normal,1434,0,1782359309.9776573,0.0019528865814208984
78194,normal,3255,1,1782359309.979608,0.0019507408142089844
78195,normal,809,2,1782359309.9816196,0.002011537551879883
78196,normal,502,0,1782359309.983697,0.002077341079711914
78197,normal,2272,0,1782359309.9857254,0.0020284652709960938
78198,normal,3444,0,1782359309.9876044,0.001878976821899414
78199,normal,3652,0,1782359309.9896293,0.0020248889923095703
78200,normal,2346,0,1782359309.9918706,0.002241373062133789
78201,normal,2656,0,1782359309.9937594,0.0018887519836425781
78202,normal,2991,0,1782359309.995855,0.0020956993103027344
78203,normal,1939,0,1782359309.9976807,0.001825571060180664
78204,normal,527,0,1782359309.999757,0.002076387405395508
78205,normal,3395,1,1782359310.0016599,0.0019028186798095703
78206,normal,2493,0,1782359310.0038714,0.0022115707397460938
78207,normal,3478,0,1782359310.0056798,0.0018084049224853516
78208,normal,165,0,1782359310.0076787,0.0019989013671875
78209,normal,2719,0,1782359310.00987,0.002191305160522461
78210,normal,2595,0,1782359310.0117543,0.0018842220306396484
78211,normal,2244,0,1782359310.013684,0.0019297599792480469
78212,normal,3326,1,1782359310.0158808,0.002196788787841797
78213,normal,3140,1,1782359310.0176256,0.0017447471618652344
78214,normal,1129,0,1782359310.0198717,0.0022461414337158203
78215,normal,2345,0,1782359310.021621,0.001749277114868164
78216,normal,721,0,1782359310.0236142,0.0019931793212890625
78217,normal,1085,0,1782359310.0258534,0.002239227294921875
78218,normal,629,0,1782359310.0278842,0.0020308494567871094
78219,normal,1557,0,1782359310.0296822,0.0017979145050048828
78220,normal,1071,0,1782359310.0318353,0.002153158187866211
78221,normal,2838,0,1782359310.0336406,0.0018053054809570312
78222,normal,1998,0,1782359310.035708,0.0020673274993896484
78223,normal,3244,1,1782359310.037734,0.002026081085205078
78224,normal,2394,0,1782359310.039701,0.0019669532775878906
78225,normal,3079,1,1782359310.0415988,0.0018978118896484375
78226,normal,1099,0,1782359310.0436904,0.002091646194458008
78227,normal,2971,0,1782359310.0457,0.0020096302032470703
78228,normal,391,0,1782359310.0476983,0.0019981861114501953
78229,normal,292,0,1782359310.0497015,0.002003192901611328
78230,normal,846,2,1782359310.0516365,0.0019350051879882812
78231,normal,169,0,1782359310.0536551,0.0020186901092529297
78232,normal,218,0,1782359310.0557003,0.002045154571533203
78233,normal,717,0,1782359310.0577257,0.0020253658294677734
78234,normal,2796,0,1782359310.0595992,0.0018734931945800781
78235,normal,970,2,1782359310.0616567,0.0020575523376464844
78236,normal,2089,0,1782359310.063692,0.002035379409790039
78237,normal,610,0,1782359310.0657024,0.002010345458984375
78238,normal,2947,0,1782359310.067699,0.0019965171813964844
78239,normal,3532,0,1782359310.069633,0.001934051513671875
78240,normal,3082,1,1782359310.0717082,0.0020751953125
78241,normal,1518,0,1782359310.0737042,0.0019960403442382812
78242,normal,1656,0,1782359310.0756416,0.0019373893737792969
78243,normal,3481,0,1782359310.0780675,0.0024259090423583984
78244,normal,526,0,1782359310.0797112,0.0016436576843261719
78245,normal,1239,0,1782359310.0816317,0.001920461654663086
78246,normal,2090,0,1782359310.083704,0.0020723342895507812
78247,normal,2764,0,1782359310.0857022,0.0019981861114501953
78248,normal,1997,0,1782359310.0876322,0.0019299983978271484
78249,normal,1542,0,1782359310.0896988,0.0020666122436523438
78250,normal,3175,1,1782359310.0916991,0.0020003318786621094
78251,normal,2264,0,1782359310.093685,0.001985788345336914
78252,normal,2098,0,1782359310.0956352,0.0019502639770507812
78253,normal,525,0,1782359310.097699,0.002063751220703125
78254,normal,508,0,1782359310.0996904,0.0019915103912353516
78255,normal,937,2,1782359310.1016905,0.002000093460083008
78256,normal,2429,0,1782359310.1037042,0.002013683319091797
78257,normal,319,0,1782359310.1056292,0.0019249916076660156
78258,normal,2802,0,1782359310.1077058,0.0020766258239746094
78259,normal,679,0,1782359310.109702,0.001996278762817383
78260,normal,1205,0,1782359310.1117022,0.002000093460083008
78261,normal,1259,0,1782359310.1136317,0.0019295215606689453
78262,normal,2935,0,1782359310.1157064,0.002074718475341797
78263,normal,1149,0,1782359310.1176312,0.001924753189086914
78264,normal,155,0,1782359310.119706,0.002074718475341797
78265,normal,2330,0,1782359310.121704,0.0019981861114501953
78266,normal,2201,0,1782359310.1236305,0.001926422119140625
78267,normal,462,0,1782359310.1256337,0.002003192901611328
78268,normal,996,2,1782359310.1276875,0.0020537376403808594
78269,normal,134,0,1782359310.1296551,0.0019676685333251953
78270,normal,3661,0,1782359310.1316833,0.002028226852416992
78271,normal,834,2,1782359310.1337073,0.002023935317993164
78272,normal,959,2,1782359310.1357038,0.0019965171813964844
78273,normal,1666,0,1782359310.1376314,0.0019276142120361328
78274,normal,823,2,1782359310.139701,0.0020694732666015625
78275,normal,2443,0,1782359310.1416845,0.001983642578125
78276,normal,870,2,1782359310.1437016,0.0020170211791992188
78277,normal,1098,0,1782359310.1457117,0.0020101070404052734
78278,normal,780,2,1782359310.1476324,0.0019207000732421875
78279,normal,2131,0,1782359310.1497412,0.0021088123321533203
78280,normal,762,0,1782359310.1516376,0.0018963813781738281
78281,normal,3446,0,1782359310.15368,0.002042531967163086
78282,normal,1584,0,1782359310.1557014,0.002021312713623047
78283,normal,68,0,1782359310.157699,0.001997709274291992
78284,normal,2706,0,1782359310.1597025,0.0020034313201904297
78285,normal,880,2,1782359310.1615956,0.0018930435180664062
78286,normal,1324,1,1782359310.163703,0.002107381820678711
78287,normal,617,0,1782359310.165619,0.0019159317016601562
78288,normal,3420,0,1782359310.1677146,0.0020956993103027344
78289,normal,3460,0,1782359310.1696947,0.0019800662994384766
78290,normal,3687,0,1782359310.1716936,0.0019989013671875
78291,normal,240,0,1782359310.1735988,0.001905202865600586
78292,normal,835,2,1782359310.1756606,0.0020618438720703125
78293,normal,2206,0,1782359310.1776867,0.002026081085205078
78294,normal,908,2,1782359310.1796918,0.0020051002502441406
78295,normal,2857,0,1782359310.1817012,0.0020093917846679688
78296,normal,183,0,1782359310.1836312,0.0019299983978271484
78297,normal,2863,0,1782359310.1857038,0.002072572708129883
78298,normal,1389,0,1782359310.1877005,0.001996755599975586
78299,normal,3125,1,1782359310.1896348,0.0019342899322509766
78300,normal,3292,1,1782359310.191704,0.002069234848022461
78301,normal,2228,0,1782359310.193727,0.002022981643676758
78302,normal,1827,0,1782359310.195911,0.0021839141845703125
78303,normal,3703,0,1782359310.1978538,0.0019428730010986328
78304,normal,1030,0,1782359310.199688,0.0018341541290283203
78305,normal,1801,0,1782359310.2017634,0.0020754337310791016
78306,normal,1682,0,1782359310.2036142,0.0018508434295654297
78307,normal,451,0,1782359310.2059362,0.002321958541870117
78308,normal,1844,0,1782359310.2076256,0.0016894340515136719
78309,normal,3436,0,1782359310.2096126,0.001986980438232422
78310,normal,419,0,1782359310.2116244,0.0020117759704589844
78311,normal,1295,0,1782359310.2137582,0.0021338462829589844
78312,normal,2623,0,1782359310.2156131,0.0018548965454101562
78313,normal,882,2,1782359310.2177577,0.0021445751190185547
78314,normal,469,0,1782359310.2196112,0.0018534660339355469
78315,normal,2219,0,1782359310.221762,0.0021507740020751953
78316,normal,2424,0,1782359310.223736,0.0019741058349609375
78317,normal,257,0,1782359310.2256126,0.0018765926361083984
78318,normal,1296,0,1782359310.2276845,0.002071857452392578
78319,normal,1193,0,1782359310.229656,0.0019714832305908203
78320,normal,543,0,1782359310.2316372,0.0019812583923339844
78321,normal,2181,0,1782359310.2336123,0.0019750595092773438
78322,normal,1002,2,1782359310.2356403,0.0020279884338378906
78323,normal,1761,0,1782359310.2376373,0.0019969940185546875
78324,normal,112,0,1782359310.239609,0.001971721649169922
78325,normal,2390,0,1782359310.2417622,0.002153158187866211
78326,normal,738,0,1782359310.2436116,0.0018494129180908203
78327,normal,318,0,1782359310.2456248,0.0020132064819335938
78328,normal,623,0,1782359310.2476456,0.0020208358764648438
78329,normal,3216,1,1782359310.2496917,0.0020461082458496094
78330,normal,2208,0,1782359310.2516124,0.0019207000732421875
78331,normal,956,2,1782359310.2536469,0.002034425735473633
78332,normal,271,0,1782359310.255635,0.0019881725311279297
78333,normal,1228,0,1782359310.2576141,0.0019791126251220703
78334,normal,1833,0,1782359310.2597027,0.0020885467529296875
78335,normal,1842,0,1782359310.2616248,0.0019221305847167969
78336,normal,2416,0,1782359310.263614,0.001989126205444336
78337,normal,1381,1,1782359310.2656424,0.0020284652709960938
78338,normal,1012,2,1782359310.2676618,0.0020194053649902344
78339,normal,2644,0,1782359310.2696116,0.0019497871398925781
78340,normal,1500,0,1782359310.2716446,0.0020329952239990234
78341,normal,159,0,1782359310.2737002,0.002055644989013672
78342,normal,3028,0,1782359310.275614,0.0019137859344482422
78343,normal,1323,1,1782359310.277719,0.0021049976348876953
78344,normal,2291,0,1782359310.2796793,0.001960277557373047
78345,normal,2952,0,1782359310.2818384,0.00215911865234375
78346,normal,489,0,1782359310.2836368,0.001798391342163086
78347,normal,1945,0,1782359310.2856407,0.002003908157348633
78348,normal,2990,0,1782359310.2877007,0.0020599365234375
78349,normal,1163,0,1782359310.289647,0.0019464492797851562
78350,normal,1451,0,1782359310.2916944,0.002047300338745117
78351,normal,435,0,1782359310.2936049,0.0019104480743408203
78352,normal,1540,0,1782359310.2956932,0.002088308334350586
78353,normal,38,0,1782359310.2976983,0.0020051002502441406
78354,normal,441,0,1782359310.2995934,0.0018951892852783203
78355,normal,857,2,1782359310.3016784,0.002084970474243164
78356,normal,1440,0,1782359310.3036852,0.0020067691802978516
78357,normal,2821,0,1782359310.305692,0.0020067691802978516
78358,normal,3594,0,1782359310.3077004,0.0020084381103515625
78359,normal,694,0,1782359310.309598,0.001897573471069336
78360,normal,1353,1,1782359310.3116612,0.002063274383544922
78361,normal,178,0,1782359310.3136344,0.0019731521606445312
78362,normal,2176,0,1782359310.3157096,0.0020751953125
78363,normal,2375,0,1782359310.3176308,0.0019211769104003906
78364,normal,1711,0,1782359310.3196993,0.0020685195922851562
78365,normal,1018,2,1782359310.3216329,0.0019335746765136719
78366,normal,268,0,1782359310.3237104,0.0020775794982910156
78367,normal,3215,1,1782359310.3257031,0.0019927024841308594
78368,normal,2392,0,1782359310.327631,0.0019278526306152344
78369,normal,2027,0,1782359310.3296351,0.0020041465759277344
78370,normal,3523,0,1782359310.331631,0.0019958019256591797
78371,normal,1757,0,1782359310.3336954,0.0020644664764404297
78372,normal,1222,0,1782359310.3357043,0.0020089149475097656
78373,normal,2906,0,1782359310.3376927,0.0019884109497070312
78374,normal,3213,1,1782359310.3396616,0.001968860626220703
78375,normal,2992,0,1782359310.3417025,0.002040863037109375
78376,normal,1158,0,1782359310.3437006,0.0019981861114501953
78377,normal,711,0,1782359310.3456535,0.0019528865814208984
78378,normal,420,0,1782359310.3476908,0.0020372867584228516
78379,normal,843,2,1782359310.3496888,0.0019979476928710938
78380,normal,42,0,1782359310.351683,0.0019941329956054688
78381,normal,2565,0,1782359310.3536212,0.0019383430480957031
78382,normal,1173,0,1782359310.3556855,0.002064228057861328
78383,normal,3404,0,1782359310.3576102,0.001924753189086914
78384,normal,3686,0,1782359310.3596053,0.001995086669921875
78385,normal,3072,1,1782359310.3616512,0.002045869827270508
78386,normal,3274,1,1782359310.3636167,0.0019655227661132812
78387,normal,560,0,1782359310.3656454,0.0020287036895751953
78388,normal,3358,1,1782359310.367636,0.0019905567169189453
78389,normal,1515,0,1782359310.3696516,0.0020155906677246094
78390,normal,3599,0,1782359310.3716085,0.001956939697265625
78391,normal,1978,0,1782359310.373658,0.0020494461059570312
78392,normal,2713,0,1782359310.3757167,0.002058744430541992
78393,normal,2819,0,1782359310.3776217,0.0019049644470214844
78394,normal,2798,0,1782359310.3797016,0.0020799636840820312
78395,normal,2817,0,1782359310.3816066,0.0019049644470214844
78396,normal,269,0,1782359310.3836513,0.002044677734375
78397,normal,644,0,1782359310.3857343,0.0020830631256103516
78398,normal,3014,0,1782359310.3876219,0.0018875598907470703
78399,normal,814,2,1782359310.3895812,0.0019593238830566406
78400,normal,1992,0,1782359310.391655,0.0020737648010253906
78401,normal,2747,0,1782359310.3935664,0.0019114017486572266
78402,normal,2762,0,1782359310.3956504,0.002084016799926758
78403,normal,909,2,1782359310.3976412,0.001990795135498047
78404,normal,2568,0,1782359310.3996549,0.002013683319091797
78405,normal,1781,0,1782359310.401599,0.0019440650939941406
78406,normal,1750,0,1782359310.4036505,0.0020515918731689453
78407,normal,1079,0,1782359310.405567,0.0019164085388183594
78408,normal,1956,0,1782359310.407567,0.002000093460083008
78409,normal,1474,0,1782359310.4096909,0.0021238327026367188
78410,normal,3282,1,1782359310.4115813,0.001890420913696289
78411,normal,3651,0,1782359310.413616,0.0020346641540527344
78412,normal,755,0,1782359310.4156592,0.0020432472229003906
78413,normal,677,0,1782359310.4176018,0.0019426345825195312
78414,normal,2484,0,1782359310.4196007,0.0019989013671875
78415,normal,3324,1,1782359310.4216566,0.0020558834075927734
78416,normal,697,0,1782359310.4236016,0.0019450187683105469
78417,normal,955,2,1782359310.4256022,0.002000570297241211
78418,normal,2455,0,1782359310.4276934,0.0020911693572998047
78419,normal,2530,0,1782359310.4297714,0.0020780563354492188
78420,normal,807,2,1782359310.431692,0.001920461654663086
78421,normal,2974,0,1782359310.433624,0.0019321441650390625
78422,normal,2250,0,1782359310.4356434,0.0020194053649902344
78423,normal,951,2,1782359310.4375994,0.0019559860229492188
78424,normal,3275,1,1782359310.4396555,0.002056121826171875
78425,normal,1086,0,1782359310.4416213,0.001965761184692383
78426,normal,3577,0,1782359310.4436054,0.001984119415283203
78427,normal,2374,0,1782359310.4456575,0.0020520687103271484
78428,normal,2536,0,1782359310.4476058,0.0019483566284179688
78429,normal,2279,0,1782359310.4496007,0.0019948482513427734
78430,normal,3023,0,1782359310.4516575,0.0020568370819091797
78431,normal,1490,0,1782359310.453609,0.001951456069946289
78432,normal,2079,0,1782359310.4556034,0.0019943714141845703
78433,normal,2358,0,1782359310.4576542,0.0020508766174316406
78434,normal,3672,0,1782359310.4596064,0.0019521713256835938
78435,normal,1405,0,1782359310.4616556,0.0020492076873779297
78436,normal,1200,0,1782359310.463638,0.001982450485229492
78437,normal,1428,0,1782359310.4656837,0.0020456314086914062
78438,normal,247,0,1782359310.4676044,0.0019207000732421875
78439,normal,774,2,1782359310.4696524,0.002048015594482422
78440,normal,351,0,1782359310.4716046,0.0019521713256835938
78441,normal,3204,1,1782359310.473601,0.0019965171813964844
78442,normal,1336,1,1782359310.4756517,0.002050638198852539
78443,normal,1110,0,1782359310.4776063,0.0019545555114746094
78444,normal,1246,0,1782359310.479608,0.0020017623901367188
78445,normal,2306,0,1782359310.4816616,0.002053499221801758
78446,normal,3057,1,1782359310.4836028,0.0019412040710449219
78447,normal,3250,1,1782359310.4856057,0.0020029544830322266
78448,normal,3484,0,1782359310.4876552,0.0020494461059570312
78449,normal,1070,0,1782359310.489608,0.0019528865814208984
78450,normal,1341,1,1782359310.491602,0.001993894577026367
78451,normal,3122,1,1782359310.4936585,0.002056598663330078
78452,normal,1886,0,1782359310.4956026,0.0019440650939941406
78453,normal,781,2,1782359310.497604,0.0020012855529785156
78454,normal,586,0,1782359310.4998071,0.002203226089477539
78455,normal,2987,0,1782359310.5016522,0.0018451213836669922
78456,normal,2944,0,1782359310.503646,0.0019936561584472656
78457,normal,57,0,1782359310.5057967,0.0021507740020751953
78458,normal,654,0,1782359310.5076182,0.0018215179443359375
78459,normal,1949,0,1782359310.509893,0.002274751663208008
78460,normal,3684,0,1782359310.5117862,0.0018932819366455078
78461,normal,757,0,1782359310.5137072,0.001920938491821289
78462,normal,255,0,1782359310.5158646,0.002157449722290039
78463,normal,2040,0,1782359310.5179245,0.0020599365234375
78464,normal,2075,0,1782359310.519718,0.0017933845520019531
78465,normal,2923,0,1782359310.5219407,0.002222776412963867
78466,normal,3369,1,1782359310.523878,0.0019373893737792969
78467,normal,1047,0,1782359310.5257065,0.0018284320831298828
78468,normal,1278,0,1782359310.5280232,0.002316713333129883
78469,normal,2038,0,1782359310.5296516,0.0016283988952636719
78470,normal,3334,1,1782359310.531719,0.0020673274993896484
78471,normal,619,0,1782359310.5336525,0.0019335746765136719
78472,normal,3419,0,1782359310.5356576,0.0020051002502441406
78473,normal,1728,0,1782359310.5377147,0.0020570755004882812
78474,normal,74,0,1782359310.5397062,0.0019915103912353516
78475,normal,3509,0,1782359310.5417325,0.0020263195037841797
78476,normal,2675,0,1782359310.5436559,0.0019233226776123047
78477,normal,2884,0,1782359310.5456443,0.0019884109497070312
78478,normal,2312,0,1782359310.5477016,0.002057313919067383
78479,normal,185,0,1782359310.5497093,0.002007722854614258
78480,normal,1305,0,1782359310.551633,0.0019235610961914062
78481,normal,643,0,1782359310.5536978,0.002064943313598633
78482,normal,767,0,1782359310.5556316,0.0019338130950927734
78483,normal,2887,0,1782359310.5577204,0.002088785171508789
78484,normal,264,0,1782359310.559693,0.001972675323486328
78485,normal,3396,1,1782359310.5617445,0.0020513534545898438
78486,normal,294,0,1782359310.5636396,0.0018951892852783203
78487,normal,1377,1,1782359310.565716,0.002076387405395508
78488,normal,2611,0,1782359310.5676346,0.0019185543060302734
78489,normal,2818,0,1782359310.5697079,0.0020732879638671875
78490,normal,1355,1,1782359310.5716927,0.001984834671020508
78491,normal,2596,0,1782359310.573636,0.001943349838256836
78492,normal,705,0,1782359310.5757012,0.0020651817321777344
78493,normal,1972,0,1782359310.5777175,0.002016305923461914
78494,normal,2768,0,1782359310.5796328,0.0019152164459228516
78495,normal,365,0,1782359310.581709,0.0020761489868164062
78496,normal,2827,0,1782359310.5836327,0.0019237995147705078
78497,normal,3026,0,1782359310.5856931,0.002060413360595703
78498,normal,2236,0,1782359310.5877118,0.0020186901092529297
78499,normal,280,0,1782359310.5896957,0.0019838809967041016
78500,normal,702,0,1782359310.5916872,0.0019915103912353516
78501,normal,1124,0,1782359310.5936966,0.0020093917846679688
78502,normal,745,0,1782359310.5957246,0.0020279884338378906
78503,normal,3153,1,1782359310.597647,0.0019223690032958984
78504,normal,3302,1,1782359310.5999608,0.002313852310180664
78505,normal,308,0,1782359310.6018631,0.0019023418426513672
78506,normal,102,0,1782359310.6036925,0.001829385757446289
78507,normal,1877,0,1782359310.60575,0.0020575523376464844
78508,normal,2321,0,1782359310.6077113,0.001961231231689453
78509,normal,3058,1,1782359310.609611,0.00189971923828125
78510,normal,3276,1,1782359310.611741,0.0021300315856933594
78511,normal,1716,0,1782359310.61374,0.0019989013671875
78512,normal,361,0,1782359310.6156096,0.0018696784973144531
78513,normal,979,2,1782359310.6178157,0.002206087112426758
78514,normal,794,2,1782359310.6198153,0.0019996166229248047
78515,normal,1298,0,1782359310.6216235,0.00180816650390625
78516,normal,3284,1,1782359310.6238701,0.0022466182708740234
78517,normal,2064,0,1782359310.625748,0.0018777847290039062
78518,normal,648,0,1782359310.6276264,0.001878499984741211
78519,normal,3688,0,1782359310.6298954,0.0022690296173095703
78520,normal,285,0,1782359310.6318634,0.001967906951904297
78521,normal,230,0,1782359310.6336844,0.0018210411071777344
78522,normal,3007,0,1782359310.6359286,0.002244234085083008
78523,normal,1141,0,1782359310.637819,0.001890420913696289
78524,normal,2900,0,1782359310.639683,0.0018639564514160156
78525,normal,2653,0,1782359310.6419356,0.0022525787353515625
78526,normal,2539,0,1782359310.6438787,0.0019431114196777344
78527,normal,1185,0,1782359310.6466193,0.002740621566772461
78528,normal,2556,0,1782359310.6476932,0.0010738372802734375
78529,normal,1095,0,1782359310.6498961,0.0022029876708984375
78530,normal,206,0,1782359310.6516798,0.001783609390258789
78531,normal,1927,0,1782359310.6538916,0.0022118091583251953
78532,normal,982,2,1782359310.65585,0.0019583702087402344
78533,normal,2524,0,1782359310.6576836,0.0018336772918701172
78534,normal,2099,0,1782359310.659893,0.0022094249725341797
78535,normal,81,0,1782359310.6620502,0.0021572113037109375
78536,normal,1537,0,1782359310.663632,0.0015816688537597656
78537,normal,2961,0,1782359310.665639,0.002007007598876953
78538,normal,3570,0,1782359310.6677153,0.002076387405395508
78539,normal,2409,0,1782359310.6696432,0.0019278526306152344
78540,normal,1330,1,1782359310.671648,0.002004861831665039
78541,normal,1322,1,1782359310.6737108,0.0020627975463867188
78542,normal,2187,0,1782359310.6756558,0.0019450187683105469
78543,normal,2418,0,1782359310.677683,0.002027273178100586
78544,normal,2521,0,1782359310.679793,0.0021097660064697266
78545,normal,719,0,1782359310.681635,0.0018420219421386719
78546,normal,3495,0,1782359310.6836405,0.0020055770874023438
78547,normal,2227,0,1782359310.6856568,0.002016305923461914
78548,normal,1057,0,1782359310.6876986,0.0020418167114257812
78549,normal,260,0,1782359310.689627,0.0019283294677734375
78550,normal,3378,1,1782359310.6916392,0.0020122528076171875
78551,normal,1680,0,1782359310.6936316,0.001992464065551758
78552,normal,3066,1,1782359310.6957114,0.0020797252655029297
78553,normal,3680,0,1782359310.6977365,0.002025127410888672
78554,normal,1203,0,1782359310.699714,0.0019774436950683594
78555,normal,1157,0,1782359310.7019413,0.002227306365966797
78556,normal,1583,0,1782359310.703876,0.0019347667694091797
78557,normal,2105,0,1782359310.7057037,0.0018277168273925781
78558,normal,43,0,1782359310.707937,0.002233266830444336
78559,normal,574,0,1782359310.709922,0.0019850730895996094
78560,normal,22,0,1782359310.71171,0.0017879009246826172
78561,normal,86,0,1782359310.7139387,0.0022287368774414062
78562,normal,1080,0,1782359310.7160604,0.0021216869354248047
78563,normal,2652,0,1782359310.7177389,0.001678466796875
78564,normal,965,2,1782359310.7198646,0.0021257400512695312
78565,normal,1839,0,1782359310.72176,0.0018954277038574219
78566,normal,2023,0,1782359310.7235897,0.0018296241760253906
78567,normal,929,2,1782359310.7256145,0.0020248889923095703
78568,normal,2387,0,1782359310.7277753,0.002160787582397461
78569,normal,1552,0,1782359310.7296944,0.0019190311431884766
78570,normal,1083,0,1782359310.7316267,0.001932382583618164
78571,normal,789,2,1782359310.7337139,0.002087116241455078
78572,normal,3306,1,1782359310.735764,0.002050161361694336
78573,normal,1875,0,1782359310.7375896,0.001825571060180664
78574,normal,2723,0,1782359310.7397268,0.0021371841430664062
78575,normal,1065,0,1782359310.74172,0.0019931793212890625
78576,normal,569,0,1782359310.7435882,0.0018682479858398438
78577,normal,2670,0,1782359310.7457085,0.0021202564239501953
78578,normal,1818,0,1782359310.7477214,0.002012968063354492
78579,normal,1746,0,1782359310.7497098,0.0019884109497070312
78580,normal,1667,0,1782359310.7517297,0.0020198822021484375
78581,normal,1172,0,1782359310.753688,0.0019583702087402344
78582,normal,2370,0,1782359310.7557082,0.002020120620727539
78583,normal,957,2,1782359310.7577336,0.0020253658294677734
78584,normal,242,0,1782359310.759658,0.0019245147705078125
78585,normal,1926,0,1782359310.7617612,0.002103090286254883
78586,normal,162,0,1782359310.7637696,0.0020084381103515625
78587,normal,2859,0,1782359310.7657197,0.0019500255584716797
78588,normal,34,0,1782359310.7676406,0.001920938491821289
78589,normal,1174,0,1782359310.7697227,0.0020821094512939453
78590,normal,375,0,1782359310.7716594,0.0019366741180419922
78591,normal,2528,0,1782359310.773636,0.0019767284393310547
78592,normal,3614,0,1782359310.7757318,0.0020956993103027344
78593,normal,1951,0,1782359310.7776575,0.0019257068634033203
78594,normal,582,0,1782359310.7797086,0.002051115036010742
78595,normal,3135,1,1782359310.7817318,0.0020232200622558594
78596,normal,3701,0,1782359310.7836885,0.0019567012786865234
78597,normal,1289,0,1782359310.7857091,0.002020597457885742
78598,normal,2260,0,1782359310.7877295,0.0020203590393066406
78599,normal,2249,0,1782359310.789661,0.0019314289093017578
78600,normal,1186,0,1782359310.7917197,0.002058744430541992
78601,normal,1302,0,1782359310.7937274,0.002007722854614258
78602,normal,1048,0,1782359310.7957056,0.001978158950805664
78603,normal,3550,0,1782359310.797708,0.0020024776458740234
78604,normal,494,0,1782359310.7997506,0.002042531967163086
78605,normal,616,0,1782359310.801637,0.0018863677978515625
78606,normal,624,0,1782359310.8037074,0.0020704269409179688
78607,normal,2658,0,1782359310.8057282,0.0020208358764648438
78608,normal,1607,0,1782359310.807657,0.0019288063049316406
78609,normal,174,0,1782359310.809705,0.002048015594482422
78610,normal,163,0,1782359310.8119519,0.002246856689453125
78611,normal,381,0,1782359310.813706,0.0017540454864501953
78612,normal,3368,1,1782359310.8160083,0.002302408218383789
78613,normal,1118,0,1782359310.8177078,0.0016994476318359375
78614,normal,442,0,1782359310.8198075,0.002099752426147461
78615,normal,2094,0,1782359310.8216963,0.0018887519836425781
78616,normal,339,0,1782359310.823682,0.001985788345336914
78617,normal,3531,0,1782359310.825687,0.002004861831665039
78618,normal,3039,0,1782359310.8276992,0.0020122528076171875
78619,normal,3024,0,1782359310.8297045,0.002005338668823242
78620,normal,306,0,1782359310.8317213,0.002016782760620117
78621,normal,1123,0,1782359310.8336372,0.0019159317016601562
78622,normal,3165,1,1782359310.8357422,0.0021049976348876953
78623,normal,1103,0,1782359310.8376935,0.0019512176513671875
78624,normal,1166,0,1782359310.8397164,0.002022981643676758
78625,normal,2182,0,1782359310.8417425,0.002026081085205078
78626,normal,3286,1,1782359310.8436985,0.0019559860229492188
78627,normal,3425,0,1782359310.8457196,0.0020210742950439453
78628,normal,2591,0,1782359310.847689,0.0019693374633789062
78629,normal,533,0,1782359310.8497238,0.002034902572631836
78630,normal,3128,1,1782359310.8516912,0.0019674301147460938
78631,normal,973,2,1782359310.8537474,0.002056121826171875
78632,normal,1873,0,1782359310.855691,0.0019435882568359375
78633,normal,3426,0,1782359310.857716,0.002025127410888672
78634,normal,1045,0,1782359310.8597417,0.002025604248046875
78635,normal,659,0,1782359310.8616953,0.001953601837158203
78636,normal,1417,0,1782359310.863833,0.0021376609802246094
78637,normal,2868,0,1782359310.865691,0.0018579959869384766
78638,normal,3113,1,1782359310.8677528,0.0020618438720703125
78639,normal,2632,0,1782359310.8696537,0.0019009113311767578
78640,normal,3341,1,1782359310.8717003,0.0020465850830078125
78641,normal,1154,0,1782359310.87363,0.0019297599792480469
78642,normal,650,0,1782359310.8757324,0.002102375030517578
78643,normal,689,0,1782359310.8777354,0.0020029544830322266
78644,normal,1672,0,1782359310.8797345,0.0019991397857666016
78645,normal,1700,0,1782359310.8815913,0.0018568038940429688
78646,normal,2366,0,1782359310.8836403,0.002048969268798828
78647,normal,3352,1,1782359310.8857284,0.0020880699157714844
78648,normal,1385,0,1782359310.887692,0.0019636154174804688
78649,normal,2045,0,1782359310.8897707,0.0020787715911865234
78650,normal,53,0,1782359310.8916378,0.001867055892944336
78651,normal,3382,1,1782359310.893732,0.002094268798828125
78652,normal,3474,0,1782359310.895738,0.0020058155059814453
78653,normal,1147,0,1782359310.8977375,0.0019996166229248047
78654,normal,2940,0,1782359310.8996458,0.0019083023071289062
78655,normal,869,2,1782359310.901744,0.00209808349609375
78656,normal,100,0,1782359310.9036903,0.0019464492797851562
78657,normal,549,0,1782359310.9057176,0.002027273178100586
78658,normal,2860,0,1782359310.9077408,0.0020232200622558594
78659,normal,1265,0,1782359310.9097002,0.0019593238830566406
78660,normal,1729,0,1782359310.9117534,0.0020532608032226562
78661,normal,184,0,1782359310.913979,0.002225637435913086
78662,normal,1804,0,1782359310.9157264,0.0017473697662353516
78663,normal,3338,1,1782359310.9179215,0.002195119857788086
78664,normal,20,0,1782359310.919861,0.001939535140991211
78665,normal,2395,0,1782359310.921701,0.0018398761749267578
78666,normal,753,0,1782359310.9237616,0.0020606517791748047
78667,normal,2368,0,1782359310.925888,0.002126455307006836
78668,normal,1496,0,1782359310.928056,0.002167940139770508
78669,normal,1443,0,1782359310.9297168,0.0016608238220214844
78670,normal,3429,0,1782359310.9318862,0.002169370651245117
78671,normal,145,0,1782359310.933722,0.0018358230590820312
78672,normal,2026,0,1782359310.935848,0.002125978469848633
78673,normal,963,2,1782359310.9376295,0.001781463623046875
78674,normal,142,0,1782359310.9397354,0.0021059513092041016
78675,normal,191,0,1782359310.9416049,0.0018694400787353516
78676,normal,1948,0,1782359310.943617,0.0020122528076171875
78677,normal,3579,0,1782359310.9457102,0.002093076705932617
78678,normal,151,0,1782359310.9476132,0.0019030570983886719
78679,normal,2603,0,1782359310.9496992,0.0020859241485595703
78680,normal,392,0,1782359310.9516103,0.001911163330078125
78681,normal,1541,0,1782359310.9537508,0.002140522003173828
78682,normal,2551,0,1782359310.9555972,0.0018463134765625
78683,normal,208,0,1782359310.9577372,0.002140045166015625
78684,normal,265,0,1782359310.9595938,0.0018565654754638672
78685,normal,3064,1,1782359310.9616928,0.0020990371704101562
78686,normal,3126,1,1782359310.9635935,0.0019006729125976562
78687,normal,3176,1,1782359310.9655938,0.0020003318786621094
78688,normal,2336,0,1782359310.9675972,0.0020034313201904297
78689,normal,3253,1,1782359310.969722,0.002124786376953125
78690,normal,528,0,1782359310.9716032,0.0018811225891113281
78691,normal,388,0,1782359310.973605,0.0020017623901367188
78692,normal,3180,1,1782359310.975724,0.0021190643310546875
78693,normal,2755,0,1782359310.9775949,0.001870870590209961
78694,normal,776,2,1782359310.9796472,0.00205230712890625
78695,normal,1569,0,1782359310.9817293,0.0020821094512939453
78696,normal,275,0,1782359310.98365,0.0019207000732421875
78697,normal,1650,0,1782359310.985648,0.0019979476928710938
78698,normal,2036,0,1782359310.9877343,0.0020864009857177734
78699,normal,1784,0,1782359310.9896472,0.001912832260131836
78700,normal,1035,0,1782359310.991645,0.0019979476928710938
78701,normal,2627,0,1782359310.9937255,0.0020804405212402344
78702,normal,2861,0,1782359310.9956489,0.0019233226776123047
78703,normal,713,0,1782359310.9978828,0.0022339820861816406
78704,normal,773,2,1782359310.9996905,0.0018076896667480469
78705,normal,3199,1,1782359311.001722,0.002031564712524414
78706,normal,980,2,1782359311.0037525,0.0020303726196289062
78707,normal,841,2,1782359311.0057206,0.0019681453704833984
78708,normal,939,2,1782359311.0076468,0.0019261837005615234
78709,normal,3483,0,1782359311.0097427,0.002095937728881836
78710,normal,2673,0,1782359311.0117445,0.0020017623901367188
78711,normal,3695,0,1782359311.0136495,0.0019049644470214844
78712,normal,2790,0,1782359311.0157042,0.0020546913146972656
78713,normal,1257,0,1782359311.017721,0.002016782760620117
78714,normal,2220,0,1782359311.0196462,0.0019252300262451172
78715,normal,1114,0,1782359311.0217397,0.0020935535430908203
78716,normal,3219,1,1782359311.0237231,0.0019834041595458984
78717,normal,3492,0,1782359311.0256548,0.0019316673278808594
78718,normal,1024,2,1782359311.0277355,0.002080678939819336
78719,normal,1290,0,1782359311.0296519,0.0019164085388183594
78720,normal,1037,0,1782359311.0316465,0.001994609832763672
78721,normal,297,0,1782359311.0337322,0.0020856857299804688
78722,normal,1201,0,1782359311.035721,0.0019888877868652344
78723,normal,380,0,1782359311.037652,0.0019309520721435547
78724,normal,855,2,1782359311.0397325,0.0020804405212402344
78725,normal,382,0,1782359311.0417275,0.001995086669921875
78726,normal,542,0,1782359311.043649,0.0019214153289794922
78727,normal,2271,0,1782359311.0457551,0.002106189727783203
78728,normal,2497,0,1782359311.0476818,0.0019266605377197266
78729,normal,2232,0,1782359311.0496812,0.001999378204345703
78730,normal,3149,1,1782359311.0516765,0.0019953250885009766
78731,normal,1301,0,1782359311.0537627,0.002086162567138672
78732,normal,2259,0,1782359311.0556295,0.0018668174743652344
78733,normal,3610,0,1782359311.057626,0.0019965171813964844
78734,normal,5,0,1782359311.0597339,0.002107858657836914
78735,normal,2778,0,1782359311.0615933,0.001859426498413086
78736,normal,2154,0,1782359311.063636,0.0020427703857421875
78737,normal,2933,0,1782359311.0657423,0.002106189727783203
78738,normal,408,0,1782359311.067594,0.001851797103881836
78739,normal,2546,0,1782359311.0696292,0.0020351409912109375
78740,normal,3679,0,1782359311.0717287,0.0020995140075683594
78741,normal,1652,0,1782359311.0736177,0.0018889904022216797
78742,normal,2350,0,1782359311.075715,0.0020973682403564453
78743,normal,1371,1,1782359311.0775993,0.0018842220306396484
78744,normal,2865,0,1782359311.0796163,0.0020170211791992188
78745,normal,2683,0,1782359311.0816443,0.0020279884338378906
78746,normal,1862,0,1782359311.0837219,0.0020775794982910156
78747,normal,1783,0,1782359311.0856466,0.001924753189086914
78748,normal,3618,0,1782359311.087647,0.0020003318786621094
78749,normal,2662,0,1782359311.089727,0.0020799636840820312
78750,normal,900,2,1782359311.0916483,0.0019214153289794922
78751,normal,66,0,1782359311.0936463,0.0019979476928710938
78752,normal,2142,0,1782359311.0957353,0.0020890235900878906
78753,normal,1635,0,1782359311.0977774,0.002042055130004883
78754,normal,3640,0,1782359311.0996444,0.001867055892944336
78755,normal,947,2,1782359311.1016486,0.0020041465759277344
78756,normal,3399,1,1782359311.1036527,0.0020041465759277344
78757,normal,473,0,1782359311.105644,0.00199127197265625
78758,normal,7,0,1782359311.1077275,0.0020835399627685547
78759,normal,2476,0,1782359311.109648,0.001920461654663086
78760,normal,3512,0,1782359311.1116486,0.002000570297241211
78761,normal,1220,0,1782359311.1137383,0.0020897388458251953
78762,normal,1339,1,1782359311.115647,0.0019087791442871094
78763,normal,676,0,1782359311.1176481,0.002001047134399414
78764,normal,238,0,1782359311.1197283,0.002080202102661133
78765,normal,751,0,1782359311.1216486,0.0019202232360839844
78766,normal,96,0,1782359311.1236472,0.0019986629486083984
78767,normal,2708,0,1782359311.1257315,0.0020842552185058594
78768,normal,865,2,1782359311.1276839,0.0019524097442626953
78769,normal,2178,0,1782359311.12965,0.001966238021850586
78770,normal,2419,0,1782359311.1316473,0.001997232437133789
78771,normal,984,2,1782359311.1336482,0.0020008087158203125
78772,normal,3032,0,1782359311.135648,0.0019998550415039062
78773,normal,3374,1,1782359311.1377304,0.002082347869873047
78774,normal,2955,0,1782359311.1396475,0.001917123794555664
78775,normal,1492,0,1782359311.1417074,0.0020599365234375
78776,normal,90,0,1782359311.1436543,0.0019469261169433594
78777,normal,3119,1,1782359311.1456592,0.002004861831665039
78778,normal,752,0,1782359311.1476462,0.001986980438232422
78779,normal,2338,0,1782359311.1496506,0.002004384994506836
78780,normal,2851,0,1782359311.1516476,0.0019969940185546875
78781,normal,614,0,1782359311.1536481,0.002000570297241211
78782,normal,3248,1,1782359311.1557386,0.0020904541015625
78783,normal,498,0,1782359311.1576483,0.0019097328186035156
78784,normal,1704,0,1782359311.1596494,0.002001047134399414
78785,normal,3632,0,1782359311.16174,0.0020906925201416016
78786,normal,2129,0,1782359311.163649,0.001909017562866211
78787,normal,3229,1,1782359311.1656494,0.0020003318786621094
78788,normal,1113,0,1782359311.1676464,0.0019969940185546875
78789,normal,1378,1,1782359311.169646,0.0019996166229248047
78790,normal,3586,0,1782359311.1716452,0.0019991397857666016
78791,normal,3658,0,1782359311.1737475,0.002102375030517578
78792,normal,3337,1,1782359311.1756442,0.0018966197967529297
78793,normal,1624,0,1782359311.1776485,0.002004384994506836
78794,normal,3060,1,1782359311.1797228,0.0020742416381835938
78795,normal,2681,0,1782359311.1816537,0.0019309520721435547
78796,normal,1874,0,1782359311.1836545,0.0020008087158203125
78797,normal,652,0,1782359311.1856444,0.0019898414611816406
78798,normal,1287,0,1782359311.1876447,0.0020003318786621094
78799,normal,1232,0,1782359311.1896229,0.001978158950805664
78800,normal,544,0,1782359311.191728,0.002105236053466797
78801,normal,2647,0,1782359311.1935935,0.001865386962890625
78802,normal,1017,2,1782359311.1956413,0.0020477771759033203
78803,normal,884,2,1782359311.1975906,0.001949310302734375
78804,normal,1709,0,1782359311.1995964,0.0020058155059814453
78805,normal,1686,0,1782359311.2016299,0.0020334720611572266
78806,normal,1281,0,1782359311.203722,0.002092123031616211
78807,normal,3272,1,1782359311.2055953,0.0018732547760009766
78808,normal,3609,0,1782359311.2077165,0.0021212100982666016
78809,normal,459,0,1782359311.209592,0.0018756389617919922
78810,normal,2274,0,1782359311.2116015,0.0020093917846679688
78811,normal,2086,0,1782359311.2136443,0.0020427703857421875
78812,normal,295,0,1782359311.2157269,0.0020825862884521484
78813,normal,3041,0,1782359311.2176442,0.0019173622131347656
78814,normal,3150,1,1782359311.2196457,0.002001523971557617
78815,normal,3623,0,1782359311.2217312,0.002085447311401367
78816,normal,2816,0,1782359311.223644,0.001912832260131836
78817,normal,1770,0,1782359311.225653,0.0020089149475097656
78818,normal,1622,0,1782359311.2276444,0.0019915103912353516
78819,normal,1194,0,1782359311.2309418,0.0032973289489746094
78820,normal,3417,0,1782359311.2316198,0.0006780624389648438
78821,normal,246,0,1782359311.2337844,0.002164602279663086
78822,normal,2442,0,1782359311.2356205,0.0018360614776611328
78823,normal,1928,0,1782359311.2376184,0.0019979476928710938
78824,normal,1420,0,1782359311.2396364,0.002017974853515625
78825,normal,3619,0,1782359311.2416472,0.002010822296142578
78826,normal,2744,0,1782359311.24365,0.002002716064453125
78827,normal,2285,0,1782359311.2458127,0.0021626949310302734
78828,normal,3442,0,1782359311.2476196,0.0018069744110107422
78829,normal,1311,0,1782359311.2497034,0.0020837783813476562
78830,normal,1947,0,1782359311.251617,0.0019135475158691406
78831,normal,2203,0,1782359311.2539496,0.0023326873779296875
78832,normal,2091,0,1782359311.2558513,0.0019016265869140625
78833,normal,3235,1,1782359311.25771,0.0018587112426757812
78834,normal,2009,0,1782359311.2599714,0.0022614002227783203
78835,normal,2257,0,1782359311.261927,0.0019555091857910156
78836,normal,82,0,1782359311.2639236,0.001996755599975586
78837,normal,3555,0,1782359311.2657084,0.0017848014831542969
78838,normal,1303,0,1782359311.2678723,0.0021638870239257812
78839,normal,3035,0,1782359311.2697084,0.0018360614776611328
78840,normal,2999,0,1782359311.2718692,0.002160787582397461
78841,normal,732,0,1782359311.2736852,0.0018160343170166016
78842,normal,1366,1,1782359311.2757816,0.002096414566040039
78843,normal,1155,0,1782359311.2776132,0.0018315315246582031
78844,normal,3034,0,1782359311.279778,0.0021648406982421875
78845,normal,1521,0,1782359311.2816482,0.0018701553344726562
78846,normal,1597,0,1782359311.2837765,0.0021283626556396484
78847,normal,32,0,1782359311.2856507,0.0018742084503173828
78848,normal,2422,0,1782359311.2878835,0.002232789993286133
78849,normal,3581,0,1782359311.2896605,0.0017769336700439453
78850,normal,3463,0,1782359311.2918203,0.0021598339080810547
78851,normal,1634,0,1782359311.2936575,0.0018372535705566406
78852,normal,2522,0,1782359311.2958167,0.00215911865234375
78853,normal,1292,0,1782359311.2978587,0.002042055130004883
78854,normal,1008,2,1782359311.2997148,0.001856088638305664
78855,normal,234,0,1782359311.301895,0.0021800994873046875
78856,normal,2624,0,1782359311.3038828,0.001987934112548828
78857,normal,2051,0,1782359311.3057077,0.0018248558044433594
78858,normal,454,0,1782359311.3079243,0.0022165775299072266
78859,normal,3409,0,1782359311.3098836,0.0019593238830566406
78860,normal,2832,0,1782359311.311706,0.0018224716186523438
78861,normal,1411,0,1782359311.3143044,0.002598285675048828
78862,normal,2576,0,1782359311.3156896,0.0013852119445800781
78863,normal,1532,0,1782359311.3177114,0.00202178955078125
78864,normal,2037,0,1782359311.31993,0.0022187232971191406
78865,normal,515,0,1782359311.3218806,0.0019505023956298828
78866,normal,329,0,1782359311.3237088,0.0018281936645507812
78867,normal,785,2,1782359311.3259256,0.002216815948486328
78868,normal,428,0,1782359311.3278832,0.0019576549530029297
78869,normal,1559,0,1782359311.3298116,0.0019283294677734375
78870,normal,2777,0,1782359311.3317351,0.0019235610961914062
78871,normal,1551,0,1782359311.3338819,0.0021467208862304688
78872,normal,1821,0,1782359311.3357077,0.0018258094787597656
78873,normal,157,0,1782359311.3379269,0.0022192001342773438
78874,normal,2371,0,1782359311.3398821,0.001955270767211914
78875,normal,2911,0,1782359311.3416903,0.00180816650390625
78876,normal,3099,1,1782359311.3439364,0.0022461414337158203
78877,normal,3260,1,1782359311.3459466,0.0020101070404052734
78878,normal,606,0,1782359311.3477116,0.0017650127410888672
78879,normal,3578,0,1782359311.3499577,0.0022461414337158203
78880,normal,3477,0,1782359311.3517323,0.0017745494842529297
78881,normal,113,0,1782359311.3539217,0.0021893978118896484
78882,normal,3291,1,1782359311.3557541,0.0018324851989746094
78883,normal,125,0,1782359311.357895,0.0021407604217529297
78884,normal,1918,0,1782359311.359709,0.001814126968383789
78885,normal,583,0,1782359311.3619628,0.0022537708282470703
78886,normal,975,2,1782359311.36388,0.001917123794555664
78887,normal,1765,0,1782359311.3657389,0.0018589496612548828
78888,normal,1578,0,1782359311.3678894,0.0021505355834960938
78889,normal,3449,0,1782359311.369929,0.002039670944213867
78890,normal,1119,0,1782359311.3717282,0.0017991065979003906
78891,normal,1089,0,1782359311.373927,0.002198934555053711
78892,normal,77,0,1782359311.3758852,0.001958131790161133
78893,normal,1620,0,1782359311.377737,0.001851797103881836
78894,normal,2505,0,1782359311.3797348,0.001997709274291992
78895,normal,2353,0,1782359311.3818889,0.002154111862182617
78896,normal,1916,0,1782359311.383728,0.0018391609191894531
78897,normal,3602,0,1782359311.385748,0.0020198822021484375
78898,normal,3379,1,1782359311.3879302,0.0021822452545166016
78899,normal,1706,0,1782359311.3897483,0.0018181800842285156
78900,normal,931,2,1782359311.391921,0.002172708511352539
78901,normal,2106,0,1782359311.3939257,0.0020046234130859375
78902,normal,1056,0,1782359311.3956869,0.0017611980438232422
78903,normal,256,0,1782359311.397929,0.0022420883178710938
78904,normal,3303,1,1782359311.3997147,0.0017857551574707031
78905,normal,784,2,1782359311.4016225,0.0019078254699707031
78906,normal,2445,0,1782359311.4036453,0.0020227432250976562
78907,normal,653,0,1782359311.4056416,0.001996278762817383
78908,normal,3086,1,1782359311.4076447,0.002003192901611328
78909,normal,3455,0,1782359311.4096577,0.002012968063354492
78910,normal,3638,0,1782359311.4116318,0.0019741058349609375
78911,normal,1901,0,1782359311.4136894,0.0020575523376464844
78912,normal,602,0,1782359311.415626,0.0019366741180419922
78913,normal,3251,1,1782359311.4176948,0.002068758010864258
78914,normal,2167,0,1782359311.4196222,0.0019273757934570312
78915,normal,1195,0,1782359311.421616,0.001993894577026367
78916,normal,1725,0,1782359311.4236517,0.0020356178283691406
78917,normal,312,0,1782359311.4256468,0.001995086669921875
78918,normal,501,0,1782359311.42759,0.0019431114196777344
78919,normal,3663,0,1782359311.4296517,0.0020618438720703125
78920,normal,2938,0,1782359311.4316869,0.0020351409912109375
78921,normal,1776,0,1782359311.4335942,0.0019073486328125
78922,normal,2077,0,1782359311.4356542,0.0020599365234375
78923,normal,2903,0,1782359311.4376404,0.001986265182495117
78924,normal,3450,0,1782359311.4395862,0.0019457340240478516
78925,normal,1362,1,1782359311.4416406,0.002054452896118164
78926,normal,873,2,1782359311.4436393,0.0019986629486083984
78927,normal,1929,0,1782359311.4456491,0.002009868621826172
78928,normal,2430,0,1782359311.4476209,0.001971721649169922
78929,normal,1498,0,1782359311.449642,0.0020210742950439453
78930,normal,1208,0,1782359311.451615,0.0019731521606445312
78931,normal,1178,0,1782359311.4536433,0.002028226852416992
78932,normal,1459,0,1782359311.455648,0.0020046234130859375
78933,normal,2031,0,1782359311.4576535,0.0020055770874023438
78934,normal,536,0,1782359311.4596305,0.0019769668579101562
78935,normal,2849,0,1782359311.4616456,0.0020151138305664062
78936,normal,867,2,1782359311.4636526,0.002007007598876953
78937,normal,374,0,1782359311.465635,0.001982450485229492
78938,normal,2253,0,1782359311.4677172,0.0020821094512939453
78939,normal,1325,1,1782359311.4696214,0.0019042491912841797
78940,normal,99,0,1782359311.4716432,0.00202178955078125
78941,normal,2639,0,1782359311.4736423,0.0019991397857666016
78942,normal,2130,0,1782359311.4755855,0.0019431114196777344
78943,normal,417,0,1782359311.4776475,0.002062082290649414
78944,normal,2972,0,1782359311.4796507,0.002003192901611328
78945,normal,2631,0,1782359311.4815915,0.0019407272338867188
78946,normal,415,0,1782359311.4836547,0.002063274383544922
78947,normal,1835,0,1782359311.485643,0.0019881725311279297
78948,normal,1198,0,1782359311.4875848,0.0019419193267822266
78949,normal,1081,0,1782359311.4896448,0.0020599365234375
78950,normal,1604,0,1782359311.491638,0.0019931793212890625
78951,normal,551,0,1782359311.493652,0.00201416015625
78952,normal,1394,0,1782359311.4956274,0.0019752979278564453
78953,normal,3482,0,1782359311.4976442,0.002016782760620117
78954,normal,1334,1,1782359311.499705,0.0020608901977539062
78955,normal,133,0,1782359311.5016348,0.0019297599792480469
78956,normal,879,2,1782359311.503641,0.002006053924560547
78957,normal,2477,0,1782359311.505653,0.002012014389038086
78958,normal,2650,0,1782359311.507635,0.0019822120666503906
78959,normal,2592,0,1782359311.5096433,0.002008199691772461
78960,normal,2007,0,1782359311.5116403,0.0019969940185546875
78961,normal,355,0,1782359311.5142667,0.0026264190673828125
78962,normal,2897,0,1782359311.515604,0.001337289810180664
78963,normal,2447,0,1782359311.517619,0.0020148754119873047
78964,normal,179,0,1782359311.5196338,0.0020148754119873047
78965,normal,1762,0,1782359311.5216432,0.0020093917846679688
78966,normal,2492,0,1782359311.5236526,0.0020093917846679688
78967,normal,2914,0,1782359311.5256414,0.0019888877868652344
78968,normal,905,2,1782359311.5276403,0.0019989013671875
78969,normal,3479,0,1782359311.5297546,0.0021142959594726562
78970,normal,2984,0,1782359311.5316412,0.001886606216430664
78971,normal,1116,0,1782359311.533709,0.0020678043365478516
78972,normal,1191,0,1782359311.5356152,0.0019061565399169922
78973,normal,2360,0,1782359311.5376413,0.002026081085205078
78974,normal,883,2,1782359311.5396411,0.0019998550415039062
78975,normal,2317,0,1782359311.5416417,0.002000570297241211
78976,normal,3166,1,1782359311.5436335,0.001991748809814453
78977,normal,1516,0,1782359311.545641,0.0020074844360351562
78978,normal,303,0,1782359311.5476322,0.00199127197265625
78979,normal,2066,0,1782359311.5496514,0.002019166946411133
78980,normal,345,0,1782359311.5516436,0.0019922256469726562
78981,normal,2196,0,1782359311.553646,0.0020024776458740234
78982,normal,3534,0,1782359311.555617,0.001971006393432617
78983,normal,680,0,1782359311.5576513,0.0020341873168945312
78984,normal,1402,0,1782359311.5596383,0.001986980438232422
78985,normal,2223,0,1782359311.5616322,0.001993894577026367
78986,normal,2233,0,1782359311.5636184,0.001986265182495117
78987,normal,3475,0,1782359311.565659,0.0020406246185302734
78988,normal,2041,0,1782359311.567615,0.0019559860229492188
78989,normal,1986,0,1782359311.569643,0.0020279884338378906
78990,normal,3706,0,1782359311.5716457,0.002002716064453125
78991,normal,215,0,1782359311.5736177,0.0019719600677490234
78992,normal,2550,0,1782359311.5756357,0.002017974853515625
78993,normal,2518,0,1782359311.5776472,0.002011537551879883
78994,normal,2149,0,1782359311.579622,0.001974821090698242
78995,normal,98,0,1782359311.5816934,0.002071380615234375
78996,normal,529,0,1782359311.5836132,0.0019197463989257812
78997,normal,661,0,1782359311.5856295,0.002016305923461914
78998,normal,21,0,1782359311.587641,0.002011537551879883
78999,normal,2692,0,1782359311.5896466,0.0020055770874023438
79000,normal,2008,0,1782359311.5916262,0.0019795894622802734
79001,normal,596,0,1782359311.5936425,0.002016305923461914
79002,normal,1590,0,1782359311.5956361,0.0019936561584472656
79003,normal,1170,0,1782359311.5976377,0.002001523971557617
79004,normal,1229,0,1782359311.5996437,0.002006053924560547
79005,normal,2112,0,1782359311.601655,0.0020112991333007812
79006,normal,1534,0,1782359311.6036294,0.001974344253540039
79007,normal,1990,0,1782359311.6056492,0.0020198822021484375
79008,normal,1538,0,1782359311.6075873,0.0019381046295166016
79009,normal,3634,0,1782359311.6096303,0.002043008804321289
79010,normal,1426,0,1782359311.611647,0.0020165443420410156
79011,normal,1038,0,1782359311.6135855,0.0019385814666748047
79012,normal,3002,0,1782359311.6156447,0.0020592212677001953
79013,normal,1224,0,1782359311.617645,0.0020003318786621094
79014,normal,1409,0,1782359311.6195862,0.0019412040710449219
79015,normal,3702,0,1782359311.6216383,0.0020520687103271484
79016,normal,3043,0,1782359311.6236365,0.0019981861114501953
79017,normal,3376,1,1782359311.625585,0.0019485950469970703
79018,normal,349,0,1782359311.6276324,0.002047300338745117
79019,normal,3052,1,1782359311.6296365,0.0020041465759277344
79020,normal,3636,0,1782359311.6316109,0.001974344253540039
79021,normal,2773,0,1782359311.6336596,0.0020487308502197266
79022,normal,1101,0,1782359311.6356156,0.0019559860229492188
79023,normal,503,0,1782359311.6376507,0.0020351409912109375
79024,normal,1681,0,1782359311.6396222,0.0019714832305908203
79025,normal,2679,0,1782359311.6416407,0.002018451690673828
79026,normal,2080,0,1782359311.6436374,0.001996755599975586
79027,normal,548,0,1782359311.645615,0.001977682113647461
79028,normal,1310,0,1782359311.6476426,0.0020275115966796875
79029,normal,2964,0,1782359311.649627,0.0019843578338623047
79030,normal,1447,0,1782359311.652332,0.002705097198486328
79031,normal,1809,0,1782359311.6536012,0.0012691020965576172
79032,normal,2966,0,1782359311.6556113,0.0020101070404052734
79033,normal,2132,0,1782359311.6577837,0.0021724700927734375
79034,normal,585,0,1782359311.6596923,0.0019085407257080078
79035,normal,284,0,1782359311.6617002,0.0020079612731933594
79036,normal,766,0,1782359311.663777,0.002076864242553711
79037,normal,1836,0,1782359311.6657019,0.001924753189086914
79038,normal,2268,0,1782359311.6676571,0.001955270767211914
79039,normal,621,0,1782359311.6698487,0.0021915435791015625
79040,normal,1454,0,1782359311.6716928,0.001844167709350586
79041,normal,1999,0,1782359311.6737201,0.002027273178100586
79042,normal,1373,1,1782359311.675741,0.0020208358764648438
79043,normal,1135,0,1782359311.677705,0.001964092254638672
79044,normal,2266,0,1782359311.679797,0.0020918846130371094
79045,normal,324,0,1782359311.6817062,0.0019092559814453125
79046,normal,2749,0,1782359311.683876,0.0021698474884033203
79047,normal,797,2,1782359311.6857357,0.0018596649169921875
79048,normal,910,2,1782359311.6878319,0.0020961761474609375
79049,normal,1853,0,1782359311.6897318,0.0018999576568603516
79050,normal,2720,0,1782359311.6917703,0.0020384788513183594
79051,normal,3615,0,1782359311.6937165,0.0019462108612060547
79052,normal,3408,0,1782359311.6956408,0.001924276351928711
79053,normal,3410,0,1782359311.6981506,0.0025098323822021484
79054,normal,531,0,1782359311.699605,0.0014543533325195312
79055,normal,1442,0,1782359311.701645,0.0020399093627929688
79056,normal,121,0,1782359311.7037086,0.002063751220703125
79057,normal,1471,0,1782359311.7056336,0.0019249916076660156
79058,normal,120,0,1782359311.7076473,0.002013683319091797
79059,normal,1606,0,1782359311.7096176,0.0019702911376953125
79060,normal,1885,0,1782359311.711627,0.0020093917846679688
79061,normal,3325,1,1782359311.7136497,0.0020227432250976562
79062,normal,1910,0,1782359311.7157054,0.002055644989013672
79063,normal,2399,0,1782359311.7176597,0.001954317092895508
79064,normal,1358,1,1782359311.7196212,0.0019614696502685547
79065,normal,3311,1,1782359311.7216537,0.0020325183868408203
79066,normal,832,2,1782359311.7236316,0.0019779205322265625
79067,normal,798,2,1782359311.7256854,0.0020537376403808594
79068,normal,2824,0,1782359311.727686,0.002000570297241211
79069,normal,3546,0,1782359311.7296355,0.0019495487213134766
79070,normal,572,0,1782359311.7316513,0.002015829086303711
79071,normal,3421,0,1782359311.7336206,0.0019693374633789062
79072,normal,2548,0,1782359311.7356303,0.0020096302032470703
79073,normal,1881,0,1782359311.7376544,0.0020241737365722656
79074,normal,2,0,1782359311.739604,0.0019495487213134766
79075,normal,2489,0,1782359311.7416441,0.0020401477813720703
79076,normal,2123,0,1782359311.7436442,0.002000093460083008
79077,normal,537,0,1782359311.7455883,0.0019440650939941406
79078,normal,703,0,1782359311.7476482,0.0020599365234375
79079,normal,2324,0,1782359311.7496448,0.0019965171813964844
79080,normal,108,0,1782359311.751589,0.0019443035125732422
79081,normal,927,2,1782359311.753642,0.0020530223846435547
79082,normal,3454,0,1782359311.7556486,0.00200653076171875
79083,normal,3294,1,1782359311.7575877,0.0019390583038330078
79084,normal,2531,0,1782359311.7596939,0.002106189727783203
79085,normal,434,0,1782359311.7616184,0.0019245147705078125
79086,normal,241,0,1782359311.7636533,0.002034902572631836
79087,normal,3644,0,1782359311.7656932,0.0020399093627929688
79088,normal,2348,0,1782359311.7676513,0.001958131790161133
79089,normal,778,2,1782359311.7697067,0.0020554065704345703
79090,normal,2369,0,1782359311.7716217,0.00191497802734375
79091,normal,2932,0,1782359311.7736535,0.0020318031311035156
79092,normal,1525,0,1782359311.7756155,0.001961946487426758
79093,normal,1921,0,1782359311.7777078,0.0020923614501953125
79094,normal,1435,0,1782359311.7796495,0.001941680908203125
79095,normal,436,0,1782359311.7817218,0.0020723342895507812
79096,normal,73,0,1782359311.783608,0.001886129379272461
79097,normal,2975,0,1782359311.7856457,0.0020377635955810547
79098,normal,655,0,1782359311.7876153,0.001969575881958008
79099,normal,3351,1,1782359311.7896442,0.002028942108154297
79100,normal,1568,0,1782359311.7916384,0.0019941329956054688
79101,normal,3227,1,1782359311.7936194,0.001981019973754883
79102,normal,3386,1,1782359311.795644,0.0020246505737304688
79103,normal,1429,0,1782359311.7976243,0.001980304718017578
79104,normal,356,0,1782359311.799615,0.0019905567169189453
79105,normal,1959,0,1782359311.8016422,0.002027273178100586
79106,normal,433,0,1782359311.8036444,0.002002239227294922
79107,normal,1688,0,1782359311.8056226,0.001978158950805664
79108,normal,2985,0,1782359311.8076408,0.0020182132720947266
79109,normal,3637,0,1782359311.8096395,0.0019986629486083984
79110,normal,149,0,1782359311.811619,0.0019795894622802734
79111,normal,3691,0,1782359311.8136294,0.002010345458984375
79112,normal,2277,0,1782359311.8157635,0.002134084701538086
79113,normal,593,0,1782359311.8176188,0.0018553733825683594
79114,normal,1432,0,1782359311.8196304,0.002011537551879883
79115,normal,1406,0,1782359311.821639,0.002008676528930664
79116,normal,2727,0,1782359311.8236156,0.001976490020751953
79117,normal,868,2,1782359311.8256996,0.002084016799926758
79118,normal,3567,0,1782359311.8276167,0.001917123794555664
79119,normal,1497,0,1782359311.8296545,0.0020377635955810547
79120,normal,1391,0,1782359311.831631,0.001976490020751953
79121,normal,1802,0,1782359311.833653,0.0020220279693603516
79122,normal,2452,0,1782359311.8356128,0.0019598007202148438
79123,normal,3603,0,1782359311.8376517,0.0020389556884765625
79124,normal,2770,0,1782359311.8396485,0.001996755599975586
79125,normal,1480,0,1782359311.8415875,0.0019390583038330078
79126,normal,706,0,1782359311.8436465,0.0020589828491210938
79127,normal,3554,0,1782359311.8456535,0.002007007598876953
79128,normal,1117,0,1782359311.8475857,0.0019321441650390625
79129,normal,2479,0,1782359311.8496473,0.002061605453491211
79130,normal,2449,0,1782359311.852381,0.0027337074279785156
79131,normal,2950,0,1782359311.8536756,0.0012946128845214844
79132,normal,2973,0,1782359311.8556056,0.0019299983978271484
79133,normal,601,0,1782359311.857645,0.0020394325256347656
79134,normal,3354,1,1782359311.859585,0.001940011978149414
79135,normal,61,0,1782359311.8616498,0.0020647048950195312
79136,normal,446,0,1782359311.8636515,0.0020017623901367188
79137,normal,765,0,1782359311.865588,0.0019364356994628906
79138,normal,1479,0,1782359311.8676472,0.0020592212677001953
79139,normal,1125,0,1782359311.8696399,0.0019927024841308594
79140,normal,1925,0,1782359311.8715856,0.0019457340240478516
79141,normal,1393,0,1782359311.873643,0.002057313919067383
79142,normal,1460,0,1782359311.875641,0.0019981861114501953
79143,normal,2619,0,1782359311.8776963,0.0020551681518554688
79144,normal,2794,0,1782359311.8795984,0.0019021034240722656
79145,normal,387,0,1782359311.8816392,0.002040863037109375
79146,normal,404,0,1782359311.883704,0.0020647048950195312
79147,normal,1427,0,1782359311.8856943,0.0019903182983398438
79148,normal,1658,0,1782359311.887645,0.0019507408142089844
79149,normal,1349,1,1782359311.8897102,0.0020651817321777344
79150,normal,1247,0,1782359311.891701,0.001990795135498047
79151,normal,453,0,1782359311.8936439,0.0019428730010986328
79152,normal,1796,0,1782359311.895694,0.002050161361694336
79153,normal,2380,0,1782359311.8982472,0.002553224563598633
79154,normal,913,2,1782359311.899603,0.0013556480407714844
79155,normal,2701,0,1782359311.9016197,0.002016782760620117
79156,normal,1580,0,1782359311.9036398,0.002020120620727539
79157,normal,3689,0,1782359311.9056416,0.0020017623901367188
79158,normal,2876,0,1782359311.9076152,0.0019736289978027344
79159,normal,335,0,1782359311.9096434,0.002028226852416992
79160,normal,1499,0,1782359311.911761,0.002117633819580078
79161,normal,729,0,1782359311.9136217,0.0018606185913085938
79162,normal,1799,0,1782359311.915629,0.0020072460174560547
79163,normal,1192,0,1782359311.917644,0.0020151138305664062
79164,normal,3440,0,1782359311.9196181,0.0019741058349609375
79165,normal,3427,0,1782359311.9216385,0.0020203590393066406
79166,normal,3017,0,1782359311.9236474,0.0020089149475097656
79167,normal,2323,0,1782359311.9256153,0.001967906951904297
79168,normal,1692,0,1782359311.9276423,0.0020270347595214844
79169,normal,3020,0,1782359311.929658,0.0020155906677246094
79170,normal,3539,0,1782359311.9316275,0.001969575881958008
79171,normal,698,0,1782359311.9336255,0.0019979476928710938
79172,normal,3246,1,1782359311.9356432,0.0020177364349365234
79173,normal,2765,0,1782359311.9376144,0.0019712448120117188
79174,normal,2110,0,1782359311.9396417,0.002027273178100586
79175,normal,1062,0,1782359311.9416418,0.002000093460083008
79176,normal,2804,0,1782359311.9436138,0.0019719600677490234
79177,normal,427,0,1782359311.9457119,0.00209808349609375
79178,normal,2101,0,1782359311.947614,0.0019021034240722656
79179,normal,1450,0,1782359311.9496186,0.0020046234130859375
79180,normal,3589,0,1782359311.9516423,0.0020236968994140625
79181,normal,847,2,1782359311.953644,0.0020017623901367188
79182,normal,2210,0,1782359311.9556139,0.0019698143005371094
79183,normal,816,2,1782359311.9577017,0.002087831497192383
79184,normal,1314,0,1782359311.959638,0.0019364356994628906
79185,normal,1415,0,1782359311.961659,0.0020208358764648438
79186,normal,775,2,1782359311.963712,0.0020530223846435547
79187,normal,2800,0,1782359311.9656403,0.0019283294677734375
79188,normal,2460,0,1782359311.9677205,0.002080202102661133
79189,normal,1127,0,1782359311.9696279,0.0019073486328125
79190,normal,1789,0,1782359311.9716556,0.002027750015258789
79191,normal,2649,0,1782359311.9736576,0.0020020008087158203
79192,normal,3648,0,1782359311.9755845,0.0019268989562988281
79193,normal,217,0,1782359311.9776468,0.0020623207092285156
79194,normal,161,0,1782359311.979579,0.0019321441650390625
79195,normal,1702,0,1782359311.9816356,0.002056598663330078
79196,normal,1810,0,1782359311.9836524,0.002016782760620117
79197,normal,987,2,1782359311.9855876,0.0019352436065673828
79198,normal,2899,0,1782359311.987596,0.0020084381103515625
79199,normal,447,0,1782359311.9896438,0.0020477771759033203
79200,normal,2162,0,1782359311.991595,0.0019512176513671875
79201,normal,559,0,1782359311.9936414,0.002046346664428711
79202,normal,2231,0,1782359311.9957561,0.0021147727966308594
79203,normal,29,0,1782359311.9976194,0.001863241195678711
79204,normal,2137,0,1782359311.9996204,0.002001047134399414
79205,normal,1458,0,1782359312.0016906,0.002070188522338867
79206,normal,1210,0,1782359312.0036373,0.0019466876983642578
79207,normal,1280,0,1782359312.005623,0.001985788345336914
79208,normal,1529,0,1782359312.0076473,0.0020241737365722656
79209,normal,2093,0,1782359312.0096416,0.0019943714141845703
79210,normal,1967,0,1782359312.0116475,0.0020058155059814453
79211,normal,1461,0,1782359312.013649,0.002001523971557617
79212,normal,2302,0,1782359312.0156534,0.002004384994506836
79213,normal,357,0,1782359312.017692,0.002038717269897461
79214,normal,1744,0,1782359312.019886,0.002193927764892578
79215,normal,3470,0,1782359312.0218682,0.0019822120666503906
79216,normal,1975,0,1782359312.0237546,0.0018863677978515625
79217,normal,3320,1,1782359312.025626,0.001871347427368164
79218,normal,2198,0,1782359312.0277524,0.002126455307006836
79219,normal,395,0,1782359312.0297754,0.002022981643676758
79220,normal,1433,0,1782359312.0316315,0.001856088638305664
79221,normal,3190,1,1782359312.0337584,0.002126932144165039
79222,normal,2562,0,1782359312.0356994,0.0019409656524658203
79223,normal,1144,0,1782359312.037853,0.002153635025024414
79224,normal,1090,0,1782359312.0396879,0.001834869384765625
79225,normal,1549,0,1782359312.0418224,0.002134561538696289
79226,normal,579,0,1782359312.0436213,0.001798868179321289
79227,normal,1274,0,1782359312.045934,0.0023126602172851562
79228,normal,514,0,1782359312.0477521,0.0018181800842285156
79229,normal,3370,1,1782359312.0496874,0.0019352436065673828
79230,normal,2180,0,1782359312.0519385,0.002251148223876953
79231,normal,3317,1,1782359312.053785,0.0018465518951416016
79232,normal,1485,0,1782359312.0557003,0.0019152164459228516
79233,normal,1841,0,1782359312.0580614,0.0023610591888427734
79234,normal,3267,1,1782359312.0597641,0.0017027854919433594
79235,normal,1236,0,1782359312.0618527,0.0020885467529296875
79236,normal,1911,0,1782359312.0637136,0.0018608570098876953
79237,normal,1574,0,1782359312.0657804,0.0020668506622314453
79238,normal,678,0,1782359312.067787,0.00200653076171875
79239,normal,3522,0,1782359312.0698316,0.002044677734375
79240,normal,3073,1,1782359312.071798,0.0019664764404296875
79241,normal,1579,0,1782359312.0737495,0.001951456069946289
79242,normal,1594,0,1782359312.0757155,0.0019659996032714844
79243,normal,3243,1,1782359312.0777178,0.002002239227294922
79244,normal,3529,0,1782359312.0798075,0.0020897388458251953
79245,normal,3414,0,1782359312.0817208,0.001913309097290039
79246,normal,12,0,1782359312.0837271,0.0020062923431396484
79247,normal,2377,0,1782359312.0857985,0.002071380615234375
79248,normal,307,0,1782359312.0877428,0.0019443035125732422
79249,normal,860,2,1782359312.0898204,0.0020775794982910156
79250,normal,862,2,1782359312.0917268,0.0019063949584960938
79251,normal,2410,0,1782359312.0937407,0.0020139217376708984
79252,normal,3055,1,1782359312.0957296,0.0019888877868652344
79253,normal,3173,1,1782359312.0978603,0.002130746841430664
79254,normal,2543,0,1782359312.099735,0.001874685287475586
79255,normal,3491,0,1782359312.1017876,0.0020525455474853516
79256,normal,1912,0,1782359312.1037624,0.001974821090698242
79257,normal,3488,0,1782359312.105876,0.0021135807037353516
79258,normal,126,0,1782359312.1077318,0.0018558502197265625
79259,normal,2421,0,1782359312.1098616,0.002129793167114258
79260,normal,2575,0,1782359312.1117382,0.0018765926361083984
79261,normal,891,2,1782359312.1137743,0.0020360946655273438
79262,normal,2311,0,1782359312.1157634,0.001989126205444336
79263,normal,1041,0,1782359312.1182466,0.0024831295013427734
79264,normal,3355,1,1782359312.1198587,0.0016121864318847656
79265,normal,33,0,1782359312.1218488,0.001990079879760742
79266,normal,3290,1,1782359312.1236825,0.0018336772918701172
79267,normal,2579,0,1782359312.125728,0.0020453929901123047
79268,normal,2359,0,1782359312.1277933,0.002065420150756836
79269,normal,1437,0,1782359312.1297176,0.001924276351928711
79270,normal,1251,0,1782359312.1317198,0.002002239227294922
79271,normal,1828,0,1782359312.133803,0.0020830631256103516
79272,normal,2925,0,1782359312.1357534,0.0019505023956298828
79273,normal,2864,0,1782359312.1377184,0.001965045928955078
79274,normal,2587,0,1782359312.139845,0.002126455307006836
79275,normal,1856,0,1782359312.141679,0.0018341541290283203
79276,normal,2542,0,1782359312.143804,0.0021250247955322266
79277,normal,1153,0,1782359312.1457188,0.0019147396087646484
79278,normal,707,0,1782359312.1478336,0.0021147727966308594
79279,normal,693,0,1782359312.149701,0.001867532730102539
79280,normal,2896,0,1782359312.1518512,0.0021500587463378906
79281,normal,3423,0,1782359312.1537497,0.0018985271453857422
79282,normal,2003,0,1782359312.155809,0.0020592212677001953
79283,normal,2021,0,1782359312.157759,0.0019500255584716797
79284,normal,3705,0,1782359312.1597588,0.0019998550415039062
79285,normal,936,2,1782359312.161808,0.0020492076873779297
79286,normal,2573,0,1782359312.1637652,0.0019571781158447266
79287,normal,1359,1,1782359312.1656282,0.0018630027770996094
79288,normal,2995,0,1782359312.1677108,0.0020825862884521484
79289,normal,3359,1,1782359312.1696973,0.0019865036010742188
79290,normal,2270,0,1782359312.171641,0.001943826675415039
79291,normal,2934,0,1782359312.1736867,0.0020456314086914062
79292,normal,1849,0,1782359312.1757019,0.0020151138305664062
79293,normal,70,0,1782359312.1776009,0.0018990039825439453
79294,normal,266,0,1782359312.179644,0.0020432472229003906
79295,normal,1248,0,1782359312.1817026,0.0020585060119628906
79296,normal,123,0,1782359312.183604,0.001901388168334961
79297,normal,1900,0,1782359312.1856375,0.0020334720611572266
79298,normal,2523,0,1782359312.1877086,0.0020711421966552734
79299,normal,2381,0,1782359312.1895993,0.0018906593322753906
79300,normal,3231,1,1782359312.191603,0.0020036697387695312
79301,normal,1212,0,1782359312.193715,0.002112150192260742
79302,normal,2097,0,1782359312.195616,0.0019009113311767578
79303,normal,2139,0,1782359312.197704,0.0020880699157714844
79304,normal,1979,0,1782359312.1996405,0.0019364356994628906
79305,normal,612,0,1782359312.2016487,0.002008199691772461
79306,normal,3639,0,1782359312.2036395,0.001990795135498047
79307,normal,1954,0,1782359312.2056918,0.00205230712890625
79308,normal,2693,0,1782359312.2076366,0.0019447803497314453
79309,normal,2918,0,1782359312.2096384,0.0020017623901367188
79310,normal,1710,0,1782359312.2117,0.002061605453491211
79311,normal,1564,0,1782359312.2136602,0.001960277557373047
79312,normal,2646,0,1782359312.215636,0.0019757747650146484
79313,normal,1861,0,1782359312.2177315,0.002095460891723633
79314,normal,2356,0,1782359312.2196467,0.0019152164459228516
79315,normal,603,0,1782359312.221638,0.00199127197265625
79316,normal,935,2,1782359312.2237103,0.0020723342895507812
79317,normal,3525,0,1782359312.2255995,0.0018892288208007812
79318,normal,1331,1,1782359312.2276435,0.0020439624786376953
79319,normal,221,0,1782359312.229697,0.002053499221801758
79320,normal,2147,0,1782359312.2316005,0.001903533935546875
79321,normal,1527,0,1782359312.2336485,0.002048015594482422
79322,normal,350,0,1782359312.2357118,0.002063274383544922
79323,normal,969,2,1782359312.2376034,0.0018916130065917969
79324,normal,2002,0,1782359312.2396975,0.0020940303802490234
79325,normal,3016,0,1782359312.2416608,0.001963376998901367
79326,normal,554,0,1782359312.2436051,0.0019443035125732422
79327,normal,115,0,1782359312.2456324,0.002027273178100586
79328,normal,3139,1,1782359312.2476966,0.002064228057861328
79329,normal,1936,0,1782359312.2496378,0.0019412040710449219
79330,normal,143,0,1782359312.251638,0.002000093460083008
79331,normal,3048,1,1782359312.2537005,0.002062559127807617
79332,normal,291,0,1782359312.2556407,0.0019402503967285156
79333,normal,1139,0,1782359312.25764,0.0019991397857666016
79334,normal,2303,0,1782359312.2596984,0.0020585060119628906
79335,normal,640,0,1782359312.2616389,0.0019404888153076172
79336,normal,203,0,1782359312.2637608,0.0021219253540039062
79337,normal,981,2,1782359312.2656417,0.0018808841705322266
79338,normal,1790,0,1782359312.2676399,0.0019981861114501953
79339,normal,534,0,1782359312.2697022,0.0020623207092285156
79340,normal,31,0,1782359312.271661,0.0019588470458984375
79341,normal,2451,0,1782359312.2736497,0.001988649368286133
79342,normal,2163,0,1782359312.2755973,0.001947641372680664
79343,normal,2578,0,1782359312.2776494,0.0020520687103271484
79344,normal,2199,0,1782359312.2795885,0.0019390583038330078
79345,normal,590,0,1782359312.2816494,0.0020608901977539062
79346,normal,3580,0,1782359312.2836583,0.0020089149475097656
79347,normal,2830,0,1782359312.2855878,0.0019295215606689453
79348,normal,205,0,1782359312.2875865,0.0019986629486083984
79349,normal,1261,0,1782359312.2896416,0.0020551681518554688
79350,normal,3053,1,1782359312.29159,0.0019483566284179688
79351,normal,3196,1,1782359312.2936375,0.0020475387573242188
79352,normal,1109,0,1782359312.295643,0.0020055770874023438
79353,normal,236,0,1782359312.2976506,0.0020074844360351562
79354,normal,3576,0,1782359312.2996237,0.0019731521606445312
79355,normal,2053,0,1782359312.3016412,0.002017498016357422
79356,normal,2126,0,1782359312.3036397,0.001998424530029297
79357,normal,2748,0,1782359312.3056269,0.0019872188568115234
79358,normal,2515,0,1782359312.307644,0.0020170211791992188
79359,normal,1792,0,1782359312.3096504,0.00200653076171875
79360,normal,2702,0,1782359312.3116276,0.001977205276489258
79361,normal,2225,0,1782359312.3136559,0.002028226852416992
79362,normal,2844,0,1782359312.3156524,0.0019965171813964844
79363,normal,736,0,1782359312.3176408,0.0019884109497070312
79364,normal,831,2,1782359312.3197174,0.0020766258239746094
79365,normal,994,2,1782359312.3216572,0.0019397735595703125
79366,normal,3152,1,1782359312.3236053,0.0019481182098388672
79367,normal,1386,0,1782359312.3256416,0.0020363330841064453
79368,normal,2837,0,1782359312.3275857,0.0019440650939941406
79369,normal,471,0,1782359312.3296509,0.0020651817321777344
79370,normal,923,2,1782359312.3316474,0.0019965171813964844
79371,normal,2482,0,1782359312.3335865,0.0019390583038330078
79372,normal,1312,0,1782359312.335586,0.0019996166229248047
79373,normal,397,0,1782359312.337643,0.0020568370819091797
79374,normal,1965,0,1782359312.3396516,0.002008676528930664
79375,normal,1699,0,1782359312.341585,0.0019333362579345703
79376,normal,1679,0,1782359312.343642,0.0020570755004882812
79377,normal,978,2,1782359312.3455937,0.0019516944885253906
79378,normal,2858,0,1782359312.3476422,0.002048492431640625
79379,normal,3070,1,1782359312.3498578,0.0022156238555908203
79380,normal,3242,1,1782359312.3516796,0.001821756362915039
79381,normal,1279,0,1782359312.3537204,0.002040863037109375
79382,normal,2825,0,1782359312.355693,0.001972675323486328
79383,normal,2116,0,1782359312.3576314,0.0019383430480957031
79384,normal,2604,0,1782359312.3597336,0.0021021366119384766
79385,normal,1138,0,1782359312.361646,0.0019123554229736328
79386,normal,2666,0,1782359312.363624,0.001978158950805664
79387,normal,2725,0,1782359312.3657024,0.0020782947540283203
79388,normal,3573,0,1782359312.3677022,0.0019998550415039062
79389,normal,2885,0,1782359312.3699238,0.0022215843200683594
79390,normal,2709,0,1782359312.371631,0.0017070770263671875
79391,normal,10,0,1782359312.373716,0.0020852088928222656
79392,normal,769,0,1782359312.3755732,0.0018570423126220703
79393,normal,618,0,1782359312.3776872,0.0021140575408935547
79394,normal,3574,0,1782359312.379687,0.0019998550415039062
79395,normal,3671,0,1782359312.3815749,0.0018877983093261719
79396,normal,2967,0,1782359312.383703,0.002128124237060547
79397,normal,2776,0,1782359312.385695,0.0019919872283935547
79398,normal,1122,0,1782359312.3875747,0.0018796920776367188
79399,normal,3709,0,1782359312.389688,0.00211334228515625
79400,normal,3412,0,1782359312.3916926,0.0020046234130859375
79401,normal,567,0,1782359312.393602,0.0019092559814453125
79402,normal,2466,0,1782359312.3956916,0.0020897388458251953
79403,normal,3627,0,1782359312.3976824,0.001990795135498047
79404,normal,2711,0,1782359312.399653,0.001970529556274414
79405,normal,2674,0,1782359312.4016597,0.0020067691802978516
79406,normal,1375,1,1782359312.4036882,0.0020284652709960938
79407,normal,487,0,1782359312.4056568,0.0019686222076416016
79408,normal,25,0,1782359312.4076567,0.0019998550415039062
79409,normal,2645,0,1782359312.4096878,0.002031087875366211
79410,normal,3456,0,1782359312.4117208,0.0020329952239990234
79411,normal,1669,0,1782359312.4137056,0.001984834671020508
79412,normal,2209,0,1782359312.4156961,0.0019905567169189453
79413,normal,398,0,1782359312.4176242,0.001928091049194336
79414,normal,557,0,1782359312.4199603,0.0023360252380371094
79415,normal,104,0,1782359312.4216208,0.0016605854034423828
79416,normal,3584,0,1782359312.42361,0.001989126205444336
79417,normal,570,0,1782359312.4257035,0.0020935535430908203
79418,normal,3415,0,1782359312.4276938,0.0019903182983398438
79419,normal,1931,0,1782359312.4295788,0.0018849372863769531
79420,normal,500,0,1782359312.4316592,0.0020804405212402344
79421,normal,3011,0,1782359312.433691,0.0020318031311035156
79422,normal,742,0,1782359312.4355757,0.0018846988677978516
79423,normal,3096,1,1782359312.4376922,0.0021164417266845703
79424,normal,1735,0,1782359312.4396853,0.0019931793212890625
79425,normal,1189,0,1782359312.4416387,0.0019533634185791016
79426,normal,1159,0,1782359312.4436193,0.0019805431365966797
79427,normal,2298,0,1782359312.4457247,0.0021054744720458984
79428,normal,2791,0,1782359312.4476097,0.0018849372863769531
79429,normal,3161,1,1782359312.4496965,0.0020868778228759766
79430,normal,460,0,1782359312.4516869,0.0019903182983398438
79431,normal,216,0,1782359312.4536195,0.0019326210021972656
79432,normal,902,2,1782359312.4556515,0.002032041549682617
79433,normal,1644,0,1782359312.4576824,0.0020308494567871094
79434,normal,2010,0,1782359312.4596548,0.0019724369049072266
79435,normal,1227,0,1782359312.4616518,0.0019969940185546875
79436,normal,844,2,1782359312.4636827,0.0020308494567871094
79437,normal,1995,0,1782359312.4656553,0.001972675323486328
79438,normal,1250,0,1782359312.4677033,0.002048015594482422
79439,normal,1152,0,1782359312.4698343,0.0021309852600097656
79440,normal,2459,0,1782359312.4716551,0.0018208026885986328
79441,normal,647,0,1782359312.473708,0.002052783966064453
79442,normal,885,2,1782359312.4756536,0.0019457340240478516
79443,normal,730,0,1782359312.477573,0.0019192695617675781
79444,normal,523,0,1782359312.4796908,0.0021178722381591797
79445,normal,6,0,1782359312.4816923,0.002001523971557617
79446,normal,837,2,1782359312.4835832,0.0018908977508544922
79447,normal,633,0,1782359312.4857013,0.0021181106567382812
79448,normal,2512,0,1782359312.4876869,0.0019855499267578125
79449,normal,1051,0,1782359312.4895728,0.0018858909606933594
79450,normal,896,2,1782359312.4916878,0.002115011215209961
79451,normal,2127,0,1782359312.4936826,0.0019948482513427734
79452,normal,2084,0,1782359312.4956176,0.0019350051879882812
79453,normal,1327,1,1782359312.4976394,0.00202178955078125
79454,normal,2970,0,1782359312.4996908,0.0020513534545898438
79455,normal,2022,0,1782359312.5016248,0.001934051513671875
79456,normal,3563,0,1782359312.5036905,0.0020656585693359375
79457,normal,2526,0,1782359312.5056834,0.001992940902709961
79458,normal,2805,0,1782359312.5076563,0.0019729137420654297
79459,normal,696,0,1782359312.509653,0.001996755599975586
79460,normal,3452,0,1782359312.5116825,0.0020294189453125
79461,normal,2846,0,1782359312.513654,0.0019714832305908203
79462,normal,1243,0,1782359312.5156977,0.0020437240600585938
79463,normal,394,0,1782359312.5177016,0.002003908157348633
79464,normal,820,2,1782359312.51992,0.002218484878540039
79465,normal,1055,0,1782359312.5216303,0.0017101764678955078
79466,normal,1364,1,1782359312.5236924,0.002062082290649414
79467,normal,1876,0,1782359312.5255773,0.0018849372863769531
79468,normal,958,2,1782359312.5276062,0.002028942108154297
79469,normal,3514,0,1782359312.5296896,0.002083301544189453
79470,normal,2951,0,1782359312.5315726,0.0018830299377441406
79471,normal,1693,0,1782359312.5336983,0.0021257400512695312
79472,normal,2320,0,1782359312.5356085,0.0019102096557617188
79473,normal,211,0,1782359312.5376358,0.002027273178100586
79474,normal,1530,0,1782359312.5396206,0.001984834671020508
79475,normal,1811,0,1782359312.5416603,0.002039670944213867
79476,normal,1142,0,1782359312.5435717,0.0019114017486572266
79477,normal,2637,0,1782359312.5456855,0.002113819122314453
79478,normal,608,0,1782359312.5476892,0.0020036697387695312
79479,normal,2893,0,1782359312.5496945,0.002005338668823242
79480,normal,550,0,1782359312.5516489,0.001954317092895508
79481,normal,1944,0,1782359312.553662,0.0020132064819335938
79482,normal,204,0,1782359312.5556538,0.001991748809814453
79483,normal,1148,0,1782359312.557641,0.0019872188568115234
79484,normal,828,2,1782359312.559661,0.0020198822021484375
79485,normal,2946,0,1782359312.5616553,0.0019943714141845703
79486,normal,1906,0,1782359312.5636988,0.002043485641479492
79487,normal,921,2,1782359312.565695,0.001996278762817383
79488,normal,2468,0,1782359312.5676236,0.001928567886352539
79489,normal,2349,0,1782359312.5699334,0.0023097991943359375
79490,normal,262,0,1782359312.571618,0.0016846656799316406
79491,normal,881,2,1782359312.5736516,0.0020334720611572266
79492,normal,2939,0,1782359312.5756216,0.001970052719116211
79493,normal,1917,0,1782359312.5776875,0.002065896987915039
79494,normal,316,0,1782359312.5795712,0.0018837451934814453
79495,normal,1137,0,1782359312.581689,0.002117633819580078
79496,normal,110,0,1782359312.5836887,0.0019998550415039062
79497,normal,1464,0,1782359312.5855765,0.0018877983093261719
79498,normal,1855,0,1782359312.587606,0.0020294189453125
79499,normal,1572,0,1782359312.589661,0.002054929733276367
79500,normal,2145,0,1782359312.5915728,0.0019118785858154297
79501,normal,2382,0,1782359312.5936606,0.002087831497192383
79502,normal,85,0,1782359312.5956604,0.0019998550415039062
79503,normal,1907,0,1782359312.597653,0.001992464065551758
79504,normal,3645,0,1782359312.5996466,0.0019936561584472656
79505,normal,2780,0,1782359312.6016796,0.0020329952239990234
79506,normal,1745,0,1782359312.6036477,0.0019681453704833984
79507,normal,3516,0,1782359312.6056507,0.0020029544830322266
79508,normal,1052,0,1782359312.6076617,0.0020110607147216797
79509,normal,2039,0,1782359312.6096497,0.001987934112548828
79510,normal,3704,0,1782359312.6116471,0.0019974708557128906
79511,normal,2092,0,1782359312.6136584,0.0020112991333007812
79512,normal,366,0,1782359312.6156485,0.001990079879760742
79513,normal,826,2,1782359312.6177,0.0020515918731689453
79514,normal,3157,1,1782359312.619921,0.0022208690643310547
79515,normal,1623,0,1782359312.6216204,0.0016994476318359375
79516,normal,2557,0,1782359312.6236808,0.002060413360595703
79517,normal,989,2,1782359312.625684,0.002003192901611328
79518,normal,2721,0,1782359312.6275783,0.001894235610961914
79519,normal,437,0,1782359312.6296942,0.002115964889526367
79520,normal,2065,0,1782359312.6316917,0.0019974708557128906
79521,normal,1510,0,1782359312.6335745,0.001882791519165039
79522,normal,824,2,1782359312.6356504,0.0020759105682373047
79523,normal,1991,0,1782359312.6376863,0.002035856246948242
79524,normal,3458,0,1782359312.639636,0.0019497871398925781
79525,normal,3617,0,1782359312.64161,0.001973867416381836
79526,normal,3054,1,1782359312.6436882,0.0020782947540283203
79527,normal,2680,0,1782359312.6455877,0.0018994808197021484
79528,normal,1333,1,1782359312.6476939,0.002106189727783203
79529,normal,758,0,1782359312.6496851,0.00199127197265625
79530,normal,49,0,1782359312.651659,0.001973867416381836
79531,normal,224,0,1782359312.6536477,0.001988649368286133
79532,normal,281,0,1782359312.6556833,0.0020356178283691406
79533,normal,818,2,1782359312.6576543,0.001971006393432617
79534,normal,3061,1,1782359312.6596532,0.0019989013671875
79535,normal,358,0,1782359312.6616838,0.002030611038208008
79536,normal,800,2,1782359312.6636267,0.0019428730010986328
79537,normal,3224,1,1782359312.6656437,0.0020170211791992188
79538,normal,1683,0,1782359312.667701,0.002057313919067383
79539,normal,1847,0,1782359312.6696177,0.001916646957397461
79540,normal,2853,0,1782359312.6716995,0.0020818710327148438
79541,normal,3592,0,1782359312.673684,0.0019843578338623047
79542,normal,2873,0,1782359312.675573,0.0018892288208007812
79543,normal,1618,0,1782359312.6776896,0.0021164417266845703
79544,normal,3000,0,1782359312.6796932,0.0020036697387695312
79545,normal,3433,0,1782359312.6815724,0.0018792152404785156
79546,normal,1611,0,1782359312.6836889,0.0021164417266845703
79547,normal,46,0,1782359312.686436,0.002747058868408203
79548,normal,2243,0,1782359312.6877067,0.0012707710266113281
79549,normal,3365,1,1782359312.6896515,0.0019447803497314453
79550,normal,2580,0,1782359312.691719,0.00206756591796875
79551,normal,1734,0,1782359312.6935768,0.001857757568359375
79552,normal,893,2,1782359312.6956208,0.0020439624786376953
79553,normal,364,0,1782359312.6977012,0.0020804405212402344
79554,normal,1365,1,1782359312.6995764,0.001875162124633789
79555,normal,695,0,1782359312.7016387,0.0020623207092285156
79556,normal,1343,1,1782359312.7036958,0.0020570755004882812
79557,normal,1822,0,1782359312.7056365,0.0019407272338867188
79558,normal,3132,1,1782359312.7076287,0.0019922256469726562
79559,normal,3097,1,1782359312.709687,0.002058267593383789
79560,normal,1455,0,1782359312.7115774,0.001890420913696289
79561,normal,699,0,1782359312.713691,0.0021135807037353516
79562,normal,2393,0,1782359312.715691,0.002000093460083008
79563,normal,3271,1,1782359312.717653,0.001961946487426758
79564,normal,2958,0,1782359312.7196496,0.0019965171813964844
79565,normal,3683,0,1782359312.7216816,0.002032041549682617
79566,normal,175,0,1782359312.723661,0.001979351043701172
79567,normal,998,2,1782359312.7256453,0.0019843578338623047
79568,normal,2414,0,1782359312.727722,0.0020766258239746094
79569,normal,2787,0,1782359312.729744,0.0020220279693603516
79570,normal,2467,0,1782359312.7317042,0.001960277557373047
79571,normal,1026,2,1782359312.7336953,0.0019910335540771484
79572,normal,810,2,1782359312.7364569,0.0027616024017333984
79573,normal,136,0,1782359312.7376463,0.0011894702911376953
79574,normal,1120,0,1782359312.739706,0.0020596981048583984
79575,normal,3700,0,1782359312.7415829,0.0018768310546875
79576,normal,2273,0,1782359312.743692,0.002109050750732422
79577,normal,999,2,1782359312.7456875,0.001995563507080078
79578,normal,890,2,1782359312.7475736,0.001886129379272461
79579,normal,2247,0,1782359312.7496912,0.002117633819580078
79580,normal,1418,0,1782359312.7516944,0.002003192901611328
79581,normal,1423,0,1782359312.7535732,0.0018787384033203125
79582,normal,1108,0,1782359312.755697,0.0021238327026367188
79583,normal,555,0,1782359312.7576842,0.0019872188568115234
79584,normal,3565,0,1782359312.7596395,0.001955270767211914
79585,normal,2581,0,1782359312.7616107,0.0019712448120117188
79586,normal,138,0,1782359312.7637017,0.002090930938720703
79587,normal,371,0,1782359312.7656581,0.001956462860107422
79588,normal,3668,0,1782359312.7676468,0.001988649368286133
79589,normal,139,0,1782359312.7697144,0.00206756591796875
79590,normal,3081,1,1782359312.7716215,0.0019071102142333984
79591,normal,1733,0,1782359312.773686,0.0020644664764404297
79592,normal,1565,0,1782359312.7757149,0.002028942108154297
79593,normal,2352,0,1782359312.777656,0.0019412040710449219
79594,normal,2488,0,1782359312.7797,0.0020439624786376953
79595,normal,1657,0,1782359312.781703,0.0020029544830322266
79596,normal,495,0,1782359312.7836206,0.0019176006317138672
79597,normal,116,0,1782359312.7864783,0.002857685089111328
79598,normal,1156,0,1782359312.7876258,0.0011475086212158203
79599,normal,1705,0,1782359312.7896547,0.002028942108154297
79600,normal,3593,0,1782359312.7916563,0.002001523971557617
79601,normal,1267,0,1782359312.793617,0.00196075439453125
79602,normal,3258,1,1782359312.7955844,0.0019674301147460938
79603,normal,3666,0,1782359312.7977178,0.0021333694458007812
79604,normal,815,2,1782359312.7996936,0.0019757747650146484
79605,normal,210,0,1782359312.8015788,0.0018851757049560547
79606,normal,3182,1,1782359312.8036222,0.002043485641479492
79607,normal,1893,0,1782359312.8056877,0.002065420150756836
79608,normal,3281,1,1782359312.8076224,0.0019347667694091797
79609,normal,1034,0,1782359312.8096955,0.002073049545288086
79610,normal,2148,0,1782359312.8118868,0.002191305160522461
79611,normal,2197,0,1782359312.813629,0.0017421245574951172
79612,normal,3163,1,1782359312.8159328,0.0023038387298583984
79613,normal,2600,0,1782359312.8178127,0.0018799304962158203
79614,normal,3372,1,1782359312.8197596,0.0019469261169433594
79615,normal,1275,0,1782359312.8218818,0.002122163772583008
79616,normal,1206,0,1782359312.8237164,0.0018346309661865234
79617,normal,189,0,1782359312.8259237,0.0022072792053222656
79618,normal,488,0,1782359312.8278332,0.001909494400024414
79619,normal,916,2,1782359312.8297102,0.0018770694732666016
79620,normal,3657,0,1782359312.8316958,0.0019855499267578125
79621,normal,944,2,1782359312.8336594,0.0019636154174804688
79622,normal,2120,0,1782359312.8356898,0.0020303726196289062
79623,normal,485,0,1782359312.837631,0.0019412040710449219
79624,normal,2337,0,1782359312.8396497,0.0020186901092529297
79625,normal,1449,0,1782359312.8416157,0.0019659996032714844
79626,normal,2877,0,1782359312.8435826,0.0019669532775878906
79627,normal,1808,0,1782359312.8456178,0.0020351409912109375
79628,normal,2119,0,1782359312.8476143,0.0019965171813964844
79629,normal,1478,0,1782359312.8495805,0.001966238021850586
79630,normal,1763,0,1782359312.851643,0.002062559127807617
79631,normal,2015,0,1782359312.8537424,0.002099275588989258
79632,normal,3625,0,1782359312.8556025,0.0018601417541503906
79633,normal,1204,0,1782359312.8576002,0.001997709274291992
79634,normal,2478,0,1782359312.8596087,0.0020084381103515625
79635,normal,1022,2,1782359312.861601,0.001992464065551758
79636,normal,3063,1,1782359312.8635936,0.001992464065551758
79637,normal,2495,0,1782359312.865596,0.0020024776458740234
79638,normal,990,2,1782359312.8675957,0.0019996166229248047
79639,normal,933,2,1782359312.869582,0.001986265182495117
79640,normal,3642,0,1782359312.8716085,0.0020265579223632812
79641,normal,3377,1,1782359312.8737001,0.002091646194458008
79642,normal,2892,0,1782359312.875705,0.002004861831665039
79643,normal,1805,0,1782359312.8776243,0.0019192695617675781
79644,normal,2599,0,1782359312.8797739,0.0021495819091796875
79645,normal,3407,0,1782359312.8816428,0.0018689632415771484
79646,normal,3187,1,1782359312.8838687,0.0022258758544921875
79647,normal,23,0,1782359312.885688,0.0018193721771240234
79648,normal,768,0,1782359312.887862,0.002173900604248047
79649,normal,3308,1,1782359312.8896832,0.001821279525756836
79650,normal,2915,0,1782359312.8918703,0.002187013626098633
79651,normal,646,0,1782359312.8937478,0.0018775463104248047
79652,normal,3108,1,1782359312.8956892,0.0019414424896240234
79653,normal,2533,0,1782359312.897694,0.002004861831665039
79654,normal,3381,1,1782359312.8996396,0.00194549560546875
79655,normal,3160,1,1782359312.90165,0.002010345458984375
79656,normal,1588,0,1782359312.9037132,0.002063274383544922
79657,normal,915,2,1782359312.905614,0.0019006729125976562
79658,normal,1592,0,1782359312.9076295,0.0020155906677246094
79659,normal,480,0,1782359312.9095926,0.0019631385803222656
79660,normal,3095,1,1782359312.9115925,0.0019998550415039062
79661,normal,3568,0,1782359312.913593,0.002000570297241211
79662,normal,3572,0,1782359312.9155903,0.001997232437133789
79663,normal,722,0,1782359312.9176097,0.0020194053649902344
79664,normal,1395,0,1782359312.9195838,0.0019741058349609375
79665,normal,575,0,1782359312.9215932,0.0020093917846679688
79666,normal,2296,0,1782359312.9236102,0.0020170211791992188
79667,normal,3127,1,1782359312.925851,0.002240896224975586
79668,normal,2063,0,1782359312.9276485,0.0017974376678466797
79669,normal,1641,0,1782359312.9298358,0.0021872520446777344
79670,normal,930,2,1782359312.9316516,0.0018157958984375
79671,normal,1528,0,1782359312.9338768,0.002225160598754883
79672,normal,2922,0,1782359312.9357126,0.0018358230590820312
79673,normal,1643,0,1782359312.9376886,0.00197601318359375
79674,normal,2179,0,1782359312.939887,0.002198457717895508
79675,normal,863,2,1782359312.9417102,0.0018231868743896484
79676,normal,2152,0,1782359312.9436877,0.0019774436950683594
79677,normal,546,0,1782359312.9458852,0.0021975040435791016
79678,normal,160,0,1782359312.9476929,0.0018076896667480469
79679,normal,3653,0,1782359312.9496343,0.0019414424896240234
79680,normal,2480,0,1782359312.9516492,0.0020148754119873047
79681,normal,2499,0,1782359312.9536304,0.0019812583923339844
79682,normal,589,0,1782359312.9556313,0.0020008087158203125
79683,normal,63,0,1782359312.9576373,0.002006053924560547
79684,normal,1539,0,1782359312.959606,0.0019686222076416016
79685,normal,799,2,1782359312.9615965,0.0019905567169189453
79686,normal,886,2,1782359312.9635959,0.001999378204345703
79687,normal,1465,0,1782359312.9655924,0.0019965171813964844
79688,normal,1739,0,1782359312.9675965,0.0020041465759277344
79689,normal,1068,0,1782359312.9703162,0.0027196407318115234
79690,normal,3517,0,1782359312.971577,0.0012607574462890625
79691,normal,1217,0,1782359312.9735942,0.0020172595977783203
79692,normal,3524,0,1782359312.9756079,0.002013683319091797
79693,normal,1399,0,1782359312.9775949,0.001986980438232422
79694,normal,1277,0,1782359312.979597,0.002002239227294922
79695,normal,2457,0,1782359312.9815986,0.002001523971557617
79696,normal,2444,0,1782359312.983595,0.001996278762817383
79697,normal,573,0,1782359312.9855897,0.0019948482513427734
79698,normal,3439,0,1782359312.9876223,0.0020325183868408203
79699,normal,2766,0,1782359312.98961,0.0019876956939697266
79700,normal,288,0,1782359312.991862,0.0022521018981933594
79701,normal,2221,0,1782359312.9935808,0.001718759536743164
79702,normal,3676,0,1782359312.9958382,0.0022573471069335938
79703,normal,440,0,1782359312.9976392,0.0018010139465332031
79704,normal,477,0,1782359312.999936,0.002296924591064453
79705,normal,2509,0,1782359313.0017495,0.0018134117126464844
79706,normal,3588,0,1782359313.0036895,0.001940011978149414
79707,normal,182,0,1782359313.005953,0.0022635459899902344
79708,normal,2936,0,1782359313.0077083,0.0017552375793457031
79709,normal,1637,0,1782359313.0096877,0.001979351043701172
79710,normal,3261,1,1782359313.0119326,0.0022449493408203125
79711,normal,562,0,1782359313.0137947,0.0018620491027832031
79712,normal,793,2,1782359313.015645,0.0018503665924072266
79713,normal,3528,0,1782359313.0176296,0.0019845962524414062
79714,normal,3601,0,1782359313.0196402,0.0020105838775634766
79715,normal,1483,0,1782359313.021626,0.001985788345336914
79716,normal,2434,0,1782359313.02361,0.001984119415283203
79717,normal,2078,0,1782359313.0255952,0.0019850730895996094
79718,normal,89,0,1782359313.027595,0.0019998550415039062
79719,normal,1940,0,1782359313.0295959,0.0020008087158203125
79720,normal,1060,0,1782359313.0315952,0.001999378204345703
79721,normal,310,0,1782359313.0335917,0.0019965171813964844
79722,normal,563,0,1782359313.0366385,0.003046751022338867
79723,normal,1558,0,1782359313.0376391,0.0010006427764892578
79724,normal,2425,0,1782359313.0396268,0.0019876956939697266
79725,normal,2753,0,1782359313.0416248,0.0019979476928710938
79726,normal,3675,0,1782359313.0436578,0.0020329952239990234
79727,normal,1448,0,1782359313.0456884,0.002030611038208008
79728,normal,1963,0,1782359313.047582,0.0018935203552246094
79729,normal,2491,0,1782359313.0497148,0.002132892608642578
79730,normal,3536,0,1782359313.051717,0.002002239227294922
79731,normal,2570,0,1782359313.0535872,0.0018701553344726562
79732,normal,2308,0,1782359313.0557003,0.0021131038665771484
79733,normal,3038,0,1782359313.0577013,0.002001047134399414
79734,normal,28,0,1782359313.0595815,0.0018801689147949219
79735,normal,2315,0,1782359313.061711,0.0021295547485351562
79736,normal,252,0,1782359313.0637002,0.001989126205444336
79737,normal,2960,0,1782359313.06562,0.0019197463989257812
79738,normal,3030,0,1782359313.0676937,0.0020737648010253906
79739,normal,2012,0,1782359313.069703,0.0020093917846679688
79740,normal,2076,0,1782359313.0716283,0.0019252300262451172
79741,normal,825,2,1782359313.0737119,0.0020835399627685547
79742,normal,787,2,1782359313.0756884,0.001976490020751953
79743,normal,3010,0,1782359313.0776951,0.0020067691802978516
79744,normal,1576,0,1782359313.0797064,0.0020112991333007812
79745,normal,1021,2,1782359313.0817301,0.0020236968994140625
79746,normal,3088,1,1782359313.0836291,0.0018990039825439453
79747,normal,2511,0,1782359313.0864208,0.0027916431427001953
79748,normal,2983,0,1782359313.0876324,0.0012116432189941406
79749,normal,3698,0,1782359313.0896535,0.0020210742950439453
79750,normal,2913,0,1782359313.09165,0.0019965171813964844
79751,normal,2379,0,1782359313.0936406,0.0019905567169189453
79752,normal,1237,0,1782359313.0955846,0.0019440650939941406
79753,normal,517,0,1782359313.0976584,0.0020737648010253906
79754,normal,1960,0,1782359313.099647,0.001988649368286133
79755,normal,3201,1,1782359313.1015902,0.0019431114196777344
79756,normal,156,0,1782359313.1035843,0.0019941329956054688
79757,normal,2752,0,1782359313.1056376,0.0020532608032226562
79758,normal,2068,0,1782359313.1075835,0.0019459724426269531
79759,normal,1177,0,1782359313.109637,0.002053499221801758
79760,normal,2458,0,1782359313.1116436,0.00200653076171875
79761,normal,645,0,1782359313.113634,0.0019905567169189453
79762,normal,1823,0,1782359313.1156166,0.001982450485229492
79763,normal,803,2,1782359313.117651,0.002034425735473633
79764,normal,2256,0,1782359313.119637,0.0019860267639160156
79765,normal,1730,0,1782359313.1216137,0.0019767284393310547
79766,normal,1673,0,1782359313.1236403,0.0020265579223632812
79767,normal,3612,0,1782359313.1256514,0.0020110607147216797
79768,normal,2258,0,1782359313.1276155,0.001964092254638672
79769,normal,2171,0,1782359313.129641,0.002025604248046875
79770,normal,3202,1,1782359313.1316562,0.0020151138305664062
79771,normal,253,0,1782359313.1336179,0.0019617080688476562
79772,normal,2737,0,1782359313.1356478,0.002029895782470703
79773,normal,2734,0,1782359313.1376202,0.0019724369049072266
79774,normal,1396,0,1782359313.1396313,0.0020110607147216797
79775,normal,2544,0,1782359313.1416388,0.0020074844360351562
79776,normal,1848,0,1782359313.1435854,0.0019466876983642578
79777,normal,1922,0,1782359313.1456463,0.0020608901977539062
79778,normal,2668,0,1782359313.1476438,0.0019974708557128906
79779,normal,1703,0,1782359313.149585,0.0019412040710449219
79780,normal,2735,0,1782359313.1516514,0.002066373825073242
79781,normal,1168,0,1782359313.153913,0.002261638641357422
79782,normal,2222,0,1782359313.1556466,0.001733541488647461
79783,normal,39,0,1782359313.1577065,0.0020599365234375
79784,normal,3210,1,1782359313.159651,0.0019445419311523438
79785,normal,3473,0,1782359313.1615868,0.001935720443725586
79786,normal,1871,0,1782359313.1636522,0.002065420150756836
79787,normal,3266,1,1782359313.1657104,0.002058267593383789
79788,normal,4,0,1782359313.167602,0.0018916130065917969
79789,normal,1073,0,1782359313.1696806,0.002078533172607422
79790,normal,1760,0,1782359313.1716967,0.0020160675048828125
79791,normal,2994,0,1782359313.1736007,0.0019040107727050781
79792,normal,3029,0,1782359313.1756914,0.0020906925201416016
79793,normal,2886,0,1782359313.1776943,0.0020029544830322266
79794,normal,140,0,1782359313.179596,0.0019016265869140625
79795,normal,1968,0,1782359313.181692,0.002095937728881836
79796,normal,3530,0,1782359313.1836886,0.001996755599975586
79797,normal,2193,0,1782359313.1856358,0.001947164535522461
79798,normal,1969,0,1782359313.1876357,0.0019998550415039062
79799,normal,1642,0,1782359313.1896865,0.0020508766174316406
79800,normal,309,0,1782359313.1917024,0.002015829086303711
79801,normal,1477,0,1782359313.193662,0.001959562301635742
79802,normal,27,0,1782359313.195702,0.0020401477813720703
79803,normal,1356,1,1782359313.197644,0.0019419193267822266
79804,normal,792,2,1782359313.199634,0.001990079879760742
79805,normal,2100,0,1782359313.201713,0.002079010009765625
79806,normal,406,0,1782359313.2036345,0.0019214153289794922
79807,normal,605,0,1782359313.2056777,0.0020432472229003906
79808,normal,3441,0,1782359313.207699,0.002021312713623047
79809,normal,3585,0,1782359313.209609,0.0019099712371826172
79810,normal,1309,0,1782359313.2116203,0.0020112991333007812
79811,normal,2731,0,1782359313.2137005,0.002080202102661133
79812,normal,1179,0,1782359313.2155955,0.0018949508666992188
79813,normal,1767,0,1782359313.2176073,0.0020117759704589844
79814,normal,3120,1,1782359313.2204044,0.0027971267700195312
79815,normal,2433,0,1782359313.2217016,0.0012972354888916016
79816,normal,1653,0,1782359313.2236147,0.0019130706787109375
79817,normal,850,2,1782359313.2257385,0.0021238327026367188
79818,normal,2847,0,1782359313.2275832,0.001844644546508789
79819,normal,1291,0,1782359313.229683,0.002099752426147461
79820,normal,1742,0,1782359313.2317197,0.0020368099212646484
79821,normal,1608,0,1782359313.233597,0.0018773078918457031
79822,normal,2136,0,1782359313.2357109,0.002113819122314453
79823,normal,2397,0,1782359313.2377088,0.0019979476928710938
79824,normal,3106,1,1782359313.2395935,0.0018846988677978516
79825,normal,154,0,1782359313.2417507,0.0021572113037109375
79826,normal,1943,0,1782359313.2436128,0.0018620491027832031
79827,normal,3225,1,1782359313.2456367,0.002023935317993164
79828,normal,2347,0,1782359313.2477283,0.002091646194458008
79829,normal,3562,0,1782359313.249715,0.0019867420196533203
79830,normal,3699,0,1782359313.2516458,0.0019307136535644531
79831,normal,821,2,1782359313.2537246,0.0020787715911865234
79832,normal,36,0,1782359313.255706,0.001981496810913086
79833,normal,2319,0,1782359313.2576442,0.0019381046295166016
79834,normal,950,2,1782359313.2597325,0.002088308334350586
79835,normal,1321,1,1782359313.261703,0.001970529556274414
79836,normal,3307,1,1782359313.2636323,0.0019292831420898438
79837,normal,2782,0,1782359313.2657008,0.0020685195922851562
79838,normal,1029,2,1782359313.2676995,0.0019986629486083984
79839,normal,3447,0,1782359313.2696924,0.001992940902709961
79840,normal,2567,0,1782359313.27165,0.0019576549530029297
79841,normal,3346,1,1782359313.2737079,0.002057790756225586
79842,normal,1027,2,1782359313.2755919,0.0018839836120605469
79843,normal,2867,0,1782359313.2776399,0.002048015594482422
79844,normal,320,0,1782359313.2797031,0.002063274383544922
79845,normal,3506,0,1782359313.281592,0.0018887519836425781
79846,normal,2613,0,1782359313.2836347,0.0020427703857421875
79847,normal,1834,0,1782359313.2865796,0.0029449462890625
79848,normal,1553,0,1782359313.2876964,0.0011167526245117188
79849,normal,67,0,1782359313.2895901,0.001893758773803711
79850,normal,41,0,1782359313.2916496,0.002059459686279297
79851,normal,1253,0,1782359313.2935903,0.0019407272338867188
79852,normal,2917,0,1782359313.295649,0.002058744430541992
79853,normal,3533,0,1782359313.2976491,0.002000093460083008
79854,normal,2205,0,1782359313.2995887,0.001939535140991211
79855,normal,2836,0,1782359313.3016567,0.002068042755126953
79856,normal,3133,1,1782359313.3036501,0.001993417739868164
79857,normal,431,0,1782359313.305699,0.002048969268798828
79858,normal,2862,0,1782359313.307626,0.0019268989562988281
79859,normal,3222,1,1782359313.3097,0.002074003219604492
79860,normal,3360,1,1782359313.3115675,0.001867532730102539
79861,normal,1795,0,1782359313.3136976,0.0021300315856933594
79862,normal,2728,0,1782359313.3157191,0.0020215511322021484
79863,normal,1368,1,1782359313.3176856,0.0019664764404296875
79864,normal,2902,0,1782359313.3196874,0.0020017623901367188
79865,normal,2340,0,1782359313.3216977,0.002010345458984375
79866,normal,2823,0,1782359313.323688,0.0019903182983398438
79867,normal,2525,0,1782359313.325685,0.0019969940185546875
79868,normal,911,2,1782359313.327706,0.0020210742950439453
79869,normal,470,0,1782359313.3296282,0.0019221305847167969
79870,normal,1747,0,1782359313.3317146,0.0020864009857177734
79871,normal,2361,0,1782359313.33372,0.002005338668823242
79872,normal,13,0,1782359313.3356311,0.001911163330078125
79873,normal,1708,0,1782359313.3377087,0.0020775794982910156
79874,normal,1419,0,1782359313.3397129,0.0020041465759277344
79875,normal,1272,0,1782359313.341588,0.001875162124633789
79876,normal,3438,0,1782359313.343706,0.0021178722381591797
79877,normal,763,0,1782359313.345704,0.0019981861114501953
79878,normal,3330,1,1782359313.3475797,0.0018756389617919922
79879,normal,2820,0,1782359313.3496358,0.002056121826171875
79880,normal,3667,0,1782359313.351628,0.0019922256469726562
79881,normal,1798,0,1782359313.3541584,0.002530336380004883
79882,normal,214,0,1782359313.35557,0.0014116764068603516
79883,normal,2124,0,1782359313.3576493,0.0020792484283447266
79884,normal,3046,1,1782359313.3595896,0.0019402503967285156
79885,normal,390,0,1782359313.3616922,0.0021026134490966797
79886,normal,119,0,1782359313.3636556,0.001963376998901367
79887,normal,248,0,1782359313.3656042,0.0019485950469970703
79888,normal,1807,0,1782359313.3676524,0.0020482540130615234
79889,normal,279,0,1782359313.3695898,0.0019373893737792969
79890,normal,2815,0,1782359313.3715892,0.001999378204345703
79891,normal,1025,2,1782359313.3736463,0.0020570755004882812
79892,normal,1631,0,1782359313.3756454,0.0019991397857666016
79893,normal,510,0,1782359313.377586,0.0019404888153076172
79894,normal,2812,0,1782359313.3796437,0.002057790756225586
79895,normal,1879,0,1782359313.3816388,0.001995086669921875
79896,normal,1407,0,1782359313.383618,0.001979351043701172
79897,normal,946,2,1782359313.3856153,0.001997232437133789
79898,normal,3363,1,1782359313.387639,0.0020236968994140625
79899,normal,1924,0,1782359313.3896172,0.001978158950805664
79900,normal,2831,0,1782359313.3916416,0.002024412155151367
79901,normal,1832,0,1782359313.3936527,0.0020110607147216797
79902,normal,250,0,1782359313.3956149,0.0019621849060058594
79903,normal,1777,0,1782359313.3976445,0.0020296573638916016
79904,normal,2811,0,1782359313.3996515,0.002007007598876953
79905,normal,2962,0,1782359313.401617,0.0019655227661132812
79906,normal,2968,0,1782359313.403635,0.002017974853515625
79907,normal,2373,0,1782359313.4056852,0.002050161361694336
79908,normal,2234,0,1782359313.407602,0.0019168853759765625
79909,normal,1466,0,1782359313.4096518,0.002049684524536133
79910,normal,1661,0,1782359313.4116466,0.0019948482513427734
79911,normal,3164,1,1782359313.413587,0.0019404888153076172
79912,normal,1625,0,1782359313.415645,0.002057790756225586
79913,normal,506,0,1782359313.417641,0.0019960403442382812
79914,normal,3226,1,1782359313.420369,0.002727985382080078
79915,normal,1987,0,1782359313.4215689,0.001199960708618164
79916,normal,737,0,1782359313.4239378,0.002368927001953125
79917,normal,1300,0,1782359313.4257445,0.0018067359924316406
79918,normal,2564,0,1782359313.427837,0.0020923614501953125
79919,normal,2461,0,1782359313.4298027,0.001965761184692383
79920,normal,1354,1,1782359313.4316254,0.0018227100372314453
79921,normal,1586,0,1782359313.4337094,0.002084016799926758
79922,normal,1469,0,1782359313.4358354,0.002125978469848633
79923,normal,225,0,1782359313.4376922,0.0018568038940429688
79924,normal,1536,0,1782359313.4398654,0.002173185348510742
79925,normal,3004,0,1782359313.441694,0.0018286705017089844
79926,normal,2514,0,1782359313.443812,0.0021178722381591797
79927,normal,413,0,1782359313.4457817,0.0019698143005371094
79928,normal,1883,0,1782359313.447842,0.0020601749420166016
79929,normal,2553,0,1782359313.4498057,0.0019638538360595703
79930,normal,3402,0,1782359313.451958,0.0021522045135498047
79931,normal,3078,1,1782359313.4536822,0.0017242431640625
79932,normal,301,0,1782359313.4558377,0.0021555423736572266
79933,normal,325,0,1782359313.4577985,0.00196075439453125
79934,normal,1,0,1782359313.4597266,0.001928091049194336
79935,normal,429,0,1782359313.461814,0.0020873546600341797
79936,normal,2239,0,1782359313.4639645,0.0021505355834960938
79937,normal,2185,0,1782359313.4656765,0.0017120838165283203
79938,normal,598,0,1782359313.4678204,0.00214385986328125
79939,normal,3269,1,1782359313.4698043,0.0019838809967041016
79940,normal,520,0,1782359313.4717507,0.0019464492797851562
79941,normal,2069,0,1782359313.4738064,0.002055644989013672
79942,normal,516,0,1782359313.4757433,0.0019369125366210938
79943,normal,94,0,1782359313.4777045,0.001961231231689453
79944,normal,368,0,1782359313.4798946,0.002190113067626953
79945,normal,1357,1,1782359313.481969,0.0020744800567626953
79946,normal,2789,0,1782359313.4839165,0.0019474029541015625
79947,normal,1076,0,1782359313.4859402,0.0020236968994140625
79948,normal,2446,0,1782359313.4878733,0.0019330978393554688
79949,normal,1293,0,1782359313.489682,0.0018086433410644531
79950,normal,2432,0,1782359313.4918425,0.0021605491638183594
79951,normal,1053,0,1782359313.4938054,0.001962900161743164
79952,normal,3212,1,1782359313.4957368,0.0019314289093017578
79953,normal,465,0,1782359313.4976506,0.0019137859344482422
79954,normal,1775,0,1782359313.4997394,0.002088785171508789
79955,normal,1621,0,1782359313.501723,0.001983642578125
79956,normal,714,0,1782359313.5038285,0.0021054744720458984
79957,normal,1962,0,1782359313.5057116,0.0018830299377441406
79958,normal,941,2,1782359313.5077236,0.002012014389038086
79959,normal,2033,0,1782359313.5096176,0.0018939971923828125
79960,normal,2638,0,1782359313.5116515,0.0020339488983154297
79961,normal,1214,0,1782359313.5136433,0.001991748809814453
79962,normal,2703,0,1782359313.5156884,0.002045154571533203
79963,normal,1425,0,1782359313.517683,0.001994609832763672
79964,normal,1249,0,1782359313.5196435,0.0019605159759521484
79965,normal,3158,1,1782359313.5217638,0.0021202564239501953
79966,normal,239,0,1782359313.523594,0.0018301010131835938
79967,normal,3547,0,1782359313.5256524,0.0020585060119628906
79968,normal,1589,0,1782359313.527648,0.001995563507080078
79969,normal,1626,0,1782359313.5296512,0.002003192901611328
79970,normal,1188,0,1782359313.531813,0.002161741256713867
79971,normal,2547,0,1782359313.5336251,0.0018122196197509766
79972,normal,1591,0,1782359313.5360239,0.0023987293243408203
79973,normal,2905,0,1782359313.5376816,0.001657724380493164
79974,normal,2355,0,1782359313.5398011,0.0021195411682128906
79975,normal,2661,0,1782359313.5418088,0.002007722854614258
79976,normal,1072,0,1782359313.5436797,0.001870870590209961
79977,normal,2151,0,1782359313.5456476,0.001967906951904297
79978,normal,2354,0,1782359313.5476077,0.0019600391387939453
79979,normal,3583,0,1782359313.549761,0.0021533966064453125
79980,normal,1054,0,1782359313.5517182,0.0019571781158447266
79981,normal,2183,0,1782359313.5538096,0.0020914077758789062
79982,normal,302,0,1782359313.5556443,0.0018346309661865234
79983,normal,2930,0,1782359313.5578723,0.0022280216217041016
79984,normal,1136,0,1782359313.5596943,0.0018219947814941406
79985,normal,3123,1,1782359313.5616992,0.002004861831665039
79986,normal,2191,0,1782359313.563613,0.0019137859344482422
79987,normal,1614,0,1782359313.5657399,0.002126932144165039
79988,normal,2705,0,1782359313.567646,0.0019061565399169922
79989,normal,1830,0,1782359313.569962,0.002315998077392578
79990,normal,198,0,1782359313.5716412,0.0016791820526123047
79991,normal,2475,0,1782359313.573564,0.0019228458404541016
79992,normal,804,2,1782359313.5756104,0.002046346664428711
79993,normal,1961,0,1782359313.5777178,0.002107381820678711
79994,normal,2159,0,1782359313.5796242,0.0019063949584960938
79995,normal,771,0,1782359313.581797,0.002172708511352539
79996,normal,1859,0,1782359313.5836396,0.0018427371978759766
79997,normal,2771,0,1782359313.585766,0.002126455307006836
79998,normal,1630,0,1782359313.5880065,0.002240419387817383
79999,normal,627,0,1782359313.5898042,0.0017976760864257812
80000,normal,196,0,1782359313.591643,0.0018389225006103516
80001,normal,1413,0,1782359313.5937018,0.002058744430541992
80002,normal,887,2,1782359313.595744,0.002042055130004883
80003,normal,69,0,1782359313.5976012,0.0018572807312011719
80004,normal,675,0,1782359313.599951,0.002349853515625
80005,normal,2473,0,1782359313.601708,0.001756906509399414
80006,normal,2329,0,1782359313.6038296,0.0021216869354248047
80007,normal,1102,0,1782359313.6055844,0.0017547607421875
80008,normal,761,0,1782359313.6076365,0.0020520687103271484
80009,normal,2017,0,1782359313.609802,0.002165555953979492
80010,normal,3600,0,1782359313.6116617,0.0018596649169921875
80011,normal,1390,0,1782359313.6137953,0.002133607864379883
80012,normal,2057,0,1782359313.6156313,0.0018360614776611328
80013,normal,438,0,1782359313.6177175,0.002086162567138672
80014,normal,2707,0,1782359313.6196823,0.0019648075103759766
80015,normal,1140,0,1782359313.6216376,0.001955270767211914
80016,normal,3179,1,1782359313.623613,0.001975536346435547
80017,normal,1719,0,1782359313.625844,0.0022308826446533203
80018,normal,3468,0,1782359313.6278517,0.002007722854614258
80019,normal,2309,0,1782359313.629711,0.0018591880798339844
80020,normal,2411,0,1782359313.6316018,0.0018908977508544922
80021,normal,97,0,1782359313.6336975,0.0020956993103027344
80022,normal,3660,0,1782359313.6357217,0.0020241737365722656
80023,normal,3144,1,1782359313.63797,0.0022482872009277344
80024,normal,1087,0,1782359313.639748,0.0017781257629394531
80025,normal,3315,1,1782359313.6418226,0.0020744800567626953
80026,normal,2628,0,1782359313.643692,0.0018694400787353516
80027,normal,3511,0,1782359313.6459587,0.0022666454315185547
80028,normal,3136,1,1782359313.6479464,0.0019876956939697266
80029,normal,118,0,1782359313.6496801,0.0017337799072265625
80030,normal,1812,0,1782359313.6516268,0.0019466876983642578
80031,normal,3033,0,1782359313.653631,0.0020041465759277344
80032,normal,664,0,1782359313.655647,0.0020160675048828125
80033,normal,685,0,1782359313.6576376,0.0019905567169189453
80034,normal,117,0,1782359313.6596386,0.002001047134399414
80035,normal,783,2,1782359313.6616237,0.0019850730895996094
80036,normal,901,2,1782359313.6636608,0.00203704833984375
80037,normal,3556,0,1782359313.6657023,0.0020415782928466797
80038,normal,3508,0,1782359313.6677299,0.0020275115966796875
80039,normal,1993,0,1782359313.669724,0.0019941329956054688
80040,normal,638,0,1782359313.6716287,0.0019047260284423828
80041,normal,2170,0,1782359313.6736944,0.0020656585693359375
80042,normal,3394,1,1782359313.6756907,0.001996278762817383
80043,normal,836,2,1782359313.6777406,0.0020499229431152344
80044,normal,1909,0,1782359313.6796534,0.001912832260131836
80045,normal,1352,1,1782359313.6816463,0.001992940902709961
80046,normal,972,2,1782359313.6836321,0.001985788345336914
80047,normal,2378,0,1782359313.6856391,0.002007007598876953
80048,normal,141,0,1782359313.6876125,0.001973390579223633
80049,normal,1074,0,1782359313.6896477,0.0020351409912109375
80050,normal,3,0,1782359313.691692,0.0020444393157958984
80051,normal,1221,0,1782359313.6936455,0.0019533634185791016
80052,normal,2616,0,1782359313.695721,0.0020754337310791016
80053,normal,545,0,1782359313.6976252,0.0019042491912841797
80054,normal,372,0,1782359313.69962,0.0019948482513427734
80055,normal,918,2,1782359313.7016208,0.0020008087158203125
80056,normal,507,0,1782359313.7036169,0.0019960403442382812
80057,normal,1895,0,1782359313.70562,0.002003192901611328
80058,normal,2322,0,1782359313.7076883,0.0020682811737060547
80059,normal,688,0,1782359313.7097018,0.0020134449005126953
80060,normal,1522,0,1782359313.711781,0.0020792484283447266
80061,normal,3413,0,1782359313.7136436,0.0018625259399414062
80062,normal,2872,0,1782359313.7156494,0.0020058155059814453
80063,normal,1439,0,1782359313.717734,0.0020847320556640625
80064,normal,337,0,1782359313.720446,0.0027120113372802734
80065,normal,1397,0,1782359313.7216392,0.0011930465698242188
80066,normal,894,2,1782359313.723608,0.001968860626220703
80067,normal,1629,0,1782359313.7255998,0.001991748809814453
80068,normal,620,0,1782359313.7277172,0.0021173954010009766
80069,normal,1066,0,1782359313.7297258,0.002008676528930664
80070,normal,3283,1,1782359313.7316544,0.001928567886352539
80071,normal,3364,1,1782359313.7337081,0.0020537376403808594
80072,normal,917,2,1782359313.7357779,0.002069711685180664
80073,normal,532,0,1782359313.737878,0.002100229263305664
80074,normal,2328,0,1782359313.7396913,0.0018131732940673828
80075,normal,362,0,1782359313.7418218,0.0021305084228515625
80076,normal,3549,0,1782359313.7437384,0.001916646957397461
80077,normal,2498,0,1782359313.7457137,0.0019752979278564453
80078,normal,577,0,1782359313.747602,0.001888275146484375
80079,normal,1751,0,1782359313.7496357,0.002033710479736328
80080,normal,2854,0,1782359313.7516055,0.0019698143005371094
80081,normal,1602,0,1782359313.7538676,0.002262115478515625
80082,normal,401,0,1782359313.7556102,0.0017426013946533203
80083,normal,2667,0,1782359313.7575948,0.0019845962524414062
80084,normal,1595,0,1782359313.7596316,0.0020368099212646484
80085,normal,1891,0,1782359313.7616065,0.001974821090698242
80086,normal,2552,0,1782359313.764106,0.0024995803833007812
80087,normal,1507,0,1782359313.7657845,0.001678466796875
80088,normal,2786,0,1782359313.7678077,0.0020232200622558594
80089,normal,3540,0,1782359313.7697363,0.001928567886352539
80090,normal,2636,0,1782359313.771671,0.0019347667694091797
80091,normal,363,0,1782359313.7736769,0.0020058155059814453
80092,normal,1495,0,1782359313.775868,0.0021910667419433594
80093,normal,3001,0,1782359313.7777016,0.0018336772918701172
80094,normal,920,2,1782359313.7798781,0.002176523208618164
80095,normal,1494,0,1782359313.781778,0.0018999576568603516
80096,normal,3296,1,1782359313.783656,0.0018777847290039062
80097,normal,384,0,1782359313.7857907,0.0021347999572753906
80098,normal,278,0,1782359313.7877743,0.001983642578125
80099,normal,2569,0,1782359313.7896018,0.0018274784088134766
80100,normal,2275,0,1782359313.7917473,0.002145528793334961
80101,normal,3278,1,1782359313.7937741,0.002026796340942383
80102,normal,1084,0,1782359313.795645,0.001870870590209961
80103,normal,3466,0,1782359313.797742,0.002096891403198242
80104,normal,1794,0,1782359313.7997394,0.0019974708557128906
80105,normal,2059,0,1782359313.801623,0.0018837451934814453
80106,normal,782,2,1782359313.8045683,0.0029451847076416016
80107,normal,2318,0,1782359313.8058023,0.0012340545654296875
80108,normal,720,0,1782359313.8077867,0.0019843578338623047
80109,normal,409,0,1782359313.8095992,0.0018124580383300781
80110,normal,3387,1,1782359313.8117816,0.002182483673095703
80111,normal,964,2,1782359313.8137405,0.0019588470458984375
80112,normal,2188,0,1782359313.8155942,0.0018537044525146484
80113,normal,3654,0,1782359313.817725,0.002130746841430664
80114,normal,1722,0,1782359313.8196058,0.0018808841705322266
80115,normal,2246,0,1782359313.8216882,0.002082347869873047
80116,normal,3398,1,1782359313.823642,0.0019538402557373047
80117,normal,3240,1,1782359313.8256326,0.0019905567169189453
80118,normal,3504,0,1782359313.827643,0.002010345458984375
80119,normal,1403,0,1782359313.829652,0.002009153366088867
80120,normal,3167,1,1782359313.8317137,0.002061605453491211
80121,normal,3629,0,1782359313.8336473,0.0019335746765136719
80122,normal,1288,0,1782359313.8358712,0.002223968505859375
80123,normal,3673,0,1782359313.8375897,0.0017185211181640625
80124,normal,1421,0,1782359313.8398266,0.0022368431091308594
80125,normal,681,0,1782359313.8417754,0.0019488334655761719
80126,normal,2520,0,1782359313.8436828,0.0019073486328125
80127,normal,2799,0,1782359313.8457022,0.0020194053649902344
80128,normal,3329,1,1782359313.8476105,0.0019083023071289062
80129,normal,599,0,1782359313.8496435,0.0020329952239990234
80130,normal,2698,0,1782359313.8516593,0.002015829086303711
80131,normal,2501,0,1782359313.8536563,0.0019969940185546875
80132,normal,3403,0,1782359313.8556614,0.0020051002502441406
80133,normal,1727,0,1782359313.8576138,0.0019524097442626953
80134,normal,3211,1,1782359313.8596513,0.002037525177001953
80135,normal,2150,0,1782359313.8617148,0.0020635128021240234
80136,normal,634,0,1782359313.8635943,0.0018794536590576172
80137,normal,2313,0,1782359313.8656573,0.0020630359649658203
80138,normal,2931,0,1782359313.86765,0.0019927024841308594
80139,normal,1370,1,1782359313.8698008,0.0021507740020751953
80140,normal,1628,0,1782359313.8716133,0.0018124580383300781
80141,normal,1898,0,1782359313.8738005,0.0021872520446777344
80142,normal,130,0,1782359313.8757074,0.0019068717956542969
80143,normal,952,2,1782359313.8778934,0.0021860599517822266
80144,normal,1501,0,1782359313.8795974,0.0017039775848388672
80145,normal,37,0,1782359313.8818154,0.002218008041381836
80146,normal,1245,0,1782359313.8836272,0.0018117427825927734
80147,normal,3218,1,1782359313.8858094,0.0021822452545166016
80148,normal,1684,0,1782359313.8880806,0.0022711753845214844
80149,normal,3098,1,1782359313.8895736,0.0014929771423339844
80150,normal,1254,0,1782359313.8916197,0.0020461082458496094
80151,normal,1988,0,1782359313.8936489,0.0020291805267333984
80152,normal,2254,0,1782359313.895711,0.002062082290649414
80153,normal,3259,1,1782359313.8976607,0.0019497871398925781
80154,normal,2014,0,1782359313.899709,0.0020482540130615234
80155,normal,2281,0,1782359313.901644,0.0019350051879882812
80156,normal,1741,0,1782359313.9037926,0.0021486282348632812
80157,normal,129,0,1782359313.905584,0.0017914772033691406
80158,normal,2290,0,1782359313.9077137,0.0021295547485351562
80159,normal,483,0,1782359313.9097497,0.0020360946655273438
80160,normal,2385,0,1782359313.9115934,0.0018436908721923828
80161,normal,3649,0,1782359313.9136195,0.002026081085205078
80162,normal,1755,0,1782359313.9156108,0.00199127197265625
80163,normal,3431,0,1782359313.9176261,0.002015352249145508
80164,normal,3343,1,1782359313.9198337,0.002207517623901367
80165,normal,2195,0,1782359313.9216309,0.0017971992492675781
80166,normal,1806,0,1782359313.9237597,0.0021288394927978516
80167,normal,3194,1,1782359313.9256299,0.0018701553344726562
80168,normal,3650,0,1782359313.9277616,0.0021317005157470703
80169,normal,2013,0,1782359313.9300222,0.0022606849670410156
80170,normal,1075,0,1782359313.931873,0.0018508434295654297
80171,normal,1180,0,1782359313.9337435,0.0018703937530517578
80172,normal,1870,0,1782359313.9356925,0.0019490718841552734
80173,normal,3515,0,1782359313.9377897,0.0020971298217773438
80174,normal,1467,0,1782359313.939656,0.0018663406372070312
80175,normal,65,0,1782359313.9418066,0.0021505355834960938
80176,normal,283,0,1782359313.9438257,0.002019166946411133
80177,normal,2712,0,1782359313.9457297,0.0019040107727050781
80178,normal,2144,0,1782359313.947621,0.0018913745880126953
80179,normal,2487,0,1782359313.9497566,0.0021355152130126953
80180,normal,1598,0,1782359313.9516127,0.001856088638305664
80181,normal,412,0,1782359313.9536357,0.002022981643676758
80182,normal,1797,0,1782359313.9556506,0.0020148754119873047
80183,normal,2153,0,1782359313.9577343,0.0020837783813476562
80184,normal,3543,0,1782359313.9596088,0.0018744468688964844
80185,normal,600,0,1782359313.9618,0.002191305160522461
80186,normal,1869,0,1782359313.9639788,0.002178668975830078
80187,normal,1737,0,1782359313.9662218,0.0022430419921875
80188,normal,3044,0,1782359313.9676178,0.0013959407806396484
80189,normal,3551,0,1782359313.9703856,0.002767801284790039
80190,normal,50,0,1782359313.971635,0.001249551773071289
80191,normal,2583,0,1782359313.9737148,0.0020797252655029297
80192,normal,1663,0,1782359313.9757485,0.002033710479736328
80193,normal,808,2,1782359313.977893,0.0021445751190185547
80194,normal,1655,0,1782359313.9797175,0.0018243789672851562
80195,normal,3462,0,1782359313.981774,0.002056598663330078
80196,normal,3507,0,1782359313.983587,0.0018129348754882812
80197,normal,2096,0,1782359313.985921,0.0023338794708251953
80198,normal,565,0,1782359313.9876213,0.0017004013061523438
80199,normal,2391,0,1782359313.9896338,0.002012491226196289
80200,normal,2620,0,1782359313.9916222,0.0019884109497070312
80201,normal,3380,1,1782359313.993815,0.0021927356719970703
80202,normal,444,0,1782359313.9956946,0.0018796920776367188
80203,normal,2020,0,1782359313.9978073,0.0021126270294189453
80204,normal,2122,0,1782359313.9996035,0.0017962455749511719
80205,normal,2850,0,1782359314.0016832,0.0020797252655029297
80206,normal,2454,0,1782359314.0036602,0.0019769668579101562
80207,normal,1640,0,1782359314.0057335,0.0020732879638671875
80208,normal,2739,0,1782359314.0076551,0.0019216537475585938
80209,normal,3018,0,1782359314.0097015,0.002046346664428711
80210,normal,1662,0,1782359314.0116515,0.0019500255584716797
80211,normal,1837,0,1782359314.0137424,0.002090930938720703
80212,normal,1934,0,1782359314.015812,0.0020694732666015625
80213,normal,1184,0,1782359314.0177124,0.0019004344940185547
80214,normal,2472,0,1782359314.0197456,0.002033233642578125
80215,normal,1209,0,1782359314.0217738,0.002028226852416992
80216,normal,1379,1,1782359314.0236247,0.0018508434295654297
80217,normal,59,0,1782359314.0256457,0.0020210742950439453
80218,normal,3156,1,1782359314.0276856,0.0020399093627929688
80219,normal,830,2,1782359314.0296943,0.002008676528930664
80220,normal,1887,0,1782359314.0316188,0.0019245147705078125
80221,normal,1445,0,1782359314.0337105,0.002091646194458008
80222,normal,2288,0,1782359314.035645,0.0019345283508300781
80223,normal,2283,0,1782359314.0376244,0.001979351043701172
80224,normal,2826,0,1782359314.0396316,0.0020072460174560547
80225,normal,1981,0,1782359314.0417907,0.00215911865234375
80226,normal,1546,0,1782359314.043647,0.0018563270568847656
80227,normal,1976,0,1782359314.0457723,0.002125263214111328
80228,normal,1441,0,1782359314.047713,0.0019407272338867188
80229,normal,1106,0,1782359314.0498874,0.00217437744140625
80230,normal,1491,0,1782359314.0516381,0.0017507076263427734
80231,normal,1718,0,1782359314.0548303,0.0031921863555908203
80232,normal,3493,0,1782359314.0557683,0.0009379386901855469
80233,normal,332,0,1782359314.0577488,0.0019805431365966797
80234,normal,479,0,1782359314.0597131,0.0019643306732177734
80235,normal,1575,0,1782359314.0616417,0.001928567886352539
80236,normal,328,0,1782359314.0637176,0.0020759105682373047
80237,normal,313,0,1782359314.065601,0.0018835067749023438
80238,normal,524,0,1782359314.067722,0.0021209716796875
80239,normal,746,0,1782359314.0696898,0.0019676685333251953
80240,normal,2981,0,1782359314.0716975,0.002007722854614258
80241,normal,383,0,1782359314.073723,0.002025604248046875
80242,normal,1950,0,1782359314.0756857,0.0019626617431640625
80243,normal,3102,1,1782359314.077651,0.0019652843475341797
80244,normal,14,0,1782359314.0796807,0.0020296573638916016
80245,normal,2453,0,1782359314.0817027,0.0020220279693603516
80246,normal,3273,1,1782359314.0837324,0.0020296573638916016
80247,normal,967,2,1782359314.0855887,0.0018563270568847656
80248,normal,2067,0,1782359314.087621,0.0020322799682617188
80249,normal,670,0,1782359314.0896173,0.001996278762817383
80250,normal,1462,0,1782359314.091639,0.00202178955078125
80251,normal,341,0,1782359314.0938249,0.002185821533203125
80252,normal,811,2,1782359314.0956347,0.001809835433959961
80253,normal,334,0,1782359314.0977795,0.0021448135375976562
80254,normal,2754,0,1782359314.099727,0.0019474029541015625
80255,normal,1044,0,1782359314.1016438,0.0019168853759765625
80256,normal,2957,0,1782359314.104079,0.0024352073669433594
80257,normal,1019,2,1782359314.1056361,0.0015571117401123047
80258,normal,1470,0,1782359314.108054,0.0024178028106689453
80259,normal,2048,0,1782359314.109658,0.0016040802001953125
80260,normal,3121,1,1782359314.1117115,0.002053499221801758
80261,normal,3083,1,1782359314.1136057,0.001894235610961914
80262,normal,591,0,1782359314.115826,0.00222015380859375
80263,normal,131,0,1782359314.1178632,0.0020372867584228516
80264,normal,861,2,1782359314.1196547,0.0017914772033691406
80265,normal,1001,2,1782359314.1216888,0.0020341873168945312
80266,normal,3049,1,1782359314.12369,0.002001047134399414
80267,normal,3249,1,1782359314.1256921,0.002002239227294922
80268,normal,2691,0,1782359314.127611,0.001918792724609375
80269,normal,3111,1,1782359314.1296349,0.002023935317993164
80270,normal,1422,0,1782359314.1318219,0.002187013626098633
80271,normal,3471,0,1782359314.133795,0.0019731521606445312
80272,normal,779,2,1782359314.1357212,0.0019261837005615234
80273,normal,1695,0,1782359314.137682,0.00196075439453125
80274,normal,1504,0,1782359314.139725,0.002043008804321289
80275,normal,1003,2,1782359314.141693,0.0019681453704833984
80276,normal,3148,1,1782359314.1436381,0.0019450187683105469
80277,normal,474,0,1782359314.1458457,0.002207517623901367
80278,normal,3635,0,1782359314.1477227,0.0018770694732666016
80279,normal,213,0,1782359314.1497254,0.002002716064453125
80280,normal,2781,0,1782359314.1516016,0.0018761157989501953
80281,normal,3328,1,1782359314.1543798,0.002778291702270508
80282,normal,3087,1,1782359314.1557693,0.0013895034790039062
80283,normal,2095,0,1782359314.1576824,0.0019130706787109375
80284,normal,604,0,1782359314.1596406,0.001958131790161133
80285,normal,3189,1,1782359314.1617067,0.0020661354064941406
80286,normal,942,2,1782359314.1636357,0.0019290447235107422
80287,normal,3569,0,1782359314.1657016,0.002065896987915039
80288,normal,674,0,1782359314.1676583,0.0019567012786865234
80289,normal,992,2,1782359314.1696565,0.0019981861114501953
80290,normal,872,2,1782359314.171658,0.002001523971557617
80291,normal,3564,0,1782359314.1736798,0.00202178955078125
80292,normal,938,2,1782359314.1757023,0.0020225048065185547
80293,normal,2000,0,1782359314.1776967,0.0019943714141845703
80294,normal,261,0,1782359314.1797326,0.002035856246948242
80295,normal,1196,0,1782359314.1816158,0.0018832683563232422
80296,normal,3552,0,1782359314.1836812,0.002065420150756836
80297,normal,1713,0,1782359314.1856964,0.0020151138305664062
80298,normal,1517,0,1782359314.1877074,0.0020110607147216797
80299,normal,540,0,1782359314.189718,0.0020105838775634766
80300,normal,3257,1,1782359314.1917112,0.0019931793212890625
80301,normal,2559,0,1782359314.1936374,0.0019261837005615234
80302,normal,103,0,1782359314.1956584,0.0020210742950439453
80303,normal,2294,0,1782359314.1976576,0.0019991397857666016
80304,normal,2384,0,1782359314.1996574,0.0019998550415039062
80305,normal,1297,0,1782359314.2016847,0.002027273178100586
80306,normal,2474,0,1782359314.2036533,0.0019686222076416016
80307,normal,1720,0,1782359314.2056484,0.001995086669921875
80308,normal,2028,0,1782359314.2077146,0.0020661354064941406
80309,normal,2402,0,1782359314.209638,0.0019235610961914062
80310,normal,932,2,1782359314.211699,0.0020608901977539062
80311,normal,1493,0,1782359314.2136567,0.0019576549530029297
80312,normal,106,0,1782359314.2156851,0.0020284652709960938
80313,normal,3051,1,1782359314.2176023,0.001917123794555664
80314,normal,3203,1,1782359314.2196355,0.002033233642578125
80315,normal,2146,0,1782359314.2218583,0.002222776412963867
80316,normal,1351,1,1782359314.223652,0.0017936229705810547
80317,normal,2700,0,1782359314.2259223,0.0022704601287841797
80318,normal,2367,0,1782359314.227599,0.0016765594482421875
80319,normal,744,0,1782359314.229706,0.0021071434020996094
80320,normal,482,0,1782359314.2316902,0.001984119415283203
80321,normal,2593,0,1782359314.2337298,0.002039670944213867
80322,normal,2742,0,1782359314.2355902,0.0018603801727294922
80323,normal,2427,0,1782359314.238326,0.0027358531951904297
80324,normal,2401,0,1782359314.2395704,0.0012443065643310547
80325,normal,741,0,1782359314.2416158,0.0020453929901123047
80326,normal,1845,0,1782359314.2436142,0.001998424530029297
80327,normal,2584,0,1782359314.2456934,0.0020792484283447266
80328,normal,1283,0,1782359314.2476547,0.001961231231689453
80329,normal,2959,0,1782359314.2496817,0.0020270347595214844
80330,normal,2061,0,1782359314.2516997,0.002017974853515625
80331,normal,2726,0,1782359314.25363,0.00193023681640625
80332,normal,2761,0,1782359314.2556884,0.0020585060119628906
80333,normal,2292,0,1782359314.2576456,0.0019571781158447266
80334,normal,277,0,1782359314.2596846,0.0020389556884765625
80335,normal,708,0,1782359314.261745,0.002060413360595703
80336,normal,463,0,1782359314.2636287,0.0018837451934814453
80337,normal,1007,2,1782359314.2656338,0.0020051002502441406
80338,normal,3465,0,1782359314.2676241,0.0019903182983398438
80339,normal,87,0,1782359314.2696357,0.002011537551879883
80340,normal,2286,0,1782359314.2717383,0.0021026134490966797
80341,normal,3236,1,1782359314.273593,0.0018546581268310547
80342,normal,3694,0,1782359314.275833,0.0022399425506591797
80343,normal,1350,1,1782359314.2775848,0.0017518997192382812
80344,normal,2687,0,1782359314.2797785,0.0021936893463134766
80345,normal,2438,0,1782359314.281694,0.0019154548645019531
80346,normal,207,0,1782359314.2837908,0.002096891403198242
80347,normal,2741,0,1782359314.2857428,0.0019519329071044922
80348,normal,1093,0,1782359314.2877095,0.001966714859008789
80349,normal,3270,1,1782359314.2895877,0.0018782615661621094
80350,normal,587,0,1782359314.2916927,0.0021049976348876953
80351,normal,3056,1,1782359314.2936895,0.001996755599975586
80352,normal,455,0,1782359314.2956107,0.0019211769104003906
80353,normal,1190,0,1782359314.2976935,0.00208282470703125
80354,normal,212,0,1782359314.2999487,0.0022552013397216797
80355,normal,1171,0,1782359314.3016164,0.0016677379608154297
80356,normal,2615,0,1782359314.3036134,0.0019969940185546875
80357,normal,2895,0,1782359314.305655,0.0020415782928466797
80358,normal,209,0,1782359314.3076499,0.0019948482513427734
80359,normal,871,2,1782359314.3096933,0.002043485641479492
80360,normal,402,0,1782359314.3116925,0.0019991397857666016
80361,normal,1005,2,1782359314.3136406,0.0019481182098388672
80362,normal,3089,1,1782359314.3156564,0.002015829086303711
80363,normal,2389,0,1782359314.317635,0.001978635787963867
80364,normal,2184,0,1782359314.319741,0.0021059513092041016
80365,normal,2470,0,1782359314.3222177,0.0024766921997070312
80366,normal,1815,0,1782359314.3237169,0.001499176025390625
80367,normal,2284,0,1782359314.3256335,0.001916646957397461
80368,normal,439,0,1782359314.3277159,0.002082347869873047
80369,normal,3647,0,1782359314.3296404,0.0019245147705078125
80370,normal,226,0,1782359314.3318808,0.002240419387817383
80371,normal,2237,0,1782359314.3337276,0.0018467903137207031
80372,normal,1042,0,1782359314.335721,0.001993417739868164
80373,normal,556,0,1782359314.3384047,0.0026836395263671875
80374,normal,3542,0,1782359314.3396218,0.0012171268463134766
80375,normal,3353,1,1782359314.3418548,0.0022330284118652344
80376,normal,3076,1,1782359314.3438587,0.002003908157348633
80377,normal,597,0,1782359314.3456447,0.0017859935760498047
80378,normal,971,2,1782359314.3476198,0.0019750595092773438
80379,normal,3384,1,1782359314.3496733,0.002053499221801758
80380,normal,3608,0,1782359314.3516583,0.0019850730895996094
80381,normal,1685,0,1782359314.353639,0.0019805431365966797
80382,normal,353,0,1782359314.3556402,0.0020012855529785156
80383,normal,2486,0,1782359314.3576245,0.0019843578338623047
80384,normal,2502,0,1782359314.3596299,0.002005338668823242
80385,normal,2194,0,1782359314.3616548,0.0020248889923095703
80386,normal,370,0,1782359314.363743,0.002088308334350586
80387,normal,1600,0,1782359314.3656385,0.0018954277038574219
80388,normal,2875,0,1782359314.3678153,0.0021767616271972656
80389,normal,3389,1,1782359314.3695836,0.001768350601196289
80390,normal,1273,0,1782359314.3716478,0.002064228057861328
80391,normal,1707,0,1782359314.3736556,0.002007722854614258
80392,normal,1616,0,1782359314.3756874,0.0020318031311035156
80393,normal,1225,0,1782359314.377694,0.00200653076171875
80394,normal,1854,0,1782359314.3797574,0.0020635128021240234
80395,normal,2157,0,1782359314.381631,0.0018734931945800781
80396,normal,58,0,1782359314.3836966,0.0020656585693359375
80397,normal,2648,0,1782359314.385649,0.0019524097442626953
80398,normal,1176,0,1782359314.3876464,0.0019974708557128906
80399,normal,3669,0,1782359314.3896332,0.0019867420196533203
80400,normal,282,0,1782359314.391631,0.001997709274291992
80401,normal,1587,0,1782359314.393636,0.0020051002502441406
80402,normal,1732,0,1782359314.3956923,0.0020563602447509766
80403,normal,1512,0,1782359314.397629,0.0019366741180419922
80404,normal,2921,0,1782359314.3996277,0.0019986629486083984
80405,normal,1724,0,1782359314.401649,0.002021312713623047
80406,normal,1573,0,1782359314.4035943,0.0019452571868896484
80407,normal,1697,0,1782359314.4058483,0.002254009246826172
80408,normal,553,0,1782359314.4075937,0.001745462417602539
80409,normal,2280,0,1782359314.4096885,0.002094745635986328
80410,normal,1438,0,1782359314.411724,0.0020356178283691406
80411,normal,3321,1,1782359314.4137342,0.0020101070404052734
80412,normal,2808,0,1782359314.415609,0.001874685287475586
80413,normal,2217,0,1782359314.417624,0.0020151138305664062
80414,normal,2018,0,1782359314.4196498,0.0020258426666259766
80415,normal,734,0,1782359314.421742,0.002092123031616211
80416,normal,2011,0,1782359314.4235802,0.0018382072448730469
80417,normal,1800,0,1782359314.4256065,0.0020263195037841797
80418,normal,3193,1,1782359314.4276364,0.002029895782470703
80419,normal,1678,0,1782359314.4296362,0.0019998550415039062
80420,normal,2538,0,1782359314.4318779,0.0022416114807128906
80421,normal,1382,0,1782359314.433711,0.001833200454711914
80422,normal,3238,1,1782359314.4357293,0.0020182132720947266
80423,normal,2073,0,1782359314.4376128,0.0018835067749023438
80424,normal,1096,0,1782359314.4397264,0.0021135807037353516
80425,normal,2238,0,1782359314.4416053,0.001878976821899414
80426,normal,1424,0,1782359314.443636,0.002030611038208008
80427,normal,132,0,1782359314.4456282,0.0019922256469726562
80428,normal,377,0,1782359314.447691,0.0020627975463867188
80429,normal,1973,0,1782359314.4497406,0.002049684524536133
80430,normal,1520,0,1782359314.4515781,0.0018374919891357422
80431,normal,2866,0,1782359314.4547963,0.0032181739807128906
80432,normal,314,0,1782359314.4557338,0.0009374618530273438
80433,normal,1858,0,1782359314.4578843,0.0021505355834960938
80434,normal,1028,2,1782359314.4596531,0.0017688274383544922
80435,normal,2883,0,1782359314.4618065,0.0021533966064453125
80436,normal,3143,1,1782359314.4636521,0.0018455982208251953
80437,normal,2969,0,1782359314.4657466,0.0020945072174072266
80438,normal,456,0,1782359314.4676442,0.001897573471069336
80439,normal,3316,1,1782359314.469632,0.0019876956939697266
80440,normal,2672,0,1782359314.4718213,0.0021893978118896484
80441,normal,3012,0,1782359314.4738245,0.002003192901611328
80442,normal,2265,0,1782359314.475629,0.0018045902252197266
80443,normal,3214,1,1782359314.477817,0.002187967300415039
80444,normal,1457,0,1782359314.4797251,0.0019080638885498047
80445,normal,928,2,1782359314.4818842,0.00215911865234375
80446,normal,3245,1,1782359314.483836,0.0019516944885253906
80447,normal,3205,1,1782359314.4857311,0.0018951892852783203
80448,normal,152,0,1782359314.4878283,0.0020971298217773438
80449,normal,2054,0,1782359314.4899802,0.002151966094970703
80450,normal,2663,0,1782359314.4916496,0.0016694068908691406
80451,normal,2058,0,1782359314.4938254,0.0021758079528808594
80452,normal,3490,0,1782359314.495846,0.002020597457885742
80453,normal,2186,0,1782359314.497795,0.0019490718841552734
80454,normal,2396,0,1782359314.4998271,0.002032041549682617
80455,normal,2929,0,1782359314.5019116,0.002084493637084961
80456,normal,2403,0,1782359314.503946,0.002034425735473633
80457,normal,3124,1,1782359314.5057766,0.0018305778503417969
80458,normal,622,0,1782359314.5079496,0.0021729469299316406
80459,normal,2464,0,1782359314.5098937,0.0019440650939941406
80460,normal,3678,0,1782359314.5118136,0.0019199848175048828
80461,normal,2510,0,1782359314.5138628,0.0020492076873779297
80462,normal,195,0,1782359314.51621,0.002347230911254883
80463,normal,2597,0,1782359314.5178459,0.0016357898712158203
80464,normal,3535,0,1782359314.5197713,0.0019254684448242188
80465,normal,270,0,1782359314.5216858,0.0019145011901855469
80466,normal,692,0,1782359314.5239506,0.002264738082885742
80467,normal,331,0,1782359314.5257077,0.0017571449279785156
80468,normal,1069,0,1782359314.5276935,0.001985788345336914
80469,normal,513,0,1782359314.529611,0.0019176006317138672
80470,normal,171,0,1782359314.5317698,0.002158641815185547
80471,normal,1199,0,1782359314.5336525,0.001882791519165039
80472,normal,1772,0,1782359314.5356932,0.0020406246185302734
80473,normal,1487,0,1782359314.5377083,0.0020151138305664062
80474,normal,11,0,1782359314.5397172,0.0020089149475097656
80475,normal,2282,0,1782359314.5416107,0.0018935203552246094
80476,normal,2871,0,1782359314.5437462,0.0021355152130126953
80477,normal,2085,0,1782359314.545741,0.0019948482513427734
80478,normal,2212,0,1782359314.5476477,0.0019066333770751953
80479,normal,686,0,1782359314.5497541,0.0021064281463623047
80480,normal,2695,0,1782359314.5517387,0.0019845962524414062
80481,normal,974,2,1782359314.5536268,0.0018880367279052734
80482,normal,806,2,1782359314.5557814,0.0021545886993408203
80483,normal,3643,0,1782359314.5578494,0.002068042755126953
80484,normal,3485,0,1782359314.5596554,0.001806020736694336
80485,normal,1677,0,1782359314.5617485,0.002093076705932617
80486,normal,2532,0,1782359314.5636368,0.001888275146484375
80487,normal,3013,0,1782359314.5656865,0.002049684524536133
80488,normal,1061,0,1782359314.567708,0.0020215511322021484
80489,normal,2660,0,1782359314.5697403,0.0020322799682617188
80490,normal,299,0,1782359314.5720284,0.0022881031036376953
80491,normal,346,0,1782359314.573648,0.001619577407836914
80492,normal,272,0,1782359314.5757315,0.0020835399627685547
80493,normal,2621,0,1782359314.5776534,0.0019218921661376953
80494,normal,1319,1,1782359314.579717,0.0020635128021240234
80495,normal,1134,0,1782359314.5816286,0.0019116401672363281
80496,normal,2665,0,1782359314.5836306,0.0020020008087158203
80497,normal,1599,0,1782359314.5857055,0.0020749568939208984
80498,normal,580,0,1782359314.5876362,0.0019307136535644531
80499,normal,1756,0,1782359314.5896413,0.0020051002502441406
80500,normal,2383,0,1782359314.5917106,0.002069234848022461
80501,normal,443,0,1782359314.5936983,0.0019876956939697266
80502,normal,3690,0,1782359314.5956762,0.0019779205322265625
80503,normal,2993,0,1782359314.5978725,0.0021963119506835938
80504,normal,2977,0,1782359314.5996535,0.0017809867858886719
80505,normal,594,0,1782359314.6016996,0.0020461082458496094
80506,normal,790,2,1782359314.6038382,0.0021386146545410156
80507,normal,3388,1,1782359314.6056435,0.0018053054809570312
80508,normal,710,0,1782359314.60774,0.002096414566040039
80509,normal,2641,0,1782359314.6096792,0.0019392967224121094
80510,normal,1768,0,1782359314.6117406,0.0020613670349121094
80511,normal,3621,0,1782359314.6136959,0.001955270767211914
80512,normal,2759,0,1782359314.61582,0.0021240711212158203
80513,normal,2633,0,1782359314.6176574,0.0018374919891357422
80514,normal,3280,1,1782359314.619708,0.002050638198852539
80515,normal,172,0,1782359314.621837,0.0021288394927978516
80516,normal,228,0,1782359314.6238542,0.0020172595977783203
80517,normal,2343,0,1782359314.6257303,0.0018761157989501953
80518,normal,1603,0,1782359314.6278434,0.0021131038665771484
80519,normal,2166,0,1782359314.629751,0.0019075870513916016
80520,normal,249,0,1782359314.6317515,0.002000570297241211
80521,normal,3606,0,1782359314.633798,0.002046346664428711
80522,normal,1348,1,1782359314.6357586,0.00196075439453125
80523,normal,3418,0,1782359314.6376448,0.001886129379272461
80524,normal,3327,1,1782359314.6397932,0.0021483898162841797
80525,normal,2758,0,1782359314.6418216,0.0020284652709960938
80526,normal,1126,0,1782359314.643655,0.0018334388732910156
80527,normal,3443,0,1782359314.645786,0.0021309852600097656
80528,normal,2226,0,1782359314.6477437,0.0019576549530029297
80529,normal,2055,0,1782359314.649717,0.001973390579223633
80530,normal,1505,0,1782359314.6520479,0.002330780029296875
80531,normal,3084,1,1782359314.6538255,0.00177764892578125
80532,normal,147,0,1782359314.6557484,0.0019228458404541016
80533,normal,1582,0,1782359314.6579807,0.0022323131561279297
80534,normal,3252,1,1782359314.6597023,0.0017216205596923828
80535,normal,1977,0,1782359314.661682,0.0019795894622802734
80536,normal,1039,0,1782359314.663821,0.0021390914916992188
80537,normal,2357,0,1782359314.6656842,0.001863241195678711
80538,normal,1519,0,1782359314.66769,0.0020058155059814453
80539,normal,3006,0,1782359314.6699493,0.0022592544555664062
80540,normal,3520,0,1782359314.6717002,0.001750946044921875
80541,normal,2878,0,1782359314.673749,0.0020487308502197266
80542,normal,1284,0,1782359314.6757207,0.001971721649169922
80543,normal,476,0,1782359314.6777682,0.0020475387573242188
80544,normal,2333,0,1782359314.6796813,0.0019130706787109375
80545,normal,1091,0,1782359314.6817744,0.002093076705932617
80546,normal,1535,0,1782359314.683807,0.0020325183868408203
80547,normal,1788,0,1782359314.685708,0.0019011497497558594
80548,normal,3042,0,1782359314.6885657,0.002857685089111328
80549,normal,2912,0,1782359314.6896527,0.0010869503021240234
80550,normal,414,0,1782359314.6920967,0.002444028854370117
80551,normal,2677,0,1782359314.6943274,0.0022306442260742188
80552,normal,1786,0,1782359314.695741,0.001413583755493164
80553,normal,683,0,1782359314.697675,0.001934051513671875
80554,normal,1446,0,1782359314.6997912,0.0021162033081054688
80555,normal,3411,0,1782359314.7017014,0.0019102096557617188
80556,normal,649,0,1782359314.703696,0.001994609832763672
80557,normal,1617,0,1782359314.70574,0.0020439624786376953
80558,normal,2143,0,1782359314.707735,0.001995086669921875
80559,normal,2943,0,1782359314.70975,0.0020148754119873047
80560,normal,1226,0,1782359314.7116442,0.001894235610961914
80561,normal,2200,0,1782359314.7137294,0.0020852088928222656
80562,normal,45,0,1782359314.7157776,0.0020482540130615234
80563,normal,3437,0,1782359314.717651,0.0018732547760009766
80564,normal,1984,0,1782359314.7196367,0.001985788345336914
80565,normal,1903,0,1782359314.7216203,0.001983642578125
80566,normal,229,0,1782359314.7237105,0.0020902156829833984
80567,normal,1983,0,1782359314.725642,0.0019314289093017578
80568,normal,51,0,1782359314.7276404,0.001998424530029297
80569,normal,30,0,1782359314.7296872,0.002046823501586914
80570,normal,452,0,1782359314.731812,0.002124786376953125
80571,normal,976,2,1782359314.7336876,0.0018756389617919922
80572,normal,2894,0,1782359314.735746,0.002058267593383789
80573,normal,167,0,1782359314.7378175,0.0020716190338134766
80574,normal,2555,0,1782359314.7396393,0.001821756362915039
80575,normal,592,0,1782359314.7417111,0.002071857452392578
80576,normal,2814,0,1782359314.7437139,0.002002716064453125
80577,normal,2496,0,1782359314.7457166,0.002002716064453125
80578,normal,3582,0,1782359314.7477326,0.0020160675048828125
80579,normal,3237,1,1782359314.7496336,0.0019009113311767578
80580,normal,1752,0,1782359314.7516966,0.0020630359649658203
80581,normal,2263,0,1782359314.753763,0.002066373825073242
80582,normal,1000,2,1782359314.7556398,0.0018768310546875
80583,normal,1971,0,1782359314.7576516,0.0020117759704589844
80584,normal,1561,0,1782359314.7596893,0.0020377635955810547
80585,normal,2589,0,1782359314.761654,0.001964569091796875
80586,normal,840,2,1782359314.763679,0.002025127410888672
80587,normal,114,0,1782359314.7656937,0.002014636993408203
80588,normal,1340,1,1782359314.7678084,0.0021147727966308594
80589,normal,1097,0,1782359314.7696745,0.0018661022186279297
80590,normal,3323,1,1782359314.7716162,0.001941680908203125
80591,normal,317,0,1782359314.7736335,0.0020172595977783203
80592,normal,723,0,1782359314.7756808,0.002047300338745117
80593,normal,321,0,1782359314.7776344,0.001953601837158203
80594,normal,3279,1,1782359314.7796278,0.001993417739868164
80595,normal,2240,0,1782359314.7817276,0.002099752426147461
80596,normal,2406,0,1782359314.7837346,0.002007007598876953
80597,normal,486,0,1782359314.7856932,0.001958608627319336
80598,normal,287,0,1782359314.787646,0.0019528865814208984
80599,normal,2278,0,1782359314.7896469,0.0020008087158203125
80600,normal,400,0,1782359314.7916512,0.002004384994506836
80601,normal,3170,1,1782359314.793632,0.0019807815551757812
80602,normal,1306,0,1782359314.7956328,0.0020008087158203125
80603,normal,2640,0,1782359314.7976444,0.002011537551879883
80604,normal,1636,0,1782359314.7996495,0.0020051002502441406
80605,normal,3391,1,1782359314.8017018,0.00205230712890625
80606,normal,3611,0,1782359314.8037384,0.002036571502685547
80607,normal,2986,0,1782359314.8056176,0.0018792152404785156
80608,normal,2704,0,1782359314.80771,0.0020923614501953125
80609,normal,2554,0,1782359314.8097289,0.0020189285278320312
80610,normal,3233,1,1782359314.811615,0.001886129379272461
80611,normal,1472,0,1782359314.8136418,0.002026796340942383
80612,normal,426,0,1782359314.8156388,0.0019969940185546875
80613,normal,3310,1,1782359314.8177216,0.00208282470703125
80614,normal,52,0,1782359314.8197782,0.002056598663330078
80615,normal,122,0,1782359314.8221078,0.002329587936401367
80616,normal,1223,0,1782359314.823585,0.0014772415161132812
80617,normal,2585,0,1782359314.8256176,0.0020325183868408203
80618,normal,1132,0,1782359314.8276172,0.0019996166229248047
80619,normal,642,0,1782359314.8296397,0.0020225048065185547
80620,normal,1374,1,1782359314.8318846,0.0022449493408203125
80621,normal,1566,0,1782359314.8336186,0.001734018325805664
80622,normal,396,0,1782359314.8356516,0.0020329952239990234
80623,normal,2676,0,1782359314.8376389,0.0019872188568115234
80624,normal,233,0,1782359314.8396,0.001961231231689453
80625,normal,1896,0,1782359314.8416314,0.0020313262939453125
80626,normal,2083,0,1782359314.844032,0.002400636672973633
80627,normal,1431,0,1782359314.8456545,0.0016224384307861328
80628,normal,1914,0,1782359314.8478067,0.0021522045135498047
80629,normal,3071,1,1782359314.8496373,0.0018305778503417969
80630,normal,3626,0,1782359314.851641,0.0020036697387695312
80631,normal,2718,0,1782359314.8536344,0.001993417739868164
80632,normal,2874,0,1782359314.8556993,0.002064943313598633
80633,normal,449,0,1782359314.8576765,0.001977205276489258
80634,normal,2016,0,1782359314.8597343,0.002057790756225586
80635,normal,1146,0,1782359314.8616912,0.001956939697265625
80636,normal,3674,0,1782359314.8636482,0.001956939697265625
80637,normal,3062,1,1782359314.8656378,0.001989603042602539
80638,normal,153,0,1782359314.8677545,0.002116680145263672
80639,normal,190,0,1782359314.8696432,0.0018887519836425781
80640,normal,2618,0,1782359314.8719125,0.002269268035888672
80641,normal,521,0,1782359314.8738499,0.0019373893737792969
80642,normal,3117,1,1782359314.875745,0.0018951892852783203
80643,normal,499,0,1782359314.8777144,0.0019693374633789062
80644,normal,3366,1,1782359314.8797693,0.002054929733276367
80645,normal,2423,0,1782359314.8817132,0.001943826675415039
80646,normal,1915,0,1782359314.8836474,0.0019342899322509766
80647,normal,2710,0,1782359314.8858778,0.002230405807495117
80648,normal,181,0,1782359314.887776,0.001898050308227539
80649,normal,1286,0,1782359314.8897214,0.00194549560546875
80650,normal,186,0,1782359314.8916829,0.0019614696502685547
80651,normal,611,0,1782359314.8937085,0.002025604248046875
80652,normal,1691,0,1782359314.8957465,0.0020380020141601562
80653,normal,457,0,1782359314.8976505,0.0019040107727050781
80654,normal,3604,0,1782359314.8996794,0.002028942108154297
80655,normal,1899,0,1782359314.901632,0.0019526481628417969
80656,normal,1511,0,1782359314.903714,0.0020818710327148438
80657,normal,2287,0,1782359314.905629,0.00191497802734375
80658,normal,1160,0,1782359314.907701,0.0020720958709716797
80659,normal,2108,0,1782359314.9096525,0.001951456069946289
80660,normal,2111,0,1782359314.911634,0.001981496810913086
80661,normal,977,2,1782359314.913692,0.0020580291748046875
80662,normal,725,0,1782359314.9157426,0.002050638198852539
80663,normal,2293,0,1782359314.9176872,0.0019445419311523438
80664,normal,490,0,1782359314.9196863,0.0019991397857666016
80665,normal,79,0,1782359314.9217453,0.0020589828491210938
80666,normal,2736,0,1782359314.9236915,0.0019462108612060547
80667,normal,2988,0,1782359314.9256847,0.0019931793212890625
80668,normal,2435,0,1782359314.9277606,0.0020759105682373047
80669,normal,1889,0,1782359314.9296467,0.001886129379272461
80670,normal,561,0,1782359314.9316468,0.002000093460083008
80671,normal,3502,0,1782359314.9337084,0.002061605453491211
80672,normal,3489,0,1782359314.9356332,0.001924753189086914
80673,normal,276,0,1782359314.9376864,0.0020532608032226562
80674,normal,2833,0,1782359314.9397054,0.0020189285278320312
80675,normal,3587,0,1782359314.9416423,0.0019369125366210938
80676,normal,1526,0,1782359314.9436417,0.001999378204345703
80677,normal,344,0,1782359314.945699,0.002057313919067383
80678,normal,1326,1,1782359314.9477103,0.0020112991333007812
80679,normal,666,0,1782359314.9496393,0.0019290447235107422
80680,normal,1831,0,1782359314.9516828,0.002043485641479492
80681,normal,3025,0,1782359314.9536364,0.001953601837158203
80682,normal,1523,0,1782359314.955698,0.002061605453491211
80683,normal,875,2,1782359314.9576468,0.0019488334655761719
80684,normal,1010,2,1782359314.959615,0.0019681453704833984
80685,normal,1865,0,1782359314.96169,0.0020749568939208984
80686,normal,1335,1,1782359314.9637215,0.002031564712524414
80687,normal,1216,0,1782359314.9659119,0.0021903514862060547
80688,normal,2351,0,1782359314.9677842,0.0018723011016845703
80689,normal,2730,0,1782359314.9697292,0.0019450187683105469
80690,normal,3206,1,1782359314.9721286,0.002399444580078125
80691,normal,3553,0,1782359314.9736514,0.0015227794647216797
80692,normal,1040,0,1782359314.975728,0.0020766258239746094
80693,normal,1560,0,1782359314.9776468,0.001918792724609375
80694,normal,1860,0,1782359314.979653,0.002006053924560547
80695,normal,2327,0,1782359314.981701,0.002048015594482422
80696,normal,2262,0,1782359314.98369,0.001989126205444336
80697,normal,2485,0,1782359314.985695,0.002004861831665039
80698,normal,1548,0,1782359314.9877484,0.002053499221801758
80699,normal,2439,0,1782359314.9897077,0.0019593238830566406
80700,normal,1676,0,1782359314.9917297,0.0020220279693603516
80701,normal,578,0,1782359314.9937696,0.0020399093627929688
80702,normal,2202,0,1782359314.9957328,0.0019631385803222656
80703,normal,3318,1,1782359314.9976482,0.0019154548645019531
80704,normal,1151,0,1782359315.0016463,0.0039980411529541016
80705,normal,492,0,1782359315.001737,9.083747863769531e-05
80706,normal,1567,0,1782359315.0036728,0.001935720443725586
80707,normal,109,0,1782359315.0057042,0.0020313262939453125
80708,normal,1183,0,1782359315.0076408,0.0019366741180419922
80709,normal,405,0,1782359315.0096912,0.0020503997802734375
80710,normal,1082,0,1782359315.0117924,0.0021011829376220703
80711,normal,1654,0,1782359315.0136359,0.0018434524536132812
80712,normal,1726,0,1782359315.0157206,0.0020847320556640625
80713,normal,170,0,1782359315.0176537,0.0019330978393554688
80714,normal,541,0,1782359315.0196583,0.0020046234130859375
80715,normal,2870,0,1782359315.0217426,0.0020842552185058594
80716,normal,1820,0,1782359315.0240037,0.0022611618041992188
80717,normal,2503,0,1782359315.0257,0.0016963481903076172
80718,normal,1570,0,1782359315.027799,0.0020987987518310547
80719,normal,137,0,1782359315.0297272,0.0019283294677734375
80720,normal,263,0,1782359315.031701,0.001973867416381836
80721,normal,3141,1,1782359315.0336978,0.001996755599975586
80722,normal,509,0,1782359315.0357585,0.0020606517791748047
80723,normal,1513,0,1782359315.0377748,0.002016305923461914
80724,normal,1920,0,1782359315.0399573,0.002182483673095703
80725,normal,2448,0,1782359315.0417502,0.00179290771484375
80726,normal,2669,0,1782359315.0437908,0.0020406246185302734
80727,normal,2622,0,1782359315.0456548,0.0018639564514160156
80728,normal,92,0,1782359315.0478184,0.0021636486053466797
80729,normal,1338,1,1782359315.0496721,0.0018537044525146484
80730,normal,966,2,1782359315.0517855,0.00211334228515625
80731,normal,2469,0,1782359315.0538576,0.0020720958709716797
80732,normal,3059,1,1782359315.0557172,0.0018596649169921875
80733,normal,764,0,1782359315.057645,0.0019278526306152344
80734,normal,961,2,1782359315.0597243,0.0020792484283447266
80735,normal,2807,0,1782359315.0621972,0.0024728775024414062
80736,normal,1897,0,1782359315.0641544,0.0019571781158447266
80737,normal,403,0,1782359315.0656116,0.00145721435546875
80738,normal,194,0,1782359315.0677228,0.002111196517944336
80739,normal,3453,0,1782359315.0696301,0.0019073486328125
80740,normal,1503,0,1782359315.0717213,0.0020911693572998047
80741,normal,817,2,1782359315.0736487,0.0019273757934570312
80742,normal,3499,0,1782359315.0757184,0.002069711685180664
80743,normal,1346,1,1782359315.0777571,0.002038717269897461
80744,normal,3681,0,1782359315.0797353,0.001978158950805664
80745,normal,2156,0,1782359315.0816147,0.0018794536590576172
80746,normal,2855,0,1782359315.083885,0.002270221710205078
80747,normal,127,0,1782359315.0857484,0.0018634796142578125
80748,normal,232,0,1782359315.0876424,0.0018939971923828125
80749,normal,3545,0,1782359315.0896435,0.002001047134399414
80750,normal,615,0,1782359315.0916157,0.001972198486328125
80751,normal,1816,0,1782359315.0936487,0.0020329952239990234
80752,normal,289,0,1782359315.095716,0.0020673274993896484
80753,normal,2062,0,1782359315.09761,0.0018939971923828125
80754,normal,833,2,1782359315.0996563,0.002046346664428711
80755,normal,0,0,1782359315.1016881,0.0020318031311035156
80756,normal,2269,0,1782359315.1036556,0.0019674301147460938
80757,normal,2535,0,1782359315.1056957,0.0020401477813720703
80758,normal,3322,1,1782359315.1077325,0.0020368099212646484
80759,normal,3027,0,1782359315.10968,0.0019474029541015625
80760,normal,2504,0,1782359315.111652,0.0019719600677490234
80761,normal,2204,0,1782359315.113714,0.002062082290649414
80762,normal,2141,0,1782359315.1156602,0.0019462108612060547
80763,normal,2248,0,1782359315.117716,0.0020558834075927734
80764,normal,2072,0,1782359315.1197164,0.0020003318786621094
80765,normal,60,0,1782359315.1216514,0.0019350051879882812
80766,normal,3557,0,1782359315.1236494,0.0019979476928710938
80767,normal,3129,1,1782359315.1256804,0.002031087875366211
80768,normal,336,0,1782359315.1276333,0.0019528865814208984
80769,normal,2779,0,1782359315.12963,0.001996755599975586
80770,normal,3109,1,1782359315.1317036,0.002073526382446289
80771,normal,2694,0,1782359315.1336873,0.001983642578125
80772,normal,1235,0,1782359315.1356885,0.0020012855529785156
80773,normal,369,0,1782359315.1384695,0.002780914306640625
80774,normal,1639,0,1782359315.1396787,0.001209259033203125
80775,normal,3385,1,1782359315.1416268,0.0019481182098388672
80776,normal,2803,0,1782359315.1436448,0.002017974853515625
80777,normal,2376,0,1782359315.1456535,0.002008676528930664
80778,normal,2388,0,1782359315.1476061,0.0019526481628417969
80779,normal,1902,0,1782359315.149858,0.002251863479614258
80780,normal,2251,0,1782359315.1515968,0.0017387866973876953
80781,normal,2852,0,1782359315.153877,0.0022802352905273438
80782,normal,2305,0,1782359315.155677,0.0018000602722167969
80783,normal,904,2,1782359315.1578553,0.002178192138671875
80784,normal,2426,0,1782359315.1596224,0.0017671585083007812
80785,normal,1581,0,1782359315.1617155,0.002093076705932617
80786,normal,3107,1,1782359315.1636333,0.0019178390502929688
80787,normal,2588,0,1782359315.165689,0.002055644989013672
80788,normal,512,0,1782359315.1676037,0.0019147396087646484
80789,normal,1668,0,1782359315.1696494,0.0020456314086914062
80790,normal,2138,0,1782359315.1716442,0.0019948482513427734
80791,normal,2784,0,1782359315.1737072,0.0020630359649658203
80792,normal,1182,0,1782359315.175688,0.0019807815551757812
80793,normal,568,0,1782359315.1776602,0.001972198486328125
80794,normal,1932,0,1782359315.179717,0.0020568370819091797
80795,normal,40,0,1782359315.1817932,0.0020761489868164062
80796,normal,148,0,1782359315.1838381,0.0020449161529541016
80797,normal,2334,0,1782359315.185672,0.0018339157104492188
80798,normal,3432,0,1782359315.1876414,0.0019693374633789062
80799,normal,8,0,1782359315.1897008,0.002059459686279297
80800,normal,504,0,1782359315.1917408,0.0020399093627929688
80801,normal,3500,0,1782359315.1936107,0.0018699169158935547
80802,normal,3285,1,1782359315.195628,0.0020172595977783203
80803,normal,2331,0,1782359315.1976333,0.002005338668823242
80804,normal,2529,0,1782359315.1996334,0.002000093460083008
80805,normal,3400,1,1782359315.20166,0.0020265579223632812
80806,normal,1878,0,1782359315.2036886,0.0020287036895751953
80807,normal,2976,0,1782359315.2056324,0.001943826675415039
80808,normal,2229,0,1782359315.2076554,0.002022981643676758
80809,normal,3247,1,1782359315.2096334,0.0019779205322265625
80810,normal,1674,0,1782359315.2120361,0.002402782440185547
80811,normal,673,0,1782359315.2138412,0.0018050670623779297
80812,normal,1996,0,1782359315.2158308,0.001989603042602539
80813,normal,2450,0,1782359315.2177384,0.0019075870513916016
80814,normal,2757,0,1782359315.2196245,0.001886129379272461
80815,normal,907,2,1782359315.2217062,0.002081632614135742
80816,normal,2245,0,1782359315.2236063,0.0019001960754394531
80817,normal,1031,0,1782359315.2256885,0.0020821094512939453
80818,normal,2586,0,1782359315.227836,0.0021474361419677734
80819,normal,2047,0,1782359315.229643,0.0018072128295898438
80820,normal,786,2,1782359315.231698,0.002054929733276367
80821,normal,2888,0,1782359315.233647,0.0019490718841552734
80822,normal,2169,0,1782359315.2356298,0.0019826889038085938
80823,normal,724,0,1782359315.2377179,0.0020880699157714844
80824,normal,1332,1,1782359315.2396357,0.0019178390502929688
80825,normal,1687,0,1782359315.2418375,0.0022017955780029297
80826,normal,3047,1,1782359315.243748,0.0019104480743408203
80827,normal,3406,0,1782359315.245741,0.001992940902709961
80828,normal,1328,1,1782359315.2476883,0.0019474029541015625
80829,normal,3197,1,1782359315.2497373,0.002048969268798828
80830,normal,3162,1,1782359315.2517362,0.0019989013671875
80831,normal,1771,0,1782359315.2536192,0.0018830299377441406
80832,normal,2772,0,1782359315.2558606,0.002241373062133789
80833,normal,805,2,1782359315.2577362,0.0018756389617919922
80834,normal,2783,0,1782359315.25973,0.001993894577026367
80835,normal,632,0,1782359315.2616007,0.0018706321716308594
80836,normal,491,0,1782359315.2637372,0.0021364688873291016
80837,normal,2732,0,1782359315.2657626,0.0020253658294677734
80838,normal,986,2,1782359315.2676299,0.0018672943115234375
80839,normal,2845,0,1782359315.2696483,0.002018451690673828
80840,normal,1165,0,1782359315.271626,0.001977682113647461
80841,normal,2192,0,1782359315.273643,0.0020170211791992188
80842,normal,2571,0,1782359315.275654,0.0020110607147216797
80843,normal,1456,0,1782359315.2776346,0.0019805431365966797
80844,normal,1894,0,1782359315.2796476,0.002012968063354492
80845,normal,168,0,1782359315.2817054,0.002057790756225586
80846,normal,899,2,1782359315.2836974,0.0019919872283935547
80847,normal,173,0,1782359315.2857425,0.002045154571533203
80848,normal,1162,0,1782359315.2878306,0.0020880699157714844
80849,normal,3428,0,1782359315.2896132,0.0017826557159423828
80850,normal,1612,0,1782359315.2916536,0.002040386199951172
80851,normal,2686,0,1782359315.293713,0.002059459686279297
80852,normal,2998,0,1782359315.2956975,0.0019843578338623047
80853,normal,2019,0,1782359315.2977233,0.0020258426666259766
80854,normal,2155,0,1782359315.2996788,0.0019555091857910156
80855,normal,505,0,1782359315.3016438,0.001965045928955078
80856,normal,1814,0,1782359315.3036354,0.0019915103912353516
80857,normal,3131,1,1782359315.3057027,0.0020673274993896484
80858,normal,478,0,1782359315.3076305,0.0019278526306152344
80859,normal,2025,0,1782359315.309636,0.0020055770874023438
80860,normal,3487,0,1782359315.311714,0.002077817916870117
80861,normal,2074,0,1782359315.313682,0.0019681453704833984
80862,normal,2289,0,1782359315.315701,0.0020189285278320312
80863,normal,2612,0,1782359315.3177624,0.0020613670349121094
80864,normal,1033,0,1782359315.3196244,0.0018620491027832031
80865,normal,1011,2,1782359315.3216212,0.001996755599975586
80866,normal,1337,1,1782359315.3236594,0.002038240432739258
80867,normal,715,0,1782359315.325624,0.001964569091796875
80868,normal,1285,0,1782359315.3276224,0.001998424530029297
80869,normal,62,0,1782359315.3296454,0.002022981643676758
80870,normal,511,0,1782359315.331796,0.0021505355834960938
80871,normal,1347,1,1782359315.3339214,0.0021255016326904297
80872,normal,3591,0,1782359315.3359153,0.001993894577026367
80873,normal,1585,0,1782359315.3383467,0.0024313926696777344
80874,normal,3357,1,1782359315.3395855,0.0012388229370117188
80875,normal,827,2,1782359315.3416483,0.0020627975463867188
80876,normal,949,2,1782359315.343653,0.0020046234130859375
80877,normal,342,0,1782359315.3456826,0.0020296573638916016
80878,normal,2024,0,1782359315.3476365,0.0019538402557373047
80879,normal,3021,0,1782359315.349748,0.0021114349365234375
80880,normal,727,0,1782359315.3518136,0.0020656585693359375
80881,normal,2032,0,1782359315.3537,0.0018863677978515625
80882,normal,1430,0,1782359315.3558679,0.002167940139770508
80883,normal,3445,0,1782359315.3577135,0.0018455982208251953
80884,normal,311,0,1782359315.3598175,0.002104043960571289
80885,normal,71,0,1782359315.3616922,0.001874685287475586
80886,normal,660,0,1782359315.3638613,0.0021691322326660156
80887,normal,3183,1,1782359315.36596,0.002098560333251953
80888,normal,2671,0,1782359315.3677895,0.0018296241760253906
80889,normal,1882,0,1782359315.3696957,0.0019061565399169922
80890,normal,2071,0,1782359315.3716414,0.0019457340240478516
80891,normal,3177,1,1782359315.3737185,0.0020771026611328125
80892,normal,3265,1,1782359315.3756185,0.0018999576568603516
80893,normal,2738,0,1782359315.377647,0.0020284652709960938
80894,normal,315,0,1782359315.3796148,0.001967906951904297
80895,normal,948,2,1782359315.3816314,0.0020165443420410156
80896,normal,3065,1,1782359315.3837156,0.0020842552185058594
80897,normal,2979,0,1782359315.3856106,0.0018949508666992188
80898,normal,1829,0,1782359315.3876088,0.0019981861114501953
80899,normal,1077,0,1782359315.3896003,0.0019915103912353516
80900,normal,2904,0,1782359315.3916023,0.0020020008087158203
80901,normal,484,0,1782359315.393646,0.0020437240600585938
80902,normal,2856,0,1782359315.3960638,0.0024178028106689453
80903,normal,2685,0,1782359315.3977265,0.0016627311706542969
80904,normal,1840,0,1782359315.3996391,0.0019125938415527344
80905,normal,47,0,1782359315.4018655,0.0022263526916503906
80906,normal,330,0,1782359315.4036326,0.0017671585083007812
80907,normal,1392,0,1782359315.4056911,0.0020585060119628906
80908,normal,1342,1,1782359315.4076285,0.0019373893737792969
80909,normal,691,0,1782359315.409659,0.0020303726196289062
80910,normal,2740,0,1782359315.4117498,0.002090930938720703
80911,normal,1717,0,1782359315.4135945,0.001844644546508789
80912,normal,3624,0,1782359315.4156055,0.0020110607147216797
80913,normal,1502,0,1782359315.4176354,0.002029895782470703
80914,normal,1826,0,1782359315.4198177,0.0021822452545166016
80915,normal,1400,0,1782359315.4216602,0.001842498779296875
80916,normal,3168,1,1782359315.423616,0.001955747604370117
80917,normal,326,0,1782359315.42572,0.002104043960571289
80918,normal,3181,1,1782359315.4276557,0.001935720443725586
80919,normal,522,0,1782359315.4297056,0.0020499229431152344
80920,normal,740,0,1782359315.4316554,0.0019497871398925781
80921,normal,1923,0,1782359315.4338398,0.0021843910217285156
80922,normal,1659,0,1782359315.4360783,0.0022385120391845703
80923,normal,1605,0,1782359315.4376006,0.0015223026275634766
80924,normal,3519,0,1782359315.4396458,0.002045154571533203
80925,normal,3151,1,1782359315.4417267,0.0020809173583984375
80926,normal,2190,0,1782359315.443726,0.001999378204345703
80927,normal,922,2,1782359315.4457426,0.0020165443420410156
80928,normal,1819,0,1782359315.4476497,0.0019071102142333984
80929,normal,1749,0,1782359315.4497952,0.002145528793334961
80930,normal,2577,0,1782359315.4516537,0.0018584728240966797
80931,normal,2775,0,1782359315.4539266,0.0022728443145751953
80932,normal,1270,0,1782359315.4558456,0.0019190311431884766
80933,normal,466,0,1782359315.4576354,0.0017898082733154297
80934,normal,3472,0,1782359315.4596186,0.001983165740966797
80935,normal,903,2,1782359315.4616299,0.0020112991333007812
80936,normal,1133,0,1782359315.4636595,0.0020296573638916016
80937,normal,3293,1,1782359315.465636,0.001976490020751953
80938,normal,1846,0,1782359315.467634,0.0019979476928710938
80939,normal,898,2,1782359315.469686,0.0020520687103271484
80940,normal,1533,0,1782359315.4716573,0.0019712448120117188
80941,normal,1050,0,1782359315.4736798,0.0020225048065185547
80942,normal,2980,0,1782359315.4757037,0.002023935317993164
80943,normal,2463,0,1782359315.4776583,0.0019545555114746094
80944,normal,772,2,1782359315.4797392,0.0020809173583984375
80945,normal,3118,1,1782359315.481644,0.0019047260284423828
80946,normal,2829,0,1782359315.4836528,0.0020089149475097656
80947,normal,2697,0,1782359315.4856834,0.002030611038208008
80948,normal,552,0,1782359315.487703,0.002019643783569336
80949,normal,914,2,1782359315.4897192,0.0020160675048828125
80950,normal,3074,1,1782359315.4916365,0.0019173622131347656
80951,normal,2125,0,1782359315.4936574,0.0020208358764648438
80952,normal,2997,0,1782359315.495629,0.001971721649169922
80953,normal,535,0,1782359315.4976294,0.0020003318786621094
80954,normal,1651,0,1782359315.4996524,0.002022981643676758
80955,normal,1791,0,1782359315.5016568,0.002004384994506836
80956,normal,3300,1,1782359315.503641,0.001984119415283203
80957,normal,858,2,1782359315.5056329,0.0019919872283935547
80958,normal,2103,0,1782359315.507638,0.0020051002502441406
80959,normal,3476,0,1782359315.509684,0.0020461082458496094
80960,normal,2643,0,1782359315.5116556,0.0019714832305908203
80961,normal,3571,0,1782359315.5136237,0.0019681453704833984
80962,normal,1088,0,1782359315.5156138,0.001990079879760742
80963,normal,1690,0,1782359315.5178237,0.002209901809692383
80964,normal,3277,1,1782359315.5196536,0.0018298625946044922
80965,normal,290,0,1782359315.5216987,0.002045154571533203
80966,normal,3075,1,1782359315.5236516,0.0019528865814208984
80967,normal,2088,0,1782359315.5257142,0.002062559127807617
80968,normal,1890,0,1782359315.5279813,0.002267122268676758
80969,normal,3159,1,1782359315.5296428,0.001661539077758789
80970,normal,1850,0,1782359315.5316446,0.0020017623901367188
80971,normal,35,0,1782359315.53371,0.002065420150756836
80972,normal,3646,0,1782359315.5356805,0.001970529556274414
80973,normal,2598,0,1782359315.537617,0.0019364356994628906
80974,normal,3036,0,1782359315.5396876,0.0020706653594970703
80975,normal,2563,0,1782359315.5416486,0.0019609928131103516
80976,normal,3195,1,1782359315.54362,0.0019714832305908203
80977,normal,497,0,1782359315.5457737,0.002153635025024414
80978,normal,80,0,1782359315.5476782,0.0019044876098632812
80979,normal,3397,1,1782359315.5497174,0.002039194107055664
80980,normal,107,0,1782359315.5517325,0.0020151138305664062
80981,normal,2465,0,1782359315.5536857,0.001953125
80982,normal,3146,1,1782359315.555763,0.002077341079711914
80983,normal,2797,0,1782359315.5576808,0.0019178390502929688
80984,normal,1150,0,1782359315.5597816,0.002100706100463867
80985,normal,3707,0,1782359315.5617206,0.0019390583038330078
80986,normal,1100,0,1782359315.5637133,0.0019927024841308594
80987,normal,1593,0,1782359315.5656097,0.0018963813781738281
80988,normal,2889,0,1782359315.5676832,0.002073526382446289
80989,normal,2042,0,1782359315.5696845,0.0020012855529785156
80990,normal,838,2,1782359315.5716136,0.0019290447235107422
80991,normal,1769,0,1782359315.5737035,0.002089977264404297
80992,normal,584,0,1782359315.5756483,0.0019447803497314453
80993,normal,1255,0,1782359315.57761,0.0019617080688476562
80994,normal,411,0,1782359315.5796795,0.0020694732666015625
80995,normal,3134,1,1782359315.581685,0.0020055770874023438
80996,normal,842,2,1782359315.5839303,0.002245187759399414
80997,normal,2769,0,1782359315.5858393,0.001909017562866211
80998,normal,105,0,1782359315.5877204,0.0018811225891113281
80999,normal,1468,0,1782359315.589702,0.001981496810913086
81000,normal,3101,1,1782359315.5916545,0.0019526481628417969
81001,normal,422,0,1782359315.5937335,0.002079010009765625
81002,normal,1952,0,1782359315.5956361,0.0019025802612304688
81003,normal,2214,0,1782359315.597739,0.0021028518676757812
81004,normal,3223,1,1782359315.5998461,0.0021071434020996094
81005,normal,3332,1,1782359315.6016958,0.0018496513366699219
81006,normal,709,0,1782359315.6036787,0.0019829273223876953
81007,normal,518,0,1782359315.6060839,0.0024051666259765625
81008,normal,2364,0,1782359315.6076334,0.0015494823455810547
81009,normal,3305,1,1782359315.609682,0.0020487308502197266
81010,normal,3110,1,1782359315.611736,0.002053976058959961
81011,normal,2908,0,1782359315.613635,0.0018990039825439453
81012,normal,2690,0,1782359315.6157768,0.002141714096069336
81013,normal,530,0,1782359315.6178153,0.0020384788513183594
81014,normal,2651,0,1782359315.619727,0.0019116401672363281
81015,normal,3430,0,1782359315.6217577,0.0020308494567871094
81016,normal,2549,0,1782359315.6238143,0.002056598663330078
81017,normal,304,0,1782359315.6257267,0.0019123554229736328
81018,normal,851,2,1782359315.6276712,0.0019445419311523438
81019,normal,1112,0,1782359315.6299756,0.0023043155670166016
81020,normal,759,0,1782359315.631824,0.001848459243774414
81021,normal,2113,0,1782359315.6336563,0.0018322467803955078
81022,normal,2304,0,1782359315.6360135,0.0023572444915771484
81023,normal,1647,0,1782359315.6379893,0.0019757747650146484
81024,normal,1318,0,1782359315.6396868,0.001697540283203125
81025,normal,2945,0,1782359315.6417449,0.0020580291748046875
81026,normal,2664,0,1782359315.6436143,0.0018694400787353516
81027,normal,731,0,1782359315.6456745,0.0020601749420166016
81028,normal,2413,0,1782359315.6477387,0.002064228057861328
81029,normal,3105,1,1782359315.6496754,0.0019366741180419922
81030,normal,2527,0,1782359315.6516936,0.0020182132720947266
81031,normal,749,0,1782359315.6536794,0.001985788345336914
81032,normal,2540,0,1782359315.6556957,0.002016305923461914
81033,normal,416,0,1782359315.657895,0.002199411392211914
81034,normal,3114,1,1782359315.659771,0.0018758773803710938
81035,normal,1660,0,1782359315.6617591,0.0019881725311279297
81036,normal,1233,0,1782359315.6637459,0.0019867420196533203
81037,normal,626,0,1782359315.6657963,0.0020503997802734375
81038,normal,756,0,1782359315.667743,0.0019466876983642578
81039,normal,3518,0,1782359315.669842,0.0020990371704101562
81040,normal,3457,0,1782359315.6717079,0.0018658638000488281
81041,normal,1452,0,1782359315.6736841,0.0019762516021728516
81042,normal,1463,0,1782359315.6756394,0.001955270767211914
81043,normal,3622,0,1782359315.6777534,0.0021140575408935547
81044,normal,3339,1,1782359315.6796205,0.001867055892944336
81045,normal,2910,0,1782359315.6816967,0.0020761489868164062
81046,normal,1361,1,1782359315.683627,0.00193023681640625
81047,normal,2953,0,1782359315.6856463,0.0020194053649902344
81048,normal,9,0,1782359315.6876802,0.0020339488983154297
81049,normal,3559,0,1782359315.6896996,0.0020194053649902344
81050,normal,934,2,1782359315.691628,0.0019283294677734375
81051,normal,718,0,1782359315.693637,0.0020089149475097656
81052,normal,1107,0,1782359315.6956263,0.0019893646240234375
81053,normal,1905,0,1782359315.6976337,0.0020074844360351562
81054,normal,2655,0,1782359315.699745,0.002111196517944336
81055,normal,2109,0,1782359315.7016015,0.0018565654754638672
81056,normal,2344,0,1782359315.703645,0.002043485641479492
81057,normal,684,0,1782359315.7057009,0.0020558834075927734
81058,normal,1473,0,1782359315.7078648,0.0021638870239257812
81059,normal,3665,0,1782359315.7095988,0.001734018325805664
81060,normal,1543,0,1782359315.7116406,0.0020418167114257812
81061,normal,2140,0,1782359315.7136488,0.002008199691772461
81062,normal,16,0,1782359315.7156775,0.0020287036895751953
81063,normal,3174,1,1782359315.7176266,0.0019490718841552734
81064,normal,3093,1,1782359315.7196186,0.0019919872283935547
81065,normal,639,0,1782359315.7216134,0.0019948482513427734
81066,normal,1601,0,1782359315.7236145,0.002001047134399414
81067,normal,1258,0,1782359315.725632,0.002017498016357422
81068,normal,668,0,1782359315.7276456,0.002013683319091797
81069,normal,2372,0,1782359315.7298326,0.002187013626098633
81070,normal,2605,0,1782359315.7317877,0.0019550323486328125
81071,normal,1778,0,1782359315.7337308,0.0019431114196777344
81072,normal,667,0,1782359315.7360306,0.002299785614013672
81073,normal,2398,0,1782359315.7377324,0.0017018318176269531
81074,normal,3422,0,1782359315.7396877,0.001955270767211914
81075,normal,15,0,1782359315.7417278,0.0020401477813720703
81076,normal,3040,0,1782359315.7437625,0.0020346641540527344
81077,normal,1964,0,1782359315.745632,0.0018694400787353516
81078,normal,997,2,1782359315.7476203,0.0019884109497070312
81079,normal,856,2,1782359315.7496579,0.002037525177001953
81080,normal,2949,0,1782359315.7516165,0.001958608627319336
81081,normal,3092,1,1782359315.75373,0.0021135807037353516
81082,normal,2722,0,1782359315.7556195,0.0018894672393798828
81083,normal,2978,0,1782359315.7576146,0.001995086669921875
81084,normal,2177,0,1782359315.7596145,0.0019998550415039062
81085,normal,3347,1,1782359315.7617211,0.0021066665649414062
81086,normal,3297,1,1782359315.7635972,0.0018761157989501953
81087,normal,3200,1,1782359315.7658873,0.002290010452270508
81088,normal,743,0,1782359315.767724,0.0018367767333984375
81089,normal,2881,0,1782359315.7697537,0.0020296573638916016
81090,normal,1219,0,1782359315.7716854,0.0019316673278808594
81091,normal,672,0,1782359315.7737017,0.002016305923461914
81092,normal,2941,0,1782359315.775642,0.0019402503967285156
81093,normal,1475,0,1782359315.7776415,0.0019996166229248047
81094,normal,2767,0,1782359315.779715,0.002073526382446289
81095,normal,3526,0,1782359315.7818563,0.002141237258911133
81096,normal,2407,0,1782359315.7836857,0.001829385757446289
81097,normal,1058,0,1782359315.7856908,0.0020051002502441406
81098,normal,1067,0,1782359315.787639,0.0019481182098388672
81099,normal,3015,0,1782359315.7896323,0.001993417739868164
81100,normal,2996,0,1782359315.7917142,0.0020818710327148438
81101,normal,1299,0,1782359315.793636,0.0019218921661376953
81102,normal,1015,2,1782359315.795694,0.0020580291748046875
81103,normal,3230,1,1782359315.7977362,0.002042055130004883
81104,normal,595,0,1782359315.799643,0.0019068717956542969
81105,normal,1723,0,1782359315.8017178,0.002074718475341797
81106,normal,3544,0,1782359315.8041914,0.002473592758178711
81107,normal,359,0,1782359315.8063135,0.002122163772583008
81108,normal,2043,0,1782359315.8076015,0.0012879371643066406
81109,normal,2267,0,1782359315.8096414,0.0020399093627929688
81110,normal,770,0,1782359315.81162,0.001978635787963867
81111,normal,1753,0,1782359315.8136365,0.0020165443420410156
81112,normal,795,2,1782359315.8157363,0.002099752426147461
81113,normal,254,0,1782359315.817708,0.001971721649169922
81114,normal,3005,0,1782359315.819774,0.002065896987915039
81115,normal,988,2,1782359315.8216965,0.001922607421875
81116,normal,2029,0,1782359315.824068,0.002371549606323242
81117,normal,2630,0,1782359315.826183,0.002115011215209961
81118,normal,669,0,1782359315.8277044,0.0015213489532470703
81119,normal,662,0,1782359315.8296163,0.0019118785858154297
81120,normal,2363,0,1782359315.8317058,0.0020895004272460938
81121,normal,839,2,1782359315.8336947,0.0019888877868652344
81122,normal,2609,0,1782359315.8356986,0.002003908157348633
81123,normal,2365,0,1782359315.8376565,0.0019578933715820312
81124,normal,2560,0,1782359315.839684,0.0020275115966796875
81125,normal,1509,0,1782359315.84165,0.0019659996032714844
81126,normal,1256,0,1782359315.8436546,0.0020046234130859375
81127,normal,2049,0,1782359315.845756,0.002101421356201172
81128,normal,2513,0,1782359315.847717,0.0019609928131103516
81129,normal,3304,1,1782359315.849708,0.0019910335540771484
81130,normal,1410,0,1782359315.851719,0.002010822296142578
81131,normal,475,0,1782359315.8536549,0.0019359588623046875
81132,normal,305,0,1782359315.8556812,0.0020263195037841797
81133,normal,2441,0,1782359315.8577716,0.0020904541015625
81134,normal,812,2,1782359315.8597205,0.0019488334655761719
81135,normal,1524,0,1782359315.8616729,0.0019524097442626953
81136,normal,2252,0,1782359315.8637636,0.0020906925201416016
81137,normal,3496,0,1782359315.8656285,0.0018649101257324219
81138,normal,1957,0,1782359315.8677163,0.002087831497192383
81139,normal,1712,0,1782359315.8696346,0.0019183158874511719
81140,normal,2117,0,1782359315.8716457,0.0020110607147216797
81141,normal,3503,0,1782359315.8736494,0.0020036697387695312
81142,normal,1043,0,1782359315.8757246,0.0020751953125
81143,normal,348,0,1782359315.8776517,0.0019271373748779297
81144,normal,3288,1,1782359315.8796802,0.0020284652709960938
81145,normal,1774,0,1782359315.8816936,0.0020134449005126953
81146,normal,18,0,1782359315.8836315,0.0019378662109375
81147,normal,1013,2,1782359315.8856223,0.001990795135498047
81148,normal,943,2,1782359315.8876946,0.0020723342895507812
81149,normal,2954,0,1782359315.8896224,0.0019278526306152344
81150,normal,3241,1,1782359315.891866,0.002243518829345703
81151,normal,2215,0,1782359315.893821,0.0019550323486328125
81152,normal,735,0,1782359315.896607,0.002785921096801758
81153,normal,2848,0,1782359315.8977911,0.001184225082397461
81154,normal,906,2,1782359315.900047,0.0022559165954589844
81155,normal,2168,0,1782359315.9016294,0.0015823841094970703
81156,normal,1758,0,1782359315.9037209,0.0020914077758789062
81157,normal,323,0,1782359315.9057016,0.0019807815551757812
81158,normal,354,0,1782359315.9078305,0.0021288394927978516
81159,normal,919,2,1782359315.909678,0.0018475055694580078
81160,normal,1785,0,1782359315.911716,0.0020380020141601562
81161,normal,1694,0,1782359315.913789,0.002073049545288086
81162,normal,3344,1,1782359315.9158518,0.0020627975463867188
81163,normal,876,2,1782359315.9178486,0.001996755599975586
81164,normal,1646,0,1782359315.9199176,0.0020689964294433594
81165,normal,2924,0,1782359315.921725,0.0018074512481689453
81166,normal,853,2,1782359315.9237301,0.0020051002502441406
81167,normal,924,2,1782359315.9257262,0.0019960403442382812
81168,normal,3130,1,1782359315.9277735,0.002047300338745117
81169,normal,895,2,1782359315.929954,0.0021805763244628906
81170,normal,389,0,1782359315.9318829,0.0019288063049316406
81171,normal,227,0,1782359315.9337916,0.0019087791442871094
81172,normal,472,0,1782359315.9357998,0.002008199691772461
81173,normal,166,0,1782359315.9379594,0.002159595489501953
81174,normal,3340,1,1782359315.939736,0.0017764568328857422
81175,normal,1857,0,1782359315.9417987,0.0020627975463867188
81176,normal,637,0,1782359315.9437222,0.0019235610961914062
81177,normal,3009,0,1782359315.9458468,0.0021245479583740234
81178,normal,3342,1,1782359315.9476979,0.0018510818481445312
81179,normal,2810,0,1782359315.949922,0.0022242069244384766
81180,normal,340,0,1782359315.9517062,0.0017840862274169922
81181,normal,193,0,1782359315.9538312,0.0021250247955322266
81182,normal,3103,1,1782359315.9557235,0.0018923282623291016
81183,normal,3155,1,1782359315.9577897,0.0020661354064941406
81184,normal,802,2,1782359315.9598203,0.002030611038208008
81185,normal,1369,1,1782359315.96205,0.0022296905517578125
81186,normal,3393,1,1782359315.9637496,0.001699686050415039
81187,normal,791,2,1782359315.966054,0.0023043155670166016
81188,normal,859,2,1782359315.9677556,0.0017015933990478516
81189,normal,1759,0,1782359315.9698064,0.0020508766174316406
81190,normal,124,0,1782359315.9717884,0.001981973648071289
81191,normal,1863,0,1782359315.9737287,0.0019402503967285156
81192,normal,3319,1,1782359315.9757032,0.0019745826721191406
81193,normal,983,2,1782359315.9779906,0.0022873878479003906
81194,normal,3392,1,1782359315.9797611,0.0017704963684082031
81195,normal,2541,0,1782359315.9817626,0.002001523971557617
81196,normal,3090,1,1782359315.9837341,0.0019714832305908203
81197,normal,2213,0,1782359315.9857318,0.001997709274291992
81198,normal,912,2,1782359315.9877427,0.002010822296142578
81199,normal,2173,0,1782359315.9897063,0.0019636154174804688
81200,normal,2534,0,1782359315.9921558,0.002449512481689453
81201,normal,716,0,1782359315.9942615,0.002105712890625
81202,normal,378,0,1782359315.9960573,0.0017957687377929688
81203,normal,3371,1,1782359315.9978914,0.0018341541290283203
81204,normal,3254,1,1782359316.0001452,0.0022537708282470703
81205,normal,1562,0,1782359316.0028443,0.002699136734008789
81206,normal,1143,0,1782359316.0037847,0.0009403228759765625
81207,normal,852,2,1782359316.0059602,0.002175569534301758
81208,normal,700,0,1782359316.0078146,0.0018544197082519531
81209,normal,338,0,1782359316.009962,0.0021474361419677734
81210,normal,3220,1,1782359316.0123353,0.002373218536376953
81211,normal,874,2,1782359316.0139666,0.0016312599182128906
81212,normal,286,0,1782359316.0159068,0.0019402503967285156
81213,normal,657,0,1782359316.0179229,0.0020160675048828125
81214,normal,2412,0,1782359316.0198214,0.0018985271453857422
81215,normal,150,0,1782359316.0220551,0.002233743667602539
81216,normal,628,0,1782359316.0238388,0.001783609390258789
81217,normal,2004,0,1782359316.0258956,0.0020568370819091797
81218,normal,1063,0,1782359316.0277593,0.001863718032836914
81219,normal,3383,1,1782359316.0298772,0.0021178722381591797
81220,normal,1838,0,1782359316.031803,0.0019257068634033203
81221,normal,2920,0,1782359316.0338206,0.0020177364349365234
81222,normal,2890,0,1782359316.0358229,0.002002239227294922
81223,normal,144,0,1782359316.0377467,0.0019237995147705078
81224,normal,538,0,1782359316.0398855,0.002138853073120117
81225,normal,2763,0,1782359316.0419304,0.0020449161529541016
81226,normal,48,0,1782359316.0438178,0.0018873214721679688
81227,normal,1414,0,1782359316.0459278,0.002110004425048828
81228,normal,1638,0,1782359316.047771,0.0018432140350341797
81229,normal,2400,0,1782359316.0498621,0.0020911693572998047
81230,normal,1867,0,1782359316.0516994,0.0018372535705566406
81231,normal,701,0,1782359316.0537367,0.0020372867584228516
81232,normal,1930,0,1782359316.0557418,0.0020051002502441406
81233,normal,2362,0,1782359316.0577486,0.0020067691802978516
81234,normal,1094,0,1782359316.059742,0.001993417739868164
81235,normal,829,2,1782359316.0616505,0.0019085407257080078
81236,normal,625,0,1782359316.0636508,0.0020003318786621094
81237,normal,1884,0,1782359316.0657222,0.002071380615234375
81238,normal,1488,0,1782359316.067782,0.0020596981048583984
81239,normal,2517,0,1782359316.0697563,0.001974344253540039
81240,normal,75,0,1782359316.0720003,0.0022439956665039062
81241,normal,2114,0,1782359316.0737755,0.0017752647399902344
81242,normal,1020,2,1782359316.0758908,0.0021152496337890625
81243,normal,1764,0,1782359316.077885,0.0019941329956054688
81244,normal,146,0,1782359316.0797663,0.0018813610076904297
81245,normal,1825,0,1782359316.0818527,0.0020864009857177734
81246,normal,1046,0,1782359316.0838518,0.0019991397857666016
81247,normal,2440,0,1782359316.0857222,0.0018703937530517578
81248,normal,2834,0,1782359316.0878334,0.002111196517944336
81249,normal,1696,0,1782359316.089778,0.0019445419311523438
81250,normal,2746,0,1782359316.0917072,0.0019292831420898438
81251,normal,1966,0,1782359316.0939972,0.002290010452270508
81252,normal,1401,0,1782359316.0957706,0.0017733573913574219
81253,normal,1304,0,1782359316.0979366,0.0021660327911376953
81254,normal,2211,0,1782359316.0999243,0.0019876956939697266
81255,normal,2835,0,1782359316.1020424,0.0021181106567382812
81256,normal,2483,0,1782359316.1043112,0.0022687911987304688
81257,normal,3264,1,1782359316.1058233,0.0015120506286621094
81258,normal,2880,0,1782359316.1079345,0.002111196517944336
81259,normal,925,2,1782359316.109915,0.0019805431365966797
81260,normal,576,0,1782359316.1120625,0.0021474361419677734
81261,normal,2417,0,1782359316.1139147,0.001852273941040039
81262,normal,728,0,1782359316.1158435,0.0019288063049316406
81263,normal,3019,0,1782359316.1177263,0.001882791519165039
81264,normal,1059,0,1782359316.1198134,0.002087116241455078
81265,normal,2325,0,1782359316.1217368,0.0019233226776123047
81266,normal,1344,1,1782359316.1239448,0.0022079944610595703
81267,normal,293,0,1782359316.125858,0.001913309097290039
81268,normal,1989,0,1782359316.1278753,0.0020172595977783203
81269,normal,687,0,1782359316.129772,0.0018966197967529297
81270,normal,2001,0,1782359316.1319401,0.0021681785583496094
81271,normal,2405,0,1782359316.1338372,0.0018970966339111328
81272,normal,1743,0,1782359316.136051,0.002213716506958008
81273,normal,3631,0,1782359316.1378043,0.0017533302307128906
81274,normal,2617,0,1782359316.140785,0.0029807090759277344
81275,normal,3184,1,1782359316.1420083,0.0012233257293701172
81276,normal,1545,0,1782359316.1440222,0.0020139217376708984
81277,normal,2610,0,1782359316.1458294,0.0018072128295898438
81278,normal,2255,0,1782359316.1478648,0.002035379409790039
81279,normal,926,2,1782359316.149872,0.0020072460174560547
81280,normal,663,0,1782359316.1517503,0.0018782615661621094
81281,normal,630,0,1782359316.1538343,0.002084016799926758
81282,normal,251,0,1782359316.1561644,0.0023300647735595703
81283,normal,3480,0,1782359316.1579275,0.0017631053924560547
81284,normal,425,0,1782359316.1597285,0.0018010139465332031
81285,normal,360,0,1782359316.1618323,0.0021038055419921875
81286,normal,1164,0,1782359316.1637502,0.0019178390502929688
81287,normal,83,0,1782359316.1658576,0.002107381820678711
81288,normal,2839,0,1782359316.1678202,0.0019626617431640625
81289,normal,2717,0,1782359316.1700342,0.0022139549255371094
81290,normal,24,0,1782359316.1720326,0.001998424530029297
81291,normal,1444,0,1782359316.1739314,0.0018987655639648438
81292,normal,393,0,1782359316.1757452,0.0018138885498046875
81293,normal,231,0,1782359316.177982,0.0022368431091308594
81294,normal,1313,0,1782359316.179967,0.001984834671020508
81295,normal,2326,0,1782359316.181995,0.0020279884338378906
81296,normal,3697,0,1782359316.1837478,0.0017528533935546875
81297,normal,101,0,1782359316.185915,0.002167224884033203
81298,normal,2107,0,1782359316.1878715,0.001956462860107422
81299,normal,243,0,1782359316.1902628,0.002391338348388672
81300,normal,1266,0,1782359316.1920545,0.0017917156219482422
81301,normal,1547,0,1782359316.193895,0.0018405914306640625
81302,normal,3362,1,1782359316.1959138,0.0020186901092529297
81303,normal,1938,0,1782359316.1978648,0.001950979232788086
81304,normal,1933,0,1782359316.1998887,0.002023935317993164
81305,normal,128,0,1782359316.2018738,0.0019850730895996094
81306,normal,3401,1,1782359316.203883,0.002009153366088867
81307,normal,3510,0,1782359316.2058108,0.0019278526306152344
81308,normal,1577,0,1782359316.2079206,0.0021097660064697266
81309,normal,2297,0,1782359316.2098796,0.001959085464477539
81310,normal,1649,0,1782359316.211767,0.0018873214721679688
81311,normal,641,0,1782359316.2140365,0.0022695064544677734
81312,normal,379,0,1782359316.2163692,0.0023326873779296875
81313,normal,2314,0,1782359316.2191486,0.0027794837951660156
81314,normal,2006,0,1782359316.2198267,0.0006780624389648438
81315,normal,3494,0,1782359316.2219348,0.0021080970764160156
81316,normal,892,2,1782359316.2237575,0.0018227100372314453
81317,normal,2241,0,1782359316.2259512,0.0021936893463134766
81318,normal,2760,0,1782359316.2278025,0.0018513202667236328
81319,normal,801,2,1782359316.2299736,0.002171039581298828
81320,normal,2276,0,1782359316.2318203,0.0018467903137207031
81321,normal,558,0,1782359316.2340984,0.0022780895233154297
81322,normal,1489,0,1782359316.2359445,0.0018460750579833984
81323,normal,739,0,1782359316.2377787,0.0018341541290283203
81324,normal,3137,1,1782359316.2401173,0.0023386478424072266
81325,normal,3008,0,1782359316.2421255,0.002008199691772461
81326,normal,245,0,1782359316.2437918,0.0016663074493408203
81327,normal,2216,0,1782359316.2459106,0.002118825912475586
81328,normal,1780,0,1782359316.247781,0.0018703937530517578
81329,normal,1613,0,1782359316.2498758,0.002094745635986328
81330,normal,3501,0,1782359316.251959,0.002083301544189453
81331,normal,3239,1,1782359316.2539756,0.0020165443420410156
81332,normal,1766,0,1782359316.2558737,0.001898050308227539
81333,normal,3620,0,1782359316.2577996,0.0019259452819824219
81334,normal,64,0,1782359316.2597716,0.0019719600677490234
81335,normal,2822,0,1782359316.2618682,0.0020966529846191406
81336,normal,1555,0,1782359316.2640324,0.002164125442504883
81337,normal,1215,0,1782359316.2658737,0.0018413066864013672
81338,normal,1740,0,1782359316.2678623,0.001988649368286133
81339,normal,3077,1,1782359316.2698672,0.002004861831665039
81340,normal,1006,2,1782359316.2717233,0.001856088638305664
81341,normal,2301,0,1782359316.273804,0.002080678939819336
81342,normal,2841,0,1782359316.275828,0.002023935317993164
81343,normal,432,0,1782359316.2777958,0.001967906951904297
81344,normal,1664,0,1782359316.2797406,0.0019447803497314453
81345,normal,2642,0,1782359316.2817416,0.002001047134399414
81346,normal,2813,0,1782359316.2836592,0.0019176006317138672
81347,normal,1241,0,1782359316.2857907,0.0021314620971679688
81348,normal,2626,0,1782359316.287712,0.0019214153289794922
81349,normal,3116,1,1782359316.289887,0.002174854278564453
81350,normal,2635,0,1782359316.2918015,0.0019145011901855469
81351,normal,1803,0,1782359316.2939484,0.0021469593048095703
81352,normal,1316,0,1782359316.295857,0.0019085407257080078
81353,normal,376,0,1782359316.2979512,0.002094268798828125
81354,normal,3067,1,1782359316.2998,0.0018486976623535156
81355,normal,960,2,1782359316.3019607,0.002160787582397461
81356,normal,750,0,1782359316.3038082,0.0018475055694580078
81357,normal,3192,1,1782359316.3058858,0.0020775794982910156
81358,normal,3022,0,1782359316.3078277,0.0019419193267822266
81359,normal,3685,0,1782359316.3099086,0.0020809173583984375
81360,normal,2682,0,1782359316.3118546,0.0019459724426269531
81361,normal,2034,0,1782359316.3137486,0.0018939971923828125
81362,normal,2594,0,1782359316.315833,0.002084493637084961
81363,normal,2699,0,1782359316.3179152,0.0020821094512939453
81364,normal,2982,0,1782359316.3198605,0.0019452571868896484
81365,normal,2175,0,1782359316.3219628,0.002102375030517578
81366,normal,1294,0,1782359316.32381,0.0018472671508789062
81367,normal,273,0,1782359316.326214,0.0024039745330810547
81368,normal,1550,0,1782359316.3279088,0.0016946792602539062
81369,normal,2716,0,1782359316.3300142,0.0021054744720458984
81370,normal,2172,0,1782359316.3320458,0.002031564712524414
81371,normal,3451,0,1782359316.3337946,0.001748800277709961
81372,normal,3208,1,1782359316.3361163,0.0023217201232910156
81373,normal,2235,0,1782359316.337874,0.0017576217651367188
81374,normal,3448,0,1782359316.3397548,0.0018808841705322266
81375,normal,1197,0,1782359316.3416467,0.0018918514251708984
81376,normal,458,0,1782359316.343703,0.0020563602447509766
81377,normal,3031,0,1782359316.3456569,0.0019538402557373047
81378,normal,704,0,1782359316.3477602,0.0021033287048339844
81379,normal,2828,0,1782359316.3500223,0.002262115478515625
81380,normal,1207,0,1782359316.3518727,0.0018503665924072266
81381,normal,813,2,1782359316.3537607,0.0018880367279052734
81382,normal,327,0,1782359316.3557556,0.0019948482513427734
81383,normal,1908,0,1782359316.357741,0.0019855499267578125
81384,normal,2295,0,1782359316.3598273,0.002086162567138672
81385,normal,1004,2,1782359316.3619473,0.0021200180053710938
81386,normal,3186,1,1782359316.363837,0.0018897056579589844
81387,normal,3185,1,1782359316.3659773,0.0021402835845947266
81388,normal,2909,0,1782359316.367757,0.001779794692993164
81389,normal,1404,0,1782359316.3701806,0.002423524856567383
81390,normal,3558,0,1782359316.371875,0.0016944408416748047
81391,normal,3461,0,1782359316.3739057,0.002030611038208008
81392,normal,1872,0,1782359316.3758435,0.0019378662109375
81393,normal,3069,1,1782359316.3777115,0.0018680095672607422
81394,normal,2545,0,1782359316.3797724,0.0020608901977539062
81395,normal,3670,0,1782359316.3818,0.0020275115966796875
81396,normal,3172,1,1782359316.3837695,0.001969575881958008
81397,normal,2102,0,1782359316.385704,0.0019345283508300781
81398,normal,1556,0,1782359316.3877106,0.00200653076171875
81399,normal,588,0,1782359316.3899193,0.002208709716796875
81400,normal,496,0,1782359316.3917515,0.0018322467803955078
81401,normal,2696,0,1782359316.3936548,0.0019032955169677734
81402,normal,849,2,1782359316.3956952,0.002040386199951172
81403,normal,777,2,1782359316.3979366,0.002241373062133789
81404,normal,2901,0,1782359316.399942,0.002005338668823242
81405,normal,2792,0,1782359316.4016945,0.001752614974975586
81406,normal,656,0,1782359316.4038713,0.0021767616271972656
81407,normal,1782,0,1782359316.405736,0.0018646717071533203
81408,normal,581,0,1782359316.4078572,0.0021212100982666016
81409,normal,2989,0,1782359316.4097776,0.001920461654663086
81410,normal,3228,1,1782359316.4118435,0.002065896987915039
81411,normal,3659,0,1782359316.4138906,0.0020470619201660156
81412,normal,1736,0,1782359316.4158797,0.001989126205444336
81413,normal,1610,0,1782359316.4181952,0.002315521240234375
81414,normal,2481,0,1782359316.4201155,0.0019202232360839844
81415,normal,3548,0,1782359316.4220297,0.0019142627716064453
81416,normal,3566,0,1782359316.42381,0.0017802715301513672
81417,normal,3356,1,1782359316.4258318,0.00202178955078125
81418,normal,854,2,1782359316.4279237,0.0020918846130371094
81419,normal,3655,0,1782359316.4298646,0.0019409656524658203
81420,normal,2602,0,1782359316.432228,0.002363443374633789
81421,normal,788,2,1782359316.4337907,0.0015625953674316406
81422,normal,1563,0,1782359316.4362729,0.002482175827026367
81423,normal,1345,1,1782359316.4379535,0.001680612564086914
81424,normal,2342,0,1782359316.4399827,0.0020291805267333984
81425,normal,1851,0,1782359316.441892,0.0019092559814453125
81426,normal,3298,1,1782359316.4439387,0.002046823501586914
81427,normal,2436,0,1782359316.4458394,0.0019006729125976562
81428,normal,2743,0,1782359316.4478574,0.002017974853515625
81429,normal,2684,0,1782359316.4498093,0.0019519329071044922
81430,normal,2729,0,1782359316.4519188,0.002109527587890625
81431,normal,1619,0,1782359316.4539392,0.0020203590393066406
81432,normal,1506,0,1782359316.4557872,0.001847982406616211
81433,normal,1023,2,1782359316.458051,0.002263784408569336
81434,normal,1383,0,1782359316.4598742,0.0018231868743896484
81435,normal,1937,0,1782359316.4618428,0.0019686222076416016
81436,normal,3575,0,1782359316.463868,0.002025127410888672
81437,normal,1181,0,1782359316.4656432,0.0017752647399902344
81438,normal,888,2,1782359316.46768,0.0020368099212646484
81439,normal,2614,0,1782359316.469657,0.0019769668579101562
81440,normal,2082,0,1782359316.4717615,0.002104520797729492
81441,normal,1036,0,1782359316.4737005,0.0019390583038330078
81442,normal,3497,0,1782359316.4758294,0.0021288394927978516
81443,normal,1268,0,1782359316.4777036,0.0018742084503173828
81444,normal,2629,0,1782359316.4798534,0.002149820327758789
81445,normal,493,0,1782359316.4819663,0.002112865447998047
81446,normal,889,2,1782359316.483916,0.0019497871398925781
81447,normal,1941,0,1782359316.4859338,0.0020177364349365234
81448,normal,2490,0,1782359316.4880228,0.0020890235900878906
81449,normal,3207,1,1782359316.4899583,0.0019354820251464844
81450,normal,2230,0,1782359316.4918633,0.0019049644470214844
81451,normal,352,0,1782359316.4939415,0.0020782947540283203
81452,normal,1064,0,1782359316.495916,0.001974344253540039
81453,normal,3693,0,1782359316.4979131,0.001997232437133789
81454,normal,3145,1,1782359316.4998882,0.0019750595092773438
81455,normal,296,0,1782359316.5018158,0.0019276142120361328
81456,normal,1453,0,1782359316.5037868,0.001971006393432617
81457,normal,1866,0,1782359316.5058959,0.002109050750732422
81458,normal,1211,0,1782359316.5077531,0.0018572807312011719
81459,normal,1317,0,1782359316.5098855,0.002132415771484375
81460,normal,2070,0,1782359316.5117729,0.0018873214721679688
81461,normal,1486,0,1782359316.5137572,0.0019843578338623047
81462,normal,1994,0,1782359316.5159163,0.00215911865234375
81463,normal,2869,0,1782359316.5178049,0.0018885135650634766
81464,normal,1032,0,1782359316.51975,0.0019452571868896484
81465,normal,322,0,1782359316.5220275,0.002277374267578125
81466,normal,2242,0,1782359316.524057,0.0020294189453125
81467,normal,2134,0,1782359316.5257244,0.0016674995422363281
81468,normal,3424,0,1782359316.5278735,0.0021491050720214844
81469,normal,3003,0,1782359316.5297875,0.0019140243530273438
81470,normal,3521,0,1782359316.5316994,0.0019118785858154297
81471,normal,2574,0,1782359316.5337641,0.0020647048950195312
81472,normal,3373,1,1782359316.535863,0.0020987987518310547
81473,normal,3313,1,1782359316.5379117,0.0020487308502197266
81474,normal,2165,0,1782359316.5400162,0.002104520797729492
81475,normal,3169,1,1782359316.5419302,0.0019140243530273438
81476,normal,44,0,1782359316.5441332,0.0022029876708984375
81477,normal,1953,0,1782359316.5457845,0.0016512870788574219
81478,normal,3345,1,1782359316.5477245,0.001940011978149414
81479,normal,3209,1,1782359316.5497553,0.0020308494567871094
81480,normal,135,0,1782359316.5519476,0.002192258834838867
81481,normal,367,0,1782359316.554015,0.0020673274993896484
81482,normal,3633,0,1782359316.5560958,0.0020809173583984375
81483,normal,237,0,1782359316.5589087,0.0028128623962402344
81484,normal,1980,0,1782359316.5600257,0.0011169910430908203
81485,normal,2310,0,1782359316.5622756,0.0022499561309814453
81486,normal,2218,0,1782359316.5642083,0.0019326210021972656
81487,normal,1793,0,1782359316.5660894,0.0018811225891113281
81488,normal,343,0,1782359316.568119,0.0020296573638916016
81489,normal,3628,0,1782359316.5700333,0.0019142627716064453
81490,normal,1130,0,1782359316.573275,0.0032417774200439453
81491,normal,1308,0,1782359316.5739415,0.0006663799285888672
81492,normal,2907,0,1782359316.5761847,0.0022432804107666016
81493,normal,3188,1,1782359316.5780866,0.001901865005493164
81494,normal,1868,0,1782359316.5805027,0.0024161338806152344
81495,normal,954,2,1782359316.5827007,0.0021979808807373047
81496,normal,2572,0,1782359316.584146,0.0014452934265136719
81497,normal,2956,0,1782359316.5863125,0.0021665096282958984
81498,normal,1104,0,1782359316.588186,0.0018734931945800781
81499,normal,953,2,1782359316.590437,0.0022509098052978516
81500,normal,1754,0,1782359316.5921729,0.0017359256744384766
81501,normal,2035,0,1782359316.5938478,0.0016748905181884766
81502,normal,1367,1,1782359316.5959692,0.002121448516845703
81503,normal,200,0,1782359316.5983744,0.0024051666259765625
81504,normal,1974,0,1782359316.6002219,0.0018475055694580078
81505,normal,111,0,1782359316.6021209,0.0018990039825439453
81506,normal,1014,2,1782359316.6041374,0.0020165443420410156
81507,normal,1942,0,1782359316.6061285,0.0019910335540771484
81508,normal,55,0,1782359316.6079588,0.0018303394317626953
81509,normal,2121,0,1782359316.6100442,0.002085447311401367
81510,normal,2506,0,1782359316.611915,0.001870870590209961
81511,normal,1648,0,1782359316.6139257,0.0020105838775634766
81512,normal,1363,1,1782359316.6159227,0.0019969940185546875
81513,normal,1376,1,1782359316.6180224,0.002099752426147461
81514,normal,2307,0,1782359316.6200233,0.0020008087158203125
81515,normal,2898,0,1782359316.622151,0.0021276473999023438
81516,normal,1408,0,1782359316.623795,0.001644134521484375
81517,normal,3191,1,1782359316.62575,0.0019550323486328125
81518,normal,1105,0,1782359316.6278408,0.0020906925201416016
81519,normal,1675,0,1782359316.629891,0.002050161361694336
81520,normal,2745,0,1782359316.6318178,0.0019268989562988281
81521,normal,547,0,1782359316.6340775,0.0022597312927246094
81522,normal,1244,0,1782359316.6359167,0.0018391609191894531
81523,normal,3708,0,1782359316.6381338,0.0022170543670654297
81524,normal,2158,0,1782359316.640986,0.002852201461791992
81525,normal,3696,0,1782359316.6424448,0.001458883285522461
81526,normal,2261,0,1782359316.6439877,0.001542806625366211
81527,normal,2456,0,1782359316.6457794,0.0017917156219482422
81528,normal,2756,0,1782359316.6478462,0.0020668506622314453
81529,normal,418,0,1782359316.6501956,0.002349376678466797
81530,normal,3349,1,1782359316.651778,0.0015823841094970703
81531,normal,3333,1,1782359316.6539423,0.0021643638610839844
81532,normal,845,2,1782359316.6582592,0.004316806793212891
81533,normal,613,0,1782359316.6583514,9.226799011230469e-05
81534,normal,3537,0,1782359316.660269,0.0019176006317138672
81535,normal,235,0,1782359316.6620839,0.0018148422241210938
81536,normal,993,2,1782359316.6641161,0.0020322799682617188
81537,normal,54,0,1782359316.6668146,0.0026984214782714844
81538,normal,1627,0,1782359316.6685278,0.0017132759094238281
81539,normal,244,0,1782359316.6701117,0.0015838146209716797
81540,normal,3677,0,1782359316.6723337,0.0022220611572265625
81541,normal,373,0,1782359316.6739945,0.0016608238220214844
81542,normal,1880,0,1782359316.676514,0.002519369125366211
81543,normal,1234,0,1782359316.6788478,0.0023338794708251953
81544,normal,56,0,1782359316.6803217,0.0014739036560058594
81545,normal,1824,0,1782359316.6822999,0.001978158950805664
81546,normal,3147,1,1782359316.6853182,0.0030183792114257812
81547,normal,2404,0,1782359316.6859329,0.0006146430969238281
81548,normal,2678,0,1782359316.690561,0.004628181457519531
81549,normal,2882,0,1782359316.6906579,9.679794311523438e-05
81550,normal,2428,0,1782359316.6924152,0.0017573833465576172
81551,normal,220,0,1782359316.6944942,0.002079010009765625
81552,normal,3335,1,1782359316.7024012,0.007906913757324219
81553,normal,1380,1,1782359316.7025137,0.0001125335693359375
81554,normal,2558,0,1782359316.7032256,0.0007119178771972656
81555,normal,1689,0,1782359316.703314,8.845329284667969e-05
81556,normal,2561,0,1782359316.7063506,0.0030364990234375
81557,normal,3486,0,1782359316.7064416,9.107589721679688e-05
81558,normal,1484,0,1782359316.7079532,0.0015115737915039062
81559,normal,1412,0,1782359316.7104967,0.0025434494018554688
81560,normal,1372,1,1782359316.7157474,0.005250692367553711
81561,normal,1115,0,1782359316.7170112,0.0012638568878173828
81562,normal,1748,0,1782359316.7170956,8.440017700195312e-05
81563,normal,448,0,1782359316.7193444,0.0022487640380859375
81564,normal,3221,1,1782359316.720167,0.0008225440979003906
81565,normal,424,0,1782359316.722509,0.0023419857025146484
81566,normal,3434,0,1782359316.7241364,0.0016274452209472656
81567,normal,3262,1,1782359316.7261074,0.001971006393432617
81568,normal,2160,0,1782359316.7280223,0.00191497802734375
81569,normal,2785,0,1782359316.7299871,0.0019648075103759766
81570,normal,1230,0,1782359316.7319214,0.0019342899322509766
81571,normal,940,2,1782359316.733969,0.0020475387573242188
81572,normal,2879,0,1782359316.7358928,0.0019237995147705078
81573,normal,1315,0,1782359316.7380986,0.0022058486938476562
81574,normal,2750,0,1782359316.7400815,0.0019829273223876953
81575,normal,3597,0,1782359316.7420177,0.001936197280883789
81576,normal,3268,1,1782359316.7438364,0.0018186569213867188
81577,normal,300,0,1782359316.7460508,0.0022144317626953125
81578,normal,3138,1,1782359316.7479613,0.0019104480743408203
81579,normal,3171,1,1782359316.750104,0.002142667770385742
81580,normal,1843,0,1782359316.75169,0.0015859603881835938
81581,normal,3050,1,1782359316.753691,0.002001047134399414
81582,normal,2842,0,1782359316.755718,0.0020270347595214844
81583,normal,2046,0,1782359316.7579796,0.002261638641357422
81584,normal,1787,0,1782359316.7598546,0.0018749237060546875
81585,normal,2030,0,1782359316.762047,0.0021924972534179688
81586,normal,1128,0,1782359316.763824,0.0017769336700439453
81587,normal,1282,0,1782359316.7657456,0.0019216537475585938
81588,normal,2050,0,1782359316.7678046,0.0020589828491210938
81589,normal,2806,0,1782359316.7697203,0.0019156932830810547
81590,normal,3085,1,1782359316.7719793,0.0022590160369873047
81591,normal,3234,1,1782359316.7748682,0.002888917922973633
81592,normal,1633,0,1782359316.7758405,0.0009722709655761719
81593,normal,1813,0,1782359316.777951,0.0021104812622070312
81594,normal,1238,0,1782359316.7798002,0.0018491744995117188
81595,normal,3641,0,1782359316.7817798,0.0019795894622802734
81596,normal,968,2,1782359316.7837734,0.0019936561584472656
81597,normal,2733,0,1782359316.7857356,0.0019621849060058594
81598,normal,1671,0,1782359316.7878418,0.002106189727783203
81599,normal,985,2,1782359316.7900648,0.0022230148315429688
81600,normal,2963,0,1782359316.791824,0.0017592906951904297
81601,normal,1009,2,1782359316.793795,0.001971006393432617
81602,normal,1263,0,1782359316.7957814,0.001986265182495117
81603,normal,1779,0,1782359316.7977378,0.001956462860107422
81604,normal,2316,0,1782359316.7997308,0.001992940902709961
81605,normal,1958,0,1782359316.8017185,0.0019876956939697266
81606,normal,407,0,1782359316.803756,0.002037525177001953
81607,normal,3598,0,1782359316.8057816,0.002025604248046875
81608,normal,2948,0,1782359316.8077192,0.0019376277923583984
81609,normal,199,0,1782359316.809747,0.002027750015258789
81610,normal,445,0,1782359316.8117483,0.0020012855529785156
81611,normal,423,0,1782359316.8137524,0.0020041465759277344
81612,normal,3664,0,1782359316.8157868,0.002034425735473633
81613,normal,1218,0,1782359316.8178535,0.0020666122436523438
81614,normal,2606,0,1782359316.8198593,0.0020058155059814453
81615,normal,1329,1,1782359316.821768,0.0019087791442871094
81616,normal,3100,1,1782359316.8237278,0.0019598007202148438
81617,normal,571,0,1782359316.8257213,0.001993417739868164
81618,normal,1121,0,1782359316.8277106,0.0019893646240234375
81619,normal,2659,0,1782359316.8297374,0.002026796340942383
81620,normal,528,0,1782359355.163199,0.0
81621,normal,3486,0,1782359355.1651351,0.001936197280883789
81622,normal,1979,0,1782359355.1672087,0.002073526382446289
81623,normal,2341,0,1782359355.1693826,0.002173900604248047
81624,normal,2635,0,1782359355.1713629,0.001980304718017578
81625,normal,2268,0,1782359355.1734056,0.0020427703857421875
81626,normal,35,0,1782359355.1752648,0.0018591880798339844
81627,normal,648,0,1782359355.1774492,0.0021843910217285156
81628,normal,2572,0,1782359355.1791608,0.0017116069793701172
81629,normal,1445,0,1782359355.1812954,0.002134561538696289
81630,normal,3085,1,1782359355.1832006,0.001905202865600586
81631,normal,2193,0,1782359355.1853862,0.0021855831146240234
81632,normal,106,0,1782359355.1872401,0.00185394287109375
81633,normal,766,0,1782359355.1893842,0.0021440982818603516
81634,normal,1795,0,1782359355.1912131,0.001828908920288086
81635,normal,1831,0,1782359355.1932938,0.002080678939819336
81636,normal,1369,1,1782359355.1953413,0.0020475387573242188
81637,normal,537,0,1782359355.1972241,0.001882791519165039
81638,normal,3124,1,1782359355.1994293,0.0022051334381103516
81639,normal,2038,0,1782359355.2012606,0.0018312931060791016
81640,normal,2139,0,1782359355.2033722,0.002111673355102539
81641,normal,1340,1,1782359355.2053761,0.002003908157348633
81642,normal,2028,0,1782359355.207411,0.002034902572631836
81643,normal,3614,0,1782359355.2093766,0.0019655227661132812
81644,normal,1635,0,1782359355.211435,0.0020585060119628906
81645,normal,1567,0,1782359355.2134006,0.0019655227661132812
81646,normal,1701,0,1782359355.2153728,0.001972198486328125
81647,normal,2897,0,1782359355.2174382,0.002065420150756836
81648,normal,2029,0,1782359355.2194045,0.001966238021850586
81649,normal,1034,0,1782359355.2213714,0.0019669532775878906
81650,normal,1460,0,1782359355.2234387,0.0020673274993896484
81651,normal,563,0,1782359355.2254019,0.0019631385803222656
81652,normal,1894,0,1782359355.227374,0.001972198486328125
81653,normal,897,2,1782359355.2294412,0.002067089080810547
81654,normal,81,0,1782359355.231279,0.0018377304077148438
81655,normal,2303,0,1782359355.2335043,0.0022253990173339844
81656,normal,2553,0,1782359355.2354453,0.0019409656524658203
81657,normal,1719,0,1782359355.2372658,0.0018205642700195312
81658,normal,3621,0,1782359355.2393713,0.0021054744720458984
81659,normal,2050,0,1782359355.2413752,0.002003908157348633
81660,normal,3568,0,1782359355.2433717,0.0019965171813964844
81661,normal,1267,0,1782359355.245371,0.001999378204345703
81662,normal,3044,0,1782359355.2474527,0.002081632614135742
81663,normal,2492,0,1782359355.2494051,0.0019524097442626953
81664,normal,2290,0,1782359355.2513702,0.001965045928955078
81665,normal,3081,1,1782359355.2534535,0.002083301544189453
81666,normal,2016,0,1782359355.2552729,0.0018193721771240234
81667,normal,2258,0,1782359355.25751,0.002237081527709961
81668,normal,2542,0,1782359355.259455,0.0019450187683105469
81669,normal,3142,1,1782359355.261398,0.0019431114196777344
81670,normal,2861,0,1782359355.263373,0.001974821090698242
81671,normal,3459,0,1782359355.2654586,0.0020856857299804688
81672,normal,2712,0,1782359355.2672782,0.001819610595703125
81673,normal,2993,0,1782359355.2695096,0.0022313594818115234
81674,normal,1001,2,1782359355.2714572,0.001947641372680664
81675,normal,3385,1,1782359355.2732675,0.001810312271118164
81676,normal,3472,0,1782359355.2755063,0.002238750457763672
81677,normal,1802,0,1782359355.2774577,0.001951456069946289
81678,normal,1345,1,1782359355.279268,0.001810312271118164
81679,normal,2730,0,1782359355.2815032,0.0022351741790771484
81680,normal,1615,0,1782359355.283456,0.0019528865814208984
81681,normal,929,2,1782359355.2852685,0.0018124580383300781
81682,normal,943,2,1782359355.287506,0.002237558364868164
81683,normal,1995,0,1782359355.2894604,0.001954317092895508
81684,normal,1130,0,1782359355.2912688,0.0018084049224853516
81685,normal,749,0,1782359355.2936313,0.002362489700317383
81686,normal,2604,0,1782359355.2953465,0.0017151832580566406
81687,normal,666,0,1782359355.2975059,0.0021593570709228516
81688,normal,3058,1,1782359355.2992468,0.0017409324645996094
81689,normal,2789,0,1782359355.3014643,0.002217531204223633
81690,normal,2562,0,1782359355.3032682,0.0018038749694824219
81691,normal,203,0,1782359355.3053722,0.002104043960571289
81692,normal,914,2,1782359355.3073733,0.002001047134399414
81693,normal,787,2,1782359355.309267,0.001893758773803711
81694,normal,525,0,1782359355.311508,0.002240896224975586
81695,normal,3709,0,1782359355.3134682,0.001960277557373047
81696,normal,3655,0,1782359355.315279,0.0018107891082763672
81697,normal,767,0,1782359355.3175087,0.0022296905517578125
81698,normal,2104,0,1782359355.319459,0.0019502639770507812
81699,normal,3108,1,1782359355.3214002,0.0019412040710449219
81700,normal,3565,0,1782359355.3233726,0.0019724369049072266
81701,normal,2605,0,1782359355.325401,0.0020284652709960938
81702,normal,584,0,1782359355.3274038,0.002002716064453125
81703,normal,2811,0,1782359355.3293731,0.0019693374633789062
81704,normal,415,0,1782359355.3313842,0.0020110607147216797
81705,normal,1084,0,1782359355.333367,0.0019829273223876953
81706,normal,3278,1,1782359355.3353477,0.0019805431365966797
81707,normal,2014,0,1782359355.3373563,0.002008676528930664
81708,normal,1490,0,1782359355.339441,0.0020847320556640625
81709,normal,1079,0,1782359355.3413453,0.0019042491912841797
81710,normal,2257,0,1782359355.3433504,0.0020051002502441406
81711,normal,2329,0,1782359355.3452673,0.0019168853759765625
81712,normal,3481,0,1782359355.3473432,0.0020759105682373047
81713,normal,1401,0,1782359355.3495898,0.0022466182708740234
81714,normal,2412,0,1782359355.351279,0.0016891956329345703
81715,normal,645,0,1782359355.3534114,0.002132415771484375
81716,normal,2794,0,1782359355.3552644,0.0018529891967773438
81717,normal,1518,0,1782359355.3574464,0.0021820068359375
81718,normal,13,0,1782359355.3592014,0.0017549991607666016
81719,normal,289,0,1782359355.3614442,0.0022428035736083984
81720,normal,2889,0,1782359355.363272,0.0018277168273925781
81721,normal,285,0,1782359355.3653634,0.0020914077758789062
81722,normal,2119,0,1782359355.3674192,0.0020558834075927734
81723,normal,607,0,1782359355.369515,0.0020956993103027344
81724,normal,1275,0,1782359355.3712466,0.0017316341400146484
81725,normal,2527,0,1782359355.373422,0.0021753311157226562
81726,normal,2626,0,1782359355.37552,0.00209808349609375
81727,normal,1923,0,1782359355.3772414,0.0017213821411132812
81728,normal,3226,1,1782359355.3792765,0.0020351409912109375
81729,normal,1322,1,1782359355.3813937,0.002117156982421875
81730,normal,3615,0,1782359355.3832445,0.0018508434295654297
81731,normal,2706,0,1782359355.3854232,0.002178668975830078
81732,normal,300,0,1782359355.3873212,0.001898050308227539
81733,normal,2020,0,1782359355.3892426,0.0019214153289794922
81734,normal,2216,0,1782359355.3914235,0.002180814743041992
81735,normal,3155,1,1782359355.393327,0.001903533935546875
81736,normal,1920,0,1782359355.3952377,0.0019106864929199219
81737,normal,693,0,1782359355.3974268,0.002189159393310547
81738,normal,3508,0,1782359355.3993208,0.0018939971923828125
81739,normal,2281,0,1782359355.4012456,0.001924753189086914
81740,normal,728,0,1782359355.403431,0.002185344696044922
81741,normal,1078,0,1782359355.405316,0.0018851757049560547
81742,normal,2608,0,1782359355.4072468,0.0019307136535644531
81743,normal,3580,0,1782359355.4093497,0.0021028518676757812
81744,normal,961,2,1782359355.4113166,0.0019669532775878906
81745,normal,361,0,1782359355.4132478,0.0019311904907226562
81746,normal,1014,2,1782359355.4153473,0.0020995140075683594
81747,normal,3143,1,1782359355.417362,0.002014636993408203
81748,normal,147,0,1782359355.4191878,0.0018258094787597656
81749,normal,2774,0,1782359355.421442,0.0022542476654052734
81750,normal,1093,0,1782359355.423351,0.001909017562866211
81751,normal,3623,0,1782359355.425243,0.0018918514251708984
81752,normal,2066,0,1782359355.4273612,0.002118349075317383
81753,normal,2015,0,1782359355.4293363,0.0019750595092773438
81754,normal,1875,0,1782359355.4312365,0.0019001960754394531
81755,normal,2006,0,1782359355.433444,0.002207517623901367
81756,normal,2983,0,1782359355.4353414,0.0018973350524902344
81757,normal,878,2,1782359355.4372382,0.0018968582153320312
81758,normal,1715,0,1782359355.439351,0.002112865447998047
81759,normal,2980,0,1782359355.4413786,0.0020275115966796875
81760,normal,883,2,1782359355.4432404,0.0018618106842041016
81761,normal,1342,1,1782359355.4453514,0.0021109580993652344
81762,normal,1911,0,1782359355.4473374,0.0019860267639160156
81763,normal,2035,0,1782359355.4491854,0.001847982406616211
81764,normal,2491,0,1782359355.451452,0.0022666454315185547
81765,normal,111,0,1782359355.4533305,0.001878499984741211
81766,normal,988,2,1782359355.4552379,0.0019073486328125
81767,normal,1569,0,1782359355.4574568,0.002218961715698242
81768,normal,652,0,1782359355.4593277,0.001870870590209961
81769,normal,2153,0,1782359355.46124,0.0019123554229736328
81770,normal,3263,1,1782359355.4634585,0.002218484878540039
81771,normal,2716,0,1782359355.4653294,0.001870870590209961
81772,normal,2330,0,1782359355.4672394,0.0019099712371826172
81773,normal,1880,0,1782359355.4694614,0.0022220611572265625
81774,normal,2741,0,1782359355.4713378,0.0018763542175292969
81775,normal,117,0,1782359355.4732382,0.0019004344940185547
81776,normal,1767,0,1782359355.4754083,0.002170085906982422
81777,normal,3196,1,1782359355.4773452,0.0019369125366210938
81778,normal,1478,0,1782359355.4792378,0.0018925666809082031
81779,normal,569,0,1782359355.4814658,0.0022280216217041016
81780,normal,339,0,1782359355.4833336,0.0018677711486816406
81781,normal,1362,1,1782359355.4852452,0.0019116401672363281
81782,normal,1092,0,1782359355.4873888,0.0021436214447021484
81783,normal,908,2,1782359355.4893246,0.001935720443725586
81784,normal,162,0,1782359355.4912386,0.0019140243530273438
81785,normal,3556,0,1782359355.493471,0.0022323131561279297
81786,normal,3452,0,1782359355.4952884,0.001817464828491211
81787,normal,1675,0,1782359355.497243,0.0019545555114746094
81788,normal,431,0,1782359355.4993687,0.0021257400512695312
81789,normal,936,2,1782359355.5012598,0.0018911361694335938
81790,normal,3468,0,1782359355.5032597,0.0019998550415039062
81791,normal,2300,0,1782359355.5054562,0.0021965503692626953
81792,normal,3244,1,1782359355.5072536,0.0017974376678466797
81793,normal,43,0,1782359355.5092556,0.0020020008087158203
81794,normal,301,0,1782359355.5114594,0.002203702926635742
81795,normal,2148,0,1782359355.513256,0.001796722412109375
81796,normal,1579,0,1782359355.5152447,0.001988649368286133
81797,normal,242,0,1782359355.5173297,0.002084970474243164
81798,normal,2746,0,1782359355.5193994,0.002069711685180664
81799,normal,128,0,1782359355.5211873,0.0017879009246826172
81800,normal,2719,0,1782359355.5232286,0.002041339874267578
81801,normal,899,2,1782359355.525472,0.0022432804107666016
81802,normal,1077,0,1782359355.5271716,0.001699686050415039
81803,normal,1025,2,1782359355.5292125,0.002040863037109375
81804,normal,2805,0,1782359355.5313332,0.0021207332611083984
81805,normal,2400,0,1782359355.533154,0.0018208026885986328
81806,normal,3314,1,1782359355.5352008,0.002046823501586914
81807,normal,1729,0,1782359355.537434,0.002233266830444336
81808,normal,1836,0,1782359355.5391695,0.0017354488372802734
81809,normal,3586,0,1782359355.5412135,0.0020439624786376953
81810,normal,1892,0,1782359355.5432374,0.002023935317993164
81811,normal,291,0,1782359355.5451527,0.0019152164459228516
81812,normal,1190,0,1782359355.5472028,0.002050161361694336
81813,normal,1915,0,1782359355.5493698,0.0021669864654541016
81814,normal,1352,1,1782359355.5511665,0.001796722412109375
81815,normal,1333,1,1782359355.5532103,0.0020437240600585938
81816,normal,527,0,1782359355.555344,0.0021338462829589844
81817,normal,2395,0,1782359355.5572088,0.0018646717071533203
81818,normal,3509,0,1782359355.5592237,0.0020148754119873047
81819,normal,1028,2,1782359355.5612388,0.0020151138305664062
81820,normal,1547,0,1782359355.563151,0.0019121170043945312
81821,normal,3685,0,1782359355.5652025,0.0020515918731689453
81822,normal,1977,0,1782359355.5672364,0.0020339488983154297
81823,normal,2084,0,1782359355.5691528,0.0019164085388183594
81824,normal,1992,0,1782359355.571199,0.0020461082458496094
81825,normal,3427,0,1782359355.5732336,0.0020346641540527344
81826,normal,833,2,1782359355.5751526,0.0019190311431884766
81827,normal,1608,0,1782359355.5771995,0.002046823501586914
81828,normal,1557,0,1782359355.5792437,0.002044200897216797
81829,normal,1000,2,1782359355.5811536,0.0019099712371826172
81830,normal,638,0,1782359355.5832012,0.0020475387573242188
81831,normal,2415,0,1782359355.5853438,0.002142667770385742
81832,normal,683,0,1782359355.587167,0.0018231868743896484
81833,normal,2279,0,1782359355.5892074,0.002040386199951172
81834,normal,2205,0,1782359355.5912397,0.0020322799682617188
81835,normal,1309,0,1782359355.593151,0.0019114017486572266
81836,normal,2938,0,1782359355.5951967,0.0020456314086914062
81837,normal,1704,0,1782359355.5973668,0.002170085906982422
81838,normal,2026,0,1782359355.5991604,0.0017936229705810547
81839,normal,866,2,1782359355.6012018,0.002041339874267578
81840,normal,925,2,1782359355.6033542,0.0021524429321289062
81841,normal,1461,0,1782359355.6051593,0.0018050670623779297
81842,normal,3470,0,1782359355.607205,0.0020456314086914062
81843,normal,942,2,1782359355.609345,0.002140045166015625
81844,normal,3517,0,1782359355.6111593,0.0018143653869628906
81845,normal,2094,0,1782359355.6132143,0.002054929733276367
81846,normal,200,0,1782359355.6153555,0.002141237258911133
81847,normal,621,0,1782359355.6171598,0.001804351806640625
81848,normal,1059,0,1782359355.6192055,0.0020456314086914062
81849,normal,748,0,1782359355.6213446,0.0021390914916992188
81850,normal,3406,0,1782359355.623211,0.0018663406372070312
81851,normal,3484,0,1782359355.625191,0.0019800662994384766
81852,normal,454,0,1782359355.627417,0.002226114273071289
81853,normal,3576,0,1782359355.6291952,0.0017781257629394531
81854,normal,1330,1,1782359355.631278,0.00208282470703125
81855,normal,3352,1,1782359355.6333895,0.0021114349365234375
81856,normal,2900,0,1782359355.6351843,0.0017948150634765625
81857,normal,1137,0,1782359355.6374383,0.002254009246826172
81858,normal,575,0,1782359355.6392422,0.0018038749694824219
81859,normal,1645,0,1782359355.6412609,0.0020186901092529297
81860,normal,1904,0,1782359355.6432433,0.001982450485229492
81861,normal,842,2,1782359355.645392,0.0021486282348632812
81862,normal,2896,0,1782359355.6471841,0.0017921924591064453
81863,normal,1282,0,1782359355.6493862,0.0022020339965820312
81864,normal,741,0,1782359355.6512406,0.0018544197082519531
81865,normal,500,0,1782359355.6532464,0.0020058155059814453
81866,normal,3501,0,1782359355.6553578,0.0021114349365234375
81867,normal,211,0,1782359355.6572268,0.0018689632415771484
81868,normal,774,2,1782359355.6592116,0.001984834671020508
81869,normal,3151,1,1782359355.6612084,0.001996755599975586
81870,normal,3222,1,1782359355.6632411,0.002032756805419922
81871,normal,2389,0,1782359355.6651587,0.0019176006317138672
81872,normal,3617,0,1782359355.6672022,0.002043485641479492
81873,normal,1797,0,1782359355.6692383,0.0020360946655273438
81874,normal,1815,0,1782359355.6711557,0.0019173622131347656
81875,normal,1845,0,1782359355.6732037,0.002048015594482422
81876,normal,348,0,1782359355.675252,0.0020482540130615234
81877,normal,1382,0,1782359355.677219,0.0019669532775878906
81878,normal,760,0,1782359355.679194,0.0019750595092773438
81879,normal,1210,0,1782359355.6812046,0.0020105838775634766
81880,normal,2920,0,1782359355.6831987,0.0019941329956054688
81881,normal,3377,1,1782359355.685459,0.0022602081298828125
81882,normal,624,0,1782359355.6873012,0.0018422603607177734
81883,normal,1432,0,1782359355.6892421,0.0019409656524658203
81884,normal,3412,0,1782359355.691376,0.0021338462829589844
81885,normal,2165,0,1782359355.6933413,0.0019652843475341797
81886,normal,1416,0,1782359355.695238,0.0018968582153320312
81887,normal,3475,0,1782359355.6973093,0.0020711421966552734
81888,normal,3419,0,1782359355.6993992,0.002089977264404297
81889,normal,1811,0,1782359355.7011886,0.0017893314361572266
81890,normal,1684,0,1782359355.703476,0.0022873878479003906
81891,normal,1524,0,1782359355.7053156,0.0018396377563476562
81892,normal,76,0,1782359355.7071855,0.0018699169158935547
81893,normal,2435,0,1782359355.7094672,0.002281665802001953
81894,normal,3469,0,1782359355.7113242,0.0018570423126220703
81895,normal,2970,0,1782359355.7132409,0.001916646957397461
81896,normal,2653,0,1782359355.7153695,0.00212860107421875
81897,normal,758,0,1782359355.7173615,0.0019919872283935547
81898,normal,1082,0,1782359355.719188,0.0018265247344970703
81899,normal,1967,0,1782359355.7214737,0.0022857189178466797
81900,normal,2850,0,1782359355.723317,0.0018432140350341797
81901,normal,731,0,1782359355.7252412,0.001924276351928711
81902,normal,891,2,1782359355.7273748,0.002133607864379883
81903,normal,1216,0,1782359355.7293682,0.001993417739868164
81904,normal,2357,0,1782359355.7311866,0.0018184185028076172
81905,normal,2558,0,1782359355.7332692,0.0020825862884521484
81906,normal,849,2,1782359355.7354004,0.002131223678588867
81907,normal,1693,0,1782359355.7372513,0.0018508434295654297
81908,normal,3601,0,1782359355.7392256,0.001974344253540039
81909,normal,720,0,1782359355.741418,0.002192258834838867
81910,normal,38,0,1782359355.743243,0.001825094223022461
81911,normal,649,0,1782359355.745232,0.001989126205444336
81912,normal,2125,0,1782359355.7474031,0.002171039581298828
81913,normal,2447,0,1782359355.7492406,0.0018374919891357422
81914,normal,1832,0,1782359355.7512314,0.001990795135498047
81915,normal,2928,0,1782359355.7534153,0.0021839141845703125
81916,normal,2747,0,1782359355.7551877,0.0017724037170410156
81917,normal,2218,0,1782359355.757238,0.002050161361694336
81918,normal,367,0,1782359355.759391,0.002153158187866211
81919,normal,1433,0,1782359355.7612429,0.001851797103881836
81920,normal,2206,0,1782359355.7632363,0.001993417739868164
81921,normal,1117,0,1782359355.7653987,0.002162456512451172
81922,normal,1728,0,1782359355.7672405,0.0018417835235595703
81923,normal,3372,1,1782359355.769238,0.0019974708557128906
81924,normal,646,0,1782359355.771397,0.00215911865234375
81925,normal,1108,0,1782359355.7732468,0.0018496513366699219
81926,normal,703,0,1782359355.7752497,0.0020029544830322266
81927,normal,502,0,1782359355.7773988,0.0021491050720214844
81928,normal,1833,0,1782359355.779238,0.0018391609191894531
81929,normal,1410,0,1782359355.7812421,0.0020041465759277344
81930,normal,2791,0,1782359355.7833993,0.0021572113037109375
81931,normal,1879,0,1782359355.785189,0.0017895698547363281
81932,normal,3351,1,1782359355.7872467,0.002057790756225586
81933,normal,18,0,1782359355.7893927,0.002146005630493164
81934,normal,3008,0,1782359355.7912405,0.0018477439880371094
81935,normal,1104,0,1782359355.7932498,0.0020093917846679688
81936,normal,352,0,1782359355.795398,0.002148151397705078
81937,normal,3521,0,1782359355.7971904,0.0017924308776855469
81938,normal,3067,1,1782359355.7992518,0.0020613670349121094
81939,normal,3326,1,1782359355.8013904,0.0021386146545410156
81940,normal,450,0,1782359355.8031888,0.001798391342163086
81941,normal,3460,0,1782359355.8052547,0.002065896987915039
81942,normal,1525,0,1782359355.8073094,0.0020546913146972656
81943,normal,3440,0,1782359355.8091934,0.0018839836120605469
81944,normal,735,0,1782359355.8112311,0.0020377635955810547
81945,normal,1673,0,1782359355.8133852,0.002154111862182617
81946,normal,90,0,1782359355.8151755,0.0017902851104736328
81947,normal,244,0,1782359355.817208,0.0020325183868408203
81948,normal,1864,0,1782359355.819388,0.002179861068725586
81949,normal,1044,0,1782359355.8211882,0.0018002986907958984
81950,normal,1143,0,1782359355.8232083,0.002020120620727539
81951,normal,3348,1,1782359355.8253489,0.002140522003173828
81952,normal,1937,0,1782359355.8271577,0.0018088817596435547
81953,normal,2810,0,1782359355.829201,0.0020432472229003906
81954,normal,1354,1,1782359355.8313618,0.002160787582397461
81955,normal,329,0,1782359355.8331566,0.0017948150634765625
81956,normal,585,0,1782359355.8352,0.002043485641479492
81957,normal,2827,0,1782359355.8373454,0.0021452903747558594
81958,normal,2076,0,1782359355.8391929,0.0018475055694580078
81959,normal,1985,0,1782359355.8412175,0.0020246505737304688
81960,normal,2109,0,1782359355.8432539,0.0020363330841064453
81961,normal,531,0,1782359355.8451536,0.00189971923828125
81962,normal,129,0,1782359355.8471994,0.002045869827270508
81963,normal,3447,0,1782359355.8493502,0.0021507740020751953
81964,normal,2237,0,1782359355.851171,0.0018208026885986328
81965,normal,51,0,1782359355.8532119,0.002040863037109375
81966,normal,284,0,1782359355.8552377,0.0020258426666259766
81967,normal,2144,0,1782359355.8571556,0.0019178390502929688
81968,normal,2632,0,1782359355.859203,0.0020475387573242188
81969,normal,3608,0,1782359355.8613498,0.0021467208862304688
81970,normal,2487,0,1782359355.863181,0.0018312931060791016
81971,normal,3631,0,1782359355.8652124,0.0020313262939453125
81972,normal,675,0,1782359355.8673432,0.002130746841430664
81973,normal,151,0,1782359355.8691752,0.0018320083618164062
81974,normal,1727,0,1782359355.871223,0.0020477771759033203
81975,normal,1663,0,1782359355.8732421,0.002019166946411133
81976,normal,889,2,1782359355.8751562,0.0019140243530273438
81977,normal,759,0,1782359355.8772025,0.002046346664428711
81978,normal,3596,0,1782359355.8793428,0.0021402835845947266
81979,normal,3433,0,1782359355.8811717,0.001828908920288086
81980,normal,1943,0,1782359355.8832126,0.002040863037109375
81981,normal,3324,1,1782359355.8853483,0.002135753631591797
81982,normal,2633,0,1782359355.8871703,0.0018219947814941406
81983,normal,1274,0,1782359355.889213,0.0020427703857421875
81984,normal,1823,0,1782359355.891236,0.002022981643676758
81985,normal,1679,0,1782359355.893158,0.0019218921661376953
81986,normal,1484,0,1782359355.8952,0.002042055130004883
81987,normal,1289,0,1782359355.89735,0.0021500587463378906
81988,normal,1030,0,1782359355.8991694,0.0018193721771240234
81989,normal,3287,1,1782359355.9012094,0.0020399093627929688
81990,normal,3703,0,1782359355.9033482,0.002138853073120117
81991,normal,2835,0,1782359355.9051707,0.0018224716186523438
81992,normal,3600,0,1782359355.9072158,0.002045154571533203
81993,normal,980,2,1782359355.9092577,0.0020418167114257812
81994,normal,1643,0,1782359355.911153,0.0018954277038574219
81995,normal,482,0,1782359355.9132,0.002046823501586914
81996,normal,1170,0,1782359355.91552,0.0023200511932373047
81997,normal,3169,1,1782359355.917202,0.0016820430755615234
81998,normal,717,0,1782359355.9194562,0.0022542476654052734
81999,normal,1961,0,1782359355.9215066,0.0020503997802734375
82000,normal,456,0,1782359355.9232,0.0016932487487792969
82001,normal,414,0,1782359355.9254603,0.002260446548461914
82002,normal,2223,0,1782359355.9273233,0.0018630027770996094
82003,normal,3206,1,1782359355.9292264,0.0019030570983886719
82004,normal,1088,0,1782359355.9314601,0.002233743667602539
82005,normal,1789,0,1782359355.933508,0.0020477771759033203
82006,normal,3435,0,1782359355.935201,0.0016930103302001953
82007,normal,3592,0,1782359355.9374645,0.0022635459899902344
82008,normal,2657,0,1782359355.939499,0.002034425735473633
82009,normal,102,0,1782359355.9411962,0.0016973018646240234
82010,normal,3068,1,1782359355.94346,0.002263784408569336
82011,normal,1737,0,1782359355.945354,0.0018939971923828125
82012,normal,2046,0,1782359355.9471846,0.0018305778503417969
82013,normal,397,0,1782359355.9494028,0.0022182464599609375
82014,normal,777,2,1782359355.9514923,0.0020895004272460938
82015,normal,3010,0,1782359355.953209,0.00171661376953125
82016,normal,3482,0,1782359355.955463,0.002254009246826172
82017,normal,3569,0,1782359355.9573195,0.0018565654754638672
82018,normal,2233,0,1782359355.9591844,0.0018649101257324219
82019,normal,2278,0,1782359355.9614668,0.002282381057739258
82020,normal,65,0,1782359355.9634976,0.0020308494567871094
82021,normal,1748,0,1782359355.9651985,0.0017008781433105469
82022,normal,1588,0,1782359355.967468,0.0022695064544677734
82023,normal,2846,0,1782359355.9694903,0.002022266387939453
82024,normal,2475,0,1782359355.9711976,0.001707315444946289
82025,normal,3346,1,1782359355.973472,0.0022745132446289062
82026,normal,3179,1,1782359355.975303,0.0018308162689208984
82027,normal,3201,1,1782359355.977186,0.0018830299377441406
82028,normal,847,2,1782359355.9794736,0.002287626266479492
82029,normal,74,0,1782359355.981491,0.002017498016357422
82030,normal,23,0,1782359355.9832108,0.0017197132110595703
82031,normal,982,2,1782359355.9853885,0.002177715301513672
82032,normal,2294,0,1782359355.9873347,0.0019462108612060547
82033,normal,3562,0,1782359355.9891841,0.0018494129180908203
82034,normal,2007,0,1782359355.9913833,0.0021991729736328125
82035,normal,3164,1,1782359355.9934952,0.0021119117736816406
82036,normal,1934,0,1782359355.9951959,0.0017006397247314453
82037,normal,998,2,1782359355.9974828,0.0022869110107421875
82038,normal,34,0,1782359355.9994938,0.0020110607147216797
82039,normal,2512,0,1782359356.0011902,0.0016963481903076172
82040,normal,3401,1,1782359356.0033855,0.0021953582763671875
82041,normal,1013,2,1782359356.0055106,0.0021250247955322266
82042,normal,1839,0,1782359356.0071898,0.0016791820526123047
82043,normal,2489,0,1782359356.009392,0.002202272415161133
82044,normal,410,0,1782359356.0114923,0.002100229263305664
82045,normal,999,2,1782359356.0131907,0.0016984939575195312
82046,normal,1962,0,1782359356.0153909,0.0022001266479492188
82047,normal,3680,0,1782359356.017493,0.0021021366119384766
82048,normal,1086,0,1782359356.0191903,0.0016973018646240234
82049,normal,3450,0,1782359356.0213947,0.002204418182373047
82050,normal,2516,0,1782359356.023499,0.0021042823791503906
82051,normal,2011,0,1782359356.025274,0.0017750263214111328
82052,normal,3606,0,1782359356.0273736,0.0020995140075683594
82053,normal,1902,0,1782359356.0293703,0.001996755599975586
82054,normal,2440,0,1782359356.0312486,0.0018782615661621094
82055,normal,1572,0,1782359356.0333712,0.002122640609741211
82056,normal,2366,0,1782359356.0353537,0.001982450485229492
82057,normal,3407,0,1782359356.0372527,0.0018990039825439453
82058,normal,1319,1,1782359356.039401,0.0021483898162841797
82059,normal,2664,0,1782359356.0413709,0.0019698143005371094
82060,normal,2708,0,1782359356.0432405,0.0018696784973144531
82061,normal,3305,1,1782359356.0454175,0.002177000045776367
82062,normal,1115,0,1782359356.047343,0.0019254684448242188
82063,normal,1957,0,1782359356.0491936,0.0018506050109863281
82064,normal,2984,0,1782359356.0514028,0.002209186553955078
82065,normal,647,0,1782359356.0533578,0.0019550323486328125
82066,normal,1256,0,1782359356.055239,0.0018811225891113281
82067,normal,1062,0,1782359356.0574088,0.0021698474884033203
82068,normal,2868,0,1782359356.0593479,0.0019390583038330078
82069,normal,370,0,1782359356.061239,0.0018911361694335938
82070,normal,3087,1,1782359356.0633721,0.0021331310272216797
82071,normal,1376,1,1782359356.0653727,0.002000570297241211
82072,normal,2895,0,1782359356.0671856,0.0018129348754882812
82073,normal,2698,0,1782359356.0694137,0.0022280216217041016
82074,normal,1230,0,1782359356.07129,0.0018763542175292969
82075,normal,639,0,1782359356.0732388,0.0019488334655761719
82076,normal,522,0,1782359356.075415,0.002176046371459961
82077,normal,2027,0,1782359356.0773118,0.0018968582153320312
82078,normal,265,0,1782359356.0792394,0.0019276142120361328
82079,normal,3086,1,1782359356.0814168,0.0021774768829345703
82080,normal,2074,0,1782359356.083321,0.0019042491912841797
82081,normal,1576,0,1782359356.0852377,0.001916646957397461
82082,normal,1500,0,1782359356.0874195,0.0021817684173583984
82083,normal,1753,0,1782359356.089336,0.0019164085388183594
82084,normal,1873,0,1782359356.0911868,0.0018508434295654297
82085,normal,104,0,1782359356.0934231,0.0022363662719726562
82086,normal,1148,0,1782359356.0952861,0.0018630027770996094
82087,normal,1940,0,1782359356.0972435,0.001957416534423828
82088,normal,1057,0,1782359356.0993705,0.002126932144165039
82089,normal,1900,0,1782359356.1013322,0.0019617080688476562
82090,normal,3581,0,1782359356.1032388,0.0019066333770751953
82091,normal,3510,0,1782359356.105431,0.002192258834838867
82092,normal,1531,0,1782359356.1073081,0.0018770694732666016
82093,normal,391,0,1782359356.1091905,0.001882314682006836
82094,normal,2315,0,1782359356.1114295,0.0022389888763427734
82095,normal,369,0,1782359356.1133065,0.0018770694732666016
82096,normal,1901,0,1782359356.115238,0.0019314289093017578
82097,normal,54,0,1782359356.1174307,0.0021927356719970703
82098,normal,3253,1,1782359356.1193173,0.001886606216430664
82099,normal,3485,0,1782359356.1212416,0.001924276351928711
82100,normal,118,0,1782359356.1233535,0.0021119117736816406
82101,normal,1844,0,1782359356.1253657,0.0020122528076171875
82102,normal,1464,0,1782359356.1272123,0.0018465518951416016
82103,normal,3046,1,1782359356.129384,0.002171754837036133
82104,normal,3370,1,1782359356.131287,0.0019030570983886719
82105,normal,427,0,1782359356.133239,0.0019519329071044922
82106,normal,752,0,1782359356.1354375,0.002198457717895508
82107,normal,818,2,1782359356.1372995,0.0018620491027832031
82108,normal,2935,0,1782359356.1392376,0.0019381046295166016
82109,normal,3170,1,1782359356.1414418,0.0022041797637939453
82110,normal,1247,0,1782359356.1433277,0.0018858909606933594
82111,normal,858,2,1782359356.145241,0.001913309097290039
82112,normal,1380,1,1782359356.1473467,0.002105712890625
82113,normal,2822,0,1782359356.1492379,0.0018911361694335938
82114,normal,1493,0,1782359356.1511874,0.0019495487213134766
82115,normal,3560,0,1782359356.1532338,0.002046346664428711
82116,normal,1695,0,1782359356.1553886,0.002154827117919922
82117,normal,996,2,1782359356.1572409,0.001852273941040039
82118,normal,2167,0,1782359356.1591997,0.0019588470458984375
82119,normal,1809,0,1782359356.1614015,0.0022017955780029297
82120,normal,1849,0,1782359356.1631854,0.0017838478088378906
82121,normal,1964,0,1782359356.1653023,0.0021169185638427734
82122,normal,499,0,1782359356.16739,0.002087831497192383
82123,normal,2750,0,1782359356.1691847,0.001794576644897461
82124,normal,3522,0,1782359356.1713045,0.002119779586791992
82125,normal,3355,1,1782359356.1733942,0.0020897388458251953
82126,normal,1390,0,1782359356.175247,0.0018527507781982422
82127,normal,279,0,1782359356.1772087,0.0019617080688476562
82128,normal,3071,1,1782359356.179397,0.002188444137573242
82129,normal,2865,0,1782359356.181185,0.0017879009246826172
82130,normal,1570,0,1782359356.1833096,0.0021245479583740234
82131,normal,1043,0,1782359356.185357,0.0020475387573242188
82132,normal,696,0,1782359356.1872137,0.0018565654754638672
82133,normal,130,0,1782359356.1893125,0.0020987987518310547
82134,normal,2463,0,1782359356.1913545,0.002042055130004883
82135,normal,3225,1,1782359356.1931543,0.0017998218536376953
82136,normal,357,0,1782359356.1953506,0.0021963119506835938
82137,normal,3209,1,1782359356.1972039,0.0018532276153564453
82138,normal,2070,0,1782359356.199209,0.0020051002502441406
82139,normal,1377,1,1782359356.2011664,0.001957416534423828
82140,normal,2000,0,1782359356.2032416,0.0020751953125
82141,normal,2563,0,1782359356.205219,0.0019774436950683594
82142,normal,426,0,1782359356.207169,0.0019500255584716797
82143,normal,1047,0,1782359356.2092202,0.002051115036010742
82144,normal,2370,0,1782359356.211182,0.001961946487426758
82145,normal,139,0,1782359356.2131774,0.0019953250885009766
82146,normal,1191,0,1782359356.2152011,0.0020236968994140625
82147,normal,2483,0,1782359356.2171683,0.001967191696166992
82148,normal,836,2,1782359356.21917,0.0020017623901367188
82149,normal,97,0,1782359356.2212095,0.0020394325256347656
82150,normal,1586,0,1782359356.2231662,0.0019567012786865234
82151,normal,3061,1,1782359356.2251656,0.001999378204345703
82152,normal,507,0,1782359356.2272072,0.0020415782928466797
82153,normal,3446,0,1782359356.2291691,0.001961946487426758
82154,normal,1060,0,1782359356.2311637,0.001994609832763672
82155,normal,1177,0,1782359356.2332015,0.0020377635955810547
82156,normal,2891,0,1782359356.235168,0.0019664764404296875
82157,normal,423,0,1782359356.237186,0.002017974853515625
82158,normal,2759,0,1782359356.239201,0.0020151138305664062
82159,normal,1775,0,1782359356.2411659,0.0019648075103759766
82160,normal,1824,0,1782359356.2431865,0.002020597457885742
82161,normal,3110,1,1782359356.2452111,0.0020246505737304688
82162,normal,2333,0,1782359356.247168,0.001956939697265625
82163,normal,2181,0,1782359356.249197,0.002028942108154297
82164,normal,3634,0,1782359356.2512438,0.002046823501586914
82165,normal,127,0,1782359356.2531533,0.001909494400024414
82166,normal,1255,0,1782359356.255198,0.002044677734375
82167,normal,1571,0,1782359356.2572334,0.002035379409790039
82168,normal,3165,1,1782359356.2591527,0.0019192695617675781
82169,normal,1783,0,1782359356.2612088,0.002056121826171875
82170,normal,3478,0,1782359356.263233,0.0020241737365722656
82171,normal,750,0,1782359356.265151,0.0019180774688720703
82172,normal,3542,0,1782359356.2671974,0.002046346664428711
82173,normal,412,0,1782359356.2692297,0.0020322799682617188
82174,normal,1471,0,1782359356.271207,0.0019774436950683594
82175,normal,642,0,1782359356.27321,0.0020029544830322266
82176,normal,2679,0,1782359356.2752385,0.0020284652709960938
82177,normal,184,0,1782359356.2772057,0.001967191696166992
82178,normal,1405,0,1782359356.2792094,0.0020036697387695312
82179,normal,3590,0,1782359356.2812366,0.002027273178100586
82180,normal,2068,0,1782359356.283206,0.0019693374633789062
82181,normal,2669,0,1782359356.2852101,0.0020041465759277344
82182,normal,2894,0,1782359356.287239,0.002028942108154297
82183,normal,714,0,1782359356.2892075,0.0019683837890625
82184,normal,1021,2,1782359356.2911813,0.001973867416381836
82185,normal,419,0,1782359356.293203,0.00202178955078125
82186,normal,2115,0,1782359356.2951949,0.001991748809814453
82187,normal,1623,0,1782359356.2971745,0.0019795894622802734
82188,normal,599,0,1782359356.2991772,0.002002716064453125
82189,normal,2888,0,1782359356.30117,0.001992940902709961
82190,normal,1488,0,1782359356.3031676,0.0019974708557128906
82191,normal,1096,0,1782359356.3052332,0.0020656585693359375
82192,normal,2610,0,1782359356.3071811,0.0019478797912597656
82193,normal,1,0,1782359356.3091662,0.0019850730895996094
82194,normal,2080,0,1782359356.3111463,0.0019800662994384766
82195,normal,786,2,1782359356.3131957,0.0020494461059570312
82196,normal,1393,0,1782359356.3154178,0.0022220611572265625
82197,normal,1423,0,1782359356.3172064,0.0017886161804199219
82198,normal,3479,0,1782359356.3193471,0.0021407604217529297
82199,normal,2815,0,1782359356.321266,0.001918792724609375
82200,normal,919,2,1782359356.3233824,0.0021164417266845703
82201,normal,795,2,1782359356.3251874,0.0018050670623779297
82202,normal,2307,0,1782359356.3274405,0.0022530555725097656
82203,normal,68,0,1782359356.329204,0.0017635822296142578
82204,normal,411,0,1782359356.3313472,0.0021431446075439453
82205,normal,3463,0,1782359356.3332717,0.0019245147705078125
82206,normal,962,2,1782359356.33535,0.0020782947540283203
82207,normal,1810,0,1782359356.3372,0.0018498897552490234
82208,normal,3193,1,1782359356.3394275,0.0022275447845458984
82209,normal,3260,1,1782359356.3412127,0.0017852783203125
82210,normal,1721,0,1782359356.3433702,0.002157449722290039
82211,normal,3254,1,1782359356.3452764,0.0019061565399169922
82212,normal,3083,1,1782359356.3473473,0.002070903778076172
82213,normal,3678,0,1782359356.3494184,0.0020711421966552734
82214,normal,1726,0,1782359356.3512244,0.001806020736694336
82215,normal,3633,0,1782359356.3532026,0.001978158950805664
82216,normal,1963,0,1782359356.3554,0.0021975040435791016
82217,normal,501,0,1782359356.3572824,0.001882314682006836
82218,normal,1058,0,1782359356.3593488,0.002066373825073242
82219,normal,1268,0,1782359356.3612025,0.0018537044525146484
82220,normal,1147,0,1782359356.3632827,0.002080202102661133
82221,normal,10,0,1782359356.3653553,0.002072572708129883
82222,normal,2601,0,1782359356.3671803,0.001825094223022461
82223,normal,3054,1,1782359356.369439,0.0022585391998291016
82224,normal,1554,0,1782359356.3712215,0.0017826557159423828
82225,normal,1671,0,1782359356.373342,0.002120494842529297
82226,normal,3354,1,1782359356.375179,0.001837015151977539
82227,normal,2735,0,1782359356.3773196,0.002140522003173828
82228,normal,859,2,1782359356.3791802,0.0018606185913085938
82229,normal,2047,0,1782359356.3811765,0.001996278762817383
82230,normal,3277,1,1782359356.3833036,0.0021271705627441406
82231,normal,1711,0,1782359356.3851688,0.0018651485443115234
82232,normal,1457,0,1782359356.3872116,0.0020427703857421875
82233,normal,1501,0,1782359356.3892806,0.0020689964294433594
82234,normal,3619,0,1782359356.3911676,0.0018870830535888672
82235,normal,307,0,1782359356.3932016,0.0020339488983154297
82236,normal,442,0,1782359356.3953283,0.0021266937255859375
82237,normal,2800,0,1782359356.3973482,0.0020198822021484375
82238,normal,1328,1,1782359356.399299,0.0019507408142089844
82239,normal,1826,0,1782359356.401399,0.0020999908447265625
82240,normal,1982,0,1782359356.403185,0.0017859935760498047
82241,normal,3462,0,1782359356.4054544,0.0022695064544677734
82242,normal,3060,1,1782359356.4072912,0.0018367767333984375
82243,normal,3674,0,1782359356.4091856,0.0018944740295410156
82244,normal,2141,0,1782359356.4113016,0.002115964889526367
82245,normal,3382,1,1782359356.4133875,0.0020859241485595703
82246,normal,3455,0,1782359356.4151835,0.0017960071563720703
82247,normal,843,2,1782359356.417461,0.002277374267578125
82248,normal,3297,1,1782359356.4192991,0.0018382072448730469
82249,normal,967,2,1782359356.4211884,0.0018892288208007812
82250,normal,121,0,1782359356.4234624,0.002274036407470703
82251,normal,3229,1,1782359356.4252937,0.0018312931060791016
82252,normal,2388,0,1782359356.4271834,0.0018897056579589844
82253,normal,125,0,1782359356.4296062,0.002422809600830078
82254,normal,2175,0,1782359356.431271,0.001664876937866211
82255,normal,1467,0,1782359356.4333975,0.002126455307006836
82256,normal,574,0,1782359356.4352357,0.0018382072448730469
82257,normal,3249,1,1782359356.4373908,0.0021550655364990234
82258,normal,3359,1,1782359356.4391844,0.0017936229705810547
82259,normal,3467,0,1782359356.4415143,0.0023298263549804688
82260,normal,86,0,1782359356.4432337,0.0017194747924804688
82261,normal,904,2,1782359356.445239,0.002005338668823242
82262,normal,1560,0,1782359356.4473197,0.002080678939819336
82263,normal,2201,0,1782359356.4493945,0.002074718475341797
82264,normal,2105,0,1782359356.4511878,0.0017933845520019531
82265,normal,1253,0,1782359356.4532456,0.002057790756225586
82266,normal,2939,0,1782359356.45541,0.0021643638610839844
82267,normal,321,0,1782359356.4571872,0.0017771720886230469
82268,normal,1551,0,1782359356.4593756,0.002188444137573242
82269,normal,3293,1,1782359356.461203,0.0018274784088134766
82270,normal,3408,0,1782359356.4633539,0.0021507740020751953
82271,normal,705,0,1782359356.4653268,0.0019729137420654297
82272,normal,141,0,1782359356.467387,0.0020601749420166016
82273,normal,1421,0,1782359356.469214,0.0018270015716552734
82274,normal,3304,1,1782359356.4712303,0.002016305923461914
82275,normal,2761,0,1782359356.4733567,0.002126455307006836
82276,normal,2380,0,1782359356.4752016,0.0018448829650878906
82277,normal,775,2,1782359356.4772313,0.0020296573638916016
82278,normal,2311,0,1782359356.4793682,0.0021369457244873047
82279,normal,2768,0,1782359356.4811769,0.0018086433410644531
82280,normal,1279,0,1782359356.4831688,0.0019919872283935547
82281,normal,583,0,1782359356.485303,0.002134084701538086
82282,normal,1522,0,1782359356.4872086,0.001905679702758789
82283,normal,2620,0,1782359356.4891772,0.0019686222076416016
82284,normal,2705,0,1782359356.4912002,0.002022981643676758
82285,normal,2658,0,1782359356.493169,0.001968860626220703
82286,normal,2630,0,1782359356.495175,0.0020058155059814453
82287,normal,3136,1,1782359356.4972007,0.0020258426666259766
82288,normal,1747,0,1782359356.4991663,0.0019655227661132812
82289,normal,2194,0,1782359356.5011623,0.0019960403442382812
82290,normal,2284,0,1782359356.5032022,0.0020399093627929688
82291,normal,3668,0,1782359356.505177,0.001974821090698242
82292,normal,1745,0,1782359356.507201,0.002023935317993164
82293,normal,3527,0,1782359356.509231,0.0020301342010498047
82294,normal,2385,0,1782359356.5111537,0.001922607421875
82295,normal,3449,0,1782359356.5131977,0.0020439624786376953
82296,normal,2113,0,1782359356.5152304,0.002032756805419922
82297,normal,2391,0,1782359356.5171509,0.001920461654663086
82298,normal,134,0,1782359356.5192037,0.002052783966064453
82299,normal,623,0,1782359356.5212328,0.0020291805267333984
82300,normal,3699,0,1782359356.523151,0.0019180774688720703
82301,normal,2898,0,1782359356.5252006,0.002049684524536133
82302,normal,232,0,1782359356.5272365,0.002035856246948242
82303,normal,616,0,1782359356.529152,0.0019154548645019531
82304,normal,2661,0,1782359356.5311987,0.002046823501586914
82305,normal,1238,0,1782359356.533205,0.0020062923431396484
82306,normal,620,0,1782359356.5351691,0.001964092254638672
82307,normal,1760,0,1782359356.537173,0.002003908157348633
82308,normal,1239,0,1782359356.5391998,0.002026796340942383
82309,normal,1407,0,1782359356.5411682,0.0019683837890625
82310,normal,1051,0,1782359356.5432026,0.002034425735473633
82311,normal,2039,0,1782359356.545231,0.0020284652709960938
82312,normal,2232,0,1782359356.5471516,0.001920461654663086
82313,normal,3183,1,1782359356.5491982,0.0020465850830078125
82314,normal,2090,0,1782359356.5512536,0.0020554065704345703
82315,normal,2874,0,1782359356.5531595,0.0019059181213378906
82316,normal,387,0,1782359356.5551689,0.0020093917846679688
82317,normal,975,2,1782359356.5571985,0.0020296573638916016
82318,normal,3286,1,1782359356.5591683,0.0019698143005371094
82319,normal,3055,1,1782359356.5611675,0.0019991397857666016
82320,normal,1250,0,1782359356.5632005,0.0020329952239990234
82321,normal,149,0,1782359356.5651665,0.0019659996032714844
82322,normal,2564,0,1782359356.567192,0.002025604248046875
82323,normal,530,0,1782359356.569201,0.0020089149475097656
82324,normal,1083,0,1782359356.571142,0.0019409656524658203
82325,normal,3696,0,1782359356.5732322,0.0020902156829833984
82326,normal,3442,0,1782359356.5751688,0.0019366741180419922
82327,normal,1689,0,1782359356.5772014,0.0020325183868408203
82328,normal,2681,0,1782359356.5791519,0.0019505023956298828
82329,normal,2399,0,1782359356.5812159,0.0020639896392822266
82330,normal,533,0,1782359356.5831902,0.001974344253540039
82331,normal,1022,2,1782359356.5851753,0.0019850730895996094
82332,normal,3345,1,1782359356.5871546,0.001979351043701172
82333,normal,163,0,1782359356.5891492,0.001994609832763672
82334,normal,2528,0,1782359356.5911546,0.002005338668823242
82335,normal,1899,0,1782359356.593145,0.0019903182983398438
82336,normal,2179,0,1782359356.5951455,0.002000570297241211
82337,normal,733,0,1782359356.597149,0.0020034313201904297
82338,normal,2762,0,1782359356.5991445,0.001995563507080078
82339,normal,1732,0,1782359356.6011972,0.002052783966064453
82340,normal,1697,0,1782359356.6032004,0.002003192901611328
82341,normal,3000,0,1782359356.6052065,0.002006053924560547
82342,normal,3641,0,1782359356.607126,0.0019195079803466797
82343,normal,1229,0,1782359356.609153,0.0020270347595214844
82344,normal,2536,0,1782359356.6111486,0.001995563507080078
82345,normal,1164,0,1782359356.6131942,0.0020456314086914062
82346,normal,210,0,1782359356.6152694,0.0020751953125
82347,normal,136,0,1782359356.6171322,0.0018627643585205078
82348,normal,3158,1,1782359356.6191394,0.0020072460174560547
82349,normal,3241,1,1782359356.621198,0.0020585060119628906
82350,normal,2967,0,1782359356.6232026,0.0020046234130859375
82351,normal,1739,0,1782359356.6251996,0.0019969940185546875
82352,normal,952,2,1782359356.6272283,0.0020287036895751953
82353,normal,2738,0,1782359356.6291618,0.0019335746765136719
82354,normal,2331,0,1782359356.6312587,0.002096891403198242
82355,normal,2841,0,1782359356.633145,0.0018863677978515625
82356,normal,350,0,1782359356.6352053,0.0020601749420166016
82357,normal,3551,0,1782359356.6372163,0.0020110607147216797
82358,normal,3176,1,1782359356.6391313,0.00191497802734375
82359,normal,2157,0,1782359356.6411996,0.0020682811737060547
82360,normal,1533,0,1782359356.64336,0.002160310745239258
82361,normal,3009,0,1782359356.6452038,0.0018439292907714844
82362,normal,1603,0,1782359356.6473489,0.002145051956176758
82363,normal,520,0,1782359356.6492007,0.001851797103881836
82364,normal,2081,0,1782359356.6513684,0.0021677017211914062
82365,normal,3106,1,1782359356.6532009,0.0018324851989746094
82366,normal,2318,0,1782359356.6553495,0.0021486282348632812
82367,normal,1841,0,1782359356.6572082,0.0018587112426757812
82368,normal,2862,0,1782359356.6593547,0.002146482467651367
82369,normal,2944,0,1782359356.6611986,0.0018439292907714844
82370,normal,2340,0,1782359356.66321,0.0020112991333007812
82371,normal,3603,0,1782359356.6653547,0.0021448135375976562
82372,normal,3077,1,1782359356.6671987,0.0018439292907714844
82373,normal,3549,0,1782359356.669348,0.002149343490600586
82374,normal,2378,0,1782359356.671207,0.0018589496612548828
82375,normal,3504,0,1782359356.6733503,0.002143383026123047
82376,normal,3583,0,1782359356.6753135,0.0019631385803222656
82377,normal,3322,1,1782359356.6774032,0.0020897388458251953
82378,normal,194,0,1782359356.6792138,0.0018105506896972656
82379,normal,1334,1,1782359356.6813586,0.0021448135375976562
82380,normal,2857,0,1782359356.683215,0.0018563270568847656
82381,normal,2917,0,1782359356.6853526,0.0021376609802246094
82382,normal,820,2,1782359356.6872206,0.0018680095672607422
82383,normal,627,0,1782359356.6893585,0.002137899398803711
82384,normal,1949,0,1782359356.6912007,0.0018422603607177734
82385,normal,1113,0,1782359356.6933746,0.002173900604248047
82386,normal,2004,0,1782359356.6952045,0.0018298625946044922
82387,normal,1236,0,1782359356.6973553,0.0021507740020751953
82388,normal,2033,0,1782359356.6992257,0.0018703937530517578
82389,normal,983,2,1782359356.7013595,0.0021338462829589844
82390,normal,2645,0,1782359356.7032106,0.0018510818481445312
82391,normal,524,0,1782359356.7051983,0.0019876956939697266
82392,normal,298,0,1782359356.7072132,0.0020148754119873047
82393,normal,562,0,1782359356.7093542,0.0021409988403320312
82394,normal,1784,0,1782359356.7112305,0.0018763542175292969
82395,normal,2695,0,1782359356.7133617,0.002131223678588867
82396,normal,922,2,1782359356.7151988,0.001837015151977539
82397,normal,1580,0,1782359356.717235,0.0020363330841064453
82398,normal,1502,0,1782359356.7193909,0.002155780792236328
82399,normal,612,0,1782359356.721182,0.001791238784790039
82400,normal,2582,0,1782359356.7232351,0.0020530223846435547
82401,normal,2059,0,1782359356.7254605,0.0022253990173339844
82402,normal,2636,0,1782359356.7271903,0.001729726791381836
82403,normal,148,0,1782359356.7293913,0.002201080322265625
82404,normal,282,0,1782359356.73128,0.0018887519836425781
82405,normal,3255,1,1782359356.733185,0.0019049644470214844
82406,normal,1003,2,1782359356.7353945,0.0022094249725341797
82407,normal,167,0,1782359356.737288,0.0018935203552246094
82408,normal,2517,0,1782359356.7391844,0.0018963813781738281
82409,normal,3400,1,1782359356.7413623,0.0021779537200927734
82410,normal,3356,1,1782359356.7432818,0.0019195079803466797
82411,normal,1800,0,1782359356.7451859,0.0019040107727050781
82412,normal,1303,0,1782359356.7473836,0.002197742462158203
82413,normal,1029,2,1782359356.7492838,0.0019001960754394531
82414,normal,1562,0,1782359356.7511857,0.001901865005493164
82415,normal,3628,0,1782359356.753402,0.002216339111328125
82416,normal,3571,0,1782359356.755321,0.0019190311431884766
82417,normal,2136,0,1782359356.7571836,0.0018625259399414062
82418,normal,1205,0,1782359356.759404,0.0022203922271728516
82419,normal,2511,0,1782359356.761513,0.002109050750732422
82420,normal,2526,0,1782359356.763197,0.001683950424194336
82421,normal,2267,0,1782359356.7654092,0.0022122859954833984
82422,normal,3393,1,1782359356.7673357,0.001926422119140625
82423,normal,1662,0,1782359356.7691865,0.0018508434295654297
82424,normal,3384,1,1782359356.771409,0.0022225379943847656
82425,normal,2765,0,1782359356.773291,0.0018820762634277344
82426,normal,1632,0,1782359356.7751825,0.0018913745880126953
82427,normal,3534,0,1782359356.777416,0.0022335052490234375
82428,normal,1381,1,1782359356.779499,0.0020830631256103516
82429,normal,3616,0,1782359356.7811995,0.0017004013061523438
82430,normal,613,0,1782359356.7834141,0.002214670181274414
82431,normal,1472,0,1782359356.7852924,0.0018782615661621094
82432,normal,1285,0,1782359356.7871845,0.00189208984375
82433,normal,2675,0,1782359356.7894166,0.002232074737548828
82434,normal,3483,0,1782359356.7915018,0.0020852088928222656
82435,normal,2941,0,1782359356.7931924,0.0016906261444091797
82436,normal,1385,0,1782359356.7954183,0.0022258758544921875
82437,normal,784,2,1782359356.7974997,0.0020813941955566406
82438,normal,2473,0,1782359356.7991936,0.0016939640045166016
82439,normal,2937,0,1782359356.801422,0.0022284984588623047
82440,normal,3014,0,1782359356.803503,0.0020809173583984375
82441,normal,2549,0,1782359356.80519,0.0016870498657226562
82442,normal,2816,0,1782359356.8074229,0.002232789993286133
82443,normal,103,0,1782359356.8094988,0.0020759105682373047
82444,normal,2102,0,1782359356.8111901,0.0016913414001464844
82445,normal,3532,0,1782359356.8134274,0.0022373199462890625
82446,normal,120,0,1782359356.8154938,0.002066373825073242
82447,normal,2199,0,1782359356.817191,0.0016970634460449219
82448,normal,3021,0,1782359356.8193905,0.0021996498107910156
82449,normal,77,0,1782359356.8214927,0.0021021366119384766
82450,normal,455,0,1782359356.8232157,0.0017230510711669922
82451,normal,2804,0,1782359356.8254309,0.002215147018432617
82452,normal,954,2,1782359356.8272223,0.0017914772033691406
82453,normal,3669,0,1782359356.829352,0.0021295547485351562
82454,normal,2524,0,1782359356.8312805,0.001928567886352539
82455,normal,2985,0,1782359356.8333511,0.0020706653594970703
82456,normal,764,0,1782359356.8351998,0.0018486976623535156
82457,normal,1291,0,1782359356.8374355,0.0022356510162353516
82458,normal,2339,0,1782359356.839286,0.0018506050109863281
82459,normal,3320,1,1782359356.8411841,0.001898050308227539
82460,normal,66,0,1782359356.8433523,0.0021681785583496094
82461,normal,1736,0,1782359356.8453043,0.0019519329071044922
82462,normal,1348,1,1782359356.847183,0.0018787384033203125
82463,normal,3428,0,1782359356.84944,0.002257108688354492
82464,normal,392,0,1782359356.8512602,0.0018200874328613281
82465,normal,2703,0,1782359356.853188,0.0019278526306152344
82466,normal,595,0,1782359356.855382,0.002193927764892578
82467,normal,3618,0,1782359356.857278,0.0018961429595947266
82468,normal,2195,0,1782359356.8591833,0.001905202865600586
82469,normal,467,0,1782359356.8614464,0.0022630691528320312
82470,normal,1165,0,1782359356.863257,0.0018105506896972656
82471,normal,3597,0,1782359356.8651884,0.0019314289093017578
82472,normal,1935,0,1782359356.8674471,0.002258777618408203
82473,normal,2619,0,1782359356.8692794,0.0018322467803955078
82474,normal,3667,0,1782359356.8712137,0.0019342899322509766
82475,normal,3443,0,1782359356.8732996,0.0020859241485595703
82476,normal,1896,0,1782359356.8753512,0.0020515918731689453
82477,normal,2253,0,1782359356.8772016,0.0018503665924072266
82478,normal,3431,0,1782359356.8792012,0.0019996166229248047
82479,normal,199,0,1782359356.8813589,0.0021576881408691406
82480,normal,330,0,1782359356.883201,0.0018420219421386719
82481,normal,2723,0,1782359356.8852394,0.0020384788513183594
82482,normal,2571,0,1782359356.887316,0.0020766258239746094
82483,normal,2470,0,1782359356.8891456,0.0018296241760253906
82484,normal,854,2,1782359356.8912468,0.0021011829376220703
82485,normal,1694,0,1782359356.8933938,0.0021469593048095703
82486,normal,3494,0,1782359356.8951843,0.0017905235290527344
82487,normal,3200,1,1782359356.897384,0.0021996498107910156
82488,normal,1185,0,1782359356.8992655,0.0018815994262695312
82489,normal,1114,0,1782359356.9013376,0.0020720958709716797
82490,normal,793,2,1782359356.9033098,0.001972198486328125
82491,normal,1746,0,1782359356.9053934,0.0020835399627685547
82492,normal,287,0,1782359356.9071834,0.0017900466918945312
82493,normal,485,0,1782359356.9093828,0.002199411392211914
82494,normal,406,0,1782359356.9112732,0.001890420913696289
82495,normal,2756,0,1782359356.9131842,0.0019109249114990234
82496,normal,1356,1,1782359356.9153802,0.002196073532104492
82497,normal,33,0,1782359356.9172666,0.0018863677978515625
82498,normal,3391,1,1782359356.9192145,0.0019478797912597656
82499,normal,924,2,1782359356.9212067,0.0019922256469726562
82500,normal,2186,0,1782359356.9233646,0.002157926559448242
82501,normal,2236,0,1782359356.925202,0.0018372535705566406
82502,normal,465,0,1782359356.9273536,0.0021517276763916016
82503,normal,3518,0,1782359356.9291985,0.0018448829650878906
82504,normal,838,2,1782359356.9313662,0.0021677017211914062
82505,normal,890,2,1782359356.9333224,0.0019562244415283203
82506,normal,589,0,1782359356.935456,0.002133607864379883
82507,normal,2242,0,1782359356.9371922,0.0017361640930175781
82508,normal,2317,0,1782359356.939354,0.002161741256713867
82509,normal,445,0,1782359356.9412947,0.0019407272338867188
82510,normal,1703,0,1782359356.9431875,0.0018928050994873047
82511,normal,2467,0,1782359356.9453948,0.0022072792053222656
82512,normal,2263,0,1782359356.9472008,0.001806020736694336
82513,normal,1463,0,1782359356.949347,0.0021462440490722656
82514,normal,1301,0,1782359356.9512317,0.0018846988677978516
82515,normal,1944,0,1782359356.953376,0.002144336700439453
82516,normal,1208,0,1782359356.9552014,0.0018253326416015625
82517,normal,2213,0,1782359356.957388,0.0021865367889404297
82518,normal,2627,0,1782359356.9592063,0.0018184185028076172
82519,normal,510,0,1782359356.9613545,0.002148151397705078
82520,normal,2964,0,1782359356.9632058,0.0018513202667236328
82521,normal,1273,0,1782359356.96536,0.002154111862182617
82522,normal,3248,1,1782359356.9672134,0.0018534660339355469
82523,normal,2793,0,1782359356.969241,0.0020275115966796875
82524,normal,1418,0,1782359356.971355,0.0021140575408935547
82525,normal,2797,0,1782359356.9732003,0.0018453598022460938
82526,normal,24,0,1782359356.9753518,0.0021514892578125
82527,normal,3612,0,1782359356.9772007,0.0018489360809326172
82528,normal,3512,0,1782359356.97935,0.002149343490600586
82529,normal,2110,0,1782359356.9812434,0.0018932819366455078
82530,normal,2844,0,1782359356.9833484,0.0021049976348876953
82531,normal,1120,0,1782359356.9851978,0.0018494129180908203
82532,normal,2478,0,1782359356.9873989,0.002201080322265625
82533,normal,1519,0,1782359356.9892533,0.0018544197082519531
82534,normal,2221,0,1782359356.991183,0.0019297599792480469
82535,normal,535,0,1782359356.9934006,0.002217531204223633
82536,normal,3653,0,1782359356.9952593,0.0018587112426757812
82537,normal,1149,0,1782359356.9973338,0.0020744800567626953
82538,normal,578,0,1782359356.9992511,0.0019173622131347656
82539,normal,1706,0,1782359357.0013993,0.002148151397705078
82540,normal,3018,0,1782359357.0031831,0.0017838478088378906
82541,normal,241,0,1782359357.0053782,0.002195119857788086
82542,normal,3131,1,1782359357.0072737,0.0018954277038574219
82543,normal,2866,0,1782359357.0091825,0.0019087791442871094
82544,normal,2912,0,1782359357.0113826,0.0022001266479492188
82545,normal,989,2,1782359357.0133011,0.0019185543060302734
82546,normal,2798,0,1782359357.0152192,0.0019180774688720703
82547,normal,3197,1,1782359357.0172029,0.001983642578125
82548,normal,261,0,1782359357.019348,0.002145051956176758
82549,normal,2297,0,1782359357.0211985,0.0018506050109863281
82550,normal,813,2,1782359357.023354,0.0021555423736572266
82551,normal,1939,0,1782359357.0251982,0.001844167709350586
82552,normal,46,0,1782359357.0273526,0.0021543502807617188
82553,normal,195,0,1782359357.029262,0.001909494400024414
82554,normal,3525,0,1782359357.0313547,0.002092599868774414
82555,normal,834,2,1782359357.0331967,0.0018420219421386719
82556,normal,1344,1,1782359357.0353487,0.002151966094970703
82557,normal,351,0,1782359357.0371983,0.0018496513366699219
82558,normal,2644,0,1782359357.039349,0.0021507740020751953
82559,normal,2615,0,1782359357.0412056,0.0018565654754638672
82560,normal,84,0,1782359357.043375,0.002169370651245117
82561,normal,3625,0,1782359357.0451827,0.0018076896667480469
82562,normal,3291,1,1782359357.0474179,0.0022351741790771484
82563,normal,991,2,1782359357.0491982,0.0017802715301513672
82564,normal,629,0,1782359357.0513377,0.002139568328857422
82565,normal,2302,0,1782359357.053204,0.0018663406372070312
82566,normal,3075,1,1782359357.05535,0.002146005630493164
82567,normal,1863,0,1782359357.0571973,0.0018472671508789062
82568,normal,1222,0,1782359357.0594213,0.002223968505859375
82569,normal,3536,0,1782359357.0612102,0.0017888545989990234
82570,normal,710,0,1782359357.0633626,0.0021524429321289062
82571,normal,776,2,1782359357.0652802,0.0019176006317138672
82572,normal,29,0,1782359357.0673556,0.0020754337310791016
82573,normal,3289,1,1782359357.069201,0.0018453598022460938
82574,normal,1852,0,1782359357.0712812,0.002080202102661133
82575,normal,1555,0,1782359357.0733793,0.00209808349609375
82576,normal,1116,0,1782359357.075205,0.0018258094787597656
82577,normal,3531,0,1782359357.0772836,0.002078533172607422
82578,normal,2579,0,1782359357.0793395,0.0020558834075927734
82579,normal,3630,0,1782359357.0813034,0.0019638538360595703
82580,normal,2160,0,1782359357.0831993,0.001895904541015625
82581,normal,360,0,1782359357.0853531,0.0021538734436035156
82582,normal,3292,1,1782359357.0872004,0.0018472671508789062
82583,normal,2631,0,1782359357.0894396,0.002239227294921875
82584,normal,2905,0,1782359357.091199,0.0017592906951904297
82585,normal,2075,0,1782359357.0933468,0.0021479129791259766
82586,normal,2368,0,1782359357.0952907,0.001943826675415039
82587,normal,2131,0,1782359357.097389,0.0020983219146728516
82588,normal,3379,1,1782359357.099184,0.001795053482055664
82589,normal,2918,0,1782359357.1014235,0.0022394657135009766
82590,normal,2543,0,1782359357.1032557,0.0018322467803955078
82591,normal,437,0,1782359357.1051836,0.0019278526306152344
82592,normal,1087,0,1782359357.1073523,0.0021686553955078125
82593,normal,2548,0,1782359357.1091998,0.0018475055694580078
82594,normal,539,0,1782359357.1113517,0.002151966094970703
82595,normal,2588,0,1782359357.113198,0.0018463134765625
82596,normal,1033,0,1782359357.1153817,0.002183675765991211
82597,normal,1199,0,1782359357.1171858,0.0018041133880615234
82598,normal,704,0,1782359357.1193867,0.0022008419036865234
82599,normal,409,0,1782359357.1212611,0.0018744468688964844
82600,normal,464,0,1782359357.1231856,0.0019245147705078125
82601,normal,538,0,1782359357.125455,0.002269268035888672
82602,normal,785,2,1782359357.1271982,0.001743316650390625
82603,normal,3444,0,1782359357.129362,0.0021638870239257812
82604,normal,1842,0,1782359357.1312037,0.0018415451049804688
82605,normal,571,0,1782359357.133354,0.002150297164916992
82606,normal,1081,0,1782359357.1351967,0.0018427371978759766
82607,normal,762,0,1782359357.137361,0.0021643638610839844
82608,normal,2187,0,1782359357.139195,0.0018339157104492188
82609,normal,2613,0,1782359357.14135,0.0021550655364990234
82610,normal,1758,0,1782359357.14321,0.001859903335571289
82611,normal,2854,0,1782359357.1453526,0.002142667770385742
82612,normal,3515,0,1782359357.1471975,0.0018448829650878906
82613,normal,544,0,1782359357.1494615,0.0022640228271484375
82614,normal,170,0,1782359357.1512523,0.001790761947631836
82615,normal,3378,1,1782359357.153184,0.0019316673278808594
82616,normal,825,2,1782359357.1554618,0.002277851104736328
82617,normal,1526,0,1782359357.1572745,0.0018126964569091797
82618,normal,2870,0,1782359357.1592171,0.0019426345825195312
82619,normal,1610,0,1782359357.1613734,0.0021562576293945312
82620,normal,1975,0,1782359357.1631973,0.0018239021301269531
82621,normal,3178,1,1782359357.1653528,0.0021555423736572266
82622,normal,1682,0,1782359357.1672187,0.0018658638000488281
82623,normal,3031,0,1782359357.169353,0.0021343231201171875
82624,normal,2419,0,1782359357.1711965,0.0018434524536132812
82625,normal,555,0,1782359357.1733525,0.0021560192108154297
82626,normal,939,2,1782359357.1752708,0.0019183158874511719
82627,normal,3388,1,1782359357.1771898,0.0019190311431884766
82628,normal,1144,0,1782359357.1792252,0.002035379409790039
82629,normal,2159,0,1782359357.1813512,0.002125978469848633
82630,normal,1489,0,1782359357.1831994,0.0018482208251953125
82631,normal,83,0,1782359357.1852295,0.0020301342010498047
82632,normal,20,0,1782359357.1873884,0.0021588802337646484
82633,normal,3627,0,1782359357.1892016,0.0018131732940673828
82634,normal,2758,0,1782359357.191232,0.0020303726196289062
82635,normal,557,0,1782359357.193395,0.002162933349609375
82636,normal,2885,0,1782359357.1951842,0.0017893314361572266
82637,normal,3160,1,1782359357.1972358,0.0020515918731689453
82638,normal,1893,0,1782359357.1994104,0.0021746158599853516
82639,normal,3364,1,1782359357.2011833,0.0017728805541992188
82640,normal,3671,0,1782359357.2032366,0.0020532608032226562
82641,normal,2416,0,1782359357.2054033,0.002166748046875
82642,normal,2250,0,1782359357.2071898,0.0017864704132080078
82643,normal,2061,0,1782359357.2093837,0.002193927764892578
82644,normal,2304,0,1782359357.2112622,0.001878499984741211
82645,normal,335,0,1782359357.2131834,0.0019211769104003906
82646,normal,887,2,1782359357.2153811,0.002197742462158203
82647,normal,275,0,1782359357.2174776,0.002096414566040039
82648,normal,2358,0,1782359357.2192063,0.0017287731170654297
82649,normal,1734,0,1782359357.2211735,0.001967191696166992
82650,normal,1743,0,1782359357.2231498,0.0019762516021728516
82651,normal,2722,0,1782359357.225208,0.002058267593383789
82652,normal,2138,0,1782359357.2272267,0.0020186901092529297
82653,normal,2790,0,1782359357.229274,0.002047300338745117
82654,normal,144,0,1782359357.231203,0.0019290447235107422
82655,normal,2171,0,1782359357.2333515,0.0021483898162841797
82656,normal,909,2,1782359357.2352095,0.0018579959869384766
82657,normal,2621,0,1782359357.2373505,0.0021409988403320312
82658,normal,3397,1,1782359357.2392387,0.001888275146484375
82659,normal,1677,0,1782359357.2413595,0.0021207332611083984
82660,normal,2551,0,1782359357.2431984,0.0018389225006103516
82661,normal,1174,0,1782359357.24538,0.002181529998779297
82662,normal,1971,0,1782359357.2472067,0.0018267631530761719
82663,normal,566,0,1782359357.2493465,0.0021398067474365234
82664,normal,1630,0,1782359357.2512016,0.0018551349639892578
82665,normal,1946,0,1782359357.253392,0.0021903514862060547
82666,normal,1468,0,1782359357.2551882,0.0017962455749511719
82667,normal,650,0,1782359357.257414,0.0022258758544921875
82668,normal,559,0,1782359357.2592778,0.001863718032836914
82669,normal,3288,1,1782359357.2611933,0.0019154548645019531
82670,normal,2123,0,1782359357.263414,0.002220630645751953
82671,normal,1945,0,1782359357.2652004,0.0017864704132080078
82672,normal,39,0,1782359357.2673542,0.0021538734436035156
82673,normal,1998,0,1782359357.2692094,0.0018551349639892578
82674,normal,3269,1,1782359357.2714002,0.002190828323364258
82675,normal,2755,0,1782359357.2731829,0.0017826557159423828
82676,normal,3409,0,1782359357.2754204,0.002237558364868164
82677,normal,444,0,1782359357.2772555,0.0018351078033447266
82678,normal,1430,0,1782359357.279186,0.0019304752349853516
82679,normal,359,0,1782359357.281352,0.0021660327911376953
82680,normal,2445,0,1782359357.2832537,0.0019016265869140625
82681,normal,1131,0,1782359357.285185,0.0019314289093017578
82682,normal,1320,1,1782359357.2874243,0.002239227294921875
82683,normal,1708,0,1782359357.2892003,0.001775979995727539
82684,normal,1221,0,1782359357.2913525,0.0021522045135498047
82685,normal,2384,0,1782359357.2932737,0.0019211769104003906
82686,normal,3145,1,1782359357.2953594,0.0020856857299804688
82687,normal,2560,0,1782359357.2971983,0.0018389225006103516
82688,normal,1419,0,1782359357.2993643,0.0021660327911376953
82689,normal,3473,0,1782359357.3011975,0.001833200454711914
82690,normal,2421,0,1782359357.3033385,0.0021409988403320312
82691,normal,1454,0,1782359357.305197,0.0018584728240966797
82692,normal,1618,0,1782359357.3073552,0.0021581649780273438
82693,normal,2734,0,1782359357.3091984,0.0018432140350341797
82694,normal,3005,0,1782359357.3114343,0.002235889434814453
82695,normal,1698,0,1782359357.3132136,0.001779317855834961
82696,normal,2327,0,1782359357.3151977,0.001984119415283203
82697,normal,1993,0,1782359357.3174386,0.002240896224975586
82698,normal,2592,0,1782359357.31945,0.0020112991333007812
82699,normal,313,0,1782359357.3212187,0.0017688274383544922
82700,normal,228,0,1782359357.3234386,0.0022199153900146484
82701,normal,1010,2,1782359357.325203,0.0017642974853515625
82702,normal,2383,0,1782359357.327351,0.002148151397705078
82703,normal,2890,0,1782359357.3292875,0.0019364356994628906
82704,normal,2285,0,1782359357.3313575,0.0020699501037597656
82705,normal,2472,0,1782359357.3331988,0.0018413066864013672
82706,normal,1017,2,1782359357.3354437,0.0022449493408203125
82707,normal,809,2,1782359357.3371983,0.0017545223236083984
82708,normal,2796,0,1782359357.3393517,0.0021533966064453125
82709,normal,1126,0,1782359357.3412933,0.001941680908203125
82710,normal,1479,0,1782359357.3433502,0.0020568370819091797
82711,normal,1351,1,1782359357.3452437,0.0018935203552246094
82712,normal,2292,0,1782359357.3473575,0.002113819122314453
82713,normal,1947,0,1782359357.349345,0.001987457275390625
82714,normal,1442,0,1782359357.351235,0.001889944076538086
82715,normal,222,0,1782359357.3534656,0.0022306442260742188
82716,normal,2282,0,1782359357.355207,0.0017414093017578125
82717,normal,1152,0,1782359357.3573933,0.002186298370361328
82718,normal,3394,1,1782359357.3593783,0.0019850730895996094
82719,normal,2168,0,1782359357.361398,0.002019643783569336
82720,normal,1068,0,1782359357.3634233,0.0020253658294677734
82721,normal,3070,1,1782359357.3654397,0.002016305923461914
82722,normal,173,0,1782359357.367406,0.001966238021850586
82723,normal,1803,0,1782359357.369385,0.0019791126251220703
82724,normal,913,2,1782359357.3715203,0.0021352767944335938
82725,normal,2575,0,1782359357.373267,0.0017466545104980469
82726,normal,3624,0,1782359357.3754847,0.0022177696228027344
82727,normal,1772,0,1782359357.3772633,0.0017786026000976562
82728,normal,3030,0,1782359357.3795326,0.002269268035888672
82729,normal,1006,2,1782359357.3812332,0.0017006397247314453
82730,normal,440,0,1782359357.3835127,0.002279520034790039
82731,normal,3252,1,1782359357.385282,0.0017693042755126953
82732,normal,2172,0,1782359357.387348,0.002065896987915039
82733,normal,3387,1,1782359357.389472,0.0021240711212158203
82734,normal,2425,0,1782359357.3915327,0.0020606517791748047
82735,normal,223,0,1782359357.3932521,0.0017194747924804688
82736,normal,1589,0,1782359357.3954713,0.0022192001342773438
82737,normal,2320,0,1782359357.3972127,0.0017414093017578125
82738,normal,1286,0,1782359357.3994033,0.0021905899047851562
82739,normal,3042,0,1782359357.40132,0.001916646957397461
82740,normal,2697,0,1782359357.403396,0.0020759105682373047
82741,normal,2777,0,1782359357.4052398,0.0018439292907714844
82742,normal,1764,0,1782359357.4072418,0.0020020008087158203
82743,normal,884,2,1782359357.409414,0.002172231674194336
82744,normal,215,0,1782359357.411212,0.0017979145050048828
82745,normal,799,2,1782359357.413539,0.00232696533203125
82746,normal,302,0,1782359357.4152567,0.0017178058624267578
82747,normal,2345,0,1782359357.4173682,0.0021114349365234375
82748,normal,3051,1,1782359357.4192128,0.001844644546508789
82749,normal,3367,1,1782359357.4212472,0.002034425735473633
82750,normal,2087,0,1782359357.4233658,0.0021185874938964844
82751,normal,1166,0,1782359357.4252405,0.001874685287475586
82752,normal,1290,0,1782359357.4273946,0.002154111862182617
82753,normal,1097,0,1782359357.4292328,0.0018382072448730469
82754,normal,1262,0,1782359357.4313717,0.002138853073120117
82755,normal,2956,0,1782359357.433273,0.001901388168334961
82756,normal,1266,0,1782359357.4352129,0.0019397735595703125
82757,normal,2786,0,1782359357.4374862,0.0022733211517333984
82758,normal,3582,0,1782359357.4392452,0.0017590522766113281
82759,normal,985,2,1782359357.4413657,0.002120494842529297
82760,normal,178,0,1782359357.4432373,0.0018715858459472656
82761,normal,2506,0,1782359357.4453988,0.0021615028381347656
82762,normal,1724,0,1782359357.447215,0.0018162727355957031
82763,normal,1687,0,1782359357.4493833,0.0021681785583496094
82764,normal,3013,0,1782359357.4512455,0.0018622875213623047
82765,normal,1196,0,1782359357.4533985,0.0021529197692871094
82766,normal,933,2,1782359357.455242,0.0018434524536132812
82767,normal,2628,0,1782359357.4573915,0.0021495819091796875
82768,normal,1638,0,1782359357.4592116,0.0018200874328613281
82769,normal,50,0,1782359357.4613929,0.0021812915802001953
82770,normal,58,0,1782359357.4632947,0.001901865005493164
82771,normal,808,2,1782359357.4652128,0.0019180774688720703
82772,normal,1242,0,1782359357.467366,0.002153158187866211
82773,normal,3065,1,1782359357.4692857,0.0019197463989257812
82774,normal,344,0,1782359357.4712112,0.0019254684448242188
82775,normal,2112,0,1782359357.473405,0.0021936893463134766
82776,normal,2200,0,1782359357.4752674,0.0018625259399414062
82777,normal,2146,0,1782359357.4772127,0.0019452571868896484
82778,normal,698,0,1782359357.479366,0.0021533966064453125
82779,normal,1223,0,1782359357.4812465,0.0018804073333740234
82780,normal,977,2,1782359357.4833958,0.002149343490600586
82781,normal,1439,0,1782359357.4852552,0.001859426498413086
82782,normal,355,0,1782359357.4873848,0.0021295547485351562
82783,normal,3159,1,1782359357.4892137,0.001828908920288086
82784,normal,363,0,1782359357.4913974,0.002183675765991211
82785,normal,2037,0,1782359357.4932647,0.0018672943115234375
82786,normal,473,0,1782359357.4953659,0.0021011829376220703
82787,normal,3658,0,1782359357.497259,0.0018930435180664062
82788,normal,3186,1,1782359357.4993849,0.002125978469848633
82789,normal,1599,0,1782359357.50124,0.0018551349639892578
82790,normal,78,0,1782359357.5033927,0.002152681350708008
82791,normal,2088,0,1782359357.5052617,0.0018689632415771484
82792,normal,3098,1,1782359357.5073662,0.002104520797729492
82793,normal,1932,0,1782359357.5092652,0.0018990039825439453
82794,normal,1160,0,1782359357.511387,0.0021219253540039062
82795,normal,2482,0,1782359357.5132132,0.0018260478973388672
82796,normal,3666,0,1782359357.5153942,0.0021810531616210938
82797,normal,416,0,1782359357.5172474,0.0018532276153564453
82798,normal,1974,0,1782359357.5193636,0.0021162033081054688
82799,normal,1938,0,1782359357.5212014,0.0018377304077148438
82800,normal,2461,0,1782359357.5233843,0.0021829605102539062
82801,normal,1497,0,1782359357.5252595,0.001875162124633789
82802,normal,2398,0,1782359357.5273964,0.0021369457244873047
82803,normal,1118,0,1782359357.5292675,0.0018711090087890625
82804,normal,245,0,1782359357.5312128,0.0019452571868896484
82805,normal,1779,0,1782359357.5334275,0.002214670181274414
82806,normal,3342,1,1782359357.5352683,0.001840829849243164
82807,normal,1491,0,1782359357.5372121,0.001943826675415039
82808,normal,532,0,1782359357.5394301,0.002218008041381836
82809,normal,3693,0,1782359357.5412498,0.001819610595703125
82810,normal,1821,0,1782359357.5433936,0.00214385986328125
82811,normal,1889,0,1782359357.5452428,0.0018491744995117188
82812,normal,3323,1,1782359357.547403,0.002160310745239258
82813,normal,3413,0,1782359357.5492191,0.0018160343170166016
82814,normal,3437,0,1782359357.5513952,0.002176046371459961
82815,normal,946,2,1782359357.5532768,0.0018815994262695312
82816,normal,869,2,1782359357.555213,0.001936197280883789
82817,normal,3300,1,1782359357.5574367,0.0022237300872802734
82818,normal,2670,0,1782359357.5592744,0.0018377304077148438
82819,normal,318,0,1782359357.5612118,0.0019373893737792969
82820,normal,2423,0,1782359357.5634396,0.002227783203125
82821,normal,166,0,1782359357.565281,0.0018413066864013672
82822,normal,1578,0,1782359357.5672128,0.001931905746459961
82823,normal,3414,0,1782359357.5693643,0.0021514892578125
82824,normal,3587,0,1782359357.5712678,0.001903533935546875
82825,normal,941,2,1782359357.5732126,0.0019447803497314453
82826,normal,1039,0,1782359357.5754445,0.0022318363189697266
82827,normal,1389,0,1782359357.5772607,0.0018162727355957031
82828,normal,365,0,1782359357.5793886,0.0021278858184814453
82829,normal,1921,0,1782359357.5812416,0.0018529891967773438
82830,normal,126,0,1782359357.5833948,0.002153158187866211
82831,normal,2410,0,1782359357.5852282,0.0018334388732910156
82832,normal,3537,0,1782359357.5874019,0.0021736621856689453
82833,normal,208,0,1782359357.5892851,0.0018832683563232422
82834,normal,3415,0,1782359357.5912132,0.001928091049194336
82835,normal,161,0,1782359357.5933926,0.002179384231567383
82836,normal,3119,1,1782359357.5952516,0.0018589496612548828
82837,normal,3122,1,1782359357.5973876,0.0021359920501708984
82838,normal,3609,0,1782359357.5993023,0.0019147396087646484
82839,normal,1511,0,1782359357.601391,0.002088785171508789
82840,normal,3078,1,1782359357.603217,0.0018258094787597656
82841,normal,3639,0,1782359357.6053658,0.002148866653442383
82842,normal,902,2,1782359357.6072583,0.0018925666809082031
82843,normal,3530,0,1782359357.6093688,0.0021104812622070312
82844,normal,781,2,1782359357.6112394,0.0018706321716308594
82845,normal,2515,0,1782359357.6133738,0.0021343231201171875
82846,normal,2173,0,1782359357.615212,0.0018382072448730469
82847,normal,3564,0,1782359357.6172113,0.001999378204345703
82848,normal,3116,1,1782359357.6193895,0.002178192138671875
82849,normal,1327,1,1782359357.621213,0.00182342529296875
82850,normal,1038,0,1782359357.62324,0.0020270347595214844
82851,normal,2082,0,1782359357.6254022,0.0021622180938720703
82852,normal,3404,0,1782359357.627223,0.0018208026885986328
82853,normal,1866,0,1782359357.629223,0.002000093460083008
82854,normal,2728,0,1782359357.6313946,0.0021715164184570312
82855,normal,831,2,1782359357.6331925,0.0017979145050048828
82856,normal,304,0,1782359357.6352096,0.0020170211791992188
82857,normal,61,0,1782359357.6373894,0.002179861068725586
82858,normal,860,2,1782359357.6391919,0.0018024444580078125
82859,normal,2785,0,1782359357.6412094,0.002017498016357422
82860,normal,1909,0,1782359357.6433358,0.002126455307006836
82861,normal,641,0,1782359357.6451795,0.0018436908721923828
82862,normal,2265,0,1782359357.6472967,0.002117156982421875
82863,normal,390,0,1782359357.6492052,0.0019085407257080078
82864,normal,1264,0,1782359357.6511786,0.001973390579223633
82865,normal,2335,0,1782359357.6532555,0.002076864242553711
82866,normal,204,0,1782359357.6553352,0.0020797252655029297
82867,normal,3547,0,1782359357.657177,0.0018417835235595703
82868,normal,597,0,1782359357.6592486,0.0020716190338134766
82869,normal,3439,0,1782359357.6613314,0.00208282470703125
82870,normal,852,2,1782359357.6631773,0.0018458366394042969
82871,normal,603,0,1782359357.6652157,0.0020384788513183594
82872,normal,3215,1,1782359357.6673272,0.0021114349365234375
82873,normal,407,0,1782359357.669174,0.0018467903137207031
82874,normal,794,2,1782359357.6712484,0.0020744800567626953
82875,normal,3686,0,1782359357.6732357,0.0019872188568115234
82876,normal,964,2,1782359357.6751776,0.0019419193267822266
82877,normal,600,0,1782359357.677248,0.0020704269409179688
82878,normal,1037,0,1782359357.6793325,0.002084493637084961
82879,normal,997,2,1782359357.6811757,0.0018432140350341797
82880,normal,1790,0,1782359357.68322,0.002044200897216797
82881,normal,2936,0,1782359357.685326,0.002106189727783203
82882,normal,1098,0,1782359357.6872067,0.001880645751953125
82883,normal,1553,0,1782359357.6892064,0.0019996166229248047
82884,normal,2243,0,1782359357.691325,0.0021185874938964844
82885,normal,3309,1,1782359357.6931746,0.0018496513366699219
82886,normal,1535,0,1782359357.695177,0.0020024776458740234
82887,normal,3396,1,1782359357.6972346,0.0020575523376464844
82888,normal,2924,0,1782359357.6992154,0.0019807815551757812
82889,normal,2963,0,1782359357.7012067,0.00199127197265625
82890,normal,2820,0,1782359357.703248,0.002041339874267578
82891,normal,3224,1,1782359357.7052085,0.0019605159759521484
82892,normal,1487,0,1782359357.707207,0.001998424530029297
82893,normal,3189,1,1782359357.7093334,0.002126455307006836
82894,normal,2576,0,1782359357.711176,0.001842498779296875
82895,normal,3328,1,1782359357.7133515,0.002175569534301758
82896,normal,2432,0,1782359357.7152057,0.0018541812896728516
82897,normal,956,2,1782359357.7172127,0.002007007598876953
82898,normal,2960,0,1782359357.7192066,0.001993894577026367
82899,normal,403,0,1782359357.7213464,0.0021398067474365234
82900,normal,2373,0,1782359357.7232049,0.0018584728240966797
82901,normal,310,0,1782359357.7252064,0.002001523971557617
82902,normal,3213,1,1782359357.7273314,0.0021250247955322266
82903,normal,1388,0,1782359357.7292058,0.0018744468688964844
82904,normal,1237,0,1782359357.7312064,0.002000570297241211
82905,normal,1317,0,1782359357.7333322,0.0021257400512695312
82906,normal,686,0,1782359357.735205,0.0018727779388427734
82907,normal,1593,0,1782359357.7372067,0.0020017623901367188
82908,normal,3676,0,1782359357.7392352,0.0020284652709960938
82909,normal,1830,0,1782359357.7412062,0.001971006393432617
82910,normal,498,0,1782359357.7432137,0.0020074844360351562
82911,normal,1100,0,1782359357.7454033,0.00218963623046875
82912,normal,2655,0,1782359357.7472131,0.001809835433959961
82913,normal,1404,0,1782359357.7493942,0.0021810531616210938
82914,normal,3438,0,1782359357.7513278,0.0019335746765136719
82915,normal,1754,0,1782359357.7532122,0.00188446044921875
82916,normal,3662,0,1782359357.7554214,0.002209186553955078
82917,normal,2466,0,1782359357.7572536,0.0018322467803955078
82918,normal,2096,0,1782359357.7593684,0.0021147727966308594
82919,normal,2434,0,1782359357.7612362,0.0018677711486816406
82920,normal,219,0,1782359357.7634118,0.002175569534301758
82921,normal,1055,0,1782359357.7652133,0.0018014907836914062
82922,normal,708,0,1782359357.7674265,0.0022132396697998047
82923,normal,517,0,1782359357.7692556,0.0018291473388671875
82924,normal,1705,0,1782359357.771386,0.002130270004272461
82925,normal,1241,0,1782359357.7732406,0.0018546581268310547
82926,normal,2908,0,1782359357.7754068,0.002166271209716797
82927,normal,1399,0,1782359357.7772138,0.0018069744110107422
82928,normal,3282,1,1782359357.7794313,0.002217531204223633
82929,normal,872,2,1782359357.781287,0.001855611801147461
82930,normal,2637,0,1782359357.7832127,0.0019257068634033203
82931,normal,1631,0,1782359357.785366,0.0021533966064453125
82932,normal,94,0,1782359357.7872562,0.0018901824951171875
82933,normal,3056,1,1782359357.789367,0.002110719680786133
82934,normal,2438,0,1782359357.7912421,0.001875162124633789
82935,normal,3594,0,1782359357.793398,0.002155780792236328
82936,normal,1540,0,1782359357.7952118,0.0018138885498046875
82937,normal,1036,0,1782359357.7973933,0.002181529998779297
82938,normal,814,2,1782359357.7992542,0.0018608570098876953
82939,normal,3493,0,1782359357.8013728,0.0021185874938964844
82940,normal,1794,0,1782359357.8032882,0.0019154548645019531
82941,normal,839,2,1782359357.805399,0.002110719680786133
82942,normal,1757,0,1782359357.807214,0.0018150806427001953
82943,normal,706,0,1782359357.8093648,0.0021507740020751953
82944,normal,96,0,1782359357.8112516,0.0018868446350097656
82945,normal,1176,0,1782359357.813366,0.0021142959594726562
82946,normal,2764,0,1782359357.8152943,0.0019283294677734375
82947,normal,1151,0,1782359357.8173838,0.0020895004272460938
82948,normal,763,0,1782359357.819213,0.0018291473388671875
82949,normal,1424,0,1782359357.8214018,0.0021889209747314453
82950,normal,1218,0,1782359357.823265,0.001863241195678711
82951,normal,671,0,1782359357.825367,0.002101898193359375
82952,normal,911,2,1782359357.8272405,0.0018734931945800781
82953,normal,1168,0,1782359357.829389,0.0021486282348632812
82954,normal,722,0,1782359357.831212,0.0018229484558105469
82955,normal,579,0,1782359357.8333964,0.0021843910217285156
82956,normal,3045,1,1782359357.8352726,0.0018761157989501953
82957,normal,1989,0,1782359357.8372135,0.0019409656524658203
82958,normal,661,0,1782359357.8393936,0.0021800994873046875
82959,normal,1774,0,1782359357.8412602,0.0018665790557861328
82960,normal,2933,0,1782359357.8433685,0.002108335494995117
82961,normal,2095,0,1782359357.8453045,0.0019359588623046875
82962,normal,2166,0,1782359357.8473892,0.0020847320556640625
82963,normal,3339,1,1782359357.8492463,0.0018570423126220703
82964,normal,2662,0,1782359357.8513954,0.0021491050720214844
82965,normal,2025,0,1782359357.853253,0.0018575191497802734
82966,normal,2338,0,1782359357.855373,0.0021200180053710938
82967,normal,93,0,1782359357.8573103,0.0019373893737792969
82968,normal,1859,0,1782359357.859391,0.002080678939819336
82969,normal,3702,0,1782359357.8612132,0.0018222332000732422
82970,normal,2848,0,1782359357.8633945,0.0021812915802001953
82971,normal,856,2,1782359357.8652737,0.0018792152404785156
82972,normal,654,0,1782359357.867213,0.0019392967224121094
82973,normal,2245,0,1782359357.8693655,0.0021524429321289062
82974,normal,3003,0,1782359357.8712442,0.0018787384033203125
82975,normal,577,0,1782359357.8733659,0.0021216869354248047
82976,normal,2220,0,1782359357.8752418,0.0018758773803710938
82977,normal,2086,0,1782359357.877391,0.002149343490600586
82978,normal,1549,0,1782359357.8792121,0.0018210411071777344
82979,normal,3330,1,1782359357.8814738,0.002261638641357422
82980,normal,1257,0,1782359357.8832433,0.0017695426940917969
82981,normal,3707,0,1782359357.8853674,0.0021240711212158203
82982,normal,408,0,1782359357.8872404,0.001873016357421875
82983,normal,591,0,1782359357.8893929,0.0021524429321289062
82984,normal,3403,0,1782359357.891212,0.0018191337585449219
82985,normal,570,0,1782359357.8934743,0.0022623538970947266
82986,normal,797,2,1782359357.8952396,0.0017652511596679688
82987,normal,2992,0,1782359357.897368,0.0021283626556396484
82988,normal,152,0,1782359357.8992546,0.001886606216430664
82989,normal,684,0,1782359357.9013941,0.002139568328857422
82990,normal,2842,0,1782359357.903212,0.001817941665649414
82991,normal,1897,0,1782359357.9053953,0.002183198928833008
82992,normal,3659,0,1782359357.907244,0.0018486976623535156
82993,normal,1996,0,1782359357.9093726,0.00212860107421875
82994,normal,3195,1,1782359357.9112415,0.0018689632415771484
82995,normal,2359,0,1782359357.9133947,0.002153158187866211
82996,normal,2909,0,1782359357.9152129,0.0018181800842285156
82997,normal,2607,0,1782359357.9173665,0.002153635025024414
82998,normal,3199,1,1782359357.919248,0.0018815994262695312
82999,normal,2671,0,1782359357.9213657,0.002117633819580078
83000,normal,165,0,1782359357.923239,0.0018732547760009766
83001,normal,773,2,1782359357.9253898,0.0021507740020751953
83002,normal,1357,1,1782359357.9272141,0.0018243789672851562
83003,normal,747,0,1782359357.929398,0.0021839141845703125
83004,normal,3381,1,1782359357.93125,0.0018520355224609375
83005,normal,236,0,1782359357.9333675,0.0021173954010009766
83006,normal,3487,0,1782359357.9352598,0.0018923282623291016
83007,normal,1371,1,1782359357.9373662,0.0021064281463623047
83008,normal,477,0,1782359357.9394283,0.002062082290649414
83009,normal,970,2,1782359357.941386,0.0019576549530029297
83010,normal,1848,0,1782359357.9434066,0.002020597457885742
83011,normal,1641,0,1782359357.9453845,0.0019779205322265625
83012,normal,263,0,1782359357.947516,0.0021314620971679688
83013,normal,2919,0,1782359357.9492638,0.0017478466033935547
83014,normal,2732,0,1782359357.951248,0.001984119415283203
83015,normal,699,0,1782359357.9532492,0.0020012855529785156
83016,normal,1339,1,1782359357.955486,0.0022368431091308594
83017,normal,190,0,1782359357.957224,0.001737833023071289
83018,normal,1476,0,1782359357.9594257,0.0022017955780029297
83019,normal,685,0,1782359357.9612358,0.0018100738525390625
83020,normal,2446,0,1782359357.963353,0.002117156982421875
83021,normal,622,0,1782359357.9652598,0.0019068717956542969
83022,normal,2650,0,1782359357.9673579,0.00209808349609375
83023,normal,1825,0,1782359357.9692004,0.001842498779296875
83024,normal,463,0,1782359357.9713871,0.0021867752075195312
83025,normal,3079,1,1782359357.973249,0.0018618106842041016
83026,normal,3212,1,1782359357.9753642,0.0021152496337890625
83027,normal,927,2,1782359357.977262,0.0018978118896484375
83028,normal,8,0,1782359357.9793828,0.0021207332611083984
83029,normal,1751,0,1782359357.9812038,0.0018210411071777344
83030,normal,2578,0,1782359357.983376,0.002172231674194336
83031,normal,3052,1,1782359357.9852264,0.0018503665924072266
83032,normal,1052,0,1782359357.9873807,0.0021543502807617188
83033,normal,3492,0,1782359357.9892673,0.001886606216430664
83034,normal,1364,1,1782359357.9913769,0.002109527587890625
83035,normal,3648,0,1782359357.9932094,0.0018324851989746094
83036,normal,3223,1,1782359357.9953942,0.0021848678588867188
83037,normal,2465,0,1782359357.997233,0.00183868408203125
83038,normal,1496,0,1782359357.9993708,0.002137899398803711
83039,normal,324,0,1782359358.0012436,0.0018727779388427734
83040,normal,2691,0,1782359358.0033815,0.002137899398803711
83041,normal,3092,1,1782359358.0052044,0.0018229484558105469
83042,normal,3677,0,1782359358.0073798,0.0021753311157226562
83043,normal,1835,0,1782359358.0092258,0.0018460750579833984
83044,normal,3555,0,1782359358.011357,0.002131223678588867
83045,normal,2010,0,1782359358.013206,0.0018489360809326172
83046,normal,1363,1,1782359358.015543,0.0023369789123535156
83047,normal,3441,0,1782359358.0172043,0.0016613006591796875
83048,normal,3426,0,1782359358.01943,0.002225637435913086
83049,normal,903,2,1782359358.021231,0.0018010139465332031
83050,normal,2833,0,1782359358.023357,0.002125978469848633
83051,normal,1458,0,1782359358.0252013,0.0018444061279296875
83052,normal,2596,0,1782359358.0273736,0.002172231674194336
83053,normal,2238,0,1782359358.029203,0.001829385757446289
83054,normal,2209,0,1782359358.0314362,0.002233266830444336
83055,normal,1660,0,1782359358.033226,0.0017898082733154297
83056,normal,2450,0,1782359358.0354872,0.0022611618041992188
83057,normal,1752,0,1782359358.0373712,0.0018839836120605469
83058,normal,2629,0,1782359358.0393958,0.0020246505737304688
83059,normal,3344,1,1782359358.041247,0.0018510818481445312
83060,normal,3163,1,1782359358.04354,0.002293109893798828
83061,normal,881,2,1782359358.0453854,0.0018453598022460938
83062,normal,2306,0,1782359358.047231,0.0018455982208251953
83063,normal,3294,1,1782359358.0494454,0.0022144317626953125
83064,normal,383,0,1782359358.051216,0.0017704963684082031
83065,normal,614,0,1782359358.053372,0.0021560192108154297
83066,normal,2957,0,1782359358.0552046,0.001832723617553711
83067,normal,2952,0,1782359358.0572217,0.0020170211791992188
83068,normal,590,0,1782359358.0593536,0.002131938934326172
83069,normal,2982,0,1782359358.0612006,0.0018470287322998047
83070,normal,2769,0,1782359358.0633342,0.002133607864379883
83071,normal,1714,0,1782359358.0652046,0.0018703937530517578
83072,normal,2030,0,1782359358.0672014,0.001996755599975586
83073,normal,1198,0,1782359358.069385,0.002183675765991211
83074,normal,738,0,1782359358.071234,0.0018489360809326172
83075,normal,1032,0,1782359358.0732079,0.001973867416381836
83076,normal,115,0,1782359358.0753407,0.002132892608642578
83077,normal,69,0,1782359358.0772219,0.0018811225891113281
83078,normal,1680,0,1782359358.0793846,0.0021626949310302734
83079,normal,3296,1,1782359358.0812523,0.0018677711486816406
83080,normal,1876,0,1782359358.0832694,0.0020170211791992188
83081,normal,782,2,1782359358.0853848,0.002115488052368164
83082,normal,1559,0,1782359358.0872731,0.001888275146484375
83083,normal,2099,0,1782359358.0891976,0.0019245147705078125
83084,normal,189,0,1782359358.0912406,0.002043008804321289
83085,normal,2443,0,1782359358.093354,0.00211334228515625
83086,normal,3363,1,1782359358.0951838,0.0018298625946044922
83087,normal,615,0,1782359358.0977502,0.0025663375854492188
83088,normal,1930,0,1782359358.0993364,0.0015861988067626953
83089,normal,2872,0,1782359358.1015317,0.0021953582763671875
83090,normal,3695,0,1782359358.1033762,0.0018444061279296875
83091,normal,2847,0,1782359358.1054027,0.0020265579223632812
83092,normal,45,0,1782359358.107376,0.001973390579223633
83093,normal,253,0,1782359358.1095865,0.002210378646850586
83094,normal,1260,0,1782359358.1112647,0.0016782283782958984
83095,normal,1905,0,1782359358.1135147,0.0022499561309814453
83096,normal,2589,0,1782359358.1153982,0.0018835067749023438
83097,normal,3217,1,1782359358.1173987,0.002000570297241211
83098,normal,2971,0,1782359358.1193743,0.001975536346435547
83099,normal,1914,0,1782359358.1215093,0.002135038375854492
83100,normal,2860,0,1782359358.1232555,0.0017461776733398438
83101,normal,1338,1,1782359358.125512,0.0022563934326171875
83102,normal,386,0,1782359358.1273768,0.0018649101257324219
83103,normal,62,0,1782359358.1294017,0.0020248889923095703
83104,normal,1315,0,1782359358.1313763,0.0019745826721191406
83105,normal,3554,0,1782359358.133602,0.002225637435913086
83106,normal,2418,0,1782359358.135263,0.001661062240600586
83107,normal,1653,0,1782359358.1375074,0.0022444725036621094
83108,normal,3700,0,1782359358.1393716,0.0018641948699951172
83109,normal,3299,1,1782359358.1414,0.0020284652709960938
83110,normal,476,0,1782359358.1432636,0.0018634796142578125
83111,normal,2023,0,1782359358.1454196,0.0021560192108154297
83112,normal,1537,0,1782359358.1474864,0.0020668506622314453
83113,normal,1978,0,1782359358.1492698,0.0017833709716796875
83114,normal,1538,0,1782359358.1512492,0.001979351043701172
83115,normal,772,2,1782359358.153523,0.0022737979888916016
83116,normal,1898,0,1782359358.1552505,0.0017275810241699219
83117,normal,2568,0,1782359358.1572194,0.001968860626220703
83118,normal,2127,0,1782359358.1595392,0.002319812774658203
83119,normal,554,0,1782359358.161213,0.0016736984252929688
83120,normal,483,0,1782359358.1633399,0.002126932144165039
83121,normal,2622,0,1782359358.1654346,0.002094745635986328
83122,normal,2754,0,1782359358.1672118,0.0017771720886230469
83123,normal,3650,0,1782359358.1692846,0.0020728111267089844
83124,normal,2530,0,1782359358.1713696,0.002084970474243164
83125,normal,3284,1,1782359358.1732354,0.0018658638000488281
83126,normal,2503,0,1782359358.1752453,0.002009868621826172
83127,normal,3004,0,1782359358.1773844,0.0021390914916992188
83128,normal,1258,0,1782359358.1792088,0.0018243789672851562
83129,normal,2729,0,1782359358.1812348,0.002026081085205078
83130,normal,792,2,1782359358.1833932,0.0021584033966064453
83131,normal,3520,0,1782359358.1852076,0.0018143653869628906
83132,normal,3332,1,1782359358.1874015,0.002193927764892578
83133,normal,3682,0,1782359358.1892314,0.0018298625946044922
83134,normal,2855,0,1782359358.1913624,0.0021309852600097656
83135,normal,2154,0,1782359358.1932342,0.0018718242645263672
83136,normal,1483,0,1782359358.1953828,0.0021486282348632812
83137,normal,2133,0,1782359358.1972036,0.0018208026885986328
83138,normal,67,0,1782359358.1994066,0.0022029876708984375
83139,normal,2934,0,1782359358.2012334,0.0018267631530761719
83140,normal,1707,0,1782359358.2033591,0.0021257400512695312
83141,normal,3246,1,1782359358.205244,0.0018849372863769531
83142,normal,2298,0,1782359358.2072368,0.0019927024841308594
83143,normal,2534,0,1782359358.2093587,0.0021219253540039062
83144,normal,3211,1,1782359358.2112634,0.0019047260284423828
83145,normal,1885,0,1782359358.213395,0.0021317005157470703
83146,normal,3610,0,1782359358.2152095,0.0018143653869628906
83147,normal,3240,1,1782359358.2174103,0.0022008419036865234
83148,normal,1801,0,1782359358.2192376,0.001827239990234375
83149,normal,1011,2,1782359358.2213588,0.0021212100982666016
83150,normal,1090,0,1782359358.2232356,0.0018768310546875
83151,normal,2414,0,1782359358.2254395,0.0022039413452148438
83152,normal,845,2,1782359358.2272146,0.0017750263214111328
83153,normal,460,0,1782359358.229413,0.002198457717895508
83154,normal,2643,0,1782359358.2312372,0.0018241405487060547
83155,normal,2988,0,1782359358.2333565,0.002119302749633789
83156,normal,2227,0,1782359358.2352371,0.001880645751953125
83157,normal,334,0,1782359358.2374406,0.0022034645080566406
83158,normal,2567,0,1782359358.239212,0.0017714500427246094
83159,normal,514,0,1782359358.2414172,0.0022051334381103516
83160,normal,2648,0,1782359358.2432363,0.0018191337585449219
83161,normal,2448,0,1782359358.2453558,0.0021195411682128906
83162,normal,1121,0,1782359358.2472746,0.001918792724609375
83163,normal,2739,0,1782359358.2495198,0.002245187759399414
83164,normal,3191,1,1782359358.2512093,0.0016894340515136719
83165,normal,2316,0,1782359358.2533908,0.002181529998779297
83166,normal,3550,0,1782359358.255238,0.0018472671508789062
83167,normal,1474,0,1782359358.257359,0.0021209716796875
83168,normal,3039,0,1782359358.2592785,0.0019195079803466797
83169,normal,2387,0,1782359358.2613907,0.002112150192260742
83170,normal,158,0,1782359358.2632105,0.0018198490142822266
83171,normal,42,0,1782359358.2653608,0.002150297164916992
83172,normal,3390,1,1782359358.267234,0.0018732547760009766
83173,normal,1536,0,1782359358.269362,0.0021278858184814453
83174,normal,240,0,1782359358.2712834,0.0019214153289794922
83175,normal,1446,0,1782359358.2733905,0.0021071434020996094
83176,normal,1366,1,1782359358.2752068,0.0018162727355957031
83177,normal,1664,0,1782359358.277389,0.0021822452545166016
83178,normal,2471,0,1782359358.2792354,0.0018463134765625
83179,normal,213,0,1782359358.2813613,0.002125978469848633
83180,normal,2602,0,1782359358.2832322,0.001870870590209961
83181,normal,1133,0,1782359358.285383,0.0021507740020751953
83182,normal,1953,0,1782359358.287209,0.0018260478973388672
83183,normal,2229,0,1782359358.2894282,0.0022192001342773438
83184,normal,1972,0,1782359358.2912416,0.0018134117126464844
83185,normal,701,0,1782359358.2933605,0.002118825912475586
83186,normal,1072,0,1782359358.295236,0.0018756389617919922
83187,normal,2813,0,1782359358.297385,0.002148866653442383
83188,normal,1725,0,1782359358.29921,0.001825094223022461
83189,normal,146,0,1782359358.3013864,0.0021762847900390625
83190,normal,965,2,1782359358.3032372,0.0018508434295654297
83191,normal,3539,0,1782359358.3053617,0.0021245479583740234
83192,normal,1139,0,1782359358.3072364,0.001874685287475586
83193,normal,2585,0,1782359358.3094418,0.002205371856689453
83194,normal,1128,0,1782359358.311215,0.0017731189727783203
83195,normal,1172,0,1782359358.3133879,0.0021729469299316406
83196,normal,778,2,1782359358.3153515,0.0019636154174804688
83197,normal,1928,0,1782359358.3172112,0.0018596649169921875
83198,normal,3091,1,1782359358.31939,0.0021789073944091797
83199,normal,1455,0,1782359358.3213325,0.0019423961639404297
83200,normal,2293,0,1782359358.3232079,0.0018754005432128906
83201,normal,2024,0,1782359358.3254585,0.00225067138671875
83202,normal,609,0,1782359358.3273761,0.0019176006317138672
83203,normal,2019,0,1782359358.3292165,0.001840353012084961
83204,normal,1219,0,1782359358.3314602,0.0022437572479248047
83205,normal,3514,0,1782359358.3332334,0.0017731189727783203
83206,normal,124,0,1782359358.3353662,0.002132892608642578
83207,normal,2323,0,1782359358.3373077,0.0019414424896240234
83208,normal,2230,0,1782359358.3393893,0.002081632614135742
83209,normal,871,2,1782359358.3412092,0.0018198490142822266
83210,normal,2486,0,1782359358.3434663,0.002257108688354492
83211,normal,2784,0,1782359358.345367,0.0019006729125976562
83212,normal,2876,0,1782359358.3472087,0.0018417835235595703
83213,normal,2969,0,1782359358.3492055,0.001996755599975586
83214,normal,617,0,1782359358.3512082,0.002002716064453125
83215,normal,2540,0,1782359358.3533516,0.002143383026123047
83216,normal,2687,0,1782359358.3552098,0.0018582344055175781
83217,normal,1213,0,1782359358.357351,0.002141237258911133
83218,normal,2264,0,1782359358.359201,0.0018498897552490234
83219,normal,1195,0,1782359358.361202,0.002001047134399414
83220,normal,879,2,1782359358.363348,0.002146005630493164
83221,normal,2336,0,1782359358.3651986,0.0018506050109863281
83222,normal,2480,0,1782359358.367211,0.002012491226196289
83223,normal,2239,0,1782359358.369382,0.0021708011627197266
83224,normal,322,0,1782359358.3711987,0.0018167495727539062
83225,normal,2979,0,1782359358.3732648,0.0020661354064941406
83226,normal,700,0,1782359358.375386,0.0021212100982666016
83227,normal,3188,1,1782359358.3771837,0.0017976760864257812
83228,normal,2260,0,1782359358.3792264,0.0020427703857421875
83229,normal,1544,0,1782359358.3813934,0.0021669864654541016
83230,normal,2660,0,1782359358.3831856,0.0017921924591064453
83231,normal,3218,1,1782359358.3852324,0.002046823501586914
83232,normal,951,2,1782359358.3873892,0.0021567344665527344
83233,normal,3506,0,1782359358.389181,0.0017917156219482422
83234,normal,631,0,1782359358.3912117,0.0020308494567871094
83235,normal,2305,0,1782359358.3933918,0.0021800994873046875
83236,normal,1374,1,1782359358.3951504,0.001758575439453125
83237,normal,549,0,1782359358.3972504,0.0020999908447265625
83238,normal,362,0,1782359358.3993967,0.0021462440490722656
83239,normal,1878,0,1782359358.401181,0.0017843246459960938
83240,normal,3132,1,1782359358.4033642,0.002183198928833008
83241,normal,679,0,1782359358.405262,0.0018978118896484375
83242,normal,848,2,1782359358.4073396,0.0020775794982910156
83243,normal,2185,0,1782359358.4091985,0.0018589496612548828
83244,normal,855,2,1782359358.4113903,0.002191781997680664
83245,normal,2875,0,1782359358.4131994,0.0018091201782226562
83246,normal,971,2,1782359358.415397,0.0021975040435791016
83247,normal,2766,0,1782359358.4171994,0.0018024444580078125
83248,normal,1564,0,1782359358.419342,0.002142667770385742
83249,normal,3620,0,1782359358.4211998,0.001857757568359375
83250,normal,3049,1,1782359358.4233544,0.0021545886993408203
83251,normal,990,2,1782359358.4251978,0.0018434524536132812
83252,normal,851,2,1782359358.4274027,0.00220489501953125
83253,normal,3540,0,1782359358.4292014,0.0017986297607421875
83254,normal,659,0,1782359358.4313824,0.0021810531616210938
83255,normal,3340,1,1782359358.4332533,0.001870870590209961
83256,normal,1639,0,1782359358.4353485,0.0020952224731445312
83257,normal,1847,0,1782359358.437231,0.0018825531005859375
83258,normal,895,2,1782359358.4393833,0.0021522045135498047
83259,normal,3032,0,1782359358.4412289,0.0018455982208251953
83260,normal,2189,0,1782359358.4433389,0.002110004425048828
83261,normal,71,0,1782359358.4452503,0.0019114017486572266
83262,normal,3543,0,1782359358.4474034,0.002153158187866211
83263,normal,1838,0,1782359358.4491827,0.001779317855834961
83264,normal,3376,1,1782359358.451413,0.0022301673889160156
83265,normal,1283,0,1782359358.4532304,0.001817464828491211
83266,normal,3360,1,1782359358.4553342,0.0021038055419921875
83267,normal,3503,0,1782359358.457263,0.0019288063049316406
83268,normal,885,2,1782359358.4594498,0.0021867752075195312
83269,normal,3570,0,1782359358.4611888,0.0017390251159667969
83270,normal,2906,0,1782359358.4634264,0.002237558364868164
83271,normal,1451,0,1782359358.4652188,0.0017924308776855469
83272,normal,1587,0,1782359358.4673512,0.002132415771484375
83273,normal,3368,1,1782359358.4691987,0.0018475055694580078
83274,normal,2509,0,1782359358.4713664,0.0021677017211914062
83275,normal,2856,0,1782359358.473199,0.0018324851989746094
83276,normal,398,0,1782359358.4754212,0.002222299575805664
83277,normal,2332,0,1782359358.4771986,0.0017774105072021484
83278,normal,3236,1,1782359358.4793823,0.002183675765991211
83279,normal,2997,0,1782359358.4813728,0.0019905567169189453
83280,normal,3006,0,1782359358.4832125,0.0018396377563476562
83281,normal,662,0,1782359358.485338,0.0021255016326904297
83282,normal,201,0,1782359358.4872754,0.0019373893737792969
83283,normal,3672,0,1782359358.4893494,0.002074003219604492
83284,normal,2907,0,1782359358.4911976,0.0018482208251953125
83285,normal,2190,0,1782359358.4933822,0.002184629440307617
83286,normal,1683,0,1782359358.4952273,0.0018451213836669922
83287,normal,1193,0,1782359358.4973373,0.002110004425048828
83288,normal,2093,0,1782359358.4992788,0.0019414424896240234
83289,normal,1123,0,1782359358.501392,0.0021131038665771484
83290,normal,819,2,1782359358.50321,0.0018181800842285156
83291,normal,489,0,1782359358.5054455,0.00223541259765625
83292,normal,3341,1,1782359358.507347,0.0019016265869140625
83293,normal,2008,0,1782359358.5091913,0.001844167709350586
83294,normal,3357,1,1782359358.5114353,0.0022439956665039062
83295,normal,2782,0,1782359358.5131989,0.0017635822296142578
83296,normal,3445,0,1782359358.5153475,0.0021486282348632812
83297,normal,2500,0,1782359358.517199,0.0018515586853027344
83298,normal,2225,0,1782359358.5193536,0.0021545886993408203
83299,normal,2624,0,1782359358.5212,0.0018463134765625
83300,normal,2299,0,1782359358.5233707,0.0021708011627197266
83301,normal,1069,0,1782359358.5252044,0.0018336772918701172
83302,normal,2034,0,1782359358.5273488,0.002144336700439453
83303,normal,3281,1,1782359358.529292,0.001943349838256836
83304,normal,2981,0,1782359358.5313451,0.0020530223846435547
83305,normal,1159,0,1782359358.5331988,0.0018537044525146484
83306,normal,1215,0,1782359358.5353892,0.0021903514862060547
83307,normal,1584,0,1782359358.537199,0.001809835433959961
83308,normal,2686,0,1782359358.5393472,0.002148151397705078
83309,normal,2017,0,1782359358.5412,0.0018527507781982422
83310,normal,2044,0,1782359358.543353,0.002153158187866211
83311,normal,323,0,1782359358.5452065,0.0018534660339355469
83312,normal,1730,0,1782359358.5473824,0.0021758079528808594
83313,normal,438,0,1782359358.5492315,0.0018491744995117188
83314,normal,978,2,1782359358.551337,0.0021054744720458984
83315,normal,840,2,1782359358.5533035,0.0019664764404296875
83316,normal,680,0,1782359358.5553875,0.002084016799926758
83317,normal,1134,0,1782359358.5571816,0.0017940998077392578
83318,normal,2814,0,1782359358.5593843,0.002202749252319336
83319,normal,3198,1,1782359358.5612376,0.0018532276153564453
83320,normal,2062,0,1782359358.5633354,0.0020978450775146484
83321,normal,1329,1,1782359358.565304,0.0019686222076416016
83322,normal,937,2,1782359358.5673916,0.0020875930786132812
83323,normal,293,0,1782359358.5691805,0.0017888545989990234
83324,normal,1869,0,1782359358.5713649,0.0021843910217285156
83325,normal,969,2,1782359358.5732024,0.0018374919891357422
83326,normal,519,0,1782359358.5753474,0.002145051956176758
83327,normal,1156,0,1782359358.5772097,0.0018622875213623047
83328,normal,667,0,1782359358.5793483,0.0021386146545410156
83329,normal,1669,0,1782359358.5811965,0.0018482208251953125
83330,normal,1575,0,1782359358.5833914,0.0021948814392089844
83331,normal,159,0,1782359358.5852106,0.0018191337585449219
83332,normal,2812,0,1782359358.5873492,0.0021386146545410156
83333,normal,3072,1,1782359358.589215,0.0018658638000488281
83334,normal,1765,0,1782359358.5913453,0.002130270004272461
83335,normal,1485,0,1782359358.593194,0.0018486976623535156
83336,normal,2097,0,1782359358.5953512,0.0021572113037109375
83337,normal,3434,0,1782359358.597197,0.0018458366394042969
83338,normal,751,0,1782359358.5993366,0.002139568328857422
83339,normal,3053,1,1782359358.601228,0.0018913745880126953
83340,normal,47,0,1782359358.6033897,0.002161741256713867
83341,normal,3497,0,1782359358.6051853,0.0017955303192138672
83342,normal,505,0,1782359358.6073537,0.002168416976928711
83343,normal,238,0,1782359358.6092193,0.0018656253814697266
83344,normal,3647,0,1782359358.6113508,0.0021314620971679688
83345,normal,225,0,1782359358.6131945,0.0018436908721923828
83346,normal,1449,0,1782359358.6153903,0.0021958351135253906
83347,normal,3161,1,1782359358.6171813,0.0017910003662109375
83348,normal,2407,0,1782359358.6193655,0.002184152603149414
83349,normal,3103,1,1782359358.6212006,0.0018351078033447266
83350,normal,3405,0,1782359358.6233482,0.002147674560546875
83351,normal,756,0,1782359358.625196,0.0018477439880371094
83352,normal,1341,1,1782359358.6273491,0.002153158187866211
83353,normal,2771,0,1782359358.629196,0.0018467903137207031
83354,normal,3107,1,1782359358.6313882,0.002192258834838867
83355,normal,1378,1,1782359358.6332238,0.0018355846405029297
83356,normal,342,0,1782359358.6353369,0.0021131038665771484
83357,normal,250,0,1782359358.6372342,0.0018973350524902344
83358,normal,658,0,1782359358.639407,0.002172708511352539
83359,normal,1183,0,1782359358.6411781,0.0017712116241455078
83360,normal,3270,1,1782359358.643354,0.0021758079528808594
83361,normal,267,0,1782359358.6452274,0.0018734931945800781
83362,normal,972,2,1782359358.6473362,0.0021088123321533203
83363,normal,2737,0,1782359358.64923,0.001893758773803711
83364,normal,1466,0,1782359358.651349,0.0021190643310546875
83365,normal,832,2,1782359358.6531956,0.0018465518951416016
83366,normal,2092,0,1782359358.655398,0.002202272415161133
83367,normal,529,0,1782359358.6571946,0.001796722412109375
83368,normal,2923,0,1782359358.6593523,0.0021576881408691406
83369,normal,2504,0,1782359358.6611955,0.0018432140350341797
83370,normal,3023,0,1782359358.663389,0.002193450927734375
83371,normal,2343,0,1782359358.6651947,0.0018057823181152344
83372,normal,420,0,1782359358.6674032,0.0022084712982177734
83373,normal,2215,0,1782359358.6692019,0.0017986297607421875
83374,normal,3386,1,1782359358.6713524,0.0021505355834960938
83375,normal,3088,1,1782359358.6732495,0.0018970966339111328
83376,normal,1717,0,1782359358.6753478,0.0020983219146728516
83377,normal,1857,0,1782359358.6771946,0.0018467903137207031
83378,normal,3214,1,1782359358.6793587,0.002164125442504883
83379,normal,481,0,1782359358.6812267,0.0018680095672607422
83380,normal,2672,0,1782359358.6833375,0.002110719680786133
83381,normal,2499,0,1782359358.6852536,0.0019161701202392578
83382,normal,1167,0,1782359358.687392,0.002138376235961914
83383,normal,2707,0,1782359358.6891782,0.0017862319946289062
83384,normal,2455,0,1782359358.6913958,0.002217531204223633
83385,normal,276,0,1782359358.6932013,0.0018055438995361328
83386,normal,1741,0,1782359358.6953685,0.002167224884033203
83387,normal,2858,0,1782359358.697262,0.0018935203552246094
83388,normal,803,2,1782359358.6993492,0.002087116241455078
83389,normal,1837,0,1782359358.7011983,0.0018491744995117188
83390,normal,185,0,1782359358.703391,0.0021927356719970703
83391,normal,3374,1,1782359358.705167,0.001775979995727539
83392,normal,2120,0,1782359358.707363,0.0021958351135253906
83393,normal,2831,0,1782359358.709267,0.0019040107727050781
83394,normal,993,2,1782359358.7113514,0.002084493637084961
83395,normal,633,0,1782359358.713196,0.001844644546508789
83396,normal,1349,1,1782359358.715375,0.0021789073944091797
83397,normal,25,0,1782359358.71721,0.0018351078033447266
83398,normal,3336,1,1782359358.719349,0.002138853073120117
83399,normal,1400,0,1782359358.7212002,0.0018513202667236328
83400,normal,3306,1,1782359358.7233484,0.002148151397705078
83401,normal,1710,0,1782359358.725197,0.0018486976623535156
83402,normal,2581,0,1782359358.7274277,0.0022306442260742188
83403,normal,1692,0,1782359358.7292283,0.001800537109375
83404,normal,2799,0,1782359358.731355,0.0021266937255859375
83405,normal,3451,0,1782359358.7332041,0.0018491744995117188
83406,normal,2573,0,1782359358.7353938,0.00218963623046875
83407,normal,2673,0,1782359358.7371914,0.0017976760864257812
83408,normal,3511,0,1782359358.7393544,0.002162933349609375
83409,normal,690,0,1782359358.7412314,0.0018770694732666016
83410,normal,572,0,1782359358.7433372,0.002105712890625
83411,normal,882,2,1782359358.7452843,0.001947164535522461
83412,normal,3546,0,1782359358.7473936,0.0021092891693115234
83413,normal,1112,0,1782359358.7491827,0.001789093017578125
83414,normal,2255,0,1782359358.7511911,0.0020084381103515625
83415,normal,378,0,1782359358.753201,0.002009868621826172
83416,normal,2321,0,1782359358.7553499,0.002148866653442383
83417,normal,1277,0,1782359358.7572877,0.0019378662109375
83418,normal,2142,0,1782359358.75935,0.0020623207092285156
83419,normal,1146,0,1782359358.761199,0.0018489360809326172
83420,normal,3227,1,1782359358.7633514,0.0021524429321289062
83421,normal,2231,0,1782359358.7652004,0.0018489360809326172
83422,normal,3366,1,1782359358.7673526,0.0021522045135498047
83423,normal,364,0,1782359358.7692125,0.001859903335571289
83424,normal,294,0,1782359358.771347,0.002134561538696289
83425,normal,443,0,1782359358.7731974,0.0018503665924072266
83426,normal,1509,0,1782359358.7753932,0.0021958351135253906
83427,normal,2169,0,1782359358.7772272,0.0018339157104492188
83428,normal,3111,1,1782359358.7793367,0.002109527587890625
83429,normal,2776,0,1782359358.7812974,0.00196075439453125
83430,normal,2760,0,1782359358.7832305,0.0019330978393554688
83431,normal,1840,0,1782359358.7853389,0.002108335494995117
83432,normal,1718,0,1782359358.78723,0.0018911361694335938
83433,normal,246,0,1782359358.7893915,0.0021615028381347656
83434,normal,1305,0,1782359358.791183,0.0017914772033691406
83435,normal,1548,0,1782359358.793456,0.002273082733154297
83436,normal,948,2,1782359358.79524,0.0017838478088378906
83437,normal,177,0,1782359358.7971866,0.0019466876983642578
83438,normal,1611,0,1782359358.799231,0.0020444393157958984
83439,normal,2694,0,1782359358.801424,0.002192974090576172
83440,normal,2652,0,1782359358.803212,0.0017879009246826172
83441,normal,2946,0,1782359358.8052034,0.0019915103912353516
83442,normal,796,2,1782359358.8073485,0.002145051956176758
83443,normal,896,2,1782359358.8091989,0.0018503665924072266
83444,normal,1141,0,1782359358.8112116,0.0020127296447753906
83445,normal,3095,1,1782359358.813401,0.0021893978118896484
83446,normal,672,0,1782359358.8152177,0.0018167495727539062
83447,normal,2295,0,1782359358.8173673,0.0021495819091796875
83448,normal,2012,0,1782359358.819201,0.0018336772918701172
83449,normal,3684,0,1782359358.8213494,0.0021483898162841797
83450,normal,876,2,1782359358.8233151,0.001965761184692383
83451,normal,1768,0,1782359358.8253906,0.0020754337310791016
83452,normal,19,0,1782359358.8271844,0.0017938613891601562
83453,normal,865,2,1782359358.8294737,0.002289295196533203
83454,normal,2496,0,1782359358.8313148,0.0018410682678222656
83455,normal,2296,0,1782359358.8333437,0.002028942108154297
83456,normal,2351,0,1782359358.835208,0.0018641948699951172
83457,normal,1822,0,1782359358.8373473,0.0021393299102783203
83458,normal,3689,0,1782359358.8391984,0.0018510818481445312
83459,normal,1270,0,1782359358.8413777,0.002179384231567383
83460,normal,3089,1,1782359358.8431983,0.0018205642700195312
83461,normal,1211,0,1782359358.8453457,0.0021474361419677734
83462,normal,2792,0,1782359358.8471978,0.0018520355224609375
83463,normal,2893,0,1782359358.8493476,0.002149820327758789
83464,normal,655,0,1782359358.8512633,0.0019156932830810547
83465,normal,2717,0,1782359358.8533852,0.0021219253540039062
83466,normal,2289,0,1782359358.855198,0.0018126964569091797
83467,normal,1633,0,1782359358.8573847,0.0021867752075195312
83468,normal,3099,1,1782359358.8592129,0.0018281936645507812
83469,normal,486,0,1782359358.861356,0.0021431446075439453
83470,normal,3154,1,1782359358.8632004,0.0018444061279296875
83471,normal,3502,0,1782359358.8653872,0.0021867752075195312
83472,normal,3319,1,1782359358.8671987,0.0018115043640136719
83473,normal,3476,0,1782359358.8693533,0.0021545886993408203
83474,normal,1204,0,1782359358.8712363,0.0018830299377441406
83475,normal,1804,0,1782359358.8733578,0.002121448516845703
83476,normal,1180,0,1782359358.875198,0.0018401145935058594
83477,normal,1636,0,1782359358.8773916,0.0021936893463134766
83478,normal,3043,0,1782359358.8792,0.0018084049224853516
83479,normal,393,0,1782359358.8813515,0.0021514892578125
83480,normal,490,0,1782359358.8831978,0.0018463134765625
83481,normal,1785,0,1782359358.8853486,0.0021507740020751953
83482,normal,2377,0,1782359358.8872294,0.0018808841705322266
83483,normal,2479,0,1782359358.8893826,0.002153158187866211
83484,normal,918,2,1782359358.891196,0.0018134117126464844
83485,normal,2184,0,1782359358.8934,0.0022039413452148438
83486,normal,3566,0,1782359358.8952467,0.0018467903137207031
83487,normal,1973,0,1782359358.8973913,0.0021445751190185547
83488,normal,725,0,1782359358.899183,0.0017917156219482422
83489,normal,3334,1,1782359358.9013844,0.0022013187408447266
83490,normal,2459,0,1782359358.9033177,0.0019333362579345703
83491,normal,1041,0,1782359358.9053426,0.0020248889923095703
83492,normal,3561,0,1782359358.9072502,0.0019075870513916016
83493,normal,1685,0,1782359358.909349,0.0020987987518310547
83494,normal,984,2,1782359358.9111984,0.0018494129180908203
83495,normal,2612,0,1782359358.9133606,0.0021622180938720703
83496,normal,2376,0,1782359358.9151978,0.0018372535705566406
83497,normal,3069,1,1782359358.9173524,0.0021545886993408203
83498,normal,3371,1,1782359358.9191992,0.0018467903137207031
83499,normal,3028,0,1782359358.921205,0.0020058155059814453
83500,normal,567,0,1782359358.9232206,0.0020155906677246094
83501,normal,1780,0,1782359358.9254148,0.0021941661834716797
83502,normal,1312,0,1782359358.9272017,0.001786947250366211
83503,normal,2427,0,1782359358.9293563,0.0021545886993408203
83504,normal,1813,0,1782359358.931199,0.0018427371978759766
83505,normal,660,0,1782359358.9333487,0.0021495819091796875
83506,normal,1200,0,1782359358.9352005,0.001851797103881836
83507,normal,3329,1,1782359358.9373522,0.0021517276763916016
83508,normal,788,2,1782359358.939199,0.0018467903137207031
83509,normal,3109,1,1782359358.9413135,0.002114534378051758
83510,normal,1109,0,1782359358.9432292,0.0019156932830810547
83511,normal,2324,0,1782359358.9453862,0.002156972885131836
83512,normal,1437,0,1782359358.9472237,0.0018374919891357422
83513,normal,1667,0,1782359358.9492252,0.002001523971557617
83514,normal,1040,0,1782359358.9513335,0.002108335494995117
83515,normal,2032,0,1782359358.9531412,0.0018076896667480469
83516,normal,1968,0,1782359358.9551914,0.002050161361694336
83517,normal,2474,0,1782359358.9573932,0.0022017955780029297
83518,normal,297,0,1782359358.9592016,0.0018084049224853516
83519,normal,1969,0,1782359358.961438,0.0022363662719726562
83520,normal,2829,0,1782359358.9632416,0.0018036365509033203
83521,normal,601,0,1782359358.96536,0.002118349075317383
83522,normal,3192,1,1782359358.967205,0.0018451213836669922
83523,normal,3182,1,1782359358.969374,0.002168893814086914
83524,normal,1465,0,1782359358.971218,0.001844167709350586
83525,normal,1129,0,1782359358.973389,0.0021708011627197266
83526,normal,1248,0,1782359358.9752455,0.0018565654754638672
83527,normal,110,0,1782359358.9773757,0.002130270004272461
83528,normal,2953,0,1782359358.979283,0.0019073486328125
83529,normal,3365,1,1782359358.9814014,0.002118349075317383
83530,normal,1398,0,1782359358.9832165,0.0018150806427001953
83531,normal,3123,1,1782359358.9853766,0.0021600723266601562
83532,normal,3074,1,1782359358.9872453,0.0018687248229980469
83533,normal,1771,0,1782359358.9893758,0.0021305084228515625
83534,normal,2726,0,1782359358.9912899,0.0019140243530273438
83535,normal,3290,1,1782359358.9934077,0.0021178722381591797
83536,normal,271,0,1782359358.995217,0.0018093585968017578
83537,normal,1269,0,1782359358.9973671,0.0021500587463378906
83538,normal,1539,0,1782359358.999242,0.0018749237060546875
83539,normal,1094,0,1782359359.0013757,0.002133607864379883
83540,normal,3238,1,1782359359.0032191,0.0018434524536132812
83541,normal,401,0,1782359359.0053604,0.002141237258911133
83542,normal,1263,0,1782359359.0071979,0.0018374919891357422
83543,normal,709,0,1782359359.0093553,0.002157449722290039
83544,normal,3205,1,1782359359.0111973,0.0018420219421386719
83545,normal,3325,1,1782359359.0133538,0.002156496047973633
83546,normal,57,0,1782359359.0151987,0.0018448829650878906
83547,normal,451,0,1782359359.0173488,0.0021500587463378906
83548,normal,2743,0,1782359359.0192006,0.001851797103881836
83549,normal,1672,0,1782359359.0213528,0.0021522045135498047
83550,normal,1323,1,1782359359.0232003,0.0018475055694580078
83551,normal,564,0,1782359359.0253968,0.0021965503692626953
83552,normal,2839,0,1782359359.0273001,0.0019032955169677734
83553,normal,1931,0,1782359359.0293987,0.002098560333251953
83554,normal,462,0,1782359359.0312145,0.0018157958984375
83555,normal,216,0,1782359359.0333695,0.0021550655364990234
83556,normal,1046,0,1782359359.0352423,0.0018727779388427734
83557,normal,1061,0,1782359359.0373712,0.0021288394927978516
83558,normal,867,2,1782359359.0393054,0.0019342899322509766
83559,normal,2955,0,1782359359.0414188,0.00211334228515625
83560,normal,2532,0,1782359359.0432253,0.001806497573852539
83561,normal,3350,1,1782359359.045368,0.002142667770385742
83562,normal,2360,0,1782359359.0472414,0.0018734931945800781
83563,normal,2052,0,1782359359.0493705,0.002129077911376953
83564,normal,3040,0,1782359359.0512264,0.0018558502197265625
83565,normal,75,0,1782359359.0533974,0.002171039581298828
83566,normal,2085,0,1782359359.0552175,0.0018200874328613281
83567,normal,2426,0,1782359359.057358,0.002140522003173828
83568,normal,2623,0,1782359359.0591996,0.0018415451049804688
83569,normal,3283,1,1782359359.0613544,0.002154827117919922
83570,normal,1843,0,1782359359.0632172,0.0018627643585205078
83571,normal,347,0,1782359359.0653512,0.002134084701538086
83572,normal,1666,0,1782359359.067199,0.0018477439880371094
83573,normal,3632,0,1782359359.0693629,0.0021638870239257812
83574,normal,938,2,1782359359.0712063,0.0018434524536132812
83575,normal,2437,0,1782359359.073355,0.0021486282348632812
83576,normal,1884,0,1782359359.075198,0.0018429756164550781
83577,normal,2394,0,1782359359.077348,0.0021500587463378906
83578,normal,1272,0,1782359359.0791967,0.0018486976623535156
83579,normal,2700,0,1782359359.0813715,0.002174854278564453
83580,normal,901,2,1782359359.0832417,0.0018701553344726562
83581,normal,3237,1,1782359359.0853684,0.0021266937255859375
83582,normal,3611,0,1782359359.0872278,0.001859426498413086
83583,normal,3402,0,1782359359.0893908,0.002162933349609375
83584,normal,2234,0,1782359359.0912101,0.0018193721771240234
83585,normal,1415,0,1782359359.093385,0.002174854278564453
83586,normal,2262,0,1782359359.0951986,0.001813650131225586
83587,normal,769,0,1782359359.097354,0.002155303955078125
83588,normal,2975,0,1782359359.0992315,0.0018775463104248047
83589,normal,2577,0,1782359359.1013615,0.0021300315856933594
83590,normal,206,0,1782359359.103198,0.001836538314819336
83591,normal,2501,0,1782359359.10539,0.0021920204162597656
83592,normal,1158,0,1782359359.1072118,0.001821756362915039
83593,normal,3661,0,1782359359.1093693,0.002157449722290039
83594,normal,1157,0,1782359359.1112118,0.001842498779296875
83595,normal,381,0,1782359359.11339,0.002178192138671875
83596,normal,2537,0,1782359359.1152134,0.00182342529296875
83597,normal,3465,0,1782359359.1173692,0.002155780792236328
83598,normal,1431,0,1782359359.1192482,0.001878976821899414
83599,normal,3535,0,1782359359.1213663,0.0021181106567382812
83600,normal,44,0,1782359359.1232026,0.0018362998962402344
83601,normal,963,2,1782359359.125351,0.0021483898162841797
83602,normal,1851,0,1782359359.1271975,0.0018465518951416016
83603,normal,931,2,1782359359.1293564,0.0021588802337646484
83604,normal,3019,0,1782359359.1311982,0.0018417835235595703
83605,normal,1498,0,1782359359.1333566,0.0021584033966064453
83606,normal,632,0,1782359359.1351984,0.0018417835235595703
83607,normal,3126,1,1782359359.137352,0.002153635025024414
83608,normal,618,0,1782359359.1391973,0.0018453598022460938
83609,normal,3026,0,1782359359.1413522,0.002154827117919922
83610,normal,2884,0,1782359359.1432161,0.0018639564514160156
83611,normal,861,2,1782359359.1453521,0.0021359920501708984
83612,normal,1350,1,1782359359.14722,0.0018677711486816406
83613,normal,396,0,1782359359.149397,0.002177000045776367
83614,normal,3436,0,1782359359.1512125,0.0018155574798583984
83615,normal,269,0,1782359359.1533928,0.002180337905883789
83616,normal,2053,0,1782359359.1552014,0.0018086433410644531
83617,normal,1616,0,1782359359.1573555,0.002154111862182617
83618,normal,1738,0,1782359359.159256,0.0019004344940185547
83619,normal,3591,0,1782359359.1613503,0.002094268798828125
83620,normal,1720,0,1782359359.163197,0.0018467903137207031
83621,normal,3080,1,1782359359.1653578,0.002160787582397461
83622,normal,3361,1,1782359359.1671982,0.001840353012084961
83623,normal,2748,0,1782359359.169351,0.0021529197692871094
83624,normal,1676,0,1782359359.1712606,0.001909494400024414
83625,normal,2130,0,1782359359.173349,0.002088308334350586
83626,normal,1054,0,1782359359.1754,0.002051115036010742
83627,normal,1556,0,1782359359.1774726,0.002072572708129883
83628,normal,1929,0,1782359359.1805012,0.0030286312103271484
83629,normal,2314,0,1782359359.1812365,0.0007352828979492188
83630,normal,1194,0,1782359359.1832159,0.001979351043701172
83631,normal,568,0,1782359359.1851468,0.0019309520721435547
83632,normal,116,0,1782359359.187249,0.0021021366119384766
83633,normal,3558,0,1782359359.1894126,0.0021636486053466797
83634,normal,2241,0,1782359359.1913552,0.0019426345825195312
83635,normal,737,0,1782359359.1933327,0.0019774436950683594
83636,normal,197,0,1782359359.1952698,0.0019371509552001953
83637,normal,1462,0,1782359359.1971428,0.001873016357421875
83638,normal,2441,0,1782359359.1992438,0.0021009445190429688
83639,normal,2991,0,1782359359.2011786,0.0019347667694091797
83640,normal,3500,0,1782359359.2033176,0.0021390914916992188
83641,normal,3129,1,1782359359.2052822,0.001964569091796875
83642,normal,2651,0,1782359359.2074127,0.0021305084228515625
83643,normal,2103,0,1782359359.2095273,0.002114534378051758
83644,normal,947,2,1782359359.211213,0.0016858577728271484
83645,normal,1856,0,1782359359.2132964,0.002083301544189453
83646,normal,1924,0,1782359359.2152147,0.0019183158874511719
83647,normal,2853,0,1782359359.2172935,0.0020787715911865234
83648,normal,1986,0,1782359359.2192934,0.0019998550415039062
83649,normal,1494,0,1782359359.221292,0.0019986629486083984
83650,normal,3268,1,1782359359.2233102,0.0020182132720947266
83651,normal,1300,0,1782359359.2253013,0.0019910335540771484
83652,normal,561,0,1782359359.2272933,0.0019919872283935547
83653,normal,2100,0,1782359359.2292566,0.001963376998901367
83654,normal,1871,0,1782359359.231296,0.0020394325256347656
83655,normal,3429,0,1782359359.2332935,0.0019974708557128906
83656,normal,1956,0,1782359359.2354443,0.0021507740020751953
83657,normal,3147,1,1782359359.237402,0.0019576549530029297
83658,normal,2077,0,1782359359.239343,0.0019409656524658203
83659,normal,3643,0,1782359359.2415092,0.002166271209716797
83660,normal,1542,0,1782359359.2436264,0.002117156982421875
83661,normal,1212,0,1782359359.2451737,0.0015473365783691406
83662,normal,2319,0,1782359359.2473075,0.0021338462829589844
83663,normal,3607,0,1782359359.2494073,0.002099752426147461
83664,normal,64,0,1782359359.2512267,0.0018193721771240234
83665,normal,2270,0,1782359359.2532644,0.0020377635955810547
83666,normal,2773,0,1782359359.255287,0.0020225048065185547
83667,normal,3327,1,1782359359.2572305,0.0019435882568359375
83668,normal,108,0,1782359359.2592769,0.002046346664428711
83669,normal,2514,0,1782359359.2613397,0.0020627975463867188
83670,normal,349,0,1782359359.263404,0.002064228057861328
83671,normal,3675,0,1782359359.2652974,0.0018935203552246094
83672,normal,994,2,1782359359.267401,0.002103567123413086
83673,normal,1769,0,1782359359.269306,0.0019049644470214844
83674,normal,573,0,1782359359.271402,0.002095937728881836
83675,normal,2767,0,1782359359.2733076,0.001905679702758789
83676,normal,3007,0,1782359359.2754116,0.002104043960571289
83677,normal,3174,1,1782359359.2772312,0.001819610595703125
83678,normal,2334,0,1782359359.279455,0.0022237300872802734
83679,normal,3577,0,1782359359.2813008,0.0018458366394042969
83680,normal,542,0,1782359359.283385,0.0020842552185058594
83681,normal,1910,0,1782359359.2852898,0.0019047260284423828
83682,normal,2217,0,1782359359.287381,0.0020911693572998047
83683,normal,2108,0,1782359359.2892768,0.001895904541015625
83684,normal,2349,0,1782359359.291314,0.00203704833984375
83685,normal,611,0,1782359359.2934349,0.0021209716796875
83686,normal,247,0,1782359359.295362,0.0019271373748779297
83687,normal,744,0,1782359359.2974367,0.002074718475341797
83688,normal,1299,0,1782359359.2993457,0.001909017562866211
83689,normal,2192,0,1782359359.3013005,0.001954793930053711
83690,normal,1031,0,1782359359.3034298,0.0021293163299560547
83691,normal,678,0,1782359359.3052764,0.0018465518951416016
83692,normal,1127,0,1782359359.3073597,0.002083301544189453
83693,normal,1482,0,1782359359.3092656,0.0019059181213378906
83694,normal,1288,0,1782359359.3116527,0.0023870468139648438
83695,normal,1609,0,1782359359.3132594,0.0016067028045654297
83696,normal,2931,0,1782359359.3154595,0.0022001266479492188
83697,normal,3167,1,1782359359.3175282,0.002068758010864258
83698,normal,873,2,1782359359.3193986,0.0018703937530517578
83699,normal,2570,0,1782359359.321368,0.0019693374633789062
83700,normal,2828,0,1782359359.3235145,0.002146482467651367
83701,normal,2757,0,1782359359.3253577,0.0018432140350341797
83702,normal,2639,0,1782359359.3273556,0.0019979476928710938
83703,normal,487,0,1782359359.329266,0.0019104480743408203
83704,normal,181,0,1782359359.3313553,0.002089262008666992
83705,normal,1265,0,1782359359.33347,0.0021147727966308594
83706,normal,526,0,1782359359.3351932,0.0017230510711669922
83707,normal,1035,0,1782359359.3373485,0.002155303955078125
83708,normal,1178,0,1782359359.3393505,0.0020020008087158203
83709,normal,2222,0,1782359359.341275,0.0019245147705078125
83710,normal,459,0,1782359359.3437133,0.0024383068084716797
83711,normal,2009,0,1782359359.3456898,0.001976490020751953
83712,normal,2942,0,1782359359.3473396,0.0016498565673828125
83713,normal,626,0,1782359359.3492818,0.0019421577453613281
83714,normal,2976,0,1782359359.3513398,0.0020580291748046875
83715,normal,1111,0,1782359359.35321,0.0018701553344726562
83716,normal,1508,0,1782359359.3553603,0.002150297164916992
83717,normal,1913,0,1782359359.3573124,0.0019521713256835938
83718,normal,315,0,1782359359.3591857,0.0018732547760009766
83719,normal,3456,0,1782359359.3613844,0.0021986961364746094
83720,normal,1192,0,1782359359.3632636,0.0018792152404785156
83721,normal,3529,0,1782359359.365408,0.002144336700439453
83722,normal,1343,1,1782359359.3672888,0.0018808841705322266
83723,normal,1890,0,1782359359.3696032,0.002314329147338867
83724,normal,2802,0,1782359359.3714368,0.0018336772918701172
83725,normal,2901,0,1782359359.3734107,0.001973867416381836
83726,normal,1448,0,1782359359.3754063,0.001995563507080078
83727,normal,2667,0,1782359359.3773758,0.001969575881958008
83728,normal,1954,0,1782359359.379314,0.0019381046295166016
83729,normal,2386,0,1782359359.381598,0.0022840499877929688
83730,normal,874,2,1782359359.3834703,0.0018723011016845703
83731,normal,3605,0,1782359359.385395,0.001924753189086914
83732,normal,1520,0,1782359359.3874173,0.002022266387939453
83733,normal,1908,0,1782359359.389431,0.002013683319091797
83734,normal,3177,1,1782359359.3914216,0.0019905567169189453
83735,normal,1906,0,1782359359.3934073,0.001985788345336914
83736,normal,3101,1,1782359359.395273,0.0018656253814697266
83737,normal,3471,0,1782359359.3972921,0.002019166946411133
83738,normal,1598,0,1782359359.3992977,0.0020055770874023438
83739,normal,198,0,1782359359.401387,0.002089262008666992
83740,normal,2135,0,1782359359.4032898,0.0019028186798095703
83741,normal,2452,0,1782359359.4053638,0.002074003219604492
83742,normal,3037,0,1782359359.4072926,0.0019288063049316406
83743,normal,2899,0,1782359359.4094028,0.0021102428436279297
83744,normal,174,0,1782359359.4113405,0.0019376277923583984
83745,normal,3649,0,1782359359.4134781,0.0021376609802246094
83746,normal,2114,0,1782359359.415277,0.001798868179321289
83747,normal,3316,1,1782359359.4173174,0.002040386199951172
83748,normal,3180,1,1782359359.4192433,0.0019259452819824219
83749,normal,3203,1,1782359359.4212625,0.002019166946411133
83750,normal,366,0,1782359359.4233303,0.0020678043365478516
83751,normal,1459,0,1782359359.4253159,0.0019855499267578125
83752,normal,1422,0,1782359359.427171,0.0018551349639892578
83753,normal,2436,0,1782359359.429267,0.002095937728881836
83754,normal,1696,0,1782359359.4311614,0.0018944740295410156
83755,normal,2397,0,1782359359.4332337,0.0020723342895507812
83756,normal,2685,0,1782359359.435171,0.0019371509552001953
83757,normal,592,0,1782359359.4371727,0.0020017623901367188
83758,normal,2887,0,1782359359.43919,0.0020172595977783203
83759,normal,2449,0,1782359359.4411683,0.0019783973693847656
83760,normal,1829,0,1782359359.4432013,0.0020329952239990234
83761,normal,3262,1,1782359359.4453022,0.0021009445190429688
83762,normal,436,0,1782359359.4472585,0.0019562244415283203
83763,normal,3613,0,1782359359.449256,0.0019974708557128906
83764,normal,3029,0,1782359359.4512656,0.0020096302032470703
83765,normal,3637,0,1782359359.4532769,0.0020112991333007812
83766,normal,2051,0,1782359359.4553068,0.002029895782470703
83767,normal,3411,0,1782359359.4574544,0.002147674560546875
83768,normal,1002,2,1782359359.4593902,0.001935720443725586
83769,normal,1240,0,1782359359.4613712,0.001981019973754883
83770,normal,3125,1,1782359359.4633193,0.0019481182098388672
83771,normal,1012,2,1782359359.4653938,0.0020744800567626953
83772,normal,1808,0,1782359359.467343,0.001949310302734375
83773,normal,3622,0,1782359359.4692817,0.0019385814666748047
83774,normal,2494,0,1782359359.4712725,0.001990795135498047
83775,normal,3373,1,1782359359.4733634,0.002090930938720703
83776,normal,3343,1,1782359359.475468,0.002104520797729492
83777,normal,1220,0,1782359359.4773605,0.0018925666809082031
83778,normal,3708,0,1782359359.479402,0.0020415782928466797
83779,normal,1492,0,1782359359.4814389,0.0020368099212646484
83780,normal,2244,0,1782359359.4836173,0.0021784305572509766
83781,normal,718,0,1782359359.4853241,0.001706838607788086
83782,normal,837,2,1782359359.4874086,0.002084493637084961
83783,normal,3602,0,1782359359.4895296,0.0021209716796875
83784,normal,3301,1,1782359359.4912238,0.0016942024230957031
83785,normal,1392,0,1782359359.493349,0.002125263214111328
83786,normal,3243,1,1782359359.495346,0.0019969940185546875
83787,normal,1049,0,1782359359.4972727,0.0019266605377197266
83788,normal,1347,1,1782359359.4993758,0.002103090286254883
83789,normal,1788,0,1782359359.501345,0.0019690990447998047
83790,normal,1521,0,1782359359.503268,0.0019230842590332031
83791,normal,3349,1,1782359359.5053487,0.002080678939819336
83792,normal,2541,0,1782359359.50735,0.0020012855529785156
83793,normal,3424,0,1782359359.510015,0.0026650428771972656
83794,normal,303,0,1782359359.5113611,0.0013461112976074219
83795,normal,1027,2,1782359359.5133646,0.0020034313201904297
83796,normal,1107,0,1782359359.5152893,0.001924753189086914
83797,normal,712,0,1782359359.517379,0.0020897388458251953
83798,normal,634,0,1782359359.519294,0.00191497802734375
83799,normal,1759,0,1782359359.5215147,0.002220630645751953
83800,normal,1787,0,1782359359.523285,0.0017702579498291016
83801,normal,3544,0,1782359359.5253634,0.002078533172607422
83802,normal,697,0,1782359359.527285,0.0019216537475585938
83803,normal,1561,0,1782359359.5293813,0.0020961761474609375
83804,normal,441,0,1782359359.531293,0.0019116401672363281
83805,normal,790,2,1782359359.5336218,0.0023288726806640625
83806,normal,2886,0,1782359359.5353918,0.00177001953125
83807,normal,3280,1,1782359359.537408,0.002016305923461914
83808,normal,2910,0,1782359359.5393476,0.001939535140991211
83809,normal,2462,0,1782359359.5414007,0.0020530223846435547
83810,normal,2235,0,1782359359.5433152,0.0019145011901855469
83811,normal,168,0,1782359359.545625,0.0023097991943359375
83812,normal,1225,0,1782359359.5474553,0.0018303394317626953
83813,normal,2904,0,1782359359.5493681,0.001912832260131836
83814,normal,49,0,1782359359.5517323,0.0023641586303710938
83815,normal,3538,0,1782359359.5537267,0.0019943714141845703
83816,normal,2807,0,1782359359.555304,0.0015773773193359375
83817,normal,682,0,1782359359.557276,0.0019719600677490234
83818,normal,877,2,1782359359.5591948,0.001918792724609375
83819,normal,41,0,1782359359.5612814,0.002086639404296875
83820,normal,2869,0,1782359359.5632372,0.001955747604370117
83821,normal,850,2,1782359359.5652914,0.0020542144775390625
83822,normal,556,0,1782359359.5672653,0.001973867416381836
83823,normal,3235,1,1782359359.569197,0.0019316673278808594
83824,normal,469,0,1782359359.571298,0.0021009445190429688
83825,normal,1862,0,1782359359.5733204,0.0020225048065185547
83826,normal,917,2,1782359359.5753543,0.0020339488983154297
83827,normal,16,0,1782359359.5771403,0.0017859935760498047
83828,normal,3285,1,1782359359.579294,0.002153635025024414
83829,normal,272,0,1782359359.5813527,0.002058744430541992
83830,normal,515,0,1782359359.5833123,0.001959562301635742
83831,normal,1990,0,1782359359.5852869,0.0019745826721191406
83832,normal,2554,0,1782359359.5872693,0.001982450485229492
83833,normal,2476,0,1782359359.589153,0.0018837451934814453
83834,normal,2974,0,1782359359.591274,0.0021209716796875
83835,normal,3395,1,1782359359.59328,0.002006053924560547
83836,normal,376,0,1782359359.5952356,0.0019555091857910156
83837,normal,1543,0,1782359359.5972776,0.002042055130004883
83838,normal,1007,2,1782359359.5992906,0.002012968063354492
83839,normal,2781,0,1782359359.601205,0.0019145011901855469
83840,normal,3313,1,1782359359.6033282,0.002123117446899414
83841,normal,1015,2,1782359359.6052773,0.0019490718841552734
83842,normal,608,0,1782359359.607261,0.001983642578125
83843,normal,345,0,1782359359.6092596,0.0019986629486083984
83844,normal,1626,0,1782359359.6112595,0.0019998550415039062
83845,normal,52,0,1782359359.6132648,0.002005338668823242
83846,normal,3398,1,1782359359.615312,0.002047300338745117
83847,normal,1245,0,1782359359.6173115,0.001999378204345703
83848,normal,3234,1,1782359359.6193006,0.001989126205444336
83849,normal,2118,0,1782359359.6213095,0.0020089149475097656
83850,normal,2464,0,1782359359.6232562,0.0019466876983642578
83851,normal,1691,0,1782359359.6252985,0.0020422935485839844
83852,normal,1590,0,1782359359.6273026,0.0020041465759277344
83853,normal,3477,0,1782359359.6292844,0.0019817352294921875
83854,normal,2417,0,1782359359.6312652,0.0019807815551757812
83855,normal,619,0,1782359359.633268,0.0020029544830322266
83856,normal,513,0,1782359359.635434,0.0021657943725585938
83857,normal,541,0,1782359359.637192,0.0017580986022949219
83858,normal,695,0,1782359359.639301,0.002109050750732422
83859,normal,550,0,1782359359.6413627,0.002061605453491211
83860,normal,3545,0,1782359359.6432662,0.001903533935546875
83861,normal,2369,0,1782359359.6452935,0.002027273178100586
83862,normal,59,0,1782359359.6473713,0.002077817916870117
83863,normal,3265,1,1782359359.6493402,0.001968860626220703
83864,normal,3084,1,1782359359.651295,0.001954793930053711
83865,normal,1426,0,1782359359.6533318,0.0020368099212646484
83866,normal,153,0,1782359359.655154,0.0018222332000732422
83867,normal,663,0,1782359359.6572657,0.002111673355102539
83868,normal,1723,0,1782359359.6591747,0.001909017562866211
83869,normal,1056,0,1782359359.661259,0.0020842552185058594
83870,normal,1105,0,1782359359.66326,0.002001047134399414
83871,normal,2428,0,1782359359.6652598,0.0019998550415039062
83872,normal,2614,0,1782359359.6673322,0.0020723342895507812
83873,normal,1396,0,1782359359.669545,0.0022127628326416016
83874,normal,2367,0,1782359359.6712372,0.0016922950744628906
83875,normal,2401,0,1782359359.6732364,0.0019991397857666016
83876,normal,2863,0,1782359359.675273,0.002036571502685547
83877,normal,1298,0,1782359359.6772835,0.0020105838775634766
83878,normal,85,0,1782359359.67926,0.001976490020751953
83879,normal,2996,0,1782359359.6813617,0.0021016597747802734
83880,normal,2684,0,1782359359.6831508,0.001789093017578125
83881,normal,2346,0,1782359359.6852732,0.0021224021911621094
83882,normal,2929,0,1782359359.687279,0.0020058155059814453
83883,normal,1601,0,1782359359.6892867,0.002007722854614258
83884,normal,1280,0,1782359359.6915817,0.0022950172424316406
83885,normal,2049,0,1782359359.693438,0.0018563270568847656
83886,normal,3321,1,1782359359.6952698,0.0018317699432373047
83887,normal,2740,0,1782359359.6973522,0.002082347869873047
83888,normal,137,0,1782359359.6993413,0.001989126205444336
83889,normal,3644,0,1782359359.7013948,0.002053499221801758
83890,normal,1085,0,1782359359.7032428,0.001847982406616211
83891,normal,780,2,1782359359.7056224,0.0023796558380126953
83892,normal,2219,0,1782359359.7073267,0.0017042160034179688
83893,normal,3464,0,1782359359.7092762,0.0019495487213134766
83894,normal,3048,1,1782359359.7113776,0.002101421356201172
83895,normal,1402,0,1782359359.7132833,0.001905679702758789
83896,normal,2134,0,1782359359.7152886,0.002005338668823242
83897,normal,1858,0,1782359359.7172773,0.001988649368286133
83898,normal,540,0,1782359359.7192712,0.001993894577026367
83899,normal,1988,0,1782359359.7212875,0.002016305923461914
83900,normal,331,0,1782359359.7232866,0.0019991397857666016
83901,normal,3430,0,1782359359.725282,0.0019953250885009766
83902,normal,3047,1,1782359359.7272692,0.0019872188568115234
83903,normal,132,0,1782359359.72928,0.002010822296142578
83904,normal,449,0,1782359359.7313254,0.0020453929901123047
83905,normal,669,0,1782359359.733317,0.0019915103912353516
83906,normal,234,0,1782359359.735323,0.002006053924560547
83907,normal,1652,0,1782359359.7372863,0.001963376998901367
83908,normal,2591,0,1782359359.739275,0.001988649368286133
83909,normal,551,0,1782359359.7413275,0.0020525455474853516
83910,normal,2248,0,1782359359.7433107,0.001983165740966797
83911,normal,2196,0,1782359359.7452776,0.0019669532775878906
83912,normal,2801,0,1782359359.7473273,0.002049684524536133
83913,normal,1155,0,1782359359.7492456,0.0019183158874511719
83914,normal,332,0,1782359359.7512867,0.0020411014556884766
83915,normal,986,2,1782359359.7532816,0.0019948482513427734
83916,normal,37,0,1782359359.7552886,0.002007007598876953
83917,normal,472,0,1782359359.757301,0.002012491226196289
83918,normal,2603,0,1782359359.7592921,0.0019910335540771484
83919,normal,2642,0,1782359359.761351,0.0020589828491210938
83920,normal,3599,0,1782359359.7632654,0.0019142627716064453
83921,normal,1101,0,1782359359.7652721,0.0020067691802978516
83922,normal,372,0,1782359359.76719,0.0019178390502929688
83923,normal,1353,1,1782359359.7692666,0.0020766258239746094
83924,normal,1770,0,1782359359.7712874,0.0020208358764648438
83925,normal,3505,0,1782359359.7732878,0.0020003318786621094
83926,normal,3303,1,1782359359.7753747,0.0020868778228759766
83927,normal,1658,0,1782359359.7772944,0.0019197463989257812
83928,normal,1918,0,1782359359.779339,0.002044677734375
83929,normal,3034,0,1782359359.781266,0.0019268989562988281
83930,normal,870,2,1782359359.7833576,0.002091646194458008
83931,normal,2,0,1782359359.7852738,0.0019161701202392578
83932,normal,3168,1,1782359359.7872865,0.0020127296447753906
83933,normal,2569,0,1782359359.789267,0.0019805431365966797
83934,normal,1614,0,1782359359.7912605,0.001993417739868164
83935,normal,3100,1,1782359359.7932978,0.0020372867584228516
83936,normal,1925,0,1782359359.7953281,0.0020303726196289062
83937,normal,3422,0,1782359359.7973232,0.001995086669921875
83938,normal,1681,0,1782359359.7993348,0.002011537551879883
83939,normal,2849,0,1782359359.8013499,0.0020151138305664062
83940,normal,1383,0,1782359359.8032784,0.001928567886352539
83941,normal,2325,0,1782359359.8053112,0.002032756805419922
83942,normal,1373,1,1782359359.8073597,0.002048492431640625
83943,normal,424,0,1782359359.8092449,0.0018851757049560547
83944,normal,880,2,1782359359.8112621,0.0020172595977783203
83945,normal,846,2,1782359359.8132565,0.0019943714141845703
83946,normal,1406,0,1782359359.8152587,0.002002239227294922
83947,normal,2468,0,1782359359.8173747,0.002115964889526367
83948,normal,2444,0,1782359359.81921,0.0018353462219238281
83949,normal,1805,0,1782359359.8212724,0.0020623207092285156
83950,normal,133,0,1782359359.8232563,0.0019838809967041016
83951,normal,815,2,1782359359.8252544,0.0019981861114501953
83952,normal,2002,0,1782359359.8278792,0.0026247501373291016
83953,normal,1916,0,1782359359.8293397,0.0014605522155761719
83954,normal,739,0,1782359359.8312964,0.0019567012786865234
83955,normal,2259,0,1782359359.833291,0.001994609832763672
83956,normal,1566,0,1782359359.8352447,0.001953601837158203
83957,normal,169,0,1782359359.8372834,0.002038717269897461
83958,normal,651,0,1782359359.8393703,0.0020868778228759766
83959,normal,266,0,1782359359.8412194,0.0018491744995117188
83960,normal,1173,0,1782359359.843269,0.002049684524536133
83961,normal,2634,0,1782359359.8452723,0.002003192901611328
83962,normal,326,0,1782359359.8472886,0.002016305923461914
83963,normal,1917,0,1782359359.8493094,0.0020208358764648438
83964,normal,1573,0,1782359359.8513684,0.0020589828491210938
83965,normal,2065,0,1782359359.8532882,0.0019197463989257812
83966,normal,3588,0,1782359359.8553429,0.0020546913146972656
83967,normal,2497,0,1782359359.8573225,0.0019795894622802734
83968,normal,596,0,1782359359.8593385,0.0020160675048828125
83969,normal,2121,0,1782359359.8613355,0.0019969940185546875
83970,normal,22,0,1782359359.8632448,0.0019092559814453125
83971,normal,1994,0,1782359359.8655412,0.00229644775390625
83972,normal,3162,1,1782359359.8673816,0.001840353012084961
83973,normal,296,0,1782359359.8692183,0.0018367767333984375
83974,normal,3698,0,1782359359.8713717,0.0021533966064453125
83975,normal,3353,1,1782359359.873375,0.002003192901611328
83976,normal,1888,0,1782359359.8752124,0.0018374919891357422
83977,normal,2688,0,1782359359.8772664,0.002053976058959961
83978,normal,761,0,1782359359.8792653,0.0019989013671875
83979,normal,3499,0,1782359359.8812864,0.0020210742950439453
83980,normal,492,0,1782359359.8832757,0.0019893646240234375
83981,normal,806,2,1782359359.88528,0.0020041465759277344
83982,normal,2439,0,1782359359.8872743,0.0019943714141845703
83983,normal,114,0,1782359359.8892748,0.002000570297241211
83984,normal,2355,0,1782359359.8913066,0.0020318031311035156
83985,normal,3230,1,1782359359.8933384,0.0020318031311035156
83986,normal,1278,0,1782359359.8953075,0.0019690990447998047
83987,normal,325,0,1782359359.8972652,0.0019576549530029297
83988,normal,3557,0,1782359359.8993073,0.002042055130004883
83989,normal,2547,0,1782359359.9013164,0.002009153366088867
83990,normal,495,0,1782359359.9033318,0.002015352249145508
83991,normal,3312,1,1782359359.9053001,0.0019683837890625
83992,normal,2207,0,1782359359.9072478,0.001947641372680664
83993,normal,1855,0,1782359359.9092817,0.0020339488983154297
83994,normal,816,2,1782359359.9112744,0.0019927024841308594
83995,normal,853,2,1782359359.9131978,0.0019233226776123047
83996,normal,771,0,1782359359.9152906,0.0020928382873535156
83997,normal,3112,1,1782359359.9172785,0.001987934112548828
83998,normal,587,0,1782359359.919278,0.001999378204345703
83999,normal,2251,0,1782359359.921501,0.0022230148315429688
84000,normal,892,2,1782359359.9232316,0.0017306804656982422
84001,normal,2098,0,1782359359.9254506,0.002218961715698242
84002,normal,2977,0,1782359359.9274282,0.001977682113647461
84003,normal,3020,0,1782359359.9293234,0.0018951892852783203
84004,normal,2744,0,1782359359.9312997,0.0019762516021728516
84005,normal,1179,0,1782359359.9332964,0.001996755599975586
84006,normal,2689,0,1782359359.9353182,0.00202178955078125
84007,normal,2809,0,1782359359.9373162,0.0019979476928710938
84008,normal,2493,0,1782359359.9393442,0.0020279884338378906
84009,normal,604,0,1782359359.9414365,0.0020923614501953125
84010,normal,2361,0,1782359359.94335,0.0019135475158691406
84011,normal,1434,0,1782359359.9454896,0.002139568328857422
84012,normal,2521,0,1782359359.947244,0.0017542839050292969
84013,normal,1948,0,1782359359.9494371,0.0021932125091552734
84014,normal,1370,1,1782359359.9513245,0.0018873214721679688
84015,normal,309,0,1782359359.9534225,0.00209808349609375
84016,normal,2156,0,1782359359.9552279,0.0018053054809570312
84017,normal,274,0,1782359359.9573123,0.002084493637084961
84018,normal,791,2,1782359359.9591799,0.001867532730102539
84019,normal,3002,0,1782359359.961513,0.0023331642150878906
84020,normal,3219,1,1782359359.9632323,0.0017192363739013672
84021,normal,140,0,1782359359.9652534,0.0020210742950439453
84022,normal,2406,0,1782359359.9674356,0.0021822452545166016
84023,normal,716,0,1782359359.9694366,0.002001047134399414
84024,normal,1850,0,1782359359.9712327,0.0017960071563720703
84025,normal,1644,0,1782359359.9733396,0.002106904983520508
84026,normal,2022,0,1782359359.9753826,0.002043008804321289
84027,normal,2843,0,1782359359.977368,0.0019855499267578125
84028,normal,2678,0,1782359359.9791508,0.0017826557159423828
84029,normal,3635,0,1782359359.9812791,0.0021283626556396484
84030,normal,2954,0,1782359359.9831634,0.0018842220306396484
84031,normal,1075,0,1782359359.985276,0.0021126270294189453
84032,normal,681,0,1782359359.9873638,0.002087831497192383
84033,normal,1414,0,1782359359.989165,0.0018012523651123047
84034,normal,3121,1,1782359359.9912727,0.0021076202392578125
84035,normal,2837,0,1782359359.9932845,0.0020117759704589844
84036,normal,905,2,1782359359.9951746,0.0018901824951171875
84037,normal,3063,1,1782359359.9979167,0.0027420520782470703
84038,normal,1882,0,1782359359.9994307,0.0015139579772949219
84039,normal,3228,1,1782359360.0012138,0.001783132553100586
84040,normal,155,0,1782359360.0032983,0.002084493637084961
84041,normal,2586,0,1782359360.005324,0.002025604248046875
84042,normal,2733,0,1782359360.0071976,0.0018737316131591797
84043,normal,316,0,1782359360.0093765,0.0021789073944091797
84044,normal,1254,0,1782359360.0113366,0.0019600391387939453
84045,normal,380,0,1782359360.013192,0.0018553733825683594
84046,normal,1495,0,1782359360.015296,0.002104043960571289
84047,normal,3528,0,1782359360.017303,0.002007007598876953
84048,normal,3105,1,1782359360.0192018,0.0018987655639648438
84049,normal,468,0,1782359360.0213153,0.0021135807037353516
84050,normal,374,0,1782359360.023254,0.0019385814666748047
84051,normal,340,0,1782359360.0254016,0.002147674560546875
84052,normal,1413,0,1782359360.0272312,0.0018296241760253906
84053,normal,3251,1,1782359360.029351,0.002119779586791992
84054,normal,432,0,1782359360.0313578,0.0020067691802978516
84055,normal,2240,0,1782359360.0332344,0.0018765926361083984
84056,normal,844,2,1782359360.0352914,0.0020570755004882812
84057,normal,31,0,1782359360.0375228,0.0022313594818115234
84058,normal,112,0,1782359360.0393217,0.001798868179321289
84059,normal,1761,0,1782359360.0413358,0.00201416015625
84060,normal,3127,1,1782359360.0435743,0.0022385120391845703
84061,normal,2736,0,1782359360.0455716,0.001997232437133789
84062,normal,2550,0,1782359360.0472486,0.0016770362854003906
84063,normal,2274,0,1782359360.0494046,0.0021560192108154297
84064,normal,2442,0,1782359360.051224,0.0018193721771240234
84065,normal,395,0,1782359360.0533094,0.002085447311401367
84066,normal,688,0,1782359360.055281,0.0019714832305908203
84067,normal,2525,0,1782359360.0572863,0.002005338668823242
84068,normal,497,0,1782359360.0592945,0.002008199691772461
84069,normal,1786,0,1782359360.061152,0.0018575191497802734
84070,normal,588,0,1782359360.0633006,0.0021486282348632812
84071,normal,1217,0,1782359360.065347,0.002046346664428711
84072,normal,3076,1,1782359360.0672686,0.0019216537475585938
84073,normal,2164,0,1782359360.0693784,0.0021097660064697266
84074,normal,3298,1,1782359360.0711706,0.0017921924591064453
84075,normal,1510,0,1782359360.0733185,0.0021479129791259766
84076,normal,496,0,1782359360.0752356,0.001917123794555664
84077,normal,1314,0,1782359360.07737,0.0021343231201171875
84078,normal,2352,0,1782359360.0792425,0.0018725395202636719
84079,normal,2721,0,1782359360.0812833,0.002040863037109375
84080,normal,2055,0,1782359360.0833004,0.0020170211791992188
84081,normal,1065,0,1782359360.0851853,0.0018849372863769531
84082,normal,862,2,1782359360.087308,0.002122640609741211
84083,normal,2714,0,1782359360.0892982,0.0019903182983398438
84084,normal,1106,0,1782359360.0911908,0.0018925666809082031
84085,normal,3474,0,1782359360.0933092,0.002118349075317383
84086,normal,1912,0,1782359360.095308,0.0019989013671875
84087,normal,3102,1,1782359360.0972111,0.0019030570983886719
84088,normal,3315,1,1782359360.0993714,0.002160310745239258
84089,normal,509,0,1782359360.1011822,0.0018107891082763672
84090,normal,2597,0,1782359360.1031816,0.001999378204345703
84091,normal,3383,1,1782359360.1052935,0.0021119117736816406
84092,normal,2668,0,1782359360.1072958,0.002002239227294922
84093,normal,1874,0,1782359360.1091905,0.0018947124481201172
84094,normal,640,0,1782359360.1113098,0.002119302749633789
84095,normal,2393,0,1782359360.1133418,0.002032041549682617
84096,normal,1722,0,1782359360.1152575,0.0019156932830810547
84097,normal,3706,0,1782359360.1173613,0.0021038055419921875
84098,normal,1324,1,1782359360.1193426,0.0019812583923339844
84099,normal,800,2,1782359360.1212263,0.0018837451934814453
84100,normal,2228,0,1782359360.123321,0.002094745635986328
84101,normal,2433,0,1782359360.1253488,0.002027750015258789
84102,normal,375,0,1782359360.1271865,0.0018377304077148438
84103,normal,428,0,1782359360.1292994,0.002112865447998047
84104,normal,841,2,1782359360.1313024,0.0020029544830322266
84105,normal,3638,0,1782359360.1332064,0.0019040107727050781
84106,normal,2183,0,1782359360.1354227,0.002216339111328125
84107,normal,2877,0,1782359360.1372473,0.0018246173858642578
84108,normal,702,0,1782359360.1394224,0.0021750926971435547
84109,normal,1042,0,1782359360.1413794,0.001956939697265625
84110,normal,338,0,1782359360.1433275,0.0019481182098388672
84111,normal,3604,0,1782359360.145265,0.0019376277923583984
84112,normal,2287,0,1782359360.1472874,0.002022266387939453
84113,normal,958,2,1782359360.1494987,0.002211332321166992
84114,normal,1361,1,1782359360.1511931,0.0016944408416748047
84115,normal,2616,0,1782359360.1531684,0.0019752979278564453
84116,normal,653,0,1782359360.1552827,0.0021142959594726562
84117,normal,610,0,1782359360.1571822,0.0018994808197021484
84118,normal,3526,0,1782359360.1592782,0.002095937728881836
84119,normal,1456,0,1782359360.1614318,0.002153635025024414
84120,normal,2926,0,1782359360.1631787,0.0017468929290771484
84121,normal,1798,0,1782359360.1652732,0.0020945072174072266
84122,normal,3156,1,1782359360.1672776,0.002004384994506836
84123,normal,399,0,1782359360.1691775,0.0018999576568603516
84124,normal,1796,0,1782359360.1715488,0.0023713111877441406
84125,normal,3375,1,1782359360.1735506,0.0020017623901367188
84126,normal,2155,0,1782359360.1752384,0.001687765121459961
84127,normal,2821,0,1782359360.1771905,0.0019521713256835938
84128,normal,2787,0,1782359360.1792958,0.002105236053466797
84129,normal,143,0,1782359360.1811697,0.0018739700317382812
84130,normal,3589,0,1782359360.1832478,0.0020780563354492188
84131,normal,3454,0,1782359360.1853218,0.002074003219604492
84132,normal,239,0,1782359360.18714,0.0018181800842285156
84133,normal,2867,0,1782359360.1891575,0.002017498016357422
84134,normal,3231,1,1782359360.1911802,0.0020227432250976562
84135,normal,2405,0,1782359360.1931677,0.001987457275390625
84136,normal,2552,0,1782359360.1951852,0.002017498016357422
84137,normal,2226,0,1782359360.197202,0.002016782760620117
84138,normal,1950,0,1782359360.1994114,0.0022094249725341797
84139,normal,2513,0,1782359360.2012253,0.0018138885498046875
84140,normal,1505,0,1782359360.2032948,0.0020694732666015625
84141,normal,3496,0,1782359360.2052233,0.001928567886352539
84142,normal,1271,0,1782359360.2072423,0.0020189285278320312
84143,normal,3331,1,1782359360.2092276,0.001985311508178711
84144,normal,3093,1,1782359360.2112415,0.0020139217376708984
84145,normal,131,0,1782359360.2133105,0.0020689964294433594
84146,normal,1709,0,1782359360.2152712,0.00196075439453125
84147,normal,888,2,1782359360.2171502,0.001878976821899414
84148,normal,1358,1,1782359360.2193525,0.002202272415161133
84149,normal,2420,0,1782359360.2215614,0.0022089481353759766
84150,normal,1053,0,1782359360.2231996,0.001638174057006836
84151,normal,2556,0,1782359360.225169,0.0019693374633789062
84152,normal,3117,1,1782359360.2271755,0.00200653076171875
84153,normal,196,0,1782359360.2292159,0.002040386199951172
84154,normal,2003,0,1782359360.2311435,0.0019276142120361328
84155,normal,565,0,1782359360.2331827,0.002039194107055664
84156,normal,2523,0,1782359360.2351735,0.001990795135498047
84157,normal,727,0,1782359360.2371554,0.001981973648071289
84158,normal,1296,0,1782359360.2391622,0.0020067691802978516
84159,normal,822,2,1782359360.2412443,0.0020821094512939453
84160,normal,3416,0,1782359360.2433474,0.002103090286254883
84161,normal,636,0,1782359360.2453625,0.0020151138305664062
84162,normal,2036,0,1782359360.2472916,0.0019290447235107422
84163,normal,1326,1,1782359360.2492619,0.0019702911376953125
84164,normal,457,0,1782359360.251337,0.0020751953125
84165,normal,2063,0,1782359360.2532828,0.0019457340240478516
84166,normal,765,0,1782359360.255207,0.001924276351928711
84167,normal,3267,1,1782359360.257213,0.002006053924560547
84168,normal,2823,0,1782359360.259227,0.0020139217376708984
84169,normal,1161,0,1782359360.2611754,0.0019483566284179688
84170,normal,1922,0,1782359360.263225,0.002049684524536133
84171,normal,2271,0,1782359360.2651815,0.001956462860107422
84172,normal,2778,0,1782359360.2671933,0.0020117759704589844
84173,normal,2210,0,1782359360.2691817,0.0019884109497070312
84174,normal,2913,0,1782359360.2711809,0.0019991397857666016
84175,normal,2382,0,1782359360.2731895,0.002008676528930664
84176,normal,1577,0,1782359360.27519,0.002000570297241211
84177,normal,277,0,1782359360.2771857,0.001995563507080078
84178,normal,3673,0,1782359360.2791324,0.0019466876983642578
84179,normal,283,0,1782359360.2812285,0.0020961761474609375
84180,normal,1507,0,1782359360.2831657,0.0019371509552001953
84181,normal,2840,0,1782359360.2851832,0.002017498016357422
84182,normal,2313,0,1782359360.2871838,0.002000570297241211
84183,normal,900,2,1782359360.2891786,0.0019948482513427734
84184,normal,1110,0,1782359360.2911747,0.0019960403442382812
84185,normal,1297,0,1782359360.293219,0.0020444393157958984
84186,normal,3552,0,1782359360.2952611,0.002042055130004883
84187,normal,119,0,1782359360.2972076,0.0019464492797851562
84188,normal,1612,0,1782359360.2992194,0.0020117759704589844
84189,normal,258,0,1782359360.3012567,0.0020372867584228516
84190,normal,3498,0,1782359360.3031943,0.0019376277923583984
84191,normal,105,0,1782359360.3052068,0.002012491226196289
84192,normal,1045,0,1782359360.3072054,0.0019986629486083984
84193,normal,1436,0,1782359360.3091686,0.0019631385803222656
84194,normal,3335,1,1782359360.3111706,0.0020020008087158203
84195,normal,1814,0,1782359360.3131492,0.001978635787963867
84196,normal,1394,0,1782359360.3152058,0.002056598663330078
84197,normal,2770,0,1782359360.3172174,0.002011537551879883
84198,normal,801,2,1782359360.3192117,0.0019943714141845703
84199,normal,2724,0,1782359360.3212707,0.0020589828491210938
84200,normal,3399,1,1782359360.3232737,0.0020029544830322266
84201,normal,2715,0,1782359360.3252,0.001926422119140625
84202,normal,1091,0,1782359360.3272157,0.0020155906677246094
84203,normal,306,0,1782359360.329215,0.001999378204345703
84204,normal,1292,0,1782359360.331331,0.002115964889526367
84205,normal,157,0,1782359360.3331437,0.0018126964569091797
84206,normal,1306,0,1782359360.3351684,0.0020246505737304688
84207,normal,404,0,1782359360.3371637,0.0019953250885009766
84208,normal,3144,1,1782359360.3392684,0.0021047592163085938
84209,normal,113,0,1782359360.3412352,0.001966714859008789
84210,normal,691,0,1782359360.3431847,0.0019495487213134766
84211,normal,2374,0,1782359360.3451753,0.0019905567169189453
84212,normal,757,0,1782359360.3471975,0.002022266387939453
84213,normal,730,0,1782359360.3493233,0.0021257400512695312
84214,normal,1700,0,1782359360.3511758,0.0018525123596191406
84215,normal,433,0,1782359360.3533027,0.002126932144165039
84216,normal,1026,2,1782359360.3557975,0.00249481201171875
84217,normal,9,0,1782359360.3574672,0.0016696453094482422
84218,normal,3271,1,1782359360.3592305,0.0017633438110351562
84219,normal,1224,0,1782359360.3613083,0.002077817916870117
84220,normal,2948,0,1782359360.3631895,0.0018811225891113281
84221,normal,1372,1,1782359360.365312,0.002122640609741211
84222,normal,1604,0,1782359360.367195,0.001882791519165039
84223,normal,63,0,1782359360.3694828,0.0022878646850585938
84224,normal,3139,1,1782359360.3711882,0.0017054080963134766
84225,normal,3688,0,1782359360.373285,0.002096891403198242
84226,normal,605,0,1782359360.3751855,0.0019004344940185547
84227,normal,2041,0,1782359360.377307,0.002121448516845703
84228,normal,2892,0,1782359360.379195,0.0018880367279052734
84229,normal,1688,0,1782359360.3813076,0.0021126270294189453
84230,normal,2680,0,1782359360.3833845,0.002076864242553711
84231,normal,863,2,1782359360.3853643,0.001979827880859375
84232,normal,3094,1,1782359360.3872402,0.0018758773803710938
84233,normal,1886,0,1782359360.3893735,0.0021333694458007812
84234,normal,1713,0,1782359360.3912785,0.0019049644470214844
84235,normal,546,0,1782359360.3933306,0.0020520687103271484
84236,normal,3523,0,1782359360.3953521,0.0020215511322021484
84237,normal,188,0,1782359360.3971784,0.0018262863159179688
84238,normal,2048,0,1782359360.3995776,0.0023992061614990234
84239,normal,1427,0,1782359360.4014664,0.0018887519836425781
84240,normal,3207,1,1782359360.4032342,0.001767873764038086
84241,normal,259,0,1782359360.4055593,0.0023250579833984375
84242,normal,1605,0,1782359360.4075289,0.001969575881958008
84243,normal,1064,0,1782359360.4091914,0.0016624927520751953
84244,normal,312,0,1782359360.4112916,0.002100229263305664
84245,normal,3645,0,1782359360.4132938,0.002002239227294922
84246,normal,1187,0,1782359360.4151933,0.0018994808197021484
84247,normal,3461,0,1782359360.4173198,0.002126455307006836
84248,normal,1232,0,1782359360.419311,0.00199127197265625
84249,normal,868,2,1782359360.4211984,0.0018873214721679688
84250,normal,920,2,1782359360.4232824,0.002084016799926758
84251,normal,123,0,1782359360.4251995,0.001917123794555664
84252,normal,2989,0,1782359360.427347,0.0021474361419677734
84253,normal,1907,0,1782359360.429278,0.0019309520721435547
84254,normal,3410,0,1782359360.4313962,0.002118349075317383
84255,normal,214,0,1782359360.433186,0.0017898082733154297
84256,normal,2058,0,1782359360.4353206,0.002134561538696289
84257,normal,1895,0,1782359360.4373305,0.002009868621826172
84258,normal,665,0,1782359360.439251,0.001920461654663086
84259,normal,217,0,1782359360.441385,0.002134084701538086
84260,normal,2880,0,1782359360.4432812,0.0018961429595947266
84261,normal,2763,0,1782359360.4451876,0.0019063949584960938
84262,normal,70,0,1782359360.447302,0.002114534378051758
84263,normal,1154,0,1782359360.4493139,0.0020117759704589844
84264,normal,191,0,1782359360.451231,0.001917123794555664
84265,normal,145,0,1782359360.4533012,0.002070188522338867
84266,normal,1016,2,1782359360.4553185,0.0020172595977783203
84267,normal,494,0,1782359360.4572158,0.0018973350524902344
84268,normal,2693,0,1782359360.4593349,0.0021190643310546875
84269,normal,356,0,1782359360.461406,0.0020711421966552734
84270,normal,400,0,1782359360.4631925,0.0017864704132080078
84271,normal,109,0,1782359360.4653,0.0021076202392578125
84272,normal,2040,0,1782359360.4672992,0.0019991397857666016
84273,normal,2502,0,1782359360.4691803,0.0018811225891113281
84274,normal,1252,0,1782359360.4712958,0.002115488052368164
84275,normal,193,0,1782359360.4733043,0.0020084381103515625
84276,normal,2431,0,1782359360.47524,0.001935720443725586
84277,normal,2881,0,1782359360.477339,0.0020990371704101562
84278,normal,3066,1,1782359360.4793863,0.002047300338745117
84279,normal,779,2,1782359360.4812717,0.0018854141235351562
84280,normal,80,0,1782359360.4831967,0.0019249916076660156
84281,normal,3148,1,1782359360.4853306,0.0021338462829589844
84282,normal,1581,0,1782359360.487253,0.0019223690032958984
84283,normal,320,0,1782359360.48928,0.0020270347595214844
84284,normal,875,2,1782359360.491306,0.002026081085205078
84285,normal,6,0,1782359360.4931908,0.0018846988677978516
84286,normal,2177,0,1782359360.4953043,0.0021135807037353516
84287,normal,534,0,1782359360.4973629,0.0020585060119628906
84288,normal,3640,0,1782359360.4992373,0.0018744468688964844
84289,normal,3276,1,1782359360.5013766,0.0021393299102783203
84290,normal,53,0,1782359360.5034273,0.002050638198852539
84291,normal,804,2,1782359360.5053377,0.0019104480743408203
84292,normal,281,0,1782359360.5072818,0.0019440650939941406
84293,normal,2364,0,1782359360.5093808,0.0020990371704101562
84294,normal,3458,0,1782359360.511389,0.002008199691772461
84295,normal,142,0,1782359360.5133636,0.0019745826721191406
84296,normal,3050,1,1782359360.5152998,0.001936197280883789
84297,normal,754,0,1782359360.5171494,0.0018496513366699219
84298,normal,2780,0,1782359360.5192811,0.0021317005157470703
84299,normal,2170,0,1782359360.521287,0.0020058155059814453
84300,normal,3096,1,1782359360.5232306,0.0019435882568359375
84301,normal,2362,0,1782359360.5252779,0.002047300338745117
84302,normal,3490,0,1782359360.527281,0.002003192901611328
84303,normal,2583,0,1782359360.5291693,0.001888275146484375
84304,normal,87,0,1782359360.5312824,0.0021131038665771484
84305,normal,1595,0,1782359360.533921,0.002638578414916992
84306,normal,2987,0,1782359360.5355618,0.0016407966613769531
84307,normal,1951,0,1782359360.5371935,0.0016317367553710938
84308,normal,692,0,1782359360.5392962,0.0021026134490966797
84309,normal,3216,1,1782359360.541196,0.0018999576568603516
84310,normal,2518,0,1782359360.543307,0.0021109580993652344
84311,normal,2663,0,1782359360.5453446,0.002037525177001953
84312,normal,2266,0,1782359360.5474334,0.002088785171508789
84313,normal,3389,1,1782359360.5491965,0.0017631053924560547
84314,normal,3513,0,1782359360.5513175,0.0021209716796875
84315,normal,2322,0,1782359360.5531883,0.001870870590209961
84316,normal,2481,0,1782359360.5553071,0.002118825912475586
84317,normal,3038,0,1782359360.5573106,0.0020034313201904297
84318,normal,3310,1,1782359360.559305,0.0019943714141845703
84319,normal,1251,0,1782359360.5614343,0.0021293163299560547
84320,normal,2454,0,1782359360.5632536,0.0018193721771240234
84321,normal,3420,0,1782359360.5653942,0.002140522003173828
84322,normal,2625,0,1782359360.5672934,0.0018992424011230469
84323,normal,3690,0,1782359360.569418,0.0021245479583740234
84324,normal,3584,0,1782359360.571179,0.0017609596252441406
84325,normal,2710,0,1782359360.5736334,0.002454519271850586
84326,normal,1261,0,1782359360.5753572,0.0017237663269042969
84327,normal,1441,0,1782359360.577273,0.0019156932830810547
84328,normal,1980,0,1782359360.5796075,0.0023345947265625
84329,normal,2682,0,1782359360.5815804,0.0019729137420654297
84330,normal,2021,0,1782359360.583311,0.0017306804656982422
84331,normal,1249,0,1782359360.5851705,0.001859426498413086
84332,normal,1005,2,1782359360.5873003,0.002129793167114258
84333,normal,1186,0,1782359360.5892067,0.0019063949584960938
84334,normal,3273,1,1782359360.5913153,0.0021085739135742188
84335,normal,1854,0,1782359360.5933008,0.0019855499267578125
84336,normal,175,0,1782359360.5951936,0.0018928050994873047
84337,normal,1293,0,1782359360.5972934,0.002099752426147461
84338,normal,1135,0,1782359360.5993059,0.002012491226196289
84339,normal,3369,1,1782359360.6012287,0.0019228458404541016
84340,normal,1602,0,1782359360.6033685,0.0021398067474365234
84341,normal,823,2,1782359360.6053424,0.001973867416381836
84342,normal,2864,0,1782359360.6071787,0.0018362998962402344
84343,normal,1233,0,1782359360.609221,0.0020422935485839844
84344,normal,2649,0,1782359360.6113467,0.0021257400512695312
84345,normal,949,2,1782359360.613254,0.0019073486328125
84346,normal,1243,0,1782359360.6153839,0.002129793167114258
84347,normal,2871,0,1782359360.6171799,0.0017960071563720703
84348,normal,1244,0,1782359360.6192927,0.002112865447998047
84349,normal,2174,0,1782359360.621187,0.001894235610961914
84350,normal,1473,0,1782359360.6232915,0.002104520797729492
84351,normal,2606,0,1782359360.6251907,0.0018992424011230469
84352,normal,1991,0,1782359360.6273067,0.002115964889526367
84353,normal,2535,0,1782359360.629312,0.002005338668823242
84354,normal,713,0,1782359360.631201,0.0018889904022216797
84355,normal,2533,0,1782359360.6333234,0.0021224021911621094
84356,normal,32,0,1782359360.635437,0.0021135807037353516
84357,normal,2145,0,1782359360.6371915,0.0017545223236083984
84358,normal,2978,0,1782359360.6392975,0.0021059513092041016
84359,normal,670,0,1782359360.6412942,0.001996755599975586
84360,normal,382,0,1782359360.643184,0.0018897056579589844
84361,normal,1629,0,1782359360.6453004,0.0021164417266845703
84362,normal,2116,0,1782359360.6472993,0.0019989013671875
84363,normal,447,0,1782359360.649235,0.001935720443725586
84364,normal,827,2,1782359360.651509,0.002274036407470703
84365,normal,1816,0,1782359360.6533096,0.001800537109375
84366,normal,2594,0,1782359360.655401,0.0020914077758789062
84367,normal,230,0,1782359360.6572063,0.0018053054809570312
84368,normal,2291,0,1782359360.6593258,0.0021195411682128906
84369,normal,1153,0,1782359360.6612203,0.0018944740295410156
84370,normal,1958,0,1782359360.6633203,0.0020999908447265625
84371,normal,373,0,1782359360.6652942,0.001973867416381836
84372,normal,1585,0,1782359360.6671922,0.001898050308227539
84373,normal,2078,0,1782359360.669303,0.002110719680786133
84374,normal,2640,0,1782359360.671372,0.0020689964294433594
84375,normal,7,0,1782359360.6732461,0.0018742084503173828
84376,normal,1793,0,1782359360.6753452,0.0020990371704101562
84377,normal,389,0,1782359360.6774359,0.0020906925201416016
84378,normal,1287,0,1782359360.6792843,0.001848459243774414
84379,normal,2545,0,1782359360.6813295,0.002045154571533203
84380,normal,3697,0,1782359360.683378,0.002048492431640625
84381,normal,935,2,1782359360.6853166,0.0019385814666748047
84382,normal,1395,0,1782359360.6873522,0.0020356178283691406
84383,normal,2775,0,1782359360.6892953,0.0019431114196777344
84384,normal,2256,0,1782359360.6912227,0.0019273757934570312
84385,normal,2921,0,1782359360.6932964,0.0020737648010253906
84386,normal,11,0,1782359360.6952937,0.001997232437133789
84387,normal,723,0,1782359360.6973557,0.002062082290649414
84388,normal,3221,1,1782359360.699157,0.0018012523651123047
84389,normal,3118,1,1782359360.7013118,0.002154827117919922
84390,normal,2826,0,1782359360.703176,0.0018641948699951172
84391,normal,249,0,1782359360.7052906,0.002114534378051758
84392,normal,1391,0,1782359360.708111,0.0028204917907714844
84393,normal,1818,0,1782359360.7095199,0.0014088153839111328
84394,normal,3533,0,1782359360.7113159,0.0017960071563720703
84395,normal,2727,0,1782359360.7133434,0.0020275115966796875
84396,normal,1365,1,1782359360.7154105,0.002067089080810547
84397,normal,1294,0,1782359360.717221,0.0018105506896972656
84398,normal,1071,0,1782359360.7194138,0.0021927356719970703
84399,normal,810,2,1782359360.7214515,0.0020377635955810547
84400,normal,95,0,1782359360.723235,0.0017833709716796875
84401,normal,1321,1,1782359360.725358,0.002123117446899414
84402,normal,944,2,1782359360.7272787,0.0019207000732421875
84403,normal,953,2,1782359360.7293108,0.002032041549682617
84404,normal,2312,0,1782359360.731332,0.002021312713623047
84405,normal,2711,0,1782359360.7333336,0.002001523971557617
84406,normal,0,0,1782359360.73532,0.0019865036010742188
84407,normal,1592,0,1782359360.737414,0.002093791961669922
84408,normal,2922,0,1782359360.7392747,0.0018608570098876953
84409,normal,235,0,1782359360.7413573,0.0020825862884521484
84410,normal,1207,0,1782359360.7434108,0.002053499221801758
84411,normal,1942,0,1782359360.7452848,0.0018739700317382812
84412,normal,2490,0,1782359360.747158,0.0018732547760009766
84413,normal,1169,0,1782359360.7496397,0.002481698989868164
84414,normal,2519,0,1782359360.7516127,0.0019729137420654297
84415,normal,1070,0,1782359360.7532883,0.0016756057739257812
84416,normal,1952,0,1782359360.755616,0.0023276805877685547
84417,normal,1541,0,1782359360.7577095,0.0020935535430908203
84418,normal,1933,0,1782359360.7593234,0.0016138553619384766
84419,normal,2995,0,1782359360.7612975,0.0019741058349609375
84420,normal,135,0,1782359360.763358,0.0020606517791748047
84421,normal,2701,0,1782359360.7653031,0.0019450187683105469
84422,normal,3307,1,1782359360.7673056,0.0020024776458740234
84423,normal,2143,0,1782359360.7693264,0.0020208358764648438
84424,normal,3184,1,1782359360.7712998,0.001973390579223633
84425,normal,726,0,1782359360.773293,0.0019931793212890625
84426,normal,1806,0,1782359360.7754164,0.0021233558654785156
84427,normal,3432,0,1782359360.7772725,0.001856088638305664
84428,normal,523,0,1782359360.7794783,0.0022058486938476562
84429,normal,1447,0,1782359360.781397,0.001918792724609375
84430,normal,2538,0,1782359360.7831752,0.0017781257629394531
84431,normal,248,0,1782359360.785393,0.0022177696228027344
84432,normal,88,0,1782359360.7872415,0.001848459243774414
84433,normal,17,0,1782359360.7893898,0.0021483898162841797
84434,normal,545,0,1782359360.7914,0.0020101070404052734
84435,normal,2559,0,1782359360.7932057,0.0018057823181152344
84436,normal,2101,0,1782359360.7952933,0.0020875930786132812
84437,normal,2958,0,1782359360.7973208,0.0020275115966796875
84438,normal,2162,0,1782359360.7992182,0.0018973350524902344
84439,normal,506,0,1782359360.8012836,0.002065420150756836
84440,normal,422,0,1782359360.8033402,0.002056598663330078
84441,normal,3575,0,1782359360.8052356,0.0018954277038574219
84442,normal,2375,0,1782359360.8073082,0.002072572708129883
84443,normal,974,2,1782359360.8093648,0.002056598663330078
84444,normal,2986,0,1782359360.811278,0.001913309097290039
84445,normal,1067,0,1782359360.813332,0.002053976058959961
84446,normal,1073,0,1782359360.8153362,0.0020041465759277344
84447,normal,2927,0,1782359360.817224,0.0018877983093261719
84448,normal,1412,0,1782359360.8193,0.0020759105682373047
84449,normal,491,0,1782359360.821343,0.002043008804321289
84450,normal,1976,0,1782359360.8232307,0.0018877983093261719
84451,normal,1668,0,1782359360.825304,0.0020732879638671875
84452,normal,2600,0,1782359360.8273823,0.0020782947540283203
84453,normal,3128,1,1782359360.8293307,0.0019483566284179688
84454,normal,36,0,1782359360.8314085,0.002077817916870117
84455,normal,3059,1,1782359360.8333824,0.001973867416381836
84456,normal,1903,0,1782359360.835351,0.0019686222076416016
84457,normal,3073,1,1782359360.8371952,0.001844167709350586
84458,normal,3380,1,1782359360.839218,0.0020227432250976562
84459,normal,2659,0,1782359360.8412547,0.0020368099212646484
84460,normal,719,0,1782359360.8432698,0.0020151138305664062
84461,normal,2742,0,1782359360.8452935,0.0020236968994140625
84462,normal,3333,1,1782359360.847186,0.0018925666809082031
84463,normal,2665,0,1782359360.8493178,0.0021317005157470703
84464,normal,3656,0,1782359360.8513997,0.0020818710327148438
84465,normal,2424,0,1782359360.8532555,0.0018558502197265625
84466,normal,2566,0,1782359360.8552015,0.0019459724426269531
84467,normal,3646,0,1782359360.857433,0.002231597900390625
84468,normal,934,2,1782359360.8593946,0.0019614696502685547
84469,normal,992,2,1782359360.8612044,0.001809835433959961
84470,normal,1655,0,1782359360.86336,0.0021555423736572266
84471,normal,2348,0,1782359360.865332,0.0019719600677490234
84472,normal,2122,0,1782359360.8672802,0.0019483566284179688
84473,normal,308,0,1782359360.8692887,0.0020084381103515625
84474,normal,474,0,1782359360.8711748,0.001886129379272461
84475,normal,2647,0,1782359360.8732595,0.0020847320556640625
84476,normal,689,0,1782359360.8752842,0.0020246505737304688
84477,normal,1646,0,1782359360.877277,0.0019927024841308594
84478,normal,1453,0,1782359360.8792698,0.001992940902709961
84479,normal,2753,0,1782359360.8812816,0.0020117759704589844
84480,normal,1050,0,1782359360.8831651,0.0018835067749023438
84481,normal,1596,0,1782359360.8852823,0.002117156982421875
84482,normal,2817,0,1782359360.887455,0.002172708511352539
84483,normal,2249,0,1782359360.8898172,0.0023622512817382812
84484,normal,3665,0,1782359360.8912587,0.0014414787292480469
84485,normal,711,0,1782359360.8933017,0.002043008804321289
84486,normal,1018,2,1782359360.8951774,0.0018756389617919922
84487,normal,218,0,1782359360.8973024,0.0021250247955322266
84488,normal,15,0,1782359360.8993118,0.0020093917846679688
84489,normal,3651,0,1782359360.901323,0.0020112991333007812
84490,normal,2915,0,1782359360.903207,0.0018839836120605469
84491,normal,288,0,1782359360.9052954,0.002088308334350586
84492,normal,2696,0,1782359360.907191,0.0018956661224365234
84493,normal,107,0,1782359360.9093127,0.0021216869354248047
84494,normal,2808,0,1782359360.911318,0.002005338668823242
84495,normal,1163,0,1782359360.9132526,0.0019345283508300781
84496,normal,1182,0,1782359360.9152915,0.0020389556884765625
84497,normal,430,0,1782359360.917424,0.002132415771484375
84498,normal,2940,0,1782359360.9193904,0.0019664764404296875
84499,normal,2593,0,1782359360.9213328,0.0019423961639404297
84500,normal,122,0,1782359360.9234004,0.00206756591796875
84501,normal,3097,1,1782359360.9252157,0.0018153190612792969
84502,normal,1481,0,1782359360.927362,0.0021462440490722656
84503,normal,2013,0,1782359360.9295516,0.00218963623046875
84504,normal,2275,0,1782359360.9313717,0.0018200874328613281
84505,normal,864,2,1782359360.9332016,0.0018298625946044922
84506,normal,1583,0,1782359360.935428,0.0022263526916503906
84507,normal,1506,0,1782359360.9373698,0.0019419193267822266
84508,normal,1750,0,1782359360.9391975,0.0018277168273925781
84509,normal,1024,2,1782359360.9413033,0.002105712890625
84510,normal,493,0,1782359360.9431763,0.001873016357421875
84511,normal,3495,0,1782359360.9454064,0.0022301673889160156
84512,normal,3593,0,1782359360.9473996,0.0019931793212890625
84513,normal,2879,0,1782359360.9492953,0.0018956661224365234
84514,normal,3516,0,1782359360.9513166,0.002021312713623047
84515,normal,960,2,1782359360.9533963,0.0020797252655029297
84516,normal,2176,0,1782359360.9553077,0.0019114017486572266
84517,normal,625,0,1782359360.957384,0.002076387405395508
84518,normal,3663,0,1782359360.9592607,0.0018765926361083984
84519,normal,580,0,1782359360.9613314,0.0020706653594970703
84520,normal,3181,1,1782359360.9632366,0.001905202865600586
84521,normal,1048,0,1782359360.9653404,0.0021038055419921875
84522,normal,2557,0,1782359360.9672425,0.0019021034240722656
84523,normal,857,2,1782359360.969388,0.002145528793334961
84524,normal,305,0,1782359360.9713087,0.0019207000732421875
84525,normal,1080,0,1782359360.9731877,0.001878976821899414
84526,normal,2422,0,1782359360.9752944,0.0021066665649414062
84527,normal,742,0,1782359360.977297,0.002002716064453125
84528,normal,341,0,1782359360.9791925,0.0018954277038574219
84529,normal,1209,0,1782359360.9813037,0.002111196517944336
84530,normal,2365,0,1782359360.9833145,0.002010822296142578
84531,normal,3275,1,1782359360.9852066,0.00189208984375
84532,normal,2211,0,1782359360.987324,0.0021173954010009766
84533,normal,828,2,1782359360.9893558,0.0020318031311035156
84534,normal,2132,0,1782359360.9912405,0.0018846988677978516
84535,normal,1762,0,1782359360.9931743,0.0019338130950927734
84536,normal,55,0,1782359360.995306,0.0021317005157470703
84537,normal,27,0,1782359360.9972236,0.0019176006317138672
84538,normal,2599,0,1782359360.9992855,0.0020618438720703125
84539,normal,1515,0,1782359361.0013173,0.0020318031311035156
84540,normal,1325,1,1782359361.0032256,0.0019083023071289062
84541,normal,224,0,1782359361.0053325,0.002106904983520508
84542,normal,3115,1,1782359361.0073726,0.0020401477813720703
84543,normal,172,0,1782359361.0093157,0.0019431114196777344
84544,normal,1102,0,1782359361.0112374,0.0019216537475585938
84545,normal,2531,0,1782359361.013332,0.0020945072174072266
84546,normal,1755,0,1782359361.0152164,0.00188446044921875
84547,normal,1782,0,1782359361.0173397,0.0021233558654785156
84548,normal,1607,0,1782359361.0193057,0.0019659996032714844
84549,normal,1865,0,1782359361.0211794,0.0018737316131591797
84550,normal,755,0,1782359361.023301,0.002121448516845703
84551,normal,1674,0,1782359361.025378,0.0020771026611328125
84552,normal,1331,1,1782359361.027247,0.0018689632415771484
84553,normal,2106,0,1782359361.0293581,0.002111196517944336
84554,normal,2161,0,1782359361.0314355,0.002077341079711914
84555,normal,1308,0,1782359361.0332925,0.0018570423126220703
84556,normal,1657,0,1782359361.0353014,0.0020089149475097656
84557,normal,2126,0,1782359361.0373442,0.0020427703857421875
84558,normal,3190,1,1782359361.0392926,0.0019483566284179688
84559,normal,1246,0,1782359361.0413773,0.0020847320556640625
84560,normal,2641,0,1782359361.043318,0.0019407272338867188
84561,normal,327,0,1782359361.0451758,0.001857757568359375
84562,normal,3295,1,1782359361.0472815,0.002105712890625
84563,normal,987,2,1782359361.0492916,0.0020101070404052734
84564,normal,1162,0,1782359361.0513074,0.002015829086303711
84565,normal,1955,0,1782359361.053151,0.0018434524536132812
84566,normal,3553,0,1782359361.0552576,0.0021066665649414062
84567,normal,1606,0,1782359361.0571485,0.0018908977508544922
84568,normal,257,0,1782359361.0592978,0.002149343490600586
84569,normal,1534,0,1782359361.0615096,0.0022118091583251953
84570,normal,290,0,1782359361.0635202,0.0020105838775634766
84571,normal,1281,0,1782359361.06523,0.0017096996307373047
84572,normal,1650,0,1782359361.0673048,0.0020749568939208984
84573,normal,2208,0,1782359361.069195,0.0018901824951171875
84574,normal,2484,0,1782359361.0712972,0.0021021366119384766
84575,normal,1627,0,1782359361.0733113,0.00201416015625
84576,normal,461,0,1782359361.0753078,0.0019965171813964844
84577,normal,2951,0,1782359361.077171,0.001863241195678711
84578,normal,3153,1,1782359361.0793014,0.002130270004272461
84579,normal,1355,1,1782359361.0812047,0.0019032955169677734
84580,normal,2882,0,1782359361.0833201,0.002115488052368164
84581,normal,1444,0,1782359361.0853257,0.0020055770874023438
84582,normal,2107,0,1782359361.0875,0.00217437744140625
84583,normal,1545,0,1782359361.0893872,0.0018870830535888672
84584,normal,3001,0,1782359361.0913174,0.00193023681640625
84585,normal,807,2,1782359361.0932755,0.001958131790161133
84586,normal,2961,0,1782359361.0953822,0.0021066665649414062
84587,normal,1184,0,1782359361.0974126,0.0020303726196289062
84588,normal,3636,0,1782359361.0991697,0.0017571449279785156
84589,normal,3574,0,1782359361.1032538,0.004084110260009766
84590,normal,336,0,1782359361.1033225,6.866455078125e-05
84591,normal,3242,1,1782359361.1052487,0.0019261837005615234
84592,normal,1622,0,1782359361.1075566,0.002307891845703125
84593,normal,511,0,1782359361.1096177,0.002061128616333008
84594,normal,3187,1,1782359361.1112752,0.0016574859619140625
84595,normal,1791,0,1782359361.113195,0.0019197463989257812
84596,normal,2057,0,1782359361.1153007,0.002105712890625
84597,normal,644,0,1782359361.1173067,0.002006053924560547
84598,normal,1384,0,1782359361.1193225,0.002015829086303711
84599,normal,2508,0,1782359361.1213284,0.0020058155059814453
84600,normal,2269,0,1782359361.1233056,0.001977205276489258
84601,normal,446,0,1782359361.1252897,0.001984119415283203
84602,normal,1450,0,1782359361.1273327,0.002043008804321289
84603,normal,2457,0,1782359361.1293561,0.002023458480834961
84604,normal,3664,0,1782359361.1312711,0.00191497802734375
84605,normal,3146,1,1782359361.1333835,0.0021123886108398438
84606,normal,2950,0,1782359361.135272,0.0018885135650634766
84607,normal,2990,0,1782359361.1373317,0.0020596981048583984
84608,normal,1310,0,1782359361.1393583,0.0020265579223632812
84609,normal,2180,0,1782359361.141273,0.0019147396087646484
84610,normal,1984,0,1782359361.1433413,0.0020682811737060547
84611,normal,3232,1,1782359361.1452947,0.0019533634185791016
84612,normal,156,0,1782359361.1472821,0.001987457275390625
84613,normal,484,0,1782359361.1493056,0.002023458480834961
84614,normal,1702,0,1782359361.1513119,0.0020062923431396484
84615,normal,2469,0,1782359361.1532803,0.0019683837890625
84616,normal,3448,0,1782359361.1551938,0.0019135475158691406
84617,normal,3466,0,1782359361.1573253,0.0021314620971679688
84618,normal,1203,0,1782359361.1593034,0.001978158950805664
84619,normal,1475,0,1782359361.161325,0.0020215511322021484
84620,normal,1259,0,1782359361.1634238,0.0020987987518310547
84621,normal,2510,0,1782359361.165283,0.0018591880798339844
84622,normal,1517,0,1782359361.1673064,0.002023458480834961
84623,normal,1600,0,1782359361.169317,0.0020105838775634766
84624,normal,1619,0,1782359361.171278,0.0019609928131103516
84625,normal,2403,0,1782359361.1732912,0.0020132064819335938
84626,normal,371,0,1782359361.1753216,0.0020303726196289062
84627,normal,98,0,1782359361.1773214,0.0019998550415039062
84628,normal,1140,0,1782359361.1792219,0.0019004344940185547
84629,normal,150,0,1782359361.1814027,0.002180814743041992
84630,normal,1651,0,1782359361.1833856,0.0019829273223876953
84631,normal,598,0,1782359361.1852014,0.0018157958984375
84632,normal,48,0,1782359361.1873434,0.0021419525146484375
84633,normal,2001,0,1782359361.1892953,0.0019519329071044922
84634,normal,2460,0,1782359361.1913035,0.002008199691772461
84635,normal,886,2,1782359361.1933107,0.0020072460174560547
84636,normal,3585,0,1782359361.1952727,0.001961946487426758
84637,normal,2825,0,1782359361.1972783,0.0020055770874023438
84638,normal,628,0,1782359361.1993146,0.0020363330841064453
84639,normal,286,0,1782359361.20143,0.002115488052368164
84640,normal,2309,0,1782359361.2031994,0.0017693042755126953
84641,normal,995,2,1782359361.2054193,0.0022199153900146484
84642,normal,743,0,1782359361.207318,0.0018987655639648438
84643,normal,2580,0,1782359361.2094793,0.002161264419555664
84644,normal,1883,0,1782359361.211242,0.0017626285552978516
84645,normal,1318,0,1782359361.2133508,0.0021088123321533203
84646,normal,2968,0,1782359361.2152553,0.0019044876098632812
84647,normal,1712,0,1782359361.217514,0.002258777618408203
84648,normal,2683,0,1782359361.2192,0.0016858577728271484
84649,normal,3204,1,1782359361.2212906,0.0020906925201416016
84650,normal,673,0,1782359361.2233024,0.0020117759704589844
84651,normal,1063,0,1782359361.2251918,0.0018894672393798828
84652,normal,1231,0,1782359361.2274292,0.0022373199462890625
84653,normal,413,0,1782359361.2291713,0.0017421245574951172
84654,normal,2202,0,1782359361.231293,0.0021216869354248047
84655,normal,2408,0,1782359361.2331817,0.0018887519836425781
84656,normal,3036,0,1782359361.2352893,0.0021076202392578125
84657,normal,2456,0,1782359361.237576,0.002286672592163086
84658,normal,254,0,1782359361.2394571,0.0018811225891113281
84659,normal,2932,0,1782359361.2412784,0.001821279525756836
84660,normal,1337,1,1782359361.2433002,0.00202178955078125
84661,normal,1817,0,1782359361.2451963,0.0018961429595947266
84662,normal,3567,0,1782359361.2473068,0.0021104812622070312
84663,normal,2544,0,1782359361.249201,0.001894235610961914
84664,normal,2031,0,1782359361.2514174,0.002216339111328125
84665,normal,183,0,1782359361.2533352,0.0019178390502929688
84666,normal,1428,0,1782359361.2551894,0.0018541812896728516
84667,normal,2429,0,1782359361.2573211,0.0021317005157470703
84668,normal,21,0,1782359361.2593412,0.002020120620727539
84669,normal,3114,1,1782359361.261214,0.0018727779388427734
84670,normal,2539,0,1782359361.263506,0.0022919178009033203
84671,normal,2806,0,1782359361.2654078,0.001901865005493164
84672,normal,2411,0,1782359361.2673,0.00189208984375
84673,normal,1965,0,1782359361.269353,0.0020530223846435547
84674,normal,1411,0,1782359361.271417,0.0020639896392822266
84675,normal,3064,1,1782359361.273318,0.0019011497497558594
84676,normal,255,0,1782359361.2751753,0.0018572807312011719
84677,normal,2056,0,1782359361.277525,0.0023496150970458984
84678,normal,2878,0,1782359361.2793965,0.0018715858459472656
84679,normal,3423,0,1782359361.281237,0.001840353012084961
84680,normal,3171,1,1782359361.2835872,0.002350330352783203
84681,normal,317,0,1782359361.2857237,0.0021364688873291016
84682,normal,220,0,1782359361.2872403,0.001516580581665039
84683,normal,2609,0,1782359361.289289,0.0020487308502197266
84684,normal,1960,0,1782359361.291185,0.001895904541015625
84685,normal,2067,0,1782359361.2932966,0.002111673355102539
84686,normal,1335,1,1782359361.2953281,0.002031564712524414
84687,normal,2182,0,1782359361.2972074,0.0018792152404785156
84688,normal,1066,0,1782359361.299314,0.0021066665649414062
84689,normal,1756,0,1782359361.3012886,0.0019745826721191406
84690,normal,2617,0,1782359361.3032007,0.0019121170043945312
84691,normal,959,2,1782359361.3053422,0.0021414756774902344
84692,normal,1966,0,1782359361.307371,0.0020287036895751953
84693,normal,1919,0,1782359361.3092694,0.0018985271453857422
84694,normal,593,0,1782359361.3111422,0.0018727779388427734
84695,normal,2252,0,1782359361.3131745,0.0020322799682617188
84696,normal,2301,0,1782359361.3152053,0.0020308494567871094
84697,normal,1690,0,1782359361.3172028,0.0019974708557128906
84698,normal,2477,0,1782359361.3192396,0.0020368099212646484
84699,normal,2692,0,1782359361.3211856,0.0019459724426269531
84700,normal,2247,0,1782359361.3233309,0.0021452903747558594
84701,normal,2137,0,1782359361.3253067,0.0019757747650146484
84702,normal,452,0,1782359361.3271885,0.0018818378448486328
84703,normal,1089,0,1782359361.3293042,0.0021157264709472656
84704,normal,1792,0,1782359361.331317,0.0020127296447753906
84705,normal,3418,0,1782359361.3331938,0.0018768310546875
84706,normal,1927,0,1782359361.3353179,0.0021240711212158203
84707,normal,92,0,1782359361.3373196,0.0020017623901367188
84708,normal,736,0,1782359361.3393538,0.0020341873168945312
84709,normal,1819,0,1782359361.341194,0.0018401145935058594
84710,normal,3453,0,1782359361.3433015,0.0021076202392578125
84711,normal,1214,0,1782359361.3451872,0.0018856525421142578
84712,normal,1742,0,1782359361.3473024,0.0021152496337890625
84713,normal,12,0,1782359361.3491964,0.0018939971923828125
84714,normal,2111,0,1782359361.3512132,0.002016782760620117
84715,normal,2379,0,1782359361.353348,0.0021347999572753906
84716,normal,3683,0,1782359361.3553836,0.0020356178283691406
84717,normal,2783,0,1782359361.3572521,0.0018684864044189453
84718,normal,1997,0,1782359361.3592536,0.002001523971557617
84719,normal,2824,0,1782359361.3613532,0.0020995140075683594
84720,normal,3024,0,1782359361.3632188,0.0018656253814697266
84721,normal,1425,0,1782359361.3654063,0.002187490463256836
84722,normal,385,0,1782359361.3672683,0.0018620491027832031
84723,normal,3017,0,1782359361.369311,0.0020427703857421875
84724,normal,2288,0,1782359361.3711903,0.0018792152404785156
84725,normal,475,0,1782359361.3733091,0.002118825912475586
84726,normal,434,0,1782359361.375191,0.0018818378448486328
84727,normal,1656,0,1782359361.3774197,0.0022287368774414062
84728,normal,3629,0,1782359361.3793705,0.0019507408142089844
84729,normal,3016,0,1782359361.3812504,0.0018799304962158203
84730,normal,1206,0,1782359361.38339,0.002139568328857422
84731,normal,1438,0,1782359361.3855383,0.0021483898162841797
84732,normal,5,0,1782359361.387233,0.0016946792602539062
84733,normal,30,0,1782359361.389351,0.0021178722381591797
84734,normal,3691,0,1782359361.3914313,0.0020804405212402344
84735,normal,343,0,1782359361.393339,0.0019075870513916016
84736,normal,2565,0,1782359361.395153,0.001814126968383789
84737,normal,2147,0,1782359361.3973825,0.002229452133178711
84738,normal,3259,1,1782359361.3992026,0.0018200874328613281
84739,normal,3579,0,1782359361.4012713,0.002068758010864258
84740,normal,3308,1,1782359361.4034579,0.0021865367889404297
84741,normal,821,2,1782359361.405204,0.0017461776733398438
84742,normal,3338,1,1782359361.4072633,0.0020592212677001953
84743,normal,1332,1,1782359361.4093816,0.002118349075317383
84744,normal,3660,0,1782359361.4112089,0.001827239990234375
84745,normal,3654,0,1782359361.4138575,0.002648591995239258
84746,normal,453,0,1782359361.4154682,0.0016107559204101562
84747,normal,1316,0,1782359361.417239,0.0017707347869873047
84748,normal,2308,0,1782359361.4193182,0.0020792484283447266
84749,normal,3172,1,1782359361.4214017,0.0020835399627685547
84750,normal,2347,0,1782359361.423224,0.0018222332000732422
84751,normal,3279,1,1782359361.425296,0.0020720958709716797
84752,normal,1150,0,1782359361.427574,0.002277851104736328
84753,normal,2819,0,1782359361.4292223,0.0016484260559082031
84754,normal,1870,0,1782359361.4313092,0.0020868778228759766
84755,normal,1181,0,1782359361.4333189,0.0020096302032470703
84756,normal,894,2,1782359361.4352214,0.0019025802612304688
84757,normal,2851,0,1782359361.4372993,0.002077817916870117
84758,normal,1226,0,1782359361.4395082,0.0022089481353759766
84759,normal,264,0,1782359361.441472,0.0019638538360595703
84760,normal,1642,0,1782359361.4432776,0.0018055438995361328
84761,normal,3687,0,1782359361.4453635,0.0020859241485595703
84762,normal,643,0,1782359361.4473083,0.0019447803497314453
84763,normal,1881,0,1782359361.4492636,0.001955270767211914
84764,normal,1119,0,1782359361.4513953,0.0021317005157470703
84765,normal,2069,0,1782359361.4534767,0.0020813941955566406
84766,normal,1546,0,1782359361.4553347,0.0018579959869384766
84767,normal,1625,0,1782359361.4573686,0.0020339488983154297
84768,normal,1686,0,1782359361.4594743,0.002105712890625
84769,normal,3692,0,1782359361.4614363,0.001961946487426758
84770,normal,829,2,1782359361.4634569,0.002020597457885742
84771,normal,687,0,1782359361.4651906,0.0017337799072265625
84772,normal,504,0,1782359361.4672942,0.002103567123413086
84773,normal,479,0,1782359361.4692984,0.0020041465759277344
84774,normal,2402,0,1782359361.4712045,0.0019061565399169922
84775,normal,2883,0,1782359361.473297,0.002092599868774414
84776,normal,2224,0,1782359361.4753065,0.0020093917846679688
84777,normal,1408,0,1782359361.4771888,0.001882314682006836
84778,normal,1138,0,1782359361.4793231,0.0021343231201171875
84779,normal,553,0,1782359361.4813569,0.002033710479736328
84780,normal,1527,0,1782359361.4832997,0.0019428730010986328
84781,normal,3022,0,1782359361.4852412,0.0019414424896240234
84782,normal,2666,0,1782359361.487158,0.0019168853759765625
84783,normal,14,0,1782359361.489175,0.0020170211791992188
84784,normal,2788,0,1782359361.4911907,0.0020155906677246094
84785,normal,1532,0,1782359361.4932282,0.002037525177001953
84786,normal,1597,0,1782359361.4953892,0.0021610260009765625
84787,normal,552,0,1782359361.4971628,0.0017735958099365234
84788,normal,3578,0,1782359361.4993024,0.002139568328857422
84789,normal,3626,0,1782359361.5011845,0.0018820762634277344
84790,normal,798,2,1782359361.503306,0.002121448516845703
84791,normal,1503,0,1782359361.5053072,0.0020012855529785156
84792,normal,1799,0,1782359361.507201,0.001893758773803711
84793,normal,1512,0,1782359361.509314,0.0021131038665771484
84794,normal,2404,0,1782359361.511323,0.0020089149475097656
84795,normal,2152,0,1782359361.5132184,0.0018954277038574219
84796,normal,3150,1,1782359361.5153527,0.0021343231201171875
84797,normal,480,0,1782359361.5173483,0.001995563507080078
84798,normal,212,0,1782359361.5191991,0.0018508434295654297
84799,normal,2060,0,1782359361.521309,0.0021097660064697266
84800,normal,3250,1,1782359361.5233097,0.0020008087158203125
84801,normal,1670,0,1782359361.5252557,0.0019459724426269531
84802,normal,26,0,1782359361.5272841,0.0020284652709960938
84803,normal,2677,0,1782359361.5293303,0.0020461082458496094
84804,normal,907,2,1782359361.531243,0.001912832260131836
84805,normal,503,0,1782359361.5333679,0.002124786376953125
84806,normal,746,0,1782359361.535393,0.002025127410888672
84807,normal,2150,0,1782359361.5372388,0.0018458366394042969
84808,normal,1565,0,1782359361.5393262,0.0020873546600341797
84809,normal,1617,0,1782359361.541327,0.0020008087158203125
84810,normal,1861,0,1782359361.5432374,0.0019104480743408203
84811,normal,1313,0,1782359361.5452979,0.002060413360595703
84812,normal,1731,0,1782359361.547293,0.001995086669921875
84813,normal,521,0,1782359361.549177,0.0018839836120605469
84814,normal,1558,0,1782359361.551378,0.002201080322265625
84815,normal,2925,0,1782359361.5533614,0.0019834041595458984
84816,normal,207,0,1782359361.5552404,0.001878976821899414
84817,normal,3152,1,1782359361.55744,0.0021996498107910156
84818,normal,99,0,1782359361.5594232,0.001983165740966797
84819,normal,2699,0,1782359361.5612874,0.0018641948699951172
84820,normal,2280,0,1782359361.5632253,0.0019378662109375
84821,normal,1872,0,1782359361.5654366,0.002211332321166992
84822,normal,2198,0,1782359361.5674038,0.001967191696166992
84823,normal,3642,0,1782359361.5691564,0.001752614974975586
84824,normal,3090,1,1782359361.5712953,0.002138853073120117
84825,normal,1386,0,1782359361.5731814,0.001886129379272461
84826,normal,1640,0,1782359361.575281,0.0020995140075683594
84827,normal,2342,0,1782359361.5774033,0.0021224021911621094
84828,normal,1613,0,1782359361.579178,0.0017747879028320312
84829,normal,3425,0,1782359361.581295,0.0021169185638427734
84830,normal,2903,0,1782359361.583298,0.0020029544830322266
84831,normal,2973,0,1782359361.5851793,0.0018813610076904297
84832,normal,60,0,1782359361.5876017,0.002422332763671875
84833,normal,2690,0,1782359361.5894496,0.001847982406616211
84834,normal,2618,0,1782359361.591353,0.0019032955169677734
84835,normal,921,2,1782359361.5931814,0.0018284320831298828
84836,normal,2834,0,1782359361.5953083,0.002126932144165039
84837,normal,187,0,1782359361.5971959,0.0018875598907470703
84838,normal,2911,0,1782359361.5993147,0.002118825912475586
84839,normal,1201,0,1782359361.6014957,0.0021810531616210938
84840,normal,694,0,1782359361.603206,0.0017101764678955078
84841,normal,2485,0,1782359361.6053228,0.0021169185638427734
84842,normal,1359,1,1782359361.6073139,0.0019910335540771484
84843,normal,2587,0,1782359361.6092098,0.001895904541015625
84844,normal,2709,0,1782359361.611416,0.0022063255310058594
84845,normal,2731,0,1782359361.6134524,0.0020363330841064453
84846,normal,2561,0,1782359361.6154082,0.001955747604370117
84847,normal,3264,1,1782359361.6172495,0.0018413066864013672
84848,normal,3194,1,1782359361.619359,0.002109527587890625
84849,normal,2522,0,1782359361.6213224,0.001963376998901367
84850,normal,3681,0,1782359361.623313,0.0019905567169189453
84851,normal,1175,0,1782359361.6253953,0.002082347869873047
84852,normal,2779,0,1782359361.6275501,0.002154827117919922
84853,normal,630,0,1782359361.629319,0.0017688274383544922
84854,normal,311,0,1782359361.6313558,0.0020368099212646484
84855,normal,1648,0,1782359361.6334713,0.002115488052368164
84856,normal,2674,0,1782359361.6354642,0.001992940902709961
84857,normal,256,0,1782359361.6373048,0.0018405914306640625
84858,normal,1375,1,1782359361.639183,0.0018782615661621094
84859,normal,2598,0,1782359361.6413007,0.002117633819580078
84860,normal,1009,2,1782359361.64348,0.002179384231567383
84861,normal,273,0,1782359361.6454284,0.0019483566284179688
84862,normal,2451,0,1782359361.6485534,0.0031249523162841797
84863,normal,3015,0,1782359361.6491704,0.0006170272827148438
84864,normal,2363,0,1782359361.6512978,0.002127408981323242
84865,normal,1295,0,1782359361.6532078,0.0019099712371826172
84866,normal,3257,1,1782359361.6553304,0.002122640609741211
84867,normal,1981,0,1782359361.6572776,0.001947164535522461
84868,normal,1486,0,1782359361.6593037,0.002026081085205078
84869,normal,3652,0,1782359361.66147,0.002166271209716797
84870,normal,2914,0,1782359361.6633618,0.0018918514251708984
84871,normal,2203,0,1782359361.6652122,0.0018503665924072266
84872,normal,817,2,1782359361.6674051,0.002192974090576172
84873,normal,2204,0,1782359361.669332,0.0019268989562988281
84874,normal,940,2,1782359361.6713624,0.0020303726196289062
84875,normal,2584,0,1782359361.6734514,0.0020890235900878906
84876,normal,2453,0,1782359361.6754847,0.002033233642578125
84877,normal,377,0,1782359361.6773496,0.0018649101257324219
84878,normal,2520,0,1782359361.6795704,0.0022208690643310547
84879,normal,3318,1,1782359361.6812656,0.0016951560974121094
84880,normal,2273,0,1782359361.6834126,0.0021469593048095703
84881,normal,2354,0,1782359361.6853795,0.0019669532775878906
84882,normal,209,0,1782359361.6872647,0.0018851757049560547
84883,normal,2350,0,1782359361.6894057,0.0021409988403320312
84884,normal,1311,0,1782359361.6912942,0.0018885135650634766
84885,normal,237,0,1782359361.6932824,0.0019881725311279297
84886,normal,278,0,1782359361.6953492,0.0020668506622314453
84887,normal,2945,0,1782359361.6974342,0.002084970474243164
84888,normal,3027,0,1782359361.6992564,0.0018222332000732422
84889,normal,1637,0,1782359361.701375,0.0021185874938964844
84890,normal,576,0,1782359361.7033644,0.0019893646240234375
84891,normal,981,2,1782359361.7052312,0.0018668174743652344
84892,normal,2128,0,1782359361.7073965,0.0021653175354003906
84893,normal,582,0,1782359361.7092514,0.0018548965454101562
84894,normal,2089,0,1782359361.7114775,0.002226114273071289
84895,normal,2140,0,1782359361.7133346,0.0018570423126220703
84896,normal,2555,0,1782359361.7154486,0.0021140575408935547
84897,normal,1336,1,1782359361.717337,0.001888275146484375
84898,normal,548,0,1782359361.7193055,0.0019686222076416016
84899,normal,368,0,1782359361.7214162,0.002110719680786133
84900,normal,1877,0,1782359361.7232914,0.001875162124633789
84901,normal,1834,0,1782359361.7252939,0.0020024776458740234
84902,normal,1776,0,1782359361.7273726,0.0020787715911865234
84903,normal,2959,0,1782359361.7292287,0.001856088638305664
84904,normal,2803,0,1782359361.7313704,0.002141714096069336
84905,normal,2337,0,1782359361.733476,0.0021054744720458984
84906,normal,2158,0,1782359361.7355032,0.002027273178100586
84907,normal,2972,0,1782359361.737438,0.0019347667694091797
84908,normal,1699,0,1782359361.739593,0.0021550655364990234
84909,normal,3134,1,1782359361.7416542,0.002061128616333008
84910,normal,3701,0,1782359361.7435606,0.0019063949584960938
84911,normal,2845,0,1782359361.7467294,0.003168821334838867
84912,normal,1807,0,1782359361.747288,0.0005586147308349609
84913,normal,2091,0,1782359361.7494545,0.0021665096282958984
84914,normal,1999,0,1782359361.7512822,0.0018277168273925781
84915,normal,3220,1,1782359361.753386,0.0021038055419921875
84916,normal,1443,0,1782359361.75543,0.0020439624786376953
84917,normal,1594,0,1782359361.7574239,0.001993894577026367
84918,normal,405,0,1782359361.7592952,0.001871347427368164
84919,normal,28,0,1782359361.7612915,0.001996278762817383
84920,normal,3141,1,1782359361.7633836,0.002092123031616211
84921,normal,558,0,1782359361.7654326,0.002048969268798828
84922,normal,2073,0,1782359361.767336,0.0019032955169677734
84923,normal,4,0,1782359361.7694833,0.0021474361419677734
84924,normal,2507,0,1782359361.7713046,0.001821279525756836
84925,normal,1234,0,1782359361.7732384,0.0019338130950927734
84926,normal,1403,0,1782359361.7753613,0.0021228790283203125
84927,normal,893,2,1782359361.7773066,0.0019452571868896484
84928,normal,1744,0,1782359361.7800653,0.0027587413787841797
84929,normal,536,0,1782359361.7815197,0.0014543533325195312
84930,normal,957,2,1782359361.7832623,0.0017426013946533203
84931,normal,394,0,1782359361.7854078,0.002145528793334961
84932,normal,3033,0,1782359361.7873979,0.001990079879760742
84933,normal,1563,0,1782359361.7892451,0.0018472671508789062
84934,normal,1136,0,1782359361.7914667,0.0022215843200683594
84935,normal,1853,0,1782359361.7934732,0.00200653076171875
84936,normal,2713,0,1782359361.7954447,0.0019714832305908203
84937,normal,3256,1,1782359361.7972777,0.0018329620361328125
84938,normal,1516,0,1782359361.7994187,0.0021409988403320312
84939,normal,2902,0,1782359361.8013325,0.0019137859344482422
84940,normal,3261,1,1782359361.8032863,0.0019538402557373047
84941,normal,1887,0,1782359361.80543,0.0021436214447021484
84942,normal,2276,0,1782359361.807738,0.0023081302642822266
84943,normal,1145,0,1782359361.809863,0.0021250247955322266
84944,normal,2328,0,1782359361.8116066,0.0017435550689697266
84945,normal,1499,0,1782359361.8133893,0.0017826557159423828
84946,normal,388,0,1782359361.8154025,0.0020132064819335938
84947,normal,1846,0,1782359361.8175347,0.0021321773529052734
84948,normal,243,0,1782359361.8193488,0.001814126968383789
84949,normal,1477,0,1782359361.8213484,0.0019996166229248047
84950,normal,3491,0,1782359361.8233502,0.0020017623901367188
84951,normal,182,0,1782359361.825659,0.0023088455200195312
84952,normal,3247,1,1782359361.8275425,0.0018835067749023438
84953,normal,1550,0,1782359361.829515,0.0019724369049072266
84954,normal,734,0,1782359361.8313088,0.0017938613891601562
84955,normal,1440,0,1782359361.8338597,0.002550840377807617
84956,normal,1970,0,1782359361.83583,0.0019702911376953125
84957,normal,3202,1,1782359361.8374555,0.0016255378723144531
84958,normal,2704,0,1782359361.8394127,0.0019571781158447266
84959,normal,2830,0,1782359361.841633,0.0022203922271728516
84960,normal,2495,0,1782359361.8432863,0.0016531944274902344
84961,normal,2310,0,1782359361.8454356,0.002149343490600586
84962,normal,3670,0,1782359361.8475196,0.002084016799926758
84963,normal,1435,0,1782359361.8492618,0.0017421245574951172
84964,normal,1827,0,1782359361.8513715,0.0021097660064697266
84965,normal,1360,1,1782359361.8533576,0.0019860267639160156
84966,normal,384,0,1782359361.8552363,0.0018787384033203125
84967,normal,1649,0,1782359361.8573413,0.0021049976348876953
84968,normal,3233,1,1782359361.859486,0.0021448135375976562
84969,normal,2390,0,1782359361.861339,0.0018529891967773438
84970,normal,2994,0,1782359361.8632922,0.001953125
84971,normal,1099,0,1782359361.8653514,0.0020592212677001953
84972,normal,3421,0,1782359361.8672585,0.0019071102142333984
84973,normal,417,0,1782359361.869412,0.0021533966064453125
84974,normal,2064,0,1782359361.8718119,0.002399921417236328
84975,normal,1733,0,1782359361.873791,0.0019791126251220703
84976,normal,56,0,1782359361.8753219,0.0015308856964111328
84977,normal,2718,0,1782359361.877515,0.0021932125091552734
84978,normal,328,0,1782359361.8792355,0.001720428466796875
84979,normal,3082,1,1782359361.8813872,0.0021517276763916016
84980,normal,721,0,1782359361.883387,0.0019998550415039062
84981,normal,2344,0,1782359361.885288,0.0019009113311767578
84982,normal,740,0,1782359361.887352,0.0020639896392822266
84983,normal,353,0,1782359361.889593,0.002240896224975586
84984,normal,676,0,1782359361.8913722,0.001779317855834961
84985,normal,358,0,1782359361.8932452,0.001873016357421875
84986,normal,1125,0,1782359361.8953886,0.002143383026123047
84987,normal,594,0,1782359361.897246,0.0018572807312011719
84988,normal,89,0,1782359361.8994331,0.0021872520446777344
84989,normal,729,0,1782359361.901366,0.0019328594207763672
84990,normal,280,0,1782359361.9034092,0.0020432472229003906
84991,normal,3166,1,1782359361.9054363,0.0020270347595214844
84992,normal,1227,0,1782359361.9075422,0.0021059513092041016
84993,normal,826,2,1782359361.909295,0.0017528533935546875
84994,normal,3130,1,1782359361.9113097,0.002014636993408203
84995,normal,2638,0,1782359361.9135058,0.002196073532104492
84996,normal,1076,0,1782359361.9154282,0.0019223690032958984
84997,normal,1661,0,1782359361.9172666,0.0018384456634521484
84998,normal,3488,0,1782359361.919743,0.0024764537811279297
84999,normal,3541,0,1782359361.9216244,0.0018813610076904297
85000,normal,1276,0,1782359361.9234664,0.0018420219421386719
85001,normal,2458,0,1782359361.9254403,0.001973867416381836
85002,normal,3266,1,1782359361.9274974,0.0020570755004882812
85003,normal,2488,0,1782359361.929781,0.0022835731506347656
85004,normal,3705,0,1782359361.9313533,0.0015723705291748047
85005,normal,1983,0,1782359361.933347,0.0019936561584472656
85006,normal,606,0,1782359361.9353764,0.0020294189453125
85007,normal,586,0,1782359361.9374852,0.0021088123321533203
85008,normal,1387,0,1782359361.939252,0.0017666816711425781
85009,normal,1429,0,1782359361.9413753,0.0021233558654785156
85010,normal,402,0,1782359361.9437962,0.0024209022521972656
85011,normal,72,0,1782359361.9453278,0.0015316009521484375
85012,normal,1284,0,1782359361.947502,0.0021741390228271484
85013,normal,3185,1,1782359361.9493906,0.0018887519836425781
85014,normal,2966,0,1782359361.9516225,0.0022318363189697266
85015,normal,2574,0,1782359361.9535606,0.0019381046295166016
85016,normal,783,2,1782359361.9558165,0.0022559165954589844
85017,normal,2720,0,1782359361.957437,0.0016205310821533203
85018,normal,73,0,1782359361.9593978,0.00196075439453125
85019,normal,1228,0,1782359361.961466,0.0020682811737060547
85020,normal,3573,0,1782359361.9635205,0.002054452896118164
85021,normal,3137,1,1782359361.9653606,0.0018401145935058594
85022,normal,656,0,1782359361.9674048,0.002044200897216797
85023,normal,1346,1,1782359361.9692605,0.001855611801147461
85024,normal,2072,0,1782359361.9713457,0.0020852088928222656
85025,normal,227,0,1782359361.9733455,0.0019998550415039062
85026,normal,1074,0,1782359361.975729,0.0023834705352783203
85027,normal,2656,0,1782359361.977275,0.0015459060668945312
85028,normal,2381,0,1782359361.9794934,0.002218484878540039
85029,normal,1530,0,1782359361.9812694,0.001775979995727539
85030,normal,418,0,1782359361.9835236,0.0022542476654052734
85031,normal,581,0,1782359361.9852967,0.0017731189727783203
85032,normal,1828,0,1782359361.987943,0.002646207809448242
85033,normal,226,0,1782359361.9899259,0.0019829273223876953
85034,normal,100,0,1782359361.9915636,0.0016376972198486328
85035,normal,270,0,1782359361.993287,0.0017235279083251953
85036,normal,2124,0,1782359361.99551,0.0022230148315429688
85037,normal,2505,0,1782359361.9973898,0.0018796920776367188
85038,normal,252,0,1782359361.9994133,0.002023458480834961
85039,normal,945,2,1782359362.0013645,0.0019512176513671875
85040,normal,2272,0,1782359362.003584,0.0022194385528564453
85041,normal,1763,0,1782359362.0053473,0.0017633438110351562
85042,normal,635,0,1782359362.0074558,0.0021085739135742188
85043,normal,205,0,1782359362.009601,0.0021452903747558594
85044,normal,3302,1,1782359362.0116575,0.0020563602447509766
85045,normal,1582,0,1782359362.013319,0.001661539077758789
85046,normal,802,2,1782359362.015533,0.0022139549255371094
85047,normal,724,0,1782359362.0173066,0.0017735958099365234
85048,normal,3208,1,1782359362.019713,0.0024063587188720703
85049,normal,1778,0,1782359362.0215454,0.0018324851989746094
85050,normal,518,0,1782359362.023331,0.0017855167388916016
85051,normal,2949,0,1782359362.025443,0.002112150192260742
85052,normal,2745,0,1782359362.027628,0.0021848678588867188
85053,normal,1470,0,1782359362.0293567,0.0017287731170654297
85054,normal,745,0,1782359362.0314581,0.002101421356201172
85055,normal,3457,0,1782359362.03391,0.0024518966674804688
85056,normal,966,2,1782359362.0356987,0.0017886161804199219
85057,normal,789,2,1782359362.0375464,0.0018477439880371094
85058,normal,2042,0,1782359362.0395179,0.0019714832305908203
85059,normal,1452,0,1782359362.0419264,0.0024085044860839844
85060,normal,668,0,1782359362.0437984,0.0018720626831054688
85061,normal,164,0,1782359362.045593,0.001794576644897461
85062,normal,429,0,1782359362.0473583,0.0017652511596679688
85063,normal,2943,0,1782359362.0493212,0.001962900161743164
85064,normal,1773,0,1782359362.051656,0.0023348331451416016
85065,normal,1628,0,1782359362.053283,0.0016269683837890625
85066,normal,314,0,1782359362.0555077,0.0022246837615966797
85067,normal,2965,0,1782359362.0573735,0.0018658638000488281
85068,normal,2191,0,1782359362.059388,0.0020143985748291016
85069,normal,1514,0,1782359362.0613942,0.0020062923431396484
85070,normal,2018,0,1782359362.063509,0.0021147727966308594
85071,normal,1574,0,1782359362.0653286,0.001819610595703125
85072,normal,516,0,1782359362.067463,0.0021343231201171875
85073,normal,1749,0,1782359362.0695832,0.0021202564239501953
85074,normal,2413,0,1782359362.0713375,0.0017542839050292969
85075,normal,3041,0,1782359362.0733647,0.002027273178100586
85076,normal,1860,0,1782359362.0754883,0.002123594284057617
85077,normal,3011,0,1782359362.078125,0.0026366710662841797
85078,normal,508,0,1782359362.0793858,0.0012607574462890625
85079,normal,202,0,1782359362.0818498,0.0024640560150146484
85080,normal,2725,0,1782359362.0833676,0.0015177726745605469
85081,normal,3362,1,1782359362.0853784,0.002010822296142578
85082,normal,664,0,1782359362.0874677,0.002089262008666992
85083,normal,830,2,1782359362.0892603,0.0017926692962646484
85084,normal,82,0,1782359362.091487,0.002226591110229492
85085,normal,768,0,1782359362.0934582,0.0019712448120117188
85086,normal,1188,0,1782359362.0956364,0.002178192138671875
85087,normal,824,2,1782359362.0972946,0.0016582012176513672
85088,normal,3358,1,1782359362.0995228,0.002228260040283203
85089,normal,2083,0,1782359362.1012795,0.0017566680908203125
85090,normal,3347,1,1782359362.103489,0.0022094249725341797
85091,normal,979,2,1782359362.10538,0.0018911361694335938
85092,normal,1307,0,1782359362.1075027,0.002122640609741211
85093,normal,1019,2,1782359362.1094646,0.001961946487426758
85094,normal,2751,0,1782359362.1117015,0.0022368431091308594
85095,normal,2752,0,1782359362.1133249,0.001623392105102539
85096,normal,3679,0,1782359362.1155684,0.002243518829345703
85097,normal,2283,0,1782359362.1175127,0.0019443035125732422
85098,normal,470,0,1782359362.1193235,0.0018107891082763672
85099,normal,910,2,1782359362.1215153,0.002191781997680664
85100,normal,2873,0,1782359362.123772,0.002256631851196289
85101,normal,926,2,1782359362.125607,0.0018351078033447266
85102,normal,1124,0,1782359362.127541,0.001934051513671875
85103,normal,3062,1,1782359362.1294515,0.0019104480743408203
85104,normal,3057,1,1782359362.1318042,0.0023527145385742188
85105,normal,233,0,1782359362.1337972,0.001992940902709961
85106,normal,2372,0,1782359362.1355824,0.0017852783203125
85107,normal,3149,1,1782359362.1372917,0.0017092227935791016
85108,normal,1171,0,1782359362.139425,0.0021333694458007812
85109,normal,955,2,1782359362.1414773,0.00205230712890625
85110,normal,3138,1,1782359362.1432583,0.0017809867858886719
85111,normal,3392,1,1782359362.1454906,0.0022323131561279297
85112,normal,171,0,1782359362.1473675,0.0018768310546875
85113,normal,932,2,1782359362.1495912,0.0022237300872802734
85114,normal,1304,0,1782359362.1515317,0.0019404888153076172
85115,normal,2254,0,1782359362.1535246,0.001992940902709961
85116,normal,1781,0,1782359362.1555943,0.002069711685180664
85117,normal,3480,0,1782359362.1575193,0.0019249916076660156
85118,normal,1766,0,1782359362.159626,0.0021066665649414062
85119,normal,2356,0,1782359362.1615078,0.0018818378448486328
85120,normal,1941,0,1782359362.163529,0.0020210742950439453
85121,normal,1367,1,1782359362.1656344,0.0021054744720458984
85122,normal,930,2,1782359362.1674929,0.0018584728240966797
85123,normal,950,2,1782359362.169453,0.0019600391387939453
85124,normal,3572,0,1782359362.171564,0.002111196517944336
85125,normal,2749,0,1782359362.1733046,0.0017404556274414062
85126,normal,898,2,1782359362.1753638,0.0020592212677001953
85127,normal,1552,0,1782359362.1777167,0.0023529529571533203
85128,normal,2353,0,1782359362.1792798,0.0015630722045898438
85129,normal,299,0,1782359362.1814861,0.0022063255310058594
85130,normal,1197,0,1782359362.1833744,0.001888275146484375
85131,normal,637,0,1782359362.1854155,0.0020411014556884766
85132,normal,1740,0,1782359362.187276,0.0018603801727294922
85133,normal,3704,0,1782359362.1897655,0.0024895668029785156
85134,normal,2246,0,1782359362.1919923,0.0022268295288085938
85135,normal,2117,0,1782359362.1933978,0.001405477523803711
85136,normal,2702,0,1782359362.1956418,0.0022439956665039062
85137,normal,2529,0,1782359362.1973214,0.0016796588897705078
85138,normal,2590,0,1782359362.1995072,0.002185821533203125
85139,normal,1513,0,1782359362.2013721,0.0018649101257324219
85140,normal,1735,0,1782359362.2033844,0.0020122528076171875
85141,normal,3140,1,1782359362.2055345,0.0021500587463378906
85142,normal,3657,0,1782359362.2074332,0.0018987655639648438
85143,normal,488,0,1782359362.2092752,0.0018420219421386719
85144,normal,2947,0,1782359362.211497,0.002221822738647461
85145,normal,292,0,1782359362.2134573,0.001960277557373047
85146,normal,262,0,1782359362.2153125,0.0018551349639892578
85147,normal,2079,0,1782359362.2175612,0.0022487640380859375
85148,normal,1568,0,1782359362.2194965,0.0019352436065673828
85149,normal,1987,0,1782359362.2214105,0.0019140243530273438
85150,normal,1235,0,1782359362.223356,0.00194549560546875
85151,normal,923,2,1782359362.225491,0.002135038375854492
85152,normal,2430,0,1782359362.227711,0.0022199153900146484
85153,normal,2962,0,1782359362.2293723,0.0016613006591796875
85154,normal,2611,0,1782359362.2316055,0.002233266830444336
85155,normal,805,2,1782359362.2332962,0.0016906261444091797
85156,normal,1665,0,1782359362.2355373,0.0022411346435546875
85157,normal,154,0,1782359362.2376847,0.0021474361419677734
85158,normal,715,0,1782359362.239709,0.0020241737365722656
85159,normal,1202,0,1782359362.241315,0.001605987548828125
85160,normal,3507,0,1782359362.2441385,0.0028235912322998047
85161,normal,2212,0,1782359362.2457793,0.0016407966613769531
85162,normal,186,0,1782359362.2475383,0.0017590522766113281
85163,normal,138,0,1782359362.249499,0.00196075439453125
85164,normal,2188,0,1782359362.2515109,0.0020117759704589844
85165,normal,1142,0,1782359362.253455,0.0019440650939941406
85166,normal,1004,2,1782359362.2557333,0.0022783279418945312
85167,normal,928,2,1782359362.2574842,0.001750946044921875
85168,normal,674,0,1782359362.2595177,0.0020334720611572266
85169,normal,2916,0,1782359362.2613912,0.0018734931945800781
85170,normal,229,0,1782359362.2632642,0.001873016357421875
85171,normal,602,0,1782359362.265494,0.002229928970336914
85172,normal,466,0,1782359362.2674263,0.0019321441650390625
85173,normal,471,0,1782359362.2695775,0.0021512508392333984
85174,normal,3548,0,1782359362.2715223,0.0019447803497314453
85175,normal,2197,0,1782359362.2734566,0.0019342899322509766
85176,normal,1820,0,1782359362.2752624,0.0018057823181152344
85177,normal,3025,0,1782359362.2774897,0.002227306365966797
85178,normal,3694,0,1782359362.2794125,0.0019228458404541016
85179,normal,448,0,1782359362.281804,0.0023915767669677734
85180,normal,770,0,1782359362.284099,0.0022950172424316406
85181,normal,916,2,1782359362.2857554,0.0016562938690185547
85182,normal,1397,0,1782359362.2873018,0.0015463829040527344
85183,normal,1659,0,1782359362.2893772,0.0020754337310791016
85184,normal,915,2,1782359362.2915056,0.0021283626556396484
85185,normal,2392,0,1782359362.293267,0.0017614364624023438
85186,normal,176,0,1782359362.2954907,0.0022237300872802734
85187,normal,435,0,1782359362.297525,0.0020341873168945312
85188,normal,425,0,1782359362.299425,0.0018999576568603516
85189,normal,2277,0,1782359362.3014095,0.0019845962524414062
85190,normal,1936,0,1782359362.303529,0.0021195411682128906
85191,normal,101,0,1782359362.305296,0.0017669200897216797
85192,normal,421,0,1782359362.307508,0.002212047576904297
85193,normal,1480,0,1782359362.309449,0.0019409656524658203
85194,normal,2005,0,1782359362.3112686,0.001819610595703125
85195,normal,732,0,1782359362.3135383,0.002269744873046875
85196,normal,2396,0,1782359362.3153825,0.001844167709350586
85197,normal,2832,0,1782359362.3173966,0.00201416015625
85198,normal,2371,0,1782359362.3194041,0.0020074844360351562
85199,normal,1417,0,1782359362.3217518,0.002347707748413086
85200,normal,2930,0,1782359362.3232622,0.0015103816986083984
85201,normal,657,0,1782359362.3255568,0.0022945404052734375
85202,normal,2836,0,1782359362.3275359,0.0019791126251220703
85203,normal,2261,0,1782359362.329507,0.0019712448120117188
85204,normal,1591,0,1782359362.3316007,0.0020935535430908203
85205,normal,1409,0,1782359362.333525,0.001924276351928711
85206,normal,2818,0,1782359362.3353283,0.0018033981323242188
85207,normal,179,0,1782359362.3373947,0.002066373825073242
85208,normal,337,0,1782359362.3395255,0.002130746841430664
85209,normal,1621,0,1782359362.3413,0.0017745494842529297
85210,normal,1716,0,1782359362.343574,0.002274036407470703
85211,normal,1189,0,1782359362.3454642,0.0018901824951171875
85212,normal,2859,0,1782359362.347354,0.0018897056579589844
85213,normal,3035,0,1782359362.3498085,0.002454519271850586
85214,normal,1891,0,1782359362.3513494,0.0015408992767333984
85215,normal,3519,0,1782359362.3532841,0.0019347667694091797
85216,normal,3258,1,1782359362.3552315,0.0019474029541015625
85217,normal,1023,2,1782359362.35761,0.0023784637451171875
85218,normal,3274,1,1782359362.3594415,0.0018315315246582031
85219,normal,3311,1,1782359362.361465,0.002023458480834961
85220,normal,2646,0,1782359362.3634527,0.0019876956939697266
85221,normal,3210,1,1782359362.365288,0.0018353462219238281
85222,normal,3133,1,1782359362.3673468,0.002058744430541992
85223,normal,439,0,1782359362.3695014,0.0021545886993408203
85224,normal,2045,0,1782359362.3713613,0.001859903335571289
85225,normal,1122,0,1782359362.373238,0.0018768310546875
85226,normal,1926,0,1782359362.3753836,0.002145528793334961
85227,normal,1624,0,1782359362.377278,0.0018944740295410156
85228,normal,968,2,1782359362.3794382,0.0021600723266601562
85229,normal,3559,0,1782359362.3816252,0.002187013626098633
85230,normal,3245,1,1782359362.3832085,0.0015833377838134766
85231,normal,1132,0,1782359362.3853872,0.002178668975830078
85232,normal,1008,2,1782359362.387399,0.0020117759704589844
85233,normal,835,2,1782359362.3892906,0.0018916130065917969
85234,normal,2129,0,1782359362.3912978,0.0020072460174560547
85235,normal,346,0,1782359362.3936024,0.002304553985595703
85236,normal,1379,1,1782359362.3955693,0.0019669532775878906
85237,normal,3272,1,1782359362.3973103,0.0017409324645996094
85238,normal,1302,0,1782359362.399387,0.0020766258239746094
85239,normal,295,0,1782359362.401255,0.0018680095672607422
85240,normal,973,2,1782359362.4033942,0.0021393299102783203
85241,normal,3524,0,1782359362.4053748,0.0019805431365966797
85242,normal,3,0,1782359362.4072719,0.0018970966339111328
85243,normal,2071,0,1782359362.4094603,0.002188444137573242
85244,normal,543,0,1782359362.4115891,0.0021288394927978516
85245,normal,2286,0,1782359362.413234,0.0016448497772216797
85246,normal,79,0,1782359362.4153664,0.002132415771484375
85247,normal,251,0,1782359362.4173691,0.002002716064453125
85248,normal,2409,0,1782359362.41925,0.0018808841705322266
85249,normal,458,0,1782359362.4213772,0.0021271705627441406
85250,normal,811,2,1782359362.4238367,0.0024595260620117188
85251,normal,3563,0,1782359362.4254405,0.001603841781616211
85252,normal,547,0,1782359362.4273705,0.0019299983978271484
85253,normal,2676,0,1782359362.4295475,0.002177000045776367
85254,normal,912,2,1782359362.4313138,0.001766204833984375
85255,normal,2163,0,1782359362.433343,0.0020291805267333984
85256,normal,2852,0,1782359362.4355216,0.002178668975830078
85257,normal,1647,0,1782359362.4372761,0.0017545223236083984
85258,normal,2772,0,1782359362.4395921,0.002315998077392578
85259,normal,180,0,1782359362.4414449,0.0018527507781982422
85260,normal,677,0,1782359362.443359,0.0019140243530273438
85261,normal,192,0,1782359362.4452434,0.00188446044921875
85262,normal,3135,1,1782359362.4475625,0.0023190975189208984
85263,normal,560,0,1782359362.4497328,0.0021703243255615234
85264,normal,3012,0,1782359362.451315,0.0015821456909179688
85265,normal,753,0,1782359362.4533973,0.002082347869873047
85266,normal,354,0,1782359362.4552598,0.0018625259399414062
85267,normal,3489,0,1782359362.4575133,0.0022535324096679688
85268,normal,379,0,1782359362.459378,0.0018646717071533203
85269,normal,2998,0,1782359362.461387,0.0020089149475097656
85270,normal,1103,0,1782359362.4633164,0.0019295215606689453
85271,normal,1867,0,1782359362.46541,0.0020935535430908203
85272,normal,319,0,1782359362.4674292,0.002019166946411133
85273,normal,2054,0,1782359362.4693105,0.0018813610076904297
85274,normal,3113,1,1782359362.471427,0.0021164417266845703
85275,normal,1620,0,1782359362.473285,0.0018579959869384766
85276,normal,812,2,1782359362.4752944,0.0020093917846679688
85277,normal,2838,0,1782359362.4774413,0.0021469593048095703
85278,normal,268,0,1782359362.4792693,0.0018279552459716797
85279,normal,2546,0,1782359362.481456,0.0021867752075195312
85280,normal,1095,0,1782359362.4834366,0.0019805431365966797
85281,normal,160,0,1782359362.485315,0.001878499984741211
85282,normal,1368,1,1782359362.487287,0.0019719600677490234
85283,normal,1959,0,1782359362.4893327,0.0020456314086914062
85284,normal,1504,0,1782359362.4914887,0.0021560192108154297
85285,normal,2999,0,1782359362.493593,0.0021042823791503906
85286,normal,3120,1,1782359362.4952853,0.0016922950744628906
85287,normal,3317,1,1782359362.4973826,0.0020973682403564453
85288,normal,1523,0,1782359362.4992812,0.0018985271453857422
85289,normal,2151,0,1782359362.501506,0.0022249221801757812
85290,normal,3104,1,1782359362.5032403,0.0017342567443847656
85291,normal,3173,1,1782359362.505361,0.0021207332611083984
85292,normal,707,0,1782359362.5073628,0.0020017623901367188
85293,normal,3175,1,1782359362.5095735,0.0022106170654296875
85294,normal,3157,1,1782359362.5113685,0.001795053482055664
85295,normal,91,0,1782359362.5133574,0.0019888877868652344
85296,normal,1528,0,1782359362.5152225,0.0018651485443115234
85297,normal,3239,1,1782359362.5173583,0.002135753631591797
85298,normal,3595,0,1782359362.5193508,0.001992464065551758
85299,normal,3598,0,1782359362.521216,0.0018651485443115234
85300,normal,2654,0,1782359362.5234473,0.0022313594818115234
85301,normal,478,0,1782359362.5252485,0.0018012523651123047
85302,normal,2214,0,1782359362.527596,0.0023474693298339844
85303,normal,221,0,1782359362.529268,0.0016720294952392578
85304,normal,906,2,1782359362.531559,0.002290964126586914
85305,normal,1654,0,1782359362.5333629,0.0018038749694824219
85306,normal,1777,0,1782359362.5353692,0.0020062923431396484
85307,normal,1678,0,1782359362.5373769,0.002007722854614258
85308,normal,1469,0,1782359362.5396235,0.0022466182708740234
85309,normal,1529,0,1782359362.5414417,0.0018181800842285156
85310,normal,1812,0,1782359362.543523,0.0020813941955566406
85311,normal,1020,2,1782359362.5452192,0.0016961097717285156
85312,normal,3417,0,1782359362.5475454,0.0023262500762939453
85313,normal,40,0,1782359362.549516,0.001970529556274414
85314,normal,231,0,1782359362.551314,0.0017981529235839844
85315,normal,1634,0,1782359362.5534282,0.0021140575408935547
85316,normal,260,0,1782359362.5553935,0.0019652843475341797
85317,normal,2326,0,1782359362.55726,0.0018665790557861328
85318,normal,2178,0,1782359362.5595062,0.0022461414337158203
85319,normal,333,0,1782359362.5613744,0.0018682479858398438
85320,normal,2795,0,1782359362.5634503,0.0020759105682373047
85321,normal,1420,0,1782359362.565346,0.0018956661224365234
85322,normal,2595,0,1782359362.567514,0.002167940139770508
85323,normal,512,0,1782359362.5694587,0.0019447803497314453
85324,normal,1868,0,1782359362.5713985,0.0019397735595703125
85325,normal,976,2,1782359362.5734165,0.002017974853515625
85326,normal,2149,0,1782359362.5752923,0.0018758773803710938
85327,normal,2043,0,1782359362.5772572,0.0019648075103759766
85328,normal,2498,0,1782359362.5793424,0.0020852088928222656
85329,normal,3337,1,1782359362.5816329,0.002290487289428711
85330,normal,396,0,1782359400.4540024,0.0
85331,normal,2714,0,1782359400.4560657,0.002063274383544922
85332,normal,903,2,1782359400.4583976,0.002331972122192383
85333,normal,2204,0,1782359400.4601324,0.0017347335815429688
85334,normal,1889,0,1782359400.462178,0.0020456314086914062
85335,normal,1825,0,1782359400.464026,0.001847982406616211
85336,normal,3175,1,1782359400.4662466,0.002220630645751953
85337,normal,263,0,1782359400.4681008,0.0018541812896728516
85338,normal,3433,0,1782359400.4700243,0.0019235610961914062
85339,normal,831,2,1782359400.4721177,0.0020933151245117188
85340,normal,295,0,1782359400.473991,0.0018732547760009766
85341,normal,809,2,1782359400.4760525,0.002061605453491211
85342,normal,2467,0,1782359400.4780383,0.001985788345336914
85343,normal,2301,0,1782359400.480085,0.0020465850830078125
85344,normal,951,2,1782359400.4820266,0.001941680908203125
85345,normal,2507,0,1782359400.4840474,0.0020208358764648438
85346,normal,773,2,1782359400.4860485,0.002001047134399414
85347,normal,3682,0,1782359400.4880474,0.0019989013671875
85348,normal,705,0,1782359400.4900246,0.001977205276489258
85349,normal,1928,0,1782359400.4920435,0.0020189285278320312
85350,normal,271,0,1782359400.4940877,0.002044200897216797
85351,normal,1440,0,1782359400.4960742,0.0019865036010742188
85352,normal,2330,0,1782359400.4982483,0.0021741390228271484
85353,normal,1008,2,1782359400.5000775,0.0018291473388671875
85354,normal,1775,0,1782359400.502231,0.0021533966064453125
85355,normal,3708,0,1782359400.504148,0.001917123794555664
85356,normal,3350,1,1782359400.506075,0.0019268989562988281
85357,normal,469,0,1782359400.5082383,0.002163410186767578
85358,normal,3055,1,1782359400.5101626,0.001924276351928711
85359,normal,17,0,1782359400.512075,0.0019123554229736328
85360,normal,450,0,1782359400.51424,0.002165079116821289
85361,normal,2941,0,1782359400.5162146,0.0019745826721191406
85362,normal,1131,0,1782359400.5180774,0.0018627643585205078
85363,normal,3267,1,1782359400.5202434,0.0021660327911376953
85364,normal,968,2,1782359400.5221708,0.0019273757934570312
85365,normal,2708,0,1782359400.5240738,0.0019030570983886719
85366,normal,2199,0,1782359400.5263002,0.0022263526916503906
85367,normal,1326,1,1782359400.5282006,0.0019004344940185547
85368,normal,1023,2,1782359400.530075,0.0018744468688964844
85369,normal,2684,0,1782359400.5322475,0.0021724700927734375
85370,normal,1699,0,1782359400.534181,0.0019335746765136719
85371,normal,2877,0,1782359400.5360787,0.001897573471069336
85372,normal,3507,0,1782359400.5382526,0.002173900604248047
85373,normal,2008,0,1782359400.5401738,0.0019211769104003906
85374,normal,135,0,1782359400.5420816,0.0019078254699707031
85375,normal,376,0,1782359400.5442512,0.0021696090698242188
85376,normal,1077,0,1782359400.5461588,0.0019075870513916016
85377,normal,1246,0,1782359400.5480747,0.0019159317016601562
85378,normal,3691,0,1782359400.5502565,0.0021817684173583984
85379,normal,2976,0,1782359400.5521886,0.0019321441650390625
85380,normal,3466,0,1782359400.5540752,0.001886606216430664
85381,normal,674,0,1782359400.5562587,0.0021834373474121094
85382,normal,958,2,1782359400.5581648,0.0019061565399169922
85383,normal,42,0,1782359400.560086,0.0019211769104003906
85384,normal,3321,1,1782359400.5622602,0.0021741390228271484
85385,normal,1330,1,1782359400.5642288,0.0019686222076416016
85386,normal,2351,0,1782359400.5660858,0.0018570423126220703
85387,normal,983,2,1782359400.568263,0.0021772384643554688
85388,normal,2362,0,1782359400.5702348,0.001971721649169922
85389,normal,1868,0,1782359400.572078,0.0018432140350341797
85390,normal,1413,0,1782359400.574266,0.002187967300415039
85391,normal,953,2,1782359400.5761545,0.0018885135650634766
85392,normal,2340,0,1782359400.5780747,0.0019202232360839844
85393,normal,3150,1,1782359400.5802686,0.002193927764892578
85394,normal,192,0,1782359400.5821686,0.0018999576568603516
85395,normal,2518,0,1782359400.5840771,0.0019085407257080078
85396,normal,229,0,1782359400.5862107,0.002133607864379883
85397,normal,3472,0,1782359400.5881507,0.001940011978149414
85398,normal,880,2,1782359400.590077,0.0019261837005615234
85399,normal,2773,0,1782359400.5922718,0.0021948814392089844
85400,normal,2738,0,1782359400.5941496,0.0018777847290039062
85401,normal,2809,0,1782359400.5960753,0.0019257068634033203
85402,normal,1781,0,1782359400.5982094,0.002134084701538086
85403,normal,2895,0,1782359400.6001515,0.0019421577453613281
85404,normal,170,0,1782359400.6020765,0.0019249916076660156
85405,normal,898,2,1782359400.6042771,0.002200603485107422
85406,normal,2352,0,1782359400.6061602,0.0018830299377441406
85407,normal,848,2,1782359400.6080837,0.0019235610961914062
85408,normal,2387,0,1782359400.6102805,0.002196788787841797
85409,normal,2730,0,1782359400.6121507,0.0018701553344726562
85410,normal,2762,0,1782359400.614077,0.001926422119140625
85411,normal,2838,0,1782359400.6162848,0.0022077560424804688
85412,normal,973,2,1782359400.6181412,0.0018563270568847656
85413,normal,948,2,1782359400.620105,0.0019638538360595703
85414,normal,117,0,1782359400.6222851,0.0021800994873046875
85415,normal,853,2,1782359400.6244023,0.002117156982421875
85416,normal,3313,1,1782359400.6260593,0.0016570091247558594
85417,normal,2520,0,1782359400.6283088,0.002249479293823242
85418,normal,2845,0,1782359400.6301136,0.0018048286437988281
85419,normal,2081,0,1782359400.6320853,0.001971721649169922
85420,normal,2875,0,1782359400.6343005,0.002215147018432617
85421,normal,2651,0,1782359400.6361334,0.0018329620361328125
85422,normal,3289,1,1782359400.6380622,0.0019288063049316406
85423,normal,131,0,1782359400.640309,0.002246856689453125
85424,normal,462,0,1782359400.642116,0.0018069744110107422
85425,normal,3337,1,1782359400.6440723,0.0019562244415283203
85426,normal,2725,0,1782359400.6463013,0.002228975296020508
85427,normal,1651,0,1782359400.648118,0.0018167495727539062
85428,normal,980,2,1782359400.6500592,0.0019412040710449219
85429,normal,2124,0,1782359400.6523104,0.002251148223876953
85430,normal,476,0,1782359400.6540296,0.0017192363739013672
85431,normal,413,0,1782359400.6560047,0.0019750595092773438
85432,normal,1102,0,1782359400.658194,0.0021893978118896484
85433,normal,1165,0,1782359400.6599917,0.0017976760864257812
85434,normal,794,2,1782359400.661985,0.0019931793212890625
85435,normal,1845,0,1782359400.6640453,0.002060413360595703
85436,normal,2349,0,1782359400.6659927,0.0019474029541015625
85437,normal,1193,0,1782359400.668039,0.002046346664428711
85438,normal,598,0,1782359400.6700387,0.0019996166229248047
85439,normal,2513,0,1782359400.6720219,0.001983165740966797
85440,normal,3681,0,1782359400.6739995,0.001977682113647461
85441,normal,2202,0,1782359400.6760442,0.002044677734375
85442,normal,1730,0,1782359400.6779902,0.0019459724426269531
85443,normal,1354,1,1782359400.680038,0.0020477771759033203
85444,normal,878,2,1782359400.6820395,0.002001523971557617
85445,normal,1942,0,1782359400.6840112,0.001971721649169922
85446,normal,1772,0,1782359400.6860373,0.002026081085205078
85447,normal,1481,0,1782359400.6880476,0.002010345458984375
85448,normal,2757,0,1782359400.6899862,0.0019385814666748047
85449,normal,2100,0,1782359400.6920469,0.0020606517791748047
85450,normal,2407,0,1782359400.6940496,0.002002716064453125
85451,normal,513,0,1782359400.695999,0.001949310302734375
85452,normal,805,2,1782359400.6980383,0.0020394325256347656
85453,normal,1306,0,1782359400.700041,0.002002716064453125
85454,normal,3610,0,1782359400.701987,0.0019459724426269531
85455,normal,1130,0,1782359400.7040584,0.002071380615234375
85456,normal,3203,1,1782359400.7062871,0.0022287368774414062
85457,normal,1088,0,1782359400.7080615,0.0017743110656738281
85458,normal,3510,0,1782359400.709992,0.0019304752349853516
85459,normal,2574,0,1782359400.712043,0.002051115036010742
85460,normal,515,0,1782359400.7139866,0.0019435882568359375
85461,normal,81,0,1782359400.7160487,0.002062082290649414
85462,normal,2001,0,1782359400.718055,0.0020062923431396484
85463,normal,334,0,1782359400.72,0.0019450187683105469
85464,normal,3381,1,1782359400.7220535,0.002053499221801758
85465,normal,889,2,1782359400.7240462,0.0019927024841308594
85466,normal,221,0,1782359400.7259898,0.0019435882568359375
85467,normal,1373,1,1782359400.7280657,0.0020759105682373047
85468,normal,2162,0,1782359400.7300434,0.001977682113647461
85469,normal,3359,1,1782359400.7319927,0.001949310302734375
85470,normal,930,2,1782359400.7340388,0.0020461082458496094
85471,normal,297,0,1782359400.7360394,0.002000570297241211
85472,normal,1085,0,1782359400.7379878,0.0019483566284179688
85473,normal,2366,0,1782359400.7400424,0.0020546913146972656
85474,normal,798,2,1782359400.7420392,0.001996755599975586
85475,normal,1910,0,1782359400.7439861,0.0019469261169433594
85476,normal,3506,0,1782359400.7460456,0.002059459686279297
85477,normal,2393,0,1782359400.7480655,0.0020198822021484375
85478,normal,59,0,1782359400.7499933,0.0019278526306152344
85479,normal,3187,1,1782359400.7521875,0.0021941661834716797
85480,normal,1970,0,1782359400.7539864,0.001798868179321289
85481,normal,3360,1,1782359400.7560465,0.0020601749420166016
85482,normal,200,0,1782359400.7580142,0.0019676685333251953
85483,normal,1998,0,1782359400.7600412,0.0020270347595214844
85484,normal,925,2,1782359400.7619946,0.0019533634185791016
85485,normal,723,0,1782359400.7640386,0.0020439624786376953
85486,normal,330,0,1782359400.7660367,0.0019981861114501953
85487,normal,2706,0,1782359400.7679853,0.0019485950469970703
85488,normal,955,2,1782359400.7700377,0.00205230712890625
85489,normal,453,0,1782359400.7720456,0.0020079612731933594
85490,normal,1883,0,1782359400.7739854,0.0019397735595703125
85491,normal,2871,0,1782359400.776039,0.002053499221801758
85492,normal,1694,0,1782359400.7780385,0.0019996166229248047
85493,normal,3659,0,1782359400.7799926,0.0019540786743164062
85494,normal,1415,0,1782359400.7820427,0.002050161361694336
85495,normal,3171,1,1782359400.7840443,0.002001523971557617
85496,normal,914,2,1782359400.7859902,0.0019459724426269531
85497,normal,1260,0,1782359400.7880363,0.0020461082458496094
85498,normal,3116,1,1782359400.7900395,0.002003192901611328
85499,normal,3069,1,1782359400.7919838,0.0019443035125732422
85500,normal,2588,0,1782359400.7940423,0.0020585060119628906
85501,normal,812,2,1782359400.7960443,0.0020020008087158203
85502,normal,332,0,1782359400.7979846,0.0019402503967285156
85503,normal,1066,0,1782359400.8000424,0.002057790756225586
85504,normal,1914,0,1782359400.8020396,0.001997232437133789
85505,normal,1991,0,1782359400.8039908,0.0019512176513671875
85506,normal,3402,0,1782359400.8061755,0.002184629440307617
85507,normal,452,0,1782359400.8079832,0.0018076896667480469
85508,normal,767,0,1782359400.8100457,0.002062559127807617
85509,normal,1166,0,1782359400.8119893,0.0019435882568359375
85510,normal,1221,0,1782359400.8140378,0.002048492431640625
85511,normal,314,0,1782359400.8159995,0.0019617080688476562
85512,normal,3378,1,1782359400.8180373,0.0020377635955810547
85513,normal,752,0,1782359400.820041,0.0020036697387695312
85514,normal,3441,0,1782359400.8219848,0.001943826675415039
85515,normal,535,0,1782359400.8240392,0.002054452896118164
85516,normal,367,0,1782359400.8260233,0.001984119415283203
85517,normal,2371,0,1782359400.8280172,0.001993894577026367
85518,normal,997,2,1782359400.8300846,0.0020673274993896484
85519,normal,730,0,1782359400.832101,0.0020165443420410156
85520,normal,1743,0,1782359400.8340187,0.0019176006317138672
85521,normal,627,0,1782359400.8360238,0.0020051002502441406
85522,normal,1105,0,1782359400.838086,0.002062082290649414
85523,normal,1727,0,1782359400.840029,0.0019431114196777344
85524,normal,2323,0,1782359400.8420236,0.001994609832763672
85525,normal,2649,0,1782359400.8440819,0.002058267593383789
85526,normal,1741,0,1782359400.8460224,0.0019404888153076172
85527,normal,2551,0,1782359400.8480213,0.0019989013671875
85528,normal,2577,0,1782359400.8500915,0.002070188522338867
85529,normal,3597,0,1782359400.852022,0.0019304752349853516
85530,normal,859,2,1782359400.8540807,0.002058744430541992
85531,normal,3047,1,1782359400.856077,0.001996278762817383
85532,normal,2459,0,1782359400.8580196,0.0019426345825195312
85533,normal,3622,0,1782359400.8600228,0.002003192901611328
85534,normal,2992,0,1782359400.8620818,0.0020589828491210938
85535,normal,564,0,1782359400.8640213,0.001939535140991211
85536,normal,1116,0,1782359400.866021,0.0019996166229248047
85537,normal,1103,0,1782359400.8680866,0.0020656585693359375
85538,normal,2356,0,1782359400.8700218,0.0019352436065673828
85539,normal,324,0,1782359400.8720953,0.002073526382446289
85540,normal,241,0,1782359400.8740807,0.001985311508178711
85541,normal,3234,1,1782359400.8760378,0.0019571781158447266
85542,normal,3168,1,1782359400.878027,0.001989126205444336
85543,normal,335,0,1782359400.8800812,0.0020542144775390625
85544,normal,1834,0,1782359400.8820224,0.0019412040710449219
85545,normal,1429,0,1782359400.8840814,0.0020589828491210938
85546,normal,1941,0,1782359400.8860826,0.0020012855529785156
85547,normal,2911,0,1782359400.888023,0.0019402503967285156
85548,normal,884,2,1782359400.8900225,0.0019996166229248047
85549,normal,2758,0,1782359400.892075,0.0020525455474853516
85550,normal,2616,0,1782359400.8940282,0.001953125
85551,normal,2442,0,1782359400.8960228,0.001994609832763672
85552,normal,729,0,1782359400.89808,0.002057313919067383
85553,normal,3591,0,1782359400.900023,0.0019428730010986328
85554,normal,3408,0,1782359400.9020216,0.0019986629486083984
85555,normal,185,0,1782359400.9040847,0.0020630359649658203
85556,normal,610,0,1782359400.90606,0.0019752979278564453
85557,normal,1021,2,1782359400.9080498,0.0019898414611816406
85558,normal,1905,0,1782359400.9100943,0.0020444393157958984
85559,normal,2,0,1782359400.9120207,0.001926422119140625
85560,normal,2536,0,1782359400.9140828,0.002062082290649414
85561,normal,661,0,1782359400.9160848,0.0020020008087158203
85562,normal,3028,0,1782359400.9180284,0.0019435882568359375
85563,normal,807,2,1782359400.9200368,0.0020084381103515625
85564,normal,3258,1,1782359400.9222865,0.0022497177124023438
85565,normal,1132,0,1782359400.9240894,0.0018029212951660156
85566,normal,2751,0,1782359400.926022,0.0019326210021972656
85567,normal,3706,0,1782359400.9280953,0.0020732879638671875
85568,normal,1669,0,1782359400.930017,0.0019216537475585938
85569,normal,1460,0,1782359400.9320757,0.002058744430541992
85570,normal,2900,0,1782359400.9340184,0.0019426345825195312
85571,normal,1472,0,1782359400.9360197,0.0020012855529785156
85572,normal,3486,0,1782359400.9380832,0.0020635128021240234
85573,normal,1681,0,1782359400.9401052,0.0020220279693603516
85574,normal,1675,0,1782359400.9420233,0.0019180774688720703
85575,normal,3000,0,1782359400.94409,0.0020666122436523438
85576,normal,2129,0,1782359400.946082,0.0019922256469726562
85577,normal,1725,0,1782359400.9480228,0.0019407272338867188
85578,normal,714,0,1782359400.950083,0.0020601749420166016
85579,normal,555,0,1782359400.9520824,0.001999378204345703
85580,normal,2556,0,1782359400.9540231,0.0019407272338867188
85581,normal,3674,0,1782359400.9560366,0.0020134449005126953
85582,normal,2018,0,1782359400.9580803,0.0020437240600585938
85583,normal,2952,0,1782359400.9600186,0.0019383430480957031
85584,normal,3142,1,1782359400.9620833,0.0020647048950195312
85585,normal,23,0,1782359400.964084,0.002000570297241211
85586,normal,3353,1,1782359400.9660232,0.0019392967224121094
85587,normal,575,0,1782359400.968092,0.002068758010864258
85588,normal,428,0,1782359400.970114,0.0020220279693603516
85589,normal,2094,0,1782359400.9720225,0.0019085407257080078
85590,normal,3181,1,1782359400.9740806,0.0020580291748046875
85591,normal,728,0,1782359400.976084,0.0020034313201904297
85592,normal,1276,0,1782359400.9780214,0.0019373893737792969
85593,normal,104,0,1782359400.9800816,0.0020601749420166016
85594,normal,2671,0,1782359400.982022,0.0019404888153076172
85595,normal,2800,0,1782359400.9840252,0.002003192901611328
85596,normal,3661,0,1782359400.9860225,0.001997232437133789
85597,normal,3577,0,1782359400.9880826,0.0020601749420166016
85598,normal,1598,0,1782359400.9900224,0.0019397735595703125
85599,normal,2924,0,1782359400.9920208,0.001998424530029297
85600,normal,3666,0,1782359400.994089,0.002068042755126953
85601,normal,2978,0,1782359400.9960263,0.0019373893737792969
85602,normal,126,0,1782359400.9980211,0.0019948482513427734
85603,normal,470,0,1782359401.0000834,0.0020623207092285156
85604,normal,860,2,1782359401.0020216,0.0019381046295166016
85605,normal,2282,0,1782359401.0040812,0.0020596981048583984
85606,normal,1099,0,1782359401.0060823,0.002001047134399414
85607,normal,1070,0,1782359401.0080202,0.0019378662109375
85608,normal,2898,0,1782359401.0100229,0.002002716064453125
85609,normal,2938,0,1782359401.0120819,0.0020589828491210938
85610,normal,1207,0,1782359401.0140188,0.0019369125366210938
85611,normal,184,0,1782359401.0160842,0.002065420150756836
85612,normal,574,0,1782359401.018079,0.0019948482513427734
85613,normal,3607,0,1782359401.020024,0.0019450187683105469
85614,normal,209,0,1782359401.0220213,0.001997232437133789
85615,normal,130,0,1782359401.0240817,0.002060413360595703
85616,normal,1197,0,1782359401.026127,0.0020453929901123047
85617,normal,1515,0,1782359401.0282218,0.002094745635986328
85618,normal,2907,0,1782359401.0303757,0.0021538734436035156
85619,normal,1535,0,1782359401.032088,0.0017123222351074219
85620,normal,1185,0,1782359401.0343974,0.0023093223571777344
85621,normal,1495,0,1782359401.0361118,0.001714468002319336
85622,normal,1666,0,1782359401.0380487,0.0019369125366210938
85623,normal,3295,1,1782359401.0402324,0.002183675765991211
85624,normal,2174,0,1782359401.042134,0.0019016265869140625
85625,normal,799,2,1782359401.0440528,0.001918792724609375
85626,normal,1687,0,1782359401.046081,0.002028226852416992
85627,normal,732,0,1782359401.048271,0.0021898746490478516
85628,normal,1934,0,1782359401.0500522,0.0017812252044677734
85629,normal,2653,0,1782359401.0522346,0.002182483673095703
85630,normal,93,0,1782359401.054135,0.0019004344940185547
85631,normal,1534,0,1782359401.05607,0.0019350051879882812
85632,normal,1094,0,1782359401.0580819,0.0020117759704589844
85633,normal,1695,0,1782359401.0602772,0.0021953582763671875
85634,normal,1332,1,1782359401.06205,0.0017728805541992188
85635,normal,3034,0,1782359401.0642335,0.0021834373474121094
85636,normal,2146,0,1782359401.0661278,0.001894235610961914
85637,normal,3594,0,1782359401.0680506,0.0019228458404541016
85638,normal,734,0,1782359401.0702431,0.0021924972534179688
85639,normal,2554,0,1782359401.0721264,0.0018832683563232422
85640,normal,3136,1,1782359401.074057,0.0019307136535644531
85641,normal,2611,0,1782359401.076237,0.002179861068725586
85642,normal,2042,0,1782359401.078128,0.0018911361694335938
85643,normal,3319,1,1782359401.080051,0.0019228458404541016
85644,normal,2251,0,1782359401.0822332,0.0021822452545166016
85645,normal,7,0,1782359401.0841265,0.0018932819366455078
85646,normal,2382,0,1782359401.0860505,0.0019240379333496094
85647,normal,3296,1,1782359401.088231,0.0021805763244628906
85648,normal,606,0,1782359401.0901308,0.00189971923828125
85649,normal,399,0,1782359401.0920599,0.0019290447235107422
85650,normal,1777,0,1782359401.0942326,0.002172708511352539
85651,normal,1636,0,1782359401.0961337,0.0019011497497558594
85652,normal,478,0,1782359401.0980787,0.0019450187683105469
85653,normal,2216,0,1782359401.100082,0.002003192901611328
85654,normal,600,0,1782359401.102296,0.002214193344116211
85655,normal,817,2,1782359401.1040502,0.0017540454864501953
85656,normal,3672,0,1782359401.1062343,0.002184152603149414
85657,normal,1028,2,1782359401.1080685,0.0018341541290283203
85658,normal,3436,0,1782359401.1100798,0.0020112991333007812
85659,normal,372,0,1782359401.1120934,0.002013683319091797
85660,normal,1242,0,1782359401.1142983,0.00220489501953125
85661,normal,1452,0,1782359401.1160567,0.0017583370208740234
85662,normal,2625,0,1782359401.1182199,0.0021631717681884766
85663,normal,1240,0,1782359401.1201406,0.0019207000732421875
85664,normal,128,0,1782359401.1220524,0.0019118785858154297
85665,normal,3264,1,1782359401.1242335,0.0021810531616210938
85666,normal,1256,0,1782359401.1261458,0.0019123554229736328
85667,normal,2835,0,1782359401.1280496,0.0019037723541259766
85668,normal,1287,0,1782359401.130238,0.002188444137573242
85669,normal,1014,2,1782359401.132148,0.0019099712371826172
85670,normal,3162,1,1782359401.1340551,0.0019071102142333984
85671,normal,2159,0,1782359401.1360867,0.002031564712524414
85672,normal,785,2,1782359401.1383066,0.0022199153900146484
85673,normal,2755,0,1782359401.1400526,0.0017459392547607422
85674,normal,1522,0,1782359401.1422324,0.002179861068725586
85675,normal,1447,0,1782359401.144152,0.0019195079803466797
85676,normal,3177,1,1782359401.1460707,0.001918792724609375
85677,normal,1453,0,1782359401.1480784,0.002007722854614258
85678,normal,358,0,1782359401.1503856,0.0023071765899658203
85679,normal,3460,0,1782359401.1520731,0.0016875267028808594
85680,normal,2043,0,1782359401.1540856,0.002012491226196289
85681,normal,1038,0,1782359401.1560497,0.001964092254638672
85682,normal,1263,0,1782359401.1580722,0.0020225048065185547
85683,normal,2988,0,1782359401.160088,0.002015829086303711
85684,normal,3531,0,1782359401.1623094,0.002221345901489258
85685,normal,770,0,1782359401.1640491,0.0017397403717041016
85686,normal,2188,0,1782359401.1662235,0.00217437744140625
85687,normal,1792,0,1782359401.1681597,0.001936197280883789
85688,normal,2060,0,1782359401.1702013,0.0020415782928466797
85689,normal,1508,0,1782359401.1720822,0.0018808841705322266
85690,normal,2130,0,1782359401.1743166,0.0022344589233398438
85691,normal,3099,1,1782359401.1760757,0.0017590522766113281
85692,normal,0,0,1782359401.1780815,0.0020058155059814453
85693,normal,3141,1,1782359401.1803138,0.0022323131561279297
85694,normal,3239,1,1782359401.1820517,0.001737833023071289
85695,normal,3010,0,1782359401.1842253,0.0021736621856689453
85696,normal,581,0,1782359401.1861668,0.0019414424896240234
85697,normal,2108,0,1782359401.1882036,0.0020368099212646484
85698,normal,2882,0,1782359401.1900969,0.0018932819366455078
85699,normal,1163,0,1782359401.1922238,0.002126932144165039
85700,normal,3101,1,1782359401.1940491,0.0018253326416015625
85701,normal,2245,0,1782359401.1960847,0.0020356178283691406
85702,normal,1688,0,1782359401.1983244,0.002239704132080078
85703,normal,3309,1,1782359401.2000492,0.0017247200012207031
85704,normal,1892,0,1782359401.2022042,0.0021550655364990234
85705,normal,3167,1,1782359401.2041688,0.001964569091796875
85706,normal,1711,0,1782359401.206202,0.002033233642578125
85707,normal,3539,0,1782359401.2080784,0.0018763542175292969
85708,normal,593,0,1782359401.2102385,0.0021600723266601562
85709,normal,673,0,1782359401.2120483,0.001809835433959961
85710,normal,327,0,1782359401.2142193,0.002171039581298828
85711,normal,918,2,1782359401.2160835,0.0018641948699951172
85712,normal,703,0,1782359401.2182035,0.0021200180053710938
85713,normal,3537,0,1782359401.2200828,0.0018792152404785156
85714,normal,1437,0,1782359401.2222354,0.002152681350708008
85715,normal,557,0,1782359401.224038,0.0018024444580078125
85716,normal,664,0,1782359401.2262223,0.0021843910217285156
85717,normal,3144,1,1782359401.2280877,0.001865386962890625
85718,normal,1015,2,1782359401.2302032,0.002115488052368164
85719,normal,2583,0,1782359401.232088,0.0018849372863769531
85720,normal,3401,1,1782359401.2342412,0.002153158187866211
85721,normal,2950,0,1782359401.236046,0.0018048286437988281
85722,normal,1202,0,1782359401.2382216,0.002175569534301758
85723,normal,2729,0,1782359401.2400932,0.0018715858459472656
85724,normal,815,2,1782359401.2422035,0.0021102428436279297
85725,normal,1428,0,1782359401.2440772,0.0018737316131591797
85726,normal,1597,0,1782359401.2462187,0.0021414756774902344
85727,normal,10,0,1782359401.2482078,0.001989126205444336
85728,normal,864,2,1782359401.2500772,0.0018694400787353516
85729,normal,2584,0,1782359401.2522485,0.0021712779998779297
85730,normal,2073,0,1782359401.2540457,0.0017971992492675781
85731,normal,2481,0,1782359401.2561991,0.0021533966064453125
85732,normal,3657,0,1782359401.2581153,0.0019161701202392578
85733,normal,2709,0,1782359401.2601595,0.002044200897216797
85734,normal,464,0,1782359401.262211,0.0020515918731689453
85735,normal,3603,0,1782359401.264256,0.0020449161529541016
85736,normal,3285,1,1782359401.2660468,0.001790761947631836
85737,normal,1620,0,1782359401.2682383,0.0021915435791015625
85738,normal,3502,0,1782359401.2701063,0.0018680095672607422
85739,normal,2322,0,1782359401.2720478,0.0019414424896240234
85740,normal,1770,0,1782359401.2742324,0.002184629440307617
85741,normal,507,0,1782359401.2761092,0.0018768310546875
85742,normal,1181,0,1782359401.2780473,0.0019381046295166016
85743,normal,134,0,1782359401.280225,0.002177715301513672
85744,normal,2493,0,1782359401.2820804,0.0018553733825683594
85745,normal,676,0,1782359401.2840662,0.001985788345336914
85746,normal,1526,0,1782359401.286194,0.0021278858184814453
85747,normal,1480,0,1782359401.2881145,0.001920461654663086
85748,normal,3425,0,1782359401.2900562,0.001941680908203125
85749,normal,3211,1,1782359401.2922277,0.0021715164184570312
85750,normal,3020,0,1782359401.2941148,0.0018870830535888672
85751,normal,2633,0,1782359401.2960484,0.0019335746765136719
85752,normal,3301,1,1782359401.2982042,0.002155780792236328
85753,normal,2561,0,1782359401.3001227,0.0019185543060302734
85754,normal,1837,0,1782359401.302071,0.0019483566284179688
85755,normal,451,0,1782359401.3042252,0.002154111862182617
85756,normal,634,0,1782359401.306122,0.0018968582153320312
85757,normal,2276,0,1782359401.308053,0.0019309520721435547
85758,normal,1117,0,1782359401.3102062,0.002153158187866211
85759,normal,2903,0,1782359401.3121245,0.0019183158874511719
85760,normal,3240,1,1782359401.3140476,0.0019230842590332031
85761,normal,2743,0,1782359401.316227,0.002179384231567383
85762,normal,1001,2,1782359401.318126,0.0018990039825439453
85763,normal,1462,0,1782359401.3200386,0.0019125938415527344
85764,normal,2605,0,1782359401.322227,0.002188444137573242
85765,normal,1904,0,1782359401.3241255,0.0018985271453857422
85766,normal,777,2,1782359401.3260512,0.0019257068634033203
85767,normal,1510,0,1782359401.32826,0.002208709716796875
85768,normal,1379,1,1782359401.330128,0.0018680095672607422
85769,normal,2995,0,1782359401.3320522,0.001924276351928711
85770,normal,1979,0,1782359401.3342295,0.0021772384643554688
85771,normal,3074,1,1782359401.3361049,0.0018754005432128906
85772,normal,687,0,1782359401.3380485,0.0019435882568359375
85773,normal,201,0,1782359401.3402252,0.0021767616271972656
85774,normal,1340,1,1782359401.3421319,0.0019066333770751953
85775,normal,2661,0,1782359401.3442478,0.002115964889526367
85776,normal,2865,0,1782359401.3460886,0.001840829849243164
85777,normal,1940,0,1782359401.348295,0.0022063255310058594
85778,normal,1136,0,1782359401.3501043,0.0018093585968017578
85779,normal,365,0,1782359401.3520708,0.0019664764404296875
85780,normal,1518,0,1782359401.3540392,0.0019683837890625
85781,normal,2717,0,1782359401.3560104,0.0019712448120117188
85782,normal,1902,0,1782359401.3581312,0.0021207332611083984
85783,normal,20,0,1782359401.3600075,0.0018763542175292969
85784,normal,2824,0,1782359401.3622506,0.0022430419921875
85785,normal,658,0,1782359401.3640347,0.0017840862274169922
85786,normal,522,0,1782359401.3662987,0.0022640228271484375
85787,normal,1049,0,1782359401.3680437,0.001744985580444336
85788,normal,1610,0,1782359401.3701935,0.002149820327758789
85789,normal,984,2,1782359401.3720407,0.0018472671508789062
85790,normal,1736,0,1782359401.3741937,0.0021529197692871094
85791,normal,1994,0,1782359401.3760772,0.0018835067749023438
85792,normal,2627,0,1782359401.3782005,0.0021233558654785156
85793,normal,2872,0,1782359401.3800726,0.0018720626831054688
85794,normal,3404,0,1782359401.3823671,0.0022945404052734375
85795,normal,1353,1,1782359401.384282,0.00191497802734375
85796,normal,2029,0,1782359401.3861601,0.0018780231475830078
85797,normal,38,0,1782359401.3883452,0.0021851062774658203
85798,normal,1194,0,1782359401.3902118,0.0018665790557861328
85799,normal,1539,0,1782359401.3920968,0.0018849372863769531
85800,normal,1967,0,1782359401.3943555,0.002258777618408203
85801,normal,1054,0,1782359401.396289,0.0019335746765136719
85802,normal,1270,0,1782359401.3981447,0.001855611801147461
85803,normal,1064,0,1782359401.4002087,0.0020639896392822266
85804,normal,636,0,1782359401.4022262,0.002017498016357422
85805,normal,2842,0,1782359401.4040847,0.0018584728240966797
85806,normal,1069,0,1782359401.4063246,0.0022399425506591797
85807,normal,76,0,1782359401.4082634,0.0019388198852539062
85808,normal,3198,1,1782359401.410098,0.0018346309661865234
85809,normal,1956,0,1782359401.4122329,0.0021347999572753906
85810,normal,1780,0,1782359401.4142292,0.001996278762817383
85811,normal,1882,0,1782359401.4161031,0.0018739700317382812
85812,normal,1596,0,1782359401.4181924,0.002089262008666992
85813,normal,2975,0,1782359401.4202619,0.0020694732666015625
85814,normal,1553,0,1782359401.4220982,0.0018362998962402344
85815,normal,1152,0,1782359401.4242454,0.002147197723388672
85816,normal,1398,0,1782359401.4262617,0.002016305923461914
85817,normal,1171,0,1782359401.428099,0.0018372535705566406
85818,normal,1812,0,1782359401.4302292,0.002130270004272461
85819,normal,2852,0,1782359401.4322631,0.0020339488983154297
85820,normal,144,0,1782359401.4341035,0.001840353012084961
85821,normal,2116,0,1782359401.4362266,0.002123117446899414
85822,normal,2967,0,1782359401.4382212,0.001994609832763672
85823,normal,178,0,1782359401.4402406,0.0020194053649902344
85824,normal,3189,1,1782359401.4421923,0.0019516944885253906
85825,normal,1212,0,1782359401.4441936,0.0020012855529785156
85826,normal,242,0,1782359401.4460971,0.001903533935546875
85827,normal,850,2,1782359401.4482272,0.0021300315856933594
85828,normal,2741,0,1782359401.4501977,0.001970529556274414
85829,normal,45,0,1782359401.4520981,0.0019004344940185547
85830,normal,1183,0,1782359401.4542375,0.0021393299102783203
85831,normal,176,0,1782359401.4561763,0.0019388198852539062
85832,normal,552,0,1782359401.4580986,0.0019223690032958984
85833,normal,1475,0,1782359401.4602296,0.0021309852600097656
85834,normal,1374,1,1782359401.4621801,0.0019505023956298828
85835,normal,82,0,1782359401.464103,0.0019228458404541016
85836,normal,3444,0,1782359401.466226,0.002123117446899414
85837,normal,3540,0,1782359401.4681804,0.001954317092895508
85838,normal,1485,0,1782359401.4700973,0.0019168853759765625
85839,normal,3489,0,1782359401.4722226,0.002125263214111328
85840,normal,550,0,1782359401.4741833,0.00196075439453125
85841,normal,2254,0,1782359401.4760973,0.0019140243530273438
85842,normal,3226,1,1782359401.4782233,0.002125978469848633
85843,normal,3242,1,1782359401.4801867,0.001963376998901367
85844,normal,1593,0,1782359401.4820974,0.0019106864929199219
85845,normal,2586,0,1782359401.4842246,0.0021271705627441406
85846,normal,849,2,1782359401.4861872,0.0019626617431640625
85847,normal,2658,0,1782359401.4880974,0.0019102096557617188
85848,normal,626,0,1782359401.4902256,0.002128124237060547
85849,normal,32,0,1782359401.49219,0.0019643306732177734
85850,normal,1888,0,1782359401.4940975,0.0019075870513916016
85851,normal,3293,1,1782359401.4962056,0.0021080970764160156
85852,normal,1299,0,1782359401.498197,0.0019915103912353516
85853,normal,387,0,1782359401.5000987,0.0019016265869140625
85854,normal,1767,0,1782359401.5022378,0.0021390914916992188
85855,normal,2102,0,1782359401.504196,0.001958131790161133
85856,normal,3317,1,1782359401.5060954,0.0018994808197021484
85857,normal,1294,0,1782359401.5082245,0.002129077911376953
85858,normal,2943,0,1782359401.5101764,0.0019519329071044922
85859,normal,363,0,1782359401.5121007,0.001924276351928711
85860,normal,1746,0,1782359401.5142236,0.0021228790283203125
85861,normal,412,0,1782359401.516204,0.0019805431365966797
85862,normal,218,0,1782359401.5180833,0.0018792152404785156
85863,normal,2306,0,1782359401.520195,0.002111673355102539
85864,normal,441,0,1782359401.5221858,0.001990795135498047
85865,normal,2613,0,1782359401.524096,0.0019102096557617188
85866,normal,1418,0,1782359401.5262318,0.002135753631591797
85867,normal,2098,0,1782359401.5282347,0.0020029544830322266
85868,normal,22,0,1782359401.5301006,0.0018658638000488281
85869,normal,3277,1,1782359401.5322244,0.0021238327026367188
85870,normal,140,0,1782359401.5342069,0.001982450485229492
85871,normal,216,0,1782359401.5361984,0.0019915103912353516
85872,normal,2487,0,1782359401.53819,0.0019915103912353516
85873,normal,1063,0,1782359401.5402088,0.0020189285278320312
85874,normal,2206,0,1782359401.542107,0.0018982887268066406
85875,normal,1976,0,1782359401.5442245,0.0021173954010009766
85876,normal,2931,0,1782359401.5462158,0.00199127197265625
85877,normal,2020,0,1782359401.5480983,0.0018825531005859375
85878,normal,1602,0,1782359401.5502238,0.0021255016326904297
85879,normal,1612,0,1782359401.5522134,0.001989603042602539
85880,normal,2037,0,1782359401.5540984,0.0018849372863769531
85881,normal,778,2,1782359401.5562255,0.0021271705627441406
85882,normal,1220,0,1782359401.5582218,0.001996278762817383
85883,normal,1423,0,1782359401.5600998,0.0018780231475830078
85884,normal,3042,0,1782359401.5622418,0.0021419525146484375
85885,normal,1170,0,1782359401.5642211,0.001979351043701172
85886,normal,2506,0,1782359401.5660996,0.001878499984741211
85887,normal,1900,0,1782359401.568225,0.002125263214111328
85888,normal,1830,0,1782359401.5702217,0.001996755599975586
85889,normal,2357,0,1782359401.5720968,0.001875162124633789
85890,normal,2621,0,1782359401.5741827,0.0020859241485595703
85891,normal,370,0,1782359401.5762246,0.0020418167114257812
85892,normal,2571,0,1782359401.5781,0.0018754005432128906
85893,normal,622,0,1782359401.5802078,0.002107858657836914
85894,normal,929,2,1782359401.5822248,0.0020170211791992188
85895,normal,2628,0,1782359401.5841007,0.0018758773803710938
85896,normal,646,0,1782359401.5861852,0.002084493637084961
85897,normal,340,0,1782359401.588229,0.0020437240600585938
85898,normal,1566,0,1782359401.5900989,0.0018699169158935547
85899,normal,1286,0,1782359401.5921552,0.0020563602447509766
85900,normal,1303,0,1782359401.5942345,0.0020792484283447266
85901,normal,2957,0,1782359401.5960972,0.0018627643585205078
85902,normal,2374,0,1782359401.59819,0.0020928382873535156
85903,normal,1239,0,1782359401.6002343,0.002044200897216797
85904,normal,753,0,1782359401.6021016,0.0018672943115234375
85905,normal,851,2,1782359401.604191,0.0020895004272460938
85906,normal,1369,1,1782359401.6062403,0.0020492076873779297
85907,normal,1479,0,1782359401.6080973,0.0018570423126220703
85908,normal,3501,0,1782359401.6102254,0.002128124237060547
85909,normal,2859,0,1782359401.612242,0.0020165443420410156
85910,normal,811,2,1782359401.6140957,0.0018537044525146484
85911,normal,3625,0,1782359401.616228,0.002132415771484375
85912,normal,3186,1,1782359401.6182427,0.002014636993408203
85913,normal,12,0,1782359401.6201022,0.001859426498413086
85914,normal,1469,0,1782359401.6222436,0.0021414756774902344
85915,normal,691,0,1782359401.6242096,0.0019659996032714844
85916,normal,1450,0,1782359401.6260989,0.0018892288208007812
85917,normal,223,0,1782359401.6282012,0.002102375030517578
85918,normal,1060,0,1782359401.6302483,0.0020470619201660156
85919,normal,772,2,1782359401.6322896,0.002041339874267578
85920,normal,108,0,1782359401.6342256,0.0019359588623046875
85921,normal,2597,0,1782359401.6364233,0.002197742462158203
85922,normal,432,0,1782359401.638124,0.0017006397247314453
85923,normal,2172,0,1782359401.6402678,0.00214385986328125
85924,normal,1325,1,1782359401.6422946,0.002026796340942383
85925,normal,461,0,1782359401.6442378,0.0019431114196777344
85926,normal,1255,0,1782359401.646229,0.00199127197265625
85927,normal,2880,0,1782359401.6483839,0.002154827117919922
85928,normal,1721,0,1782359401.650139,0.0017552375793457031
85929,normal,909,2,1782359401.6522167,0.0020775794982910156
85930,normal,2977,0,1782359401.654426,0.0022094249725341797
85931,normal,3546,0,1782359401.6560967,0.0016705989837646484
85932,normal,2419,0,1782359401.6583676,0.002270936965942383
85933,normal,1606,0,1782359401.6603007,0.0019330978393554688
85934,normal,1616,0,1782359401.662247,0.0019462108612060547
85935,normal,2853,0,1782359401.6642358,0.0019888877868652344
85936,normal,1026,2,1782359401.6663592,0.0021233558654785156
85937,normal,3387,1,1782359401.668134,0.0017747879028320312
85938,normal,1122,0,1782359401.6702273,0.0020933151245117188
85939,normal,2039,0,1782359401.6723592,0.002131938934326172
85940,normal,2249,0,1782359401.6741352,0.001775979995727539
85941,normal,95,0,1782359401.6762133,0.0020780563354492188
85942,normal,3156,1,1782359401.6783588,0.002145528793334961
85943,normal,125,0,1782359401.6801116,0.0017528533935546875
85944,normal,1628,0,1782359401.6822145,0.0021028518676757812
85945,normal,182,0,1782359401.6844547,0.0022401809692382812
85946,normal,1267,0,1782359401.6861074,0.0016527175903320312
85947,normal,740,0,1782359401.6883838,0.0022764205932617188
85948,normal,3671,0,1782359401.690284,0.0019001960754394531
85949,normal,747,0,1782359401.692128,0.0018439292907714844
85950,normal,517,0,1782359401.6942203,0.0020923614501953125
85951,normal,670,0,1782359401.6963625,0.002142190933227539
85952,normal,2826,0,1782359401.698163,0.001800537109375
85953,normal,2772,0,1782359401.7002168,0.0020537376403808594
85954,normal,3050,1,1782359401.7023706,0.0021538734436035156
85955,normal,802,2,1782359401.7041304,0.0017597675323486328
85956,normal,2092,0,1782359401.7062204,0.002089977264404297
85957,normal,554,0,1782359401.708378,0.0021576881408691406
85958,normal,2796,0,1782359401.7101512,0.0017731189727783203
85959,normal,3121,1,1782359401.712216,0.0020647048950195312
85960,normal,3191,1,1782359401.7142253,0.0020093917846679688
85961,normal,2461,0,1782359401.7162387,0.0020134449005126953
85962,normal,3120,1,1782359401.718258,0.002019166946411133
85963,normal,1735,0,1782359401.7203069,0.002048969268798828
85964,normal,2451,0,1782359401.7222507,0.001943826675415039
85965,normal,2030,0,1782359401.7242343,0.001983642578125
85966,normal,2373,0,1782359401.726457,0.002222776412963867
85967,normal,3210,1,1782359401.728156,0.0016989707946777344
85968,normal,2489,0,1782359401.7302265,0.0020704269409179688
85969,normal,3393,1,1782359401.7323747,0.002148151397705078
85970,normal,3251,1,1782359401.734091,0.0017163753509521484
85971,normal,1402,0,1782359401.7365577,0.0024666786193847656
85972,normal,2359,0,1782359401.73831,0.0017523765563964844
85973,normal,424,0,1782359401.7402513,0.0019412040710449219
85974,normal,2196,0,1782359401.7422254,0.0019741058349609375
85975,normal,644,0,1782359401.7443671,0.002141714096069336
85976,normal,592,0,1782359401.746091,0.0017237663269042969
85977,normal,751,0,1782359401.7483742,0.002283334732055664
85978,normal,3002,0,1782359401.7502892,0.00191497802734375
85979,normal,2615,0,1782359401.7522452,0.0019559860229492188
85980,normal,1728,0,1782359401.7542338,0.001988649368286133
85981,normal,447,0,1782359401.7563741,0.0021402835845947266
85982,normal,2767,0,1782359401.7580872,0.0017130374908447266
85983,normal,788,2,1782359401.760377,0.0022897720336914062
85984,normal,1461,0,1782359401.7623117,0.0019347667694091797
85985,normal,382,0,1782359401.7642202,0.0019085407257080078
85986,normal,2062,0,1782359401.7662468,0.0020265579223632812
85987,normal,1457,0,1782359401.7683816,0.0021347999572753906
85988,normal,1996,0,1782359401.7700903,0.0017087459564208984
85989,normal,73,0,1782359401.772386,0.0022957324981689453
85990,normal,949,2,1782359401.774325,0.0019388198852539062
85991,normal,2565,0,1782359401.7762146,0.0018897056579589844
85992,normal,3066,1,1782359401.7782233,0.002008676528930664
85993,normal,3636,0,1782359401.7803302,0.002106904983520508
85994,normal,309,0,1782359401.7822156,0.0018854141235351562
85995,normal,2979,0,1782359401.7842143,0.0019986629486083984
85996,normal,3673,0,1782359401.786238,0.0020236968994140625
85997,normal,3352,1,1782359401.7882154,0.0019774436950683594
85998,normal,1794,0,1782359401.7901723,0.001956939697265625
85999,normal,2209,0,1782359401.7921624,0.001990079879760742
86000,normal,3164,1,1782359401.7941508,0.0019884109497070312
86001,normal,2904,0,1782359401.7961392,0.0019884109497070312
86002,normal,1343,1,1782359401.7981236,0.0019843578338623047
86003,normal,429,0,1782359401.800061,0.0019373893737792969
86004,normal,3426,0,1782359401.8021517,0.0020906925201416016
86005,normal,1857,0,1782359401.8040485,0.0018968582153320312
86006,normal,3525,0,1782359401.8060596,0.0020110607147216797
86007,normal,1815,0,1782359401.808079,0.0020194053649902344
86008,normal,2118,0,1782359401.8100784,0.001999378204345703
86009,normal,482,0,1782359401.812088,0.0020096302032470703
86010,normal,3084,1,1782359401.8140948,0.0020067691802978516
86011,normal,1911,0,1782359401.8160462,0.001951456069946289
86012,normal,588,0,1782359401.8180609,0.002014636993408203
86013,normal,1473,0,1782359401.820079,0.0020182132720947266
86014,normal,187,0,1782359401.822075,0.0019958019256591797
86015,normal,2286,0,1782359401.8240595,0.0019845962524414062
86016,normal,48,0,1782359401.8260767,0.0020172595977783203
86017,normal,133,0,1782359401.8280752,0.001998424530029297
86018,normal,3091,1,1782359401.8300936,0.002018451690673828
86019,normal,248,0,1782359401.8320577,0.001964092254638672
86020,normal,26,0,1782359401.8340795,0.00202178955078125
86021,normal,2568,0,1782359401.8360624,0.0019829273223876953
86022,normal,967,2,1782359401.8380785,0.0020160675048828125
86023,normal,3638,0,1782359401.840067,0.0019884109497070312
86024,normal,3476,0,1782359401.8420613,0.0019943714141845703
86025,normal,337,0,1782359401.8440783,0.0020170211791992188
86026,normal,1252,0,1782359401.8460777,0.001999378204345703
86027,normal,657,0,1782359401.8480554,0.001977682113647461
86028,normal,1990,0,1782359401.8500798,0.002024412155151367
86029,normal,3094,1,1782359401.8520722,0.001992464065551758
86030,normal,3029,0,1782359401.854068,0.0019958019256591797
86031,normal,2715,0,1782359401.8560712,0.002003192901611328
86032,normal,302,0,1782359401.8580778,0.00200653076171875
86033,normal,3219,1,1782359401.860056,0.001978158950805664
86034,normal,2999,0,1782359401.8620775,0.0020215511322021484
86035,normal,2009,0,1782359401.864073,0.001995563507080078
86036,normal,1863,0,1782359401.8660185,0.00194549560546875
86037,normal,172,0,1782359401.868072,0.002053499221801758
86038,normal,1277,0,1782359401.8700762,0.0020041465759277344
86039,normal,3456,0,1782359401.8720548,0.001978635787963867
86040,normal,739,0,1782359401.8740764,0.0020215511322021484
86041,normal,1421,0,1782359401.876078,0.002001523971557617
86042,normal,3557,0,1782359401.8780625,0.0019845962524414062
86043,normal,3109,1,1782359401.8800762,0.002013683319091797
86044,normal,1365,1,1782359401.8820777,0.002001523971557617
86045,normal,259,0,1782359401.8840551,0.0019774436950683594
86046,normal,3035,0,1782359401.8860788,0.0020236968994140625
86047,normal,1058,0,1782359401.888074,0.001995086669921875
86048,normal,985,2,1782359401.8900592,0.001985311508178711
86049,normal,2321,0,1782359401.8920467,0.001987457275390625
86050,normal,3256,1,1782359401.894095,0.0020482540130615234
86051,normal,1232,0,1782359401.8962533,0.0021584033966064453
86052,normal,3680,0,1782359401.89808,0.0018267631530761719
86053,normal,3088,1,1782359401.9002311,0.002151012420654297
86054,normal,1853,0,1782359401.902052,0.0018208026885986328
86055,normal,938,2,1782359401.9042313,0.002179384231567383
86056,normal,3093,1,1782359401.9064887,0.0022573471069335938
86057,normal,3257,1,1782359401.9080482,0.0015594959259033203
86058,normal,2005,0,1782359401.9102297,0.002181529998779297
86059,normal,1160,0,1782359401.9121716,0.0019419193267822266
86060,normal,2235,0,1782359401.914202,0.0020303726196289062
86061,normal,2639,0,1782359401.9160752,0.0018732547760009766
86062,normal,3165,1,1782359401.9182067,0.0021314620971679688
86063,normal,3498,0,1782359401.9200547,0.001847982406616211
86064,normal,2143,0,1782359401.9222305,0.0021758079528808594
86065,normal,1192,0,1782359401.924085,0.0018544197082519531
86066,normal,3123,1,1782359401.9262064,0.002121448516845703
86067,normal,724,0,1782359401.9280822,0.0018758773803710938
86068,normal,373,0,1782359401.930233,0.0021507740020751953
86069,normal,1039,0,1782359401.9320552,0.0018222332000732422
86070,normal,2270,0,1782359401.9342268,0.0021715164184570312
86071,normal,1912,0,1782359401.9360878,0.0018610954284667969
86072,normal,3370,1,1782359401.938208,0.0021202564239501953
86073,normal,1057,0,1782359401.94008,0.0018718242645263672
86074,normal,3349,1,1782359401.9422052,0.002125263214111328
86075,normal,2608,0,1782359401.9440393,0.0018341541290283203
86076,normal,2834,0,1782359401.9461832,0.00214385986328125
86077,normal,1637,0,1782359401.9480891,0.0019059181213378906
86078,normal,3025,0,1782359401.950034,0.0019447803497314453
86079,normal,704,0,1782359401.9522316,0.002197742462158203
86080,normal,2305,0,1782359401.9540966,0.0018649101257324219
86081,normal,639,0,1782359401.9563184,0.002221822738647461
86082,normal,2023,0,1782359401.958091,0.0017726421356201172
86083,normal,533,0,1782359401.960357,0.00226593017578125
86084,normal,3397,1,1782359401.9620955,0.0017385482788085938
86085,normal,121,0,1782359401.9643724,0.002276897430419922
86086,normal,2086,0,1782359401.9661047,0.0017323493957519531
86087,normal,156,0,1782359401.96821,0.002105236053466797
86088,normal,1156,0,1782359401.9702585,0.002048492431640625
86089,normal,1861,0,1782359401.9722276,0.0019690990447998047
86090,normal,1541,0,1782359401.974091,0.0018634796142578125
86091,normal,127,0,1782359401.9763541,0.0022630691528320312
86092,normal,1951,0,1782359401.9782145,0.0018603801727294922
86093,normal,3179,1,1782359401.9800942,0.0018796920776367188
86094,normal,1986,0,1782359401.9823747,0.0022804737091064453
86095,normal,3092,1,1782359401.9842372,0.0018625259399414062
86096,normal,2076,0,1782359401.9860916,0.0018544197082519531
86097,normal,2398,0,1782359401.988359,0.0022673606872558594
86098,normal,566,0,1782359401.990244,0.0018849372863769531
86099,normal,1005,2,1782359401.9921546,0.0019106864929199219
86100,normal,416,0,1782359401.9942086,0.002053976058959961
86101,normal,285,0,1782359401.9962382,0.0020296573638916016
86102,normal,3019,0,1782359401.9980998,0.001861572265625
86103,normal,1237,0,1782359402.000349,0.0022492408752441406
86104,normal,941,2,1782359402.0022044,0.0018553733825683594
86105,normal,1573,0,1782359402.0041797,0.0019752979278564453
86106,normal,3694,0,1782359402.006186,0.0020062923431396484
86107,normal,2296,0,1782359402.008193,0.002007007598876953
86108,normal,546,0,1782359402.01007,0.0018770694732666016
86109,normal,2668,0,1782359402.0122206,0.0021505355834960938
86110,normal,1872,0,1782359402.0141716,0.001950979232788086
86111,normal,3658,0,1782359402.0160975,0.0019259452819824219
86112,normal,1835,0,1782359402.018236,0.002138376235961914
86113,normal,1138,0,1782359402.0202076,0.001971721649169922
86114,normal,345,0,1782359402.0221055,0.0018978118896484375
86115,normal,2733,0,1782359402.024186,0.0020804405212402344
86116,normal,1222,0,1782359402.0262096,0.0020236968994140625
86117,normal,1740,0,1782359402.028101,0.0018913745880126953
86118,normal,1536,0,1782359402.0302176,0.002116680145263672
86119,normal,526,0,1782359402.0322196,0.0020020008087158203
86120,normal,643,0,1782359402.0340981,0.001878499984741211
86121,normal,3655,0,1782359402.0362186,0.002120494842529297
86122,normal,1075,0,1782359402.0382154,0.001996755599975586
86123,normal,3586,0,1782359402.0401099,0.0018944740295410156
86124,normal,2096,0,1782359402.0422215,0.002111673355102539
86125,normal,2027,0,1782359402.044217,0.001995563507080078
86126,normal,775,2,1782359402.0460951,0.0018780231475830078
86127,normal,1465,0,1782359402.048234,0.002138853073120117
86128,normal,3709,0,1782359402.0502198,0.001985788345336914
86129,normal,1635,0,1782359402.0520947,0.0018749237060546875
86130,normal,1180,0,1782359402.0542183,0.002123594284057617
86131,normal,875,2,1782359402.0562181,0.0019998550415039062
86132,normal,1884,0,1782359402.058101,0.001882791519165039
86133,normal,1809,0,1782359402.0601845,0.0020835399627685547
86134,normal,1756,0,1782359402.0622237,0.002039194107055664
86135,normal,3592,0,1782359402.0641003,0.0018765926361083984
86136,normal,1968,0,1782359402.066219,0.002118825912475586
86137,normal,390,0,1782359402.0682242,0.0020051002502441406
86138,normal,2750,0,1782359402.0700977,0.0018734931945800781
86139,normal,1545,0,1782359402.0722206,0.0021228790283203125
86140,normal,998,2,1782359402.0742304,0.002009868621826172
86141,normal,2394,0,1782359402.0760937,0.001863241195678711
86142,normal,1139,0,1782359402.0782166,0.0021228790283203125
86143,normal,1697,0,1782359402.0802312,0.002014636993408203
86144,normal,11,0,1782359402.0820923,0.0018610954284667969
86145,normal,1392,0,1782359402.084218,0.0021257400512695312
86146,normal,2647,0,1782359402.0862308,0.0020127296447753906
86147,normal,1631,0,1782359402.0881076,0.0018768310546875
86148,normal,800,2,1782359402.090222,0.0021142959594726562
86149,normal,3221,1,1782359402.0922356,0.002013683319091797
86150,normal,652,0,1782359402.094093,0.0018575191497802734
86151,normal,224,0,1782359402.09622,0.002126932144165039
86152,normal,3567,0,1782359402.0982375,0.002017498016357422
86153,normal,911,2,1782359402.1000903,0.0018527507781982422
86154,normal,1359,1,1782359402.1022196,0.0021293163299560547
86155,normal,1684,0,1782359402.1042397,0.002020120620727539
86156,normal,2477,0,1782359402.1060927,0.0018529891967773438
86157,normal,3494,0,1782359402.1082182,0.0021255016326904297
86158,normal,1496,0,1782359402.1102407,0.0020225048065185547
86159,normal,518,0,1782359402.1121757,0.0019350051879882812
86160,normal,1924,0,1782359402.114349,0.002173185348510742
86161,normal,1533,0,1782359402.1162987,0.0019497871398925781
86162,normal,3126,1,1782359402.1182363,0.0019376277923583984
86163,normal,2889,0,1782359402.1202219,0.0019855499267578125
86164,normal,3086,1,1782359402.1223764,0.0021545886993408203
86165,normal,1916,0,1782359402.1240978,0.0017213821411132812
86166,normal,2093,0,1782359402.1263864,0.0022885799407958984
86167,normal,2817,0,1782359402.128303,0.001916646957397461
86168,normal,2138,0,1782359402.130251,0.0019478797912597656
86169,normal,274,0,1782359402.1322153,0.0019643306732177734
86170,normal,537,0,1782359402.1344373,0.0022220611572265625
86171,normal,497,0,1782359402.136093,0.00165557861328125
86172,normal,1182,0,1782359402.138373,0.002279996871948242
86173,normal,3288,1,1782359402.1402733,0.0019004344940185547
86174,normal,3676,0,1782359402.142241,0.0019676685333251953
86175,normal,2986,0,1782359402.1442218,0.0019807815551757812
86176,normal,2646,0,1782359402.1463637,0.0021419525146484375
86177,normal,269,0,1782359402.1480913,0.0017275810241699219
86178,normal,1080,0,1782359402.1503823,0.002290964126586914
86179,normal,2965,0,1782359402.152309,0.0019266605377197266
86180,normal,2497,0,1782359402.154252,0.0019431114196777344
86181,normal,253,0,1782359402.1560981,0.0018460750579833984
86182,normal,2331,0,1782359402.1580951,0.0019969940185546875
86183,normal,2225,0,1782359402.1600444,0.001949310302734375
86184,normal,1290,0,1782359402.162217,0.0021724700927734375
86185,normal,583,0,1782359402.164084,0.001867055892944336
86186,normal,1125,0,1782359402.1662035,0.0021195411682128906
86187,normal,933,2,1782359402.1680636,0.0018601417541503906
86188,normal,1089,0,1782359402.1701922,0.00212860107421875
86189,normal,3643,0,1782359402.1720343,0.0018420219421386719
86190,normal,409,0,1782359402.1742153,0.0021810531616210938
86191,normal,647,0,1782359402.176088,0.0018727779388427734
86192,normal,3192,1,1782359402.1781914,0.0021033287048339844
86193,normal,3333,1,1782359402.1800954,0.0019040107727050781
86194,normal,1653,0,1782359402.1820936,0.0019981861114501953
86195,normal,804,2,1782359402.1841931,0.0020995140075683594
86196,normal,1285,0,1782359402.186065,0.0018718242645263672
86197,normal,3543,0,1782359402.1882136,0.0021486282348632812
86198,normal,240,0,1782359402.1900635,0.0018498897552490234
86199,normal,2024,0,1782359402.1920683,0.002004861831665039
86200,normal,3235,1,1782359402.1942074,0.0021390914916992188
86201,normal,458,0,1782359402.1960337,0.0018262863159179688
86202,normal,277,0,1782359402.198064,0.0020303726196289062
86203,normal,2921,0,1782359402.2002149,0.0021507740020751953
86204,normal,3180,1,1782359402.2020376,0.0018227100372314453
86205,normal,920,2,1782359402.2041914,0.0021538734436035156
86206,normal,219,0,1782359402.2060974,0.0019059181213378906
86207,normal,3554,0,1782359402.2081926,0.0020952224731445312
86208,normal,3550,0,1782359402.2100625,0.0018699169158935547
86209,normal,3564,0,1782359402.2122152,0.002152681350708008
86210,normal,1478,0,1782359402.214044,0.001828908920288086
86211,normal,858,2,1782359402.2161734,0.0021293163299560547
86212,normal,589,0,1782359402.2182162,0.0020427703857421875
86213,normal,2109,0,1782359402.2200434,0.001827239990234375
86214,normal,759,0,1782359402.222214,0.002170562744140625
86215,normal,2457,0,1782359402.2241094,0.0018954277038574219
86216,normal,2813,0,1782359402.2262006,0.0020911693572998047
86217,normal,236,0,1782359402.2280426,0.0018420219421386719
86218,normal,757,0,1782359402.2302077,0.002165079116821289
86219,normal,2354,0,1782359402.2320344,0.0018267631530761719
86220,normal,2691,0,1782359402.2342138,0.002179384231567383
86221,normal,1977,0,1782359402.2361128,0.0018990039825439453
86222,normal,2297,0,1782359402.2381923,0.002079486846923828
86223,normal,2059,0,1782359402.2400467,0.0018544197082519531
86224,normal,2769,0,1782359402.2422068,0.0021600723266601562
86225,normal,2238,0,1782359402.2440417,0.001834869384765625
86226,normal,1375,1,1782359402.2462142,0.0021724700927734375
86227,normal,3519,0,1782359402.2481182,0.0019040107727050781
86228,normal,2101,0,1782359402.250202,0.0020837783813476562
86229,normal,3484,0,1782359402.2520444,0.001842498779296875
86230,normal,1997,0,1782359402.2542768,0.0022323131561279297
86231,normal,2006,0,1782359402.2560344,0.0017576217651367188
86232,normal,1055,0,1782359402.2582233,0.0021889209747314453
86233,normal,1769,0,1782359402.2601233,0.0018999576568603516
86234,normal,3572,0,1782359402.262197,0.0020737648010253906
86235,normal,3641,0,1782359402.264085,0.0018880367279052734
86236,normal,2674,0,1782359402.2663054,0.0022203922271728516
86237,normal,210,0,1782359402.2680461,0.0017406940460205078
86238,normal,3279,1,1782359402.2702134,0.002167224884033203
86239,normal,3061,1,1782359402.272124,0.0019106864929199219
86240,normal,3115,1,1782359402.2741938,0.002069711685180664
86241,normal,115,0,1782359402.276054,0.0018601417541503906
86242,normal,1435,0,1782359402.2782354,0.002181529998779297
86243,normal,1668,0,1782359402.2800362,0.0018007755279541016
86244,normal,3199,1,1782359402.2822206,0.0021843910217285156
86245,normal,1205,0,1782359402.284051,0.0018303394317626953
86246,normal,3578,0,1782359402.2861936,0.002142667770385742
86247,normal,2703,0,1782359402.2880597,0.0018661022186279297
86248,normal,2434,0,1782359402.2902107,0.002151012420654297
86249,normal,197,0,1782359402.2920363,0.001825571060180664
86250,normal,504,0,1782359402.2942123,0.002176046371459961
86251,normal,2055,0,1782359402.2961347,0.0019223690032958984
86252,normal,56,0,1782359402.2981913,0.002056598663330078
86253,normal,2704,0,1782359402.3000615,0.0018701553344726562
86254,normal,1025,2,1782359402.3022108,0.002149343490600586
86255,normal,2846,0,1782359402.3040445,0.0018336772918701172
86256,normal,1405,0,1782359402.3062122,0.0021677017211914062
86257,normal,971,2,1782359402.308138,0.0019257068634033203
86258,normal,3379,1,1782359402.3101923,0.002054452896118164
86259,normal,2521,0,1782359402.3120596,0.0018672943115234375
86260,normal,1895,0,1782359402.3142114,0.0021517276763916016
86261,normal,2176,0,1782359402.3160338,0.0018224716186523438
86262,normal,959,2,1782359402.3180678,0.0020339488983154297
86263,normal,1899,0,1782359402.3202121,0.002144336700439453
86264,normal,1549,0,1782359402.3220322,0.0018200874328613281
86265,normal,2304,0,1782359402.324208,0.0021758079528808594
86266,normal,1126,0,1782359402.3261123,0.0019042491912841797
86267,normal,2749,0,1782359402.3280342,0.0019218921661376953
86268,normal,1765,0,1782359402.330224,0.0021898746490478516
86269,normal,2408,0,1782359402.3320649,0.001840829849243164
86270,normal,487,0,1782359402.3341923,0.002127408981323242
86271,normal,2607,0,1782359402.336056,0.001863718032836914
86272,normal,2659,0,1782359402.3382108,0.002154827117919922
86273,normal,940,2,1782359402.340034,0.0018231868743896484
86274,normal,2944,0,1782359402.3422115,0.0021774768829345703
86275,normal,2388,0,1782359402.3440986,0.0018870830535888672
86276,normal,621,0,1782359402.3461955,0.002096891403198242
86277,normal,1862,0,1782359402.348059,0.0018634796142578125
86278,normal,2540,0,1782359402.3500538,0.0019948482513427734
86279,normal,3536,0,1782359402.3520663,0.002012491226196289
86280,normal,3248,1,1782359402.354072,0.0020058155059814453
86281,normal,3283,1,1782359402.3561835,0.0021114349365234375
86282,normal,582,0,1782359402.358059,0.0018754005432128906
86283,normal,3449,0,1782359402.3602242,0.0021653175354003906
86284,normal,2693,0,1782359402.3620677,0.0018434524536132812
86285,normal,1425,0,1782359402.3641968,0.002129077911376953
86286,normal,3528,0,1782359402.3660638,0.001867055892944336
86287,normal,3185,1,1782359402.3681934,0.0021295547485351562
86288,normal,2435,0,1782359402.3700373,0.0018439292907714844
86289,normal,2864,0,1782359402.3722413,0.0022039413452148438
86290,normal,1109,0,1782359402.3740711,0.0018298625946044922
86291,normal,3630,0,1782359402.3761947,0.002123594284057617
86292,normal,2836,0,1782359402.378067,0.0018723011016845703
86293,normal,950,2,1782359402.3801854,0.002118349075317383
86294,normal,1036,0,1782359402.3820348,0.0018494129180908203
86295,normal,3500,0,1782359402.384212,0.0021772384643554688
86296,normal,3169,1,1782359402.3860788,0.0018668174743652344
86297,normal,65,0,1782359402.388189,0.0021102428436279297
86298,normal,3172,1,1782359402.390067,0.0018780231475830078
86299,normal,2144,0,1782359402.3922045,0.002137422561645508
86300,normal,3038,0,1782359402.394033,0.0018284320831298828
86301,normal,3308,1,1782359402.396207,0.0021741390228271484
86302,normal,2302,0,1782359402.3980787,0.0018715858459472656
86303,normal,341,0,1782359402.4001927,0.0021140575408935547
86304,normal,480,0,1782359402.4021008,0.0019080638885498047
86305,normal,2982,0,1782359402.404178,0.0020771026611328125
86306,normal,2915,0,1782359402.4060383,0.0018603801727294922
86307,normal,1356,1,1782359402.4082096,0.0021712779998779297
86308,normal,2527,0,1782359402.4100847,0.001875162124633789
86309,normal,3445,0,1782359402.4121892,0.002104520797729492
86310,normal,2914,0,1782359402.4140668,0.0018775463104248047
86311,normal,780,2,1782359402.4161808,0.0021140575408935547
86312,normal,1787,0,1782359402.4180322,0.0018513202667236328
86313,normal,579,0,1782359402.4202075,0.0021753311157226562
86314,normal,2619,0,1782359402.42209,0.0018825531005859375
86315,normal,3303,1,1782359402.4242213,0.002131223678588867
86316,normal,1371,1,1782359402.426064,0.0018427371978759766
86317,normal,2480,0,1782359402.4281769,0.002112865447998047
86318,normal,3504,0,1782359402.430031,0.0018541812896728516
86319,normal,2056,0,1782359402.4322085,0.0021774768829345703
86320,normal,629,0,1782359402.4340932,0.0018846988677978516
86321,normal,193,0,1782359402.4361887,0.002095460891723633
86322,normal,3261,1,1782359402.438076,0.0018873214721679688
86323,normal,3670,0,1782359402.4401937,0.002117633819580078
86324,normal,2189,0,1782359402.442032,0.0018384456634521484
86325,normal,1081,0,1782359402.4440606,0.0020284652709960938
86326,normal,148,0,1782359402.446253,0.0021924972534179688
86327,normal,814,2,1782359402.4480348,0.0017817020416259766
86328,normal,833,2,1782359402.4502118,0.002177000045776367
86329,normal,1803,0,1782359402.4521084,0.0018966197967529297
86330,normal,2892,0,1782359402.45419,0.002081632614135742
86331,normal,1793,0,1782359402.4560618,0.0018718242645263672
86332,normal,1498,0,1782359402.4582107,0.002148866653442383
86333,normal,2077,0,1782359402.4600341,0.00182342529296875
86334,normal,620,0,1782359402.462212,0.0021779537200927734
86335,normal,2171,0,1782359402.4641154,0.0019032955169677734
86336,normal,3400,1,1782359402.466188,0.002072572708129883
86337,normal,2197,0,1782359402.468064,0.0018761157989501953
86338,normal,3062,1,1782359402.4702094,0.0021452903747558594
86339,normal,2430,0,1782359402.472036,0.0018265247344970703
86340,normal,1329,1,1782359402.4742198,0.0021839141845703125
86341,normal,1175,0,1782359402.4761493,0.0019295215606689453
86342,normal,3324,1,1782359402.4781935,0.002044200897216797
86343,normal,495,0,1782359402.4800606,0.001867055892944336
86344,normal,992,2,1782359402.4822087,0.002148151397705078
86345,normal,346,0,1782359402.484037,0.0018281936645507812
86346,normal,3311,1,1782359402.4862103,0.0021734237670898438
86347,normal,689,0,1782359402.488065,0.0018546581268310547
86348,normal,928,2,1782359402.4901865,0.002121448516845703
86349,normal,1552,0,1782359402.4920595,0.001873016357421875
86350,normal,995,2,1782359402.494211,0.0021514892578125
86351,normal,33,0,1782359402.4960375,0.0018265247344970703
86352,normal,2177,0,1782359402.4982085,0.002171039581298828
86353,normal,1897,0,1782359402.5000458,0.0018372535705566406
86354,normal,249,0,1782359402.5021873,0.0021414756774902344
86355,normal,3374,1,1782359402.5040603,0.001873016357421875
86356,normal,8,0,1782359402.50621,0.002149820327758789
86357,normal,28,0,1782359402.5080361,0.0018260478973388672
86358,normal,1143,0,1782359402.510213,0.0021767616271972656
86359,normal,2479,0,1782359402.5120463,0.0018334388732910156
86360,normal,2831,0,1782359402.5141854,0.0021390914916992188
86361,normal,1946,0,1782359402.5160697,0.0018842220306396484
86362,normal,3593,0,1782359402.5182343,0.002164602279663086
86363,normal,1378,1,1782359402.5200415,0.0018072128295898438
86364,normal,2502,0,1782359402.5221825,0.0021409988403320312
86365,normal,952,2,1782359402.5242164,0.0020339488983154297
86366,normal,2334,0,1782359402.5260487,0.0018322467803955078
86367,normal,9,0,1782359402.528216,0.002167224884033203
86368,normal,3547,0,1782359402.5300682,0.001852273941040039
86369,normal,1655,0,1782359402.5321925,0.002124309539794922
86370,normal,1209,0,1782359402.534064,0.0018715858459472656
86371,normal,943,2,1782359402.5362058,0.002141714096069336
86372,normal,1384,0,1782359402.5380359,0.0018301010131835938
86373,normal,2032,0,1782359402.540209,0.002173185348510742
86374,normal,2962,0,1782359402.5421343,0.0019252300262451172
86375,normal,3599,0,1782359402.5441906,0.0020563602447509766
86376,normal,213,0,1782359402.5460448,0.0018541812896728516
86377,normal,1201,0,1782359402.5482051,0.002160310745239258
86378,normal,1134,0,1782359402.5500383,0.001833200454711914
86379,normal,2870,0,1782359402.5522115,0.002173185348510742
86380,normal,1031,0,1782359402.5541394,0.0019278526306152344
86381,normal,2806,0,1782359402.5561943,0.002054929733276367
86382,normal,663,0,1782359402.5580473,0.0018529891967773438
86383,normal,3103,1,1782359402.560203,0.002155780792236328
86384,normal,3646,0,1782359402.5620375,0.0018343925476074219
86385,normal,1456,0,1782359402.5641844,0.0021469593048095703
86386,normal,3549,0,1782359402.5662103,0.0020258426666259766
86387,normal,3143,1,1782359402.5680397,0.001829385757446289
86388,normal,3176,1,1782359402.570179,0.0021393299102783203
86389,normal,3434,0,1782359402.5722044,0.0020253658294677734
86390,normal,2183,0,1782359402.5740368,0.0018324851989746094
86391,normal,71,0,1782359402.5762157,0.0021789073944091797
86392,normal,3147,1,1782359402.5781493,0.0019335746765136719
86393,normal,1965,0,1782359402.5801966,0.002047300338745117
86394,normal,273,0,1782359402.582071,0.0018744468688964844
86395,normal,1952,0,1782359402.5842092,0.0021381378173828125
86396,normal,265,0,1782359402.5860374,0.0018281936645507812
86397,normal,2702,0,1782359402.588206,0.0021686553955078125
86398,normal,2787,0,1782359402.5901208,0.0019147396087646484
86399,normal,731,0,1782359402.5921848,0.0020639896392822266
86400,normal,1002,2,1782359402.5940666,0.0018818378448486328
86401,normal,2748,0,1782359402.596209,0.0021424293518066406
86402,normal,3611,0,1782359402.5980365,0.0018274784088134766
86403,normal,360,0,1782359402.6002166,0.0021800994873046875
86404,normal,1062,0,1782359402.602072,0.0018553733825683594
86405,normal,1106,0,1782359402.6041865,0.002114534378051758
86406,normal,1513,0,1782359402.6060593,0.0018727779388427734
86407,normal,1079,0,1782359402.6082082,0.002148866653442383
86408,normal,98,0,1782359402.6100376,0.001829385757446289
86409,normal,239,0,1782359402.612211,0.0021734237670898438
86410,normal,2569,0,1782359402.6140795,0.0018684864044189453
86411,normal,91,0,1782359402.6161866,0.0021071434020996094
86412,normal,3059,1,1782359402.618059,0.0018723011016845703
86413,normal,2232,0,1782359402.620207,0.002148151397705078
86414,normal,2644,0,1782359402.622036,0.001828908920288086
86415,normal,166,0,1782359402.6242094,0.0021734237670898438
86416,normal,2716,0,1782359402.6260812,0.0018718242645263672
86417,normal,591,0,1782359402.6282055,0.002124309539794922
86418,normal,1595,0,1782359402.6300604,0.0018548965454101562
86419,normal,300,0,1782359402.6322112,0.0021507740020751953
86420,normal,3608,0,1782359402.6340427,0.0018315315246582031
86421,normal,3015,0,1782359402.6362083,0.002165555953979492
86422,normal,1401,0,1782359402.6380792,0.001870870590209961
86423,normal,1759,0,1782359402.6401823,0.002103090286254883
86424,normal,3473,0,1782359402.6420557,0.0018734931945800781
86425,normal,2906,0,1782359402.6442065,0.0021507740020751953
86426,normal,2925,0,1782359402.6460357,0.0018291473388671875
86427,normal,2525,0,1782359402.6482089,0.002173185348510742
86428,normal,1377,1,1782359402.6500905,0.0018815994262695312
86429,normal,1739,0,1782359402.6521897,0.002099275588989258
86430,normal,352,0,1782359402.654061,0.001871347427368164
86431,normal,519,0,1782359402.6562128,0.0021517276763916016
86432,normal,489,0,1782359402.6580367,0.0018239021301269531
86433,normal,3602,0,1782359402.6602142,0.0021774768829345703
86434,normal,3620,0,1782359402.6620908,0.0018765926361083984
86435,normal,2415,0,1782359402.664188,0.0020971298217773438
86436,normal,2348,0,1782359402.6660585,0.0018706321716308594
86437,normal,1492,0,1782359402.6681914,0.002132892608642578
86438,normal,2244,0,1782359402.6700351,0.0018436908721923828
86439,normal,3250,1,1782359402.672217,0.0021817684173583984
86440,normal,1723,0,1782359402.6740952,0.0018782615661621094
86441,normal,1971,0,1782359402.6761854,0.0020902156829833984
86442,normal,3512,0,1782359402.6780615,0.0018761157989501953
86443,normal,267,0,1782359402.6802254,0.0021638870239257812
86444,normal,3039,0,1782359402.6820385,0.0018131732940673828
86445,normal,789,2,1782359402.6842074,0.002168893814086914
86446,normal,666,0,1782359402.6861153,0.0019078254699707031
86447,normal,2550,0,1782359402.6881883,0.002073049545288086
86448,normal,36,0,1782359402.690064,0.0018756389617919922
86449,normal,3163,1,1782359402.6922526,0.0021886825561523438
86450,normal,1367,1,1782359402.694038,0.0017852783203125
86451,normal,547,0,1782359402.696216,0.002178192138671875
86452,normal,503,0,1782359402.6980815,0.001865386962890625
86453,normal,596,0,1782359402.7001948,0.00211334228515625
86454,normal,342,0,1782359402.7020752,0.0018804073333740234
86455,normal,3158,1,1782359402.704207,0.0021317005157470703
86456,normal,2747,0,1782359402.7060454,0.0018384456634521484
86457,normal,27,0,1782359402.7082028,0.002157449722290039
86458,normal,1298,0,1782359402.7101414,0.0019385814666748047
86459,normal,793,2,1782359402.7121937,0.00205230712890625
86460,normal,111,0,1782359402.714062,0.0018682479858398438
86461,normal,2885,0,1782359402.7162087,0.0021467208862304688
86462,normal,2089,0,1782359402.718034,0.0018253326416015625
86463,normal,3193,1,1782359402.7200654,0.0020313262939453125
86464,normal,3467,0,1782359402.7222028,0.002137422561645508
86465,normal,3423,0,1782359402.7240279,0.001825094223022461
86466,normal,541,0,1782359402.7260618,0.0020339488983154297
86467,normal,856,2,1782359402.728217,0.0021550655364990234
86468,normal,2239,0,1782359402.7300549,0.0018379688262939453
86469,normal,1678,0,1782359402.7321897,0.0021347999572753906
86470,normal,2726,0,1782359402.7341154,0.0019257068634033203
86471,normal,132,0,1782359402.7360368,0.0019214153289794922
86472,normal,3431,0,1782359402.7382061,0.002169370651245117
86473,normal,75,0,1782359402.740121,0.0019147396087646484
86474,normal,2252,0,1782359402.742028,0.0019071102142333984
86475,normal,697,0,1782359402.7441893,0.002161264419555664
86476,normal,3601,0,1782359402.7462094,0.002020120620727539
86477,normal,1411,0,1782359402.7480369,0.0018274784088134766
86478,normal,102,0,1782359402.750217,0.0021800994873046875
86479,normal,1206,0,1782359402.752123,0.0019061565399169922
86480,normal,1027,2,1782359402.754037,0.0019137859344482422
86481,normal,2443,0,1782359402.7561808,0.00214385986328125
86482,normal,3021,0,1782359402.7582042,0.002023458480834961
86483,normal,1755,0,1782359402.7600348,0.0018305778503417969
86484,normal,1841,0,1782359402.7622087,0.002173900604248047
86485,normal,455,0,1782359402.7641315,0.0019228458404541016
86486,normal,1820,0,1782359402.7660232,0.0018916130065917969
86487,normal,659,0,1782359402.768212,0.0021889209747314453
86488,normal,3364,1,1782359402.7701294,0.0019173622131347656
86489,normal,286,0,1782359402.7720382,0.0019087791442871094
86490,normal,3178,1,1782359402.7742121,0.002173900604248047
86491,normal,2595,0,1782359402.7761319,0.0019197463989257812
86492,normal,1474,0,1782359402.7780352,0.0019032955169677734
86493,normal,3505,0,1782359402.7801833,0.002148151397705078
86494,normal,1151,0,1782359402.7822049,0.0020215511322021484
86495,normal,1788,0,1782359402.7840226,0.0018177032470703125
86496,normal,1927,0,1782359402.7862053,0.0021827220916748047
86497,normal,2850,0,1782359402.7881367,0.0019314289093017578
86498,normal,796,2,1782359402.7900414,0.0019047260284423828
86499,normal,2214,0,1782359402.7921767,0.0021352767944335938
86500,normal,1999,0,1782359402.7941887,0.002012014389038086
86501,normal,1656,0,1782359402.7960353,0.0018465518951416016
86502,normal,2620,0,1782359402.7982068,0.0021715164184570312
86503,normal,1842,0,1782359402.8001397,0.0019328594207763672
86504,normal,474,0,1782359402.8020463,0.0019066333770751953
86505,normal,987,2,1782359402.8041766,0.002130270004272461
86506,normal,298,0,1782359402.8061447,0.0019681453704833984
86507,normal,2372,0,1782359402.8080344,0.0018897056579589844
86508,normal,2689,0,1782359402.810209,0.0021746158599853516
86509,normal,2779,0,1782359402.8121464,0.0019373893737792969
86510,normal,2160,0,1782359402.8140407,0.001894235610961914
86511,normal,392,0,1782359402.816176,0.0021352767944335938
86512,normal,3246,1,1782359402.8180513,0.0018754005432128906
86513,normal,2610,0,1782359402.820034,0.0019826889038085938
86514,normal,2784,0,1782359402.8222077,0.0021736621856689453
86515,normal,2346,0,1782359402.8241541,0.0019464492797851562
86516,normal,1548,0,1782359402.826037,0.001882791519165039
86517,normal,485,0,1782359402.8282022,0.0021653175354003906
86518,normal,2500,0,1782359402.8300564,0.0018541812896728516
86519,normal,635,0,1782359402.8320394,0.0019829273223876953
86520,normal,1110,0,1782359402.834226,0.0021865367889404297
86521,normal,3166,1,1782359402.836076,0.001850128173828125
86522,normal,1582,0,1782359402.8380284,0.0019524097442626953
86523,normal,2404,0,1782359402.840324,0.0022954940795898438
86524,normal,2514,0,1782359402.8420644,0.0017404556274414062
86525,normal,2968,0,1782359402.84402,0.0019555091857910156
86526,normal,572,0,1782359402.8460624,0.002042531967163086
86527,normal,2390,0,1782359402.8482087,0.0021462440490722656
86528,normal,1843,0,1782359402.8500419,0.001833200454711914
86529,normal,2515,0,1782359402.8521783,0.0021364688873291016
86530,normal,3621,0,1782359402.8542054,0.0020270347595214844
86531,normal,977,2,1782359402.856041,0.0018355846405029297
86532,normal,2519,0,1782359402.8582091,0.0021681785583496094
86533,normal,760,0,1782359402.8600736,0.0018644332885742188
86534,normal,2284,0,1782359402.8620396,0.0019659996032714844
86535,normal,3030,0,1782359402.8641794,0.0021398067474365234
86536,normal,3590,0,1782359402.8662062,0.002026796340942383
86537,normal,3067,1,1782359402.8680253,0.0018191337585449219
86538,normal,694,0,1782359402.8701746,0.002149343490600586
86539,normal,2325,0,1782359402.87221,0.002035379409790039
86540,normal,1559,0,1782359402.874039,0.001828908920288086
86541,normal,2897,0,1782359402.8761868,0.0021479129791259766
86542,normal,177,0,1782359402.8782043,0.002017498016357422
86543,normal,818,2,1782359402.8800359,0.0018315315246582031
86544,normal,15,0,1782359402.8822105,0.0021746158599853516
86545,normal,175,0,1782359402.8840828,0.0018723011016845703
86546,normal,3617,0,1782359402.8860412,0.0019583702087402344
86547,normal,3036,0,1782359402.8881793,0.0021381378173828125
86548,normal,1712,0,1782359402.8902066,0.002027273178100586
86549,normal,2711,0,1782359402.8920352,0.0018286705017089844
86550,normal,866,2,1782359402.8941863,0.002151012420654297
86551,normal,3692,0,1782359402.8960874,0.0019011497497558594
86552,normal,2700,0,1782359402.8980327,0.0019452571868896484
86553,normal,225,0,1782359402.900181,0.0021483898162841797
86554,normal,2655,0,1782359402.9022055,0.002024412155151367
86555,normal,896,2,1782359402.9040365,0.0018310546875
86556,normal,3649,0,1782359402.9062185,0.0021820068359375
86557,normal,1433,0,1782359402.9080944,0.0018758773803710938
86558,normal,84,0,1782359402.910018,0.0019235610961914062
86559,normal,3281,1,1782359402.9121792,0.002161264419555664
86560,normal,2035,0,1782359402.9142048,0.002025604248046875
86561,normal,419,0,1782359402.9160423,0.0018374919891357422
86562,normal,3420,0,1782359402.918188,0.0021457672119140625
86563,normal,2701,0,1782359402.920212,0.002023935317993164
86564,normal,1093,0,1782359402.9220378,0.0018258094787597656
86565,normal,407,0,1782359402.9241915,0.002153635025024414
86566,normal,1850,0,1782359402.9262073,0.002015829086303711
86567,normal,3678,0,1782359402.9280348,0.0018274784088134766
86568,normal,561,0,1782359402.930213,0.002178192138671875
86569,normal,107,0,1782359402.9321992,0.001986265182495117
86570,normal,2141,0,1782359402.9340446,0.0018453598022460938
86571,normal,2328,0,1782359402.9362,0.002155303955078125
86572,normal,961,2,1782359402.9381092,0.0019092559814453125
86573,normal,3056,1,1782359402.9400332,0.0019240379333496094
86574,normal,3129,1,1782359402.9422112,0.0021779537200927734
86575,normal,1355,1,1782359402.9441082,0.0018970966339111328
86576,normal,810,2,1782359402.9460413,0.0019330978393554688
86577,normal,1417,0,1782359402.948204,0.0021626949310302734
86578,normal,2166,0,1782359402.9502094,0.002005338668823242
86579,normal,892,2,1782359402.9520369,0.0018274784088134766
86580,normal,3419,0,1782359402.9542096,0.002172708511352539
86581,normal,615,0,1782359402.9561124,0.0019028186798095703
86582,normal,1336,1,1782359402.958028,0.0019156932830810547
86583,normal,972,2,1782359402.960204,0.0021758079528808594
86584,normal,1338,1,1782359402.9622076,0.0020036697387695312
86585,normal,2654,0,1782359402.9640377,0.0018301010131835938
86586,normal,1502,0,1782359402.9662116,0.002173900604248047
86587,normal,1010,2,1782359402.968118,0.0019063949584960938
86588,normal,1388,0,1782359402.970027,0.001909017562866211
86589,normal,2622,0,1782359402.9722104,0.0021834373474121094
86590,normal,2564,0,1782359402.9741185,0.0019080638885498047
86591,normal,2460,0,1782359402.9760356,0.001917123794555664
86592,normal,1944,0,1782359402.9782093,0.0021736621856689453
86593,normal,1647,0,1782359402.980122,0.001912832260131836
86594,normal,442,0,1782359402.98203,0.0019078254699707031
86595,normal,3627,0,1782359402.984218,0.002187967300415039
86596,normal,2707,0,1782359402.986125,0.0019071102142333984
86597,normal,2132,0,1782359402.9880443,0.0019192695617675781
86598,normal,57,0,1782359402.990209,0.0021648406982421875
86599,normal,1056,0,1782359402.9921048,0.0018956661224365234
86600,normal,2044,0,1782359402.9940588,0.0019540786743164062
86601,normal,2310,0,1782359402.9962208,0.0021619796752929688
86602,normal,1622,0,1782359402.9981256,0.0019047260284423828
86603,normal,1204,0,1782359403.0001986,0.002073049545288086
86604,normal,1107,0,1782359403.0020623,0.001863718032836914
86605,normal,2878,0,1782359403.004212,0.0021495819091796875
86606,normal,1241,0,1782359403.0060337,0.001821756362915039
86607,normal,2215,0,1782359403.0081942,0.0021605491638183594
86608,normal,586,0,1782359403.0101316,0.0019373893737792969
86609,normal,2742,0,1782359403.0120668,0.0019352436065673828
86610,normal,347,0,1782359403.0141895,0.002122640609741211
86611,normal,2013,0,1782359403.0161803,0.001990795135498047
86612,normal,50,0,1782359403.0180345,0.0018541812896728516
86613,normal,3448,0,1782359403.0202074,0.0021729469299316406
86614,normal,325,0,1782359403.0222049,0.0019974708557128906
86615,normal,1282,0,1782359403.024045,0.0018401145935058594
86616,normal,1029,2,1782359403.0261874,0.0021424293518066406
86617,normal,2942,0,1782359403.0281858,0.001998424530029297
86618,normal,2288,0,1782359403.0300329,0.0018470287322998047
86619,normal,3497,0,1782359403.0322094,0.002176523208618164
86620,normal,1851,0,1782359403.0342171,0.002007722854614258
86621,normal,1806,0,1782359403.0360467,0.0018296241760253906
86622,normal,514,0,1782359403.0382154,0.0021686553955078125
86623,normal,1943,0,1782359403.0400474,0.0018320083618164062
86624,normal,665,0,1782359403.0420372,0.0019898414611816406
86625,normal,214,0,1782359403.044209,0.002171754837036133
86626,normal,964,2,1782359403.046207,0.0019979476928710938
86627,normal,842,2,1782359403.0480351,0.0018281936645507812
86628,normal,2140,0,1782359403.0502093,0.0021741390228271484
86629,normal,1409,0,1782359403.052061,0.001851797103881836
86630,normal,2669,0,1782359403.0542228,0.002161741256713867
86631,normal,560,0,1782359403.0560634,0.0018405914306640625
86632,normal,1314,0,1782359403.058207,0.0021436214447021484
86633,normal,769,0,1782359403.0600593,0.001852273941040039
86634,normal,1570,0,1782359403.062221,0.002161741256713867
86635,normal,406,0,1782359403.0640752,0.0018541812896728516
86636,normal,1051,0,1782359403.0661874,0.002112150192260742
86637,normal,2566,0,1782359403.0680628,0.0018754005432128906
86638,normal,1196,0,1782359403.0702102,0.0021474361419677734
86639,normal,695,0,1782359403.0720372,0.0018270015716552734
86640,normal,631,0,1782359403.0742095,0.002172231674194336
86641,normal,477,0,1782359403.076079,0.0018694400787353516
86642,normal,2939,0,1782359403.0781848,0.0021059513092041016
86643,normal,2345,0,1782359403.0800607,0.0018758773803710938
86644,normal,2721,0,1782359403.082218,0.0021572113037109375
86645,normal,3389,1,1782359403.084037,0.0018191337585449219
86646,normal,3137,1,1782359403.0862117,0.0021746158599853516
86647,normal,261,0,1782359403.0880797,0.0018680095672607422
86648,normal,2411,0,1782359403.0901892,0.002109527587890625
86649,normal,1790,0,1782359403.092062,0.0018727779388427734
86650,normal,2091,0,1782359403.0942268,0.0021648406982421875
86651,normal,1836,0,1782359403.0960333,0.001806497573852539
86652,normal,3551,0,1782359403.0982113,0.0021779537200927734
86653,normal,2858,0,1782359403.1000967,0.0018854141235351562
86654,normal,682,0,1782359403.1021929,0.0020961761474609375
86655,normal,1273,0,1782359403.104064,0.0018711090087890625
86656,normal,3415,0,1782359403.1062102,0.0021462440490722656
86657,normal,1627,0,1782359403.1080356,0.0018253326416015625
86658,normal,1304,0,1782359403.1102183,0.0021827220916748047
86659,normal,1691,0,1782359403.1121001,0.0018818378448486328
86660,normal,882,2,1782359403.1141882,0.0020880699157714844
86661,normal,3437,0,1782359403.1160612,0.001873016357421875
86662,normal,3032,0,1782359403.1182115,0.002150297164916992
86663,normal,321,0,1782359403.1200366,0.001825094223022461
86664,normal,137,0,1782359403.1222215,0.0021848678588867188
86665,normal,1708,0,1782359403.1240923,0.001870870590209961
86666,normal,1826,0,1782359403.126189,0.0020966529846191406
86667,normal,3432,0,1782359403.1280644,0.0018754005432128906
86668,normal,29,0,1782359403.1302128,0.0021483898162841797
86669,normal,311,0,1782359403.1320355,0.0018227100372314453
86670,normal,3064,1,1782359403.134212,0.002176523208618164
86671,normal,317,0,1782359403.1361034,0.0018913745880126953
86672,normal,1543,0,1782359403.1381893,0.0020859241485595703
86673,normal,2046,0,1782359403.140068,0.0018787384033203125
86674,normal,1821,0,1782359403.1422122,0.0021440982818603516
86675,normal,861,2,1782359403.1440358,0.0018236637115478516
86676,normal,2876,0,1782359403.1462135,0.002177715301513672
86677,normal,2719,0,1782359403.148101,0.0018875598907470703
86678,normal,1383,0,1782359403.1501899,0.002088785171508789
86679,normal,2320,0,1782359403.152065,0.001875162124633789
86680,normal,49,0,1782359403.154206,0.0021409988403320312
86681,normal,3575,0,1782359403.1560311,0.001825094223022461
86682,normal,921,2,1782359403.1580846,0.002053499221801758
86683,normal,159,0,1782359403.1602197,0.002135038375854492
86684,normal,1663,0,1782359403.162043,0.00182342529296875
86685,normal,1642,0,1782359403.1642144,0.0021712779998779297
86686,normal,1714,0,1782359403.166037,0.0018227100372314453
86687,normal,3033,0,1782359403.1681907,0.002153635025024414
86688,normal,465,0,1782359403.1700876,0.0018968582153320312
86689,normal,900,2,1782359403.1722713,0.002183675765991211
86690,normal,2631,0,1782359403.1740744,0.0018031597137451172
86691,normal,1954,0,1782359403.1762338,0.0021593570709228516
86692,normal,408,0,1782359403.1782064,0.001972675323486328
86693,normal,254,0,1782359403.1802595,0.0020530223846435547
86694,normal,4,0,1782359403.1822076,0.0019481182098388672
86695,normal,2666,0,1782359403.1843636,0.0021560192108154297
86696,normal,3616,0,1782359403.1860914,0.0017278194427490234
86697,normal,1108,0,1782359403.188349,0.0022575855255126953
86698,normal,1847,0,1782359403.1902447,0.0018956661224365234
86699,normal,1024,2,1782359403.1922305,0.001985788345336914
86700,normal,981,2,1782359403.1942089,0.0019783973693847656
86701,normal,19,0,1782359403.1963654,0.002156496047973633
86702,normal,942,2,1782359403.198092,0.0017266273498535156
86703,normal,1427,0,1782359403.2003856,0.0022935867309570312
86704,normal,701,0,1782359403.2022147,0.0018291473388671875
86705,normal,1555,0,1782359403.2042415,0.002026796340942383
86706,normal,1400,0,1782359403.2062073,0.001965761184692383
86707,normal,2237,0,1782359403.2083673,0.0021600723266601562
86708,normal,3325,1,1782359403.2100887,0.0017213821411132812
86709,normal,1876,0,1782359403.21239,0.0023012161254882812
86710,normal,3343,1,1782359403.2142146,0.0018246173858642578
86711,normal,3516,0,1782359403.2162485,0.0020339488983154297
86712,normal,1776,0,1782359403.2182221,0.0019736289978027344
86713,normal,1811,0,1782359403.2203636,0.0021414756774902344
86714,normal,1521,0,1782359403.2220964,0.0017328262329101562
86715,normal,188,0,1782359403.2243922,0.0022957324981689453
86716,normal,3090,1,1782359403.226225,0.001832723617553711
86717,normal,1482,0,1782359403.2280934,0.0018684864044189453
86718,normal,1019,2,1782359403.2303617,0.0022683143615722656
86719,normal,2686,0,1782359403.232269,0.0019073486328125
86720,normal,3197,1,1782359403.2342465,0.0019774436950683594
86721,normal,3362,1,1782359403.2362673,0.0020208358764648438
86722,normal,2380,0,1782359403.2383707,0.0021033287048339844
86723,normal,2602,0,1782359403.2400951,0.0017244815826416016
86724,normal,2745,0,1782359403.2423873,0.002292156219482422
86725,normal,92,0,1782359403.2442775,0.0018901824951171875
86726,normal,3644,0,1782359403.2461,0.0018224716186523438
86727,normal,1870,0,1782359403.248357,0.002257108688354492
86728,normal,1278,0,1782359403.2502165,0.001859426498413086
86729,normal,3280,1,1782359403.2522457,0.0020291805267333984
86730,normal,1235,0,1782359403.2542257,0.0019800662994384766
86731,normal,87,0,1782359403.2564046,0.0021789073944091797
86732,normal,965,2,1782359403.2581153,0.001710653305053711
86733,normal,978,2,1782359403.26039,0.002274751663208008
86734,normal,16,0,1782359403.262268,0.0018780231475830078
86735,normal,912,2,1782359403.2642274,0.0019593238830566406
86736,normal,3654,0,1782359403.2662246,0.001997232437133789
86737,normal,3513,0,1782359403.2683604,0.002135753631591797
86738,normal,34,0,1782359403.2700968,0.0017364025115966797
86739,normal,3217,1,1782359403.2723901,0.0022933483123779297
86740,normal,2539,0,1782359403.274216,0.0018258094787597656
86741,normal,1146,0,1782359403.2762263,0.002010345458984375
86742,normal,1348,1,1782359403.2782247,0.001998424530029297
86743,normal,2293,0,1782359403.2803602,0.0021355152130126953
86744,normal,1773,0,1782359403.2820997,0.001739501953125
86745,normal,3487,0,1782359403.2843847,0.002285003662109375
86746,normal,2933,0,1782359403.286284,0.0018992424011230469
86747,normal,1048,0,1782359403.2882524,0.0019683837890625
86748,normal,1898,0,1782359403.2902114,0.001959085464477539
86749,normal,425,0,1782359403.2924213,0.002209901809692383
86750,normal,3606,0,1782359403.2940958,0.0016744136810302734
86751,normal,2300,0,1782359403.2963998,0.0023040771484375
86752,normal,1562,0,1782359403.2982407,0.001840829849243164
86753,normal,2350,0,1782359403.3002388,0.0019981861114501953
86754,normal,2848,0,1782359403.3022113,0.0019724369049072266
86755,normal,3128,1,1782359403.3043625,0.0021512508392333984
86756,normal,2155,0,1782359403.3062932,0.0019307136535644531
86757,normal,3213,1,1782359403.3082216,0.0019283294677734375
86758,normal,3351,1,1782359403.3104165,0.0021948814392089844
86759,normal,3358,1,1782359403.3120875,0.0016710758209228516
86760,normal,784,2,1782359403.3143914,0.0023038387298583984
86761,normal,1052,0,1782359403.316215,0.0018236637115478516
86762,normal,368,0,1782359403.3182492,0.0020341873168945312
86763,normal,3386,1,1782359403.3202128,0.0019636154174804688
86764,normal,3016,0,1782359403.3223586,0.0021457672119140625
86765,normal,3450,0,1782359403.3240914,0.0017328262329101562
86766,normal,1186,0,1782359403.326415,0.002323627471923828
86767,normal,696,0,1782359403.3282225,0.0018074512481689453
86768,normal,1408,0,1782359403.330261,0.0020384788513183594
86769,normal,272,0,1782359403.3322153,0.001954317092895508
86770,normal,677,0,1782359403.3343751,0.0021598339080810547
86771,normal,1011,2,1782359403.336096,0.0017209053039550781
86772,normal,421,0,1782359403.3383818,0.0022857189178466797
86773,normal,3058,1,1782359403.3402145,0.001832723617553711
86774,normal,3529,0,1782359403.3422494,0.002034902572631836
86775,normal,129,0,1782359403.3442135,0.001964092254638672
86776,normal,3077,1,1782359403.3463643,0.0021507740020751953
86777,normal,1919,0,1782359403.3480883,0.0017240047454833984
86778,normal,776,2,1782359403.350083,0.0019948482513427734
86779,normal,2485,0,1782359403.3520985,0.002015352249145508
86780,normal,3305,1,1782359403.3540802,0.0019817352294921875
86781,normal,613,0,1782359403.356183,0.0021028518676757812
86782,normal,1848,0,1782359403.358078,0.0018949508666992188
86783,normal,2879,0,1782359403.3601823,0.0021042823791503906
86784,normal,2964,0,1782359403.3620315,0.0018491744995117188
86785,normal,2606,0,1782359403.3642366,0.0022051334381103516
86786,normal,2663,0,1782359403.3660488,0.0018122196197509766
86787,normal,1682,0,1782359403.368181,0.0021321773529052734
86788,normal,3087,1,1782359403.3700829,0.001901865005493164
86789,normal,3114,1,1782359403.3721836,0.002100706100463867
86790,normal,791,2,1782359403.374038,0.0018544197082519531
86791,normal,316,0,1782359403.3762438,0.0022058486938476562
86792,normal,605,0,1782359403.3780305,0.0017867088317871094
86793,normal,1451,0,1782359403.3801892,0.002158641815185547
86794,normal,1866,0,1782359403.3820937,0.0019044876098632812
86795,normal,2064,0,1782359403.384151,0.002057313919067383
86796,normal,1935,0,1782359403.3860352,0.0018842220306396484
86797,normal,3052,1,1782359403.3881812,0.002146005630493164
86798,normal,956,2,1782359403.390034,0.0018527507781982422
86799,normal,1929,0,1782359403.3921845,0.0021505355834960938
86800,normal,1580,0,1782359403.394097,0.0019125938415527344
86801,normal,1118,0,1782359403.3961518,0.0020546913146972656
86802,normal,2452,0,1782359403.3980336,0.0018818378448486328
86803,normal,1159,0,1782359403.40025,0.002216339111328125
86804,normal,313,0,1782359403.402033,0.001783132553100586
86805,normal,2026,0,1782359403.4041824,0.002149343490600586
86806,normal,1877,0,1782359403.4060977,0.0019152164459228516
86807,normal,2727,0,1782359403.4081466,0.002048969268798828
86808,normal,3334,1,1782359403.4100306,0.0018839836120605469
86809,normal,2014,0,1782359403.412173,0.0021424293518066406
86810,normal,3640,0,1782359403.4140475,0.0018744468688964844
86811,normal,2958,0,1782359403.416182,0.002134561538696289
86812,normal,3583,0,1782359403.4181082,0.0019261837005615234
86813,normal,411,0,1782359403.42015,0.0020418167114257812
86814,normal,1382,0,1782359403.4220355,0.0018854141235351562
86815,normal,444,0,1782359403.4241872,0.0021517276763916016
86816,normal,1034,0,1782359403.4260252,0.0018379688262939453
86817,normal,1257,0,1782359403.4280384,0.0020132064819335938
86818,normal,2241,0,1782359403.4302623,0.002223968505859375
86819,normal,838,2,1782359403.4320345,0.001772165298461914
86820,normal,641,0,1782359403.434171,0.0021364688873291016
86821,normal,1226,0,1782359403.436123,0.0019519329071044922
86822,normal,2065,0,1782359403.4381795,0.002056598663330078
86823,normal,3249,1,1782359403.4400654,0.0018858909606933594
86824,normal,2788,0,1782359403.4421735,0.0021080970764160156
86825,normal,1231,0,1782359403.4440315,0.0018579959869384766
86826,normal,3652,0,1782359403.4461753,0.00214385986328125
86827,normal,2431,0,1782359403.448116,0.0019407272338867188
86828,normal,3511,0,1782359403.450181,0.002064943313598633
86829,normal,1350,1,1782359403.45204,0.0018589496612548828
86830,normal,304,0,1782359403.4541726,0.0021326541900634766
86831,normal,2718,0,1782359403.4560356,0.0018630027770996094
86832,normal,2816,0,1782359403.4581804,0.0021448135375976562
86833,normal,2133,0,1782359403.46012,0.001939535140991211
86834,normal,2723,0,1782359403.4621732,0.0020532608032226562
86835,normal,351,0,1782359403.4640303,0.0018570423126220703
86836,normal,2291,0,1782359403.4661744,0.0021440982818603516
86837,normal,79,0,1782359403.4680297,0.0018553733825683594
86838,normal,3499,0,1782359403.4701896,0.0021598339080810547
86839,normal,2470,0,1782359403.472072,0.001882314682006836
86840,normal,822,2,1782359403.4742086,0.002136707305908203
86841,normal,362,0,1782359403.4760363,0.0018277168273925781
86842,normal,2147,0,1782359403.4781868,0.0021505355834960938
86843,normal,2318,0,1782359403.4800313,0.0018444061279296875
86844,normal,344,0,1782359403.4821854,0.002154111862182617
86845,normal,3266,1,1782359403.4840539,0.0018684864044189453
86846,normal,2677,0,1782359403.4860346,0.0019807815551757812
86847,normal,1840,0,1782359403.4881709,0.00213623046875
86848,normal,1176,0,1782359403.490039,0.0018682479858398438
86849,normal,1300,0,1782359403.4921587,0.0021195411682128906
86850,normal,1100,0,1782359403.4940367,0.0018780231475830078
86851,normal,2112,0,1782359403.496184,0.0021474361419677734
86852,normal,1442,0,1782359403.4980311,0.0018470287322998047
86853,normal,1601,0,1782359403.500265,0.002233743667602539
86854,normal,2510,0,1782359403.5020561,0.001791238784790039
86855,normal,1225,0,1782359403.5041718,0.0021157264709472656
86856,normal,3558,0,1782359403.5059788,0.0018069744110107422
86857,normal,2137,0,1782359403.508019,0.0020401477813720703
86858,normal,3110,1,1782359403.509976,0.001956939697265625
86859,normal,806,2,1782359403.5120244,0.002048492431640625
86860,normal,2200,0,1782359403.5140316,0.0020072460174560547
86861,normal,1073,0,1782359403.5159833,0.0019516944885253906
86862,normal,1251,0,1782359403.5180209,0.002037525177001953
86863,normal,1004,2,1782359403.520044,0.0020232200622558594
86864,normal,3560,0,1782359403.5219707,0.0019266605377197266
86865,normal,2672,0,1782359403.5240214,0.002050638198852539
86866,normal,832,2,1782359403.5260334,0.002012014389038086
86867,normal,2211,0,1782359403.527974,0.0019404888153076172
86868,normal,2104,0,1782359403.5300927,0.002118825912475586
86869,normal,2488,0,1782359403.532039,0.0019462108612060547
86870,normal,2312,0,1782359403.5339687,0.0019297599792480469
86871,normal,123,0,1782359403.5360236,0.002054929733276367
86872,normal,472,0,1782359403.538032,0.0020084381103515625
86873,normal,2676,0,1782359403.5399787,0.0019466876983642578
86874,normal,1454,0,1782359403.541971,0.0019922256469726562
86875,normal,2148,0,1782359403.5440297,0.002058744430541992
86876,normal,2694,0,1782359403.5459676,0.0019378662109375
86877,normal,1342,1,1782359403.54802,0.00205230712890625
86878,normal,578,0,1782359403.550027,0.002007007598876953
86879,normal,722,0,1782359403.55198,0.001953125
86880,normal,2444,0,1782359403.554023,0.002043008804321289
86881,normal,268,0,1782359403.5560253,0.002002239227294922
86882,normal,3017,0,1782359403.557967,0.001941680908203125
86883,normal,2945,0,1782359403.560027,0.0020599365234375
86884,normal,2405,0,1782359403.5620294,0.0020024776458740234
86885,normal,296,0,1782359403.5639696,0.0019402503967285156
86886,normal,40,0,1782359403.566026,0.0020563602447509766
86887,normal,3367,1,1782359403.5680323,0.0020062923431396484
86888,normal,1296,0,1782359403.5699785,0.0019462108612060547
86889,normal,3395,1,1782359403.5720396,0.002061128616333008
86890,normal,1618,0,1782359403.574039,0.001999378204345703
86891,normal,683,0,1782359403.5759661,0.0019271373748779297
86892,normal,1013,2,1782359403.5780299,0.002063751220703125
86893,normal,2494,0,1782359403.580026,0.0019960403442382812
86894,normal,1831,0,1782359403.5819721,0.0019462108612060547
86895,normal,1407,0,1782359403.5840178,0.0020456314086914062
86896,normal,962,2,1782359403.5860288,0.0020110607147216797
86897,normal,568,0,1782359403.5879703,0.0019414424896240234
86898,normal,2612,0,1782359403.5900168,0.0020465850830078125
86899,normal,2934,0,1782359403.5920289,0.002012014389038086
86900,normal,803,2,1782359403.5939693,0.0019404888153076172
86901,normal,2454,0,1782359403.596016,0.0020465850830078125
86902,normal,590,0,1782359403.59803,0.00201416015625
86903,normal,284,0,1782359403.5999908,0.00196075439453125
86904,normal,1583,0,1782359403.602022,0.002031087875366211
86905,normal,2260,0,1782359403.6040292,0.0020072460174560547
86906,normal,3348,1,1782359403.6059673,0.0019381046295166016
86907,normal,2384,0,1782359403.6080306,0.002063274383544922
86908,normal,3095,1,1782359403.6100254,0.0019948482513427734
86909,normal,1361,1,1782359403.6119702,0.0019447803497314453
86910,normal,3576,0,1782359403.6140163,0.0020461082458496094
86911,normal,3188,1,1782359403.6160257,0.0020093917846679688
86912,normal,947,2,1782359403.6179733,0.001947641372680664
86913,normal,2901,0,1782359403.6200254,0.0020520687103271484
86914,normal,3009,0,1782359403.6220284,0.0020029544830322266
86915,normal,2545,0,1782359403.6239688,0.0019404888153076172
86916,normal,2947,0,1782359403.626042,0.002073049545288086
86917,normal,3287,1,1782359403.628027,0.0019850730895996094
86918,normal,1309,0,1782359403.6299732,0.0019462108612060547
86919,normal,400,0,1782359403.6320198,0.0020465850830078125
86920,normal,2531,0,1782359403.6340265,0.0020067691802978516
86921,normal,1311,0,1782359403.6360207,0.0019941329956054688
86922,normal,3388,1,1782359403.6379797,0.001959085464477539
86923,normal,2535,0,1782359403.6400232,0.002043485641479492
86924,normal,781,2,1782359403.6419668,0.0019435882568359375
86925,normal,3701,0,1782359403.6440206,0.0020537376403808594
86926,normal,1983,0,1782359403.6460278,0.0020072460174560547
86927,normal,1438,0,1782359403.647982,0.0019540786743164062
86928,normal,2492,0,1782359403.6500287,0.002046823501586914
86929,normal,1022,2,1782359403.6520262,0.0019974708557128906
86930,normal,361,0,1782359403.653978,0.0019519329071044922
86931,normal,3224,1,1782359403.6560204,0.0020422935485839844
86932,normal,1909,0,1782359403.6580362,0.002015829086303711
86933,normal,3112,1,1782359403.6599698,0.0019335746765136719
86934,normal,2555,0,1782359403.6620245,0.0020546913146972656
86935,normal,3596,0,1782359403.6640203,0.0019958019256591797
86936,normal,1147,0,1782359403.6660292,0.0020089149475097656
86937,normal,684,0,1782359403.6679995,0.0019702911376953125
86938,normal,2290,0,1782359403.6700246,0.002025127410888672
86939,normal,2802,0,1782359403.6719732,0.0019485950469970703
86940,normal,719,0,1782359403.6740272,0.002053976058959961
86941,normal,1230,0,1782359403.6760213,0.0019941329956054688
86942,normal,2580,0,1782359403.677971,0.0019495487213134766
86943,normal,1322,1,1782359403.6800334,0.002062559127807617
86944,normal,741,0,1782359403.6820192,0.001985788345336914
86945,normal,1778,0,1782359403.6840184,0.0019991397857666016
86946,normal,2720,0,1782359403.686029,0.0020105838775634766
86947,normal,283,0,1782359403.688032,0.0020029544830322266
86948,normal,1245,0,1782359403.689968,0.001936197280883789
86949,normal,3520,0,1782359403.692033,0.002064943313598633
86950,normal,2088,0,1782359403.6940181,0.0019850730895996094
86951,normal,2421,0,1782359403.6960444,0.0020263195037841797
86952,normal,2182,0,1782359403.697985,0.0019404888153076172
86953,normal,381,0,1782359403.7000222,0.0020372867584228516
86954,normal,51,0,1782359403.701976,0.0019538402557373047
86955,normal,1315,0,1782359403.7041886,0.0022125244140625
86956,normal,549,0,1782359403.7061956,0.002007007598876953
86957,normal,3345,1,1782359403.7080395,0.0018439292907714844
86958,normal,2412,0,1782359403.710239,0.002199411392211914
86959,normal,1500,0,1782359403.7121284,0.0018894672393798828
86960,normal,220,0,1782359403.7141614,0.0020329952239990234
86961,normal,2397,0,1782359403.7160385,0.0018770694732666016
86962,normal,779,2,1782359403.7181911,0.002152681350708008
86963,normal,3272,1,1782359403.72004,0.0018489360809326172
86964,normal,2433,0,1782359403.7221923,0.0021522045135498047
86965,normal,3214,1,1782359403.7240527,0.0018603801727294922
86966,normal,2955,0,1782359403.7261581,0.0021054744720458984
86967,normal,3044,0,1782359403.728037,0.001878976821899414
86968,normal,1071,0,1782359403.7302444,0.0022072792053222656
86969,normal,2047,0,1782359403.732037,0.0017926692962646484
86970,normal,3220,1,1782359403.7341986,0.0021615028381347656
86971,normal,481,0,1782359403.7360506,0.0018520355224609375
86972,normal,2053,0,1782359403.738192,0.0021414756774902344
86973,normal,2449,0,1782359403.740038,0.0018458366394042969
86974,normal,2153,0,1782359403.7421885,0.0021505355834960938
86975,normal,2496,0,1782359403.744039,0.0018506050109863281
86976,normal,655,0,1782359403.7461894,0.002150297164916992
86977,normal,3693,0,1782359403.7480488,0.001859426498413086
86978,normal,656,0,1782359403.7501926,0.00214385986328125
86979,normal,2468,0,1782359403.7520368,0.001844167709350586
86980,normal,966,2,1782359403.754208,0.0021712779998779297
86981,normal,53,0,1782359403.7560527,0.001844644546508789
86982,normal,2403,0,1782359403.758203,0.002150297164916992
86983,normal,3307,1,1782359403.7600505,0.0018475055694580078
86984,normal,906,2,1782359403.7620382,0.0019876956939697266
86985,normal,3031,0,1782359403.7642014,0.0021631717681884766
86986,normal,3057,1,1782359403.7660577,0.0018563270568847656
86987,normal,3526,0,1782359403.768039,0.0019812583923339844
86988,normal,1272,0,1782359403.7702103,0.0021712779998779297
86989,normal,35,0,1782359403.7720563,0.0018460750579833984
86990,normal,2471,0,1782359403.7740374,0.001981019973754883
86991,normal,2311,0,1782359403.776212,0.0021746158599853516
86992,normal,1791,0,1782359403.778061,0.0018489360809326172
86993,normal,3194,1,1782359403.7801871,0.0021262168884277344
86994,normal,3496,0,1782359403.782036,0.0018489360809326172
86995,normal,256,0,1782359403.784222,0.002185821533203125
86996,normal,1009,2,1782359403.786035,0.0018131732940673828
86997,normal,986,2,1782359403.7881963,0.002161264419555664
86998,normal,577,0,1782359403.790065,0.0018687248229980469
86999,normal,3453,0,1782359403.7921944,0.0021293163299560547
87000,normal,2370,0,1782359403.7940364,0.0018420219421386719
87001,normal,539,0,1782359403.7962284,0.0021920204162597656
87002,normal,3155,1,1782359403.798041,0.0018126964569091797
87003,normal,2798,0,1782359403.8001943,0.002153158187866211
87004,normal,1169,0,1782359403.8020723,0.0018780231475830078
87005,normal,3323,1,1782359403.8040466,0.001974344253540039
87006,normal,525,0,1782359403.8061914,0.0021448135375976562
87007,normal,2544,0,1782359403.8080742,0.001882791519165039
87008,normal,508,0,1782359403.8101697,0.002095460891723633
87009,normal,1532,0,1782359403.812032,0.0018622875213623047
87010,normal,617,0,1782359403.8142326,0.002200603485107422
87011,normal,2469,0,1782359403.816038,0.0018053054809570312
87012,normal,2812,0,1782359403.8181872,0.002149343490600586
87013,normal,3207,1,1782359403.8201137,0.001926422119140625
87014,normal,2744,0,1782359403.8220365,0.0019228458404541016
87015,normal,1810,0,1782359403.8241937,0.0021572113037109375
87016,normal,3394,1,1782359403.8260758,0.0018820762634277344
87017,normal,2793,0,1782359403.828191,0.0021152496337890625
87018,normal,1818,0,1782359403.830049,0.0018579959869384766
87019,normal,1097,0,1782359403.8322399,0.002190828323364258
87020,normal,207,0,1782359403.8340378,0.0017979145050048828
87021,normal,2439,0,1782359403.8361993,0.0021615028381347656
87022,normal,1852,0,1782359403.8380919,0.0018925666809082031
87023,normal,3330,1,1782359403.8401663,0.0020744800567626953
87024,normal,152,0,1782359403.8420491,0.001882791519165039
87025,normal,1766,0,1782359403.8442464,0.002197265625
87026,normal,1957,0,1782359403.8460395,0.0017931461334228516
87027,normal,3703,0,1782359403.848195,0.0021555423736572266
87028,normal,1907,0,1782359403.8500912,0.0018961429595947266
87029,normal,1449,0,1782359403.852198,0.0021066665649414062
87030,normal,702,0,1782359403.8540428,0.0018448829650878906
87031,normal,1444,0,1782359403.8562508,0.0022079944610595703
87032,normal,1087,0,1782359403.8580308,0.0017800331115722656
87033,normal,837,2,1782359403.8601952,0.0021643638610839844
87034,normal,1537,0,1782359403.8620567,0.001861572265625
87035,normal,2272,0,1782359403.8640401,0.0019834041595458984
87036,normal,611,0,1782359403.8661892,0.0021491050720214844
87037,normal,3704,0,1782359403.8680997,0.0019104480743408203
87038,normal,293,0,1782359403.8701708,0.0020711421966552734
87039,normal,1973,0,1782359403.8720393,0.0018684864044189453
87040,normal,2427,0,1782359403.8742557,0.002216339111328125
87041,normal,1321,1,1782359403.8760445,0.0017888545989990234
87042,normal,2230,0,1782359403.8781922,0.002147674560546875
87043,normal,1458,0,1782359403.8801043,0.0019121170043945312
87044,normal,1572,0,1782359403.8821762,0.002071857452392578
87045,normal,3553,0,1782359403.8840375,0.0018613338470458984
87046,normal,89,0,1782359403.8862634,0.0022258758544921875
87047,normal,976,2,1782359403.8880377,0.0017743110656738281
87048,normal,3566,0,1782359403.8901935,0.002155780792236328
87049,normal,438,0,1782359403.8921049,0.0019114017486572266
87050,normal,3082,1,1782359403.8941693,0.0020644664764404297
87051,normal,3396,1,1782359403.8960378,0.0018684864044189453
87052,normal,1302,0,1782359403.8982687,0.0022308826446533203
87053,normal,601,0,1782359403.9000363,0.0017676353454589844
87054,normal,3054,1,1782359403.9021962,0.0021598339080810547
87055,normal,3700,0,1782359403.9041097,0.0019135475158691406
87056,normal,1839,0,1782359403.9061668,0.0020570755004882812
87057,normal,2698,0,1782359403.9080412,0.0018744468688964844
87058,normal,2601,0,1782359403.910272,0.0022306442260742188
87059,normal,1969,0,1782359403.912045,0.0017731189727783203
87060,normal,1281,0,1782359403.914192,0.0021469593048095703
87061,normal,2360,0,1782359403.9161184,0.001926422119140625
87062,normal,669,0,1782359403.9181888,0.0020704269409179688
87063,normal,206,0,1782359403.9200468,0.0018579959869384766
87064,normal,2851,0,1782359403.922189,0.002142190933227539
87065,normal,3383,1,1782359403.9240425,0.0018534660339355469
87066,normal,488,0,1782359403.9261925,0.0021500587463378906
87067,normal,3427,0,1782359403.9281197,0.0019271373748779297
87068,normal,2692,0,1782359403.9302201,0.0021004676818847656
87069,normal,1083,0,1782359403.9320514,0.0018312931060791016
87070,normal,1114,0,1782359403.9341915,0.002140045166015625
87071,normal,1491,0,1782359403.9360535,0.0018620491027832031
87072,normal,1880,0,1782359403.938192,0.002138376235961914
87073,normal,217,0,1782359403.9401248,0.0019328594207763672
87074,normal,1925,0,1782359403.9421911,0.002066373825073242
87075,normal,232,0,1782359403.944046,0.0018548965454101562
87076,normal,820,2,1782359403.946201,0.0021550655364990234
87077,normal,1372,1,1782359403.9480836,0.0018825531005859375
87078,normal,891,2,1782359403.9502027,0.0021190643310546875
87079,normal,867,2,1782359403.9520621,0.001859426498413086
87080,normal,2883,0,1782359403.954055,0.001992940902709961
87081,normal,3698,0,1782359403.956204,0.002148866653442383
87082,normal,18,0,1782359403.9581494,0.00194549560546875
87083,normal,2910,0,1782359403.9601755,0.002026081085205078
87084,normal,1446,0,1782359403.9620652,0.0018897056579589844
87085,normal,1337,1,1782359403.9642,0.0021347999572753906
87086,normal,1387,0,1782359403.9660573,0.0018572807312011719
87087,normal,1203,0,1782359403.9682105,0.002153158187866211
87088,normal,2604,0,1782359403.9700344,0.0018239021301269531
87089,normal,1557,0,1782359403.972047,0.0020127296447753906
87090,normal,1939,0,1782359403.9740703,0.0020232200622558594
87091,normal,3633,0,1782359403.9762049,0.002134561538696289
87092,normal,1823,0,1782359403.9780042,0.0017993450164794922
87093,normal,1984,0,1782359403.9802375,0.002233266830444336
87094,normal,2776,0,1782359403.9820147,0.0017771720886230469
87095,normal,1168,0,1782359403.984209,0.0021944046020507812
87096,normal,1320,1,1782359403.986058,0.0018489360809326172
87097,normal,2258,0,1782359403.988207,0.0021491050720214844
87098,normal,569,0,1782359403.9900527,0.0018455982208251953
87099,normal,3117,1,1782359403.9921966,0.00214385986328125
87100,normal,570,0,1782359403.9940586,0.0018620491027832031
87101,normal,1308,0,1782359403.9961946,0.0021359920501708984
87102,normal,1227,0,1782359403.9980776,0.0018830299377441406
87103,normal,2529,0,1782359404.000284,0.0022063255310058594
87104,normal,3204,1,1782359404.0022857,0.0020017623901367188
87105,normal,834,2,1782359404.0040894,0.0018036365509033203
87106,normal,3270,1,1782359404.0063574,0.002268075942993164
87107,normal,1538,0,1782359404.008085,0.0017275810241699219
87108,normal,2495,0,1782359404.010351,0.00226593017578125
87109,normal,1615,0,1782359404.0123522,0.0020012855529785156
87110,normal,1658,0,1782359404.0142303,0.0018780231475830078
87111,normal,147,0,1782359404.0160806,0.0018503665924072266
87112,normal,1250,0,1782359404.0181978,0.002117156982421875
87113,normal,291,0,1782359404.0200448,0.0018470287322998047
87114,normal,55,0,1782359404.0222013,0.002156496047973633
87115,normal,2670,0,1782359404.0240397,0.0018384456634521484
87116,normal,1802,0,1782359404.0261972,0.002157449722290039
87117,normal,1634,0,1782359404.028058,0.0018608570098876953
87118,normal,2131,0,1782359404.0302227,0.002164602279663086
87119,normal,2414,0,1782359404.0320594,0.0018367767333984375
87120,normal,2667,0,1782359404.034197,0.0021376609802246094
87121,normal,2783,0,1782359404.0360413,0.001844167709350586
87122,normal,1731,0,1782359404.03819,0.0021486282348632812
87123,normal,1715,0,1782359404.0400648,0.0018749237060546875
87124,normal,1556,0,1782359404.0422018,0.0021369457244873047
87125,normal,174,0,1782359404.0440438,0.0018420219421386719
87126,normal,90,0,1782359404.046199,0.002155303955078125
87127,normal,378,0,1782359404.0480373,0.0018382072448730469
87128,normal,2799,0,1782359404.0501935,0.0021562576293945312
87129,normal,2261,0,1782359404.0520642,0.0018706321716308594
87130,normal,1701,0,1782359404.0542347,0.002170562744140625
87131,normal,322,0,1782359404.0560462,0.0018115043640136719
87132,normal,3190,1,1782359404.0581946,0.0021483898162841797
87133,normal,2504,0,1782359404.0600395,0.0018448829650878906
87134,normal,715,0,1782359404.0621922,0.002152681350708008
87135,normal,3475,0,1782359404.064049,0.0018568038940429688
87136,normal,3403,0,1782359404.0661924,0.002143383026123047
87137,normal,1832,0,1782359404.0680418,0.0018494129180908203
87138,normal,1195,0,1782359404.070193,0.0021512508392333984
87139,normal,2265,0,1782359404.072038,0.0018448829650878906
87140,normal,2874,0,1782359404.0741956,0.0021576881408691406
87141,normal,357,0,1782359404.0760508,0.0018551349639892578
87142,normal,679,0,1782359404.0782173,0.0021665096282958984
87143,normal,2785,0,1782359404.0800464,0.0018291473388671875
87144,normal,1937,0,1782359404.0821993,0.0021529197692871094
87145,normal,3556,0,1782359404.0840392,0.0018398761749267578
87146,normal,3429,0,1782359404.0861967,0.002157449722290039
87147,normal,819,2,1782359404.0880458,0.0018491744995117188
87148,normal,1174,0,1782359404.0902011,0.002155303955078125
87149,normal,1551,0,1782359404.0920389,0.0018377304077148438
87150,normal,3584,0,1782359404.0941944,0.0021555423736572266
87151,normal,160,0,1782359404.0960395,0.0018451213836669922
87152,normal,1352,1,1782359404.098196,0.002156496047973633
87153,normal,2932,0,1782359404.1000466,0.0018506050109863281
87154,normal,989,2,1782359404.1021986,0.002151966094970703
87155,normal,105,0,1782359404.1040528,0.0018541812896728516
87156,normal,1477,0,1782359404.1061928,0.002140045166015625
87157,normal,654,0,1782359404.1080403,0.0018475055694580078
87158,normal,2473,0,1782359404.110198,0.0021576881408691406
87159,normal,195,0,1782359404.112052,0.00185394287109375
87160,normal,527,0,1782359404.1141977,0.0021457672119140625
87161,normal,2078,0,1782359404.1160498,0.0018520355224609375
87162,normal,2917,0,1782359404.1181965,0.0021467208862304688
87163,normal,3161,1,1782359404.1200414,0.0018448829650878906
87164,normal,2210,0,1782359404.1221924,0.002151012420654297
87165,normal,829,2,1782359404.1240497,0.0018572807312011719
87166,normal,331,0,1782359404.1262026,0.0021529197692871094
87167,normal,3492,0,1782359404.1280668,0.0018641948699951172
87168,normal,821,2,1782359404.1302383,0.0021715164184570312
87169,normal,43,0,1782359404.1320472,0.0018088817596435547
87170,normal,3628,0,1782359404.1342006,0.0021533966064453125
87171,normal,602,0,1782359404.1360545,0.00185394287109375
87172,normal,2205,0,1782359404.1382005,0.002146005630493164
87173,normal,319,0,1782359404.1400704,0.0018699169158935547
87174,normal,1095,0,1782359404.142199,0.00212860107421875
87175,normal,3254,1,1782359404.1440415,0.001842498779296875
87176,normal,2484,0,1782359404.1461942,0.002152681350708008
87177,normal,1466,0,1782359404.1480627,0.0018684864044189453
87178,normal,2712,0,1782359404.1502013,0.0021386146545410156
87179,normal,1829,0,1782359404.152042,0.0018405914306640625
87180,normal,1243,0,1782359404.1542063,0.0021643638610839844
87181,normal,2080,0,1782359404.156085,0.0018787384033203125
87182,normal,46,0,1782359404.1582212,0.00213623046875
87183,normal,2927,0,1782359404.1600537,0.0018324851989746094
87184,normal,1955,0,1782359404.1622047,0.002151012420654297
87185,normal,3314,1,1782359404.1640449,0.0018401145935058594
87186,normal,1707,0,1782359404.1662064,0.0021615028381347656
87187,normal,1609,0,1782359404.168124,0.0019176006317138672
87188,normal,2734,0,1782359404.1701992,0.0020751953125
87189,normal,2760,0,1782359404.1720407,0.0018415451049804688
87190,normal,2578,0,1782359404.1741955,0.002154827117919922
87191,normal,2970,0,1782359404.1760406,0.0018451213836669922
87192,normal,1190,0,1782359404.1781583,0.002117633819580078
87193,normal,2386,0,1782359404.1799967,0.0018384456634521484
87194,normal,1867,0,1782359404.1820633,0.0020666122436523438
87195,normal,993,2,1782359404.1839972,0.0019338130950927734
87196,normal,1000,2,1782359404.1860535,0.0020563602447509766
87197,normal,203,0,1782359404.1879969,0.001943349838256836
87198,normal,945,2,1782359404.1900747,0.002077817916870117
87199,normal,901,2,1782359404.1920555,0.0019807815551757812
87200,normal,60,0,1782359404.1940315,0.00197601318359375
87201,normal,2266,0,1782359404.1960037,0.001972198486328125
87202,normal,680,0,1782359404.1980605,0.0020568370819091797
87203,normal,2222,0,1782359404.2001767,0.0021162033081054688
87204,normal,2097,0,1782359404.2020488,0.0018720626831054688
87205,normal,2486,0,1782359404.2042007,0.002151966094970703
87206,normal,449,0,1782359404.2060413,0.0018405914306640625
87207,normal,445,0,1782359404.2081997,0.0021584033966064453
87208,normal,2389,0,1782359404.2101934,0.0019936561584472656
87209,normal,2385,0,1782359404.2120235,0.0018301010131835938
87210,normal,3291,1,1782359404.214195,0.0021715164184570312
87211,normal,2363,0,1782359404.2161937,0.0019986629486083984
87212,normal,2269,0,1782359404.218041,0.0018472671508789062
87213,normal,2679,0,1782359404.220201,0.0021600723266601562
87214,normal,1713,0,1782359404.222194,0.001992940902709961
87215,normal,2242,0,1782359404.2240448,0.0018508434295654297
87216,normal,2849,0,1782359404.2261934,0.0021486282348632812
87217,normal,2253,0,1782359404.228208,0.002014636993408203
87218,normal,2687,0,1782359404.2300475,0.0018393993377685547
87219,normal,2041,0,1782359404.2322087,0.002161264419555664
87220,normal,1030,0,1782359404.234048,0.0018391609191894531
87221,normal,1082,0,1782359404.2361996,0.0021517276763916016
87222,normal,2263,0,1782359404.238054,0.0018544197082519531
87223,normal,2626,0,1782359404.2404377,0.002383708953857422
87224,normal,3563,0,1782359404.2420442,0.0016064643859863281
87225,normal,2033,0,1782359404.2441976,0.0021533966064453125
87226,normal,2538,0,1782359404.2462044,0.0020067691802978516
87227,normal,235,0,1782359404.2480428,0.0018384456634521484
87228,normal,3206,1,1782359404.2502096,0.002166748046875
87229,normal,3382,1,1782359404.252218,0.0020084381103515625
87230,normal,72,0,1782359404.2540402,0.0018222332000732422
87231,normal,2490,0,1782359404.2561975,0.0021572113037109375
87232,normal,792,2,1782359404.2582173,0.0020198822021484375
87233,normal,1648,0,1782359404.260039,0.001821756362915039
87234,normal,2690,0,1782359404.2622137,0.0021746158599853516
87235,normal,2765,0,1782359404.2641976,0.0019838809967041016
87236,normal,3119,1,1782359404.2660382,0.0018405914306640625
87237,normal,1092,0,1782359404.2682297,0.0021915435791015625
87238,normal,2347,0,1782359404.2701962,0.0019664764404296875
87239,normal,1933,0,1782359404.2722893,0.002093076705932617
87240,normal,2919,0,1782359404.274292,0.002002716064453125
87241,normal,1098,0,1782359404.2764397,0.002147674560546875
87242,normal,1017,2,1782359404.2780895,0.0016498565673828125
87243,normal,39,0,1782359404.280354,0.0022644996643066406
87244,normal,653,0,1782359404.2822213,0.0018672943115234375
87245,normal,1621,0,1782359404.2842612,0.0020399093627929688
87246,normal,1144,0,1782359404.2860992,0.0018379688262939453
87247,normal,1761,0,1782359404.2882445,0.0021452903747558594
87248,normal,222,0,1782359404.2900465,0.0018019676208496094
87249,normal,1258,0,1782359404.2922127,0.002166271209716797
87250,normal,2379,0,1782359404.2942028,0.001990079879760742
87251,normal,1487,0,1782359404.2960374,0.0018346309661865234
87252,normal,2768,0,1782359404.298196,0.002158641815185547
87253,normal,915,2,1782359404.3002322,0.0020360946655273438
87254,normal,228,0,1782359404.3020463,0.001814126968383789
87255,normal,1745,0,1782359404.3042622,0.002215862274169922
87256,normal,2136,0,1782359404.3060672,0.0018050670623779297
87257,normal,2313,0,1782359404.3081813,0.0021140575408935547
87258,normal,3361,1,1782359404.310026,0.001844644546508789
87259,normal,1726,0,1782359404.3121986,0.002172708511352539
87260,normal,3329,1,1782359404.3140247,0.0018260478973388672
87261,normal,3667,0,1782359404.316194,0.002169370651245117
87262,normal,2175,0,1782359404.3180916,0.001897573471069336
87263,normal,1412,0,1782359404.320187,0.002095460891723633
87264,normal,3663,0,1782359404.3220623,0.001875162124633789
87265,normal,2292,0,1782359404.3241887,0.002126455307006836
87266,normal,1489,0,1782359404.326043,0.0018541812896728516
87267,normal,2445,0,1782359404.3281863,0.002143383026123047
87268,normal,1157,0,1782359404.3300488,0.0018625259399414062
87269,normal,2224,0,1782359404.3321757,0.002126932144165039
87270,normal,2737,0,1782359404.3340693,0.0018935203552246094
87271,normal,3480,0,1782359404.3361948,0.0021255016326904297
87272,normal,233,0,1782359404.3380308,0.0018360614776611328
87273,normal,3598,0,1782359404.3401675,0.002136707305908203
87274,normal,982,2,1782359404.3420322,0.0018646717071533203
87275,normal,1560,0,1782359404.3441384,0.002106189727783203
87276,normal,823,2,1782359404.3460162,0.0018777847290039062
87277,normal,484,0,1782359404.3480349,0.0020186901092529297
87278,normal,2843,0,1782359404.3501818,0.0021469593048095703
87279,normal,528,0,1782359404.3520555,0.0018737316131591797
87280,normal,1828,0,1782359404.3542595,0.0022039413452148438
87281,normal,1799,0,1782359404.35604,0.0017805099487304688
87282,normal,2680,0,1782359404.358191,0.002151012420654297
87283,normal,2570,0,1782359404.3601909,0.0019998550415039062
87284,normal,1349,1,1782359404.3620424,0.0018515586853027344
87285,normal,1410,0,1782359404.3642156,0.002173185348510742
87286,normal,1747,0,1782359404.3661942,0.001978635787963867
87287,normal,3013,0,1782359404.3680553,0.0018610954284667969
87288,normal,999,2,1782359404.3703613,0.0023059844970703125
87289,normal,2079,0,1782359404.3722188,0.0018575191497802734
87290,normal,1700,0,1782359404.374213,0.0019941329956054688
87291,normal,2516,0,1782359404.376131,0.0019180774688720703
87292,normal,3615,0,1782359404.3782158,0.0020847320556640625
87293,normal,380,0,1782359404.3800669,0.0018510818481445312
87294,normal,2599,0,1782359404.3822134,0.002146482467651367
87295,normal,243,0,1782359404.384214,0.002000570297241211
87296,normal,2662,0,1782359404.386071,0.0018570423126220703
87297,normal,2299,0,1782359404.3882177,0.0021467208862304688
87298,normal,3561,0,1782359404.3901873,0.001969575881958008
87299,normal,2953,0,1782359404.3920615,0.0018742084503173828
87300,normal,1007,2,1782359404.3942187,0.0021572113037109375
87301,normal,1123,0,1782359404.3962173,0.0019986629486083984
87302,normal,1972,0,1782359404.398067,0.0018496513366699219
87303,normal,553,0,1782359404.4002166,0.0021495819091796875
87304,normal,3624,0,1782359404.4022155,0.0019989013671875
87305,normal,1936,0,1782359404.4040577,0.0018422603607177734
87306,normal,3595,0,1782359404.4062157,0.002157926559448242
87307,normal,879,2,1782359404.4082122,0.0019965171813964844
87308,normal,1397,0,1782359404.410064,0.001851797103881836
87309,normal,3118,1,1782359404.4122117,0.002147674560546875
87310,normal,2243,0,1782359404.4142077,0.0019960403442382812
87311,normal,1150,0,1782359404.4160686,0.0018608570098876953
87312,normal,868,2,1782359404.4182103,0.002141714096069336
87313,normal,1164,0,1782359404.4202113,0.002001047134399414
87314,normal,2548,0,1782359404.4220676,0.0018563270568847656
87315,normal,2801,0,1782359404.4242182,0.0021505355834960938
87316,normal,2803,0,1782359404.4262109,0.0019927024841308594
87317,normal,3685,0,1782359404.4280682,0.0018572807312011719
87318,normal,3623,0,1782359404.4302123,0.0021440982818603516
87319,normal,1219,0,1782359404.4322155,0.002003192901611328
87320,normal,1644,0,1782359404.4340613,0.0018458366394042969
87321,normal,52,0,1782359404.436214,0.002152681350708008
87322,normal,3081,1,1782359404.4382117,0.001997709274291992
87323,normal,180,0,1782359404.440063,0.0018513202667236328
87324,normal,2410,0,1782359404.442213,0.0021500587463378906
87325,normal,106,0,1782359404.4441822,0.0019690990447998047
87326,normal,21,0,1782359404.4460807,0.0018985271453857422
87327,normal,1633,0,1782359404.4482121,0.0021314620971679688
87328,normal,164,0,1782359404.4502137,0.002001523971557617
87329,normal,165,0,1782359404.4520607,0.0018470287322998047
87330,normal,3327,1,1782359404.4543028,0.0022420883178710938
87331,normal,1737,0,1782359404.4560711,0.001768350601196289
87332,normal,3405,0,1782359404.458213,0.0021419525146484375
87333,normal,2337,0,1782359404.4600818,0.0018687248229980469
87334,normal,44,0,1782359404.4622097,0.0021278858184814453
87335,normal,2665,0,1782359404.4640627,0.0018529891967773438
87336,normal,3651,0,1782359404.4662735,0.002210855484008789
87337,normal,112,0,1782359404.4682,0.001926422119140625
87338,normal,3647,0,1782359404.4704041,0.0022041797637939453
87339,normal,763,0,1782359404.472389,0.001984834671020508
87340,normal,544,0,1782359404.4743395,0.0019505023956298828
87341,normal,1244,0,1782359404.4760902,0.0017507076263427734
87342,normal,2368,0,1782359404.4782069,0.002116680145263672
87343,normal,1960,0,1782359404.4801044,0.001897573471069336
87344,normal,2246,0,1782359404.482006,0.0019016265869140625
87345,normal,1875,0,1782359404.4841788,0.002172708511352539
87346,normal,632,0,1782359404.4861915,0.0020127296447753906
87347,normal,3618,0,1782359404.4880896,0.001898050308227539
87348,normal,1913,0,1782359404.4901838,0.002094268798828125
87349,normal,1623,0,1782359404.4921498,0.0019659996032714844
87350,normal,672,0,1782359404.494109,0.001959085464477539
87351,normal,3580,0,1782359404.4962754,0.0021665096282958984
87352,normal,1989,0,1782359404.4980803,0.0018048286437988281
87353,normal,1142,0,1782359404.500175,0.002094745635986328
87354,normal,738,0,1782359404.5020874,0.0019123554229736328
87355,normal,3228,1,1782359404.5041795,0.002092123031616211
87356,normal,2705,0,1782359404.5060937,0.0019142627716064453
87357,normal,2681,0,1782359404.5081968,0.002103090286254883
87358,normal,294,0,1782359404.5101812,0.0019843578338623047
87359,normal,855,2,1782359404.512081,0.00189971923828125
87360,normal,3639,0,1782359404.5142026,0.0021216869354248047
87361,normal,2281,0,1782359404.516183,0.001980304718017578
87362,normal,3650,0,1782359404.5180848,0.001901865005493164
87363,normal,158,0,1782359404.5201828,0.00209808349609375
87364,normal,736,0,1782359404.522167,0.001984119415283203
87365,normal,2993,0,1782359404.524104,0.0019371509552001953
87366,normal,318,0,1782359404.5264168,0.0023126602172851562
87367,normal,3315,1,1782359404.528173,0.0017561912536621094
87368,normal,2854,0,1782359404.5303576,0.002184629440307617
87369,normal,2828,0,1782359404.5320363,0.0016787052154541016
87370,normal,2052,0,1782359404.5341768,0.002140522003173828
87371,normal,1685,0,1782359404.5361037,0.0019268989562988281
87372,normal,2464,0,1782359404.5382485,0.0021448135375976562
87373,normal,660,0,1782359404.5400937,0.0018451213836669922
87374,normal,2543,0,1782359404.5420766,0.0019829273223876953
87375,normal,3043,0,1782359404.5442195,0.0021429061889648438
87376,normal,3208,1,1782359404.5462148,0.0019953250885009766
87377,normal,1783,0,1782359404.548158,0.0019431114196777344
87378,normal,2219,0,1782359404.550187,0.0020291805267333984
87379,normal,3146,1,1782359404.5521202,0.0019330978393554688
87380,normal,1016,2,1782359404.5541418,0.0020215511322021484
87381,normal,3481,0,1782359404.5560708,0.0019290447235107422
87382,normal,1762,0,1782359404.558144,0.0020732879638671875
87383,normal,384,0,1782359404.5600376,0.0018935203552246094
87384,normal,3227,1,1782359404.5621493,0.002111673355102539
87385,normal,2049,0,1782359404.564155,0.0020058155059814453
87386,normal,721,0,1782359404.5660932,0.0019381046295166016
87387,normal,2012,0,1782359404.5682273,0.002134084701538086
87388,normal,3495,0,1782359404.5702116,0.0019843578338623047
87389,normal,3130,1,1782359404.5721304,0.001918792724609375
87390,normal,1076,0,1782359404.5742133,0.00208282470703125
87391,normal,414,0,1782359404.576213,0.0019996166229248047
87392,normal,1319,1,1782359404.5781367,0.0019237995147705078
87393,normal,234,0,1782359404.580274,0.002137422561645508
87394,normal,3133,1,1782359404.5821674,0.0018932819366455078
87395,normal,3132,1,1782359404.5843184,0.002151012420654297
87396,normal,2632,0,1782359404.5860648,0.0017464160919189453
87397,normal,1043,0,1782359404.5882258,0.0021610260009765625
87398,normal,80,0,1782359404.5901394,0.0019135475158691406
87399,normal,927,2,1782359404.592215,0.002075672149658203
87400,normal,2343,0,1782359404.5941966,0.001981496810913086
87401,normal,1575,0,1782359404.596105,0.0019085407257080078
87402,normal,1798,0,1782359404.5982418,0.002136707305908203
87403,normal,2869,0,1782359404.6003056,0.002063751220703125
87404,normal,2264,0,1782359404.6021893,0.0018837451934814453
87405,normal,2271,0,1782359404.604354,0.002164602279663086
87406,normal,1768,0,1782359404.606373,0.002019166946411133
87407,normal,139,0,1782359404.6081166,0.0017435550689697266
87408,normal,2557,0,1782359404.610341,0.002224445343017578
87409,normal,3635,0,1782359404.6122458,0.0019047260284423828
87410,normal,3465,0,1782359404.614117,0.0018711090087890625
87411,normal,138,0,1782359404.6161852,0.0020682811737060547
87412,normal,3097,1,1782359404.618189,0.002003908157348633
87413,normal,2231,0,1782359404.6200964,0.0019073486328125
87414,normal,1975,0,1782359404.6222458,0.002149343490600586
87415,normal,2699,0,1782359404.624183,0.0019371509552001953
87416,normal,536,0,1782359404.6260955,0.0019125938415527344
87417,normal,1499,0,1782359404.6281872,0.002091646194458008
87418,normal,3297,1,1782359404.6302564,0.002069234848022461
87419,normal,459,0,1782359404.6325824,0.0023260116577148438
87420,normal,2416,0,1782359404.6341374,0.0015549659729003906
87421,normal,534,0,1782359404.6361935,0.002056121826171875
87422,normal,2805,0,1782359404.6381059,0.0019123554229736328
87423,normal,136,0,1782359404.6402078,0.002101898193359375
87424,normal,2455,0,1782359404.6424127,0.00220489501953125
87425,normal,841,2,1782359404.6443322,0.0019195079803466797
87426,normal,1804,0,1782359404.6460297,0.001697540283203125
87427,normal,3340,1,1782359404.648196,0.002166271209716797
87428,normal,2015,0,1782359404.650113,0.001917123794555664
87429,normal,3569,0,1782359404.6522136,0.0021004676818847656
87430,normal,3012,0,1782359404.6543872,0.0021736621856689453
87431,normal,2675,0,1782359404.6563916,0.002004384994506836
87432,normal,3532,0,1782359404.658158,0.0017664432525634766
87433,normal,516,0,1782359404.6602955,0.002137422561645508
87434,normal,2207,0,1782359404.6622663,0.0019707679748535156
87435,normal,2951,0,1782359404.6641455,0.0018792152404785156
87436,normal,908,2,1782359404.6662123,0.0020668506622314453
87437,normal,155,0,1782359404.6685,0.002287626266479492
87438,normal,292,0,1782359404.6702228,0.0017228126525878906
87439,normal,3080,1,1782359404.6722376,0.0020148754119873047
87440,normal,109,0,1782359404.67428,0.0020422935485839844
87441,normal,869,2,1782359404.6762428,0.001962900161743164
87442,normal,645,0,1782359404.6781435,0.0019006729125976562
87443,normal,919,2,1782359404.6802015,0.0020580291748046875
87444,normal,2920,0,1782359404.6821198,0.0019183158874511719
87445,normal,690,0,1782359404.6842124,0.002092599868774414
87446,normal,1512,0,1782359404.686111,0.0018985271453857422
87447,normal,1189,0,1782359404.6881976,0.002086639404296875
87448,normal,2336,0,1782359404.6902165,0.0020189285278320312
87449,normal,3113,1,1782359404.6921039,0.0018873214721679688
87450,normal,2057,0,1782359404.6942294,0.0021255016326904297
87451,normal,2125,0,1782359404.6962514,0.0020220279693603516
87452,normal,2971,0,1782359404.6980708,0.0018193721771240234
87453,normal,1422,0,1782359404.700189,0.002118349075317383
87454,normal,1624,0,1782359404.7021904,0.0020012855529785156
87455,normal,2839,0,1782359404.70413,0.001939535140991211
87456,normal,2247,0,1782359404.7061093,0.001979351043701172
87457,normal,2150,0,1782359404.7081506,0.002041339874267578
87458,normal,2095,0,1782359404.7100573,0.0019066333770751953
87459,normal,1564,0,1782359404.7121584,0.0021011829376220703
87460,normal,230,0,1782359404.7141583,0.0019998550415039062
87461,normal,2413,0,1782359404.7160463,0.0018880367279052734
87462,normal,1585,0,1782359404.7181556,0.0021092891693115234
87463,normal,2375,0,1782359404.7201622,0.00200653076171875
87464,normal,597,0,1782359404.722067,0.0019049644470214844
87465,normal,1750,0,1782359404.7242463,0.0021791458129882812
87466,normal,288,0,1782359404.7260551,0.0018088817596435547
87467,normal,2797,0,1782359404.7280462,0.0019910335540771484
87468,normal,2278,0,1782359404.730143,0.002096891403198242
87469,normal,186,0,1782359404.7320447,0.0019016265869140625
87470,normal,988,2,1782359404.734143,0.0020983219146728516
87471,normal,2609,0,1782359404.7360752,0.0019321441650390625
87472,normal,1659,0,1782359404.7381992,0.0021240711212158203
87473,normal,712,0,1782359404.7401388,0.001939535140991211
87474,normal,2498,0,1782359404.7422178,0.002079010009765625
87475,normal,3252,1,1782359404.7441726,0.001954793930053711
87476,normal,1643,0,1782359404.746071,0.0018985271453857422
87477,normal,3631,0,1782359404.7481873,0.0021162033081054688
87478,normal,2441,0,1782359404.7501426,0.001955270767211914
87479,normal,2503,0,1782359404.752043,0.0019004344940185547
87480,normal,101,0,1782359404.754143,0.0020999908447265625
87481,normal,888,2,1782359404.7564266,0.0022835731506347656
87482,normal,2478,0,1782359404.7580948,0.0016682147979736328
87483,normal,717,0,1782359404.7602046,0.0021097660064697266
87484,normal,1947,0,1782359404.762272,0.0020673274993896484
87485,normal,189,0,1782359404.7642481,0.0019762516021728516
87486,normal,1148,0,1782359404.766116,0.0018677711486816406
87487,normal,2833,0,1782359404.7682853,0.002169370651245117
87488,normal,830,2,1782359404.7702887,0.0020034313201904297
87489,normal,1894,0,1782359404.7720494,0.001760721206665039
87490,normal,1358,1,1782359404.7741342,0.0020847320556640625
87491,normal,2830,0,1782359404.7760355,0.001901388168334961
87492,normal,2873,0,1782359404.77818,0.002144336700439453
87493,normal,1301,0,1782359404.780123,0.0019431114196777344
87494,normal,1074,0,1782359404.782034,0.0019109249114990234
87495,normal,2886,0,1782359404.7841296,0.0020956993103027344
87496,normal,1795,0,1782359404.7861333,0.0020036697387695312
87497,normal,754,0,1782359404.7883573,0.002223968505859375
87498,normal,196,0,1782359404.790261,0.0019037723541259766
87499,normal,1307,0,1782359404.7920864,0.0018253326416015625
87500,normal,2152,0,1782359404.794144,0.0020575523376464844
87501,normal,2466,0,1782359404.7960417,0.0018978118896484375
87502,normal,1588,0,1782359404.7981496,0.002107858657836914
87503,normal,2342,0,1782359404.8001196,0.001970052719116211
87504,normal,1696,0,1782359404.8021872,0.00206756591796875
87505,normal,3428,0,1782359404.804136,0.0019488334655761719
87506,normal,585,0,1782359404.8060718,0.001935720443725586
87507,normal,1295,0,1782359404.8081398,0.002068042755126953
87508,normal,2697,0,1782359404.8101654,0.002025604248046875
87509,normal,2135,0,1782359404.8122263,0.0020608901977539062
87510,normal,3474,0,1782359404.8141587,0.001932382583618164
87511,normal,3268,1,1782359404.8162456,0.0020868778228759766
87512,normal,2664,0,1782359404.8181367,0.0018911361694335938
87513,normal,3318,1,1782359404.820251,0.0021142959594726562
87514,normal,3111,1,1782359404.8222077,0.0019567012786865234
87515,normal,2392,0,1782359404.8242772,0.0020694732666015625
87516,normal,3442,0,1782359404.826196,0.001918792724609375
87517,normal,14,0,1782359404.8282218,0.0020258426666259766
87518,normal,3024,0,1782359404.8303714,0.0021495819091796875
87519,normal,1129,0,1782359404.832307,0.001935720443725586
87520,normal,163,0,1782359404.834179,0.0018718242645263672
87521,normal,3503,0,1782359404.8360677,0.0018887519836425781
87522,normal,1599,0,1782359404.8381393,0.0020716190338134766
87523,normal,2154,0,1782359404.8401773,0.0020380020141601562
87524,normal,1988,0,1782359404.842062,0.0018846988677978516
87525,normal,2491,0,1782359404.8441606,0.002098560333251953
87526,normal,994,2,1782359404.846141,0.0019805431365966797
87527,normal,1527,0,1782359404.8480659,0.001924753189086914
87528,normal,2067,0,1782359404.8501973,0.0021314620971679688
87529,normal,584,0,1782359404.8522282,0.0020308494567871094
87530,normal,1390,0,1782359404.854107,0.0018787384033203125
87531,normal,3683,0,1782359404.856188,0.002081155776977539
87532,normal,2505,0,1782359404.8581994,0.0020112991333007812
87533,normal,603,0,1782359404.8601246,0.0019252300262451172
87534,normal,2524,0,1782359404.862246,0.002121448516845703
87535,normal,1266,0,1782359404.8641465,0.0019004344940185547
87536,normal,1128,0,1782359404.8660517,0.001905202865600586
87537,normal,2820,0,1782359404.8681552,0.002103567123413086
87538,normal,2274,0,1782359404.8701558,0.002000570297241211
87539,normal,3483,0,1782359404.8720515,0.0018956661224365234
87540,normal,3108,1,1782359404.8741627,0.002111196517944336
87541,normal,1931,0,1782359404.8761692,0.00200653076171875
87542,normal,1948,0,1782359404.878068,0.0018987655639648438
87543,normal,2069,0,1782359404.8801916,0.002123594284057617
87544,normal,2327,0,1782359404.8821862,0.001994609832763672
87545,normal,2573,0,1782359404.8840528,0.0018665790557861328
87546,normal,1719,0,1782359404.8861105,0.002057790756225586
87547,normal,899,2,1782359404.8881218,0.0020112991333007812
87548,normal,3271,1,1782359404.8900144,0.0018925666809082031
87549,normal,3458,0,1782359404.8921251,0.002110719680786133
87550,normal,2090,0,1782359404.8941526,0.0020275115966796875
87551,normal,3098,1,1782359404.8960958,0.0019431114196777344
87552,normal,278,0,1782359404.8982038,0.0021080970764160156
87553,normal,1490,0,1782359404.900248,0.002044200897216797
87554,normal,1645,0,1782359404.9021215,0.0018734931945800781
87555,normal,650,0,1782359404.9042275,0.0021059513092041016
87556,normal,1531,0,1782359404.9061315,0.0019040107727050781
87557,normal,3278,1,1782359404.90821,0.002078533172607422
87558,normal,3613,0,1782359404.9101098,0.00189971923828125
87559,normal,1041,0,1782359404.9122036,0.002093791961669922
87560,normal,1849,0,1782359404.9142923,0.002088785171508789
87561,normal,496,0,1782359404.9161208,0.0018284320831298828
87562,normal,2422,0,1782359404.918351,0.0022301673889160156
87563,normal,1717,0,1782359404.920171,0.0018200874328613281
87564,normal,2752,0,1782359404.9222665,0.002095460891723633
87565,normal,2134,0,1782359404.9243052,0.002038717269897461
87566,normal,2050,0,1782359404.9263012,0.0019960403442382812
87567,normal,1121,0,1782359404.9281456,0.0018444061279296875
87568,normal,282,0,1782359404.9301872,0.0020415782928466797
87569,normal,2641,0,1782359404.9321058,0.0019185543060302734
87570,normal,710,0,1782359404.9342065,0.002100706100463867
87571,normal,720,0,1782359404.9362895,0.0020830631256103516
87572,normal,2739,0,1782359404.9381003,0.0018107891082763672
87573,normal,270,0,1782359404.9401805,0.002080202102661133
87574,normal,3063,1,1782359404.9421806,0.002000093460083008
87575,normal,2867,0,1782359404.944104,0.0019233226776123047
87576,normal,1284,0,1782359404.9466434,0.002539396286010742
87577,normal,431,0,1782359404.9483457,0.0017023086547851562
87578,normal,1874,0,1782359404.9500635,0.0017178058624267578
87579,normal,2928,0,1782359404.9522064,0.0021429061889648438
87580,normal,587,0,1782359404.9542084,0.0020020008087158203
87581,normal,2635,0,1782359404.9561331,0.001924753189086914
87582,normal,3562,0,1782359404.9582877,0.0021545886993408203
87583,normal,2899,0,1782359404.9602275,0.0019397735595703125
87584,normal,897,2,1782359404.962103,0.0018754005432128906
87585,normal,1376,1,1782359404.964199,0.0020961761474609375
87586,normal,3151,1,1782359404.9662142,0.0020151138305664062
87587,normal,1086,0,1782359404.9681249,0.0019106864929199219
87588,normal,1885,0,1782359404.9702632,0.002138376235961914
87589,normal,1345,1,1782359404.9723535,0.0020902156829833984
87590,normal,936,2,1782359404.9741096,0.0017561912536621094
87591,normal,3157,1,1782359404.9762642,0.0021545886993408203
87592,normal,847,2,1782359404.9783068,0.002042531967163086
87593,normal,3416,0,1782359404.9802008,0.0018939971923828125
87594,normal,3568,0,1782359404.9822495,0.0020487308502197266
87595,normal,1434,0,1782359404.984409,0.002159595489501953
87596,normal,1112,0,1782359404.9861274,0.001718282699584961
87597,normal,2054,0,1782359404.9882429,0.002115488052368164
87598,normal,2935,0,1782359404.9904554,0.0022125244140625
87599,normal,2273,0,1782359404.9923968,0.0019414424896240234
87600,normal,466,0,1782359404.994025,0.0016281604766845703
87601,normal,2114,0,1782359404.9961402,0.0021152496337890625
87602,normal,1032,0,1782359404.9981184,0.001978158950805664
87603,normal,2818,0,1782359405.0002313,0.002112865447998047
87604,normal,1346,1,1782359405.0022066,0.0019752979278564453
87605,normal,3134,1,1782359405.0041137,0.0019071102142333984
87606,normal,2735,0,1782359405.0061123,0.0019986629486083984
87607,normal,2909,0,1782359405.008235,0.002122640609741211
87608,normal,1215,0,1782359405.010089,0.00185394287109375
87609,normal,492,0,1782359405.0123022,0.0022132396697998047
87610,normal,3262,1,1782359405.0141227,0.0018205642700195312
87611,normal,1816,0,1782359405.0162363,0.0021135807037353516
87612,normal,758,0,1782359405.0181527,0.0019164085388183594
87613,normal,3544,0,1782359405.020281,0.0021283626556396484
87614,normal,969,2,1782359405.0221753,0.001894235610961914
87615,normal,502,0,1782359405.0242093,0.0020339488983154297
87616,normal,275,0,1782359405.0261216,0.0019123554229736328
87617,normal,2827,0,1782359405.0282474,0.0021257400512695312
87618,normal,279,0,1782359405.0301278,0.0018804073333740234
87619,normal,3347,1,1782359405.032227,0.002099275588989258
87620,normal,926,2,1782359405.0341265,0.0018994808197021484
87621,normal,2731,0,1782359405.036221,0.0020945072174072266
87622,normal,1140,0,1782359405.0382187,0.001997709274291992
87623,normal,70,0,1782359405.0402398,0.0020210742950439453
87624,normal,3412,0,1782359405.0421774,0.0019376277923583984
87625,normal,2417,0,1782359405.044211,0.0020334720611572266
87626,normal,2474,0,1782359405.0461118,0.0019009113311767578
87627,normal,3574,0,1782359405.0482025,0.0020906925201416016
87628,normal,2361,0,1782359405.0502043,0.0020017623901367188
87629,normal,490,0,1782359405.0521405,0.001936197280883789
87630,normal,662,0,1782359405.0542185,0.0020780563354492188
87631,normal,2066,0,1782359405.056139,0.001920461654663086
87632,normal,2423,0,1782359405.0582736,0.002134561538696289
87633,normal,1667,0,1782359405.0601592,0.0018856525421142578
87634,normal,748,0,1782359405.0622451,0.0020859241485595703
87635,normal,154,0,1782359405.0641413,0.0018961429595947266
87636,normal,3040,0,1782359405.0661273,0.0019860267639160156
87637,normal,1763,0,1782359405.068174,0.0020465850830078125
87638,normal,2650,0,1782359405.0700889,0.00191497802734375
87639,normal,2522,0,1782359405.0721686,0.0020797252655029297
87640,normal,877,2,1782359405.0741777,0.002009153366088867
87641,normal,312,0,1782359405.0761373,0.001959562301635742
87642,normal,1120,0,1782359405.0782053,0.002068042755126953
87643,normal,3122,1,1782359405.080255,0.002049684524536133
87644,normal,3231,1,1782359405.082187,0.001931905746459961
87645,normal,3001,0,1782359405.0841184,0.0019314289093017578
87646,normal,3342,1,1782359405.086254,0.0021355152130126953
87647,normal,1632,0,1782359405.088141,0.0018870830535888672
87648,normal,3385,1,1782359405.0901623,0.002021312713623047
87649,normal,1065,0,1782359405.0921474,0.0019850730895996094
87650,normal,252,0,1782359405.0941455,0.0019981861114501953
87651,normal,1906,0,1782359405.0962062,0.0020606517791748047
87652,normal,1966,0,1782359405.0981443,0.0019381046295166016
87653,normal,3490,0,1782359405.1001394,0.001995086669921875
87654,normal,440,0,1782359405.1021407,0.0020012855529785156
87655,normal,2324,0,1782359405.1041443,0.0020036697387695312
87656,normal,3138,1,1782359405.1066008,0.0024564266204833984
87657,normal,110,0,1782359405.1082098,0.0016090869903564453
87658,normal,257,0,1782359405.110175,0.001965045928955078
87659,normal,556,0,1782359405.112089,0.0019140243530273438
87660,normal,5,0,1782359405.1141617,0.0020728111267089844
87661,normal,494,0,1782359405.1161623,0.002000570297241211
87662,normal,713,0,1782359405.1181612,0.0019989013671875
87663,normal,825,2,1782359405.120173,0.0020117759704589844
87664,normal,287,0,1782359405.12216,0.001986980438232422
87665,normal,2572,0,1782359405.1241024,0.0019423961639404297
87666,normal,3139,1,1782359405.1261723,0.0020699501037597656
87667,normal,443,0,1782359405.1281803,0.0020079612731933594
87668,normal,422,0,1782359405.1301637,0.0019834041595458984
87669,normal,2630,0,1782359405.1322956,0.002131938934326172
87670,normal,1578,0,1782359405.13418,0.00188446044921875
87671,normal,2811,0,1782359405.136245,0.002064943313598633
87672,normal,2579,0,1782359405.1382036,0.001958608627319336
87673,normal,1214,0,1782359405.1402142,0.0020105838775634766
87674,normal,398,0,1782359405.142275,0.0020608901977539062
87675,normal,2997,0,1782359405.1441848,0.0019097328186035156
87676,normal,1464,0,1782359405.1461768,0.0019919872283935547
87677,normal,1722,0,1782359405.148476,0.002299070358276367
87678,normal,1886,0,1782359405.1502998,0.0018239021301269531
87679,normal,3298,1,1782359405.1521866,0.0018868446350097656
87680,normal,2774,0,1782359405.1541834,0.001996755599975586
87681,normal,1050,0,1782359405.1560283,0.0018448829650878906
87682,normal,1813,0,1782359405.158106,0.002077817916870117
87683,normal,1486,0,1782359405.1599889,0.001882791519165039
87684,normal,1932,0,1782359405.1620193,0.0020303726196289062
87685,normal,1742,0,1782359405.164034,0.002014636993408203
87686,normal,1135,0,1782359405.1661763,0.0021424293518066406
87687,normal,3237,1,1782359405.1680715,0.0018951892852783203
87688,normal,808,2,1782359405.170187,0.002115488052368164
87689,normal,1732,0,1782359405.1720839,0.0018968582153320312
87690,normal,543,0,1782359405.1742353,0.0021514892578125
87691,normal,2279,0,1782359405.1760623,0.0018270015716552734
87692,normal,1639,0,1782359405.1781583,0.002095937728881836
87693,normal,681,0,1782359405.1800818,0.0019235610961914062
87694,normal,756,0,1782359405.1821918,0.002110004425048828
87695,normal,979,2,1782359405.1840131,0.001821279525756836
87696,normal,1459,0,1782359405.186028,0.0020148754119873047
87697,normal,501,0,1782359405.1881387,0.002110719680786133
87698,normal,1347,1,1782359405.190125,0.001986265182495117
87699,normal,1279,0,1782359405.192219,0.0020940303802490234
87700,normal,797,2,1782359405.1941345,0.0019154548645019531
87701,normal,3148,1,1782359405.1962023,0.0020678043365478516
87702,normal,2511,0,1782359405.198164,0.0019617080688476562
87703,normal,3548,0,1782359405.2001543,0.0019903182983398438
87704,normal,2472,0,1782359405.2022457,0.0020914077758789062
87705,normal,2058,0,1782359405.2041411,0.0018954277038574219
87706,normal,630,0,1782359405.206134,0.001992940902709961
87707,normal,388,0,1782359405.2082071,0.002073049545288086
87708,normal,2560,0,1782359405.2102408,0.002033710479736328
87709,normal,2248,0,1782359405.212136,0.0018951892852783203
87710,normal,2844,0,1782359405.2142332,0.0020971298217773438
87711,normal,1035,0,1782359405.2161832,0.0019500255584716797
87712,normal,2458,0,1782359405.2181985,0.002015352249145508
87713,normal,3662,0,1782359405.2202196,0.0020210742950439453
87714,normal,3413,0,1782359405.222156,0.0019364356994628906
87715,normal,3508,0,1782359405.2242498,0.002093791961669922
87716,normal,1158,0,1782359405.226151,0.0019011497497558594
87717,normal,1091,0,1782359405.2282503,0.002099275588989258
87718,normal,2048,0,1782359405.2301326,0.001882314682006836
87719,normal,2402,0,1782359405.2322206,0.0020880699157714844
87720,normal,1665,0,1782359405.2341328,0.0019121170043945312
87721,normal,3660,0,1782359405.2364047,0.002271890640258789
87722,normal,692,0,1782359405.2381,0.001695394515991211
87723,normal,320,0,1782359405.2402873,0.0021872520446777344
87724,normal,1504,0,1782359405.2422605,0.0019731521606445312
87725,normal,542,0,1782359405.2443938,0.0021333694458007812
87726,normal,1506,0,1782359405.2461183,0.0017244815826416016
87727,normal,2969,0,1782359405.24827,0.0021517276763916016
87728,normal,3642,0,1782359405.250247,0.0019769668579101562
87729,normal,1288,0,1782359405.2521818,0.0019347667694091797
87730,normal,2071,0,1782359405.2541206,0.0019388198852539062
87731,normal,375,0,1782359405.2561994,0.0020787715911865234
87732,normal,902,2,1782359405.2581263,0.0019268989562988281
87733,normal,3018,0,1782359405.260248,0.0021216869354248047
87734,normal,2437,0,1782359405.262139,0.0018911361694335938
87735,normal,768,0,1782359405.2642148,0.002075672149658203
87736,normal,2283,0,1782359405.2661197,0.0019049644470214844
87737,normal,2019,0,1782359405.2682056,0.0020859241485595703
87738,normal,310,0,1782359405.270123,0.0019173622131347656
87739,normal,3380,1,1782359405.2726378,0.0025148391723632812
87740,normal,1291,0,1782359405.2741365,0.0014986991882324219
87741,normal,355,0,1782359405.2761302,0.0019936561584472656
87742,normal,651,0,1782359405.2782416,0.0021114349365234375
87743,normal,2589,0,1782359405.2801294,0.0018877983093261719
87744,normal,870,2,1782359405.282239,0.002109527587890625
87745,normal,1493,0,1782359405.284244,0.0020051002502441406
87746,normal,2756,0,1782359405.2860868,0.0018427371978759766
87747,normal,3439,0,1782359405.2882228,0.0021359920501708984
87748,normal,3068,1,1782359405.2901316,0.0019087791442871094
87749,normal,2072,0,1782359405.2922475,0.002115964889526367
87750,normal,3542,0,1782359405.2941473,0.00189971923828125
87751,normal,3079,1,1782359405.2962778,0.0021305084228515625
87752,normal,990,2,1782359405.2982953,0.002017498016357422
87753,normal,3083,1,1782359405.3001864,0.0018911361694335938
87754,normal,2376,0,1782359405.3022661,0.0020797252655029297
87755,normal,2640,0,1782359405.3040497,0.001783609390258789
87756,normal,3355,1,1782359405.3061516,0.002101898193359375
87757,normal,2420,0,1782359405.3081262,0.0019745826721191406
87758,normal,1858,0,1782359405.3102162,0.002089977264404297
87759,normal,2165,0,1782359405.312097,0.0018808841705322266
87760,normal,1292,0,1782359405.3141623,0.0020651817321777344
87761,normal,227,0,1782359405.3160515,0.0018892288208007812
87762,normal,1752,0,1782359405.3183172,0.0022656917572021484
87763,normal,3104,1,1782359405.320152,0.001834869384765625
87764,normal,633,0,1782359405.3220375,0.0018854141235351562
87765,normal,468,0,1782359405.324013,0.001975536346435547
87766,normal,100,0,1782359405.3261132,0.002100229263305664
87767,normal,2732,0,1782359405.3280742,0.0019609928131103516
87768,normal,2117,0,1782359405.3301287,0.002054452896118164
87769,normal,2902,0,1782359405.33211,0.0019812583923339844
87770,normal,394,0,1782359405.3340082,0.0018982887268066406
87771,normal,3527,0,1782359405.3360658,0.0020575523376464844
87772,normal,2036,0,1782359405.3380785,0.0020127296447753906
87773,normal,68,0,1782359405.3400834,0.002004861831665039
87774,normal,2170,0,1782359405.3421278,0.0020444393157958984
87775,normal,446,0,1782359405.344039,0.001911163330078125
87776,normal,3041,0,1782359405.3460531,0.00201416015625
87777,normal,2063,0,1782359405.3480334,0.001980304718017578
87778,normal,2399,0,1782359405.3501377,0.0021042823791503906
87779,normal,83,0,1782359405.352045,0.0019073486328125
87780,normal,1982,0,1782359405.3541274,0.002082347869873047
87781,normal,1594,0,1782359405.3561277,0.0020003318786621094
87782,normal,3336,1,1782359405.3580196,0.0018918514251708984
87783,normal,3196,1,1782359405.3601317,0.002112150192260742
87784,normal,3294,1,1782359405.3620238,0.00189208984375
87785,normal,1310,0,1782359405.3641477,0.0021238327026367188
87786,normal,1855,0,1782359405.3660393,0.0018916130065917969
87787,normal,1789,0,1782359405.3681443,0.0021049976348876953
87788,normal,3174,1,1782359405.370096,0.0019516944885253906
87789,normal,1233,0,1782359405.3721538,0.002057790756225586
87790,normal,2771,0,1782359405.3741279,0.0019741058349609375
87791,normal,1873,0,1782359405.3760219,0.0018939971923828125
87792,normal,2949,0,1782359405.3781285,0.0021066665649414062
87793,normal,47,0,1782359405.3801267,0.0019981861114501953
87794,normal,1046,0,1782359405.382013,0.0018863677978515625
87795,normal,2450,0,1782359405.3841574,0.002144336700439453
87796,normal,548,0,1782359405.3861766,0.002019166946411133
87797,normal,13,0,1782359405.3880985,0.0019218921661376953
87798,normal,343,0,1782359405.3902066,0.0021080970764160156
87799,normal,2483,0,1782359405.3921514,0.0019447803497314453
87800,normal,460,0,1782359405.394038,0.001886606216430664
87801,normal,3538,0,1782359405.3961513,0.00211334228515625
87802,normal,960,2,1782359405.3981416,0.0019903182983398438
87803,normal,1448,0,1782359405.4000118,0.0018701553344726562
87804,normal,2267,0,1782359405.40213,0.0021181106567382812
87805,normal,3653,0,1782359405.4041226,0.0019927024841308594
87806,normal,3565,0,1782359405.4063451,0.0022225379943847656
87807,normal,1507,0,1782359405.4080412,0.0016961097717285156
87808,normal,3354,1,1782359405.4101863,0.002145051956176758
87809,normal,2226,0,1782359405.4121065,0.0019202232360839844
87810,normal,1673,0,1782359405.4143462,0.002239704132080078
87811,normal,1671,0,1782359405.4160583,0.0017120838165283203
87812,normal,1470,0,1782359405.4181685,0.0021102428436279297
87813,normal,2326,0,1782359405.420104,0.0019354820251464844
87814,normal,755,0,1782359405.42226,0.0021560192108154297
87815,normal,1012,2,1782359405.4240057,0.0017457008361816406
87816,normal,427,0,1782359405.4261117,0.0021059513092041016
87817,normal,545,0,1782359405.428118,0.0020062923431396484
87818,normal,2332,0,1782359405.430005,0.0018870830535888672
87819,normal,1501,0,1782359405.4321651,0.0021600723266601562
87820,normal,2121,0,1782359405.4341173,0.0019521713256835938
87821,normal,3322,1,1782359405.4359984,0.0018811225891113281
87822,normal,3690,0,1782359405.4381063,0.002107858657836914
87823,normal,3316,1,1782359405.44011,0.0020036697387695312
87824,normal,2825,0,1782359405.4427292,0.0026192665100097656
87825,normal,2268,0,1782359405.4441462,0.001416921615600586
87826,normal,1805,0,1782359405.4461422,0.0019960403442382812
87827,normal,725,0,1782359405.4480228,0.001880645751953125
87828,normal,1115,0,1782359405.450135,0.002112150192260742
87829,normal,2463,0,1782359405.4521272,0.0019922256469726562
87830,normal,315,0,1782359405.4540768,0.0019495487213134766
87831,normal,937,2,1782359405.4561956,0.002118825912475586
87832,normal,1096,0,1782359405.4581153,0.0019197463989257812
87833,normal,963,2,1782359405.4600084,0.0018930435180664062
87834,normal,3037,0,1782359405.4621365,0.002128124237060547
87835,normal,2339,0,1782359405.464136,0.001999378204345703
87836,normal,668,0,1782359405.4660337,0.0018978118896484375
87837,normal,1441,0,1782359405.468174,0.0021402835845947266
87838,normal,2103,0,1782359405.4702458,0.002071857452392578
87839,normal,1603,0,1782359405.472068,0.0018222332000732422
87840,normal,2179,0,1782359405.4742906,0.0022225379943847656
87841,normal,2187,0,1782359405.476124,0.0018334388732910156
87842,normal,191,0,1782359405.4781075,0.0019834041595458984
87843,normal,1385,0,1782359405.4802113,0.0021038055419921875
87844,normal,2217,0,1782359405.4822764,0.0020651817321777344
87845,normal,211,0,1782359405.484204,0.0019276142120361328
87846,normal,151,0,1782359405.486063,0.0018589496612548828
87847,normal,1797,0,1782359405.4882112,0.002148151397705078
87848,normal,1386,0,1782359405.4901521,0.0019409656524658203
87849,normal,2600,0,1782359405.4920492,0.0018970966339111328
87850,normal,1679,0,1782359405.494121,0.002071857452392578
87851,normal,2178,0,1782359405.495991,0.0018699169158935547
87852,normal,1702,0,1782359405.498145,0.002154111862182617
87853,normal,356,0,1782359405.5001237,0.001978635787963867
87854,normal,2229,0,1782359405.5020156,0.0018918514251708984
87855,normal,1395,0,1782359405.504113,0.0020973682403564453
87856,normal,237,0,1782359405.506108,0.001995086669921875
87857,normal,1801,0,1782359405.5080452,0.0019371509552001953
87858,normal,475,0,1782359405.510083,0.0020377635955810547
87859,normal,1313,0,1782359405.5121906,0.0021076202392578125
87860,normal,718,0,1782359405.5140107,0.0018200874328613281
87861,normal,1424,0,1782359405.516143,0.002132415771484375
87862,normal,3463,0,1782359405.5180657,0.001922607421875
87863,normal,2832,0,1782359405.5202007,0.002135038375854492
87864,normal,2923,0,1782359405.5220783,0.0018775463104248047
87865,normal,766,0,1782359405.5241158,0.002037525177001953
87866,normal,2105,0,1782359405.5260172,0.001901388168334961
87867,normal,301,0,1782359405.528127,0.0021097660064697266
87868,normal,813,2,1782359405.5301268,0.0019998550415039062
87869,normal,924,2,1782359405.5320122,0.0018854141235351562
87870,normal,420,0,1782359405.5341568,0.0021445751190185547
87871,normal,1517,0,1782359405.5361414,0.0019845962524414062
87872,normal,1184,0,1782359405.5380385,0.0018970966339111328
87873,normal,1520,0,1782359405.5401464,0.002107858657836914
87874,normal,41,0,1782359405.542191,0.002044677734375
87875,normal,1824,0,1782359405.544013,0.0018219947814941406
87876,normal,3707,0,1782359405.5461326,0.0021195411682128906
87877,normal,2866,0,1782359405.5481262,0.0019936561584472656
87878,normal,881,2,1782359405.5500212,0.0018949508666992188
87879,normal,708,0,1782359405.5521266,0.0021054744720458984
87880,normal,2257,0,1782359405.55414,0.0020134449005126953
87881,normal,735,0,1782359405.5560725,0.001932382583618164
87882,normal,426,0,1782359405.5581954,0.0021228790283203125
87883,normal,1179,0,1782359405.5602036,0.002008199691772461
87884,normal,1786,0,1782359405.5620773,0.0018737316131591797
87885,normal,1044,0,1782359405.5641556,0.0020782947540283203
87886,normal,2782,0,1782359405.566148,0.001992464065551758
87887,normal,3070,1,1782359405.5680637,0.0019156932830810547
87888,normal,3392,1,1782359405.5701363,0.002072572708129883
87889,normal,1265,0,1782359405.5721357,0.001999378204345703
87890,normal,1101,0,1782359405.5740125,0.0018768310546875
87891,normal,2913,0,1782359405.5761242,0.002111673355102539
87892,normal,2623,0,1782359405.578245,0.0021207332611083984
87893,normal,2795,0,1782359405.58008,0.0018351078033447266
87894,normal,3440,0,1782359405.582214,0.002134084701538086
87895,normal,3648,0,1782359405.5842245,0.002010345458984375
87896,normal,1881,0,1782359405.5861263,0.001901865005493164
87897,normal,3236,1,1782359405.5880532,0.0019268989562988281
87898,normal,1327,1,1782359405.5902183,0.002165079116821289
87899,normal,1124,0,1782359405.592121,0.0019025802612304688
87900,normal,3629,0,1782359405.5941973,0.002076387405395508
87901,normal,3049,1,1782359405.5961173,0.0019199848175048828
87902,normal,2295,0,1782359405.598015,0.0018978118896484375
87903,normal,1630,0,1782359405.600113,0.0020978450775146484
87904,normal,835,2,1782359405.6021507,0.0020377635955810547
87905,normal,2656,0,1782359405.6040068,0.001856088638305664
87906,normal,1949,0,1782359405.6061087,0.002101898193359375
87907,normal,1141,0,1782359405.6081119,0.002003192901611328
87908,normal,2287,0,1782359405.6100075,0.0018956661224365234
87909,normal,3407,0,1782359405.612177,0.002169370651245117
87910,normal,3183,1,1782359405.6144564,0.002279520034790039
87911,normal,3702,0,1782359405.6160398,0.0015833377838134766
87912,normal,479,0,1782359405.6181216,0.0020818710327148438
87913,normal,3302,1,1782359405.620124,0.0020024776458740234
87914,normal,3518,0,1782359405.622015,0.0018908977508544922
87915,normal,2764,0,1782359405.6241367,0.0021216869354248047
87916,normal,2530,0,1782359405.6262128,0.0020761489868164062
87917,normal,3555,0,1782359405.6280332,0.0018203258514404297
87918,normal,401,0,1782359405.6301265,0.0020933151245117188
87919,normal,2983,0,1782359405.6321285,0.0020020008087158203
87920,normal,348,0,1782359405.6340299,0.001901388168334961
87921,normal,2192,0,1782359405.6361623,0.002132415771484375
87922,normal,1061,0,1782359405.638334,0.002171754837036133
87923,normal,3003,0,1782359405.6401863,0.001852273941040039
87924,normal,675,0,1782359405.6421225,0.001936197280883789
87925,normal,3372,1,1782359405.6441977,0.0020751953125
87926,normal,530,0,1782359405.6460867,0.0018889904022216797
87927,normal,2868,0,1782359405.6482222,0.0021355152130126953
87928,normal,762,0,1782359405.6501386,0.0019164085388183594
87929,normal,457,0,1782359405.6521597,0.0020210742950439453
87930,normal,145,0,1782359405.6541662,0.00200653076171875
87931,normal,1161,0,1782359405.65619,0.0020236968994140625
87932,normal,932,2,1782359405.6580946,0.0019047260284423828
87933,normal,642,0,1782359405.6602437,0.0021491050720214844
87934,normal,2173,0,1782359405.6622374,0.0019936561584472656
87935,normal,88,0,1782359405.6640103,0.0017728805541992188
87936,normal,1420,0,1782359405.666122,0.002111673355102539
87937,normal,824,2,1782359405.6681242,0.002002239227294922
87938,normal,1758,0,1782359405.6700196,0.0018954277038574219
87939,normal,2929,0,1782359405.6720219,0.002002239227294922
87940,normal,2462,0,1782359405.6741335,0.002111673355102539
87941,normal,1173,0,1782359405.6760216,0.0018880367279052734
87942,normal,3182,1,1782359405.6781428,0.0021212100982666016
87943,normal,364,0,1782359405.6801689,0.002026081085205078
87944,normal,2596,0,1782359405.6820948,0.0019259452819824219
87945,normal,350,0,1782359405.684167,0.0020720958709716797
87946,normal,1779,0,1782359405.6861331,0.001966238021850586
87947,normal,2203,0,1782359405.688048,0.0019147396087646484
87948,normal,3265,1,1782359405.690188,0.002140045166015625
87949,normal,2308,0,1782359405.6923048,0.0021169185638427734
87950,normal,916,2,1782359405.6940494,0.0017445087432861328
87951,normal,551,0,1782359405.6961374,0.0020880699157714844
87952,normal,2082,0,1782359405.698129,0.0019915103912353516
87953,normal,2642,0,1782359405.700026,0.0018970966339111328
87954,normal,2031,0,1782359405.7021303,0.0021042823791503906
87955,normal,2099,0,1782359405.704134,0.0020036697387695312
87956,normal,1592,0,1782359405.7060275,0.0018935203552246094
87957,normal,290,0,1782359405.7081428,0.0021152496337890625
87958,normal,1335,1,1782359405.7101514,0.002008676528930664
87959,normal,498,0,1782359405.7120485,0.0018970966339111328
87960,normal,1324,1,1782359405.714183,0.002134561538696289
87961,normal,905,2,1782359405.716132,0.0019488334655761719
87962,normal,854,2,1782359405.7180235,0.0018916130065917969
87963,normal,1018,2,1782359405.720139,0.002115488052368164
87964,normal,2367,0,1782359405.7221327,0.0019936561584472656
87965,normal,2185,0,1782359405.7240202,0.0018875598907470703
87966,normal,3390,1,1782359405.726215,0.002194643020629883
87967,normal,716,0,1782359405.728185,0.001970052719116211
87968,normal,1605,0,1782359405.7300959,0.0019109249114990234
87969,normal,2559,0,1782359405.7322135,0.002117633819580078
87970,normal,2823,0,1782359405.734176,0.001962423324584961
87971,normal,1764,0,1782359405.7360454,0.0018694400787353516
87972,normal,3320,1,1782359405.7381647,0.002119302749633789
87973,normal,74,0,1782359405.7401567,0.0019919872283935547
87974,normal,471,0,1782359405.7420175,0.0018608570098876953
87975,normal,2856,0,1782359405.7441316,0.0021140575408935547
87976,normal,1887,0,1782359405.746015,0.0018835067749023438
87977,normal,2786,0,1782359405.7481334,0.002118349075317383
87978,normal,649,0,1782359405.7500663,0.0019328594207763672
87979,normal,1443,0,1782359405.7522,0.002133607864379883
87980,normal,2038,0,1782359405.7541497,0.0019497871398925781
87981,normal,258,0,1782359405.756107,0.001957416534423828
87982,normal,395,0,1782359405.7581112,0.0020041465759277344
87983,normal,1262,0,1782359405.7600713,0.0019600391387939453
87984,normal,3312,1,1782359405.762228,0.0021567344665527344
87985,normal,3282,1,1782359405.7642267,0.0019986629486083984
87986,normal,173,0,1782359405.7660258,0.0017991065979003906
87987,normal,2542,0,1782359405.7681193,0.0020935535430908203
87988,normal,1275,0,1782359405.770108,0.001988649368286133
87989,normal,3060,1,1782359405.7719917,0.0018837451934814453
87990,normal,2294,0,1782359405.7742116,0.0022199153900146484
87991,normal,1918,0,1782359405.776117,0.0019054412841796875
87992,normal,2234,0,1782359405.778007,0.001889944076538086
87993,normal,2657,0,1782359405.7801156,0.0021085739135742188
87994,normal,2181,0,1782359405.782124,0.0020084381103515625
87995,normal,2695,0,1782359405.7843356,0.0022115707397460938
87996,normal,3356,1,1782359405.786277,0.0019414424896240234
87997,normal,1283,0,1782359405.7881806,0.001903533935546875
87998,normal,3222,1,1782359405.7900136,0.0018329620361328125
87999,normal,1893,0,1782359405.7921267,0.0021131038665771484
88000,normal,3468,0,1782359405.7941296,0.0020029544830322266
88001,normal,1403,0,1782359405.796029,0.0018994808197021484
88002,normal,2025,0,1782359405.7982507,0.0022215843200683594
88003,normal,1748,0,1782359405.8001287,0.0018780231475830078
88004,normal,255,0,1782359405.8020132,0.00188446044921875
88005,normal,510,0,1782359405.8041437,0.0021305084228515625
88006,normal,2959,0,1782359405.806148,0.002004384994506836
88007,normal,1677,0,1782359405.8080323,0.0018842220306396484
88008,normal,1229,0,1782359405.8103366,0.0023043155670166016
88009,normal,872,2,1782359405.8122385,0.001901865005493164
88010,normal,434,0,1782359405.8141057,0.0018672943115234375
88011,normal,1686,0,1782359405.8161914,0.0020856857299804688
88012,normal,2317,0,1782359405.8182244,0.0020329952239990234
88013,normal,2289,0,1782359405.820102,0.0018775463104248047
88014,normal,1211,0,1782359405.8221316,0.0020296573638916016
88015,normal,1753,0,1782359405.8243325,0.0022008419036865234
88016,normal,2562,0,1782359405.8261771,0.001844644546508789
88017,normal,2829,0,1782359405.8280563,0.0018792152404785156
88018,normal,58,0,1782359405.8303785,0.0023221969604492188
88019,normal,706,0,1782359405.8324575,0.002079010009765625
88020,normal,3326,1,1782359405.834051,0.0015933513641357422
88021,normal,3406,0,1782359405.8361275,0.0020766258239746094
88022,normal,1078,0,1782359405.8380117,0.0018842220306396484
88023,normal,1248,0,1782359405.8401303,0.0021185874938964844
88024,normal,1137,0,1782359405.8421342,0.002003908157348633
88025,normal,3306,1,1782359405.8440242,0.001889944076538086
88026,normal,198,0,1782359405.8461726,0.0021483898162841797
88027,normal,24,0,1782359405.848122,0.001949310302734375
88028,normal,1045,0,1782359405.8500397,0.0019178390502929688
88029,normal,1084,0,1782359405.852166,0.0021262168884277344
88030,normal,3604,0,1782359405.8541863,0.0020203590393066406
88031,normal,1216,0,1782359405.8560898,0.001903533935546875
88032,normal,3664,0,1782359405.8581145,0.0020246505737304688
88033,normal,1579,0,1782359405.8601468,0.0020322799682617188
88034,normal,3244,1,1782359405.8620527,0.0019059181213378906
88035,normal,707,0,1782359405.8642013,0.0021486282348632812
88036,normal,1920,0,1782359405.866159,0.0019576549530029297
88037,normal,2045,0,1782359405.8680236,0.0018646717071533203
88038,normal,1586,0,1782359405.8701355,0.0021119117736816406
88039,normal,379,0,1782359405.8721309,0.0019953250885009766
88040,normal,194,0,1782359405.8740172,0.0018863677978515625
88041,normal,3195,1,1782359405.876131,0.002113819122314453
88042,normal,2840,0,1782359405.8781366,0.0020055770874023438
88043,normal,1261,0,1782359405.8800318,0.0018951892852783203
88044,normal,3600,0,1782359405.8821473,0.002115488052368164
88045,normal,3339,1,1782359405.8841543,0.002007007598876953
88046,normal,266,0,1782359405.8860621,0.0019078254699707031
88047,normal,3509,0,1782359405.8881319,0.002069711685180664
88048,normal,2113,0,1782359405.8901315,0.0019996166229248047
88049,normal,2377,0,1782359405.8920176,0.001886129379272461
88050,normal,2804,0,1782359405.8941314,0.002113819122314453
88051,normal,3585,0,1782359405.8961313,0.0019998550415039062
88052,normal,2184,0,1782359405.898044,0.001912832260131836
88053,normal,3454,0,1782359405.9001806,0.0021364688873291016
88054,normal,529,0,1782359405.9021943,0.002013683319091797
88055,normal,1404,0,1782359405.9040966,0.0019023418426513672
88056,normal,1670,0,1782359405.906174,0.002077341079711914
88057,normal,1617,0,1782359405.9081423,0.0019683837890625
88058,normal,3582,0,1782359405.9100456,0.0019032955169677734
88059,normal,3517,0,1782359405.9121506,0.0021049976348876953
88060,normal,2855,0,1782359405.914132,0.001981496810913086
88061,normal,2576,0,1782359405.9160206,0.0018885135650634766
88062,normal,1607,0,1782359405.9181278,0.0021071434020996094
88063,normal,1604,0,1782359405.9202232,0.002095460891723633
88064,normal,1640,0,1782359405.9220762,0.0018529891967773438
88065,normal,3076,1,1782359405.9241905,0.0021142959594726562
88066,normal,2590,0,1782359405.9262476,0.0020570755004882812
88067,normal,1467,0,1782359405.928112,0.0018644332885742188
88068,normal,2753,0,1782359405.930125,0.002012968063354492
88069,normal,3284,1,1782359405.9321802,0.0020551681518554688
88070,normal,1037,0,1782359405.9341545,0.001974344253540039
88071,normal,3686,0,1782359405.9361517,0.001997232437133789
88072,normal,1366,1,1782359405.9381816,0.002029895782470703
88073,normal,2972,0,1782359405.9400117,0.0018301010131835938
88074,normal,1706,0,1782359405.9421284,0.002116680145263672
88075,normal,2966,0,1782359405.9441223,0.001993894577026367
88076,normal,2341,0,1782359405.9461064,0.001984119415283203
88077,normal,2021,0,1782359405.9480176,0.001911163330078125
88078,normal,2335,0,1782359405.9501193,0.0021016597747802734
88079,normal,3255,1,1782359405.952006,0.0018868446350097656
88080,normal,2201,0,1782359405.9541152,0.002109050750732422
88081,normal,2794,0,1782359405.9562373,0.002122163772583008
88082,normal,790,2,1782359405.9582846,0.002047300338745117
88083,normal,876,2,1782359405.960059,0.0017743110656738281
88084,normal,3160,1,1782359405.9621246,0.0020656585693359375
88085,normal,2083,0,1782359405.9640136,0.0018889904022216797
88086,normal,3205,1,1782359405.966134,0.002120494842529297
88087,normal,3688,0,1782359405.968144,0.002009868621826172
88088,normal,2220,0,1782359405.970098,0.0019540786743164062
88089,normal,448,0,1782359405.9721398,0.0020418167114257812
88090,normal,2652,0,1782359405.974124,0.001984119415283203
88091,normal,1514,0,1782359405.9760358,0.0019118785858154297
88092,normal,3286,1,1782359405.9781458,0.002110004425048828
88093,normal,3328,1,1782359405.980148,0.002002239227294922
88094,normal,2567,0,1782359405.9822652,0.002117156982421875
88095,normal,1953,0,1782359405.984188,0.0019228458404541016
88096,normal,1293,0,1782359405.986221,0.0020329952239990234
88097,normal,1351,1,1782359405.9880989,0.0018777847290039062
88098,normal,2344,0,1782359405.9902103,0.0021114349365234375
88099,normal,393,0,1782359405.9922183,0.0020079612731933594
88100,normal,354,0,1782359405.994027,0.0018086433410644531
88101,normal,3414,0,1782359405.996296,0.0022690296173095703
88102,normal,1167,0,1782359405.9982862,0.0019903182983398438
88103,normal,667,0,1782359406.0000699,0.001783609390258789
88104,normal,3626,0,1782359406.002172,0.0021021366119384766
88105,normal,904,2,1782359406.0043495,0.0021774768829345703
88106,normal,1393,0,1782359406.0061228,0.0017733573913574219
88107,normal,1003,2,1782359406.0080209,0.001898050308227539
88108,normal,816,2,1782359406.0101178,0.002096891403198242
88109,normal,1323,1,1782359406.012018,0.0019001960754394531
88110,normal,3398,1,1782359406.014144,0.002125978469848633
88111,normal,3533,0,1782359406.0161266,0.0019826889038085938
88112,normal,685,0,1782359406.0180204,0.001893758773803711
88113,normal,1280,0,1782359406.0201185,0.00209808349609375
88114,normal,1455,0,1782359406.0221384,0.0020198822021484375
88115,normal,2396,0,1782359406.0240643,0.0019259452819824219
88116,normal,907,2,1782359406.0262015,0.0021371841430664062
88117,normal,2499,0,1782359406.0281742,0.001972675323486328
88118,normal,2614,0,1782359406.030006,0.0018317699432373047
88119,normal,2534,0,1782359406.0321581,0.0021522045135498047
88120,normal,415,0,1782359406.0341802,0.0020220279693603516
88121,normal,2180,0,1782359406.036085,0.0019047260284423828
88122,normal,2126,0,1782359406.0381541,0.002069234848022461
88123,normal,1104,0,1782359406.0401216,0.0019674301147460938
88124,normal,2338,0,1782359406.0420825,0.0019609928131103516
88125,normal,2841,0,1782359406.044136,0.002053499221801758
88126,normal,3614,0,1782359406.0461278,0.001991748809814453
88127,normal,215,0,1782359406.048044,0.0019161701202392578
88128,normal,1625,0,1782359406.050185,0.0021409988403320312
88129,normal,1565,0,1782359406.0521445,0.001959562301635742
88130,normal,299,0,1782359406.0540411,0.0018966197967529297
88131,normal,974,2,1782359406.0561695,0.0021283626556396484
88132,normal,120,0,1782359406.0581686,0.0019991397857666016
88133,normal,3225,1,1782359406.0600262,0.0018575191497802734
88134,normal,1247,0,1782359406.0621505,0.002124309539794922
88135,normal,2896,0,1782359406.0641396,0.001989126205444336
88136,normal,2280,0,1782359406.0660412,0.0019016265869140625
88137,normal,454,0,1782359406.0681376,0.002096414566040039
88138,normal,3656,0,1782359406.070157,0.0020194053649902344
88139,normal,2391,0,1782359406.0720773,0.0019202232360839844
88140,normal,3570,0,1782359406.0741937,0.0021164417266845703
88141,normal,2476,0,1782359406.0762048,0.0020110607147216797
88142,normal,3464,0,1782359406.0780494,0.001844644546508789
88143,normal,2186,0,1782359406.0801554,0.0021059513092041016
88144,normal,2792,0,1782359406.0821524,0.0019969940185546875
88145,normal,852,2,1782359406.0840406,0.001888275146484375
88146,normal,1253,0,1782359406.0861237,0.0020830631256103516
88147,normal,2985,0,1782359406.0881264,0.002002716064453125
88148,normal,1305,0,1782359406.090014,0.0018875598907470703
88149,normal,2453,0,1782359406.0922527,0.002238750457763672
88150,normal,2164,0,1782359406.0941806,0.0019278526306152344
88151,normal,2262,0,1782359406.0960681,0.0018875598907470703
88152,normal,1878,0,1782359406.09825,0.0021817684173583984
88153,normal,2285,0,1782359406.1002128,0.001962900161743164
88154,normal,2106,0,1782359406.102126,0.0019130706787109375
88155,normal,245,0,1782359406.1040773,0.001951456069946289
88156,normal,521,0,1782359406.106226,0.0021486282348632812
88157,normal,607,0,1782359406.1081767,0.0019507408142089844
88158,normal,3346,1,1782359406.1100082,0.0018315315246582031
88159,normal,1782,0,1782359406.1121175,0.0021092891693115234
88160,normal,3259,1,1782359406.114,0.0018825531005859375
88161,normal,862,2,1782359406.1161215,0.002121448516845703
88162,normal,1760,0,1782359406.1181426,0.0020210742950439453
88163,normal,2429,0,1782359406.1200042,0.001861572265625
88164,normal,2912,0,1782359406.1221204,0.0021162033081054688
88165,normal,3609,0,1782359406.1241148,0.0019943714141845703
88166,normal,118,0,1782359406.1260026,0.0018877983093261719
88167,normal,2168,0,1782359406.1287029,0.002700328826904297
88168,normal,61,0,1782359406.130171,0.0014681816101074219
88169,normal,939,2,1782359406.1320353,0.0018641948699951172
88170,normal,3216,1,1782359406.1341991,0.0021638870239257812
88171,normal,3170,1,1782359406.1361408,0.001941680908203125
88172,normal,1312,0,1782359406.138024,0.0018832683563232422
88173,normal,1550,0,1782359406.140197,0.0021729469299316406
88174,normal,693,0,1782359406.1422021,0.0020051002502441406
88175,normal,2552,0,1782359406.1440566,0.0018544197082519531
88176,normal,3245,1,1782359406.1461282,0.0020716190338134766
88177,normal,1869,0,1782359406.1481354,0.0020072460174560547
88178,normal,2710,0,1782359406.1500351,0.00189971923828125
88179,normal,2617,0,1782359406.1521475,0.0021123886108398438
88180,normal,3687,0,1782359406.1541646,0.0020170211791992188
88181,normal,1505,0,1782359406.1562414,0.002076864242553711
88182,normal,3300,1,1782359406.158094,0.0018525123596191406
88183,normal,3357,1,1782359406.16022,0.002125978469848633
88184,normal,374,0,1782359406.162097,0.0018770694732666016
88185,normal,116,0,1782359406.1642098,0.002112865447998047
88186,normal,204,0,1782359406.1661277,0.0019178390502929688
88187,normal,1724,0,1782359406.168243,0.0021152496337890625
88188,normal,3341,1,1782359406.1701884,0.00194549560546875
88189,normal,3027,0,1782359406.1721683,0.001979827880859375
88190,normal,686,0,1782359406.174348,0.002179861068725586
88191,normal,2991,0,1782359406.1764412,0.002093076705932617
88192,normal,307,0,1782359406.178056,0.0016148090362548828
88193,normal,1497,0,1782359406.1801267,0.0020706653594970703
88194,normal,1744,0,1782359406.182021,0.001894235610961914
88195,normal,580,0,1782359406.184131,0.002110004425048828
88196,normal,1,0,1782359406.1860235,0.0018925666809082031
88197,normal,3331,1,1782359406.1881292,0.002105712890625
88198,normal,3006,0,1782359406.1901286,0.001999378204345703
88199,normal,113,0,1782359406.1920152,0.001886606216430664
88200,normal,946,2,1782359406.1941557,0.002140522003173828
88201,normal,1807,0,1782359406.1961627,0.002007007598876953
88202,normal,430,0,1782359406.1980948,0.0019321441650390625
88203,normal,885,2,1782359406.2001498,0.002054929733276367
88204,normal,2508,0,1782359406.2021418,0.0019919872283935547
88205,normal,2315,0,1782359406.2040532,0.0019114017486572266
88206,normal,1652,0,1782359406.2061815,0.0021283626556396484
88207,normal,3071,1,1782359406.2081854,0.002003908157348633
88208,normal,86,0,1782359406.2100348,0.0018494129180908203
88209,normal,3679,0,1782359406.2121282,0.0020933151245117188
88210,normal,1509,0,1782359406.2141342,0.002006053924560547
88211,normal,2546,0,1782359406.2160256,0.0018913745880126953
88212,normal,782,2,1782359406.2181342,0.0021085739135742188
88213,normal,1808,0,1782359406.2201345,0.0020003318786621094
88214,normal,3524,0,1782359406.2220373,0.0019028186798095703
88215,normal,1328,1,1782359406.2241485,0.002111196517944336
88216,normal,3573,0,1782359406.2261457,0.001997232437133789
88217,normal,699,0,1782359406.2281682,0.0020225048065185547
88218,normal,2240,0,1782359406.230044,0.0018756389617919922
88219,normal,2085,0,1782359406.2321346,0.0020906925201416016
88220,normal,2277,0,1782359406.2341087,0.0019741058349609375
88221,normal,385,0,1782359406.2359614,0.0018527507781982422
88222,normal,3218,1,1782359406.2380462,0.0020847320556640625
88223,normal,1153,0,1782359406.239965,0.001918792724609375
88224,normal,1860,0,1782359406.2420712,0.002106189727783203
88225,normal,114,0,1782359406.2440782,0.002007007598876953
88226,normal,1264,0,1782359406.2460263,0.0019481182098388672
88227,normal,3689,0,1782359406.2481256,0.002099275588989258
88228,normal,1903,0,1782359406.2500684,0.0019428730010986328
88229,normal,1796,0,1782359406.252008,0.001939535140991211
88230,normal,1901,0,1782359406.2540622,0.0020542144775390625
88231,normal,3422,0,1782359406.2560503,0.0019881725311279297
88232,normal,2581,0,1782359406.25796,0.0019097328186035156
88233,normal,3005,0,1782359406.2600534,0.0020933151245117188
88234,normal,1676,0,1782359406.262036,0.0019826889038085938
88235,normal,698,0,1782359406.2641594,0.0021233558654785156
88236,normal,2401,0,1782359406.2660034,0.0018439292907714844
88237,normal,2759,0,1782359406.2680912,0.002087831497192383
88238,normal,1364,1,1782359406.2700355,0.0019443035125732422
88239,normal,1926,0,1782359406.2722454,0.002209901809692383
88240,normal,3365,1,1782359406.2740228,0.0017774105072021484
88241,normal,3145,1,1782359406.2760746,0.002051830291748047
88242,normal,64,0,1782359406.278036,0.0019614696502685547
88243,normal,2888,0,1782359406.2801304,0.002094268798828125
88244,normal,2298,0,1782359406.2819605,0.0018301010131835938
88245,normal,2863,0,1782359406.2840314,0.002070903778076172
88246,normal,2994,0,1782359406.286025,0.0019936561584472656
88247,normal,2465,0,1782359406.2879448,0.0019197463989257812
88248,normal,491,0,1782359406.2900417,0.002096891403198242
88249,normal,308,0,1782359406.2920191,0.0019774436950683594
88250,normal,2425,0,1782359406.2940488,0.0020296573638916016
88251,normal,2028,0,1782359406.2959416,0.0018928050994873047
88252,normal,2250,0,1782359406.2980354,0.002093791961669922
88253,normal,405,0,1782359406.3005333,0.0024979114532470703
88254,normal,1445,0,1782359406.3020966,0.0015633106231689453
88255,normal,1381,1,1782359406.30405,0.0019533634185791016
88256,normal,3477,0,1782359406.305964,0.0019140243530273438
88257,normal,1419,0,1782359406.3081615,0.0021975040435791016
88258,normal,305,0,1782359406.310114,0.0019524097442626953
88259,normal,2775,0,1782359406.312065,0.001950979232788086
88260,normal,795,2,1782359406.314192,0.0021271705627441406
88261,normal,1664,0,1782359406.316165,0.0019729137420654297
88262,normal,1771,0,1782359406.3180125,0.0018475055694580078
88263,normal,77,0,1782359406.3201277,0.0021152496337890625
88264,normal,874,2,1782359406.3221312,0.0020034313201904297
88265,normal,1525,0,1782359406.3240163,0.0018851757049560547
88266,normal,2526,0,1782359406.3261812,0.0021648406982421875
88267,normal,1917,0,1782359406.3282647,0.0020835399627685547
88268,normal,750,0,1782359406.3300774,0.0018126964569091797
88269,normal,783,2,1782359406.3320708,0.001993417739868164
88270,normal,1854,0,1782359406.3342588,0.002187967300415039
88271,normal,2563,0,1782359406.3360527,0.0017938613891601562
88272,normal,3290,1,1782359406.3381875,0.0021347999572753906
88273,normal,2022,0,1782359406.3403811,0.0021936893463134766
88274,normal,863,2,1782359406.3421214,0.0017402172088623047
88275,normal,417,0,1782359406.344029,0.0019075870513916016
88276,normal,1238,0,1782359406.3462298,0.0022008419036865234
88277,normal,2893,0,1782359406.348253,0.0020232200622558594
88278,normal,1344,1,1782359406.3500907,0.0018377304077148438
88279,normal,3411,0,1782359406.3521388,0.002048015594482422
88280,normal,323,0,1782359406.3539858,0.0018470287322998047
88281,normal,3022,0,1782359406.3560343,0.002048492431640625
88282,normal,1149,0,1782359406.3581514,0.002117156982421875
88283,normal,1523,0,1782359406.3600326,0.0018811225891113281
88284,normal,1341,1,1782359406.3621294,0.002096891403198242
88285,normal,520,0,1782359406.3641062,0.0019767284393310547
88286,normal,2598,0,1782359406.36604,0.0019338130950927734
88287,normal,3410,0,1782359406.368189,0.0021491050720214844
88288,normal,2127,0,1782359406.37019,0.0020008087158203125
88289,normal,1259,0,1782359406.372035,0.0018451213836669922
88290,normal,595,0,1782359406.3741405,0.0021054744720458984
88291,normal,3632,0,1782359406.3761566,0.0020160675048828125
88292,normal,1945,0,1782359406.3780782,0.0019216537475585938
88293,normal,1757,0,1782359406.380198,0.002119779586791992
88294,normal,2475,0,1782359406.3821247,0.0019266605377197266
88295,normal,2259,0,1782359406.3840213,0.0018966197967529297
88296,normal,62,0,1782359406.3861246,0.0021033287048339844
88297,normal,212,0,1782359406.3881278,0.002003192901611328
88298,normal,2990,0,1782359406.3900137,0.0018858909606933594
88299,normal,1963,0,1782359406.3922207,0.002207040786743164
88300,normal,3491,0,1782359406.3941433,0.001922607421875
88301,normal,2660,0,1782359406.3960323,0.0018889904022216797
88302,normal,827,2,1782359406.3981462,0.002113819122314453
88303,normal,1962,0,1782359406.4002783,0.0021321773529052734
88304,normal,3184,1,1782359406.4020245,0.0017461776733398438
88305,normal,1961,0,1782359406.4041297,0.002105236053466797
88306,normal,1224,0,1782359406.4061599,0.0020301342010498047
88307,normal,1661,0,1782359406.4079883,0.0018284320831298828
88308,normal,2890,0,1782359406.4101307,0.0021424293518066406
88309,normal,2861,0,1782359406.4121304,0.0019996166229248047
88310,normal,571,0,1782359406.4140449,0.0019145011901855469
88311,normal,1463,0,1782359406.416072,0.0020270347595214844
88312,normal,3455,0,1782359406.4181964,0.0021245479583740234
88313,normal,2547,0,1782359406.420096,0.0018994808197021484
88314,normal,276,0,1782359406.4220355,0.001939535140991211
88315,normal,1059,0,1782359406.4241562,0.0021207332611083984
88316,normal,826,2,1782359406.426035,0.0018787384033203125
88317,normal,726,0,1782359406.4281445,0.002109527587890625
88318,normal,1720,0,1782359406.43012,0.001975536346435547
88319,normal,1249,0,1782359406.4320102,0.0018901824951171875
88320,normal,749,0,1782359406.434108,0.0020978450775146484
88321,normal,96,0,1782359406.4363315,0.002223491668701172
88322,normal,1090,0,1782359406.4380732,0.001741647720336914
88323,normal,2724,0,1782359406.4401917,0.0021185874938964844
88324,normal,2996,0,1782359406.4422374,0.0020456314086914062
88325,normal,2512,0,1782359406.4442835,0.0020461082458496094
88326,normal,509,0,1782359406.4460657,0.0017821788787841797
88327,normal,2002,0,1782359406.4481773,0.002111673355102539
88328,normal,1785,0,1782359406.4501162,0.0019388198852539062
88329,normal,2016,0,1782359406.4521387,0.0020225048065185547
88330,normal,1577,0,1782359406.4541206,0.001981973648071289
88331,normal,1476,0,1782359406.4560192,0.0018985271453857422
88332,normal,3579,0,1782359406.458117,0.0020978450775146484
88333,normal,2766,0,1782359406.460127,0.0020101070404052734
88334,normal,483,0,1782359406.4620156,0.0018885135650634766
88335,normal,3048,1,1782359406.4641206,0.0021049976348876953
88336,normal,410,0,1782359406.4661229,0.002002239227294922
88337,normal,3571,0,1782359406.4680035,0.001880645751953125
88338,normal,2236,0,1782359406.4701145,0.0021109580993652344
88339,normal,1844,0,1782359406.4727452,0.0026307106018066406
88340,normal,122,0,1782359406.474122,0.0013768672943115234
88341,normal,2319,0,1782359406.476035,0.0019130706787109375
88342,normal,3605,0,1782359406.4781296,0.0020945072174072266
88343,normal,3212,1,1782359406.480032,0.0019023418426513672
88344,normal,383,0,1782359406.482161,0.002129077911376953
88345,normal,3447,0,1782359406.484203,0.002042055130004883
88346,normal,3078,1,1782359406.4860933,0.0018901824951171875
88347,normal,1662,0,1782359406.488138,0.002044677734375
88348,normal,3409,0,1782359406.4901245,0.0019865036010742188
88349,normal,2228,0,1782359406.4920356,0.001911163330078125
88350,normal,559,0,1782359406.4941459,0.0021102428436279297
88351,normal,500,0,1782359406.4961405,0.001994609832763672
88352,normal,119,0,1782359406.4980342,0.001893758773803711
88353,normal,3634,0,1782359406.5002606,0.0022263526916503906
88354,normal,439,0,1782359406.5021825,0.0019218921661376953
88355,normal,745,0,1782359406.5040863,0.0019037723541259766
88356,normal,1938,0,1782359406.5062277,0.0021414756774902344
88357,normal,1626,0,1782359406.5081804,0.0019526481628417969
88358,normal,1654,0,1782359406.5102675,0.002087116241455078
88359,normal,397,0,1782359406.5122898,0.002022266387939453
88360,normal,3127,1,1782359406.5142875,0.001997709274291992
88361,normal,3619,0,1782359406.5160434,0.0017559528350830078
88362,normal,2778,0,1782359406.5182672,0.0022237300872802734
88363,normal,1430,0,1782359406.520279,0.0020117759704589844
88364,normal,1619,0,1782359406.522018,0.0017390251159667969
88365,normal,2645,0,1782359406.5241227,0.0021047592163085938
88366,normal,2424,0,1782359406.5261247,0.0020020008087158203
88367,normal,3470,0,1782359406.5280263,0.0019016265869140625
88368,normal,608,0,1782359406.5301366,0.0021102428436279297
88369,normal,3073,1,1782359406.5321043,0.0019676685333251953
88370,normal,1710,0,1782359406.5341492,0.0020449161529541016
88371,normal,1923,0,1782359406.5361452,0.0019960403442382812
88372,normal,1709,0,1782359406.5382628,0.002117633819580078
88373,normal,1391,0,1782359406.5401955,0.0019326210021972656
88374,normal,2115,0,1782359406.5423048,0.0021092891693115234
88375,normal,2418,0,1782359406.54405,0.0017452239990234375
88376,normal,54,0,1782359406.5461333,0.002083301544189453
88377,normal,1468,0,1782359406.5480516,0.0019183158874511719
88378,normal,1119,0,1782359406.550063,0.0020112991333007812
88379,normal,737,0,1782359406.5521994,0.0021364688873291016
88380,normal,2857,0,1782359406.5540233,0.0018239021301269531
88381,normal,2395,0,1782359406.5561314,0.0021080970764160156
88382,normal,1814,0,1782359406.5580194,0.0018880367279052734
88383,normal,1494,0,1782359406.5601268,0.002107381820678711
88384,normal,1554,0,1782359406.5621316,0.002004861831665039
88385,normal,3377,1,1782359406.5640152,0.0018835067749023438
88386,normal,3677,0,1782359406.5661383,0.002123117446899414
88387,normal,3085,1,1782359406.5681665,0.002028226852416992
88388,normal,3105,1,1782359406.570049,0.0018825531005859375
88389,normal,3065,1,1782359406.5722263,0.0021772384643554688
88390,normal,2847,0,1782359406.574027,0.0018007755279541016
88391,normal,2948,0,1782359406.5761313,0.0021042823791503906
88392,normal,250,0,1782359406.5780203,0.0018889904022216797
88393,normal,190,0,1782359406.5801294,0.002109050750732422
88394,normal,1072,0,1782359406.5820196,0.0018901824951171875
88395,normal,2355,0,1782359406.5841322,0.0021126270294189453
88396,normal,3107,1,1782359406.5861735,0.002041339874267578
88397,normal,1817,0,1782359406.588066,0.0018925666809082031
88398,normal,3675,0,1782359406.590212,0.002146005630493164
88399,normal,628,0,1782359406.5921166,0.0019044876098632812
88400,normal,2963,0,1782359406.5941296,0.002012968063354492
88401,normal,3332,1,1782359406.5960364,0.0019068717956542969
88402,normal,787,2,1782359406.5981934,0.002156972885131836
88403,normal,1436,0,1782359406.6000116,0.0018181800842285156
88404,normal,199,0,1782359406.602139,0.002127408981323242
88405,normal,359,0,1782359406.6041296,0.0019905567169189453
88406,normal,3014,0,1782359406.6060154,0.0018858909606933594
88407,normal,1188,0,1782359406.6082406,0.002225160598754883
88408,normal,231,0,1782359406.6100762,0.0018355846405029297
88409,normal,2648,0,1782359406.6122322,0.0021560192108154297
88410,normal,1995,0,1782359406.6141038,0.0018715858459472656
88411,normal,2946,0,1782359406.616159,0.0020551681518554688
88412,normal,3371,1,1782359406.6181076,0.0019485950469970703
88413,normal,1414,0,1782359406.6202447,0.0021371841430664062
88414,normal,141,0,1782359406.6221266,0.0018818378448486328
88415,normal,1718,0,1782359406.6240733,0.0019466876983642578
88416,normal,624,0,1782359406.6261199,0.0020465850830078125
88417,normal,1133,0,1782359406.628119,0.0019991397857666016
88418,normal,3338,1,1782359406.6299973,0.0018782615661621094
88419,normal,150,0,1782359406.6321688,0.0021715164184570312
88420,normal,3007,0,1782359406.6341243,0.0019555091857910156
88421,normal,3310,1,1782359406.636002,0.0018777847290039062
88422,normal,711,0,1782359406.6381164,0.0021142959594726562
88423,normal,238,0,1782359406.640114,0.001997709274291992
88424,normal,3697,0,1782359406.64222,0.0021059513092041016
88425,normal,576,0,1782359406.6443086,0.0020885467529296875
88426,normal,2406,0,1782359406.6460528,0.0017442703247070312
88427,normal,418,0,1782359406.6481342,0.0020813941955566406
88428,normal,2169,0,1782359406.650008,0.0018737316131591797
88429,normal,2891,0,1782359406.6521308,0.0021228790283203125
88430,normal,890,2,1782359406.6540234,0.0018925666809082031
88431,normal,1890,0,1782359406.6561744,0.002151012420654297
88432,normal,205,0,1782359406.6580286,0.0018541812896728516
88433,normal,31,0,1782359406.660127,0.0020983219146728516
88434,normal,1187,0,1782359406.6620247,0.0018978118896484375
88435,normal,1068,0,1782359406.6641424,0.002117633819580078
88436,normal,1751,0,1782359406.6660385,0.0018961429595947266
88437,normal,743,0,1782359406.6683874,0.0023488998413085938
88438,normal,3559,0,1782359406.6702256,0.0018382072448730469
88439,normal,1394,0,1782359406.672114,0.001888275146484375
88440,normal,2409,0,1782359406.674078,0.001964092254638672
88441,normal,648,0,1782359406.6762166,0.0021386146545410156
88442,normal,846,2,1782359406.678108,0.0018913745880126953
88443,normal,1380,1,1782359406.6801422,0.0020341873168945312
88444,normal,2074,0,1782359406.6822934,0.0021512508392333984
88445,normal,3493,0,1782359406.684184,0.0018906593322753906
88446,normal,2195,0,1782359406.6860595,0.0018754005432128906
88447,normal,1362,1,1782359406.6883752,0.0023157596588134766
88448,normal,435,0,1782359406.690365,0.0019898414611816406
88449,normal,333,0,1782359406.6922345,0.0018694400787353516
88450,normal,3552,0,1782359406.69411,0.0018754005432128906
88451,normal,2448,0,1782359406.696006,0.0018961429595947266
88452,normal,3366,1,1782359406.6981177,0.002111673355102539
88453,normal,1368,1,1782359406.7001302,0.002012491226196289
88454,normal,1638,0,1782359406.7020144,0.0018842220306396484
88455,normal,1974,0,1782359406.7041354,0.0021209716796875
88456,normal,3131,1,1782359406.706101,0.0019655227661132812
88457,normal,2974,0,1782359406.7080212,0.0019202232360839844
88458,normal,2438,0,1782359406.7101586,0.002137422561645508
88459,normal,328,0,1782359406.7121863,0.002027750015258789
88460,normal,3304,1,1782359406.7140744,0.0018880367279052734
88461,normal,895,2,1782359406.716115,0.0020406246185302734
88462,normal,3230,1,1782359406.7181463,0.0020313262939453125
88463,normal,2575,0,1782359406.7200413,0.0018949508666992188
88464,normal,303,0,1782359406.7221932,0.002151966094970703
88465,normal,3173,1,1782359406.7241657,0.0019724369049072266
88466,normal,2918,0,1782359406.726062,0.0018963813781738281
88467,normal,2922,0,1782359406.728133,0.002070903778076172
88468,normal,1587,0,1782359406.7301378,0.002004861831665039
88469,normal,437,0,1782359406.7319968,0.0018589496612548828
88470,normal,1047,0,1782359406.734112,0.0021152496337890625
88471,normal,873,2,1782359406.736178,0.002065896987915039
88472,normal,2149,0,1782359406.7380352,0.0018572807312011719
88473,normal,744,0,1782359406.7401593,0.0021240711212158203
88474,normal,3637,0,1782359406.743528,0.0033686161041259766
88475,normal,640,0,1782359406.7440176,0.0004897117614746094
88476,normal,1703,0,1782359406.7461305,0.002112865447998047
88477,normal,609,0,1782359406.7481296,0.0019991397857666016
88478,normal,512,0,1782359406.749997,0.0018672943115234375
88479,normal,2887,0,1782359406.7521303,0.0021333694458007812
88480,normal,3046,1,1782359406.7541301,0.0019998550415039062
88481,normal,3154,1,1782359406.756035,0.0019049644470214844
88482,normal,1985,0,1782359406.7581506,0.002115488052368164
88483,normal,1590,0,1782359406.7601874,0.0020368099212646484
88484,normal,771,0,1782359406.7620964,0.001909017562866211
88485,normal,1228,0,1782359406.7640545,0.001958131790161133
88486,normal,886,2,1782359406.7661438,0.002089262008666992
88487,normal,1950,0,1782359406.7680426,0.0018987655639648438
88488,normal,3430,0,1782359406.770144,0.002101421356201172
88489,normal,1930,0,1782359406.772124,0.0019800662994384766
88490,normal,1271,0,1782359406.7739952,0.0018711090087890625
88491,normal,493,0,1782359406.7761145,0.002119302749633789
88492,normal,2592,0,1782359406.7782753,0.002160787582397461
88493,normal,1600,0,1782359406.7800558,0.0017805099487304688
88494,normal,1980,0,1782359406.7820709,0.0020151138305664062
88495,normal,3344,1,1782359406.78425,0.0021791458129882812
88496,normal,1657,0,1782359406.7860737,0.0018236637115478516
88497,normal,2446,0,1782359406.7881064,0.002032756805419922
88498,normal,2428,0,1782359406.7901783,0.002071857452392578
88499,normal,1611,0,1782359406.7921054,0.0019271373748779297
88500,normal,1729,0,1782359406.794205,0.0020995140075683594
88501,normal,2558,0,1782359406.7961245,0.0019195079803466797
88502,normal,3269,1,1782359406.798002,0.0018775463104248047
88503,normal,2381,0,1782359406.8001134,0.0021114349365234375
88504,normal,2636,0,1782359406.8021142,0.0020008087158203125
88505,normal,3200,1,1782359406.8040462,0.001931905746459961
88506,normal,1608,0,1782359406.8061025,0.0020563602447509766
88507,normal,2533,0,1782359406.8081203,0.0020177364349365234
88508,normal,1223,0,1782359406.8100002,0.0018799304962158203
88509,normal,746,0,1782359406.8121135,0.00211334228515625
88510,normal,2255,0,1782359406.8145216,0.0024080276489257812
88511,normal,2156,0,1782359406.8162284,0.001706838607788086
88512,normal,386,0,1782359406.8180227,0.0017943382263183594
88513,normal,2740,0,1782359406.8201282,0.0021054744720458984
88514,normal,2218,0,1782359406.8220158,0.0018875598907470703
88515,normal,505,0,1782359406.8241296,0.002113819122314453
88516,normal,2194,0,1782359406.8261447,0.0020151138305664062
88517,normal,3471,0,1782359406.828143,0.0019981861114501953
88518,normal,1360,1,1782359406.830011,0.0018680095672607422
88519,normal,1511,0,1782359406.8321245,0.0021135807037353516
88520,normal,1749,0,1782359406.834011,0.001886606216430664
88521,normal,1334,1,1782359406.83616,0.002148866653442383
88522,normal,181,0,1782359406.8381445,0.0019845962524414062
88523,normal,786,2,1782359406.8401122,0.0019676685333251953
88524,normal,2208,0,1782359406.8422725,0.002160310745239258
88525,normal,402,0,1782359406.844197,0.0019245147705078125
88526,normal,2383,0,1782359406.8461897,0.0019927024841308594
88527,normal,1864,0,1782359406.84824,0.002050161361694336
88528,normal,369,0,1782359406.8502126,0.001972675323486328
88529,normal,3581,0,1782359406.8520312,0.0018186569213867188
88530,normal,1649,0,1782359406.8543925,0.002361297607421875
88531,normal,1317,0,1782359406.8561747,0.0017821788787841797
88532,normal,2591,0,1782359406.8581033,0.001928567886352539
88533,normal,1581,0,1782359406.8603108,0.002207517623901367
88534,normal,1006,2,1782359406.8624287,0.0021178722381591797
88535,normal,2122,0,1782359406.8640177,0.001589059829711914
88536,normal,709,0,1782359406.866187,0.002169370651245117
88537,normal,894,2,1782359406.8680193,0.0018322467803955078
88538,normal,2722,0,1782359406.8701508,0.0021314620971679688
88539,normal,2989,0,1782359406.8720229,0.0018720626831054688
88540,normal,3274,1,1782359406.8741367,0.002113819122314453
88541,normal,1574,0,1782359406.875999,0.0018622875213623047
88542,normal,2227,0,1782359406.8781662,0.002167224884033203
88543,normal,1613,0,1782359406.8800447,0.001878499984741211
88544,normal,1908,0,1782359406.882182,0.0021371841430664062
88545,normal,2822,0,1782359406.884101,0.0019190311431884766
88546,normal,1191,0,1782359406.886115,0.00201416015625
88547,normal,3451,0,1782359406.8880427,0.0019276142120361328
88548,normal,2068,0,1782359406.8901794,0.002136707305908203
88549,normal,1289,0,1782359406.8920612,0.0018818378448486328
88550,normal,3459,0,1782359406.8941844,0.002123117446899414
88551,normal,1406,0,1782359406.8960097,0.0018253326416015625
88552,normal,3418,0,1782359406.8981676,0.002157926559448242
88553,normal,2432,0,1782359406.9000242,0.0018565654754638672
88554,normal,3247,1,1782359406.9021385,0.0021142959594726562
88555,normal,2629,0,1782359406.90412,0.001981496810913086
88556,normal,1915,0,1782359406.9060209,0.0019009113311767578
88557,normal,1698,0,1782359406.908138,0.002117156982421875
88558,normal,366,0,1782359406.9101639,0.0020258426666259766
88559,normal,2770,0,1782359406.9120266,0.0018627643585205078
88560,normal,2754,0,1782359406.9141676,0.0021409988403320312
88561,normal,887,2,1782359406.916012,0.0018444061279296875
88562,normal,3521,0,1782359406.9181523,0.0021402835845947266
88563,normal,843,2,1782359406.919995,0.0018427371978759766
88564,normal,2004,0,1782359406.922094,0.0020990371704101562
88565,normal,2638,0,1782359406.9240093,0.0019152164459228516
88566,normal,377,0,1782359406.9260666,0.002057313919067383
88567,normal,167,0,1782359406.928128,0.0020613670349121094
88568,normal,2128,0,1782359406.9300406,0.0019125938415527344
88569,normal,247,0,1782359406.9321165,0.0020759105682373047
88570,normal,403,0,1782359406.9343016,0.0021851062774658203
88571,normal,6,0,1782359406.9363046,0.0020029544830322266
88572,normal,2017,0,1782359406.9396095,0.0033049583435058594
88573,normal,1733,0,1782359406.9400072,0.00039768218994140625
88574,normal,3684,0,1782359406.9420562,0.002048969268798828
88575,normal,1547,0,1782359406.9440844,0.002028226852416992
88576,normal,103,0,1782359406.9460106,0.0019261837005615234
88577,normal,1822,0,1782359406.948239,0.0022284984588623047
88578,normal,2926,0,1782359406.9499953,0.0017561912536621094
88579,normal,2688,0,1782359406.9523659,0.002370595932006836
88580,normal,917,2,1782359406.954221,0.0018551349639892578
88581,normal,3384,1,1782359406.956084,0.0018630027770996094
88582,normal,1846,0,1782359406.9581506,0.0020666122436523438
88583,normal,2815,0,1782359406.9601216,0.001971006393432617
88584,normal,1922,0,1782359406.962586,0.00246429443359375
88585,normal,1591,0,1782359406.96408,0.0014941692352294922
88586,normal,2634,0,1782359406.9663959,0.0023157596588134766
88587,normal,30,0,1782359406.968096,0.0017001628875732422
88588,normal,264,0,1782359406.9703257,0.0022296905517578125
88589,normal,171,0,1782359406.972231,0.001905202865600586
88590,normal,1540,0,1782359406.9741745,0.0019435882568359375
88591,normal,1172,0,1782359406.976324,0.0021495819091796875
88592,normal,1871,0,1782359406.9780843,0.001760244369506836
88593,normal,2984,0,1782359406.9803174,0.0022330284118652344
88594,normal,1208,0,1782359406.9823575,0.0020401477813720703
88595,normal,1576,0,1782359406.9841359,0.0017783641815185547
88596,normal,25,0,1782359406.9863284,0.0021924972534179688
88597,normal,2010,0,1782359406.9881377,0.0018093585968017578
88598,normal,2781,0,1782359406.9902134,0.002075672149658203
88599,normal,1692,0,1782359406.992216,0.002002716064453125
88600,normal,1964,0,1782359406.994381,0.0021648406982421875
88601,normal,3438,0,1782359406.9967322,0.0023512840270996094
88602,normal,2987,0,1782359406.9981613,0.0014290809631347656
88603,normal,2736,0,1782359407.0003414,0.0021800994873046875
88604,normal,1689,0,1782359407.002166,0.0018246173858642578
88605,normal,3435,0,1782359407.0043304,0.0021643638610839844
88606,normal,565,0,1782359407.0061538,0.00182342529296875
88607,normal,836,2,1782359407.0083807,0.0022268295288085938
88608,normal,2198,0,1782359407.0103602,0.0019795894622802734
88609,normal,371,0,1782359407.0122411,0.0018808841705322266
88610,normal,1234,0,1782359407.014135,0.001893758773803711
88611,normal,931,2,1782359407.016312,0.002177000045776367
88612,normal,1274,0,1782359407.018307,0.001995086669921875
88613,normal,934,2,1782359407.0201178,0.0018107891082763672
88614,normal,3645,0,1782359407.02256,0.0024421215057373047
88615,normal,3485,0,1782359407.0243225,0.0017626285552978516
88616,normal,2191,0,1782359407.0263104,0.001987934112548828
88617,normal,1399,0,1782359407.0282745,0.001964092254638672
88618,normal,2884,0,1782359407.0304332,0.002158641815185547
88619,normal,2158,0,1782359407.0321805,0.0017473697662353516
88620,normal,563,0,1782359407.0342526,0.0020720958709716797
88621,normal,3263,1,1782359407.036546,0.0022933483123779297
88622,normal,3292,1,1782359407.0386064,0.002060413360595703
88623,normal,1827,0,1782359407.0405235,0.001917123794555664
88624,normal,2916,0,1782359407.0429213,0.002397775650024414
88625,normal,2193,0,1782359407.0441642,0.0012428760528564453
88626,normal,637,0,1782359407.046317,0.0021529197692871094
88627,normal,2034,0,1782359407.0484972,0.0021800994873046875
88628,normal,2509,0,1782359407.0502925,0.0017952919006347656
88629,normal,2353,0,1782359407.052258,0.0019655227661132812
88630,normal,1389,0,1782359407.0543425,0.002084493637084961
88631,normal,349,0,1782359407.05612,0.0017774105072021484
88632,normal,3152,1,1782359407.058233,0.0021131038665771484
88633,normal,2190,0,1782359407.0602949,0.0020618438720703125
88634,normal,3096,1,1782359407.0621693,0.0018744468688964844
88635,normal,2157,0,1782359407.0641673,0.0019979476928710938
88636,normal,338,0,1782359407.0662599,0.002092599868774414
88637,normal,153,0,1782359407.0681024,0.001842498779296875
88638,normal,1589,0,1782359407.070186,0.0020835399627685547
88639,normal,523,0,1782359407.0723655,0.0021796226501464844
88640,normal,893,2,1782359407.0741682,0.001802682876586914
88641,normal,1568,0,1782359407.0761242,0.0019559860229492188
88642,normal,3535,0,1782359407.0782783,0.002154111862182617
88643,normal,733,0,1782359407.0800967,0.0018184185028076172
88644,normal,3241,1,1782359407.0822587,0.0021619796752929688
88645,normal,857,2,1782359407.0843058,0.0020470619201660156
88646,normal,1800,0,1782359407.0861793,0.0018734931945800781
88647,normal,2685,0,1782359407.088169,0.0019898414611816406
88648,normal,1178,0,1782359407.0902529,0.0020837783813476562
88649,normal,2930,0,1782359407.211088,0.1208350658416748
88650,normal,3369,1,1782359407.2111833,9.5367431640625e-05
88651,normal,499,0,1782359407.2112193,3.600120544433594e-05
88652,normal,2003,0,1782359407.211249,2.9802322387695312e-05
88653,normal,3223,1,1782359407.2112827,3.361701965332031e-05
88654,normal,3,0,1782359407.2113109,2.8133392333984375e-05
88655,normal,3417,0,1782359407.2113376,2.6702880859375e-05
88656,normal,1318,0,1782359407.2113636,2.5987625122070312e-05
88657,normal,1155,0,1782359407.2113898,2.6226043701171875e-05
88658,normal,1530,0,1782359407.2114155,2.574920654296875e-05
88659,normal,2482,0,1782359407.2114406,2.5033950805664062e-05
88660,normal,828,2,1782359407.2114675,2.6941299438476562e-05
88661,normal,1672,0,1782359407.2114942,2.6702880859375e-05
88662,normal,1705,0,1782359407.2115197,2.5510787963867188e-05
88709,normal,954,2,1782359407.2120278,0.0005080699920654297
88710,normal,599,0,1782359407.2141478,0.0021200180053710938
88711,normal,1561,0,1782359407.2161808,0.0020329952239990234
88712,normal,727,0,1782359407.2180524,0.0018715858459472656
88713,normal,1879,0,1782359407.2203777,0.002325296401977539
88714,normal,1426,0,1782359407.2221038,0.0017261505126953125
88715,normal,260,0,1782359407.2243495,0.002245664596557617
88716,normal,2142,0,1782359407.2260766,0.0017271041870117188
88717,normal,1856,0,1782359407.2283149,0.0022382736206054688
88718,normal,2637,0,1782359407.230106,0.001791238784790039
88719,normal,1896,0,1782359407.233341,0.00323486328125
88720,normal,146,0,1782359407.234625,0.0012841224670410156
88721,normal,761,0,1782359407.2364001,0.0017750263214111328
88722,normal,2456,0,1782359407.2383246,0.0019245147705078125
88723,normal,3075,1,1782359407.2405562,0.002231597900390625
88724,normal,262,0,1782359407.2423542,0.0017979145050048828
88725,normal,3233,1,1782359407.2444487,0.0020945072174072266
88726,normal,3612,0,1782359407.246221,0.0017724037170410156
88727,normal,3051,1,1782359407.2485983,0.0023772716522216797
88728,normal,246,0,1782359407.2504046,0.0018062591552734375
88729,normal,3457,0,1782359407.2523959,0.00199127197265625
88730,normal,2040,0,1782359407.2542102,0.0018143653869628906
88731,normal,3149,1,1782359407.256504,0.002293825149536133
88732,normal,1067,0,1782359407.2586188,0.0021147727966308594
88733,normal,3461,0,1782359407.260178,0.0015592575073242188
88734,normal,2075,0,1782359407.262202,0.002023935317993164
88735,normal,742,0,1782359407.2642312,0.0020291805267333984
88736,normal,3375,1,1782359407.2662046,0.001973390579223633
88737,normal,616,0,1782359407.2684424,0.0022377967834472656
88738,normal,1838,0,1782359407.2704864,0.0020439624786376953
88739,normal,2307,0,1782359407.272223,0.0017366409301757812
88740,normal,1784,0,1782359407.2742264,0.0020034313201904297
88741,normal,3515,0,1782359407.2763329,0.0021064281463623047
88742,normal,463,0,1782359407.278153,0.0018200874328613281
88743,normal,3201,1,1782359407.2804105,0.0022575855255126953
88744,normal,2213,0,1782359407.2823114,0.0019009113311767578
88745,normal,85,0,1782359407.2842176,0.0019061565399169922
88746,normal,1040,0,1782359407.2863088,0.0020911693572998047
88747,normal,538,0,1782359407.2883692,0.002060413360595703
88748,normal,3209,1,1782359407.2902274,0.0018582344055175781
88749,normal,3705,0,1782359407.292404,0.002176523208618164
88750,normal,2696,0,1782359407.294474,0.0020699501037597656
88751,normal,865,2,1782359407.2961483,0.0016744136810302734
88752,normal,2167,0,1782359407.2981386,0.0019903182983398438
88753,normal,614,0,1782359407.3002574,0.002118825912475586
88754,normal,2780,0,1782359407.302142,0.00188446044921875
88755,normal,3587,0,1782359407.3041742,0.0020322799682617188
88756,normal,970,2,1782359407.306226,0.002051830291748047
88757,normal,957,2,1782359407.3080785,0.0018525123596191406
88758,normal,1218,0,1782359407.3102033,0.002124786376953125
88759,normal,1704,0,1782359407.312282,0.0020787715911865234
88760,normal,1650,0,1782359407.3141112,0.0018291473388671875
88761,normal,619,0,1782359407.316086,0.001974821090698242
88762,normal,3363,1,1782359407.3182113,0.002125263214111328
88763,normal,1558,0,1782359407.3202171,0.0020058155059814453
88764,normal,1199,0,1782359407.3220875,0.0018703937530517578
88765,normal,157,0,1782359407.3242269,0.0021393299102783203
88766,normal,2549,0,1782359407.3260872,0.0018603801727294922
88767,normal,3523,0,1782359407.3282208,0.002133607864379883
88768,normal,251,0,1782359407.330421,0.0022001266479492188
88769,normal,2961,0,1782359407.332095,0.0016739368438720703
88770,normal,764,0,1782359407.3342226,0.0021276473999023438
88771,normal,3202,1,1782359407.3363812,0.002158641815185547
88772,normal,2814,0,1782359407.3383052,0.0019240379333496094
88773,normal,506,0,1782359407.3402753,0.001970052719116211
88774,normal,2594,0,1782359407.3422997,0.002024412155151367
88775,normal,3421,0,1782359407.344157,0.0018572807312011719
88776,normal,2107,0,1782359407.346446,0.0022890567779541016
88777,normal,329,0,1782359407.3483226,0.0018765926361083984
88778,normal,1396,0,1782359407.3504064,0.0020837783813476562
88779,normal,2728,0,1782359407.3522131,0.0018067359924316406
88780,normal,2070,0,1782359407.3542407,0.0020275115966796875
88781,normal,1213,0,1782359407.3560748,0.0018341541290283203
88782,normal,1774,0,1782359407.358253,0.002178192138671875
88783,normal,1958,0,1782359407.3602228,0.0019698143005371094
88784,normal,2881,0,1782359407.3623765,0.002153635025024414
88785,normal,3589,0,1782359407.3641403,0.0017638206481933594
88786,normal,1629,0,1782359407.3662677,0.002127408981323242
88787,normal,1993,0,1782359407.3683426,0.0020749568939208984
88788,normal,1646,0,1782359407.3703408,0.0019981861114501953
88789,normal,2523,0,1782359407.372815,0.002474069595336914
88790,normal,2713,0,1782359407.374277,0.0014622211456298828
88791,normal,623,0,1782359407.3763914,0.0021142959594726562
88792,normal,700,0,1782359407.3785334,0.0021419525146484375
88793,normal,531,0,1782359407.3804913,0.0019578933715820312
88794,normal,2111,0,1782359407.3824418,0.0019505023956298828
88795,normal,3215,1,1782359407.3842816,0.0018398761749267578
88796,normal,2763,0,1782359407.3861558,0.0018742084503173828
88797,normal,944,2,1782359407.3884678,0.0023119449615478516
88798,normal,2683,0,1782359407.390422,0.001954317092895508
88799,normal,3089,1,1782359407.3924115,0.0019893646240234375
88800,normal,1503,0,1782359407.3941114,0.0016999244689941406
88801,normal,336,0,1782359407.3963346,0.0022232532501220703
88802,normal,3299,1,1782359407.3980772,0.0017426013946533203
88803,normal,1614,0,1782359407.4003174,0.0022401809692382812
88804,normal,1020,2,1782359407.4023895,0.0020720958709716797
88805,normal,2163,0,1782359407.4046013,0.0022118091583251953
88806,normal,3124,1,1782359407.4067712,0.0021698474884033203
88807,normal,2960,0,1782359407.4082959,0.0015246868133544922
88808,normal,179,0,1782359407.4101963,0.0019004344940185547
88809,normal,2221,0,1782359407.412221,0.0020246505737304688
88810,normal,913,2,1782359407.4143395,0.0021185874938964844
88811,normal,3053,1,1782359407.4165647,0.002225160598754883
88812,normal,2358,0,1782359407.418483,0.0019183158874511719
88813,normal,1416,0,1782359407.4205472,0.002064228057861328
88814,normal,436,0,1782359407.4222724,0.0017251968383789062
88815,normal,63,0,1782359407.4242105,0.0019381046295166016
88816,normal,845,2,1782359407.4263215,0.0021109580993652344
88817,normal,3695,0,1782359407.4281135,0.0017919540405273438
88818,normal,618,0,1782359407.4303548,0.002241373062133789
88819,normal,2000,0,1782359407.432455,0.002100229263305664
88820,normal,3462,0,1782359407.4341586,0.001703500747680664
88821,normal,2998,0,1782359407.4364617,0.0023031234741210938
88822,normal,3275,1,1782359407.438396,0.0019342899322509766
88823,normal,2378,0,1782359407.4401476,0.0017516613006591797
88824,normal,1269,0,1782359407.4424067,0.0022590160369873047
88825,normal,3541,0,1782359407.4443092,0.0019025802612304688
88826,normal,2303,0,1782359407.4464314,0.002122163772583008
88827,normal,281,0,1782359407.4483957,0.0019643306732177734
88828,normal,638,0,1782359407.4502842,0.0018885135650634766
88829,normal,3469,0,1782359407.4525146,0.002230405807495117
88830,normal,1439,0,1782359407.4543777,0.0018630027770996094
88831,normal,3669,0,1782359407.4563942,0.0020165443420410156
88832,normal,2860,0,1782359407.4581218,0.0017275810241699219
88833,normal,935,2,1782359407.4605167,0.0023949146270751953
88834,normal,3159,1,1782359407.4624877,0.001971006393432617
88835,normal,99,0,1782359407.4644747,0.001986980438232422
88836,normal,1833,0,1782359407.46626,0.0017852783203125
88837,normal,1716,0,1782359407.468402,0.0021419525146484375
88838,normal,3229,1,1782359407.4700787,0.001676797866821289
88839,normal,996,2,1782359407.4725091,0.002430438995361328
88840,normal,2593,0,1782359407.4744828,0.0019736289978027344
88841,normal,2119,0,1782359407.4761665,0.0016837120056152344
88842,normal,2643,0,1782359407.4782088,0.0020422935485839844
88843,normal,226,0,1782359407.4803143,0.0021054744720458984
88844,normal,1111,0,1782359407.482094,0.001779794692993164
88845,normal,280,0,1782359407.4844182,0.0023241043090820312
88846,normal,3008,0,1782359407.4862783,0.0018601417541503906
88847,normal,78,0,1782359407.488211,0.0019326210021972656
88848,normal,2980,0,1782359407.4903035,0.002092599868774414
88849,normal,1431,0,1782359407.4923322,0.0020287036895751953
88850,normal,3699,0,1782359407.4941645,0.0018322467803955078
88851,normal,1754,0,1782359407.4963822,0.0022177696228027344
88852,normal,69,0,1782359407.4983594,0.001977205276489258
88853,normal,1959,0,1782359407.5003233,0.0019638538360595703
88854,normal,183,0,1782359407.5023108,0.001987457275390625
88855,normal,1734,0,1782359407.5042746,0.0019638538360595703
88856,normal,2369,0,1782359407.50628,0.002005338668823242
88857,normal,2761,0,1782359407.508209,0.0019290447235107422
88858,normal,2120,0,1782359407.5104334,0.002224445343017578
88859,normal,339,0,1782359407.512183,0.0017495155334472656
88860,normal,3100,1,1782359407.5141957,0.0020127296447753906
88861,normal,2981,0,1782359407.5163195,0.0021238327026367188
88862,normal,688,0,1782359407.518107,0.001787424087524414
88863,normal,567,0,1782359407.5203528,0.0022459030151367188
88864,normal,3023,0,1782359407.522251,0.001898050308227539
88865,normal,456,0,1782359407.524259,0.002008199691772461
88866,normal,801,2,1782359407.526277,0.002017974853515625
88867,normal,37,0,1782359407.5283463,0.002069234848022461
88868,normal,1641,0,1782359407.5301113,0.0017650127410888672
88869,normal,306,0,1782359407.5324419,0.0023305416107177734
88870,normal,2819,0,1782359407.534172,0.001730203628540039
88871,normal,1569,0,1782359407.5364091,0.002237081527709961
88872,normal,1145,0,1782359407.5381155,0.0017063617706298828
88873,normal,169,0,1782359407.540381,0.002265453338623047
88874,normal,2587,0,1782359407.5421724,0.0017914772033691406
88875,normal,2528,0,1782359407.5442674,0.0020949840545654297
88876,normal,2517,0,1782359407.5464153,0.0021479129791259766
88877,normal,2364,0,1782359407.5481765,0.0017611980438232422
88878,normal,3424,0,1782359407.5502417,0.0020651817321777344
88879,normal,3273,1,1782359407.5524065,0.0021648406982421875
88880,normal,2810,0,1782359407.554204,0.0017974376678466797
88881,normal,1819,0,1782359407.5568032,0.0025992393493652344
88882,normal,1254,0,1782359407.5582325,0.0014293193817138672
88883,normal,1154,0,1782359407.5602329,0.0020003318786621094
88884,normal,67,0,1782359407.5622108,0.0019779205322265625
88885,normal,3153,1,1782359407.564339,0.002128124237060547
88886,normal,3534,0,1782359407.5664911,0.0021522045135498047
88887,normal,991,2,1782359407.568288,0.0017969608306884766
88888,normal,2440,0,1782359407.5703707,0.0020825862884521484
88889,normal,3443,0,1782359407.5721846,0.0018138885498046875
88890,normal,594,0,1782359407.5744238,0.002239227294921875
88891,normal,3588,0,1782359407.5765781,0.0021543502807617188
88892,normal,1529,0,1782359407.5782814,0.0017032623291015625
88893,normal,671,0,1782359407.5803177,0.0020363330841064453
88894,normal,2862,0,1782359407.5825617,0.0022439956665039062
88895,normal,2256,0,1782359407.584462,0.0019001960754394531
88896,normal,1200,0,1782359407.5864003,0.0019383430480957031
88897,normal,2553,0,1782359407.5885787,0.0021784305572509766
88898,normal,467,0,1782359407.5901775,0.0015988349914550781
88899,normal,3045,1,1782359407.592232,0.002054452896118164
88900,normal,3106,1,1782359407.5944543,0.002222299575805664
88901,normal,143,0,1782359407.5965664,0.002112150192260742
88902,normal,2894,0,1782359407.5982165,0.001650094985961914
88903,normal,3373,1,1782359407.6003013,0.0020847320556640625
88904,normal,1542,0,1782359407.6020768,0.001775503158569336
88905,normal,883,2,1782359407.6043105,0.002233743667602539
88906,normal,1339,1,1782359407.606319,0.0020084381103515625
88907,normal,1693,0,1782359407.6083431,0.0020241737365722656
88908,normal,2790,0,1782359407.6111758,0.002832651138305664
88909,normal,389,0,1782359407.6123896,0.0012137889862060547
88910,normal,1042,0,1782359407.614136,0.0017464160919189453
88911,normal,558,0,1782359407.6163292,0.0021932125091552734
88912,normal,1370,1,1782359407.6183174,0.0019881725311279297
88913,normal,2011,0,1782359407.6203408,0.002023458480834961
88914,normal,3102,1,1782359407.6224682,0.002127408981323242
88915,normal,1859,0,1782359407.6243043,0.0018360614776611328
88916,normal,2973,0,1782359407.6264892,0.0021848678588867188
88917,normal,3514,0,1782359407.6283107,0.0018215179443359375
88918,normal,2908,0,1782359407.6303065,0.0019958019256591797
88919,normal,161,0,1782359407.632111,0.0018045902252197266
88920,normal,3238,1,1782359407.6343389,0.002227783203125
88921,normal,1680,0,1782359407.6361885,0.0018496513366699219
88922,normal,2161,0,1782359407.6382306,0.002042055130004883
88923,normal,3276,1,1782359407.6405873,0.0023567676544189453
88924,normal,774,2,1782359407.642644,0.002056598663330078
88925,normal,208,0,1782359407.6442091,0.0015652179718017578
88926,normal,2365,0,1782359407.6463463,0.0021371841430664062
88927,normal,3232,1,1782359407.648406,0.0020596981048583984
88928,normal,1488,0,1782359407.650201,0.001795053482055664
88929,normal,2954,0,1782359407.6523304,0.0021293163299560547
88930,normal,1563,0,1782359407.6543088,0.0019783973693847656
88931,normal,1363,1,1782359407.6563468,0.0020380020141601562
88932,normal,3125,1,1782359407.6583529,0.002006053924560547
88933,normal,433,0,1782359407.66046,0.0021071434020996094
88934,normal,3522,0,1782359407.6620922,0.0016322135925292969
88935,normal,2789,0,1782359407.6647837,0.002691507339477539
88936,normal,2746,0,1782359407.6670933,0.002309560775756836
88937,normal,2139,0,1782359407.6687484,0.0016551017761230469
88938,normal,1981,0,1782359407.6705027,0.0017542839050292969
88939,normal,540,0,1782359407.6721435,0.0016407966613769531
88940,normal,3376,1,1782359407.6741734,0.002029895782470703
88941,normal,3488,0,1782359407.6764605,0.002287149429321289
88942,normal,840,2,1782359407.6782377,0.0017771720886230469
88943,normal,1331,1,1782359407.680163,0.0019252300262451172
88944,normal,1584,0,1782359407.6823645,0.002201557159423828
88945,normal,2777,0,1782359407.684535,0.002170562744140625
88946,normal,1571,0,1782359407.6861522,0.0016171932220458984
88947,normal,2673,0,1782359407.6881886,0.0020363330841064453
88948,normal,2537,0,1782359407.6903594,0.0021708011627197266
88949,normal,2582,0,1782359407.6920724,0.0017130374908447266
88950,normal,2400,0,1782359407.6942527,0.002180337905883789
88951,normal,3530,0,1782359407.6962621,0.0020093917846679688
88952,normal,3135,1,1782359407.6981597,0.001897573471069336
88953,normal,1567,0,1782359407.7001922,0.0020325183868408203
88954,normal,1210,0,1782359407.702131,0.0019388198852539062
88955,normal,1544,0,1782359407.7041745,0.002043485641479492
88956,normal,97,0,1782359407.7061656,0.0019910335540771484
88957,normal,1519,0,1782359407.7082222,0.002056598663330078
88958,normal,3399,1,1782359407.7101564,0.0019342899322509766
88959,normal,2436,0,1782359407.7120686,0.0019121170043945312
88960,normal,2940,0,1782359407.7140129,0.0019443035125732422
88961,normal,2937,0,1782359407.7161396,0.0021266937255859375
88962,normal,1113,0,1782359407.7181764,0.0020368099212646484
88963,normal,2426,0,1782359407.72014,0.0019636154174804688
88964,normal,1524,0,1782359407.7221854,0.0020453929901123047
88965,normal,2501,0,1782359407.7240036,0.0018181800842285156
88966,normal,2791,0,1782359407.726082,0.002078533172607422
88967,normal,2007,0,1782359407.7280607,0.001978635787963867
88968,normal,1683,0,1782359407.730054,0.0019931793212890625
88969,normal,1865,0,1782359407.7321289,0.0020749568939208984
88970,normal,573,0,1782359407.7340436,0.0019147396087646484
88971,normal,353,0,1782359407.736073,0.0020294189453125
88972,normal,1921,0,1782359407.7380638,0.001990795135498047
88973,normal,2447,0,1782359407.740073,0.002009153366088867
88974,normal,3368,1,1782359407.7420423,0.0019693374633789062
88975,normal,612,0,1782359407.7440414,0.0019991397857666016
88976,normal,1546,0,1782359407.7461684,0.002126932144165039
88977,normal,1484,0,1782359407.7480867,0.0019183158874511719
88978,normal,404,0,1782359407.750102,0.002015352249145508
88979,normal,202,0,1782359407.752091,0.0019888877868652344
88980,normal,511,0,1782359407.7540956,0.0020046234130859375
88981,normal,1268,0,1782359407.7561138,0.0020182132720947266
88982,normal,2123,0,1782359407.7580993,0.0019855499267578125
88983,normal,1738,0,1782359407.7600837,0.0019843578338623047
88984,normal,1316,0,1782359407.7622137,0.0021300315856933594
88985,normal,391,0,1782359407.7641425,0.0019288063049316406
88986,normal,2936,0,1782359407.76611,0.0019674301147460938
88987,normal,922,2,1782359407.768106,0.0019960403442382812
88988,normal,1357,1,1782359407.7700603,0.001954317092895508
88989,normal,3335,1,1782359407.7720492,0.0019888877868652344
88990,normal,1432,0,1782359407.7741504,0.0021011829376220703
88991,normal,2316,0,1782359407.7761302,0.001979827880859375
88992,normal,604,0,1782359407.7781081,0.0019779205322265625
88993,normal,3452,0,1782359407.780149,0.002040863037109375
88994,normal,910,2,1782359407.7821472,0.0019981861114501953
88995,normal,1297,0,1782359407.7841141,0.0019669532775878906
88996,normal,2956,0,1782359407.7860782,0.001964092254638672
88997,normal,844,2,1782359407.7882147,0.0021364688873291016
88998,normal,3011,0,1782359407.7901804,0.001965761184692383
88999,normal,2532,0,1782359407.7921412,0.00196075439453125
89000,normal,3446,0,1782359407.794086,0.0019447803497314453
89001,normal,1528,0,1782359407.7961955,0.002109527587890625
89002,normal,1162,0,1782359407.798174,0.0019783973693847656
89003,normal,2145,0,1782359407.8001697,0.0019958019256591797
89004,normal,3140,1,1782359407.802415,0.002245187759399414
89005,normal,2329,0,1782359407.804213,0.0017981529235839844
89006,normal,3665,0,1782359407.8061962,0.001983165740966797
89007,normal,2333,0,1782359407.8080046,0.0018084049224853516
89008,normal,2808,0,1782359407.810002,0.0019974708557128906
89009,normal,1217,0,1782359407.8119986,0.0019965171813964844
89010,normal,1674,0,1782359407.8140008,0.002002239227294922
89011,normal,2051,0,1782359407.816782,0.0027811527252197266
89012,normal,3260,1,1782359407.81838,0.0015981197357177734
89013,normal,3696,0,1782359407.8201146,0.0017344951629638672
89014,normal,289,0,1782359407.8220427,0.001928091049194336
89015,normal,1053,0,1782359407.8240194,0.0019767284393310547
89016,normal,2905,0,1782359407.8260608,0.002041339874267578
89017,normal,3668,0,1782359407.828033,0.001972198486328125
89018,normal,2061,0,1782359407.8300104,0.0019774436950683594
89019,normal,2603,0,1782359407.8325763,0.0025658607482910156
89020,normal,839,2,1782359407.834226,0.001649618148803711
89021,normal,1471,0,1782359407.836222,0.0019960403442382812
89022,normal,625,0,1782359407.83849,0.002268075942993164
89023,normal,923,2,1782359407.8401961,0.0017061233520507812
89024,normal,3072,1,1782359407.842095,0.0018987655639648438
89025,normal,2821,0,1782359407.8441973,0.002102375030517578
89026,normal,562,0,1782359407.8461773,0.0019800662994384766
89027,normal,2682,0,1782359407.848182,0.0020046234130859375
89028,normal,168,0,1782359407.8504999,0.0023179054260253906
89029,normal,2275,0,1782359407.8525045,0.0020046234130859375
89030,normal,1660,0,1782359407.854244,0.001739501953125
89031,normal,326,0,1782359407.8562553,0.0020112991333007812
89032,normal,2233,0,1782359407.8582778,0.0020225048065185547
89033,normal,2223,0,1782359407.8601549,0.0018770694732666016
89034,normal,2541,0,1782359407.8621879,0.0020329952239990234
89035,normal,162,0,1782359407.8645296,0.002341747283935547
89036,normal,2678,0,1782359407.8661995,0.0016698837280273438
89037,normal,2084,0,1782359407.8682168,0.0020172595977783203
89038,normal,532,0,1782359407.8705328,0.002315998077392578
89039,normal,2807,0,1782359407.8724797,0.0019469261169433594
89040,normal,1579,0,1782359445.2687871,0.0
89041,normal,3582,0,1782359445.270818,0.0020308494567871094
89042,normal,913,2,1782359445.2727797,0.0019617080688476562
89043,normal,3150,1,1782359445.2748547,0.0020749568939208984
89044,normal,2886,0,1782359445.276872,0.0020172595977783203
89045,normal,1570,0,1782359445.2788491,0.001977205276489258
89046,normal,2444,0,1782359445.28077,0.001920938491821289
89047,normal,200,0,1782359445.2828681,0.00209808349609375
89048,normal,3468,0,1782359445.2847304,0.0018622875213623047
89049,normal,3520,0,1782359445.2868621,0.0021317005157470703
89050,normal,420,0,1782359445.2888741,0.002012014389038086
89051,normal,212,0,1782359445.2907646,0.001890420913696289
89052,normal,1406,0,1782359445.2928677,0.002103090286254883
89053,normal,2225,0,1782359445.295153,0.0022852420806884766
89054,normal,2340,0,1782359445.2969768,0.0018239021301269531
89055,normal,1427,0,1782359445.2988942,0.0019173622131347656
89056,normal,3336,1,1782359445.3010402,0.002146005630493164
89057,normal,1923,0,1782359445.302888,0.0018477439880371094
89058,normal,1187,0,1782359445.3050091,0.0021212100982666016
89059,normal,561,0,1782359445.3068676,0.0018584728240966797
89060,normal,2545,0,1782359445.3090217,0.002154111862182617
89061,normal,1364,1,1782359445.3108351,0.0018134117126464844
89062,normal,2090,0,1782359445.3130405,0.002205371856689453
89063,normal,2297,0,1782359445.3148391,0.0017986297607421875
89064,normal,3344,1,1782359445.3170197,0.0021805763244628906
89065,normal,1484,0,1782359445.3188667,0.0018470287322998047
89066,normal,1178,0,1782359445.321024,0.0021572113037109375
89067,normal,369,0,1782359445.3228424,0.0018184185028076172
89068,normal,1676,0,1782359445.3250477,0.002205371856689453
89069,normal,923,2,1782359445.3268476,0.0017998218536376953
89070,normal,1986,0,1782359445.3290193,0.002171754837036133
89071,normal,1393,0,1782359445.330911,0.0018916130065917969
89072,normal,783,2,1782359445.3330376,0.0021266937255859375
89073,normal,2085,0,1782359445.3348374,0.0017998218536376953
89074,normal,186,0,1782359445.3370457,0.002208232879638672
89075,normal,665,0,1782359445.3388388,0.0017931461334228516
89076,normal,2274,0,1782359445.3410249,0.0021860599517822266
89077,normal,1795,0,1782359445.3428886,0.001863718032836914
89078,normal,2653,0,1782359445.3450322,0.0021436214447021484
89079,normal,1535,0,1782359445.3468435,0.0018112659454345703
89080,normal,1818,0,1782359445.3491077,0.002264261245727539
89081,normal,1497,0,1782359445.351015,0.0019073486328125
89082,normal,3587,0,1782359445.3530617,0.0020465850830078125
89083,normal,3139,1,1782359445.355024,0.001962423324584961
89084,normal,1354,1,1782359445.357131,0.002106904983520508
89085,normal,1612,0,1782359445.3589878,0.0018568038940429688
89086,normal,1823,0,1782359445.3611557,0.002167940139770508
89087,normal,1371,1,1782359445.36289,0.0017342567443847656
89088,normal,2238,0,1782359445.3651454,0.0022554397583007812
89089,normal,843,2,1782359445.3670268,0.0018813610076904297
89090,normal,2818,0,1782359445.369033,0.0020062923431396484
89091,normal,787,2,1782359445.371008,0.001974821090698242
89092,normal,468,0,1782359445.3730142,0.0020062923431396484
89093,normal,566,0,1782359445.3748531,0.0018389225006103516
89094,normal,2983,0,1782359445.3771815,0.0023283958435058594
89095,normal,263,0,1782359445.3790085,0.0018270015716552734
89096,normal,2751,0,1782359445.3808243,0.0018157958984375
89097,normal,3281,1,1782359445.382841,0.002016782760620117
89098,normal,2503,0,1782359445.3848345,0.001993417739868164
89099,normal,3391,1,1782359445.3868098,0.0019752979278564453
89100,normal,2865,0,1782359445.3887992,0.0019893646240234375
89101,normal,2722,0,1782359445.3907983,0.0019991397857666016
89102,normal,3430,0,1782359445.3928566,0.002058267593383789
89103,normal,141,0,1782359445.3948352,0.001978635787963867
89104,normal,3289,1,1782359445.3968616,0.0020263195037841797
89105,normal,16,0,1782359445.3988318,0.0019702911376953125
89106,normal,553,0,1782359445.400865,0.002033233642578125
89107,normal,574,0,1782359445.4028413,0.0019762516021728516
89108,normal,696,0,1782359445.404813,0.001971721649169922
89109,normal,3140,1,1782359445.4068742,0.002061128616333008
89110,normal,2564,0,1782359445.4087934,0.0019192695617675781
89111,normal,477,0,1782359445.4108388,0.0020453929901123047
89112,normal,1928,0,1782359445.4128551,0.002016305923461914
89113,normal,943,2,1782359445.4148414,0.001986265182495117
89114,normal,1181,0,1782359445.416806,0.001964569091796875
89115,normal,169,0,1782359445.4188647,0.002058744430541992
89116,normal,1952,0,1782359445.4208198,0.0019550323486328125
89117,normal,1417,0,1782359445.422828,0.002008199691772461
89118,normal,1450,0,1782359445.424845,0.0020170211791992188
89119,normal,2453,0,1782359445.4268415,0.0019965171813964844
89120,normal,2590,0,1782359445.428812,0.001970529556274414
89121,normal,2396,0,1782359445.430868,0.0020558834075927734
89122,normal,749,0,1782359445.432841,0.0019731521606445312
89123,normal,2850,0,1782359445.434811,0.001970052719116211
89124,normal,855,2,1782359445.4368632,0.0020520687103271484
89125,normal,3374,1,1782359445.4388182,0.0019550323486328125
89126,normal,163,0,1782359445.4408262,0.0020079612731933594
89127,normal,2730,0,1782359445.4428473,0.0020210742950439453
89128,normal,2318,0,1782359445.4448411,0.001993894577026367
89129,normal,2711,0,1782359445.4468184,0.001977205276489258
89130,normal,2531,0,1782359445.4489067,0.002088308334350586
89131,normal,3207,1,1782359445.4508412,0.0019345283508300781
89132,normal,220,0,1782359445.45281,0.001968860626220703
89133,normal,3513,0,1782359445.4548523,0.0020422935485839844
89134,normal,486,0,1782359445.45683,0.001977682113647461
89135,normal,165,0,1782359445.4588246,0.001994609832763672
89136,normal,63,0,1782359445.46087,0.0020453929901123047
89137,normal,513,0,1782359445.4628408,0.0019707679748535156
89138,normal,1710,0,1782359445.4648101,0.0019693374633789062
89139,normal,901,2,1782359445.466864,0.002053976058959961
89140,normal,1138,0,1782359445.469021,0.002156972885131836
89141,normal,2542,0,1782359445.4708104,0.0017893314361572266
89142,normal,2165,0,1782359445.473021,0.0022106170654296875
89143,normal,93,0,1782359445.4748313,0.001810312271118164
89144,normal,3050,1,1782359445.4770195,0.0021882057189941406
89145,normal,1058,0,1782359445.4788337,0.001814126968383789
89146,normal,1838,0,1782359445.4809957,0.0021619796752929688
89147,normal,2169,0,1782359445.482841,0.0018453598022460938
89148,normal,1298,0,1782359445.4850245,0.0021834373474121094
89149,normal,1787,0,1782359445.4868374,0.0018129348754882812
89150,normal,1983,0,1782359445.4890425,0.0022051334381103516
89151,normal,1766,0,1782359445.4908342,0.0017917156219482422
89152,normal,790,2,1782359445.4929929,0.002158641815185547
89153,normal,1482,0,1782359445.494856,0.001863241195678711
89154,normal,45,0,1782359445.4969904,0.0021343231201171875
89155,normal,2766,0,1782359445.499036,0.0020456314086914062
89156,normal,3031,0,1782359445.5008094,0.0017733573913574219
89157,normal,1262,0,1782359445.5030398,0.002230405807495117
89158,normal,3548,0,1782359445.504811,0.0017712116241455078
89159,normal,1296,0,1782359445.507021,0.002209901809692383
89160,normal,544,0,1782359445.5088234,0.0018024444580078125
89161,normal,2833,0,1782359445.511013,0.00218963623046875
89162,normal,2675,0,1782359445.512816,0.0018029212951660156
89163,normal,1164,0,1782359445.5150294,0.0022134780883789062
89164,normal,1449,0,1782359445.5168488,0.0018193721771240234
89165,normal,932,2,1782359445.5190287,0.002179861068725586
89166,normal,3169,1,1782359445.5208244,0.0017957687377929688
89167,normal,778,2,1782359445.5230124,0.002187967300415039
89168,normal,2260,0,1782359445.524809,0.0017964839935302734
89169,normal,1756,0,1782359445.5270047,0.0021958351135253906
89170,normal,2869,0,1782359445.5288546,0.0018498897552490234
89171,normal,550,0,1782359445.5309982,0.0021436214447021484
89172,normal,1002,2,1782359445.5328157,0.001817464828491211
89173,normal,435,0,1782359445.5350266,0.002210855484008789
89174,normal,1600,0,1782359445.5368273,0.0018007755279541016
89175,normal,1148,0,1782359445.5390408,0.0022134780883789062
89176,normal,1792,0,1782359445.5408573,0.0018165111541748047
89177,normal,3129,1,1782359445.5430377,0.002180337905883789
89178,normal,2806,0,1782359445.544808,0.0017702579498291016
89179,normal,1499,0,1782359445.5470262,0.0022182464599609375
89180,normal,800,2,1782359445.5488088,0.0017826557159423828
89181,normal,2399,0,1782359445.5510654,0.002256631851196289
89182,normal,2840,0,1782359445.552864,0.0017986297607421875
89183,normal,3388,1,1782359445.555056,0.0021920204162597656
89184,normal,2671,0,1782359445.5568292,0.0017731189727783203
89185,normal,1721,0,1782359445.5590234,0.0021941661834716797
89186,normal,247,0,1782359445.560847,0.0018236637115478516
89187,normal,3307,1,1782359445.5630064,0.0021593570709228516
89188,normal,3044,0,1782359445.564847,0.0018405914306640625
89189,normal,3286,1,1782359445.5670192,0.002172231674194336
89190,normal,1498,0,1782359445.5688157,0.0017964839935302734
89191,normal,2618,0,1782359445.5710032,0.002187490463256836
89192,normal,1609,0,1782359445.5728147,0.0018115043640136719
89193,normal,1250,0,1782359445.5750372,0.0022225379943847656
89194,normal,789,2,1782359445.5768733,0.0018360614776611328
89195,normal,1434,0,1782359445.579051,0.002177715301513672
89196,normal,1530,0,1782359445.5808098,0.0017588138580322266
89197,normal,1060,0,1782359445.5830219,0.002212047576904297
89198,normal,795,2,1782359445.584811,0.001789093017578125
89199,normal,1536,0,1782359445.5870068,0.0021958351135253906
89200,normal,2268,0,1782359445.588847,0.0018401145935058594
89201,normal,2640,0,1782359445.5910153,0.002168416976928711
89202,normal,573,0,1782359445.5928192,0.0018038749694824219
89203,normal,2195,0,1782359445.5950193,0.0022001266479492188
89204,normal,3121,1,1782359445.5968108,0.0017914772033691406
89205,normal,1325,1,1782359445.5990443,0.0022335052490234375
89206,normal,1876,0,1782359445.6008952,0.0018508434295654297
89207,normal,628,0,1782359445.6030045,0.0021092891693115234
89208,normal,2373,0,1782359445.6048503,0.0018458366394042969
89209,normal,346,0,1782359445.6069934,0.0021431446075439453
89210,normal,1979,0,1782359445.6088965,0.0019030570983886719
89211,normal,110,0,1782359445.6109974,0.0021009445190429688
89212,normal,2498,0,1782359445.612845,0.0018475055694580078
89213,normal,2019,0,1782359445.614999,0.002154111862182617
89214,normal,75,0,1782359445.6168435,0.0018444061279296875
89215,normal,3362,1,1782359445.6190057,0.0021622180938720703
89216,normal,3297,1,1782359445.6208487,0.0018429756164550781
89217,normal,895,2,1782359445.6230261,0.0021774768829345703
89218,normal,376,0,1782359445.6248243,0.0017981529235839844
89219,normal,2728,0,1782359445.627035,0.0022106170654296875
89220,normal,2420,0,1782359445.628831,0.0017960071563720703
89221,normal,416,0,1782359445.6310306,0.0021996498107910156
89222,normal,1617,0,1782359445.6328273,0.001796722412109375
89223,normal,2715,0,1782359445.6350238,0.0021965503692626953
89224,normal,3583,0,1782359445.6368363,0.0018124580383300781
89225,normal,450,0,1782359445.6390316,0.0021953582763671875
89226,normal,2009,0,1782359445.6408303,0.0017986297607421875
89227,normal,361,0,1782359445.6430242,0.002193927764892578
89228,normal,2308,0,1782359445.6448333,0.0018091201782226562
89229,normal,1278,0,1782359445.6470203,0.002187013626098633
89230,normal,3273,1,1782359445.6488333,0.0018129348754882812
89231,normal,875,2,1782359445.6510327,0.002199411392211914
89232,normal,193,0,1782359445.6528313,0.0017986297607421875
89233,normal,1129,0,1782359445.655006,0.0021746158599853516
89234,normal,102,0,1782359445.6568515,0.0018455982208251953
89235,normal,1183,0,1782359445.6590283,0.0021767616271972656
89236,normal,2933,0,1782359445.6608334,0.0018050670623779297
89237,normal,3444,0,1782359445.663026,0.0021927356719970703
89238,normal,81,0,1782359445.6648302,0.0018041133880615234
89239,normal,3053,1,1782359445.6670072,0.002177000045776367
89240,normal,1772,0,1782359445.6688483,0.0018410682678222656
89241,normal,1379,1,1782359445.671024,0.0021758079528808594
89242,normal,357,0,1782359445.672835,0.0018110275268554688
89243,normal,372,0,1782359445.6750293,0.0021941661834716797
89244,normal,585,0,1782359445.676831,0.0018017292022705078
89245,normal,3094,1,1782359445.6790154,0.0021843910217285156
89246,normal,1489,0,1782359445.6808162,0.0018007755279541016
89247,normal,1394,0,1782359445.6830204,0.0022041797637939453
89248,normal,700,0,1782359445.6848273,0.0018069744110107422
89249,normal,2257,0,1782359445.6870325,0.0022051334381103516
89250,normal,2779,0,1782359445.6888318,0.0017993450164794922
89251,normal,3694,0,1782359445.6912334,0.002401590347290039
89252,normal,111,0,1782359445.6928575,0.0016241073608398438
89253,normal,649,0,1782359445.6950305,0.0021729469299316406
89254,normal,1257,0,1782359445.696906,0.0018756389617919922
89255,normal,395,0,1782359445.6988258,0.0019197463989257812
89256,normal,2794,0,1782359445.7009645,0.0021386146545410156
89257,normal,1270,0,1782359445.7028584,0.0018939971923828125
89258,normal,971,2,1782359445.7048736,0.0020151138305664062
89259,normal,3653,0,1782359445.7068272,0.001953601837158203
89260,normal,681,0,1782359445.7089422,0.002115011215209961
89261,normal,3256,1,1782359445.7107873,0.0018451213836669922
89262,normal,103,0,1782359445.7129395,0.0021522045135498047
89263,normal,3224,1,1782359445.7149377,0.0019981861114501953
89264,normal,1170,0,1782359445.7168407,0.0019030570983886719
89265,normal,389,0,1782359445.718949,0.002108335494995117
89266,normal,1671,0,1782359445.720958,0.0020089149475097656
89267,normal,3474,0,1782359445.7228606,0.0019025802612304688
89268,normal,501,0,1782359445.724947,0.0020864009857177734
89269,normal,891,2,1782359445.7269568,0.002009868621826172
89270,normal,1330,1,1782359445.7288117,0.0018548965454101562
89271,normal,2977,0,1782359445.73099,0.002178192138671875
89272,normal,699,0,1782359445.7329888,0.0019989013671875
89273,normal,1620,0,1782359445.7348323,0.0018434524536132812
89274,normal,625,0,1782359445.7370286,0.0021963119506835938
89275,normal,2528,0,1782359445.7388906,0.0018620491027832031
89276,normal,2537,0,1782359445.740818,0.0019273757934570312
89277,normal,190,0,1782359445.7429554,0.002137422561645508
89278,normal,1980,0,1782359445.7449377,0.0019822120666503906
89279,normal,56,0,1782359445.7468607,0.0019230842590332031
89280,normal,528,0,1782359445.7489128,0.0020520687103271484
89281,normal,1831,0,1782359445.7509332,0.0020203590393066406
89282,normal,1424,0,1782359445.75281,0.0018768310546875
89283,normal,2666,0,1782359445.7549102,0.002100229263305664
89284,normal,868,2,1782359445.7570052,0.0020949840545654297
89285,normal,1720,0,1782359445.758834,0.0018286705017089844
89286,normal,3001,0,1782359445.7610202,0.002186298370361328
89287,normal,816,2,1782359445.7630057,0.0019855499267578125
89288,normal,2828,0,1782359445.7648525,0.0018467903137207031
89289,normal,3449,0,1782359445.7670102,0.0021576881408691406
89290,normal,1035,0,1782359445.7690048,0.001994609832763672
89291,normal,1182,0,1782359445.7708244,0.001819610595703125
89292,normal,1569,0,1782359445.7729945,0.002170085906982422
89293,normal,2898,0,1782359445.7751803,0.002185821533203125
89294,normal,1247,0,1782359445.7768738,0.0016934871673583984
89295,normal,644,0,1782359445.780094,0.003220081329345703
89296,normal,3473,0,1782359445.7808702,0.0007762908935546875
89297,normal,1248,0,1782359445.7830045,0.0021343231201171875
89298,normal,2117,0,1782359445.7849858,0.0019812583923339844
89299,normal,3245,1,1782359445.787032,0.0020461082458496094
89300,normal,404,0,1782359445.7888644,0.0018324851989746094
89301,normal,1672,0,1782359445.7911487,0.0022842884063720703
89302,normal,1657,0,1782359445.79315,0.0020012855529785156
89303,normal,2256,0,1782359445.7950492,0.0018992424011230469
89304,normal,3085,1,1782359445.7969894,0.0019402503967285156
89305,normal,2155,0,1782359445.7991815,0.0021920204162597656
89306,normal,2010,0,1782359445.8008664,0.0016849040985107422
89307,normal,2546,0,1782359445.8035102,0.0026438236236572266
89308,normal,1527,0,1782359445.8050005,0.0014903545379638672
89309,normal,1689,0,1782359445.8070474,0.002046823501586914
89310,normal,2013,0,1782359445.8090258,0.0019783973693847656
89311,normal,3629,0,1782359445.811163,0.0021371841430664062
89312,normal,765,0,1782359445.812836,0.001672983169555664
89313,normal,2710,0,1782359445.8149846,0.0021486282348632812
89314,normal,2648,0,1782359445.8171642,0.0021796226501464844
89315,normal,2376,0,1782359445.8188634,0.001699209213256836
89316,normal,3222,1,1782359445.8210146,0.0021512508392333984
89317,normal,651,0,1782359445.8231535,0.002138853073120117
89318,normal,521,0,1782359445.8248374,0.001683950424194336
89319,normal,2583,0,1782359445.8269882,0.0021507740020751953
89320,normal,2780,0,1782359445.8291721,0.0021839141845703125
89321,normal,1402,0,1782359445.830855,0.0016827583312988281
89322,normal,2956,0,1782359445.832994,0.0021390914916992188
89323,normal,1961,0,1782359445.8350763,0.002082347869873047
89324,normal,2129,0,1782359445.8368351,0.0017588138580322266
89325,normal,2315,0,1782359445.8390393,0.0022041797637939453
89326,normal,1924,0,1782359445.8409762,0.0019369125366210938
89327,normal,2229,0,1782359445.8428152,0.0018389225006103516
89328,normal,2336,0,1782359445.8450024,0.0021872520446777344
89329,normal,3317,1,1782359445.8469918,0.0019893646240234375
89330,normal,2001,0,1782359445.8488116,0.0018198490142822266
89331,normal,1597,0,1782359445.8509734,0.002161741256713867
89332,normal,118,0,1782359445.8529878,0.0020143985748291016
89333,normal,1918,0,1782359445.8548176,0.0018298625946044922
89334,normal,908,2,1782359445.8569944,0.0021767616271972656
89335,normal,742,0,1782359445.859004,0.0020096302032470703
89336,normal,2883,0,1782359445.8608267,0.0018227100372314453
89337,normal,1356,1,1782359445.8630004,0.0021736621856689453
89338,normal,3416,0,1782359445.8649795,0.0019791126251220703
89339,normal,2380,0,1782359445.8668106,0.0018310546875
89340,normal,2277,0,1782359445.868976,0.002165555953979492
89341,normal,3173,1,1782359445.8709857,0.0020096302032470703
89342,normal,3351,1,1782359445.872809,0.0018231868743896484
89343,normal,1743,0,1782359445.8750074,0.002198457717895508
89344,normal,3563,0,1782359445.876973,0.0019655227661132812
89345,normal,946,2,1782359445.8788147,0.0018417835235595703
89346,normal,2107,0,1782359445.8809388,0.0021240711212158203
89347,normal,2878,0,1782359445.8829913,0.0020525455474853516
89348,normal,2755,0,1782359445.8848572,0.0018658638000488281
89349,normal,977,2,1782359445.8868997,0.002042531967163086
89350,normal,3190,1,1782359445.8889735,0.0020737648010253906
89351,normal,1286,0,1782359445.8908103,0.0018367767333984375
89352,normal,715,0,1782359445.892997,0.0021867752075195312
89353,normal,1112,0,1782359445.8949788,0.0019817352294921875
89354,normal,3179,1,1782359445.8968117,0.0018329620361328125
89355,normal,2119,0,1782359445.8989754,0.0021636486053466797
89356,normal,3261,1,1782359445.9009876,0.0020122528076171875
89357,normal,2549,0,1782359445.902809,0.001821279525756836
89358,normal,1953,0,1782359445.9050024,0.002193450927734375
89359,normal,1410,0,1782359445.9071958,0.002193450927734375
89360,normal,2074,0,1782359445.9089053,0.0017094612121582031
89361,normal,3118,1,1782359445.9108114,0.0019061565399169922
89362,normal,1809,0,1782359445.9129684,0.002156972885131836
89363,normal,1404,0,1782359445.9148514,0.0018830299377441406
89364,normal,523,0,1782359445.916998,0.002146482467651367
89365,normal,1524,0,1782359445.9189873,0.0019893646240234375
89366,normal,67,0,1782359445.9208095,0.0018222332000732422
89367,normal,2333,0,1782359445.9229994,0.0021898746490478516
89368,normal,2331,0,1782359445.9249969,0.0019974708557128906
89369,normal,2703,0,1782359445.92681,0.0018131732940673828
89370,normal,754,0,1782359445.928975,0.002165079116821289
89371,normal,3475,0,1782359445.9309993,0.0020241737365722656
89372,normal,1412,0,1782359445.9328105,0.0018112659454345703
89373,normal,1949,0,1782359445.9350083,0.002197742462158203
89374,normal,751,0,1782359445.9369764,0.0019681453704833984
89375,normal,3497,0,1782359445.9388463,0.0018699169158935547
89376,normal,658,0,1782359445.9409761,0.002129793167114258
89377,normal,3154,1,1782359445.9429698,0.0019936561584472656
89378,normal,476,0,1782359445.9448307,0.0018608570098876953
89379,normal,3365,1,1782359445.94698,0.002149343490600586
89380,normal,2761,0,1782359445.948986,0.002006053924560547
89381,normal,905,2,1782359445.950816,0.0018298625946044922
89382,normal,543,0,1782359445.9529772,0.002161264419555664
89383,normal,2334,0,1782359445.9549725,0.0019953250885009766
89384,normal,3579,0,1782359445.9568179,0.0018453598022460938
89385,normal,3315,1,1782359445.9589934,0.002175569534301758
89386,normal,2325,0,1782359445.9609761,0.0019826889038085938
89387,normal,2394,0,1782359445.9628139,0.0018377304077148438
89388,normal,2607,0,1782359445.9649744,0.0021605491638183594
89389,normal,1893,0,1782359445.9669893,0.0020148754119873047
89390,normal,1105,0,1782359445.9688108,0.0018215179443359375
89391,normal,1260,0,1782359445.9710066,0.0021958351135253906
89392,normal,3206,1,1782359445.972935,0.0019283294677734375
89393,normal,634,0,1782359445.9748118,0.0018768310546875
89394,normal,2227,0,1782359445.976975,0.0021631717681884766
89395,normal,187,0,1782359445.9789855,0.0020105838775634766
89396,normal,3250,1,1782359445.980809,0.00182342529296875
89397,normal,8,0,1782359445.9829764,0.0021674633026123047
89398,normal,2447,0,1782359445.984986,0.0020096302032470703
89399,normal,2056,0,1782359445.9868143,0.0018281936645507812
89400,normal,1264,0,1782359445.9889815,0.002167224884033203
89401,normal,1151,0,1782359445.9909952,0.002013683319091797
89402,normal,3170,1,1782359445.9928563,0.0018610954284667969
89403,normal,208,0,1782359445.9949648,0.0021085739135742188
89404,normal,3080,1,1782359445.996934,0.0019690990447998047
89405,normal,549,0,1782359445.998776,0.0018420219421386719
89406,normal,3641,0,1782359446.0008926,0.002116680145263672
89407,normal,409,0,1782359446.0029335,0.002040863037109375
89408,normal,3656,0,1782359446.0048082,0.001874685287475586
89409,normal,2047,0,1782359446.0069766,0.002168416976928711
89410,normal,2211,0,1782359446.0089598,0.001983165740966797
89411,normal,491,0,1782359446.0108078,0.001847982406616211
89412,normal,1316,0,1782359446.0127962,0.0019884109497070312
89413,normal,2753,0,1782359446.0148318,0.0020356178283691406
89414,normal,2332,0,1782359446.0167744,0.0019426345825195312
89415,normal,1760,0,1782359446.0188355,0.002061128616333008
89416,normal,2647,0,1782359446.020802,0.0019664764404296875
89417,normal,1297,0,1782359446.0227716,0.001969575881958008
89418,normal,2393,0,1782359446.0248127,0.0020411014556884766
89419,normal,2170,0,1782359446.026827,0.0020143985748291016
89420,normal,3061,1,1782359446.0287762,0.0019490718841552734
89421,normal,1842,0,1782359446.0307963,0.002020120620727539
89422,normal,480,0,1782359446.0327952,0.0019989013671875
89423,normal,871,2,1782359446.0347905,0.0019953250885009766
89424,normal,1116,0,1782359446.0368168,0.0020263195037841797
89425,normal,3658,0,1782359446.038826,0.002009153366088867
89426,normal,3553,0,1782359446.0407784,0.0019524097442626953
89427,normal,2158,0,1782359446.0428073,0.002028942108154297
89428,normal,2839,0,1782359446.0448053,0.0019979476928710938
89429,normal,894,2,1782359446.0467677,0.001962423324584961
89430,normal,518,0,1782359446.0488153,0.0020475387573242188
89431,normal,1591,0,1782359446.0508375,0.002022266387939453
89432,normal,3331,1,1782359446.0527792,0.001941680908203125
89433,normal,3294,1,1782359446.0548327,0.002053499221801758
89434,normal,3681,0,1782359446.056803,0.0019702911376953125
89435,normal,2844,0,1782359446.0587733,0.0019702911376953125
89436,normal,1651,0,1782359446.060804,0.002030611038208008
89437,normal,1802,0,1782359446.062805,0.002001047134399414
89438,normal,152,0,1782359446.064773,0.0019681453704833984
89439,normal,2235,0,1782359446.0668101,0.00203704833984375
89440,normal,2913,0,1782359446.068825,0.0020148754119873047
89441,normal,1959,0,1782359446.0707715,0.0019464492797851562
89442,normal,2430,0,1782359446.07281,0.0020384788513183594
89443,normal,2339,0,1782359446.0748012,0.00199127197265625
89444,normal,1871,0,1782359446.0767708,0.001969575881958008
89445,normal,1433,0,1782359446.078801,0.0020301342010498047
89446,normal,1595,0,1782359446.0808313,0.0020303726196289062
89447,normal,1887,0,1782359446.082782,0.0019507408142089844
89448,normal,3661,0,1782359446.0848248,0.0020427703857421875
89449,normal,2053,0,1782359446.0867996,0.001974821090698242
89450,normal,3172,1,1782359446.0887685,0.001968860626220703
89451,normal,912,2,1782359446.090841,0.002072572708129883
89452,normal,2367,0,1782359446.092818,0.0019769668579101562
89453,normal,2113,0,1782359446.0947797,0.0019617080688476562
89454,normal,178,0,1782359446.0968006,0.0020208358764648438
89455,normal,3538,0,1782359446.098801,0.0020003318786621094
89456,normal,968,2,1782359446.1007724,0.0019714832305908203
89457,normal,1541,0,1782359446.1028142,0.0020418167114257812
89458,normal,2482,0,1782359446.104819,0.002004861831665039
89459,normal,2151,0,1782359446.1068034,0.0019843578338623047
89460,normal,3576,0,1782359446.108835,0.002031564712524414
89461,normal,3399,1,1782359446.1108081,0.0019731521606445312
89462,normal,801,2,1782359446.112749,0.0019409656524658203
89463,normal,3642,0,1782359446.114812,0.0020627975463867188
89464,normal,2311,0,1782359446.1168194,0.0020074844360351562
89465,normal,2871,0,1782359446.1187706,0.0019512176513671875
89466,normal,3100,1,1782359446.1208372,0.0020666122436523438
89467,normal,1373,1,1782359446.1228004,0.0019631385803222656
89468,normal,3312,1,1782359446.124773,0.001972675323486328
89469,normal,1219,0,1782359446.1268065,0.0020334720611572266
89470,normal,1681,0,1782359446.1288373,0.0020308494567871094
89471,normal,2953,0,1782359446.130771,0.0019335746765136719
89472,normal,2436,0,1782359446.1328394,0.0020685195922851562
89473,normal,2633,0,1782359446.1348033,0.0019638538360595703
89474,normal,3352,1,1782359446.136772,0.0019686222076416016
89475,normal,237,0,1782359446.1388073,0.002035379409790039
89476,normal,3338,1,1782359446.140832,0.0020246505737304688
89477,normal,1572,0,1782359446.1427684,0.0019364356994628906
89478,normal,704,0,1782359446.144811,0.002042531967163086
89479,normal,323,0,1782359446.1467946,0.001983642578125
89480,normal,1008,2,1782359446.1487768,0.0019822120666503906
89481,normal,1642,0,1782359446.1508114,0.0020346641540527344
89482,normal,3189,1,1782359446.152828,0.0020165443420410156
89483,normal,1411,0,1782359446.1547737,0.0019457340240478516
89484,normal,1972,0,1782359446.1568308,0.0020570755004882812
89485,normal,748,0,1782359446.1588037,0.0019729137420654297
89486,normal,2836,0,1782359446.16077,0.001966238021850586
89487,normal,1064,0,1782359446.1628034,0.0020334720611572266
89488,normal,202,0,1782359446.165119,0.002315521240234375
89489,normal,472,0,1782359446.1667745,0.00165557861328125
89490,normal,854,2,1782359446.168802,0.0020275115966796875
89491,normal,364,0,1782359446.1708055,0.0020034313201904297
89492,normal,2449,0,1782359446.1727724,0.0019669532775878906
89493,normal,2089,0,1782359446.1748114,0.0020389556884765625
89494,normal,3229,1,1782359446.176841,0.0020296573638916016
89495,normal,1387,0,1782359446.1787689,0.0019278526306152344
89496,normal,1446,0,1782359446.1807985,0.0020296573638916016
89497,normal,3279,1,1782359446.1828072,0.002008676528930664
89498,normal,2524,0,1782359446.1847708,0.0019636154174804688
89499,normal,3611,0,1782359446.1868126,0.0020418167114257812
89500,normal,1889,0,1782359446.1888218,0.002009153366088867
89501,normal,2281,0,1782359446.1907823,0.0019605159759521484
89502,normal,80,0,1782359446.192827,0.002044677734375
89503,normal,296,0,1782359446.1948066,0.0019795894622802734
89504,normal,3304,1,1782359446.1967807,0.0019741058349609375
89505,normal,90,0,1782359446.1988218,0.0020411014556884766
89506,normal,3367,1,1782359446.2008379,0.0020160675048828125
89507,normal,1223,0,1782359446.2027745,0.0019366741180419922
89508,normal,1713,0,1782359446.2048018,0.002027273178100586
89509,normal,924,2,1782359446.2068284,0.0020265579223632812
89510,normal,493,0,1782359446.2087774,0.0019490718841552734
89511,normal,927,2,1782359446.2108448,0.0020673274993896484
89512,normal,3143,1,1782359446.212801,0.0019562244415283203
89513,normal,1124,0,1782359446.2147722,0.0019712448120117188
89514,normal,1140,0,1782359446.2168036,0.0020313262939453125
89515,normal,1688,0,1782359446.218824,0.0020203590393066406
89516,normal,829,2,1782359446.2207801,0.0019562244415283203
89517,normal,3603,0,1782359446.2228153,0.0020351409912109375
89518,normal,3292,1,1782359446.2248013,0.0019860267639160156
89519,normal,2797,0,1782359446.2267709,0.001969575881958008
89520,normal,1575,0,1782359446.2288103,0.0020394325256347656
89521,normal,3446,0,1782359446.2308526,0.0020422935485839844
89522,normal,1128,0,1782359446.2327871,0.0019345283508300781
89523,normal,3310,1,1782359446.2348416,0.002054452896118164
89524,normal,1275,0,1782359446.2368002,0.001958608627319336
89525,normal,2208,0,1782359446.23877,0.0019698143005371094
89526,normal,129,0,1782359446.2407994,0.0020294189453125
89527,normal,812,2,1782359446.2428265,0.0020270347595214844
89528,normal,2952,0,1782359446.2447731,0.0019466876983642578
89529,normal,2467,0,1782359446.246828,0.002054929733276367
89530,normal,3448,0,1782359446.2488077,0.0019795894622802734
89531,normal,3284,1,1782359446.250774,0.001966238021850586
89532,normal,473,0,1782359446.252816,0.002042055130004883
89533,normal,2384,0,1782359446.2549767,0.002160787582397461
89534,normal,1562,0,1782359446.2567747,0.0017979145050048828
89535,normal,345,0,1782359446.2588449,0.002070188522338867
89536,normal,248,0,1782359446.2608008,0.0019559860229492188
89537,normal,1691,0,1782359446.2627778,0.0019769668579101562
89538,normal,676,0,1782359446.2648084,0.002030611038208008
89539,normal,156,0,1782359446.2668252,0.002016782760620117
89540,normal,1029,2,1782359446.268782,0.0019567012786865234
89541,normal,2934,0,1782359446.270816,0.0020341873168945312
89542,normal,3696,0,1782359446.272803,0.001986980438232422
89543,normal,799,2,1782359446.2747715,0.0019683837890625
89544,normal,1820,0,1782359446.2768013,0.002029895782470703
89545,normal,146,0,1782359446.2788217,0.0020203590393066406
89546,normal,3106,1,1782359446.280774,0.0019524097442626953
89547,normal,1042,0,1782359446.2828455,0.002071380615234375
89548,normal,3052,1,1782359446.2848034,0.0019578933715820312
89549,normal,1455,0,1782359446.2867703,0.0019669532775878906
89550,normal,1333,1,1782359446.2888064,0.0020360946655273438
89551,normal,1909,0,1782359446.2907972,0.001990795135498047
89552,normal,1272,0,1782359446.2927787,0.001981496810913086
89553,normal,431,0,1782359446.2948065,0.002027750015258789
89554,normal,1056,0,1782359446.2968206,0.00201416015625
89555,normal,2572,0,1782359446.2987797,0.001959085464477539
89556,normal,1044,0,1782359446.3008118,0.002032041549682617
89557,normal,133,0,1782359446.3028202,0.0020084381103515625
89558,normal,1200,0,1782359446.3047733,0.001953125
89559,normal,362,0,1782359446.3068469,0.002073526382446289
89560,normal,3457,0,1782359446.3088062,0.0019593238830566406
89561,normal,998,2,1782359446.3107815,0.0019752979278564453
89562,normal,1556,0,1782359446.312782,0.002000570297241211
89563,normal,2908,0,1782359446.3148258,0.0020437240600585938
89564,normal,3103,1,1782359446.3167703,0.0019445419311523438
89565,normal,2606,0,1782359446.3188455,0.0020751953125
89566,normal,350,0,1782359446.320803,0.001957416534423828
89567,normal,134,0,1782359446.322776,0.0019731521606445312
89568,normal,2414,0,1782359446.324806,0.002029895782470703
89569,normal,1550,0,1782359446.326831,0.002025127410888672
89570,normal,1014,2,1782359446.328764,0.0019328594207763672
89571,normal,1094,0,1782359446.330815,0.002051115036010742
89572,normal,1426,0,1782359446.332807,0.0019919872283935547
89573,normal,114,0,1782359446.334773,0.0019659996032714844
89574,normal,62,0,1782359446.336809,0.002035856246948242
89575,normal,1198,0,1782359446.3388324,0.002023458480834961
89576,normal,1840,0,1782359446.340788,0.0019555091857910156
89577,normal,2291,0,1782359446.3428395,0.0020515918731689453
89578,normal,441,0,1782359446.3448048,0.0019652843475341797
89579,normal,817,2,1782359446.3467836,0.0019788742065429688
89580,normal,1345,1,1782359446.3490143,0.0022306442260742188
89581,normal,1669,0,1782359446.3508637,0.0018494129180908203
89582,normal,3124,1,1782359446.353053,0.0021893978118896484
89583,normal,1728,0,1782359446.3548877,0.0018346309661865234
89584,normal,2043,0,1782359446.3570843,0.0021965503692626953
89585,normal,1603,0,1782359446.358853,0.0017688274383544922
89586,normal,2587,0,1782359446.361053,0.002199888229370117
89587,normal,1637,0,1782359446.3629599,0.0019068717956542969
89588,normal,3377,1,1782359446.3650937,0.0021338462829589844
89589,normal,1018,2,1782359446.3670156,0.0019218921661376953
89590,normal,1668,0,1782359446.3690245,0.0020089149475097656
89591,normal,391,0,1782359446.3708463,0.001821756362915039
89592,normal,2080,0,1782359446.3730373,0.0021910667419433594
89593,normal,188,0,1782359446.375008,0.0019707679748535156
89594,normal,706,0,1782359446.3768687,0.0018606185913085938
89595,normal,2943,0,1782359446.3790457,0.002177000045776367
89596,normal,516,0,1782359446.3808515,0.0018057823181152344
89597,normal,1135,0,1782359446.3828468,0.0019953250885009766
89598,normal,207,0,1782359446.3848004,0.001953601837158203
89599,normal,916,2,1782359446.386864,0.0020635128021240234
89600,normal,2015,0,1782359446.3887885,0.0019245147705078125
89601,normal,3018,0,1782359446.390862,0.002073526382446289
89602,normal,1227,0,1782359446.3928394,0.0019774436950683594
89603,normal,1381,1,1782359446.3947697,0.00193023681640625
89604,normal,2345,0,1782359446.3968556,0.0020859241485595703
89605,normal,2112,0,1782359446.3988404,0.001984834671020508
89606,normal,2973,0,1782359446.4008002,0.0019598007202148438
89607,normal,1176,0,1782359446.4028249,0.0020246505737304688
89608,normal,1216,0,1782359446.4048645,0.002039670944213867
89609,normal,3541,0,1782359446.4067805,0.0019159317016601562
89610,normal,3623,0,1782359446.408842,0.002061605453491211
89611,normal,1161,0,1782359446.4108346,0.001992464065551758
89612,normal,1179,0,1782359446.41278,0.00194549560546875
89613,normal,1735,0,1782359446.4148586,0.002078533172607422
89614,normal,2872,0,1782359446.4168413,0.0019826889038085938
89615,normal,3023,0,1782359446.4187698,0.001928567886352539
89616,normal,3102,1,1782359446.4208577,0.002087831497192383
89617,normal,2324,0,1782359446.4228344,0.0019767284393310547
89618,normal,219,0,1782359446.4247751,0.0019407272338867188
89619,normal,2065,0,1782359446.4268656,0.0020904541015625
89620,normal,474,0,1782359446.4288356,0.001970052719116211
89621,normal,1616,0,1782359446.4307735,0.0019378662109375
89622,normal,606,0,1782359446.4328988,0.002125263214111328
89623,normal,3059,1,1782359446.4348538,0.0019550323486328125
89624,normal,2946,0,1782359446.4367757,0.0019218921661376953
89625,normal,3526,0,1782359446.4388304,0.0020546913146972656
89626,normal,1477,0,1782359446.4408314,0.002001047134399414
89627,normal,484,0,1782359446.4427671,0.001935720443725586
89628,normal,2975,0,1782359446.4448273,0.0020601749420166016
89629,normal,2035,0,1782359446.4468653,0.0020380020141601562
89630,normal,3051,1,1782359446.4487846,0.0019192695617675781
89631,normal,1228,0,1782359446.4508507,0.0020661354064941406
89632,normal,2961,0,1782359446.4528685,0.0020177364349365234
89633,normal,112,0,1782359446.454786,0.0019176006317138672
89634,normal,148,0,1782359446.4568508,0.0020647048950195312
89635,normal,1828,0,1782359446.4589105,0.0020596981048583984
89636,normal,1326,1,1782359446.4608018,0.0018913745880126953
89637,normal,3659,0,1782359446.4628654,0.0020635128021240234
89638,normal,1099,0,1782359446.4648364,0.001971006393432617
89639,normal,3632,0,1782359446.46677,0.0019335746765136719
89640,normal,3490,0,1782359446.4688244,0.002054452896118164
89641,normal,2432,0,1782359446.4709074,0.0020830631256103516
89642,normal,1246,0,1782359446.4727948,0.0018873214721679688
89643,normal,1658,0,1782359446.4748108,0.0020160675048828125
89644,normal,423,0,1782359446.4768355,0.0020246505737304688
89645,normal,3371,1,1782359446.4787657,0.00193023681640625
89646,normal,1378,1,1782359446.4808235,0.002057790756225586
89647,normal,862,2,1782359446.4828675,0.0020439624786376953
89648,normal,257,0,1782359446.484782,0.0019145011901855469
89649,normal,2686,0,1782359446.4868474,0.002065420150756836
89650,normal,3600,0,1782359446.4888344,0.001986980438232422
89651,normal,685,0,1782359446.4907663,0.001931905746459961
89652,normal,1300,0,1782359446.4928262,0.0020599365234375
89653,normal,570,0,1782359446.4949136,0.0020873546600341797
89654,normal,2041,0,1782359446.4968052,0.0018916130065917969
89655,normal,1472,0,1782359446.4988663,0.002061128616333008
89656,normal,781,2,1782359446.5008323,0.0019659996032714844
89657,normal,597,0,1782359446.5027719,0.001939535140991211
89658,normal,1680,0,1782359446.5048215,0.002049684524536133
89659,normal,2231,0,1782359446.5068648,0.0020432472229003906
89660,normal,2664,0,1782359446.5087824,0.0019176006317138672
89661,normal,1775,0,1782359446.5108967,0.0021142959594726562
89662,normal,863,2,1782359446.5128322,0.0019354820251464844
89663,normal,1534,0,1782359446.514766,0.0019338130950927734
89664,normal,3485,0,1782359446.5168564,0.0020904541015625
89665,normal,697,0,1782359446.5188987,0.0020422935485839844
89666,normal,739,0,1782359446.5207677,0.0018689632415771484
89667,normal,373,0,1782359446.5228636,0.002095937728881836
89668,normal,183,0,1782359446.524865,0.0020012855529785156
89669,normal,626,0,1782359446.5267806,0.0019156932830810547
89670,normal,251,0,1782359446.5289001,0.0021195411682128906
89671,normal,2911,0,1782359446.5308678,0.0019676685333251953
89672,normal,3675,0,1782359446.5327902,0.0019223690032958984
89673,normal,335,0,1782359446.5348504,0.0020601749420166016
89674,normal,2221,0,1782359446.5368633,0.002012968063354492
89675,normal,1307,0,1782359446.538785,0.0019216537475585938
89676,normal,2505,0,1782359446.540904,0.0021190643310546875
89677,normal,2663,0,1782359446.542864,0.0019600391387939453
89678,normal,18,0,1782359446.5447829,0.001918792724609375
89679,normal,1844,0,1782359446.5468998,0.0021169185638427734
89680,normal,1494,0,1782359446.5488634,0.0019636154174804688
89681,normal,3145,1,1782359446.5507753,0.0019118785858154297
89682,normal,914,2,1782359446.5528274,0.0020520687103271484
89683,normal,231,0,1782359446.554835,0.002007722854614258
89684,normal,3025,0,1782359446.556765,0.0019299983978271484
89685,normal,454,0,1782359446.55885,0.002084970474243164
89686,normal,432,0,1782359446.5608628,0.0020127296447753906
89687,normal,1104,0,1782359446.5627751,0.0019123554229736328
89688,normal,3159,1,1782359446.564896,0.0021209716796875
89689,normal,2626,0,1782359446.5668628,0.001966714859008789
89690,normal,440,0,1782359446.5687816,0.001918792724609375
89691,normal,992,2,1782359446.5709012,0.0021195411682128906
89692,normal,3010,0,1782359446.5728652,0.001964092254638672
89693,normal,1376,1,1782359446.5747952,0.0019299983978271484
89694,normal,1474,0,1782359446.576899,0.0021038055419921875
89695,normal,320,0,1782359446.578866,0.0019669532775878906
89696,normal,2707,0,1782359446.5807896,0.0019235610961914062
89697,normal,324,0,1782359446.582892,0.002102375030517578
89698,normal,3389,1,1782359446.5848618,0.0019698143005371094
89699,normal,3531,0,1782359446.5867753,0.0019135475158691406
89700,normal,3065,1,1782359446.588893,0.002117633819580078
89701,normal,292,0,1782359446.590875,0.001981973648071289
89702,normal,3148,1,1782359446.5927823,0.0019073486328125
89703,normal,3054,1,1782359446.594844,0.0020618438720703125
89704,normal,3500,0,1782359446.5968697,0.002025604248046875
89705,normal,2605,0,1782359446.5987997,0.0019299983978271484
89706,normal,495,0,1782359446.6009293,0.0021295547485351562
89707,normal,1100,0,1782359446.602867,0.0019376277923583984
89708,normal,3208,1,1782359446.6047902,0.0019233226776123047
89709,normal,459,0,1782359446.6068485,0.002058267593383789
89710,normal,2264,0,1782359446.6088502,0.0020017623901367188
89711,normal,1777,0,1782359446.6107829,0.0019326210021972656
89712,normal,1699,0,1782359446.6128492,0.002066373825073242
89713,normal,3193,1,1782359446.6148643,0.0020151138305664062
89714,normal,1607,0,1782359446.6167789,0.0019145011901855469
89715,normal,2457,0,1782359446.6189017,0.0021228790283203125
89716,normal,2735,0,1782359446.6208313,0.0019295215606689453
89717,normal,2265,0,1782359446.6227646,0.0019333362579345703
89718,normal,2877,0,1782359446.624864,0.0020995140075683594
89719,normal,1837,0,1782359446.6268349,0.0019707679748535156
89720,normal,663,0,1782359446.628766,0.0019311904907226562
89721,normal,1063,0,1782359446.6308224,0.0020563602447509766
89722,normal,2454,0,1782359446.6328974,0.0020749568939208984
89723,normal,2738,0,1782359446.6347966,0.0018992424011230469
89724,normal,2207,0,1782359446.6367795,0.0019829273223876953
89725,normal,2018,0,1782359446.6388671,0.0020875930786132812
89726,normal,928,2,1782359446.6407838,0.001916646957397461
89727,normal,1666,0,1782359446.642847,0.002063274383544922
89728,normal,3048,1,1782359446.6448662,0.002019166946411133
89729,normal,594,0,1782359446.646779,0.001912832260131836
89730,normal,1549,0,1782359446.6489012,0.002122163772583008
89731,normal,2912,0,1782359446.6508636,0.001962423324584961
89732,normal,2726,0,1782359446.6528044,0.0019407272338867188
89733,normal,2027,0,1782359446.654861,0.002056598663330078
89734,normal,2655,0,1782359446.6568644,0.0020034313201904297
89735,normal,1806,0,1782359446.6587942,0.0019297599792480469
89736,normal,2624,0,1782359446.6608925,0.0020983219146728516
89737,normal,3225,1,1782359446.662869,0.001976490020751953
89738,normal,3530,0,1782359446.664799,0.0019299983978271484
89739,normal,726,0,1782359446.6668231,0.0020241737365722656
89740,normal,496,0,1782359446.6688669,0.0020437240600585938
89741,normal,433,0,1782359446.670786,0.0019190311431884766
89742,normal,2488,0,1782359446.6728475,0.002061605453491211
89743,normal,970,2,1782359446.674829,0.001981496810913086
89744,normal,1051,0,1782359446.6767647,0.001935720443725586
89745,normal,3698,0,1782359446.678823,0.002058267593383789
89746,normal,3071,1,1782359446.6809032,0.002080202102661133
89747,normal,2560,0,1782359446.6827784,0.001875162124633789
89748,normal,2375,0,1782359446.6848395,0.002061128616333008
89749,normal,3536,0,1782359446.6868289,0.0019893646240234375
89750,normal,3472,0,1782359446.6887643,0.0019354820251464844
89751,normal,2692,0,1782359446.690824,0.0020596981048583984
89752,normal,831,2,1782359446.6928632,0.002039194107055664
89753,normal,818,2,1782359446.694831,0.0019676685333251953
89754,normal,1819,0,1782359446.6967893,0.0019583702087402344
89755,normal,1834,0,1782359446.6988332,0.0020439624786376953
89756,normal,955,2,1782359446.7007668,0.0019335746765136719
89757,normal,1943,0,1782359446.7028234,0.002056598663330078
89758,normal,780,2,1782359446.7048633,0.0020399093627929688
89759,normal,1528,0,1782359446.706793,0.0019297599792480469
89760,normal,2385,0,1782359446.7088904,0.0020973682403564453
89761,normal,3516,0,1782359446.7108295,0.0019390583038330078
89762,normal,250,0,1782359446.7127662,0.0019366741180419922
89763,normal,880,2,1782359446.7148502,0.002084016799926758
89764,normal,2902,0,1782359446.7169018,0.0020515918731689453
89765,normal,2121,0,1782359446.718795,0.0018932819366455078
89766,normal,2014,0,1782359446.7209713,0.0021762847900390625
89767,normal,2267,0,1782359446.7228613,0.001889944076538086
89768,normal,2926,0,1782359446.724802,0.0019407272338867188
89769,normal,2604,0,1782359446.7268243,0.002022266387939453
89770,normal,3012,0,1782359446.728829,0.0020046234130859375
89771,normal,3612,0,1782359446.730765,0.001936197280883789
89772,normal,1899,0,1782359446.7328491,0.002084016799926758
89773,normal,861,2,1782359446.7348309,0.0019817352294921875
89774,normal,2358,0,1782359446.7367764,0.00194549560546875
89775,normal,1507,0,1782359446.7388473,0.002070903778076172
89776,normal,3517,0,1782359446.740831,0.001983642578125
89777,normal,3555,0,1782359446.7427657,0.0019347667694091797
89778,normal,2460,0,1782359446.7448452,0.002079486846923828
89779,normal,3227,1,1782359446.7468302,0.0019850730895996094
89780,normal,1500,0,1782359446.748765,0.0019347667694091797
89781,normal,2076,0,1782359446.7508447,0.0020797252655029297
89782,normal,1914,0,1782359446.7528734,0.0020287036895751953
89783,normal,885,2,1782359446.7547731,0.00189971923828125
89784,normal,3063,1,1782359446.756848,0.0020749568939208984
89785,normal,3601,0,1782359446.7588294,0.0019812583923339844
89786,normal,2970,0,1782359446.760765,0.001935720443725586
89787,normal,2939,0,1782359446.762852,0.0020868778228759766
89788,normal,560,0,1782359446.7648332,0.0019812583923339844
89789,normal,1511,0,1782359446.766765,0.001931905746459961
89790,normal,1475,0,1782359446.7688456,0.0020804405212402344
89791,normal,557,0,1782359446.7708101,0.001964569091796875
89792,normal,2307,0,1782359446.772771,0.00196075439453125
89793,normal,1301,0,1782359446.7748544,0.0020835399627685547
89794,normal,1098,0,1782359446.776832,0.001977682113647461
89795,normal,548,0,1782359446.778765,0.0019328594207763672
89796,normal,593,0,1782359446.7808452,0.002080202102661133
89797,normal,2985,0,1782359446.7828274,0.0019822120666503906
89798,normal,768,0,1782359446.784767,0.001939535140991211
89799,normal,2029,0,1782359446.7868323,0.002065420150756836
89800,normal,234,0,1782359446.7888298,0.0019974708557128906
89801,normal,55,0,1782359446.790765,0.0019352436065673828
89802,normal,3546,0,1782359446.7928488,0.0020837783813476562
89803,normal,2951,0,1782359446.7948139,0.001965045928955078
89804,normal,446,0,1782359446.7967687,0.001954793930053711
89805,normal,1652,0,1782359446.7988486,0.0020799636840820312
89806,normal,1955,0,1782359446.8008263,0.001977682113647461
89807,normal,745,0,1782359446.8027668,0.0019404888153076172
89808,normal,1197,0,1782359446.8048482,0.0020813941955566406
89809,normal,3588,0,1782359446.8068116,0.001963376998901367
89810,normal,1765,0,1782359446.8087742,0.0019626617431640625
89811,normal,677,0,1782359446.8108459,0.0020716190338134766
89812,normal,3162,1,1782359446.8128297,0.0019838809967041016
89813,normal,911,2,1782359446.814784,0.001954317092895508
89814,normal,132,0,1782359446.8168497,0.0020656585693359375
89815,normal,3343,1,1782359446.818828,0.0019783973693847656
89816,normal,1241,0,1782359446.8207672,0.0019390583038330078
89817,normal,2068,0,1782359446.8228462,0.002079010009765625
89818,normal,2251,0,1782359446.8248324,0.001986265182495117
89819,normal,3640,0,1782359446.8267665,0.001934051513671875
89820,normal,471,0,1782359446.8289032,0.002136707305908203
89821,normal,2016,0,1782359446.830847,0.001943826675415039
89822,normal,1618,0,1782359446.8327794,0.001932382583618164
89823,normal,2179,0,1782359446.8348267,0.002047300338745117
89824,normal,1626,0,1782359446.836863,0.0020363330841064453
89825,normal,2144,0,1782359446.8387954,0.001932382583618164
89826,normal,828,2,1782359446.8408344,0.0020389556884765625
89827,normal,2791,0,1782359446.8428307,0.001996278762817383
89828,normal,2011,0,1782359446.8447642,0.0019335746765136719
89829,normal,1191,0,1782359446.8468478,0.0020835399627685547
89830,normal,1613,0,1782359446.8488266,0.0019788742065429688
89831,normal,668,0,1782359446.850762,0.0019352436065673828
89832,normal,3236,1,1782359446.8528728,0.0021109580993652344
89833,normal,1444,0,1782359446.8548748,0.0020020008087158203
89834,normal,3097,1,1782359446.8567908,0.0019159317016601562
89835,normal,1862,0,1782359446.8588724,0.002081632614135742
89836,normal,805,2,1782359446.8608677,0.0019953250885009766
89837,normal,22,0,1782359446.8627863,0.0019185543060302734
89838,normal,2109,0,1782359446.8648944,0.0021080970764160156
89839,normal,1974,0,1782359446.8668659,0.0019714832305908203
89840,normal,2476,0,1782359446.868789,0.0019230842590332031
89841,normal,2541,0,1782359446.8708968,0.002107858657836914
89842,normal,142,0,1782359446.8728611,0.0019643306732177734
89843,normal,2580,0,1782359446.8747957,0.0019345283508300781
89844,normal,333,0,1782359446.8768973,0.0021016597747802734
89845,normal,2712,0,1782359446.8788674,0.001970052719116211
89846,normal,65,0,1782359446.8808103,0.0019428730010986328
89847,normal,3484,0,1782359446.8828473,0.00203704833984375
89848,normal,121,0,1782359446.8848298,0.001982450485229492
89849,normal,2295,0,1782359446.8867722,0.0019423961639404297
89850,normal,2401,0,1782359446.888858,0.0020859241485595703
89851,normal,3567,0,1782359446.8908315,0.001973390579223633
89852,normal,396,0,1782359446.8927724,0.0019409656524658203
89853,normal,2916,0,1782359446.8948474,0.0020749568939208984
89854,normal,1501,0,1782359446.8968976,0.002050161361694336
89855,normal,2616,0,1782359446.8988013,0.0019037723541259766
89856,normal,2108,0,1782359446.9007723,0.001971006393432617
89857,normal,1901,0,1782359446.902864,0.002091646194458008
89858,normal,3569,0,1782359446.904799,0.0019350051879882812
89859,normal,1639,0,1782359446.9068658,0.0020668506622314453
89860,normal,1155,0,1782359446.908861,0.001995086669921875
89861,normal,964,2,1782359446.9107945,0.0019335746765136719
89862,normal,757,0,1782359446.9128568,0.0020623207092285156
89863,normal,351,0,1782359446.9148324,0.001975536346435547
89864,normal,3276,1,1782359446.9167643,0.001931905746459961
89865,normal,3160,1,1782359446.9188216,0.002057313919067383
89866,normal,2601,0,1782359446.9209068,0.0020852088928222656
89867,normal,1944,0,1782359446.9227931,0.0018863677978515625
89868,normal,1348,1,1782359446.9248347,0.0020415782928466797
89869,normal,3022,0,1782359446.9268355,0.0020008087158203125
89870,normal,1517,0,1782359446.9287665,0.0019309520721435547
89871,normal,872,2,1782359446.9308562,0.0020897388458251953
89872,normal,375,0,1782359446.93291,0.0020537376403808594
89873,normal,736,0,1782359446.9347935,0.0018835067749023438
89874,normal,3265,1,1782359446.9368691,0.002075672149658203
89875,normal,3201,1,1782359446.938832,0.001962900161743164
89876,normal,3290,1,1782359446.9407659,0.0019338130950927734
89877,normal,1814,0,1782359446.9428475,0.002081632614135742
89878,normal,1214,0,1782359446.9449067,0.0020592212677001953
89879,normal,3142,1,1782359446.9467869,0.0018801689147949219
89880,normal,1166,0,1782359446.9488466,0.0020596981048583984
89881,normal,3625,0,1782359446.9508317,0.0019850730895996094
89882,normal,904,2,1782359446.9527938,0.0019621849060058594
89883,normal,2148,0,1782359446.9548552,0.0020613670349121094
89884,normal,1430,0,1782359446.956909,0.0020537376403808594
89885,normal,2508,0,1782359446.958802,0.0018930435180664062
89886,normal,643,0,1782359446.9608104,0.0020084381103515625
89887,normal,966,2,1782359446.96283,0.002019643783569336
89888,normal,276,0,1782359446.964766,0.0019359588623046875
89889,normal,3259,1,1782359446.9668233,0.002057313919067383
89890,normal,3598,0,1782359446.9689035,0.002080202102661133
89891,normal,2131,0,1782359446.9708116,0.0019080638885498047
89892,normal,3318,1,1782359446.9728327,0.0020210742950439453
89893,normal,2743,0,1782359446.9748347,0.0020020008087158203
89894,normal,3392,1,1782359446.976765,0.00193023681640625
89895,normal,466,0,1782359446.97885,0.002084970474243164
89896,normal,991,2,1782359446.9808881,0.002038240432739258
89897,normal,674,0,1782359446.9827774,0.0018892288208007812
89898,normal,1590,0,1782359446.9848373,0.0020599365234375
89899,normal,2352,0,1782359446.9868343,0.0019969940185546875
89900,normal,424,0,1782359446.9887657,0.0019314289093017578
89901,normal,155,0,1782359446.99085,0.0020842552185058594
89902,normal,1081,0,1782359446.992867,0.0020170211791992188
89903,normal,2472,0,1782359446.9947786,0.0019116401672363281
89904,normal,444,0,1782359446.9968455,0.0020668506622314453
89905,normal,2435,0,1782359446.9988704,0.0020248889923095703
89906,normal,317,0,1782359447.0007675,0.0018970966339111328
89907,normal,737,0,1782359447.0028942,0.0021266937255859375
89908,normal,3699,0,1782359447.0048673,0.0019731521606445312
89909,normal,122,0,1782359447.0067968,0.0019295215606689453
89910,normal,1646,0,1782359447.0089073,0.0021104812622070312
89911,normal,1788,0,1782359447.0108628,0.0019555091857910156
89912,normal,2643,0,1782359447.0127866,0.0019237995147705078
89913,normal,3088,1,1782359447.0148118,0.002025127410888672
89914,normal,709,0,1782359447.0168965,0.0020847320556640625
89915,normal,577,0,1782359447.0188081,0.0019116401672363281
89916,normal,1076,0,1782359447.0208457,0.002037525177001953
89917,normal,2154,0,1782359447.0228674,0.00202178955078125
89918,normal,910,2,1782359447.0248435,0.00197601318359375
89919,normal,2368,0,1782359447.0268493,0.0020058155059814453
89920,normal,1054,0,1782359447.0289147,0.002065420150756836
89921,normal,899,2,1782359447.0308473,0.0019326210021972656
89922,normal,1755,0,1782359447.0328417,0.0019943714141845703
89923,normal,1192,0,1782359447.034866,0.002024412155151367
89924,normal,1797,0,1782359447.0368397,0.0019736289978027344
89925,normal,2093,0,1782359447.0388415,0.0020017623901367188
89926,normal,2754,0,1782359447.0409148,0.0020732879638671875
89927,normal,1857,0,1782359447.042847,0.0019321441650390625
89928,normal,1571,0,1782359447.0448394,0.001992464065551758
89929,normal,1045,0,1782359447.046864,0.0020246505737304688
89930,normal,397,0,1782359447.048853,0.0019888877868652344
89931,normal,2817,0,1782359447.0508428,0.0019898414611816406
89932,normal,1740,0,1782359447.0529232,0.0020804405212402344
89933,normal,2562,0,1782359447.0548522,0.0019290447235107422
89934,normal,716,0,1782359447.0568116,0.0019593238830566406
89935,normal,488,0,1782359447.0588992,0.0020875930786132812
89936,normal,3,0,1782359447.0607948,0.0018956661224365234
89937,normal,2111,0,1782359447.0629392,0.002144336700439453
89938,normal,1409,0,1782359447.0649157,0.001976490020751953
89939,normal,1733,0,1782359447.066852,0.0019364356994628906
89940,normal,2784,0,1782359447.0687928,0.0019407272338867188
89941,normal,657,0,1782359447.0708618,0.0020689964294433594
89942,normal,3606,0,1782359447.0728106,0.0019488334655761719
89943,normal,1048,0,1782359447.0748518,0.0020411014556884766
89944,normal,641,0,1782359447.0769157,0.0020639896392822266
89945,normal,1467,0,1782359447.0788507,0.0019350051879882812
89946,normal,1783,0,1782359447.0808256,0.001974821090698242
89947,normal,1994,0,1782359447.082859,0.0020334720611572266
89948,normal,3554,0,1782359447.0848126,0.001953601837158203
89949,normal,2477,0,1782359447.0868669,0.0020542144775390625
89950,normal,3270,1,1782359447.0889337,0.0020668506622314453
89951,normal,1584,0,1782359447.090809,0.0018754005432128906
89952,normal,1872,0,1782359447.0928311,0.0020220279693603516
89953,normal,288,0,1782359447.0948653,0.0020341873168945312
89954,normal,2214,0,1782359447.0968466,0.0019812583923339844
89955,normal,2338,0,1782359447.0988219,0.0019752979278564453
89956,normal,2299,0,1782359447.1009014,0.002079486846923828
89957,normal,1938,0,1782359447.1028216,0.0019202232360839844
89958,normal,2423,0,1782359447.104827,0.002005338668823242
89959,normal,1885,0,1782359447.1068645,0.002037525177001953
89960,normal,2327,0,1782359447.1088448,0.001980304718017578
89961,normal,2083,0,1782359447.1108356,0.001990795135498047
89962,normal,2527,0,1782359447.1129155,0.0020799636840820312
89963,normal,802,2,1782359447.1148632,0.001947641372680664
89964,normal,2101,0,1782359447.1168,0.0019369125366210938
89965,normal,3578,0,1782359447.118859,0.0020589828491210938
89966,normal,2957,0,1782359447.1208098,0.0019507408142089844
89967,normal,2282,0,1782359447.1229312,0.002121448516845703
89968,normal,1533,0,1782359447.1249118,0.0019805431365966797
89969,normal,1310,0,1782359447.1268523,0.0019404888153076172
89970,normal,2060,0,1782359447.128814,0.0019617080688476562
89971,normal,3561,0,1782359447.1308568,0.0020427703857421875
89972,normal,2874,0,1782359447.1328127,0.0019559860229492188
89973,normal,1661,0,1782359447.1348553,0.002042531967163086
89974,normal,3422,0,1782359447.1369174,0.002062082290649414
89975,normal,2615,0,1782359447.138839,0.0019216537475585938
89976,normal,2523,0,1782359447.1408105,0.0019714832305908203
89977,normal,46,0,1782359447.1428592,0.0020487308502197266
89978,normal,3379,1,1782359447.1448143,0.0019550323486328125
89979,normal,1419,0,1782359447.146931,0.002116680145263672
89980,normal,29,0,1782359447.1488686,0.0019376277923583984
89981,normal,522,0,1782359447.1508453,0.0019767284393310547
89982,normal,2244,0,1782359447.1530118,0.0021665096282958984
89983,normal,192,0,1782359447.1550632,0.0020513534545898438
89984,normal,2278,0,1782359447.1568112,0.0017480850219726562
89985,normal,3323,1,1782359447.1590557,0.0022444725036621094
89986,normal,120,0,1782359447.1609979,0.0019421577453613281
89987,normal,3635,0,1782359447.1628468,0.0018489360809326172
89988,normal,2216,0,1782359447.1650245,0.002177715301513672
89989,normal,406,0,1782359447.1670587,0.0020341873168945312
89990,normal,9,0,1782359447.1688185,0.0017597675323486328
89991,normal,636,0,1782359447.1710467,0.002228260040283203
89992,normal,1648,0,1782359447.1730022,0.0019555091857910156
89993,normal,851,2,1782359447.1748555,0.0018532276153564453
89994,normal,1013,2,1782359447.176844,0.0019884109497070312
89995,normal,3628,0,1782359447.1790607,0.002216815948486328
89996,normal,2718,0,1782359447.180819,0.0017583370208740234
89997,normal,2950,0,1782359447.183057,0.002238035202026367
89998,normal,3299,1,1782359447.1850011,0.0019440650939941406
89999,normal,1724,0,1782359447.1868117,0.0018105506896972656
90000,normal,2398,0,1782359447.1888738,0.002062082290649414
90001,normal,1988,0,1782359447.191043,0.0021691322326660156
90002,normal,2007,0,1782359447.1928103,0.0017673969268798828
90003,normal,1495,0,1782359447.19505,0.002239704132080078
90004,normal,1722,0,1782359447.1970384,0.0019884109497070312
90005,normal,666,0,1782359447.1988578,0.0018193721771240234
90006,normal,3425,0,1782359447.201019,0.002161264419555664
90007,normal,2409,0,1782359447.2030013,0.0019822120666503906
90008,normal,2094,0,1782359447.2048516,0.0018503665924072266
90009,normal,3174,1,1782359447.2070117,0.0021600723266601562
90010,normal,951,2,1782359447.2090569,0.002045154571533203
90011,normal,3319,1,1782359447.2108157,0.0017588138580322266
90012,normal,3647,0,1782359447.213051,0.00223541259765625
90013,normal,852,2,1782359447.2148733,0.0018222332000732422
90014,normal,873,2,1782359447.2168393,0.0019659996032714844
90015,normal,984,2,1782359447.2188213,0.001981973648071289
90016,normal,3257,1,1782359447.2209141,0.0020928382873535156
90017,normal,1375,1,1782359447.2228053,0.0018911361694335938
90018,normal,2591,0,1782359447.2249532,0.0021479129791259766
90019,normal,691,0,1782359447.226868,0.0019147396087646484
90020,normal,2304,0,1782359447.2288437,0.0019757747650146484
90021,normal,620,0,1782359447.2308512,0.0020074844360351562
90022,normal,2544,0,1782359447.232917,0.002065896987915039
90023,normal,2066,0,1782359447.234845,0.0019278526306152344
90024,normal,3305,1,1782359447.236841,0.0019960403442382812
90025,normal,2762,0,1782359447.2388659,0.0020248889923095703
90026,normal,978,2,1782359447.2408419,0.00197601318359375
90027,normal,675,0,1782359447.2428498,0.0020079612731933594
90028,normal,233,0,1782359447.2449133,0.0020635128021240234
90029,normal,2652,0,1782359447.2468436,0.00193023681640625
90030,normal,3708,0,1782359447.2488227,0.0019791126251220703
90031,normal,2659,0,1782359447.2508628,0.0020401477813720703
90032,normal,2679,0,1782359447.2528484,0.0019855499267578125
90033,normal,536,0,1782359447.2548444,0.0019960403442382812
90034,normal,3585,0,1782359447.2569146,0.002070188522338867
90035,normal,3324,1,1782359447.2588413,0.0019266605377197266
90036,normal,3198,1,1782359447.2608507,0.0020093917846679688
90037,normal,3552,0,1782359447.2628713,0.002020597457885742
90038,normal,2783,0,1782359447.264835,0.0019636154174804688
90039,normal,1568,0,1782359447.2668488,0.0020139217376708984
90040,normal,127,0,1782359447.2689168,0.002068042755126953
90041,normal,2815,0,1782359447.2708485,0.0019316673278808594
90042,normal,348,0,1782359447.272842,0.001993417739868164
90043,normal,996,2,1782359447.2748652,0.0020232200622558594
90044,normal,2740,0,1782359447.2768426,0.0019774436950683594
90045,normal,583,0,1782359447.2788482,0.0020055770874023438
90046,normal,600,0,1782359447.2809148,0.0020666122436523438
90047,normal,1431,0,1782359447.2828536,0.0019388198852539062
90048,normal,2699,0,1782359447.2848132,0.001959562301635742
90049,normal,1715,0,1782359447.2868593,0.0020461082458496094
90050,normal,2323,0,1782359447.2888095,0.0019502639770507812
90051,normal,1265,0,1782359447.2908432,0.002033710479736328
90052,normal,3360,1,1782359447.2929192,0.0020759105682373047
90053,normal,2602,0,1782359447.2948537,0.0019345283508300781
90054,normal,3534,0,1782359447.2968483,0.001994609832763672
90055,normal,1188,0,1782359447.298851,0.002002716064453125
90056,normal,581,0,1782359447.300843,0.0019919872283935547
90057,normal,2642,0,1782359447.302847,0.002003908157348633
90058,normal,1732,0,1782359447.304915,0.002068042755126953
90059,normal,71,0,1782359447.306852,0.0019371509552001953
90060,normal,344,0,1782359447.3088422,0.001990079879760742
90061,normal,733,0,1782359447.3108654,0.0020232200622558594
90062,normal,2785,0,1782359447.3128488,0.0019834041595458984
90063,normal,43,0,1782359447.3148067,0.0019578933715820312
90064,normal,2843,0,1782359447.3169072,0.0021004676818847656
90065,normal,14,0,1782359447.3188155,0.0019083023071289062
90066,normal,1945,0,1782359447.320855,0.0020394325256347656
90067,normal,3056,1,1782359447.3228643,0.0020093917846679688
90068,normal,3523,0,1782359447.3248415,0.001977205276489258
90069,normal,1731,0,1782359447.3268392,0.001997709274291992
90070,normal,1338,1,1782359447.3288963,0.0020570755004882812
90071,normal,2232,0,1782359447.3308887,0.001992464065551758
90072,normal,741,0,1782359447.332817,0.0019283294677734375
90073,normal,981,2,1782359447.3349073,0.0020902156829833984
90074,normal,2613,0,1782359447.3368104,0.0019030570983886719
90075,normal,2491,0,1782359447.3389544,0.0021440982818603516
90076,normal,2631,0,1782359447.3409178,0.001963376998901367
90077,normal,2895,0,1782359447.3427818,0.0018639564514160156
90078,normal,732,0,1782359447.344852,0.002070188522338867
90079,normal,3078,1,1782359447.3468347,0.0019826889038085938
90080,normal,2769,0,1782359447.3489237,0.0020890235900878906
90081,normal,3000,0,1782359447.3508027,0.001878976821899414
90082,normal,3670,0,1782359447.3529015,0.0020987987518310547
90083,normal,2998,0,1782359447.35484,0.0019385814666748047
90084,normal,245,0,1782359447.356772,0.001931905746459961
90085,normal,1117,0,1782359447.3588188,0.002046823501586914
90086,normal,965,2,1782359447.360789,0.0019702911376953125
90087,normal,2314,0,1782359447.3628676,0.002078533172607422
90088,normal,3252,1,1782359447.364835,0.0019674301147460938
90089,normal,2639,0,1782359447.3667657,0.0019307136535644531
90090,normal,1696,0,1782359447.3688545,0.002088785171508789
90091,normal,2948,0,1782359447.3708353,0.0019807815551757812
90092,normal,443,0,1782359447.372783,0.001947641372680664
90093,normal,2445,0,1782359447.3748536,0.0020706653594970703
90094,normal,1321,1,1782359447.3768313,0.001977682113647461
90095,normal,2569,0,1782359447.3789349,0.002103567123413086
90096,normal,469,0,1782359447.380812,0.0018770694732666016
90097,normal,3431,0,1782359447.3829372,0.002125263214111328
90098,normal,1891,0,1782359447.3847945,0.0018572807312011719
90099,normal,2987,0,1782359447.386973,0.0021784305572509766
90100,normal,3542,0,1782359447.3888497,0.0018768310546875
90101,normal,884,2,1782359447.390823,0.0019731521606445312
90102,normal,3163,1,1782359447.392797,0.0019741058349609375
90103,normal,2863,0,1782359447.3948307,0.002033710479736328
90104,normal,1033,0,1782359447.3967834,0.0019526481628417969
90105,normal,2458,0,1782359447.3989265,0.0021431446075439453
90106,normal,1374,1,1782359447.4008687,0.0019421577453613281
90107,normal,2704,0,1782359447.4027927,0.0019240379333496094
90108,normal,940,2,1782359447.405041,0.0022482872009277344
90109,normal,3676,0,1782359447.4069786,0.0019376277923583984
90110,normal,2558,0,1782359447.4089613,0.0019826889038085938
90111,normal,2173,0,1782359447.4108872,0.0019259452819824219
90112,normal,3545,0,1782359447.4131684,0.00228118896484375
90113,normal,3202,1,1782359447.414805,0.001636505126953125
90114,normal,1621,0,1782359447.4169614,0.002156496047973633
90115,normal,3095,1,1782359447.419006,0.002044677734375
90116,normal,534,0,1782359447.4208286,0.0018224716186523438
90117,normal,1341,1,1782359447.422994,0.0021653175354003906
90118,normal,2989,0,1782359447.4249432,0.001949310302734375
90119,normal,3441,0,1782359447.4268253,0.0018820762634277344
90120,normal,976,2,1782359447.4289494,0.0021240711212158203
90121,normal,1460,0,1782359447.431017,0.00206756591796875
90122,normal,2451,0,1782359447.4327962,0.001779317855834961
90123,normal,3017,0,1782359447.4350066,0.002210378646850586
90124,normal,2609,0,1782359447.437174,0.0021674633026123047
90125,normal,2075,0,1782359447.4388433,0.001669168472290039
90126,normal,2243,0,1782359447.4409673,0.0021240711212158203
90127,normal,646,0,1782359447.4430275,0.0020601749420166016
90128,normal,2903,0,1782359447.4447906,0.0017631053924560547
90129,normal,2577,0,1782359447.4469056,0.002115011215209961
90130,normal,439,0,1782359447.4491603,0.0022547245025634766
90131,normal,2708,0,1782359447.450841,0.001680612564086914
90132,normal,3156,1,1782359447.452966,0.0021250247955322266
90133,normal,500,0,1782359447.455063,0.0020971298217773438
90134,normal,1422,0,1782359447.4568396,0.0017764568328857422
90135,normal,2697,0,1782359447.4591458,0.002306222915649414
90136,normal,589,0,1782359447.4610035,0.001857757568359375
90137,normal,2667,0,1782359447.4630523,0.0020487308502197266
90138,normal,804,2,1782359447.4650006,0.0019483566284179688
90139,normal,1946,0,1782359447.4671602,0.002159595489501953
90140,normal,3043,0,1782359447.468863,0.0017027854919433594
90141,normal,2194,0,1782359447.4710054,0.0021424293518066406
90142,normal,2978,0,1782359447.4731612,0.002155780792236328
90143,normal,2547,0,1782359447.4748394,0.0016782283782958984
90144,normal,278,0,1782359447.477151,0.0023114681243896484
90145,normal,160,0,1782359447.479005,0.0018541812896728516
90146,normal,414,0,1782359447.4810557,0.002050638198852539
90147,normal,1459,0,1782359447.4830244,0.0019686222076416016
90148,normal,2757,0,1782359447.4850078,0.0019834041595458984
90149,normal,3701,0,1782359447.4870465,0.002038717269897461
90150,normal,3233,1,1782359447.4889994,0.0019528865814208984
90151,normal,2097,0,1782359447.4911582,0.0021588802337646484
90152,normal,265,0,1782359447.49284,0.0016818046569824219
90153,normal,3556,0,1782359447.4951384,0.0022983551025390625
90154,normal,3041,0,1782359447.4970105,0.0018720626831054688
90155,normal,1072,0,1782359447.4990482,0.0020377635955810547
90156,normal,3332,1,1782359447.5010004,0.0019521713256835938
90157,normal,1853,0,1782359447.5031543,0.0021538734436035156
90158,normal,1245,0,1782359447.5048409,0.0016865730285644531
90159,normal,1978,0,1782359447.5071437,0.002302885055541992
90160,normal,2087,0,1782359447.5090015,0.001857757568359375
90161,normal,2203,0,1782359447.5110493,0.0020477771759033203
90162,normal,1641,0,1782359447.5130017,0.0019524097442626953
90163,normal,2186,0,1782359447.5151508,0.0021491050720214844
90164,normal,2099,0,1782359447.5168521,0.00170135498046875
90165,normal,1294,0,1782359447.5192077,0.0023555755615234375
90166,normal,3092,1,1782359447.5209923,0.0017845630645751953
90167,normal,117,0,1782359447.522903,0.0019106864929199219
90168,normal,1163,0,1782359447.5250177,0.0021147727966308594
90169,normal,2258,0,1782359447.526955,0.0019371509552001953
90170,normal,1440,0,1782359447.5288284,0.0018734931945800781
90171,normal,2156,0,1782359447.5309563,0.0021278858184814453
90172,normal,2490,0,1782359447.5329556,0.001999378204345703
90173,normal,900,2,1782359447.5348132,0.0018575191497802734
90174,normal,358,0,1782359447.536887,0.0020737648010253906
90175,normal,578,0,1782359447.5389729,0.0020859241485595703
90176,normal,1347,1,1782359447.5408301,0.0018572807312011719
90177,normal,2897,0,1782359447.5428421,0.002012014389038086
90178,normal,1764,0,1782359447.544822,0.001979827880859375
90179,normal,2403,0,1782359447.5468414,0.0020194053649902344
90180,normal,1360,1,1782359447.548839,0.001997709274291992
90181,normal,3013,0,1782359447.550839,0.0019998550415039062
90182,normal,2303,0,1782359447.5530138,0.002174854278564453
90183,normal,1934,0,1782359447.554916,0.0019021034240722656
90184,normal,1564,0,1782359447.5570426,0.0021266937255859375
90185,normal,3011,0,1782359447.558872,0.001829385757446289
90186,normal,104,0,1782359447.5610304,0.0021584033966064453
90187,normal,460,0,1782359447.5629983,0.001967906951904297
90188,normal,198,0,1782359447.5648258,0.0018274784088134766
90189,normal,1515,0,1782359447.567037,0.002211332321166992
90190,normal,269,0,1782359447.5691323,0.0020952224731445312
90191,normal,2028,0,1782359447.5707967,0.0016644001007080078
90192,normal,822,2,1782359447.5728443,0.0020475387573242188
90193,normal,797,2,1782359447.574826,0.0019817352294921875
90194,normal,1190,0,1782359447.5768082,0.0019822120666503906
90195,normal,2573,0,1782359447.5787942,0.0019860267639160156
90196,normal,3144,1,1782359447.5808403,0.0020461082458496094
90197,normal,3029,0,1782359447.58279,0.0019495487213134766
90198,normal,2051,0,1782359447.5848086,0.0020186901092529297
90199,normal,1318,0,1782359447.5868227,0.00201416015625
90200,normal,3134,1,1782359447.5888078,0.0019850730895996094
90201,normal,44,0,1782359447.5907934,0.0019855499267578125
90202,normal,3004,0,1782359447.5928426,0.0020492076873779297
90203,normal,2192,0,1782359447.594805,0.001962423324584961
90204,normal,1793,0,1782359447.5968082,0.002003192901611328
90205,normal,3481,0,1782359447.5990183,0.0022101402282714844
90206,normal,54,0,1782359447.6007936,0.0017752647399902344
90207,normal,630,0,1782359447.6030104,0.002216815948486328
90208,normal,479,0,1782359447.6049912,0.0019807815551757812
90209,normal,3039,0,1782359447.606818,0.0018267631530761719
90210,normal,2853,0,1782359447.6089892,0.0021712779998779297
90211,normal,13,0,1782359447.6109927,0.0020034313201904297
90212,normal,2841,0,1782359447.6128068,0.001814126968383789
90213,normal,2803,0,1782359447.6150057,0.002198934555053711
90214,normal,3428,0,1782359447.616809,0.0018031597137451172
90215,normal,1220,0,1782359447.618993,0.002184152603149414
90216,normal,1080,0,1782359447.6208081,0.0018150806427001953
90217,normal,2515,0,1782359447.6229963,0.0021882057189941406
90218,normal,2063,0,1782359447.62481,0.001813650131225586
90219,normal,2656,0,1782359447.626991,0.0021810531616210938
90220,normal,2081,0,1782359447.6289926,0.002001523971557617
90221,normal,1954,0,1782359447.6308076,0.0018150806427001953
90222,normal,1879,0,1782359447.6329892,0.002181529998779297
90223,normal,2861,0,1782359447.6349933,0.0020041465759277344
90224,normal,2678,0,1782359447.6368084,0.0018150806427001953
90225,normal,2313,0,1782359447.6389954,0.002187013626098633
90226,normal,763,0,1782359447.6409988,0.0020034313201904297
90227,normal,575,0,1782359447.642815,0.0018162727355957031
90228,normal,3421,0,1782359447.645002,0.0021867752075195312
90229,normal,1123,0,1782359447.6470041,0.002002239227294922
90230,normal,52,0,1782359447.648822,0.001817941665649414
90231,normal,1101,0,1782359447.6509933,0.0021712779998779297
90232,normal,669,0,1782359447.6529946,0.0020012855529785156
90233,normal,735,0,1782359447.6548045,0.001809835433959961
90234,normal,3478,0,1782359447.6569996,0.002195119857788086
90235,normal,1523,0,1782359447.6589959,0.001996278762817383
90236,normal,2574,0,1782359447.6608055,0.0018095970153808594
90237,normal,3353,1,1782359447.6629913,0.002185821533203125
90238,normal,2504,0,1782359447.664984,0.0019927024841308594
90239,normal,833,2,1782359447.6668174,0.0018334388732910156
90240,normal,2389,0,1782359447.6689904,0.0021729469299316406
90241,normal,2557,0,1782359447.6709936,0.002003192901611328
90242,normal,3465,0,1782359447.672808,0.0018143653869628906
90243,normal,793,2,1782359447.6749911,0.002183198928833008
90244,normal,2516,0,1782359447.6769872,0.0019960403442382812
90245,normal,611,0,1782359447.6788075,0.0018203258514404297
90246,normal,36,0,1782359447.6809947,0.0021872520446777344
90247,normal,540,0,1782359447.68299,0.0019953250885009766
90248,normal,1010,2,1782359447.6848176,0.0018274784088134766
90249,normal,2017,0,1782359447.6869962,0.002178668975830078
90250,normal,2847,0,1782359447.6889842,0.001987934112548828
90251,normal,1861,0,1782359447.690817,0.0018329620361328125
90252,normal,1493,0,1782359447.6929893,0.002172231674194336
90253,normal,2827,0,1782359447.6949975,0.002008199691772461
90254,normal,1121,0,1782359447.6968133,0.0018157958984375
90255,normal,3133,1,1782359447.6989915,0.002178192138671875
90256,normal,3214,1,1782359447.7010007,0.002009153366088867
90257,normal,2962,0,1782359447.702808,0.0018072128295898438
90258,normal,2610,0,1782359447.7049942,0.002186298370361328
90259,normal,2993,0,1782359447.7069967,0.0020024776458740234
90260,normal,1635,0,1782359447.70881,0.0018134117126464844
90261,normal,181,0,1782359447.7109876,0.0021774768829345703
90262,normal,1210,0,1782359447.7129948,0.0020072460174560547
90263,normal,415,0,1782359447.714807,0.0018122196197509766
90264,normal,3646,0,1782359447.7168214,0.0020143985748291016
90265,normal,1525,0,1782359447.7189918,0.0021703243255615234
90266,normal,2725,0,1782359447.7208226,0.0018308162689208984
90267,normal,223,0,1782359447.7229872,0.002164602279663086
90268,normal,3592,0,1782359447.7249916,0.002004384994506836
90269,normal,1973,0,1782359447.7268074,0.0018157958984375
90270,normal,3443,0,1782359447.7290046,0.002197265625
90271,normal,3141,1,1782359447.730991,0.001986265182495117
90272,normal,1881,0,1782359447.7328193,0.0018284320831298828
90273,normal,115,0,1782359447.7349923,0.0021729469299316406
90274,normal,2888,0,1782359447.7370086,0.002016305923461914
90275,normal,12,0,1782359447.738809,0.001800537109375
90276,normal,1598,0,1782359447.7409923,0.002183198928833008
90277,normal,615,0,1782359447.7429993,0.002007007598876953
90278,normal,1655,0,1782359447.744806,0.0018067359924316406
90279,normal,7,0,1782359447.7470102,0.0022041797637939453
90280,normal,1479,0,1782359447.748989,0.0019788742065429688
90281,normal,933,2,1782359447.7508285,0.0018393993377685547
90282,normal,2662,0,1782359447.752998,0.0021696090698242188
90283,normal,3461,0,1782359447.755014,0.002015829086303711
90284,normal,3429,0,1782359447.7568283,0.0018143653869628906
90285,normal,2269,0,1782359447.758991,0.0021626949310302734
90286,normal,1466,0,1782359447.7609925,0.002001523971557617
90287,normal,2829,0,1782359447.7628114,0.0018188953399658203
90288,normal,2286,0,1782359447.7650325,0.0022211074829101562
90289,normal,2105,0,1782359447.7668042,0.001771688461303711
90290,normal,2233,0,1782359447.769006,0.0022017955780029297
90291,normal,1255,0,1782359447.7708313,0.0018253326416015625
90292,normal,83,0,1782359447.7729893,0.002157926559448242
90293,normal,1367,1,1782359447.7748203,0.0018310546875
90294,normal,31,0,1782359447.7770197,0.002199411392211914
90295,normal,1097,0,1782359447.7789907,0.001971006393432617
90296,normal,467,0,1782359447.7808185,0.0018277168273925781
90297,normal,2024,0,1782359447.783023,0.0022046566009521484
90298,normal,571,0,1782359447.7849894,0.001966238021850586
90299,normal,2452,0,1782359447.7868266,0.0018372535705566406
90300,normal,48,0,1782359447.7890174,0.002190828323364258
90301,normal,2896,0,1782359447.791,0.001982450485229492
90302,normal,398,0,1782359447.7928085,0.0018086433410644531
90303,normal,150,0,1782359447.795027,0.002218484878540039
90304,normal,1473,0,1782359447.7969902,0.0019631385803222656
90305,normal,3262,1,1782359447.798836,0.0018458366394042969
90306,normal,1496,0,1782359447.8010278,0.002191781997680664
90307,normal,738,0,1782359447.8029912,0.001963376998901367
90308,normal,1285,0,1782359447.804823,0.0018317699432373047
90309,normal,2823,0,1782359447.8070288,0.0022058486938476562
90310,normal,1150,0,1782359447.8089895,0.00196075439453125
90311,normal,3313,1,1782359447.8108475,0.0018579959869384766
90312,normal,1958,0,1782359447.8129995,0.002151966094970703
90313,normal,1169,0,1782359447.8150103,0.002010822296142578
90314,normal,2764,0,1782359447.8168075,0.0017971992492675781
90315,normal,2802,0,1782359447.81905,0.002242565155029297
90316,normal,2296,0,1782359447.8209887,0.0019385814666748047
90317,normal,530,0,1782359447.8228493,0.0018606185913085938
90318,normal,631,0,1782359447.825001,0.0021517276763916016
90319,normal,2947,0,1782359447.8270054,0.002004384994506836
90320,normal,166,0,1782359447.8288298,0.0018243789672851562
90321,normal,824,2,1782359447.8310406,0.002210855484008789
90322,normal,788,2,1782359447.8329875,0.0019469261169433594
90323,normal,1997,0,1782359447.834846,0.0018584728240966797
90324,normal,2565,0,1782359447.8370018,0.002155780792236328
90325,normal,33,0,1782359447.8390057,0.002003908157348633
90326,normal,3117,1,1782359447.8408535,0.0018477439880371094
90327,normal,1504,0,1782359447.8428133,0.0019598007202148438
90328,normal,1964,0,1782359447.8449895,0.0021762847900390625
90329,normal,645,0,1782359447.8468251,0.0018355846405029297
90330,normal,2568,0,1782359447.8489947,0.0021696090698242188
90331,normal,3108,1,1782359447.851003,0.002008199691772461
90332,normal,3477,0,1782359447.8528266,0.0018236637115478516
90333,normal,1929,0,1782359447.8550055,0.0021789073944091797
90334,normal,1786,0,1782359447.8569837,0.001978158950805664
90335,normal,3308,1,1782359447.8588595,0.0018758773803710938
90336,normal,2881,0,1782359447.860785,0.0019254684448242188
90337,normal,3114,1,1782359447.862851,0.002065896987915039
90338,normal,2034,0,1782359447.8647509,0.0018999576568603516
90339,normal,2176,0,1782359447.866909,0.0021581649780273438
90340,normal,2209,0,1782359447.8687854,0.0018763542175292969
90341,normal,1139,0,1782359447.8707757,0.0019903182983398438
90342,normal,591,0,1782359447.8727992,0.002023458480834961
90343,normal,3462,0,1782359447.874839,0.0020399093627929688
90344,normal,2900,0,1782359447.8767729,0.0019338130950927734
90345,normal,2991,0,1782359447.8788257,0.002052783966064453
90346,normal,1833,0,1782359447.8808434,0.0020177364349365234
90347,normal,1079,0,1782359447.882757,0.0019135475158691406
90348,normal,3622,0,1782359447.88485,0.002093076705932617
90349,normal,1849,0,1782359447.886844,0.001993894577026367
90350,normal,125,0,1782359447.8887644,0.001920461654663086
90351,normal,2636,0,1782359447.8908403,0.0020759105682373047
90352,normal,1087,0,1782359447.8927794,0.0019390583038330078
90353,normal,66,0,1782359447.8947868,0.0020074844360351562
90354,normal,2293,0,1782359447.8968427,0.0020558834075927734
90355,normal,1956,0,1782359447.898791,0.0019483566284179688
90356,normal,2139,0,1782359447.9008014,0.002010345458984375
90357,normal,195,0,1782359447.9028473,0.002045869827270508
90358,normal,2234,0,1782359447.9048219,0.0019745826721191406
90359,normal,244,0,1782359447.9070592,0.0022373199462890625
90360,normal,2734,0,1782359447.908823,0.0017638206481933594
90361,normal,1251,0,1782359447.910874,0.0020508766174316406
90362,normal,3594,0,1782359447.912773,0.0018990039825439453
90363,normal,2161,0,1782359447.9150302,0.0022573471069335938
90364,normal,1537,0,1782359447.916939,0.0019087791442871094
90365,normal,3369,1,1782359447.9187841,0.0018451213836669922
90366,normal,3419,0,1782359447.9208586,0.0020744800567626953
90367,normal,2858,0,1782359447.922838,0.001979351043701172
90368,normal,3511,0,1782359447.9247787,0.0019407272338867188
90369,normal,1043,0,1782359447.9268456,0.0020668506622314453
90370,normal,1145,0,1782359447.9288445,0.0019989013671875
90371,normal,1768,0,1782359447.9307747,0.00193023681640625
90372,normal,2651,0,1782359447.9328556,0.0020809173583984375
90373,normal,3455,0,1782359447.934824,0.0019683837890625
90374,normal,3210,1,1782359447.937045,0.0022211074829101562
90375,normal,2190,0,1782359447.9388218,0.0017766952514648438
90376,normal,2114,0,1782359447.9410355,0.002213716506958008
90377,normal,2767,0,1782359447.9428327,0.0017971992492675781
90378,normal,919,2,1782359447.9450288,0.002196073532104492
90379,normal,931,2,1782359447.9469955,0.001966714859008789
90380,normal,2259,0,1782359447.948846,0.0018506050109863281
90381,normal,777,2,1782359447.9509978,0.0021517276763916016
90382,normal,1074,0,1782359447.9529977,0.0019998550415039062
90383,normal,3557,0,1782359447.954837,0.0018393993377685547
90384,normal,2485,0,1782359447.9570465,0.0022094249725341797
90385,normal,1065,0,1782359447.95899,0.0019435882568359375
90386,normal,2022,0,1782359447.9608514,0.0018613338470458984
90387,normal,135,0,1782359447.962999,0.002147674560546875
90388,normal,3649,0,1782359447.9650035,0.002004384994506836
90389,normal,3049,1,1782359447.966834,0.0018305778503417969
90390,normal,2927,0,1782359447.9688213,0.0019872188568115234
90391,normal,853,2,1782359447.9709923,0.002171039581298828
90392,normal,429,0,1782359447.9728463,0.00185394287109375
90393,normal,428,0,1782359447.9750023,0.0021560192108154297
90394,normal,2215,0,1782359447.9770072,0.002004861831665039
90395,normal,338,0,1782359447.9788249,0.0018177032470703125
90396,normal,1126,0,1782359447.9810252,0.0022003650665283203
90397,normal,1091,0,1782359447.9829888,0.0019636154174804688
90398,normal,2200,0,1782359447.9848425,0.0018537044525146484
90399,normal,310,0,1782359447.9870057,0.0021631717681884766
90400,normal,2724,0,1782359447.9889908,0.0019850730895996094
90401,normal,3086,1,1782359447.9908302,0.0018393993377685547
90402,normal,2180,0,1782359447.9928217,0.0019915103912353516
90403,normal,1303,0,1782359447.9950056,0.0021839141845703125
90404,normal,2463,0,1782359447.9968355,0.0018298625946044922
90405,normal,1239,0,1782359447.998994,0.002158641815185547
90406,normal,3452,0,1782359448.0009892,0.001995086669921875
90407,normal,451,0,1782359448.0028381,0.0018489360809326172
90408,normal,1160,0,1782359448.0050032,0.002165079116821289
90409,normal,3055,1,1782359448.0070062,0.0020029544830322266
90410,normal,1675,0,1782359448.0088315,0.0018253326416015625
90411,normal,2073,0,1782359448.0110364,0.00220489501953125
90412,normal,87,0,1782359448.0129852,0.0019488334655761719
90413,normal,3688,0,1782359448.0148559,0.0018706321716308594
90414,normal,602,0,1782359448.0168638,0.0020079612731933594
90415,normal,3669,0,1782359448.0190213,0.002157449722290039
90416,normal,678,0,1782359448.020812,0.001790761947631836
90417,normal,1933,0,1782359448.0230677,0.002255678176879883
90418,normal,3432,0,1782359448.0248365,0.0017688274383544922
90419,normal,3057,1,1782359448.026838,0.002001523971557617
90420,normal,2159,0,1782359448.029154,0.002315998077392578
90421,normal,2795,0,1782359448.03084,0.0016858577728271484
90422,normal,1531,0,1782359448.0330253,0.002185344696044922
90423,normal,1996,0,1782359448.0348442,0.0018188953399658203
90424,normal,380,0,1782359448.036999,0.002154827117919922
90425,normal,334,0,1782359448.0388489,0.0018498897552490234
90426,normal,2086,0,1782359448.0410075,0.002158641815185547
90427,normal,3015,0,1782359448.043013,0.0020055770874023438
90428,normal,1832,0,1782359448.0448396,0.0018265247344970703
90429,normal,2103,0,1782359448.0470529,0.0022132396697998047
90430,normal,2326,0,1782359448.049,0.001947164535522461
90431,normal,1078,0,1782359448.0508482,0.0018482208251953125
90432,normal,2782,0,1782359448.053016,0.0021677017211914062
90433,normal,1685,0,1782359448.0550184,0.0020024776458740234
90434,normal,2138,0,1782359448.0569303,0.0019118785858154297
90435,normal,1539,0,1782359448.0588422,0.0019118785858154297
90436,normal,986,2,1782359448.0610156,0.0021734237670898438
90437,normal,434,0,1782359448.0628557,0.0018401145935058594
90438,normal,2529,0,1782359448.0650253,0.0021696090698242188
90439,normal,2737,0,1782359448.0670044,0.0019791126251220703
90440,normal,385,0,1782359448.0688226,0.0018181800842285156
90441,normal,3359,1,1782359448.0710053,0.0021827220916748047
90442,normal,2475,0,1782359448.073014,0.002008676528930664
90443,normal,2922,0,1782359448.0748458,0.0018317699432373047
90444,normal,1936,0,1782359448.0770009,0.0021550655364990234
90445,normal,2963,0,1782359448.0790107,0.002009868621826172
90446,normal,1395,0,1782359448.0808597,0.0018489360809326172
90447,normal,462,0,1782359448.0830233,0.0021636486053466797
90448,normal,3634,0,1782359448.085005,0.0019817352294921875
90449,normal,1976,0,1782359448.0868232,0.0018181800842285156
90450,normal,2854,0,1782359448.088998,0.002174854278564453
90451,normal,1317,0,1782359448.0910206,0.0020225048065185547
90452,normal,616,0,1782359448.09285,0.001829385757446289
90453,normal,2519,0,1782359448.0950296,0.0021796226501464844
90454,normal,1854,0,1782359448.0969954,0.001965761184692383
90455,normal,2733,0,1782359448.098823,0.0018277168273925781
90456,normal,3314,1,1782359448.101009,0.002185821533203125
90457,normal,1490,0,1782359448.1030118,0.0020029544830322266
90458,normal,2941,0,1782359448.1048505,0.00183868408203125
90459,normal,2037,0,1782359448.1070235,0.0021729469299316406
90460,normal,2416,0,1782359448.1090114,0.001987934112548828
90461,normal,1287,0,1782359448.1107974,0.0017859935760498047
90462,normal,3138,1,1782359448.1130035,0.002206087112426758
90463,normal,1244,0,1782359448.1150138,0.002010345458984375
90464,normal,2646,0,1782359448.1168492,0.0018353462219238281
90465,normal,1770,0,1782359448.1188126,0.001963376998901367
90466,normal,2522,0,1782359448.1211653,0.0023527145385742188
90467,normal,1095,0,1782359448.1228101,0.0016448497772216797
90468,normal,3420,0,1782359448.125005,0.0021948814392089844
90469,normal,2660,0,1782359448.127014,0.0020089149475097656
90470,normal,213,0,1782359448.1288471,0.001833200454711914
90471,normal,1258,0,1782359448.1310368,0.00218963623046875
90472,normal,2929,0,1782359448.1330001,0.001963376998901367
90473,normal,3602,0,1782359448.1348405,0.001840353012084961
90474,normal,3459,0,1782359448.137003,0.002162456512451172
90475,normal,2088,0,1782359448.1390154,0.002012491226196289
90476,normal,299,0,1782359448.1408308,0.0018153190612792969
90477,normal,1372,1,1782359448.1430073,0.002176523208618164
90478,normal,2824,0,1782359448.1449947,0.001987457275390625
90479,normal,2819,0,1782359448.1468437,0.0018489360809326172
90480,normal,3132,1,1782359448.1490252,0.002181529998779297
90481,normal,1987,0,1782359448.1510189,0.0019936561584472656
90482,normal,1869,0,1782359448.152839,0.0018200874328613281
90483,normal,1781,0,1782359448.1550376,0.0021986961364746094
90484,normal,786,2,1782359448.157005,0.0019674301147460938
90485,normal,2789,0,1782359448.1588628,0.001857757568359375
90486,normal,1073,0,1782359448.1610005,0.0021376609802246094
90487,normal,2774,0,1782359448.1630065,0.002006053924560547
90488,normal,347,0,1782359448.1648278,0.001821279525756836
90489,normal,1656,0,1782359448.1670356,0.0022077560424804688
90490,normal,3185,1,1782359448.168811,0.001775503158569336
90491,normal,1957,0,1782359448.1710606,0.002249479293823242
90492,normal,2857,0,1782359448.172819,0.0017583370208740234
90493,normal,586,0,1782359448.1750093,0.0021903514862060547
90494,normal,1012,2,1782359448.1768453,0.0018360614776611328
90495,normal,1894,0,1782359448.1790404,0.002195119857788086
90496,normal,203,0,1782359448.180997,0.001956462860107422
90497,normal,3217,1,1782359448.1828492,0.001852273941040039
90498,normal,2246,0,1782359448.1850114,0.0021622180938720703
90499,normal,2891,0,1782359448.1869972,0.001985788345336914
90500,normal,2563,0,1782359448.1888268,0.0018296241760253906
90501,normal,305,0,1782359448.1910093,0.002182483673095703
90502,normal,1544,0,1782359448.1930397,0.0020303726196289062
90503,normal,3220,1,1782359448.1948283,0.0017886161804199219
90504,normal,1940,0,1782359448.1970346,0.0022063255310058594
90505,normal,2224,0,1782359448.1989977,0.0019631385803222656
90506,normal,2696,0,1782359448.2008417,0.0018439292907714844
90507,normal,2204,0,1782359448.2030084,0.002166748046875
90508,normal,238,0,1782359448.2050002,0.001991748809814453
90509,normal,366,0,1782359448.2068295,0.001829385757446289
90510,normal,635,0,1782359448.2090006,0.002171039581298828
90511,normal,1975,0,1782359448.211026,0.0020253658294677734
90512,normal,2747,0,1782359448.2128584,0.0018324851989746094
90513,normal,3038,0,1782359448.2148414,0.0019829273223876953
90514,normal,6,0,1782359448.2170067,0.0021653175354003906
90515,normal,254,0,1782359448.2188625,0.0018558502197265625
90516,normal,2625,0,1782359448.2208734,0.002010822296142578
90517,normal,555,0,1782359448.2230017,0.0021283626556396484
90518,normal,96,0,1782359448.22484,0.0018382072448730469
90519,normal,229,0,1782359448.2268076,0.0019676685333251953
90520,normal,839,2,1782359448.228919,0.0021114349365234375
90521,normal,3396,1,1782359448.2307692,0.001850128173828125
90522,normal,1608,0,1782359448.2328084,0.002039194107055664
90523,normal,509,0,1782359448.2348688,0.002060413360595703
90524,normal,2000,0,1782359448.2368174,0.0019485950469970703
90525,normal,2135,0,1782359448.2388096,0.0019922256469726562
90526,normal,1266,0,1782359448.2409215,0.0021119117736816406
90527,normal,621,0,1782359448.2428021,0.001880645751953125
90528,normal,3165,1,1782359448.2448115,0.0020093917846679688
90529,normal,2971,0,1782359448.2468655,0.002053976058959961
90530,normal,2682,0,1782359448.2488189,0.0019533634185791016
90531,normal,2230,0,1782359448.2507856,0.001966714859008789
90532,normal,2402,0,1782359448.2528093,0.0020236968994140625
90533,normal,3575,0,1782359448.2548003,0.0019910335540771484
90534,normal,99,0,1782359448.2568305,0.0020301342010498047
90535,normal,1242,0,1782359448.2588363,0.0020058155059814453
90536,normal,217,0,1782359448.2608025,0.001966238021850586
90537,normal,2212,0,1782359448.2628353,0.002032756805419922
90538,normal,1811,0,1782359448.264791,0.001955747604370117
90539,normal,639,0,1782359448.2668152,0.0020241737365722656
90540,normal,1935,0,1782359448.2687874,0.001972198486328125
90541,normal,2496,0,1782359448.2709143,0.002126932144165039
90542,normal,3136,1,1782359448.2727988,0.00188446044921875
90543,normal,2096,0,1782359448.2748108,0.002012014389038086
90544,normal,1021,2,1782359448.2767985,0.0019876956939697266
90545,normal,2272,0,1782359448.2788198,0.002021312713623047
90546,normal,1822,0,1782359448.280789,0.0019690990447998047
90547,normal,2620,0,1782359448.282814,0.002025127410888672
90548,normal,1582,0,1782359448.2848022,0.0019881725311279297
90549,normal,1623,0,1782359448.2868009,0.0019986629486083984
90550,normal,1585,0,1782359448.28887,0.002069234848022461
90551,normal,3525,0,1782359448.2908218,0.0019516944885253906
90552,normal,1547,0,1782359448.2927878,0.0019659996032714844
90553,normal,270,0,1782359448.2949061,0.002118349075317383
90554,normal,3679,0,1782359448.2968068,0.0019006729125976562
90555,normal,2592,0,1782359448.298809,0.002002239227294922
90556,normal,568,0,1782359448.300793,0.0019838809967041016
90557,normal,3028,0,1782359448.302856,0.0020630359649658203
90558,normal,407,0,1782359448.3048198,0.0019638538360595703
90559,normal,592,0,1782359448.30679,0.0019702911376953125
90560,normal,417,0,1782359448.3088279,0.0020377635955810547
90561,normal,1736,0,1782359448.3107877,0.0019598007202148438
90562,normal,1447,0,1782359448.312911,0.0021233558654785156
90563,normal,2720,0,1782359448.314811,0.0018999576568603516
90564,normal,703,0,1782359448.3168051,0.0019941329956054688
90565,normal,3620,0,1782359448.3188105,0.002005338668823242
90566,normal,3493,0,1782359448.320844,0.0020334720611572266
90567,normal,2958,0,1782359448.32277,0.0019261837005615234
90568,normal,1883,0,1782359448.3248289,0.002058744430541992
90569,normal,1282,0,1782359448.3267753,0.0019464492797851562
90570,normal,2629,0,1782359448.3288124,0.00203704833984375
90571,normal,3019,0,1782359448.3308194,0.002007007598876953
90572,normal,2134,0,1782359448.3327782,0.0019588470458984375
90573,normal,546,0,1782359448.334787,0.002008676528930664
90574,normal,2284,0,1782359448.3368354,0.002048492431640625
90575,normal,1249,0,1782359448.3387837,0.0019483566284179688
90576,normal,2773,0,1782359448.3407972,0.0020134449005126953
90577,normal,647,0,1782359448.3427982,0.002001047134399414
90578,normal,599,0,1782359448.344823,0.0020246505737304688
90579,normal,3703,0,1782359448.3468022,0.001979351043701172
90580,normal,3368,1,1782359448.3489904,0.0021882057189941406
90581,normal,1714,0,1782359448.350772,0.001781463623046875
90582,normal,974,2,1782359448.3528533,0.0020813941955566406
90583,normal,792,2,1782359448.3548148,0.0019614696502685547
90584,normal,2959,0,1782359448.3571732,0.0023584365844726562
90585,normal,2052,0,1782359448.358835,0.0016617774963378906
90586,normal,3633,0,1782359448.3610687,0.002233743667602539
90587,normal,1007,2,1782359448.3628068,0.0017380714416503906
90588,normal,2801,0,1782359448.3650148,0.0022079944610595703
90589,normal,660,0,1782359448.3670313,0.0020165443420410156
90590,normal,1705,0,1782359448.368827,0.0017957687377929688
90591,normal,2351,0,1782359448.3710442,0.0022170543670654297
90592,normal,856,2,1782359448.3728492,0.0018050670623779297
90593,normal,1718,0,1782359448.375037,0.0021877288818359375
90594,normal,835,2,1782359448.376856,0.0018191337585449219
90595,normal,2172,0,1782359448.3792002,0.0023441314697265625
90596,normal,2702,0,1782359448.3808339,0.0016336441040039062
90597,normal,2164,0,1782359448.3828363,0.0020024776458740234
90598,normal,1971,0,1782359448.3848343,0.0019979476928710938
90599,normal,211,0,1782359448.3867989,0.001964569091796875
90600,normal,73,0,1782359448.3888612,0.0020623207092285156
90601,normal,1625,0,1782359448.3908446,0.0019834041595458984
90602,normal,167,0,1782359448.3927724,0.0019278526306152344
90603,normal,293,0,1782359448.394843,0.0020706653594970703
90604,normal,1991,0,1782359448.3968532,0.0020101070404052734
90605,normal,2716,0,1782359448.398761,0.0019078254699707031
90606,normal,1532,0,1782359448.4008317,0.0020706653594970703
90607,normal,105,0,1782359448.4028242,0.001992464065551758
90608,normal,1960,0,1782359448.40481,0.001985788345336914
90609,normal,865,2,1782359448.4068236,0.002013683319091797
90610,normal,2062,0,1782359448.4088366,0.002012968063354492
90611,normal,867,2,1782359448.410816,0.001979351043701172
90612,normal,3064,1,1782359448.4127975,0.001981496810913086
90613,normal,1852,0,1782359448.4148204,0.002022981643676758
90614,normal,3618,0,1782359448.4167893,0.001968860626220703
90615,normal,2124,0,1782359448.418865,0.002075672149658203
90616,normal,370,0,1782359448.4208431,0.001978158950805664
90617,normal,1687,0,1782359448.4227922,0.0019490718841552734
90618,normal,2364,0,1782359448.424857,0.0020647048950195312
90619,normal,3486,0,1782359448.4268203,0.001963376998901367
90620,normal,1041,0,1782359448.4287827,0.001962423324584961
90621,normal,3002,0,1782359448.4308395,0.0020568370819091797
90622,normal,221,0,1782359448.4328349,0.0019953250885009766
90623,normal,2342,0,1782359448.4347482,0.001913309097290039
90624,normal,3068,1,1782359448.4368691,0.0021209716796875
90625,normal,1186,0,1782359448.4388468,0.001977682113647461
90626,normal,3581,0,1782359448.4407809,0.001934051513671875
90627,normal,3593,0,1782359448.442857,0.0020761489868164062
90628,normal,2892,0,1782359448.4448228,0.001965761184692383
90629,normal,1483,0,1782359448.446788,0.0019652843475341797
90630,normal,2729,0,1782359448.4488728,0.0020847320556640625
90631,normal,298,0,1782359448.4508505,0.001977682113647461
90632,normal,2182,0,1782359448.4527967,0.0019462108612060547
90633,normal,2763,0,1782359448.4548593,0.002062559127807617
90634,normal,230,0,1782359448.4568214,0.0019621849060058594
90635,normal,465,0,1782359448.4588697,0.0020482540130615234
90636,normal,2406,0,1782359448.4608157,0.0019459724426269531
90637,normal,3135,1,1782359448.4628346,0.0020189285278320312
90638,normal,2118,0,1782359448.4647977,0.0019631385803222656
90639,normal,2059,0,1782359448.4668598,0.002062082290649414
90640,normal,2831,0,1782359448.468822,0.0019621849060058594
90641,normal,2431,0,1782359448.470784,0.001961946487426758
90642,normal,3171,1,1782359448.4728708,0.0020868778228759766
90643,normal,979,2,1782359448.4748561,0.001985311508178711
90644,normal,903,2,1782359448.4767985,0.0019423961639404297
90645,normal,161,0,1782359448.4788592,0.0020606517791748047
90646,normal,2641,0,1782359448.4808223,0.0019631385803222656
90647,normal,77,0,1782359448.4827826,0.001960277557373047
90648,normal,2657,0,1782359448.484856,0.0020732879638671875
90649,normal,3073,1,1782359448.4868574,0.002001523971557617
90650,normal,887,2,1782359448.4887881,0.0019307136535644531
90651,normal,2309,0,1782359448.4908595,0.002071380615234375
90652,normal,934,2,1782359448.492825,0.0019655227661132812
90653,normal,201,0,1782359448.4948113,0.001986265182495117
90654,normal,2153,0,1782359448.4968667,0.0020554065704345703
90655,normal,1306,0,1782359448.4988253,0.001958608627319336
90656,normal,1463,0,1782359448.5007849,0.001959562301635742
90657,normal,3060,1,1782359448.5028708,0.0020859241485595703
90658,normal,371,0,1782359448.5048187,0.0019478797912597656
90659,normal,2193,0,1782359448.5067837,0.001965045928955078
90660,normal,2555,0,1782359448.5088742,0.0020904541015625
90661,normal,2765,0,1782359448.510821,0.0019469261169433594
90662,normal,2525,0,1782359448.5127845,0.001963376998901367
90663,normal,413,0,1782359448.514866,0.002081632614135742
90664,normal,301,0,1782359448.5168474,0.0019812583923339844
90665,normal,2433,0,1782359448.5187862,0.0019388198852539062
90666,normal,1807,0,1782359448.52081,0.0020236968994140625
90667,normal,421,0,1782359448.5228207,0.002010822296142578
90668,normal,2320,0,1782359448.5247893,0.0019686222076416016
90669,normal,3702,0,1782359448.5268617,0.0020723342895507812
90670,normal,240,0,1782359448.5288317,0.001970052719116211
90671,normal,1697,0,1782359448.5308197,0.001987934112548828
90672,normal,1149,0,1782359448.5327885,0.001968860626220703
90673,normal,2717,0,1782359448.5348165,0.0020279884338378906
90674,normal,1451,0,1782359448.536788,0.0019714832305908203
90675,normal,888,2,1782359448.538871,0.0020830631256103516
90676,normal,1092,0,1782359448.5408535,0.001982450485229492
90677,normal,1185,0,1782359448.5428247,0.0019712448120117188
90678,normal,2143,0,1782359448.5447838,0.001959085464477539
90679,normal,3382,1,1782359448.546821,0.0020372867584228516
90680,normal,2369,0,1782359448.5487895,0.0019683837890625
90681,normal,2756,0,1782359448.5508647,0.0020751953125
90682,normal,159,0,1782359448.5528963,0.002031564712524414
90683,normal,2071,0,1782359448.554791,0.0018947124481201172
90684,normal,2876,0,1782359448.556785,0.0019941329956054688
90685,normal,403,0,1782359448.5588148,0.0020296573638916016
90686,normal,1632,0,1782359448.560788,0.0019731521606445312
90687,normal,1514,0,1782359448.5628119,0.002023935317993164
90688,normal,1234,0,1782359448.564833,0.0020210742950439453
90689,normal,400,0,1782359448.5668378,0.002004861831665039
90690,normal,2917,0,1782359448.5688012,0.001963376998901367
90691,normal,598,0,1782359448.5708191,0.002017974853515625
90692,normal,2683,0,1782359448.5727985,0.001979351043701172
90693,normal,2543,0,1782359448.5748267,0.002028226852416992
90694,normal,2937,0,1782359448.5769036,0.002076864242553711
90695,normal,619,0,1782359448.5789657,0.002062082290649414
90696,normal,386,0,1782359448.5808427,0.0018770694732666016
90697,normal,533,0,1782359448.5829673,0.0021245479583740234
90698,normal,1263,0,1782359448.5848436,0.0018763542175292969
90699,normal,3706,0,1782359448.587052,0.0022084712982177734
90700,normal,975,2,1782359448.588969,0.0019168853759765625
90701,normal,1604,0,1782359448.5908434,0.0018744468688964844
90702,normal,1692,0,1782359448.5929968,0.0021533966064453125
90703,normal,42,0,1782359448.5949676,0.0019707679748535156
90704,normal,3366,1,1782359448.5968602,0.0018925666809082031
90705,normal,2492,0,1782359448.5989366,0.002076387405395508
90706,normal,144,0,1782359448.6009831,0.0020465850830078125
90707,normal,759,0,1782359448.6028452,0.0018620491027832031
90708,normal,3558,0,1782359448.6049151,0.0020699501037597656
90709,normal,1784,0,1782359448.606919,0.002003908157348633
90710,normal,2805,0,1782359448.6088543,0.0019352436065673828
90711,normal,980,2,1782359448.6108432,0.0019888877868652344
90712,normal,1158,0,1782359448.6138256,0.0029823780059814453
90713,normal,949,2,1782359448.614898,0.0010724067687988281
90714,normal,886,2,1782359448.6168506,0.0019526481628417969
90715,normal,3544,0,1782359448.6188161,0.0019655227661132812
90716,normal,1644,0,1782359448.6208196,0.0020034313201904297
90717,normal,1077,0,1782359448.6228356,0.0020160675048828125
90718,normal,898,2,1782359448.6248114,0.0019757747650146484
90719,normal,512,0,1782359448.6267648,0.0019533634185791016
90720,normal,559,0,1782359448.6288292,0.0020644664764404297
90721,normal,1576,0,1782359448.630837,0.002007722854614258
90722,normal,1776,0,1782359448.6327946,0.0019576549530029297
90723,normal,2187,0,1782359448.6348288,0.0020341873168945312
90724,normal,447,0,1782359448.636836,0.0020072460174560547
90725,normal,1984,0,1782359448.638813,0.0019769668579101562
90726,normal,3036,0,1782359448.6407993,0.001986265182495117
90727,normal,1798,0,1782359448.6428194,0.002020120620727539
90728,normal,1902,0,1782359448.6448066,0.0019872188568115234
90729,normal,1942,0,1782359448.6468267,0.002020120620727539
90730,normal,514,0,1782359448.6488287,0.0020020008087158203
90731,normal,638,0,1782359448.6508243,0.001995563507080078
90732,normal,2263,0,1782359448.6528344,0.0020101070404052734
90733,normal,1690,0,1782359448.654896,0.002061605453491211
90734,normal,590,0,1782359448.6568582,0.0019621849060058594
90735,normal,1746,0,1782359448.6588628,0.0020046234130859375
90736,normal,673,0,1782359448.660908,0.002045154571533203
90737,normal,3354,1,1782359448.662806,0.001898050308227539
90738,normal,3361,1,1782359448.6648526,0.0020465850830078125
90739,normal,893,2,1782359448.6668646,0.002012014389038086
90740,normal,98,0,1782359448.6688292,0.001964569091796875
90741,normal,1277,0,1782359448.6708503,0.0020210742950439453
90742,normal,2486,0,1782359448.6728725,0.002022266387939453
90743,normal,1031,0,1782359448.6748211,0.0019485950469970703
90744,normal,827,2,1782359448.6768568,0.0020356178283691406
90745,normal,2808,0,1782359448.678873,0.002016305923461914
90746,normal,3083,1,1782359448.680837,0.0019638538360595703
90747,normal,1773,0,1782359448.6828516,0.002014636993408203
90748,normal,3580,0,1782359448.684845,0.001993417739868164
90749,normal,921,2,1782359448.6868234,0.0019783973693847656
90750,normal,3285,1,1782359448.6888037,0.001980304718017578
90751,normal,1633,0,1782359448.6908185,0.0020148754119873047
90752,normal,1052,0,1782359448.6927965,0.0019779205322265625
90753,normal,174,0,1782359448.6949384,0.0021419525146484375
90754,normal,3182,1,1782359448.6968439,0.0019054412841796875
90755,normal,2197,0,1782359448.698792,0.0019481182098388672
90756,normal,3414,0,1782359448.700849,0.0020570755004882812
90757,normal,1416,0,1782359448.7028916,0.002042531967163086
90758,normal,3614,0,1782359448.704806,0.0019145011901855469
90759,normal,2079,0,1782359448.7068632,0.0020570755004882812
90760,normal,1222,0,1782359448.708804,0.0019407272338867188
90761,normal,1039,0,1782359448.7107904,0.0019865036010742188
90762,normal,2848,0,1782359448.712852,0.002061605453491211
90763,normal,1662,0,1782359448.7148325,0.0019805431365966797
90764,normal,191,0,1782359448.716806,0.001973390579223633
90765,normal,1344,1,1782359448.7189057,0.002099752426147461
90766,normal,1962,0,1782359448.721081,0.0021753311157226562
90767,normal,2714,0,1782359448.7228463,0.0017652511596679688
90768,normal,277,0,1782359448.7250044,0.0021581649780273438
90769,normal,1821,0,1782359448.7269654,0.0019609928131103516
90770,normal,2226,0,1782359448.728871,0.001905679702758789
90771,normal,892,2,1782359448.7309735,0.002102375030517578
90772,normal,1212,0,1782359448.7328486,0.001875162124633789
90773,normal,2955,0,1782359448.734795,0.0019464492797851562
90774,normal,1573,0,1782359448.7368524,0.002057313919067383
90775,normal,197,0,1782359448.738889,0.002036571502685547
90776,normal,3510,0,1782359448.7407525,0.0018634796142578125
90777,normal,2744,0,1782359448.7428517,0.002099275588989258
90778,normal,720,0,1782359448.7448542,0.0020024776458740234
90779,normal,1243,0,1782359448.746757,0.0019028186798095703
90780,normal,3120,1,1782359448.7488647,0.0021076202392578125
90781,normal,2838,0,1782359448.7509065,0.0020418167114257812
90782,normal,2570,0,1782359448.752741,0.0018346309661865234
90783,normal,11,0,1782359448.7556012,0.0028600692749023438
90784,normal,1589,0,1782359448.7567198,0.0011186599731445312
90785,normal,662,0,1782359448.7589064,0.0021865367889404297
90786,normal,482,0,1782359448.7607694,0.0018630027770996094
90787,normal,2273,0,1782359448.7628376,0.0020682811737060547
90788,normal,26,0,1782359448.7647686,0.0019309520721435547
90789,normal,1992,0,1782359448.7668395,0.002070903778076172
90790,normal,2245,0,1782359448.7688317,0.0019922256469726562
90791,normal,1420,0,1782359448.7708275,0.0019958019256591797
90792,normal,1050,0,1782359448.772837,0.0020093917846679688
90793,normal,2980,0,1782359448.774862,0.002025127410888672
90794,normal,1312,0,1782359448.7767956,0.0019335746765136719
90795,normal,3322,1,1782359448.7788386,0.002043008804321289
90796,normal,1875,0,1782359448.780826,0.001987457275390625
90797,normal,1015,2,1782359448.7828288,0.002002716064453125
90798,normal,1055,0,1782359448.7848241,0.0019953250885009766
90799,normal,3316,1,1782359448.7868304,0.0020062923431396484
90800,normal,1320,1,1782359448.7888265,0.0019960403442382812
90801,normal,683,0,1782359448.7908258,0.001999378204345703
90802,normal,3499,0,1782359448.7928207,0.0019948482513427734
90803,normal,3093,1,1782359448.7948277,0.002007007598876953
90804,normal,3178,1,1782359448.7968256,0.0019979476928710938
90805,normal,314,0,1782359448.7988632,0.002037525177001953
90806,normal,1436,0,1782359448.8008351,0.0019719600677490234
90807,normal,309,0,1782359448.8028493,0.00201416015625
90808,normal,1309,0,1782359448.8048744,0.002025127410888672
90809,normal,3263,1,1782359448.8068306,0.0019562244415283203
90810,normal,3638,0,1782359448.808811,0.001980304718017578
90811,normal,1201,0,1782359448.81083,0.002019166946411133
90812,normal,725,0,1782359448.812826,0.0019958019256591797
90813,normal,1981,0,1782359448.8148904,0.0020644664764404297
90814,normal,2329,0,1782359448.816838,0.001947641372680664
90815,normal,1747,0,1782359448.8188279,0.0019898414611816406
90816,normal,1405,0,1782359448.8208504,0.0020225048065185547
90817,normal,627,0,1782359448.8228137,0.001963376998901367
90818,normal,3302,1,1782359448.8248162,0.0020024776458740234
90819,normal,256,0,1782359448.8267932,0.0019769668579101562
90820,normal,1583,0,1782359448.828834,0.002040863037109375
90821,normal,3571,0,1782359448.830793,0.0019588470458984375
90822,normal,92,0,1782359448.832795,0.0020020008087158203
90823,normal,3147,1,1782359448.8348393,0.0020444393157958984
90824,normal,836,2,1782359448.8368516,0.0020122528076171875
90825,normal,537,0,1782359448.8387883,0.0019366741180419922
90826,normal,3184,1,1782359448.8408186,0.0020303726196289062
90827,normal,1133,0,1782359448.8427958,0.001977205276489258
90828,normal,993,2,1782359448.844789,0.0019931793212890625
90829,normal,1022,2,1782359448.8470104,0.002221345901489258
90830,normal,2149,0,1782359448.8487916,0.0017812252044677734
90831,normal,3386,1,1782359448.8507843,0.0019927024841308594
90832,normal,1628,0,1782359448.8528259,0.0020415782928466797
90833,normal,3393,1,1782359448.8550086,0.0021827220916748047
90834,normal,279,0,1782359448.8567753,0.0017666816711425781
90835,normal,2812,0,1782359448.8590121,0.0022368431091308594
90836,normal,2347,0,1782359448.8608487,0.001836538314819336
90837,normal,2020,0,1782359448.863058,0.0022094249725341797
90838,normal,1207,0,1782359448.8650084,0.0019502639770507812
90839,normal,78,0,1782359448.8668437,0.0018353462219238281
90840,normal,1631,0,1782359448.869022,0.002178192138671875
90841,normal,1911,0,1782359448.8710759,0.002053976058959961
90842,normal,89,0,1782359448.872823,0.00174713134765625
90843,normal,1141,0,1782359448.8750246,0.002201557159423828
90844,normal,3298,1,1782359448.8770065,0.001981973648071289
90845,normal,944,2,1782359448.878835,0.0018284320831298828
90846,normal,1630,0,1782359448.881021,0.0021860599517822266
90847,normal,2184,0,1782359448.8830388,0.0020177364349365234
90848,normal,218,0,1782359448.8848214,0.0017826557159423828
90849,normal,168,0,1782359448.8870516,0.0022301673889160156
90850,normal,2468,0,1782359448.8888261,0.0017745494842529297
90851,normal,982,2,1782359448.8910248,0.0021986961364746094
90852,normal,332,0,1782359448.892838,0.0018131732940673828
90853,normal,3079,1,1782359448.8950531,0.002215147018432617
90854,normal,1622,0,1782359448.8968103,0.0017571449279785156
90855,normal,1998,0,1782359448.8990216,0.002211332321166992
90856,normal,1796,0,1782359448.9010084,0.0019867420196533203
90857,normal,393,0,1782359448.9028745,0.0018661022186279297
90858,normal,2776,0,1782359448.9048412,0.001966714859008789
90859,normal,2372,0,1782359448.9070103,0.0021691322326660156
90860,normal,1895,0,1782359448.9088438,0.0018334388732910156
90861,normal,1439,0,1782359448.9110174,0.0021736621856689453
90862,normal,3105,1,1782359448.9130123,0.0019948482513427734
90863,normal,1174,0,1782359448.9148495,0.0018372535705566406
90864,normal,300,0,1782359448.9170203,0.0021708011627197266
90865,normal,3668,0,1782359448.919007,0.0019867420196533203
90866,normal,1399,0,1782359448.9208581,0.0018510818481445312
90867,normal,2709,0,1782359448.9228375,0.001979351043701172
90868,normal,1407,0,1782359448.9250152,0.002177715301513672
90869,normal,2289,0,1782359448.9268465,0.0018312931060791016
90870,normal,664,0,1782359448.9290137,0.002167224884033203
90871,normal,2994,0,1782359448.931007,0.0019931793212890625
90872,normal,1468,0,1782359448.932842,0.0018351078033447266
90873,normal,2106,0,1782359448.9350283,0.002186298370361328
90874,normal,761,0,1782359448.9370084,0.0019800662994384766
90875,normal,113,0,1782359448.9388468,0.0018384456634521484
90876,normal,2698,0,1782359448.9410236,0.0021767616271972656
90877,normal,558,0,1782359448.9430172,0.0019936561584472656
90878,normal,37,0,1782359448.9448612,0.0018439292907714844
90879,normal,1737,0,1782359448.947052,0.002190828323364258
90880,normal,3648,0,1782359448.9490023,0.0019502639770507812
90881,normal,1769,0,1782359448.950851,0.0018486976623535156
90882,normal,1683,0,1782359448.9530146,0.0021636486053466797
90883,normal,2137,0,1782359448.9550097,0.001995086669921875
90884,normal,2146,0,1782359448.9568508,0.0018410682678222656
90885,normal,205,0,1782359448.9590237,0.0021729469299316406
90886,normal,1730,0,1782359448.9610069,0.001983165740966797
90887,normal,2288,0,1782359448.962847,0.0018401145935058594
90888,normal,1053,0,1782359448.9650126,0.002165555953979492
90889,normal,3090,1,1782359448.9670112,0.0019986629486083984
90890,normal,2392,0,1782359448.9688437,0.0018324851989746094
90891,normal,605,0,1782359448.9710183,0.0021746158599853516
90892,normal,1965,0,1782359448.9730144,0.0019960403442382812
90893,normal,3427,0,1782359448.9748507,0.0018362998962402344
90894,normal,1331,1,1782359448.977029,0.0021784305572509766
90895,normal,2506,0,1782359448.9790158,0.0019867420196533203
90896,normal,2739,0,1782359448.9808211,0.0018053054809570312
90897,normal,1963,0,1782359448.9830203,0.0021991729736328125
90898,normal,442,0,1782359448.9850194,0.0019991397857666016
90899,normal,39,0,1782359448.9868238,0.001804351806640625
90900,normal,1664,0,1782359448.9890234,0.0021996498107910156
90901,normal,1771,0,1782359448.9910114,0.001987934112548828
90902,normal,531,0,1782359448.9928524,0.0018410682678222656
90903,normal,2595,0,1782359448.9950163,0.0021638870239257812
90904,normal,3412,0,1782359448.9970105,0.0019941329956054688
90905,normal,1521,0,1782359448.998862,0.0018515586853027344
90906,normal,1001,2,1782359449.0010238,0.002161741256713867
90907,normal,3067,1,1782359449.0030031,0.001979351043701172
90908,normal,1543,0,1782359449.004847,0.0018439292907714844
90909,normal,1758,0,1782359449.0068336,0.0019865036010742188
90910,normal,2992,0,1782359449.009005,0.0021715164184570312
90911,normal,969,2,1782359449.0108442,0.0018391609191894531
90912,normal,1211,0,1782359449.0130136,0.002169370651245117
90913,normal,1999,0,1782359449.0150132,0.0019996166229248047
90914,normal,456,0,1782359449.016845,0.0018317699432373047
90915,normal,752,0,1782359449.0190187,0.0021736621856689453
90916,normal,918,2,1782359449.0210328,0.00201416015625
90917,normal,1096,0,1782359449.0228367,0.0018038749694824219
90918,normal,330,0,1782359449.025015,0.0021784305572509766
90919,normal,2596,0,1782359449.0270126,0.0019974708557128906
90920,normal,1843,0,1782359449.0288415,0.001828908920288086
90921,normal,775,2,1782359449.0310216,0.0021800994873046875
90922,normal,1674,0,1782359449.0330098,0.0019881725311279297
90923,normal,717,0,1782359449.0348523,0.001842498779296875
90924,normal,3034,0,1782359449.0370216,0.002169370651245117
90925,normal,3098,1,1782359449.0390105,0.0019888877868652344
90926,normal,3494,0,1782359449.0408435,0.0018329620361328125
90927,normal,2061,0,1782359449.043019,0.002175569534301758
90928,normal,1398,0,1782359449.0450056,0.0019865036010742188
90929,normal,3409,0,1782359449.0468497,0.001844167709350586
90930,normal,1429,0,1782359449.0490286,0.0021789073944091797
90931,normal,1634,0,1782359449.051017,0.0019884109497070312
90932,normal,2237,0,1782359449.0528243,0.0018072128295898438
90933,normal,408,0,1782359449.0548308,0.00200653076171875
90934,normal,1057,0,1782359449.0570126,0.0021817684173583984
90935,normal,1886,0,1782359449.0588436,0.0018310546875
90936,normal,1230,0,1782359449.061009,0.0021653175354003906
90937,normal,402,0,1782359449.0630136,0.0020046234130859375
90938,normal,2242,0,1782359449.0648422,0.0018286705017089844
90939,normal,3466,0,1782359449.0670137,0.0021715164184570312
90940,normal,123,0,1782359449.069008,0.0019943714141845703
90941,normal,2511,0,1782359449.0708477,0.0018396377563476562
90942,normal,687,0,1782359449.0730386,0.002190828323364258
90943,normal,1377,1,1782359449.0750127,0.0019741058349609375
90944,normal,164,0,1782359449.076852,0.0018393993377685547
90945,normal,1726,0,1782359449.0790234,0.0021712779998779297
90946,normal,1884,0,1782359449.0810091,0.001985788345336914
90947,normal,2689,0,1782359449.082849,0.0018398761749267578
90948,normal,2599,0,1782359449.0850155,0.0021665096282958984
90949,normal,2701,0,1782359449.0870223,0.0020067691802978516
90950,normal,883,2,1782359449.0888457,0.00182342529296875
90951,normal,1502,0,1782359449.091012,0.002166271209716797
90952,normal,2979,0,1782359449.0930111,0.0019991397857666016
90953,normal,107,0,1782359449.0948443,0.001833200454711914
90954,normal,1606,0,1782359449.0970073,0.002162933349609375
90955,normal,3047,1,1782359449.099007,0.0019996166229248047
90956,normal,262,0,1782359449.1008394,0.0018324851989746094
90957,normal,1673,0,1782359449.103022,0.0021827220916748047
90958,normal,1629,0,1782359449.1050117,0.001989603042602539
90959,normal,1454,0,1782359449.1068447,0.0018329620361328125
90960,normal,1610,0,1782359449.109024,0.002179384231567383
90961,normal,2279,0,1782359449.1110117,0.0019876956939697266
90962,normal,3652,0,1782359449.1128387,0.0018270015716552734
90963,normal,2759,0,1782359449.1150157,0.002177000045776367
90964,normal,1075,0,1782359449.117014,0.0019981861114501953
90965,normal,722,0,1782359449.118841,0.0018270015716552734
90966,normal,1119,0,1782359449.1210177,0.0021767616271972656
90967,normal,837,2,1782359449.1230354,0.0020177364349365234
90968,normal,1982,0,1782359449.1248405,0.0018050670623779297
90969,normal,153,0,1782359449.1270156,0.0021750926971435547
90970,normal,1442,0,1782359449.129008,0.001992464065551758
90971,normal,698,0,1782359449.130833,0.0018248558044433594
90972,normal,2023,0,1782359449.1330194,0.0021865367889404297
90973,normal,2586,0,1782359449.1350071,0.0019876956939697266
90974,normal,3458,0,1782359449.1368444,0.0018372535705566406
90975,normal,679,0,1782359449.1390188,0.00217437744140625
90976,normal,2835,0,1782359449.1410108,0.0019919872283935547
90977,normal,356,0,1782359449.1428475,0.0018367767333984375
90978,normal,2175,0,1782359449.1450126,0.002165079116821289
90979,normal,1111,0,1782359449.1470146,0.0020020008087158203
90980,normal,3234,1,1782359449.148844,0.001829385757446289
90981,normal,2487,0,1782359449.1510217,0.002177715301513672
90982,normal,572,0,1782359449.153009,0.0019872188568115234
90983,normal,1593,0,1782359449.1548533,0.0018444061279296875
90984,normal,3033,0,1782359449.1570156,0.0021622180938720703
90985,normal,879,2,1782359449.1590092,0.0019936561584472656
90986,normal,1208,0,1782359449.1608422,0.0018329620361328125
90987,normal,1259,0,1782359449.163018,0.0021758079528808594
90988,normal,171,0,1782359449.1650167,0.0019986629486083984
90989,normal,2391,0,1782359449.1668472,0.0018305778503417969
90990,normal,2723,0,1782359449.169018,0.0021708011627197266
90991,normal,2793,0,1782359449.1710107,0.0019927024841308594
90992,normal,2517,0,1782359449.172847,0.0018362998962402344
90993,normal,609,0,1782359449.175022,0.002174854278564453
90994,normal,3152,1,1782359449.1770122,0.0019903182983398438
90995,normal,271,0,1782359449.1788468,0.0018346309661865234
90996,normal,1047,0,1782359449.1810203,0.0021734237670898438
90997,normal,3186,1,1782359449.1830122,0.0019919872283935547
90998,normal,1906,0,1782359449.1848483,0.0018360614776611328
90999,normal,3277,1,1782359449.187011,0.0021626949310302734
91000,normal,1645,0,1782359449.1890383,0.002027273178100586
91001,normal,24,0,1782359449.190828,0.0017898082733154297
91002,normal,3215,1,1782359449.1930234,0.0021953582763671875
91003,normal,1067,0,1782359449.195004,0.0019805431365966797
91004,normal,3687,0,1782359449.196847,0.0018429756164550781
91005,normal,3502,0,1782359449.199015,0.002167940139770508
91006,normal,897,2,1782359449.20101,0.001995086669921875
91007,normal,2026,0,1782359449.2028475,0.0018374919891357422
91008,normal,2442,0,1782359449.205032,0.002184629440307617
91009,normal,95,0,1782359449.2070086,0.001976490020751953
91010,normal,1563,0,1782359449.2088509,0.0018422603607177734
91011,normal,1941,0,1782359449.211024,0.002173185348510742
91012,normal,1551,0,1782359449.2130113,0.0019872188568115234
91013,normal,1470,0,1782359449.214856,0.001844644546508789
91014,normal,2923,0,1782359449.2170248,0.002168893814086914
91015,normal,2407,0,1782359449.2190084,0.001983642578125
91016,normal,2294,0,1782359449.2208521,0.0018436908721923828
91017,normal,2136,0,1782359449.2230403,0.0021882057189941406
91018,normal,3651,0,1782359449.2250092,0.001968860626220703
91019,normal,721,0,1782359449.2268498,0.0018405914306640625
91020,normal,1305,0,1782359449.2290103,0.0021605491638183594
91021,normal,3637,0,1782359449.2310207,0.002010345458984375
91022,normal,275,0,1782359449.23286,0.0018393993377685547
91023,normal,3288,1,1782359449.2350137,0.002153635025024414
91024,normal,2924,0,1782359449.237,0.001986265182495117
91025,normal,3691,0,1782359449.2388535,0.0018534660339355469
91026,normal,3197,1,1782359449.2410116,0.0021581649780273438
91027,normal,527,0,1782359449.2430074,0.0019958019256591797
91028,normal,633,0,1782359449.2448442,0.0018367767333984375
91029,normal,2949,0,1782359449.2470162,0.0021719932556152344
91030,normal,38,0,1782359449.2490191,0.0020029544830322266
91031,normal,708,0,1782359449.2508564,0.0018372535705566406
91032,normal,1684,0,1782359449.2530112,0.002154827117919922
91033,normal,850,2,1782359449.2550128,0.002001523971557617
91034,normal,3560,0,1782359449.256855,0.0018422603607177734
91035,normal,3645,0,1782359449.2590077,0.002152681350708008
91036,normal,3398,1,1782359449.2608247,0.0018169879913330078
91037,normal,128,0,1782359449.2630258,0.002201080322265625
91038,normal,3434,0,1782359449.2648323,0.001806497573852539
91039,normal,1948,0,1782359449.267009,0.0021767616271972656
91040,normal,2920,0,1782359449.268844,0.001834869384765625
91041,normal,1343,1,1782359449.2710173,0.0021734237670898438
91042,normal,3615,0,1782359449.2730112,0.001993894577026367
91043,normal,1217,0,1782359449.2748418,0.0018305778503417969
91044,normal,1592,0,1782359449.2770002,0.0021584033966064453
91045,normal,445,0,1782359449.279009,0.0020089149475097656
91046,normal,2032,0,1782359449.2808516,0.001842498779296875
91047,normal,538,0,1782359449.2831368,0.0022852420806884766
91048,normal,3630,0,1782359449.2849424,0.0018055438995361328
91049,normal,2932,0,1782359449.2869604,0.002017974853515625
91050,normal,3435,0,1782359449.2888467,0.0018863677978515625
91051,normal,2048,0,1782359449.2911136,0.0022668838500976562
91052,normal,1520,0,1782359449.292914,0.0018002986907958984
91053,normal,2988,0,1782359449.2947726,0.0018587112426757812
91054,normal,1233,0,1782359449.2969244,0.0021517276763916016
91055,normal,1516,0,1782359449.2988229,0.0018985271453857422
91056,normal,85,0,1782359449.3007917,0.001968860626220703
91057,normal,654,0,1782359449.3028252,0.0020334720611572266
91058,normal,2760,0,1782359449.305025,0.002199888229370117
91059,normal,1261,0,1782359449.307506,0.0024809837341308594
91060,normal,1757,0,1782359449.3088686,0.0013625621795654297
91061,normal,776,2,1782359449.3109717,0.002103090286254883
91062,normal,3506,0,1782359449.3127768,0.0018050670623779297
91063,normal,3395,1,1782359449.3149116,0.0021347999572753906
91064,normal,1369,1,1782359449.3167684,0.0018568038940429688
91065,normal,437,0,1782359449.3188107,0.0020422935485839844
91066,normal,2859,0,1782359449.3208094,0.0019986629486083984
91067,normal,2584,0,1782359449.3228886,0.0020792484283447266
91068,normal,1907,0,1782359449.324778,0.0018894672393798828
91069,normal,3674,0,1782359449.3268056,0.0020275115966796875
91070,normal,1,0,1782359449.328811,0.002005338668823242
91071,normal,3131,1,1782359449.3307827,0.001971721649169922
91072,normal,3321,1,1782359449.3328202,0.002037525177001953
91073,normal,3529,0,1782359449.3348079,0.0019876956939697266
91074,normal,1004,2,1782359449.3367622,0.001954317092895508
91075,normal,896,2,1782359449.3387976,0.002035379409790039
91076,normal,3272,1,1782359449.3410225,0.0022249221801757812
91077,normal,693,0,1782359449.3429453,0.0019228458404541016
91078,normal,3130,1,1782359449.3450902,0.0021448135375976562
91079,normal,1313,0,1782359449.3468206,0.0017304420471191406
91080,normal,478,0,1782359449.3488455,0.0020248889923095703
91081,normal,3042,0,1782359449.3509386,0.002093076705932617
91082,normal,2330,0,1782359449.3529856,0.0020470619201660156
91083,normal,671,0,1782359449.354969,0.0019834041595458984
91084,normal,28,0,1782359449.3571334,0.0021643638610839844
91085,normal,2967,0,1782359449.3589184,0.0017850399017333984
91086,normal,3672,0,1782359449.361028,0.002109527587890625
91087,normal,1026,2,1782359449.363062,0.0020339488983154297
91088,normal,2875,0,1782359449.3649662,0.0019042491912841797
91089,normal,2262,0,1782359449.3669739,0.002007722854614258
91090,normal,2250,0,1782359449.3689425,0.0019686222076416016
91091,normal,2213,0,1782359449.370903,0.0019605159759521484
91092,normal,2236,0,1782359449.3729904,0.0020873546600341797
91093,normal,3177,1,1782359449.3749595,0.0019690990447998047
91094,normal,2003,0,1782359449.3769002,0.0019407272338867188
91095,normal,2387,0,1782359449.3789086,0.0020084381103515625
91096,normal,1774,0,1782359449.3809807,0.0020720958709716797
91097,normal,564,0,1782359449.3830178,0.00203704833984375
91098,normal,2553,0,1782359449.3848097,0.0017919540405273438
91099,normal,2348,0,1782359449.38699,0.002180337905883789
91100,normal,286,0,1782359449.3888967,0.0019066333770751953
91101,normal,2147,0,1782359449.3909261,0.0020294189453125
91102,normal,2150,0,1782359449.3929555,0.0020294189453125
91103,normal,1846,0,1782359449.3948972,0.001941680908203125
91104,normal,32,0,1782359449.3970885,0.002191305160522461
91105,normal,771,0,1782359449.3990116,0.0019230842590332031
91106,normal,985,2,1782359449.4009073,0.0018956661224365234
91107,normal,1873,0,1782359449.4028056,0.0018982887268066406
91108,normal,3549,0,1782359449.405066,0.002260446548461914
91109,normal,1977,0,1782359449.4069145,0.001848459243774414
91110,normal,541,0,1782359449.4088838,0.0019693374633789062
91111,normal,714,0,1782359449.4110188,0.002135038375854492
91112,normal,2471,0,1782359449.4129539,0.0019350051879882812
91113,normal,30,0,1782359449.415051,0.0020971298217773438
91114,normal,336,0,1782359449.4171317,0.002080678939819336
91115,normal,3274,1,1782359449.418997,0.001865386962890625
91116,normal,3087,1,1782359449.4210215,0.002024412155151367
91117,normal,902,2,1782359449.4230518,0.0020303726196289062
91118,normal,579,0,1782359449.4250267,0.001974821090698242
91119,normal,1667,0,1782359449.4269881,0.0019614696502685547
91120,normal,3564,0,1782359449.4289498,0.0019617080688476562
91121,normal,1654,0,1782359449.4307652,0.0018153190612792969
91122,normal,2965,0,1782359449.4328718,0.0021066665649414062
91123,normal,1194,0,1782359449.434895,0.0020232200622558594
91124,normal,870,2,1782359449.437066,0.002171039581298828
91125,normal,1235,0,1782359449.4388053,0.0017392635345458984
91126,normal,655,0,1782359449.4409752,0.0021698474884033203
91127,normal,3604,0,1782359449.4428847,0.001909494400024414
91128,normal,2822,0,1782359449.444952,0.0020673274993896484
91129,normal,449,0,1782359449.4472048,0.002252817153930664
91130,normal,1920,0,1782359449.4489017,0.0016968250274658203
91131,normal,2353,0,1782359449.4509106,0.0020089149475097656
91132,normal,1068,0,1782359449.4528737,0.0019631385803222656
91133,normal,1152,0,1782359449.4548047,0.0019309520721435547
91134,normal,3501,0,1782359449.4570036,0.002198934555053711
91135,normal,228,0,1782359449.4589322,0.001928567886352539
91136,normal,303,0,1782359449.4609056,0.001973390579223633
91137,normal,3505,0,1782359449.462869,0.001963376998901367
91138,normal,377,0,1782359449.4648721,0.002003192901611328
91139,normal,1558,0,1782359449.4669025,0.0020303726196289062
91140,normal,1706,0,1782359449.4688933,0.001990795135498047
91141,normal,1855,0,1782359449.4710102,0.0021169185638427734
91142,normal,3664,0,1782359449.4728105,0.0018002986907958984
91143,normal,1019,2,1782359449.4750047,0.0021941661834716797
91144,normal,791,2,1782359449.4770925,0.002087831497192383
91145,normal,1122,0,1782359449.478983,0.001890420913696289
91146,normal,69,0,1782359449.4809232,0.0019402503967285156
91147,normal,1559,0,1782359449.4832122,0.0022890567779541016
91148,normal,1912,0,1782359449.4850073,0.001795053482055664
91149,normal,784,2,1782359449.4869666,0.0019593238830566406
91150,normal,2534,0,1782359449.4892519,0.0022852420806884766
91151,normal,2300,0,1782359449.4913242,0.0020723342895507812
91152,normal,3330,1,1782359449.4930327,0.0017085075378417969
91153,normal,3104,1,1782359449.494992,0.0019593238830566406
91154,normal,1445,0,1782359449.4969003,0.0019083023071289062
91155,normal,3442,0,1782359449.4990113,0.0021109580993652344
91156,normal,1180,0,1782359449.5010052,0.001993894577026367
91157,normal,1273,0,1782359449.5028996,0.0018944740295410156
91158,normal,1900,0,1782359449.5050032,0.002103567123413086
91159,normal,3492,0,1782359449.506986,0.0019826889038085938
91160,normal,1086,0,1782359449.5089288,0.0019428730010986328
91161,normal,1328,1,1782359449.5110247,0.002095937728881836
91162,normal,2440,0,1782359449.5130146,0.0019898414611816406
91163,normal,1915,0,1782359449.5148864,0.0018718242645263672
91164,normal,2415,0,1782359449.5170028,0.0021164417266845703
91165,normal,3180,1,1782359449.51899,0.0019872188568115234
91166,normal,562,0,1782359449.5209517,0.0019617080688476562
91167,normal,3397,1,1782359449.522893,0.0019412040710449219
91168,normal,47,0,1782359449.524972,0.002079010009765625
91169,normal,2397,0,1782359449.5267968,0.0018248558044433594
91170,normal,1868,0,1782359449.5289693,0.0021724700927734375
91171,normal,929,2,1782359449.530968,0.0019986629486083984
91172,normal,1193,0,1782359449.5328872,0.0019192695617675781
91173,normal,874,2,1782359449.5348694,0.0019822120666503906
91174,normal,2386,0,1782359449.536959,0.0020895004272460938
91175,normal,3269,1,1782359449.5389245,0.0019655227661132812
91176,normal,2033,0,1782359449.5409508,0.0020263195037841797
91177,normal,869,2,1782359449.5429459,0.001995086669921875
91178,normal,806,2,1782359449.5448887,0.0019428730010986328
91179,normal,608,0,1782359449.5469453,0.002056598663330078
91180,normal,3248,1,1782359449.548935,0.001989603042602539
91181,normal,2046,0,1782359449.5509036,0.0019686222076416016
91182,normal,2500,0,1782359449.5529768,0.0020732879638671875
91183,normal,3514,0,1782359449.5550044,0.0020275115966796875
91184,normal,3482,0,1782359449.5569236,0.0019192695617675781
91185,normal,3237,1,1782359449.5589917,0.002068042755126953
91186,normal,3155,1,1782359449.561014,0.002022266387939453
91187,normal,941,2,1782359449.562898,0.0018839836120605469
91188,normal,2306,0,1782359449.5649455,0.0020475387573242188
91189,normal,3663,0,1782359449.5669436,0.0019981861114501953
91190,normal,1154,0,1782359449.56886,0.0019164085388183594
91191,normal,3230,1,1782359449.5711043,0.002244234085083008
91192,normal,3599,0,1782359449.5729883,0.0018839836120605469
91193,normal,2247,0,1782359449.574923,0.0019347667694091797
91194,normal,1864,0,1782359449.5770223,0.002099275588989258
91195,normal,185,0,1782359449.5790517,0.0020294189453125
91196,normal,3030,0,1782359449.5808485,0.001796722412109375
91197,normal,189,0,1782359449.5830364,0.002187967300415039
91198,normal,545,0,1782359449.5851066,0.002070188522338867
91199,normal,3540,0,1782359449.5867872,0.001680612564086914
91200,normal,3283,1,1782359449.58893,0.002142667770385742
91201,normal,2966,0,1782359449.5909479,0.002017974853515625
91202,normal,1342,1,1782359449.5928946,0.0019466876983642578
91203,normal,1304,0,1782359449.5949626,0.002068042755126953
91204,normal,3631,0,1782359449.596932,0.0019693374633789062
91205,normal,2585,0,1782359449.5988488,0.0019168853759765625
91206,normal,2188,0,1782359449.600932,0.0020830631256103516
91207,normal,1332,1,1782359449.6031237,0.002191781997680664
91208,normal,3613,0,1782359449.6051648,0.0020411014556884766
91209,normal,1414,0,1782359449.6069858,0.0018210411071777344
91210,normal,3183,1,1782359449.6089938,0.0020079612731933594
91211,normal,724,0,1782359449.6108909,0.0018970966339111328
91212,normal,2424,0,1782359449.613001,0.0021102428436279297
91213,normal,463,0,1782359449.6150725,0.002071380615234375
91214,normal,2935,0,1782359449.6170013,0.0019288063049316406
91215,normal,1167,0,1782359449.6188943,0.0018930435180664062
91216,normal,2758,0,1782359449.620937,0.0020427703857421875
91217,normal,3483,0,1782359449.6229255,0.0019884109497070312
91218,normal,1290,0,1782359449.6249132,0.0019876956939697266
91219,normal,1423,0,1782359449.6271856,0.002272367477416992
91220,normal,2661,0,1782359449.629014,0.0018284320831298828
91221,normal,2906,0,1782359449.63098,0.0019659996032714844
91222,normal,994,2,1782359449.6330702,0.0020902156829833984
91223,normal,3166,1,1782359449.6350138,0.0019435882568359375
91224,normal,1162,0,1782359449.636889,0.001875162124633789
91225,normal,1599,0,1782359449.639085,0.002196073532104492
91226,normal,3390,1,1782359449.6411536,0.0020685195922851562
91227,normal,1390,0,1782359449.642951,0.0017974376678466797
91228,normal,282,0,1782359449.6449847,0.002033710479736328
91229,normal,915,2,1782359449.6472,0.0022153854370117188
91230,normal,2879,0,1782359449.6489224,0.0017223358154296875
91231,normal,2619,0,1782359449.6509538,0.0020313262939453125
91232,normal,3168,1,1782359449.6528356,0.0018818378448486328
91233,normal,2412,0,1782359449.6549568,0.0021212100982666016
91234,normal,3268,1,1782359449.6570272,0.0020704269409179688
91235,normal,3137,1,1782359449.6588945,0.0018672943115234375
91236,normal,5,0,1782359449.66101,0.002115488052368164
91237,normal,3300,1,1782359449.66299,0.0019800662994384766
91238,normal,222,0,1782359449.6649199,0.0019297599792480469
91239,normal,2219,0,1782359449.667047,0.0021271705627441406
91240,normal,2548,0,1782359449.6690583,0.0020112991333007812
91241,normal,2210,0,1782359449.6709878,0.0019295215606689453
91242,normal,1951,0,1782359449.6730094,0.0020215511322021484
91243,normal,3480,0,1782359449.6750479,0.0020384788513183594
91244,normal,489,0,1782359449.676952,0.0019040107727050781
91245,normal,1032,0,1782359449.679071,0.0021190643310546875
91246,normal,461,0,1782359449.6809812,0.0019102096557617188
91247,normal,3035,0,1782359449.6828904,0.0019092559814453125
91248,normal,2502,0,1782359449.6849873,0.002096891403198242
91249,normal,2691,0,1782359449.686969,0.0019817352294921875
91250,normal,1107,0,1782359449.6888669,0.0018978118896484375
91251,normal,2821,0,1782359449.6909966,0.002129793167114258
91252,normal,342,0,1782359449.692958,0.0019614696502685547
91253,normal,3020,0,1782359449.69491,0.0019519329071044922
91254,normal,906,2,1782359449.6970048,0.002094745635986328
91255,normal,1693,0,1782359449.6989617,0.001956939697265625
91256,normal,2931,0,1782359449.7008731,0.0019114017486572266
91257,normal,2283,0,1782359449.7028902,0.0020170211791992188
91258,normal,2695,0,1782359449.7049477,0.0020575523376464844
91259,normal,1340,1,1782359449.7068572,0.001909494400024414
91260,normal,1147,0,1782359449.7089615,0.0021042823791503906
91261,normal,259,0,1782359449.710985,0.002023458480834961
91262,normal,2551,0,1782359449.7129345,0.0019495487213134766
91263,normal,1049,0,1782359449.7150133,0.0020787715911865234
91264,normal,1739,0,1782359449.71697,0.0019567012786865234
91265,normal,319,0,1782359449.7188864,0.0019164085388183594
91266,normal,1581,0,1782359449.720967,0.002080678939819336
91267,normal,2429,0,1782359449.7229419,0.001974821090698242
91268,normal,3348,1,1782359449.7248614,0.0019195079803466797
91269,normal,3512,0,1782359449.7268512,0.0019898414611816406
91270,normal,260,0,1782359449.7290983,0.0022470951080322266
91271,normal,2940,0,1782359449.7309163,0.001817941665649414
91272,normal,3209,1,1782359449.7329898,0.002073526382446289
91273,normal,3219,1,1782359449.7350314,0.0020415782928466797
91274,normal,1368,1,1782359449.7370245,0.0019931793212890625
91275,normal,1799,0,1782359449.7388363,0.0018117427825927734
91276,normal,2064,0,1782359449.7410543,0.002218008041381836
91277,normal,3402,0,1782359449.7429633,0.001909017562866211
91278,normal,3328,1,1782359449.7449331,0.0019698143005371094
91279,normal,3099,1,1782359449.746934,0.0020008087158203125
91280,normal,779,2,1782359449.748856,0.0019221305847167969
91281,normal,1443,0,1782359449.7509327,0.0020766258239746094
91282,normal,2907,0,1782359449.7530022,0.0020694732666015625
91283,normal,565,0,1782359449.754853,0.0018508434295654297
91284,normal,1034,0,1782359449.7569306,0.0020775794982910156
91285,normal,2125,0,1782359449.759004,0.002073526382446289
91286,normal,3021,0,1782359449.760966,0.001961946487426758
91287,normal,2611,0,1782359449.7634199,0.0024538040161132812
91288,normal,807,2,1782359449.7650185,0.0015985965728759766
91289,normal,2807,0,1782359449.7668102,0.0017917156219482422
91290,normal,1102,0,1782359449.768928,0.0021178722381591797
91291,normal,3081,1,1782359449.7709246,0.0019965171813964844
91292,normal,730,0,1782359449.7728062,0.0018815994262695312
91293,normal,3040,0,1782359449.775137,0.002330780029296875
91294,normal,232,0,1782359449.7769115,0.0017745494842529297
91295,normal,840,2,1782359449.7788064,0.0018949508666992188
91296,normal,3438,0,1782359449.7809227,0.0021162033081054688
91297,normal,1231,0,1782359449.782915,0.001992464065551758
91298,normal,1144,0,1782359449.784816,0.0019009113311767578
91299,normal,2441,0,1782359449.787026,0.002209901809692383
91300,normal,1295,0,1782359449.7890167,0.001990795135498047
91301,normal,1132,0,1782359449.7908404,0.0018236637115478516
91302,normal,2630,0,1782359449.7929802,0.0021398067474365234
91303,normal,3325,1,1782359449.7949996,0.0020194053649902344
91304,normal,2205,0,1782359449.7967973,0.0017976760864257812
91305,normal,392,0,1782359449.799134,0.002336740493774414
91306,normal,3491,0,1782359449.801061,0.0019268989562988281
91307,normal,1545,0,1782359449.8028264,0.0017654895782470703
91308,normal,2115,0,1782359449.8050432,0.002216815948486328
91309,normal,1587,0,1782359449.8071911,0.0021479129791259766
91310,normal,3146,1,1782359449.808796,0.0016047954559326172
91311,normal,1462,0,1782359449.8108559,0.0020599365234375
91312,normal,595,0,1782359449.8128896,0.002033710479736328
91313,normal,3707,0,1782359449.8149335,0.0020439624786376953
91314,normal,306,0,1782359449.8168228,0.0018892288208007812
91315,normal,554,0,1782359449.8189154,0.002092599868774414
91316,normal,2890,0,1782359449.8207939,0.001878499984741211
91317,normal,1874,0,1782359449.8229225,0.00212860107421875
91318,normal,273,0,1782359449.8249679,0.0020453929901123047
91319,normal,3339,1,1782359449.8268733,0.0019054412841796875
91320,normal,3709,0,1782359449.8289642,0.002090930938720703
91321,normal,1508,0,1782359449.8309143,0.0019500255584716797
91322,normal,2448,0,1782359449.8328311,0.0019168853759765625
91323,normal,2383,0,1782359449.8349867,0.0021555423736572266
91324,normal,1238,0,1782359449.8369772,0.0019905567169189453
91325,normal,2481,0,1782359449.8388345,0.0018572807312011719
91326,normal,3187,1,1782359449.8409173,0.00208282470703125
91327,normal,1970,0,1782359449.8429327,0.002015352249145508
91328,normal,1561,0,1782359449.8448164,0.0018837451934814453
91329,normal,15,0,1782359449.8469398,0.0021233558654785156
91330,normal,354,0,1782359449.8489342,0.0019943714141845703
91331,normal,2008,0,1782359449.8508413,0.0019071102142333984
91332,normal,1919,0,1782359449.8529305,0.002089262008666992
91333,normal,1993,0,1782359449.8549335,0.0020029544830322266
91334,normal,3205,1,1782359449.8568075,0.0018739700317382812
91335,normal,2813,0,1782359449.858911,0.002103567123413086
91336,normal,1927,0,1782359449.8609061,0.001995086669921875
91337,normal,3406,0,1782359449.8627934,0.0018873214721679688
91338,normal,734,0,1782359449.864927,0.002133607864379883
91339,normal,2770,0,1782359449.8669431,0.0020160675048828125
91340,normal,457,0,1782359449.8690698,0.0021266937255859375
91341,normal,2936,0,1782359449.8708427,0.0017728805541992188
91342,normal,2914,0,1782359449.8729482,0.0021054744720458984
91343,normal,532,0,1782359449.8748558,0.0019075870513916016
91344,normal,3161,1,1782359449.8769255,0.002069711685180664
91345,normal,3680,0,1782359449.8788996,0.0019741058349609375
91346,normal,690,0,1782359449.8807814,0.0018818378448486328
91347,normal,1577,0,1782359449.882872,0.0020906925201416016
91348,normal,925,2,1782359449.884928,0.0020558834075927734
91349,normal,997,2,1782359449.8867958,0.0018677711486816406
91350,normal,728,0,1782359449.8889139,0.0021181106567382812
91351,normal,2654,0,1782359449.8908875,0.0019736289978027344
91352,normal,2628,0,1782359449.8928268,0.0019392967224121094
91353,normal,3667,0,1782359449.8948944,0.00206756591796875
91354,normal,3176,1,1782359449.8969285,0.0020341873168945312
91355,normal,2894,0,1782359449.8988552,0.0019266605377197266
91356,normal,2750,0,1782359449.9008625,0.0020072460174560547
91357,normal,1202,0,1782359449.9028318,0.0019693374633789062
91358,normal,760,0,1782359449.9047554,0.0019235610961914062
91359,normal,2535,0,1782359449.9068244,0.0020689964294433594
91360,normal,116,0,1782359449.9088607,0.0020363330841064453
91361,normal,498,0,1782359449.9107504,0.0018897056579589844
91362,normal,2579,0,1782359449.9128196,0.002069234848022461
91363,normal,2036,0,1782359449.9148316,0.002012014389038086
91364,normal,1441,0,1782359449.9168987,0.002067089080810547
91365,normal,624,0,1782359449.9189494,0.002050638198852539
91366,normal,3518,0,1782359449.9208844,0.0019350051879882812
91367,normal,2930,0,1782359449.9227629,0.001878499984741211
91368,normal,1660,0,1782359449.9248502,0.0020873546600341797
91369,normal,2174,0,1782359449.9268029,0.0019526481628417969
91370,normal,383,0,1782359449.9288213,0.002018451690673828
91371,normal,3363,1,1782359449.9308593,0.0020380020141601562
91372,normal,3418,0,1782359449.932893,0.002033710479736328
91373,normal,1020,2,1782359449.9347742,0.0018811225891113281
91374,normal,2417,0,1782359449.9368188,0.002044677734375
91375,normal,2925,0,1782359449.9388304,0.002011537551879883
91376,normal,1779,0,1782359449.9407794,0.0019490718841552734
91377,normal,1921,0,1782359449.9428425,0.0020630359649658203
91378,normal,1725,0,1782359449.9450233,0.002180814743041992
91379,normal,315,0,1782359449.94686,0.0018367767333984375
91380,normal,1734,0,1782359449.9488902,0.0020301342010498047
91381,normal,3385,1,1782359449.9508967,0.00200653076171875
91382,normal,713,0,1782359449.9528503,0.001953601837158203
91383,normal,2456,0,1782359449.9549718,0.002121448516845703
91384,normal,487,0,1782359449.9570649,0.002093076705932617
91385,normal,2690,0,1782359449.958889,0.0018241405487060547
91386,normal,2355,0,1782359449.9608421,0.001953125
91387,normal,1359,1,1782359449.9628382,0.0019960403442382812
91388,normal,2483,0,1782359449.9649267,0.0020885467529296875
91389,normal,3062,1,1782359449.9668574,0.0019307136535644531
91390,normal,1090,0,1782359449.9687982,0.0019407272338867188
91391,normal,2856,0,1782359449.970835,0.0020368099212646484
91392,normal,3565,0,1782359449.972758,0.0019230842590332031
91393,normal,182,0,1782359449.9748514,0.0020933151245117188
91394,normal,3084,1,1782359449.976754,0.0019025802612304688
91395,normal,3188,1,1782359449.9788399,0.0020859241485595703
91396,normal,1810,0,1782359449.9808207,0.0019807815551757812
91397,normal,2727,0,1782359449.982766,0.0019452571868896484
91398,normal,1880,0,1782359449.984858,0.002092123031616211
91399,normal,803,2,1782359449.9868698,0.0020117759704589844
91400,normal,475,0,1782359449.9887972,0.0019273757934570312
91401,normal,563,0,1782359449.9908395,0.0020422935485839844
91402,normal,2997,0,1782359449.9928493,0.002009868621826172
91403,normal,2969,0,1782359449.9947972,0.0019478797912597656
91404,normal,1580,0,1782359449.9969273,0.0021300315856933594
91405,normal,2038,0,1782359449.9987998,0.0018725395202636719
91406,normal,1741,0,1782359450.0008476,0.0020477771759033203
91407,normal,1401,0,1782359450.002759,0.0019114017486572266
91408,normal,3586,0,1782359450.0048563,0.0020973682403564453
91409,normal,907,2,1782359450.0067616,0.001905202865600586
91410,normal,3075,1,1782359450.0088637,0.0021021366119384766
91411,normal,210,0,1782359450.0108285,0.0019648075103759766
91412,normal,2177,0,1782359450.0128164,0.001987934112548828
91413,normal,3194,1,1782359450.0147822,0.001965761184692383
91414,normal,3125,1,1782359450.016833,0.0020508766174316406
91415,normal,841,2,1782359450.0187469,0.0019137859344482422
91416,normal,2497,0,1782359450.0208335,0.002086639404296875
91417,normal,1457,0,1782359450.022811,0.0019774436950683594
91418,normal,3008,0,1782359450.024765,0.0019540786743164062
91419,normal,3624,0,1782359450.0268376,0.002072572708129883
91420,normal,418,0,1782359450.0288734,0.002035856246948242
91421,normal,2058,0,1782359450.0309885,0.002115011215209961
91422,normal,1456,0,1782359450.0327685,0.0017800331115722656
91423,normal,3122,1,1782359450.0348628,0.002094268798828125
91424,normal,280,0,1782359450.0367603,0.001897573471069336
91425,normal,326,0,1782359450.038834,0.0020737648010253906
91426,normal,2960,0,1782359450.040803,0.001968860626220703
91427,normal,2004,0,1782359450.0428343,0.0020313262939453125
91428,normal,945,2,1782359450.0447562,0.0019218921661376953
91429,normal,1323,1,1782359450.0468335,0.002077341079711914
91430,normal,2899,0,1782359450.048803,0.001969575881958008
91431,normal,2685,0,1782359450.0509224,0.002119302749633789
91432,normal,2012,0,1782359450.052889,0.001966714859008789
91433,normal,401,0,1782359450.0548136,0.0019245147705078125
91434,normal,360,0,1782359450.0569081,0.0020945072174072266
91435,normal,1293,0,1782359450.0588427,0.0019345283508300781
91436,normal,596,0,1782359450.0608072,0.001964569091796875
91437,normal,661,0,1782359450.0629056,0.0020983219146728516
91438,normal,3253,1,1782359450.0648484,0.0019428730010986328
91439,normal,2050,0,1782359450.0667388,0.001890420913696289
91440,normal,2422,0,1782359450.0688422,0.0021033287048339844
91441,normal,849,2,1782359450.0708063,0.001964092254638672
91442,normal,2127,0,1782359450.072792,0.001985788345336914
91443,normal,2341,0,1782359450.0748675,0.0020754337310791016
91444,normal,2328,0,1782359450.0767665,0.0018990039825439453
91445,normal,2132,0,1782359450.078822,0.0020554065704345703
91446,normal,753,0,1782359450.0807571,0.0019352436065673828
91447,normal,1682,0,1782359450.0828238,0.0020666122436523438
91448,normal,1557,0,1782359450.0851226,0.0022988319396972656
91449,normal,139,0,1782359450.0868902,0.0017676353454589844
91450,normal,2181,0,1782359450.088842,0.0019516944885253906
91451,normal,94,0,1782359450.0907726,0.0019307136535644531
91452,normal,947,2,1782359450.0928352,0.002062559127807617
91453,normal,3411,0,1782359450.0948198,0.0019845962524414062
91454,normal,2253,0,1782359450.0967953,0.001975536346435547
91455,normal,1225,0,1782359450.0989099,0.002114534378051758
91456,normal,2455,0,1782359450.1008081,0.0018982887268066406
91457,normal,3192,1,1782359450.1027634,0.001955270767211914
91458,normal,629,0,1782359450.104855,0.002091646194458008
91459,normal,1218,0,1782359450.106813,0.0019578933715820312
91460,normal,2280,0,1782359450.1087737,0.00196075439453125
91461,normal,2480,0,1782359450.110979,0.002205371856689453
91462,normal,3559,0,1782359450.112889,0.0019099712371826172
91463,normal,652,0,1782359450.114813,0.0019240379333496094
91464,normal,1308,0,1782359450.1168873,0.0020742416381835938
91465,normal,175,0,1782359450.1188877,0.0020003318786621094
91466,normal,2771,0,1782359450.1207955,0.0019078254699707031
91467,normal,1538,0,1782359450.1229312,0.002135753631591797
91468,normal,3175,1,1782359450.1250086,0.002077341079711914
91469,normal,2772,0,1782359450.1268482,0.0018396377563476562
91470,normal,2700,0,1782359450.1288087,0.0019605159759521484
91471,normal,1206,0,1782359450.1309166,0.002107858657836914
91472,normal,49,0,1782359450.13285,0.0019333362579345703
91473,normal,1785,0,1782359450.1347983,0.0019483566284179688
91474,normal,1408,0,1782359450.136843,0.002044677734375
91475,normal,3685,0,1782359450.1387615,0.0019185543060302734
91476,normal,74,0,1782359450.140855,0.0020935535430908203
91477,normal,3167,1,1782359450.1428072,0.0019521713256835938
91478,normal,2904,0,1782359450.1447482,0.0019409656524658203
91479,normal,1526,0,1782359450.1468327,0.002084493637084961
91480,normal,1362,1,1782359450.1488264,0.0019936561584472656
91481,normal,3450,0,1782359450.1507962,0.0019698143005371094
91482,normal,542,0,1782359450.152915,0.002118825912475586
91483,normal,3346,1,1782359450.1548684,0.0019533634185791016
91484,normal,2271,0,1782359450.1568422,0.001973867416381836
91485,normal,2428,0,1782359450.1587923,0.0019500255584716797
91486,normal,2110,0,1782359450.1608586,0.002066373825073242
91487,normal,3488,0,1782359450.1628203,0.0019617080688476562
91488,normal,1506,0,1782359450.164829,0.002008676528930664
91489,normal,1113,0,1782359450.1668103,0.0019812583923339844
91490,normal,2438,0,1782359450.1687737,0.001963376998901367
91491,normal,2354,0,1782359450.17084,0.002066373825073242
91492,normal,1136,0,1782359450.1728222,0.0019822120666503906
91493,normal,106,0,1782359450.1747668,0.0019445419311523438
91494,normal,1353,1,1782359450.1768591,0.0020923614501953125
91495,normal,239,0,1782359450.1788158,0.0019567012786865234
91496,normal,50,0,1782359450.180782,0.001966238021850586
91497,normal,1836,0,1782359450.182961,0.0021789073944091797
91498,normal,3247,1,1782359450.1848493,0.001888275146484375
91499,normal,2223,0,1782359450.186768,0.001918792724609375
91500,normal,3211,1,1782359450.1888475,0.002079486846923828
91501,normal,617,0,1782359450.190802,0.0019545555114746094
91502,normal,3503,0,1782359450.1928425,0.002040386199951172
91503,normal,2954,0,1782359450.1947732,0.0019307136535644531
91504,normal,772,2,1782359450.1968598,0.002086639404296875
91505,normal,3110,1,1782359450.198802,0.0019421577453613281
91506,normal,882,2,1782359450.2008972,0.0020952224731445312
91507,normal,3364,1,1782359450.202943,0.002045869827270508
91508,normal,711,0,1782359450.2048283,0.0018851757049560547
91509,normal,1824,0,1782359450.2068214,0.0019931793212890625
91510,normal,1481,0,1782359450.2088666,0.002045154571533203
91511,normal,2370,0,1782359450.2108045,0.0019378662109375
91512,normal,3533,0,1782359450.2127886,0.001984119415283203
91513,normal,2160,0,1782359450.2148743,0.0020856857299804688
91514,normal,1108,0,1782359450.2167873,0.0019130706787109375
91515,normal,3014,0,1782359450.2190137,0.0022263526916503906
91516,normal,2893,0,1782359450.220909,0.0018954277038574219
91517,normal,614,0,1782359450.2228115,0.0019023418426513672
91518,normal,1752,0,1782359450.2248676,0.002056121826171875
91519,normal,1763,0,1782359450.2271335,0.00226593017578125
91520,normal,2809,0,1782359450.2288992,0.0017657279968261719
91521,normal,2533,0,1782359450.2309868,0.0020875930786132812
91522,normal,287,0,1782359450.2330196,0.002032756805419922
91523,normal,1130,0,1782359450.2349074,0.0018877983093261719
91524,normal,1159,0,1782359450.2367914,0.0018839836120605469
91525,normal,2792,0,1782359450.238913,0.0021216869354248047
91526,normal,2446,0,1782359450.2407966,0.0018835067749023438
91527,normal,2825,0,1782359450.2429392,0.002142667770385742
91528,normal,2285,0,1782359450.2449813,0.002042055130004883
91529,normal,3683,0,1782359450.246801,0.001819610595703125
91530,normal,3296,1,1782359450.248922,0.0021212100982666016
91531,normal,2120,0,1782359450.2509158,0.0019936561584472656
91532,normal,1588,0,1782359450.2527983,0.0018825531005859375
91533,normal,2680,0,1782359450.2553563,0.002557992935180664
91534,normal,1749,0,1782359450.2570198,0.0016634464263916016
91535,normal,349,0,1782359450.2588246,0.0018048286437988281
91536,normal,2072,0,1782359450.2609403,0.0021157264709472656
91537,normal,1712,0,1782359450.262934,0.0019936561584472656
91538,normal,3380,1,1782359450.2648354,0.001901388168334961
91539,normal,1171,0,1782359450.267038,0.002202749252319336
91540,normal,1168,0,1782359450.2690396,0.002001523971557617
91541,normal,3216,1,1782359450.2707887,0.0017490386962890625
91542,normal,3200,1,1782359450.272928,0.0021393299102783203
91543,normal,3589,0,1782359450.274927,0.0019989013671875
91544,normal,1859,0,1782359450.276817,0.0018901824951171875
91545,normal,1548,0,1782359450.2789667,0.0021495819091796875
91546,normal,2276,0,1782359450.2810287,0.002062082290649414
91547,normal,1425,0,1782359450.2829342,0.0019054412841796875
91548,normal,3107,1,1782359450.2849286,0.0019943714141845703
91549,normal,1488,0,1782359450.2870088,0.002080202102661133
91550,normal,796,2,1782359450.2889235,0.0019147396087646484
91551,normal,859,2,1782359450.2908456,0.0019221305847167969
91552,normal,3627,0,1782359450.2929528,0.0021071434020996094
91553,normal,3401,1,1782359450.2950475,0.002094745635986328
91554,normal,1209,0,1782359450.2969291,0.0018815994262695312
91555,normal,2693,0,1782359450.2989395,0.002010345458984375
91556,normal,1391,0,1782359450.30092,0.0019805431365966797
91557,normal,864,2,1782359450.3029494,0.0020294189453125
91558,normal,2526,0,1782359450.3049612,0.0020117759704589844
91559,normal,325,0,1782359450.3068058,0.001844644546508789
91560,normal,2668,0,1782359450.3089333,0.002127408981323242
91561,normal,3123,1,1782359450.310934,0.0020008087158203125
91562,normal,1529,0,1782359450.3128264,0.0018923282623291016
91563,normal,481,0,1782359450.3149488,0.0021224021911621094
91564,normal,243,0,1782359450.3169415,0.0019927024841308594
91565,normal,2408,0,1782359450.3188286,0.0018870830535888672
91566,normal,1560,0,1782359450.3209722,0.0021436214447021484
91567,normal,3400,1,1782359450.3229809,0.002008676528930664
91568,normal,794,2,1782359450.3249226,0.001941680908203125
91569,normal,990,2,1782359450.3268297,0.0019071102142333984
91570,normal,1910,0,1782359450.3288193,0.001989603042602539
91571,normal,1926,0,1782359450.3308277,0.0020084381103515625
91572,normal,2849,0,1782359450.3328068,0.0019791126251220703
91573,normal,226,0,1782359450.3349109,0.002104043960571289
91574,normal,2439,0,1782359450.3367622,0.0018513202667236328
91575,normal,3508,0,1782359450.3388498,0.0020875930786132812
91576,normal,2400,0,1782359450.340795,0.0019452571868896484
91577,normal,3566,0,1782359450.3428555,0.002060413360595703
91578,normal,1062,0,1782359450.3447683,0.001912832260131836
91579,normal,2846,0,1782359450.3468587,0.0020904541015625
91580,normal,3700,0,1782359450.3488505,0.001991748809814453
91581,normal,2091,0,1782359450.3508883,0.0020377635955810547
91582,normal,3069,1,1782359450.35287,0.0019817352294921875
91583,normal,936,2,1782359450.3549507,0.002080678939819336
91584,normal,3320,1,1782359450.3568158,0.0018651485443115234
91585,normal,3590,0,1782359450.3588688,0.0020530223846435547
91586,normal,2317,0,1782359450.360806,0.0019371509552001953
91587,normal,2301,0,1782359450.3628602,0.0020542144775390625
91588,normal,1968,0,1782359450.3648572,0.0019969940185546875
91589,normal,814,2,1782359450.3668294,0.001972198486328125
91590,normal,1388,0,1782359450.3688476,0.0020182132720947266
91591,normal,2070,0,1782359450.370912,0.0020644664764404297
91592,normal,1808,0,1782359450.3728335,0.0019214153289794922
91593,normal,3403,0,1782359450.3749151,0.002081632614135742
91594,normal,1505,0,1782359450.3768673,0.0019521713256835938
91595,normal,2938,0,1782359450.3789675,0.002100229263305664
91596,normal,2621,0,1782359450.3808403,0.0018727779388427734
91597,normal,25,0,1782359450.3830068,0.0021665096282958984
91598,normal,3439,0,1782359450.3847957,0.0017888545989990234
91599,normal,108,0,1782359450.3869567,0.0021610260009765625
91600,normal,3058,1,1782359450.3889492,0.001992464065551758
91601,normal,1711,0,1782359450.3908632,0.0019140243530273438
91602,normal,2862,0,1782359450.3930273,0.002164125442504883
91603,normal,2705,0,1782359450.3949893,0.001961946487426758
91604,normal,2360,0,1782359450.3969026,0.001913309097290039
91605,normal,1125,0,1782359450.3989167,0.00201416015625
91606,normal,3232,1,1782359450.4010344,0.002117633819580078
91607,normal,2567,0,1782359450.4028652,0.0018308162689208984
91608,normal,653,0,1782359450.405068,0.002202749252319336
91609,normal,2425,0,1782359450.406938,0.0018701553344726562
91610,normal,819,2,1782359450.4087942,0.001856088638305664
91611,normal,3016,0,1782359450.41094,0.0021457672119140625
91612,normal,3413,0,1782359450.4129128,0.0019729137420654297
91613,normal,3195,1,1782359450.414825,0.0019121170043945312
91614,normal,1801,0,1782359450.4170296,0.0022046566009521484
91615,normal,10,0,1782359450.4189067,0.0018770694732666016
91616,normal,2870,0,1782359450.4208095,0.0019028186798095703
91617,normal,1663,0,1782359450.4229317,0.002122163772583008
91618,normal,813,2,1782359450.4249103,0.001978635787963867
91619,normal,672,0,1782359450.427216,0.002305746078491211
91620,normal,2405,0,1782359450.4290588,0.0018427371978759766
91621,normal,381,0,1782359450.4310083,0.0019495487213134766
91622,normal,1817,0,1782359450.4327862,0.0017778873443603516
91623,normal,289,0,1782359450.4349453,0.00215911865234375
91624,normal,3349,1,1782359450.4369388,0.001993417739868164
91625,normal,1913,0,1782359450.4387999,0.0018610954284667969
91626,normal,3433,0,1782359450.4411619,0.0023620128631591797
91627,normal,2067,0,1782359450.4429264,0.001764535903930664
91628,normal,1480,0,1782359450.44477,0.0018436908721923828
91629,normal,2834,0,1782359450.4469435,0.0021734237670898438
91630,normal,3436,0,1782359450.4489305,0.001986980438232422
91631,normal,1070,0,1782359450.4508078,0.0018773078918457031
91632,normal,387,0,1782359450.4532287,0.0024209022521972656
91633,normal,1453,0,1782359450.4550629,0.0018341541290283203
91634,normal,2404,0,1782359450.456902,0.0018391609191894531
91635,normal,3032,0,1782359450.4590437,0.002141714096069336
91636,normal,1351,1,1782359450.4610324,0.001988649368286133
91637,normal,2787,0,1782359450.4629087,0.0018763542175292969
91638,normal,830,2,1782359450.4649692,0.002060413360595703
91639,normal,343,0,1782359450.4671311,0.0021619796752929688
91640,normal,3128,1,1782359450.4689794,0.0018482208251953125
91641,normal,2199,0,1782359450.470909,0.0019297599792480469
91642,normal,3584,0,1782359450.4731433,0.002234220504760742
91643,normal,2248,0,1782359450.475108,0.001964569091796875
91644,normal,2665,0,1782359450.4769874,0.0018794536590576172
91645,normal,3671,0,1782359450.4789195,0.0019321441650390625
91646,normal,3226,1,1782359450.4807913,0.0018718242645263672
91647,normal,2337,0,1782359450.4829693,0.0021779537200927734
91648,normal,3489,0,1782359450.4849262,0.001956939697265625
91649,normal,1686,0,1782359450.486814,0.0018877983093261719
91650,normal,79,0,1782359450.48895,0.0021359920501708984
91651,normal,2852,0,1782359450.4909358,0.001985788345336914
91652,normal,755,0,1782359450.4928298,0.0018939971923828125
91653,normal,1753,0,1782359450.494978,0.002148151397705078
91654,normal,2778,0,1782359450.4969802,0.002002239227294922
91655,normal,1552,0,1782359450.4988523,0.0018720626831054688
91656,normal,3157,1,1782359450.5009427,0.0020904541015625
91657,normal,4,0,1782359450.5029361,0.001993417739868164
91658,normal,3287,1,1782359450.5048277,0.0018916130065917969
91659,normal,2873,0,1782359450.5071476,0.002319812774658203
91660,normal,3686,0,1782359450.5090032,0.001855611801147461
91661,normal,2860,0,1782359450.5107806,0.0017774105072021484
91662,normal,2669,0,1782359450.5129693,0.0021886825561523438
91663,normal,1189,0,1782359450.5148296,0.0018603801727294922
91664,normal,1358,1,1782359450.5169387,0.002109050750732422
91665,normal,258,0,1782359450.518852,0.001913309097290039
91666,normal,2349,0,1782359450.520951,0.0020990371704101562
91667,normal,920,2,1782359450.522807,0.0018558502197265625
91668,normal,1611,0,1782359450.5249894,0.002182483673095703
91669,normal,1071,0,1782359450.5269854,0.0019960403442382812
91670,normal,3373,1,1782359450.5287917,0.0018062591552734375
91671,normal,131,0,1782359450.5309482,0.002156496047973633
91672,normal,1932,0,1782359450.5329313,0.001983165740966797
91673,normal,3689,0,1782359450.5348048,0.0018734931945800781
91674,normal,2880,0,1782359450.5369525,0.002147674560546875
91675,normal,2804,0,1782359450.5389223,0.0019698143005371094
91676,normal,1702,0,1782359450.5408585,0.001936197280883789
91677,normal,1397,0,1782359450.5429966,0.0021381378173828125
91678,normal,1546,0,1782359450.54502,0.002023458480834961
91679,normal,623,0,1782359450.546821,0.0018010139465332031
91680,normal,3574,0,1782359450.5489697,0.0021486282348632812
91681,normal,1803,0,1782359450.5509348,0.001965045928955078
91682,normal,1088,0,1782359450.5527782,0.0018434524536132812
91683,normal,3212,1,1782359450.554966,0.0021877288818359375
91684,normal,582,0,1782359450.556898,0.0019321441650390625
91685,normal,1232,0,1782359450.5588388,0.0019407272338867188
91686,normal,2673,0,1782359450.5610106,0.002171754837036133
91687,normal,3522,0,1782359450.5629404,0.0019297599792480469
91688,normal,1134,0,1782359450.564835,0.0018947124481201172
91689,normal,283,0,1782359450.5670583,0.0022232532501220703
91690,normal,86,0,1782359450.5690038,0.00194549560546875
91691,normal,290,0,1782359450.5708873,0.0018835067749023438
91692,normal,3591,0,1782359450.5729008,0.0020134449005126953
91693,normal,1839,0,1782359450.5750232,0.0021224021911621094
91694,normal,2166,0,1782359450.5769796,0.001956462860107422
91695,normal,3074,1,1782359450.578838,0.0018584728240966797
91696,normal,2069,0,1782359450.5809174,0.0020792484283447266
91697,normal,3077,1,1782359450.5828106,0.0018932819366455078
91698,normal,3504,0,1782359450.5849373,0.0021266937255859375
91699,normal,961,2,1782359450.5870318,0.0020945072174072266
91700,normal,1465,0,1782359450.5887682,0.0017364025115966797
91701,normal,954,2,1782359450.590932,0.0021636486053466797
91702,normal,2098,0,1782359450.5928721,0.0019402503967285156
91703,normal,3597,0,1782359450.5948215,0.001949310302734375
91704,normal,2617,0,1782359450.5972095,0.00238800048828125
91705,normal,3684,0,1782359450.5990777,0.0018682479858398438
91706,normal,2371,0,1782359450.600862,0.0017843246459960938
91707,normal,227,0,1782359450.6029427,0.002080678939819336
91708,normal,3655,0,1782359450.6049156,0.0019729137420654297
91709,normal,2499,0,1782359450.6068316,0.0019159317016601562
91710,normal,1636,0,1782359450.6089582,0.0021266937255859375
91711,normal,758,0,1782359450.6110168,0.0020585060119628906
91712,normal,1274,0,1782359450.6127987,0.0017819404602050781
91713,normal,3460,0,1782359450.614973,0.00217437744140625
91714,normal,382,0,1782359450.6169124,0.0019392967224121094
91715,normal,1485,0,1782359450.6188176,0.001905202865600586
91716,normal,3301,1,1782359450.620949,0.0021314620971679688
91717,normal,1638,0,1782359450.6229324,0.0019834041595458984
91718,normal,3607,0,1782359450.6247957,0.001863241195678711
91719,normal,2644,0,1782359450.6271,0.0023043155670166016
91720,normal,1432,0,1782359450.629012,0.0019121170043945312
91721,normal,3266,1,1782359450.6308508,0.00183868408203125
91722,normal,504,0,1782359450.6330206,0.0021698474884033203
91723,normal,3451,0,1782359450.6350026,0.001981973648071289
91724,normal,1458,0,1782359450.636835,0.0018324851989746094
91725,normal,1177,0,1782359450.639092,0.0022568702697753906
91726,normal,331,0,1782359450.6411119,0.0020198822021484375
91727,normal,1329,1,1782359450.6428936,0.0017817020416259766
91728,normal,1903,0,1782359450.6449735,0.0020799636840820312
91729,normal,2055,0,1782359450.6470318,0.002058267593383789
91730,normal,2202,0,1782359450.64897,0.0019381046295166016
91731,normal,3311,1,1782359450.6508307,0.0018608570098876953
91732,normal,2582,0,1782359450.6529138,0.0020830631256103516
91733,normal,3116,1,1782359450.6548362,0.0019223690032958984
91734,normal,2145,0,1782359450.656965,0.0021288394927978516
91735,normal,1350,1,1782359450.6589272,0.0019621849060058594
91736,normal,842,2,1782359450.6607947,0.001867532730102539
91737,normal,2418,0,1782359450.6629367,0.0021419525146484375
91738,normal,1601,0,1782359450.6649055,0.001968860626220703
91739,normal,2395,0,1782359450.666862,0.001956462860107422
91740,normal,2752,0,1782359450.6689942,0.0021321773529052734
91741,normal,515,0,1782359450.6709728,0.001978635787963867
91742,normal,359,0,1782359450.6727788,0.001806020736694336
91743,normal,2021,0,1782359450.6749861,0.0022072792053222656
91744,normal,1428,0,1782359450.676966,0.001979827880859375
91745,normal,1382,0,1782359450.6788542,0.001888275146484375
91746,normal,261,0,1782359450.6809847,0.0021305084228515625
91747,normal,1950,0,1782359450.6829026,0.0019178390502929688
91748,normal,2775,0,1782359450.6848674,0.0019648075103759766
91749,normal,3550,0,1782359450.686962,0.0020945072174072266
91750,normal,1254,0,1782359450.6889436,0.0019817352294921875
91751,normal,2688,0,1782359450.6908092,0.0018656253814697266
91752,normal,2378,0,1782359450.6928332,0.002023935317993164
91753,normal,2810,0,1782359450.6949663,0.0021331310272216797
91754,normal,3678,0,1782359450.6968377,0.001871347427368164
91755,normal,3596,0,1782359450.6989791,0.0021414756774902344
91756,normal,1421,0,1782359450.7009335,0.001954317092895508
91757,normal,1315,0,1782359450.7027895,0.001856088638305664
91758,normal,2100,0,1782359450.7049656,0.002176046371459961
91759,normal,1361,1,1782359450.7069438,0.001978158950805664
91760,normal,411,0,1782359450.7087853,0.0018415451049804688
91761,normal,1578,0,1782359450.7109694,0.002184152603149414
91762,normal,2576,0,1782359450.7129555,0.0019860267639160156
91763,normal,2084,0,1782359450.7150226,0.002067089080810547
91764,normal,3271,1,1782359450.7168694,0.0018467903137207031
91765,normal,3515,0,1782359450.7189345,0.0020651817321777344
91766,normal,3376,1,1782359450.7208152,0.001880645751953125
91767,normal,667,0,1782359450.7229657,0.0021505355834960938
91768,normal,1816,0,1782359450.7249234,0.0019576549530029297
91769,normal,70,0,1782359450.726823,0.00189971923828125
91770,normal,1226,0,1782359450.7289424,0.002119302749633789
91771,normal,1790,0,1782359450.7309415,0.0019991397857666016
91772,normal,3278,1,1782359450.7328238,0.001882314682006836
91773,normal,2788,0,1782359450.7349796,0.002155780792236328
91774,normal,268,0,1782359450.736952,0.0019724369049072266
91775,normal,3260,1,1782359450.7388947,0.0019426345825195312
91776,normal,2171,0,1782359450.7410927,0.0021979808807373047
91777,normal,2365,0,1782359450.7429547,0.0018620491027832031
91778,normal,3673,0,1782359450.7448652,0.0019104480743408203
91779,normal,1156,0,1782359450.7470534,0.0021882057189941406
91780,normal,3387,1,1782359450.7490203,0.0019669532775878906
91781,normal,995,2,1782359450.7507803,0.0017600059509277344
91782,normal,3463,0,1782359450.7529435,0.0021631717681884766
91783,normal,1782,0,1782359450.7548985,0.0019550323486328125
91784,normal,399,0,1782359450.7568138,0.0019152164459228516
91785,normal,707,0,1782359450.7590022,0.002188444137573242
91786,normal,1888,0,1782359450.7609496,0.0019474029541015625
91787,normal,1805,0,1782359450.7627656,0.0018160343170166016
91788,normal,394,0,1782359450.764933,0.0021674633026123047
91789,normal,1036,0,1782359450.7668955,0.001962423324584961
91790,normal,365,0,1782359450.768815,0.0019195079803466797
91791,normal,3378,1,1782359450.7713487,0.0025336742401123047
91792,normal,2589,0,1782359450.7729824,0.0016336441040039062
91793,normal,942,2,1782359450.774795,0.0018126964569091797
91794,normal,1016,2,1782359450.776944,0.002148866653442383
91795,normal,1006,2,1782359450.778915,0.001971006393432617
91796,normal,119,0,1782359450.7808228,0.0019078254699707031
91797,normal,1385,0,1782359450.7830229,0.0022001266479492188
91798,normal,1624,0,1782359450.7849908,0.001967906951904297
91799,normal,19,0,1782359450.786797,0.0018062591552734375
91800,normal,1751,0,1782359450.7889402,0.0021431446075439453
91801,normal,511,0,1782359450.7909186,0.0019783973693847656
91802,normal,1615,0,1782359450.7928457,0.0019271373748779297
91803,normal,953,2,1782359450.79496,0.0021142959594726562
91804,normal,453,0,1782359450.7971506,0.0021905899047851562
91805,normal,2128,0,1782359450.7989235,0.0017728805541992188
91806,normal,313,0,1782359450.8009212,0.001997709274291992
91807,normal,1215,0,1782359450.8030145,0.0020933151245117188
91808,normal,59,0,1782359450.8048944,0.0018799304962158203
91809,normal,858,2,1782359450.8069117,0.0020172595977783203
91810,normal,2507,0,1782359450.809056,0.002144336700439453
91811,normal,1110,0,1782359450.8110306,0.0019745826721191406
91812,normal,3228,1,1782359450.8129623,0.0019316673278808594
91813,normal,3573,0,1782359450.8149366,0.001974344253540039
91814,normal,2443,0,1782359450.8169286,0.0019919872283935547
91815,normal,3471,0,1782359450.818977,0.002048492431640625
91816,normal,2509,0,1782359450.820948,0.0019707679748535156
91817,normal,27,0,1782359450.822817,0.00186920166015625
91818,normal,3469,0,1782359450.8249493,0.0021321773529052734
91819,normal,688,0,1782359450.8269348,0.0019855499267578125
91820,normal,1281,0,1782359450.8288069,0.0018720626831054688
91821,normal,1437,0,1782359450.8309653,0.0021584033966064453
91822,normal,2681,0,1782359450.8329258,0.0019605159759521484
91823,normal,712,0,1782359450.8348436,0.0019178390502929688
91824,normal,425,0,1782359450.8369849,0.002141237258911133
91825,normal,340,0,1782359450.8389792,0.0019943714141845703
91826,normal,337,0,1782359450.8408556,0.0018763542175292969
91827,normal,405,0,1782359450.842945,0.0020895004272460938
91828,normal,464,0,1782359450.8449154,0.0019702911376953125
91829,normal,2310,0,1782359450.8468666,0.0019512176513671875
91830,normal,930,2,1782359450.848994,0.002127408981323242
91831,normal,72,0,1782359450.850984,0.001990079879760742
91832,normal,483,0,1782359450.8527844,0.0018002986907958984
91833,normal,650,0,1782359450.854948,0.0021636486053466797
91834,normal,2777,0,1782359450.857005,0.0020568370819091797
91835,normal,684,0,1782359450.8587909,0.0017859935760498047
91836,normal,845,2,1782359450.8609457,0.002154827117919922
91837,normal,2054,0,1782359450.8629112,0.0019655227661132812
91838,normal,2266,0,1782359450.86483,0.001918792724609375
91839,normal,3249,1,1782359450.8669689,0.002138853073120117
91840,normal,2811,0,1782359450.868923,0.0019540786743164062
91841,normal,3595,0,1782359450.8708446,0.0019216537475585938
91842,normal,82,0,1782359450.8729525,0.002107858657836914
91843,normal,659,0,1782359450.8749247,0.001972198486328125
91844,normal,1754,0,1782359450.8768241,0.0018994808197021484
91845,normal,1005,2,1782359450.8789475,0.0021233558654785156
91846,normal,2745,0,1782359450.8808944,0.0019469261169433594
91847,normal,938,2,1782359450.8828337,0.0019392967224121094
91848,normal,2133,0,1782359450.8850877,0.002254009246826172
91849,normal,1237,0,1782359450.8870728,0.0019850730895996094
91850,normal,3258,1,1782359450.8889718,0.0018990039825439453
91851,normal,2484,0,1782359450.8908722,0.0019004344940185547
91852,normal,552,0,1782359450.8929374,0.0020651817321777344
91853,normal,76,0,1782359450.894818,0.001880645751953125
91854,normal,1890,0,1782359450.896975,0.002156972885131836
91855,normal,2826,0,1782359450.8989005,0.0019254684448242188
91856,normal,2512,0,1782359450.9008174,0.0019168853759765625
91857,normal,1195,0,1782359450.9029534,0.0021359920501708984
91858,normal,1143,0,1782359450.904923,0.001969575881958008
91859,normal,3076,1,1782359450.90697,0.0020470619201660156
91860,normal,2006,0,1782359450.9089158,0.0019457340240478516
91861,normal,3181,1,1782359450.9110298,0.0021140575408935547
91862,normal,820,2,1782359450.9128883,0.0018584728240966797
91863,normal,1709,0,1782359450.9149623,0.002074003219604492
91864,normal,2356,0,1782359450.9169643,0.0020020008087158203
91865,normal,2830,0,1782359450.9189212,0.001956939697265625
91866,normal,764,0,1782359450.921099,0.002177715301513672
91867,normal,2241,0,1782359450.9229598,0.0018608570098876953
91868,normal,2622,0,1782359450.9247766,0.0018167495727539062
91869,normal,2167,0,1782359450.9269416,0.002165079116821289
91870,normal,149,0,1782359450.928895,0.0019533634185791016
91871,normal,2799,0,1782359450.9309447,0.002049684524536133
91872,normal,632,0,1782359450.9328134,0.0018687248229980469
91873,normal,2426,0,1782359450.934899,0.0020856857299804688
91874,normal,3255,1,1782359450.9368064,0.0019073486328125
91875,normal,3342,1,1782359450.938936,0.0021295547485351562
91876,normal,3082,1,1782359450.9410741,0.0021381378173828125
91877,normal,2374,0,1782359450.943103,0.002028942108154297
91878,normal,1023,2,1782359450.9449227,0.001819610595703125
91879,normal,3358,1,1782359450.9469328,0.0020101070404052734
91880,normal,1762,0,1782359450.948802,0.00186920166015625
91881,normal,1745,0,1782359450.950969,0.0021669864654541016
91882,normal,318,0,1782359450.9529488,0.001979827880859375
91883,normal,137,0,1782359450.9551592,0.002210378646850586
91884,normal,1830,0,1782359450.9568942,0.0017349720001220703
91885,normal,3357,1,1782359450.9590292,0.002135038375854492
91886,normal,2540,0,1782359450.9609315,0.0019023418426513672
91887,normal,2252,0,1782359450.9630382,0.0021066665649414062
91888,normal,2539,0,1782359450.9651146,0.002076387405395508
91889,normal,1742,0,1782359450.9671674,0.002052783966064453
91890,normal,3496,0,1782359450.9689846,0.0018172264099121094
91891,normal,2413,0,1782359450.9711282,0.0021436214447021484
91892,normal,3509,0,1782359450.9728882,0.0017600059509277344
91893,normal,2748,0,1782359450.975123,0.0022346973419189453
91894,normal,3384,1,1782359450.9770632,0.0019402503967285156
91895,normal,3337,1,1782359450.978953,0.0018897056579589844
91896,normal,3464,0,1782359450.9811723,0.0022194385528564453
91897,normal,705,0,1782359450.9830842,0.0019118785858154297
91898,normal,3616,0,1782359450.984933,0.0018486976623535156
91899,normal,2239,0,1782359450.9869566,0.0020236968994140625
91900,normal,3045,1,1782359450.9892454,0.002288818359375
91901,normal,379,0,1782359450.991122,0.0018765926361083984
91902,normal,1028,2,1782359450.9928427,0.0017206668853759766
91903,normal,368,0,1782359450.9950213,0.002178668975830078
91904,normal,281,0,1782359450.996914,0.0018925666809082031
91905,normal,2677,0,1782359450.9990468,0.002132892608642578
91906,normal,584,0,1782359451.0010147,0.001967906951904297
91907,normal,2538,0,1782359451.002945,0.00193023681640625
91908,normal,2178,0,1782359451.0048213,0.0018763542175292969
91909,normal,2350,0,1782359451.0070148,0.002193450927734375
91910,normal,2469,0,1782359451.0088637,0.0018489360809326172
91911,normal,3267,1,1782359451.011081,0.0022172927856445312
91912,normal,960,2,1782359451.0130928,0.0020117759704589844
91913,normal,2501,0,1782359451.0150177,0.0019249916076660156
91914,normal,2042,0,1782359451.0169358,0.0019180774688720703
91915,normal,3375,1,1782359451.0190153,0.002079486846923828
91916,normal,1435,0,1782359451.020969,0.001953601837158203
91917,normal,1815,0,1782359451.0230963,0.002127408981323242
91918,normal,1898,0,1782359451.0249565,0.0018601417541503906
91919,normal,2706,0,1782359451.0269248,0.0019683837890625
91920,normal,1037,0,1782359451.0290284,0.002103567123413086
91921,normal,809,2,1782359451.030985,0.0019567012786865234
91922,normal,866,2,1782359451.0329208,0.001935720443725586
91923,normal,3221,1,1782359451.0350451,0.002124309539794922
91924,normal,1851,0,1782359451.0370698,0.0020246505737304688
91925,normal,3027,0,1782359451.0390956,0.0020258426666259766
91926,normal,972,2,1782359451.0409222,0.0018265247344970703
91927,normal,1761,0,1782359451.0430439,0.0021216869354248047
91928,normal,2820,0,1782359451.0448284,0.0017845630645751953
91929,normal,510,0,1782359451.0470364,0.0022079944610595703
91930,normal,846,2,1782359451.0489788,0.0019423961639404297
91931,normal,847,2,1782359451.0509136,0.0019347667694091797
91932,normal,747,0,1782359451.0530305,0.0021169185638427734
91933,normal,2183,0,1782359451.0550804,0.0020499229431152344
91934,normal,1858,0,1782359451.0570486,0.0019681453704833984
91935,normal,384,0,1782359451.0589705,0.0019218921661376953
91936,normal,1791,0,1782359451.0610442,0.0020737648010253906
91937,normal,154,0,1782359451.0630085,0.0019643306732177734
91938,normal,569,0,1782359451.0648675,0.0018589496612548828
91939,normal,3003,0,1782359451.0669909,0.0021233558654785156
91940,normal,3447,0,1782359451.0690064,0.0020155906677246094
91941,normal,3350,1,1782359451.0710375,0.002031087875366211
91942,normal,3026,0,1782359451.0729625,0.0019249916076660156
91943,normal,1518,0,1782359451.0749156,0.001953125
91944,normal,2513,0,1782359451.0770195,0.0021038055419921875
91945,normal,492,0,1782359451.0791383,0.002118825912475586
91946,normal,1292,0,1782359451.0808728,0.0017344951629638672
91947,normal,329,0,1782359451.082994,0.0021212100982666016
91948,normal,322,0,1782359451.0850887,0.002094745635986328
91949,normal,224,0,1782359451.0871441,0.0020554065704345703
91950,normal,1841,0,1782359451.0890157,0.0018715858459472656
91951,normal,1826,0,1782359451.0910964,0.002080678939819336
91952,normal,520,0,1782359451.0930293,0.0019328594207763672
91953,normal,1199,0,1782359451.09501,0.0019807815551757812
91954,normal,881,2,1782359451.0969698,0.0019598007202148438
91955,normal,3639,0,1782359451.0989125,0.0019426345825195312
91956,normal,3408,0,1782359451.1010172,0.0021047592163085938
91957,normal,3470,0,1782359451.1031115,0.002094268798828125
91958,normal,1727,0,1782359451.1049557,0.001844167709350586
91959,normal,3479,0,1782359451.1070142,0.0020585060119628906
91960,normal,170,0,1782359451.109052,0.0020377635955810547
91961,normal,2261,0,1782359451.110785,0.0017330646514892578
91962,normal,1252,0,1782359451.1129692,0.002184152603149414
91963,normal,2270,0,1782359451.1154726,0.0025033950805664062
91964,normal,770,0,1782359451.117029,0.001556396484375
91965,normal,485,0,1782359451.1187649,0.0017359256744384766
91966,normal,34,0,1782359451.1207907,0.0020258426666259766
91967,normal,1280,0,1782359451.1227334,0.0019426345825195312
91968,normal,438,0,1782359451.1248353,0.002101898193359375
91969,normal,84,0,1782359451.1268702,0.002034902572631836
91970,normal,328,0,1782359451.128832,0.001961946487426758
91971,normal,3537,0,1782359451.1308198,0.0019876956939697266
91972,normal,959,2,1782359451.132754,0.0019342899322509766
91973,normal,2305,0,1782359451.134814,0.0020599365234375
91974,normal,877,2,1782359451.1368334,0.0020194053649902344
91975,normal,374,0,1782359451.1387508,0.0019173622131347656
91976,normal,3072,1,1782359451.140928,0.0021772384643554688
91977,normal,2474,0,1782359451.1428897,0.0019617080688476562
91978,normal,2346,0,1782359451.144826,0.001936197280883789
91979,normal,2684,0,1782359451.1468203,0.0019943714141845703
91980,normal,367,0,1782359451.1489122,0.0020918846130371094
91981,normal,1967,0,1782359451.1508396,0.0019273757934570312
91982,normal,1276,0,1782359451.1527824,0.0019428730010986328
91983,normal,1269,0,1782359451.1550016,0.0022192001342773438
91984,normal,2379,0,1782359451.15691,0.0019083023071289062
91985,normal,1040,0,1782359451.158754,0.001844167709350586
91986,normal,1011,2,1782359451.1609118,0.0021576881408691406
91987,normal,957,2,1782359451.1629255,0.002013683319091797
91988,normal,1346,1,1782359451.1647632,0.0018377304077148438
91989,normal,2189,0,1782359451.1668262,0.0020630359649658203
91990,normal,3519,0,1782359451.168744,0.0019178390502929688
91991,normal,341,0,1782359451.1708324,0.002088308334350586
91992,normal,1109,0,1782359451.1727407,0.0019083023071289062
91993,normal,427,0,1782359451.174763,0.002022266387939453
91994,normal,3562,0,1782359451.1768246,0.002061605453491211
91995,normal,145,0,1782359451.1788273,0.002002716064453125
91996,normal,1478,0,1782359451.180801,0.0019736289978027344
91997,normal,100,0,1782359451.182816,0.0020151138305664062
91998,normal,701,0,1782359451.1848962,0.002080202102661133
91999,normal,1175,0,1782359451.1867616,0.001865386962890625
92000,normal,88,0,1782359451.1888504,0.002088785171508789
92001,normal,3677,0,1782359451.1907675,0.001917123794555664
92002,normal,1931,0,1782359451.1928158,0.0020482540130615234
92003,normal,2466,0,1782359451.195034,0.0022182464599609375
92004,normal,3238,1,1782359451.1968586,0.0018246173858642578
92005,normal,2832,0,1782359451.198773,0.0019142627716064453
92006,normal,3572,0,1782359451.200849,0.0020761489868164062
92007,normal,35,0,1782359451.2027369,0.0018877983093261719
92008,normal,2597,0,1782359451.2048259,0.0020890235900878906
92009,normal,311,0,1782359451.2070587,0.002232789993286133
92010,normal,1896,0,1782359451.20885,0.001791238784790039
92011,normal,508,0,1782359451.210937,0.002087116241455078
92012,normal,21,0,1782359451.2128954,0.0019583702087402344
92013,normal,206,0,1782359451.2149556,0.0020601749420166016
92014,normal,3568,0,1782359451.2169392,0.001983642578125
92015,normal,2168,0,1782359451.2188075,0.0018682479858398438
92016,normal,1878,0,1782359451.2209427,0.0021352767944335938
92017,normal,926,2,1782359451.2229333,0.0019905567169189453
92018,normal,539,0,1782359451.2248082,0.0018749237060546875
92019,normal,353,0,1782359451.2269742,0.0021660327911376953
92020,normal,1643,0,1782359451.2289565,0.0019822120666503906
92021,normal,2049,0,1782359451.2309117,0.001955270767211914
92022,normal,2694,0,1782359451.232953,0.002041339874267578
92023,normal,3570,0,1782359451.2349586,0.0020055770874023438
92024,normal,950,2,1782359451.2368262,0.001867532730102539
92025,normal,3024,0,1782359451.2389238,0.002097606658935547
92026,normal,2316,0,1782359451.2409225,0.0019986629486083984
92027,normal,963,2,1782359451.242797,0.0018744468688964844
92028,normal,967,2,1782359451.244939,0.002142190933227539
92029,normal,723,0,1782359451.2469769,0.0020377635955810547
92030,normal,825,2,1782359451.2488322,0.0018553733825683594
92031,normal,302,0,1782359451.250992,0.0021598339080810547
92032,normal,2163,0,1782359451.2529733,0.0019812583923339844
92033,normal,41,0,1782359451.254894,0.0019207000732421875
92034,normal,952,2,1782359451.2570364,0.0021424293518066406
92035,normal,823,2,1782359451.258983,0.0019464492797851562
92036,normal,2882,0,1782359451.2609482,0.0019652843475341797
92037,normal,2514,0,1782359451.2629623,0.00201416015625
92038,normal,452,0,1782359451.2648318,0.0018694400787353516
92039,normal,2275,0,1782359451.266788,0.0019562244415283203
92040,normal,2031,0,1782359451.2689323,0.002144336700439453
92041,normal,1605,0,1782359451.270926,0.0019936561584472656
92042,normal,1083,0,1782359451.2729042,0.001978158950805664
92043,normal,2672,0,1782359451.2747912,0.0018870830535888672
92044,normal,1464,0,1782359451.2769208,0.0021295547485351562
92045,normal,2357,0,1782359451.2787871,0.0018663406372070312
92046,normal,3119,1,1782359451.2809107,0.002123594284057617
92047,normal,2419,0,1782359451.283357,0.0024461746215820312
92048,normal,731,0,1782359451.285071,0.0017139911651611328
92049,normal,2732,0,1782359451.2868445,0.0017735958099365234
92050,normal,1271,0,1782359451.2889261,0.002081632614135742
92051,normal,204,0,1782359451.2908046,0.001878499984741211
92052,normal,1778,0,1782359451.2929251,0.002120494842529297
92053,normal,2581,0,1782359451.2949884,0.002063274383544922
92054,normal,2044,0,1782359451.29682,0.0018315315246582031
92055,normal,2600,0,1782359451.2989566,0.002136707305908203
92056,normal,808,2,1782359451.3009417,0.0019850730895996094
92057,normal,17,0,1782359451.3027983,0.0018565654754638672
92058,normal,2039,0,1782359451.3049335,0.0021352767944335938
92059,normal,1917,0,1782359451.3069515,0.002017974853515625
92060,normal,773,2,1782359451.3088222,0.0018706321716308594
92061,normal,3153,1,1782359451.3111138,0.0022916793823242188
92062,normal,1653,0,1782359451.3131156,0.0020017623901367188
92063,normal,2381,0,1782359451.3148477,0.0017321109771728516
92064,normal,909,2,1782359451.3170211,0.0021734237670898438
92065,normal,832,2,1782359451.3189793,0.001958131790161133
92066,normal,2982,0,1782359451.3209054,0.0019261837005615234
92067,normal,576,0,1782359451.3229535,0.002048015594482422
92068,normal,834,2,1782359451.325141,0.002187490463256836
92069,normal,426,0,1782359451.3269715,0.0018305778503417969
92070,normal,151,0,1782359451.3289008,0.0019292831420898438
92071,normal,2928,0,1782359451.3309126,0.0020117759704589844
92072,normal,2152,0,1782359451.3329813,0.002068758010864258
92073,normal,1939,0,1782359451.3349962,0.0020148754119873047
92074,normal,2255,0,1782359451.336816,0.0018198490142822266
92075,normal,143,0,1782359451.3389385,0.0021224021911621094
92076,normal,215,0,1782359451.340797,0.0018584728240966797
92077,normal,1509,0,1782359451.342947,0.0021500587463378906
92078,normal,3295,1,1782359451.3448067,0.0018596649169921875
92079,normal,1413,0,1782359451.3469234,0.002116680145263672
92080,normal,1930,0,1782359451.348884,0.00196075439453125
92081,normal,1567,0,1782359451.3508506,0.0019664764404296875
92082,normal,1118,0,1782359451.3529146,0.0020639896392822266
92083,normal,1093,0,1782359451.35486,0.00194549560546875
92084,normal,1908,0,1782359451.3568296,0.001969575881958008
92085,normal,983,2,1782359451.3588336,0.002003908157348633
92086,normal,1221,0,1782359451.3607767,0.0019431114196777344
92087,normal,1469,0,1782359451.3628392,0.002062559127807617
92088,normal,1403,0,1782359451.3648043,0.001965045928955078
92089,normal,2868,0,1782359451.3668015,0.001997232437133789
92090,normal,40,0,1782359451.3687527,0.0019512176513671875
92091,normal,3577,0,1782359451.3708055,0.002052783966064453
92092,normal,2995,0,1782359451.3727732,0.0019676685333251953
92093,normal,196,0,1782359451.3747952,0.0020220279693603516
92094,normal,1860,0,1782359451.3768382,0.002043008804321289
92095,normal,2918,0,1782359451.3789732,0.002135038375854492
92096,normal,2796,0,1782359451.380806,0.001832723617553711
92097,normal,2123,0,1782359451.3828578,0.002051830291748047
92098,normal,264,0,1782359451.3848414,0.001983642578125
92099,normal,3453,0,1782359451.386764,0.001922607421875
92100,normal,1670,0,1782359451.388807,0.002043008804321289
92101,normal,1870,0,1782359451.3907723,0.0019652843475341797
92102,normal,3223,1,1782359451.3928034,0.002031087875366211
92103,normal,1704,0,1782359451.3948023,0.0019989013671875
92104,normal,3242,1,1782359451.3967593,0.001956939697265625
92105,normal,1905,0,1782359451.398829,0.002069711685180664
92106,normal,1729,0,1782359451.4007974,0.0019683837890625
92107,normal,252,0,1782359451.4028003,0.0020029544830322266
92108,normal,3654,0,1782359451.404776,0.0019757747650146484
92109,normal,422,0,1782359451.4068189,0.0020427703857421875
92110,normal,199,0,1782359451.4087844,0.0019655227661132812
92111,normal,3127,1,1782359451.410757,0.001972675323486328
92112,normal,176,0,1782359451.4128013,0.002044200897216797
92113,normal,1299,0,1782359451.4147587,0.001957416534423828
92114,normal,3293,1,1782359451.4168086,0.0020499229431152344
92115,normal,2731,0,1782359451.4188085,0.0019998550415039062
92116,normal,3335,1,1782359451.4207792,0.0019707679748535156
92117,normal,3275,1,1782359451.422789,0.002009868621826172
92118,normal,876,2,1782359451.4248397,0.002050638198852539
92119,normal,798,2,1782359451.4267943,0.0019545555114746094
92120,normal,2319,0,1782359451.428787,0.0019927024841308594
92121,normal,1289,0,1782359451.4308493,0.0020623207092285156
92122,normal,1319,1,1782359451.432812,0.0019626617431640625
92123,normal,2638,0,1782359451.4348469,0.002034902572631836
92124,normal,2976,0,1782359451.4368002,0.0019533634185791016
92125,normal,3551,0,1782359451.438762,0.0019617080688476562
92126,normal,2343,0,1782359451.4407933,0.0020313262939453125
92127,normal,1267,0,1782359451.4427931,0.0019998550415039062
92128,normal,101,0,1782359451.444784,0.001990795135498047
92129,normal,3417,0,1782359451.446759,0.0019750595092773438
92130,normal,1284,0,1782359451.448794,0.002034902572631836
92131,normal,1542,0,1782359451.4507587,0.0019648075103759766
92132,normal,2078,0,1782359451.452787,0.002028226852416992
92133,normal,378,0,1782359451.4548037,0.002016782760620117
92134,normal,3697,0,1782359451.457144,0.0023403167724609375
92135,normal,3705,0,1782359451.458855,0.0017108917236328125
92136,normal,3445,0,1782359451.4608185,0.0019636154174804688
92137,normal,3547,0,1782359451.4627712,0.0019526481628417969
92138,normal,3007,0,1782359451.464796,0.0020248889923095703
92139,normal,1059,0,1782359451.4668005,0.002004384994506836
92140,normal,1487,0,1782359451.4688013,0.0020008087158203125
92141,normal,3626,0,1782359451.4707913,0.001990079879760742
92142,normal,740,0,1782359451.4727945,0.002003192901611328
92143,normal,2366,0,1782359451.4747605,0.0019659996032714844
92144,normal,3356,1,1782359451.4767985,0.0020380020141601562
92145,normal,2968,0,1782359451.4788058,0.0020072460174560547
92146,normal,1835,0,1782359451.4807792,0.001973390579223633
92147,normal,3695,0,1782359451.4829602,0.0021810531616210938
92148,normal,172,0,1782359451.4848158,0.001855611801147461
92149,normal,1947,0,1782359451.4868171,0.0020012855529785156
92150,normal,2473,0,1782359451.4888177,0.002000570297241211
92151,normal,51,0,1782359451.4908328,0.0020151138305664062
92152,normal,1985,0,1782359451.4928067,0.001973867416381836
92153,normal,2559,0,1782359451.4948156,0.0020089149475097656
92154,normal,3309,1,1782359451.4969573,0.002141714096069336
92155,normal,1744,0,1782359451.498858,0.0019006729125976562
92156,normal,988,2,1782359451.5007825,0.0019245147705078125
92157,normal,670,0,1782359451.5028644,0.0020818710327148438
92158,normal,1594,0,1782359451.5048664,0.0020020008087158203
92159,normal,2470,0,1782359451.5067704,0.0019040107727050781
92160,normal,1969,0,1782359451.5088,0.0020296573638916016
92161,normal,702,0,1782359451.510766,0.0019659996032714844
92162,normal,499,0,1782359451.5128157,0.002049684524536133
92163,normal,1866,0,1782359451.5148215,0.0020058155059814453
92164,normal,2530,0,1782359451.5167804,0.0019588470458984375
92165,normal,3005,0,1782359451.5188065,0.002026081085205078
92166,normal,124,0,1782359451.52077,0.0019636154174804688
92167,normal,3164,1,1782359451.5227816,0.002011537551879883
92168,normal,2867,0,1782359451.524977,0.0021953582763671875
92169,normal,2344,0,1782359451.5269055,0.001928567886352539
92170,normal,973,2,1782359451.5287883,0.001882791519165039
92171,normal,2687,0,1782359451.5307755,0.0019872188568115234
92172,normal,1850,0,1782359451.5328526,0.0020771026611328125
92173,normal,2459,0,1782359451.5348134,0.00196075439453125
92174,normal,3610,0,1782359451.5368736,0.0020601749420166016
92175,normal,506,0,1782359451.5387902,0.001916646957397461
92176,normal,2427,0,1782359451.5407987,0.0020084381103515625
92177,normal,3340,1,1782359451.542804,0.002005338668823242
92178,normal,2614,0,1782359451.544809,0.0020051002502441406
92179,normal,746,0,1782359451.546778,0.001968860626220703
92180,normal,2721,0,1782359451.5488207,0.0020427703857421875
92181,normal,2465,0,1782359451.5507708,0.0019500255584716797
92182,normal,1596,0,1782359451.5527737,0.0020029544830322266
92183,normal,3454,0,1782359451.5548112,0.002037525177001953
92184,normal,2749,0,1782359451.5569715,0.002160310745239258
92185,normal,2290,0,1782359451.5587428,0.0017712116241455078
92186,normal,1867,0,1782359451.5608156,0.0020728111267089844
92187,normal,272,0,1782359451.5627975,0.001981973648071289
92188,normal,1825,0,1782359451.564762,0.001964569091796875
92189,normal,1213,0,1782359451.5667984,0.0020363330841064453
92190,normal,1794,0,1782359451.5688002,0.0020017623901367188
92191,normal,1882,0,1782359451.5707936,0.001993417739868164
92192,normal,1566,0,1782359451.5727925,0.0019989013671875
92193,normal,3370,1,1782359451.5748417,0.0020492076873779297
92194,normal,2842,0,1782359451.5768015,0.0019598007202148438
92195,normal,1892,0,1782359451.5787725,0.001971006393432617
92196,normal,2082,0,1782359451.580811,0.0020384788513183594
92197,normal,567,0,1782359451.5828083,0.001997232437133789
92198,normal,3303,1,1782359451.5847986,0.0019903182983398438
92199,normal,3524,0,1782359451.586795,0.0019965171813964844
92200,normal,419,0,1782359451.588757,0.001961946487426758
92201,normal,1767,0,1782359451.5907948,0.0020377635955810547
92202,normal,1698,0,1782359451.59285,0.0020551681518554688
92203,normal,729,0,1782359451.5947874,0.0019373893737792969
92204,normal,529,0,1782359451.596837,0.002049684524536133
92205,normal,1513,0,1782359451.5988429,0.0020058155059814453
92206,normal,1418,0,1782359451.6009204,0.0020775794982910156
92207,normal,1665,0,1782359451.6027465,0.0018260478973388672
92208,normal,23,0,1782359451.6048715,0.0021250247955322266
92209,normal,3113,1,1782359451.6068094,0.0019378662109375
92210,normal,2410,0,1782359451.6088006,0.00199127197265625
92211,normal,744,0,1782359451.6107643,0.0019636154174804688
92212,normal,1240,0,1782359451.612754,0.0019898414611816406
92213,normal,327,0,1782359451.614812,0.002057790756225586
92214,normal,3196,1,1782359451.6168294,0.002017498016357422
92215,normal,1723,0,1782359451.6187727,0.001943349838256836
92216,normal,2845,0,1782359451.6208096,0.0020368099212646484
92217,normal,1708,0,1782359451.622801,0.0019915103912353516
92218,normal,1229,0,1782359451.6247633,0.0019621849060058594
92219,normal,603,0,1782359451.6269126,0.002149343490600586
92220,normal,917,2,1782359451.6291218,0.002209186553955078
92221,normal,524,0,1782359451.630825,0.0017032623291015625
92222,normal,2884,0,1782359451.632763,0.0019378662109375
92223,normal,3333,1,1782359451.6347942,0.0020313262939453125
92224,normal,2191,0,1782359451.6367698,0.001975536346435547
92225,normal,3407,0,1782359451.638801,0.0020313262939453125
92226,normal,2025,0,1782359451.6408548,0.0020537376403808594
92227,normal,1522,0,1782359451.6427758,0.001920938491821289
92228,normal,158,0,1782359451.6447768,0.002001047134399414
92229,normal,267,0,1782359451.6467938,0.0020170211791992188
92230,normal,1291,0,1782359451.6487708,0.0019769668579101562
92231,normal,535,0,1782359451.6507943,0.002023458480834961
92232,normal,2520,0,1782359451.652805,0.002010822296142578
92233,normal,3644,0,1782359451.6548905,0.002085447311401367
92234,normal,216,0,1782359451.656857,0.0019664764404296875
92235,normal,2377,0,1782359451.658829,0.0019719600677490234
92236,normal,2986,0,1782359451.6608136,0.0019845962524414062
92237,normal,1363,1,1782359451.6628256,0.002012014389038086
92238,normal,505,0,1782359451.664824,0.001998424530029297
92239,normal,339,0,1782359451.6668367,0.0020127296447753906
92240,normal,136,0,1782359451.6688669,0.0020301342010498047
92241,normal,2254,0,1782359451.6708167,0.0019497871398925781
92242,normal,2312,0,1782359451.6727805,0.0019638538360595703
92243,normal,2915,0,1782359451.6748512,0.0020706653594970703
92244,normal,1512,0,1782359451.6769037,0.0020525455474853516
92245,normal,249,0,1782359451.6787536,0.0018498897552490234
92246,normal,1845,0,1782359451.6807983,0.002044677734375
92247,normal,2921,0,1782359451.682829,0.002030611038208008
92248,normal,2479,0,1782359451.6847982,0.0019693374633789062
92249,normal,2057,0,1782359451.6867917,0.001993417739868164
92250,normal,2944,0,1782359451.688865,0.0020732879638671875
92251,normal,1614,0,1782359451.690802,0.0019371509552001953
92252,normal,3617,0,1782359451.692812,0.002009868621826172
92253,normal,236,0,1782359451.694788,0.00197601318359375
92254,normal,3467,0,1782359451.6968167,0.0020287036895751953
92255,normal,3426,0,1782359451.6988227,0.002006053924560547
92256,normal,1142,0,1782359451.700768,0.0019452571868896484
92257,normal,1302,0,1782359451.7027907,0.0020227432250976562
92258,normal,3498,0,1782359451.7048023,0.002011537551879883
92259,normal,3643,0,1782359451.7068427,0.002040386199951172
92260,normal,2201,0,1782359451.7088182,0.001975536346435547
92261,normal,1384,0,1782359451.7107592,0.0019409656524658203
92262,normal,1370,1,1782359451.7127976,0.0020384788513183594
92263,normal,266,0,1782359451.7147763,0.001978635787963867
92264,normal,2800,0,1782359451.7167995,0.0020232200622558594
92265,normal,297,0,1782359451.7188094,0.002009868621826172
92266,normal,410,0,1782359451.7207627,0.0019533634185791016
92267,normal,2464,0,1782359451.7228122,0.0020494461059570312
92268,normal,2588,0,1782359451.724814,0.0020017623901367188
92269,normal,3535,0,1782359451.726778,0.001964092254638672
92270,normal,1380,1,1782359451.7288055,0.0020275115966796875
92271,normal,1153,0,1782359451.7308018,0.001996278762817383
92272,normal,2996,0,1782359451.7327578,0.0019559860229492188
92273,normal,1492,0,1782359451.7348022,0.0020444393157958984
92274,normal,2635,0,1782359451.7368188,0.0020165443420410156
92275,normal,785,2,1782359451.738762,0.0019431114196777344
92276,normal,1438,0,1782359451.7408109,0.002048969268798828
92277,normal,2945,0,1782359451.7428195,0.002008676528930664
92278,normal,2885,0,1782359451.7447855,0.0019659996032714844
92279,normal,2798,0,1782359451.7468042,0.0020186901092529297
92280,normal,497,0,1782359451.7491045,0.002300262451171875
92281,normal,2518,0,1782359451.7509954,0.0018908977508544922
92282,normal,2287,0,1782359451.7528374,0.0018420219421386719
92283,normal,162,0,1782359451.7555993,0.0027618408203125
92284,normal,2713,0,1782359451.7567475,0.001148223876953125
92285,normal,1995,0,1782359451.7588327,0.0020852088928222656
92286,normal,3126,1,1782359451.7607894,0.0019567012786865234
92287,normal,3204,1,1782359451.7627902,0.0020008087158203125
92288,normal,1253,0,1782359451.7649097,0.0021195411682128906
92289,normal,3608,0,1782359451.766885,0.0019752979278564453
92290,normal,1165,0,1782359451.7689161,0.002031087875366211
92291,normal,1279,0,1782359451.7709253,0.002009153366088867
92292,normal,1003,2,1782359451.7728686,0.001943349838256836
92293,normal,686,0,1782359451.7749286,0.0020599365234375
92294,normal,2,0,1782359451.777004,0.0020754337310791016
92295,normal,1800,0,1782359451.779036,0.002032041549682617
92296,normal,3306,1,1782359451.78108,0.0020439624786376953
92297,normal,1157,0,1782359451.783084,0.002003908157348633
92298,normal,2240,0,1782359451.7849288,0.0018448829650878906
92299,normal,2302,0,1782359451.787282,0.002353191375732422
92300,normal,719,0,1782359451.7888346,0.001552581787109375
92301,normal,640,0,1782359451.790907,0.0020723342895507812
92302,normal,3543,0,1782359451.7928011,0.001894235610961914
92303,normal,1586,0,1782359451.7948093,0.002008199691772461
92304,normal,1173,0,1782359451.7969465,0.0021371841430664062
92305,normal,1334,1,1782359451.7988188,0.0018723011016845703
92306,normal,618,0,1782359451.8008475,0.0020287036895751953
92307,normal,826,2,1782359451.8030984,0.0022509098052978516
92308,normal,1565,0,1782359451.8049076,0.0018091201782226562
92309,normal,680,0,1782359451.8069828,0.0020751953125
92310,normal,2964,0,1782359451.8091912,0.0022084712982177734
92311,normal,61,0,1782359451.8111775,0.001986265182495117
92312,normal,2162,0,1782359451.8128645,0.0016870498657226562
92313,normal,587,0,1782359451.8149655,0.0021009445190429688
92314,normal,130,0,1782359451.8169634,0.0019979476928710938
92315,normal,1916,0,1782359451.819097,0.002133607864379883
92316,normal,2141,0,1782359451.8208897,0.0017926692962646484
92317,normal,2196,0,1782359451.8232088,0.0023190975189208984
92318,normal,743,0,1782359451.825061,0.001852273941040039
92319,normal,2217,0,1782359451.8270435,0.001982450485229492
92320,normal,750,0,1782359451.8290715,0.0020279884338378906
92321,normal,2411,0,1782359451.830974,0.0019025802612304688
92322,normal,1024,2,1782359451.8329945,0.0020203590393066406
92323,normal,3091,1,1782359451.835144,0.0021495819091796875
92324,normal,1650,0,1782359451.837395,0.0022509098052978516
92325,normal,1937,0,1782359451.8390298,0.001634836196899414
92326,normal,642,0,1782359451.8412602,0.002230405807495117
92327,normal,767,0,1782359451.8428907,0.001630544662475586
92328,normal,2790,0,1782359451.845091,0.0022003650665283203
92329,normal,2741,0,1782359451.8470483,0.0019571781158447266
92330,normal,68,0,1782359451.8488636,0.0018153190612792969
92331,normal,57,0,1782359451.8511002,0.002236604690551758
92332,normal,363,0,1782359451.8544538,0.003353595733642578
92333,normal,3115,1,1782359451.8553667,0.0009129047393798828
92334,normal,2292,0,1782359451.857146,0.001779317855834961
92335,normal,0,0,1782359451.8600147,0.00286865234375
92336,normal,3621,0,1782359451.8607934,0.0007786750793457031
92337,normal,503,0,1782359451.8630152,0.002221822738647461
92338,normal,1114,0,1782359451.8649187,0.001903533935546875
92339,normal,1204,0,1782359451.8668401,0.0019214153289794922
92340,normal,1256,0,1782359451.869145,0.0023047924041748047
92341,normal,2855,0,1782359451.8710532,0.0019083023071289062
92342,normal,935,2,1782359451.8730958,0.002042531967163086
92343,normal,3218,1,1782359451.8750331,0.0019373893737792969
92344,normal,109,0,1782359451.8772333,0.0022001266479492188
92345,normal,3037,0,1782359451.878928,0.0016946792602539062
92346,normal,860,2,1782359451.881207,0.002279043197631836
92347,normal,295,0,1782359451.8830342,0.001827239990234375
92348,normal,774,2,1782359451.885256,0.002221822738647461
92349,normal,3657,0,1782359451.8869896,0.001733541488647461
92350,normal,2461,0,1782359451.889176,0.002186298370361328
92351,normal,1694,0,1782359451.8909857,0.001809835433959961
92352,normal,2556,0,1782359451.893187,0.0022013187408447266
92353,normal,3239,1,1782359451.894991,0.0018038749694824219
92354,normal,3394,1,1782359451.896989,0.0019981861114501953
92355,normal,2142,0,1782359451.8990626,0.002073526382446289
92356,normal,1759,0,1782359451.9009695,0.0019068717956542969
92357,normal,1748,0,1782359451.9030392,0.002069711685180664
92358,normal,1574,0,1782359451.9049232,0.0018839836120605469
92359,normal,2719,0,1782359451.907098,0.002174854278564453
92360,normal,2984,0,1782359451.908884,0.0017859935760498047
92361,normal,2222,0,1782359451.9109936,0.002109527587890625
92362,normal,436,0,1782359451.9129896,0.0019960403442382812
92363,normal,2198,0,1782359451.9149604,0.0019707679748535156
92364,normal,1789,0,1782359451.9168618,0.001901388168334961
92365,normal,762,0,1782359451.919208,0.0023462772369384766
92366,normal,2361,0,1782359451.920999,0.0017910003662109375
92367,normal,2623,0,1782359451.9231648,0.0021657943725585938
92368,normal,3456,0,1782359451.9252546,0.0020897388458251953
92369,normal,1716,0,1782359451.9270144,0.0017597675323486328
92370,normal,937,2,1782359451.928959,0.0019445419311523438
92371,normal,2634,0,1782359451.9309027,0.001943826675415039
92372,normal,2866,0,1782359451.9330845,0.0021817684173583984
92373,normal,1827,0,1782359451.934951,0.0018665790557861328
92374,normal,507,0,1782359451.937145,0.002193927764892578
92375,normal,2206,0,1782359451.9389343,0.0017893314361572266
92376,normal,1355,1,1782359451.9411848,0.0022504329681396484
92377,normal,656,0,1782359451.9432378,0.0020530223846435547
92378,normal,3282,1,1782359451.944911,0.0016732215881347656
92379,normal,3495,0,1782359451.947205,0.0022940635681152344
92380,normal,682,0,1782359451.9490418,0.0018367767333984375
92381,normal,494,0,1782359451.9512014,0.002159595489501953
92382,normal,3528,0,1782359451.9530604,0.0018589496612548828
92383,normal,2816,0,1782359451.9552824,0.0022220611572265625
92384,normal,2554,0,1782359451.9571052,0.0018227100372314453
92385,normal,209,0,1782359451.9591076,0.0020024776458740234
92386,normal,1184,0,1782359451.961184,0.002076387405395508
92387,normal,177,0,1782359451.963152,0.001967906951904297
92388,normal,2608,0,1782359451.9652057,0.0020537376403808594
92389,normal,878,2,1782359451.9669602,0.0017545223236083984
92390,normal,1268,0,1782359451.969074,0.002113819122314453
92391,normal,519,0,1782359451.971043,0.0019690990447998047
92392,normal,1082,0,1782359451.9732766,0.0022335052490234375
92393,normal,184,0,1782359451.9752269,0.0019502639770507812
92394,normal,710,0,1782359451.9771254,0.0018985271453857422
92395,normal,246,0,1782359451.9790788,0.0019533634185791016
92396,normal,179,0,1782359451.9811945,0.0021157264709472656
92397,normal,3109,1,1782359451.98311,0.0019154548645019531
92398,normal,989,2,1782359451.9851055,0.001995563507080078
92399,normal,1707,0,1782359451.9868524,0.0017468929290771484
92400,normal,810,2,1782359451.98957,0.0027174949645996094
92401,normal,3345,1,1782359451.9912946,0.0017247200012207031
92402,normal,2030,0,1782359451.9930289,0.0017342567443847656
92403,normal,782,2,1782359451.9952035,0.0021746158599853516
92404,normal,1339,1,1782359451.997027,0.00182342529296875
92405,normal,294,0,1782359451.9989858,0.0019588470458984375
92406,normal,3650,0,1782359452.0011358,0.0021500587463378906
92407,normal,3254,1,1782359452.002892,0.0017561912536621094
92408,normal,1131,0,1782359452.0054786,0.0025866031646728516
92409,normal,1337,1,1782359452.0073414,0.0018627643585205078
92410,normal,1283,0,1782359452.0093415,0.002000093460083008
92411,normal,1000,2,1782359452.0110614,0.0017199516296386719
92412,normal,1989,0,1782359452.012996,0.0019345283508300781
92413,normal,3046,1,1782359452.0150712,0.0020751953125
92414,normal,1127,0,1782359452.0170197,0.0019485950469970703
92415,normal,2045,0,1782359452.0189261,0.0019063949584960938
92416,normal,2249,0,1782359452.0212111,0.002285003662109375
92417,normal,1619,0,1782359452.0230646,0.0018534660339355469
92418,normal,2462,0,1782359452.0250597,0.001995086669921875
92419,normal,3372,1,1782359452.0273788,0.0023190975189208984
92420,normal,225,0,1782359452.029085,0.0017061233520507812
92421,normal,1540,0,1782359452.030941,0.001856088638305664
92422,normal,3291,1,1782359452.032985,0.0020439624786376953
92423,normal,1491,0,1782359452.035066,0.0020809173583984375
92424,normal,3199,1,1782359452.0370882,0.002022266387939453
92425,normal,253,0,1782359452.0391884,0.002100229263305664
92426,normal,458,0,1782359452.0417678,0.0025794506072998047
92427,normal,60,0,1782359452.0431762,0.0014083385467529297
92428,normal,352,0,1782359452.045184,0.002007722854614258
92429,normal,2990,0,1782359452.0469942,0.001810312271118164
92430,normal,2768,0,1782359452.0492406,0.002246379852294922
92431,normal,604,0,1782359452.0511708,0.00193023681640625
92432,normal,388,0,1782359452.05304,0.00186920166015625
92433,normal,2864,0,1782359452.0550265,0.0019865036010742188
92434,normal,3347,1,1782359452.057407,0.00238037109375
92435,normal,727,0,1782359452.0589504,0.0015435218811035156
92436,normal,1966,0,1782359452.0610557,0.002105236053466797
92437,normal,3423,0,1782359452.0628483,0.0017926692962646484
92438,normal,3532,0,1782359452.0658033,0.0029549598693847656
92439,normal,2974,0,1782359452.0676155,0.0018122196197509766
92440,normal,2637,0,1782359452.0693467,0.0017311573028564453
92441,normal,2363,0,1782359452.0708332,0.0014865398406982422
92442,normal,588,0,1782359452.072962,0.0021288394927978516
92443,normal,1476,0,1782359452.0749304,0.0019683837890625
92444,normal,1678,0,1782359452.0769234,0.001992940902709961
92445,normal,1877,0,1782359452.0790186,0.0020952224731445312
92446,normal,2478,0,1782359452.0809255,0.0019068717956542969
92447,normal,3692,0,1782359452.0829737,0.0020482540130615234
92448,normal,1647,0,1782359452.08494,0.001966238021850586
92449,normal,2493,0,1782359452.0870738,0.0021338462829589844
92450,normal,316,0,1782359452.0889442,0.0018703937530517578
92451,normal,3244,1,1782359452.0910823,0.0021381378173828125
92452,normal,1695,0,1782359452.0929935,0.001911163330078125
92453,normal,1804,0,1782359452.0950623,0.002068758010864258
92454,normal,3405,0,1782359452.09689,0.0018277168273925781
92455,normal,3203,1,1782359452.0990598,0.0021698474884033203
92456,normal,2157,0,1782359452.1009328,0.001873016357421875
92457,normal,844,2,1782359452.1029837,0.0020508766174316406
92458,normal,1554,0,1782359452.1049683,0.0019845962524414062
92459,normal,1738,0,1782359452.106967,0.0019986629486083984
92460,normal,3241,1,1782359452.109001,0.0020339488983154297
92461,normal,3605,0,1782359452.1109517,0.0019507408142089844
92462,normal,241,0,1782359452.1129663,0.002014636993408203
92463,normal,1848,0,1782359452.1148582,0.0018918514251708984
92464,normal,1829,0,1782359452.117014,0.002155780792236328
92465,normal,1677,0,1782359452.1189294,0.0019154548645019531
92466,normal,2532,0,1782359452.1210291,0.002099752426147461
92467,normal,2552,0,1782359452.1229432,0.0019140243530273438
92468,normal,235,0,1782359452.1249716,0.0020284652709960938
92469,normal,2421,0,1782359452.1268482,0.0018765926361083984
92470,normal,2594,0,1782359452.12903,0.0021817684173583984
92471,normal,2603,0,1782359452.1308286,0.0017986297607421875
92472,normal,2910,0,1782359452.1329963,0.0021677017211914062
92473,normal,2390,0,1782359452.1349404,0.0019440650939941406
92474,normal,848,2,1782359452.1370158,0.0020754337310791016
92475,normal,2002,0,1782359452.138966,0.0019502639770507812
92476,normal,3329,1,1782359452.1410425,0.002076387405395508
92477,normal,2674,0,1782359452.1428978,0.0018553733825683594
92478,normal,3507,0,1782359452.1450913,0.002193450927734375
92479,normal,304,0,1782359452.14708,0.001988649368286133
92480,normal,525,0,1782359452.1488934,0.0018134117126464844
92481,normal,2786,0,1782359452.1511881,0.002294778823852539
92482,normal,2999,0,1782359452.152931,0.0017428398132324219
92483,normal,2676,0,1782359452.1550376,0.0021066665649414062
92484,normal,610,0,1782359452.1568835,0.0018458366394042969
92485,normal,3191,1,1782359452.159211,0.002327442169189453
92486,normal,821,2,1782359452.1609428,0.00173187255859375
92487,normal,2362,0,1782359452.1630526,0.0021097660064697266
92488,normal,1392,0,1782359452.1652656,0.002213001251220703
92489,normal,2566,0,1782359452.1674292,0.0021636486053466797
92490,normal,2322,0,1782359452.1690967,0.0016674995422363281
92491,normal,2887,0,1782359452.1714237,0.00232696533203125
92492,normal,1335,1,1782359452.173222,0.001798391342163086
92493,normal,285,0,1782359452.1753204,0.0020983219146728516
92494,normal,2359,0,1782359452.177336,0.0020155906677246094
92495,normal,1461,0,1782359452.1790507,0.0017147064208984375
92496,normal,214,0,1782359452.1811075,0.0020568370819091797
92497,normal,689,0,1782359452.1831882,0.002080678939819336
92498,normal,1146,0,1782359452.1850476,0.001859426498413086
92499,normal,2736,0,1782359452.1870875,0.0020399093627929688
92500,normal,2220,0,1782359452.189253,0.002165555953979492
92501,normal,1069,0,1782359452.190851,0.0015978813171386719
92502,normal,3149,1,1782359452.1929755,0.0021245479583740234
92503,normal,242,0,1782359452.1950266,0.002051115036010742
92504,normal,637,0,1782359452.1970637,0.00203704833984375
92505,normal,2814,0,1782359452.1989906,0.0019268989562988281
92506,normal,2889,0,1782359452.2011836,0.002192974090576172
92507,normal,1038,0,1782359452.2031047,0.0019211769104003906
92508,normal,1089,0,1782359452.2051635,0.002058744430541992
92509,normal,838,2,1782359452.207059,0.0018954277038574219
92510,normal,3636,0,1782359452.2093544,0.0022954940795898438
92511,normal,3666,0,1782359452.2112696,0.0019152164459228516
92512,normal,613,0,1782359452.2134695,0.002199888229370117
92513,normal,766,0,1782359452.2150612,0.0015916824340820312
92514,normal,3660,0,1782359452.2170122,0.001950979232788086
92515,normal,97,0,1782359452.2190645,0.00205230712890625
92516,normal,2185,0,1782359452.2213585,0.0022940635681152344
92517,normal,547,0,1782359452.2231252,0.0017666816711425781
92518,normal,2919,0,1782359452.225044,0.001918792724609375
92519,normal,3682,0,1782359452.2274096,0.002365589141845703
92520,normal,1137,0,1782359452.229008,0.001598358154296875
92521,normal,601,0,1782359452.2311249,0.0021169185638427734
92522,normal,2434,0,1782359452.2329097,0.0017848014831542969
92523,normal,2335,0,1782359452.23505,0.0021402835845947266
92524,normal,2437,0,1782359452.2370527,0.002002716064453125
92525,normal,2228,0,1782359452.2390397,0.001986980438232422
92526,normal,3327,1,1782359452.2413392,0.0022995471954345703
92527,normal,2521,0,1782359452.2433934,0.0020542144775390625
92528,normal,3381,1,1782359452.245099,0.0017056465148925781
92529,normal,815,2,1782359452.247067,0.001967906951904297
92530,normal,517,0,1782359452.2495975,0.0025305747985839844
92531,normal,612,0,1782359452.2510886,0.0014910697937011719
92532,normal,2781,0,1782359452.2531316,0.002043008804321289
92533,normal,126,0,1782359452.2549982,0.0018665790557861328
92534,normal,2632,0,1782359452.2597075,0.0047092437744140625
92535,normal,1750,0,1782359452.2597876,8.0108642578125e-05
92536,normal,3609,0,1782359452.2609465,0.0011589527130126953
92537,normal,2746,0,1782359452.262967,0.002020597457885742
92538,normal,470,0,1782359452.2654746,0.002507448196411133
92539,normal,1386,0,1782359452.267294,0.0018193721771240234
92540,normal,3665,0,1782359452.269051,0.0017571449279785156
92541,normal,3240,1,1782359452.2709148,0.001863718032836914
92542,normal,1812,0,1782359452.2730298,0.002115011215209961
92543,normal,448,0,1782359452.2749496,0.0019197463989257812
92544,normal,692,0,1782359452.2770743,0.002124786376953125
92545,normal,2981,0,1782359452.2789116,0.0018372535705566406
92546,normal,1813,0,1782359452.2809765,0.002064943313598633
92547,normal,1780,0,1782359452.2830756,0.0020990371704101562
92548,normal,1452,0,1782359452.2851064,0.0020308494567871094
92549,normal,3619,0,1782359452.2869017,0.0017952919006347656
92550,normal,3006,0,1782359452.2890208,0.0021190643310546875
92551,normal,1990,0,1782359452.2909925,0.001971721649169922
92552,normal,3404,0,1782359452.2930176,0.002025127410888672
92553,normal,3527,0,1782359452.2949204,0.0019028186798095703
92554,normal,1553,0,1782359452.2969637,0.0020432472229003906
92555,normal,1027,2,1782359452.2989028,0.0019390583038330078
92556,normal,3383,1,1782359452.3010519,0.0021491050720214844
92557,normal,355,0,1782359452.3030677,0.002015829086303711
92558,normal,2126,0,1782359452.3049521,0.00188446044921875
92559,normal,958,2,1782359452.3070352,0.0020830631256103516
92560,normal,3440,0,1782359452.308955,0.0019197463989257812
92561,normal,321,0,1782359452.3109703,0.002015352249145508
92562,normal,3213,1,1782359452.3130138,0.002043485641479492
92563,normal,648,0,1782359452.3150148,0.002001047134399414
92564,normal,1486,0,1782359452.3169181,0.0019032955169677734
92565,normal,3334,1,1782359452.3190243,0.002106189727783203
92566,normal,694,0,1782359452.3208914,0.001867055892944336
92567,normal,2489,0,1782359452.3230076,0.0021162033081054688
92568,normal,194,0,1782359452.3248477,0.0018401145935058594
92569,normal,2095,0,1782359452.3270047,0.002156972885131836
92570,normal,1085,0,1782359452.328919,0.0019142627716064453
92571,normal,769,0,1782359452.3310728,0.0021538734436035156
92572,normal,312,0,1782359452.3329194,0.0018465518951416016
92573,normal,20,0,1782359452.334985,0.0020656585693359375
92574,normal,1856,0,1782359452.3368688,0.0018837451934814453
92575,normal,1061,0,1782359452.3389795,0.002110719680786133
92576,normal,2092,0,1782359452.3412182,0.002238750457763672
92577,normal,1336,1,1782359452.3429434,0.0017251968383789062
92578,normal,1679,0,1782359452.3450644,0.0021209716796875
92579,normal,2494,0,1782359452.3469222,0.001857757568359375
92580,normal,1324,1,1782359452.349091,0.002168893814086914
92581,normal,1103,0,1782359452.3509805,0.0018894672393798828
92582,normal,2837,0,1782359452.3529627,0.0019822120666503906
92583,normal,1510,0,1782359452.3549113,0.0019485950469970703
92584,normal,3246,1,1782359452.3570461,0.0021347999572753906
92585,normal,2561,0,1782359452.3590164,0.0019702911376953125
92586,normal,1659,0,1782359452.3609414,0.0019249916076660156
92587,normal,2005,0,1782359452.3631494,0.0022079944610595703
92588,normal,1703,0,1782359452.364863,0.0017135143280029297
92589,normal,2077,0,1782359452.3670228,0.0021598339080810547
92590,normal,3476,0,1782359452.3689966,0.001973867416381836
92591,normal,2851,0,1782359452.3710313,0.0020346641540527344
92592,normal,2942,0,1782359452.3730564,0.002025127410888672
92593,normal,1519,0,1782359452.3750017,0.0019452571868896484
92594,normal,1383,0,1782359452.3769424,0.0019407272338867188
92595,normal,2122,0,1782359452.3789678,0.0020253658294677734
92596,normal,1288,0,1782359452.3812118,0.0022439956665039062
92597,normal,2670,0,1782359452.3830066,0.0017948150634765625
92598,normal,3410,0,1782359452.3849514,0.0019447803497314453
92599,normal,455,0,1782359452.3869803,0.002028942108154297
92600,normal,2536,0,1782359452.3889158,0.0019354820251464844
92601,normal,526,0,1782359452.3908665,0.0019507408142089844
92602,normal,1357,1,1782359452.3928912,0.0020246505737304688
92603,normal,291,0,1782359452.3948393,0.0019481182098388672
92604,normal,3066,1,1782359452.39681,0.0019707679748535156
92605,normal,1555,0,1782359452.3988395,0.0020294189453125
92606,normal,1863,0,1782359452.4010193,0.002179861068725586
92607,normal,1847,0,1782359452.4028196,0.0018002986907958984
92608,normal,1066,0,1782359452.4047992,0.0019795894622802734
92609,normal,1236,0,1782359452.4068713,0.0020720958709716797
92610,normal,274,0,1782359452.408772,0.0019006729125976562
92611,normal,2650,0,1782359452.410859,0.002087116241455078
92612,normal,1640,0,1782359452.412929,0.0020699501037597656
92613,normal,2298,0,1782359452.415203,0.002274036407470703
92614,normal,551,0,1782359452.4169414,0.0017383098602294922
92615,normal,3662,0,1782359452.4188113,0.0018699169158935547
92616,normal,1172,0,1782359452.4208183,0.002007007598876953
92617,normal,556,0,1782359452.422827,0.002008676528930664
92618,normal,147,0,1782359452.4250035,0.002176523208618164
92619,normal,2571,0,1782359452.4270926,0.0020890235900878906
92620,normal,1700,0,1782359452.428862,0.0017695426940917969
92621,normal,3437,0,1782359452.4312797,0.0024175643920898438
92622,normal,2321,0,1782359452.4327924,0.001512765884399414
92623,normal,1400,0,1782359452.434822,0.0020296573638916016
92624,normal,490,0,1782359452.4368079,0.001985788345336914
92625,normal,1120,0,1782359452.4388275,0.002019643783569336
92626,normal,1115,0,1782359452.440836,0.0020084381103515625
92627,normal,1719,0,1782359452.4429078,0.002071857452392578
92628,normal,2901,0,1782359452.4452984,0.002390623092651367
92629,normal,1327,1,1782359452.4469886,0.0016901493072509766
92630,normal,255,0,1782359452.448857,0.0018684864044189453
92631,normal,3341,1,1782359452.450864,0.002007007598876953
92632,normal,3521,0,1782359452.4529052,0.0020411014556884766
92633,normal,1602,0,1782359452.4549124,0.0020072460174560547
92634,normal,2593,0,1782359452.4568553,0.0019428730010986328
92635,normal,138,0,1782359452.4588256,0.0019702911376953125
92636,normal,607,0,1782359452.4610245,0.002198934555053711
92637,normal,1503,0,1782359452.4628887,0.0018641948699951172
92638,normal,1701,0,1782359452.4648921,0.0020034313201904297
92639,normal,1311,0,1782359452.4668455,0.0019533634185791016
92640,normal,3539,0,1782359452.468896,0.0020503997802734375
92641,normal,64,0,1782359452.4709074,0.002011537551879883
92642,normal,3280,1,1782359452.4729788,0.002071380615234375
92643,normal,1314,0,1782359452.4752436,0.002264738082885742
92644,normal,1389,0,1782359452.4768405,0.0015969276428222656
92645,normal,2130,0,1782359452.4788165,0.00197601318359375
92646,normal,284,0,1782359452.480899,0.0020825862884521484
92647,normal,1030,0,1782359452.4828684,0.0019693374633789062
92648,normal,2550,0,1782359452.484864,0.001995563507080078
92649,normal,1349,1,1782359452.4868622,0.0019981861114501953
92650,normal,939,2,1782359452.488885,0.0020227432250976562
92651,normal,91,0,1782359452.4909613,0.002076387405395508
92652,normal,1203,0,1782359452.49286,0.0018987655639648438
92653,normal,1415,0,1782359452.4948905,0.0020303726196289062
92654,normal,3243,1,1782359452.496913,0.0020225048065185547
92655,normal,622,0,1782359452.4988692,0.0019562244415283203
92656,normal,412,0,1782359452.5008237,0.0019545555114746094
92657,normal,3151,1,1782359452.5028222,0.001998424530029297
92658,normal,1224,0,1782359452.504867,0.0020449161529541016
92659,normal,3070,1,1782359452.506867,0.0019998550415039062
92660,normal,2450,0,1782359452.508911,0.0020439624786376953
92661,normal,3693,0,1782359452.5108223,0.0019114017486572266
92662,normal,857,2,1782359452.5128329,0.0020105838775634766
92663,normal,2612,0,1782359452.514841,0.002008199691772461
92664,normal,889,2,1782359452.5168948,0.0020537376403808594
92665,normal,2658,0,1782359452.518898,0.002003192901611328
92666,normal,3112,1,1782359452.520891,0.001992940902709961
92667,normal,1627,0,1782359452.5228148,0.0019237995147705078
92668,normal,1196,0,1782359452.5248482,0.0020334720611572266
92669,normal,1904,0,1782359452.526887,0.002038717269897461
92670,normal,1009,2,1782359452.5288603,0.001973390579223633
92671,normal,890,2,1782359452.5308936,0.002033233642578125
92672,normal,1205,0,1782359452.5329041,0.0020105838775634766
92673,normal,157,0,1782359452.5347826,0.001878499984741211
92674,normal,2645,0,1782359452.536823,0.002040386199951172
92675,normal,173,0,1782359452.5388253,0.002002239227294922
92676,normal,2040,0,1782359452.5408647,0.0020394325256347656
92677,normal,1922,0,1782359452.542809,0.0019443035125732422
92678,normal,2388,0,1782359452.5448272,0.0020182132720947266
92679,normal,3704,0,1782359452.5468502,0.002022981643676758
92680,normal,756,0,1782359452.5488834,0.002033233642578125
92681,normal,53,0,1782359452.5508864,0.0020029544830322266
92682,normal,987,2,1782359452.5528343,0.0019478797912597656
92683,normal,1025,2,1782359452.5549128,0.002078533172607422
92684,normal,2495,0,1782359452.5568275,0.0019147396087646484
92685,normal,1649,0,1782359452.558844,0.0020165443420410156
92686,normal,430,0,1782359452.5608358,0.001991748809814453
92687,normal,3264,1,1782359452.562828,0.0019922256469726562
92688,normal,1084,0,1782359452.5648494,0.002021312713623047
92689,normal,2140,0,1782359452.5668166,0.001967191696166992
92690,normal,2102,0,1782359452.5688143,0.001997709274291992
92691,normal,2575,0,1782359452.5708137,0.001999378204345703
92692,normal,2382,0,1782359452.572844,0.0020303726196289062
92693,normal,307,0,1782359452.5749397,0.0020956993103027344
92694,normal,1322,1,1782359452.5768704,0.0019307136535644531
92695,normal,922,2,1782359452.5789027,0.0020322799682617188
92696,normal,140,0,1782359452.5809305,0.002027750015258789
92697,normal,3089,1,1782359452.5828376,0.0019071102142333984
92698,normal,1365,1,1782359452.5848854,0.0020477771759033203
92699,normal,2627,0,1782359452.5868244,0.0019390583038330078
92700,normal,1925,0,1782359452.5888548,0.0020303726196289062
92701,normal,956,2,1782359452.5909033,0.002048492431640625
92702,normal,2905,0,1782359452.5928957,0.001992464065551758
92703,normal,3009,0,1782359452.5948365,0.0019407272338867188
92704,normal,3326,1,1782359452.5968857,0.0020492076873779297
92705,normal,1448,0,1782359452.5988426,0.001956939697265625
92706,normal,2742,0,1782359452.6008368,0.0019941329956054688
92707,normal,2116,0,1782359452.6029127,0.0020759105682373047
92708,normal,2909,0,1782359452.604884,0.0019712448120117188
92709,normal,1366,1,1782359452.6069832,0.002099275588989258
92710,normal,1046,0,1782359452.608856,0.0018727779388427734
92711,normal,3690,0,1782359452.610838,0.001981973648071289
92712,normal,1106,0,1782359452.612844,0.002006053924560547
92713,normal,2218,0,1782359452.6149068,0.0020627975463867188
92714,normal,1017,2,1782359452.6169884,0.002081632614135742
92715,normal,962,2,1782359452.619044,0.002055644989013672
92716,normal,718,0,1782359452.6208289,0.0017848014831542969
92717,normal,999,2,1782359452.622848,0.002019166946411133
92718,normal,3355,1,1782359452.624828,0.0019800662994384766
92719,normal,3231,1,1782359452.6269312,0.002103090286254883
92720,normal,948,2,1782359452.6287894,0.0018582344055175781
92721,normal,1396,0,1782359452.630844,0.0020546913146972656
92722,normal,695,0,1782359452.6329887,0.0021445751190185547
92723,normal,3158,1,1782359452.634795,0.0018062591552734375
92724,normal,811,2,1782359452.6368206,0.002025604248046875
92725,normal,2578,0,1782359452.6392634,0.0024428367614746094
92726,normal,3487,0,1782359452.640815,0.0015516281127929688
92727,normal,180,0,1782359452.6429164,0.002101421356201172
92728,normal,58,0,1782359452.6448162,0.00189971923828125
92729,normal,1717,0,1782359452.6471632,0.0023469924926757812
92730,normal,3101,1,1782359452.6490674,0.0019042491912841797
92731,normal,2598,0,1782359452.6509886,0.0019211769104003906
92732,normal,308,0,1782359452.6528466,0.0018579959869384766
92733,normal,580,0,1782359452.6552422,0.0023956298828125
92734,normal,1471,0,1782359452.656996,0.0017538070678710938
92735,normal,3111,1,1782359452.658985,0.0019888877868652344
92736,normal,1897,0,1782359452.6608672,0.001882314682006836
92737,normal,2104,0,1782359452.6630557,0.002188444137573242
92738,normal,3415,0,1782359452.6650603,0.0020046234130859375
92739,normal,3235,1,1782359452.6669605,0.0019001960754394531
92740,normal,3096,1,1782359452.6688714,0.0019109249114990234
92741,normal,3251,1,1782359452.6709049,0.0020334720611572266
92742,normal,2972,0,1782359452.6728935,0.001988649368286133
92743,normal,390,0,1782359452.6749177,0.0020241737365722656
92744,normal,502,0,1782359452.676796,0.0018782615661621094
92745,normal,1352,1,1782359452.6790287,0.002232789993286133
92746,normal,2510,0,1782359452.680856,0.001827239990234375
92747,normal,1865,0,1782359452.683029,0.0021729469299316406
92748,normal,3424,0,1782359452.6850555,0.0020265579223632812
92749,normal,2649,0,1782359452.6878235,0.0027680397033691406
92750,normal,1337,1,1782359491.12389,0.0
92751,normal,1807,0,1782359491.125767,0.0018770694732666016
92752,normal,1862,0,1782359491.1279075,0.002140522003173828
92753,normal,3563,0,1782359491.1297686,0.0018610954284667969
92754,normal,300,0,1782359491.1317985,0.002029895782470703
92755,normal,1072,0,1782359491.1337194,0.001920938491821289
92756,normal,687,0,1782359491.1357274,0.0020079612731933594
92757,normal,3669,0,1782359491.1379423,0.0022149085998535156
92758,normal,1079,0,1782359491.139772,0.0018296241760253906
92759,normal,281,0,1782359491.141813,0.0020411014556884766
92760,normal,2087,0,1782359491.143896,0.0020830631256103516
92761,normal,2703,0,1782359491.1457477,0.0018515586853027344
92762,normal,2607,0,1782359491.1479108,0.0021631717681884766
92763,normal,405,0,1782359491.149983,0.0020720958709716797
92764,normal,2285,0,1782359491.15175,0.0017671585083007812
92765,normal,1703,0,1782359491.1539392,0.002189159393310547
92766,normal,755,0,1782359491.1559849,0.0020456314086914062
92767,normal,3484,0,1782359491.1577404,0.0017554759979248047
92768,normal,1729,0,1782359491.1599655,0.002225160598754883
92769,normal,1870,0,1782359491.1619813,0.002015829086303711
92770,normal,95,0,1782359491.1638522,0.001870870590209961
92771,normal,522,0,1782359491.165913,0.0020608901977539062
92772,normal,933,2,1782359491.1677406,0.0018274784088134766
92773,normal,2763,0,1782359491.1697202,0.0019795894622802734
92774,normal,588,0,1782359491.1717591,0.0020389556884765625
92775,normal,2594,0,1782359491.1737876,0.0020284652709960938
92776,normal,2236,0,1782359491.175742,0.001954317092895508
92777,normal,2212,0,1782359491.1777136,0.001971721649169922
92778,normal,2400,0,1782359491.1798124,0.0020987987518310547
92779,normal,1315,0,1782359491.1817074,0.0018949508666992188
92780,normal,1400,0,1782359491.183754,0.0020465850830078125
92781,normal,1718,0,1782359491.1858225,0.0020685195922851562
92782,normal,2662,0,1782359491.1877086,0.001886129379272461
92783,normal,833,2,1782359491.1896963,0.0019876956939697266
92784,normal,3011,0,1782359491.19179,0.002093791961669922
92785,normal,2770,0,1782359491.1936967,0.0019066333770751953
92786,normal,1212,0,1782359491.1956859,0.001989126205444336
92787,normal,1685,0,1782359491.1977544,0.0020685195922851562
92788,normal,2578,0,1782359491.1997519,0.0019974708557128906
92789,normal,229,0,1782359491.2017064,0.0019545555114746094
92790,normal,3659,0,1782359491.203751,0.002044677734375
92791,normal,1275,0,1782359491.205702,0.001950979232788086
92792,normal,2091,0,1782359491.20769,0.001987934112548828
92793,normal,1644,0,1782359491.2097497,0.0020596981048583984
92794,normal,3548,0,1782359491.2116995,0.0019497871398925781
92795,normal,1113,0,1782359491.2136862,0.0019867420196533203
92796,normal,84,0,1782359491.2157588,0.002072572708129883
92797,normal,855,2,1782359491.2176836,0.001924753189086914
92798,normal,3150,1,1782359491.2196856,0.0020020008087158203
92799,normal,1352,1,1782359491.2217445,0.0020589828491210938
92800,normal,955,2,1782359491.2236838,0.0019392967224121094
92801,normal,776,2,1782359491.225685,0.002001047134399414
92802,normal,846,2,1782359491.2277458,0.0020608901977539062
92803,normal,2221,0,1782359491.2296863,0.0019404888153076172
92804,normal,3323,1,1782359491.2316947,0.0020084381103515625
92805,normal,3419,0,1782359491.233749,0.0020542144775390625
92806,normal,2046,0,1782359491.2356858,0.0019369125366210938
92807,normal,2995,0,1782359491.2376866,0.0020008087158203125
92808,normal,1425,0,1782359491.2397497,0.0020630359649658203
92809,normal,3702,0,1782359491.241659,0.0019092559814453125
92810,normal,1198,0,1782359491.2437022,0.0020432472229003906
92811,normal,1520,0,1782359491.245748,0.002045869827270508
92812,normal,722,0,1782359491.247687,0.0019390583038330078
92813,normal,3613,0,1782359491.249687,0.0019998550415039062
92814,normal,1164,0,1782359491.2517495,0.002062559127807617
92815,normal,3445,0,1782359491.2536886,0.0019390583038330078
92816,normal,271,0,1782359491.2556944,0.0020058155059814453
92817,normal,3657,0,1782359491.2577467,0.00205230712890625
92818,normal,2815,0,1782359491.2596889,0.0019421577453613281
92819,normal,1776,0,1782359491.2616875,0.0019986629486083984
92820,normal,159,0,1782359491.263746,0.0020585060119628906
92821,normal,220,0,1782359491.2656853,0.0019392967224121094
92822,normal,1411,0,1782359491.267684,0.0019986629486083984
92823,normal,1883,0,1782359491.2697504,0.002066373825073242
92824,normal,1609,0,1782359491.271684,0.0019335746765136719
92825,normal,367,0,1782359491.2736826,0.0019986629486083984
92826,normal,1640,0,1782359491.2757494,0.0020668506622314453
92827,normal,1444,0,1782359491.277685,0.0019354820251464844
92828,normal,1179,0,1782359491.279688,0.0020029544830322266
92829,normal,2404,0,1782359491.2817504,0.002062559127807617
92830,normal,117,0,1782359491.283683,0.0019326210021972656
92831,normal,1120,0,1782359491.2856956,0.002012491226196289
92832,normal,188,0,1782359491.2877564,0.0020608901977539062
92833,normal,780,2,1782359491.2896872,0.0019307136535644531
92834,normal,3362,1,1782359491.2916586,0.0019714832305908203
92835,normal,3125,1,1782359491.29376,0.002101421356201172
92836,normal,811,2,1782359491.2956889,0.0019288063049316406
92837,normal,40,0,1782359491.2976909,0.0020020008087158203
92838,normal,663,0,1782359491.2997665,0.002075672149658203
92839,normal,3050,1,1782359491.301699,0.001932382583618164
92840,normal,391,0,1782359491.3036897,0.001990795135498047
92841,normal,1628,0,1782359491.305746,0.0020563602447509766
92842,normal,1370,1,1782359491.3076937,0.001947641372680664
92843,normal,2054,0,1782359491.3096957,0.0020020008087158203
92844,normal,1759,0,1782359491.311734,0.002038240432739258
92845,normal,304,0,1782359491.3136916,0.0019576549530029297
92846,normal,2287,0,1782359491.3156893,0.001997709274291992
92847,normal,2950,0,1782359491.3178492,0.0021598339080810547
92848,normal,2933,0,1782359491.3196871,0.0018379688262939453
92849,normal,1462,0,1782359491.3216877,0.002000570297241211
92850,normal,2475,0,1782359491.3237333,0.0020456314086914062
92851,normal,1582,0,1782359491.3257022,0.001968860626220703
92852,normal,1730,0,1782359491.3276873,0.0019850730895996094
92853,normal,2060,0,1782359491.329759,0.0020716190338134766
92854,normal,837,2,1782359491.3316891,0.00193023681640625
92855,normal,2552,0,1782359491.3336918,0.002002716064453125
92856,normal,492,0,1782359491.335749,0.0020570755004882812
92857,normal,2643,0,1782359491.3376915,0.0019426345825195312
92858,normal,2875,0,1782359491.339687,0.001995563507080078
92859,normal,1510,0,1782359491.3417542,0.002067089080810547
92860,normal,2765,0,1782359491.3437057,0.001951456069946289
92861,normal,3640,0,1782359491.3456867,0.001981019973754883
92862,normal,12,0,1782359491.347776,0.002089262008666992
92863,normal,2433,0,1782359491.3497295,0.001953601837158203
92864,normal,98,0,1782359491.3517601,0.002030611038208008
92865,normal,460,0,1782359491.3537717,0.002011537551879883
92866,normal,2721,0,1782359491.3556929,0.0019211769104003906
92867,normal,2384,0,1782359491.3576894,0.0019965171813964844
92868,normal,1608,0,1782359491.3597612,0.002071857452392578
92869,normal,1175,0,1782359491.3616915,0.00193023681640625
92870,normal,1382,0,1782359491.3636894,0.0019979476928710938
92871,normal,1627,0,1782359491.3657532,0.002063751220703125
92872,normal,2702,0,1782359491.3676908,0.0019376277923583984
92873,normal,1606,0,1782359491.3696887,0.0019979476928710938
92874,normal,2982,0,1782359491.3717613,0.002072572708129883
92875,normal,2271,0,1782359491.37369,0.001928567886352539
92876,normal,1249,0,1782359491.3756893,0.001999378204345703
92877,normal,1598,0,1782359491.3777566,0.0020673274993896484
92878,normal,168,0,1782359491.379693,0.0019364356994628906
92879,normal,1401,0,1782359491.3816917,0.0019986629486083984
92880,normal,2813,0,1782359491.3837566,0.002064943313598633
92881,normal,3488,0,1782359491.385693,0.0019364356994628906
92882,normal,1772,0,1782359491.3877146,0.0020215511322021484
92883,normal,3027,0,1782359491.389756,0.002041339874267578
92884,normal,3135,1,1782359491.3916938,0.0019378662109375
92885,normal,2282,0,1782359491.39369,0.001996278762817383
92886,normal,1306,0,1782359491.395752,0.0020618438720703125
92887,normal,1051,0,1782359491.3976908,0.0019388198852539062
92888,normal,907,2,1782359491.3996918,0.002001047134399414
92889,normal,1932,0,1782359491.4017549,0.0020630359649658203
92890,normal,1144,0,1782359491.4036915,0.0019366741180419922
92891,normal,3383,1,1782359491.405689,0.0019974708557128906
92892,normal,2264,0,1782359491.4077573,0.0020682811737060547
92893,normal,2913,0,1782359491.410649,0.0028917789459228516
92894,normal,2518,0,1782359491.4117339,0.0010848045349121094
92895,normal,884,2,1782359491.4137628,0.002028942108154297
92896,normal,1140,0,1782359491.415692,0.0019292831420898438
92897,normal,1188,0,1782359491.4176884,0.001996278762817383
92898,normal,1478,0,1782359491.419765,0.0020766258239746094
92899,normal,485,0,1782359491.4216874,0.0019223690032958984
92900,normal,2936,0,1782359491.4236975,0.0020101070404052734
92901,normal,2250,0,1782359491.425748,0.002050638198852539
92902,normal,2451,0,1782359491.427687,0.0019388198852539062
92903,normal,2034,0,1782359491.4296877,0.0020008087158203125
92904,normal,1464,0,1782359491.4317405,0.002052783966064453
92905,normal,2730,0,1782359491.433688,0.0019474029541015625
92906,normal,840,2,1782359491.4356956,0.002007722854614258
92907,normal,3661,0,1782359491.4377756,0.0020799636840820312
92908,normal,3369,1,1782359491.4396987,0.0019230842590332031
92909,normal,230,0,1782359491.4416907,0.0019919872283935547
92910,normal,1781,0,1782359491.443753,0.0020623207092285156
92911,normal,2650,0,1782359491.4456909,0.0019378662109375
92912,normal,3495,0,1782359491.4476898,0.0019989013671875
92913,normal,693,0,1782359491.4497526,0.0020627975463867188
92914,normal,1376,1,1782359491.45169,0.0019373893737792969
92915,normal,848,2,1782359491.453689,0.0019991397857666016
92916,normal,1360,1,1782359491.455752,0.0020627975463867188
92917,normal,3182,1,1782359491.457735,0.001983165740966797
92918,normal,3609,0,1782359491.459692,0.001956939697265625
92919,normal,3174,1,1782359491.4617512,0.0020592212677001953
92920,normal,46,0,1782359491.46369,0.0019388198852539062
92921,normal,992,2,1782359491.4656866,0.0019965171813964844
92922,normal,3082,1,1782359491.467755,0.0020685195922851562
92923,normal,915,2,1782359491.4696918,0.0019366741180419922
92924,normal,3646,0,1782359491.4716883,0.0019965171813964844
92925,normal,3380,1,1782359491.4737518,0.0020635128021240234
92926,normal,1359,1,1782359491.4756927,0.0019409656524658203
92927,normal,1549,0,1782359491.4776876,0.0019948482513427734
92928,normal,2345,0,1782359491.4797544,0.0020668506622314453
92929,normal,1029,2,1782359491.4816906,0.001936197280883789
92930,normal,1999,0,1782359491.4836867,0.0019960403442382812
92931,normal,3449,0,1782359491.485746,0.0020592212677001953
92932,normal,595,0,1782359491.487698,0.0019521713256835938
92933,normal,412,0,1782359491.4896953,0.001997232437133789
92934,normal,2297,0,1782359491.4917505,0.0020551681518554688
92935,normal,1746,0,1782359491.4936934,0.0019428730010986328
92936,normal,3017,0,1782359491.4956837,0.0019903182983398438
92937,normal,73,0,1782359491.4977503,0.0020666122436523438
92938,normal,1842,0,1782359491.499722,0.001971721649169922
92939,normal,1185,0,1782359491.50169,0.001967906951904297
92940,normal,2146,0,1782359491.5037534,0.0020635128021240234
92941,normal,3222,1,1782359491.5056903,0.0019369125366210938
92942,normal,284,0,1782359491.5076866,0.001996278762817383
92943,normal,3650,0,1782359491.5097497,0.0020630359649658203
92944,normal,2931,0,1782359491.511688,0.0019383430480957031
92945,normal,2819,0,1782359491.5137095,0.0020215511322021484
92946,normal,125,0,1782359491.515755,0.0020453929901123047
92947,normal,2581,0,1782359491.5176892,0.0019342899322509766
92948,normal,2449,0,1782359491.51969,0.0020008087158203125
92949,normal,628,0,1782359491.5217466,0.002056598663330078
92950,normal,2853,0,1782359491.5236902,0.0019435882568359375
92951,normal,1115,0,1782359491.5256855,0.0019953250885009766
92952,normal,1986,0,1782359491.5277696,0.002084016799926758
92953,normal,3407,0,1782359491.5296907,0.0019211769104003906
92954,normal,495,0,1782359491.5316873,0.0019965171813964844
92955,normal,3212,1,1782359491.5337517,0.0020644664764404297
92956,normal,2488,0,1782359491.535692,0.0019402503967285156
92957,normal,1485,0,1782359491.5376873,0.0019953250885009766
92958,normal,1898,0,1782359491.5397623,0.0020749568939208984
92959,normal,505,0,1782359491.5416913,0.0019290447235107422
92960,normal,10,0,1782359491.5436842,0.001992940902709961
92961,normal,1738,0,1782359491.545745,0.0020606517791748047
92962,normal,2750,0,1782359491.5476878,0.0019428730010986328
92963,normal,2907,0,1782359491.549682,0.0019941329956054688
92964,normal,1496,0,1782359491.5517485,0.0020666122436523438
92965,normal,1954,0,1782359491.5536845,0.0019359588623046875
92966,normal,2338,0,1782359491.5556843,0.0019998550415039062
92967,normal,878,2,1782359491.5577452,0.0020608901977539062
92968,normal,607,0,1782359491.5596867,0.0019414424896240234
92969,normal,416,0,1782359491.5616884,0.0020017623901367188
92970,normal,2882,0,1782359491.5638068,0.002118349075317383
92971,normal,3516,0,1782359491.5656927,0.0018858909606933594
92972,normal,291,0,1782359491.5676944,0.0020017623901367188
92973,normal,276,0,1782359491.569751,0.002056598663330078
92974,normal,2646,0,1782359491.5716903,0.0019392967224121094
92975,normal,1479,0,1782359491.573682,0.001991748809814453
92976,normal,1748,0,1782359491.5757496,0.00206756591796875
92977,normal,572,0,1782359491.5776856,0.0019359588623046875
92978,normal,2047,0,1782359491.579686,0.0020003318786621094
92979,normal,973,2,1782359491.5817523,0.002066373825073242
92980,normal,2050,0,1782359491.583689,0.0019366741180419922
92981,normal,2523,0,1782359491.5856867,0.001997709274291992
92982,normal,3709,0,1782359491.5877542,0.00206756591796875
92983,normal,3615,0,1782359491.58969,0.001935720443725586
92984,normal,1021,2,1782359491.5916848,0.0019948482513427734
92985,normal,1900,0,1782359491.593745,0.0020601749420166016
92986,normal,2489,0,1782359491.595688,0.0019431114196777344
92987,normal,1923,0,1782359491.5977733,0.0020852088928222656
92988,normal,1764,0,1782359491.5997307,0.001957416534423828
92989,normal,820,2,1782359491.601716,0.001985311508178711
92990,normal,2977,0,1782359491.6036954,0.001979351043701172
92991,normal,1305,0,1782359491.6057644,0.0020689964294433594
92992,normal,2620,0,1782359491.6077049,0.0019404888153076172
92993,normal,1915,0,1782359491.6096928,0.001987934112548828
92994,normal,150,0,1782359491.6117642,0.002071380615234375
92995,normal,2368,0,1782359491.6137114,0.001947164535522461
92996,normal,149,0,1782359491.6156936,0.0019822120666503906
92997,normal,1097,0,1782359491.6177528,0.0020592212677001953
92998,normal,228,0,1782359491.6197126,0.0019598007202148438
92999,normal,3632,0,1782359491.6216984,0.001985788345336914
93000,normal,1084,0,1782359491.623749,0.002050638198852539
93001,normal,3576,0,1782359491.6257029,0.0019538402557373047
93002,normal,356,0,1782359491.6277187,0.002015829086303711
93003,normal,3512,0,1782359491.6297765,0.002057790756225586
93004,normal,3541,0,1782359491.6316907,0.0019142627716064453
93005,normal,418,0,1782359491.633691,0.0020003318786621094
93006,normal,2903,0,1782359491.6357522,0.002061128616333008
93007,normal,3425,0,1782359491.637691,0.0019388198852539062
93008,normal,1599,0,1782359491.639693,0.0020020008087158203
93009,normal,2710,0,1782359491.641702,0.0020089149475097656
93010,normal,1850,0,1782359491.6437538,0.002051830291748047
93011,normal,3593,0,1782359491.645701,0.001947164535522461
93012,normal,438,0,1782359491.6477523,0.0020513534545898438
93013,normal,952,2,1782359491.6497016,0.001949310302734375
93014,normal,53,0,1782359491.6517146,0.002012968063354492
93015,normal,3644,0,1782359491.6537635,0.002048969268798828
93016,normal,3275,1,1782359491.6557114,0.0019478797912597656
93017,normal,2511,0,1782359491.6577258,0.0020143985748291016
93018,normal,1308,0,1782359491.659754,0.002028226852416992
93019,normal,524,0,1782359491.6616914,0.0019373893737792969
93020,normal,1775,0,1782359491.6637003,0.0020089149475097656
93021,normal,2915,0,1782359491.6657503,0.0020499229431152344
93022,normal,4,0,1782359491.6676905,0.0019402503967285156
93023,normal,2541,0,1782359491.669696,0.0020055770874023438
93024,normal,575,0,1782359491.6717563,0.0020601749420166016
93025,normal,3196,1,1782359491.6737168,0.0019605159759521484
93026,normal,243,0,1782359491.6756938,0.0019769668579101562
93027,normal,2626,0,1782359491.6777554,0.002061605453491211
93028,normal,2922,0,1782359491.6796906,0.0019352436065673828
93029,normal,444,0,1782359491.6816943,0.0020036697387695312
93030,normal,681,0,1782359491.6837652,0.002070903778076172
93031,normal,14,0,1782359491.685693,0.0019278526306152344
93032,normal,72,0,1782359491.687693,0.002000093460083008
93033,normal,2810,0,1782359491.6897924,0.002099275588989258
93034,normal,3688,0,1782359491.6916943,0.001901865005493164
93035,normal,710,0,1782359491.6936922,0.0019979476928710938
93036,normal,3567,0,1782359491.6957572,0.002064943313598633
93037,normal,3046,1,1782359491.6976893,0.0019321441650390625
93038,normal,3338,1,1782359491.699693,0.0020036697387695312
93039,normal,565,0,1782359491.7017508,0.002057790756225586
93040,normal,1332,1,1782359491.7036896,0.0019388198852539062
93041,normal,1712,0,1782359491.7057056,0.0020160675048828125
93042,normal,108,0,1782359491.7077587,0.0020530223846435547
93043,normal,1875,0,1782359491.7096941,0.0019354820251464844
93044,normal,2896,0,1782359491.711692,0.0019979476928710938
93045,normal,1450,0,1782359491.713755,0.0020627975463867188
93046,normal,942,2,1782359491.7156963,0.0019414424896240234
93047,normal,1262,0,1782359491.717693,0.001996755599975586
93048,normal,1163,0,1782359491.7197552,0.002062082290649414
93049,normal,1878,0,1782359491.7216897,0.0019345283508300781
93050,normal,1288,0,1782359491.7236986,0.0020089149475097656
93051,normal,2838,0,1782359491.725755,0.0020563602447509766
93052,normal,810,2,1782359491.7276914,0.0019364356994628906
93053,normal,2975,0,1782359491.7297003,0.0020089149475097656
93054,normal,743,0,1782359491.7317436,0.0020432472229003906
93055,normal,3225,1,1782359491.7336926,0.0019490718841552734
93056,normal,1886,0,1782359491.7356932,0.002000570297241211
93057,normal,2430,0,1782359491.7377539,0.0020606517791748047
93058,normal,2183,0,1782359491.7397223,0.0019683837890625
93059,normal,190,0,1782359491.7417018,0.0019795894622802734
93060,normal,3575,0,1782359491.743752,0.002050161361694336
93061,normal,2195,0,1782359491.7456903,0.0019383430480957031
93062,normal,2222,0,1782359491.7476902,0.0019998550415039062
93063,normal,1473,0,1782359491.749754,0.002063751220703125
93064,normal,842,2,1782359491.7516954,0.0019414424896240234
93065,normal,1026,2,1782359491.75369,0.001994609832763672
93066,normal,3155,1,1782359491.7557864,0.002096414566040039
93067,normal,3355,1,1782359491.7577014,0.00191497802734375
93068,normal,71,0,1782359491.759699,0.001997709274291992
93069,normal,3263,1,1782359491.7617867,0.0020875930786132812
93070,normal,3616,0,1782359491.7636893,0.0019025802612304688
93071,normal,2635,0,1782359491.7656941,0.002004861831665039
93072,normal,1477,0,1782359491.7677484,0.0020542144775390625
93073,normal,192,0,1782359491.7696912,0.0019428730010986328
93074,normal,2947,0,1782359491.7716894,0.0019981861114501953
93075,normal,3358,1,1782359491.7737596,0.002070188522338867
93076,normal,2497,0,1782359491.7756903,0.0019307136535644531
93077,normal,97,0,1782359491.7776897,0.001999378204345703
93078,normal,2360,0,1782359491.779747,0.002057313919067383
93079,normal,1552,0,1782359491.7816904,0.001943349838256836
93080,normal,1062,0,1782359491.7836914,0.002001047134399414
93081,normal,439,0,1782359491.7857568,0.002065420150756836
93082,normal,2111,0,1782359491.787689,0.0019321441650390625
93083,normal,3262,1,1782359491.7896895,0.002000570297241211
93084,normal,3258,1,1782359491.7917519,0.0020623207092285156
93085,normal,832,2,1782359491.7936876,0.001935720443725586
93086,normal,1507,0,1782359491.7956917,0.0020041465759277344
93087,normal,363,0,1782359491.7977536,0.0020618438720703125
93088,normal,2259,0,1782359491.7996914,0.0019378662109375
93089,normal,2587,0,1782359491.8016999,0.0020084381103515625
93090,normal,1076,0,1782359491.8037486,0.0020487308502197266
93091,normal,3618,0,1782359491.8056934,0.0019447803497314453
93092,normal,1985,0,1782359491.8076923,0.0019989013671875
93093,normal,1006,2,1782359491.8097525,0.0020601749420166016
93094,normal,2130,0,1782359491.8116958,0.001943349838256836
93095,normal,1158,0,1782359491.8136911,0.0019953250885009766
93096,normal,3181,1,1782359491.81575,0.002058744430541992
93097,normal,1879,0,1782359491.817709,0.001959085464477539
93098,normal,3370,1,1782359491.8197038,0.0019948482513427734
93099,normal,330,0,1782359491.821758,0.0020542144775390625
93100,normal,3218,1,1782359491.823692,0.001934051513671875
93101,normal,914,2,1782359491.8256912,0.0019991397857666016
93102,normal,1210,0,1782359491.8277826,0.0020914077758789062
93103,normal,2527,0,1782359491.8297021,0.0019195079803466797
93104,normal,2892,0,1782359491.831692,0.0019898414611816406
93105,normal,1594,0,1782359491.8337548,0.0020627975463867188
93106,normal,583,0,1782359491.8356912,0.0019364356994628906
93107,normal,3592,0,1782359491.8376937,0.0020024776458740234
93108,normal,2851,0,1782359491.8397686,0.0020749568939208984
93109,normal,3328,1,1782359491.8416898,0.0019211769104003906
93110,normal,3161,1,1782359491.8436928,0.0020029544830322266
93111,normal,2606,0,1782359491.8457556,0.0020627975463867188
93112,normal,2196,0,1782359491.8476908,0.0019352436065673828
93113,normal,2937,0,1782359491.849699,0.002008199691772461
93114,normal,380,0,1782359491.8517568,0.002057790756225586
93115,normal,2653,0,1782359491.8536906,0.0019338130950927734
93116,normal,361,0,1782359491.8556914,0.0020008087158203125
93117,normal,983,2,1782359491.8577538,0.0020623207092285156
93118,normal,365,0,1782359491.859691,0.0019371509552001953
93119,normal,644,0,1782359491.8617144,0.002023458480834961
93120,normal,2173,0,1782359491.863757,0.002042531967163086
93121,normal,638,0,1782359491.8656895,0.0019326210021972656
93122,normal,1511,0,1782359491.8676882,0.0019986629486083984
93123,normal,2278,0,1782359491.869761,0.0020728111267089844
93124,normal,2229,0,1782359491.87169,0.0019290447235107422
93125,normal,1178,0,1782359491.8736925,0.0020024776458740234
93126,normal,858,2,1782359491.8757534,0.0020608901977539062
93127,normal,1649,0,1782359491.8776903,0.0019369125366210938
93128,normal,183,0,1782359491.8797033,0.002012968063354492
93129,normal,1882,0,1782359491.881757,0.0020537376403808594
93130,normal,2570,0,1782359491.883699,0.0019419193267822266
93131,normal,2859,0,1782359491.8856943,0.0019953250885009766
93132,normal,2064,0,1782359491.8877566,0.0020623207092285156
93133,normal,452,0,1782359491.88969,0.0019333362579345703
93134,normal,791,2,1782359491.8916912,0.0020012855529785156
93135,normal,1666,0,1782359491.8937545,0.002063274383544922
93136,normal,3477,0,1782359491.895691,0.0019364356994628906
93137,normal,3331,1,1782359491.8976939,0.0020029544830322266
93138,normal,2246,0,1782359491.8997517,0.002057790756225586
93139,normal,77,0,1782359491.9016905,0.0019388198852539062
93140,normal,1172,0,1782359491.903691,0.002000570297241211
93141,normal,3568,0,1782359491.9057724,0.0020813941955566406
93142,normal,1104,0,1782359491.9076903,0.0019178390502929688
93143,normal,1214,0,1782359491.909716,0.002025604248046875
93144,normal,590,0,1782359491.9117558,0.0020399093627929688
93145,normal,1272,0,1782359491.9137082,0.0019524097442626953
93146,normal,2923,0,1782359491.9156897,0.001981496810913086
93147,normal,3538,0,1782359491.9177735,0.0020837783813476562
93148,normal,2940,0,1782359491.9196894,0.0019159317016601562
93149,normal,3285,1,1782359491.9216912,0.0020017623901367188
93150,normal,3401,1,1782359491.9237535,0.0020623207092285156
93151,normal,1574,0,1782359491.92569,0.0019364356994628906
93152,normal,2714,0,1782359491.9276922,0.002002239227294922
93153,normal,2319,0,1782359491.9297523,0.0020601749420166016
93154,normal,285,0,1782359491.9316885,0.001936197280883789
93155,normal,3475,0,1782359491.9336889,0.0020003318786621094
93156,normal,1375,1,1782359491.9357522,0.002063274383544922
93157,normal,270,0,1782359491.9376874,0.0019352436065673828
93158,normal,248,0,1782359491.939695,0.0020074844360351562
93159,normal,3037,0,1782359491.9417493,0.002054452896118164
93160,normal,472,0,1782359491.9436889,0.001939535140991211
93161,normal,3652,0,1782359491.9456956,0.0020067691802978516
93162,normal,3428,0,1782359491.9477594,0.002063751220703125
93163,normal,2392,0,1782359491.9496932,0.0019338130950927734
93164,normal,392,0,1782359491.9516933,0.002000093460083008
93165,normal,2465,0,1782359491.9537525,0.0020592212677001953
93166,normal,1906,0,1782359491.9556904,0.0019378662109375
93167,normal,1899,0,1782359491.9576979,0.0020074844360351562
93168,normal,700,0,1782359491.9597528,0.002054929733276367
93169,normal,3026,0,1782359491.9616923,0.001939535140991211
93170,normal,112,0,1782359491.9636905,0.0019981861114501953
93171,normal,809,2,1782359491.9657521,0.002061605453491211
93172,normal,3185,1,1782359491.9676898,0.0019376277923583984
93173,normal,931,2,1782359491.9696891,0.001999378204345703
93174,normal,1474,0,1782359491.971755,0.002065896987915039
93175,normal,2320,0,1782359491.973689,0.001934051513671875
93176,normal,625,0,1782359491.97569,0.0020008087158203125
93177,normal,2625,0,1782359491.9777517,0.0020618438720703125
93178,normal,3590,0,1782359491.9796894,0.0019376277923583984
93179,normal,451,0,1782359491.9816933,0.002003908157348633
93180,normal,386,0,1782359491.983755,0.0020618438720703125
93181,normal,1597,0,1782359491.9856908,0.001935720443725586
93182,normal,1639,0,1782359491.98769,0.0019991397857666016
93183,normal,3581,0,1782359491.9897532,0.002063274383544922
93184,normal,3479,0,1782359491.9916887,0.0019354820251464844
93185,normal,2929,0,1782359491.993693,0.002004384994506836
93186,normal,3489,0,1782359491.9957657,0.002072572708129883
93187,normal,376,0,1782359491.9976952,0.0019295215606689453
93188,normal,3278,1,1782359491.9996886,0.001993417739868164
93189,normal,903,2,1782359492.0017579,0.002069234848022461
93190,normal,454,0,1782359492.0036888,0.0019309520721435547
93191,normal,2761,0,1782359492.0056906,0.0020017623901367188
93192,normal,369,0,1782359492.0077512,0.0020606517791748047
93193,normal,2602,0,1782359492.009784,0.002032756805419922
93194,normal,3697,0,1782359492.0117972,0.0020132064819335938
93195,normal,1646,0,1782359492.0138068,0.0020096302032470703
93196,normal,2163,0,1782359492.0157032,0.0018963813781738281
93197,normal,373,0,1782359492.0177028,0.0019996166229248047
93198,normal,1192,0,1782359492.0197802,0.002077341079711914
93199,normal,1580,0,1782359492.0217054,0.0019252300262451172
93200,normal,2450,0,1782359492.0236945,0.001989126205444336
93201,normal,3244,1,1782359492.0257828,0.002088308334350586
93202,normal,909,2,1782359492.0276873,0.0019044876098632812
93203,normal,1887,0,1782359492.0297017,0.0020143985748291016
93204,normal,731,0,1782359492.0317683,0.0020666122436523438
93205,normal,2697,0,1782359492.033719,0.0019507408142089844
93206,normal,882,2,1782359492.0356936,0.0019745826721191406
93207,normal,3237,1,1782359492.0378032,0.002109527587890625
93208,normal,1736,0,1782359492.0396934,0.0018901824951171875
93209,normal,3547,0,1782359492.0417054,0.002012014389038086
93210,normal,131,0,1782359492.0437691,0.002063751220703125
93211,normal,3021,0,1782359492.0457044,0.0019352436065673828
93212,normal,2639,0,1782359492.0476875,0.001983165740966797
93213,normal,3497,0,1782359492.0497801,0.002092599868774414
93214,normal,2295,0,1782359492.0516906,0.0019104480743408203
93215,normal,458,0,1782359492.0537019,0.0020112991333007812
93216,normal,3361,1,1782359492.0557857,0.0020837783813476562
93217,normal,3384,1,1782359492.057736,0.0019502639770507812
93218,normal,3400,1,1782359492.0596905,0.0019545555114746094
93219,normal,926,2,1782359492.0617821,0.002091646194458008
93220,normal,3187,1,1782359492.063688,0.0019059181213378906
93221,normal,1604,0,1782359492.0656986,0.0020105838775634766
93222,normal,835,2,1782359492.0677829,0.0020842552185058594
93223,normal,568,0,1782359492.0697043,0.0019214153289794922
93224,normal,2358,0,1782359492.0716908,0.0019865036010742188
93225,normal,577,0,1782359492.0737963,0.0021054744720458984
93226,normal,2534,0,1782359492.0757015,0.001905202865600586
93227,normal,1843,0,1782359492.077689,0.001987457275390625
93228,normal,1442,0,1782359492.0797844,0.002095460891723633
93229,normal,643,0,1782359492.0817049,0.001920461654663086
93230,normal,224,0,1782359492.0836895,0.0019845962524414062
93231,normal,1851,0,1782359492.085788,0.002098560333251953
93232,normal,533,0,1782359492.0877018,0.0019137859344482422
93233,normal,1633,0,1782359492.0896938,0.0019919872283935547
93234,normal,397,0,1782359492.09178,0.002086162567138672
93235,normal,1935,0,1782359492.0937042,0.001924276351928711
93236,normal,2086,0,1782359492.0957315,0.002027273178100586
93237,normal,3113,1,1782359492.0977988,0.0020673274993896484
93238,normal,2592,0,1782359492.0997066,0.0019078254699707031
93239,normal,2866,0,1782359492.1016936,0.001986980438232422
93240,normal,3299,1,1782359492.1037867,0.002093076705932617
93241,normal,1865,0,1782359492.1057029,0.0019161701202392578
93242,normal,1160,0,1782359492.107696,0.0019931793212890625
93243,normal,725,0,1782359492.109897,0.0022008419036865234
93244,normal,3614,0,1782359492.1117094,0.0018124580383300781
93245,normal,509,0,1782359492.113699,0.001989603042602539
93246,normal,2631,0,1782359492.1157846,0.0020856857299804688
93247,normal,280,0,1782359492.1177034,0.001918792724609375
93248,normal,2613,0,1782359492.119688,0.0019845962524414062
93249,normal,1725,0,1782359492.1217787,0.0020906925201416016
93250,normal,2954,0,1782359492.1237109,0.0019321441650390625
93251,normal,1654,0,1782359492.125688,0.001977205276489258
93252,normal,2736,0,1782359492.1277776,0.0020895004272460938
93253,normal,2781,0,1782359492.129704,0.001926422119140625
93254,normal,3343,1,1782359492.1316884,0.0019843578338623047
93255,normal,2152,0,1782359492.133774,0.0020856857299804688
93256,normal,489,0,1782359492.1357026,0.001928567886352539
93257,normal,126,0,1782359492.1376886,0.0019860267639160156
93258,normal,1434,0,1782359492.1397839,0.0020952224731445312
93259,normal,1955,0,1782359492.1417048,0.001920938491821289
93260,normal,2513,0,1782359492.143691,0.001986265182495117
93261,normal,615,0,1782359492.145782,0.002090930938720703
93262,normal,3162,1,1782359492.1477003,0.0019183158874511719
93263,normal,2673,0,1782359492.1496873,0.001986980438232422
93264,normal,3213,1,1782359492.151798,0.002110719680786133
93265,normal,1039,0,1782359492.1536984,0.0019004344940185547
93266,normal,1317,0,1782359492.1557007,0.002002239227294922
93267,normal,1576,0,1782359492.1577969,0.0020961761474609375
93268,normal,885,2,1782359492.1597052,0.0019083023071289062
93269,normal,3316,1,1782359492.1616945,0.0019893646240234375
93270,normal,2454,0,1782359492.1637852,0.0020906925201416016
93271,normal,1356,1,1782359492.1657026,0.0019173622131347656
93272,normal,518,0,1782359492.1676898,0.0019872188568115234
93273,normal,1044,0,1782359492.1697805,0.0020906925201416016
93274,normal,1975,0,1782359492.1717012,0.0019207000732421875
93275,normal,1483,0,1782359492.173689,0.0019876956939697266
93276,normal,2134,0,1782359492.1757889,0.0020999908447265625
93277,normal,3403,0,1782359492.1777005,0.0019116401672363281
93278,normal,1503,0,1782359492.1796894,0.0019888877868652344
93279,normal,1743,0,1782359492.1817842,0.002094745635986328
93280,normal,1279,0,1782359492.1837018,0.0019176006317138672
93281,normal,827,2,1782359492.1856923,0.0019905567169189453
93282,normal,100,0,1782359492.1877842,0.0020918846130371094
93283,normal,2120,0,1782359492.1897037,0.0019195079803466797
93284,normal,88,0,1782359492.1917,0.001996278762817383
93285,normal,1956,0,1782359492.193782,0.0020821094512939453
93286,normal,751,0,1782359492.1957023,0.0019202232360839844
93287,normal,618,0,1782359492.1976914,0.001989126205444336
93288,normal,2242,0,1782359492.1997862,0.002094745635986328
93289,normal,642,0,1782359492.2017024,0.0019161701202392578
93290,normal,2051,0,1782359492.2036886,0.001986265182495117
93291,normal,2206,0,1782359492.2057762,0.0020875930786132812
93292,normal,1313,0,1782359492.2076993,0.0019230842590332031
93293,normal,3594,0,1782359492.209688,0.001988649368286133
93294,normal,3114,1,1782359492.2117841,0.0020961761474609375
93295,normal,2326,0,1782359492.2136831,0.0018990039825439453
93296,normal,2189,0,1782359492.2157,0.002016782760620117
93297,normal,2540,0,1782359492.2177887,0.002088785171508789
93298,normal,2260,0,1782359492.2197025,0.0019137859344482422
93299,normal,2192,0,1782359492.2216868,0.0019843578338623047
93300,normal,2543,0,1782359492.223778,0.0020911693572998047
93301,normal,3620,0,1782359492.2256873,0.0019092559814453125
93302,normal,539,0,1782359492.2277002,0.002012968063354492
93303,normal,875,2,1782359492.2298074,0.0021071434020996094
93304,normal,3273,1,1782359492.231706,0.0018985271453857422
93305,normal,645,0,1782359492.2336822,0.0019762516021728516
93306,normal,2227,0,1782359492.2357996,0.0021173954010009766
93307,normal,1488,0,1782359492.2377005,0.0019009113311767578
93308,normal,3305,1,1782359492.2396917,0.00199127197265625
93309,normal,1007,2,1782359492.2417817,0.002089977264404297
93310,normal,2059,0,1782359492.2436876,0.0019059181213378906
93311,normal,890,2,1782359492.2458467,0.00215911865234375
93312,normal,1481,0,1782359492.2477963,0.0019495487213134766
93313,normal,3387,1,1782359492.249734,0.0019376277923583984
93314,normal,904,2,1782359492.251721,0.001986980438232422
93315,normal,521,0,1782359492.2538173,0.002096414566040039
93316,normal,297,0,1782359492.2557256,0.0019083023071289062
93317,normal,2822,0,1782359492.2577562,0.002030611038208008
93318,normal,744,0,1782359492.2598236,0.0020673274993896484
93319,normal,1876,0,1782359492.2617292,0.001905679702758789
93320,normal,3559,0,1782359492.2637246,0.0019953250885009766
93321,normal,426,0,1782359492.265808,0.0020835399627685547
93322,normal,3461,0,1782359492.2677252,0.001917123794555664
93323,normal,1904,0,1782359492.2697597,0.002034425735473633
93324,normal,237,0,1782359492.2718177,0.0020580291748046875
93325,normal,3289,1,1782359492.2737322,0.0019145011901855469
93326,normal,2393,0,1782359492.2757187,0.0019865036010742188
93327,normal,1364,1,1782359492.2778194,0.002100706100463867
93328,normal,1205,0,1782359492.2797246,0.001905202865600586
93329,normal,1517,0,1782359492.2817116,0.001986980438232422
93330,normal,106,0,1782359492.2838218,0.0021102428436279297
93331,normal,695,0,1782359492.285734,0.0019121170043945312
93332,normal,2657,0,1782359492.2877135,0.0019795894622802734
93333,normal,2591,0,1782359492.2898147,0.0021011829376220703
93334,normal,803,2,1782359492.2917154,0.0019006729125976562
93335,normal,1755,0,1782359492.2937214,0.002006053924560547
93336,normal,3587,0,1782359492.2958255,0.002104043960571289
93337,normal,223,0,1782359492.297737,0.0019114017486572266
93338,normal,3148,1,1782359492.2997158,0.0019788742065429688
93339,normal,2751,0,1782359492.3018072,0.0020914077758789062
93340,normal,3393,1,1782359492.303756,0.0019488334655761719
93341,normal,1491,0,1782359492.3057232,0.001967191696166992
93342,normal,2245,0,1782359492.307827,0.0021038055419921875
93343,normal,649,0,1782359492.3097298,0.0019028186798095703
93344,normal,101,0,1782359492.3117166,0.0019867420196533203
93345,normal,1457,0,1782359492.3138134,0.002096891403198242
93346,normal,2137,0,1782359492.3157594,0.0019459724426269531
93347,normal,1613,0,1782359492.317726,0.0019664764404296875
93348,normal,388,0,1782359492.3198252,0.002099275588989258
93349,normal,1014,2,1782359492.3217335,0.0019083023071289062
93350,normal,3517,0,1782359492.3237133,0.001979827880859375
93351,normal,3252,1,1782359492.3258116,0.0020983219146728516
93352,normal,3126,1,1782359492.3277209,0.0019092559814453125
93353,normal,2857,0,1782359492.3297193,0.001998424530029297
93354,normal,2575,0,1782359492.3318179,0.002098560333251953
93355,normal,2780,0,1782359492.3337367,0.001918792724609375
93356,normal,2385,0,1782359492.335717,0.001980304718017578
93357,normal,1805,0,1782359492.3378248,0.002107858657836914
93358,normal,2934,0,1782359492.3397565,0.0019316673278808594
93359,normal,1997,0,1782359492.3417213,0.0019648075103759766
93360,normal,2042,0,1782359492.3438208,0.0020995140075683594
93361,normal,506,0,1782359492.345715,0.001894235610961914
93362,normal,2048,0,1782359492.3477008,0.001985788345336914
93363,normal,870,2,1782359492.3497329,0.002032041549682617
93364,normal,2063,0,1782359492.3517401,0.0020072460174560547
93365,normal,1200,0,1782359492.3537037,0.0019636154174804688
93366,normal,2782,0,1782359492.3557847,0.0020809173583984375
93367,normal,923,2,1782359492.357689,0.0019042491912841797
93368,normal,1664,0,1782359492.3597033,0.0020143985748291016
93369,normal,1569,0,1782359492.3618176,0.0021142959594726562
93370,normal,2077,0,1782359492.3637059,0.001888275146484375
93371,normal,2836,0,1782359492.3656857,0.001979827880859375
93372,normal,2011,0,1782359492.3677893,0.002103567123413086
93373,normal,481,0,1782359492.3697054,0.0019161701202392578
93374,normal,390,0,1782359492.371685,0.0019795894622802734
93375,normal,3386,1,1782359492.3737905,0.0021054744720458984
93376,normal,3170,1,1782359492.3756893,0.0018987655639648438
93377,normal,3131,1,1782359492.3777,0.002010822296142578
93378,normal,2348,0,1782359492.3798192,0.0021190643310546875
93379,normal,1431,0,1782359492.3817093,0.0018901824951171875
93380,normal,1468,0,1782359492.3836846,0.0019752979278564453
93381,normal,580,0,1782359492.3857965,0.0021119117736816406
93382,normal,1610,0,1782359492.387689,0.0018925666809082031
93383,normal,1717,0,1782359492.389702,0.002012968063354492
93384,normal,1225,0,1782359492.391793,0.002090930938720703
93385,normal,253,0,1782359492.393728,0.0019350051879882812
93386,normal,2261,0,1782359492.3956892,0.001961231231689453
93387,normal,3200,1,1782359492.3977768,0.0020875930786132812
93388,normal,3452,0,1782359492.3996894,0.0019125938415527344
93389,normal,1107,0,1782359492.4016998,0.002010345458984375
93390,normal,1177,0,1782359492.4037974,0.002097606658935547
93391,normal,891,2,1782359492.4057007,0.0019032955169677734
93392,normal,1839,0,1782359492.4076908,0.001990079879760742
93393,normal,537,0,1782359492.4097805,0.0020897388458251953
93394,normal,1501,0,1782359492.4116874,0.0019068717956542969
93395,normal,808,2,1782359492.4137008,0.0020134449005126953
93396,normal,3635,0,1782359492.4157672,0.002066373825073242
93397,normal,830,2,1782359492.4176893,0.0019221305847167969
93398,normal,1568,0,1782359492.4197102,0.0020208358764648438
93399,normal,571,0,1782359492.4217796,0.0020694732666015625
93400,normal,1884,0,1782359492.4237032,0.0019235610961914062
93401,normal,849,2,1782359492.4256954,0.0019922256469726562
93402,normal,854,2,1782359492.4277844,0.0020890235900878906
93403,normal,1739,0,1782359492.4297006,0.0019161701202392578
93404,normal,3291,1,1782359492.431694,0.001993417739868164
93405,normal,3315,1,1782359492.433783,0.0020890235900878906
93406,normal,1593,0,1782359492.4356987,0.0019156932830810547
93407,normal,55,0,1782359492.4377506,0.002051830291748047
93408,normal,2688,0,1782359492.439808,0.002057313919067383
93409,normal,3209,1,1782359492.4417045,0.0018966197967529297
93410,normal,2615,0,1782359492.4436889,0.0019843578338623047
93411,normal,3099,1,1782359492.4457505,0.002061605453491211
93412,normal,2347,0,1782359492.4477134,0.001962900161743164
93413,normal,151,0,1782359492.44969,0.0019767284393310547
93414,normal,1831,0,1782359492.4517791,0.0020890235900878906
93415,normal,764,0,1782359492.4537184,0.0019392967224121094
93416,normal,47,0,1782359492.455724,0.0020055770874023438
93417,normal,2191,0,1782359492.4577506,0.0020265579223632812
93418,normal,3168,1,1782359492.4597056,0.0019550323486328125
93419,normal,1323,1,1782359492.4616916,0.0019860267639160156
93420,normal,3203,1,1782359492.4637942,0.0021026134490966797
93421,normal,1333,1,1782359492.4656904,0.0018961429595947266
93422,normal,63,0,1782359492.467702,0.002011537551879883
93423,normal,3014,0,1782359492.469793,0.0020911693572998047
93424,normal,3466,0,1782359492.4716997,0.0019066333770751953
93425,normal,1877,0,1782359492.473686,0.001986265182495117
93426,normal,1101,0,1782359492.4757879,0.002101898193359375
93427,normal,1728,0,1782359492.4777021,0.0019142627716064453
93428,normal,2431,0,1782359492.4796913,0.001989126205444336
93429,normal,3440,0,1782359492.4817812,0.002089977264404297
93430,normal,655,0,1782359492.483688,0.0019068717956542969
93431,normal,2855,0,1782359492.4856985,0.002010345458984375
93432,normal,2487,0,1782359492.487794,0.002095460891723633
93433,normal,2693,0,1782359492.4897022,0.0019083023071289062
93434,normal,1219,0,1782359492.491689,0.0019867420196533203
93435,normal,3088,1,1782359492.4937804,0.0020914077758789062
93436,normal,3473,0,1782359492.4957013,0.001920938491821289
93437,normal,1996,0,1782359492.4976904,0.001989126205444336
93438,normal,970,2,1782359492.4997807,0.0020902156829833984
93439,normal,1565,0,1782359492.501701,0.001920461654663086
93440,normal,3441,0,1782359492.5036974,0.001996278762817383
93441,normal,174,0,1782359492.5057817,0.0020842552185058594
93442,normal,2829,0,1782359492.507703,0.0019214153289794922
93443,normal,1028,2,1782359492.5096946,0.0019915103912353516
93444,normal,357,0,1782359492.5117779,0.002083301544189453
93445,normal,3324,1,1782359492.5137014,0.0019235610961914062
93446,normal,1786,0,1782359492.5156875,0.0019860267639160156
93447,normal,1896,0,1782359492.5177772,0.0020897388458251953
93448,normal,60,0,1782359492.5196898,0.0019125938415527344
93449,normal,1818,0,1782359492.5216992,0.0020093917846679688
93450,normal,750,0,1782359492.5237966,0.0020973682403564453
93451,normal,469,0,1782359492.5257027,0.0019061565399169922
93452,normal,425,0,1782359492.527686,0.0019834041595458984
93453,normal,2141,0,1782359492.529773,0.0020868778228759766
93454,normal,2695,0,1782359492.531689,0.0019159317016601562
93455,normal,1993,0,1782359492.5337021,0.0020132064819335938
93456,normal,3156,1,1782359492.5358005,0.0020983219146728516
93457,normal,2412,0,1782359492.537701,0.0019004344940185547
93458,normal,2704,0,1782359492.5396857,0.001984834671020508
93459,normal,3079,1,1782359492.5417628,0.0020771026611328125
93460,normal,1591,0,1782359492.5437014,0.0019385814666748047
93461,normal,3596,0,1782359492.5456872,0.001985788345336914
93462,normal,3468,0,1782359492.54778,0.0020928382873535156
93463,normal,353,0,1782359492.5496886,0.0019085407257080078
93464,normal,2968,0,1782359492.5516992,0.0020105838775634766
93465,normal,1625,0,1782359492.553788,0.002088785171508789
93466,normal,2301,0,1782359492.5557039,0.0019159317016601562
93467,normal,987,2,1782359492.5576844,0.0019805431365966797
93468,normal,2355,0,1782359492.5597782,0.002093791961669922
93469,normal,3276,1,1782359492.5616872,0.001909017562866211
93470,normal,3534,0,1782359492.5636928,0.0020055770874023438
93471,normal,1856,0,1782359492.5657904,0.002097606658935547
93472,normal,2723,0,1782359492.5676987,0.0019083023071289062
93473,normal,3612,0,1782359492.5696826,0.0019838809967041016
93474,normal,1814,0,1782359492.571744,0.0020613670349121094
93475,normal,804,2,1782359492.5736966,0.0019526481628417969
93476,normal,738,0,1782359492.5758445,0.0021479129791259766
93477,normal,2990,0,1782359492.5777884,0.001943826675415039
93478,normal,3122,1,1782359492.5796885,0.0019001960754394531
93479,normal,3197,1,1782359492.5817132,0.0020246505737304688
93480,normal,2790,0,1782359492.5838118,0.002098560333251953
93481,normal,1222,0,1782359492.5857012,0.0018894672393798828
93482,normal,1256,0,1782359492.5876818,0.0019805431365966797
93483,normal,632,0,1782359492.5898013,0.0021195411682128906
93484,normal,3684,0,1782359492.5916867,0.0018854141235351562
93485,normal,3246,1,1782359492.593694,0.0020072460174560547
93486,normal,1959,0,1782359492.595793,0.0020990371704101562
93487,normal,2321,0,1782359492.5977244,0.0019314289093017578
93488,normal,2628,0,1782359492.5997827,0.002058267593383789
93489,normal,1166,0,1782359492.6018176,0.002034902572631836
93490,normal,1490,0,1782359492.603707,0.0018894672393798828
93491,normal,1096,0,1782359492.6057148,0.002007722854614258
93492,normal,15,0,1782359492.6077855,0.0020706653594970703
93493,normal,113,0,1782359492.609724,0.0019385814666748047
93494,normal,3352,1,1782359492.612946,0.0032219886779785156
93495,normal,2599,0,1782359492.6137125,0.0007665157318115234
93496,normal,3554,0,1782359492.6157017,0.001989126205444336
93497,normal,1161,0,1782359492.6176832,0.001981496810913086
93498,normal,3526,0,1782359492.6198244,0.002141237258911133
93499,normal,3238,1,1782359492.6217098,0.0018854141235351562
93500,normal,2957,0,1782359492.6237047,0.0019948482513427734
93501,normal,3107,1,1782359492.6257885,0.0020837783813476562
93502,normal,1771,0,1782359492.6276991,0.0019106864929199219
93503,normal,288,0,1782359492.6296859,0.0019867420196533203
93504,normal,2638,0,1782359492.6317465,0.0020606517791748047
93505,normal,2004,0,1782359492.6337152,0.0019686222076416016
93506,normal,1399,0,1782359492.6356947,0.0019795894622802734
93507,normal,1826,0,1782359492.637761,0.002066373825073242
93508,normal,1057,0,1782359492.6396935,0.001932382583618164
93509,normal,3086,1,1782359492.641709,0.0020155906677246094
93510,normal,2707,0,1782359492.643776,0.0020668506622314453
93511,normal,1707,0,1782359492.6457005,0.0019245147705078125
93512,normal,2214,0,1782359492.6476872,0.0019867420196533203
93513,normal,3631,0,1782359492.649797,0.0021097660064697266
93514,normal,2124,0,1782359492.6516876,0.0018906593322753906
93515,normal,2887,0,1782359492.6536949,0.0020072460174560547
93516,normal,3020,0,1782359492.6557753,0.0020804405212402344
93517,normal,3378,1,1782359492.6577027,0.0019273757934570312
93518,normal,3651,0,1782359492.6596954,0.0019927024841308594
93519,normal,2088,0,1782359492.6617782,0.00208282470703125
93520,normal,538,0,1782359492.663697,0.001918792724609375
93521,normal,1289,0,1782359492.6656914,0.0019943714141845703
93522,normal,629,0,1782359492.6677847,0.0020933151245117188
93523,normal,139,0,1782359492.6696906,0.0019059181213378906
93524,normal,9,0,1782359492.6717029,0.0020122528076171875
93525,normal,2474,0,1782359492.6737893,0.0020864009857177734
93526,normal,2020,0,1782359492.6756992,0.0019099712371826172
93527,normal,1656,0,1782359492.677682,0.0019826889038085938
93528,normal,171,0,1782359492.679781,0.0020990371704101562
93529,normal,2690,0,1782359492.6816907,0.0019097328186035156
93530,normal,2030,0,1782359492.6837003,0.0020096302032470703
93531,normal,825,2,1782359492.6857877,0.0020873546600341797
93532,normal,2846,0,1782359492.6877024,0.0019147396087646484
93533,normal,3418,0,1782359492.6896834,0.001981019973754883
93534,normal,2999,0,1782359492.6917646,0.002081155776977539
93535,normal,1742,0,1782359492.6936862,0.0019216537475585938
93536,normal,790,2,1782359492.6957026,0.002016305923461914
93537,normal,762,0,1782359492.697788,0.002085447311401367
93538,normal,3018,0,1782359492.6997025,0.0019145011901855469
93539,normal,3591,0,1782359492.7016866,0.001984119415283203
93540,normal,3685,0,1782359492.703778,0.0020914077758789062
93541,normal,834,2,1782359492.7056904,0.0019123554229736328
93542,normal,1045,0,1782359492.7077065,0.0020160675048828125
93543,normal,282,0,1782359492.7098122,0.002105712890625
93544,normal,2101,0,1782359492.7117,0.0018877983093261719
93545,normal,1801,0,1782359492.71369,0.001990079879760742
93546,normal,2103,0,1782359492.7157767,0.002086639404296875
93547,normal,375,0,1782359492.7176855,0.0019087791442871094
93548,normal,3166,1,1782359492.7196994,0.0020139217376708984
93549,normal,821,2,1782359492.7217867,0.0020873546600341797
93550,normal,344,0,1782359492.7236998,0.0019130706787109375
93551,normal,1811,0,1782359492.7256842,0.0019843578338623047
93552,normal,3119,1,1782359492.7277792,0.0020949840545654297
93553,normal,2906,0,1782359492.7296886,0.001909494400024414
93554,normal,1939,0,1782359492.7317007,0.002012014389038086
93555,normal,2920,0,1782359492.7337897,0.0020890235900878906
93556,normal,3066,1,1782359492.7357013,0.0019116401672363281
93557,normal,3195,1,1782359492.7376902,0.0019888877868652344
93558,normal,727,0,1782359492.7397795,0.002089262008666992
93559,normal,2902,0,1782359492.7416847,0.001905202865600586
93560,normal,1243,0,1782359492.7436974,0.0020127296447753906
93561,normal,1647,0,1782359492.7457936,0.0020961761474609375
93562,normal,2600,0,1782359492.7477007,0.0019071102142333984
93563,normal,732,0,1782359492.749686,0.001985311508178711
93564,normal,1049,0,1782359492.7517836,0.002097606658935547
93565,normal,1283,0,1782359492.7536867,0.0019030570983886719
93566,normal,3072,1,1782359492.7557018,0.0020151138305664062
93567,normal,3643,0,1782359492.7577887,0.0020868778228759766
93568,normal,1030,0,1782359492.759701,0.0019123554229736328
93569,normal,3118,1,1782359492.761691,0.001990079879760742
93570,normal,765,0,1782359492.763771,0.0020799636840820312
93571,normal,447,0,1782359492.7656841,0.0019130706787109375
93572,normal,203,0,1782359492.7677,0.002015829086303711
93573,normal,1921,0,1782359492.769791,0.002090930938720703
93574,normal,3205,1,1782359492.7717047,0.0019137859344482422
93575,normal,1127,0,1782359492.773682,0.0019774436950683594
93576,normal,50,0,1782359492.7757847,0.0021026134490966797
93577,normal,1560,0,1782359492.7776873,0.0019025802612304688
93578,normal,5,0,1782359492.7796974,0.0020101070404052734
93579,normal,652,0,1782359492.78179,0.002092599868774414
93580,normal,2138,0,1782359492.7837057,0.0019156932830810547
93581,normal,1122,0,1782359492.785682,0.0019762516021728516
93582,normal,3267,1,1782359492.787772,0.002089977264404297
93583,normal,355,0,1782359492.789685,0.0019130706787109375
93584,normal,122,0,1782359492.7916949,0.002009868621826172
93585,normal,1500,0,1782359492.7937703,0.0020754337310791016
93586,normal,1670,0,1782359492.7956982,0.0019278526306152344
93587,normal,3233,1,1782359492.7976804,0.0019822120666503906
93588,normal,1241,0,1782359492.799778,0.002097606658935547
93589,normal,2749,0,1782359492.8016858,0.0019078254699707031
93590,normal,912,2,1782359492.8036964,0.0020105838775634766
93591,normal,1253,0,1782359492.8057895,0.002093076705932617
93592,normal,57,0,1782359492.8077,0.0019104480743408203
93593,normal,1073,0,1782359492.8096821,0.0019822120666503906
93594,normal,1069,0,1782359492.811776,0.002093791961669922
93595,normal,2057,0,1782359492.813687,0.001911163330078125
93596,normal,2980,0,1782359492.8157015,0.0020143985748291016
93597,normal,1067,0,1782359492.817784,0.0020825862884521484
93598,normal,244,0,1782359492.8197007,0.001916646957397461
93599,normal,1408,0,1782359492.8216822,0.001981496810913086
93600,normal,2220,0,1782359492.823779,0.002096891403198242
93601,normal,2785,0,1782359492.8256843,0.001905202865600586
93602,normal,2207,0,1782359492.8276997,0.002015352249145508
93603,normal,1174,0,1782359492.8297868,0.002087116241455078
93604,normal,242,0,1782359492.8317008,0.0019140243530273438
93605,normal,1228,0,1782359492.8336866,0.001985788345336914
93606,normal,2689,0,1782359492.8357713,0.0020847320556640625
93607,normal,320,0,1782359492.8376925,0.0019211769104003906
93608,normal,1547,0,1782359492.8396983,0.0020058155059814453
93609,normal,318,0,1782359492.841788,0.0020897388458251953
93610,normal,3283,1,1782359492.8436997,0.0019116401672363281
93611,normal,408,0,1782359492.8456821,0.001982450485229492
93612,normal,1240,0,1782359492.847772,0.0020897388458251953
93613,normal,1637,0,1782359492.8496878,0.0019159317016601562
93614,normal,2099,0,1782359492.851698,0.0020101070404052734
93615,normal,730,0,1782359492.8538115,0.0021135807037353516
93616,normal,2080,0,1782359492.855699,0.0018875598907470703
93617,normal,1938,0,1782359492.8576827,0.001983642578125
93618,normal,2093,0,1782359492.85977,0.0020873546600341797
93619,normal,836,2,1782359492.8616862,0.0019161701202392578
93620,normal,2659,0,1782359492.8636951,0.0020089149475097656
93621,normal,2618,0,1782359492.8657982,0.002103090286254883
93622,normal,3388,1,1782359492.8676963,0.001898050308227539
93623,normal,3054,1,1782359492.8696802,0.0019838809967041016
93624,normal,1050,0,1782359492.871779,0.0020987987518310547
93625,normal,2884,0,1782359492.8736885,0.001909494400024414
93626,normal,2253,0,1782359492.8757045,0.0020160675048828125
93627,normal,1290,0,1782359492.8777995,0.0020949840545654297
93628,normal,1132,0,1782359492.8797028,0.0019032955169677734
93629,normal,1329,1,1782359492.8816938,0.0019910335540771484
93630,normal,2565,0,1782359492.88375,0.002056121826171875
93631,normal,212,0,1782359492.8856978,0.0019478797912597656
93632,normal,798,2,1782359492.8876843,0.0019865036010742188
93633,normal,2747,0,1782359492.8897538,0.0020694732666015625
93634,normal,1702,0,1782359492.8917015,0.001947641372680664
93635,normal,3675,0,1782359492.8936913,0.0019898414611816406
93636,normal,694,0,1782359492.895746,0.0020546913146972656
93637,normal,2364,0,1782359492.8977008,0.001954793930053711
93638,normal,1388,0,1782359492.899687,0.001986265182495117
93639,normal,705,0,1782359492.9017541,0.002067089080810547
93640,normal,2168,0,1782359492.9037,0.0019459724426269531
93641,normal,2370,0,1782359492.9056816,0.001981496810913086
93642,normal,3625,0,1782359492.9077473,0.0020656585693359375
93643,normal,3630,0,1782359492.9097016,0.001954317092895508
93644,normal,2062,0,1782359492.9116833,0.0019817352294921875
93645,normal,3508,0,1782359492.9137473,0.0020639896392822266
93646,normal,2119,0,1782359492.9157004,0.001953125
93647,normal,670,0,1782359492.917683,0.001982450485229492
93648,normal,866,2,1782359492.9197452,0.0020623207092285156
93649,normal,668,0,1782359492.9216962,0.001950979232788086
93650,normal,2967,0,1782359492.9236846,0.0019884109497070312
93651,normal,2114,0,1782359492.9257452,0.0020606517791748047
93652,normal,2481,0,1782359492.9276989,0.001953601837158203
93653,normal,2312,0,1782359492.9296865,0.0019876956939697266
93654,normal,3,0,1782359492.9317534,0.0020668506622314453
93655,normal,1033,0,1782359492.933697,0.0019435882568359375
93656,normal,1267,0,1782359492.9356818,0.001984834671020508
93657,normal,1544,0,1782359492.9377458,0.0020639896392822266
93658,normal,900,2,1782359492.9397013,0.0019555091857910156
93659,normal,2490,0,1782359492.941687,0.001985788345336914
93660,normal,157,0,1782359492.943748,0.0020608901977539062
93661,normal,576,0,1782359492.945702,0.0019540786743164062
93662,normal,1927,0,1782359492.9476826,0.0019805431365966797
93663,normal,3464,0,1782359492.949746,0.002063274383544922
93664,normal,604,0,1782359492.9516973,0.001951456069946289
93665,normal,8,0,1782359492.9536889,0.0019915103912353516
93666,normal,845,2,1782359492.9557445,0.002055644989013672
93667,normal,1309,0,1782359492.9576986,0.0019540786743164062
93668,normal,3409,0,1782359492.959696,0.0019974708557128906
93669,normal,2460,0,1782359492.9617438,0.0020477771759033203
93670,normal,335,0,1782359492.963698,0.0019540786743164062
93671,normal,1588,0,1782359492.9657032,0.002005338668823242
93672,normal,2339,0,1782359492.9677472,0.0020439624786376953
93673,normal,1916,0,1782359492.9697008,0.001953601837158203
93674,normal,323,0,1782359492.971706,0.0020051002502441406
93675,normal,3569,0,1782359492.973749,0.002043008804321289
93676,normal,2865,0,1782359492.9756992,0.0019502639770507812
93677,normal,3557,0,1782359492.9776976,0.001998424530029297
93678,normal,2273,0,1782359492.9797454,0.0020477771759033203
93679,normal,2622,0,1782359492.9816988,0.0019533634185791016
93680,normal,2579,0,1782359492.9836996,0.0020008087158203125
93681,normal,1318,0,1782359492.9857504,0.0020508766174316406
93682,normal,3491,0,1782359492.9876997,0.001949310302734375
93683,normal,3376,1,1782359492.9896953,0.001995563507080078
93684,normal,1747,0,1782359492.9917436,0.0020482540130615234
93685,normal,3564,0,1782359492.9936976,0.0019540786743164062
93686,normal,3083,1,1782359492.9956915,0.001993894577026367
93687,normal,2893,0,1782359492.9977477,0.002056121826171875
93688,normal,222,0,1782359492.9997013,0.001953601837158203
93689,normal,136,0,1782359493.0016828,0.001981496810913086
93690,normal,916,2,1782359493.0037458,0.0020630359649658203
93691,normal,1085,0,1782359493.0056992,0.0019533634185791016
93692,normal,2144,0,1782359493.007733,0.0020339488983154297
93693,normal,2748,0,1782359493.0097594,0.0020263195037841797
93694,normal,2546,0,1782359493.0116866,0.0019271373748779297
93695,normal,1792,0,1782359493.013685,0.001998424530029297
93696,normal,679,0,1782359493.015771,0.0020859241485595703
93697,normal,2531,0,1782359493.0176904,0.0019195079803466797
93698,normal,3566,0,1782359493.0196896,0.0019991397857666016
93699,normal,201,0,1782359493.0217807,0.0020911693572998047
93700,normal,410,0,1782359493.0236993,0.0019185543060302734
93701,normal,3624,0,1782359493.0256813,0.001981973648071289
93702,normal,2686,0,1782359493.0277736,0.0020923614501953125
93703,normal,314,0,1782359493.0296843,0.0019106864929199219
93704,normal,1123,0,1782359493.0316966,0.0020122528076171875
93705,normal,1727,0,1782359493.0337658,0.002069234848022461
93706,normal,2100,0,1782359493.0356977,0.001931905746459961
93707,normal,83,0,1782359493.0376835,0.001985788345336914
93708,normal,362,0,1782359493.039784,0.0021004676818847656
93709,normal,3234,1,1782359493.0416858,0.001901865005493164
93710,normal,508,0,1782359493.0437005,0.002014636993408203
93711,normal,597,0,1782359493.0457647,0.002064228057861328
93712,normal,3164,1,1782359493.0477002,0.0019354820251464844
93713,normal,1936,0,1782359493.0496883,0.0019881725311279297
93714,normal,2478,0,1782359493.0517745,0.002086162567138672
93715,normal,792,2,1782359493.0536876,0.0019130706787109375
93716,normal,3523,0,1782359493.0556943,0.0020067691802978516
93717,normal,2097,0,1782359493.0577672,0.0020728111267089844
93718,normal,949,2,1782359493.0597036,0.0019364356994628906
93719,normal,2007,0,1782359493.0616798,0.0019762516021728516
93720,normal,1837,0,1782359493.063775,0.0020952224731445312
93721,normal,2924,0,1782359493.0656836,0.0019085407257080078
93722,normal,486,0,1782359493.0677056,0.0020220279693603516
93723,normal,3436,0,1782359493.0697732,0.00206756591796875
93724,normal,971,2,1782359493.0716994,0.0019261837005615234
93725,normal,2583,0,1782359493.0736964,0.0019969940185546875
93726,normal,3637,0,1782359493.0757458,0.0020494461059570312
93727,normal,374,0,1782359493.0777078,0.001961946487426758
93728,normal,2784,0,1782359493.079684,0.0019762516021728516
93729,normal,30,0,1782359493.0817466,0.002062559127807617
93730,normal,172,0,1782359493.0837016,0.0019550323486328125
93731,normal,1246,0,1782359493.0856814,0.001979827880859375
93732,normal,1271,0,1782359493.0877542,0.0020728111267089844
93733,normal,844,2,1782359493.0896993,0.0019450187683105469
93734,normal,346,0,1782359493.0916839,0.0019845962524414062
93735,normal,691,0,1782359493.093753,0.002069234848022461
93736,normal,2863,0,1782359493.0956843,0.0019311904907226562
93737,normal,2299,0,1782359493.0976827,0.001998424530029297
93738,normal,3143,1,1782359493.0997467,0.0020639896392822266
93739,normal,3293,1,1782359493.10169,0.001943349838256836
93740,normal,2461,0,1782359493.1036859,0.0019958019256591797
93741,normal,1676,0,1782359493.105746,0.0020601749420166016
93742,normal,1972,0,1782359493.1076846,0.0019385814666748047
93743,normal,3035,0,1782359493.1096845,0.0019998550415039062
93744,normal,1979,0,1782359493.1117682,0.0020837783813476562
93745,normal,1447,0,1782359493.1136873,0.0019190311431884766
93746,normal,1721,0,1782359493.1156836,0.001996278762817383
93747,normal,393,0,1782359493.1177464,0.0020627975463867188
93748,normal,1255,0,1782359493.1196847,0.0019383430480957031
93749,normal,573,0,1782359493.121683,0.0019981861114501953
93750,normal,3410,0,1782359493.1237485,0.0020656585693359375
93751,normal,463,0,1782359493.1256893,0.0019407272338867188
93752,normal,25,0,1782359493.1276894,0.002000093460083008
93753,normal,2864,0,1782359493.1297436,0.0020542144775390625
93754,normal,2150,0,1782359493.1316829,0.0019392967224121094
93755,normal,2140,0,1782359493.133688,0.0020051002502441406
93756,normal,735,0,1782359493.135757,0.0020689964294433594
93757,normal,350,0,1782359493.1376889,0.001931905746459961
93758,normal,2247,0,1782359493.1396837,0.0019948482513427734
93759,normal,766,0,1782359493.141745,0.0020613670349121094
93760,normal,1194,0,1782359493.1436903,0.0019452571868896484
93761,normal,2725,0,1782359493.1456814,0.0019910335540771484
93762,normal,2424,0,1782359493.1477466,0.0020651817321777344
93763,normal,1618,0,1782359493.149691,0.0019445419311523438
93764,normal,2335,0,1782359493.1516855,0.0019943714141845703
93765,normal,1952,0,1782359493.15375,0.0020644664764404297
93766,normal,881,2,1782359493.1557019,0.0019519329071044922
93767,normal,3638,0,1782359493.15768,0.001978158950805664
93768,normal,339,0,1782359493.1597502,0.002070188522338867
93769,normal,2258,0,1782359493.161689,0.0019388198852539062
93770,normal,2682,0,1782359493.1636841,0.001995086669921875
93771,normal,3642,0,1782359493.165762,0.002077817916870117
93772,normal,3280,1,1782359493.167687,0.0019249916076660156
93773,normal,2597,0,1782359493.1696813,0.0019943714141845703
93774,normal,1197,0,1782359493.1717532,0.002071857452392578
93775,normal,574,0,1782359493.1736887,0.0019354820251464844
93776,normal,3673,0,1782359493.1756835,0.0019948482513427734
93777,normal,1216,0,1782359493.1777465,0.0020630359649658203
93778,normal,2807,0,1782359493.179686,0.001939535140991211
93779,normal,85,0,1782359493.1816835,0.0019974708557128906
93780,normal,1626,0,1782359493.1837535,0.0020699501037597656
93781,normal,2738,0,1782359493.1856897,0.001936197280883789
93782,normal,1155,0,1782359493.187683,0.001993417739868164
93783,normal,475,0,1782359493.189748,0.002064943313598633
93784,normal,1265,0,1782359493.1916854,0.0019373893737792969
93785,normal,1047,0,1782359493.1936827,0.001997232437133789
93786,normal,396,0,1782359493.1957483,0.0020656585693359375
93787,normal,1058,0,1782359493.1976914,0.0019431114196777344
93788,normal,2775,0,1782359493.1996846,0.0019931793212890625
93789,normal,1779,0,1782359493.201748,0.002063274383544922
93790,normal,1,0,1782359493.2036855,0.0019376277923583984
93791,normal,1623,0,1782359493.205692,0.00200653076171875
93792,normal,1908,0,1782359493.207752,0.0020599365234375
93793,normal,2190,0,1782359493.2096908,0.0019388198852539062
93794,normal,954,2,1782359493.2125757,0.0028848648071289062
93795,normal,558,0,1782359493.2137046,0.0011289119720458984
93796,normal,2463,0,1782359493.2156832,0.001978635787963867
93797,normal,2728,0,1782359493.2176874,0.0020041465759277344
93798,normal,2572,0,1782359493.219757,0.002069711685180664
93799,normal,2742,0,1782359493.2216887,0.0019316673278808594
93800,normal,788,2,1782359493.2236848,0.0019960403442382812
93801,normal,1432,0,1782359493.2257571,0.0020723342895507812
93802,normal,473,0,1782359493.227696,0.0019388198852539062
93803,normal,3043,0,1782359493.2296903,0.0019943714141845703
93804,normal,1022,2,1782359493.2317405,0.002050161361694336
93805,normal,2181,0,1782359493.23367,0.0019295215606689453
93806,normal,2106,0,1782359493.2357132,0.0020432472229003906
93807,normal,1420,0,1782359493.237739,0.0020258426666259766
93808,normal,3041,0,1782359493.239689,0.0019500255584716797
93809,normal,724,0,1782359493.2416942,0.0020051002502441406
93810,normal,3190,1,1782359493.2437444,0.002050161361694336
93811,normal,2025,0,1782359493.245688,0.0019435882568359375
93812,normal,2621,0,1782359493.2476854,0.0019974708557128906
93813,normal,21,0,1782359493.2497356,0.002050161361694336
93814,normal,1259,0,1782359493.2516892,0.001953601837158203
93815,normal,2566,0,1782359493.253693,0.002003908157348633
93816,normal,1518,0,1782359493.2557347,0.0020415782928466797
93817,normal,685,0,1782359493.257707,0.0019724369049072266
93818,normal,2994,0,1782359493.2596936,0.0019865036010742188
93819,normal,2911,0,1782359493.2617462,0.0020525455474853516
93820,normal,2712,0,1782359493.2636907,0.0019445419311523438
93821,normal,818,2,1782359493.2656913,0.002000570297241211
93822,normal,293,0,1782359493.2677383,0.0020470619201660156
93823,normal,3375,1,1782359493.2696717,0.0019333362579345703
93824,normal,11,0,1782359493.2716994,0.002027750015258789
93825,normal,3530,0,1782359493.2737396,0.0020401477813720703
93826,normal,2993,0,1782359493.2756927,0.001953125
93827,normal,3268,1,1782359493.2776875,0.0019948482513427734
93828,normal,1645,0,1782359493.2797348,0.002047300338745117
93829,normal,3177,1,1782359493.2816892,0.001954317092895508
93830,normal,3173,1,1782359493.283693,0.002003908157348633
93831,normal,593,0,1782359493.285754,0.0020608901977539062
93832,normal,3583,0,1782359493.2876902,0.001936197280883789
93833,normal,1429,0,1782359493.289689,0.0019989013671875
93834,normal,3204,1,1782359493.2917356,0.0020465850830078125
93835,normal,3524,0,1782359493.2936888,0.001953125
93836,normal,2806,0,1782359493.2956874,0.0019986629486083984
93837,normal,407,0,1782359493.2977426,0.0020551681518554688
93838,normal,1960,0,1782359493.2996895,0.0019469261169433594
93839,normal,2186,0,1782359493.3016868,0.001997232437133789
93840,normal,1426,0,1782359493.3037395,0.002052783966064453
93841,normal,3560,0,1782359493.305687,0.0019474029541015625
93842,normal,1071,0,1782359493.3076878,0.0020008087158203125
93843,normal,2675,0,1782359493.3097513,0.0020635128021240234
93844,normal,1395,0,1782359493.3116891,0.0019378662109375
93845,normal,2270,0,1782359493.313688,0.0019989013671875
93846,normal,3137,1,1782359493.3157368,0.0020487308502197266
93847,normal,2505,0,1782359493.3176894,0.0019526481628417969
93848,normal,1280,0,1782359493.3196874,0.0019979476928710938
93849,normal,899,2,1782359493.3217514,0.0020639896392822266
93850,normal,3420,0,1782359493.32369,0.0019385814666748047
93851,normal,294,0,1782359493.325688,0.0019979476928710938
93852,normal,3578,0,1782359493.3277397,0.002051830291748047
93853,normal,496,0,1782359493.329688,0.0019483566284179688
93854,normal,1171,0,1782359493.3316898,0.0020017623901367188
93855,normal,1783,0,1782359493.3337479,0.0020580291748046875
93856,normal,1724,0,1782359493.3356907,0.0019428730010986328
93857,normal,2027,0,1782359493.337687,0.001996278762817383
93858,normal,2436,0,1782359493.339744,0.0020570755004882812
93859,normal,3520,0,1782359493.3416939,0.0019497871398925781
93860,normal,3129,1,1782359493.343686,0.0019922256469726562
93861,normal,3561,0,1782359493.345742,0.0020558834075927734
93862,normal,232,0,1782359493.3476956,0.001953601837158203
93863,normal,413,0,1782359493.3497784,0.00208282470703125
93864,normal,2610,0,1782359493.3520634,0.002285003662109375
93865,normal,3220,1,1782359493.35379,0.0017266273498535156
93866,normal,1291,0,1782359493.3558245,0.002034425735473633
93867,normal,81,0,1782359493.35793,0.0021054744720458984
93868,normal,2204,0,1782359493.3598628,0.0019328594207763672
93869,normal,2483,0,1782359493.361651,0.0017881393432617188
93870,normal,540,0,1782359493.3639495,0.002298593521118164
93871,normal,2733,0,1782359493.3657823,0.001832723617553711
93872,normal,1909,0,1782359493.367808,0.0020258426666259766
93873,normal,2550,0,1782359493.3699503,0.002142190933227539
93874,normal,340,0,1782359493.37178,0.0018296241760253906
93875,normal,2834,0,1782359493.373962,0.0021820068359375
93876,normal,1080,0,1782359493.3758173,0.0018553733825683594
93877,normal,2395,0,1782359493.3777785,0.001961231231689453
93878,normal,500,0,1782359493.3798146,0.0020360946655273438
93879,normal,718,0,1782359493.3819425,0.0021278858184814453
93880,normal,2799,0,1782359493.3837671,0.0018246173858642578
93881,normal,1890,0,1782359493.3859694,0.002202272415161133
93882,normal,3424,0,1782359493.3877835,0.001814126968383789
93883,normal,3192,1,1782359493.3897955,0.002012014389038086
93884,normal,1392,0,1782359493.3917763,0.0019807815551757812
93885,normal,1895,0,1782359493.3939445,0.0021681785583496094
93886,normal,1191,0,1782359493.3957624,0.001817941665649414
93887,normal,2388,0,1782359493.3979545,0.0021920204162597656
93888,normal,2171,0,1782359493.3997908,0.0018362998962402344
93889,normal,1480,0,1782359493.4019477,0.002156972885131836
93890,normal,2803,0,1782359493.403789,0.0018413066864013672
93891,normal,2927,0,1782359493.4059598,0.0021708011627197266
93892,normal,3032,0,1782359493.40776,0.0018000602722167969
93893,normal,991,2,1782359493.4099317,0.002171754837036133
93894,normal,1088,0,1782359493.4119308,0.0019991397857666016
93895,normal,3295,1,1782359493.4137976,0.0018668174743652344
93896,normal,2624,0,1782359493.4157772,0.0019795894622802734
93897,normal,1679,0,1782359493.417927,0.002149820327758789
93898,normal,839,2,1782359493.419766,0.0018389225006103516
93899,normal,2674,0,1782359493.4219575,0.0021915435791015625
93900,normal,504,0,1782359493.423966,0.0020084381103515625
93901,normal,2188,0,1782359493.425932,0.0019659996032714844
93902,normal,2554,0,1782359493.4278564,0.0019245147705078125
93903,normal,2943,0,1782359493.430096,0.0022394657135009766
93904,normal,3494,0,1782359493.4317884,0.0016925334930419922
93905,normal,3690,0,1782359493.434027,0.0022385120391845703
93906,normal,2988,0,1782359493.4359546,0.0019276142120361328
93907,normal,389,0,1782359493.4379287,0.0019741058349609375
93908,normal,103,0,1782359493.4398873,0.001958608627319336
93909,normal,2504,0,1782359493.4421065,0.0022192001342773438
93910,normal,2941,0,1782359493.4437938,0.0016872882843017578
93911,normal,2942,0,1782359493.4459357,0.0021419525146484375
93912,normal,2213,0,1782359493.447773,0.0018372535705566406
93913,normal,459,0,1782359493.4499428,0.0021698474884033203
93914,normal,3116,1,1782359493.451807,0.0018641948699951172
93915,normal,329,0,1782359493.4539387,0.0021317005157470703
93916,normal,2580,0,1782359493.4557383,0.0017995834350585938
93917,normal,2178,0,1782359493.4579422,0.0022039413452148438
93918,normal,2978,0,1782359493.4597566,0.0018143653869628906
93919,normal,633,0,1782359493.4619257,0.0021691322326660156
93920,normal,1892,0,1782359493.4637818,0.001856088638305664
93921,normal,1605,0,1782359493.4659226,0.0021407604217529297
93922,normal,2201,0,1782359493.4677615,0.0018389225006103516
93923,normal,704,0,1782359493.4699569,0.0021953582763671875
93924,normal,1494,0,1782359493.471775,0.0018181800842285156
93925,normal,1103,0,1782359493.473765,0.0019898414611816406
93926,normal,127,0,1782359493.4759417,0.0021767616271972656
93927,normal,1528,0,1782359493.4777656,0.0018239021301269531
93928,normal,2660,0,1782359493.4799123,0.0021467208862304688
93929,normal,1657,0,1782359493.4817846,0.0018723011016845703
93930,normal,3151,1,1782359493.4839199,0.0021352767944335938
93931,normal,1492,0,1782359493.4857674,0.0018475055694580078
93932,normal,3123,1,1782359493.4879758,0.0022084712982177734
93933,normal,2611,0,1782359493.4897585,0.0017826557159423828
93934,normal,1658,0,1782359493.4919145,0.0021560192108154297
93935,normal,2082,0,1782359493.4937868,0.0018723011016845703
93936,normal,90,0,1782359493.4959168,0.0021300315856933594
93937,normal,1708,0,1782359493.4977608,0.0018439292907714844
93938,normal,3678,0,1782359493.4999516,0.002190828323364258
93939,normal,2193,0,1782359493.5017571,0.0018055438995361328
93940,normal,2013,0,1782359493.5039163,0.00215911865234375
93941,normal,3365,1,1782359493.505824,0.0019078254699707031
93942,normal,1126,0,1782359493.5079298,0.002105712890625
93943,normal,1539,0,1782359493.5098825,0.0019526481628417969
93944,normal,3411,0,1782359493.511802,0.0019195079803466797
93945,normal,2588,0,1782359493.513913,0.0021109580993652344
93946,normal,2564,0,1782359493.5157926,0.0018796920776367188
93947,normal,3634,0,1782359493.5177915,0.0019989013671875
93948,normal,2644,0,1782359493.5199604,0.002168893814086914
93949,normal,758,0,1782359493.521763,0.001802682876586914
93950,normal,1622,0,1782359493.5237916,0.0020284652709960938
93951,normal,1965,0,1782359493.5259194,0.0021278858184814453
93952,normal,236,0,1782359493.5277755,0.001856088638305664
93953,normal,1320,1,1782359493.5299487,0.002173185348510742
93954,normal,1561,0,1782359493.5317628,0.001814126968383789
93955,normal,709,0,1782359493.5339162,0.0021533966064453125
93956,normal,647,0,1782359493.5357888,0.0018725395202636719
93957,normal,601,0,1782359493.5379126,0.0021238327026367188
93958,normal,1869,0,1782359493.5397706,0.0018579959869384766
93959,normal,3235,1,1782359493.541948,0.0021774768829345703
93960,normal,3214,1,1782359493.543751,0.0018029212951660156
93961,normal,2745,0,1782359493.5459146,0.0021636486053466797
93962,normal,786,2,1782359493.5477953,0.001880645751953125
93963,normal,268,0,1782359493.549908,0.0021126270294189453
93964,normal,1697,0,1782359493.5517592,0.0018513202667236328
93965,normal,1754,0,1782359493.5539467,0.002187490463256836
93966,normal,3154,1,1782359493.5559185,0.001971721649169922
93967,normal,606,0,1782359493.5577633,0.0018448829650878906
93968,normal,2971,0,1782359493.5599458,0.002182483673095703
93969,normal,579,0,1782359493.5619133,0.0019674301147460938
93970,normal,2835,0,1782359493.5637586,0.0018453598022460938
93971,normal,354,0,1782359493.5659497,0.0021910667419433594
93972,normal,582,0,1782359493.5679114,0.0019617080688476562
93973,normal,796,2,1782359493.56976,0.0018486976623535156
93974,normal,2039,0,1782359493.571979,0.002218961715698242
93975,normal,2825,0,1782359493.5737503,0.0017712116241455078
93976,normal,1830,0,1782359493.5759327,0.002182483673095703
93977,normal,2329,0,1782359493.5777876,0.0018548965454101562
93978,normal,2421,0,1782359493.5799215,0.0021338462829589844
93979,normal,3060,1,1782359493.5817604,0.0018389225006103516
93980,normal,3282,1,1782359493.5839598,0.002199411392211914
93981,normal,3371,1,1782359493.5859087,0.0019488334655761719
93982,normal,1418,0,1782359493.5877843,0.0018756389617919922
93983,normal,747,0,1782359493.5897582,0.001973867416381836
93984,normal,1111,0,1782359493.5919154,0.0021572113037109375
93985,normal,2596,0,1782359493.5937612,0.0018458366394042969
93986,normal,3132,1,1782359493.5959654,0.0022041797637939453
93987,normal,2241,0,1782359493.5978014,0.0018360614776611328
93988,normal,966,2,1782359493.599772,0.001970529556274414
93989,normal,1428,0,1782359493.601783,0.0020110607147216797
93990,normal,799,2,1782359493.6039495,0.0021665096282958984
93991,normal,3039,0,1782359493.6057622,0.0018126964569091797
93992,normal,2274,0,1782359493.6079652,0.0022029876708984375
93993,normal,1000,2,1782359493.60976,0.0017948150634765625
93994,normal,3311,1,1782359493.6120136,0.0022535324096679688
93995,normal,3562,0,1782359493.6137896,0.001775979995727539
93996,normal,759,0,1782359493.6159236,0.002134084701538086
93997,normal,2401,0,1782359493.6177619,0.0018382072448730469
93998,normal,1577,0,1782359493.619926,0.002164125442504883
93999,normal,1769,0,1782359493.6219404,0.0020143985748291016
94000,normal,3105,1,1782359493.6237645,0.0018241405487060547
94001,normal,795,2,1782359493.6259634,0.002198934555053711
94002,normal,2970,0,1782359493.6277754,0.001811981201171875
94003,normal,2656,0,1782359493.6297913,0.002015829086303711
94004,normal,449,0,1782359493.6317794,0.0019881725311279297
94005,normal,2122,0,1782359493.6339288,0.002149343490600586
94006,normal,2830,0,1782359493.6358073,0.001878499984741211
94007,normal,148,0,1782359493.6377742,0.0019669532775878906
94008,normal,1750,0,1782359493.6399612,0.002187013626098633
94009,normal,1701,0,1782359493.6417766,0.0018153190612792969
94010,normal,711,0,1782359493.64397,0.002193450927734375
94011,normal,2740,0,1782359493.6457942,0.0018241405487060547
94012,normal,2883,0,1782359493.6479397,0.002145528793334961
94013,normal,719,0,1782359493.6497934,0.0018537044525146484
94014,normal,3597,0,1782359493.6519337,0.0021402835845947266
94015,normal,1409,0,1782359493.653781,0.0018472671508789062
94016,normal,3139,1,1782359493.6559641,0.002183198928833008
94017,normal,3392,1,1782359493.6577897,0.001825571060180664
94018,normal,2420,0,1782359493.659933,0.002143383026123047
94019,normal,2442,0,1782359493.6617715,0.0018384456634521484
94020,normal,3359,1,1782359493.6639273,0.002155780792236328
94021,normal,219,0,1782359493.6657822,0.0018548965454101562
94022,normal,2009,0,1782359493.6679168,0.002134561538696289
94023,normal,1307,0,1782359493.6699228,0.002006053924560547
94024,normal,2517,0,1782359493.67177,0.0018472671508789062
94025,normal,3391,1,1782359493.6739628,0.0021927356719970703
94026,normal,1453,0,1782359493.675764,0.0018012523651123047
94027,normal,2845,0,1782359493.677939,0.002174854278564453
94028,normal,1767,0,1782359493.679769,0.0018301010131835938
94029,normal,2956,0,1782359493.6819222,0.002153158187866211
94030,normal,3518,0,1782359493.683786,0.001863718032836914
94031,normal,1744,0,1782359493.6859343,0.0021483898162841797
94032,normal,3334,1,1782359493.6879432,0.0020089149475097656
94033,normal,2724,0,1782359493.6897702,0.0018270015716552734
94034,normal,1994,0,1782359493.6919427,0.0021724700927734375
94035,normal,465,0,1782359493.693787,0.0018444061279296875
94036,normal,1087,0,1782359493.6957777,0.0019905567169189453
94037,normal,822,2,1782359493.6979392,0.0021615028381347656
94038,normal,456,0,1782359493.6997807,0.0018415451049804688
94039,normal,2158,0,1782359493.7019343,0.002153635025024414
94040,normal,1497,0,1782359493.7037714,0.001837015151977539
94041,normal,603,0,1782359493.7059255,0.002154111862182617
94042,normal,1157,0,1782359493.7078056,0.0018801689147949219
94043,normal,1624,0,1782359493.7097726,0.0019669532775878906
94044,normal,2468,0,1782359493.7119284,0.002155780792236328
94045,normal,807,2,1782359493.7137654,0.001837015151977539
94046,normal,2322,0,1782359493.715955,0.00218963623046875
94047,normal,2224,0,1782359493.7177515,0.0017964839935302734
94048,normal,3304,1,1782359493.7199311,0.0021796226501464844
94049,normal,2402,0,1782359493.7217782,0.0018470287322998047
94050,normal,464,0,1782359493.7239168,0.0021386146545410156
94051,normal,592,0,1782359493.7257607,0.0018439292907714844
94052,normal,1976,0,1782359493.7279499,0.002189159393310547
94053,normal,800,2,1782359493.7297578,0.0018079280853271484
94054,normal,1891,0,1782359493.7319188,0.0021610260009765625
94055,normal,2856,0,1782359493.7337976,0.0018787384033203125
94056,normal,944,2,1782359493.7359726,0.0021750926971435547
94057,normal,332,0,1782359493.737743,0.0017702579498291016
94058,normal,945,2,1782359493.7397249,0.001981973648071289
94059,normal,1186,0,1782359493.74172,0.001995086669921875
94060,normal,1834,0,1782359493.7437031,0.001983165740966797
94061,normal,1365,1,1782359493.7457137,0.0020105838775634766
94062,normal,2116,0,1782359493.7477026,0.0019888877868652344
94063,normal,2037,0,1782359493.7497237,0.0020210742950439453
94064,normal,2713,0,1782359493.7517488,0.002025127410888672
94065,normal,1343,1,1782359493.753721,0.001972198486328125
94066,normal,3396,1,1782359493.7557185,0.0019974708557128906
94067,normal,1060,0,1782359493.757725,0.00200653076171875
94068,normal,2746,0,1782359493.7597039,0.0019788742065429688
94069,normal,2172,0,1782359493.761726,0.0020220279693603516
94070,normal,1763,0,1782359493.7637224,0.0019965171813964844
94071,normal,1055,0,1782359493.7657313,0.0020089149475097656
94072,normal,364,0,1782359493.7677426,0.0020112991333007812
94073,normal,2698,0,1782359493.769718,0.0019752979278564453
94074,normal,3570,0,1782359493.771758,0.0020401477813720703
94075,normal,887,2,1782359493.7737231,0.001965045928955078
94076,normal,2998,0,1782359493.7757044,0.0019812583923339844
94077,normal,2966,0,1782359493.7777712,0.0020668506622314453
94078,normal,511,0,1782359493.7796617,0.001890420913696289
94079,normal,1575,0,1782359493.781722,0.002060413360595703
94080,normal,1756,0,1782359493.7837226,0.002000570297241211
94081,normal,2022,0,1782359493.7857301,0.0020074844360351562
94082,normal,461,0,1782359493.7877107,0.0019805431365966797
94083,normal,1530,0,1782359493.7897215,0.002010822296142578
94084,normal,2409,0,1782359493.7917292,0.002007722854614258
94085,normal,527,0,1782359493.793709,0.001979827880859375
94086,normal,2979,0,1782359493.7957184,0.0020093917846679688
94087,normal,3443,0,1782359493.7977123,0.001993894577026367
94088,normal,653,0,1782359493.7997622,0.0020499229431152344
94089,normal,1156,0,1782359493.8017442,0.001981973648071289
94090,normal,1109,0,1782359493.803712,0.0019676685333251953
94091,normal,2996,0,1782359493.8057234,0.002011537551879883
94092,normal,2921,0,1782359493.8077211,0.001997709274291992
94093,normal,2223,0,1782359493.8097136,0.001992464065551758
94094,normal,2573,0,1782359493.8119035,0.0021898746490478516
94095,normal,3588,0,1782359493.814255,0.002351522445678711
94096,normal,3481,0,1782359493.8157468,0.0014917850494384766
94097,normal,1515,0,1782359493.817947,0.0022001266479492188
94098,normal,2508,0,1782359493.8198895,0.0019426345825195312
94099,normal,2065,0,1782359493.8218315,0.0019419193267822266
94100,normal,80,0,1782359493.8238568,0.0020253658294677734
94101,normal,740,0,1782359493.8261118,0.002254962921142578
94102,normal,2234,0,1782359493.827799,0.0016872882843017578
94103,normal,2762,0,1782359493.830152,0.0023529529571533203
94104,normal,1078,0,1782359493.831911,0.0017590522766113281
94105,normal,3656,0,1782359493.833961,0.0020499229431152344
94106,normal,2687,0,1782359493.8359878,0.002026796340942383
94107,normal,2871,0,1782359493.838074,0.002086162567138672
94108,normal,3120,1,1782359493.839829,0.0017549991607666016
94109,normal,2230,0,1782359493.8421319,0.002302885055541992
94110,normal,1325,1,1782359493.8438036,0.0016717910766601562
94111,normal,3698,0,1782359493.8461263,0.002322673797607422
94112,normal,3025,0,1782359493.8478692,0.0017428398132324219
94113,normal,1180,0,1782359493.8501992,0.0023300647735595703
94114,normal,2568,0,1782359493.8517945,0.0015952587127685547
94115,normal,1821,0,1782359493.8538656,0.0020711421966552734
94116,normal,2292,0,1782359493.8560476,0.0021820068359375
94117,normal,2669,0,1782359493.8578281,0.0017805099487304688
94118,normal,156,0,1782359493.859849,0.0020208358764648438
94119,normal,958,2,1782359493.8620965,0.0022475719451904297
94120,normal,313,0,1782359493.8637955,0.0016989707946777344
94121,normal,2456,0,1782359493.8660085,0.002213001251220703
94122,normal,296,0,1782359493.8678122,0.0018036365509033203
94123,normal,940,2,1782359493.8700268,0.002214670181274414
94124,normal,42,0,1782359493.8717825,0.0017557144165039062
94125,normal,2567,0,1782359493.8739278,0.0021452903747558594
94126,normal,2375,0,1782359493.8757846,0.0018568038940429688
94127,normal,1294,0,1782359493.8777742,0.001989603042602539
94128,normal,3462,0,1782359493.8799095,0.0021352767944335938
94129,normal,2154,0,1782359493.881779,0.0018694400787353516
94130,normal,78,0,1782359493.8839145,0.0021355152130126953
94131,normal,1008,2,1782359493.885943,0.0020284652709960938
94132,normal,2084,0,1782359493.8880084,0.002065420150756836
94133,normal,1529,0,1782359493.8897789,0.0017704963684082031
94134,normal,2406,0,1782359493.891904,0.002125263214111328
94135,normal,2899,0,1782359493.8937676,0.0018634796142578125
94136,normal,3242,1,1782359493.8959277,0.0021600723266601562
94137,normal,1380,1,1782359493.8977737,0.0018460750579833984
94138,normal,462,0,1782359493.8998132,0.0020394325256347656
94139,normal,3439,0,1782359493.9020355,0.002222299575805664
94140,normal,2353,0,1782359493.903761,0.0017254352569580078
94141,normal,437,0,1782359493.9059212,0.002160310745239258
94142,normal,1907,0,1782359493.9077742,0.0018529891967773438
94143,normal,2868,0,1782359493.909927,0.002152681350708008
94144,normal,2411,0,1782359493.9117606,0.0018336772918701172
94145,normal,1321,1,1782359493.9139214,0.002160787582397461
94146,normal,1297,0,1782359493.9159184,0.0019969940185546875
94147,normal,3330,1,1782359493.9177754,0.0018570423126220703
94148,normal,2585,0,1782359493.9199207,0.0021452903747558594
94149,normal,1893,0,1782359493.9219153,0.001994609832763672
94150,normal,610,0,1782359493.9237528,0.0018374919891357422
94151,normal,600,0,1782359493.9259238,0.002171039581298828
94152,normal,1704,0,1782359493.9279187,0.0019948482513427734
94153,normal,1765,0,1782359493.9297507,0.0018320083618164062
94154,normal,2919,0,1782359493.9319286,0.0021779537200927734
94155,normal,1957,0,1782359493.9338048,0.0018761157989501953
94156,normal,979,2,1782359493.936199,0.0023941993713378906
94157,normal,3266,1,1782359493.9379928,0.0017938613891601562
94158,normal,3056,1,1782359493.9400954,0.0021026134490966797
94159,normal,327,0,1782359493.9417806,0.0016851425170898438
94160,normal,316,0,1782359493.944174,0.002393484115600586
94161,normal,87,0,1782359493.9459765,0.0018024444580078125
94162,normal,635,0,1782359493.9478307,0.0018541812896728516
94163,normal,513,0,1782359493.9501126,0.0022819042205810547
94164,normal,1991,0,1782359493.9519768,0.0018641948699951172
94165,normal,2413,0,1782359493.9539392,0.001962423324584961
94166,normal,664,0,1782359493.9559708,0.002031564712524414
94167,normal,3146,1,1782359493.9581115,0.0021407604217529297
94168,normal,3327,1,1782359493.9598348,0.0017232894897460938
94169,normal,1559,0,1782359493.9619548,0.0021200180053710938
94170,normal,1804,0,1782359493.96412,0.002165079116821289
94171,normal,3344,1,1782359493.965787,0.001667022705078125
94172,normal,2308,0,1782359493.9681122,0.002325296401977539
94173,normal,18,0,1782359493.9699714,0.0018591880798339844
94174,normal,1630,0,1782359493.9719698,0.001998424530029297
94175,normal,2341,0,1782359493.9739604,0.0019905567169189453
94176,normal,3540,0,1782359493.9770398,0.0030794143676757812
94177,normal,1848,0,1782359493.9777899,0.0007500648498535156
94178,normal,3226,1,1782359493.9801128,0.0023229122161865234
94179,normal,1419,0,1782359493.9819484,0.0018355846405029297
94180,normal,3498,0,1782359493.983967,0.0020186901092529297
94181,normal,3480,0,1782359493.9860015,0.002034425735473633
94182,normal,186,0,1782359493.9881086,0.0021071434020996094
94183,normal,1693,0,1782359493.9897857,0.0016770362854003906
94184,normal,2128,0,1782359493.992129,0.002343416213989258
94185,normal,2557,0,1782359493.9939663,0.0018372535705566406
94186,normal,794,2,1782359493.9959745,0.002008199691772461
94187,normal,816,2,1782359493.9978616,0.0018870830535888672
94188,normal,1098,0,1782359493.999943,0.0020813941955566406
94189,normal,2136,0,1782359494.00179,0.0018470287322998047
94190,normal,17,0,1782359494.0039895,0.002199411392211914
94191,normal,44,0,1782359494.0059457,0.0019562244415283203
94192,normal,911,2,1782359494.0077622,0.0018165111541748047
94193,normal,130,0,1782359494.009962,0.002199888229370117
94194,normal,928,2,1782359494.0118048,0.0018427371978759766
94195,normal,435,0,1782359494.0137758,0.001971006393432617
94196,normal,1933,0,1782359494.0159588,0.0021829605102539062
94197,normal,2311,0,1782359494.017904,0.0019452571868896484
94198,normal,3485,0,1782359494.019764,0.001859903335571289
94199,normal,908,2,1782359494.021961,0.0021970272064208984
94200,normal,2366,0,1782359494.023915,0.0019540786743164062
94201,normal,432,0,1782359494.0257664,0.0018513202667236328
94202,normal,2524,0,1782359494.0279577,0.002191305160522461
94203,normal,1486,0,1782359494.029918,0.001960277557373047
94204,normal,328,0,1782359494.031766,0.001847982406616211
94205,normal,3314,1,1782359494.033957,0.0021910667419433594
94206,normal,3019,0,1782359494.0359144,0.001957416534423828
94207,normal,554,0,1782359494.0377593,0.0018448829650878906
94208,normal,2910,0,1782359494.0399587,0.002199411392211914
94209,normal,3288,1,1782359494.0419161,0.001957416534423828
94210,normal,520,0,1782359494.0437531,0.001837015151977539
94211,normal,2547,0,1782359494.0459585,0.002205371856689453
94212,normal,2737,0,1782359494.0479183,0.0019598007202148438
94213,normal,2262,0,1782359494.049752,0.0018336772918701172
94214,normal,2861,0,1782359494.051959,0.002207040786743164
94215,normal,1784,0,1782359494.0538697,0.0019106864929199219
94216,normal,3679,0,1782359494.0557415,0.0018718242645263672
94217,normal,1169,0,1782359494.0577228,0.0019812583923339844
94218,normal,877,2,1782359494.0597794,0.002056598663330078
94219,normal,247,0,1782359494.0617337,0.001954317092895508
94220,normal,61,0,1782359494.0637228,0.001989126205444336
94221,normal,1611,0,1782359494.065789,0.0020661354064941406
94222,normal,3399,1,1782359494.0677185,0.0019295215606689453
94223,normal,2294,0,1782359494.0697398,0.002021312713623047
94224,normal,128,0,1782359494.0717843,0.0020444393157958984
94225,normal,1504,0,1782359494.0737188,0.0019345283508300781
94226,normal,175,0,1782359494.0757914,0.002072572708129883
94227,normal,3573,0,1782359494.0777907,0.001999378204345703
94228,normal,1238,0,1782359494.079722,0.0019311904907226562
94229,normal,1348,1,1782359494.081713,0.0019910335540771484
94230,normal,1668,0,1782359494.0838103,0.0020973682403564453
94231,normal,708,0,1782359494.085717,0.0019066333770751953
94232,normal,3584,0,1782359494.0877166,0.0019996166229248047
94233,normal,3623,0,1782359494.089786,0.0020694732666015625
94234,normal,1010,2,1782359494.091698,0.0019118785858154297
94235,normal,1983,0,1782359494.0937188,0.0020208358764648438
94236,normal,1966,0,1782359494.0957568,0.0020380020141601562
94237,normal,1133,0,1782359494.097717,0.001960277557373047
94238,normal,2677,0,1782359494.0997229,0.0020058155059814453
94239,normal,2279,0,1782359494.1017797,0.0020568370819091797
94240,normal,699,0,1782359494.103693,0.001913309097290039
94241,normal,154,0,1782359494.1057303,0.0020372867584228516
94242,normal,3243,1,1782359494.1077547,0.002024412155151367
94243,normal,2499,0,1782359494.1097093,0.0019545555114746094
94244,normal,3265,1,1782359494.111747,0.0020377635955810547
94245,normal,3206,1,1782359494.1137846,0.002037525177001953
94246,normal,2516,0,1782359494.1156924,0.0019078254699707031
94247,normal,169,0,1782359494.1177819,0.0020895004272460938
94248,normal,746,0,1782359494.119788,0.002006053924560547
94249,normal,2848,0,1782359494.1216905,0.0019025802612304688
94250,normal,1863,0,1782359494.1237803,0.0020897388458251953
94251,normal,523,0,1782359494.125779,0.0019986629486083984
94252,normal,2787,0,1782359494.1276941,0.0019152164459228516
94253,normal,1242,0,1782359494.12972,0.0020258426666259766
94254,normal,621,0,1782359494.1317384,0.002018451690673828
94255,normal,2333,0,1782359494.133703,0.001964569091796875
94256,normal,1206,0,1782359494.1357572,0.0020542144775390625
94257,normal,1665,0,1782359494.137762,0.002004861831665039
94258,normal,2948,0,1782359494.1396897,0.0019276142120361328
94259,normal,2918,0,1782359494.1417725,0.00208282470703125
94260,normal,3336,1,1782359494.143765,0.001992464065551758
94261,normal,2847,0,1782359494.1456904,0.0019254684448242188
94262,normal,924,2,1782359494.147729,0.0020384788513183594
94263,normal,189,0,1782359494.1497524,0.002023458480834961
94264,normal,2559,0,1782359494.151688,0.001935720443725586
94265,normal,2175,0,1782359494.1537592,0.0020711421966552734
94266,normal,1810,0,1782359494.1557405,0.0019812583923339844
94267,normal,3097,1,1782359494.1577392,0.0019986629486083984
94268,normal,1505,0,1782359494.1597207,0.001981496810913086
94269,normal,3521,0,1782359494.1617224,0.0020017623901367188
94270,normal,2104,0,1782359494.1637278,0.002005338668823242
94271,normal,202,0,1782359494.16572,0.0019922256469726562
94272,normal,38,0,1782359494.1677573,0.0020372867584228516
94273,normal,2955,0,1782359494.1696904,0.0019330978393554688
94274,normal,3228,1,1782359494.1717777,0.0020873546600341797
94275,normal,1038,0,1782359494.1737604,0.0019826889038085938
94276,normal,2718,0,1782359494.1756887,0.0019283294677734375
94277,normal,2044,0,1782359494.1777709,0.0020821094512939453
94278,normal,1355,1,1782359494.1797333,0.001962423324584961
94279,normal,2818,0,1782359494.1817036,0.0019702911376953125
94280,normal,772,2,1782359494.1837687,0.0020651817321777344
94281,normal,857,2,1782359494.1857595,0.001990795135498047
94282,normal,2627,0,1782359494.1876893,0.0019297599792480469
94283,normal,2464,0,1782359494.1897657,0.002076387405395508
94284,normal,3040,0,1782359494.1917744,0.002008676528930664
94285,normal,3167,1,1782359494.1936932,0.001918792724609375
94286,normal,1757,0,1782359494.195767,0.0020737648010253906
94287,normal,838,2,1782359494.1977646,0.001997709274291992
94288,normal,1920,0,1782359494.1996899,0.0019252300262451172
94289,normal,3454,0,1782359494.2017715,0.002081632614135742
94290,normal,2850,0,1782359494.2037566,0.0019850730895996094
94291,normal,859,2,1782359494.20569,0.0019333362579345703
94292,normal,1969,0,1782359494.2077296,0.002039670944213867
94293,normal,2636,0,1782359494.2097588,0.0020291805267333984
94294,normal,1102,0,1782359494.21169,0.0019311904907226562
94295,normal,2180,0,1782359494.2137768,0.0020868778228759766
94296,normal,906,2,1782359494.2157261,0.001949310302734375
94297,normal,3347,1,1782359494.2177083,0.0019822120666503906
94298,normal,3694,0,1782359494.2197378,0.0020294189453125
94299,normal,218,0,1782359494.2217572,0.0020194053649902344
94300,normal,2789,0,1782359494.223692,0.0019347667694091797
94301,normal,801,2,1782359494.2257702,0.0020782947540283203
94302,normal,3360,1,1782359494.2277734,0.002003192901611328
94303,normal,1710,0,1782359494.2296956,0.0019221305847167969
94304,normal,666,0,1782359494.2317333,0.0020377635955810547
94305,normal,1534,0,1782359494.2337232,0.0019898414611816406
94306,normal,2576,0,1782359494.235703,0.001979827880859375
94307,normal,3102,1,1782359494.2377198,0.002016782760620117
94308,normal,3003,0,1782359494.2397447,0.0020248889923095703
94309,normal,1521,0,1782359494.241712,0.0019674301147460938
94310,normal,2344,0,1782359494.2437658,0.0020537376403808594
94311,normal,3663,0,1782359494.2457585,0.0019927024841308594
94312,normal,763,0,1782359494.247686,0.0019273757934570312
94313,normal,771,0,1782359494.2497504,0.0020644664764404297
94314,normal,2826,0,1782359494.2517562,0.0020058155059814453
94315,normal,599,0,1782359494.2537212,0.001965045928955078
94316,normal,1799,0,1782359494.2556946,0.001973390579223633
94317,normal,1858,0,1782359494.2577574,0.0020627975463867188
94318,normal,2786,0,1782359494.2597075,0.0019500255584716797
94319,normal,1061,0,1782359494.2616901,0.0019826889038085938
94320,normal,2665,0,1782359494.263746,0.0020558834075927734
94321,normal,2605,0,1782359494.2657046,0.001958608627319336
94322,normal,1940,0,1782359494.2677538,0.0020492076873779297
94323,normal,231,0,1782359494.269745,0.00199127197265625
94324,normal,2852,0,1782359494.2717035,0.0019583702087402344
94325,normal,2291,0,1782359494.2737484,0.0020449161529541016
94326,normal,1092,0,1782359494.2757604,0.002012014389038086
94327,normal,3385,1,1782359494.277705,0.0019445419311523438
94328,normal,3455,0,1782359494.279693,0.001987934112548828
94329,normal,2379,0,1782359494.2817414,0.002048492431640625
94330,normal,2753,0,1782359494.283703,0.0019617080688476562
94331,normal,2869,0,1782359494.2857614,0.002058267593383789
94332,normal,1968,0,1782359494.2877433,0.001981973648071289
94333,normal,2680,0,1782359494.2897,0.0019567012786865234
94334,normal,2315,0,1782359494.2916956,0.001995563507080078
94335,normal,2031,0,1782359494.2937472,0.0020515918731689453
94336,normal,2014,0,1782359494.295705,0.0019578933715820312
94337,normal,422,0,1782359494.2977736,0.0020685195922851562
94338,normal,2778,0,1782359494.2997475,0.001973867416381836
94339,normal,3533,0,1782359494.3017035,0.0019559860229492188
94340,normal,1224,0,1782359494.3037486,0.002045154571533203
94341,normal,1363,1,1782359494.3057437,0.001995086669921875
94342,normal,164,0,1782359494.3077035,0.0019598007202148438
94343,normal,3271,1,1782359494.3097508,0.002047300338745117
94344,normal,1211,0,1782359494.3117456,0.0019948482513427734
94345,normal,3184,1,1782359494.3137283,0.0019826889038085938
94346,normal,1498,0,1782359494.3157117,0.0019834041595458984
94347,normal,739,0,1782359494.3177493,0.002037525177001953
94348,normal,161,0,1782359494.3197064,0.0019571781158447266
94349,normal,2767,0,1782359494.32176,0.002053499221801758
94350,normal,1251,0,1782359494.3237507,0.001990795135498047
94351,normal,2334,0,1782359494.3257172,0.0019664764404296875
94352,normal,1011,2,1782359494.3276916,0.001974344253540039
94353,normal,2448,0,1782359494.3297508,0.0020592212677001953
94354,normal,3109,1,1782359494.331705,0.001954317092895508
94355,normal,1090,0,1782359494.3337507,0.0020456314086914062
94356,normal,3270,1,1782359494.3357506,0.0019998550415039062
94357,normal,787,2,1782359494.3377032,0.0019526481628417969
94358,normal,3096,1,1782359494.3397522,0.002048969268798828
94359,normal,2310,0,1782359494.341746,0.001993894577026367
94360,normal,546,0,1782359494.343703,0.001956939697265625
94361,normal,3144,1,1782359494.3457532,0.002050161361694336
94362,normal,310,0,1782359494.3477395,0.001986265182495117
94363,normal,1961,0,1782359494.349742,0.0020024776458740234
94364,normal,1378,1,1782359494.351789,0.0020470619201660156
94365,normal,1311,0,1782359494.3537505,0.0019614696502685547
94366,normal,257,0,1782359494.3556962,0.0019457340240478516
94367,normal,204,0,1782359494.3576946,0.001998424530029297
94368,normal,1438,0,1782359494.3597202,0.002025604248046875
94369,normal,442,0,1782359494.3617053,0.0019850730895996094
94370,normal,3028,0,1782359494.3636892,0.0019838809967041016
94371,normal,3210,1,1782359494.3657193,0.0020301342010498047
94372,normal,3435,0,1782359494.3677306,0.0020112991333007812
94373,normal,3219,1,1782359494.3697038,0.0019731521606445312
94374,normal,2477,0,1782359494.371726,0.002022266387939453
94375,normal,1543,0,1782359494.3737032,0.001977205276489258
94376,normal,3394,1,1782359494.375697,0.0019936561584472656
94377,normal,2519,0,1782359494.377723,0.002026081085205078
94378,normal,260,0,1782359494.379727,0.002003908157348633
94379,normal,2833,0,1782359494.381692,0.001965045928955078
94380,normal,146,0,1782359494.3837788,0.0020868778228759766
94381,normal,1274,0,1782359494.3857138,0.0019350051879882812
94382,normal,1012,2,1782359494.3876934,0.0019795894622802734
94383,normal,3101,1,1782359494.3897247,0.0020313262939453125
94384,normal,779,2,1782359494.3917031,0.0019783973693847656
94385,normal,748,0,1782359494.3936915,0.0019884109497070312
94386,normal,3022,0,1782359494.3957233,0.0020318031311035156
94387,normal,1124,0,1782359494.3977056,0.0019822120666503906
94388,normal,956,2,1782359494.3997748,0.002069234848022461
94389,normal,526,0,1782359494.4017584,0.001983642578125
94390,normal,2453,0,1782359494.403694,0.0019354820251464844
94391,normal,2571,0,1782359494.4056885,0.001994609832763672
94392,normal,657,0,1782359494.4077213,0.002032756805419922
94393,normal,209,0,1782359494.409703,0.0019817352294921875
94394,normal,1720,0,1782359494.411687,0.0019838809967041016
94395,normal,19,0,1782359494.4144409,0.0027539730072021484
94396,normal,1068,0,1782359494.4158106,0.0013697147369384766
94397,normal,2169,0,1782359494.417976,0.0021653175354003906
94398,normal,2010,0,1782359494.4199147,0.0019388198852539062
94399,normal,372,0,1782359494.4217749,0.0018601417541503906
94400,normal,1995,0,1782359494.4239671,0.002192258834838867
94401,normal,2773,0,1782359494.4259703,0.002003192901611328
94402,normal,3005,0,1782359494.4277637,0.0017933845520019531
94403,normal,109,0,1782359494.4298537,0.002089977264404297
94404,normal,2469,0,1782359494.4318926,0.0020389556884765625
94405,normal,2131,0,1782359494.4337497,0.0018570423126220703
94406,normal,2986,0,1782359494.4357774,0.002027750015258789
94407,normal,1233,0,1782359494.4379253,0.0021479129791259766
94408,normal,1600,0,1782359494.4397576,0.0018322467803955078
94409,normal,863,2,1782359494.4417799,0.002022266387939453
94410,normal,717,0,1782359494.4439332,0.0021533966064453125
94411,normal,2951,0,1782359494.4457147,0.001781463623046875
94412,normal,455,0,1782359494.4477875,0.0020728111267089844
94413,normal,1195,0,1782359494.4497821,0.001994609832763672
94414,normal,3223,1,1782359494.4517183,0.001936197280883789
94415,normal,1586,0,1782359494.4537303,0.002012014389038086
94416,normal,2161,0,1782359494.4557745,0.002044200897216797
94417,normal,3064,1,1782359494.4577167,0.0019421577453613281
94418,normal,3463,0,1782359494.459742,0.0020253658294677734
94419,normal,480,0,1782359494.4617932,0.002051115036010742
94420,normal,1043,0,1782359494.4637175,0.001924276351928711
94421,normal,3580,0,1782359494.465756,0.0020384788513183594
94422,normal,3312,1,1782359494.4679098,0.0021538734436035156
94423,normal,379,0,1782359494.4697263,0.0018165111541748047
94424,normal,3067,1,1782359494.4717193,0.001992940902709961
94425,normal,3098,1,1782359494.473765,0.0020456314086914062
94426,normal,3333,1,1782359494.475719,0.0019540786743164062
94427,normal,2176,0,1782359494.4778142,0.0020952224731445312
94428,normal,586,0,1782359494.4798272,0.002012968063354492
94429,normal,1663,0,1782359494.4819117,0.002084493637084961
94430,normal,2502,0,1782359494.4838023,0.0018906593322753906
94431,normal,3493,0,1782359494.4858766,0.0020742416381835938
94432,normal,1287,0,1782359494.4877305,0.00185394287109375
94433,normal,2486,0,1782359494.4897199,0.0019893646240234375
94434,normal,1616,0,1782359494.4917634,0.002043485641479492
94435,normal,3071,1,1782359494.4937468,0.0019834041595458984
94436,normal,383,0,1782359494.4959667,0.0022199153900146484
94437,normal,3350,1,1782359494.4979289,0.0019621849060058594
94438,normal,2126,0,1782359494.4997566,0.0018277168273925781
94439,normal,598,0,1782359494.5020087,0.0022521018981933594
94440,normal,2423,0,1782359494.5039277,0.0019190311431884766
94441,normal,215,0,1782359494.505731,0.0018033981323242188
94442,normal,612,0,1782359494.5077188,0.0019876956939697266
94443,normal,716,0,1782359494.5099118,0.002192974090576172
94444,normal,1680,0,1782359494.5118089,0.0018970966339111328
94445,normal,760,0,1782359494.5139804,0.0021715164184570312
94446,normal,953,2,1782359494.515951,0.001970529556274414
94447,normal,613,0,1782359494.5178428,0.0018918514251708984
94448,normal,466,0,1782359494.519976,0.0021331310272216797
94449,normal,3629,0,1782359494.5217803,0.001804351806640625
94450,normal,3051,1,1782359494.5237617,0.001981496810913086
94451,normal,707,0,1782359494.5257473,0.0019855499267578125
94452,normal,2959,0,1782359494.5279186,0.0021712779998779297
94453,normal,977,2,1782359494.5298014,0.001882791519165039
94454,normal,1982,0,1782359494.5319915,0.002190113067626953
94455,normal,2361,0,1782359494.5338967,0.001905202865600586
94456,normal,3124,1,1782359494.5358074,0.0019106864929199219
94457,normal,3147,1,1782359494.5377195,0.0019121170043945312
94458,normal,2256,0,1782359494.539762,0.002042531967163086
94459,normal,1740,0,1782359494.5417275,0.0019655227661132812
94460,normal,3604,0,1782359494.5437555,0.0020279884338378906
94461,normal,3152,1,1782359494.5457873,0.0020318031311035156
94462,normal,553,0,1782359494.5477371,0.0019497871398925781
94463,normal,2317,0,1782359494.5498686,0.0021314620971679688
94464,normal,831,2,1782359494.551795,0.001926422119140625
94465,normal,3198,1,1782359494.5537577,0.0019626617431640625
94466,normal,1687,0,1782359494.5559258,0.0021681785583496094
94467,normal,2739,0,1782359494.557956,0.0020301342010498047
94468,normal,2895,0,1782359494.5597646,0.0018086433410644531
94469,normal,1977,0,1782359494.5619872,0.0022225379943847656
94470,normal,1716,0,1782359494.563784,0.001796722412109375
94471,normal,3525,0,1782359494.5658975,0.0021135807037353516
94472,normal,1714,0,1782359494.567759,0.001861572265625
94473,normal,2016,0,1782359494.5699544,0.0021953582763671875
94474,normal,1796,0,1782359494.5718212,0.0018668174743652344
94475,normal,640,0,1782359494.5739868,0.002165555953979492
94476,normal,1368,1,1782359494.5760288,0.002042055130004883
94477,normal,411,0,1782359494.577766,0.0017371177673339844
94478,normal,2904,0,1782359494.5799992,0.002233266830444336
94479,normal,1196,0,1782359494.581908,0.0019087791442871094
94480,normal,784,2,1782359494.5839176,0.0020096302032470703
94481,normal,1358,1,1782359494.5857713,0.0018537044525146484
94482,normal,3272,1,1782359494.587956,0.002184629440307617
94483,normal,2667,0,1782359494.5897667,0.0018107891082763672
94484,normal,1872,0,1782359494.5917366,0.0019698143005371094
94485,normal,2142,0,1782359494.5938683,0.0021317005157470703
94486,normal,2668,0,1782359494.5957289,0.0018606185913085938
94487,normal,1709,0,1782359494.5979505,0.0022215843200683594
94488,normal,3078,1,1782359494.5998793,0.0019288063049316406
94489,normal,177,0,1782359494.6017225,0.0018432140350341797
94490,normal,2374,0,1782359494.6037533,0.0020308494567871094
94491,normal,2752,0,1782359494.6059587,0.002205371856689453
94492,normal,1753,0,1782359494.6077826,0.0018239021301269531
94493,normal,423,0,1782359494.6099813,0.0021986961364746094
94494,normal,238,0,1782359494.6119273,0.0019459724426269531
94495,normal,3089,1,1782359494.6137793,0.0018520355224609375
94496,normal,3502,0,1782359494.6159236,0.002144336700439453
94497,normal,1797,0,1782359494.618032,0.002108335494995117
94498,normal,3598,0,1782359494.6197462,0.0017142295837402344
94499,normal,976,2,1782359494.622115,0.0023686885833740234
94500,normal,1232,0,1782359494.6239803,0.001865386962890625
94501,normal,1046,0,1782359494.6259418,0.0019614696502685547
94502,normal,2529,0,1782359494.6278446,0.0019028186798095703
94503,normal,2743,0,1782359494.6299636,0.0021190643310546875
94504,normal,1381,1,1782359494.6317751,0.0018115043640136719
94505,normal,110,0,1782359494.6339576,0.002182483673095703
94506,normal,873,2,1782359494.6359706,0.002012968063354492
94507,normal,964,2,1782359494.637774,0.0018033981323242188
94508,normal,1487,0,1782359494.6399627,0.0021886825561523438
94509,normal,2441,0,1782359494.6419797,0.0020170211791992188
94510,normal,631,0,1782359494.643789,0.0018093585968017578
94511,normal,1093,0,1782359494.645967,0.0021779537200927734
94512,normal,2343,0,1782359494.647999,0.002032041549682617
94513,normal,692,0,1782359494.64978,0.0017809867858886719
94514,normal,51,0,1782359494.6519692,0.002189159393310547
94515,normal,566,0,1782359494.653979,0.002009868621826172
94516,normal,2337,0,1782359494.6557946,0.0018155574798583984
94517,normal,1770,0,1782359494.657852,0.002057313919067383
94518,normal,3208,1,1782359494.6600022,0.002150297164916992
94519,normal,1973,0,1782359494.6617749,0.0017726421356201172
94520,normal,2052,0,1782359494.6638534,0.002078533172607422
94521,normal,2709,0,1782359494.6659718,0.002118349075317383
94522,normal,351,0,1782359494.6677775,0.0018057823181152344
94523,normal,107,0,1782359494.6697528,0.0019752979278564453
94524,normal,2217,0,1782359494.6719787,0.0022258758544921875
94525,normal,326,0,1782359494.6737516,0.0017728805541992188
94526,normal,1859,0,1782359494.6757863,0.0020346641540527344
94527,normal,2777,0,1782359494.678061,0.002274751663208008
94528,normal,1448,0,1782359494.679771,0.0017099380493164062
94529,normal,1316,0,1782359494.6819491,0.002178192138671875
94530,normal,777,2,1782359494.6839302,0.001981019973754883
94531,normal,2938,0,1782359494.6857765,0.0018463134765625
94532,normal,1696,0,1782359494.6879458,0.002169370651245117
94533,normal,2642,0,1782359494.6899745,0.0020287036895751953
94534,normal,2867,0,1782359494.691775,0.001800537109375
94535,normal,28,0,1782359494.693946,0.0021708011627197266
94536,normal,1383,0,1782359494.6959143,0.0019683837890625
94537,normal,1930,0,1782359494.6979637,0.0020494461059570312
94538,normal,3346,1,1782359494.6998117,0.001847982406616211
94539,normal,745,0,1782359494.7019398,0.002128124237060547
94540,normal,3505,0,1782359494.7037675,0.0018277168273925781
94541,normal,1366,1,1782359494.7059503,0.0021827220916748047
94542,normal,2284,0,1782359494.7079253,0.0019750595092773438
94543,normal,440,0,1782359494.7097669,0.0018415451049804688
94544,normal,1634,0,1782359494.7118075,0.0020406246185302734
94545,normal,2664,0,1782359494.713923,0.002115488052368164
94546,normal,479,0,1782359494.715766,0.0018429756164550781
94547,normal,274,0,1782359494.7179544,0.002188444137573242
94548,normal,2670,0,1782359494.7199264,0.0019719600677490234
94549,normal,1980,0,1782359494.7217748,0.001848459243774414
94550,normal,686,0,1782359494.723955,0.0021800994873046875
94551,normal,1100,0,1782359494.7259328,0.0019779205322265625
94552,normal,3318,1,1782359494.7277918,0.0018589496612548828
94553,normal,773,2,1782359494.7298033,0.002011537551879883
94554,normal,893,2,1782359494.7321131,0.0023097991943359375
94555,normal,869,2,1782359494.7337794,0.0016663074493408203
94556,normal,2094,0,1782359494.73597,0.0021905899047851562
94557,normal,2197,0,1782359494.7379856,0.0020155906677246094
94558,normal,1854,0,1782359494.7397747,0.001789093017578125
94559,normal,2439,0,1782359494.741848,0.0020732879638671875
94560,normal,2629,0,1782359494.7440872,0.002239227294921875
94561,normal,135,0,1782359494.7457726,0.0016853809356689453
94562,normal,3499,0,1782359494.7479897,0.0022170543670654297
94563,normal,2894,0,1782359494.7500932,0.002103567123413086
94564,normal,2167,0,1782359494.7517812,0.0016880035400390625
94565,normal,2604,0,1782359494.754091,0.0023097991943359375
94566,normal,2331,0,1782359494.755951,0.001859903335571289
94567,normal,1567,0,1782359494.7579274,0.001976490020751953
94568,normal,3069,1,1782359494.7599518,0.002024412155151367
94569,normal,507,0,1782359494.7619348,0.0019829273223876953
94570,normal,3543,0,1782359494.7637684,0.0018336772918701172
94571,normal,1762,0,1782359494.7659712,0.002202749252319336
94572,normal,3052,1,1782359494.7679255,0.001954317092895508
94573,normal,2113,0,1782359494.769758,0.0018324851989746094
94574,normal,3245,1,1782359494.7719765,0.002218484878540039
94575,normal,2945,0,1782359494.7739189,0.0019423961639404297
94576,normal,1838,0,1782359494.7757933,0.0018744468688964844
94577,normal,2533,0,1782359494.7778225,0.0020291805267333984
94578,normal,1828,0,1782359494.7799168,0.002094268798828125
94579,normal,2876,0,1782359494.7817678,0.0018510818481445312
94580,normal,2536,0,1782359494.7839785,0.0022106170654296875
94581,normal,797,2,1782359494.7859123,0.0019338130950927734
94582,normal,2637,0,1782359494.7878175,0.001905202865600586
94583,normal,702,0,1782359494.7899373,0.002119779586791992
94584,normal,76,0,1782359494.7921197,0.002182483673095703
94585,normal,1953,0,1782359494.7937632,0.0016434192657470703
94586,normal,3342,1,1782359494.7959824,0.0022192001342773438
94587,normal,2885,0,1782359494.797913,0.0019307136535644531
94588,normal,145,0,1782359494.7997723,0.0018591880798339844
94589,normal,259,0,1782359494.8019876,0.0022153854370117188
94590,normal,3379,1,1782359494.8039258,0.0019381046295166016
94591,normal,3048,1,1782359494.805757,0.0018312931060791016
94592,normal,13,0,1782359494.8079848,0.002227783203125
94593,normal,1020,2,1782359494.8099148,0.0019299983978271484
94594,normal,2155,0,1782359494.81182,0.001905202865600586
94595,normal,1855,0,1782359494.8139405,0.002120494842529297
94596,normal,1835,0,1782359494.8159595,0.0020189285278320312
94597,normal,2530,0,1782359494.8177736,0.001814126968383789
94598,normal,1227,0,1782359494.8199415,0.002167940139770508
94599,normal,1099,0,1782359494.8219602,0.0020186901092529297
94600,normal,483,0,1782359494.8237672,0.0018069744110107422
94601,normal,1226,0,1782359494.8259404,0.002173185348510742
94602,normal,3476,0,1782359494.8279557,0.002015352249145508
94603,normal,602,0,1782359494.8297665,0.0018107891082763672
94604,normal,3532,0,1782359494.8319647,0.0021982192993164062
94605,normal,2354,0,1782359494.833983,0.0020182132720947266
94606,normal,3460,0,1782359494.8357737,0.001790761947631836
94607,normal,3231,1,1782359494.837933,0.0021593570709228516
94608,normal,3103,1,1782359494.8399482,0.0020151138305664062
94609,normal,985,2,1782359494.8417685,0.0018203258514404297
94610,normal,2377,0,1782359494.8439932,0.0022246837615966797
94611,normal,896,2,1782359494.845956,0.001962900161743164
94612,normal,2026,0,1782359494.8477666,0.0018105506896972656
94613,normal,1002,2,1782359494.8499377,0.002171039581298828
94614,normal,1053,0,1782359494.8519533,0.0020155906677246094
94615,normal,3337,1,1782359494.8537674,0.001814126968383789
94616,normal,2118,0,1782359494.8559816,0.002214193344116211
94617,normal,514,0,1782359494.8579543,0.001972675323486328
94618,normal,1553,0,1782359494.8597686,0.0018143653869628906
94619,normal,206,0,1782359494.8619952,0.002226591110229492
94620,normal,813,2,1782359494.863954,0.0019588470458984375
94621,normal,3483,0,1782359494.8657668,0.0018126964569091797
94622,normal,689,0,1782359494.8679507,0.0021839141845703125
94623,normal,3417,0,1782359494.8699543,0.0020036697387695312
94624,normal,1094,0,1782359494.871767,0.0018126964569091797
94625,normal,474,0,1782359494.8739443,0.0021772384643554688
94626,normal,1946,0,1782359494.8759506,0.0020062923431396484
94627,normal,453,0,1782359494.877775,0.0018243789672851562
94628,normal,1902,0,1782359494.8799474,0.0021724700927734375
94629,normal,3236,1,1782359494.8819585,0.0020110607147216797
94630,normal,2391,0,1782359494.8837714,0.0018129348754882812
94631,normal,2788,0,1782359494.8859515,0.0021800994873046875
94632,normal,2127,0,1782359494.8879538,0.002002239227294922
94633,normal,2269,0,1782359494.8897684,0.0018146038055419922
94634,normal,1322,1,1782359494.8919532,0.0021848678588867188
94635,normal,1319,1,1782359494.8939543,0.002001047134399414
94636,normal,892,2,1782359494.8957703,0.0018160343170166016
94637,normal,2434,0,1782359494.8979995,0.0022292137145996094
94638,normal,2303,0,1782359494.8999481,0.0019485950469970703
94639,normal,557,0,1782359494.901769,0.0018208026885986328
94640,normal,2873,0,1782359494.9039369,0.002167940139770508
94641,normal,1632,0,1782359494.90595,0.0020132064819335938
94642,normal,443,0,1782359494.907768,0.001817941665649414
94643,normal,457,0,1782359494.9100072,0.002239227294921875
94644,normal,1705,0,1782359494.9119308,0.0019235610961914062
94645,normal,267,0,1782359494.9137795,0.0018486976623535156
94646,normal,2965,0,1782359494.915817,0.002037525177001953
94647,normal,1048,0,1782359494.917918,0.0021009445190429688
94648,normal,147,0,1782359494.9197679,0.0018498897552490234
94649,normal,2997,0,1782359494.9217863,0.002018451690673828
94650,normal,1824,0,1782359494.9237952,0.0020089149475097656
94651,normal,1452,0,1782359494.9257247,0.0019295215606689453
94652,normal,2880,0,1782359494.927824,0.002099275588989258
94653,normal,898,2,1782359494.9297879,0.0019638538360595703
94654,normal,381,0,1782359494.93176,0.001972198486328125
94655,normal,2414,0,1782359494.9338768,0.002116680145263672
94656,normal,3404,0,1782359494.9357574,0.001880645751953125
94657,normal,3215,1,1782359494.93778,0.0020225048065185547
94658,normal,377,0,1782359494.939876,0.0020961761474609375
94659,normal,31,0,1782359494.9419003,0.0020241737365722656
94660,normal,1502,0,1782359494.9436984,0.0017981529235839844
94661,normal,3422,0,1782359494.945849,0.0021505355834960938
94662,normal,2133,0,1782359494.9480069,0.002157926559448242
94663,normal,988,2,1782359494.9497042,0.0016973018646240234
94664,normal,2458,0,1782359494.9519055,0.0022013187408447266
94665,normal,2542,0,1782359494.9540017,0.0020961761474609375
94666,normal,2444,0,1782359494.9558897,0.0018880367279052734
94667,normal,1989,0,1782359494.9577312,0.0018415451049804688
94668,normal,1735,0,1782359494.9597933,0.002062082290649414
94669,normal,2349,0,1782359494.9617634,0.001970052719116211
94670,normal,714,0,1782359494.9638674,0.002104043960571289
94671,normal,1293,0,1782359494.9657753,0.0019078254699707031
94672,normal,3117,1,1782359494.9677024,0.0019271373748779297
94673,normal,3703,0,1782359494.9697733,0.002070903778076172
94674,normal,3686,0,1782359494.9717603,0.001986980438232422
94675,normal,24,0,1782359494.9737303,0.001970052719116211
94676,normal,627,0,1782359494.975892,0.002161741256713867
94677,normal,515,0,1782359494.9778886,0.0019965171813964844
94678,normal,591,0,1782359494.9797401,0.0018515586853027344
94679,normal,269,0,1782359494.9819012,0.0021610260009765625
94680,normal,1095,0,1782359494.9839478,0.0020465850830078125
94681,normal,2754,0,1782359494.9857497,0.0018019676208496094
94682,normal,1519,0,1782359494.9878173,0.00206756591796875
94683,normal,961,2,1782359494.989927,0.0021097660064697266
94684,normal,94,0,1782359494.9917367,0.0018095970153808594
94685,normal,529,0,1782359494.993779,0.0020422935485839844
94686,normal,1387,0,1782359494.9958553,0.002076387405395508
94687,normal,1034,0,1782359494.997711,0.001855611801147461
94688,normal,1064,0,1782359494.9997532,0.0020422935485839844
94689,normal,3240,1,1782359495.0017684,0.0020151138305664062
94690,normal,1566,0,1782359495.0037096,0.0019412040710449219
94691,normal,2555,0,1782359495.0057745,0.002064943313598633
94692,normal,2280,0,1782359495.0077965,0.0020220279693603516
94693,normal,620,0,1782359495.0097337,0.0019371509552001953
94694,normal,1302,0,1782359495.0117412,0.0020074844360351562
94695,normal,1910,0,1782359495.014435,0.0026938915252685547
94696,normal,345,0,1782359495.0157504,0.0013153553009033203
94697,normal,3159,1,1782359495.0177844,0.0020339488983154297
94698,normal,352,0,1782359495.0197663,0.001981973648071289
94699,normal,213,0,1782359495.0217116,0.0019452571868896484
94700,normal,1918,0,1782359495.0237656,0.002053976058959961
94701,normal,3201,1,1782359495.0257752,0.0020096302032470703
94702,normal,3348,1,1782359495.0277052,0.0019299983978271484
94703,normal,2435,0,1782359495.0297487,0.002043485641479492
94704,normal,917,2,1782359495.0318234,0.002074718475341797
94705,normal,3356,1,1782359495.0337005,0.0018770694732666016
94706,normal,2860,0,1782359495.0357687,0.0020682811737060547
94707,normal,2485,0,1782359495.0377865,0.0020177364349365234
94708,normal,498,0,1782359495.039715,0.001928567886352539
94709,normal,1208,0,1782359495.0417688,0.0020537376403808594
94710,normal,102,0,1782359495.0438113,0.002042531967163086
94711,normal,1284,0,1782359495.0457067,0.0018954277038574219
94712,normal,3093,1,1782359495.0477586,0.002051830291748047
94713,normal,2194,0,1782359495.0497646,0.002006053924560547
94714,normal,1621,0,1782359495.0517201,0.0019555091857910156
94715,normal,2397,0,1782359495.0538657,0.002145528793334961
94716,normal,2286,0,1782359495.0557098,0.001844167709350586
94717,normal,2678,0,1782359495.057745,0.0020351409912109375
94718,normal,3169,1,1782359495.0597003,0.001955270767211914
94719,normal,1041,0,1782359495.0617504,0.002050161361694336
94720,normal,2840,0,1782359495.0636952,0.0019447803497314453
94721,normal,2844,0,1782359495.0657227,0.0020275115966796875
94722,normal,3297,1,1782359495.0677433,0.002020597457885742
94723,normal,336,0,1782359495.0696955,0.0019521713256835938
94724,normal,39,0,1782359495.0717204,0.0020248889923095703
94725,normal,134,0,1782359495.073734,0.002013683319091797
94726,normal,1339,1,1782359495.0756934,0.0019593238830566406
94727,normal,662,0,1782359495.0777943,0.0021009445190429688
94728,normal,2309,0,1782359495.0797272,0.0019328594207763672
94729,normal,3261,1,1782359495.0817347,0.0020074844360351562
94730,normal,3666,0,1782359495.0837293,0.001994609832763672
94731,normal,3458,0,1782359495.085898,0.0021686553955078125
94732,normal,2889,0,1782359495.0877304,0.0018324851989746094
94733,normal,684,0,1782359495.0897331,0.002002716064453125
94734,normal,382,0,1782359495.0917287,0.001995563507080078
94735,normal,187,0,1782359495.0937126,0.0019838809967041016
94736,normal,1154,0,1782359495.0956926,0.0019800662994384766
94737,normal,3349,1,1782359495.097776,0.002083301544189453
94738,normal,1189,0,1782359495.0997078,0.001931905746459961
94739,normal,0,0,1782359495.1016943,0.0019865036010742188
94740,normal,622,0,1782359495.103744,0.002049684524536133
94741,normal,2791,0,1782359495.105738,0.001993894577026367
94742,normal,1065,0,1782359495.1077216,0.001983642578125
94743,normal,503,0,1782359495.1097484,0.002026796340942383
94744,normal,1700,0,1782359495.1117167,0.0019683837890625
94745,normal,311,0,1782359495.1137104,0.0019936561584472656
94746,normal,741,0,1782359495.1157868,0.002076387405395508
94747,normal,142,0,1782359495.1176956,0.0019087791442871094
94748,normal,2005,0,1782359495.119732,0.0020363330841064453
94749,normal,753,0,1782359495.1217244,0.001992464065551758
94750,normal,2032,0,1782359495.1236923,0.001967906951904297
94751,normal,477,0,1782359495.1257231,0.0020308494567871094
94752,normal,3406,0,1782359495.1277256,0.0020024776458740234
94753,normal,3513,0,1782359495.1297247,0.0019991397857666016
94754,normal,1269,0,1782359495.131725,0.0020003318786621094
94755,normal,1535,0,1782359495.1337366,0.002011537551879883
94756,normal,2006,0,1782359495.135891,0.0021543502807617188
94757,normal,2843,0,1782359495.1378582,0.001967191696166992
94758,normal,567,0,1782359495.140974,0.0031158924102783203
94759,normal,3055,1,1782359495.1417413,0.0007672309875488281
94760,normal,3321,1,1782359495.1438057,0.0020644664764404297
94761,normal,1641,0,1782359495.1457376,0.001931905746459961
94762,normal,1143,0,1782359495.147779,0.002041339874267578
94763,normal,1508,0,1782359495.1498723,0.0020933151245117188
94764,normal,2067,0,1782359495.151738,0.0018656253814697266
94765,normal,501,0,1782359495.153696,0.001958131790161133
94766,normal,2040,0,1782359495.1557665,0.0020704269409179688
94767,normal,3189,1,1782359495.1578887,0.002122163772583008
94768,normal,2218,0,1782359495.159709,0.0018203258514404297
94769,normal,254,0,1782359495.1618495,0.002140522003173828
94770,normal,1152,0,1782359495.1639233,0.0020737648010253906
94771,normal,1001,2,1782359495.165715,0.0017917156219482422
94772,normal,3692,0,1782359495.1677282,0.0020132064819335938
94773,normal,1846,0,1782359495.1698353,0.0021071434020996094
94774,normal,3058,1,1782359495.1719177,0.002082347869873047
94775,normal,1199,0,1782359495.1737404,0.0018227100372314453
94776,normal,1825,0,1782359495.1758363,0.002095937728881836
94777,normal,74,0,1782359495.1778765,0.0020401477813720703
94778,normal,3317,1,1782359495.1797593,0.001882791519165039
94779,normal,3683,0,1782359495.1819713,0.002212047576904297
94780,normal,1711,0,1782359495.1837714,0.0018000602722167969
94781,normal,1766,0,1782359495.1859026,0.002131223678588867
94782,normal,2015,0,1782359495.1879535,0.0020508766174316406
94783,normal,1277,0,1782359495.1897633,0.001809835433959961
94784,normal,3130,1,1782359495.1919472,0.0021839141845703125
94785,normal,1384,0,1782359495.1939423,0.001995086669921875
94786,normal,3194,1,1782359495.1958294,0.0018870830535888672
94787,normal,2683,0,1782359495.1978488,0.0020194053649902344
94788,normal,3095,1,1782359495.199945,0.0020961761474609375
94789,normal,1128,0,1782359495.2018862,0.0019412040710449219
94790,normal,3121,1,1782359495.203767,0.0018808841705322266
94791,normal,516,0,1782359495.2058957,0.00212860107421875
94792,normal,561,0,1782359495.2077549,0.0018591880798339844
94793,normal,1475,0,1782359495.2099152,0.002160310745239258
94794,normal,319,0,1782359495.2119033,0.0019881725311279297
94795,normal,2283,0,1782359495.2138186,0.0019152164459228516
94796,normal,111,0,1782359495.2157393,0.0019207000732421875
94797,normal,661,0,1782359495.217958,0.0022187232971191406
94798,normal,1808,0,1782359495.2197742,0.0018162727355957031
94799,normal,1974,0,1782359495.2219894,0.002215147018432617
94800,normal,2164,0,1782359495.22392,0.0019307136535644531
94801,normal,1691,0,1782359495.2258284,0.0019083023071289062
94802,normal,2726,0,1782359495.2278497,0.002021312713623047
94803,normal,3639,0,1782359495.2299643,0.002114534378051758
94804,normal,637,0,1782359495.2317352,0.0017709732055664062
94805,normal,608,0,1782359495.2338216,0.0020864009857177734
94806,normal,1967,0,1782359495.235818,0.001996278762817383
94807,normal,2012,0,1782359495.2378032,0.001985311508178711
94808,normal,1390,0,1782359495.239865,0.0020618438720703125
94809,normal,2711,0,1782359495.241848,0.0019829273223876953
94810,normal,2548,0,1782359495.2437022,0.0018541812896728516
94811,normal,2001,0,1782359495.2458193,0.002117156982421875
94812,normal,68,0,1782359495.2478535,0.0020341873168945312
94813,normal,3706,0,1782359495.2497993,0.0019457340240478516
94814,normal,2691,0,1782359495.2519612,0.0021619796752929688
94815,normal,2092,0,1782359495.253836,0.001874685287475586
94816,normal,2277,0,1782359495.2557933,0.001957416534423828
94817,normal,1971,0,1782359495.2578585,0.0020651817321777344
94818,normal,1300,0,1782359495.2598717,0.0020132064819335938
94819,normal,302,0,1782359495.261685,0.0018131732940673828
94820,normal,3087,1,1782359495.2638361,0.0021512508392333984
94821,normal,805,2,1782359495.2658327,0.0019965171813964844
94822,normal,1947,0,1782359495.2677212,0.0018885135650634766
94823,normal,3001,0,1782359495.2698486,0.002127408981323242
94824,normal,3006,0,1782359495.27189,0.002041339874267578
94825,normal,536,0,1782359495.2736843,0.0017943382263183594
94826,normal,1734,0,1782359495.2758715,0.0021872520446777344
94827,normal,3432,0,1782359495.277859,0.001987457275390625
94828,normal,1885,0,1782359495.2798336,0.0019745826721191406
94829,normal,1787,0,1782359495.281912,0.002078533172607422
94830,normal,1184,0,1782359495.2838044,0.0018923282623291016
94831,normal,56,0,1782359495.2856236,0.0018191337585449219
94832,normal,121,0,1782359495.2878182,0.002194643020629883
94833,normal,2760,0,1782359495.289852,0.002033710479736328
94834,normal,402,0,1782359495.291703,0.0018510818481445312
94835,normal,167,0,1782359495.2938347,0.0021317005157470703
94836,normal,921,2,1782359495.2958305,0.0019958019256591797
94837,normal,3700,0,1782359495.2977853,0.001954793930053711
94838,normal,1917,0,1782359495.2999952,0.002209901809692383
94839,normal,2821,0,1782359495.3020124,0.0020172595977783203
94840,normal,817,2,1782359495.30371,0.001697540283203125
94841,normal,155,0,1782359495.3058336,0.002123594284057617
94842,normal,721,0,1782359495.3078206,0.001986980438232422
94843,normal,778,2,1782359495.309828,0.0020074844360351562
94844,normal,1436,0,1782359495.3119442,0.0021162033081054688
94845,normal,1578,0,1782359495.3137972,0.0018529891967773438
94846,normal,3074,1,1782359495.3157258,0.001928567886352539
94847,normal,2595,0,1782359495.3177595,0.002033710479736328
94848,normal,616,0,1782359495.3197608,0.0020012855529785156
94849,normal,2926,0,1782359495.321802,0.0020411014556884766
94850,normal,2609,0,1782359495.323779,0.001977205276489258
94851,normal,3188,1,1782359495.3259618,0.0021827220916748047
94852,normal,75,0,1782359495.327872,0.0019102096557617188
94853,normal,1213,0,1782359495.329849,0.0019769668579101562
94854,normal,2061,0,1782359495.3318796,0.002030611038208008
94855,normal,734,0,1782359495.3337672,0.0018875598907470703
94856,normal,2075,0,1782359495.3358374,0.002070188522338867
94857,normal,770,0,1782359495.337885,0.0020475387573242188
94858,normal,341,0,1782359495.3398213,0.0019364356994628906
94859,normal,2457,0,1782359495.3418562,0.002034902572631836
94860,normal,1040,0,1782359495.3440027,0.002146482467651367
94861,normal,1223,0,1782359495.3458333,0.0018305778503417969
94862,normal,1415,0,1782359495.3478556,0.002022266387939453
94863,normal,682,0,1782359495.349778,0.0019223690032958984
94864,normal,3660,0,1782359495.3516974,0.0019195079803466797
94865,normal,550,0,1782359495.3537436,0.0020461082458496094
94866,normal,1024,2,1782359495.3557296,0.0019860267639160156
94867,normal,3010,0,1782359495.3577192,0.001989603042602539
94868,normal,1888,0,1782359495.359717,0.001997709274291992
94869,normal,3320,1,1782359495.3618145,0.002097606658935547
94870,normal,322,0,1782359495.3638296,0.0020151138305664062
94871,normal,3368,1,1782359495.366009,0.002179384231567383
94872,normal,2758,0,1782359495.3678527,0.0018436908721923828
94873,normal,205,0,1782359495.3697243,0.0018715858459472656
94874,normal,1868,0,1782359495.3719535,0.0022292137145996094
94875,normal,394,0,1782359495.3739119,0.0019583702087402344
94876,normal,3503,0,1782359495.3758235,0.0019116401672363281
94877,normal,342,0,1782359495.3777792,0.001955747604370117
94878,normal,1522,0,1782359495.3797581,0.0019788742065429688
94879,normal,303,0,1782359495.3818073,0.0020492076873779297
94880,normal,674,0,1782359495.383838,0.002030611038208008
94881,normal,287,0,1782359495.3858473,0.0020093917846679688
94882,normal,3158,1,1782359495.387794,0.0019466876983642578
94883,normal,1278,0,1782359495.389832,0.0020380020141601562
94884,normal,2766,0,1782359495.3917637,0.0019316673278808594
94885,normal,3667,0,1782359495.3938282,0.0020644664764404297
94886,normal,815,2,1782359495.3958488,0.002020597457885742
94887,normal,3474,0,1782359495.3978922,0.002043485641479492
94888,normal,2503,0,1782359495.3998132,0.001920938491821289
94889,normal,1136,0,1782359495.4017851,0.0019719600677490234
94890,normal,234,0,1782359495.4038029,0.0020177364349365234
94891,normal,3522,0,1782359495.4057739,0.001971006393432617
94892,normal,1678,0,1782359495.407845,0.0020711421966552734
94893,normal,828,2,1782359495.4098442,0.0019991397857666016
94894,normal,2139,0,1782359495.4117434,0.0018992424011230469
94895,normal,3217,1,1782359495.4137065,0.0019631385803222656
94896,normal,3670,0,1782359495.4157588,0.00205230712890625
94897,normal,2336,0,1782359495.4178379,0.002079010009765625
94898,normal,1912,0,1782359495.4197674,0.0019295215606689453
94899,normal,2916,0,1782359495.4218247,0.002057313919067383
94900,normal,1847,0,1782359495.4237788,0.0019540786743164062
94901,normal,2132,0,1782359495.4257588,0.0019800662994384766
94902,normal,2797,0,1782359495.4279015,0.002142667770385742
94903,normal,3539,0,1782359495.4297333,0.0018317699432373047
94904,normal,263,0,1782359495.4320612,0.0023279190063476562
94905,normal,962,2,1782359495.4338334,0.001772165298461914
94906,normal,972,2,1782359495.4358327,0.001999378204345703
94907,normal,2208,0,1782359495.4378774,0.002044677734375
94908,normal,814,2,1782359495.4399295,0.0020520687103271484
94909,normal,1391,0,1782359495.4417932,0.001863718032836914
94910,normal,2417,0,1782359495.4437075,0.0019142627716064453
94911,normal,2561,0,1782359495.445742,0.002034425735473633
94912,normal,3002,0,1782359495.4478028,0.0020608901977539062
94913,normal,211,0,1782359495.449832,0.0020291805267333984
94914,normal,1443,0,1782359495.4517393,0.0019073486328125
94915,normal,541,0,1782359495.4537091,0.0019698143005371094
94916,normal,889,2,1782359495.4557147,0.0020055770874023438
94917,normal,678,0,1782359495.457726,0.0020112991333007812
94918,normal,3241,1,1782359495.4602857,0.002559661865234375
94919,normal,2632,0,1782359495.4619212,0.0016355514526367188
94920,normal,3329,1,1782359495.4638665,0.0019452571868896484
94921,normal,1296,0,1782359495.4657283,0.0018618106842041016
94922,normal,1386,0,1782359495.4678814,0.002153158187866211
94923,normal,1677,0,1782359495.4697626,0.0018811225891113281
94924,normal,3045,1,1782359495.4718425,0.0020799636840820312
94925,normal,1659,0,1782359495.4736762,0.0018336772918701172
94926,normal,1406,0,1782359495.4759014,0.002225160598754883
94927,normal,3230,1,1782359495.4777434,0.0018420219421386719
94928,normal,3545,0,1782359495.4798753,0.002131938934326172
94929,normal,2792,0,1782359495.4818754,0.002000093460083008
94930,normal,2881,0,1782359495.4839702,0.002094745635986328
94931,normal,883,2,1782359495.4858284,0.0018582344055175781
94932,normal,1301,0,1782359495.487911,0.0020825862884521484
94933,normal,1083,0,1782359495.489767,0.001856088638305664
94934,normal,2608,0,1782359495.4919062,0.0021390914916992188
94935,normal,306,0,1782359495.4938622,0.0019559860229492188
94936,normal,2744,0,1782359495.4958332,0.001971006393432617
94937,normal,1324,1,1782359495.4979484,0.0021152496337890625
94938,normal,650,0,1782359495.4998891,0.0019407272338867188
94939,normal,1476,0,1782359495.5019524,0.002063274383544922
94940,normal,2276,0,1782359495.5041175,0.002165079116821289
94941,normal,2589,0,1782359495.5059042,0.0017867088317871094
94942,normal,1342,1,1782359495.5078342,0.0019299983978271484
94943,normal,1815,0,1782359495.5097508,0.001916646957397461
94944,normal,3211,1,1782359495.5118563,0.0021054744720458984
94945,normal,115,0,1782359495.513726,0.0018696784973144531
94946,normal,3062,1,1782359495.5158567,0.002130746841430664
94947,normal,92,0,1782359495.5178473,0.0019905567169189453
94948,normal,1978,0,1782359495.519737,0.0018897056579589844
94949,normal,3606,0,1782359495.5217469,0.002009868621826172
94950,normal,1919,0,1782359495.5237749,0.0020279884338378906
94951,normal,493,0,1782359495.5257478,0.0019729137420654297
94952,normal,491,0,1782359495.527722,0.0019741058349609375
94953,normal,994,2,1782359495.5297308,0.0020089149475097656
94954,normal,2935,0,1782359495.531742,0.0020112991333007812
94955,normal,715,0,1782359495.5337422,0.002000093460083008
94956,normal,1466,0,1782359495.5357645,0.002022266387939453
94957,normal,549,0,1782359495.5377245,0.0019600391387939453
94958,normal,3680,0,1782359495.539752,0.0020275115966796875
94959,normal,2545,0,1782359495.5417013,0.001949310302734375
94960,normal,1619,0,1782359495.5437543,0.0020530223846435547
94961,normal,2983,0,1782359495.5457354,0.001981019973754883
94962,normal,1813,0,1782359495.5477207,0.001985311508178711
94963,normal,1435,0,1782359495.5497336,0.002012968063354492
94964,normal,2974,0,1782359495.551829,0.002095460891723633
94965,normal,1292,0,1782359495.553729,0.0018999576568603516
94966,normal,2306,0,1782359495.5557177,0.001988649368286133
94967,normal,2953,0,1782359495.5577247,0.002007007598876953
94968,normal,1493,0,1782359495.5597246,0.0019998550415039062
94969,normal,967,2,1782359495.5617328,0.002008199691772461
94970,normal,3308,1,1782359495.563763,0.0020301342010498047
94971,normal,1913,0,1782359495.565749,0.0019860267639160156
94972,normal,1190,0,1782359495.567761,0.002012014389038086
94973,normal,3157,1,1782359495.5697641,0.002003192901611328
94974,normal,1056,0,1782359495.5717316,0.0019674301147460938
94975,normal,2071,0,1782359495.5737236,0.0019919872283935547
94976,normal,969,2,1782359495.5757504,0.002026796340942383
94977,normal,3408,0,1782359495.5777438,0.001993417739868164
94978,normal,93,0,1782359495.5796843,0.0019404888153076172
94979,normal,272,0,1782359495.5817113,0.0020270347595214844
94980,normal,1706,0,1782359495.583804,0.002092599868774414
94981,normal,879,2,1782359495.5857382,0.0019342899322509766
94982,normal,3251,1,1782359495.5877554,0.0020172595977783203
94983,normal,2958,0,1782359495.5897658,0.002010345458984375
94984,normal,1405,0,1782359495.591779,0.0020132064819335938
94985,normal,178,0,1782359495.5937016,0.001922607421875
94986,normal,948,2,1782359495.5957742,0.002072572708129883
94987,normal,1689,0,1782359495.5979502,0.002176046371459961
94988,normal,1019,2,1782359495.5997925,0.0018422603607177734
94989,normal,3426,0,1782359495.601833,0.0020406246185302734
94990,normal,2096,0,1782359495.6037138,0.001880645751953125
94991,normal,1282,0,1782359495.6058292,0.002115488052368164
94992,normal,436,0,1782359495.6078968,0.00206756591796875
94993,normal,3537,0,1782359495.6098127,0.0019159317016601562
94994,normal,2498,0,1782359495.6119118,0.0020990371704101562
94995,normal,3015,0,1782359495.6139116,0.0019998550415039062
94996,normal,1003,2,1782359495.617135,0.003223419189453125
94997,normal,2783,0,1782359495.6179929,0.0008578300476074219
94998,normal,3398,1,1782359495.6201398,0.0021469593048095703
94999,normal,3007,0,1782359495.621778,0.001638174057006836
95000,normal,3472,0,1782359495.6238525,0.0020744800567626953
95001,normal,2666,0,1782359495.6258454,0.001992940902709961
95002,normal,651,0,1782359495.6277995,0.0019540786743164062
95003,normal,3647,0,1782359495.6299443,0.0021448135375976562
95004,normal,1204,0,1782359495.6321416,0.002197265625
95005,normal,2143,0,1782359495.633771,0.0016293525695800781
95006,normal,3695,0,1782359495.635956,0.0021851062774658203
95007,normal,2520,0,1782359495.637944,0.001987934112548828
95008,normal,1328,1,1782359495.639843,0.0018990039825439453
95009,normal,3374,1,1782359495.6419175,0.0020744800567626953
95010,normal,535,0,1782359495.644078,0.0021605491638183594
95011,normal,1531,0,1782359495.6458557,0.00177764892578125
95012,normal,531,0,1782359495.6478426,0.001986980438232422
95013,normal,913,2,1782359495.6499155,0.0020728111267089844
95014,normal,104,0,1782359495.6520529,0.002137422561645508
95015,normal,2043,0,1782359495.653801,0.0017480850219726562
95016,normal,1341,1,1782359495.6559565,0.0021555423736572266
95017,normal,1525,0,1782359495.6580389,0.002082347869873047
95018,normal,2215,0,1782359495.659886,0.0018470287322998047
95019,normal,1369,1,1782359495.6620228,0.0021369457244873047
95020,normal,1350,1,1782359495.6637783,0.0017554759979248047
95021,normal,2526,0,1782359495.6658843,0.0021059513092041016
95022,normal,3551,0,1782359495.667834,0.0019497871398925781
95023,normal,153,0,1782359495.6697822,0.0019481182098388672
95024,normal,43,0,1782359495.6718729,0.0020906925201416016
95025,normal,325,0,1782359495.6738138,0.0019409656524658203
95026,normal,1587,0,1782359495.6757991,0.001985311508178711
95027,normal,2832,0,1782359495.6778224,0.0020232200622558594
95028,normal,1803,0,1782359495.679747,0.001924753189086914
95029,normal,2715,0,1782359495.681712,0.0019648075103759766
95030,normal,1362,1,1782359495.6837814,0.0020694732666015625
95031,normal,1295,0,1782359495.6857858,0.002004384994506836
95032,normal,922,2,1782359495.6877055,0.0019197463989257812
95033,normal,1617,0,1782359495.6898644,0.0021588802337646484
95034,normal,141,0,1782359495.6917806,0.0019161701202392578
95035,normal,3134,1,1782359495.6937344,0.0019538402557373047
95036,normal,2808,0,1782359495.6958284,0.0020940303802490234
95037,normal,1554,0,1782359495.6977816,0.001953125
95038,normal,630,0,1782359495.699814,0.0020325183868408203
95039,normal,2630,0,1782359495.7018619,0.0020477771759033203
95040,normal,3430,0,1782359495.7038574,0.001995563507080078
95041,normal,1669,0,1782359495.7057862,0.0019288063049316406
95042,normal,3482,0,1782359495.7078457,0.002059459686279297
95043,normal,569,0,1782359495.709793,0.0019474029541015625
95044,normal,1162,0,1782359495.7118218,0.0020287036895751953
95045,normal,2772,0,1782359495.7138474,0.002025604248046875
95046,normal,2817,0,1782359495.715772,0.0019245147705078125
95047,normal,266,0,1782359495.7177787,0.0020067691802978516
95048,normal,1638,0,1782359495.7198,0.002021312713623047
95049,normal,1135,0,1782359495.7217605,0.0019605159759521484
95050,normal,3641,0,1782359495.723778,0.002017498016357422
95051,normal,370,0,1782359495.7259521,0.0021741390228271484
95052,normal,1889,0,1782359495.727904,0.0019519329071044922
95053,normal,1086,0,1782359495.729804,0.0018999576568603516
95054,normal,2405,0,1782359495.731755,0.001950979232788086
95055,normal,3413,0,1782359495.733849,0.0020940303802490234
95056,normal,2949,0,1782359495.7357275,0.001878499984741211
95057,normal,2455,0,1782359495.7376976,0.001970052719116211
95058,normal,3509,0,1782359495.7397673,0.002069711685180664
95059,normal,2102,0,1782359495.7416866,0.0019192695617675781
95060,normal,6,0,1782359495.7437336,0.0020470619201660156
95061,normal,3030,0,1782359495.7458093,0.002075672149658203
95062,normal,1460,0,1782359495.74777,0.00196075439453125
95063,normal,2166,0,1782359495.749891,0.0021209716796875
95064,normal,2459,0,1782359495.751938,0.0020470619201660156
95065,normal,2509,0,1782359495.7537763,0.0018382072448730469
95066,normal,1469,0,1782359495.7558641,0.002087831497192383
95067,normal,249,0,1782359495.7579668,0.0021026134490966797
95068,normal,1016,2,1782359495.7597852,0.0018184185028076172
95069,normal,1209,0,1782359495.7617161,0.0019309520721435547
95070,normal,806,2,1782359495.7638385,0.0021224021911621094
95071,normal,980,2,1782359495.7657266,0.0018880367279052734
95072,normal,1389,0,1782359495.767839,0.0021123886108398438
95073,normal,3357,1,1782359495.7697437,0.0019047260284423828
95074,normal,3696,0,1782359495.7717233,0.0019795894622802734
95075,normal,856,2,1782359495.7737145,0.00199127197265625
95076,normal,3653,0,1782359495.7757692,0.0020546913146972656
95077,normal,3073,1,1782359495.7780733,0.0023040771484375
95078,normal,3672,0,1782359495.7797992,0.001725912094116211
95079,normal,3031,0,1782359495.7818234,0.0020241737365722656
95080,normal,1579,0,1782359495.7837195,0.0018961429595947266
95081,normal,1017,2,1782359495.7857778,0.002058267593383789
95082,normal,2696,0,1782359495.787735,0.0019571781158447266
95083,normal,1015,2,1782359495.7897487,0.002013683319091797
95084,normal,3199,1,1782359495.7917216,0.0019729137420654297
95085,normal,3307,1,1782359495.7937212,0.0019996166229248047
95086,normal,2992,0,1782359495.7957249,0.0020036697387695312
95087,normal,3091,1,1782359495.7977626,0.0020377635955810547
95088,normal,2820,0,1782359495.7997544,0.001991748809814453
95089,normal,35,0,1782359495.8017604,0.002006053924560547
95090,normal,1310,0,1782359495.8038392,0.0020787715911865234
95091,normal,2003,0,1782359495.8058097,0.001970529556274414
95092,normal,1170,0,1782359495.8076928,0.0018830299377441406
95093,normal,1004,2,1782359495.8097906,0.0020978450775146484
95094,normal,1385,0,1782359495.8118174,0.002026796340942383
95095,normal,65,0,1782359495.8136578,0.001840353012084961
95096,normal,1871,0,1782359495.815846,0.0021882057189941406
95097,normal,2824,0,1782359495.8178582,0.0020122528076171875
95098,normal,309,0,1782359495.819708,0.0018498897552490234
95099,normal,3492,0,1782359495.8218348,0.0021266937255859375
95100,normal,680,0,1782359495.823958,0.002123117446899414
95101,normal,545,0,1782359495.8256946,0.0017366409301757812
95102,normal,3402,0,1782359495.827803,0.002108335494995117
95103,normal,3447,0,1782359495.8297365,0.0019335746765136719
95104,normal,1495,0,1782359495.8317344,0.0019979476928710938
95105,normal,3298,1,1782359495.833717,0.0019826889038085938
95106,normal,1509,0,1782359495.8357136,0.0019965171813964844
95107,normal,2681,0,1782359495.8377144,0.0020008087158203125
95108,normal,490,0,1782359495.8397343,0.0020198822021484375
95109,normal,1914,0,1782359495.841704,0.001969575881958008
95110,normal,2398,0,1782359495.8437512,0.002047300338745117
95111,normal,2288,0,1782359495.8458705,0.002119302749633789
95112,normal,2415,0,1782359495.8477304,0.001859903335571289
95113,normal,1812,0,1782359495.8497524,0.0020220279693603516
95114,normal,2305,0,1782359495.8517199,0.0019674301147460938
95115,normal,2000,0,1782359495.8537433,0.002023458480834961
95116,normal,1441,0,1782359495.8557842,0.002040863037109375
95117,normal,1941,0,1782359495.857707,0.0019228458404541016
95118,normal,2165,0,1782359495.8597217,0.002014636993408203
95119,normal,1823,0,1782359495.861755,0.002033233642578125
95120,normal,307,0,1782359495.863736,0.001981019973754883
95121,normal,1688,0,1782359495.8657262,0.0019903182983398438
95122,normal,1108,0,1782359495.8677356,0.0020093917846679688
95123,normal,2512,0,1782359495.8697824,0.002046823501586914
95124,normal,1106,0,1782359495.8717184,0.0019359588623046875
95125,normal,34,0,1782359495.8737555,0.00203704833984375
95126,normal,3036,0,1782359495.8757868,0.0020313262939453125
95127,normal,941,2,1782359495.8777308,0.0019440650939941406
95128,normal,2961,0,1782359495.8797486,0.0020177364349365234
95129,normal,1778,0,1782359495.8817887,0.0020401477813720703
95130,normal,3247,1,1782359495.8837693,0.0019805431365966797
95131,normal,1943,0,1782359495.8856928,0.0019235610961914062
95132,normal,2963,0,1782359495.8877952,0.002102375030517578
95133,normal,2035,0,1782359495.8897145,0.0019192695617675781
95134,normal,36,0,1782359495.8917575,0.002043008804321289
95135,normal,49,0,1782359495.893749,0.0019915103912353516
95136,normal,861,2,1782359495.8957589,0.002009868621826172
95137,normal,1145,0,1782359495.8977296,0.0019707679748535156
95138,normal,2019,0,1782359495.8997416,0.002012014389038086
95139,normal,1540,0,1782359495.9017143,0.001972675323486328
95140,normal,2045,0,1782359495.9037216,0.0020072460174560547
95141,normal,986,2,1782359495.9057791,0.0020575523376464844
95142,normal,876,2,1782359495.9077234,0.0019443035125732422
95143,normal,1250,0,1782359495.909774,0.002050638198852539
95144,normal,934,2,1782359495.9117165,0.0019423961639404297
95145,normal,3636,0,1782359495.9137328,0.002016305923461914
95146,normal,1139,0,1782359495.915773,0.0020401477813720703
95147,normal,3070,1,1782359495.9177206,0.001947641372680664
95148,normal,235,0,1782359495.9197462,0.002025604248046875
95149,normal,619,0,1782359495.9217572,0.0020110607147216797
95150,normal,563,0,1782359495.9237387,0.001981496810913086
95151,normal,996,2,1782359495.9257596,0.0020208358764648438
95152,normal,1800,0,1782359495.9277287,0.0019690990447998047
95153,normal,2727,0,1782359495.9297116,0.0019829273223876953
95154,normal,1070,0,1782359495.9317737,0.002062082290649414
95155,normal,48,0,1782359495.9337006,0.0019268989562988281
95156,normal,140,0,1782359495.9357452,0.002044677734375
95157,normal,1545,0,1782359495.9377058,0.0019605159759521484
95158,normal,1353,1,1782359495.9397569,0.002051115036010742
95159,normal,199,0,1782359495.9417353,0.0019783973693847656
95160,normal,2891,0,1782359495.9436862,0.001950979232788086
95161,normal,1692,0,1782359495.9461687,0.0024824142456054688
95162,normal,1897,0,1782359495.9477828,0.0016140937805175781
95163,normal,2199,0,1782359495.9497664,0.001983642578125
95164,normal,1524,0,1782359495.9517105,0.0019440650939941406
95165,normal,852,2,1782359495.953724,0.0020134449005126953
95166,normal,2069,0,1782359495.9557266,0.002002716064453125
95167,normal,2248,0,1782359495.9577882,0.002061605453491211
95168,normal,3601,0,1782359495.959729,0.0019407272338867188
95169,normal,3469,0,1782359495.9617374,0.0020084381103515625
95170,normal,2340,0,1782359495.9637296,0.0019922256469726562
95171,normal,1715,0,1782359495.9657319,0.002002239227294922
95172,normal,1404,0,1782359495.9677923,0.002060413360595703
95173,normal,3253,1,1782359495.9697013,0.001909017562866211
95174,normal,1798,0,1782359495.9718354,0.002134084701538086
95175,normal,246,0,1782359495.9738133,0.0019779205322265625
95176,normal,2729,0,1782359495.975705,0.0018916130065917969
95177,normal,1802,0,1782359495.9777884,0.0020835399627685547
95178,normal,981,2,1782359495.979799,0.0020105838775634766
95179,normal,2932,0,1782359495.9816809,0.0018818378448486328
95180,normal,960,2,1782359495.9838328,0.002151966094970703
95181,normal,639,0,1782359495.9858754,0.002042531967163086
95182,normal,1187,0,1782359495.9877183,0.0018429756164550781
95183,normal,3648,0,1782359495.9897366,0.0020182132720947266
95184,normal,1583,0,1782359495.991842,0.0021054744720458984
95185,normal,950,2,1782359495.9937685,0.001926422119140625
95186,normal,3377,1,1782359495.9957,0.0019314289093017578
95187,normal,64,0,1782359495.9977288,0.002028942108154297
95188,normal,1667,0,1782359495.9997358,0.002007007598876953
95189,normal,737,0,1782359496.0017147,0.0019788742065429688
95190,normal,2981,0,1782359496.0038009,0.002086162567138672
95191,normal,1732,0,1782359496.005706,0.001905202865600586
95192,normal,1326,1,1782359496.0077279,0.00202178955078125
95193,normal,118,0,1782359496.0097768,0.002048969268798828
95194,normal,2828,0,1782359496.0118096,0.002032756805419922
95195,normal,1662,0,1782359496.0137343,0.001924753189086914
95196,normal,2494,0,1782359496.015764,0.0020296573638916016
95197,normal,1082,0,1782359496.0177863,0.002022266387939453
95198,normal,775,2,1782359496.0197937,0.0020074844360351562
95199,normal,1334,1,1782359496.021773,0.001979351043701172
95200,normal,1737,0,1782359496.023747,0.001973867416381836
95201,normal,2038,0,1782359496.0257578,0.002010822296142578
95202,normal,3664,0,1782359496.0277278,0.001970052719116211
95203,normal,974,2,1782359496.0297403,0.002012491226196289
95204,normal,2617,0,1782359496.031735,0.001994609832763672
95205,normal,3611,0,1782359496.0337968,0.0020618438720703125
95206,normal,2396,0,1782359496.035699,0.0019021034240722656
95207,normal,2300,0,1782359496.0377371,0.002038240432739258
95208,normal,1867,0,1782359496.0397243,0.0019872188568115234
95209,normal,3531,0,1782359496.0417445,0.002020120620727539
95210,normal,3294,1,1782359496.0438042,0.0020596981048583984
95211,normal,2648,0,1782359496.0457473,0.0019431114196777344
95212,normal,343,0,1782359496.0477474,0.002000093460083008
95213,normal,905,2,1782359496.0497348,0.001987457275390625
95214,normal,3249,1,1782359496.051809,0.0020742416381835938
95215,normal,939,2,1782359496.0537074,0.0018982887268066406
95216,normal,3390,1,1782359496.0557363,0.002028942108154297
95217,normal,1793,0,1782359496.0577197,0.0019834041595458984
95218,normal,2240,0,1782359496.0597591,0.0020394325256347656
95219,normal,1532,0,1782359496.0617468,0.0019876956939697266
95220,normal,3254,1,1782359496.0637867,0.0020399093627929688
95221,normal,3171,1,1782359496.065763,0.0019762516021728516
95222,normal,2399,0,1782359496.0677116,0.0019485950469970703
95223,normal,3284,1,1782359496.069716,0.002004384994506836
95224,normal,824,2,1782359496.0717413,0.0020253658294677734
95225,normal,723,0,1782359496.0737326,0.00199127197265625
95226,normal,1937,0,1782359496.0757892,0.002056598663330078
95227,normal,3553,0,1782359496.07771,0.0019207000732421875
95228,normal,690,0,1782359496.0799909,0.0022809505462646484
95229,normal,3478,0,1782359496.0817628,0.0017719268798828125
95230,normal,1620,0,1782359496.083745,0.0019822120666503906
95231,normal,2185,0,1782359496.0857968,0.002051830291748047
95232,normal,1446,0,1782359496.087743,0.0019462108612060547
95233,normal,124,0,1782359496.0897584,0.002015352249145508
95234,normal,2105,0,1782359496.0918033,0.0020449161529541016
95235,normal,3705,0,1782359496.0938115,0.002008199691772461
95236,normal,1472,0,1782359496.0957005,0.0018889904022216797
95237,normal,3658,0,1782359496.0977385,0.0020380020141601562
95238,normal,3115,1,1782359496.09973,0.0019915103912353516
95239,normal,634,0,1782359496.1017346,0.0020046234130859375
95240,normal,1257,0,1782359496.1038234,0.002088785171508789
95241,normal,2909,0,1782359496.1057317,0.0019083023071289062
95242,normal,1346,1,1782359496.1077223,0.0019905567169189453
95243,normal,1538,0,1782359496.1097293,0.002007007598876953
95244,normal,275,0,1782359496.1117575,0.002028226852416992
95245,normal,3589,0,1782359496.1137109,0.0019533634185791016
95246,normal,1970,0,1782359496.1162176,0.002506732940673828
95247,normal,1557,0,1782359496.117737,0.0015194416046142578
95248,normal,3340,1,1782359496.119717,0.001979827880859375
95249,normal,3094,1,1782359496.1217065,0.001989603042602539
95250,normal,3183,1,1782359496.1237278,0.002021312713623047
95251,normal,1981,0,1782359496.125746,0.0020182132720947266
95252,normal,1276,0,1782359496.127789,0.002043008804321289
95253,normal,1546,0,1782359496.1297364,0.0019474029541015625
95254,normal,3599,0,1782359496.1317363,0.0019998550415039062
95255,normal,3279,1,1782359496.133736,0.0019996166229248047
95256,normal,424,0,1782359496.1357312,0.0019953250885009766
95257,normal,2985,0,1782359496.1377509,0.002019643783569336
95258,normal,3221,1,1782359496.1397147,0.0019638538360595703
95259,normal,1151,0,1782359496.14184,0.002125263214111328
95260,normal,2521,0,1782359496.143766,0.0019259452819824219
95261,normal,3180,1,1782359496.1457458,0.001979827880859375
95262,normal,166,0,1782359496.1477575,0.0020117759704589844
95263,normal,3286,1,1782359496.1498663,0.0021088123321533203
95264,normal,706,0,1782359496.1517134,0.0018470287322998047
95265,normal,2157,0,1782359496.153838,0.0021245479583740234
95266,normal,2332,0,1782359496.1558015,0.0019636154174804688
95267,normal,3367,1,1782359496.1577432,0.001941680908203125
95268,normal,3250,1,1782359496.159749,0.0020058155059814453
95269,normal,3500,0,1782359496.1619349,0.002185821533203125
95270,normal,1723,0,1782359496.1637573,0.0018224716186523438
95271,normal,1142,0,1782359496.1657364,0.0019791126251220703
95272,normal,1089,0,1782359496.1677222,0.001985788345336914
95273,normal,1881,0,1782359496.1699588,0.002236604690551758
95274,normal,2243,0,1782359496.1718693,0.0019104480743408203
95275,normal,736,0,1782359496.1737444,0.001875162124633789
95276,normal,3471,0,1782359496.175741,0.0019965171813964844
95277,normal,1832,0,1782359496.1777627,0.00202178955078125
95278,normal,2769,0,1782359496.179813,0.002050161361694336
95279,normal,1141,0,1782359496.1817114,0.0018985271453857422
95280,normal,713,0,1782359496.1837506,0.002039194107055664
95281,normal,2870,0,1782359496.1857662,0.0020155906677246094
95282,normal,1731,0,1782359496.1877735,0.0020072460174560547
95283,normal,2946,0,1782359496.1898808,0.002107381820678711
95284,normal,3108,1,1782359496.1917486,0.0018677711486816406
95285,normal,3627,0,1782359496.193953,0.002204418182373047
95286,normal,965,2,1782359496.1958992,0.0019462108612060547
95287,normal,2293,0,1782359496.197735,0.0018358230590820312
95288,normal,1459,0,1782359496.1998794,0.002144336700439453
95289,normal,2793,0,1782359496.2017295,0.001850128173828125
95290,normal,3363,1,1782359496.2037642,0.0020346641540527344
95291,normal,1841,0,1782359496.2057579,0.0019936561584472656
95292,normal,3510,0,1782359496.2078018,0.0020439624786376953
95293,normal,2068,0,1782359496.2097094,0.0019075870513916016
95294,normal,3260,1,1782359496.2117712,0.0020618438720703125
95295,normal,865,2,1782359496.21372,0.0019488334655761719
95296,normal,488,0,1782359496.216489,0.002768993377685547
95297,normal,165,0,1782359496.2178457,0.0013566017150878906
95298,normal,1853,0,1782359496.219903,0.002057313919067383
95299,normal,587,0,1782359496.221748,0.0018451213836669922
95300,normal,22,0,1782359496.223861,0.002112865447998047
95301,normal,841,2,1782359496.2258782,0.0020172595977783203
95302,normal,3674,0,1782359496.2277138,0.0018355846405029297
95303,normal,660,0,1782359496.2297575,0.0020437240600585938
95304,normal,1795,0,1782359496.2318585,0.0021009445190429688
95305,normal,2719,0,1782359496.233691,0.0018324851989746094
95306,normal,3542,0,1782359496.2357519,0.0020608901977539062
95307,normal,2174,0,1782359496.2379153,0.002163410186767578
95308,normal,930,2,1782359496.239808,0.0018928050994873047
95309,normal,3127,1,1782359496.2417893,0.0019812583923339844
95310,normal,2254,0,1782359496.2437472,0.0019578933715820312
95311,normal,1642,0,1782359496.245825,0.002077817916870117
95312,normal,2801,0,1782359496.2477593,0.0019342899322509766
95313,normal,2973,0,1782359496.2498505,0.0020911693572998047
95314,normal,3550,0,1782359496.2517662,0.0019156932830810547
95315,normal,1681,0,1782359496.2538548,0.0020885467529296875
95316,normal,2991,0,1782359496.2558017,0.0019469261169433594
95317,normal,200,0,1782359496.257894,0.0020923614501953125
95318,normal,984,2,1782359496.2597616,0.001867532730102539
95319,normal,2422,0,1782359496.2619262,0.002164602279663086
95320,normal,2771,0,1782359496.263792,0.0018658638000488281
95321,normal,528,0,1782359496.2658677,0.002075672149658203
95322,normal,1672,0,1782359496.267803,0.0019352436065673828
95323,normal,170,0,1782359496.2698169,0.0020139217376708984
95324,normal,3106,1,1782359496.2717397,0.0019228458404541016
95325,normal,3605,0,1782359496.27382,0.002080202102661133
95326,normal,27,0,1782359496.2757676,0.001947641372680664
95327,normal,1149,0,1782359496.27782,0.0020525455474853516
95328,normal,226,0,1782359496.279788,0.001967906951904297
95329,normal,646,0,1782359496.2818193,0.0020313262939453125
95330,normal,712,0,1782359496.2837546,0.0019352436065673828
95331,normal,3555,0,1782359496.286224,0.002469301223754883
95332,normal,3668,0,1782359496.2877817,0.0015578269958496094
95333,normal,3586,0,1782359496.2899005,0.002118825912475586
95334,normal,1809,0,1782359496.2918382,0.0019376277923583984
95335,normal,3335,1,1782359496.2937305,0.0018923282623291016
95336,normal,120,0,1782359496.2958274,0.002096891403198242
95337,normal,1660,0,1782359496.2978356,0.002008199691772461
95338,normal,1601,0,1782359496.2997386,0.0019030570983886719
95339,normal,1118,0,1782359496.3018422,0.002103567123413086
95340,normal,623,0,1782359496.303807,0.0019648075103759766
95341,normal,1430,0,1782359496.305822,0.0020148754119873047
95342,normal,1397,0,1782359496.3078153,0.001993417739868164
95343,normal,3453,0,1782359496.3098125,0.001997232437133789
95344,normal,3353,1,1782359496.3117402,0.0019276142120361328
95345,normal,2365,0,1782359496.313942,0.0022017955780029297
95346,normal,2427,0,1782359496.3159366,0.001994609832763672
95347,normal,2058,0,1782359496.3177967,0.0018601417541503906
95348,normal,3579,0,1782359496.319868,0.002071380615234375
95349,normal,843,2,1782359496.3218293,0.001961231231689453
95350,normal,1894,0,1782359496.323867,0.0020377635955810547
95351,normal,2426,0,1782359496.3257666,0.0018994808197021484
95352,normal,2352,0,1782359496.3279998,0.002233266830444336
95353,normal,1005,2,1782359496.3297827,0.0017828941345214844
95354,normal,2079,0,1782359496.3318772,0.0020945072174072266
95355,normal,1852,0,1782359496.3339949,0.002117633819580078
95356,normal,1239,0,1782359496.3358715,0.0018765926361083984
95357,normal,2493,0,1782359496.3377535,0.0018820762634277344
95358,normal,1217,0,1782359496.3399117,0.0021581649780273438
95359,normal,3442,0,1782359496.3417044,0.0017926692962646484
95360,normal,1698,0,1782359496.3437686,0.002064228057861328
95361,normal,3042,0,1782359496.3458407,0.0020720958709716797
95362,normal,1836,0,1782359496.3477356,0.0018949508666992188
95363,normal,1864,0,1782359496.349787,0.0020513534545898438
95364,normal,3456,0,1782359496.35194,0.0021529197692871094
95365,normal,277,0,1782359496.3537683,0.0018284320831298828
95366,normal,860,2,1782359496.3558657,0.0020973682403564453
95367,normal,3490,0,1782359496.357942,0.002076387405395508
95368,normal,2350,0,1782359496.3597791,0.001837015151977539
95369,normal,2811,0,1782359496.3619995,0.0022203922271728516
95370,normal,3654,0,1782359496.3639054,0.0019059181213378906
95371,normal,2357,0,1782359496.3657453,0.0018398761749267578
95372,normal,3633,0,1782359496.3679307,0.002185344696044922
95373,normal,258,0,1782359496.3698773,0.0019466876983642578
95374,normal,3655,0,1782359496.3717637,0.0018863677978515625
95375,normal,1410,0,1782359496.3738575,0.002093791961669922
95376,normal,1168,0,1782359496.37583,0.0019724369049072266
95377,normal,3433,0,1782359496.3777404,0.0019104480743408203
95378,normal,2017,0,1782359496.379867,0.0021266937255859375
95379,normal,1176,0,1782359496.3818388,0.001971721649169922
95380,normal,2551,0,1782359496.383754,0.0019152164459228516
95381,normal,414,0,1782359496.3858614,0.002107381820678711
95382,normal,1129,0,1782359496.387845,0.001983642578125
95383,normal,3507,0,1782359496.3898213,0.0019762516021728516
95384,normal,584,0,1782359496.3917286,0.0019073486328125
95385,normal,1992,0,1782359496.3938735,0.0021448135375976562
95386,normal,2231,0,1782359496.3957117,0.0018382072448730469
95387,normal,3423,0,1782359496.397863,0.0021512508392333984
95388,normal,176,0,1782359496.399879,0.0020160675048828125
95389,normal,3044,0,1782359496.4017422,0.001863241195678711
95390,normal,3621,0,1782359496.4038825,0.0021402835845947266
95391,normal,3354,1,1782359496.4058955,0.002012968063354492
95392,normal,1671,0,1782359496.4077468,0.0018513202667236328
95393,normal,217,0,1782359496.4097981,0.0020513534545898438
95394,normal,2129,0,1782359496.4117203,0.0019221305847167969
95395,normal,1595,0,1782359496.4137444,0.0020241737365722656
95396,normal,250,0,1782359496.4158013,0.0020568370819091797
95397,normal,534,0,1782359496.4178467,0.0020453929901123047
95398,normal,564,0,1782359496.4198897,0.002043008804321289
95399,normal,1484,0,1782359496.4217272,0.0018374919891357422
95400,normal,2510,0,1782359496.423874,0.0021467208862304688
95401,normal,2367,0,1782359496.4258056,0.0019316673278808594
95402,normal,867,2,1782359496.427892,0.0020864009857177734
95403,normal,1513,0,1782359496.4298935,0.002001523971557617
95404,normal,937,2,1782359496.431791,0.001897573471069336
95405,normal,3395,1,1782359496.4338439,0.002052783966064453
95406,normal,3053,1,1782359496.4359083,0.0020644664764404297
95407,normal,999,2,1782359496.4378495,0.0019412040710449219
95408,normal,2479,0,1782359496.4398298,0.001980304718017578
95409,normal,3303,1,1782359496.4419792,0.002149343490600586
95410,normal,1354,1,1782359496.4437075,0.0017282962799072266
95411,normal,2387,0,1782359496.4458594,0.002151966094970703
95412,normal,2313,0,1782359496.4478433,0.0019838809967041016
95413,normal,3269,1,1782359496.449751,0.0019075870513916016
95414,normal,1264,0,1782359496.4518464,0.002095460891723633
95415,normal,851,2,1782359496.4538474,0.002001047134399414
95416,normal,3111,1,1782359496.4557319,0.00188446044921875
95417,normal,2177,0,1782359496.457856,0.0021240711212158203
95418,normal,1827,0,1782359496.459928,0.0020720958709716797
95419,normal,3313,1,1782359496.462167,0.0022389888763427734
95420,normal,1527,0,1782359496.4637816,0.0016145706176757812
95421,normal,943,2,1782359496.4658713,0.0020897388458251953
95422,normal,2514,0,1782359496.4677045,0.001833200454711914
95423,normal,2324,0,1782359496.4697285,0.002023935317993164
95424,normal,3229,1,1782359496.4718714,0.0021429061889648438
95425,normal,1944,0,1782359496.4737835,0.0019121170043945312
95426,normal,395,0,1782359496.4758663,0.00208282470703125
95427,normal,2216,0,1782359496.4778674,0.002001047134399414
95428,normal,938,2,1782359496.479742,0.001874685287475586
95429,normal,1874,0,1782359496.4818661,0.0021240711212158203
95430,normal,2153,0,1782359496.4838471,0.001981019973754883
95431,normal,1719,0,1782359496.4857402,0.0018930435180664062
95432,normal,957,2,1782359496.4879048,0.002164602279663086
95433,normal,299,0,1782359496.489922,0.0020172595977783203
95434,normal,1844,0,1782359496.4917817,0.0018596649169921875
95435,normal,2672,0,1782359496.493885,0.0021033287048339844
95436,normal,3186,1,1782359496.4959047,0.002019643783569336
95437,normal,3457,0,1782359496.4977648,0.0018601417541503906
95438,normal,1526,0,1782359496.499937,0.002172231674194336
95439,normal,2679,0,1782359496.501997,0.0020599365234375
95440,normal,2462,0,1782359496.503808,0.0018110275268554688
95441,normal,901,2,1782359496.5057354,0.0019273757934570312
95442,normal,3515,0,1782359496.5079699,0.0022344589233398438
95443,normal,2408,0,1782359496.5098894,0.0019195079803466797
95444,normal,305,0,1782359496.511786,0.0018966197967529297
95445,normal,1327,1,1782359496.5137675,0.001981496810913086
95446,normal,720,0,1782359496.5159123,0.0021448135375976562
95447,normal,441,0,1782359496.5177548,0.001842498779296875
95448,normal,1726,0,1782359496.5198617,0.002106904983520508
95449,normal,2148,0,1782359496.5217335,0.0018718242645263672
95450,normal,324,0,1782359496.5238438,0.0021102428436279297
95451,normal,1074,0,1782359496.5258436,0.0019998550415039062
95452,normal,2706,0,1782359496.5277648,0.0019211769104003906
95453,normal,1153,0,1782359496.5298917,0.002126932144165039
95454,normal,936,2,1782359496.5318942,0.0020024776458740234
95455,normal,2556,0,1782359496.533782,0.0018877983093261719
95456,normal,3582,0,1782359496.535861,0.002079010009765625
95457,normal,2383,0,1782359496.5378702,0.002009153366088867
95458,normal,233,0,1782359496.5398047,0.0019345283508300781
95459,normal,1514,0,1782359496.541874,0.002069234848022461
95460,normal,1458,0,1782359496.54384,0.0019659996032714844
95461,normal,3059,1,1782359496.5457325,0.0018925666809082031
95462,normal,2917,0,1782359496.5478544,0.0021219253540039062
95463,normal,387,0,1782359496.5498426,0.0019881725311279297
95464,normal,1690,0,1782359496.5517402,0.001897573471069336
95465,normal,2757,0,1782359496.5538573,0.002117156982421875
95466,normal,761,0,1782359496.5558252,0.001967906951904297
95467,normal,195,0,1782359496.557758,0.0019328594207763672
95468,normal,3207,1,1782359496.559885,0.002126932144165039
95469,normal,3081,1,1782359496.561909,0.002023935317993164
95470,normal,431,0,1782359496.5637407,0.0018317699432373047
95471,normal,2722,0,1782359496.565883,0.002142190933227539
95472,normal,2386,0,1782359496.5678277,0.0019447803497314453
95473,normal,2268,0,1782359496.5697381,0.0019104480743408203
95474,normal,2187,0,1782359496.5718503,0.002112150192260742
95475,normal,3649,0,1782359496.573868,0.0020177364349365234
95476,normal,1013,2,1782359496.5757682,0.0019001960754394531
95477,normal,1984,0,1782359496.5778723,0.002104043960571289
95478,normal,163,0,1782359496.5799205,0.0020482540130615234
95479,normal,2586,0,1782359496.5817904,0.0018699169158935547
95480,normal,3023,0,1782359496.5838566,0.0020661354064941406
95481,normal,3681,0,1782359496.5858583,0.0020017623901367188
95482,normal,3364,1,1782359496.5877857,0.0019273757934570312
95483,normal,819,2,1782359496.5898538,0.002068042755126953
95484,normal,3373,1,1782359496.5918367,0.0019829273223876953
95485,normal,2532,0,1782359496.5937278,0.0018911361694335938
95486,normal,2647,0,1782359496.5958655,0.0021376609802246094
95487,normal,415,0,1782359496.5978572,0.001991748809814453
95488,normal,959,2,1782359496.5998435,0.001986265182495117
95489,normal,1860,0,1782359496.6018198,0.0019762516021728516
95490,normal,1581,0,1782359496.6039412,0.002121448516845703
95491,normal,1137,0,1782359496.605941,0.0019998550415039062
95492,normal,1351,1,1782359496.6077883,0.0018472671508789062
95493,normal,1183,0,1782359496.6099555,0.002167224884033203
95494,normal,897,2,1782359496.611941,0.0019855499267578125
95495,normal,2898,0,1782359496.6139405,0.001999378204345703
95496,normal,214,0,1782359496.6158288,0.001888275146484375
95497,normal,2249,0,1782359496.6177225,0.001893758773803711
95498,normal,1147,0,1782359496.6198556,0.0021331310272216797
95499,normal,925,2,1782359496.621849,0.001993417739868164
95500,normal,3585,0,1782359496.62367,0.0018210411071777344
95501,normal,420,0,1782359496.6258554,0.002185344696044922
95502,normal,1572,0,1782359496.6278555,0.002000093460083008
95503,normal,3511,0,1782359496.6297328,0.0018773078918457031
95504,normal,1745,0,1782359496.631853,0.0021202564239501953
95505,normal,3112,1,1782359496.6343815,0.0025284290313720703
95506,normal,3000,0,1782359496.6358495,0.0014679431915283203
95507,normal,656,0,1782359496.6377437,0.001894235610961914
95508,normal,2930,0,1782359496.6398842,0.002140522003173828
95509,normal,3529,0,1782359496.641737,0.0018527507781982422
95510,normal,3004,0,1782359496.6437485,0.002011537551879883
95511,normal,1075,0,1782359496.645899,0.0021505355834960938
95512,normal,2314,0,1782359496.6477857,0.001886606216430664
95513,normal,1091,0,1782359496.6497314,0.0019457340240478516
95514,normal,802,2,1782359496.6517565,0.002025127410888672
95515,normal,2716,0,1782359496.653746,0.0019893646240234375
95516,normal,2440,0,1782359496.65574,0.0019941329956054688
95517,normal,3628,0,1782359496.657726,0.0019860267639160156
95518,normal,1631,0,1782359496.6598008,0.002074718475341797
95519,normal,2768,0,1782359496.6617866,0.001985788345336914
95520,normal,1220,0,1782359496.663746,0.001959562301635742
95521,normal,3687,0,1782359496.6657507,0.0020046234130859375
95522,normal,2507,0,1782359496.6677637,0.002012968063354492
95523,normal,1134,0,1782359496.6697266,0.001962900161743164
95524,normal,530,0,1782359496.671787,0.002060413360595703
95525,normal,1165,0,1782359496.6738276,0.0020406246185302734
95526,normal,292,0,1782359496.6757805,0.0019528865814208984
95527,normal,1661,0,1782359496.6777024,0.0019218921661376953
95528,normal,1506,0,1782359496.6797986,0.0020961761474609375
95529,normal,1791,0,1782359496.6817586,0.0019600391387939453
95530,normal,1042,0,1782359496.6836848,0.0019261837005615234
95531,normal,1951,0,1782359496.6857252,0.002040386199951172
95532,normal,2496,0,1782359496.6877387,0.0020134449005126953
95533,normal,2901,0,1782359496.6897488,0.0020101070404052734
95534,normal,2115,0,1782359496.6917217,0.0019729137420654297
95535,normal,2373,0,1782359496.6937253,0.0020036697387695312
95536,normal,1261,0,1782359496.6957226,0.001997232437133789
95537,normal,3415,0,1782359496.6977344,0.0020117759704589844
95538,normal,450,0,1782359496.6997128,0.0019783973693847656
95539,normal,468,0,1782359496.7018347,0.0021219253540039062
95540,normal,1562,0,1782359496.7038214,0.0019867420196533203
95541,normal,951,2,1782359496.7058003,0.0019788742065429688
95542,normal,1439,0,1782359496.7078648,0.0020644664764404297
95543,normal,1556,0,1782359496.7097614,0.0018966197967529297
95544,normal,659,0,1782359496.712,0.0022385120391845703
95545,normal,333,0,1782359496.7137964,0.0017964839935302734
95546,normal,2720,0,1782359496.71575,0.001953601837158203
95547,normal,3645,0,1782359496.7179034,0.0021533966064453125
95548,normal,2593,0,1782359496.7197468,0.0018434524536132812
95549,normal,406,0,1782359496.7218533,0.0021064281463623047
95550,normal,3038,0,1782359496.7238276,0.001974344253540039
95551,normal,2701,0,1782359496.7257562,0.001928567886352539
95552,normal,208,0,1782359496.727864,0.002107858657836914
95553,normal,499,0,1782359496.7298431,0.0019791126251220703
95554,normal,749,0,1782359496.731778,0.0019347667694091797
95555,normal,888,2,1782359496.7337544,0.001976490020751953
95556,normal,2470,0,1782359496.7358406,0.002086162567138672
95557,normal,1235,0,1782359496.7377443,0.0019037723541259766
95558,normal,3501,0,1782359496.739869,0.002124786376953125
95559,normal,2205,0,1782359496.7418358,0.001966714859008789
95560,normal,482,0,1782359496.743684,0.0018482208251953125
95561,normal,138,0,1782359496.7457676,0.0020835399627685547
95562,normal,556,0,1782359496.747722,0.001954317092895508
95563,normal,1054,0,1782359496.7497914,0.0020694732666015625
95564,normal,1648,0,1782359496.7516973,0.0019059181213378906
95565,normal,207,0,1782359496.753717,0.002019643783569336
95566,normal,1148,0,1782359496.7559035,0.0021865367889404297
95567,normal,430,0,1782359496.7577384,0.001834869384765625
95568,normal,1066,0,1782359496.7598412,0.0021028518676757812
95569,normal,3149,1,1782359496.7617311,0.001889944076538086
95570,normal,995,2,1782359496.7637036,0.0019724369049072266
95571,normal,1146,0,1782359496.7657185,0.0020148754119873047
95572,normal,1653,0,1782359496.7677646,0.0020461082458496094
95573,normal,2036,0,1782359496.7697139,0.001949310302734375
95574,normal,1344,1,1782359496.7717507,0.0020368099212646484
95575,normal,2989,0,1782359496.7737634,0.0020127296447753906
95576,normal,54,0,1782359496.775735,0.0019714832305908203
95577,normal,1032,0,1782359496.7777185,0.001983642578125
95578,normal,2535,0,1782359496.7798123,0.002093791961669922
95579,normal,308,0,1782359496.7817843,0.0019719600677490234
95580,normal,636,0,1782359496.783713,0.0019288063049316406
95581,normal,23,0,1782359496.785717,0.002003908157348633
95582,normal,2473,0,1782359496.787675,0.0019578933715820312
95583,normal,295,0,1782359496.7897267,0.002051830291748047
95584,normal,1373,1,1782359496.791761,0.0020341873168945312
95585,normal,179,0,1782359496.7936885,0.0019276142120361328
95586,normal,3012,0,1782359496.7957132,0.0020246505737304688
95587,normal,2619,0,1782359496.7977257,0.002012491226196289
95588,normal,3165,1,1782359496.7996726,0.0019469261169433594
95589,normal,726,0,1782359496.8018425,0.0021698474884033203
95590,normal,1456,0,1782359496.8038352,0.0019927024841308594
95591,normal,1244,0,1782359496.805726,0.0018908977508544922
95592,normal,2108,0,1782359496.8077176,0.0019915103912353516
95593,normal,3699,0,1782359496.809727,0.0020093917846679688
95594,normal,1849,0,1782359496.8116903,0.001963376998901367
95595,normal,2316,0,1782359496.813697,0.0020067691802978516
95596,normal,626,0,1782359496.8159504,0.002253293991088867
95597,normal,1987,0,1782359496.818403,0.0024526119232177734
95598,normal,3239,1,1782359496.8197534,0.00135040283203125
95599,normal,2563,0,1782359496.8219395,0.0021860599517822266
95600,normal,3029,0,1782359496.8238466,0.0019071102142333984
95601,normal,1112,0,1782359496.8258796,0.0020329952239990234
95602,normal,2024,0,1782359496.82772,0.001840353012084961
95603,normal,1482,0,1782359496.8298779,0.002157926559448242
95604,normal,3676,0,1782359496.831949,0.0020711421966552734
95605,normal,3446,0,1782359496.8337739,0.0018248558044433594
95606,normal,41,0,1782359496.8359246,0.0021507740020751953
95607,normal,1455,0,1782359496.8377974,0.0018727779388427734
95608,normal,3677,0,1782359496.8399162,0.002118825912475586
95609,normal,1367,1,1782359496.8417916,0.0018754005432128906
95610,normal,688,0,1782359496.8439822,0.0021905899047851562
95611,normal,3306,1,1782359496.8459322,0.0019500255584716797
95612,normal,2151,0,1782359496.8478432,0.0019109249114990234
95613,normal,1335,1,1782359496.8498871,0.0020439624786376953
95614,normal,1077,0,1782359496.8517928,0.001905679702758789
95615,normal,671,0,1782359496.8539991,0.0022063255310058594
95616,normal,3092,1,1782359496.8558319,0.001832723617553711
95617,normal,3514,0,1782359496.8578436,0.0020117759704589844
95618,normal,162,0,1782359496.8598907,0.0020470619201660156
95619,normal,1903,0,1782359496.861794,0.0019032955169677734
95620,normal,2429,0,1782359496.8637917,0.001997709274291992
95621,normal,2041,0,1782359496.8657117,0.0019199848175048828
95622,normal,3701,0,1782359496.8678262,0.002114534378051758
95623,normal,1052,0,1782359496.8697143,0.0018880367279052734
95624,normal,2633,0,1782359496.8718052,0.002090930938720703
95625,normal,290,0,1782359496.8737526,0.0019474029541015625
95626,normal,2759,0,1782359496.8758218,0.002069234848022461
95627,normal,2356,0,1782359496.8778458,0.002023935317993164
95628,normal,2814,0,1782359496.8797293,0.0018835067749023438
95629,normal,3341,1,1782359496.8817875,0.002058267593383789
95630,normal,2849,0,1782359496.88379,0.0020024776458740234
95631,normal,1499,0,1782359496.8857644,0.001974344253540039
95632,normal,3487,0,1782359496.8877163,0.0019519329071044922
95633,normal,2616,0,1782359496.8897648,0.002048492431640625
95634,normal,2603,0,1782359496.8916936,0.0019288063049316406
95635,normal,3622,0,1782359496.8937337,0.0020401477813720703
95636,normal,2972,0,1782359496.895735,0.0020012855529785156
95637,normal,2049,0,1782359496.8976915,0.001956462860107422
95638,normal,3434,0,1782359496.8998902,0.0021986961364746094
95639,normal,66,0,1782359496.9017513,0.0018610954284667969
95640,normal,3414,0,1782359496.9038508,0.0020995140075683594
95641,normal,433,0,1782359496.9057539,0.0019030570983886719
95642,normal,91,0,1782359496.9079275,0.0021736621856689453
95643,normal,993,2,1782359496.909861,0.0019335746765136719
95644,normal,1537,0,1782359496.9116914,0.0018303394317626953
95645,normal,1512,0,1782359496.9137383,0.002046823501586914
95646,normal,864,2,1782359496.9156945,0.0019562244415283203
95647,normal,2437,0,1782359496.9177363,0.0020418167114257812
95648,normal,1173,0,1782359496.9196773,0.0019409656524658203
95649,normal,3459,0,1782359496.9217103,0.0020329952239990234
95650,normal,1911,0,1782359496.9237642,0.002053976058959961
95651,normal,225,0,1782359496.9257262,0.001961946487426758
95652,normal,1412,0,1782359496.9277506,0.002024412155151367
95653,normal,1167,0,1782359496.9297523,0.0020017623901367188
95654,normal,502,0,1782359496.9317029,0.0019505023956298828
95655,normal,3319,1,1782359496.93371,0.0020072460174560547
95656,normal,853,2,1782359496.9357474,0.0020372867584228516
95657,normal,216,0,1782359496.9377024,0.0019550323486328125
95658,normal,2257,0,1782359496.9397194,0.0020170211791992188
95659,normal,2661,0,1782359496.9417307,0.0020112991333007812
95660,normal,3085,1,1782359496.943845,0.0021142959594726562
95661,normal,2125,0,1782359496.945718,0.001873016357421875
95662,normal,2805,0,1782359496.9477398,0.00202178955078125
95663,normal,696,0,1782359496.9497514,0.002011537551879883
95664,normal,3202,1,1782359496.9517286,0.001977205276489258
95665,normal,2327,0,1782359496.9537418,0.0020132064819335938
95666,normal,2149,0,1782359496.9557118,0.001970052719116211
95667,normal,2831,0,1782359496.9577503,0.0020384788513183594
95668,normal,585,0,1782359496.9597645,0.00201416015625
95669,normal,2471,0,1782359496.9616966,0.0019321441650390625
95670,normal,559,0,1782359496.9637241,0.0020275115966796875
95671,normal,2663,0,1782359496.965718,0.001993894577026367
95672,normal,429,0,1782359496.9676752,0.0019571781158447266
95673,normal,2764,0,1782359496.9697342,0.0020589828491210938
95674,normal,2905,0,1782359496.971712,0.0019779205322265625
95675,normal,3175,1,1782359496.973723,0.002010822296142578
95676,normal,2255,0,1782359496.9757156,0.0019927024841308594
95677,normal,895,2,1782359496.9777236,0.0020079612731933594
95678,normal,2346,0,1782359496.9800842,0.0023605823516845703
95679,normal,2671,0,1782359496.9818459,0.0017616748809814453
95680,normal,947,2,1782359496.9836774,0.0018315315246582031
95681,normal,2590,0,1782359496.9857254,0.002048015594482422
95682,normal,2072,0,1782359496.9877543,0.002028942108154297
95683,normal,2107,0,1782359496.989728,0.0019736289978027344
95684,normal,384,0,1782359496.991716,0.001987934112548828
95685,normal,2,0,1782359496.9937446,0.0020287036895751953
95686,normal,1857,0,1782359496.9957263,0.0019817352294921875
95687,normal,3264,1,1782359496.9976902,0.0019638538360595703
95688,normal,1361,1,1782359496.999743,0.002052783966064453
95689,normal,1203,0,1782359497.0017395,0.0019965171813964844
95690,normal,62,0,1782359497.0037,0.0019605159759521484
95691,normal,3292,1,1782359497.005929,0.002228975296020508
95692,normal,3248,1,1782359497.0078244,0.0018954277038574219
95693,normal,1733,0,1782359497.0097437,0.0019192695617675781
95694,normal,2798,0,1782359497.0117764,0.002032756805419922
95695,normal,2443,0,1782359497.0137625,0.0019860267639160156
95696,normal,181,0,1782359497.0157185,0.0019559860229492188
95697,normal,3451,0,1782359497.0177596,0.0020411014556884766
95698,normal,1694,0,1782359497.019875,0.002115488052368164
95699,normal,2734,0,1782359497.0217917,0.001916646957397461
95700,normal,1414,0,1782359497.0239108,0.0021190643310546875
95701,normal,1125,0,1782359497.025828,0.001917123794555664
95702,normal,3345,1,1782359497.027869,0.0020411014556884766
95703,normal,3009,0,1782359497.0298574,0.0019884109497070312
95704,normal,1424,0,1782359497.0317245,0.001867055892944336
95705,normal,2226,0,1782359497.0339036,0.0021791458129882812
95706,normal,1248,0,1782359497.0358453,0.001941680908203125
95707,normal,1612,0,1782359497.0377352,0.001889944076538086
95708,normal,617,0,1782359497.039868,0.002132892608642578
95709,normal,609,0,1782359497.0418284,0.001960277557373047
95710,normal,7,0,1782359497.043729,0.0019006729125976562
95711,normal,789,2,1782359497.0457654,0.0020363330841064453
95712,normal,512,0,1782359497.047889,0.002123594284057617
95713,normal,1673,0,1782359497.0498047,0.0019156932830810547
95714,normal,2380,0,1782359497.051717,0.0019123554229736328
95715,normal,902,2,1782359497.0537426,0.002025604248046875
95716,normal,3366,1,1782359497.0557537,0.0020110607147216797
95717,normal,33,0,1782359497.0577765,0.0020227432250976562
95718,normal,1273,0,1782359497.0597436,0.001967191696166992
95719,normal,2237,0,1782359497.0618176,0.002074003219604492
95720,normal,548,0,1782359497.0636923,0.001874685287475586
95721,normal,2053,0,1782359497.0657132,0.0020208358764648438
95722,normal,2428,0,1782359497.0677247,0.002011537551879883
95723,normal,1533,0,1782359497.0697885,0.002063751220703125
95724,normal,1281,0,1782359497.0716772,0.0018887519836425781
95725,normal,185,0,1782359497.073734,0.0020568370819091797
95726,normal,3257,1,1782359497.0757368,0.002002716064453125
95727,normal,3077,1,1782359497.077723,0.001986265182495117
95728,normal,3339,1,1782359497.079821,0.00209808349609375
95729,normal,1603,0,1782359497.0816822,0.0018610954284667969
95730,normal,3024,0,1782359497.0837233,0.0020411014556884766
95731,normal,1614,0,1782359497.0857165,0.0019931793212890625
95732,normal,3444,0,1782359497.0877304,0.0020139217376708984
95733,normal,1009,2,1782359497.0897076,0.001977205276489258
95734,normal,3193,1,1782359497.0917249,0.0020172595977783203
95735,normal,321,0,1782359497.0937474,0.0020225048065185547
95736,normal,2658,0,1782359497.0958002,0.002052783966064453
95737,normal,2232,0,1782359497.0977407,0.0019404888153076172
95738,normal,850,2,1782359497.0997496,0.0020089149475097656
95739,normal,2202,0,1782359497.1017094,0.0019598007202148438
95740,normal,2095,0,1782359497.1037173,0.0020079612731933594
95741,normal,385,0,1782359497.105756,0.002038717269897461
95742,normal,1422,0,1782359497.1076965,0.0019404888153076172
95743,normal,2802,0,1782359497.1097274,0.0020308494567871094
95744,normal,1752,0,1782359497.1117198,0.001992464065551758
95745,normal,2816,0,1782359497.1137054,0.0019855499267578125
95746,normal,89,0,1782359497.115818,0.0021126270294189453
95747,normal,2251,0,1782359497.117725,0.0019068717956542969
95748,normal,1760,0,1782359497.119788,0.0020630359649658203
95749,normal,1110,0,1782359497.12171,0.0019221305847167969
95750,normal,1523,0,1782359497.123802,0.0020918846130371094
95751,normal,829,2,1782359497.1257079,0.0019059181213378906
95752,normal,2162,0,1782359497.1277714,0.0020635128021240234
95753,normal,1037,0,1782359497.1297224,0.001950979232788086
95754,normal,446,0,1782359497.1317358,0.0020134449005126953
95755,normal,2117,0,1782359497.133715,0.0019791126251220703
95756,normal,703,0,1782359497.1357083,0.001993417739868164
95757,normal,648,0,1782359497.137708,0.0019996166229248047
95758,normal,581,0,1782359497.1397316,0.0020236968994140625
95759,normal,2263,0,1782359497.1417222,0.0019905567169189453
95760,normal,1445,0,1782359497.143713,0.001990795135498047
95761,normal,3671,0,1782359497.145688,0.0019750595092773438
95762,normal,1816,0,1782359497.1477163,0.002028226852416992
95763,normal,2446,0,1782359497.149754,0.0020377635955810547
95764,normal,283,0,1782359497.1520107,0.002256631851196289
95765,normal,3465,0,1782359497.153692,0.0016813278198242188
95766,normal,3617,0,1782359497.1557252,0.002033233642578125
95767,normal,2652,0,1782359497.157716,0.001990795135498047
95768,normal,3691,0,1782359497.1597297,0.002013683319091797
95769,normal,2328,0,1782359497.161716,0.001986265182495117
95770,normal,1655,0,1782359497.1637897,0.0020737648010253906
95771,normal,239,0,1782359497.1656973,0.0019075870513916016
95772,normal,221,0,1782359497.1676917,0.0019943714141845703
95773,normal,677,0,1782359497.169791,0.002099275588989258
95774,normal,69,0,1782359497.1716979,0.0019068717956542969
95775,normal,1193,0,1782359497.1737137,0.002015829086303711
95776,normal,1347,1,1782359497.175736,0.002022266387939453
95777,normal,1652,0,1782359497.1777856,0.002049684524536133
95778,normal,3160,1,1782359497.1797814,0.0019958019256591797
95779,normal,312,0,1782359497.1817498,0.0019683837890625
95780,normal,2877,0,1782359497.1837432,0.001993417739868164
95781,normal,3470,0,1782359497.1857638,0.002020597457885742
95782,normal,3145,1,1782359497.1877382,0.001974344253540039
95783,normal,1345,1,1782359497.189773,0.002034902572631836
95784,normal,428,0,1782359497.1918113,0.002038240432739258
95785,normal,1922,0,1782359497.1936975,0.001886129379272461
95786,normal,1988,0,1782359497.1957352,0.0020377635955810547
95787,normal,2708,0,1782359497.1979315,0.0021963119506835938
95788,normal,2699,0,1782359497.1997006,0.0017690658569335938
95789,normal,2452,0,1782359497.2017965,0.002095937728881836
95790,normal,173,0,1782359497.2037625,0.0019659996032714844
95791,normal,757,0,1782359497.2057657,0.002003192901611328
95792,normal,2323,0,1782359497.2076902,0.0019245147705078125
95793,normal,1254,0,1782359497.209711,0.0020208358764648438
95794,normal,3565,0,1782359497.211733,0.0020220279693603516
95795,normal,1695,0,1782359497.2137194,0.001986265182495117
95796,normal,2886,0,1782359497.21572,0.002000570297241211
95797,normal,3372,1,1782359497.2177436,0.0020236968994140625
95798,normal,2363,0,1782359497.219908,0.0021643638610839844
95799,normal,1820,0,1782359497.221892,0.001984119415283203
95800,normal,1403,0,1782359497.2237318,0.0018396377563476562
95801,normal,2928,0,1782359497.2257566,0.0020248889923095703
95802,normal,2862,0,1782359497.227863,0.0021064281463623047
95803,normal,2925,0,1782359497.2297866,0.0019235610961914062
95804,normal,2952,0,1782359497.2317917,0.0020051002502441406
95805,normal,193,0,1782359497.2338002,0.0020084381103515625
95806,normal,894,2,1782359497.2356975,0.0018973350524902344
95807,normal,2984,0,1782359497.2377408,0.0020432472229003906
95808,normal,3416,0,1782359497.2397015,0.00196075439453125
95809,normal,768,0,1782359497.2417507,0.0020492076873779297
95810,normal,1036,0,1782359497.243745,0.0019943714141845703
95811,normal,2944,0,1782359497.2457073,0.0019621849060058594
95812,normal,3535,0,1782359497.247752,0.002044677734375
95813,normal,2501,0,1782359497.2497053,0.0019533634185791016
95814,normal,3084,1,1782359497.251696,0.001990795135498047
95815,normal,3600,0,1782359497.2537327,0.002036571502685547
95816,normal,1948,0,1782359497.255737,0.002004384994506836
95817,normal,2272,0,1782359497.2576976,0.0019605159759521484
95818,normal,1777,0,1782359497.2597313,0.002033710479736328
95819,normal,32,0,1782359497.2617412,0.002009868621826172
95820,normal,2070,0,1782359497.2637317,0.0019905567169189453
95821,normal,1998,0,1782359497.2658448,0.0021131038665771484
95822,normal,2537,0,1782359497.2677135,0.0018687248229980469
95823,normal,2649,0,1782359497.2697241,0.0020105838775634766
95824,normal,510,0,1782359497.2717333,0.002009153366088867
95825,normal,3544,0,1782359497.2737384,0.0020051002502441406
95826,normal,2482,0,1782359497.275681,0.0019426345825195312
95827,normal,467,0,1782359497.2777221,0.0020411014556884766
95828,normal,2121,0,1782359497.279718,0.0019958019256591797
95829,normal,445,0,1782359497.2818005,0.0020825862884521484
95830,normal,1782,0,1782359497.283812,0.002011537551879883
95831,normal,2083,0,1782359497.2856991,0.0018870830535888672
95832,normal,2109,0,1782359497.2877564,0.002057313919067383
95833,normal,1819,0,1782359497.2897236,0.001967191696166992
95834,normal,1114,0,1782359497.291721,0.0019974708557128906
95835,normal,144,0,1782359497.2937207,0.0019996166229248047
95836,normal,667,0,1782359497.2957501,0.0020294189453125
95837,normal,742,0,1782359497.2977836,0.0020334720611572266
95838,normal,3421,0,1782359497.2997348,0.0019512176513671875
95839,normal,279,0,1782359497.3017678,0.0020329952239990234
95840,normal,137,0,1782359497.303671,0.0019030570983886719
95841,normal,3013,0,1782359497.3057148,0.0020439624786376953
95842,normal,3128,1,1782359497.307712,0.001997232437133789
95843,normal,2170,0,1782359497.3097074,0.0019953250885009766
95844,normal,1059,0,1782359497.311695,0.0019876956939697266
95845,normal,927,2,1782359497.3137202,0.002025127410888672
95846,normal,2073,0,1782359497.3157208,0.002000570297241211
95847,normal,2553,0,1782359497.3177092,0.0019884109497070312
95848,normal,754,0,1782359497.3200786,0.002369403839111328
95849,normal,286,0,1782359497.321821,0.0017423629760742188
95850,normal,698,0,1782359497.3237185,0.001897573471069336
95851,normal,1159,0,1782359497.325773,0.002054452896118164
95852,normal,596,0,1782359497.3277388,0.001965761184692383
95853,normal,669,0,1782359497.329737,0.0019981861114501953
95854,normal,37,0,1782359497.3317704,0.0020334720611572266
95855,normal,2560,0,1782359497.3337014,0.0019309520721435547
95856,normal,2654,0,1782359497.3357399,0.0020384788513183594
95857,normal,1181,0,1782359497.337719,0.0019791126251220703
95858,normal,3610,0,1782359497.3397264,0.0020074844360351562
95859,normal,3033,0,1782359497.341726,0.0019996166229248047
95860,normal,289,0,1782359497.3437312,0.0020051002502441406
95861,normal,1234,0,1782359497.3457448,0.002013683319091797
95862,normal,358,0,1782359497.3479085,0.0021636486053466797
95863,normal,2362,0,1782359497.3499703,0.0020618438720703125
95864,normal,3595,0,1782359497.3518348,0.0018644332885742188
95865,normal,963,2,1782359497.3539097,0.0020749568939208984
95866,normal,782,2,1782359497.355755,0.0018453598022460938
95867,normal,1651,0,1782359497.357815,0.0020599365234375
95868,normal,847,2,1782359497.359777,0.001961946487426758
95869,normal,589,0,1782359497.3618782,0.0021011829376220703
95870,normal,2685,0,1782359497.3638206,0.0019423961639404297
95871,normal,1377,1,1782359497.3658657,0.002045154571533203
95872,normal,2914,0,1782359497.3676994,0.0018336772918701172
95873,normal,1470,0,1782359497.3700404,0.002341032028198242
95874,normal,3412,0,1782359497.3718688,0.0018284320831298828
95875,normal,920,2,1782359497.3738213,0.0019524097442626953
95876,normal,1585,0,1782359497.3757372,0.0019159317016601562
95877,normal,3141,1,1782359497.3778577,0.002120494842529297
95878,normal,2717,0,1782359497.3797064,0.0018486976623535156
95879,normal,2008,0,1782359497.381835,0.00212860107421875
95880,normal,2558,0,1782359497.383761,0.0019259452819824219
95881,normal,3296,1,1782359497.3858404,0.002079486846923828
95882,normal,1741,0,1782359497.3878362,0.0019958019256591797
95883,normal,1584,0,1782359497.3900228,0.0021865367889404297
95884,normal,2500,0,1782359497.3918328,0.0018100738525390625
95885,normal,654,0,1782359497.3940191,0.002186298370361328
95886,normal,1304,0,1782359497.39586,0.001840829849243164
95887,normal,133,0,1782359497.3978686,0.002008676528930664
95888,normal,366,0,1782359497.3999875,0.002118825912475586
95889,normal,2219,0,1782359497.4019206,0.0019330978393554688
95890,normal,1558,0,1782359497.4039183,0.001997709274291992
95891,normal,3008,0,1782359497.4058595,0.0019412040710449219
95892,normal,2018,0,1782359497.4079857,0.0021262168884277344
95893,normal,3068,1,1782359497.409762,0.0017762184143066406
95894,normal,1229,0,1782359497.412072,0.002310037612915039
95895,normal,1221,0,1782359497.4137702,0.0016982555389404297
95896,normal,3281,1,1782359497.4160066,0.0022363662719726562
95897,normal,978,2,1782359497.4182763,0.002269744873046875
95898,normal,1117,0,1782359497.4198828,0.0016064643859863281
95899,normal,2296,0,1782359497.4218614,0.001978635787963867
95900,normal,1437,0,1782359497.42376,0.0018985271453857422
95901,normal,2112,0,1782359497.4258914,0.0021314620971679688
95902,normal,360,0,1782359497.4277494,0.0018579959869384766
95903,normal,658,0,1782359497.4298701,0.0021207332611083984
95904,normal,3049,1,1782359497.4318001,0.0019299983978271484
95905,normal,3100,1,1782359497.4338837,0.0020835399627685547
95906,normal,614,0,1782359497.4358745,0.001990795135498047
95907,normal,3224,1,1782359497.4379628,0.002088308334350586
95908,normal,1964,0,1782359497.4397795,0.0018167495727539062
95909,normal,3153,1,1782359497.44204,0.002260446548461914
95910,normal,2090,0,1782359497.4439416,0.0019016265869140625
95911,normal,1349,1,1782359497.4458852,0.0019435882568359375
95912,normal,946,2,1782359497.4479883,0.002103090286254883
95913,normal,3397,1,1782359497.4498923,0.0019040107727050781
95914,normal,1314,0,1782359497.4518785,0.001986265182495117
95915,normal,1794,0,1782359497.4539878,0.0021092891693115234
95916,normal,2002,0,1782359497.4558835,0.0018956661224365234
95917,normal,2562,0,1782359497.4578469,0.001963376998901367
95918,normal,3427,0,1782359497.4598658,0.0020189285278320312
95919,normal,1722,0,1782359497.4621046,0.002238750457763672
95920,normal,2028,0,1782359497.4637985,0.0016939640045166016
95921,normal,2774,0,1782359497.4660842,0.0022857189178466797
95922,normal,793,2,1782359497.468024,0.0019397735595703125
95923,normal,3351,1,1782359497.4700031,0.0019791126251220703
95924,normal,2342,0,1782359497.4718158,0.0018126964569091797
95925,normal,3389,1,1782359497.4740772,0.0022614002227783203
95926,normal,1931,0,1782359497.4758642,0.001786947250366211
95927,normal,1822,0,1782359497.4779265,0.0020623207092285156
95928,normal,2210,0,1782359497.4798746,0.0019481182098388672
95929,normal,1025,2,1782359497.4818487,0.0019741058349609375
95930,normal,982,2,1782359497.4839585,0.0021097660064697266
95931,normal,2098,0,1782359497.4859347,0.0019762516021728516
95932,normal,1650,0,1782359497.4878507,0.0019159317016601562
95933,normal,2582,0,1782359497.4899735,0.0021228790283203125
95934,normal,484,0,1782359497.4918633,0.0018897056579589844
95935,normal,59,0,1782359497.4938428,0.0019795894622802734
95936,normal,1548,0,1782359497.4960425,0.0021996498107910156
95937,normal,2549,0,1782359497.4983578,0.0023152828216552734
95938,normal,2145,0,1782359497.499822,0.0014641284942626953
95939,normal,3136,1,1782359497.5018554,0.0020334720611572266
95940,normal,315,0,1782359497.5039835,0.002128124237060547
95941,normal,3277,1,1782359497.505749,0.0017654895782470703
95942,normal,252,0,1782359497.507873,0.0021240711212158203
95943,normal,868,2,1782359497.5099978,0.002124786376953125
95944,normal,2854,0,1782359497.511759,0.0017611980438232422
95945,normal,826,2,1782359497.513844,0.002084970474243164
95946,normal,3326,1,1782359497.5158715,0.0020275115966796875
95947,normal,2184,0,1782359497.5177708,0.0018992424011230469
95948,normal,1833,0,1782359497.5197756,0.002004861831665039
95949,normal,337,0,1782359497.5219984,0.002222776412963867
95950,normal,3665,0,1782359497.523798,0.0017995834350585938
95951,normal,3104,1,1782359497.5259573,0.0021593570709228516
95952,normal,3061,1,1782359497.5279267,0.0019693374633789062
95953,normal,143,0,1782359497.5299013,0.0019745826721191406
95954,normal,665,0,1782359497.531939,0.0020377635955810547
95955,normal,3259,1,1782359497.534032,0.002093076705932617
95956,normal,2939,0,1782359497.5358012,0.0017690658569335938
95957,normal,2705,0,1782359497.538138,0.002336740493774414
95958,normal,886,2,1782359497.5398357,0.0016977787017822266
95959,normal,399,0,1782359497.541802,0.001966238021850586
95960,normal,1751,0,1782359497.5438402,0.002038240432739258
95961,normal,2147,0,1782359497.5458043,0.001964092254638672
95962,normal,3227,1,1782359497.547829,0.0020246505737304688
95963,normal,785,2,1782359497.549709,0.0018801689147949219
95964,normal,1215,0,1782359497.551859,0.002149820327758789
95965,normal,2416,0,1782359497.5537283,0.0018694400787353516
95966,normal,872,2,1782359497.5558584,0.0021300315856933594
95967,normal,783,2,1782359497.5577464,0.0018880367279052734
95968,normal,3574,0,1782359497.559846,0.0020995140075683594
95969,normal,1788,0,1782359497.5617144,0.0018684864044189453
95970,normal,45,0,1782359497.56386,0.002145528793334961
95971,normal,1413,0,1782359497.5657666,0.0019066333770751953
95972,normal,1461,0,1782359497.5678484,0.0020818710327148438
95973,normal,3519,0,1782359497.5697587,0.0019102096557617188
95974,normal,3450,0,1782359497.571766,0.0020072460174560547
95975,normal,2800,0,1782359497.5738313,0.002065420150756836
95976,normal,2515,0,1782359497.575806,0.0019745826721191406
95977,normal,728,0,1782359497.5777822,0.0019762516021728516
95978,normal,1789,0,1782359497.5798078,0.002025604248046875
95979,normal,1934,0,1782359497.5818055,0.001997709274291992
95980,normal,862,2,1782359497.5837245,0.0019190311431884766
95981,normal,3138,1,1782359497.5858293,0.0021047592163085938
95982,normal,3176,1,1782359497.587762,0.0019328594207763672
95983,normal,1231,0,1782359497.5898354,0.0020732879638671875
95984,normal,676,0,1782359497.5918164,0.001981019973754883
95985,normal,2418,0,1782359497.593787,0.001970529556274414
95986,normal,419,0,1782359497.5958505,0.0020635128021240234
95987,normal,2351,0,1782359497.5979328,0.002082347869873047
95988,normal,1116,0,1782359497.599781,0.0018482208251953125
95989,normal,2976,0,1782359497.6017416,0.0019605159759521484
95990,normal,1773,0,1782359497.6036947,0.001953125
95991,normal,3290,1,1782359497.6059783,0.0022835731506347656
95992,normal,1416,0,1782359497.6079185,0.0019402503967285156
95993,normal,2445,0,1782359497.6100442,0.0021257400512695312
95994,normal,989,2,1782359497.6118588,0.0018146038055419922
95995,normal,1440,0,1782359497.613811,0.0019521713256835938
95996,normal,871,2,1782359497.6157937,0.0019826889038085938
95997,normal,2812,0,1782359497.6178808,0.002087116241455078
95998,normal,2964,0,1782359497.6197665,0.0018856525421142578
95999,normal,1131,0,1782359497.621853,0.002086639404296875
96000,normal,2211,0,1782359497.6238177,0.001964569091796875
96001,normal,3142,1,1782359497.625787,0.0019693374633789062
96002,normal,2484,0,1782359497.6277785,0.0019915103912353516
96003,normal,82,0,1782359497.6298203,0.0020418167114257812
96004,normal,2651,0,1782359497.6318946,0.0020742416381835938
96005,normal,152,0,1782359497.634054,0.0021593570709228516
96006,normal,1268,0,1782359497.6357589,0.0017049312591552734
96007,normal,2021,0,1782359497.637761,0.002002239227294922
96008,normal,1138,0,1782359497.639806,0.0020449161529541016
96009,normal,3090,1,1782359497.6419444,0.002138376235961914
96010,normal,543,0,1782359497.6438196,0.001875162124633789
96011,normal,1463,0,1782359497.645914,0.0020945072174072266
96012,normal,331,0,1782359497.6478722,0.001958131790161133
96013,normal,1218,0,1782359497.6498652,0.001992940902709961
96014,normal,1236,0,1782359497.651814,0.0019488334655761719
96015,normal,3075,1,1782359497.653833,0.0020189285278320312
96016,normal,26,0,1782359497.6558888,0.0020558834075927734
96017,normal,398,0,1782359497.6578586,0.0019698143005371094
96018,normal,551,0,1782359497.659818,0.0019593238830566406
96019,normal,3528,0,1782359497.6617818,0.0019638538360595703
96020,normal,697,0,1782359497.6637733,0.0019915103912353516
96021,normal,3080,1,1782359497.6657948,0.0020215511322021484
96022,normal,1861,0,1782359497.6678925,0.002097606658935547
96023,normal,2878,0,1782359497.6697712,0.0018787384033203125
96024,normal,2480,0,1782359497.6718009,0.0020296573638916016
96025,normal,756,0,1782359497.6737807,0.001979827880859375
96026,normal,2841,0,1782359497.6757727,0.0019919872283935547
96027,normal,2804,0,1782359497.6777933,0.002020597457885742
96028,normal,1674,0,1782359497.680219,0.002425670623779297
96029,normal,935,2,1782359497.6820657,0.0018467903137207031
96030,normal,3322,1,1782359497.6838202,0.0017545223236083984
96031,normal,251,0,1782359497.6857748,0.0019545555114746094
96032,normal,910,2,1782359497.6877832,0.0020084381103515625
96033,normal,2735,0,1782359497.6898534,0.002070188522338867
96034,normal,2601,0,1782359497.6917741,0.0019207000732421875
96035,normal,968,2,1782359497.6940732,0.002299070358276367
96036,normal,2403,0,1782359497.6959376,0.0018644332885742188
96037,normal,401,0,1782359497.6978219,0.0018842220306396484
96038,normal,3602,0,1782359497.6999345,0.0021126270294189453
96039,normal,52,0,1782359497.7018886,0.0019540786743164062
96040,normal,2290,0,1782359497.7037406,0.0018520355224609375
96041,normal,245,0,1782359497.706134,0.002393484115600586
96042,normal,3310,1,1782359497.7088923,0.0027582645416259766
96043,normal,3506,0,1782359497.7099962,0.0011038780212402344
96044,normal,2779,0,1782359497.7121818,0.0021855831146240234
96045,normal,1270,0,1782359497.7147887,0.0026068687438964844
96046,normal,338,0,1782359497.7157571,0.0009684562683105469
96047,normal,624,0,1782359497.7179408,0.002183675765991211
96048,normal,2252,0,1782359497.7198803,0.001939535140991211
96049,normal,2281,0,1782359497.7218482,0.001967906951904297
96050,normal,476,0,1782359497.7237854,0.0019371509552001953
96051,normal,3429,0,1782359497.7261083,0.0023229122161865234
96052,normal,555,0,1782359497.727871,0.0017626285552978516
96053,normal,517,0,1782359497.729856,0.0019850730895996094
96054,normal,1555,0,1782359497.7317834,0.0019273757934570312
96055,normal,1768,0,1782359497.7338777,0.002094268798828125
96056,normal,114,0,1782359497.7360334,0.002155780792236328
96057,normal,278,0,1782359497.7378392,0.0018057823181152344
96058,normal,3232,1,1782359497.7397892,0.0019500255584716797
96059,normal,194,0,1782359497.7417333,0.0019440650939941406
96060,normal,421,0,1782359497.743769,0.0020356178283691406
96061,normal,3274,1,1782359497.7457838,0.0020148754119873047
96062,normal,3065,1,1782359497.747796,0.0020122528076171875
96063,normal,2655,0,1782359497.7498026,0.00200653076171875
96064,normal,2908,0,1782359497.751779,0.001976490020751953
96065,normal,70,0,1782359497.7537549,0.0019757747650146484
96066,normal,1635,0,1782359497.7557995,0.002044677734375
96067,normal,478,0,1782359497.7578182,0.0020186901092529297
96068,normal,1945,0,1782359497.7598844,0.0020661354064941406
96069,normal,317,0,1782359497.7619505,0.0020661354064941406
96070,normal,3546,0,1782359497.7638395,0.0018889904022216797
96071,normal,2066,0,1782359497.765759,0.0019195079803466797
96072,normal,2244,0,1782359497.767827,0.002068042755126953
96073,normal,1925,0,1782359497.7697952,0.0019681453704833984
96074,normal,1928,0,1782359497.7718167,0.0020215511322021484
96075,normal,1699,0,1782359497.7738721,0.0020554065704345703
96076,normal,2623,0,1782359497.7758338,0.0019617080688476562
96077,normal,1031,0,1782359497.7778,0.001966238021850586
96078,normal,2987,0,1782359497.7798772,0.0020771026611328125
96079,normal,1550,0,1782359497.7818322,0.0019550323486328125
96080,normal,2732,0,1782359497.7838755,0.0020432472229003906
96081,normal,1573,0,1782359497.78585,0.0019745826721191406
96082,normal,1675,0,1782359497.7878077,0.0019576549530029297
96083,normal,1202,0,1782359497.789792,0.0019843578338623047
96084,normal,3619,0,1782359497.7918262,0.0020341873168945312
96085,normal,2794,0,1782359497.7937703,0.0019440650939941406
96086,normal,1372,1,1782359497.7958038,0.0020334720611572266
96087,normal,1245,0,1782359497.797797,0.0019931793212890625
96088,normal,3704,0,1782359497.7998145,0.002017498016357422
96089,normal,191,0,1782359497.8019252,0.002110719680786133
96090,normal,1207,0,1782359497.8038821,0.001956939697265625
96091,normal,3332,1,1782359497.8058257,0.0019435882568359375
96092,normal,1247,0,1782359497.8078458,0.002020120620727539
96093,normal,1230,0,1782359497.8098378,0.0019919872283935547
96094,normal,2837,0,1782359497.8119004,0.002062559127807617
96095,normal,2438,0,1782359497.8138177,0.0019173622131347656
96096,normal,99,0,1782359497.8159626,0.0021448135375976562
96097,normal,2156,0,1782359497.8182306,0.002268075942993164
96098,normal,2858,0,1782359497.8199894,0.0017588138580322266
96099,normal,1806,0,1782359497.8218772,0.0018877983093261719
96100,normal,2879,0,1782359497.8237977,0.001920461654663086
96101,normal,3178,1,1782359497.8258312,0.0020334720611572266
96102,normal,3467,0,1782359497.8277812,0.0019500255584716797
96103,normal,116,0,1782359497.829729,0.0019478797912597656
96104,normal,672,0,1782359497.8319886,0.002259492874145508
96105,normal,1396,0,1782359497.8338032,0.0018146038055419922
96106,normal,2182,0,1782359497.8357475,0.0019443035125732422
96107,normal,20,0,1782359497.8377795,0.002032041549682617
96108,normal,2467,0,1782359497.8398335,0.002053976058959961
96109,normal,2200,0,1782359497.8417702,0.0019366741180419922
96110,normal,1423,0,1782359497.8441966,0.0024263858795166016
96111,normal,1761,0,1782359497.8465302,0.0023336410522460938
96112,normal,434,0,1782359497.8480494,0.0015192031860351562
96113,normal,2492,0,1782359497.849817,0.0017676353454589844
96114,normal,1929,0,1782359497.8519232,0.002106189727783203
96115,normal,261,0,1782359497.8537703,0.0018470287322998047
96116,normal,3381,1,1782359497.8557951,0.0020248889923095703
96117,normal,2359,0,1782359497.8579004,0.002105236053466797
96118,normal,3558,0,1782359497.8599565,0.002056121826171875
96119,normal,417,0,1782359497.8620188,0.0020623207092285156
96120,normal,58,0,1782359497.863828,0.0018091201782226562
96121,normal,1516,0,1782359497.8657563,0.0019283294677734375
96122,normal,560,0,1782359497.86775,0.0019936561584472656
96123,normal,532,0,1782359497.869834,0.002084016799926758
96124,normal,1394,0,1782359497.8718047,0.0019707679748535156
96125,normal,400,0,1782359497.8737428,0.0019381046295166016
96126,normal,2900,0,1782359497.8758059,0.0020630359649658203
96127,normal,1451,0,1782359497.8777804,0.0019745826721191406
96128,normal,525,0,1782359497.8797596,0.0019791126251220703
96129,normal,264,0,1782359497.8818424,0.00208282470703125
96130,normal,2267,0,1782359497.884775,0.0029325485229492188
96131,normal,1607,0,1782359497.8863642,0.0015892982482910156
96132,normal,2110,0,1782359497.8877988,0.0014345645904541016
96133,normal,2330,0,1782359497.8897536,0.001954793930053711
96134,normal,1926,0,1782359497.8918684,0.0021147727966308594
96135,normal,1286,0,1782359497.8938854,0.0020170211791992188
96136,normal,2741,0,1782359497.895815,0.0019295215606689453
96137,normal,349,0,1782359497.8978817,0.0020668506622314453
96138,normal,2447,0,1782359497.899943,0.0020613670349121094
96139,normal,1840,0,1782359497.9017637,0.0018205642700195312
96140,normal,1901,0,1782359497.9039361,0.0021724700927734375
96141,normal,368,0,1782359497.9058762,0.001940011978149414
96142,normal,196,0,1782359497.9078255,0.001949310302734375
96143,normal,255,0,1782359497.9098246,0.0019991397857666016
96144,normal,1471,0,1782359497.911901,0.002076387405395508
96145,normal,497,0,1782359497.9139044,0.0020034313201904297
96146,normal,2890,0,1782359497.9158556,0.0019512176513671875
96147,normal,1260,0,1782359497.9180405,0.0021848678588867188
96148,normal,1829,0,1782359497.9200497,0.002009153366088867
96149,normal,2827,0,1782359497.9219694,0.0019197463989257812
96150,normal,210,0,1782359497.924033,0.0020635128021240234
96151,normal,2089,0,1782359497.9258373,0.001804351806640625
96152,normal,2233,0,1782359497.9279144,0.0020771026611328125
96153,normal,3302,1,1782359497.929916,0.002001523971557617
96154,normal,1417,0,1782359497.9317842,0.0018682479858398438
96155,normal,2897,0,1782359497.9340608,0.0022766590118408203
96156,normal,2302,0,1782359497.935928,0.0018672943115234375
96157,normal,2491,0,1782359497.9378965,0.0019683837890625
96158,normal,2298,0,1782359497.9398277,0.0019311904907226562
96159,normal,605,0,1782359497.9420483,0.002220630645751953
96160,normal,1331,1,1782359497.944286,0.0022377967834472656
96161,normal,2614,0,1782359497.9458368,0.0015506744384765625
96162,normal,570,0,1782359497.9478261,0.0019893646240234375
96163,normal,3437,0,1782359497.9497964,0.0019702911376953125
96164,normal,1489,0,1782359497.9518201,0.0020236968994140625
96165,normal,2874,0,1782359497.9538932,0.002073049545288086
96166,normal,1780,0,1782359497.9558163,0.0019230842590332031
96167,normal,348,0,1782359497.957766,0.0019497871398925781
96168,normal,371,0,1782359497.959822,0.0020558834075927734
96169,normal,184,0,1782359497.9617767,0.001954793930053711
96170,normal,2692,0,1782359497.9638174,0.0020406246185302734
96171,normal,2410,0,1782359497.9658682,0.0020508766174316406
96172,normal,471,0,1782359497.967863,0.0019948482513427734
96173,normal,3191,1,1782359497.9698203,0.0019571781158447266
96174,normal,1758,0,1782359497.9718392,0.0020189285278320312
96175,normal,2304,0,1782359497.9738507,0.002011537551879883
96176,normal,918,2,1782359497.9758475,0.001996755599975586
96177,normal,701,0,1782359497.9778557,0.002008199691772461
96178,normal,1027,2,1782359497.9798212,0.0019655227661132812
96179,normal,3172,1,1782359497.981781,0.0019598007202148438
96180,normal,611,0,1782359497.98379,0.0020089149475097656
96181,normal,3707,0,1782359497.9857504,0.0019605159759521484
96182,normal,2960,0,1782359497.9877965,0.0020461082458496094
96183,normal,2289,0,1782359497.989873,0.002076387405395508
96184,normal,2544,0,1782359497.9918244,0.001951456069946289
96185,normal,3076,1,1782359497.9938192,0.0019948482513427734
96186,normal,673,0,1782359497.9958434,0.0020241737365722656
96187,normal,2634,0,1782359497.997801,0.0019576549530029297
96188,normal,262,0,1782359497.9997814,0.001980304718017578
96189,normal,641,0,1782359498.0018334,0.0020520687103271484
96190,normal,1950,0,1782359498.0039496,0.0021162033081054688
96191,normal,1682,0,1782359498.0057712,0.0018215179443359375
96192,normal,975,2,1782359498.0077803,0.002009153366088867
96193,normal,3034,0,1782359498.0097373,0.001956939697265625
96194,normal,3708,0,1782359498.0117457,0.0020084381103515625
96195,normal,3448,0,1782359498.0138311,0.002085447311401367
96196,normal,2376,0,1782359498.0157888,0.0019576549530029297
96197,normal,1421,0,1782359498.017934,0.0021452903747558594
96198,normal,3662,0,1782359498.0201433,0.002209186553955078
96199,normal,3438,0,1782359498.0218508,0.0017075538635253906
96200,normal,403,0,1782359498.023889,0.002038240432739258
96201,normal,1629,0,1782359498.025868,0.0019788742065429688
96202,normal,1312,0,1782359498.0278883,0.0020203590393066406
96203,normal,3431,0,1782359498.0300581,0.0021698474884033203
96204,normal,1285,0,1782359498.0318537,0.0017955303192138672
96205,normal,1379,1,1782359498.033841,0.0019872188568115234
96206,normal,3016,0,1782359498.035757,0.0019161701202392578
96207,normal,2506,0,1782359498.0377808,0.0020236968994140625
96208,normal,752,0,1782359498.0397468,0.0019659996032714844
96209,normal,2466,0,1782359498.0417135,0.001966714859008789
96210,normal,1713,0,1782359498.0437963,0.00208282470703125
96211,normal,1542,0,1782359498.0456982,0.001901865005493164
96212,normal,2823,0,1782359498.0478241,0.002125978469848633
96213,normal,3382,1,1782359498.0498354,0.0020112991333007812
96214,normal,3549,0,1782359498.0517824,0.0019469261169433594
96215,normal,1465,0,1782359498.0537708,0.0019884109497070312
96216,normal,1182,0,1782359498.0558338,0.0020630359649658203
96217,normal,1551,0,1782359498.0580032,0.002169370651245117
96218,normal,2198,0,1782359498.059842,0.0018389225006103516
96219,normal,3571,0,1782359498.0618649,0.0020227432250976562
96220,normal,998,2,1782359498.0638652,0.0020003318786621094
96221,normal,3057,1,1782359498.0659857,0.002120494842529297
96222,normal,3301,1,1782359498.0678089,0.0018231868743896484
96223,normal,729,0,1782359498.069709,0.0019001960754394531
96224,normal,2135,0,1782359498.0717337,0.0020246505737304688
96225,normal,3689,0,1782359498.0737293,0.001995563507080078
96226,normal,1371,1,1782359498.0757396,0.002010345458984375
96227,normal,1063,0,1782359498.077946,0.0022063255310058594
96228,normal,1563,0,1782359498.0799227,0.0019767284393310547
96229,normal,3572,0,1782359498.081719,0.0017962455749511719
96230,normal,2078,0,1782359498.0837352,0.002016305923461914
96231,normal,2265,0,1782359498.0857685,0.002033233642578125
96232,normal,1905,0,1782359498.0877583,0.0019898414611816406
96233,normal,2569,0,1782359498.0897021,0.001943826675415039
96234,normal,2842,0,1782359498.0924175,0.0027153491973876953
96235,normal,3255,1,1782359498.0938325,0.0014150142669677734
96236,normal,1958,0,1782359498.095714,0.0018815994262695312
96237,normal,2912,0,1782359498.097819,0.0021049976348876953
96238,normal,3552,0,1782359498.099751,0.001931905746459961
96239,normal,1924,0,1782359498.101758,0.002007007598876953
96240,normal,3504,0,1782359498.1037805,0.0020225048065185547
96241,normal,1263,0,1782359498.1062481,0.002467632293701172
96242,normal,448,0,1782359498.1079733,0.0017251968383789062
96243,normal,2640,0,1782359498.1098766,0.0019032955169677734
96244,normal,2641,0,1782359498.1118538,0.001977205276489258
96245,normal,1990,0,1782359498.113834,0.0019800662994384766
96246,normal,2076,0,1782359498.1158164,0.001982450485229492
96247,normal,2029,0,1782359498.1177285,0.0019121170043945312
96248,normal,2228,0,1782359498.119774,0.0020456314086914062
96249,normal,2081,0,1782359498.1223016,0.002527475357055664
96250,normal,2731,0,1782359498.1240733,0.001771688461303711
96251,normal,932,2,1782359498.1258726,0.0017993450164794922
96252,normal,409,0,1782359498.1279283,0.002055644989013672
96253,normal,2839,0,1782359498.1298478,0.0019195079803466797
96254,normal,1785,0,1782359498.1319027,0.002054929733276367
96255,normal,2598,0,1782359498.1337855,0.001882791519165039
96256,normal,2382,0,1782359498.1357508,0.0019652843475341797
96257,normal,227,0,1782359498.1379836,0.002232789993286133
96258,normal,2525,0,1782359498.1399567,0.0019731521606445312
96259,normal,3486,0,1782359498.1419814,0.0020246505737304688
96260,normal,1298,0,1782359498.1436977,0.0017163753509521484
96261,normal,1266,0,1782359498.1458607,0.002162933349609375
96262,normal,29,0,1782359498.1479301,0.0020694732666015625
96263,normal,3287,1,1782359498.1497245,0.0017943382263183594
96264,normal,129,0,1782359498.151738,0.0020134449005126953
96265,normal,1592,0,1782359498.1537397,0.0020017623901367188
96266,normal,2235,0,1782359498.1557212,0.001981496810913086
96267,normal,2389,0,1782359498.157772,0.0020508766174316406
96268,normal,544,0,1782359498.1597788,0.0020067691802978516
96269,normal,2694,0,1782359498.1617897,0.002010822296142578
96270,normal,2684,0,1782359498.1638408,0.002051115036010742
96271,normal,298,0,1782359498.1658118,0.001971006393432617
96272,normal,997,2,1782359498.1677752,0.001963376998901367
96273,normal,2390,0,1782359498.1698413,0.0020661354064941406
96274,normal,359,0,1782359498.1718407,0.001999378204345703
96275,normal,1684,0,1782359498.173821,0.001980304718017578
96276,normal,3603,0,1782359498.1757758,0.001954793930053711
96277,normal,3133,1,1782359498.1778023,0.0020265579223632812
96278,normal,2676,0,1782359498.1797729,0.001970529556274414
96279,normal,1536,0,1782359498.1818345,0.002061605453491211
96280,normal,334,0,1782359498.1838043,0.0019698143005371094
96281,normal,487,0,1782359498.1857247,0.001920461654663086
96282,normal,2238,0,1782359498.1877754,0.002050638198852539
96283,normal,1749,0,1782359498.189774,0.0019986629486083984
96284,normal,182,0,1782359498.1917374,0.001963376998901367
96285,normal,123,0,1782359498.193787,0.002049684524536133
96286,normal,2023,0,1782359498.1957924,0.002005338668823242
96287,normal,3607,0,1782359498.1977503,0.0019578933715820312
96288,normal,2795,0,1782359498.199817,0.0020666122436523438
96289,normal,2085,0,1782359498.2017674,0.0019505023956298828
96290,normal,273,0,1782359498.2037253,0.0019578933715820312
96291,normal,519,0,1782359498.205773,0.0020477771759033203
96292,normal,1357,1,1782359498.2077913,0.0020182132720947266
96293,normal,2275,0,1782359498.2097182,0.0019268989562988281
96294,normal,2372,0,1782359498.2117631,0.0020449161529541016
96295,normal,79,0,1782359498.2137609,0.001997709274291992
96296,normal,2809,0,1782359498.2157667,0.0020058155059814453
96297,normal,2325,0,1782359498.2178123,0.0020456314086914062
96298,normal,105,0,1782359498.2197697,0.001957416534423828
96299,normal,2528,0,1782359498.2217963,0.0020265579223632812
96300,normal,2419,0,1782359498.223842,0.0020456314086914062
96301,normal,3405,0,1782359498.2258065,0.001964569091796875
96302,normal,3063,1,1782359498.2278614,0.002054929733276367
96303,normal,1303,0,1782359498.229835,0.0019736289978027344
96304,normal,1790,0,1782359498.2317958,0.00196075439453125
96305,normal,2209,0,1782359498.233733,0.0019371509552001953
96306,normal,1018,2,1782359498.2357783,0.0020453929901123047
96307,normal,160,0,1782359498.237776,0.001997709274291992
96308,normal,880,2,1782359498.2397048,0.0019288063049316406
96309,normal,1590,0,1782359498.2418804,0.002175569534301758
96310,normal,1081,0,1782359498.243753,0.0018725395202636719
96311,normal,2577,0,1782359498.245737,0.001984119415283203
96312,normal,2378,0,1782359498.2480307,0.0022935867309570312
96313,normal,1105,0,1782359498.249912,0.0018813610076904297
96314,normal,1023,2,1782359498.251925,0.002012968063354492
96315,normal,1150,0,1782359498.2538702,0.0019452571868896484
96316,normal,812,2,1782359498.255875,0.002004861831665039
96317,normal,3556,0,1782359498.257909,0.0020339488983154297
96318,normal,3608,0,1782359498.2599623,0.0020532608032226562
96319,normal,562,0,1782359498.2618232,0.0018608570098876953
96320,normal,1564,0,1782359498.263748,0.001924753189086914
96321,normal,86,0,1782359498.2658637,0.0021157264709472656
96322,normal,2159,0,1782359498.2678828,0.002019166946411133
96323,normal,2495,0,1782359498.269775,0.00189208984375
96324,normal,1602,0,1782359498.2718582,0.002083301544189453
96325,normal,1962,0,1782359498.2737372,0.001878976821899414
96326,normal,3110,1,1782359498.2757146,0.0019774436950683594
96327,normal,3325,1,1782359498.2777395,0.0020248889923095703
96328,normal,1398,0,1782359498.2798467,0.0021071434020996094
96329,normal,347,0,1782359498.2816963,0.0018496513366699219
96330,normal,1571,0,1782359498.2839875,0.0022912025451660156
96331,normal,1427,0,1782359498.2862418,0.0022542476654052734
96332,normal,578,0,1782359498.2877908,0.0015490055084228516
96333,normal,3536,0,1782359498.2897403,0.0019495487213134766
96334,normal,1433,0,1782359498.2920802,0.0023398399353027344
96335,normal,547,0,1782359498.293984,0.0019037723541259766
96336,normal,2425,0,1782359498.2958372,0.0018532276153564453
96337,normal,2612,0,1782359498.2977543,0.001917123794555664
96338,normal,1774,0,1782359498.299933,0.002178668975830078
96339,normal,2574,0,1782359498.3017805,0.0018475055694580078
96340,normal,1643,0,1782359498.3037655,0.0019850730895996094
96341,normal,67,0,1782359498.3057318,0.001966238021850586
96342,normal,2369,0,1782359498.3080087,0.002276897430419922
96343,normal,2962,0,1782359498.309744,0.0017352104187011719
96344,normal,2407,0,1782359498.3117642,0.0020203590393066406
96345,normal,3179,1,1782359498.3137605,0.001996278762817383
96346,normal,919,2,1782359498.3157725,0.002012014389038086
96347,normal,2371,0,1782359498.3177488,0.0019762516021728516
96348,normal,1942,0,1782359498.3197868,0.0020380020141601562
96349,normal,1201,0,1782359498.3224387,0.0026519298553466797
96350,normal,1683,0,1782359498.3242579,0.0018191337585449219
96351,normal,1374,1,1782359498.3259056,0.0016477108001708984
96352,normal,990,2,1782359498.3278403,0.0019347667694091797
96353,normal,2179,0,1782359498.3298888,0.002048492431640625
96354,normal,2203,0,1782359498.3319278,0.0020389556884765625
96355,normal,1589,0,1782359498.333899,0.0019712448120117188
96356,normal,3496,0,1782359498.3358302,0.0019311904907226562
96357,normal,2476,0,1782359498.3380213,0.0021910667419433594
96358,normal,1393,0,1782359498.3399508,0.0019295215606689453
96359,normal,2160,0,1782359498.3418257,0.0018749237060546875
96360,normal,1541,0,1782359498.3437982,0.0019724369049072266
96361,normal,2123,0,1782359498.3461964,0.002398252487182617
96362,normal,683,0,1782359498.3481464,0.0019500255584716797
96363,normal,1299,0,1782359498.3499386,0.0017921924591064453
96364,normal,3216,1,1782359498.3519273,0.001988649368286133
96365,normal,132,0,1782359498.353867,0.0019397735595703125
96366,normal,378,0,1782359498.355841,0.001973867416381836
96367,normal,96,0,1782359498.357739,0.001898050308227539
96368,normal,241,0,1782359498.3597715,0.0020325183868408203
96369,normal,1845,0,1782359498.3620162,0.002244710922241211
96370,normal,1121,0,1782359498.3640587,0.002042531967163086
96371,normal,594,0,1782359498.3658137,0.0017549991607666016
96372,normal,2056,0,1782359498.367812,0.0019981861114501953
96373,normal,3047,1,1782359498.369794,0.001981973648071289
96374,normal,767,0,1782359498.3717818,0.001987934112548828
96375,normal,2055,0,1782359498.3738072,0.0020253658294677734
96376,normal,256,0,1782359498.375821,0.0020139217376708984
96377,normal,1237,0,1782359498.3777714,0.0019502639770507812
96378,normal,180,0,1782359498.3798048,0.0020334720611572266
96379,normal,1130,0,1782359498.3818789,0.002074003219604492
96380,normal,2432,0,1782359498.383842,0.0019631385803222656
96381,normal,1252,0,1782359498.3858075,0.0019655227661132812
96382,normal,823,2,1782359498.3878322,0.0020246505737304688
96383,normal,3626,0,1782359498.3897436,0.0019114017486572266
96384,normal,2266,0,1782359498.3918502,0.0021066665649414062
96385,normal,1570,0,1782359498.3937883,0.0019381046295166016
96386,normal,2756,0,1782359498.395765,0.0019767284393310547
96387,normal,2239,0,1782359498.397772,0.002007007598876953
96388,normal,427,0,1782359498.3997874,0.002015352249145508
96389,normal,1636,0,1782359498.401755,0.0019676685333251953
96390,normal,2394,0,1782359498.40379,0.002034902572631836
96391,normal,240,0,1782359498.4057872,0.001997232437133789
96392,normal,542,0,1782359498.4077847,0.0019974708557128906
96393,normal,2381,0,1782359498.409784,0.001999378204345703
96394,normal,3682,0,1782359498.411781,0.0019969940185546875
96395,normal,2539,0,1782359498.4137762,0.001995086669921875
96396,normal,774,2,1782359498.415769,0.001992940902709961
96397,normal,2225,0,1782359498.4177527,0.001983642578125
96398,normal,675,0,1782359498.4197109,0.001958131790161133
96399,normal,2888,0,1782359498.4217448,0.0020339488983154297
96400,normal,3693,0,1782359498.4237638,0.0020189285278320312
96401,normal,1407,0,1782359498.4257636,0.0019998550415039062
96402,normal,1338,1,1782359498.4283757,0.0026121139526367188
96403,normal,1340,1,1782359498.4298074,0.0014317035675048828
96404,normal,1866,0,1782359498.4317865,0.0019791126251220703
96405,normal,3140,1,1782359498.433815,0.0020284652709960938
96406,normal,1402,0,1782359498.4358675,0.0020525455474853516
96407,normal,2796,0,1782359498.4377406,0.001873016357421875
96408,normal,16,0,1782359498.439768,0.0020275115966796875
96409,normal,1119,0,1782359498.4417603,0.0019922256469726562
96410,normal,2700,0,1782359498.443736,0.0019757747650146484
96411,normal,929,2,1782359498.4457586,0.0020225048065185547
96412,normal,2584,0,1782359498.4477954,0.0020368099212646484
96413,normal,1035,0,1782359498.449752,0.0019567012786865234
96414,normal,552,0,1782359498.451768,0.002015829086303711
96415,normal,1449,0,1782359498.4539125,0.0021445751190185547
96416,normal,3256,1,1782359498.4558585,0.0019459724426269531
96417,normal,1686,0,1782359498.4578302,0.001971721649169922
96418,normal,2969,0,1782359498.4598856,0.0020554065704345703
96419,normal,3577,0,1782359498.4633784,0.0034928321838378906
96420,normal,265,0,1782359498.4637952,0.00041675567626953125
96421,normal,494,0,1782359498.4659014,0.002106189727783203
96422,normal,1467,0,1782359498.4678988,0.0019974708557128906
96423,normal,874,2,1782359498.4698431,0.0019443035125732422
96424,normal,1258,0,1782359498.4718258,0.0019826889038085938
96425,normal,2472,0,1782359498.4737735,0.001947641372680664
96426,normal,781,2,1782359498.4757602,0.0019867420196533203
96427,normal,733,0,1782359498.47775,0.0019898414611816406
96428,normal,1336,1,1782359498.4798305,0.0020804405212402344
96429,normal,2538,0,1782359498.48175,0.0019195079803466797
96430,normal,3527,0,1782359498.483843,0.002093076705932617
96431,normal,197,0,1782359498.4857333,0.0018901824951171875
96432,normal,3309,1,1782359498.4877527,0.0020194053649902344
96433,normal,301,0,1782359498.4897413,0.001988649368286133
96434,normal,470,0,1782359498.4920297,0.002288341522216797
96435,normal,2074,0,1782359498.4940164,0.0019867420196533203
96436,normal,1817,0,1782359498.4962175,0.002201080322265625
96437,normal,119,0,1782359498.4982781,0.0020606517791748047
96438,normal,404,0,1782359498.4998443,0.001566171646118164
96439,normal,158,0,1782359498.5017574,0.0019130706787109375
96440,normal,1596,0,1782359498.5037296,0.001972198486328125
96441,normal,2033,0,1782359498.5057788,0.0020492076873779297
96442,normal,1330,1,1782359498.5078278,0.002048969268798828
96443,normal,1949,0,1782359498.5097656,0.0019378662109375
96444,normal,2872,0,1782359498.5119352,0.0021696090698242188
96445,normal,2307,0,1782359498.5137694,0.0018341541290283203
96446,normal,1615,0,1782359498.5157256,0.0019562244415283203
96447,normal,2776,0,1782359498.517775,0.0020494461059570312
96448,normal,2755,0,1782359498.5197763,0.0020012855529785156
96449,normal,769,0,1782359498.521741,0.001964569091796875
96450,normal,1880,0,1782359498.5237467,0.0020058155059814453
96451,normal,1963,0,1782359498.5257742,0.0020275115966796875
96452,normal,2645,0,1782359498.5278978,0.002123594284057617
96453,normal,1873,0,1782359498.529983,0.0020852088928222656
96454,normal,3163,1,1782359498.5318105,0.0018274784088134766
96455,normal,1454,0,1782359498.5338562,0.0020456314086914062
96456,normal,2318,0,1782359498.5361247,0.002268552780151367
96457,normal,3300,1,1782359498.537738,0.0016133785247802734
96458,normal,198,0,1782359498.5397992,0.002061128616333008
96459,normal,2522,0,1782359498.5418541,0.002054929733276367
96460,normal,2116,0,1782359536.4691987,0.0
96461,normal,2111,0,1782359536.471154,0.001955270767211914
96462,normal,3606,0,1782359536.4731472,0.0019931793212890625
96463,normal,933,2,1782359536.4751773,0.0020301342010498047
96464,normal,3044,0,1782359536.4772227,0.0020453929901123047
96465,normal,3542,0,1782359536.479191,0.0019683837890625
96466,normal,2587,0,1782359536.4812717,0.002080678939819336
96467,normal,2229,0,1782359536.4830856,0.0018138885498046875
96468,normal,3638,0,1782359536.4853184,0.002232789993286133
96469,normal,3319,1,1782359536.487106,0.0017876625061035156
96470,normal,1167,0,1782359536.489308,0.0022020339965820312
96471,normal,152,0,1782359536.4912357,0.0019276142120361328
96472,normal,1260,0,1782359536.4934745,0.002238750457763672
96473,normal,721,0,1782359536.4951692,0.0016946792602539062
96474,normal,3173,1,1782359536.49732,0.0021507740020751953
96475,normal,3153,1,1782359536.4991357,0.0018157958984375
96476,normal,488,0,1782359536.5012708,0.002135038375854492
96477,normal,421,0,1782359536.5031314,0.0018606185913085938
96478,normal,3057,1,1782359536.505239,0.0021076202392578125
96479,normal,2966,0,1782359536.5072582,0.002019166946411133
96480,normal,2126,0,1782359536.5092394,0.0019812583923339844
96481,normal,2452,0,1782359536.5111287,0.0018892288208007812
96482,normal,1359,1,1782359536.5133266,0.0021979808807373047
96483,normal,3219,1,1782359536.5153775,0.0020508766174316406
96484,normal,2225,0,1782359536.5171614,0.0017838478088378906
96485,normal,3518,0,1782359536.5194528,0.002291440963745117
96486,normal,2863,0,1782359536.5213675,0.0019147396087646484
96487,normal,3357,1,1782359536.5233526,0.0019850730895996094
96488,normal,3446,0,1782359536.5253046,0.0019519329071044922
96489,normal,3425,0,1782359536.527462,0.002157449722290039
96490,normal,1393,0,1782359536.5291598,0.0016977787017822266
96491,normal,995,2,1782359536.5314553,0.0022954940795898438
96492,normal,3540,0,1782359536.5333025,0.0018472671508789062
96493,normal,580,0,1782359536.5353444,0.0020418167114257812
96494,normal,3545,0,1782359536.537319,0.0019745826721191406
96495,normal,1567,0,1782359536.5395079,0.0021889209747314453
96496,normal,1749,0,1782359536.5412295,0.0017216205596923828
96497,normal,496,0,1782359536.5432892,0.0020596981048583984
96498,normal,3104,1,1782359536.5454519,0.0021626949310302734
96499,normal,3407,0,1782359536.5471716,0.0017197132110595703
96500,normal,891,2,1782359536.5493264,0.002154827117919922
96501,normal,802,2,1782359536.5515745,0.002248048782348633
96502,normal,889,2,1782359536.5533757,0.0018012523651123047
96503,normal,1079,0,1782359536.555305,0.0019292831420898438
96504,normal,301,0,1782359536.5574565,0.0021514892578125
96505,normal,1298,0,1782359536.559247,0.0017905235290527344
96506,normal,1712,0,1782359536.5613182,0.0020711421966552734
96507,normal,2628,0,1782359536.5635269,0.002208709716796875
96508,normal,1379,1,1782359536.565318,0.001791238784790039
96509,normal,1619,0,1782359536.567304,0.001985788345336914
96510,normal,2107,0,1782359536.569457,0.002153158187866211
96511,normal,2256,0,1782359536.571248,0.0017910003662109375
96512,normal,3339,1,1782359536.5733147,0.0020666122436523438
96513,normal,1918,0,1782359536.5755298,0.002215147018432617
96514,normal,2334,0,1782359536.577285,0.0017552375793457031
96515,normal,3430,0,1782359536.5793004,0.002015352249145508
96516,normal,1236,0,1782359536.5814538,0.0021533966064453125
96517,normal,2634,0,1782359536.5832498,0.0017960071563720703
96518,normal,3347,1,1782359536.5853093,0.002059459686279297
96519,normal,911,2,1782359536.587532,0.002222776412963867
96520,normal,2858,0,1782359536.589322,0.0017900466918945312
96521,normal,2982,0,1782359536.5913172,0.001995086669921875
96522,normal,635,0,1782359536.593462,0.0021448135375976562
96523,normal,1779,0,1782359536.5952556,0.0017936229705810547
96524,normal,497,0,1782359536.5973005,0.0020449161529541016
96525,normal,3055,1,1782359536.59946,0.0021593570709228516
96526,normal,3650,0,1782359536.6012588,0.001798868179321289
96527,normal,1480,0,1782359536.603304,0.002045154571533203
96528,normal,3007,0,1782359536.605551,0.0022470951080322266
96529,normal,3508,0,1782359536.6072648,0.0017137527465820312
96530,normal,112,0,1782359536.609301,0.0020363330841064453
96531,normal,3267,1,1782359536.611548,0.002246856689453125
96532,normal,2772,0,1782359536.6133473,0.0017993450164794922
96533,normal,1153,0,1782359536.6153033,0.0019559860229492188
96534,normal,1590,0,1782359536.6175427,0.0022394657135009766
96535,normal,1815,0,1782359536.6192474,0.0017046928405761719
96536,normal,1905,0,1782359536.621304,0.002056598663330078
96537,normal,2274,0,1782359536.6235545,0.0022504329681396484
96538,normal,40,0,1782359536.625373,0.0018184185028076172
96539,normal,1623,0,1782359536.6273048,0.001931905746459961
96540,normal,200,0,1782359536.6295793,0.0022745132446289062
96541,normal,3026,0,1782359536.63135,0.0017707347869873047
96542,normal,2761,0,1782359536.6333039,0.0019538402557373047
96543,normal,1512,0,1782359536.635559,0.0022552013397216797
96544,normal,3521,0,1782359536.6373494,0.0017902851104736328
96545,normal,1678,0,1782359536.639301,0.0019516944885253906
96546,normal,1289,0,1782359536.6415493,0.0022482872009277344
96547,normal,2441,0,1782359536.6433392,0.0017898082733154297
96548,normal,2870,0,1782359536.6452997,0.0019605159759521484
96549,normal,2406,0,1782359536.6474652,0.002165555953979492
96550,normal,740,0,1782359536.6492314,0.001766204833984375
96551,normal,1431,0,1782359536.6513035,0.0020720958709716797
96552,normal,2410,0,1782359536.6534681,0.002164602279663086
96553,normal,3698,0,1782359536.6552384,0.0017702579498291016
96554,normal,7,0,1782359536.6573007,0.0020623207092285156
96555,normal,1084,0,1782359536.659478,0.0021772384643554688
96556,normal,2606,0,1782359536.6612327,0.0017547607421875
96557,normal,2620,0,1782359536.663312,0.0020792484283447266
96558,normal,2984,0,1782359536.6654747,0.0021626949310302734
96559,normal,372,0,1782359536.6672292,0.0017545223236083984
96560,normal,3105,1,1782359536.6693087,0.002079486846923828
96561,normal,2920,0,1782359536.6714718,0.0021631717681884766
96562,normal,1148,0,1782359536.673228,0.0017561912536621094
96563,normal,498,0,1782359536.6753585,0.0021305084228515625
96564,normal,6,0,1782359536.6771588,0.0018002986907958984
96565,normal,581,0,1782359536.6793475,0.0021886825561523438
96566,normal,2360,0,1782359536.681161,0.0018134117126464844
96567,normal,2564,0,1782359536.6833673,0.0022063255310058594
96568,normal,1870,0,1782359536.6854546,0.0020873546600341797
96569,normal,2963,0,1782359536.687163,0.0017085075378417969
96570,normal,3020,0,1782359536.6893764,0.0022132396697998047
96571,normal,2418,0,1782359536.6914513,0.0020749568939208984
96572,normal,770,0,1782359536.6931624,0.001711130142211914
96573,normal,2900,0,1782359536.6953826,0.00222015380859375
96574,normal,1394,0,1782359536.6974533,0.0020706653594970703
96575,normal,3472,0,1782359536.6991627,0.0017094612121582031
96576,normal,402,0,1782359536.7013829,0.00222015380859375
96577,normal,99,0,1782359536.7034357,0.002052783966064453
96578,normal,2923,0,1782359536.7051582,0.001722574234008789
96579,normal,3486,0,1782359536.7073772,0.002218961715698242
96580,normal,1908,0,1782359536.7094543,0.0020771026611328125
96581,normal,2581,0,1782359536.7111616,0.001707315444946289
96582,normal,3426,0,1782359536.7133803,0.0022187232971191406
96583,normal,1737,0,1782359536.715449,0.002068758010864258
96584,normal,663,0,1782359536.7171617,0.0017125606536865234
96585,normal,3483,0,1782359536.7193816,0.0022199153900146484
96586,normal,1609,0,1782359536.7214546,0.002073049545288086
96587,normal,947,2,1782359536.7231622,0.0017075538635253906
96588,normal,1028,2,1782359536.725387,0.0022249221801757812
96589,normal,2752,0,1782359536.7274806,0.0020935535430908203
96590,normal,1754,0,1782359536.7291644,0.0016837120056152344
96591,normal,1924,0,1782359536.7313902,0.0022258758544921875
96592,normal,1191,0,1782359536.7334466,0.0020563602447509766
96593,normal,3283,1,1782359536.7351632,0.00171661376953125
96594,normal,2872,0,1782359536.737389,0.0022258758544921875
96595,normal,2622,0,1782359536.7394447,0.002055644989013672
96596,normal,13,0,1782359536.7411635,0.001718759536743164
96597,normal,1362,1,1782359536.7433963,0.002232789993286133
96598,normal,171,0,1782359536.7454484,0.0020520687103271484
96599,normal,1961,0,1782359536.7471685,0.0017201900482177734
96600,normal,1276,0,1782359536.7492173,0.0020487308502197266
96601,normal,917,2,1782359536.751449,0.0022318363189697266
96602,normal,1108,0,1782359536.7531643,0.0017151832580566406
96603,normal,1388,0,1782359536.7553968,0.0022325515747070312
96604,normal,3154,1,1782359536.7574522,0.0020554065704345703
96605,normal,1858,0,1782359536.7591639,0.0017116069793701172
96606,normal,902,2,1782359536.7614028,0.0022389888763427734
96607,normal,2854,0,1782359536.763445,0.002042055130004883
96608,normal,2809,0,1782359536.7651646,0.0017197132110595703
96609,normal,2350,0,1782359536.7674053,0.0022406578063964844
96610,normal,1407,0,1782359536.7694507,0.0020453929901123047
96611,normal,3035,0,1782359536.7711644,0.0017137527465820312
96612,normal,603,0,1782359536.7734163,0.002251863479614258
96613,normal,3207,1,1782359536.7754488,0.0020325183868408203
96614,normal,2398,0,1782359536.777163,0.0017142295837402344
96615,normal,3612,0,1782359536.7794151,0.0022521018981933594
96616,normal,3482,0,1782359536.7814481,0.0020329952239990234
96617,normal,1631,0,1782359536.783166,0.0017178058624267578
96618,normal,807,2,1782359536.7854106,0.002244710922241211
96619,normal,3107,1,1782359536.7874477,0.00203704833984375
96620,normal,2656,0,1782359536.789165,0.0017173290252685547
96621,normal,1520,0,1782359536.7914243,0.0022592544555664062
96622,normal,898,2,1782359536.7934475,0.0020232200622558594
96623,normal,3046,1,1782359536.7951612,0.0017137527465820312
96624,normal,2437,0,1782359536.7974155,0.0022542476654052734
96625,normal,2278,0,1782359536.7994463,0.0020308494567871094
96626,normal,1882,0,1782359536.8011642,0.0017178058624267578
96627,normal,2864,0,1782359536.8034236,0.002259492874145508
96628,normal,2301,0,1782359536.8054488,0.002025127410888672
96629,normal,2118,0,1782359536.8071618,0.0017130374908447266
96630,normal,187,0,1782359536.8094196,0.002257823944091797
96631,normal,1435,0,1782359536.811453,0.0020334720611572266
96632,normal,556,0,1782359536.8131635,0.0017104148864746094
96633,normal,640,0,1782359536.8154259,0.0022623538970947266
96634,normal,64,0,1782359536.8174474,0.0020215511322021484
96635,normal,3259,1,1782359536.8191628,0.0017154216766357422
96636,normal,703,0,1782359536.8214257,0.0022628307342529297
96637,normal,707,0,1782359536.8234472,0.0020215511322021484
96638,normal,1577,0,1782359536.825174,0.0017268657684326172
96639,normal,852,2,1782359536.8274302,0.002256155014038086
96640,normal,2754,0,1782359536.8294408,0.0020105838775634766
96641,normal,1525,0,1782359536.8311634,0.001722574234008789
96642,normal,96,0,1782359536.833434,0.0022706985473632812
96643,normal,65,0,1782359536.8354445,0.002010345458984375
96644,normal,945,2,1782359536.8371632,0.001718759536743164
96645,normal,1681,0,1782359536.839437,0.0022737979888916016
96646,normal,1767,0,1782359536.8414392,0.002002239227294922
96647,normal,726,0,1782359536.8431644,0.0017251968383789062
96648,normal,564,0,1782359536.8454375,0.002273082733154297
96649,normal,2819,0,1782359536.8474529,0.002015352249145508
96650,normal,1347,1,1782359536.8491628,0.0017099380493164062
96651,normal,507,0,1782359536.8514378,0.0022749900817871094
96652,normal,1124,0,1782359536.853466,0.002028226852416992
96653,normal,357,0,1782359536.855165,0.0016989707946777344
96654,normal,1273,0,1782359536.8574433,0.0022783279418945312
96655,normal,2286,0,1782359536.8594441,0.0020008087158203125
96656,normal,2141,0,1782359536.8611622,0.0017180442810058594
96657,normal,2832,0,1782359536.8634367,0.0022745132446289062
96658,normal,94,0,1782359536.865446,0.0020093917846679688
96659,normal,3369,1,1782359536.8671632,0.0017170906066894531
96660,normal,1975,0,1782359536.8694487,0.002285480499267578
96661,normal,1220,0,1782359536.871445,0.001996278762817383
96662,normal,1800,0,1782359536.8731632,0.001718282699584961
96663,normal,2890,0,1782359536.8754437,0.0022804737091064453
96664,normal,1374,1,1782359536.877451,0.0020072460174560547
96665,normal,1782,0,1782359536.8791637,0.001712799072265625
96666,normal,3561,0,1782359536.8813527,0.0021889209747314453
96667,normal,1849,0,1782359536.8834517,0.0020990371704101562
96668,normal,74,0,1782359536.8851607,0.001708984375
96669,normal,2443,0,1782359536.887354,0.0021932125091552734
96670,normal,1451,0,1782359536.8894372,0.002083301544189453
96671,normal,3081,1,1782359536.891163,0.001725912094116211
96672,normal,582,0,1782359536.8933601,0.0021970272064208984
96673,normal,3239,1,1782359536.8954508,0.0020906925201416016
96674,normal,3296,1,1782359536.8971367,0.0016858577728271484
96675,normal,3230,1,1782359536.899239,0.002102375030517578
96676,normal,1510,0,1782359536.901478,0.0022389888763427734
96677,normal,3480,0,1782359536.903173,0.0016949176788330078
96678,normal,990,2,1782359536.9054697,0.0022966861724853516
96679,normal,1848,0,1782359536.9072268,0.0017571449279785156
96680,normal,563,0,1782359536.9093041,0.002077341079711914
96681,normal,1523,0,1782359536.911477,0.0021729469299316406
96682,normal,1040,0,1782359536.9132423,0.0017652511596679688
96683,normal,3572,0,1782359536.9153025,0.0020601749420166016
96684,normal,1982,0,1782359536.9174573,0.002154827117919922
96685,normal,3378,1,1782359536.9192414,0.0017840862274169922
96686,normal,2464,0,1782359536.9213133,0.002071857452392578
96687,normal,881,2,1782359536.9233568,0.002043485641479492
96688,normal,2908,0,1782359536.9256241,0.0022673606872558594
96689,normal,2084,0,1782359536.9273553,0.0017311573028564453
96690,normal,759,0,1782359536.9292984,0.0019431114196777344
96691,normal,540,0,1782359536.9313555,0.0020570755004882812
96692,normal,2122,0,1782359536.9332855,0.0019299983978271484
96693,normal,3653,0,1782359536.9354475,0.0021619796752929688
96694,normal,3040,0,1782359536.937159,0.0017116069793701172
96695,normal,2706,0,1782359536.9394717,0.0023126602172851562
96696,normal,427,0,1782359536.941338,0.0018663406372070312
96697,normal,1284,0,1782359536.9433453,0.0020072460174560547
96698,normal,2124,0,1782359536.9452827,0.0019373893737792969
96699,normal,2742,0,1782359536.9474878,0.0022051334381103516
96700,normal,1235,0,1782359536.9491634,0.0016756057739257812
96701,normal,1622,0,1782359536.9514575,0.0022940635681152344
96702,normal,1291,0,1782359536.9533398,0.001882314682006836
96703,normal,2073,0,1782359536.9553459,0.002006053924560547
96704,normal,1977,0,1782359536.9573262,0.001980304718017578
96705,normal,1796,0,1782359536.9593441,0.002017974853515625
96706,normal,444,0,1782359536.961337,0.001992940902709961
96707,normal,2103,0,1782359536.963298,0.0019609928131103516
96708,normal,3477,0,1782359536.965454,0.0021560192108154297
96709,normal,2091,0,1782359536.9671695,0.0017154216766357422
96710,normal,1527,0,1782359536.969446,0.0022764205932617188
96711,normal,2879,0,1782359536.9713433,0.0018973350524902344
96712,normal,2445,0,1782359536.9733448,0.002001523971557617
96713,normal,590,0,1782359536.975299,0.0019540786743164062
96714,normal,1544,0,1782359536.9775097,0.002210855484008789
96715,normal,1585,0,1782359536.9792118,0.0017020702362060547
96716,normal,3665,0,1782359536.9813066,0.002094745635986328
96717,normal,3061,1,1782359536.9835353,0.0022287368774414062
96718,normal,2183,0,1782359536.9852228,0.0016875267028808594
96719,normal,2280,0,1782359536.9873052,0.002082347869873047
96720,normal,2764,0,1782359536.989405,0.002099752426147461
96721,normal,1267,0,1782359536.9912746,0.0018696784973144531
96722,normal,2848,0,1782359536.993145,0.0018703937530517578
96723,normal,424,0,1782359536.9953291,0.002184152603149414
96724,normal,19,0,1782359536.9971468,0.0018177032470703125
96725,normal,2161,0,1782359536.9992685,0.0021216869354248047
96726,normal,3481,0,1782359537.0013287,0.0020601749420166016
96727,normal,3501,0,1782359537.0031447,0.0018160343170166016
96728,normal,274,0,1782359537.0052724,0.0021276473999023438
96729,normal,3006,0,1782359537.0073295,0.0020570755004882812
96730,normal,2727,0,1782359537.0091426,0.0018131732940673828
96731,normal,3547,0,1782359537.0112767,0.002134084701538086
96732,normal,899,2,1782359537.0131965,0.0019197463989257812
96733,normal,2096,0,1782359537.0152707,0.0020742416381835938
96734,normal,1472,0,1782359537.017144,0.0018732547760009766
96735,normal,936,2,1782359537.0193484,0.002204418182373047
96736,normal,2014,0,1782359537.0211434,0.001795053482055664
96737,normal,2461,0,1782359537.023268,0.0021245479583740234
96738,normal,2272,0,1782359537.0253417,0.0020737648010253906
96739,normal,2257,0,1782359537.0271437,0.0018019676208496094
96740,normal,390,0,1782359537.0292785,0.0021347999572753906
96741,normal,2954,0,1782359537.031341,0.002062559127807617
96742,normal,2213,0,1782359537.033144,0.0018029212951660156
96743,normal,905,2,1782359537.0352693,0.002125263214111328
96744,normal,317,0,1782359537.0373414,0.0020720958709716797
96745,normal,2928,0,1782359537.039145,0.0018036365509033203
96746,normal,1502,0,1782359537.0412686,0.002123594284057617
96747,normal,2650,0,1782359537.0433426,0.002074003219604492
96748,normal,56,0,1782359537.0451446,0.0018019676208496094
96749,normal,3406,0,1782359537.0472703,0.0021257400512695312
96750,normal,3181,1,1782359537.0493495,0.0020792484283447266
96751,normal,957,2,1782359537.051144,0.0017943382263183594
96752,normal,1142,0,1782359537.053267,0.002123117446899414
96753,normal,2368,0,1782359537.0553522,0.0020852088928222656
96754,normal,3429,0,1782359537.0571442,0.0017919540405273438
96755,normal,3244,1,1782359537.0593004,0.0021562576293945312
96756,normal,1573,0,1782359537.0612152,0.0019147396087646484
96757,normal,2276,0,1782359537.063267,0.002051830291748047
96758,normal,1949,0,1782359537.0651438,0.0018768310546875
96759,normal,2195,0,1782359537.06736,0.0022161006927490234
96760,normal,2477,0,1782359537.0691452,0.0017852783203125
96761,normal,3168,1,1782359537.0712678,0.002122640609741211
96762,normal,1222,0,1782359537.0733564,0.0020885467529296875
96763,normal,2488,0,1782359537.0751443,0.0017879009246826172
96764,normal,528,0,1782359537.0772667,0.0021224021911621094
96765,normal,1463,0,1782359537.079364,0.0020973682403564453
96766,normal,1349,1,1782359537.0811439,0.001779794692993164
96767,normal,851,2,1782359537.083266,0.002122163772583008
96768,normal,1218,0,1782359537.0853615,0.002095460891723633
96769,normal,2868,0,1782359537.0871427,0.0017812252044677734
96770,normal,2388,0,1782359537.0892692,0.002126455307006836
96771,normal,3375,1,1782359537.0912268,0.0019576549530029297
96772,normal,331,0,1782359537.093267,0.0020401477813720703
96773,normal,946,2,1782359537.0951438,0.0018768310546875
96774,normal,668,0,1782359537.0973823,0.0022385120391845703
96775,normal,1009,2,1782359537.0991435,0.0017611980438232422
96776,normal,656,0,1782359537.101265,0.002121448516845703
96777,normal,2820,0,1782359537.1033666,0.0021016597747802734
96778,normal,864,2,1782359537.105143,0.0017764568328857422
96779,normal,538,0,1782359537.1072655,0.0021224021911621094
96780,normal,1976,0,1782359537.1093585,0.002093076705932617
96781,normal,2822,0,1782359537.1111434,0.0017848014831542969
96782,normal,1014,2,1782359537.1132672,0.0021238327026367188
96783,normal,389,0,1782359537.115327,0.0020596981048583984
96784,normal,1292,0,1782359537.117142,0.0018150806427001953
96785,normal,1083,0,1782359537.1192696,0.0021276473999023438
96786,normal,3235,1,1782359537.1212697,0.002000093460083008
96787,normal,2565,0,1782359537.123144,0.0018742084503173828
96788,normal,3701,0,1782359537.1252718,0.0021278858184814453
96789,normal,3687,0,1782359537.1272707,0.0019989013671875
96790,normal,2384,0,1782359537.1291432,0.0018725395202636719
96791,normal,1863,0,1782359537.1312664,0.002123117446899414
96792,normal,1655,0,1782359537.1332724,0.002006053924560547
96793,normal,884,2,1782359537.135144,0.0018715858459472656
96794,normal,822,2,1782359537.1372774,0.0021333694458007812
96795,normal,1929,0,1782359537.1391544,0.0018770694732666016
96796,normal,2636,0,1782359537.1412683,0.002113819122314453
96797,normal,288,0,1782359537.1431427,0.0018744468688964844
96798,normal,709,0,1782359537.1452785,0.002135753631591797
96799,normal,2684,0,1782359537.1471436,0.0018651485443115234
96800,normal,1560,0,1782359537.1492667,0.002123117446899414
96801,normal,1043,0,1782359537.151282,0.002015352249145508
96802,normal,15,0,1782359537.1531415,0.001859426498413086
96803,normal,783,2,1782359537.1552725,0.0021309852600097656
96804,normal,929,2,1782359537.157284,0.002011537551879883
96805,normal,3234,1,1782359537.1591446,0.0018606185913085938
96806,normal,3261,1,1782359537.161272,0.002127408981323242
96807,normal,1010,2,1782359537.1632965,0.002024412155151367
96808,normal,3349,1,1782359537.1651433,0.0018467903137207031
96809,normal,3273,1,1782359537.16727,0.0021266937255859375
96810,normal,178,0,1782359537.1692991,0.0020291805267333984
96811,normal,2158,0,1782359537.171132,0.0018329620361328125
96812,normal,2810,0,1782359537.1732814,0.002149343490600586
96813,normal,118,0,1782359537.1751723,0.0018908977508544922
96814,normal,1356,1,1782359537.1772718,0.0020995140075683594
96815,normal,1094,0,1782359537.1791456,0.0018737316131591797
96816,normal,2004,0,1782359537.181305,0.0021593570709228516
96817,normal,218,0,1782359537.1831458,0.001840829849243164
96818,normal,2391,0,1782359537.1852806,0.0021347999572753906
96819,normal,84,0,1782359537.1871703,0.0018897056579589844
96820,normal,1719,0,1782359537.1892679,0.002097606658935547
96821,normal,3345,1,1782359537.191144,0.0018761157989501953
96822,normal,2685,0,1782359537.1933184,0.00217437744140625
96823,normal,1956,0,1782359537.195143,0.0018246173858642578
96824,normal,2340,0,1782359537.1972685,0.0021255016326904297
96825,normal,3678,0,1782359537.1993134,0.0020449161529541016
96826,normal,2243,0,1782359537.2011418,0.0018284320831298828
96827,normal,1780,0,1782359537.2032669,0.0021250247955322266
96828,normal,2986,0,1782359537.2053246,0.002057790756225586
96829,normal,3639,0,1782359537.2071428,0.0018181800842285156
96830,normal,1265,0,1782359537.209266,0.002123117446899414
96831,normal,2877,0,1782359537.2113173,0.0020513534545898438
96832,normal,980,2,1782359537.2131436,0.0018262863159179688
96833,normal,1211,0,1782359537.2152805,0.0021369457244873047
96834,normal,691,0,1782359537.2171822,0.0019016265869140625
96835,normal,1175,0,1782359537.2192671,0.002084970474243164
96836,normal,2382,0,1782359537.2211435,0.0018763542175292969
96837,normal,2801,0,1782359537.2233214,0.0021779537200927734
96838,normal,1837,0,1782359537.2251422,0.0018208026885986328
96839,normal,785,2,1782359537.2272692,0.002126932144165039
96840,normal,2889,0,1782359537.2293298,0.0020606517791748047
96841,normal,3034,0,1782359537.231144,0.001814126968383789
96842,normal,1747,0,1782359537.2332675,0.002123594284057617
96843,normal,2472,0,1782359537.2352712,0.0020036697387695312
96844,normal,2763,0,1782359537.237143,0.0018718242645263672
96845,normal,2621,0,1782359537.239271,0.0021278858184814453
96846,normal,1193,0,1782359537.2413297,0.002058744430541992
96847,normal,392,0,1782359537.2431529,0.0018231868743896484
96848,normal,87,0,1782359537.2452688,0.002115964889526367
96849,normal,72,0,1782359537.2473342,0.002065420150756836
96850,normal,2905,0,1782359537.2491453,0.0018110275268554688
96851,normal,2972,0,1782359537.2512684,0.002123117446899414
96852,normal,1968,0,1782359537.2533567,0.002088308334350586
96853,normal,1598,0,1782359537.2551432,0.0017864704132080078
96854,normal,2896,0,1782359537.2572691,0.002125978469848633
96855,normal,885,2,1782359537.2593346,0.002065420150756836
96856,normal,1541,0,1782359537.2611432,0.0018086433410644531
96857,normal,1939,0,1782359537.2632685,0.002125263214111328
96858,normal,931,2,1782359537.2653506,0.0020821094512939453
96859,normal,75,0,1782359537.2671437,0.0017931461334228516
96860,normal,2773,0,1782359537.2692695,0.0021257400512695312
96861,normal,3113,1,1782359537.2713456,0.0020761489868164062
96862,normal,3041,0,1782359537.2731452,0.0017995834350585938
96863,normal,1657,0,1782359537.2752671,0.0021219253540039062
96864,normal,2433,0,1782359537.2773445,0.002077341079711914
96865,normal,1948,0,1782359537.2791433,0.001798868179321289
96866,normal,2110,0,1782359537.2812657,0.0021224021911621094
96867,normal,1667,0,1782359537.2833562,0.0020904541015625
96868,normal,561,0,1782359537.2851439,0.0017876625061035156
96869,normal,1698,0,1782359537.28727,0.0021262168884277344
96870,normal,1049,0,1782359537.2893462,0.0020761489868164062
96871,normal,1518,0,1782359537.2911441,0.0017979145050048828
96872,normal,2551,0,1782359537.293279,0.0021347999572753906
96873,normal,3635,0,1782359537.29535,0.0020711421966552734
96874,normal,2603,0,1782359537.2971432,0.0017931461334228516
96875,normal,3448,0,1782359537.2992666,0.0021233558654785156
96876,normal,1500,0,1782359537.3012156,0.0019490718841552734
96877,normal,3568,0,1782359537.3032691,0.002053499221801758
96878,normal,1016,2,1782359537.305144,0.0018749237060546875
96879,normal,58,0,1782359537.3073545,0.002210378646850586
96880,normal,2187,0,1782359537.309143,0.0017886161804199219
96881,normal,1287,0,1782359537.3112676,0.0021245479583740234
96882,normal,3524,0,1782359537.3133695,0.002101898193359375
96883,normal,3111,1,1782359537.3151429,0.0017733573913574219
96884,normal,932,2,1782359537.3172684,0.0021255016326904297
96885,normal,320,0,1782359537.3193583,0.002089977264404297
96886,normal,3204,1,1782359537.321144,0.0017857551574707031
96887,normal,3008,0,1782359537.3232665,0.0021224021911621094
96888,normal,2702,0,1782359537.3253663,0.002099752426147461
96889,normal,3620,0,1782359537.3271434,0.0017771720886230469
96890,normal,2343,0,1782359537.3292675,0.0021240711212158203
96891,normal,3029,0,1782359537.331258,0.0019905567169189453
96892,normal,2,0,1782359537.3332667,0.002008676528930664
96893,normal,1506,0,1782359537.3351443,0.0018775463104248047
96894,normal,3668,0,1782359537.3373659,0.0022215843200683594
96895,normal,888,2,1782359537.3391435,0.00177764892578125
96896,normal,1326,1,1782359537.3412673,0.0021238327026367188
96897,normal,531,0,1782359537.3433702,0.0021028518676757812
96898,normal,3302,1,1782359537.3451428,0.0017726421356201172
96899,normal,1661,0,1782359537.347279,0.00213623046875
96900,normal,950,2,1782359537.3494008,0.0021216869354248047
96901,normal,3017,0,1782359537.3511045,0.0017037391662597656
96902,normal,645,0,1782359537.3531868,0.002082347869873047
96903,normal,3001,0,1782359537.3551006,0.0019137859344482422
96904,normal,2766,0,1782359537.357093,0.001992464065551758
96905,normal,860,2,1782359537.359092,0.0019989013671875
96906,normal,922,2,1782359537.361151,0.0020589828491210938
96907,normal,2444,0,1782359537.3630915,0.0019404888153076172
96908,normal,3652,0,1782359537.365092,0.002000570297241211
96909,normal,1643,0,1782359537.3671477,0.002055644989013672
96910,normal,529,0,1782359537.369092,0.0019443035125732422
96911,normal,3169,1,1782359537.3710973,0.002005338668823242
96912,normal,128,0,1782359537.3731425,0.002045154571533203
96913,normal,808,2,1782359537.3750925,0.0019500255584716797
96914,normal,1521,0,1782359537.3770916,0.0019991397857666016
96915,normal,847,2,1782359537.3791506,0.0020589828491210938
96916,normal,2026,0,1782359537.3810914,0.0019407272338867188
96917,normal,156,0,1782359537.3830924,0.002001047134399414
96918,normal,1300,0,1782359537.3851318,0.0020394325256347656
96919,normal,126,0,1782359537.3872535,0.0021216869354248047
96920,normal,457,0,1782359537.389109,0.0018553733825683594
96921,normal,76,0,1782359537.3912704,0.0021615028381347656
96922,normal,744,0,1782359537.3931541,0.0018837451934814453
96923,normal,1494,0,1782359537.3952072,0.0020530223846435547
96924,normal,3366,1,1782359537.3972163,0.002009153366088867
96925,normal,2607,0,1782359537.3991468,0.0019304752349853516
96926,normal,2878,0,1782359537.4012089,0.002062082290649414
96927,normal,3191,1,1782359537.4032269,0.002017974853515625
96928,normal,3536,0,1782359537.4051902,0.001963376998901367
96929,normal,553,0,1782359537.4072447,0.002054452896118164
96930,normal,3456,0,1782359537.4092777,0.0020329952239990234
96931,normal,287,0,1782359537.4111283,0.0018506050109863281
96932,normal,1086,0,1782359537.4132447,0.0021164417266845703
96933,normal,2682,0,1782359537.415307,0.0020623207092285156
96934,normal,1728,0,1782359537.4171355,0.0018284320831298828
96935,normal,1264,0,1782359537.4192452,0.0021097660064697266
96936,normal,1162,0,1782359537.4212706,0.0020253658294677734
96937,normal,3087,1,1782359537.4231284,0.001857757568359375
96938,normal,2914,0,1782359537.4252467,0.002118349075317383
96939,normal,1689,0,1782359537.4272738,0.0020270347595214844
96940,normal,1794,0,1782359537.4291275,0.0018537044525146484
96941,normal,1928,0,1782359537.4312468,0.002119302749633789
96942,normal,2531,0,1782359537.433279,0.0020322799682617188
96943,normal,1628,0,1782359537.4351282,0.0018491744995117188
96944,normal,2010,0,1782359537.4372458,0.002117633819580078
96945,normal,2944,0,1782359537.4392781,0.0020322799682617188
96946,normal,1432,0,1782359537.4411337,0.001855611801147461
96947,normal,3694,0,1782359537.4432447,0.0021109580993652344
96948,normal,204,0,1782359537.4452817,0.00203704833984375
96949,normal,2690,0,1782359537.4471257,0.0018439292907714844
96950,normal,1965,0,1782359537.4492226,0.002096891403198242
96951,normal,829,2,1782359537.4513097,0.002087116241455078
96952,normal,1390,0,1782359537.4531279,0.0018181800842285156
96953,normal,1166,0,1782359537.4553652,0.0022373199462890625
96954,normal,1646,0,1782359537.4573176,0.0019524097442626953
96955,normal,3148,1,1782359537.4591286,0.0018110275268554688
96956,normal,1524,0,1782359537.4612458,0.002117156982421875
96957,normal,1377,1,1782359537.4633005,0.0020546913146972656
96958,normal,2901,0,1782359537.465126,0.001825571060180664
96959,normal,3599,0,1782359537.4672468,0.0021207332611083984
96960,normal,1579,0,1782359537.469301,0.0020542144775390625
96961,normal,661,0,1782359537.4711273,0.0018262863159179688
96962,normal,1637,0,1782359537.4732459,0.0021185874938964844
96963,normal,45,0,1782359537.4753048,0.0020589828491210938
96964,normal,1217,0,1782359537.4771268,0.0018219947814941406
96965,normal,866,2,1782359537.479249,0.002122163772583008
96966,normal,3211,1,1782359537.4812639,0.0020148754119873047
96967,normal,1266,0,1782359537.4831288,0.0018649101257324219
96968,normal,2226,0,1782359537.4852386,0.0021097660064697266
96969,normal,887,2,1782359537.4873245,0.0020859241485595703
96970,normal,682,0,1782359537.4891267,0.001802206039428711
96971,normal,363,0,1782359537.491247,0.0021202564239501953
96972,normal,593,0,1782359537.4932451,0.0019981861114501953
96973,normal,2696,0,1782359537.4951365,0.0018913745880126953
96974,normal,1395,0,1782359537.4971275,0.0019910335540771484
96975,normal,713,0,1782359537.49922,0.0020923614501953125
96976,normal,1851,0,1782359537.5012448,0.0020248889923095703
96977,normal,2423,0,1782359537.503125,0.0018801689147949219
96978,normal,2941,0,1782359537.5053566,0.002231597900390625
96979,normal,1479,0,1782359537.5071301,0.0017735958099365234
96980,normal,2003,0,1782359537.5091243,0.0019941329956054688
96981,normal,1417,0,1782359537.5111587,0.002034425735473633
96982,normal,2962,0,1782359537.5131805,0.00202178955078125
96983,normal,2090,0,1782359537.5151231,0.0019426345825195312
96984,normal,2940,0,1782359537.5172026,0.002079486846923828
96985,normal,2078,0,1782359537.5190845,0.0018818378448486328
96986,normal,2249,0,1782359537.5210867,0.002002239227294922
96987,normal,1031,0,1782359537.523142,0.0020554065704345703
96988,normal,1443,0,1782359537.5262582,0.003116130828857422
96989,normal,1513,0,1782359537.5271344,0.0008761882781982422
96990,normal,111,0,1782359537.5291228,0.0019884109497070312
96991,normal,2839,0,1782359537.5310853,0.001962423324584961
96992,normal,2667,0,1782359537.5330749,0.001989603042602539
96993,normal,1308,0,1782359537.5350978,0.002022981643676758
96994,normal,2659,0,1782359537.5370991,0.0020012855529785156
96995,normal,2389,0,1782359537.5392458,0.0021467208862304688
96996,normal,1403,0,1782359537.5412462,0.0020003318786621094
96997,normal,1352,1,1782359537.543126,0.0018799304962158203
96998,normal,2807,0,1782359537.5452125,0.0020864009857177734
96999,normal,2468,0,1782359537.5472481,0.0020356178283691406
97000,normal,400,0,1782359537.549129,0.0018808841705322266
97001,normal,3160,1,1782359537.5511255,0.0019965171813964844
97002,normal,2753,0,1782359537.5533743,0.0022487640380859375
97003,normal,2671,0,1782359537.555128,0.0017538070678710938
97004,normal,2672,0,1782359537.5572448,0.002116680145263672
97005,normal,1844,0,1782359537.5592508,0.002006053924560547
97006,normal,512,0,1782359537.561128,0.0018770694732666016
97007,normal,2371,0,1782359537.5632477,0.002119779586791992
97008,normal,2313,0,1782359537.5652602,0.002012491226196289
97009,normal,2790,0,1782359537.5671268,0.0018665790557861328
97010,normal,2641,0,1782359537.5692554,0.00212860107421875
97011,normal,1805,0,1782359537.5713449,0.0020895004272460938
97012,normal,451,0,1782359537.5731244,0.0017795562744140625
97013,normal,214,0,1782359537.5752454,0.0021209716796875
97014,normal,2970,0,1782359537.577318,0.002072572708129883
97015,normal,1649,0,1782359537.5791316,0.001813650131225586
97016,normal,1248,0,1782359537.5812466,0.002115011215209961
97017,normal,3123,1,1782359537.5832512,0.0020046234130859375
97018,normal,3679,0,1782359537.58506,0.0018086433410644531
97019,normal,2629,0,1782359537.587252,0.0021920204162597656
97020,normal,1400,0,1782359537.5892522,0.0020003318786621094
97021,normal,46,0,1782359537.5911288,0.0018765926361083984
97022,normal,982,2,1782359537.5932493,0.002120494842529297
97023,normal,3222,1,1782359537.5953002,0.0020508766174316406
97024,normal,3074,1,1782359537.5971375,0.0018372535705566406
97025,normal,2507,0,1782359537.5992491,0.002111673355102539
97026,normal,650,0,1782359537.6012495,0.0020003318786621094
97027,normal,3146,1,1782359537.603129,0.0018794536590576172
97028,normal,2253,0,1782359537.605259,0.0021300315856933594
97029,normal,3685,0,1782359537.6072538,0.0019948482513427734
97030,normal,2454,0,1782359537.6091275,0.0018737316131591797
97031,normal,3229,1,1782359537.6112468,0.002119302749633789
97032,normal,1937,0,1782359537.6132567,0.002009868621826172
97033,normal,456,0,1782359537.6152208,0.001964092254638672
97034,normal,2181,0,1782359537.6172476,0.002026796340942383
97035,normal,3110,1,1782359537.6192584,0.002010822296142578
97036,normal,2244,0,1782359537.6211345,0.0018761157989501953
97037,normal,3589,0,1782359537.6232543,0.002119779586791992
97038,normal,2209,0,1782359537.6252494,0.001995086669921875
97039,normal,1421,0,1782359537.6271372,0.0018877983093261719
97040,normal,3595,0,1782359537.6292481,0.0021109580993652344
97041,normal,1441,0,1782359537.6312659,0.0020177364349365234
97042,normal,349,0,1782359537.6331265,0.0018606185913085938
97043,normal,2322,0,1782359537.6352465,0.0021200180053710938
97044,normal,3093,1,1782359537.637266,0.0020194053649902344
97045,normal,2109,0,1782359537.6391258,0.001859903335571289
97046,normal,3078,1,1782359537.6412454,0.0021195411682128906
97047,normal,3327,1,1782359537.6432898,0.0020444393157958984
97048,normal,3630,0,1782359537.6451294,0.0018396377563476562
97049,normal,3067,1,1782359537.6472497,0.0021202564239501953
97050,normal,1514,0,1782359537.6492944,0.002044677734375
97051,normal,986,2,1782359537.651129,0.0018346309661865234
97052,normal,2273,0,1782359537.6532495,0.002120494842529297
97053,normal,2838,0,1782359537.6552744,0.0020248889923095703
97054,normal,2330,0,1782359537.6571279,0.0018534660339355469
97055,normal,212,0,1782359537.6592703,0.0021424293518066406
97056,normal,1227,0,1782359537.6612759,0.0020055770874023438
97057,normal,2409,0,1782359537.663127,0.0018510818481445312
97058,normal,774,2,1782359537.6652474,0.002120494842529297
97059,normal,101,0,1782359537.6672802,0.002032756805419922
97060,normal,1486,0,1782359537.6691275,0.0018472671508789062
97061,normal,2842,0,1782359537.6712513,0.0021238327026367188
97062,normal,2665,0,1782359537.6732545,0.002003192901611328
97063,normal,3158,1,1782359537.675127,0.0018725395202636719
97064,normal,352,0,1782359537.6772468,0.002119779586791992
97065,normal,3317,1,1782359537.679293,0.0020461082458496094
97066,normal,3372,1,1782359537.681126,0.001833200454711914
97067,normal,2974,0,1782359537.6832628,0.002136707305908203
97068,normal,1396,0,1782359537.6852498,0.001986980438232422
97069,normal,252,0,1782359537.6871302,0.0018804073333740234
97070,normal,2571,0,1782359537.6892474,0.002117156982421875
97071,normal,1756,0,1782359537.6912994,0.0020520687103271484
97072,normal,3071,1,1782359537.6931272,0.0018277168273925781
97073,normal,1812,0,1782359537.6952631,0.0021359920501708984
97074,normal,3552,0,1782359537.6972525,0.0019893646240234375
97075,normal,2578,0,1782359537.6991289,0.0018763542175292969
97076,normal,3268,1,1782359537.7012463,0.0021173954010009766
97077,normal,2730,0,1782359537.7033045,0.002058267593383789
97078,normal,1411,0,1782359537.7051258,0.001821279525756836
97079,normal,2668,0,1782359537.707249,0.002123117446899414
97080,normal,746,0,1782359537.7092502,0.0020012855529785156
97081,normal,797,2,1782359537.7111285,0.0018782615661621094
97082,normal,2401,0,1782359537.713248,0.0021195411682128906
97083,normal,597,0,1782359537.7153125,0.0020644664764404297
97084,normal,2424,0,1782359537.7171268,0.0018143653869628906
97085,normal,224,0,1782359537.7192497,0.0021228790283203125
97086,normal,2630,0,1782359537.721332,0.002082347869873047
97087,normal,289,0,1782359537.723133,0.0018010139465332031
97088,normal,870,2,1782359537.7252493,0.0021162033081054688
97089,normal,2585,0,1782359537.7272499,0.002000570297241211
97090,normal,1602,0,1782359537.7291284,0.001878499984741211
97091,normal,2396,0,1782359537.7312474,0.0021190643310546875
97092,normal,830,2,1782359537.7333167,0.002069234848022461
97093,normal,265,0,1782359537.7351344,0.0018177032470703125
97094,normal,1163,0,1782359537.7372196,0.0020852088928222656
97095,normal,2502,0,1782359537.7392488,0.0020291805267333984
97096,normal,1280,0,1782359537.7411277,0.001878976821899414
97097,normal,1873,0,1782359537.743246,0.002118349075317383
97098,normal,1944,0,1782359537.7453237,0.0020775794982910156
97099,normal,2069,0,1782359537.7471356,0.001811981201171875
97100,normal,3255,1,1782359537.7492704,0.0021347999572753906
97101,normal,1003,2,1782359537.7513268,0.0020563602447509766
97102,normal,3657,0,1782359537.753136,0.0018091201782226562
97103,normal,449,0,1782359537.7552514,0.002115488052368164
97104,normal,1120,0,1782359537.7572498,0.001998424530029297
97105,normal,3688,0,1782359537.759135,0.0018851757049560547
97106,normal,1026,2,1782359537.7612586,0.002123594284057617
97107,normal,2199,0,1782359537.7633305,0.002071857452392578
97108,normal,5,0,1782359537.7651265,0.0017960071563720703
97109,normal,558,0,1782359537.7672482,0.0021216869354248047
97110,normal,2200,0,1782359537.7693343,0.002086162567138672
97111,normal,3671,0,1782359537.771138,0.0018036365509033203
97112,normal,2977,0,1782359537.7732499,0.0021119117736816406
97113,normal,3655,0,1782359537.7752597,0.002009868621826172
97114,normal,3251,1,1782359537.7771282,0.0018684864044189453
97115,normal,2052,0,1782359537.7792473,0.0021190643310546875
97116,normal,2315,0,1782359537.7813382,0.002090930938720703
97117,normal,215,0,1782359537.783132,0.0017938613891601562
97118,normal,477,0,1782359537.7852674,0.0021352767944335938
97119,normal,3284,1,1782359537.7873456,0.0020782947540283203
97120,normal,2760,0,1782359537.789137,0.001791238784790039
97121,normal,445,0,1782359537.7912512,0.0021142959594726562
97122,normal,2358,0,1782359537.7932506,0.001999378204345703
97123,normal,2557,0,1782359537.7951279,0.0018773078918457031
97124,normal,2168,0,1782359537.7972472,0.002119302749633789
97125,normal,2269,0,1782359537.7993574,0.0021102428436279297
97126,normal,482,0,1782359537.801128,0.0017704963684082031
97127,normal,1889,0,1782359537.803248,0.0021200180053710938
97128,normal,182,0,1782359537.8053489,0.0021009445190429688
97129,normal,579,0,1782359537.8071399,0.0017910003662109375
97130,normal,3683,0,1782359537.8092506,0.002110719680786133
97131,normal,513,0,1782359537.8112485,0.0019979476928710938
97132,normal,2567,0,1782359537.8131263,0.0018777847290039062
97133,normal,978,2,1782359537.81525,0.002123594284057617
97134,normal,2057,0,1782359537.8173544,0.002104520797729492
97135,normal,1664,0,1782359537.8191369,0.0017824172973632812
97136,normal,2883,0,1782359537.8212495,0.0021126270294189453
97137,normal,1203,0,1782359537.823263,0.0020134449005126953
97138,normal,262,0,1782359537.8251276,0.0018646717071533203
97139,normal,2932,0,1782359537.827248,0.002120494842529297
97140,normal,2834,0,1782359537.8293643,0.0021162033081054688
97141,normal,1101,0,1782359537.8311267,0.00176239013671875
97142,normal,2894,0,1782359537.8332465,0.002119779586791992
97143,normal,1935,0,1782359537.8352625,0.0020160675048828125
97144,normal,568,0,1782359537.8371282,0.0018656253814697266
97145,normal,2526,0,1782359537.8392594,0.002131223678588867
97146,normal,1985,0,1782359537.8412519,0.001992464065551758
97147,normal,1540,0,1782359537.8431246,0.0018727779388427734
97148,normal,2973,0,1782359537.8452475,0.0021228790283203125
97149,normal,862,2,1782359537.8472555,0.0020079612731933594
97150,normal,62,0,1782359537.8491285,0.001873016357421875
97151,normal,2006,0,1782359537.8512492,0.0021207332611083984
97152,normal,1987,0,1782359537.8532498,0.002000570297241211
97153,normal,1958,0,1782359537.8551362,0.0018863677978515625
97154,normal,1245,0,1782359537.857247,0.0021109580993652344
97155,normal,1306,0,1782359537.8592508,0.0020036697387695312
97156,normal,1240,0,1782359537.8611293,0.001878499984741211
97157,normal,737,0,1782359537.8632486,0.002119302749633789
97158,normal,1257,0,1782359537.8652363,0.0019876956939697266
97159,normal,924,2,1782359537.867144,0.0019078254699707031
97160,normal,322,0,1782359537.8692496,0.0021054744720458984
97161,normal,354,0,1782359537.8712497,0.002000093460083008
97162,normal,743,0,1782359537.8731267,0.0018770694732666016
97163,normal,3663,0,1782359537.8752468,0.0021200180053710938
97164,normal,1797,0,1782359537.877275,0.002028226852416992
97165,normal,749,0,1782359537.8791273,0.001852273941040039
97166,normal,3644,0,1782359537.881246,0.002118825912475586
97167,normal,999,2,1782359537.8832686,0.0020225048065185547
97168,normal,3690,0,1782359537.8851259,0.0018572807312011719
97169,normal,1022,2,1782359537.8872433,0.0021173954010009766
97170,normal,479,0,1782359537.8893096,0.002066373825073242
97171,normal,3167,1,1782359537.8911152,0.0018055438995361328
97172,normal,2891,0,1782359537.8932724,0.0021572113037109375
97173,normal,2652,0,1782359537.8952718,0.001999378204345703
97174,normal,1946,0,1782359537.89713,0.0018582344055175781
97175,normal,3343,1,1782359537.899182,0.0020520687103271484
97176,normal,1511,0,1782359537.90113,0.0019478797912597656
97177,normal,3353,1,1782359537.9030955,0.0019655227661132812
97178,normal,146,0,1782359537.9053266,0.002231121063232422
97179,normal,1371,1,1782359537.9072227,0.0018961429595947266
97180,normal,342,0,1782359537.909125,0.0019023418426513672
97181,normal,329,0,1782359537.9112532,0.002128124237060547
97182,normal,257,0,1782359537.9134114,0.0021581649780273438
97183,normal,3646,0,1782359537.915238,0.0018265247344970703
97184,normal,3537,0,1782359537.9172423,0.002004384994506836
97185,normal,2992,0,1782359537.9192665,0.0020241737365722656
97186,normal,921,2,1782359537.921353,0.002086639404296875
97187,normal,729,0,1782359537.9232328,0.0018796920776367188
97188,normal,2689,0,1782359537.925256,0.0020232200622558594
97189,normal,67,0,1782359537.9271495,0.0018935203552246094
97190,normal,3385,1,1782359537.9292235,0.002074003219604492
97191,normal,3138,1,1782359537.931258,0.002034425735473633
97192,normal,1357,1,1782359537.9331481,0.0018901824951171875
97193,normal,3672,0,1782359537.9352288,0.002080678939819336
97194,normal,565,0,1782359537.93725,0.0020210742950439453
97195,normal,803,2,1782359537.9391997,0.0019497871398925781
97196,normal,1732,0,1782359537.941251,0.0020513534545898438
97197,normal,348,0,1782359537.94331,0.0020589828491210938
97198,normal,1662,0,1782359537.9451275,0.001817464828491211
97199,normal,2222,0,1782359537.9472494,0.0021219253540039062
97200,normal,1183,0,1782359537.9493115,0.002062082290649414
97201,normal,2120,0,1782359537.951134,0.0018224716186523438
97202,normal,3422,0,1782359537.9532504,0.0021164417266845703
97203,normal,1505,0,1782359537.9553347,0.0020842552185058594
97204,normal,623,0,1782359537.9571283,0.0017936229705810547
97205,normal,2171,0,1782359537.959253,0.002124786376953125
97206,normal,1592,0,1782359537.9613092,0.002056121826171875
97207,normal,3075,1,1782359537.963136,0.0018267631530761719
97208,normal,552,0,1782359537.965217,0.002081155776977539
97209,normal,1416,0,1782359537.9673216,0.002104520797729492
97210,normal,1050,0,1782359537.9691267,0.0018050670623779297
97211,normal,956,2,1782359537.9712474,0.0021207332611083984
97212,normal,442,0,1782359537.9733162,0.002068758010864258
97213,normal,1077,0,1782359537.9751284,0.0018122196197509766
97214,normal,1503,0,1782359537.9772503,0.0021219253540039062
97215,normal,1913,0,1782359537.9793167,0.002066373825073242
97216,normal,341,0,1782359537.9811294,0.0018126964569091797
97217,normal,2840,0,1782359537.9832509,0.002121448516845703
97218,normal,3656,0,1782359537.9853227,0.002071857452392578
97219,normal,3150,1,1782359537.987132,0.0018093585968017578
97220,normal,1682,0,1782359537.9892495,0.0021173954010009766
97221,normal,619,0,1782359537.9913309,0.0020813941955566406
97222,normal,1833,0,1782359537.9931307,0.0017998218536376953
97223,normal,2045,0,1782359537.9952617,0.0021309852600097656
97224,normal,2719,0,1782359537.9973302,0.0020685195922851562
97225,normal,1593,0,1782359537.9991276,0.0017974376678466797
97226,normal,155,0,1782359538.001251,0.0021233558654785156
97227,normal,2731,0,1782359538.00333,0.002079010009765625
97228,normal,790,2,1782359538.005127,0.0017969608306884766
97229,normal,1085,0,1782359538.0072532,0.0021262168884277344
97230,normal,1251,0,1782359538.0093348,0.002081632614135742
97231,normal,1216,0,1782359538.0111306,0.0017957687377929688
97232,normal,2952,0,1782359538.0132537,0.002123117446899414
97233,normal,2173,0,1782359538.0153382,0.002084493637084961
97234,normal,2455,0,1782359538.0171285,0.0017902851104736328
97235,normal,3176,1,1782359538.0192518,0.0021233558654785156
97236,normal,2994,0,1782359538.0213413,0.0020895004272460938
97237,normal,2492,0,1782359538.0231283,0.001786947250366211
97238,normal,1554,0,1782359538.0252502,0.0021219253540039062
97239,normal,573,0,1782359538.0271406,0.001890420913696289
97240,normal,2366,0,1782359538.0292668,0.0021262168884277344
97241,normal,2056,0,1782359538.031206,0.0019390583038330078
97242,normal,2646,0,1782359538.0331745,0.0019686222076416016
97243,normal,2554,0,1782359538.035094,0.0019195079803466797
97244,normal,1917,0,1782359538.0370934,0.001999378204345703
97245,normal,1177,0,1782359538.039165,0.0020716190338134766
97246,normal,10,0,1782359538.0410922,0.0019271373748779297
97247,normal,727,0,1782359538.0433888,0.0022966861724853516
97248,normal,3062,1,1782359538.0452526,0.001863718032836914
97249,normal,50,0,1782359538.0471485,0.001895904541015625
97250,normal,1820,0,1782359538.0492153,0.0020668506622314453
97251,normal,2185,0,1782359538.051305,0.0020897388458251953
97252,normal,2450,0,1782359538.0531209,0.0018157958984375
97253,normal,1746,0,1782359538.055306,0.0021851062774658203
97254,normal,2836,0,1782359538.057413,0.0021071434020996094
97255,normal,1353,1,1782359538.0593398,0.0019266605377197266
97256,normal,1901,0,1782359538.0613077,0.001967906951904297
97257,normal,2645,0,1782359538.0635526,0.0022449493408203125
97258,normal,1054,0,1782359538.0651622,0.0016095638275146484
97259,normal,2309,0,1782359538.0674508,0.0022885799407958984
97260,normal,2387,0,1782359538.0694091,0.0019583702087402344
97261,normal,95,0,1782359538.071345,0.0019359588623046875
97262,normal,3277,1,1782359538.0733154,0.0019702911376953125
97263,normal,3600,0,1782359538.0754588,0.002143383026123047
97264,normal,1902,0,1782359538.077165,0.0017061233520507812
97265,normal,3247,1,1782359538.0794568,0.0022919178009033203
97266,normal,3021,0,1782359538.0813122,0.0018553733825683594
97267,normal,3032,0,1782359538.0833383,0.002026081085205078
97268,normal,733,0,1782359538.0852933,0.0019550323486328125
97269,normal,1964,0,1782359538.087467,0.0021736621856689453
97270,normal,2369,0,1782359538.0891669,0.0016999244689941406
97271,normal,834,2,1782359538.0912945,0.0021276473999023438
97272,normal,1846,0,1782359538.0934849,0.0021903514862060547
97273,normal,693,0,1782359538.0951607,0.0016758441925048828
97274,normal,2186,0,1782359538.0974467,0.0022859573364257812
97275,normal,2990,0,1782359538.0993211,0.0018744468688964844
97276,normal,1438,0,1782359538.1013563,0.0020351409912109375
97277,normal,2552,0,1782359538.1032982,0.0019419193267822266
97278,normal,3667,0,1782359538.1054852,0.002187013626098633
97279,normal,2829,0,1782359538.1071606,0.0016753673553466797
97280,normal,3530,0,1782359538.109444,0.002283334732055664
97281,normal,3611,0,1782359538.1113286,0.0018846988677978516
97282,normal,2496,0,1782359538.1133387,0.0020101070404052734
97283,normal,1367,1,1782359538.115296,0.0019571781158447266
97284,normal,1986,0,1782359538.117483,0.002187013626098633
97285,normal,3223,1,1782359538.1191614,0.001678466796875
97286,normal,3631,0,1782359538.1214428,0.0022814273834228516
97287,normal,972,2,1782359538.1233518,0.001909017562866211
97288,normal,323,0,1782359538.1264517,0.0030999183654785156
97289,normal,2695,0,1782359538.1272311,0.0007793903350830078
97290,normal,2798,0,1782359538.1292927,0.002061605453491211
97291,normal,1341,1,1782359538.131119,0.0018262863159179688
97292,normal,2475,0,1782359538.1332636,0.0021445751190185547
97293,normal,2230,0,1782359538.1353252,0.002061605453491211
97294,normal,672,0,1782359538.137118,0.00179290771484375
97295,normal,1122,0,1782359538.1392627,0.0021445751190185547
97296,normal,2958,0,1782359538.141271,0.0020084381103515625
97297,normal,687,0,1782359538.1431038,0.001832723617553711
97298,normal,3128,1,1782359538.145145,0.0020411014556884766
97299,normal,120,0,1782359538.147135,0.001990079879760742
97300,normal,448,0,1782359538.1491096,0.0019745826721191406
97301,normal,1283,0,1782359538.1511097,0.002000093460083008
97302,normal,3506,0,1782359538.1530974,0.0019876956939697266
97303,normal,2757,0,1782359538.1550841,0.0019867420196533203
97304,normal,480,0,1782359538.1570966,0.002012491226196289
97305,normal,1337,1,1782359538.159136,0.0020394325256347656
97306,normal,2474,0,1782359538.1610937,0.0019576549530029297
97307,normal,2945,0,1782359538.1630957,0.0020020008087158203
97308,normal,2007,0,1782359538.1651263,0.002030611038208008
97309,normal,1685,0,1782359538.1671195,0.0019931793212890625
97310,normal,2937,0,1782359538.169125,0.0020055770874023438
97311,normal,1044,0,1782359538.171299,0.002173900604248047
97312,normal,1456,0,1782359538.1730614,0.00176239013671875
97313,normal,326,0,1782359538.1751215,0.0020601749420166016
97314,normal,2653,0,1782359538.1772933,0.002171754837036133
97315,normal,2637,0,1782359538.1790605,0.0017671585083007812
97316,normal,974,2,1782359538.181257,0.0021965503692626953
97317,normal,1335,1,1782359538.1833272,0.002070188522338867
97318,normal,1017,2,1782359538.1850617,0.0017344951629638672
97319,normal,1370,1,1782359538.187314,0.002252340316772461
97320,normal,415,0,1782359538.1893358,0.00202178955078125
97321,normal,642,0,1782359538.1910818,0.0017459392547607422
97322,normal,2884,0,1782359538.1933038,0.0022220611572265625
97323,normal,3533,0,1782359538.1953197,0.002015829086303711
97324,normal,3295,1,1782359538.1970963,0.0017766952514648438
97325,normal,335,0,1782359538.1993163,0.0022199153900146484
97326,normal,2541,0,1782359538.201323,0.0020067691802978516
97327,normal,2162,0,1782359538.203084,0.0017609596252441406
97328,normal,735,0,1782359538.2053156,0.002231597900390625
97329,normal,3395,1,1782359538.2073362,0.002020597457885742
97330,normal,2516,0,1782359538.2090847,0.0017485618591308594
97331,normal,2404,0,1782359538.2112575,0.002172708511352539
97332,normal,30,0,1782359538.213321,0.0020635128021240234
97333,normal,360,0,1782359538.2150872,0.001766204833984375
97334,normal,764,0,1782359538.2172556,0.002168416976928711
97335,normal,150,0,1782359538.2192924,0.0020368099212646484
97336,normal,2939,0,1782359538.2210834,0.0017910003662109375
97337,normal,710,0,1782359538.2232573,0.002173900604248047
97338,normal,3585,0,1782359538.22533,0.0020728111267089844
97339,normal,3512,0,1782359538.2270849,0.0017547607421875
97340,normal,1199,0,1782359538.229267,0.0021820068359375
97341,normal,970,2,1782359538.231332,0.0020651817321777344
97342,normal,417,0,1782359538.233085,0.0017528533935546875
97343,normal,2177,0,1782359538.2352548,0.0021698474884033203
97344,normal,193,0,1782359538.2373245,0.002069711685180664
97345,normal,1360,1,1782359538.2390852,0.001760721206665039
97346,normal,2320,0,1782359538.2411723,0.002087116241455078
97347,normal,2251,0,1782359538.2431235,0.0019512176513671875
97348,normal,1989,0,1782359538.2451227,0.0019991397857666016
97349,normal,3596,0,1782359538.247155,0.0020322799682617188
97350,normal,1574,0,1782359538.2493086,0.002153635025024414
97351,normal,2390,0,1782359538.251076,0.0017673969268798828
97352,normal,1106,0,1782359538.2531526,0.0020766258239746094
97353,normal,3196,1,1782359538.2553098,0.0021572113037109375
97354,normal,761,0,1782359538.2570765,0.0017666816711425781
97355,normal,788,2,1782359538.2591608,0.0020842552185058594
97356,normal,2070,0,1782359538.2613075,0.0021467208862304688
97357,normal,1363,1,1782359538.2630794,0.0017719268798828125
97358,normal,3433,0,1782359538.265153,0.002073526382446289
97359,normal,57,0,1782359538.2673273,0.00217437744140625
97360,normal,328,0,1782359538.2690775,0.0017502307891845703
97361,normal,2792,0,1782359538.2711546,0.0020771026611328125
97362,normal,3200,1,1782359538.2732236,0.0020689964294433594
97363,normal,3636,0,1782359538.2751267,0.0019030570983886719
97364,normal,3143,1,1782359538.2773116,0.0021848678588867188
97365,normal,509,0,1782359538.2793477,0.0020360946655273438
97366,normal,2789,0,1782359538.2811267,0.0017790794372558594
97367,normal,2086,0,1782359538.2833087,0.0021820068359375
97368,normal,2771,0,1782359538.2853646,0.0020558834075927734
97369,normal,3461,0,1782359538.2871296,0.0017650127410888672
97370,normal,1651,0,1782359538.2893202,0.0021905899047851562
97371,normal,2128,0,1782359538.2913606,0.002040386199951172
97372,normal,2129,0,1782359538.2931278,0.0017671585083007812
97373,normal,1787,0,1782359538.2953086,0.002180814743041992
97374,normal,3049,1,1782359538.2973623,0.0020537376403808594
97375,normal,607,0,1782359538.2991273,0.0017650127410888672
97376,normal,2707,0,1782359538.3013086,0.0021812915802001953
97377,normal,1152,0,1782359538.3033628,0.0020542144775390625
97378,normal,3689,0,1782359538.3051271,0.0017642974853515625
97379,normal,2075,0,1782359538.307318,0.002190828323364258
97380,normal,2666,0,1782359538.3093355,0.002017498016357422
97381,normal,460,0,1782359538.311126,0.0017905235290527344
97382,normal,742,0,1782359538.3133056,0.0021796226501464844
97383,normal,684,0,1782359538.3152606,0.0019550323486328125
97384,normal,762,0,1782359538.3171413,0.001880645751953125
97385,normal,1684,0,1782359538.319308,0.002166748046875
97386,normal,3285,1,1782359538.3212647,0.0019567012786865234
97387,normal,1339,1,1782359538.3231401,0.0018754005432128906
97388,normal,2198,0,1782359538.325306,0.0021657943725585938
97389,normal,1001,2,1782359538.3272674,0.0019614696502685547
97390,normal,1713,0,1782359538.3291392,0.0018718242645263672
97391,normal,3517,0,1782359538.3313012,0.0021619796752929688
97392,normal,1857,0,1782359538.3332922,0.0019910335540771484
97393,normal,3248,1,1782359538.3351412,0.0018489360809326172
97394,normal,2184,0,1782359538.3373077,0.0021665096282958984
97395,normal,1005,2,1782359538.3392699,0.0019621849060058594
97396,normal,1180,0,1782359538.3411415,0.0018715858459472656
97397,normal,368,0,1782359538.3433092,0.0021677017211914062
97398,normal,3250,1,1782359538.3452969,0.0019876956939697266
97399,normal,993,2,1782359538.3471384,0.0018415451049804688
97400,normal,2887,0,1782359538.3493948,0.0022563934326171875
97401,normal,2895,0,1782359538.3512607,0.0018658638000488281
97402,normal,518,0,1782359538.3531287,0.0018680095672607422
97403,normal,2626,0,1782359538.3552363,0.0021076202392578125
97404,normal,2710,0,1782359538.3572562,0.0020198822021484375
97405,normal,2088,0,1782359538.359209,0.0019528865814208984
97406,normal,1325,1,1782359538.361244,0.002034902572631836
97407,normal,968,2,1782359538.3632698,0.0020258426666259766
97408,normal,325,0,1782359538.3651211,0.0018513202667236328
97409,normal,1279,0,1782359538.3672721,0.002151012420654297
97410,normal,2133,0,1782359538.369261,0.0019888877868652344
97411,normal,172,0,1782359538.3711646,0.001903533935546875
97412,normal,882,2,1782359538.3732343,0.002069711685180664
97413,normal,2261,0,1782359538.3752303,0.0019960403442382812
97414,normal,1569,0,1782359538.377146,0.0019156932830810547
97415,normal,826,2,1782359538.3792403,0.002094268798828125
97416,normal,3117,1,1782359538.381265,0.0020246505737304688
97417,normal,1654,0,1782359538.3831394,0.0018744468688964844
97418,normal,1568,0,1782359538.3852944,0.0021550655364990234
97419,normal,3414,0,1782359538.3872392,0.0019447803497314453
97420,normal,2996,0,1782359538.3891315,0.0018923282623291016
97421,normal,2408,0,1782359538.3912973,0.0021657943725585938
97422,normal,2961,0,1782359538.3932703,0.0019729137420654297
97423,normal,2732,0,1782359538.3951788,0.0019085407257080078
97424,normal,1202,0,1782359538.3972359,0.0020570755004882812
97425,normal,1904,0,1782359538.39923,0.0019941329956054688
97426,normal,180,0,1782359538.4011502,0.0019202232360839844
97427,normal,1104,0,1782359538.4032335,0.002083301544189453
97428,normal,177,0,1782359538.4052856,0.0020520687103271484
97429,normal,142,0,1782359538.407148,0.0018622875213623047
97430,normal,1249,0,1782359538.4092233,0.0020754337310791016
97431,normal,70,0,1782359538.4112914,0.002068042755126953
97432,normal,835,2,1782359538.4131947,0.0019032955169677734
97433,normal,2027,0,1782359538.415248,0.0020532608032226562
97434,normal,404,0,1782359538.4172904,0.002042531967163086
97435,normal,3707,0,1782359538.4191744,0.0018839836120605469
97436,normal,1366,1,1782359538.421232,0.0020575523376464844
97437,normal,575,0,1782359538.4232533,0.002021312713623047
97438,normal,2786,0,1782359538.425149,0.0018956661224365234
97439,normal,3202,1,1782359538.427219,0.0020699501037597656
97440,normal,2217,0,1782359538.4293013,0.002082347869873047
97441,normal,3318,1,1782359538.4311829,0.0018815994262695312
97442,normal,1247,0,1782359538.4332025,0.002019643783569336
97443,normal,2827,0,1782359538.4352136,0.0020110607147216797
97444,normal,1204,0,1782359538.437152,0.0019383430480957031
97445,normal,1382,0,1782359538.4392636,0.002111673355102539
97446,normal,3355,1,1782359538.4412956,0.002032041549682617
97447,normal,2956,0,1782359538.4431498,0.0018541812896728516
97448,normal,1297,0,1782359538.4452353,0.002085447311401367
97449,normal,2150,0,1782359538.4472992,0.0020639896392822266
97450,normal,3544,0,1782359538.449151,0.001851797103881836
97451,normal,1254,0,1782359538.4512184,0.0020673274993896484
97452,normal,1209,0,1782359538.453297,0.002078533172607422
97453,normal,1610,0,1782359538.4553652,0.0020682811737060547
97454,normal,2420,0,1782359538.457294,0.0019288063049316406
97455,normal,3171,1,1782359538.4594522,0.0021581649780273438
97456,normal,1334,1,1782359538.4611647,0.0017125606536865234
97457,normal,1131,0,1782359538.4634712,0.0023064613342285156
97458,normal,2988,0,1782359538.4653714,0.0019001960754394531
97459,normal,2679,0,1782359538.467162,0.0017905235290527344
97460,normal,2219,0,1782359538.4694722,0.0023102760314941406
97461,normal,1617,0,1782359538.471378,0.0019059181213378906
97462,normal,973,2,1782359538.4731684,0.0017902851104736328
97463,normal,1501,0,1782359538.4754348,0.002266407012939453
97464,normal,2341,0,1782359538.4773157,0.0018808841705322266
97465,normal,2709,0,1782359538.4791207,0.0018050670623779297
97466,normal,1552,0,1782359538.4812663,0.002145528793334961
97467,normal,962,2,1782359538.4833016,0.002035379409790039
97468,normal,3555,0,1782359538.4851174,0.0018157958984375
97469,normal,636,0,1782359538.4872682,0.0021507740020751953
97470,normal,3516,0,1782359538.4893591,0.002090930938720703
97471,normal,1354,1,1782359538.4911184,0.0017592906951904297
97472,normal,2034,0,1782359538.4932625,0.0021440982818603516
97473,normal,569,0,1782359538.495359,0.002096414566040039
97474,normal,2279,0,1782359538.497117,0.0017580986022949219
97475,normal,3358,1,1782359538.4992633,0.0021462440490722656
97476,normal,3048,1,1782359538.50134,0.0020766258239746094
97477,normal,462,0,1782359538.5030613,0.0017213821411132812
97478,normal,2821,0,1782359538.5052278,0.0021665096282958984
97479,normal,1282,0,1782359538.5073297,0.002101898193359375
97480,normal,1433,0,1782359538.509053,0.0017232894897460938
97481,normal,2692,0,1782359538.5111194,0.002066373825073242
97482,normal,2635,0,1782359538.5133295,0.0022101402282714844
97483,normal,2537,0,1782359538.5150518,0.0017223358154296875
97484,normal,792,2,1782359538.5171223,0.0020704269409179688
97485,normal,2655,0,1782359538.5191307,0.0020084381103515625
97486,normal,2247,0,1782359538.5211182,0.001987457275390625
97487,normal,3246,1,1782359538.523226,0.002107858657836914
97488,normal,3364,1,1782359538.5253336,0.0021076202392578125
97489,normal,1136,0,1782359538.5270598,0.0017261505126953125
97490,normal,3098,1,1782359538.5292315,0.002171754837036133
97491,normal,255,0,1782359538.5313373,0.002105712890625
97492,normal,1399,0,1782359538.53306,0.0017228126525878906
97493,normal,1123,0,1782359538.5352285,0.002168416976928711
97494,normal,2741,0,1782359538.5373404,0.0021119117736816406
97495,normal,1760,0,1782359538.539058,0.0017175674438476562
97496,normal,2023,0,1782359538.5412447,0.0021867752075195312
97497,normal,3325,1,1782359538.5433333,0.0020885467529296875
97498,normal,2339,0,1782359538.5450609,0.0017275810241699219
97499,normal,1561,0,1782359538.5472252,0.0021643638610839844
97500,normal,1931,0,1782359538.5493023,0.0020771026611328125
97501,normal,1173,0,1782359538.5511184,0.0018160343170166016
97502,normal,3264,1,1782359538.553263,0.0021445751190185547
97503,normal,778,2,1782359538.5552723,0.0020093917846679688
97504,normal,1862,0,1782359538.5571165,0.001844167709350586
97505,normal,2048,0,1782359538.559263,0.002146482467651367
97506,normal,2108,0,1782359538.5612864,0.002023458480834961
97507,normal,2453,0,1782359538.5631168,0.0018303394317626953
97508,normal,284,0,1782359538.5652616,0.0021448135375976562
97509,normal,2113,0,1782359538.5672917,0.0020301342010498047
97510,normal,3227,1,1782359538.5691154,0.0018236637115478516
97511,normal,2509,0,1782359538.571262,0.002146482467651367
97512,normal,110,0,1782359538.573294,0.002032041549682617
97513,normal,3241,1,1782359538.575117,0.0018231868743896484
97514,normal,1856,0,1782359538.5772665,0.002149343490600586
97515,normal,942,2,1782359538.5793102,0.0020437240600585938
97516,normal,699,0,1782359538.5811157,0.0018055438995361328
97517,normal,848,2,1782359538.5832648,0.0021491050720214844
97518,normal,3294,1,1782359538.5853038,0.0020389556884765625
97519,normal,1614,0,1782359538.5871165,0.0018126964569091797
97520,normal,2304,0,1782359538.5893035,0.002187013626098633
97521,normal,1539,0,1782359538.5913072,0.0020036697387695312
97522,normal,1042,0,1782359538.5931482,0.0018410682678222656
97523,normal,243,0,1782359538.5952637,0.002115488052368164
97524,normal,2575,0,1782359538.5972893,0.002025604248046875
97525,normal,1927,0,1782359538.5991178,0.0018284320831298828
97526,normal,1064,0,1782359538.6012638,0.002146005630493164
97527,normal,1033,0,1782359538.6033137,0.0020499229431152344
97528,normal,144,0,1782359538.605117,0.0018033981323242188
97529,normal,1103,0,1782359538.6072643,0.002147197723388672
97530,normal,1381,1,1782359538.6093118,0.0020475387573242188
97531,normal,1640,0,1782359538.611115,0.0018031597137451172
97532,normal,2860,0,1782359538.613263,0.0021479129791259766
97533,normal,976,2,1782359538.6153064,0.002043485641479492
97534,normal,347,0,1782359538.617116,0.0018095970153808594
97535,normal,3699,0,1782359538.6192944,0.0021784305572509766
97536,normal,1711,0,1782359538.621314,0.002019643783569336
97537,normal,2991,0,1782359538.623117,0.0018029212951660156
97538,normal,3411,0,1782359538.6252644,0.0021474361419677734
97539,normal,1032,0,1782359538.6272926,0.002028226852416992
97540,normal,3054,1,1782359538.6291227,0.0018301010131835938
97541,normal,3186,1,1782359538.6312668,0.0021440982818603516
97542,normal,2220,0,1782359538.6332881,0.002021312713623047
97543,normal,1112,0,1782359538.6351173,0.0018291473388671875
97544,normal,1491,0,1782359538.6372695,0.0021522045135498047
97545,normal,443,0,1782359538.639281,0.002011537551879883
97546,normal,1065,0,1782359538.6411188,0.0018377304077148438
97547,normal,505,0,1782359538.643265,0.0021462440490722656
97548,normal,1170,0,1782359538.6453254,0.002060413360595703
97549,normal,1607,0,1782359538.6471238,0.001798391342163086
97550,normal,61,0,1782359538.6492636,0.0021398067474365234
97551,normal,1066,0,1782359538.651329,0.002065420150756836
97552,normal,2623,0,1782359538.6531177,0.0017886161804199219
97553,normal,2059,0,1782359538.6552641,0.002146482467651367
97554,normal,2306,0,1782359538.6573415,0.002077341079711914
97555,normal,48,0,1782359538.6591196,0.0017781257629394531
97556,normal,1997,0,1782359538.6611493,0.0020296573638916016
97557,normal,1847,0,1782359538.663332,0.0021827220916748047
97558,normal,844,2,1782359538.6651177,0.0017857551574707031
97559,normal,782,2,1782359538.667271,0.002153158187866211
97560,normal,1146,0,1782359538.6692033,0.001932382583618164
97561,normal,1775,0,1782359538.6712437,0.002040386199951172
97562,normal,2683,0,1782359538.6731179,0.0018742084503173828
97563,normal,3174,1,1782359538.6753383,0.0022203922271728516
97564,normal,876,2,1782359538.6770825,0.0017442703247070312
97565,normal,1320,1,1782359538.6791923,0.0021097660064697266
97566,normal,2412,0,1782359538.681139,0.0019466876983642578
97567,normal,2405,0,1782359538.6831002,0.001961231231689453
97568,normal,3144,1,1782359538.6851344,0.0020341873168945312
97569,normal,435,0,1782359538.6871376,0.002003192901611328
97570,normal,2458,0,1782359538.6891193,0.0019817352294921875
97571,normal,500,0,1782359538.6911507,0.0020313262939453125
97572,normal,3575,0,1782359538.6932662,0.002115488052368164
97573,normal,3238,1,1782359538.69512,0.00185394287109375
97574,normal,1945,0,1782359538.697291,0.0021708011627197266
97575,normal,1295,0,1782359538.6993477,0.0020568370819091797
97576,normal,3495,0,1782359538.701121,0.0017733573913574219
97577,normal,2749,0,1782359538.703267,0.002146005630493164
97578,normal,1840,0,1782359538.7053144,0.002047300338745117
97579,normal,2987,0,1782359538.707119,0.0018045902252197266
97580,normal,159,0,1782359538.7092636,0.0021445751190185547
97581,normal,914,2,1782359538.7113576,0.0020940303802490234
97582,normal,2676,0,1782359538.7131193,0.0017616748809814453
97583,normal,229,0,1782359538.7152936,0.00217437744140625
97584,normal,2535,0,1782359538.717353,0.002059459686279297
97585,normal,3476,0,1782359538.7191188,0.0017657279968261719
97586,normal,748,0,1782359538.7212663,0.0021474361419677734
97587,normal,880,2,1782359538.7233434,0.0020771026611328125
97588,normal,2617,0,1782359538.7251494,0.001806020736694336
97589,normal,517,0,1782359538.7278883,0.00273895263671875
97590,normal,1630,0,1782359538.7292976,0.001409292221069336
97591,normal,2035,0,1782359538.7311568,0.0018591880798339844
97592,normal,361,0,1782359538.7333124,0.0021555423736572266
97593,normal,657,0,1782359538.7351608,0.001848459243774414
97594,normal,1041,0,1782359538.7373104,0.0021495819091796875
97595,normal,3076,1,1782359538.739154,0.0018436908721923828
97596,normal,299,0,1782359538.741442,0.0022878646850585938
97597,normal,2224,0,1782359538.7431266,0.0016846656799316406
97598,normal,2031,0,1782359538.7454553,0.002328634262084961
97599,normal,3439,0,1782359538.7473102,0.0018548965454101562
97600,normal,2147,0,1782359538.7491827,0.0018725395202636719
97601,normal,2266,0,1782359538.7510993,0.001916646957397461
97602,normal,1906,0,1782359538.753176,0.0020766258239746094
97603,normal,1345,1,1782359538.7550933,0.0019173622131347656
97604,normal,1940,0,1782359538.7570913,0.0019979476928710938
97605,normal,164,0,1782359538.7591472,0.0020558834075927734
97606,normal,1465,0,1782359538.761121,0.001973867416381836
97607,normal,820,2,1782359538.7630908,0.0019698143005371094
97608,normal,31,0,1782359538.765161,0.002070188522338867
97609,normal,3338,1,1782359538.7670896,0.001928567886352539
97610,normal,1145,0,1782359538.7690897,0.002000093460083008
97611,normal,1596,0,1782359538.7711604,0.0020706653594970703
97612,normal,3475,0,1782359538.77312,0.001959562301635742
97613,normal,2411,0,1782359538.7751021,0.0019822120666503906
97614,normal,2329,0,1782359538.777164,0.0020618438720703125
97615,normal,2044,0,1782359538.7790923,0.0019283294677734375
97616,normal,1999,0,1782359538.7810895,0.001997232437133789
97617,normal,510,0,1782359538.783161,0.002071380615234375
97618,normal,2583,0,1782359538.7851226,0.0019617080688476562
97619,normal,1398,0,1782359538.78709,0.0019674301147460938
97620,normal,428,0,1782359538.7891595,0.0020694732666015625
97621,normal,1694,0,1782359538.79123,0.0020704269409179688
97622,normal,647,0,1782359538.793123,0.0018930435180664062
97623,normal,475,0,1782359538.79527,0.0021469593048095703
97624,normal,2638,0,1782359538.7971358,0.0018658638000488281
97625,normal,2042,0,1782359538.7990553,0.0019195079803466797
97626,normal,1877,0,1782359538.801121,0.0020656585693359375
97627,normal,2625,0,1782359538.8031003,0.001979351043701172
97628,normal,610,0,1782359538.8050675,0.001967191696166992
97629,normal,815,2,1782359538.8071628,0.0020952224731445312
97630,normal,2127,0,1782359538.8090968,0.001934051513671875
97631,normal,2471,0,1782359538.8111134,0.0020165443420410156
97632,normal,1868,0,1782359538.8131623,0.002048969268798828
97633,normal,314,0,1782359538.8153124,0.0021500587463378906
97634,normal,2780,0,1782359538.817154,0.0018415451049804688
97635,normal,1444,0,1782359538.8191776,0.0020236968994140625
97636,normal,2400,0,1782359538.8213625,0.0021848678588867188
97637,normal,3704,0,1782359538.8231087,0.0017461776733398438
97638,normal,406,0,1782359538.825129,0.0020203590393066406
97639,normal,2208,0,1782359538.8272657,0.002136707305908203
97640,normal,3199,1,1782359538.8291547,0.0018889904022216797
97641,normal,1570,0,1782359538.831182,0.002027273178100586
97642,normal,3195,1,1782359538.8333623,0.002180337905883789
97643,normal,595,0,1782359538.8351102,0.0017478466033935547
97644,normal,2296,0,1782359538.8371282,0.002017974853515625
97645,normal,1562,0,1782359538.8391101,0.001981973648071289
97646,normal,3574,0,1782359538.8411603,0.002050161361694336
97647,normal,2882,0,1782359538.8431876,0.002027273178100586
97648,normal,1342,1,1782359538.8453655,0.0021779537200927734
97649,normal,1963,0,1782359538.8471093,0.0017437934875488281
97650,normal,36,0,1782359538.8491385,0.0020291805267333984
97651,normal,3649,0,1782359538.851266,0.002127408981323242
97652,normal,789,2,1782359538.8531823,0.0019164085388183594
97653,normal,1526,0,1782359538.855305,0.002122640609741211
97654,normal,883,2,1782359538.8571782,0.0018732547760009766
97655,normal,3554,0,1782359538.8591104,0.0019321441650390625
97656,normal,551,0,1782359538.861127,0.0020165443420410156
97657,normal,895,2,1782359538.8632662,0.0021393299102783203
97658,normal,411,0,1782359538.865153,0.0018868446350097656
97659,normal,2151,0,1782359538.8671978,0.002044677734375
97660,normal,3037,0,1782359538.8693619,0.002164125442504883
97661,normal,2648,0,1782359538.8711126,0.0017507076263427734
97662,normal,3063,1,1782359538.87313,0.002017498016357422
97663,normal,3624,0,1782359538.8752658,0.002135753631591797
97664,normal,3335,1,1782359538.8771536,0.0018877983093261719
97665,normal,1659,0,1782359538.8792021,0.002048492431640625
97666,normal,407,0,1782359538.8813515,0.002149343490600586
97667,normal,1469,0,1782359538.8831267,0.0017752647399902344
97668,normal,430,0,1782359538.8852048,0.0020780563354492188
97669,normal,1213,0,1782359538.8873234,0.0021185874938964844
97670,normal,2795,0,1782359538.8891273,0.0018038749694824219
97671,normal,2924,0,1782359538.8911874,0.0020601749420166016
97672,normal,1822,0,1782359538.893129,0.001941680908203125
97673,normal,3564,0,1782359538.8951566,0.0020275115966796875
97674,normal,3546,0,1782359538.897117,0.001960277557373047
97675,normal,1776,0,1782359538.8991292,0.0020122528076171875
97676,normal,3288,1,1782359538.901099,0.0019698143005371094
97677,normal,3452,0,1782359538.903208,0.002109050750732422
97678,normal,542,0,1782359538.9050586,0.0018506050109863281
97679,normal,132,0,1782359538.9071484,0.0020897388458251953
97680,normal,1470,0,1782359538.909408,0.0022597312927246094
97681,normal,1504,0,1782359538.9111366,0.0017285346984863281
97682,normal,3193,1,1782359538.9132097,0.002073049545288086
97683,normal,3684,0,1782359538.9152203,0.0020105838775634766
97684,normal,1127,0,1782359538.9171453,0.0019249916076660156
97685,normal,912,2,1782359538.9192264,0.002081155776977539
97686,normal,3011,0,1782359538.9212582,0.0020318031311035156
97687,normal,24,0,1782359538.923182,0.0019237995147705078
97688,normal,1680,0,1782359538.9252367,0.0020546913146972656
97689,normal,3590,0,1782359538.9272249,0.0019881725311279297
97690,normal,3183,1,1782359538.9291475,0.001922607421875
97691,normal,1788,0,1782359538.931227,0.002079486846923828
97692,normal,1250,0,1782359538.9333034,0.002076387405395508
97693,normal,2989,0,1782359538.9351778,0.0018744468688964844
97694,normal,3637,0,1782359538.9372222,0.0020444393157958984
97695,normal,3500,0,1782359538.9392133,0.0019910335540771484
97696,normal,2704,0,1782359538.941143,0.0019297599792480469
97697,normal,2135,0,1782359538.943216,0.002073049545288086
97698,normal,1542,0,1782359538.9453065,0.0020904541015625
97699,normal,3309,1,1782359538.947177,0.0018703937530517578
97700,normal,2497,0,1782359538.949211,0.0020339488983154297
97701,normal,755,0,1782359538.9514654,0.002254486083984375
97702,normal,2210,0,1782359538.953166,0.0017006397247314453
97703,normal,2290,0,1782359538.9553108,0.0021448135375976562
97704,normal,2440,0,1782359538.957454,0.0021431446075439453
97705,normal,2549,0,1782359538.9591684,0.001714468002319336
97706,normal,2600,0,1782359538.9613059,0.002137422561645508
97707,normal,2881,0,1782359538.9634423,0.0021364688873291016
97708,normal,228,0,1782359538.9651403,0.0016980171203613281
97709,normal,81,0,1782359538.967259,0.0021185874938964844
97710,normal,1744,0,1782359538.9693367,0.002077817916870117
97711,normal,3511,0,1782359538.9711428,0.001806020736694336
97712,normal,728,0,1782359538.973257,0.0021142959594726562
97713,normal,1835,0,1782359538.975389,0.002131938934326172
97714,normal,52,0,1782359538.9771376,0.0017485618591308594
97715,normal,845,2,1782359538.9792566,0.0021190643310546875
97716,normal,641,0,1782359538.9814053,0.0021486282348632812
97717,normal,1278,0,1782359538.983142,0.0017366409301757812
97718,normal,1310,0,1782359538.985306,0.002164125442504883
97719,normal,3340,1,1782359538.987332,0.002026081085205078
97720,normal,3479,0,1782359538.9891381,0.001806020736694336
97721,normal,1953,0,1782359538.991294,0.002155780792236328
97722,normal,1639,0,1782359538.9933927,0.0020987987518310547
97723,normal,1909,0,1782359538.9951446,0.0017518997192382812
97724,normal,658,0,1782359538.997334,0.0021893978118896484
97725,normal,2085,0,1782359538.999366,0.002032041549682617
97726,normal,68,0,1782359539.0011423,0.0017762184143066406
97727,normal,3669,0,1782359539.0032628,0.002120494842529297
97728,normal,1000,2,1782359539.005309,0.002046346664428711
97729,normal,1087,0,1782359539.0071433,0.0018341541290283203
97730,normal,1575,0,1782359539.0093007,0.002157449722290039
97731,normal,2833,0,1782359539.0113683,0.00206756591796875
97732,normal,420,0,1782359539.0131428,0.0017745494842529297
97733,normal,3208,1,1782359539.0152612,0.002118349075317383
97734,normal,1253,0,1782359539.0172663,0.0020051002502441406
97735,normal,3212,1,1782359539.0191433,0.0018770694732666016
97736,normal,1845,0,1782359539.021308,0.002164602279663086
97737,normal,969,2,1782359539.0233524,0.0020444393157958984
97738,normal,3605,0,1782359539.0251415,0.001789093017578125
97739,normal,3579,0,1782359539.0272603,0.002118825912475586
97740,normal,696,0,1782359539.0292647,0.002004384994506836
97741,normal,2981,0,1782359539.0311403,0.0018756389617919922
97742,normal,3609,0,1782359539.0332603,0.0021200180053710938
97743,normal,2978,0,1782359539.0352666,0.0020062923431396484
97744,normal,2201,0,1782359539.0371408,0.0018742084503173828
97745,normal,1679,0,1782359539.039259,0.0021181106567382812
97746,normal,2919,0,1782359539.041267,0.0020079612731933594
97747,normal,3428,0,1782359539.04314,0.001873016357421875
97748,normal,1571,0,1782359539.045466,0.0023260116577148438
97749,normal,133,0,1782359539.0473244,0.0018584728240966797
97750,normal,1757,0,1782359539.0493445,0.002020120620727539
97751,normal,2560,0,1782359539.0513299,0.001985311508178711
97752,normal,1726,0,1782359539.0533192,0.0019893646240234375
97753,normal,1612,0,1782359539.0553427,0.002023458480834961
97754,normal,605,0,1782359539.0572987,0.0019559860229492188
97755,normal,670,0,1782359539.0593197,0.0020210742950439453
97756,normal,3179,1,1782359539.0613465,0.002026796340942383
97757,normal,73,0,1782359539.063301,0.0019545555114746094
97758,normal,2661,0,1782359539.0653324,0.0020313262939453125
97759,normal,2231,0,1782359539.0673494,0.0020170211791992188
97760,normal,3383,1,1782359539.0692983,0.0019488334655761719
97761,normal,3384,1,1782359539.07133,0.0020318031311035156
97762,normal,1314,0,1782359539.0732222,0.00189208984375
97763,normal,3131,1,1782359539.0753007,0.002078533172607422
97764,normal,2913,0,1782359539.0773292,0.0020284652709960938
97765,normal,1160,0,1782359539.079229,0.0018999576568603516
97766,normal,954,2,1782359539.0812306,0.002001523971557617
97767,normal,1656,0,1782359539.0832434,0.0020127296447753906
97768,normal,401,0,1782359539.0852108,0.0019674301147460938
97769,normal,1663,0,1782359539.087249,0.002038240432739258
97770,normal,1038,0,1782359539.089239,0.0019898414611816406
97771,normal,2589,0,1782359539.0912082,0.0019693374633789062
97772,normal,3645,0,1782359539.0932348,0.0020265579223632812
97773,normal,3064,1,1782359539.0952485,0.002013683319091797
97774,normal,2019,0,1782359539.0971477,0.0018992424011230469
97775,normal,3567,0,1782359539.0992546,0.002106904983520508
97776,normal,2294,0,1782359539.101278,0.002023458480834961
97777,normal,1434,0,1782359539.103148,0.0018699169158935547
97778,normal,1389,0,1782359539.1052012,0.0020532608032226562
97779,normal,100,0,1782359539.1072419,0.0020406246185302734
97780,normal,2081,0,1782359539.1091454,0.001903533935546875
97781,normal,2906,0,1782359539.1112,0.0020546913146972656
97782,normal,2480,0,1782359539.1131976,0.0019974708557128906
97783,normal,959,2,1782359539.1152062,0.002008676528930664
97784,normal,2782,0,1782359539.1171994,0.0019931793212890625
97785,normal,307,0,1782359539.119345,0.002145528793334961
97786,normal,1048,0,1782359539.121225,0.0018801689147949219
97787,normal,1392,0,1782359539.123224,0.0019989013671875
97788,normal,625,0,1782359539.1252987,0.002074718475341797
97789,normal,1195,0,1782359539.1271484,0.0018496513366699219
97790,normal,1051,0,1782359539.1292114,0.0020630359649658203
97791,normal,3691,0,1782359539.1312432,0.0020318031311035156
97792,normal,136,0,1782359539.1331463,0.0019030570983886719
97793,normal,1759,0,1782359539.1352088,0.002062559127807617
97794,normal,2693,0,1782359539.1372633,0.002054452896118164
97795,normal,865,2,1782359539.1392093,0.0019459724426269531
97796,normal,1762,0,1782359539.1412075,0.0019981861114501953
97797,normal,2308,0,1782359539.1433592,0.0021517276763916016
97798,normal,3437,0,1782359539.145363,0.002003908157348633
97799,normal,3601,0,1782359539.1471145,0.0017514228820800781
97800,normal,988,2,1782359539.1494014,0.0022869110107421875
97801,normal,1545,0,1782359539.1511383,0.0017368793487548828
97802,normal,2746,0,1782359539.1532233,0.002084970474243164
97803,normal,2009,0,1782359539.1552906,0.0020673274993896484
97804,normal,1936,0,1782359539.157177,0.0018863677978515625
97805,normal,2020,0,1782359539.159218,0.0020411014556884766
97806,normal,217,0,1782359539.1612916,0.002073526382446289
97807,normal,689,0,1782359539.1631439,0.001852273941040039
97808,normal,467,0,1782359539.1652029,0.0020589828491210938
97809,normal,1693,0,1782359539.1672912,0.002088308334350586
97810,normal,3101,1,1782359539.1691425,0.0018513202667236328
97811,normal,519,0,1782359539.1712048,0.0020623207092285156
97812,normal,1957,0,1782359539.1732895,0.0020847320556640625
97813,normal,1037,0,1782359539.1751444,0.0018548965454101562
97814,normal,2434,0,1782359539.1771996,0.0020551681518554688
97815,normal,3274,1,1782359539.1792786,0.002079010009765625
97816,normal,1312,0,1782359539.181143,0.0018644332885742188
97817,normal,1584,0,1782359539.183092,0.0019490718841552734
97818,normal,1687,0,1782359539.1851466,0.002054452896118164
97819,normal,2979,0,1782359539.1870844,0.0019378662109375
97820,normal,3172,1,1782359539.1890898,0.002005338668823242
97821,normal,811,2,1782359539.1911304,0.0020406246185302734
97822,normal,1129,0,1782359539.193111,0.0019805431365966797
97823,normal,2097,0,1782359539.1950877,0.0019767284393310547
97824,normal,1488,0,1782359539.1971545,0.0020668506622314453
97825,normal,2260,0,1782359539.199089,0.0019345283508300781
97826,normal,139,0,1782359539.2010863,0.001997232437133789
97827,normal,2338,0,1782359539.2031522,0.002065896987915039
97828,normal,18,0,1782359539.2050858,0.0019335746765136719
97829,normal,843,2,1782359539.2070882,0.0020024776458740234
97830,normal,3450,0,1782359539.2091448,0.002056598663330078
97831,normal,2174,0,1782359539.2110903,0.00194549560546875
97832,normal,1632,0,1782359539.2130854,0.001995086669921875
97833,normal,162,0,1782359539.2151415,0.002056121826171875
97834,normal,2206,0,1782359539.217087,0.00194549560546875
97835,normal,1425,0,1782359539.219085,0.0019979476928710938
97836,normal,745,0,1782359539.2211447,0.0020596981048583984
97837,normal,1781,0,1782359539.2230873,0.0019426345825195312
97838,normal,2825,0,1782359539.225093,0.0020055770874023438
97839,normal,1196,0,1782359539.2271407,0.0020477771759033203
97840,normal,877,2,1782359539.229088,0.0019474029541015625
97841,normal,1586,0,1782359539.231085,0.0019969940185546875
97842,normal,44,0,1782359539.2331486,0.0020635128021240234
97843,normal,1454,0,1782359539.235087,0.0019383430480957031
97844,normal,358,0,1782359539.237089,0.0020020008087158203
97845,normal,2859,0,1782359539.2391415,0.0020525455474853516
97846,normal,2495,0,1782359539.2410872,0.0019457340240478516
97847,normal,618,0,1782359539.2431016,0.0020143985748291016
97848,normal,3337,1,1782359539.2451673,0.0020656585693359375
97849,normal,1887,0,1782359539.2470894,0.0019221305847167969
97850,normal,3587,0,1782359539.2490861,0.001996755599975586
97851,normal,1616,0,1782359539.2511444,0.002058267593383789
97852,normal,474,0,1782359539.2530868,0.0019423961639404297
97853,normal,1914,0,1782359539.2550986,0.0020117759704589844
97854,normal,1045,0,1782359539.2571416,0.002043008804321289
97855,normal,904,2,1782359539.2590888,0.001947164535522461
97856,normal,1062,0,1782359539.2610857,0.0019969940185546875
97857,normal,3134,1,1782359539.2631593,0.002073526382446289
97858,normal,27,0,1782359539.2650862,0.0019268989562988281
97859,normal,446,0,1782359539.267089,0.002002716064453125
97860,normal,107,0,1782359539.269142,0.0020530223846435547
97861,normal,2415,0,1782359539.2710884,0.0019464492797851562
97862,normal,589,0,1782359539.273086,0.001997709274291992
97863,normal,1866,0,1782359539.2751405,0.002054452896118164
97864,normal,3438,0,1782359539.2770894,0.0019488334655761719
97865,normal,718,0,1782359539.2790859,0.0019965171813964844
97866,normal,290,0,1782359539.2811522,0.002066373825073242
97867,normal,330,0,1782359539.2830868,0.0019345283508300781
97868,normal,3458,0,1782359539.2850862,0.001999378204345703
97869,normal,1738,0,1782359539.287142,0.0020558834075927734
97870,normal,2983,0,1782359539.2890973,0.001955270767211914
97871,normal,1445,0,1782359539.2910857,0.0019884109497070312
97872,normal,104,0,1782359539.2931418,0.002056121826171875
97873,normal,2740,0,1782359539.2950873,0.00194549560546875
97874,normal,981,2,1782359539.297085,0.001997709274291992
97875,normal,1635,0,1782359539.2991443,0.0020592212677001953
97876,normal,2327,0,1782359539.3010874,0.0019431114196777344
97877,normal,2712,0,1782359539.3030934,0.002006053924560547
97878,normal,1229,0,1782359539.3051503,0.0020568370819091797
97879,normal,923,2,1782359539.3070898,0.001939535140991211
97880,normal,1786,0,1782359539.3090856,0.0019958019256591797
97881,normal,454,0,1782359539.3111432,0.0020575523376464844
97882,normal,267,0,1782359539.313086,0.0019428730010986328
97883,normal,1515,0,1782359539.315086,0.0019998550415039062
97884,normal,585,0,1782359539.3171422,0.0020563602447509766
97885,normal,3363,1,1782359539.3190887,0.0019464492797851562
97886,normal,3028,0,1782359539.3211918,0.002103090286254883
97887,normal,2299,0,1782359539.3231463,0.0019545555114746094
97888,normal,418,0,1782359539.3251643,0.002017974853515625
97889,normal,1734,0,1782359539.3283937,0.003229379653930664
97890,normal,173,0,1782359539.3291085,0.0007147789001464844
97891,normal,2743,0,1782359539.3310983,0.0019898414611816406
97892,normal,3658,0,1782359539.3331177,0.0020194053649902344
97893,normal,3346,1,1782359539.3351634,0.0020456314086914062
97894,normal,3464,0,1782359539.3371174,0.0019540786743164062
97895,normal,2694,0,1782359539.3391383,0.0020208358764648438
97896,normal,652,0,1782359539.341162,0.0020236968994140625
97897,normal,2562,0,1782359539.343119,0.001956939697265625
97898,normal,3492,0,1782359539.3450913,0.0019724369049072266
97899,normal,2590,0,1782359539.3471632,0.002071857452392578
97900,normal,1121,0,1782359539.3491971,0.0020339488983154297
97901,normal,1550,0,1782359539.3511803,0.001983165740966797
97902,normal,266,0,1782359539.3532414,0.002061128616333008
97903,normal,609,0,1782359539.3550837,0.0018422603607177734
97904,normal,819,2,1782359539.3571265,0.0020427703857421875
97905,normal,1144,0,1782359539.3593254,0.002198934555053711
97906,normal,1981,0,1782359539.3611193,0.0017938613891601562
97907,normal,2699,0,1782359539.3633208,0.002201557159423828
97908,normal,2430,0,1782359539.365127,0.0018062591552734375
97909,normal,374,0,1782359539.367314,0.002187013626098633
97910,normal,544,0,1782359539.3691256,0.0018115043640136719
97911,normal,2037,0,1782359539.3713572,0.002231597900390625
97912,normal,628,0,1782359539.3731287,0.0017714500427246094
97913,normal,1676,0,1782359539.3753145,0.002185821533203125
97914,normal,3654,0,1782359539.3771586,0.001844167709350586
97915,normal,1412,0,1782359539.3793066,0.0021479129791259766
97916,normal,3205,1,1782359539.3811262,0.001819610595703125
97917,normal,3526,0,1782359539.383321,0.0021948814392089844
97918,normal,1810,0,1782359539.385128,0.0018069744110107422
97919,normal,2670,0,1782359539.387306,0.0021779537200927734
97920,normal,1785,0,1782359539.3892162,0.0019102096557617188
97921,normal,2311,0,1782359539.3913147,0.002098560333251953
97922,normal,2957,0,1782359539.3931258,0.0018110275268554688
97923,normal,664,0,1782359539.3953228,0.0021970272064208984
97924,normal,1716,0,1782359539.3971093,0.0017864704132080078
97925,normal,1430,0,1782359539.3993254,0.0022161006927490234
97926,normal,2310,0,1782359539.4012208,0.0018954277038574219
97927,normal,722,0,1782359539.4032922,0.002071380615234375
97928,normal,2155,0,1782359539.405133,0.001840829849243164
97929,normal,0,0,1782359539.4073513,0.0022182464599609375
97930,normal,2851,0,1782359539.4091303,0.0017790794372558594
97931,normal,1583,0,1782359539.4113126,0.0021822452545166016
97932,normal,2947,0,1782359539.4131274,0.0018148422241210938
97933,normal,2063,0,1782359539.415331,0.0022034645080566406
97934,normal,2769,0,1782359539.4171274,0.0017964839935302734
97935,normal,1224,0,1782359539.419314,0.0021865367889404297
97936,normal,47,0,1782359539.4211268,0.0018129348754882812
97937,normal,2998,0,1782359539.423305,0.002178192138671875
97938,normal,332,0,1782359539.4251332,0.0018281936645507812
97939,normal,3566,0,1782359539.4272554,0.002122163772583008
97940,normal,701,0,1782359539.4291148,0.001859426498413086
97941,normal,161,0,1782359539.4313061,0.002191305160522461
97942,normal,3094,1,1782359539.4330785,0.0017724037170410156
97943,normal,268,0,1782359539.4351516,0.002073049545288086
97944,normal,1860,0,1782359539.437092,0.0019404888153076172
97945,normal,2239,0,1782359539.4390943,0.002002239227294922
97946,normal,2268,0,1782359539.4411297,0.002035379409790039
97947,normal,2927,0,1782359539.443335,0.002205371856689453
97948,normal,1063,0,1782359539.445108,0.0017728805541992188
97949,normal,3112,1,1782359539.4473104,0.0022025108337402344
97950,normal,1429,0,1782359539.4491425,0.0018320083618164062
97951,normal,925,2,1782359539.4513376,0.002195119857788086
97952,normal,2153,0,1782359539.4531267,0.001789093017578125
97953,normal,1088,0,1782359539.455316,0.0021893978118896484
97954,normal,388,0,1782359539.4571276,0.0018115043640136719
97955,normal,2747,0,1782359539.4593055,0.0021779537200927734
97956,normal,1046,0,1782359539.4611506,0.0018451213836669922
97957,normal,2680,0,1782359539.4631438,0.0019931793212890625
97958,normal,2470,0,1782359539.4653099,0.0021660327911376953
97959,normal,1076,0,1782359539.4671242,0.0018143653869628906
97960,normal,1920,0,1782359539.46931,0.002185821533203125
97961,normal,302,0,1782359539.471125,0.0018148422241210938
97962,normal,1665,0,1782359539.4733353,0.002210378646850586
97963,normal,190,0,1782359539.475149,0.001813650131225586
97964,normal,655,0,1782359539.477318,0.0021691322326660156
97965,normal,818,2,1782359539.479156,0.0018379688262939453
97966,normal,1080,0,1782359539.4813473,0.002191305160522461
97967,normal,1255,0,1782359539.4831305,0.001783132553100586
97968,normal,2610,0,1782359539.485316,0.0021855831146240234
97969,normal,32,0,1782359539.4871097,0.0017936229705810547
97970,normal,1261,0,1782359539.4892983,0.0021886825561523438
97971,normal,2053,0,1782359539.491152,0.0018537044525146484
97972,normal,2159,0,1782359539.4933498,0.002197742462158203
97973,normal,3304,1,1782359539.495129,0.001779317855834961
97974,normal,3260,1,1782359539.497315,0.002185821533203125
97975,normal,1189,0,1782359539.499123,0.00180816650390625
97976,normal,205,0,1782359539.5011244,0.0020012855529785156
97977,normal,732,0,1782359539.5033479,0.002223491668701172
97978,normal,2744,0,1782359539.5051382,0.0017902851104736328
97979,normal,1869,0,1782359539.5072906,0.0021524429321289062
97980,normal,2613,0,1782359539.5091348,0.001844167709350586
97981,normal,259,0,1782359539.5113122,0.0021774768829345703
97982,normal,2050,0,1782359539.513126,0.001813650131225586
97983,normal,712,0,1782359539.5153637,0.0022377967834472656
97984,normal,2163,0,1782359539.5171447,0.0017809867858886719
97985,normal,2402,0,1782359539.519309,0.0021643638610839844
97986,normal,524,0,1782359539.5211246,0.0018155574798583984
97987,normal,3468,0,1782359539.5233097,0.0021851062774658203
97988,normal,140,0,1782359539.525135,0.0018253326416015625
97989,normal,2724,0,1782359539.5273597,0.0022246837615966797
97990,normal,2000,0,1782359539.52916,0.0018002986907958984
97991,normal,231,0,1782359539.5312657,0.002105712890625
97992,normal,2333,0,1782359539.5331314,0.0018656253814697266
97993,normal,3045,1,1782359539.5353174,0.0021860599517822266
97994,normal,386,0,1782359539.5371258,0.0018084049224853516
97995,normal,535,0,1782359539.5393636,0.0022377967834472656
97996,normal,277,0,1782359539.5413618,0.0019981861114501953
97997,normal,2844,0,1782359539.5431015,0.0017397403717041016
97998,normal,3387,1,1782359539.5452585,0.002156972885131836
97999,normal,1925,0,1782359539.547113,0.0018544197082519531
98000,normal,2929,0,1782359539.549111,0.0019979476928710938
98001,normal,2060,0,1782359539.5511816,0.0020706653594970703
98002,normal,1221,0,1782359539.5533066,0.0021250247955322266
98003,normal,2248,0,1782359539.5551183,0.0018117427825927734
98004,normal,1697,0,1782359539.5571694,0.002051115036010742
98005,normal,504,0,1782359539.559111,0.001941680908203125
98006,normal,408,0,1782359539.5611503,0.002039194107055664
98007,normal,1069,0,1782359539.5631862,0.002035856246948242
98008,normal,1198,0,1782359539.5652606,0.0020744800567626953
98009,normal,160,0,1782359539.5671098,0.0018491744995117188
98010,normal,264,0,1782359539.569189,0.0020792484283447266
98011,normal,2071,0,1782359539.5712955,0.0021064281463623047
98012,normal,985,2,1782359539.5731425,0.0018470287322998047
98013,normal,313,0,1782359539.575192,0.0020494461059570312
98014,normal,3376,1,1782359539.57734,0.0021479129791259766
98015,normal,3291,1,1782359539.5791676,0.0018277168273925781
98016,normal,831,2,1782359539.5813055,0.002137899398803711
98017,normal,2016,0,1782359539.5832982,0.0019927024841308594
98018,normal,468,0,1782359539.5851576,0.001859426498413086
98019,normal,2597,0,1782359539.587198,0.002040386199951172
98020,normal,1408,0,1782359539.5893714,0.0021734237670898438
98021,normal,2725,0,1782359539.5911713,0.0017998218536376953
98022,normal,654,0,1782359539.5933225,0.0021512508392333984
98023,normal,1537,0,1782359539.5953593,0.0020368099212646484
98024,normal,3582,0,1782359539.597305,0.0019457340240478516
98025,normal,2664,0,1782359539.5992026,0.001897573471069336
98026,normal,2087,0,1782359539.601252,0.0020494461059570312
98027,normal,1147,0,1782359539.6031406,0.0018885135650634766
98028,normal,3548,0,1782359539.605204,0.0020635128021240234
98029,normal,2616,0,1782359539.6072972,0.002093076705932617
98030,normal,425,0,1782359539.609118,0.0018208026885986328
98031,normal,1058,0,1782359539.6112077,0.0020897388458251953
98032,normal,3344,1,1782359539.6132615,0.0020537376403808594
98033,normal,827,2,1782359539.6151109,0.0018494129180908203
98034,normal,3145,1,1782359539.617109,0.0019981861114501953
98035,normal,1187,0,1782359539.6192963,0.0021872520446777344
98036,normal,2817,0,1782359539.6211412,0.0018448829650878906
98037,normal,3083,1,1782359539.6232107,0.0020694732666015625
98038,normal,1799,0,1782359539.6252499,0.002039194107055664
98039,normal,2169,0,1782359539.6271362,0.0018863677978515625
98040,normal,455,0,1782359539.6293235,0.0021872520446777344
98041,normal,2805,0,1782359539.6313262,0.002002716064453125
98042,normal,2119,0,1782359539.6331093,0.001783132553100586
98043,normal,2283,0,1782359539.6354365,0.0023272037506103516
98044,normal,825,2,1782359539.6371098,0.0016732215881347656
98045,normal,1824,0,1782359539.639103,0.0019931793212890625
98046,normal,1296,0,1782359539.6414526,0.0023496150970458984
98047,normal,3613,0,1782359539.643167,0.001714468002319336
98048,normal,2739,0,1782359539.6453156,0.0021486282348632812
98049,normal,2291,0,1782359539.6472569,0.0019412040710449219
98050,normal,3435,0,1782359539.6491725,0.0019156932830810547
98051,normal,1385,0,1782359539.6510968,0.001924276351928711
98052,normal,3177,1,1782359539.6533005,0.002203702926635742
98053,normal,1923,0,1782359539.6550975,0.0017969608306884766
98054,normal,170,0,1782359539.657108,0.0020105838775634766
98055,normal,1070,0,1782359539.6591225,0.0020143985748291016
98056,normal,1960,0,1782359539.6611156,0.0019931793212890625
98057,normal,2030,0,1782359539.6630888,0.0019731521606445312
98058,normal,121,0,1782359539.6651175,0.0020287036895751953
98059,normal,458,0,1782359539.667163,0.0020453929901123047
98060,normal,3493,0,1782359539.6691616,0.0019986629486083984
98061,normal,39,0,1782359539.671419,0.0022573471069335938
98062,normal,1210,0,1782359539.6730702,0.0016512870788574219
98063,normal,3666,0,1782359539.6750948,0.0020246505737304688
98064,normal,2909,0,1782359539.677386,0.0022912025451660156
98065,normal,49,0,1782359539.6790733,0.0016872882843017578
98066,normal,1564,0,1782359539.6810873,0.0020139217376708984
98067,normal,2288,0,1782359539.6833138,0.002226591110229492
98068,normal,2263,0,1782359539.6851087,0.0017948150634765625
98069,normal,2473,0,1782359539.6872325,0.0021238327026367188
98070,normal,192,0,1782359539.6893544,0.0021219253540039062
98071,normal,2451,0,1782359539.6913283,0.001973867416381836
98072,normal,1243,0,1782359539.6931176,0.0017893314361572266
98073,normal,3621,0,1782359539.6950984,0.0019807815551757812
98074,normal,2140,0,1782359539.6971264,0.0020279884338378906
98075,normal,3254,1,1782359539.6990886,0.0019621849060058594
98076,normal,1405,0,1782359539.7011187,0.0020301342010498047
98077,normal,1993,0,1782359539.7032132,0.0020945072174072266
98078,normal,3217,1,1782359539.7050834,0.0018701553344726562
98079,normal,634,0,1782359539.7072306,0.002147197723388672
98080,normal,2867,0,1782359539.7090764,0.0018458366394042969
98081,normal,3543,0,1782359539.7111042,0.002027750015258789
98082,normal,3703,0,1782359539.7134,0.0022957324981689453
98083,normal,2191,0,1782359539.7150784,0.001678466796875
98084,normal,3584,0,1782359539.7170885,0.0020101070404052734
98085,normal,1543,0,1782359539.7192326,0.0021440982818603516
98086,normal,2599,0,1782359539.721104,0.001871347427368164
98087,normal,1683,0,1782359539.7232027,0.0020987987518310547
98088,normal,1082,0,1782359539.7252088,0.002006053924560547
98089,normal,716,0,1782359539.7270887,0.0018799304962158203
98090,normal,756,0,1782359539.7291863,0.002097606658935547
98091,normal,1722,0,1782359539.7313502,0.0021638870239257812
98092,normal,2943,0,1782359539.7331095,0.0017592906951904297
98093,normal,1489,0,1782359539.7352486,0.0021390914916992188
98094,normal,3292,1,1782359539.737276,0.0020275115966796875
98095,normal,439,0,1782359539.7391913,0.0019152164459228516
98096,normal,1061,0,1782359539.741188,0.001996755599975586
98097,normal,3522,0,1782359539.7432613,0.0020732879638671875
98098,normal,794,2,1782359539.7451131,0.001851797103881836
98099,normal,2092,0,1782359539.747213,0.002099752426147461
98100,normal,833,2,1782359539.7492392,0.0020263195037841797
98101,normal,134,0,1782359539.7511668,0.0019276142120361328
98102,normal,26,0,1782359539.7532535,0.002086639404296875
98103,normal,3485,0,1782359539.7552338,0.001980304718017578
98104,normal,2237,0,1782359539.7571423,0.0019085407257080078
98105,normal,387,0,1782359539.7592347,0.0020923614501953125
98106,normal,2121,0,1782359539.7612846,0.0020499229431152344
98107,normal,1808,0,1782359539.7631679,0.0018832683563232422
98108,normal,1478,0,1782359539.765224,0.002056121826171875
98109,normal,20,0,1782359539.767262,0.0020380020141601562
98110,normal,3328,1,1782359539.7691393,0.0018773078918457031
98111,normal,2491,0,1782359539.7712061,0.0020668506622314453
98112,normal,1959,0,1782359539.773239,0.002032756805419922
98113,normal,2915,0,1782359539.775201,0.0019621849060058594
98114,normal,92,0,1782359539.7772124,0.0020112991333007812
98115,normal,758,0,1782359539.7792907,0.0020782947540283203
98116,normal,3099,1,1782359539.7811418,0.0018510818481445312
98117,normal,3120,1,1782359539.783237,0.0020952224731445312
98118,normal,227,0,1782359539.785298,0.002061128616333008
98119,normal,805,2,1782359539.7882617,0.002963542938232422
98120,normal,1029,2,1782359539.7892203,0.0009586811065673828
98121,normal,487,0,1782359539.7913,0.0020797252655029297
98122,normal,3175,1,1782359539.793141,0.001840829849243164
98123,normal,2188,0,1782359539.7951155,0.0019745826721191406
98124,normal,2336,0,1782359539.797285,0.0021696090698242188
98125,normal,3016,0,1782359539.7991788,0.001893758773803711
98126,normal,278,0,1782359539.8012235,0.002044677734375
98127,normal,3592,0,1782359539.8032982,0.002074718475341797
98128,normal,1879,0,1782359539.8051443,0.0018460750579833984
98129,normal,1633,0,1782359539.8072228,0.002078533172607422
98130,normal,506,0,1782359539.8092537,0.0020308494567871094
98131,normal,1234,0,1782359539.811144,0.001890420913696289
98132,normal,2532,0,1782359539.813224,0.0020799636840820312
98133,normal,41,0,1782359539.8152602,0.0020360946655273438
98134,normal,211,0,1782359539.8171413,0.0018811225891113281
98135,normal,2476,0,1782359539.8191955,0.0020542144775390625
98136,normal,1184,0,1782359539.8213031,0.0021076202392578125
98137,normal,1890,0,1782359539.8231392,0.0018360614776611328
98138,normal,1343,1,1782359539.825201,0.0020618438720703125
98139,normal,1317,0,1782359539.8272824,0.0020813941955566406
98140,normal,1151,0,1782359539.8291416,0.0018591880798339844
98141,normal,3132,1,1782359539.8312025,0.0020608901977539062
98142,normal,757,0,1782359539.8332574,0.002054929733276367
98143,normal,938,2,1782359539.835145,0.0018875598907470703
98144,normal,3361,1,1782359539.8371975,0.0020525455474853516
98145,normal,2591,0,1782359539.8392756,0.0020780563354492188
98146,normal,2192,0,1782359539.841143,0.0018672943115234375
98147,normal,1769,0,1782359539.843196,0.0020530223846435547
98148,normal,1707,0,1782359539.8452575,0.002061605453491211
98149,normal,3082,1,1782359539.8471406,0.0018830299377441406
98150,normal,208,0,1782359539.8491936,0.0020530223846435547
98151,normal,1024,2,1782359539.8513508,0.0021572113037109375
98152,normal,3662,0,1782359539.8531106,0.0017597675323486328
98153,normal,3279,1,1782359539.8552246,0.0021140575408935547
98154,normal,1275,0,1782359539.8572392,0.002014636993408203
98155,normal,3617,0,1782359539.859208,0.001968860626220703
98156,normal,2117,0,1782359539.8612092,0.002001047134399414
98157,normal,2533,0,1782359539.8633666,0.002157449722290039
98158,normal,3216,1,1782359539.8651114,0.0017447471618652344
98159,normal,2796,0,1782359539.8672132,0.002101898193359375
98160,normal,2175,0,1782359539.8692825,0.002069234848022461
98161,normal,3529,0,1782359539.8712087,0.0019261837005615234
98162,normal,3164,1,1782359539.8731968,0.0019881725311279297
98163,normal,296,0,1782359539.87537,0.002173185348510742
98164,normal,237,0,1782359539.8772223,0.001852273941040039
98165,normal,53,0,1782359539.8792112,0.0019888877868652344
98166,normal,1773,0,1782359539.881287,0.0020759105682373047
98167,normal,3431,0,1782359539.8831465,0.001859426498413086
98168,normal,2678,0,1782359539.8851886,0.002042055130004883
98169,normal,1102,0,1782359539.8872862,0.002097606658935547
98170,normal,1159,0,1782359539.8892086,0.0019223690032958984
98171,normal,2736,0,1782359539.8911886,0.0019800662994384766
98172,normal,953,2,1782359539.8932867,0.00209808349609375
98173,normal,2345,0,1782359539.8951442,0.0018575191497802734
98174,normal,747,0,1782359539.897214,0.002069711685180664
98175,normal,2750,0,1782359539.89913,0.0019161701202392578
98176,normal,1983,0,1782359539.901237,0.002106904983520508
98177,normal,3603,0,1782359539.9031363,0.0018992424011230469
98178,normal,1885,0,1782359539.9052405,0.0021042823791503906
98179,normal,855,2,1782359539.9071774,0.0019369125366210938
98180,normal,2314,0,1782359539.909114,0.0019364356994628906
98181,normal,1673,0,1782359539.9111276,0.002013683319091797
98182,normal,3298,1,1782359539.9131382,0.0020105838775634766
98183,normal,3086,1,1782359539.9151204,0.0019822120666503906
98184,normal,1668,0,1782359539.917312,0.0021915435791015625
98185,normal,1110,0,1782359539.9191158,0.0018038749694824219
98186,normal,3535,0,1782359539.9213085,0.0021927356719970703
98187,normal,651,0,1782359539.9233265,0.002017974853515625
98188,normal,3471,0,1782359539.9251316,0.0018050670623779297
98189,normal,2164,0,1782359539.9271674,0.002035856246948242
98190,normal,2446,0,1782359539.9293132,0.0021457672119140625
98191,normal,1402,0,1782359539.931048,0.0017347335815429688
98192,normal,2862,0,1782359539.9331737,0.0021257400512695312
98193,normal,300,0,1782359539.9353077,0.002134084701538086
98194,normal,188,0,1782359539.9371102,0.0018024444580078125
98195,normal,1723,0,1782359539.9393103,0.0022001266479492188
98196,normal,256,0,1782359539.9412963,0.0019860267639160156
98197,normal,1178,0,1782359539.9431427,0.0018463134765625
98198,normal,3095,1,1782359539.9453042,0.0021615028381347656
98199,normal,2843,0,1782359539.947321,0.002016782760620117
98200,normal,1361,1,1782359539.9491134,0.0017924308776855469
98201,normal,3473,0,1782359539.9513097,0.0021963119506835938
98202,normal,3341,1,1782359539.9531195,0.001809835433959961
98203,normal,937,2,1782359539.9553032,0.002183675765991211
98204,normal,839,2,1782359539.9571145,0.0018112659454345703
98205,normal,997,2,1782359539.9593267,0.0022122859954833984
98206,normal,1677,0,1782359539.9611146,0.0017879009246826172
98207,normal,1355,1,1782359539.9633126,0.0021979808807373047
98208,normal,2051,0,1782359539.9651177,0.0018050670623779297
98209,normal,1301,0,1782359539.9671392,0.0020215511322021484
98210,normal,665,0,1782359539.969301,0.002161741256713867
98211,normal,1509,0,1782359539.9713175,0.0020165443420410156
98212,normal,1970,0,1782359539.973328,0.0020105838775634766
98213,normal,2855,0,1782359539.9751709,0.0018427371978759766
98214,normal,3236,1,1782359539.9775512,0.00238037109375
98215,normal,2611,0,1782359539.9792008,0.001649618148803711
98216,normal,123,0,1782359539.9814732,0.002272367477416992
98217,normal,2609,0,1782359539.983332,0.0018587112426757812
98218,normal,2394,0,1782359539.9853547,0.0020227432250976562
98219,normal,2804,0,1782359539.9873114,0.0019567012786865234
98220,normal,2146,0,1782359539.9895387,0.002227306365966797
98221,normal,1410,0,1782359539.9912052,0.0016665458679199219
98222,normal,3350,1,1782359539.9934466,0.002241373062133789
98223,normal,3140,1,1782359539.9952974,0.0018508434295654297
98224,normal,1991,0,1782359539.997352,0.002054452896118164
98225,normal,2374,0,1782359539.9993188,0.0019669532775878906
98226,normal,1717,0,1782359540.0014725,0.002153635025024414
98227,normal,2788,0,1782359540.0033998,0.0019273757934570312
98228,normal,1842,0,1782359540.0051963,0.0017964839935302734
98229,normal,863,2,1782359540.0073617,0.0021653175354003906
98230,normal,2721,0,1782359540.0093822,0.002020597457885742
98231,normal,3270,1,1782359540.0111675,0.0017852783203125
98232,normal,3084,1,1782359540.013374,0.002206563949584961
98233,normal,370,0,1782359540.0151546,0.0017805099487304688
98234,normal,1119,0,1782359540.0172982,0.0021436214447021484
98235,normal,867,2,1782359540.0193655,0.0020673274993896484
98236,normal,3534,0,1782359540.0211487,0.001783132553100586
98237,normal,638,0,1782359540.023311,0.0021622180938720703
98238,normal,2486,0,1782359540.0253668,0.0020558834075927734
98239,normal,2513,0,1782359540.0271218,0.0017549991607666016
98240,normal,3039,0,1782359540.0293033,0.002181529998779297
98241,normal,3514,0,1782359540.0313716,0.0020682811737060547
98242,normal,3392,1,1782359540.0331469,0.0017752647399902344
98243,normal,1979,0,1782359540.035297,0.0021500587463378906
98244,normal,1819,0,1782359540.037308,0.0020110607147216797
98245,normal,1955,0,1782359540.0391135,0.0018055438995361328
98246,normal,105,0,1782359540.0413058,0.002192258834838867
98247,normal,1615,0,1782359540.043376,0.002070188522338867
98248,normal,3367,1,1782359540.0451448,0.0017688274383544922
98249,normal,1303,0,1782359540.0473006,0.002155780792236328
98250,normal,2105,0,1782359540.0493097,0.002009153366088867
98251,normal,399,0,1782359540.0511112,0.0018014907836914062
98252,normal,2102,0,1782359540.0533085,0.002197265625
98253,normal,1161,0,1782359540.05538,0.0020716190338134766
98254,normal,1768,0,1782359540.05715,0.0017697811126708984
98255,normal,708,0,1782359540.0593069,0.002156972885131836
98256,normal,1916,0,1782359540.0613081,0.0020012855529785156
98257,normal,1818,0,1782359540.063111,0.0018029212951660156
98258,normal,2677,0,1782359540.0653105,0.002199411392211914
98259,normal,2429,0,1782359540.0672972,0.0019867420196533203
98260,normal,1950,0,1782359540.0691397,0.001842498779296875
98261,normal,253,0,1782359540.0713055,0.0021657943725585938
98262,normal,1477,0,1782359540.0733087,0.002003192901611328
98263,normal,3404,0,1782359540.0751119,0.0018031597137451172
98264,normal,303,0,1782359540.077324,0.002212047576904297
98265,normal,1731,0,1782359540.079205,0.0018811225891113281
98266,normal,572,0,1782359540.0813076,0.0021026134490966797
98267,normal,226,0,1782359540.083113,0.0018053054809570312
98268,normal,2082,0,1782359540.0853124,0.002199411392211914
98269,normal,2166,0,1782359540.0871131,0.0018007755279541016
98270,normal,857,2,1782359540.0893285,0.0022153854370117188
98271,normal,604,0,1782359540.091112,0.0017833709716796875
98272,normal,523,0,1782359540.0933108,0.002198934555053711
98273,normal,3206,1,1782359540.0951118,0.0018010139465332031
98274,normal,963,2,1782359540.097305,0.0021932125091552734
98275,normal,613,0,1782359540.0991092,0.0018041133880615234
98276,normal,2584,0,1782359540.1013381,0.002228975296020508
98277,normal,3322,1,1782359540.1031196,0.001781463623046875
98278,normal,1461,0,1782359540.1052961,0.002176523208618164
98279,normal,419,0,1782359540.1071367,0.0018405914306640625
98280,normal,2235,0,1782359540.1093035,0.002166748046875
98281,normal,2926,0,1782359540.1111403,0.0018367767333984375
98282,normal,717,0,1782359540.1132967,0.002156496047973633
98283,normal,3127,1,1782359540.1153147,0.002017974853515625
98284,normal,3252,1,1782359540.1171129,0.0017981529235839844
98285,normal,3307,1,1782359540.1193194,0.002206563949584961
98286,normal,3593,0,1782359540.1213076,0.0019881725311279297
98287,normal,395,0,1782359540.1231337,0.0018260478973388672
98288,normal,1375,1,1782359540.1252987,0.002165079116821289
98289,normal,2207,0,1782359540.1273088,0.0020101070404052734
98290,normal,3527,0,1782359540.129114,0.0018050670623779297
98291,normal,919,2,1782359540.1313012,0.0021872520446777344
98292,normal,1052,0,1782359540.133314,0.0020127296447753906
98293,normal,1176,0,1782359540.1351392,0.0018253326416015625
98294,normal,2055,0,1782359540.1372967,0.002157449722290039
98295,normal,3489,0,1782359540.1393218,0.002025127410888672
98296,normal,405,0,1782359540.1411135,0.0017917156219482422
98297,normal,3224,1,1782359540.1433127,0.0021991729736328125
98298,normal,2032,0,1782359540.1452963,0.001983642578125
98299,normal,2899,0,1782359540.1471386,0.0018422603607177734
98300,normal,667,0,1782359540.149298,0.0021593570709228516
98301,normal,3556,0,1782359540.1513155,0.002017498016357422
98302,normal,690,0,1782359540.1531231,0.0018076896667480469
98303,normal,2323,0,1782359540.1553211,0.0021979808807373047
98304,normal,611,0,1782359540.1571379,0.0018167495727539062
98305,normal,3642,0,1782359540.159314,0.002176046371459961
98306,normal,51,0,1782359540.1611364,0.0018224716186523438
98307,normal,695,0,1782359540.163326,0.00218963623046875
98308,normal,2936,0,1782359540.165138,0.001811981201171875
98309,normal,3313,1,1782359540.167296,0.002157926559448242
98310,normal,3218,1,1782359540.1693187,0.0020227432250976562
98311,normal,71,0,1782359540.1711192,0.001800537109375
98312,normal,3231,1,1782359540.1733155,0.0021963119506835938
98313,normal,3705,0,1782359540.1753309,0.002015352249145508
98314,normal,646,0,1782359540.1771383,0.0018074512481689453
98315,normal,432,0,1782359540.179306,0.0021677017211914062
98316,normal,736,0,1782359540.1813135,0.0020074844360351562
98317,normal,730,0,1782359540.1831136,0.0018000602722167969
98318,normal,3421,0,1782359540.1853104,0.002196788787841797
98319,normal,2282,0,1782359540.1873336,0.0020232200622558594
98320,normal,3333,1,1782359540.1891363,0.001802682876586914
98321,normal,394,0,1782359540.191293,0.0021567344665527344
98322,normal,1611,0,1782359540.1932967,0.0020036697387695312
98323,normal,3125,1,1782359540.195143,0.0018463134765625
98324,normal,1493,0,1782359540.197313,0.002170085906982422
98325,normal,2093,0,1782359540.1993017,0.001988649368286133
98326,normal,3709,0,1782359540.2011356,0.0018339157104492188
98327,normal,2483,0,1782359540.2032983,0.0021626949310302734
98328,normal,594,0,1782359540.2053137,0.002015352249145508
98329,normal,189,0,1782359540.2071147,0.0018010139465332031
98330,normal,1706,0,1782359540.209307,0.002192258834838867
98331,normal,1900,0,1782359540.2112951,0.0019881725311279297
98332,normal,3050,1,1782359540.2131379,0.0018427371978759766
98333,normal,1466,0,1782359540.2152972,0.0021593570709228516
98334,normal,2787,0,1782359540.2171419,0.001844644546508789
98335,normal,2413,0,1782359540.2192929,0.002151012420654297
98336,normal,3002,0,1782359540.221135,0.0018420219421386719
98337,normal,816,2,1782359540.2232974,0.002162456512451172
98338,normal,2058,0,1782359540.2251356,0.0018382072448730469
98339,normal,1764,0,1782359540.227298,0.002162456512451172
98340,normal,2946,0,1782359540.2293136,0.0020155906677246094
98341,normal,1699,0,1782359540.2311106,0.0017969608306884766
98342,normal,1565,0,1782359540.2333074,0.002196788787841797
98343,normal,148,0,1782359540.2352958,0.0019884109497070312
98344,normal,3686,0,1782359540.2371383,0.001842498779296875
98345,normal,1666,0,1782359540.2392938,0.0021555423736572266
98346,normal,3282,1,1782359540.2413158,0.0020220279693603516
98347,normal,2349,0,1782359540.2431114,0.0017955303192138672
98348,normal,751,0,1782359540.2451723,0.0020608901977539062
98349,normal,464,0,1782359540.2473614,0.002189159393310547
98350,normal,3188,1,1782359540.2491376,0.0017762184143066406
98351,normal,176,0,1782359540.2512994,0.002161741256713867
98352,normal,979,2,1782359540.2533195,0.002020120620727539
98353,normal,786,2,1782359540.255112,0.0017924308776855469
98354,normal,1899,0,1782359540.257316,0.0022041797637939453
98355,normal,3056,1,1782359540.2593675,0.0020513534545898438
98356,normal,3068,1,1782359540.2611456,0.0017781257629394531
98357,normal,2353,0,1782359540.2633035,0.002157926559448242
98358,normal,8,0,1782359540.265324,0.002020597457885742
98359,normal,380,0,1782359540.2671092,0.0017850399017333984
98360,normal,495,0,1782359540.2693093,0.0022001266479492188
98361,normal,273,0,1782359540.2713687,0.002059459686279297
98362,normal,298,0,1782359540.2731447,0.001775979995727539
98363,normal,1391,0,1782359540.275296,0.0021512508392333984
98364,normal,59,0,1782359540.277308,0.002012014389038086
98365,normal,2566,0,1782359540.2791123,0.001804351806640625
98366,normal,2856,0,1782359540.2813103,0.0021979808807373047
98367,normal,1165,0,1782359540.283296,0.001985788345336914
98368,normal,2917,0,1782359540.2851458,0.0018496513366699219
98369,normal,2904,0,1782359540.2872941,0.0021483898162841797
98370,normal,3342,1,1782359540.289308,0.0020139217376708984
98371,normal,375,0,1782359540.2911127,0.0018045902252197266
98372,normal,2975,0,1782359540.2933028,0.002190113067626953
98373,normal,680,0,1782359540.2953105,0.002007722854614258
98374,normal,3400,1,1782359540.2971363,0.0018258094787597656
98375,normal,1938,0,1782359540.2993186,0.0021822452545166016
98376,normal,3674,0,1782359540.3013053,0.0019867420196533203
98377,normal,1329,1,1782359540.3031125,0.0018072128295898438
98378,normal,9,0,1782359540.3053274,0.0022149085998535156
98379,normal,3393,1,1782359540.3073773,0.0020499229431152344
98380,normal,3502,0,1782359540.3091412,0.0017638206481933594
98381,normal,2275,0,1782359540.3112986,0.002157449722290039
98382,normal,1095,0,1782359540.3133073,0.002008676528930664
98383,normal,2582,0,1782359540.3151114,0.0018041133880615234
98384,normal,1729,0,1782359540.3173258,0.0022144317626953125
98385,normal,433,0,1782359540.3192935,0.0019676685333251953
98386,normal,3628,0,1782359540.3211136,0.0018200874328613281
98387,normal,2592,0,1782359540.3233063,0.0021927356719970703
98388,normal,3022,0,1782359540.3253932,0.0020868778228759766
98389,normal,1332,1,1782359540.3271496,0.001756429672241211
98390,normal,767,0,1782359540.329295,0.0021452903747558594
98391,normal,533,0,1782359540.3313124,0.002017498016357422
98392,normal,536,0,1782359540.333111,0.0017986297607421875
98393,normal,2586,0,1782359540.3353126,0.002201557159423828
98394,normal,599,0,1782359540.3372989,0.001986265182495117
98395,normal,1426,0,1782359540.3391442,0.0018453598022460938
98396,normal,2012,0,1782359540.341298,0.0021538734436035156
98397,normal,2145,0,1782359540.3433077,0.0020096302032470703
98398,normal,2385,0,1782359540.3451133,0.0018055438995361328
98399,normal,1328,1,1782359540.3473039,0.0021905899047851562
98400,normal,321,0,1782359540.3494058,0.002101898193359375
98401,normal,3633,0,1782359540.351118,0.0017123222351074219
98402,normal,1556,0,1782359540.3531237,0.0020055770874023438
98403,normal,2270,0,1782359540.3550816,0.0019578933715820312
98404,normal,1650,0,1782359540.3571332,0.0020515918731689453
98405,normal,541,0,1782359540.3593388,0.0022056102752685547
98406,normal,3331,1,1782359540.3611262,0.001787424087524414
98407,normal,3571,0,1782359540.363306,0.002179861068725586
98408,normal,2047,0,1782359540.3651364,0.0018303394317626953
98409,normal,1942,0,1782359540.3673127,0.0021762847900390625
98410,normal,3507,0,1782359540.3691447,0.0018320083618164062
98411,normal,2076,0,1782359540.3712947,0.0021500587463378906
98412,normal,2814,0,1782359540.3733282,0.0020334720611572266
98413,normal,2544,0,1782359540.375113,0.0017848014831542969
98414,normal,1476,0,1782359540.3773212,0.002208232879638672
98415,normal,3314,1,1782359540.379314,0.0019927024841308594
98416,normal,1158,0,1782359540.3811445,0.0018305778503417969
98417,normal,2363,0,1782359540.3833025,0.002157926559448242
98418,normal,1811,0,1782359540.3853123,0.002009868621826172
98419,normal,1553,0,1782359540.3871138,0.0018014907836914062
98420,normal,2025,0,1782359540.389306,0.002192258834838867
98421,normal,1060,0,1782359540.3913202,0.00201416015625
98422,normal,1930,0,1782359540.3931394,0.0018191337585449219
98423,normal,799,2,1782359540.3953,0.0021605491638183594
98424,normal,1618,0,1782359540.3973165,0.0020165443420410156
98425,normal,216,0,1782359540.399113,0.0017964839935302734
98426,normal,35,0,1782359540.4013102,0.002197265625
98427,normal,37,0,1782359540.4033282,0.002017974853515625
98428,normal,3398,1,1782359540.4051356,0.0018074512481689453
98429,normal,3420,0,1782359540.407301,0.0021653175354003906
98430,normal,327,0,1782359540.4091153,0.0018143653869628906
98431,normal,2643,0,1782359540.4111378,0.0020225048065185547
98432,normal,1884,0,1782359540.4133117,0.002173900604248047
98433,normal,725,0,1782359540.4153101,0.001998424530029297
98434,normal,1057,0,1782359540.4171119,0.0018017292022705078
98435,normal,413,0,1782359540.4193099,0.0021979808807373047
98436,normal,2751,0,1782359540.4212937,0.0019838809967041016
98437,normal,617,0,1782359540.4231372,0.0018434524536132812
98438,normal,3670,0,1782359540.4253547,0.002217531204223633
98439,normal,916,2,1782359540.4271526,0.0017979145050048828
98440,normal,2448,0,1782359540.4293268,0.0021741390228271484
98441,normal,2422,0,1782359540.431137,0.001810312271118164
98442,normal,998,2,1782359540.433298,0.0021610260009765625
98443,normal,527,0,1782359540.4351408,0.0018427371978759766
98444,normal,206,0,1782359540.4372964,0.0021555423736572266
98445,normal,1281,0,1782359540.4393106,0.00201416015625
98446,normal,944,2,1782359540.4411125,0.0018019676208496094
98447,normal,2601,0,1782359540.4433095,0.0021970272064208984
98448,normal,616,0,1782359540.4452937,0.001984119415283203
98449,normal,608,0,1782359540.447135,0.0018413066864013672
98450,normal,3539,0,1782359540.4491446,0.0020096302032470703
98451,normal,1013,2,1782359540.4513557,0.0022110939025878906
98452,normal,547,0,1782359540.4531522,0.0017964839935302734
98453,normal,2250,0,1782359540.4553084,0.0021562576293945312
98454,normal,3287,1,1782359540.4572933,0.001984834671020508
98455,normal,2568,0,1782359540.4591374,0.001844167709350586
98456,normal,1181,0,1782359540.4613302,0.0021927356719970703
98457,normal,777,2,1782359540.463309,0.0019788742065429688
98458,normal,1898,0,1782359540.465109,0.0018000602722167969
98459,normal,80,0,1782359540.467138,0.002028942108154297
98460,normal,1841,0,1782359540.4692905,0.0021524429321289062
98461,normal,632,0,1782359540.4711487,0.0018582344055175781
98462,normal,246,0,1782359540.473294,0.0021452903747558594
98463,normal,476,0,1782359540.4753058,0.0020117759704589844
98464,normal,2608,0,1782359540.4771132,0.0018074512481689453
98465,normal,2241,0,1782359540.47932,0.0022068023681640625
98466,normal,662,0,1782359540.4811518,0.0018317699432373047
98467,normal,1620,0,1782359540.4833872,0.00223541259765625
98468,normal,1109,0,1782359540.4856272,0.0022399425506591797
98469,normal,576,0,1782359540.487174,0.0015468597412109375
98470,normal,2114,0,1782359540.489238,0.0020639896392822266
98471,normal,1753,0,1782359540.4911323,0.001894235610961914
98472,normal,233,0,1782359540.4930515,0.0019192695617675781
98473,normal,1365,1,1782359540.4950457,0.0019941329956054688
98474,normal,1745,0,1782359540.4971092,0.0020635128021240234
98475,normal,3043,0,1782359540.4990964,0.0019872188568115234
98476,normal,1239,0,1782359540.5011082,0.0020117759704589844
98477,normal,263,0,1782359540.5031173,0.002009153366088867
98478,normal,1915,0,1782359540.505097,0.0019795894622802734
98479,normal,3390,1,1782359540.5071373,0.002040386199951172
98480,normal,493,0,1782359540.5091107,0.001973390579223633
98481,normal,3377,1,1782359540.511283,0.002172231674194336
98482,normal,2100,0,1782359540.5131638,0.0018808841705322266
98483,normal,3434,0,1782359540.5152109,0.0020470619201660156
98484,normal,3155,1,1782359540.517338,0.0021271705627441406
98485,normal,2292,0,1782359540.51921,0.0018720626831054688
98486,normal,2959,0,1782359540.521319,0.0021088123321533203
98487,normal,2500,0,1782359540.5233219,0.0020029544830322266
98488,normal,131,0,1782359540.5252106,0.0018887519836425781
98489,normal,2298,0,1782359540.5272806,0.0020699501037597656
98490,normal,1404,0,1782359540.5292244,0.001943826675415039
98491,normal,1023,2,1782359540.53119,0.0019655227661132812
98492,normal,429,0,1782359540.5331616,0.001971721649169922
98493,normal,520,0,1782359540.5352097,0.002048015594482422
98494,normal,653,0,1782359540.5372424,0.002032756805419922
98495,normal,952,2,1782359540.5393767,0.0021343231201171875
98496,normal,3306,1,1782359540.5411906,0.0018138885498046875
98497,normal,89,0,1782359540.543232,0.002041339874267578
98498,normal,3198,1,1782359540.5453146,0.0020825862884521484
98499,normal,2971,0,1782359540.547316,0.002001523971557617
98500,normal,78,0,1782359540.549143,0.0018270015716552734
98501,normal,481,0,1782359540.5512738,0.002130746841430664
98502,normal,629,0,1782359540.5534072,0.0021333694458007812
98503,normal,397,0,1782359540.5553,0.0018928050994873047
98504,normal,1497,0,1782359540.5572715,0.0019714832305908203
98505,normal,3121,1,1782359540.5591993,0.0019278526306152344
98506,normal,1629,0,1782359540.5612342,0.002034902572631836
98507,normal,555,0,1782359540.5631528,0.0019185543060302734
98508,normal,2157,0,1782359540.5652714,0.0021185874938964844
98509,normal,2745,0,1782359540.5672817,0.002010345458984375
98510,normal,3519,0,1782359540.5691254,0.0018436908721923828
98511,normal,3237,1,1782359540.571199,0.002073526382446289
98512,normal,1636,0,1782359540.573197,0.0019979476928710938
98513,normal,1487,0,1782359540.57519,0.0019931793212890625
98514,normal,3149,1,1782359540.577215,0.0020248889923095703
98515,normal,2542,0,1782359540.579198,0.0019829273223876953
98516,normal,2043,0,1782359540.5812047,0.0020067691802978516
98517,normal,1134,0,1782359540.5832703,0.0020656585693359375
98518,normal,3096,1,1782359540.5851898,0.0019195079803466797
98519,normal,1891,0,1782359540.5871823,0.001992464065551758
98520,normal,633,0,1782359540.5891738,0.0019915103912353516
98521,normal,2300,0,1782359540.5911574,0.001983642578125
98522,normal,3197,1,1782359540.5932145,0.0020570755004882812
98523,normal,2885,0,1782359540.5953965,0.0021820068359375
98524,normal,2686,0,1782359540.5972054,0.0018088817596435547
98525,normal,2850,0,1782359540.5992966,0.0020911693572998047
98526,normal,643,0,1782359540.6012394,0.0019428730010986328
98527,normal,1468,0,1782359540.603221,0.001981496810913086
98528,normal,2681,0,1782359540.6052258,0.002004861831665039
98529,normal,1910,0,1782359540.6073465,0.0021207332611083984
98530,normal,3178,1,1782359540.6091118,0.0017652511596679688
98531,normal,3129,1,1782359540.6112986,0.0021867752075195312
98532,normal,2852,0,1782359540.6133115,0.002012968063354492
98533,normal,3625,0,1782359540.615406,0.0020945072174072266
98534,normal,396,0,1782359540.617186,0.0017800331115722656
98535,normal,1926,0,1782359540.6193984,0.0022122859954833984
98536,normal,3563,0,1782359540.6213708,0.0019724369049072266
98537,normal,2204,0,1782359540.6233494,0.001978635787963867
98538,normal,221,0,1782359540.6252897,0.0019402503967285156
98539,normal,3520,0,1782359540.6272478,0.001958131790161133
98540,normal,2580,0,1782359540.6291835,0.001935720443725586
98541,normal,1772,0,1782359540.6312027,0.002019166946411133
98542,normal,1714,0,1782359540.633083,0.0018804073333740234
98543,normal,2203,0,1782359540.6351764,0.0020933151245117188
98544,normal,2669,0,1782359540.6371853,0.0020089149475097656
98545,normal,1795,0,1782359540.6393108,0.0021255016326904297
98546,normal,2547,0,1782359540.6411078,0.0017969608306884766
98547,normal,2640,0,1782359540.6431794,0.0020716190338134766
98548,normal,1580,0,1782359540.6450791,0.00189971923828125
98549,normal,1286,0,1782359540.6472116,0.002132415771484375
98550,normal,3249,1,1782359540.6493402,0.00212860107421875
98551,normal,958,2,1782359540.6517098,0.0023696422576904297
98552,normal,219,0,1782359540.6532137,0.0015039443969726562
98553,normal,2528,0,1782359540.6552057,0.0019919872283935547
98554,normal,2550,0,1782359540.65739,0.0021843910217285156
98555,normal,1138,0,1782359540.6592546,0.0018644332885742188
98556,normal,2553,0,1782359540.6612446,0.001990079879760742
98557,normal,2106,0,1782359540.663274,0.0020294189453125
98558,normal,1522,0,1782359540.6651018,0.0018277168273925781
98559,normal,3108,1,1782359540.6671498,0.002048015594482422
98560,normal,378,0,1782359540.6690392,0.0018894672393798828
98561,normal,1330,1,1782359540.671141,0.0021016597747802734
98562,normal,2154,0,1782359540.673148,0.002007007598876953
98563,normal,2487,0,1782359540.6750853,0.0019373893737792969
98564,normal,3334,1,1782359540.6771724,0.002087116241455078
98565,normal,3648,0,1782359540.67917,0.0019974708557128906
98566,normal,2189,0,1782359540.6810803,0.0019104480743408203
98567,normal,2344,0,1782359540.6831155,0.0020351409912109375
98568,normal,2130,0,1782359540.6851666,0.002051115036010742
98569,normal,1244,0,1782359540.687186,0.0020194053649902344
98570,normal,207,0,1782359540.6891568,0.0019707679748535156
98571,normal,196,0,1782359540.6911597,0.0020029544830322266
98572,normal,1348,1,1782359540.6934052,0.0022454261779785156
98573,normal,3396,1,1782359540.6954722,0.002067089080810547
98574,normal,97,0,1782359540.6971278,0.00165557861328125
98575,normal,2115,0,1782359540.6990852,0.001957416534423828
98576,normal,2800,0,1782359540.7011468,0.002061605453491211
98577,normal,410,0,1782359540.7031422,0.0019953250885009766
98578,normal,1881,0,1782359540.7051597,0.002017498016357422
98579,normal,2524,0,1782359540.7072248,0.0020651817321777344
98580,normal,1424,0,1782359540.7092354,0.0020105838775634766
98581,normal,679,0,1782359540.7110963,0.0018608570098876953
98582,normal,1384,0,1782359540.7132547,0.0021584033966064453
98583,normal,2083,0,1782359540.715294,0.002039194107055664
98584,normal,3201,1,1782359540.7172143,0.001920461654663086
98585,normal,2729,0,1782359540.7191594,0.0019450187683105469
98586,normal,77,0,1782359540.7212527,0.0020933151245117188
98587,normal,2573,0,1782359540.7232077,0.0019550323486328125
98588,normal,2325,0,1782359540.7253168,0.002109050750732422
98589,normal,1449,0,1782359540.7271955,0.0018787384033203125
98590,normal,1460,0,1782359540.7290876,0.00189208984375
98591,normal,3629,0,1782359540.7312346,0.0021469593048095703
98592,normal,3494,0,1782359540.733238,0.0020034313201904297
98593,normal,185,0,1782359540.7351644,0.001926422119140625
98594,normal,2234,0,1782359540.7372303,0.002065896987915039
98595,normal,1606,0,1782359540.739232,0.0020017623901367188
98596,normal,2846,0,1782359540.7411733,0.0019412040710449219
98597,normal,2267,0,1782359540.743349,0.0021758079528808594
98598,normal,1344,1,1782359540.74522,0.001870870590209961
98599,normal,3257,1,1782359540.7470756,0.001855611801147461
98600,normal,842,2,1782359540.7492218,0.0021462440490722656
98601,normal,1671,0,1782359540.7512734,0.0020515918731689453
98602,normal,861,2,1782359540.7531662,0.0018928050994873047
98603,normal,2361,0,1782359540.7552724,0.002106189727783203
98604,normal,858,2,1782359540.7572818,0.0020093917846679688
98605,normal,1231,0,1782359540.759228,0.0019462108612060547
98606,normal,2436,0,1782359540.7613053,0.002077341079711914
98607,normal,3324,1,1782359540.7632554,0.0019500255584716797
98608,normal,2705,0,1782359540.7651834,0.001928091049194336
98609,normal,1792,0,1782359540.7672873,0.0021038055419921875
98610,normal,2426,0,1782359540.7692292,0.0019419193267822266
98611,normal,676,0,1782359540.7711594,0.00193023681640625
98612,normal,1826,0,1782359540.7732255,0.0020661354064941406
98613,normal,3457,0,1782359540.7753742,0.0021486282348632812
98614,normal,526,0,1782359540.7772133,0.0018391609191894531
98615,normal,2735,0,1782359540.7793002,0.0020868778228759766
98616,normal,673,0,1782359540.7813165,0.002016305923461914
98617,normal,245,0,1782359540.7834291,0.0021126270294189453
98618,normal,934,2,1782359540.7851315,0.0017023086547851562
98619,normal,2136,0,1782359540.787339,0.002207517623901367
98620,normal,2651,0,1782359540.7891908,0.001851797103881836
98621,normal,1471,0,1782359540.7912092,0.002018451690673828
98622,normal,3675,0,1782359540.7932198,0.0020105838775634766
98623,normal,3010,0,1782359540.7951553,0.0019354820251464844
98624,normal,153,0,1782359540.7972276,0.0020723342895507812
98625,normal,1733,0,1782359540.7993076,0.0020799636840820312
98626,normal,2095,0,1782359540.8011456,0.0018379688262939453
98627,normal,812,2,1782359540.8032203,0.002074718475341797
98628,normal,345,0,1782359540.8052197,0.001999378204345703
98629,normal,3156,1,1782359540.8073978,0.002178192138671875
98630,normal,1126,0,1782359540.809458,0.0020601749420166016
98631,normal,1533,0,1782359540.8112397,0.0017817020416259766
98632,normal,516,0,1782359540.8131974,0.0019576549530029297
98633,normal,2793,0,1782359540.8152654,0.002068042755126953
98634,normal,3460,0,1782359540.8172715,0.002006053924560547
98635,normal,3137,1,1782359540.8192935,0.0020220279693603516
98636,normal,385,0,1782359540.821322,0.0020284652709960938
98637,normal,3708,0,1782359540.823192,0.0018699169158935547
98638,normal,2227,0,1782359540.8251898,0.0019979476928710938
98639,normal,2577,0,1782359540.8273194,0.0021295547485351562
98640,normal,1535,0,1782359540.8291514,0.0018320083618164062
98641,normal,1436,0,1782359540.831175,0.0020236968994140625
98642,normal,1589,0,1782359540.8332043,0.0020291805267333984
98643,normal,2149,0,1782359540.835207,0.002002716064453125
98644,normal,1558,0,1782359540.8371892,0.0019822120666503906
98645,normal,2017,0,1782359540.839438,0.0022487640380859375
98646,normal,2874,0,1782359540.841546,0.0021080970764160156
98647,normal,1226,0,1782359540.8430765,0.0015304088592529297
98648,normal,2101,0,1782359540.8451762,0.002099752426147461
98649,normal,3130,1,1782359540.8472054,0.0020291805267333984
98650,normal,966,2,1782359540.849112,0.0019066333770751953
98651,normal,1490,0,1782359540.8512378,0.0021257400512695312
98652,normal,1692,0,1782359540.8532784,0.0020406246185302734
98653,normal,1182,0,1782359540.855151,0.0018725395202636719
98654,normal,584,0,1782359540.8572147,0.002063751220703125
98655,normal,1865,0,1782359540.859274,0.0020592212677001953
98656,normal,2022,0,1782359540.8611183,0.0018444061279296875
98657,normal,3226,1,1782359540.8631668,0.002048492431640625
98658,normal,2525,0,1782359540.8651712,0.002004384994506836
98659,normal,2008,0,1782359540.8671474,0.0019762516021728516
98660,normal,1299,0,1782359540.8691778,0.0020303726196289062
98661,normal,3660,0,1782359540.871184,0.0020062923431396484
98662,normal,1702,0,1782359540.873163,0.0019788742065429688
98663,normal,3303,1,1782359540.8751357,0.001972675323486328
98664,normal,1055,0,1782359540.8772202,0.002084493637084961
98665,normal,1319,1,1782359540.8791919,0.001971721649169922
98666,normal,3409,0,1782359540.8812077,0.002015829086303711
98667,normal,151,0,1782359540.883214,0.0020062923431396484
98668,normal,3531,0,1782359540.8851755,0.0019614696502685547
98669,normal,685,0,1782359540.8871503,0.001974821090698242
98670,normal,234,0,1782359540.8892283,0.0020780563354492188
98671,normal,1943,0,1782359540.8911498,0.0019214153289794922
98672,normal,1718,0,1782359540.8931878,0.0020380020141601562
98673,normal,1237,0,1782359540.8951907,0.0020029544830322266
98674,normal,2065,0,1782359540.8970644,0.0018737316131591797
98675,normal,1588,0,1782359540.8990996,0.0020351409912109375
98676,normal,1155,0,1782359540.9010873,0.0019876956939697266
98677,normal,1309,0,1782359540.903162,0.002074718475341797
98678,normal,927,2,1782359540.9052093,0.002047300338745117
98679,normal,3443,0,1782359540.907313,0.0021038055419921875
98680,normal,3059,1,1782359540.9090574,0.0017442703247070312
98681,normal,1397,0,1782359540.9111083,0.0020508766174316406
98682,normal,3602,0,1782359540.9131854,0.0020771026611328125
98683,normal,1791,0,1782359540.91519,0.0020046234130859375
98684,normal,823,2,1782359540.917195,0.0020051002502441406
98685,normal,2720,0,1782359540.9192207,0.002025604248046875
98686,normal,3418,0,1782359540.9212189,0.0019981861114501953
98687,normal,2508,0,1782359540.9231958,0.0019769668579101562
98688,normal,660,0,1782359540.9252279,0.002032041549682617
98689,normal,1097,0,1782359540.9271805,0.0019526481628417969
98690,normal,308,0,1782359540.9291992,0.0020186901092529297
98691,normal,3253,1,1782359540.9312496,0.0020503997802734375
98692,normal,3509,0,1782359540.9331386,0.0018889904022216797
98693,normal,1601,0,1782359540.9351919,0.0020532608032226562
98694,normal,2373,0,1782359540.9371812,0.0019893646240234375
98695,normal,1621,0,1782359540.9392068,0.002025604248046875
98696,normal,452,0,1782359540.941228,0.0020210742950439453
98697,normal,2933,0,1782359540.943192,0.001964092254638672
98698,normal,3677,0,1782359540.9452507,0.002058744430541992
98699,normal,3469,0,1782359540.947482,0.0022313594818115234
98700,normal,2089,0,1782359540.949262,0.001779794692993164
98701,normal,2615,0,1782359540.9514117,0.002149820327758789
98702,normal,1007,2,1782359540.9533148,0.0019030570983886719
98703,normal,2767,0,1782359540.955275,0.001960277557373047
98704,normal,3079,1,1782359540.957195,0.0019199848175048828
98705,normal,2393,0,1782359540.9592998,0.0021047592163085938
98706,normal,2934,0,1782359540.961184,0.0018842220306396484
98707,normal,1888,0,1782359540.9634166,0.0022325515747070312
98708,normal,1485,0,1782359540.9650953,0.0016787052154541016
98709,normal,910,2,1782359540.967278,0.0021827220916748047
98710,normal,369,0,1782359540.9691803,0.0019023418426513672
98711,normal,1336,1,1782359540.9712856,0.002105236053466797
98712,normal,688,0,1782359540.973713,0.002427339553833008
98713,normal,3004,0,1782359540.9752085,0.0014955997467041016
98714,normal,2536,0,1782359540.9772024,0.001993894577026367
98715,normal,2355,0,1782359540.97919,0.0019876956939697266
98716,normal,1538,0,1782359540.9812367,0.0020465850830078125
98717,normal,436,0,1782359540.9833267,0.002089977264404297
98718,normal,2861,0,1782359540.9854546,0.0021278858184814453
98719,normal,108,0,1782359540.9871154,0.0016608238220214844
98720,normal,3588,0,1782359540.989246,0.0021305084228515625
98721,normal,183,0,1782359540.991242,0.0019960403442382812
98722,normal,3661,0,1782359540.993181,0.0019390583038330078
98723,normal,1018,2,1782359540.9952433,0.0020623207092285156
98724,normal,983,2,1782359540.9974163,0.0021729469299316406
98725,normal,549,0,1782359540.9991891,0.0017728805541992188
98726,normal,2407,0,1782359541.0012877,0.002098560333251953
98727,normal,1597,0,1782359541.0033,0.0020122528076171875
98728,normal,913,2,1782359541.005253,0.001953125
98729,normal,1197,0,1782359541.0072267,0.0019736289978027344
98730,normal,1011,2,1782359541.009452,0.0022253990173339844
98731,normal,1442,0,1782359541.0112247,0.0017726421356201172
98732,normal,601,0,1782359541.0131814,0.0019567012786865234
98733,normal,1770,0,1782359541.0152984,0.0021169185638427734
98734,normal,379,0,1782359541.0172055,0.0019071102142333984
98735,normal,1867,0,1782359541.0192022,0.001996755599975586
98736,normal,1892,0,1782359541.0212214,0.002019166946411133
98737,normal,1125,0,1782359541.0231667,0.0019452571868896484
98738,normal,3000,0,1782359541.0251555,0.0019888877868652344
98739,normal,1789,0,1782359541.0272534,0.0020978450775146484
98740,normal,1447,0,1782359541.0291662,0.001912832260131836
98741,normal,310,0,1782359541.0312314,0.0020651817321777344
98742,normal,3042,0,1782359541.0333383,0.002106904983520508
98743,normal,3077,1,1782359541.0351682,0.0018298625946044922
98744,normal,3623,0,1782359541.037295,0.002126932144165039
98745,normal,1114,0,1782359541.0393586,0.0020635128021240234
98746,normal,1378,1,1782359541.041193,0.0018343925476074219
98747,normal,907,2,1782359541.0433426,0.0021495819091796875
98748,normal,1674,0,1782359541.0452476,0.0019049644470214844
98749,normal,2457,0,1782359541.0473802,0.0021326541900634766
98750,normal,3560,0,1782359541.0491219,0.001741647720336914
98751,normal,2777,0,1782359541.051304,0.0021822452545166016
98752,normal,3565,0,1782359541.0531986,0.0018944740295410156
98753,normal,700,0,1782359541.0551956,0.0019969940185546875
98754,normal,1804,0,1782359541.0573046,0.002109050750732422
98755,normal,2021,0,1782359541.0592003,0.0018956661224365234
98756,normal,987,2,1782359541.061309,0.0021088123321533203
98757,normal,3019,0,1782359541.0632083,0.0018992424011230469
98758,normal,3097,1,1782359541.06534,0.0021317005157470703
98759,normal,3577,0,1782359541.067223,0.0018830299377441406
98760,normal,1462,0,1782359541.069315,0.0020918846130371094
98761,normal,3332,1,1782359541.0712032,0.001888275146484375
98762,normal,2068,0,1782359541.073299,0.0020956993103027344
98763,normal,485,0,1782359541.0752916,0.0019927024841308594
98764,normal,2602,0,1782359541.077178,0.0018863677978515625
98765,normal,3072,1,1782359541.0792859,0.002107858657836914
98766,normal,2038,0,1782359541.0813186,0.002032756805419922
98767,normal,1830,0,1782359541.0832422,0.0019235610961914062
98768,normal,1806,0,1782359541.0852082,0.0019659996032714844
98769,normal,2246,0,1782359541.0872686,0.002060413360595703
98770,normal,3528,0,1782359541.0891883,0.0019197463989257812
98771,normal,1419,0,1782359541.0912516,0.002063274383544922
98772,normal,1091,0,1782359541.0932357,0.001984119415283203
98773,normal,398,0,1782359541.0951657,0.0019299983978271484
98774,normal,3194,1,1782359541.09724,0.0020742416381835938
98775,normal,391,0,1782359541.0993347,0.002094745635986328
98776,normal,1093,0,1782359541.1011467,0.001811981201171875
98777,normal,1531,0,1782359541.1033487,0.0022020339965820312
98778,normal,2755,0,1782359541.105245,0.0018963813781738281
98779,normal,841,2,1782359541.1072428,0.001997709274291992
98780,normal,2605,0,1782359541.109303,0.0020601749420166016
98781,normal,184,0,1782359541.1113434,0.002040386199951172
98782,normal,22,0,1782359541.113152,0.0018086433410644531
98783,normal,1386,0,1782359541.1152442,0.002092123031616211
98784,normal,2316,0,1782359541.1172245,0.001980304718017578
98785,normal,2561,0,1782359541.119157,0.0019326210021972656
98786,normal,3618,0,1782359541.1212828,0.0021257400512695312
98787,normal,1730,0,1782359541.1232233,0.0019404888153076172
98788,normal,82,0,1782359541.125154,0.0019307136535644531
98789,normal,2131,0,1782359541.1272304,0.002076387405395508
98790,normal,2824,0,1782359541.1302288,0.00299835205078125
98791,normal,1836,0,1782359541.1310978,0.0008690357208251953
98792,normal,3504,0,1782359541.1337547,0.0026569366455078125
98793,normal,2383,0,1782359541.1353502,0.0015954971313476562
98794,normal,11,0,1782359541.1371386,0.0017883777618408203
98795,normal,3027,0,1782359541.139288,0.002149343490600586
98796,normal,2950,0,1782359541.1412697,0.0019817352294921875
98797,normal,2039,0,1782359541.1432061,0.0019364356994628906
98798,normal,3551,0,1782359541.1453276,0.002121448516845703
98799,normal,2112,0,1782359541.1472423,0.0019147396087646484
98800,normal,1323,1,1782359541.1491034,0.0018610954284667969
98801,normal,3119,1,1782359541.1512494,0.002146005630493164
98802,normal,364,0,1782359541.1532793,0.002029895782470703
98803,normal,723,0,1782359541.1552048,0.0019254684448242188
98804,normal,1137,0,1782359541.157526,0.0023212432861328125
98805,normal,281,0,1782359541.159384,0.0018579959869384766
98806,normal,2132,0,1782359541.1612017,0.0018177032470703125
98807,normal,2627,0,1782359541.1632645,0.0020627975463867188
98808,normal,2911,0,1782359541.1653469,0.002082347869873047
98809,normal,3210,1,1782359541.1671817,0.001834869384765625
98810,normal,1201,0,1782359541.1692662,0.002084493637084961
98811,normal,878,2,1782359541.171465,0.0021986961364746094
98812,normal,3286,1,1782359541.1732373,0.0017724037170410156
98813,normal,1081,0,1782359541.175224,0.0019867420196533203
98814,normal,1966,0,1782359541.1774452,0.0022211074829101562
98815,normal,1817,0,1782359541.179419,0.001973867416381836
98816,normal,2785,0,1782359541.181146,0.0017268657684326172
98817,normal,85,0,1782359541.1832469,0.0021009445190429688
98818,normal,3256,1,1782359541.185187,0.0019402503967285156
98819,normal,1369,1,1782359541.1871612,0.0019741058349609375
98820,normal,1263,0,1782359541.1892498,0.0020885467529296875
98821,normal,1047,0,1782359541.1911924,0.0019426345825195312
98822,normal,79,0,1782359541.193166,0.0019736289978027344
98823,normal,543,0,1782359541.1952622,0.0020961761474609375
98824,normal,765,0,1782359541.1972337,0.0019714832305908203
98825,normal,3693,0,1782359541.199304,0.0020704269409179688
98826,normal,309,0,1782359541.2013204,0.002016305923461914
98827,normal,3467,0,1782359541.2032044,0.0018839836120605469
98828,normal,1894,0,1782359541.2052782,0.0020737648010253906
98829,normal,297,0,1782359541.207282,0.002003908157348633
98830,normal,3184,1,1782359541.2091713,0.0018892288208007812
98831,normal,3297,1,1782359541.2112916,0.0021202564239501953
98832,normal,125,0,1782359541.2132628,0.0019712448120117188
98833,normal,1373,1,1782359541.2152023,0.001939535140991211
98834,normal,412,0,1782359541.2171707,0.0019683837890625
98835,normal,3265,1,1782359541.2192686,0.0020978450775146484
98836,normal,3580,0,1782359541.2211893,0.0019207000732421875
98837,normal,286,0,1782359541.2232783,0.0020890235900878906
98838,normal,2285,0,1782359541.225249,0.0019707679748535156
98839,normal,1225,0,1782359541.2272,0.001950979232788086
98840,normal,806,2,1782359541.2293475,0.0021474361419677734
98841,normal,2465,0,1782359541.2312121,0.0018646717071533203
98842,normal,3416,0,1782359541.2332697,0.0020575523376464844
98843,normal,2980,0,1782359541.2351913,0.0019216537475585938
98844,normal,1704,0,1782359541.237269,0.0020775794982910156
98845,normal,2215,0,1782359541.2391849,0.0019159317016601562
98846,normal,3013,0,1782359541.2412882,0.0021033287048339844
98847,normal,478,0,1782359541.2432985,0.002010345458984375
98848,normal,1241,0,1782359541.2452722,0.0019736289978027344
98849,normal,2011,0,1782359541.2471702,0.001898050308227539
98850,normal,1736,0,1782359541.2493043,0.002134084701538086
98851,normal,2953,0,1782359541.2512174,0.0019130706787109375
98852,normal,1549,0,1782359541.2532134,0.0019960403442382812
98853,normal,2713,0,1782359541.2552752,0.0020618438720703125
98854,normal,1771,0,1782359541.2571833,0.0019080638885498047
98855,normal,2015,0,1782359541.259249,0.0020656585693359375
98856,normal,3323,1,1782359541.2613146,0.0020656585693359375
98857,normal,3215,1,1782359541.2632604,0.0019457340240478516
98858,normal,1802,0,1782359541.2653356,0.0020751953125
98859,normal,2399,0,1782359541.2672777,0.0019421577453613281
98860,normal,941,2,1782359541.2693865,0.0021088123321533203
98861,normal,258,0,1782359541.2711833,0.001796722412109375
98862,normal,261,0,1782359541.2733727,0.0021893978118896484
98863,normal,2074,0,1782359541.2753143,0.001941680908203125
98864,normal,2337,0,1782359541.2771564,0.0018420219421386719
98865,normal,2332,0,1782359541.279281,0.0021245479583740234
98866,normal,1652,0,1782359541.2811813,0.0019004344940185547
98867,normal,2784,0,1782359541.2832422,0.0020608901977539062
98868,normal,2357,0,1782359541.2853193,0.0020771026611328125
98869,normal,2673,0,1782359541.287178,0.0018587112426757812
98870,normal,2663,0,1782359541.289238,0.0020599365234375
98871,normal,3622,0,1782359541.2912364,0.001998424530029297
98872,normal,2438,0,1782359541.29317,0.0019335746765136719
98873,normal,1829,0,1782359541.2957494,0.0025794506072998047
98874,normal,3371,1,1782359541.2973397,0.0015902519226074219
98875,normal,714,0,1782359541.2991326,0.00179290771484375
98876,normal,2647,0,1782359541.3012729,0.0021402835845947266
98877,normal,3389,1,1782359541.3032837,0.002010822296142578
98878,normal,2205,0,1782359541.3052104,0.0019266605377197266
98879,normal,602,0,1782359541.3073459,0.0021355152130126953
98880,normal,3015,0,1782359541.3093235,0.001977682113647461
98881,normal,3272,1,1782359541.311206,0.0018825531005859375
98882,normal,2242,0,1782359541.3132706,0.0020644664764404297
98883,normal,3445,0,1782359541.3152788,0.002008199691772461
98884,normal,1933,0,1782359541.3172116,0.0019328594207763672
98885,normal,897,2,1782359541.3192875,0.0020759105682373047
98886,normal,3695,0,1782359541.321311,0.002023458480834961
98887,normal,1358,1,1782359541.3232405,0.0019295215606689453
98888,normal,3417,0,1782359541.3252878,0.002047300338745117
98889,normal,3403,0,1782359541.3273923,0.002104520797729492
98890,normal,3615,0,1782359541.3296492,0.0022568702697753906
98891,normal,1778,0,1782359541.3311927,0.0015435218811035156
98892,normal,220,0,1782359541.3332894,0.0020966529846191406
98893,normal,1208,0,1782359541.335229,0.001939535140991211
98894,normal,596,0,1782359541.337308,0.002079010009765625
98895,normal,3487,0,1782359541.3393266,0.0020186901092529297
98896,normal,3454,0,1782359541.3412683,0.001941680908203125
98897,normal,546,0,1782359541.3433337,0.002065420150756836
98898,normal,2642,0,1782359541.3453355,0.0020017623901367188
98899,normal,773,2,1782359541.3473399,0.002004384994506836
98900,normal,3024,0,1782359541.3496222,0.002282381057739258
98901,normal,2715,0,1782359541.351188,0.001565694808959961
98902,normal,1350,1,1782359541.3531537,0.001965761184692383
98903,normal,3258,1,1782359541.3553405,0.0021867752075195312
98904,normal,1952,0,1782359541.3573074,0.0019669532775878906
98905,normal,3185,1,1782359541.3592308,0.0019233226776123047
98906,normal,503,0,1782359541.361176,0.0019452571868896484
98907,normal,2619,0,1782359541.3632023,0.0020263195037841797
98908,normal,3141,1,1782359541.3651054,0.0019030570983886719
98909,normal,86,0,1782359541.3672087,0.0021033287048339844
98910,normal,3386,1,1782359541.369222,0.0020132064819335938
98911,normal,333,0,1782359541.3712351,0.0020132064819335938
98912,normal,1380,1,1782359541.3732119,0.0019767284393310547
98913,normal,2148,0,1782359541.3751805,0.0019686222076416016
98914,normal,1450,0,1782359541.3772085,0.0020279884338378906
98915,normal,2356,0,1782359541.3791254,0.0019168853759765625
98916,normal,2701,0,1782359541.3812318,0.0021064281463623047
98917,normal,1439,0,1782359541.3832302,0.001998424530029297
98918,normal,1725,0,1782359541.3850658,0.0018355846405029297
98919,normal,3388,1,1782359541.3872018,0.0021359920501708984
98920,normal,1428,0,1782359541.3891902,0.0019884109497070312
98921,normal,2467,0,1782359541.3911893,0.0019991397857666016
98922,normal,2925,0,1782359541.393209,0.002019643783569336
98923,normal,486,0,1782359541.395193,0.001984119415283203
98924,normal,2748,0,1782359541.397201,0.0020079612731933594
98925,normal,768,0,1782359541.3992093,0.002008199691772461
98926,normal,1475,0,1782359541.401209,0.0019998550415039062
98927,normal,2555,0,1782359541.4032423,0.002033233642578125
98928,normal,683,0,1782359541.4052358,0.001993417739868164
98929,normal,2197,0,1782359541.4071383,0.0019025802612304688
98930,normal,1777,0,1782359541.4092038,0.002065420150756836
98931,normal,918,2,1782359541.4111063,0.0019025802612304688
98932,normal,2880,0,1782359541.4131978,0.0020914077758789062
98933,normal,312,0,1782359541.41522,0.002022266387939453
98934,normal,2865,0,1782359541.4172237,0.0020036697387695312
98935,normal,675,0,1782359541.419242,0.0020182132720947266
98936,normal,3142,1,1782359541.4212174,0.001975536346435547
98937,normal,1984,0,1782359541.4232285,0.0020110607147216797
98938,normal,3060,1,1782359541.4253087,0.002080202102661133
98939,normal,2364,0,1782359541.4272013,0.0018925666809082031
98940,normal,1688,0,1782359541.4292314,0.0020301342010498047
98941,normal,3275,1,1782359541.4312096,0.001978158950805664
98942,normal,2376,0,1782359541.433136,0.001926422119140625
98943,normal,3036,0,1782359541.435197,0.002061128616333008
98944,normal,1600,0,1782359541.4372163,0.002019166946411133
98945,normal,3352,1,1782359541.4392867,0.0020704269409179688
98946,normal,2362,0,1782359541.4412427,0.0019559860229492188
98947,normal,416,0,1782359541.4432938,0.002051115036010742
98948,normal,2228,0,1782359541.4451487,0.0018548965454101562
98949,normal,977,2,1782359541.4472976,0.002148866653442383
98950,normal,1035,0,1782359541.449102,0.001804351806640625
98951,normal,1886,0,1782359541.4512863,0.0021843910217285156
98952,normal,1591,0,1782359541.453272,0.001985788345336914
98953,normal,1871,0,1782359541.4551678,0.0018956661224365234
98954,normal,42,0,1782359541.4571676,0.0019998550415039062
98955,normal,238,0,1782359541.459196,0.0020284652709960938
98956,normal,304,0,1782359541.4612021,0.002006053924560547
98957,normal,832,2,1782359541.4632332,0.002031087875366211
98958,normal,3532,0,1782359541.4652157,0.001982450485229492
98959,normal,2167,0,1782359541.4671655,0.0019497871398925781
98960,normal,3380,1,1782359541.469097,0.0019314289093017578
98961,normal,2456,0,1782359541.4711823,0.002085447311401367
98962,normal,2733,0,1782359541.4731097,0.0019273757934570312
98963,normal,1992,0,1782359541.4756293,0.0025196075439453125
98964,normal,3634,0,1782359541.4772327,0.0016033649444580078
98965,normal,3092,1,1782359541.4791162,0.0018835067749023438
98966,normal,769,0,1782359541.4812005,0.0020842552185058594
98967,normal,1117,0,1782359541.4832082,0.002007722854614258
98968,normal,2297,0,1782359541.4852166,0.0020084381103515625
98969,normal,734,0,1782359541.48727,0.002053499221801758
98970,normal,1025,2,1782359541.4892354,0.0019652843475341797
98971,normal,2005,0,1782359541.491201,0.0019655227661132812
98972,normal,2903,0,1782359541.493197,0.0019960403442382812
98973,normal,1969,0,1782359541.495203,0.002006053924560547
98974,normal,2907,0,1782359541.4972026,0.0019996166229248047
98975,normal,2138,0,1782359541.4992065,0.002003908157348633
98976,normal,1324,1,1782359541.50131,0.002103567123413086
98977,normal,2604,0,1782359541.5031545,0.0018444061279296875
98978,normal,649,0,1782359541.50527,0.002115488052368164
98979,normal,2572,0,1782359541.5072355,0.0019655227661132812
98980,normal,2527,0,1782359541.5092368,0.0020012855529785156
98981,normal,3360,1,1782359541.5112205,0.001983642578125
98982,normal,1658,0,1782359541.5133145,0.0020940303802490234
98983,normal,2378,0,1782359541.5152006,0.001886129379272461
98984,normal,1269,0,1782359541.5171938,0.0019931793212890625
98985,normal,1118,0,1782359541.5192094,0.0020155906677246094
98986,normal,1647,0,1782359541.52119,0.0019805431365966797
98987,normal,3266,1,1782359541.523158,0.0019681453704833984
98988,normal,2569,0,1782359541.5250905,0.001932382583618164
98989,normal,3165,1,1782359541.52714,0.0020494461059570312
98990,normal,2512,0,1782359541.5290718,0.001931905746459961
98991,normal,3180,1,1782359541.5310879,0.0020160675048828125
98992,normal,1962,0,1782359541.5330865,0.0019986629486083984
98993,normal,2697,0,1782359541.5350497,0.0019631385803222656
98994,normal,2658,0,1782359541.537176,0.0021262168884277344
98995,normal,3023,0,1782359541.539204,0.0020279884338378906
98996,normal,1971,0,1782359541.5412166,0.0020127296447753906
98997,normal,2211,0,1782359541.543244,0.002027273178100586
98998,normal,2216,0,1782359541.5452306,0.0019867420196533203
98999,normal,1700,0,1782359541.5471668,0.001936197280883789
99000,normal,2778,0,1782359541.5492141,0.002047300338745117
99001,normal,935,2,1782359541.5511878,0.0019736289978027344
99002,normal,1625,0,1782359541.5532389,0.002051115036010742
99003,normal,168,0,1782359541.5552406,0.0020017623901367188
99004,normal,440,0,1782359541.557108,0.0018672943115234375
99005,normal,3354,1,1782359541.5592008,0.0020928382873535156
99006,normal,2806,0,1782359541.5611982,0.0019974708557128906
99007,normal,3203,1,1782359541.563199,0.0020008087158203125
99008,normal,3351,1,1782359541.5650742,0.001875162124633789
99009,normal,239,0,1782359541.5672023,0.002128124237060547
99010,normal,874,2,1782359541.5691724,0.001970052719116211
99011,normal,1534,0,1782359541.5712123,0.0020399093627929688
99012,normal,66,0,1782359541.5732121,0.0019998550415039062
99013,normal,3030,0,1782359541.575264,0.002051830291748047
99014,normal,311,0,1782359541.5770783,0.0018143653869628906
99015,normal,3305,1,1782359541.5791988,0.002120494842529297
99016,normal,2779,0,1782359541.581206,0.0020072460174560547
99017,normal,1321,1,1782359541.5831797,0.0019736289978027344
99018,normal,2716,0,1782359541.5851998,0.002020120620727539
99019,normal,83,0,1782359541.587204,0.0020041465759277344
99020,normal,174,0,1782359541.5892,0.0019960403442382812
99021,normal,3126,1,1782359541.591151,0.001950979232788086
99022,normal,2067,0,1782359541.5932734,0.0021224021911621094
99023,normal,3109,1,1782359541.5951939,0.001920461654663086
99024,normal,2447,0,1782359541.5973136,0.002119779586791992
99025,normal,109,0,1782359541.5991216,0.0018079280853271484
99026,normal,3088,1,1782359541.6011224,0.0020008087158203125
99027,normal,167,0,1782359541.603309,0.0021865367889404297
99028,normal,2916,0,1782359541.6050513,0.0017423629760742188
99029,normal,1724,0,1782359541.607166,0.0021147727966308594
99030,normal,2428,0,1782359541.6091623,0.001996278762817383
99031,normal,1801,0,1782359541.6112394,0.0020771026611328125
99032,normal,2212,0,1782359541.6130877,0.0018482208251953125
99033,normal,3003,0,1782359541.61518,0.0020923614501953125
99034,normal,1107,0,1782359541.6170957,0.0019156932830810547
99035,normal,2967,0,1782359541.6191146,0.0020189285278320312
99036,normal,588,0,1782359541.6211863,0.0020716190338134766
99037,normal,414,0,1782359541.6230896,0.0019032955169677734
99038,normal,1735,0,1782359541.625133,0.002043485641479492
99039,normal,359,0,1782359541.6271658,0.002032756805419922
99040,normal,614,0,1782359541.6290329,0.001867055892944336
99041,normal,3312,1,1782359541.6311088,0.0020759105682373047
99042,normal,2598,0,1782359541.6331067,0.0019979476928710938
99043,normal,711,0,1782359541.6351426,0.002035856246948242
99044,normal,3139,1,1782359541.6370356,0.0018930435180664062
99045,normal,1825,0,1782359541.6391058,0.002070188522338867
99046,normal,3290,1,1782359541.6411045,0.0019986629486083984
99047,normal,846,2,1782359541.6430273,0.0019228458404541016
99048,normal,3550,0,1782359541.645115,0.0020875930786132812
99049,normal,3523,0,1782359541.6474898,0.002374887466430664
99050,normal,2558,0,1782359541.64919,0.0017001628875732422
99051,normal,3462,0,1782359541.651126,0.0019359588623046875
99052,normal,971,2,1782359541.6530445,0.0019185543060302734
99053,normal,719,0,1782359541.655127,0.0020825862884521484
99054,normal,2506,0,1782359541.6571233,0.001996278762817383
99055,normal,2514,0,1782359541.6591203,0.0019969940185546875
99056,normal,3484,0,1782359541.6611216,0.0020012855529785156
99057,normal,1669,0,1782359541.6631112,0.001989603042602539
99058,normal,2674,0,1782359541.6650352,0.0019240379333496094
99059,normal,494,0,1782359541.6671212,0.0020859241485595703
99060,normal,201,0,1782359541.669121,0.0019998550415039062
99061,normal,2134,0,1782359541.6710477,0.0019266605377197266
99062,normal,236,0,1782359541.6732373,0.00218963623046875
99063,normal,3065,1,1782359541.6752076,0.0019702911376953125
99064,normal,2734,0,1782359541.6770842,0.0018765926361083984
99065,normal,2921,0,1782359541.6790843,0.002000093460083008
99066,normal,3557,0,1782359541.6811922,0.002107858657836914
99067,normal,1594,0,1782359541.6830792,0.0018870830535888672
99068,normal,3490,0,1782359541.6851242,0.0020449161529541016
99069,normal,232,0,1782359541.687313,0.0021889209747314453
99070,normal,2352,0,1782359541.689141,0.0018279552459716797
99071,normal,2240,0,1782359541.6910653,0.001924276351928711
99072,normal,779,2,1782359541.69319,0.002124786376953125
99073,normal,2359,0,1782359541.69512,0.0019299983978271484
99074,normal,2871,0,1782359541.6970644,0.0019443035125732422
99075,normal,1876,0,1782359541.6991343,0.0020699501037597656
99076,normal,578,0,1782359541.7010446,0.0019102096557617188
99077,normal,814,2,1782359541.7031257,0.002081155776977539
99078,normal,771,0,1782359541.7051213,0.001995563507080078
99079,normal,3293,1,1782359541.7071245,0.002003192901611328
99080,normal,269,0,1782359541.7090454,0.001920938491821289
99081,normal,1288,0,1782359541.7111216,0.0020761489868164062
99082,normal,2180,0,1782359541.7130585,0.0019369125366210938
99083,normal,1188,0,1782359541.7151747,0.0021162033081054688
99084,normal,3659,0,1782359541.7171671,0.001992464065551758
99085,normal,1293,0,1782359541.719059,0.0018918514251708984
99086,normal,1626,0,1782359541.7211277,0.002068758010864258
99087,normal,3538,0,1782359541.7231376,0.002009868621826172
99088,normal,2347,0,1782359541.7251027,0.001965045928955078
99089,normal,989,2,1782359541.7270896,0.001986980438232422
99090,normal,3449,0,1782359541.7301872,0.0030975341796875
99091,normal,801,2,1782359541.73109,0.0009028911590576172
99092,normal,1758,0,1782359541.7332313,0.002141237258911133
99093,normal,2258,0,1782359541.7352204,0.001989126205444336
99094,normal,3122,1,1782359541.737061,0.0018405914306640625
99095,normal,3263,1,1782359541.7391784,0.0021173954010009766
99096,normal,3103,1,1782359541.7411213,0.0019428730010986328
99097,normal,382,0,1782359541.7432418,0.002120494842529297
99098,normal,1230,0,1782359541.7451823,0.0019404888153076172
99099,normal,2518,0,1782359541.747325,0.002142667770385742
99100,normal,955,2,1782359541.7491484,0.00182342529296875
99101,normal,138,0,1782359541.7510514,0.0019030570983886719
99102,normal,2997,0,1782359541.753178,0.002126455307006836
99103,normal,260,0,1782359541.7550418,0.0018639564514160156
99104,normal,437,0,1782359541.7571628,0.0021209716796875
99105,normal,463,0,1782359541.759145,0.0019822120666503906
99106,normal,283,0,1782359541.761041,0.001895904541015625
99107,normal,545,0,1782359541.7631524,0.0021114349365234375
99108,normal,2013,0,1782359541.7651365,0.001984119415283203
99109,normal,1322,1,1782359541.7670887,0.0019521713256835938
99110,normal,3499,0,1782359541.7691157,0.0020270347595214844
99111,normal,2459,0,1782359541.7711205,0.002004861831665039
99112,normal,2265,0,1782359541.7730646,0.0019440650939941406
99113,normal,3190,1,1782359541.775178,0.00211334228515625
99114,normal,868,2,1782359541.7771418,0.0019638538360595703
99115,normal,3163,1,1782359541.7790387,0.0018968582153320312
99116,normal,247,0,1782359541.781112,0.0020732879638671875
99117,normal,1294,0,1782359541.7831194,0.0020074844360351562
99118,normal,1164,0,1782359541.785104,0.0019845962524414062
99119,normal,2287,0,1782359541.787116,0.002012014389038086
99120,normal,915,2,1782359541.7891676,0.0020515918731689453
99121,normal,775,2,1782359541.7911322,0.001964569091796875
99122,normal,1578,0,1782359541.7931073,0.0019750595092773438
99123,normal,586,0,1782359541.795195,0.002087831497192383
99124,normal,2563,0,1782359541.7970872,0.00189208984375
99125,normal,2728,0,1782359541.7991335,0.002046346664428711
99126,normal,3510,0,1782359541.801194,0.002060413360595703
99127,normal,705,0,1782359541.8030407,0.0018467903137207031
99128,normal,1171,0,1782359541.8051116,0.002070903778076172
99129,normal,21,0,1782359541.8071127,0.002001047134399414
99130,normal,441,0,1782359541.809031,0.0019183158874511719
99131,normal,222,0,1782359541.8111756,0.0021445751190185547
99132,normal,102,0,1782359541.8131127,0.0019371509552001953
99133,normal,336,0,1782359541.8150344,0.0019216537475585938
99134,normal,892,2,1782359541.817118,0.0020835399627685547
99135,normal,2649,0,1782359541.819105,0.001986980438232422
99136,normal,1212,0,1782359541.821302,0.0021970272064208984
99137,normal,2688,0,1782359541.8232687,0.001966714859008789
99138,normal,2318,0,1782359541.825153,0.00188446044921875
99139,normal,615,0,1782359541.8270369,0.0018837451934814453
99140,normal,124,0,1782359541.8291152,0.0020782947540283203
99141,normal,2949,0,1782359541.8311138,0.0019986629486083984
99142,normal,1338,1,1782359541.8330414,0.0019276142120361328
99143,normal,3147,1,1782359541.8352325,0.0021910667419433594
99144,normal,2414,0,1782359541.8371358,0.0019032955169677734
99145,normal,965,2,1782359541.839036,0.0019001960754394531
99146,normal,3604,0,1782359541.841114,0.0020780563354492188
99147,normal,996,2,1782359541.8431213,0.0020072460174560547
99148,normal,338,0,1782359541.8450484,0.0019271373748779297
99149,normal,2346,0,1782359541.8471453,0.002096891403198242
99150,normal,362,0,1782359541.8491435,0.0019981861114501953
99151,normal,1566,0,1782359541.8510504,0.0019068717956542969
99152,normal,2556,0,1782359541.8531158,0.002065420150756836
99153,normal,1742,0,1782359541.8554435,0.0023276805877685547
99154,normal,2238,0,1782359541.8575037,0.0020601749420166016
99155,normal,2726,0,1782359541.859052,0.0015482902526855469
99156,normal,426,0,1782359541.8611133,0.0020613670349121094
99157,normal,960,2,1782359541.863043,0.0019297599792480469
99158,normal,2985,0,1782359541.8651621,0.0021190643310546875
99159,normal,2460,0,1782359541.8671713,0.002009153366088867
99160,normal,928,2,1782359541.869095,0.0019237995147705078
99161,normal,2718,0,1782359541.8711643,0.002069234848022461
99162,normal,1376,1,1782359541.8731482,0.0019838809967041016
99163,normal,2765,0,1782359541.875107,0.0019588470458984375
99164,normal,2493,0,1782359541.8771152,0.002008199691772461
99165,normal,1980,0,1782359541.8791487,0.0020334720611572266
99166,normal,1383,0,1782359541.8810406,0.0018918514251708984
99167,normal,961,2,1782359541.8831074,0.0020668506622314453
99168,normal,909,2,1782359541.8851178,0.002010345458984375
99169,normal,692,0,1782359541.8870463,0.001928567886352539
99170,normal,873,2,1782359541.889121,0.002074718475341797
99171,normal,1783,0,1782359541.8911154,0.0019943714141845703
99172,normal,1852,0,1782359541.8930454,0.0019299983978271484
99173,normal,620,0,1782359541.8951383,0.0020928382873535156
99174,normal,810,2,1782359541.8971498,0.002011537551879883
99175,normal,554,0,1782359541.8992133,0.0020635128021240234
99176,normal,577,0,1782359541.9011602,0.0019469261169433594
99177,normal,627,0,1782359541.9031668,0.00200653076171875
99178,normal,3412,0,1782359541.9050796,0.001912832260131836
99179,normal,570,0,1782359541.9070888,0.002009153366088867
99180,normal,1481,0,1782359541.9091904,0.0021016597747802734
99181,normal,3570,0,1782359541.9110694,0.001878976821899414
99182,normal,1642,0,1782359541.9131205,0.002051115036010742
99183,normal,838,2,1782359541.915117,0.0019965171813964844
99184,normal,2519,0,1782359541.9170403,0.0019233226776123047
99185,normal,3031,0,1782359541.9191172,0.002076864242553711
99186,normal,3664,0,1782359541.921116,0.0019989013671875
99187,normal,2624,0,1782359541.9230456,0.0019295215606689453
99188,normal,3033,0,1782359541.9251242,0.002078533172607422
99189,normal,1015,2,1782359541.9271338,0.0020096302032470703
99190,normal,318,0,1782359541.9291723,0.0020384788513183594
99191,normal,930,2,1782359541.9310596,0.0018873214721679688
99192,normal,3310,1,1782359541.933146,0.0020864009857177734
99193,normal,1409,0,1782359541.9350426,0.0018966197967529297
99194,normal,1695,0,1782359541.9371178,0.0020751953125
99195,normal,163,0,1782359541.9391172,0.001999378204345703
99196,normal,920,2,1782359541.941039,0.0019218921661376953
99197,normal,1638,0,1782359541.9431427,0.002103567123413086
99198,normal,2321,0,1782359541.9451518,0.002009153366088867
99199,normal,60,0,1782359541.94711,0.001958131790161133
99200,normal,3058,1,1782359541.949117,0.002007007598876953
99201,normal,3415,0,1782359541.9511442,0.002027273178100586
99202,normal,3453,0,1782359541.9530582,0.0019140243530273438
99203,normal,1988,0,1782359541.9551446,0.0020864009857177734
99204,normal,2439,0,1782359541.9571333,0.001988649368286133
99205,normal,3573,0,1782359541.9590375,0.0019042491912841797
99206,normal,532,0,1782359541.961113,0.0020754337310791016
99207,normal,671,0,1782359541.9631152,0.002002239227294922
99208,normal,3607,0,1782359541.9651144,0.0019991397857666016
99209,normal,3491,0,1782359541.967106,0.001991748809814453
99210,normal,43,0,1782359541.9691644,0.002058267593383789
99211,normal,2072,0,1782359541.9711277,0.001963376998901367
99212,normal,175,0,1782359541.9731255,0.001997709274291992
99213,normal,2499,0,1782359541.975197,0.0020716190338134766
99214,normal,2284,0,1782359541.9770803,0.0018832683563232422
99215,normal,1613,0,1782359541.9791925,0.002112150192260742
99216,normal,248,0,1782359541.98128,0.0020875930786132812
99217,normal,702,0,1782359541.9830642,0.0017840862274169922
99218,normal,1098,0,1782359541.9851696,0.0021054744720458984
99219,normal,697,0,1782359541.9871132,0.0019435882568359375
99220,normal,343,0,1782359541.9890313,0.0019180774688720703
99221,normal,2614,0,1782359541.991186,0.0021545886993408203
99222,normal,1207,0,1782359541.9931102,0.001924276351928711
99223,normal,1653,0,1782359541.9951134,0.002003192901611328
99224,normal,1990,0,1782359541.997033,0.0019197463989257812
99225,normal,276,0,1782359541.999112,0.0020787715911865234
99226,normal,1157,0,1782359542.001303,0.0021910667419433594
99227,normal,2233,0,1782359542.0032988,0.0019958019256591797
99228,normal,1346,1,1782359542.005172,0.0018732547760009766
99229,normal,550,0,1782359542.0070488,0.0018768310546875
99230,normal,199,0,1782359542.0091193,0.0020704269409179688
99231,normal,434,0,1782359542.011138,0.0020186901092529297
99232,normal,1455,0,1782359542.0130494,0.0019114017486572266
99233,normal,824,2,1782359542.0152671,0.0022177696228027344
99234,normal,1096,0,1782359542.0171347,0.001867532730102539
99235,normal,1608,0,1782359542.019038,0.0019032955169677734
99236,normal,3289,1,1782359542.0211177,0.0020797252655029297
99237,normal,3330,1,1782359542.0231225,0.002004861831665039
99238,normal,3280,1,1782359542.0250452,0.001922607421875
99239,normal,1420,0,1782359542.027345,0.002299785614013672
99240,normal,2687,0,1782359542.029305,0.0019600391387939453
99241,normal,158,0,1782359542.0311205,0.0018155574798583984
99242,normal,2892,0,1782359542.0330794,0.0019588470458984375
99243,normal,356,0,1782359542.0351777,0.0020983219146728516
99244,normal,2104,0,1782359542.0371075,0.0019297599792480469
99245,normal,1508,0,1782359542.0390515,0.0019440650939941406
99246,normal,2828,0,1782359542.041273,0.0022215843200683594
99247,normal,1864,0,1782359542.043153,0.0018799304962158203
99248,normal,2853,0,1782359542.0451074,0.001954317092895508
99249,normal,3423,0,1782359542.0474772,0.0023698806762695312
99250,normal,1154,0,1782359542.0492136,0.0017364025115966797
99251,normal,3182,1,1782359542.0511053,0.0018916130065917969
99252,normal,3329,1,1782359542.053117,0.0020117759704589844
99253,normal,3616,0,1782359542.0550334,0.0019164085388183594
99254,normal,1351,1,1782359542.0572371,0.002203702926635742
99255,normal,103,0,1782359542.0591283,0.0018911361694335938
99256,normal,2054,0,1782359542.0610478,0.0019195079803466797
99257,normal,591,0,1782359542.0631118,0.0020639896392822266
99258,normal,1563,0,1782359542.0651114,0.0019996166229248047
99259,normal,1516,0,1782359542.0670524,0.0019409656524658203
99260,normal,295,0,1782359542.06914,0.0020875930786132812
99261,normal,1067,0,1782359542.0711625,0.0020225048065185547
99262,normal,179,0,1782359542.073094,0.0019314289093017578
99263,normal,471,0,1782359542.0750365,0.0019426345825195312
99264,normal,2775,0,1782359542.077135,0.002098560333251953
99265,normal,450,0,1782359542.0790682,0.0019330978393554688
99266,normal,3159,1,1782359542.0811756,0.002107381820678711
99267,normal,294,0,1782359542.0831623,0.0019867420196533203
99268,normal,316,0,1782359542.0850327,0.0018703937530517578
99269,normal,854,2,1782359542.0871193,0.002086639404296875
99270,normal,901,2,1782359542.0891314,0.002012014389038086
99271,normal,2618,0,1782359542.0910385,0.0019071102142333984
99272,normal,1798,0,1782359542.093115,0.0020766258239746094
99273,normal,511,0,1782359542.0951202,0.0020051002502441406
99274,normal,1834,0,1782359542.0970483,0.001928091049194336
99275,normal,964,2,1782359542.0991266,0.0020782947540283203
99276,normal,853,2,1782359542.1011314,0.002004861831665039
99277,normal,1452,0,1782359542.103103,0.0019714832305908203
99278,normal,1302,0,1782359542.1050448,0.0019419193267822266
99279,normal,113,0,1782359542.107119,0.0020742416381835938
99280,normal,2354,0,1782359542.1090598,0.0019407272338867188
99281,normal,3025,0,1782359542.1111286,0.002068758010864258
99282,normal,3225,1,1782359542.1131167,0.0019881725311279297
99283,normal,3697,0,1782359542.115058,0.0019412040710449219
99284,normal,1149,0,1782359542.117161,0.002103090286254883
99285,normal,2588,0,1782359542.1191552,0.0019941329956054688
99286,normal,2142,0,1782359542.1211228,0.0019676685333251953
99287,normal,23,0,1782359542.1230743,0.001951456069946289
99288,normal,1790,0,1782359542.125136,0.002061605453491211
99289,normal,483,0,1782359542.1270657,0.0019297599792480469
99290,normal,2099,0,1782359542.1291597,0.0020940303802490234
99291,normal,2818,0,1782359542.1311164,0.0019567012786865234
99292,normal,1232,0,1782359542.1330347,0.0019183158874511719
99293,normal,515,0,1782359542.1351194,0.0020847320556640625
99294,normal,466,0,1782359542.1371188,0.001999378204345703
99295,normal,879,2,1782359542.1391327,0.0020139217376708984
99296,normal,3702,0,1782359542.1410832,0.0019505023956298828
99297,normal,991,2,1782359542.1431854,0.0021021366119384766
99298,normal,3213,1,1782359542.1450922,0.0019068717956542969
99299,normal,2432,0,1782359542.1471288,0.002036571502685547
99300,normal,1206,0,1782359542.1491542,0.0020253658294677734
99301,normal,116,0,1782359542.151125,0.0019707679748535156
99302,normal,1803,0,1782359542.1531773,0.00205230712890625
99303,normal,1483,0,1782359542.1551456,0.0019683837890625
99304,normal,242,0,1782359542.1570325,0.0018868446350097656
99305,normal,1912,0,1782359542.1591187,0.002086162567138672
99306,normal,1115,0,1782359542.1611094,0.001990795135498047
99307,normal,2774,0,1782359542.163184,0.0020744800567626953
99308,normal,2259,0,1782359542.165036,0.0018520355224609375
99309,normal,612,0,1782359542.1671233,0.0020873546600341797
99310,normal,2176,0,1782359542.1690285,0.001905202865600586
99311,normal,2770,0,1782359542.171109,0.0020804405212402344
99312,normal,2335,0,1782359542.1732795,0.002170562744140625
99313,normal,2479,0,1782359542.1752412,0.0019617080688476562
99314,normal,137,0,1782359542.1770732,0.0018320083618164062
99315,normal,29,0,1782359542.1791263,0.0020530223846435547
99316,normal,1233,0,1782359542.1810317,0.0019054412841796875
99317,normal,631,0,1782359542.1831102,0.002078533172607422
99318,normal,600,0,1782359542.185118,0.002007722854614258
99319,normal,210,0,1782359542.1871204,0.0020024776458740234
99320,normal,3162,1,1782359542.1890416,0.0019211769104003906
99321,normal,2425,0,1782359542.1911092,0.00206756591796875
99322,normal,384,0,1782359542.1930444,0.0019352436065673828
99323,normal,1215,0,1782359542.1951306,0.002086162567138672
99324,normal,3089,1,1782359542.197129,0.001998424530029297
99325,normal,2328,0,1782359542.1992683,0.0021393299102783203
99326,normal,1272,0,1782359542.201199,0.0019307136535644531
99327,normal,1415,0,1782359542.203186,0.001986980438232422
99328,normal,3597,0,1782359542.2050843,0.0018982887268066406
99329,normal,2922,0,1782359542.2071002,0.002015829086303711
99330,normal,2381,0,1782359542.2091844,0.0020842552185058594
99331,normal,1727,0,1782359542.211046,0.001861572265625
99332,normal,3488,0,1782359542.213275,0.002228975296020508
99333,normal,1492,0,1782359542.215242,0.0019669532775878906
99334,normal,1941,0,1782359542.217074,0.0018320083618164062
99335,normal,1595,0,1782359542.2193496,0.002275705337524414
99336,normal,1315,0,1782359542.2213647,0.0020151138305664062
99337,normal,1422,0,1782359542.223094,0.0017292499542236328
99338,normal,3401,1,1782359542.2251136,0.002019643783569336
99339,normal,197,0,1782359542.2271132,0.0019996166229248047
99340,normal,837,2,1782359542.229041,0.0019278526306152344
99341,normal,2644,0,1782359542.2311294,0.002088308334350586
99342,normal,1911,0,1782359542.2331188,0.0019893646240234375
99343,normal,3455,0,1782359542.2350433,0.0019245147705078125
99344,normal,760,0,1782359542.237113,0.002069711685180664
99345,normal,639,0,1782359542.239143,0.002029895782470703
99346,normal,1774,0,1782359542.241076,0.0019330978393554688
99347,normal,3047,1,1782359542.2431793,0.0021033287048339844
99348,normal,3558,0,1782359542.2451746,0.0019953250885009766
99349,normal,3228,1,1782359542.2470338,0.0018591880798339844
99350,normal,1414,0,1782359542.249135,0.0021011829376220703
99351,normal,908,2,1782359542.251146,0.0020110607147216797
99352,normal,275,0,1782359542.2531037,0.0019576549530029297
99353,normal,2028,0,1782359542.2550914,0.0019876956939697266
99354,normal,3214,1,1782359542.257112,0.002020597457885742
99355,normal,1641,0,1782359542.2590406,0.001928567886352539
99356,normal,1246,0,1782359542.2611177,0.0020771026611328125
99357,normal,1996,0,1782359542.2631238,0.002006053924560547
99358,normal,2521,0,1782359542.2650383,0.0019145011901855469
99359,normal,2969,0,1782359542.2671158,0.0020775794982910156
99360,normal,3233,1,1782359542.2691262,0.002010345458984375
99361,normal,798,2,1782359542.27105,0.0019237995147705078
99362,normal,130,0,1782359542.2731292,0.0020792484283447266
99363,normal,324,0,1782359542.275145,0.002015829086303711
99364,normal,1507,0,1782359542.2770424,0.0018973350524902344
99365,normal,574,0,1782359542.279117,0.002074718475341797
99366,normal,2698,0,1782359542.2811174,0.0020003318786621094
99367,normal,2799,0,1782359542.28304,0.001922607421875
99368,normal,1311,0,1782359542.2851434,0.0021033287048339844
99369,normal,3066,1,1782359542.2871315,0.0019881725311279297
99370,normal,715,0,1782359542.289071,0.001939535140991211
99371,normal,367,0,1782359542.2911737,0.0021026134490966797
99372,normal,409,0,1782359542.2931764,0.002002716064453125
99373,normal,353,0,1782359542.2950752,0.0018987655639648438
99374,normal,2379,0,1782359542.2971349,0.0020596981048583984
99375,normal,1150,0,1782359542.2991304,0.001995563507080078
99376,normal,948,2,1782359542.301079,0.0019485950469970703
99377,normal,2202,0,1782359542.3031158,0.0020368099212646484
99378,normal,12,0,1782359542.3051155,0.0019996166229248047
99379,normal,1603,0,1782359542.3070424,0.0019268989562988281
99380,normal,1228,0,1782359542.3091207,0.0020782947540283203
99381,normal,1458,0,1782359542.3111763,0.002055644989013672
99382,normal,431,0,1782359542.3130822,0.0019059181213378906
99383,normal,3311,1,1782359542.3151288,0.0020465850830078125
99384,normal,2351,0,1782359542.3171718,0.002043008804321289
99385,normal,752,0,1782359542.3191087,0.0019369125366210938
99386,normal,315,0,1782359542.3210995,0.001990795135498047
99387,normal,28,0,1782359542.3231864,0.0020868778228759766
99388,normal,2594,0,1782359542.325169,0.0019826889038085938
99389,normal,1634,0,1782359542.327066,0.0018968582153320312
99390,normal,896,2,1782359542.3291728,0.002106904983520508
99391,normal,1832,0,1782359542.3317459,0.0025730133056640625
99392,normal,209,0,1782359542.3330374,0.001291513442993164
99393,normal,334,0,1782359542.3350966,0.0020592212677001953
99394,normal,373,0,1782359542.3371377,0.0020411014556884766
99395,normal,2252,0,1782359542.3390954,0.0019576549530029297
99396,normal,3299,1,1782359542.34122,0.0021245479583740234
99397,normal,557,0,1782359542.3432095,0.001989603042602539
99398,normal,2442,0,1782359542.3452153,0.0020058155059814453
99399,normal,893,2,1782359542.3474345,0.0022192001342773438
99400,normal,2660,0,1782359542.3494463,0.0020117759704589844
99401,normal,3647,0,1782359542.351216,0.0017697811126708984
99402,normal,3135,1,1782359542.353216,0.0019998550415039062
99403,normal,1364,1,1782359542.3551648,0.0019488334655761719
99404,normal,280,0,1782359542.3572102,0.0020453929901123047
99405,normal,1994,0,1782359542.359207,0.001996755599975586
99406,normal,3515,0,1782359542.361308,0.0021011829376220703
99407,normal,3276,1,1782359542.363108,0.0017998218536376953
99408,normal,2080,0,1782359542.3652089,0.0021009445190429688
99409,normal,2802,0,1782359542.3672025,0.0019936561584472656
99410,normal,1605,0,1782359542.369138,0.0019354820251464844
99411,normal,1850,0,1782359542.3712046,0.0020666122436523438
99412,normal,741,0,1782359542.3731406,0.0019359588623046875
99413,normal,2548,0,1782359542.3752224,0.0020818710327148438
99414,normal,2574,0,1782359542.3772197,0.001997232437133789
99415,normal,3014,0,1782359542.379133,0.001913309097290039
99416,normal,2576,0,1782359542.3813236,0.0021905899047851562
99417,normal,2419,0,1782359542.383514,0.0021903514862060547
99418,normal,2808,0,1782359542.385147,0.0016331672668457031
99419,normal,2717,0,1782359542.3871968,0.002049684524536133
99420,normal,2079,0,1782359542.389193,0.001996278762817383
99421,normal,472,0,1782359542.3912067,0.002013683319091797
99422,normal,537,0,1782359542.3932235,0.002016782760620117
99423,normal,2811,0,1782359542.395259,0.002035379409790039
99424,normal,1418,0,1782359542.3973455,0.002086639404296875
99425,normal,3118,1,1782359542.3992546,0.001909017562866211
99426,normal,674,0,1782359542.4013722,0.002117633819580078
99427,normal,562,0,1782359542.4036891,0.0023169517517089844
99428,normal,2137,0,1782359542.4053268,0.0016376972198486328
99429,normal,3643,0,1782359542.4073372,0.002010345458984375
99430,normal,951,2,1782359542.409157,0.0018198490142822266
99431,normal,499,0,1782359542.4112256,0.0020685195922851562
99432,normal,143,0,1782359542.4132004,0.001974821090698242
99433,normal,1741,0,1782359542.4152174,0.0020170211791992188
99434,normal,2218,0,1782359542.417167,0.0019495487213134766
99435,normal,1482,0,1782359542.419206,0.0020389556884765625
99436,normal,1843,0,1782359542.421213,0.002007007598876953
99437,normal,1413,0,1782359542.4231923,0.001979351043701172
99438,normal,2041,0,1782359542.4252694,0.0020771026611328125
99439,normal,2888,0,1782359542.4272225,0.001953125
99440,normal,2995,0,1782359542.4292014,0.0019788742065429688
99441,normal,1135,0,1782359542.4312255,0.0020241737365722656
99442,normal,1921,0,1782359542.433192,0.0019664764404296875
99443,normal,3336,1,1782359542.4352725,0.0020804405212402344
99444,normal,3444,0,1782359542.4372723,0.0019998550415039062
99445,normal,292,0,1782359542.4391565,0.0018842220306396484
99446,normal,2317,0,1782359542.441182,0.0020253658294677734
99447,normal,677,0,1782359542.4432144,0.0020325183868408203
99448,normal,1710,0,1782359542.4452112,0.001996755599975586
99449,normal,1709,0,1782359542.44721,0.0019989013671875
99450,normal,1036,0,1782359542.4492164,0.0020062923431396484
99451,normal,800,2,1782359542.451216,0.0019996166229248047
99452,normal,1675,0,1782359542.453177,0.0019609928131103516
99453,normal,2143,0,1782359542.4552898,0.002112865447998047
99454,normal,147,0,1782359542.4572098,0.0019199848175048828
99455,normal,2511,0,1782359542.4592235,0.002013683319091797
99456,normal,69,0,1782359542.46122,0.0019965171813964844
99457,normal,1551,0,1782359542.4632154,0.0019953250885009766
99458,normal,539,0,1782359542.465146,0.0019307136535644531
99459,normal,3009,0,1782359542.4672213,0.0020751953125
99460,normal,371,0,1782359542.4692388,0.002017498016357422
99461,normal,1368,1,1782359542.4711993,0.0019605159759521484
99462,normal,1555,0,1782359542.4732728,0.002073526382446289
99463,normal,886,2,1782359542.475228,0.001955270767211914
99464,normal,2377,0,1782359542.4772635,0.002035379409790039
99465,normal,1271,0,1782359542.4792564,0.001992940902709961
99466,normal,772,2,1782359542.4811816,0.0019252300262451172
99467,normal,2172,0,1782359542.4832559,0.0020742416381835938
99468,normal,3232,1,1782359542.485218,0.0019621849060058594
99469,normal,3242,1,1782359542.4872136,0.001995563507080078
99470,normal,3368,1,1782359542.4892116,0.0019979476928710938
99471,normal,1828,0,1782359542.491214,0.0020024776458740234
99472,normal,1192,0,1782359542.4932761,0.002062082290649414
99473,normal,1519,0,1782359542.495169,0.0018928050994873047
99474,normal,2675,0,1782359542.4973083,0.0021393299102783203
99475,normal,2431,0,1782359542.4991484,0.0018401145935058594
99476,normal,1793,0,1782359542.5013332,0.0021848678588867188
99477,normal,648,0,1782359542.5032125,0.0018792152404785156
99478,normal,3581,0,1782359542.5051517,0.0019392967224121094
99479,normal,2469,0,1782359542.5073354,0.002183675765991211
99480,normal,1034,0,1782359542.5092096,0.0018742084503173828
99481,normal,2386,0,1782359542.5112069,0.001997232437133789
99482,normal,3005,0,1782359542.5132015,0.001994609832763672
99483,normal,2245,0,1782359542.515209,0.0020074844360351562
99484,normal,1517,0,1782359542.5172958,0.0020868778228759766
99485,normal,2815,0,1782359542.5190837,0.0017879009246826172
99486,normal,669,0,1782359542.521197,0.00211334228515625
99487,normal,2999,0,1782359542.5231986,0.002001523971557617
99488,normal,3301,1,1782359542.525223,0.002024412155151367
99489,normal,3498,0,1782359542.5274332,0.0022101402282714844
99490,normal,502,0,1782359542.5292897,0.0018565654754638672
99491,normal,2170,0,1782359542.5312047,0.00191497802734375
99492,normal,1242,0,1782359542.5332136,0.0020089149475097656
99493,normal,2539,0,1782359542.5351524,0.0019388198852539062
99494,normal,2152,0,1782359542.5372088,0.0020563602447509766
99495,normal,1896,0,1782359542.5392148,0.002006053924560547
99496,normal,926,2,1782359542.541325,0.0021102428436279297
99497,normal,279,0,1782359542.5430934,0.001768350601196289
99498,normal,453,0,1782359542.5452194,0.002125978469848633
99499,normal,548,0,1782359542.5472288,0.0020093917846679688
99500,normal,3405,0,1782359542.549286,0.0020570755004882812
99501,normal,2849,0,1782359542.551254,0.0019681453704833984
99502,normal,2762,0,1782359542.5534117,0.0021576881408691406
99503,normal,3085,1,1782359542.5553257,0.0019140243530273438
99504,normal,1672,0,1782359542.5572908,0.001965045928955078
99505,normal,3559,0,1782359542.5591612,0.0018703937530517578
99506,normal,2293,0,1782359542.561305,0.00214385986328125
99507,normal,1897,0,1782359542.5633178,0.0020127296447753906
99508,normal,344,0,1782359542.5652227,0.0019049644470214844
99509,normal,1978,0,1782359542.567402,0.0021791458129882812
99510,normal,2123,0,1782359542.5693297,0.0019278526306152344
99511,normal,731,0,1782359542.5711339,0.0018041133880615234
99512,normal,3051,1,1782359542.5735288,0.0023949146270751953
99513,normal,2098,0,1782359542.5754247,0.001895904541015625
99514,normal,2271,0,1782359542.5771618,0.0017371177673339844
99515,normal,1529,0,1782359542.5792325,0.0020706653594970703
99516,normal,2857,0,1782359542.5812304,0.0019979476928710938
99517,normal,3408,0,1782359542.5832322,0.0020017623901367188
99518,normal,1686,0,1782359542.5851882,0.0019559860229492188
99519,normal,3706,0,1782359542.5872307,0.002042531967163086
99520,normal,525,0,1782359542.5892224,0.001991748809814453
99521,normal,3627,0,1782359542.5911734,0.001950979232788086
99522,normal,3466,0,1782359542.5932336,0.0020601749420166016
99523,normal,2579,0,1782359542.5952084,0.001974821090698242
99524,normal,3410,0,1782359542.5972948,0.0020864009857177734
99525,normal,3549,0,1782359542.5992947,0.0019998550415039062
99526,normal,2912,0,1782359542.6011765,0.0018818378448486328
99527,normal,3382,1,1782359542.6032522,0.002075672149658203
99528,normal,3114,1,1782359542.6052659,0.002013683319091797
99529,normal,250,0,1782359542.6072335,0.0019676685333251953
99530,normal,3316,1,1782359542.6092098,0.0019762516021728516
99531,normal,3070,1,1782359542.611229,0.002019166946411133
99532,normal,686,0,1782359542.613188,0.001959085464477539
99533,normal,606,0,1782359542.6152315,0.002043485641479492
99534,normal,559,0,1782359542.6172318,0.0020003318786621094
99535,normal,3696,0,1782359542.6192284,0.0019965171813964844
99536,normal,2546,0,1782359542.6212006,0.001972198486328125
99537,normal,2662,0,1782359542.6232493,0.0020487308502197266
99538,normal,165,0,1782359542.6252372,0.001987934112548828
99539,normal,3133,1,1782359542.6271915,0.001954317092895508
99540,normal,3441,0,1782359542.6292706,0.002079010009765625
99541,normal,1113,0,1782359542.6311908,0.0019202232360839844
99542,normal,2835,0,1782359542.6332285,0.0020377635955810547
99543,normal,2254,0,1782359542.6352546,0.002026081085205078
99544,normal,1307,0,1782359542.6372507,0.0019960403442382812
99545,normal,1006,2,1782359542.6391773,0.0019266605377197266
99546,normal,3681,0,1782359542.641259,0.002081632614135742
99547,normal,3578,0,1782359542.6432111,0.0019521713256835938
99548,normal,1185,0,1782359542.6452808,0.002069711685180664
99549,normal,293,0,1782359542.6473026,0.00202178955078125
99550,normal,2813,0,1782359542.6492598,0.0019571781158447266
99551,normal,3614,0,1782359542.6512127,0.0019528865814208984
99552,normal,3192,1,1782359542.6532989,0.002086162567138672
99553,normal,967,2,1782359542.6552167,0.0019178390502929688
99554,normal,1259,0,1782359542.657232,0.002015352249145508
99555,normal,1708,0,1782359542.6592712,0.002039194107055664
99556,normal,1761,0,1782359542.6611762,0.0019049644470214844
99557,normal,2018,0,1782359542.663278,0.002101898193359375
99558,normal,2375,0,1782359542.665301,0.002022981643676758
99559,normal,1100,0,1782359542.667137,0.0018358230590820312
99560,normal,1019,2,1782359542.6693275,0.0021905899047851562
99561,normal,2370,0,1782359542.6712554,0.0019278526306152344
99562,normal,251,0,1782359542.67323,0.0019745826721191406
99563,normal,1872,0,1782359542.6752567,0.002026796340942383
99564,normal,272,0,1782359542.6773067,0.0020499229431152344
99565,normal,469,0,1782359542.6792834,0.0019767284393310547
99566,normal,1498,0,1782359542.6811976,0.0019142627716064453
99567,normal,2397,0,1782359542.6832256,0.0020279884338378906
99568,normal,1696,0,1782359542.685173,0.0019474029541015625
99569,normal,1763,0,1782359542.6872118,0.002038717269897461
99570,normal,2931,0,1782359542.689284,0.0020723342895507812
99571,normal,2504,0,1782359542.691083,0.001798868179321289
99572,normal,3326,1,1782359542.6932104,0.002127408981323242
99573,normal,1274,0,1782359542.6952097,0.001999378204345703
99574,normal,1214,0,1782359542.6972058,0.0019960403442382812
99575,normal,622,0,1782359542.6993885,0.0021827220916748047
99576,normal,489,0,1782359542.7013974,0.0020089149475097656
99577,normal,975,2,1782359542.703253,0.001855611801147461
99578,normal,992,2,1782359542.7052395,0.0019865036010742188
99579,normal,3626,0,1782359542.707237,0.0019974708557128906
99580,normal,2040,0,1782359542.7092302,0.0019931793212890625
99581,normal,1784,0,1782359542.7111943,0.001964092254638672
99582,normal,1536,0,1782359542.7133512,0.002156972885131836
99583,normal,2951,0,1782359542.7151184,0.0017671585083007812
99584,normal,3106,1,1782359542.7172244,0.0021059513092041016
99585,normal,939,2,1782359542.719229,0.0020046234130859375
99586,normal,3308,1,1782359542.7212324,0.0020034313201904297
99587,normal,2194,0,1782359542.7231967,0.0019643306732177734
99588,normal,2545,0,1782359542.7255273,0.0023305416107177734
99589,normal,1546,0,1782359542.7273166,0.0017893314361572266
99590,normal,2503,0,1782359542.7292986,0.001981973648071289
99591,normal,122,0,1782359542.7313128,0.00201416015625
99592,normal,514,0,1782359542.7332764,0.0019636154174804688
99593,normal,3427,0,1782359542.7351837,0.0019073486328125
99594,normal,1448,0,1782359542.7372534,0.002069711685180664
99595,normal,2803,0,1782359542.7392662,0.0020127296447753906
99596,normal,1277,0,1782359542.741325,0.002058744430541992
99597,normal,1304,0,1782359542.7432854,0.0019605159759521484
99598,normal,2029,0,1782359542.745561,0.0022754669189453125
99599,normal,1130,0,1782359542.7473629,0.0018019676208496094
99600,normal,1105,0,1782359542.749169,0.0018062591552734375
99601,normal,1313,0,1782359542.7511466,0.0019774436950683594
99602,normal,791,2,1782359542.753235,0.0020885467529296875
99603,normal,2976,0,1782359542.7552536,0.002018451690673828
99604,normal,1143,0,1782359542.7571769,0.0019233226776123047
99605,normal,1459,0,1782359542.7590976,0.0019207000732421875
99606,normal,3619,0,1782359542.7612283,0.002130746841430664
99607,normal,2255,0,1782359542.763224,0.001995563507080078
99608,normal,1859,0,1782359542.765193,0.0019690990447998047
99609,normal,2823,0,1782359542.7672546,0.002061605453491211
99610,normal,3503,0,1782359542.7692204,0.001965761184692383
99611,normal,3440,0,1782359542.7712884,0.002068042755126953
99612,normal,3432,0,1782359542.7732313,0.0019428730010986328
99613,normal,2812,0,1782359542.7751322,0.0019009113311767578
99614,normal,1139,0,1782359542.7772708,0.0021386146545410156
99615,normal,2965,0,1782359542.7792902,0.0020194053649902344
99616,normal,2427,0,1782359542.7812364,0.0019462108612060547
99617,normal,3700,0,1782359542.7831874,0.001950979232788086
99618,normal,1401,0,1782359542.7852285,0.0020411014556884766
99619,normal,1262,0,1782359542.7872348,0.0020062923431396484
99620,normal,1423,0,1782359542.789096,0.0018613338470458984
99621,normal,1875,0,1782359542.7912521,0.0021560192108154297
99622,normal,3091,1,1782359542.7932312,0.0019791126251220703
99623,normal,3151,1,1782359542.7951996,0.0019683837890625
99624,normal,3478,0,1782359542.7972393,0.002039670944213867
99625,normal,3610,0,1782359542.7992501,0.002010822296142578
99626,normal,1893,0,1782359542.8012292,0.0019791126251220703
99627,normal,319,0,1782359542.803268,0.002038717269897461
99628,normal,2289,0,1782359542.80519,0.0019221305847167969
99629,normal,3124,1,1782359542.807232,0.0020418167114257812
99630,normal,2691,0,1782359542.8092334,0.002001523971557617
99631,normal,2036,0,1782359542.8111842,0.0019507408142089844
99632,normal,2281,0,1782359542.8132696,0.002085447311401367
99633,normal,3632,0,1782359542.8152702,0.002000570297241211
99634,normal,2395,0,1782359542.8172195,0.001949310302734375
99635,normal,2830,0,1782359542.819301,0.0020813941955566406
99636,normal,2714,0,1782359542.8212855,0.0019845962524414062
99637,normal,3100,1,1782359542.8232124,0.0019268989562988281
99638,normal,2520,0,1782359542.8252597,0.002047300338745117
99639,normal,1116,0,1782359542.8273025,0.0020427703857421875
99640,normal,1464,0,1782359542.8291876,0.0018851757049560547
99641,normal,3598,0,1782359542.8311453,0.0019576549530029297
99642,normal,508,0,1782359542.8332226,0.002077341079711914
99643,normal,1883,0,1782359542.8351743,0.0019516944885253906
99644,normal,2759,0,1782359542.8373208,0.002146482467651367
99645,normal,3052,1,1782359542.8392916,0.0019707679748535156
99646,normal,1752,0,1782359542.8412151,0.0019235610961914062
99647,normal,2794,0,1782359542.843296,0.0020809173583984375
99648,normal,305,0,1782359542.8453832,0.002087116241455078
99649,normal,2791,0,1782359542.8471403,0.0017571449279785156
99650,normal,644,0,1782359542.8493412,0.0022008419036865234
99651,normal,2365,0,1782359542.851271,0.0019297599792480469
99652,normal,2046,0,1782359542.8531442,0.0018732547760009766
99653,normal,1406,0,1782359542.8552282,0.002084016799926758
99654,normal,166,0,1782359542.8572285,0.0020003318786621094
99655,normal,1316,0,1782359542.8591738,0.0019452571868896484
99656,normal,694,0,1782359542.8613217,0.0021479129791259766
99657,normal,3474,0,1782359542.8632371,0.0019154548645019531
99658,normal,2449,0,1782359542.8652194,0.0019822120666503906
99659,normal,2421,0,1782359542.8671649,0.00194549560546875
99660,normal,1907,0,1782359542.8692353,0.0020704269409179688
99661,normal,1004,2,1782359542.871234,0.0019986629486083984
99662,normal,1748,0,1782359542.873609,0.0023751258850097656
99663,normal,994,2,1782359542.8752675,0.0016584396362304688
99664,normal,3381,1,1782359542.8771129,0.0018453598022460938
99665,normal,1715,0,1782359542.8792381,0.002125263214111328
99666,normal,2372,0,1782359542.8812528,0.002014636993408203
99667,normal,2866,0,1782359542.8832486,0.0019958019256591797
99668,normal,2002,0,1782359542.8852587,0.0020101070404052734
99669,normal,784,2,1782359542.8872569,0.0019981861114501953
99670,normal,592,0,1782359542.8892252,0.0019683837890625
99671,normal,720,0,1782359542.891184,0.0019588470458984375
99672,normal,521,0,1782359542.8932385,0.002054452896118164
99673,normal,484,0,1782359542.8951066,0.0018680095672607422
99674,normal,1951,0,1782359542.8972597,0.002153158187866211
99675,normal,470,0,1782359542.8991675,0.0019078254699707031
99676,normal,1895,0,1782359542.901119,0.001951456069946289
99677,normal,1473,0,1782359542.903142,0.002022981643676758
99678,normal,1331,1,1782359542.905338,0.002196073532104492
99679,normal,2510,0,1782359542.907511,0.0021729469299316406
99680,normal,1974,0,1782359542.909101,0.0015900135040283203
99681,normal,3505,0,1782359542.9111338,0.002032756805419922
99682,normal,366,0,1782359542.9131415,0.002007722854614258
99683,normal,2559,0,1782359542.9151158,0.001974344253540039
99684,normal,626,0,1782359542.9171765,0.0020606517791748047
99685,normal,787,2,1782359542.9191298,0.0019533634185791016
99686,normal,796,2,1782359542.9212928,0.002162933349609375
99687,normal,3080,1,1782359542.9232883,0.001995563507080078
99688,normal,3553,0,1782359542.9253097,0.002021312713623047
99689,normal,2024,0,1782359542.9273136,0.002003908157348633
99690,normal,2435,0,1782359542.9292574,0.001943826675415039
99691,normal,2190,0,1782359542.9321227,0.002865314483642578
99692,normal,3170,1,1782359542.9330573,0.000934600830078125
99693,normal,249,0,1782359542.9351122,0.002054929733276367
99694,normal,836,2,1782359542.9371173,0.0020051002502441406
99695,normal,2529,0,1782359542.939121,0.0020036697387695312
99696,normal,906,2,1782359542.9411142,0.0019931793212890625
99697,normal,2711,0,1782359542.9431105,0.001996278762817383
99698,normal,3576,0,1782359542.945116,0.0020055770874023438
99699,normal,141,0,1782359542.94714,0.002023935317993164
99700,normal,2758,0,1782359542.9494495,0.002309560775756836
99701,normal,2948,0,1782359542.951334,0.00188446044921875
99702,normal,169,0,1782359542.9534538,0.002119779586791992
99703,normal,33,0,1782359542.9552872,0.0018334388732910156
99704,normal,1548,0,1782359542.9574351,0.0021479129791259766
99705,normal,1765,0,1782359542.9593422,0.0019071102142333984
99706,normal,1333,1,1782359542.9612317,0.0018894672393798828
99707,normal,106,0,1782359542.9632635,0.0020318031311035156
99708,normal,2064,0,1782359542.9651527,0.0018892288208007812
99709,normal,2348,0,1782359542.9671357,0.0019829273223876953
99710,normal,1670,0,1782359542.9691327,0.0019969940185546875
99711,normal,3348,1,1782359542.9711523,0.002019643783569336
99712,normal,1816,0,1782359542.9731836,0.0020313262939453125
99713,normal,3262,1,1782359542.975553,0.002369403839111328
99714,normal,3399,1,1782359542.977442,0.0018889904022216797
99715,normal,3496,0,1782359542.9793117,0.0018696784973144531
99716,normal,54,0,1782359542.9812074,0.0018956661224365234
99717,normal,2530,0,1782359542.9833632,0.002155780792236328
99718,normal,465,0,1782359542.9853752,0.002012014389038086
99719,normal,3373,1,1782359542.9872198,0.001844644546508789
99720,normal,350,0,1782359542.989343,0.002123117446899414
99721,normal,1809,0,1782359542.991144,0.0018010139465332031
99722,normal,2481,0,1782359542.9932904,0.002146482467651367
99723,normal,1090,0,1782359542.9953842,0.002093791961669922
99724,normal,637,0,1782359542.997196,0.0018117427825927734
99725,normal,2342,0,1782359542.9993737,0.002177715301513672
99726,normal,1874,0,1782359543.0013962,0.0020225048065185547
99727,normal,1495,0,1782359543.0033002,0.0019040107727050781
99728,normal,3320,1,1782359543.0052476,0.0019474029541015625
99729,normal,2478,0,1782359543.007423,0.0021753311157226562
99730,normal,1814,0,1782359543.0094535,0.002030611038208008
99731,normal,235,0,1782359543.01123,0.0017764568328857422
99732,normal,3136,1,1782359543.0134706,0.0022406578063964844
99733,normal,659,0,1782359543.0152721,0.0018014907836914062
99734,normal,2324,0,1782359543.0173235,0.0020513534545898438
99735,normal,1880,0,1782359543.0193644,0.002040863037109375
99736,normal,501,0,1782359543.0212855,0.0019211769104003906
99737,normal,2236,0,1782359543.023385,0.0020995140075683594
99738,normal,381,0,1782359543.0255644,0.002179384231567383
99739,normal,1327,1,1782359543.0272732,0.0017087459564208984
99740,normal,2033,0,1782359543.0292788,0.0020055770874023438
99741,normal,704,0,1782359543.0315242,0.0022454261779785156
99742,normal,1813,0,1782359543.0333538,0.0018296241760253906
99743,normal,423,0,1782359543.0354202,0.002066373825073242
99744,normal,2935,0,1782359543.0374677,0.0020475387573242188
99745,normal,2139,0,1782359543.0392344,0.0017666816711425781
99746,normal,3541,0,1782359543.0413015,0.002067089080810547
99747,normal,1919,0,1782359543.0431888,0.0018873214721679688
99748,normal,3018,0,1782359543.0450685,0.0018796920776367188
99749,normal,3161,1,1782359543.047568,0.0024995803833007812
99750,normal,583,0,1782359543.0494,0.0018320083618164062
99751,normal,2869,0,1782359543.0519164,0.0025162696838378906
99752,normal,1972,0,1782359543.0538545,0.0019381046295166016
99753,normal,776,2,1782359543.055126,0.0012714862823486328
99754,normal,2498,0,1782359543.057153,0.0020270347595214844
99755,normal,1739,0,1782359543.0592732,0.0021202564239501953
99756,normal,1853,0,1782359543.061231,0.0019576549530029297
99757,normal,90,0,1782359543.063155,0.0019240379333496094
99758,normal,3591,0,1782359543.06553,0.0023751258850097656
99759,normal,850,2,1782359543.0678587,0.002328634262084961
99760,normal,129,0,1782359543.0692964,0.0014376640319824219
99761,normal,337,0,1782359543.0711215,0.001825094223022461
99762,normal,2077,0,1782359543.073217,0.002095460891723633
99763,normal,117,0,1782359543.0751283,0.0019114017486572266
99764,normal,2847,0,1782359543.0771744,0.0020461082458496094
99765,normal,2960,0,1782359543.0792074,0.0020329952239990234
99766,normal,2196,0,1782359543.081317,0.002109527587890625
99767,normal,1587,0,1782359543.083127,0.0018100738525390625
99768,normal,804,2,1782359543.0853314,0.002204418182373047
99769,normal,2066,0,1782359543.0871696,0.0018382072448730469
99770,normal,198,0,1782359543.089327,0.002157449722290039
99771,normal,2595,0,1782359543.0912762,0.0019490718841552734
99772,normal,754,0,1782359543.093148,0.0018718242645263672
99773,normal,91,0,1782359543.095389,0.002240896224975586
99774,normal,1194,0,1782359543.0973067,0.0019178390502929688
99775,normal,3583,0,1782359543.0993493,0.002042531967163086
99776,normal,2523,0,1782359543.1013372,0.001987934112548828
99777,normal,2049,0,1782359543.1034162,0.002079010009765625
99778,normal,1528,0,1782359543.1052365,0.0018203258514404297
99779,normal,3379,1,1782359543.1073804,0.00214385986328125
99780,normal,624,0,1782359543.1093338,0.0019533634185791016
99781,normal,3053,1,1782359543.1114013,0.00206756591796875
99782,normal,1547,0,1782359543.1134143,0.002012968063354492
99783,normal,2826,0,1782359543.1154819,0.00206756591796875
99784,normal,1839,0,1782359543.1172545,0.0017726421356201172
99785,normal,1238,0,1782359543.1196094,0.002354860305786133
99786,normal,872,2,1782359543.1224427,0.0028333663940429688
99787,normal,2964,0,1782359543.1233923,0.0009496212005615234
99788,normal,894,2,1782359543.1251824,0.0017900466918945312
99789,normal,2182,0,1782359543.1274152,0.002232789993286133
99790,normal,1446,0,1782359543.129196,0.0017807483673095703
99791,normal,534,0,1782359543.131357,0.0021610260009765625
99792,normal,270,0,1782359543.1331549,0.0017979145050048828
99793,normal,1624,0,1782359543.1351469,0.0019919872283935547
99794,normal,1499,0,1782359543.137142,0.001995086669921875
99795,normal,1807,0,1782359543.1394074,0.002265453338623047
99796,normal,3397,1,1782359543.1413355,0.001928091049194336
99797,normal,3012,0,1782359543.1434815,0.002146005630493164
99798,normal,2902,0,1782359543.1452918,0.001810312271118164
99799,normal,2156,0,1782359543.1473835,0.002091646194458008
99800,normal,1141,0,1782359543.1494577,0.0020742416381835938
99801,normal,2179,0,1782359543.151295,0.0018372535705566406
99802,normal,2722,0,1782359543.1534076,0.0021126270294189453
99803,normal,840,2,1782359543.155363,0.0019555091857910156
99804,normal,1721,0,1782359543.1574953,0.0021321773529052734
99805,normal,2485,0,1782359543.1597354,0.0022401809692382812
99806,normal,2918,0,1782359543.161336,0.001600503921508789
99807,normal,1947,0,1782359543.1632848,0.0019488334655761719
99808,normal,1252,0,1782359543.165129,0.001844167709350586
99809,normal,306,0,1782359543.1672788,0.002149820327758789
99810,normal,2876,0,1782359543.1693816,0.0021028518676757812
99811,normal,828,2,1782359543.1713636,0.001981973648071289
99812,normal,135,0,1782359543.173201,0.0018374919891357422
99813,normal,1437,0,1782359543.1752915,0.0020904541015625
99814,normal,93,0,1782359543.1771479,0.0018563270568847656
99815,normal,2910,0,1782359543.179314,0.0021660327911376953
99816,normal,1,0,1782359543.1813078,0.001993894577026367
99817,normal,3692,0,1782359543.1831503,0.001842498779296875
99818,normal,2232,0,1782359543.185436,0.0022857189178466797
99819,normal,2837,0,1782359543.1871417,0.0017056465148925781
99820,normal,2302,0,1782359543.1898398,0.002698183059692383
99821,normal,1078,0,1782359543.1915634,0.0017235279083251953
99822,normal,817,2,1782359543.193256,0.0016925334930419922
99823,normal,1827,0,1782359543.1951547,0.0018987655639648438
99824,normal,3278,1,1782359543.197296,0.002141237258911133
99825,normal,3187,1,1782359543.1993253,0.0020294189453125
99826,normal,3300,1,1782359543.2012024,0.0018770694732666016
99827,normal,2214,0,1782359543.2035549,0.002352476119995117
99828,normal,2264,0,1782359543.2057574,0.0022025108337402344
99829,normal,1532,0,1782359543.2072897,0.0015323162078857422
99830,normal,2490,0,1782359543.2092144,0.001924753189086914
99831,normal,25,0,1782359543.211323,0.0021085739135742188
99832,normal,1156,0,1782359543.213145,0.0018219947814941406
99833,normal,2543,0,1782359543.2151864,0.002041339874267578
99834,normal,2326,0,1782359543.2172668,0.0020804405212402344
99835,normal,2094,0,1782359543.2191103,0.0018434524536132812
99836,normal,1089,0,1782359543.221199,0.002088785171508789
99837,normal,2593,0,1782359543.2231193,0.0019202232360839844
99838,normal,571,0,1782359543.225099,0.001979827880859375
99839,normal,1581,0,1782359543.2274642,0.0023651123046875
99840,normal,2993,0,1782359543.2298667,0.0024025440216064453
99841,normal,1467,0,1782359543.2317827,0.0019159317016601562
99842,normal,3447,0,1782359543.233097,0.001314401626586914
99843,normal,3209,1,1782359543.2351499,0.002052783966064453
99844,normal,1903,0,1782359543.2373955,0.002245664596557617
99845,normal,1318,0,1782359543.2391946,0.0017991065979003906
99846,normal,203,0,1782359543.2413044,0.0021097660064697266
99847,normal,2463,0,1782359543.2432315,0.0019271373748779297
99848,normal,3365,1,1782359543.2453616,0.0021300315856933594
99849,normal,1627,0,1782359543.247224,0.0018625259399414062
99850,normal,88,0,1782359543.249129,0.0019049644470214844
99851,normal,2897,0,1782359543.2512023,0.0020732879638671875
99852,normal,2367,0,1782359543.2535017,0.0022993087768554688
99853,normal,282,0,1782359543.2551703,0.001668691635131836
99854,normal,422,0,1782359543.257717,0.002546548843383789
99855,normal,3562,0,1782359543.2596235,0.0019066333770751953
99856,normal,1576,0,1782359543.2619634,0.0023398399353027344
99857,normal,1073,0,1782359543.2632487,0.0012853145599365234
99858,normal,17,0,1782359543.265307,0.002058267593383789
99859,normal,2416,0,1782359543.267157,0.001850128173828125
99860,normal,943,2,1782359543.2693179,0.002160787582397461
99861,normal,2165,0,1782359543.271604,0.002286195755004883
99862,normal,3269,1,1782359543.2738612,0.002257108688354492
99863,normal,949,2,1782359543.2752807,0.0014195442199707031
99864,normal,3090,1,1782359543.2773263,0.0020456314086914062
99865,normal,3513,0,1782359543.279415,0.0020885467529296875
99866,normal,2886,0,1782359543.2811823,0.0017673969268798828
99867,normal,1740,0,1782359543.283308,0.0021257400512695312
99868,normal,2633,0,1782359543.2851315,0.00182342529296875
99869,normal,598,0,1782359543.287528,0.0023965835571289062
99870,normal,3321,1,1782359543.2894347,0.0019066333770751953
99871,normal,285,0,1782359543.2914684,0.002033710479736328
99872,normal,1743,0,1782359543.293391,0.001922607421875
99873,normal,438,0,1782359543.2954035,0.002012491226196289
99874,normal,1998,0,1782359543.2971733,0.0017697811126708984
99875,normal,706,0,1782359543.2993598,0.0021865367889404297
99876,normal,3,0,1782359543.3013453,0.0019855499267578125
99877,normal,3356,1,1782359543.303754,0.002408742904663086
99878,normal,3370,1,1782359543.3054948,0.0017406940460205078
99879,normal,2062,0,1782359543.3072557,0.0017609596252441406
99880,normal,3640,0,1782359543.3092473,0.0019915103912353516
99881,normal,2612,0,1782359543.311284,0.0020368099212646484
99882,normal,3594,0,1782359543.3134716,0.002187490463256836
99883,normal,202,0,1782359543.3154519,0.001980304718017578
99884,normal,1973,0,1782359543.3171625,0.001710653305053711
99885,normal,890,2,1782359543.3198621,0.002699613571166992
99886,normal,1934,0,1782359543.3214486,0.0015864372253417969
99887,normal,3424,0,1782359543.3234181,0.001969575881958008
99888,normal,813,2,1782359543.3255053,0.002087116241455078
99889,normal,900,2,1782359543.327716,0.002210855484008789
99890,normal,630,0,1782359543.3297842,0.002068042755126953
99891,normal,393,0,1782359543.331256,0.0014717578887939453
99892,normal,195,0,1782359543.3332613,0.002005338668823242
99893,normal,2392,0,1782359543.3352623,0.002001047134399414
99894,normal,225,0,1782359543.3373773,0.002115011215209961
99895,normal,244,0,1782359543.3391495,0.001772165298461914
99896,normal,1219,0,1782359543.3413033,0.0021538734436035156
99897,normal,1285,0,1782359543.3432853,0.001981973648071289
99898,normal,2873,0,1782359543.3451493,0.0018639564514160156
99899,normal,461,0,1782359543.3475173,0.0023679733276367188
99900,normal,492,0,1782359543.34996,0.0024428367614746094
99901,normal,1427,0,1782359543.3513215,0.0013613700866699219
99902,normal,377,0,1782359543.3534114,0.002089977264404297
99903,normal,3413,0,1782359543.3554888,0.002077341079711914
99904,normal,154,0,1782359543.35722,0.0017311573028564453
99905,normal,1305,0,1782359543.3597507,0.002530813217163086
99906,normal,1530,0,1782359543.3617516,0.0020008087158203125
99907,normal,1440,0,1782359543.3634307,0.0016791820526123047
99908,normal,1200,0,1782359543.365415,0.0019843578338623047
99909,normal,3459,0,1782359543.3675,0.002084970474243164
99910,normal,491,0,1782359543.3692439,0.0017437934875488281
99911,normal,1340,1,1782359543.3713124,0.0020685195922851562
99912,normal,530,0,1782359543.373401,0.0020885467529296875
99913,normal,1967,0,1782359543.375608,0.002207040786743164
99914,normal,1168,0,1782359543.3772721,0.0016641616821289062
99915,normal,181,0,1782359543.379445,0.0021729469299316406
99916,normal,2305,0,1782359543.3811946,0.0017495155334472656
99917,normal,3673,0,1782359543.3834512,0.002256631851196289
99918,normal,2522,0,1782359543.3853276,0.0018763542175292969
99919,normal,3102,1,1782359543.387179,0.0018513202667236328
99920,normal,2417,0,1782359543.389825,0.002646207809448242
99921,normal,780,2,1782359543.3915124,0.0016872882843017578
99922,normal,2841,0,1782359543.393422,0.001909494400024414
99923,normal,2312,0,1782359543.3953888,0.0019669532775878906
99924,normal,1027,2,1782359543.3974824,0.0020935535430908203
99925,normal,1701,0,1782359543.3993056,0.0018231868743896484
99926,normal,3315,1,1782359543.4014008,0.0020952224731445312
99927,normal,1645,0,1782359543.403884,0.0024831295013427734
99928,normal,1372,1,1782359543.4053512,0.0014672279357910156
99929,normal,2223,0,1782359543.4073265,0.0019752979278564453
99930,normal,2221,0,1782359543.4094872,0.002160787582397461
99931,normal,2938,0,1782359543.4114907,0.0020034313201904297
99932,normal,2783,0,1782359543.413525,0.002034425735473633
99933,normal,763,0,1782359543.4153702,0.0018451213836669922
99934,normal,1878,0,1782359543.417247,0.0018768310546875
99935,normal,3436,0,1782359543.4193213,0.0020742416381835938
99936,normal,2534,0,1782359543.4214425,0.0021212100982666016
99937,normal,738,0,1782359543.4233987,0.0019562244415283203
99938,normal,2631,0,1782359543.4253051,0.0019063949584960938
99939,normal,157,0,1782359543.4274547,0.0021495819091796875
99940,normal,1179,0,1782359543.4291844,0.001729726791381836
99941,normal,1008,2,1782359543.4314203,0.002235889434814453
99942,normal,240,0,1782359543.4334404,0.002020120620727539
99943,normal,766,0,1782359543.4354155,0.0019750595092773438
99944,normal,1172,0,1782359543.4374957,0.002080202102661133
99945,normal,254,0,1782359543.4394453,0.0019495487213134766
99946,normal,750,0,1782359543.4413977,0.0019524097442626953
99947,normal,2193,0,1782359543.4434245,0.002026796340942383
99948,normal,2501,0,1782359543.4458437,0.0024192333221435547
99949,normal,3240,1,1782359543.4473424,0.0014986991882324219
99950,normal,1132,0,1782359543.4494812,0.002138853073120117
99951,normal,2738,0,1782359543.451553,0.002071857452392578
99952,normal,194,0,1782359543.4533658,0.0018126964569091797
99953,normal,2484,0,1782359543.455345,0.0019791126251220703
99954,normal,3116,1,1782359543.457367,0.0020220279693603516
99955,normal,1174,0,1782359543.459112,0.001744985580444336
99956,normal,1053,0,1782359543.46129,0.0021779537200927734
99957,normal,1755,0,1782359543.463286,0.0019960403442382812
99958,normal,1140,0,1782359543.4653444,0.0020585060119628906
99959,normal,871,2,1782359543.4673874,0.002043008804321289
99960,normal,1002,2,1782359543.4694457,0.002058267593383789
99961,normal,1861,0,1782359543.471221,0.0017752647399902344
99962,normal,55,0,1782359543.4734604,0.0022394657135009766
99963,normal,2797,0,1782359543.475274,0.001813650131225586
99964,normal,2489,0,1782359543.4775965,0.0023224353790283203
99965,normal,2898,0,1782359543.4799936,0.0023970603942871094
99966,normal,1258,0,1782359543.481568,0.0015745162963867188
99967,normal,2737,0,1782359543.483186,0.0016179084777832031
99968,normal,1270,0,1782359543.4854324,0.002246379852294922
99969,normal,1169,0,1782359543.4872966,0.0018641948699951172
99970,normal,2319,0,1782359543.4892585,0.001961946487426758
99971,normal,149,0,1782359543.49139,0.0021314620971679688
99972,normal,1039,0,1782359543.4938543,0.00246429443359375
99973,normal,1030,0,1782359543.495601,0.0017466545104980469
99974,normal,3220,1,1782359543.4972432,0.0016422271728515625
99975,normal,1133,0,1782359543.499485,0.002241849899291992
99976,normal,2723,0,1782359543.501233,0.0017480850219726562
99977,normal,2331,0,1782359543.503424,0.002190828323364258
99978,normal,127,0,1782359543.5054216,0.001997709274291992
99979,normal,2061,0,1782359543.507169,0.0017473697662353516
99980,normal,230,0,1782359543.5094495,0.0022804737091064453
99981,normal,63,0,1782359543.5113366,0.0018870830535888672
99982,normal,1190,0,1782359543.5132942,0.0019576549530029297
99983,normal,1705,0,1782359543.5154092,0.002115011215209961
99984,normal,3419,0,1782359543.5178418,0.002432584762573242
99985,normal,3243,1,1782359543.519772,0.00193023681640625
99986,normal,1056,0,1782359543.521978,0.0022058486938476562
99987,normal,2505,0,1782359543.523331,0.0013530254364013672
99988,normal,1922,0,1782359543.5254164,0.002085447311401367
99989,normal,666,0,1782359543.5275788,0.002162456512451172
99990,normal,2538,0,1782359543.529523,0.0019440650939941406
99991,normal,875,2,1782359543.5331004,0.0035774707794189453
99992,normal,3402,0,1782359543.533422,0.0003216266632080078
99993,normal,2955,0,1782359543.5353103,0.001888275146484375
99994,normal,724,0,1782359543.5373464,0.0020360946655273438
99995,normal,1071,0,1782359543.5392864,0.001940011978149414
99996,normal,2160,0,1782359543.541271,0.0019845962524414062
99997,normal,1457,0,1782359543.543309,0.0020380020141601562
99998,normal,2277,0,1782359543.5454016,0.002092599868774414
99999,normal,3115,1,1782359543.547271,0.0018694400787353516
100000,normal,2144,0,1782359543.5493438,0.0020728111267089844
100001,normal,1660,0,1782359543.5511806,0.0018367767333984375
100002,normal,355,0,1782359543.5532694,0.002088785171508789
100003,normal,1496,0,1782359543.5551386,0.00186920166015625
100004,normal,115,0,1782359543.5572503,0.002111673355102539
100005,normal,1453,0,1782359543.5592313,0.001981019973754883
100006,normal,2515,0,1782359543.5612602,0.002028942108154297
100007,normal,1092,0,1782359543.563265,0.002004861831665039
100008,normal,2462,0,1782359543.5655317,0.0022666454315185547
100009,normal,459,0,1782359543.5673554,0.0018236637115478516
100010,normal,223,0,1782359543.5693138,0.0019583702087402344
100011,normal,2768,0,1782359543.5713,0.001986265182495117
100012,normal,1021,2,1782359543.5731208,0.0018208026885986328
100013,normal,1703,0,1782359543.5752604,0.002139568328857422
100014,normal,3608,0,1782359543.5774238,0.002163410186767578
100015,normal,903,2,1782359543.5794642,0.002040386199951172
100016,normal,1690,0,1782359543.5812142,0.0017499923706054688
100017,normal,4,0,1782359543.5833597,0.002145528793334961
100018,normal,1821,0,1782359543.585207,0.0018472671508789062
100019,normal,940,2,1782359543.5874329,0.0022258758544921875
100020,normal,340,0,1782359543.5894227,0.0019898414611816406
100021,normal,2700,0,1782359543.591171,0.0017483234405517578
100022,normal,1290,0,1782359543.593454,0.002282857894897461
100023,normal,271,0,1782359543.5953488,0.0018949508666992188
100024,normal,2930,0,1782359543.5972195,0.0018706321716308594
100025,normal,849,2,1782359543.5994487,0.0022292137145996094
100026,normal,2517,0,1782359543.6016865,0.0022377967834472656
100027,normal,3362,1,1782359543.6040812,0.0023946762084960938
100028,normal,2657,0,1782359543.6055274,0.0014462471008300781
100029,normal,2482,0,1782359543.607414,0.001886606216430664
100030,normal,1691,0,1782359543.609166,0.0017518997192382812
100031,normal,2708,0,1782359543.61134,0.0021741390228271484
100032,normal,560,0,1782359543.6134882,0.002148151397705078
100033,normal,241,0,1782359543.6153028,0.0018146038055419922
100034,normal,821,2,1782359543.6174266,0.0021238327026367188
100035,normal,1838,0,1782359543.6195676,0.0021409988403320312
100036,normal,2001,0,1782359543.62136,0.0017924308776855469
100037,normal,16,0,1782359543.6233776,0.002017498016357422
100038,normal,2596,0,1782359543.6257133,0.002335786819458008
100039,normal,3451,0,1782359543.627773,0.0020596981048583984
100040,normal,1059,0,1782359543.6294465,0.0016734600067138672
100041,normal,3465,0,1782359543.6318529,0.0024063587188720703
100042,normal,1111,0,1782359543.633588,0.0017352104187011719
100043,normal,3497,0,1782359543.6357665,0.0021784305572509766
100044,normal,34,0,1782359543.6375656,0.0017991065979003906
100045,normal,383,0,1782359543.6392317,0.0016660690307617188
100046,normal,1823,0,1782359543.6412008,0.0019690990447998047
100047,normal,490,0,1782359543.6435006,0.002299785614013672
100048,normal,1644,0,1782359543.64519,0.0016894340515136719
100049,normal,2380,0,1782359543.6474545,0.0022644996643066406
100050,normal,1256,0,1782359543.6494184,0.0019638538360595703
100051,normal,2816,0,1782359543.6513724,0.0019540786743164062
100052,normal,473,0,1782359543.653471,0.002098560333251953
100053,normal,809,2,1782359543.6553862,0.0019152164459228516
100054,normal,403,0,1782359543.6573455,0.0019593238830566406
100055,normal,1954,0,1782359543.6593688,0.0020232200622558594
100056,normal,2845,0,1782359543.6614752,0.0021064281463623047
100057,normal,984,2,1782359543.663178,0.0017027854919433594
100058,normal,587,0,1782359543.6657066,0.002528667449951172
100059,normal,2654,0,1782359543.6677787,0.0020720958709716797
100060,normal,1932,0,1782359543.669466,0.0016872882843017578
100061,normal,186,0,1782359543.6712837,0.0018177032470703125
100062,normal,213,0,1782359543.673324,0.002040386199951172
100063,normal,3374,1,1782359543.6751242,0.0018000602722167969
100064,normal,2570,0,1782359543.677327,0.002202749252319336
100065,normal,3651,0,1782359543.6792855,0.001958608627319336
100066,normal,351,0,1782359543.681218,0.001932382583618164
100067,normal,1223,0,1782359543.683231,0.0020132064819335938
100068,normal,1831,0,1782359543.685219,0.001987934112548828
100069,normal,3680,0,1782359543.6871712,0.0019521713256835938
100070,normal,869,2,1782359543.6893952,0.002223968505859375
100071,normal,2466,0,1782359543.6912794,0.0018842220306396484
100072,normal,2893,0,1782359543.6935537,0.0022742748260498047
100073,normal,739,0,1782359543.695799,0.0022454261779785156
100074,normal,339,0,1782359543.69752,0.0017209053039550781
100075,normal,621,0,1782359543.6992276,0.0017075538635253906
100076,normal,2262,0,1782359543.7013955,0.002167940139770508
100077,normal,1751,0,1782359543.7033024,0.0019068717956542969
100078,normal,365,0,1782359543.7051969,0.0018944740295410156
100079,normal,1599,0,1782359543.707386,0.002189159393310547
100080,normal,1559,0,1782359543.70945,0.0020639896392822266
100081,normal,3073,1,1782359543.7114081,0.001958131790161133
100082,normal,3470,0,1782359543.7131202,0.0017120838165283203
100083,normal,114,0,1782359543.7152636,0.002143383026123047
100084,normal,1995,0,1782359543.7171516,0.0018880367279052734
100085,normal,3525,0,1782359543.7193289,0.0021772384643554688
100086,normal,2781,0,1782359543.72132,0.0019910335540771484
100087,normal,1604,0,1782359543.7231445,0.0018246173858642578
100088,normal,2540,0,1782359543.7254384,0.002293825149536133
100089,normal,3586,0,1782359543.7274306,0.0019922256469726562
100090,normal,2295,0,1782359543.7291794,0.001748800277709961
100091,normal,1072,0,1782359543.731308,0.00212860107421875
100092,normal,1099,0,1782359543.7339575,0.002649545669555664
100093,normal,2776,0,1782359543.7354405,0.0014829635620117188
100094,normal,2942,0,1782359543.7372758,0.0018353462219238281
100095,normal,98,0,1782359543.7392883,0.002012491226196289
100096,normal,2125,0,1782359543.7414331,0.0021448135375976562
100097,normal,1557,0,1782359543.743275,0.0018417835235595703
100098,normal,3682,0,1782359543.7453668,0.0020918846130371094
100099,normal,1474,0,1782359543.7472062,0.0018393993377685547
100100,normal,2178,0,1782359543.749754,0.002547740936279297
100101,normal,3281,1,1782359543.751813,0.0020589828491210938
100102,normal,3394,1,1782359543.7531872,0.0013742446899414062
100103,normal,1068,0,1782359543.755312,0.002124786376953125
100104,normal,3391,1,1782359543.757356,0.0020439624786376953
100105,normal,119,0,1782359543.7591622,0.0018062591552734375
100106,normal,3569,0,1782359543.7613022,0.002140045166015625
100107,normal,1582,0,1782359543.7632854,0.001983165740966797
100108,normal,3676,0,1782359543.765537,0.0022516250610351562
100109,normal,2756,0,1782359543.7674491,0.0019121170043945312
100110,normal,3157,1,1782359543.7694104,0.001961231231689453
100111,normal,2875,0,1782359543.7712867,0.0018763542175292969
100112,normal,3442,0,1782359543.7734528,0.0021660327911376953
100113,normal,14,0,1782359543.7754624,0.0020096302032470703
100114,normal,346,0,1782359543.7774491,0.0019867420196533203
100115,normal,3221,1,1782359543.7794785,0.0020294189453125
100116,normal,1074,0,1782359543.7813382,0.0018596649169921875
100117,normal,1205,0,1782359543.7832391,0.0019009113311767578
100118,normal,1128,0,1782359543.7858193,0.0025801658630371094
100119,normal,856,2,1782359543.7876885,0.00186920166015625
100120,normal,522,0,1782359543.7893896,0.0017011165618896484
100121,normal,376,0,1782359543.79131,0.001920461654663086
100122,normal,793,2,1782359543.7933037,0.0019936561584472656
100123,normal,3152,1,1782359543.795249,0.0019452571868896484
100124,normal,1075,0,1782359543.7972658,0.002016782760620117
100125,normal,291,0,1782359543.799338,0.0020723342895507812
100126,normal,3463,0,1782359543.8011508,0.0018126964569091797
100127,normal,2968,0,1782359543.8032942,0.002143383026123047
100128,normal,1854,0,1782359543.8052993,0.0020051002502441406
100129,normal,3359,1,1782359543.8072474,0.0019481182098388672
100130,normal,1020,2,1782359543.8093154,0.002068042755126953
100131,normal,1855,0,1782359543.8113232,0.002007722854614258
100132,normal,3271,1,1782359543.8132427,0.0019195079803466797
100133,normal,1186,0,1782359543.8153977,0.0021550655364990234
100134,normal,3189,1,1782359543.8172646,0.0018668174743652344
100135,normal,2403,0,1782359543.8191488,0.0018842220306396484
100136,normal,191,0,1782359543.8213196,0.0021708011627197266
100137,normal,1012,2,1782359543.8233318,0.0020122528076171875
100138,normal,1720,0,1782359543.8251953,0.0018634796142578125
100139,normal,38,0,1782359543.8273227,0.002127408981323242
100140,normal,2303,0,1782359543.8293474,0.0020246505737304688
100141,normal,2632,0,1782359543.831249,0.0019016265869140625
100142,normal,1484,0,1782359543.833353,0.002104043960571289
100143,normal,3166,1,1782359543.8354068,0.0020537376403808594
100144,normal,567,0,1782359543.8371994,0.0017926692962646484
100145,normal,1572,0,1782359543.839321,0.002121448516845703
100146,normal,566,0,1782359543.841302,0.001981019973754883
100147,normal,1766,0,1782359543.8431723,0.0018703937530517578
100148,normal,3245,1,1782359543.8454118,0.0022394657135009766
100149,normal,2307,0,1782359543.8472857,0.0018739700317382812
100150,normal,1268,0,1782359543.8491518,0.0018661022186279297
100151,normal,859,2,1782359543.8512611,0.0021092891693115234
100152,normal,2703,0,1782359543.8533063,0.002045154571533203
100153,normal,795,2,1782359543.8552277,0.0019214153289794922
100154,normal,3069,1,1782359543.857331,0.0021033287048339844
100155,normal,681,0,1782359543.859271,0.001940011978149414
100156,normal,3641,0,1782359543.861201,0.0019299983978271484
100157,normal,3038,0,1782359543.863382,0.0021810531616210938
100158,normal,447,0,1782359543.8655248,0.002142667770385742
100159,normal,1750,0,1782359543.86751,0.001985311508178711
100160,normal,698,0,1782359543.8692088,0.0016987323760986328
100161,normal,1648,0,1782359543.871473,0.002264261245727539
100162,normal,145,0,1782359543.8733253,0.001852273941040039
100163,normal,781,2,1782359543.875405,0.0020797252655029297
100164,normal,753,0,1782359543.8772225,0.001817464828491211
100165,normal,678,0,1782359543.8793147,0.002092123031616211
100166,normal,2494,0,1782359543.8812113,0.0018966197967529297
100167,normal,2831,0,1782359543.8832822,0.002070903778076172
100168,normal,1387,0,1782359543.8851688,0.001886606216430664
100169,normal,2639,0,1782359543.8873253,0.002156496047973633
100170,normal,2574,0,1782359581.691741,0.0
100171,normal,2474,0,1782359581.6937306,0.001989603042602539
100172,normal,609,0,1782359581.6957452,0.002014636993408203
100173,normal,1815,0,1782359581.697769,0.0020236968994140625
100174,normal,1673,0,1782359581.699684,0.00191497802734375
100175,normal,2452,0,1782359581.7017446,0.0020606517791748047
100176,normal,2722,0,1782359581.703776,0.0020313262939453125
100177,normal,179,0,1782359581.705788,0.002012014389038086
100178,normal,3174,1,1782359581.707726,0.0019381046295166016
100179,normal,1472,0,1782359581.7099714,0.0022454261779785156
100180,normal,1521,0,1782359581.7117908,0.0018193721771240234
100181,normal,203,0,1782359581.713798,0.0020072460174560547
100182,normal,2176,0,1782359581.7158601,0.002062082290649414
100183,normal,3241,1,1782359581.718086,0.0022258758544921875
100184,normal,2031,0,1782359581.7199967,0.0019106864929199219
100185,normal,905,2,1782359581.7220068,0.0020101070404052734
100186,normal,3072,1,1782359581.7237744,0.0017676353454589844
100187,normal,2538,0,1782359581.7260225,0.002248048782348633
100188,normal,1271,0,1782359581.7280684,0.002045869827270508
100189,normal,326,0,1782359581.7297924,0.0017240047454833984
100190,normal,1225,0,1782359581.732047,0.0022547245025634766
100191,normal,587,0,1782359581.7338915,0.0018444061279296875
100192,normal,3279,1,1782359581.7359278,0.0020363330841064453
100193,normal,3081,1,1782359581.7377841,0.0018563270568847656
100194,normal,314,0,1782359581.7399154,0.002131223678588867
100195,normal,1314,0,1782359581.7417784,0.0018630027770996094
100196,normal,2436,0,1782359581.7439983,0.0022199153900146484
100197,normal,2981,0,1782359581.7457416,0.001743316650390625
100198,normal,2415,0,1782359581.747922,0.002180337905883789
100199,normal,1494,0,1782359581.7498217,0.00189971923828125
100200,normal,89,0,1782359581.7522285,0.0024068355560302734
100201,normal,1736,0,1782359581.7540808,0.001852273941040039
100202,normal,1398,0,1782359581.755955,0.0018742084503173828
100203,normal,1530,0,1782359581.7578585,0.001903533935546875
100204,normal,280,0,1782359581.759933,0.0020744800567626953
100205,normal,1933,0,1782359581.7618701,0.0019371509552001953
100206,normal,3303,1,1782359581.764021,0.0021507740020751953
100207,normal,881,2,1782359581.7657773,0.001756429672241211
100208,normal,3458,0,1782359581.767933,0.0021555423736572266
100209,normal,1636,0,1782359581.7698524,0.0019195079803466797
100210,normal,3246,1,1782359581.7719738,0.002121448516845703
100211,normal,1406,0,1782359581.773778,0.0018041133880615234
100212,normal,438,0,1782359581.7760236,0.002245664596557617
100213,normal,3160,1,1782359581.7777765,0.0017528533935546875
100214,normal,782,2,1782359581.7799237,0.002147197723388672
100215,normal,1316,0,1782359581.7819219,0.0019981861114501953
100216,normal,490,0,1782359581.783964,0.002042055130004883
100217,normal,3581,0,1782359581.7857828,0.0018188953399658203
100218,normal,3021,0,1782359581.7880123,0.002229452133178711
100219,normal,909,2,1782359581.7897801,0.001767873764038086
100220,normal,1022,2,1782359581.791957,0.0021767616271972656
100221,normal,1452,0,1782359581.7939737,0.002016782760620117
100222,normal,2313,0,1782359581.7957792,0.0018055438995361328
100223,normal,138,0,1782359581.798206,0.0024268627166748047
100224,normal,2263,0,1782359581.7999938,0.0017876625061035156
100225,normal,571,0,1782359581.80185,0.0018563270568847656
100226,normal,1190,0,1782359581.8040154,0.0021653175354003906
100227,normal,137,0,1782359581.8059764,0.0019609928131103516
100228,normal,2987,0,1782359581.807778,0.0018014907836914062
100229,normal,781,2,1782359581.8099856,0.0022077560424804688
100230,normal,144,0,1782359581.8119726,0.001986980438232422
100231,normal,1018,2,1782359581.8137853,0.0018126964569091797
100232,normal,2458,0,1782359581.81592,0.0021347999572753906
100233,normal,3483,0,1782359581.8179746,0.002054452896118164
100234,normal,2291,0,1782359581.8197763,0.0018017292022705078
100235,normal,3157,1,1782359581.8219354,0.00215911865234375
100236,normal,1694,0,1782359581.8239772,0.0020418167114257812
100237,normal,2029,0,1782359581.825814,0.0018367767333984375
100238,normal,2280,0,1782359581.827788,0.0019741058349609375
100239,normal,1626,0,1782359581.830031,0.0022428035736083984
100240,normal,2166,0,1782359581.8317766,0.0017457008361816406
100241,normal,1195,0,1782359581.833966,0.0021893978118896484
100242,normal,2438,0,1782359581.8359823,0.002016305923461914
100243,normal,2499,0,1782359581.8377836,0.0018012523651123047
100244,normal,1431,0,1782359581.8399239,0.0021402835845947266
100245,normal,2767,0,1782359581.842012,0.0020880699157714844
100246,normal,992,2,1782359581.8437972,0.0017852783203125
100247,normal,2005,0,1782359581.8459454,0.002148151397705078
100248,normal,1083,0,1782359581.8479736,0.002028226852416992
100249,normal,178,0,1782359581.8497767,0.0018031597137451172
100250,normal,1,0,1782359581.851962,0.002185344696044922
100251,normal,1200,0,1782359581.8539646,0.0020024776458740234
100252,normal,180,0,1782359581.855777,0.0018124580383300781
100253,normal,1965,0,1782359581.857911,0.002134084701538086
100254,normal,2583,0,1782359581.859958,0.002046823501586914
100255,normal,28,0,1782359581.861787,0.0018291473388671875
100256,normal,755,0,1782359581.8639133,0.0021262168884277344
100257,normal,879,2,1782359581.8660004,0.002087116241455078
100258,normal,1147,0,1782359581.8677785,0.0017781257629394531
100259,normal,3448,0,1782359581.8699338,0.002155303955078125
100260,normal,1327,1,1782359581.8719232,0.0019893646240234375
100261,normal,675,0,1782359581.8737772,0.00185394287109375
100262,normal,2429,0,1782359581.875934,0.0021567344665527344
100263,normal,3381,1,1782359581.8779705,0.002036571502685547
100264,normal,503,0,1782359581.8797781,0.0018076896667480469
100265,normal,1159,0,1782359581.881961,0.0021829605102539062
100266,normal,402,0,1782359581.8839607,0.0019996166229248047
100267,normal,1817,0,1782359581.8857918,0.0018310546875
100268,normal,2704,0,1782359581.8879662,0.00217437744140625
100269,normal,3622,0,1782359581.8899765,0.002010345458984375
100270,normal,3123,1,1782359581.8918135,0.001837015151977539
100271,normal,641,0,1782359581.893953,0.002139568328857422
100272,normal,3399,1,1782359581.8959997,0.0020465850830078125
100273,normal,1723,0,1782359581.8977923,0.0017926692962646484
100274,normal,2346,0,1782359581.8999643,0.0021719932556152344
100275,normal,3583,0,1782359581.902065,0.002100706100463867
100276,normal,1028,2,1782359581.9038084,0.001743316650390625
100277,normal,1917,0,1782359581.905972,0.0021636486053466797
100278,normal,1191,0,1782359581.9080532,0.002081155776977539
100279,normal,3043,0,1782359581.9099798,0.0019266605377197266
100280,normal,462,0,1782359581.9118993,0.0019195079803466797
100281,normal,1010,2,1782359581.914162,0.002262592315673828
100282,normal,592,0,1782359581.915785,0.0016231536865234375
100283,normal,3621,0,1782359581.9179764,0.002191305160522461
100284,normal,3348,1,1782359581.9201162,0.0021398067474365234
100285,normal,1822,0,1782359581.9221323,0.0020160675048828125
100286,normal,3407,0,1782359581.9241326,0.0020003318786621094
100287,normal,1207,0,1782359581.9261816,0.002048969268798828
100288,normal,1016,2,1782359581.9289846,0.0028030872344970703
100289,normal,289,0,1782359581.9298263,0.0008416175842285156
100290,normal,792,2,1782359581.9318378,0.002011537551879883
100291,normal,3636,0,1782359581.933927,0.002089262008666992
100292,normal,1704,0,1782359581.9357324,0.0018053054809570312
100293,normal,92,0,1782359581.9379666,0.002234220504760742
100294,normal,958,2,1782359581.9397612,0.001794576644897461
100295,normal,1591,0,1782359581.9420176,0.0022563934326171875
100296,normal,1661,0,1782359581.9440384,0.0020208358764648438
100297,normal,30,0,1782359581.9460618,0.002023458480834961
100298,normal,182,0,1782359581.9478142,0.0017523765563964844
100299,normal,1493,0,1782359581.9501345,0.0023202896118164062
100300,normal,2389,0,1782359581.9518178,0.0016832351684570312
100301,normal,1249,0,1782359581.954149,0.002331256866455078
100302,normal,3519,0,1782359581.955858,0.001708984375
100303,normal,431,0,1782359581.9581404,0.002282381057739258
100304,normal,2335,0,1782359581.9598093,0.0016689300537109375
100305,normal,1251,0,1782359581.962139,0.002329587936401367
100306,normal,1231,0,1782359581.9638207,0.0016818046569824219
100307,normal,2020,0,1782359581.9659579,0.0021371841430664062
100308,normal,3120,1,1782359581.96802,0.002062082290649414
100309,normal,2023,0,1782359581.969959,0.0019390583038330078
100310,normal,2855,0,1782359581.9719756,0.0020165443420410156
100311,normal,246,0,1782359581.9739532,0.001977682113647461
100312,normal,2367,0,1782359581.975986,0.002032756805419922
100313,normal,2072,0,1782359581.9780018,0.002015829086303711
100314,normal,2421,0,1782359581.9801002,0.0020983219146728516
100315,normal,3442,0,1782359581.981825,0.0017249584197998047
100316,normal,2961,0,1782359581.9841514,0.0023262500762939453
100317,normal,578,0,1782359581.9859612,0.001809835433959961
100318,normal,3152,1,1782359581.9878242,0.0018630027770996094
100319,normal,1588,0,1782359581.9901547,0.0023305416107177734
100320,normal,3222,1,1782359581.9919786,0.0018239021301269531
100321,normal,2782,0,1782359581.993812,0.0018334388732910156
100322,normal,1824,0,1782359581.9961581,0.002346038818359375
100323,normal,757,0,1782359581.997973,0.0018148422241210938
100324,normal,2443,0,1782359582.0000007,0.002027750015258789
100325,normal,1980,0,1782359582.0020113,0.0020105838775634766
100326,normal,2085,0,1782359582.004121,0.0021097660064697266
100327,normal,602,0,1782359582.0058239,0.0017027854919433594
100328,normal,1206,0,1782359582.0081613,0.0023374557495117188
100329,normal,2863,0,1782359582.0099704,0.0018091201782226562
100330,normal,998,2,1782359582.0120087,0.002038240432739258
100331,normal,3688,0,1782359582.014041,0.0020322799682617188
100332,normal,3635,0,1782359582.0161111,0.002070188522338867
100333,normal,1776,0,1782359582.0178242,0.0017130374908447266
100334,normal,345,0,1782359582.0201643,0.002340078353881836
100335,normal,335,0,1782359582.0219798,0.0018155574798583984
100336,normal,1508,0,1782359582.0238261,0.0018463134765625
100337,normal,56,0,1782359582.0261004,0.0022742748260498047
100338,normal,3510,0,1782359582.0281184,0.002017974853515625
100339,normal,2768,0,1782359582.0298066,0.001688241958618164
100340,normal,2935,0,1782359582.0321794,0.00237274169921875
100341,normal,2323,0,1782359582.0339715,0.0017921924591064453
100342,normal,720,0,1782359582.0358253,0.0018537044525146484
100343,normal,1482,0,1782359582.0382025,0.0023772716522216797
100344,normal,1784,0,1782359582.03999,0.001787424087524414
100345,normal,2698,0,1782359582.0418448,0.0018548965454101562
100346,normal,1281,0,1782359582.0441887,0.002343893051147461
100347,normal,1335,1,1782359582.0459752,0.0017864704132080078
100348,normal,2742,0,1782359582.0478394,0.0018641948699951172
100349,normal,900,2,1782359582.0502126,0.002373218536376953
100350,normal,3572,0,1782359582.0519497,0.0017371177673339844
100351,normal,3639,0,1782359582.0540168,0.002067089080810547
100352,normal,2969,0,1782359582.0559855,0.0019686222076416016
100353,normal,3198,1,1782359582.0581238,0.002138376235961914
100354,normal,2124,0,1782359582.0598443,0.001720428466796875
100355,normal,158,0,1782359582.0621352,0.002290964126586914
100356,normal,649,0,1782359582.0639951,0.001859903335571289
100357,normal,3646,0,1782359582.0658479,0.0018527507781982422
100358,normal,2390,0,1782359582.0679874,0.002139568328857422
100359,normal,510,0,1782359582.0700958,0.002108335494995117
100360,normal,1070,0,1782359582.0720267,0.0019309520721435547
100361,normal,2854,0,1782359582.073771,0.0017442703247070312
100362,normal,3400,1,1782359582.076016,0.0022449493408203125
100363,normal,802,2,1782359582.0779755,0.001959562301635742
100364,normal,683,0,1782359582.079795,0.0018193721771240234
100365,normal,2297,0,1782359582.0820534,0.0022585391998291016
100366,normal,1722,0,1782359582.083824,0.0017704963684082031
100367,normal,3347,1,1782359582.0860558,0.0022318363189697266
100368,normal,628,0,1782359582.088002,0.0019462108612060547
100369,normal,2393,0,1782359582.0898376,0.0018355846405029297
100370,normal,167,0,1782359582.091847,0.0020093917846679688
100371,normal,861,2,1782359582.0940132,0.002166271209716797
100372,normal,465,0,1782359582.095826,0.0018126964569091797
100373,normal,3694,0,1782359582.0980642,0.0022382736206054688
100374,normal,3320,1,1782359582.1000028,0.0019385814666748047
100375,normal,2099,0,1782359582.1018212,0.0018184185028076172
100376,normal,2456,0,1782359582.103854,0.002032756805419922
100377,normal,2209,0,1782359582.1060092,0.002155303955078125
100378,normal,1765,0,1782359582.107836,0.0018267631530761719
100379,normal,1852,0,1782359582.1098576,0.0020215511322021484
100380,normal,3205,1,1782359582.1119988,0.002141237258911133
100381,normal,3139,1,1782359582.1138387,0.0018398761749267578
100382,normal,713,0,1782359582.1158667,0.0020279884338378906
100383,normal,1074,0,1782359582.1180103,0.0021436214447021484
100384,normal,3248,1,1782359582.1198442,0.0018339157104492188
100385,normal,1549,0,1782359582.1220522,0.0022079944610595703
100386,normal,286,0,1782359582.1241326,0.0020804405212402344
100387,normal,1744,0,1782359582.125841,0.0017082691192626953
100388,normal,2725,0,1782359582.1282299,0.0023889541625976562
100389,normal,2411,0,1782359582.1299682,0.0017383098602294922
100390,normal,3628,0,1782359582.132086,0.0021178722381591797
100391,normal,83,0,1782359582.1341112,0.002025127410888672
100392,normal,2078,0,1782359582.1359758,0.0018646717071533203
100393,normal,408,0,1782359582.1378343,0.0018584728240966797
100394,normal,1401,0,1782359582.1402268,0.0023925304412841797
100395,normal,93,0,1782359582.141957,0.001730203628540039
100396,normal,1975,0,1782359582.1440039,0.002046823501586914
100397,normal,1569,0,1782359582.146004,0.002000093460083008
100398,normal,1708,0,1782359582.1481209,0.0021169185638427734
100399,normal,937,2,1782359582.1498315,0.001710653305053711
100400,normal,1717,0,1782359582.1520402,0.002208709716796875
100401,normal,1837,0,1782359582.1541598,0.0021195411682128906
100402,normal,1768,0,1782359582.1558273,0.0016674995422363281
100403,normal,43,0,1782359582.1582859,0.0024585723876953125
100404,normal,1188,0,1782359582.1599524,0.0016665458679199219
100405,normal,1685,0,1782359582.1618903,0.0019378662109375
100406,normal,573,0,1782359582.1639252,0.002034902572631836
100407,normal,1416,0,1782359582.165972,0.002046823501586914
100408,normal,854,2,1782359582.167773,0.0018010139465332031
100409,normal,1298,0,1782359582.170156,0.002382993698120117
100410,normal,2976,0,1782359582.1719809,0.0018248558044433594
100411,normal,1002,2,1782359582.1738377,0.0018568038940429688
100412,normal,3016,0,1782359582.1761558,0.002318143844604492
100413,normal,2836,0,1782359582.1779482,0.0017924308776855469
100414,normal,615,0,1782359582.179999,0.0020508766174316406
100415,normal,1067,0,1782359582.1819015,0.0019023418426513672
100416,normal,3530,0,1782359582.184111,0.0022096633911132812
100417,normal,3607,0,1782359582.1858325,0.0017213821411132812
100418,normal,1044,0,1782359582.1881516,0.0023190975189208984
100419,normal,3324,1,1782359582.1898067,0.0016551017761230469
100420,normal,1223,0,1782359582.1921868,0.0023801326751708984
100421,normal,1239,0,1782359582.193933,0.0017461776733398438
100422,normal,2079,0,1782359582.1961925,0.002259492874145508
100423,normal,1204,0,1782359582.1978288,0.0016362667083740234
100424,normal,1786,0,1782359582.200823,0.0029942989349365234
100425,normal,206,0,1782359582.2018247,0.001001596450805664
100426,normal,419,0,1782359582.203992,0.002167224884033203
100427,normal,2983,0,1782359582.2058463,0.0018544197082519531
100428,normal,1144,0,1782359582.2081718,0.0023255348205566406
100429,normal,209,0,1782359582.2098303,0.0016584396362304688
100430,normal,2309,0,1782359582.2125573,0.002727031707763672
100431,normal,2016,0,1782359582.2138321,0.0012748241424560547
100432,normal,495,0,1782359582.216174,0.002341747283935547
100433,normal,1672,0,1782359582.2179153,0.0017414093017578125
100434,normal,891,2,1782359582.2201214,0.002206087112426758
100435,normal,657,0,1782359582.221827,0.0017056465148925781
100436,normal,2529,0,1782359582.2242186,0.0023915767669677734
100437,normal,1410,0,1782359582.2258513,0.0016326904296875
100438,normal,844,2,1782359582.228158,0.002306699752807617
100439,normal,608,0,1782359582.2299109,0.0017528533935546875
100440,normal,2143,0,1782359582.231984,0.002073049545288086
100441,normal,1229,0,1782359582.233997,0.0020132064819335938
100442,normal,2399,0,1782359582.235907,0.0019099712371826172
100443,normal,2567,0,1782359582.2381246,0.002217531204223633
100444,normal,1997,0,1782359582.240433,0.002308368682861328
100445,normal,3532,0,1782359582.2418885,0.001455545425415039
100446,normal,2285,0,1782359582.2442043,0.0023157596588134766
100447,normal,3325,1,1782359582.245813,0.0016086101531982422
100448,normal,2656,0,1782359582.2481842,0.0023713111877441406
100449,normal,1064,0,1782359582.2498667,0.0016825199127197266
100450,normal,3273,1,1782359582.2520578,0.0021910667419433594
100451,normal,3117,1,1782359582.2539098,0.0018520355224609375
100452,normal,2097,0,1782359582.2561421,0.0022323131561279297
100453,normal,3633,0,1782359582.2578256,0.0016834735870361328
100454,normal,786,2,1782359582.2602036,0.0023779869079589844
100455,normal,2260,0,1782359582.2619522,0.0017485618591308594
100456,normal,820,2,1782359582.263833,0.0018808841705322266
100457,normal,3492,0,1782359582.2662065,0.0023734569549560547
100458,normal,3100,1,1782359582.2678037,0.0015971660614013672
100459,normal,1517,0,1782359582.2700002,0.0021965503692626953
100460,normal,3173,1,1782359582.2720163,0.0020160675048828125
100461,normal,2945,0,1782359582.274,0.001983642578125
100462,normal,267,0,1782359582.275994,0.0019941329956054688
100463,normal,1990,0,1782359582.2782907,0.0022966861724853516
100464,normal,839,2,1782359582.2810588,0.0027680397033691406
100465,normal,2937,0,1782359582.282005,0.0009462833404541016
100466,normal,1533,0,1782359582.2840452,0.0020401477813720703
100467,normal,3074,1,1782359582.2860136,0.0019683837890625
100468,normal,3599,0,1782359582.2881238,0.0021102428436279297
100469,normal,3049,1,1782359582.2899709,0.0018470287322998047
100470,normal,381,0,1782359582.2918384,0.001867532730102539
100471,normal,1867,0,1782359582.2939737,0.0021352767944335938
100472,normal,1001,2,1782359582.2958128,0.0018391609191894531
100473,normal,2593,0,1782359582.2981565,0.0023436546325683594
100474,normal,2008,0,1782359582.2997923,0.0016357898712158203
100475,normal,2147,0,1782359582.3021605,0.0023682117462158203
100476,normal,2511,0,1782359582.3039749,0.0018143653869628906
100477,normal,378,0,1782359582.3057914,0.0018165111541748047
100478,normal,1921,0,1782359582.3080692,0.002277851104736328
100479,normal,1951,0,1782359582.310016,0.0019466876983642578
100480,normal,2880,0,1782359582.3117962,0.0017802715301513672
100481,normal,2052,0,1782359582.3138983,0.0021021366119384766
100482,normal,1771,0,1782359582.3160138,0.002115488052368164
100483,normal,961,2,1782359582.3177943,0.0017805099487304688
100484,normal,1241,0,1782359582.3200824,0.0022881031036376953
100485,normal,1160,0,1782359582.3220184,0.0019359588623046875
100486,normal,1429,0,1782359582.323791,0.0017726421356201172
100487,normal,718,0,1782359582.3259935,0.0022025108337402344
100488,normal,1873,0,1782359582.327848,0.0018544197082519531
100489,normal,1444,0,1782359582.3299608,0.002112865447998047
100490,normal,901,2,1782359582.3318107,0.0018498897552490234
100491,normal,873,2,1782359582.334037,0.0022263526916503906
100492,normal,3426,0,1782359582.335787,0.0017499923706054688
100493,normal,2347,0,1782359582.3379798,0.0021927356719970703
100494,normal,2802,0,1782359582.3400443,0.0020644664764404297
100495,normal,976,2,1782359582.3419926,0.0019483566284179688
100496,normal,487,0,1782359582.3440323,0.002039670944213867
100497,normal,348,0,1782359582.345966,0.0019338130950927734
100498,normal,1414,0,1782359582.3481278,0.002161741256713867
100499,normal,2444,0,1782359582.3497996,0.0016717910766601562
100500,normal,342,0,1782359582.3520565,0.0022568702697753906
100501,normal,2910,0,1782359582.353768,0.0017116069793701172
100502,normal,3673,0,1782359582.3560061,0.002238035202026367
100503,normal,114,0,1782359582.3579652,0.001959085464477539
100504,normal,3571,0,1782359582.359791,0.0018258094787597656
100505,normal,129,0,1782359582.362077,0.0022859573364257812
100506,normal,1310,0,1782359582.363776,0.0016989707946777344
100507,normal,3453,0,1782359582.3660023,0.0022263526916503906
100508,normal,2984,0,1782359582.3678372,0.001834869384765625
100509,normal,3111,1,1782359582.3700132,0.002176046371459961
100510,normal,1295,0,1782359582.371798,0.0017848014831542969
100511,normal,1550,0,1782359582.3739727,0.0021746158599853516
100512,normal,195,0,1782359582.3759828,0.0020101070404052734
100513,normal,1739,0,1782359582.377788,0.0018053054809570312
100514,normal,1534,0,1782359582.3802056,0.0024175643920898438
100515,normal,2806,0,1782359582.3818357,0.0016300678253173828
100516,normal,3137,1,1782359582.3837934,0.0019576549530029297
100517,normal,727,0,1782359582.3860488,0.0022554397583007812
100518,normal,2787,0,1782359582.3879833,0.0019345283508300781
100519,normal,2153,0,1782359582.3898008,0.001817464828491211
100520,normal,787,2,1782359582.3920348,0.0022339820861816406
100521,normal,3158,1,1782359582.394111,0.0020761489868164062
100522,normal,690,0,1782359582.3957827,0.0016717910766601562
100523,normal,715,0,1782359582.3980598,0.0022771358489990234
100524,normal,1934,0,1782359582.3999703,0.0019104480743408203
100525,normal,2694,0,1782359582.40181,0.0018396377563476562
100526,normal,1168,0,1782359582.4040618,0.002251863479614258
100527,normal,2933,0,1782359582.4060247,0.001962900161743164
100528,normal,3228,1,1782359582.407806,0.0017812252044677734
100529,normal,2446,0,1782359582.4098687,0.0020627975463867188
100530,normal,1775,0,1782359582.4119735,0.0021047592163085938
100531,normal,1642,0,1782359582.413812,0.0018384456634521484
100532,normal,3178,1,1782359582.4160311,0.0022192001342773438
100533,normal,1388,0,1782359582.4180074,0.0019762516021728516
100534,normal,1884,0,1782359582.4198048,0.0017974376678466797
100535,normal,584,0,1782359582.4218888,0.002084016799926758
100536,normal,2702,0,1782359582.424,0.002111196517944336
100537,normal,1659,0,1782359582.4258046,0.0018045902252197266
100538,normal,3293,1,1782359582.428008,0.0022034645080566406
100539,normal,477,0,1782359582.4300034,0.0019953250885009766
100540,normal,1964,0,1782359582.4317856,0.0017821788787841797
100541,normal,1740,0,1782359582.433879,0.0020933151245117188
100542,normal,2491,0,1782359582.4360182,0.0021393299102783203
100543,normal,1380,1,1782359582.4378135,0.0017952919006347656
100544,normal,1976,0,1782359582.4400434,0.002229928970336914
100545,normal,2485,0,1782359582.4419584,0.00191497802734375
100546,normal,99,0,1782359582.4438019,0.0018434524536132812
100547,normal,1585,0,1782359582.4459305,0.00212860107421875
100548,normal,2212,0,1782359582.4479954,0.002064943313598633
100549,normal,2348,0,1782359582.4498253,0.0018298625946044922
100550,normal,1887,0,1782359582.4518104,0.0019850730895996094
100551,normal,143,0,1782359582.4539971,0.0021867752075195312
100552,normal,2632,0,1782359582.4557977,0.001800537109375
100553,normal,336,0,1782359582.4579754,0.002177715301513672
100554,normal,1208,0,1782359582.4600053,0.002029895782470703
100555,normal,2,0,1782359582.461765,0.0017597675323486328
100556,normal,2852,0,1782359582.4640386,0.0022735595703125
100557,normal,1567,0,1782359582.4659655,0.0019268989562988281
100558,normal,1862,0,1782359582.4678206,0.0018551349639892578
100559,normal,1112,0,1782359582.4700844,0.002263784408569336
100560,normal,3223,1,1782359582.4719596,0.001875162124633789
100561,normal,320,0,1782359582.4738312,0.0018715858459472656
100562,normal,3574,0,1782359582.4758875,0.0020563602447509766
100563,normal,3575,0,1782359582.4779716,0.002084016799926758
100564,normal,1141,0,1782359582.4797893,0.0018177032470703125
100565,normal,1217,0,1782359582.481977,0.0021877288818359375
100566,normal,1757,0,1782359582.4840026,0.002025604248046875
100567,normal,2609,0,1782359582.485798,0.0017952919006347656
100568,normal,91,0,1782359582.4880698,0.002271890640258789
100569,normal,2404,0,1782359582.4899666,0.0018968582153320312
100570,normal,2049,0,1782359582.4917884,0.001821756362915039
100571,normal,1059,0,1782359582.4939792,0.002190828323364258
100572,normal,3179,1,1782359582.495994,0.0020148754119873047
100573,normal,2086,0,1782359582.4977756,0.001781463623046875
100574,normal,2831,0,1782359582.4999835,0.0022079944610595703
100575,normal,747,0,1782359582.5020156,0.002032041549682617
100576,normal,466,0,1782359582.5037878,0.001772165298461914
100577,normal,1998,0,1782359582.5060728,0.002285003662109375
100578,normal,2944,0,1782359582.507782,0.0017092227935791016
100579,normal,537,0,1782359582.5099533,0.0021712779998779297
100580,normal,2482,0,1782359582.5117753,0.0018219947814941406
100581,normal,1971,0,1782359582.5139768,0.002201557159423828
100582,normal,1913,0,1782359582.5157878,0.0018110275268554688
100583,normal,1544,0,1782359582.5179646,0.0021767616271972656
100584,normal,3605,0,1782359582.5199664,0.0020017623901367188
100585,normal,1535,0,1782359582.5217745,0.00180816650390625
100586,normal,2916,0,1782359582.523961,0.0021865367889404297
100587,normal,1120,0,1782359582.5259838,0.0020227432250976562
100588,normal,2197,0,1782359582.5278134,0.0018296241760253906
100589,normal,183,0,1782359582.5298665,0.0020530223846435547
100590,normal,3480,0,1782359582.5320888,0.002222299575805664
100591,normal,1076,0,1782359582.5337815,0.0016927719116210938
100592,normal,766,0,1782359582.5358086,0.0020270347595214844
100593,normal,3266,1,1782359582.5380204,0.0022118091583251953
100594,normal,914,2,1782359582.5397842,0.0017638206481933594
100595,normal,795,2,1782359582.5419886,0.002204418182373047
100596,normal,2163,0,1782359582.5438776,0.0018889904022216797
100597,normal,996,2,1782359582.5457659,0.001888275146484375
100598,normal,2329,0,1782359582.547929,0.0021631717681884766
100599,normal,2457,0,1782359582.5498867,0.0019576549530029297
100600,normal,226,0,1782359582.5517836,0.0018968582153320312
100601,normal,2842,0,1782359582.5539849,0.0022013187408447266
100602,normal,1148,0,1782359582.5558984,0.0019135475158691406
100603,normal,1904,0,1782359582.5577695,0.0018711090087890625
100604,normal,1006,2,1782359582.5599606,0.0021910667419433594
100605,normal,2563,0,1782359582.5618942,0.0019335746765136719
100606,normal,2375,0,1782359582.5637925,0.0018982887268066406
100607,normal,1883,0,1782359582.566051,0.0022585391998291016
100608,normal,2557,0,1782359582.5679047,0.0018537044525146484
100609,normal,660,0,1782359582.5698078,0.0019030570983886719
100610,normal,1615,0,1782359582.5719633,0.0021555423736572266
100611,normal,2486,0,1782359582.5739996,0.0020363330841064453
100612,normal,2886,0,1782359582.575823,0.00182342529296875
100613,normal,3409,0,1782359582.5780332,0.0022101402282714844
100614,normal,230,0,1782359582.5800083,0.0019750595092773438
100615,normal,3573,0,1782359582.5818052,0.0017969608306884766
100616,normal,2956,0,1782359582.5840342,0.002228975296020508
100617,normal,827,2,1782359582.5859919,0.0019576549530029297
100618,normal,3147,1,1782359582.5878088,0.0018169879913330078
100619,normal,2948,0,1782359582.590037,0.002228260040283203
100620,normal,1620,0,1782359582.5919907,0.001953601837158203
100621,normal,2629,0,1782359582.593813,0.0018222332000732422
100622,normal,2056,0,1782359582.595804,0.0019910335540771484
100623,normal,2355,0,1782359582.5979826,0.002178668975830078
100624,normal,2466,0,1782359582.59981,0.001827239990234375
100625,normal,2105,0,1782359582.602024,0.002214193344116211
100626,normal,1365,1,1782359582.6040046,0.0019805431365966797
100627,normal,1149,0,1782359582.6058211,0.0018165111541748047
100628,normal,3144,1,1782359582.6079779,0.0021567344665527344
100629,normal,333,0,1782359582.6099849,0.002007007598876953
100630,normal,3153,1,1782359582.6118138,0.001828908920288086
100631,normal,2532,0,1782359582.6140296,0.002215862274169922
100632,normal,2623,0,1782359582.616009,0.001979351043701172
100633,normal,1128,0,1782359582.6177692,0.001760244369506836
100634,normal,2738,0,1782359582.6200078,0.0022385120391845703
100635,normal,1565,0,1782359582.6219888,0.001981019973754883
100636,normal,2302,0,1782359582.6237955,0.0018067359924316406
100637,normal,597,0,1782359582.6259854,0.0021898746490478516
100638,normal,3541,0,1782359582.6279905,0.0020051002502441406
100639,normal,2402,0,1782359582.629863,0.0018725395202636719
100640,normal,96,0,1782359582.6318696,0.00200653076171875
100641,normal,1849,0,1782359582.6339922,0.002122640609741211
100642,normal,3236,1,1782359582.6358187,0.0018265247344970703
100643,normal,1238,0,1782359582.6380017,0.0021829605102539062
100644,normal,1337,1,1782359582.6399794,0.001977682113647461
100645,normal,2413,0,1782359582.6418102,0.0018308162689208984
100646,normal,2631,0,1782359582.6440346,0.002224445343017578
100647,normal,1184,0,1782359582.6459956,0.0019609928131103516
100648,normal,3034,0,1782359582.6478148,0.0018191337585449219
100649,normal,2304,0,1782359582.6499982,0.0021834373474121094
100650,normal,2734,0,1782359582.6520147,0.0020165443420410156
100651,normal,2536,0,1782359582.6538067,0.0017919540405273438
100652,normal,1311,0,1782359582.6560597,0.0022530555725097656
100653,normal,2065,0,1782359582.657984,0.001924276351928711
100654,normal,536,0,1782359582.6597989,0.0018148422241210938
100655,normal,558,0,1782359582.661887,0.0020880699157714844
100656,normal,2613,0,1782359582.663922,0.0020351409912109375
100657,normal,3334,1,1782359582.665798,0.0018758773803710938
100658,normal,3240,1,1782359582.6680472,0.0022492408752441406
100659,normal,2494,0,1782359582.6700456,0.001998424530029297
100660,normal,3693,0,1782359582.671805,0.0017592906951904297
100661,normal,3661,0,1782359582.6738663,0.0020613670349121094
100662,normal,2655,0,1782359582.675982,0.0021157264709472656
100663,normal,1651,0,1782359582.677943,0.0019609928131103516
100664,normal,1541,0,1782359582.679815,0.0018720626831054688
100665,normal,556,0,1782359582.681996,0.0021810531616210938
100666,normal,1547,0,1782359582.6838212,0.001825094223022461
100667,normal,1799,0,1782359582.6858962,0.0020749568939208984
100668,normal,113,0,1782359582.687888,0.001991748809814453
100669,normal,2205,0,1782359582.6897392,0.0018513202667236328
100670,normal,142,0,1782359582.6917925,0.0020532608032226562
100671,normal,148,0,1782359582.6937695,0.0019769668579101562
100672,normal,3395,1,1782359582.695732,0.0019626617431640625
100673,normal,2658,0,1782359582.6977603,0.002028226852416992
100674,normal,982,2,1782359582.6997688,0.0020084381103515625
100675,normal,1275,0,1782359582.7017229,0.0019540786743164062
100676,normal,3318,1,1782359582.7037613,0.0020384788513183594
100677,normal,1888,0,1782359582.7057421,0.0019807815551757812
100678,normal,1674,0,1782359582.7077124,0.0019702911376953125
100679,normal,2807,0,1782359582.709792,0.002079486846923828
100680,normal,3536,0,1782359582.7117388,0.0019469261169433594
100681,normal,516,0,1782359582.7137785,0.002039670944213867
100682,normal,1515,0,1782359582.7157123,0.0019338130950927734
100683,normal,878,2,1782359582.7177732,0.0020608901977539062
100684,normal,2558,0,1782359582.7197168,0.0019435882568359375
100685,normal,2728,0,1782359582.7217817,0.002064943313598633
100686,normal,2229,0,1782359582.7237427,0.0019609928131103516
100687,normal,2808,0,1782359582.7257168,0.0019741058349609375
100688,normal,1214,0,1782359582.7277873,0.0020704269409179688
100689,normal,2247,0,1782359582.7297447,0.001957416534423828
100690,normal,413,0,1782359582.73178,0.002035379409790039
100691,normal,1315,0,1782359582.733714,0.001934051513671875
100692,normal,1720,0,1782359582.735768,0.002053976058959961
100693,normal,1162,0,1782359582.7377117,0.0019435882568359375
100694,normal,1563,0,1782359582.7397895,0.002077817916870117
100695,normal,2160,0,1782359582.741745,0.0019555091857910156
100696,normal,1727,0,1782359582.743709,0.001964092254638672
100697,normal,1483,0,1782359582.7457876,0.002078533172607422
100698,normal,1130,0,1782359582.7478237,0.0020360946655273438
100699,normal,1047,0,1782359582.7497513,0.0019276142120361328
100700,normal,1202,0,1782359582.7517562,0.002004861831665039
100701,normal,1619,0,1782359582.753797,0.002040863037109375
100702,normal,321,0,1782359582.7557743,0.001977205276489258
100703,normal,1732,0,1782359582.7577512,0.0019769668579101562
100704,normal,862,2,1782359582.7597995,0.0020482540130615234
100705,normal,266,0,1782359582.7617776,0.001978158950805664
100706,normal,3083,1,1782359582.7637422,0.001964569091796875
100707,normal,1080,0,1782359582.7657986,0.0020563602447509766
100708,normal,3195,1,1782359582.767775,0.001976490020751953
100709,normal,1819,0,1782359582.769751,0.00197601318359375
100710,normal,3107,1,1782359582.7718022,0.002051115036010742
100711,normal,977,2,1782359582.7737744,0.001972198486328125
100712,normal,541,0,1782359582.7757475,0.0019731521606445312
100713,normal,3653,0,1782359582.777812,0.0020644664764404297
100714,normal,1026,2,1782359582.7797496,0.0019376277923583984
100715,normal,3258,1,1782359582.7817748,0.002025127410888672
100716,normal,1182,0,1782359582.7837977,0.002022981643676758
100717,normal,2689,0,1782359582.7857733,0.001975536346435547
100718,normal,2813,0,1782359582.7877474,0.0019741058349609375
100719,normal,3497,0,1782359582.789787,0.002039670944213867
100720,normal,1267,0,1782359582.7917542,0.001967191696166992
100721,normal,880,2,1782359582.7937543,0.002000093460083008
100722,normal,2688,0,1782359582.7958093,0.002054929733276367
100723,normal,3441,0,1782359582.7977774,0.0019681453704833984
100724,normal,3285,1,1782359582.7997503,0.0019729137420654297
100725,normal,283,0,1782359582.801809,0.002058744430541992
100726,normal,1669,0,1782359582.8037505,0.0019414424896240234
100727,normal,1375,1,1782359582.8057506,0.002000093460083008
100728,normal,3220,1,1782359582.8078,0.0020494461059570312
100729,normal,729,0,1782359582.8097742,0.0019741058349609375
100730,normal,343,0,1782359582.8117485,0.001974344253540039
100731,normal,1246,0,1782359582.8137999,0.0020513534545898438
100732,normal,3349,1,1782359582.8157501,0.0019502639770507812
100733,normal,200,0,1782359582.8177578,0.002007722854614258
100734,normal,815,2,1782359582.819814,0.002056121826171875
100735,normal,1351,1,1782359582.821776,0.001961946487426758
100736,normal,3514,0,1782359582.823751,0.0019750595092773438
100737,normal,282,0,1782359582.825842,0.002090930938720703
100738,normal,1510,0,1782359582.8277762,0.0019342899322509766
100739,normal,424,0,1782359582.8297877,0.002011537551879883
100740,normal,2615,0,1782359582.831808,0.0020203590393066406
100741,normal,1706,0,1782359582.8337498,0.001941680908203125
100742,normal,1152,0,1782359582.8357508,0.002001047134399414
100743,normal,353,0,1782359582.8377953,0.0020444393157958984
100744,normal,2823,0,1782359582.8397765,0.0019812583923339844
100745,normal,1119,0,1782359582.8417509,0.001974344253540039
100746,normal,163,0,1782359582.8438058,0.002054929733276367
100747,normal,494,0,1782359582.8457813,0.001975536346435547
100748,normal,2645,0,1782359582.8477516,0.0019702911376953125
100749,normal,2870,0,1782359582.8498085,0.0020568370819091797
100750,normal,1419,0,1782359582.8517487,0.0019402503967285156
100751,normal,1334,1,1782359582.8537736,0.0020248889923095703
100752,normal,1839,0,1782359582.8557832,0.0020096302032470703
100753,normal,1263,0,1782359582.8577762,0.001992940902709961
100754,normal,436,0,1782359582.859748,0.001971721649169922
100755,normal,2606,0,1782359582.8618126,0.0020647048950195312
100756,normal,1927,0,1782359582.8637743,0.0019617080688476562
100757,normal,2571,0,1782359582.865755,0.0019807815551757812
100758,normal,2851,0,1782359582.867805,0.0020499229431152344
100759,normal,1523,0,1782359582.8697503,0.0019452571868896484
100760,normal,3149,1,1782359582.8717763,0.002026081085205078
100761,normal,2522,0,1782359582.8737967,0.0020203590393066406
100762,normal,1072,0,1782359582.8757765,0.001979827880859375
100763,normal,2385,0,1782359582.877753,0.001976490020751953
100764,normal,1378,1,1782359582.8798053,0.00205230712890625
100765,normal,1087,0,1782359582.8817525,0.001947164535522461
100766,normal,1596,0,1782359582.8837755,0.002022981643676758
100767,normal,2358,0,1782359582.8857958,0.0020203590393066406
100768,normal,146,0,1782359582.8877785,0.0019826889038085938
100769,normal,1258,0,1782359582.8897576,0.0019791126251220703
100770,normal,791,2,1782359582.891803,0.0020453929901123047
100771,normal,2900,0,1782359582.8937535,0.0019505023956298828
100772,normal,309,0,1782359582.8957791,0.002025604248046875
100773,normal,1194,0,1782359582.8977907,0.002011537551879883
100774,normal,2906,0,1782359582.8997767,0.0019860267639160156
100775,normal,1172,0,1782359582.9017513,0.0019745826721191406
100776,normal,1634,0,1782359582.9038134,0.002062082290649414
100777,normal,1545,0,1782359582.9057524,0.0019390583038330078
100778,normal,3462,0,1782359582.907773,0.002020597457885742
100779,normal,2382,0,1782359582.9097924,0.0020194053649902344
100780,normal,2964,0,1782359582.9117777,0.001985311508178711
100781,normal,1308,0,1782359582.9137537,0.00197601318359375
100782,normal,994,2,1782359582.9157903,0.002036571502685547
100783,normal,987,2,1782359582.9177363,0.0019459724426269531
100784,normal,2947,0,1782359582.9197834,0.0020470619201660156
100785,normal,2778,0,1782359582.9218004,0.0020170211791992188
100786,normal,3181,1,1782359582.9237545,0.0019540786743164062
100787,normal,2183,0,1782359582.9257822,0.002027750015258789
100788,normal,1648,0,1782359582.927798,0.002015829086303711
100789,normal,109,0,1782359582.9297774,0.001979351043701172
100790,normal,1164,0,1782359582.9317489,0.0019714832305908203
100791,normal,888,2,1782359582.9338295,0.002080678939819336
100792,normal,1384,0,1782359582.9357502,0.0019207000732421875
100793,normal,350,0,1782359582.937759,0.002008676528930664
100794,normal,704,0,1782359582.9397945,0.0020356178283691406
100795,normal,2748,0,1782359582.9417708,0.0019762516021728516
100796,normal,2259,0,1782359582.9437492,0.0019783973693847656
100797,normal,274,0,1782359582.945837,0.002087831497192383
100798,normal,3063,1,1782359582.9477494,0.0019123554229736328
100799,normal,2857,0,1782359582.9497733,0.002023935317993164
100800,normal,2853,0,1782359582.951789,0.0020155906677246094
100801,normal,355,0,1782359582.953777,0.0019881725311279297
100802,normal,3669,0,1782359582.9557505,0.001973390579223633
100803,normal,3057,1,1782359582.9578426,0.002092123031616211
100804,normal,3009,0,1782359582.9597504,0.0019078254699707031
100805,normal,1578,0,1782359582.9617765,0.002026081085205078
100806,normal,1947,0,1782359582.9640036,0.0022270679473876953
100807,normal,2392,0,1782359582.9657922,0.0017886161804199219
100808,normal,1798,0,1782359582.968002,0.002209901809692383
100809,normal,2891,0,1782359582.9698455,0.0018434524536132812
100810,normal,452,0,1782359582.971908,0.002062559127807617
100811,normal,1257,0,1782359582.9738061,0.001898050308227539
100812,normal,1929,0,1782359582.975971,0.0021648406982421875
100813,normal,1389,0,1782359582.9778094,0.0018384456634521484
100814,normal,51,0,1782359582.9801567,0.002347230911254883
100815,normal,1338,1,1782359582.981795,0.0016384124755859375
100816,normal,1958,0,1782359582.9837315,0.0019364356994628906
100817,normal,1491,0,1782359582.985719,0.001987457275390625
100818,normal,224,0,1782359582.9877815,0.002062559127807617
100819,normal,154,0,1782359582.9897172,0.001935720443725586
100820,normal,3232,1,1782359582.9917834,0.0020661354064941406
100821,normal,2115,0,1782359582.993743,0.001959562301635742
100822,normal,482,0,1782359582.9957805,0.002037525177001953
100823,normal,3638,0,1782359582.997756,0.001975536346435547
100824,normal,3067,1,1782359582.9998229,0.0020668506622314453
100825,normal,1302,0,1782359583.00175,0.0019271373748779297
100826,normal,2814,0,1782359583.0037763,0.0020263195037841797
100827,normal,317,0,1782359583.0057926,0.002016305923461914
100828,normal,2817,0,1782359583.0077772,0.0019845962524414062
100829,normal,261,0,1782359583.0097518,0.0019745826721191406
100830,normal,2668,0,1782359583.011839,0.002087116241455078
100831,normal,1125,0,1782359583.013783,0.0019440650939941406
100832,normal,2292,0,1782359583.0157542,0.0019712448120117188
100833,normal,1454,0,1782359583.0178137,0.002059459686279297
100834,normal,2799,0,1782359583.019775,0.001961231231689453
100835,normal,3110,1,1782359583.0217505,0.001975536346435547
100836,normal,1753,0,1782359583.023815,0.0020644664764404297
100837,normal,3429,0,1782359583.0257502,0.0019352436065673828
100838,normal,517,0,1782359583.0277545,0.002004384994506836
100839,normal,1446,0,1782359583.0297945,0.0020399093627929688
100840,normal,2242,0,1782359583.0317788,0.0019843578338623047
100841,normal,1989,0,1782359583.0337772,0.001998424530029297
100842,normal,1564,0,1782359583.03581,0.002032756805419922
100843,normal,732,0,1782359583.037775,0.001965045928955078
100844,normal,87,0,1782359583.0397503,0.0019752979278564453
100845,normal,1033,0,1782359583.0418022,0.002051830291748047
100846,normal,168,0,1782359583.0437498,0.001947641372680664
100847,normal,3054,1,1782359583.0457854,0.0020356178283691406
100848,normal,1394,0,1782359583.0478027,0.0020172595977783203
100849,normal,1915,0,1782359583.0497768,0.0019741058349609375
100850,normal,819,2,1782359583.0517538,0.0019769668579101562
100851,normal,1243,0,1782359583.0538244,0.0020706653594970703
100852,normal,3116,1,1782359583.0557494,0.0019249916076660156
100853,normal,501,0,1782359583.057754,0.0020046234130859375
100854,normal,671,0,1782359583.0597978,0.0020437240600585938
100855,normal,2652,0,1782359583.0617754,0.001977682113647461
100856,normal,2273,0,1782359583.0637586,0.001983165740966797
100857,normal,1864,0,1782359583.0658062,0.0020475387573242188
100858,normal,2014,0,1782359583.0677505,0.0019443035125732422
100859,normal,1466,0,1782359583.0697496,0.0019991397857666016
100860,normal,807,2,1782359583.0717897,0.0020401477813720703
100861,normal,3460,0,1782359583.0737765,0.0019867420196533203
100862,normal,967,2,1782359583.075753,0.001976490020751953
100863,normal,404,0,1782359583.077799,0.0020461082458496094
100864,normal,3506,0,1782359583.0797794,0.001980304718017578
100865,normal,81,0,1782359583.0817492,0.0019698143005371094
100866,normal,1021,2,1782359583.0838065,0.002057313919067383
100867,normal,865,2,1782359583.0857506,0.0019440650939941406
100868,normal,174,0,1782359583.0877767,0.002026081085205078
100869,normal,2419,0,1782359583.0898046,0.0020279884338378906
100870,normal,22,0,1782359583.0918016,0.0019969940185546875
100871,normal,2213,0,1782359583.093752,0.0019502639770507812
100872,normal,790,2,1782359583.0958233,0.002071380615234375
100873,normal,3508,0,1782359583.0977511,0.0019278526306152344
100874,normal,2265,0,1782359583.099774,0.0020227432250976562
100875,normal,3470,0,1782359583.1018226,0.0020487308502197266
100876,normal,2541,0,1782359583.1037762,0.001953601837158203
100877,normal,2050,0,1782359583.1057506,0.001974344253540039
100878,normal,2218,0,1782359583.1078026,0.0020520687103271484
100879,normal,2409,0,1782359583.1097515,0.0019488334655761719
100880,normal,2296,0,1782359583.1117754,0.002023935317993164
100881,normal,3538,0,1782359583.1137953,0.0020198822021484375
100882,normal,934,2,1782359583.1157763,0.001981019973754883
100883,normal,542,0,1782359583.1177526,0.0019762516021728516
100884,normal,2025,0,1782359583.1198375,0.002084970474243164
100885,normal,3196,1,1782359583.1217966,0.001959085464477539
100886,normal,1279,0,1782359583.1237671,0.001970529556274414
100887,normal,165,0,1782359583.1258173,0.002050161361694336
100888,normal,2062,0,1782359583.127762,0.0019447803497314453
100889,normal,667,0,1782359583.1302547,0.002492666244506836
100890,normal,1098,0,1782359583.1318083,0.0015535354614257812
100891,normal,3490,0,1782359583.1337717,0.001963376998901367
100892,normal,2544,0,1782359583.1360245,0.002252817153930664
100893,normal,659,0,1782359583.1378663,0.0018417835235595703
100894,normal,3558,0,1782359583.1398199,0.001953601837158203
100895,normal,3533,0,1782359583.1419892,0.002169370651245117
100896,normal,966,2,1782359583.144132,0.002142667770385742
100897,normal,219,0,1782359583.1457353,0.0016033649444580078
100898,normal,3151,1,1782359583.147791,0.002055644989013672
100899,normal,800,2,1782359583.1497962,0.002005338668823242
100900,normal,3626,0,1782359583.1517158,0.0019195079803466797
100901,normal,898,2,1782359583.1540656,0.002349853515625
100902,normal,515,0,1782359583.15589,0.0018243789672851562
100903,normal,3124,1,1782359583.1577725,0.0018825531005859375
100904,normal,1861,0,1782359583.1599638,0.002191305160522461
100905,normal,285,0,1782359583.1618397,0.0018758773803710938
100906,normal,3438,0,1782359583.1638062,0.0019664764404296875
100907,normal,1526,0,1782359583.1660187,0.0022125244140625
100908,normal,3379,1,1782359583.1679072,0.0018885135650634766
100909,normal,989,2,1782359583.1697922,0.0018849372863769531
100910,normal,145,0,1782359583.1719906,0.002198457717895508
100911,normal,3466,0,1782359583.1739776,0.001986980438232422
100912,normal,1478,0,1782359583.1757877,0.0018100738525390625
100913,normal,112,0,1782359583.1780689,0.00228118896484375
100914,normal,2391,0,1782359583.1799705,0.0019016265869140625
100915,normal,304,0,1782359583.181776,0.0018055438995361328
100916,normal,1984,0,1782359583.1840427,0.0022666454315185547
100917,normal,229,0,1782359583.1859756,0.0019328594207763672
100918,normal,409,0,1782359583.1877875,0.001811981201171875
100919,normal,228,0,1782359583.1899874,0.002199888229370117
100920,normal,2635,0,1782359583.191968,0.0019805431365966797
100921,normal,2032,0,1782359583.1937857,0.0018177032470703125
100922,normal,1587,0,1782359583.1960456,0.002259969711303711
100923,normal,1972,0,1782359583.1979744,0.0019288063049316406
100924,normal,3666,0,1782359583.1997948,0.0018203258514404297
100925,normal,2368,0,1782359583.2019868,0.0021920204162597656
100926,normal,1838,0,1782359583.2039788,0.0019919872283935547
100927,normal,3681,0,1782359583.2057872,0.0018084049224853516
100928,normal,2326,0,1782359583.2080786,0.002291440963745117
100929,normal,214,0,1782359583.209972,0.0018932819366455078
100930,normal,779,2,1782359583.2117753,0.0018033981323242188
100931,normal,1123,0,1782359583.2140582,0.002282857894897461
100932,normal,2882,0,1782359583.2159715,0.001913309097290039
100933,normal,3353,1,1782359583.2177947,0.0018231868743896484
100934,normal,887,2,1782359583.2200847,0.002290010452270508
100935,normal,1818,0,1782359583.2219708,0.001886129379272461
100936,normal,1196,0,1782359583.2237754,0.0018045902252197266
100937,normal,2130,0,1782359583.225964,0.0021886825561523438
100938,normal,2621,0,1782359583.2279997,0.0020356178283691406
100939,normal,253,0,1782359583.2297904,0.001790761947631836
100940,normal,3544,0,1782359583.232087,0.00229644775390625
100941,normal,1874,0,1782359583.2339876,0.0019006729125976562
100942,normal,1930,0,1782359583.2357848,0.0017971992492675781
100943,normal,2305,0,1782359583.237885,0.002100229263305664
100944,normal,1056,0,1782359583.2401834,0.0022983551025390625
100945,normal,1043,0,1782359583.241835,0.001651763916015625
100946,normal,3097,1,1782359583.24416,0.002324819564819336
100947,normal,635,0,1782359583.2459116,0.0017516613006591797
100948,normal,2562,0,1782359583.2479646,0.0020530223846435547
100949,normal,1145,0,1782359583.2501009,0.00213623046875
100950,normal,3176,1,1782359583.2520392,0.0019383430480957031
100951,normal,3597,0,1782359583.2537713,0.0017321109771728516
100952,normal,2299,0,1782359583.2561016,0.002330303192138672
100953,normal,1256,0,1782359583.2579885,0.0018868446350097656
100954,normal,111,0,1782359583.259786,0.0017974376678466797
100955,normal,3175,1,1782359583.2619987,0.0022127628326416016
100956,normal,71,0,1782359583.26397,0.0019712448120117188
100957,normal,3193,1,1782359583.2657735,0.0018036365509033203
100958,normal,2822,0,1782359583.2679803,0.0022068023681640625
100959,normal,27,0,1782359583.2699564,0.00197601318359375
100960,normal,1032,0,1782359583.2717893,0.0018329620361328125
100961,normal,3488,0,1782359583.2740054,0.0022161006927490234
100962,normal,259,0,1782359583.2759545,0.0019490718841552734
100963,normal,48,0,1782359583.2777739,0.0018193721771240234
100964,normal,3587,0,1782359583.2799823,0.0022084712982177734
100965,normal,2616,0,1782359583.281961,0.001978635787963867
100966,normal,2996,0,1782359583.2837849,0.0018239021301269531
100967,normal,2896,0,1782359583.2860103,0.0022253990173339844
100968,normal,882,2,1782359583.287969,0.0019588470458984375
100969,normal,1433,0,1782359583.2897744,0.0018053054809570312
100970,normal,1950,0,1782359583.2919564,0.0021820068359375
100971,normal,2711,0,1782359583.293981,0.0020246505737304688
100972,normal,3069,1,1782359583.2957861,0.0018050670623779297
100973,normal,1471,0,1782359583.2980158,0.0022296905517578125
100974,normal,3319,1,1782359583.2999673,0.001951456069946289
100975,normal,1681,0,1782359583.301772,0.0018048286437988281
100976,normal,2605,0,1782359583.3039978,0.002225637435913086
100977,normal,2943,0,1782359583.3059697,0.0019719600677490234
100978,normal,2058,0,1782359583.3077846,0.0018148422241210938
100979,normal,2295,0,1782359583.3100195,0.002234935760498047
100980,normal,3352,1,1782359583.3119633,0.001943826675415039
100981,normal,2199,0,1782359583.3137715,0.00180816650390625
100982,normal,2396,0,1782359583.315999,0.0022275447845458984
100983,normal,76,0,1782359583.3181558,0.0021567344665527344
100984,normal,2678,0,1782359583.3198118,0.0016560554504394531
100985,normal,2951,0,1782359583.3221126,0.002300739288330078
100986,normal,2546,0,1782359583.3240564,0.001943826675415039
100987,normal,952,2,1782359583.3259666,0.0019102096557617188
100988,normal,885,2,1782359583.3280032,0.002036571502685547
100989,normal,1583,0,1782359583.3301368,0.002133607864379883
100990,normal,2322,0,1782359583.3317983,0.001661539077758789
100991,normal,1037,0,1782359583.334114,0.0023157596588134766
100992,normal,77,0,1782359583.3360322,0.0019180774688720703
100993,normal,676,0,1782359583.337962,0.0019297599792480469
100994,normal,1342,1,1782359583.3400614,0.0020995140075683594
100995,normal,3351,1,1782359583.3421273,0.002065896987915039
100996,normal,731,0,1782359583.343796,0.001668691635131836
100997,normal,1213,0,1782359583.3461204,0.002324342727661133
100998,normal,1703,0,1782359583.348039,0.0019185543060302734
100999,normal,3520,0,1782359583.3500643,0.0020253658294677734
101000,normal,3089,1,1782359583.3518012,0.0017368793487548828
101001,normal,1023,2,1782359583.3537529,0.0019516944885253906
101002,normal,3212,1,1782359583.355756,0.002003192901611328
101003,normal,1860,0,1782359583.3577461,0.001990079879760742
101004,normal,544,0,1782359583.359804,0.002057790756225586
101005,normal,566,0,1782359583.3616998,0.001895904541015625
101006,normal,1451,0,1782359583.3638022,0.002102375030517578
101007,normal,763,0,1782359583.3659565,0.0021543502807617188
101008,normal,1895,0,1782359583.3677857,0.0018291473388671875
101009,normal,2716,0,1782359583.370056,0.002270221710205078
101010,normal,1345,1,1782359583.3719707,0.0019147396087646484
101011,normal,135,0,1782359583.3737876,0.0018169879913330078
101012,normal,2196,0,1782359583.3757837,0.0019960403442382812
101013,normal,3142,1,1782359583.3779826,0.002198934555053711
101014,normal,3565,0,1782359583.3797734,0.001790761947631836
101015,normal,1183,0,1782359583.382027,0.0022535324096679688
101016,normal,2975,0,1782359583.383964,0.0019371509552001953
101017,normal,3665,0,1782359583.385781,0.0018169879913330078
101018,normal,2108,0,1782359583.3880568,0.002275705337524414
101019,normal,2121,0,1782359583.3899674,0.0019106864929199219
101020,normal,1804,0,1782359583.391774,0.001806497573852539
101021,normal,2293,0,1782359583.3940375,0.0022635459899902344
101022,normal,2639,0,1782359583.3959186,0.0018811225891113281
101023,normal,3036,0,1782359583.3977861,0.001867532730102539
101024,normal,2512,0,1782359583.3999803,0.0021941661834716797
101025,normal,2125,0,1782359583.401954,0.0019736289978027344
101026,normal,3701,0,1782359583.4037747,0.0018208026885986328
101027,normal,1411,0,1782359583.406034,0.0022592544555664062
101028,normal,2784,0,1782359583.4079652,0.0019311904907226562
101029,normal,1089,0,1782359583.4097855,0.0018203258514404297
101030,normal,721,0,1782359583.411967,0.002181529998779297
101031,normal,2040,0,1782359583.413914,0.0019469261169433594
101032,normal,788,2,1782359583.4157743,0.0018603801727294922
101033,normal,1601,0,1782359583.4180682,0.002293825149536133
101034,normal,1948,0,1782359583.4198256,0.0017573833465576172
101035,normal,233,0,1782359583.4217482,0.001922607421875
101036,normal,606,0,1782359583.424118,0.0023698806762695312
101037,normal,2507,0,1782359583.4260094,0.0018913745880126953
101038,normal,2677,0,1782359583.4279828,0.001973390579223633
101039,normal,2930,0,1782359583.4300025,0.002019643783569336
101040,normal,1597,0,1782359583.4320965,0.0020940303802490234
101041,normal,2579,0,1782359583.4337704,0.0016739368438720703
101042,normal,232,0,1782359583.4360461,0.002275705337524414
101043,normal,2601,0,1782359583.4378858,0.0018396377563476562
101044,normal,3295,1,1782359583.4399033,0.002017498016357422
101045,normal,3254,1,1782359583.441856,0.0019526481628417969
101046,normal,318,0,1782359583.4441195,0.0022635459899902344
101047,normal,2002,0,1782359583.445773,0.001653432846069336
101048,normal,3115,1,1782359583.4479902,0.0022172927856445312
101049,normal,1590,0,1782359583.4498026,0.0018124580383300781
101050,normal,2595,0,1782359583.4518929,0.0020902156829833984
101051,normal,366,0,1782359583.4538088,0.0019159317016601562
101052,normal,8,0,1782359583.4560525,0.0022437572479248047
101053,normal,1039,0,1782359583.4577656,0.0017130374908447266
101054,normal,1224,0,1782359583.4599936,0.0022280216217041016
101055,normal,2960,0,1782359583.4618013,0.0018076896667480469
101056,normal,2015,0,1782359583.4639032,0.002101898193359375
101057,normal,855,2,1782359583.4659894,0.002086162567138672
101058,normal,17,0,1782359583.4679677,0.0019783973693847656
101059,normal,3477,0,1782359583.4697826,0.0018148422241210938
101060,normal,1473,0,1782359583.4719903,0.0022077560424804688
101061,normal,1341,1,1782359583.4739766,0.001986265182495117
101062,normal,2796,0,1782359583.4757688,0.0017921924591064453
101063,normal,3494,0,1782359583.4779658,0.0021970272064208984
101064,normal,1782,0,1782359583.4799898,0.002023935317993164
101065,normal,157,0,1782359583.48178,0.0017902851104736328
101066,normal,1897,0,1782359583.4839945,0.0022144317626953125
101067,normal,1666,0,1782359583.4860334,0.0020389556884765625
101068,normal,1178,0,1782359583.4877708,0.001737356185913086
101069,normal,2017,0,1782359583.4899766,0.0022058486938476562
101070,normal,2169,0,1782359583.491992,0.002015352249145508
101071,normal,430,0,1782359583.493792,0.0018000602722167969
101072,normal,2250,0,1782359583.49598,0.002187967300415039
101073,normal,970,2,1782359583.4980698,0.0020897388458251953
101074,normal,1066,0,1782359583.4997578,0.0016880035400390625
101075,normal,1678,0,1782359583.5017776,0.0020198822021484375
101076,normal,1652,0,1782359583.5037584,0.0019807815551757812
101077,normal,1404,0,1782359583.505736,0.001977682113647461
101078,normal,3267,1,1782359583.5077643,0.002028226852416992
101079,normal,1899,0,1782359583.5097566,0.0019922256469726562
101080,normal,3027,0,1782359583.511728,0.0019714832305908203
101081,normal,740,0,1782359583.5137649,0.0020368099212646484
101082,normal,1413,0,1782359583.5157485,0.001983642578125
101083,normal,37,0,1782359583.5177288,0.001980304718017578
101084,normal,1139,0,1782359583.5197775,0.0020487308502197266
101085,normal,422,0,1782359583.5217469,0.0019693374633789062
101086,normal,1439,0,1782359583.5237255,0.001978635787963867
101087,normal,1827,0,1782359583.5257723,0.002046823501586914
101088,normal,2091,0,1782359583.5277584,0.0019860267639160156
101089,normal,2339,0,1782359583.5297372,0.0019788742065429688
101090,normal,2820,0,1782359583.5317643,0.0020270347595214844
101091,normal,3331,1,1782359583.5337496,0.001985311508178711
101092,normal,2719,0,1782359583.5357285,0.0019788742065429688
101093,normal,1104,0,1782359583.5377738,0.0020453929901123047
101094,normal,1307,0,1782359583.5397499,0.00197601318359375
101095,normal,3516,0,1782359583.5417373,0.001987457275390625
101096,normal,94,0,1782359583.543767,0.0020296573638916016
101097,normal,574,0,1782359583.5457494,0.001982450485229492
101098,normal,1138,0,1782359583.5477252,0.0019757747650146484
101099,normal,3333,1,1782359583.549765,0.0020399093627929688
101100,normal,2520,0,1782359583.5517552,0.001990079879760742
101101,normal,575,0,1782359583.5537395,0.0019843578338623047
101102,normal,391,0,1782359583.5557623,0.0020227432250976562
101103,normal,601,0,1782359583.5577643,0.0020020008087158203
101104,normal,745,0,1782359583.5597265,0.0019621849060058594
101105,normal,3505,0,1782359583.5617733,0.002046823501586914
101106,normal,1479,0,1782359583.5637515,0.001978158950805664
101107,normal,2775,0,1782359583.5657396,0.0019881725311279297
101108,normal,3311,1,1782359583.5677722,0.0020325183868408203
101109,normal,1368,1,1782359583.5697546,0.001982450485229492
101110,normal,3404,0,1782359583.5717363,0.0019817352294921875
101111,normal,1537,0,1782359583.5737724,0.0020360946655273438
101112,normal,673,0,1782359583.5757453,0.0019729137420654297
101113,normal,1031,0,1782359583.5777194,0.0019741058349609375
101114,normal,1250,0,1782359583.5797808,0.0020613670349121094
101115,normal,2007,0,1782359583.581731,0.0019502639770507812
101116,normal,2871,0,1782359583.5837483,0.0020172595977783203
101117,normal,1940,0,1782359583.5857596,0.0020112991333007812
101118,normal,1709,0,1782359583.5877864,0.002026796340942383
101119,normal,2318,0,1782359583.5897388,0.0019524097442626953
101120,normal,3449,0,1782359583.5918088,0.0020699501037597656
101121,normal,1911,0,1782359583.5938158,0.002007007598876953
101122,normal,1745,0,1782359583.5957167,0.0019009113311767578
101123,normal,2758,0,1782359583.5978312,0.002114534378051758
101124,normal,666,0,1782359583.5999026,0.002071380615234375
101125,normal,965,2,1782359583.601726,0.00182342529296875
101126,normal,985,2,1782359583.60378,0.002053976058959961
101127,normal,3550,0,1782359583.605764,0.0019838809967041016
101128,normal,2818,0,1782359583.607748,0.001984119415283203
101129,normal,1503,0,1782359583.6097572,0.002009153366088867
101130,normal,2523,0,1782359583.6117353,0.001978158950805664
101131,normal,1788,0,1782359583.6137452,0.002009868621826172
101132,normal,332,0,1782359583.6157763,0.002031087875366211
101133,normal,396,0,1782359583.6177642,0.001987934112548828
101134,normal,837,2,1782359583.6197512,0.001986980438232422
101135,normal,1735,0,1782359583.621754,0.002002716064453125
101136,normal,3417,0,1782359583.623758,0.0020041465759277344
101137,normal,3644,0,1782359583.6257105,0.0019524097442626953
101138,normal,535,0,1782359583.6277742,0.002063751220703125
101139,normal,3332,1,1782359583.6297736,0.001999378204345703
101140,normal,2793,0,1782359583.6317453,0.001971721649169922
101141,normal,1488,0,1782359583.6337585,0.0020132064819335938
101142,normal,449,0,1782359583.6358259,0.0020673274993896484
101143,normal,2327,0,1782359583.6377153,0.0018894672393798828
101144,normal,3455,0,1782359583.6397893,0.002074003219604492
101145,normal,2405,0,1782359583.6417625,0.0019731521606445312
101146,normal,2380,0,1782359583.6437507,0.0019881725311279297
101147,normal,316,0,1782359583.6457548,0.0020041465759277344
101148,normal,915,2,1782359583.648011,0.002256155014038086
101149,normal,133,0,1782359583.6497648,0.0017538070678710938
101150,normal,1506,0,1782359583.651957,0.002192258834838867
101151,normal,3231,1,1782359583.6539817,0.0020246505737304688
101152,normal,1880,0,1782359583.6558356,0.00185394287109375
101153,normal,483,0,1782359583.6579995,0.0021638870239257812
101154,normal,916,2,1782359583.6599107,0.001911163330078125
101155,normal,3496,0,1782359583.661834,0.0019233226776123047
101156,normal,2151,0,1782359583.663981,0.0021469593048095703
101157,normal,942,2,1782359583.6658113,0.0018303394317626953
101158,normal,981,2,1782359583.6677744,0.0019631385803222656
101159,normal,2850,0,1782359583.669764,0.001989603042602539
101160,normal,2766,0,1782359583.6717935,0.0020294189453125
101161,normal,1287,0,1782359583.6737263,0.0019328594207763672
101162,normal,1377,1,1782359583.6757684,0.002042055130004883
101163,normal,2542,0,1782359583.6777487,0.001980304718017578
101164,normal,2828,0,1782359583.6797988,0.002050161361694336
101165,normal,2011,0,1782359583.6817148,0.0019159317016601562
101166,normal,735,0,1782359583.6837711,0.0020563602447509766
101167,normal,3680,0,1782359583.6857357,0.001964569091796875
101168,normal,105,0,1782359583.687796,0.002060413360595703
101169,normal,2336,0,1782359583.689765,0.001968860626220703
101170,normal,2366,0,1782359583.691737,0.0019719600677490234
101171,normal,1166,0,1782359583.6938968,0.0021598339080810547
101172,normal,2401,0,1782359583.695805,0.0019083023071289062
101173,normal,3167,1,1782359583.6977568,0.0019516944885253906
101174,normal,118,0,1782359583.6998465,0.0020897388458251953
101175,normal,11,0,1782359583.7017682,0.0019216537475585938
101176,normal,1968,0,1782359583.7037604,0.0019922256469726562
101177,normal,1091,0,1782359583.7058039,0.002043485641479492
101178,normal,268,0,1782359583.7077763,0.0019724369049072266
101179,normal,533,0,1782359583.7097862,0.002009868621826172
101180,normal,435,0,1782359583.7117896,0.0020034313201904297
101181,normal,1707,0,1782359583.713785,0.0019953250885009766
101182,normal,1844,0,1782359583.7157521,0.001967191696166992
101183,normal,2234,0,1782359583.7177896,0.002037525177001953
101184,normal,2657,0,1782359583.719797,0.0020072460174560547
101185,normal,2098,0,1782359583.7217577,0.00196075439453125
101186,normal,1527,0,1782359583.7237937,0.0020360946655273438
101187,normal,1435,0,1782359583.7257998,0.002006053924560547
101188,normal,2867,0,1782359583.727757,0.0019571781158447266
101189,normal,559,0,1782359583.7298086,0.0020515918731689453
101190,normal,674,0,1782359583.7318313,0.0020227432250976562
101191,normal,3015,0,1782359583.7337706,0.0019392967224121094
101192,normal,1668,0,1782359583.7357628,0.0019922256469726562
101193,normal,2282,0,1782359583.7377665,0.0020036697387695312
101194,normal,2383,0,1782359583.7397566,0.001990079879760742
101195,normal,2054,0,1782359583.741758,0.002001523971557617
101196,normal,941,2,1782359583.7437625,0.002004384994506836
101197,normal,924,2,1782359583.7457492,0.0019867420196533203
101198,normal,2641,0,1782359583.747812,0.0020627975463867188
101199,normal,2237,0,1782359583.7497387,0.0019266605377197266
101200,normal,688,0,1782359583.751775,0.0020363330841064453
101201,normal,1835,0,1782359583.753772,0.0019969940185546875
101202,normal,1724,0,1782359583.7557428,0.0019707679748535156
101203,normal,3559,0,1782359583.757731,0.0019881725311279297
101204,normal,3600,0,1782359583.759775,0.0020439624786376953
101205,normal,2691,0,1782359583.7617278,0.0019528865814208984
101206,normal,509,0,1782359583.763774,0.0020461082458496094
101207,normal,2138,0,1782359583.765736,0.0019621849060058594
101208,normal,3312,1,1782359583.7678242,0.0020880699157714844
101209,normal,2890,0,1782359583.7697542,0.0019299983978271484
101210,normal,2591,0,1782359583.7717996,0.0020453929901123047
101211,normal,1077,0,1782359583.7739844,0.0021848678588867188
101212,normal,2923,0,1782359583.7757874,0.0018029212951660156
101213,normal,1293,0,1782359583.7780073,0.0022199153900146484
101214,normal,744,0,1782359583.7799704,0.0019631385803222656
101215,normal,1721,0,1782359583.7817922,0.001821756362915039
101216,normal,2594,0,1782359583.7840014,0.002209186553955078
101217,normal,3283,1,1782359583.7859745,0.0019731521606445312
101218,normal,354,0,1782359583.7877831,0.0018086433410644531
101219,normal,2955,0,1782359583.7899706,0.002187490463256836
101220,normal,2135,0,1782359583.7919776,0.002007007598876953
101221,normal,260,0,1782359583.7937996,0.0018219947814941406
101222,normal,3392,1,1782359583.7959697,0.002170085906982422
101223,normal,414,0,1782359583.7979794,0.0020096302032470703
101224,normal,1291,0,1782359583.799784,0.0018045902252197266
101225,normal,693,0,1782359583.8019607,0.0021767616271972656
101226,normal,170,0,1782359583.8040311,0.0020704269409179688
101227,normal,3000,0,1782359583.8057737,0.0017426013946533203
101228,normal,2240,0,1782359583.8079624,0.0021886825561523438
101229,normal,1169,0,1782359583.8099537,0.00199127197265625
101230,normal,3164,1,1782359583.8117847,0.0018310546875
101231,normal,2060,0,1782359583.813967,0.0021822452545166016
101232,normal,2187,0,1782359583.8159478,0.0019807815551757812
101233,normal,1255,0,1782359583.817801,0.0018532276153564453
101234,normal,215,0,1782359583.8199754,0.00217437744140625
101235,normal,840,2,1782359583.8220303,0.002054929733276367
101236,normal,913,2,1782359583.8237758,0.001745462417602539
101237,normal,2361,0,1782359583.8260174,0.0022416114807128906
101238,normal,1050,0,1782359583.8279498,0.001932382583618164
101239,normal,1395,0,1782359583.8298173,0.001867532730102539
101240,normal,2395,0,1782359583.8319702,0.0021529197692871094
101241,normal,486,0,1782359583.8339832,0.002012968063354492
101242,normal,3194,1,1782359583.8359864,0.002003192901611328
101243,normal,632,0,1782359583.8378437,0.0018572807312011719
101244,normal,2893,0,1782359583.8397734,0.0019297599792480469
101245,normal,980,2,1782359583.8417535,0.0019800662994384766
101246,normal,2100,0,1782359583.843791,0.002037525177001953
101247,normal,821,2,1782359583.845786,0.001995086669921875
101248,normal,680,0,1782359583.8477476,0.0019614696502685547
101249,normal,0,0,1782359583.8497844,0.0020368099212646484
101250,normal,3683,0,1782359583.8519695,0.0021851062774658203
101251,normal,2516,0,1782359583.8539991,0.0020296573638916016
101252,normal,3296,1,1782359583.8557832,0.0017840862274169922
101253,normal,2030,0,1782359583.8579931,0.002209901809692383
101254,normal,2829,0,1782359583.8598034,0.001810312271118164
101255,normal,2423,0,1782359583.861963,0.002159595489501953
101256,normal,1449,0,1782359583.8639853,0.002022266387939453
101257,normal,315,0,1782359583.8658087,0.00182342529296875
101258,normal,823,2,1782359583.868146,0.002337217330932617
101259,normal,3640,0,1782359583.8700242,0.0018782615661621094
101260,normal,1789,0,1782359583.8717666,0.0017423629760742188
101261,normal,149,0,1782359583.8740363,0.002269744873046875
101262,normal,812,2,1782359583.8759787,0.0019423961639404297
101263,normal,864,2,1782359583.8778522,0.0018734931945800781
101264,normal,2378,0,1782359583.8800478,0.002195596694946289
101265,normal,1922,0,1782359583.8819823,0.0019345283508300781
101266,normal,3336,1,1782359583.8839743,0.0019919872283935547
101267,normal,3603,0,1782359583.8859882,0.0020139217376708984
101268,normal,883,2,1782359583.8878937,0.0019054412841796875
101269,normal,3306,1,1782359583.8897953,0.0019016265869140625
101270,normal,2769,0,1782359583.8919704,0.0021750926971435547
101271,normal,2917,0,1782359583.8940167,0.002046346664428711
101272,normal,899,2,1782359583.895773,0.0017561912536621094
101273,normal,1800,0,1782359583.8981636,0.002390623092651367
101274,normal,2790,0,1782359583.8999689,0.0018053054809570312
101275,normal,3647,0,1782359583.9019797,0.002010822296142578
101276,normal,390,0,1782359583.9037824,0.001802682876586914
101277,normal,2096,0,1782359583.905991,0.002208709716796875
101278,normal,1805,0,1782359583.9077845,0.0017933845520019531
101279,normal,3102,1,1782359583.909986,0.002201557159423828
101280,normal,1142,0,1782359583.9119878,0.0020017623901367188
101281,normal,47,0,1782359583.9137762,0.0017883777618408203
101282,normal,3291,1,1782359583.9159586,0.002182483673095703
101283,normal,2300,0,1782359583.918029,0.0020704269409179688
101284,normal,2531,0,1782359583.9197886,0.0017595291137695312
101285,normal,3590,0,1782359583.9219604,0.002171754837036133
101286,normal,1057,0,1782359583.923965,0.0020046234130859375
101287,normal,1458,0,1782359583.9258037,0.00183868408203125
101288,normal,3300,1,1782359583.9279523,0.0021486282348632812
101289,normal,2835,0,1782359583.929958,0.0020058155059814453
101290,normal,1770,0,1782359583.9317713,0.0018131732940673828
101291,normal,946,2,1782359583.9339712,0.002199888229370117
101292,normal,327,0,1782359583.9360216,0.0020503997802734375
101293,normal,1743,0,1782359583.9377747,0.001753091812133789
101294,normal,2059,0,1782359583.939972,0.002197265625
101295,normal,1595,0,1782359583.9419196,0.001947641372680664
101296,normal,2695,0,1782359583.9437742,0.0018546581268310547
101297,normal,963,2,1782359583.9459894,0.002215147018432617
101298,normal,774,2,1782359583.9479787,0.0019893646240234375
101299,normal,3108,1,1782359583.9497714,0.0017926692962646484
101300,normal,365,0,1782359583.9519713,0.002199888229370117
101301,normal,132,0,1782359583.9540403,0.0020689964294433594
101302,normal,128,0,1782359583.955774,0.0017337799072265625
101303,normal,872,2,1782359583.9579766,0.0022025108337402344
101304,normal,834,2,1782359583.959969,0.001992464065551758
101305,normal,1772,0,1782359583.9618022,0.001833200454711914
101306,normal,3529,0,1782359583.963969,0.002166748046875
101307,normal,2173,0,1782359583.9659555,0.0019865036010742188
101308,normal,62,0,1782359583.9680903,0.0021347999572753906
101309,normal,1092,0,1782359583.969788,0.0016977787017822266
101310,normal,1399,0,1782359583.9719734,0.002185344696044922
101311,normal,3288,1,1782359583.9737554,0.0017819404602050781
101312,normal,1048,0,1782359583.9759812,0.0022258758544921875
101313,normal,1663,0,1782359583.9778013,0.0018200874328613281
101314,normal,621,0,1782359583.9799166,0.0021152496337890625
101315,normal,2381,0,1782359583.9818168,0.0019001960754394531
101316,normal,3008,0,1782359583.9839535,0.002136707305908203
101317,normal,1476,0,1782359583.98576,0.001806497573852539
101318,normal,2207,0,1782359583.9879744,0.0022144317626953125
101319,normal,2271,0,1782359583.98982,0.0018455982208251953
101320,normal,1029,2,1782359583.9919136,0.0020935535430908203
101321,normal,5,0,1782359583.9938211,0.0019075870513916016
101322,normal,2290,0,1782359583.9959695,0.0021483898162841797
101323,normal,3697,0,1782359583.9977546,0.0017850399017333984
101324,normal,340,0,1782359584.0000324,0.002277851104736328
101325,normal,3268,1,1782359584.0018392,0.0018067359924316406
101326,normal,2954,0,1782359584.0039175,0.0020782947540283203
101327,normal,3370,1,1782359584.0058005,0.0018830299377441406
101328,normal,2914,0,1782359584.0079648,0.0021643638610839844
101329,normal,2379,0,1782359584.009757,0.0017921924591064453
101330,normal,1937,0,1782359584.011948,0.0021910667419433594
101331,normal,3684,0,1782359584.0138416,0.0018935203552246094
101332,normal,2144,0,1782359584.015918,0.002076387405395508
101333,normal,379,0,1782359584.0178018,0.0018837451934814453
101334,normal,2687,0,1782359584.019979,0.0021772384643554688
101335,normal,2215,0,1782359584.02176,0.0017809867858886719
101336,normal,270,0,1782359584.0239618,0.0022017955780029297
101337,normal,2343,0,1782359584.025808,0.0018463134765625
101338,normal,1235,0,1782359584.0279417,0.002133607864379883
101339,normal,227,0,1782359584.0297885,0.0018467903137207031
101340,normal,2387,0,1782359584.032077,0.0022885799407958984
101341,normal,723,0,1782359584.033741,0.0016639232635498047
101342,normal,2527,0,1782359584.035785,0.0020439624786376953
101343,normal,689,0,1782359584.0378213,0.0020363330841064453
101344,normal,3088,1,1782359584.0397196,0.0018982887268066406
101345,normal,2180,0,1782359584.04176,0.002040386199951172
101346,normal,15,0,1782359584.0437334,0.001973390579223633
101347,normal,2875,0,1782359584.0457141,0.0019807815551757812
101348,normal,859,2,1782359584.047773,0.002058744430541992
101349,normal,2261,0,1782359584.0497277,0.001954793930053711
101350,normal,926,2,1782359584.0517485,0.0020208358764648438
101351,normal,2804,0,1782359584.0539556,0.002207040786743164
101352,normal,2627,0,1782359584.055803,0.0018475055694580078
101353,normal,2119,0,1782359584.0579555,0.0021524429321289062
101354,normal,2270,0,1782359584.0598035,0.001847982406616211
101355,normal,1220,0,1782359584.0619745,0.002171039581298828
101356,normal,3003,0,1782359584.0637665,0.0017919540405273438
101357,normal,297,0,1782359584.0659864,0.0022199153900146484
101358,normal,2898,0,1782359584.0678341,0.0018477439880371094
101359,normal,2167,0,1782359584.069939,0.0021047592163085938
101360,normal,1908,0,1782359584.0717707,0.0018317699432373047
101361,normal,1689,0,1782359584.0740013,0.0022306442260742188
101362,normal,3678,0,1782359584.0757637,0.00176239013671875
101363,normal,938,2,1782359584.0780709,0.0023071765899658203
101364,normal,455,0,1782359584.0798364,0.0017654895782470703
101365,normal,23,0,1782359584.081916,0.0020797252655029297
101366,normal,3002,0,1782359584.0838048,0.0018887519836425781
101367,normal,2977,0,1782359584.0859754,0.002170562744140625
101368,normal,130,0,1782359584.08776,0.0017845630645751953
101369,normal,825,2,1782359584.0899916,0.002231597900390625
101370,normal,1627,0,1782359584.0918298,0.0018382072448730469
101371,normal,3269,1,1782359584.0938833,0.002053499221801758
101372,normal,1063,0,1782359584.0958147,0.0019314289093017578
101373,normal,2140,0,1782359584.098002,0.0021872520446777344
101374,normal,1660,0,1782359584.0997665,0.001764535903930664
101375,normal,1321,1,1782359584.101963,0.0021965503692626953
101376,normal,1795,0,1782359584.1038332,0.0018701553344726562
101377,normal,428,0,1782359584.1059322,0.0020990371704101562
101378,normal,294,0,1782359584.1078103,0.0018780231475830078
101379,normal,669,0,1782359584.1099706,0.002160310745239258
101380,normal,2988,0,1782359584.1117644,0.0017938613891601562
101381,normal,2673,0,1782359584.1139972,0.002232789993286133
101382,normal,1671,0,1782359584.1158397,0.001842498779296875
101383,normal,444,0,1782359584.1178896,0.0020499229431152344
101384,normal,1366,1,1782359584.119805,0.0019154548645019531
101385,normal,1025,2,1782359584.1219041,0.0020990371704101562
101386,normal,979,2,1782359584.1237955,0.0018913745880126953
101387,normal,2298,0,1782359584.1259868,0.002191305160522461
101388,normal,1857,0,1782359584.1278155,0.0018286705017089844
101389,normal,3251,1,1782359584.129936,0.002120494842529297
101390,normal,1812,0,1782359584.1317847,0.0018486976623535156
101391,normal,1955,0,1782359584.133946,0.002161264419555664
101392,normal,3309,1,1782359584.135781,0.0018351078033447266
101393,normal,3259,1,1782359584.138012,0.0022308826446533203
101394,normal,443,0,1782359584.1398132,0.0018012523651123047
101395,normal,2437,0,1782359584.1419337,0.002120494842529297
101396,normal,1464,0,1782359584.143818,0.0018842220306396484
101397,normal,3709,0,1782359584.1459975,0.0021796226501464844
101398,normal,1437,0,1782359584.147774,0.0017764568328857422
101399,normal,1103,0,1782359584.1499908,0.002216815948486328
101400,normal,1385,0,1782359584.1518428,0.0018520355224609375
101401,normal,2064,0,1782359584.1539478,0.0021049976348876953
101402,normal,231,0,1782359584.1557717,0.0018239021301269531
101403,normal,446,0,1782359584.1579773,0.0022056102752685547
101404,normal,2200,0,1782359584.1597726,0.0017952919006347656
101405,normal,594,0,1782359584.1619835,0.002210855484008789
101406,normal,2630,0,1782359584.1638765,0.0018930435180664062
101407,normal,330,0,1782359584.1659427,0.0020661354064941406
101408,normal,868,2,1782359584.1677728,0.0018301010131835938
101409,normal,1878,0,1782359584.1700034,0.0022306442260742188
101410,normal,3040,0,1782359584.1717806,0.0017771720886230469
101411,normal,437,0,1782359584.173957,0.002176523208618164
101412,normal,725,0,1782359584.1758168,0.0018596649169921875
101413,normal,3039,0,1782359584.1778994,0.0020825862884521484
101414,normal,3096,1,1782359584.1797872,0.0018877983093261719
101415,normal,3219,1,1782359584.181962,0.002174854278564453
101416,normal,1198,0,1782359584.1837566,0.001794576644897461
101417,normal,917,2,1782359584.185996,0.0022394657135009766
101418,normal,2526,0,1782359584.1878028,0.0018067359924316406
101419,normal,2454,0,1782359584.18995,0.002147197723388672
101420,normal,237,0,1782359584.1918035,0.0018534660339355469
101421,normal,856,2,1782359584.1939697,0.002166271209716797
101422,normal,990,2,1782359584.195767,0.0017971992492675781
101423,normal,1392,0,1782359584.1980324,0.002265453338623047
101424,normal,3391,1,1782359584.1998644,0.0018320083618164062
101425,normal,736,0,1782359584.2019012,0.0020368099212646484
101426,normal,1816,0,1782359584.2037992,0.001898050308227539
101427,normal,1806,0,1782359584.2059643,0.002165079116821289
101428,normal,2479,0,1782359584.207769,0.0018045902252197266
101429,normal,1445,0,1782359584.20996,0.0021910667419433594
101430,normal,3118,1,1782359584.2118294,0.0018694400787353516
101431,normal,3255,1,1782359584.21396,0.0021305084228515625
101432,normal,1584,0,1782359584.2158089,0.0018489360809326172
101433,normal,739,0,1782359584.2179892,0.002180337905883789
101434,normal,3213,1,1782359584.2197652,0.001775979995727539
101435,normal,331,0,1782359584.2218223,0.0020570755004882812
101436,normal,770,0,1782359584.2239995,0.0021772384643554688
101437,normal,3338,1,1782359584.2257533,0.0017538070678710938
101438,normal,2369,0,1782359584.2279809,0.0022275447845458984
101439,normal,600,0,1782359584.2298002,0.0018193721771240234
101440,normal,2301,0,1782359584.231909,0.0021088123321533203
101441,normal,241,0,1782359584.233848,0.0019390583038330078
101442,normal,1030,0,1782359584.235995,0.0021469593048095703
101443,normal,1665,0,1782359584.237755,0.0017600059509277344
101444,normal,1667,0,1782359584.2399795,0.002224445343017578
101445,normal,3485,0,1782359584.2418113,0.0018317699432373047
101446,normal,1234,0,1782359584.2439559,0.0021445751190185547
101447,normal,276,0,1782359584.2457952,0.0018393993377685547
101448,normal,392,0,1782359584.2479942,0.002198934555053711
101449,normal,1614,0,1782359584.2497613,0.0017671585083007812
101450,normal,2414,0,1782359584.2519715,0.0022101402282714844
101451,normal,614,0,1782359584.2538369,0.001865386962890625
101452,normal,2127,0,1782359584.2559109,0.002074003219604492
101453,normal,869,2,1782359584.2577775,0.0018665790557861328
101454,normal,1807,0,1782359584.2600038,0.0022263526916503906
101455,normal,3567,0,1782359584.2617526,0.001748800277709961
101456,normal,1013,2,1782359584.2639637,0.0022110939025878906
101457,normal,3367,1,1782359584.26577,0.0018062591552734375
101458,normal,2519,0,1782359584.2679398,0.0021698474884033203
101459,normal,3443,0,1782359584.2698174,0.0018775463104248047
101460,normal,2156,0,1782359584.2718458,0.0020284652709960938
101461,normal,1115,0,1782359584.2739136,0.0020678043365478516
101462,normal,3620,0,1782359584.2757912,0.0018775463104248047
101463,normal,3617,0,1782359584.2779722,0.0021810531616210938
101464,normal,2134,0,1782359584.2797546,0.0017824172973632812
101465,normal,2417,0,1782359584.281945,0.0021903514862060547
101466,normal,498,0,1782359584.283816,0.0018711090087890625
101467,normal,2208,0,1782359584.2859156,0.0020995140075683594
101468,normal,1453,0,1782359584.287803,0.0018873214721679688
101469,normal,778,2,1782359584.2899852,0.0021822452545166016
101470,normal,775,2,1782359584.2917678,0.0017826557159423828
101471,normal,263,0,1782359584.293954,0.0021860599517822266
101472,normal,3660,0,1782359584.295845,0.0018911361694335938
101473,normal,2997,0,1782359584.297957,0.0021119117736816406
101474,normal,1594,0,1782359584.299804,0.0018470287322998047
101475,normal,1442,0,1782359584.3020515,0.0022475719451904297
101476,normal,1607,0,1782359584.303767,0.0017154216766357422
101477,normal,3402,0,1782359584.3060708,0.0023038387298583984
101478,normal,1562,0,1782359584.3078241,0.0017533302307128906
101479,normal,98,0,1782359584.3099174,0.0020933151245117188
101480,normal,939,2,1782359584.311799,0.0018815994262695312
101481,normal,1086,0,1782359584.3139608,0.002161741256713867
101482,normal,441,0,1782359584.3157666,0.0018057823181152344
101483,normal,3539,0,1782359584.3179557,0.002189159393310547
101484,normal,1496,0,1782359584.3198338,0.0018780231475830078
101485,normal,34,0,1782359584.3219109,0.0020771026611328125
101486,normal,3014,0,1782359584.3238015,0.0018906593322753906
101487,normal,923,2,1782359584.325999,0.0021975040435791016
101488,normal,1992,0,1782359584.3277626,0.0017635822296142578
101489,normal,889,2,1782359584.3300064,0.0022437572479248047
101490,normal,907,2,1782359584.332077,0.0020706653594970703
101491,normal,2373,0,1782359584.3339465,0.0018694400787353516
101492,normal,407,0,1782359584.3357546,0.00180816650390625
101493,normal,843,2,1782359584.3379958,0.0022411346435546875
101494,normal,2146,0,1782359584.3397536,0.0017578601837158203
101495,normal,1305,0,1782359584.34199,0.0022363662719726562
101496,normal,387,0,1782359584.3437707,0.0017807483673095703
101497,normal,1692,0,1782359584.3459094,0.0021386146545410156
101498,normal,3608,0,1782359584.3478038,0.0018944740295410156
101499,normal,1592,0,1782359584.349904,0.002100229263305664
101500,normal,1609,0,1782359584.35177,0.0018658638000488281
101501,normal,2076,0,1782359584.353794,0.0020241737365722656
101502,normal,3200,1,1782359584.3557944,0.0020003318786621094
101503,normal,3313,1,1782359584.3578727,0.0020782947540283203
101504,normal,2077,0,1782359584.359853,0.001980304718017578
101505,normal,1407,0,1782359584.3620663,0.0022132396697998047
101506,normal,2941,0,1782359584.3637915,0.0017251968383789062
101507,normal,2226,0,1782359584.366022,0.0022306442260742188
101508,normal,1697,0,1782359584.3677795,0.0017573833465576172
101509,normal,250,0,1782359584.3699825,0.0022029876708984375
101510,normal,3215,1,1782359584.3718653,0.001882791519165039
101511,normal,1783,0,1782359584.3739772,0.0021119117736816406
101512,normal,1865,0,1782359584.3757908,0.001813650131225586
101513,normal,3501,0,1782359584.3780553,0.0022644996643066406
101514,normal,1096,0,1782359584.3798425,0.0017871856689453125
101515,normal,1322,1,1782359584.3819656,0.002123117446899414
101516,normal,1831,0,1782359584.383785,0.0018193721771240234
101517,normal,1061,0,1782359584.3859873,0.002202272415161133
101518,normal,1447,0,1782359584.3877997,0.0018124580383300781
101519,normal,2972,0,1782359584.389975,0.0021753311157226562
101520,normal,3199,1,1782359584.3918154,0.001840353012084961
101521,normal,1946,0,1782359584.3939738,0.0021584033966064453
101522,normal,3675,0,1782359584.3957846,0.0018107891082763672
101523,normal,550,0,1782359584.397981,0.0021963119506835938
101524,normal,652,0,1782359584.3997924,0.0018115043640136719
101525,normal,12,0,1782359584.4020147,0.002222299575805664
101526,normal,2952,0,1782359584.403814,0.0017993450164794922
101527,normal,1412,0,1782359584.4059694,0.002155303955078125
101528,normal,539,0,1782359584.4077997,0.0018303394317626953
101529,normal,150,0,1782359584.4099996,0.002199888229370117
101530,normal,1065,0,1782359584.411788,0.0017883777618408203
101531,normal,3282,1,1782359584.414016,0.0022280216217041016
101532,normal,6,0,1782359584.4158447,0.0018286705017089844
101533,normal,1185,0,1782359584.4179358,0.0020911693572998047
101534,normal,1352,1,1782359584.4198067,0.001870870590209961
101535,normal,2665,0,1782359584.421986,0.002179384231567383
101536,normal,329,0,1782359584.4237716,0.0017855167388916016
101537,normal,2294,0,1782359584.4260285,0.0022568702697753906
101538,normal,3522,0,1782359584.4278405,0.001811981201171875
101539,normal,1811,0,1782359584.4299858,0.0021452903747558594
101540,normal,3076,1,1782359584.4317913,0.0018055438995361328
101541,normal,3077,1,1782359584.4339755,0.002184152603149414
101542,normal,3112,1,1782359584.4357934,0.001817941665649414
101543,normal,2737,0,1782359584.437997,0.002203702926635742
101544,normal,2198,0,1782359584.4398022,0.0018050670623779297
101545,normal,1325,1,1782359584.441946,0.00214385986328125
101546,normal,2101,0,1782359584.4437869,0.001840829849243164
101547,normal,1353,1,1782359584.445975,0.0021882057189941406
101548,normal,1163,0,1782359584.4477935,0.0018184185028076172
101549,normal,2869,0,1782359584.4500158,0.002222299575805664
101550,normal,1525,0,1782359584.4518273,0.0018115043640136719
101551,normal,2255,0,1782359584.453939,0.002111673355102539
101552,normal,3509,0,1782359584.4557884,0.0018494129180908203
101553,normal,1071,0,1782359584.4579728,0.0021843910217285156
101554,normal,213,0,1782359584.4597924,0.001819610595703125
101555,normal,1189,0,1782359584.4620128,0.0022203922271728516
101556,normal,969,2,1782359584.4637973,0.0017845630645751953
101557,normal,2662,0,1782359584.4659722,0.002174854278564453
101558,normal,60,0,1782359584.4677901,0.001817941665649414
101559,normal,997,2,1782359584.4700043,0.002214193344116211
101560,normal,2614,0,1782359584.471774,0.0017697811126708984
101561,normal,448,0,1782359584.4739988,0.0022246837615966797
101562,normal,3511,0,1782359584.4757886,0.0017898082733154297
101563,normal,2582,0,1782359584.4779568,0.0021681785583496094
101564,normal,1999,0,1782359584.47979,0.001833200454711914
101565,normal,1698,0,1782359584.482056,0.00226593017578125
101566,normal,1781,0,1782359584.4837909,0.0017349720001220703
101567,normal,3534,0,1782359584.4860213,0.002230405807495117
101568,normal,3535,0,1782359584.4878037,0.0017824172973632812
101569,normal,2991,0,1782359584.489967,0.002163410186767578
101570,normal,2193,0,1782359584.4917903,0.0018231868743896484
101571,normal,805,2,1782359584.4939973,0.002207040786743164
101572,normal,2061,0,1782359584.49579,0.0017926692962646484
101573,normal,2118,0,1782359584.4980464,0.0022563934326171875
101574,normal,513,0,1782359584.4997962,0.0017497539520263672
101575,normal,1522,0,1782359584.5019515,0.002155303955078125
101576,normal,1925,0,1782359584.503788,0.001836538314819336
101577,normal,3168,1,1782359584.505969,0.0021810531616210938
101578,normal,1760,0,1782359584.5077908,0.001821756362915039
101579,normal,139,0,1782359584.5099983,0.002207517623901367
101580,normal,841,2,1782359584.5117922,0.0017938613891601562
101581,normal,80,0,1782359584.5139534,0.002161264419555664
101582,normal,1058,0,1782359584.5157886,0.0018351078033447266
101583,normal,249,0,1782359584.517971,0.002182483673095703
101584,normal,3209,1,1782359584.5197856,0.0018146038055419922
101585,normal,3592,0,1782359584.522028,0.0022423267364501953
101586,normal,2186,0,1782359584.523796,0.0017681121826171875
101587,normal,2720,0,1782359584.5259514,0.002155303955078125
101588,normal,3586,0,1782359584.527788,0.001836538314819336
101589,normal,3182,1,1782359584.529979,0.0021910667419433594
101590,normal,2505,0,1782359584.5318065,0.0018274784088134766
101591,normal,3341,1,1782359584.5340357,0.0022292137145996094
101592,normal,492,0,1782359584.5357919,0.0017561912536621094
101593,normal,3654,0,1782359584.5379646,0.002172708511352539
101594,normal,1747,0,1782359584.5397868,0.0018222332000732422
101595,normal,2980,0,1782359584.5419595,0.002172708511352539
101596,normal,1543,0,1782359584.543949,0.0019893646240234375
101597,normal,3464,0,1782359584.5459533,0.002004384994506836
101598,normal,2388,0,1782359584.5478468,0.0018935203552246094
101599,normal,2175,0,1782359584.5499358,0.0020890235900878906
101600,normal,2046,0,1782359584.5517886,0.0018527507781982422
101601,normal,1959,0,1782359584.5540032,0.002214670181274414
101602,normal,3055,1,1782359584.555807,0.0018038749694824219
101603,normal,3146,1,1782359584.5580263,0.0022192001342773438
101604,normal,323,0,1782359584.5597844,0.0017580986022949219
101605,normal,2795,0,1782359584.5619445,0.0021600723266601562
101606,normal,710,0,1782359584.5637968,0.001852273941040039
101607,normal,2048,0,1782359584.5659626,0.0021657943725585938
101608,normal,2810,0,1782359584.5677936,0.0018310546875
101609,normal,2112,0,1782359584.5699964,0.002202749252319336
101610,normal,3020,0,1782359584.5718029,0.001806497573852539
101611,normal,2634,0,1782359584.5739663,0.002163410186767578
101612,normal,896,2,1782359584.5758142,0.001847982406616211
101613,normal,399,0,1782359584.5779543,0.002140045166015625
101614,normal,319,0,1782359584.579799,0.001844644546508789
101615,normal,3122,1,1782359584.582038,0.0022389888763427734
101616,normal,1038,0,1782359584.5838258,0.0017879009246826172
101617,normal,3373,1,1782359584.5859575,0.0021317005157470703
101618,normal,3071,1,1782359584.587787,0.001829385757446289
101619,normal,2756,0,1782359584.5899956,0.002208709716796875
101620,normal,1171,0,1782359584.5917933,0.0017976760864257812
101621,normal,433,0,1782359584.5940037,0.002210378646850586
101622,normal,2351,0,1782359584.5958288,0.001825094223022461
101623,normal,2433,0,1782359584.5979462,0.0021173954010009766
101624,normal,58,0,1782359584.5998647,0.0019185543060302734
101625,normal,2826,0,1782359584.601965,0.002100229263305664
101626,normal,3634,0,1782359584.6038055,0.0018405914306640625
101627,normal,395,0,1782359584.6060352,0.0022296905517578125
101628,normal,1635,0,1782359584.6078126,0.0017774105072021484
101629,normal,1094,0,1782359584.6099641,0.0021514892578125
101630,normal,1558,0,1782359584.611788,0.0018239021301269531
101631,normal,2999,0,1782359584.6139805,0.0021924972534179688
101632,normal,1576,0,1782359584.6157947,0.001814126968383789
101633,normal,2617,0,1782359584.618014,0.0022194385528564453
101634,normal,612,0,1782359584.6198297,0.0018155574798583984
101635,normal,1374,1,1782359584.6219707,0.0021409988403320312
101636,normal,2974,0,1782359584.6238177,0.0018470287322998047
101637,normal,717,0,1782359584.625997,0.002179384231567383
101638,normal,3475,0,1782359584.6277885,0.0017914772033691406
101639,normal,596,0,1782359584.6300404,0.002251863479614258
101640,normal,1617,0,1782359584.6318543,0.0018138885498046875
101641,normal,760,0,1782359584.6339405,0.002086162567138672
101642,normal,3657,0,1782359584.635825,0.00188446044921875
101643,normal,2958,0,1782359584.637991,0.0021660327911376953
101644,normal,1870,0,1782359584.63979,0.0017991065979003906
101645,normal,439,0,1782359584.6420407,0.00225067138671875
101646,normal,950,2,1782359584.6438215,0.0017807483673095703
101647,normal,2408,0,1782359584.6459723,0.0021507740020751953
101648,normal,2113,0,1782359584.647785,0.0018126964569091797
101649,normal,66,0,1782359584.6500103,0.0022253990173339844
101650,normal,3493,0,1782359584.651785,0.0017745494842529297
101651,normal,1387,0,1782359584.6540365,0.0022516250610351562
101652,normal,1376,1,1782359584.655794,0.0017573833465576172
101653,normal,1035,0,1782359584.6579726,0.002178668975830078
101654,normal,548,0,1782359584.6598024,0.0018298625946044922
101655,normal,275,0,1782359584.6619694,0.0021669864654541016
101656,normal,1055,0,1782359584.6637962,0.0018267631530761719
101657,normal,1691,0,1782359584.66596,0.0021638870239257812
101658,normal,3524,0,1782359584.6678362,0.0018761157989501953
101659,normal,3354,1,1782359584.6699526,0.0021164417266845703
101660,normal,2912,0,1782359584.671768,0.0018153190612792969
101661,normal,307,0,1782359584.6740186,0.00225067138671875
101662,normal,2425,0,1782359584.6757765,0.0017578601837158203
101663,normal,625,0,1782359584.6780434,0.0022668838500976562
101664,normal,41,0,1782359584.679803,0.0017595291137695312
101665,normal,85,0,1782359584.6819668,0.0021638870239257812
101666,normal,2911,0,1782359584.6837933,0.0018265247344970703
101667,normal,622,0,1782359584.6859791,0.002185821533203125
101668,normal,3243,1,1782359584.68777,0.001790761947631836
101669,normal,247,0,1782359584.6900709,0.0023009777069091797
101670,normal,1197,0,1782359584.6918237,0.0017528533935546875
101671,normal,236,0,1782359584.6939616,0.002137899398803711
101672,normal,1155,0,1782359584.6958117,0.001850128173828125
101673,normal,1110,0,1782359584.6979873,0.002175569534301758
101674,normal,3051,1,1782359584.6998024,0.0018150806427001953
101675,normal,3546,0,1782359584.7020242,0.002221822738647461
101676,normal,1787,0,1782359584.7037926,0.001768350601196289
101677,normal,3551,0,1782359584.705967,0.00217437744140625
101678,normal,3084,1,1782359584.707761,0.0017940998077392578
101679,normal,447,0,1782359584.7099802,0.0022192001342773438
101680,normal,2861,0,1782359584.7117975,0.0018172264099121094
101681,normal,2888,0,1782359584.7140012,0.002203702926635742
101682,normal,3476,0,1782359584.7157824,0.0017812252044677734
101683,normal,1599,0,1782359584.7179656,0.002183198928833008
101684,normal,1605,0,1782359584.7197952,0.0018296241760253906
101685,normal,3561,0,1782359584.7219927,0.0021975040435791016
101686,normal,2320,0,1782359584.7238019,0.0018091201782226562
101687,normal,3419,0,1782359584.7260027,0.0022008419036865234
101688,normal,1863,0,1782359584.7277963,0.0017936229705810547
101689,normal,2184,0,1782359584.7299457,0.002149343490600586
101690,normal,874,2,1782359584.7317886,0.0018429756164550781
101691,normal,169,0,1782359584.733974,0.002185344696044922
101692,normal,479,0,1782359584.7358027,0.0018286705017089844
101693,normal,2926,0,1782359584.7380123,0.0022096633911132812
101694,normal,2317,0,1782359584.739788,0.0017757415771484375
101695,normal,1052,0,1782359584.7419739,0.002185821533203125
101696,normal,1179,0,1782359584.7437875,0.001813650131225586
101697,normal,1364,1,1782359584.745954,0.0021665096282958984
101698,normal,2585,0,1782359584.7477942,0.0018401145935058594
101699,normal,2258,0,1782359584.7500103,0.0022161006927490234
101700,normal,1833,0,1782359584.7517805,0.0017702579498291016
101701,normal,3131,1,1782359584.7539532,0.002172708511352539
101702,normal,102,0,1782359584.7557933,0.0018401145935058594
101703,normal,73,0,1782359584.7581186,0.002325296401977539
101704,normal,2080,0,1782359584.7598019,0.0016832351684570312
101705,normal,2073,0,1782359584.7619588,0.002156972885131836
101706,normal,524,0,1782359584.7637923,0.0018334388732910156
101707,normal,2332,0,1782359584.765972,0.0021796226501464844
101708,normal,470,0,1782359584.7678323,0.0018603801727294922
101709,normal,473,0,1782359584.7699783,0.002146005630493164
101710,normal,1670,0,1782359584.7717628,0.0017845630645751953
101711,normal,225,0,1782359584.7740111,0.0022482872009277344
101712,normal,1140,0,1782359584.7757857,0.0017745494842529297
101713,normal,1886,0,1782359584.777955,0.002169370651245117
101714,normal,49,0,1782359584.7797806,0.001825571060180664
101715,normal,3398,1,1782359584.7820225,0.002241849899291992
101716,normal,1542,0,1782359584.7837946,0.001772165298461914
101717,normal,367,0,1782359584.7860215,0.0022268295288085938
101718,normal,1629,0,1782359584.787811,0.0017895698547363281
101719,normal,2154,0,1782359584.7899761,0.002165079116821289
101720,normal,2442,0,1782359584.7917962,0.0018200874328613281
101721,normal,2729,0,1782359584.7939723,0.002176046371459961
101722,normal,3245,1,1782359584.7957954,0.0018231868743896484
101723,normal,2921,0,1782359584.798007,0.0022115707397460938
101724,normal,440,0,1782359584.7998087,0.0018017292022705078
101725,normal,52,0,1782359584.8019688,0.0021600723266601562
101726,normal,2488,0,1782359584.8037798,0.0018110275268554688
101727,normal,1825,0,1782359584.8059988,0.002218961715698242
101728,normal,3625,0,1782359584.807783,0.0017840862274169922
101729,normal,3129,1,1782359584.8100145,0.002231597900390625
101730,normal,1566,0,1782359584.811796,0.001781463623046875
101731,normal,627,0,1782359584.8139632,0.002167224884033203
101732,normal,810,2,1782359584.8157988,0.0018355846405029297
101733,normal,2750,0,1782359584.8179722,0.0021734237670898438
101734,normal,1603,0,1782359584.8198073,0.0018351078033447266
101735,normal,1124,0,1782359584.8220263,0.002218961715698242
101736,normal,2780,0,1782359584.8237839,0.0017576217651367188
101737,normal,3632,0,1782359584.825944,0.0021600723266601562
101738,normal,3274,1,1782359584.8278587,0.0019147396087646484
101739,normal,619,0,1782359584.8299894,0.002130746841430664
101740,normal,116,0,1782359584.8318052,0.0018157958984375
101741,normal,3390,1,1782359584.8340194,0.002214193344116211
101742,normal,1688,0,1782359584.8358283,0.0018088817596435547
101743,normal,3133,1,1782359584.8379688,0.002140522003173828
101744,normal,3629,0,1782359584.839782,0.0018131732940673828
101745,normal,68,0,1782359584.841978,0.002196073532104492
101746,normal,3461,0,1782359584.8437831,0.0018050670623779297
101747,normal,2489,0,1782359584.8460517,0.002268552780151367
101748,normal,842,2,1782359584.847805,0.0017533302307128906
101749,normal,3359,1,1782359584.8499568,0.0021517276763916016
101750,normal,415,0,1782359584.8517818,0.001825094223022461
101751,normal,1639,0,1782359584.8539784,0.0021965503692626953
101752,normal,714,0,1782359584.8557973,0.0018188953399658203
101753,normal,2643,0,1782359584.8580027,0.002205371856689453
101754,normal,1477,0,1782359584.8597958,0.0017931461334228516
101755,normal,2752,0,1782359584.8619661,0.0021703243255615234
101756,normal,2608,0,1782359584.8637853,0.0018191337585449219
101757,normal,697,0,1782359584.8659863,0.002201080322265625
101758,normal,204,0,1782359584.8677976,0.0018112659454345703
101759,normal,3202,1,1782359584.8700383,0.0022406578063964844
101760,normal,425,0,1782359584.8717947,0.001756429672241211
101761,normal,3023,0,1782359584.8739731,0.0021784305572509766
101762,normal,2760,0,1782359584.875797,0.0018239021301269531
101763,normal,817,2,1782359584.8780015,0.002204418182373047
101764,normal,3568,0,1782359584.8797998,0.001798391342163086
101765,normal,1560,0,1782359584.882009,0.002209186553955078
101766,normal,2481,0,1782359584.8838377,0.0018286705017089844
101767,normal,1015,2,1782359584.88599,0.0021522045135498047
101768,normal,3627,0,1782359584.8878071,0.0018172264099121094
101769,normal,308,0,1782359584.8899977,0.0021905899047851562
101770,normal,3672,0,1782359584.8917954,0.0017976760864257812
101771,normal,3337,1,1782359584.8939526,0.0021572113037109375
101772,normal,3690,0,1782359584.8957965,0.0018439292907714844
101773,normal,2084,0,1782359584.897967,0.002170562744140625
101774,normal,2194,0,1782359584.899808,0.001840829849243164
101775,normal,838,2,1782359584.9019883,0.002180337905883789
101776,normal,3305,1,1782359584.9037876,0.0017993450164794922
101777,normal,709,0,1782359584.9059966,0.0022089481353759766
101778,normal,3560,0,1782359584.9078434,0.0018467903137207031
101779,normal,242,0,1782359584.9099598,0.0021164417266845703
101780,normal,3537,0,1782359584.911784,0.0018241405487060547
101781,normal,3284,1,1782359584.9139857,0.0022017955780029297
101782,normal,741,0,1782359584.9158096,0.0018239021301269531
101783,normal,103,0,1782359584.9179938,0.002184152603149414
101784,normal,3649,0,1782359584.9197934,0.0017995834350585938
101785,normal,222,0,1782359584.9219706,0.0021772384643554688
101786,normal,44,0,1782359584.923816,0.0018453598022460938
101787,normal,189,0,1782359584.9259787,0.0021626949310302734
101788,normal,1462,0,1782359584.927799,0.0018203258514404297
101789,normal,611,0,1782359584.9300826,0.0022835731506347656
101790,normal,835,2,1782359584.9317935,0.0017108917236328125
101791,normal,2364,0,1782359584.9339797,0.002186298370361328
101792,normal,705,0,1782359584.935799,0.0018191337585449219
101793,normal,1362,1,1782359584.9379718,0.0021729469299316406
101794,normal,3596,0,1782359584.939783,0.0018112659454345703
101795,normal,2881,0,1782359584.9420094,0.0022263526916503906
101796,normal,1369,1,1782359584.9438002,0.001790761947631836
101797,normal,474,0,1782359584.9459648,0.002164602279663086
101798,normal,3416,0,1782359584.9478233,0.0018584728240966797
101799,normal,945,2,1782359584.9499977,0.00217437744140625
101800,normal,2693,0,1782359584.9517999,0.001802206039428711
101801,normal,2406,0,1782359584.9540145,0.002214670181274414
101802,normal,2537,0,1782359584.9557958,0.0017812252044677734
101803,normal,3503,0,1782359584.957962,0.002166271209716797
101804,normal,972,2,1782359584.959825,0.0018630027770996094
101805,normal,951,2,1782359584.961991,0.0021660327911376953
101806,normal,687,0,1782359584.9638019,0.0018107891082763672
101807,normal,846,2,1782359584.9660015,0.0021996498107910156
101808,normal,2686,0,1782359584.9677932,0.0017917156219482422
101809,normal,256,0,1782359584.9699667,0.0021734237670898438
101810,normal,3061,1,1782359584.971802,0.0018353462219238281
101811,normal,698,0,1782359584.9739993,0.002197265625
101812,normal,1868,0,1782359584.9757836,0.0017843246459960938
101813,normal,512,0,1782359584.9780192,0.0022356510162353516
101814,normal,3073,1,1782359584.979783,0.0017638206481933594
101815,normal,122,0,1782359584.981956,0.0021729469299316406
101816,normal,197,0,1782359584.983791,0.0018351078033447266
101817,normal,2628,0,1782359584.986003,0.0022118091583251953
101818,normal,1622,0,1782359584.9877863,0.0017833709716796875
101819,normal,63,0,1782359584.9900074,0.0022211074829101562
101820,normal,2518,0,1782359584.991794,0.0017867088317871094
101821,normal,2241,0,1782359584.99398,0.002185821533203125
101822,normal,921,2,1782359584.9957798,0.0017998218536376953
101823,normal,3025,0,1782359584.9979944,0.002214670181274414
101824,normal,305,0,1782359584.9998028,0.0018084049224853516
101825,normal,1813,0,1782359585.0020053,0.0022025108337402344
101826,normal,3472,0,1782359585.0038059,0.001800537109375
101827,normal,2573,0,1782359585.005985,0.0021791458129882812
101828,normal,2185,0,1782359585.0077722,0.0017871856689453125
101829,normal,383,0,1782359585.0100203,0.002248048782348633
101830,normal,3159,1,1782359585.0117753,0.0017549991607666016
101831,normal,1393,0,1782359585.0139902,0.0022149085998535156
101832,normal,3452,0,1782359585.0158052,0.0018150806427001953
101833,normal,1069,0,1782359585.0179865,0.0021812915802001953
101834,normal,2082,0,1782359585.0198154,0.001828908920288086
101835,normal,1349,1,1782359585.021987,0.0021715164184570312
101836,normal,1036,0,1782359585.0238194,0.0018324851989746094
101837,normal,2334,0,1782359585.0257766,0.0019571781158447266
101838,normal,3624,0,1782359585.0279787,0.0022020339965820312
101839,normal,695,0,1782359585.0297697,0.0017910003662109375
101840,normal,2986,0,1782359585.031817,0.002047300338745117
101841,normal,3250,1,1782359585.033772,0.0019550323486328125
101842,normal,1836,0,1782359585.0357618,0.0019898414611816406
101843,normal,120,0,1782359585.0378134,0.0020515918731689453
101844,normal,2397,0,1782359585.03978,0.0019664764404296875
101845,normal,3604,0,1782359585.0417666,0.0019867420196533203
101846,normal,1403,0,1782359585.043799,0.0020322799682617188
101847,normal,3099,1,1782359585.0457873,0.0019884109497070312
101848,normal,369,0,1782359585.047747,0.001959562301635742
101849,normal,2576,0,1782359585.0498016,0.0020546913146972656
101850,normal,458,0,1782359585.0517764,0.001974821090698242
101851,normal,3355,1,1782359585.0537667,0.0019903182983398438
101852,normal,2834,0,1782359585.0557857,0.0020189285278320312
101853,normal,1991,0,1782359585.0577846,0.0019989013671875
101854,normal,583,0,1782359585.0597503,0.001965761184692383
101855,normal,816,2,1782359585.0618007,0.0020503997802734375
101856,normal,1296,0,1782359585.0637796,0.0019788742065429688
101857,normal,10,0,1782359585.0657406,0.0019609928131103516
101858,normal,986,2,1782359585.067804,0.0020635128021240234
101859,normal,481,0,1782359585.069793,0.0019888877868652344
101860,normal,904,2,1782359585.0717494,0.001956462860107422
101861,normal,2525,0,1782359585.0738106,0.002061128616333008
101862,normal,1062,0,1782359585.075775,0.0019643306732177734
101863,normal,1613,0,1782359585.0777442,0.0019693374633789062
101864,normal,2225,0,1782359585.079795,0.002050638198852539
101865,normal,2620,0,1782359585.0817769,0.001981973648071289
101866,normal,310,0,1782359585.083749,0.001972198486328125
101867,normal,2303,0,1782359585.085801,0.002051830291748047
101868,normal,1841,0,1782359585.0877757,0.001974821090698242
101869,normal,2171,0,1782359585.0897493,0.0019736289978027344
101870,normal,2306,0,1782359585.0918026,0.0020532608032226562
101871,normal,875,2,1782359585.093764,0.0019614696502685547
101872,normal,3393,1,1782359585.0957465,0.001982450485229492
101873,normal,617,0,1782359585.097812,0.002065420150756836
101874,normal,1232,0,1782359585.0997946,0.0019826889038085938
101875,normal,2809,0,1782359585.101739,0.0019443035125732422
101876,normal,210,0,1782359585.1038005,0.002061605453491211
101877,normal,1180,0,1782359585.1057684,0.001967906951904297
101878,normal,2776,0,1782359585.107747,0.001978635787963867
101879,normal,3383,1,1782359585.1098003,0.0020532608032226562
101880,normal,569,0,1782359585.1117747,0.001974344253540039
101881,normal,543,0,1782359585.1137447,0.001970052719116211
101882,normal,2445,0,1782359585.1158001,0.0020554065704345703
101883,normal,2909,0,1782359585.1177752,0.0019750595092773438
101884,normal,2876,0,1782359585.1197498,0.0019745826721191406
101885,normal,1960,0,1782359585.1218376,0.002087831497192383
101886,normal,2667,0,1782359585.1238935,0.0020558834075927734
101887,normal,2740,0,1782359585.1257741,0.001880645751953125
101888,normal,3165,1,1782359585.127831,0.0020568370819091797
101889,normal,1792,0,1782359585.1297653,0.0019342899322509766
101890,normal,2342,0,1782359585.131762,0.001996755599975586
101891,normal,2811,0,1782359585.133822,0.0020599365234375
101892,normal,2676,0,1782359585.1357882,0.001966238021850586
101893,normal,2126,0,1782359585.1377661,0.0019779205322265625
101894,normal,67,0,1782359585.1398306,0.0020644664764404297
101895,normal,629,0,1782359585.141775,0.0019443035125732422
101896,normal,1516,0,1782359585.1437573,0.001982450485229492
101897,normal,1985,0,1782359585.1458232,0.002065896987915039
101898,normal,2210,0,1782359585.1477644,0.0019412040710449219
101899,normal,1514,0,1782359585.149722,0.0019576549530029297
101900,normal,2170,0,1782359585.15182,0.0020978450775146484
101901,normal,2480,0,1782359585.1537597,0.0019397735595703125
101902,normal,3327,1,1782359585.1558208,0.002061128616333008
101903,normal,57,0,1782359585.157776,0.001955270767211914
101904,normal,196,0,1782359585.1597977,0.0020215511322021484
101905,normal,1082,0,1782359585.1617272,0.0019295215606689453
101906,normal,2469,0,1782359585.1638212,0.0020940303802490234
101907,normal,2596,0,1782359585.1657526,0.0019314289093017578
101908,normal,2495,0,1782359585.1677127,0.0019600391387939453
101909,normal,1463,0,1782359585.169828,0.0021152496337890625
101910,normal,1994,0,1782359585.1717615,0.0019335746765136719
101911,normal,2239,0,1782359585.1737597,0.0019981861114501953
101912,normal,3226,1,1782359585.1758304,0.0020706653594970703
101913,normal,1126,0,1782359585.177786,0.001955747604370117
101914,normal,2845,0,1782359585.1797185,0.001932382583618164
101915,normal,1177,0,1782359585.1818237,0.002105236053466797
101916,normal,374,0,1782359585.183771,0.001947164535522461
101917,normal,648,0,1782359585.1857119,0.0019409656524658203
101918,normal,2703,0,1782359585.1878247,0.002112865447998047
101919,normal,1901,0,1782359585.1897595,0.0019347667694091797
101920,normal,2700,0,1782359585.1917067,0.001947164535522461
101921,normal,3329,1,1782359585.1937783,0.0020716190338134766
101922,normal,605,0,1782359585.195776,0.001997709274291992
101923,normal,2202,0,1782359585.197707,0.0019309520721435547
101924,normal,991,2,1782359585.199817,0.002110004425048828
101925,normal,3328,1,1782359585.2017815,0.001964569091796875
101926,normal,2275,0,1782359585.203718,0.0019364356994628906
101927,normal,2338,0,1782359585.2058065,0.0020885467529296875
101928,normal,3260,1,1782359585.2077549,0.0019483566284179688
101929,normal,1090,0,1782359585.209706,0.0019512176513671875
101930,normal,604,0,1782359585.2118275,0.002121448516845703
101931,normal,3553,0,1782359585.2137609,0.0019333362579345703
101932,normal,3048,1,1782359585.2157035,0.0019426345825195312
101933,normal,2129,0,1782359585.2178128,0.0021092891693115234
101934,normal,2949,0,1782359585.2197483,0.0019354820251464844
101935,normal,2824,0,1782359585.2217076,0.0019593238830566406
101936,normal,171,0,1782359585.2238142,0.0021066665649414062
101937,normal,2872,0,1782359585.225761,0.0019466876983642578
101938,normal,668,0,1782359585.2277038,0.0019428730010986328
101939,normal,1174,0,1782359585.2298176,0.002113819122314453
101940,normal,3183,1,1782359585.2317567,0.0019390583038330078
101941,normal,730,0,1782359585.233709,0.0019524097442626953
101942,normal,3166,1,1782359585.2358282,0.0021190643310546875
101943,normal,101,0,1782359585.2377727,0.0019445419311523438
101944,normal,3239,1,1782359585.239702,0.0019292831420898438
101945,normal,3705,0,1782359585.2418203,0.002118349075317383
101946,normal,2310,0,1782359585.243771,0.0019507408142089844
101947,normal,2564,0,1782359585.2457502,0.0019791126251220703
101948,normal,339,0,1782359585.2478433,0.002093076705932617
101949,normal,2928,0,1782359585.2497513,0.0019080638885498047
101950,normal,2718,0,1782359585.2517226,0.0019712448120117188
101951,normal,716,0,1782359585.2538211,0.002098560333251953
101952,normal,382,0,1782359585.2557538,0.0019326210021972656
101953,normal,380,0,1782359585.257759,0.002005338668823242
101954,normal,2805,0,1782359585.2598174,0.002058267593383789
101955,normal,784,2,1782359585.2617488,0.0019314289093017578
101956,normal,1712,0,1782359585.2637036,0.001954793930053711
101957,normal,706,0,1782359585.2657826,0.002079010009765625
101958,normal,2178,0,1782359585.2677634,0.0019807815551757812
101959,normal,328,0,1782359585.269709,0.0019457340240478516
101960,normal,3414,0,1782359585.2717845,0.0020754337310791016
101961,normal,2763,0,1782359585.273759,0.001974344253540039
101962,normal,894,2,1782359585.275964,0.0022051334381103516
101963,normal,2565,0,1782359585.2777874,0.00182342529296875
101964,normal,2352,0,1782359585.2798083,0.0020208358764648438
101965,normal,1519,0,1782359585.2819936,0.002185344696044922
101966,normal,3562,0,1782359585.2837877,0.0017940998077392578
101967,normal,3689,0,1782359585.2859573,0.0021696090698242188
101968,normal,220,0,1782359585.2877572,0.0017998218536376953
101969,normal,3424,0,1782359585.289991,0.002233743667602539
101970,normal,2434,0,1782359585.2918272,0.0018362998962402344
101971,normal,1662,0,1782359585.2939541,0.002126932144165039
101972,normal,3677,0,1782359585.2959478,0.0019936561584472656
101973,normal,172,0,1782359585.2978263,0.001878499984741211
101974,normal,1571,0,1782359585.2999535,0.0021271705627441406
101975,normal,2919,0,1782359585.3017828,0.001829385757446289
101976,normal,377,0,1782359585.3039572,0.00217437744140625
101977,normal,1916,0,1782359585.3057997,0.001842498779296875
101978,normal,3631,0,1782359585.3079681,0.002168416976928711
101979,normal,1919,0,1782359585.309787,0.0018188953399658203
101980,normal,2712,0,1782359585.3119671,0.0021800994873046875
101981,normal,2344,0,1782359585.3137934,0.0018262863159179688
101982,normal,19,0,1782359585.315952,0.002158641815185547
101983,normal,3065,1,1782359585.3178053,0.0018532276153564453
101984,normal,3037,0,1782359585.3200037,0.002198457717895508
101985,normal,59,0,1782359585.3217766,0.0017728805541992188
101986,normal,384,0,1782359585.3238757,0.0020990371704101562
101987,normal,2066,0,1782359585.325784,0.0019083023071289062
101988,normal,3140,1,1782359585.3277762,0.0019922256469726562
101989,normal,2314,0,1782359585.3297682,0.0019919872283935547
101990,normal,2277,0,1782359585.331834,0.002065896987915039
101991,normal,1675,0,1782359585.3339028,0.002068758010864258
101992,normal,2371,0,1782359585.3357954,0.0018925666809082031
101993,normal,1236,0,1782359585.3382,0.0024046897888183594
101994,normal,665,0,1782359585.3398147,0.0016145706176757812
101995,normal,3188,1,1782359585.3419917,0.002177000045776367
101996,normal,3201,1,1782359585.3439908,0.0019991397857666016
101997,normal,2569,0,1782359585.3458254,0.0018346309661865234
101998,normal,284,0,1782359585.3479323,0.002106904983520508
101999,normal,1265,0,1782359585.3497999,0.001867532730102539
102000,normal,1608,0,1782359585.3517876,0.0019876956939697266
102001,normal,944,2,1782359585.3537369,0.001949310302734375
102002,normal,3674,0,1782359585.355765,0.002028226852416992
102003,normal,65,0,1782359585.3577302,0.001965045928955078
102004,normal,2238,0,1782359585.3597407,0.0020105838775634766
102005,normal,2206,0,1782359585.3619947,0.002254009246826172
102006,normal,585,0,1782359585.363778,0.0017833709716796875
102007,normal,2966,0,1782359585.3659568,0.002178668975830078
102008,normal,1912,0,1782359585.3677886,0.0018317699432373047
102009,normal,3374,1,1782359585.3699543,0.0021657943725585938
102010,normal,912,2,1782359585.37179,0.0018355846405029297
102011,normal,269,0,1782359585.3739967,0.0022068023681640625
102012,normal,2659,0,1782359585.3757923,0.0017955303192138672
102013,normal,773,2,1782359585.3779387,0.002146482467651367
102014,normal,722,0,1782359585.3799539,0.0020151138305664062
102015,normal,1192,0,1782359585.381802,0.0018482208251953125
102016,normal,2374,0,1782359585.3839521,0.0021500587463378906
102017,normal,2370,0,1782359585.3859508,0.0019986629486083984
102018,normal,1643,0,1782359585.3878257,0.0018749237060546875
102019,normal,2233,0,1782359585.3899765,0.0021507740020751953
102020,normal,1846,0,1782359585.3919895,0.002012968063354492
102021,normal,1872,0,1782359585.3937962,0.0018067359924316406
102022,normal,2473,0,1782359585.395995,0.0021986961364746094
102023,normal,1710,0,1782359585.3978043,0.0018093585968017578
102024,normal,2789,0,1782359585.3999553,0.002151012420654297
102025,normal,2942,0,1782359585.4017963,0.0018410682678222656
102026,normal,1926,0,1782359585.4039564,0.0021600723266601562
102027,normal,2214,0,1782359585.4058263,0.0018699169158935547
102028,normal,2551,0,1782359585.4079692,0.0021429061889648438
102029,normal,3018,0,1782359585.4099722,0.0020029544830322266
102030,normal,293,0,1782359585.4118094,0.0018372535705566406
102031,normal,508,0,1782359585.4139526,0.0021431446075439453
102032,normal,2744,0,1782359585.415942,0.0019893646240234375
102033,normal,3468,0,1782359585.417792,0.001850128173828125
102034,normal,1113,0,1782359585.4199448,0.002152681350708008
102035,normal,599,0,1782359585.4219425,0.001997709274291992
102036,normal,1574,0,1782359585.4237983,0.0018558502197265625
102037,normal,356,0,1782359585.4259634,0.002165079116821289
102038,normal,3469,0,1782359585.427962,0.0019986629486083984
102039,normal,2931,0,1782359585.4297783,0.0018162727355957031
102040,normal,1589,0,1782359585.43183,0.0020515918731689453
102041,normal,1996,0,1782359585.4340894,0.002259492874145508
102042,normal,3191,1,1782359585.4357853,0.001695871353149414
102043,normal,123,0,1782359585.4378378,0.0020525455474853516
102044,normal,2545,0,1782359585.4399862,0.0021483898162841797
102045,normal,3335,1,1782359585.4418273,0.0018410682678222656
102046,normal,3050,1,1782359585.4439757,0.0021483898162841797
102047,normal,1266,0,1782359585.445968,0.0019922256469726562
102048,normal,3298,1,1782359585.4478004,0.0018324851989746094
102049,normal,3422,0,1782359585.449952,0.0021514892578125
102050,normal,1649,0,1782359585.4519608,0.0020089149475097656
102051,normal,3491,0,1782359585.4537919,0.0018310546875
102052,normal,3408,0,1782359585.4559796,0.0021877288818359375
102053,normal,1432,0,1782359585.457793,0.0018134117126464844
102054,normal,2110,0,1782359585.4599602,0.002167224884033203
102055,normal,1269,0,1782359585.4617634,0.0018031597137451172
102056,normal,121,0,1782359585.4639928,0.002229452133178711
102057,normal,2353,0,1782359585.465783,0.0017902851104736328
102058,normal,2195,0,1782359585.467971,0.002187967300415039
102059,normal,363,0,1782359585.4699755,0.002004384994506836
102060,normal,3038,0,1782359585.4717925,0.0018169879913330078
102061,normal,442,0,1782359585.473961,0.0021686553955078125
102062,normal,3172,1,1782359585.4759665,0.002005338668823242
102063,normal,565,0,1782359585.4777918,0.0018253326416015625
102064,normal,643,0,1782359585.4799676,0.0021758079528808594
102065,normal,1117,0,1782359585.4819925,0.0020248889923095703
102066,normal,1300,0,1782359585.4837904,0.0017979145050048828
102067,normal,1767,0,1782359585.4859724,0.0021820068359375
102068,normal,908,2,1782359585.4879503,0.0019779205322265625
102069,normal,798,2,1782359585.489799,0.0018486976623535156
102070,normal,2679,0,1782359585.4919555,0.002156496047973633
102071,normal,3446,0,1782359585.4939551,0.0019996166229248047
102072,normal,2839,0,1782359585.4957914,0.0018362998962402344
102073,normal,18,0,1782359585.49796,0.0021686553955078125
102074,normal,527,0,1782359585.499975,0.0020148754119873047
102075,normal,20,0,1782359585.5017953,0.0018203258514404297
102076,normal,975,2,1782359585.5039527,0.002157449722290039
102077,normal,468,0,1782359585.5059583,0.0020055770874023438
102078,normal,2223,0,1782359585.507798,0.0018396377563476562
102079,normal,2963,0,1782359585.5099506,0.002152681350708008
102080,normal,2463,0,1782359585.5119605,0.002009868621826172
102081,normal,1858,0,1782359585.5137897,0.0018291473388671875
102082,normal,2331,0,1782359585.515959,0.002169370651245117
102083,normal,2994,0,1782359585.517967,0.0020079612731933594
102084,normal,2132,0,1782359585.5197742,0.0018072128295898438
102085,normal,1134,0,1782359585.5219538,0.0021796226501464844
102086,normal,3299,1,1782359585.5239928,0.0020389556884765625
102087,normal,1680,0,1782359585.5257897,0.0017969608306884766
102088,normal,1051,0,1782359585.527963,0.002173185348510742
102089,normal,1650,0,1782359585.5299938,0.0020308494567871094
102090,normal,749,0,1782359585.531792,0.0017981529235839844
102091,normal,152,0,1782359585.5339792,0.0021872520446777344
102092,normal,1751,0,1782359585.5359437,0.001964569091796875
102093,normal,1486,0,1782359585.537792,0.0018482208251953125
102094,normal,1794,0,1782359585.5399733,0.0021812915802001953
102095,normal,2465,0,1782359585.5419736,0.0020003318786621094
102096,normal,906,2,1782359585.5437968,0.0018231868743896484
102097,normal,1546,0,1782359585.5459719,0.0021750926971435547
102098,normal,2472,0,1782359585.5479953,0.002023458480834961
102099,normal,2164,0,1782359585.5497773,0.0017819404602050781
102100,normal,211,0,1782359585.551986,0.002208709716796875
102101,normal,1938,0,1782359585.5539472,0.001961231231689453
102102,normal,421,0,1782359585.5557928,0.0018455982208251953
102103,normal,1890,0,1782359585.557991,0.0021982192993164062
102104,normal,3641,0,1782359585.5598075,0.0018165111541748047
102105,normal,3580,0,1782359585.5619614,0.0021538734436035156
102106,normal,2192,0,1782359585.563766,0.0018045902252197266
102107,normal,352,0,1782359585.565998,0.002232074737548828
102108,normal,2236,0,1782359585.567818,0.0018198490142822266
102109,normal,3651,0,1782359585.5699966,0.002178668975830078
102110,normal,554,0,1782359585.5717862,0.0017895698547363281
102111,normal,2995,0,1782359585.5740461,0.002259969711303711
102112,normal,2467,0,1782359585.5757997,0.0017535686492919922
102113,normal,2651,0,1782359585.5779853,0.0021855831146240234
102114,normal,1889,0,1782359585.579804,0.0018186569213867188
102115,normal,464,0,1782359585.5819695,0.002165555953979492
102116,normal,364,0,1782359585.583949,0.0019795894622802734
102117,normal,2158,0,1782359585.5857954,0.0018463134765625
102118,normal,2771,0,1782359585.5879955,0.0022001266479492188
102119,normal,3437,0,1782359585.5897858,0.0017902851104736328
102120,normal,672,0,1782359585.5919938,0.0022079944610595703
102121,normal,2701,0,1782359585.5937626,0.0017688274383544922
102122,normal,3594,0,1782359585.5959964,0.002233743667602539
102123,normal,491,0,1782359585.5977695,0.0017731189727783203
102124,normal,2362,0,1782359585.5999746,0.0022051334381103516
102125,normal,1845,0,1782359585.601962,0.001987457275390625
102126,normal,1995,0,1782359585.603783,0.0018208026885986328
102127,normal,1641,0,1782359585.6059659,0.0021829605102539062
102128,normal,1017,2,1782359585.6079903,0.002024412155151367
102129,normal,398,0,1782359585.6097844,0.0017940998077392578
102130,normal,278,0,1782359585.6119635,0.0021791458129882812
102131,normal,1713,0,1782359585.6139774,0.0020139217376708984
102132,normal,2508,0,1782359585.6157854,0.0018079280853271484
102133,normal,2619,0,1782359585.6179502,0.0021648406982421875
102134,normal,519,0,1782359585.6199713,0.0020210742950439453
102135,normal,403,0,1782359585.621781,0.001809835433959961
102136,normal,3109,1,1782359585.6239634,0.0021822452545166016
102137,normal,1154,0,1782359585.6260014,0.0020380020141601562
102138,normal,692,0,1782359585.627781,0.0017795562744140625
102139,normal,1557,0,1782359585.6299706,0.00218963623046875
102140,normal,3601,0,1782359585.6319697,0.0019991397857666016
102141,normal,2904,0,1782359585.6337774,0.0018076896667480469
102142,normal,1847,0,1782359585.6359606,0.002183198928833008
102143,normal,948,2,1782359585.6378183,0.001857757568359375
102144,normal,1551,0,1782359585.6399534,0.002135038375854492
102145,normal,1853,0,1782359585.6417937,0.001840353012084961
102146,normal,324,0,1782359585.6440196,0.0022258758544921875
102147,normal,2235,0,1782359585.6458395,0.0018198490142822266
102148,normal,3394,1,1782359585.6479657,0.0021262168884277344
102149,normal,973,2,1782359585.6499462,0.0019805431365966797
102150,normal,1042,0,1782359585.6518016,0.0018553733825683594
102151,normal,1572,0,1782359585.6539502,0.0021486282348632812
102152,normal,1173,0,1782359585.6559618,0.002011537551879883
102153,normal,563,0,1782359585.6577752,0.0018134117126464844
102154,normal,127,0,1782359585.659981,0.0022058486938476562
102155,normal,634,0,1782359585.6619434,0.001962423324584961
102156,normal,1489,0,1782359585.6638258,0.001882314682006836
102157,normal,3487,0,1782359585.665962,0.00213623046875
102158,normal,412,0,1782359585.6679468,0.001984834671020508
102159,normal,684,0,1782359585.6697888,0.0018420219421386719
102160,normal,153,0,1782359585.6719542,0.0021653175354003906
102161,normal,2039,0,1782359585.673949,0.0019948482513427734
102162,normal,334,0,1782359585.6757793,0.0018303394317626953
102163,normal,3434,0,1782359585.6779644,0.0021851062774658203
102164,normal,2680,0,1782359585.6799765,0.002012014389038086
102165,normal,1750,0,1782359585.6817842,0.0018076896667480469
102166,normal,3253,1,1782359585.6839492,0.002165079116821289
102167,normal,1686,0,1782359585.6859744,0.002025127410888672
102168,normal,418,0,1782359585.6877816,0.0018072128295898438
102169,normal,2337,0,1782359585.6900094,0.002227783203125
102170,normal,472,0,1782359585.69195,0.0019407272338867188
102171,normal,806,2,1782359585.6937969,0.0018467903137207031
102172,normal,3556,0,1782359585.6959872,0.0021903514862060547
102173,normal,1700,0,1782359585.6977854,0.0017981529235839844
102174,normal,1317,0,1782359585.699993,0.002207517623901367
102175,normal,1570,0,1782359585.7017887,0.0017957687377929688
102176,normal,753,0,1782359585.7038672,0.002078533172607422
102177,normal,2116,0,1782359585.7058532,0.0019860267639160156
102178,normal,1438,0,1782359585.7088075,0.002954244613647461
102179,normal,1468,0,1782359585.7098787,0.0010712146759033203
102180,normal,933,2,1782359585.711858,0.001979351043701172
102181,normal,772,2,1782359585.7137141,0.001856088638305664
102182,normal,3046,1,1782359585.7158341,0.0021200180053710938
102183,normal,223,0,1782359585.717713,0.001878976821899414
102184,normal,2157,0,1782359585.71973,0.002016782760620117
102185,normal,3663,0,1782359585.7217991,0.002069234848022461
102186,normal,2636,0,1782359585.7237344,0.0019352436065673828
102187,normal,1114,0,1782359585.7257242,0.0019898414611816406
102188,normal,886,2,1782359585.7278814,0.0021572113037109375
102189,normal,1978,0,1782359585.7299283,0.002046823501586914
102190,normal,857,2,1782359585.731891,0.0019626617431640625
102191,normal,2067,0,1782359585.733849,0.001958131790161133
102192,normal,845,2,1782359585.735847,0.0019979476928710938
102193,normal,478,0,1782359585.73783,0.0019829273223876953
102194,normal,2717,0,1782359585.7398849,0.002054929733276367
102195,normal,801,2,1782359585.7418644,0.0019795894622802734
102196,normal,3667,0,1782359585.7438557,0.00199127197265625
102197,normal,932,2,1782359585.7458572,0.002001523971557617
102198,normal,2204,0,1782359585.7481072,0.0022499561309814453
102199,normal,2669,0,1782359585.7497504,0.0016431808471679688
102200,normal,1715,0,1782359585.7519252,0.002174854278564453
102201,normal,1085,0,1782359585.753858,0.0019328594207763672
102202,normal,3616,0,1782359585.7557375,0.0018794536590576172
102203,normal,1459,0,1782359585.75789,0.0021524429321289062
102204,normal,2252,0,1782359585.759869,0.0019791126251220703
102205,normal,552,0,1782359585.7617545,0.0018854141235351562
102206,normal,2600,0,1782359585.7638946,0.002140045166015625
102207,normal,1766,0,1782359585.7659903,0.0020956993103027344
102208,normal,708,0,1782359585.7678163,0.0018260478973388672
102209,normal,1676,0,1782359585.7702267,0.002410411834716797
102210,normal,2028,0,1782359585.7717648,0.0015380382537841797
102211,normal,2150,0,1782359585.7739236,0.0021588802337646484
102212,normal,1304,0,1782359585.775886,0.001962423324584961
102213,normal,2868,0,1782359585.7777617,0.0018756389617919922
102214,normal,1528,0,1782359585.7798567,0.0020949840545654297
102215,normal,3032,0,1782359585.7817762,0.0019195079803466797
102216,normal,2586,0,1782359585.7840052,0.002228975296020508
102217,normal,1828,0,1782359585.7858186,0.0018134117126464844
102218,normal,3362,1,1782359585.7878563,0.0020377635955810547
102219,normal,2114,0,1782359585.7899444,0.0020880699157714844
102220,normal,711,0,1782359585.791824,0.0018796920776367188
102221,normal,2356,0,1782359585.7937062,0.0018820762634277344
102222,normal,3350,1,1782359585.7957702,0.0020639896392822266
102223,normal,1561,0,1782359585.7978601,0.002089977264404297
102224,normal,610,0,1782359585.7997286,0.0018684864044189453
102225,normal,2577,0,1782359585.8018103,0.002081632614135742
102226,normal,221,0,1782359585.8037407,0.0019304752349853516
102227,normal,3012,0,1782359585.8057656,0.0020248889923095703
102228,normal,2262,0,1782359585.807738,0.0019724369049072266
102229,normal,560,0,1782359585.8097482,0.0020101070404052734
102230,normal,2274,0,1782359585.8117504,0.002002239227294922
102231,normal,3465,0,1782359585.8137789,0.0020284652709960938
102232,normal,151,0,1782359585.8158023,0.002023458480834961
102233,normal,3060,1,1782359585.8177884,0.0019860267639160156
102234,normal,3275,1,1782359585.8197632,0.001974821090698242
102235,normal,1539,0,1782359585.821758,0.0019948482513427734
102236,normal,2730,0,1782359585.8237557,0.001997709274291992
102237,normal,3095,1,1782359585.825743,0.0019872188568115234
102238,normal,1242,0,1782359585.8277357,0.0019927024841308594
102239,normal,25,0,1782359585.8297815,0.002045869827270508
102240,normal,567,0,1782359585.83188,0.002098560333251953
102241,normal,3154,1,1782359585.833777,0.0018968582153320312
102242,normal,2264,0,1782359585.8357983,0.002021312713623047
102243,normal,3249,1,1782359585.8379207,0.0021224021911621094
102244,normal,3630,0,1782359585.8399427,0.0020220279693603516
102245,normal,3156,1,1782359585.8418124,0.0018696784973144531
102246,normal,3385,1,1782359585.8438668,0.002054452896118164
102247,normal,1024,2,1782359585.8458533,0.0019865036010742188
102248,normal,400,0,1782359585.8478165,0.0019631385803222656
102249,normal,2803,0,1782359585.8497148,0.0018982887268066406
102250,normal,1481,0,1782359585.851719,0.0020041465759277344
102251,normal,131,0,1782359585.853716,0.0019969940185546875
102252,normal,2783,0,1782359585.8558567,0.0021407604217529297
102253,normal,1920,0,1782359585.8577113,0.0018546581268310547
102254,normal,3588,0,1782359585.8597245,0.0020132064819335938
102255,normal,808,2,1782359585.861714,0.0019893646240234375
102256,normal,1941,0,1782359585.8637137,0.0019998550415039062
102257,normal,3655,0,1782359585.8663814,0.002667665481567383
102258,normal,3270,1,1782359585.8679416,0.001560211181640625
102259,normal,728,0,1782359585.8697608,0.0018191337585449219
102260,normal,218,0,1782359585.8717651,0.002004384994506836
102261,normal,957,2,1782359585.8737533,0.0019881725311279297
102262,normal,1823,0,1782359585.875764,0.0020105838775634766
102263,normal,3308,1,1782359585.8778498,0.0020859241485595703
102264,normal,518,0,1782359585.8799253,0.0020754337310791016
102265,normal,2874,0,1782359585.8817625,0.0018372535705566406
102266,normal,173,0,1782359585.8837554,0.001992940902709961
102267,normal,1802,0,1782359585.8857486,0.0019931793212890625
102268,normal,1421,0,1782359585.8877616,0.002012968063354492
102269,normal,2257,0,1782359585.8898854,0.0021238327026367188
102270,normal,1761,0,1782359585.8918402,0.001954793930053711
102271,normal,1600,0,1782359585.8938382,0.0019979476928710938
102272,normal,1460,0,1782359585.8958447,0.00200653076171875
102273,normal,2088,0,1782359585.8978565,0.0020117759704589844
102274,normal,2109,0,1782359585.8997793,0.0019228458404541016
102275,normal,2312,0,1782359585.901935,0.002155780792236328
102276,normal,2269,0,1782359585.9039154,0.001980304718017578
102277,normal,3281,1,1782359585.9058201,0.0019047260284423828
102278,normal,767,0,1782359585.9080694,0.0022492408752441406
102279,normal,45,0,1782359585.9100246,0.001955270767211914
102280,normal,16,0,1782359585.9118638,0.0018391609191894531
102281,normal,3652,0,1782359585.9137092,0.0018453598022460938
102282,normal,3440,0,1782359585.915766,0.0020568370819091797
102283,normal,2022,0,1782359585.9177344,0.0019683837890625
102284,normal,3671,0,1782359585.9197478,0.0020134449005126953
102285,normal,1456,0,1782359585.9217408,0.001992940902709961
102286,normal,1495,0,1782359585.923737,0.001996278762817383
102287,normal,3365,1,1782359585.925744,0.002007007598876953
102288,normal,3427,0,1782359585.9277606,0.0020165443420410156
102289,normal,1440,0,1782359585.9298,0.0020394325256347656
102290,normal,1294,0,1782359585.9318557,0.002055644989013672
102291,normal,1474,0,1782359585.9337375,0.0018818378448486328
102292,normal,531,0,1782359585.935792,0.002054452896118164
102293,normal,199,0,1782359585.9377825,0.0019905567169189453
102294,normal,423,0,1782359585.9398189,0.0020363330841064453
102295,normal,2316,0,1782359585.941745,0.0019261837005615234
102296,normal,1212,0,1782359585.9437568,0.0020117759704589844
102297,normal,36,0,1782359585.9457436,0.0019867420196533203
102298,normal,1504,0,1782359585.9477386,0.001995086669921875
102299,normal,3234,1,1782359585.9497423,0.0020036697387695312
102300,normal,3344,1,1782359585.951732,0.001989603042602539
102301,normal,1102,0,1782359585.9537544,0.0020225048065185547
102302,normal,349,0,1782359585.9557507,0.001996278762817383
102303,normal,296,0,1782359585.957854,0.0021033287048339844
102304,normal,758,0,1782359585.9597638,0.0019097328186035156
102305,normal,40,0,1782359585.961736,0.001972198486328125
102306,normal,549,0,1782359585.9637287,0.0019927024841308594
102307,normal,2083,0,1782359585.9657326,0.002003908157348633
102308,normal,2018,0,1782359585.9677353,0.002002716064453125
102309,normal,582,0,1782359585.9697428,0.0020074844360351562
102310,normal,184,0,1782359585.971785,0.0020422935485839844
102311,normal,429,0,1782359585.9737852,0.002000093460083008
102312,normal,3161,1,1782359585.9758441,0.0020589828491210938
102313,normal,2136,0,1782359585.9777932,0.0019490718841552734
102314,normal,1501,0,1782359585.979869,0.002075672149658203
102315,normal,2731,0,1782359585.981846,0.001977205276489258
102316,normal,1396,0,1782359585.9838471,0.002001047134399414
102317,normal,2142,0,1782359585.9858263,0.0019791126251220703
102318,normal,3257,1,1782359585.987745,0.001918792724609375
102319,normal,847,2,1782359585.9898243,0.0020792484283447266
102320,normal,445,0,1782359585.9920025,0.002178192138671875
102321,normal,2555,0,1782359585.99384,0.0018374919891357422
102322,normal,2924,0,1782359585.9959908,0.0021507740020751953
102323,normal,2610,0,1782359585.9979556,0.0019648075103759766
102324,normal,3706,0,1782359585.9998512,0.0018956661224365234
102325,normal,3382,1,1782359586.0018985,0.002047300338745117
102326,normal,2504,0,1782359586.0039577,0.0020592212677001953
102327,normal,2459,0,1782359586.0059268,0.0019690990447998047
102328,normal,738,0,1782359586.007827,0.0019001960754394531
102329,normal,290,0,1782359586.0098078,0.0019807815551757812
102330,normal,3648,0,1782359586.011818,0.0020101070404052734
102331,normal,1286,0,1782359586.0138967,0.0020787715911865234
102332,normal,2554,0,1782359586.0158708,0.0019741058349609375
102333,normal,1902,0,1782359586.0178022,0.0019314289093017578
102334,normal,3278,1,1782359586.019811,0.002008676528930664
102335,normal,776,2,1782359586.0218043,0.001993417739868164
102336,normal,1906,0,1782359586.0239894,0.0021851062774658203
102337,normal,3486,0,1782359586.026033,0.002043485641479492
102338,normal,3207,1,1782359586.0279152,0.001882314682006836
102339,normal,525,0,1782359586.0298522,0.0019369125366210938
102340,normal,3135,1,1782359586.0317886,0.0019364356994628906
102341,normal,1430,0,1782359586.033863,0.0020744800567626953
102342,normal,1679,0,1782359586.0358937,0.002030611038208008
102343,normal,978,2,1782359586.0379584,0.0020647048950195312
102344,normal,2895,0,1782359586.0398502,0.0018918514251708984
102345,normal,3225,1,1782359586.0418508,0.002000570297241211
102346,normal,84,0,1782359586.0439422,0.0020914077758789062
102347,normal,636,0,1782359586.0458739,0.0019316673278808594
102348,normal,416,0,1782359586.0478811,0.0020072460174560547
102349,normal,1209,0,1782359586.0498886,0.0020074844360351562
102350,normal,1386,0,1782359586.0518894,0.0020008087158203125
102351,normal,14,0,1782359586.0538568,0.0019674301147460938
102352,normal,3447,0,1782359586.0563776,0.0025207996368408203
102353,normal,796,2,1782359586.058445,0.0020673274993896484
102354,normal,3017,0,1782359586.05975,0.0013051033020019531
102355,normal,1292,0,1782359586.0618207,0.0020706653594970703
102356,normal,3664,0,1782359586.0638788,0.0020580291748046875
102357,normal,1575,0,1782359586.0658293,0.0019505023956298828
102358,normal,1610,0,1782359586.067873,0.0020437240600585938
102359,normal,1910,0,1782359586.0698009,0.0019278526306152344
102360,normal,188,0,1782359586.0717137,0.001912832260131836
102361,normal,3645,0,1782359586.0737722,0.0020585060119628906
102362,normal,2993,0,1782359586.0758421,0.0020699501037597656
102363,normal,1461,0,1782359586.0777328,0.0018906593322753906
102364,normal,999,2,1782359586.079736,0.002003192901611328
102365,normal,3330,1,1782359586.081791,0.002054929733276367
102366,normal,521,0,1782359586.0837104,0.0019195079803466797
102367,normal,2670,0,1782359586.0857067,0.001996278762817383
102368,normal,2009,0,1782359586.0877726,0.002065896987915039
102369,normal,3126,1,1782359586.0896935,0.001920938491821289
102370,normal,3316,1,1782359586.091792,0.002098560333251953
102371,normal,2321,0,1782359586.0938115,0.0020194053649902344
102372,normal,1201,0,1782359586.0957768,0.0019652843475341797
102373,normal,1346,1,1782359586.0977247,0.0019478797912597656
102374,normal,1424,0,1782359586.0997813,0.002056598663330078
102375,normal,29,0,1782359586.1017482,0.0019669532775878906
102376,normal,2590,0,1782359586.1037424,0.0019941329956054688
102377,normal,1455,0,1782359586.1058307,0.002088308334350586
102378,normal,1876,0,1782359586.107727,0.0018963813781738281
102379,normal,2584,0,1782359586.109795,0.002068042755126953
102380,normal,2732,0,1782359586.1118126,0.002017498016357422
102381,normal,2281,0,1782359586.1137078,0.0018951892852783203
102382,normal,1531,0,1782359586.1157048,0.0019969940185546875
102383,normal,737,0,1782359586.1177824,0.0020775794982910156
102384,normal,375,0,1782359586.1197042,0.0019218921661376953
102385,normal,3456,0,1782359586.1217942,0.002089977264404297
102386,normal,1012,2,1782359586.1237793,0.0019850730895996094
102387,normal,1167,0,1782359586.125727,0.001947641372680664
102388,normal,1580,0,1782359586.127702,0.0019750595092773438
102389,normal,1041,0,1782359586.1297793,0.002077341079711914
102390,normal,702,0,1782359586.1317005,0.0019211769104003906
102391,normal,2786,0,1782359586.1338027,0.0021021366119384766
102392,normal,2093,0,1782359586.1358075,0.002004861831665039
102393,normal,3545,0,1782359586.1377664,0.0019588470458984375
102394,normal,1943,0,1782359586.139713,0.0019466876983642578
102395,normal,3134,1,1782359586.1418018,0.002088785171508789
102396,normal,2624,0,1782359586.1437156,0.0019137859344482422
102397,normal,3517,0,1782359586.1456928,0.001977205276489258
102398,normal,2540,0,1782359586.1477559,0.0020630359649658203
102399,normal,160,0,1782359586.1496885,0.0019326210021972656
102400,normal,2513,0,1782359586.15177,0.002081632614135742
102401,normal,3384,1,1782359586.1538904,0.0021202564239501953
102402,normal,1758,0,1782359586.1557674,0.0018770694732666016
102403,normal,1175,0,1782359586.157773,0.0020055770874023438
102404,normal,1040,0,1782359586.1598227,0.002049684524536133
102405,normal,79,0,1782359586.1617892,0.0019664764404296875
102406,normal,2764,0,1782359586.1637464,0.0019571781158447266
102407,normal,3432,0,1782359586.1658416,0.0020952224731445312
102408,normal,3411,0,1782359586.1679258,0.0020842552185058594
102409,normal,1762,0,1782359586.1696599,0.001734018325805664
102410,normal,804,2,1782359586.1717677,0.002107858657836914
102411,normal,2887,0,1782359586.1738138,0.0020461082458496094
102412,normal,3058,1,1782359586.1757245,0.0019106864929199219
102413,normal,1107,0,1782359586.177864,0.002139568328857422
102414,normal,2860,0,1782359586.1796541,0.0017900466918945312
102415,normal,1581,0,1782359586.1817713,0.002117156982421875
102416,normal,1276,0,1782359586.1837766,0.002005338668823242
102417,normal,984,2,1782359586.1860712,0.0022945404052734375
102418,normal,1068,0,1782359586.1879148,0.0018436908721923828
102419,normal,768,0,1782359586.1897352,0.0018203258514404297
102420,normal,2475,0,1782359586.191839,0.0021038055419921875
102421,normal,954,2,1782359586.193676,0.001837015151977539
102422,normal,2968,0,1782359586.1957781,0.0021021366119384766
102423,normal,1875,0,1782359586.197738,0.0019598007202148438
102424,normal,2530,0,1782359586.1996996,0.0019617080688476562
102425,normal,2426,0,1782359586.2018535,0.0021538734436035156
102426,normal,3092,1,1782359586.20366,0.001806497573852539
102427,normal,928,2,1782359586.2057781,0.0021181106567382812
102428,normal,1143,0,1782359586.2077959,0.0020177364349365234
102429,normal,2435,0,1782359586.2097285,0.0019326210021972656
102430,normal,2907,0,1782359586.211953,0.002224445343017578
102431,normal,3685,0,1782359586.2138865,0.0019335746765136719
102432,normal,2844,0,1782359586.2157881,0.0019016265869140625
102433,normal,2902,0,1782359586.217744,0.0019559860229492188
102434,normal,405,0,1782359586.2198265,0.002082347869873047
102435,normal,1186,0,1782359586.2217457,0.0019192695617675781
102436,normal,853,2,1782359586.223756,0.002010345458984375
102437,normal,910,2,1782359586.2259583,0.002202272415161133
102438,normal,561,0,1782359586.2277932,0.001834869384765625
102439,normal,251,0,1782359586.2298126,0.0020194053649902344
102440,normal,2360,0,1782359586.2319143,0.0021016597747802734
102441,normal,699,0,1782359586.2338219,0.0019075870513916016
102442,normal,1227,0,1782359586.235696,0.0018742084503173828
102443,normal,2500,0,1782359586.2377324,0.0020363330841064453
102444,normal,789,2,1782359586.2397413,0.0020089149475097656
102445,normal,1602,0,1782359586.2417436,0.002002239227294922
102446,normal,3053,1,1782359586.2437317,0.0019881725311279297
102447,normal,3087,1,1782359586.2457304,0.0019986629486083984
102448,normal,2759,0,1782359586.2477233,0.001992940902709961
102449,normal,2004,0,1782359586.249748,0.0020246505737304688
102450,normal,2222,0,1782359586.2517762,0.002028226852416992
102451,normal,2398,0,1782359586.2537658,0.001989603042602539
102452,normal,272,0,1782359586.2557347,0.001968860626220703
102453,normal,2117,0,1782359586.2577515,0.002016782760620117
102454,normal,1655,0,1782359586.2597618,0.002010345458984375
102455,normal,1850,0,1782359586.2617831,0.002021312713623047
102456,normal,1726,0,1782359586.2637565,0.001973390579223633
102457,normal,3307,1,1782359586.2657266,0.001970052719116211
102458,normal,3218,1,1782359586.2677317,0.0020051002502441406
102459,normal,401,0,1782359586.269727,0.0019953250885009766
102460,normal,141,0,1782359586.2717292,0.002002239227294922
102461,normal,1741,0,1782359586.2737272,0.0019979476928710938
102462,normal,3563,0,1782359586.2757285,0.0020012855529785156
102463,normal,420,0,1782359586.277735,0.00200653076171875
102464,normal,1945,0,1782359586.2797391,0.0020041465759277344
102465,normal,2535,0,1782359586.2817593,0.002020120620727539
102466,normal,1216,0,1782359586.283734,0.001974821090698242
102467,normal,3637,0,1782359586.2857282,0.0019941329956054688
102468,normal,1390,0,1782359586.2877455,0.0020172595977783203
102469,normal,156,0,1782359586.2897296,0.001984119415283203
102470,normal,2602,0,1782359586.2917287,0.0019991397857666016
102471,normal,3263,1,1782359586.2937572,0.0020284652709960938
102472,normal,2827,0,1782359586.2957718,0.002014636993408203
102473,normal,2120,0,1782359586.2977755,0.0020036697387695312
102474,normal,1328,1,1782359586.2997613,0.001985788345336914
102475,normal,55,0,1782359586.3017488,0.001987457275390625
102476,normal,1129,0,1782359586.3037508,0.0020020008087158203
102477,normal,2664,0,1782359586.305894,0.0021431446075439453
102478,normal,754,0,1782359586.3077233,0.001829385757446289
102479,normal,306,0,1782359586.3097258,0.0020024776458740234
102480,normal,3007,0,1782359586.3117301,0.002004384994506836
102481,normal,3104,1,1782359586.3137186,0.0019884109497070312
102482,normal,2761,0,1782359586.3158584,0.0021398067474365234
102483,normal,679,0,1782359586.3177059,0.0018475055694580078
102484,normal,2251,0,1782359586.3197534,0.0020475387573242188
102485,normal,459,0,1782359586.3217652,0.0020117759704589844
102486,normal,851,2,1782359586.3238306,0.002065420150756836
102487,normal,1640,0,1782359586.3257034,0.0018727779388427734
102488,normal,1536,0,1782359586.327762,0.0020585060119628906
102489,normal,748,0,1782359586.329812,0.002050161361694336
102490,normal,2503,0,1782359586.3319235,0.0021114349365234375
102491,normal,756,0,1782359586.333814,0.001890420913696289
102492,normal,1356,1,1782359586.3358428,0.002028942108154297
102493,normal,1616,0,1782359586.3378422,0.001999378204345703
102494,normal,2501,0,1782359586.339854,0.0020117759704589844
102495,normal,2892,0,1782359586.3418596,0.0020055770874023438
102496,normal,291,0,1782359586.3438447,0.0019850730895996094
102497,normal,2957,0,1782359586.3458347,0.001990079879760742
102498,normal,3010,0,1782359586.3478258,0.0019910335540771484
102499,normal,2685,0,1782359586.3499591,0.0021333694458007812
102500,normal,522,0,1782359586.3522525,0.0022933483123779297
102501,normal,534,0,1782359586.3539422,0.0016896724700927734
102502,normal,1106,0,1782359586.3559084,0.001966238021850586
102503,normal,1367,1,1782359586.3578286,0.0019202232360839844
102504,normal,2979,0,1782359586.3598468,0.0020182132720947266
102505,normal,3566,0,1782359586.3618665,0.002019643783569336
102506,normal,1165,0,1782359586.3638718,0.002005338668823242
102507,normal,426,0,1782359586.3657968,0.0019249916076660156
102508,normal,1045,0,1782359586.3678458,0.002048969268798828
102509,normal,2476,0,1782359586.3698468,0.002001047134399414
102510,normal,1441,0,1782359586.3718426,0.0019958019256591797
102511,normal,2155,0,1782359586.3738668,0.0020241737365722656
102512,normal,850,2,1782359586.375894,0.002027273178100586
102513,normal,3247,1,1782359586.377991,0.002096891403198242
102514,normal,3114,1,1782359586.3797634,0.0017724037170410156
102515,normal,488,0,1782359586.3818836,0.0021202564239501953
102516,normal,2946,0,1782359586.3839185,0.002034902572631836
102517,normal,453,0,1782359586.3857737,0.0018551349639892578
102518,normal,373,0,1782359586.3878481,0.0020744800567626953
102519,normal,3668,0,1782359586.3900888,0.0022406578063964844
102520,normal,1502,0,1782359586.3918095,0.0017206668853759766
102521,normal,3357,1,1782359586.393867,0.0020575523376464844
102522,normal,2604,0,1782359586.3959394,0.0020723342895507812
102523,normal,893,2,1782359586.3978643,0.0019249916076660156
102524,normal,866,2,1782359586.3998566,0.0019922256469726562
102525,normal,417,0,1782359586.4018667,0.0020101070404052734
102526,normal,2699,0,1782359586.40383,0.001963376998901367
102527,normal,2278,0,1782359586.405869,0.0020389556884765625
102528,normal,694,0,1782359586.4078703,0.0020012855529785156
102529,normal,1962,0,1782359586.4098418,0.0019714832305908203
102530,normal,2568,0,1782359586.4118574,0.0020155906677246094
102531,normal,831,2,1782359586.4138575,0.002000093460083008
102532,normal,2090,0,1782359586.415894,0.002036571502685547
102533,normal,1871,0,1782359586.4178488,0.001954793930053711
102534,normal,1004,2,1782359586.4198933,0.0020444393157958984
102535,normal,3371,1,1782359586.4217246,0.0018312931060791016
102536,normal,1019,2,1782359586.4238656,0.0021409988403320312
102537,normal,3481,0,1782359586.4258773,0.0020117759704589844
102538,normal,3593,0,1782359586.4278796,0.002002239227294922
102539,normal,1408,0,1782359586.429824,0.0019445419311523438
102540,normal,3548,0,1782359586.4318535,0.0020294189453125
102541,normal,1095,0,1782359586.4338574,0.002003908157348633
102542,normal,1954,0,1782359586.4358685,0.0020110607147216797
102543,normal,147,0,1782359586.4378374,0.001968860626220703
102544,normal,1840,0,1782359586.439865,0.002027750015258789
102545,normal,1009,2,1782359586.4418538,0.001988649368286133
102546,normal,2165,0,1782359586.4438553,0.002001523971557617
102547,normal,1324,1,1782359586.4459388,0.0020835399627685547
102548,normal,2182,0,1782359586.4478228,0.0018839836120605469
102549,normal,264,0,1782359586.4498448,0.0020220279693603516
102550,normal,191,0,1782359586.4518447,0.0019998550415039062
102551,normal,2553,0,1782359586.453852,0.0020072460174560547
102552,normal,1118,0,1782359586.4558342,0.0019822120666503906
102553,normal,2161,0,1782359586.4578478,0.002013683319091797
102554,normal,3141,1,1782359586.4598818,0.0020339488983154297
102555,normal,528,0,1782359586.4618754,0.0019936561584472656
102556,normal,626,0,1782359586.4638515,0.00197601318359375
102557,normal,506,0,1782359586.4658642,0.0020127296447753906
102558,normal,3378,1,1782359586.4678707,0.00200653076171875
102559,normal,2484,0,1782359586.4698727,0.0020020008087158203
102560,normal,1892,0,1782359586.4718182,0.00194549560546875
102561,normal,3591,0,1782359586.4738362,0.002017974853515625
102562,normal,2010,0,1782359586.4758387,0.0020024776458740234
102563,normal,2816,0,1782359586.4778554,0.002016782760620117
102564,normal,1524,0,1782359586.4799163,0.0020608901977539062
102565,normal,551,0,1782359586.4817455,0.0018291473388671875
102566,normal,1136,0,1782359586.4839222,0.0021767616271972656
102567,normal,3197,1,1782359586.4857652,0.0018429756164550781
102568,normal,603,0,1782359586.487917,0.0021517276763916016
102569,normal,3244,1,1782359586.4898326,0.0019156932830810547
102570,normal,3699,0,1782359586.4919252,0.002092599868774414
102571,normal,54,0,1782359586.4937987,0.0018734931945800781
102572,normal,3286,1,1782359586.4958436,0.0020449161529541016
102573,normal,2588,0,1782359586.4978108,0.001967191696166992
102574,normal,411,0,1782359586.4998388,0.0020279884338378906
102575,normal,762,0,1782359586.5018983,0.002059459686279297
102576,normal,2560,0,1782359586.5037062,0.0018079280853271484
102577,normal,2989,0,1782359586.5058484,0.002142190933227539
102578,normal,1986,0,1782359586.507845,0.0019965171813964844
102579,normal,581,0,1782359586.509826,0.001981019973754883
102580,normal,1612,0,1782359586.512211,0.0023851394653320312
102581,normal,3184,1,1782359586.5138657,0.0016546249389648438
102582,normal,1237,0,1782359586.5158675,0.0020017623901367188
102583,normal,2692,0,1782359586.5178034,0.0019359588623046875
102584,normal,3224,1,1782359586.5198607,0.002057313919067383
102585,normal,301,0,1782359586.5218287,0.001967906951904297
102586,normal,3564,0,1782359586.5238795,0.0020508766174316406
102587,normal,3103,1,1782359586.5258076,0.001928091049194336
102588,normal,1020,2,1782359586.5278392,0.002031564712524414
102589,normal,2612,0,1782359586.5298429,0.0020036697387695312
102590,normal,3418,0,1782359586.531854,0.0020110607147216797
102591,normal,1247,0,1782359586.5338721,0.0020182132720947266
102592,normal,3070,1,1782359586.535891,0.0020189285278320312
102593,normal,1193,0,1782359586.537845,0.0019538402557373047
102594,normal,1866,0,1782359586.5397713,0.001926422119140625
102595,normal,1372,1,1782359586.541877,0.002105712890625
102596,normal,707,0,1782359586.5440028,0.0021257400512695312
102597,normal,685,0,1782359586.5462804,0.0022776126861572266
102598,normal,2726,0,1782359586.547748,0.0014677047729492188
102599,normal,3323,1,1782359586.5498648,0.002116680145263672
102600,normal,292,0,1782359586.5518866,0.00202178955078125
102601,normal,1108,0,1782359586.5538063,0.0019197463989257812
102602,normal,119,0,1782359586.5559185,0.002112150192260742
102603,normal,385,0,1782359586.5577538,0.0018353462219238281
102604,normal,1203,0,1782359586.5599701,0.002216339111328125
102605,normal,300,0,1782359586.561869,0.0018987655639648438
102606,normal,1774,0,1782359586.5638347,0.001965761184692383
102607,normal,2798,0,1782359586.565946,0.0021114349365234375
102608,normal,2376,0,1782359586.567877,0.0019309520721435547
102609,normal,2254,0,1782359586.5698678,0.001990795135498047
102610,normal,2723,0,1782359586.5717568,0.0018889904022216797
102611,normal,3264,1,1782359586.5738711,0.0021142959594726562
102612,normal,3138,1,1782359586.5758305,0.0019593238830566406
102613,normal,1268,0,1782359586.5778754,0.0020449161529541016
102614,normal,3703,0,1782359586.5799384,0.0020630359649658203
102615,normal,2773,0,1782359586.5818522,0.0019137859344482422
102616,normal,2985,0,1782359586.5838685,0.002016305923461914
102617,normal,1573,0,1782359586.5858445,0.00197601318359375
102618,normal,3484,0,1782359586.5878236,0.0019791126251220703
102619,normal,663,0,1782359586.5898685,0.0020449161529541016
102620,normal,962,2,1782359586.5918627,0.0019941329956054688
102621,normal,3584,0,1782359586.5938706,0.0020079612731933594
102622,normal,1973,0,1782359586.5958884,0.0020177364349365234
102623,normal,785,2,1782359586.597863,0.0019745826721191406
102624,normal,1497,0,1782359586.5997753,0.0019123554229736328
102625,normal,2598,0,1782359586.6018727,0.0020973682403564453
102626,normal,1348,1,1782359586.6039078,0.0020351409912109375
102627,normal,1716,0,1782359586.6057408,0.0018329620361328125
102628,normal,1505,0,1782359586.6079125,0.002171754837036133
102629,normal,1373,1,1782359586.609911,0.001998424530029297
102630,normal,3482,0,1782359586.611896,0.0019850730895996094
102631,normal,1290,0,1782359586.6138453,0.001949310302734375
102632,normal,2279,0,1782359586.6158922,0.002046823501586914
102633,normal,2837,0,1782359586.6177382,0.0018460750579833984
102634,normal,1656,0,1782359586.6198745,0.00213623046875
102635,normal,1630,0,1782359586.6218,0.0019254684448242188
102636,normal,1222,0,1782359586.623863,0.0020630359649658203
102637,normal,579,0,1782359586.6258657,0.002002716064453125
102638,normal,1939,0,1782359586.6278818,0.0020160675048828125
102639,normal,107,0,1782359586.6298726,0.001990795135498047
102640,normal,936,2,1782359586.6317818,0.0019092559814453125
102641,normal,1244,0,1782359586.6340513,0.0022695064544677734
102642,normal,72,0,1782359586.6357481,0.0016968250274658203
102643,normal,2246,0,1782359586.6378489,0.002100706100463867
102644,normal,3238,1,1782359586.6399436,0.002094745635986328
102645,normal,2528,0,1782359586.6417327,0.001789093017578125
102646,normal,1319,1,1782359586.6438584,0.0021257400512695312
102647,normal,590,0,1782359586.645868,0.0020096302032470703
102648,normal,344,0,1782359586.647723,0.0018548965454101562
102649,normal,2597,0,1782359586.6498914,0.002168416976928711
102650,normal,1509,0,1782359586.6518507,0.0019593238830566406
102651,normal,406,0,1782359586.653769,0.0019183158874511719
102652,normal,2139,0,1782359586.6558902,0.0021212100982666016
102653,normal,2460,0,1782359586.6578615,0.0019712448120117188
102654,normal,1500,0,1782359586.6598282,0.001966714859008789
102655,normal,1970,0,1782359586.661898,0.002069711685180664
102656,normal,117,0,1782359586.6638525,0.0019545555114746094
102657,normal,1000,2,1782359586.6658134,0.0019609928131103516
102658,normal,3093,1,1782359586.667915,0.0021016597747802734
102659,normal,3289,1,1782359586.6697938,0.0018787384033203125
102660,normal,3062,1,1782359586.6718602,0.002066373825073242
102661,normal,664,0,1782359586.6737547,0.0018944740295410156
102662,normal,2496,0,1782359586.6758516,0.002096891403198242
102663,normal,2478,0,1782359586.6779604,0.0021088123321533203
102664,normal,1277,0,1782359586.6797204,0.0017600059509277344
102665,normal,1953,0,1782359586.6818504,0.0021300315856933594
102666,normal,485,0,1782359586.6838443,0.001993894577026367
102667,normal,3499,0,1782359586.6858566,0.0020122528076171875
102668,normal,389,0,1782359586.6881585,0.002301931381225586
102669,normal,2543,0,1782359586.6899881,0.0018296241760253906
102670,normal,2492,0,1782359586.6918457,0.0018575191497802734
102671,normal,3377,1,1782359586.6938667,0.0020210742950439453
102672,normal,678,0,1782359586.6958673,0.002000570297241211
102673,normal,2743,0,1782359586.6978052,0.0019378662109375
102674,normal,499,0,1782359586.699887,0.0020818710327148438
102675,normal,3128,1,1782359586.7018774,0.0019903182983398438
102676,normal,2498,0,1782359586.703757,0.0018796920776367188
102677,normal,2006,0,1782359586.7058697,0.0021126270294189453
102678,normal,618,0,1782359586.7078495,0.001979827880859375
102679,normal,1301,0,1782359586.7098742,0.0020246505737304688
102680,normal,3512,0,1782359586.7117941,0.0019199848175048828
102681,normal,1638,0,1782359586.7138696,0.0020754337310791016
102682,normal,2103,0,1782359586.715763,0.0018935203552246094
102683,normal,217,0,1782359586.717991,0.0022280216217041016
102684,normal,1137,0,1782359586.7197914,0.0018002986907958984
102685,normal,2570,0,1782359586.7219102,0.002118825912475586
102686,normal,750,0,1782359586.7238662,0.0019559860229492188
102687,normal,1391,0,1782359586.725792,0.0019257068634033203
102688,normal,797,2,1782359586.727873,0.002081155776977539
102689,normal,104,0,1782359586.729963,0.002089977264404297
102690,normal,1210,0,1782359586.7318814,0.0019183158874511719
102691,normal,1487,0,1782359586.7338727,0.00199127197265625
102692,normal,1621,0,1782359586.735852,0.001979351043701172
102693,normal,959,2,1782359586.7379239,0.002071857452392578
102694,normal,640,0,1782359586.7398329,0.001909017562866211
102695,normal,1988,0,1782359586.7418895,0.002056598663330078
102696,normal,971,2,1782359586.7438443,0.001954793930053711
102697,normal,1981,0,1782359586.7458634,0.002019166946411133
102698,normal,2245,0,1782359586.747886,0.0020225048065185547
102699,normal,2451,0,1782359586.7498693,0.0019834041595458984
102700,normal,3527,0,1782359586.751819,0.0019495487213134766
102701,normal,1974,0,1782359586.7538517,0.002032756805419922
102702,normal,2550,0,1782359586.7558699,0.0020182132720947266
102703,normal,2021,0,1782359586.7578948,0.0020248889923095703
102704,normal,2524,0,1782359586.7598493,0.0019545555114746094
102705,normal,1593,0,1782359586.7618954,0.0020461082458496094
102706,normal,3304,1,1782359586.7637258,0.0018303394317626953
102707,normal,2533,0,1782359586.765859,0.0021331310272216797
102708,normal,1778,0,1782359586.7677872,0.0019283294677734375
102709,normal,1221,0,1782359586.7698839,0.0020966529846191406
102710,normal,3577,0,1782359586.7718728,0.0019888877868652344
102711,normal,1645,0,1782359586.773759,0.001886129379272461
102712,normal,3177,1,1782359586.775871,0.002112150192260742
102713,normal,2626,0,1782359586.7778127,0.001941680908203125
102714,normal,1273,0,1782359586.7798567,0.0020439624786376953
102715,normal,484,0,1782359586.7818718,0.0020151138305664062
102716,normal,386,0,1782359586.783809,0.0019371509552001953
102717,normal,1801,0,1782359586.7858524,0.002043485641479492
102718,normal,2622,0,1782359586.7878842,0.0020318031311035156
102719,normal,863,2,1782359586.789813,0.0019288063049316406
102720,normal,2227,0,1782359586.7918305,0.002017498016357422
102721,normal,2682,0,1782359586.793862,0.002031564712524414
102722,normal,1832,0,1782359586.7958748,0.0020127296447753906
102723,normal,3451,0,1782359586.7977598,0.0018849372863769531
102724,normal,1428,0,1782359586.7998664,0.0021066665649414062
102725,normal,3686,0,1782359586.8017967,0.00193023681640625
102726,normal,7,0,1782359586.8038902,0.0020935535430908203
102727,normal,2739,0,1782359586.8057492,0.0018589496612548828
102728,normal,1830,0,1782359586.807898,0.002148866653442383
102729,normal,126,0,1782359586.8097994,0.001901388168334961
102730,normal,460,0,1782359586.8118923,0.0020928382873535156
102731,normal,2216,0,1782359586.8138425,0.0019502639770507812
102732,normal,193,0,1782359586.8158708,0.002028226852416992
102733,normal,2074,0,1782359586.817871,0.0020003318786621094
102734,normal,3457,0,1782359586.8197997,0.001928567886352539
102735,normal,572,0,1782359586.821859,0.0020592212677001953
102736,normal,1923,0,1782359586.8238523,0.001993417739868164
102737,normal,3059,1,1782359586.8258975,0.002045154571533203
102738,normal,3075,1,1782359586.827816,0.0019185543060302734
102739,normal,2219,0,1782359586.829917,0.0021009445190429688
102740,normal,546,0,1782359586.8318741,0.0019571781158447266
102741,normal,2189,0,1782359586.8338737,0.0019996166229248047
102742,normal,432,0,1782359586.8358004,0.0019266605377197266
102743,normal,2111,0,1782359586.8379247,0.002124309539794922
102744,normal,1469,0,1782359586.839771,0.0018463134765625
102745,normal,2224,0,1782359586.8419948,0.0022237300872802734
102746,normal,871,2,1782359586.8438444,0.0018496513366699219
102747,normal,1133,0,1782359586.8458552,0.002010822296142578
102748,normal,273,0,1782359586.8478515,0.001996278762817383
102749,normal,712,0,1782359586.8498573,0.0020058155059814453
102750,normal,1963,0,1782359586.8519406,0.002083301544189453
102751,normal,1492,0,1782359586.8537195,0.0017788410186767578
102752,normal,2650,0,1782359586.855849,0.0021295547485351562
102753,normal,920,2,1782359586.8578508,0.0020017623901367188
102754,normal,2493,0,1782359586.8598447,0.001993894577026367
102755,normal,3700,0,1782359586.861957,0.0021123886108398438
102756,normal,3576,0,1782359586.8640852,0.002128124237060547
102757,normal,1355,1,1782359586.8657444,0.0016591548919677734
102758,normal,497,0,1782359586.8678708,0.002126455307006836
102759,normal,1756,0,1782359586.8698504,0.0019795894622802734
102760,normal,3369,1,1782359586.8718555,0.0020051002502441406
102761,normal,769,0,1782359586.8738728,0.0020172595977783203
102762,normal,3406,0,1782359586.8757987,0.0019259452819824219
102763,normal,2407,0,1782359586.877875,0.002076387405395508
102764,normal,2092,0,1782359586.8798587,0.001983642578125
102765,normal,2149,0,1782359586.881868,0.002009153366088867
102766,normal,3552,0,1782359586.883826,0.001958131790161133
102767,normal,1228,0,1782359586.8858557,0.0020296573638916016
102768,normal,532,0,1782359586.8878176,0.001961946487426758
102769,normal,696,0,1782359586.889919,0.002101421356201172
102770,normal,2849,0,1782359586.8918922,0.0019731521606445312
102771,normal,372,0,1782359586.8937993,0.0019071102142333984
102772,normal,155,0,1782359586.895892,0.002092599868774414
102773,normal,1490,0,1782359586.89788,0.0019881725311279297
102774,normal,2001,0,1782359586.8997736,0.0018935203552246094
102775,normal,9,0,1782359586.9019704,0.002196788787841797
102776,normal,540,0,1782359586.9039292,0.0019588470458984375
102777,normal,1350,1,1782359586.9058256,0.0018963813781738281
102778,normal,3606,0,1782359586.9085922,0.0027666091918945312
102779,normal,814,2,1782359586.9100692,0.0014770030975341797
102780,normal,526,0,1782359586.9120984,0.0020291805267333984
102781,normal,1936,0,1782359586.9137595,0.001661062240600586
102782,normal,1754,0,1782359586.9158692,0.0021097660064697266
102783,normal,1859,0,1782359586.9177577,0.0018885135650634766
102784,normal,1467,0,1782359586.9198895,0.0021317005157470703
102785,normal,2539,0,1782359586.9218135,0.0019240379333496094
102786,normal,2386,0,1782359586.923857,0.002043485641479492
102787,normal,1748,0,1782359586.92588,0.002022981643676758
102788,normal,2751,0,1782359586.9278774,0.0019974708557128906
102789,normal,1942,0,1782359586.9299915,0.0021140575408935547
102790,normal,811,2,1782359586.9318793,0.0018877983093261719
102791,normal,1418,0,1782359586.933914,0.0020346641540527344
102792,normal,31,0,1782359586.935787,0.001873016357421875
102793,normal,1719,0,1782359586.9379108,0.0021238327026367188
102794,normal,463,0,1782359586.9398658,0.0019550323486328125
102795,normal,2873,0,1782359586.9417963,0.0019304752349853516
102796,normal,245,0,1782359586.9439173,0.0021209716796875
102797,normal,830,2,1782359586.9458647,0.0019474029541015625
102798,normal,1420,0,1782359586.9477599,0.0018951892852783203
102799,normal,1623,0,1782359586.9498563,0.002096414566040039
102800,normal,3595,0,1782359586.9518845,0.002028226852416992
102801,normal,1538,0,1782359586.9538493,0.0019648075103759766
102802,normal,2794,0,1782359586.9558804,0.002031087875366211
102803,normal,361,0,1782359586.9578128,0.001932382583618164
102804,normal,2856,0,1782359586.9598656,0.002052783966064453
102805,normal,3185,1,1782359586.9618974,0.0020318031311035156
102806,normal,2785,0,1782359586.9639595,0.002062082290649414
102807,normal,2578,0,1782359586.9657545,0.001795053482055664
102808,normal,1363,1,1782359586.9678738,0.002119302749633789
102809,normal,1405,0,1782359586.9698699,0.0019960403442382812
102810,normal,2464,0,1782359586.9717622,0.0018923282623291016
102811,normal,2642,0,1782359586.9738622,0.0020999908447265625
102812,normal,2654,0,1782359586.9757931,0.0019309520721435547
102813,normal,2424,0,1782359586.9778695,0.002076387405395508
102814,normal,931,2,1782359586.9798758,0.0020062923431396484
102815,normal,623,0,1782359586.9818704,0.001994609832763672
102816,normal,3079,1,1782359586.983815,0.0019445419311523438
102817,normal,1628,0,1782359586.9858892,0.0020742416381835938
102818,normal,1088,0,1782359586.9878366,0.0019474029541015625
102819,normal,186,0,1782359586.989885,0.002048492431640625
102820,normal,3171,1,1782359586.9917796,0.0018944740295410156
102821,normal,2201,0,1782359586.9938698,0.0020902156829833984
102822,normal,2548,0,1782359586.995836,0.001966238021850586
102823,normal,2625,0,1782359586.9978538,0.0020177364349365234
102824,normal,1111,0,1782359587.0000103,0.002156496047973633
102825,normal,2733,0,1782359587.00177,0.0017597675323486328
102826,normal,3612,0,1782359587.0039067,0.002136707305908203
102827,normal,761,0,1782359587.0058773,0.001970529556274414
102828,normal,287,0,1782359587.0077968,0.0019195079803466797
102829,normal,2940,0,1782359587.0099306,0.0021338462829589844
102830,normal,1330,1,1782359587.011844,0.001913309097290039
102831,normal,3106,1,1782359587.0137846,0.0019407272338867188
102832,normal,3433,0,1782359587.0159862,0.002201557159423828
102833,normal,82,0,1782359587.0178356,0.0018494129180908203
102834,normal,3589,0,1782359587.0198503,0.002014636993408203
102835,normal,589,0,1782359587.021854,0.0020036697387695312
102836,normal,3155,1,1782359587.0238535,0.0019996166229248047
102837,normal,2978,0,1782359587.0259988,0.0021452903747558594
102838,normal,2133,0,1782359587.0277276,0.0017287731170654297
102839,normal,1370,1,1782359587.0298698,0.002142190933227539
102840,normal,1856,0,1782359587.0318413,0.0019714832305908203
102841,normal,1336,1,1782359587.0338318,0.0019905567169189453
102842,normal,3132,1,1782359587.0359643,0.002132415771484375
102843,normal,1548,0,1782359587.0382104,0.0022461414337158203
102844,normal,1729,0,1782359587.039768,0.0015575885772705078
102845,normal,3035,0,1782359587.041884,0.002115964889526367
102846,normal,3642,0,1782359587.0438344,0.0019505023956298828
102847,normal,1826,0,1782359587.0458536,0.002019166946411133
102848,normal,1382,0,1782359587.047878,0.002024412155151367
102849,normal,1977,0,1782359587.0499167,0.002038717269897461
102850,normal,771,0,1782359587.0517616,0.0018448829650878906
102851,normal,577,0,1782359587.0538642,0.0021026134490966797
102852,normal,1283,0,1782359587.0558555,0.00199127197265625
102853,normal,3235,1,1782359587.0578878,0.0020322799682617188
102854,normal,3042,0,1782359587.05983,0.0019421577453613281
102855,normal,639,0,1782359587.0618777,0.0020477771759033203
102856,normal,279,0,1782359587.0637715,0.001893758773803711
102857,normal,2950,0,1782359587.065879,0.0021076202392578125
102858,normal,2566,0,1782359587.0678747,0.001995563507080078
102859,normal,993,2,1782359587.0699556,0.0020809173583984375
102860,normal,2705,0,1782359587.0722876,0.002331972122192383
102861,normal,2289,0,1782359587.0737405,0.0014529228210449219
102862,normal,2034,0,1782359587.0758648,0.002124309539794922
102863,normal,1556,0,1782359587.077905,0.0020401477813720703
102864,normal,3004,0,1782359587.079923,0.002017974853515625
102865,normal,1738,0,1782359587.0818014,0.001878499984741211
102866,normal,662,0,1782359587.0838897,0.002088308334350586
102867,normal,2328,0,1782359587.085851,0.001961231231689453
102868,normal,2267,0,1782359587.0878744,0.002023458480834961
102869,normal,2190,0,1782359587.0899348,0.002060413360595703
102870,normal,1625,0,1782359587.0918403,0.0019054412841796875
102871,normal,2272,0,1782359587.0939183,0.0020780563354492188
102872,normal,1518,0,1782359587.0958714,0.001953125
102873,normal,1653,0,1782359587.0978699,0.001998424530029297
102874,normal,3598,0,1782359587.0998054,0.0019354820251464844
102875,normal,2283,0,1782359587.1018639,0.0020585060119628906
102876,normal,1284,0,1782359587.1038473,0.0019834041595458984
102877,normal,2141,0,1782359587.105858,0.002010822296142578
102878,normal,1014,2,1782359587.1078608,0.002002716064453125
102879,normal,1109,0,1782359587.109864,0.002003192901611328
102880,normal,2231,0,1782359587.1118689,0.002004861831665039
102881,normal,530,0,1782359587.113877,0.002008199691772461
102882,normal,2081,0,1782359587.115767,0.001889944076538086
102883,normal,3148,1,1782359587.117892,0.0021250247955322266
102884,normal,2846,0,1782359587.1198454,0.0019533634185791016
102885,normal,3302,1,1782359587.1218343,0.0019888877868652344
102886,normal,1007,2,1782359587.1238089,0.0019745826721191406
102887,normal,780,2,1782359587.1257603,0.001951456069946289
102888,normal,1415,0,1782359587.127735,0.0019745826721191406
102889,normal,2603,0,1782359587.1297333,0.001998424530029297
102890,normal,2122,0,1782359587.1317298,0.0019965171813964844
102891,normal,3471,0,1782359587.133724,0.0019941329956054688
102892,normal,2715,0,1782359587.1357336,0.0020096302032470703
102893,normal,1882,0,1782359587.137742,0.0020084381103515625
102894,normal,3210,1,1782359587.139749,0.002007007598876953
102895,normal,2862,0,1782359587.1417665,0.002017498016357422
102896,normal,2901,0,1782359587.143724,0.001957416534423828
102897,normal,1272,0,1782359587.1457324,0.0020084381103515625
102898,normal,876,2,1782359587.147721,0.001988649368286133
102899,normal,3169,1,1782359587.1497161,0.001995086669921875
102900,normal,1176,0,1782359587.1517177,0.002001523971557617
102901,normal,3708,0,1782359587.1537144,0.001996755599975586
102902,normal,2936,0,1782359587.1557477,0.002033233642578125
102903,normal,2589,0,1782359587.1577523,0.0020046234130859375
102904,normal,2506,0,1782359587.1599147,0.002162456512451172
102905,normal,2502,0,1782359587.1618319,0.001917123794555664
102906,normal,1470,0,1782359587.1638844,0.0020525455474853516
102907,normal,427,0,1782359587.1658278,0.001943349838256836
102908,normal,2858,0,1782359587.1678514,0.0020236968994140625
102909,normal,2341,0,1782359587.1698413,0.0019898414611816406
102910,normal,75,0,1782359587.1718388,0.0019974708557128906
102911,normal,653,0,1782359587.1738534,0.002014636993408203
102912,normal,2410,0,1782359587.1759217,0.0020682811737060547
102913,normal,3525,0,1782359587.1777356,0.0018138885498046875
102914,normal,2400,0,1782359587.1798844,0.002148866653442383
102915,normal,2220,0,1782359587.1818366,0.0019521713256835938
102916,normal,1742,0,1782359587.1839218,0.0020852088928222656
102917,normal,1851,0,1782359587.1859157,0.001993894577026367
102918,normal,2922,0,1782359587.1877646,0.0018489360809326172
102919,normal,2561,0,1782359587.1899185,0.0021538734436035156
102920,normal,3695,0,1782359587.1918662,0.001947641372680664
102921,normal,1075,0,1782359587.1937685,0.0019023418426513672
102922,normal,1507,0,1782359587.1958432,0.002074718475341797
102923,normal,388,0,1782359587.1978617,0.002018451690673828
102924,normal,1270,0,1782359587.1998274,0.001965761184692383
102925,normal,752,0,1782359587.2018917,0.002064228057861328
102926,normal,2671,0,1782359587.2038183,0.0019266605377197266
102927,normal,1008,2,1782359587.2058418,0.002023458480834961
102928,normal,3170,1,1782359587.2078488,0.002007007598876953
102929,normal,3145,1,1782359587.2098362,0.001987457275390625
102930,normal,3044,0,1782359587.2118437,0.0020074844360351562
102931,normal,3237,1,1782359587.2142482,0.002404451370239258
102932,normal,930,2,1782359587.2158175,0.0015692710876464844
102933,normal,645,0,1782359587.2178679,0.0020503997802734375
102934,normal,1759,0,1782359587.2197933,0.0019254684448242188
102935,normal,949,2,1782359587.221876,0.0020825862884521484
102936,normal,362,0,1782359587.2238715,0.001995563507080078
102937,normal,3430,0,1782359587.2257786,0.0019071102142333984
102938,normal,2885,0,1782359587.2278633,0.0020847320556640625
102939,normal,2177,0,1782359587.2298732,0.002009868621826172
102940,normal,3290,1,1782359587.231749,0.0018758773803710938
102941,normal,1122,0,1782359587.2339106,0.0021615028381347656
102942,normal,2660,0,1782359587.2358613,0.0019507408142089844
102943,normal,2468,0,1782359587.2379184,0.0020570755004882812
102944,normal,553,0,1782359587.2398365,0.0019180774688720703
102945,normal,451,0,1782359587.2418842,0.0020477771759033203
102946,normal,1702,0,1782359587.2438385,0.001954317092895508
102947,normal,1952,0,1782359587.2458904,0.002051830291748047
102948,normal,2102,0,1782359587.2477906,0.0019001960754394531
102949,normal,2037,0,1782359587.2499213,0.002130746841430664
102950,normal,1312,0,1782359587.2518628,0.0019414424896240234
102951,normal,2653,0,1782359587.2537553,0.0018925666809082031
102952,normal,793,2,1782359587.2560325,0.0022771358489990234
102953,normal,2019,0,1782359587.2579331,0.0019006729125976562
102954,normal,3343,1,1782359587.2597833,0.001850128173828125
102955,normal,2649,0,1782359587.2620244,0.0022411346435546875
102956,normal,1320,1,1782359587.2641506,0.0021262168884277344
102957,normal,38,0,1782359587.2657902,0.0016396045684814453
102958,normal,2517,0,1782359587.2678516,0.0020613670349121094
102959,normal,1465,0,1782359587.2698522,0.002000570297241211
102960,normal,576,0,1782359587.2718513,0.0019991397857666016
102961,normal,2581,0,1782359587.2738855,0.0020341873168945312
102962,normal,892,2,1782359587.2758026,0.001917123794555664
102963,normal,1554,0,1782359587.2778547,0.0020520687103271484
102964,normal,654,0,1782359587.279953,0.0020983219146728516
102965,normal,953,2,1782359587.2818272,0.0018742084503173828
102966,normal,277,0,1782359587.2838662,0.0020389556884765625
102967,normal,2057,0,1782359587.2858827,0.0020165443420410156
102968,normal,281,0,1782359587.2878482,0.0019655227661132812
102969,normal,1657,0,1782359587.2898476,0.001999378204345703
102970,normal,2889,0,1782359587.2918622,0.002014636993408203
102971,normal,2244,0,1782359587.2938318,0.001969575881958008
102972,normal,2607,0,1782359587.295874,0.0020422935485839844
102973,normal,3425,0,1782359587.2978692,0.001995086669921875
102974,normal,2648,0,1782359587.2998676,0.001998424530029297
102975,normal,2681,0,1782359587.301865,0.0019974708557128906
102976,normal,410,0,1782359587.3037632,0.001898050308227539
102977,normal,3412,0,1782359587.305872,0.0021088123321533203
102978,normal,638,0,1782359587.3077605,0.0018885135650634766
102979,normal,1099,0,1782359587.309871,0.0021104812622070312
102980,normal,1577,0,1782359587.3118806,0.0020096302032470703
102981,normal,2191,0,1782359587.3138604,0.001979827880859375
102982,normal,2672,0,1782359587.315941,0.002080678939819336
102983,normal,176,0,1782359587.317803,0.0018618106842041016
102984,normal,1073,0,1782359587.3198678,0.002064943313598633
102985,normal,502,0,1782359587.321796,0.001928091049194336
102986,normal,3554,0,1782359587.3238564,0.002060413360595703
102987,normal,1101,0,1782359587.325855,0.0019986629486083984
102988,normal,2801,0,1782359587.3278537,0.0019986629486083984
102989,normal,1034,0,1782359587.3298676,0.0020139217376708984
102990,normal,3515,0,1782359587.3317862,0.0019185543060302734
102991,normal,2027,0,1782359587.3338928,0.0021066665649414062
102992,normal,500,0,1782359587.335868,0.0019750595092773438
102993,normal,2547,0,1782359587.3377783,0.0019104480743408203
102994,normal,3094,1,1782359587.3399115,0.0021331310272216797
102995,normal,2754,0,1782359587.341849,0.0019376277923583984
102996,normal,2556,0,1782359587.3437605,0.0019114017486572266
102997,normal,902,2,1782359587.3458457,0.0020852088928222656
102998,normal,538,0,1782359587.3478453,0.0019996166229248047
102999,normal,1226,0,1782359587.3498263,0.001981019973754883
103000,normal,1264,0,1782359587.352024,0.002197742462158203
103001,normal,1309,0,1782359587.353878,0.00185394287109375
103002,normal,2971,0,1782359587.355778,0.0018999576568603516
103003,normal,1854,0,1782359587.3579295,0.0021514892578125
103004,normal,262,0,1782359587.359867,0.0019376277923583984
103005,normal,216,0,1782359587.3617997,0.0019326210021972656
103006,normal,2992,0,1782359587.3639028,0.002103090286254883
103007,normal,580,0,1782359587.3658834,0.0019805431365966797
103008,normal,927,2,1782359587.3678153,0.001931905746459961
103009,normal,3047,1,1782359587.3698509,0.0020356178283691406
103010,normal,2772,0,1782359587.3718572,0.0020062923431396484
103011,normal,1814,0,1782359587.37379,0.0019328594207763672
103012,normal,555,0,1782359587.3758383,0.0020482540130615234
103013,normal,1701,0,1782359587.3778875,0.0020492076873779297
103014,normal,3211,1,1782359587.379753,0.0018656253814697266
103015,normal,2879,0,1782359587.3818388,0.0020856857299804688
103016,normal,3428,0,1782359587.3838346,0.0019958019256591797
103017,normal,207,0,1782359587.3858325,0.0019979476928710938
103018,normal,1333,1,1782359587.3880854,0.002252817153930664
103019,normal,2611,0,1782359587.3900187,0.0019333362579345703
103020,normal,198,0,1782359587.3917398,0.0017211437225341797
103021,normal,3502,0,1782359587.3938787,0.002138853073120117
103022,normal,3557,0,1782359587.3958669,0.0019881725311279297
103023,normal,3030,0,1782359587.3978496,0.0019826889038085938
103024,normal,919,2,1782359587.3998804,0.0020308494567871094
103025,normal,2934,0,1782359587.4019241,0.0020437240600585938
103026,normal,1718,0,1782359587.4037557,0.0018315315246582031
103027,normal,3543,0,1782359587.4058638,0.0021080970764160156
103028,normal,2013,0,1782359587.4078758,0.002012014389038086
103029,normal,1555,0,1782359587.409862,0.001986265182495117
103030,normal,177,0,1782359587.4118593,0.001997232437133789
103031,normal,1633,0,1782359587.413919,0.0020596981048583984
103032,normal,1705,0,1782359587.4158363,0.0019173622131347656
103033,normal,1924,0,1782359587.417909,0.002072572708129883
103034,normal,2041,0,1782359587.4198544,0.00194549560546875
103035,normal,598,0,1782359587.4217901,0.001935720443725586
103036,normal,2248,0,1782359587.4238837,0.0020935535430908203
103037,normal,3405,0,1782359587.425801,0.0019173622131347656
103038,normal,2069,0,1782359587.427992,0.0021910667419433594
103039,normal,2745,0,1782359587.4297967,0.0018045902252197266
103040,normal,1084,0,1782359587.431868,0.002071380615234375
103041,normal,2003,0,1782359587.4340827,0.002214670181274414
103042,normal,2286,0,1782359587.436072,0.0019893646240234375
103043,normal,2107,0,1782359587.4378898,0.0018177032470703125
103044,normal,1116,0,1782359587.4397414,0.0018515586853027344
103045,normal,2179,0,1782359587.4419146,0.002173185348510742
103046,normal,520,0,1782359587.4437995,0.0018849372863769531
103047,normal,2884,0,1782359587.4458387,0.002039194107055664
103048,normal,475,0,1782359587.4478555,0.002016782760620117
103049,normal,2514,0,1782359587.4498599,0.002004384994506836
103050,normal,376,0,1782359587.4518397,0.001979827880859375
103051,normal,1843,0,1782359587.4538476,0.0020079612731933594
103052,normal,2674,0,1782359587.455865,0.0020172595977783203
103053,normal,586,0,1782359587.4577966,0.0019316673278808594
103054,normal,1842,0,1782359587.4598742,0.0020775794982910156
103055,normal,2330,0,1782359587.4618206,0.0019464492797851562
103056,normal,1230,0,1782359587.4638624,0.0020418167114257812
103057,normal,1423,0,1782359587.4658678,0.002005338668823242
103058,normal,1340,1,1782359587.4678516,0.0019838809967041016
103059,normal,809,2,1782359587.4698727,0.0020210742950439453
103060,normal,2864,0,1782359587.4718497,0.0019769668579101562
103061,normal,1780,0,1782359587.4738562,0.00200653076171875
103062,normal,922,2,1782359587.475849,0.0019927024841308594
103063,normal,613,0,1782359587.4778554,0.00200653076171875
103064,normal,3098,1,1782359587.4798534,0.0019979476928710938
103065,normal,271,0,1782359587.48186,0.00200653076171875
103066,normal,248,0,1782359587.4838614,0.002001523971557617
103067,normal,1329,1,1782359587.4858868,0.0020253658294677734
103068,normal,1150,0,1782359587.4878874,0.002000570297241211
103069,normal,829,2,1782359587.489761,0.0018737316131591797
103070,normal,434,0,1782359587.4918768,0.0021157264709472656
103071,normal,2345,0,1782359587.4938226,0.0019457340240478516
103072,normal,2770,0,1782359587.495848,0.0020253658294677734
103073,normal,2441,0,1782359587.4978588,0.002010822296142578
103074,normal,661,0,1782359587.4998477,0.0019888877868652344
103075,normal,2432,0,1782359587.501872,0.002024412155151367
103076,normal,1093,0,1782359587.5038335,0.0019614696502685547
103077,normal,64,0,1782359587.505913,0.002079486846923828
103078,normal,1100,0,1782359587.5088015,0.0028884410858154297
103079,normal,1687,0,1782359587.5097663,0.0009648799896240234
103080,normal,3526,0,1782359587.5118926,0.0021262168884277344
103081,normal,212,0,1782359587.5138235,0.0019309520721435547
103082,normal,2938,0,1782359587.5158715,0.002048015594482422
103083,normal,2908,0,1782359587.5177653,0.001893758773803711
103084,normal,115,0,1782359587.5198555,0.0020902156829833984
103085,normal,3707,0,1782359587.5218492,0.0019936561584472656
103086,normal,26,0,1782359587.5238435,0.0019943714141845703
103087,normal,1755,0,1782359587.525926,0.0020825862884521484
103088,normal,1121,0,1782359587.5278559,0.0019297599792480469
103089,normal,2042,0,1782359587.5297606,0.0019047260284423828
103090,normal,700,0,1782359587.5319142,0.002153635025024414
103091,normal,1690,0,1782359587.5339406,0.0020263195037841797
103092,normal,2812,0,1782359587.535785,0.0018444061279296875
103093,normal,2384,0,1782359587.5379245,0.002139568328857422
103094,normal,2549,0,1782359587.539874,0.0019495487213134766
103095,normal,2455,0,1782359587.5417793,0.001905202865600586
103096,normal,964,2,1782359587.5438485,0.002069234848022461
103097,normal,2509,0,1782359587.5458424,0.001993894577026367
103098,normal,1245,0,1782359587.547843,0.002000570297241211
103099,normal,2268,0,1782359587.5498762,0.002033233642578125
103100,normal,570,0,1782359587.5517883,0.0019121170043945312
103101,normal,3214,1,1782359587.5538344,0.0020461082458496094
103102,normal,2403,0,1782359587.5558367,0.002002239227294922
103103,normal,765,0,1782359587.5578387,0.0020020008087158203
103104,normal,3029,0,1782359587.5598345,0.0019958019256591797
103105,normal,1905,0,1782359587.5622382,0.002403736114501953
103106,normal,192,0,1782359587.5638278,0.0015895366668701172
103107,normal,1898,0,1782359587.5658562,0.0020284652709960938
103108,normal,2477,0,1782359587.5678556,0.001999378204345703
103109,normal,2913,0,1782359587.569872,0.002016305923461914
103110,normal,3326,1,1782359587.5718555,0.001983642578125
103111,normal,2087,0,1782359587.5738833,0.002027750015258789
103112,normal,2035,0,1782359587.5758374,0.0019540786743164062
103113,normal,1582,0,1782359587.5777555,0.0019180774688720703
103114,normal,194,0,1782359587.5798662,0.002110719680786133
103115,normal,3540,0,1782359587.5818698,0.0020036697387695312
103116,normal,370,0,1782359587.5838501,0.001980304718017578
103117,normal,3163,1,1782359587.585874,0.002023935317993164
103118,normal,2412,0,1782359587.5878656,0.0019915103912353516
103119,normal,956,2,1782359587.5898104,0.0019447803497314453
103120,normal,2644,0,1782359587.5918753,0.002064943313598633
103121,normal,337,0,1782359587.5938725,0.001997232437133789
103122,normal,164,0,1782359587.5961983,0.002325773239135742
103123,normal,3301,1,1782359587.5979092,0.0017108917236328125
103124,normal,2055,0,1782359587.5998569,0.001947641372680664
103125,normal,2106,0,1782359587.6018226,0.001965761184692383
103126,normal,3078,1,1782359587.6038547,0.002032041549682617
103127,normal,2276,0,1782359587.6058595,0.002004861831665039
103128,normal,1949,0,1782359587.607887,0.0020275115966796875
103129,normal,3679,0,1782359587.6098301,0.0019431114196777344
103130,normal,895,2,1782359587.6119308,0.002100706100463867
103131,normal,3368,1,1782359587.6137388,0.0018079280853271484
103132,normal,2859,0,1782359587.616075,0.002336263656616211
103133,normal,504,0,1782359587.61791,0.001834869384765625
103134,normal,3121,1,1782359587.6197712,0.0018613338470458984
103135,normal,1796,0,1782359587.6218467,0.0020754337310791016
103136,normal,2162,0,1782359587.6238587,0.002012014389038086
103137,normal,1728,0,1782359587.6258085,0.0019497871398925781
103138,normal,493,0,1782359587.6278703,0.0020618438720703125
103139,normal,351,0,1782359587.6299295,0.0020592212677001953
103140,normal,818,2,1782359587.631789,0.001859426498413086
103141,normal,2068,0,1782359587.6338654,0.002076387405395508
103142,normal,1810,0,1782359587.6358762,0.002010822296142578
103143,normal,877,2,1782359587.637924,0.0020477771759033203
103144,normal,2832,0,1782359587.639762,0.0018379688262939453
103145,normal,2897,0,1782359587.6418817,0.002119779586791992
103146,normal,90,0,1782359587.6438625,0.0019807815551757812
103147,normal,393,0,1782359587.6458359,0.001973390579223633
103148,normal,2920,0,1782359587.6478713,0.002035379409790039
103149,normal,3528,0,1782359587.6498904,0.002019166946411133
103150,normal,1734,0,1782359587.6518493,0.0019588470458984375
103151,normal,870,2,1782359587.653892,0.0020427703857421875
103152,normal,2800,0,1782359587.6557913,0.0018992424011230469
103153,normal,1046,0,1782359587.6577475,0.0019562244415283203
103154,normal,3396,1,1782359587.6597395,0.0019919872283935547
103155,normal,3192,1,1782359587.6617334,0.001993894577026367
103156,normal,2690,0,1782359587.663734,0.002000570297241211
103157,normal,1282,0,1782359587.6657667,0.002032756805419922
103158,normal,724,0,1782359587.6677427,0.00197601318359375
103159,normal,3358,1,1782359587.6697242,0.001981496810913086
103160,normal,1763,0,1782359587.6717186,0.0019943714141845703
103161,normal,2883,0,1782359587.6737242,0.0020055770874023438
103162,normal,1695,0,1782359587.6757174,0.0019931793212890625
103163,normal,3696,0,1782359587.6777208,0.0020034313201904297
103164,normal,3366,1,1782359587.6797326,0.0020117759704589844
103165,normal,616,0,1782359587.6817493,0.002016782760620117
103166,normal,467,0,1782359587.6840754,0.0023260116577148438
103167,normal,2075,0,1782359587.685747,0.0016715526580810547
103168,normal,3521,0,1782359587.6878679,0.0021209716796875
103169,normal,257,0,1782359587.6898687,0.0020008087158203125
103170,normal,3495,0,1782359587.6917756,0.0019068717956542969
103171,normal,166,0,1782359587.6938527,0.0020771026611328125
103172,normal,3294,1,1782359587.6958535,0.0020008087158203125
103173,normal,799,2,1782359587.697856,0.0020024776458740234
103174,normal,1879,0,1782359587.699859,0.0020029544830322266
103175,normal,3611,0,1782359587.701876,0.0020170211791992188
103176,normal,1829,0,1782359587.7037675,0.0018916130065917969
103177,normal,2256,0,1782359587.7058804,0.002112865447998047
103178,normal,1777,0,1782359587.7079082,0.002027750015258789
103179,normal,2181,0,1782359587.7098587,0.0019505023956298828
103180,normal,338,0,1782359587.7119074,0.0020487308502197266
103181,normal,1579,0,1782359587.713886,0.001978635787963867
103182,normal,359,0,1782359587.715788,0.001901865005493164
103183,normal,2646,0,1782359587.7179394,0.0021514892578125
103184,normal,3066,1,1782359587.7198145,0.001875162124633789
103185,normal,2422,0,1782359587.7218506,0.0020360946655273438
103186,normal,1773,0,1782359587.7238533,0.002002716064453125
103187,normal,3056,1,1782359587.7258523,0.0019989013671875
103188,normal,507,0,1782359587.7279115,0.0020592212677001953
103189,normal,3602,0,1782359587.7297566,0.0018451213836669922
103190,normal,3376,1,1782359587.7318711,0.002114534378051758
103191,normal,1513,0,1782359587.733857,0.001985788345336914
103192,normal,746,0,1782359587.735844,0.001986980438232422
103193,normal,2228,0,1782359587.7381952,0.0023512840270996094
103194,normal,235,0,1782359587.7399213,0.0017261505126953125
103195,normal,1932,0,1782359587.7418377,0.0019164085388183594
103196,normal,1644,0,1782359587.7438715,0.002033710479736328
103197,normal,2840,0,1782359587.7458673,0.0019958019256591797
103198,normal,368,0,1782359587.7478733,0.002006053924560547
103199,normal,3704,0,1782359587.7499263,0.0020530223846435547
103200,normal,3180,1,1782359587.7517383,0.001811981201171875
103201,normal,1725,0,1782359587.7538733,0.002135038375854492
103202,normal,3570,0,1782359587.7558727,0.001999378204345703
103203,normal,2982,0,1782359587.7578516,0.0019788742065429688
103204,normal,1253,0,1782359587.7598565,0.002004861831665039
103205,normal,3444,0,1782359587.7618785,0.0020220279693603516
103206,normal,2683,0,1782359587.763865,0.0019865036010742188
103207,normal,3206,1,1782359587.765988,0.002123117446899414
103208,normal,2765,0,1782359587.767975,0.001986980438232422
103209,normal,2051,0,1782359587.769763,0.0017879009246826172
103210,normal,1131,0,1782359587.7718873,0.002124309539794922
103211,normal,1060,0,1782359587.7738695,0.0019822120666503906
103212,normal,1135,0,1782359587.7757943,0.001924753189086914
103213,normal,2918,0,1782359587.7778723,0.0020780563354492188
103214,normal,2696,0,1782359587.7800114,0.0021390914916992188
103215,normal,3280,1,1782359587.78186,0.0018486976623535156
103216,normal,2779,0,1782359587.7839105,0.0020503997802734375
103217,normal,3013,0,1782359587.7858284,0.0019178390502929688
103218,normal,1289,0,1782359587.7879767,0.0021483898162841797
103219,normal,125,0,1782359587.789887,0.0019102096557617188
103220,normal,325,0,1782359587.7918644,0.0019774436950683594
103221,normal,2781,0,1782359587.7938662,0.0020017623901367188
103222,normal,1475,0,1782359587.7958508,0.0019845962524414062
103223,normal,2777,0,1782359587.7978642,0.0020134449005126953
103224,normal,2833,0,1782359587.7998548,0.0019905567169189453
103225,normal,1132,0,1782359587.8018615,0.0020067691802978516
103226,normal,2044,0,1782359587.8038456,0.001984119415283203
103227,normal,1199,0,1782359587.8058593,0.002013683319091797
103228,normal,2710,0,1782359587.8079135,0.0020542144775390625
103229,normal,32,0,1782359587.8098607,0.001947164535522461
103230,normal,1153,0,1782359587.811795,0.0019342899322509766
103231,normal,1485,0,1782359587.8138745,0.002079486846923828
103232,normal,2967,0,1782359587.8159065,0.002032041549682617
103233,normal,2333,0,1782359587.8178685,0.001961946487426758
103234,normal,1211,0,1782359587.819799,0.0019304752349853516
103235,normal,2148,0,1782359587.8219044,0.0021054744720458984
103236,normal,1553,0,1782359587.823758,0.0018534660339355469
103237,normal,3127,1,1782359587.8258789,0.0021209716796875
103238,normal,733,0,1782359587.8278646,0.001985788345336914
103239,normal,1731,0,1782359587.8298693,0.0020046234130859375
103240,normal,2666,0,1782359587.8318644,0.001995086669921875
103241,normal,3676,0,1782359587.8338666,0.002002239227294922
103242,normal,2070,0,1782359587.835858,0.0019915103912353516
103243,normal,1400,0,1782359587.8377914,0.0019333362579345703
103244,normal,1339,1,1782359587.8399768,0.002185344696044922
103245,normal,1158,0,1782359587.8417604,0.001783609390258789
103246,normal,2510,0,1782359587.843867,0.0021066665649414062
103247,normal,2707,0,1782359587.845867,0.0019998550415039062
103248,normal,1146,0,1782359587.8478727,0.0020058155059814453
103249,normal,2990,0,1782359587.849757,0.0018842220306396484
103250,normal,3361,1,1782359587.8518572,0.002100229263305664
103251,normal,2973,0,1782359587.8538682,0.0020110607147216797
103252,normal,703,0,1782359587.8558807,0.002012491226196289
103253,normal,1252,0,1782359587.8578594,0.001978635787963867
103254,normal,3662,0,1782359587.859793,0.0019335746765136719
103255,normal,1049,0,1782359587.8618844,0.0020914077758789062
103256,normal,21,0,1782359587.863888,0.0020036697387695312
103257,normal,3276,1,1782359587.8658786,0.0019905567169189453
103258,normal,1834,0,1782359587.8679006,0.0020220279693603516
103259,normal,2168,0,1782359587.8697906,0.001889944076538086
103260,normal,1944,0,1782359587.8718505,0.0020599365234375
103261,normal,1611,0,1782359587.873857,0.00200653076171875
103262,normal,3068,1,1782359587.8759186,0.002061605453491211
103263,normal,2762,0,1782359587.8777552,0.001836538314819336
103264,normal,511,0,1782359587.8798866,0.0021314620971679688
103265,normal,1498,0,1782359587.881924,0.0020372867584228516
103266,normal,3006,0,1782359587.883804,0.0018801689147949219
103267,normal,234,0,1782359587.8859265,0.0021224021911621094
103268,normal,2221,0,1782359587.887869,0.0019423961639404297
103269,normal,2970,0,1782359587.8898048,0.0019359588623046875
103270,normal,1331,1,1782359587.8919685,0.0021636486053466797
103271,normal,3045,1,1782359587.8938105,0.0018420219421386719
103272,normal,1869,0,1782359587.8958483,0.0020377635955810547
103273,normal,1361,1,1782359587.8978496,0.0020012855529785156
103274,normal,3656,0,1782359587.8998444,0.0019948482513427734
103275,normal,1383,0,1782359587.9018993,0.002054929733276367
103276,normal,136,0,1782359587.9037526,0.0018532276153564453
103277,normal,1885,0,1782359587.9058435,0.002090930938720703
103278,normal,1699,0,1782359587.9078405,0.0019969940185546875
103279,normal,2819,0,1782359587.9098387,0.0019981861114501953
103280,normal,100,0,1782359587.9120145,0.0021758079528808594
103281,normal,1347,1,1782359587.9139678,0.0019533634185791016
103282,normal,3082,1,1782359587.9158356,0.0018677711486816406
103283,normal,2394,0,1782359587.9178753,0.002039670944213867
103284,normal,3372,1,1782359587.9198544,0.0019791126251220703
103285,normal,3698,0,1782359587.9218729,0.002018451690673828
103286,normal,860,2,1782359587.9238782,0.002005338668823242
103287,normal,1187,0,1782359587.926031,0.0021529197692871094
103288,normal,1306,0,1782359587.9277265,0.001695394515991211
103289,normal,1170,0,1782359587.929882,0.0021555423736572266
103290,normal,1219,0,1782359587.9318683,0.001986265182495117
103291,normal,1785,0,1782359587.9338768,0.0020084381103515625
103292,normal,3479,0,1782359587.9358838,0.002007007598876953
103293,normal,588,0,1782359587.9379637,0.0020799636840820312
103294,normal,3022,0,1782359587.9398243,0.0018606185913085938
103295,normal,3033,0,1782359587.9419272,0.0021028518676757812
103296,normal,2647,0,1782359587.9437852,0.0018579959869384766
103297,normal,593,0,1782359587.9459283,0.0021431446075439453
103298,normal,3401,1,1782359587.9478717,0.001943349838256836
103299,normal,190,0,1782359587.9497585,0.0018868446350097656
103300,normal,1733,0,1782359587.9520187,0.0022602081298828125
103301,normal,2243,0,1782359587.9539025,0.0018837451934814453
103302,normal,2877,0,1782359587.9557853,0.001882791519165039
103303,normal,1480,0,1782359587.9580493,0.0022640228271484375
103304,normal,983,2,1782359587.9600227,0.001973390579223633
103305,normal,1299,0,1782359587.9617758,0.001753091812133789
103306,normal,3203,1,1782359587.9638572,0.0020813941955566406
103307,normal,2878,0,1782359587.9658804,0.0020232200622558594
103308,normal,3388,1,1782359587.9677606,0.0018801689147949219
103309,normal,943,2,1782359587.9698586,0.00209808349609375
103310,normal,88,0,1782359587.971871,0.0020122528076171875
103311,normal,2735,0,1782359587.973855,0.001984119415283203
103312,normal,1054,0,1782359587.9758644,0.0020093917846679688
103313,normal,849,2,1782359587.9780006,0.00213623046875
103314,normal,2661,0,1782359587.9798756,0.0018749237060546875
103315,normal,2249,0,1782359587.9818573,0.0019817352294921875
103316,normal,2089,0,1782359587.9840817,0.002224445343017578
103317,normal,258,0,1782359587.985755,0.0016732215881347656
103318,normal,3380,1,1782359587.9880233,0.0022683143615722656
103319,normal,1803,0,1782359587.989951,0.0019276142120361328
103320,normal,3531,0,1782359587.9919395,0.001988649368286133
103321,normal,3229,1,1782359587.993948,0.0020084381103515625
103322,normal,3026,0,1782359587.9958668,0.001918792724609375
103323,normal,1105,0,1782359587.9979897,0.0021228790283203125
103324,normal,2747,0,1782359587.9998958,0.0019061565399169922
103325,normal,1081,0,1782359588.0018885,0.0019927024841308594
103326,normal,2663,0,1782359588.0040042,0.0021157264709472656
103327,normal,3658,0,1782359588.0058866,0.001882314682006836
103328,normal,1664,0,1782359588.0080287,0.002142190933227539
103329,normal,2927,0,1782359588.0098405,0.0018117427825927734
103330,normal,3189,1,1782359588.0119705,0.0021300315856933594
103331,normal,1205,0,1782359588.0137992,0.0018286705017089844
103332,normal,1417,0,1782359588.0159009,0.0021016597747802734
103333,normal,3450,0,1782359588.0178027,0.001901865005493164
103334,normal,3356,1,1782359588.0198736,0.002070903778076172
103335,normal,783,2,1782359588.0218048,0.0019311904907226562
103336,normal,1332,1,1782359588.0237732,0.0019683837890625
103337,normal,2736,0,1782359588.0259194,0.0021462440490722656
103338,normal,3,0,1782359588.0278468,0.0019273757934570312
103339,normal,3397,1,1782359588.0297832,0.0019364356994628906
103340,normal,968,2,1782359588.0319254,0.002142190933227539
103341,normal,2915,0,1782359588.0337658,0.001840353012084961
103342,normal,1568,0,1782359588.0359006,0.0021347999572753906
103343,normal,2903,0,1782359588.037852,0.001951456069946289
103344,normal,2036,0,1782359588.0398495,0.0019974708557128906
103345,normal,545,0,1782359588.0417588,0.0019092559814453125
103346,normal,2287,0,1782359588.043871,0.002112150192260742
103347,normal,1809,0,1782359588.0458527,0.0019817352294921875
103348,normal,3473,0,1782359588.0480337,0.0021810531616210938
103349,normal,2939,0,1782359588.0498335,0.0017998218536376953
103350,normal,489,0,1782359588.0517724,0.0019388198852539062
103351,normal,2000,0,1782359588.053923,0.0021505355834960938
103352,normal,2230,0,1782359588.0558624,0.001939535140991211
103353,normal,1979,0,1782359588.0578215,0.001959085464477539
103354,normal,794,2,1782359588.0599034,0.0020818710327148438
103355,normal,947,2,1782359588.061888,0.0019845962524414062
103356,normal,1877,0,1782359588.0638149,0.0019268989562988281
103357,normal,719,0,1782359588.0658462,0.0020313262939453125
103358,normal,2448,0,1782359588.067843,0.001996755599975586
103359,normal,1684,0,1782359588.0698454,0.0020024776458740234
103360,normal,244,0,1782359588.0718496,0.0020041465759277344
103361,normal,3435,0,1782359588.0739093,0.0020596981048583984
103362,normal,1967,0,1782359588.0757537,0.0018444061279296875
103363,normal,2340,0,1782359588.0778487,0.0020949840545654297
103364,normal,1987,0,1782359588.0798457,0.0019969940185546875
103365,normal,3609,0,1782359588.081852,0.0020062923431396484
103366,normal,1848,0,1782359588.084152,0.0023000240325927734
103367,normal,3579,0,1782359588.0858836,0.0017316341400146484
103368,normal,341,0,1782359588.0878446,0.0019609928131103516
103369,normal,1961,0,1782359588.0898678,0.0020232200622558594
103370,normal,1360,1,1782359588.09188,0.0020122528076171875
103371,normal,2447,0,1782359588.0938606,0.0019805431365966797
103372,normal,2815,0,1782359588.0959206,0.0020599365234375
103373,normal,642,0,1782359588.0979273,0.0020067691802978516
103374,normal,918,2,1782359588.099762,0.0018346309661865234
103375,normal,3125,1,1782359588.1018693,0.002107381820678711
103376,normal,2188,0,1782359588.1038635,0.0019941329956054688
103377,normal,1512,0,1782359588.1058626,0.0019991397857666016
103378,normal,3342,1,1782359588.1082947,0.002432107925415039
103379,normal,1288,0,1782359588.1097677,0.0014729499816894531
103380,normal,3101,1,1782359588.1118877,0.0021200180053710938
103381,normal,124,0,1782359588.113768,0.0018804073333740234
103382,normal,2311,0,1782359588.1158712,0.002103090286254883
103383,normal,2534,0,1782359588.1178255,0.001954317092895508
103384,normal,3578,0,1782359588.1202533,0.002427816390991211
103385,normal,3287,1,1782359588.1221557,0.0019023418426513672
103386,normal,3265,1,1782359588.1238387,0.0016829967498779297
103387,normal,1529,0,1782359588.1259243,0.0020856857299804688
103388,normal,2788,0,1782359588.1278675,0.0019431114196777344
103389,normal,3518,0,1782359588.1298034,0.0019359588623046875
103390,normal,1632,0,1782359588.131923,0.0021195411682128906
103391,normal,3682,0,1782359588.1339393,0.002016305923461914
103392,normal,2152,0,1782359588.1358335,0.001894235610961914
103393,normal,2288,0,1782359588.1378987,0.0020651817321777344
103394,normal,450,0,1782359588.140032,0.0021333694458007812
103395,normal,955,2,1782359588.141848,0.0018160343170166016
103396,normal,2894,0,1782359588.143864,0.002015829086303711
103397,normal,2253,0,1782359588.145864,0.002000093460083008
103398,normal,201,0,1782359588.1478517,0.0019876956939697266
103399,normal,568,0,1782359588.1497743,0.001922607421875
103400,normal,1881,0,1782359588.151859,0.0020847320556640625
103401,normal,2232,0,1782359588.1538742,0.0020151138305664062
103402,normal,454,0,1782359588.1558702,0.0019960403442382812
103403,normal,13,0,1782359588.1578805,0.002010345458984375
103404,normal,2420,0,1782359588.1598787,0.0019981861114501953
103405,normal,70,0,1782359588.1617584,0.0018796920776367188
103406,normal,2427,0,1782359588.1638885,0.0021300315856933594
103407,normal,185,0,1782359588.1657813,0.0018928050994873047
103408,normal,3317,1,1782359588.167865,0.0020837783813476562
103409,normal,3542,0,1782359588.1698766,0.002011537551879883
103410,normal,3130,1,1782359588.1719608,0.0020842552185058594
103411,normal,3614,0,1782359588.1742198,0.0022590160369873047
103412,normal,3119,1,1782359588.1759164,0.0016965866088867188
103413,normal,925,2,1782359588.17815,0.0022335052490234375
103414,normal,74,0,1782359588.1798475,0.001697540283203125
103415,normal,2359,0,1782359588.1816823,0.001834869384765625
103416,normal,3507,0,1782359588.1837478,0.002065420150756836
103417,normal,1313,0,1782359588.1858478,0.0020999908447265625
103418,normal,734,0,1782359588.1877842,0.0019364356994628906
103419,normal,1436,0,1782359588.1899035,0.002119302749633789
103420,normal,3028,0,1782359588.191844,0.0019404888153076172
103421,normal,2592,0,1782359588.1939154,0.002071380615234375
103422,normal,175,0,1782359588.1961238,0.0022084712982177734
103423,normal,935,2,1782359588.1979227,0.001798868179321289
103424,normal,3252,1,1782359588.199953,0.0020303726196289062
103425,normal,620,0,1782359588.201749,0.0017960071563720703
103426,normal,911,2,1782359588.2037928,0.0020437240600585938
103427,normal,2825,0,1782359588.2057881,0.0019953250885009766
103428,normal,1443,0,1782359588.2077756,0.001987457275390625
103429,normal,3186,1,1782359588.2098024,0.002026796340942383
103430,normal,1354,1,1782359588.2118046,0.002002239227294922
103431,normal,3436,0,1782359588.2137952,0.0019905567169189453
103432,normal,3420,0,1782359588.2159307,0.0021355152130126953
103433,normal,2174,0,1782359588.2178626,0.001931905746459961
103434,normal,2847,0,1782359588.2198105,0.0019478797912597656
103435,normal,457,0,1782359588.221944,0.002133607864379883
103436,normal,1900,0,1782359588.2239048,0.00196075439453125
103437,normal,1624,0,1782359588.225805,0.0019001960754394531
103438,normal,46,0,1782359588.2279196,0.002114534378051758
103439,normal,852,2,1782359588.2299218,0.002002239227294922
103440,normal,2830,0,1782359588.231833,0.001911163330078125
103441,normal,1397,0,1782359588.2340965,0.0022635459899902344
103442,normal,106,0,1782359588.23594,0.0018434524536132812
103443,normal,1297,0,1782359588.237918,0.0019779205322265625
103444,normal,1259,0,1782359588.239999,0.002081155776977539
103445,normal,828,2,1782359588.241993,0.001993894577026367
103446,normal,2724,0,1782359588.2439072,0.0019142627716064453
103447,normal,1983,0,1782359588.2458546,0.0019474029541015625
103448,normal,2708,0,1782359588.2479675,0.002112865447998047
103449,normal,523,0,1782359588.249865,0.001897573471069336
103450,normal,1618,0,1782359588.2520492,0.002184152603149414
103451,normal,2965,0,1782359588.253917,0.0018677711486816406
103452,normal,1426,0,1782359588.2557833,0.0018663406372070312
103453,normal,646,0,1782359588.2579167,0.0021333694458007812
103454,normal,1559,0,1782359588.259929,0.0020122528076171875
103455,normal,1711,0,1782359588.261942,0.002012968063354492
103456,normal,2172,0,1782359588.2639124,0.001970529556274414
103457,normal,624,0,1782359588.265948,0.0020356178283691406
103458,normal,4,0,1782359588.2678392,0.0018911361694335938
103459,normal,140,0,1782359588.2698803,0.0020411014556884766
103460,normal,3292,1,1782359588.2718964,0.0020160675048828125
103461,normal,243,0,1782359588.2751834,0.003287076950073242
103462,normal,3360,1,1782359588.2765353,0.0013518333435058594
103463,normal,3413,0,1782359588.2781765,0.0016412734985351562
103464,normal,2741,0,1782359588.2801192,0.0019426345825195312
103465,normal,1730,0,1782359588.2830718,0.00295257568359375
103466,normal,2929,0,1782359588.2838356,0.0007638931274414062
103467,normal,1820,0,1782359588.2857678,0.0019321441650390625
103468,normal,2755,0,1782359588.2877889,0.0020210742950439453
103469,normal,295,0,1782359588.2898061,0.0020172595977783203
103470,normal,469,0,1782359588.291826,0.0020198822021484375
103471,normal,3310,1,1782359588.2938163,0.0019903182983398438
103472,normal,3555,0,1782359588.2958684,0.0020520687103271484
103473,normal,181,0,1782359588.2978616,0.0019931793212890625
103474,normal,303,0,1782359588.2998636,0.0020020008087158203
103475,normal,2599,0,1782359588.3018427,0.0019791126251220703
103476,normal,3019,0,1782359588.3037612,0.0019185543060302734
103477,normal,265,0,1782359588.30578,0.0020186901092529297
103478,normal,1821,0,1782359588.3078568,0.002076864242553711
103479,normal,3187,1,1782359588.3104768,0.0026199817657470703
103480,normal,3445,0,1782359588.3121235,0.0016467571258544922
103481,normal,2033,0,1782359588.3139205,0.0017969608306884766
103482,normal,108,0,1782359588.3158386,0.0019180774688720703
103483,normal,2640,0,1782359588.3178716,0.0020329952239990234
103484,normal,2012,0,1782359588.3199203,0.0020487308502197266
103485,normal,2675,0,1782359588.32191,0.001989603042602539
103486,normal,3454,0,1782359588.3239193,0.0020093917846679688
103487,normal,3478,0,1782359588.3262527,0.002333402633666992
103488,normal,208,0,1782359588.3280425,0.0017898082733154297
103489,normal,1422,0,1782359588.3300166,0.0019741058349609375
103490,normal,1769,0,1782359588.331886,0.0018694400787353516
103491,normal,397,0,1782359588.3341346,0.002248525619506836
103492,normal,3322,1,1782359588.3361723,0.0020377635955810547
103493,normal,254,0,1782359588.3378277,0.0016553401947021484
103494,normal,591,0,1782359588.3398447,0.0020170211791992188
103495,normal,1982,0,1782359588.3418233,0.001978635787963867
103496,normal,3650,0,1782359588.3439612,0.002137899398803711
103497,normal,1358,1,1782359588.345804,0.0018427371978759766
103498,normal,476,0,1782359588.3478444,0.002040386199951172
103499,normal,3615,0,1782359588.3498547,0.002010345458984375
103500,normal,1215,0,1782359588.351864,0.0020093917846679688
103501,normal,2497,0,1782359588.3538234,0.0019593238830566406
103502,normal,3421,0,1782359588.355969,0.002145528793334961
103503,normal,1151,0,1782359588.3579636,0.001994609832763672
103504,normal,3463,0,1782359588.359936,0.0019724369049072266
103505,normal,2462,0,1782359588.3619432,0.0020072460174560547
103506,normal,557,0,1782359588.363918,0.001974821090698242
103507,normal,514,0,1782359588.3657563,0.0018382072448730469
103508,normal,858,2,1782359588.367841,0.0020847320556640625
103509,normal,848,2,1782359588.3698738,0.002032756805419922
103510,normal,1079,0,1782359588.37196,0.002086162567138672
103511,normal,3143,1,1782359588.3738317,0.0018718242645263672
103512,normal,461,0,1782359588.3757703,0.0019385814666748047
103513,normal,2363,0,1782359588.3777401,0.0019698143005371094
103514,normal,302,0,1782359588.3797424,0.002002239227294922
103515,normal,35,0,1782359588.3817916,0.0020492076873779297
103516,normal,3345,1,1782359588.3839214,0.002129793167114258
103517,normal,2325,0,1782359588.3858385,0.001917123794555664
103518,normal,311,0,1782359588.3878193,0.0019807815551757812
103519,normal,3136,1,1782359588.3898165,0.001997232437133789
103520,normal,3618,0,1782359588.392002,0.0021855831146240234
103521,normal,3610,0,1782359588.39411,0.002107858657836914
103522,normal,1402,0,1782359588.3961122,0.002002239227294922
103523,normal,3423,0,1782359588.3980434,0.0019311904907226562
103524,normal,1078,0,1782359588.3999345,0.0018911361694335938
103525,normal,161,0,1782359588.4017427,0.00180816650390625
103526,normal,3001,0,1782359588.4037328,0.001990079879760742
103527,normal,1893,0,1782359588.4057252,0.001992464065551758
103528,normal,1409,0,1782359588.4077291,0.002003908157348633
103529,normal,1233,0,1782359588.4097393,0.0020101070404052734
103530,normal,1457,0,1782359588.4118664,0.0021271705627441406
103531,normal,39,0,1782359588.4138002,0.0019338130950927734
103532,normal,2905,0,1782359588.4158516,0.0020513534545898438
103533,normal,3339,1,1782359588.4178395,0.001987934112548828
103534,normal,2791,0,1782359588.419861,0.0020215511322021484
103535,normal,357,0,1782359588.4217787,0.0019176006317138672
103536,normal,3242,1,1782359588.4242013,0.0024225711822509766
103537,normal,240,0,1782359588.4259212,0.0017199516296386719
103538,normal,1127,0,1782359588.4279404,0.002019166946411133
103539,normal,2440,0,1782359588.430196,0.002255678176879883
103540,normal,2932,0,1782359588.4318042,0.001608133316040039
103541,normal,1248,0,1782359588.4337747,0.001970529556274414
103542,normal,1935,0,1782359588.4357586,0.0019838809967041016
103543,normal,803,2,1782359588.4377651,0.00200653076171875
103544,normal,1791,0,1782359588.439948,0.0021829605102539062
103545,normal,2038,0,1782359588.4418473,0.0018992424011230469
103546,normal,974,2,1782359588.4442697,0.002422332763671875
103547,normal,1511,0,1782359588.4459608,0.0016911029815673828
103548,normal,2865,0,1782359588.4478989,0.0019381046295166016
103549,normal,2709,0,1782359588.4500487,0.002149820327758789
103550,normal,630,0,1782359588.4518178,0.0017690658569335938
103551,normal,2797,0,1782359588.4538155,0.001997709274291992
103552,normal,658,0,1782359588.4559262,0.002110719680786133
103553,normal,1261,0,1782359588.4579144,0.0019881725311279297
103554,normal,456,0,1782359588.4597683,0.00185394287109375
103555,normal,1240,0,1782359588.461725,0.0019567012786865234
103556,normal,2217,0,1782359588.463779,0.002053976058959961
103557,normal,2714,0,1782359588.4657815,0.0020024776458740234
103558,normal,1752,0,1782359588.467851,0.0020694732666015625
103559,normal,3467,0,1782359588.4699154,0.0020644664764404297
103560,normal,3217,1,1782359588.4720786,0.0021631717681884766
103561,normal,2470,0,1782359588.4738474,0.0017688274383544922
103562,normal,2637,0,1782359588.475884,0.002036571502685547
103563,normal,2071,0,1782359588.4778817,0.001997709274291992
103564,normal,3277,1,1782359588.4799113,0.0020296573638916016
103565,normal,78,0,1782359588.48244,0.002528667449951172
103566,normal,903,2,1782359588.4841247,0.0016846656799316406
103567,normal,2043,0,1782359588.4858189,0.0016942024230957031
103568,normal,2095,0,1782359588.4877207,0.001901865005493164
103569,normal,547,0,1782359588.4898279,0.0021071434020996094
103570,normal,1969,0,1782359588.4918702,0.0020422935485839844
103571,normal,3315,1,1782359588.4938612,0.0019910335540771484
103572,normal,312,0,1782359588.496089,0.002227783203125
103573,normal,867,2,1782359588.4982321,0.0021431446075439453
103574,normal,2315,0,1782359588.4999306,0.0016984939575195312
103575,normal,3585,0,1782359588.5019026,0.0019719600677490234
103576,normal,637,0,1782359588.5037444,0.0018417835235595703
103577,normal,2372,0,1782359588.5057268,0.001982450485229492
103578,normal,480,0,1782359588.507993,0.0022661685943603516
103579,normal,95,0,1782359588.5101225,0.0021295547485351562
103580,normal,897,2,1782359588.5123477,0.002225160598754883
103581,normal,1714,0,1782359588.5140939,0.0017461776733398438
103582,normal,313,0,1782359588.5158777,0.0017838478088378906
103583,normal,2430,0,1782359588.5179489,0.0020711421966552734
103584,normal,1540,0,1782359588.5199718,0.002022981643676758
103585,normal,2713,0,1782359588.521854,0.0018820762634277344
103586,normal,2450,0,1782359588.5238698,0.002015829086303711
103587,normal,2431,0,1782359588.5258849,0.0020151138305664062
103588,normal,3623,0,1782359588.5282536,0.0023686885833740234
103589,normal,2024,0,1782359588.5300164,0.0017628669738769531
103590,normal,3500,0,1782359588.5318818,0.001865386962890625
103591,normal,3272,1,1782359588.5341165,0.0022346973419189453
103592,normal,3523,0,1782359588.5360756,0.001959085464477539
103593,normal,529,0,1782359588.537903,0.0018274784088134766
103594,normal,3386,1,1782359588.539719,0.0018160343170166016
103595,normal,3216,1,1782359588.5417373,0.0020182132720947266
103596,normal,1156,0,1782359588.543779,0.0020415782928466797
103597,normal,2365,0,1782359588.545805,0.002026081085205078
103598,normal,824,2,1782359588.5478566,0.0020515918731689453
103599,normal,1993,0,1782359588.5498333,0.0019767284393310547
103600,normal,3085,1,1782359588.5517604,0.0019271373748779297
103601,normal,1749,0,1782359588.553764,0.0020036697387695312
103602,normal,2959,0,1782359588.5557842,0.002020120620727539
103603,normal,2026,0,1782359588.5578327,0.002048492431640625
103604,normal,647,0,1782359588.5598521,0.0020194053649902344
103605,normal,1914,0,1782359588.561825,0.0019729137420654297
103606,normal,1097,0,1782359588.5638049,0.001979827880859375
103607,normal,1693,0,1782359588.5657444,0.001939535140991211
103608,normal,1957,0,1782359588.5678306,0.002086162567138672
103609,normal,2572,0,1782359588.5698574,0.002026796340942383
103610,normal,202,0,1782359588.5718594,0.0020020008087158203
103611,normal,2461,0,1782359588.5740132,0.0021538734436035156
103612,normal,1779,0,1782359588.5758138,0.001800537109375
103613,normal,2515,0,1782359588.577759,0.0019452571868896484
103614,normal,833,2,1782359588.579773,0.0020139217376708984
103615,normal,595,0,1782359588.5817635,0.0019905567169189453
103616,normal,3498,0,1782359588.5837698,0.0020062923431396484
103617,normal,2047,0,1782359588.5857759,0.002006053924560547
103618,normal,1218,0,1782359588.587775,0.0019991397857666016
103619,normal,3387,1,1782359588.5898638,0.002088785171508789
103620,normal,1654,0,1782359588.5918808,0.0020170211791992188
103621,normal,2580,0,1782359588.5944026,0.0025217533111572266
103622,normal,3346,1,1782359588.5959778,0.0015752315521240234
103623,normal,1737,0,1782359588.5978382,0.0018603801727294922
103624,normal,299,0,1782359588.5997875,0.001949310302734375
103625,normal,3489,0,1782359588.60179,0.0020024776458740234
103626,normal,24,0,1782359588.6038134,0.002023458480834961
103627,normal,42,0,1782359588.6057441,0.0019307136535644531
103628,normal,3221,1,1782359588.6077363,0.0019922256469726562
103629,normal,1658,0,1782359588.6097398,0.0020034313201904297
103630,normal,890,2,1782359588.6117618,0.0020220279693603516
103631,normal,3691,0,1782359588.6139224,0.0021605491638183594
103632,normal,1359,1,1782359588.6159477,0.0020253658294677734
103633,normal,2471,0,1782359588.617832,0.0018842220306396484
103634,normal,371,0,1782359588.6199534,0.002121448516845703
103635,normal,1797,0,1782359588.6220133,0.0020599365234375
103636,normal,2618,0,1782359588.6240225,0.002009153366088867
103637,normal,2131,0,1782359588.626148,0.0021255016326904297
103638,normal,1484,0,1782359588.6279206,0.0017726421356201172
103639,normal,562,0,1782359588.629816,0.0018954277038574219
103640,normal,3513,0,1782359588.631865,0.002048969268798828
103641,normal,3569,0,1782359588.6339357,0.0020706653594970703
103642,normal,3549,0,1782359588.6358445,0.0019087791442871094
103643,normal,69,0,1782359588.6377609,0.0019164085388183594
103644,normal,1677,0,1782359588.6399293,0.002168416976928711
103645,normal,743,0,1782359588.6418543,0.0019249916076660156
103646,normal,1855,0,1782359588.6437926,0.0019383430480957031
103647,normal,2848,0,1782359588.6460383,0.002245664596557617
103648,normal,496,0,1782359588.648102,0.002063751220703125
103649,normal,2575,0,1782359588.6499395,0.0018374919891357422
103650,normal,2587,0,1782359588.6518126,0.001873016357421875
103651,normal,1606,0,1782359588.6538672,0.0020546913146972656
103652,normal,205,0,1782359588.6559603,0.002093076705932617
103653,normal,33,0,1782359588.6578126,0.001852273941040039
103654,normal,3431,0,1782359588.6597662,0.001953601837158203
103655,normal,2706,0,1782359588.6626897,0.0029234886169433594
103656,normal,751,0,1782359588.6641293,0.0014395713806152344
103657,normal,2308,0,1782359588.6658046,0.0016753673553466797
103658,normal,1448,0,1782359588.6679432,0.0021386146545410156
103659,normal,61,0,1782359588.669782,0.00183868408203125
103660,normal,1011,2,1782359588.6717756,0.0019936561584472656
103661,normal,940,2,1782359588.6737669,0.00199127197265625
103662,normal,1586,0,1782359588.67586,0.002093076705932617
103663,normal,2145,0,1782359588.6782024,0.0023424625396728516
103664,normal,2490,0,1782359588.6803885,0.0021860599517822266
103665,normal,682,0,1782359588.6819751,0.0015866756439208984
103666,normal,3204,1,1782359588.6837916,0.0018165111541748047
103667,normal,2449,0,1782359588.6857774,0.001985788345336914
103668,normal,3150,1,1782359588.6877844,0.002007007598876953
103669,normal,2377,0,1782359588.6898806,0.0020961761474609375
103670,normal,1903,0,1782359588.6917963,0.0019156932830810547
103671,normal,1254,0,1782359588.6940901,0.002293825149536133
103672,normal,2841,0,1782359588.696115,0.0020248889923095703
103673,normal,1379,1,1782359588.698064,0.0019490718841552734
103674,normal,2159,0,1782359588.699876,0.001811981201171875
103675,normal,1928,0,1782359588.701829,0.0019528865814208984
103676,normal,686,0,1782359588.7038596,0.002030611038208008
103677,normal,1157,0,1782359588.7058327,0.0019731521606445312
103678,normal,2838,0,1782359588.7078025,0.0019698143005371094
103679,normal,1907,0,1782359588.710816,0.0030133724212646484
103680,normal,2727,0,1782359588.711907,0.00109100341796875
103681,normal,651,0,1782359588.7139332,0.0020263195037841797
103682,normal,2552,0,1782359588.7158782,0.0019450187683105469
103683,normal,2123,0,1782359588.717791,0.001912832260131836
103684,normal,2045,0,1782359588.7200243,0.002233266830444336
103685,normal,1918,0,1782359588.7229197,0.002895355224609375
103686,normal,2453,0,1782359588.7240815,0.001161813735961914
103687,normal,2483,0,1782359588.7263315,0.0022499561309814453
103688,normal,2439,0,1782359588.7277865,0.001455068588256836
103689,normal,1520,0,1782359588.7298942,0.0021076202392578125
103690,normal,644,0,1782359588.7317746,0.0018804073333740234
103691,normal,3582,0,1782359588.7340312,0.002256631851196289
103692,normal,239,0,1782359588.7359474,0.0019161701202392578
103693,normal,3340,1,1782359588.738058,0.002110719680786133
103694,normal,607,0,1782359588.740026,0.001967906951904297
103695,normal,1262,0,1782359588.7420113,0.001985311508178711
103696,normal,3041,0,1782359588.7439265,0.0019152164459228516
103697,normal,813,2,1782359588.7463522,0.002425670623779297
103698,normal,2137,0,1782359588.7483635,0.0020112991333007812
103699,normal,53,0,1782359588.7500331,0.0016696453094482422
103700,normal,3162,1,1782359588.7520466,0.0020134449005126953
103701,normal,2284,0,1782359588.753845,0.001798391342163086
103702,normal,655,0,1782359588.755907,0.002062082290649414
103703,normal,3643,0,1782359588.7580178,0.002110719680786133
103704,normal,1434,0,1782359588.759943,0.0019252300262451172
103705,normal,3113,1,1782359588.7620425,0.0020995140075683594
103706,normal,1604,0,1782359588.763969,0.001926422119140625
103707,normal,238,0,1782359588.7659485,0.0019795894622802734
103708,normal,564,0,1782359588.7678025,0.00185394287109375
103709,normal,3208,1,1782359588.7699978,0.0021953582763671875
103710,normal,1896,0,1782359588.7718956,0.0018978118896484375
103711,normal,1966,0,1782359588.774028,0.002132415771484375
103712,normal,3613,0,1782359588.7760127,0.0019845962524414062
103713,normal,2319,0,1782359588.777755,0.0017423629760742188
103714,normal,2866,0,1782359588.7799752,0.00222015380859375
103715,normal,2266,0,1782359588.7820058,0.002030611038208008
103716,normal,2203,0,1782359588.7839384,0.0019326210021972656
103717,normal,2753,0,1782359588.7860324,0.0020940303802490234
103718,normal,3403,0,1782359588.787992,0.001959562301635742
103719,normal,347,0,1782359588.790042,0.0020499229431152344
103720,normal,3363,1,1782359588.792003,0.0019609928131103516
103721,normal,3090,1,1782359588.7940521,0.0020492076873779297
103722,normal,1682,0,1782359588.7957942,0.0017421245574951172
103723,normal,2638,0,1782359588.7979422,0.0021479129791259766
103724,normal,3375,1,1782359588.7999127,0.001970529556274414
103725,normal,1746,0,1782359588.801805,0.0018923282623291016
103726,normal,822,2,1782359588.8039398,0.0021347999572753906
103727,normal,2094,0,1782359588.8059797,0.0020399093627929688
103728,normal,1764,0,1782359588.8079083,0.001928567886352539
103729,normal,3439,0,1782359588.8100219,0.0021135807037353516
103730,normal,2749,0,1782359588.811913,0.0018911361694335938
103731,normal,691,0,1782359588.8140247,0.002111673355102539
103732,normal,2128,0,1782359588.8159747,0.0019500255584716797
103733,normal,3190,1,1782359588.8179326,0.0019578933715820312
103734,normal,288,0,1782359588.8198175,0.0018849372863769531
103735,normal,1931,0,1782359588.82188,0.002062559127807617
103736,normal,2349,0,1782359588.8239915,0.0021114349365234375
103737,normal,394,0,1782359588.8258183,0.0018267631530761719
103738,normal,1285,0,1782359588.8281388,0.002320528030395508
103739,normal,3547,0,1782359588.830073,0.0019342899322509766
103740,normal,759,0,1782359588.8318293,0.0017561912536621094
103741,normal,3474,0,1782359588.834023,0.0021936893463134766
103742,normal,50,0,1782359588.8360329,0.002009868621826172
103743,normal,3256,1,1782359588.8379471,0.0019142627716064453
103744,normal,2521,0,1782359588.8400297,0.0020825862884521484
103745,normal,3389,1,1782359588.84203,0.0020003318786621094
103746,normal,1280,0,1782359588.8437946,0.001764535903930664
103747,normal,2307,0,1782359588.846032,0.0022373199462890625
103748,normal,110,0,1782359588.8482182,0.002186298370361328
103749,normal,988,2,1782359588.8499296,0.0017113685607910156
103750,normal,764,0,1782359588.8519795,0.0020499229431152344
103751,normal,1161,0,1782359588.8539524,0.0019729137420654297
103752,normal,1274,0,1782359588.8558772,0.001924753189086914
103753,normal,836,2,1782359588.8580174,0.0021402835845947266
103754,normal,162,0,1782359588.8600082,0.001990795135498047
103755,normal,929,2,1782359588.8619173,0.001909017562866211
103756,normal,633,0,1782359588.8639557,0.0020384788513183594
103757,normal,3504,0,1782359588.8659983,0.002042531967163086
103758,normal,3262,1,1782359588.8678823,0.0018839836120605469
103759,normal,159,0,1782359588.8699102,0.0020279884338378906
103760,normal,298,0,1782359588.8719108,0.002000570297241211
103761,normal,360,0,1782359588.874151,0.0022401809692382812
103762,normal,97,0,1782359588.8759146,0.0017635822296142578
103763,normal,3230,1,1782359588.8779922,0.0020775794982910156
103764,normal,3024,0,1782359588.8801343,0.002142190933227539
103765,normal,3459,0,1782359588.8818235,0.0016891956329345703
103766,normal,3702,0,1782359588.883942,0.002118349075317383
103767,normal,1278,0,1782359588.8857791,0.0018372535705566406
103768,normal,670,0,1782359588.8879833,0.0022041797637939453
103769,normal,1499,0,1782359588.8898802,0.0018968582153320312
103770,normal,1343,1,1782359588.8923929,0.002512693405151367
103771,normal,1427,0,1782359588.8941448,0.0017518997192382812
103772,normal,1637,0,1782359588.8960578,0.0019130706787109375
103773,normal,1956,0,1782359588.8978734,0.0018155574798583984
103774,normal,677,0,1782359588.8999245,0.002051115036010742
103775,normal,3011,0,1782359588.9019418,0.0020172595977783203
103776,normal,2211,0,1782359588.903795,0.0018532276153564453
103777,normal,995,2,1782359588.905932,0.0021369457244873047
103778,normal,3227,1,1782359588.9079614,0.0020294189453125
103779,normal,1598,0,1782359588.9098456,0.0018842220306396484
103780,normal,656,0,1782359588.9120107,0.002165079116821289
103781,normal,2925,0,1782359588.9139028,0.00189208984375
103782,normal,2053,0,1782359588.915809,0.0019061565399169922
103783,normal,2354,0,1782359588.9182372,0.002428293228149414
103784,normal,3233,1,1782359588.92041,0.002172708511352539
103785,normal,2487,0,1782359588.9217947,0.001384735107421875
103786,normal,1003,2,1782359588.9240005,0.0022058486938476562
103787,normal,2633,0,1782359588.9262602,0.0022597312927246094
103788,normal,832,2,1782359588.9282851,0.0020248889923095703
103789,normal,1646,0,1782359588.9299896,0.0017044544219970703
103790,normal,681,0,1782359588.932065,0.0020754337310791016
103791,normal,1371,1,1782359588.9342158,0.0021507740020751953
103792,normal,2774,0,1782359588.936123,0.0019071102142333984
103793,normal,1532,0,1782359588.9379916,0.0018687248229980469
103794,normal,650,0,1782359588.9399865,0.0019948482513427734
103795,normal,631,0,1782359588.9419498,0.001963376998901367
103796,normal,701,0,1782359588.9441845,0.0022346973419189453
103797,normal,2998,0,1782359588.94613,0.00194549560546875
103798,normal,2757,0,1782359588.948029,0.0018990039825439453
103799,normal,134,0,1782359588.9501626,0.002133607864379883
103800,normal,255,0,1782359588.9525635,0.0024008750915527344
103801,normal,1357,1,1782359588.9540758,0.001512289047241211
103802,normal,2104,0,1782359588.956036,0.001960277557373047
103803,normal,1027,2,1782359588.957785,0.001748800277709961
103804,normal,3005,0,1782359588.9600134,0.0022284984588623047
103805,normal,1909,0,1782359588.9621966,0.002183198928833008
103806,normal,471,0,1782359588.9640353,0.00183868408203125
103807,normal,1323,1,1782359588.96607,0.0020346641540527344
103808,normal,826,2,1782359588.96799,0.0019199848175048828
103809,normal,3091,1,1782359588.9698641,0.0018742084503173828
103810,normal,2746,0,1782359588.9720922,0.0022280216217041016
103811,normal,1696,0,1782359588.9741468,0.0020546913146972656
103812,normal,187,0,1782359588.9761202,0.001973390579223633
103813,normal,2962,0,1782359588.9781005,0.001980304718017578
103814,normal,3271,1,1782359588.9800012,0.0019006729125976562
103815,normal,86,0,1782359588.981795,0.0017938613891601562
103816,normal,3064,1,1782359588.9841628,0.002367734909057617
103817,normal,2418,0,1782359588.9860454,0.0018825531005859375
103818,normal,252,0,1782359588.9879937,0.0019483566284179688
103819,normal,777,2,1782359588.990055,0.0020613670349121094
103820,normal,3364,1,1782359588.991974,0.0019190311431884766
103821,normal,2428,0,1782359588.9939816,0.0020074844360351562
103822,normal,2899,0,1782359588.9959755,0.001993894577026367
103823,normal,346,0,1782359588.9981024,0.002126932144165039
103824,normal,358,0,1782359589.000076,0.0019736289978027344
103825,normal,1891,0,1782359589.0019763,0.0019001960754394531
103826,normal,3031,0,1782359589.0039742,0.0019979476928710938
103827,normal,1631,0,1782359589.005985,0.002010822296142578
103828,normal,1790,0,1782359589.0079708,0.001985788345336914
103829,normal,1552,0,1782359589.0099823,0.002011537551879883
103830,normal,1894,0,1782359589.012137,0.0021545886993408203
103831,normal,1326,1,1782359589.013988,0.0018510818481445312
103832,normal,1344,1,1782359589.0160246,0.002036571502685547
103833,normal,3410,0,1782359589.0179818,0.0019571781158447266
103834,normal,2843,0,1782359589.0200288,0.0020470619201660156
103835,normal,2063,0,1782359589.022043,0.00201416015625
103836,normal,726,0,1782359589.0239472,0.0019042491912841797
103837,normal,3297,1,1782359589.025995,0.0020477771759033203
103838,normal,1808,0,1782359589.028024,0.002028942108154297
103839,normal,3261,1,1782359589.0301206,0.0020966529846191406
103840,normal,3619,0,1782359589.0320914,0.0019707679748535156
103841,normal,1318,0,1782359589.0340397,0.0019483566284179688
103842,normal,1053,0,1782359589.035972,0.001932382583618164
103843,normal,2684,0,1782359589.037974,0.0020020008087158203
103844,normal,3670,0,1782359589.0401273,0.002153158187866211
103845,normal,2324,0,1782359589.04209,0.0019626617431640625
103846,normal,322,0,1782359589.0441108,0.0020208358764648438
103847,normal,3415,0,1782359589.046002,0.0018911361694335938
103848,normal,884,2,1782359589.047926,0.0019240379333496094
103849,normal,3321,1,1782359589.049963,0.00203704833984375
103850,normal,2697,0,1782359589.0521271,0.002164125442504883
103851,normal,3692,0,1782359589.0544288,0.0023016929626464844
103852,normal,2821,0,1782359589.0561147,0.0016858577728271484
103853,normal,3659,0,1782359589.0582197,0.0021049976348876953
103854,normal,3314,1,1782359589.0602193,0.0019996166229248047
103855,normal,1425,0,1782359589.0620756,0.0018563270568847656
103856,normal,2357,0,1782359589.0640965,0.0020208358764648438
103857,normal,3105,1,1782359589.0661864,0.002089977264404297
103858,normal,2559,0,1782359589.0679214,0.0017349720001220703
103859,normal,2416,0,1782359589.0702276,0.002306222915649414
103860,normal,1181,0,1782359589.0724084,0.002180814743041992
103861,normal,1381,1,1782359589.0739884,0.0015799999237060547
103862,normal,2792,0,1782359589.0759356,0.001947164535522461
103863,normal,3687,0,1782359589.077937,0.0020012855529785156
103864,normal,1647,0,1782359589.0799422,0.002005338668823242
103865,normal,1683,0,1782359589.0820713,0.002129077911376953
103866,normal,742,0,1782359589.0841923,0.0021209716796875
103867,normal,1793,0,1782359589.0862505,0.002058267593383789
103868,normal,2350,0,1782359589.0879934,0.0017428398132324219
103869,normal,3086,1,1782359589.090215,0.0022215843200683594
103870,normal,1450,0,1782359589.092095,0.0018799304962158203
103871,normal,2953,0,1782359589.0939655,0.0018706321716308594
103872,normal,3052,1,1782359589.09596,0.0019943714141845703
103873,normal,1260,0,1782359589.0980468,0.0020868778228759766
103874,normal,505,0,1782359589.1003764,0.002329587936401367
103875,normal,3080,1,1782359589.1020064,0.0016300678253173828
103876,normal,2721,0,1782359589.10416,0.002153635025024414
103877,normal,960,2,1782359589.1060972,0.0019371509552001953
103878,normal,1303,0,1782359589.107842,0.0017447471618652344
103879,normal,1005,2,1782359589.1100821,0.0022401809692382812
103880,normal,1403,0,1782359627.4723415,0.0
103881,normal,1148,0,1782359627.4743466,0.0020051002502441406
103882,normal,2083,0,1782359627.4763346,0.001987934112548828
103883,normal,3650,0,1782359627.4783623,0.002027750015258789
103884,normal,2736,0,1782359627.48053,0.0021677017211914062
103885,normal,2441,0,1782359627.482352,0.0018219947814941406
103886,normal,2026,0,1782359627.4845104,0.0021584033966064453
103887,normal,2991,0,1782359627.486404,0.0018935203552246094
103888,normal,1480,0,1782359627.4884782,0.0020742416381835938
103889,normal,363,0,1782359627.4904916,0.0020134449005126953
103890,normal,1197,0,1782359627.492456,0.0019643306732177734
103891,normal,3047,1,1782359627.4949024,0.002446413040161133
103892,normal,2663,0,1782359627.4965653,0.0016629695892333984
103893,normal,2311,0,1782359627.4987671,0.0022017955780029297
103894,normal,1621,0,1782359627.500423,0.0016558170318603516
103895,normal,2152,0,1782359627.502801,0.0023779869079589844
103896,normal,1989,0,1782359627.504405,0.0016040802001953125
103897,normal,3063,1,1782359627.5067832,0.002378225326538086
103898,normal,1273,0,1782359627.5085475,0.0017642974853515625
103899,normal,3582,0,1782359627.5105703,0.0020227432250976562
103900,normal,1220,0,1782359627.5125046,0.0019342899322509766
103901,normal,760,0,1782359627.5147736,0.0022690296173095703
103902,normal,829,2,1782359627.516454,0.0016803741455078125
103903,normal,1092,0,1782359627.518756,0.002301931381225586
103904,normal,1957,0,1782359627.5205514,0.0017955303192138672
103905,normal,2751,0,1782359627.522571,0.002019643783569336
103906,normal,286,0,1782359627.5245507,0.0019795894622802734
103907,normal,1174,0,1782359627.526756,0.002205371856689453
103908,normal,2132,0,1782359627.5284355,0.0016794204711914062
103909,normal,1016,2,1782359627.530584,0.0021486282348632812
103910,normal,423,0,1782359627.5325658,0.0019817352294921875
103911,normal,2500,0,1782359627.5345826,0.002016782760620117
103912,normal,168,0,1782359627.5365522,0.001969575881958008
103913,normal,358,0,1782359627.5387695,0.0022172927856445312
103914,normal,2710,0,1782359627.5404239,0.0016543865203857422
103915,normal,3339,1,1782359627.5424204,0.0019965171813964844
103916,normal,3614,0,1782359627.5447373,0.0023169517517089844
103917,normal,3594,0,1782359627.5464363,0.0016989707946777344
103918,normal,222,0,1782359627.5485432,0.002106904983520508
103919,normal,3534,0,1782359627.5505536,0.002010345458984375
103920,normal,152,0,1782359627.5523748,0.001821279525756836
103921,normal,3685,0,1782359627.5545187,0.00214385986328125
103922,normal,2448,0,1782359627.5565212,0.0020024776458740234
103923,normal,2264,0,1782359627.5583746,0.0018534660339355469
103924,normal,2361,0,1782359627.5605206,0.002146005630493164
103925,normal,963,2,1782359627.5625205,0.0019998550415039062
103926,normal,1816,0,1782359627.5643764,0.0018558502197265625
103927,normal,2556,0,1782359627.5665286,0.0021522045135498047
103928,normal,294,0,1782359627.568518,0.0019893646240234375
103929,normal,1252,0,1782359627.5703764,0.0018584728240966797
103930,normal,1287,0,1782359627.5725255,0.0021491050720214844
103931,normal,1192,0,1782359627.574603,0.0020775794982910156
103932,normal,20,0,1782359627.5763738,0.0017707347869873047
103933,normal,3612,0,1782359627.578532,0.0021581649780273438
103934,normal,3456,0,1782359627.5805194,0.001987457275390625
103935,normal,142,0,1782359627.5823808,0.0018613338470458984
103936,normal,679,0,1782359627.584522,0.002141237258911133
103937,normal,2073,0,1782359627.5865204,0.001998424530029297
103938,normal,903,2,1782359627.588398,0.0018775463104248047
103939,normal,668,0,1782359627.5905282,0.002130270004272461
103940,normal,180,0,1782359627.5925174,0.001989126205444336
103941,normal,121,0,1782359627.5943983,0.0018808841705322266
103942,normal,1808,0,1782359627.596524,0.0021257400512695312
103943,normal,1242,0,1782359627.5985198,0.0019958019256591797
103944,normal,2754,0,1782359627.6003976,0.0018777847290039062
103945,normal,514,0,1782359627.6025236,0.002125978469848633
103946,normal,2921,0,1782359627.6045208,0.001997232437133789
103947,normal,57,0,1782359627.6063807,0.001859903335571289
103948,normal,746,0,1782359627.6085308,0.0021500587463378906
103949,normal,1115,0,1782359627.6105177,0.001986980438232422
103950,normal,2413,0,1782359627.6123998,0.0018820762634277344
103951,normal,1275,0,1782359627.6145232,0.0021233558654785156
103952,normal,480,0,1782359627.6165202,0.0019969940185546875
103953,normal,2449,0,1782359627.6184072,0.0018870830535888672
103954,normal,707,0,1782359627.620528,0.0021207332611083984
103955,normal,1474,0,1782359627.6225219,0.001993894577026367
103956,normal,1557,0,1782359627.6243963,0.0018744468688964844
103957,normal,1488,0,1782359627.6265247,0.0021283626556396484
103958,normal,3451,0,1782359627.6285212,0.0019965171813964844
103959,normal,2561,0,1782359627.6303964,0.001875162124633789
103960,normal,526,0,1782359627.6325214,0.0021250247955322266
103961,normal,3126,1,1782359627.634522,0.002000570297241211
103962,normal,42,0,1782359627.636392,0.0018701553344726562
103963,normal,2209,0,1782359627.6385207,0.00212860107421875
103964,normal,1650,0,1782359627.6405184,0.001997709274291992
103965,normal,276,0,1782359627.6423962,0.0018777847290039062
103966,normal,1014,2,1782359627.6445222,0.002125978469848633
103967,normal,1342,1,1782359627.646521,0.0019989013671875
103968,normal,131,0,1782359627.648403,0.0018818378448486328
103969,normal,2103,0,1782359627.650533,0.0021300315856933594
103970,normal,3380,1,1782359627.6525393,0.0020062923431396484
103971,normal,507,0,1782359627.654375,0.0018358230590820312
103972,normal,2136,0,1782359627.656586,0.002210855484008789
103973,normal,2654,0,1782359627.658397,0.0018110275268554688
103974,normal,2145,0,1782359627.6605253,0.0021283626556396484
103975,normal,692,0,1782359627.6623778,0.0018525123596191406
103976,normal,2698,0,1782359627.6645274,0.0021495819091796875
103977,normal,97,0,1782359627.6664217,0.001894235610961914
103978,normal,1376,1,1782359627.6685328,0.002111196517944336
103979,normal,3310,1,1782359627.6703813,0.001848459243774414
103980,normal,2570,0,1782359627.6725295,0.002148151397705078
103981,normal,3330,1,1782359627.674375,0.0018455982208251953
103982,normal,2163,0,1782359627.676528,0.0021529197692871094
103983,normal,1217,0,1782359627.6783776,0.0018496513366699219
103984,normal,1173,0,1782359627.6805382,0.0021605491638183594
103985,normal,974,2,1782359627.6825547,0.0020165443420410156
103986,normal,1760,0,1782359627.6843822,0.0018274784088134766
103987,normal,2113,0,1782359627.6865616,0.002179384231567383
103988,normal,3625,0,1782359627.6885228,0.001961231231689453
103989,normal,1202,0,1782359627.6904628,0.001940011978149414
103990,normal,1720,0,1782359627.692546,0.0020830631256103516
103991,normal,2942,0,1782359627.6945655,0.002019643783569336
103992,normal,311,0,1782359627.69639,0.0018243789672851562
103993,normal,2382,0,1782359627.6985648,0.002174854278564453
103994,normal,2522,0,1782359627.7005646,0.0019998550415039062
103995,normal,1223,0,1782359627.7024176,0.0018529891967773438
103996,normal,608,0,1782359627.7045643,0.0021467208862304688
103997,normal,378,0,1782359627.7065685,0.0020041465759277344
103998,normal,836,2,1782359627.708397,0.0018284320831298828
103999,normal,3268,1,1782359627.7105846,0.0021877288818359375
104000,normal,2158,0,1782359627.7124195,0.001834869384765625
104001,normal,708,0,1782359627.7145646,0.002145051956176758
104002,normal,917,2,1782359627.7164192,0.0018546581268310547
104003,normal,3552,0,1782359627.7185676,0.0021483898162841797
104004,normal,2339,0,1782359627.720417,0.0018494129180908203
104005,normal,2966,0,1782359627.722546,0.002129077911376953
104006,normal,1507,0,1782359627.724568,0.00202178955078125
104007,normal,2347,0,1782359627.7263927,0.0018248558044433594
104008,normal,3042,0,1782359627.7285652,0.0021724700927734375
104009,normal,1734,0,1782359627.7307336,0.002168416976928711
104010,normal,3689,0,1782359627.7323918,0.0016582012176513672
104011,normal,1284,0,1782359627.7345674,0.002175569534301758
104012,normal,2377,0,1782359627.736567,0.0019996166229248047
104013,normal,2521,0,1782359627.7384179,0.0018508434295654297
104014,normal,1959,0,1782359627.740549,0.002131223678588867
104015,normal,1447,0,1782359627.7425723,0.0020232200622558594
104016,normal,2227,0,1782359627.744392,0.001819610595703125
104017,normal,3019,0,1782359627.746566,0.0021741390228271484
104018,normal,2493,0,1782359627.7485893,0.0020232200622558594
104019,normal,3536,0,1782359627.750403,0.001813650131225586
104020,normal,3137,1,1782359627.7525644,0.0021615028381347656
104021,normal,1415,0,1782359627.7545652,0.0020008087158203125
104022,normal,2357,0,1782359627.7563903,0.001825094223022461
104023,normal,3300,1,1782359627.7585657,0.0021753311157226562
104024,normal,1867,0,1782359627.7605672,0.002001523971557617
104025,normal,2992,0,1782359627.7624445,0.0018773078918457031
104026,normal,3028,0,1782359627.7645473,0.0021028518676757812
104027,normal,2090,0,1782359627.766567,0.002019643783569336
104028,normal,2015,0,1782359627.7683969,0.0018298625946044922
104029,normal,2924,0,1782359627.7705684,0.0021715164184570312
104030,normal,1616,0,1782359627.772567,0.0019986629486083984
104031,normal,2139,0,1782359627.7744198,0.0018527507781982422
104032,normal,1278,0,1782359627.776567,0.002147197723388672
104033,normal,1564,0,1782359627.7785664,0.001999378204345703
104034,normal,158,0,1782359627.7804189,0.0018525123596191406
104035,normal,1459,0,1782359627.7825701,0.0021512508392333984
104036,normal,2803,0,1782359627.7845662,0.0019960403442382812
104037,normal,393,0,1782359627.7864292,0.0018630027770996094
104038,normal,1701,0,1782359627.788549,0.002119779586791992
104039,normal,2950,0,1782359627.7905679,0.0020189285278320312
104040,normal,1654,0,1782359627.792391,0.0018231868743896484
104041,normal,1337,1,1782359627.79457,0.0021789073944091797
104042,normal,2887,0,1782359627.7965686,0.0019986629486083984
104043,normal,1285,0,1782359627.798419,0.0018503665924072266
104044,normal,3657,0,1782359627.8005679,0.002148866653442383
104045,normal,2329,0,1782359627.802566,0.0019981861114501953
104046,normal,2310,0,1782359627.8043914,0.0018253326416015625
104047,normal,130,0,1782359627.8065684,0.002177000045776367
104048,normal,1113,0,1782359627.808575,0.00200653076171875
104049,normal,2068,0,1782359627.8103917,0.0018167495727539062
104050,normal,3351,1,1782359627.8125677,0.002176046371459961
104051,normal,1862,0,1782359627.81457,0.002002239227294922
104052,normal,1409,0,1782359627.8164194,0.0018494129180908203
104053,normal,119,0,1782359627.8185666,0.002147197723388672
104054,normal,198,0,1782359627.8205662,0.0019996166229248047
104055,normal,2668,0,1782359627.822419,0.0018527507781982422
104056,normal,433,0,1782359627.824568,0.0021491050720214844
104057,normal,1810,0,1782359627.8265672,0.0019991397857666016
104058,normal,2919,0,1782359627.82842,0.0018527507781982422
104059,normal,1902,0,1782359627.8305676,0.002147674560546875
104060,normal,3207,1,1782359627.8325672,0.0019996166229248047
104061,normal,2240,0,1782359627.8344193,0.0018520355224609375
104062,normal,3425,0,1782359627.8365817,0.002162456512451172
104063,normal,2823,0,1782359627.8384187,0.001837015151977539
104064,normal,420,0,1782359627.8405676,0.002148866653442383
104065,normal,2030,0,1782359627.842424,0.0018563270568847656
104066,normal,3661,0,1782359627.8445678,0.00214385986328125
104067,normal,2381,0,1782359627.846426,0.0018582344055175781
104068,normal,2575,0,1782359627.848548,0.0021219253540039062
104069,normal,1144,0,1782359627.8505657,0.0020177364349365234
104070,normal,1463,0,1782359627.852391,0.0018253326416015625
104071,normal,1635,0,1782359627.8545678,0.0021767616271972656
104072,normal,3171,1,1782359627.8565683,0.002000570297241211
104073,normal,3631,0,1782359627.8584197,0.0018513202667236328
104074,normal,3602,0,1782359627.8605723,0.002152681350708008
104075,normal,3686,0,1782359627.862653,0.002080678939819336
104076,normal,3575,0,1782359627.8643906,0.0017375946044921875
104077,normal,843,2,1782359627.8665667,0.002176046371459961
104078,normal,2787,0,1782359627.868566,0.001999378204345703
104079,normal,2241,0,1782359627.8704185,0.0018525123596191406
104080,normal,1411,0,1782359627.872546,0.002127408981323242
104081,normal,1746,0,1782359627.8745646,0.0020186901092529297
104082,normal,307,0,1782359627.8764086,0.0018439292907714844
104083,normal,2094,0,1782359627.8785818,0.002173185348510742
104084,normal,2007,0,1782359627.880418,0.0018362998962402344
104085,normal,1672,0,1782359627.8825476,0.0021295547485351562
104086,normal,622,0,1782359627.8844166,0.0018689632415771484
104087,normal,1690,0,1782359627.8865733,0.0021567344665527344
104088,normal,1311,0,1782359627.8884182,0.0018448829650878906
104089,normal,2649,0,1782359627.890566,0.0021479129791259766
104090,normal,3359,1,1782359627.892433,0.0018668174743652344
104091,normal,1881,0,1782359627.8953862,0.0029532909393310547
104092,normal,1239,0,1782359627.8963974,0.0010111331939697266
104093,normal,1369,1,1782359627.8985715,0.0021741390228271484
104094,normal,3273,1,1782359627.9003906,0.0018191337585449219
104095,normal,781,2,1782359627.9025993,0.002208709716796875
104096,normal,1950,0,1782359627.9044197,0.0018203258514404297
104097,normal,1571,0,1782359627.9065642,0.0021445751190185547
104098,normal,3577,0,1782359627.90843,0.0018658638000488281
104099,normal,1710,0,1782359627.9105797,0.0021495819091796875
104100,normal,1796,0,1782359627.9124405,0.0018608570098876953
104101,normal,266,0,1782359627.9145503,0.0021097660064697266
104102,normal,807,2,1782359627.9165688,0.002018451690673828
104103,normal,3437,0,1782359627.9183915,0.0018227100372314453
104104,normal,1352,1,1782359627.920571,0.0021796226501464844
104105,normal,2681,0,1782359627.9225755,0.002004384994506836
104106,normal,1748,0,1782359627.924427,0.0018515586853027344
104107,normal,3079,1,1782359627.9265509,0.0021238327026367188
104108,normal,2212,0,1782359627.928567,0.0020160675048828125
104109,normal,1968,0,1782359627.9303954,0.0018284320831298828
104110,normal,2278,0,1782359627.9325511,0.002155780792236328
104111,normal,2605,0,1782359627.9345734,0.002022266387939453
104112,normal,613,0,1782359627.9363928,0.0018193721771240234
104113,normal,3504,0,1782359627.9385667,0.002173900604248047
104114,normal,2933,0,1782359627.9405768,0.0020101070404052734
104115,normal,1565,0,1782359627.9424205,0.0018436908721923828
104116,normal,1536,0,1782359627.9445686,0.002148151397705078
104117,normal,3263,1,1782359627.946576,0.0020074844360351562
104118,normal,3103,1,1782359627.9484234,0.0018472671508789062
104119,normal,1729,0,1782359627.9505744,0.002151012420654297
104120,normal,2725,0,1782359627.9525754,0.002001047134399414
104121,normal,1780,0,1782359627.9544182,0.0018427371978759766
104122,normal,1215,0,1782359627.9565678,0.0021495819091796875
104123,normal,1041,0,1782359627.9585762,0.0020084381103515625
104124,normal,2058,0,1782359627.9604194,0.0018432140350341797
104125,normal,409,0,1782359627.9625762,0.0021567344665527344
104126,normal,491,0,1782359627.9645913,0.0020151138305664062
104127,normal,3567,0,1782359627.9663985,0.0018072128295898438
104128,normal,2510,0,1782359627.9685674,0.002168893814086914
104129,normal,3106,1,1782359627.9705758,0.0020084381103515625
104130,normal,2143,0,1782359627.9724205,0.001844644546508789
104131,normal,410,0,1782359627.9745703,0.002149820327758789
104132,normal,1782,0,1782359627.9765744,0.0020041465759277344
104133,normal,2842,0,1782359627.9784193,0.0018448829650878906
104134,normal,809,2,1782359627.9805658,0.002146482467651367
104135,normal,3471,0,1782359627.9825773,0.002011537551879883
104136,normal,3566,0,1782359627.9844182,0.001840829849243164
104137,normal,1929,0,1782359627.9865713,0.002153158187866211
104138,normal,215,0,1782359627.9885771,0.0020058155059814453
104139,normal,462,0,1782359627.990419,0.0018417835235595703
104140,normal,370,0,1782359627.992565,0.002146005630493164
104141,normal,881,2,1782359627.9945753,0.002010345458984375
104142,normal,775,2,1782359627.996392,0.0018167495727539062
104143,normal,3397,1,1782359627.9985704,0.0021784305572509766
104144,normal,719,0,1782359628.0005755,0.0020051002502441406
104145,normal,1600,0,1782359628.002426,0.0018503665924072266
104146,normal,3467,0,1782359628.0045533,0.002127408981323242
104147,normal,556,0,1782359628.006569,0.0020155906677246094
104148,normal,2544,0,1782359628.0083933,0.0018243789672851562
104149,normal,1818,0,1782359628.0105674,0.0021741390228271484
104150,normal,240,0,1782359628.0125737,0.0020062923431396484
104151,normal,3140,1,1782359628.014408,0.0018343925476074219
104152,normal,2884,0,1782359628.016566,0.002157926559448242
104153,normal,1949,0,1782359628.0186207,0.0020546913146972656
104154,normal,3377,1,1782359628.0204349,0.001814126968383789
104155,normal,2384,0,1782359628.0225475,0.0021126270294189453
104156,normal,493,0,1782359628.024567,0.0020194053649902344
104157,normal,2653,0,1782359628.026391,0.0018241405487060547
104158,normal,2818,0,1782359628.028568,0.002177000045776367
104159,normal,2836,0,1782359628.0305753,0.0020072460174560547
104160,normal,3707,0,1782359628.0324378,0.0018625259399414062
104161,normal,2533,0,1782359628.0345476,0.0021097660064697266
104162,normal,702,0,1782359628.036567,0.0020194053649902344
104163,normal,633,0,1782359628.0383966,0.0018296241760253906
104164,normal,875,2,1782359628.0405664,0.0021698474884033203
104165,normal,1123,0,1782359628.0424316,0.0018651485443115234
104166,normal,2075,0,1782359628.044565,0.0021333694458007812
104167,normal,650,0,1782359628.046417,0.0018520355224609375
104168,normal,2876,0,1782359628.0485659,0.002148866653442383
104169,normal,2120,0,1782359628.0504444,0.001878499984741211
104170,normal,1448,0,1782359628.0525658,0.002121448516845703
104171,normal,2594,0,1782359628.0545762,0.002010345458984375
104172,normal,3464,0,1782359628.0564234,0.0018472671508789062
104173,normal,3516,0,1782359628.05857,0.002146482467651367
104174,normal,318,0,1782359628.060574,0.0020041465759277344
104175,normal,1050,0,1782359628.0624464,0.0018723011016845703
104176,normal,1182,0,1782359628.0645475,0.0021011829376220703
104177,normal,1993,0,1782359628.066551,0.0020034313201904297
104178,normal,958,2,1782359628.0683906,0.0018396377563476562
104179,normal,960,2,1782359628.0705678,0.0021772384643554688
104180,normal,1837,0,1782359628.0725734,0.0020055770874023438
104181,normal,1456,0,1782359628.0744493,0.0018758773803710938
104182,normal,472,0,1782359628.0765486,0.002099275588989258
104183,normal,2670,0,1782359628.0785673,0.0020186901092529297
104184,normal,864,2,1782359628.0803962,0.001828908920288086
104185,normal,3700,0,1782359628.0825648,0.0021686553955078125
104186,normal,1624,0,1782359628.0846448,0.0020799636840820312
104187,normal,1327,1,1782359628.0864432,0.001798391342163086
104188,normal,2108,0,1782359628.088549,0.002105712890625
104189,normal,929,2,1782359628.0905643,0.002015352249145508
104190,normal,2125,0,1782359628.0923953,0.0018310546875
104191,normal,3320,1,1782359628.094566,0.0021708011627197266
104192,normal,90,0,1782359628.0966508,0.0020847320556640625
104193,normal,1346,1,1782359628.0984187,0.001767873764038086
104194,normal,344,0,1782359628.1005669,0.002148151397705078
104195,normal,3170,1,1782359628.1026986,0.0021317005157470703
104196,normal,3576,0,1782359628.10444,0.0017414093017578125
104197,normal,581,0,1782359628.1065464,0.0021064281463623047
104198,normal,313,0,1782359628.1085706,0.0020241737365722656
104199,normal,2532,0,1782359628.110391,0.0018203258514404297
104200,normal,1012,2,1782359628.112545,0.002154111862182617
104201,normal,2972,0,1782359628.1147144,0.002169370651245117
104202,normal,1191,0,1782359628.1163907,0.001676321029663086
104203,normal,2202,0,1782359628.1185658,0.0021750926971435547
104204,normal,196,0,1782359628.1207023,0.0021364688873291016
104205,normal,3539,0,1782359628.1224468,0.0017445087432861328
104206,normal,405,0,1782359628.1245463,0.0020995140075683594
104207,normal,2568,0,1782359628.126567,0.002020597457885742
104208,normal,877,2,1782359628.1283898,0.0018229484558105469
104209,normal,3597,0,1782359628.130574,0.002184152603149414
104210,normal,1218,0,1782359628.1327064,0.002132415771484375
104211,normal,3416,0,1782359628.1344476,0.001741170883178711
104212,normal,319,0,1782359628.136545,0.0020973682403564453
104213,normal,170,0,1782359628.138584,0.0020389556884765625
104214,normal,2538,0,1782359628.1403897,0.0018057823181152344
104215,normal,2885,0,1782359628.142563,0.0021734237670898438
104216,normal,359,0,1782359628.1447122,0.0021491050720214844
104217,normal,3557,0,1782359628.1464489,0.0017366409301757812
104218,normal,1771,0,1782359628.1485465,0.002097606658935547
104219,normal,271,0,1782359628.1507957,0.0022492408752441406
104220,normal,587,0,1782359628.1524274,0.0016317367553710938
104221,normal,574,0,1782359628.1547632,0.002335786819458008
104222,normal,256,0,1782359628.1566486,0.0018854141235351562
104223,normal,1396,0,1782359628.1585855,0.0019369125366210938
104224,normal,3335,1,1782359628.1605518,0.001966238021850586
104225,normal,3083,1,1782359628.1627617,0.002209901809692383
104226,normal,3696,0,1782359628.1644247,0.0016629695892333984
104227,normal,2135,0,1782359628.166751,0.0023262500762939453
104228,normal,3001,0,1782359628.1686532,0.0019023418426513672
104229,normal,3674,0,1782359628.1705804,0.0019271373748779297
104230,normal,2074,0,1782359628.1725507,0.0019702911376953125
104231,normal,2461,0,1782359628.1747591,0.0022084712982177734
104232,normal,1442,0,1782359628.1764283,0.001669168472290039
104233,normal,2968,0,1782359628.1787558,0.002327442169189453
104234,normal,1551,0,1782359628.1806576,0.001901865005493164
104235,normal,2424,0,1782359628.182579,0.0019214153289794922
104236,normal,3257,1,1782359628.1845498,0.0019707679748535156
104237,normal,3593,0,1782359628.186742,0.002192258834838867
104238,normal,1850,0,1782359628.1884246,0.0016825199127197266
104239,normal,66,0,1782359628.1907458,0.0023212432861328125
104240,normal,2247,0,1782359628.1926818,0.0019359588623046875
104241,normal,2693,0,1782359628.194579,0.0018970966339111328
104242,normal,533,0,1782359628.1965563,0.0019774436950683594
104243,normal,1247,0,1782359628.1987586,0.002202272415161133
104244,normal,2115,0,1782359628.200428,0.0016694068908691406
104245,normal,10,0,1782359628.2027526,0.0023245811462402344
104246,normal,2797,0,1782359628.2045622,0.0018095970153808594
104247,normal,1009,2,1782359628.2065783,0.0020160675048828125
104248,normal,1455,0,1782359628.2085516,0.001973390579223633
104249,normal,3159,1,1782359628.210758,0.0022063255310058594
104250,normal,210,0,1782359628.2124252,0.0016672611236572266
104251,normal,2852,0,1782359628.2147574,0.0023322105407714844
104252,normal,1007,2,1782359628.2165532,0.0017957687377929688
104253,normal,2793,0,1782359628.2185836,0.0020303726196289062
104254,normal,3216,1,1782359628.2205517,0.0019681453704833984
104255,normal,1648,0,1782359628.2227569,0.0022051334381103516
104256,normal,1636,0,1782359628.2244253,0.0016684532165527344
104257,normal,2366,0,1782359628.2267575,0.0023322105407714844
104258,normal,3200,1,1782359628.2285523,0.0017948150634765625
104259,normal,3580,0,1782359628.2305825,0.0020301342010498047
104260,normal,611,0,1782359628.232552,0.001969575881958008
104261,normal,1257,0,1782359628.2347581,0.002206087112426758
104262,normal,3177,1,1782359628.2364328,0.001674652099609375
104263,normal,2055,0,1782359628.2387624,0.002329587936401367
104264,normal,337,0,1782359628.24055,0.0017876625061035156
104265,normal,1112,0,1782359628.242578,0.0020279884338378906
104266,normal,345,0,1782359628.2445514,0.001973390579223633
104267,normal,3127,1,1782359628.2467585,0.002207040786743164
104268,normal,2389,0,1782359628.248429,0.0016705989837646484
104269,normal,365,0,1782359628.2507508,0.0023217201232910156
104270,normal,1691,0,1782359628.252554,0.0018031597137451172
104271,normal,2088,0,1782359628.2545805,0.0020265579223632812
104272,normal,1651,0,1782359628.2565503,0.0019698143005371094
104273,normal,1107,0,1782359628.2587671,0.002216815948486328
104274,normal,3295,1,1782359628.2604306,0.0016634464263916016
104275,normal,6,0,1782359628.2627575,0.00232696533203125
104276,normal,662,0,1782359628.2645502,0.0017926692962646484
104277,normal,3677,0,1782359628.2665792,0.002028942108154297
104278,normal,2342,0,1782359628.268551,0.0019719600677490234
104279,normal,3332,1,1782359628.2707574,0.0022063255310058594
104280,normal,1594,0,1782359628.2724247,0.0016672611236572266
104281,normal,2689,0,1782359628.2747543,0.002329587936401367
104282,normal,1175,0,1782359628.2765627,0.0018084049224853516
104283,normal,2700,0,1782359628.2785766,0.0020139217376708984
104284,normal,889,2,1782359628.2805502,0.0019736289978027344
104285,normal,1052,0,1782359628.2827775,0.002227306365966797
104286,normal,1094,0,1782359628.2844262,0.0016486644744873047
104287,normal,761,0,1782359628.2867608,0.0023345947265625
104288,normal,2428,0,1782359628.2885506,0.0017898082733154297
104289,normal,945,2,1782359628.290577,0.0020263195037841797
104290,normal,3498,0,1782359628.2925498,0.0019729137420654297
104291,normal,2764,0,1782359628.2947602,0.002210378646850586
104292,normal,2931,0,1782359628.296425,0.001664876937866211
104293,normal,780,2,1782359628.2987666,0.0023415088653564453
104294,normal,2359,0,1782359628.3005524,0.0017857551574707031
104295,normal,971,2,1782359628.3025806,0.002028226852416992
104296,normal,535,0,1782359628.3045516,0.001971006393432617
104297,normal,3526,0,1782359628.3067608,0.002209186553955078
104298,normal,3038,0,1782359628.308425,0.0016641616821289062
104299,normal,1449,0,1782359628.3105075,0.0020825862884521484
104300,normal,3302,1,1782359628.312757,0.002249479293823242
104301,normal,2667,0,1782359628.3144329,0.0016758441925048828
104302,normal,457,0,1782359628.31671,0.0022771358489990234
104303,normal,1656,0,1782359628.3185527,0.0018427371978759766
104304,normal,486,0,1782359628.3205798,0.0020270347595214844
104305,normal,1721,0,1782359628.3225505,0.0019707679748535156
104306,normal,2724,0,1782359628.3247476,0.0021970272064208984
104307,normal,1085,0,1782359628.326427,0.0016794204711914062
104308,normal,2034,0,1782359628.3287516,0.0023245811462402344
104309,normal,1917,0,1782359628.3305533,0.0018017292022705078
104310,normal,1739,0,1782359628.332579,0.002025604248046875
104311,normal,2540,0,1782359628.334551,0.001972198486328125
104312,normal,3374,1,1782359628.336761,0.002209901809692383
104313,normal,3266,1,1782359628.3384275,0.0016665458679199219
104314,normal,3128,1,1782359628.3407485,0.002321004867553711
104315,normal,3535,0,1782359628.3425736,0.001825094223022461
104316,normal,346,0,1782359628.3444462,0.0018725395202636719
104317,normal,3609,0,1782359628.346377,0.0019307136535644531
104318,normal,265,0,1782359628.3486583,0.0022814273834228516
104319,normal,127,0,1782359628.3503857,0.0017273426055908203
104320,normal,2514,0,1782359628.352395,0.0020093917846679688
104321,normal,1994,0,1782359628.354368,0.0019729137420654297
104322,normal,3071,1,1782359628.3563256,0.0019576549530029297
104323,normal,407,0,1782359628.3584285,0.0021028518676757812
104324,normal,413,0,1782359628.360419,0.0019905567169189453
104325,normal,3230,1,1782359628.36232,0.0019009113311767578
104326,normal,3222,1,1782359628.3644307,0.002110719680786133
104327,normal,1697,0,1782359628.3665507,0.0021200180053710938
104328,normal,637,0,1782359628.3683975,0.0018467903137207031
104329,normal,2938,0,1782359628.3705442,0.0021467208862304688
104330,normal,3158,1,1782359628.3725302,0.0019860267639160156
104331,normal,3271,1,1782359628.3743756,0.0018453598022460938
104332,normal,1432,0,1782359628.376544,0.002168416976928711
104333,normal,2497,0,1782359628.3785555,0.002011537551879883
104334,normal,2609,0,1782359628.3803968,0.0018413066864013672
104335,normal,523,0,1782359628.3825479,0.002151012420654297
104336,normal,916,2,1782359628.3845284,0.0019805431365966797
104337,normal,2819,0,1782359628.3863933,0.0018649101257324219
104338,normal,2496,0,1782359628.3885438,0.0021505355834960938
104339,normal,1360,1,1782359628.3905373,0.001993417739868164
104340,normal,3680,0,1782359628.3924043,0.001867055892944336
104341,normal,3611,0,1782359628.3945441,0.0021398067474365234
104342,normal,2585,0,1782359628.3965256,0.001981496810913086
104343,normal,3561,0,1782359628.3983824,0.0018568038940429688
104344,normal,902,2,1782359628.4005392,0.0021567344665527344
104345,normal,1995,0,1782359628.4025736,0.002034425735473633
104346,normal,107,0,1782359628.4043953,0.001821756362915039
104347,normal,25,0,1782359628.406545,0.0021495819091796875
104348,normal,2467,0,1782359628.408537,0.0019919872283935547
104349,normal,2319,0,1782359628.4103794,0.001842498779296875
104350,normal,467,0,1782359628.4125428,0.002163410186767578
104351,normal,429,0,1782359628.4145339,0.0019910335540771484
104352,normal,3692,0,1782359628.4163964,0.0018625259399414062
104353,normal,2396,0,1782359628.4185457,0.002149343490600586
104354,normal,2091,0,1782359628.4205303,0.0019845962524414062
104355,normal,2337,0,1782359628.4223824,0.0018520355224609375
104356,normal,2604,0,1782359628.424544,0.002161741256713867
104357,normal,1059,0,1782359628.4265327,0.001988649368286133
104358,normal,941,2,1782359628.4284208,0.0018880367279052734
104359,normal,153,0,1782359628.430547,0.0021262168884277344
104360,normal,2551,0,1782359628.432533,0.0019860267639160156
104361,normal,1066,0,1782359628.4343803,0.0018472671508789062
104362,normal,3366,1,1782359628.436541,0.002160787582397461
104363,normal,1918,0,1782359628.4383762,0.0018351078033447266
104364,normal,2917,0,1782359628.4403818,0.0020055770874023438
104365,normal,2331,0,1782359628.4425478,0.0021660327911376953
104366,normal,2179,0,1782359628.444536,0.0019881725311279297
104367,normal,387,0,1782359628.4463804,0.0018444061279296875
104368,normal,3051,1,1782359628.4485528,0.0021724700927734375
104369,normal,3645,0,1782359628.450536,0.001983165740966797
104370,normal,2573,0,1782359628.4523792,0.0018432140350341797
104371,normal,3659,0,1782359628.454547,0.0021677017211914062
104372,normal,2894,0,1782359628.456532,0.0019850730895996094
104373,normal,729,0,1782359628.4585125,0.0019805431365966797
104374,normal,597,0,1782359628.460376,0.0018634796142578125
104375,normal,390,0,1782359628.4625309,0.002154827117919922
104376,normal,2022,0,1782359628.4643762,0.0018453598022460938
104377,normal,1525,0,1782359628.4665456,0.002169370651245117
104378,normal,3463,0,1782359628.468535,0.0019893646240234375
104379,normal,312,0,1782359628.4703946,0.0018596649169921875
104380,normal,495,0,1782359628.472541,0.002146482467651367
104381,normal,731,0,1782359628.474536,0.0019948482513427734
104382,normal,1509,0,1782359628.4763765,0.0018405914306640625
104383,normal,3506,0,1782359628.4785438,0.002167224884033203
104384,normal,2804,0,1782359628.4805353,0.0019915103912353516
104385,normal,3356,1,1782359628.4823844,0.0018491744995117188
104386,normal,2418,0,1782359628.4845407,0.0021562576293945312
104387,normal,3094,1,1782359628.4865363,0.001995563507080078
104388,normal,151,0,1782359628.4883902,0.00185394287109375
104389,normal,1579,0,1782359628.4905598,0.0021696090698242188
104390,normal,2469,0,1782359628.4925652,0.002005338668823242
104391,normal,821,2,1782359628.4944272,0.0018620491027832031
104392,normal,1331,1,1782359628.4964724,0.002045154571533203
104393,normal,3406,0,1782359628.4983416,0.00186920166015625
104394,normal,2606,0,1782359628.5003436,0.0020020008087158203
104395,normal,933,2,1782359628.5024981,0.0021545886993408203
104396,normal,1709,0,1782359628.5043833,0.0018851757049560547
104397,normal,1803,0,1782359628.5063624,0.0019791126251220703
104398,normal,2645,0,1782359628.508383,0.002020597457885742
104399,normal,2679,0,1782359628.5103893,0.0020062923431396484
104400,normal,2789,0,1782359628.5123446,0.001955270767211914
104401,normal,2814,0,1782359628.5143793,0.0020346641540527344
104402,normal,382,0,1782359628.5163858,0.00200653076171875
104403,normal,1106,0,1782359628.5183754,0.001989603042602539
104404,normal,3087,1,1782359628.5203774,0.0020020008087158203
104405,normal,2579,0,1782359628.5223796,0.002002239227294922
104406,normal,1991,0,1782359628.5243685,0.0019888877868652344
104407,normal,759,0,1782359628.5263736,0.0020051002502441406
104408,normal,886,2,1782359628.5283856,0.002012014389038086
104409,normal,1707,0,1782359628.5303404,0.001954793930053711
104410,normal,3505,0,1782359628.5323746,0.0020341873168945312
104411,normal,2421,0,1782359628.5343823,0.002007722854614258
104412,normal,783,2,1782359628.536367,0.0019845962524414062
104413,normal,270,0,1782359628.5383744,0.0020074844360351562
104414,normal,1972,0,1782359628.5403852,0.002010822296142578
104415,normal,2822,0,1782359628.5423684,0.001983165740966797
104416,normal,2733,0,1782359628.5443752,0.0020067691802978516
104417,normal,1592,0,1782359628.5463731,0.0019979476928710938
104418,normal,1516,0,1782359628.548351,0.0019779205322265625
104419,normal,2518,0,1782359628.5503783,0.002027273178100586
104420,normal,242,0,1782359628.5523858,0.0020074844360351562
104421,normal,374,0,1782359628.5543644,0.001978635787963867
104422,normal,1812,0,1782359628.5563738,0.0020093917846679688
104423,normal,2446,0,1782359628.5583723,0.001998424530029297
104424,normal,1652,0,1782359628.5603437,0.0019714832305908203
104425,normal,908,2,1782359628.562371,0.002027273178100586
104426,normal,1229,0,1782359628.564385,0.0020139217376708984
104427,normal,660,0,1782359628.5663736,0.001988649368286133
104428,normal,2024,0,1782359628.5683436,0.001970052719116211
104429,normal,653,0,1782359628.5703733,0.0020296573638916016
104430,normal,212,0,1782359628.5723453,0.0019719600677490234
104431,normal,3605,0,1782359628.5743759,0.002030611038208008
104432,normal,516,0,1782359628.5763862,0.002010345458984375
104433,normal,3485,0,1782359628.5783677,0.001981496810913086
104434,normal,3027,0,1782359628.5803857,0.002017974853515625
104435,normal,3322,1,1782359628.582375,0.0019893646240234375
104436,normal,375,0,1782359628.5843418,0.001966714859008789
104437,normal,636,0,1782359628.5863729,0.002031087875366211
104438,normal,531,0,1782359628.5883894,0.0020165443420410156
104439,normal,927,2,1782359628.590341,0.0019516944885253906
104440,normal,3232,1,1782359628.5923743,0.002033233642578125
104441,normal,487,0,1782359628.5943723,0.0019979476928710938
104442,normal,1373,1,1782359628.5963426,0.0019702911376953125
104443,normal,2429,0,1782359628.5983746,0.002032041549682617
104444,normal,421,0,1782359628.600385,0.002010345458984375
104445,normal,40,0,1782359628.6023476,0.0019626617431640625
104446,normal,537,0,1782359628.604373,0.0020253658294677734
104447,normal,3666,0,1782359628.6063716,0.0019986629486083984
104448,normal,1244,0,1782359628.6083407,0.0019690990447998047
104449,normal,283,0,1782359628.6103766,0.002035856246948242
104450,normal,3124,1,1782359628.612385,0.0020084381103515625
104451,normal,274,0,1782359628.6143422,0.0019571781158447266
104452,normal,2453,0,1782359628.6163952,0.0020530223846435547
104453,normal,2988,0,1782359628.6183732,0.0019779205322265625
104454,normal,873,2,1782359628.6203415,0.0019683837890625
104455,normal,2302,0,1782359628.6223733,0.0020318031311035156
104456,normal,1874,0,1782359628.6243863,0.002012968063354492
104457,normal,730,0,1782359628.6263578,0.0019714832305908203
104458,normal,3709,0,1782359628.628375,0.0020172595977783203
104459,normal,3450,0,1782359628.6303847,0.0020096302032470703
104460,normal,845,2,1782359628.6323404,0.001955747604370117
104461,normal,3483,0,1782359628.634371,0.002030611038208008
104462,normal,2061,0,1782359628.6363747,0.0020036697387695312
104463,normal,2004,0,1782359628.6383429,0.0019681453704833984
104464,normal,3346,1,1782359628.640379,0.0020360946655273438
104465,normal,2963,0,1782359628.642392,0.002012968063354492
104466,normal,540,0,1782359628.6443431,0.0019512176513671875
104467,normal,872,2,1782359628.6463733,0.0020301342010498047
104468,normal,1522,0,1782359628.6483984,0.002025127410888672
104469,normal,3639,0,1782359628.650328,0.0019295215606689453
104470,normal,2530,0,1782359628.6523592,0.0020313262939453125
104471,normal,2194,0,1782359628.654345,0.001985788345336914
104472,normal,3490,0,1782359628.6563203,0.0019752979278564453
104473,normal,700,0,1782359628.6583414,0.0020210742950439453
104474,normal,3009,0,1782359628.6604216,0.002080202102661133
104475,normal,1547,0,1782359628.6623194,0.0018978118896484375
104476,normal,2301,0,1782359628.6644282,0.0021088123321533203
104477,normal,2050,0,1782359628.6664147,0.0019865036010742188
104478,normal,27,0,1782359628.66832,0.001905202865600586
104479,normal,2858,0,1782359628.6705468,0.0022268295288085938
104480,normal,888,2,1782359628.6724844,0.0019376277923583984
104481,normal,2067,0,1782359628.6744115,0.0019271373748779297
104482,normal,2122,0,1782359628.6765442,0.0021326541900634766
104483,normal,56,0,1782359628.6785328,0.001988649368286133
104484,normal,3617,0,1782359628.6803763,0.0018434524536132812
104485,normal,2144,0,1782359628.6825426,0.002166271209716797
104486,normal,75,0,1782359628.6845326,0.001990079879760742
104487,normal,528,0,1782359628.6863792,0.0018465518951416016
104488,normal,1612,0,1782359628.6885436,0.0021643638610839844
104489,normal,2343,0,1782359628.690537,0.001993417739868164
104490,normal,367,0,1782359628.6923828,0.0018458366394042969
104491,normal,2066,0,1782359628.6945481,0.0021653175354003906
104492,normal,2602,0,1782359628.6965296,0.001981496810913086
104493,normal,899,2,1782359628.698377,0.0018472671508789062
104494,normal,19,0,1782359628.7005463,0.002169370651245117
104495,normal,2351,0,1782359628.7025352,0.0019888877868652344
104496,normal,1060,0,1782359628.7043931,0.0018579959869384766
104497,normal,416,0,1782359628.7065465,0.0021533966064453125
104498,normal,2702,0,1782359628.70855,0.0020034313201904297
104499,normal,512,0,1782359628.710394,0.0018439292907714844
104500,normal,1345,1,1782359628.7125497,0.002155780792236328
104501,normal,278,0,1782359628.7145293,0.0019795894622802734
104502,normal,357,0,1782359628.7163794,0.001850128173828125
104503,normal,461,0,1782359628.7185442,0.0021648406982421875
104504,normal,1198,0,1782359628.720534,0.0019898414611816406
104505,normal,2215,0,1782359628.7223887,0.0018546581268310547
104506,normal,2376,0,1782359628.724544,0.002155303955078125
104507,normal,255,0,1782359628.7265282,0.001984119415283203
104508,normal,1355,1,1782359628.7283833,0.0018551349639892578
104509,normal,1021,2,1782359628.7305448,0.0021615028381347656
104510,normal,3478,0,1782359628.732533,0.0019881725311279297
104511,normal,220,0,1782359628.7343955,0.0018625259399414062
104512,normal,1730,0,1782359628.736595,0.002199411392211914
104513,normal,1238,0,1782359628.738538,0.0019431114196777344
104514,normal,1193,0,1782359628.7403972,0.0018591880798339844
104515,normal,1776,0,1782359628.742551,0.0021538734436035156
104516,normal,2766,0,1782359628.744536,0.001984834671020508
104517,normal,3496,0,1782359628.7463772,0.0018413066864013672
104518,normal,2462,0,1782359628.7485437,0.0021665096282958984
104519,normal,1024,2,1782359628.7505338,0.001990079879760742
104520,normal,1328,1,1782359628.752409,0.001875162124633789
104521,normal,2525,0,1782359628.7545378,0.0021288394927978516
104522,normal,816,2,1782359628.7565434,0.0020055770874023438
104523,normal,3500,0,1782359628.7583778,0.0018343925476074219
104524,normal,1199,0,1782359628.7605424,0.002164602279663086
104525,normal,2840,0,1782359628.7625287,0.001986265182495117
104526,normal,952,2,1782359628.7643764,0.0018477439880371094
104527,normal,800,2,1782359628.766545,0.0021686553955078125
104528,normal,431,0,1782359628.7685406,0.001995563507080078
104529,normal,2707,0,1782359628.770398,0.0018572807312011719
104530,normal,842,2,1782359628.772545,0.002147197723388672
104531,normal,494,0,1782359628.7745314,0.001986265182495117
104532,normal,1967,0,1782359628.7763765,0.0018451213836669922
104533,normal,2893,0,1782359628.7785456,0.0021691322326660156
104534,normal,503,0,1782359628.7805338,0.0019881725311279297
104535,normal,2362,0,1782359628.7824056,0.0018718242645263672
104536,normal,3336,1,1782359628.7845445,0.002138853073120117
104537,normal,104,0,1782359628.786531,0.0019865036010742188
104538,normal,745,0,1782359628.788379,0.001847982406616211
104539,normal,2979,0,1782359628.7905424,0.002163410186767578
104540,normal,2472,0,1782359628.7925327,0.0019903182983398438
104541,normal,2444,0,1782359628.7944024,0.0018696784973144531
104542,normal,1140,0,1782359628.7965422,0.0021398067474365234
104543,normal,796,2,1782359628.7985656,0.002023458480834961
104544,normal,1521,0,1782359628.8003814,0.0018157958984375
104545,normal,2019,0,1782359628.802547,0.002165555953979492
104546,normal,1606,0,1782359628.8045337,0.0019867420196533203
104547,normal,2474,0,1782359628.8064098,0.0018761157989501953
104548,normal,1933,0,1782359628.8086233,0.0022134780883789062
104549,normal,267,0,1782359628.810533,0.0019097328186035156
104550,normal,3432,0,1782359628.812377,0.0018439292907714844
104551,normal,3431,0,1782359628.8145938,0.002216815948486328
104552,normal,195,0,1782359628.8165357,0.0019419193267822266
104553,normal,3675,0,1782359628.8184044,0.0018687248229980469
104554,normal,2490,0,1782359628.8205469,0.0021424293518066406
104555,normal,3056,1,1782359628.8225386,0.001991748809814453
104556,normal,1518,0,1782359628.8244088,0.0018701553344726562
104557,normal,2274,0,1782359628.8265417,0.002132892608642578
104558,normal,2164,0,1782359628.8285282,0.0019865036010742188
104559,normal,2222,0,1782359628.830383,0.0018548965454101562
104560,normal,2294,0,1782359628.8325453,0.0021622180938720703
104561,normal,2463,0,1782359628.8345344,0.001989126205444336
104562,normal,2451,0,1782359628.8364081,0.0018737316131591797
104563,normal,176,0,1782359628.8385441,0.0021359920501708984
104564,normal,639,0,1782359628.84053,0.001985788345336914
104565,normal,2298,0,1782359628.8423767,0.0018467903137207031
104566,normal,1142,0,1782359628.8445444,0.0021677017211914062
104567,normal,201,0,1782359628.846533,0.001988649368286133
104568,normal,118,0,1782359628.8484123,0.0018792152404785156
104569,normal,3376,1,1782359628.850548,0.002135753631591797
104570,normal,2415,0,1782359628.8525562,0.002008199691772461
104571,normal,2628,0,1782359628.854403,0.0018467903137207031
104572,normal,579,0,1782359628.8565476,0.0021445751190185547
104573,normal,411,0,1782359628.8585331,0.0019855499267578125
104574,normal,3297,1,1782359628.8604143,0.0018811225891113281
104575,normal,2690,0,1782359628.8625398,0.0021255016326904297
104576,normal,2685,0,1782359628.8645303,0.0019905567169189453
104577,normal,2065,0,1782359628.866375,0.001844644546508789
104578,normal,3017,0,1782359628.8685548,0.002179861068725586
104579,normal,1164,0,1782359628.8705378,0.0019829273223876953
104580,normal,583,0,1782359628.8723965,0.0018587112426757812
104581,normal,883,2,1782359628.8745456,0.0021491050720214844
104582,normal,2727,0,1782359628.8765273,0.0019817352294921875
104583,normal,1898,0,1782359628.878379,0.001851797103881836
104584,normal,3070,1,1782359628.8805444,0.0021653175354003906
104585,normal,439,0,1782359628.8825345,0.001990079879760742
104586,normal,2062,0,1782359628.884394,0.001859426498413086
104587,normal,1973,0,1782359628.8865411,0.002147197723388672
104588,normal,681,0,1782359628.8885274,0.001986265182495117
104589,normal,2985,0,1782359628.890379,0.0018515586853027344
104590,normal,1423,0,1782359628.8925433,0.0021643638610839844
104591,normal,2927,0,1782359628.8945334,0.001990079879760742
104592,normal,2853,0,1782359628.8964002,0.0018668174743652344
104593,normal,2735,0,1782359628.8985443,0.0021440982818603516
104594,normal,1679,0,1782359628.9005332,0.0019888877868652344
104595,normal,22,0,1782359628.902377,0.0018436908721923828
104596,normal,1570,0,1782359628.9045436,0.002166748046875
104597,normal,1677,0,1782359628.9065363,0.0019927024841308594
104598,normal,2370,0,1782359628.9084013,0.0018649101257324219
104599,normal,3391,1,1782359628.9105477,0.002146482467651367
104600,normal,922,2,1782359628.9125206,0.0019729137420654297
104601,normal,3643,0,1782359628.9143784,0.001857757568359375
104602,normal,2269,0,1782359628.9165475,0.0021691322326660156
104603,normal,1857,0,1782359628.9185581,0.0020105838775634766
104604,normal,1251,0,1782359628.9203877,0.0018296241760253906
104605,normal,1758,0,1782359628.9225223,0.002134561538696289
104606,normal,1280,0,1782359628.9246485,0.0021262168884277344
104607,normal,2492,0,1782359628.9263437,0.0016951560974121094
104608,normal,2005,0,1782359628.9283733,0.0020296573638916016
104609,normal,122,0,1782359628.9303856,0.0020122528076171875
104610,normal,1681,0,1782359628.9323504,0.0019648075103759766
104611,normal,1087,0,1782359628.9343758,0.0020253658294677734
104612,normal,2947,0,1782359628.9363883,0.002012491226196289
104613,normal,2279,0,1782359628.9383566,0.0019683837890625
104614,normal,1444,0,1782359628.9403744,0.0020177364349365234
104615,normal,2541,0,1782359628.942385,0.0020105838775634766
104616,normal,1171,0,1782359628.9443536,0.0019686222076416016
104617,normal,2482,0,1782359628.9463735,0.0020198822021484375
104618,normal,3515,0,1782359628.9483874,0.0020139217376708984
104619,normal,3012,0,1782359628.9503517,0.0019643306732177734
104620,normal,1975,0,1782359628.9523742,0.0020225048065185547
104621,normal,2959,0,1782359628.9543703,0.0019960403442382812
104622,normal,1132,0,1782359628.9563587,0.0019884109497070312
104623,normal,2128,0,1782359628.9583495,0.001990795135498047
104624,normal,1852,0,1782359628.960383,0.0020334720611572266
104625,normal,2588,0,1782359628.9623666,0.001983642578125
104626,normal,2225,0,1782359628.9643462,0.0019795894622802734
104627,normal,216,0,1782359628.9663801,0.0020339488983154297
104628,normal,2009,0,1782359628.9683635,0.0019834041595458984
104629,normal,3213,1,1782359628.9703538,0.0019903182983398438
104630,normal,314,0,1782359628.9723809,0.0020270347595214844
104631,normal,1632,0,1782359628.9743686,0.0019876956939697266
104632,normal,3226,1,1782359628.9763484,0.001979827880859375
104633,normal,957,2,1782359628.9783847,0.0020363330841064453
104634,normal,2203,0,1782359628.9803634,0.001978635787963867
104635,normal,1395,0,1782359628.982347,0.001983642578125
104636,normal,3523,0,1782359628.9843943,0.002047300338745117
104637,normal,2142,0,1782359628.9863632,0.001968860626220703
104638,normal,111,0,1782359628.988349,0.001985788345336914
104639,normal,1535,0,1782359628.99038,0.002031087875366211
104640,normal,2757,0,1782359628.9923582,0.001978158950805664
104641,normal,2960,0,1782359628.9943457,0.001987457275390625
104642,normal,1930,0,1782359628.9963787,0.0020329952239990234
104643,normal,2905,0,1782359628.9983664,0.0019876956939697266
104644,normal,1291,0,1782359629.0003448,0.0019783973693847656
104645,normal,1914,0,1782359629.0023808,0.0020360946655273438
104646,normal,984,2,1782359629.0043716,0.001990795135498047
104647,normal,2517,0,1782359629.0063457,0.0019741058349609375
104648,normal,1923,0,1782359629.0083797,0.0020339488983154297
104649,normal,1919,0,1782359629.0103745,0.0019948482513427734
104650,normal,3476,0,1782359629.0123494,0.001974821090698242
104651,normal,2308,0,1782359629.0143788,0.0020294189453125
104652,normal,762,0,1782359629.0163767,0.0019979476928710938
104653,normal,627,0,1782359629.0183468,0.001970052719116211
104654,normal,2315,0,1782359629.0203805,0.002033710479736328
104655,normal,1271,0,1782359629.0223734,0.001992940902709961
104656,normal,1168,0,1782359629.024353,0.0019795894622802734
104657,normal,3691,0,1782359629.0263815,0.0020284652709960938
104658,normal,555,0,1782359629.0283756,0.0019941329956054688
104659,normal,1578,0,1782359629.0303478,0.001972198486328125
104660,normal,2197,0,1782359629.032379,0.002031087875366211
104661,normal,2290,0,1782359629.034373,0.0019941329956054688
104662,normal,3090,1,1782359629.0363464,0.001973390579223633
104663,normal,3068,1,1782359629.0384161,0.002069711685180664
104664,normal,1618,0,1782359629.0403814,0.0019652843475341797
104665,normal,106,0,1782359629.0423505,0.0019690990447998047
104666,normal,3179,1,1782359629.0443506,0.002000093460083008
104667,normal,1719,0,1782359629.0463552,0.0020046234130859375
104668,normal,2438,0,1782359629.0483484,0.0019931793212890625
104669,normal,1281,0,1782359629.0503821,0.002033710479736328
104670,normal,3033,0,1782359629.0523825,0.0020003318786621094
104671,normal,1102,0,1782359629.0543482,0.001965761184692383
104672,normal,3531,0,1782359629.056388,0.002039670944213867
104673,normal,2196,0,1782359629.05837,0.0019822120666503906
104674,normal,2635,0,1782359629.0603464,0.0019762516021728516
104675,normal,652,0,1782359629.0623798,0.0020334720611572266
104676,normal,1660,0,1782359629.0643618,0.001981973648071289
104677,normal,2981,0,1782359629.0663486,0.0019867420196533203
104678,normal,2233,0,1782359629.0683858,0.0020372867584228516
104679,normal,2545,0,1782359629.0703797,0.001993894577026367
104680,normal,2613,0,1782359629.0723472,0.0019674301147460938
104681,normal,2338,0,1782359629.0743806,0.0020334720611572266
104682,normal,1026,2,1782359629.0763447,0.001964092254638672
104683,normal,3296,1,1782359629.078346,0.0020012855529785156
104684,normal,866,2,1782359629.0804143,0.0020682811737060547
104685,normal,8,0,1782359629.082347,0.0019326210021972656
104686,normal,2270,0,1782359629.0843456,0.0019986629486083984
104687,normal,1524,0,1782359629.0863807,0.0020351409912109375
104688,normal,853,2,1782359629.088347,0.001966238021850586
104689,normal,2084,0,1782359629.0903478,0.0020008087158203125
104690,normal,2190,0,1782359629.0923793,0.002031564712524414
104691,normal,3002,0,1782359629.0953178,0.002938508987426758
104692,normal,1338,1,1782359629.0963597,0.0010418891906738281
104693,normal,1350,1,1782359629.098392,0.0020322799682617188
104694,normal,982,2,1782359629.100342,0.0019500255584716797
104695,normal,3690,0,1782359629.1023433,0.0020012855529785156
104696,normal,978,2,1782359629.104382,0.002038717269897461
104697,normal,2042,0,1782359629.1063404,0.0019583702087402344
104698,normal,449,0,1782359629.1083784,0.0020380020141601562
104699,normal,80,0,1782359629.1103878,0.0020093917846679688
104700,normal,2385,0,1782359629.1123629,0.0019750595092773438
104701,normal,2564,0,1782359629.114374,0.0020110607147216797
104702,normal,2555,0,1782359629.1163812,0.0020072460174560547
104703,normal,2096,0,1782359629.1183434,0.0019621849060058594
104704,normal,1203,0,1782359629.1204045,0.002061128616333008
104705,normal,1903,0,1782359629.1223845,0.0019800662994384766
104706,normal,2945,0,1782359629.1243427,0.001958131790161133
104707,normal,1532,0,1782359629.1263793,0.002036571502685547
104708,normal,3340,1,1782359629.1283844,0.0020051002502441406
104709,normal,1264,0,1782359629.1303442,0.0019598007202148438
104710,normal,3538,0,1782359629.1323457,0.002001523971557617
104711,normal,203,0,1782359629.1343856,0.0020399093627929688
104712,normal,185,0,1782359629.1363227,0.0019371509552001953
104713,normal,2454,0,1782359629.1383505,0.002027750015258789
104714,normal,92,0,1782359629.140342,0.0019915103912353516
104715,normal,1838,0,1782359629.1423526,0.0020105838775634766
104716,normal,362,0,1782359629.1444256,0.002073049545288086
104717,normal,348,0,1782359629.1463532,0.0019276142120361328
104718,normal,955,2,1782359629.1483223,0.0019690990447998047
104719,normal,1750,0,1782359629.150346,0.0020236968994140625
104720,normal,3694,0,1782359629.1524098,0.002063751220703125
104721,normal,3543,0,1782359629.154317,0.0019071102142333984
104722,normal,1763,0,1782359629.156339,0.0020220279693603516
104723,normal,1382,0,1782359629.1583557,0.002016782760620117
104724,normal,1724,0,1782359629.1603255,0.0019698143005371094
104725,normal,848,2,1782359629.162339,0.0020134449005126953
104726,normal,144,0,1782359629.1644115,0.002072572708129883
104727,normal,317,0,1782359629.1663153,0.0019037723541259766
104728,normal,644,0,1782359629.1684408,0.0021255016326904297
104729,normal,1453,0,1782359629.1704187,0.0019779205322265625
104730,normal,1597,0,1782359629.1723344,0.0019156932830810547
104731,normal,1071,0,1782359629.17457,0.0022356510162353516
104732,normal,2422,0,1782359629.1764352,0.0018651485443115234
104733,normal,962,2,1782359629.1783838,0.0019485950469970703
104734,normal,1733,0,1782359629.180541,0.0021572113037109375
104735,normal,2989,0,1782359629.182534,0.001992940902709961
104736,normal,386,0,1782359629.1843884,0.0018544197082519531
104737,normal,733,0,1782359629.1865451,0.0021567344665527344
104738,normal,1427,0,1782359629.1885326,0.001987457275390625
104739,normal,1680,0,1782359629.190387,0.0018544197082519531
104740,normal,1988,0,1782359629.192546,0.0021588802337646484
104741,normal,188,0,1782359629.1945338,0.001987934112548828
104742,normal,882,2,1782359629.1963937,0.001859903335571289
104743,normal,3570,0,1782359629.1985471,0.0021533966064453125
104744,normal,1206,0,1782359629.200527,0.001979827880859375
104745,normal,999,2,1782359629.2023792,0.001852273941040039
104746,normal,2873,0,1782359629.204543,0.0021638870239257812
104747,normal,173,0,1782359629.2065322,0.001989126205444336
104748,normal,2790,0,1782359629.2083976,0.001865386962890625
104749,normal,88,0,1782359629.2105448,0.002147197723388672
104750,normal,2543,0,1782359629.2125337,0.0019888877868652344
104751,normal,1196,0,1782359629.2143826,0.0018489360809326172
104752,normal,3427,0,1782359629.216547,0.0021643638610839844
104753,normal,3684,0,1782359629.218534,0.001986980438232422
104754,normal,1,0,1782359629.2204022,0.0018682479858398438
104755,normal,1010,2,1782359629.222549,0.0021467208862304688
104756,normal,1961,0,1782359629.2245288,0.001979827880859375
104757,normal,3613,0,1782359629.2263796,0.0018508434295654297
104758,normal,2911,0,1782359629.2285461,0.0021665096282958984
104759,normal,3250,1,1782359629.230537,0.001990795135498047
104760,normal,926,2,1782359629.2324018,0.0018649101257324219
104761,normal,947,2,1782359629.2345452,0.002143383026123047
104762,normal,1631,0,1782359629.2365296,0.0019843578338623047
104763,normal,2427,0,1782359629.2383873,0.001857757568359375
104764,normal,3162,1,1782359629.2405422,0.002154827117919922
104765,normal,2603,0,1782359629.2425337,0.0019915103912353516
104766,normal,2824,0,1782359629.2444084,0.001874685287475586
104767,normal,1189,0,1782359629.2463853,0.0019769668579101562
104768,normal,1401,0,1782359629.2485292,0.00214385986328125
104769,normal,2581,0,1782359629.25039,0.0018608570098876953
104770,normal,2060,0,1782359629.2525606,0.002170562744140625
104771,normal,1386,0,1782359629.254542,0.001981496810913086
104772,normal,155,0,1782359629.256408,0.0018658638000488281
104773,normal,492,0,1782359629.2585397,0.0021317005157470703
104774,normal,186,0,1782359629.26053,0.0019903182983398438
104775,normal,3326,1,1782359629.2624118,0.0018818378448486328
104776,normal,3664,0,1782359629.26438,0.0019681453704833984
104777,normal,1965,0,1782359629.2664833,0.0021033287048339844
104778,normal,2092,0,1782359629.2683651,0.0018818378448486328
104779,normal,3052,1,1782359629.270348,0.0019829273223876953
104780,normal,1868,0,1782359629.2723694,0.002021312713623047
104781,normal,354,0,1782359629.2743666,0.001997232437133789
104782,normal,1567,0,1782359629.2763364,0.0019698143005371094
104783,normal,1926,0,1782359629.2783747,0.002038240432739258
104784,normal,850,2,1782359629.2803683,0.0019936561584472656
104785,normal,985,2,1782359629.2823398,0.0019714832305908203
104786,normal,1225,0,1782359629.2843738,0.0020339488983154297
104787,normal,2149,0,1782359629.2863748,0.002001047134399414
104788,normal,3698,0,1782359629.2883368,0.001961946487426758
104789,normal,2411,0,1782359629.290374,0.0020372867584228516
104790,normal,3333,1,1782359629.2923715,0.0019974708557128906
104791,normal,1955,0,1782359629.2943366,0.001965045928955078
104792,normal,1036,0,1782359629.296368,0.0020313262939453125
104793,normal,3702,0,1782359629.2984064,0.0020384788513183594
104794,normal,3110,1,1782359629.3003268,0.001920461654663086
104795,normal,3414,0,1782359629.3023684,0.0020415782928466797
104796,normal,388,0,1782359629.304362,0.0019936561584472656
104797,normal,869,2,1782359629.306336,0.001973867416381836
104798,normal,735,0,1782359629.30837,0.0020341873168945312
104799,normal,1030,0,1782359629.310342,0.0019719600677490234
104800,normal,1686,0,1782359629.3123434,0.0020012855529785156
104801,normal,1495,0,1782359629.3144026,0.0020592212677001953
104802,normal,2379,0,1782359629.3163514,0.0019488334655761719
104803,normal,977,2,1782359629.318341,0.001989603042602539
104804,normal,3568,0,1782359629.3203683,0.002027273178100586
104805,normal,2254,0,1782359629.3223376,0.0019693374633789062
104806,normal,1151,0,1782359629.3243382,0.002000570297241211
104807,normal,2365,0,1782359629.3263702,0.002032041549682617
104808,normal,156,0,1782359629.3283424,0.001972198486328125
104809,normal,2176,0,1782359629.330344,0.002001523971557617
104810,normal,2847,0,1782359629.3323677,0.0020236968994140625
104811,normal,591,0,1782359629.3343363,0.0019686222076416016
104812,normal,2999,0,1782359629.3363378,0.002001523971557617
104813,normal,2307,0,1782359629.3383706,0.002032756805419922
104814,normal,229,0,1782359629.3403363,0.001965761184692383
104815,normal,352,0,1782359629.3423886,0.00205230712890625
104816,normal,852,2,1782359629.3445797,0.0021910667419433594
104817,normal,3095,1,1782359629.346364,0.0017843246459960938
104818,normal,849,2,1782359629.3483665,0.0020024776458740234
104819,normal,1879,0,1782359629.3503637,0.001997232437133789
104820,normal,907,2,1782359629.3523414,0.001977682113647461
104821,normal,1956,0,1782359629.3543622,0.0020208358764648438
104822,normal,2976,0,1782359629.356367,0.002004861831665039
104823,normal,2526,0,1782359629.3583221,0.0019550323486328125
104824,normal,3357,1,1782359629.360412,0.0020897388458251953
104825,normal,830,2,1782359629.362422,0.0020101070404052734
104826,normal,938,2,1782359629.364331,0.001909017562866211
104827,normal,3682,0,1782359629.3664334,0.002102375030517578
104828,normal,3217,1,1782359629.3685465,0.0021131038665771484
104829,normal,3461,0,1782359629.3703842,0.0018377304077148438
104830,normal,419,0,1782359629.3725438,0.002159595489501953
104831,normal,1037,0,1782359629.3745348,0.0019910335540771484
104832,normal,712,0,1782359629.3764014,0.0018665790557861328
104833,normal,3448,0,1782359629.3785455,0.0021440982818603516
104834,normal,2849,0,1782359629.380535,0.0019893646240234375
104835,normal,862,2,1782359629.3824005,0.0018656253814697266
104836,normal,664,0,1782359629.384543,0.0021424293518066406
104837,normal,1298,0,1782359629.386537,0.0019941329956054688
104838,normal,2856,0,1782359629.3883817,0.001844644546508789
104839,normal,320,0,1782359629.3905602,0.0021784305572509766
104840,normal,689,0,1782359629.392387,0.0018267631530761719
104841,normal,824,2,1782359629.3943925,0.0020055770874023438
104842,normal,3693,0,1782359629.3965452,0.002152681350708008
104843,normal,1200,0,1782359629.3985374,0.0019922256469726562
104844,normal,3197,1,1782359629.4003856,0.0018482208251953125
104845,normal,1951,0,1782359629.4025424,0.0021567344665527344
104846,normal,2805,0,1782359629.4043815,0.0018391609191894531
104847,normal,964,2,1782359629.4063528,0.0019712448120117188
104848,normal,26,0,1782359629.4083555,0.002002716064453125
104849,normal,157,0,1782359629.4103572,0.0020017623901367188
104850,normal,1439,0,1782359629.412321,0.0019638538360595703
104851,normal,738,0,1782359629.414346,0.0020248889923095703
104852,normal,1832,0,1782359629.416355,0.0020089149475097656
104853,normal,3449,0,1782359629.4183555,0.002000570297241211
104854,normal,44,0,1782359629.4203553,0.0019998550415039062
104855,normal,3444,0,1782359629.4223516,0.001996278762817383
104856,normal,793,2,1782359629.424354,0.0020024776458740234
104857,normal,1127,0,1782359629.4263422,0.0019881725311279297
104858,normal,1061,0,1782359629.4283488,0.00200653076171875
104859,normal,2410,0,1782359629.430359,0.0020101070404052734
104860,normal,634,0,1782359629.4324245,0.0020656585693359375
104861,normal,1694,0,1782359629.4344158,0.00199127197265625
104862,normal,2892,0,1782359629.4363313,0.0019154548645019531
104863,normal,43,0,1782359629.4385462,0.0022149085998535156
104864,normal,2038,0,1782359629.4405484,0.002002239227294922
104865,normal,2677,0,1782359629.4423509,0.0018024444580078125
104866,normal,1064,0,1782359629.4445467,0.0021958351135253906
104867,normal,2014,0,1782359629.446585,0.002038240432739258
104868,normal,2130,0,1782359629.448343,0.0017580986022949219
104869,normal,3321,1,1782359629.45054,0.0021970272064208984
104870,normal,1467,0,1782359629.4525564,0.002016305923461914
104871,normal,3013,0,1782359629.454329,0.0017726421356201172
104872,normal,810,2,1782359629.4565415,0.0022125244140625
104873,normal,1389,0,1782359629.4585676,0.002026081085205078
104874,normal,2044,0,1782359629.460348,0.0017802715301513672
104875,normal,3036,0,1782359629.462549,0.002201080322265625
104876,normal,2256,0,1782359629.4645166,0.0019676685333251953
104877,normal,2207,0,1782359629.4663992,0.0018825531005859375
104878,normal,1310,0,1782359629.468545,0.0021457672119140625
104879,normal,2596,0,1782359629.4705353,0.0019903182983398438
104880,normal,3475,0,1782359629.472388,0.0018527507781982422
104881,normal,663,0,1782359629.4745445,0.002156496047973633
104882,normal,3592,0,1782359629.4765384,0.001993894577026367
104883,normal,2502,0,1782359629.478394,0.001855611801147461
104884,normal,1394,0,1782359629.4805396,0.002145528793334961
104885,normal,2276,0,1782359629.4825337,0.0019941329956054688
104886,normal,648,0,1782359629.4844096,0.0018758773803710938
104887,normal,1074,0,1782359629.486545,0.0021355152130126953
104888,normal,2445,0,1782359629.488533,0.001987934112548828
104889,normal,2982,0,1782359629.4904048,0.0018718242645263672
104890,normal,1372,1,1782359629.4925468,0.0021419525146484375
104891,normal,2846,0,1782359629.49454,0.0019931793212890625
104892,normal,251,0,1782359629.496404,0.0018639564514160156
104893,normal,3479,0,1782359629.4985447,0.0021407604217529297
104894,normal,1344,1,1782359629.5005338,0.001989126205444336
104895,normal,2121,0,1782359629.502437,0.0019032955169677734
104896,normal,501,0,1782359629.504537,0.0020999908447265625
104897,normal,2010,0,1782359629.506537,0.0019998550415039062
104898,normal,1703,0,1782359629.5084457,0.0019087791442871094
104899,normal,900,2,1782359629.5105412,0.002095460891723633
104900,normal,3313,1,1782359629.5125475,0.0020062923431396484
104901,normal,54,0,1782359629.5144057,0.0018582344055175781
104902,normal,1769,0,1782359629.5165443,0.0021386146545410156
104903,normal,631,0,1782359629.518561,0.0020165443420410156
104904,normal,2085,0,1782359629.5203807,0.0018198490142822266
104905,normal,1408,0,1782359629.5225434,0.0021626949310302734
104906,normal,1633,0,1782359629.5243819,0.0018384456634521484
104907,normal,2830,0,1782359629.5265357,0.0021538734436035156
104908,normal,1119,0,1782359629.5283656,0.0018298625946044922
104909,normal,2833,0,1782359629.5305326,0.0021669864654541016
104910,normal,534,0,1782359629.5324092,0.0018765926361083984
104911,normal,570,0,1782359629.53455,0.0021407604217529297
104912,normal,867,2,1782359629.5365357,0.001985788345336914
104913,normal,3293,1,1782359629.5384157,0.0018799304962158203
104914,normal,3141,1,1782359629.540535,0.002119302749633789
104915,normal,2940,0,1782359629.54255,0.0020151138305664062
104916,normal,2816,0,1782359629.544377,0.0018270015716552734
104917,normal,3588,0,1782359629.5465415,0.0021643638610839844
104918,normal,3006,0,1782359629.5485349,0.001993417739868164
104919,normal,2750,0,1782359629.550414,0.0018792152404785156
104920,normal,3578,0,1782359629.552535,0.0021209716796875
104921,normal,1527,0,1782359629.5545495,0.0020143985748291016
104922,normal,2097,0,1782359629.5563796,0.0018301010131835938
104923,normal,2895,0,1782359629.5585444,0.0021648406982421875
104924,normal,115,0,1782359629.5605345,0.001990079879760742
104925,normal,2688,0,1782359629.5624232,0.0018887519836425781
104926,normal,509,0,1782359629.5645332,0.002110004425048828
104927,normal,2198,0,1782359629.5665464,0.0020132064819335938
104928,normal,3198,1,1782359629.568376,0.0018296241760253906
104929,normal,389,0,1782359629.5704043,0.002028226852416992
104930,normal,385,0,1782359629.5725336,0.0021293163299560547
104931,normal,714,0,1782359629.574414,0.0018804073333740234
104932,normal,2048,0,1782359629.5765452,0.002131223678588867
104933,normal,593,0,1782359629.578549,0.0020036697387695312
104934,normal,3057,1,1782359629.580377,0.0018281936645507812
104935,normal,1658,0,1782359629.5825357,0.002158641815185547
104936,normal,832,2,1782359629.584535,0.0019991397857666016
104937,normal,3219,1,1782359629.586395,0.0018601417541503906
104938,normal,678,0,1782359629.5885446,0.0021495819091796875
104939,normal,79,0,1782359629.5905344,0.0019898414611816406
104940,normal,812,2,1782359629.592411,0.0018765926361083984
104941,normal,2407,0,1782359629.5945363,0.002125263214111328
104942,normal,2363,0,1782359629.5965505,0.00201416015625
104943,normal,887,2,1782359629.5983784,0.0018279552459716797
104944,normal,259,0,1782359629.6005437,0.0021653175354003906
104945,normal,3121,1,1782359629.6025457,0.0020020008087158203
104946,normal,2834,0,1782359629.6044157,0.0018699169158935547
104947,normal,3601,0,1782359629.6063771,0.0019614696502685547
104948,normal,166,0,1782359629.608551,0.002173900604248047
104949,normal,605,0,1782359629.6103785,0.0018274784088134766
104950,normal,1901,0,1782359629.6123922,0.002013683319091797
104951,normal,3281,1,1782359629.6145353,0.0021431446075439453
104952,normal,1944,0,1782359629.6164107,0.0018754005432128906
104953,normal,1607,0,1782359629.6185434,0.0021326541900634766
104954,normal,3048,1,1782359629.6205542,0.002010822296142578
104955,normal,868,2,1782359629.6223862,0.0018320083618164062
104956,normal,1493,0,1782359629.624547,0.002160787582397461
104957,normal,599,0,1782359629.6265414,0.0019943714141845703
104958,normal,3227,1,1782359629.6284108,0.0018694400787353516
104959,normal,3044,0,1782359629.630543,0.0021321773529052734
104960,normal,2520,0,1782359629.6325343,0.00199127197265625
104961,normal,96,0,1782359629.6343784,0.001844167709350586
104962,normal,2450,0,1782359629.6365464,0.002167940139770508
104963,normal,582,0,1782359629.638536,0.001989603042602539
104964,normal,1575,0,1782359629.6404045,0.0018684864044189453
104965,normal,246,0,1782359629.6425395,0.002135038375854492
104966,normal,1363,1,1782359629.6445343,0.0019948482513427734
104967,normal,2231,0,1782359629.6463895,0.0018551349639892578
104968,normal,458,0,1782359629.6485445,0.0021550655364990234
104969,normal,989,2,1782359629.6505363,0.001991748809814453
104970,normal,253,0,1782359629.6523855,0.0018491744995117188
104971,normal,1323,1,1782359629.6543772,0.001991748809814453
104972,normal,2652,0,1782359629.6565404,0.0021631717681884766
104973,normal,1981,0,1782359629.658392,0.0018515586853027344
104974,normal,884,2,1782359629.6605499,0.002157926559448242
104975,normal,564,0,1782359629.6625347,0.001984834671020508
104976,normal,2728,0,1782359629.664407,0.0018723011016845703
104977,normal,2549,0,1782359629.6665463,0.0021393299102783203
104978,normal,1316,0,1782359629.6685336,0.0019872188568115234
104979,normal,471,0,1782359629.6703908,0.0018572807312011719
104980,normal,673,0,1782359629.6725414,0.0021505355834960938
104981,normal,1673,0,1782359629.674533,0.0019915103912353516
104982,normal,2393,0,1782359629.6764011,0.0018682479858398438
104983,normal,1772,0,1782359629.678537,0.002135753631591797
104984,normal,499,0,1782359629.680544,0.002007007598876953
104985,normal,1109,0,1782359629.6823933,0.0018494129180908203
104986,normal,1231,0,1782359629.6845448,0.0021514892578125
104987,normal,3591,0,1782359629.686534,0.001989126205444336
104988,normal,3355,1,1782359629.688404,0.0018701553344726562
104989,normal,3604,0,1782359629.6905336,0.0021295547485351562
104990,normal,2367,0,1782359629.6925497,0.0020160675048828125
104991,normal,786,2,1782359629.6944911,0.0019414424896240234
104992,normal,1554,0,1782359629.6970956,0.0026044845581054688
104993,normal,617,0,1782359629.6983693,0.0012736320495605469
104994,normal,1853,0,1782359629.7003818,0.002012491226196289
104995,normal,2939,0,1782359629.7025347,0.0021529197692871094
104996,normal,1508,0,1782359629.7045336,0.0019989013671875
104997,normal,3041,0,1782359629.7063768,0.0018432140350341797
104998,normal,1400,0,1782359629.7085502,0.0021734237670898438
104999,normal,2712,0,1782359629.7105358,0.0019855499267578125
105000,normal,610,0,1782359629.712412,0.0018763542175292969
105001,normal,315,0,1782359629.7145243,0.002112150192260742
105002,normal,1128,0,1782359629.7165496,0.0020253658294677734
105003,normal,2213,0,1782359629.7183826,0.0018329620361328125
105004,normal,3240,1,1782359629.7205803,0.002197742462158203
105005,normal,2877,0,1782359629.722501,0.0019207000732421875
105006,normal,1907,0,1782359629.7244115,0.0019104480743408203
105007,normal,3571,0,1782359629.726535,0.002123594284057617
105008,normal,2395,0,1782359629.7285328,0.001997709274291992
105009,normal,2271,0,1782359629.7304063,0.0018734931945800781
105010,normal,2380,0,1782359629.7325432,0.0021369457244873047
105011,normal,448,0,1782359629.7345302,0.001986980438232422
105012,normal,2195,0,1782359629.736406,0.0018758773803710938
105013,normal,384,0,1782359629.7385378,0.0021317005157470703
105014,normal,1585,0,1782359629.7405524,0.002014636993408203
105015,normal,561,0,1782359629.742376,0.0018236637115478516
105016,normal,657,0,1782359629.7445447,0.0021686553955078125
105017,normal,3491,0,1782359629.7465355,0.001990795135498047
105018,normal,3672,0,1782359629.7484126,0.0018770694732666016
105019,normal,518,0,1782359629.7505398,0.0021271705627441406
105020,normal,722,0,1782359629.7525344,0.001994609832763672
105021,normal,3399,1,1782359629.754378,0.0018436908721923828
105022,normal,2330,0,1782359629.7566166,0.0022385120391845703
105023,normal,2131,0,1782359629.7585497,0.0019330978393554688
105024,normal,1587,0,1782359629.7604046,0.0018548965454101562
105025,normal,2524,0,1782359629.762541,0.0021364688873291016
105026,normal,2563,0,1782359629.764533,0.0019919872283935547
105027,normal,620,0,1782359629.7664146,0.0018815994262695312
105028,normal,3112,1,1782359629.7685444,0.002129793167114258
105029,normal,2112,0,1782359629.770533,0.001988649368286133
105030,normal,230,0,1782359629.7724218,0.0018887519836425781
105031,normal,2188,0,1782359629.7743998,0.0019779205322265625
105032,normal,685,0,1782359629.7765353,0.0021355152130126953
105033,normal,444,0,1782359629.7784102,0.0018749237060546875
105034,normal,2324,0,1782359629.7805564,0.0021462440490722656
105035,normal,698,0,1782359629.7825294,0.0019729137420654297
105036,normal,258,0,1782359629.7843816,0.001852273941040039
105037,normal,654,0,1782359629.7865474,0.0021657943725585938
105038,normal,452,0,1782359629.788541,0.0019936561584472656
105039,normal,2531,0,1782359629.7904005,0.001859426498413086
105040,normal,2378,0,1782359629.7925491,0.0021486282348632812
105041,normal,2012,0,1782359629.794532,0.0019829273223876953
105042,normal,174,0,1782359629.7964127,0.001880645751953125
105043,normal,2623,0,1782359629.7985818,0.0021691322326660156
105044,normal,2358,0,1782359629.8005414,0.001959562301635742
105045,normal,1865,0,1782359629.8024044,0.0018630027770996094
105046,normal,1534,0,1782359629.8045413,0.0021369457244873047
105047,normal,1731,0,1782359629.806535,0.0019936561584472656
105048,normal,2289,0,1782359629.8084476,0.0019125938415527344
105049,normal,1297,0,1782359629.810546,0.0020983219146728516
105050,normal,430,0,1782359629.8125348,0.0019888877868652344
105051,normal,3587,0,1782359629.8144476,0.001912832260131836
105052,normal,1942,0,1782359629.8165383,0.0020906925201416016
105053,normal,2729,0,1782359629.818552,0.002013683319091797
105054,normal,1032,0,1782359629.8203814,0.001829385757446289
105055,normal,551,0,1782359629.8225527,0.0021712779998779297
105056,normal,1104,0,1782359629.8243763,0.0018236637115478516
105057,normal,879,2,1782359629.8265579,0.002181529998779297
105058,normal,2850,0,1782359629.8283765,0.0018186569213867188
105059,normal,573,0,1782359629.8305638,0.0021872520446777344
105060,normal,753,0,1782359629.8323781,0.0018143653869628906
105061,normal,208,0,1782359629.8345482,0.002170085906982422
105062,normal,1669,0,1782359629.836543,0.0019948482513427734
105063,normal,1473,0,1782359629.838418,0.0018749237060546875
105064,normal,1539,0,1782359629.840535,0.0021169185638427734
105065,normal,630,0,1782359629.8425505,0.0020155906677246094
105066,normal,725,0,1782359629.844379,0.0018284320831298828
105067,normal,182,0,1782359629.8465471,0.0021681785583496094
105068,normal,880,2,1782359629.848541,0.001993894577026367
105069,normal,483,0,1782359629.8504126,0.0018715858459472656
105070,normal,2597,0,1782359629.8525355,0.0021228790283203125
105071,normal,2287,0,1782359629.8545585,0.002022981643676758
105072,normal,2168,0,1782359629.8563797,0.001821279525756836
105073,normal,743,0,1782359629.8587675,0.0023877620697021484
105074,normal,1941,0,1782359629.8603802,0.0016126632690429688
105075,normal,192,0,1782359629.8625476,0.0021674633026123047
105076,normal,659,0,1782359629.8643756,0.0018279552459716797
105077,normal,1466,0,1782359629.86654,0.0021643638610839844
105078,normal,2239,0,1782359629.868379,0.0018391609191894531
105079,normal,3258,1,1782359629.8705454,0.002166271209716797
105080,normal,1234,0,1782359629.8725364,0.0019910335540771484
105081,normal,2078,0,1782359629.8744075,0.0018711090087890625
105082,normal,1766,0,1782359629.8765404,0.002132892608642578
105083,normal,1141,0,1782359629.878536,0.001995563507080078
105084,normal,1506,0,1782359629.8803768,0.001840829849243164
105085,normal,3314,1,1782359629.8825452,0.002168416976928711
105086,normal,1135,0,1782359629.8845334,0.0019881725311279297
105087,normal,2672,0,1782359629.8864033,0.0018699169158935547
105088,normal,1374,1,1782359629.8885343,0.0021309852600097656
105089,normal,2882,0,1782359629.8905344,0.002000093460083008
105090,normal,3352,1,1782359629.8923783,0.0018439292907714844
105091,normal,1977,0,1782359629.8945446,0.002166271209716797
105092,normal,756,0,1782359629.8965323,0.0019876956939697266
105093,normal,3637,0,1782359629.8983777,0.0018453598022460938
105094,normal,1543,0,1782359629.9005303,0.002152681350708008
105095,normal,219,0,1782359629.902537,0.0020067691802978516
105096,normal,224,0,1782359629.904379,0.0018417835235595703
105097,normal,2345,0,1782359629.906545,0.0021660327911376953
105098,normal,171,0,1782359629.908621,0.0020761489868164062
105099,normal,2459,0,1782359629.9103694,0.0017483234405517578
105100,normal,2323,0,1782359629.9125519,0.002182483673095703
105101,normal,928,2,1782359629.9145448,0.001992940902709961
105102,normal,2435,0,1782359629.9164085,0.001863718032836914
105103,normal,3541,0,1782359629.9185338,0.002125263214111328
105104,normal,3595,0,1782359629.9205437,0.002009868621826172
105105,normal,272,0,1782359629.9223769,0.001833200454711914
105106,normal,1848,0,1782359629.9245458,0.002168893814086914
105107,normal,349,0,1782359629.926536,0.0019903182983398438
105108,normal,3284,1,1782359629.9284008,0.0018646717071533203
105109,normal,3654,0,1782359629.9305403,0.002139568328857422
105110,normal,1477,0,1782359629.93254,0.0019996166229248047
105111,normal,2786,0,1782359629.9343784,0.0018384456634521484
105112,normal,1741,0,1782359629.9365447,0.002166271209716797
105113,normal,243,0,1782359629.9385304,0.001985788345336914
105114,normal,1051,0,1782359629.9404125,0.0018820762634277344
105115,normal,752,0,1782359629.9425385,0.002125978469848633
105116,normal,3114,1,1782359629.9445426,0.0020041465759277344
105117,normal,2951,0,1782359629.9463768,0.0018341541290283203
105118,normal,1718,0,1782359629.9485648,0.002187967300415039
105119,normal,120,0,1782359629.950529,0.0019643306732177734
105120,normal,904,2,1782359629.952411,0.0018818378448486328
105121,normal,3138,1,1782359629.9545324,0.002121448516845703
105122,normal,1593,0,1782359629.9565406,0.002008199691772461
105123,normal,3021,0,1782359629.9583797,0.0018391609191894531
105124,normal,2716,0,1782359629.960326,0.0019462108612060547
105125,normal,2063,0,1782359629.9625335,0.002207517623901367
105126,normal,366,0,1782359629.9643815,0.001847982406616211
105127,normal,3656,0,1782359629.9665587,0.0021772384643554688
105128,normal,820,2,1782359629.9685361,0.0019774436950683594
105129,normal,1254,0,1782359629.9703774,0.0018413066864013672
105130,normal,3520,0,1782359629.9725294,0.002151966094970703
105131,normal,2865,0,1782359629.974535,0.0020055770874023438
105132,normal,2344,0,1782359629.9764047,0.0018696784973144531
105133,normal,350,0,1782359629.9785295,0.002124786376953125
105134,normal,3706,0,1782359629.9805343,0.002004861831665039
105135,normal,360,0,1782359629.9823797,0.0018453598022460938
105136,normal,2572,0,1782359629.9845295,0.002149820327758789
105137,normal,983,2,1782359629.9865353,0.0020058155059814453
105138,normal,3477,0,1782359629.9883778,0.001842498779296875
105139,normal,818,2,1782359629.9905298,0.002151966094970703
105140,normal,1129,0,1782359629.9925394,0.0020096302032470703
105141,normal,3298,1,1782359629.9943774,0.0018379688262939453
105142,normal,2755,0,1782359629.9965317,0.0021543502807617188
105143,normal,711,0,1782359629.9985344,0.002002716064453125
105144,normal,339,0,1782359630.0003772,0.0018427371978759766
105145,normal,2574,0,1782359630.0025308,0.002153635025024414
105146,normal,451,0,1782359630.00454,0.002009153366088867
105147,normal,1671,0,1782359630.006378,0.0018379688262939453
105148,normal,1590,0,1782359630.008531,0.002153158187866211
105149,normal,744,0,1782359630.0105362,0.0020051002502441406
105150,normal,11,0,1782359630.0123765,0.001840353012084961
105151,normal,1320,1,1782359630.014529,0.0021524429321289062
105152,normal,847,2,1782359630.0165327,0.0020036697387695312
105153,normal,1384,0,1782359630.018402,0.0018694400787353516
105154,normal,3398,1,1782359630.0205317,0.0021295547485351562
105155,normal,3618,0,1782359630.0225394,0.002007722854614258
105156,normal,990,2,1782359630.0244026,0.001863241195678711
105157,normal,303,0,1782359630.0265334,0.002130746841430664
105158,normal,1538,0,1782359630.0285366,0.002003192901611328
105159,normal,2650,0,1782359630.0303833,0.0018467903137207031
105160,normal,548,0,1782359630.0325594,0.002176046371459961
105161,normal,1583,0,1782359630.034534,0.0019745826721191406
105162,normal,143,0,1782359630.0363781,0.001844167709350586
105163,normal,3055,1,1782359630.0385683,0.002190113067626953
105164,normal,2811,0,1782359630.0405421,0.001973867416381836
105165,normal,1038,0,1782359630.0423815,0.0018393993377685547
105166,normal,2437,0,1782359630.0445566,0.0021750926971435547
105167,normal,1888,0,1782359630.0465343,0.001977682113647461
105168,normal,3291,1,1782359630.0484066,0.0018723011016845703
105169,normal,2721,0,1782359630.0505319,0.002125263214111328
105170,normal,2826,0,1782359630.0525353,0.0020034313201904297
105171,normal,422,0,1782359630.0543776,0.0018422603607177734
105172,normal,2978,0,1782359630.0565312,0.002153635025024414
105173,normal,3206,1,1782359630.0585365,0.002005338668823242
105174,normal,2423,0,1782359630.0604095,0.001873016357421875
105175,normal,669,0,1782359630.0625293,0.002119779586791992
105176,normal,2997,0,1782359630.0645432,0.0020139217376708984
105177,normal,1757,0,1782359630.0663776,0.0018343925476074219
105178,normal,2260,0,1782359630.068525,0.0021474361419677734
105179,normal,1176,0,1782359630.0705419,0.002016782760620117
105180,normal,2813,0,1782359630.0723789,0.001837015151977539
105181,normal,787,2,1782359630.0745285,0.0021495819091796875
105182,normal,2017,0,1782359630.0765321,0.0020036697387695312
105183,normal,381,0,1782359630.0784082,0.0018761157989501953
105184,normal,3283,1,1782359630.0805314,0.002123117446899414
105185,normal,3248,1,1782359630.0825326,0.0020012855529785156
105186,normal,3371,1,1782359630.0844133,0.001880645751953125
105187,normal,1156,0,1782359630.0865319,0.0021185874938964844
105188,normal,1250,0,1782359630.08853,0.0019981861114501953
105189,normal,1436,0,1782359630.0904121,0.0018820762634277344
105190,normal,241,0,1782359630.0925262,0.0021140575408935547
105191,normal,94,0,1782359630.0945342,0.0020079612731933594
105192,normal,2430,0,1782359630.096404,0.0018699169158935547
105193,normal,2720,0,1782359630.0985296,0.0021255016326904297
105194,normal,2800,0,1782359630.1005356,0.002006053924560547
105195,normal,3279,1,1782359630.1024048,0.00186920166015625
105196,normal,1824,0,1782359630.104558,0.002153158187866211
105197,normal,1313,0,1782359630.1067884,0.002230405807495117
105198,normal,3603,0,1782359630.108458,0.0016696453094482422
105199,normal,1091,0,1782359630.1107543,0.0022962093353271484
105200,normal,924,2,1782359630.1124864,0.0017321109771728516
105201,normal,3350,1,1782359630.1145442,0.002057790756225586
105202,normal,572,0,1782359630.116382,0.0018377304077148438
105203,normal,1743,0,1782359630.118566,0.002184152603149414
105204,normal,1805,0,1782359630.120409,0.0018429756164550781
105205,normal,2552,0,1782359630.1227694,0.0023603439331054688
105206,normal,2321,0,1782359630.124401,0.0016317367553710938
105207,normal,1336,1,1782359630.1265426,0.0021414756774902344
105208,normal,1276,0,1782359630.1284065,0.0018639564514160156
105209,normal,82,0,1782359630.1305642,0.0021576881408691406
105210,normal,2433,0,1782359630.1323895,0.0018253326416015625
105211,normal,2868,0,1782359630.1346147,0.002225160598754883
105212,normal,1333,1,1782359630.136562,0.0019474029541015625
105213,normal,1528,0,1782359630.1383815,0.0018193721771240234
105214,normal,1307,0,1782359630.1406164,0.002234935760498047
105215,normal,93,0,1782359630.1425636,0.001947164535522461
105216,normal,2175,0,1782359630.144383,0.0018193721771240234
105217,normal,3015,0,1782359630.1466198,0.0022368431091308594
105218,normal,2632,0,1782359630.1485708,0.001950979232788086
105219,normal,2595,0,1782359630.150385,0.001814126968383789
105220,normal,2170,0,1782359630.1526237,0.002238750457763672
105221,normal,3282,1,1782359630.1545653,0.001941680908203125
105222,normal,1304,0,1782359630.156384,0.0018186569213867188
105223,normal,1894,0,1782359630.1586246,0.0022406578063964844
105224,normal,2899,0,1782359630.1604044,0.001779794692993164
105225,normal,2491,0,1782359630.1625397,0.0021352767944335938
105226,normal,49,0,1782359630.1644044,0.0018646717071533203
105227,normal,67,0,1782359630.1665633,0.0021588802337646484
105228,normal,1905,0,1782359630.1683815,0.0018181800842285156
105229,normal,3061,1,1782359630.1706297,0.0022482872009277344
105230,normal,3647,0,1782359630.1725612,0.0019314289093017578
105231,normal,3353,1,1782359630.1743836,0.0018224716186523438
105232,normal,1240,0,1782359630.1766312,0.0022475719451904297
105233,normal,3191,1,1782359630.1785626,0.0019314289093017578
105234,normal,2906,0,1782359630.1803825,0.0018198490142822266
105235,normal,2809,0,1782359630.1827252,0.002342700958251953
105236,normal,3062,1,1782359630.1844044,0.0016791820526123047
105237,normal,1892,0,1782359630.1865444,0.002140045166015625
105238,normal,1696,0,1782359630.188404,0.0018596649169921875
105239,normal,932,2,1782359630.1905637,0.002159595489501953
105240,normal,2975,0,1782359630.1923826,0.0018188953399658203
105241,normal,3442,0,1782359630.1946392,0.002256631851196289
105242,normal,1595,0,1782359630.196563,0.0019237995147705078
105243,normal,2634,0,1782359630.1983805,0.001817464828491211
105244,normal,1608,0,1782359630.2005553,0.002174854278564453
105245,normal,1370,1,1782359630.2025573,0.0020020008087158203
105246,normal,1228,0,1782359630.2043874,0.0018301010131835938
105247,normal,747,0,1782359630.206645,0.0022575855255126953
105248,normal,1179,0,1782359630.2085593,0.0019142627716064453
105249,normal,305,0,1782359630.210382,0.0018227100372314453
105250,normal,1653,0,1782359630.2126436,0.002261638641357422
105251,normal,2350,0,1782359630.214563,0.0019192695617675781
105252,normal,632,0,1782359630.2163804,0.001817464828491211
105253,normal,2598,0,1782359630.2186472,0.0022668838500976562
105254,normal,3369,1,1782359630.220562,0.0019147396087646484
105255,normal,343,0,1782359630.2223814,0.0018193721771240234
105256,normal,2912,0,1782359630.2246487,0.0022673606872558594
105257,normal,2880,0,1782359630.226569,0.0019202232360839844
105258,normal,3559,0,1782359630.2283816,0.0018126964569091797
105259,normal,2408,0,1782359630.23056,0.0021784305572509766
105260,normal,545,0,1782359630.232561,0.002001047134399414
105261,normal,3102,1,1782359630.2343829,0.001821756362915039
105262,normal,580,0,1782359630.236655,0.0022721290588378906
105263,normal,2657,0,1782359630.2385626,0.0019075870513916016
105264,normal,914,2,1782359630.2403824,0.0018198490142822266
105265,normal,2295,0,1782359630.2426589,0.0022764205932617188
105266,normal,606,0,1782359630.244405,0.0017461776733398438
105267,normal,2229,0,1782359630.2465417,0.002136707305908203
105268,normal,165,0,1782359630.2484145,0.0018727779388427734
105269,normal,490,0,1782359630.250572,0.002157449722290039
105270,normal,35,0,1782359630.2523825,0.0018105506896972656
105271,normal,446,0,1782359630.2543955,0.002012968063354492
105272,normal,3446,0,1782359630.2567003,0.0023047924041748047
105273,normal,992,2,1782359630.2584033,0.001703023910522461
105274,normal,3640,0,1782359630.2603946,0.00199127197265625
105275,normal,1844,0,1782359630.2625,0.0021054744720458984
105276,normal,1574,0,1782359630.2643313,0.0018312931060791016
105277,normal,2018,0,1782359630.26636,0.0020287036895751953
105278,normal,577,0,1782359630.2683694,0.0020093917846679688
105279,normal,1753,0,1782359630.270316,0.0019464492797851562
105280,normal,851,2,1782359630.27236,0.002044200897216797
105281,normal,3695,0,1782359630.2743578,0.001997709274291992
105282,normal,2332,0,1782359630.2763205,0.0019626617431640625
105283,normal,3188,1,1782359630.278361,0.0020406246185302734
105284,normal,179,0,1782359630.2803657,0.0020046234130859375
105285,normal,3404,0,1782359630.2823167,0.001950979232788086
105286,normal,3489,0,1782359630.2843559,0.002039194107055664
105287,normal,2218,0,1782359630.2863677,0.0020117759704589844
105288,normal,931,2,1782359630.2883146,0.0019469261169433594
105289,normal,0,0,1782359630.290355,0.002040386199951172
105290,normal,772,2,1782359630.292364,0.0020089149475097656
105291,normal,3547,0,1782359630.2943199,0.0019559860229492188
105292,normal,1445,0,1782359630.2974038,0.003083944320678711
105293,normal,2616,0,1782359630.2983515,0.0009477138519287109
105294,normal,227,0,1782359630.3003235,0.0019719600677490234
105295,normal,2286,0,1782359630.3023717,0.0020482540130615234
105296,normal,986,2,1782359630.3043723,0.002000570297241211
105297,normal,3407,0,1782359630.3063166,0.0019443035125732422
105298,normal,2565,0,1782359630.3083653,0.0020487308502197266
105299,normal,771,0,1782359630.3103318,0.0019664764404296875
105300,normal,1529,0,1782359630.3123581,0.0020263195037841797
105301,normal,838,2,1782359630.3143668,0.002008676528930664
105302,normal,1689,0,1782359630.3163388,0.0019719600677490234
105303,normal,3474,0,1782359630.3183653,0.0020265579223632812
105304,normal,2914,0,1782359630.3203588,0.001993417739868164
105305,normal,1622,0,1782359630.3223724,0.002013683319091797
105306,normal,498,0,1782359630.3244545,0.0020821094512939453
105307,normal,2548,0,1782359630.3263392,0.0018846988677978516
105308,normal,1364,1,1782359630.3283367,0.0019974708557128906
105309,normal,2043,0,1782359630.330373,0.0020363330841064453
105310,normal,53,0,1782359630.3323371,0.001964092254638672
105311,normal,2890,0,1782359630.334337,0.0019998550415039062
105312,normal,1603,0,1782359630.336347,0.0020101070404052734
105313,normal,2571,0,1782359630.3383374,0.0019903182983398438
105314,normal,1779,0,1782359630.340338,0.002000570297241211
105315,normal,2401,0,1782359630.342612,0.002274036407470703
105316,normal,3211,1,1782359630.344366,0.0017540454864501953
105317,normal,3092,1,1782359630.346402,0.002035856246948242
105318,normal,510,0,1782359630.348342,0.001940011978149414
105319,normal,3688,0,1782359630.3503504,0.0020084381103515625
105320,normal,236,0,1782359630.3524308,0.0020804405212402344
105321,normal,1380,1,1782359630.3544042,0.001973390579223633
105322,normal,3091,1,1782359630.3566413,0.002237081527709961
105323,normal,3610,0,1782359630.3585646,0.0019233226776123047
105324,normal,3671,0,1782359630.3603861,0.0018215179443359375
105325,normal,403,0,1782359630.3626142,0.0022280216217041016
105326,normal,2455,0,1782359630.3645644,0.0019502639770507812
105327,normal,3060,1,1782359630.3663833,0.0018188953399658203
105328,normal,342,0,1782359630.3686163,0.0022330284118652344
105329,normal,589,0,1782359630.3705616,0.0019452571868896484
105330,normal,3109,1,1782359630.3724024,0.001840829849243164
105331,normal,2127,0,1782359630.3746207,0.0022182464599609375
105332,normal,16,0,1782359630.376566,0.0019452571868896484
105333,normal,2077,0,1782359630.378385,0.0018191337585449219
105334,normal,2237,0,1782359630.3804052,0.002020120620727539
105335,normal,3697,0,1782359630.3825672,0.0021619796752929688
105336,normal,1713,0,1782359630.3843853,0.0018181800842285156
105337,normal,1990,0,1782359630.386623,0.002237558364868164
105338,normal,2219,0,1782359630.3885612,0.0019383430480957031
105339,normal,2028,0,1782359630.3903842,0.0018229484558105469
105340,normal,497,0,1782359630.3926198,0.0022356510162353516
105341,normal,1814,0,1782359630.394566,0.0019462108612060547
105342,normal,3556,0,1782359630.396382,0.0018160343170166016
105343,normal,2107,0,1782359630.398628,0.0022459030151367188
105344,normal,1714,0,1782359630.4005582,0.00193023681640625
105345,normal,2666,0,1782359630.4024036,0.0018453598022460938
105346,normal,1667,0,1782359630.4046292,0.002225637435913086
105347,normal,705,0,1782359630.406566,0.0019366741180419922
105348,normal,38,0,1782359630.4083838,0.001817941665649414
105349,normal,2580,0,1782359630.4106321,0.0022482872009277344
105350,normal,1322,1,1782359630.4125621,0.0019299983978271484
105351,normal,642,0,1782359630.4144082,0.0018460750579833984
105352,normal,3662,0,1782359630.4165647,0.002156496047973633
105353,normal,3139,1,1782359630.418564,0.001999378204345703
105354,normal,1034,0,1782359630.420412,0.001847982406616211
105355,normal,2513,0,1782359630.4226396,0.0022275447845458984
105356,normal,558,0,1782359630.4245584,0.001918792724609375
105357,normal,618,0,1782359630.4264061,0.0018477439880371094
105358,normal,2223,0,1782359630.4286385,0.0022323131561279297
105359,normal,768,0,1782359630.4305596,0.0019211769104003906
105360,normal,2216,0,1782359630.4324028,0.0018432140350341797
105361,normal,1842,0,1782359630.4346402,0.0022373199462890625
105362,normal,3653,0,1782359630.4365616,0.0019214153289794922
105363,normal,1737,0,1782359630.4383855,0.0018239021301269531
105364,normal,3549,0,1782359630.440643,0.0022575855255126953
105365,normal,193,0,1782359630.4425614,0.0019183158874511719
105366,normal,1580,0,1782359630.4444048,0.0018434524536132812
105367,normal,2820,0,1782359630.4466462,0.002241373062133789
105368,normal,68,0,1782359630.4485672,0.001920938491821289
105369,normal,511,0,1782359630.450406,0.0018389225006103516
105370,normal,1017,2,1782359630.452651,0.0022449493408203125
105371,normal,1101,0,1782359630.454562,0.0019109249114990234
105372,normal,65,0,1782359630.456401,0.0018391609191894531
105373,normal,3641,0,1782359630.458651,0.0022499561309814453
105374,normal,3093,1,1782359630.460569,0.0019178390502929688
105375,normal,539,0,1782359630.4623816,0.0018126964569091797
105376,normal,3241,1,1782359630.4645565,0.002174854278564453
105377,normal,1500,0,1782359630.4665837,0.002027273178100586
105378,normal,2647,0,1782359630.4683821,0.001798391342163086
105379,normal,590,0,1782359630.4705555,0.0021734237670898438
105380,normal,402,0,1782359630.472561,0.002005338668823242
105381,normal,2150,0,1782359630.4743812,0.0018203258514404297
105382,normal,1441,0,1782359630.4765475,0.002166271209716797
105383,normal,207,0,1782359630.4785762,0.0020287036895751953
105384,normal,3585,0,1782359630.4803832,0.0018069744110107422
105385,normal,2064,0,1782359630.4827094,0.0023262500762939453
105386,normal,125,0,1782359630.4844,0.0016906261444091797
105387,normal,2706,0,1782359630.48654,0.002140045166015625
105388,normal,1416,0,1782359630.4884017,0.001861572265625
105389,normal,30,0,1782359630.4905617,0.0021600723266601562
105390,normal,1326,1,1782359630.4923825,0.0018208026885986328
105391,normal,2785,0,1782359630.4947038,0.0023212432861328125
105392,normal,1860,0,1782359630.4964032,0.0016994476318359375
105393,normal,1470,0,1782359630.4985464,0.0021431446075439453
105394,normal,1813,0,1782359630.5004058,0.001859426498413086
105395,normal,1908,0,1782359630.5024056,0.0019998550415039062
105396,normal,3181,1,1782359630.5047672,0.0023615360260009766
105397,normal,3533,0,1782359630.506405,0.0016379356384277344
105398,normal,913,2,1782359630.5083876,0.001982450485229492
105399,normal,2827,0,1782359630.510375,0.001987457275390625
105400,normal,1149,0,1782359630.5123742,0.0019991397857666016
105401,normal,3261,1,1782359630.5144496,0.0020754337310791016
105402,normal,2137,0,1782359630.5163732,0.0019235610961914062
105403,normal,414,0,1782359630.5183766,0.0020034313201904297
105404,normal,766,0,1782359630.5203736,0.0019969940185546875
105405,normal,3080,1,1782359630.5223765,0.0020029544830322266
105406,normal,529,0,1782359630.5243738,0.001997232437133789
105407,normal,713,0,1782359630.5264878,0.0021140575408935547
105408,normal,1931,0,1782359630.5284004,0.0019125938415527344
105409,normal,2245,0,1782359630.5305161,0.0021157264709472656
105410,normal,2406,0,1782359630.5325365,0.0020203590393066406
105411,normal,200,0,1782359630.5344021,0.0018656253814697266
105412,normal,3331,1,1782359630.5365148,0.0021126270294189453
105413,normal,1675,0,1782359630.5384252,0.0019104480743408203
105414,normal,1015,2,1782359630.5403872,0.001961946487426758
105415,normal,3634,0,1782359630.5423522,0.001965045928955078
105416,normal,940,2,1782359630.5443513,0.0019991397857666016
105417,normal,1302,0,1782359630.5463505,0.0019991397857666016
105418,normal,1732,0,1782359630.5483797,0.0020291805267333984
105419,normal,2011,0,1782359630.5503716,0.0019919872283935547
105420,normal,2692,0,1782359630.5523784,0.0020067691802978516
105421,normal,1948,0,1782359630.5543911,0.0020127296447753906
105422,normal,651,0,1782359630.55648,0.002088785171508789
105423,normal,1136,0,1782359630.5583942,0.0019142627716064453
105424,normal,3668,0,1782359630.560409,0.0020148754119873047
105425,normal,2996,0,1782359630.5624945,0.002085447311401367
105426,normal,2704,0,1782359630.5643513,0.0018568038940429688
105427,normal,129,0,1782359630.566392,0.0020406246185302734
105428,normal,3003,0,1782359630.5684812,0.002089262008666992
105429,normal,3173,1,1782359630.5704186,0.0019373893737792969
105430,normal,1614,0,1782359630.5725243,0.002105712890625
105431,normal,3530,0,1782359630.5745208,0.0019965171813964844
105432,normal,1634,0,1782359630.5764189,0.001898050308227539
105433,normal,1893,0,1782359630.5785258,0.002106904983520508
105434,normal,801,2,1782359630.5805342,0.0020084381103515625
105435,normal,1002,2,1782359630.5824103,0.0018761157989501953
105436,normal,3508,0,1782359630.5845244,0.0021140575408935547
105437,normal,2373,0,1782359630.5865357,0.0020112991333007812
105438,normal,464,0,1782359630.5884056,0.0018699169158935547
105439,normal,1155,0,1782359630.590525,0.002119302749633789
105440,normal,3309,1,1782359630.5925193,0.0019943714141845703
105441,normal,1219,0,1782359630.5944057,0.0018863677978515625
105442,normal,190,0,1782359630.5965233,0.002117633819580078
105443,normal,1300,0,1782359630.5985374,0.00201416015625
105444,normal,1815,0,1782359630.6004071,0.0018696784973144531
105445,normal,1910,0,1782359630.602524,0.0021169185638427734
105446,normal,2802,0,1782359630.6045291,0.0020051002502441406
105447,normal,1306,0,1782359630.6064074,0.0018782615661621094
105448,normal,2447,0,1782359630.6085234,0.002115964889526367
105449,normal,614,0,1782359630.6105185,0.001995086669921875
105450,normal,910,2,1782359630.6123984,0.0018799304962158203
105451,normal,2234,0,1782359630.6144052,0.0020067691802978516
105452,normal,1626,0,1782359630.6165295,0.002124309539794922
105453,normal,1371,1,1782359630.6184063,0.0018768310546875
105454,normal,1668,0,1782359630.620524,0.002117633819580078
105455,normal,2589,0,1782359630.6225386,0.002014636993408203
105456,normal,649,0,1782359630.624407,0.0018684864044189453
105457,normal,699,0,1782359630.6265385,0.0021314620971679688
105458,normal,1520,0,1782359630.6285226,0.001984119415283203
105459,normal,1789,0,1782359630.6304066,0.0018839836120605469
105460,normal,790,2,1782359630.632523,0.0021164417266845703
105461,normal,3652,0,1782359630.634531,0.0020079612731933594
105462,normal,1811,0,1782359630.636407,0.0018758773803710938
105463,normal,2867,0,1782359630.638524,0.002117156982421875
105464,normal,1872,0,1782359630.640534,0.002009868621826172
105465,normal,47,0,1782359630.6424105,0.0018765926361083984
105466,normal,2049,0,1782359630.644523,0.0021123886108398438
105467,normal,1069,0,1782359630.6465223,0.001999378204345703
105468,normal,2577,0,1782359630.6484053,0.0018830299377441406
105469,normal,2443,0,1782359630.6505296,0.002124309539794922
105470,normal,3130,1,1782359630.6525214,0.001991748809814453
105471,normal,1725,0,1782359630.6544118,0.001890420913696289
105472,normal,1822,0,1782359630.6565259,0.0021140575408935547
105473,normal,919,2,1782359630.6585305,0.0020046234130859375
105474,normal,398,0,1782359630.6604078,0.0018773078918457031
105475,normal,475,0,1782359630.662526,0.0021181106567382812
105476,normal,2964,0,1782359630.6645274,0.002001523971557617
105477,normal,135,0,1782359630.6664088,0.0018813610076904297
105478,normal,2774,0,1782359630.6685262,0.0021173954010009766
105479,normal,2126,0,1782359630.6705303,0.0020041465759277344
105480,normal,3569,0,1782359630.6724076,0.0018773078918457031
105481,normal,3185,1,1782359630.6745238,0.0021162033081054688
105482,normal,1604,0,1782359630.6765146,0.001990795135498047
105483,normal,934,2,1782359630.6784072,0.0018925666809082031
105484,normal,1807,0,1782359630.6805353,0.002128124237060547
105485,normal,3507,0,1782359630.6825395,0.0020041465759277344
105486,normal,2675,0,1782359630.68442,0.001880645751953125
105487,normal,3486,0,1782359630.6865263,0.002106189727783203
105488,normal,536,0,1782359630.6885333,0.002007007598876953
105489,normal,2546,0,1782359630.690402,0.0018687248229980469
105490,normal,1486,0,1782359630.6925507,0.0021486282348632812
105491,normal,1359,1,1782359630.6946023,0.0020515918731689453
105492,normal,1609,0,1782359630.6964011,0.001798868179321289
105493,normal,578,0,1782359630.6985538,0.002152681350708008
105494,normal,3205,1,1782359630.7005265,0.001972675323486328
105495,normal,3307,1,1782359630.7025218,0.0019953250885009766
105496,normal,2956,0,1782359630.704459,0.0019371509552001953
105497,normal,3165,1,1782359630.7065535,0.0020945072174072266
105498,normal,2284,0,1782359630.708426,0.0018725395202636719
105499,normal,3252,1,1782359630.7105243,0.0020983219146728516
105500,normal,2375,0,1782359630.7125554,0.002031087875366211
105501,normal,2086,0,1782359630.7144222,0.0018668174743652344
105502,normal,2696,0,1782359630.7165284,0.002106189727783203
105503,normal,364,0,1782359630.7185514,0.002022981643676758
105504,normal,2189,0,1782359630.7204037,0.001852273941040039
105505,normal,248,0,1782359630.722559,0.002155303955078125
105506,normal,2133,0,1782359630.7245028,0.001943826675415039
105507,normal,211,0,1782359630.7264087,0.0019059181213378906
105508,normal,1921,0,1782359630.7285225,0.002113819122314453
105509,normal,2542,0,1782359630.7305455,0.002022981643676758
105510,normal,2741,0,1782359630.7324097,0.0018641948699951172
105511,normal,2958,0,1782359630.7345579,0.002148151397705078
105512,normal,2776,0,1782359630.7365432,0.001985311508178711
105513,normal,1936,0,1782359630.7384048,0.001861572265625
105514,normal,2355,0,1782359630.740558,0.002153158187866211
105515,normal,399,0,1782359630.7425385,0.0019805431365966797
105516,normal,1157,0,1782359630.7444046,0.0018661022186279297
105517,normal,967,2,1782359630.7465556,0.002151012420654297
105518,normal,2749,0,1782359630.7485342,0.001978635787963867
105519,normal,3422,0,1782359630.7505252,0.0019910335540771484
105520,normal,837,2,1782359630.7524486,0.0019233226776123047
105521,normal,2841,0,1782359630.7545469,0.0020983219146728516
105522,normal,2013,0,1782359630.7564032,0.0018563270568847656
105523,normal,1723,0,1782359630.7585564,0.002153158187866211
105524,normal,1834,0,1782359630.7605495,0.0019931793212890625
105525,normal,234,0,1782359630.7624054,0.0018558502197265625
105526,normal,2799,0,1782359630.7645574,0.002151966094970703
105527,normal,2537,0,1782359630.7665007,0.001943349838256836
105528,normal,2743,0,1782359630.7684093,0.0019085407257080078
105529,normal,3678,0,1782359630.7705598,0.0021505355834960938
105530,normal,1160,0,1782359630.7725496,0.0019898414611816406
105531,normal,988,2,1782359630.7744055,0.0018558502197265625
105532,normal,3457,0,1782359630.7765558,0.002150297164916992
105533,normal,1804,0,1782359630.7784984,0.0019426345825195312
105534,normal,724,0,1782359630.7804067,0.0019083023071289062
105535,normal,1025,2,1782359630.7825608,0.002154111862182617
105536,normal,1514,0,1782359630.784536,0.0019750595092773438
105537,normal,1039,0,1782359630.7864058,0.0018699169158935547
105538,normal,863,2,1782359630.7885628,0.002156972885131836
105539,normal,3622,0,1782359630.7904952,0.001932382583618164
105540,normal,542,0,1782359630.7924058,0.0019106864929199219
105541,normal,3202,1,1782359630.7945209,0.002115011215209961
105542,normal,1851,0,1782359630.796536,0.0020151138305664062
105543,normal,2870,0,1782359630.7984054,0.0018694400787353516
105544,normal,3101,1,1782359630.8005607,0.002155303955078125
105545,normal,541,0,1782359630.8025343,0.0019736289978027344
105546,normal,2322,0,1782359630.8044062,0.0018718242645263672
105547,normal,3584,0,1782359630.8065593,0.002153158187866211
105548,normal,2708,0,1782359630.8085434,0.001984119415283203
105549,normal,2346,0,1782359630.81041,0.0018665790557861328
105550,normal,1649,0,1782359630.8125584,0.0021483898162841797
105551,normal,1387,0,1782359630.814487,0.001928567886352539
105552,normal,2586,0,1782359630.8164034,0.0019164085388183594
105553,normal,2722,0,1782359630.8185556,0.0021522045135498047
105554,normal,100,0,1782359630.820529,0.001973390579223633
105555,normal,191,0,1782359630.8225265,0.0019974708557128906
105556,normal,1117,0,1782359630.8244057,0.0018792152404785156
105557,normal,2593,0,1782359630.8265247,0.0021190643310546875
105558,normal,2980,0,1782359630.8285294,0.0020046234130859375
105559,normal,2832,0,1782359630.8304076,0.0018782615661621094
105560,normal,621,0,1782359630.8325183,0.002110719680786133
105561,normal,2761,0,1782359630.8345246,0.0020062923431396484
105562,normal,1095,0,1782359630.8364055,0.0018808841705322266
105563,normal,547,0,1782359630.8385198,0.0021142959594726562
105564,normal,1375,1,1782359630.8405256,0.0020058155059814453
105565,normal,140,0,1782359630.8424037,0.0018780231475830078
105566,normal,1563,0,1782359630.8445268,0.002123117446899414
105567,normal,2744,0,1782359630.846404,0.0018773078918457031
105568,normal,3278,1,1782359630.8485212,0.002117156982421875
105569,normal,3424,0,1782359630.850546,0.0020246505737304688
105570,normal,741,0,1782359630.8524048,0.0018589496612548828
105571,normal,2257,0,1782359630.8545227,0.0021178722381591797
105572,normal,2093,0,1782359630.8565323,0.0020096302032470703
105573,normal,1454,0,1782359630.8585281,0.0019958019256591797
105574,normal,7,0,1782359630.8604145,0.0018863677978515625
105575,normal,815,2,1782359630.8625257,0.002111196517944336
105576,normal,300,0,1782359630.864525,0.001999378204345703
105577,normal,3088,1,1782359630.866406,0.0018808841705322266
105578,normal,1992,0,1782359630.8685246,0.0021185874938964844
105579,normal,2187,0,1782359630.870524,0.001999378204345703
105580,normal,754,0,1782359630.8724046,0.001880645751953125
105581,normal,658,0,1782359630.8745208,0.0021162033081054688
105582,normal,709,0,1782359630.8765235,0.002002716064453125
105583,normal,885,2,1782359630.8784044,0.0018808841705322266
105584,normal,970,2,1782359630.8805223,0.0021178722381591797
105585,normal,865,2,1782359630.8825383,0.0020160675048828125
105586,normal,961,2,1782359630.884406,0.0018677711486816406
105587,normal,1243,0,1782359630.8865206,0.002114534378051758
105588,normal,2360,0,1782359630.8885384,0.0020177364349365234
105589,normal,3402,0,1782359630.8904085,0.0018701553344726562
105590,normal,2829,0,1782359630.8925142,0.002105712890625
105591,normal,288,0,1782359630.8945243,0.0020101070404052734
105592,normal,522,0,1782359630.8964477,0.0019233226776123047
105593,normal,1159,0,1782359630.8991225,0.0026748180389404297
105594,normal,3220,1,1782359630.9003532,0.0012307167053222656
105595,normal,3160,1,1782359630.9024518,0.002098560333251953
105596,normal,1377,1,1782359630.9043725,0.0019207000732421875
105597,normal,1925,0,1782359630.9063857,0.0020132064819335938
105598,normal,567,0,1782359630.9083567,0.001971006393432617
105599,normal,1410,0,1782359630.910403,0.002046346664428711
105600,normal,372,0,1782359630.9123871,0.001984119415283203
105601,normal,3262,1,1782359630.9143662,0.0019791126251220703
105602,normal,2578,0,1782359630.9164047,0.0020384788513183594
105603,normal,841,2,1782359630.9183764,0.001971721649169922
105604,normal,1641,0,1782359630.9203484,0.0019719600677490234
105605,normal,2529,0,1782359630.9223993,0.0020508766174316406
105606,normal,661,0,1782359630.9243748,0.001975536346435547
105607,normal,189,0,1782359630.9263475,0.001972675323486328
105608,normal,2193,0,1782359630.9284139,0.002066373825073242
105609,normal,2299,0,1782359630.9303746,0.00196075439453125
105610,normal,2993,0,1782359630.9323485,0.001973867416381836
105611,normal,3144,1,1782359630.934398,0.0020494461059570312
105612,normal,1075,0,1782359630.9363813,0.0019834041595458984
105613,normal,2251,0,1782359630.9383488,0.0019674301147460938
105614,normal,2402,0,1782359630.9404004,0.0020515918731689453
105615,normal,1452,0,1782359630.9423747,0.001974344253540039
105616,normal,470,0,1782359630.944348,0.001973390579223633
105617,normal,1927,0,1782359630.9464068,0.002058744430541992
105618,normal,2949,0,1782359630.948375,0.0019681453704833984
105619,normal,1329,1,1782359630.950349,0.0019741058349609375
105620,normal,281,0,1782359630.952408,0.0020589828491210938
105621,normal,805,2,1782359630.9543793,0.0019712448120117188
105622,normal,41,0,1782359630.9563482,0.001968860626220703
105623,normal,1068,0,1782359630.9584084,0.0020601749420166016
105624,normal,726,0,1782359630.960378,0.001969575881958008
105625,normal,1762,0,1782359630.9623523,0.001974344253540039
105626,normal,2025,0,1782359630.9643953,0.002043008804321289
105627,normal,78,0,1782359630.9663818,0.0019865036010742188
105628,normal,930,2,1782359630.9683478,0.0019659996032714844
105629,normal,696,0,1782359630.9704072,0.002059459686279297
105630,normal,1647,0,1782359630.9723747,0.0019674301147460938
105631,normal,3648,0,1782359630.9743521,0.0019774436950683594
105632,normal,3184,1,1782359630.9764066,0.002054452896118164
105633,normal,2029,0,1782359630.978368,0.0019614696502685547
105634,normal,1854,0,1782359630.9803483,0.001980304718017578
105635,normal,1042,0,1782359630.9823759,0.0020275115966796875
105636,normal,112,0,1782359630.9843743,0.001998424530029297
105637,normal,2648,0,1782359630.9863489,0.0019745826721191406
105638,normal,1483,0,1782359630.9884083,0.002059459686279297
105639,normal,109,0,1782359630.9903736,0.0019652843475341797
105640,normal,437,0,1782359630.9923482,0.0019745826721191406
105641,normal,1356,1,1782359630.9944081,0.0020599365234375
105642,normal,616,0,1782359630.9963744,0.001966238021850586
105643,normal,438,0,1782359630.9983487,0.001974344253540039
105644,normal,1712,0,1782359631.0004072,0.0020585060119628906
105645,normal,3488,0,1782359631.0023751,0.001967906951904297
105646,normal,1241,0,1782359631.0043523,0.001977205276489258
105647,normal,3358,1,1782359631.0064158,0.0020635128021240234
105648,normal,2282,0,1782359631.0083733,0.001957416534423828
105649,normal,3,0,1782359631.0103488,0.001975536346435547
105650,normal,3299,1,1782359631.012406,0.002057313919067383
105651,normal,1530,0,1782359631.0143745,0.0019683837890625
105652,normal,1057,0,1782359631.0163512,0.0019767284393310547
105653,normal,969,2,1782359631.0184066,0.0020554065704345703
105654,normal,728,0,1782359631.0203743,0.0019676685333251953
105655,normal,1745,0,1782359631.0223477,0.001973390579223633
105656,normal,505,0,1782359631.0244155,0.0020678043365478516
105657,normal,1576,0,1782359631.026374,0.001958608627319336
105658,normal,921,2,1782359631.0283425,0.0019683837890625
105659,normal,108,0,1782359631.0304072,0.0020647048950195312
105660,normal,546,0,1782359631.0323822,0.0019750595092773438
105661,normal,655,0,1782359631.0343473,0.001965045928955078
105662,normal,3599,0,1782359631.036409,0.002061605453491211
105663,normal,1341,1,1782359631.0383759,0.0019669532775878906
105664,normal,2838,0,1782359631.0403495,0.0019736289978027344
105665,normal,1309,0,1782359631.0424101,0.0020606517791748047
105666,normal,2559,0,1782359631.0443854,0.0019752979278564453
105667,normal,3319,1,1782359631.04635,0.001964569091796875
105668,normal,3562,0,1782359631.0484083,0.002058267593383789
105669,normal,2745,0,1782359631.0503745,0.001966238021850586
105670,normal,3372,1,1782359631.0523486,0.0019741058349609375
105671,normal,1049,0,1782359631.0544262,0.0020775794982910156
105672,normal,628,0,1782359631.0563664,0.0019402503967285156
105673,normal,3460,0,1782359631.0583673,0.0020008087158203125
105674,normal,1611,0,1782359631.060412,0.002044677734375
105675,normal,2253,0,1782359631.0623932,0.0019812583923339844
105676,normal,794,2,1782359631.0643764,0.001983165740966797
105677,normal,2669,0,1782359631.066414,0.0020377635955810547
105678,normal,21,0,1782359631.0683668,0.0019526481628417969
105679,normal,1082,0,1782359631.0703647,0.0019979476928710938
105680,normal,1031,0,1782359631.0724168,0.0020520687103271484
105681,normal,2161,0,1782359631.0743635,0.0019466876983642578
105682,normal,2686,0,1782359631.076365,0.002001523971557617
105683,normal,1147,0,1782359631.0785613,0.0021963119506835938
105684,normal,2059,0,1782359631.0804057,0.0018444061279296875
105685,normal,3118,1,1782359631.0825386,0.002132892608642578
105686,normal,3072,1,1782359631.0845263,0.0019876956939697266
105687,normal,197,0,1782359631.0865242,0.0019979476928710938
105688,normal,727,0,1782359631.0884042,0.0018799304962158203
105689,normal,2442,0,1782359631.0905073,0.002103090286254883
105690,normal,3274,1,1782359631.0925221,0.0020148754119873047
105691,normal,302,0,1782359631.0944052,0.0018830299377441406
105692,normal,245,0,1782359631.096511,0.002105712890625
105693,normal,2903,0,1782359631.0985272,0.002016305923461914
105694,normal,2505,0,1782359631.1004066,0.0018794536590576172
105695,normal,347,0,1782359631.1025105,0.0021038055419921875
105696,normal,1011,2,1782359631.1045275,0.0020170211791992188
105697,normal,3004,0,1782359631.106405,0.0018775463104248047
105698,normal,2020,0,1782359631.10851,0.0021049976348876953
105699,normal,1601,0,1782359631.1105256,0.0020155906677246094
105700,normal,1946,0,1782359631.112406,0.0018804073333740234
105701,normal,3097,1,1782359631.1144729,0.0020668506622314453
105702,normal,341,0,1782359631.116517,0.002044200897216797
105703,normal,3035,0,1782359631.1184072,0.0018901824951171875
105704,normal,2965,0,1782359631.1205077,0.0021004676818847656
105705,normal,1555,0,1782359631.1224113,0.001903533935546875
105706,normal,3537,0,1782359631.1245246,0.00211334228515625
105707,normal,89,0,1782359631.1265082,0.001983642578125
105708,normal,70,0,1782359631.1284208,0.0019125938415527344
105709,normal,1817,0,1782359631.130525,0.0021042823791503906
105710,normal,1928,0,1782359631.1325097,0.0019845962524414062
105711,normal,2815,0,1782359631.134406,0.0018963813781738281
105712,normal,1790,0,1782359631.1365252,0.0021190643310546875
105713,normal,3016,0,1782359631.1385098,0.0019845962524414062
105714,normal,1996,0,1782359631.1405258,0.0020160675048828125
105715,normal,2470,0,1782359631.1424081,0.001882314682006836
105716,normal,306,0,1782359631.1445074,0.002099275588989258
105717,normal,2334,0,1782359631.1464055,0.001898050308227539
105718,normal,3254,1,1782359631.1485267,0.0021212100982666016
105719,normal,2990,0,1782359631.1505191,0.001992464065551758
105720,normal,715,0,1782359631.1525378,0.0020186901092529297
105721,normal,3328,1,1782359631.154407,0.00186920166015625
105722,normal,718,0,1782359631.1565003,0.0020933151245117188
105723,normal,2309,0,1782359631.158526,0.002025604248046875
105724,normal,336,0,1782359631.1604068,0.0018808841705322266
105725,normal,2878,0,1782359631.1625175,0.002110719680786133
105726,normal,803,2,1782359631.1645267,0.002009153366088867
105727,normal,2770,0,1782359631.1664052,0.001878499984741211
105728,normal,3153,1,1782359631.168496,0.0020906925201416016
105729,normal,3238,1,1782359631.1705267,0.0020308494567871094
105730,normal,1261,0,1782359631.1724064,0.0018796920776367188
105731,normal,2699,0,1782359631.1745028,0.002096414566040039
105732,normal,3426,0,1782359631.176406,0.0019030570983886719
105733,normal,3204,1,1782359631.1785252,0.002119302749633789
105734,normal,2464,0,1782359631.1805038,0.001978635787963867
105735,normal,2220,0,1782359631.182526,0.002022266387939453
105736,normal,1154,0,1782359631.1844065,0.0018804073333740234
105737,normal,676,0,1782359631.1864974,0.002090930938720703
105738,normal,2740,0,1782359631.1885266,0.0020291805267333984
105739,normal,2263,0,1782359631.1904135,0.0018868446350097656
105740,normal,2659,0,1782359631.1924992,0.0020856857299804688
105741,normal,91,0,1782359631.194527,0.002027750015258789
105742,normal,1044,0,1782359631.1964061,0.0018792152404785156
105743,normal,105,0,1782359631.1985111,0.0021049976348876953
105744,normal,3082,1,1782359631.2005386,0.0020275115966796875
105745,normal,1084,0,1782359631.2024043,0.0018656253814697266
105746,normal,1887,0,1782359631.2045047,0.0021004676818847656
105747,normal,62,0,1782359631.2064087,0.0019040107727050781
105748,normal,3616,0,1782359631.2085254,0.002116680145263672
105749,normal,371,0,1782359631.2105167,0.00199127197265625
105750,normal,3687,0,1782359631.2125263,0.0020096302032470703
105751,normal,2159,0,1782359631.214407,0.001880645751953125
105752,normal,2509,0,1782359631.2165067,0.002099752426147461
105753,normal,1553,0,1782359631.2185247,0.002017974853515625
105754,normal,1775,0,1782359631.2204053,0.001880645751953125
105755,normal,1314,0,1782359631.2224987,0.0020933151245117188
105756,normal,1947,0,1782359631.224527,0.002028226852416992
105757,normal,1900,0,1782359631.2264078,0.0018808841705322266
105758,normal,751,0,1782359631.228515,0.0021071434020996094
105759,normal,3246,1,1782359631.2305267,0.0020117759704589844
105760,normal,3445,0,1782359631.2324064,0.0018796920776367188
105761,normal,2723,0,1782359631.2345166,0.0021102428436279297
105762,normal,1184,0,1782359631.236404,0.0018873214721679688
105763,normal,3099,1,1782359631.238525,0.0021209716796875
105764,normal,1028,2,1782359631.2405393,0.0020143985748291016
105765,normal,327,0,1782359631.2425263,0.001986980438232422
105766,normal,2040,0,1782359631.244407,0.001880645751953125
105767,normal,1221,0,1782359631.246522,0.002115011215209961
105768,normal,2763,0,1782359631.2485237,0.0020017623901367188
105769,normal,340,0,1782359631.2504053,0.0018815994262695312
105770,normal,1282,0,1782359631.2525084,0.002103090286254883
105771,normal,1029,2,1782359631.254419,0.0019106864929199219
105772,normal,1788,0,1782359631.256525,0.0021059513092041016
105773,normal,3182,1,1782359631.2586389,0.002113819122314453
105774,normal,3433,0,1782359631.2605267,0.0018877983093261719
105775,normal,2926,0,1782359631.2624059,0.0018792152404785156
105776,normal,3108,1,1782359631.2644663,0.002060413360595703
105777,normal,911,2,1782359631.266526,0.0020596981048583984
105778,normal,183,0,1782359631.2684066,0.001880645751953125
105779,normal,3311,1,1782359631.270511,0.0021042823791503906
105780,normal,1845,0,1782359631.272528,0.0020170211791992188
105781,normal,569,0,1782359631.2744064,0.001878499984741211
105782,normal,1054,0,1782359631.276501,0.0020945072174072266
105783,normal,1317,0,1782359631.278544,0.002043008804321289
105784,normal,1048,0,1782359631.2804093,0.001865386962890625
105785,normal,132,0,1782359631.282518,0.0021085739135742188
105786,normal,1339,1,1782359631.2845263,0.0020084381103515625
105787,normal,69,0,1782359631.2864068,0.0018804073333740234
105788,normal,2701,0,1782359631.288513,0.002106189727783203
105789,normal,126,0,1782359631.290408,0.0018949508666992188
105790,normal,2664,0,1782359631.2925262,0.002118349075317383
105791,normal,392,0,1782359631.294517,0.001990795135498047
105792,normal,2272,0,1782359631.2965274,0.002010345458984375
105793,normal,280,0,1782359631.298408,0.001880645751953125
105794,normal,2102,0,1782359631.3005037,0.0020956993103027344
105795,normal,2333,0,1782359631.3024073,0.001903533935546875
105796,normal,2297,0,1782359631.304526,0.002118825912475586
105797,normal,428,0,1782359631.306506,0.001979827880859375
105798,normal,3629,0,1782359631.3084083,0.0019023418426513672
105799,normal,2249,0,1782359631.310525,0.002116680145263672
105800,normal,2255,0,1782359631.3125215,0.0019965171813964844
105801,normal,1378,1,1782359631.3145263,0.002004861831665039
105802,normal,262,0,1782359631.3164084,0.0018820762634277344
105803,normal,1318,0,1782359631.3185797,0.0021712779998779297
105804,normal,3517,0,1782359631.3204079,0.0018281936645507812
105805,normal,1450,0,1782359631.3225257,0.0021178722381591797
105806,normal,52,0,1782359631.3245008,0.0019750595092773438
105807,normal,3704,0,1782359631.3265269,0.002026081085205078
105808,normal,855,2,1782359631.328407,0.0018801689147949219
105809,normal,2973,0,1782359631.3304598,0.002052783966064453
105810,normal,3403,0,1782359631.3325264,0.0020666122436523438
105811,normal,3157,1,1782359631.334407,0.001880645751953125
105812,normal,1711,0,1782359631.3365033,0.0020961761474609375
105813,normal,3169,1,1782359631.3385267,0.002023458480834961
105814,normal,806,2,1782359631.340406,0.0018792152404785156
105815,normal,897,2,1782359631.342571,0.002165079116821289
105816,normal,2796,0,1782359631.34444,0.0018689632415771484
105817,normal,1911,0,1782359631.3465743,0.0021343231201171875
105818,normal,1431,0,1782359631.3485737,0.001999378204345703
105819,normal,1825,0,1782359631.350514,0.0019402503967285156
105820,normal,3014,0,1782359631.352433,0.0019190311431884766
105821,normal,1806,0,1782359631.3543959,0.001962900161743164
105822,normal,562,0,1782359631.356479,0.0020830631256103516
105823,normal,1682,0,1782359631.3583832,0.0019042491912841797
105824,normal,72,0,1782359631.3605628,0.0021796226501464844
105825,normal,1417,0,1782359631.362363,0.0018002986907958984
105826,normal,3574,0,1782359631.365016,0.002652883529663086
105827,normal,2303,0,1782359631.366535,0.0015189647674560547
105828,normal,1588,0,1782359631.368538,0.0020029544830322266
105829,normal,2943,0,1782359631.37041,0.0018720626831054688
105830,normal,2156,0,1782359631.3725624,0.0021524429321289062
105831,normal,684,0,1782359631.3743975,0.0018351078033447266
105832,normal,443,0,1782359631.376567,0.002169370651245117
105833,normal,1383,0,1782359631.37851,0.0019431114196777344
105834,normal,640,0,1782359631.3805234,0.0020134449005126953
105835,normal,1263,0,1782359631.3824365,0.0019130706787109375
105836,normal,1670,0,1782359631.3845606,0.0021240711212158203
105837,normal,1348,1,1782359631.3864024,0.0018417835235595703
105838,normal,1272,0,1782359631.388562,0.002159595489501953
105839,normal,328,0,1782359631.3905125,0.0019505023956298828
105840,normal,3699,0,1782359631.3925257,0.0020132064819335938
105841,normal,2099,0,1782359631.3944438,0.0019180774688720703
105842,normal,2162,0,1782359631.3965728,0.002129077911376953
105843,normal,232,0,1782359631.398398,0.001825094223022461
105844,normal,113,0,1782359631.4005606,0.0021626949310302734
105845,normal,1478,0,1782359631.402512,0.001951456069946289
105846,normal,322,0,1782359631.4045463,0.0020341873168945312
105847,normal,3421,0,1782359631.406443,0.0018968582153320312
105848,normal,1856,0,1782359631.408561,0.0021178722381591797
105849,normal,624,0,1782359631.410395,0.0018339157104492188
105850,normal,3532,0,1782359631.41256,0.002165079116821289
105851,normal,1985,0,1782359631.4145167,0.0019567012786865234
105852,normal,1497,0,1782359631.416532,0.002015352249145508
105853,normal,2591,0,1782359631.4184377,0.001905679702758789
105854,normal,2953,0,1782359631.4205604,0.002122640609741211
105855,normal,1321,1,1782359631.4224176,0.0018572807312011719
105856,normal,2296,0,1782359631.4245596,0.0021419525146484375
105857,normal,2730,0,1782359631.4265172,0.0019576549530029297
105858,normal,2767,0,1782359631.4285183,0.002001047134399414
105859,normal,635,0,1782359631.430494,0.0019757747650146484
105860,normal,1130,0,1782359631.4325275,0.0020334720611572266
105861,normal,2039,0,1782359631.4344747,0.001947164535522461
105862,normal,2625,0,1782359631.4365222,0.0020475387573242188
105863,normal,1236,0,1782359631.4384713,0.0019490718841552734
105864,normal,1561,0,1782359631.440569,0.002097606658935547
105865,normal,1687,0,1782359631.4424005,0.0018315315246582031
105866,normal,3546,0,1782359631.4445243,0.0021238327026367188
105867,normal,209,0,1782359631.4464743,0.0019500255584716797
105868,normal,905,2,1782359631.4485235,0.0020492076873779297
105869,normal,691,0,1782359631.4504766,0.001953125
105870,normal,813,2,1782359631.452571,0.002094268798828125
105871,normal,3294,1,1782359631.4544024,0.0018315315246582031
105872,normal,2327,0,1782359631.4565244,0.0021219253540039062
105873,normal,3104,1,1782359631.4584684,0.0019440650939941406
105874,normal,3472,0,1782359631.4605234,0.002054929733276367
105875,normal,2615,0,1782359631.4624894,0.0019659996032714844
105876,normal,1572,0,1782359631.4645748,0.002085447311401367
105877,normal,2167,0,1782359631.4663997,0.0018248558044433594
105878,normal,1167,0,1782359631.4685237,0.0021240711212158203
105879,normal,3256,1,1782359631.4704704,0.0019466876983642578
105880,normal,2206,0,1782359631.4725218,0.0020513534545898438
105881,normal,3234,1,1782359631.4744956,0.001973867416381836
105882,normal,3630,0,1782359631.4765775,0.0020818710327148438
105883,normal,2515,0,1782359631.478402,0.0018243789672851562
105884,normal,1502,0,1782359631.4805224,0.002120494842529297
105885,normal,2678,0,1782359631.4824686,0.0019462108612060547
105886,normal,1945,0,1782359631.4844728,0.0020041465759277344
105887,normal,137,0,1782359631.4867475,0.002274751663208008
105888,normal,1294,0,1782359631.4885995,0.0018520355224609375
105889,normal,1605,0,1782359631.4909346,0.002335071563720703
105890,normal,1081,0,1782359631.4925904,0.0016558170318603516
105891,normal,391,0,1782359631.4944503,0.001859903335571289
105892,normal,2961,0,1782359631.4965348,0.002084493637084961
105893,normal,1388,0,1782359631.498354,0.0018191337585449219
105894,normal,2292,0,1782359631.5003042,0.0019502639770507812
105895,normal,717,0,1782359631.5024128,0.0021085739135742188
105896,normal,2584,0,1782359631.5044124,0.0019996166229248047
105897,normal,1889,0,1782359631.5063605,0.0019481182098388672
105898,normal,2930,0,1782359631.508419,0.0020585060119628906
105899,normal,1871,0,1782359631.5103858,0.001966714859008789
105900,normal,1485,0,1782359631.512565,0.0021791458129882812
105901,normal,2777,0,1782359631.5145485,0.001983642578125
105902,normal,2394,0,1782359631.5166123,0.002063751220703125
105903,normal,1227,0,1782359631.518738,0.0021257400512695312
105904,normal,1620,0,1782359631.520488,0.0017499923706054688
105905,normal,3078,1,1782359631.522601,0.002112865447998047
105906,normal,3135,1,1782359631.5244775,0.0018765926361083984
105907,normal,1873,0,1782359631.5265756,0.00209808349609375
105908,normal,2116,0,1782359631.5285664,0.001990795135498047
105909,normal,3583,0,1782359631.5304854,0.0019190311431884766
105910,normal,1424,0,1782359631.5325668,0.0020813941955566406
105911,normal,716,0,1782359631.5344968,0.0019299983978271484
105912,normal,2567,0,1782359631.5364618,0.001965045928955078
105913,normal,1765,0,1782359631.5384662,0.002004384994506836
105914,normal,1446,0,1782359631.5404627,0.0019965171813964844
105915,normal,3681,0,1782359631.5423605,0.0018978118896484375
105916,normal,64,0,1782359631.5444822,0.0021216869354248047
105917,normal,1999,0,1782359631.5471287,0.0026464462280273438
105918,normal,566,0,1782359631.54854,0.00141143798828125
105919,normal,417,0,1782359631.550625,0.002084970474243164
105920,normal,3203,1,1782359631.5525334,0.0019083023071289062
105921,normal,330,0,1782359631.5544345,0.0019011497497558594
105922,normal,2516,0,1782359631.5565913,0.0021567344665527344
105923,normal,3469,0,1782359631.5585723,0.001981019973754883
105924,normal,906,2,1782359631.560362,0.0017898082733154297
105925,normal,1224,0,1782359631.5624847,0.002122640609741211
105926,normal,1126,0,1782359631.5644345,0.0019497871398925781
105927,normal,316,0,1782359631.5664878,0.0020532608032226562
105928,normal,103,0,1782359631.5684717,0.0019838809967041016
105929,normal,2072,0,1782359631.5705707,0.0020990371704101562
105930,normal,3649,0,1782359631.572419,0.0018482208251953125
105931,normal,488,0,1782359631.5745275,0.0021085739135742188
105932,normal,981,2,1782359631.5765755,0.002048015594482422
105933,normal,3152,1,1782359631.5784624,0.0018868446350097656
105934,normal,2501,0,1782359631.5804806,0.0020182132720947266
105935,normal,2977,0,1782359631.5826066,0.002125978469848633
105936,normal,939,2,1782359631.5843673,0.001760721206665039
105937,normal,944,2,1782359631.5864756,0.002108335494995117
105938,normal,688,0,1782359631.5884738,0.0019981861114501953
105939,normal,2644,0,1782359631.5904202,0.0019464492797851562
105940,normal,1357,1,1782359631.592643,0.002222776412963867
105941,normal,3373,1,1782359631.5946178,0.001974821090698242
105942,normal,3409,0,1782359631.596399,0.0017812252044677734
105943,normal,333,0,1782359631.598488,0.0020890235900878906
105944,normal,1982,0,1782359631.600599,0.0021109580993652344
105945,normal,481,0,1782359631.6024575,0.0018584728240966797
105946,normal,289,0,1782359631.6045458,0.002088308334350586
105947,normal,3154,1,1782359631.6065495,0.0020036697387695312
105948,normal,1638,0,1782359631.6085184,0.001968860626220703
105949,normal,247,0,1782359631.6106248,0.0021064281463623047
105950,normal,1402,0,1782359631.6126347,0.002009868621826172
105951,normal,2199,0,1782359631.6145906,0.0019559860229492188
105952,normal,575,0,1782359631.6166027,0.002012014389038086
105953,normal,626,0,1782359631.618643,0.002040386199951172
105954,normal,3701,0,1782359631.6206114,0.0019683837890625
105955,normal,1315,0,1782359631.6225417,0.00193023681640625
105956,normal,3418,0,1782359631.6245546,0.002012968063354492
105957,normal,1404,0,1782359631.6264524,0.0018978118896484375
105958,normal,329,0,1782359631.6285439,0.0020914077758789062
105959,normal,331,0,1782359631.6305761,0.0020322799682617188
105960,normal,956,2,1782359631.6325033,0.0019271373748779297
105961,normal,2285,0,1782359631.634443,0.0019397735595703125
105962,normal,2855,0,1782359631.6365354,0.0020923614501953125
105963,normal,2165,0,1782359631.6384418,0.0019063949584960938
105964,normal,1774,0,1782359631.6406515,0.0022096633911132812
105965,normal,1678,0,1782359631.6425579,0.0019063949584960938
105966,normal,95,0,1782359631.6445243,0.0019664764404296875
105967,normal,252,0,1782359631.6467204,0.002196073532104492
105968,normal,1170,0,1782359631.6484122,0.0016918182373046875
105969,normal,1596,0,1782359631.6505542,0.0021419525146484375
105970,normal,2483,0,1782359631.6524615,0.0019073486328125
105971,normal,1090,0,1782359631.65455,0.0020885467529296875
105972,normal,951,2,1782359631.6565528,0.002002716064453125
105973,normal,3632,0,1782359631.6584935,0.0019407272338867188
105974,normal,1877,0,1782359631.661575,0.0030815601348876953
105975,normal,231,0,1782359631.6624663,0.0008912086486816406
105976,normal,3560,0,1782359631.6645584,0.002092123031616211
105977,normal,2003,0,1782359631.666568,0.0020096302032470703
105978,normal,1958,0,1782359631.6684766,0.0019085407257080078
105979,normal,1983,0,1782359631.67055,0.002073526382446289
105980,normal,3484,0,1782359631.6725442,0.0019941329956054688
105981,normal,739,0,1782359631.6744127,0.0018684864044189453
105982,normal,1546,0,1782359631.6764696,0.0020568370819091797
105983,normal,1194,0,1782359631.678704,0.0022344589233398438
105984,normal,3164,1,1782359631.6804147,0.001710653305053711
105985,normal,3345,1,1782359631.6825383,0.002123594284057617
105986,normal,3673,0,1782359631.6845465,0.002008199691772461
105987,normal,912,2,1782359631.6863966,0.001850128173828125
105988,normal,2033,0,1782359631.6886036,0.002207040786743164
105989,normal,2557,0,1782359631.6905959,0.0019922256469726562
105990,normal,936,2,1782359631.6924658,0.0018699169158935547
105991,normal,2792,0,1782359631.6943982,0.001932382583618164
105992,normal,128,0,1782359631.6968422,0.002444028854370117
105993,normal,774,2,1782359631.6984305,0.0015883445739746094
105994,normal,2275,0,1782359631.7003717,0.0019412040710449219
105995,normal,3117,1,1782359631.7024264,0.0020546913146972656
105996,normal,764,0,1782359631.7044618,0.002035379409790039
105997,normal,1464,0,1782359631.7064989,0.00203704833984375
105998,normal,1027,2,1782359631.7084718,0.0019729137420654297
105999,normal,235,0,1782359631.710452,0.001980304718017578
106000,normal,325,0,1782359631.7124593,0.0020072460174560547
106001,normal,275,0,1782359631.7144747,0.002015352249145508
106002,normal,2487,0,1782359631.7164214,0.0019466876983642578
106003,normal,2608,0,1782359631.7184687,0.002047300338745117
106004,normal,2925,0,1782359631.7204416,0.0019729137420654297
106005,normal,2920,0,1782359631.7224646,0.002022981643676758
106006,normal,3025,0,1782359631.7244096,0.0019450187683105469
106007,normal,1560,0,1782359631.7265038,0.002094268798828125
106008,normal,789,2,1782359631.7284784,0.0019745826721191406
106009,normal,2962,0,1782359631.7304616,0.001983165740966797
106010,normal,1759,0,1782359631.7325041,0.002042531967163086
106011,normal,975,2,1782359631.7344174,0.001913309097290039
106012,normal,588,0,1782359631.7364612,0.0020437240600585938
106013,normal,3215,1,1782359631.7384577,0.0019965171813964844
106014,normal,3018,0,1782359631.7404578,0.002000093460083008
106015,normal,3163,1,1782359631.7423897,0.001931905746459961
106016,normal,2717,0,1782359631.7446198,0.0022301673889160156
106017,normal,1077,0,1782359631.74652,0.0019001960754394531
106018,normal,221,0,1782359631.7485507,0.002030611038208008
106019,normal,2794,0,1782359631.7505465,0.0019958019256591797
106020,normal,1953,0,1782359631.7524548,0.0019083023071289062
106021,normal,1366,1,1782359631.7545457,0.002090930938720703
106022,normal,1288,0,1782359631.7565403,0.001994609832763672
106023,normal,379,0,1782359631.7584796,0.0019392967224121094
106024,normal,1235,0,1782359631.7606115,0.002131938934326172
106025,normal,1433,0,1782359631.7626894,0.002077817916870117
106026,normal,465,0,1782359631.764479,0.0017895698547363281
106027,normal,3667,0,1782359631.7664754,0.0019965171813964844
106028,normal,3037,0,1782359631.7685337,0.002058267593383789
106029,normal,3646,0,1782359631.7704463,0.0019125938415527344
106030,normal,1674,0,1782359631.7725348,0.0020885467529296875
106031,normal,2633,0,1782359631.7744873,0.0019524097442626953
106032,normal,3620,0,1782359631.7764633,0.00197601318359375
106033,normal,85,0,1782359631.7785082,0.0020449161529541016
106034,normal,1222,0,1782359631.7805743,0.0020661354064941406
106035,normal,524,0,1782359631.7826023,0.0020279884338378906
106036,normal,1998,0,1782359631.7845957,0.001993417739868164
106037,normal,1915,0,1782359631.7866025,0.0020067691802978516
106038,normal,1266,0,1782359631.7884557,0.0018532276153564453
106039,normal,1114,0,1782359631.7907174,0.002261638641357422
106040,normal,2673,0,1782359631.7925057,0.0017883777618408203
106041,normal,440,0,1782359631.794362,0.0018563270568847656
106042,normal,2848,0,1782359631.7965252,0.0021631717681884766
106043,normal,273,0,1782359631.7984965,0.0019712448120117188
106044,normal,1773,0,1782359631.8004062,0.0019097328186035156
106045,normal,2969,0,1782359631.8025732,0.0021669864654541016
106046,normal,450,0,1782359631.8045013,0.001928091049194336
106047,normal,2869,0,1782359631.8064399,0.0019385814666748047
106048,normal,1097,0,1782359631.808533,0.002093076705932617
106049,normal,1319,1,1782359631.8105593,0.0020263195037841797
106050,normal,3581,0,1782359631.8129873,0.0024280548095703125
106051,normal,997,2,1782359631.8145273,0.0015399456024169922
106052,normal,1761,0,1782359631.816507,0.001979827880859375
106053,normal,2907,0,1782359631.8184466,0.001939535140991211
106054,normal,3151,1,1782359631.8205473,0.002100706100463867
106055,normal,3143,1,1782359631.822533,0.0019855499267578125
106056,normal,695,0,1782359631.8246446,0.002111673355102539
106057,normal,167,0,1782359631.8264084,0.0017638206481933594
106058,normal,3260,1,1782359631.828553,0.0021445751190185547
106059,normal,3430,0,1782359631.830386,0.0018329620361328125
106060,normal,2769,0,1782359631.832557,0.002171039581298828
106061,normal,2576,0,1782359631.8345098,0.0019528865814208984
106062,normal,3023,0,1782359631.836558,0.0020482540130615234
106063,normal,1664,0,1782359631.8385663,0.002008199691772461
106064,normal,2265,0,1782359631.8405437,0.0019774436950683594
106065,normal,401,0,1782359631.842509,0.0019652843475341797
106066,normal,301,0,1782359631.8446493,0.0021402835845947266
106067,normal,3210,1,1782359631.8465092,0.001859903335571289
106068,normal,1573,0,1782359631.8486464,0.0021371841430664062
106069,normal,1768,0,1782359631.850537,0.0018906593322753906
106070,normal,532,0,1782359631.8525152,0.001978158950805664
106071,normal,309,0,1782359631.8545957,0.0020804405212402344
106072,normal,2238,0,1782359631.856733,0.002137422561645508
106073,normal,297,0,1782359631.8584454,0.0017123222351074219
106074,normal,667,0,1782359631.860456,0.0020105838775634766
106075,normal,1438,0,1782359631.8624504,0.0019943714141845703
106076,normal,1962,0,1782359631.8644354,0.0019850730895996094
106077,normal,701,0,1782359631.866457,0.0020215511322021484
106078,normal,2983,0,1782359631.8684485,0.0019915103912353516
106079,normal,455,0,1782359631.8704052,0.0019567012786865234
106080,normal,3553,0,1782359631.8724525,0.002047300338745117
106081,normal,2711,0,1782359631.8746045,0.002151966094970703
106082,normal,670,0,1782359631.8765738,0.0019693374633789062
106083,normal,250,0,1782359631.8785262,0.0019524097442626953
106084,normal,1599,0,1782359631.8805337,0.0020074844360351562
106085,normal,134,0,1782359631.8825212,0.001987457275390625
106086,normal,600,0,1782359631.8844874,0.001966238021850586
106087,normal,1840,0,1782359631.8866208,0.0021333694458007812
106088,normal,2671,0,1782359631.8885384,0.0019176006317138672
106089,normal,1786,0,1782359631.8904507,0.0019123554229736328
106090,normal,3166,1,1782359631.8925526,0.002101898193359375
106091,normal,1799,0,1782359631.8944886,0.0019359588623046875
106092,normal,18,0,1782359631.8964562,0.0019676685333251953
106093,normal,1089,0,1782359631.898459,0.002002716064453125
106094,normal,3107,1,1782359631.9004977,0.002038717269897461
106095,normal,335,0,1782359631.9025455,0.0020477771759033203
106096,normal,496,0,1782359631.9044924,0.0019469261169433594
106097,normal,3349,1,1782359631.9065628,0.0020704269409179688
106098,normal,2687,0,1782359631.908455,0.00189208984375
106099,normal,2915,0,1782359631.9104755,0.002020597457885742
106100,normal,3387,1,1782359631.9124722,0.001996755599975586
106101,normal,3010,0,1782359631.914449,0.0019767284393310547
106102,normal,1966,0,1782359631.916337,0.0018880367279052734
106103,normal,45,0,1782359631.9185083,0.0021712779998779297
106104,normal,3192,1,1782359631.9204042,0.001895904541015625
106105,normal,3363,1,1782359631.9225974,0.0021932125091552734
106106,normal,3638,0,1782359631.9244907,0.0018932819366455078
106107,normal,1312,0,1782359631.9264512,0.0019605159759521484
106108,normal,3513,0,1782359631.9285612,0.002110004425048828
106109,normal,2416,0,1782359631.9304981,0.0019369125366210938
106110,normal,1767,0,1782359631.9324465,0.0019483566284179688
106111,normal,2054,0,1782359631.9345386,0.002092123031616211
106112,normal,2008,0,1782359631.9365034,0.0019648075103759766
106113,normal,2153,0,1782359631.9384878,0.0019843578338623047
106114,normal,223,0,1782359631.9406035,0.0021157264709472656
106115,normal,2660,0,1782359631.9425712,0.0019676685333251953
106116,normal,355,0,1782359631.9445953,0.0020241737365722656
106117,normal,1705,0,1782359631.9465728,0.0019774436950683594
106118,normal,3304,1,1782359631.948757,0.002184152603149414
106119,normal,1666,0,1782359631.9505024,0.001745462417602539
106120,normal,1062,0,1782359631.9525394,0.00203704833984375
106121,normal,3453,0,1782359631.9544945,0.0019550323486328125
106122,normal,3396,1,1782359631.956457,0.001962423324584961
106123,normal,257,0,1782359631.9585395,0.0020825862884521484
106124,normal,3308,1,1782359631.9606338,0.002094268798828125
106125,normal,2001,0,1782359631.9623609,0.0017271041870117188
106126,normal,1708,0,1782359631.9645603,0.002199411392211914
106127,normal,295,0,1782359631.966402,0.0018417835235595703
106128,normal,98,0,1782359631.9685295,0.002127408981323242
106129,normal,973,2,1782359631.9706132,0.0020837783813476562
106130,normal,3512,0,1782359631.9726233,0.0020101070404052734
106131,normal,1545,0,1782359631.974484,0.0018606185913085938
106132,normal,925,2,1782359631.9764903,0.0020062923431396484
106133,normal,2798,0,1782359631.978515,0.0020246505737304688
106134,normal,3423,0,1782359631.9804692,0.001954317092895508
106135,normal,460,0,1782359631.9825485,0.0020792484283447266
106136,normal,3401,1,1782359631.9846237,0.0020751953125
106137,normal,3660,0,1782359631.9864552,0.0018315315246582031
106138,normal,48,0,1782359631.9885292,0.002074003219604492
106139,normal,3045,1,1782359631.990492,0.001962900161743164
106140,normal,2211,0,1782359631.992454,0.001961946487426758
106141,normal,2929,0,1782359631.9945555,0.002101421356201172
106142,normal,1190,0,1782359631.9965181,0.0019626617431640625
106143,normal,2780,0,1782359631.9984524,0.0019342899322509766
106144,normal,1053,0,1782359632.0005589,0.0021064281463623047
106145,normal,859,2,1782359632.0024815,0.001922607421875
106146,normal,3428,0,1782359632.004448,0.0019664764404296875
106147,normal,1437,0,1782359632.006769,0.002321004867553711
106148,normal,3440,0,1782359632.0084982,0.0017292499542236328
106149,normal,466,0,1782359632.010714,0.002215862274169922
106150,normal,527,0,1782359632.0125299,0.0018157958984375
106151,normal,1663,0,1782359632.0146122,0.002082347869873047
106152,normal,1088,0,1782359632.016377,0.0017647743225097656
106153,normal,202,0,1782359632.0185313,0.0021543502807617188
106154,normal,205,0,1782359632.0205507,0.0020194053649902344
106155,normal,233,0,1782359632.0225065,0.001955747604370117
106156,normal,2970,0,1782359632.0246396,0.0021331310272216797
106157,normal,1655,0,1782359632.0266397,0.002000093460083008
106158,normal,2349,0,1782359632.0285566,0.0019168853759765625
106159,normal,959,2,1782359632.0305429,0.001986265182495117
106160,normal,2205,0,1782359632.0328062,0.002263307571411133
106161,normal,1111,0,1782359632.034556,0.0017497539520263672
106162,normal,2006,0,1782359632.0364869,0.0019309520721435547
106163,normal,2871,0,1782359632.0384524,0.0019655227661132812
106164,normal,2582,0,1782359632.0404134,0.0019609928131103516
106165,normal,2052,0,1782359632.0424767,0.002063274383544922
106166,normal,3545,0,1782359632.044477,0.0020003318786621094
106167,normal,623,0,1782359632.0466044,0.002127408981323242
106168,normal,3400,1,1782359632.048372,0.0017676353454589844
106169,normal,5,0,1782359632.0504107,0.002038717269897461
106170,normal,441,0,1782359632.052459,0.0020482540130615234
106171,normal,2230,0,1782359632.0544145,0.0019555091857910156
106172,normal,1435,0,1782359632.0563977,0.001983165740966797
106173,normal,2460,0,1782359632.0584574,0.0020596981048583984
106174,normal,395,0,1782359632.060463,0.0020055770874023438
106175,normal,187,0,1782359632.0624225,0.001959562301635742
106176,normal,2784,0,1782359632.0645993,0.0021767616271972656
106177,normal,1537,0,1782359632.0665073,0.0019080638885498047
106178,normal,1615,0,1782359632.0685189,0.002011537551879883
106179,normal,99,0,1782359632.0704699,0.001950979232788086
106180,normal,160,0,1782359632.0725524,0.0020825862884521484
106181,normal,898,2,1782359632.074506,0.001953601837158203
106182,normal,3156,1,1782359632.0764558,0.0019497871398925781
106183,normal,1055,0,1782359632.0785937,0.002137899398803711
106184,normal,1138,0,1782359632.0805547,0.0019609928131103516
106185,normal,408,0,1782359632.0825648,0.0020101070404052734
106186,normal,1178,0,1782359632.0844977,0.0019328594207763672
106187,normal,3572,0,1782359632.0865192,0.0020215511322021484
106188,normal,3703,0,1782359632.0884721,0.0019528865814208984
106189,normal,2618,0,1782359632.0905435,0.002071380615234375
106190,normal,3167,1,1782359632.0924962,0.0019526481628417969
106191,normal,2944,0,1782359632.0944464,0.0019502639770507812
106192,normal,3341,1,1782359632.0965657,0.002119302749633789
106193,normal,1744,0,1782359632.0986297,0.0020639896392822266
106194,normal,506,0,1782359632.100972,0.00234222412109375
106195,normal,3050,1,1782359632.1024146,0.0014426708221435547
106196,normal,154,0,1782359632.104692,0.002277374267578125
106197,normal,2208,0,1782359632.1064718,0.001779794692993164
106198,normal,3381,1,1782359632.1087186,0.002246856689453125
106199,normal,1392,0,1782359632.11049,0.0017714500427246094
106200,normal,3221,1,1782359632.1125667,0.0020766258239746094
106201,normal,3499,0,1782359632.1144896,0.0019228458404541016
106202,normal,1208,0,1782359632.116529,0.0020394325256347656
106203,normal,2214,0,1782359632.1183493,0.0018203258514404297
106204,normal,1526,0,1782359632.1205156,0.002166271209716797
106205,normal,116,0,1782359632.122376,0.0018603801727294922
106206,normal,943,2,1782359632.1245317,0.002155780792236328
106207,normal,239,0,1782359632.1264248,0.0018930435180664062
106208,normal,3119,1,1782359632.1284556,0.0020308494567871094
106209,normal,603,0,1782359632.1303413,0.0018856525421142578
106210,normal,2243,0,1782359632.1324954,0.002154111862182617
106211,normal,1079,0,1782359632.1344,0.0019044876098632812
106212,normal,2935,0,1782359632.1369998,0.002599954605102539
106213,normal,2217,0,1782359632.138601,0.0016012191772460938
106214,normal,1172,0,1782359632.1405659,0.0019648075103759766
106215,normal,1540,0,1782359632.1424658,0.0018999576568603516
106216,normal,2854,0,1782359632.1445668,0.0021009445190429688
106217,normal,1494,0,1782359632.1465595,0.0019927024841308594
106218,normal,1791,0,1782359632.148516,0.001956462860107422
106219,normal,2140,0,1782359632.1506233,0.002107381820678711
106220,normal,3325,1,1782359632.1525555,0.0019321441650390625
106221,normal,2651,0,1782359632.1544647,0.0019092559814453125
106222,normal,2242,0,1782359632.156474,0.0020093917846679688
106223,normal,3502,0,1782359632.1585653,0.0020911693572998047
106224,normal,2902,0,1782359632.16051,0.0019447803497314453
106225,normal,2562,0,1782359632.1628063,0.0022962093353271484
106226,normal,1800,0,1782359632.1644783,0.0016720294952392578
106227,normal,2475,0,1782359632.1666465,0.0021681785583496094
106228,normal,418,0,1782359632.168565,0.0019185543060302734
106229,normal,972,2,1782359632.1707227,0.0021576881408691406
106230,normal,2200,0,1782359632.172841,0.002118349075317383
106231,normal,915,2,1782359632.1744614,0.0016202926635742188
106232,normal,755,0,1782359632.1764932,0.0020318031311035156
106233,normal,665,0,1782359632.1787236,0.002230405807495117
106234,normal,14,0,1782359632.18051,0.0017864704132080078
106235,normal,2511,0,1782359632.1824603,0.0019502639770507812
106236,normal,1347,1,1782359632.1843636,0.0019032955169677734
106237,normal,2756,0,1782359632.1864407,0.0020771026611328125
106238,normal,2398,0,1782359632.188446,0.002005338668823242
106239,normal,2807,0,1782359632.1904545,0.0020084381103515625
106240,normal,3388,1,1782359632.192419,0.001964569091796875
106241,normal,478,0,1782359632.194396,0.0019769668579101562
106242,normal,2157,0,1782359632.1964006,0.0020046234130859375
106243,normal,1541,0,1782359632.1986063,0.0022056102752685547
106244,normal,1335,1,1782359632.2006109,0.0020046234130859375
106245,normal,1920,0,1782359632.202499,0.0018880367279052734
106246,normal,445,0,1782359632.2045302,0.0020313262939453125
106247,normal,1334,1,1782359632.2065487,0.002018451690673828
106248,normal,2886,0,1782359632.2084465,0.0018978118896484375
106249,normal,2047,0,1782359632.2105198,0.0020732879638671875
106250,normal,2304,0,1782359632.2126322,0.0021123886108398438
106251,normal,2141,0,1782359632.2145016,0.0018694400787353516
106252,normal,1018,2,1782359632.216462,0.001960277557373047
106253,normal,2896,0,1782359632.218554,0.002092123031616211
106254,normal,2695,0,1782359632.220462,0.0019080638885498047
106255,normal,776,2,1782359632.2225595,0.0020973682403564453
106256,normal,1984,0,1782359632.2245522,0.0019927024841308594
106257,normal,58,0,1782359632.226469,0.0019168853759765625
106258,normal,2954,0,1782359632.2285888,0.002119779586791992
106259,normal,3149,1,1782359632.2305706,0.0019817352294921875
106260,normal,2639,0,1782359632.2325227,0.0019521713256835938
106261,normal,15,0,1782359632.234481,0.0019583702087402344
106262,normal,1484,0,1782359632.2365413,0.0020601749420166016
106263,normal,2192,0,1782359632.2384515,0.0019102096557617188
106264,normal,1258,0,1782359632.2405505,0.0020990371704101562
106265,normal,1829,0,1782359632.2425413,0.001990795135498047
106266,normal,1591,0,1782359632.2444952,0.0019538402557373047
106267,normal,2547,0,1782359632.2466161,0.0021209716796875
106268,normal,571,0,1782359632.2486396,0.002023458480834961
106269,normal,1863,0,1782359632.2505026,0.0018630027770996094
106270,normal,1492,0,1782359632.2525861,0.0020835399627685547
106271,normal,1954,0,1782359632.2545936,0.0020074844360351562
106272,normal,1646,0,1782359632.256474,0.0018804073333740234
106273,normal,1676,0,1782359632.2585528,0.0020787715911865234
106274,normal,1582,0,1782359632.2605429,0.001990079879760742
106275,normal,3375,1,1782359632.2624497,0.0019068717956542969
106276,normal,2946,0,1782359632.2646582,0.0022084712982177734
106277,normal,1783,0,1782359632.2666109,0.0019526481628417969
106278,normal,1308,0,1782359632.2685163,0.0019054412841796875
106279,normal,2731,0,1782359632.2707074,0.0021910667419433594
106280,normal,3212,1,1782359632.272613,0.001905679702758789
106281,normal,1798,0,1782359632.2746332,0.002020120620727539
106282,normal,3277,1,1782359632.2766182,0.0019850730895996094
106283,normal,1246,0,1782359632.2786117,0.001993417739868164
106284,normal,4,0,1782359632.2804563,0.001844644546508789
106285,normal,2080,0,1782359632.2825375,0.002081155776977539
106286,normal,1523,0,1782359632.2845385,0.002001047134399414
106287,normal,3255,1,1782359632.286563,0.002024412155151367
106288,normal,1420,0,1782359632.2885392,0.0019762516021728516
106289,normal,3172,1,1782359632.2905295,0.0019903182983398438
106290,normal,612,0,1782359632.2924535,0.0019240379333496094
106291,normal,3288,1,1782359632.2945306,0.0020771026611328125
106292,normal,1293,0,1782359632.296711,0.002180337905883789
106293,normal,101,0,1782359632.2985504,0.0018393993377685547
106294,normal,870,2,1782359632.3006077,0.002057313919067383
106295,normal,2155,0,1782359632.30259,0.0019822120666503906
106296,normal,1462,0,1782359632.3044639,0.0018739700317382812
106297,normal,453,0,1782359632.3065546,0.0020906925201416016
106298,normal,1662,0,1782359632.3085673,0.0020127296447753906
106299,normal,1390,0,1782359632.3104815,0.0019142627716064453
106300,normal,204,0,1782359632.3126936,0.002212047576904297
106301,normal,1103,0,1782359632.314564,0.0018703937530517578
106302,normal,2665,0,1782359632.3164752,0.001911163330078125
106303,normal,2089,0,1782359632.3183844,0.0019092559814453125
106304,normal,1498,0,1782359632.320603,0.002218484878540039
106305,normal,1152,0,1782359632.3224773,0.0018744468688964844
106306,normal,2495,0,1782359632.324478,0.002000570297241211
106307,normal,2771,0,1782359632.3265972,0.002119302749633789
106308,normal,893,2,1782359632.328496,0.0018987655639648438
106309,normal,3347,1,1782359632.3304749,0.0019788742065429688
106310,normal,825,2,1782359632.3325977,0.0021228790283203125
106311,normal,1716,0,1782359632.3347058,0.0021080970764160156
106312,normal,2369,0,1782359632.3365483,0.001842498779296875
106313,normal,214,0,1782359632.3386543,0.0021059513092041016
106314,normal,1623,0,1782359632.3405435,0.0018892288208007812
106315,normal,2412,0,1782359632.3426511,0.0021076202392578125
106316,normal,734,0,1782359632.3443878,0.0017366409301757812
106317,normal,2904,0,1782359632.3463972,0.0020093917846679688
106318,normal,162,0,1782359632.3484864,0.002089262008666992
106319,normal,1186,0,1782359632.3504133,0.0019268989562988281
106320,normal,2955,0,1782359632.3523848,0.0019714832305908203
106321,normal,29,0,1782359632.3544064,0.0020215511322021484
106322,normal,3452,0,1782359632.356413,0.00200653076171875
106323,normal,3031,0,1782359632.3583715,0.001958608627319336
106324,normal,1558,0,1782359632.3604977,0.0021262168884277344
106325,normal,3244,1,1782359632.3626244,0.0021266937255859375
106326,normal,779,2,1782359632.3645065,0.0018820762634277344
106327,normal,459,0,1782359632.3664134,0.0019068717956542969
106328,normal,2569,0,1782359632.3683941,0.0019807815551757812
106329,normal,721,0,1782359632.3703647,0.001970529556274414
106330,normal,1353,1,1782359632.372391,0.0020263195037841797
106331,normal,3454,0,1782359632.3743832,0.0019922256469726562
106332,normal,3600,0,1782359632.3763678,0.0019845962524414062
106333,normal,3020,0,1782359632.3786194,0.0022516250610351562
106334,normal,473,0,1782359632.3803482,0.0017287731170654297
106335,normal,858,2,1782359632.3823457,0.0019974708557128906
106336,normal,2683,0,1782359632.3843532,0.0020074844360351562
106337,normal,1940,0,1782359632.3863394,0.001986265182495117
106338,normal,1292,0,1782359632.3883395,0.002000093460083008
106339,normal,1412,0,1782359632.3903651,0.002025604248046875
106340,normal,1577,0,1782359632.3923597,0.001994609832763672
106341,normal,2273,0,1782359632.3945024,0.002142667770385742
106342,normal,1501,0,1782359632.3963916,0.0018892288208007812
106343,normal,1180,0,1782359632.3984904,0.0020987987518310547
106344,normal,1912,0,1782359632.4003627,0.0018723011016845703
106345,normal,996,2,1782359632.402496,0.0021333694458007812
106346,normal,3073,1,1782359632.4044592,0.0019631385803222656
106347,normal,2046,0,1782359632.4063497,0.001890420913696289
106348,normal,2587,0,1782359632.4084995,0.002149820327758789
106349,normal,147,0,1782359632.410475,0.001975536346435547
106350,normal,1897,0,1782359632.4123747,0.00189971923828125
106351,normal,2388,0,1782359632.414426,0.0020513534545898438
106352,normal,81,0,1782359632.4167135,0.0022873878479003906
106353,normal,3528,0,1782359632.4184914,0.0017778873443603516
106354,normal,1093,0,1782359632.420397,0.001905679702758789
106355,normal,2313,0,1782359632.4224792,0.0020821094512939453
106356,normal,3364,1,1782359632.4243615,0.001882314682006836
106357,normal,675,0,1782359632.4264987,0.0021371841430664062
106358,normal,404,0,1782359632.4284375,0.0019388198852539062
106359,normal,406,0,1782359632.43037,0.0019326210021972656
106360,normal,758,0,1782359632.4325092,0.0021390914916992188
106361,normal,2325,0,1782359632.4344718,0.0019626617431640625
106362,normal,592,0,1782359632.4363997,0.0019278526306152344
106363,normal,1019,2,1782359632.4384482,0.002048492431640625
106364,normal,513,0,1782359632.440585,0.002136707305908203
106365,normal,292,0,1782359632.4424767,0.0018918514251708984
106366,normal,765,0,1782359632.444555,0.0020782947540283203
106367,normal,1550,0,1782359632.4464939,0.0019388198852539062
106368,normal,3390,1,1782359632.4484513,0.001957416534423828
106369,normal,2967,0,1782359632.4504433,0.0019919872283935547
106370,normal,3642,0,1782359632.4524584,0.0020151138305664062
106371,normal,953,2,1782359632.4543695,0.001911163330078125
106372,normal,2320,0,1782359632.4564848,0.0021152496337890625
106373,normal,1504,0,1782359632.458467,0.0019822120666503906
106374,normal,3655,0,1782359632.460454,0.001986980438232422
106375,normal,3495,0,1782359632.4624834,0.0020294189453125
106376,normal,674,0,1782359632.4644349,0.001951456069946289
106377,normal,1794,0,1782359632.466382,0.001947164535522461
106378,normal,538,0,1782359632.4684875,0.0021054744720458984
106379,normal,2680,0,1782359632.4706602,0.002172708511352539
106380,normal,2863,0,1782359632.4726484,0.0019881725311279297
106381,normal,2095,0,1782359632.474404,0.0017557144165039062
106382,normal,2336,0,1782359632.4764552,0.002051115036010742
106383,normal,1362,1,1782359632.4783432,0.0018880367279052734
106384,normal,1256,0,1782359632.4804926,0.002149343490600586
106385,normal,3705,0,1782359632.4824579,0.0019652843475341797
106386,normal,139,0,1782359632.4844797,0.00202178955078125
106387,normal,2995,0,1782359632.4863977,0.0019180774688720703
106388,normal,1177,0,1782359632.488474,0.0020761489868164062
106389,normal,2658,0,1782359632.4903848,0.0019109249114990234
106390,normal,1110,0,1782359632.4925098,0.0021250247955322266
106391,normal,485,0,1782359632.494476,0.001966238021850586
106392,normal,3239,1,1782359632.496521,0.0020449161529541016
106393,normal,2268,0,1782359632.4986038,0.00208282470703125
106394,normal,2508,0,1782359632.500551,0.001947164535522461
106395,normal,1627,0,1782359632.5024073,0.0018563270568847656
106396,normal,2471,0,1782359632.5044596,0.00205230712890625
106397,normal,1361,1,1782359632.5065567,0.0020971298217773438
106398,normal,732,0,1782359632.5085547,0.0019979476928710938
106399,normal,2536,0,1782359632.5105405,0.001985788345336914
106400,normal,456,0,1782359632.5124886,0.0019481182098388672
106401,normal,1695,0,1782359632.5145683,0.0020797252655029297
106402,normal,1939,0,1782359632.5166957,0.002127408981323242
106403,normal,950,2,1782359632.5185251,0.001829385757446289
106404,normal,1847,0,1782359632.52035,0.0018248558044433594
106405,normal,2457,0,1782359632.522481,0.0021309852600097656
106406,normal,3621,0,1782359632.5244572,0.0019762516021728516
106407,normal,3412,0,1782359632.5263882,0.0019309520721435547
106408,normal,1000,2,1782359632.5285118,0.002123594284057617
106409,normal,261,0,1782359632.5304503,0.0019385814666748047
106410,normal,2643,0,1782359632.5323856,0.0019352436065673828
106411,normal,263,0,1782359632.5343745,0.0019888877868652344
106412,normal,1405,0,1782359632.536486,0.0021114349365234375
106413,normal,298,0,1782359632.5384204,0.0019345283508300781
106414,normal,500,0,1782359632.5405629,0.0021424293518066406
106415,normal,594,0,1782359632.5425003,0.0019373893737792969
106416,normal,3098,1,1782359632.5443492,0.0018489360809326172
106417,normal,1602,0,1782359632.5465145,0.0021653175354003906
106418,normal,819,2,1782359632.548497,0.001982450485229492
106419,normal,3276,1,1782359632.5504174,0.001920461654663086
106420,normal,2489,0,1782359632.5523355,0.0019180774688720703
106421,normal,3115,1,1782359632.5543613,0.0020258426666259766
106422,normal,1166,0,1782359632.5563686,0.0020072460174560547
106423,normal,3129,1,1782359632.5583818,0.0020132064819335938
106424,normal,937,2,1782359632.5603476,0.001965761184692383
106425,normal,1809,0,1782359632.5623882,0.0020406246185302734
106426,normal,2984,0,1782359632.564392,0.002003908157348633
106427,normal,2397,0,1782359632.5663567,0.001964569091796875
106428,normal,625,0,1782359632.5685277,0.002171039581298828
106429,normal,2923,0,1782359632.570564,0.0020363330841064453
106430,normal,629,0,1782359632.5724788,0.0019147396087646484
106431,normal,706,0,1782359632.5743322,0.0018534660339355469
106432,normal,2614,0,1782359632.5764017,0.0020694732666015625
106433,normal,2910,0,1782359632.578457,0.0020554065704345703
106434,normal,1878,0,1782359632.5803592,0.0019021034240722656
106435,normal,17,0,1782359632.5825014,0.002142190933227539
106436,normal,1080,0,1782359632.5844898,0.0019884109497070312
106437,normal,268,0,1782359632.586397,0.0019071102142333984
106438,normal,3301,1,1782359632.5885596,0.0021626949310302734
106439,normal,3441,0,1782359632.5905101,0.0019505023956298828
106440,normal,878,2,1782359632.5923662,0.001856088638305664
106441,normal,1700,0,1782359632.594396,0.002029895782470703
106442,normal,1749,0,1782359632.5964856,0.0020895004272460938
106443,normal,3439,0,1782359632.5983958,0.0019102096557617188
106444,normal,2837,0,1782359632.6004977,0.002101898193359375
106445,normal,1289,0,1782359632.6024523,0.0019545555114746094
106446,normal,287,0,1782359632.6043894,0.0019371509552001953
106447,normal,3183,1,1782359632.6065378,0.0021483898162841797
106448,normal,1422,0,1782359632.6084902,0.0019524097442626953
106449,normal,2456,0,1782359632.6103675,0.0018773078918457031
106450,normal,2519,0,1782359632.6125462,0.002178668975830078
106451,normal,3394,1,1782359632.6145065,0.001960277557373047
106452,normal,615,0,1782359632.6165848,0.0020782947540283203
106453,normal,1001,2,1782359632.6186216,0.0020368099212646484
106454,normal,373,0,1782359632.6205866,0.001965045928955078
106455,normal,3419,0,1782359632.6224184,0.0018317699432373047
106456,normal,426,0,1782359632.624504,0.0020856857299804688
106457,normal,757,0,1782359632.6264415,0.0019373893737792969
106458,normal,2994,0,1782359632.6283793,0.0019378662109375
106459,normal,1787,0,1782359632.6305451,0.0021657943725585938
106460,normal,1133,0,1782359632.6324368,0.0018916130065917969
106461,normal,2486,0,1782359632.6343372,0.0019004344940185547
106462,normal,2752,0,1782359632.6364853,0.002148151397705078
106463,normal,249,0,1782359632.638429,0.0019435882568359375
106464,normal,1742,0,1782359632.6403725,0.0019435882568359375
106465,normal,3270,1,1782359632.6426358,0.002263307571411133
106466,normal,293,0,1782359632.6445992,0.001963376998901367
106467,normal,3596,0,1782359632.646448,0.0018486976623535156
106468,normal,2056,0,1782359632.648436,0.0019881725311279297
106469,normal,1035,0,1782359632.6504705,0.002034425735473633
106470,normal,3393,1,1782359632.6524096,0.0019390583038330078
106471,normal,463,0,1782359632.6543865,0.0019769668579101562
106472,normal,1839,0,1782359632.6564717,0.0020852088928222656
106473,normal,3361,1,1782359632.6584792,0.0020074844360351562
106474,normal,2747,0,1782359632.6604052,0.0019259452819824219
106475,normal,2782,0,1782359632.662452,0.002046823501586914
106476,normal,1637,0,1782359632.6643777,0.0019257068634033203
106477,normal,1589,0,1782359632.6664972,0.0021195411682128906
106478,normal,3480,0,1782359632.668461,0.0019638538360595703
106479,normal,607,0,1782359632.6703596,0.0018985271453857422
106480,normal,854,2,1782359632.6723847,0.002025127410888672
106481,normal,3590,0,1782359632.674487,0.002102375030517578
106482,normal,3195,1,1782359632.6763651,0.0018780231475830078
106483,normal,217,0,1782359632.6784904,0.002125263214111328
106484,normal,704,0,1782359632.680443,0.0019526481628417969
106485,normal,3303,1,1782359632.6825252,0.0020821094512939453
106486,normal,2184,0,1782359632.684435,0.0019097328186035156
106487,normal,710,0,1782359632.686504,0.0020689964294433594
106488,normal,799,2,1782359632.688436,0.0019321441650390625
106489,normal,2261,0,1782359632.690531,0.0020949840545654297
106490,normal,3492,0,1782359632.692399,0.0018680095672607422
106491,normal,2181,0,1782359632.6943705,0.0019714832305908203
106492,normal,3290,1,1782359632.6963906,0.002020120620727539
106493,normal,2554,0,1782359632.698707,0.0023164749145507812
106494,normal,2697,0,1782359632.7011442,0.002437114715576172
106495,normal,1443,0,1782359632.7024162,0.001271963119506836
106496,normal,2732,0,1782359632.7044578,0.0020415782928466797
106497,normal,2317,0,1782359632.7066264,0.0021686553955078125
106498,normal,3462,0,1782359632.7083924,0.0017659664154052734
106499,normal,2839,0,1782359632.7107453,0.0023529529571533203
106500,normal,763,0,1782359632.712542,0.001796722412109375
106501,normal,3589,0,1782359632.7147906,0.002248525619506836
106502,normal,846,2,1782359632.7166078,0.0018172264099121094
106503,normal,3501,0,1782359632.7187061,0.0020983219146728516
106504,normal,2101,0,1782359632.7206602,0.0019540786743164062
106505,normal,1828,0,1782359632.7224097,0.0017495155334472656
106506,normal,1213,0,1782359632.7246952,0.002285480499267578
106507,normal,1259,0,1782359632.7264466,0.0017514228820800781
106508,normal,264,0,1782359632.7288535,0.0024068355560302734
106509,normal,3382,1,1782359632.730383,0.0015294551849365234
106510,normal,894,2,1782359632.7325978,0.0022149085998535156
106511,normal,3186,1,1782359632.7344456,0.0018477439880371094
106512,normal,2778,0,1782359632.7364826,0.00203704833984375
106513,normal,3224,1,1782359632.7385907,0.0021080970764160156
106514,normal,2558,0,1782359632.7404408,0.001850128173828125
106515,normal,3081,1,1782359632.742599,0.0021581649780273438
106516,normal,2252,0,1782359632.7444935,0.0018944740295410156
106517,normal,3378,1,1782359632.7465203,0.002026796340942383
106518,normal,835,2,1782359632.748538,0.0020177364349365234
106519,normal,1886,0,1782359632.7506273,0.002089262008666992
106520,normal,1841,0,1782359632.7525108,0.0018835067749023438
106521,normal,1937,0,1782359632.7544785,0.0019676685333251953
106522,normal,966,2,1782359632.7564652,0.0019867420196533203
106523,normal,2617,0,1782359632.7585032,0.0020380020141601562
106524,normal,980,2,1782359632.7604856,0.001982450485229492
106525,normal,1413,0,1782359632.7626147,0.002129077911376953
106526,normal,2881,0,1782359632.7645524,0.0019376277923583984
106527,normal,2857,0,1782359632.7667346,0.0021822452545166016
106528,normal,3558,0,1782359632.7684572,0.001722574234008789
106529,normal,476,0,1782359632.770537,0.0020797252655029297
106530,normal,2293,0,1782359632.7725031,0.001966238021850586
106531,normal,2713,0,1782359632.774606,0.0021028518676757812
106532,normal,1457,0,1782359632.7765052,0.0018992424011230469
106533,normal,968,2,1782359632.7784705,0.0019652843475341797
106534,normal,1195,0,1782359632.7805874,0.0021169185638427734
106535,normal,3658,0,1782359632.78253,0.0019426345825195312
106536,normal,1419,0,1782359632.7845602,0.0020301342010498047
106537,normal,1274,0,1782359632.7866192,0.0020589828491210938
106538,normal,2480,0,1782359632.7885993,0.0019800662994384766
106539,normal,1935,0,1782359632.7906203,0.0020210742950439453
106540,normal,1013,2,1782359632.7927842,0.0021638870239257812
106541,normal,2560,0,1782359632.7944522,0.0016679763793945312
106542,normal,2173,0,1782359632.7965355,0.002083301544189453
106543,normal,2620,0,1782359632.798744,0.0022084712982177734
106544,normal,2104,0,1782359632.800525,0.0017809867858886719
106545,normal,1270,0,1782359632.802468,0.0019431114196777344
106546,normal,2079,0,1782359632.804566,0.0020978450775146484
106547,normal,559,0,1782359632.8064878,0.0019218921661376953
106548,normal,3190,1,1782359632.808476,0.0019881725311279297
106549,normal,3628,0,1782359632.8106985,0.0022225379943847656
106550,normal,2535,0,1782359632.8125286,0.0018301010131835938
106551,normal,909,2,1782359632.8144634,0.0019347667694091797
106552,normal,1726,0,1782359632.8164654,0.0020020008087158203
106553,normal,2626,0,1782359632.818498,0.0020325183868408203
106554,normal,876,2,1782359632.8204718,0.001973867416381836
106555,normal,948,2,1782359632.8230507,0.0025789737701416016
106556,normal,2916,0,1782359632.8246117,0.0015609264373779297
106557,normal,376,0,1782359632.8263862,0.0017745494842529297
106558,normal,2610,0,1782359632.8285868,0.002200603485107422
106559,normal,2070,0,1782359632.8304985,0.0019116401672363281
106560,normal,935,2,1782359632.832478,0.0019795894622802734
106561,normal,163,0,1782359632.8346555,0.0021774768829345703
106562,normal,1187,0,1782359632.8366168,0.001961231231689453
106563,normal,304,0,1782359632.8384814,0.0018646717071533203
106564,normal,334,0,1782359632.8405902,0.0021088123321533203
106565,normal,671,0,1782359632.8425186,0.0019283294677734375
106566,normal,521,0,1782359632.844487,0.0019683837890625
106567,normal,549,0,1782359632.8466017,0.0021147727966308594
106568,normal,1511,0,1782359632.8485975,0.0019958019256591797
106569,normal,2340,0,1782359632.8506174,0.0020198822021484375
106570,normal,2250,0,1782359632.8524325,0.0018150806427001953
106571,normal,1303,0,1782359632.8545878,0.002155303955078125
106572,normal,2051,0,1782359632.8565617,0.001973867416381836
106573,normal,2259,0,1782359632.85865,0.002088308334350586
106574,normal,2888,0,1782359632.8607533,0.0021033287048339844
106575,normal,1797,0,1782359632.8625014,0.0017480850219726562
106576,normal,1209,0,1782359632.8644874,0.0019860267639160156
106577,normal,2069,0,1782359632.8665433,0.0020558834075927734
106578,normal,2898,0,1782359632.8686218,0.002078533172607422
106579,normal,2928,0,1782359632.8705022,0.0018804073333740234
106580,normal,2420,0,1782359632.8724983,0.0019960403442382812
106581,normal,3389,1,1782359632.8744624,0.001964092254638672
106582,normal,1368,1,1782359632.8765602,0.0020978450775146484
106583,normal,1843,0,1782359632.8784935,0.0019333362579345703
106584,normal,2987,0,1782359632.880469,0.001975536346435547
106585,normal,2305,0,1782359632.882564,0.0020949840545654297
106586,normal,1033,0,1782359632.8844967,0.0019326210021972656
106587,normal,1146,0,1782359632.8864746,0.0019779205322265625
106588,normal,412,0,1782359632.8886244,0.002149820327758789
106589,normal,1325,1,1782359632.8905876,0.0019631385803222656
106590,normal,1586,0,1782359632.8925512,0.0019636154174804688
106591,normal,2719,0,1782359632.894469,0.0019178390502929688
106592,normal,2110,0,1782359632.8965225,0.002053499221801758
106593,normal,1434,0,1782359632.8985064,0.0019838809967041016
106594,normal,3384,1,1782359632.9006562,0.002149820327758789
106595,normal,1885,0,1782359632.9026048,0.0019485950469970703
106596,normal,3054,1,1782359632.9044693,0.0018644332885742188
106597,normal,2114,0,1782359632.9065661,0.002096891403198242
106598,normal,2,0,1782359632.9084935,0.0019273757934570312
106599,normal,666,0,1782359632.910474,0.0019805431365966797
106600,normal,9,0,1782359632.9126034,0.0021293163299560547
106601,normal,1513,0,1782359632.914504,0.0019006729125976562
106602,normal,37,0,1782359632.916499,0.0019948482513427734
106603,normal,2611,0,1782359632.918492,0.0019931793212890625
106604,normal,3034,0,1782359632.9205322,0.0020401477813720703
106605,normal,2481,0,1782359632.922549,0.002016782760620117
106606,normal,3550,0,1782359632.924599,0.0020499229431152344
106607,normal,2403,0,1782359632.9265032,0.0019042491912841797
106608,normal,2759,0,1782359632.9284792,0.00197601318359375
106609,normal,3670,0,1782359632.9305973,0.0021181106567382812
106610,normal,3327,1,1782359632.9325106,0.001913309097290039
106611,normal,2637,0,1782359632.9344914,0.0019807815551757812
106612,normal,891,2,1782359632.9366503,0.0021588802337646484
106613,normal,2027,0,1782359632.9385397,0.0018894672393798828
106614,normal,136,0,1782359632.9405415,0.0020017623901367188
106615,normal,2861,0,1782359632.9426203,0.0020787715911865234
106616,normal,2948,0,1782359632.9445105,0.0018901824951171875
106617,normal,2851,0,1782359632.9464843,0.001973867416381836
106618,normal,442,0,1782359632.9486325,0.002148151397705078
106619,normal,123,0,1782359632.9504986,0.0018661022186279297
106620,normal,1296,0,1782359632.9524786,0.0019800662994384766
106621,normal,3178,1,1782359632.9545915,0.002112865447998047
106622,normal,2244,0,1782359632.956506,0.0019145011901855469
106623,normal,3292,1,1782359632.9585621,0.002056121826171875
106624,normal,3525,0,1782359632.960654,0.0020918846130371094
106625,normal,785,2,1782359632.9625964,0.0019423961639404297
106626,normal,332,0,1782359632.9646237,0.002027273178100586
106627,normal,1922,0,1782359632.9665976,0.001973867416381836
106628,normal,46,0,1782359632.9687452,0.002147674560546875
106629,normal,1283,0,1782359632.9705126,0.0017673969268798828
106630,normal,1659,0,1782359632.9726086,0.002095937728881836
106631,normal,3032,0,1782359632.9745157,0.0019071102142333984
106632,normal,3544,0,1782359632.9763887,0.001873016357421875
106633,normal,3113,1,1782359632.97854,0.0021512508392333984
106634,normal,2760,0,1782359632.9804404,0.0019004344940185547
106635,normal,1214,0,1782359632.9824553,0.0020148754119873047
106636,normal,2640,0,1782359632.9843946,0.0019392967224121094
106637,normal,3608,0,1782359632.986464,0.0020694732666015625
106638,normal,991,2,1782359632.988347,0.0018830299377441406
106639,normal,369,0,1782359632.9905024,0.002155303955078125
106640,normal,3305,1,1782359632.9927094,0.002207040786743164
106641,normal,3410,0,1782359632.9944806,0.0017712116241455078
106642,normal,2262,0,1782359632.9965134,0.002032756805419922
106643,normal,1237,0,1782359632.9987845,0.0022711753845214844
106644,normal,3466,0,1782359633.0003982,0.001613616943359375
106645,normal,3542,0,1782359633.0026152,0.0022170543670654297
106646,normal,3201,1,1782359633.0045059,0.0018906593322753906
106647,normal,1058,0,1782359633.0064793,0.001973390579223633
106648,normal,2864,0,1782359633.0087147,0.00223541259765625
106649,normal,1418,0,1782359633.0105674,0.0018527507781982422
106650,normal,2957,0,1782359633.0124743,0.0019068717956542969
106651,normal,3438,0,1782359633.0145872,0.002112865447998047
106652,normal,647,0,1782359633.0165112,0.0019240379333496094
106653,normal,3122,1,1782359633.0184891,0.0019779205322265625
106654,normal,3275,1,1782359633.0206127,0.002123594284057617
106655,normal,86,0,1782359633.0224955,0.001882791519165039
106656,normal,954,2,1782359633.0244803,0.001984834671020508
106657,normal,1566,0,1782359633.026491,0.0020105838775634766
106658,normal,3125,1,1782359633.028481,0.001990079879760742
106659,normal,1909,0,1782359633.0304966,0.0020155906677246094
106660,normal,1491,0,1782359633.0327482,0.0022516250610351562
106661,normal,2280,0,1782359633.0345476,0.0017993450164794922
106662,normal,2035,0,1782359633.036539,0.0019915103912353516
106663,normal,2431,0,1782359633.0385478,0.002008676528930664
106664,normal,3105,1,1782359633.040631,0.002083301544189453
106665,normal,1169,0,1782359633.0424893,0.0018582344055175781
106666,normal,282,0,1782359633.0445683,0.002079010009765625
106667,normal,3324,1,1782359633.046534,0.001965761184692383
106668,normal,2889,0,1782359633.0485215,0.001987457275390625
106669,normal,178,0,1782359633.0507016,0.0021800994873046875
106670,normal,3429,0,1782359633.052514,0.0018124580383300781
106671,normal,2661,0,1782359633.0546827,0.0021686553955078125
106672,normal,2801,0,1782359633.0564559,0.0017731189727783203
106673,normal,1162,0,1782359633.0584028,0.0019469261169433594
106674,normal,737,0,1782359633.0607572,0.0023543834686279297
106675,normal,1987,0,1782359633.0626934,0.001936197280883789
106676,normal,3285,1,1782359633.064585,0.0018916130065917969
106677,normal,3193,1,1782359633.0664191,0.0018341541290283203
106678,normal,795,2,1782359633.0685272,0.0021080970764160156
106679,normal,3385,1,1782359633.0705178,0.0019905567169189453
106680,normal,1340,1,1782359633.0725305,0.0020127296447753906
106681,normal,808,2,1782359633.0747728,0.0022423267364501953
106682,normal,3343,1,1782359633.076482,0.0017092227935791016
106683,normal,3134,1,1782359633.078354,0.0018718242645263672
106684,normal,1661,0,1782359633.0805013,0.0021474361419677734
106685,normal,326,0,1782359633.0824406,0.0019392967224121094
106686,normal,2986,0,1782359633.08475,0.0023093223571777344
106687,normal,1665,0,1782359633.0865011,0.0017511844635009766
106688,normal,2936,0,1782359633.0884752,0.0019741058349609375
106689,normal,1428,0,1782359633.0905848,0.002109527587890625
106690,normal,2762,0,1782359633.0925984,0.002013683319091797
106691,normal,1820,0,1782359633.0946343,0.002035856246948242
106692,normal,169,0,1782359633.0966039,0.001969575881958008
106693,normal,2900,0,1782359633.098598,0.0019941329956054688
106694,normal,159,0,1782359633.1006386,0.0020406246185302734
106695,normal,2795,0,1782359633.102555,0.0019164085388183594
106696,normal,1078,0,1782359633.104715,0.0021600723266601562
106697,normal,923,2,1782359633.106589,0.0018739700317382812
106698,normal,3030,0,1782359633.1084964,0.0019073486328125
106699,normal,2934,0,1782359633.1105344,0.0020380020141601562
106700,normal,2419,0,1782359633.1125546,0.002020120620727539
106701,normal,36,0,1782359633.1146352,0.002080678939819336
106702,normal,1833,0,1782359633.1166582,0.002022981643676758
106703,normal,1722,0,1782359633.1184986,0.001840353012084961
106704,normal,1381,1,1782359633.1205435,0.0020449161529541016
106705,normal,1625,0,1782359633.1227098,0.002166271209716797
106706,normal,2335,0,1782359633.1244748,0.0017650127410888672
106707,normal,750,0,1782359633.126531,0.002056121826171875
106708,normal,890,2,1782359633.128515,0.001984119415283203
106709,normal,3459,0,1782359633.1305308,0.002015829086303711
106710,normal,74,0,1782359633.1325982,0.0020673274993896484
106711,normal,995,2,1782359633.134547,0.0019488334655761719
106712,normal,798,2,1782359633.1366408,0.002093791961669922
106713,normal,226,0,1782359633.138591,0.0019502639770507812
106714,normal,1481,0,1782359633.1406994,0.002108335494995117
106715,normal,1290,0,1782359633.1428697,0.0021703243255615234
106716,normal,2105,0,1782359633.1446178,0.0017480850219726562
106717,normal,2498,0,1782359633.146585,0.001967191696166992
106718,normal,1764,0,1782359633.1487668,0.0021817684173583984
106719,normal,3473,0,1782359633.1506147,0.001847982406616211
106720,normal,3405,0,1782359633.152444,0.0018291473388671875
106721,normal,2314,0,1782359633.1545198,0.0020759105682373047
106722,normal,3007,0,1782359633.1564915,0.001971721649169922
106723,normal,554,0,1782359633.1584918,0.0020003318786621094
106724,normal,338,0,1782359633.1606307,0.002138853073120117
106725,normal,1207,0,1782359633.162534,0.0019032955169677734
106726,normal,2016,0,1782359633.1646056,0.0020716190338134766
106727,normal,2779,0,1782359633.1665032,0.001897573471069336
106728,normal,1096,0,1782359633.1684856,0.001982450485229492
106729,normal,3338,1,1782359633.170594,0.002108335494995117
106730,normal,1706,0,1782359633.1728306,0.002236604690551758
106731,normal,2821,0,1782359633.174729,0.0018985271453857422
106732,normal,1904,0,1782359633.1764884,0.0017592906951904297
106733,normal,1738,0,1782359633.178498,0.0020096302032470703
106734,normal,3679,0,1782359633.1804788,0.0019807815551757812
106735,normal,2400,0,1782359633.1825953,0.0021164417266845703
106736,normal,3142,1,1782359633.184512,0.001916646957397461
106737,normal,415,0,1782359633.1867185,0.002206563949584961
106738,normal,3626,0,1782359633.18845,0.0017316341400146484
106739,normal,1249,0,1782359633.1905057,0.002055644989013672
106740,normal,2226,0,1782359633.1924841,0.0019783973693847656
106741,normal,2201,0,1782359633.194588,0.0021038055419921875
106742,normal,3176,1,1782359633.1965137,0.0019257068634033203
106743,normal,687,0,1782359633.1985798,0.0020661354064941406
106744,normal,1906,0,1782359633.2007256,0.0021457672119140625
106745,normal,2715,0,1782359633.202592,0.0018663406372070312
106746,normal,1976,0,1782359633.2045403,0.0019483566284179688
106747,normal,1183,0,1782359633.2066596,0.002119302749633789
106748,normal,3465,0,1782359633.2085652,0.001905679702758789
106749,normal,2002,0,1782359633.2106595,0.002094268798828125
106750,normal,310,0,1782359633.2126503,0.001990795135498047
106751,normal,181,0,1782359633.214541,0.0018906593322753906
106752,normal,1124,0,1782359633.2167132,0.002172231674194336
106753,normal,3008,0,1782359633.2187195,0.0020062923431396484
106754,normal,1429,0,1782359633.2206454,0.0019259452819824219
106755,normal,469,0,1782359633.222471,0.001825571060180664
106756,normal,1487,0,1782359633.2245615,0.0020904541015625
106757,normal,3046,1,1782359633.2264552,0.001893758773803711
106758,normal,1896,0,1782359633.2284791,0.002023935317993164
106759,normal,63,0,1782359633.2305877,0.0021085739135742188
106760,normal,2534,0,1782359633.232489,0.001901388168334961
106761,normal,1836,0,1782359633.2344635,0.001974344253540039
106762,normal,2426,0,1782359633.2365582,0.002094745635986328
106763,normal,1569,0,1782359633.2384906,0.001932382583618164
106764,normal,474,0,1782359633.2405097,0.002019166946411133
106765,normal,1255,0,1782359633.2426429,0.0021331310272216797
106766,normal,2288,0,1782359633.2445662,0.0019233226776123047
106767,normal,2032,0,1782359633.2464848,0.0019185543060302734
106768,normal,3029,0,1782359633.2486074,0.002122640609741211
106769,normal,2528,0,1782359633.2505326,0.0019252300262451172
106770,normal,3133,1,1782359633.2525518,0.002019166946411133
106771,normal,3066,1,1782359633.2546215,0.002069711685180664
106772,normal,2000,0,1782359633.2564824,0.0018608570098876953
106773,normal,3386,1,1782359633.2584774,0.001995086669921875
106774,normal,2607,0,1782359633.2605855,0.0021080970764160156
106775,normal,368,0,1782359633.262487,0.001901388168334961
106776,normal,1351,1,1782359633.264477,0.001990079879760742
106777,normal,285,0,1782359633.266589,0.0021119117736816406
106778,normal,380,0,1782359633.2685168,0.0019278526306152344
106779,normal,1286,0,1782359633.270404,0.0018873214721679688
106780,normal,1143,0,1782359633.2727072,0.0023031234741210938
106781,normal,424,0,1782359633.2745342,0.0018270015716552734
106782,normal,432,0,1782359633.2764795,0.0019452571868896484
106783,normal,2783,0,1782359633.278478,0.001998424530029297
106784,normal,777,2,1782359633.280508,0.0020301342010498047
106785,normal,1479,0,1782359633.2824774,0.0019693374633789062
106786,normal,3086,1,1782359633.2845914,0.0021140575408935547
106787,normal,3174,1,1782359633.2865217,0.00193023681640625
106788,normal,1023,2,1782359633.2885232,0.002001523971557617
106789,normal,1890,0,1782359633.2906358,0.0021126270294189453
106790,normal,2600,0,1782359633.2925622,0.001926422119140625
106791,normal,3494,0,1782359633.2944958,0.0019335746765136719
106792,normal,2392,0,1782359633.296601,0.002105236053466797
106793,normal,1490,0,1782359633.2984974,0.0018963813781738281
106794,normal,1354,1,1782359633.3007605,0.0022630691528320312
106795,normal,601,0,1782359633.302602,0.0018415451049804688
106796,normal,1630,0,1782359633.3045561,0.0019540786743164062
106797,normal,447,0,1782359633.3064864,0.00193023681640625
106798,normal,543,0,1782359633.3084931,0.0020067691802978516
106799,normal,2479,0,1782359633.3105257,0.0020325183868408203
106800,normal,435,0,1782359633.3125882,0.002062559127807617
106801,normal,3267,1,1782359633.314519,0.0019307136535644531
106802,normal,397,0,1782359633.316549,0.0020301342010498047
106803,normal,2071,0,1782359633.318618,0.0020689964294433594
106804,normal,2348,0,1782359633.3207133,0.0020952224731445312
106805,normal,1964,0,1782359633.3228545,0.002141237258911133
106806,normal,2434,0,1782359633.3244956,0.0016410350799560547
106807,normal,28,0,1782359633.3266864,0.002190828323364258
106808,normal,2913,0,1782359633.3284147,0.0017282962799072266
106809,normal,576,0,1782359633.3304634,0.0020487308502197266
106810,normal,2473,0,1782359633.3323789,0.0019154548645019531
106811,normal,1997,0,1782359633.3345227,0.00214385986328125
106812,normal,1056,0,1782359633.3363755,0.0018527507781982422
106813,normal,3564,0,1782359633.3384697,0.002094268798828125
106814,normal,2041,0,1782359633.3403459,0.0018761157989501953
106815,normal,1125,0,1782359633.3424878,0.0021419525146484375
106816,normal,1440,0,1782359633.344362,0.0018742084503173828
106817,normal,468,0,1782359633.3464427,0.002080678939819336
106818,normal,831,2,1782359633.3484597,0.0020170211791992188
106819,normal,2499,0,1782359633.350452,0.0019922256469726562
106820,normal,1562,0,1782359633.3524346,0.0019826889038085938
106821,normal,1471,0,1782359633.3543112,0.0018765926361083984
106822,normal,2631,0,1782359633.356341,0.0020296573638916016
106823,normal,1468,0,1782359633.3583734,0.0020325183868408203
106824,normal,3074,1,1782359633.3604984,0.0021250247955322266
106825,normal,1643,0,1782359633.3624318,0.0019333362579345703
106826,normal,1045,0,1782359633.3645616,0.002129793167114258
106827,normal,693,0,1782359633.3663588,0.0017971992492675781
106828,normal,110,0,1782359633.3684793,0.002120494842529297
106829,normal,2734,0,1782359633.3704379,0.001958608627319336
106830,normal,3209,1,1782359633.3723826,0.0019447803497314453
106831,normal,3365,1,1782359633.3744893,0.0021066665649414062
106832,normal,2023,0,1782359633.3764744,0.0019850730895996094
106833,normal,1073,0,1782359633.37837,0.0018956661224365234
106834,normal,3514,0,1782359633.3805025,0.002132415771484375
106835,normal,2210,0,1782359633.3824375,0.0019350051879882812
106836,normal,993,2,1782359633.3843882,0.0019507408142089844
106837,normal,2619,0,1782359633.3863692,0.001981019973754883
106838,normal,949,2,1782359633.3885868,0.002217531204223633
106839,normal,2458,0,1782359633.3903968,0.0018100738525390625
106840,normal,1118,0,1782359633.3925312,0.0021343231201171875
106841,normal,61,0,1782359633.3945143,0.001983165740966797
106842,normal,1399,0,1782359633.396407,0.0018925666809082031
106843,normal,3392,1,1782359633.3983498,0.0019428730010986328
106844,normal,2109,0,1782359633.400389,0.002039194107055664
106845,normal,2703,0,1782359633.402375,0.0019860267639160156
106846,normal,544,0,1782359633.4045122,0.0021371841430664062
106847,normal,2772,0,1782359633.4064238,0.0019116401672363281
106848,normal,1613,0,1782359633.408612,0.0021882057189941406
106849,normal,3497,0,1782359633.4105175,0.0019054412841796875
106850,normal,1866,0,1782359633.4124222,0.0019047260284423828
106851,normal,1145,0,1782359633.414355,0.0019328594207763672
106852,normal,3607,0,1782359633.4165442,0.002189159393310547
106853,normal,1688,0,1782359633.4185884,0.002044200897216797
106854,normal,3251,1,1782359633.4205787,0.0019903182983398438
106855,normal,3187,1,1782359633.422422,0.0018432140350341797
106856,normal,3132,1,1782359633.4245226,0.002100706100463867
106857,normal,2874,0,1782359633.4263728,0.001850128173828125
106858,normal,3663,0,1782359633.428548,0.0021753311157226562
106859,normal,2601,0,1782359633.4308138,0.0022656917572021484
106860,normal,2283,0,1782359633.4323146,0.001500844955444336
106861,normal,3005,0,1782359633.4343903,0.002075672149658203
106862,normal,1006,2,1782359633.436342,0.0019516944885253906
106863,normal,856,2,1782359633.4383647,0.0020227432250976562
106864,normal,2374,0,1782359633.4403725,0.002007722854614258
106865,normal,3058,1,1782359633.4423423,0.0019698143005371094
106866,normal,3076,1,1782359633.4444058,0.0020635128021240234
106867,normal,1970,0,1782359633.4463594,0.001953601837158203
106868,normal,822,2,1782359633.4483755,0.0020160675048828125
106869,normal,2087,0,1782359633.4503763,0.0020008087158203125
106870,normal,2484,0,1782359633.4525378,0.0021615028381347656
106871,normal,1683,0,1782359633.4544199,0.0018820762634277344
106872,normal,1153,0,1782359633.4563603,0.0019404888153076172
106873,normal,1265,0,1782359633.4584723,0.0021119117736816406
106874,normal,1489,0,1782359633.4604275,0.001955270767211914
106875,normal,1549,0,1782359633.4623601,0.0019326210021972656
106876,normal,1802,0,1782359633.464479,0.002118825912475586
106877,normal,1040,0,1782359633.466441,0.001961946487426758
106878,normal,871,2,1782359633.4684095,0.0019686222076416016
106879,normal,1685,0,1782359633.4705544,0.0021448135375976562
106880,normal,1482,0,1782359633.4724486,0.001894235610961914
106881,normal,3218,1,1782359633.4743805,0.001931905746459961
106882,normal,1393,0,1782359633.476498,0.0021173954010009766
106883,normal,844,2,1782359633.4783869,0.0018889904022216797
106884,normal,356,0,1782359633.4804711,0.0020842552185058594
106885,normal,484,0,1782359633.482358,0.0018868446350097656
106886,normal,3619,0,1782359633.4844704,0.0021123886108398438
106887,normal,1974,0,1782359633.4863815,0.001911163330078125
106888,normal,3554,0,1782359633.4885442,0.0021626949310302734
106889,normal,778,2,1782359633.4904766,0.001932382583618164
106890,normal,1515,0,1782359633.4924743,0.001997709274291992
106891,normal,3208,1,1782359633.494446,0.001971721649169922
106892,normal,3265,1,1782359633.496581,0.002135038375854492
106893,normal,1584,0,1782359633.49842,0.0018389225006103516
106894,normal,1831,0,1782359633.500613,0.002192974090576172
106895,normal,427,0,1782359633.502583,0.001970052719116211
106896,normal,1747,0,1782359633.5043561,0.0017731189727783203
106897,normal,2691,0,1782359633.506469,0.002112865447998047
106898,normal,697,0,1782359633.5085075,0.0020384788513183594
106899,normal,2037,0,1782359633.5103707,0.001863241195678711
106900,normal,3075,1,1782359633.5127015,0.002330780029296875
106901,normal,530,0,1782359633.514406,0.0017044544219970703
106902,normal,1161,0,1782359633.5164678,0.0020618438720703125
106903,normal,2781,0,1782359633.5183878,0.0019199848175048828
106904,normal,1406,0,1782359633.5204775,0.0020897388458251953
106905,normal,296,0,1782359633.5223649,0.0018873214721679688
106906,normal,918,2,1782359633.5249386,0.002573728561401367
106907,normal,477,0,1782359633.5265517,0.0016131401062011719
106908,normal,1869,0,1782359633.5283742,0.0018224716186523438
106909,normal,3509,0,1782359633.5304663,0.002092123031616211
106910,normal,1072,0,1782359633.532432,0.001965761184692383
106911,normal,2111,0,1782359633.534361,0.0019288063049316406
106912,normal,895,2,1782359633.5365283,0.0021674633026123047
106913,normal,3627,0,1782359633.538537,0.002008676528930664
106914,normal,2180,0,1782359633.540368,0.0018310546875
106915,normal,2399,0,1782359633.542473,0.0021049976348876953
106916,normal,1226,0,1782359633.5444202,0.001947164535522461
106917,normal,3342,1,1782359633.546377,0.0019567012786865234
106918,normal,557,0,1782359633.5484831,0.002106189727783203
106919,normal,84,0,1782359633.5505326,0.0020494461059570312
106920,normal,3323,1,1782359633.552624,0.0020914077758789062
106921,normal,2118,0,1782359633.554521,0.0018970966339111328
106922,normal,2236,0,1782359633.5566971,0.002176046371459961
106923,normal,3455,0,1782359633.5585613,0.0018641948699951172
106924,normal,1644,0,1782359633.5605567,0.0019953250885009766
106925,normal,2918,0,1782359633.5628583,0.0023016929626464844
106926,normal,3096,1,1782359633.5645053,0.0016469955444335938
106927,normal,3084,1,1782359633.566494,0.001988649368286133
106928,normal,3264,1,1782359633.5686476,0.002153635025024414
106929,normal,1004,2,1782359633.570764,0.0021164417266845703
106930,normal,2300,0,1782359633.5724285,0.0016644001007080078
106931,normal,1795,0,1782359633.5745904,0.0021619796752929688
106932,normal,656,0,1782359633.576469,0.001878499984741211
106933,normal,3573,0,1782359633.5785534,0.002084493637084961
106934,normal,1098,0,1782359633.580602,0.002048492431640625
106935,normal,3000,0,1782359633.5824711,0.00186920166015625
106936,normal,1210,0,1782359633.5845804,0.0021092891693115234
106937,normal,2506,0,1782359633.5865817,0.0020012855529785156
106938,normal,3434,0,1782359633.5884733,0.0018916130065917969
106939,normal,361,0,1782359633.590629,0.002155780792236328
106940,normal,2901,0,1782359633.5926442,0.0020151138305664062
106941,normal,1704,0,1782359633.5945487,0.0019044876098632812
106942,normal,3269,1,1782359633.596638,0.002089262008666992
106943,normal,1108,0,1782359633.5985813,0.001943349838256836
106944,normal,1216,0,1782359633.6005063,0.0019249916076660156
106945,normal,736,0,1782359633.6026206,0.0021142959594726562
106946,normal,1785,0,1782359633.6046855,0.002064943313598633
106947,normal,2076,0,1782359633.606494,0.0018084049224853516
106948,normal,145,0,1782359633.6085815,0.0020875930786132812
106949,normal,638,0,1782359633.6105845,0.0020029544830322266
106950,normal,1756,0,1782359633.6124809,0.0018963813781738281
106951,normal,3548,0,1782359633.6145966,0.0021157264709472656
106952,normal,59,0,1782359633.6165361,0.001939535140991211
106953,normal,2676,0,1782359633.6183949,0.0018587112426757812
106954,normal,3417,0,1782359633.6205993,0.002204418182373047
106955,normal,1008,2,1782359633.6226156,0.002016305923461914
106956,normal,619,0,1782359633.624625,0.0020093917846679688
106957,normal,792,2,1782359633.6265075,0.0018825531005859375
106958,normal,550,0,1782359633.6286013,0.002093791961669922
106959,normal,172,0,1782359633.6304774,0.0018761157989501953
106960,normal,1629,0,1782359633.632594,0.002116680145263672
106961,normal,1801,0,1782359633.6346006,0.00200653076171875
106962,normal,828,2,1782359633.6364837,0.0018830299377441406
106963,normal,3131,1,1782359633.6386156,0.002131938934326172
106964,normal,1067,0,1782359633.6406546,0.0020389556884765625
106965,normal,2891,0,1782359633.6425374,0.001882791519165039
106966,normal,3383,1,1782359633.6447067,0.002169370651245117
106967,normal,2879,0,1782359633.646629,0.0019223690032958984
106968,normal,2642,0,1782359633.6484902,0.0018610954284667969
106969,normal,2831,0,1782359633.650613,0.0021228790283203125
106970,normal,175,0,1782359633.652621,0.0020079612731933594
106971,normal,3598,0,1782359633.6544807,0.0018596649169921875
106972,normal,1260,0,1782359633.6565936,0.002112865447998047
106973,normal,720,0,1782359633.6585999,0.0020062923431396484
106974,normal,2709,0,1782359633.6605153,0.0019154548645019531
106975,normal,3518,0,1782359633.662689,0.0021736621856689453
106976,normal,3249,1,1782359633.6646428,0.0019538402557373047
106977,normal,1548,0,1782359633.6665978,0.0019550323486328125
106978,normal,827,2,1782359633.6687536,0.002155780792236328
106979,normal,3286,1,1782359633.6708267,0.002073049545288086
106980,normal,976,2,1782359633.672706,0.0018792152404785156
106981,normal,1201,0,1782359633.6746445,0.0019385814666748047
106982,normal,1330,1,1782359633.6766088,0.0019643306732177734
106983,normal,50,0,1782359633.6784797,0.001870870590209961
106984,normal,3043,0,1782359633.680589,0.0021092891693115234
106985,normal,1702,0,1782359633.6825922,0.002003192901611328
106986,normal,3408,0,1782359633.684494,0.001901865005493164
106987,normal,351,0,1782359633.6865861,0.002092123031616211
106988,normal,2539,0,1782359633.6884978,0.0019116401672363281
106989,normal,823,2,1782359633.6904712,0.001973390579223633
106990,normal,1770,0,1782359633.692587,0.0021157264709472656
106991,normal,3529,0,1782359633.6945877,0.0020008087158203125
106992,normal,1301,0,1782359633.6967728,0.0021851062774658203
106993,normal,2897,0,1782359633.6984816,0.0017087459564208984
106994,normal,3669,0,1782359633.700724,0.0022423267364501953
106995,normal,1568,0,1782359633.7026312,0.0019073486328125
106996,normal,2387,0,1782359633.704492,0.0018608570098876953
106997,normal,3362,1,1782359633.7065966,0.002104520797729492
106998,normal,12,0,1782359633.708485,0.001888275146484375
106999,normal,141,0,1782359633.710605,0.0021200180053710938
107000,normal,784,2,1782359633.7127469,0.0021419525146484375
107001,normal,1472,0,1782359633.714435,0.001688241958618164
107002,normal,3367,1,1782359633.7165904,0.002155303955078125
107003,normal,2224,0,1782359633.7185957,0.002005338668823242
107004,normal,3519,0,1782359633.7204988,0.0019030570983886719
107005,normal,3329,1,1782359633.7225783,0.002079486846923828
107006,normal,3344,1,1782359633.7244718,0.0018935203552246094
107007,normal,2353,0,1782359633.7264833,0.002011537551879883
107008,normal,1883,0,1782359633.7285993,0.002115964889526367
107009,normal,2883,0,1782359633.7304695,0.0018701553344726562
107010,normal,1727,0,1782359633.7323937,0.001924276351928711
107011,normal,2622,0,1782359633.734584,0.0021903514862060547
107012,normal,1158,0,1782359633.7365313,0.001947164535522461
107013,normal,2773,0,1782359633.7384777,0.0019464492797851562
107014,normal,2057,0,1782359633.7406876,0.002209901809692383
107015,normal,1533,0,1782359633.7425075,0.0018198490142822266
107016,normal,2641,0,1782359633.7444563,0.0019488334655761719
107017,normal,1952,0,1782359633.7466202,0.0021638870239257812
107018,normal,2908,0,1782359633.748424,0.0018038749694824219
107019,normal,299,0,1782359633.7503998,0.0019757747650146484
107020,normal,3231,1,1782359633.7525942,0.0021944046020507812
107021,normal,1268,0,1782359633.7545369,0.0019426345825195312
107022,normal,3395,1,1782359633.7564943,0.001957416534423828
107023,normal,2031,0,1782359633.7586899,0.002195596694946289
107024,normal,3026,0,1782359633.7608597,0.0021698474884033203
107025,normal,3586,0,1782359633.7623847,0.0015249252319335938
107026,normal,3136,1,1782359633.7645774,0.0021927356719970703
107027,normal,1960,0,1782359633.7667477,0.0021703243255615234
107028,normal,517,0,1782359633.7685275,0.001779794692993164
107029,normal,1735,0,1782359633.770691,0.002163410186767578
107030,normal,1047,0,1782359633.7725492,0.0018582344055175781
107031,normal,2082,0,1782359633.7745388,0.001989603042602539
107032,normal,2316,0,1782359633.7766156,0.002076864242553711
107033,normal,742,0,1782359633.7786913,0.002075672149658203
107034,normal,552,0,1782359633.780781,0.0020897388458251953
107035,normal,2404,0,1782359633.782468,0.0016870498657226562
107036,normal,2714,0,1782359633.7845955,0.002127408981323242
107037,normal,77,0,1782359633.7863975,0.0018019676208496094
107038,normal,71,0,1782359633.7886066,0.002209186553955078
107039,normal,3447,0,1782359633.7906024,0.0019958019256591797
107040,normal,2371,0,1782359633.7923944,0.0017919540405273438
107041,normal,1046,0,1782359633.7945979,0.0022034645080566406
107042,normal,2566,0,1782359633.7966068,0.0020089149475097656
107043,normal,2768,0,1782359633.7983966,0.0017898082733154297
107044,normal,1846,0,1782359633.800618,0.002221345901489258
107045,normal,3676,0,1782359633.8025563,0.0019383430480957031
107046,normal,124,0,1782359633.804457,0.0019006729125976562
107047,normal,2326,0,1782359633.8064947,0.0020377635955810547
107048,normal,3551,0,1782359633.8085964,0.0021016597747802734
107049,normal,1793,0,1782359633.810383,0.0017867088317871094
107050,normal,2737,0,1782359633.8125951,0.002212047576904297
107051,normal,703,0,1782359633.8146048,0.0020096302032470703
107052,normal,425,0,1782359633.8164234,0.0018186569213867188
107053,normal,826,2,1782359633.8185382,0.0021147727966308594
107054,normal,568,0,1782359633.8205945,0.0020563602447509766
107055,normal,3521,0,1782359633.8223863,0.0017917156219482422
107056,normal,2845,0,1782359633.8245115,0.002125263214111328
107057,normal,2825,0,1782359633.8264735,0.001961946487426758
107058,normal,3503,0,1782359633.8284755,0.0020020008087158203
107059,normal,1299,0,1782359633.8304658,0.0019903182983398438
107060,normal,1895,0,1782359633.8324697,0.002003908157348633
107061,normal,598,0,1782359633.8343642,0.0018944740295410156
107062,normal,1475,0,1782359633.8365054,0.002141237258911133
107063,normal,39,0,1782359633.8384912,0.001985788345336914
107064,normal,3235,1,1782359633.840531,0.0020399093627929688
107065,normal,1884,0,1782359633.8426404,0.0021092891693115234
107066,normal,1295,0,1782359633.844594,0.001953601837158203
107067,normal,1230,0,1782359633.8464754,0.0018813610076904297
107068,normal,1122,0,1782359633.8484144,0.0019390583038330078
107069,normal,2478,0,1782359633.8505778,0.002163410186767578
107070,normal,2941,0,1782359633.8525035,0.0019257068634033203
107071,normal,2739,0,1782359633.8543954,0.0018918514251708984
107072,normal,1430,0,1782359633.8564794,0.002084016799926758
107073,normal,520,0,1782359633.8584507,0.0019712448120117188
107074,normal,3194,1,1782359633.8605344,0.0020837783813476562
107075,normal,1451,0,1782359633.8624341,0.00189971923828125
107076,normal,1692,0,1782359633.8644896,0.0020554065704345703
107077,normal,672,0,1782359633.8664656,0.00197601318359375
107078,normal,1932,0,1782359633.8686035,0.002137899398803711
107079,normal,2694,0,1782359633.8703716,0.0017681121826171875
107080,normal,1134,0,1782359633.8725388,0.002167224884033203
107081,normal,237,0,1782359633.874836,0.0022971630096435547
107082,normal,3318,1,1782359633.8766336,0.0017976760864257812
107083,normal,896,2,1782359633.8784132,0.0017795562744140625
107084,normal,1379,1,1782359633.8804898,0.0020766258239746094
107085,normal,149,0,1782359633.882352,0.0018622875213623047
107086,normal,553,0,1782359633.8844745,0.0021224021911621094
107087,normal,3487,0,1782359633.8865008,0.0020263195037841797
107088,normal,1367,1,1782359633.8885145,0.002013683319091797
107089,normal,1121,0,1782359633.890361,0.0018465518951416016
107090,normal,2718,0,1782359633.8924842,0.002123117446899414
107091,normal,3145,1,1782359633.89436,0.0018758773803710938
107092,normal,3443,0,1782359633.8964918,0.0021317005157470703
107093,normal,2390,0,1782359633.8984373,0.00194549560546875
107094,normal,353,0,1782359633.9005814,0.0021440982818603516
107095,normal,1864,0,1782359633.9034312,0.0028498172760009766
107096,normal,2753,0,1782359633.904427,0.0009958744049072266
107097,normal,2621,0,1782359633.9064183,0.00199127197265625
107098,normal,3180,1,1782359633.908468,0.002049684524536133
107099,normal,3315,1,1782359633.9105475,0.002079486846923828
107100,normal,2627,0,1782359633.9126031,0.002055644989013672
107101,normal,1005,2,1782359633.9145994,0.001996278762817383
107102,normal,290,0,1782359633.916549,0.0019495487213134766
107103,normal,2646,0,1782359633.9183755,0.0018265247344970703
107104,normal,2235,0,1782359633.920623,0.0022475719451904297
107105,normal,942,2,1782359633.9224856,0.0018625259399414062
107106,normal,1657,0,1782359633.9243922,0.0019066333770751953
107107,normal,396,0,1782359633.926457,0.0020647048950195312
107108,normal,1717,0,1782359633.9283593,0.0019023418426513672
107109,normal,1978,0,1782359633.9304686,0.0021092891693115234
107110,normal,161,0,1782359633.932363,0.0018944740295410156
107111,normal,748,0,1782359633.9344692,0.002106189727783203
107112,normal,3540,0,1782359633.9363663,0.0018970966339111328
107113,normal,482,0,1782359633.9384642,0.0020978450775146484
107114,normal,138,0,1782359633.9403641,0.0018999576568603516
107115,normal,3189,1,1782359633.9423823,0.0020182132720947266
107116,normal,2738,0,1782359633.944544,0.002161741256713867
107117,normal,1882,0,1782359633.9465008,0.0019567012786865234
107118,normal,2843,0,1782359633.9483874,0.001886606216430664
107119,normal,1391,0,1782359633.9504724,0.002084970474243164
107120,normal,2468,0,1782359633.952731,0.0022585391998291016
107121,normal,2186,0,1782359633.9547005,0.001969575881958008
107122,normal,3510,0,1782359633.956727,0.0020265579223632812
107123,normal,3236,1,1782359633.9591832,0.002456188201904297
107124,normal,1552,0,1782359633.9604568,0.0012736320495605469
107125,normal,2860,0,1782359633.962367,0.0019102096557617188
107126,normal,3233,1,1782359633.9645264,0.0021593570709228516
107127,normal,773,2,1782359633.9663641,0.0018377304077148438
107128,normal,1458,0,1782359633.9683924,0.002028226852416992
107129,normal,1116,0,1782359633.9704087,0.002016305923461914
107130,normal,1938,0,1782359633.9725182,0.002109527587890625
107131,normal,2312,0,1782359633.9744596,0.0019414424896240234
107132,normal,1913,0,1782359633.9764636,0.002003908157348633
107133,normal,1875,0,1782359633.9784243,0.00196075439453125
107134,normal,3527,0,1782359633.9811625,0.0027382373809814453
107135,normal,284,0,1782359633.9824839,0.0013213157653808594
107136,normal,2129,0,1782359633.984555,0.0020711421966552734
107137,normal,2124,0,1782359633.986708,0.0021529197692871094
107138,normal,1185,0,1782359633.9884193,0.0017113685607910156
107139,normal,2488,0,1782359633.990431,0.0020117759704589844
107140,normal,2922,0,1782359633.9924536,0.0020225048065185547
107141,normal,2341,0,1782359633.994408,0.001954317092895508
107142,normal,3067,1,1782359633.9964674,0.002059459686279297
107143,normal,2504,0,1782359633.998485,0.0020177364349365234
107144,normal,2036,0,1782359634.0004988,0.002013683319091797
107145,normal,489,0,1782359634.0026603,0.0021615028381347656
107146,normal,2817,0,1782359634.0046115,0.0019512176513671875
107147,normal,2440,0,1782359634.006481,0.0018694400787353516
107148,normal,2662,0,1782359634.0086133,0.002132415771484375
107149,normal,2932,0,1782359634.0105891,0.0019757747650146484
107150,normal,434,0,1782359634.0125008,0.0019116401672363281
107151,normal,1332,1,1782359634.0145414,0.0020406246185302734
107152,normal,563,0,1782359634.0165372,0.0019958019256591797
107153,normal,839,2,1782359634.018389,0.001851797103881836
107154,normal,2624,0,1782359634.0206475,0.0022585391998291016
107155,normal,2512,0,1782359634.0225234,0.0018758773803710938
107156,normal,3334,1,1782359634.0245361,0.0020127296447753906
107157,normal,2391,0,1782359634.026643,0.002106904983520508
107158,normal,1253,0,1782359634.0286088,0.001965761184692383
107159,normal,2682,0,1782359634.0305295,0.0019207000732421875
107160,normal,2583,0,1782359634.0325272,0.001997709274291992
107161,normal,1279,0,1782359634.0346587,0.0021314620971679688
107162,normal,1943,0,1782359634.036618,0.0019593238830566406
107163,normal,3247,1,1782359634.0385208,0.0019028186798095703
107164,normal,585,0,1782359634.040559,0.002038240432739258
107165,normal,1859,0,1782359634.0425518,0.0019927024841308594
107166,normal,3312,1,1782359634.0444565,0.0019047260284423828
107167,normal,3420,0,1782359634.0466163,0.0021598339080810547
107168,normal,3111,1,1782359634.0485241,0.0019078254699707031
107169,normal,683,0,1782359634.0505188,0.001994609832763672
107170,normal,1245,0,1782359634.052595,0.0020761489868164062
107171,normal,2267,0,1782359634.054713,0.0021181106567382812
107172,normal,645,0,1782359634.056722,0.0020089149475097656
107173,normal,3011,0,1782359634.0591683,0.002446413040161133
107174,normal,1305,0,1782359634.060404,0.0012357234954833984
107175,normal,604,0,1782359634.0626578,0.0022537708282470703
107176,normal,2372,0,1782359634.064528,0.0018701553344726562
107177,normal,2106,0,1782359634.0664325,0.0019044876098632812
107178,normal,680,0,1782359634.0685778,0.0021452903747558594
107179,normal,3243,1,1782359634.0705948,0.0020170211791992188
107180,normal,1781,0,1782359634.0724761,0.0018813610076904297
107181,normal,3316,1,1782359634.0745044,0.002028226852416992
107182,normal,2909,0,1782359634.0764632,0.0019588470458984375
107183,normal,994,2,1782359634.0784469,0.001983642578125
107184,normal,1849,0,1782359634.0806231,0.0021762847900390625
107185,normal,1100,0,1782359634.082796,0.0021729469299316406
107186,normal,2844,0,1782359634.0845094,0.0017132759094238281
107187,normal,244,0,1782359634.0864677,0.0019583702087402344
107188,normal,2386,0,1782359634.0884106,0.0019428730010986328
107189,normal,2630,0,1782359634.0903935,0.0019829273223876953
107190,normal,802,2,1782359634.0924292,0.0020356178283691406
107191,normal,1821,0,1782359634.0944016,0.0019724369049072266
107192,normal,3214,1,1782359634.096429,0.0020275115966796875
107193,normal,3413,0,1782359634.0983784,0.001949310302734375
107194,normal,3228,1,1782359634.1004386,0.0020601749420166016
107195,normal,1693,0,1782359634.102421,0.001982450485229492
107196,normal,2590,0,1782359634.1045952,0.0021741390228271484
107197,normal,2417,0,1782359634.1064708,0.0018756389617919922
107198,normal,1131,0,1782359634.1085894,0.0021185874938964844
107199,normal,2742,0,1782359634.1107144,0.0021250247955322266
107200,normal,1349,1,1782359634.112472,0.0017576217651367188
107201,normal,2862,0,1782359634.114461,0.0019888877868652344
107202,normal,3348,1,1782359634.1165073,0.002046346664428711
107203,normal,1517,0,1782359634.1184866,0.001979351043701172
107204,normal,321,0,1782359634.1204998,0.0020132064819335938
107205,normal,2439,0,1782359634.1224463,0.0019464492797851562
107206,normal,3223,1,1782359634.124519,0.0020728111267089844
107207,normal,1414,0,1782359634.1265445,0.0020253658294677734
107208,normal,3049,1,1782359634.128575,0.002030611038208008
107209,normal,2352,0,1782359634.1305113,0.001936197280883789
107210,normal,2154,0,1782359634.1325285,0.0020172595977783203
107211,normal,3259,1,1782359634.1345768,0.0020482540130615234
107212,normal,2232,0,1782359634.1365814,0.0020046234130859375
107213,normal,2246,0,1782359634.1383276,0.0017461776733398438
107214,normal,1163,0,1782359634.1403801,0.0020525455474853516
107215,normal,690,0,1782359634.14253,0.002149820327758789
107216,normal,184,0,1782359634.1446824,0.0021524429321289062
107217,normal,1343,1,1782359634.1469486,0.0022661685943603516
107218,normal,1640,0,1782359634.1486528,0.0017042160034179688
107219,normal,3636,0,1782359634.1506145,0.0019617080688476562
107220,normal,2409,0,1782359634.1526506,0.0020360946655273438
107221,normal,3289,1,1782359634.1548684,0.0022177696228027344
107222,normal,1899,0,1782359634.1567295,0.0018610954284667969
107223,normal,2507,0,1782359634.159348,0.002618551254272461
107224,normal,1181,0,1782359634.1605906,0.0012426376342773438
107225,normal,1105,0,1782359634.1626475,0.0020568370819091797
107226,normal,602,0,1782359634.1646278,0.001980304718017578
107227,normal,1835,0,1782359634.1667063,0.002078533172607422
107228,normal,1979,0,1782359634.1686213,0.00191497802734375
107229,normal,2656,0,1782359634.1704164,0.001795053482055664
107230,normal,3085,1,1782359634.1725152,0.0020987987518310547
107231,normal,1205,0,1782359634.174429,0.0019137859344482422
107232,normal,2178,0,1782359634.1765215,0.002092599868774414
107233,normal,3175,1,1782359634.1787705,0.002249002456665039
107234,normal,2204,0,1782359634.180464,0.0016934871673583984
107235,normal,1150,0,1782359634.182505,0.002040863037109375
107236,normal,2494,0,1782359634.1846032,0.0020983219146728516
107237,normal,1598,0,1782359634.1864364,0.001833200454711914
107238,normal,3161,1,1782359634.1885104,0.002074003219604492
107239,normal,519,0,1782359634.1906574,0.0021469593048095703
107240,normal,2100,0,1782359634.1933281,0.002670764923095703
107241,normal,723,0,1782359634.1947823,0.0014541149139404297
107242,normal,3635,0,1782359634.1965897,0.0018074512481689453
107243,normal,1324,1,1782359634.1984413,0.0018515586853027344
107244,normal,2146,0,1782359634.2005937,0.0021524429321289062
107245,normal,324,0,1782359634.2025082,0.0019145011901855469
107246,normal,1542,0,1782359634.2047026,0.0021944046020507812
107247,normal,2952,0,1782359634.2067657,0.0020630359649658203
107248,normal,2081,0,1782359634.208911,0.0021452903747558594
107249,normal,2098,0,1782359634.2105262,0.001615285873413086
107250,normal,1086,0,1782359634.2126014,0.0020751953125
107251,normal,1358,1,1782359634.2144542,0.0018527507781982422
107252,normal,164,0,1782359634.216542,0.002087831497192383
107253,normal,3470,0,1782359634.2184334,0.0018913745880126953
107254,normal,1469,0,1782359634.2204406,0.0020072460174560547
107255,normal,3415,0,1782359634.2225742,0.002133607864379883
107256,normal,199,0,1782359634.2244713,0.0018970966339111328
107257,normal,3245,1,1782359634.2267048,0.0022335052490234375
107258,normal,2775,0,1782359634.2285035,0.0017986297607421875
107259,normal,479,0,1782359634.2306783,0.002174854278564453
107260,normal,782,2,1782359634.2326174,0.0019390583038330078
107261,normal,3064,1,1782359634.235098,0.0024805068969726562
107262,normal,34,0,1782359634.2368898,0.0017919540405273438
107263,normal,2705,0,1782359634.2386463,0.001756429672241211
107264,normal,2356,0,1782359634.240698,0.002051830291748047
107265,normal,228,0,1782359634.2427576,0.002059459686279297
107266,normal,1880,0,1782359634.244798,0.002040386199951172
107267,normal,1120,0,1782359634.2464943,0.0016963481903076172
107268,normal,2318,0,1782359634.2484999,0.0020055770874023438
107269,normal,1512,0,1782359634.2505686,0.002068758010864258
107270,normal,76,0,1782359634.2524755,0.0019068717956542969
107271,normal,641,0,1782359634.2546778,0.002202272415161133
107272,normal,1544,0,1782359634.256643,0.0019652843475341797
107273,normal,1398,0,1782359634.2586198,0.0019767284393310547
107274,normal,117,0,1782359634.2606866,0.0020668506622314453
107275,normal,3579,0,1782359634.2625883,0.0019016265869140625
107276,normal,998,2,1782359634.2644162,0.0018279552459716797
107277,normal,1891,0,1782359634.2667222,0.0023059844970703125
107278,normal,60,0,1782359634.2685778,0.001855611801147461
107279,normal,2171,0,1782359634.2715192,0.0029413700103759766
107280,normal,1751,0,1782359634.2731986,0.0016794204711914062
107281,normal,504,0,1782359634.2750146,0.0018160343170166016
107282,normal,1617,0,1782359634.2765975,0.0015828609466552734
107283,normal,1924,0,1782359634.2785828,0.001985311508178711
107284,normal,2172,0,1782359634.2805946,0.0020117759704589844
107285,normal,1858,0,1782359634.2825408,0.0019462108612060547
107286,normal,3524,0,1782359634.2846334,0.002092599868774414
107287,normal,394,0,1782359634.2874956,0.002862215042114258
107288,normal,206,0,1782359634.2887108,0.001215219497680664
107289,normal,2599,0,1782359634.2904935,0.0017826557159423828
107290,normal,73,0,1782359634.2925735,0.0020799636840820312
107291,normal,1425,0,1782359634.2944934,0.0019199848175048828
107292,normal,1823,0,1782359634.2965467,0.0020532608032226562
107293,normal,1063,0,1782359634.2984245,0.0018777847290039062
107294,normal,2368,0,1782359634.300545,0.002120494842529297
107295,normal,3436,0,1782359634.3024275,0.0018825531005859375
107296,normal,1505,0,1782359634.3047898,0.0023622512817382812
107297,normal,2258,0,1782359634.306655,0.0018651485443115234
107298,normal,3665,0,1782359634.30847,0.0018150806427001953
107299,normal,987,2,1782359634.3106208,0.0021507740020751953
107300,normal,1784,0,1782359634.3127544,0.002133607864379883
107301,normal,2998,0,1782359634.3144708,0.0017163753509521484
107302,normal,3150,1,1782359634.3168056,0.0023348331451416016
107303,normal,3280,1,1782359634.3185992,0.0017936229705810547
107304,normal,1099,0,1782359634.3206332,0.0020339488983154297
107305,normal,3229,1,1782359634.3225386,0.0019054412841796875
107306,normal,901,2,1782359634.3247018,0.0021631717681884766
107307,normal,1610,0,1782359634.3269079,0.002206087112426758
107308,normal,3065,1,1782359634.3284674,0.0015594959259033203
107309,normal,3123,1,1782359634.3306074,0.002140045166015625
107310,normal,788,2,1782359634.3324282,0.0018208026885986328
107311,normal,400,0,1782359634.33458,0.0021517276763916016
107312,normal,1232,0,1782359634.336504,0.0019240379333496094
107313,normal,1510,0,1782359634.3385317,0.002027750015258789
107314,normal,1777,0,1782359634.3405793,0.0020475387573242188
107315,normal,749,0,1782359634.3425114,0.0019321441650390625
107316,normal,1385,0,1782359634.3444679,0.001956462860107422
107317,normal,686,0,1782359634.3464696,0.0020017623901367188
107318,normal,87,0,1782359634.348464,0.0019943714141845703
107319,normal,55,0,1782359634.3504863,0.002022266387939453
107320,normal,150,0,1782359634.352438,0.0019516944885253906
107321,normal,33,0,1782359634.3545055,0.00206756591796875
107322,normal,1211,0,1782359634.356476,0.001970529556274414
107323,normal,1876,0,1782359634.3585463,0.002070188522338867
107324,normal,3606,0,1782359634.3606403,0.0020940303802490234
107325,normal,1715,0,1782359634.3626058,0.0019655227661132812
107326,normal,2629,0,1782359634.3647707,0.0021648406982421875
107327,normal,1986,0,1782359634.3666363,0.0018656253814697266
107328,normal,2791,0,1782359634.3685253,0.0018889904022216797
107329,normal,1262,0,1782359634.3707063,0.0021810531616210938
107330,normal,3368,1,1782359634.372539,0.001832723617553711
107331,normal,177,0,1782359634.3747215,0.002182483673095703
107332,normal,2859,0,1782359634.3765466,0.001825094223022461
107333,normal,2169,0,1782359634.3785815,0.002034902572631836
107334,normal,3337,1,1782359634.3804142,0.001832723617553711
107335,normal,277,0,1782359634.3825214,0.0021071434020996094
107336,normal,1426,0,1782359634.3844142,0.0018928050994873047
107337,normal,377,0,1782359634.3866985,0.0022842884063720703
107338,normal,133,0,1782359634.3884683,0.0017697811126708984
107339,normal,2835,0,1782359634.3905253,0.0020570755004882812
107340,normal,1499,0,1782359634.3924255,0.0019001960754394531
107341,normal,2436,0,1782359634.39463,0.002204418182373047
107342,normal,1980,0,1782359634.3964303,0.0018002986907958984
107343,normal,269,0,1782359634.3988018,0.002371549606323242
107344,normal,2045,0,1782359634.4011607,0.0023589134216308594
107345,normal,3148,1,1782359634.4027655,0.0016047954559326172
107346,normal,260,0,1782359634.4044285,0.0016629695892333984
107347,normal,860,2,1782359634.406534,0.0021054744720458984
107348,normal,3565,0,1782359634.4084487,0.0019147396087646484
107349,normal,2266,0,1782359634.4106107,0.0021619796752929688
107350,normal,383,0,1782359634.4124677,0.0018570423126220703
107351,normal,3116,1,1782359634.414778,0.0023102760314941406
107352,normal,2758,0,1782359634.4166992,0.0019211769104003906
107353,normal,2191,0,1782359634.4186738,0.0019745826721191406
107354,normal,1619,0,1782359634.42047,0.0017962455749511719
107355,normal,2553,0,1782359634.4225304,0.002060413360595703
107356,normal,1855,0,1782359634.4244344,0.0019040107727050781
107357,normal,2138,0,1782359634.4266367,0.002202272415161133
107358,normal,2765,0,1782359634.4284146,0.0017778873443603516
107359,normal,2405,0,1782359634.430524,0.002109527587890625
107360,normal,1020,2,1782359634.432433,0.0019087791442871094
107361,normal,146,0,1782359634.4345164,0.0020835399627685547
107362,normal,225,0,1782359634.436492,0.001975536346435547
107363,normal,2476,0,1782359634.4389775,0.002485513687133789
107364,normal,3511,0,1782359634.4404964,0.0015189647674560547
107365,normal,3633,0,1782359634.4425523,0.0020558834075927734
107366,normal,2550,0,1782359634.444684,0.0021317005157470703
107367,normal,609,0,1782359634.4465501,0.0018661022186279297
107368,normal,3493,0,1782359634.4488332,0.0022830963134765625
107369,normal,2166,0,1782359634.450749,0.0019156932830810547
107370,normal,2123,0,1782359634.4526348,0.0018858909606933594
107371,normal,874,2,1782359634.4550292,0.002394437789916992
107372,normal,2523,0,1782359634.456943,0.0019137859344482422
107373,normal,2328,0,1782359634.4586318,0.0016887187957763672
107374,normal,2465,0,1782359634.4607484,0.002116680145263672
107375,normal,804,2,1782359634.462381,0.0016324520111083984
107376,normal,114,0,1782359634.4647326,0.0023517608642578125
107377,normal,840,2,1782359634.4665842,0.0018515586853027344
107378,normal,3053,1,1782359634.4684317,0.0018475055694580078
107379,normal,525,0,1782359634.4706972,0.002265453338623047
107380,normal,2119,0,1782359634.4723797,0.0016825199127197266
107381,normal,2684,0,1782359634.474509,0.0021293163299560547
107382,normal,1139,0,1782359634.4764266,0.0019176006317138672
107383,normal,1212,0,1782359634.4785135,0.0020868778228759766
107384,normal,2182,0,1782359634.4804087,0.0018951892852783203
107385,normal,3022,0,1782359634.4828708,0.002462148666381836
107386,normal,3468,0,1782359634.484637,0.001766204833984375
107387,normal,102,0,1782359634.4867802,0.0021431446075439453
107388,normal,1826,0,1782359634.488896,0.0021157264709472656
107389,normal,1065,0,1782359634.4905179,0.0016219615936279297
107390,normal,3435,0,1782359634.492557,0.002039194107055664
107391,normal,2612,0,1782359634.4943829,0.0018258094787597656
107392,normal,23,0,1782359634.4965756,0.0021927356719970703
107393,normal,1754,0,1782359634.498521,0.00194549560546875
107394,normal,2183,0,1782359634.5009694,0.0024483203887939453
107395,normal,2364,0,1782359634.5027878,0.0018184185028076172
107396,normal,3077,1,1782359634.5052752,0.0024874210357666016
107397,normal,13,0,1782359634.50643,0.0011546611785888672
107398,normal,1465,0,1782359634.508476,0.0020461082458496094
107399,normal,694,0,1782359634.510385,0.001909017562866211
107400,normal,1628,0,1782359634.5124311,0.0020461082458496094
107401,normal,791,2,1782359634.5144176,0.0019865036010742188
107402,normal,1503,0,1782359634.51643,0.0020122528076171875
107403,normal,2592,0,1782359634.5183814,0.001951456069946289
107404,normal,2875,0,1782359634.5204399,0.0020585060119628906
107405,normal,1963,0,1782359634.5225332,0.0020933151245117188
107406,normal,454,0,1782359634.5244904,0.0019571781158447266
107407,normal,2185,0,1782359634.5264235,0.0019330978393554688
107408,normal,508,0,1782359634.5285764,0.0021529197692871094
107409,normal,3253,1,1782359634.5305996,0.0020232200622558594
107410,normal,1861,0,1782359634.53259,0.0019903182983398438
107411,normal,32,0,1782359634.5345159,0.0019259452819824219
107412,normal,1461,0,1782359634.536725,0.002209186553955078
107413,normal,3370,1,1782359634.5385408,0.0018157958984375
107414,normal,2971,0,1782359634.5405402,0.001999378204345703
107415,normal,1233,0,1782359634.5426078,0.00206756591796875
107416,normal,2477,0,1782359634.5448868,0.002279043197631836
107417,normal,1460,0,1782359634.5464602,0.001573324203491211
107418,normal,3411,0,1782359634.5486023,0.002142190933227539
107419,normal,3168,1,1782359634.550646,0.0020437240600585938
107420,normal,1581,0,1782359634.5526893,0.0020432472229003906
107421,normal,1870,0,1782359634.554531,0.0018417835235595703
107422,normal,3287,1,1782359634.5567095,0.0021784305572509766
107423,normal,1070,0,1782359634.5584023,0.0016927719116210938
107424,normal,1397,0,1782359634.5604994,0.0020971298217773438
107425,normal,560,0,1782359634.5627496,0.002250194549560547
107426,normal,1778,0,1782359634.5649846,0.002234935760498047
107427,normal,1204,0,1782359634.5666192,0.0016345977783203125
107428,normal,2748,0,1782359634.5688481,0.002228975296020508
107429,normal,3100,1,1782359634.5706458,0.0017976760864257812
107430,normal,2228,0,1782359634.572649,0.002003192901611328
107431,normal,1639,0,1782359634.574636,0.001986980438232422
107432,normal,3481,0,1782359634.5765214,0.0018854141235351562
107433,normal,308,0,1782359634.5785236,0.002002239227294922
107434,normal,2828,0,1782359634.5808861,0.002362489700317383
107435,normal,770,0,1782359634.5825078,0.0016217231750488281
107436,normal,2248,0,1782359634.5850775,0.0025696754455566406
107437,normal,3354,1,1782359634.586543,0.0014655590057373047
107438,normal,3272,1,1782359634.588491,0.0019478797912597656
107439,normal,1792,0,1782359634.5905337,0.0020427703857421875
107440,normal,2177,0,1782359634.5925238,0.001990079879760742
107441,normal,1698,0,1782359634.5944364,0.0019125938415527344
107442,normal,3089,1,1782359634.596686,0.002249479293823242
107443,normal,2808,0,1782359634.5984569,0.0017709732055664062
107444,normal,3120,1,1782359634.6005518,0.0020949840545654297
107445,normal,1684,0,1782359634.602396,0.001844167709350586
107446,normal,2746,0,1782359634.6045876,0.0021915435791015625
107447,normal,1407,0,1782359634.606434,0.0018465518951416016
107448,normal,861,2,1782359634.608496,0.0020618438720703125
107449,normal,1916,0,1782359634.6108806,0.002384662628173828
107450,normal,857,2,1782359634.6128633,0.0019826889038085938
107451,normal,3623,0,1782359634.6144404,0.001577138900756836
107452,normal,2485,0,1782359634.6167524,0.0023119449615478516
107453,normal,3306,1,1782359634.6184404,0.0016880035400390625
107454,normal,2432,0,1782359634.6205916,0.0021512508392333984
107455,normal,2937,0,1782359634.622495,0.0019032955169677734
107456,normal,3360,1,1782359634.625015,0.0025200843811035156
107457,normal,2655,0,1782359634.626505,0.001489877700805664
107458,normal,2638,0,1782359634.6290224,0.0025174617767333984
107459,normal,1277,0,1782359634.6305902,0.001567840576171875
107460,normal,1752,0,1782359634.6326535,0.002063274383544922
107461,normal,279,0,1782359634.6344457,0.0017921924591064453
107462,normal,1043,0,1782359634.6364248,0.0019791126251220703
107463,normal,1519,0,1782359634.638538,0.0021131038665771484
107464,normal,2174,0,1782359634.640535,0.001997232437133789
107465,normal,769,0,1782359634.6424217,0.001886606216430664
107466,normal,1755,0,1782359634.644723,0.0023012161254882812
107467,normal,833,2,1782359634.6469622,0.002239227294921875
107468,normal,3708,0,1782359634.6485708,0.0016086101531982422
107469,normal,2277,0,1782359634.6507335,0.0021626949310302734
107470,normal,2974,0,1782359634.652606,0.0018725395202636719
107471,normal,817,2,1782359634.6546884,0.002082347869873047
107472,normal,2151,0,1782359634.656592,0.001903533935546875
107473,normal,1645,0,1782359634.6584766,0.0018846988677978516
107474,normal,2788,0,1782359634.6605964,0.002119779586791992
107475,normal,2281,0,1782359634.6627483,0.002151966094970703
107476,normal,2221,0,1782359634.6646254,0.0018770694732666016
107477,normal,2872,0,1782359634.6666148,0.0019893646240234375
107478,normal,2636,0,1782359634.6684268,0.001811981201171875
107479,normal,814,2,1782359634.6707978,0.002371072769165039
107480,normal,2503,0,1782359634.673046,0.0022482872009277344
107481,normal,2527,0,1782359634.6745396,0.0014934539794921875
107482,normal,2160,0,1782359634.6765897,0.002050161361694336
107483,normal,1728,0,1782359634.6785073,0.0019176006317138672
107484,normal,1736,0,1782359634.6804895,0.0019822120666503906
107485,normal,1165,0,1782359634.6825564,0.0020668506622314453
107486,normal,2425,0,1782359634.684447,0.0018906593322753906
107487,normal,2148,0,1782359634.6865346,0.0020875930786132812
107488,normal,2452,0,1782359634.6884224,0.0018877983093261719
107489,normal,767,0,1782359634.6908593,0.0024368762969970703
107490,normal,436,0,1782359634.6931784,0.0023190975189208984
107491,normal,3379,1,1782359634.6948092,0.0016307830810546875
107492,normal,515,0,1782359634.6965756,0.0017664432525634766
107493,normal,83,0,1782359634.6986375,0.0020618438720703125
107494,normal,1022,2,1782359634.7006145,0.0019769668579101562
107495,normal,2414,0,1782359634.7023895,0.0017750263214111328
107496,normal,1496,0,1782359634.7045767,0.0021872520446777344
107497,normal,291,0,1782359634.7069993,0.0024225711822509766
107498,normal,502,0,1782359634.708652,0.0016527175903320312
107499,normal,946,2,1782359634.7105465,0.0018944740295410156
107500,normal,1269,0,1782359634.7126024,0.0020558834075927734
107501,normal,2383,0,1782359634.7143948,0.0017924308776855469
107502,normal,2291,0,1782359634.7165391,0.002144336700439453
107503,normal,646,0,1782359634.7184265,0.0018873214721679688
107504,normal,1188,0,1782359634.720772,0.002345561981201172
107505,normal,1421,0,1782359634.7228725,0.0021004676818847656
107506,normal,1699,0,1782359634.7245839,0.0017113685607910156
107507,normal,254,0,1782359634.7265847,0.0020008087158203125
107508,normal,740,0,1782359634.7286832,0.002098560333251953
107509,normal,3317,1,1782359634.7305703,0.0018870830535888672
107510,normal,565,0,1782359634.7325995,0.0020291805267333984
107511,normal,2147,0,1782359634.7350547,0.0024552345275878906
107512,normal,3039,0,1782359634.7366834,0.0016286373138427734
107513,normal,811,2,1782359634.738576,0.0018925666809082031
107514,normal,797,2,1782359634.740411,0.0018351078033447266
107515,normal,24,0,1782359634.7427573,0.0023462772369384766
107516,normal,3651,0,1782359634.744627,0.0018696784973144531
107517,normal,1827,0,1782359634.746467,0.0018401145935058594
107518,normal,3482,0,1782359634.7485065,0.0020394325256347656
107519,normal,2117,0,1782359634.7504013,0.0018947124481201172
107520,normal,148,0,1782359634.7524736,0.0020723342895507812
107521,normal,682,0,1782359634.754601,0.002127408981323242
107522,normal,1365,1,1782359634.756592,0.0019910335540771484
107523,normal,1476,0,1782359634.7586784,0.0020864009857177734
107524,normal,2053,0,1782359634.7605197,0.0018413066864013672
107525,normal,2134,0,1782359634.7624984,0.001978635787963867
107526,normal,3644,0,1782359634.764571,0.002072572708129883
107527,normal,213,0,1782359634.7666187,0.0020477771759033203
107528,normal,1267,0,1782359634.768619,0.0020003318786621094
107529,normal,3242,1,1782359634.7706063,0.0019872188568115234
107530,normal,3069,1,1782359634.7725813,0.0019750595092773438
107531,normal,3024,0,1782359634.7744055,0.0018241405487060547
107532,normal,979,2,1782359634.7764103,0.002004861831665039
107533,normal,1559,0,1782359634.7788773,0.002466917037963867
107534,normal,2306,0,1782359634.7805858,0.0017085075378417969
107535,normal,1248,0,1782359634.7826378,0.0020520687103271484
107536,normal,1137,0,1782359634.7848523,0.0022144317626953125
107537,normal,238,0,1782359634.786584,0.0017316341400146484
107538,normal,965,2,1782359634.7888348,0.0022509098052978516
107539,normal,1556,0,1782359634.7905185,0.0016837120056152344
107540,normal,920,2,1782359634.792763,0.0022444725036621094
107541,normal,31,0,1782359634.7946343,0.001871347427368164
107542,normal,834,2,1782359634.7967484,0.0021140575408935547
107543,normal,3522,0,1782359634.798394,0.0016455650329589844
107544,normal,595,0,1782359634.8005035,0.002109527587890625
107545,normal,1969,0,1782359634.8024037,0.0019001960754394531
107546,normal,1971,0,1782359634.804506,0.002102375030517578
107547,normal,3196,1,1782359634.8067126,0.002206563949584961
107548,normal,2806,0,1782359634.8087094,0.001996755599975586
107549,normal,3563,0,1782359634.8104877,0.0017783641815185547
107550,normal,3040,0,1782359634.812504,0.002016305923461914
107551,normal,323,0,1782359634.8145046,0.002000570297241211
107552,normal,643,0,1782359634.8163984,0.001893758773803711
107553,normal,3458,0,1782359634.8185117,0.00211334228515625
107554,normal,218,0,1782359634.82128,0.002768278121948242
107555,normal,1003,2,1782359634.8229558,0.0016758441925048828
107556,normal,1740,0,1782359634.8245976,0.0016417503356933594
107557,normal,3199,1,1782359634.8266358,0.002038240432739258
107558,normal,596,0,1782359634.8285358,0.0018999576568603516
107559,normal,2810,0,1782359634.8306108,0.0020749568939208984
107560,normal,2674,0,1782359634.832589,0.001978158950805664
107561,normal,194,0,1782359634.8344624,0.0018734931945800781
107562,normal,3059,1,1782359634.836928,0.002465486526489258
107563,normal,2726,0,1782359634.8386297,0.0017018318176269531
107564,normal,586,0,1782359634.8404348,0.0018050670623779297
107565,normal,2466,0,1782359634.8425426,0.002107858657836914
107566,normal,3225,1,1782359634.844534,0.00199127197265625
107567,normal,51,0,1782359634.8464227,0.0018887519836425781
107568,normal,2812,0,1782359634.84862,0.002197265625
107569,normal,1083,0,1782359634.8506925,0.002072572708129883
107570,normal,2354,0,1782359634.852472,0.0017795562744140625
107571,normal,1830,0,1782359634.8546243,0.0021522045135498047
107572,normal,2866,0,1782359634.8565402,0.0019159317016601562
107573,normal,1642,0,1782359634.8587198,0.0021796226501464844
107574,normal,1531,0,1782359634.8608372,0.0021173954010009766
107575,normal,3624,0,1782359634.862757,0.0019197463989257812
107576,normal,677,0,1782359634.8648899,0.002132892608642578
107577,normal,892,2,1782359634.8666458,0.0017559528350830078
107578,normal,1934,0,1782359634.8687603,0.002114534378051758
107579,normal,3615,0,1782359634.870575,0.0018146038055419922
107580,normal,3683,0,1782359634.872641,0.0020661354064941406
107581,normal,1819,0,1782359634.8746836,0.002042531967163086
107582,normal,3155,1,1782359634.876455,0.0017714500427246094
107583,normal,584,0,1782359634.8786185,0.002163410186767578
107584,normal,3147,1,1782359634.8804898,0.001871347427368164
107585,normal,1076,0,1782359634.8825414,0.0020515918731689453
107586,normal,3555,0,1782359634.8846536,0.002112150192260742
107587,normal,3146,1,1782359634.8866284,0.001974821090698242
107588,normal,3237,1,1782359634.8885744,0.0019459724426269531
107589,normal,2021,0,1782359634.8911626,0.0025882720947265625
107590,normal,2265,0,1782359673.1408203,0.0
107591,normal,3104,1,1782359673.1429114,0.0020911693572998047
107592,normal,1912,0,1782359673.1449914,0.0020799636840820312
107593,normal,2193,0,1782359673.1469278,0.0019364356994628906
107594,normal,1253,0,1782359673.1489444,0.0020165443420410156
107595,normal,985,2,1782359673.1508586,0.0019142627716064453
107596,normal,1875,0,1782359673.1528316,0.0019729137420654297
107597,normal,882,2,1782359673.154836,0.002004384994506836
107598,normal,2702,0,1782359673.1569915,0.0021555423736572266
107599,normal,2082,0,1782359673.1587942,0.001802682876586914
107600,normal,3061,1,1782359673.1608264,0.0020322799682617188
107601,normal,2870,0,1782359673.1630461,0.002219676971435547
107602,normal,311,0,1782359673.1648698,0.0018236637115478516
107603,normal,15,0,1782359673.1670744,0.0022046566009521484
107604,normal,3326,1,1782359673.1690693,0.0019948482513427734
107605,normal,2273,0,1782359673.1708767,0.0018074512481689453
107606,normal,2690,0,1782359673.1734161,0.002539396286010742
107607,normal,1622,0,1782359673.17491,0.0014939308166503906
107608,normal,2875,0,1782359673.1770236,0.0021135807037353516
107609,normal,2433,0,1782359673.1789763,0.0019526481628417969
107610,normal,1743,0,1782359673.1808434,0.001867055892944336
107611,normal,2957,0,1782359673.182852,0.002008676528930664
107612,normal,622,0,1782359673.184827,0.0019750595092773438
107613,normal,976,2,1782359673.1869032,0.0020761489868164062
107614,normal,2187,0,1782359673.1888597,0.001956462860107422
107615,normal,2571,0,1782359673.1908393,0.0019795894622802734
107616,normal,2765,0,1782359673.1929476,0.002108335494995117
107617,normal,862,2,1782359673.1948469,0.0018992424011230469
107618,normal,1134,0,1782359673.1968386,0.001991748809814453
107619,normal,1564,0,1782359673.1989136,0.0020749568939208984
107620,normal,33,0,1782359673.2008533,0.0019397735595703125
107621,normal,3335,1,1782359673.202825,0.001971721649169922
107622,normal,1941,0,1782359673.2049232,0.00209808349609375
107623,normal,3438,0,1782359673.2068405,0.0019173622131347656
107624,normal,440,0,1782359673.2088497,0.002009153366088867
107625,normal,694,0,1782359673.2109241,0.0020744800567626953
107626,normal,2520,0,1782359673.2128494,0.0019252300262451172
107627,normal,290,0,1782359673.2148244,0.0019750595092773438
107628,normal,3651,0,1782359673.21692,0.002095460891723633
107629,normal,886,2,1782359673.218824,0.0019040107727050781
107630,normal,2730,0,1782359673.2208374,0.0020134449005126953
107631,normal,1824,0,1782359673.2229352,0.0020978450775146484
107632,normal,2021,0,1782359673.2248578,0.001922607421875
107633,normal,3156,1,1782359673.2268236,0.001965761184692383
107634,normal,435,0,1782359673.2289205,0.002096891403198242
107635,normal,2732,0,1782359673.230827,0.0019066333770751953
107636,normal,2314,0,1782359673.2328553,0.002028226852416992
107637,normal,1768,0,1782359673.234931,0.002075672149658203
107638,normal,1435,0,1782359673.2368467,0.0019156932830810547
107639,normal,1993,0,1782359673.2388363,0.001989603042602539
107640,normal,306,0,1782359673.2409396,0.0021033287048339844
107641,normal,2038,0,1782359673.2428343,0.0018947124481201172
107642,normal,3062,1,1782359673.2448251,0.001990795135498047
107643,normal,950,2,1782359673.2469132,0.0020880699157714844
107644,normal,853,2,1782359673.2488542,0.0019409656524658203
107645,normal,2648,0,1782359673.2508237,0.001969575881958008
107646,normal,3442,0,1782359673.2529175,0.002093791961669922
107647,normal,1764,0,1782359673.2548316,0.0019140243530273438
107648,normal,743,0,1782359673.2568378,0.0020062923431396484
107649,normal,2701,0,1782359673.2589295,0.002091646194458008
107650,normal,993,2,1782359673.2608569,0.0019273757934570312
107651,normal,1687,0,1782359673.2628233,0.0019664764404296875
107652,normal,1864,0,1782359673.2649343,0.0021109580993652344
107653,normal,3186,1,1782359673.2668226,0.001888275146484375
107654,normal,680,0,1782359673.2688503,0.002027750015258789
107655,normal,956,2,1782359673.2709353,0.002084970474243164
107656,normal,3504,0,1782359673.2728517,0.0019164085388183594
107657,normal,3092,1,1782359673.2748227,0.001971006393432617
107658,normal,2227,0,1782359673.2769287,0.0021059513092041016
107659,normal,70,0,1782359673.2788324,0.0019037723541259766
107660,normal,167,0,1782359673.2808511,0.0020186901092529297
107661,normal,2614,0,1782359673.2829206,0.0020694732666015625
107662,normal,1360,1,1782359673.2848504,0.0019297599792480469
107663,normal,2108,0,1782359673.2868228,0.0019724369049072266
107664,normal,3360,1,1782359673.2889333,0.0021104812622070312
107665,normal,644,0,1782359673.2908232,0.001889944076538086
107666,normal,812,2,1782359673.2928517,0.0020284652709960938
107667,normal,3095,1,1782359673.2949157,0.0020639896392822266
107668,normal,2615,0,1782359673.2968578,0.0019421577453613281
107669,normal,2437,0,1782359673.2988286,0.0019707679748535156
107670,normal,3450,0,1782359673.3008769,0.0020482540130615234
107671,normal,3455,0,1782359673.3028345,0.0019576549530029297
107672,normal,3243,1,1782359673.3048363,0.0020017623901367188
107673,normal,1808,0,1782359673.3069317,0.002095460891723633
107674,normal,3425,0,1782359673.3088443,0.0019125938415527344
107675,normal,195,0,1782359673.3108823,0.0020380020141601562
107676,normal,1140,0,1782359673.3129363,0.002053976058959961
107677,normal,3564,0,1782359673.314828,0.0018916130065917969
107678,normal,2796,0,1782359673.316847,0.002019166946411133
107679,normal,398,0,1782359673.3189182,0.0020711421966552734
107680,normal,1953,0,1782359673.3208432,0.0019249916076660156
107681,normal,1822,0,1782359673.3228476,0.002004384994506836
107682,normal,363,0,1782359673.3249326,0.002084970474243164
107683,normal,824,2,1782359673.3268464,0.0019137859344482422
107684,normal,2104,0,1782359673.3288524,0.002006053924560547
107685,normal,2866,0,1782359673.3309531,0.002100706100463867
107686,normal,1122,0,1782359673.3328645,0.0019114017486572266
107687,normal,3506,0,1782359673.3348515,0.001986980438232422
107688,normal,450,0,1782359673.336919,0.00206756591796875
107689,normal,2458,0,1782359673.3388472,0.001928091049194336
107690,normal,1830,0,1782359673.3408916,0.0020444393157958984
107691,normal,3075,1,1782359673.3429754,0.0020837783813476562
107692,normal,1584,0,1782359673.3448975,0.0019221305847167969
107693,normal,488,0,1782359673.346855,0.001957416534423828
107694,normal,1119,0,1782359673.349192,0.0023369789123535156
107695,normal,2199,0,1782359673.35081,0.0016181468963623047
107696,normal,1833,0,1782359673.3528223,0.0020122528076171875
107697,normal,3487,0,1782359673.3548386,0.002016305923461914
107698,normal,3112,1,1782359673.3567772,0.0019385814666748047
107699,normal,2878,0,1782359673.3588083,0.002031087875366211
107700,normal,8,0,1782359673.3609102,0.002101898193359375
107701,normal,176,0,1782359673.362776,0.0018658638000488281
107702,normal,3406,0,1782359673.3647757,0.0019996166229248047
107703,normal,2536,0,1782359673.3668933,0.002117633819580078
107704,normal,1810,0,1782359673.368864,0.0019707679748535156
107705,normal,2220,0,1782359673.3708549,0.001990795135498047
107706,normal,606,0,1782359673.373046,0.0021910667419433594
107707,normal,47,0,1782359673.3748555,0.0018095970153808594
107708,normal,1473,0,1782359673.3768473,0.001991748809814453
107709,normal,953,2,1782359673.3790329,0.0021855831146240234
107710,normal,1615,0,1782359673.3809624,0.0019295215606689453
107711,normal,1030,0,1782359673.3828607,0.0018982887268066406
107712,normal,2348,0,1782359673.385031,0.0021703243255615234
107713,normal,2508,0,1782359673.3868616,0.0018305778503417969
107714,normal,529,0,1782359673.3888948,0.002033233642578125
107715,normal,741,0,1782359673.3910408,0.002146005630493164
107716,normal,2322,0,1782359673.392855,0.001814126968383789
107717,normal,45,0,1782359673.3948648,0.002009868621826172
107718,normal,3589,0,1782359673.397032,0.002167224884033203
107719,normal,552,0,1782359673.3988597,0.0018277168273925781
107720,normal,2175,0,1782359673.4008684,0.002008676528930664
107721,normal,2672,0,1782359673.4030356,0.002167224884033203
107722,normal,1212,0,1782359673.4048584,0.0018227100372314453
107723,normal,2386,0,1782359673.4068704,0.002012014389038086
107724,normal,2925,0,1782359673.4090352,0.0021648406982421875
107725,normal,1562,0,1782359673.4108572,0.0018219947814941406
107726,normal,3570,0,1782359673.412883,0.0020258426666259766
107727,normal,674,0,1782359673.4150324,0.002149343490600586
107728,normal,262,0,1782359673.4168565,0.0018241405487060547
107729,normal,1450,0,1782359673.4188752,0.0020186901092529297
107730,normal,3382,1,1782359673.4210358,0.0021605491638183594
107731,normal,2123,0,1782359673.4228601,0.0018243789672851562
107732,normal,2949,0,1782359673.4248774,0.0020172595977783203
107733,normal,1773,0,1782359673.4270039,0.002126455307006836
107734,normal,3587,0,1782359673.4288568,0.0018529891967773438
107735,normal,1711,0,1782359673.43088,0.0020232200622558594
107736,normal,3165,1,1782359673.4330373,0.0021572113037109375
107737,normal,1036,0,1782359673.4348583,0.0018210411071777344
107738,normal,3107,1,1782359673.4368832,0.0020248889923095703
107739,normal,1607,0,1782359673.4390347,0.0021514892578125
107740,normal,3361,1,1782359673.441118,0.002083301544189453
107741,normal,2375,0,1782359673.4428864,0.001768350601196289
107742,normal,2805,0,1782359673.445181,0.0022945404052734375
107743,normal,1462,0,1782359673.4468877,0.001706838607788086
107744,normal,2761,0,1782359673.4489884,0.002100706100463867
107745,normal,2085,0,1782359673.4511766,0.0021882057189941406
107746,normal,55,0,1782359673.4529066,0.0017299652099609375
107747,normal,2742,0,1782359673.4549193,0.0020127296447753906
107748,normal,3497,0,1782359673.4569614,0.002042055130004883
107749,normal,577,0,1782359673.4589076,0.0019462108612060547
107750,normal,3013,0,1782359673.460863,0.0019555091857910156
107751,normal,724,0,1782359673.462966,0.0021028518676757812
107752,normal,3190,1,1782359673.464876,0.0019099712371826172
107753,normal,3068,1,1782359673.4669068,0.0020308494567871094
107754,normal,1311,0,1782359673.4689527,0.002045869827270508
107755,normal,1470,0,1782359673.4708812,0.001928567886352539
107756,normal,1703,0,1782359673.4728649,0.001983642578125
107757,normal,2071,0,1782359673.4751527,0.0022878646850585938
107758,normal,1957,0,1782359673.4768806,0.0017278194427490234
107759,normal,1684,0,1782359673.4788764,0.0019958019256591797
107760,normal,984,2,1782359673.4810195,0.0021431446075439453
107761,normal,1025,2,1782359673.4827979,0.0017783641815185547
107762,normal,1187,0,1782359673.4847822,0.0019843578338623047
107763,normal,66,0,1782359673.4869661,0.0021839141845703125
107764,normal,1592,0,1782359673.4887815,0.0018153190612792969
107765,normal,3265,1,1782359673.4907908,0.0020093917846679688
107766,normal,2376,0,1782359673.492966,0.0021750926971435547
107767,normal,313,0,1782359673.4947906,0.0018246173858642578
107768,normal,1223,0,1782359673.4967775,0.001986980438232422
107769,normal,60,0,1782359673.4988763,0.0020987987518310547
107770,normal,2340,0,1782359673.5007792,0.0019028186798095703
107771,normal,1783,0,1782359673.5028062,0.0020270347595214844
107772,normal,563,0,1782359673.5048282,0.0020220279693603516
107773,normal,2538,0,1782359673.5067918,0.0019636154174804688
107774,normal,1485,0,1782359673.5087812,0.0019893646240234375
107775,normal,272,0,1782359673.5108545,0.0020732879638671875
107776,normal,1190,0,1782359673.5127785,0.0019240379333496094
107777,normal,3708,0,1782359673.5148125,0.0020339488983154297
107778,normal,3514,0,1782359673.5168202,0.002007722854614258
107779,normal,2097,0,1782359673.51879,0.0019698143005371094
107780,normal,1623,0,1782359673.5207865,0.0019965171813964844
107781,normal,2153,0,1782359673.522877,0.0020904541015625
107782,normal,3569,0,1782359673.5247827,0.001905679702758789
107783,normal,1817,0,1782359673.5267887,0.002006053924560547
107784,normal,1279,0,1782359673.5288186,0.002029895782470703
107785,normal,3479,0,1782359673.530806,0.001987457275390625
107786,normal,1940,0,1782359673.5327775,0.0019714832305908203
107787,normal,1087,0,1782359673.5348516,0.002074003219604492
107788,normal,3108,1,1782359673.5367782,0.0019266605377197266
107789,normal,2755,0,1782359673.538791,0.0020127296447753906
107790,normal,889,2,1782359673.540844,0.0020530223846435547
107791,normal,768,0,1782359673.5427973,0.0019533634185791016
107792,normal,3652,0,1782359673.5447881,0.001990795135498047
107793,normal,3568,0,1782359673.5468504,0.0020623207092285156
107794,normal,2200,0,1782359673.5487778,0.0019273757934570312
107795,normal,3507,0,1782359673.550799,0.0020210742950439453
107796,normal,358,0,1782359673.5528219,0.002022981643676758
107797,normal,1536,0,1782359673.5547903,0.0019683837890625
107798,normal,576,0,1782359673.5567753,0.0019850730895996094
107799,normal,3210,1,1782359673.558851,0.002075672149658203
107800,normal,1445,0,1782359673.5607765,0.0019254684448242188
107801,normal,1002,2,1782359673.5627906,0.00201416015625
107802,normal,2993,0,1782359673.5648222,0.002031564712524414
107803,normal,3517,0,1782359673.5667882,0.0019659996032714844
107804,normal,2933,0,1782359673.5687768,0.001988649368286133
107805,normal,495,0,1782359673.5708523,0.0020754337310791016
107806,normal,371,0,1782359673.572784,0.0019316673278808594
107807,normal,3380,1,1782359673.5747917,0.002007722854614258
107808,normal,797,2,1782359673.5768182,0.0020265579223632812
107809,normal,799,2,1782359673.5787883,0.001970052719116211
107810,normal,1944,0,1782359673.580782,0.0019936561584472656
107811,normal,2507,0,1782359673.58286,0.0020780563354492188
107812,normal,1829,0,1782359673.5847754,0.0019154548645019531
107813,normal,807,2,1782359673.5867963,0.0020208358764648438
107814,normal,776,2,1782359673.5888734,0.0020771026611328125
107815,normal,78,0,1782359673.590789,0.0019156932830810547
107816,normal,2937,0,1782359673.5927758,0.0019867420196533203
107817,normal,947,2,1782359673.5948725,0.0020966529846191406
107818,normal,2260,0,1782359673.596778,0.0019054412841796875
107819,normal,781,2,1782359673.5987988,0.0020208358764648438
107820,normal,2597,0,1782359673.6008348,0.0020360946655273438
107821,normal,2660,0,1782359673.6027904,0.0019555091857910156
107822,normal,2685,0,1782359673.604778,0.0019876956939697266
107823,normal,1778,0,1782359673.6068904,0.0021123886108398438
107824,normal,2971,0,1782359673.6087763,0.0018858909606933594
107825,normal,1078,0,1782359673.6107888,0.002012491226196289
107826,normal,2684,0,1782359673.612816,0.002027273178100586
107827,normal,3140,1,1782359673.6147883,0.001972198486328125
107828,normal,384,0,1782359673.6167765,0.0019881725311279297
107829,normal,1715,0,1782359673.618852,0.0020754337310791016
107830,normal,2281,0,1782359673.6208239,0.0019719600677490234
107831,normal,2656,0,1782359673.6227858,0.001961946487426758
107832,normal,2479,0,1782359673.6248503,0.0020644664764404297
107833,normal,2714,0,1782359673.6267772,0.0019268989562988281
107834,normal,1887,0,1782359673.628789,0.0020117759704589844
107835,normal,295,0,1782359673.6308365,0.0020475387573242188
107836,normal,2381,0,1782359673.632797,0.0019605159759521484
107837,normal,3113,1,1782359673.6347842,0.0019872188568115234
107838,normal,3667,0,1782359673.6368542,0.0020699501037597656
107839,normal,835,2,1782359673.6387784,0.001924276351928711
107840,normal,1809,0,1782359673.6407905,0.002012014389038086
107841,normal,1415,0,1782359673.6428564,0.002065896987915039
107842,normal,36,0,1782359673.6447947,0.0019383430480957031
107843,normal,2938,0,1782359673.6467772,0.001982450485229492
107844,normal,1963,0,1782359673.6488793,0.0021021366119384766
107845,normal,1267,0,1782359673.6507766,0.0018973350524902344
107846,normal,2305,0,1782359673.65279,0.0020134449005126953
107847,normal,1292,0,1782359673.6548362,0.0020461082458496094
107848,normal,752,0,1782359673.6567912,0.0019550323486328125
107849,normal,184,0,1782359673.6587863,0.001995086669921875
107850,normal,864,2,1782359673.6608648,0.002078533172607422
107851,normal,3387,1,1782359673.6627796,0.0019147396087646484
107852,normal,974,2,1782359673.6647909,0.0020112991333007812
107853,normal,851,2,1782359673.6668363,0.0020453929901123047
107854,normal,637,0,1782359673.6687913,0.0019550323486328125
107855,normal,928,2,1782359673.67078,0.001988649368286133
107856,normal,270,0,1782359673.6728945,0.002114534378051758
107857,normal,2970,0,1782359673.6747775,0.0018830299377441406
107858,normal,788,2,1782359673.6767926,0.0020151138305664062
107859,normal,3329,1,1782359673.678831,0.0020384788513183594
107860,normal,3079,1,1782359673.68079,0.0019588470458984375
107861,normal,800,2,1782359673.6827753,0.001985311508178711
107862,normal,368,0,1782359673.684853,0.002077817916870117
107863,normal,1001,2,1782359673.686778,0.0019249916076660156
107864,normal,692,0,1782359673.688829,0.0020508766174316406
107865,normal,190,0,1782359673.6908498,0.0020208358764648438
107866,normal,1004,2,1782359673.6928196,0.0019698143005371094
107867,normal,419,0,1782359673.6948078,0.0019881725311279297
107868,normal,843,2,1782359673.6968558,0.002048015594482422
107869,normal,1974,0,1782359673.6987925,0.0019366741180419922
107870,normal,310,0,1782359673.7008014,0.0020089149475097656
107871,normal,2449,0,1782359673.7028222,0.0020208358764648438
107872,normal,234,0,1782359673.704791,0.001968860626220703
107873,normal,1308,0,1782359673.7067778,0.0019867420196533203
107874,normal,747,0,1782359673.7088683,0.0020904541015625
107875,normal,3299,1,1782359673.7107785,0.0019102096557617188
107876,normal,161,0,1782359673.7127872,0.002008676528930664
107877,normal,1609,0,1782359673.714821,0.0020339488983154297
107878,normal,3155,1,1782359673.7167914,0.0019702911376953125
107879,normal,3292,1,1782359673.7187884,0.0019969940185546875
107880,normal,3551,0,1782359673.720854,0.0020656585693359375
107881,normal,2950,0,1782359673.7227962,0.0019421577453613281
107882,normal,2724,0,1782359673.7247887,0.001992464065551758
107883,normal,1367,1,1782359673.726826,0.0020372867584228516
107884,normal,1358,1,1782359673.7287893,0.001963376998901367
107885,normal,2762,0,1782359673.7307746,0.001985311508178711
107886,normal,2549,0,1782359673.7328532,0.002078533172607422
107887,normal,3133,1,1782359673.7347848,0.0019316673278808594
107888,normal,2543,0,1782359673.7368057,0.0020208358764648438
107889,normal,1568,0,1782359673.7388268,0.0020210742950439453
107890,normal,852,2,1782359673.7407892,0.001962423324584961
107891,normal,1307,0,1782359673.7427773,0.0019881725311279297
107892,normal,3567,0,1782359673.7450647,0.0022873878479003906
107893,normal,1725,0,1782359673.7479143,0.002849578857421875
107894,normal,1129,0,1782359673.748848,0.0009336471557617188
107895,normal,2287,0,1782359673.7508419,0.001993894577026367
107896,normal,1495,0,1782359673.7528005,0.001958608627319336
107897,normal,2995,0,1782359673.754845,0.0020444393157958984
107898,normal,1083,0,1782359673.7568848,0.0020399093627929688
107899,normal,990,2,1782359673.7587998,0.00191497802734375
107900,normal,2469,0,1782359673.7608638,0.0020639896392822266
107901,normal,1543,0,1782359673.762941,0.0020771026611328125
107902,normal,2856,0,1782359673.7648175,0.0018765926361083984
107903,normal,671,0,1782359673.7668667,0.0020492076873779297
107904,normal,1148,0,1782359673.7688413,0.0019745826721191406
107905,normal,3285,1,1782359673.7707856,0.0019443035125732422
107906,normal,2258,0,1782359673.772795,0.0020093917846679688
107907,normal,2457,0,1782359673.7748241,0.0020291805267333984
107908,normal,2605,0,1782359673.7768087,0.0019845962524414062
107909,normal,2418,0,1782359673.778788,0.001979351043701172
107910,normal,2885,0,1782359673.7808511,0.0020630359649658203
107911,normal,2631,0,1782359673.7827802,0.0019290447235107422
107912,normal,578,0,1782359673.784791,0.002010822296142578
107913,normal,338,0,1782359673.786818,0.0020270347595214844
107914,normal,1826,0,1782359673.7887955,0.0019774436950683594
107915,normal,1251,0,1782359673.79078,0.0019845962524414062
107916,normal,2996,0,1782359673.7928598,0.0020797252655029297
107917,normal,1727,0,1782359673.7947843,0.0019245147705078125
107918,normal,3291,1,1782359673.7967942,0.002009868621826172
107919,normal,3556,0,1782359673.798827,0.002032756805419922
107920,normal,679,0,1782359673.8008053,0.0019783973693847656
107921,normal,88,0,1782359673.8027823,0.0019769668579101562
107922,normal,2943,0,1782359673.804852,0.002069711685180664
107923,normal,973,2,1782359673.80682,0.001967906951904297
107924,normal,1230,0,1782359673.808793,0.0019731521606445312
107925,normal,1401,0,1782359673.810823,0.002029895782470703
107926,normal,1546,0,1782359673.8128052,0.0019822120666503906
107927,normal,3375,1,1782359673.814806,0.0020008087158203125
107928,normal,1110,0,1782359673.8168516,0.0020456314086914062
107929,normal,2249,0,1782359673.8187935,0.0019419193267822266
107930,normal,1205,0,1782359673.820809,0.002015352249145508
107931,normal,2341,0,1782359673.822831,0.0020220279693603516
107932,normal,3411,0,1782359673.824803,0.001972198486328125
107933,normal,941,2,1782359673.8267763,0.0019731521606445312
107934,normal,678,0,1782359673.828841,0.0020647048950195312
107935,normal,432,0,1782359673.8308058,0.0019648075103759766
107936,normal,2144,0,1782359673.8327794,0.0019736289978027344
107937,normal,1146,0,1782359673.8348508,0.002071380615234375
107938,normal,1710,0,1782359673.8367772,0.001926422119140625
107939,normal,2053,0,1782359673.8387895,0.0020122528076171875
107940,normal,3252,1,1782359673.8408215,0.002032041549682617
107941,normal,2713,0,1782359673.8428037,0.0019822120666503906
107942,normal,2292,0,1782359673.844776,0.001972198486328125
107943,normal,1883,0,1782359673.8468716,0.0020956993103027344
107944,normal,2408,0,1782359673.8487768,0.001905202865600586
107945,normal,2777,0,1782359673.8507915,0.002014636993408203
107946,normal,3336,1,1782359673.8528163,0.0020248889923095703
107947,normal,675,0,1782359673.854811,0.001994609832763672
107948,normal,2624,0,1782359673.8567843,0.001973390579223633
107949,normal,2168,0,1782359673.8588681,0.0020837783813476562
107950,normal,766,0,1782359673.8607821,0.0019140243530273438
107951,normal,2603,0,1782359673.862795,0.002012968063354492
107952,normal,794,2,1782359673.8648312,0.0020360946655273438
107953,normal,2679,0,1782359673.8668053,0.0019741058349609375
107954,normal,2226,0,1782359673.8687756,0.0019702911376953125
107955,normal,1339,1,1782359673.8708494,0.0020737648010253906
107956,normal,1417,0,1782359673.8727777,0.0019283294677734375
107957,normal,1982,0,1782359673.8747897,0.002012014389038086
107958,normal,708,0,1782359673.8768368,0.0020470619201660156
107959,normal,1429,0,1782359673.878804,0.001967191696166992
107960,normal,2832,0,1782359673.8807752,0.0019712448120117188
107961,normal,661,0,1782359673.882872,0.002096891403198242
107962,normal,1256,0,1782359673.8847764,0.0019042491912841797
107963,normal,704,0,1782359673.886791,0.002014636993408203
107964,normal,1898,0,1782359673.8888164,0.0020253658294677734
107965,normal,3577,0,1782359673.8908005,0.001984119415283203
107966,normal,906,2,1782359673.892777,0.001976490020751953
107967,normal,806,2,1782359673.8948622,0.0020852088928222656
107968,normal,3221,1,1782359673.896805,0.0019428730010986328
107969,normal,1510,0,1782359673.898801,0.0019960403442382812
107970,normal,209,0,1782359673.9008543,0.0020532608032226562
107971,normal,2018,0,1782359673.9027784,0.0019240379333496094
107972,normal,3048,1,1782359673.904791,0.0020127296447753906
107973,normal,1632,0,1782359673.906926,0.0021347999572753906
107974,normal,756,0,1782359673.9087992,0.0018732547760009766
107975,normal,1856,0,1782359673.9107769,0.001977682113647461
107976,normal,2223,0,1782359673.9128485,0.0020716190338134766
107977,normal,3148,1,1782359673.9147801,0.0019316673278808594
107978,normal,1241,0,1782359673.91679,0.002009868621826172
107979,normal,2822,0,1782359673.9188309,0.002040863037109375
107980,normal,1599,0,1782359673.9208076,0.0019767284393310547
107981,normal,2988,0,1782359673.9227762,0.0019686222076416016
107982,normal,2715,0,1782359673.9248514,0.0020751953125
107983,normal,2607,0,1782359673.9268374,0.0019860267639160156
107984,normal,2942,0,1782359673.9287953,0.0019578933715820312
107985,normal,938,2,1782359673.9308338,0.0020384788513183594
107986,normal,145,0,1782359673.9328067,0.0019729137420654297
107987,normal,2956,0,1782359673.9347856,0.0019788742065429688
107988,normal,631,0,1782359673.9368656,0.0020799636840820312
107989,normal,1343,1,1782359673.9387953,0.0019297599792480469
107990,normal,216,0,1782359673.9407876,0.0019922256469726562
107991,normal,1519,0,1782359673.9429104,0.0021228790283203125
107992,normal,1183,0,1782359673.9448059,0.0018954277038574219
107993,normal,224,0,1782359673.9467773,0.0019714832305908203
107994,normal,2819,0,1782359673.948846,0.002068758010864258
107995,normal,446,0,1782359673.9507809,0.0019347667694091797
107996,normal,3001,0,1782359673.9527888,0.0020079612731933594
107997,normal,3489,0,1782359673.9548483,0.002059459686279297
107998,normal,2383,0,1782359673.9568095,0.001961231231689453
107999,normal,2231,0,1782359673.9587753,0.001965761184692383
108000,normal,2561,0,1782359673.960848,0.0020728111267089844
108001,normal,2841,0,1782359673.962779,0.0019309520721435547
108002,normal,3553,0,1782359673.9647918,0.0020127296447753906
108003,normal,366,0,1782359673.9668496,0.002057790756225586
108004,normal,1157,0,1782359673.9688072,0.0019576549530029297
108005,normal,3488,0,1782359673.9707742,0.0019669532775878906
108006,normal,1424,0,1782359673.9728653,0.0020911693572998047
108007,normal,3151,1,1782359673.9747748,0.001909494400024414
108008,normal,1521,0,1782359673.976806,0.002031087875366211
108009,normal,1498,0,1782359673.9788387,0.002032756805419922
108010,normal,1927,0,1782359673.9807875,0.0019488334655761719
108011,normal,2535,0,1782359673.982777,0.001989603042602539
108012,normal,2739,0,1782359673.9848516,0.0020744800567626953
108013,normal,2116,0,1782359673.9867818,0.00193023681640625
108014,normal,568,0,1782359673.988819,0.00203704833984375
108015,normal,2515,0,1782359673.9908245,0.0020055770874023438
108016,normal,2394,0,1782359673.9927883,0.0019638538360595703
108017,normal,3144,1,1782359673.9947739,0.0019855499267578125
108018,normal,2674,0,1782359673.9968503,0.002076387405395508
108019,normal,1204,0,1782359673.9988348,0.0019845962524414062
108020,normal,2455,0,1782359674.0007913,0.001956462860107422
108021,normal,890,2,1782359674.002818,0.002026796340942383
108022,normal,1937,0,1782359674.0047882,0.001970052719116211
108023,normal,471,0,1782359674.0067759,0.0019876956939697266
108024,normal,1325,1,1782359674.008857,0.002081155776977539
108025,normal,1195,0,1782359674.0107763,0.0019192695617675781
108026,normal,1069,0,1782359674.0128076,0.0020313262939453125
108027,normal,2062,0,1782359674.0148163,0.002008676528930664
108028,normal,1460,0,1782359674.016789,0.001972675323486328
108029,normal,2759,0,1782359674.0187752,0.001986265182495117
108030,normal,2060,0,1782359674.0208473,0.0020720958709716797
108031,normal,3470,0,1782359674.0227797,0.001932382583618164
108032,normal,1705,0,1782359674.0248122,0.0020325183868408203
108033,normal,3052,1,1782359674.026817,0.002004861831665039
108034,normal,1478,0,1782359674.0287898,0.001972675323486328
108035,normal,3690,0,1782359674.0307796,0.0019898414611816406
108036,normal,2022,0,1782359674.032852,0.0020723342895507812
108037,normal,1928,0,1782359674.0347755,0.0019235610961914062
108038,normal,557,0,1782359674.0367997,0.0020241737365722656
108039,normal,3460,0,1782359674.038818,0.0020182132720947266
108040,normal,3169,1,1782359674.0408056,0.0019876956939697266
108041,normal,3494,0,1782359674.0430243,0.0022187232971191406
108042,normal,1037,0,1782359674.0448968,0.0018725395202636719
108043,normal,1370,1,1782359674.0468967,0.0019998550415039062
108044,normal,1376,1,1782359674.0489488,0.0020520687103271484
108045,normal,94,0,1782359674.0512142,0.002265453338623047
108046,normal,3454,0,1782359674.0529027,0.0016884803771972656
108047,normal,3634,0,1782359674.055109,0.0022063255310058594
108048,normal,3245,1,1782359674.0570323,0.0019233226776123047
108049,normal,663,0,1782359674.0590756,0.0020432472229003906
108050,normal,1959,0,1782359674.0609584,0.001882791519165039
108051,normal,3328,1,1782359674.0631628,0.002204418182373047
108052,normal,3510,0,1782359674.0649064,0.0017435550689697266
108053,normal,2198,0,1782359674.0671105,0.0022041797637939453
108054,normal,3693,0,1782359674.0690348,0.001924276351928711
108055,normal,3446,0,1782359674.0710735,0.002038717269897461
108056,normal,3193,1,1782359674.0729616,0.0018880367279052734
108057,normal,229,0,1782359674.0751557,0.0021941661834716797
108058,normal,1556,0,1782359674.0768955,0.0017397403717041016
108059,normal,769,0,1782359674.078972,0.0020766258239746094
108060,normal,31,0,1782359674.081132,0.0021598339080810547
108061,normal,919,2,1782359674.0829048,0.0017728805541992188
108062,normal,1444,0,1782359674.0849323,0.0020275115966796875
108063,normal,854,2,1782359674.087138,0.0022056102752685547
108064,normal,3147,1,1782359674.0888839,0.0017459392547607422
108065,normal,1553,0,1782359674.0909595,0.002075672149658203
108066,normal,1870,0,1782359674.0931332,0.0021736621856689453
108067,normal,1765,0,1782359674.094907,0.001773834228515625
108068,normal,2353,0,1782359674.0968778,0.0019707679748535156
108069,normal,109,0,1782359674.0991635,0.0022857189178466797
108070,normal,493,0,1782359674.1008701,0.0017066001892089844
108071,normal,3630,0,1782359674.102959,0.002088785171508789
108072,normal,1449,0,1782359674.105134,0.0021750926971435547
108073,normal,2551,0,1782359674.1067982,0.0016641616821289062
108074,normal,2862,0,1782359674.1087987,0.002000570297241211
108075,normal,68,0,1782359674.1109238,0.0021250247955322266
108076,normal,582,0,1782359674.11281,0.001886129379272461
108077,normal,276,0,1782359674.1147814,0.0019714832305908203
108078,normal,2879,0,1782359674.1168857,0.0021042823791503906
108079,normal,3154,1,1782359674.1187828,0.0018970966339111328
108080,normal,1581,0,1782359674.120829,0.002046346664428711
108081,normal,3295,1,1782359674.122838,0.0020089149475097656
108082,normal,3397,1,1782359674.1248078,0.0019698143005371094
108083,normal,1484,0,1782359674.1269388,0.0021309852600097656
108084,normal,3016,0,1782359674.1288772,0.0019383430480957031
108085,normal,2269,0,1782359674.13078,0.0019028186798095703
108086,normal,2842,0,1782359674.1327908,0.002010822296142578
108087,normal,1188,0,1782359674.1348352,0.0020444393157958984
108088,normal,3378,1,1782359674.1368058,0.001970529556274414
108089,normal,2120,0,1782359674.1387765,0.0019707679748535156
108090,normal,2663,0,1782359674.1408763,0.002099752426147461
108091,normal,1168,0,1782359674.1427765,0.0019001960754394531
108092,normal,1309,0,1782359674.1449356,0.00215911865234375
108093,normal,2161,0,1782359674.1468227,0.0018870830535888672
108094,normal,2400,0,1782359674.148808,0.001985311508178711
108095,normal,1482,0,1782359674.1507785,0.001970529556274414
108096,normal,3296,1,1782359674.1528816,0.002103090286254883
108097,normal,1512,0,1782359674.1547773,0.0018956661224365234
108098,normal,3226,1,1782359674.1567895,0.0020122528076171875
108099,normal,1549,0,1782359674.1588314,0.0020418167114257812
108100,normal,535,0,1782359674.1608047,0.001973390579223633
108101,normal,1911,0,1782359674.1627793,0.0019745826721191406
108102,normal,1506,0,1782359674.164864,0.0020847320556640625
108103,normal,615,0,1782359674.1667755,0.0019114017486572266
108104,normal,3393,1,1782359674.1687958,0.0020203590393066406
108105,normal,681,0,1782359674.1708236,0.002027750015258789
108106,normal,898,2,1782359674.172805,0.001981496810913086
108107,normal,1848,0,1782359674.1747763,0.0019712448120117188
108108,normal,3526,0,1782359674.1768775,0.0021011829376220703
108109,normal,2593,0,1782359674.1787782,0.0019006729125976562
108110,normal,1746,0,1782359674.1807883,0.0020101070404052734
108111,normal,2299,0,1782359674.1828148,0.0020265579223632812
108112,normal,885,2,1782359674.184807,0.0019922256469726562
108113,normal,3512,0,1782359674.186775,0.001967906951904297
108114,normal,71,0,1782359674.1888497,0.002074718475341797
108115,normal,3087,1,1782359674.1907878,0.0019381046295166016
108116,normal,2961,0,1782359674.192777,0.001989126205444336
108117,normal,2711,0,1782359674.1948504,0.002073526382446289
108118,normal,3359,1,1782359674.1967757,0.0019252300262451172
108119,normal,1680,0,1782359674.1987863,0.0020105838775634766
108120,normal,107,0,1782359674.2008164,0.0020301342010498047
108121,normal,1897,0,1782359674.2028034,0.001986980438232422
108122,normal,964,2,1782359674.2047749,0.0019714832305908203
108123,normal,413,0,1782359674.206869,0.0020940303802490234
108124,normal,521,0,1782359674.2087893,0.001920461654663086
108125,normal,2874,0,1782359674.2108052,0.002015829086303711
108126,normal,2111,0,1782359674.212819,0.0020139217376708984
108127,normal,3663,0,1782359674.214804,0.001984834671020508
108128,normal,536,0,1782359674.216775,0.001971006393432617
108129,normal,1976,0,1782359674.218854,0.002079010009765625
108130,normal,875,2,1782359674.2207758,0.0019218921661376953
108131,normal,115,0,1782359674.2228074,0.002031564712524414
108132,normal,3194,1,1782359674.2248194,0.002012014389038086
108133,normal,342,0,1782359674.226804,0.0019845962524414062
108134,normal,3571,0,1782359674.2287793,0.0019752979278564453
108135,normal,1831,0,1782359674.2308505,0.0020711421966552734
108136,normal,2816,0,1782359674.2327876,0.0019371509552001953
108137,normal,1559,0,1782359674.2347891,0.002001523971557617
108138,normal,1699,0,1782359674.2368183,0.0020291805267333984
108139,normal,1894,0,1782359674.2388043,0.0019860267639160156
108140,normal,1173,0,1782359674.240775,0.0019707679748535156
108141,normal,2216,0,1782359674.2428443,0.002069234848022461
108142,normal,1866,0,1782359674.2448575,0.0020132064819335938
108143,normal,2900,0,1782359674.2468183,0.00196075439453125
108144,normal,1357,1,1782359674.248824,0.0020055770874023438
108145,normal,3389,1,1782359674.2508094,0.0019855499267578125
108146,normal,628,0,1782359674.2527947,0.001985311508178711
108147,normal,3502,0,1782359674.2548492,0.002054452896118164
108148,normal,2028,0,1782359674.256779,0.0019297599792480469
108149,normal,2840,0,1782359674.2587914,0.002012491226196289
108150,normal,3177,1,1782359674.2608333,0.0020418167114257812
108151,normal,2893,0,1782359674.2628052,0.0019719600677490234
108152,normal,214,0,1782359674.2647765,0.0019712448120117188
108153,normal,2574,0,1782359674.2668674,0.002090930938720703
108154,normal,1020,2,1782359674.2687764,0.001909017562866211
108155,normal,1077,0,1782359674.2707887,0.0020122528076171875
108156,normal,3515,0,1782359674.2728236,0.002034902572631836
108157,normal,3373,1,1782359674.2748065,0.0019829273223876953
108158,normal,3644,0,1782359674.2767794,0.0019729137420654297
108159,normal,3417,0,1782359674.2788506,0.0020711421966552734
108160,normal,2232,0,1782359674.2807832,0.0019326210021972656
108161,normal,2845,0,1782359674.2827907,0.0020074844360351562
108162,normal,1527,0,1782359674.2848246,0.0020339488983154297
108163,normal,548,0,1782359674.2868047,0.0019800662994384766
108164,normal,1051,0,1782359674.2887783,0.0019736289978027344
108165,normal,759,0,1782359674.290864,0.0020856857299804688
108166,normal,940,2,1782359674.2927904,0.001926422119140625
108167,normal,26,0,1782359674.294782,0.0019915103912353516
108168,normal,1028,2,1782359674.2968495,0.00206756591796875
108169,normal,3114,1,1782359674.2987766,0.0019271373748779297
108170,normal,2556,0,1782359674.300788,0.0020112991333007812
108171,normal,1121,0,1782359674.3028152,0.002027273178100586
108172,normal,2517,0,1782359674.3047893,0.0019741058349609375
108173,normal,409,0,1782359674.306777,0.0019876956939697266
108174,normal,1365,1,1782359674.3088653,0.002088308334350586
108175,normal,1219,0,1782359674.31079,0.001924753189086914
108176,normal,2405,0,1782359674.3127751,0.0019850730895996094
108177,normal,1712,0,1782359674.3148541,0.002079010009765625
108178,normal,2972,0,1782359674.31678,0.0019259452819824219
108179,normal,583,0,1782359674.3187914,0.0020112991333007812
108180,normal,149,0,1782359674.3208544,0.0020630359649658203
108181,normal,2625,0,1782359674.3227994,0.0019450187683105469
108182,normal,1647,0,1782359674.3248057,0.0020062923431396484
108183,normal,426,0,1782359674.3268518,0.0020461082458496094
108184,normal,2563,0,1782359674.328803,0.0019512176513671875
108185,normal,3115,1,1782359674.3307884,0.001985311508178711
108186,normal,1098,0,1782359674.3328338,0.0020453929901123047
108187,normal,1815,0,1782359674.3348062,0.0019724369049072266
108188,normal,626,0,1782359674.3367755,0.0019693374633789062
108189,normal,2142,0,1782359674.3388753,0.002099752426147461
108190,normal,3398,1,1782359674.340777,0.0019016265869140625
108191,normal,1015,2,1782359674.3427856,0.002008676528930664
108192,normal,2509,0,1782359674.344953,0.0021674633026123047
108193,normal,3002,0,1782359674.3468182,0.0018651485443115234
108194,normal,1838,0,1782359674.3494692,0.0026509761810302734
108195,normal,141,0,1782359674.3509362,0.001466989517211914
108196,normal,1730,0,1782359674.352805,0.0018687248229980469
108197,normal,23,0,1782359674.3547902,0.001985311508178711
108198,normal,1356,1,1782359674.3568223,0.002032041549682617
108199,normal,920,2,1782359674.3587973,0.0019750595092773438
108200,normal,2647,0,1782359674.3607833,0.0019860267639160156
108201,normal,565,0,1782359674.3628304,0.0020470619201660156
108202,normal,592,0,1782359674.36478,0.0019495487213134766
108203,normal,598,0,1782359674.3667922,0.0020122528076171875
108204,normal,1379,1,1782359674.36882,0.002027750015258789
108205,normal,1696,0,1782359674.3708043,0.0019843578338623047
108206,normal,3540,0,1782359674.3727918,0.001987457275390625
108207,normal,191,0,1782359674.3748217,0.002029895782470703
108208,normal,2568,0,1782359674.376795,0.001973390579223633
108209,normal,3149,1,1782359674.378835,0.0020399093627929688
108210,normal,3006,0,1782359674.3808012,0.001966238021850586
108211,normal,1094,0,1782359674.3827949,0.0019936561584472656
108212,normal,1089,0,1782359674.384779,0.001984119415283203
108213,normal,3063,1,1782359674.3868332,0.0020542144775390625
108214,normal,1135,0,1782359674.3887768,0.0019435882568359375
108215,normal,3617,0,1782359674.3907926,0.002015829086303711
108216,normal,125,0,1782359674.3928258,0.002033233642578125
108217,normal,2642,0,1782359674.3947914,0.0019655227661132812
108218,normal,475,0,1782359674.396777,0.0019855499267578125
108219,normal,393,0,1782359674.3988736,0.0020966529846191406
108220,normal,1597,0,1782359674.400775,0.001901388168334961
108221,normal,1018,2,1782359674.4027958,0.0020208358764648438
108222,normal,2074,0,1782359674.4048362,0.002040386199951172
108223,normal,1432,0,1782359674.4067895,0.0019533634185791016
108224,normal,703,0,1782359674.4087832,0.0019936561584472656
108225,normal,1846,0,1782359674.4108508,0.00206756591796875
108226,normal,391,0,1782359674.4127812,0.0019304752349853516
108227,normal,2876,0,1782359674.4147887,0.0020074844360351562
108228,normal,2721,0,1782359674.4168231,0.002034425735473633
108229,normal,751,0,1782359674.4187896,0.0019664764404296875
108230,normal,733,0,1782359674.4207761,0.0019865036010742188
108231,normal,1371,1,1782359674.4228604,0.0020842552185058594
108232,normal,1747,0,1782359674.4247775,0.001917123794555664
108233,normal,74,0,1782359674.4267867,0.002009153366088867
108234,normal,2282,0,1782359674.4288168,0.0020301342010498047
108235,normal,2159,0,1782359674.4307878,0.001971006393432617
108236,normal,735,0,1782359674.432775,0.0019872188568115234
108237,normal,2130,0,1782359674.4348705,0.002095460891723633
108238,normal,2655,0,1782359674.4367769,0.0019063949584960938
108239,normal,2224,0,1782359674.4387887,0.0020117759704589844
108240,normal,699,0,1782359674.4408245,0.002035856246948242
108241,normal,3493,0,1782359674.4427872,0.0019626617431640625
108242,normal,2771,0,1782359674.444775,0.001987934112548828
108243,normal,1729,0,1782359674.4468513,0.0020761489868164062
108244,normal,3437,0,1782359674.448777,0.0019257068634033203
108245,normal,1685,0,1782359674.4507902,0.0020132064819335938
108246,normal,2617,0,1782359674.4528384,0.0020482540130615234
108247,normal,3433,0,1782359674.4547899,0.001951456069946289
108248,normal,1162,0,1782359674.4567764,0.0019865036010742188
108249,normal,3709,0,1782359674.4588728,0.002096414566040039
108250,normal,3100,1,1782359674.460781,0.0019083023071289062
108251,normal,1930,0,1782359674.4627886,0.0020074844360351562
108252,normal,447,0,1782359674.4648328,0.002044200897216797
108253,normal,2807,0,1782359674.46679,0.0019571781158447266
108254,normal,917,2,1782359674.468777,0.001986980438232422
108255,normal,281,0,1782359674.4708705,0.0020935535430908203
108256,normal,3255,1,1782359674.472779,0.0019085407257080078
108257,normal,2143,0,1782359674.4747899,0.002010822296142578
108258,normal,2332,0,1782359674.4768374,0.0020475387573242188
108259,normal,2966,0,1782359674.4787924,0.0019550323486328125
108260,normal,1071,0,1782359674.4807858,0.001993417739868164
108261,normal,1046,0,1782359674.4828763,0.0020904541015625
108262,normal,2705,0,1782359674.4847772,0.0019009113311767578
108263,normal,1792,0,1782359674.4867904,0.0020132064819335938
108264,normal,3175,1,1782359674.4888237,0.002033233642578125
108265,normal,3404,0,1782359674.490793,0.0019693374633789062
108266,normal,3684,0,1782359674.4927804,0.001987457275390625
108267,normal,935,2,1782359674.4948578,0.002077341079711914
108268,normal,1605,0,1782359674.496777,0.0019192695617675781
108269,normal,825,2,1782359674.49883,0.0020530223846435547
108270,normal,3602,0,1782359674.5008357,0.0020055770874023438
108271,normal,739,0,1782359674.502791,0.001955270767211914
108272,normal,2152,0,1782359674.5047777,0.0019867420196533203
108273,normal,240,0,1782359674.5068521,0.0020744800567626953
108274,normal,1788,0,1782359674.5087776,0.0019254684448242188
108275,normal,1780,0,1782359674.5107906,0.002012968063354492
108276,normal,2521,0,1782359674.5128415,0.0020508766174316406
108277,normal,1434,0,1782359674.5147886,0.001947164535522461
108278,normal,3472,0,1782359674.5167816,0.001992940902709961
108279,normal,424,0,1782359674.5188575,0.0020759105682373047
108280,normal,3574,0,1782359674.5207899,0.001932382583618164
108281,normal,3669,0,1782359674.5227914,0.002001523971557617
108282,normal,730,0,1782359674.5248349,0.002043485641479492
108283,normal,1987,0,1782359674.52679,0.0019550323486328125
108284,normal,1869,0,1782359674.5287795,0.001989603042602539
108285,normal,2456,0,1782359674.5308602,0.002080678939819336
108286,normal,2562,0,1782359674.532779,0.001918792724609375
108287,normal,2217,0,1782359674.5347974,0.002018451690673828
108288,normal,2024,0,1782359674.5368342,0.0020368099212646484
108289,normal,1514,0,1782359674.5387893,0.0019550323486328125
108290,normal,3534,0,1782359674.5407805,0.00199127197265625
108291,normal,1781,0,1782359674.5428553,0.002074718475341797
108292,normal,2621,0,1782359674.5447772,0.0019218921661376953
108293,normal,1861,0,1782359674.54679,0.0020127296447753906
108294,normal,2033,0,1782359674.5488415,0.0020515918731689453
108295,normal,1261,0,1782359674.550789,0.001947641372680664
108296,normal,143,0,1782359674.552784,0.0019948482513427734
108297,normal,43,0,1782359674.5548544,0.0020704269409179688
108298,normal,318,0,1782359674.5567749,0.001920461654663086
108299,normal,638,0,1782359674.5588007,0.0020258426666259766
108300,normal,1679,0,1782359674.5608156,0.0020148754119873047
108301,normal,1248,0,1782359674.5627942,0.001978635787963867
108302,normal,2182,0,1782359674.5647783,0.001984119415283203
108303,normal,1220,0,1782359674.56683,0.0020515918731689453
108304,normal,3124,1,1782359674.5687776,0.001947641372680664
108305,normal,1387,0,1782359674.5707898,0.0020122528076171875
108306,normal,790,2,1782359674.5728154,0.002025604248046875
108307,normal,2969,0,1782359674.5747945,0.0019791126251220703
108308,normal,2184,0,1782359674.5767782,0.001983642578125
108309,normal,1901,0,1782359674.5788722,0.0020940303802490234
108310,normal,1233,0,1782359674.5807867,0.0019145011901855469
108311,normal,3171,1,1782359674.582776,0.0019893646240234375
108312,normal,2395,0,1782359674.584856,0.0020799636840820312
108313,normal,2178,0,1782359674.5867748,0.001918792724609375
108314,normal,1136,0,1782359674.5887878,0.002012968063354492
108315,normal,1745,0,1782359674.5908377,0.0020499229431152344
108316,normal,1837,0,1782359674.59288,0.0020422935485839844
108317,normal,3430,0,1782359674.5947769,0.0018968582153320312
108318,normal,1269,0,1782359674.5968761,0.002099275588989258
108319,normal,364,0,1782359674.5987766,0.0019004344940185547
108320,normal,1062,0,1782359674.600789,0.002012491226196289
108321,normal,374,0,1782359674.6028345,0.0020453929901123047
108322,normal,494,0,1782359674.604788,0.001953601837158203
108323,normal,278,0,1782359674.6067772,0.001989126205444336
108324,normal,2634,0,1782359674.6088316,0.002054452896118164
108325,normal,522,0,1782359674.6108224,0.001990795135498047
108326,normal,2839,0,1782359674.6127937,0.0019712448120117188
108327,normal,3097,1,1782359674.6148345,0.002040863037109375
108328,normal,378,0,1782359674.6167877,0.001953125
108329,normal,1516,0,1782359674.6187809,0.0019931793212890625
108330,normal,540,0,1782359674.6208897,0.0021088123321533203
108331,normal,90,0,1782359674.622781,0.0018913745880126953
108332,normal,3290,1,1782359674.6247902,0.002009153366088867
108333,normal,367,0,1782359674.6268442,0.002053976058959961
108334,normal,3552,0,1782359674.62879,0.0019457340240478516
108335,normal,3312,1,1782359674.630775,0.0019850730895996094
108336,normal,3412,0,1782359674.6328294,0.002054452896118164
108337,normal,2057,0,1782359674.6347756,0.0019462108612060547
108338,normal,3429,0,1782359674.636794,0.002018451690673828
108339,normal,1179,0,1782359674.6388404,0.002046346664428711
108340,normal,2354,0,1782359674.640796,0.0019555091857910156
108341,normal,2794,0,1782359674.6427746,0.001978635787963867
108342,normal,1878,0,1782359674.6448479,0.0020732879638671875
108343,normal,3302,1,1782359674.6467774,0.0019295215606689453
108344,normal,2500,0,1782359674.648786,0.002008676528930664
108345,normal,591,0,1782359674.6508317,0.0020456314086914062
108346,normal,386,0,1782359674.652787,0.001955270767211914
108347,normal,332,0,1782359674.6547756,0.001988649368286133
108348,normal,2979,0,1782359674.6568277,0.0020520687103271484
108349,normal,944,2,1782359674.6587737,0.0019459724426269531
108350,normal,997,2,1782359674.6607857,0.002012014389038086
108351,normal,3262,1,1782359674.6628284,0.0020427703857421875
108352,normal,1658,0,1782359674.6647897,0.001961231231689453
108353,normal,1259,0,1782359674.6667755,0.001985788345336914
108354,normal,2019,0,1782359674.668834,0.0020585060119628906
108355,normal,1871,0,1782359674.670775,0.0019409656524658203
108356,normal,937,2,1782359674.6727858,0.002010822296142578
108357,normal,1541,0,1782359674.674831,0.002045154571533203
108358,normal,2093,0,1782359674.6767888,0.0019578933715820312
108359,normal,1284,0,1782359674.6787736,0.001984834671020508
108360,normal,707,0,1782359674.6808283,0.0020546913146972656
108361,normal,3660,0,1782359674.682775,0.0019466876983642578
108362,normal,764,0,1782359674.6847873,0.0020122528076171875
108363,normal,2409,0,1782359674.6868184,0.002031087875366211
108364,normal,3287,1,1782359674.6888568,0.0020384788513183594
108365,normal,2889,0,1782359674.6907809,0.0019240379333496094
108366,normal,2186,0,1782359674.6928525,0.0020716190338134766
108367,normal,3701,0,1782359674.694829,0.001976490020751953
108368,normal,2557,0,1782359674.696782,0.001953125
108369,normal,1794,0,1782359674.6988308,0.0020487308502197266
108370,normal,949,2,1782359674.7007885,0.0019576549530029297
108371,normal,1991,0,1782359674.7027757,0.0019872188568115234
108372,normal,3098,1,1782359674.704853,0.002077341079711914
108373,normal,2974,0,1782359674.706775,0.0019218921661376953
108374,normal,2374,0,1782359674.7087872,0.0020122528076171875
108375,normal,1095,0,1782359674.7108364,0.0020492076873779297
108376,normal,688,0,1782359674.7127934,0.001956939697265625
108377,normal,1689,0,1782359674.7147863,0.001992940902709961
108378,normal,669,0,1782359674.7168448,0.0020585060119628906
108379,normal,904,2,1782359674.718781,0.001936197280883789
108380,normal,2552,0,1782359674.7207906,0.0020096302032470703
108381,normal,821,2,1782359674.7228324,0.0020418167114257812
108382,normal,2349,0,1782359674.724808,0.001975536346435547
108383,normal,3132,1,1782359674.726777,0.0019690990447998047
108384,normal,2618,0,1782359674.7288482,0.0020711421966552734
108385,normal,235,0,1782359674.730776,0.0019278526306152344
108386,normal,2583,0,1782359674.732788,0.002012014389038086
108387,normal,335,0,1782359674.7348294,0.002041339874267578
108388,normal,1731,0,1782359674.7367887,0.0019593238830566406
108389,normal,1408,0,1782359674.738775,0.001986265182495117
108390,normal,259,0,1782359674.7408323,0.002057313919067383
108391,normal,2904,0,1782359674.7427773,0.0019450187683105469
108392,normal,2294,0,1782359674.744806,0.0020287036895751953
108393,normal,3668,0,1782359674.7468238,0.0020177364349365234
108394,normal,1565,0,1782359674.7487864,0.0019626617431640625
108395,normal,1922,0,1782359674.7507737,0.0019872188568115234
108396,normal,3288,1,1782359674.752839,0.002065420150756836
108397,normal,1806,0,1782359674.7547822,0.0019431114196777344
108398,normal,2440,0,1782359674.7567914,0.002009153366088867
108399,normal,2511,0,1782359674.7588313,0.0020399093627929688
108400,normal,2127,0,1782359674.760789,0.0019576549530029297
108401,normal,3531,0,1782359674.7627802,0.00199127197265625
108402,normal,1939,0,1782359674.7648292,0.002048969268798828
108403,normal,2958,0,1782359674.7667758,0.0019466876983642578
108404,normal,213,0,1782359674.768792,0.0020160675048828125
108405,normal,128,0,1782359674.7708163,0.002024412155151367
108406,normal,3573,0,1782359674.7727919,0.001975536346435547
108407,normal,2114,0,1782359674.7747858,0.001993894577026367
108408,normal,1295,0,1782359674.7768493,0.0020635128021240234
108409,normal,1686,0,1782359674.7787757,0.001926422119140625
108410,normal,3419,0,1782359674.7807906,0.0020148754119873047
108411,normal,2425,0,1782359674.7829118,0.0021212100982666016
108412,normal,1985,0,1782359674.7847893,0.0018775463104248047
108413,normal,3572,0,1782359674.7867775,0.0019881725311279297
108414,normal,566,0,1782359674.7888293,0.002051830291748047
108415,normal,599,0,1782359674.790981,0.0021517276763916016
108416,normal,1458,0,1782359674.7928326,0.0018515586853027344
108417,normal,584,0,1782359674.7948515,0.0020189285278320312
108418,normal,2629,0,1782359674.7967808,0.0019292831420898438
108419,normal,2965,0,1782359674.7988477,0.0020668506622314453
108420,normal,1250,0,1782359674.8008223,0.0019745826721191406
108421,normal,1877,0,1782359674.8027904,0.0019681453704833984
108422,normal,1717,0,1782359674.8047771,0.0019867420196533203
108423,normal,3677,0,1782359674.8068364,0.0020592212677001953
108424,normal,999,2,1782359674.808839,0.002002716064453125
108425,normal,3384,1,1782359674.8108523,0.0020132064819335938
108426,normal,2661,0,1782359674.8128476,0.0019953250885009766
108427,normal,765,0,1782359674.8148527,0.0020051002502441406
108428,normal,199,0,1782359674.8168328,0.0019800662994384766
108429,normal,2581,0,1782359674.8189197,0.0020868778228759766
108430,normal,731,0,1782359674.8208404,0.0019207000732421875
108431,normal,623,0,1782359674.822826,0.0019855499267578125
108432,normal,816,2,1782359674.8249047,0.0020787715911865234
108433,normal,2760,0,1782359674.8268652,0.0019605159759521484
108434,normal,1663,0,1782359674.8288243,0.001959085464477539
108435,normal,1419,0,1782359674.8308926,0.0020682811737060547
108436,normal,1500,0,1782359674.8328366,0.0019440650939941406
108437,normal,203,0,1782359674.834835,0.001998424530029297
108438,normal,470,0,1782359674.8369224,0.0020873546600341797
108439,normal,2881,0,1782359674.8388631,0.0019407272338867188
108440,normal,850,2,1782359674.8408258,0.0019626617431640625
108441,normal,3185,1,1782359674.8429067,0.0020809173583984375
108442,normal,971,2,1782359674.844848,0.0019412040710449219
108443,normal,1504,0,1782359674.846831,0.001983165740966797
108444,normal,2047,0,1782359674.8488464,0.002015352249145508
108445,normal,2252,0,1782359674.8508344,0.001987934112548828
108446,normal,511,0,1782359674.852847,0.0020127296447753906
108447,normal,1723,0,1782359674.8549266,0.002079486846923828
108448,normal,1524,0,1782359674.8568513,0.001924753189086914
108449,normal,280,0,1782359674.8588223,0.001971006393432617
108450,normal,1237,0,1782359674.8608353,0.002012968063354492
108451,normal,2485,0,1782359674.862863,0.002027750015258789
108452,normal,2670,0,1782359674.8648229,0.0019598007202148438
108453,normal,559,0,1782359674.8668473,0.002024412155151367
108454,normal,1170,0,1782359674.8688328,0.0019855499267578125
108455,normal,3178,1,1782359674.870852,0.002019166946411133
108456,normal,643,0,1782359674.8729143,0.0020623207092285156
108457,normal,3253,1,1782359674.8748472,0.0019328594207763672
108458,normal,2872,0,1782359674.8768237,0.001976490020751953
108459,normal,3532,0,1782359674.8788545,0.0020308494567871094
108460,normal,3238,1,1782359674.8808358,0.0019812583923339844
108461,normal,3695,0,1782359674.8828557,0.0020198822021484375
108462,normal,3678,0,1782359674.8849254,0.002069711685180664
108463,normal,2626,0,1782359674.8868508,0.0019254684448242188
108464,normal,2264,0,1782359674.8888245,0.0019736289978027344
108465,normal,2084,0,1782359674.8908548,0.0020303726196289062
108466,normal,2218,0,1782359674.892834,0.0019791126251220703
108467,normal,2242,0,1782359674.894824,0.001990079879760742
108468,normal,2802,0,1782359674.8969102,0.002086162567138672
108469,normal,2591,0,1782359674.8988633,0.001953125
108470,normal,1734,0,1782359674.9008236,0.001960277557373047
108471,normal,121,0,1782359674.9028406,0.0020170211791992188
108472,normal,2238,0,1782359674.904861,0.0020203590393066406
108473,normal,1635,0,1782359674.9068198,0.0019588470458984375
108474,normal,3202,1,1782359674.9088614,0.0020415782928466797
108475,normal,3229,1,1782359674.9108353,0.001973867416381836
108476,normal,3011,0,1782359674.9128373,0.0020020008087158203
108477,normal,3424,0,1782359674.9149103,0.002073049545288086
108478,normal,1860,0,1782359674.9168653,0.0019550323486328125
108479,normal,1224,0,1782359674.91883,0.001964569091796875
108480,normal,3475,0,1782359674.920856,0.002026081085205078
108481,normal,1950,0,1782359674.9228344,0.0019783973693847656
108482,normal,888,2,1782359674.9248233,0.0019888877868652344
108483,normal,3473,0,1782359674.9269018,0.002078533172607422
108484,normal,1290,0,1782359674.9288464,0.0019445419311523438
108485,normal,2951,0,1782359674.9308372,0.001990795135498047
108486,normal,373,0,1782359674.9329085,0.002071380615234375
108487,normal,52,0,1782359674.9348385,0.0019299983978271484
108488,normal,2959,0,1782359674.9368238,0.001985311508178711
108489,normal,3168,1,1782359674.9389036,0.0020797252655029297
108490,normal,451,0,1782359674.940848,0.0019445419311523438
108491,normal,1013,2,1782359674.9428225,0.001974344253540039
108492,normal,1349,1,1782359674.9448998,0.002077341079711914
108493,normal,1263,0,1782359674.9469097,0.002009868621826172
108494,normal,2828,0,1782359674.949003,0.0020933151245117188
108495,normal,2651,0,1782359674.9508462,0.0018432140350341797
108496,normal,489,0,1782359674.952833,0.0019867420196533203
108497,normal,3233,1,1782359674.9548373,0.002004384994506836
108498,normal,696,0,1782359674.9568152,0.0019779205322265625
108499,normal,481,0,1782359674.9588642,0.002048969268798828
108500,normal,2221,0,1782359674.9608378,0.0019736289978027344
108501,normal,805,2,1782359674.9628136,0.0019757747650146484
108502,normal,2497,0,1782359674.964882,0.0020682811737060547
108503,normal,3225,1,1782359674.9668276,0.0019457340240478516
108504,normal,3610,0,1782359674.96885,0.002022266387939453
108505,normal,186,0,1782359674.970809,0.001959085464477539
108506,normal,1319,1,1782359674.972889,0.0020799636840820312
108507,normal,3659,0,1782359674.9750493,0.002160310745239258
108508,normal,356,0,1782359674.9768958,0.0018465518951416016
108509,normal,67,0,1782359674.9791162,0.0022203922271728516
108510,normal,1334,1,1782359674.9808948,0.0017786026000976562
108511,normal,2962,0,1782359674.9828668,0.0019719600677490234
108512,normal,1293,0,1782359674.9851303,0.0022635459899902344
108513,normal,2208,0,1782359674.9869068,0.0017764568328857422
108514,normal,385,0,1782359674.9890492,0.0021424293518066406
108515,normal,966,2,1782359674.9909563,0.0019071102142333984
108516,normal,574,0,1782359674.9930646,0.002108335494995117
108517,normal,1560,0,1782359674.9948947,0.0018301010131835938
108518,normal,287,0,1782359674.996936,0.002041339874267578
108519,normal,207,0,1782359674.9990542,0.0021181106567382812
108520,normal,1966,0,1782359675.000885,0.0018308162689208984
108521,normal,607,0,1782359675.0029523,0.0020673274993896484
108522,normal,2336,0,1782359675.0050676,0.0021152496337890625
108523,normal,2046,0,1782359675.0068703,0.001802682876586914
108524,normal,1969,0,1782359675.0089545,0.0020842552185058594
108525,normal,3590,0,1782359675.0110762,0.0021216869354248047
108526,normal,1618,0,1782359675.0128715,0.0017952919006347656
108527,normal,3468,0,1782359675.0148609,0.0019893646240234375
108528,normal,2149,0,1782359675.0170283,0.0021674633026123047
108529,normal,243,0,1782359675.0188303,0.0018019676208496094
108530,normal,2613,0,1782359675.0208395,0.002009153366088867
108531,normal,3675,0,1782359675.0228918,0.00205230712890625
108532,normal,2333,0,1782359675.0248394,0.001947641372680664
108533,normal,909,2,1782359675.0268376,0.0019981861114501953
108534,normal,632,0,1782359675.0288973,0.0020596981048583984
108535,normal,1332,1,1782359675.030825,0.0019276142120361328
108536,normal,204,0,1782359675.032837,0.002012014389038086
108537,normal,1903,0,1782359675.0348775,0.0020406246185302734
108538,normal,2042,0,1782359675.0368505,0.0019729137420654297
108539,normal,1902,0,1782359675.0388227,0.001972198486328125
108540,normal,1392,0,1782359675.0408924,0.002069711685180664
108541,normal,994,2,1782359675.0428247,0.001932382583618164
108542,normal,3327,1,1782359675.0448382,0.0020134449005126953
108543,normal,1849,0,1782359675.0468125,0.001974344253540039
108544,normal,1320,1,1782359675.0488372,0.0020246505737304688
108545,normal,1942,0,1782359675.0508215,0.0019843578338623047
108546,normal,226,0,1782359675.0528843,0.0020627975463867188
108547,normal,2795,0,1782359675.0548956,0.0020112991333007812
108548,normal,2261,0,1782359675.0568442,0.0019485950469970703
108549,normal,1200,0,1782359675.0589921,0.0021479129791259766
108550,normal,104,0,1782359675.060847,0.0018548965454101562
108551,normal,1412,0,1782359675.0629394,0.0020923614501953125
108552,normal,2991,0,1782359675.0650733,0.0021338462829589844
108553,normal,2918,0,1782359675.0668557,0.0017824172973632812
108554,normal,720,0,1782359675.0689132,0.0020575523376464844
108555,normal,1980,0,1782359675.0710802,0.0021669864654541016
108556,normal,1177,0,1782359675.0728462,0.0017659664154052734
108557,normal,1437,0,1782359675.075013,0.002166748046875
108558,normal,804,2,1782359675.077077,0.0020639896392822266
108559,normal,1630,0,1782359675.0788953,0.0018184185028076172
108560,normal,1,0,1782359675.0810122,0.0021169185638427734
108561,normal,3279,1,1782359675.0830684,0.002056121826171875
108562,normal,2378,0,1782359675.0848436,0.0017752647399902344
108563,normal,1619,0,1782359675.0870738,0.0022301673889160156
108564,normal,710,0,1782359675.089155,0.002081155776977539
108565,normal,1240,0,1782359675.0909097,0.0017547607421875
108566,normal,2209,0,1782359675.0929434,0.002033710479736328
108567,normal,404,0,1782359675.0950935,0.0021500587463378906
108568,normal,16,0,1782359675.096848,0.0017545223236083984
108569,normal,1672,0,1782359675.0990262,0.002178192138671875
108570,normal,2475,0,1782359675.101096,0.002069711685180664
108571,normal,3597,0,1782359675.1028464,0.0017504692077636719
108572,normal,2248,0,1782359675.1050348,0.002188444137573242
108573,normal,1072,0,1782359675.1070728,0.0020380020141601562
108574,normal,2480,0,1782359675.1088436,0.0017707347869873047
108575,normal,388,0,1782359675.1109934,0.002149820327758789
108576,normal,2366,0,1782359675.1130447,0.0020513534545898438
108577,normal,232,0,1782359675.114826,0.0017812252044677734
108578,normal,729,0,1782359675.1169028,0.002076864242553711
108579,normal,2176,0,1782359675.1191576,0.0022547245025634766
108580,normal,256,0,1782359675.1208951,0.0017375946044921875
108581,normal,3043,0,1782359675.1229591,0.0020639896392822266
108582,normal,2668,0,1782359675.1251557,0.0021965503692626953
108583,normal,757,0,1782359675.12689,0.0017342567443847656
108584,normal,3643,0,1782359675.1290872,0.002197265625
108585,normal,1044,0,1782359675.131154,0.0020668506622314453
108586,normal,3379,1,1782359675.1328926,0.0017385482788085938
108587,normal,3259,1,1782359675.1350894,0.002196788787841797
108588,normal,1917,0,1782359675.1371648,0.0020754337310791016
108589,normal,1070,0,1782359675.1388893,0.0017244815826416016
108590,normal,2420,0,1782359675.1410923,0.0022029876708984375
108591,normal,3242,1,1782359675.143166,0.0020737648010253906
108592,normal,3081,1,1782359675.144891,0.0017249584197998047
108593,normal,2180,0,1782359675.1469052,0.00201416015625
108594,normal,2896,0,1782359675.1492136,0.002308368682861328
108595,normal,1718,0,1782359675.1508915,0.0016779899597167969
108596,normal,2604,0,1782359675.152908,0.0020165443420410156
108597,normal,271,0,1782359675.155178,0.0022699832916259766
108598,normal,902,2,1782359675.1568875,0.0017094612121582031
108599,normal,3318,1,1782359675.158909,0.0020215511322021484
108600,normal,3,0,1782359675.1611965,0.0022873878479003906
108601,normal,629,0,1782359675.162898,0.0017015933990478516
108602,normal,2791,0,1782359675.1649125,0.0020143985748291016
108603,normal,3529,0,1782359675.167197,0.002284526824951172
108604,normal,2778,0,1782359675.1689224,0.0017254352569580078
108605,normal,1621,0,1782359675.1709056,0.001983165740966797
108606,normal,673,0,1782359675.1732423,0.002336740493774414
108607,normal,516,0,1782359675.1749263,0.001683950424194336
108608,normal,1265,0,1782359675.1768384,0.0019121170043945312
108609,normal,197,0,1782359675.179061,0.0022225379943847656
108610,normal,1567,0,1782359675.1808236,0.0017626285552978516
108611,normal,1039,0,1782359675.182838,0.0020143985748291016
108612,normal,2121,0,1782359675.1848857,0.0020477771759033203
108613,normal,3268,1,1782359675.186823,0.0019371509552001953
108614,normal,3054,1,1782359675.1888213,0.001998424530029297
108615,normal,2496,0,1782359675.1909022,0.0020809173583984375
108616,normal,1331,1,1782359675.1928222,0.0019199848175048828
108617,normal,19,0,1782359675.1948214,0.0019991397857666016
108618,normal,2239,0,1782359675.1968937,0.0020723342895507812
108619,normal,2192,0,1782359675.1988208,0.0019271373748779297
108620,normal,2788,0,1782359675.2008204,0.0019996166229248047
108621,normal,1945,0,1782359675.2029006,0.002080202102661133
108622,normal,2577,0,1782359675.2048283,0.0019276142120361328
108623,normal,537,0,1782359675.20682,0.001991748809814453
108624,normal,1228,0,1782359675.208898,0.0020780563354492188
108625,normal,3362,1,1782359675.2108212,0.0019230842590332031
108626,normal,1900,0,1782359675.2128205,0.001999378204345703
108627,normal,1644,0,1782359675.214899,0.002078533172607422
108628,normal,236,0,1782359675.216828,0.0019290447235107422
108629,normal,2416,0,1782359675.2188206,0.001992464065551758
108630,normal,2826,0,1782359675.2208476,0.0020270347595214844
108631,normal,948,2,1782359675.2228198,0.001972198486328125
108632,normal,1997,0,1782359675.22482,0.002000093460083008
108633,normal,137,0,1782359675.226897,0.0020771026611328125
108634,normal,2855,0,1782359675.2288194,0.0019223690032958984
108635,normal,1888,0,1782359675.2308204,0.002001047134399414
108636,normal,2007,0,1782359675.2328923,0.002071857452392578
108637,normal,926,2,1782359675.2348206,0.0019283294677734375
108638,normal,3093,1,1782359675.2368226,0.0020020008087158203
108639,normal,1884,0,1782359675.238899,0.002076387405395508
108640,normal,1998,0,1782359675.2408195,0.001920461654663086
108641,normal,2503,0,1782359675.2428193,0.0019998550415039062
108642,normal,108,0,1782359675.2448912,0.002071857452392578
108643,normal,670,0,1782359675.2468214,0.00193023681640625
108644,normal,3333,1,1782359675.248819,0.001997709274291992
108645,normal,2587,0,1782359675.2509212,0.0021021366119384766
108646,normal,2837,0,1782359675.2528195,0.0018982887268066406
108647,normal,2205,0,1782359675.2548199,0.0020003318786621094
108648,normal,1431,0,1782359675.2568936,0.0020737648010253906
108649,normal,1283,0,1782359675.2588398,0.0019462108612060547
108650,normal,1771,0,1782359675.2608259,0.0019860267639160156
108651,normal,1534,0,1782359675.2629168,0.002090930938720703
108652,normal,1612,0,1782359675.2648234,0.0019066333770751953
108653,normal,260,0,1782359675.2668202,0.001996755599975586
108654,normal,569,0,1782359675.2688932,0.002073049545288086
108655,normal,1003,2,1782359675.270823,0.0019297599792480469
108656,normal,2316,0,1782359675.2728333,0.002010345458984375
108657,normal,2873,0,1782359675.2749183,0.002084970474243164
108658,normal,738,0,1782359675.2768435,0.0019252300262451172
108659,normal,746,0,1782359675.278822,0.0019783973693847656
108660,normal,1649,0,1782359675.2808914,0.0020694732666015625
108661,normal,2924,0,1782359675.2828553,0.0019638538360595703
108662,normal,1411,0,1782359675.2848191,0.0019638538360595703
108663,normal,983,2,1782359675.286897,0.002077817916870117
108664,normal,1668,0,1782359675.2888212,0.001924276351928711
108665,normal,3119,1,1782359675.2908323,0.0020110607147216797
108666,normal,1453,0,1782359675.2929099,0.0020775794982910156
108667,normal,1363,1,1782359675.294849,0.0019390583038330078
108668,normal,1400,0,1782359675.2968194,0.001970529556274414
108669,normal,3325,1,1782359675.2989216,0.0021021366119384766
108670,normal,2235,0,1782359675.3008277,0.0019061565399169922
108671,normal,1695,0,1782359675.302835,0.0020072460174560547
108672,normal,2136,0,1782359675.3049023,0.0020673274993896484
108673,normal,530,0,1782359675.3068442,0.0019419193267822266
108674,normal,307,0,1782359675.308822,0.001977682113647461
108675,normal,3321,1,1782359675.3109481,0.0021262168884277344
108676,normal,3452,0,1782359675.3128204,0.0018723011016845703
108677,normal,2112,0,1782359675.3148215,0.002001047134399414
108678,normal,3205,1,1782359675.3168402,0.0020186901092529297
108679,normal,3222,1,1782359675.3188195,0.001979351043701172
108680,normal,3030,0,1782359675.3208208,0.0020012855529785156
108681,normal,1652,0,1782359675.3228908,0.0020699501037597656
108682,normal,3674,0,1782359675.324821,0.00193023681640625
108683,normal,596,0,1782359675.3268204,0.001999378204345703
108684,normal,3679,0,1782359675.328915,0.002094745635986328
108685,normal,544,0,1782359675.3308206,0.0019054412841796875
108686,normal,449,0,1782359675.3328216,0.002001047134399414
108687,normal,2303,0,1782359675.334893,0.002071380615234375
108688,normal,268,0,1782359675.33682,0.0019268989562988281
108689,normal,2905,0,1782359675.3388348,0.0020148754119873047
108690,normal,977,2,1782359675.340918,0.002083301544189453
108691,normal,3580,0,1782359675.342845,0.0019268989562988281
108692,normal,1397,0,1782359675.344836,0.0019910335540771484
108693,normal,1594,0,1782359675.346893,0.0020570755004882812
108694,normal,3461,0,1782359675.348887,0.001993894577026367
108695,normal,795,2,1782359675.3508096,0.001922607421875
108696,normal,982,2,1782359675.352833,0.002023458480834961
108697,normal,515,0,1782359675.3547847,0.0019516944885253906
108698,normal,1114,0,1782359675.3568327,0.002048015594482422
108699,normal,2489,0,1782359675.3588307,0.0019979476928710938
108700,normal,3694,0,1782359675.3608093,0.001978635787963867
108701,normal,2477,0,1782359675.362814,0.0020046234130859375
108702,normal,1947,0,1782359675.364894,0.0020799636840820312
108703,normal,1239,0,1782359675.366785,0.0018911361694335938
108704,normal,3158,1,1782359675.3689215,0.0021364688873291016
108705,normal,1262,0,1782359675.3709452,0.0020236968994140625
108706,normal,3365,1,1782359675.3728497,0.0019044876098632812
108707,normal,897,2,1782359675.375059,0.002209186553955078
108708,normal,3109,1,1782359675.3768666,0.0018076896667480469
108709,normal,3351,1,1782359675.3789883,0.0021216869354248047
108710,normal,3189,1,1782359675.3808577,0.0018694400787353516
108711,normal,2844,0,1782359675.3830273,0.0021696090698242188
108712,normal,3184,1,1782359675.384886,0.0018587112426757812
108713,normal,820,2,1782359675.3869817,0.0020956993103027344
108714,normal,3601,0,1782359675.388906,0.001924276351928711
108715,normal,249,0,1782359675.3909879,0.0020818710327148438
108716,normal,3699,0,1782359675.3928692,0.0018813610076904297
108717,normal,1097,0,1782359675.3950233,0.002154111862182617
108718,normal,105,0,1782359675.3968852,0.0018618106842041016
108719,normal,2427,0,1782359675.398984,0.0020987987518310547
108720,normal,3427,0,1782359675.400904,0.0019199848175048828
108721,normal,2325,0,1782359675.4029853,0.0020813941955566406
108722,normal,2665,0,1782359675.4048681,0.001882791519165039
108723,normal,3008,0,1782359675.4070208,0.002152681350708008
108724,normal,3021,0,1782359675.4088836,0.0018627643585205078
108725,normal,1404,0,1782359675.4109902,0.0021066665649414062
108726,normal,3626,0,1782359675.4129007,0.0019104480743408203
108727,normal,796,2,1782359675.414986,0.0020852088928222656
108728,normal,2379,0,1782359675.4168892,0.0019032955169677734
108729,normal,1270,0,1782359675.4190328,0.0021436214447021484
108730,normal,2823,0,1782359675.4208841,0.0018513202667236328
108731,normal,2606,0,1782359675.4229949,0.002110719680786133
108732,normal,84,0,1782359675.4250402,0.0020453929901123047
108733,normal,2154,0,1782359675.426884,0.0018436908721923828
108734,normal,2612,0,1782359675.4288824,0.001998424530029297
108735,normal,2398,0,1782359675.4310193,0.0021369457244873047
108736,normal,422,0,1782359675.4328766,0.0018572807312011719
108737,normal,3612,0,1782359675.434997,0.002120494842529297
108738,normal,2545,0,1782359675.436893,0.001895904541015625
108739,normal,3138,1,1782359675.4388871,0.0019941329956054688
108740,normal,1841,0,1782359675.440788,0.0019009113311767578
108741,normal,3022,0,1782359675.4430375,0.002249479293823242
108742,normal,777,2,1782359675.4448824,0.0018448829650878906
108743,normal,3051,1,1782359675.4468455,0.0019631385803222656
108744,normal,874,2,1782359675.4489915,0.002146005630493164
108745,normal,792,2,1782359675.4508798,0.001888275146484375
108746,normal,1125,0,1782359675.4530048,0.0021250247955322266
108747,normal,3129,1,1782359675.454876,0.0018711090087890625
108748,normal,695,0,1782359675.4569871,0.002111196517944336
108749,normal,1448,0,1782359675.4589114,0.001924276351928711
108750,normal,1965,0,1782359675.4610214,0.002110004425048828
108751,normal,1785,0,1782359675.4628835,0.0018620491027832031
108752,normal,2675,0,1782359675.4650106,0.0021271705627441406
108753,normal,846,2,1782359675.466975,0.0019643306732177734
108754,normal,767,0,1782359675.4689076,0.0019326210021972656
108755,normal,1825,0,1782359675.4710155,0.002107858657836914
108756,normal,808,2,1782359675.4729962,0.0019807815551757812
108757,normal,1876,0,1782359675.4748838,0.0018875598907470703
108758,normal,2524,0,1782359675.4769964,0.0021126270294189453
108759,normal,1978,0,1782359675.4789653,0.001968860626220703
108760,normal,3662,0,1782359675.480884,0.001918792724609375
108761,normal,1636,0,1782359675.4830549,0.0021708011627197266
108762,normal,2068,0,1782359675.4849691,0.0019142627716064453
108763,normal,2784,0,1782359675.486884,0.00191497802734375
108764,normal,775,2,1782359675.4890516,0.0021674633026123047
108765,normal,462,0,1782359675.4909809,0.0019292831420898438
108766,normal,585,0,1782359675.4928858,0.0019049644470214844
108767,normal,252,0,1782359675.4950333,0.0021474361419677734
108768,normal,3053,1,1782359675.4969237,0.001890420913696289
108769,normal,855,2,1782359675.4988837,0.0019600391387939453
108770,normal,2636,0,1782359675.5009882,0.002104520797729492
108771,normal,1813,0,1782359675.502957,0.001968860626220703
108772,normal,3137,1,1782359675.5048563,0.0018992424011230469
108773,normal,570,0,1782359675.507062,0.0022056102752685547
108774,normal,2352,0,1782359675.5090494,0.001987457275390625
108775,normal,527,0,1782359675.5108492,0.0017998218536376953
108776,normal,1138,0,1782359675.5129328,0.0020835399627685547
108777,normal,3003,0,1782359675.5150862,0.0021533966064453125
108778,normal,676,0,1782359675.5168688,0.0017826557159423828
108779,normal,1169,0,1782359675.5190427,0.002173900604248047
108780,normal,3410,0,1782359675.5210512,0.0020084381103515625
108781,normal,1936,0,1782359675.5228453,0.0017940998077392578
108782,normal,1304,0,1782359675.5250893,0.0022439956665039062
108783,normal,411,0,1782359675.5269356,0.0018463134765625
108784,normal,3683,0,1782359675.528833,0.0018973350524902344
108785,normal,196,0,1782359675.5308168,0.0019838809967041016
108786,normal,360,0,1782359675.5328841,0.0020673274993896484
108787,normal,1372,1,1782359675.5348291,0.0019450187683105469
108788,normal,1254,0,1782359675.5368154,0.001986265182495117
108789,normal,3352,1,1782359675.5388618,0.002046346664428711
108790,normal,3350,1,1782359675.540832,0.0019702911376953125
108791,normal,2402,0,1782359675.542782,0.0019500255584716797
108792,normal,3548,0,1782359675.5448275,0.0020453929901123047
108793,normal,3495,0,1782359675.5470045,0.002177000045776367
108794,normal,3254,1,1782359675.5496883,0.002683877944946289
108795,normal,2059,0,1782359675.5508487,0.0011603832244873047
108796,normal,72,0,1782359675.5527894,0.0019407272338867188
108797,normal,65,0,1782359675.5548673,0.002077817916870117
108798,normal,3029,0,1782359675.5568047,0.0019373893737792969
108799,normal,399,0,1782359675.5588765,0.002071857452392578
108800,normal,2809,0,1782359675.5607934,0.0019168853759765625
108801,normal,3173,1,1782359675.56283,0.002036571502685547
108802,normal,433,0,1782359675.5648434,0.0020134449005126953
108803,normal,1274,0,1782359675.5668056,0.0019621849060058594
108804,normal,3307,1,1782359675.5688946,0.0020890235900878906
108805,normal,317,0,1782359675.5708134,0.001918792724609375
108806,normal,1213,0,1782359675.5728648,0.0020513534545898438
108807,normal,2448,0,1782359675.574826,0.001961231231689453
108808,normal,2351,0,1782359675.5768979,0.002071857452392578
108809,normal,329,0,1782359675.5788193,0.0019214153289794922
108810,normal,2891,0,1782359675.5808916,0.0020723342895507812
108811,normal,2692,0,1782359675.5828114,0.0019197463989257812
108812,normal,1285,0,1782359675.5848649,0.002053499221801758
108813,normal,2324,0,1782359675.5868268,0.001961946487426758
108814,normal,762,0,1782359675.5888076,0.0019807815551757812
108815,normal,1557,0,1782359675.5908532,0.0020456314086914062
108816,normal,2015,0,1782359675.592826,0.001972675323486328
108817,normal,3396,1,1782359675.5948079,0.001981973648071289
108818,normal,2380,0,1782359675.5968497,0.0020418167114257812
108819,normal,3232,1,1782359675.5989227,0.002073049545288086
108820,normal,3633,0,1782359675.6007874,0.0018646717071533203
108821,normal,774,2,1782359675.6029646,0.0021772384643554688
108822,normal,3241,1,1782359675.6048956,0.0019309520721435547
108823,normal,1351,1,1782359675.606878,0.001982450485229492
108824,normal,1409,0,1782359675.6088707,0.0019927024841308594
108825,normal,428,0,1782359675.6109624,0.002091646194458008
108826,normal,959,2,1782359675.6128325,0.0018701553344726562
108827,normal,2877,0,1782359675.6149774,0.0021448135375976562
108828,normal,2746,0,1782359675.616915,0.0019376277923583984
108829,normal,9,0,1782359675.6188078,0.0018928050994873047
108830,normal,1316,0,1782359675.6211095,0.0023016929626464844
108831,normal,633,0,1782359675.622836,0.0017266273498535156
108832,normal,3249,1,1782359675.6247952,0.001959085464477539
108833,normal,2089,0,1782359675.6269703,0.0021750926971435547
108834,normal,3414,0,1782359675.629046,0.002075672149658203
108835,normal,1222,0,1782359675.6308792,0.001833200454711914
108836,normal,1480,0,1782359675.6328824,0.002003192901611328
108837,normal,1353,1,1782359675.6350496,0.002167224884033203
108838,normal,3614,0,1782359675.63688,0.0018303394317626953
108839,normal,1164,0,1782359675.638884,0.0020041465759277344
108840,normal,2936,0,1782359675.6410544,0.0021703243255615234
108841,normal,992,2,1782359675.6428795,0.001825094223022461
108842,normal,1496,0,1782359675.6448836,0.0020041465759277344
108843,normal,76,0,1782359675.6470497,0.0021660327911376953
108844,normal,3214,1,1782359675.648882,0.0018322467803955078
108845,normal,510,0,1782359675.6508944,0.002012491226196289
108846,normal,2650,0,1782359675.6530497,0.002155303955078125
108847,normal,1214,0,1782359675.6548836,0.0018339157104492188
108848,normal,2083,0,1782359675.6568701,0.0019865036010742188
108849,normal,2162,0,1782359675.6590528,0.0021827220916748047
108850,normal,353,0,1782359675.6608322,0.001779317855834961
108851,normal,89,0,1782359675.66314,0.002307891845703125
108852,normal,1165,0,1782359675.6650455,0.0019054412841796875
108853,normal,957,2,1782359675.6668816,0.0018360614776611328
108854,normal,1117,0,1782359675.668898,0.0020165443420410156
108855,normal,320,0,1782359675.6710613,0.0021631717681884766
108856,normal,1761,0,1782359675.6729045,0.0018432140350341797
108857,normal,2167,0,1782359675.6749012,0.001996755599975586
108858,normal,1388,0,1782359675.677041,0.0021398067474365234
108859,normal,798,2,1782359675.678882,0.001840829849243164
108860,normal,337,0,1782359675.6809044,0.0020225048065185547
108861,normal,1447,0,1782359675.6830537,0.002149343490600586
108862,normal,610,0,1782359675.6848876,0.0018339157104492188
108863,normal,1149,0,1782359675.686905,0.0020172595977783203
108864,normal,325,0,1782359675.689049,0.0021440982818603516
108865,normal,2268,0,1782359675.6908863,0.0018372535705566406
108866,normal,2467,0,1782359675.692907,0.0020208358764648438
108867,normal,418,0,1782359675.6950426,0.0021355152130126953
108868,normal,1989,0,1782359675.696882,0.0018393993377685547
108869,normal,188,0,1782359675.6989105,0.0020284652709960938
108870,normal,1080,0,1782359675.7010963,0.002185821533203125
108871,normal,3267,1,1782359675.7028809,0.0017845630645751953
108872,normal,2320,0,1782359675.7049127,0.0020318031311035156
108873,normal,2565,0,1782359675.7070456,0.002132892608642578
108874,normal,830,2,1782359675.708885,0.0018393993377685547
108875,normal,1297,0,1782359675.7109153,0.0020303726196289062
108876,normal,439,0,1782359675.7130399,0.0021245479583740234
108877,normal,497,0,1782359675.714882,0.0018420219421386719
108878,normal,2808,0,1782359675.7169256,0.0020437240600585938
108879,normal,3050,1,1782359675.7190425,0.0021169185638427734
108880,normal,3277,1,1782359675.7208815,0.0018389225006103516
108881,normal,1481,0,1782359675.7229207,0.002039194107055664
108882,normal,1476,0,1782359675.7250342,0.0021135807037353516
108883,normal,1477,0,1782359675.7268846,0.0018503665924072266
108884,normal,2738,0,1782359675.7289274,0.0020427703857421875
108885,normal,2125,0,1782359675.7310512,0.0021238327026367188
108886,normal,1979,0,1782359675.7328784,0.001827239990234375
108887,normal,2527,0,1782359675.7348936,0.0020151138305664062
108888,normal,682,0,1782359675.737114,0.0022203922271728516
108889,normal,2728,0,1782359675.7388823,0.001768350601196289
108890,normal,131,0,1782359675.7409348,0.0020525455474853516
108891,normal,1439,0,1782359675.743068,0.0021331310272216797
108892,normal,834,2,1782359675.744874,0.001806020736694336
108893,normal,2411,0,1782359675.7469385,0.0020644664764404297
108894,normal,3067,1,1782359675.749085,0.002146482467651367
108895,normal,3704,0,1782359675.7508757,0.001790761947631836
108896,normal,2821,0,1782359675.7529309,0.0020551681518554688
108897,normal,770,0,1782359675.755079,0.002148151397705078
108898,normal,3680,0,1782359675.756874,0.001795053482055664
108899,normal,3344,1,1782359675.7589355,0.0020613670349121094
108900,normal,1053,0,1782359675.7610753,0.0021398067474365234
108901,normal,2619,0,1782359675.7628767,0.0018014907836914062
108902,normal,3609,0,1782359675.764944,0.0020673274993896484
108903,normal,1819,0,1782359675.7670927,0.0021486282348632812
108904,normal,1294,0,1782359675.768874,0.0017812252044677734
108905,normal,1366,1,1782359675.770939,0.0020651817321777344
108906,normal,1362,1,1782359675.773108,0.002168893814086914
108907,normal,2880,0,1782359675.7748742,0.001766204833984375
108908,normal,4,0,1782359675.7769248,0.002050638198852539
108909,normal,1681,0,1782359675.7791286,0.002203702926635742
108910,normal,2206,0,1782359675.7808714,0.0017428398132324219
108911,normal,3371,1,1782359675.7829273,0.0020558834075927734
108912,normal,2736,0,1782359675.785102,0.0021746158599853516
108913,normal,254,0,1782359675.7868705,0.0017685890197753906
108914,normal,1022,2,1782359675.788855,0.0019845962524414062
108915,normal,3046,1,1782359675.790933,0.002077817916870117
108916,normal,3358,1,1782359675.792781,0.0018482208251953125
108917,normal,2014,0,1782359675.7947783,0.001997232437133789
108918,normal,2345,0,1782359675.7969086,0.002130270004272461
108919,normal,1583,0,1782359675.7987769,0.0018682479858398438
108920,normal,3047,1,1782359675.8007762,0.001999378204345703
108921,normal,1935,0,1782359675.8029087,0.002132415771484375
108922,normal,132,0,1782359675.804777,0.0018682479858398438
108923,normal,639,0,1782359675.8068237,0.002046823501586914
108924,normal,1384,0,1782359675.8088114,0.0019876956939697266
108925,normal,1085,0,1782359675.8108048,0.001993417739868164
108926,normal,2812,0,1782359675.8127801,0.0019752979278564453
108927,normal,532,0,1782359675.814844,0.002063751220703125
108928,normal,139,0,1782359675.8167787,0.0019347667694091797
108929,normal,3432,0,1782359675.818777,0.001998424530029297
108930,normal,174,0,1782359675.8208244,0.002047300338745117
108931,normal,2906,0,1782359675.8227797,0.001955270767211914
108932,normal,939,2,1782359675.8247771,0.0019974708557128906
108933,normal,2403,0,1782359675.8268385,0.0020613670349121094
108934,normal,3201,1,1782359675.8287904,0.0019519329071044922
108935,normal,118,0,1782359675.830777,0.0019865036010742188
108936,normal,2484,0,1782359675.8328433,0.002066373825073242
108937,normal,2899,0,1782359675.8347766,0.0019333362579345703
108938,normal,969,2,1782359675.8367786,0.0020020008087158203
108939,normal,1427,0,1782359675.838824,0.0020453929901123047
108940,normal,1981,0,1782359675.840776,0.0019519329071044922
108941,normal,396,0,1782359675.8427756,0.0019996166229248047
108942,normal,2203,0,1782359675.8448453,0.002069711685180664
108943,normal,2931,0,1782359675.8467774,0.0019321441650390625
108944,normal,32,0,1782359675.8487759,0.001998424530029297
108945,normal,899,2,1782359675.8508234,0.0020475387573242188
108946,normal,1330,1,1782359675.8527753,0.0019519329071044922
108947,normal,2328,0,1782359675.854775,0.0019996166229248047
108948,normal,1994,0,1782359675.8568287,0.0020537376403808594
108949,normal,3671,0,1782359675.8587773,0.0019485950469970703
108950,normal,1475,0,1782359675.860778,0.0020008087158203125
108951,normal,2164,0,1782359675.862825,0.002046823501586914
108952,normal,466,0,1782359675.8647764,0.001951456069946289
108953,normal,2371,0,1782359675.8667805,0.0020041465759277344
108954,normal,1600,0,1782359675.8688254,0.0020449161529541016
108955,normal,1464,0,1782359675.8707774,0.0019519329071044922
108956,normal,2749,0,1782359675.8727753,0.0019979476928710938
108957,normal,2601,0,1782359675.874825,0.002049684524536133
108958,normal,1446,0,1782359675.876777,0.0019519329071044922
108959,normal,1207,0,1782359675.8787756,0.0019986629486083984
108960,normal,7,0,1782359675.88083,0.002054452896118164
108961,normal,3466,0,1782359675.8827758,0.0019457340240478516
108962,normal,2170,0,1782359675.884783,0.0020072460174560547
108963,normal,2302,0,1782359675.8868275,0.0020444393157958984
108964,normal,2272,0,1782359675.8887813,0.0019538402557373047
108965,normal,3646,0,1782359675.890776,0.001994609832763672
108966,normal,1879,0,1782359675.8928254,0.0020494461059570312
108967,normal,2780,0,1782359675.8947783,0.0019528865814208984
108968,normal,473,0,1782359675.8967772,0.0019989013671875
108969,normal,1853,0,1782359675.8988242,0.0020470619201660156
108970,normal,305,0,1782359675.9007769,0.0019526481628417969
108971,normal,1697,0,1782359675.9027863,0.0020093917846679688
108972,normal,2096,0,1782359675.9048254,0.002039194107055664
108973,normal,2871,0,1782359675.9067774,0.0019519329071044922
108974,normal,3127,1,1782359675.908778,0.002000570297241211
108975,normal,1932,0,1782359675.9108305,0.0020525455474853516
108976,normal,2964,0,1782359675.9127767,0.0019462108612060547
108977,normal,520,0,1782359675.9147756,0.0019989013671875
108978,normal,1314,0,1782359675.9168255,0.0020499229431152344
108979,normal,2301,0,1782359675.918777,0.001951456069946289
108980,normal,3023,0,1782359675.9207764,0.001999378204345703
108981,normal,936,2,1782359675.9228404,0.0020639896392822266
108982,normal,151,0,1782359675.9247768,0.0019364356994628906
108983,normal,3035,0,1782359675.9267757,0.0019989013671875
108984,normal,1472,0,1782359675.9288254,0.002049684524536133
108985,normal,1393,0,1782359675.9307773,0.0019519329071044922
108986,normal,3246,1,1782359675.9327767,0.001999378204345703
108987,normal,2909,0,1782359675.9348323,0.002055644989013672
108988,normal,1538,0,1782359675.9367766,0.0019443035125732422
108989,normal,1786,0,1782359675.938783,0.0020062923431396484
108990,normal,1103,0,1782359675.9408274,0.0020444393157958984
108991,normal,1741,0,1782359675.9427786,0.0019512176513671875
108992,normal,771,0,1782359675.9448998,0.0021212100982666016
108993,normal,1009,2,1782359675.9469864,0.002086639404296875
108994,normal,2343,0,1782359675.9488597,0.0018732547760009766
108995,normal,1975,0,1782359675.9512548,0.002395153045654297
108996,normal,2994,0,1782359675.9530087,0.0017538070678710938
108997,normal,1132,0,1782359675.9548986,0.001889944076538086
108998,normal,1675,0,1782359675.957235,0.0023365020751953125
108999,normal,3256,1,1782359675.9590015,0.0017664432525634766
109000,normal,480,0,1782359675.9609003,0.0018987655639648438
109001,normal,1041,0,1782359675.963229,0.002328634262084961
109002,normal,414,0,1782359675.9649627,0.0017337799072265625
109003,normal,2356,0,1782359675.9668963,0.0019335746765136719
109004,normal,354,0,1782359675.9692376,0.0023412704467773438
109005,normal,650,0,1782359675.970986,0.0017483234405517578
109006,normal,2573,0,1782359675.9729,0.0019140243530273438
109007,normal,3260,1,1782359675.9752393,0.0023393630981445312
109008,normal,1035,0,1782359675.976993,0.0017538070678710938
109009,normal,3391,1,1782359675.978944,0.001950979232788086
109010,normal,3269,1,1782359675.9812436,0.0022995471954345703
109011,normal,2081,0,1782359675.9830115,0.001767873764038086
109012,normal,1954,0,1782359675.984898,0.001886606216430664
109013,normal,2694,0,1782359675.987236,0.002337932586669922
109014,normal,41,0,1782359675.9889784,0.0017423629760742188
109015,normal,3447,0,1782359675.9908977,0.0019192695617675781
109016,normal,995,2,1782359675.9934282,0.0025305747985839844
109017,normal,2963,0,1782359675.995009,0.0015807151794433594
109018,normal,49,0,1782359675.996899,0.001889944076538086
109019,normal,929,2,1782359675.9992397,0.0023407936096191406
109020,normal,1677,0,1782359676.0010211,0.001781463623046875
109021,normal,503,0,1782359676.0028987,0.0018775463104248047
109022,normal,3478,0,1782359676.0052464,0.002347707748413086
109023,normal,2317,0,1782359676.006997,0.0017507076263427734
109024,normal,2554,0,1782359676.0088997,0.0019025802612304688
109025,normal,3078,1,1782359676.0112479,0.002348184585571289
109026,normal,123,0,1782359676.0129879,0.0017399787902832031
109027,normal,2793,0,1782359676.014899,0.001911163330078125
109028,normal,1049,0,1782359676.0172477,0.002348661422729492
109029,normal,2927,0,1782359676.0190172,0.0017695426940917969
109030,normal,2539,0,1782359676.0208983,0.0018811225891113281
109031,normal,264,0,1782359676.023249,0.0023505687713623047
109032,normal,2323,0,1782359676.0250158,0.0017669200897216797
109033,normal,2215,0,1782359676.026902,0.001886129379272461
109034,normal,61,0,1782359676.0292523,0.002350330352783203
109035,normal,1347,1,1782359676.0310256,0.0017733573913574219
109036,normal,819,2,1782359676.0329013,0.0018756389617919922
109037,normal,3566,0,1782359676.035256,0.0023546218872070312
109038,normal,3422,0,1782359676.0370023,0.0017464160919189453
109039,normal,56,0,1782359676.0388994,0.0018970966339111328
109040,normal,34,0,1782359676.04127,0.002370595932006836
109041,normal,2197,0,1782359676.0430079,0.001737833023071289
109042,normal,1056,0,1782359676.0449023,0.0018944740295410156
109043,normal,1023,2,1782359676.0472648,0.002362489700317383
109044,normal,1925,0,1782359676.048976,0.001711130142211914
109045,normal,3230,1,1782359676.0509002,0.001924276351928711
109046,normal,478,0,1782359676.0530996,0.002199411392211914
109047,normal,1740,0,1782359676.0549932,0.0018935203552246094
109048,normal,2814,0,1782359676.0568972,0.0019040107727050781
109049,normal,609,0,1782359676.0591002,0.0022029876708984375
109050,normal,3120,1,1782359676.0609806,0.0018804073333740234
109051,normal,3673,0,1782359676.062896,0.0019154548645019531
109052,normal,3310,1,1782359676.0651166,0.002220630645751953
109053,normal,3065,1,1782359676.0669909,0.0018742084503173828
109054,normal,362,0,1782359676.0689015,0.0019106864929199219
109055,normal,1874,0,1782359676.0711048,0.002203226089477539
109056,normal,2138,0,1782359676.0729005,0.0017957687377929688
109057,normal,1465,0,1782359676.0749068,0.0020062923431396484
109058,normal,2733,0,1782359676.0770736,0.002166748046875
109059,normal,662,0,1782359676.0789363,0.0018627643585205078
109060,normal,3174,1,1782359676.0809212,0.001984834671020508
109061,normal,1423,0,1782359676.0830421,0.0021209716796875
109062,normal,952,2,1782359676.0849538,0.0019116401672363281
109063,normal,2207,0,1782359676.0868485,0.0018947124481201172
109064,normal,2744,0,1782359676.0890028,0.0021543502807617188
109065,normal,2649,0,1782359676.0909524,0.0019495487213134766
109066,normal,3010,0,1782359676.0928462,0.001893758773803711
109067,normal,3522,0,1782359676.0950022,0.0021560192108154297
109068,normal,1669,0,1782359676.0969625,0.001960277557373047
109069,normal,1571,0,1782359676.0988445,0.0018820762634277344
109070,normal,5,0,1782359676.1010048,0.002160310745239258
109071,normal,402,0,1782359676.102957,0.0019521713256835938
109072,normal,2980,0,1782359676.1048448,0.0018877983093261719
109073,normal,3161,1,1782359676.107007,0.0021622180938720703
109074,normal,192,0,1782359676.1089578,0.0019507408142089844
109075,normal,2487,0,1782359676.110846,0.001888275146484375
109076,normal,1488,0,1782359676.1130018,0.002155780792236328
109077,normal,2135,0,1782359676.1149137,0.0019118785858154297
109078,normal,2669,0,1782359676.116983,0.002069234848022461
109079,normal,242,0,1782359676.1188643,0.0018813610076904297
109080,normal,2079,0,1782359676.1210008,0.0021364688873291016
109081,normal,3341,1,1782359676.1228983,0.001897573471069336
109082,normal,1537,0,1782359676.125018,0.0021195411682128906
109083,normal,648,0,1782359676.126957,0.0019390583038330078
109084,normal,1811,0,1782359676.1288452,0.001888275146484375
109085,normal,2157,0,1782359676.131018,0.002172708511352539
109086,normal,3557,0,1782359676.1329398,0.0019218921661376953
109087,normal,18,0,1782359676.1348453,0.0019054412841796875
109088,normal,2117,0,1782359676.1370096,0.0021643638610839844
109089,normal,1844,0,1782359676.138985,0.0019752979278564453
109090,normal,2699,0,1782359676.140845,0.0018601417541503906
109091,normal,38,0,1782359676.1430142,0.0021691322326660156
109092,normal,1137,0,1782359676.1449444,0.00193023681640625
109093,normal,2767,0,1782359676.146846,0.0019016265869140625
109094,normal,2442,0,1782359676.148997,0.002151012420654297
109095,normal,334,0,1782359676.1510215,0.002024412155151367
109096,normal,1779,0,1782359676.1530104,0.0019888877868652344
109097,normal,1389,0,1782359676.1548076,0.0017971992492675781
109098,normal,1052,0,1782359676.1568663,0.002058744430541992
109099,normal,101,0,1782359676.1588209,0.0019545555114746094
109100,normal,2069,0,1782359676.1608436,0.0020227432250976562
109101,normal,2061,0,1782359676.16284,0.001996278762817383
109102,normal,443,0,1782359676.1648188,0.0019788742065429688
109103,normal,179,0,1782359676.1668265,0.002007722854614258
109104,normal,2608,0,1782359676.1688547,0.002028226852416992
109105,normal,330,0,1782359676.1708007,0.0019459724426269531
109106,normal,3271,1,1782359676.1728485,0.0020477771759033203
109107,normal,3421,0,1782359676.1748695,0.0020210742950439453
109108,normal,2530,0,1782359676.1768236,0.0019540786743164062
109109,normal,1199,0,1782359676.178842,0.002018451690673828
109110,normal,2769,0,1782359676.1808565,0.0020143985748291016
109111,normal,3458,0,1782359676.1827984,0.0019419193267822266
109112,normal,1182,0,1782359676.1848443,0.002045869827270508
109113,normal,361,0,1782359676.1868706,0.0020263195037841797
109114,normal,817,2,1782359676.1888185,0.0019478797912597656
109115,normal,1272,0,1782359676.1908417,0.0020232200622558594
109116,normal,1919,0,1782359676.1928213,0.0019795894622802734
109117,normal,3153,1,1782359676.194786,0.0019648075103759766
109118,normal,2911,0,1782359676.196792,0.0020058155059814453
109119,normal,2652,0,1782359676.1988337,0.0020418167114257812
109120,normal,2244,0,1782359676.2007785,0.0019447803497314453
109121,normal,2259,0,1782359676.2027786,0.002000093460083008
109122,normal,2171,0,1782359676.2047985,0.0020198822021484375
109123,normal,1166,0,1782359676.2067785,0.0019800662994384766
109124,normal,3672,0,1782359676.2087767,0.0019981861114501953
109125,normal,2481,0,1782359676.210826,0.0020492076873779297
109126,normal,2387,0,1782359676.2127774,0.001951456069946289
109127,normal,112,0,1782359676.2147756,0.0019981861114501953
109128,normal,2815,0,1782359676.2168243,0.0020487308502197266
109129,normal,3028,0,1782359676.2187757,0.001951456069946289
109130,normal,2576,0,1782359676.2207801,0.002004384994506836
109131,normal,3542,0,1782359676.2227972,0.0020170211791992188
109132,normal,153,0,1782359676.224777,0.001979827880859375
109133,normal,981,2,1782359676.2267766,0.0019996166229248047
109134,normal,312,0,1782359676.22883,0.002053499221801758
109135,normal,649,0,1782359676.2307763,0.0019462108612060547
109136,normal,3330,1,1782359676.2327769,0.002000570297241211
109137,normal,2729,0,1782359676.2348363,0.002059459686279297
109138,normal,1410,0,1782359676.2367775,0.0019412040710449219
109139,normal,3702,0,1782359676.2387755,0.0019979476928710938
109140,normal,3369,1,1782359676.2408288,0.0020532608032226562
109141,normal,942,2,1782359676.2427797,0.001950979232788086
109142,normal,39,0,1782359676.2447896,0.002009868621826172
109143,normal,1242,0,1782359676.2467988,0.002009153366088867
109144,normal,1100,0,1782359676.2487767,0.0019779205322265625
109145,normal,3004,0,1782359676.2507758,0.0019991397857666016
109146,normal,2357,0,1782359676.252825,0.0020492076873779297
109147,normal,2140,0,1782359676.2547867,0.0019617080688476562
109148,normal,809,2,1782359676.256775,0.0019881725311279297
109149,normal,2983,0,1782359676.2588253,0.0020503997802734375
109150,normal,1807,0,1782359676.2607777,0.0019524097442626953
109151,normal,1160,0,1782359676.2627766,0.0019989013671875
109152,normal,2181,0,1782359676.2648351,0.0020585060119628906
109153,normal,914,2,1782359676.2667794,0.0019443035125732422
109154,normal,1793,0,1782359676.2687755,0.0019960403442382812
109155,normal,416,0,1782359676.2708268,0.0020513534545898438
109156,normal,963,2,1782359676.2727761,0.001949310302734375
109157,normal,1867,0,1782359676.274783,0.0020067691802978516
109158,normal,3244,1,1782359676.276827,0.002044200897216797
109159,normal,2151,0,1782359676.2788374,0.002010345458984375
109160,normal,3357,1,1782359676.280781,0.0019435882568359375
109161,normal,3692,0,1782359676.2828279,0.002046823501586914
109162,normal,3363,1,1782359676.2847903,0.001962423324584961
109163,normal,1167,0,1782359676.2867808,0.0019905567169189453
109164,normal,407,0,1782359676.2888095,0.0020287036895751953
109165,normal,1847,0,1782359676.290776,0.0019664764404296875
109166,normal,57,0,1782359676.2927778,0.0020017623901367188
109167,normal,292,0,1782359676.2948265,0.0020487308502197266
109168,normal,2590,0,1782359676.2967758,0.001949310302734375
109169,normal,2304,0,1782359676.2987747,0.0019989013671875
109170,normal,298,0,1782359676.3008244,0.002049684524536133
109171,normal,166,0,1782359676.3027754,0.001950979232788086
109172,normal,86,0,1782359676.304776,0.002000570297241211
109173,normal,150,0,1782359676.3068268,0.0020508766174316406
109174,normal,1059,0,1782359676.3087983,0.0019714832305908203
109175,normal,1577,0,1782359676.3107781,0.001979827880859375
109176,normal,2851,0,1782359676.3128343,0.002056121826171875
109177,normal,3086,1,1782359676.3147786,0.0019443035125732422
109178,normal,1430,0,1782359676.316776,0.0019974708557128906
109179,normal,787,2,1782359676.318828,0.0020520687103271484
109180,normal,1092,0,1782359676.3207855,0.001957416534423828
109181,normal,410,0,1782359676.3227768,0.00199127197265625
109182,normal,2189,0,1782359676.324846,0.002069234848022461
109183,normal,869,2,1782359676.3267763,0.00193023681640625
109184,normal,1716,0,1782359676.328806,0.0020296573638916016
109185,normal,2202,0,1782359676.3308063,0.0020003318786621094
109186,normal,2256,0,1782359676.332778,0.001971721649169922
109187,normal,2363,0,1782359676.334777,0.0019991397857666016
109188,normal,152,0,1782359676.3368251,0.002048015594482422
109189,normal,2158,0,1782359676.33883,0.002004861831665039
109190,normal,2981,0,1782359676.340781,0.001950979232788086
109191,normal,1604,0,1782359676.342826,0.0020449161529541016
109192,normal,2786,0,1782359676.3447793,0.0019533634185791016
109193,normal,3445,0,1782359676.3467762,0.0019969940185546875
109194,normal,1850,0,1782359676.3490903,0.0023140907287597656
109195,normal,1197,0,1782359676.35088,0.0017895698547363281
109196,normal,2174,0,1782359676.3529208,0.002040863037109375
109197,normal,1805,0,1782359676.3550076,0.0020868778228759766
109198,normal,2929,0,1782359676.3568928,0.0018851757049560547
109199,normal,3159,1,1782359676.3588543,0.0019614696502685547
109200,normal,225,0,1782359676.3609564,0.0021021366119384766
109201,normal,2436,0,1782359676.362777,0.0018205642700195312
109202,normal,848,2,1782359676.3650022,0.002225160598754883
109203,normal,456,0,1782359676.3669758,0.0019736289978027344
109204,normal,156,0,1782359676.368775,0.0017991065979003906
109205,normal,593,0,1782359676.370801,0.002026081085205078
109206,normal,1217,0,1782359676.3729699,0.002168893814086914
109207,normal,2529,0,1782359676.374779,0.0018091201782226562
109208,normal,542,0,1782359676.3767989,0.0020198822021484375
109209,normal,2091,0,1782359676.3789732,0.00217437744140625
109210,normal,1862,0,1782359676.380833,0.0018596649169921875
109211,normal,2764,0,1782359676.382821,0.0019881725311279297
109212,normal,2439,0,1782359676.3848903,0.002069234848022461
109213,normal,20,0,1782359676.3868246,0.0019342899322509766
109214,normal,2914,0,1782359676.3888474,0.0020227432250976562
109215,normal,2865,0,1782359676.3908858,0.0020384788513183594
109216,normal,3631,0,1782359676.3928287,0.0019428730010986328
109217,normal,2803,0,1782359676.3948455,0.002016782760620117
109218,normal,2955,0,1782359676.3968723,0.002026796340942383
109219,normal,1955,0,1782359676.3988943,0.0020220279693603516
109220,normal,635,0,1782359676.4009154,0.0020210742950439453
109221,normal,1503,0,1782359676.403038,0.002122640609741211
109222,normal,2540,0,1782359676.404932,0.0018939971923828125
109223,normal,2799,0,1782359676.407013,0.0020809173583984375
109224,normal,3060,1,1782359676.4089625,0.0019495487213134766
109225,normal,3128,1,1782359676.4109254,0.001962900161743164
109226,normal,3316,1,1782359676.4130218,0.002096414566040039
109227,normal,1836,0,1782359676.4149418,0.0019199848175048828
109228,normal,2861,0,1782359676.416936,0.0019941329956054688
109229,normal,436,0,1782359676.4190226,0.002086639404296875
109230,normal,13,0,1782359676.4209552,0.0019326210021972656
109231,normal,299,0,1782359676.4229305,0.0019752979278564453
109232,normal,1742,0,1782359676.4250233,0.0020928382873535156
109233,normal,647,0,1782359676.426955,0.0019316673278808594
109234,normal,2641,0,1782359676.4289253,0.0019702911376953125
109235,normal,2659,0,1782359676.4310348,0.002109527587890625
109236,normal,185,0,1782359676.4329555,0.0019207000732421875
109237,normal,1532,0,1782359676.4349308,0.0019752979278564453
109238,normal,147,0,1782359676.4370255,0.002094745635986328
109239,normal,244,0,1782359676.4389584,0.0019328594207763672
109240,normal,455,0,1782359676.4409277,0.0019693374633789062
109241,normal,3143,1,1782359676.4430296,0.002101898193359375
109242,normal,2975,0,1782359676.444958,0.0019283294677734375
109243,normal,3308,1,1782359676.4469335,0.001975536346435547
109244,normal,2887,0,1782359676.4490366,0.002103090286254883
109245,normal,2528,0,1782359676.4509568,0.0019202232360839844
109246,normal,2075,0,1782359676.4529197,0.001962900161743164
109247,normal,1266,0,1782359676.4550333,0.0021135807037353516
109248,normal,2045,0,1782359676.4569426,0.0019092559814453125
109249,normal,2452,0,1782359676.4589279,0.001985311508178711
109250,normal,970,2,1782359676.4609544,0.0020265579223632812
109251,normal,1042,0,1782359676.4630115,0.0020570755004882812
109252,normal,3089,1,1782359676.4649029,0.0018913745880126953
109253,normal,2298,0,1782359676.4670286,0.0021257400512695312
109254,normal,3481,0,1782359676.4690063,0.001977682113647461
109255,normal,2065,0,1782359676.4708626,0.0018563270568847656
109256,normal,1653,0,1782359676.4729862,0.002123594284057617
109257,normal,1382,0,1782359676.4750245,0.002038240432739258
109258,normal,3549,0,1782359676.476846,0.0018215179443359375
109259,normal,1739,0,1782359676.4791112,0.0022652149200439453
109260,normal,2776,0,1782359676.481003,0.0018918514251708984
109261,normal,2003,0,1782359676.4828439,0.001840829849243164
109262,normal,129,0,1782359676.4849284,0.002084493637084961
109263,normal,3541,0,1782359676.4869957,0.0020673274993896484
109264,normal,2838,0,1782359676.4888709,0.001875162124633789
109265,normal,2005,0,1782359676.4910033,0.002132415771484375
109266,normal,2147,0,1782359676.4929194,0.0019161701202392578
109267,normal,64,0,1782359676.4948583,0.0019388198852539062
109268,normal,1555,0,1782359676.496996,0.0021376609802246094
109269,normal,79,0,1782359676.4989328,0.0019369125366210938
109270,normal,2023,0,1782359676.500844,0.001911163330078125
109271,normal,2064,0,1782359676.5030181,0.0021741390228271484
109272,normal,1229,0,1782359676.5049152,0.0018970966339111328
109273,normal,3474,0,1782359676.506864,0.0019488334655761719
109274,normal,2001,0,1782359676.5090125,0.0021483898162841797
109275,normal,2982,0,1782359676.510931,0.0019185543060302734
109276,normal,685,0,1782359676.5128443,0.001913309097290039
109277,normal,2319,0,1782359676.5150454,0.002201080322265625
109278,normal,687,0,1782359676.5169144,0.0018689632415771484
109279,normal,2183,0,1782359676.5188618,0.0019474029541015625
109280,normal,1133,0,1782359676.5210044,0.002142667770385742
109281,normal,215,0,1782359676.5229332,0.0019288063049316406
109282,normal,1029,2,1782359676.524846,0.001912832260131836
109283,normal,3162,1,1782359676.5270495,0.0022034645080566406
109284,normal,3270,1,1782359676.5289247,0.001875162124633789
109285,normal,1344,1,1782359676.5308614,0.0019366741180419922
109286,normal,2913,0,1782359676.5330126,0.0021512508392333984
109287,normal,1075,0,1782359676.534925,0.0019123554229736328
109288,normal,972,2,1782359676.5368588,0.0019338130950927734
109289,normal,3215,1,1782359676.5390155,0.0021567344665527344
109290,normal,3020,0,1782359676.5409544,0.0019388198852539062
109291,normal,1185,0,1782359676.542844,0.0018897056579589844
109292,normal,2163,0,1782359676.545055,0.002210855484008789
109293,normal,1124,0,1782359676.5469377,0.001882791519165039
109294,normal,1126,0,1782359676.5488613,0.0019235610961914062
109295,normal,1767,0,1782359676.5510182,0.002156972885131836
109296,normal,1692,0,1782359676.552936,0.0019178390502929688
109297,normal,2306,0,1782359676.554861,0.0019249916076660156
109298,normal,2441,0,1782359676.5569687,0.0021076202392578125
109299,normal,2086,0,1782359676.558893,0.001924276351928711
109300,normal,961,2,1782359676.5609727,0.0020797252655029297
109301,normal,1735,0,1782359676.5628464,0.0018737316131591797
109302,normal,2792,0,1782359676.5650046,0.0021581649780273438
109303,normal,3516,0,1782359676.5668452,0.0018405914306640625
109304,normal,3628,0,1782359676.5690088,0.0021636486053466797
109305,normal,322,0,1782359676.5709,0.0018911361694335938
109306,normal,22,0,1782359676.57297,0.0020699501037597656
109307,normal,1988,0,1782359676.5748556,0.0018856525421142578
109308,normal,1563,0,1782359676.5770144,0.0021588802337646484
109309,normal,705,0,1782359676.5788653,0.0018508434295654297
109310,normal,968,2,1782359676.5808525,0.0019872188568115234
109311,normal,3040,0,1782359676.5829961,0.0021436214447021484
109312,normal,124,0,1782359676.584861,0.0018649101257324219
109313,normal,2510,0,1782359676.5869873,0.0021262168884277344
109314,normal,3000,0,1782359676.5888872,0.0018999576568603516
109315,normal,2800,0,1782359676.5909798,0.002092599868774414
109316,normal,2113,0,1782359676.5928643,0.00188446044921875
109317,normal,91,0,1782359676.594933,0.002068758010864258
109318,normal,3284,1,1782359676.5968454,0.0019123554229736328
109319,normal,3607,0,1782359676.5990148,0.002169370651245117
109320,normal,2165,0,1782359676.6008883,0.0018734931945800781
109321,normal,2708,0,1782359676.6029696,0.0020813941955566406
109322,normal,2063,0,1782359676.60486,0.001890420913696289
109323,normal,3206,1,1782359676.6070082,0.002148151397705078
109324,normal,534,0,1782359676.6088624,0.0018541812896728516
109325,normal,1698,0,1782359676.6109817,0.002119302749633789
109326,normal,3034,0,1782359676.6129172,0.0019354820251464844
109327,normal,1676,0,1782359676.6148562,0.0019390583038330078
109328,normal,2095,0,1782359676.6168394,0.001983165740966797
109329,normal,1394,0,1782359676.6188157,0.0019762516021728516
109330,normal,3237,1,1782359676.6207836,0.001967906951904297
109331,normal,847,2,1782359676.6227915,0.0020079612731933594
109332,normal,3306,1,1782359676.6248384,0.002046823501586914
109333,normal,1045,0,1782359676.626809,0.001970529556274414
109334,normal,1585,0,1782359676.6287844,0.001975536346435547
109335,normal,2245,0,1782359676.6308877,0.0021033287048339844
109336,normal,1280,0,1782359676.6327631,0.0018754005432128906
109337,normal,3579,0,1782359676.6348336,0.0020704269409179688
109338,normal,1762,0,1782359676.6370432,0.0022096633911132812
109339,normal,2025,0,1782359676.6388807,0.0018374919891357422
109340,normal,2318,0,1782359676.6408327,0.0019519329071044922
109341,normal,2868,0,1782359676.6430266,0.002193927764892578
109342,normal,3150,1,1782359676.6448247,0.0017981529235839844
109343,normal,572,0,1782359676.6472087,0.0023839473724365234
109344,normal,1800,0,1782359676.6489804,0.001771688461303711
109345,normal,3305,1,1782359676.6508908,0.0019104480743408203
109346,normal,2450,0,1782359676.6529322,0.002041339874267578
109347,normal,2550,0,1782359676.6551723,0.0022401809692382812
109348,normal,1750,0,1782359676.6568987,0.001726388931274414
109349,normal,425,0,1782359676.6592586,0.0023598670959472656
109350,normal,1019,2,1782359676.6609824,0.0017237663269042969
109351,normal,1271,0,1782359676.6629014,0.0019190311431884766
109352,normal,257,0,1782359676.6650348,0.0021333694458007812
109353,normal,3074,1,1782359676.6671069,0.0020720958709716797
109354,normal,2430,0,1782359676.6689017,0.0017948150634765625
109355,normal,3426,0,1782359676.67124,0.002338409423828125
109356,normal,1606,0,1782359676.67294,0.0016999244689941406
109357,normal,218,0,1782359676.6749003,0.001960277557373047
109358,normal,291,0,1782359676.6772382,0.002337932586669922
109359,normal,1483,0,1782359676.678927,0.0016887187957763672
109360,normal,1130,0,1782359676.6808991,0.001972198486328125
109361,normal,2946,0,1782359676.683237,0.002337932586669922
109362,normal,2758,0,1782359676.684935,0.0016980171203613281
109363,normal,1511,0,1782359676.6869018,0.001966714859008789
109364,normal,2423,0,1782359676.6890671,0.0021653175354003906
109365,normal,545,0,1782359676.6910815,0.0020143985748291016
109366,normal,1840,0,1782359676.6928976,0.0018160343170166016
109367,normal,2067,0,1782359676.695239,0.0023415088653564453
109368,normal,2051,0,1782359676.6969256,0.0016865730285644531
109369,normal,2620,0,1782359676.6989067,0.001981019973754883
109370,normal,1226,0,1782359676.7010689,0.0021622180938720703
109371,normal,3625,0,1782359676.7031133,0.0020444393157958984
109372,normal,3501,0,1782359676.7048986,0.0017852783203125
109373,normal,564,0,1782359676.707235,0.0023365020751953125
109374,normal,3670,0,1782359676.7089329,0.0016977787017822266
109375,normal,1151,0,1782359676.7108986,0.001965761184692383
109376,normal,1163,0,1782359676.7132115,0.002312898635864258
109377,normal,1421,0,1782359676.7149312,0.0017197132110595703
109378,normal,3101,1,1782359676.7168932,0.001961946487426758
109379,normal,2230,0,1782359676.7190533,0.0021600723266601562
109380,normal,1814,0,1782359676.7210479,0.001994609832763672
109381,normal,504,0,1782359676.7228816,0.0018336772918701172
109382,normal,430,0,1782359676.7250571,0.002175569534301758
109383,normal,2506,0,1782359676.7270377,0.0019805431365966797
109384,normal,1573,0,1782359676.7288804,0.0018427371978759766
109385,normal,2291,0,1782359676.7310588,0.0021784305572509766
109386,normal,1377,1,1782359676.7330256,0.001966714859008789
109387,normal,1252,0,1782359676.7348816,0.001856088638305664
109388,normal,297,0,1782359676.7370465,0.0021648406982421875
109389,normal,1361,1,1782359676.7390397,0.0019931793212890625
109390,normal,1161,0,1782359676.74088,0.001840353012084961
109391,normal,327,0,1782359676.743066,0.0021860599517822266
109392,normal,3650,0,1782359676.7450464,0.001980304718017578
109393,normal,3381,1,1782359676.7468815,0.0018351078033447266
109394,normal,1835,0,1782359676.7490113,0.002129793167114258
109395,normal,3228,1,1782359676.7517543,0.0027430057525634766
109396,normal,1131,0,1782359676.7528498,0.0010955333709716797
109397,normal,2011,0,1782359676.75497,0.0021202564239501953
109398,normal,464,0,1782359676.756973,0.0020029544830322266
109399,normal,1547,0,1782359676.7589622,0.001989126205444336
109400,normal,2609,0,1782359676.760955,0.001992940902709961
109401,normal,3345,1,1782359676.762984,0.002028942108154297
109402,normal,1865,0,1782359676.7648282,0.001844167709350586
109403,normal,28,0,1782359676.7669287,0.0021004676818847656
109404,normal,702,0,1782359676.7689123,0.001983642578125
109405,normal,319,0,1782359676.7710202,0.002107858657836914
109406,normal,1736,0,1782359676.7729115,0.0018913745880126953
109407,normal,1221,0,1782359676.775187,0.0022754669189453125
109408,normal,1760,0,1782359676.7768953,0.0017082691192626953
109409,normal,2757,0,1782359676.7789953,0.0020999908447265625
109410,normal,749,0,1782359676.7810035,0.002008199691772461
109411,normal,3102,1,1782359676.7830207,0.0020172595977783203
109412,normal,255,0,1782359676.7848756,0.0018548965454101562
109413,normal,887,2,1782359676.7871797,0.0023040771484375
109414,normal,2586,0,1782359676.7888958,0.0017161369323730469
109415,normal,1093,0,1782359676.7908967,0.0020008087158203125
109416,normal,2723,0,1782359676.7929704,0.0020737648010253906
109417,normal,1027,2,1782359676.7947915,0.0018210411071777344
109418,normal,2444,0,1782359676.796833,0.0020415782928466797
109419,normal,1352,1,1782359676.7988064,0.001973390579223633
109420,normal,468,0,1782359676.8008347,0.002028226852416992
109421,normal,1755,0,1782359676.8028014,0.001966714859008789
109422,normal,3682,0,1782359676.8048701,0.002068758010864258
109423,normal,748,0,1782359676.8068209,0.0019507408142089844
109424,normal,2107,0,1782359676.8088045,0.001983642578125
109425,normal,2782,0,1782359676.810813,0.0020084381103515625
109426,normal,3347,1,1782359676.8127959,0.0019829273223876953
109427,normal,600,0,1782359676.8147917,0.0019958019256591797
109428,normal,2359,0,1782359676.8168058,0.00201416015625
109429,normal,175,0,1782359676.8187945,0.001988649368286133
109430,normal,742,0,1782359676.820802,0.0020074844360351562
109431,normal,2243,0,1782359676.8228016,0.0019996166229248047
109432,normal,1570,0,1782359676.824837,0.002035379409790039
109433,normal,1763,0,1782359676.8269506,0.0021135807037353516
109434,normal,211,0,1782359676.8290656,0.002115011215209961
109435,normal,722,0,1782359676.8308232,0.0017576217651367188
109436,normal,1890,0,1782359676.8331027,0.002279520034790039
109437,normal,655,0,1782359676.835172,0.002069234848022461
109438,normal,1601,0,1782359676.836928,0.0017559528350830078
109439,normal,2680,0,1782359676.8391914,0.0022635459899902344
109440,normal,2290,0,1782359676.8413863,0.0021948814392089844
109441,normal,1842,0,1782359676.843046,0.0016596317291259766
109442,normal,1096,0,1782359676.8448896,0.0018436908721923828
109443,normal,2335,0,1782359676.847196,0.0023064613342285156
109444,normal,1147,0,1782359676.8489115,0.0017154216766357422
109445,normal,2939,0,1782359676.8510547,0.0021431446075439453
109446,normal,1021,2,1782359676.8529882,0.0019335746765136719
109447,normal,1172,0,1782359676.8550384,0.002050161361694336
109448,normal,1701,0,1782359676.8569446,0.0019061565399169922
109449,normal,3613,0,1782359676.8591008,0.0021562576293945312
109450,normal,3653,0,1782359676.8608387,0.001737833023071289
109451,normal,51,0,1782359676.8629725,0.0021338462829589844
109452,normal,1414,0,1782359676.864913,0.0019404888153076172
109453,normal,2513,0,1782359676.866994,0.0020809173583984375
109454,normal,2072,0,1782359676.86885,0.001856088638305664
109455,normal,750,0,1782359676.8710248,0.002174854278564453
109456,normal,200,0,1782359676.8729138,0.0018889904022216797
109457,normal,2985,0,1782359676.8750415,0.0021276473999023438
109458,normal,352,0,1782359676.876949,0.0019075870513916016
109459,normal,1664,0,1782359676.8790393,0.0020902156829833984
109460,normal,2087,0,1782359676.8809395,0.0019001960754394531
109461,normal,3545,0,1782359676.8832,0.002260446548461914
109462,normal,3370,1,1782359676.8849354,0.0017354488372802734
109463,normal,1337,1,1782359676.8870406,0.002105236053466797
109464,normal,162,0,1782359676.8890197,0.0019791126251220703
109465,normal,2391,0,1782359676.8910403,0.002020597457885742
109466,normal,2824,0,1782359676.8929405,0.0019001960754394531
109467,normal,1798,0,1782359676.8952003,0.0022597312927246094
109468,normal,284,0,1782359676.8969338,0.001733541488647461
109469,normal,1914,0,1782359676.899049,0.0021152496337890625
109470,normal,1530,0,1782359676.900956,0.0019068717956542969
109471,normal,3619,0,1782359676.90304,0.002084016799926758
109472,normal,3632,0,1782359676.904939,0.0018990039825439453
109473,normal,2890,0,1782359676.9072025,0.0022635459899902344
109474,normal,1513,0,1782359676.9089377,0.0017352104187011719
109475,normal,1656,0,1782359676.9110923,0.0021545886993408203
109476,normal,1171,0,1782359676.9130502,0.0019578933715820312
109477,normal,279,0,1782359676.9150405,0.0019903182983398438
109478,normal,1128,0,1782359676.9169383,0.0018978118896484375
109479,normal,2560,0,1782359676.9191554,0.0022170543670654297
109480,normal,3251,1,1782359676.9209344,0.0017790794372558594
109481,normal,1413,0,1782359676.923106,0.0021715164184570312
109482,normal,2637,0,1782359676.9251022,0.001996278762817383
109483,normal,604,0,1782359676.9271836,0.0020813941955566406
109484,normal,1385,0,1782359676.9289227,0.0017390251159667969
109485,normal,3280,1,1782359676.9311256,0.0022029876708984375
109486,normal,2166,0,1782359676.9330266,0.0019009113311767578
109487,normal,247,0,1782359676.93494,0.0019135475158691406
109488,normal,2616,0,1782359676.937124,0.0021839141845703125
109489,normal,866,2,1782359676.9388752,0.0017511844635009766
109490,normal,2234,0,1782359676.941057,0.0021817684173583984
109491,normal,2043,0,1782359676.9429762,0.0019192695617675781
109492,normal,531,0,1782359676.944922,0.0019457340240478516
109493,normal,1238,0,1782359676.9468517,0.0019297599792480469
109494,normal,630,0,1782359676.9490764,0.0022246837615966797
109495,normal,1057,0,1782359676.9508567,0.0017802715301513672
109496,normal,1115,0,1782359676.9528499,0.0019931793212890625
109497,normal,1315,0,1782359676.9550455,0.002195596694946289
109498,normal,3239,1,1782359676.9568243,0.0017788410186767578
109499,normal,3467,0,1782359676.959268,0.0024437904357910156
109500,normal,1648,0,1782359676.9608686,0.001600503921508789
109501,normal,810,2,1782359676.9630814,0.0022127628326416016
109502,normal,24,0,1782359676.9650538,0.0019724369049072266
109503,normal,2657,0,1782359676.966836,0.0017821788787841797
109504,normal,3477,0,1782359676.9688714,0.002035379409790039
109505,normal,2315,0,1782359676.9709792,0.002107858657836914
109506,normal,3523,0,1782359676.97302,0.002040863037109375
109507,normal,1893,0,1782359676.9748425,0.0018224716186523438
109508,normal,2141,0,1782359676.9770045,0.0021619796752929688
109509,normal,2274,0,1782359676.9789493,0.0019447803497314453
109510,normal,2495,0,1782359676.9808443,0.0018949508666992188
109511,normal,2916,0,1782359676.9830356,0.002191305160522461
109512,normal,634,0,1782359676.9849463,0.0019106864929199219
109513,normal,2267,0,1782359676.986852,0.001905679702758789
109514,normal,1713,0,1782359676.9890287,0.0021767616271972656
109515,normal,2695,0,1782359676.9909482,0.0019195079803466797
109516,normal,3303,1,1782359676.992881,0.0019328594207763672
109517,normal,1209,0,1782359676.9950268,0.0021457672119140625
109518,normal,2194,0,1782359676.996943,0.0019161701202392578
109519,normal,2331,0,1782359676.9988432,0.0019001960754394531
109520,normal,3685,0,1782359677.0010266,0.0021834373474121094
109521,normal,2611,0,1782359677.0029368,0.0019102096557617188
109522,normal,892,2,1782359677.0048623,0.0019254684448242188
109523,normal,2858,0,1782359677.00703,0.0021677017211914062
109524,normal,3596,0,1782359677.008906,0.0018758773803710938
109525,normal,683,0,1782359677.010841,0.0019350051879882812
109526,normal,2330,0,1782359677.0130274,0.0021865367889404297
109527,normal,2917,0,1782359677.0149279,0.0019004344940185547
109528,normal,586,0,1782359677.0168478,0.0019199848175048828
109529,normal,1523,0,1782359677.019035,0.0021872520446777344
109530,normal,1624,0,1782359677.0209045,0.0018694400787353516
109531,normal,3400,1,1782359677.0228446,0.001940011978149414
109532,normal,1576,0,1782359677.025034,0.0021893978118896484
109533,normal,1593,0,1782359677.0269074,0.0018734931945800781
109534,normal,785,2,1782359677.0288663,0.0019588470458984375
109535,normal,2358,0,1782359677.0309293,0.0020630359649658203
109536,normal,2118,0,1782359677.0328805,0.0019512176513671875
109537,normal,603,0,1782359677.0348637,0.001983165740966797
109538,normal,2233,0,1782359677.0370252,0.0021615028381347656
109539,normal,2490,0,1782359677.038939,0.0019137859344482422
109540,normal,3559,0,1782359677.0408561,0.001917123794555664
109541,normal,1934,0,1782359677.0429688,0.0021126270294189453
109542,normal,275,0,1782359677.0449073,0.0019385814666748047
109543,normal,1211,0,1782359677.0468807,0.001973390579223633
109544,normal,867,2,1782359677.0489755,0.002094745635986328
109545,normal,1572,0,1782359677.0509152,0.0019397735595703125
109546,normal,1542,0,1782359677.052863,0.001947641372680664
109547,normal,508,0,1782359677.055007,0.0021440982818603516
109548,normal,1651,0,1782359677.056908,0.0019009113311767578
109549,normal,2848,0,1782359677.0588458,0.0019378662109375
109550,normal,1580,0,1782359677.061001,0.002155303955078125
109551,normal,3642,0,1782359677.0629025,0.001901388168334961
109552,normal,2779,0,1782359677.064845,0.0019426345825195312
109553,normal,1999,0,1782359677.0670028,0.0021576881408691406
109554,normal,308,0,1782359677.0689046,0.001901865005493164
109555,normal,1433,0,1782359677.0708442,0.001939535140991211
109556,normal,431,0,1782359677.0730073,0.0021631717681884766
109557,normal,2148,0,1782359677.074899,0.0018916130065917969
109558,normal,1196,0,1782359677.0768423,0.001943349838256836
109559,normal,1823,0,1782359677.0790277,0.002185344696044922
109560,normal,2390,0,1782359677.0809147,0.0018870830535888672
109561,normal,3294,1,1782359677.0828469,0.0019321441650390625
109562,normal,2016,0,1782359677.0850234,0.002176523208618164
109563,normal,1845,0,1782359677.0868993,0.0018758773803710938
109564,normal,2373,0,1782359677.0888438,0.0019445419311523438
109565,normal,2295,0,1782359677.0910144,0.002170562744140625
109566,normal,1373,1,1782359677.0929189,0.0019044876098632812
109567,normal,2952,0,1782359677.0948584,0.001939535140991211
109568,normal,2696,0,1782359677.0970151,0.0021567344665527344
109569,normal,624,0,1782359677.0989087,0.0018935203552246094
109570,normal,1960,0,1782359677.1008441,0.0019354820251464844
109571,normal,1515,0,1782359677.1030166,0.0021724700927734375
109572,normal,442,0,1782359677.1048985,0.0018818378448486328
109573,normal,3627,0,1782359677.1068447,0.0019462108612060547
109574,normal,2898,0,1782359677.109019,0.00217437744140625
109575,normal,664,0,1782359677.1109047,0.0018856525421142578
109576,normal,2034,0,1782359677.1128447,0.001940011978149414
109577,normal,558,0,1782359677.1150048,0.0021600723266601562
109578,normal,2731,0,1782359677.116908,0.0019032955169677734
109579,normal,1526,0,1782359677.1188474,0.0019392967224121094
109580,normal,3213,1,1782359677.1210237,0.0021762847900390625
109581,normal,2410,0,1782359677.1229012,0.0018775463104248047
109582,normal,1088,0,1782359677.1248524,0.0019512176513671875
109583,normal,2222,0,1782359677.1270263,0.002173900604248047
109584,normal,2253,0,1782359677.128895,0.0018687248229980469
109585,normal,1192,0,1782359677.1308444,0.001949310302734375
109586,normal,666,0,1782359677.1330342,0.0021898746490478516
109587,normal,822,2,1782359677.1349032,0.0018689632415771484
109588,normal,3436,0,1782359677.1368427,0.001939535140991211
109589,normal,3498,0,1782359677.139034,0.002191305160522461
109590,normal,339,0,1782359677.1409218,0.0018877983093261719
109591,normal,1494,0,1782359677.142852,0.00193023681640625
109592,normal,1043,0,1782359677.1450326,0.0021805763244628906
109593,normal,3131,1,1782359677.1469016,0.0018689632415771484
109594,normal,2133,0,1782359677.148843,0.0019414424896240234
109595,normal,2494,0,1782359677.1510375,0.0021944046020507812
109596,normal,2541,0,1782359677.1528978,0.0018603801727294922
109597,normal,727,0,1782359677.154899,0.002001047134399414
109598,normal,303,0,1782359677.1568983,0.001999378204345703
109599,normal,1889,0,1782359677.159548,0.0026497840881347656
109600,normal,1899,0,1782359677.1608276,0.001279592514038086
109601,normal,155,0,1782359677.1629534,0.0021257400512695312
109602,normal,1561,0,1782359677.1648293,0.0018758773803710938
109603,normal,1260,0,1782359677.166877,0.0020477771759033203
109604,normal,2830,0,1782359677.1689775,0.0021004676818847656
109605,normal,476,0,1782359677.1707852,0.0018076896667480469
109606,normal,1310,0,1782359677.1728814,0.0020961761474609375
109607,normal,2945,0,1782359677.1747894,0.0019080638885498047
109608,normal,1518,0,1782359677.176885,0.002095460891723633
109609,normal,1682,0,1782359677.1788092,0.001924276351928711
109610,normal,81,0,1782359677.181091,0.0022819042205810547
109611,normal,146,0,1782359677.182958,0.0018668174743652344
109612,normal,1905,0,1782359677.1849613,0.0020034313201904297
109613,normal,355,0,1782359677.186902,0.0019407272338867188
109614,normal,314,0,1782359677.1889868,0.0020847320556640625
109615,normal,44,0,1782359677.190821,0.0018341541290283203
109616,normal,401,0,1782359677.1929822,0.002161264419555664
109617,normal,3236,1,1782359677.194791,0.0018088817596435547
109618,normal,2275,0,1782359677.1969035,0.0021123886108398438
109619,normal,2076,0,1782359677.1988316,0.001928091049194336
109620,normal,1000,2,1782359677.2009065,0.0020749568939208984
109621,normal,2078,0,1782359677.2028875,0.001981019973754883
109622,normal,1492,0,1782359677.2049665,0.002079010009765625
109623,normal,2595,0,1782359677.2069023,0.001935720443725586
109624,normal,1418,0,1782359677.2089324,0.0020301342010498047
109625,normal,987,2,1782359677.2109463,0.0020139217376708984
109626,normal,1551,0,1782359677.2130172,0.002070903778076172
109627,normal,514,0,1782359677.2149565,0.0019392967224121094
109628,normal,2863,0,1782359677.217362,0.002405405044555664
109629,normal,479,0,1782359677.2191205,0.001758575439453125
109630,normal,3402,0,1782359677.2214541,0.0023336410522460938
109631,normal,2886,0,1782359677.2229064,0.0014522075653076172
109632,normal,3705,0,1782359677.2249706,0.002064228057861328
109633,normal,2992,0,1782359677.2273014,0.002330780029296875
109634,normal,1287,0,1782359677.2289581,0.0016567707061767578
109635,normal,2516,0,1782359677.2308974,0.0019392967224121094
109636,normal,412,0,1782359677.232923,0.002025604248046875
109637,normal,1631,0,1782359677.2349162,0.0019931793212890625
109638,normal,1299,0,1782359677.2369235,0.0020072460174560547
109639,normal,1671,0,1782359677.2389042,0.0019807815551757812
109640,normal,2774,0,1782359677.2409256,0.002021312713623047
109641,normal,2472,0,1782359677.242965,0.0020394325256347656
109642,normal,2337,0,1782359677.2449243,0.0019593238830566406
109643,normal,1904,0,1782359677.2469127,0.0019884109497070312
109644,normal,732,0,1782359677.2489116,0.0019989013671875
109645,normal,1702,0,1782359677.2509022,0.0019905567169189453
109646,normal,686,0,1782359677.2529006,0.001998424530029297
109647,normal,2103,0,1782359677.2548945,0.001993894577026367
109648,normal,3077,1,1782359677.2569232,0.0020287036895751953
109649,normal,2940,0,1782359677.2589474,0.0020241737365722656
109650,normal,403,0,1782359677.2609901,0.0020427703857421875
109651,normal,3530,0,1782359677.2629876,0.0019974708557128906
109652,normal,63,0,1782359677.2649446,0.001956939697265625
109653,normal,1508,0,1782359677.2669268,0.0019822120666503906
109654,normal,2559,0,1782359677.2689114,0.0019845962524414062
109655,normal,1010,2,1782359677.2709246,0.0020132064819335938
109656,normal,383,0,1782359677.272888,0.001963376998901367
109657,normal,697,0,1782359677.274877,0.001989126205444336
109658,normal,467,0,1782359677.2768853,0.002008199691772461
109659,normal,1184,0,1782359677.279018,0.0021326541900634766
109660,normal,3166,1,1782359677.2809448,0.0019268989562988281
109661,normal,3605,0,1782359677.28297,0.002025127410888672
109662,normal,3118,1,1782359677.2850535,0.0020835399627685547
109663,normal,1282,0,1782359677.287152,0.002098560333251953
109664,normal,1738,0,1782359677.2891555,0.0020034313201904297
109665,normal,619,0,1782359677.2910066,0.0018510818481445312
109666,normal,2801,0,1782359677.292975,0.0019683837890625
109667,normal,2555,0,1782359677.2948895,0.0019145011901855469
109668,normal,3490,0,1782359677.2968721,0.0019826889038085938
109669,normal,1246,0,1782359677.2988687,0.0019965171813964844
109670,normal,168,0,1782359677.301013,0.002144336700439453
109671,normal,1920,0,1782359677.3029056,0.0018925666809082031
109672,normal,96,0,1782359677.3049018,0.001996278762817383
109673,normal,1816,0,1782359677.3068871,0.001985311508178711
109674,normal,2700,0,1782359677.3088894,0.002002239227294922
109675,normal,2017,0,1782359677.3110092,0.002119779586791992
109676,normal,333,0,1782359677.3130176,0.0020084381103515625
109677,normal,2857,0,1782359677.31504,0.0020225048065185547
109678,normal,2312,0,1782359677.3170807,0.0020406246185302734
109679,normal,1180,0,1782359677.318871,0.0017902851104736328
109680,normal,2466,0,1782359677.3209445,0.002073526382446289
109681,normal,1255,0,1782359677.3229158,0.0019712448120117188
109682,normal,3582,0,1782359677.3249407,0.0020248889923095703
109683,normal,2156,0,1782359677.3270848,0.0021440982818603516
109684,normal,2740,0,1782359677.3290422,0.001957416534423828
109685,normal,3623,0,1782359677.3309264,0.0018842220306396484
109686,normal,2040,0,1782359677.3329158,0.0019893646240234375
109687,normal,1123,0,1782359677.3348284,0.0019125938415527344
109688,normal,2658,0,1782359677.3369114,0.0020830631256103516
109689,normal,951,2,1782359677.3389158,0.002004384994506836
109690,normal,860,2,1782359677.3409314,0.0020155906677246094
109691,normal,1645,0,1782359677.3429527,0.002021312713623047
109692,normal,1634,0,1782359677.3449388,0.0019860267639160156
109693,normal,1990,0,1782359677.3470356,0.002096891403198242
109694,normal,2493,0,1782359677.3490014,0.001965761184692383
109695,normal,2546,0,1782359677.351007,0.0020055770874023438
109696,normal,315,0,1782359677.3530636,0.002056598663330078
109697,normal,1348,1,1782359677.3551521,0.0020885467529296875
109698,normal,100,0,1782359677.3570442,0.00189208984375
109699,normal,3187,1,1782359677.3589933,0.0019490718841552734
109700,normal,2570,0,1782359677.361251,0.002257823944091797
109701,normal,2797,0,1782359677.3630643,0.0018131732940673828
109702,normal,1286,0,1782359677.3650434,0.0019791126251220703
109703,normal,580,0,1782359677.3671865,0.0021431446075439453
109704,normal,2676,0,1782359677.36951,0.0023233890533447266
109705,normal,2640,0,1782359677.370935,0.001425027847290039
109706,normal,2849,0,1782359677.3730319,0.002096891403198242
109707,normal,1694,0,1782359677.3750525,0.002020597457885742
109708,normal,2977,0,1782359677.3769271,0.001874685287475586
109709,normal,3641,0,1782359677.379056,0.0021288394927978516
109710,normal,1456,0,1782359677.3810298,0.001973867416381836
109711,normal,110,0,1782359677.3829684,0.0019385814666748047
109712,normal,3085,1,1782359677.3850145,0.0020461082458496094
109713,normal,490,0,1782359677.3870487,0.0020341873168945312
109714,normal,2279,0,1782359677.3889594,0.0019106864929199219
109715,normal,3219,1,1782359677.391108,0.0021486282348632812
109716,normal,1587,0,1782359677.392998,0.001889944076538086
109717,normal,359,0,1782359677.3949544,0.001956462860107422
109718,normal,2462,0,1782359677.3970413,0.0020868778228759766
109719,normal,2883,0,1782359677.3990695,0.002028226852416992
109720,normal,1657,0,1782359677.4009874,0.0019178390502929688
109721,normal,127,0,1782359677.4031167,0.0021293163299560547
109722,normal,1216,0,1782359677.4050238,0.0019071102142333984
109723,normal,3687,0,1782359677.4069579,0.001934051513671875
109724,normal,2421,0,1782359677.4090238,0.002065896987915039
109725,normal,157,0,1782359677.4110487,0.0020248889923095703
109726,normal,1050,0,1782359677.412928,0.0018794536590576172
109727,normal,555,0,1782359677.415047,0.002118825912475586
109728,normal,2188,0,1782359677.4170296,0.0019826889038085938
109729,normal,2820,0,1782359677.418965,0.0019354820251464844
109730,normal,656,0,1782359677.4210625,0.0020973682403564453
109731,normal,2126,0,1782359677.4230866,0.0020241737365722656
109732,normal,324,0,1782359677.4249232,0.001836538314819336
109733,normal,2008,0,1782359677.4270391,0.002115964889526367
109734,normal,1375,1,1782359677.4290242,0.0019850730895996094
109735,normal,2401,0,1782359677.4309397,0.0019154548645019531
109736,normal,2502,0,1782359677.433024,0.0020842552185058594
109737,normal,1038,0,1782359677.4350526,0.0020287036895751953
109738,normal,618,0,1782359677.4369729,0.0019202232360839844
109739,normal,1322,1,1782359677.4391446,0.002171754837036133
109740,normal,2588,0,1782359677.4410465,0.001901865005493164
109741,normal,3620,0,1782359677.442932,0.0018854141235351562
109742,normal,642,0,1782359677.444962,0.0020301342010498047
109743,normal,1673,0,1782359677.4470074,0.0020453929901123047
109744,normal,2362,0,1782359677.4489112,0.0019037723541259766
109745,normal,667,0,1782359677.4510188,0.0021076202392578125
109746,normal,350,0,1782359677.453085,0.0020661354064941406
109747,normal,3331,1,1782359677.4549606,0.0018756389617919922
109748,normal,627,0,1782359677.457064,0.0021033287048339844
109749,normal,3622,0,1782359677.4591434,0.002079486846923828
109750,normal,1335,1,1782359677.4610302,0.0018868446350097656
109751,normal,3339,1,1782359677.4630413,0.0020110607147216797
109752,normal,233,0,1782359677.465091,0.002049684524536133
109753,normal,1967,0,1782359677.4670684,0.0019774436950683594
109754,normal,2947,0,1782359677.4690406,0.001972198486328125
109755,normal,1775,0,1782359677.4710019,0.001961231231689453
109756,normal,1440,0,1782359677.472929,0.0019271373748779297
109757,normal,1782,0,1782359677.4750147,0.0020856857299804688
109758,normal,2602,0,1782359677.4771788,0.002164125442504883
109759,normal,640,0,1782359677.4789135,0.0017347335815429688
109760,normal,1102,0,1782359677.4810033,0.0020897388458251953
109761,normal,1154,0,1782359677.4830146,0.0020112991333007812
109762,normal,1683,0,1782359677.4849377,0.0019230842590332031
109763,normal,2678,0,1782359677.4873106,0.0023729801177978516
109764,normal,3592,0,1782359677.4890182,0.0017075538635253906
109765,normal,201,0,1782359677.490983,0.0019648075103759766
109766,normal,2342,0,1782359677.493148,0.002165079116821289
109767,normal,1951,0,1782359677.4950364,0.001888275146484375
109768,normal,1194,0,1782359677.4968534,0.0018169879913330078
109769,normal,2255,0,1782359677.4990315,0.002178192138671875
109770,normal,2,0,1782359677.50106,0.0020284652709960938
109771,normal,1617,0,1782359677.5030315,0.0019714832305908203
109772,normal,2806,0,1782359677.5050073,0.0019757747650146484
109773,normal,1112,0,1782359677.5070252,0.002017974853515625
109774,normal,2567,0,1782359677.508924,0.0018987655639648438
109775,normal,1550,0,1782359677.5110323,0.002108335494995117
109776,normal,745,0,1782359677.513044,0.0020117759704589844
109777,normal,3638,0,1782359677.514946,0.001901865005493164
109778,normal,2311,0,1782359677.5170267,0.002080678939819336
109779,normal,2100,0,1782359677.5190637,0.00203704833984375
109780,normal,1795,0,1782359677.5213475,0.002283811569213867
109781,normal,1350,1,1782359677.5233681,0.002020597457885742
109782,normal,1273,0,1782359677.524868,0.0014998912811279297
109783,normal,1933,0,1782359677.527013,0.002145051956176758
109784,normal,346,0,1782359677.5292008,0.0021877288818359375
109785,normal,833,2,1782359677.5311558,0.0019550323486328125
109786,normal,1277,0,1782359677.533113,0.0019571781158447266
109787,normal,182,0,1782359677.5351372,0.0020241737365722656
109788,normal,1150,0,1782359677.5370054,0.0018682479858398438
109789,normal,2077,0,1782359677.5389128,0.0019073486328125
109790,normal,1882,0,1782359677.541031,0.0021181106567382812
109791,normal,3505,0,1782359677.5430326,0.0020017623901367188
109792,normal,3688,0,1782359677.5449564,0.0019237995147705078
109793,normal,3342,1,1782359677.5470147,0.002058267593383789
109794,normal,1479,0,1782359677.5490313,0.0020165443420410156
109795,normal,394,0,1782359677.5509188,0.0018875598907470703
109796,normal,83,0,1782359677.5530694,0.0021505355834960938
109797,normal,321,0,1782359677.5550673,0.0019979476928710938
109798,normal,3300,1,1782359677.5569677,0.0019004344940185547
109799,normal,2434,0,1782359677.558929,0.001961231231689453
109800,normal,2687,0,1782359677.5610228,0.002093791961669922
109801,normal,3180,1,1782359677.562965,0.0019421577453613281
109802,normal,1720,0,1782359677.5649626,0.001997709274291992
109803,normal,0,0,1782359677.567071,0.002108335494995117
109804,normal,2195,0,1782359677.568912,0.0018410682678222656
109805,normal,1428,0,1782359677.5710034,0.0020914077758789062
109806,normal,1082,0,1782359677.573044,0.0020406246185302734
109807,normal,879,2,1782359677.5749185,0.0018744468688964844
109808,normal,1355,1,1782359677.576907,0.0019884109497070312
109809,normal,2727,0,1782359677.5790052,0.0020983219146728516
109810,normal,2262,0,1782359677.5809429,0.0019376277923583984
109811,normal,826,2,1782359677.583028,0.0020852088928222656
109812,normal,3091,1,1782359677.585054,0.0020258426666259766
109813,normal,3209,1,1782359677.5868995,0.0018455982208251953
109814,normal,420,0,1782359677.5889235,0.002023935317993164
109815,normal,1948,0,1782359677.5909984,0.0020749568939208984
109816,normal,1834,0,1782359677.5929222,0.0019237995147705078
109817,normal,253,0,1782359677.5949275,0.002005338668823242
109818,normal,1595,0,1782359677.5970047,0.0020771026611328125
109819,normal,92,0,1782359677.5989344,0.0019297599792480469
109820,normal,1113,0,1782359677.6009455,0.0020110607147216797
109821,normal,95,0,1782359677.603025,0.002079486846923828
109822,normal,658,0,1782359677.6049304,0.0019054412841796875
109823,normal,357,0,1782359677.6069107,0.001980304718017578
109824,normal,25,0,1782359677.6090212,0.0021104812622070312
109825,normal,3428,0,1782359677.610893,0.0018718242645263672
109826,normal,3348,1,1782359677.612992,0.0020990371704101562
109827,normal,2129,0,1782359677.6149888,0.001996755599975586
109828,normal,3056,1,1782359677.6169279,0.0019390583038330078
109829,normal,2921,0,1782359677.6189432,0.002015352249145508
109830,normal,2770,0,1782359677.620944,0.0020008087158203125
109831,normal,1766,0,1782359677.6229956,0.0020515918731689453
109832,normal,3257,1,1782359677.6250174,0.00202178955078125
109833,normal,525,0,1782359677.6271534,0.0021359920501708984
109834,normal,154,0,1782359677.6290534,0.0018999576568603516
109835,normal,601,0,1782359677.6310267,0.001973390579223633
109836,normal,3469,0,1782359677.6330147,0.001987934112548828
109837,normal,1854,0,1782359677.6348839,0.00186920166015625
109838,normal,2483,0,1782359677.636986,0.0021021366119384766
109839,normal,1722,0,1782359677.639082,0.002095937728881836
109840,normal,58,0,1782359677.640921,0.0018391609191894531
109841,normal,206,0,1782359677.6429799,0.002058744430541992
109842,normal,463,0,1782359677.6449647,0.001984834671020508
109843,normal,546,0,1782359677.6469092,0.0019445419311523438
109844,normal,2432,0,1782359677.6490035,0.002094268798828125
109845,normal,2365,0,1782359677.651065,0.002061605453491211
109846,normal,429,0,1782359677.653008,0.0019428730010986328
109847,normal,2632,0,1782359677.6550794,0.002071380615234375
109848,normal,876,2,1782359677.6570585,0.0019791126251220703
109849,normal,189,0,1782359677.6589212,0.0018627643585205078
109850,normal,2482,0,1782359677.6609962,0.0020749568939208984
109851,normal,1970,0,1782359677.6629992,0.0020029544830322266
109852,normal,3045,1,1782359677.6650279,0.0020287036895751953
109853,normal,2633,0,1782359677.6670175,0.001989603042602539
109854,normal,1629,0,1782359677.6690025,0.0019850730895996094
109855,normal,2703,0,1782359677.6709125,0.0019099712371826172
109856,normal,2010,0,1782359677.6729279,0.002015352249145508
109857,normal,2173,0,1782359677.6750064,0.002078533172607422
109858,normal,3096,1,1782359677.6769342,0.0019278526306152344
109859,normal,251,0,1782359677.6801364,0.003202199935913086
109860,normal,1575,0,1782359677.6809537,0.0008172988891601562
109861,normal,1943,0,1782359677.6829243,0.001970529556274414
109862,normal,1995,0,1782359677.6849241,0.0019998550415039062
109863,normal,37,0,1782359677.6872299,0.002305746078491211
109864,normal,2710,0,1782359677.6889842,0.0017542839050292969
109865,normal,1155,0,1782359677.6910317,0.0020475387573242188
109866,normal,2589,0,1782359677.6931174,0.0020856857299804688
109867,normal,1405,0,1782359677.695031,0.0019135475158691406
109868,normal,3405,0,1782359677.696936,0.0019049644470214844
109869,normal,958,2,1782359677.6990032,0.0020673274993896484
109870,normal,286,0,1782359677.7009473,0.0019440650939941406
109871,normal,2278,0,1782359677.702971,0.0020236968994140625
109872,normal,102,0,1782359677.7050896,0.0021185874938964844
109873,normal,48,0,1782359677.7070642,0.0019745826721191406
109874,normal,500,0,1782359677.7089994,0.0019352436065673828
109875,normal,21,0,1782359677.710987,0.0019876956939697266
109876,normal,3320,1,1782359677.7131593,0.002172231674194336
109877,normal,2050,0,1782359677.7152712,0.0021119117736816406
109878,normal,2459,0,1782359677.717121,0.0018496513366699219
109879,normal,1956,0,1782359677.7189493,0.0018284320831298828
109880,normal,2473,0,1782359677.720976,0.002026796340942383
109881,normal,221,0,1782359677.7230794,0.0021033287048339844
109882,normal,562,0,1782359677.7249882,0.0019087791442871094
109883,normal,955,2,1782359677.7273953,0.002407073974609375
109884,normal,3027,0,1782359677.7288742,0.0014789104461669922
109885,normal,3234,1,1782359677.730912,0.0020377635955810547
109886,normal,3301,1,1782359677.7329223,0.002010345458984375
109887,normal,14,0,1782359677.7350113,0.0020890235900878906
109888,normal,524,0,1782359677.7369175,0.0019061565399169922
109889,normal,1646,0,1782359677.738912,0.001994609832763672
109890,normal,1469,0,1782359677.741011,0.0020987987518310547
109891,normal,3014,0,1782359677.7430313,0.0020203590393066406
109892,normal,3015,0,1782359677.7449522,0.001920938491821289
109893,normal,1017,2,1782359677.7470891,0.0021369457244873047
109894,normal,2750,0,1782359677.7489257,0.001836538314819336
109895,normal,1378,1,1782359677.7510455,0.002119779586791992
109896,normal,1528,0,1782359677.7530093,0.0019638538360595703
109897,normal,3311,1,1782359677.7549388,0.0019295215606689453
109898,normal,3005,0,1782359677.7569275,0.001988649368286133
109899,normal,2049,0,1782359677.7590392,0.002111673355102539
109900,normal,3289,1,1782359677.7609618,0.001922607421875
109901,normal,499,0,1782359677.7631238,0.0021619796752929688
109902,normal,163,0,1782359677.7650366,0.001912832260131836
109903,normal,907,2,1782359677.7669332,0.0018966197967529297
109904,normal,1818,0,1782359677.769047,0.002113819122314453
109905,normal,813,2,1782359677.771022,0.0019750595092773438
109906,normal,2922,0,1782359677.7729106,0.0018885135650634766
109907,normal,417,0,1782359677.7748373,0.0019266605377197266
109908,normal,3703,0,1782359677.7769673,0.0021300315856933594
109909,normal,2719,0,1782359677.7789626,0.0019953250885009766
109910,normal,1670,0,1782359677.7810016,0.0020389556884765625
109911,normal,1276,0,1782359677.783088,0.0020864009857177734
109912,normal,3524,0,1782359677.7850125,0.0019245147705078125
109913,normal,505,0,1782359677.787075,0.002062559127807617
109914,normal,2811,0,1782359677.78898,0.0019049644470214844
109915,normal,1193,0,1782359677.791033,0.0020530223846435547
109916,normal,967,2,1782359677.7931154,0.002082347869873047
109917,normal,1540,0,1782359677.7950172,0.001901865005493164
109918,normal,1784,0,1782359677.796789,0.001771688461303711
109919,normal,1949,0,1782359677.798894,0.0021049976348876953
109920,normal,3444,0,1782359677.8008778,0.0019838809967041016
109921,normal,918,2,1782359677.8028076,0.0019297599792480469
109922,normal,3204,1,1782359677.8048463,0.002038717269897461
109923,normal,245,0,1782359677.806845,0.0019986629486083984
109924,normal,1638,0,1782359677.808779,0.001934051513671875
109925,normal,3416,0,1782359677.810868,0.0020890235900878906
109926,normal,172,0,1782359677.8130765,0.0022084712982177734
109927,normal,3440,0,1782359677.8149056,0.0018291473388671875
109928,normal,3072,1,1782359677.8169236,0.002017974853515625
109929,normal,2327,0,1782359677.818898,0.001974344253540039
109930,normal,3527,0,1782359677.820813,0.00191497802734375
109931,normal,3105,1,1782359677.8228269,0.0020139217376708984
109932,normal,3324,1,1782359677.8247793,0.0019524097442626953
109933,normal,1659,0,1782359677.8268218,0.002042531967163086
109934,normal,1589,0,1782359677.82897,0.002148151397705078
109935,normal,726,0,1782359677.830931,0.0019609928131103516
109936,normal,3451,0,1782359677.832833,0.0019021034240722656
109937,normal,2293,0,1782359677.8349638,0.002130746841430664
109938,normal,1143,0,1782359677.8369353,0.0019714832305908203
109939,normal,461,0,1782359677.838857,0.0019216537475585938
109940,normal,2582,0,1782359677.840964,0.0021071434020996094
109941,normal,2976,0,1782359677.8429394,0.0019752979278564453
109942,normal,3647,0,1782359677.8448792,0.0019397735595703125
109943,normal,1227,0,1782359677.847037,0.002157926559448242
109944,normal,2020,0,1782359677.849505,0.0024678707122802734
109945,normal,895,2,1782359677.8512037,0.0016987323760986328
109946,normal,3591,0,1782359677.8528364,0.0016326904296875
109947,normal,651,0,1782359677.8552878,0.0024514198303222656
109948,normal,2429,0,1782359677.856996,0.0017082691192626953
109949,normal,1706,0,1782359677.859022,0.0020258426666259766
109950,normal,144,0,1782359677.8610682,0.002046346664428711
109951,normal,1489,0,1782359677.862877,0.0018086433410644531
109952,normal,517,0,1782359677.864932,0.0020551681518554688
109953,normal,3218,1,1782359677.8668895,0.001957416534423828
109954,normal,1971,0,1782359677.8688278,0.0019383430480957031
109955,normal,2644,0,1782359677.870951,0.002123117446899414
109956,normal,2932,0,1782359677.8729198,0.001968860626220703
109957,normal,283,0,1782359677.8749409,0.0020210742950439453
109958,normal,1554,0,1782359677.8770607,0.002119779586791992
109959,normal,1210,0,1782359677.8790748,0.00201416015625
109960,normal,844,2,1782359677.8808856,0.0018107891082763672
109961,normal,932,2,1782359677.8831182,0.0022325515747070312
109962,normal,1535,0,1782359677.885102,0.0019838809967041016
109963,normal,1859,0,1782359677.8868704,0.001768350601196289
109964,normal,273,0,1782359677.889083,0.0022125244140625
109965,normal,1055,0,1782359677.8911076,0.0020246505737304688
109966,normal,2124,0,1782359677.8930135,0.0019059181213378906
109967,normal,12,0,1782359677.8950305,0.0020170211791992188
109968,normal,42,0,1782359677.897077,0.0020465850830078125
109969,normal,753,0,1782359677.8988616,0.0017845630645751953
109970,normal,1317,0,1782359677.901045,0.0021834373474121094
109971,normal,645,0,1782359677.9030676,0.0020225048065185547
109972,normal,893,2,1782359677.9049547,0.0018870830535888672
109973,normal,3261,1,1782359677.906998,0.0020432472229003906
109974,normal,2818,0,1782359677.909058,0.0020601749420166016
109975,normal,136,0,1782359677.910893,0.001834869384765625
109976,normal,239,0,1782359677.9130838,0.002190828323364258
109977,normal,3562,0,1782359677.9151096,0.0020258426666259766
109978,normal,1968,0,1782359677.9168613,0.0017516613006591797
109979,normal,3388,1,1782359677.9190745,0.0022132396697998047
109980,normal,3594,0,1782359677.9210758,0.0020012855529785156
109981,normal,351,0,1782359677.9228628,0.001786947250366211
109982,normal,3111,1,1782359677.9250832,0.0022203922271728516
109983,normal,3558,0,1782359677.9271026,0.0020194053649902344
109984,normal,1443,0,1782359677.928907,0.001804351806640625
109985,normal,1438,0,1782359677.9311273,0.0022203922271728516
109986,normal,1582,0,1782359677.9330187,0.0018913745880126953
109987,normal,454,0,1782359677.9349694,0.0019507408142089844
109988,normal,2829,0,1782359677.9370754,0.0021059513092041016
109989,normal,1627,0,1782359677.938974,0.0018985271453857422
109990,normal,3413,0,1782359677.9409585,0.0019845962524414062
109991,normal,597,0,1782359677.9429817,0.0020232200622558594
109992,normal,3637,0,1782359677.945077,0.0020952224731445312
109993,normal,2888,0,1782359677.946861,0.0017840862274169922
109994,normal,714,0,1782359677.9491458,0.0022847652435302734
109995,normal,1721,0,1782359677.9510202,0.0018744468688964844
109996,normal,653,0,1782359677.9534173,0.0023970603942871094
109997,normal,740,0,1782359677.9548965,0.0014791488647460938
109998,normal,736,0,1782359677.9571755,0.002279043197631836
109999,normal,556,0,1782359677.9589825,0.0018069744110107422
110000,normal,3386,1,1782359677.961113,0.0021305084228515625
110001,normal,863,2,1782359677.963207,0.0020940303802490234
110002,normal,2810,0,1782359677.965079,0.0018720626831054688
110003,normal,491,0,1782359677.9669368,0.001857757568359375
110004,normal,3083,1,1782359677.9690425,0.002105712890625
110005,normal,27,0,1782359677.9708412,0.0017986297607421875
110006,normal,1289,0,1782359677.9730542,0.002213001251220703
110007,normal,3192,1,1782359677.9752102,0.0021560192108154297
110008,normal,3298,1,1782359677.9768696,0.001659393310546875
110009,normal,980,2,1782359677.9790745,0.00220489501953125
110010,normal,3135,1,1782359677.9808486,0.0017740726470947266
110011,normal,543,0,1782359677.9829555,0.002106904983520508
110012,normal,1406,0,1782359677.985128,0.0021724700927734375
110013,normal,2090,0,1782359677.986932,0.0018041133880615234
110014,normal,193,0,1782359677.989165,0.0022330284118652344
110015,normal,3172,1,1782359677.991009,0.0018439292907714844
110016,normal,2285,0,1782359677.9932146,0.0022056102752685547
110017,normal,3317,1,1782359677.9948528,0.001638174057006836
110018,normal,2257,0,1782359677.9970367,0.0021839141845703125
110019,normal,1579,0,1782359677.9990551,0.002018451690673828
110020,normal,1486,0,1782359678.0009472,0.00189208984375
110021,normal,2488,0,1782359678.0030887,0.0021414756774902344
110022,normal,1613,0,1782359678.0051138,0.002025127410888672
110023,normal,1857,0,1782359678.0069363,0.0018224716186523438
110024,normal,406,0,1782359678.0089288,0.001992464065551758
110025,normal,978,2,1782359678.011035,0.002106189727783203
110026,normal,1916,0,1782359678.0129414,0.0019063949584960938
110027,normal,2773,0,1782359678.0149481,0.0020067691802978516
110028,normal,3199,1,1782359678.0170457,0.002097606658935547
110029,normal,3031,0,1782359678.0189407,0.0018949508666992188
110030,normal,1006,2,1782359678.020967,0.0020263195037841797
110031,normal,3624,0,1782359678.023034,0.002067089080810547
110032,normal,158,0,1782359678.0249438,0.0019097328186035156
110033,normal,2160,0,1782359678.0270233,0.002079486846923828
110034,normal,3554,0,1782359678.0293734,0.0023500919342041016
110035,normal,2518,0,1782359678.0309298,0.001556396484375
110036,normal,3217,1,1782359678.033024,0.002094268798828125
110037,normal,2910,0,1782359678.0350409,0.002016782760620117
110038,normal,2296,0,1782359678.0369964,0.0019555091857910156
110039,normal,2920,0,1782359678.0389178,0.0019214153289794922
110040,normal,1821,0,1782359678.041026,0.002108335494995117
110041,normal,198,0,1782359678.042963,0.0019369125366210938
110042,normal,3134,1,1782359678.0449991,0.0020360946655273438
110043,normal,2486,0,1782359678.047108,0.0021088123321533203
110044,normal,1101,0,1782359678.0490599,0.0019519329071044922
110045,normal,2288,0,1782359678.0510194,0.001959562301635742
110046,normal,1152,0,1782359678.0528827,0.001863241195678711
110047,normal,3615,0,1782359678.0551662,0.0022835731506347656
110048,normal,677,0,1782359678.0574434,0.0022771358489990234
110049,normal,636,0,1782359678.0590227,0.00157928466796875
110050,normal,3088,1,1782359678.0610588,0.0020360946655273438
110051,normal,2088,0,1782359678.0630007,0.0019419193267822266
110052,normal,1345,1,1782359678.0650754,0.002074718475341797
110053,normal,392,0,1782359678.0670037,0.0019283294677734375
110054,normal,3588,0,1782359678.0691876,0.0021839141845703125
110055,normal,1264,0,1782359678.0711231,0.0019354820251464844
110056,normal,2415,0,1782359678.0729268,0.0018036365509033203
110057,normal,2435,0,1782359678.0749433,0.0020165443420410156
110058,normal,370,0,1782359678.0770614,0.0021181106567382812
110059,normal,3346,1,1782359678.0788825,0.0018210411071777344
110060,normal,2000,0,1782359678.0809124,0.002029895782470703
110061,normal,1776,0,1782359678.0828698,0.001957416534423828
110062,normal,2237,0,1782359678.0850747,0.00220489501953125
110063,normal,3464,0,1782359678.0868669,0.0017921924591064453
110064,normal,811,2,1782359678.0890415,0.0021746158599853516
110065,normal,2310,0,1782359678.0909212,0.0018796920776367188
110066,normal,1081,0,1782359678.0929954,0.0020742416381835938
110067,normal,1964,0,1782359678.0950868,0.0020914077758789062
110068,normal,397,0,1782359678.0968766,0.0017898082733154297
110069,normal,285,0,1782359678.0990818,0.0022051334381103516
110070,normal,343,0,1782359678.1009822,0.0019004344940185547
110071,normal,2004,0,1782359678.1028712,0.0018889904022216797
110072,normal,3191,1,1782359678.1051114,0.0022401809692382812
110073,normal,1517,0,1782359678.1070006,0.0018892288208007812
110074,normal,2213,0,1782359678.1089923,0.001991748809814453
110075,normal,3635,0,1782359678.1108885,0.0018961429595947266
110076,normal,2122,0,1782359678.1130705,0.0021820068359375
110077,normal,486,0,1782359678.1148984,0.0018279552459716797
110078,normal,803,2,1782359678.1170473,0.002148866653442383
110079,normal,567,0,1782359678.1189613,0.0019140243530273438
110080,normal,1321,1,1782359678.1209261,0.0019648075103759766
110081,normal,2544,0,1782359678.1230116,0.002085447311401367
110082,normal,2372,0,1782359678.1250048,0.0019931793212890625
110083,normal,3600,0,1782359678.1268702,0.001865386962890625
110084,normal,1758,0,1782359678.1291456,0.0022754669189453125
110085,normal,2584,0,1782359678.1311314,0.001985788345336914
110086,normal,1368,1,1782359678.1332324,0.0021009445190429688
110087,normal,1852,0,1782359678.134946,0.0017137527465820312
110088,normal,3208,1,1782359678.1370118,0.0020656585693359375
110089,normal,2928,0,1782359678.139083,0.0020711421966552734
110090,normal,1569,0,1782359678.140983,0.0019001960754394531
110091,normal,838,2,1782359678.1429045,0.0019214153289794922
110092,normal,1691,0,1782359678.1449351,0.002030611038208008
110093,normal,3157,1,1782359678.146976,0.002040863037109375
110094,normal,1111,0,1782359678.149075,0.0020990371704101562
110095,normal,2247,0,1782359678.1509879,0.001912832260131836
110096,normal,2693,0,1782359678.1528618,0.0018739700317382812
110097,normal,945,2,1782359678.155071,0.002209186553955078
110098,normal,2553,0,1782359678.1568656,0.001794576644897461
110099,normal,659,0,1782359678.1590686,0.0022029876708984375
110100,normal,1707,0,1782359678.1613765,0.002307891845703125
110101,normal,2726,0,1782359678.162943,0.0015664100646972656
110102,normal,169,0,1782359678.1651628,0.0022199153900146484
110103,normal,723,0,1782359678.1671,0.0019371509552001953
110104,normal,840,2,1782359678.1688845,0.0017845630645751953
110105,normal,437,0,1782359678.1710832,0.0021986961364746094
110106,normal,3367,1,1782359678.1729896,0.0019063949584960938
110107,normal,288,0,1782359678.1748445,0.0018548965454101562
110108,normal,943,2,1782359678.1773355,0.002490997314453125
110109,normal,841,2,1782359678.1789255,0.0015900135040283203
110110,normal,3608,0,1782359678.181042,0.0021164417266845703
110111,normal,3533,0,1782359678.1829457,0.0019037723541259766
110112,normal,1977,0,1782359678.1849864,0.0020406246185302734
110113,normal,3423,0,1782359678.186875,0.0018887519836425781
110114,normal,2368,0,1782359678.1891065,0.0022313594818115234
110115,normal,205,0,1782359678.1909637,0.0018572807312011719
110116,normal,1709,0,1782359678.1929047,0.0019409656524658203
110117,normal,1501,0,1782359678.1950874,0.0021827220916748047
110118,normal,1145,0,1782359678.1973357,0.0022482872009277344
110119,normal,1324,1,1782359678.1995318,0.002196073532104492
110120,normal,891,2,1782359678.2009573,0.0014255046844482422
110121,normal,85,0,1782359678.2033396,0.0023822784423828125
110122,normal,1832,0,1782359678.2050624,0.0017228126525878906
110123,normal,1992,0,1782359678.2069836,0.0019211769104003906
110124,normal,173,0,1782359678.2093728,0.002389192581176758
110125,normal,1398,0,1782359678.2110705,0.0016977787017822266
110126,normal,3463,0,1782359678.2128701,0.0017995834350585938
110127,normal,2897,0,1782359678.2150762,0.002206087112426758
110128,normal,1545,0,1782359678.2168615,0.0017852783203125
110129,normal,2443,0,1782359678.2190626,0.002201080322265625
110130,normal,2525,0,1782359678.220948,0.0018854141235351562
110131,normal,1858,0,1782359678.2228684,0.001920461654663086
110132,normal,452,0,1782359678.2250874,0.002218961715698242
110133,normal,3323,1,1782359678.226963,0.0018756389617919922
110134,normal,2212,0,1782359678.2288759,0.001912832260131836
110135,normal,3561,0,1782359678.2310936,0.0022177696228027344
110136,normal,1359,1,1782359678.2330236,0.0019299983978271484
110137,normal,2392,0,1782359678.2349267,0.0019030570983886719
110138,normal,217,0,1782359678.2370808,0.002154111862182617
110139,normal,3560,0,1782359678.238989,0.0019083023071289062
110140,normal,1291,0,1782359678.2409058,0.001916646957397461
110141,normal,2662,0,1782359678.243148,0.0022423267364501953
110142,normal,773,2,1782359678.2450511,0.0019030570983886719
110143,normal,3340,1,1782359678.246942,0.0018908977508544922
110144,normal,1338,1,1782359678.2490702,0.002128124237060547
110145,normal,1509,0,1782359678.2510731,0.0020029544830322266
110146,normal,2628,0,1782359678.252939,0.0018658638000488281
110147,normal,1467,0,1782359678.255073,0.002134084701538086
110148,normal,3706,0,1782359678.2570863,0.0020132064819335938
110149,normal,2572,0,1782359678.2589657,0.0018794536590576172
110150,normal,1139,0,1782359678.2610924,0.0021266937255859375
110151,normal,3212,1,1782359678.2631118,0.0020194053649902344
110152,normal,3565,0,1782359678.2649963,0.00188446044921875
110153,normal,1958,0,1782359678.267085,0.002088785171508789
110154,normal,1863,0,1782359678.2690773,0.0019922256469726562
110155,normal,2653,0,1782359678.2709482,0.001870870590209961
110156,normal,1249,0,1782359678.2730873,0.0021390914916992188
110157,normal,3409,0,1782359678.2750876,0.0020003318786621094
110158,normal,2944,0,1782359678.2769635,0.0018758773803710938
110159,normal,2364,0,1782359678.2791135,0.0021500587463378906
110160,normal,2145,0,1782359678.2810917,0.001978158950805664
110161,normal,1641,0,1782359678.2830102,0.0019185543060302734
110162,normal,1084,0,1782359678.2851214,0.002111196517944336
110163,normal,760,0,1782359678.2870712,0.0019497871398925781
110164,normal,1416,0,1782359678.2889714,0.0019001960754394531
110165,normal,1497,0,1782359678.2911148,0.002143383026123047
110166,normal,99,0,1782359678.2928934,0.0017786026000976562
110167,normal,170,0,1782359678.2949474,0.002053976058959961
110168,normal,30,0,1782359678.296941,0.0019936561584472656
110169,normal,1938,0,1782359678.2990468,0.002105712890625
110170,normal,3399,1,1782359678.3010266,0.001979827880859375
110171,normal,3459,0,1782359678.303003,0.001976490020751953
110172,normal,2266,0,1782359678.3049443,0.0019412040710449219
110173,normal,712,0,1782359678.307039,0.002094745635986328
110174,normal,477,0,1782359678.3090367,0.001997709274291992
110175,normal,3248,1,1782359678.3111775,0.0021407604217529297
110176,normal,996,2,1782359678.313117,0.001939535140991211
110177,normal,1281,0,1782359678.3150508,0.0019338130950927734
110178,normal,1105,0,1782359678.3170266,0.0019757747650146484
110179,normal,1751,0,1782359678.3189416,0.00191497802734375
110180,normal,408,0,1782359678.3210437,0.0021021366119384766
110181,normal,506,0,1782359678.3230352,0.0019915103912353516
110182,normal,50,0,1782359678.3250968,0.002061605453491211
110183,normal,1074,0,1782359678.3269453,0.001848459243774414
110184,normal,492,0,1782359678.3290412,0.002095937728881836
110185,normal,3126,1,1782359678.3309367,0.0018954277038574219
110186,normal,2645,0,1782359678.3330326,0.002095937728881836
110187,normal,916,2,1782359678.3350935,0.0020608901977539062
110188,normal,2413,0,1782359678.3369753,0.0018818378448486328
110189,normal,2426,0,1782359678.3391109,0.0021355152130126953
110190,normal,3666,0,1782359678.3410425,0.0019316673278808594
110191,normal,2908,0,1782359678.3431394,0.002096891403198242
110192,normal,345,0,1782359678.3449798,0.001840353012084961
110193,normal,3082,1,1782359678.3470104,0.002030611038208008
110194,normal,3073,1,1782359678.3489504,0.001940011978149414
110195,normal,2706,0,1782359678.3508594,0.001909017562866211
110196,normal,789,2,1782359678.353041,0.002181529998779297
110197,normal,2461,0,1782359678.3550336,0.0019927024841308594
110198,normal,106,0,1782359678.3569918,0.001958131790161133
110199,normal,1369,1,1782359678.3588607,0.0018689632415771484
110200,normal,2414,0,1782359678.3609393,0.002078533172607422
110201,normal,2055,0,1782359678.3629348,0.001995563507080078
110202,normal,1616,0,1782359678.3649647,0.002029895782470703
110203,normal,2032,0,1782359678.3669322,0.0019674301147460938
110204,normal,706,0,1782359678.368925,0.001992940902709961
110205,normal,502,0,1782359678.3710256,0.0021004676818847656
110206,normal,1336,1,1782359678.3729467,0.0019211769104003906
110207,normal,116,0,1782359678.3749337,0.001986980438232422
110208,normal,3223,1,1782359678.3770726,0.002138853073120117
110209,normal,865,2,1782359678.3794322,0.002359628677368164
110210,normal,1772,0,1782359678.3810675,0.0016353130340576172
110211,normal,1340,1,1782359678.3830624,0.0019948482513427734
110212,normal,1873,0,1782359678.385045,0.0019826889038085938
110213,normal,2155,0,1782359678.3870137,0.0019686222076416016
110214,normal,2412,0,1782359678.389031,0.0020172595977783203
110215,normal,2105,0,1782359678.390904,0.001873016357421875
110216,normal,1796,0,1782359678.3930063,0.002102375030517578
110217,normal,2984,0,1782359678.3950043,0.0019979476928710938
110218,normal,2682,0,1782359678.3969717,0.0019674301147460938
110219,normal,1014,2,1782359678.3990343,0.002062559127807617
110220,normal,2052,0,1782359678.4010775,0.0020432472229003906
110221,normal,1396,0,1782359678.4028916,0.001814126968383789
110222,normal,2683,0,1782359678.4049888,0.0020971298217773438
110223,normal,2833,0,1782359678.4072134,0.0022246837615966797
110224,normal,2698,0,1782359678.4091723,0.0019588470458984375
110225,normal,1063,0,1782359678.4110105,0.0018382072448730469
110226,normal,715,0,1782359678.4130235,0.002012968063354492
110227,normal,3640,0,1782359678.4149609,0.0019373893737792969
110228,normal,2204,0,1782359678.4170141,0.0020532608032226562
110229,normal,1007,2,1782359678.419065,0.0020508766174316406
110230,normal,2512,0,1782359678.420966,0.0019009113311767578
110231,normal,3038,0,1782359678.4233146,0.002348661422729492
110232,normal,1032,0,1782359678.4248762,0.0015616416931152344
110233,normal,2102,0,1782359678.4270663,0.002190113067626953
110234,normal,614,0,1782359678.4289505,0.0018842220306396484
110235,normal,3009,0,1782359678.431076,0.0021255016326904297
110236,normal,1374,1,1782359678.4329445,0.0018684864044189453
110237,normal,1973,0,1782359678.4350843,0.0021398067474365234
110238,normal,3039,0,1782359678.4371002,0.002015829086303711
110239,normal,2579,0,1782359678.4389768,0.0018765926361083984
110240,normal,1661,0,1782359678.4410944,0.002117633819580078
110241,normal,1067,0,1782359678.4431574,0.0020630359649658203
110242,normal,1787,0,1782359678.4448824,0.0017249584197998047
110243,normal,1753,0,1782359678.4470906,0.002208232879638672
110244,normal,405,0,1782359678.4490895,0.0019989013671875
110245,normal,29,0,1782359678.450957,0.001867532730102539
110246,normal,2056,0,1782359678.4530873,0.002130270004272461
110247,normal,1189,0,1782359678.4550872,0.0019998550415039062
110248,normal,1399,0,1782359678.4569929,0.001905679702758789
110249,normal,717,0,1782359678.4589026,0.0019097328186035156
110250,normal,1588,0,1782359678.4612887,0.0023860931396484375
110251,normal,3528,0,1782359678.4628842,0.0015954971313476562
110252,normal,621,0,1782359678.4651062,0.0022220611572265625
110253,normal,1522,0,1782359678.4669492,0.0018429756164550781
110254,normal,3603,0,1782359678.468987,0.0020377635955810547
110255,normal,780,2,1782359678.4710672,0.002080202102661133
110256,normal,2775,0,1782359678.4729264,0.0018591880798339844
110257,normal,3639,0,1782359678.4749606,0.0020341873168945312
110258,normal,3123,1,1782359678.4770389,0.0020782947540283203
110259,normal,657,0,1782359678.4791024,0.0020635128021240234
110260,normal,3116,1,1782359678.480912,0.0018095970153808594
110261,normal,845,2,1782359678.4831524,0.002240419387817383
110262,normal,2214,0,1782359678.4850967,0.0019443035125732422
110263,normal,341,0,1782359678.487213,0.0021162033081054688
110264,normal,1436,0,1782359678.4889195,0.0017066001892089844
110265,normal,2753,0,1782359678.491117,0.0021975040435791016
110266,normal,612,0,1782359678.4930084,0.0018913745880126953
110267,normal,991,2,1782359678.4950457,0.0020372867584228516
110268,normal,1665,0,1782359678.4969132,0.001867532730102539
110269,normal,250,0,1782359678.4989467,0.0020334720611572266
110270,normal,2367,0,1782359678.501056,0.0021092891693115234
110271,normal,2850,0,1782359678.5029194,0.0018634796142578125
110272,normal,2990,0,1782359678.5050673,0.0021479129791259766
110273,normal,2229,0,1782359678.5068557,0.0017883777618408203
110274,normal,2177,0,1782359678.509058,0.002202272415161133
110275,normal,1923,0,1782359678.510851,0.00179290771484375
110276,normal,1116,0,1782359678.5130634,0.0022125244140625
110277,normal,3017,0,1782359678.515384,0.002320528030395508
110278,normal,1305,0,1782359678.5169442,0.001560211181640625
110279,normal,2286,0,1782359678.5191536,0.0022094249725341797
110280,normal,2804,0,1782359678.5210378,0.0018842220306396484
110281,normal,1381,1,1782359678.5229623,0.0019245147705078125
110282,normal,2048,0,1782359678.5248775,0.0019152164459228516
110283,normal,2785,0,1782359678.5270643,0.0021867752075195312
110284,normal,737,0,1782359678.528876,0.0018117427825927734
110285,normal,113,0,1782359678.531282,0.002405881881713867
110286,normal,11,0,1782359678.5330517,0.0017697811126708984
110287,normal,1127,0,1782359678.5349572,0.0019054412841796875
110288,normal,2283,0,1782359678.5369675,0.002010345458984375
110289,normal,3595,0,1782359678.5390854,0.0021178722381591797
110290,normal,923,2,1782359678.5408757,0.0017902851104736328
110291,normal,2196,0,1782359678.5430984,0.002222776412963867
110292,normal,1455,0,1782359678.54498,0.0018815994262695312
110293,normal,883,2,1782359678.5469637,0.001983642578125
110294,normal,1208,0,1782359678.548982,0.0020182132720947266
110295,normal,227,0,1782359678.5513685,0.0023865699768066406
110296,normal,921,2,1782359678.5535836,0.002215147018432617
110297,normal,304,0,1782359678.5560102,0.002426624298095703
110298,normal,3084,1,1782359678.5568573,0.0008471012115478516
110299,normal,1909,0,1782359678.5593188,0.0024614334106445312
110300,normal,3146,1,1782359678.561073,0.0017542839050292969
110301,normal,87,0,1782359678.5634637,0.002390623092651367
110302,normal,857,2,1782359678.5653543,0.0018906593322753906
110303,normal,2725,0,1782359678.5670044,0.001650094985961914
110304,normal,1141,0,1782359678.5691004,0.002095937728881836
110305,normal,1471,0,1782359678.5709476,0.0018472671508789062
110306,normal,1099,0,1782359678.5730422,0.0020945072174072266
110307,normal,3181,1,1782359678.5750034,0.001961231231689453
110308,normal,387,0,1782359678.5769675,0.001964092254638672
110309,normal,924,2,1782359678.5790894,0.0021219253540039062
110310,normal,3117,1,1782359678.5810454,0.0019559860229492188
110311,normal,1608,0,1782359678.5828667,0.001821279525756836
110312,normal,3182,1,1782359678.585054,0.0021872520446777344
110313,normal,3211,1,1782359678.587046,0.0019919872283935547
110314,normal,498,0,1782359678.5889091,0.001863241195678711
110315,normal,2542,0,1782359678.591112,0.002202749252319336
110316,normal,2720,0,1782359678.5930252,0.001913309097290039
110317,normal,905,2,1782359678.5948534,0.0018281936645507812
110318,normal,3152,1,1782359678.5971107,0.0022573471069335938
110319,normal,3656,0,1782359678.5989869,0.0018761157989501953
110320,normal,3403,0,1782359678.6010275,0.0020406246185302734
110321,normal,2263,0,1782359678.602992,0.001964569091796875
110322,normal,228,0,1782359678.6050608,0.002068758010864258
110323,normal,302,0,1782359678.6068661,0.0018053054809570312
110324,normal,3575,0,1782359678.6090753,0.002209186553955078
110325,normal,1756,0,1782359678.6110845,0.002009153366088867
110326,normal,2431,0,1782359678.612861,0.0017764568328857422
110327,normal,3314,1,1782359678.6150944,0.0022335052490234375
110328,normal,611,0,1782359678.6170945,0.002000093460083008
110329,normal,3395,1,1782359678.6188805,0.0017859935760498047
110330,normal,3041,0,1782359678.6211598,0.0022792816162109375
110331,normal,444,0,1782359678.6229327,0.0017728805541992188
110332,normal,1420,0,1782359678.6249616,0.002028942108154297
110333,normal,547,0,1782359678.6270697,0.0021080970764160156
110334,normal,1726,0,1782359678.6290636,0.001993894577026367
110335,normal,3598,0,1782359678.6308656,0.0018019676208496094
110336,normal,1247,0,1782359678.633091,0.0022253990173339844
110337,normal,719,0,1782359678.6349528,0.0018618106842041016
110338,normal,2622,0,1782359678.6369855,0.002032756805419922
110339,normal,541,0,1782359678.6390257,0.0020401477813720703
110340,normal,3355,1,1782359678.6411202,0.0020945072174072266
110341,normal,1952,0,1782359678.6428883,0.0017681121826171875
110342,normal,2339,0,1782359678.6450915,0.002203226089477539
110343,normal,3167,1,1782359678.646944,0.0018525123596191406
110344,normal,296,0,1782359678.6489892,0.002045154571533203
110345,normal,3164,1,1782359678.6510797,0.0020904541015625
110346,normal,181,0,1782359678.6530921,0.002012491226196289
110347,normal,2960,0,1782359678.6548598,0.0017676353454589844
110348,normal,316,0,1782359678.657116,0.002256155014038086
110349,normal,1719,0,1782359678.6590254,0.001909494400024414
110350,normal,3385,1,1782359678.6610088,0.0019834041595458984
110351,normal,1402,0,1782359678.6631374,0.00212860107421875
110352,normal,1896,0,1782359678.6651118,0.001974344253540039
110353,normal,3059,1,1782359678.6672306,0.002118825912475586
110354,normal,1640,0,1782359678.6691372,0.0019066333770751953
110355,normal,1915,0,1782359678.6711195,0.0019822120666503906
110356,normal,2465,0,1782359678.6730254,0.0019059181213378906
110357,normal,3418,0,1782359678.6750746,0.0020492076873779297
110358,normal,512,0,1782359678.677079,0.002004384994506836
110359,normal,1520,0,1782359678.6788578,0.0017788410186767578
110360,normal,791,2,1782359678.6811128,0.002254962921142578
110361,normal,1910,0,1782359678.6829515,0.00183868408203125
110362,normal,2843,0,1782359678.6849325,0.001981019973754883
110363,normal,1245,0,1782359678.6870642,0.0021317005157470703
110364,normal,395,0,1782359678.68907,0.0020058155059814453
110365,normal,1012,2,1782359678.6908658,0.0017957687377929688
110366,normal,1232,0,1782359678.6928945,0.0020287036895751953
110367,normal,801,2,1782359678.6951323,0.0022377967834472656
110368,normal,873,2,1782359678.6969237,0.0017914772033691406
110369,normal,3649,0,1782359678.6991324,0.002208709716796875
110370,normal,2882,0,1782359678.7009747,0.0018422603607177734
110371,normal,1060,0,1782359678.7029762,0.002001523971557617
110372,normal,2300,0,1782359678.7049844,0.002008199691772461
110373,normal,1693,0,1782359678.7071025,0.0021181106567382812
110374,normal,1655,0,1782359678.7088606,0.0017580986022949219
110375,normal,1333,1,1782359678.7113607,0.0025000572204589844
110376,normal,2978,0,1782359678.7128701,0.0015094280242919922
110377,normal,2505,0,1782359678.7150738,0.002203702926635742
110378,normal,1156,0,1782359678.7168634,0.0017895698547363281
110379,normal,581,0,1782359678.7190835,0.00222015380859375
110380,normal,3408,0,1782359678.7208693,0.0017857551574707031
110381,normal,1066,0,1782359678.7230878,0.002218484878540039
110382,normal,3069,1,1782359678.7250867,0.0019989013671875
110383,normal,2321,0,1782359678.7268922,0.0018055438995361328
110384,normal,2036,0,1782359678.729072,0.002179861068725586
110385,normal,2270,0,1782359678.7309322,0.0018601417541503906
110386,normal,3698,0,1782359678.7329934,0.002061128616333008
110387,normal,913,2,1782359678.7351632,0.0021698474884033203
110388,normal,2240,0,1782359678.7371695,0.0020062923431396484
110389,normal,602,0,1782359678.7389722,0.001802682876586914
110390,normal,1268,0,1782359678.741072,0.002099752426147461
110391,normal,2689,0,1782359678.743087,0.0020151138305664062
110392,normal,3258,1,1782359678.74495,0.0018630027770996094
110393,normal,2639,0,1782359678.7470374,0.0020873546600341797
110394,normal,1931,0,1782359678.7490566,0.002019166946411133
110395,normal,1667,0,1782359678.7509475,0.0018908977508544922
110396,normal,823,2,1782359678.7531307,0.002183198928833008
110397,normal,589,0,1782359678.7551446,0.0020139217376708984
110398,normal,1142,0,1782359678.7570572,0.0019125938415527344
110399,normal,2013,0,1782359678.7589562,0.0018990039825439453
110400,normal,1354,1,1782359678.7610772,0.0021209716796875
110401,normal,2334,0,1782359678.7630968,0.002019643783569336
110402,normal,927,2,1782359678.765008,0.001911163330078125
110403,normal,501,0,1782359678.767262,0.002254009246826172
110404,normal,2464,0,1782359678.7689412,0.0016791820526123047
110405,normal,2526,0,1782359678.7711442,0.0022029876708984375
110406,normal,2396,0,1782359678.77301,0.0018658638000488281
110407,normal,3482,0,1782359678.775039,0.002028942108154297
110408,normal,1962,0,1782359678.777074,0.0020351409912109375
110409,normal,3297,1,1782359678.7790546,0.0019805431365966797
110410,normal,40,0,1782359678.7808125,0.0017578601837158203
110411,normal,691,0,1782359678.7829766,0.002164125442504883
110412,normal,2599,0,1782359678.7849019,0.0019252300262451172
110413,normal,2404,0,1782359678.786826,0.0019240379333496094
110414,normal,160,0,1782359678.7889583,0.002132415771484375
110415,normal,3057,1,1782359678.7909093,0.001950979232788086
110416,normal,3275,1,1782359678.7928953,0.0019860267639160156
110417,normal,1544,0,1782359678.7949626,0.0020673274993896484
110418,normal,1218,0,1782359678.7968922,0.0019295215606689453
110419,normal,453,0,1782359678.7988834,0.00199127197265625
110420,normal,2948,0,1782359678.8009589,0.0020754337310791016
110421,normal,3007,0,1782359678.8028631,0.0019042491912841797
110422,normal,1313,0,1782359678.8048582,0.001995086669921875
110423,normal,3563,0,1782359678.806874,0.002015829086303711
110424,normal,148,0,1782359678.8089724,0.0020983219146728516
110425,normal,684,0,1782359678.810838,0.0018656253814697266
110426,normal,3629,0,1782359678.8129816,0.0021436214447021484
110427,normal,528,0,1782359678.8149087,0.0019271373748779297
110428,normal,3227,1,1782359678.8170764,0.0021677017211914062
110429,normal,3012,0,1782359678.818867,0.0017905235290527344
110430,normal,2783,0,1782359678.8209991,0.0021321773529052734
110431,normal,2094,0,1782359678.822892,0.0018928050994873047
110432,normal,2654,0,1782359678.8249705,0.002078533172607422
110433,normal,3581,0,1782359678.8268924,0.0019218921661376953
110434,normal,2967,0,1782359678.8288395,0.001947164535522461
110435,normal,818,2,1782359678.8309438,0.0021042823791503906
110436,normal,1566,0,1782359678.832962,0.0020182132720947266
110437,normal,3696,0,1782359678.8348773,0.0019152164459228516
110438,normal,3476,0,1782359678.836992,0.0021147727966308594
110439,normal,829,2,1782359678.8389943,0.002002239227294922
110440,normal,839,2,1782359678.840952,0.0019576549530029297
110441,normal,3293,1,1782359678.8430483,0.002096414566040039
110442,normal,377,0,1782359678.8449554,0.0019071102142333984
110443,normal,1441,0,1782359678.8468864,0.0019309520721435547
110444,normal,2039,0,1782359678.8491535,0.002267122268676758
110445,normal,2646,0,1782359678.8510106,0.0018570423126220703
110446,normal,1868,0,1782359678.8528564,0.0018458366394042969
110447,normal,3550,0,1782359678.8550131,0.0021567344665527344
110448,normal,3480,0,1782359678.8569303,0.001917123794555664
110449,normal,779,2,1782359678.8589704,0.0020401477813720703
110450,normal,2709,0,1782359678.8611183,0.0021479129791259766
110451,normal,3431,0,1782359678.8629086,0.0017902851104736328
110452,normal,3390,1,1782359678.864942,0.0020334720611572266
110453,normal,1801,0,1782359678.867045,0.0021028518676757812
110454,normal,1215,0,1782359678.868929,0.0018839836120605469
110455,normal,2128,0,1782359678.871264,0.002335071563720703
110456,normal,3648,0,1782359678.8729136,0.001649618148803711
110457,normal,3055,1,1782359678.8751404,0.0022268295288085938
110458,normal,1459,0,1782359678.8769262,0.0017857551574707031
110459,normal,1907,0,1782359678.8790846,0.0021584033966064453
110460,normal,700,0,1782359678.8809326,0.001847982406616211
110461,normal,3282,1,1782359678.8829763,0.0020437240600585938
110462,normal,2309,0,1782359678.8850894,0.0021131038665771484
110463,normal,389,0,1782359678.8873281,0.002238750457763672
110464,normal,3353,1,1782359678.8888755,0.0015473365783691406
110465,normal,2099,0,1782359678.8910677,0.002192258834838867
110466,normal,269,0,1782359678.8930776,0.002009868621826172
110467,normal,1466,0,1782359678.894864,0.0017864704132080078
110468,normal,2347,0,1782359678.8970885,0.002224445343017578
110469,normal,3606,0,1782359678.898947,0.0018584728240966797
110470,normal,3033,0,1782359678.9009986,0.0020515918731689453
110471,normal,380,0,1782359678.903103,0.002104520797729492
110472,normal,1395,0,1782359678.9049118,0.0018086433410644531
110473,normal,220,0,1782359678.907316,0.0024042129516601562
110474,normal,1011,2,1782359678.909494,0.0021779537200927734
110475,normal,2284,0,1782359678.9109561,0.0014622211456298828
110476,normal,2558,0,1782359678.9135303,0.0025742053985595703
110477,normal,2445,0,1782359678.9150147,0.0014843940734863281
110478,normal,718,0,1782359678.9172246,0.002209901809692383
110479,normal,575,0,1782359678.9194303,0.0022056102752685547
110480,normal,274,0,1782359678.9209242,0.0014939308166503906
110481,normal,3121,1,1782359678.9229703,0.0020461082458496094
110482,normal,2185,0,1782359678.9249043,0.001934051513671875
110483,normal,3207,1,1782359678.926991,0.002086639404296875
110484,normal,2667,0,1782359678.9289584,0.0019674301147460938
110485,normal,2098,0,1782359678.9308338,0.0018754005432128906
110486,normal,230,0,1782359678.9329884,0.0021545886993408203
110487,normal,859,2,1782359678.9349697,0.0019812583923339844
110488,normal,1275,0,1782359678.936822,0.001852273941040039
110489,normal,903,2,1782359678.9389842,0.0021622180938720703
110490,normal,901,2,1782359678.9410055,0.002021312713623047
110491,normal,1628,0,1782359678.9428675,0.0018620491027832031
110492,normal,59,0,1782359678.9450095,0.0021419525146484375
110493,normal,1198,0,1782359678.9468696,0.0018601417541503906
110494,normal,3658,0,1782359678.948915,0.0020453929901123047
110495,normal,3593,0,1782359678.9510128,0.0020978450775146484
110496,normal,1364,1,1782359678.9529197,0.0019068717956542969
110497,normal,915,2,1782359678.954967,0.002047300338745117
110498,normal,832,2,1782359678.956992,0.0020248889923095703
110499,normal,3585,0,1782359678.9590006,0.002008676528930664
110500,normal,509,0,1782359678.9609132,0.0019125938415527344
110501,normal,2073,0,1782359678.9629936,0.0020804405212402344
110502,normal,711,0,1782359678.9649787,0.0019850730895996094
110503,normal,2070,0,1782359678.966826,0.0018472671508789062
110504,normal,2092,0,1782359678.9689982,0.002172231674194336
110505,normal,1749,0,1782359678.9709904,0.0019922256469726562
110506,normal,1704,0,1782359678.9728389,0.001848459243774414
110507,normal,2860,0,1782359678.975035,0.002196073532104492
110508,normal,754,0,1782359678.9769793,0.0019443035125732422
110509,normal,289,0,1782359678.9788232,0.0018439292907714844
110510,normal,460,0,1782359678.9809875,0.0021643638610839844
110511,normal,1033,0,1782359678.982975,0.001987457275390625
110512,normal,1881,0,1782359678.984919,0.0019440650939941406
110513,normal,2704,0,1782359678.986996,0.002076864242553711
110514,normal,3434,0,1782359678.9890075,0.002011537551879883
110515,normal,2313,0,1782359678.990865,0.0018575191497802734
110516,normal,2934,0,1782359678.9930224,0.002157449722290039
110517,normal,3471,0,1782359678.9950223,0.0019998550415039062
110518,normal,3536,0,1782359678.9969254,0.0019030570983886719
110519,normal,1231,0,1782359678.9990087,0.002083301544189453
110520,normal,3509,0,1782359679.0009804,0.001971721649169922
110521,normal,277,0,1782359679.0028398,0.001859426498413086
110522,normal,1886,0,1782359679.005003,0.0021631717681884766
110523,normal,3058,1,1782359679.0069706,0.0019676685333251953
110524,normal,571,0,1782359679.0089107,0.001940011978149414
110525,normal,1737,0,1782359679.0110006,0.002089977264404297
110526,normal,1474,0,1782359679.0130112,0.0020105838775634766
110527,normal,2271,0,1782359679.0148408,0.0018296241760253906
110528,normal,2236,0,1782359679.0170503,0.0022094249725341797
110529,normal,2741,0,1782359679.0190716,0.002021312713623047
110530,normal,3024,0,1782359679.020951,0.0018794536590576172
110531,normal,910,2,1782359679.0230358,0.0020847320556640625
110532,normal,483,0,1782359679.0249462,0.0019104480743408203
110533,normal,2643,0,1782359679.0269737,0.0020275115966796875
110534,normal,2492,0,1782359679.028995,0.002021312713623047
110535,normal,2476,0,1782359679.0309694,0.001974344253540039
110536,normal,423,0,1782359679.0329041,0.0019347667694091797
110537,normal,2537,0,1782359679.0350497,0.002145528793334961
110538,normal,922,2,1782359679.0368564,0.0018067359924316406
110539,normal,1724,0,1782359679.0388963,0.0020399093627929688
110540,normal,2907,0,1782359679.0409858,0.0020895004272460938
110541,normal,3026,0,1782359679.0429795,0.0019936561584472656
110542,normal,75,0,1782359679.044993,0.0020134449005126953
110543,normal,3401,1,1782359679.0468574,0.0018644332885742188
110544,normal,2598,0,1782359679.0490603,0.0022029876708984375
110545,normal,238,0,1782359679.050898,0.0018377304077148438
110546,normal,348,0,1782359679.053123,0.0022249221801757812
110547,normal,300,0,1782359679.0548558,0.0017328262329101562
110548,normal,1913,0,1782359679.0569124,0.002056598663330078
110549,normal,3334,1,1782359679.058999,0.002086639404296875
110550,normal,187,0,1782359679.060975,0.00197601318359375
110551,normal,1885,0,1782359679.0628798,0.0019047260284423828
110552,normal,2768,0,1782359679.0650682,0.002188444137573242
110553,normal,2385,0,1782359679.066841,0.0017726421356201172
110554,normal,53,0,1782359679.0689065,0.0020656585693359375
110555,normal,2225,0,1782359679.07099,0.0020835399627685547
110556,normal,97,0,1782359679.0729785,0.0019884109497070312
110557,normal,725,0,1782359679.0748367,0.0018582344055175781
110558,normal,3503,0,1782359679.0769992,0.002162456512451172
110559,normal,3415,0,1782359679.0790515,0.00205230712890625
110560,normal,660,0,1782359679.0809374,0.0018858909606933594
110561,normal,744,0,1782359679.082997,0.0020596981048583984
110562,normal,2228,0,1782359679.0848367,0.0018396377563476562
110563,normal,438,0,1782359679.0869794,0.002142667770385742
110564,normal,2671,0,1782359679.0890517,0.0020723342895507812
110565,normal,2027,0,1782359679.0909398,0.0018880367279052734
110566,normal,986,2,1782359679.0929892,0.0020494461059570312
110567,normal,3036,0,1782359679.0949955,0.0020062923431396484
110568,normal,3449,0,1782359679.0970414,0.002045869827270508
110569,normal,617,0,1782359679.0988207,0.001779317855834961
110570,normal,689,0,1782359679.1009822,0.0021615028381347656
110571,normal,2150,0,1782359679.1030092,0.0020270347595214844
110572,normal,3142,1,1782359679.104965,0.001955747604370117
110573,normal,482,0,1782359679.1070275,0.002062559127807617
110574,normal,1525,0,1782359679.109081,0.002053499221801758
110575,normal,62,0,1782359679.1108928,0.0018117427825927734
110576,normal,518,0,1782359679.1129868,0.0020940303802490234
110577,normal,2859,0,1782359679.1151567,0.0021698474884033203
110578,normal,1769,0,1782359679.1171818,0.002025127410888672
110579,normal,778,2,1782359679.1189523,0.0017704963684082031
110580,normal,2737,0,1782359679.1211002,0.0021479129791259766
110581,normal,2280,0,1782359679.122888,0.0017879009246826172
110582,normal,1048,0,1782359679.1250424,0.0021543502807617188
110583,normal,3066,1,1782359679.1270556,0.0020132064819335938
110584,normal,3483,0,1782359679.1290755,0.0020198822021484375
110585,normal,507,0,1782359679.1310112,0.001935720443725586
110586,normal,2468,0,1782359679.1328766,0.001865386962890625
110587,normal,2428,0,1782359679.1349442,0.00206756591796875
110588,normal,2853,0,1782359679.1370184,0.0020742416381835938
110589,normal,2346,0,1782359679.1388822,0.001863718032836914
110590,normal,323,0,1782359679.1409566,0.0020744800567626953
110591,normal,223,0,1782359679.143011,0.002054452896118164
110592,normal,3519,0,1782359679.145,0.0019888877868652344
110593,normal,2446,0,1782359679.1468453,0.0018453598022460938
110594,normal,2447,0,1782359679.1490111,0.0021657943725585938
110595,normal,2864,0,1782359679.1510432,0.002032041549682617
110596,normal,934,2,1782359679.1528509,0.0018076896667480469
110597,normal,538,0,1782359679.15501,0.00215911865234375
110598,normal,954,2,1782359679.1568687,0.0018587112426757812
110599,normal,2451,0,1782359679.1589327,0.0020639896392822266
110600,normal,77,0,1782359679.1610177,0.002084970474243164
110601,normal,1005,2,1782359679.1629894,0.001971721649169922
110602,normal,3535,0,1782359679.1649458,0.001956462860107422
110603,normal,2080,0,1782359679.1670148,0.0020689964294433594
110604,normal,1770,0,1782359679.168962,0.001947164535522461
110605,normal,2998,0,1782359679.170961,0.0019989013671875
110606,normal,3274,1,1782359679.1730397,0.0020787715911865234
110607,normal,1144,0,1782359679.1750267,0.001986980438232422
110608,normal,842,2,1782359679.1769385,0.0019118785858154297
110609,normal,2892,0,1782359679.1790082,0.002069711685180664
110610,normal,140,0,1782359679.1809561,0.0019478797912597656
110611,normal,3183,1,1782359679.1829176,0.0019614696502685547
110612,normal,3125,1,1782359679.1850388,0.0021212100982666016
110613,normal,877,2,1782359679.1869333,0.0018944740295410156
110614,normal,2717,0,1782359679.1889648,0.002031564712524414
110615,normal,1422,0,1782359679.1909955,0.002030611038208008
110616,normal,3374,1,1782359679.1929653,0.0019698143005371094
110617,normal,878,2,1782359679.195026,0.0020606517791748047
110618,normal,3247,1,1782359679.1970222,0.001996278762817383
110619,normal,2743,0,1782359679.1990702,0.002048015594482422
110620,normal,2066,0,1782359679.200915,0.0018448829650878906
110621,normal,1732,0,1782359679.2030249,0.0021097660064697266
110622,normal,3286,1,1782359679.2048614,0.001836538314819336
110623,normal,1895,0,1782359679.206945,0.0020835399627685547
110624,normal,2580,0,1782359679.2090006,0.002055644989013672
110625,normal,2691,0,1782359679.2110934,0.0020928382873535156
110626,normal,2867,0,1782359679.212841,0.0017476081848144531
110627,normal,613,0,1782359679.2150025,0.0021615028381347656
110628,normal,3203,1,1782359679.2169826,0.0019800662994384766
110629,normal,421,0,1782359679.218829,0.0018463134765625
110630,normal,2002,0,1782359679.2210937,0.002264738082885742
110631,normal,2146,0,1782359679.2230077,0.0019140243530273438
110632,normal,2748,0,1782359679.2249844,0.0019767284393310547
110633,normal,1827,0,1782359679.2271342,0.002149820327758789
110634,normal,553,0,1782359679.2288876,0.0017533302307128906
110635,normal,2454,0,1782359679.2309437,0.002056121826171875
110636,normal,3655,0,1782359679.2330112,0.00206756591796875
110637,normal,912,2,1782359679.234997,0.001985788345336914
110638,normal,485,0,1782359679.237011,0.0020139217376708984
110639,normal,2627,0,1782359679.2389126,0.0019016265869140625
110640,normal,301,0,1782359679.2409968,0.0020842552185058594
110641,normal,390,0,1782359679.242952,0.001955270767211914
110642,normal,1926,0,1782359679.2450027,0.002050638198852539
110643,normal,3657,0,1782359679.2469904,0.0019876956939697266
110644,normal,3278,1,1782359679.24893,0.001939535140991211
110645,normal,2514,0,1782359679.2510364,0.0021064281463623047
110646,normal,1558,0,1782359679.2530258,0.0019893646240234375
110647,normal,35,0,1782359679.2548578,0.0018320083618164062
110648,normal,1984,0,1782359679.2570953,0.002237558364868164
110649,normal,1674,0,1782359679.2595525,0.002457141876220703
110650,normal,2915,0,1782359679.2610474,0.0014948844909667969
110651,normal,988,2,1782359679.2630854,0.0020380020141601562
110652,normal,608,0,1782359679.265241,0.0021555423736572266
110653,normal,3272,1,1782359679.2670228,0.0017819404602050781
110654,normal,3448,0,1782359679.2691004,0.0020775794982910156
110655,normal,3513,0,1782359679.2711256,0.002025127410888672
110656,normal,2707,0,1782359679.2729757,0.001850128173828125
110657,normal,2716,0,1782359679.275048,0.0020723342895507812
110658,normal,114,0,1782359679.2770522,0.0020041465759277344
110659,normal,1206,0,1782359679.278929,0.0018768310546875
110660,normal,2277,0,1782359679.2810524,0.0021233558654785156
110661,normal,1090,0,1782359679.2829344,0.0018820762634277344
110662,normal,10,0,1782359679.284955,0.002020597457885742
110663,normal,975,2,1782359679.2870705,0.002115488052368164
110664,normal,1403,0,1782359679.2890582,0.0019876956939697266
110665,normal,267,0,1782359679.2909636,0.0019054412841796875
110666,normal,3508,0,1782359679.2930956,0.002131938934326172
110667,normal,2813,0,1782359679.294996,0.0019004344940185547
110668,normal,3520,0,1782359679.297001,0.002004861831665039
110669,normal,3070,1,1782359679.2990584,0.0020575523376464844
110670,normal,3686,0,1782359679.3011036,0.002045154571533203
110671,normal,1425,0,1782359679.3029861,0.0018825531005859375
110672,normal,1637,0,1782359679.305112,0.0021257400512695312
110673,normal,698,0,1782359679.3069458,0.0018339157104492188
110674,normal,379,0,1782359679.3089433,0.0019974708557128906
110675,normal,3576,0,1782359679.3110712,0.0021278858184814453
110676,normal,349,0,1782359679.3130453,0.0019741058349609375
110677,normal,3700,0,1782359679.314873,0.0018277168273925781
110678,normal,2772,0,1782359679.317091,0.002218008041381836
110679,normal,2610,0,1782359679.3189192,0.0018281936645507812
110680,normal,2132,0,1782359679.320982,0.0020627975463867188
110681,normal,1159,0,1782359679.3231003,0.002118349075317383
110682,normal,2308,0,1782359679.3251655,0.0020651817321777344
110683,normal,2438,0,1782359679.3268733,0.0017077922821044922
110684,normal,2673,0,1782359679.3290968,0.002223491668701172
110685,normal,2350,0,1782359679.3309174,0.0018205642700195312
110686,normal,2388,0,1782359679.3329623,0.0020449161529541016
110687,normal,3319,1,1782359679.3350852,0.0021228790283203125
110688,normal,1757,0,1782359679.3369184,0.001833200454711914
110689,normal,1234,0,1782359679.338991,0.002072572708129883
110690,normal,3179,1,1782359679.341092,0.0021011829376220703
110691,normal,328,0,1782359679.3429694,0.0018773078918457031
110692,normal,1457,0,1782359679.3450422,0.0020728111267089844
110693,normal,2752,0,1782359679.3470044,0.0019621849060058594
110694,normal,1650,0,1782359679.3491201,0.0021157264709472656
110695,normal,2756,0,1782359679.350886,0.0017659664154052734
110696,normal,3130,1,1782359679.3531227,0.002236604690551758
110697,normal,2289,0,1782359679.3550885,0.001965761184692383
110698,normal,594,0,1782359679.3569663,0.0018777847290039062
110699,normal,3018,0,1782359679.3590667,0.0021004676818847656
110700,normal,1986,0,1782359679.361142,0.0020751953125
110701,normal,1203,0,1782359679.3629134,0.0017714500427246094
110702,normal,2478,0,1782359679.3651094,0.002196073532104492
110703,normal,930,2,1782359679.36712,0.0020105838775634766
110704,normal,2787,0,1782359679.3690348,0.0019147396087646484
110705,normal,3240,1,1782359679.3711374,0.0021026134490966797
110706,normal,365,0,1782359679.3731003,0.001962900161743164
110707,normal,2836,0,1782359679.3751218,0.0020215511322021484
110708,normal,2276,0,1782359679.3771477,0.0020258426666259766
110709,normal,1047,0,1782359679.3788915,0.0017437934875488281
110710,normal,3364,1,1782359679.380974,0.0020825862884521484
110711,normal,2831,0,1782359679.3830714,0.0020973682403564453
110712,normal,1626,0,1782359679.385035,0.0019636154174804688
110713,normal,2686,0,1782359679.3870623,0.002027273178100586
110714,normal,1714,0,1782359679.3889081,0.0018458366394042969
110715,normal,1024,2,1782359679.3910172,0.002109050750732422
110716,normal,2697,0,1782359679.392904,0.0018868446350097656
110717,normal,135,0,1782359679.394996,0.0020918846130371094
110718,normal,1662,0,1782359679.3970084,0.002012491226196289
110719,normal,1031,0,1782359679.399007,0.0019986629486083984
110720,normal,469,0,1782359679.401067,0.0020599365234375
110721,normal,2297,0,1782359679.4028993,0.0018322467803955078
110722,normal,1642,0,1782359679.4049823,0.0020830631256103516
110723,normal,3188,1,1782359679.406982,0.0019996166229248047
110724,normal,3676,0,1782359679.4089723,0.0019903182983398438
110725,normal,441,0,1782359679.410917,0.0019447803497314453
110726,normal,783,2,1782359679.4129882,0.0020711421966552734
110727,normal,758,0,1782359679.4151108,0.002122640609741211
110728,normal,1225,0,1782359679.416877,0.001766204833984375
110729,normal,1921,0,1782359679.419005,0.0021278858184814453
110730,normal,2058,0,1782359679.4209867,0.0019817352294921875
110731,normal,3500,0,1782359679.4229305,0.001943826675415039
110732,normal,1505,0,1782359679.425003,0.002072572708129883
110733,normal,1700,0,1782359679.4269783,0.0019752979278564453
110734,normal,1490,0,1782359679.428981,0.002002716064453125
110735,normal,3407,0,1782359679.4309793,0.0019981861114501953
110736,normal,458,0,1782359679.433025,0.0020456314086914062
110737,normal,2460,0,1782359679.4349303,0.0019054412841796875
110738,normal,1118,0,1782359679.4369812,0.0020508766174316406
110739,normal,3420,0,1782359679.4391613,0.0021800994873046875
110740,normal,1929,0,1782359679.4409077,0.0017464160919189453
110741,normal,3263,1,1782359679.4430451,0.002137422561645508
110742,normal,3486,0,1782359679.4449413,0.0018961429595947266
110743,normal,484,0,1782359679.446983,0.0020418167114257812
110744,normal,1728,0,1782359679.4489727,0.001989603042602539
110745,normal,119,0,1782359679.4509432,0.001970529556274414
110746,normal,3599,0,1782359679.452915,0.001971721649169922
110747,normal,2307,0,1782359679.4550009,0.0020859241485595703
110748,normal,326,0,1782359679.457039,0.002038240432739258
110749,normal,3071,1,1782359679.458966,0.0019268989562988281
110750,normal,1109,0,1782359679.460973,0.002007007598876953
110751,normal,3538,0,1782359679.4630194,0.002046346664428711
110752,normal,93,0,1782359679.465042,0.0020227432250976562
110753,normal,1611,0,1782359679.467052,0.002009868621826172
110754,normal,761,0,1782359679.4692457,0.0021936893463134766
110755,normal,1257,0,1782359679.4709885,0.0017428398132324219
110756,normal,2201,0,1782359679.4730294,0.002040863037109375
110757,normal,1654,0,1782359679.4749427,0.001913309097290039
110758,normal,1539,0,1782359679.4769764,0.002033710479736328
110759,normal,1759,0,1782359679.479042,0.0020656585693359375
110760,normal,2846,0,1782359679.4810498,0.002007722854614258
110761,normal,2169,0,1782359679.4831016,0.002051830291748047
110762,normal,1590,0,1782359679.4849424,0.001840829849243164
110763,normal,814,2,1782359679.4870038,0.0020613670349121094
110764,normal,2847,0,1782359679.4889436,0.0019397735595703125
110765,normal,459,0,1782359679.4910078,0.002064228057861328
110766,normal,1323,1,1782359679.4929743,0.0019664764404296875
110767,normal,3313,1,1782359679.4949539,0.0019795894622802734
110768,normal,605,0,1782359679.4970186,0.0020647048950195312
110769,normal,1461,0,1782359679.499003,0.0019843578338623047
110770,normal,1442,0,1782359679.500931,0.001928091049194336
110771,normal,763,0,1782359679.5030215,0.0020904541015625
110772,normal,828,2,1782359679.505005,0.0019834041595458984
110773,normal,400,0,1782359679.5069387,0.0019338130950927734
110774,normal,3064,1,1782359679.5089939,0.0020551681518554688
110775,normal,1108,0,1782359679.5109932,0.001999378204345703
110776,normal,2600,0,1782359679.5129287,0.0019354820251464844
110777,normal,133,0,1782359679.5149999,0.0020711421966552734
110778,normal,962,2,1782359679.5169923,0.001992464065551758
110779,normal,2592,0,1782359679.5189607,0.0019683837890625
110780,normal,1918,0,1782359679.5210629,0.0021021366119384766
110781,normal,248,0,1782359679.5228884,0.001825571060180664
110782,normal,1851,0,1782359679.5249748,0.0020864009857177734
110783,normal,3366,1,1782359679.52704,0.0020651817321777344
110784,normal,2664,0,1782359679.5289862,0.0019462108612060547
110785,normal,900,2,1782359679.5309336,0.0019474029541015625
110786,normal,2666,0,1782359679.532996,0.0020623207092285156
110787,normal,1625,0,1782359679.5349905,0.001994609832763672
110788,normal,1591,0,1782359679.5369623,0.001971721649169922
110789,normal,3521,0,1782359679.5390148,0.0020525455474853516
110790,normal,716,0,1782359679.5410228,0.0020079612731933594
110791,normal,3636,0,1782359679.542993,0.0019702911376953125
110792,normal,1533,0,1782359679.5450554,0.0020623207092285156
110793,normal,1602,0,1782359679.546983,0.0019276142120361328
110794,normal,1202,0,1782359679.5489628,0.001979827880859375
110795,normal,1855,0,1782359679.55109,0.0021271705627441406
110796,normal,2973,0,1782359679.5529587,0.0018687248229980469
110797,normal,2854,0,1782359679.554983,0.0020241737365722656
110798,normal,2250,0,1782359679.5570078,0.0020248889923095703
110799,normal,3611,0,1782359679.5589726,0.0019648075103759766
110800,normal,3042,0,1782359679.560932,0.0019593238830566406
110801,normal,931,2,1782359679.5630326,0.002100706100463867
110802,normal,2491,0,1782359679.5649838,0.0019512176513671875
110803,normal,2903,0,1782359679.5669425,0.001958608627319336
110804,normal,3160,1,1782359679.5689886,0.0020461082458496094
110805,normal,2718,0,1782359679.570943,0.0019545555114746094
110806,normal,2382,0,1782359679.5729282,0.0019850730895996094
110807,normal,134,0,1782359679.5751817,0.0022535324096679688
110808,normal,561,0,1782359679.576928,0.0017461776733398438
110809,normal,2926,0,1782359679.5790555,0.0021276473999023438
110810,normal,3691,0,1782359679.5809886,0.0019330978393554688
110811,normal,282,0,1782359679.5829914,0.002002716064453125
110812,normal,3196,1,1782359679.5849428,0.001951456069946289
110813,normal,2211,0,1782359679.5870113,0.0020685195922851562
110814,normal,2681,0,1782359679.5890284,0.0020170211791992188
110815,normal,1243,0,1782359679.5911093,0.0020809173583984375
110816,normal,2712,0,1782359679.5929604,0.0018510818481445312
110817,normal,3681,0,1782359679.5950058,0.0020453929901123047
110818,normal,2585,0,1782359679.5969312,0.0019254684448242188
110819,normal,2329,0,1782359679.5990012,0.0020699501037597656
110820,normal,1341,1,1782359679.6009853,0.001984119415283203
110821,normal,472,0,1782359679.602964,0.001978635787963867
110822,normal,3484,0,1782359679.6050298,0.002065896987915039
110823,normal,1614,0,1782359679.6070035,0.0019736289978027344
110824,normal,2399,0,1782359679.608948,0.0019445419311523438
110825,normal,2930,0,1782359679.611228,0.002279996871948242
110826,normal,1639,0,1782359679.6135676,0.002339601516723633
110827,normal,2119,0,1782359679.6149008,0.0013332366943359375
110828,normal,1799,0,1782359679.6173592,0.002458333969116211
110829,normal,1386,0,1782359679.6190343,0.0016751289367675781
110830,normal,2191,0,1782359679.621564,0.002529621124267578
110831,normal,2533,0,1782359679.6232517,0.001687765121459961
110832,normal,1892,0,1782359679.625343,0.0020914077758789062
110833,normal,3543,0,1782359679.6269667,0.0016236305236816406
110834,normal,2564,0,1782359679.629852,0.0028853416442871094
110835,normal,870,2,1782359679.630965,0.0011129379272460938
110836,normal,1380,1,1782359679.63294,0.0019750595092773438
110837,normal,3231,1,1782359679.6350198,0.0020797252655029297
110838,normal,2578,0,1782359679.6368446,0.0018248558044433594
110839,normal,1708,0,1782359679.6388767,0.002032041549682617
110840,normal,2179,0,1782359679.6408944,0.0020177364349365234
110841,normal,381,0,1782359679.6428823,0.001987934112548828
110842,normal,2895,0,1782359679.6448607,0.0019783973693847656
110843,normal,786,2,1782359679.6468968,0.0020360946655273438
110844,normal,3136,1,1782359679.6491902,0.0022933483123779297
110845,normal,3586,0,1782359679.6512318,0.0020415782928466797
110846,normal,3583,0,1782359679.6534228,0.0021910667419433594
110847,normal,3618,0,1782359679.65528,0.0018572807312011719
110848,normal,171,0,1782359679.6569738,0.0016937255859375
110849,normal,1383,0,1782359679.6588883,0.0019145011901855469
110850,normal,3338,1,1782359679.6608543,0.0019659996032714844
110851,normal,2134,0,1782359679.6631083,0.002254009246826172
110852,normal,641,0,1782359679.6649976,0.0018892288208007812
110853,normal,3456,0,1782359679.6672304,0.002232789993286133
110854,normal,1008,2,1782359679.6689453,0.001714944839477539
110855,normal,3499,0,1782359679.6711297,0.0021843910217285156
110856,normal,2747,0,1782359679.6730998,0.001970052719116211
110857,normal,1908,0,1782359679.674949,0.0018491744995117188
110858,normal,894,2,1782359679.6771448,0.0021958351135253906
110859,normal,2110,0,1782359679.678987,0.0018422603607177734
110860,normal,3281,1,1782359679.6810436,0.002056598663330078
110861,normal,3496,0,1782359679.6830444,0.0020008087158203125
110862,normal,1451,0,1782359679.684977,0.0019326210021972656
110863,normal,911,2,1782359679.6870592,0.0020821094512939453
110864,normal,1178,0,1782359679.6891565,0.0020973682403564453
110865,normal,1802,0,1782359679.6909704,0.0018138885498046875
110866,normal,837,2,1782359679.6930356,0.0020651817321777344
110867,normal,513,0,1782359679.6950254,0.0019898414611816406
110868,normal,1996,0,1782359679.697041,0.0020155906677246094
110869,normal,560,0,1782359679.6990147,0.0019736289978027344
110870,normal,2044,0,1782359679.7011392,0.0021245479583740234
110871,normal,1666,0,1782359679.70306,0.0019207000732421875
110872,normal,3170,1,1782359679.705111,0.002051115036010742
110873,normal,2137,0,1782359679.7071273,0.002016305923461914
110874,normal,3537,0,1782359679.709171,0.0020437240600585938
110875,normal,2953,0,1782359679.7111092,0.0019381046295166016
110876,normal,2501,0,1782359679.713122,0.0020127296447753906
110877,normal,3139,1,1782359679.715117,0.001995086669921875
110878,normal,2471,0,1782359679.7171412,0.0020241737365722656
110879,normal,347,0,1782359679.7189977,0.0018565654754638672
110880,normal,2987,0,1782359679.7210217,0.002023935317993164
110881,normal,2722,0,1782359679.7232947,0.002273082733154297
110882,normal,989,2,1782359679.7251318,0.001837015151977539
110883,normal,836,2,1782359679.7280715,0.0029397010803222656
110884,normal,3276,1,1782359679.7290292,0.0009577274322509766
110885,normal,1186,0,1782359679.7312107,0.002181529998779297
110886,normal,2532,0,1782359679.7330072,0.0017964839935302734
110887,normal,2997,0,1782359679.735121,0.002113819122314453
110888,normal,261,0,1782359679.737202,0.0020809173583984375
110889,normal,210,0,1782359679.7392561,0.0020542144775390625
110890,normal,590,0,1782359679.7413242,0.002068042755126953
110891,normal,1454,0,1782359679.7432206,0.0018963813781738281
110892,normal,933,2,1782359679.745376,0.0021555423736572266
110893,normal,1803,0,1782359679.747101,0.0017249584197998047
110894,normal,445,0,1782359679.7490137,0.0019125938415527344
110895,normal,1068,0,1782359679.7510517,0.0020380020141601562
110896,normal,427,0,1782359679.7530801,0.0020284652709960938
110897,normal,3176,1,1782359679.7551076,0.0020275115966796875
110898,normal,212,0,1782359679.7573948,0.002287149429321289
110899,normal,2623,0,1782359679.7589507,0.0015559196472167969
110900,normal,831,2,1782359679.7611012,0.0021505355834960938
110901,normal,3037,0,1782359679.7629118,0.0018105506896972656
110902,normal,2923,0,1782359679.7651253,0.0022134780883789062
110903,normal,672,0,1782359679.7670124,0.0018870830535888672
110904,normal,3220,1,1782359679.7691567,0.002144336700439453
110905,normal,382,0,1782359679.7712417,0.002084970474243164
110906,normal,1531,0,1782359679.7732012,0.001959562301635742
110907,normal,693,0,1782359679.7750933,0.00189208984375
110908,normal,2012,0,1782359679.7770865,0.0019931793212890625
110909,normal,2326,0,1782359679.779184,0.002097606658935547
110910,normal,3235,1,1782359679.7811224,0.0019383430480957031
110911,normal,2677,0,1782359679.7828667,0.0017442703247070312
110912,normal,1153,0,1782359679.7850175,0.0021507740020751953
110913,normal,111,0,1782359679.7869887,0.0019712448120117188
110914,normal,17,0,1782359679.7889028,0.0019140243530273438
110915,normal,3492,0,1782359679.7915385,0.0026357173919677734
110916,normal,2344,0,1782359679.7930582,0.0015196800231933594
110917,normal,549,0,1782359679.7950084,0.0019502639770507812
110918,normal,646,0,1782359679.7971396,0.002131223678588867
110919,normal,80,0,1782359679.7992148,0.0020751953125
110920,normal,1296,0,1782359679.800932,0.0017170906066894531
110921,normal,1578,0,1782359679.8032396,0.0023076534271240234
110922,normal,2638,0,1782359679.8050528,0.0018131732940673828
110923,normal,1040,0,1782359679.8069293,0.0018765926361083984
110924,normal,369,0,1782359679.809167,0.002237558364868164
110925,normal,701,0,1782359679.8109915,0.0018246173858642578
110926,normal,376,0,1782359679.8130097,0.0020182132720947266
110927,normal,3110,1,1782359679.8150227,0.002012968063354492
110928,normal,465,0,1782359679.8170123,0.001989603042602539
110929,normal,1016,2,1782359679.8194463,0.0024340152740478516
110930,normal,1797,0,1782359679.8210797,0.0016334056854248047
110931,normal,2131,0,1782359679.8234618,0.002382040023803711
110932,normal,2029,0,1782359679.825121,0.0016591548919677734
110933,normal,2901,0,1782359679.8272002,0.0020792484283447266
110934,normal,519,0,1782359679.829228,0.002027750015258789
110935,normal,2534,0,1782359679.831029,0.0018010139465332031
110936,normal,2370,0,1782359679.8331978,0.002168893814086914
110937,normal,1946,0,1782359679.835494,0.0022962093353271484
110938,normal,1302,0,1782359679.8371165,0.0016224384307861328
110939,normal,1633,0,1782359679.8394566,0.002340078353881836
110940,normal,802,2,1782359679.8412335,0.0017769336700439453
110941,normal,2912,0,1782359679.843172,0.0019385814666748047
110942,normal,3343,1,1782359679.8451984,0.0020263195037841797
110943,normal,3645,0,1782359679.8471594,0.0019609928131103516
110944,normal,3435,0,1782359679.8490083,0.0018489360809326172
110945,normal,1086,0,1782359679.8511183,0.002110004425048828
110946,normal,2522,0,1782359679.853506,0.0023877620697021484
110947,normal,1924,0,1782359679.855552,0.002045869827270508
110948,normal,3394,1,1782359679.8570385,0.0014865398406982422
110949,normal,258,0,1782359679.859335,0.00229644775390625
110950,normal,1104,0,1782359679.8611,0.0017650127410888672
110951,normal,3546,0,1782359679.8630974,0.0019974708557128906
110952,normal,3200,1,1782359679.8650982,0.0020008087158203125
110953,normal,1820,0,1782359679.8673453,0.0022470951080322266
110954,normal,2054,0,1782359679.8694177,0.0020723342895507812
110955,normal,1598,0,1782359679.8715146,0.002096891403198242
110956,normal,2884,0,1782359679.8729615,0.0014469623565673828
110957,normal,448,0,1782359679.8752782,0.002316713333129883
110958,normal,1303,0,1782359679.8774576,0.002179384231567383
110959,normal,1328,1,1782359679.878975,0.0015172958374023438
110960,normal,3664,0,1782359679.881165,0.002190113067626953
110961,normal,1791,0,1782359679.8829694,0.001804351806640625
110962,normal,3332,1,1782359679.8850172,0.0020477771759033203
110963,normal,3511,0,1782359679.8871627,0.002145528793334961
110964,normal,3337,1,1782359679.8892188,0.002056121826171875
110965,normal,1499,0,1782359679.8912125,0.0019936561584472656
110966,normal,309,0,1782359679.8929515,0.0017390251159667969
110967,normal,3122,1,1782359679.8952558,0.0023043155670166016
110968,normal,1880,0,1782359679.8968985,0.0016427040100097656
110969,normal,237,0,1782359679.899126,0.0022275447845458984
110970,normal,208,0,1782359679.9009645,0.0018384456634521484
110971,normal,1236,0,1782359679.9030082,0.0020437240600585938
110972,normal,3103,1,1782359679.9051282,0.0021200180053710938
110973,normal,3322,1,1782359679.906945,0.0018167495727539062
110974,normal,263,0,1782359679.9090264,0.0020813941955566406
110975,normal,3491,0,1782359679.9112108,0.0021843910217285156
110976,normal,3604,0,1782359679.913083,0.0018723011016845703
110977,normal,2393,0,1782359679.9152958,0.0022127628326416016
110978,normal,1812,0,1782359679.9173164,0.002020597457885742
110979,normal,1529,0,1782359679.919292,0.001975536346435547
110980,normal,665,0,1782359679.9210844,0.0017924308776855469
110981,normal,69,0,1782359679.9232142,0.002129793167114258
110982,normal,3697,0,1782359679.9252074,0.0019931793212890625
110983,normal,3099,1,1782359679.9271345,0.0019271373748779297
110984,normal,2251,0,1782359679.9290354,0.0019009113311767578
110985,normal,734,0,1782359679.9310255,0.001990079879760742
110986,normal,3707,0,1782359679.9330971,0.0020716190338134766
110987,normal,2523,0,1782359679.9352298,0.0021326541900634766
110988,normal,2766,0,1782359679.937231,0.0020012855529785156
110989,normal,2241,0,1782359679.939219,0.001987934112548828
110990,normal,3044,0,1782359679.9411266,0.0019075870513916016
110991,normal,1744,0,1782359679.9434967,0.002370119094848633
110992,normal,965,2,1782359679.945297,0.0018002986907958984
110993,normal,2109,0,1782359679.9470758,0.0017788410186767578
110994,normal,3578,0,1782359679.9490347,0.0019588470458984375
110995,normal,202,0,1782359679.9515605,0.002525806427001953
110996,normal,159,0,1782359679.9535692,0.002008676528930664
110997,normal,1244,0,1782359679.9551442,0.0015749931335449219
110998,normal,908,2,1782359679.9571896,0.0020453929901123047
110999,normal,2504,0,1782359679.9590786,0.0018889904022216797
111000,normal,1235,0,1782359679.961062,0.0019834041595458984
111001,normal,652,0,1782359679.9631808,0.002118825912475586
111002,normal,1733,0,1782359679.9651823,0.002001523971557617
111003,normal,82,0,1782359679.967463,0.002280712127685547
111004,normal,1390,0,1782359679.96935,0.0018870830535888672
111005,normal,1300,0,1782359679.9708793,0.0015292167663574219
111006,normal,2547,0,1782359679.9731147,0.00223541259765625
111007,normal,2575,0,1782359679.9750009,0.001886129379272461
111008,normal,1839,0,1782359679.9771197,0.002118825912475586
111009,normal,3356,1,1782359679.9795532,0.0024335384368896484
111010,normal,2751,0,1782359679.9810407,0.0014874935150146484
111011,normal,372,0,1782359679.983096,0.0020551681518554688
111012,normal,98,0,1782359679.9854102,0.002314329147338867
111013,normal,375,0,1782359679.9869795,0.0015692710876464844
111014,normal,266,0,1782359679.9891617,0.0021822452545166016
111015,normal,1176,0,1782359679.9909942,0.0018324851989746094
111016,normal,2139,0,1782359679.993085,0.0020906925201416016
111017,normal,1468,0,1782359679.9950275,0.0019426345825195312
111018,normal,588,0,1782359679.997312,0.002284526824951172
111019,normal,3304,1,1782359679.999254,0.0019419193267822266
111020,normal,2986,0,1782359680.0009208,0.0016667842864990234
111021,normal,782,2,1782359680.0031486,0.002227783203125
111022,normal,3555,0,1782359680.0049262,0.00177764892578125
111023,normal,2360,0,1782359680.0071433,0.0022170543670654297
111024,normal,2919,0,1782359680.009036,0.0018928050994873047
111025,normal,3106,1,1782359680.0110965,0.002060413360595703
111026,normal,3090,1,1782359680.0133526,0.002256155014038086
111027,normal,2817,0,1782359680.0150955,0.0017428398132324219
111028,normal,2419,0,1782359680.0170622,0.001966714859008789
111029,normal,1491,0,1782359680.0190651,0.0020029544830322266
111030,normal,3019,0,1782359680.0215106,0.0024454593658447266
111031,normal,3465,0,1782359680.023815,0.0023043155670166016
111032,normal,3443,0,1782359680.025203,0.0013880729675292969
111033,normal,164,0,1782359680.0269291,0.0017261505126953125
111034,normal,2954,0,1782359680.029525,0.0025959014892578125
111035,normal,2172,0,1782359680.0310836,0.001558542251586914
111036,normal,1586,0,1782359680.0337095,0.0026259422302246094
111037,normal,2968,0,1782359680.0359173,0.0022077560424804688
111038,normal,2355,0,1782359680.037138,0.001220703125
111039,normal,3195,1,1782359680.0392303,0.0020923614501953125
111040,normal,2219,0,1782359680.0409982,0.001767873764038086
111041,normal,551,0,1782359680.0431924,0.0021941661834716797
111042,normal,2834,0,1782359680.0454624,0.0022699832916259766
111043,normal,487,0,1782359680.0469484,0.001486063003540039
111044,normal,1065,0,1782359680.0491316,0.002183198928833008
111045,normal,46,0,1782359680.051188,0.0020563602447509766
111046,normal,3439,0,1782359680.0532403,0.00205230712890625
111047,normal,2852,0,1782359680.0550914,0.0018510818481445312
111048,normal,3076,1,1782359680.0569954,0.0019040107727050781
111049,normal,1034,0,1782359680.0590167,0.002021312713623047
111050,normal,2246,0,1782359680.0611887,0.0021719932556152344
111051,normal,122,0,1782359680.063058,0.00186920166015625
111052,normal,3621,0,1782359680.065194,0.0021359920501708984
111053,normal,884,2,1782359680.0671988,0.002004861831665039
111054,normal,3485,0,1782359680.068948,0.001749277114868164
111055,normal,3349,1,1782359680.0710175,0.0020694732666015625
111056,normal,2781,0,1782359680.0732005,0.0021829605102539062
111057,normal,340,0,1782359680.075081,0.001880645751953125
111058,normal,784,2,1782359680.0770938,0.0020127296447753906
111059,normal,2453,0,1782359680.0794754,0.002381563186645508
111060,normal,3661,0,1782359680.081337,0.001861572265625
111061,normal,2999,0,1782359680.0829961,0.0016591548919677734
111062,normal,2422,0,1782359680.0850506,0.002054452896118164
111063,normal,126,0,1782359680.0869608,0.0019102096557617188
111064,normal,1278,0,1782359680.0890467,0.0020859241485595703
111065,normal,2377,0,1782359680.0910275,0.0019807815551757812
111066,normal,625,0,1782359680.093112,0.002084493637084961
111067,normal,2361,0,1782359680.095334,0.0022220611572265625
111068,normal,1120,0,1782359680.0969617,0.0016276836395263672
111069,normal,2827,0,1782359680.0991626,0.0022008419036865234
111070,normal,2941,0,1782359680.1009457,0.001783132553100586
111071,normal,861,2,1782359680.1032026,0.0022568702697753906
111072,normal,2754,0,1782359680.1049619,0.0017592906951904297
111073,normal,120,0,1782359680.1070132,0.0020513534545898438
111074,normal,3216,1,1782359680.1093662,0.0023529529571533203
111075,normal,2190,0,1782359680.1112175,0.0018513202667236328
111076,normal,668,0,1782359680.1129916,0.0017740726470947266
111077,normal,1906,0,1782359680.1150825,0.002090930938720703
111078,normal,3273,1,1782359680.1171913,0.0021088123321533203
111079,normal,434,0,1782359680.1191869,0.001995563507080078
111080,normal,496,0,1782359680.121173,0.0019860267639160156
111081,normal,1502,0,1782359680.1235557,0.0023827552795410156
111082,normal,222,0,1782359680.1251442,0.001588582992553711
111083,normal,3383,1,1782359680.1271245,0.001980304718017578
111084,normal,219,0,1782359680.1291232,0.0019986629486083984
111085,normal,294,0,1782359680.1311986,0.0020754337310791016
111086,normal,1298,0,1782359680.1333742,0.002175569534301758
111087,normal,3145,1,1782359680.1349864,0.0016121864318847656
111088,normal,1777,0,1782359680.1371167,0.002130270004272461
111089,normal,654,0,1782359680.1389837,0.001867055892944336
111090,normal,713,0,1782359680.1411119,0.002128124237060547
111091,normal,2254,0,1782359680.1430204,0.0019085407257080078
111092,normal,2106,0,1782359680.1452086,0.0021882057189941406
111093,normal,1983,0,1782359680.1471007,0.00189208984375
111094,normal,858,2,1782359680.149074,0.001973390579223633
111095,normal,2935,0,1782359680.15113,0.0020558834075927734
111096,normal,616,0,1782359680.1533,0.002170085906982422
111097,normal,3654,0,1782359680.1551423,0.0018422603607177734
111098,normal,3266,1,1782359680.1573257,0.0021834373474121094
111099,normal,1306,0,1782359680.159211,0.0018851757049560547
111100,normal,2030,0,1782359680.1613402,0.0021293163299560547
111101,normal,1054,0,1782359680.1631525,0.0018122196197509766
111102,normal,721,0,1782359680.1651435,0.0019910335540771484
111103,normal,3665,0,1782359680.1669624,0.0018188953399658203
111104,normal,755,0,1782359680.1692414,0.002279043197631836
111105,normal,3441,0,1782359680.1710901,0.0018486976623535156
111106,normal,231,0,1782359680.1731234,0.002033233642578125
111107,normal,3372,1,1782359680.175027,0.001903533935546875
111108,normal,1610,0,1782359680.1768622,0.0018353462219238281
111109,normal,2397,0,1782359680.1790042,0.0021419525146484375
111110,normal,2470,0,1782359680.1810362,0.002032041549682617
111111,normal,1643,0,1782359680.1829886,0.0019524097442626953
111112,normal,1064,0,1782359680.1850219,0.002033233642578125
111113,normal,872,2,1782359680.1872385,0.0022165775299072266
111114,normal,1774,0,1782359680.1892881,0.002049684524536133
111115,normal,2417,0,1782359680.191049,0.0017609596252441406
111116,normal,194,0,1782359680.1931326,0.0020835399627685547
111117,normal,293,0,1782359680.1952772,0.0021445751190185547
111118,normal,1058,0,1782359680.1970155,0.0017383098602294922
111119,normal,3462,0,1782359680.1990132,0.001997709274291992
111120,normal,539,0,1782359680.2010412,0.0020279884338378906
111121,normal,265,0,1782359680.202999,0.0019578933715820312
111122,normal,896,2,1782359680.2051256,0.002126455307006836
111123,normal,925,2,1782359680.2074397,0.0023140907287597656
111124,normal,2009,0,1782359680.209016,0.0015764236450195312
111125,normal,1258,0,1782359680.2110157,0.0019996166229248047
111126,normal,998,2,1782359680.2131715,0.002155780792236328
111127,normal,2037,0,1782359680.215008,0.001836538314819336
111128,normal,2566,0,1782359680.217217,0.0022089481353759766
111129,normal,880,2,1782359680.2190053,0.0017883777618408203
111130,normal,1603,0,1782359680.2210474,0.002042055130004883
111131,normal,180,0,1782359680.2230327,0.001985311508178711
111132,normal,3376,1,1782359680.2254198,0.0023870468139648438
111133,normal,595,0,1782359680.2270932,0.0016734600067138672
111134,normal,1843,0,1782359680.2291353,0.002042055130004883
111135,normal,2115,0,1782359680.230927,0.0017917156219482422
111136,normal,246,0,1782359680.233015,0.0020880699157714844
111137,normal,1574,0,1782359680.2351508,0.002135753631591797
111138,normal,946,2,1782359680.2374868,0.0023360252380371094
111139,normal,1342,1,1782359680.2393084,0.0018215179443359375
111140,normal,3224,1,1782359680.2411299,0.0018215179443359375
111141,normal,2902,0,1782359680.2433927,0.0022628307342529297
111142,normal,1391,0,1782359680.2452002,0.0018074512481689453
111143,normal,2031,0,1782359680.2473345,0.0021343231201171875
111144,normal,3163,1,1782359680.2491484,0.0018138885498046875
111145,normal,554,0,1782359680.251143,0.001994609832763672
111146,normal,3264,1,1782359680.253153,0.0020101070404052734
111147,normal,1175,0,1782359680.2553248,0.002171754837036133
111148,normal,579,0,1782359680.2572503,0.0019254684448242188
111149,normal,183,0,1782359680.259139,0.0018887519836425781
111150,normal,1329,1,1782359680.2610762,0.0019371509552001953
111151,normal,2499,0,1782359680.2632387,0.002162456512451172
111152,normal,3544,0,1782359680.2649133,0.001674652099609375
111153,normal,336,0,1782359680.2671268,0.0022134780883789062
111154,normal,849,2,1782359680.2695987,0.002471923828125
111155,normal,2035,0,1782359680.2714243,0.001825571060180664
111156,normal,3315,1,1782359680.2730951,0.00167083740234375
111157,normal,1326,1,1782359680.2751825,0.0020873546600341797
111158,normal,620,0,1782359680.2771735,0.0019910335540771484
111159,normal,881,2,1782359680.2789671,0.0017936229705810547
111160,normal,1789,0,1782359680.2817278,0.002760648727416992
111161,normal,2745,0,1782359680.2832932,0.0015654563903808594
111162,normal,1452,0,1782359680.2852798,0.0019865036010742188
111163,normal,3584,0,1782359680.287016,0.0017361640930175781
111164,normal,3080,1,1782359680.2894661,0.002450227737426758
111165,normal,1790,0,1782359680.290938,0.0014717578887939453
111166,normal,1552,0,1782359680.2931304,0.0021924972534179688
111167,normal,3689,0,1782359680.2949996,0.00186920166015625
111168,normal,3547,0,1782359680.2971568,0.0021572113037109375
111169,normal,1426,0,1782359680.2991173,0.0019605159759521484
111170,normal,2825,0,1782359680.3009841,0.0018668174743652344
111171,normal,117,0,1782359680.3031926,0.0022084712982177734
111172,normal,1091,0,1782359680.3049355,0.0017428398132324219
111173,normal,1201,0,1782359680.307173,0.002237558364868164
111174,normal,54,0,1782359680.3089886,0.0018155574798583984
111175,normal,772,2,1782359680.3110135,0.0020248889923095703
111176,normal,868,2,1782359680.313195,0.002181529998779297
111177,normal,3309,1,1782359680.3154893,0.002294301986694336
111178,normal,1678,0,1782359680.317243,0.0017538070678710938
111179,normal,1026,2,1782359680.319151,0.0019078254699707031
111180,normal,1061,0,1782359680.3211129,0.001961946487426758
111181,normal,3525,0,1782359680.3231373,0.002024412155151367
111182,normal,1804,0,1782359680.3251774,0.0020401477813720703
111183,normal,523,0,1782359680.3271792,0.0020017623901367188
111184,normal,1872,0,1782359680.3290777,0.0018985271453857422
111185,normal,2688,0,1782359680.33152,0.0024423599243164062
111186,normal,573,0,1782359680.3332915,0.0017714500427246094
111187,normal,2389,0,1782359680.3351803,0.0018887519836425781
111188,normal,3368,1,1782359680.3370373,0.0018570423126220703
111189,normal,130,0,1782359680.3394387,0.0024013519287109375
111190,normal,3518,0,1782359680.3415565,0.0021178722381591797
111191,normal,1548,0,1782359680.3430505,0.0014939308166503906
111192,normal,73,0,1782359680.3450937,0.0020432472229003906
111193,normal,2519,0,1782359680.3468826,0.0017888545989990234
111194,normal,815,2,1782359680.349027,0.002144336700439453
111195,normal,1961,0,1782359680.350901,0.0018739700317382812
111196,normal,1891,0,1782359680.3530402,0.0021393299102783203
111197,normal,827,2,1782359680.3549445,0.0019042491912841797
111198,normal,2790,0,1782359680.3569512,0.0020067691802978516
111199,normal,3141,1,1782359680.3590736,0.0021224021911621094
111200,normal,165,0,1782359680.3611887,0.002115011215209961
111201,normal,1181,0,1782359680.3631144,0.0019257068634033203
111202,normal,1754,0,1782359680.3654735,0.002359151840209961
111203,normal,3616,0,1782359680.3670576,0.0015840530395507812
111204,normal,1288,0,1782359680.3691328,0.0020751953125
111205,normal,2630,0,1782359680.3710763,0.0019435882568359375
111206,normal,241,0,1782359680.3731272,0.0020508766174316406
111207,normal,526,0,1782359680.3751082,0.001981019973754883
111208,normal,2210,0,1782359680.377096,0.0019876956939697266
111209,normal,793,2,1782359680.3790822,0.001986265182495117
111210,normal,2596,0,1782359680.3810956,0.0020134449005126953
111211,normal,1660,0,1782359680.3828914,0.0017957687377929688
111212,normal,3032,0,1782359680.3852036,0.002312183380126953
111213,normal,2006,0,1782359680.386897,0.0016934871673583984
111214,normal,1493,0,1782359680.388883,0.0019860267639160156
111215,normal,2989,0,1782359680.390987,0.0021038055419921875
111216,normal,2735,0,1782359680.3928895,0.0019025802612304688
111217,normal,1407,0,1782359680.3950071,0.002117633819580078
111218,normal,2424,0,1782359680.397173,0.0021657943725585938
111219,normal,3453,0,1782359680.3991094,0.0019364356994628906
111220,normal,1318,0,1782359680.4009523,0.0018429756164550781
111221,normal,3457,0,1782359680.4031086,0.0021562576293945312
111222,normal,1106,0,1782359680.4051538,0.002045154571533203
111223,normal,3539,0,1782359680.4068947,0.0017409324645996094
111224,normal,2474,0,1782359680.408987,0.0020923614501953125
111225,normal,1174,0,1782359680.410868,0.0018808841705322266
111226,normal,2026,0,1782359680.4129632,0.0020952224731445312
111227,normal,2101,0,1782359680.4150014,0.002038240432739258
111228,normal,2763,0,1782359680.4172146,0.0022132396697998047
111229,normal,3049,1,1782359680.4188926,0.0016779899597167969
111230,normal,1748,0,1782359680.4211028,0.0022101402282714844
111231,normal,709,0,1782359680.4229481,0.0018453598022460938
111232,normal,457,0,1782359680.425094,0.0021457672119140625
111233,normal,2463,0,1782359680.4270773,0.0019834041595458984
111234,normal,2498,0,1782359680.4289472,0.0018699169158935547
111235,normal,550,0,1782359680.431043,0.0020956993103027344
111236,normal,2548,0,1782359680.4330404,0.0019974708557128906
111237,normal,2569,0,1782359680.4349294,0.0018889904022216797
111238,normal,1487,0,1782359680.4370754,0.002146005630493164
111239,normal,587,0,1782359680.439283,0.002207517623901367
111240,normal,3198,1,1782359680.4417124,0.002429485321044922
111241,normal,1463,0,1782359680.4430163,0.0013039112091064453
111242,normal,178,0,1782359680.445053,0.0020368099212646484
111243,normal,690,0,1782359680.4476068,0.002553701400756836
111244,normal,2384,0,1782359680.449101,0.0014941692352294922
111245,normal,2789,0,1782359680.45157,0.0024690628051757812
111246,normal,871,2,1782359680.4534578,0.0018877983093261719
111247,normal,177,0,1782359680.4550924,0.0016345977783203125
111248,normal,1346,1,1782359680.4571788,0.0020864009857177734
111249,normal,2798,0,1782359680.4590566,0.0018777847290039062
111250,normal,728,0,1782359680.4612124,0.002155780792236328
111251,normal,1690,0,1782359680.4634109,0.002198457717895508
111252,normal,1972,0,1782359680.465066,0.0016551017761230469
111253,normal,3197,1,1782359680.4671996,0.002133607864379883
111254,normal,1079,0,1782359680.4690247,0.001825094223022461
111255,normal,1327,1,1782359680.4709992,0.0019745826721191406
111256,normal,3094,1,1782359680.4728742,0.0018749237060546875
111257,normal,3392,1,1782359680.4749777,0.002103567123413086
111258,normal,2594,0,1782359680.4769526,0.001974821090698242
111259,normal,2531,0,1782359680.4793205,0.0023679733276367188
111260,normal,3354,1,1782359680.4810472,0.0017266273498535156
111261,normal,2635,0,1782359680.4829261,0.001878976821899414
111262,normal,2369,0,1782359680.4850569,0.002130746841430664
111263,normal,142,0,1782359680.486998,0.0019412040710449219
111264,normal,2869,0,1782359680.4888377,0.0018396377563476562
111265,normal,1076,0,1782359680.4911141,0.0022764205932617188
111266,normal,960,2,1782359680.4932256,0.0021114349365234375
111267,normal,474,0,1782359680.49509,0.0018644332885742188
111268,normal,1688,0,1782359680.4971988,0.0021088123321533203
111269,normal,2406,0,1782359680.499369,0.002170085906982422
111270,normal,415,0,1782359680.5009365,0.0015676021575927734
111271,normal,2407,0,1782359680.5030122,0.002075672149658203
111272,normal,1620,0,1782359680.5050135,0.0020012855529785156
111273,normal,6,0,1782359680.5069082,0.0018947124481201172
111274,normal,344,0,1782359680.5090067,0.002098560333251953
111275,normal,1301,0,1782359680.5113163,0.002309560775756836
111276,normal,1596,0,1782359680.5130336,0.0017173290252685547
111277,normal,979,2,1782359680.5150177,0.001984119415283203
111278,normal,3250,1,1782359680.5170362,0.002018451690673828
111279,normal,1191,0,1782359680.5189176,0.0018813610076904297
111280,normal,1073,0,1782359680.521055,0.002137422561645508
111281,normal,1507,0,1782359680.523003,0.0019481182098388672
111282,normal,2835,0,1782359680.5249104,0.0019073486328125
111283,normal,138,0,1782359680.5270371,0.0021266937255859375
111284,normal,856,2,1782359680.529003,0.001965761184692383
111285,normal,3025,0,1782359680.5309374,0.0019345283508300781
111286,normal,2338,0,1782359680.5329208,0.0019834041595458984
111287,normal,3377,1,1782359680.5350375,0.002116680145263672
111288,normal,331,0,1782359680.5369604,0.0019228458404541016
111289,normal,1828,0,1782359680.5394204,0.002460002899169922
111290,normal,3283,1,1782359680.5411203,0.0016999244689941406
111291,normal,1752,0,1782359680.5432084,0.0020880699157714844
111292,normal,2894,0,1782359680.5450377,0.001829385757446289
111293,normal,1312,0,1782359680.5471225,0.0020847320556640625
111294,normal,2041,0,1782359680.5490432,0.0019207000732421875
111295,normal,103,0,1782359680.5511284,0.0020852088928222656
111296,normal,1107,0,1782359680.553007,0.001878499984741211
111297,normal,2734,0,1782359680.5548806,0.0018737316131591797
111298,normal,1158,0,1782359680.557082,0.0022013187408447266
111299,normal,533,0,1782359680.559072,0.001990079879760742
111300,normal,610,0,1782359718.8074412,0.0
111301,normal,3633,0,1782359718.8094254,0.001984119415283203
111302,normal,2757,0,1782359718.8114603,0.002034902572631836
111303,normal,114,0,1782359718.8134725,0.0020122528076171875
111304,normal,1920,0,1782359718.8153915,0.0019190311431884766
111305,normal,2339,0,1782359718.8174639,0.0020723342895507812
111306,normal,1653,0,1782359718.8195925,0.00212860107421875
111307,normal,306,0,1782359718.8214085,0.0018160343170166016
111308,normal,2344,0,1782359718.8235219,0.00211334228515625
111309,normal,2690,0,1782359718.8254368,0.00191497802734375
111310,normal,511,0,1782359718.827418,0.0019812583923339844
111311,normal,743,0,1782359718.8294604,0.0020422935485839844
111312,normal,2643,0,1782359718.8315306,0.002070188522338867
111313,normal,3203,1,1782359718.8334048,0.0018742084503173828
111314,normal,2172,0,1782359718.8355453,0.002140522003173828
111315,normal,2308,0,1782359718.8374388,0.0018935203552246094
111316,normal,239,0,1782359718.8395135,0.002074718475341797
111317,normal,1067,0,1782359718.8415303,0.002016782760620117
111318,normal,3592,0,1782359718.843594,0.002063751220703125
111319,normal,42,0,1782359718.8456485,0.002054452896118164
111320,normal,986,2,1782359718.8474133,0.0017647743225097656
111321,normal,2125,0,1782359718.849453,0.002039670944213867
111322,normal,106,0,1782359718.851471,0.002017974853515625
111323,normal,775,2,1782359718.8536243,0.0021533966064453125
111324,normal,2218,0,1782359718.8554904,0.0018661022186279297
111325,normal,747,0,1782359718.8575106,0.002020120620727539
111326,normal,2661,0,1782359718.8594458,0.0019352436065673828
111327,normal,1231,0,1782359718.8616166,0.0021708011627197266
111328,normal,1223,0,1782359718.8634083,0.0017917156219482422
111329,normal,1623,0,1782359718.8654668,0.0020585060119628906
111330,normal,937,2,1782359718.8674593,0.001992464065551758
111331,normal,494,0,1782359718.8694086,0.001949310302734375
111332,normal,727,0,1782359718.871532,0.0021233558654785156
111333,normal,2755,0,1782359718.873436,0.0019040107727050781
111334,normal,530,0,1782359718.8754053,0.0019693374633789062
111335,normal,1412,0,1782359718.8776495,0.002244234085083008
111336,normal,3134,1,1782359718.8794959,0.0018463134765625
111337,normal,3246,1,1782359718.88146,0.001964092254638672
111338,normal,2889,0,1782359718.88349,0.0020301342010498047
111339,normal,1788,0,1782359718.885637,0.0021469593048095703
111340,normal,3333,1,1782359718.88746,0.0018229484558105469
111341,normal,860,2,1782359718.8894975,0.002037525177001953
111342,normal,1647,0,1782359718.8916383,0.0021407604217529297
111343,normal,234,0,1782359718.8934624,0.0018241405487060547
111344,normal,515,0,1782359718.8954918,0.0020294189453125
111345,normal,1311,0,1782359718.897645,0.002153158187866211
111346,normal,1816,0,1782359718.8994617,0.0018167495727539062
111347,normal,388,0,1782359718.9015367,0.0020749568939208984
111348,normal,2629,0,1782359718.9036374,0.002100706100463867
111349,normal,1007,2,1782359718.9054625,0.001825094223022461
111350,normal,2944,0,1782359718.9075625,0.0020999908447265625
111351,normal,153,0,1782359718.9096189,0.0020563602447509766
111352,normal,1090,0,1782359718.9114637,0.0018448829650878906
111353,normal,1987,0,1782359718.91349,0.0020263195037841797
111354,normal,2229,0,1782359718.9156442,0.002154111862182617
111355,normal,3329,1,1782359718.9174619,0.0018177032470703125
111356,normal,2158,0,1782359718.9195442,0.002082347869873047
111357,normal,2850,0,1782359718.921642,0.0020978450775146484
111358,normal,2597,0,1782359718.9234624,0.0018203258514404297
111359,normal,2268,0,1782359718.92549,0.0020275115966796875
111360,normal,3057,1,1782359718.9276483,0.0021584033966064453
111361,normal,3462,0,1782359718.929471,0.0018227100372314453
111362,normal,1293,0,1782359718.931495,0.002023935317993164
111363,normal,1564,0,1782359718.9336448,0.002149820327758789
111364,normal,423,0,1782359718.9354641,0.0018193721771240234
111365,normal,3063,1,1782359718.9375508,0.002086639404296875
111366,normal,2171,0,1782359718.939623,0.0020723342895507812
111367,normal,2409,0,1782359718.941495,0.0018718242645263672
111368,normal,908,2,1782359718.943556,0.002061128616333008
111369,normal,944,2,1782359718.9456198,0.002063751220703125
111370,normal,3081,1,1782359718.947464,0.001844167709350586
111371,normal,2519,0,1782359718.9495575,0.0020935535430908203
111372,normal,1681,0,1782359718.9516456,0.0020880699157714844
111373,normal,2000,0,1782359718.9534633,0.0018177032470703125
111374,normal,3496,0,1782359718.9555595,0.0020961761474609375
111375,normal,1269,0,1782359718.957645,0.002085447311401367
111376,normal,3360,1,1782359718.9594624,0.001817464828491211
111377,normal,1594,0,1782359718.961562,0.0020995140075683594
111378,normal,697,0,1782359718.963647,0.002084970474243164
111379,normal,2480,0,1782359718.965463,0.0018160343170166016
111380,normal,2692,0,1782359718.9675639,0.0021009445190429688
111381,normal,2271,0,1782359718.9696615,0.002097606658935547
111382,normal,1381,1,1782359718.971461,0.0017995834350585938
111383,normal,1786,0,1782359718.973568,0.002106904983520508
111384,normal,3172,1,1782359718.9756467,0.0020787715911865234
111385,normal,1401,0,1782359718.9774654,0.0018186569213867188
111386,normal,798,2,1782359718.9795697,0.0021042823791503906
111387,normal,2032,0,1782359718.9816191,0.0020494461059570312
111388,normal,3142,1,1782359718.983473,0.00185394287109375
111389,normal,1828,0,1782359718.9855502,0.0020771026611328125
111390,normal,2790,0,1782359718.9876208,0.0020706653594970703
111391,normal,3542,0,1782359718.9894927,0.0018718242645263672
111392,normal,1351,1,1782359718.991575,0.002082347869873047
111393,normal,1194,0,1782359718.9936259,0.0020508766174316406
111394,normal,816,2,1782359718.9954638,0.0018379688262939453
111395,normal,50,0,1782359718.9975502,0.0020864009857177734
111396,normal,316,0,1782359718.9994662,0.0019159317016601562
111397,normal,3704,0,1782359719.0014946,0.0020284652709960938
111398,normal,886,2,1782359719.00358,0.002085447311401367
111399,normal,3651,0,1782359719.005622,0.0020418167114257812
111400,normal,1174,0,1782359719.0074646,0.0018427371978759766
111401,normal,3066,1,1782359719.0095181,0.002053499221801758
111402,normal,1416,0,1782359719.0118325,0.002314329147338867
111403,normal,2679,0,1782359719.0134718,0.0016393661499023438
111404,normal,37,0,1782359719.015632,0.0021600723266601562
111405,normal,889,2,1782359719.0177062,0.0020742416381835938
111406,normal,360,0,1782359719.0196345,0.0019283294677734375
111407,normal,527,0,1782359719.0216372,0.002002716064453125
111408,normal,1359,1,1782359719.0236595,0.002022266387939453
111409,normal,863,2,1782359719.0256438,0.0019843578338623047
111410,normal,1559,0,1782359719.0276296,0.001985788345336914
111411,normal,1206,0,1782359719.0296268,0.001997232437133789
111412,normal,1601,0,1782359719.0316362,0.0020093917846679688
111413,normal,2958,0,1782359719.0337422,0.0021059513092041016
111414,normal,584,0,1782359719.035587,0.0018448829650878906
111415,normal,1741,0,1782359719.0375845,0.0019974708557128906
111416,normal,1561,0,1782359719.0396538,0.002069234848022461
111417,normal,1902,0,1782359719.041484,0.0018303394317626953
111418,normal,1395,0,1782359719.043539,0.002054929733276367
111419,normal,2295,0,1782359719.0456204,0.0020813941955566406
111420,normal,1130,0,1782359719.047485,0.0018646717071533203
111421,normal,3374,1,1782359719.0495465,0.0020613670349121094
111422,normal,1320,1,1782359719.0515368,0.0019903182983398438
111423,normal,1629,0,1782359719.0535421,0.002005338668823242
111424,normal,1759,0,1782359719.055529,0.001986980438232422
111425,normal,2456,0,1782359719.057887,0.002357959747314453
111426,normal,79,0,1782359719.0594575,0.0015704631805419922
111427,normal,1979,0,1782359719.0615783,0.0021207332611083984
111428,normal,3289,1,1782359719.0636382,0.0020599365234375
111429,normal,850,2,1782359719.0656583,0.002020120620727539
111430,normal,870,2,1782359719.067574,0.0019156932830810547
111431,normal,3562,0,1782359719.0696423,0.0020682811737060547
111432,normal,2981,0,1782359719.0716598,0.002017498016357422
111433,normal,1633,0,1782359719.073582,0.0019221305847167969
111434,normal,1781,0,1782359719.0756423,0.002060413360595703
111435,normal,406,0,1782359719.0779688,0.002326488494873047
111436,normal,258,0,1782359719.0795336,0.0015647411346435547
111437,normal,2514,0,1782359719.0815585,0.0020248889923095703
111438,normal,804,2,1782359719.0835598,0.0020012855529785156
111439,normal,2498,0,1782359719.0855966,0.0020368099212646484
111440,normal,2709,0,1782359719.0875711,0.0019745826721191406
111441,normal,3232,1,1782359719.0894835,0.0019123554229736328
111442,normal,1956,0,1782359719.0915406,0.0020570755004882812
111443,normal,2457,0,1782359719.093555,0.0020143985748291016
111444,normal,3427,0,1782359719.0954802,0.0019252300262451172
111445,normal,2518,0,1782359719.0975335,0.0020532608032226562
111446,normal,2653,0,1782359719.0995402,0.0020067691802978516
111447,normal,3403,0,1782359719.101706,0.0021657943725585938
111448,normal,1532,0,1782359719.10346,0.0017540454864501953
111449,normal,1433,0,1782359719.1058173,0.0023572444915771484
111450,normal,2524,0,1782359719.1074455,0.0016281604766845703
111451,normal,2278,0,1782359719.1094155,0.001970052719116211
111452,normal,1909,0,1782359719.1115165,0.0021009445190429688
111453,normal,425,0,1782359719.1135497,0.002033233642578125
111454,normal,2684,0,1782359719.1154675,0.0019178390502929688
111455,normal,3262,1,1782359719.1176484,0.002180814743041992
111456,normal,41,0,1782359719.1194458,0.0017974376678466797
111457,normal,176,0,1782359719.1215003,0.002054452896118164
111458,normal,312,0,1782359719.1237342,0.0022339820861816406
111459,normal,2210,0,1782359719.1254463,0.0017120838165283203
111460,normal,2914,0,1782359719.1274443,0.0019979476928710938
111461,normal,1912,0,1782359719.1295016,0.002057313919067383
111462,normal,124,0,1782359719.1314595,0.0019578933715820312
111463,normal,748,0,1782359719.1334803,0.0020208358764648438
111464,normal,162,0,1782359719.1356423,0.0021619796752929688
111465,normal,1797,0,1782359719.137433,0.001790761947631836
111466,normal,3679,0,1782359719.1396363,0.002203226089477539
111467,normal,1838,0,1782359719.1416934,0.0020570755004882812
111468,normal,688,0,1782359719.1435068,0.0018134117126464844
111469,normal,2296,0,1782359719.145631,0.002124309539794922
111470,normal,1104,0,1782359719.1476305,0.001999378204345703
111471,normal,304,0,1782359719.1496587,0.002028226852416992
111472,normal,3312,1,1782359719.1515858,0.0019271373748779297
111473,normal,755,0,1782359719.1535661,0.001980304718017578
111474,normal,1118,0,1782359719.1557148,0.0021486282348632812
111475,normal,1006,2,1782359719.1575856,0.001870870590209961
111476,normal,1591,0,1782359719.1596146,0.002028942108154297
111477,normal,1773,0,1782359719.1615558,0.0019412040710449219
111478,normal,3101,1,1782359719.163602,0.002046346664428711
111479,normal,3691,0,1782359719.1656246,0.0020225048065185547
111480,normal,1644,0,1782359719.1674824,0.001857757568359375
111481,normal,3517,0,1782359719.1695888,0.0021064281463623047
111482,normal,1771,0,1782359719.1716022,0.0020134449005126953
111483,normal,1790,0,1782359719.1734798,0.0018775463104248047
111484,normal,573,0,1782359719.1755397,0.0020599365234375
111485,normal,877,2,1782359719.1777053,0.002165555953979492
111486,normal,1965,0,1782359719.1794534,0.0017480850219726562
111487,normal,842,2,1782359719.181637,0.002183675765991211
111488,normal,2991,0,1782359719.183636,0.0019989013671875
111489,normal,144,0,1782359719.1856594,0.002023458480834961
111490,normal,402,0,1782359719.187591,0.0019316673278808594
111491,normal,835,2,1782359719.189627,0.002035856246948242
111492,normal,3185,1,1782359719.1914544,0.0018274784088134766
111493,normal,1501,0,1782359719.1935513,0.002096891403198242
111494,normal,2407,0,1782359719.1956012,0.0020499229431152344
111495,normal,1867,0,1782359719.1976588,0.0020575523376464844
111496,normal,1422,0,1782359719.1995878,0.0019290447235107422
111497,normal,2511,0,1782359719.201631,0.0020432472229003906
111498,normal,2793,0,1782359719.2035508,0.0019197463989257812
111499,normal,704,0,1782359719.20564,0.002089262008666992
111500,normal,956,2,1782359719.2076428,0.002002716064453125
111501,normal,1616,0,1782359719.209656,0.0020132064819335938
111502,normal,2454,0,1782359719.2115886,0.0019326210021972656
111503,normal,3435,0,1782359719.2136164,0.002027750015258789
111504,normal,2713,0,1782359719.2156613,0.0020449161529541016
111505,normal,3594,0,1782359719.2175887,0.0019273757934570312
111506,normal,1645,0,1782359719.2196343,0.0020456314086914062
111507,normal,713,0,1782359719.2215457,0.0019114017486572266
111508,normal,469,0,1782359719.2235556,0.002009868621826172
111509,normal,236,0,1782359719.2257793,0.0022237300872802734
111510,normal,48,0,1782359719.2274525,0.0016732215881347656
111511,normal,1328,1,1782359719.229627,0.00217437744140625
111512,normal,3097,1,1782359719.2316575,0.002030611038208008
111513,normal,2592,0,1782359719.2335494,0.0018918514251708984
111514,normal,1146,0,1782359719.2356355,0.002086162567138672
111515,normal,3186,1,1782359719.2377286,0.002093076705932617
111516,normal,3275,1,1782359719.2395115,0.0017828941345214844
111517,normal,543,0,1782359719.2416415,0.0021300315856933594
111518,normal,3241,1,1782359719.243659,0.002017498016357422
111519,normal,2795,0,1782359719.2455509,0.0018918514251708984
111520,normal,789,2,1782359719.2476435,0.002092599868774414
111521,normal,554,0,1782359719.2496486,0.0020051002502441406
111522,normal,389,0,1782359719.2515078,0.0018591880798339844
111523,normal,1280,0,1782359719.2536457,0.002137899398803711
111524,normal,2658,0,1782359719.2557318,0.002086162567138672
111525,normal,1165,0,1782359719.2578032,0.002071380615234375
111526,normal,1699,0,1782359719.2594779,0.001674652099609375
111527,normal,1930,0,1782359719.2618513,0.0023734569549560547
111528,normal,3515,0,1782359719.2634394,0.0015881061553955078
111529,normal,1219,0,1782359719.265503,0.0020635128021240234
111530,normal,552,0,1782359719.2675908,0.002087831497192383
111531,normal,18,0,1782359719.2696028,0.002012014389038086
111532,normal,308,0,1782359719.2714174,0.0018146038055419922
111533,normal,27,0,1782359719.2736504,0.0022330284118652344
111534,normal,115,0,1782359719.2754416,0.001791238784790039
111535,normal,1102,0,1782359719.2774127,0.001971006393432617
111536,normal,980,2,1782359719.279626,0.0022132396697998047
111537,normal,1703,0,1782359719.2815008,0.0018749237060546875
111538,normal,346,0,1782359719.2834918,0.0019910335540771484
111539,normal,2042,0,1782359719.2854996,0.002007722854614258
111540,normal,2977,0,1782359719.2876394,0.0021398067474365234
111541,normal,1128,0,1782359719.2894423,0.0018029212951660156
111542,normal,1577,0,1782359719.291659,0.002216815948486328
111543,normal,793,2,1782359719.2934458,0.0017867088317871094
111544,normal,3204,1,1782359719.2954385,0.0019927024841308594
111545,normal,1715,0,1782359719.2976615,0.0022230148315429688
111546,normal,487,0,1782359719.299457,0.0017955303192138672
111547,normal,2259,0,1782359719.3014257,0.0019686222076416016
111548,normal,1895,0,1782359719.3034499,0.0020241737365722656
111549,normal,1127,0,1782359719.305479,0.0020291805267333984
111550,normal,2782,0,1782359719.3074236,0.0019445419311523438
111551,normal,1610,0,1782359719.3094294,0.0020058155059814453
111552,normal,2041,0,1782359719.3114777,0.0020482540130615234
111553,normal,3497,0,1782359719.3134313,0.001953601837158203
111554,normal,1199,0,1782359719.3154514,0.002020120620727539
111555,normal,1324,1,1782359719.3174834,0.002032041549682617
111556,normal,1510,0,1782359719.3194273,0.001943826675415039
111557,normal,2952,0,1782359719.3214521,0.0020248889923095703
111558,normal,1686,0,1782359719.3234773,0.002025127410888672
111559,normal,3012,0,1782359719.3254287,0.001951456069946289
111560,normal,3213,1,1782359719.3274238,0.001995086669921875
111561,normal,1519,0,1782359719.3294723,0.002048492431640625
111562,normal,1794,0,1782359719.3314228,0.0019505023956298828
111563,normal,3174,1,1782359719.3334227,0.0019998550415039062
111564,normal,2277,0,1782359719.3354743,0.0020515918731689453
111565,normal,2992,0,1782359719.3374228,0.0019485950469970703
111566,normal,921,2,1782359719.3394237,0.0020008087158203125
111567,normal,572,0,1782359719.3414774,0.0020537376403808594
111568,normal,692,0,1782359719.3434224,0.0019450187683105469
111569,normal,2446,0,1782359719.3454497,0.002027273178100586
111570,normal,2064,0,1782359719.3474755,0.0020258426666259766
111571,normal,2508,0,1782359719.3496263,0.0021507740020751953
111572,normal,1958,0,1782359719.351454,0.0018277168273925781
111573,normal,1396,0,1782359719.3534322,0.001978158950805664
111574,normal,2484,0,1782359719.3554087,0.001976490020751953
111575,normal,3653,0,1782359719.3574443,0.0020356178283691406
111576,normal,357,0,1782359719.3594666,0.002022266387939453
111577,normal,2621,0,1782359719.3613951,0.001928567886352539
111578,normal,2334,0,1782359719.3634934,0.0020983219146728516
111579,normal,1105,0,1782359719.3653948,0.001901388168334961
111580,normal,457,0,1782359719.3674543,0.002059459686279297
111581,normal,2623,0,1782359719.3696363,0.0021820068359375
111582,normal,1853,0,1782359719.3717108,0.0020744800567626953
111583,normal,3323,1,1782359719.3734694,0.001758575439453125
111584,normal,2195,0,1782359719.3757136,0.002244234085083008
111585,normal,1780,0,1782359719.3774579,0.0017442703247070312
111586,normal,123,0,1782359719.3795605,0.0021026134490966797
111587,normal,1227,0,1782359719.3815367,0.0019762516021728516
111588,normal,3560,0,1782359719.3835483,0.002011537551879883
111589,normal,1414,0,1782359719.3856373,0.0020890235900878906
111590,normal,3499,0,1782359719.3876934,0.002056121826171875
111591,normal,1935,0,1782359719.3896565,0.0019631385803222656
111592,normal,1101,0,1782359719.3915944,0.0019378662109375
111593,normal,658,0,1782359719.393634,0.002039670944213867
111594,normal,1421,0,1782359719.3955088,0.001874685287475586
111595,normal,1593,0,1782359719.3976433,0.002134561538696289
111596,normal,1340,1,1782359719.3995004,0.0018570423126220703
111597,normal,3513,0,1782359719.4017363,0.002235889434814453
111598,normal,2804,0,1782359719.403466,0.001729726791381836
111599,normal,3411,0,1782359719.405705,0.0022389888763427734
111600,normal,2616,0,1782359719.407461,0.0017559528350830078
111601,normal,297,0,1782359719.409584,0.002123117446899414
111602,normal,3518,0,1782359719.4115026,0.0019185543060302734
111603,normal,328,0,1782359719.4137359,0.002233266830444336
111604,normal,2764,0,1782359719.4154665,0.0017306804656982422
111605,normal,987,2,1782359719.4177132,0.0022466182708740234
111606,normal,2696,0,1782359719.4194515,0.0017383098602294922
111607,normal,1427,0,1782359719.4215643,0.002112865447998047
111608,normal,2451,0,1782359719.423536,0.001971721649169922
111609,normal,3072,1,1782359719.425546,0.002009868621826172
111610,normal,375,0,1782359719.4275806,0.0020346641540527344
111611,normal,1983,0,1782359719.4294667,0.001886129379272461
111612,normal,1692,0,1782359719.431446,0.001979351043701172
111613,normal,2528,0,1782359719.4334784,0.0020322799682617188
111614,normal,3253,1,1782359719.4356291,0.0021507740020751953
111615,normal,2862,0,1782359719.4374564,0.001827239990234375
111616,normal,771,0,1782359719.439719,0.002262592315673828
111617,normal,2680,0,1782359719.4416296,0.0019106864929199219
111618,normal,2666,0,1782359719.443655,0.0020253658294677734
111619,normal,1030,0,1782359719.4455125,0.0018575191497802734
111620,normal,2244,0,1782359719.4478104,0.0022978782653808594
111621,normal,1055,0,1782359719.4497526,0.0019421577453613281
111622,normal,35,0,1782359719.4515145,0.0017619132995605469
111623,normal,2375,0,1782359719.4538107,0.0022962093353271484
111624,normal,3309,1,1782359719.455535,0.0017242431640625
111625,normal,2462,0,1782359719.4578254,0.002290487289428711
111626,normal,2121,0,1782359719.459503,0.0016775131225585938
111627,normal,281,0,1782359719.461814,0.0023109912872314453
111628,normal,385,0,1782359719.463514,0.0017001628875732422
111629,normal,699,0,1782359719.465625,0.0021109580993652344
111630,normal,3308,1,1782359719.4676554,0.0020303726196289062
111631,normal,2448,0,1782359719.4696443,0.0019888877868652344
111632,normal,2703,0,1782359719.471505,0.0018606185913085938
111633,normal,349,0,1782359719.4738271,0.0023221969604492188
111634,normal,450,0,1782359719.4755127,0.0016856193542480469
111635,normal,384,0,1782359719.4776325,0.002119779586791992
111636,normal,8,0,1782359719.4796536,0.0020210742950439453
111637,normal,2925,0,1782359719.4816427,0.001989126205444336
111638,normal,1967,0,1782359719.483496,0.0018532276153564453
111639,normal,2198,0,1782359719.4858139,0.0023179054260253906
111640,normal,2412,0,1782359719.4874768,0.0016629695892333984
111641,normal,3677,0,1782359719.4896283,0.0021514892578125
111642,normal,382,0,1782359719.49165,0.00202178955078125
111643,normal,1568,0,1782359719.4935224,0.0018723011016845703
111644,normal,2693,0,1782359719.4956272,0.0021047592163085938
111645,normal,473,0,1782359719.497652,0.0020248889923095703
111646,normal,40,0,1782359719.499643,0.0019910335540771484
111647,normal,1166,0,1782359719.5014763,0.001833200454711914
111648,normal,1638,0,1782359719.503813,0.002336740493774414
111649,normal,2065,0,1782359719.5054474,0.001634359359741211
111650,normal,1327,1,1782359719.507597,0.0021495819091796875
111651,normal,3113,1,1782359719.5096085,0.002011537551879883
111652,normal,534,0,1782359719.5114925,0.0018839836120605469
111653,normal,3703,0,1782359719.51361,0.0021173954010009766
111654,normal,2951,0,1782359719.515618,0.002008199691772461
111655,normal,2386,0,1782359719.5174968,0.0018787384033203125
111656,normal,2888,0,1782359719.5194619,0.001965045928955078
111657,normal,2548,0,1782359719.5216084,0.002146482467651367
111658,normal,2303,0,1782359719.5234933,0.0018849372863769531
111659,normal,292,0,1782359719.5254881,0.0019948482513427734
111660,normal,1811,0,1782359719.5278025,0.002314329147338867
111661,normal,1693,0,1782359719.5294466,0.001644134521484375
111662,normal,2399,0,1782359719.5316246,0.0021779537200927734
111663,normal,1836,0,1782359719.533803,0.0021784305572509766
111664,normal,2747,0,1782359719.535635,0.0018320083618164062
111665,normal,2694,0,1782359719.5376062,0.0019712448120117188
111666,normal,734,0,1782359719.5396545,0.0020482540130615234
111667,normal,3439,0,1782359719.541509,0.0018544197082519531
111668,normal,2909,0,1782359719.5436275,0.0021185874938964844
111669,normal,83,0,1782359719.5456512,0.0020236968994140625
111670,normal,2924,0,1782359719.5476375,0.001986265182495117
111671,normal,1321,1,1782359719.5494773,0.0018398761749267578
111672,normal,3085,1,1782359719.5518174,0.002340078353881836
111673,normal,222,0,1782359719.5534472,0.0016298294067382812
111674,normal,63,0,1782359719.555595,0.002147674560546875
111675,normal,64,0,1782359719.5576081,0.0020132064819335938
111676,normal,2148,0,1782359719.5594962,0.0018880367279052734
111677,normal,586,0,1782359719.5616028,0.0021066665649414062
111678,normal,395,0,1782359719.563607,0.0020041465759277344
111679,normal,448,0,1782359719.565494,0.0018870830535888672
111680,normal,890,2,1782359719.567595,0.0021009445190429688
111681,normal,2750,0,1782359719.5696075,0.002012491226196289
111682,normal,3263,1,1782359719.5714974,0.001889944076538086
111683,normal,895,2,1782359719.5737703,0.0022728443145751953
111684,normal,2864,0,1782359719.5754504,0.001680135726928711
111685,normal,1490,0,1782359719.5774922,0.0020418167114257812
111686,normal,108,0,1782359719.5795937,0.002101421356201172
111687,normal,11,0,1782359719.581605,0.0020112991333007812
111688,normal,243,0,1782359719.5834932,0.001888275146484375
111689,normal,267,0,1782359719.585593,0.002099752426147461
111690,normal,903,2,1782359719.58745,0.0018570423126220703
111691,normal,2622,0,1782359719.5894895,0.0020394325256347656
111692,normal,3034,0,1782359719.5916066,0.002117156982421875
111693,normal,1862,0,1782359719.593602,0.0019953250885009766
111694,normal,1997,0,1782359719.5954952,0.0018932819366455078
111695,normal,2311,0,1782359719.597595,0.002099752426147461
111696,normal,1458,0,1782359719.5996048,0.002009868621826172
111697,normal,3000,0,1782359719.6014905,0.0018856525421142578
111698,normal,2814,0,1782359719.603595,0.002104520797729492
111699,normal,2739,0,1782359719.605621,0.002026081085205078
111700,normal,928,2,1782359719.6074982,0.0018770694732666016
111701,normal,675,0,1782359719.609488,0.0019898414611816406
111702,normal,1903,0,1782359719.6117089,0.0022208690643310547
111703,normal,2926,0,1782359719.6134925,0.001783609390258789
111704,normal,1454,0,1782359719.6156256,0.0021331310272216797
111705,normal,2626,0,1782359719.6176276,0.0020020008087158203
111706,normal,1039,0,1782359719.6196299,0.002002239227294922
111707,normal,3621,0,1782359719.6214502,0.0018203258514404297
111708,normal,923,2,1782359719.6236517,0.002201557159423828
111709,normal,2292,0,1782359719.6254911,0.0018393993377685547
111710,normal,3300,1,1782359719.6275983,0.0021071434020996094
111711,normal,2281,0,1782359719.6296566,0.002058267593383789
111712,normal,1409,0,1782359719.6314542,0.0017976760864257812
111713,normal,1924,0,1782359719.633494,0.002039670944213867
111714,normal,3459,0,1782359719.635647,0.002153158187866211
111715,normal,1258,0,1782359719.6374912,0.001844167709350586
111716,normal,968,2,1782359719.639625,0.0021338462829589844
111717,normal,2500,0,1782359719.6416297,0.0020046234130859375
111718,normal,2581,0,1782359719.6434948,0.0018651485443115234
111719,normal,1650,0,1782359719.6455946,0.002099752426147461
111720,normal,2176,0,1782359719.647649,0.002054452896118164
111721,normal,2749,0,1782359719.6496453,0.001996278762817383
111722,normal,1989,0,1782359719.651499,0.0018537044525146484
111723,normal,785,2,1782359719.653801,0.002301931381225586
111724,normal,3700,0,1782359719.655643,0.0018420219421386719
111725,normal,1750,0,1782359719.6575081,0.0018651485443115234
111726,normal,1317,0,1782359719.659803,0.002294778823852539
111727,normal,3315,1,1782359719.6615212,0.001718282699584961
111728,normal,3269,1,1782359719.6638193,0.002298116683959961
111729,normal,2449,0,1782359719.6655014,0.0016820430755615234
111730,normal,1234,0,1782359719.667824,0.002322673797607422
111731,normal,109,0,1782359719.6697571,0.0019330978393554688
111732,normal,3302,1,1782359719.671506,0.001748800277709961
111733,normal,1785,0,1782359719.6736321,0.0021262168884277344
111734,normal,2898,0,1782359719.6756098,0.001977682113647461
111735,normal,1689,0,1782359719.6783583,0.0027484893798828125
111736,normal,3614,0,1782359719.6795225,0.0011641979217529297
111737,normal,3196,1,1782359719.6815689,0.002046346664428711
111738,normal,624,0,1782359719.6836078,0.0020389556884765625
111739,normal,1658,0,1782359719.685656,0.0020482540130615234
111740,normal,1308,0,1782359719.6874616,0.0018055438995361328
111741,normal,1546,0,1782359719.6897132,0.0022516250610351562
111742,normal,1000,2,1782359719.6914744,0.0017611980438232422
111743,normal,1268,0,1782359719.6934955,0.0020210742950439453
111744,normal,3238,1,1782359719.6956058,0.0021102428436279297
111745,normal,2578,0,1782359719.6974576,0.001851797103881836
111746,normal,2111,0,1782359719.699459,0.002001523971557617
111747,normal,1431,0,1782359719.701609,0.002149820327758789
111748,normal,2984,0,1782359719.7034569,0.001847982406616211
111749,normal,2439,0,1782359719.7056112,0.0021543502807617188
111750,normal,344,0,1782359719.7074618,0.0018506050109863281
111751,normal,3298,1,1782359719.709456,0.0019941329956054688
111752,normal,983,2,1782359719.7114735,0.002017498016357422
111753,normal,2996,0,1782359719.7136405,0.0021669864654541016
111754,normal,2647,0,1782359719.715482,0.0018415451049804688
111755,normal,2521,0,1782359719.7175472,0.0020651817321777344
111756,normal,2721,0,1782359719.7195992,0.0020520687103271484
111757,normal,1432,0,1782359719.7214558,0.0018565654754638672
111758,normal,2954,0,1782359719.7234573,0.002001523971557617
111759,normal,3389,1,1782359719.7256165,0.00215911865234375
111760,normal,2291,0,1782359719.7274535,0.001837015151977539
111761,normal,3695,0,1782359719.7294526,0.0019991397857666016
111762,normal,970,2,1782359719.7316413,0.0021886825561523438
111763,normal,1450,0,1782359719.733453,0.0018117427825927734
111764,normal,3385,1,1782359719.7354872,0.0020341873168945312
111765,normal,1716,0,1782359719.7376564,0.0021691322326660156
111766,normal,268,0,1782359719.739481,0.0018246173858642578
111767,normal,3159,1,1782359719.7414849,0.002003908157348633
111768,normal,117,0,1782359719.7436428,0.002157926559448242
111769,normal,3527,0,1782359719.7456594,0.0020165443420410156
111770,normal,2475,0,1782359719.7476456,0.001986265182495117
111771,normal,2028,0,1782359719.7496533,0.002007722854614258
111772,normal,724,0,1782359719.7516556,0.002002239227294922
111773,normal,1456,0,1782359719.7536318,0.0019762516021728516
111774,normal,45,0,1782359719.7556574,0.002025604248046875
111775,normal,3264,1,1782359719.7576365,0.0019791126251220703
111776,normal,941,2,1782359719.7596607,0.0020241737365722656
111777,normal,314,0,1782359719.761508,0.0018472671508789062
111778,normal,352,0,1782359719.7636986,0.0021905899047851562
111779,normal,1768,0,1782359719.7656863,0.0019876956939697266
111780,normal,170,0,1782359719.7675133,0.0018270015716552734
111781,normal,1060,0,1782359719.7695012,0.001987934112548828
111782,normal,181,0,1782359719.7714646,0.001963376998901367
111783,normal,440,0,1782359719.7735336,0.0020689964294433594
111784,normal,1897,0,1782359719.7754211,0.0018875598907470703
111785,normal,533,0,1782359719.7774718,0.002050638198852539
111786,normal,2591,0,1782359719.7793887,0.0019168853759765625
111787,normal,3257,1,1782359719.7814178,0.0020291805267333984
111788,normal,2179,0,1782359719.783401,0.001983165740966797
111789,normal,1554,0,1782359719.7854235,0.0020225048065185547
111790,normal,2447,0,1782359719.7874057,0.0019822120666503906
111791,normal,183,0,1782359719.7894483,0.002042531967163086
111792,normal,2063,0,1782359719.79163,0.0021817684173583984
111793,normal,322,0,1782359719.7939045,0.0022745132446289062
111794,normal,3120,1,1782359719.7956486,0.0017440319061279297
111795,normal,1310,0,1782359719.7976565,0.0020079612731933594
111796,normal,2166,0,1782359719.7996466,0.001990079879760742
111797,normal,3030,0,1782359719.8018212,0.0021746158599853516
111798,normal,2654,0,1782359719.803506,0.0016846656799316406
111799,normal,1091,0,1782359719.805843,0.002337217330932617
111800,normal,416,0,1782359719.8076572,0.001814126968383789
111801,normal,827,2,1782359719.8096993,0.002042055130004883
111802,normal,3563,0,1782359719.8116512,0.0019519329071044922
111803,normal,1725,0,1782359719.813835,0.002183675765991211
111804,normal,2788,0,1782359719.815511,0.0016760826110839844
111805,normal,1420,0,1782359719.8178408,0.0023298263549804688
111806,normal,1271,0,1782359719.8196332,0.0017924308776855469
111807,normal,1254,0,1782359719.8216577,0.002024412155151367
111808,normal,1418,0,1782359719.8236518,0.0019941329956054688
111809,normal,1729,0,1782359719.8257465,0.002094745635986328
111810,normal,2673,0,1782359719.8276575,0.0019109249114990234
111811,normal,1476,0,1782359719.829636,0.001978635787963867
111812,normal,2212,0,1782359719.831855,0.002218961715698242
111813,normal,1988,0,1782359719.833504,0.0016489028930664062
111814,normal,2567,0,1782359719.83582,0.002315998077392578
111815,normal,948,2,1782359719.83754,0.0017199516296386719
111816,normal,3043,0,1782359719.8398244,0.002284526824951172
111817,normal,343,0,1782359719.8415296,0.001705169677734375
111818,normal,25,0,1782359719.8436983,0.0021686553955078125
111819,normal,2932,0,1782359719.845658,0.0019598007202148438
111820,normal,3638,0,1782359719.8476822,0.0020241737365722656
111821,normal,3102,1,1782359719.8496933,0.0020110607147216797
111822,normal,2580,0,1782359719.8515878,0.0018944740295410156
111823,normal,2583,0,1782359719.8536117,0.002023935317993164
111824,normal,580,0,1782359719.8556058,0.0019941329956054688
111825,normal,3018,0,1782359719.8575609,0.0019550323486328125
111826,normal,1139,0,1782359719.859612,0.002051115036010742
111827,normal,1651,0,1782359719.8614998,0.0018877983093261719
111828,normal,3377,1,1782359719.8637571,0.0022573471069335938
111829,normal,1183,0,1782359719.8654912,0.001734018325805664
111830,normal,1406,0,1782359719.8676543,0.0021631717681884766
111831,normal,2663,0,1782359719.869509,0.0018546581268310547
111832,normal,1093,0,1782359719.8716245,0.002115488052368164
111833,normal,3156,1,1782359719.8735774,0.0019528865814208984
111834,normal,1394,0,1782359719.8754838,0.0019063949584960938
111835,normal,2222,0,1782359719.877604,0.0021202564239501953
111836,normal,2235,0,1782359719.8795567,0.0019526481628417969
111837,normal,845,2,1782359719.881541,0.0019843578338623047
111838,normal,2097,0,1782359719.8835974,0.0020563602447509766
111839,normal,551,0,1782359719.8855524,0.0019550323486328125
111840,normal,1023,2,1782359719.8877091,0.0021567344665527344
111841,normal,3503,0,1782359719.8896816,0.0019724369049072266
111842,normal,3070,1,1782359719.8915892,0.0019075870513916016
111843,normal,1534,0,1782359719.893599,0.002009868621826172
111844,normal,774,2,1782359719.8956826,0.0020835399627685547
111845,normal,398,0,1782359719.8975852,0.0019025802612304688
111846,normal,881,2,1782359719.8996565,0.002071380615234375
111847,normal,2534,0,1782359719.9016802,0.0020236968994140625
111848,normal,2863,0,1782359719.903595,0.0019147396087646484
111849,normal,2642,0,1782359719.9056578,0.0020627975463867188
111850,normal,2987,0,1782359719.9076831,0.0020253658294677734
111851,normal,1682,0,1782359719.9095852,0.0019021034240722656
111852,normal,80,0,1782359719.9116576,0.0020723342895507812
111853,normal,2044,0,1782359719.913701,0.002043485641479492
111854,normal,486,0,1782359719.9155834,0.001882314682006836
111855,normal,426,0,1782359719.9175563,0.0019729137420654297
111856,normal,504,0,1782359719.9196851,0.0021288394927978516
111857,normal,1557,0,1782359719.9215853,0.0019001960754394531
111858,normal,1142,0,1782359719.9236586,0.0020732879638671875
111859,normal,2536,0,1782359719.9256861,0.0020275115966796875
111860,normal,2655,0,1782359719.9275873,0.0019011497497558594
111861,normal,502,0,1782359719.9296558,0.0020685195922851562
111862,normal,1569,0,1782359719.9316258,0.001970052719116211
111863,normal,340,0,1782359719.9336002,0.001974344253540039
111864,normal,1507,0,1782359719.9355524,0.0019521713256835938
111865,normal,2646,0,1782359719.937689,0.002136707305908203
111866,normal,1013,2,1782359719.9395847,0.0018956661224365234
111867,normal,351,0,1782359719.9417076,0.0021228790283203125
111868,normal,783,2,1782359719.9436884,0.0019807815551757812
111869,normal,3184,1,1782359719.9455855,0.0018970966339111328
111870,normal,0,0,1782359719.9476585,0.002073049545288086
111871,normal,1509,0,1782359719.9496868,0.002028226852416992
111872,normal,2224,0,1782359719.9515867,0.0018999576568603516
111873,normal,3640,0,1782359719.9536567,0.0020699501037597656
111874,normal,3106,1,1782359719.955688,0.0020313262939453125
111875,normal,507,0,1782359719.9575815,0.0018935203552246094
111876,normal,1037,0,1782359719.9596548,0.0020732879638671875
111877,normal,1739,0,1782359719.9616868,0.002032041549682617
111878,normal,1274,0,1782359719.96355,0.001863241195678711
111879,normal,2964,0,1782359719.9657037,0.002153635025024414
111880,normal,3641,0,1782359719.9676902,0.0019865036010742188
111881,normal,601,0,1782359719.9695966,0.0019063949584960938
111882,normal,759,0,1782359719.971657,0.002060413360595703
111883,normal,1830,0,1782359719.9736922,0.0020351409912109375
111884,normal,1019,2,1782359719.9755843,0.00189208984375
111885,normal,814,2,1782359719.9776573,0.002073049545288086
111886,normal,185,0,1782359719.9796216,0.0019643306732177734
111887,normal,1973,0,1782359719.9814613,0.0018396377563476562
111888,normal,3400,1,1782359719.9837368,0.0022754669189453125
111889,normal,1438,0,1782359719.9854853,0.0017485618591308594
111890,normal,338,0,1782359719.987709,0.0022237300872802734
111891,normal,3193,1,1782359719.9894512,0.0017421245574951172
111892,normal,1299,0,1782359719.991691,0.0022399425506591797
111893,normal,1521,0,1782359719.9935844,0.0018932819366455078
111894,normal,1578,0,1782359719.9957066,0.002122163772583008
111895,normal,2801,0,1782359719.9975917,0.0018851757049560547
111896,normal,3074,1,1782359719.999631,0.002039194107055664
111897,normal,1288,0,1782359720.0016568,0.0020258426666259766
111898,normal,794,2,1782359720.0036583,0.002001523971557617
111899,normal,119,0,1782359720.0056057,0.0019474029541015625
111900,normal,2506,0,1782359720.0074573,0.0018515586853027344
111901,normal,294,0,1782359720.0095606,0.0021033287048339844
111902,normal,963,2,1782359720.0116353,0.002074718475341797
111903,normal,995,2,1782359720.013707,0.0020716190338134766
111904,normal,2024,0,1782359720.0156326,0.0019257068634033203
111905,normal,3243,1,1782359720.0176377,0.0020051002502441406
111906,normal,3630,0,1782359720.0197082,0.0020704269409179688
111907,normal,3094,1,1782359720.0216398,0.0019316673278808594
111908,normal,2499,0,1782359720.023635,0.001995086669921875
111909,normal,3144,1,1782359720.025658,0.002022981643676758
111910,normal,1054,0,1782359720.0276396,0.0019817352294921875
111911,normal,2811,0,1782359720.029634,0.0019943714141845703
111912,normal,716,0,1782359720.0316582,0.0020241737365722656
111913,normal,2562,0,1782359720.0334637,0.0018055438995361328
111914,normal,809,2,1782359720.0358102,0.002346515655517578
111915,normal,786,2,1782359720.0375037,0.0016934871673583984
111916,normal,2921,0,1782359720.039824,0.0023202896118164062
111917,normal,218,0,1782359720.0416353,0.0018112659454345703
111918,normal,1189,0,1782359720.0437186,0.002083301544189453
111919,normal,3683,0,1782359720.0456572,0.0019385814666748047
111920,normal,3538,0,1782359720.0478082,0.002151012420654297
111921,normal,1482,0,1782359720.0495017,0.0016934871673583984
111922,normal,2760,0,1782359720.0518348,0.0023331642150878906
111923,normal,2355,0,1782359720.0536358,0.0018010139465332031
111924,normal,799,2,1782359720.0556557,0.0020198822021484375
111925,normal,1229,0,1782359720.0576522,0.0019965171813964844
111926,normal,3546,0,1782359720.0596428,0.0019905567169189453
111927,normal,1562,0,1782359720.061658,0.0020151138305664062
111928,normal,2405,0,1782359720.0637128,0.002054929733276367
111929,normal,3197,1,1782359720.0656385,0.0019257068634033203
111930,normal,178,0,1782359720.0676572,0.0020186901092529297
111931,normal,1655,0,1782359720.0696568,0.0019996166229248047
111932,normal,3214,1,1782359720.0716345,0.001977682113647461
111933,normal,1276,0,1782359720.073657,0.0020225048065185547
111934,normal,900,2,1782359720.0756774,0.0020203590393066406
111935,normal,669,0,1782359720.0776312,0.0019538402557373047
111936,normal,1635,0,1782359720.079657,0.0020258426666259766
111937,normal,639,0,1782359720.08168,0.002022981643676758
111938,normal,1301,0,1782359720.0836322,0.0019521713256835938
111939,normal,1908,0,1782359720.0856574,0.002025127410888672
111940,normal,2136,0,1782359720.0876844,0.0020270347595214844
111941,normal,3112,1,1782359720.0896337,0.001949310302734375
111942,normal,432,0,1782359720.0916572,0.002023458480834961
111943,normal,155,0,1782359720.0936868,0.0020296573638916016
111944,normal,3008,0,1782359720.0956333,0.0019464492797851562
111945,normal,71,0,1782359720.0977132,0.0020799636840820312
111946,normal,3535,0,1782359720.0996861,0.0019729137420654297
111947,normal,220,0,1782359720.101631,0.0019447803497314453
111948,normal,3430,0,1782359720.103659,0.0020279884338378906
111949,normal,1461,0,1782359720.105689,0.0020301342010498047
111950,normal,2828,0,1782359720.1076322,0.0019431114196777344
111951,normal,392,0,1782359720.1096578,0.002025604248046875
111952,normal,1042,0,1782359720.1116898,0.002032041549682617
111953,normal,2269,0,1782359720.1136339,0.0019440650939941406
111954,normal,2727,0,1782359720.115655,0.0020210742950439453
111955,normal,2761,0,1782359720.1176896,0.0020346641540527344
111956,normal,3702,0,1782359720.119631,0.0019414424896240234
111957,normal,3506,0,1782359720.121657,0.0020258426666259766
111958,normal,1176,0,1782359720.1236882,0.0020313262939453125
111959,normal,1272,0,1782359720.1256351,0.0019469261169433594
111960,normal,1784,0,1782359720.1276567,0.0020215511322021484
111961,normal,1603,0,1782359720.129689,0.0020322799682617188
111962,normal,569,0,1782359720.1316328,0.001943826675415039
111963,normal,1994,0,1782359720.1335993,0.0019664764404296875
111964,normal,3383,1,1782359720.1356323,0.0020329952239990234
111965,normal,2549,0,1782359720.1376464,0.00201416015625
111966,normal,3696,0,1782359720.1396577,0.0020112991333007812
111967,normal,662,0,1782359720.1417162,0.0020585060119628906
111968,normal,621,0,1782359720.1436327,0.0019164085388183594
111969,normal,1178,0,1782359720.1456578,0.002025127410888672
111970,normal,157,0,1782359720.1476912,0.0020334720611572266
111971,normal,815,2,1782359720.1496346,0.001943349838256836
111972,normal,558,0,1782359720.151656,0.002021312713623047
111973,normal,632,0,1782359720.1536927,0.0020368099212646484
111974,normal,1883,0,1782359720.1556334,0.0019407272338867188
111975,normal,693,0,1782359720.1576586,0.002025127410888672
111976,normal,587,0,1782359720.1596897,0.002031087875366211
111977,normal,2275,0,1782359720.1616342,0.0019445419311523438
111978,normal,708,0,1782359720.1636584,0.0020241737365722656
111979,normal,3606,0,1782359720.165688,0.0020296573638916016
111980,normal,594,0,1782359720.1677213,0.002033233642578125
111981,normal,154,0,1782359720.1696582,0.0019369125366210938
111982,normal,2380,0,1782359720.1716914,0.002033233642578125
111983,normal,826,2,1782359720.173646,0.0019545555114746094
111984,normal,788,2,1782359720.17571,0.0020639896392822266
111985,normal,898,2,1782359720.1776936,0.001983642578125
111986,normal,1356,1,1782359720.1796355,0.0019419193267822266
111987,normal,2408,0,1782359720.181714,0.002078533172607422
111988,normal,44,0,1782359720.1836903,0.0019762516021728516
111989,normal,1506,0,1782359720.1856318,0.0019414424896240234
111990,normal,2023,0,1782359720.1876574,0.002025604248046875
111991,normal,2687,0,1782359720.1896923,0.002034902572631836
111992,normal,256,0,1782359720.1916347,0.0019423961639404297
111993,normal,2948,0,1782359720.1936586,0.002023935317993164
111994,normal,1960,0,1782359720.195693,0.002034425735473633
111995,normal,2186,0,1782359720.197631,0.0019378662109375
111996,normal,2094,0,1782359720.1996577,0.002026796340942383
111997,normal,2059,0,1782359720.2016933,0.0020356178283691406
111998,normal,1962,0,1782359720.2036347,0.0019414424896240234
111999,normal,1876,0,1782359720.2056582,0.002023458480834961
112000,normal,2619,0,1782359720.2076926,0.002034425735473633
112001,normal,1680,0,1782359720.2096312,0.0019385814666748047
112002,normal,3045,1,1782359720.2116582,0.0020270347595214844
112003,normal,2217,0,1782359720.2136934,0.0020351409912109375
112004,normal,2150,0,1782359720.2158058,0.0021123886108398438
112005,normal,2675,0,1782359720.217703,0.0018973350524902344
112006,normal,2188,0,1782359720.2196949,0.001991748809814453
112007,normal,2286,0,1782359720.2216368,0.0019419193267822266
112008,normal,1459,0,1782359720.2236571,0.0020203590393066406
112009,normal,2007,0,1782359720.2256937,0.002036571502685547
112010,normal,235,0,1782359720.227634,0.0019402503967285156
112011,normal,2847,0,1782359720.2296572,0.0020232200622558594
112012,normal,529,0,1782359720.2316895,0.0020322799682617188
112013,normal,2843,0,1782359720.2336297,0.0019402503967285156
112014,normal,853,2,1782359720.2355037,0.0018739700317382812
112015,normal,2290,0,1782359720.2376947,0.0021910667419433594
112016,normal,3689,0,1782359720.2396317,0.0019369125366210938
112017,normal,2410,0,1782359720.241705,0.0020732879638671875
112018,normal,249,0,1782359720.2436337,0.0019288063049316406
112019,normal,2923,0,1782359720.2456353,0.002001523971557617
112020,normal,2526,0,1782359720.2476568,0.0020215511322021484
112021,normal,1630,0,1782359720.2496333,0.001976490020751953
112022,normal,3343,1,1782359720.2516315,0.0019981861114501953
112023,normal,1663,0,1782359720.2537196,0.0020880699157714844
112024,normal,2294,0,1782359720.255637,0.0019173622131347656
112025,normal,2013,0,1782359720.2576406,0.0020036697387695312
112026,normal,498,0,1782359720.2598379,0.002197265625
112027,normal,1004,2,1782359720.2616386,0.0018007755279541016
112028,normal,3210,1,1782359720.26368,0.002041339874267578
112029,normal,689,0,1782359720.2655032,0.0018231868743896484
112030,normal,3005,0,1782359720.2676423,0.0021390914916992188
112031,normal,1748,0,1782359720.2696447,0.0020024776458740234
112032,normal,2726,0,1782359720.2716587,0.0020139217376708984
112033,normal,1404,0,1782359720.2736423,0.001983642578125
112034,normal,1618,0,1782359720.2756333,0.0019910335540771484
112035,normal,1752,0,1782359720.2776048,0.0019714832305908203
112036,normal,403,0,1782359720.2798793,0.0022745132446289062
112037,normal,3442,0,1782359720.281657,0.00177764892578125
112038,normal,2204,0,1782359720.283683,0.002026081085205078
112039,normal,3599,0,1782359720.285519,0.0018358230590820312
112040,normal,1789,0,1782359720.28764,0.0021212100982666016
112041,normal,2740,0,1782359720.2896988,0.002058744430541992
112042,normal,3285,1,1782359720.2916284,0.0019295215606689453
112043,normal,3466,0,1782359720.2936473,0.0020189285278320312
112044,normal,536,0,1782359720.2957232,0.0020759105682373047
112045,normal,1087,0,1782359720.29768,0.0019567012786865234
112046,normal,896,2,1782359720.299607,0.0019271373748779297
112047,normal,696,0,1782359720.3017092,0.0021021366119384766
112048,normal,3673,0,1782359720.3036802,0.001971006393432617
112049,normal,833,2,1782359720.305587,0.0019068717956542969
112050,normal,996,2,1782359720.3075566,0.001969575881958008
112051,normal,979,2,1782359720.309577,0.0020203590393066406
112052,normal,3440,0,1782359720.3115525,0.001975536346435547
112053,normal,1982,0,1782359720.3135512,0.0019986629486083984
112054,normal,942,2,1782359720.3156784,0.0021271705627441406
112055,normal,2957,0,1782359720.3175924,0.0019140243530273438
112056,normal,1508,0,1782359720.3197086,0.0021162033081054688
112057,normal,431,0,1782359720.3216834,0.001974821090698242
112058,normal,3438,0,1782359720.323581,0.001897573471069336
112059,normal,288,0,1782359720.3256555,0.0020744800567626953
112060,normal,1552,0,1782359720.3276193,0.0019638538360595703
112061,normal,931,2,1782359720.3295593,0.001940011978149414
112062,normal,1843,0,1782359720.3317146,0.002155303955078125
112063,normal,2117,0,1782359720.333597,0.001882314682006836
112064,normal,1086,0,1782359720.335592,0.001995086669921875
112065,normal,1821,0,1782359720.3375578,0.001965761184692383
112066,normal,1460,0,1782359720.3396146,0.0020568370819091797
112067,normal,401,0,1782359720.3415701,0.0019555091857910156
112068,normal,3388,1,1782359720.3434656,0.0018954277038574219
112069,normal,3311,1,1782359720.3455918,0.0021262168884277344
112070,normal,2543,0,1782359720.3476017,0.002009868621826172
112071,normal,1936,0,1782359720.3495922,0.0019905567169189453
112072,normal,2122,0,1782359720.351466,0.0018737316131591797
112073,normal,1279,0,1782359720.3534758,0.002009868621826172
112074,normal,3618,0,1782359720.3554056,0.0019297599792480469
112075,normal,1820,0,1782359720.357458,0.0020525455474853516
112076,normal,1730,0,1782359720.3594658,0.002007722854614258
112077,normal,2438,0,1782359720.3614392,0.001973390579223633
112078,normal,3115,1,1782359720.3634307,0.0019915103912353516
112079,normal,982,2,1782359720.365532,0.0021011829376220703
112080,normal,905,2,1782359720.3674374,0.0019054412841796875
112081,normal,851,2,1782359720.3694296,0.0019922256469726562
112082,normal,1622,0,1782359720.3715067,0.0020771026611328125
112083,normal,1198,0,1782359720.3734293,0.001922607421875
112084,normal,2566,0,1782359720.375429,0.0019996166229248047
112085,normal,2289,0,1782359720.3774962,0.0020673274993896484
112086,normal,1542,0,1782359720.37943,0.0019338130950927734
112087,normal,1071,0,1782359720.3814313,0.0020012855529785156
112088,normal,495,0,1782359720.3834956,0.002064228057861328
112089,normal,557,0,1782359720.3854303,0.0019347667694091797
112090,normal,415,0,1782359720.3874288,0.001998424530029297
112091,normal,2280,0,1782359720.3894963,0.00206756591796875
112092,normal,147,0,1782359720.3914459,0.0019495487213134766
112093,normal,800,2,1782359720.3934278,0.001981973648071289
112094,normal,1892,0,1782359720.3954978,0.0020699501037597656
112095,normal,212,0,1782359720.3974352,0.0019373893737792969
112096,normal,588,0,1782359720.3994262,0.0019910335540771484
112097,normal,1082,0,1782359720.401499,0.0020728111267089844
112098,normal,3361,1,1782359720.4034314,0.001932382583618164
112099,normal,2532,0,1782359720.4054272,0.0019958019256591797
112100,normal,2765,0,1782359720.4074953,0.002068042755126953
112101,normal,677,0,1782359720.4094343,0.0019390583038330078
112102,normal,3531,0,1782359720.411432,0.001997709274291992
112103,normal,2343,0,1782359720.4134989,0.0020668506622314453
112104,normal,599,0,1782359720.4154282,0.0019292831420898438
112105,normal,2979,0,1782359720.4174278,0.0019996166229248047
112106,normal,2067,0,1782359720.4194987,0.002070903778076172
112107,normal,3099,1,1782359720.4214277,0.0019290447235107422
112108,normal,1015,2,1782359720.4234307,0.0020029544830322266
112109,normal,953,2,1782359720.4254997,0.0020689964294433594
112110,normal,2348,0,1782359720.4274447,0.0019450187683105469
112111,normal,1641,0,1782359720.4294279,0.001983165740966797
112112,normal,2851,0,1782359720.431497,0.002069234848022461
112113,normal,1393,0,1782359720.4334624,0.0019652843475341797
112114,normal,3524,0,1782359720.4354377,0.0019752979278564453
112115,normal,2770,0,1782359720.4374986,0.0020608901977539062
112116,normal,254,0,1782359720.4394295,0.0019309520721435547
112117,normal,1672,0,1782359720.441429,0.001999378204345703
112118,normal,3160,1,1782359720.4434955,0.0020666122436523438
112119,normal,3428,0,1782359720.4454298,0.0019342899322509766
112120,normal,2911,0,1782359720.447428,0.0019981861114501953
112121,normal,1526,0,1782359720.4495087,0.002080678939819336
112122,normal,1722,0,1782359720.451428,0.0019192695617675781
112123,normal,1295,0,1782359720.4534268,0.0019989013671875
112124,normal,2830,0,1782359720.4554946,0.0020678043365478516
112125,normal,295,0,1782359720.4574423,0.001947641372680664
112126,normal,3698,0,1782359720.459428,0.001985788345336914
112127,normal,1180,0,1782359720.4614944,0.002066373825073242
112128,normal,2837,0,1782359720.4634416,0.001947164535522461
112129,normal,2825,0,1782359720.4654276,0.0019860267639160156
112130,normal,2003,0,1782359720.4674988,0.0020711421966552734
112131,normal,1492,0,1782359720.4694278,0.0019290447235107422
112132,normal,238,0,1782359720.4714339,0.002006053924560547
112133,normal,1648,0,1782359720.4734952,0.0020613670349121094
112134,normal,698,0,1782359720.4754279,0.0019326210021972656
112135,normal,582,0,1782359720.477428,0.002000093460083008
112136,normal,2676,0,1782359720.479496,0.002068042755126953
112137,normal,746,0,1782359720.4814305,0.0019345283508300781
112138,normal,240,0,1782359720.483426,0.001995563507080078
112139,normal,1632,0,1782359720.485498,0.002071857452392578
112140,normal,2505,0,1782359720.487434,0.0019359588623046875
112141,normal,2341,0,1782359720.4894295,0.001995563507080078
112142,normal,2636,0,1782359720.4914968,0.0020673274993896484
112143,normal,1893,0,1782359720.4934294,0.0019326210021972656
112144,normal,2652,0,1782359720.4954252,0.0019958019256591797
112145,normal,3573,0,1782359720.4974973,0.0020720958709716797
112146,normal,1443,0,1782359720.499443,0.0019457340240478516
112147,normal,766,0,1782359720.5014284,0.001985311508178711
112148,normal,229,0,1782359720.5034811,0.002052783966064453
112149,normal,2382,0,1782359720.5054271,0.0019459724426269531
112150,normal,1662,0,1782359720.5074267,0.0019996166229248047
112151,normal,2603,0,1782359720.5094986,0.002071857452392578
112152,normal,1527,0,1782359720.5114279,0.0019292831420898438
112153,normal,1841,0,1782359720.5134268,0.0019989013671875
112154,normal,2006,0,1782359720.5154965,0.002069711685180664
112155,normal,2022,0,1782359720.5174277,0.0019311904907226562
112156,normal,353,0,1782359720.5194294,0.0020017623901367188
112157,normal,2453,0,1782359720.5214949,0.002065420150756836
112158,normal,634,0,1782359720.523433,0.0019381046295166016
112159,normal,1225,0,1782359720.525429,0.0019960403442382812
112160,normal,3362,1,1782359720.527503,0.002074003219604492
112161,normal,1383,0,1782359720.529427,0.0019240379333496094
112162,normal,3071,1,1782359720.5314286,0.002001523971557617
112163,normal,2640,0,1782359720.533498,0.0020694732666015625
112164,normal,3344,1,1782359720.5354333,0.0019352436065673828
112165,normal,1372,1,1782359720.5374281,0.0019948482513427734
112166,normal,3288,1,1782359720.5394976,0.0020694732666015625
112167,normal,1149,0,1782359720.5414279,0.00193023681640625
112168,normal,3248,1,1782359720.5434246,0.001996755599975586
112169,normal,2494,0,1782359720.5454977,0.002073049545288086
112170,normal,3086,1,1782359720.5474265,0.0019288063049316406
112171,normal,3009,0,1782359720.5494285,0.0020020008087158203
112172,normal,3098,1,1782359720.5514958,0.0020673274993896484
112173,normal,1770,0,1782359720.5534286,0.0019328594207763672
112174,normal,617,0,1782359720.5554328,0.0020041465759277344
112175,normal,387,0,1782359720.5574946,0.0020618438720703125
112176,normal,2445,0,1782359720.5594263,0.0019316673278808594
112177,normal,2350,0,1782359720.5614276,0.0020012855529785156
112178,normal,1197,0,1782359720.563496,0.0020685195922851562
112179,normal,2231,0,1782359720.5654316,0.0019354820251464844
112180,normal,3550,0,1782359720.5674298,0.0019981861114501953
112181,normal,2662,0,1782359720.5694933,0.0020635128021240234
112182,normal,1671,0,1782359720.571425,0.0019316673278808594
112183,normal,2016,0,1782359720.5734298,0.002004861831665039
112184,normal,578,0,1782359720.5754955,0.0020656585693359375
112185,normal,3547,0,1782359720.5774288,0.0019333362579345703
112186,normal,2420,0,1782359720.5794272,0.001998424530029297
112187,normal,1737,0,1782359720.5814822,0.002054929733276367
112188,normal,883,2,1782359720.5834265,0.0019443035125732422
112189,normal,836,2,1782359720.5854263,0.0019998550415039062
112190,normal,3616,0,1782359720.5874999,0.002073526382446289
112191,normal,856,2,1782359720.5894268,0.0019268989562988281
112192,normal,2853,0,1782359720.591427,0.0020003318786621094
112193,normal,2704,0,1782359720.593495,0.0020678043365478516
112194,normal,1847,0,1782359720.5954244,0.0019295215606689453
112195,normal,3476,0,1782359720.597426,0.002001523971557617
112196,normal,926,2,1782359720.5994942,0.0020682811737060547
112197,normal,614,0,1782359720.6014287,0.0019345283508300781
112198,normal,1515,0,1782359720.6034257,0.0019969940185546875
112199,normal,3277,1,1782359720.6055048,0.002079010009765625
112200,normal,997,2,1782359720.6074278,0.0019230842590332031
112201,normal,2792,0,1782359720.6094282,0.0020003318786621094
112202,normal,781,2,1782359720.6114933,0.0020651817321777344
112203,normal,126,0,1782359720.613427,0.0019335746765136719
112204,normal,2470,0,1782359720.6154294,0.0020024776458740234
112205,normal,1814,0,1782359720.6174939,0.0020644664764404297
112206,normal,2538,0,1782359720.61943,0.001936197280883789
112207,normal,2207,0,1782359720.6214278,0.001997709274291992
112208,normal,922,2,1782359720.6234934,0.0020656585693359375
112209,normal,148,0,1782359720.625427,0.0019335746765136719
112210,normal,446,0,1782359720.6274261,0.0019991397857666016
112211,normal,2349,0,1782359720.6294963,0.002070188522338867
112212,normal,2181,0,1782359720.6314266,0.00193023681640625
112213,normal,145,0,1782359720.6334255,0.0019989013671875
112214,normal,1986,0,1782359720.6354365,0.0020110607147216797
112215,normal,1484,0,1782359720.6374822,0.0020456314086914062
112216,normal,386,0,1782359720.6394267,0.0019445419311523438
112217,normal,3024,0,1782359720.6414974,0.0020706653594970703
112218,normal,3491,0,1782359720.6434555,0.001958131790161133
112219,normal,3595,0,1782359720.645429,0.001973390579223633
112220,normal,3391,1,1782359720.6475003,0.002071380615234375
112221,normal,193,0,1782359720.649427,0.0019266605377197266
112222,normal,1164,0,1782359720.6514323,0.002005338668823242
112223,normal,3668,0,1782359720.653492,0.0020596981048583984
112224,normal,2840,0,1782359720.6554267,0.0019347667694091797
112225,normal,78,0,1782359720.6574266,0.0019998550415039062
112226,normal,2241,0,1782359720.6594796,0.0020530223846435547
112227,normal,341,0,1782359720.661427,0.0019474029541015625
112228,normal,1056,0,1782359720.6634262,0.0019991397857666016
112229,normal,1720,0,1782359720.6654978,0.0020716190338134766
112230,normal,2906,0,1782359720.6674306,0.0019328594207763672
112231,normal,81,0,1782359720.6694262,0.001995563507080078
112232,normal,2152,0,1782359720.6714969,0.0020706653594970703
112233,normal,1291,0,1782359720.6734252,0.0019283294677734375
112234,normal,3151,1,1782359720.6754262,0.002001047134399414
112235,normal,163,0,1782359720.677498,0.002071857452392578
112236,normal,2742,0,1782359720.6794267,0.001928567886352539
112237,normal,2246,0,1782359720.6814272,0.002000570297241211
112238,normal,1900,0,1782359720.6835115,0.0020842552185058594
112239,normal,1734,0,1782359720.6854267,0.0019152164459228516
112240,normal,1945,0,1782359720.6874263,0.0019996166229248047
112241,normal,1916,0,1782359720.6895006,0.0020742416381835938
112242,normal,1275,0,1782359720.691426,0.0019254684448242188
112243,normal,2433,0,1782359720.693426,0.0019998550415039062
112244,normal,1107,0,1782359720.6954966,0.0020706653594970703
112245,normal,667,0,1782359720.6974268,0.00193023681640625
112246,normal,1129,0,1782359720.6994271,0.0020003318786621094
112247,normal,3265,1,1782359720.7014995,0.0020723342895507812
112248,normal,1619,0,1782359720.7034264,0.0019268989562988281
112249,normal,394,0,1782359720.7054245,0.0019981861114501953
112250,normal,2128,0,1782359720.7074993,0.002074718475341797
112251,normal,1825,0,1782359720.7094288,0.0019295215606689453
112252,normal,3706,0,1782359720.7114267,0.0019979476928710938
112253,normal,1584,0,1782359720.7134984,0.0020716190338134766
112254,normal,3490,0,1782359720.7154276,0.0019292831420898438
112255,normal,2329,0,1782359720.7174356,0.0020079612731933594
112256,normal,509,0,1782359720.719511,0.0020754337310791016
112257,normal,111,0,1782359720.7214334,0.0019223690032958984
112258,normal,3536,0,1782359720.7234333,0.0019998550415039062
112259,normal,435,0,1782359720.725498,0.0020647048950195312
112260,normal,2496,0,1782359720.7274284,0.0019304752349853516
112261,normal,1110,0,1782359720.7294254,0.0019969940185546875
112262,normal,2681,0,1782359720.7314963,0.002070903778076172
112263,normal,3472,0,1782359720.7334278,0.0019314289093017578
112264,normal,3054,1,1782359720.7354126,0.001984834671020508
112265,normal,374,0,1782359720.737464,0.0020513534545898438
112266,normal,2628,0,1782359720.7394025,0.0019385814666748047
112267,normal,2419,0,1782359720.7414536,0.002051115036010742
112268,normal,3202,1,1782359720.7434547,0.002001047134399414
112269,normal,977,2,1782359720.7453985,0.001943826675415039
112270,normal,2034,0,1782359720.7475672,0.0021686553955078125
112271,normal,3016,0,1782359720.7495685,0.0020012855529785156
112272,normal,354,0,1782359720.7514017,0.001833200454711914
112273,normal,2079,0,1782359720.7535717,0.002170085906982422
112274,normal,452,0,1782359720.7555673,0.001995563507080078
112275,normal,1524,0,1782359720.7574816,0.0019142627716064453
112276,normal,1514,0,1782359720.759469,0.001987457275390625
112277,normal,595,0,1782359720.7617788,0.0023097991943359375
112278,normal,3404,0,1782359720.7634711,0.0016922950744628906
112279,normal,76,0,1782359720.7654877,0.0020165443420410156
112280,normal,66,0,1782359720.767748,0.002260446548461914
112281,normal,3626,0,1782359720.7694764,0.0017282962799072266
112282,normal,943,2,1782359720.77149,0.002013683319091797
112283,normal,1894,0,1782359720.7738106,0.002320528030395508
112284,normal,196,0,1782359720.7755263,0.0017156600952148438
112285,normal,3291,1,1782359720.7774432,0.0019168853759765625
112286,normal,3011,0,1782359720.779514,0.002070903778076172
112287,normal,3148,1,1782359720.7814631,0.0019490718841552734
112288,normal,2998,0,1782359720.7836246,0.0021615028381347656
112289,normal,2817,0,1782359720.7856262,0.002001523971557617
112290,normal,169,0,1782359720.787471,0.0018448829650878906
112291,normal,1522,0,1782359720.7896283,0.0021572113037109375
112292,normal,405,0,1782359720.7916574,0.0020291805267333984
112293,normal,2545,0,1782359720.7934692,0.0018117427825927734
112294,normal,878,2,1782359720.7956262,0.002156972885131836
112295,normal,501,0,1782359720.797738,0.0021119117736816406
112296,normal,3014,0,1782359720.7995033,0.0017652511596679688
112297,normal,2571,0,1782359720.8016276,0.002124309539794922
112298,normal,1012,2,1782359720.80363,0.0020024776458740234
112299,normal,2417,0,1782359720.8054962,0.0018661022186279297
112300,normal,1474,0,1782359720.8076262,0.0021300315856933594
112301,normal,2474,0,1782359720.8097415,0.0021152496337890625
112302,normal,3229,1,1782359720.8114748,0.0017333030700683594
112303,normal,2719,0,1782359720.8136282,0.0021533966064453125
112304,normal,1926,0,1782359720.8156574,0.0020291805267333984
112305,normal,1009,2,1782359720.8174684,0.0018110275268554688
112306,normal,3636,0,1782359720.8198762,0.0024077892303466797
112307,normal,3222,1,1782359720.8215835,0.001707315444946289
112308,normal,1685,0,1782359720.823508,0.0019245147705078125
112309,normal,1252,0,1782359720.825688,0.002179861068725586
112310,normal,152,0,1782359720.8275485,0.0018606185913085938
112311,normal,1793,0,1782359720.8297598,0.002211332321166992
112312,normal,1367,1,1782359720.8314712,0.0017113685607910156
112313,normal,436,0,1782359720.8336244,0.002153158187866211
112314,normal,929,2,1782359720.8354645,0.0018401145935058594
112315,normal,1117,0,1782359720.8374565,0.0019919872283935547
112316,normal,3379,1,1782359720.8394566,0.002000093460083008
112317,normal,3607,0,1782359720.8416095,0.0021529197692871094
112318,normal,1330,1,1782359720.8434565,0.0018470287322998047
112319,normal,834,2,1782359720.8454561,0.0019996166229248047
112320,normal,2363,0,1782359720.8476052,0.0021491050720214844
112321,normal,197,0,1782359720.8494825,0.0018773078918457031
112322,normal,3358,1,1782359720.8516293,0.0021467208862304688
112323,normal,334,0,1782359720.8537073,0.0020780563354492188
112324,normal,2379,0,1782359720.8557098,0.0020024776458740234
112325,normal,3077,1,1782359720.8574784,0.0017685890197753906
112326,normal,2579,0,1782359720.859654,0.002175569534301758
112327,normal,102,0,1782359720.8617132,0.0020592212677001953
112328,normal,276,0,1782359720.8637123,0.0019991397857666016
112329,normal,1387,0,1782359720.865465,0.001752614974975586
112330,normal,3255,1,1782359720.8676233,0.0021584033966064453
112331,normal,1854,0,1782359720.8696153,0.0019919872283935547
112332,normal,2885,0,1782359720.871487,0.0018715858459472656
112333,normal,3223,1,1782359720.8736243,0.002137422561645508
112334,normal,3372,1,1782359720.8756163,0.0019919872283935547
112335,normal,2180,0,1782359720.8774917,0.0018754005432128906
112336,normal,3662,0,1782359720.8805015,0.003009796142578125
112337,normal,1380,1,1782359720.881473,0.0009715557098388672
112338,normal,3183,1,1782359720.8836389,0.0021657943725585938
112339,normal,1346,1,1782359720.8854623,0.00182342529296875
112340,normal,2857,0,1782359720.8876154,0.002153158187866211
112341,normal,867,2,1782359720.889486,0.0018706321716308594
112342,normal,1757,0,1782359720.8916147,0.00212860107421875
112343,normal,1078,0,1782359720.8936193,0.0020046234130859375
112344,normal,559,0,1782359720.8954825,0.001863241195678711
112345,normal,885,2,1782359720.897619,0.0021364688873291016
112346,normal,237,0,1782359720.8996155,0.0019965171813964844
112347,normal,1020,2,1782359720.9014833,0.0018677711486816406
112348,normal,39,0,1782359720.90362,0.002136707305908203
112349,normal,2165,0,1782359720.9056182,0.0019981861114501953
112350,normal,3305,1,1782359720.907495,0.0018768310546875
112351,normal,1573,0,1782359720.9096174,0.0021224021911621094
112352,normal,3169,1,1782359720.911617,0.0019996166229248047
112353,normal,1975,0,1782359720.9134843,0.0018672943115234375
112354,normal,3421,0,1782359720.9156168,0.002132415771484375
112355,normal,3685,0,1782359720.9176228,0.002006053924560547
112356,normal,3473,0,1782359720.9194899,0.001867055892944336
112357,normal,94,0,1782359720.9216173,0.002127408981323242
112358,normal,2635,0,1782359720.9236164,0.0019991397857666016
112359,normal,1849,0,1782359720.9254863,0.0018699169158935547
112360,normal,2030,0,1782359720.9276395,0.002153158187866211
112361,normal,3429,0,1782359720.9296165,0.0019769668579101562
112362,normal,75,0,1782359720.9314847,0.0018682479858398438
112363,normal,287,0,1782359720.933632,0.002147197723388672
112364,normal,2833,0,1782359720.9356167,0.001984834671020508
112365,normal,2695,0,1782359720.9374933,0.0018765926361083984
112366,normal,935,2,1782359720.9396317,0.002138376235961914
112367,normal,637,0,1782359720.941616,0.0019843578338623047
112368,normal,3523,0,1782359720.9434867,0.0018706321716308594
112369,normal,2040,0,1782359720.945633,0.0021462440490722656
112370,normal,3267,1,1782359720.9476163,0.0019834041595458984
112371,normal,1537,0,1782359720.9494832,0.0018668174743652344
112372,normal,1753,0,1782359720.9516306,0.0021474361419677734
112373,normal,1261,0,1782359720.9536183,0.0019876956939697266
112374,normal,2503,0,1782359720.9554913,0.001873016357421875
112375,normal,1352,1,1782359720.957634,0.002142667770385742
112376,normal,1389,0,1782359720.959616,0.001981973648071289
112377,normal,2537,0,1782359720.961484,0.0018680095672607422
112378,normal,3188,1,1782359720.9636326,0.0021486282348632812
112379,normal,3392,1,1782359720.965616,0.0019834041595458984
112380,normal,1724,0,1782359720.9674838,0.0018677711486816406
112381,normal,733,0,1782359720.9696321,0.0021483898162841797
112382,normal,1588,0,1782359720.9716163,0.001984119415283203
112383,normal,33,0,1782359720.9734845,0.0018682479858398438
112384,normal,3619,0,1782359720.9756324,0.0021479129791259766
112385,normal,383,0,1782359720.9776163,0.0019838809967041016
112386,normal,2029,0,1782359720.9794831,0.0018668174743652344
112387,normal,164,0,1782359720.9816322,0.0021491050720214844
112388,normal,1498,0,1782359720.9836178,0.0019855499267578125
112389,normal,171,0,1782359720.9854825,0.0018646717071533203
112390,normal,3317,1,1782359720.9876328,0.002150297164916992
112391,normal,55,0,1782359720.989619,0.001986265182495117
112392,normal,2428,0,1782359720.9914834,0.0018644332885742188
112393,normal,3396,1,1782359720.993634,0.0021505355834960938
112394,normal,1875,0,1782359720.995622,0.001987934112548828
112395,normal,2763,0,1782359720.9974823,0.0018603801727294922
112396,normal,2237,0,1782359720.9996333,0.002151012420654297
112397,normal,2365,0,1782359721.001618,0.0019845962524414062
112398,normal,2641,0,1782359721.0034819,0.0018639564514160156
112399,normal,1203,0,1782359721.005634,0.0021522045135498047
112400,normal,920,2,1782359721.0076168,0.0019826889038085938
112401,normal,841,2,1782359721.0094838,0.001867055892944336
112402,normal,1408,0,1782359721.011631,0.002147197723388672
112403,normal,2552,0,1782359721.0136156,0.0019845962524414062
112404,normal,1262,0,1782359721.0154812,0.0018656253814697266
112405,normal,2490,0,1782359721.017632,0.0021507740020751953
112406,normal,2440,0,1782359721.0196164,0.0019843578338623047
112407,normal,1910,0,1782359721.0214832,0.0018668174743652344
112408,normal,1626,0,1782359721.0236332,0.0021500587463378906
112409,normal,2127,0,1782359721.0256157,0.001982450485229492
112410,normal,2589,0,1782359721.0274832,0.001867532730102539
112411,normal,3369,1,1782359721.0296328,0.0021495819091796875
112412,normal,3454,0,1782359721.0316143,0.001981496810913086
112413,normal,2114,0,1782359721.0334938,0.0018794536590576172
112414,normal,2975,0,1782359721.0356119,0.0021181106567382812
112415,normal,1315,0,1782359721.0376158,0.002003908157348633
112416,normal,2569,0,1782359721.0394604,0.001844644546508789
112417,normal,1665,0,1782359721.0416327,0.002172231674194336
112418,normal,1970,0,1782359721.0436218,0.001989126205444336
112419,normal,3681,0,1782359721.0454857,0.0018639564514160156
112420,normal,1827,0,1782359721.0476499,0.002164125442504883
112421,normal,2314,0,1782359721.0494595,0.0018095970153808594
112422,normal,762,0,1782359721.0516536,0.0021941661834716797
112423,normal,1604,0,1782359721.0534792,0.001825571060180664
112424,normal,652,0,1782359721.055621,0.002141714096069336
112425,normal,3666,0,1782359721.0574932,0.0018723011016845703
112426,normal,2487,0,1782359721.059651,0.0021576881408691406
112427,normal,1390,0,1782359721.0616324,0.001981496810913086
112428,normal,726,0,1782359721.0634594,0.0018270015716552734
112429,normal,2262,0,1782359721.065635,0.002175569534301758
112430,normal,3242,1,1782359721.0676188,0.0019838809967041016
112431,normal,2367,0,1782359721.0694816,0.0018627643585205078
112432,normal,2839,0,1782359721.071637,0.002155303955078125
112433,normal,3224,1,1782359721.0736246,0.0019876956939697266
112434,normal,247,0,1782359721.0754824,0.001857757568359375
112435,normal,1469,0,1782359721.0776346,0.0021522045135498047
112436,normal,647,0,1782359721.079615,0.0019805431365966797
112437,normal,3187,1,1782359721.0814924,0.0018773078918457031
112438,normal,195,0,1782359721.0836337,0.002141237258911133
112439,normal,2469,0,1782359721.085617,0.0019834041595458984
112440,normal,1493,0,1782359721.0874822,0.0018651485443115234
112441,normal,585,0,1782359721.089617,0.0021347999572753906
112442,normal,2756,0,1782359721.091615,0.0019979476928710938
112443,normal,380,0,1782359721.0934815,0.0018665790557861328
112444,normal,741,0,1782359721.0956151,0.002133607864379883
112445,normal,3038,0,1782359721.0976152,0.002000093460083008
112446,normal,2504,0,1782359721.0994833,0.0018680095672607422
112447,normal,244,0,1782359721.1016188,0.0021355152130126953
112448,normal,1182,0,1782359721.1036165,0.001997709274291992
112449,normal,1643,0,1782359721.105482,0.0018656253814697266
112450,normal,2672,0,1782359721.1076312,0.0021491050720214844
112451,normal,409,0,1782359721.109616,0.001984834671020508
112452,normal,2732,0,1782359721.11149,0.0018739700317382812
112453,normal,2406,0,1782359721.1136239,0.0021338462829589844
112454,normal,7,0,1782359721.1156156,0.001991748809814453
112455,normal,642,0,1782359721.117486,0.0018703937530517578
112456,normal,3020,0,1782359721.1196396,0.002153635025024414
112457,normal,1738,0,1782359721.121635,0.0019953250885009766
112458,normal,14,0,1782359721.1234827,0.0018477439880371094
112459,normal,1159,0,1782359721.1256285,0.0021457672119140625
112460,normal,1513,0,1782359721.1276162,0.0019876956939697266
112461,normal,506,0,1782359721.129483,0.0018668174743652344
112462,normal,36,0,1782359721.1316319,0.002148866653442383
112463,normal,579,0,1782359721.1336162,0.0019843578338623047
112464,normal,2076,0,1782359721.135477,0.0018608570098876953
112465,normal,1064,0,1782359721.137634,0.002156972885131836
112466,normal,470,0,1782359721.1396148,0.0019807815551757812
112467,normal,1702,0,1782359721.1414807,0.0018658638000488281
112468,normal,2708,0,1782359721.143636,0.002155303955078125
112469,normal,2539,0,1782359721.145616,0.0019800662994384766
112470,normal,3313,1,1782359721.1474802,0.0018641948699951172
112471,normal,3076,1,1782359721.1496406,0.002160310745239258
112472,normal,2608,0,1782359721.1516216,0.001981019973754883
112473,normal,613,0,1782359721.153482,0.0018603801727294922
112474,normal,418,0,1782359721.155639,0.002156972885131836
112475,normal,2748,0,1782359721.1576152,0.0019762516021728516
112476,normal,2882,0,1782359721.1594806,0.001865386962890625
112477,normal,2312,0,1782359721.1616383,0.0021576881408691406
112478,normal,730,0,1782359721.1636164,0.001978158950805664
112479,normal,2001,0,1782359721.1654818,0.001865386962890625
112480,normal,1467,0,1782359721.1674817,0.0019998550415039062
112481,normal,2722,0,1782359721.1696143,0.0021326541900634766
112482,normal,1950,0,1782359721.1714816,0.0018672943115234375
112483,normal,3350,1,1782359721.1736405,0.0021588802337646484
112484,normal,1660,0,1782359721.1756132,0.001972675323486328
112485,normal,2175,0,1782359721.177481,0.0018677711486816406
112486,normal,3555,0,1782359721.179638,0.002156972885131836
112487,normal,2157,0,1782359721.1816173,0.001979351043701172
112488,normal,3182,1,1782359721.1834826,0.001865386962890625
112489,normal,954,2,1782359721.1856377,0.0021550655364990234
112490,normal,1740,0,1782359721.1876204,0.0019826889038085938
112491,normal,2631,0,1782359721.1894956,0.001875162124633789
112492,normal,2771,0,1782359721.1916392,0.0021436214447021484
112493,normal,2762,0,1782359721.1938145,0.0021753311157226562
112494,normal,2463,0,1782359721.19546,0.0016455650329589844
112495,normal,367,0,1782359721.197636,0.0021758079528808594
112496,normal,2215,0,1782359721.199615,0.0019791126251220703
112497,normal,660,0,1782359721.201481,0.0018661022186279297
112498,normal,710,0,1782359721.2036386,0.002157449722290039
112499,normal,1120,0,1782359721.205615,0.001976490020751953
112500,normal,546,0,1782359721.2074816,0.0018665790557861328
112501,normal,2525,0,1782359721.2096386,0.002156972885131836
112502,normal,1300,0,1782359721.2116165,0.0019779205322265625
112503,normal,3584,0,1782359721.213484,0.001867532730102539
112504,normal,562,0,1782359721.2156396,0.0021555423736572266
112505,normal,3539,0,1782359721.217615,0.0019752979278564453
112506,normal,2082,0,1782359721.2194822,0.0018672943115234375
112507,normal,2168,0,1782359721.2216394,0.0021572113037109375
112508,normal,723,0,1782359721.223615,0.001975536346435547
112509,normal,753,0,1782359721.2254822,0.0018672943115234375
112510,normal,1304,0,1782359721.22764,0.0021576881408691406
112511,normal,3556,0,1782359721.2296224,0.001982450485229492
112512,normal,135,0,1782359721.2314835,0.0018610954284667969
112513,normal,2305,0,1782359721.2336395,0.0021560192108154297
112514,normal,2880,0,1782359721.2355955,0.0019559860229492188
112515,normal,2465,0,1782359721.237482,0.001886606216430664
112516,normal,2586,0,1782359721.2396405,0.0021584033966064453
112517,normal,3682,0,1782359721.241614,0.0019736289978027344
112518,normal,2960,0,1782359721.2434826,0.0018684864044189453
112519,normal,3574,0,1782359721.2456422,0.002159595489501953
112520,normal,1605,0,1782359721.2476342,0.0019919872283935547
112521,normal,2162,0,1782359721.2494833,0.0018491744995117188
112522,normal,2922,0,1782359721.251641,0.0021576881408691406
112523,normal,3310,1,1782359721.253616,0.0019750595092773438
112524,normal,1457,0,1782359721.2554815,0.001865386962890625
112525,normal,1285,0,1782359721.2576227,0.002141237258911133
112526,normal,2783,0,1782359721.2596154,0.0019927024841308594
112527,normal,1400,0,1782359721.2614837,0.0018682479858398438
112528,normal,2214,0,1782359721.2636514,0.0021677017211914062
112529,normal,289,0,1782359721.2654655,0.001814126968383789
112530,normal,1842,0,1782359721.2676399,0.00217437744140625
112531,normal,1191,0,1782359721.2694857,0.0018458366394042969
112532,normal,857,2,1782359721.2716236,0.002137899398803711
112533,normal,1152,0,1782359721.2734792,0.001855611801147461
112534,normal,3136,1,1782359721.275642,0.0021626949310302734
112535,normal,532,0,1782359721.2776165,0.0019745826721191406
112536,normal,934,2,1782359721.2794828,0.0018663406372070312
112537,normal,2321,0,1782359721.2816412,0.0021584033966064453
112538,normal,2961,0,1782359721.283617,0.0019757747650146484
112539,normal,879,2,1782359721.285482,0.0018649101257324219
112540,normal,3701,0,1782359721.2876434,0.0021615028381347656
112541,normal,1265,0,1782359721.2896194,0.00197601318359375
112542,normal,1073,0,1782359721.291483,0.0018634796142578125
112543,normal,2967,0,1782359721.2936425,0.002159595489501953
112544,normal,2596,0,1782359721.2956147,0.001972198486328125
112545,normal,3623,0,1782359721.297482,0.0018672943115234375
112546,normal,1241,0,1782359721.2996442,0.0021622180938720703
112547,normal,1335,1,1782359721.3014584,0.001814126968383789
112548,normal,1711,0,1782359721.3036356,0.0021772384643554688
112549,normal,1173,0,1782359721.3054872,0.0018515586853027344
112550,normal,1326,1,1782359721.3076348,0.002147674560546875
112551,normal,1116,0,1782359721.3094597,0.0018248558044433594
112552,normal,1059,0,1782359721.3116453,0.0021855831146240234
112553,normal,221,0,1782359721.3136146,0.0019693374633789062
112554,normal,1464,0,1782359721.3154824,0.0018677711486816406
112555,normal,545,0,1782359721.317644,0.0021615028381347656
112556,normal,2086,0,1782359721.3196168,0.0019729137420654297
112557,normal,188,0,1782359721.3214915,0.001874685287475586
112558,normal,3587,0,1782359721.3236172,0.0021257400512695312
112559,normal,138,0,1782359721.3256164,0.0019991397857666016
112560,normal,1313,0,1782359721.3274872,0.001870870590209961
112561,normal,206,0,1782359721.3296168,0.0021295547485351562
112562,normal,3205,1,1782359721.3316174,0.002000570297241211
112563,normal,1441,0,1782359721.3334813,0.0018639564514160156
112564,normal,2891,0,1782359721.3356173,0.0021359920501708984
112565,normal,1905,0,1782359721.3376164,0.0019991397857666016
112566,normal,1048,0,1782359721.3394828,0.0018663406372070312
112567,normal,1669,0,1782359721.341623,0.0021402835845947266
112568,normal,2074,0,1782359721.343616,0.001992940902709961
112569,normal,335,0,1782359721.3454893,0.0018732547760009766
112570,normal,1954,0,1782359721.3476226,0.0021333694458007812
112571,normal,3118,1,1782359721.3496366,0.0020139217376708984
112572,normal,407,0,1782359721.3515055,0.0018689632415771484
112573,normal,1208,0,1782359721.3536417,0.00213623046875
112574,normal,3364,1,1782359721.355705,0.002063274383544922
112575,normal,158,0,1782359721.3574955,0.0017905235290527344
112576,normal,2794,0,1782359721.3596466,0.002151012420654297
112577,normal,3456,0,1782359721.361658,0.002011537551879883
112578,normal,556,0,1782359721.363494,0.0018358230590820312
112579,normal,2053,0,1782359721.3656304,0.0021364688873291016
112580,normal,2624,0,1782359721.3676586,0.002028226852416992
112581,normal,1917,0,1782359721.3694935,0.001834869384765625
112582,normal,1834,0,1782359721.3716364,0.0021429061889648438
112583,normal,3489,0,1782359721.3737152,0.0020787715911865234
112584,normal,1141,0,1782359721.3754935,0.0017783641815185547
112585,normal,821,2,1782359721.377636,0.0021424293518066406
112586,normal,1447,0,1782359721.3796582,0.002022266387939453
112587,normal,523,0,1782359721.3814948,0.001836538314819336
112588,normal,1525,0,1782359721.3836405,0.0021457672119140625
112589,normal,192,0,1782359721.385707,0.002066373825073242
112590,normal,1157,0,1782359721.3874953,0.0017883777618408203
112591,normal,837,2,1782359721.3896415,0.0021462440490722656
112592,normal,1002,2,1782359721.3917198,0.0020782947540283203
112593,normal,3611,0,1782359721.3934941,0.0017743110656738281
112594,normal,461,0,1782359721.395645,0.0021507740020751953
112595,normal,1250,0,1782359721.397656,0.0020110607147216797
112596,normal,2716,0,1782359721.3994958,0.0018398761749267578
112597,normal,2493,0,1782359721.4016461,0.002150297164916992
112598,normal,519,0,1782359721.4036572,0.0020110607147216797
112599,normal,2027,0,1782359721.405496,0.00183868408203125
112600,normal,2004,0,1782359721.407702,0.002206087112426758
112601,normal,3345,1,1782359721.4094975,0.0017955303192138672
112602,normal,279,0,1782359721.4116478,0.002150297164916992
112603,normal,1831,0,1782359721.4134927,0.0018448829650878906
112604,normal,3165,1,1782359721.4156573,0.002164602279663086
112605,normal,2183,0,1782359721.417503,0.0018458366394042969
112606,normal,1471,0,1782359721.4196515,0.0021483898162841797
112607,normal,408,0,1782359721.4216545,0.0020029544830322266
112608,normal,1567,0,1782359721.423521,0.0018665790557861328
112609,normal,2085,0,1782359721.4256518,0.002130746841430664
112610,normal,801,2,1782359721.4276564,0.0020046234130859375
112611,normal,3397,1,1782359721.4294944,0.0018379688262939453
112612,normal,1938,0,1782359721.4316497,0.002155303955078125
112613,normal,2879,0,1782359721.4334767,0.0018270015716552734
112614,normal,315,0,1782359721.4356475,0.0021708011627197266
112615,normal,1256,0,1782359721.437496,0.001848459243774414
112616,normal,370,0,1782359721.439655,0.00215911865234375
112617,normal,2194,0,1782359721.441495,0.0018398761749267578
112618,normal,136,0,1782359721.4436524,0.002157449722290039
112619,normal,3707,0,1782359721.445478,0.001825571060180664
112620,normal,3181,1,1782359721.4477146,0.002236604690551758
112621,normal,2725,0,1782359721.449488,0.0017733573913574219
112622,normal,3250,1,1782359721.451625,0.0021371841430664062
112623,normal,2707,0,1782359721.4534955,0.0018703937530517578
112624,normal,2173,0,1782359721.455652,0.002156496047973633
112625,normal,2806,0,1782359721.4577863,0.0021343231201171875
112626,normal,1343,1,1782359721.4594984,0.0017120838165283203
112627,normal,3330,1,1782359721.461624,0.0021255016326904297
112628,normal,2045,0,1782359721.46371,0.002086162567138672
112629,normal,1873,0,1782359721.4654937,0.001783609390258789
112630,normal,3452,0,1782359721.4676518,0.0021581649780273438
112631,normal,362,0,1782359721.4696343,0.001982450485229492
112632,normal,2994,0,1782359721.4714952,0.0018608570098876953
112633,normal,3206,1,1782359721.4736507,0.0021555423736572266
112634,normal,2774,0,1782359721.4756355,0.001984834671020508
112635,normal,1678,0,1782359721.4774952,0.0018596649169921875
112636,normal,2452,0,1782359721.4797542,0.0022590160369873047
112637,normal,336,0,1782359721.4821072,0.0023529529571533203
112638,normal,3508,0,1782359721.483502,0.0013947486877441406
112639,normal,992,2,1782359721.485804,0.0023021697998046875
112640,normal,1221,0,1782359721.4876258,0.001821756362915039
112641,normal,2120,0,1782359721.4896545,0.0020287036895751953
112642,normal,1976,0,1782359721.4916544,0.0019998550415039062
112643,normal,2149,0,1782359721.493804,0.0021495819091796875
112644,normal,625,0,1782359721.495503,0.0016989707946777344
112645,normal,3570,0,1782359721.4975257,0.0020227432250976562
112646,normal,1695,0,1782359721.499816,0.0022902488708496094
112647,normal,60,0,1782359721.5015082,0.0016922950744628906
112648,normal,2849,0,1782359721.5038338,0.0023255348205566406
112649,normal,3426,0,1782359721.5056355,0.0018017292022705078
112650,normal,751,0,1782359721.5076535,0.002017974853515625
112651,normal,3080,1,1782359721.5096812,0.002027750015258789
112652,normal,2710,0,1782359721.5118122,0.0021309852600097656
112653,normal,2570,0,1782359721.5135028,0.0016906261444091797
112654,normal,2430,0,1782359721.515835,0.0023322105407714844
112655,normal,3337,1,1782359721.5176122,0.0017771720886230469
112656,normal,1439,0,1782359721.5196478,0.0020356178283691406
112657,normal,2106,0,1782359721.521645,0.001997232437133789
112658,normal,1608,0,1782359721.523754,0.0021088123321533203
112659,normal,1305,0,1782359721.5255015,0.0017476081848144531
112660,normal,1670,0,1782359721.5278478,0.0023462772369384766
112661,normal,205,0,1782359721.5296426,0.0017948150634765625
112662,normal,3460,0,1782359721.531657,0.0020143985748291016
112663,normal,77,0,1782359721.5336885,0.002031564712524414
112664,normal,228,0,1782359721.535818,0.0021295547485351562
112665,normal,259,0,1782359721.537502,0.001683950424194336
112666,normal,1839,0,1782359721.5398488,0.0023467540740966797
112667,normal,2784,0,1782359721.5416477,0.001798868179321289
112668,normal,738,0,1782359721.5437424,0.002094745635986328
112669,normal,777,2,1782359721.5456502,0.0019078254699707031
112670,normal,893,2,1782359721.5476134,0.0019631385803222656
112671,normal,2019,0,1782359721.549481,0.001867532730102539
112672,normal,2956,0,1782359721.5516503,0.002169370651245117
112673,normal,1179,0,1782359721.5536096,0.0019593238830566406
112674,normal,643,0,1782359721.5554824,0.0018727779388427734
112675,normal,2037,0,1782359721.5576503,0.002167940139770508
112676,normal,1995,0,1782359721.5596054,0.0019550323486328125
112677,normal,2512,0,1782359721.5614805,0.001875162124633789
112678,normal,2038,0,1782359721.5636556,0.0021750926971435547
112679,normal,3355,1,1782359721.5654912,0.0018355846405029297
112680,normal,3597,0,1782359721.5676,0.0021088123321533203
112681,normal,1709,0,1782359721.5695314,0.0019314289093017578
112682,normal,1743,0,1782359721.5715978,0.002066373825073242
112683,normal,2700,0,1782359721.5734766,0.0018787384033203125
112684,normal,1028,2,1782359721.5756834,0.0022068023681640625
112685,normal,296,0,1782359721.5774758,0.0017924308776855469
112686,normal,3036,0,1782359721.5795753,0.0020995140075683594
112687,normal,2758,0,1782359721.5814466,0.001871347427368164
112688,normal,2099,0,1782359721.5835197,0.002073049545288086
112689,normal,1298,0,1782359721.5855222,0.0020024776458740234
112690,normal,1999,0,1782359721.5874379,0.0019156932830810547
112691,normal,3507,0,1782359721.5895212,0.002083301544189453
112692,normal,3114,1,1782359721.5914664,0.0019452571868896484
112693,normal,465,0,1782359721.5934362,0.0019698143005371094
112694,normal,917,2,1782359721.5954437,0.0020074844360351562
112695,normal,3123,1,1782359721.5974634,0.002019643783569336
112696,normal,2318,0,1782359721.599436,0.001972675323486328
112697,normal,479,0,1782359721.6014664,0.0020303726196289062
112698,normal,151,0,1782359721.6034627,0.001996278762817383
112699,normal,1021,2,1782359721.6054356,0.0019729137420654297
112700,normal,2039,0,1782359721.6074734,0.0020377635955810547
112701,normal,2904,0,1782359721.6094644,0.0019910335540771484
112702,normal,2823,0,1782359721.6114373,0.0019729137420654297
112703,normal,892,2,1782359721.6134462,0.0020089149475097656
112704,normal,3603,0,1782359721.6154618,0.0020155906677246094
112705,normal,3386,1,1782359721.6174347,0.0019729137420654297
112706,normal,1323,1,1782359721.619473,0.002038240432739258
112707,normal,3441,0,1782359721.6214626,0.001989603042602539
112708,normal,324,0,1782359721.623468,0.002005338668823242
112709,normal,1879,0,1782359721.6254888,0.0020208358764648438
112710,normal,1511,0,1782359721.6274621,0.001973390579223633
112711,normal,2842,0,1782359721.6294377,0.001975536346435547
112712,normal,3417,0,1782359721.631466,0.002028226852416992
112713,normal,524,0,1782359721.6334627,0.001996755599975586
112714,normal,1984,0,1782359721.635438,0.0019752979278564453
112715,normal,3215,1,1782359721.6374884,0.0020503997802734375
112716,normal,1369,1,1782359721.6394634,0.0019750595092773438
112717,normal,2953,0,1782359721.6414363,0.0019729137420654297
112718,normal,2802,0,1782359721.6434474,0.0020110607147216797
112719,normal,9,0,1782359721.645461,0.002013683319091797
112720,normal,331,0,1782359721.647435,0.001973867416381836
112721,normal,2614,0,1782359721.64951,0.0020749568939208984
112722,normal,3130,1,1782359721.6514628,0.0019528865814208984
112723,normal,53,0,1782359721.6534362,0.001973390579223633
112724,normal,2285,0,1782359721.655488,0.002051830291748047
112725,normal,2940,0,1782359721.657469,0.001981019973754883
112726,normal,1544,0,1782359721.6595294,0.002060413360595703
112727,normal,2319,0,1782359721.6614933,0.0019638538360595703
112728,normal,180,0,1782359721.6634655,0.001972198486328125
112729,normal,1032,0,1782359721.6654363,0.0019707679748535156
112730,normal,1596,0,1782359721.66747,0.002033710479736328
112731,normal,182,0,1782359721.6694636,0.0019936561584472656
112732,normal,2233,0,1782359721.6714735,0.002009868621826172
112733,normal,2594,0,1782359721.6734848,0.0020112991333007812
112734,normal,2905,0,1782359721.6754825,0.001997709274291992
112735,normal,3645,0,1782359721.6774325,0.0019500255584716797
112736,normal,2035,0,1782359721.6794848,0.00205230712890625
112737,normal,654,0,1782359721.6814613,0.001976490020751953
112738,normal,252,0,1782359721.6834323,0.001971006393432617
112739,normal,3259,1,1782359721.6854806,0.0020482540130615234
112740,normal,1487,0,1782359721.6874602,0.0019795894622802734
112741,normal,3146,1,1782359721.6894338,0.0019736289978027344
112742,normal,1185,0,1782359721.6914907,0.0020568370819091797
112743,normal,2243,0,1782359721.6934628,0.001972198486328125
112744,normal,3293,1,1782359721.6954346,0.001971721649169922
112745,normal,1220,0,1782359721.69758,0.002145528793334961
112746,normal,3395,1,1782359721.6994646,0.00188446044921875
112747,normal,3143,1,1782359721.701436,0.0019714832305908203
112748,normal,3568,0,1782359721.7034743,0.002038240432739258
112749,normal,2119,0,1782359721.7054627,0.0019884109497070312
112750,normal,1901,0,1782359721.7074347,0.0019719600677490234
112751,normal,2201,0,1782359721.709462,0.002027273178100586
112752,normal,3697,0,1782359721.7114627,0.0020008087158203125
112753,normal,1885,0,1782359721.713435,0.001972198486328125
112754,normal,946,2,1782359721.7154605,0.002025604248046875
112755,normal,1889,0,1782359721.7174637,0.002003192901611328
112756,normal,2807,0,1782359721.7194357,0.0019719600677490234
112757,normal,1943,0,1782359721.721462,0.0020263195037841797
112758,normal,3561,0,1782359721.7234619,0.0019998550415039062
112759,normal,2584,0,1782359721.7254362,0.001974344253540039
112760,normal,1710,0,1782359721.7274623,0.002026081085205078
112761,normal,591,0,1782359721.7294624,0.002000093460083008
112762,normal,2338,0,1782359721.7314355,0.0019731521606445312
112763,normal,400,0,1782359721.7334607,0.002025127410888672
112764,normal,223,0,1782359721.7354708,0.0020101070404052734
112765,normal,1266,0,1782359721.7374365,0.001965761184692383
112766,normal,70,0,1782359721.7394621,0.002025604248046875
112767,normal,2669,0,1782359721.7414622,0.002000093460083008
112768,normal,1776,0,1782359721.7434347,0.0019724369049072266
112769,normal,3133,1,1782359721.7454617,0.0020270347595214844
112770,normal,3366,1,1782359721.7474637,0.0020020008087158203
112771,normal,715,0,1782359721.7494352,0.0019714832305908203
112772,normal,3514,0,1782359721.7514741,0.0020389556884765625
112773,normal,679,0,1782359721.7534673,0.0019931793212890625
112774,normal,3252,1,1782359721.7554362,0.001968860626220703
112775,normal,2184,0,1782359721.7574656,0.0020294189453125
112776,normal,3622,0,1782359721.759466,0.0020003318786621094
112777,normal,2829,0,1782359721.7614377,0.001971721649169922
112778,normal,3419,0,1782359721.7634647,0.0020270347595214844
112779,normal,32,0,1782359721.765466,0.0020012855529785156
112780,normal,3502,0,1782359721.7674375,0.0019714832305908203
112781,normal,278,0,1782359721.769464,0.0020265579223632812
112782,normal,1247,0,1782359721.7714643,0.0020003318786621094
112783,normal,200,0,1782359721.7734375,0.0019731521606445312
112784,normal,2458,0,1782359721.7754912,0.0020537376403808594
112785,normal,168,0,1782359721.7774653,0.0019741058349609375
112786,normal,2073,0,1782359721.779639,0.0021736621856689453
112787,normal,1535,0,1782359721.7816153,0.0019762516021728516
112788,normal,219,0,1782359721.783455,0.0018396377563476562
112789,normal,2869,0,1782359721.785706,0.002251148223876953
112790,normal,2744,0,1782359721.787613,0.0019068717956542969
112791,normal,2267,0,1782359721.7894535,0.0018405914306640625
112792,normal,3399,1,1782359721.7916985,0.0022449493408203125
112793,normal,1700,0,1782359721.793711,0.002012491226196289
112794,normal,2724,0,1782359721.7956207,0.0019097328186035156
112795,normal,2163,0,1782359721.7977638,0.0021431446075439453
112796,normal,549,0,1782359721.799505,0.001741170883178711
112797,normal,871,2,1782359721.8018365,0.0023314952850341797
112798,normal,869,2,1782359721.8035583,0.0017218589782714844
112799,normal,901,2,1782359721.805708,0.0021495819091796875
112800,normal,3270,1,1782359721.80749,0.0017821788787841797
112801,normal,337,0,1782359721.8095992,0.002109050750732422
112802,normal,932,2,1782359721.8116126,0.0020134449005126953
112803,normal,3434,0,1782359721.8135345,0.0019218921661376953
112804,normal,1161,0,1782359721.8156202,0.0020856857299804688
112805,normal,3353,1,1782359721.8176188,0.0019986629486083984
112806,normal,1587,0,1782359721.819479,0.0018601417541503906
112807,normal,1726,0,1782359721.8216252,0.0021462440490722656
112808,normal,3585,0,1782359721.8236136,0.0019884109497070312
112809,normal,1145,0,1782359721.8254569,0.0018432140350341797
112810,normal,355,0,1782359721.8276238,0.0021669864654541016
112811,normal,1245,0,1782359721.8296182,0.0019943714141845703
112812,normal,537,0,1782359721.8314686,0.0018503665924072266
112813,normal,52,0,1782359721.8336282,0.002159595489501953
112814,normal,521,0,1782359721.8356144,0.001986265182495117
112815,normal,113,0,1782359721.837479,0.0018646717071533203
112816,normal,329,0,1782359721.8397093,0.0022301673889160156
112817,normal,1003,2,1782359721.84162,0.0019106864929199219
112818,normal,2325,0,1782359721.8434908,0.001870870590209961
112819,normal,576,0,1782359721.8456006,0.0021097660064697266
112820,normal,2585,0,1782359721.8476152,0.002014636993408203
112821,normal,2118,0,1782359721.849455,0.0018398761749267578
112822,normal,298,0,1782359721.8518956,0.0024404525756835938
112823,normal,2043,0,1782359721.853486,0.0015904903411865234
112824,normal,806,2,1782359721.8556116,0.0021255016326904297
112825,normal,1744,0,1782359721.8574777,0.0018661022186279297
112826,normal,2602,0,1782359721.8594577,0.0019800662994384766
112827,normal,998,2,1782359721.8616056,0.0021479129791259766
112828,normal,3294,1,1782359721.8634713,0.0018656253814697266
112829,normal,807,2,1782359721.8656406,0.002169370651245117
112830,normal,3138,1,1782359721.8674562,0.0018155574798583984
112831,normal,1541,0,1782359721.869638,0.0021817684173583984
112832,normal,3268,1,1782359721.871455,0.0018169879913330078
112833,normal,307,0,1782359721.8736076,0.002152681350708008
112834,normal,1353,1,1782359721.8754873,0.0018796920776367188
112835,normal,84,0,1782359721.87765,0.0021626949310302734
112836,normal,2970,0,1782359721.8794615,0.0018115043640136719
112837,normal,2346,0,1782359721.8816447,0.002183198928833008
112838,normal,2531,0,1782359721.8834593,0.0018146038055419922
112839,normal,1366,1,1782359721.8856087,0.002149343490600586
112840,normal,2221,0,1782359721.8874924,0.0018837451934814453
112841,normal,2225,0,1782359721.88961,0.002117633819580078
112842,normal,120,0,1782359721.891466,0.0018558502197265625
112843,normal,825,2,1782359721.8936472,0.0021812915802001953
112844,normal,1058,0,1782359721.8954594,0.0018122196197509766
112845,normal,2933,0,1782359721.897609,0.0021495819091796875
112846,normal,1543,0,1782359721.8994968,0.0018877983093261719
112847,normal,2670,0,1782359721.9016128,0.002115964889526367
112848,normal,718,0,1782359721.9034822,0.0018694400787353516
112849,normal,262,0,1782359721.9056535,0.0021712779998779297
112850,normal,722,0,1782359721.9074612,0.0018076896667480469
112851,normal,2753,0,1782359721.9096098,0.0021486282348632812
112852,normal,3154,1,1782359721.911507,0.0018970966339111328
112853,normal,612,0,1782359721.913615,0.0021080970764160156
112854,normal,1076,0,1782359721.9154541,0.0018391609191894531
112855,normal,116,0,1782359721.9177055,0.0022513866424560547
112856,normal,581,0,1782359721.919453,0.0017473697662353516
112857,normal,1981,0,1782359721.921608,0.0021550655364990234
112858,normal,3211,1,1782359721.9235065,0.0018985271453857422
112859,normal,780,2,1782359721.9256084,0.002101898193359375
112860,normal,2717,0,1782359721.9275033,0.0018949508666992188
112861,normal,1579,0,1782359721.929517,0.002013683319091797
112862,normal,1397,0,1782359721.9316196,0.0021026134490966797
112863,normal,2798,0,1782359721.933454,0.0018343925476074219
112864,normal,3023,0,1782359721.935612,0.002157926559448242
112865,normal,606,0,1782359721.937609,0.0019969940185546875
112866,normal,2413,0,1782359721.9394586,0.0018496513366699219
112867,normal,2946,0,1782359721.9417024,0.0022437572479248047
112868,normal,1881,0,1782359721.9434578,0.0017554759979248047
112869,normal,2141,0,1782359721.9456093,0.0021514892578125
112870,normal,2020,0,1782359721.947511,0.0019016265869140625
112871,normal,2252,0,1782359721.9496098,0.0020987987518310547
112872,normal,2223,0,1782359721.9514563,0.0018465518951416016
112873,normal,844,2,1782359721.9536083,0.002151966094970703
112874,normal,1913,0,1782359721.9556172,0.0020089149475097656
112875,normal,2361,0,1782359721.957464,0.0018467903137207031
112876,normal,2712,0,1782359721.9597135,0.002249479293823242
112877,normal,680,0,1782359721.961453,0.001739501953125
112878,normal,2689,0,1782359721.963609,0.0021560192108154297
112879,normal,3002,0,1782359721.9655104,0.001901388168334961
112880,normal,3348,1,1782359721.9676123,0.002101898193359375
112881,normal,1674,0,1782359721.969462,0.0018496513366699219
112882,normal,3028,0,1782359721.971714,0.0022521018981933594
112883,normal,493,0,1782359721.973454,0.0017399787902832031
112884,normal,1899,0,1782359721.9756098,0.002155780792236328
112885,normal,3557,0,1782359721.9775121,0.0019023418426513672
112886,normal,2205,0,1782359721.9796216,0.002109527587890625
112887,normal,3565,0,1782359721.9814563,0.0018346309661865234
112888,normal,1572,0,1782359721.983715,0.002258777618408203
112889,normal,142,0,1782359721.9854581,0.0017430782318115234
112890,normal,907,2,1782359721.9876091,0.002151012420654297
112891,normal,2444,0,1782359721.9894576,0.001848459243774414
112892,normal,2093,0,1782359721.991613,0.002155303955078125
112893,normal,1566,0,1782359721.993459,0.0018460750579833984
112894,normal,3059,1,1782359721.9956133,0.0021543502807617188
112895,normal,2070,0,1782359721.997612,0.0019986629486083984
112896,normal,2366,0,1782359721.9994562,0.001844167709350586
112897,normal,3276,1,1782359722.0017185,0.0022623538970947266
112898,normal,3424,0,1782359722.0034611,0.0017426013946533203
112899,normal,897,2,1782359722.0056167,0.0021555423736572266
112900,normal,2529,0,1782359722.007514,0.0018973350524902344
112901,normal,843,2,1782359722.0096202,0.002106189727783203
112902,normal,2769,0,1782359722.011457,0.0018367767333984375
112903,normal,1949,0,1782359722.013723,0.00226593017578125
112904,normal,21,0,1782359722.015456,0.0017330646514892578
112905,normal,1713,0,1782359722.017608,0.002151966094970703
112906,normal,1417,0,1782359722.0195212,0.001913309097290039
112907,normal,1411,0,1782359722.0216138,0.002092599868774414
112908,normal,1756,0,1782359722.023457,0.0018432140350341797
112909,normal,184,0,1782359722.0257177,0.0022606849670410156
112910,normal,2211,0,1782359722.0274932,0.001775503158569336
112911,normal,2831,0,1782359722.029616,0.0021228790283203125
112912,normal,2746,0,1782359722.0314565,0.001840353012084961
112913,normal,417,0,1782359722.033611,0.0021545886993408203
112914,normal,31,0,1782359722.035456,0.0018448829650878906
112915,normal,2101,0,1782359722.037716,0.002259969711303711
112916,normal,3318,1,1782359722.039458,0.0017421245574951172
112917,normal,500,0,1782359722.0416176,0.002159595489501953
112918,normal,1688,0,1782359722.0435104,0.0018928050994873047
112919,normal,1362,1,1782359722.0456333,0.0021228790283203125
112920,normal,3307,1,1782359722.0474668,0.0018334388732910156
112921,normal,3632,0,1782359722.049615,0.002148151397705078
112922,normal,2557,0,1782359722.0516248,0.002009868621826172
112923,normal,712,0,1782359722.0536494,0.0020246505737304688
112924,normal,299,0,1782359722.0555575,0.0019080638885498047
112925,normal,904,2,1782359722.057736,0.0021784305572509766
112926,normal,651,0,1782359722.0596395,0.001903533935546875
112927,normal,1985,0,1782359722.061526,0.001886606216430664
112928,normal,2107,0,1782359722.0636532,0.0021271705627441406
112929,normal,1977,0,1782359722.0654924,0.0018391609191894531
112930,normal,3240,1,1782359722.0674667,0.001974344253540039
112931,normal,3001,0,1782359722.0696406,0.002173900604248047
112932,normal,2236,0,1782359722.071493,0.001852273941040039
112933,normal,2317,0,1782359722.0734332,0.0019402503967285156
112934,normal,3669,0,1782359722.0754392,0.002006053924560547
112935,normal,3504,0,1782359722.0775058,0.0020666122436523438
112936,normal,918,2,1782359722.0794137,0.0019078254699707031
112937,normal,566,0,1782359722.082093,0.0026793479919433594
112938,normal,2421,0,1782359722.0834203,0.0013272762298583984
112939,normal,1639,0,1782359722.0854218,0.002001523971557617
112940,normal,1932,0,1782359722.0874116,0.0019898414611816406
112941,normal,3667,0,1782359722.0894012,0.001989603042602539
112942,normal,3055,1,1782359722.0914054,0.0020041465759277344
112943,normal,496,0,1782359722.093405,0.0019996166229248047
112944,normal,3273,1,1782359722.0954535,0.002048492431640625
112945,normal,3510,0,1782359722.0974588,0.002005338668823242
112946,normal,665,0,1782359722.0994575,0.0019986629486083984
112947,normal,737,0,1782359722.1016166,0.00215911865234375
112948,normal,2298,0,1782359722.103482,0.001865386962890625
112949,normal,1772,0,1782359722.1056235,0.0021414756774902344
112950,normal,2466,0,1782359722.1074576,0.0018341541290283203
112951,normal,232,0,1782359722.1096454,0.0021877288818359375
112952,normal,2593,0,1782359722.1114907,0.0018453598022460938
112953,normal,2871,0,1782359722.1136112,0.002120494842529297
112954,normal,830,2,1782359722.1154878,0.0018765926361083984
112955,normal,1598,0,1782359722.1176171,0.0021293163299560547
112956,normal,2139,0,1782359722.1194565,0.0018393993377685547
112957,normal,286,0,1782359722.1214905,0.0020339488983154297
112958,normal,2310,0,1782359722.1236203,0.002129793167114258
112959,normal,3465,0,1782359722.1254637,0.0018434524536132812
112960,normal,820,2,1782359722.1274936,0.002029895782470703
112961,normal,3625,0,1782359722.1296124,0.002118825912475586
112962,normal,2071,0,1782359722.1314595,0.0018470287322998047
112963,normal,399,0,1782359722.1336515,0.0021920204162597656
112964,normal,514,0,1782359722.1354587,0.0018072128295898438
112965,normal,3352,1,1782359722.1376092,0.0021505355834960938
112966,normal,522,0,1782359722.1394546,0.0018453598022460938
112967,normal,609,0,1782359722.1416564,0.0022017955780029297
112968,normal,2192,0,1782359722.1434605,0.0018041133880615234
112969,normal,1415,0,1782359722.1456146,0.002154111862182617
112970,normal,838,2,1782359722.1476145,0.0019998550415039062
112971,normal,1565,0,1782359722.1494615,0.0018470287322998047
112972,normal,3655,0,1782359722.151704,0.002242565155029297
112973,normal,593,0,1782359722.153453,0.0017490386962890625
112974,normal,925,2,1782359722.1556094,0.0021562576293945312
112975,normal,393,0,1782359722.1574988,0.0018894672393798828
112976,normal,1937,0,1782359722.1596146,0.0021157264709472656
112977,normal,3090,1,1782359722.1614592,0.001844644546508789
112978,normal,2916,0,1782359722.163612,0.002152681350708008
112979,normal,3537,0,1782359722.1656508,0.0020389556884765625
112980,normal,3022,0,1782359722.1674578,0.0018069744110107422
112981,normal,3365,1,1782359722.1697128,0.002254962921142578
112982,normal,1775,0,1782359722.1714535,0.0017406940460205078
112983,normal,2934,0,1782359722.1736124,0.0021588802337646484
112984,normal,1512,0,1782359722.1755123,0.0018999576568603516
112985,normal,3062,1,1782359722.1776104,0.00209808349609375
112986,normal,1580,0,1782359722.1794562,0.0018458366394042969
112987,normal,989,2,1782359722.1817193,0.0022630691528320312
112988,normal,3208,1,1782359722.1834517,0.0017323493957519531
112989,normal,2995,0,1782359722.185456,0.002004384994506836
112990,normal,2206,0,1782359722.1877196,0.0022635459899902344
112991,normal,2632,0,1782359722.1894546,0.0017349720001220703
112992,normal,3415,0,1782359722.19161,0.0021555423736572266
112993,normal,491,0,1782359722.1934583,0.0018482208251953125
112994,normal,2799,0,1782359722.1956172,0.0021588802337646484
112995,normal,653,0,1782359722.197455,0.0018377304077148438
112996,normal,2797,0,1782359722.1997242,0.002269268035888672
112997,normal,323,0,1782359722.2014618,0.0017375946044921875
112998,normal,1099,0,1782359722.203615,0.002153158187866211
112999,normal,1617,0,1782359722.2055209,0.0019059181213378906
113000,normal,3321,1,1782359722.2076144,0.0020935535430908203
113001,normal,1154,0,1782359722.2094562,0.0018417835235595703
113002,normal,1373,1,1782359722.2116127,0.002156496047973633
113003,normal,1379,1,1782359722.2134674,0.0018546581268310547
113004,normal,3530,0,1782359722.2156126,0.0021452903747558594
113005,normal,140,0,1782359722.217456,0.0018434524536132812
113006,normal,1489,0,1782359722.2196107,0.0021545886993408203
113007,normal,2364,0,1782359722.2214563,0.0018455982208251953
113008,normal,459,0,1782359722.2236135,0.0021572113037109375
113009,normal,22,0,1782359722.2256136,0.002000093460083008
113010,normal,1609,0,1782359722.227455,0.0018413066864013672
113011,normal,57,0,1782359722.229729,0.002274036407470703
113012,normal,2665,0,1782359722.2314534,0.0017244815826416016
113013,normal,3109,1,1782359722.2336109,0.002157449722290039
113014,normal,3382,1,1782359722.2354567,0.0018458366394042969
113015,normal,2728,0,1782359722.2376153,0.002158641815185547
113016,normal,3433,0,1782359722.2394593,0.0018439292907714844
113017,normal,1824,0,1782359722.2417257,0.002266407012939453
113018,normal,2568,0,1782359722.24346,0.0017342567443847656
113019,normal,2083,0,1782359722.2456307,0.0021708011627197266
113020,normal,266,0,1782359722.2474597,0.001828908920288086
113021,normal,3272,1,1782359722.2496161,0.002156496047973633
113022,normal,512,0,1782359722.2514973,0.0018811225891113281
113023,normal,3158,1,1782359722.2536087,0.0021114349365234375
113024,normal,3105,1,1782359722.2556188,0.0020101070404052734
113025,normal,3447,0,1782359722.2574549,0.0018360614776611328
113026,normal,927,2,1782359722.2597444,0.0022895336151123047
113027,normal,2556,0,1782359722.2614567,0.0017123222351074219
113028,normal,1237,0,1782359722.2636144,0.0021576881408691406
113029,normal,2017,0,1782359722.265525,0.0019106864929199219
113030,normal,2943,0,1782359722.2676578,0.0021326541900634766
113031,normal,424,0,1782359722.26946,0.001802206039428711
113032,normal,2997,0,1782359722.2717254,0.002265453338623047
113033,normal,1243,0,1782359722.2734542,0.0017287731170654297
113034,normal,2962,0,1782359722.2756102,0.0021560192108154297
113035,normal,1840,0,1782359722.2774572,0.0018470287322998047
113036,normal,2501,0,1782359722.2796147,0.002157449722290039
113037,normal,3010,0,1782359722.2814617,0.0018470287322998047
113038,normal,2855,0,1782359722.283458,0.001996278762817383
113039,normal,3581,0,1782359722.2856133,0.002155303955078125
113040,normal,803,2,1782359722.2874558,0.001842498779296875
113041,normal,3201,1,1782359722.2896159,0.0021600723266601562
113042,normal,797,2,1782359722.2916126,0.001996755599975586
113043,normal,1822,0,1782359722.2934551,0.001842498779296875
113044,normal,2818,0,1782359722.295619,0.0021638870239257812
113045,normal,2691,0,1782359722.2976115,0.001992464065551758
113046,normal,3658,0,1782359722.2994552,0.0018436908721923828
113047,normal,2896,0,1782359722.301617,0.002161741256713867
113048,normal,3060,1,1782359722.3036094,0.001992464065551758
113049,normal,442,0,1782359722.3054578,0.001848459243774414
113050,normal,3047,1,1782359722.3076124,0.0021545886993408203
113051,normal,2299,0,1782359722.309618,0.0020055770874023438
113052,normal,3661,0,1782359722.3114557,0.0018377304077148438
113053,normal,2134,0,1782359722.3137155,0.0022597312927246094
113054,normal,2021,0,1782359722.315458,0.0017426013946533203
113055,normal,1706,0,1782359722.3176131,0.0021550655364990234
113056,normal,2544,0,1782359722.3194554,0.0018422603607177734
113057,normal,1150,0,1782359722.3216205,0.002165079116821289
113058,normal,2266,0,1782359722.3234577,0.0018372535705566406
113059,normal,137,0,1782359722.3256345,0.0021767616271972656
113060,normal,2607,0,1782359722.3274581,0.0018236637115478516
113061,normal,1597,0,1782359722.3296473,0.002189159393310547
113062,normal,2335,0,1782359722.33148,0.001832723617553711
113063,normal,2688,0,1782359722.3336132,0.0021331310272216797
113064,normal,517,0,1782359722.3354552,0.0018420219421386719
113065,normal,134,0,1782359722.3376129,0.0021576881408691406
113066,normal,480,0,1782359722.339626,0.0020132064819335938
113067,normal,2993,0,1782359722.3414602,0.0018341541290283203
113068,normal,854,2,1782359722.3436413,0.0021810531616210938
113069,normal,2228,0,1782359722.3454556,0.0018143653869628906
113070,normal,1850,0,1782359722.3476112,0.0021555423736572266
113071,normal,813,2,1782359722.3497071,0.002095937728881836
113072,normal,640,0,1782359722.351483,0.001775979995727539
113073,normal,3301,1,1782359722.353711,0.002227783203125
113074,normal,1098,0,1782359722.3554947,0.0017838478088378906
113075,normal,112,0,1782359722.3576138,0.0021190643310546875
113076,normal,3261,1,1782359722.3594737,0.001859903335571289
113077,normal,2612,0,1782359722.3616507,0.002177000045776367
113078,normal,1337,1,1782359722.3634686,0.001817941665649414
113079,normal,876,2,1782359722.36562,0.0021512508392333984
113080,normal,2881,0,1782359722.367494,0.0018742084503173828
113081,normal,1941,0,1782359722.3696113,0.002117156982421875
113082,normal,1209,0,1782359722.3714588,0.0018475055694580078
113083,normal,2745,0,1782359722.3736176,0.0021588802337646484
113084,normal,538,0,1782359722.3756115,0.001993894577026367
113085,normal,973,2,1782359722.3774877,0.0018761157989501953
113086,normal,2374,0,1782359722.3796158,0.002128124237060547
113087,normal,858,2,1782359722.38162,0.0020041465759277344
113088,normal,245,0,1782359722.383458,0.0018379688262939453
113089,normal,2915,0,1782359722.3857062,0.0022482872009277344
113090,normal,3274,1,1782359722.3874605,0.0017542839050292969
113091,normal,3628,0,1782359722.3896132,0.002152681350708008
113092,normal,884,2,1782359722.3915029,0.0018897056579589844
113093,normal,325,0,1782359722.3936143,0.0021114349365234375
113094,normal,1906,0,1782359722.395458,0.0018436908721923828
113095,normal,2908,0,1782359722.397705,0.0022470951080322266
113096,normal,1477,0,1782359722.3994613,0.0017561912536621094
113097,normal,1864,0,1782359722.4016142,0.0021529197692871094
113098,normal,1177,0,1782359722.4034588,0.001844644546508789
113099,normal,3644,0,1782359722.405615,0.0021562576293945312
113100,normal,2554,0,1782359722.4074562,0.0018410682678222656
113101,normal,686,0,1782359722.4094553,0.0019991397857666016
113102,normal,3220,1,1782359722.411615,0.002159595489501953
113103,normal,2988,0,1782359722.4134598,0.0018448829650878906
113104,normal,1714,0,1782359722.4156144,0.0021545886993408203
113105,normal,2824,0,1782359722.4176123,0.0019979476928710938
113106,normal,3479,0,1782359722.4194598,0.0018475055694580078
113107,normal,1063,0,1782359722.421614,0.002154111862182617
113108,normal,547,0,1782359722.4236128,0.0019989013671875
113109,normal,2827,0,1782359722.4254558,0.0018429756164550781
113110,normal,2886,0,1782359722.4277225,0.0022666454315185547
113111,normal,1795,0,1782359722.4294822,0.0017597675323486328
113112,normal,227,0,1782359722.4316106,0.0021283626556396484
113113,normal,58,0,1782359722.4334571,0.0018465518951416016
113114,normal,2256,0,1782359722.4356174,0.002160310745239258
113115,normal,516,0,1782359722.4374707,0.0018532276153564453
113116,normal,139,0,1782359722.439617,0.0021462440490722656
113117,normal,1148,0,1782359722.4414608,0.0018439292907714844
113118,normal,2068,0,1782359722.4436157,0.002154827117919922
113119,normal,709,0,1782359722.445459,0.0018432140350341797
113120,normal,3642,0,1782359722.4476202,0.002161264419555664
113121,normal,2189,0,1782359722.4494574,0.0018372535705566406
113122,normal,1980,0,1782359722.4517267,0.002269268035888672
113123,normal,1661,0,1782359722.453457,0.0017304420471191406
113124,normal,3443,0,1782359722.4556131,0.0021560192108154297
113125,normal,3155,1,1782359722.4574585,0.0018453598022460938
113126,normal,967,2,1782359722.4596155,0.002156972885131836
113127,normal,1697,0,1782359722.461465,0.0018494129180908203
113128,normal,805,2,1782359722.4636295,0.002164602279663086
113129,normal,1083,0,1782359722.4656184,0.0019888877868652344
113130,normal,776,2,1782359722.467499,0.001880645751953125
113131,normal,3586,0,1782359722.4697404,0.002241373062133789
113132,normal,3221,1,1782359722.4714613,0.0017209053039550781
113133,normal,1664,0,1782359722.4736123,0.002151012420654297
113134,normal,1691,0,1782359722.4754436,0.0018312931060791016
113135,normal,146,0,1782359722.4776335,0.0021898746490478516
113136,normal,173,0,1782359722.4794805,0.0018470287322998047
113137,normal,269,0,1782359722.4816012,0.0021207332611083984
113138,normal,702,0,1782359722.4836164,0.0020151138305664062
113139,normal,1358,1,1782359722.4854596,0.0018432140350341797
113140,normal,3245,1,1782359722.4876022,0.002142667770385742
113141,normal,3053,1,1782359722.4896164,0.00201416015625
113142,normal,1666,0,1782359722.4914608,0.0018444061279296875
113143,normal,1602,0,1782359722.4936066,0.0021457672119140625
113144,normal,3463,0,1782359722.49562,0.0020134449005126953
113145,normal,1673,0,1782359722.4974594,0.0018393993377685547
113146,normal,2008,0,1782359722.4996085,0.0021491050720214844
113147,normal,93,0,1782359722.501619,0.0020105838775634766
113148,normal,1684,0,1782359722.5034688,0.0018496513366699219
113149,normal,2208,0,1782359722.5056002,0.0021314620971679688
113150,normal,764,0,1782359722.50762,0.0020198822021484375
113151,normal,705,0,1782359722.5094576,0.0018374919891357422
113152,normal,3425,0,1782359722.5116131,0.0021555423736572266
113153,normal,2109,0,1782359722.5136163,0.002003192901611328
113154,normal,2617,0,1782359722.5154643,0.001847982406616211
113155,normal,2105,0,1782359722.517615,0.0021507740020751953
113156,normal,627,0,1782359722.5196166,0.002001523971557617
113157,normal,2383,0,1782359722.5214581,0.0018415451049804688
113158,normal,2327,0,1782359722.5236182,0.0021600723266601562
113159,normal,1322,1,1782359722.5256202,0.0020020008087158203
113160,normal,458,0,1782359722.5274596,0.0018393993377685547
113161,normal,2368,0,1782359722.52962,0.002160310745239258
113162,normal,2912,0,1782359722.5316162,0.001996278762817383
113163,normal,1774,0,1782359722.5334594,0.0018432140350341797
113164,normal,2509,0,1782359722.5356019,0.0021424293518066406
113165,normal,3303,1,1782359722.5376153,0.0020134449005126953
113166,normal,2965,0,1782359722.5394614,0.0018460750579833984
113167,normal,2393,0,1782359722.5416234,0.0021619796752929688
113168,normal,1193,0,1782359722.5436194,0.0019960403442382812
113169,normal,1025,2,1782359722.5454576,0.0018382072448730469
113170,normal,1607,0,1782359722.5476286,0.002171039581298828
113171,normal,2572,0,1782359722.5496173,0.001988649368286133
113172,normal,1717,0,1782359722.5514584,0.0018410682678222656
113173,normal,378,0,1782359722.55363,0.002171754837036133
113174,normal,2096,0,1782359722.5556357,0.0020055770874023438
113175,normal,2081,0,1782359722.5574572,0.0018215179443359375
113176,normal,684,0,1782359722.5596023,0.002145051956176758
113177,normal,2751,0,1782359722.5616105,0.002008199691772461
113178,normal,2733,0,1782359722.563465,0.0018546581268310547
113179,normal,3577,0,1782359722.5656428,0.002177715301513672
113180,normal,150,0,1782359722.567622,0.0019791126251220703
113181,normal,1586,0,1782359722.5694582,0.0018362998962402344
113182,normal,451,0,1782359722.57164,0.0021817684173583984
113183,normal,1861,0,1782359722.5736194,0.001979351043701172
113184,normal,2302,0,1782359722.5754588,0.0018393993377685547
113185,normal,1108,0,1782359722.5776384,0.0021796226501464844
113186,normal,1214,0,1782359722.57962,0.001981496810913086
113187,normal,861,2,1782359722.5814564,0.001836538314819336
113188,normal,1907,0,1782359722.583642,0.0021855831146240234
113189,normal,2108,0,1782359722.5856168,0.001974821090698242
113190,normal,1676,0,1782359722.58746,0.0018432140350341797
113191,normal,3659,0,1782359722.5896463,0.002186298370361328
113192,normal,819,2,1782359722.591708,0.002061605453491211
113193,normal,818,2,1782359722.5935514,0.0018434524536132812
113194,normal,758,0,1782359722.5954494,0.001898050308227539
113195,normal,2516,0,1782359722.59762,0.002170562744140625
113196,normal,3505,0,1782359722.5994582,0.0018382072448730469
113197,normal,2983,0,1782359722.6016486,0.0021903514862060547
113198,normal,2187,0,1782359722.6036205,0.0019719600677490234
113199,normal,1991,0,1782359722.6054566,0.0018360614776611328
113200,normal,1184,0,1782359722.6076534,0.002196788787841797
113201,normal,1062,0,1782359722.6096191,0.001965761184692383
113202,normal,616,0,1782359722.6114585,0.0018393993377685547
113203,normal,38,0,1782359722.6136532,0.002194643020629883
113204,normal,3198,1,1782359722.6156197,0.0019664764404296875
113205,normal,1437,0,1782359722.617457,0.0018372535705566406
113206,normal,720,0,1782359722.619657,0.0022001266479492188
113207,normal,482,0,1782359722.6216266,0.001969575881958008
113208,normal,2169,0,1782359722.6234586,0.0018320083618164062
113209,normal,2276,0,1782359722.6256583,0.0021996498107910156
113210,normal,2052,0,1782359722.6276176,0.0019593238830566406
113211,normal,2230,0,1782359722.6294563,0.00183868408203125
113212,normal,596,0,1782359722.6317089,0.0022525787353515625
113213,normal,3314,1,1782359722.633624,0.0019152164459228516
113214,normal,2132,0,1782359722.6354604,0.0018362998962402344
113215,normal,3137,1,1782359722.6377077,0.002247333526611328
113216,normal,633,0,1782359722.639621,0.001913309097290039
113217,normal,1939,0,1782359722.6414564,0.0018353462219238281
113218,normal,1758,0,1782359722.643712,0.002255678176879883
113219,normal,2796,0,1782359722.6454642,0.0017521381378173828
113220,normal,938,2,1782359722.6476135,0.002149343490600586
113221,normal,3408,0,1782359722.6495113,0.0018978118896484375
113222,normal,2901,0,1782359722.651617,0.002105712890625
113223,normal,2170,0,1782359722.6534615,0.0018444061279296875
113224,normal,2588,0,1782359722.6557186,0.002257108688354492
113225,normal,1068,0,1782359722.6574645,0.0017459392547607422
113226,normal,2522,0,1782359722.6596131,0.0021486282348632812
113227,normal,2495,0,1782359722.6614668,0.0018537044525146484
113228,normal,1969,0,1782359722.6636434,0.002176523208618164
113229,normal,3083,1,1782359722.6654615,0.0018181800842285156
113230,normal,1029,2,1782359722.6676245,0.002162933349609375
113231,normal,1349,1,1782359722.6696477,0.0020232200622558594
113232,normal,3117,1,1782359722.6714706,0.0018229484558105469
113233,normal,2874,0,1782359722.6736004,0.002129793167114258
113234,normal,72,0,1782359722.675622,0.0020215511322021484
113235,normal,3699,0,1782359722.6774595,0.0018374919891357422
113236,normal,2848,0,1782359722.6796033,0.00214385986328125
113237,normal,2884,0,1782359722.68189,0.002286672592163086
113238,normal,3627,0,1782359722.6837096,0.001819610595703125
113239,normal,2856,0,1782359722.685627,0.0019173622131347656
113240,normal,1488,0,1782359722.6876404,0.0020134449005126953
113241,normal,2551,0,1782359722.6894984,0.0018579959869384766
113242,normal,1342,1,1782359722.6916096,0.002111196517944336
113243,normal,3004,0,1782359722.6936102,0.002000570297241211
113244,normal,365,0,1782359722.6954584,0.0018482208251953125
113245,normal,1646,0,1782359722.6976302,0.002171754837036133
113246,normal,1190,0,1782359722.6996186,0.0019884109497070312
113247,normal,1341,1,1782359722.701456,0.0018374919891357422
113248,normal,1005,2,1782359722.7036154,0.0021593570709228516
113249,normal,3686,0,1782359722.7056081,0.0019927024841308594
113250,normal,3564,0,1782359722.7074614,0.0018532276153564453
113251,normal,831,2,1782359722.709742,0.002280712127685547
113252,normal,2471,0,1782359722.711509,0.0017669200897216797
113253,normal,2251,0,1782359722.713614,0.0021049976348876953
113254,normal,2049,0,1782359722.7154555,0.0018415451049804688
113255,normal,472,0,1782359722.7176175,0.0021619796752929688
113256,normal,2193,0,1782359722.7194555,0.0018379688262939453
113257,normal,1263,0,1782359722.7217422,0.002286672592163086
113258,normal,1175,0,1782359722.7235067,0.001764535903930664
113259,normal,592,0,1782359722.7256103,0.002103567123413086
113260,normal,1491,0,1782359722.7275398,0.0019295215606689453
113261,normal,3455,0,1782359722.729614,0.0020742416381835938
113262,normal,1131,0,1782359722.7314804,0.0018663406372070312
113263,normal,224,0,1782359722.7337418,0.0022614002227783203
113264,normal,528,0,1782359722.7354572,0.0017154216766357422
113265,normal,1625,0,1782359722.7377894,0.0023322105407714844
113266,normal,2711,0,1782359722.7397604,0.001971006393432617
113267,normal,454,0,1782359722.7414973,0.0017368793487548828
113268,normal,649,0,1782359722.7437208,0.002223491668701172
113269,normal,765,0,1782359722.7454524,0.0017316341400146484
113270,normal,772,2,1782359722.7476265,0.0021741390228271484
113271,normal,1410,0,1782359722.749478,0.0018515586853027344
113272,normal,2789,0,1782359722.7516136,0.0021355152130126953
113273,normal,994,2,1782359722.7536228,0.002009153366088867
113274,normal,2860,0,1782359722.7554622,0.0018393993377685547
113275,normal,453,0,1782359722.757736,0.0022737979888916016
113276,normal,2868,0,1782359722.759471,0.0017349720001220703
113277,normal,1405,0,1782359722.7616174,0.002146482467651367
113278,normal,678,0,1782359722.763459,0.0018415451049804688
113279,normal,1925,0,1782359722.7656195,0.0021605491638183594
113280,normal,62,0,1782359722.7674575,0.0018379688262939453
113281,normal,2371,0,1782359722.7696207,0.0021631717681884766
113282,normal,2781,0,1782359722.7716208,0.002000093460083008
113283,normal,1259,0,1782359722.7734597,0.0018389225006103516
113284,normal,1723,0,1782359722.7756224,0.0021626949310302734
113285,normal,3478,0,1782359722.7776213,0.0019989013671875
113286,normal,371,0,1782359722.7794607,0.0018393993377685547
113287,normal,3061,1,1782359722.781629,0.002168416976928711
113288,normal,2939,0,1782359722.783621,0.0019919872283935547
113289,normal,2872,0,1782359722.78546,0.0018389225006103516
113290,normal,1085,0,1782359722.7876275,0.0021674633026123047
113291,normal,107,0,1782359722.7896273,0.0019998550415039062
113292,normal,671,0,1782359722.791459,0.0018317699432373047
113293,normal,1075,0,1782359722.7936313,0.002172231674194336
113294,normal,2315,0,1782359722.7954667,0.0018353462219238281
113295,normal,284,0,1782359722.7976358,0.0021691322326660156
113296,normal,3049,1,1782359722.799475,0.0018391609191894531
113297,normal,2803,0,1782359722.8016193,0.002144336700439453
113298,normal,513,0,1782359722.803458,0.00183868408203125
113299,normal,156,0,1782359722.8056357,0.002177715301513672
113300,normal,15,0,1782359722.8074794,0.0018436908721923828
113301,normal,945,2,1782359722.8096175,0.0021381378173828125
113302,normal,1216,0,1782359722.8114789,0.0018613338470458984
113303,normal,779,2,1782359722.8136244,0.002145528793334961
113304,normal,3373,1,1782359722.815457,0.001832723617553711
113305,normal,2174,0,1782359722.817639,0.0021820068359375
113306,normal,1968,0,1782359722.8196461,0.002007007598876953
113307,normal,3676,0,1782359722.821822,0.0021758079528808594
113308,normal,265,0,1782359722.8237004,0.001878499984741211
113309,normal,34,0,1782359722.825798,0.002097606658935547
113310,normal,3678,0,1782359722.8275821,0.0017840862274169922
113311,normal,1045,0,1782359722.829616,0.0020339488983154297
113312,normal,1365,1,1782359722.8315675,0.001951456069946289
113313,normal,1112,0,1782359722.833391,0.00182342529296875
113314,normal,3110,1,1782359722.8354456,0.0020546913146972656
113315,normal,3675,0,1782359722.837496,0.0020503997802734375
113316,normal,2791,0,1782359722.8395088,0.0020127296447753906
113317,normal,1095,0,1782359722.8414073,0.0018985271453857422
113318,normal,2102,0,1782359722.8434627,0.0020554065704345703
113319,normal,664,0,1782359722.8454568,0.0019941329956054688
113320,normal,2437,0,1782359722.8475318,0.0020749568939208984
113321,normal,211,0,1782359722.8495955,0.002063751220703125
113322,normal,1869,0,1782359722.8513892,0.0017936229705810547
113323,normal,261,0,1782359722.8534555,0.002066373825073242
113324,normal,2677,0,1782359722.8554611,0.0020055770874023438
113325,normal,3351,1,1782359722.8574538,0.0019927024841308594
113326,normal,763,0,1782359722.8596225,0.0021686553955078125
113327,normal,3617,0,1782359722.8614624,0.0018398761749267578
113328,normal,1378,1,1782359722.863501,0.002038717269897461
113329,normal,87,0,1782359722.8654504,0.001949310302734375
113330,normal,468,0,1782359722.8675315,0.002081155776977539
113331,normal,2025,0,1782359722.8694205,0.0018889904022216797
113332,normal,1169,0,1782359722.8714511,0.002030611038208008
113333,normal,404,0,1782359722.87345,0.0019989013671875
113334,normal,2639,0,1782359722.8754506,0.002000570297241211
113335,normal,1296,0,1782359722.8774383,0.0019876956939697266
113336,normal,958,2,1782359722.879526,0.0020875930786132812
113337,normal,3525,0,1782359722.8818212,0.002295255661010742
113338,normal,1238,0,1782359722.8835359,0.0017147064208984375
113339,normal,3027,0,1782359722.8860471,0.002511262893676758
113340,normal,1953,0,1782359722.8875601,0.0015130043029785156
113341,normal,1200,0,1782359722.8897707,0.0022106170654296875
113342,normal,719,0,1782359722.8915799,0.0018091201782226562
113343,normal,2821,0,1782359722.8939648,0.0023849010467529297
113344,normal,555,0,1782359722.895453,0.0014882087707519531
113345,normal,3554,0,1782359722.897699,0.0022461414337158203
113346,normal,3384,1,1782359722.8994842,0.0017850399017333984
113347,normal,1517,0,1782359722.901649,0.0021648406982421875
113348,normal,3304,1,1782359722.9035537,0.0019047260284423828
113349,normal,2492,0,1782359722.9056978,0.0021440982818603516
113350,normal,411,0,1782359722.9075687,0.001870870590209961
113351,normal,1518,0,1782359722.9096813,0.0021126270294189453
113352,normal,2913,0,1782359722.9117286,0.002047300338745117
113353,normal,655,0,1782359722.9134593,0.0017306804656982422
113354,normal,2010,0,1782359722.9156265,0.002167224884033203
113355,normal,2279,0,1782359722.9174793,0.0018527507781982422
113356,normal,3559,0,1782359722.9195313,0.0020520687103271484
113357,normal,2351,0,1782359722.9215293,0.0019979476928710938
113358,normal,1705,0,1782359722.9235697,0.002040386199951172
113359,normal,2648,0,1782359722.925522,0.0019524097442626953
113360,normal,3052,1,1782359722.9275758,0.0020537376403808594
113361,normal,3501,0,1782359722.9295793,0.0020034313201904297
113362,normal,1424,0,1782359722.9315624,0.001983165740966797
113363,normal,209,0,1782359722.933552,0.001989603042602539
113364,normal,179,0,1782359722.9355443,0.0019922256469726562
113365,normal,194,0,1782359722.937548,0.0020036697387695312
113366,normal,1255,0,1782359722.9395483,0.0020003318786621094
113367,normal,2427,0,1782359722.9414911,0.0019428730010986328
113368,normal,2875,0,1782359722.94344,0.0019488334655761719
113369,normal,1874,0,1782359722.9455385,0.002098560333251953
113370,normal,3482,0,1782359722.947601,0.002062559127807617
113371,normal,939,2,1782359722.9495454,0.0019443035125732422
113372,normal,1480,0,1782359722.9515812,0.002035856246948242
113373,normal,535,0,1782359722.9536173,0.0020360946655273438
113374,normal,3236,1,1782359722.955541,0.0019235610961914062
113375,normal,526,0,1782359722.9575977,0.0020568370819091797
113376,normal,2606,0,1782359722.959546,0.0019483566284179688
113377,normal,2026,0,1782359722.9615972,0.002051115036010742
113378,normal,2890,0,1782359722.9635365,0.0019392967224121094
113379,normal,787,2,1782359722.9655242,0.0019876956939697266
113380,normal,67,0,1782359722.9675188,0.001994609832763672
113381,normal,2877,0,1782359722.9695246,0.0020058155059814453
113382,normal,2087,0,1782359722.9715633,0.002038717269897461
113383,normal,3437,0,1782359722.9735224,0.001959085464477539
113384,normal,1031,0,1782359722.9755158,0.001993417739868164
113385,normal,1998,0,1782359722.977531,0.0020151138305664062
113386,normal,933,2,1782359722.9795249,0.001993894577026367
113387,normal,2300,0,1782359722.9821117,0.002586841583251953
113388,normal,1124,0,1782359722.983584,0.0014722347259521484
113389,normal,1764,0,1782359722.985608,0.0020241737365722656
113390,normal,2227,0,1782359722.9875479,0.0019397735595703125
113391,normal,2144,0,1782359722.9895437,0.0019958019256591797
113392,normal,3493,0,1782359722.9915438,0.002000093460083008
113393,normal,3212,1,1782359722.9937131,0.002169370651245117
113394,normal,2092,0,1782359722.9955404,0.001827239990234375
113395,normal,1590,0,1782359722.9974906,0.0019502639770507812
113396,normal,2773,0,1782359722.9995425,0.002051830291748047
113397,normal,2353,0,1782359723.0015044,0.001961946487426758
113398,normal,2160,0,1782359723.0035582,0.0020537376403808594
113399,normal,2805,0,1782359723.0055845,0.0020263195037841797
113400,normal,650,0,1782359723.007522,0.0019376277923583984
113401,normal,2425,0,1782359723.009543,0.0020208358764648438
113402,normal,1170,0,1782359723.0116427,0.002099752426147461
113403,normal,1751,0,1782359723.0141332,0.002490520477294922
113404,normal,2561,0,1782359723.0155077,0.0013744831085205078
113405,normal,2671,0,1782359723.017939,0.0024313926696777344
113406,normal,2373,0,1782359723.019603,0.0016639232635498047
113407,normal,2936,0,1782359723.0215197,0.001916646957397461
113408,normal,2894,0,1782359723.02397,0.002450227737426758
113409,normal,379,0,1782359723.025555,0.0015850067138671875
113410,normal,1235,0,1782359723.0275297,0.001974821090698242
113411,normal,2718,0,1782359723.0295258,0.0019960403442382812
113412,normal,1014,2,1782359723.0315254,0.0019996166229248047
113413,normal,1500,0,1782359723.0335467,0.002021312713623047
113414,normal,1649,0,1782359723.0355544,0.002007722854614258
113415,normal,65,0,1782359723.0375535,0.0019991397857666016
113416,normal,1253,0,1782359723.0396998,0.0021462440490722656
113417,normal,2559,0,1782359723.0415368,0.001837015151977539
113418,normal,2009,0,1782359723.043645,0.0021080970764160156
113419,normal,564,0,1782359723.0455928,0.0019478797912597656
113420,normal,3299,1,1782359723.0477524,0.002159595489501953
113421,normal,95,0,1782359723.0495741,0.001821756362915039
113422,normal,3328,1,1782359723.051647,0.0020728111267089844
113423,normal,2416,0,1782359723.053726,0.002079010009765625
113424,normal,3256,1,1782359723.0556297,0.0019037723541259766
113425,normal,255,0,1782359723.0576322,0.0020024776458740234
113426,normal,1186,0,1782359723.0596466,0.0020143985748291016
113427,normal,1281,0,1782359723.061565,0.0019183158874511719
113428,normal,1264,0,1782359723.0635478,0.0019829273223876953
113429,normal,3516,0,1782359723.0656395,0.002091646194458008
113430,normal,3356,1,1782359723.0675402,0.0019006729125976562
113431,normal,3041,0,1782359723.0696428,0.0021026134490966797
113432,normal,1368,1,1782359723.071646,0.002003192901611328
113433,normal,246,0,1782359723.0735807,0.0019347667694091797
113434,normal,2900,0,1782359723.0758305,0.0022497177124023438
113435,normal,3327,1,1782359723.0775473,0.0017168521881103516
113436,normal,1921,0,1782359723.0796266,0.0020792484283447266
113437,normal,326,0,1782359723.0815327,0.0019061565399169922
113438,normal,1339,1,1782359723.0836236,0.002090930938720703
113439,normal,3200,1,1782359723.0854523,0.0018286705017089844
113440,normal,2254,0,1782359723.0876162,0.0021638870239257812
113441,normal,19,0,1782359723.0897048,0.0020885467529296875
113442,normal,1996,0,1782359723.091593,0.001888275146484375
113443,normal,542,0,1782359723.0937636,0.002170562744140625
113444,normal,2077,0,1782359723.0955913,0.0018277168273925781
113445,normal,3338,1,1782359723.097688,0.0020966529846191406
113446,normal,2858,0,1782359723.099565,0.0018770694732666016
113447,normal,2999,0,1782359723.1017094,0.002144336700439453
113448,normal,3543,0,1782359723.103449,0.0017397403717041016
113449,normal,3163,1,1782359723.1056292,0.0021800994873046875
113450,normal,1106,0,1782359723.1076272,0.0019979476928710938
113451,normal,1478,0,1782359723.1097934,0.002166271209716797
113452,normal,1370,1,1782359723.111529,0.001735687255859375
113453,normal,412,0,1782359723.1138062,0.0022771358489990234
113454,normal,1553,0,1782359723.1156216,0.0018153190612792969
113455,normal,1153,0,1782359723.117691,0.0020694732666015625
113456,normal,1533,0,1782359723.1197243,0.002033233642578125
113457,normal,2283,0,1782359723.121622,0.0018978118896484375
113458,normal,293,0,1782359723.1236262,0.0020041465759277344
113459,normal,3251,1,1782359723.1256177,0.0019915103912353516
113460,normal,2313,0,1782359723.127524,0.0019061565399169922
113461,normal,3588,0,1782359723.1296144,0.0020904541015625
113462,normal,1637,0,1782359723.1318235,0.002209186553955078
113463,normal,1755,0,1782359723.1334558,0.0016322135925292969
113464,normal,544,0,1782359723.135607,0.0021512508392333984
113465,normal,1257,0,1782359723.1376135,0.00200653076171875
113466,normal,1070,0,1782359723.1395388,0.0019252300262451172
113467,normal,1325,1,1782359723.142293,0.00275421142578125
113468,normal,1204,0,1782359723.1438205,0.001527547836303711
113469,normal,2697,0,1782359723.1454704,0.0016498565673828125
113470,normal,768,0,1782359723.1476333,0.002162933349609375
113471,normal,172,0,1782359723.149652,0.0020186901092529297
113472,normal,429,0,1782359723.151554,0.0019021034240722656
113473,normal,485,0,1782359723.1540267,0.0024726390838623047
113474,normal,3209,1,1782359723.1555867,0.0015599727630615234
113475,normal,648,0,1782359723.1579008,0.0023140907287597656
113476,normal,2731,0,1782359723.1595712,0.0016703605651855469
113477,normal,638,0,1782359723.1616912,0.0021200180053710938
113478,normal,2564,0,1782359723.163527,0.0018358230590820312
113479,normal,3162,1,1782359723.1657987,0.0022716522216796875
113480,normal,1018,2,1782359723.1677372,0.0019385814666748047
113481,normal,2736,0,1782359723.1696012,0.0018639564514160156
113482,normal,2054,0,1782359723.1716514,0.002050161361694336
113483,normal,3216,1,1782359723.173812,0.0021605491638183594
113484,normal,589,0,1782359723.1755013,0.0016894340515136719
113485,normal,274,0,1782359723.177853,0.0023517608642578125
113486,normal,1233,0,1782359723.1798368,0.001983642578125
113487,normal,2854,0,1782359723.1815608,0.0017240047454833984
113488,normal,628,0,1782359723.1839795,0.0024187564849853516
113489,normal,3487,0,1782359723.1861632,0.002183675765991211
113490,normal,906,2,1782359723.1874633,0.0013000965118408203
113491,normal,1530,0,1782359723.1895723,0.002109050750732422
113492,normal,1536,0,1782359723.191536,0.0019636154174804688
113493,normal,456,0,1782359723.19365,0.0021140575408935547
113494,normal,2333,0,1782359723.195563,0.0019130706787109375
113495,normal,1079,0,1782359723.197656,0.0020928382873535156
113496,normal,796,2,1782359723.199549,0.0018930435180664062
113497,normal,127,0,1782359723.2015593,0.002010345458984375
113498,normal,264,0,1782359723.2037046,0.0021452903747558594
113499,normal,1952,0,1782359723.2056224,0.0019178390502929688
113500,normal,2660,0,1782359723.2076344,0.002012014389038086
113501,normal,3175,1,1782359723.2096355,0.002001047134399414
113502,normal,3227,1,1782359723.2115824,0.0019469261169433594
113503,normal,1494,0,1782359723.2137153,0.002132892608642578
113504,normal,817,2,1782359723.2156398,0.0019245147705078125
113505,normal,3046,1,1782359723.2176042,0.0019643306732177734
113506,normal,3171,1,1782359723.2196286,0.002024412155151367
113507,normal,101,0,1782359723.2215483,0.0019197463989257812
113508,normal,859,2,1782359723.2236366,0.002088308334350586
113509,normal,3512,0,1782359723.225544,0.0019073486328125
113510,normal,3354,1,1782359723.2276418,0.0020978450775146484
113511,normal,3378,1,1782359723.2295532,0.0019114017486572266
113512,normal,2927,0,1782359723.2316499,0.0020966529846191406
113513,normal,1606,0,1782359723.2335687,0.001918792724609375
113514,normal,175,0,1782359723.2357266,0.002157926559448242
113515,normal,166,0,1782359723.237539,0.0018124580383300781
113516,normal,1357,1,1782359723.2396317,0.002092599868774414
113517,normal,3279,1,1782359723.2415383,0.0019066333770751953
113518,normal,445,0,1782359723.2436478,0.002109527587890625
113519,normal,1160,0,1782359723.2456317,0.0019838809967041016
113520,normal,2322,0,1782359723.2475736,0.0019419193267822266
113521,normal,2113,0,1782359723.2497094,0.002135753631591797
113522,normal,275,0,1782359723.251622,0.0019125938415527344
113523,normal,1402,0,1782359723.253599,0.0019769668579101562
113524,normal,1523,0,1782359723.2555206,0.0019216537475585938
113525,normal,731,0,1782359723.2575777,0.0020570755004882812
113526,normal,2955,0,1782359723.2594151,0.0018374919891357422
113527,normal,2910,0,1782359723.2614567,0.0020415782928466797
113528,normal,1084,0,1782359723.2634785,0.00202178955078125
113529,normal,1212,0,1782359723.2654421,0.0019636154174804688
113530,normal,1823,0,1782359723.2674167,0.0019745826721191406
113531,normal,1392,0,1782359723.2695417,0.0021250247955322266
113532,normal,1833,0,1782359723.2713788,0.001837015151977539
113533,normal,208,0,1782359723.2734647,0.0020859241485595703
113534,normal,3608,0,1782359723.275473,0.0020084381103515625
113535,normal,2242,0,1782359723.2775917,0.0021185874938964844
113536,normal,2546,0,1782359723.2795265,0.0019347667694091797
113537,normal,2250,0,1782359723.2816846,0.0021581649780273438
113538,normal,129,0,1782359723.2838001,0.002115488052368164
113539,normal,1192,0,1782359723.2856472,0.0018470287322998047
113540,normal,3278,1,1782359723.2874868,0.0018396377563476562
113541,normal,623,0,1782359723.2895215,0.0020346641540527344
113542,normal,3287,1,1782359723.2915187,0.001997232437133789
113543,normal,2907,0,1782359723.2935507,0.002032041549682617
113544,normal,89,0,1782359723.2955537,0.0020029544830322266
113545,normal,1303,0,1782359723.297518,0.0019643306732177734
113546,normal,2683,0,1782359723.2995112,0.0019931793212890625
113547,normal,1072,0,1782359723.3015203,0.002009153366088867
113548,normal,3042,0,1782359723.303603,0.0020825862884521484
113549,normal,2066,0,1782359723.305933,0.0023300647735595703
113550,normal,3500,0,1782359723.3075075,0.0015745162963867188
113551,normal,1690,0,1782359723.3095427,0.0020351409912109375
113552,normal,2779,0,1782359723.3115387,0.0019960403442382812
113553,normal,1260,0,1782359723.3136094,0.0020706653594970703
113554,normal,1479,0,1782359723.3155358,0.001926422119140625
113555,normal,1398,0,1782359723.317781,0.002245187759399414
113556,normal,3410,0,1782359723.3194597,0.0016787052154541016
113557,normal,2730,0,1782359723.3215537,0.0020940303802490234
113558,normal,641,0,1782359723.3235502,0.0019965171813964844
113559,normal,2800,0,1782359723.325551,0.0020008087158203125
113560,normal,3056,1,1782359723.3275492,0.0019981861114501953
113561,normal,605,0,1782359723.3297353,0.0021860599517822266
113562,normal,2845,0,1782359723.3315852,0.0018498897552490234
113563,normal,1384,0,1782359723.3336062,0.0020210742950439453
113564,normal,3458,0,1782359723.3356423,0.0020360946655273438
113565,normal,1036,0,1782359723.3375328,0.001890420913696289
113566,normal,916,2,1782359723.339573,0.0020401477813720703
113567,normal,1628,0,1782359723.341716,0.0021431446075439453
113568,normal,2347,0,1782359723.3436162,0.0019001960754394531
113569,normal,396,0,1782359723.3456862,0.0020699501037597656
113570,normal,540,0,1782359723.3475618,0.0018756389617919922
113571,normal,2069,0,1782359723.3500128,0.0024509429931640625
113572,normal,1026,2,1782359723.351681,0.0016682147979736328
113573,normal,1077,0,1782359723.3537085,0.0020275115966796875
113574,normal,1806,0,1782359723.355543,0.0018343925476074219
113575,normal,1097,0,1782359723.3576508,0.002107858657836914
113576,normal,449,0,1782359723.3597057,0.002054929733276367
113577,normal,3032,0,1782359723.3615735,0.0018677711486816406
113578,normal,3177,1,1782359723.363657,0.0020835399627685547
113579,normal,2467,0,1782359723.3655427,0.0018856525421142578
113580,normal,3398,1,1782359723.3675423,0.0019996166229248047
113581,normal,2971,0,1782359723.3694868,0.0019445419311523438
113582,normal,2326,0,1782359723.3716245,0.0021376609802246094
113583,normal,3147,1,1782359723.373656,0.002031564712524414
113584,normal,3422,0,1782359723.3754911,0.0018351078033447266
113585,normal,1463,0,1782359723.377685,0.002193927764892578
113586,normal,3464,0,1782359723.379734,0.002048969268798828
113587,normal,717,0,1782359723.381615,0.0018808841705322266
113588,normal,3219,1,1782359723.3837616,0.0021467208862304688
113589,normal,1307,0,1782359723.3854597,0.0016980171203613281
113590,normal,5,0,1782359723.3875456,0.0020859241485595703
113591,normal,739,0,1782359723.3895578,0.0020122528076171875
113592,normal,3590,0,1782359723.391443,0.0018851757049560547
113593,normal,873,2,1782359723.393548,0.0021049976348876953
113594,normal,1017,2,1782359723.3956451,0.0020971298217773438
113595,normal,2036,0,1782359723.397555,0.0019099712371826172
113596,normal,659,0,1782359723.3996146,0.002059459686279297
113597,normal,1051,0,1782359723.4016562,0.0020415782928466797
113598,normal,466,0,1782359723.4034324,0.0017762184143066406
113599,normal,2737,0,1782359723.4056058,0.0021734237670898438
113600,normal,2969,0,1782359723.4076455,0.002039670944213867
113601,normal,2601,0,1782359723.4095402,0.0018947124481201172
113602,normal,707,0,1782359723.4116337,0.0020935535430908203
113603,normal,422,0,1782359723.4136388,0.0020051002502441406
113604,normal,413,0,1782359723.4154277,0.0017888545989990234
113605,normal,2777,0,1782359723.4175644,0.002136707305908203
113606,normal,1818,0,1782359723.4196103,0.002045869827270508
113607,normal,2685,0,1782359723.4216025,0.0019922256469726562
113608,normal,1442,0,1782359723.4237654,0.002162933349609375
113609,normal,1052,0,1782359723.4255872,0.001821756362915039
113610,normal,2656,0,1782359723.4276571,0.0020699501037597656
113611,normal,1762,0,1782359723.429555,0.0018978118896484375
113612,normal,3401,1,1782359723.4315982,0.0020432472229003906
113613,normal,3498,0,1782359723.4334617,0.0018634796142578125
113614,normal,490,0,1782359723.4355493,0.0020875930786132812
113615,normal,1947,0,1782359723.437619,0.002069711685180664
113616,normal,3225,1,1782359723.43953,0.0019109249114990234
113617,normal,1812,0,1782359723.441771,0.0022411346435546875
113618,normal,1863,0,1782359723.4436176,0.0018465518951416016
113619,normal,823,2,1782359723.4457347,0.002117156982421875
113620,normal,253,0,1782359723.4476235,0.0018887519836425781
113621,normal,82,0,1782359723.4497876,0.002164125442504883
113622,normal,1911,0,1782359723.4515257,0.0017380714416503906
113623,normal,251,0,1782359723.4538283,0.0023026466369628906
113624,normal,3609,0,1782359723.4557226,0.001894235610961914
113625,normal,1375,1,1782359723.4574513,0.0017287731170654297
113626,normal,3128,1,1782359723.459611,0.002159595489501953
113627,normal,1133,0,1782359723.4616086,0.001997709274291992
113628,normal,629,0,1782359723.4634695,0.0018608570098876953
113629,normal,756,0,1782359723.4657,0.002230405807495117
113630,normal,1815,0,1782359723.4675481,0.0018482208251953125
113631,normal,902,2,1782359723.4695184,0.0019702911376953125
113632,normal,2938,0,1782359723.4716084,0.002089977264404297
113633,normal,3572,0,1782359723.4736102,0.0020017623901367188
113634,normal,128,0,1782359723.4755797,0.001969575881958008
113635,normal,59,0,1782359723.477829,0.0022492408752441406
113636,normal,2813,0,1782359723.4796245,0.0017955303192138672
113637,normal,2573,0,1782359723.481547,0.001922607421875
113638,normal,202,0,1782359723.483598,0.0020508766174316406
113639,normal,1331,1,1782359723.4856436,0.0020456314086914062
113640,normal,3139,1,1782359723.487558,0.0019142627716064453
113641,normal,3656,0,1782359723.4896398,0.0020818710327148438
113642,normal,3180,1,1782359723.4917262,0.0020864009857177734
113643,normal,2776,0,1782359723.4937274,0.0020012855529785156
113644,normal,1856,0,1782359723.4954717,0.0017442703247070312
113645,normal,350,0,1782359723.497531,0.0020592212677001953
113646,normal,1745,0,1782359723.499453,0.0019221305847167969
113647,normal,531,0,1782359723.5015469,0.002093791961669922
113648,normal,802,2,1782359723.5036385,0.002091646194458008
113649,normal,1319,1,1782359723.505547,0.0019085407257080078
113650,normal,421,0,1782359723.50764,0.0020928382873535156
113651,normal,3207,1,1782359723.5096958,0.0020558834075927734
113652,normal,1516,0,1782359723.5114982,0.0018024444580078125
113653,normal,3319,1,1782359723.513551,0.002052783966064453
113654,normal,1718,0,1782359723.5155466,0.001995563507080078
113655,normal,3108,1,1782359723.5178506,0.0023040771484375
113656,normal,2699,0,1782359723.519597,0.0017464160919189453
113657,normal,3088,1,1782359723.5217812,0.002184152603149414
113658,normal,215,0,1782359723.523588,0.0018067359924316406
113659,normal,1654,0,1782359723.5256379,0.0020499229431152344
113660,normal,1345,1,1782359723.5275888,0.001950979232788086
113661,normal,1143,0,1782359723.5294416,0.0018527507781982422
113662,normal,3367,1,1782359723.5315874,0.0021457672119140625
113663,normal,345,0,1782359723.533608,0.002020597457885742
113664,normal,2835,0,1782359723.5356903,0.002082347869873047
113665,normal,645,0,1782359723.537767,0.0020766258239746094
113666,normal,2720,0,1782359723.539656,0.0018889904022216797
113667,normal,2610,0,1782359723.5414581,0.001802206039428711
113668,normal,2415,0,1782359723.5440083,0.0025501251220703125
113669,normal,822,2,1782359723.5459573,0.0019490718841552734
113670,normal,577,0,1782359723.5477111,0.0017538070678710938
113671,normal,618,0,1782359723.549686,0.001974821090698242
113672,normal,2808,0,1782359723.5517557,0.002069711685180664
113673,normal,1992,0,1782359723.5536418,0.001886129379272461
113674,normal,3660,0,1782359723.5556457,0.002003908157348633
113675,normal,2089,0,1782359723.558172,0.0025262832641601562
113676,normal,3292,1,1782359723.5595431,0.001371145248413086
113677,normal,3051,1,1782359723.5616472,0.002104043960571289
113678,normal,3029,0,1782359723.5635743,0.0019271373748779297
113679,normal,1465,0,1782359723.5654712,0.0018968582153320312
113680,normal,1168,0,1782359723.5675638,0.002092599868774414
113681,normal,1294,0,1782359723.5695903,0.0020265579223632812
113682,normal,959,2,1782359723.5715787,0.0019884109497070312
113683,normal,2213,0,1782359723.5737038,0.0021250247955322266
113684,normal,1548,0,1782359723.575658,0.001954317092895508
113685,normal,3234,1,1782359723.5775826,0.0019245147705078125
113686,normal,410,0,1782359723.5797362,0.002153635025024414
113687,normal,1761,0,1782359723.5816545,0.0019183158874511719
113688,normal,663,0,1782359723.5835643,0.0019097328186035156
113689,normal,2154,0,1782359723.5856557,0.0020914077758789062
113690,normal,2664,0,1782359723.5876584,0.002002716064453125
113691,normal,656,0,1782359723.5895572,0.0018987655639648438
113692,normal,3191,1,1782359723.591699,0.002141714096069336
113693,normal,2918,0,1782359723.5937462,0.002047300338745117
113694,normal,2284,0,1782359723.5959046,0.0021584033966064453
113695,normal,3092,1,1782359723.5975072,0.0016026496887207031
113696,normal,250,0,1782359723.5996997,0.0021924972534179688
113697,normal,1583,0,1782359723.601584,0.0018842220306396484
113698,normal,868,2,1782359723.6037252,0.002141237258911133
113699,normal,1712,0,1782359723.6056447,0.0019195079803466797
113700,normal,1088,0,1782359723.6075602,0.0019154548645019531
113701,normal,2667,0,1782359723.6096447,0.002084493637084961
113702,normal,1791,0,1782359723.6117246,0.0020799636840820312
113703,normal,3647,0,1782359723.6136177,0.0018930435180664062
113704,normal,2892,0,1782359723.615752,0.0021343231201171875
113705,normal,1732,0,1782359723.6176133,0.0018613338470458984
113706,normal,2155,0,1782359723.6198347,0.002221345901489258
113707,normal,3528,0,1782359723.6216767,0.0018420219421386719
113708,normal,1388,0,1782359723.6237836,0.002106904983520508
113709,normal,1592,0,1782359723.6255984,0.0018148422241210938
113710,normal,2336,0,1782359723.6277943,0.0021958351135253906
113711,normal,993,2,1782359723.6295567,0.00176239013671875
113712,normal,2178,0,1782359723.6316476,0.002090930938720703
113713,normal,1022,2,1782359723.6335425,0.0018949508666992188
113714,normal,2098,0,1782359723.635644,0.002101421356201172
113715,normal,701,0,1782359723.6377308,0.0020868778228759766
113716,normal,2928,0,1782359723.639451,0.0017201900482177734
113717,normal,1338,1,1782359723.641641,0.0021898746490478516
113718,normal,3103,1,1782359723.643537,0.0018961429595947266
113719,normal,2332,0,1782359723.6456425,0.0021054744720458984
113720,normal,2517,0,1782359723.6481998,0.0025572776794433594
113721,normal,2091,0,1782359723.6496239,0.0014240741729736328
113722,normal,2216,0,1782359723.6517713,0.0021474361419677734
113723,normal,92,0,1782359723.653638,0.0018665790557861328
113724,normal,2075,0,1782359723.6556942,0.0020563602447509766
113725,normal,849,2,1782359723.657541,0.0018467903137207031
113726,normal,790,2,1782359723.6597035,0.002162456512451172
113727,normal,3363,1,1782359723.6617227,0.002019166946411133
113728,normal,3495,0,1782359723.663626,0.0019032955169677734
113729,normal,1065,0,1782359723.665753,0.002126932144165039
113730,normal,2048,0,1782359723.6675498,0.0017969608306884766
113731,normal,1355,1,1782359723.6695898,0.0020399093627929688
113732,normal,2966,0,1782359723.671697,0.0021071434020996094
113733,normal,356,0,1782359723.6735692,0.0018723011016845703
113734,normal,1242,0,1782359723.6757011,0.002131938934326172
113735,normal,1134,0,1782359723.6779168,0.0022156238555908203
113736,normal,520,0,1782359723.6802554,0.0023386478424072266
113737,normal,1089,0,1782359723.6819413,0.0016858577728271484
113738,normal,2328,0,1782359723.6839175,0.0019762516021728516
113739,normal,2100,0,1782359723.6857548,0.0018372535705566406
113740,normal,1034,0,1782359723.6878314,0.0020766258239746094
113741,normal,1436,0,1782359723.689899,0.00206756591796875
113742,normal,888,2,1782359723.6915128,0.0016138553619384766
113743,normal,3483,0,1782359723.6936514,0.0021386146545410156
113744,normal,3149,1,1782359723.6969442,0.0032927989959716797
113745,normal,1277,0,1782359723.6975412,0.0005970001220703125
113746,normal,2582,0,1782359723.6996531,0.0021119117736816406
113747,normal,2401,0,1782359723.7016907,0.002037525177001953
113748,normal,2200,0,1782359723.7035599,0.00186920166015625
113749,normal,2135,0,1782359723.7055616,0.0020017623901367188
113750,normal,3444,0,1782359723.7076492,0.0020875930786132812
113751,normal,305,0,1782359723.7095628,0.0019135475158691406
113752,normal,3553,0,1782359723.7117367,0.002173900604248047
113753,normal,1344,1,1782359723.713636,0.0018992424011230469
113754,normal,1868,0,1782359723.7157733,0.002137422561645508
113755,normal,1942,0,1782359723.7175741,0.0018007755279541016
113756,normal,782,2,1782359723.7196958,0.0021216869354248047
113757,normal,1878,0,1782359723.7215848,0.0018889904022216797
113758,normal,1880,0,1782359723.7237356,0.0021507740020751953
113759,normal,1946,0,1782359723.7257802,0.002044677734375
113760,normal,1094,0,1782359723.727586,0.0018057823181152344
113761,normal,3290,1,1782359723.7295554,0.0019693374633789062
113762,normal,2985,0,1782359723.7316937,0.002138376235961914
113763,normal,2485,0,1782359723.733558,0.0018641948699951172
113764,normal,2735,0,1782359723.7356892,0.002131223678588867
113765,normal,3652,0,1782359723.737686,0.001996755599975586
113766,normal,2164,0,1782359723.739562,0.0018761157989501953
113767,normal,894,2,1782359723.7417054,0.002143383026123047
113768,normal,2609,0,1782359723.743715,0.0020096302032470703
113769,normal,951,2,1782359723.7457898,0.002074718475341797
113770,normal,1545,0,1782359723.7474723,0.0016825199127197266
113771,normal,241,0,1782359723.7496142,0.0021419525146484375
113772,normal,85,0,1782359723.7514358,0.0018215179443359375
113773,normal,1449,0,1782359723.7535539,0.0021181106567382812
113774,normal,2464,0,1782359723.755596,0.002042055130004883
113775,normal,2668,0,1782359723.757441,0.0018451213836669922
113776,normal,1136,0,1782359723.7596014,0.002160310745239258
113777,normal,812,2,1782359723.761691,0.0020897388458251953
113778,normal,3239,1,1782359723.763543,0.001851797103881836
113779,normal,2306,0,1782359723.7656546,0.002111673355102539
113780,normal,143,0,1782359723.767637,0.001982450485229492
113781,normal,2342,0,1782359723.76947,0.0018329620361328125
113782,normal,2844,0,1782359723.7715912,0.0021212100982666016
113783,normal,248,0,1782359723.773627,0.002035856246948242
113784,normal,1778,0,1782359723.7754428,0.0018157958984375
113785,normal,1787,0,1782359723.777555,0.002112150192260742
113786,normal,711,0,1782359723.77959,0.002034902572631836
113787,normal,369,0,1782359723.7818115,0.0022215843200683594
113788,normal,1721,0,1782359723.7834911,0.0016796588897705078
113789,normal,1502,0,1782359723.7857006,0.0022094249725341797
113790,normal,1430,0,1782359723.7875748,0.0018742084503173828
113791,normal,3469,0,1782359723.7896886,0.002113819122314453
113792,normal,1318,0,1782359723.7916899,0.0020012855529785156
113793,normal,1859,0,1782359723.7935884,0.0018985271453857422
113794,normal,1551,0,1782359723.795578,0.001989603042602539
113795,normal,3296,1,1782359723.797712,0.002134084701538086
113796,normal,865,2,1782359723.7994378,0.0017256736755371094
113797,normal,1845,0,1782359723.8015485,0.002110719680786133
113798,normal,1528,0,1782359723.8035913,0.0020427703857421875
113799,normal,3033,0,1782359723.805484,0.0018928050994873047
113800,normal,2759,0,1782359723.8075511,0.002067089080810547
113801,normal,3166,1,1782359723.8095758,0.0020246505737304688
113802,normal,2461,0,1782359723.811423,0.0018472671508789062
113803,normal,1218,0,1782359723.8135774,0.0021543502807617188
113804,normal,1222,0,1782359723.8156877,0.0021102428436279297
113805,normal,1763,0,1782359723.818106,0.0024182796478271484
113806,normal,924,2,1782359723.819555,0.0014491081237792969
113807,normal,2929,0,1782359723.8215914,0.0020363330841064453
113808,normal,855,2,1782359723.8234317,0.001840353012084961
113809,normal,3596,0,1782359723.8255525,0.0021207332611083984
113810,normal,1316,0,1782359723.8276107,0.002058267593383789
113811,normal,2196,0,1782359723.8296053,0.001994609832763672
113812,normal,2633,0,1782359723.8314838,0.001878499984741211
113813,normal,2523,0,1782359723.833604,0.0021202564239501953
113814,normal,2576,0,1782359723.835459,0.0018548965454101562
113815,normal,847,2,1782359723.837586,0.002126932144165039
113816,normal,2743,0,1782359723.8395975,0.002011537551879883
113817,normal,1799,0,1782359723.8414488,0.0018513202667236328
113818,normal,2337,0,1782359723.8436503,0.002201557159423828
113819,normal,2264,0,1782359723.8457649,0.002114534378051758
113820,normal,792,2,1782359723.8475173,0.0017523765563964844
113821,normal,2249,0,1782359723.8496878,0.002170562744140625
113822,normal,3650,0,1782359723.851737,0.0020492076873779297
113823,normal,3068,1,1782359723.8534856,0.0017485618591308594
113824,normal,1993,0,1782359723.8558013,0.0023157596588134766
113825,normal,3409,0,1782359723.857723,0.0019216537475585938
113826,normal,2140,0,1782359723.859529,0.001806020736694336
113827,normal,1061,0,1782359723.861713,0.0021839141845703125
113828,normal,2153,0,1782359723.86394,0.0022270679473876953
113829,normal,1361,1,1782359723.8655558,0.001615762710571289
113830,normal,2674,0,1782359723.8674471,0.0018913745880126953
113831,normal,3093,1,1782359723.8696258,0.002178668975830078
113832,normal,2838,0,1782359723.8714526,0.0018267631530761719
113833,normal,160,0,1782359723.8735788,0.0021262168884277344
113834,normal,2931,0,1782359723.8755693,0.0019905567169189453
113835,normal,1226,0,1782359723.8774545,0.0018851757049560547
113836,normal,2613,0,1782359723.8795528,0.0020983219146728516
113837,normal,2116,0,1782359723.881572,0.002019166946411133
113838,normal,226,0,1782359723.8844323,0.0028603076934814453
113839,normal,1016,2,1782359723.8854692,0.0010368824005126953
113840,normal,875,2,1782359723.8876314,0.0021622180938720703
113841,normal,3643,0,1782359723.8895314,0.0018999576568603516
113842,normal,3091,1,1782359723.8915892,0.002057790756225586
113843,normal,2394,0,1782359723.8935893,0.002000093460083008
113844,normal,419,0,1782359723.8954806,0.0018913745880126953
113845,normal,1205,0,1782359723.8976238,0.0021431446075439453
113846,normal,1453,0,1782359723.899634,0.0020101070404052734
113847,normal,2558,0,1782359723.9014359,0.0018019676208496094
113848,normal,68,0,1782359723.903553,0.002117156982421875
113849,normal,745,0,1782359723.9055219,0.001968860626220703
113850,normal,3532,0,1782359723.9074638,0.0019419193267822266
113851,normal,2533,0,1782359723.9094524,0.001988649368286133
113852,normal,631,0,1782359723.9115665,0.0021140575408935547
113853,normal,125,0,1782359723.91345,0.0018835067749023438
113854,normal,204,0,1782359723.9155889,0.002138853073120117
113855,normal,2577,0,1782359723.9175706,0.0019817352294921875
113856,normal,553,0,1782359723.9195583,0.0019876956939697266
113857,normal,1837,0,1782359723.9214356,0.0018773078918457031
113858,normal,497,0,1782359723.923553,0.0021173954010009766
113859,normal,3228,1,1782359723.9254353,0.001882314682006836
113860,normal,852,2,1782359723.9275565,0.0021212100982666016
113861,normal,3494,0,1782359723.9295604,0.002003908157348633
113862,normal,1858,0,1782359723.9314363,0.0018758773803710938
113863,normal,3096,1,1782359723.9335978,0.0021615028381347656
113864,normal,1472,0,1782359723.935617,0.002019166946411133
113865,normal,1749,0,1782359723.9375148,0.0018978118896484375
113866,normal,2787,0,1782359723.939646,0.002131223678588867
113867,normal,2331,0,1782359723.9415662,0.0019202232360839844
113868,normal,1473,0,1782359723.9434521,0.0018858909606933594
113869,normal,3387,1,1782359723.9454844,0.0020322799682617188
113870,normal,1228,0,1782359723.9475927,0.002108335494995117
113871,normal,964,2,1782359723.9494321,0.0018393993377685547
113872,normal,1844,0,1782359723.9515529,0.0021207332611083984
113873,normal,2836,0,1782359723.9535482,0.0019953250885009766
113874,normal,1312,0,1782359723.9554381,0.001889944076538086
113875,normal,1621,0,1782359723.9576492,0.0022110939025878906
113876,normal,2422,0,1782359723.9596162,0.0019669532775878906
113877,normal,3540,0,1782359723.9615033,0.0018870830535888672
113878,normal,1008,2,1782359723.9637103,0.002207040786743164
113879,normal,1122,0,1782359723.9656885,0.001978158950805664
113880,normal,505,0,1782359723.9675376,0.0018491744995117188
113881,normal,791,2,1782359723.9696002,0.002062559127807617
113882,normal,3634,0,1782359723.9717207,0.002120494842529297
113883,normal,985,2,1782359723.9734313,0.001710653305053711
113884,normal,3526,0,1782359723.9755428,0.0021114349365234375
113885,normal,3600,0,1782359723.9775405,0.001997709274291992
113886,normal,2400,0,1782359723.9794214,0.0018808841705322266
113887,normal,620,0,1782359723.9817004,0.002279043197631836
113888,normal,110,0,1782359723.9835393,0.0018389225006103516
113889,normal,2973,0,1782359723.9854178,0.001878499984741211
113890,normal,414,0,1782359723.9875448,0.002126932144165039
113891,normal,1163,0,1782359723.9895444,0.0019996166229248047
113892,normal,568,0,1782359723.9914763,0.001931905746459961
113893,normal,428,0,1782359723.9937203,0.0022439956665039062
113894,normal,1783,0,1782359723.9957132,0.001992940902709961
113895,normal,2754,0,1782359723.9975646,0.0018513202667236328
113896,normal,600,0,1782359723.999577,0.002012491226196289
113897,normal,1934,0,1782359724.0015783,0.0020012855529785156
113898,normal,1434,0,1782359724.0034275,0.0018491744995117188
113899,normal,570,0,1782359724.0055628,0.0021352767944335938
113900,normal,1896,0,1782359724.0075715,0.002008676528930664
113901,normal,1801,0,1782359724.0095432,0.001971721649169922
113902,normal,976,2,1782359724.0115058,0.0019626617431640625
113903,normal,1777,0,1782359724.0135431,0.0020372867584228516
113904,normal,2520,0,1782359724.0154316,0.0018885135650634766
113905,normal,2780,0,1782359724.017435,0.0020034313201904297
113906,normal,2345,0,1782359724.0195715,0.0021364688873291016
113907,normal,3687,0,1782359724.0214486,0.0018770694732666016
113908,normal,488,0,1782359724.023562,0.00211334228515625
113909,normal,2142,0,1782359724.0255582,0.001996278762817383
113910,normal,510,0,1782359724.0274887,0.0019304752349853516
113911,normal,1049,0,1782359724.0295813,0.002092599868774414
113912,normal,2209,0,1782359724.0315568,0.001975536346435547
113913,normal,1809,0,1782359724.033528,0.0019712448120117188
113914,normal,438,0,1782359724.035732,0.0022039413452148438
113915,normal,3578,0,1782359724.0376549,0.0019228458404541016
113916,normal,1113,0,1782359724.0395265,0.0018715858459472656
113917,normal,750,0,1782359724.0416937,0.002167224884033203
113918,normal,3040,0,1782359724.0436008,0.0019071102142333984
113919,normal,26,0,1782359724.0454857,0.0018849372863769531
113920,normal,1230,0,1782359724.047436,0.0019502639770507812
113921,normal,740,0,1782359724.0496407,0.0022046566009521484
113922,normal,1779,0,1782359724.0515273,0.001886606216430664
113923,normal,2376,0,1782359724.0536938,0.0021665096282958984
113924,normal,2982,0,1782359724.0557754,0.002081632614135742
113925,normal,2600,0,1782359724.0575192,0.0017437934875488281
113926,normal,3445,0,1782359724.0595558,0.002036571502685547
113927,normal,2651,0,1782359724.0619297,0.002373933792114258
113928,normal,433,0,1782359724.0639217,0.0019919872283935547
113929,normal,3075,1,1782359724.0655434,0.0016217231750488281
113930,normal,3708,0,1782359724.067778,0.0022346973419189453
113931,normal,3297,1,1782359724.0694845,0.0017063617706298828
113932,normal,3405,0,1782359724.0715322,0.0020477771759033203
113933,normal,3035,0,1782359724.073644,0.002111673355102539
113934,normal,2587,0,1782359724.0755105,0.0018665790557861328
113935,normal,1961,0,1782359724.077842,0.0023314952850341797
113936,normal,2701,0,1782359724.079449,0.0016069412231445312
113937,normal,1611,0,1782359724.0816197,0.0021708011627197266
113938,normal,3233,1,1782359724.0834694,0.0018496513366699219
113939,normal,3126,1,1782359724.0855963,0.002126932144165039
113940,normal,463,0,1782359724.0874383,0.0018420219421386719
113941,normal,1329,1,1782359724.0895617,0.0021233558654785156
113942,normal,1332,1,1782359724.0916047,0.002043008804321289
113943,normal,1092,0,1782359724.0934575,0.0018527507781982422
113944,normal,484,0,1782359724.095559,0.002101421356201172
113945,normal,2478,0,1782359724.0975976,0.002038717269897461
113946,normal,122,0,1782359724.099631,0.0020334720611572266
113947,normal,1957,0,1782359724.1014462,0.0018150806427001953
113948,normal,3470,0,1782359724.1035922,0.002146005630493164
113949,normal,2414,0,1782359724.1054387,0.0018465518951416016
113950,normal,1452,0,1782359724.1075592,0.002120494842529297
113951,normal,1539,0,1782359724.1095963,0.00203704833984375
113952,normal,3324,1,1782359724.1114447,0.001848459243774414
113953,normal,3393,1,1782359724.1135538,0.002109050750732422
113954,normal,3170,1,1782359724.1156473,0.0020935535430908203
113955,normal,2738,0,1782359724.1174903,0.0018429756164550781
113956,normal,2167,0,1782359724.1197793,0.0022890567779541016
113957,normal,1668,0,1782359724.1214724,0.0016930103302001953
113958,normal,2060,0,1782359724.123561,0.0020885467529296875
113959,normal,3412,0,1782359724.1254723,0.0019114017486572266
113960,normal,49,0,1782359724.1276505,0.002178192138671875
113961,normal,1287,0,1782359724.1294286,0.0017781257629394531
113962,normal,2625,0,1782359724.1315448,0.0021162033081054688
113963,normal,2870,0,1782359724.1335807,0.002035856246948242
113964,normal,2778,0,1782359724.1354225,0.0018417835235595703
113965,normal,2620,0,1782359724.1375847,0.0021622180938720703
113966,normal,1614,0,1782359724.1396375,0.002052783966064453
113967,normal,478,0,1782359724.141475,0.0018374919891357422
113968,normal,2381,0,1782359724.14362,0.002145051956176758
113969,normal,303,0,1782359724.1457586,0.0021386146545410156
113970,normal,3249,1,1782359724.147536,0.0017774105072021484
113971,normal,1413,0,1782359724.149538,0.0020020008087158203
113972,normal,1445,0,1782359724.151627,0.0020890235900878906
113973,normal,2741,0,1782359724.1535275,0.0019004344940185547
113974,normal,2941,0,1782359724.1556258,0.0020983219146728516
113975,normal,3347,1,1782359724.1576536,0.002027750015258789
113976,normal,3050,1,1782359724.1594265,0.0017728805541992188
113977,normal,2841,0,1782359724.1615415,0.002115011215209961
113978,normal,1884,0,1782359724.1635776,0.0020360946655273438
113979,normal,3582,0,1782359724.1654224,0.0018448829650878906
113980,normal,1599,0,1782359724.1677687,0.0023462772369384766
113981,normal,3007,0,1782359724.1694663,0.001697540283203125
113982,normal,13,0,1782359724.1715357,0.0020694732666015625
113983,normal,912,2,1782359724.1734624,0.0019266605377197266
113984,normal,2143,0,1782359724.1755755,0.0021131038665771484
113985,normal,1483,0,1782359724.1774259,0.0018503665924072266
113986,normal,1615,0,1782359724.1798646,0.002438783645629883
113987,normal,2553,0,1782359724.1815038,0.0016391277313232422
113988,normal,1805,0,1782359724.1837249,0.0022211074829101562
113989,normal,2395,0,1782359724.1854827,0.0017578601837158203
113990,normal,121,0,1782359724.1875956,0.002112865447998047
113991,normal,2873,0,1782359724.189447,0.0018513202667236328
113992,normal,3111,1,1782359724.1915655,0.0021185874938964844
113993,normal,74,0,1782359724.1936176,0.0020520687103271484
113994,normal,2435,0,1782359724.1956081,0.0019905567169189453
113995,normal,2865,0,1782359724.1974745,0.0018663406372070312
113996,normal,1851,0,1782359724.199614,0.002139568328857422
113997,normal,657,0,1782359724.2014377,0.0018236637115478516
113998,normal,2370,0,1782359724.20356,0.0021224021911621094
113999,normal,752,0,1782359724.205615,0.002054929733276367
114000,normal,2288,0,1782359724.207456,0.0018410682678222656
114001,normal,91,0,1782359724.209575,0.002118825912475586
114002,normal,2123,0,1782359724.2118316,0.002256631851196289
114003,normal,1138,0,1782359724.2142053,0.0023736953735351562
114004,normal,3420,0,1782359724.215727,0.0015218257904052734
114005,normal,1181,0,1782359724.2178986,0.0021715164184570312
114006,normal,2785,0,1782359724.219616,0.0017173290252685547
114007,normal,1451,0,1782359724.2217615,0.002145528793334961
114008,normal,991,2,1782359724.2239244,0.002162933349609375
114009,normal,3015,0,1782359724.2256165,0.001692056655883789
114010,normal,2385,0,1782359724.2276561,0.002039670944213867
114011,normal,361,0,1782359724.2296896,0.0020334720611572266
114012,normal,721,0,1782359724.2315614,0.0018718242645263672
114013,normal,999,2,1782359724.2336817,0.0021202564239501953
114014,normal,2146,0,1782359724.2355685,0.0018868446350097656
114015,normal,1800,0,1782359724.2374558,0.0018873214721679688
114016,normal,103,0,1782359724.2395597,0.0021038055419921875
114017,normal,3132,1,1782359724.2415266,0.0019669532775878906
114018,normal,2257,0,1782359724.24345,0.0019233226776123047
114019,normal,2159,0,1782359724.2455897,0.0021398067474365234
114020,normal,2887,0,1782359724.2476156,0.0020258426666259766
114021,normal,3135,1,1782359724.2495222,0.0019066333770751953
114022,normal,2507,0,1782359724.2515798,0.0020575523376464844
114023,normal,1,0,1782359724.2535598,0.0019800662994384766
114024,normal,2265,0,1782359724.2554855,0.0019257068634033203
114025,normal,2980,0,1782359724.257491,0.0020055770874023438
114026,normal,1807,0,1782359724.2596195,0.0021283626556396484
114027,normal,3635,0,1782359724.2614732,0.0018537044525146484
114028,normal,3173,1,1782359724.2635527,0.002079486846923828
114029,normal,3335,1,1782359724.265571,0.002018451690673828
114030,normal,3705,0,1782359724.2674465,0.0018754005432128906
114031,normal,1959,0,1782359724.2694447,0.0019981861114501953
114032,normal,90,0,1782359724.271571,0.0021262168884277344
114033,normal,630,0,1782359724.2734506,0.0018796920776367188
114034,normal,674,0,1782359724.2755682,0.002117633819580078
114035,normal,1125,0,1782359724.2775342,0.0019659996032714844
114036,normal,3416,0,1782359724.2796817,0.0021474361419677734
114037,normal,1096,0,1782359724.2814534,0.001771688461303711
114038,normal,3637,0,1782359724.2834435,0.001990079879760742
114039,normal,682,0,1782359724.2855597,0.0021162033081054688
114040,normal,862,2,1782359724.2874403,0.001880645751953125
114041,normal,3709,0,1782359724.2895641,0.0021238327026367188
114042,normal,3406,0,1782359724.2914417,0.0018775463104248047
114043,normal,975,2,1782359724.2934773,0.0020356178283691406
114044,normal,1446,0,1782359724.2954924,0.0020151138305664062
114045,normal,1555,0,1782359724.2976315,0.0021390914916992188
114046,normal,3078,1,1782359724.2995183,0.0018868446350097656
114047,normal,1963,0,1782359724.301485,0.001966714859008789
114048,normal,3519,0,1782359724.3035815,0.002096414566040039
114049,normal,1769,0,1782359724.3054564,0.0018749237060546875
114050,normal,703,0,1782359724.3074682,0.0020117759704589844
114051,normal,874,2,1782359724.3094811,0.002012968063354492
114052,normal,190,0,1782359724.311446,0.0019648075103759766
114053,normal,2147,0,1782359724.313537,0.002090930938720703
114054,normal,950,2,1782359724.3154886,0.0019516944885253906
114055,normal,3026,0,1782359724.3174808,0.0019922256469726562
114056,normal,1694,0,1782359724.3195465,0.0020656585693359375
114057,normal,2752,0,1782359724.321516,0.001969575881958008
114058,normal,1196,0,1782359724.3236566,0.002140522003173828
114059,normal,1147,0,1782359724.3255253,0.0018687248229980469
114060,normal,439,0,1782359724.327463,0.0019376277923583984
114061,normal,957,2,1782359724.3295188,0.0020558834075927734
114062,normal,3152,1,1782359724.331571,0.00205230712890625
114063,normal,2287,0,1782359724.3334236,0.0018525123596191406
114064,normal,936,2,1782359724.335392,0.0019683837890625
114065,normal,1923,0,1782359724.3374388,0.002046823501586914
114066,normal,1041,0,1782359724.3395712,0.002132415771484375
114067,normal,1224,0,1782359724.3415027,0.0019314289093017578
114068,normal,1140,0,1782359724.343556,0.0020532608032226562
114069,normal,317,0,1782359724.3454618,0.0019059181213378906
114070,normal,2182,0,1782359724.3475566,0.002094745635986328
114071,normal,3044,0,1782359724.3495324,0.0019757747650146484
114072,normal,1835,0,1782359724.3515284,0.0019960403442382812
114073,normal,2598,0,1782359724.3543022,0.002773761749267578
114074,normal,430,0,1782359724.3556519,0.0013496875762939453
114075,normal,377,0,1782359724.3574402,0.0017883777618408203
114076,normal,3509,0,1782359724.3595643,0.0021240711212158203
114077,normal,376,0,1782359724.3615718,0.0020074844360351562
114078,normal,3480,0,1782359724.3634584,0.001886606216430664
114079,normal,368,0,1782359724.3655782,0.002119779586791992
114080,normal,1708,0,1782359724.36775,0.002171754837036133
114081,normal,3552,0,1782359724.3694363,0.0016863346099853516
114082,normal,2468,0,1782359724.3715718,0.0021355152130126953
114083,normal,3178,1,1782359724.3734622,0.001890420913696289
114084,normal,2177,0,1782359724.3754394,0.001977205276489258
114085,normal,1314,0,1782359724.3775728,0.0021333694458007812
114086,normal,1244,0,1782359724.3795736,0.0020008087158203125
114087,normal,1888,0,1782359724.3815293,0.001955747604370117
114088,normal,1126,0,1782359724.3837645,0.0022351741790771484
114089,normal,2240,0,1782359724.3855402,0.0017757415771484375
114090,normal,61,0,1782359724.3876355,0.0020952224731445312
114091,normal,1728,0,1782359724.3895357,0.0019001960754394531
114092,normal,673,0,1782359724.3916924,0.0021567344665527344
114093,normal,2650,0,1782359724.393455,0.0017626285552978516
114094,normal,1273,0,1782359724.3958092,0.002354145050048828
114095,normal,467,0,1782359724.3977547,0.00194549560546875
114096,normal,2968,0,1782359724.3995817,0.0018270015716552734
114097,normal,2820,0,1782359724.401436,0.0018544197082519531
114098,normal,3140,1,1782359724.403813,0.0023767948150634766
114099,normal,2061,0,1782359724.405815,0.0020020008087158203
114100,normal,971,2,1782359724.4074974,0.0016825199127197266
114101,normal,1872,0,1782359724.4096935,0.002196073532104492
114102,normal,3161,1,1782359724.4114387,0.0017452239990234375
114103,normal,174,0,1782359724.413659,0.0022203922271728516
114104,normal,1931,0,1782359724.415582,0.0019228458404541016
114105,normal,1306,0,1782359724.4174287,0.0018467903137207031
114106,normal,1444,0,1782359724.4195714,0.002142667770385742
114107,normal,2185,0,1782359724.4216475,0.0020761489868164062
114108,normal,2197,0,1782359724.4235027,0.0018551349639892578
114109,normal,1024,2,1782359724.425628,0.002125263214111328
114110,normal,1278,0,1782359724.4277785,0.0021505355834960938
114111,normal,1707,0,1782359724.429468,0.0016894340515136719
114112,normal,2253,0,1782359724.431646,0.002178192138671875
114113,normal,2247,0,1782359724.4336166,0.001970529556274414
114114,normal,508,0,1782359724.4354846,0.0018680095672607422
114115,normal,2686,0,1782359724.4377708,0.002286195755004883
114116,normal,3125,1,1782359724.4395967,0.0018258094787597656
114117,normal,795,2,1782359724.4414182,0.0018215179443359375
114118,normal,3529,0,1782359724.4435594,0.002141237258911133
114119,normal,1701,0,1782359724.445568,0.002008676528930664
114120,normal,1376,1,1782359724.4474504,0.001882314682006836
114121,normal,1891,0,1782359724.4495406,0.0020902156829833984
114122,normal,2486,0,1782359724.4515848,0.002044200897216797
114123,normal,1399,0,1782359724.4534395,0.0018546581268310547
114124,normal,3579,0,1782359724.455704,0.0022644996643066406
114125,normal,1132,0,1782359724.4577036,0.0019996166229248047
114126,normal,3153,1,1782359724.4594526,0.0017490386962890625
114127,normal,3591,0,1782359724.4615726,0.0021200180053710938
114128,normal,1187,0,1782359724.4635742,0.002001523971557617
114129,normal,1529,0,1782359724.4655836,0.0020093917846679688
114130,normal,1951,0,1782359724.4675915,0.0020079612731933594
114131,normal,3620,0,1782359724.4696941,0.0021026134490966797
114132,normal,3674,0,1782359724.471591,0.0018968582153320312
114133,normal,242,0,1782359724.4737527,0.002161741256713867
114134,normal,974,2,1782359724.4757695,0.002016782760620117
114135,normal,1974,0,1782359724.4775693,0.0017998218536376953
114136,normal,1866,0,1782359724.479728,0.002158641815185547
114137,normal,770,0,1782359724.4817019,0.001973867416381836
114138,normal,1798,0,1782359724.4836206,0.001918792724609375
114139,normal,3481,0,1782359724.4860284,0.0024077892303466797
114140,normal,3492,0,1782359724.4876316,0.0016031265258789062
114141,normal,2234,0,1782359724.4895566,0.0019249916076660156
114142,normal,280,0,1782359724.491662,0.0021054744720458984
114143,normal,231,0,1782359724.4935858,0.0019237995147705078
114144,normal,1240,0,1782359724.4956257,0.0020399093627929688
114145,normal,1595,0,1782359724.4976492,0.002023458480834961
114146,normal,940,2,1782359724.499721,0.002071857452392578
114147,normal,1292,0,1782359724.501541,0.0018198490142822266
114148,normal,1505,0,1782359724.503742,0.002201080322265625
114149,normal,363,0,1782359724.5058215,0.002079486846923828
114150,normal,1846,0,1782359724.5076792,0.001857757568359375
114151,normal,3336,1,1782359724.5096343,0.0019550323486328125
114152,normal,2714,0,1782359724.5118308,0.0021965503692626953
114153,normal,947,2,1782359724.5134609,0.0016300678253173828
114154,normal,2812,0,1782359724.515645,0.002184152603149414
114155,normal,1215,0,1782359724.5176473,0.002002239227294922
114156,normal,2273,0,1782359724.5195477,0.0019004344940185547
114157,normal,911,2,1782359724.521807,0.0022592544555664062
114158,normal,571,0,1782359724.5234706,0.0016636848449707031
114159,normal,1156,0,1782359724.525645,0.00217437744140625
114160,normal,2649,0,1782359724.527544,0.0018990039825439453
114161,normal,489,0,1782359724.5296502,0.002106189727783203
114162,normal,1819,0,1782359724.5316186,0.0019683837890625
114163,normal,2248,0,1782359724.533871,0.002252340316772461
114164,normal,3069,1,1782359724.5356436,0.0017726421356201172
114165,normal,3164,1,1782359724.537693,0.0020494461059570312
114166,normal,2590,0,1782359724.5396755,0.001982450485229492
114167,normal,810,2,1782359724.5417666,0.0020911693572998047
114168,normal,51,0,1782359724.5434792,0.0017125606536865234
114169,normal,2866,0,1782359724.5456967,0.002217531204223633
114170,normal,3281,1,1782359724.5477278,0.002031087875366211
114171,normal,1217,0,1782359724.5497417,0.0020139217376708984
114172,normal,2131,0,1782359724.5516088,0.001867055892944336
114173,normal,872,2,1782359724.5535266,0.0019178390502929688
114174,normal,930,2,1782359724.5555544,0.002027750015258789
114175,normal,2203,0,1782359724.5575948,0.002040386199951172
114176,normal,1558,0,1782359724.5596974,0.0021026134490966797
114177,normal,1719,0,1782359724.5614855,0.0017881393432617188
114178,normal,3468,0,1782359724.5636976,0.002212047576904297
114179,normal,3168,1,1782359724.5657244,0.002026796340942383
114180,normal,444,0,1782359724.567499,0.0017745494842529297
114181,normal,676,0,1782359724.569689,0.002190113067626953
114182,normal,2377,0,1782359724.5716999,0.002010822296142578
114183,normal,1631,0,1782359724.5737445,0.002044677734375
114184,normal,2455,0,1782359724.5755877,0.0018432140350341797
114185,normal,1455,0,1782359724.5777862,0.002198457717895508
114186,normal,2260,0,1782359724.5795968,0.0018105506896972656
114187,normal,2815,0,1782359724.5816436,0.002046823501586914
114188,normal,760,0,1782359724.5836256,0.001981973648071289
114189,normal,2138,0,1782359724.585552,0.001926422119140625
114190,normal,4,0,1782359724.5877218,0.0021698474884033203
114191,normal,2360,0,1782359724.5897443,0.0020225048065185547
114192,normal,2323,0,1782359724.591574,0.0018296241760253906
114193,normal,1027,2,1782359724.593823,0.002249002456665039
114194,normal,2852,0,1782359724.5957208,0.0018978118896484375
114195,normal,2959,0,1782359724.5974755,0.0017547607421875
114196,normal,2945,0,1782359724.599651,0.002175569534301758
114197,normal,1290,0,1782359724.6018991,0.002248048782348633
114198,normal,1057,0,1782359724.60372,0.0018208026885986328
114199,normal,1919,0,1782359724.6057553,0.002035379409790039
114200,normal,1419,0,1782359724.6077707,0.002015352249145508
114201,normal,3124,1,1782359724.6095293,0.001758575439453125
114202,normal,2050,0,1782359724.611641,0.002111673355102539
114203,normal,1046,0,1782359724.6137624,0.002121448516845703
114204,normal,3446,0,1782359724.616,0.002237558364868164
114205,normal,2859,0,1782359724.617489,0.0014891624450683594
114206,normal,1550,0,1782359724.6195717,0.0020825862884521484
114207,normal,2442,0,1782359724.6216216,0.0020499229431152344
114208,normal,210,0,1782359724.6235738,0.0019521713256835938
114209,normal,2809,0,1782359724.6257086,0.0021347999572753906
114210,normal,2715,0,1782359724.6274788,0.0017702579498291016
114211,normal,207,0,1782359724.6297088,0.002229928970336914
114212,normal,1620,0,1782359724.631648,0.0019392967224121094
114213,normal,2232,0,1782359724.633559,0.0019109249114990234
114214,normal,1575,0,1782359724.6356406,0.002081632614135742
114215,normal,1171,0,1782359724.6377082,0.00206756591796875
114216,normal,441,0,1782359724.6394725,0.0017642974853515625
114217,normal,1137,0,1782359724.6417096,0.002237081527709961
114218,normal,1802,0,1782359724.6436975,0.001987934112548828
114219,normal,1485,0,1782359724.6455653,0.0018677711486816406
114220,normal,3576,0,1782359724.6475873,0.0020220279693603516
114221,normal,132,0,1782359724.6497111,0.0021238327026367188
114222,normal,3,0,1782359724.6514935,0.0017824172973632812
114223,normal,1656,0,1782359724.6538591,0.002365589141845703
114224,normal,915,2,1782359724.6554492,0.0015900135040283203
114225,normal,3390,1,1782359724.6575947,0.002145528793334961
114226,normal,319,0,1782359724.6594756,0.0018808841705322266
114227,normal,2378,0,1782359724.661612,0.0021364688873291016
114228,normal,955,2,1782359724.6634452,0.001833200454711914
114229,normal,1462,0,1782359724.665447,0.0020017623901367188
114230,normal,2033,0,1782359724.6675546,0.0021076202392578125
114231,normal,1914,0,1782359724.669481,0.001926422119140625
114232,normal,2723,0,1782359724.6714993,0.0020182132720947266
114233,normal,29,0,1782359724.6736104,0.002111196517944336
114234,normal,1435,0,1782359724.6755137,0.0019032955169677734
114235,normal,1792,0,1782359724.6777067,0.002192974090576172
114236,normal,518,0,1782359724.6798992,0.0021924972534179688
114237,normal,3598,0,1782359724.6814806,0.001581430435180664
114238,normal,3571,0,1782359724.6834805,0.0019998550415039062
114239,normal,3244,1,1782359724.6857038,0.0022232532501220703
114240,normal,1236,0,1782359724.6875453,0.0018415451049804688
114241,normal,1808,0,1782359724.6894379,0.0018925666809082031
114242,normal,186,0,1782359724.691562,0.0021240711212158203
114243,normal,1151,0,1782359724.6934345,0.0018725395202636719
114244,normal,1213,0,1782359724.6955523,0.0021178722381591797
114245,normal,3566,0,1782359724.6976135,0.002061128616333008
114246,normal,214,0,1782359724.6994362,0.0018227100372314453
114247,normal,2388,0,1782359724.7015429,0.0021066665649414062
114248,normal,3176,1,1782359724.7035437,0.0020008087158203125
114249,normal,3260,1,1782359724.705428,0.0018842220306396484
114250,normal,1297,0,1782359724.7080514,0.0026235580444335938
114251,normal,2190,0,1782359724.7095068,0.0014553070068359375
114252,normal,2072,0,1782359724.7116873,0.0021805763244628906
114253,normal,3231,1,1782359724.7134728,0.0017855167388916016
114254,normal,2729,0,1782359724.7155707,0.0020978450775146484
114255,normal,2012,0,1782359724.7174647,0.0018939971923828125
114256,normal,1144,0,1782359724.7196004,0.002135753631591797
114257,normal,390,0,1782359724.7217097,0.0021092891693115234
114258,normal,1466,0,1782359724.723518,0.00180816650390625
114259,normal,3331,1,1782359724.7254717,0.0019538402557373047
114260,normal,2443,0,1782359724.7275693,0.002097606658935547
114261,normal,1813,0,1782359724.729453,0.0018837451934814453
114262,normal,2062,0,1782359724.731591,0.002137899398803711
114263,normal,1470,0,1782359724.7335699,0.0019788742065429688
114264,normal,3189,1,1782359724.735456,0.001886129379272461
114265,normal,481,0,1782359724.7377756,0.0023195743560791016
114266,normal,2404,0,1782359724.7401075,0.002331972122192383
114267,normal,3593,0,1782359724.7416534,0.0015459060668945312
114268,normal,1765,0,1782359724.7436569,0.0020034313201904297
114269,normal,3006,0,1782359724.7458367,0.002179861068725586
114270,normal,3316,1,1782359724.7476094,0.0017726421356201172
114271,normal,2137,0,1782359724.7497082,0.0020987987518310547
114272,normal,503,0,1782359724.7514644,0.0017561912536621094
114273,normal,3484,0,1782359724.7535806,0.0021162033081054688
114274,normal,3104,1,1782359724.755437,0.0018563270568847656
114275,normal,550,0,1782359724.757544,0.0021071434020996094
114276,normal,3657,0,1782359724.7594786,0.0019345283508300781
114277,normal,447,0,1782359724.7615685,0.002089977264404297
114278,normal,773,2,1782359724.7635658,0.001997232437133789
114279,normal,3548,0,1782359724.7654424,0.0018765926361083984
114280,normal,681,0,1782359724.767432,0.001989603042602539
114281,normal,17,0,1782359724.7696087,0.0021767616271972656
114282,normal,2976,0,1782359724.7715223,0.0019135475158691406
114283,normal,2644,0,1782359724.7735274,0.0020051002502441406
114284,normal,864,2,1782359724.7754781,0.0019507408142089844
114285,normal,1121,0,1782359724.7774222,0.0019440650939941406
114286,normal,1560,0,1782359724.779514,0.0020918846130371094
114287,normal,2768,0,1782359724.781637,0.0021228790283203125
114288,normal,443,0,1782359724.7834682,0.0018312931060791016
114289,normal,2974,0,1782359724.7855532,0.002084970474243164
114290,normal,2555,0,1782359724.7875657,0.002012491226196289
114291,normal,1826,0,1782359724.789443,0.0018773078918457031
114292,normal,1860,0,1782359724.791556,0.002112865447998047
114293,normal,2611,0,1782359724.7935603,0.002004384994506836
114294,normal,3082,1,1782359724.7954483,0.0018880367279052734
114295,normal,3167,1,1782359724.7975683,0.0021200180053710938
114296,normal,661,0,1782359724.7995691,0.0020008087158203125
114297,normal,2031,0,1782359724.8014631,0.0018939971923828125
114298,normal,2046,0,1782359724.8034704,0.0020072460174560547
114299,normal,2130,0,1782359724.8056545,0.002184152603149414
114300,normal,372,0,1782359724.8074374,0.0017828941345214844
114301,normal,3449,0,1782359724.809558,0.002120494842529297
114302,normal,3325,1,1782359724.8115675,0.0020096302032470703
114303,normal,339,0,1782359724.8134413,0.0018737316131591797
114304,normal,729,0,1782359724.815563,0.0021216869354248047
114305,normal,1481,0,1782359724.8175712,0.002008199691772461
114306,normal,1531,0,1782359724.8194842,0.0019130706787109375
114307,normal,1627,0,1782359724.8214948,0.0020105838775634766
114308,normal,330,0,1782359724.8236318,0.0021369457244873047
114309,normal,3639,0,1782359724.8255372,0.0019054412841796875
114310,normal,761,0,1782359724.8275843,0.0020470619201660156
114311,normal,2358,0,1782359724.829608,0.0020236968994140625
114312,normal,2876,0,1782359724.831473,0.0018651485443115234
114313,normal,2434,0,1782359724.8336062,0.0021331310272216797
114314,normal,3629,0,1782359724.835596,0.0019898414611816406
114315,normal,2161,0,1782359724.8374457,0.0018496513366699219
114316,normal,96,0,1782359724.839555,0.0021092891693115234
114317,normal,1652,0,1782359724.8418825,0.002327442169189453
114318,normal,2423,0,1782359724.8434598,0.0015773773193359375
114319,normal,2126,0,1782359724.8456233,0.002163410186767578
114320,normal,2527,0,1782359724.847702,0.0020787715911865234
114321,normal,12,0,1782359724.8495295,0.0018274784088134766
114322,normal,1001,2,1782359724.8515391,0.0020096302032470703
114323,normal,313,0,1782359724.8536327,0.0020935535430908203
114324,normal,2011,0,1782359724.8555799,0.001947164535522461
114325,normal,177,0,1782359724.857557,0.001977205276489258
114326,normal,2320,0,1782359724.859553,0.0019960403442382812
114327,normal,2014,0,1782359724.8614254,0.0018723011016845703
114328,normal,3649,0,1782359724.863544,0.0021185874938964844
114329,normal,3692,0,1782359724.8655636,0.002019643783569336
114330,normal,3271,1,1782359724.8674855,0.0019218921661376953
114331,normal,3450,0,1782359724.8695743,0.002088785171508789
114332,normal,2403,0,1782359724.8715541,0.001979827880859375
114333,normal,1915,0,1782359724.8734295,0.0018754005432128906
114334,normal,880,2,1782359724.8755527,0.002123117446899414
114335,normal,2390,0,1782359724.8780963,0.0025436878204345703
114336,normal,2937,0,1782359724.879634,0.0015375614166259766
114337,normal,310,0,1782359724.8814764,0.001842498779296875
114338,normal,3604,0,1782359724.8835611,0.0020847320556640625
114339,normal,2772,0,1782359724.8854895,0.0019283294677734375
114340,normal,725,0,1782359724.8875604,0.002070903778076172
114341,normal,2112,0,1782359724.889641,0.002080678939819336
114342,normal,1576,0,1782359724.8916287,0.0019876956939697266
114343,normal,2990,0,1782359724.8934648,0.0018360614776611328
114344,normal,1348,1,1782359724.895567,0.0021021366119384766
114345,normal,687,0,1782359724.89745,0.0018830299377441406
114346,normal,1195,0,1782359724.8995678,0.0021178722381591797
114347,normal,2963,0,1782359724.9015782,0.002010345458984375
114348,normal,1111,0,1782359724.9035306,0.0019524097442626953
114349,normal,1162,0,1782359724.9056013,0.0020706653594970703
114350,normal,131,0,1782359724.907657,0.002055644989013672
114351,normal,1817,0,1782359724.9094942,0.0018372535705566406
114352,normal,3295,1,1782359724.9115484,0.0020542144775390625
114353,normal,962,2,1782359724.913647,0.002098560333251953
114354,normal,233,0,1782359724.9154367,0.0017898082733154297
114355,normal,2369,0,1782359724.9178755,0.002438783645629883
114356,normal,1698,0,1782359724.9196064,0.0017309188842773438
114357,normal,2274,0,1782359724.9214766,0.0018701553344726562
114358,normal,2775,0,1782359724.9238617,0.0023851394653320312
114359,normal,2293,0,1782359724.925868,0.0020062923431396484
114360,normal,2734,0,1782359724.927472,0.0016040802001953125
114361,normal,3357,1,1782359724.9295485,0.002076387405395508
114362,normal,919,2,1782359724.931549,0.002000570297241211
114363,normal,597,0,1782359724.933447,0.0018978118896484375
114364,normal,2893,0,1782359724.9355826,0.002135753631591797
114365,normal,1035,0,1782359724.9375963,0.002013683319091797
114366,normal,561,0,1782359724.939472,0.0018756389617919922
114367,normal,3021,0,1782359724.941508,0.0020360946655273438
114368,normal,3349,1,1782359724.9435728,0.0020647048950195312
114369,normal,3520,0,1782359724.9454892,0.0019164085388183594
114370,normal,283,0,1782359724.9476252,0.0021359920501708984
114371,normal,3485,0,1782359724.9496222,0.0019969940185546875
114372,normal,691,0,1782359724.9515111,0.0018889904022216797
114373,normal,832,2,1782359724.9534342,0.0019230842590332031
114374,normal,607,0,1782359724.9556394,0.0022051334381103516
114375,normal,471,0,1782359724.957551,0.0019116401672363281
114376,normal,829,2,1782359724.9596436,0.002092599868774414
114377,normal,3119,1,1782359724.961618,0.001974344253540039
114378,normal,3375,1,1782359724.9634728,0.0018548965454101562
114379,normal,1657,0,1782359724.9655585,0.0020856857299804688
114380,normal,2497,0,1782359724.9675975,0.0020389556884765625
114381,normal,1496,0,1782359724.9694848,0.0018873214721679688
114382,normal,3580,0,1782359724.9715612,0.002076387405395508
114383,normal,2930,0,1782359724.9736187,0.0020575523376464844
114384,normal,1767,0,1782359724.9755082,0.0018894672393798828
114385,normal,1742,0,1782359724.9775856,0.002077341079711914
114386,normal,1448,0,1782359724.9796147,0.0020291805267333984
114387,normal,1158,0,1782359724.9815323,0.0019176006317138672
114388,normal,373,0,1782359724.9834514,0.0019190311431884766
114389,normal,1747,0,1782359724.9855974,0.002146005630493164
114390,normal,3370,1,1782359724.9874895,0.00189208984375
114391,normal,2989,0,1782359724.9895613,0.002071857452392578
114392,normal,3368,1,1782359724.9915998,0.0020384788513183594
114393,normal,3694,0,1782359724.9935021,0.0019023418426513672
114394,normal,622,0,1782359724.9956138,0.002111673355102539
114395,normal,2766,0,1782359724.9976935,0.0020797252655029297
114396,normal,2702,0,1782359724.9995224,0.001828908920288086
114397,normal,290,0,1782359725.0016096,0.002087116241455078
114398,normal,6,0,1782359725.0036268,0.0020172595977783203
114399,normal,2698,0,1782359725.0055203,0.0018935203552246094
114400,normal,1570,0,1782359725.0076222,0.002101898193359375
114401,normal,3522,0,1782359725.0096052,0.0019829273223876953
114402,normal,3087,1,1782359725.0114505,0.0018453598022460938
114403,normal,1829,0,1782359725.0135624,0.0021119117736816406
114404,normal,984,2,1782359725.0155942,0.0020318031311035156
114405,normal,1499,0,1782359725.0175543,0.0019600391387939453
114406,normal,2359,0,1782359725.0195348,0.0019805431365966797
114407,normal,899,2,1782359725.0216095,0.002074718475341797
114408,normal,2605,0,1782359725.0235238,0.0019142627716064453
114409,normal,2238,0,1782359725.0255466,0.0020227432250976562
114410,normal,1754,0,1782359725.027721,0.00217437744140625
114411,normal,54,0,1782359725.0295346,0.001813650131225586
114412,normal,1040,0,1782359725.031503,0.0019683837890625
114413,normal,3672,0,1782359725.0334463,0.001943349838256836
114414,normal,391,0,1782359725.0353913,0.0019450187683105469
114415,normal,1286,0,1782359725.037389,0.001997709274291992
114416,normal,2372,0,1782359725.0394626,0.002073526382446289
114417,normal,3467,0,1782359725.0415013,0.002038717269897461
114418,normal,2574,0,1782359725.0434024,0.0019011497497558594
114419,normal,149,0,1782359725.0454452,0.0020427703857421875
114420,normal,88,0,1782359725.0473838,0.0019385814666748047
114421,normal,3306,1,1782359725.049457,0.0020732879638671875
114422,normal,1549,0,1782359725.0515342,0.0020771026611328125
114423,normal,2867,0,1782359725.0534518,0.0019176006317138672
114424,normal,2304,0,1782359725.0555303,0.002078533172607422
114425,normal,3230,1,1782359725.0575144,0.001984119415283203
114426,normal,301,0,1782359725.059747,0.0022325515747070312
114427,normal,1803,0,1782359725.0613914,0.0016443729400634766
114428,normal,2301,0,1782359725.0634327,0.002041339874267578
114429,normal,455,0,1782359725.0654793,0.0020465850830078125
114430,normal,1050,0,1782359725.0674307,0.001951456069946289
114431,normal,1468,0,1782359725.0694964,0.0020656585693359375
114432,normal,3407,0,1782359725.0714633,0.0019669532775878906
114433,normal,672,0,1782359725.0733933,0.0019299983978271484
114434,normal,1385,0,1782359725.0754366,0.0020432472229003906
114435,normal,216,0,1782359725.0774376,0.002001047134399414
114436,normal,1135,0,1782359725.079593,0.002155303955078125
114437,normal,2502,0,1782359725.0815818,0.0019888877868652344
114438,normal,1103,0,1782359725.0834608,0.001878976821899414
114439,normal,43,0,1782359725.0861144,0.0026535987854003906
114440,normal,3286,1,1782359725.0874355,0.0013210773468017578
114441,normal,3612,0,1782359725.0895903,0.002154827117919922
114442,normal,3448,0,1782359725.0914516,0.0018613338470458984
114443,normal,475,0,1782359725.0935543,0.0021026134490966797
114444,normal,1796,0,1782359725.0956426,0.002088308334350586
114445,normal,3436,0,1782359725.0975745,0.001931905746459961
114446,normal,2145,0,1782359725.0996363,0.0020618438720703125
114447,normal,3688,0,1782359725.1015422,0.0019059181213378906
114448,normal,3131,1,1782359725.1037076,0.0021653175354003906
114449,normal,1360,1,1782359725.10554,0.0018324851989746094
114450,normal,1053,0,1782359725.1074283,0.001888275146484375
114451,normal,199,0,1782359725.1095588,0.0021305084228515625
114452,normal,1425,0,1782359725.1115587,0.0019998550415039062
114453,normal,1363,1,1782359725.1135316,0.0019729137420654297
114454,normal,3235,1,1782359725.115655,0.0021233558654785156
114455,normal,2550,0,1782359725.1176865,0.002031564712524414
114456,normal,3218,1,1782359725.1195679,0.0018813610076904297
114457,normal,2436,0,1782359725.1214502,0.001882314682006836
114458,normal,2488,0,1782359725.1237588,0.0023086071014404297
114459,normal,1733,0,1782359725.125889,0.002130270004272461
114460,normal,2599,0,1782359725.1275504,0.0016613006591796875
114461,normal,2659,0,1782359725.1297648,0.0022144317626953125
114462,normal,1760,0,1782359725.1315215,0.0017566680908203125
114463,normal,3423,0,1782359725.1336267,0.002105236053466797
114464,normal,2398,0,1782359725.1356356,0.0020089149475097656
114465,normal,3107,1,1782359725.1375291,0.0018935203552246094
114466,normal,1248,0,1782359725.1400385,0.0025093555450439453
114467,normal,2354,0,1782359725.1414263,0.0013878345489501953
114468,normal,3567,0,1782359725.1435795,0.002153158187866211
114469,normal,437,0,1782359725.1454742,0.0018947124481201172
114470,normal,3284,1,1782359725.1475737,0.0020995140075683594
114471,normal,477,0,1782359725.1494412,0.001867532730102539
114472,normal,3031,0,1782359725.1515617,0.002120494842529297
114473,normal,2897,0,1782359725.1535714,0.0020096302032470703
114474,normal,2255,0,1782359725.155465,0.0018935203552246094
114475,normal,3332,1,1782359725.1575649,0.0020999908447265625
114476,normal,604,0,1782359725.159624,0.0020592212677001953
114477,normal,257,0,1782359725.1614547,0.0018305778503417969
114478,normal,3342,1,1782359725.163559,0.0021042823791503906
114479,normal,3665,0,1782359725.1655567,0.001997709274291992
114480,normal,2389,0,1782359725.167448,0.0018913745880126953
114481,normal,3247,1,1782359725.1695626,0.002114534378051758
114482,normal,499,0,1782359725.1715586,0.0019960403442382812
114483,normal,2515,0,1782359725.1734905,0.001931905746459961
114484,normal,2356,0,1782359725.175614,0.002123594284057617
114485,normal,1038,0,1782359725.1777518,0.0021376609802246094
114486,normal,1403,0,1782359725.1794548,0.001703023910522461
114487,normal,2705,0,1782359725.1815772,0.0021224021911621094
114488,normal,1211,0,1782359725.1835933,0.0020160675048828125
114489,normal,744,0,1782359725.1854463,0.0018529891967773438
114490,normal,1486,0,1782359725.1875815,0.0021352767944335938
114491,normal,1612,0,1782359725.1895485,0.0019669532775878906
114492,normal,3475,0,1782359725.1914275,0.001878976821899414
114493,normal,952,2,1782359725.1936164,0.0021889209747314453
114494,normal,3549,0,1782359725.1955986,0.0019822120666503906
114495,normal,191,0,1782359725.197485,0.0018863677978515625
114496,normal,824,2,1782359725.1996362,0.0021512508392333984
114497,normal,2645,0,1782359725.2016582,0.0020220279693603516
114498,normal,626,0,1782359725.2036052,0.0019469261169433594
114499,normal,3654,0,1782359725.2054765,0.001871347427368164
114500,normal,2604,0,1782359725.2076561,0.0021796226501464844
114501,normal,2272,0,1782359725.209542,0.0018858909606933594
114502,normal,828,2,1782359725.2114844,0.0019423961639404297
114503,normal,1683,0,1782359725.2135427,0.002058267593383789
114504,normal,2767,0,1782359725.2154255,0.001882791519165039
114505,normal,2832,0,1782359725.2175415,0.002115964889526367
114506,normal,2426,0,1782359725.2197802,0.002238750457763672
114507,normal,1155,0,1782359725.2214239,0.0016436576843261719
114508,normal,2903,0,1782359725.2235374,0.0021135807037353516
114509,normal,2826,0,1782359725.225534,0.0019965171813964844
114510,normal,3613,0,1782359725.2274234,0.0018894672393798828
114511,normal,47,0,1782359725.22976,0.0023365020751953125
114512,normal,1944,0,1782359725.231827,0.002067089080810547
114513,normal,567,0,1782359725.233477,0.001650094985961914
114514,normal,2816,0,1782359725.2357295,0.002252340316772461
114515,normal,348,0,1782359725.2375524,0.0018229484558105469
114516,normal,2935,0,1782359725.2394497,0.0018973350524902344
114517,normal,1940,0,1782359725.241577,0.0021271705627441406
114518,normal,2883,0,1782359725.2435718,0.0019948482513427734
114519,normal,882,2,1782359725.2457316,0.0021598339080810547
114520,normal,2226,0,1782359725.2474973,0.0017657279968261719
114521,normal,2015,0,1782359725.249577,0.0020797252655029297
114522,normal,16,0,1782359725.2514405,0.0018634796142578125
114523,normal,3019,0,1782359725.2535598,0.002119302749633789
114524,normal,2895,0,1782359725.2555447,0.001984834671020508
114525,normal,2473,0,1782359725.2574606,0.0019159317016601562
114526,normal,342,0,1782359725.2598276,0.0023670196533203125
114527,normal,767,0,1782359725.2616148,0.0017871856689453125
114528,normal,2530,0,1782359725.2641866,0.0025718212127685547
114529,normal,2678,0,1782359725.2657506,0.00156402587890625
114530,normal,3551,0,1782359725.2677763,0.002025604248046875
114531,normal,839,2,1782359725.2696044,0.0018281936645507812
114532,normal,2084,0,1782359725.271601,0.0019965171813964844
114533,normal,427,0,1782359725.2738273,0.0022263526916503906
114534,normal,3121,1,1782359725.275438,0.0016107559204101562
114535,normal,1010,2,1782359725.2775922,0.002154111862182617
114536,normal,981,2,1782359725.2795496,0.001957416534423828
114537,normal,165,0,1782359725.2814324,0.001882791519165039
114538,normal,1887,0,1782359725.2835724,0.002140045166015625
114539,normal,3116,1,1782359725.2855823,0.002009868621826172
114540,normal,2630,0,1782359725.2876377,0.0020554065704345703
114541,normal,1100,0,1782359725.2896168,0.0019791126251220703
114542,normal,3013,0,1782359725.2924905,0.002873659133911133
114543,normal,700,0,1782359725.293467,0.0009765625
114544,normal,690,0,1782359725.295707,0.0022399425506591797
114545,normal,291,0,1782359725.2974944,0.001787424087524414
114546,normal,2352,0,1782359725.2995737,0.0020792484283447266
114547,normal,271,0,1782359725.301518,0.0019443035125732422
114548,normal,2110,0,1782359725.3034997,0.0019817352294921875
114549,normal,891,2,1782359725.305562,0.0020623207092285156
114550,normal,2151,0,1782359725.3074658,0.0019037723541259766
114551,normal,3190,1,1782359725.3095355,0.002069711685180664
114552,normal,1033,0,1782359725.3116002,0.0020647048950195312
114553,normal,1727,0,1782359725.3138897,0.0022895336151123047
114554,normal,914,2,1782359725.3156834,0.0017936229705810547
114555,normal,2316,0,1782359725.3179297,0.002246379852294922
114556,normal,574,0,1782359725.3195536,0.0016238689422607422
114557,normal,3346,1,1782359725.3217313,0.002177715301513672
114558,normal,332,0,1782359725.323511,0.0017795562744140625
114559,normal,1504,0,1782359725.3256457,0.0021347999572753906
114560,normal,3122,1,1782359725.327615,0.0019693374633789062
114561,normal,3457,0,1782359725.329574,0.001959085464477539
114562,normal,1503,0,1782359725.3316948,0.0021207332611083984
114563,normal,3414,0,1782359725.3336973,0.0020024776458740234
114564,normal,603,0,1782359725.3355236,0.0018262863159179688
114565,normal,3670,0,1782359725.3375957,0.0020720958709716797
114566,normal,1423,0,1782359725.3395905,0.0019948482513427734
114567,normal,2476,0,1782359725.3415046,0.0019140243530273438
114568,normal,2429,0,1782359725.3436294,0.002124786376953125
114569,normal,130,0,1782359725.3455634,0.001934051513671875
114570,normal,2575,0,1782359725.347481,0.0019176006317138672
114571,normal,2397,0,1782359725.349682,0.002201080322265625
114572,normal,1309,0,1782359725.3516822,0.002000093460083008
114573,normal,1766,0,1782359725.353755,0.0020728111267089844
114574,normal,1636,0,1782359725.355517,0.0017619132995605469
114575,normal,3283,1,1782359725.3578799,0.002362966537475586
114576,normal,3127,1,1782359725.3595889,0.001708984375
114577,normal,3432,0,1782359725.3617067,0.0021178722381591797
114578,normal,1574,0,1782359725.3637943,0.0020875930786132812
114579,normal,1475,0,1782359725.3657224,0.001928091049194336
114580,normal,3544,0,1782359725.3674886,0.001766204833984375
114581,normal,3073,1,1782359725.3698068,0.002318143844604492
114582,normal,735,0,1782359725.3714921,0.0016853809356689453
114583,normal,969,2,1782359725.3735685,0.002076387405395508
114584,normal,1334,1,1782359725.3757331,0.002164602279663086
114585,normal,3322,1,1782359725.3777654,0.0020322799682617188
114586,normal,3380,1,1782359725.3795536,0.0017881393432617188
114587,normal,1966,0,1782359725.381796,0.0022423267364501953
114588,normal,1933,0,1782359725.3835776,0.0017817020416259766
114589,normal,1270,0,1782359725.3857098,0.0021321773529052734
114590,normal,910,2,1782359725.3877769,0.002067089080810547
114591,normal,2357,0,1782359725.3899677,0.002190828323364258
114592,normal,1600,0,1782359725.3917422,0.0017745494842529297
114593,normal,3326,1,1782359725.393765,0.0020227432250976562
114594,normal,476,0,1782359725.3959267,0.002161741256713867
114595,normal,1114,0,1782359725.3976052,0.001678466796875
114596,normal,846,2,1782359725.3995373,0.0019321441650390625
114597,normal,133,0,1782359725.401504,0.001966714859008789
114598,normal,590,0,1782359725.4036977,0.0021936893463134766
114599,normal,2202,0,1782359725.4056354,0.0019376277923583984
114600,normal,3340,1,1782359725.407695,0.0020596981048583984
114601,normal,2638,0,1782359725.4095263,0.0018312931060791016
114602,normal,539,0,1782359725.4115238,0.0019974708557128906
114603,normal,988,2,1782359725.4135163,0.001992464065551758
114604,normal,2324,0,1782359725.4155817,0.002065420150756836
114605,normal,3179,1,1782359725.4177277,0.002146005630493164
114606,normal,1971,0,1782359725.4199138,0.0021860599517822266
114607,normal,666,0,1782359725.421791,0.0018773078918457031
114608,normal,3541,0,1782359725.4236257,0.0018346309661865234
114609,normal,347,0,1782359725.425526,0.0019001960754394531
114610,normal,757,0,1782359725.4276955,0.0021696090698242188
114611,normal,3684,0,1782359725.4296007,0.001905202865600586
114612,normal,575,0,1782359725.431503,0.0019023418426513672
114613,normal,2637,0,1782359725.4336278,0.002124786376953125
114614,normal,1624,0,1782359725.43602,0.0023920536041259766
114615,normal,2432,0,1782359725.437553,0.0015330314636230469
114616,normal,217,0,1782359725.4396324,0.002079486846923828
114617,normal,1640,0,1782359725.4416091,0.0019767284393310547
114618,normal,2657,0,1782359725.443485,0.0018758773803710938
114619,normal,2387,0,1782359725.4455647,0.0020797252655029297
114620,normal,1679,0,1782359725.4476218,0.0020570755004882812
114621,normal,1282,0,1782359725.449484,0.0018622875213623047
114622,normal,2309,0,1782359725.4520133,0.002529144287109375
114623,normal,1210,0,1782359725.453647,0.0016336441040039062
114624,normal,1810,0,1782359725.4556372,0.0019903182983398438
114625,normal,1882,0,1782359725.457712,0.002074718475341797
114626,normal,3064,1,1782359725.4598505,0.0021386146545410156
114627,normal,3003,0,1782359725.461639,0.0017883777618408203
114628,normal,2540,0,1782359725.4635532,0.0019142627716064453
114629,normal,3690,0,1782359725.4660285,0.002475261688232422
114630,normal,1855,0,1782359725.4678152,0.0017867088317871094
114631,normal,2282,0,1782359725.4696517,0.001836538314819336
114632,normal,2786,0,1782359725.4717534,0.0021016597747802734
114633,normal,960,2,1782359725.4737737,0.0020203590393066406
114634,normal,1613,0,1782359725.4759002,0.002126455307006836
114635,normal,2263,0,1782359725.4776342,0.001734018325805664
114636,normal,949,2,1782359725.4794896,0.0018553733825683594
114637,normal,474,0,1782359725.4817207,0.002231121063232422
114638,normal,270,0,1782359725.4837286,0.0020079612731933594
114639,normal,3157,1,1782359725.485511,0.0017824172973632812
114640,normal,1123,0,1782359725.4877317,0.002220630645751953
114641,normal,1687,0,1782359725.4897935,0.0020618438720703125
114642,normal,1109,0,1782359725.4916105,0.0018169879913330078
114643,normal,2627,0,1782359725.493691,0.0020804405212402344
114644,normal,3488,0,1782359725.4957368,0.002045869827270508
114645,normal,3602,0,1782359725.4977963,0.002059459686279297
114646,normal,1302,0,1782359725.4997375,0.0019412040710449219
114647,normal,2491,0,1782359725.5018241,0.002086639404296875
114648,normal,1955,0,1782359725.503532,0.0017077922821044922
114649,normal,2450,0,1782359725.5055263,0.0019943714141845703
114650,normal,3359,1,1782359725.5075908,0.0020644664764404297
114651,normal,784,2,1782359725.5095143,0.0019235610961914062
114652,normal,749,0,1782359725.5118008,0.0022864341735839844
114653,normal,1540,0,1782359725.5136232,0.0018224716186523438
114654,normal,2258,0,1782359725.5155935,0.0019702911376953125
114655,normal,230,0,1782359725.5174758,0.001882314682006836
114656,normal,1333,1,1782359725.5196366,0.002160787582397461
114657,normal,583,0,1782359725.5214875,0.0018508434295654297
114658,normal,1582,0,1782359725.5237179,0.002230405807495117
114659,normal,909,2,1782359725.5261686,0.002450704574584961
114660,normal,972,2,1782359725.5277736,0.0016050338745117188
114661,normal,260,0,1782359725.5295227,0.0017490386962890625
114662,normal,3258,1,1782359725.5316453,0.002122640609741211
114663,normal,2634,0,1782359725.5335295,0.0018842220306396484
114664,normal,1347,1,1782359725.5355098,0.001980304718017578
114665,normal,2618,0,1782359725.5376492,0.0021393299102783203
114666,normal,1857,0,1782359725.5397062,0.0020570755004882812
114667,normal,563,0,1782359725.5417337,0.0020275115966796875
114668,normal,3381,1,1782359725.543515,0.0017812252044677734
114669,normal,965,2,1782359725.5454195,0.0019044876098632812
114670,normal,2057,0,1782359725.5476274,0.0022079944610595703
114671,normal,1642,0,1782359725.5496986,0.0020711421966552734
114672,normal,464,0,1782359725.5514638,0.0017652511596679688
114673,normal,2424,0,1782359725.5536242,0.002160310745239258
114674,normal,1589,0,1782359725.5557356,0.0021114349365234375
114675,normal,866,2,1782359725.5575776,0.0018420219421386719
114676,normal,1283,0,1782359725.5595691,0.0019915103912353516
114677,normal,1556,0,1782359725.5618384,0.002269268035888672
114678,normal,1377,1,1782359725.5639315,0.002093076705932617
114679,normal,1440,0,1782359725.5655496,0.0016181468963623047
114680,normal,608,0,1782359725.5676146,0.002064943313598633
114681,normal,20,0,1782359725.5696132,0.0019986629486083984
114682,normal,1239,0,1782359725.5716856,0.0020723342895507812
114683,normal,1382,0,1782359725.573766,0.0020804405212402344
114684,normal,2535,0,1782359725.5755782,0.0018122196197509766
114685,normal,3486,0,1782359725.5775626,0.0019843578338623047
114686,normal,30,0,1782359725.579644,0.0020813941955566406
114687,normal,327,0,1782359725.5815923,0.0019483566284179688
114688,normal,2133,0,1782359725.5836604,0.002068042755126953
114689,normal,1871,0,1782359725.5858002,0.0021398067474365234
114690,normal,2950,0,1782359725.5876179,0.0018177032470703125
114691,normal,3646,0,1782359725.589629,0.0020110607147216797
114692,normal,3065,1,1782359725.59193,0.0023009777069091797
114693,normal,3680,0,1782359725.5935605,0.001630544662475586
114694,normal,644,0,1782359725.5956063,0.002045869827270508
114695,normal,978,2,1782359725.598101,0.0024945735931396484
114696,normal,2810,0,1782359725.5997372,0.0016362667083740234
114697,normal,1426,0,1782359725.6019168,0.0021796226501464844
114698,normal,3199,1,1782359725.603564,0.0016472339630126953
114699,normal,635,0,1782359725.605509,0.0019450187683105469
114700,normal,24,0,1782359725.607482,0.0019729137420654297
114701,normal,1080,0,1782359725.6096382,0.0021562576293945312
114702,normal,3037,0,1782359725.611475,0.0018367767333984375
114703,normal,86,0,1782359725.6137908,0.0023157596588134766
114704,normal,272,0,1782359725.6155336,0.0017428398132324219
114705,normal,46,0,1782359725.6175694,0.002035856246948242
114706,normal,646,0,1782359725.619559,0.001989603042602539
114707,normal,3339,1,1782359725.621695,0.0021359920501708984
114708,normal,2002,0,1782359725.6234648,0.0017697811126708984
114709,normal,277,0,1782359725.625771,0.002306222915649414
114710,normal,1066,0,1782359725.627858,0.0020868778228759766
114711,normal,1659,0,1782359725.6297708,0.001912832260131836
114712,normal,311,0,1782359725.6317017,0.0019309520721435547
114713,normal,3589,0,1782359725.6339967,0.0022950172424316406
114714,normal,73,0,1782359725.6354947,0.0014979839324951172
114715,normal,98,0,1782359725.637504,0.0020093917846679688
114716,normal,1371,1,1782359725.63962,0.002115964889526367
114717,normal,1284,0,1782359725.6415503,0.00193023681640625
114718,normal,1354,1,1782359725.6436923,0.0021419525146484375
114719,normal,3282,1,1782359725.6458962,0.0022039413452148438
114720,normal,2595,0,1782359725.647646,0.0017497539520263672
114721,normal,548,0,1782359725.6495233,0.0018773078918457031
114722,normal,778,2,1782359725.6518278,0.002304553985595703
114723,normal,2978,0,1782359725.6534846,0.0016567707061767578
114724,normal,3477,0,1782359725.655485,0.0020003318786621094
114725,normal,2899,0,1782359725.657695,0.0022101402282714844
114726,normal,198,0,1782359725.6594667,0.001771688461303711
114727,normal,2483,0,1782359725.661622,0.002155303955078125
114728,normal,3671,0,1782359725.6636,0.0019779205322265625
114729,normal,3605,0,1782359725.6654904,0.001890420913696289
114730,normal,2199,0,1782359725.667581,0.0020906925201416016
114731,normal,282,0,1782359725.6697524,0.0021712779998779297
114732,normal,3371,1,1782359725.6715612,0.0018088817596435547
114733,normal,2051,0,1782359725.6741855,0.0026242733001708984
114734,normal,1870,0,1782359725.6757555,0.001569986343383789
114735,normal,1350,1,1782359725.6777265,0.001971006393432617
114736,normal,2391,0,1782359725.6798372,0.002110719680786133
114737,normal,2942,0,1782359725.6817517,0.0019145011901855469
114738,normal,732,0,1782359725.6836047,0.0018529891967773438
114739,normal,1538,0,1782359725.6855536,0.0019488334655761719
114740,normal,1407,0,1782359725.687542,0.0019884109497070312
114741,normal,3413,0,1782359725.689786,0.0022439956665039062
114742,normal,2103,0,1782359725.6914995,0.0017135143280029297
114743,normal,1074,0,1782359725.6939037,0.0024042129516601562
114744,normal,309,0,1782359725.6956105,0.001706838607788086
114745,normal,3601,0,1782359725.6975496,0.0019390583038330078
114746,normal,3461,0,1782359725.6998348,0.0022852420806884766
114747,normal,1852,0,1782359725.701547,0.0017120838165283203
114748,normal,3254,1,1782359725.703874,0.0023272037506103516
114749,normal,69,0,1782359725.7055564,0.001682281494140625
114750,normal,2418,0,1782359725.70784,0.0022835731506347656
114751,normal,966,2,1782359725.7095916,0.0017516613006591797
114752,normal,3280,1,1782359725.711927,0.0023353099822998047
114753,normal,2822,0,1782359725.7136996,0.0017726421356201172
114754,normal,1267,0,1782359725.7155495,0.0018498897552490234
114755,normal,2510,0,1782359725.717774,0.002224445343017578
114756,normal,2615,0,1782359725.7195277,0.0017538070678710938
114757,normal,714,0,1782359725.7217085,0.002180814743041992
114758,normal,2513,0,1782359725.7241087,0.0024001598358154297
114759,normal,189,0,1782359725.7256613,0.001552581787109375
114760,normal,611,0,1782359725.7274745,0.0018131732940673828
114761,normal,3266,1,1782359725.7296157,0.002141237258911133
114762,normal,2846,0,1782359725.7315032,0.0018875598907470703
114763,normal,1832,0,1782359725.7336435,0.0021402835845947266
114764,normal,285,0,1782359725.7355623,0.001918792724609375
114765,normal,525,0,1782359725.737831,0.0022687911987304688
114766,normal,3534,0,1782359725.7398868,0.002055644989013672
114767,normal,2095,0,1782359725.7416422,0.0017554759979248047
114768,normal,3194,1,1782359725.7437692,0.002126932144165039
114769,normal,381,0,1782359725.7456448,0.0018756389617919922
114770,normal,706,0,1782359725.747824,0.0021791458129882812
114771,normal,565,0,1782359725.749543,0.0017189979553222656
114772,normal,2078,0,1782359725.7517974,0.002254486083984375
114773,normal,1731,0,1782359725.7541564,0.0023589134216308594
114774,normal,3320,1,1782359725.7556584,0.0015020370483398438
114775,normal,3039,0,1782359725.7576404,0.001981973648071289
114776,normal,2834,0,1782359725.7597387,0.0020983219146728516
114777,normal,2047,0,1782359725.7616441,0.0019054412841796875
114778,normal,225,0,1782359725.7637172,0.002073049545288086
114779,normal,1246,0,1782359725.765856,0.002138853073120117
114780,normal,1667,0,1782359725.767586,0.0017299652099609375
114781,normal,2682,0,1782359725.769935,0.0023488998413085938
114782,normal,1581,0,1782359725.7715824,0.0016474723815917969
114783,normal,1927,0,1782359725.7737155,0.0021331310272216797
114784,normal,1929,0,1782359725.7755704,0.0018548965454101562
114785,normal,2191,0,1782359725.777833,0.002262592315673828
114786,normal,1011,2,1782359725.7796063,0.0017733573913574219
114787,normal,2088,0,1782359725.7818904,0.0022840499877929688
114788,normal,2819,0,1782359725.7836955,0.0018050670623779297
114789,normal,1704,0,1782359725.7857673,0.002071857452392578
114790,normal,2056,0,1782359725.7877867,0.0020194053649902344
114791,normal,2411,0,1782359725.789943,0.0021562576293945312
114792,normal,1202,0,1782359725.7916596,0.00171661376953125
114793,normal,97,0,1782359725.7936952,0.0020356178283691406
114794,normal,3615,0,1782359725.7960317,0.0023365020751953125
114795,normal,2547,0,1782359725.7978399,0.00180816650390625
114796,normal,1904,0,1782359725.7997086,0.0018687248229980469
114797,normal,1428,0,1782359725.8016946,0.0019860267639160156
114798,normal,1886,0,1782359725.8035808,0.001886129379272461
114799,normal,1782,0,1782359725.8058147,0.0022339820861816406
114800,normal,1232,0,1782359725.8077576,0.0019428730010986328
114801,normal,1978,0,1782359725.8094776,0.0017199516296386719
114802,normal,3079,1,1782359725.8115644,0.0020868778228759766
114803,normal,462,0,1782359725.813713,0.0021486282348632812
114804,normal,1336,1,1782359725.815581,0.0018680095672607422
114805,normal,358,0,1782359725.8177347,0.002153635025024414
114806,normal,3558,0,1782359725.8197565,0.00202178955078125
114807,normal,1386,0,1782359725.8215163,0.0017597675323486328
114808,normal,1972,0,1782359725.8237176,0.0022013187408447266
114809,normal,1429,0,1782359725.8255823,0.0018646717071533203
114810,normal,3631,0,1782359725.8276505,0.0020682811737060547
114811,normal,598,0,1782359725.830043,0.0023925304412841797
114812,normal,3648,0,1782359725.831755,0.0017118453979492188
114813,normal,1804,0,1782359725.8337874,0.0020325183868408203
114814,normal,3521,0,1782359725.8355155,0.001728057861328125
114815,normal,263,0,1782359725.8378665,0.002351045608520508
114816,normal,670,0,1782359725.8395383,0.0016717910766601562
114817,normal,2541,0,1782359725.8416226,0.0020842552185058594
114818,normal,3195,1,1782359725.843584,0.0019614696502685547
114819,normal,3226,1,1782359725.8455763,0.0019922256469726562
114820,normal,2902,0,1782359725.847522,0.0019457340240478516
114821,normal,2477,0,1782359725.8500803,0.0025582313537597656
114822,normal,3129,1,1782359725.8516176,0.001537322998046875
114823,normal,104,0,1782359725.853785,0.0021674633026123047
114824,normal,811,2,1782359725.8555746,0.0017895698547363281
114825,normal,3150,1,1782359725.857569,0.0019943714141845703
114826,normal,1922,0,1782359725.859706,0.0021369457244873047
114827,normal,3394,1,1782359725.8617861,0.002080202102661133
114828,normal,2307,0,1782359725.8635163,0.001730203628540039
114829,normal,320,0,1782359725.8656363,0.0021200180053710938
114830,normal,100,0,1782359725.8681474,0.0025110244750976562
114831,normal,167,0,1782359725.8702824,0.002135038375854492
114832,normal,2219,0,1782359725.872548,0.0022656917572021484
114833,normal,1736,0,1782359725.873712,0.0011639595031738281
114834,normal,694,0,1782359725.8756957,0.001983642578125
114835,normal,2479,0,1782359725.8776834,0.0019876956939697266
114836,normal,3402,0,1782359725.8797934,0.002110004425048828
114837,normal,2220,0,1782359725.8818867,0.0020933151245117188
114838,normal,2563,0,1782359725.8835325,0.001645803451538086
114839,normal,3693,0,1782359725.8856018,0.002069234848022461
114840,normal,273,0,1782359725.8874898,0.0018880367279052734
114841,normal,3511,0,1782359725.8896484,0.002158641815185547
114842,normal,2917,0,1782359725.8917737,0.002125263214111328
114843,normal,3145,1,1782359725.8935099,0.0017361640930175781
114844,normal,1848,0,1782359725.8958228,0.002312898635864258
114845,normal,300,0,1782359725.8975296,0.001706838607788086
114846,normal,1677,0,1782359725.8999736,0.002444028854370117
114847,normal,728,0,1782359725.901691,0.0017173290252685547
114848,normal,3048,1,1782359725.9038901,0.0021991729736328125
114849,normal,105,0,1782359725.9055207,0.001630544662475586
114850,normal,1495,0,1782359725.9078047,0.0022840499877929688
114851,normal,3575,0,1782359725.9097242,0.0019195079803466797
114852,normal,1289,0,1782359725.9116285,0.0019042491912841797
114853,normal,1115,0,1782359725.9136374,0.0020089149475097656
114854,normal,742,0,1782359725.9159598,0.0023224353790283203
114855,normal,3663,0,1782359725.9175534,0.0015935897827148438
114856,normal,3095,1,1782359725.9199724,0.002418994903564453
114857,normal,2919,0,1782359725.921561,0.001588582992553711
114858,normal,1675,0,1782359725.923698,0.0021369457244873047
114859,normal,2431,0,1782359725.9255245,0.0018265247344970703
114860,normal,615,0,1782359725.9276328,0.002108335494995117
114861,normal,1865,0,1782359725.9295604,0.0019276142120361328
114862,normal,2861,0,1782359725.9318502,0.0022897720336914062
114863,normal,2441,0,1782359725.9335403,0.0016901493072509766
114864,normal,3583,0,1782359725.9357843,0.0022439956665039062
114865,normal,141,0,1782359725.9375207,0.0017364025115966797
114866,normal,1696,0,1782359725.939783,0.0022623538970947266
114867,normal,3067,1,1782359725.9418848,0.0021016597747802734
114868,normal,3569,0,1782359725.9441988,0.0023140907287597656
114869,normal,187,0,1782359725.9458377,0.0016388893127441406
114870,normal,1928,0,1782359725.947476,0.001638174057006836
114871,normal,1172,0,1782359725.9499738,0.0024979114532470703
114872,normal,1201,0,1782359725.9515095,0.001535654067993164
114873,normal,2392,0,1782359725.9535782,0.002068758010864258
114874,normal,2239,0,1782359725.9554834,0.001905202865600586
114875,normal,3217,1,1782359725.95771,0.002226591110229492
114876,normal,460,0,1782359725.9595144,0.001804351806640625
114877,normal,2297,0,1782359725.9616385,0.0021240711212158203
114878,normal,3545,0,1782359725.9635735,0.0019350051879882812
114879,normal,3100,1,1782359725.965615,0.0020415782928466797
114880,normal,2362,0,1782359725.9677432,0.002128124237060547
114881,normal,3474,0,1782359725.9697247,0.001981496810913086
114882,normal,840,2,1782359725.971524,0.0017993450164794922
114883,normal,1877,0,1782359725.9738736,0.0023496150970458984
114884,normal,636,0,1782359725.9755197,0.0016460418701171875
114885,normal,3664,0,1782359725.9775708,0.002051115036010742
114886,normal,1634,0,1782359725.9797356,0.0021648406982421875
114887,normal,1251,0,1782359725.9821537,0.002418041229248047
114888,normal,1918,0,1782359725.9834614,0.0013077259063720703
114889,normal,56,0,1782359725.9857864,0.0023250579833984375
114890,normal,1520,0,1782359725.9876215,0.0018351078033447266
114891,normal,2565,0,1782359725.9898393,0.0022177696228027344
114892,normal,23,0,1782359725.9916565,0.0018172264099121094
114893,normal,2947,0,1782359725.9940288,0.002372264862060547
114894,normal,2920,0,1782359725.9955285,0.0014996528625488281
114895,normal,201,0,1782359725.9979525,0.002424001693725586
114896,normal,1585,0,1782359725.9997797,0.001827239990234375
114897,normal,2878,0,1782359726.0017207,0.0019409656524658203
114898,normal,10,0,1782359726.0036485,0.0019278526306152344
114899,normal,1898,0,1782359726.0059361,0.002287626266479492
114900,normal,1497,0,1782359726.007924,0.001987934112548828
114901,normal,2055,0,1782359726.0097044,0.0017802715301513672
114902,normal,28,0,1782359726.011627,0.001922607421875
114903,normal,420,0,1782359726.0135217,0.0018947124481201172
114904,normal,1990,0,1782359726.0155687,0.0020470619201660156
114905,normal,1188,0,1782359726.017524,0.001955270767211914
114906,normal,359,0,1782359726.0195951,0.0020711421966552734
114907,normal,2542,0,1782359726.0217156,0.002120494842529297
114908,normal,1167,0,1782359726.0237267,0.0020110607147216797
114909,normal,3451,0,1782359726.025463,0.0017364025115966797
114910,normal,619,0,1782359726.0278287,0.002365589141845703
114911,normal,887,2,1782359726.029563,0.0017342567443847656
114912,normal,2104,0,1782359726.0316403,0.002077341079711914
114913,normal,3025,0,1782359726.0337574,0.002117156982421875
114914,normal,366,0,1782359726.036036,0.002278566360473633
114915,normal,1249,0,1782359726.0381024,0.002066373825073242
114916,normal,3192,1,1782359726.039717,0.0016145706176757812
114917,normal,3084,1,1782359726.041685,0.0019681453704833984
114918,normal,159,0,1782359726.043545,0.001859903335571289
114919,normal,2270,0,1782359726.045687,0.0021419525146484375
114920,normal,2560,0,1782359726.047541,0.00185394287109375
114921,normal,541,0,1782359726.0496132,0.0020723342895507812
114922,normal,434,0,1782359726.0517917,0.0021784305572509766
114923,normal,203,0,1782359726.0535965,0.0018048286437988281
114924,normal,602,0,1782359726.0555232,0.0019266605377197266
114925,normal,1364,1,1782359726.057833,0.0023097991943359375
114926,normal,1119,0,1782359726.0595365,0.001703500747680664
114927,normal,990,2,1782359726.0616434,0.002106904983520508
114928,normal,2245,0,1782359726.0636573,0.0020139217376708984
114929,normal,3533,0,1782359726.0660112,0.0023539066314697266
114930,normal,2459,0,1782359726.0677214,0.0017101764678955078
114931,normal,560,0,1782359726.069858,0.002136707305908203
114932,normal,1964,0,1782359726.0715592,0.0017011165618896484
114933,normal,3237,1,1782359726.073755,0.0021958351135253906
114934,normal,736,0,1782359726.0755732,0.0018181800842285156
114935,normal,2472,0,1782359726.0776935,0.0021202564239501953
114936,normal,2058,0,1782359726.0794592,0.0017657279968261719
114937,normal,2481,0,1782359726.0817657,0.0023064613342285156
114938,normal,333,0,1782359726.0837674,0.0020017623901367188
114939,normal,1044,0,1782359726.0856264,0.0018589496612548828
114940,normal,1563,0,1782359726.0875819,0.0019555091857910156
114941,normal,2080,0,1782359726.0900285,0.0024466514587402344
114942,normal,1547,0,1782359726.0921245,0.002095937728881836
114943,normal,2402,0,1782359726.0936189,0.0014944076538085938
114944,normal,695,0,1782359726.0958152,0.0021963119506835938
114945,normal,3624,0,1782359726.0975604,0.0017452239990234375
114946,normal,3376,1,1782359726.099796,0.0022356510162353516
114947,normal,2330,0,1782359726.1017182,0.0019221305847167969
114948,normal,492,0,1782359726.1035442,0.0018260478973388672
114949,normal,161,0,1782359726.1057856,0.002241373062133789
114950,normal,2090,0,1782359726.1076553,0.0018696784973144531
114951,normal,2,0,1782359726.1096098,0.0019545555114746094
114952,normal,1043,0,1782359726.1117287,0.002118825912475586
114953,normal,3141,1,1782359726.114028,0.0022993087768554688
114954,normal,2124,0,1782359726.1156542,0.0016262531280517578
114955,normal,1047,0,1782359726.1177938,0.002139568328857422
114956,normal,961,2,1782359726.12004,0.0022461414337158203
114957,normal,2706,0,1782359726.1216085,0.0015685558319091797
114958,normal,1069,0,1782359726.1238518,0.0022432804107666016
114959,normal,3058,1,1782359726.1257558,0.0019040107727050781
114960,normal,754,0,1782359726.1276507,0.0018949508666992188
114961,normal,1374,1,1782359726.1297028,0.0020520687103271484
114962,normal,848,2,1782359726.131629,0.0019261837005615234
114963,normal,2129,0,1782359726.1334517,0.0018227100372314453
114964,normal,2340,0,1782359726.1357827,0.0023310184478759766
114965,normal,2986,0,1782359726.137633,0.0018503665924072266
114966,normal,1948,0,1782359726.139616,0.0019829273223876953
114967,normal,2005,0,1782359726.1418312,0.002215147018432617
114968,normal,1207,0,1782359726.1436248,0.0017936229705810547
114969,normal,364,0,1782359726.1457772,0.0021524429321289062
114970,normal,3341,1,1782359726.147634,0.0018568038940429688
114971,normal,3089,1,1782359726.1496992,0.0020651817321777344
114972,normal,683,0,1782359726.1515267,0.0018274784088134766
114973,normal,3431,0,1782359726.1544795,0.0029528141021728516
114974,normal,1735,0,1782359726.1560426,0.0015630722045898438
114975,normal,397,0,1782359726.157732,0.0016894340515136719
114976,normal,2949,0,1782359726.159512,0.0017800331115722656
114977,normal,1081,0,1782359726.1617622,0.002250194549560547
114978,normal,318,0,1782359726.1634998,0.0017375946044921875
114979,normal,2396,0,1782359726.1658063,0.0023064613342285156
114980,normal,2482,0,1782359726.167694,0.0018877983093261719
114981,normal,1746,0,1782359726.1698384,0.002144336700439453
114982,normal,1890,0,1782359726.1716132,0.0017747879028320312
114983,normal,2384,0,1782359726.1739159,0.0023026466369628906
114984,normal,3471,0,1782359726.1755362,0.0016202926635742188
114985,normal,685,0,1782359726.1775682,0.002032041549682617
114986,normal,3453,0,1782359726.1797228,0.0021545886993408203
114987,normal,2261,0,1782359726.1815176,0.0017948150634765625
114988,normal,2489,0,1782359726.183645,0.002127408981323242
114989,normal,2156,0,1782359726.1856055,0.0019605159759521484
114990,normal,913,2,1782359726.187532,0.001926422119140625
114991,normal,1391,0,1782359726.1895523,0.0020203590393066406
114992,normal,3334,1,1782359726.1916268,0.0020744800567626953
114993,normal,118,0,1782359726.1934721,0.0018453598022460938
114994,normal,668,0,1782359726.195919,0.002446889877319336
114995,normal,213,0,1782359726.1976428,0.0017237663269042969
114996,normal,2018,0,1782359726.1997075,0.0020647048950195312
114997,normal,2460,0,1782359726.2016292,0.0019216537475585938
114998,normal,3017,0,1782359726.2038417,0.0022125244140625
114999,normal,3418,0,1782359726.2056587,0.0018169879913330078
115000,normal,2972,0,1782359726.207578,0.0019192695617675781
115001,normal,302,0,1782359726.209863,0.002285003662109375
115002,normal,1571,0,1782359726.2116065,0.0017435550689697266
115003,normal,2115,0,1782359726.2137594,0.0021529197692871094
115004,normal,483,0,1782359726.2158592,0.002099752426147461
115005,normal,321,0,1782359726.2176037,0.0017445087432861328
115006,normal,769,0,1782359726.2196283,0.0020246505737304688
115007,normal,808,2,1782359726.221807,0.002178668975830078
115008,normal,99,0,1782359726.2234623,0.0016553401947021484
115009,normal,3610,0,1782359726.2255898,0.002127408981323242
115010,MVI_40871,388,0,1782359764.5713096,0.0
115011,MVI_40871,251,0,1782359764.5732002,0.0018906593322753906
115012,MVI_40871,792,0,1782359764.5752575,0.002057313919067383
115013,MVI_40871,491,0,1782359764.5771859,0.0019283294677734375
115014,MVI_40871,124,0,1782359764.5792465,0.0020606517791748047
115015,MVI_40871,843,0,1782359764.5812414,0.0019948482513427734
115016,MVI_40871,117,0,1782359764.5832696,0.002028226852416992
115017,MVI_40871,258,0,1782359764.585184,0.0019145011901855469
115018,MVI_40871,46,0,1782359764.5874126,0.0022284984588623047
115019,MVI_40871,529,0,1782359764.589217,0.001804351806640625
115020,MVI_40871,629,0,1782359764.591565,0.0023479461669921875
115021,MVI_40871,220,0,1782359764.5934527,0.0018877983093261719
115022,MVI_40871,65,0,1782359764.5954309,0.001978158950805664
115023,MVI_40871,411,0,1782359764.5973573,0.001926422119140625
115024,MVI_40871,433,0,1782359764.5992994,0.0019421577453613281
115025,MVI_40871,125,0,1782359764.6012032,0.0019037723541259766
115026,MVI_40871,734,0,1782359764.6034563,0.0022530555725097656
115027,MVI_40871,446,0,1782359764.6052513,0.001795053482055664
115028,MVI_40871,617,0,1782359764.6074042,0.0021529197692871094
115029,MVI_40871,151,0,1782359764.6092334,0.0018291473388671875
115030,MVI_40871,801,0,1782359764.6114395,0.002206087112426758
115031,MVI_40871,262,0,1782359764.6132402,0.0018007755279541016
115032,MVI_40871,499,0,1782359764.6154144,0.0021741390228271484
115033,MVI_40871,43,0,1782359764.6172676,0.0018532276153564453
115034,MVI_40871,45,0,1782359764.619419,0.0021514892578125
115035,MVI_40871,535,0,1782359764.6212509,0.0018317699432373047
115036,MVI_40871,362,0,1782359764.6235204,0.0022695064544677734
115037,MVI_40871,762,0,1782359764.62526,0.0017397403717041016
115038,MVI_40871,146,0,1782359764.627588,0.0023279190063476562
115039,MVI_40871,505,0,1782359764.6294649,0.0018768310546875
115040,MVI_40871,556,0,1782359764.6313045,0.0018396377563476562
115041,MVI_40871,771,0,1782359764.6336176,0.0023131370544433594
115042,MVI_40871,849,0,1782359764.6353443,0.0017266273498535156
115043,MVI_40871,107,0,1782359764.6374629,0.0021185874938964844
115044,MVI_40871,525,0,1782359764.6393077,0.0018448829650878906
115045,MVI_40871,213,0,1782359764.6416268,0.0023190975189208984
115046,MVI_40871,15,0,1782359764.643791,0.002164125442504883
115047,MVI_40871,596,0,1782359764.6453106,0.0015196800231933594
115048,MVI_40871,188,0,1782359764.6481392,0.0028285980224609375
115049,MVI_40871,619,0,1782359764.649898,0.0017588138580322266
115050,MVI_40871,367,0,1782359764.6519232,0.002025127410888672
115051,MVI_40871,357,0,1782359764.653799,0.0018758773803710938
115052,MVI_40871,539,0,1782359764.655826,0.0020270347595214844
115053,MVI_40871,331,0,1782359764.6581628,0.002336740493774414
115054,MVI_40871,378,0,1782359764.6599705,0.0018076896667480469
115055,MVI_40871,560,0,1782359764.6617305,0.0017600059509277344
115056,MVI_40871,735,0,1782359764.6636138,0.0018832683563232422
115057,MVI_40871,164,0,1782359764.6660278,0.0024139881134033203
115058,MVI_40871,599,0,1782359764.667818,0.0017902851104736328
115059,MVI_40871,661,0,1782359764.6698406,0.0020225048065185547
115060,MVI_40871,744,0,1782359764.6718245,0.0019838809967041016
115061,MVI_40871,845,0,1782359764.6739264,0.002101898193359375
115062,MVI_40871,104,0,1782359764.6759021,0.0019757747650146484
115063,MVI_40871,195,0,1782359764.6775477,0.0016455650329589844
115064,MVI_40871,321,0,1782359764.6798987,0.002351045608520508
115065,MVI_40871,664,0,1782359764.681837,0.0019383430480957031
115066,MVI_40871,343,0,1782359764.683878,0.002040863037109375
115067,MVI_40871,627,0,1782359764.6856403,0.00176239013671875
115068,MVI_40871,760,0,1782359764.687993,0.0023527145385742188
115069,MVI_40871,427,0,1782359764.6899858,0.0019927024841308594
115070,MVI_40871,330,0,1782359764.6918736,0.0018877983093261719
115071,MVI_40871,587,0,1782359764.6934853,0.0016117095947265625
115072,MVI_40871,38,0,1782359764.6956112,0.002125978469848633
115073,MVI_40871,59,0,1782359764.6975443,0.0019330978393554688
115074,MVI_40871,743,0,1782359764.6997905,0.0022461414337158203
115075,MVI_40871,265,0,1782359764.7016802,0.0018897056579589844
115076,MVI_40871,468,0,1782359764.7038393,0.00215911865234375
115077,MVI_40871,742,0,1782359764.7058022,0.001962900161743164
115078,MVI_40871,352,0,1782359764.7075934,0.001791238784790039
115079,MVI_40871,320,0,1782359764.7095242,0.0019307136535644531
115080,MVI_40871,834,0,1782359764.7115798,0.002055644989013672
115081,MVI_40871,736,0,1782359764.713589,0.002009153366088867
115082,MVI_40871,693,0,1782359764.7158425,0.0022535324096679688
115083,MVI_40871,37,0,1782359764.7175035,0.001661062240600586
115084,MVI_40871,61,0,1782359764.7196047,0.0021011829376220703
115085,MVI_40871,670,0,1782359764.7218328,0.0022280216217041016
115086,MVI_40871,500,0,1782359764.7236094,0.0017766952514648438
115087,MVI_40871,74,0,1782359764.725482,0.0018725395202636719
115088,MVI_40871,719,0,1782359764.7278407,0.002358675003051758
115089,MVI_40871,511,0,1782359764.729498,0.001657247543334961
115090,MVI_40871,112,0,1782359764.7315245,0.0020265579223632812
115091,MVI_40871,137,0,1782359764.7341793,0.0026547908782958984
115092,MVI_40871,694,0,1782359764.7362788,0.0020995140075683594
115093,MVI_40871,288,0,1782359764.7380643,0.0017855167388916016
115094,MVI_40871,22,0,1782359764.7406387,0.002574443817138672
115095,MVI_40871,317,0,1782359764.741348,0.0007092952728271484
115096,MVI_40871,77,0,1782359764.7438402,0.002492189407348633
115097,MVI_40871,705,0,1782359764.7457364,0.0018961429595947266
115098,MVI_40871,390,0,1782359764.7475748,0.0018384456634521484
115099,MVI_40871,586,0,1782359764.749959,0.002384185791015625
115100,MVI_40871,612,0,1782359764.7518713,0.0019123554229736328
115101,MVI_40871,649,0,1782359764.7539084,0.00203704833984375
115102,MVI_40871,139,0,1782359764.7558682,0.0019598007202148438
115103,MVI_40871,613,0,1782359764.757447,0.0015788078308105469
115104,MVI_40871,170,0,1782359764.7600713,0.0026242733001708984
115105,MVI_40871,402,0,1782359764.7618182,0.0017468929290771484
115106,MVI_40871,10,0,1782359764.7638948,0.0020766258239746094
115107,MVI_40871,687,0,1782359764.7660215,0.0021266937255859375
115108,MVI_40871,391,0,1782359764.7676985,0.0016770362854003906
115109,MVI_40871,650,0,1782359764.7701275,0.0024290084838867188
115110,MVI_40871,812,0,1782359764.771462,0.0013344287872314453
115111,MVI_40871,695,0,1782359764.7734077,0.0019457340240478516
115112,MVI_40871,290,0,1782359764.7753184,0.0019106864929199219
115113,MVI_40871,332,0,1782359764.7775998,0.0022814273834228516
115114,MVI_40871,223,0,1782359764.7792547,0.0016548633575439453
115115,MVI_40871,690,0,1782359764.781571,0.0023162364959716797
115116,MVI_40871,714,0,1782359764.7833056,0.0017347335815429688
115117,MVI_40871,35,0,1782359764.7856402,0.0023345947265625
115118,MVI_40871,615,0,1782359764.7874382,0.0017979145050048828
115119,MVI_40871,119,0,1782359764.7894423,0.0020041465759277344
115120,MVI_40871,1,0,1782359764.7915902,0.0021479129791259766
115121,MVI_40871,515,0,1782359764.793394,0.0018038749694824219
115122,MVI_40871,526,0,1782359764.7954412,0.0020470619201660156
115123,MVI_40871,123,0,1782359764.7974963,0.0020551681518554688
115124,MVI_40871,504,0,1782359764.799351,0.0018546581268310547
115125,MVI_40871,336,0,1782359764.8012755,0.0019245147705078125
115126,MVI_40871,641,0,1782359764.8034391,0.0021636486053466797
115127,MVI_40871,492,0,1782359764.8052979,0.0018587112426757812
115128,MVI_40871,630,0,1782359764.8072846,0.0019867420196533203
115129,MVI_40871,87,0,1782359764.8103917,0.0031070709228515625
115130,MVI_40871,625,0,1782359764.811327,0.0009353160858154297
115131,MVI_40871,850,0,1782359764.8135684,0.002241373062133789
115132,MVI_40871,673,0,1782359764.8154361,0.0018677711486816406
115133,MVI_40871,187,0,1782359764.8175032,0.002067089080810547
115134,MVI_40871,748,0,1782359764.8194458,0.0019426345825195312
115135,MVI_40871,461,0,1782359764.821593,0.002147197723388672
115136,MVI_40871,127,0,1782359764.8234234,0.0018303394317626953
115137,MVI_40871,379,0,1782359764.8254378,0.0020143985748291016
115138,MVI_40871,414,0,1782359764.8275805,0.002142667770385742
115139,MVI_40871,773,0,1782359764.829375,0.001794576644897461
115140,MVI_40871,227,0,1782359764.8314435,0.0020685195922851562
115141,MVI_40871,377,0,1782359764.8335855,0.0021419525146484375
115142,MVI_40871,835,0,1782359764.8353815,0.0017960071563720703
115143,MVI_40871,534,0,1782359764.8374639,0.002082347869873047
115144,MVI_40871,426,0,1782359764.8394392,0.0019752979278564453
115145,MVI_40871,84,0,1782359764.841381,0.0019419193267822266
115146,MVI_40871,806,0,1782359764.8434422,0.002061128616333008
115147,MVI_40871,659,0,1782359764.8457296,0.0022873878479003906
115148,MVI_40871,455,0,1782359764.8481307,0.002401113510131836
115149,MVI_40871,355,0,1782359764.8499143,0.001783609390258789
115150,MVI_40871,459,0,1782359764.8515544,0.0016400814056396484
115151,MVI_40871,447,0,1782359764.8538132,0.002258777618408203
115152,MVI_40871,838,0,1782359764.8555713,0.0017580986022949219
115153,MVI_40871,241,0,1782359764.8576524,0.002081155776977539
115154,MVI_40871,118,0,1782359764.8595452,0.0018928050994873047
115155,MVI_40871,344,0,1782359764.8618813,0.0023360252380371094
115156,MVI_40871,203,0,1782359764.8637185,0.0018372535705566406
115157,MVI_40871,169,0,1782359764.86557,0.0018515586853027344
115158,MVI_40871,214,0,1782359764.8678715,0.002301454544067383
115159,MVI_40871,832,0,1782359764.8697305,0.0018589496612548828
115160,MVI_40871,351,0,1782359764.8718169,0.0020864009857177734
115161,MVI_40871,302,0,1782359764.873638,0.0018210411071777344
115162,MVI_40871,136,0,1782359764.875996,0.0023581981658935547
115163,MVI_40871,458,0,1782359764.8778338,0.0018377304077148438
115164,MVI_40871,60,0,1782359764.8798857,0.002051830291748047
115165,MVI_40871,211,0,1782359764.8817258,0.0018401145935058594
115166,MVI_40871,702,0,1782359764.8835351,0.0018093585968017578
115167,MVI_40871,768,0,1782359764.8860452,0.00251007080078125
115168,MVI_40871,726,0,1782359764.8882592,0.0022139549255371094
115169,MVI_40871,590,0,1782359764.889949,0.001689910888671875
115170,MVI_40871,666,0,1782359764.8920434,0.002094268798828125
115171,MVI_40871,179,0,1782359764.8937144,0.0016710758209228516
115172,MVI_40871,844,0,1782359764.8958013,0.0020868778228759766
115173,MVI_40871,353,0,1782359764.8975184,0.0017170906066894531
115174,MVI_40871,382,0,1782359764.8998861,0.002367734909057617
115175,MVI_40871,674,0,1782359764.9016025,0.0017163753509521484
115176,MVI_40871,707,0,1782359764.9038892,0.002286672592163086
115177,MVI_40871,841,0,1782359764.9058464,0.0019571781158447266
115178,MVI_40871,385,0,1782359764.9081066,0.0022602081298828125
115179,MVI_40871,776,0,1782359764.9094508,0.0013442039489746094
115180,MVI_40871,289,0,1782359764.911438,0.0019872188568115234
115181,MVI_40871,62,0,1782359764.9135525,0.002114534378051758
115182,MVI_40871,138,0,1782359764.9152591,0.0017066001892089844
115183,MVI_40871,298,0,1782359764.9174798,0.002220630645751953
115184,MVI_40871,246,0,1782359764.9193635,0.0018837451934814453
115185,MVI_40871,324,0,1782359764.921607,0.002243518829345703
115186,MVI_40871,847,0,1782359764.9235291,0.0019221305847167969
115187,MVI_40871,97,0,1782359764.9255683,0.002039194107055664
115188,MVI_40871,784,0,1782359764.9274397,0.001871347427368164
115189,MVI_40871,307,0,1782359764.9296076,0.002167940139770508
115190,MVI_40871,607,0,1782359764.931306,0.0016982555389404297
115191,MVI_40871,808,0,1782359764.9336038,0.0022978782653808594
115192,MVI_40871,95,0,1782359764.9354439,0.0018401145935058594
115193,MVI_40871,543,0,1782359764.9374738,0.002029895782470703
115194,MVI_40871,807,0,1782359764.9394457,0.0019719600677490234
115195,MVI_40871,334,0,1782359764.9415867,0.0021409988403320312
115196,MVI_40871,292,0,1782359764.943381,0.0017943382263183594
115197,MVI_40871,199,0,1782359764.9454453,0.002064228057861328
115198,MVI_40871,428,0,1782359764.9474363,0.0019910335540771484
115199,MVI_40871,606,0,1782359764.9495337,0.0020973682403564453
115200,MVI_40871,126,0,1782359764.9514506,0.0019168853759765625
115201,MVI_40871,235,0,1782359764.953585,0.0021343231201171875
115202,MVI_40871,412,0,1782359764.955316,0.0017311573028564453
115203,MVI_40871,102,0,1782359764.9576046,0.0022885799407958984
115204,MVI_40871,256,0,1782359764.959445,0.001840353012084961
115205,MVI_40871,81,0,1782359764.9617367,0.0022916793823242188
115206,MVI_40871,300,0,1782359764.96345,0.0017132759094238281
115207,MVI_40871,233,0,1782359764.9658182,0.0023682117462158203
115208,MVI_40871,831,0,1782359764.9674163,0.0015981197357177734
115209,MVI_40871,781,0,1782359764.970176,0.002759695053100586
115210,MVI_40871,27,0,1782359764.9719467,0.0017707347869873047
115211,MVI_40871,522,0,1782359764.9740112,0.0020644664764404297
115212,MVI_40871,793,0,1782359764.9758842,0.001873016357421875
115213,MVI_40871,444,0,1782359764.9778342,0.0019500255584716797
115214,MVI_40871,190,0,1782359764.9795613,0.0017271041870117188
115215,MVI_40871,329,0,1782359764.982048,0.002486705780029297
115216,MVI_40871,783,0,1782359764.9844508,0.002402782440185547
115217,MVI_40871,417,0,1782359764.985335,0.0008842945098876953
115218,MVI_40871,563,0,1782359764.987515,0.002179861068725586
115219,MVI_40871,275,0,1782359764.9900556,0.00254058837890625
115220,MVI_40871,684,0,1782359764.9920633,0.002007722854614258
115221,MVI_40871,244,0,1782359764.9939225,0.0018591880798339844
115222,MVI_40871,94,0,1782359764.995722,0.0017995834350585938
115223,MVI_40871,297,0,1782359764.9975166,0.001794576644897461
115224,MVI_40871,451,0,1782359764.9998693,0.0023527145385742188
115225,MVI_40871,148,0,1782359765.0015647,0.001695394515991211
115226,MVI_40871,168,0,1782359765.003538,0.0019731521606445312
115227,MVI_40871,155,0,1782359765.0061576,0.0026197433471679688
115228,MVI_40871,632,0,1782359765.0079432,0.0017855167388916016
115229,MVI_40871,276,0,1782359765.0100234,0.002080202102661133
115230,MVI_40871,546,0,1782359765.0115445,0.0015211105346679688
115231,MVI_40871,483,0,1782359765.0140347,0.0024902820587158203
115232,MVI_40871,796,0,1782359765.0158184,0.001783609390258789
115233,MVI_40871,817,0,1782359765.017888,0.002069711685180664
115234,MVI_40871,67,0,1782359765.0197482,0.0018601417541503906
115235,MVI_40871,231,0,1782359765.0213547,0.0016064643859863281
115236,MVI_40871,450,0,1782359765.0235982,0.002243518829345703
115237,MVI_40871,597,0,1782359765.0260417,0.002443552017211914
115238,MVI_40871,106,0,1782359765.0273547,0.0013129711151123047
115239,MVI_40871,741,0,1782359765.0302906,0.0029358863830566406
115240,MVI_40871,755,0,1782359765.0312626,0.0009720325469970703
115241,MVI_40871,798,0,1782359765.0335894,0.0023267269134521484
115242,MVI_40871,648,0,1782359765.0353656,0.0017762184143066406
115243,MVI_40871,108,0,1782359765.0382388,0.0028731822967529297
115244,MVI_40871,386,0,1782359765.039343,0.0011043548583984375
115245,MVI_40871,566,0,1782359765.0416217,0.002278566360473633
115246,MVI_40871,338,0,1782359765.0435767,0.0019550323486328125
115247,MVI_40871,282,0,1782359765.0454974,0.0019207000732421875
115248,MVI_40871,161,0,1782359765.0474663,0.001968860626220703
115249,MVI_40871,509,0,1782359765.0494828,0.0020165443420410156
115250,MVI_40871,308,0,1782359765.051309,0.0018262863159179688
115251,MVI_40871,600,0,1782359765.0536246,0.002315521240234375
115252,MVI_40871,189,0,1782359765.0554302,0.0018055438995361328
115253,MVI_40871,752,0,1782359765.0573115,0.0018813610076904297
115254,MVI_40871,480,0,1782359765.0596237,0.002312183380126953
115255,MVI_40871,5,0,1782359765.0614724,0.0018486976623535156
115256,MVI_40871,761,0,1782359765.0636046,0.0021321773529052734
115257,MVI_40871,588,0,1782359765.0654597,0.0018551349639892578
115258,MVI_40871,489,0,1782359765.0674837,0.002023935317993164
115259,MVI_40871,192,0,1782359765.0693092,0.001825571060180664
115260,MVI_40871,591,0,1782359765.0714839,0.0021746158599853516
115261,MVI_40871,82,0,1782359765.073477,0.0019931793212890625
115262,MVI_40871,751,0,1782359765.0753076,0.0018305778503417969
115263,MVI_40871,470,0,1782359765.0776002,0.002292633056640625
115264,MVI_40871,12,0,1782359765.0794482,0.001847982406616211
115265,MVI_40871,66,0,1782359765.0814753,0.0020270347595214844
115266,MVI_40871,247,0,1782359765.0834625,0.0019872188568115234
115267,MVI_40871,263,0,1782359765.0854707,0.002008199691772461
115268,MVI_40871,636,0,1782359765.1785996,0.09312891960144043
115269,MVI_40871,305,0,1782359765.1786795,7.987022399902344e-05
115270,MVI_40871,699,0,1782359765.178719,3.9577484130859375e-05
115271,MVI_40871,180,0,1782359765.178744,2.5033950805664062e-05
115272,MVI_40871,14,0,1782359765.1787746,3.0517578125e-05
115273,MVI_40871,790,0,1782359765.178799,2.4318695068359375e-05
115274,MVI_40871,474,0,1782359765.17882,2.09808349609375e-05
115275,MVI_40871,49,0,1782359765.1788409,2.09808349609375e-05
115276,MVI_40871,186,0,1782359765.178861,2.002716064453125e-05
115277,MVI_40871,678,0,1782359765.1788805,1.9550323486328125e-05
115278,MVI_40871,618,0,1782359765.178901,2.0503997802734375e-05
115279,MVI_40871,356,0,1782359765.178924,2.3126602172851562e-05
115280,MVI_40871,326,0,1782359765.1789453,2.1219253540039062e-05
115281,MVI_40871,830,0,1782359765.1789653,2.002716064453125e-05
115314,MVI_40871,740,0,1782359765.1793094,0.0003440380096435547
115315,MVI_40871,71,0,1782359765.1813853,0.0020759105682373047
115316,MVI_40871,328,0,1782359765.1833045,0.0019192695617675781
115317,MVI_40871,129,0,1782359765.1853542,0.002049684524536133
115318,MVI_40871,44,0,1782359765.187533,0.002178668975830078
115319,MVI_40871,698,0,1782359765.1892533,0.001720428466796875
115320,MVI_40871,249,0,1782359765.191337,0.0020837783813476562
115321,MVI_40871,778,0,1782359765.1935084,0.0021712779998779297
115322,MVI_40871,313,0,1782359765.195515,0.00200653076171875
115323,MVI_40871,202,0,1782359765.1974535,0.0019385814666748047
115324,MVI_40871,823,0,1782359765.1997151,0.002261638641357422
115325,MVI_40871,622,0,1782359765.2014232,0.0017080307006835938
115326,MVI_40871,839,0,1782359765.203463,0.0020399093627929688
115327,MVI_40871,638,0,1782359765.2054522,0.001989126205444336
115328,MVI_40871,303,0,1782359765.2073746,0.0019223690032958984
115329,MVI_40871,111,0,1782359765.2101336,0.0027589797973632812
115330,MVI_40871,571,0,1782359765.211899,0.0017654895782470703
115331,MVI_40871,478,0,1782359765.213565,0.0016660690307617188
115332,MVI_40871,467,0,1782359765.2160788,0.0025136470794677734
115333,MVI_40871,72,0,1782359765.2184534,0.0023746490478515625
115334,MVI_40871,333,0,1782359765.219349,0.0008955001831054688
115335,MVI_40871,785,0,1782359765.2214563,0.002107381820678711
115336,MVI_40871,39,0,1782359765.223495,0.002038717269897461
115337,MVI_40871,142,0,1782359765.2254164,0.0019214153289794922
115338,MVI_40871,715,0,1782359765.2274806,0.002064228057861328
115339,MVI_40871,530,0,1782359765.2297523,0.0022716522216796875
115340,MVI_40871,341,0,1782359765.2314093,0.0016570091247558594
115341,MVI_40871,645,0,1782359765.2334578,0.002048492431640625
115342,MVI_40871,749,0,1782359765.2355957,0.002137899398803711
115343,MVI_40871,623,0,1782359765.2373214,0.0017256736755371094
115344,MVI_40871,745,0,1782359765.2395933,0.002271890640258789
115345,MVI_40871,239,0,1782359765.2414658,0.0018725395202636719
115346,MVI_40871,439,0,1782359765.2433357,0.0018699169158935547
115347,MVI_40871,688,0,1782359765.246044,0.0027081966400146484
115348,MVI_40871,777,0,1782359765.247749,0.001705169677734375
115349,MVI_40871,602,0,1782359765.249523,0.001773834228515625
115350,MVI_40871,574,0,1782359765.2515247,0.0020017623901367188
115351,MVI_40871,339,0,1782359765.2540927,0.0025680065155029297
115352,MVI_40871,153,0,1782359765.2559028,0.0018100738525390625
115353,MVI_40871,703,0,1782359765.2578027,0.0018999576568603516
115354,MVI_40871,245,0,1782359765.260014,0.002211332321166992
115355,MVI_40871,370,0,1782359765.2617364,0.0017223358154296875
115356,MVI_40871,452,0,1782359765.2636473,0.0019109249114990234
115357,MVI_40871,358,0,1782359765.265633,0.001985788345336914
115358,MVI_40871,48,0,1782359765.2675223,0.0018892288208007812
115359,MVI_40871,16,0,1782359765.2701585,0.0026361942291259766
115360,MVI_40871,572,0,1782359765.271946,0.001787424087524414
115361,MVI_40871,23,0,1782359765.2739687,0.0020227432250976562
115362,MVI_40871,708,0,1782359765.2761464,0.002177715301513672
115363,MVI_40871,691,0,1782359765.2781854,0.0020389556884765625
115364,MVI_40871,683,0,1782359765.27979,0.0016045570373535156
115365,MVI_40871,304,0,1782359765.282214,0.002424001693725586
115366,MVI_40871,8,0,1782359765.2839544,0.0017404556274414062
115367,MVI_40871,175,0,1782359765.2856438,0.0016894340515136719
115368,MVI_40871,482,0,1782359765.2881272,0.002483367919921875
115369,MVI_40871,805,0,1782359765.290328,0.0022008419036865234
115370,MVI_40871,738,0,1782359765.2914038,0.00107574462890625
115371,MVI_40871,704,0,1782359765.2935195,0.0021157264709472656
115372,MVI_40871,608,0,1782359765.2959683,0.0024487972259521484
115373,MVI_40871,6,0,1782359765.2976556,0.0016872882843017578
115374,MVI_40871,99,0,1782359765.2995849,0.0019292831420898438
115375,MVI_40871,723,0,1782359765.3016424,0.0020575523376464844
115376,MVI_40871,647,0,1782359765.3035104,0.0018680095672607422
115377,MVI_40871,575,0,1782359765.3055794,0.0020689964294433594
115378,MVI_40871,718,0,1782359765.307349,0.0017695426940917969
115379,MVI_40871,769,0,1782359765.3093953,0.002046346664428711
115380,MVI_40871,206,0,1782359765.311341,0.0019457340240478516
115381,MVI_40871,780,0,1782359765.313423,0.0020818710327148438
115382,MVI_40871,34,0,1782359765.315282,0.0018591880798339844
115383,MVI_40871,135,0,1782359765.3184562,0.0031740665435791016
115384,MVI_40871,465,0,1782359765.3192565,0.0008003711700439453
115385,MVI_40871,389,0,1782359765.3215115,0.002254962921142578
115386,MVI_40871,327,0,1782359765.3234503,0.0019388198852539062
115387,MVI_40871,196,0,1782359765.325728,0.0022776126861572266
115388,MVI_40871,567,0,1782359765.3273287,0.0016007423400878906
115389,MVI_40871,456,0,1782359765.3292682,0.001939535140991211
115390,MVI_40871,786,0,1782359765.331608,0.0023398399353027344
115391,MVI_40871,732,0,1782359765.3333979,0.0017898082733154297
115392,MVI_40871,720,0,1782359765.3354526,0.0020546913146972656
115393,MVI_40871,493,0,1782359765.3376095,0.002156972885131836
115394,MVI_40871,257,0,1782359765.339308,0.0016984939575195312
115395,MVI_40871,266,0,1782359765.341631,0.0023229122161865234
115396,MVI_40871,7,0,1782359765.343358,0.0017271041870117188
115397,MVI_40871,75,0,1782359765.345312,0.0019540786743164062
115398,MVI_40871,310,0,1782359765.347479,0.0021669864654541016
115399,MVI_40871,57,0,1782359765.3492343,0.0017552375793457031
115400,MVI_40871,70,0,1782359765.3512425,0.002008199691772461
115401,MVI_40871,827,0,1782359765.3532436,0.002001047134399414
115402,MVI_40871,464,0,1782359765.3552155,0.0019719600677490234
115403,MVI_40871,616,0,1782359765.3573437,0.002128124237060547
115404,MVI_40871,733,0,1782359765.3592134,0.0018696784973144531
115405,MVI_40871,162,0,1782359765.3614845,0.0022711753845214844
115406,MVI_40871,432,0,1782359765.3632503,0.0017657279968261719
115407,MVI_40871,134,0,1782359765.3654692,0.002218961715698242
115408,MVI_40871,605,0,1782359765.36745,0.0019807815551757812
115409,MVI_40871,29,0,1782359765.3694656,0.0020155906677246094
115410,MVI_40871,238,0,1782359765.3714879,0.002022266387939453
115411,MVI_40871,149,0,1782359765.3734403,0.0019524097442626953
115412,MVI_40871,114,0,1782359765.3754826,0.0020422935485839844
115413,MVI_40871,366,0,1782359765.377437,0.0019545555114746094
115414,MVI_40871,225,0,1782359765.3795745,0.002137422561645508
115415,MVI_40871,568,0,1782359765.3813722,0.0017976760864257812
115416,MVI_40871,133,0,1782359765.3834863,0.0021140575408935547
115417,MVI_40871,51,0,1782359765.38544,0.0019538402557373047
115418,MVI_40871,490,0,1782359765.3874826,0.002042531967163086
115419,MVI_40871,692,0,1782359765.3894374,0.001954793930053711
115420,MVI_40871,644,0,1782359765.3915727,0.0021352767944335938
115421,MVI_40871,518,0,1782359765.3933678,0.001795053482055664
115422,MVI_40871,217,0,1782359765.3954434,0.002075672149658203
115423,MVI_40871,36,0,1782359765.3976195,0.002176046371459961
115424,MVI_40871,178,0,1782359765.3994267,0.0018072128295898438
115425,MVI_40871,701,0,1782359765.40144,0.0020132064819335938
115426,MVI_40871,624,0,1782359765.403573,0.0021331310272216797
115427,MVI_40871,789,0,1782359765.4053688,0.0017957687377929688
115428,MVI_40871,593,0,1782359765.4074454,0.0020766258239746094
115429,MVI_40871,729,0,1782359765.4096503,0.00220489501953125
115430,MVI_40871,322,0,1782359765.4113758,0.0017254352569580078
115431,MVI_40871,131,0,1782359765.4134376,0.0020618438720703125
115432,MVI_40871,295,0,1782359765.4155736,0.0021359920501708984
115433,MVI_40871,400,0,1782359765.4173656,0.0017919540405273438
115434,MVI_40871,101,0,1782359765.4194427,0.0020771026611328125
115435,MVI_40871,594,0,1782359765.4216592,0.0022165775299072266
115436,MVI_40871,250,0,1782359765.4233787,0.0017194747924804688
115437,MVI_40871,521,0,1782359765.4254687,0.002089977264404297
115438,MVI_40871,549,0,1782359765.4274452,0.001976490020751953
115439,MVI_40871,816,0,1782359765.4294856,0.002040386199951172
115440,MVI_40871,105,0,1782359765.4314444,0.0019588470458984375
115441,MVI_40871,724,0,1782359765.433505,0.0020606517791748047
115442,MVI_40871,820,0,1782359765.435517,0.002012014389038086
115443,MVI_40871,488,0,1782359765.437475,0.0019578933715820312
115444,MVI_40871,100,0,1782359765.4394772,0.002002239227294922
115445,MVI_40871,496,0,1782359765.4413855,0.0019083023071289062
115446,MVI_40871,160,0,1782359765.44346,0.0020744800567626953
115447,MVI_40871,462,0,1782359765.445477,0.0020170211791992188
115448,MVI_40871,121,0,1782359765.4476502,0.002173185348510742
115449,MVI_40871,403,0,1782359765.4493155,0.001665353775024414
115450,MVI_40871,764,0,1782359765.4516037,0.0022881031036376953
115451,MVI_40871,171,0,1782359765.453386,0.0017824172973632812
115452,MVI_40871,159,0,1782359765.4554775,0.0020914077758789062
115453,MVI_40871,658,0,1782359765.4574728,0.0019953250885009766
115454,MVI_40871,58,0,1782359765.4594665,0.0019936561584472656
115455,MVI_40871,350,0,1782359765.4614933,0.002026796340942383
115456,MVI_40871,174,0,1782359765.4634721,0.0019788742065429688
115457,MVI_40871,98,0,1782359765.4653144,0.0018422603607177734
115458,MVI_40871,653,0,1782359765.4675815,0.002267122268676758
115459,MVI_40871,552,0,1782359765.4694889,0.0019073486328125
115460,MVI_40871,360,0,1782359765.4713166,0.0018277168273925781
115461,MVI_40871,226,0,1782359765.4736133,0.0022966861724853516
115462,MVI_40871,103,0,1782359765.4754694,0.001856088638305664
115463,MVI_40871,80,0,1782359765.4779515,0.002482175827026367
115464,MVI_40871,398,0,1782359765.479475,0.0015234947204589844
115465,MVI_40871,553,0,1782359765.481469,0.001993894577026367
115466,MVI_40871,803,0,1782359765.4833176,0.0018486976623535156
115467,MVI_40871,828,0,1782359765.485599,0.0022814273834228516
115468,MVI_40871,279,0,1782359765.4874794,0.0018804073333740234
115469,MVI_40871,487,0,1782359765.490077,0.0025975704193115234
115470,MVI_40871,646,0,1782359765.4918664,0.0017893314361572266
115471,MVI_40871,501,0,1782359765.4940162,0.002149820327758789
115472,MVI_40871,584,0,1782359765.4957418,0.0017256736755371094
115473,MVI_40871,274,0,1782359765.4979637,0.002221822738647461
115474,MVI_40871,242,0,1782359765.499947,0.0019834041595458984
115475,MVI_40871,453,0,1782359765.5018394,0.0018923282623291016
115476,MVI_40871,477,0,1782359765.5038712,0.0020318031311035156
115477,MVI_40871,78,0,1782359765.5055747,0.001703500747680664
115478,MVI_40871,395,0,1782359765.508202,0.0026273727416992188
115479,MVI_40871,374,0,1782359765.5092988,0.0010967254638671875
115480,MVI_40871,578,0,1782359765.5115454,0.0022466182708740234
115481,MVI_40871,143,0,1782359765.5132997,0.0017542839050292969
115482,MVI_40871,191,0,1782359765.515445,0.0021452903747558594
115483,MVI_40871,765,0,1782359765.517617,0.0021719932556152344
115484,MVI_40871,716,0,1782359765.5193408,0.0017237663269042969
115485,MVI_40871,109,0,1782359765.5214467,0.0021059513092041016
115486,MVI_40871,603,0,1782359765.52356,0.00211334228515625
115487,MVI_40871,818,0,1782359765.525337,0.0017769336700439453
115488,MVI_40871,53,0,1782359765.5273974,0.002060413360595703
115489,MVI_40871,261,0,1782359765.5293372,0.0019397735595703125
115490,MVI_40871,222,0,1782359765.5318744,0.002537250518798828
115491,MVI_40871,697,0,1782359765.5335307,0.0016562938690185547
115492,MVI_40871,592,0,1782359765.5352893,0.001758575439453125
115493,MVI_40871,419,0,1782359765.5374575,0.0021681785583496094
115494,MVI_40871,696,0,1782359765.539376,0.0019185543060302734
115495,MVI_40871,335,0,1782359765.5420196,0.002643585205078125
115496,MVI_40871,472,0,1782359765.5432909,0.0012712478637695312
115497,MVI_40871,680,0,1782359765.546423,0.0031321048736572266
115498,MVI_40871,579,0,1782359765.5472913,0.0008683204650878906
115499,MVI_40871,50,0,1782359765.5497022,0.002410888671875
115500,MVI_40871,9,0,1782359765.5512815,0.00157928466796875
115501,MVI_40871,837,0,1782359765.5535455,0.0022640228271484375
115502,MVI_40871,424,0,1782359765.5554135,0.0018680095672607422
115503,MVI_40871,486,0,1782359765.5573285,0.00191497802734375
115504,MVI_40871,69,0,1782359765.5595467,0.0022182464599609375
115505,MVI_40871,671,0,1782359765.5613413,0.001794576644897461
115506,MVI_40871,763,0,1782359765.563445,0.0021038055419921875
115507,MVI_40871,243,0,1782359765.5654788,0.002033710479736328
115508,MVI_40871,152,0,1782359765.5674546,0.0019757747650146484
115509,MVI_40871,669,0,1782359765.5693316,0.0018770694732666016
115510,MVI_40871,438,0,1782359765.5715444,0.0022127628326416016
115511,MVI_40871,280,0,1782359765.5733402,0.0017957687377929688
115512,MVI_40871,116,0,1782359765.5754497,0.002109527587890625
115513,MVI_40871,536,0,1782359765.5774822,0.0020325183868408203
115514,MVI_40871,252,0,1782359765.579358,0.0018758773803710938
115515,MVI_40871,770,0,1782359765.5817869,0.002428770065307617
115516,MVI_40871,537,0,1782359765.5832994,0.0015125274658203125
115517,MVI_40871,538,0,1782359765.5855541,0.0022547245025634766
115518,MVI_40871,269,0,1782359765.5873148,0.001760721206665039
115519,MVI_40871,544,0,1782359765.5896113,0.00229644775390625
115520,MVI_40871,415,0,1782359765.591733,0.0021216869354248047
115521,MVI_40871,810,0,1782359765.5936928,0.0019598007202148438
115522,MVI_40871,156,0,1782359765.5956311,0.0019383430480957031
115523,MVI_40871,710,0,1782359765.5978131,0.0021820068359375
115524,MVI_40871,569,0,1782359765.5998595,0.002046346664428711
115525,MVI_40871,404,0,1782359765.6017175,0.0018579959869384766
115526,MVI_40871,122,0,1782359765.603514,0.0017964839935302734
115527,MVI_40871,201,0,1782359765.6058526,0.0023386478424072266
115528,MVI_40871,421,0,1782359765.6077166,0.0018639564514160156
115529,MVI_40871,819,0,1782359765.6095283,0.0018117427825927734
115530,MVI_40871,681,0,1782359765.6121182,0.0025899410247802734
115531,MVI_40871,561,0,1782359765.614329,0.002210855484008789
115532,MVI_40871,420,0,1782359765.6153674,0.0010383129119873047
115533,MVI_40871,643,0,1782359765.6183,0.0029325485229492188
115534,MVI_40871,497,0,1782359765.6199913,0.0016913414001464844
115535,MVI_40871,283,0,1782359765.621739,0.0017476081848144531
115536,MVI_40871,551,0,1782359765.6239002,0.002161264419555664
115537,MVI_40871,494,0,1782359765.625647,0.0017468929290771484
115538,MVI_40871,172,0,1782359765.627819,0.0021719932556152344
115539,MVI_40871,130,0,1782359765.6298637,0.002044677734375
115540,MVI_40871,430,0,1782359765.6315148,0.0016510486602783203
115541,MVI_40871,387,0,1782359765.6338139,0.002299070358276367
115542,MVI_40871,508,0,1782359765.6358469,0.0020329952239990234
115543,MVI_40871,271,0,1782359765.6377325,0.0018856525421142578
115544,MVI_40871,589,0,1782359765.63953,0.0017974376678466797
115545,MVI_40871,709,0,1782359765.6418312,0.0023012161254882812
115546,MVI_40871,514,0,1782359765.6436954,0.0018641948699951172
115547,MVI_40871,787,0,1782359765.6457865,0.0020911693572998047
115548,MVI_40871,399,0,1782359765.6481607,0.0023741722106933594
115549,MVI_40871,86,0,1782359765.650138,0.001977205276489258
115550,MVI_40871,811,0,1782359765.6520271,0.0018892288208007812
115551,MVI_40871,157,0,1782359765.6540067,0.0019795894622802734
115552,MVI_40871,846,0,1782359765.6559532,0.0019464492797851562
115553,MVI_40871,436,0,1782359765.6579902,0.00203704833984375
115554,MVI_40871,573,0,1782359765.6602125,0.002222299575805664
115555,MVI_40871,610,0,1782359765.6622846,0.0020720958709716797
115556,MVI_40871,316,0,1782359765.6640482,0.0017635822296142578
115557,MVI_40871,132,0,1782359765.666092,0.0020437240600585938
115558,MVI_40871,766,0,1782359765.667882,0.0017900466918945312
115559,MVI_40871,604,0,1782359765.669986,0.002104043960571289
115560,MVI_40871,185,0,1782359765.6716254,0.0016393661499023438
115561,MVI_40871,205,0,1782359765.6734505,0.001825094223022461
115562,MVI_40871,365,0,1782359765.6758525,0.002402067184448242
115563,MVI_40871,312,0,1782359765.6779323,0.0020797252655029297
115564,MVI_40871,309,0,1782359765.6795368,0.0016045570373535156
115565,MVI_40871,88,0,1782359765.682161,0.0026242733001708984
115566,MVI_40871,675,0,1782359765.6832242,0.0010631084442138672
115567,MVI_40871,394,0,1782359765.6858363,0.0026121139526367188
115568,MVI_40871,197,0,1782359765.687736,0.00189971923828125
115569,MVI_40871,528,0,1782359765.6894944,0.0017583370208740234
115570,MVI_40871,284,0,1782359765.6914694,0.0019750595092773438
115571,MVI_40871,457,0,1782359765.6932597,0.0017902851104736328
115572,MVI_40871,228,0,1782359765.6958725,0.0026128292083740234
115573,MVI_40871,750,0,1782359765.6972592,0.0013866424560546875
115574,MVI_40871,826,0,1782359765.6993814,0.002122163772583008
115575,MVI_40871,128,0,1782359765.7012792,0.0018978118896484375
115576,MVI_40871,198,0,1782359765.7036443,0.0023651123046875
115577,MVI_40871,775,0,1782359765.7053654,0.0017211437225341797
115578,MVI_40871,384,0,1782359765.707337,0.0019714832305908203
115579,MVI_40871,484,0,1782359765.7095592,0.002222299575805664
115580,MVI_40871,120,0,1782359765.7113388,0.0017795562744140625
115581,MVI_40871,434,0,1782359765.7134469,0.0021080970764160156
115582,MVI_40871,460,0,1782359765.715507,0.0020601749420166016
115583,MVI_40871,181,0,1782359765.7172875,0.0017805099487304688
115584,MVI_40871,564,0,1782359765.7194452,0.0021576881408691406
115585,MVI_40871,368,0,1782359765.7213285,0.0018832683563232422
115586,MVI_40871,63,0,1782359765.7234268,0.0020983219146728516
115587,MVI_40871,218,0,1782359765.725298,0.0018711090087890625
115588,MVI_40871,667,0,1782359765.7275498,0.002251863479614258
115589,MVI_40871,397,0,1782359765.7293005,0.0017507076263427734
115590,MVI_40871,836,0,1782359765.7314308,0.002130270004272461
115591,MVI_40871,676,0,1782359765.733422,0.00199127197265625
115592,MVI_40871,163,0,1782359765.7352757,0.0018537044525146484
115593,MVI_40871,443,0,1782359765.7373934,0.002117633819580078
115594,MVI_40871,576,0,1782359765.739484,0.0020906925201416016
115595,MVI_40871,639,0,1782359765.741261,0.0017769336700439453
115596,MVI_40871,821,0,1782359765.743385,0.0021240711212158203
115597,MVI_40871,409,0,1782359765.7455492,0.002164125442504883
115598,MVI_40871,154,0,1782359765.7472553,0.0017061233520507812
115599,MVI_40871,570,0,1782359765.749482,0.002226591110229492
115600,MVI_40871,634,0,1782359765.7514217,0.0019397735595703125
115601,MVI_40871,418,0,1782359765.753299,0.0018773078918457031
115602,MVI_40871,582,0,1782359765.7554352,0.00213623046875
115603,MVI_40871,210,0,1782359765.7575855,0.002150297164916992
115604,MVI_40871,542,0,1782359765.7592926,0.0017070770263671875
115605,MVI_40871,369,0,1782359765.7614398,0.002147197723388672
115606,MVI_40871,737,0,1782359765.7635765,0.002136707305908203
115607,MVI_40871,554,0,1782359765.7657843,0.0022077560424804688
115608,MVI_40871,79,0,1782359765.7674682,0.001683950424194336
115609,MVI_40871,585,0,1782359765.76955,0.0020818710327148438
115610,MVI_40871,595,0,1782359765.7712958,0.0017457008361816406
115611,MVI_40871,660,0,1782359765.7734656,0.0021698474884033203
115612,MVI_40871,655,0,1782359765.7755713,0.002105712890625
115613,MVI_40871,668,0,1782359765.7773077,0.0017364025115966797
115614,MVI_40871,311,0,1782359765.779444,0.00213623046875
115615,MVI_40871,92,0,1782359765.7824943,0.0030503273010253906
115616,MVI_40871,396,0,1782359765.7832847,0.0007903575897216797
115617,MVI_40871,216,0,1782359765.7854462,0.0021615028381347656
115618,MVI_40871,727,0,1782359765.7875588,0.0021126270294189453
115619,MVI_40871,829,0,1782359765.7892902,0.0017313957214355469
115620,MVI_40871,626,0,1782359765.791436,0.0021457672119140625
115621,MVI_40871,725,0,1782359765.7935603,0.002124309539794922
115622,MVI_40871,219,0,1782359765.7952948,0.0017344951629638672
115623,MVI_40871,340,0,1782359765.7981746,0.0028798580169677734
115624,MVI_40871,4,0,1782359765.7993956,0.0012209415435791016
115625,MVI_40871,656,0,1782359765.8015423,0.0021467208862304688
115626,MVI_40871,208,0,1782359765.8033037,0.0017614364624023438
115627,MVI_40871,797,0,1782359765.8055696,0.00226593017578125
115628,MVI_40871,663,0,1782359765.8073008,0.0017311573028564453
115629,MVI_40871,42,0,1782359765.8094504,0.0021495819091796875
115630,MVI_40871,91,0,1782359765.811782,0.0023314952850341797
115631,MVI_40871,445,0,1782359765.8133361,0.001554250717163086
115632,MVI_40871,392,0,1782359765.8154469,0.002110719680786133
115633,MVI_40871,631,0,1782359765.81757,0.002123117446899414
115634,MVI_40871,30,0,1782359765.8193567,0.0017867088317871094
115635,MVI_40871,848,0,1782359765.8214521,0.002095460891723633
115636,MVI_40871,437,0,1782359765.8235624,0.0021102428436279297
115637,MVI_40871,531,0,1782359765.8253484,0.0017859935760498047
115638,MVI_40871,230,0,1782359765.8274457,0.0020973682403564453
115639,MVI_40871,349,0,1782359765.8294406,0.0019948482513427734
115640,MVI_40871,21,0,1782359765.8312998,0.0018591880798339844
115641,MVI_40871,731,0,1782359765.8334394,0.002139568328857422
115642,MVI_40871,13,0,1782359765.8355687,0.0021293163299560547
115643,MVI_40871,291,0,1782359765.8372931,0.0017244815826416016
115644,MVI_40871,583,0,1782359765.8394535,0.002160310745239258
115645,MVI_40871,686,0,1782359765.8415735,0.0021200180053710938
115646,MVI_40871,813,0,1782359765.8433323,0.0017588138580322266
115647,MVI_40871,614,0,1782359765.8454533,0.0021209716796875
115648,MVI_40871,485,0,1782359765.8476186,0.0021653175354003906
115649,MVI_40871,408,0,1782359765.8494377,0.0018191337585449219
115650,MVI_40871,115,0,1782359765.8514595,0.00202178955078125
115651,MVI_40871,672,0,1782359765.8535798,0.0021202564239501953
115652,MVI_40871,804,0,1782359765.855297,0.0017173290252685547
115653,MVI_40871,359,0,1782359765.8574564,0.0021593570709228516
115654,MVI_40871,229,0,1782359765.8595803,0.0021238327026367188
115655,MVI_40871,182,0,1782359765.861299,0.001718759536743164
115656,MVI_40871,348,0,1782359765.863824,0.002524852752685547
115657,MVI_40871,730,0,1782359765.8654814,0.0016574859619140625
115658,MVI_40871,166,0,1782359765.8672893,0.0018079280853271484
115659,MVI_40871,665,0,1782359765.8694513,0.0021619796752929688
115660,MVI_40871,85,0,1782359765.8715684,0.002117156982421875
115661,MVI_40871,506,0,1782359765.8733008,0.0017323493957519531
115662,MVI_40871,410,0,1782359765.8754373,0.0021364688873291016
115663,MVI_40871,32,0,1782359765.8775704,0.0021331310272216797
115664,MVI_40871,18,0,1782359765.879335,0.001764535903930664
115665,MVI_40871,581,0,1782359765.882258,0.0029230117797851562
115666,MVI_40871,713,0,1782359765.883337,0.0010790824890136719
115667,MVI_40871,628,0,1782359765.8853295,0.001992464065551758
115668,MVI_40871,809,0,1782359765.8874288,0.002099275588989258
115669,MVI_40871,517,0,1782359765.8894806,0.002051830291748047
115670,MVI_40871,212,0,1782359765.8913836,0.0019030570983886719
115671,MVI_40871,463,0,1782359765.8934479,0.002064228057861328
115672,MVI_40871,416,0,1782359765.8954704,0.0020225048065185547
115673,MVI_40871,19,0,1782359765.8973136,0.0018432140350341797
115674,MVI_40871,140,0,1782359765.8993316,0.002017974853515625
115675,MVI_40871,679,0,1782359765.9015512,0.002219676971435547
115676,MVI_40871,747,0,1782359765.903341,0.0017898082733154297
115677,MVI_40871,495,0,1782359765.9054477,0.0021066665649414062
115678,MVI_40871,318,0,1782359765.9074788,0.002031087875366211
115679,MVI_40871,147,0,1782359765.9093366,0.001857757568359375
115680,MVI_40871,277,0,1782359765.9113297,0.0019931793212890625
115681,MVI_40871,635,0,1782359765.9135523,0.0022225379943847656
115682,MVI_40871,165,0,1782359765.91534,0.0017876625061035156
115683,MVI_40871,654,0,1782359765.9174645,0.0021245479583740234
115684,MVI_40871,110,0,1782359765.91948,0.0020155906677246094
115685,MVI_40871,158,0,1782359765.9212945,0.0018143653869628906
115686,MVI_40871,54,0,1782359765.9234488,0.0021543502807617188
115687,MVI_40871,431,0,1782359765.925487,0.002038240432739258
115688,MVI_40871,481,0,1782359765.9273305,0.0018434524536132812
115689,MVI_40871,466,0,1782359765.9294972,0.002166748046875
115690,MVI_40871,833,0,1782359765.9313228,0.001825571060180664
115691,MVI_40871,371,0,1782359765.9334605,0.0021376609802246094
115692,MVI_40871,469,0,1782359765.9353185,0.0018579959869384766
115693,MVI_40871,800,0,1782359765.937574,0.0022554397583007812
115694,MVI_40871,26,0,1782359765.9393685,0.001794576644897461
115695,MVI_40871,287,0,1782359765.9414377,0.002069234848022461
115696,MVI_40871,237,0,1782359765.9435706,0.002132892608642578
115697,MVI_40871,712,0,1782359765.9453194,0.001748800277709961
115698,MVI_40871,795,0,1782359765.9479752,0.0026557445526123047
115699,MVI_40871,739,0,1782359765.949449,0.0014739036560058594
115700,MVI_40871,640,0,1782359765.9514616,0.002012491226196289
115701,MVI_40871,248,0,1782359765.9534383,0.0019767284393310547
115702,MVI_40871,758,0,1782359765.9555748,0.0021364688873291016
115703,MVI_40871,580,0,1782359765.9573162,0.0017414093017578125
115704,MVI_40871,3,0,1782359765.959561,0.0022449493408203125
115705,MVI_40871,633,0,1782359765.9614367,0.0018756389617919922
115706,MVI_40871,0,0,1782359765.9634893,0.0020525455474853516
115707,MVI_40871,788,0,1782359765.965472,0.0019826889038085938
115708,MVI_40871,183,0,1782359765.9674308,0.0019588470458984375
115709,MVI_40871,767,0,1782359765.9694848,0.002053976058959961
115710,MVI_40871,253,0,1782359765.9714386,0.0019538402557373047
115711,MVI_40871,717,0,1782359765.9735756,0.0021369457244873047
115712,MVI_40871,314,0,1782359765.9753013,0.0017256736755371094
115713,MVI_40871,782,0,1782359765.9775758,0.0022745132446289062
115714,MVI_40871,407,0,1782359765.9794385,0.0018627643585205078
115715,MVI_40871,413,0,1782359765.9819884,0.002549886703491211
115716,MVI_40871,296,0,1782359765.98331,0.001321554183959961
115717,MVI_40871,380,0,1782359765.9855716,0.002261638641357422
115718,MVI_40871,401,0,1782359765.9873195,0.0017478466033935547
115719,MVI_40871,209,0,1782359765.9895601,0.0022406578063964844
115720,MVI_40871,700,0,1782359765.9914498,0.0018897056579589844
115721,MVI_40871,215,0,1782359765.99349,0.0020401477813720703
115722,MVI_40871,555,0,1782359765.9954364,0.0019464492797851562
115723,MVI_40871,825,0,1782359765.9975748,0.002138376235961914
115724,MVI_40871,558,0,1782359765.9993036,0.0017287731170654297
115725,MVI_40871,55,0,1782359766.0015616,0.0022580623626708984
115726,MVI_40871,757,0,1782359766.0034444,0.001882791519165039
115727,MVI_40871,721,0,1782359766.0054643,0.0020198822021484375
115728,MVI_40871,204,0,1782359766.007479,0.002014636993408203
115729,MVI_40871,83,0,1782359766.009578,0.0020990371704101562
115730,MVI_40871,299,0,1782359766.0113168,0.0017387866973876953
115731,MVI_40871,361,0,1782359766.0135741,0.0022573471069335938
115732,MVI_40871,272,0,1782359766.0154533,0.0018792152404785156
115733,MVI_40871,822,0,1782359766.017315,0.001861572265625
115734,MVI_40871,383,0,1782359766.0195613,0.002246379852294922
115735,MVI_40871,264,0,1782359766.021431,0.0018696784973144531
115736,MVI_40871,502,0,1782359766.0234947,0.002063751220703125
115737,MVI_40871,273,0,1782359766.0254354,0.0019407272338867188
115738,MVI_40871,609,0,1782359766.0275743,0.002138853073120117
115739,MVI_40871,354,0,1782359766.0293171,0.0017428398132324219
115740,MVI_40871,545,0,1782359766.0314496,0.002132415771484375
115741,MVI_40871,651,0,1782359766.0335739,0.002124309539794922
115742,MVI_40871,173,0,1782359766.035333,0.0017590522766113281
115743,MVI_40871,41,0,1782359766.0378125,0.00247955322265625
115744,MVI_40871,20,0,1782359766.0394418,0.0016293525695800781
115745,MVI_40871,33,0,1782359766.0414855,0.0020437240600585938
115746,MVI_40871,662,0,1782359766.0434465,0.0019609928131103516
115747,MVI_40871,207,0,1782359766.0455806,0.002134084701538086
115748,MVI_40871,52,0,1782359766.0473385,0.0017578601837158203
115749,MVI_40871,454,0,1782359766.0498104,0.002471923828125
115750,MVI_40871,562,0,1782359766.0516465,0.0018360614776611328
115751,MVI_40871,373,0,1782359766.0535243,0.0018777847290039062
115752,MVI_40871,541,0,1782359766.0558136,0.002289295196533203
115753,MVI_40871,652,0,1782359766.0578537,0.0020401477813720703
115754,MVI_40871,520,0,1782359766.059862,0.002008199691772461
115755,MVI_40871,193,0,1782359766.0617244,0.0018625259399414062
115756,MVI_40871,533,0,1782359766.0635273,0.0018029212951660156
115757,MVI_40871,510,0,1782359766.065622,0.002094745635986328
115758,MVI_40871,345,0,1782359766.0683482,0.0027260780334472656
115759,MVI_40871,471,0,1782359766.0693333,0.0009851455688476562
115760,MVI_40871,236,0,1782359766.0719237,0.0025904178619384766
115761,MVI_40871,232,0,1782359766.0743062,0.002382516860961914
115762,MVI_40871,89,0,1782359766.0759497,0.0016434192657470703
115763,MVI_40871,475,0,1782359766.0780153,0.0020656585693359375
115764,MVI_40871,144,0,1782359766.0798717,0.0018563270568847656
115765,MVI_40871,620,0,1782359766.0820096,0.002137899398803711
115766,MVI_40871,31,0,1782359766.083827,0.001817464828491211
115767,MVI_40871,234,0,1782359766.0855775,0.0017504692077636719
115768,MVI_40871,40,0,1782359766.088029,0.0024514198303222656
115769,MVI_40871,513,0,1782359766.0898728,0.0018439292907714844
115770,MVI_40871,319,0,1782359766.0917156,0.0018427371978759766
115771,MVI_40871,17,0,1782359766.0936296,0.0019140243530273438
115772,MVI_40871,557,0,1782359766.0961223,0.002492666244506836
115773,MVI_40871,240,0,1782359766.0972455,0.001123189926147461
115774,MVI_40871,347,0,1782359766.1001058,0.0028603076934814453
115775,MVI_40871,76,0,1782359766.1019428,0.001837015151977539
115776,MVI_40871,11,0,1782359766.1036518,0.001708984375
115777,MVI_40871,442,0,1782359766.1055782,0.001926422119140625
115778,MVI_40871,64,0,1782359766.1076953,0.002117156982421875
115779,MVI_40871,756,0,1782359766.1097898,0.0020945072174072266
115780,MVI_40871,498,0,1782359766.111884,0.002094268798828125
115781,MVI_40871,73,0,1782359766.1138139,0.0019297599792480469
115782,MVI_40871,323,0,1782359766.1159294,0.002115488052368164
115783,MVI_40871,689,0,1782359766.1177063,0.0017769336700439453
115784,MVI_40871,150,0,1782359766.1199532,0.002246856689453125
115785,MVI_40871,375,0,1782359766.1212404,0.001287221908569336
115786,MVI_40871,56,0,1782359766.124028,0.0027875900268554688
115787,MVI_40871,422,0,1782359766.1259224,0.0018944740295410156
115788,MVI_40871,200,0,1782359766.1276762,0.0017538070678710938
115789,MVI_40871,270,0,1782359766.129632,0.001955747604370117
115790,MVI_40871,637,0,1782359766.1319444,0.0023124217987060547
115791,MVI_40871,224,0,1782359766.1332474,0.001302957534790039
115792,MVI_40871,145,0,1782359766.1359243,0.0026769638061523438
115793,MVI_40871,711,0,1782359766.1372497,0.001325368881225586
115794,MVI_40871,794,0,1782359766.1395788,0.002329111099243164
115795,MVI_40871,657,0,1782359766.1413646,0.0017857551574707031
115796,MVI_40871,706,0,1782359766.1439657,0.002601146697998047
115797,MVI_40871,448,0,1782359766.14588,0.0019142627716064453
115798,MVI_40871,315,0,1782359766.1477334,0.0018534660339355469
115799,MVI_40871,685,0,1782359766.1495965,0.0018630027770996094
115800,MVI_40871,799,0,1782359766.1519005,0.0023040771484375
115801,MVI_40871,278,0,1782359766.1533556,0.001455068588256836
115802,MVI_40871,774,0,1782359766.155493,0.002137422561645508
115803,MVI_40871,824,0,1782359766.1572773,0.0017843246459960938
115804,MVI_40871,372,0,1782359766.159462,0.002184629440307617
115805,MVI_40871,642,0,1782359766.1612031,0.001741170883178711
115806,MVI_40871,167,0,1782359766.163448,0.0022449493408203125
115807,MVI_40871,47,0,1782359766.165241,0.00179290771484375
115808,MVI_40871,68,0,1782359766.1674397,0.0021986961364746094
115809,MVI_40871,96,0,1782359766.1692994,0.0018596649169921875
115810,MVI_40871,842,0,1782359766.171582,0.0022826194763183594
115811,MVI_40871,93,0,1782359766.1732938,0.0017118453979492188
115812,MVI_40871,565,0,1782359766.175258,0.001964092254638672
115813,MVI_40871,28,0,1782359766.1772842,0.0020263195037841797
115814,MVI_40871,306,0,1782359766.1792955,0.0020112991333007812
115815,MVI_40871,532,0,1782359766.181442,0.002146482467651367
115816,MVI_40871,753,0,1782359766.183475,0.0020329952239990234
115817,MVI_40871,779,0,1782359766.1853378,0.0018627643585205078
115818,MVI_40871,621,0,1782359766.187452,0.0021142959594726562
115819,MVI_40871,177,0,1782359766.1894484,0.001996278762817383
115820,MVI_40871,802,0,1782359766.1913378,0.0018894672393798828
115821,MVI_40871,221,0,1782359766.1934426,0.0021047592163085938
115822,MVI_40871,425,0,1782359766.195447,0.002004384994506836
115823,MVI_40871,722,0,1782359766.1973433,0.0018963813781738281
115824,MVI_40871,259,0,1782359766.1995351,0.002191781997680664
115825,MVI_40871,440,0,1782359766.2014477,0.0019125938415527344
115826,MVI_40871,346,0,1782359766.2033408,0.0018930435180664062
115827,MVI_40871,260,0,1782359766.206193,0.002852201461791992
115828,MVI_40871,25,0,1782359766.207893,0.0016999244689941406
115829,MVI_40871,601,0,1782359766.2098317,0.0019388198852539062
115830,MVI_40871,405,0,1782359766.21213,0.0022983551025390625
115831,MVI_40871,550,0,1782359766.2143118,0.0021817684173583984
115832,MVI_40871,503,0,1782359766.2160733,0.0017614364624023438
115833,MVI_40871,746,0,1782359766.2178197,0.0017464160919189453
115834,MVI_40871,815,0,1782359766.2197323,0.0019125938415527344
115835,MVI_40871,286,0,1782359766.2215457,0.0018134117126464844
115836,MVI_40871,547,0,1782359766.2240999,0.002554178237915039
115837,MVI_40871,268,0,1782359766.226114,0.00201416015625
115838,MVI_40871,141,0,1782359766.2278094,0.001695394515991211
115839,MVI_40871,559,0,1782359766.2299886,0.0021791458129882812
115840,MVI_40871,476,0,1782359766.2320688,0.002080202102661133
115841,MVI_40871,113,0,1782359766.2338347,0.0017659664154052734
115842,MVI_40871,577,0,1782359766.2357233,0.0018885135650634766
115843,MVI_40871,523,0,1782359766.237519,0.0017957687377929688
115844,MVI_40871,294,0,1782359766.2395694,0.0020503997802734375
115845,MVI_40871,364,0,1782359766.2418025,0.0022330284118652344
115846,MVI_40871,814,0,1782359766.2437892,0.0019867420196533203
115847,MVI_40871,611,0,1782359766.2459073,0.0021181106567382812
115848,MVI_40871,267,0,1782359766.2476013,0.0016939640045166016
115849,MVI_40871,516,0,1782359766.2495208,0.0019195079803466797
115850,MVI_40871,759,0,1782359766.2518,0.0022792816162109375
115851,MVI_40871,325,0,1782359766.2540836,0.0022835731506347656
115852,MVI_40871,512,0,1782359766.255273,0.0011894702911376953
115853,MVI_40871,184,0,1782359766.257456,0.0021829605102539062
115854,MVI_40871,540,0,1782359766.2599638,0.0025076866149902344
115855,MVI_40871,406,0,1782359766.2618566,0.0018928050994873047
115856,MVI_40871,342,0,1782359766.2641969,0.0023403167724609375
115857,MVI_40871,548,0,1782359766.2662716,0.002074718475341797
115858,MVI_40871,479,0,1782359766.2682867,0.0020151138305664062
115859,MVI_40871,840,0,1782359766.2700036,0.0017168521881103516
115860,MVI_40871,449,0,1782359766.2719564,0.0019528865814208984
115861,MVI_40871,151,0,1782359797.7759302,0.0
115862,MVI_40871,501,0,1782359797.77789,0.0019598007202148438
115863,MVI_40871,773,0,1782359797.779902,0.002012014389038086
115864,MVI_40871,466,0,1782359797.7817972,0.0018951892852783203
115865,MVI_40871,350,0,1782359797.7839634,0.002166271209716797
115866,MVI_40871,611,0,1782359797.785816,0.0018525123596191406
115867,MVI_40871,287,0,1782359797.7879524,0.0021364688873291016
115868,MVI_40871,47,0,1782359797.7898388,0.0018863677978515625
115869,MVI_40871,138,0,1782359797.7921426,0.0023038387298583984
115870,MVI_40871,432,0,1782359797.7938056,0.0016629695892333984
115871,MVI_40871,280,0,1782359797.7960868,0.00228118896484375
115872,MVI_40871,388,0,1782359797.7978225,0.001735687255859375
115873,MVI_40871,768,0,1782359797.7998989,0.002076387405395508
115874,MVI_40871,40,0,1782359797.8019893,0.0020904541015625
115875,MVI_40871,486,0,1782359797.8039906,0.0020012855529785156
115876,MVI_40871,70,0,1782359797.8058481,0.0018575191497802734
115877,MVI_40871,76,0,1782359797.8080063,0.0021581649780273438
115878,MVI_40871,620,0,1782359797.8098605,0.0018541812896728516
115879,MVI_40871,302,0,1782359797.811996,0.0021355152130126953
115880,MVI_40871,325,0,1782359797.8139248,0.0019288063049316406
115881,MVI_40871,522,0,1782359797.815867,0.0019421577453613281
115882,MVI_40871,759,0,1782359797.817805,0.0019381046295166016
115883,MVI_40871,634,0,1782359797.8199725,0.0021674633026123047
115884,MVI_40871,88,0,1782359797.8218567,0.0018842220306396484
115885,MVI_40871,132,0,1782359797.8239765,0.002119779586791992
115886,MVI_40871,624,0,1782359797.826016,0.0020394325256347656
115887,MVI_40871,126,0,1782359797.8278675,0.0018515586853027344
115888,MVI_40871,169,0,1782359797.8299758,0.002108335494995117
115889,MVI_40871,450,0,1782359797.832004,0.002028226852416992
115890,MVI_40871,687,0,1782359797.8340352,0.002031087875366211
115891,MVI_40871,645,0,1782359797.8358157,0.0017805099487304688
115892,MVI_40871,13,0,1782359797.837925,0.0021092891693115234
115893,MVI_40871,502,0,1782359797.8398252,0.0019001960754394531
115894,MVI_40871,560,0,1782359797.8418548,0.0020296573638916016
115895,MVI_40871,202,0,1782359797.8439274,0.002072572708129883
115896,MVI_40871,819,0,1782359797.8458345,0.0019071102142333984
115897,MVI_40871,309,0,1782359797.8478687,0.0020341873168945312
115898,MVI_40871,500,0,1782359797.849931,0.0020623207092285156
115899,MVI_40871,713,0,1782359797.8518465,0.0019154548645019531
115900,MVI_40871,828,0,1782359797.8538623,0.002015829086303711
115901,MVI_40871,841,0,1782359797.8559196,0.002057313919067383
115902,MVI_40871,849,0,1782359797.857847,0.0019273757934570312
115903,MVI_40871,282,0,1782359797.859873,0.002026081085205078
115904,MVI_40871,683,0,1782359797.8618982,0.002025127410888672
115905,MVI_40871,33,0,1782359797.8638356,0.0019373893737792969
115906,MVI_40871,497,0,1782359797.865879,0.002043485641479492
115907,MVI_40871,422,0,1782359797.8678749,0.0019958019256591797
115908,MVI_40871,326,0,1782359797.8698425,0.0019676685333251953
115909,MVI_40871,549,0,1782359797.8718734,0.0020308494567871094
115910,MVI_40871,794,0,1782359797.8738751,0.0020017623901367188
115911,MVI_40871,420,0,1782359797.8758428,0.0019676685333251953
115912,MVI_40871,218,0,1782359797.8779125,0.002069711685180664
115913,MVI_40871,476,0,1782359797.879901,0.0019884109497070312
115914,MVI_40871,459,0,1782359797.881785,0.0018839836120605469
115915,MVI_40871,354,0,1782359797.8838623,0.002077341079711914
115916,MVI_40871,748,0,1782359797.8859158,0.002053499221801758
115917,MVI_40871,29,0,1782359797.887819,0.0019032955169677734
115918,MVI_40871,430,0,1782359797.88985,0.0020308494567871094
115919,MVI_40871,596,0,1782359797.8919175,0.00206756591796875
115920,MVI_40871,406,0,1782359797.893828,0.0019104480743408203
115921,MVI_40871,391,0,1782359797.8957288,0.0019009113311767578
115922,MVI_40871,597,0,1782359797.897779,0.002050161361694336
115923,MVI_40871,779,0,1782359797.8998368,0.002057790756225586
115924,MVI_40871,281,0,1782359797.9017556,0.001918792724609375
115925,MVI_40871,382,0,1782359797.9037995,0.0020439624786376953
115926,MVI_40871,628,0,1782359797.9057603,0.00196075439453125
115927,MVI_40871,376,0,1782359797.9077444,0.001984119415283203
115928,MVI_40871,84,0,1782359797.9097817,0.0020372867584228516
115929,MVI_40871,14,0,1782359797.9117224,0.0019407272338867188
115930,MVI_40871,243,0,1782359797.9137182,0.0019958019256591797
115931,MVI_40871,795,0,1782359797.9157822,0.0020639896392822266
115932,MVI_40871,797,0,1782359797.9177146,0.001932382583618164
115933,MVI_40871,456,0,1782359797.9197242,0.0020096302032470703
115934,MVI_40871,803,0,1782359797.9217548,0.002030611038208008
115935,MVI_40871,467,0,1782359797.923753,0.0019981861114501953
115936,MVI_40871,225,0,1782359797.9257412,0.0019881725311279297
115937,MVI_40871,739,0,1782359797.9278336,0.0020923614501953125
115938,MVI_40871,733,0,1782359797.9297333,0.00189971923828125
115939,MVI_40871,489,0,1782359797.9317448,0.002011537551879883
115940,MVI_40871,254,0,1782359797.9338872,0.0021424293518066406
115941,MVI_40871,435,0,1782359797.9357684,0.0018811225891113281
115942,MVI_40871,561,0,1782359797.93795,0.002181529998779297
115943,MVI_40871,258,0,1782359797.9398017,0.001851797103881836
115944,MVI_40871,235,0,1782359797.9417996,0.0019979476928710938
115945,MVI_40871,640,0,1782359797.9437604,0.00196075439453125
115946,MVI_40871,112,0,1782359797.945801,0.0020406246185302734
115947,MVI_40871,644,0,1782359797.947768,0.0019669532775878906
115948,MVI_40871,94,0,1782359797.9497638,0.0019958019256591797
115949,MVI_40871,760,0,1782359797.9518046,0.002040863037109375
115950,MVI_40871,19,0,1782359797.9537587,0.0019540786743164062
115951,MVI_40871,267,0,1782359797.9558125,0.0020537376403808594
115952,MVI_40871,833,0,1782359797.9577413,0.0019288063049316406
115953,MVI_40871,751,0,1782359797.959878,0.002136707305908203
115954,MVI_40871,571,0,1782359797.9617488,0.001870870590209961
115955,MVI_40871,212,0,1782359797.963764,0.0020151138305664062
115956,MVI_40871,261,0,1782359797.965804,0.0020401477813720703
115957,MVI_40871,603,0,1782359797.967753,0.0019488334655761719
115958,MVI_40871,814,0,1782359797.969816,0.0020630359649658203
115959,MVI_40871,766,0,1782359797.97172,0.0019040107727050781
115960,MVI_40871,761,0,1782359797.9737628,0.0020427703857421875
115961,MVI_40871,570,0,1782359797.9758484,0.0020856857299804688
115962,MVI_40871,673,0,1782359797.9777138,0.001865386962890625
115963,MVI_40871,846,0,1782359797.9798357,0.0021219253540039062
115964,MVI_40871,129,0,1782359797.981781,0.0019452571868896484
115965,MVI_40871,158,0,1782359797.983818,0.00203704833984375
115966,MVI_40871,174,0,1782359797.9857395,0.0019214153289794922
115967,MVI_40871,812,0,1782359797.9878066,0.002067089080810547
115968,MVI_40871,226,0,1782359797.9897687,0.0019621849060058594
115969,MVI_40871,537,0,1782359797.9917812,0.002012491226196289
115970,MVI_40871,648,0,1782359797.993785,0.0020036697387695312
115971,MVI_40871,836,0,1782359797.9957738,0.0019888877868652344
115972,MVI_40871,443,0,1782359797.9979267,0.0021529197692871094
115973,MVI_40871,582,0,1782359797.9997852,0.0018584728240966797
115974,MVI_40871,348,0,1782359798.001721,0.001935720443725586
115975,MVI_40871,735,0,1782359798.003868,0.002147197723388672
115976,MVI_40871,298,0,1782359798.005745,0.0018768310546875
115977,MVI_40871,164,0,1782359798.0077176,0.001972675323486328
115978,MVI_40871,113,0,1782359798.0097532,0.0020356178283691406
115979,MVI_40871,144,0,1782359798.0117216,0.0019683837890625
115980,MVI_40871,442,0,1782359798.013727,0.002005338668823242
115981,MVI_40871,334,0,1782359798.015714,0.001986980438232422
115982,MVI_40871,318,0,1782359798.0177896,0.002075672149658203
115983,MVI_40871,416,0,1782359798.0197635,0.001973867416381836
115984,MVI_40871,675,0,1782359798.0217996,0.0020360946655273438
115985,MVI_40871,530,0,1782359798.0238347,0.0020351409912109375
115986,MVI_40871,37,0,1782359798.0257404,0.001905679702758789
115987,MVI_40871,701,0,1782359798.0277343,0.001993894577026367
115988,MVI_40871,91,0,1782359798.0297263,0.0019919872283935547
115989,MVI_40871,746,0,1782359798.0317237,0.0019974708557128906
115990,MVI_40871,351,0,1782359798.0337892,0.002065420150756836
115991,MVI_40871,697,0,1782359798.0357468,0.0019576549530029297
115992,MVI_40871,369,0,1782359798.0377223,0.001975536346435547
115993,MVI_40871,333,0,1782359798.0397515,0.0020291805267333984
115994,MVI_40871,666,0,1782359798.041746,0.0019943714141845703
115995,MVI_40871,399,0,1782359798.0437863,0.002040386199951172
115996,MVI_40871,534,0,1782359798.0457532,0.0019669532775878906
115997,MVI_40871,371,0,1782359798.0478354,0.0020821094512939453
115998,MVI_40871,672,0,1782359798.0497746,0.0019392967224121094
115999,MVI_40871,802,0,1782359798.0517874,0.0020127296447753906
116000,MVI_40871,740,0,1782359798.0538058,0.002018451690673828
116001,MVI_40871,274,0,1782359798.0557747,0.001968860626220703
116002,MVI_40871,784,0,1782359798.057828,0.0020532608032226562
116003,MVI_40871,737,0,1782359798.0597537,0.0019257068634033203
116004,MVI_40871,49,0,1782359798.0617979,0.002044200897216797
116005,MVI_40871,642,0,1782359798.0638015,0.0020036697387695312
116006,MVI_40871,524,0,1782359798.0658104,0.0020089149475097656
116007,MVI_40871,508,0,1782359798.0688474,0.003036975860595703
116008,MVI_40871,589,0,1782359798.069714,0.0008666515350341797
116009,MVI_40871,9,0,1782359798.0718038,0.0020897388458251953
116010,MVI_40871,428,0,1782359798.0737486,0.0019447803497314453
116011,MVI_40871,139,0,1782359798.0757983,0.002049684524536133
116012,MVI_40871,555,0,1782359798.0778272,0.002028942108154297
116013,MVI_40871,698,0,1782359798.0797498,0.001922607421875
116014,MVI_40871,473,0,1782359798.0817487,0.0019989013671875
116015,MVI_40871,602,0,1782359798.0837576,0.0020089149475097656
116016,MVI_40871,764,0,1782359798.085752,0.0019943714141845703
116017,MVI_40871,222,0,1782359798.0877516,0.0019996166229248047
116018,MVI_40871,484,0,1782359798.089752,0.0020003318786621094
116019,MVI_40871,539,0,1782359798.0917501,0.0019981861114501953
116020,MVI_40871,143,0,1782359798.0937543,0.0020041465759277344
116021,MVI_40871,655,0,1782359798.09579,0.0020356178283691406
116022,MVI_40871,264,0,1782359798.097853,0.0020630359649658203
116023,MVI_40871,277,0,1782359798.0998333,0.001980304718017578
116024,MVI_40871,663,0,1782359798.1017816,0.0019483566284179688
116025,MVI_40871,625,0,1782359798.1037471,0.0019655227661132812
116026,MVI_40871,455,0,1782359798.1057322,0.0019850730895996094
116027,MVI_40871,706,0,1782359798.1077754,0.0020432472229003906
116028,MVI_40871,159,0,1782359798.109741,0.0019655227661132812
116029,MVI_40871,487,0,1782359798.1117404,0.001999378204345703
116030,MVI_40871,320,0,1782359798.1138065,0.0020661354064941406
116031,MVI_40871,360,0,1782359798.1158156,0.002009153366088867
116032,MVI_40871,810,0,1782359798.117751,0.0019352436065673828
116033,MVI_40871,301,0,1782359798.1198447,0.002093791961669922
116034,MVI_40871,160,0,1782359798.1217153,0.0018706321716308594
116035,MVI_40871,461,0,1782359798.1237469,0.002031564712524414
116036,MVI_40871,608,0,1782359798.125741,0.0019941329956054688
116037,MVI_40871,171,0,1782359798.127799,0.0020580291748046875
116038,MVI_40871,175,0,1782359798.1298592,0.0020601749420166016
116039,MVI_40871,676,0,1782359798.1317554,0.0018961429595947266
116040,MVI_40871,614,0,1782359798.1338444,0.0020890235900878906
116041,MVI_40871,658,0,1782359798.1357248,0.0018804073333740234
116042,MVI_40871,822,0,1782359798.1377544,0.0020296573638916016
116043,MVI_40871,631,0,1782359798.1397438,0.0019893646240234375
116044,MVI_40871,161,0,1782359798.141847,0.002103090286254883
116045,MVI_40871,839,0,1782359798.1437428,0.001895904541015625
116046,MVI_40871,434,0,1782359798.145747,0.0020041465759277344
116047,MVI_40871,224,0,1782359798.1477752,0.002028226852416992
116048,MVI_40871,137,0,1782359798.1497529,0.001977682113647461
116049,MVI_40871,206,0,1782359798.1517944,0.0020415782928466797
116050,MVI_40871,809,0,1782359798.1537483,0.0019538402557373047
116051,MVI_40871,689,0,1782359798.1557593,0.0020110607147216797
116052,MVI_40871,747,0,1782359798.1577425,0.001983165740966797
116053,MVI_40871,7,0,1782359798.159793,0.0020503997802734375
116054,MVI_40871,128,0,1782359798.1618884,0.002095460891723633
116055,MVI_40871,216,0,1782359798.1637616,0.0018732547760009766
116056,MVI_40871,213,0,1782359798.1657984,0.0020368099212646484
116057,MVI_40871,429,0,1782359798.16776,0.0019614696502685547
116058,MVI_40871,623,0,1782359798.1697574,0.0019974708557128906
116059,MVI_40871,574,0,1782359798.17177,0.0020127296447753906
116060,MVI_40871,837,0,1782359798.173899,0.0021288394927978516
116061,MVI_40871,93,0,1782359798.175747,0.001847982406616211
116062,MVI_40871,136,0,1782359798.177769,0.0020220279693603516
116063,MVI_40871,564,0,1782359798.1797686,0.0019996166229248047
116064,MVI_40871,227,0,1782359798.1817484,0.001979827880859375
116065,MVI_40871,31,0,1782359798.1837666,0.0020182132720947266
116066,MVI_40871,237,0,1782359798.1857758,0.002009153366088867
116067,MVI_40871,153,0,1782359798.1878052,0.0020294189453125
116068,MVI_40871,696,0,1782359798.1897361,0.0019309520721435547
116069,MVI_40871,210,0,1782359798.191766,0.002029895782470703
116070,MVI_40871,223,0,1782359798.1937342,0.0019681453704833984
116071,MVI_40871,712,0,1782359798.1957874,0.0020532608032226562
116072,MVI_40871,800,0,1782359798.1977952,0.002007722854614258
116073,MVI_40871,651,0,1782359798.199776,0.0019807815551757812
116074,MVI_40871,166,0,1782359798.201747,0.001971006393432617
116075,MVI_40871,820,0,1782359798.2037818,0.002034902572631836
116076,MVI_40871,195,0,1782359798.2057762,0.0019943714141845703
116077,MVI_40871,517,0,1782359798.207756,0.001979827880859375
116078,MVI_40871,205,0,1782359798.2098348,0.0020787715911865234
116079,MVI_40871,815,0,1782359798.2117653,0.0019304752349853516
116080,MVI_40871,79,0,1782359798.2137873,0.0020220279693603516
116081,MVI_40871,593,0,1782359798.215792,0.0020046234130859375
116082,MVI_40871,299,0,1782359798.2177572,0.0019652843475341797
116083,MVI_40871,816,0,1782359798.2197783,0.0020210742950439453
116084,MVI_40871,374,0,1782359798.2218237,0.0020453929901123047
116085,MVI_40871,77,0,1782359798.2237434,0.0019197463989257812
116086,MVI_40871,396,0,1782359798.2257383,0.0019948482513427734
116087,MVI_40871,427,0,1782359798.2278638,0.0021255016326904297
116088,MVI_40871,134,0,1782359798.2298055,0.001941680908203125
116089,MVI_40871,207,0,1782359798.2318008,0.0019953250885009766
116090,MVI_40871,613,0,1782359798.2337484,0.001947641372680664
116091,MVI_40871,381,0,1782359798.2358294,0.0020809173583984375
116092,MVI_40871,465,0,1782359798.237741,0.0019116401672363281
116093,MVI_40871,157,0,1782359798.23983,0.0020890235900878906
116094,MVI_40871,319,0,1782359798.2417927,0.0019626617431640625
116095,MVI_40871,23,0,1782359798.2437356,0.0019428730010986328
116096,MVI_40871,286,0,1782359798.2458048,0.002069234848022461
116097,MVI_40871,257,0,1782359798.2477825,0.001977682113647461
116098,MVI_40871,598,0,1782359798.2497358,0.0019533634185791016
116099,MVI_40871,260,0,1782359798.2518559,0.0021200180053710938
116100,MVI_40871,632,0,1782359798.2537687,0.001912832260131836
116101,MVI_40871,785,0,1782359798.2558904,0.0021216869354248047
116102,MVI_40871,293,0,1782359798.257757,0.0018665790557861328
116103,MVI_40871,27,0,1782359798.2597992,0.0020422935485839844
116104,MVI_40871,831,0,1782359798.2617793,0.0019800662994384766
116105,MVI_40871,826,0,1782359798.2637868,0.0020074844360351562
116106,MVI_40871,804,0,1782359798.2657351,0.0019483566284179688
116107,MVI_40871,395,0,1782359798.2678485,0.00211334228515625
116108,MVI_40871,743,0,1782359798.2698178,0.0019693374633789062
116109,MVI_40871,840,0,1782359798.27175,0.0019321441650390625
116110,MVI_40871,483,0,1782359798.2738748,0.002124786376953125
116111,MVI_40871,753,0,1782359798.275836,0.001961231231689453
116112,MVI_40871,167,0,1782359798.2777457,0.0019097328186035156
116113,MVI_40871,425,0,1782359798.2797785,0.002032756805419922
116114,MVI_40871,763,0,1782359798.2818363,0.002057790756225586
116115,MVI_40871,693,0,1782359798.2837517,0.0019154548645019531
116116,MVI_40871,263,0,1782359798.285806,0.0020542144775390625
116117,MVI_40871,290,0,1782359798.2878397,0.002033710479736328
116118,MVI_40871,75,0,1782359798.289823,0.0019834041595458984
116119,MVI_40871,774,0,1782359798.2917705,0.0019474029541015625
116120,MVI_40871,48,0,1782359798.2938654,0.0020949840545654297
116121,MVI_40871,454,0,1782359798.2957785,0.0019130706787109375
116122,MVI_40871,722,0,1782359798.2977657,0.0019872188568115234
116123,MVI_40871,353,0,1782359798.2998352,0.0020694732666015625
116124,MVI_40871,315,0,1782359798.3017445,0.0019092559814453125
116125,MVI_40871,830,0,1782359798.3037498,0.002005338668823242
116126,MVI_40871,679,0,1782359798.305808,0.002058267593383789
116127,MVI_40871,468,0,1782359798.3077369,0.0019288063049316406
116128,MVI_40871,460,0,1782359798.3098319,0.0020949840545654297
116129,MVI_40871,531,0,1782359798.3118055,0.0019736289978027344
116130,MVI_40871,523,0,1782359798.3137352,0.0019297599792480469
116131,MVI_40871,133,0,1782359798.3158057,0.0020704269409179688
116132,MVI_40871,186,0,1782359798.3178058,0.002000093460083008
116133,MVI_40871,627,0,1782359798.3197513,0.00194549560546875
116134,MVI_40871,180,0,1782359798.3217728,0.0020215511322021484
116135,MVI_40871,178,0,1782359798.3237894,0.0020165443420410156
116136,MVI_40871,811,0,1782359798.3257637,0.001974344253540039
116137,MVI_40871,575,0,1782359798.3277886,0.0020248889923095703
116138,MVI_40871,347,0,1782359798.329835,0.002046346664428711
116139,MVI_40871,316,0,1782359798.3317697,0.0019347667694091797
116140,MVI_40871,402,0,1782359798.3337686,0.0019989013671875
116141,MVI_40871,559,0,1782359798.3357627,0.0019941329956054688
116142,MVI_40871,503,0,1782359798.337833,0.002070188522338867
116143,MVI_40871,18,0,1782359798.3397658,0.0019328594207763672
116144,MVI_40871,53,0,1782359798.3417737,0.0020079612731933594
116145,MVI_40871,51,0,1782359798.343745,0.0019712448120117188
116146,MVI_40871,741,0,1782359798.3458035,0.0020585060119628906
116147,MVI_40871,480,0,1782359798.3477685,0.001965045928955078
116148,MVI_40871,515,0,1782359798.3498106,0.002042055130004883
116149,MVI_40871,152,0,1782359798.3518798,0.002069234848022461
116150,MVI_40871,232,0,1782359798.353783,0.0019030570983886719
116151,MVI_40871,471,0,1782359798.3559434,0.0021605491638183594
116152,MVI_40871,239,0,1782359798.3578703,0.0019268989562988281
116153,MVI_40871,142,0,1782359798.3601246,0.0022542476654052734
116154,MVI_40871,558,0,1782359798.3618493,0.0017247200012207031
116155,MVI_40871,723,0,1782359798.3640952,0.0022459030151367188
116156,MVI_40871,688,0,1782359798.3660839,0.001988649368286133
116157,MVI_40871,677,0,1782359798.3678637,0.001779794692993164
116158,MVI_40871,303,0,1782359798.3701105,0.002246856689453125
116159,MVI_40871,533,0,1782359798.3720536,0.0019431114196777344
116160,MVI_40871,109,0,1782359798.3739798,0.0019261837005615234
116161,MVI_40871,695,0,1782359798.3760178,0.0020380020141601562
116162,MVI_40871,197,0,1782359798.3781111,0.0020933151245117188
116163,MVI_40871,110,0,1782359798.3798668,0.0017557144165039062
116164,MVI_40871,121,0,1782359798.382097,0.0022301673889160156
116165,MVI_40871,477,0,1782359798.3839276,0.0018305778503417969
116166,MVI_40871,512,0,1782359798.3860896,0.0021619796752929688
116167,MVI_40871,463,0,1782359798.3878453,0.0017557144165039062
116168,MVI_40871,172,0,1782359798.3901117,0.002266407012939453
116169,MVI_40871,481,0,1782359798.3918445,0.0017328262329101562
116170,MVI_40871,738,0,1782359798.3941143,0.002269744873046875
116171,MVI_40871,485,0,1782359798.3960662,0.0019519329071044922
116172,MVI_40871,155,0,1782359798.3978424,0.0017762184143066406
116173,MVI_40871,654,0,1782359798.40011,0.002267599105834961
116174,MVI_40871,380,0,1782359798.4020646,0.0019545555114746094
116175,MVI_40871,338,0,1782359798.4039907,0.0019261837005615234
116176,MVI_40871,636,0,1782359798.405853,0.0018622875213623047
116177,MVI_40871,340,0,1782359798.408117,0.0022640228271484375
116178,MVI_40871,652,0,1782359798.4098454,0.0017282962799072266
116179,MVI_40871,781,0,1782359798.412106,0.0022606849670410156
116180,MVI_40871,4,0,1782359798.4140596,0.001953601837158203
116181,MVI_40871,63,0,1782359798.4159777,0.0019180774688720703
116182,MVI_40871,145,0,1782359798.417858,0.0018801689147949219
116183,MVI_40871,104,0,1782359798.420104,0.0022461414337158203
116184,MVI_40871,419,0,1782359798.4218485,0.0017445087432861328
116185,MVI_40871,601,0,1782359798.4241068,0.00225830078125
116186,MVI_40871,577,0,1782359798.4260619,0.0019550323486328125
116187,MVI_40871,283,0,1782359798.427976,0.0019140243530273438
116188,MVI_40871,231,0,1782359798.4298546,0.0018787384033203125
116189,MVI_40871,702,0,1782359798.4321034,0.0022487640380859375
116190,MVI_40871,185,0,1782359798.4338477,0.0017442703247070312
116191,MVI_40871,447,0,1782359798.4361188,0.0022711753845214844
116192,MVI_40871,541,0,1782359798.4380698,0.001950979232788086
116193,MVI_40871,699,0,1782359798.439982,0.0019121170043945312
116194,MVI_40871,418,0,1782359798.4419723,0.0019903182983398438
116195,MVI_40871,99,0,1782359798.4440353,0.0020630359649658203
116196,MVI_40871,355,0,1782359798.445958,0.001922607421875
116197,MVI_40871,729,0,1782359798.4480069,0.002048969268798828
116198,MVI_40871,220,0,1782359798.450103,0.0020961761474609375
116199,MVI_40871,552,0,1782359798.4518373,0.0017342567443847656
116200,MVI_40871,324,0,1782359798.4541173,0.002279996871948242
116201,MVI_40871,721,0,1782359798.4559793,0.0018620491027832031
116202,MVI_40871,288,0,1782359798.4579375,0.001958131790161133
116203,MVI_40871,276,0,1782359798.4599733,0.002035856246948242
116204,MVI_40871,173,0,1782359798.4620688,0.002095460891723633
116205,MVI_40871,233,0,1782359798.463849,0.0017802715301513672
116206,MVI_40871,669,0,1782359798.46587,0.0020208358764648438
116207,MVI_40871,667,0,1782359798.4679291,0.0020592212677001953
116208,MVI_40871,148,0,1782359798.4697583,0.0018291473388671875
116209,MVI_40871,762,0,1782359798.471796,0.0020377635955810547
116210,MVI_40871,221,0,1782359798.4737787,0.0019826889038085938
116211,MVI_40871,56,0,1782359798.4757578,0.0019791126251220703
116212,MVI_40871,251,0,1782359798.4778054,0.0020475387573242188
116213,MVI_40871,379,0,1782359798.4800162,0.002210855484008789
116214,MVI_40871,475,0,1782359798.4818227,0.001806497573852539
116215,MVI_40871,585,0,1782359798.4839876,0.0021648406982421875
116216,MVI_40871,525,0,1782359798.4859412,0.001953601837158203
116217,MVI_40871,547,0,1782359798.4878323,0.0018911361694335938
116218,MVI_40871,786,0,1782359798.4900053,0.0021729469299316406
116219,MVI_40871,201,0,1782359798.4919264,0.0019211769104003906
116220,MVI_40871,765,0,1782359798.4939396,0.0020132064819335938
116221,MVI_40871,617,0,1782359798.4958923,0.0019526481628417969
116222,MVI_40871,451,0,1782359798.4979596,0.0020673274993896484
116223,MVI_40871,538,0,1782359798.4998453,0.0018856525421142578
116224,MVI_40871,179,0,1782359798.501992,0.0021467208862304688
116225,MVI_40871,573,0,1782359798.5038762,0.0018842220306396484
116226,MVI_40871,756,0,1782359798.505922,0.002045869827270508
116227,MVI_40871,579,0,1782359798.5080004,0.0020782947540283203
116228,MVI_40871,156,0,1782359798.509904,0.001903533935546875
116229,MVI_40871,11,0,1782359798.5119328,0.002028942108154297
116230,MVI_40871,368,0,1782359798.5138884,0.0019555091857910156
116231,MVI_40871,813,0,1782359798.515976,0.0020875930786132812
116232,MVI_40871,365,0,1782359798.5178626,0.001886606216430664
116233,MVI_40871,28,0,1782359798.5200026,0.002140045166015625
116234,MVI_40871,703,0,1782359798.5219123,0.0019097328186035156
116235,MVI_40871,452,0,1782359798.5239716,0.0020592212677001953
116236,MVI_40871,528,0,1782359798.525908,0.0019364356994628906
116237,MVI_40871,331,0,1782359798.5279794,0.002071380615234375
116238,MVI_40871,605,0,1782359798.529865,0.0018856525421142578
116239,MVI_40871,493,0,1782359798.5319655,0.0021004676818847656
116240,MVI_40871,724,0,1782359798.5339057,0.0019402503967285156
116241,MVI_40871,268,0,1782359798.5359378,0.002032041549682617
116242,MVI_40871,662,0,1782359798.5379038,0.0019659996032714844
116243,MVI_40871,510,0,1782359798.5399797,0.0020759105682373047
116244,MVI_40871,20,0,1782359798.5418599,0.0018801689147949219
116245,MVI_40871,615,0,1782359798.5440013,0.0021414756774902344
116246,MVI_40871,184,0,1782359798.5459034,0.0019021034240722656
116247,MVI_40871,757,0,1782359798.5479388,0.002035379409790039
116248,MVI_40871,359,0,1782359798.5499012,0.001962423324584961
116249,MVI_40871,668,0,1782359798.5519783,0.0020771026611328125
116250,MVI_40871,518,0,1782359798.5538652,0.0018868446350097656
116251,MVI_40871,147,0,1782359798.5559661,0.0021009445190429688
116252,MVI_40871,300,0,1782359798.5578952,0.0019290447235107422
116253,MVI_40871,610,0,1782359798.559938,0.0020427703857421875
116254,MVI_40871,176,0,1782359798.561902,0.001964092254638672
116255,MVI_40871,438,0,1782359798.5639904,0.002088308334350586
116256,MVI_40871,492,0,1782359798.5658622,0.0018718242645263672
116257,MVI_40871,24,0,1782359798.5679624,0.002100229263305664
116258,MVI_40871,545,0,1782359798.5699184,0.0019559860229492188
116259,MVI_40871,546,0,1782359798.571942,0.0020236968994140625
116260,MVI_40871,827,0,1782359798.5739014,0.0019593238830566406
116261,MVI_40871,745,0,1782359798.5759778,0.002076387405395508
116262,MVI_40871,604,0,1782359798.577869,0.0018911361694335938
116263,MVI_40871,397,0,1782359798.579965,0.0020961761474609375
116264,MVI_40871,769,0,1782359798.5819085,0.001943349838256836
116265,MVI_40871,308,0,1782359798.58394,0.002031564712524414
116266,MVI_40871,787,0,1782359798.585935,0.001995086669921875
116267,MVI_40871,291,0,1782359798.587981,0.002045869827270508
116268,MVI_40871,808,0,1782359798.5898292,0.0018482208251953125
116269,MVI_40871,41,0,1782359798.591963,0.0021338462829589844
116270,MVI_40871,67,0,1782359798.5939105,0.0019474029541015625
116271,MVI_40871,375,0,1782359798.5959413,0.0020308494567871094
116272,MVI_40871,580,0,1782359798.5979037,0.001962423324584961
116273,MVI_40871,370,0,1782359798.5999808,0.0020771026611328125
116274,MVI_40871,105,0,1782359798.6018398,0.0018589496612548828
116275,MVI_40871,848,0,1782359798.6040034,0.0021636486053466797
116276,MVI_40871,266,0,1782359798.6059177,0.0019142627716064453
116277,MVI_40871,310,0,1782359798.607941,0.0020232200622558594
116278,MVI_40871,22,0,1782359798.6099238,0.0019829273223876953
116279,MVI_40871,390,0,1782359798.611983,0.0020592212677001953
116280,MVI_40871,705,0,1782359798.613828,0.0018448829650878906
116281,MVI_40871,725,0,1782359798.6160097,0.0021817684173583984
116282,MVI_40871,244,0,1782359798.6179132,0.001903533935546875
116283,MVI_40871,259,0,1782359798.61994,0.002026796340942383
116284,MVI_40871,754,0,1782359798.621905,0.001965045928955078
116285,MVI_40871,181,0,1782359798.6239805,0.0020754337310791016
116286,MVI_40871,196,0,1782359798.6258261,0.0018455982208251953
116287,MVI_40871,801,0,1782359798.6280074,0.0021812915802001953
116288,MVI_40871,25,0,1782359798.6299305,0.0019230842590332031
116289,MVI_40871,641,0,1782359798.6319392,0.002008676528930664
116290,MVI_40871,272,0,1782359798.6339054,0.001966238021850586
116291,MVI_40871,521,0,1782359798.6359787,0.0020732879638671875
116292,MVI_40871,511,0,1782359798.6378284,0.0018496513366699219
116293,MVI_40871,62,0,1782359798.63998,0.0021517276763916016
116294,MVI_40871,130,0,1782359798.6419241,0.0019440650939941406
116295,MVI_40871,594,0,1782359798.6439364,0.0020122528076171875
116296,MVI_40871,412,0,1782359798.6458712,0.0019347667694091797
116297,MVI_40871,21,0,1782359798.6479805,0.0021092891693115234
116298,MVI_40871,581,0,1782359798.6498282,0.0018477439880371094
116299,MVI_40871,630,0,1782359798.651981,0.0021529197692871094
116300,MVI_40871,35,0,1782359798.6539118,0.0019307136535644531
116301,MVI_40871,332,0,1782359798.655938,0.002026081085205078
116302,MVI_40871,544,0,1782359798.657876,0.0019381046295166016
116303,MVI_40871,1,0,1782359798.659982,0.0021059513092041016
116304,MVI_40871,405,0,1782359798.6618268,0.0018448829650878906
116305,MVI_40871,542,0,1782359798.6639812,0.0021543502807617188
116306,MVI_40871,407,0,1782359798.6659043,0.0019230842590332031
116307,MVI_40871,358,0,1782359798.6679854,0.002081155776977539
116308,MVI_40871,548,0,1782359798.6708977,0.002912282943725586
116309,MVI_40871,87,0,1782359798.6718152,0.0009174346923828125
116310,MVI_40871,187,0,1782359798.6739466,0.0021314620971679688
116311,MVI_40871,842,0,1782359798.6758442,0.001897573471069336
116312,MVI_40871,65,0,1782359798.67795,0.002105712890625
116313,MVI_40871,36,0,1782359798.6798027,0.0018527507781982422
116314,MVI_40871,417,0,1782359798.681924,0.002121448516845703
116315,MVI_40871,123,0,1782359798.6837988,0.001874685287475586
116316,MVI_40871,55,0,1782359798.6858187,0.0020198822021484375
116317,MVI_40871,850,0,1782359798.6878262,0.0020074844360351562
116318,MVI_40871,818,0,1782359798.6898832,0.0020570755004882812
116319,MVI_40871,60,0,1782359798.6917877,0.0019044876098632812
116320,MVI_40871,680,0,1782359798.6938658,0.0020780563354492188
116321,MVI_40871,556,0,1782359798.6958492,0.0019834041595458984
116322,MVI_40871,509,0,1782359798.6977866,0.0019373893737792969
116323,MVI_40871,327,0,1782359798.699856,0.0020694732666015625
116324,MVI_40871,569,0,1782359798.7018435,0.001987457275390625
116325,MVI_40871,600,0,1782359798.7038271,0.001983642578125
116326,MVI_40871,650,0,1782359798.705834,0.0020067691802978516
116327,MVI_40871,505,0,1782359798.7078562,0.002022266387939453
116328,MVI_40871,708,0,1782359798.709792,0.001935720443725586
116329,MVI_40871,637,0,1782359798.7118587,0.0020668506622314453
116330,MVI_40871,219,0,1782359798.7138553,0.0019965171813964844
116331,MVI_40871,519,0,1782359798.7158146,0.0019593238830566406
116332,MVI_40871,720,0,1782359798.7178283,0.002013683319091797
116333,MVI_40871,576,0,1782359798.7198644,0.0020360946655273438
116334,MVI_40871,72,0,1782359798.721878,0.002013683319091797
116335,MVI_40871,638,0,1782359798.7238376,0.001959562301635742
116336,MVI_40871,265,0,1782359798.7258556,0.002017974853515625
116337,MVI_40871,415,0,1782359798.7278206,0.001965045928955078
116338,MVI_40871,410,0,1782359798.7298138,0.0019931793212890625
116339,MVI_40871,825,0,1782359798.7318525,0.002038717269897461
116340,MVI_40871,711,0,1782359798.733802,0.0019495487213134766
116341,MVI_40871,92,0,1782359798.7358615,0.002059459686279297
116342,MVI_40871,66,0,1782359798.7378776,0.0020160675048828125
116343,MVI_40871,393,0,1782359798.739799,0.0019214153289794922
116344,MVI_40871,572,0,1782359798.7418876,0.0020885467529296875
116345,MVI_40871,262,0,1782359798.7438502,0.0019626617431640625
116346,MVI_40871,343,0,1782359798.745798,0.0019478797912597656
116347,MVI_40871,690,0,1782359798.747846,0.0020477771759033203
116348,MVI_40871,44,0,1782359798.7498424,0.0019965171813964844
116349,MVI_40871,469,0,1782359798.7518175,0.0019750595092773438
116350,MVI_40871,116,0,1782359798.7537663,0.0019488334655761719
116351,MVI_40871,150,0,1782359798.755851,0.0020847320556640625
116352,MVI_40871,30,0,1782359798.7578175,0.0019664764404296875
116353,MVI_40871,71,0,1782359798.7597647,0.001947164535522461
116354,MVI_40871,17,0,1782359798.761983,0.0022182464599609375
116355,MVI_40871,165,0,1782359798.7638035,0.0018205642700195312
116356,MVI_40871,73,0,1782359798.7657611,0.0019576549530029297
116357,MVI_40871,464,0,1782359798.7678382,0.0020771026611328125
116358,MVI_40871,313,0,1782359798.7698004,0.0019621849060058594
116359,MVI_40871,304,0,1782359798.771761,0.0019605159759521484
116360,MVI_40871,242,0,1782359798.7738435,0.0020825862884521484
116361,MVI_40871,329,0,1782359798.775809,0.0019655227661132812
116362,MVI_40871,536,0,1782359798.7777872,0.001978158950805664
116363,MVI_40871,26,0,1782359798.7797925,0.002005338668823242
116364,MVI_40871,562,0,1782359798.7817988,0.0020062923431396484
116365,MVI_40871,322,0,1782359798.7837896,0.001990795135498047
116366,MVI_40871,728,0,1782359798.7859943,0.0022046566009521484
116367,MVI_40871,236,0,1782359798.787844,0.0018496513366699219
116368,MVI_40871,106,0,1782359798.7899477,0.0021038055419921875
116369,MVI_40871,297,0,1782359798.7919714,0.0020236968994140625
116370,MVI_40871,788,0,1782359798.7938316,0.0018601417541503906
116371,MVI_40871,188,0,1782359798.7959492,0.002117633819580078
116372,MVI_40871,253,0,1782359798.797977,0.002027750015258789
116373,MVI_40871,117,0,1782359798.7998369,0.001859903335571289
116374,MVI_40871,279,0,1782359798.801951,0.0021140575408935547
116375,MVI_40871,829,0,1782359798.8039682,0.0020172595977783203
116376,MVI_40871,799,0,1782359798.8058324,0.0018641948699951172
116377,MVI_40871,59,0,1782359798.8079495,0.002117156982421875
116378,MVI_40871,141,0,1782359798.8099868,0.0020372867584228516
116379,MVI_40871,599,0,1782359798.811835,0.0018482208251953125
116380,MVI_40871,54,0,1782359798.813796,0.0019609928131103516
116381,MVI_40871,796,0,1782359798.815989,0.002192974090576172
116382,MVI_40871,838,0,1782359798.8178332,0.001844167709350586
116383,MVI_40871,783,0,1782359798.8199508,0.002117633819580078
116384,MVI_40871,198,0,1782359798.8219678,0.0020170211791992188
116385,MVI_40871,474,0,1782359798.823836,0.0018682479858398438
116386,MVI_40871,215,0,1782359798.8259485,0.0021123886108398438
116387,MVI_40871,122,0,1782359798.8279722,0.0020236968994140625
116388,MVI_40871,8,0,1782359798.829837,0.0018649101257324219
116389,MVI_40871,42,0,1782359798.8319504,0.00211334228515625
116390,MVI_40871,496,0,1782359798.833972,0.0020215511322021484
116391,MVI_40871,32,0,1782359798.8358421,0.0018701553344726562
116392,MVI_40871,646,0,1782359798.8379903,0.002148151397705078
116393,MVI_40871,323,0,1782359798.8400118,0.0020215511322021484
116394,MVI_40871,449,0,1782359798.8418238,0.001811981201171875
116395,MVI_40871,732,0,1782359798.8439739,0.0021500587463378906
116396,MVI_40871,586,0,1782359798.8460267,0.002052783966064453
116397,MVI_40871,472,0,1782359798.8478189,0.0017921924591064453
116398,MVI_40871,621,0,1782359798.8499727,0.0021538734436035156
116399,MVI_40871,805,0,1782359798.852,0.002027273178100586
116400,MVI_40871,111,0,1782359798.8538156,0.0018155574798583984
116401,MVI_40871,78,0,1782359798.8559718,0.0021562576293945312
116402,MVI_40871,609,0,1782359798.8579998,0.0020279884338378906
116403,MVI_40871,204,0,1782359798.8598185,0.0018186569213867188
116404,MVI_40871,446,0,1782359798.8619719,0.0021533966064453125
116405,MVI_40871,295,0,1782359798.8639982,0.0020263195037841797
116406,MVI_40871,734,0,1782359798.865815,0.0018167495727539062
116407,MVI_40871,715,0,1782359798.8679724,0.002157449722290039
116408,MVI_40871,707,0,1782359798.8700073,0.002034902572631836
116409,MVI_40871,554,0,1782359798.871817,0.001809835433959961
116410,MVI_40871,408,0,1782359798.873973,0.002155780792236328
116411,MVI_40871,398,0,1782359798.876013,0.0020401477813720703
116412,MVI_40871,68,0,1782359798.8778014,0.0017883777618408203
116413,MVI_40871,798,0,1782359798.8799748,0.0021734237670898438
116414,MVI_40871,357,0,1782359798.8820035,0.0020287036895751953
116415,MVI_40871,441,0,1782359798.883819,0.0018155574798583984
116416,MVI_40871,240,0,1782359798.8859754,0.0021562576293945312
116417,MVI_40871,411,0,1782359798.8880084,0.0020329952239990234
116418,MVI_40871,45,0,1782359798.889817,0.0018086433410644531
116419,MVI_40871,682,0,1782359798.891977,0.0021600723266601562
116420,MVI_40871,568,0,1782359798.8940082,0.002031087875366211
116421,MVI_40871,3,0,1782359798.8958182,0.0018100738525390625
116422,MVI_40871,384,0,1782359798.8979764,0.0021581649780273438
116423,MVI_40871,567,0,1782359798.9000075,0.002031087875366211
116424,MVI_40871,377,0,1782359798.9018183,0.0018107891082763672
116425,MVI_40871,506,0,1782359798.9039748,0.002156496047973633
116426,MVI_40871,209,0,1782359798.9060097,0.002034902572631836
116427,MVI_40871,294,0,1782359798.9078197,0.0018100738525390625
116428,MVI_40871,457,0,1782359798.9099743,0.0021545886993408203
116429,MVI_40871,424,0,1782359798.9120057,0.0020313262939453125
116430,MVI_40871,394,0,1782359798.9138272,0.0018215179443359375
116431,MVI_40871,526,0,1782359798.9159765,0.002149343490600586
116432,MVI_40871,772,0,1782359798.918007,0.0020303726196289062
116433,MVI_40871,306,0,1782359798.9198177,0.0018107891082763672
116434,MVI_40871,403,0,1782359798.921976,0.0021584033966064453
116435,MVI_40871,495,0,1782359798.9240122,0.0020360946655273438
116436,MVI_40871,789,0,1782359798.9258194,0.0018072128295898438
116437,MVI_40871,513,0,1782359798.927975,0.0021555423736572266
116438,MVI_40871,583,0,1782359798.9300017,0.002026796340942383
116439,MVI_40871,448,0,1782359798.9318206,0.0018188953399658203
116440,MVI_40871,0,0,1782359798.9339738,0.002153158187866211
116441,MVI_40871,356,0,1782359798.936014,0.0020401477813720703
116442,MVI_40871,361,0,1782359798.937834,0.0018200874328613281
116443,MVI_40871,217,0,1782359798.9399743,0.0021402835845947266
116444,MVI_40871,230,0,1782359798.9420052,0.0020308494567871094
116445,MVI_40871,462,0,1782359798.943818,0.0018129348754882812
116446,MVI_40871,69,0,1782359798.9459746,0.002156496047973633
116447,MVI_40871,229,0,1782359798.948004,0.0020294189453125
116448,MVI_40871,792,0,1782359798.9498148,0.0018107891082763672
116449,MVI_40871,553,0,1782359798.9518237,0.0020089149475097656
116450,MVI_40871,349,0,1782359798.954002,0.002178192138671875
116451,MVI_40871,162,0,1782359798.9558177,0.0018157958984375
116452,MVI_40871,248,0,1782359798.9579725,0.002154827117919922
116453,MVI_40871,74,0,1782359798.9600089,0.0020363330841064453
116454,MVI_40871,58,0,1782359798.961815,0.0018062591552734375
116455,MVI_40871,749,0,1782359798.963974,0.0021588802337646484
116456,MVI_40871,494,0,1782359798.9659975,0.002023458480834961
116457,MVI_40871,183,0,1782359798.9678159,0.0018184185028076172
116458,MVI_40871,211,0,1782359798.9699745,0.002158641815185547
116459,MVI_40871,709,0,1782359798.9719987,0.0020241737365722656
116460,MVI_40871,273,0,1782359798.9738166,0.001817941665649414
116461,MVI_40871,336,0,1782359798.9759727,0.0021560192108154297
116462,MVI_40871,103,0,1782359798.9779513,0.001978635787963867
116463,MVI_40871,252,0,1782359798.979798,0.0018467903137207031
116464,MVI_40871,270,0,1782359798.9819996,0.002201557159423828
116465,MVI_40871,714,0,1782359798.9840343,0.0020346641540527344
116466,MVI_40871,149,0,1782359798.9857948,0.0017604827880859375
116467,MVI_40871,271,0,1782359798.9879525,0.0021576881408691406
116468,MVI_40871,482,0,1782359798.9899764,0.002023935317993164
116469,MVI_40871,635,0,1782359798.9918447,0.0018682479858398438
116470,MVI_40871,444,0,1782359798.9939487,0.002104043960571289
116471,MVI_40871,557,0,1782359798.9960048,0.002056121826171875
116472,MVI_40871,643,0,1782359798.9978366,0.0018317699432373047
116473,MVI_40871,626,0,1782359798.9999506,0.0021140575408935547
116474,MVI_40871,335,0,1782359799.001973,0.002022266387939453
116475,MVI_40871,618,0,1782359799.0038354,0.0018625259399414062
116476,MVI_40871,845,0,1782359799.0059493,0.002113819122314453
116477,MVI_40871,470,0,1782359799.0080047,0.0020554065704345703
116478,MVI_40871,317,0,1782359799.0098338,0.0018291473388671875
116479,MVI_40871,516,0,1782359799.011954,0.0021202564239501953
116480,MVI_40871,312,0,1782359799.0139675,0.0020134449005126953
116481,MVI_40871,203,0,1782359799.0158339,0.0018663406372070312
116482,MVI_40871,750,0,1782359799.0179489,0.002115011215209961
116483,MVI_40871,346,0,1782359799.019972,0.0020232200622558594
116484,MVI_40871,330,0,1782359799.021833,0.0018608570098876953
116485,MVI_40871,507,0,1782359799.0239494,0.0021164417266845703
116486,MVI_40871,431,0,1782359799.0259907,0.002041339874267578
116487,MVI_40871,532,0,1782359799.0278375,0.0018467903137207031
116488,MVI_40871,445,0,1782359799.029954,0.0021164417266845703
116489,MVI_40871,578,0,1782359799.0319843,0.0020303726196289062
116490,MVI_40871,719,0,1782359799.0338337,0.0018494129180908203
116491,MVI_40871,12,0,1782359799.0359678,0.002134084701538086
116492,MVI_40871,691,0,1782359799.0379698,0.0020020008087158203
116493,MVI_40871,107,0,1782359799.0398395,0.0018696784973144531
116494,MVI_40871,140,0,1782359799.0419524,0.002112865447998047
116495,MVI_40871,124,0,1782359799.0439699,0.002017498016357422
116496,MVI_40871,844,0,1782359799.0458376,0.0018677711486816406
116497,MVI_40871,15,0,1782359799.0479524,0.0021147727966308594
116498,MVI_40871,520,0,1782359799.0499723,0.0020198822021484375
116499,MVI_40871,414,0,1782359799.0518339,0.001861572265625
116500,MVI_40871,778,0,1782359799.0539508,0.0021169185638427734
116501,MVI_40871,606,0,1782359799.055967,0.002016305923461914
116502,MVI_40871,832,0,1782359799.0578384,0.001871347427368164
116503,MVI_40871,284,0,1782359799.0599537,0.0021152496337890625
116504,MVI_40871,661,0,1782359799.0619597,0.002006053924560547
116505,MVI_40871,170,0,1782359799.063854,0.001894235610961914
116506,MVI_40871,189,0,1782359799.0659485,0.0020945072174072266
116507,MVI_40871,807,0,1782359799.0679674,0.0020189285278320312
116508,MVI_40871,817,0,1782359799.0698419,0.0018744468688964844
116509,MVI_40871,588,0,1782359799.071954,0.002112150192260742
116510,MVI_40871,86,0,1782359799.0739732,0.002019166946411133
116511,MVI_40871,246,0,1782359799.0758367,0.0018634796142578125
116512,MVI_40871,383,0,1782359799.0779533,0.002116680145263672
116513,MVI_40871,50,0,1782359799.079971,0.0020177364349365234
116514,MVI_40871,289,0,1782359799.0817935,0.0018224716186523438
116515,MVI_40871,255,0,1782359799.0839887,0.002195119857788086
116516,MVI_40871,247,0,1782359799.0859692,0.0019805431365966797
116517,MVI_40871,82,0,1782359799.0878332,0.0018639564514160156
116518,MVI_40871,710,0,1782359799.0899475,0.0021142959594726562
116519,MVI_40871,793,0,1782359799.0919628,0.002015352249145508
116520,MVI_40871,843,0,1782359799.093834,0.0018711090087890625
116521,MVI_40871,592,0,1782359799.0959466,0.0021126270294189453
116522,MVI_40871,97,0,1782359799.0979686,0.0020220279693603516
116523,MVI_40871,39,0,1782359799.0998333,0.0018646717071533203
116524,MVI_40871,345,0,1782359799.1019459,0.0021126270294189453
116525,MVI_40871,478,0,1782359799.1039622,0.002016305923461914
116526,MVI_40871,791,0,1782359799.1058354,0.0018732547760009766
116527,MVI_40871,716,0,1782359799.1079483,0.002112865447998047
116528,MVI_40871,704,0,1782359799.1099813,0.0020329952239990234
116529,MVI_40871,685,0,1782359799.1118324,0.0018510818481445312
116530,MVI_40871,622,0,1782359799.1139445,0.002112150192260742
116531,MVI_40871,191,0,1782359799.1159682,0.0020236968994140625
116532,MVI_40871,730,0,1782359799.1178331,0.0018649101257324219
116533,MVI_40871,498,0,1782359799.1199439,0.002110719680786133
116534,MVI_40871,437,0,1782359799.1219714,0.0020275115966796875
116535,MVI_40871,367,0,1782359799.1238303,0.0018589496612548828
116536,MVI_40871,5,0,1782359799.125948,0.002117633819580078
116537,MVI_40871,38,0,1782359799.1279829,0.002034902572631836
116538,MVI_40871,742,0,1782359799.1298435,0.0018606185913085938
116539,MVI_40871,647,0,1782359799.1319451,0.0021016597747802734
116540,MVI_40871,692,0,1782359799.1339915,0.002046346664428711
116541,MVI_40871,776,0,1782359799.1358328,0.0018413066864013672
116542,MVI_40871,758,0,1782359799.1379464,0.0021135807037353516
116543,MVI_40871,385,0,1782359799.1399925,0.0020461082458496094
116544,MVI_40871,119,0,1782359799.1418333,0.001840829849243164
116545,MVI_40871,664,0,1782359799.1439455,0.002112150192260742
116546,MVI_40871,453,0,1782359799.145979,0.0020334720611572266
116547,MVI_40871,490,0,1782359799.1478415,0.0018625259399414062
116548,MVI_40871,736,0,1782359799.1499453,0.0021038055419921875
116549,MVI_40871,81,0,1782359799.1519759,0.002030611038208008
116550,MVI_40871,192,0,1782359799.1538327,0.0018568038940429688
116551,MVI_40871,250,0,1782359799.1559463,0.0021135807037353516
116552,MVI_40871,34,0,1782359799.157963,0.002016782760620117
116553,MVI_40871,535,0,1782359799.1598332,0.0018701553344726562
116554,MVI_40871,135,0,1782359799.1619503,0.002117156982421875
116555,MVI_40871,590,0,1782359799.1639636,0.0020132064819335938
116556,MVI_40871,700,0,1782359799.1658337,0.0018701553344726562
116557,MVI_40871,373,0,1782359799.1679504,0.002116680145263672
116558,MVI_40871,686,0,1782359799.169974,0.0020236968994140625
116559,MVI_40871,499,0,1782359799.1718333,0.0018591880798339844
116560,MVI_40871,10,0,1782359799.1739478,0.002114534378051758
116561,MVI_40871,584,0,1782359799.1759744,0.0020265579223632812
116562,MVI_40871,98,0,1782359799.1778328,0.0018584728240966797
116563,MVI_40871,96,0,1782359799.1799693,0.0021364688873291016
116564,MVI_40871,190,0,1782359799.1819742,0.002004861831665039
116565,MVI_40871,241,0,1782359799.183856,0.0018818378448486328
116566,MVI_40871,177,0,1782359799.1859503,0.002094268798828125
116567,MVI_40871,649,0,1782359799.1880102,0.0020599365234375
116568,MVI_40871,824,0,1782359799.1898384,0.0018281936645507812
116569,MVI_40871,426,0,1782359799.19195,0.002111673355102539
116570,MVI_40871,504,0,1782359799.193965,0.0020148754119873047
116571,MVI_40871,64,0,1782359799.1958344,0.0018694400787353516
116572,MVI_40871,146,0,1782359799.1979456,0.002111196517944336
116573,MVI_40871,639,0,1782359799.1999686,0.002022981643676758
116574,MVI_40871,439,0,1782359799.201833,0.0018644332885742188
116575,MVI_40871,404,0,1782359799.2039475,0.002114534378051758
116576,MVI_40871,238,0,1782359799.205969,0.0020215511322021484
116577,MVI_40871,550,0,1782359799.207833,0.0018639564514160156
116578,MVI_40871,341,0,1782359799.2099462,0.0021131038665771484
116579,MVI_40871,670,0,1782359799.211984,0.0020377635955810547
116580,MVI_40871,587,0,1782359799.213835,0.0018510818481445312
116581,MVI_40871,256,0,1782359799.2159462,0.002111196517944336
116582,MVI_40871,678,0,1782359799.217974,0.002027750015258789
116583,MVI_40871,100,0,1782359799.2198336,0.0018596649169921875
116584,MVI_40871,409,0,1782359799.2219455,0.0021119117736816406
116585,MVI_40871,234,0,1782359799.2239764,0.0020308494567871094
116586,MVI_40871,364,0,1782359799.2258406,0.0018641948699951172
116587,MVI_40871,43,0,1782359799.2280903,0.0022497177124023438
116588,MVI_40871,125,0,1782359799.2299705,0.0018801689147949219
116589,MVI_40871,744,0,1782359799.2318308,0.0018603801727294922
116590,MVI_40871,115,0,1782359799.2339468,0.002115964889526367
116591,MVI_40871,305,0,1782359799.235975,0.002028226852416992
116592,MVI_40871,770,0,1782359799.237849,0.0018739700317382812
116593,MVI_40871,95,0,1782359799.2399535,0.002104520797729492
116594,MVI_40871,847,0,1782359799.2419612,0.002007722854614258
116595,MVI_40871,488,0,1782359799.2438352,0.0018739700317382812
116596,MVI_40871,681,0,1782359799.2459476,0.0021123886108398438
116597,MVI_40871,529,0,1782359799.2479696,0.0020220279693603516
116598,MVI_40871,342,0,1782359799.2498338,0.0018641948699951172
116599,MVI_40871,433,0,1782359799.2519825,0.0021486282348632812
116600,MVI_40871,214,0,1782359799.253977,0.001994609832763672
116601,MVI_40871,629,0,1782359799.255842,0.0018649101257324219
116602,MVI_40871,659,0,1782359799.2579458,0.0021038055419921875
116603,MVI_40871,120,0,1782359799.25997,0.0020241737365722656
116604,MVI_40871,491,0,1782359799.2618294,0.001859426498413086
116605,MVI_40871,83,0,1782359799.263946,0.002116680145263672
116606,MVI_40871,389,0,1782359799.2660017,0.002055644989013672
116607,MVI_40871,131,0,1782359799.267835,0.001833200454711914
116608,MVI_40871,400,0,1782359799.2699451,0.0021102428436279297
116609,MVI_40871,118,0,1782359799.2719557,0.0020105838775634766
116610,MVI_40871,656,0,1782359799.2738333,0.0018775463104248047
116611,MVI_40871,52,0,1782359799.2759516,0.002118349075317383
116612,MVI_40871,108,0,1782359799.2779477,0.0019960403442382812
116613,MVI_40871,413,0,1782359799.2797797,0.0018320083618164062
116614,MVI_40871,767,0,1782359799.2819908,0.0022110939025878906
116615,MVI_40871,90,0,1782359799.283965,0.001974344253540039
116616,MVI_40871,328,0,1782359799.285839,0.0018739700317382812
116617,MVI_40871,249,0,1782359799.287952,0.002112865447998047
116618,MVI_40871,657,0,1782359799.289973,0.0020210742950439453
116619,MVI_40871,436,0,1782359799.291835,0.0018620491027832031
116620,MVI_40871,245,0,1782359799.2939506,0.002115488052368164
116621,MVI_40871,89,0,1782359799.2959702,0.002019643783569336
116622,MVI_40871,16,0,1782359799.2978342,0.0018639564514160156
116623,MVI_40871,527,0,1782359799.2999494,0.0021152496337890625
116624,MVI_40871,421,0,1782359799.302012,0.002062559127807617
116625,MVI_40871,127,0,1782359799.3038573,0.0018453598022460938
116626,MVI_40871,6,0,1782359799.3059492,0.0020918846130371094
116627,MVI_40871,344,0,1782359799.308,0.0020508766174316406
116628,MVI_40871,392,0,1782359799.3098338,0.0018336772918701172
116629,MVI_40871,823,0,1782359799.311949,0.0021152496337890625
116630,MVI_40871,540,0,1782359799.3140006,0.0020515918731689453
116631,MVI_40871,275,0,1782359799.3158388,0.0018382072448730469
116632,MVI_40871,591,0,1782359799.3179512,0.0021123886108398438
116633,MVI_40871,543,0,1782359799.3199987,0.0020475387573242188
116634,MVI_40871,440,0,1782359799.3218374,0.00183868408203125
116635,MVI_40871,101,0,1782359799.3239505,0.0021131038665771484
116636,MVI_40871,363,0,1782359799.3259473,0.001996755599975586
116637,MVI_40871,694,0,1782359799.3278387,0.0018913745880126953
116638,MVI_40871,727,0,1782359799.3299487,0.002110004425048828
116639,MVI_40871,835,0,1782359799.3319893,0.0020406246185302734
116640,MVI_40871,565,0,1782359799.3338392,0.0018498897552490234
116641,MVI_40871,821,0,1782359799.335949,0.0021097660064697266
116642,MVI_40871,718,0,1782359799.3379936,0.002044677734375
116643,MVI_40871,80,0,1782359799.339843,0.0018494129180908203
116644,MVI_40871,193,0,1782359799.34195,0.002106904983520508
116645,MVI_40871,285,0,1782359799.3439984,0.002048492431640625
116646,MVI_40871,85,0,1782359799.3458388,0.001840353012084961
116647,MVI_40871,362,0,1782359799.3479497,0.0021109580993652344
116648,MVI_40871,563,0,1782359799.349862,0.0019123554229736328
116649,MVI_40871,566,0,1782359799.3518596,0.0019974708557128906
116650,MVI_40871,199,0,1782359799.3540258,0.002166271209716797
116651,MVI_40871,612,0,1782359799.3558893,0.0018634796142578125
116652,MVI_40871,200,0,1782359799.3578203,0.0019309520721435547
116653,MVI_40871,731,0,1782359799.3600187,0.002198457717895508
116654,MVI_40871,458,0,1782359799.3618925,0.0018737316131591797
116655,MVI_40871,296,0,1782359799.3638837,0.00199127197265625
116656,MVI_40871,208,0,1782359799.3661182,0.0022344589233398438
116657,MVI_40871,352,0,1782359799.368029,0.0019109249114990234
116658,MVI_40871,57,0,1782359799.3699784,0.001949310302734375
116659,MVI_40871,755,0,1782359799.3720112,0.002032756805419922
116660,MVI_40871,182,0,1782359799.3741143,0.002103090286254883
116661,MVI_40871,372,0,1782359799.3758776,0.0017633438110351562
116662,MVI_40871,423,0,1782359799.3779917,0.0021140575408935547
116663,MVI_40871,671,0,1782359799.3801038,0.002112150192260742
116664,MVI_40871,337,0,1782359799.3818555,0.0017516613006591797
116665,MVI_40871,806,0,1782359799.3841271,0.0022716522216796875
116666,MVI_40871,378,0,1782359799.3860114,0.0018842220306396484
116667,MVI_40871,665,0,1782359799.3879719,0.0019605159759521484
116668,MVI_40871,633,0,1782359799.3900175,0.0020456314086914062
116669,MVI_40871,269,0,1782359799.392114,0.002096414566040039
116670,MVI_40871,616,0,1782359799.3938608,0.0017468929290771484
116671,MVI_40871,366,0,1782359799.3961215,0.0022606849670410156
116672,MVI_40871,726,0,1782359799.398012,0.001890420913696289
116673,MVI_40871,674,0,1782359799.399984,0.0019719600677490234
116674,MVI_40871,339,0,1782359799.4020078,0.002023935317993164
116675,MVI_40871,401,0,1782359799.4041147,0.002106904983520508
116676,MVI_40871,307,0,1782359799.4058757,0.0017609596252441406
116677,MVI_40871,2,0,1782359799.40811,0.002234220504760742
116678,MVI_40871,292,0,1782359799.4100049,0.0018949508666992188
116679,MVI_40871,114,0,1782359799.4119813,0.001976490020751953
116680,MVI_40871,321,0,1782359799.414009,0.002027750015258789
116681,MVI_40871,387,0,1782359799.4161167,0.0021076202392578125
116682,MVI_40871,154,0,1782359799.417877,0.001760244369506836
116683,MVI_40871,684,0,1782359799.4201083,0.0022313594818115234
116684,MVI_40871,278,0,1782359799.4220212,0.001912832260131836
116685,MVI_40871,551,0,1782359799.4240012,0.0019800662994384766
116686,MVI_40871,777,0,1782359799.426015,0.002013683319091797
116687,MVI_40871,834,0,1782359799.4281063,0.0020914077758789062
116688,MVI_40871,782,0,1782359799.4298944,0.0017881393432617188
116689,MVI_40871,619,0,1782359799.431976,0.002081632614135742
116690,MVI_40871,168,0,1782359799.4340127,0.002036571502685547
116691,MVI_40871,660,0,1782359799.4360042,0.0019915103912353516
116692,MVI_40871,514,0,1782359799.4379747,0.001970529556274414
116693,MVI_40871,790,0,1782359799.440017,0.0020422935485839844
116694,MVI_40871,194,0,1782359799.441975,0.001958131790161133
116695,MVI_40871,780,0,1782359799.4440093,0.0020341873168945312
116696,MVI_40871,775,0,1782359799.4461155,0.002106189727783203
116697,MVI_40871,102,0,1782359799.4478855,0.00177001953125
116698,MVI_40871,61,0,1782359799.4501095,0.002223968505859375
116699,MVI_40871,163,0,1782359799.4520063,0.0018968582153320312
116700,MVI_40871,479,0,1782359799.4540431,0.0020368099212646484
116701,MVI_40871,771,0,1782359799.4560082,0.001965045928955078
116702,MVI_40871,386,0,1782359799.458105,0.002096891403198242
116703,MVI_40871,46,0,1782359799.4598832,0.0017781257629394531
116704,MVI_40871,752,0,1782359799.4619966,0.00211334228515625
116705,MVI_40871,717,0,1782359799.4641366,0.002140045166015625
116706,MVI_40871,311,0,1782359799.4658651,0.0017285346984863281
116707,MVI_40871,607,0,1782359799.4680927,0.0022275447845458984
116708,MVI_40871,595,0,1782359799.470012,0.0019192695617675781
116709,MVI_40871,314,0,1782359799.471942,0.0019299983978271484
116710,MVI_40871,228,0,1782359799.473975,0.0020329952239990234
116711,MVI_40871,653,0,1782359799.47599,0.0020151138305664062
116712,MVI_40871,845,0,1782359830.4913204,0.0
116713,MVI_40871,761,0,1782359830.4932475,0.0019271373748779297
116714,MVI_40871,422,0,1782359830.4952288,0.0019812583923339844
116715,MVI_40871,67,0,1782359830.4972746,0.002045869827270508
116716,MVI_40871,533,0,1782359830.4992106,0.0019359588623046875
116717,MVI_40871,32,0,1782359830.5012732,0.002062559127807617
116718,MVI_40871,395,0,1782359830.5033576,0.002084493637084961
116719,MVI_40871,423,0,1782359830.5054784,0.0021207332611083984
116720,MVI_40871,457,0,1782359830.5072637,0.0017852783203125
116721,MVI_40871,474,0,1782359830.509287,0.002023458480834961
116722,MVI_40871,650,0,1782359830.511198,0.0019109249114990234
116723,MVI_40871,740,0,1782359830.513286,0.0020880699157714844
116724,MVI_40871,34,0,1782359830.5153139,0.002027750015258789
116725,MVI_40871,822,0,1782359830.5173764,0.002062559127807617
116726,MVI_40871,163,0,1782359830.519294,0.0019176006317138672
116727,MVI_40871,413,0,1782359830.5214643,0.0021703243255615234
116728,MVI_40871,775,0,1782359830.5232463,0.0017819404602050781
116729,MVI_40871,112,0,1782359830.5254056,0.0021593570709228516
116730,MVI_40871,387,0,1782359830.5274527,0.0020470619201660156
116731,MVI_40871,378,0,1782359830.5293317,0.001878976821899414
116732,MVI_40871,600,0,1782359830.5312636,0.001931905746459961
116733,MVI_40871,791,0,1782359830.5335047,0.0022411346435546875
116734,MVI_40871,679,0,1782359830.5352762,0.0017714500427246094
116735,MVI_40871,659,0,1782359830.5374646,0.002188444137573242
116736,MVI_40871,750,0,1782359830.539276,0.0018112659454345703
116737,MVI_40871,451,0,1782359830.5414615,0.0021855831146240234
116738,MVI_40871,705,0,1782359830.5432782,0.0018167495727539062
116739,MVI_40871,450,0,1782359830.5455127,0.0022344589233398438
116740,MVI_40871,594,0,1782359830.5472696,0.001756906509399414
116741,MVI_40871,421,0,1782359830.5494564,0.0021867752075195312
116742,MVI_40871,98,0,1782359830.551287,0.0018305778503417969
116743,MVI_40871,179,0,1782359830.5534663,0.002179384231567383
116744,MVI_40871,467,0,1782359830.5552824,0.0018160343170166016
116745,MVI_40871,841,0,1782359830.5575051,0.002222776412963867
116746,MVI_40871,146,0,1782359830.5592782,0.0017731189727783203
116747,MVI_40871,602,0,1782359830.561454,0.0021758079528808594
116748,MVI_40871,793,0,1782359830.5633342,0.0018801689147949219
116749,MVI_40871,97,0,1782359830.5654607,0.002126455307006836
116750,MVI_40871,73,0,1782359830.5672736,0.0018129348754882812
116751,MVI_40871,157,0,1782359830.5695202,0.0022466182708740234
116752,MVI_40871,609,0,1782359830.571279,0.0017588138580322266
116753,MVI_40871,335,0,1782359830.5734541,0.0021750926971435547
116754,MVI_40871,191,0,1782359830.5753393,0.0018851757049560547
116755,MVI_40871,367,0,1782359830.5774608,0.002121448516845703
116756,MVI_40871,658,0,1782359830.5792797,0.0018188953399658203
116757,MVI_40871,44,0,1782359830.5815363,0.002256631851196289
116758,MVI_40871,510,0,1782359830.5832775,0.001741170883178711
116759,MVI_40871,733,0,1782359830.5852675,0.001990079879760742
116760,MVI_40871,268,0,1782359830.5875301,0.002262592315673828
116761,MVI_40871,149,0,1782359830.5892742,0.0017440319061279297
116762,MVI_40871,272,0,1782359830.5914547,0.0021805763244628906
116763,MVI_40871,344,0,1782359830.593345,0.0018901824951171875
116764,MVI_40871,246,0,1782359830.5954604,0.002115488052368164
116765,MVI_40871,236,0,1782359830.5972745,0.001814126968383789
116766,MVI_40871,132,0,1782359830.5995357,0.0022611618041992188
116767,MVI_40871,77,0,1782359830.601276,0.0017402172088623047
116768,MVI_40871,672,0,1782359830.6034544,0.0021784305572509766
116769,MVI_40871,247,0,1782359830.6053495,0.0018951892852783203
116770,MVI_40871,81,0,1782359830.607459,0.002109527587890625
116771,MVI_40871,771,0,1782359830.6092749,0.0018157958984375
116772,MVI_40871,18,0,1782359830.6115286,0.0022537708282470703
116773,MVI_40871,266,0,1782359830.613276,0.0017473697662353516
116774,MVI_40871,525,0,1782359830.61545,0.002173900604248047
116775,MVI_40871,383,0,1782359830.6172752,0.0018253326416015625
116776,MVI_40871,270,0,1782359830.6194832,0.0022079944610595703
116777,MVI_40871,830,0,1782359830.621282,0.001798868179321289
116778,MVI_40871,501,0,1782359830.623534,0.002251863479614258
116779,MVI_40871,524,0,1782359830.6253347,0.0018007755279541016
116780,MVI_40871,493,0,1782359830.6272976,0.001962900161743164
116781,MVI_40871,589,0,1782359830.629466,0.002168416976928711
116782,MVI_40871,615,0,1782359830.631292,0.0018260478973388672
116783,MVI_40871,370,0,1782359830.633459,0.0021669864654541016
116784,MVI_40871,781,0,1782359830.6353607,0.0019016265869140625
116785,MVI_40871,621,0,1782359830.637462,0.0021011829376220703
116786,MVI_40871,376,0,1782359830.6393423,0.0018804073333740234
116787,MVI_40871,120,0,1782359830.6417334,0.0023910999298095703
116788,MVI_40871,175,0,1782359830.6432817,0.0015482902526855469
116789,MVI_40871,441,0,1782359830.6454518,0.002170085906982422
116790,MVI_40871,604,0,1782359830.647274,0.0018222332000732422
116791,MVI_40871,223,0,1782359830.6494868,0.0022127628326416016
116792,MVI_40871,355,0,1782359830.6512747,0.0017879009246826172
116793,MVI_40871,513,0,1782359830.6532955,0.0020208358764648438
116794,MVI_40871,760,0,1782359830.6552975,0.0020020008087158203
116795,MVI_40871,766,0,1782359830.6572757,0.001978158950805664
116796,MVI_40871,276,0,1782359830.6593053,0.0020296573638916016
116797,MVI_40871,848,0,1782359830.6612947,0.0019893646240234375
116798,MVI_40871,397,0,1782359830.6632774,0.0019826889038085938
116799,MVI_40871,572,0,1782359830.6652994,0.0020220279693603516
116800,MVI_40871,606,0,1782359830.6672997,0.0020003318786621094
116801,MVI_40871,109,0,1782359830.6692832,0.0019834041595458984
116802,MVI_40871,742,0,1782359830.6713014,0.0020182132720947266
116803,MVI_40871,190,0,1782359830.6733003,0.0019989013671875
116804,MVI_40871,646,0,1782359830.6752756,0.0019752979278564453
116805,MVI_40871,469,0,1782359830.6774802,0.0022046566009521484
116806,MVI_40871,382,0,1782359830.6792836,0.0018033981323242188
116807,MVI_40871,202,0,1782359830.6814559,0.002172231674194336
116808,MVI_40871,728,0,1782359830.6832817,0.0018258094787597656
116809,MVI_40871,669,0,1782359830.6854615,0.002179861068725586
116810,MVI_40871,731,0,1782359830.6872814,0.0018198490142822266
116811,MVI_40871,631,0,1782359830.6894674,0.0021860599517822266
116812,MVI_40871,129,0,1782359830.6913195,0.0018520355224609375
116813,MVI_40871,605,0,1782359830.6934452,0.0021257400512695312
116814,MVI_40871,466,0,1782359830.6953838,0.0019385814666748047
116815,MVI_40871,80,0,1782359830.6974628,0.002079010009765625
116816,MVI_40871,324,0,1782359830.6992793,0.0018165111541748047
116817,MVI_40871,696,0,1782359830.701474,0.002194643020629883
116818,MVI_40871,292,0,1782359830.70328,0.001806020736694336
116819,MVI_40871,545,0,1782359830.7052681,0.0019881725311279297
116820,MVI_40871,63,0,1782359830.7074888,0.002220630645751953
116821,MVI_40871,347,0,1782359830.7092807,0.0017919540405273438
116822,MVI_40871,720,0,1782359830.7114437,0.002162933349609375
116823,MVI_40871,340,0,1782359830.7132936,0.0018498897552490234
116824,MVI_40871,837,0,1782359830.7154458,0.0021522045135498047
116825,MVI_40871,779,0,1782359830.7172747,0.001828908920288086
116826,MVI_40871,774,0,1782359830.7194488,0.0021741390228271484
116827,MVI_40871,520,0,1782359830.7212605,0.0018117427825927734
116828,MVI_40871,732,0,1782359830.7234545,0.002193927764892578
116829,MVI_40871,636,0,1782359830.7252986,0.001844167709350586
116830,MVI_40871,746,0,1782359830.7274532,0.0021545886993408203
116831,MVI_40871,410,0,1782359830.7292752,0.0018219947814941406
116832,MVI_40871,817,0,1782359830.7314713,0.002196073532104492
116833,MVI_40871,786,0,1782359830.7332757,0.001804351806640625
116834,MVI_40871,331,0,1782359830.7354689,0.0021932125091552734
116835,MVI_40871,593,0,1782359830.7373052,0.0018362998962402344
116836,MVI_40871,673,0,1782359830.7392673,0.0019621849060058594
116837,MVI_40871,648,0,1782359830.7412746,0.0020072460174560547
116838,MVI_40871,751,0,1782359830.7434955,0.0022208690643310547
116839,MVI_40871,375,0,1782359830.745278,0.0017824172973632812
116840,MVI_40871,453,0,1782359830.7474546,0.0021767616271972656
116841,MVI_40871,743,0,1782359830.74931,0.0018553733825683594
116842,MVI_40871,581,0,1782359830.751447,0.0021369457244873047
116843,MVI_40871,719,0,1782359830.7532742,0.001827239990234375
116844,MVI_40871,556,0,1782359830.7554953,0.0022211074829101562
116845,MVI_40871,239,0,1782359830.7572775,0.0017821788787841797
116846,MVI_40871,836,0,1782359830.7594502,0.002172708511352539
116847,MVI_40871,178,0,1782359830.761313,0.0018627643585205078
116848,MVI_40871,55,0,1782359830.7634406,0.0021276473999023438
116849,MVI_40871,749,0,1782359830.7652736,0.0018329620361328125
116850,MVI_40871,540,0,1782359830.7674854,0.0022118091583251953
116851,MVI_40871,390,0,1782359830.769304,0.0018186569213867188
116852,MVI_40871,110,0,1782359830.7714484,0.002144336700439453
116853,MVI_40871,698,0,1782359830.7733176,0.00186920166015625
116854,MVI_40871,505,0,1782359830.7754579,0.0021402835845947266
116855,MVI_40871,60,0,1782359830.7772791,0.001821279525756836
116856,MVI_40871,108,0,1782359830.7794914,0.0022122859954833984
116857,MVI_40871,95,0,1782359830.7813027,0.0018112659454345703
116858,MVI_40871,849,0,1782359830.7834854,0.0021827220916748047
116859,MVI_40871,31,0,1782359830.7853227,0.0018372535705566406
116860,MVI_40871,181,0,1782359830.7874622,0.002139568328857422
116861,MVI_40871,16,0,1782359830.7892797,0.001817464828491211
116862,MVI_40871,333,0,1782359830.7915015,0.002221822738647461
116863,MVI_40871,541,0,1782359830.7933042,0.001802682876586914
116864,MVI_40871,439,0,1782359830.7954545,0.002150297164916992
116865,MVI_40871,319,0,1782359830.7973282,0.0018737316131591797
116866,MVI_40871,726,0,1782359830.799456,0.0021276473999023438
116867,MVI_40871,260,0,1782359830.801278,0.0018222332000732422
116868,MVI_40871,603,0,1782359830.8035057,0.0022275447845458984
116869,MVI_40871,348,0,1782359830.8053036,0.0017979145050048828
116870,MVI_40871,222,0,1782359830.8074555,0.002151966094970703
116871,MVI_40871,655,0,1782359830.8093324,0.0018768310546875
116872,MVI_40871,173,0,1782359830.8114552,0.0021228790283203125
116873,MVI_40871,625,0,1782359830.8132806,0.0018253326416015625
116874,MVI_40871,506,0,1782359830.8155127,0.002232074737548828
116875,MVI_40871,317,0,1782359830.8172798,0.0017671585083007812
116876,MVI_40871,408,0,1782359830.8194618,0.0021820068359375
116877,MVI_40871,707,0,1782359830.8213391,0.0018773078918457031
116878,MVI_40871,316,0,1782359830.8232782,0.0019390583038330078
116879,MVI_40871,323,0,1782359830.8252869,0.002008676528930664
116880,MVI_40871,381,0,1782359830.8273418,0.002054929733276367
116881,MVI_40871,244,0,1782359830.8292797,0.0019378662109375
116882,MVI_40871,189,0,1782359830.8312767,0.0019969940185546875
116883,MVI_40871,57,0,1782359830.8333442,0.00206756591796875
116884,MVI_40871,230,0,1782359830.8352773,0.0019330978393554688
116885,MVI_40871,338,0,1782359830.837278,0.002000570297241211
116886,MVI_40871,365,0,1782359830.8393552,0.002077341079711914
116887,MVI_40871,752,0,1782359830.841268,0.001912832260131836
116888,MVI_40871,601,0,1782359830.843277,0.0020089149475097656
116889,MVI_40871,3,0,1782359830.8455367,0.0022597312927246094
116890,MVI_40871,704,0,1782359830.84728,0.001743316650390625
116891,MVI_40871,184,0,1782359830.8494499,0.0021698474884033203
116892,MVI_40871,254,0,1782359830.8513503,0.0019004344940185547
116893,MVI_40871,517,0,1782359830.853474,0.002123594284057617
116894,MVI_40871,59,0,1782359830.8552787,0.0018048286437988281
116895,MVI_40871,281,0,1782359830.8575268,0.002248048782348633
116896,MVI_40871,756,0,1782359830.8593051,0.0017783641815185547
116897,MVI_40871,164,0,1782359830.8614497,0.0021445751190185547
116898,MVI_40871,216,0,1782359830.8633544,0.0019047260284423828
116899,MVI_40871,201,0,1782359830.8654792,0.002124786376953125
116900,MVI_40871,818,0,1782359830.8672774,0.0017981529235839844
116901,MVI_40871,46,0,1782359830.8695326,0.0022552013397216797
116902,MVI_40871,343,0,1782359830.8712778,0.0017452239990234375
116903,MVI_40871,58,0,1782359830.8734822,0.002204418182373047
116904,MVI_40871,288,0,1782359830.8753629,0.001880645751953125
116905,MVI_40871,267,0,1782359830.8774593,0.002096414566040039
116906,MVI_40871,404,0,1782359830.8792796,0.0018203258514404297
116907,MVI_40871,804,0,1782359830.8815496,0.0022699832916259766
116908,MVI_40871,65,0,1782359830.8832896,0.0017399787902832031
116909,MVI_40871,667,0,1782359830.885455,0.0021653175354003906
116910,MVI_40871,350,0,1782359830.8873668,0.0019118785858154297
116911,MVI_40871,508,0,1782359830.889466,0.002099275588989258
116912,MVI_40871,206,0,1782359830.891284,0.001817941665649414
116913,MVI_40871,328,0,1782359830.8935585,0.0022745132446289062
116914,MVI_40871,458,0,1782359830.8952844,0.001725912094116211
116915,MVI_40871,89,0,1782359830.8974578,0.0021734237670898438
116916,MVI_40871,470,0,1782359830.8993707,0.001912832260131836
116917,MVI_40871,425,0,1782359830.9014678,0.0020971298217773438
116918,MVI_40871,35,0,1782359830.9033191,0.0018513202667236328
116919,MVI_40871,30,0,1782359830.9055555,0.0022363662719726562
116920,MVI_40871,487,0,1782359830.9072876,0.0017321109771728516
116921,MVI_40871,389,0,1782359830.9094584,0.0021708011627197266
116922,MVI_40871,318,0,1782359830.9113765,0.0019180774688720703
116923,MVI_40871,748,0,1782359830.9134667,0.0020902156829833984
116924,MVI_40871,583,0,1782359830.9153104,0.0018436908721923828
116925,MVI_40871,356,0,1782359830.9175549,0.0022444725036621094
116926,MVI_40871,555,0,1782359830.9192846,0.001729726791381836
116927,MVI_40871,708,0,1782359830.9214585,0.002173900604248047
116928,MVI_40871,9,0,1782359830.9233825,0.0019240379333496094
116929,MVI_40871,637,0,1782359830.925465,0.0020825862884521484
116930,MVI_40871,819,0,1782359830.927282,0.0018169879913330078
116931,MVI_40871,368,0,1782359830.9295628,0.002280712127685547
116932,MVI_40871,252,0,1782359830.9312859,0.0017230510711669922
116933,MVI_40871,828,0,1782359830.9334607,0.002174854278564453
116934,MVI_40871,840,0,1782359830.9353871,0.001926422119140625
116935,MVI_40871,124,0,1782359830.937464,0.002076864242553711
116936,MVI_40871,364,0,1782359830.939311,0.0018470287322998047
116937,MVI_40871,39,0,1782359830.9415631,0.0022521018981933594
116938,MVI_40871,207,0,1782359830.943285,0.0017218589782714844
116939,MVI_40871,722,0,1782359830.9455216,0.002236604690551758
116940,MVI_40871,656,0,1782359830.9473898,0.0018682479858398438
116941,MVI_40871,161,0,1782359830.9494581,0.0020682811737060547
116942,MVI_40871,306,0,1782359830.9513078,0.0018496513366699219
116943,MVI_40871,153,0,1782359830.9535637,0.0022559165954589844
116944,MVI_40871,509,0,1782359830.955306,0.0017423629760742188
116945,MVI_40871,192,0,1782359830.9574544,0.0021483898162841797
116946,MVI_40871,334,0,1782359830.9593954,0.0019409656524658203
116947,MVI_40871,738,0,1782359830.9614613,0.002065896987915039
116948,MVI_40871,151,0,1782359830.9633121,0.0018508434295654297
116949,MVI_40871,88,0,1782359830.965572,0.002259969711303711
116950,MVI_40871,186,0,1782359830.9672835,0.0017113685607910156
116951,MVI_40871,608,0,1782359830.9694576,0.0021741390228271484
116952,MVI_40871,393,0,1782359830.9714,0.0019423961639404297
116953,MVI_40871,518,0,1782359830.973459,0.0020589828491210938
116954,MVI_40871,539,0,1782359830.9753122,0.0018532276153564453
116955,MVI_40871,792,0,1782359830.9775138,0.002201557159423828
116956,MVI_40871,396,0,1782359830.9792855,0.001771688461303711
116957,MVI_40871,497,0,1782359830.9814649,0.002179384231567383
116958,MVI_40871,729,0,1782359830.9834027,0.0019378662109375
116959,MVI_40871,212,0,1782359830.985455,0.00205230712890625
116960,MVI_40871,842,0,1782359830.9873323,0.0018773078918457031
116961,MVI_40871,198,0,1782359830.9895701,0.0022377967834472656
116962,MVI_40871,330,0,1782359830.991291,0.0017209053039550781
116963,MVI_40871,374,0,1782359830.9934602,0.0021691322326660156
116964,MVI_40871,736,0,1782359830.995295,0.001834869384765625
116965,MVI_40871,226,0,1782359830.997292,0.0019969940185546875
116966,MVI_40871,194,0,1782359830.9994686,0.002176523208618164
116967,MVI_40871,784,0,1782359831.0013063,0.0018377304077148438
116968,MVI_40871,477,0,1782359831.0034854,0.0021791458129882812
116969,MVI_40871,362,0,1782359831.0052884,0.0018029212951660156
116970,MVI_40871,253,0,1782359831.0074937,0.002205371856689453
116971,MVI_40871,398,0,1782359831.0092876,0.0017938613891601562
116972,MVI_40871,392,0,1782359831.0114949,0.0022072792053222656
116973,MVI_40871,447,0,1782359831.013323,0.0018281936645507812
116974,MVI_40871,801,0,1782359831.0154684,0.0021452903747558594
116975,MVI_40871,764,0,1782359831.0172875,0.0018191337585449219
116976,MVI_40871,643,0,1782359831.0193238,0.0020363330841064453
116977,MVI_40871,197,0,1782359831.0212867,0.001962900161743164
116978,MVI_40871,162,0,1782359831.023499,0.0022122859954833984
116979,MVI_40871,96,0,1782359831.0253274,0.0018284320831298828
116980,MVI_40871,148,0,1782359831.0274577,0.002130270004272461
116981,MVI_40871,762,0,1782359831.029287,0.001829385757446289
116982,MVI_40871,426,0,1782359831.0315068,0.002219676971435547
116983,MVI_40871,142,0,1782359831.0332878,0.0017809867858886719
116984,MVI_40871,47,0,1782359831.0354865,0.0021986961364746094
116985,MVI_40871,462,0,1782359831.0373325,0.0018460750579833984
116986,MVI_40871,715,0,1782359831.039499,0.0021665096282958984
116987,MVI_40871,694,0,1782359831.041286,0.001786947250366211
116988,MVI_40871,542,0,1782359831.0435092,0.0022232532501220703
116989,MVI_40871,788,0,1782359831.0452871,0.0017778873443603516
116990,MVI_40871,444,0,1782359831.0474706,0.0021834373474121094
116991,MVI_40871,341,0,1782359831.0493376,0.001867055892944336
116992,MVI_40871,692,0,1782359831.0514762,0.0021386146545410156
116993,MVI_40871,833,0,1782359831.0533755,0.0018992424011230469
116994,MVI_40871,472,0,1782359831.0553472,0.001971721649169922
116995,MVI_40871,117,0,1782359831.0572412,0.0018939971923828125
116996,MVI_40871,386,0,1782359831.059276,0.002034902572631836
116997,MVI_40871,660,0,1782359831.061343,0.0020668506622314453
116998,MVI_40871,85,0,1782359831.0632153,0.0018723011016845703
116999,MVI_40871,140,0,1782359831.065231,0.002015829086303711
117000,MVI_40871,349,0,1782359831.0672562,0.002025127410888672
117001,MVI_40871,20,0,1782359831.069231,0.001974821090698242
117002,MVI_40871,238,0,1782359831.071232,0.002001047134399414
117003,MVI_40871,94,0,1782359831.073261,0.002028942108154297
117004,MVI_40871,490,0,1782359831.0752282,0.001967191696166992
117005,MVI_40871,514,0,1782359831.0772328,0.0020046234130859375
117006,MVI_40871,727,0,1782359831.079339,0.002106189727783203
117007,MVI_40871,205,0,1782359831.0812278,0.0018887519836425781
117008,MVI_40871,158,0,1782359831.0832794,0.0020515918731689453
117009,MVI_40871,229,0,1782359831.085484,0.0022046566009521484
117010,MVI_40871,724,0,1782359831.0872276,0.0017435550689697266
117011,MVI_40871,291,0,1782359831.0892339,0.0020062923431396484
117012,MVI_40871,624,0,1782359831.0913336,0.002099752426147461
117013,MVI_40871,168,0,1782359831.093242,0.0019083023071289062
117014,MVI_40871,327,0,1782359831.0952785,0.002036571502685547
117015,MVI_40871,610,0,1782359831.0974689,0.0021903514862060547
117016,MVI_40871,567,0,1782359831.099235,0.001766204833984375
117017,MVI_40871,69,0,1782359831.1012795,0.0020444393157958984
117018,MVI_40871,373,0,1782359831.103567,0.0022873878479003906
117019,MVI_40871,440,0,1782359831.1052282,0.0016613006591796875
117020,MVI_40871,86,0,1782359831.1072366,0.0020084381103515625
117021,MVI_40871,769,0,1782359831.109337,0.0021004676818847656
117022,MVI_40871,265,0,1782359831.1112285,0.0018913745880126953
117023,MVI_40871,588,0,1782359831.1132782,0.002049684524536133
117024,MVI_40871,500,0,1782359831.1156394,0.002361297607421875
117025,MVI_40871,50,0,1782359831.1174634,0.0018239021301269531
117026,MVI_40871,361,0,1782359831.1192834,0.0018200874328613281
117027,MVI_40871,713,0,1782359831.1215537,0.002270221710205078
117028,MVI_40871,174,0,1782359831.1232774,0.0017237663269042969
117029,MVI_40871,170,0,1782359831.1254647,0.0021872520446777344
117030,MVI_40871,821,0,1782359831.1273685,0.0019037723541259766
117031,MVI_40871,167,0,1782359831.1292772,0.0019087791442871094
117032,MVI_40871,380,0,1782359831.1314652,0.002187967300415039
117033,MVI_40871,768,0,1782359831.1333706,0.0019054412841796875
117034,MVI_40871,710,0,1782359831.1355789,0.002208232879638672
117035,MVI_40871,152,0,1782359831.137461,0.0018820762634277344
117036,MVI_40871,90,0,1782359831.1392899,0.001828908920288086
117037,MVI_40871,697,0,1782359831.141459,0.0021691322326660156
117038,MVI_40871,240,0,1782359831.1432788,0.0018198490142822266
117039,MVI_40871,121,0,1782359831.1454568,0.0021779537200927734
117040,MVI_40871,809,0,1782359831.1472785,0.001821756362915039
117041,MVI_40871,803,0,1782359831.14946,0.002181529998779297
117042,MVI_40871,550,0,1782359831.1512816,0.0018215179443359375
117043,MVI_40871,806,0,1782359831.1534598,0.002178192138671875
117044,MVI_40871,689,0,1782359831.1552758,0.0018160343170166016
117045,MVI_40871,491,0,1782359831.1574628,0.002187013626098633
117046,MVI_40871,584,0,1782359831.1592762,0.0018134117126464844
117047,MVI_40871,225,0,1782359831.1614583,0.0021820068359375
117048,MVI_40871,176,0,1782359831.1632845,0.0018262863159179688
117049,MVI_40871,41,0,1782359831.1654527,0.0021681785583496094
117050,MVI_40871,772,0,1782359831.167279,0.0018262863159179688
117051,MVI_40871,687,0,1782359831.1694589,0.002179861068725586
117052,MVI_40871,620,0,1782359831.1712778,0.0018188953399658203
117053,MVI_40871,481,0,1782359831.1734397,0.0021619796752929688
117054,MVI_40871,200,0,1782359831.1753314,0.0018916130065917969
117055,MVI_40871,677,0,1782359831.1772466,0.0019152164459228516
117056,MVI_40871,651,0,1782359831.1792428,0.001996278762817383
117057,MVI_40871,437,0,1782359831.1812968,0.002053976058959961
117058,MVI_40871,553,0,1782359831.1832404,0.0019435882568359375
117059,MVI_40871,496,0,1782359831.1852403,0.0019998550415039062
117060,MVI_40871,443,0,1782359831.1873116,0.002071380615234375
117061,MVI_40871,844,0,1782359831.189242,0.00193023681640625
117062,MVI_40871,14,0,1782359831.1912417,0.0019998550415039062
117063,MVI_40871,532,0,1782359831.1932914,0.002049684524536133
117064,MVI_40871,357,0,1782359831.1952412,0.0019497871398925781
117065,MVI_40871,737,0,1782359831.1972408,0.0019996166229248047
117066,MVI_40871,241,0,1782359831.1993072,0.002066373825073242
117067,MVI_40871,843,0,1782359831.2012782,0.001971006393432617
117068,MVI_40871,5,0,1782359831.2032864,0.002008199691772461
117069,MVI_40871,400,0,1782359831.2052665,0.0019800662994384766
117070,MVI_40871,681,0,1782359831.2072673,0.0020008087158203125
117071,MVI_40871,516,0,1782359831.2092707,0.0020034313201904297
117072,MVI_40871,211,0,1782359831.2113075,0.0020368099212646484
117073,MVI_40871,459,0,1782359831.2132664,0.0019588470458984375
117074,MVI_40871,680,0,1782359831.2152712,0.002004861831665039
117075,MVI_40871,612,0,1782359831.2172935,0.002022266387939453
117076,MVI_40871,847,0,1782359831.2192671,0.0019736289978027344
117077,MVI_40871,61,0,1782359831.221262,0.0019948482513427734
117078,MVI_40871,795,0,1782359831.223306,0.0020439624786376953
117079,MVI_40871,559,0,1782359831.2252393,0.0019333362579345703
117080,MVI_40871,325,0,1782359831.2272396,0.0020003318786621094
117081,MVI_40871,353,0,1782359831.229308,0.0020682811737060547
117082,MVI_40871,406,0,1782359831.2312407,0.0019328594207763672
117083,MVI_40871,92,0,1782359831.2332418,0.002001047134399414
117084,MVI_40871,106,0,1782359831.235261,0.002019166946411133
117085,MVI_40871,498,0,1782359831.2372699,0.0020089149475097656
117086,MVI_40871,755,0,1782359831.239298,0.002028226852416992
117087,MVI_40871,7,0,1782359831.24182,0.002521991729736328
117088,MVI_40871,814,0,1782359831.2432594,0.0014393329620361328
117089,MVI_40871,647,0,1782359831.2452657,0.0020062923431396484
117090,MVI_40871,358,0,1782359831.247257,0.00199127197265625
117091,MVI_40871,452,0,1782359831.2492564,0.001999378204345703
117092,MVI_40871,128,0,1782359831.2512572,0.0020008087158203125
117093,MVI_40871,700,0,1782359831.2532785,0.002021312713623047
117094,MVI_40871,177,0,1782359831.2552657,0.0019872188568115234
117095,MVI_40871,11,0,1782359831.2572663,0.002000570297241211
117096,MVI_40871,208,0,1782359831.2592647,0.001998424530029297
117097,MVI_40871,183,0,1782359831.2612638,0.0019991397857666016
117098,MVI_40871,562,0,1782359831.2632635,0.0019996166229248047
117099,MVI_40871,662,0,1782359831.2652657,0.002002239227294922
117100,MVI_40871,103,0,1782359831.2672653,0.0019996166229248047
117101,MVI_40871,91,0,1782359831.2692647,0.001999378204345703
117102,MVI_40871,312,0,1782359831.2712648,0.002000093460083008
117103,MVI_40871,530,0,1782359831.2732546,0.0019898414611816406
117104,MVI_40871,661,0,1782359831.275251,0.001996278762817383
117105,MVI_40871,12,0,1782359831.277254,0.002003192901611328
117106,MVI_40871,575,0,1782359831.279251,0.0019969940185546875
117107,MVI_40871,773,0,1782359831.2812448,0.0019936561584472656
117108,MVI_40871,563,0,1782359831.2832623,0.002017498016357422
117109,MVI_40871,187,0,1782359831.2852206,0.0019583702087402344
117110,MVI_40871,310,0,1782359831.2872148,0.0019941329956054688
117111,MVI_40871,15,0,1782359831.2892663,0.0020515918731689453
117112,MVI_40871,337,0,1782359831.2912114,0.0019450187683105469
117113,MVI_40871,82,0,1782359831.2932208,0.0020093917846679688
117114,MVI_40871,280,0,1782359831.2952566,0.002035856246948242
117115,MVI_40871,150,0,1782359831.2972462,0.001989603042602539
117116,MVI_40871,454,0,1782359831.299217,0.0019707679748535156
117117,MVI_40871,417,0,1782359831.3012626,0.0020456314086914062
117118,MVI_40871,391,0,1782359831.3032079,0.0019452571868896484
117119,MVI_40871,783,0,1782359831.3052137,0.0020058155059814453
117120,MVI_40871,101,0,1782359831.3072612,0.0020475387573242188
117121,MVI_40871,427,0,1782359831.3092086,0.0019474029541015625
117122,MVI_40871,290,0,1782359831.3112137,0.0020051002502441406
117123,MVI_40871,166,0,1782359831.3132606,0.002046823501586914
117124,MVI_40871,486,0,1782359831.315211,0.0019505023956298828
117125,MVI_40871,182,0,1782359831.317209,0.0019979476928710938
117126,MVI_40871,420,0,1782359831.319249,0.0020399093627929688
117127,MVI_40871,336,0,1782359831.3212225,0.0019736289978027344
117128,MVI_40871,237,0,1782359831.3232393,0.002016782760620117
117129,MVI_40871,554,0,1782359831.3252645,0.002025127410888672
117130,MVI_40871,100,0,1782359831.3272114,0.0019469261169433594
117131,MVI_40871,332,0,1782359831.3292186,0.0020072460174560547
117132,MVI_40871,322,0,1782359831.33126,0.002041339874267578
117133,MVI_40871,460,0,1782359831.3332083,0.0019483566284179688
117134,MVI_40871,284,0,1782359831.335208,0.0019996166229248047
117135,MVI_40871,485,0,1782359831.3372574,0.0020494461059570312
117136,MVI_40871,172,0,1782359831.339207,0.0019495487213134766
117137,MVI_40871,683,0,1782359831.3412101,0.002003192901611328
117138,MVI_40871,754,0,1782359831.3432505,0.002040386199951172
117139,MVI_40871,138,0,1782359831.3452096,0.001959085464477539
117140,MVI_40871,403,0,1782359831.3472066,0.0019969940185546875
117141,MVI_40871,388,0,1782359831.3492606,0.002053976058959961
117142,MVI_40871,45,0,1782359831.3513327,0.0020720958709716797
117143,MVI_40871,627,0,1782359831.3532948,0.0019621849060058594
117144,MVI_40871,682,0,1782359831.3554313,0.0021364688873291016
117145,MVI_40871,135,0,1782359831.357229,0.0017976760864257812
117146,MVI_40871,433,0,1782359831.3592577,0.0020287036895751953
117147,MVI_40871,654,0,1782359831.3613036,0.002045869827270508
117148,MVI_40871,628,0,1782359831.3634467,0.0021431446075439453
117149,MVI_40871,248,0,1782359831.3652997,0.0018529891967773438
117150,MVI_40871,213,0,1782359831.3675556,0.0022559165954589844
117151,MVI_40871,185,0,1782359831.3692532,0.001697540283203125
117152,MVI_40871,273,0,1782359831.3714502,0.0021970272064208984
117153,MVI_40871,574,0,1782359831.3733008,0.0018506050109863281
117154,MVI_40871,48,0,1782359831.3754392,0.002138376235961914
117155,MVI_40871,75,0,1782359831.3772771,0.0018379688262939453
117156,MVI_40871,195,0,1782359831.379443,0.0021657943725585938
117157,MVI_40871,730,0,1782359831.3812706,0.0018277168273925781
117158,MVI_40871,463,0,1782359831.3834407,0.002170085906982422
117159,MVI_40871,639,0,1782359831.3852673,0.0018265247344970703
117160,MVI_40871,305,0,1782359831.3874457,0.0021784305572509766
117161,MVI_40871,243,0,1782359831.3892574,0.0018117427825927734
117162,MVI_40871,757,0,1782359831.3914552,0.002197742462158203
117163,MVI_40871,537,0,1782359831.393276,0.0018208026885986328
117164,MVI_40871,597,0,1782359831.3954446,0.0021686553955078125
117165,MVI_40871,442,0,1782359831.397267,0.0018224716186523438
117166,MVI_40871,618,0,1782359831.3994453,0.002178192138671875
117167,MVI_40871,529,0,1782359831.4012675,0.0018222332000732422
117168,MVI_40871,492,0,1782359831.4034693,0.0022017955780029297
117169,MVI_40871,326,0,1782359831.405259,0.0017895698547363281
117170,MVI_40871,777,0,1782359831.407454,0.002195119857788086
117171,MVI_40871,616,0,1782359831.4092882,0.0018341541290283203
117172,MVI_40871,70,0,1782359831.411451,0.002162933349609375
117173,MVI_40871,649,0,1782359831.413269,0.001817941665649414
117174,MVI_40871,19,0,1782359831.415464,0.0021948814392089844
117175,MVI_40871,407,0,1782359831.4172676,0.0018036365509033203
117176,MVI_40871,165,0,1782359831.419441,0.0021734237670898438
117177,MVI_40871,653,0,1782359831.4212685,0.0018274784088134766
117178,MVI_40871,0,0,1782359831.4232666,0.0019981861114501953
117179,MVI_40871,418,0,1782359831.4252687,0.0020020008087158203
117180,MVI_40871,782,0,1782359831.4274836,0.0022149085998535156
117181,MVI_40871,599,0,1782359831.429269,0.0017855167388916016
117182,MVI_40871,798,0,1782359831.4314392,0.002170085906982422
117183,MVI_40871,507,0,1782359831.433268,0.001828908920288086
117184,MVI_40871,68,0,1782359831.4354486,0.0021805763244628906
117185,MVI_40871,311,0,1782359831.437266,0.001817464828491211
117186,MVI_40871,691,0,1782359831.4394712,0.0022051334381103516
117187,MVI_40871,118,0,1782359831.4412677,0.0017964839935302734
117188,MVI_40871,535,0,1782359831.4434466,0.0021789073944091797
117189,MVI_40871,255,0,1782359831.4452677,0.0018210411071777344
117190,MVI_40871,298,0,1782359831.4472508,0.001983165740966797
117191,MVI_40871,519,0,1782359831.4492748,0.002023935317993164
117192,MVI_40871,249,0,1782359831.4514604,0.0021855831146240234
117193,MVI_40871,40,0,1782359831.453305,0.001844644546508789
117194,MVI_40871,156,0,1782359831.455272,0.0019669532775878906
117195,MVI_40871,136,0,1782359831.457493,0.0022211074829101562
117196,MVI_40871,718,0,1782359831.4592686,0.001775503158569336
117197,MVI_40871,379,0,1782359831.4612684,0.0019998550415039062
117198,MVI_40871,303,0,1782359831.4634988,0.002230405807495117
117199,MVI_40871,289,0,1782359831.4652681,0.0017693042755126953
117200,MVI_40871,546,0,1782359831.4672694,0.0020012855529785156
117201,MVI_40871,4,0,1782359831.4693465,0.0020771026611328125
117202,MVI_40871,204,0,1782359831.471216,0.0018694400787353516
117203,MVI_40871,838,0,1782359831.4732141,0.0019981861114501953
117204,MVI_40871,233,0,1782359831.4752674,0.0020532608032226562
117205,MVI_40871,566,0,1782359831.4773297,0.0020623207092285156
117206,MVI_40871,582,0,1782359831.4792144,0.0018846988677978516
117207,MVI_40871,711,0,1782359831.4812462,0.0020318031311035156
117208,MVI_40871,286,0,1782359831.4832122,0.0019659996032714844
117209,MVI_40871,557,0,1782359831.4852123,0.002000093460083008
117210,MVI_40871,299,0,1782359831.487263,0.002050638198852539
117211,MVI_40871,2,0,1782359831.4892256,0.0019626617431640625
117212,MVI_40871,227,0,1782359831.4912155,0.0019898414611816406
117213,MVI_40871,834,0,1782359831.4932847,0.002069234848022461
117214,MVI_40871,345,0,1782359831.495212,0.0019273757934570312
117215,MVI_40871,416,0,1782359831.4972217,0.0020096302032470703
117216,MVI_40871,787,0,1782359831.4992647,0.002043008804321289
117217,MVI_40871,573,0,1782359831.5012188,0.0019540786743164062
117218,MVI_40871,678,0,1782359831.5032144,0.001995563507080078
117219,MVI_40871,827,0,1782359831.5052564,0.002042055130004883
117220,MVI_40871,449,0,1782359831.5072293,0.0019729137420654297
117221,MVI_40871,850,0,1782359831.509216,0.0019867420196533203
117222,MVI_40871,180,0,1782359831.5112634,0.002047300338745117
117223,MVI_40871,143,0,1782359831.513214,0.0019507408142089844
117224,MVI_40871,716,0,1782359831.5152464,0.0020322799682617188
117225,MVI_40871,257,0,1782359831.5173602,0.002113819122314453
117226,MVI_40871,739,0,1782359831.5192358,0.0018756389617919922
117227,MVI_40871,723,0,1782359831.5213077,0.002071857452392578
117228,MVI_40871,412,0,1782359831.5232427,0.0019350051879882812
117229,MVI_40871,666,0,1782359831.525204,0.001961231231689453
117230,MVI_40871,133,0,1782359831.5272312,0.002027273178100586
117231,MVI_40871,468,0,1782359831.5292907,0.002059459686279297
117232,MVI_40871,71,0,1782359831.531481,0.0021903514862060547
117233,MVI_40871,674,0,1782359831.5332723,0.001791238784790039
117234,MVI_40871,52,0,1782359831.5354748,0.0022025108337402344
117235,MVI_40871,794,0,1782359831.5372717,0.0017969608306884766
117236,MVI_40871,512,0,1782359831.539277,0.002005338668823242
117237,MVI_40871,767,0,1782359831.5415554,0.0022783279418945312
117238,MVI_40871,137,0,1782359831.5432694,0.0017139911651611328
117239,MVI_40871,568,0,1782359831.5452716,0.002002239227294922
117240,MVI_40871,33,0,1782359831.54749,0.0022182464599609375
117241,MVI_40871,419,0,1782359831.5492702,0.0017802715301513672
117242,MVI_40871,560,0,1782359831.5514488,0.002178668975830078
117243,MVI_40871,215,0,1782359831.5532737,0.0018248558044433594
117244,MVI_40871,264,0,1782359831.5552735,0.0019998550415039062
117245,MVI_40871,22,0,1782359831.5572805,0.002007007598876953
117246,MVI_40871,414,0,1782359831.559469,0.002188444137573242
117247,MVI_40871,119,0,1782359831.561272,0.0018029212951660156
117248,MVI_40871,188,0,1782359831.5632825,0.0020105838775634766
117249,MVI_40871,578,0,1782359831.5653615,0.002079010009765625
117250,MVI_40871,282,0,1782359831.5672169,0.0018553733825683594
117251,MVI_40871,571,0,1782359831.5692163,0.001999378204345703
117252,MVI_40871,846,0,1782359831.5712602,0.0020439624786376953
117253,MVI_40871,448,0,1782359831.5732274,0.001967191696166992
117254,MVI_40871,296,0,1782359831.5752184,0.0019910335540771484
117255,MVI_40871,811,0,1782359831.577264,0.0020456314086914062
117256,MVI_40871,359,0,1782359831.5792153,0.0019512176513671875
117257,MVI_40871,51,0,1782359831.581216,0.0020008087158203125
117258,MVI_40871,83,0,1782359831.5832818,0.0020656585693359375
117259,MVI_40871,484,0,1782359831.5852172,0.0019354820251464844
117260,MVI_40871,314,0,1782359831.587215,0.001997709274291992
117261,MVI_40871,744,0,1782359831.5893092,0.002094268798828125
117262,MVI_40871,619,0,1782359831.5912263,0.001917123794555664
117263,MVI_40871,587,0,1782359831.5932148,0.0019884109497070312
117264,MVI_40871,613,0,1782359831.59526,0.002045154571533203
117265,MVI_40871,789,0,1782359831.5972111,0.0019512176513671875
117266,MVI_40871,13,0,1782359831.599245,0.0020339488983154297
117267,MVI_40871,6,0,1782359831.6012647,0.002019643783569336
117268,MVI_40871,717,0,1782359831.60322,0.001955270767211914
117269,MVI_40871,36,0,1782359831.6052165,0.0019965171813964844
117270,MVI_40871,471,0,1782359831.6072745,0.0020580291748046875
117271,MVI_40871,78,0,1782359831.6092122,0.0019376277923583984
117272,MVI_40871,62,0,1782359831.6112444,0.0020322799682617188
117273,MVI_40871,258,0,1782359831.6132572,0.0020127296447753906
117274,MVI_40871,634,0,1782359831.6152124,0.001955270767211914
117275,MVI_40871,430,0,1782359831.6172135,0.002001047134399414
117276,MVI_40871,401,0,1782359831.6192646,0.002051115036010742
117277,MVI_40871,693,0,1782359831.6212409,0.0019762516021728516
117278,MVI_40871,293,0,1782359831.6232326,0.001991748809814453
117279,MVI_40871,193,0,1782359831.625253,0.0020203590393066406
117280,MVI_40871,565,0,1782359831.6272337,0.0019807815551757812
117281,MVI_40871,24,0,1782359831.6292331,0.001999378204345703
117282,MVI_40871,623,0,1782359831.6312423,0.002009153366088867
117283,MVI_40871,747,0,1782359831.6332412,0.0019989013671875
117284,MVI_40871,169,0,1782359831.6352158,0.0019745826721191406
117285,MVI_40871,826,0,1782359831.637242,0.0020263195037841797
117286,MVI_40871,269,0,1782359831.63921,0.001967906951904297
117287,MVI_40871,770,0,1782359831.641212,0.0020020008087158203
117288,MVI_40871,17,0,1782359831.6432416,0.0020296573638916016
117289,MVI_40871,242,0,1782359831.6452122,0.001970529556274414
117290,MVI_40871,371,0,1782359831.6472113,0.0019991397857666016
117291,MVI_40871,596,0,1782359831.6492429,0.002031564712524414
117292,MVI_40871,685,0,1782359831.6512084,0.0019655227661132812
117293,MVI_40871,28,0,1782359831.6532402,0.0020318031311035156
117294,MVI_40871,409,0,1782359831.6552353,0.001995086669921875
117295,MVI_40871,385,0,1782359831.6572237,0.0019884109497070312
117296,MVI_40871,256,0,1782359831.659237,0.0020132064819335938
117297,MVI_40871,29,0,1782359831.661246,0.002009153366088867
117298,MVI_40871,134,0,1782359831.6632123,0.001966238021850586
117299,MVI_40871,483,0,1782359831.665211,0.0019986629486083984
117300,MVI_40871,283,0,1782359831.6672425,0.002031564712524414
117301,MVI_40871,592,0,1782359831.6692114,0.001968860626220703
117302,MVI_40871,780,0,1782359831.6712418,0.0020303726196289062
117303,MVI_40871,807,0,1782359831.6732314,0.001989603042602539
117304,MVI_40871,778,0,1782359831.6752105,0.0019791126251220703
117305,MVI_40871,263,0,1782359831.6772113,0.0020008087158203125
117306,MVI_40871,234,0,1782359831.6792445,0.002033233642578125
117307,MVI_40871,536,0,1782359831.6812117,0.001967191696166992
117308,MVI_40871,644,0,1782359831.6832526,0.002040863037109375
117309,MVI_40871,43,0,1782359831.6852558,0.002003192901611328
117310,MVI_40871,579,0,1782359831.6872346,0.0019788742065429688
117311,MVI_40871,113,0,1782359831.6892188,0.001984119415283203
117312,MVI_40871,499,0,1782359831.69123,0.0020112991333007812
117313,MVI_40871,53,0,1782359831.6932292,0.0019991397857666016
117314,MVI_40871,428,0,1782359831.6952353,0.002006053924560547
117315,MVI_40871,785,0,1782359831.6972651,0.002029895782470703
117316,MVI_40871,802,0,1782359831.6992266,0.0019614696502685547
117317,MVI_40871,141,0,1782359831.7012362,0.0020096302032470703
117318,MVI_40871,435,0,1782359831.7032418,0.0020055770874023438
117319,MVI_40871,54,0,1782359831.705212,0.0019702911376953125
117320,MVI_40871,354,0,1782359831.7072108,0.0019986629486083984
117321,MVI_40871,476,0,1782359831.7092535,0.0020427703857421875
117322,MVI_40871,461,0,1782359831.711234,0.0019805431365966797
117323,MVI_40871,372,0,1782359831.7132175,0.0019834041595458984
117324,MVI_40871,431,0,1782359831.7152622,0.002044677734375
117325,MVI_40871,245,0,1782359831.7172122,0.0019500255584716797
117326,MVI_40871,721,0,1782359831.7192116,0.001999378204345703
117327,MVI_40871,626,0,1782359831.7212949,0.002083301544189453
117328,MVI_40871,815,0,1782359831.723421,0.0021262168884277344
117329,MVI_40871,657,0,1782359831.725268,0.0018467903137207031
117330,MVI_40871,308,0,1782359831.727435,0.002167224884033203
117331,MVI_40871,346,0,1782359831.7292533,0.0018181800842285156
117332,MVI_40871,217,0,1782359831.7312288,0.001975536346435547
117333,MVI_40871,805,0,1782359831.733241,0.0020122528076171875
117334,MVI_40871,147,0,1782359831.7352471,0.002006053924560547
117335,MVI_40871,670,0,1782359831.737233,0.001985788345336914
117336,MVI_40871,102,0,1782359831.7392778,0.0020449161529541016
117337,MVI_40871,125,0,1782359831.741201,0.0019230842590332031
117338,MVI_40871,511,0,1782359831.7432783,0.002077341079711914
117339,MVI_40871,250,0,1782359831.7452574,0.0019791126251220703
117340,MVI_40871,37,0,1782359831.747246,0.001988649368286133
117341,MVI_40871,218,0,1782359831.749218,0.0019719600677490234
117342,MVI_40871,320,0,1782359831.751248,0.002029895782470703
117343,MVI_40871,145,0,1782359831.7532437,0.0019958019256591797
117344,MVI_40871,329,0,1782359831.7552214,0.001977682113647461
117345,MVI_40871,617,0,1782359831.757233,0.002011537551879883
117346,MVI_40871,577,0,1782359831.759261,0.0020279884338378906
117347,MVI_40871,144,0,1782359831.7612307,0.0019698143005371094
117348,MVI_40871,640,0,1782359831.763241,0.002010345458984375
117349,MVI_40871,411,0,1782359831.7652469,0.0020058155059814453
117350,MVI_40871,352,0,1782359831.7672215,0.0019745826721191406
117351,MVI_40871,479,0,1782359831.769237,0.0020155906677246094
117352,MVI_40871,495,0,1782359831.771245,0.0020079612731933594
117353,MVI_40871,116,0,1782359831.7732236,0.001978635787963867
117354,MVI_40871,709,0,1782359831.775274,0.0020503997802734375
117355,MVI_40871,473,0,1782359831.777199,0.0019249916076660156
117356,MVI_40871,835,0,1782359831.7792807,0.002081632614135742
117357,MVI_40871,84,0,1782359831.7812397,0.001959085464477539
117358,MVI_40871,363,0,1782359831.7832465,0.0020067691802978516
117359,MVI_40871,825,0,1782359831.7852213,0.001974821090698242
117360,MVI_40871,23,0,1782359831.7872438,0.0020225048065185547
117361,MVI_40871,159,0,1782359831.7892475,0.0020036697387695312
117362,MVI_40871,8,0,1782359831.7912235,0.00197601318359375
117363,MVI_40871,10,0,1782359831.7932403,0.002016782760620117
117364,MVI_40871,360,0,1782359831.7952528,0.002012491226196289
117365,MVI_40871,27,0,1782359831.7972207,0.001967906951904297
117366,MVI_40871,753,0,1782359831.7994382,0.002217531204223633
117367,MVI_40871,87,0,1782359831.8012676,0.001829385757446289
117368,MVI_40871,139,0,1782359831.8032117,0.0019440650939941406
117369,MVI_40871,287,0,1782359831.8052893,0.0020775794982910156
117370,MVI_40871,595,0,1782359831.8072054,0.0019161701202392578
117371,MVI_40871,300,0,1782359831.8092167,0.0020112991333007812
117372,MVI_40871,745,0,1782359831.8112452,0.0020284652709960938
117373,MVI_40871,611,0,1782359831.8132143,0.0019690990447998047
117374,MVI_40871,274,0,1782359831.815212,0.001997709274291992
117375,MVI_40871,820,0,1782359831.8172398,0.002027750015258789
117376,MVI_40871,122,0,1782359831.8192177,0.0019779205322265625
117377,MVI_40871,561,0,1782359831.8212686,0.0020508766174316406
117378,MVI_40871,522,0,1782359831.823322,0.002053499221801758
117379,MVI_40871,551,0,1782359831.8252773,0.001955270767211914
117380,MVI_40871,642,0,1782359831.827267,0.001989603042602539
117381,MVI_40871,56,0,1782359831.8292935,0.0020265579223632812
117382,MVI_40871,576,0,1782359831.8314023,0.0021088123321533203
117383,MVI_40871,127,0,1782359831.8332677,0.001865386962890625
117384,MVI_40871,339,0,1782359831.8354304,0.0021626949310302734
117385,MVI_40871,521,0,1782359831.8372688,0.0018384456634521484
117386,MVI_40871,702,0,1782359831.8392725,0.0020036697387695312
117387,MVI_40871,278,0,1782359831.841294,0.0020215511322021484
117388,MVI_40871,829,0,1782359831.8434334,0.0021393299102783203
117389,MVI_40871,810,0,1782359831.8452754,0.0018420219421386719
117390,MVI_40871,114,0,1782359831.8473184,0.002043008804321289
117391,MVI_40871,285,0,1782359831.8492033,0.0018849372863769531
117392,MVI_40871,638,0,1782359831.851255,0.0020515918731689453
117393,MVI_40871,66,0,1782359831.8532403,0.001985311508178711
117394,MVI_40871,214,0,1782359831.8552542,0.0020139217376708984
117395,MVI_40871,800,0,1782359831.857241,0.0019867420196533203
117396,MVI_40871,763,0,1782359831.859291,0.002050161361694336
117397,MVI_40871,812,0,1782359831.8612027,0.0019116401672363281
117398,MVI_40871,446,0,1782359831.8632772,0.0020744800567626953
117399,MVI_40871,105,0,1782359831.8652534,0.0019762516021728516
117400,MVI_40871,502,0,1782359831.8672469,0.001993417739868164
117401,MVI_40871,434,0,1782359831.869254,0.0020072460174560547
117402,MVI_40871,823,0,1782359831.8712268,0.001972675323486328
117403,MVI_40871,534,0,1782359831.87328,0.0020532608032226562
117404,MVI_40871,307,0,1782359831.8752465,0.0019664764404296875
117405,MVI_40871,591,0,1782359831.877253,0.00200653076171875
117406,MVI_40871,808,0,1782359831.8792472,0.0019941329956054688
117407,MVI_40871,277,0,1782359831.8812537,0.00200653076171875
117408,MVI_40871,725,0,1782359831.8832536,0.0019998550415039062
117409,MVI_40871,665,0,1782359831.8852472,0.0019936561584472656
117410,MVI_40871,580,0,1782359831.8872561,0.0020089149475097656
117411,MVI_40871,690,0,1782359831.889239,0.0019829273223876953
117412,MVI_40871,598,0,1782359831.8912451,0.002006053924560547
117413,MVI_40871,630,0,1782359831.8932164,0.0019712448120117188
117414,MVI_40871,832,0,1782359831.8952358,0.0020194053649902344
117415,MVI_40871,607,0,1782359831.8972478,0.002012014389038086
117416,MVI_40871,42,0,1782359831.8992157,0.001967906951904297
117417,MVI_40871,797,0,1782359831.9012334,0.0020177364349365234
117418,MVI_40871,369,0,1782359831.9032102,0.0019767284393310547
117419,MVI_40871,72,0,1782359831.9052484,0.002038240432739258
117420,MVI_40871,548,0,1782359831.907236,0.0019876956939697266
117421,MVI_40871,271,0,1782359831.9092174,0.0019812583923339844
117422,MVI_40871,676,0,1782359831.911214,0.001996755599975586
117423,MVI_40871,701,0,1782359831.9132414,0.002027273178100586
117424,MVI_40871,635,0,1782359831.9152102,0.001968860626220703
117425,MVI_40871,259,0,1782359831.917252,0.0020418167114257812
117426,MVI_40871,515,0,1782359831.9192343,0.0019822120666503906
117427,MVI_40871,531,0,1782359831.9212096,0.0019752979278564453
117428,MVI_40871,26,0,1782359831.9232364,0.002026796340942383
117429,MVI_40871,564,0,1782359831.9252336,0.001997232437133789
117430,MVI_40871,464,0,1782359831.9272125,0.0019788742065429688
117431,MVI_40871,309,0,1782359831.9292126,0.002000093460083008
117432,MVI_40871,695,0,1782359831.9312325,0.0020198822021484375
117433,MVI_40871,741,0,1782359831.9332097,0.001977205276489258
117434,MVI_40871,456,0,1782359831.9352105,0.0020008087158203125
117435,MVI_40871,196,0,1782359831.9372306,0.002020120620727539
117436,MVI_40871,160,0,1782359831.93921,0.001979351043701172
117437,MVI_40871,759,0,1782359831.94124,0.0020301342010498047
117438,MVI_40871,614,0,1782359831.9433742,0.002134084701538086
117439,MVI_40871,279,0,1782359831.9452095,0.0018353462219238281
117440,MVI_40871,432,0,1782359831.9472418,0.0020322799682617188
117441,MVI_40871,79,0,1782359831.949242,0.0020003318786621094
117442,MVI_40871,366,0,1782359831.9512086,0.0019664764404296875
117443,MVI_40871,224,0,1782359831.9532473,0.002038717269897461
117444,MVI_40871,38,0,1782359831.955238,0.001990795135498047
117445,MVI_40871,765,0,1782359831.9572098,0.001971721649169922
117446,MVI_40871,315,0,1782359831.9592187,0.0020089149475097656
117447,MVI_40871,494,0,1782359831.9612322,0.0020134449005126953
117448,MVI_40871,703,0,1782359831.9632099,0.001977682113647461
117449,MVI_40871,25,0,1782359831.9652116,0.0020017623901367188
117450,MVI_40871,130,0,1782359831.9672425,0.0020308494567871094
117451,MVI_40871,590,0,1782359831.969211,0.0019686222076416016
117452,MVI_40871,478,0,1782359831.9712098,0.0019986629486083984
117453,MVI_40871,399,0,1782359831.9732404,0.002030611038208008
117454,MVI_40871,123,0,1782359831.975219,0.001978635787963867
117455,MVI_40871,633,0,1782359831.97724,0.0020210742950439453
117456,MVI_40871,394,0,1782359831.9792552,0.0020151138305664062
117457,MVI_40871,436,0,1782359831.9812095,0.001954317092895508
117458,MVI_40871,503,0,1782359831.9832418,0.0020322799682617188
117459,MVI_40871,489,0,1782359831.9852474,0.0020055770874023438
117460,MVI_40871,712,0,1782359831.98721,0.0019626617431640625
117461,MVI_40871,547,0,1782359831.989248,0.0020380020141601562
117462,MVI_40871,251,0,1782359831.9912133,0.0019652843475341797
117463,MVI_40871,586,0,1782359831.9932208,0.0020074844360351562
117464,MVI_40871,384,0,1782359831.995219,0.0019981861114501953
117465,MVI_40871,231,0,1782359831.9972525,0.0020334720611572266
117466,MVI_40871,107,0,1782359831.999212,0.001959562301635742
117467,MVI_40871,351,0,1782359832.0012429,0.0020308494567871094
117468,MVI_40871,813,0,1782359832.0032349,0.0019919872283935547
117469,MVI_40871,405,0,1782359832.0052102,0.0019752979278564453
117470,MVI_40871,424,0,1782359832.0072124,0.002002239227294922
117471,MVI_40871,209,0,1782359832.0092425,0.0020301342010498047
117472,MVI_40871,275,0,1782359832.0112085,0.0019659996032714844
117473,MVI_40871,154,0,1782359832.0132418,0.002033233642578125
117474,MVI_40871,74,0,1782359832.0152318,0.001990079879760742
117475,MVI_40871,313,0,1782359832.0172203,0.0019884109497070312
117476,MVI_40871,641,0,1782359832.0192118,0.0019915103912353516
117477,MVI_40871,758,0,1782359832.0212438,0.002032041549682617
117478,MVI_40871,99,0,1782359832.0232542,0.002010345458984375
117479,MVI_40871,302,0,1782359832.025284,0.002029895782470703
117480,MVI_40871,686,0,1782359832.0274558,0.002171754837036133
117481,MVI_40871,585,0,1782359832.0292492,0.0017933845520019531
117482,MVI_40871,49,0,1782359832.0314903,0.0022411346435546875
117483,MVI_40871,839,0,1782359832.033463,0.001972675323486328
117484,MVI_40871,155,0,1782359832.0354888,0.0020258426666259766
117485,MVI_40871,220,0,1782359832.0373182,0.001829385757446289
117486,MVI_40871,93,0,1782359832.0395865,0.0022683143615722656
117487,MVI_40871,438,0,1782359832.0413146,0.001728057861328125
117488,MVI_40871,527,0,1782359832.0434937,0.0021791458129882812
117489,MVI_40871,111,0,1782359832.0454454,0.0019516944885253906
117490,MVI_40871,504,0,1782359832.047491,0.0020456314086914062
117491,MVI_40871,668,0,1782359832.0493183,0.001827239990234375
117492,MVI_40871,294,0,1782359832.0515933,0.0022749900817871094
117493,MVI_40871,297,0,1782359832.0533159,0.001722574234008789
117494,MVI_40871,304,0,1782359832.0552971,0.0019812583923339844
117495,MVI_40871,790,0,1782359832.0576136,0.0023164749145507812
117496,MVI_40871,526,0,1782359832.0592833,0.0016696453094482422
117497,MVI_40871,342,0,1782359832.0612895,0.0020062923431396484
117498,MVI_40871,652,0,1782359832.0635765,0.0022869110107421875
117499,MVI_40871,210,0,1782359832.0652869,0.0017104148864746094
117500,MVI_40871,552,0,1782359832.0672886,0.0020017623901367188
117501,MVI_40871,675,0,1782359832.0695965,0.002307891845703125
117502,MVI_40871,429,0,1782359832.071393,0.0017964839935302734
117503,MVI_40871,126,0,1782359832.0732887,0.0018956661224365234
117504,MVI_40871,734,0,1782359832.0754733,0.002184629440307617
117505,MVI_40871,76,0,1782359832.0773184,0.0018451213836669922
117506,MVI_40871,488,0,1782359832.079483,0.002164602279663086
117507,MVI_40871,115,0,1782359832.081447,0.0019638538360595703
117508,MVI_40871,663,0,1782359832.0834937,0.002046823501586914
117509,MVI_40871,688,0,1782359832.085321,0.001827239990234375
117510,MVI_40871,377,0,1782359832.0877047,0.002383708953857422
117511,MVI_40871,645,0,1782359832.0893145,0.00160980224609375
117512,MVI_40871,714,0,1782359832.0914893,0.002174854278564453
117513,MVI_40871,523,0,1782359832.0934594,0.001970052719116211
117514,MVI_40871,671,0,1782359832.0954971,0.0020377635955810547
117515,MVI_40871,1,0,1782359832.097312,0.0018148422241210938
117516,MVI_40871,544,0,1782359832.099726,0.0024139881134033203
117517,MVI_40871,629,0,1782359832.1013134,0.0015873908996582031
117518,MVI_40871,21,0,1782359832.1034937,0.002180337905883789
117519,MVI_40871,482,0,1782359832.105445,0.0019512176513671875
117520,MVI_40871,558,0,1782359832.1074998,0.002054929733276367
117521,MVI_40871,570,0,1782359832.1093228,0.0018229484558105469
117522,MVI_40871,816,0,1782359832.111719,0.002396106719970703
117523,MVI_40871,171,0,1782359832.113322,0.0016031265258789062
117524,MVI_40871,528,0,1782359832.115493,0.002171039581298828
117525,MVI_40871,543,0,1782359832.1174443,0.0019512176513671875
117526,MVI_40871,831,0,1782359832.119494,0.002049684524536133
117527,MVI_40871,261,0,1782359832.1213212,0.001827239990234375
117528,MVI_40871,262,0,1782359832.1234753,0.002154111862182617
117529,MVI_40871,415,0,1782359832.1253154,0.0018401145935058594
117530,MVI_40871,219,0,1782359832.1274905,0.0021750926971435547
117531,MVI_40871,455,0,1782359832.1294458,0.001955270767211914
117532,MVI_40871,64,0,1782359832.131494,0.0020482540130615234
117533,MVI_40871,475,0,1782359832.133322,0.0018279552459716797
117534,MVI_40871,684,0,1782359832.1357348,0.0024127960205078125
117535,MVI_40871,445,0,1782359832.137316,0.0015811920166015625
117536,MVI_40871,235,0,1782359832.139498,0.0021820068359375
117537,MVI_40871,295,0,1782359832.141448,0.0019500255584716797
117538,MVI_40871,632,0,1782359832.1435013,0.0020532608032226562
117539,MVI_40871,538,0,1782359832.1453226,0.001821279525756836
117540,MVI_40871,301,0,1782359832.147723,0.0024003982543945312
117541,MVI_40871,228,0,1782359832.1493149,0.0015919208526611328
117542,MVI_40871,131,0,1782359832.1515112,0.0021963119506835938
117543,MVI_40871,465,0,1782359832.153448,0.0019369125366210938
117544,MVI_40871,321,0,1782359832.1554894,0.002041339874267578
117545,MVI_40871,232,0,1782359832.1573231,0.0018336772918701172
117546,MVI_40871,664,0,1782359832.1597366,0.002413511276245117
117547,MVI_40871,735,0,1782359832.161319,0.0015823841094970703
117548,MVI_40871,402,0,1782359832.1634984,0.002179384231567383
117549,MVI_40871,622,0,1782359832.1654463,0.0019478797912597656
117550,MVI_40871,104,0,1782359832.167489,0.0020427703857421875
117551,MVI_40871,549,0,1782359832.1693244,0.0018353462219238281
117552,MVI_40871,699,0,1782359832.1714542,0.002129793167114258
117553,MVI_40871,221,0,1782359832.1734881,0.0020339488983154297
117554,MVI_40871,799,0,1782359832.1753244,0.0018362998962402344
117555,MVI_40871,776,0,1782359832.1777549,0.002430438995361328
117556,MVI_40871,480,0,1782359832.1793168,0.001561880111694336
117557,MVI_40871,706,0,1782359832.181494,0.0021772384643554688
117558,MVI_40871,199,0,1782359832.1834452,0.0019512176513671875
117559,MVI_40871,796,0,1782359832.1854846,0.0020394325256347656
117560,MVI_40871,569,0,1782359832.187325,0.001840353012084961
117561,MVI_40871,824,0,1782359832.1896322,0.0023071765899658203
117562,MVI_40871,203,0,1782359832.1913145,0.001682281494140625
117563,MVI_40871,52,0,1782359863.693747,0.0
117564,MVI_40871,637,0,1782359863.6955602,0.0018131732940673828
117565,MVI_40871,111,0,1782359863.6975744,0.00201416015625
117566,MVI_40871,611,0,1782359863.699539,0.001964569091796875
117567,MVI_40871,333,0,1782359863.7015123,0.001973390579223633
117568,MVI_40871,248,0,1782359863.7035136,0.0020012855529785156
117569,MVI_40871,828,0,1782359863.7055523,0.002038717269897461
117570,MVI_40871,711,0,1782359863.7076993,0.0021469593048095703
117571,MVI_40871,824,0,1782359863.7095828,0.0018835067749023438
117572,MVI_40871,580,0,1782359863.7117643,0.002181529998779297
117573,MVI_40871,697,0,1782359863.713711,0.0019466876983642578
117574,MVI_40871,456,0,1782359863.7156267,0.0019156932830810547
117575,MVI_40871,327,0,1782359863.717494,0.0018672943115234375
117576,MVI_40871,837,0,1782359863.7195609,0.0020668506622314453
117577,MVI_40871,143,0,1782359863.72156,0.0019991397857666016
117578,MVI_40871,46,0,1782359863.7234778,0.0019178390502929688
117579,MVI_40871,431,0,1782359863.7255957,0.0021178722381591797
117580,MVI_40871,156,0,1782359863.7276058,0.0020101070404052734
117581,MVI_40871,702,0,1782359863.729527,0.0019211769104003906
117582,MVI_40871,126,0,1782359863.7315655,0.0020384788513183594
117583,MVI_40871,178,0,1782359863.7335596,0.0019941329956054688
117584,MVI_40871,232,0,1782359863.7355103,0.0019507408142089844
117585,MVI_40871,380,0,1782359863.7375743,0.0020639896392822266
117586,MVI_40871,295,0,1782359863.739564,0.001989603042602539
117587,MVI_40871,164,0,1782359863.741511,0.001947164535522461
117588,MVI_40871,598,0,1782359863.7435505,0.0020394325256347656
117589,MVI_40871,399,0,1782359863.7455611,0.0020105838775634766
117590,MVI_40871,759,0,1782359863.747507,0.0019459724426269531
117591,MVI_40871,119,0,1782359863.749549,0.0020418167114257812
117592,MVI_40871,154,0,1782359863.751558,0.002009153366088867
117593,MVI_40871,225,0,1782359863.7535005,0.0019423961639404297
117594,MVI_40871,762,0,1782359863.7555008,0.0020003318786621094
117595,MVI_40871,224,0,1782359863.757556,0.0020551681518554688
117596,MVI_40871,83,0,1782359863.759507,0.001950979232788086
117597,MVI_40871,77,0,1782359863.7615852,0.0020782947540283203
117598,MVI_40871,535,0,1782359863.763592,0.0020067691802978516
117599,MVI_40871,471,0,1782359863.765523,0.0019309520721435547
117600,MVI_40871,496,0,1782359863.7675722,0.0020492076873779297
117601,MVI_40871,41,0,1782359863.769562,0.0019898414611816406
117602,MVI_40871,208,0,1782359863.7715073,0.0019452571868896484
117603,MVI_40871,379,0,1782359863.773537,0.0020296573638916016
117604,MVI_40871,328,0,1782359863.7755644,0.0020275115966796875
117605,MVI_40871,494,0,1782359863.7775056,0.0019412040710449219
117606,MVI_40871,786,0,1782359863.7795548,0.0020492076873779297
117607,MVI_40871,256,0,1782359863.7815592,0.002004384994506836
117608,MVI_40871,826,0,1782359863.7835615,0.002002239227294922
117609,MVI_40871,613,0,1782359863.785512,0.0019505023956298828
117610,MVI_40871,550,0,1782359863.7875597,0.0020477771759033203
117611,MVI_40871,646,0,1782359863.7895074,0.001947641372680664
117612,MVI_40871,330,0,1782359863.7915483,0.002040863037109375
117613,MVI_40871,237,0,1782359863.7937095,0.002161264419555664
117614,MVI_40871,150,0,1782359863.7955072,0.0017976760864257812
117615,MVI_40871,850,0,1782359863.7975512,0.0020439624786376953
117616,MVI_40871,122,0,1782359863.7995615,0.002010345458984375
117617,MVI_40871,835,0,1782359863.8015075,0.0019459724426269531
117618,MVI_40871,110,0,1782359863.8035488,0.002041339874267578
117619,MVI_40871,715,0,1782359863.8055658,0.0020170211791992188
117620,MVI_40871,358,0,1782359863.8075147,0.0019488334655761719
117621,MVI_40871,445,0,1782359863.8095558,0.0020411014556884766
117622,MVI_40871,829,0,1782359863.8117118,0.0021560192108154297
117623,MVI_40871,108,0,1782359863.8135078,0.0017960071563720703
117624,MVI_40871,763,0,1782359863.8155556,0.0020477771759033203
117625,MVI_40871,269,0,1782359863.8177042,0.0021486282348632812
117626,MVI_40871,444,0,1782359863.8195074,0.0018031597137451172
117627,MVI_40871,199,0,1782359863.82155,0.002042531967163086
117628,MVI_40871,278,0,1782359863.8237035,0.002153635025024414
117629,MVI_40871,753,0,1782359863.8255098,0.0018062591552734375
117630,MVI_40871,463,0,1782359863.8275542,0.0020444393157958984
117631,MVI_40871,135,0,1782359863.8295639,0.0020096302032470703
117632,MVI_40871,68,0,1782359863.8315063,0.0019423961639404297
117633,MVI_40871,713,0,1782359863.8335528,0.0020465850830078125
117634,MVI_40871,114,0,1782359863.8355649,0.002012014389038086
117635,MVI_40871,0,0,1782359863.8375046,0.0019397735595703125
117636,MVI_40871,644,0,1782359863.8395529,0.0020482540130615234
117637,MVI_40871,657,0,1782359863.8415573,0.002004384994506836
117638,MVI_40871,740,0,1782359863.8435044,0.001947164535522461
117639,MVI_40871,391,0,1782359863.8455591,0.0020546913146972656
117640,MVI_40871,602,0,1782359863.847709,0.002149820327758789
117641,MVI_40871,654,0,1782359863.8495138,0.0018048286437988281
117642,MVI_40871,542,0,1782359863.8515599,0.0020461082458496094
117643,MVI_40871,388,0,1782359863.853606,0.0020461082458496094
117644,MVI_40871,297,0,1782359863.8555362,0.00193023681640625
117645,MVI_40871,606,0,1782359863.857559,0.0020227432250976562
117646,MVI_40871,808,0,1782359863.859566,0.002007007598876953
117647,MVI_40871,240,0,1782359863.8615627,0.001996755599975586
117648,MVI_40871,548,0,1782359863.863507,0.0019443035125732422
117649,MVI_40871,583,0,1782359863.865574,0.0020668506622314453
117650,MVI_40871,67,0,1782359863.8675134,0.001939535140991211
117651,MVI_40871,101,0,1782359863.8695507,0.0020372867584228516
117652,MVI_40871,547,0,1782359863.8717077,0.002156972885131836
117653,MVI_40871,412,0,1782359863.8735092,0.0018014907836914062
117654,MVI_40871,172,0,1782359863.8755531,0.0020439624786376953
117655,MVI_40871,84,0,1782359863.877566,0.002012968063354492
117656,MVI_40871,481,0,1782359863.8795078,0.001941680908203125
117657,MVI_40871,82,0,1782359863.8815498,0.002042055130004883
117658,MVI_40871,748,0,1782359863.8837013,0.0021514892578125
117659,MVI_40871,647,0,1782359863.885516,0.0018146038055419922
117660,MVI_40871,735,0,1782359863.8876245,0.0021085739135742188
117661,MVI_40871,778,0,1782359863.8895717,0.001947164535522461
117662,MVI_40871,24,0,1782359863.8915067,0.0019350051879882812
117663,MVI_40871,452,0,1782359863.893632,0.002125263214111328
117664,MVI_40871,787,0,1782359863.8955712,0.0019392967224121094
117665,MVI_40871,103,0,1782359863.8976433,0.0020720958709716797
117666,MVI_40871,809,0,1782359863.899518,0.001874685287475586
117667,MVI_40871,267,0,1782359863.9015737,0.002055644989013672
117668,MVI_40871,710,0,1782359863.903507,0.0019333362579345703
117669,MVI_40871,370,0,1782359863.9055536,0.0020465850830078125
117670,MVI_40871,506,0,1782359863.9075687,0.0020151138305664062
117671,MVI_40871,839,0,1782359863.90951,0.0019412040710449219
117672,MVI_40871,766,0,1782359863.9115498,0.0020399093627929688
117673,MVI_40871,612,0,1782359863.913564,0.00201416015625
117674,MVI_40871,238,0,1782359863.9155617,0.001997709274291992
117675,MVI_40871,507,0,1782359863.9175048,0.0019431114196777344
117676,MVI_40871,820,0,1782359863.9195578,0.0020530223846435547
117677,MVI_40871,26,0,1782359863.9215062,0.0019483566284179688
117678,MVI_40871,63,0,1782359863.9235587,0.0020525455474853516
117679,MVI_40871,3,0,1782359863.9255583,0.0019996166229248047
117680,MVI_40871,492,0,1782359863.9275048,0.0019464492797851562
117681,MVI_40871,585,0,1782359863.9295483,0.002043485641479492
117682,MVI_40871,323,0,1782359863.9317129,0.002164602279663086
117683,MVI_40871,707,0,1782359863.933507,0.0017940998077392578
117684,MVI_40871,615,0,1782359863.9355493,0.0020422935485839844
117685,MVI_40871,479,0,1782359863.9375653,0.0020160675048828125
117686,MVI_40871,567,0,1782359863.939508,0.0019426345825195312
117687,MVI_40871,470,0,1782359863.9415486,0.0020406246185302734
117688,MVI_40871,595,0,1782359863.9435616,0.002012968063354492
117689,MVI_40871,489,0,1782359863.9455047,0.0019431114196777344
117690,MVI_40871,273,0,1782359863.9475455,0.002040863037109375
117691,MVI_40871,354,0,1782359863.9495559,0.002010345458984375
117692,MVI_40871,454,0,1782359863.9515123,0.001956462860107422
117693,MVI_40871,705,0,1782359863.9535525,0.0020401477813720703
117694,MVI_40871,177,0,1782359863.955563,0.0020105838775634766
117695,MVI_40871,831,0,1782359863.9575047,0.001941680908203125
117696,MVI_40871,844,0,1782359863.9595466,0.0020418167114257812
117697,MVI_40871,653,0,1782359863.9615636,0.0020170211791992188
117698,MVI_40871,682,0,1782359863.963513,0.001949310302734375
117699,MVI_40871,689,0,1782359863.9655488,0.002035856246948242
117700,MVI_40871,113,0,1782359863.9675593,0.0020105838775634766
117701,MVI_40871,836,0,1782359863.9695044,0.0019450187683105469
117702,MVI_40871,822,0,1782359863.9715464,0.002042055130004883
117703,MVI_40871,4,0,1782359863.97356,0.002013683319091797
117704,MVI_40871,137,0,1782359863.9755511,0.0019910335540771484
117705,MVI_40871,440,0,1782359863.977587,0.002035856246948242
117706,MVI_40871,206,0,1782359863.9795613,0.001974344253540039
117707,MVI_40871,106,0,1782359863.9815037,0.0019423961639404297
117708,MVI_40871,462,0,1782359863.9835486,0.0020449161529541016
117709,MVI_40871,131,0,1782359863.9855645,0.002015829086303711
117710,MVI_40871,383,0,1782359863.9875054,0.0019409656524658203
117711,MVI_40871,7,0,1782359863.9895487,0.0020432472229003906
117712,MVI_40871,109,0,1782359863.991584,0.002035379409790039
117713,MVI_40871,559,0,1782359863.9935083,0.001924276351928711
117714,MVI_40871,60,0,1782359863.9955673,0.0020589828491210938
117715,MVI_40871,411,0,1782359863.9975603,0.001992940902709961
117716,MVI_40871,472,0,1782359863.999505,0.0019447803497314453
117717,MVI_40871,668,0,1782359864.00157,0.002064943313598633
117718,MVI_40871,667,0,1782359864.0035608,0.001990795135498047
117719,MVI_40871,252,0,1782359864.005505,0.0019443035125732422
117720,MVI_40871,641,0,1782359864.0075583,0.0020532608032226562
117721,MVI_40871,173,0,1782359864.0097115,0.002153158187866211
117722,MVI_40871,802,0,1782359864.0115075,0.0017960071563720703
117723,MVI_40871,458,0,1782359864.013557,0.0020494461059570312
117724,MVI_40871,648,0,1782359864.0157206,0.0021636486053466797
117725,MVI_40871,357,0,1782359864.0175085,0.0017879009246826172
117726,MVI_40871,221,0,1782359864.0195491,0.0020406246185302734
117727,MVI_40871,466,0,1782359864.021698,0.002148866653442383
117728,MVI_40871,344,0,1782359864.0235243,0.0018262863159179688
117729,MVI_40871,182,0,1782359864.0255535,0.0020291805267333984
117730,MVI_40871,88,0,1782359864.0277112,0.0021576881408691406
117731,MVI_40871,95,0,1782359864.029508,0.0017969608306884766
117732,MVI_40871,738,0,1782359864.0315497,0.0020415782928466797
117733,MVI_40871,17,0,1782359864.0336602,0.0021104812622070312
117734,MVI_40871,665,0,1782359864.0355082,0.001847982406616211
117735,MVI_40871,528,0,1782359864.0375516,0.002043485641479492
117736,MVI_40871,324,0,1782359864.0395646,0.002012968063354492
117737,MVI_40871,98,0,1782359864.0415711,0.00200653076171875
117738,MVI_40871,529,0,1782359864.0435405,0.0019693374633789062
117739,MVI_40871,313,0,1782359864.045569,0.0020284652709960938
117740,MVI_40871,317,0,1782359864.0475082,0.0019392967224121094
117741,MVI_40871,673,0,1782359864.049553,0.002044677734375
117742,MVI_40871,49,0,1782359864.0515745,0.0020215511322021484
117743,MVI_40871,258,0,1782359864.0535095,0.0019350051879882812
117744,MVI_40871,658,0,1782359864.0555513,0.0020418167114257812
117745,MVI_40871,801,0,1782359864.0575643,0.002012968063354492
117746,MVI_40871,99,0,1782359864.059552,0.0019876956939697266
117747,MVI_40871,19,0,1782359864.0615501,0.0019981861114501953
117748,MVI_40871,706,0,1782359864.0637136,0.002163410186767578
117749,MVI_40871,522,0,1782359864.0655363,0.0018227100372314453
117750,MVI_40871,12,0,1782359864.0675874,0.002051115036010742
117751,MVI_40871,501,0,1782359864.069563,0.001975536346435547
117752,MVI_40871,642,0,1782359864.0715077,0.0019447803497314453
117753,MVI_40871,783,0,1782359864.0735493,0.0020415782928466797
117754,MVI_40871,728,0,1782359864.075558,0.002008676528930664
117755,MVI_40871,497,0,1782359864.0775058,0.0019478797912597656
117756,MVI_40871,794,0,1782359864.0795684,0.002062559127807617
117757,MVI_40871,389,0,1782359864.0817084,0.002140045166015625
117758,MVI_40871,630,0,1782359864.0835085,0.0018000602722167969
117759,MVI_40871,772,0,1782359864.085551,0.002042531967163086
117760,MVI_40871,461,0,1782359864.087799,0.002248048782348633
117761,MVI_40871,136,0,1782359864.0895116,0.0017125606536865234
117762,MVI_40871,608,0,1782359864.091552,0.002040386199951172
117763,MVI_40871,457,0,1782359864.0935671,0.0020151138305664062
117764,MVI_40871,285,0,1782359864.0955062,0.0019390583038330078
117765,MVI_40871,104,0,1782359864.097552,0.002045869827270508
117766,MVI_40871,847,0,1782359864.0995615,0.0020093917846679688
117767,MVI_40871,148,0,1782359864.1015053,0.001943826675415039
117768,MVI_40871,485,0,1782359864.1035576,0.00205230712890625
117769,MVI_40871,840,0,1782359864.1055624,0.002004861831665039
117770,MVI_40871,502,0,1782359864.1075077,0.0019452571868896484
117771,MVI_40871,553,0,1782359864.1095626,0.002054929733276367
117772,MVI_40871,771,0,1782359864.1117089,0.0021462440490722656
117773,MVI_40871,666,0,1782359864.1135066,0.0017976760864257812
117774,MVI_40871,223,0,1782359864.1155505,0.0020439624786376953
117775,MVI_40871,6,0,1782359864.1176977,0.002147197723388672
117776,MVI_40871,302,0,1782359864.1195216,0.0018239021301269531
117777,MVI_40871,796,0,1782359864.1215494,0.002027750015258789
117778,MVI_40871,827,0,1782359864.1235611,0.0020117759704589844
117779,MVI_40871,288,0,1782359864.125505,0.001943826675415039
117780,MVI_40871,277,0,1782359864.1275496,0.002044677734375
117781,MVI_40871,373,0,1782359864.1295648,0.0020151138305664062
117782,MVI_40871,609,0,1782359864.1315088,0.0019440650939941406
117783,MVI_40871,636,0,1782359864.1335557,0.002046823501586914
117784,MVI_40871,587,0,1782359864.1357102,0.0021545886993408203
117785,MVI_40871,629,0,1782359864.1375058,0.0017955303192138672
117786,MVI_40871,747,0,1782359864.1395497,0.0020439624786376953
117787,MVI_40871,282,0,1782359864.1417234,0.0021736621856689453
117788,MVI_40871,62,0,1782359864.1435058,0.0017824172973632812
117789,MVI_40871,236,0,1782359864.1455557,0.0020499229431152344
117790,MVI_40871,643,0,1782359864.1475632,0.0020074844360351562
117791,MVI_40871,692,0,1782359864.149507,0.001943826675415039
117792,MVI_40871,779,0,1782359864.1515665,0.002059459686279297
117793,MVI_40871,284,0,1782359864.1535654,0.0019989013671875
117794,MVI_40871,521,0,1782359864.155511,0.00194549560546875
117795,MVI_40871,499,0,1782359864.157562,0.002051115036010742
117796,MVI_40871,21,0,1782359864.1595669,0.002004861831665039
117797,MVI_40871,518,0,1782359864.1615086,0.001941680908203125
117798,MVI_40871,28,0,1782359864.1635551,0.0020465850830078125
117799,MVI_40871,570,0,1782359864.1655664,0.0020112991333007812
117800,MVI_40871,165,0,1782359864.1675093,0.0019428730010986328
117801,MVI_40871,283,0,1782359864.1695504,0.0020411014556884766
117802,MVI_40871,54,0,1782359864.1715674,0.0020170211791992188
117803,MVI_40871,520,0,1782359864.173508,0.0019404888153076172
117804,MVI_40871,441,0,1782359864.175553,0.002045154571533203
117805,MVI_40871,241,0,1782359864.1777108,0.0021576881408691406
117806,MVI_40871,428,0,1782359864.17951,0.0017993450164794922
117807,MVI_40871,254,0,1782359864.1815526,0.002042531967163086
117808,MVI_40871,625,0,1782359864.1837037,0.002151012420654297
117809,MVI_40871,211,0,1782359864.18551,0.0018062591552734375
117810,MVI_40871,423,0,1782359864.187553,0.002043008804321289
117811,MVI_40871,35,0,1782359864.1897113,0.0021584033966064453
117812,MVI_40871,443,0,1782359864.191508,0.001796722412109375
117813,MVI_40871,789,0,1782359864.1935542,0.0020461082458496094
117814,MVI_40871,557,0,1782359864.195564,0.002009868621826172
117815,MVI_40871,86,0,1782359864.197517,0.0019528865814208984
117816,MVI_40871,42,0,1782359864.199554,0.00203704833984375
117817,MVI_40871,558,0,1782359864.2015676,0.002013683319091797
117818,MVI_40871,129,0,1782359864.2035067,0.0019390583038330078
117819,MVI_40871,804,0,1782359864.2055519,0.002045154571533203
117820,MVI_40871,85,0,1782359864.2077007,0.002148866653442383
117821,MVI_40871,51,0,1782359864.2095115,0.0018107891082763672
117822,MVI_40871,791,0,1782359864.2115288,0.0020172595977783203
117823,MVI_40871,773,0,1782359864.213565,0.0020363330841064453
117824,MVI_40871,195,0,1782359864.2155092,0.0019440650939941406
117825,MVI_40871,572,0,1782359864.2175574,0.0020482540130615234
117826,MVI_40871,700,0,1782359864.2195635,0.002006053924560547
117827,MVI_40871,513,0,1782359864.221508,0.0019445419311523438
117828,MVI_40871,838,0,1782359864.2235513,0.0020432472229003906
117829,MVI_40871,169,0,1782359864.2255714,0.002020120620727539
117830,MVI_40871,166,0,1782359864.2275088,0.0019373893737792969
117831,MVI_40871,775,0,1782359864.2295537,0.0020449161529541016
117832,MVI_40871,586,0,1782359864.2315712,0.002017498016357422
117833,MVI_40871,811,0,1782359864.233507,0.001935720443725586
117834,MVI_40871,451,0,1782359864.235566,0.0020589828491210938
117835,MVI_40871,769,0,1782359864.2375655,0.0019996166229248047
117836,MVI_40871,599,0,1782359864.239508,0.0019423961639404297
117837,MVI_40871,125,0,1782359864.2415528,0.0020449161529541016
117838,MVI_40871,212,0,1782359864.2435715,0.0020186901092529297
117839,MVI_40871,200,0,1782359864.2455087,0.0019371509552001953
117840,MVI_40871,376,0,1782359864.2475638,0.0020551681518554688
117841,MVI_40871,310,0,1782359864.2495642,0.0020003318786621094
117842,MVI_40871,578,0,1782359864.2515082,0.0019440650939941406
117843,MVI_40871,424,0,1782359864.2535646,0.0020563602447509766
117844,MVI_40871,591,0,1782359864.2555618,0.001997232437133789
117845,MVI_40871,846,0,1782359864.2575076,0.0019457340240478516
117846,MVI_40871,749,0,1782359864.2595513,0.0020437240600585938
117847,MVI_40871,712,0,1782359864.2615647,0.0020134449005126953
117848,MVI_40871,436,0,1782359864.263506,0.0019412040710449219
117849,MVI_40871,123,0,1782359864.2655518,0.002045869827270508
117850,MVI_40871,400,0,1782359864.2675683,0.0020165443420410156
117851,MVI_40871,70,0,1782359864.2695076,0.0019392967224121094
117852,MVI_40871,482,0,1782359864.2715511,0.002043485641479492
117853,MVI_40871,505,0,1782359864.2735653,0.00201416015625
117854,MVI_40871,675,0,1782359864.2765527,0.002987384796142578
117855,MVI_40871,179,0,1782359864.2775335,0.0009808540344238281
117856,MVI_40871,446,0,1782359864.2795472,0.002013683319091797
117857,MVI_40871,48,0,1782359864.2815638,0.0020165443420410156
117858,MVI_40871,319,0,1782359864.2835093,0.00194549560546875
117859,MVI_40871,628,0,1782359864.2855606,0.0020513534545898438
117860,MVI_40871,397,0,1782359864.2878058,0.002245187759399414
117861,MVI_40871,229,0,1782359864.289634,0.0018281936645507812
117862,MVI_40871,215,0,1782359864.2917554,0.002121448516845703
117863,MVI_40871,784,0,1782359864.293563,0.0018074512481689453
117864,MVI_40871,429,0,1782359864.2957838,0.0022208690643310547
117865,MVI_40871,34,0,1782359864.2977684,0.0019845962524414062
117866,MVI_40871,36,0,1782359864.2995603,0.0017919540405273438
117867,MVI_40871,115,0,1782359864.3017735,0.0022132396697998047
117868,MVI_40871,672,0,1782359864.3035672,0.0017936229705810547
117869,MVI_40871,427,0,1782359864.3057566,0.0021893978118896484
117870,MVI_40871,279,0,1782359864.3075802,0.0018236637115478516
117871,MVI_40871,468,0,1782359864.3097637,0.0021834373474121094
117872,MVI_40871,216,0,1782359864.311587,0.00182342529296875
117873,MVI_40871,322,0,1782359864.313877,0.002290010452270508
117874,MVI_40871,576,0,1782359864.3155637,0.0016865730285644531
117875,MVI_40871,138,0,1782359864.3177576,0.002193927764892578
117876,MVI_40871,425,0,1782359864.319585,0.0018274784088134766
117877,MVI_40871,334,0,1782359864.3217962,0.0022110939025878906
117878,MVI_40871,435,0,1782359864.3236015,0.0018053054809570312
117879,MVI_40871,487,0,1782359864.3258293,0.002227783203125
117880,MVI_40871,306,0,1782359864.3277998,0.001970529556274414
117881,MVI_40871,69,0,1782359864.3296092,0.0018093585968017578
117882,MVI_40871,622,0,1782359864.3319683,0.002359151840209961
117883,MVI_40871,271,0,1782359864.333763,0.001794576644897461
117884,MVI_40871,300,0,1782359864.3358052,0.0020422935485839844
117885,MVI_40871,342,0,1782359864.3378267,0.0020215511322021484
117886,MVI_40871,719,0,1782359864.3399134,0.002086639404296875
117887,MVI_40871,635,0,1782359864.341609,0.0016956329345703125
117888,MVI_40871,649,0,1782359864.3439848,0.0023758411407470703
117889,MVI_40871,724,0,1782359864.345768,0.001783132553100586
117890,MVI_40871,78,0,1782359864.3478124,0.0020444393157958984
117891,MVI_40871,848,0,1782359864.349639,0.0018265247344970703
117892,MVI_40871,398,0,1782359864.3518333,0.0021944046020507812
117893,MVI_40871,127,0,1782359864.3537629,0.0019295215606689453
117894,MVI_40871,410,0,1782359864.3557107,0.0019478797912597656
117895,MVI_40871,610,0,1782359864.3578084,0.002097606658935547
117896,MVI_40871,555,0,1782359864.3597577,0.001949310302734375
117897,MVI_40871,304,0,1782359864.3617442,0.0019865036010742188
117898,MVI_40871,97,0,1782359864.3638306,0.0020864009857177734
117899,MVI_40871,696,0,1782359864.365623,0.0017924308776855469
117900,MVI_40871,704,0,1782359864.3679113,0.002288341522216797
117901,MVI_40871,167,0,1782359864.369683,0.001771688461303711
117902,MVI_40871,11,0,1782359864.3718581,0.0021750926971435547
117903,MVI_40871,703,0,1782359864.3735762,0.0017180442810058594
117904,MVI_40871,120,0,1782359864.3758,0.0022237300872802734
117905,MVI_40871,251,0,1782359864.3776064,0.001806497573852539
117906,MVI_40871,478,0,1782359864.3798199,0.0022134780883789062
117907,MVI_40871,495,0,1782359864.3816009,0.0017809867858886719
117908,MVI_40871,493,0,1782359864.383793,0.002192258834838867
117909,MVI_40871,249,0,1782359864.3856127,0.001819610595703125
117910,MVI_40871,163,0,1782359864.387808,0.0021953582763671875
117911,MVI_40871,404,0,1782359864.3896,0.0017919540405273438
117912,MVI_40871,29,0,1782359864.3918247,0.0022246837615966797
117913,MVI_40871,349,0,1782359864.3936057,0.0017809867858886719
117914,MVI_40871,332,0,1782359864.395805,0.0021991729736328125
117915,MVI_40871,619,0,1782359864.3976173,0.0018124580383300781
117916,MVI_40871,592,0,1782359864.39979,0.002172708511352539
117917,MVI_40871,563,0,1782359864.4016016,0.0018115043640136719
117918,MVI_40871,220,0,1782359864.4038308,0.0022292137145996094
117919,MVI_40871,679,0,1782359864.4056032,0.0017724037170410156
117920,MVI_40871,669,0,1782359864.4077923,0.002189159393310547
117921,MVI_40871,589,0,1782359864.4096215,0.0018291473388671875
117922,MVI_40871,374,0,1782359864.411804,0.002182483673095703
117923,MVI_40871,183,0,1782359864.4136,0.0017960071563720703
117924,MVI_40871,569,0,1782359864.4158337,0.002233743667602539
117925,MVI_40871,545,0,1782359864.4175704,0.0017366409301757812
117926,MVI_40871,401,0,1782359864.41976,0.00218963623046875
117927,MVI_40871,118,0,1782359864.421627,0.001867055892944336
117928,MVI_40871,810,0,1782359864.4237635,0.0021364688873291016
117929,MVI_40871,57,0,1782359864.4255602,0.001796722412109375
117930,MVI_40871,842,0,1782359864.427858,0.0022978782653808594
117931,MVI_40871,406,0,1782359864.4295588,0.0017006397247314453
117932,MVI_40871,543,0,1782359864.4317634,0.0022046566009521484
117933,MVI_40871,205,0,1782359864.4336317,0.0018682479858398438
117934,MVI_40871,473,0,1782359864.4357646,0.002132892608642578
117935,MVI_40871,314,0,1782359864.4375765,0.001811981201171875
117936,MVI_40871,841,0,1782359864.4398408,0.002264261245727539
117937,MVI_40871,631,0,1782359864.4415607,0.0017199516296386719
117938,MVI_40871,626,0,1782359864.4437547,0.002193927764892578
117939,MVI_40871,253,0,1782359864.4456356,0.0018808841705322266
117940,MVI_40871,316,0,1782359864.4477646,0.002129077911376953
117941,MVI_40871,618,0,1782359864.449559,0.0017943382263183594
117942,MVI_40871,293,0,1782359864.4518538,0.002294778823852539
117943,MVI_40871,718,0,1782359864.453561,0.001707315444946289
117944,MVI_40871,459,0,1782359864.4557548,0.0021936893463134766
117945,MVI_40871,416,0,1782359864.4576392,0.00188446044921875
117946,MVI_40871,676,0,1782359864.4597666,0.002127408981323242
117947,MVI_40871,286,0,1782359864.4615574,0.001790761947631836
117948,MVI_40871,684,0,1782359864.463843,0.0022857189178466797
117949,MVI_40871,141,0,1782359864.465562,0.0017189979553222656
117950,MVI_40871,584,0,1782359864.4677582,0.002196073532104492
117951,MVI_40871,144,0,1782359864.469639,0.0018808841705322266
117952,MVI_40871,624,0,1782359864.471767,0.0021278858184814453
117953,MVI_40871,151,0,1782359864.4735599,0.00179290771484375
117954,MVI_40871,437,0,1782359864.4756384,0.002078533172607422
117955,MVI_40871,488,0,1782359864.4777641,0.0021257400512695312
117956,MVI_40871,729,0,1782359864.4795609,0.001796722412109375
117957,MVI_40871,378,0,1782359864.481846,0.0022852420806884766
117958,MVI_40871,596,0,1782359864.483559,0.001712799072265625
117959,MVI_40871,350,0,1782359864.4857583,0.002199411392211914
117960,MVI_40871,207,0,1782359864.4876199,0.001861572265625
117961,MVI_40871,614,0,1782359864.4897766,0.0021567344665527344
117962,MVI_40871,307,0,1782359864.491561,0.0017843246459960938
117963,MVI_40871,552,0,1782359864.4937642,0.002203226089477539
117964,MVI_40871,514,0,1782359864.4957745,0.002010345458984375
117965,MVI_40871,795,0,1782359864.497567,0.0017924308776855469
117966,MVI_40871,244,0,1782359864.4997573,0.0021903514862060547
117967,MVI_40871,534,0,1782359864.501781,0.0020236968994140625
117968,MVI_40871,184,0,1782359864.5035589,0.0017778873443603516
117969,MVI_40871,797,0,1782359864.5057642,0.002205371856689453
117970,MVI_40871,185,0,1782359864.5077672,0.0020029544830322266
117971,MVI_40871,146,0,1782359864.5095687,0.0018014907836914062
117972,MVI_40871,732,0,1782359864.5117648,0.002196073532104492
117973,MVI_40871,81,0,1782359864.5137615,0.001996755599975586
117974,MVI_40871,695,0,1782359864.5155582,0.001796722412109375
117975,MVI_40871,361,0,1782359864.5177734,0.002215147018432617
117976,MVI_40871,819,0,1782359864.5197732,0.0019998550415039062
117977,MVI_40871,153,0,1782359864.5215583,0.0017850399017333984
117978,MVI_40871,396,0,1782359864.523767,0.002208709716796875
117979,MVI_40871,275,0,1782359864.5257628,0.0019958019256591797
117980,MVI_40871,530,0,1782359864.5275602,0.0017974376678466797
117981,MVI_40871,460,0,1782359864.529773,0.0022127628326416016
117982,MVI_40871,524,0,1782359864.5317652,0.0019922256469726562
117983,MVI_40871,65,0,1782359864.5335596,0.0017943382263183594
117984,MVI_40871,590,0,1782359864.5357676,0.0022079944610595703
117985,MVI_40871,268,0,1782359864.5377648,0.001997232437133789
117986,MVI_40871,189,0,1782359864.5395577,0.00179290771484375
117987,MVI_40871,296,0,1782359864.5417767,0.002218961715698242
117988,MVI_40871,161,0,1782359864.543559,0.0017824172973632812
117989,MVI_40871,262,0,1782359864.5457556,0.0021965503692626953
117990,MVI_40871,782,0,1782359864.5475807,0.001825094223022461
117991,MVI_40871,722,0,1782359864.549767,0.002186298370361328
117992,MVI_40871,213,0,1782359864.5515575,0.0017905235290527344
117993,MVI_40871,750,0,1782359864.5537791,0.0022215843200683594
117994,MVI_40871,632,0,1782359864.5557702,0.0019910335540771484
117995,MVI_40871,785,0,1782359864.5575573,0.0017871856689453125
117996,MVI_40871,562,0,1782359864.5597837,0.0022263526916503906
117997,MVI_40871,726,0,1782359864.5617654,0.0019817352294921875
117998,MVI_40871,508,0,1782359864.5635588,0.0017933845520019531
117999,MVI_40871,363,0,1782359864.5658498,0.002290964126586914
118000,MVI_40871,263,0,1782359864.567577,0.0017271041870117188
118001,MVI_40871,105,0,1782359864.5697556,0.002178668975830078
118002,MVI_40871,422,0,1782359864.5715601,0.0018045902252197266
118003,MVI_40871,442,0,1782359864.5737674,0.0022072792053222656
118004,MVI_40871,66,0,1782359864.5755594,0.0017919540405273438
118005,MVI_40871,447,0,1782359864.5778148,0.0022554397583007812
118006,MVI_40871,455,0,1782359864.5795653,0.0017504692077636719
118007,MVI_40871,96,0,1782359864.5817616,0.0021963119506835938
118008,MVI_40871,202,0,1782359864.5835938,0.0018322467803955078
118009,MVI_40871,582,0,1782359864.5857637,0.0021698474884033203
118010,MVI_40871,147,0,1782359864.5875657,0.0018019676208496094
118011,MVI_40871,337,0,1782359864.5898013,0.0022356510162353516
118012,MVI_40871,312,0,1782359864.5917683,0.0019669532775878906
118013,MVI_40871,16,0,1782359864.5935583,0.0017900466918945312
118014,MVI_40871,737,0,1782359864.5957973,0.0022389888763427734
118015,MVI_40871,265,0,1782359864.5977886,0.00199127197265625
118016,MVI_40871,634,0,1782359864.5995643,0.0017757415771484375
118017,MVI_40871,793,0,1782359864.6018019,0.002237558364868164
118018,MVI_40871,788,0,1782359864.603565,0.0017631053924560547
118019,MVI_40871,157,0,1782359864.6057544,0.0021893978118896484
118020,MVI_40871,188,0,1782359864.6076055,0.0018510818481445312
118021,MVI_40871,171,0,1782359864.6097655,0.0021600723266601562
118022,MVI_40871,176,0,1782359864.6115587,0.0017931461334228516
118023,MVI_40871,217,0,1782359864.6138144,0.002255678176879883
118024,MVI_40871,744,0,1782359864.6157982,0.0019838809967041016
118025,MVI_40871,257,0,1782359864.6177518,0.001953601837158203
118026,MVI_40871,663,0,1782359864.6196175,0.0018656253814697266
118027,MVI_40871,554,0,1782359864.6218345,0.0022170543670654297
118028,MVI_40871,402,0,1782359864.6237447,0.0019102096557617188
118029,MVI_40871,603,0,1782359864.6256375,0.0018928050994873047
118030,MVI_40871,674,0,1782359864.6278017,0.002164125442504883
118031,MVI_40871,343,0,1782359864.6297562,0.0019545555114746094
118032,MVI_40871,701,0,1782359864.6316147,0.0018584728240966797
118033,MVI_40871,348,0,1782359864.633761,0.0021462440490722656
118034,MVI_40871,484,0,1782359864.6355844,0.00182342529296875
118035,MVI_40871,761,0,1782359864.637825,0.0022406578063964844
118036,MVI_40871,491,0,1782359864.6395848,0.0017597675323486328
118037,MVI_40871,9,0,1782359864.6417823,0.0021975040435791016
118038,MVI_40871,274,0,1782359864.643619,0.0018367767333984375
118039,MVI_40871,386,0,1782359864.6457832,0.002164125442504883
118040,MVI_40871,155,0,1782359864.6475854,0.001802206039428711
118041,MVI_40871,246,0,1782359864.6498272,0.002241849899291992
118042,MVI_40871,298,0,1782359864.6515834,0.0017561912536621094
118043,MVI_40871,604,0,1782359864.6537783,0.0021948814392089844
118044,MVI_40871,393,0,1782359864.6556242,0.0018458366394042969
118045,MVI_40871,365,0,1782359864.6577911,0.0021669864654541016
118046,MVI_40871,538,0,1782359864.6595833,0.0017921924591064453
118047,MVI_40871,765,0,1782359864.6618333,0.0022499561309814453
118048,MVI_40871,73,0,1782359864.6635828,0.0017495155334472656
118049,MVI_40871,187,0,1782359864.6657875,0.0022046566009521484
118050,MVI_40871,266,0,1782359864.6676292,0.0018417835235595703
118051,MVI_40871,242,0,1782359864.6697884,0.00215911865234375
118052,MVI_40871,531,0,1782359864.6715834,0.001795053482055664
118053,MVI_40871,633,0,1782359864.6738367,0.002253293991088867
118054,MVI_40871,420,0,1782359864.6755817,0.001744985580444336
118055,MVI_40871,745,0,1782359864.6777802,0.002198457717895508
118056,MVI_40871,226,0,1782359864.6797512,0.001971006393432617
118057,MVI_40871,181,0,1782359864.681778,0.002026796340942383
118058,MVI_40871,803,0,1782359864.6836045,0.0018265247344970703
118059,MVI_40871,76,0,1782359864.6858432,0.002238750457763672
118060,MVI_40871,301,0,1782359864.6876361,0.00179290771484375
118061,MVI_40871,467,0,1782359864.689603,0.0019669532775878906
118062,MVI_40871,678,0,1782359864.6918476,0.0022444725036621094
118063,MVI_40871,33,0,1782359864.6935756,0.001728057861328125
118064,MVI_40871,134,0,1782359864.6957884,0.0022127628326416016
118065,MVI_40871,438,0,1782359864.6976414,0.0018529891967773438
118066,MVI_40871,805,0,1782359864.6997795,0.0021381378173828125
118067,MVI_40871,5,0,1782359864.7016017,0.0018222332000732422
118068,MVI_40871,776,0,1782359864.703858,0.002256155014038086
118069,MVI_40871,287,0,1782359864.7055748,0.0017168521881103516
118070,MVI_40871,326,0,1782359864.7077978,0.0022230148315429688
118071,MVI_40871,64,0,1782359864.7096467,0.0018489360809326172
118072,MVI_40871,345,0,1782359864.711836,0.0021893978118896484
118073,MVI_40871,364,0,1782359864.7136118,0.0017757415771484375
118074,MVI_40871,44,0,1782359864.7155998,0.001987934112548828
118075,MVI_40871,25,0,1782359864.717778,0.002178192138671875
118076,MVI_40871,140,0,1782359864.7196002,0.0018222332000732422
118077,MVI_40871,270,0,1782359864.721878,0.002277851104736328
118078,MVI_40871,687,0,1782359864.7236004,0.0017223358154296875
118079,MVI_40871,43,0,1782359864.7257888,0.002188444137573242
118080,MVI_40871,800,0,1782359864.727651,0.0018620491027832031
118081,MVI_40871,656,0,1782359864.7298007,0.002149820327758789
118082,MVI_40871,469,0,1782359864.7315993,0.0017986297607421875
118083,MVI_40871,45,0,1782359864.733855,0.002255678176879883
118084,MVI_40871,510,0,1782359864.735576,0.0017209053039550781
118085,MVI_40871,210,0,1782359864.7377932,0.0022172927856445312
118086,MVI_40871,204,0,1782359864.739651,0.001857757568359375
118087,MVI_40871,352,0,1782359864.7418084,0.002157449722290039
118088,MVI_40871,817,0,1782359864.743607,0.0017986297607421875
118089,MVI_40871,627,0,1782359864.7458563,0.0022492408752441406
118090,MVI_40871,315,0,1782359864.747599,0.0017426013946533203
118091,MVI_40871,340,0,1782359864.7497919,0.002192974090576172
118092,MVI_40871,194,0,1782359864.7516508,0.0018589496612548828
118093,MVI_40871,158,0,1782359864.7537992,0.0021483898162841797
118094,MVI_40871,299,0,1782359864.755731,0.001931905746459961
118095,MVI_40871,760,0,1782359864.7576523,0.0019211769104003906
118096,MVI_40871,377,0,1782359864.7597609,0.0021085739135742188
118097,MVI_40871,367,0,1782359864.761596,0.0018351078033447266
118098,MVI_40871,516,0,1782359864.7637744,0.0021784305572509766
118099,MVI_40871,117,0,1782359864.7657933,0.0020189285278320312
118100,MVI_40871,335,0,1782359864.767561,0.0017676353454589844
118101,MVI_40871,197,0,1782359864.769775,0.0022139549255371094
118102,MVI_40871,832,0,1782359864.7717686,0.0019936561584472656
118103,MVI_40871,849,0,1782359864.7735586,0.0017900466918945312
118104,MVI_40871,18,0,1782359864.7757792,0.002220630645751953
118105,MVI_40871,369,0,1782359864.7777689,0.001989603042602539
118106,MVI_40871,523,0,1782359864.7795625,0.0017936229705810547
118107,MVI_40871,486,0,1782359864.7817647,0.002202272415161133
118108,MVI_40871,31,0,1782359864.7837656,0.0020008087158203125
118109,MVI_40871,159,0,1782359864.7855606,0.001795053482055664
118110,MVI_40871,537,0,1782359864.7877817,0.0022211074829101562
118111,MVI_40871,721,0,1782359864.7895696,0.0017879009246826172
118112,MVI_40871,564,0,1782359864.7917666,0.0021970272064208984
118113,MVI_40871,573,0,1782359864.7935627,0.0017960071563720703
118114,MVI_40871,480,0,1782359864.795767,0.002204418182373047
118115,MVI_40871,102,0,1782359864.79756,0.00179290771484375
118116,MVI_40871,174,0,1782359864.7997868,0.0022268295288085938
118117,MVI_40871,638,0,1782359864.8017669,0.0019800662994384766
118118,MVI_40871,746,0,1782359864.8035595,0.0017926692962646484
118119,MVI_40871,561,0,1782359864.8057888,0.0022292137145996094
118120,MVI_40871,754,0,1782359864.8075588,0.00177001953125
118121,MVI_40871,93,0,1782359864.8097556,0.002196788787841797
118122,MVI_40871,579,0,1782359864.8115916,0.0018360614776611328
118123,MVI_40871,395,0,1782359864.8137648,0.002173185348510742
118124,MVI_40871,659,0,1782359864.8155568,0.0017919540405273438
118125,MVI_40871,511,0,1782359864.817791,0.002234220504760742
118126,MVI_40871,581,0,1782359864.8195593,0.001768350601196289
118127,MVI_40871,94,0,1782359864.821763,0.002203702926635742
118128,MVI_40871,87,0,1782359864.8235948,0.0018317699432373047
118129,MVI_40871,770,0,1782359864.8257658,0.002171039581298828
118130,MVI_40871,639,0,1782359864.8275578,0.0017919540405273438
118131,MVI_40871,192,0,1782359864.8297656,0.0022077560424804688
118132,MVI_40871,540,0,1782359864.8317661,0.002000570297241211
118133,MVI_40871,833,0,1782359864.8335586,0.0017924308776855469
118134,MVI_40871,465,0,1782359864.8358057,0.0022470951080322266
118135,MVI_40871,525,0,1782359864.837568,0.00176239013671875
118136,MVI_40871,360,0,1782359864.8397624,0.0021944046020507812
118137,MVI_40871,757,0,1782359864.8415585,0.0017960071563720703
118138,MVI_40871,834,0,1782359864.8437667,0.002208232879638672
118139,MVI_40871,571,0,1782359864.8455596,0.00179290771484375
118140,MVI_40871,560,0,1782359864.847818,0.00225830078125
118141,MVI_40871,261,0,1782359864.8495686,0.0017507076263427734
118142,MVI_40871,255,0,1782359864.8517628,0.0021941661834716797
118143,MVI_40871,291,0,1782359864.8535595,0.001796722412109375
118144,MVI_40871,617,0,1782359864.8558593,0.002299785614013672
118145,MVI_40871,58,0,1782359864.8575602,0.0017008781433105469
118146,MVI_40871,247,0,1782359864.8598225,0.0022623538970947266
118147,MVI_40871,318,0,1782359864.8617687,0.0019462108612060547
118148,MVI_40871,650,0,1782359864.863558,0.0017893314361572266
118149,MVI_40871,13,0,1782359864.865823,0.0022649765014648438
118150,MVI_40871,671,0,1782359864.8677793,0.0019562244415283203
118151,MVI_40871,830,0,1782359864.869566,0.0017867088317871094
118152,MVI_40871,686,0,1782359864.8718264,0.002260446548461914
118153,MVI_40871,575,0,1782359864.8737779,0.001951456069946289
118154,MVI_40871,112,0,1782359864.8756075,0.0018296241760253906
118155,MVI_40871,403,0,1782359864.87787,0.002262592315673828
118156,MVI_40871,714,0,1782359864.8797421,0.0018720626831054688
118157,MVI_40871,616,0,1782359864.881562,0.0018198490142822266
118158,MVI_40871,250,0,1782359864.8838282,0.0022661685943603516
118159,MVI_40871,239,0,1782359864.8856115,0.0017833709716796875
118160,MVI_40871,527,0,1782359864.8878002,0.0021886825561523438
118161,MVI_40871,698,0,1782359864.889622,0.001821756362915039
118162,MVI_40871,142,0,1782359864.891764,0.0021419525146484375
118163,MVI_40871,356,0,1782359864.8935585,0.001794576644897461
118164,MVI_40871,414,0,1782359864.895835,0.0022764205932617188
118165,MVI_40871,526,0,1782359864.897568,0.0017330646514892578
118166,MVI_40871,731,0,1782359864.899764,0.002196073532104492
118167,MVI_40871,375,0,1782359864.9016263,0.0018622875213623047
118168,MVI_40871,690,0,1782359864.9037662,0.0021398067474365234
118169,MVI_40871,677,0,1782359864.9055593,0.0017931461334228516
118170,MVI_40871,259,0,1782359864.9077923,0.0022330284118652344
118171,MVI_40871,23,0,1782359864.9097757,0.0019834041595458984
118172,MVI_40871,709,0,1782359864.9115653,0.0017895698547363281
118173,MVI_40871,733,0,1782359864.9138415,0.002276182174682617
118174,MVI_40871,384,0,1782359864.9155715,0.0017299652099609375
118175,MVI_40871,2,0,1782359864.9177573,0.002185821533203125
118176,MVI_40871,371,0,1782359864.9196339,0.0018765926361083984
118177,MVI_40871,768,0,1782359864.9217675,0.002133607864379883
118178,MVI_40871,56,0,1782359864.9235582,0.001790761947631836
118179,MVI_40871,355,0,1782359864.9258423,0.0022840499877929688
118180,MVI_40871,415,0,1782359864.92756,0.0017178058624267578
118181,MVI_40871,15,0,1782359864.9297574,0.002197265625
118182,MVI_40871,574,0,1782359864.9316404,0.0018830299377441406
118183,MVI_40871,593,0,1782359864.9337668,0.002126455307006836
118184,MVI_40871,331,0,1782359864.9355588,0.0017919540405273438
118185,MVI_40871,651,0,1782359864.9378479,0.0022890567779541016
118186,MVI_40871,816,0,1782359864.9395587,0.0017108917236328125
118187,MVI_40871,683,0,1782359864.9417548,0.002196073532104492
118188,MVI_40871,588,0,1782359864.9435592,0.001804351806640625
118189,MVI_40871,281,0,1782359864.9457698,0.0022106170654296875
118190,MVI_40871,694,0,1782359864.9475625,0.0017926692962646484
118191,MVI_40871,723,0,1782359864.9498973,0.0023348331451416016
118192,MVI_40871,50,0,1782359864.9515686,0.0016713142395019531
118193,MVI_40871,792,0,1782359864.953942,0.0023734569549560547
118194,MVI_40871,566,0,1782359864.95561,0.0016679763793945312
118195,MVI_40871,764,0,1782359864.9578156,0.0022056102752685547
118196,MVI_40871,807,0,1782359864.9597569,0.0019412040710449219
118197,MVI_40871,80,0,1782359864.961652,0.0018951892852783203
118198,MVI_40871,233,0,1782359864.963905,0.0022530555725097656
118199,MVI_40871,739,0,1782359864.9655805,0.0016753673553466797
118200,MVI_40871,533,0,1782359864.9678497,0.002269268035888672
118201,MVI_40871,116,0,1782359864.9695914,0.001741647720336914
118202,MVI_40871,815,0,1782359864.9717977,0.0022063255310058594
118203,MVI_40871,107,0,1782359864.9735684,0.0017707347869873047
118204,MVI_40871,725,0,1782359864.975797,0.0022284984588623047
118205,MVI_40871,813,0,1782359864.9776113,0.0018143653869628906
118206,MVI_40871,175,0,1782359864.979851,0.002239704132080078
118207,MVI_40871,321,0,1782359864.9815936,0.0017426013946533203
118208,MVI_40871,716,0,1782359864.9838014,0.0022077560424804688
118209,MVI_40871,245,0,1782359864.9855752,0.001773834228515625
118210,MVI_40871,353,0,1782359864.9878032,0.0022280216217041016
118211,MVI_40871,432,0,1782359864.9896,0.001796722412109375
118212,MVI_40871,607,0,1782359864.9918587,0.002258777618408203
118213,MVI_40871,417,0,1782359864.9936118,0.001753091812133789
118214,MVI_40871,198,0,1782359864.9956048,0.001992940902709961
118215,MVI_40871,40,0,1782359864.997779,0.0021741390228271484
118216,MVI_40871,594,0,1782359864.9998014,0.0020225048065185547
118217,MVI_40871,366,0,1782359865.0016003,0.001798868179321289
118218,MVI_40871,577,0,1782359865.0038557,0.0022554397583007812
118219,MVI_40871,305,0,1782359865.0056016,0.0017459392547607422
118220,MVI_40871,292,0,1782359865.0078008,0.0021991729736328125
118221,MVI_40871,781,0,1782359865.009574,0.0017731189727783203
118222,MVI_40871,664,0,1782359865.0117846,0.0022106170654296875
118223,MVI_40871,450,0,1782359865.0135996,0.0018150806427001953
118224,MVI_40871,798,0,1782359865.0158577,0.0022580623626708984
118225,MVI_40871,32,0,1782359865.017601,0.001743316650390625
118226,MVI_40871,532,0,1782359865.019801,0.002199888229370117
118227,MVI_40871,272,0,1782359865.0215747,0.001773834228515625
118228,MVI_40871,139,0,1782359865.0237803,0.0022056102752685547
118229,MVI_40871,519,0,1782359865.0255995,0.0018191337585449219
118230,MVI_40871,72,0,1782359865.027857,0.0022575855255126953
118231,MVI_40871,620,0,1782359865.0296009,0.0017437934875488281
118232,MVI_40871,509,0,1782359865.0318005,0.0021996498107910156
118233,MVI_40871,168,0,1782359865.0335739,0.0017733573913574219
118234,MVI_40871,351,0,1782359865.03578,0.002206087112426758
118235,MVI_40871,37,0,1782359865.0375996,0.001819610595703125
118236,MVI_40871,717,0,1782359865.0398023,0.002202749252319336
118237,MVI_40871,90,0,1782359865.0418022,0.0019998550415039062
118238,MVI_40871,623,0,1782359865.0435987,0.0017964839935302734
118239,MVI_40871,621,0,1782359865.045857,0.00225830078125
118240,MVI_40871,556,0,1782359865.0475998,0.0017428398132324219
118241,MVI_40871,38,0,1782359865.0498018,0.0022020339965820312
118242,MVI_40871,289,0,1782359865.051574,0.001772165298461914
118243,MVI_40871,359,0,1782359865.0537791,0.0022051334381103516
118244,MVI_40871,498,0,1782359865.0556078,0.0018286705017089844
118245,MVI_40871,751,0,1782359865.0578594,0.0022516250610351562
118246,MVI_40871,193,0,1782359865.0595996,0.0017402172088623047
118247,MVI_40871,190,0,1782359865.0618017,0.0022020339965820312
118248,MVI_40871,821,0,1782359865.0635743,0.0017726421356201172
118249,MVI_40871,483,0,1782359865.0657792,0.00220489501953125
118250,MVI_40871,734,0,1782359865.0676005,0.001821279525756836
118251,MVI_40871,812,0,1782359865.069859,0.0022585391998291016
118252,MVI_40871,780,0,1782359865.0716002,0.001741170883178711
118253,MVI_40871,320,0,1782359865.073808,0.0022077560424804688
118254,MVI_40871,503,0,1782359865.0756001,0.0017921924591064453
118255,MVI_40871,742,0,1782359865.0778,0.002199888229370117
118256,MVI_40871,814,0,1782359865.079601,0.0018010139465332031
118257,MVI_40871,685,0,1782359865.0818038,0.002202749252319336
118258,MVI_40871,845,0,1782359865.0838017,0.0019979476928710938
118259,MVI_40871,53,0,1782359865.0856006,0.001798868179321289
118260,MVI_40871,515,0,1782359865.0878036,0.0022029876708984375
118261,MVI_40871,162,0,1782359865.0897753,0.001971721649169922
118262,MVI_40871,660,0,1782359865.091573,0.0017976760864257812
118263,MVI_40871,89,0,1782359865.093836,0.0022630691528320312
118264,MVI_40871,409,0,1782359865.0955997,0.0017635822296142578
118265,MVI_40871,133,0,1782359865.097771,0.0021712779998779297
118266,MVI_40871,568,0,1782359865.0995638,0.00179290771484375
118267,MVI_40871,160,0,1782359865.1017957,0.0022318363189697266
118268,MVI_40871,661,0,1782359865.1037257,0.0019299983978271484
118269,MVI_40871,464,0,1782359865.1060884,0.0023627281188964844
118270,MVI_40871,708,0,1782359865.107758,0.0016696453094482422
118271,MVI_40871,91,0,1782359865.109955,0.0021970272064208984
118272,MVI_40871,727,0,1782359865.1124504,0.002495288848876953
118273,MVI_40871,22,0,1782359865.1136174,0.0011670589447021484
118274,MVI_40871,145,0,1782359865.1157658,0.0021483898162841797
118275,MVI_40871,218,0,1782359865.1180081,0.0022423267364501953
118276,MVI_40871,476,0,1782359865.1209562,0.0029480457305908203
118277,MVI_40871,394,0,1782359865.1217837,0.0008275508880615234
118278,MVI_40871,756,0,1782359865.1240067,0.0022230148315429688
118279,MVI_40871,341,0,1782359865.1269557,0.0029489994049072266
118280,MVI_40871,736,0,1782359865.1277943,0.0008385181427001953
118281,MVI_40871,755,0,1782359865.13002,0.002225637435913086
118282,MVI_40871,512,0,1782359865.1317565,0.0017366409301757812
118283,MVI_40871,699,0,1782359865.1338265,0.0020699501037597656
118284,MVI_40871,227,0,1782359865.135815,0.0019884109497070312
118285,MVI_40871,203,0,1782359865.1379087,0.002093791961669922
118286,MVI_40871,806,0,1782359865.139622,0.0017132759094238281
118287,MVI_40871,601,0,1782359865.1419537,0.0023317337036132812
118288,MVI_40871,280,0,1782359865.143765,0.0018112659454345703
118289,MVI_40871,500,0,1782359865.1457572,0.0019922256469726562
118290,MVI_40871,752,0,1782359865.1478336,0.002076387405395508
118291,MVI_40871,640,0,1782359865.1499128,0.0020792484283447266
118292,MVI_40871,645,0,1782359865.151617,0.0017042160034179688
118293,MVI_40871,235,0,1782359865.1539745,0.00235748291015625
118294,MVI_40871,264,0,1782359865.1557603,0.0017857551574707031
118295,MVI_40871,843,0,1782359865.157813,0.002052783966064453
118296,MVI_40871,338,0,1782359865.1597507,0.0019376277923583984
118297,MVI_40871,124,0,1782359865.1619086,0.002157926559448242
118298,MVI_40871,536,0,1782359865.163607,0.0016982555389404297
118299,MVI_40871,92,0,1782359865.1659758,0.002368927001953125
118300,MVI_40871,20,0,1782359865.1677957,0.0018198490142822266
118301,MVI_40871,825,0,1782359865.1698124,0.002016782760620117
118302,MVI_40871,214,0,1782359865.1718338,0.002021312713623047
118303,MVI_40871,152,0,1782359865.173783,0.001949310302734375
118304,MVI_40871,196,0,1782359865.1757522,0.0019690990447998047
118305,MVI_40871,413,0,1782359865.177897,0.0021448135375976562
118306,MVI_40871,790,0,1782359865.1796823,0.0017852783203125
118307,MVI_40871,79,0,1782359865.1819186,0.0022363662719726562
118308,MVI_40871,231,0,1782359865.1836135,0.0016949176788330078
118309,MVI_40871,311,0,1782359865.1858127,0.0021991729736328125
118310,MVI_40871,504,0,1782359865.1877222,0.001909494400024414
118311,MVI_40871,243,0,1782359865.1897988,0.0020766258239746094
118312,MVI_40871,230,0,1782359865.191812,0.0020132064819335938
118313,MVI_40871,121,0,1782359865.1936488,0.0018367767333984375
118314,MVI_40871,392,0,1782359865.1957772,0.0021283626556396484
118315,MVI_40871,387,0,1782359865.1977983,0.0020210742950439453
118316,MVI_40871,449,0,1782359865.199596,0.0017976760864257812
118317,MVI_40871,347,0,1782359865.2018268,0.0022308826446533203
118318,MVI_40871,777,0,1782359865.203798,0.0019712448120117188
118319,MVI_40871,234,0,1782359865.2055964,0.001798391342163086
118320,MVI_40871,59,0,1782359865.2077715,0.0021750926971435547
118321,MVI_40871,600,0,1782359865.209799,0.0020275115966796875
118322,MVI_40871,418,0,1782359865.2116055,0.001806497573852539
118323,MVI_40871,434,0,1782359865.2138302,0.0022246837615966797
118324,MVI_40871,680,0,1782359865.215797,0.001966714859008789
118325,MVI_40871,382,0,1782359865.217595,0.0017981529235839844
118326,MVI_40871,149,0,1782359865.2197952,0.0022001266479492188
118327,MVI_40871,597,0,1782359865.2218037,0.0020084381103515625
118328,MVI_40871,329,0,1782359865.2235954,0.0017917156219482422
118329,MVI_40871,14,0,1782359865.2258346,0.002239227294921875
118330,MVI_40871,128,0,1782359865.2278013,0.001966714859008789
118331,MVI_40871,730,0,1782359865.229596,0.001794576644897461
118332,MVI_40871,490,0,1782359865.2317722,0.0021762847900390625
118333,MVI_40871,55,0,1782359865.2338047,0.0020325183868408203
118334,MVI_40871,448,0,1782359865.2355957,0.0017910003662109375
118335,MVI_40871,75,0,1782359865.2378354,0.002239704132080078
118336,MVI_40871,517,0,1782359865.2397969,0.0019614696502685547
118337,MVI_40871,308,0,1782359865.241598,0.0018010139465332031
118338,MVI_40871,758,0,1782359865.243771,0.002173185348510742
118339,MVI_40871,565,0,1782359865.245769,0.0019979476928710938
118340,MVI_40871,186,0,1782359865.2475743,0.0018053054809570312
118341,MVI_40871,30,0,1782359865.2498405,0.0022661685943603516
118342,MVI_40871,132,0,1782359865.2517838,0.001943349838256836
118343,MVI_40871,276,0,1782359865.2535715,0.0017876625061035156
118344,MVI_40871,767,0,1782359865.2558436,0.0022721290588378906
118345,MVI_40871,439,0,1782359865.257579,0.0017354488372802734
118346,MVI_40871,336,0,1782359865.2597718,0.0021927356719970703
118347,MVI_40871,346,0,1782359865.2616377,0.0018658638000488281
118348,MVI_40871,818,0,1782359865.263778,0.0021402835845947266
118349,MVI_40871,453,0,1782359865.2655723,0.0017943382263183594
118350,MVI_40871,100,0,1782359865.267845,0.0022726058959960938
118351,MVI_40871,662,0,1782359865.2697766,0.0019316673278808594
118352,MVI_40871,27,0,1782359865.2715745,0.0017979145050048828
118353,MVI_40871,408,0,1782359865.2738478,0.0022733211517333984
118354,MVI_40871,544,0,1782359865.275579,0.0017311573028564453
118355,MVI_40871,228,0,1782359865.2777686,0.00218963623046875
118356,MVI_40871,474,0,1782359865.2796452,0.0018765926361083984
118357,MVI_40871,290,0,1782359865.2817748,0.0021295547485351562
118358,MVI_40871,546,0,1782359865.2835708,0.0017960071563720703
118359,MVI_40871,209,0,1782359865.2858548,0.0022840499877929688
118360,MVI_40871,390,0,1782359865.2875776,0.0017228126525878906
118361,MVI_40871,433,0,1782359865.2898145,0.0022368431091308594
118362,MVI_40871,426,0,1782359865.2916505,0.0018360614776611328
118363,MVI_40871,10,0,1782359865.2937813,0.002130746841430664
118364,MVI_40871,303,0,1782359865.2955704,0.001789093017578125
118365,MVI_40871,260,0,1782359865.297877,0.002306699752807617
118366,MVI_40871,549,0,1782359865.299584,0.001706838607788086
118367,MVI_40871,170,0,1782359865.3017638,0.002179861068725586
118368,MVI_40871,539,0,1782359865.3036544,0.0018906593322753906
118369,MVI_40871,693,0,1782359865.305776,0.002121448516845703
118370,MVI_40871,201,0,1782359865.3075712,0.0017952919006347656
118371,MVI_40871,655,0,1782359865.3098605,0.002289295196533203
118372,MVI_40871,720,0,1782359865.311554,0.0016934871673583984
118373,MVI_40871,405,0,1782359865.3137834,0.002229452133178711
118374,MVI_40871,39,0,1782359865.3156805,0.0018970966339111328
118375,MVI_40871,1,0,1782359865.317751,0.0020704269409179688
118376,MVI_40871,691,0,1782359865.3195715,0.0018205642700195312
118377,MVI_40871,385,0,1782359865.3218706,0.002299070358276367
118378,MVI_40871,180,0,1782359865.3235726,0.0017020702362060547
118379,MVI_40871,61,0,1782359865.3257668,0.0021941661834716797
118380,MVI_40871,670,0,1782359865.327684,0.001917123794555664
118381,MVI_40871,475,0,1782359865.329748,0.0020639896392822266
118382,MVI_40871,823,0,1782359865.3315692,0.001821279525756836
118383,MVI_40871,477,0,1782359865.3337703,0.002201080322265625
118384,MVI_40871,652,0,1782359865.3357773,0.002007007598876953
118385,MVI_40871,191,0,1782359865.3375728,0.0017955303192138672
118386,MVI_40871,688,0,1782359865.3397725,0.0021996498107910156
118387,MVI_40871,47,0,1782359865.3417668,0.0019943714141845703
118388,MVI_40871,430,0,1782359865.3435702,0.0018033981323242188
118389,MVI_40871,130,0,1782359865.3458798,0.002309560775756836
118390,MVI_40871,219,0,1782359865.3475604,0.001680612564086914
118391,MVI_40871,294,0,1782359865.3499253,0.0023648738861083984
118392,MVI_40871,605,0,1782359865.3515928,0.0016674995422363281
118393,MVI_40871,681,0,1782359865.35377,0.0021772384643554688
118394,MVI_40871,222,0,1782359865.3555777,0.0018076896667480469
118395,MVI_40871,325,0,1782359865.3578718,0.0022940635681152344
118396,MVI_40871,71,0,1782359865.3597605,0.0018887519836425781
118397,MVI_40871,309,0,1782359865.3615837,0.0018231868743896484
118398,MVI_40871,741,0,1782359865.363773,0.0021893978118896484
118399,MVI_40871,372,0,1782359865.3657963,0.0020232200622558594
118400,MVI_40871,368,0,1782359865.3676016,0.0018053054809570312
118401,MVI_40871,339,0,1782359865.3697755,0.002173900604248047
118402,MVI_40871,74,0,1782359865.3717737,0.0019981861114501953
118403,MVI_40871,362,0,1782359865.373582,0.00180816650390625
118404,MVI_40871,774,0,1782359865.375781,0.0021991729736328125
118405,MVI_40871,551,0,1782359865.377764,0.0019829273223876953
118406,MVI_40871,421,0,1782359865.3795896,0.001825571060180664
118407,MVI_40871,8,0,1782359865.381781,0.0021915435791015625
118408,MVI_40871,381,0,1782359865.383771,0.0019898414611816406
118409,MVI_40871,743,0,1782359865.385594,0.0018229484558105469
118410,MVI_40871,799,0,1782359865.3877826,0.0021886825561523438
118411,MVI_40871,419,0,1782359865.3897746,0.0019919872283935547
118412,MVI_40871,541,0,1782359865.3915818,0.0018072128295898438
118413,MVI_40871,407,0,1782359865.3937862,0.002204418182373047
118414,MVI_40871,328,0,1782359896.8937523,0.0
118415,MVI_40871,740,0,1782359896.8958051,0.002052783966064453
118416,MVI_40871,121,0,1782359896.8976789,0.0018737316131591797
118417,MVI_40871,142,0,1782359896.8996572,0.0019783973693847656
118418,MVI_40871,528,0,1782359896.9016812,0.002023935317993164
118419,MVI_40871,259,0,1782359896.9037383,0.0020570755004882812
118420,MVI_40871,203,0,1782359896.9056568,0.0019185543060302734
118421,MVI_40871,680,0,1782359896.9077568,0.0020999908447265625
118422,MVI_40871,726,0,1782359896.909614,0.0018572807312011719
118423,MVI_40871,804,0,1782359896.9116511,0.00203704833984375
118424,MVI_40871,69,0,1782359896.9137096,0.0020585060119628906
118425,MVI_40871,640,0,1782359896.9156804,0.0019707679748535156
118426,MVI_40871,386,0,1782359896.9176424,0.001961946487426758
118427,MVI_40871,27,0,1782359896.9199073,0.0022649765014648438
118428,MVI_40871,178,0,1782359896.921688,0.0017807483673095703
118429,MVI_40871,10,0,1782359896.9236739,0.001985788345336914
118430,MVI_40871,118,0,1782359896.9257565,0.0020825862884521484
118431,MVI_40871,35,0,1782359896.9276376,0.0018811225891113281
118432,MVI_40871,22,0,1782359896.9296856,0.002048015594482422
118433,MVI_40871,605,0,1782359896.9316566,0.001971006393432617
118434,MVI_40871,282,0,1782359896.9336832,0.0020265579223632812
118435,MVI_40871,404,0,1782359896.9356496,0.0019664764404296875
118436,MVI_40871,848,0,1782359896.9376802,0.002030611038208008
118437,MVI_40871,829,0,1782359896.9396975,0.0020172595977783203
118438,MVI_40871,505,0,1782359896.9416451,0.001947641372680664
118439,MVI_40871,695,0,1782359896.943705,0.0020599365234375
118440,MVI_40871,320,0,1782359896.945699,0.001993894577026367
118441,MVI_40871,694,0,1782359896.9478326,0.002133607864379883
118442,MVI_40871,296,0,1782359896.9498534,0.0020208358764648438
118443,MVI_40871,843,0,1782359896.9517047,0.0018513202667236328
118444,MVI_40871,383,0,1782359896.953866,0.002161264419555664
118445,MVI_40871,645,0,1782359896.9557748,0.0019087791442871094
118446,MVI_40871,571,0,1782359896.9578407,0.002065896987915039
118447,MVI_40871,4,0,1782359896.9597104,0.0018696784973144531
118448,MVI_40871,525,0,1782359896.9618688,0.0021584033966064453
118449,MVI_40871,293,0,1782359896.9637046,0.0018358230590820312
118450,MVI_40871,273,0,1782359896.9658868,0.0021822452545166016
118451,MVI_40871,621,0,1782359896.9677713,0.00188446044921875
118452,MVI_40871,517,0,1782359896.9698393,0.002068042755126953
118453,MVI_40871,429,0,1782359896.971769,0.0019297599792480469
118454,MVI_40871,306,0,1782359896.9738681,0.0020990371704101562
118455,MVI_40871,479,0,1782359896.9756827,0.0018146038055419922
118456,MVI_40871,604,0,1782359896.97787,0.0021872520446777344
118457,MVI_40871,473,0,1782359896.9797106,0.0018405914306640625
118458,MVI_40871,132,0,1782359896.9818535,0.0021429061889648438
118459,MVI_40871,116,0,1782359896.9836833,0.0018298625946044922
118460,MVI_40871,589,0,1782359896.9858282,0.0021448135375976562
118461,MVI_40871,446,0,1782359896.9876878,0.0018596649169921875
118462,MVI_40871,762,0,1782359896.989814,0.0021262168884277344
118463,MVI_40871,784,0,1782359896.991836,0.0020220279693603516
118464,MVI_40871,453,0,1782359896.9936872,0.0018510818481445312
118465,MVI_40871,593,0,1782359896.9958231,0.0021359920501708984
118466,MVI_40871,610,0,1782359896.9978218,0.0019986629486083984
118467,MVI_40871,596,0,1782359896.9997144,0.0018925666809082031
118468,MVI_40871,774,0,1782359897.0018384,0.0021240711212158203
118469,MVI_40871,602,0,1782359897.0037875,0.0019490718841552734
118470,MVI_40871,509,0,1782359897.0056803,0.0018928050994873047
118471,MVI_40871,28,0,1782359897.0077062,0.0020258426666259766
118472,MVI_40871,467,0,1782359897.009855,0.002148866653442383
118473,MVI_40871,305,0,1782359897.0117705,0.0019154548645019531
118474,MVI_40871,616,0,1782359897.013753,0.001982450485229492
118475,MVI_40871,745,0,1782359897.0157185,0.0019655227661132812
118476,MVI_40871,208,0,1782359897.0177186,0.002000093460083008
118477,MVI_40871,140,0,1782359897.019677,0.0019583702087402344
118478,MVI_40871,224,0,1782359897.0217156,0.002038717269897461
118479,MVI_40871,380,0,1782359897.0236316,0.0019159317016601562
118480,MVI_40871,743,0,1782359897.0256813,0.002049684524536133
118481,MVI_40871,55,0,1782359897.0276992,0.002017974853515625
118482,MVI_40871,24,0,1782359897.0296812,0.001981973648071289
118483,MVI_40871,527,0,1782359897.0316505,0.0019693374633789062
118484,MVI_40871,225,0,1782359897.0337012,0.002050638198852539
118485,MVI_40871,696,0,1782359897.0358195,0.002118349075317383
118486,MVI_40871,2,0,1782359897.0376923,0.0018727779388427734
118487,MVI_40871,449,0,1782359897.039821,0.00212860107421875
118488,MVI_40871,583,0,1782359897.0416844,0.0018634796142578125
118489,MVI_40871,26,0,1782359897.0438209,0.0021364688873291016
118490,MVI_40871,705,0,1782359897.0457935,0.001972675323486328
118491,MVI_40871,425,0,1782359897.0476851,0.0018916130065917969
118492,MVI_40871,217,0,1782359897.0497935,0.002108335494995117
118493,MVI_40871,733,0,1782359897.0517948,0.0020012855529785156
118494,MVI_40871,630,0,1782359897.053681,0.001886129379272461
118495,MVI_40871,20,0,1782359897.0558262,0.0021452903747558594
118496,MVI_40871,579,0,1782359897.057816,0.0019898414611816406
118497,MVI_40871,567,0,1782359897.059714,0.001898050308227539
118498,MVI_40871,222,0,1782359897.0617986,0.002084493637084961
118499,MVI_40871,501,0,1782359897.0638251,0.0020265579223632812
118500,MVI_40871,580,0,1782359897.0656881,0.0018630027770996094
118501,MVI_40871,85,0,1782359897.067836,0.0021479129791259766
118502,MVI_40871,676,0,1782359897.069744,0.0019080638885498047
118503,MVI_40871,814,0,1782359897.0717971,0.0020530223846435547
118504,MVI_40871,765,0,1782359897.0737815,0.0019843578338623047
118505,MVI_40871,686,0,1782359897.0758617,0.002080202102661133
118506,MVI_40871,265,0,1782359897.0776744,0.0018126964569091797
118507,MVI_40871,231,0,1782359897.0798519,0.0021774768829345703
118508,MVI_40871,631,0,1782359897.0817683,0.0019164085388183594
118509,MVI_40871,508,0,1782359897.0837982,0.002029895782470703
118510,MVI_40871,153,0,1782359897.0857651,0.0019669532775878906
118511,MVI_40871,711,0,1782359897.0878363,0.0020711421966552734
118512,MVI_40871,143,0,1782359897.0897677,0.0019314289093017578
118513,MVI_40871,226,0,1782359897.0918415,0.0020737648010253906
118514,MVI_40871,374,0,1782359897.0937657,0.001924276351928711
118515,MVI_40871,338,0,1782359897.0958443,0.002078533172607422
118516,MVI_40871,766,0,1782359897.0977628,0.0019185543060302734
118517,MVI_40871,327,0,1782359897.0998423,0.002079486846923828
118518,MVI_40871,84,0,1782359897.1016397,0.0017974376678466797
118519,MVI_40871,815,0,1782359897.103646,0.0020062923431396484
118520,MVI_40871,654,0,1782359897.1057434,0.0020973682403564453
118521,MVI_40871,772,0,1782359897.1076417,0.0018982887268066406
118522,MVI_40871,715,0,1782359897.1096575,0.002015829086303711
118523,MVI_40871,495,0,1782359897.111714,0.0020563602447509766
118524,MVI_40871,393,0,1782359897.113619,0.001905202865600586
118525,MVI_40871,637,0,1782359897.115709,0.002089977264404297
118526,MVI_40871,323,0,1782359897.1178603,0.0021512508392333984
118527,MVI_40871,710,0,1782359897.119692,0.0018317699432373047
118528,MVI_40871,95,0,1782359897.1218736,0.002181529998779297
118529,MVI_40871,181,0,1782359897.123882,0.0020084381103515625
118530,MVI_40871,196,0,1782359897.125701,0.0018188953399658203
118531,MVI_40871,470,0,1782359897.1278763,0.0021753311157226562
118532,MVI_40871,436,0,1782359897.1298826,0.0020062923431396484
118533,MVI_40871,448,0,1782359897.1316988,0.0018162727355957031
118534,MVI_40871,794,0,1782359897.1338801,0.0021812915802001953
118535,MVI_40871,285,0,1782359897.1358726,0.001992464065551758
118536,MVI_40871,30,0,1782359897.137716,0.0018434524536132812
118537,MVI_40871,803,0,1782359897.1398597,0.0021436214447021484
118538,MVI_40871,135,0,1782359897.1418676,0.0020079612731933594
118539,MVI_40871,795,0,1782359897.1436841,0.0018165111541748047
118540,MVI_40871,441,0,1782359897.1458538,0.0021696090698242188
118541,MVI_40871,152,0,1782359897.1478436,0.0019898414611816406
118542,MVI_40871,753,0,1782359897.1496723,0.0018286705017089844
118543,MVI_40871,342,0,1782359897.151847,0.0021746158599853516
118544,MVI_40871,329,0,1782359897.1538353,0.0019884109497070312
118545,MVI_40871,272,0,1782359897.1557217,0.0018863677978515625
118546,MVI_40871,295,0,1782359897.1578455,0.0021238327026367188
118547,MVI_40871,174,0,1782359897.1598403,0.0019948482513427734
118548,MVI_40871,264,0,1782359897.1616807,0.001840353012084961
118549,MVI_40871,817,0,1782359897.1638482,0.0021674633026123047
118550,MVI_40871,38,0,1782359897.1658418,0.0019936561584472656
118551,MVI_40871,744,0,1782359897.1677454,0.001903533935546875
118552,MVI_40871,366,0,1782359897.1696954,0.0019500255584716797
118553,MVI_40871,492,0,1782359897.1718786,0.002183198928833008
118554,MVI_40871,768,0,1782359897.1736887,0.0018100738525390625
118555,MVI_40871,349,0,1782359897.1758564,0.0021677017211914062
118556,MVI_40871,498,0,1782359897.1778343,0.0019779205322265625
118557,MVI_40871,576,0,1782359897.1796806,0.0018463134765625
118558,MVI_40871,578,0,1782359897.1818292,0.0021486282348632812
118559,MVI_40871,520,0,1782359897.183826,0.001996755599975586
118560,MVI_40871,106,0,1782359897.1856413,0.0018153190612792969
118561,MVI_40871,204,0,1782359897.1876807,0.0020394325256347656
118562,MVI_40871,690,0,1782359897.189755,0.0020742416381835938
118563,MVI_40871,850,0,1782359897.1916163,0.0018613338470458984
118564,MVI_40871,185,0,1782359897.1937673,0.002151012420654297
118565,MVI_40871,665,0,1782359897.1957836,0.002016305923461914
118566,MVI_40871,809,0,1782359897.1976392,0.001855611801147461
118567,MVI_40871,472,0,1782359897.1997461,0.002106904983520508
118568,MVI_40871,113,0,1782359897.2017808,0.0020346641540527344
118569,MVI_40871,165,0,1782359897.2036138,0.0018329620361328125
118570,MVI_40871,170,0,1782359897.2057772,0.002163410186767578
118571,MVI_40871,842,0,1782359897.2077677,0.0019905567169189453
118572,MVI_40871,223,0,1782359897.2096553,0.0018875598907470703
118573,MVI_40871,352,0,1782359897.2117672,0.0021119117736816406
118574,MVI_40871,36,0,1782359897.2137482,0.001981019973754883
118575,MVI_40871,105,0,1782359897.2156212,0.001873016357421875
118576,MVI_40871,706,0,1782359897.2177758,0.0021545886993408203
118577,MVI_40871,166,0,1782359897.219738,0.0019621849060058594
118578,MVI_40871,71,0,1782359897.2216358,0.0018978118896484375
118579,MVI_40871,364,0,1782359897.2237291,0.0020933151245117188
118580,MVI_40871,52,0,1782359897.2257576,0.0020284652709960938
118581,MVI_40871,68,0,1782359897.2276378,0.0018801689147949219
118582,MVI_40871,692,0,1782359897.2297914,0.002153635025024414
118583,MVI_40871,750,0,1782359897.2317772,0.001985788345336914
118584,MVI_40871,760,0,1782359897.2336495,0.0018723011016845703
118585,MVI_40871,240,0,1782359897.2357826,0.0021331310272216797
118586,MVI_40871,322,0,1782359897.2377858,0.002003192901611328
118587,MVI_40871,297,0,1782359897.2396557,0.0018699169158935547
118588,MVI_40871,722,0,1782359897.2417457,0.002089977264404297
118589,MVI_40871,591,0,1782359897.2438025,0.0020568370819091797
118590,MVI_40871,759,0,1782359897.2456274,0.0018248558044433594
118591,MVI_40871,333,0,1782359897.2477446,0.002117156982421875
118592,MVI_40871,551,0,1782359897.249754,0.0020093917846679688
118593,MVI_40871,849,0,1782359897.2516475,0.0018935203552246094
118594,MVI_40871,390,0,1782359897.2537384,0.002090930938720703
118595,MVI_40871,545,0,1782359897.2558055,0.002067089080810547
118596,MVI_40871,648,0,1782359897.2576127,0.0018072128295898438
118597,MVI_40871,575,0,1782359897.2597442,0.0021314620971679688
118598,MVI_40871,278,0,1782359897.2617688,0.0020246505737304688
118599,MVI_40871,841,0,1782359897.263654,0.0018851757049560547
118600,MVI_40871,641,0,1782359897.265733,0.002079010009765625
118601,MVI_40871,243,0,1782359897.2677639,0.0020308494567871094
118602,MVI_40871,336,0,1782359897.269617,0.0018532276153564453
118603,MVI_40871,611,0,1782359897.2717593,0.002142190933227539
118604,MVI_40871,433,0,1782359897.2737494,0.001990079879760742
118605,MVI_40871,709,0,1782359897.2756252,0.0018758773803710938
118606,MVI_40871,389,0,1782359897.2777624,0.0021371841430664062
118607,MVI_40871,154,0,1782359897.2797563,0.001993894577026367
118608,MVI_40871,359,0,1782359897.2816794,0.0019230842590332031
118609,MVI_40871,284,0,1782359897.2837543,0.0020749568939208984
118610,MVI_40871,190,0,1782359897.2857878,0.0020334720611572266
118611,MVI_40871,42,0,1782359897.2876496,0.0018618106842041016
118612,MVI_40871,776,0,1782359897.289784,0.0021343231201171875
118613,MVI_40871,798,0,1782359897.2917852,0.0020012855529785156
118614,MVI_40871,724,0,1782359897.293649,0.001863718032836914
118615,MVI_40871,697,0,1782359897.2957907,0.002141714096069336
118616,MVI_40871,668,0,1782359897.2977736,0.0019829273223876953
118617,MVI_40871,102,0,1782359897.2997177,0.0019440650939941406
118618,MVI_40871,489,0,1782359897.3017066,0.0019888877868652344
118619,MVI_40871,109,0,1782359897.303777,0.0020704269409179688
118620,MVI_40871,32,0,1782359897.3056455,0.0018684864044189453
118621,MVI_40871,253,0,1782359897.3077853,0.0021398067474365234
118622,MVI_40871,747,0,1782359897.3097992,0.0020139217376708984
118623,MVI_40871,636,0,1782359897.3116455,0.0018463134765625
118624,MVI_40871,175,0,1782359897.3138125,0.0021669864654541016
118625,MVI_40871,169,0,1782359897.3158405,0.0020279884338378906
118626,MVI_40871,250,0,1782359897.3176954,0.0018548965454101562
118627,MVI_40871,516,0,1782359897.3198419,0.002146482467651367
118628,MVI_40871,661,0,1782359897.3218136,0.001971721649169922
118629,MVI_40871,738,0,1782359897.3236473,0.0018336772918701172
118630,MVI_40871,478,0,1782359897.3258128,0.002165555953979492
118631,MVI_40871,125,0,1782359897.3278213,0.0020084381103515625
118632,MVI_40871,111,0,1782359897.3296583,0.001837015151977539
118633,MVI_40871,416,0,1782359897.3318129,0.0021545886993408203
118634,MVI_40871,3,0,1782359897.3338408,0.0020279884338378906
118635,MVI_40871,732,0,1782359897.3356862,0.0018453598022460938
118636,MVI_40871,720,0,1782359897.3378701,0.0021839141845703125
118637,MVI_40871,628,0,1782359897.3398507,0.0019805431365966797
118638,MVI_40871,201,0,1782359897.3417013,0.0018506050109863281
118639,MVI_40871,414,0,1782359897.3438718,0.002170562744140625
118640,MVI_40871,782,0,1782359897.345911,0.002039194107055664
118641,MVI_40871,827,0,1782359897.3476536,0.0017426013946533203
118642,MVI_40871,471,0,1782359897.3496885,0.002034902572631836
118643,MVI_40871,672,0,1782359897.351733,0.0020444393157958984
118644,MVI_40871,659,0,1782359897.353642,0.001909017562866211
118645,MVI_40871,477,0,1782359897.3556526,0.0020105838775634766
118646,MVI_40871,162,0,1782359897.3577008,0.0020482540130615234
118647,MVI_40871,244,0,1782359897.3596933,0.001992464065551758
118648,MVI_40871,60,0,1782359897.3618333,0.002140045166015625
118649,MVI_40871,319,0,1782359897.363822,0.001988649368286133
118650,MVI_40871,286,0,1782359897.3656976,0.0018756389617919922
118651,MVI_40871,451,0,1782359897.3678458,0.002148151397705078
118652,MVI_40871,346,0,1782359897.3698761,0.0020303726196289062
118653,MVI_40871,353,0,1782359897.3717508,0.001874685287475586
118654,MVI_40871,727,0,1782359897.3738742,0.0021233558654785156
118655,MVI_40871,683,0,1782359897.3758044,0.00193023681640625
118656,MVI_40871,199,0,1782359897.3777993,0.0019948482513427734
118657,MVI_40871,133,0,1782359897.379712,0.001912832260131836
118658,MVI_40871,100,0,1782359897.3818738,0.002161741256713867
118659,MVI_40871,194,0,1782359897.3837295,0.001855611801147461
118660,MVI_40871,682,0,1782359897.3858757,0.0021462440490722656
118661,MVI_40871,572,0,1782359897.387919,0.0020432472229003906
118662,MVI_40871,563,0,1782359897.3897088,0.0017898082733154297
118663,MVI_40871,823,0,1782359897.3924701,0.002761363983154297
118664,MVI_40871,267,0,1782359897.3938599,0.0013897418975830078
118665,MVI_40871,382,0,1782359897.3957732,0.001913309097290039
118666,MVI_40871,373,0,1782359897.397833,0.0020599365234375
118667,MVI_40871,74,0,1782359897.3999283,0.0020952224731445312
118668,MVI_40871,299,0,1782359897.4017103,0.0017819404602050781
118669,MVI_40871,614,0,1782359897.403875,0.0021648406982421875
118670,MVI_40871,844,0,1782359897.4057677,0.0018925666809082031
118671,MVI_40871,609,0,1782359897.4078312,0.0020635128021240234
118672,MVI_40871,587,0,1782359897.40977,0.0019388198852539062
118673,MVI_40871,187,0,1782359897.4117818,0.0020117759704589844
118674,MVI_40871,491,0,1782359897.413826,0.002044200897216797
118675,MVI_40871,845,0,1782359897.4156978,0.0018718242645263672
118676,MVI_40871,96,0,1782359897.4178627,0.0021648406982421875
118677,MVI_40871,377,0,1782359897.4197001,0.0018374919891357422
118678,MVI_40871,236,0,1782359897.4218624,0.0021622180938720703
118679,MVI_40871,821,0,1782359897.423845,0.0019826889038085938
118680,MVI_40871,423,0,1782359897.4256558,0.0018107891082763672
118681,MVI_40871,642,0,1782359897.4278715,0.0022156238555908203
118682,MVI_40871,72,0,1782359897.4298427,0.0019712448120117188
118683,MVI_40871,488,0,1782359897.431658,0.0018153190612792969
118684,MVI_40871,156,0,1782359897.4338682,0.0022101402282714844
118685,MVI_40871,565,0,1782359897.43585,0.0019817352294921875
118686,MVI_40871,173,0,1782359897.437652,0.001802206039428711
118687,MVI_40871,749,0,1782359897.4398444,0.002192258834838867
118688,MVI_40871,303,0,1782359897.44184,0.001995563507080078
118689,MVI_40871,450,0,1782359897.4436517,0.0018117427825927734
118690,MVI_40871,387,0,1782359897.4458408,0.002189159393310547
118691,MVI_40871,375,0,1782359897.44784,0.0019991397857666016
118692,MVI_40871,713,0,1782359897.4497035,0.0018634796142578125
118693,MVI_40871,521,0,1782359897.4518294,0.002125978469848633
118694,MVI_40871,756,0,1782359897.4538593,0.002029895782470703
118695,MVI_40871,252,0,1782359897.4556503,0.0017910003662109375
118696,MVI_40871,195,0,1782359897.4578633,0.002213001251220703
118697,MVI_40871,391,0,1782359897.4599183,0.002054929733276367
118698,MVI_40871,405,0,1782359897.461815,0.0018968582153320312
118699,MVI_40871,371,0,1782359897.4639032,0.0020880699157714844
118700,MVI_40871,839,0,1782359897.4657645,0.0018613338470458984
118701,MVI_40871,590,0,1782359897.4678643,0.002099752426147461
118702,MVI_40871,824,0,1782359897.4697905,0.0019261837005615234
118703,MVI_40871,12,0,1782359897.471878,0.0020875930786132812
118704,MVI_40871,260,0,1782359897.4738233,0.0019452571868896484
118705,MVI_40871,707,0,1782359897.4758787,0.0020554065704345703
118706,MVI_40871,739,0,1782359897.477885,0.0020062923431396484
118707,MVI_40871,773,0,1782359897.4798048,0.0019197463989257812
118708,MVI_40871,358,0,1782359897.4818857,0.0020809173583984375
118709,MVI_40871,653,0,1782359897.4837892,0.001903533935546875
118710,MVI_40871,810,0,1782359897.4858842,0.0020949840545654297
118711,MVI_40871,702,0,1782359897.487783,0.0018987655639648438
118712,MVI_40871,483,0,1782359897.4898973,0.0021142959594726562
118713,MVI_40871,149,0,1782359897.4918087,0.0019114017486572266
118714,MVI_40871,290,0,1782359897.4938872,0.002078533172607422
118715,MVI_40871,112,0,1782359897.4957936,0.0019063949584960938
118716,MVI_40871,246,0,1782359897.497877,0.002083301544189453
118717,MVI_40871,546,0,1782359897.4997945,0.0019176006317138672
118718,MVI_40871,651,0,1782359897.5018773,0.00208282470703125
118719,MVI_40871,514,0,1782359897.5038245,0.001947164535522461
118720,MVI_40871,786,0,1782359897.5058794,0.002054929733276367
118721,MVI_40871,503,0,1782359897.5077906,0.001911163330078125
118722,MVI_40871,502,0,1782359897.5098815,0.002090930938720703
118723,MVI_40871,51,0,1782359897.5117812,0.00189971923828125
118724,MVI_40871,184,0,1782359897.5138896,0.002108335494995117
118725,MVI_40871,340,0,1782359897.515714,0.0018243789672851562
118726,MVI_40871,599,0,1782359897.517893,0.0021791458129882812
118727,MVI_40871,210,0,1782359897.519833,0.001940011978149414
118728,MVI_40871,542,0,1782359897.521894,0.0020608901977539062
118729,MVI_40871,261,0,1782359897.5237944,0.0019004344940185547
118730,MVI_40871,658,0,1782359897.5259287,0.0021343231201171875
118731,MVI_40871,484,0,1782359897.5278203,0.0018916130065917969
118732,MVI_40871,131,0,1782359897.5298958,0.0020754337310791016
118733,MVI_40871,318,0,1782359897.5317929,0.0018970966339111328
118734,MVI_40871,408,0,1782359897.53388,0.002087116241455078
118735,MVI_40871,574,0,1782359897.5357924,0.0019123554229736328
118736,MVI_40871,830,0,1782359897.5378914,0.0020990371704101562
118737,MVI_40871,276,0,1782359897.5397885,0.0018970966339111328
118738,MVI_40871,41,0,1782359897.5418913,0.0021028518676757812
118739,MVI_40871,584,0,1782359897.5438318,0.0019404888153076172
118740,MVI_40871,792,0,1782359897.5458887,0.0020568370819091797
118741,MVI_40871,176,0,1782359897.5477834,0.0018947124481201172
118742,MVI_40871,838,0,1782359897.5498962,0.002112865447998047
118743,MVI_40871,192,0,1782359897.5518122,0.0019159317016601562
118744,MVI_40871,235,0,1782359897.5538814,0.002069234848022461
118745,MVI_40871,790,0,1782359897.5558877,0.0020062923431396484
118746,MVI_40871,822,0,1782359897.5577872,0.0018994808197021484
118747,MVI_40871,283,0,1782359897.5598903,0.002103090286254883
118748,MVI_40871,146,0,1782359897.5617828,0.0018925666809082031
118749,MVI_40871,480,0,1782359897.563891,0.0021080970764160156
118750,MVI_40871,825,0,1782359897.5657802,0.0018892288208007812
118751,MVI_40871,313,0,1782359897.5678966,0.0021164417266845703
118752,MVI_40871,309,0,1782359897.5698276,0.0019309520721435547
118753,MVI_40871,837,0,1782359897.5718794,0.002051830291748047
118754,MVI_40871,718,0,1782359897.5738916,0.0020122528076171875
118755,MVI_40871,544,0,1782359897.5757928,0.0019011497497558594
118756,MVI_40871,197,0,1782359897.5779376,0.0021448135375976562
118757,MVI_40871,130,0,1782359897.5797982,0.0018606185913085938
118758,MVI_40871,504,0,1782359897.5818906,0.0020923614501953125
118759,MVI_40871,97,0,1782359897.5838094,0.001918792724609375
118760,MVI_40871,439,0,1782359897.5859277,0.002118349075317383
118761,MVI_40871,819,0,1782359897.5878272,0.0018994808197021484
118762,MVI_40871,717,0,1782359897.5898964,0.002069234848022461
118763,MVI_40871,182,0,1782359897.5917997,0.0019032955169677734
118764,MVI_40871,107,0,1782359897.5939107,0.0021109580993652344
118765,MVI_40871,419,0,1782359897.595778,0.0018672943115234375
118766,MVI_40871,148,0,1782359897.5978782,0.002100229263305664
118767,MVI_40871,91,0,1782359897.59981,0.0019316673278808594
118768,MVI_40871,447,0,1782359897.601859,0.0020492076873779297
118769,MVI_40871,43,0,1782359897.6038697,0.0020105838775634766
118770,MVI_40871,302,0,1782359897.6057935,0.0019237995147705078
118771,MVI_40871,160,0,1782359897.6078553,0.0020618438720703125
118772,MVI_40871,543,0,1782359897.6098604,0.0020051002502441406
118773,MVI_40871,207,0,1782359897.611779,0.0019185543060302734
118774,MVI_40871,652,0,1782359897.6138618,0.00208282470703125
118775,MVI_40871,663,0,1782359897.6158662,0.002004384994506836
118776,MVI_40871,522,0,1782359897.617788,0.0019218921661376953
118777,MVI_40871,25,0,1782359897.6198804,0.0020923614501953125
118778,MVI_40871,671,0,1782359897.6217794,0.0018990039825439453
118779,MVI_40871,412,0,1782359897.6238794,0.0020999908447265625
118780,MVI_40871,316,0,1782359897.6258173,0.0019378662109375
118781,MVI_40871,626,0,1782359897.6278832,0.002065896987915039
118782,MVI_40871,650,0,1782359897.629882,0.0019989013671875
118783,MVI_40871,486,0,1782359897.6317909,0.0019087791442871094
118784,MVI_40871,687,0,1782359897.6339111,0.0021202564239501953
118785,MVI_40871,791,0,1782359897.6358163,0.001905202865600586
118786,MVI_40871,617,0,1782359897.6378791,0.0020627975463867188
118787,MVI_40871,649,0,1782359897.6398838,0.0020046234130859375
118788,MVI_40871,257,0,1782359897.6418731,0.0019893646240234375
118789,MVI_40871,430,0,1782359897.6438859,0.0020127296447753906
118790,MVI_40871,355,0,1782359897.6458862,0.0020003318786621094
118791,MVI_40871,712,0,1782359897.6477933,0.0019071102142333984
118792,MVI_40871,674,0,1782359897.6498854,0.002092123031616211
118793,MVI_40871,241,0,1782359897.651884,0.0019986629486083984
118794,MVI_40871,592,0,1782359897.65379,0.0019059181213378906
118795,MVI_40871,562,0,1782359897.6558876,0.002097606658935547
118796,MVI_40871,754,0,1782359897.6579254,0.0020377635955810547
118797,MVI_40871,281,0,1782359897.6598089,0.0018835067749023438
118798,MVI_40871,493,0,1782359897.661888,0.002079010009765625
118799,MVI_40871,512,0,1782359897.6638746,0.0019867420196533203
118800,MVI_40871,763,0,1782359897.6658347,0.0019600391387939453
118801,MVI_40871,510,0,1782359897.6678867,0.0020520687103271484
118802,MVI_40871,487,0,1782359897.6699114,0.0020246505737304688
118803,MVI_40871,812,0,1782359897.6717954,0.0018839836120605469
118804,MVI_40871,1,0,1782359897.6739173,0.0021219253540039062
118805,MVI_40871,443,0,1782359897.6757863,0.0018689632415771484
118806,MVI_40871,431,0,1782359897.677915,0.0021288394927978516
118807,MVI_40871,607,0,1782359897.6797996,0.00188446044921875
118808,MVI_40871,536,0,1782359897.6819227,0.002123117446899414
118809,MVI_40871,775,0,1782359897.683861,0.0019383430480957031
118810,MVI_40871,367,0,1782359897.6858983,0.0020372867584228516
118811,MVI_40871,688,0,1782359897.6879244,0.002026081085205078
118812,MVI_40871,13,0,1782359897.689793,0.0018687248229980469
118813,MVI_40871,771,0,1782359897.6919248,0.0021317005157470703
118814,MVI_40871,93,0,1782359897.6938004,0.0018756389617919922
118815,MVI_40871,394,0,1782359897.6959102,0.0021097660064697266
118816,MVI_40871,17,0,1782359897.6977925,0.001882314682006836
118817,MVI_40871,515,0,1782359897.6999476,0.0021550655364990234
118818,MVI_40871,334,0,1782359897.7018068,0.0018591880798339844
118819,MVI_40871,81,0,1782359897.7038867,0.0020799636840820312
118820,MVI_40871,667,0,1782359897.7058904,0.0020036697387695312
118821,MVI_40871,456,0,1782359897.7078154,0.0019249916076660156
118822,MVI_40871,369,0,1782359897.709915,0.0020995140075683594
118823,MVI_40871,339,0,1782359897.7117927,0.0018777847290039062
118824,MVI_40871,789,0,1782359897.7139301,0.002137422561645508
118825,MVI_40871,461,0,1782359897.7157936,0.0018634796142578125
118826,MVI_40871,79,0,1782359897.7178793,0.0020856857299804688
118827,MVI_40871,83,0,1782359897.7198088,0.0019295215606689453
118828,MVI_40871,734,0,1782359897.721879,0.002070188522338867
118829,MVI_40871,573,0,1782359897.7238948,0.002015829086303711
118830,MVI_40871,828,0,1782359897.7257843,0.0018894672393798828
118831,MVI_40871,206,0,1782359897.7278864,0.0021021366119384766
118832,MVI_40871,684,0,1782359897.7298791,0.0019927024841308594
118833,MVI_40871,179,0,1782359897.73182,0.0019409656524658203
118834,MVI_40871,601,0,1782359897.7338824,0.0020623207092285156
118835,MVI_40871,138,0,1782359897.7358873,0.002004861831665039
118836,MVI_40871,761,0,1782359897.7378042,0.0019168853759765625
118837,MVI_40871,741,0,1782359897.7398877,0.0020835399627685547
118838,MVI_40871,534,0,1782359897.7418861,0.001998424530029297
118839,MVI_40871,76,0,1782359897.7438169,0.0019307136535644531
118840,MVI_40871,270,0,1782359897.7458847,0.0020678043365478516
118841,MVI_40871,11,0,1782359897.7478855,0.0020008087158203125
118842,MVI_40871,145,0,1782359897.7497926,0.0019071102142333984
118843,MVI_40871,23,0,1782359897.75189,0.0020973682403564453
118844,MVI_40871,618,0,1782359897.7538922,0.002002239227294922
118845,MVI_40871,254,0,1782359897.755815,0.0019228458404541016
118846,MVI_40871,420,0,1782359897.7578795,0.0020644664764404297
118847,MVI_40871,664,0,1782359897.7598886,0.002009153366088867
118848,MVI_40871,58,0,1782359897.7618494,0.00196075439453125
118849,MVI_40871,615,0,1782359897.763927,0.0020775794982910156
118850,MVI_40871,212,0,1782359897.765789,0.0018620491027832031
118851,MVI_40871,335,0,1782359897.7678862,0.0020971298217773438
118852,MVI_40871,435,0,1782359897.7698057,0.0019195079803466797
118853,MVI_40871,600,0,1782359897.7718804,0.002074718475341797
118854,MVI_40871,186,0,1782359897.7738056,0.0019252300262451172
118855,MVI_40871,21,0,1782359897.7758794,0.0020737648010253906
118856,MVI_40871,73,0,1782359897.7778885,0.002009153366088867
118857,MVI_40871,427,0,1782359897.779823,0.0019345283508300781
118858,MVI_40871,126,0,1782359897.781896,0.002073049545288086
118859,MVI_40871,541,0,1782359897.7838862,0.001990079879760742
118860,MVI_40871,280,0,1782359897.7857976,0.0019114017486572266
118861,MVI_40871,799,0,1782359897.7878866,0.0020890235900878906
118862,MVI_40871,737,0,1782359897.7898777,0.0019910335540771484
118863,MVI_40871,122,0,1782359897.7918818,0.0020041465759277344
118864,MVI_40871,538,0,1782359897.793783,0.0019011497497558594
118865,MVI_40871,234,0,1782359897.7958858,0.0021028518676757812
118866,MVI_40871,494,0,1782359897.797796,0.0019102096557617188
118867,MVI_40871,469,0,1782359897.799887,0.002090930938720703
118868,MVI_40871,397,0,1782359897.8018901,0.002003192901611328
118869,MVI_40871,701,0,1782359897.8037858,0.0018956661224365234
118870,MVI_40871,468,0,1782359897.805879,0.0020933151245117188
118871,MVI_40871,454,0,1782359897.8078802,0.002001047134399414
118872,MVI_40871,540,0,1782359897.8097847,0.0019044876098632812
118873,MVI_40871,677,0,1782359897.8118792,0.0020945072174072266
118874,MVI_40871,598,0,1782359897.813879,0.0019998550415039062
118875,MVI_40871,326,0,1782359897.8157113,0.0018322467803955078
118876,MVI_40871,561,0,1782359897.81788,0.0021686553955078125
118877,MVI_40871,643,0,1782359897.8198824,0.0020024776458740234
118878,MVI_40871,620,0,1782359897.8217938,0.0019114017486572266
118879,MVI_40871,172,0,1782359897.8238852,0.0020914077758789062
118880,MVI_40871,188,0,1782359897.8258824,0.001997232437133789
118881,MVI_40871,748,0,1782359897.8278584,0.00197601318359375
118882,MVI_40871,144,0,1782359897.8298829,0.002024412155151367
118883,MVI_40871,506,0,1782359897.831914,0.002031087875366211
118884,MVI_40871,406,0,1782359897.8337955,0.0018815994262695312
118885,MVI_40871,288,0,1782359897.835931,0.0021355152130126953
118886,MVI_40871,778,0,1782359897.837822,0.0018908977508544922
118887,MVI_40871,660,0,1782359897.839911,0.0020890235900878906
118888,MVI_40871,291,0,1782359897.8418355,0.0019245147705078125
118889,MVI_40871,670,0,1782359897.8439147,0.0020792484283447266
118890,MVI_40871,151,0,1782359897.8458776,0.001962900161743164
118891,MVI_40871,808,0,1782359897.8477888,0.001911163330078125
118892,MVI_40871,550,0,1782359897.8499446,0.002155780792236328
118893,MVI_40871,716,0,1782359897.8518069,0.0018622875213623047
118894,MVI_40871,180,0,1782359897.8539257,0.002118825912475586
118895,MVI_40871,647,0,1782359897.8558338,0.0019080638885498047
118896,MVI_40871,585,0,1782359897.8579304,0.0020966529846191406
118897,MVI_40871,455,0,1782359897.8598204,0.001889944076538086
118898,MVI_40871,539,0,1782359897.861958,0.0021376609802246094
118899,MVI_40871,428,0,1782359897.8637302,0.001772165298461914
118900,MVI_40871,767,0,1782359897.865922,0.002191781997680664
118901,MVI_40871,351,0,1782359897.867833,0.0019109249114990234
118902,MVI_40871,198,0,1782359897.8698752,0.0020422935485839844
118903,MVI_40871,354,0,1782359897.871829,0.0019538402557373047
118904,MVI_40871,553,0,1782359897.8738894,0.002060413360595703
118905,MVI_40871,15,0,1782359897.8757794,0.001889944076538086
118906,MVI_40871,586,0,1782359897.8778915,0.002112150192260742
118907,MVI_40871,31,0,1782359897.8798292,0.0019376277923583984
118908,MVI_40871,356,0,1782359897.881912,0.00208282470703125
118909,MVI_40871,388,0,1782359897.8838112,0.0018992424011230469
118910,MVI_40871,635,0,1782359897.8858857,0.0020744800567626953
118911,MVI_40871,685,0,1782359897.887773,0.0018873214721679688
118912,MVI_40871,230,0,1782359897.8898916,0.0021185874938964844
118913,MVI_40871,847,0,1782359897.8918839,0.0019922256469726562
118914,MVI_40871,277,0,1782359897.8937984,0.0019145011901855469
118915,MVI_40871,462,0,1782359897.89588,0.002081632614135742
118916,MVI_40871,417,0,1782359897.8979058,0.0020258426666259766
118917,MVI_40871,395,0,1782359897.8997865,0.001880645751953125
118918,MVI_40871,752,0,1782359897.9018943,0.002107858657836914
118919,MVI_40871,164,0,1782359897.9038906,0.001996278762817383
118920,MVI_40871,127,0,1782359897.9058008,0.0019102096557617188
118921,MVI_40871,632,0,1782359897.907906,0.002105236053466797
118922,MVI_40871,266,0,1782359897.9099023,0.001996278762817383
118923,MVI_40871,675,0,1782359897.9118052,0.0019028186798095703
118924,MVI_40871,603,0,1782359897.913922,0.0021169185638427734
118925,MVI_40871,344,0,1782359897.9158175,0.0018954277038574219
118926,MVI_40871,577,0,1782359897.917904,0.0020864009857177734
118927,MVI_40871,779,0,1782359897.9198291,0.0019252300262451172
118928,MVI_40871,80,0,1782359897.9217246,0.0018954277038574219
118929,MVI_40871,613,0,1782359897.92372,0.0019953250885009766
118930,MVI_40871,37,0,1782359897.9258294,0.002109527587890625
118931,MVI_40871,846,0,1782359897.9278293,0.0019998550415039062
118932,MVI_40871,314,0,1782359897.929836,0.0020067691802978516
118933,MVI_40871,263,0,1782359897.9317951,0.001959085464477539
118934,MVI_40871,88,0,1782359897.933889,0.002093791961669922
118935,MVI_40871,569,0,1782359897.9358032,0.0019142627716064453
118936,MVI_40871,120,0,1782359897.9378269,0.0020236968994140625
118937,MVI_40871,558,0,1782359897.939894,0.002067089080810547
118938,MVI_40871,48,0,1782359897.9418097,0.0019156932830810547
118939,MVI_40871,92,0,1782359897.9439816,0.0021719932556152344
118940,MVI_40871,529,0,1782359897.9458022,0.0018205642700195312
118941,MVI_40871,723,0,1782359897.9478955,0.0020933151245117188
118942,MVI_40871,18,0,1782359897.9497848,0.0018892288208007812
118943,MVI_40871,581,0,1782359897.9518883,0.002103567123413086
118944,MVI_40871,490,0,1782359897.953795,0.0019066333770751953
118945,MVI_40871,831,0,1782359897.955892,0.0020971298217773438
118946,MVI_40871,557,0,1782359897.9579008,0.002008676528930664
118947,MVI_40871,139,0,1782359897.9597964,0.0018956661224365234
118948,MVI_40871,625,0,1782359897.9618812,0.0020847320556640625
118949,MVI_40871,422,0,1782359897.963883,0.0020017623901367188
118950,MVI_40871,730,0,1782359897.9657807,0.0018978118896484375
118951,MVI_40871,168,0,1782359897.9679165,0.002135753631591797
118952,MVI_40871,45,0,1782359897.969892,0.001975536346435547
118953,MVI_40871,363,0,1782359897.9717834,0.0018913745880126953
118954,MVI_40871,216,0,1782359897.9738889,0.0021054744720458984
118955,MVI_40871,219,0,1782359897.9758818,0.001992940902709961
118956,MVI_40871,608,0,1782359897.9778028,0.001920938491821289
118957,MVI_40871,271,0,1782359897.9798784,0.002075672149658203
118958,MVI_40871,53,0,1782359897.9818988,0.0020203590393066406
118959,MVI_40871,805,0,1782359897.9837832,0.00188446044921875
118960,MVI_40871,582,0,1782359897.9859242,0.0021409988403320312
118961,MVI_40871,384,0,1782359897.9877968,0.0018725395202636719
118962,MVI_40871,14,0,1782359897.9897792,0.001982450485229492
118963,MVI_40871,499,0,1782359897.9927437,0.002964496612548828
118964,MVI_40871,410,0,1782359897.9937952,0.0010514259338378906
118965,MVI_40871,482,0,1782359897.9958038,0.002008676528930664
118966,MVI_40871,61,0,1782359897.9977224,0.0019185543060302734
118967,MVI_40871,65,0,1782359897.9997814,0.0020589828491210938
118968,MVI_40871,67,0,1782359898.001856,0.002074718475341797
118969,MVI_40871,379,0,1782359898.0038176,0.0019614696502685547
118970,MVI_40871,214,0,1782359898.0058632,0.0020456314086914062
118971,MVI_40871,347,0,1782359898.007795,0.001931905746459961
118972,MVI_40871,256,0,1782359898.009837,0.0020418167114257812
118973,MVI_40871,298,0,1782359898.0118535,0.0020165443420410156
118974,MVI_40871,292,0,1782359898.0138102,0.0019567012786865234
118975,MVI_40871,57,0,1782359898.015837,0.002026796340942383
118976,MVI_40871,721,0,1782359898.018059,0.0022220611572265625
118977,MVI_40871,274,0,1782359898.019727,0.0016679763793945312
118978,MVI_40871,229,0,1782359898.0217953,0.0020682811737060547
118979,MVI_40871,114,0,1782359898.0237978,0.0020024776458740234
118980,MVI_40871,679,0,1782359898.0257876,0.0019898414611816406
118981,MVI_40871,797,0,1782359898.0277815,0.001993894577026367
118982,MVI_40871,365,0,1782359898.0298417,0.0020601749420166016
118983,MVI_40871,445,0,1782359898.0317786,0.0019369125366210938
118984,MVI_40871,698,0,1782359898.033819,0.002040386199951172
118985,MVI_40871,689,0,1782359898.0359292,0.0021102428436279297
118986,MVI_40871,237,0,1782359898.0376966,0.0017673969268798828
118987,MVI_40871,287,0,1782359898.039812,0.002115488052368164
118988,MVI_40871,94,0,1782359898.0418243,0.0020122528076171875
118989,MVI_40871,566,0,1782359898.0437388,0.0019145011901855469
118990,MVI_40871,213,0,1782359898.0458207,0.0020818710327148438
118991,MVI_40871,780,0,1782359898.0478344,0.002013683319091797
118992,MVI_40871,742,0,1782359898.0497382,0.0019037723541259766
118993,MVI_40871,200,0,1782359898.0518959,0.0021576881408691406
118994,MVI_40871,9,0,1782359898.053903,0.0020072460174560547
118995,MVI_40871,368,0,1782359898.0557382,0.0018351078033447266
118996,MVI_40871,362,0,1782359898.0578353,0.0020971298217773438
118997,MVI_40871,594,0,1782359898.0598702,0.002034902572631836
118998,MVI_40871,372,0,1782359898.0617864,0.0019161701202392578
118999,MVI_40871,444,0,1782359898.06379,0.0020036697387695312
119000,MVI_40871,415,0,1782359898.0658772,0.002087116241455078
119001,MVI_40871,321,0,1782359898.0676932,0.0018160343170166016
119002,MVI_40871,104,0,1782359898.0699067,0.0022134780883789062
119003,MVI_40871,413,0,1782359898.0717986,0.0018918514251708984
119004,MVI_40871,150,0,1782359898.0738194,0.0020208358764648438
119005,MVI_40871,681,0,1782359898.0758996,0.002080202102661133
119006,MVI_40871,89,0,1782359898.0778415,0.0019419193267822266
119007,MVI_40871,300,0,1782359898.0798938,0.00205230712890625
119008,MVI_40871,832,0,1782359898.0818312,0.0019373893737792969
119009,MVI_40871,343,0,1782359898.0839174,0.002086162567138672
119010,MVI_40871,341,0,1782359898.0858355,0.0019180774688720703
119011,MVI_40871,325,0,1782359898.087846,0.0020105838775634766
119012,MVI_40871,755,0,1782359898.0899088,0.0020627975463867188
119013,MVI_40871,407,0,1782359898.0918145,0.001905679702758789
119014,MVI_40871,330,0,1782359898.0939152,0.002100706100463867
119015,MVI_40871,524,0,1782359898.095823,0.0019078254699707031
119016,MVI_40871,5,0,1782359898.0979037,0.002080678939819336
119017,MVI_40871,279,0,1782359898.0998273,0.0019235610961914062
119018,MVI_40871,66,0,1782359898.1018987,0.002071380615234375
119019,MVI_40871,619,0,1782359898.103808,0.0019092559814453125
119020,MVI_40871,90,0,1782359898.1058867,0.0020787715911865234
119021,MVI_40871,54,0,1782359898.1079373,0.002050638198852539
119022,MVI_40871,432,0,1782359898.1098013,0.0018639564514160156
119023,MVI_40871,101,0,1782359898.1119123,0.0021109580993652344
119024,MVI_40871,535,0,1782359898.1138303,0.0019180774688720703
119025,MVI_40871,99,0,1782359898.115909,0.0020787715911865234
119026,MVI_40871,108,0,1782359898.1177974,0.001888275146484375
119027,MVI_40871,666,0,1782359898.1199024,0.0021049976348876953
119028,MVI_40871,547,0,1782359898.121805,0.0019025802612304688
119029,MVI_40871,129,0,1782359898.1238925,0.0020875930786132812
119030,MVI_40871,6,0,1782359898.1258988,0.0020062923431396484
119031,MVI_40871,400,0,1782359898.127811,0.0019121170043945312
119032,MVI_40871,63,0,1782359898.1298928,0.0020818710327148438
119033,MVI_40871,29,0,1782359898.1319182,0.0020253658294677734
119034,MVI_40871,497,0,1782359898.1338124,0.001894235610961914
119035,MVI_40871,714,0,1782359898.1359215,0.002109050750732422
119036,MVI_40871,597,0,1782359898.1378322,0.0019106864929199219
119037,MVI_40871,59,0,1782359898.1398873,0.0020551681518554688
119038,MVI_40871,311,0,1782359898.1418312,0.001943826675415039
119039,MVI_40871,396,0,1782359898.1439295,0.0020983219146728516
119040,MVI_40871,392,0,1782359898.145873,0.0019435882568359375
119041,MVI_40871,294,0,1782359898.1478336,0.0019605159759521484
119042,MVI_40871,39,0,1782359898.149906,0.0020723342895507812
119043,MVI_40871,167,0,1782359898.1518202,0.0019142627716064453
119044,MVI_40871,820,0,1782359898.1539047,0.002084493637084961
119045,MVI_40871,117,0,1782359898.1558945,0.0019898414611816406
119046,MVI_40871,361,0,1782359898.1578114,0.0019168853759765625
119047,MVI_40871,511,0,1782359898.159892,0.002080678939819336
119048,MVI_40871,513,0,1782359898.1619022,0.0020101070404052734
119049,MVI_40871,345,0,1782359898.1637857,0.0018835067749023438
119050,MVI_40871,735,0,1782359898.1658676,0.0020818710327148438
119051,MVI_40871,249,0,1782359898.167882,0.0020143985748291016
119052,MVI_40871,157,0,1782359898.169794,0.0019121170043945312
119053,MVI_40871,788,0,1782359898.1718745,0.0020804405212402344
119054,MVI_40871,560,0,1782359898.1738865,0.002012014389038086
119055,MVI_40871,796,0,1782359898.1758084,0.0019218921661376953
119056,MVI_40871,418,0,1782359898.1779013,0.0020928382873535156
119057,MVI_40871,729,0,1782359898.179876,0.001974821090698242
119058,MVI_40871,725,0,1782359898.181814,0.0019378662109375
119059,MVI_40871,481,0,1782359898.1838768,0.0020627975463867188
119060,MVI_40871,532,0,1782359898.1858692,0.001992464065551758
119061,MVI_40871,245,0,1782359898.1878045,0.0019352436065673828
119062,MVI_40871,764,0,1782359898.1898665,0.002062082290649414
119063,MVI_40871,836,0,1782359898.1918225,0.0019559860229492188
119064,MVI_40871,238,0,1782359898.1938815,0.0020589828491210938
119065,MVI_40871,537,0,1782359898.1957843,0.0019028186798095703
119066,MVI_40871,807,0,1782359898.1978872,0.0021028518676757812
119067,MVI_40871,816,0,1782359898.1998374,0.0019502639770507812
119068,MVI_40871,411,0,1782359898.2018962,0.002058744430541992
119069,MVI_40871,568,0,1782359898.2038882,0.0019919872283935547
119070,MVI_40871,612,0,1782359898.2058008,0.0019125938415527344
119071,MVI_40871,115,0,1782359898.2078867,0.0020859241485595703
119072,MVI_40871,50,0,1782359898.2099085,0.00202178955078125
119073,MVI_40871,7,0,1782359898.2118075,0.0018990039825439453
119074,MVI_40871,137,0,1782359898.2139225,0.002115011215209961
119075,MVI_40871,211,0,1782359898.2158027,0.0018801689147949219
119076,MVI_40871,787,0,1782359898.2179008,0.00209808349609375
119077,MVI_40871,633,0,1782359898.219792,0.0018911361694335938
119078,MVI_40871,757,0,1782359898.2219107,0.002118825912475586
119079,MVI_40871,317,0,1782359898.2237918,0.0018811225891113281
119080,MVI_40871,331,0,1782359898.2259314,0.002139568328857422
119081,MVI_40871,464,0,1782359898.2278173,0.0018858909606933594
119082,MVI_40871,457,0,1782359898.2299426,0.002125263214111328
119083,MVI_40871,307,0,1782359898.2317204,0.0017778873443603516
119084,MVI_40871,595,0,1782359898.2338908,0.0021703243255615234
119085,MVI_40871,218,0,1782359898.2357912,0.0019004344940185547
119086,MVI_40871,239,0,1782359898.2379208,0.0021295547485351562
119087,MVI_40871,475,0,1782359898.2398202,0.0018994808197021484
119088,MVI_40871,703,0,1782359898.2418966,0.002076387405395508
119089,MVI_40871,87,0,1782359898.24379,0.0018932819366455078
119090,MVI_40871,669,0,1782359898.245912,0.002122163772583008
119091,MVI_40871,34,0,1782359898.2478006,0.0018885135650634766
119092,MVI_40871,783,0,1782359898.249924,0.0021233558654785156
119093,MVI_40871,49,0,1782359898.2518075,0.0018835067749023438
119094,MVI_40871,227,0,1782359898.2539048,0.0020973682403564453
119095,MVI_40871,301,0,1782359898.2558029,0.001898050308227539
119096,MVI_40871,644,0,1782359898.2579167,0.002113819122314453
119097,MVI_40871,452,0,1782359898.259793,0.0018763542175292969
119098,MVI_40871,310,0,1782359898.2619326,0.002139568328857422
119099,MVI_40871,833,0,1782359898.2638004,0.0018677711486816406
119100,MVI_40871,533,0,1782359898.265927,0.0021266937255859375
119101,MVI_40871,19,0,1782359898.2678006,0.0018734931945800781
119102,MVI_40871,251,0,1782359898.2699335,0.002132892608642578
119103,MVI_40871,700,0,1782359898.271808,0.0018744468688964844
119104,MVI_40871,350,0,1782359898.2739196,0.002111673355102539
119105,MVI_40871,134,0,1782359898.2758102,0.0018906593322753906
119106,MVI_40871,465,0,1782359898.2779195,0.0021092891693115234
119107,MVI_40871,183,0,1782359898.2798145,0.0018949508666992188
119108,MVI_40871,247,0,1782359898.2819004,0.0020859241485595703
119109,MVI_40871,657,0,1782359898.2837908,0.001890420913696289
119110,MVI_40871,421,0,1782359898.2859287,0.002137899398803711
119111,MVI_40871,324,0,1782359898.28781,0.0018813610076904297
119112,MVI_40871,268,0,1782359898.2899055,0.002095460891723633
119113,MVI_40871,728,0,1782359898.291795,0.0018894672393798828
119114,MVI_40871,699,0,1782359898.2939172,0.002122163772583008
119115,MVI_40871,474,0,1782359898.2957954,0.0018782615661621094
119116,MVI_40871,811,0,1782359898.297917,0.002121448516845703
119117,MVI_40871,332,0,1782359898.2998087,0.0018918514251708984
119118,MVI_40871,177,0,1782359898.3019023,0.0020935535430908203
119119,MVI_40871,242,0,1782359898.3038034,0.0019011497497558594
119120,MVI_40871,549,0,1782359898.3059232,0.002119779586791992
119121,MVI_40871,399,0,1782359898.307799,0.0018758773803710938
119122,MVI_40871,458,0,1782359898.3099265,0.002127408981323242
119123,MVI_40871,403,0,1782359898.3118196,0.0018930435180664062
119124,MVI_40871,437,0,1782359898.3139029,0.002083301544189453
119125,MVI_40871,818,0,1782359898.3157423,0.0018393993377685547
119126,MVI_40871,736,0,1782359898.3179011,0.0021588802337646484
119127,MVI_40871,82,0,1782359898.319798,0.0018968582153320312
119128,MVI_40871,123,0,1782359898.3218298,0.0020318031311035156
119129,MVI_40871,221,0,1782359898.323867,0.0020372867584228516
119130,MVI_40871,171,0,1782359898.3258197,0.0019526481628417969
119131,MVI_40871,398,0,1782359898.3278058,0.0019860267639160156
119132,MVI_40871,255,0,1782359898.3298776,0.002071857452392578
119133,MVI_40871,523,0,1782359898.3317873,0.0019097328186035156
119134,MVI_40871,826,0,1782359898.333825,0.0020377635955810547
119135,MVI_40871,70,0,1782359898.3358667,0.0020415782928466797
119136,MVI_40871,496,0,1782359898.33783,0.001963376998901367
119137,MVI_40871,360,0,1782359898.339792,0.001961946487426758
119138,MVI_40871,655,0,1782359898.3419223,0.002130270004272461
119139,MVI_40871,158,0,1782359898.3438046,0.001882314682006836
119140,MVI_40871,623,0,1782359898.3459182,0.0021135807037353516
119141,MVI_40871,751,0,1782359898.3479085,0.0019903182983398438
119142,MVI_40871,731,0,1782359898.3498616,0.001953125
119143,MVI_40871,629,0,1782359898.3517554,0.001893758773803711
119144,MVI_40871,424,0,1782359898.3538945,0.0021390914916992188
119145,MVI_40871,248,0,1782359898.3556795,0.0017850399017333984
119146,MVI_40871,638,0,1782359898.3578575,0.0021779537200927734
119147,MVI_40871,758,0,1782359898.359871,0.0020134449005126953
119148,MVI_40871,834,0,1782359898.3617659,0.0018949508666992188
119149,MVI_40871,627,0,1782359898.3637936,0.002027750015258789
119150,MVI_40871,193,0,1782359898.36583,0.0020363330841064453
119151,MVI_40871,746,0,1782359898.36772,0.001889944076538086
119152,MVI_40871,835,0,1782359898.3698134,0.0020935535430908203
119153,MVI_40871,531,0,1782359898.3718128,0.001999378204345703
119154,MVI_40871,141,0,1782359898.3737156,0.0019028186798095703
119155,MVI_40871,691,0,1782359898.3758235,0.002107858657836914
119156,MVI_40871,704,0,1782359898.3778312,0.002007722854614258
119157,MVI_40871,98,0,1782359898.3797162,0.0018849372863769531
119158,MVI_40871,802,0,1782359898.3818958,0.0021796226501464844
119159,MVI_40871,163,0,1782359898.3838918,0.0019960403442382812
119160,MVI_40871,56,0,1782359898.3858273,0.0019354820251464844
119161,MVI_40871,78,0,1782359898.3878224,0.001995086669921875
119162,MVI_40871,438,0,1782359898.3898787,0.0020563602447509766
119163,MVI_40871,119,0,1782359898.3918042,0.0019254684448242188
119164,MVI_40871,673,0,1782359898.3938074,0.002003192901611328
119165,MVI_40871,304,0,1782359898.395878,0.0020706653594970703
119166,MVI_40871,646,0,1782359898.397794,0.0019159317016601562
119167,MVI_40871,233,0,1782359898.3998165,0.0020225048065185547
119168,MVI_40871,555,0,1782359898.4018862,0.002069711685180664
119169,MVI_40871,556,0,1782359898.403816,0.0019297599792480469
119170,MVI_40871,136,0,1782359898.4058092,0.0019931793212890625
119171,MVI_40871,656,0,1782359898.407904,0.002094745635986328
119172,MVI_40871,209,0,1782359898.4097934,0.0018894672393798828
119173,MVI_40871,0,0,1782359898.4118068,0.0020134449005126953
119174,MVI_40871,86,0,1782359898.4138768,0.0020699501037597656
119175,MVI_40871,639,0,1782359898.4157896,0.001912832260131836
119176,MVI_40871,275,0,1782359898.417807,0.002017498016357422
119177,MVI_40871,191,0,1782359898.4199193,0.002112150192260742
119178,MVI_40871,128,0,1782359898.4217997,0.0018804073333740234
119179,MVI_40871,678,0,1782359898.4238005,0.0020008087158203125
119180,MVI_40871,622,0,1782359898.425868,0.00206756591796875
119181,MVI_40871,564,0,1782359898.4277985,0.0019304752349853516
119182,MVI_40871,442,0,1782359898.4297953,0.001996755599975586
119183,MVI_40871,476,0,1782359898.4318628,0.00206756591796875
119184,MVI_40871,75,0,1782359898.4339428,0.0020799636840820312
119185,MVI_40871,552,0,1782359898.4357023,0.0017595291137695312
119186,MVI_40871,33,0,1782359898.4377575,0.0020551681518554688
119187,MVI_40871,348,0,1782359898.4396327,0.001875162124633789
119188,MVI_40871,337,0,1782359898.4417403,0.0021076202392578125
119189,MVI_40871,402,0,1782359898.4437494,0.002009153366088867
119190,MVI_40871,124,0,1782359898.4457178,0.0019683837890625
119191,MVI_40871,559,0,1782359898.4477851,0.0020673274993896484
119192,MVI_40871,64,0,1782359898.4497888,0.0020036697387695312
119193,MVI_40871,781,0,1782359898.4517684,0.0019795894622802734
119194,MVI_40871,40,0,1782359898.4537315,0.0019631385803222656
119195,MVI_40871,500,0,1782359898.4558184,0.0020868778228759766
119196,MVI_40871,530,0,1782359898.4577153,0.0018968582153320312
119197,MVI_40871,526,0,1782359898.4598136,0.0020983219146728516
119198,MVI_40871,357,0,1782359898.4618716,0.0020580291748046875
119199,MVI_40871,262,0,1782359898.4638178,0.0019462108612060547
119200,MVI_40871,800,0,1782359898.465795,0.001977205276489258
119201,MVI_40871,289,0,1782359898.4678686,0.002073526382446289
119202,MVI_40871,519,0,1782359898.4697256,0.0018570423126220703
119203,MVI_40871,801,0,1782359898.4718168,0.0020911693572998047
119204,MVI_40871,147,0,1782359898.4738305,0.002013683319091797
119205,MVI_40871,202,0,1782359898.4757235,0.0018930435180664062
119206,MVI_40871,769,0,1782359898.4778736,0.0021500587463378906
119207,MVI_40871,401,0,1782359898.4798715,0.0019979476928710938
119208,MVI_40871,606,0,1782359898.4818077,0.001936197280883789
119209,MVI_40871,8,0,1782359898.4838014,0.0019936561584472656
119210,MVI_40871,16,0,1782359898.4858882,0.0020868778228759766
119211,MVI_40871,378,0,1782359898.487704,0.0018157958984375
119212,MVI_40871,44,0,1782359898.4898653,0.002161264419555664
119213,MVI_40871,312,0,1782359898.491855,0.001989603042602539
119214,MVI_40871,840,0,1782359898.4937844,0.0019295215606689453
119215,MVI_40871,485,0,1782359898.495797,0.002012491226196289
119216,MVI_40871,570,0,1782359898.4979074,0.0021104812622070312
119217,MVI_40871,588,0,1782359898.4998195,0.0019121170043945312
119218,MVI_40871,110,0,1782359898.5017803,0.00196075439453125
119219,MVI_40871,308,0,1782359898.5039132,0.002132892608642578
119220,MVI_40871,232,0,1782359898.5057893,0.0018761157989501953
119221,MVI_40871,228,0,1782359898.5077734,0.001984119415283203
119222,MVI_40871,434,0,1782359898.509864,0.0020906925201416016
119223,MVI_40871,785,0,1782359898.5118623,0.0019981861114501953
119224,MVI_40871,220,0,1782359898.5138016,0.0019392967224121094
119225,MVI_40871,693,0,1782359898.5158715,0.0020699501037597656
119226,MVI_40871,466,0,1782359898.517835,0.001963376998901367
119227,MVI_40871,205,0,1782359898.519785,0.0019500255584716797
119228,MVI_40871,77,0,1782359898.5218415,0.002056598663330078
119229,MVI_40871,376,0,1782359898.5237799,0.0019383430480957031
119230,MVI_40871,370,0,1782359898.5257704,0.0019905567169189453
119231,MVI_40871,215,0,1782359898.5278516,0.002081155776977539
119232,MVI_40871,708,0,1782359898.5297902,0.0019385814666748047
119233,MVI_40871,518,0,1782359898.531827,0.0020368099212646484
119234,MVI_40871,507,0,1782359898.5338604,0.0020334720611572266
119235,MVI_40871,554,0,1782359898.5359154,0.002054929733276367
119236,MVI_40871,103,0,1782359898.537797,0.0018815994262695312
119237,MVI_40871,770,0,1782359898.5398424,0.0020453929901123047
119238,MVI_40871,463,0,1782359898.5417948,0.0019524097442626953
119239,MVI_40871,47,0,1782359898.5438125,0.0020177364349365234
119240,MVI_40871,258,0,1782359898.5458708,0.002058267593383789
119241,MVI_40871,155,0,1782359898.5478299,0.001959085464477539
119242,MVI_40871,159,0,1782359898.5498753,0.0020453929901123047
119243,MVI_40871,624,0,1782359898.5518715,0.001996278762817383
119244,MVI_40871,426,0,1782359898.553797,0.0019254684448242188
119245,MVI_40871,806,0,1782359898.5558722,0.0020751953125
119246,MVI_40871,385,0,1782359898.5578759,0.0020036697387695312
119247,MVI_40871,381,0,1782359898.5597897,0.0019137859344482422
119248,MVI_40871,161,0,1782359898.5618753,0.0020856857299804688
119249,MVI_40871,634,0,1782359898.5637872,0.0019118785858154297
119250,MVI_40871,459,0,1782359898.5658824,0.0020952224731445312
119251,MVI_40871,409,0,1782359898.567848,0.0019655227661132812
119252,MVI_40871,719,0,1782359898.569878,0.0020301342010498047
119253,MVI_40871,315,0,1782359898.571789,0.0019109249114990234
119254,MVI_40871,189,0,1782359898.5738811,0.002092123031616211
119255,MVI_40871,62,0,1782359898.5758758,0.001994609832763672
119256,MVI_40871,548,0,1782359898.5777056,0.0018298625946044922
119257,MVI_40871,440,0,1782359898.5798857,0.0021800994873046875
119258,MVI_40871,813,0,1782359898.5818844,0.0019986629486083984
119259,MVI_40871,46,0,1782359898.583778,0.0018935203552246094
119260,MVI_40871,662,0,1782359898.585909,0.0021309852600097656
119261,MVI_40871,793,0,1782359898.587753,0.001844167709350586
119262,MVI_40871,777,0,1782359898.589861,0.002107858657836914
119263,MVI_40871,269,0,1782359898.5917013,0.001840353012084961
119264,MVI_40871,460,0,1782359898.5941155,0.002414226531982422
119265,MVI_40871,522,0,1782359929.7085586,0.0
119266,MVI_40871,528,0,1782359929.7105072,0.0019485950469970703
119267,MVI_40871,599,0,1782359929.7125192,0.002012014389038086
119268,MVI_40871,249,0,1782359929.714507,0.001987934112548828
119269,MVI_40871,822,0,1782359929.716506,0.0019989013671875
119270,MVI_40871,619,0,1782359929.718555,0.002048969268798828
119271,MVI_40871,185,0,1782359929.720792,0.002237081527709961
119272,MVI_40871,289,0,1782359929.72252,0.001728057861328125
119273,MVI_40871,478,0,1782359929.7245448,0.0020246505737304688
119274,MVI_40871,696,0,1782359929.7266612,0.0021164417266845703
119275,MVI_40871,486,0,1782359929.7286992,0.0020380020141601562
119276,MVI_40871,680,0,1782359929.7305505,0.0018513202667236328
119277,MVI_40871,823,0,1782359929.7329173,0.002366781234741211
119278,MVI_40871,620,0,1782359929.7345824,0.0016651153564453125
119279,MVI_40871,181,0,1782359929.736717,0.002134561538696289
119280,MVI_40871,635,0,1782359929.7387595,0.002042531967163086
119281,MVI_40871,168,0,1782359929.7405722,0.0018126964569091797
119282,MVI_40871,227,0,1782359929.7427099,0.0021376609802246094
119283,MVI_40871,174,0,1782359929.7448366,0.0021266937255859375
119284,MVI_40871,763,0,1782359929.74654,0.001703500747680664
119285,MVI_40871,618,0,1782359929.7487724,0.0022323131561279297
119286,MVI_40871,725,0,1782359929.7507057,0.0019333362579345703
119287,MVI_40871,586,0,1782359929.7525668,0.0018610954284667969
119288,MVI_40871,138,0,1782359929.754898,0.002331256866455078
119289,MVI_40871,199,0,1782359929.756748,0.0018498897552490234
119290,MVI_40871,653,0,1782359929.758789,0.0020411014556884766
119291,MVI_40871,533,0,1782359929.7607436,0.0019545555114746094
119292,MVI_40871,420,0,1782359929.7628894,0.0021457672119140625
119293,MVI_40871,706,0,1782359929.7646203,0.0017309188842773438
119294,MVI_40871,193,0,1782359929.7667458,0.0021255016326904297
119295,MVI_40871,0,0,1782359929.7688928,0.0021469593048095703
119296,MVI_40871,123,0,1782359929.7706223,0.0017294883728027344
119297,MVI_40871,444,0,1782359929.7727523,0.0021300315856933594
119298,MVI_40871,756,0,1782359929.7749555,0.002203226089477539
119299,MVI_40871,349,0,1782359929.7766075,0.0016520023345947266
119300,MVI_40871,104,0,1782359929.7788954,0.0022878646850585938
119301,MVI_40871,366,0,1782359929.7808185,0.0019230842590332031
119302,MVI_40871,664,0,1782359929.7828019,0.0019834041595458984
119303,MVI_40871,703,0,1782359929.7847426,0.0019407272338867188
119304,MVI_40871,347,0,1782359929.7869809,0.0022382736206054688
119305,MVI_40871,512,0,1782359929.7886195,0.001638650894165039
119306,MVI_40871,683,0,1782359929.7907453,0.0021257400512695312
119307,MVI_40871,548,0,1782359929.792902,0.0021567344665527344
119308,MVI_40871,244,0,1782359929.7946126,0.001710653305053711
119309,MVI_40871,497,0,1782359929.7968934,0.002280712127685547
119310,MVI_40871,429,0,1782359929.7987454,0.0018520355224609375
119311,MVI_40871,25,0,1782359929.800688,0.0019426345825195312
119312,MVI_40871,765,0,1782359929.802744,0.0020558834075927734
119313,MVI_40871,782,0,1782359929.8048997,0.002155780792236328
119314,MVI_40871,372,0,1782359929.8066118,0.0017120838165283203
119315,MVI_40871,140,0,1782359929.8088968,0.002285003662109375
119316,MVI_40871,20,0,1782359929.8107548,0.0018579959869384766
119317,MVI_40871,495,0,1782359929.8127959,0.0020411014556884766
119318,MVI_40871,796,0,1782359929.8147445,0.0019485950469970703
119319,MVI_40871,541,0,1782359929.8169022,0.0021576881408691406
119320,MVI_40871,281,0,1782359929.818635,0.0017328262329101562
119321,MVI_40871,742,0,1782359929.820569,0.001934051513671875
119322,MVI_40871,348,0,1782359929.8228385,0.0022695064544677734
119323,MVI_40871,554,0,1782359929.824505,0.0016665458679199219
119324,MVI_40871,27,0,1782359929.8265393,0.0020341873168945312
119325,MVI_40871,329,0,1782359929.8285863,0.0020470619201660156
119326,MVI_40871,479,0,1782359929.830498,0.0019116401672363281
119327,MVI_40871,279,0,1782359929.8325508,0.002052783966064453
119328,MVI_40871,160,0,1782359929.8345516,0.0020008087158203125
119329,MVI_40871,385,0,1782359929.8364923,0.0019407272338867188
119330,MVI_40871,38,0,1782359929.8385444,0.0020520687103271484
119331,MVI_40871,587,0,1782359929.840543,0.0019986629486083984
119332,MVI_40871,107,0,1782359929.8424907,0.001947641372680664
119333,MVI_40871,76,0,1782359929.844565,0.0020742416381835938
119334,MVI_40871,133,0,1782359929.8465488,0.0019838809967041016
119335,MVI_40871,600,0,1782359929.8484921,0.001943349838256836
119336,MVI_40871,88,0,1782359929.8505511,0.0020589828491210938
119337,MVI_40871,284,0,1782359929.852542,0.001990795135498047
119338,MVI_40871,31,0,1782359929.85449,0.0019481182098388672
119339,MVI_40871,795,0,1782359929.8565402,0.002050161361694336
119340,MVI_40871,461,0,1782359929.8585463,0.002006053924560547
119341,MVI_40871,230,0,1782359929.8605053,0.001959085464477539
119342,MVI_40871,97,0,1782359929.8625336,0.002028226852416992
119343,MVI_40871,630,0,1782359929.8645399,0.0020062923431396484
119344,MVI_40871,521,0,1782359929.866489,0.0019490718841552734
119345,MVI_40871,402,0,1782359929.8685398,0.0020508766174316406
119346,MVI_40871,375,0,1782359929.870541,0.0020012855529785156
119347,MVI_40871,17,0,1782359929.8724895,0.0019483566284179688
119348,MVI_40871,561,0,1782359929.8745408,0.0020513534545898438
119349,MVI_40871,841,0,1782359929.8765688,0.0020279884338378906
119350,MVI_40871,713,0,1782359929.8784938,0.0019249916076660156
119351,MVI_40871,655,0,1782359929.8805418,0.002048015594482422
119352,MVI_40871,3,0,1782359929.8825417,0.0019998550415039062
119353,MVI_40871,180,0,1782359929.8844872,0.00194549560546875
119354,MVI_40871,762,0,1782359929.886542,0.002054929733276367
119355,MVI_40871,693,0,1782359929.8885484,0.0020062923431396484
119356,MVI_40871,439,0,1782359929.8904922,0.001943826675415039
119357,MVI_40871,569,0,1782359929.892542,0.002049684524536133
119358,MVI_40871,211,0,1782359929.8945446,0.002002716064453125
119359,MVI_40871,431,0,1782359929.8964896,0.0019450187683105469
119360,MVI_40871,60,0,1782359929.8985431,0.002053499221801758
119361,MVI_40871,115,0,1782359929.9005435,0.0020003318786621094
119362,MVI_40871,236,0,1782359929.9024968,0.0019533634185791016
119363,MVI_40871,659,0,1782359929.9045417,0.0020449161529541016
119364,MVI_40871,99,0,1782359929.9065437,0.0020020008087158203
119365,MVI_40871,90,0,1782359929.9084907,0.0019469261169433594
119366,MVI_40871,739,0,1782359929.9105172,0.0020265579223632812
119367,MVI_40871,676,0,1782359929.9125698,0.0020525455474853516
119368,MVI_40871,549,0,1782359929.9145064,0.0019366741180419922
119369,MVI_40871,237,0,1782359929.9165094,0.0020029544830322266
119370,MVI_40871,455,0,1782359929.918547,0.002037525177001953
119371,MVI_40871,835,0,1782359929.920489,0.0019421577453613281
119372,MVI_40871,797,0,1782359929.922541,0.002051830291748047
119373,MVI_40871,613,0,1782359929.924528,0.001986980438232422
119374,MVI_40871,390,0,1782359929.9266453,0.0021173954010009766
119375,MVI_40871,758,0,1782359929.928497,0.001851797103881836
119376,MVI_40871,621,0,1782359929.9305394,0.0020422935485839844
119377,MVI_40871,847,0,1782359929.9324868,0.0019474029541015625
119378,MVI_40871,741,0,1782359929.9345255,0.002038717269897461
119379,MVI_40871,794,0,1782359929.9365387,0.0020132064819335938
119380,MVI_40871,559,0,1782359929.9384878,0.0019490718841552734
119381,MVI_40871,43,0,1782359929.9405348,0.0020470619201660156
119382,MVI_40871,370,0,1782359929.9425385,0.0020036697387695312
119383,MVI_40871,681,0,1782359929.944487,0.0019485950469970703
119384,MVI_40871,799,0,1782359929.946527,0.0020399093627929688
119385,MVI_40871,623,0,1782359929.948538,0.0020110607147216797
119386,MVI_40871,809,0,1782359929.9504871,0.0019490718841552734
119387,MVI_40871,186,0,1782359929.9525383,0.002051115036010742
119388,MVI_40871,24,0,1782359929.9545615,0.0020232200622558594
119389,MVI_40871,477,0,1782359929.9564939,0.001932382583618164
119390,MVI_40871,53,0,1782359929.9585438,0.0020499229431152344
119391,MVI_40871,640,0,1782359929.9605355,0.001991748809814453
119392,MVI_40871,745,0,1782359929.9624891,0.001953601837158203
119393,MVI_40871,417,0,1782359929.9645367,0.0020475387573242188
119394,MVI_40871,752,0,1782359929.9665518,0.0020151138305664062
119395,MVI_40871,488,0,1782359929.9685323,0.0019805431365966797
119396,MVI_40871,310,0,1782359929.9704912,0.0019588470458984375
119397,MVI_40871,830,0,1782359929.9725394,0.0020482540130615234
119398,MVI_40871,766,0,1782359929.9744911,0.0019516944885253906
119399,MVI_40871,15,0,1782359929.9765358,0.002044677734375
119400,MVI_40871,132,0,1782359929.9785385,0.002002716064453125
119401,MVI_40871,242,0,1782359929.9804876,0.0019490718841552734
119402,MVI_40871,585,0,1782359929.982537,0.0020494461059570312
119403,MVI_40871,361,0,1782359929.9845529,0.002015829086303711
119404,MVI_40871,768,0,1782359929.9864855,0.0019326210021972656
119405,MVI_40871,499,0,1782359929.9885397,0.0020542144775390625
119406,MVI_40871,839,0,1782359929.990539,0.001999378204345703
119407,MVI_40871,691,0,1782359929.992485,0.0019459724426269531
119408,MVI_40871,440,0,1782359929.9945366,0.0020515918731689453
119409,MVI_40871,571,0,1782359929.9965384,0.0020017623901367188
119410,MVI_40871,773,0,1782359929.9984875,0.0019490718841552734
119411,MVI_40871,709,0,1782359930.0005386,0.002051115036010742
119412,MVI_40871,798,0,1782359930.0025084,0.0019698143005371094
119413,MVI_40871,442,0,1782359930.004534,0.002025604248046875
119414,MVI_40871,632,0,1782359930.0064998,0.001965761184692383
119415,MVI_40871,679,0,1782359930.0085397,0.0020399093627929688
119416,MVI_40871,26,0,1782359930.0104907,0.001950979232788086
119417,MVI_40871,101,0,1782359930.0125382,0.0020475387573242188
119418,MVI_40871,500,0,1782359930.014539,0.0020008087158203125
119419,MVI_40871,649,0,1782359930.0164874,0.0019483566284179688
119420,MVI_40871,268,0,1782359930.0185373,0.0020499229431152344
119421,MVI_40871,392,0,1782359930.0205374,0.002000093460083008
119422,MVI_40871,624,0,1782359930.0224893,0.0019519329071044922
119423,MVI_40871,677,0,1782359930.0245347,0.0020453929901123047
119424,MVI_40871,443,0,1782359930.0265417,0.002007007598876953
119425,MVI_40871,845,0,1782359930.0284874,0.0019457340240478516
119426,MVI_40871,161,0,1782359930.030538,0.002050638198852539
119427,MVI_40871,345,0,1782359930.0325403,0.002002239227294922
119428,MVI_40871,223,0,1782359930.034489,0.0019485950469970703
119429,MVI_40871,125,0,1782359930.0365407,0.002051830291748047
119430,MVI_40871,295,0,1782359930.038553,0.0020122528076171875
119431,MVI_40871,114,0,1782359930.0404892,0.001936197280883789
119432,MVI_40871,363,0,1782359930.0425384,0.0020492076873779297
119433,MVI_40871,469,0,1782359930.0445485,0.0020101070404052734
119434,MVI_40871,485,0,1782359930.0464878,0.0019392967224121094
119435,MVI_40871,827,0,1782359930.0485368,0.002048969268798828
119436,MVI_40871,780,0,1782359930.0505376,0.0020008087158203125
119437,MVI_40871,678,0,1782359930.05249,0.0019524097442626953
119438,MVI_40871,292,0,1782359930.05454,0.0020499229431152344
119439,MVI_40871,139,0,1782359930.0565372,0.001997232437133789
119440,MVI_40871,570,0,1782359930.058489,0.0019519329071044922
119441,MVI_40871,770,0,1782359930.0605366,0.0020475387573242188
119442,MVI_40871,562,0,1782359930.0625994,0.0020627975463867188
119443,MVI_40871,334,0,1782359930.0644915,0.00189208984375
119444,MVI_40871,689,0,1782359930.0665398,0.0020482540130615234
119445,MVI_40871,408,0,1782359930.0685415,0.0020017623901367188
119446,MVI_40871,11,0,1782359930.0704904,0.0019488334655761719
119447,MVI_40871,738,0,1782359930.0725374,0.0020470619201660156
119448,MVI_40871,57,0,1782359930.0745428,0.002005338668823242
119449,MVI_40871,483,0,1782359930.0764902,0.0019474029541015625
119450,MVI_40871,605,0,1782359930.0785964,0.002106189727783203
119451,MVI_40871,134,0,1782359930.080545,0.0019485950469970703
119452,MVI_40871,476,0,1782359930.0824883,0.001943349838256836
119453,MVI_40871,209,0,1782359930.0845466,0.002058267593383789
119454,MVI_40871,198,0,1782359930.0865386,0.0019919872283935547
119455,MVI_40871,451,0,1782359930.088489,0.0019505023956298828
119456,MVI_40871,424,0,1782359930.0905418,0.002052783966064453
119457,MVI_40871,66,0,1782359930.0925403,0.001998424530029297
119458,MVI_40871,836,0,1782359930.0944903,0.0019500255584716797
119459,MVI_40871,200,0,1782359930.096538,0.0020477771759033203
119460,MVI_40871,568,0,1782359930.09854,0.0020020008087158203
119461,MVI_40871,120,0,1782359930.1004882,0.0019481182098388672
119462,MVI_40871,539,0,1782359930.1025426,0.002054452896118164
119463,MVI_40871,205,0,1782359930.1045277,0.0019850730895996094
119464,MVI_40871,578,0,1782359930.1065285,0.0020008087158203125
119465,MVI_40871,225,0,1782359930.1085262,0.001997709274291992
119466,MVI_40871,808,0,1782359930.1105397,0.0020134449005126953
119467,MVI_40871,814,0,1782359930.1124883,0.0019485950469970703
119468,MVI_40871,297,0,1782359930.1145403,0.0020520687103271484
119469,MVI_40871,368,0,1782359930.1165402,0.0019998550415039062
119470,MVI_40871,735,0,1782359930.1184888,0.0019485950469970703
119471,MVI_40871,419,0,1782359930.1205294,0.0020406246185302734
119472,MVI_40871,8,0,1782359930.1225824,0.0020530223846435547
119473,MVI_40871,285,0,1782359930.124493,0.0019104480743408203
119474,MVI_40871,152,0,1782359930.126531,0.0020380020141601562
119475,MVI_40871,595,0,1782359930.1285396,0.002008676528930664
119476,MVI_40871,450,0,1782359930.1304886,0.0019490718841552734
119477,MVI_40871,724,0,1782359930.1325374,0.0020487308502197266
119478,MVI_40871,119,0,1782359930.1345448,0.0020074844360351562
119479,MVI_40871,41,0,1782359930.1364863,0.0019414424896240234
119480,MVI_40871,167,0,1782359930.1385293,0.002043008804321289
119481,MVI_40871,802,0,1782359930.140537,0.002007722854614258
119482,MVI_40871,437,0,1782359930.1424916,0.0019545555114746094
119483,MVI_40871,286,0,1782359930.144539,0.0020475387573242188
119484,MVI_40871,91,0,1782359930.1465406,0.002001523971557617
119485,MVI_40871,318,0,1782359930.14849,0.001949310302734375
119486,MVI_40871,155,0,1782359930.1505322,0.0020422935485839844
119487,MVI_40871,111,0,1782359930.1525402,0.0020079612731933594
119488,MVI_40871,144,0,1782359930.1544926,0.0019524097442626953
119489,MVI_40871,77,0,1782359930.156541,0.002048492431640625
119490,MVI_40871,806,0,1782359930.1585524,0.0020112991333007812
119491,MVI_40871,722,0,1782359930.16049,0.0019376277923583984
119492,MVI_40871,454,0,1782359930.1625493,0.0020592212677001953
119493,MVI_40871,727,0,1782359930.1645503,0.002001047134399414
119494,MVI_40871,721,0,1782359930.1664944,0.0019440650939941406
119495,MVI_40871,157,0,1782359930.1685386,0.002044200897216797
119496,MVI_40871,656,0,1782359930.1705408,0.002002239227294922
119497,MVI_40871,365,0,1782359930.1725068,0.0019659996032714844
119498,MVI_40871,301,0,1782359930.1745346,0.002027750015258789
119499,MVI_40871,314,0,1782359930.1765509,0.002016305923461914
119500,MVI_40871,12,0,1782359930.1784914,0.0019404888153076172
119501,MVI_40871,842,0,1782359930.1805432,0.002051830291748047
119502,MVI_40871,156,0,1782359930.1825414,0.0019981861114501953
119503,MVI_40871,367,0,1782359930.1844885,0.001947164535522461
119504,MVI_40871,89,0,1782359930.1865242,0.0020356178283691406
119505,MVI_40871,614,0,1782359930.188545,0.0020208358764648438
119506,MVI_40871,393,0,1782359930.1904943,0.001949310302734375
119507,MVI_40871,37,0,1782359930.1925445,0.002050161361694336
119508,MVI_40871,287,0,1782359930.194537,0.001992464065551758
119509,MVI_40871,811,0,1782359930.1965199,0.0019829273223876953
119510,MVI_40871,591,0,1782359930.198524,0.0020041465759277344
119511,MVI_40871,93,0,1782359930.2006009,0.002076864242553711
119512,MVI_40871,212,0,1782359930.2026985,0.002097606658935547
119513,MVI_40871,648,0,1782359930.2045672,0.0018687248229980469
119514,MVI_40871,400,0,1782359930.2065816,0.0020143985748291016
119515,MVI_40871,173,0,1782359930.208477,0.0018954277038574219
119516,MVI_40871,229,0,1782359930.2107832,0.002306222915649414
119517,MVI_40871,639,0,1782359930.2125287,0.001745462417602539
119518,MVI_40871,374,0,1782359930.2147832,0.002254486083984375
119519,MVI_40871,729,0,1782359930.2167454,0.0019621849060058594
119520,MVI_40871,805,0,1782359930.2188792,0.0021338462829589844
119521,MVI_40871,702,0,1782359930.2206023,0.0017230510711669922
119522,MVI_40871,183,0,1782359930.2229023,0.0023000240325927734
119523,MVI_40871,682,0,1782359930.2247996,0.0018973350524902344
119524,MVI_40871,58,0,1782359930.2266421,0.001842498779296875
119525,MVI_40871,609,0,1782359930.2287493,0.0021071434020996094
119526,MVI_40871,525,0,1782359930.230943,0.0021936893463134766
119527,MVI_40871,22,0,1782359930.232603,0.0016601085662841797
119528,MVI_40871,373,0,1782359930.2348967,0.0022935867309570312
119529,MVI_40871,574,0,1782359930.2368088,0.0019121170043945312
119530,MVI_40871,264,0,1782359930.238791,0.0019822120666503906
119531,MVI_40871,131,0,1782359930.2407577,0.001966714859008789
119532,MVI_40871,30,0,1782359930.2428968,0.0021390914916992188
119533,MVI_40871,19,0,1782359930.244621,0.0017242431640625
119534,MVI_40871,501,0,1782359930.247409,0.002788066864013672
119535,MVI_40871,214,0,1782359930.2487545,0.0013453960418701172
119536,MVI_40871,282,0,1782359930.2506092,0.0018546581268310547
119537,MVI_40871,540,0,1782359930.2528992,0.002290010452270508
119538,MVI_40871,519,0,1782359930.25475,0.0018508434295654297
119539,MVI_40871,452,0,1782359930.2568343,0.0020842552185058594
119540,MVI_40871,82,0,1782359930.2587495,0.0019152164459228516
119541,MVI_40871,328,0,1782359930.2609346,0.0021851062774658203
119542,MVI_40871,344,0,1782359930.262603,0.0016684532165527344
119543,MVI_40871,243,0,1782359930.2647552,0.0021522045135498047
119544,MVI_40871,275,0,1782359930.2667549,0.0019996166229248047
119545,MVI_40871,779,0,1782359930.268602,0.0018470287322998047
119546,MVI_40871,529,0,1782359930.270743,0.0021409988403320312
119547,MVI_40871,430,0,1782359930.2727098,0.0019669532775878906
119548,MVI_40871,309,0,1782359930.2747116,0.0020017623901367188
119549,MVI_40871,837,0,1782359930.2767053,0.0019936561584472656
119550,MVI_40871,389,0,1782359930.2787287,0.002023458480834961
119551,MVI_40871,137,0,1782359930.2805927,0.0018639564514160156
119552,MVI_40871,553,0,1782359930.2827082,0.002115488052368164
119553,MVI_40871,423,0,1782359930.284717,0.0020089149475097656
119554,MVI_40871,102,0,1782359930.2865922,0.001875162124633789
119555,MVI_40871,771,0,1782359930.2887025,0.0021102428436279297
119556,MVI_40871,820,0,1782359930.2907004,0.0019979476928710938
119557,MVI_40871,189,0,1782359930.2926085,0.0019080638885498047
119558,MVI_40871,379,0,1782359930.2947078,0.002099275588989258
119559,MVI_40871,740,0,1782359930.2967381,0.0020303726196289062
119560,MVI_40871,708,0,1782359930.2985623,0.0018241405487060547
119561,MVI_40871,241,0,1782359930.300705,0.002142667770385742
119562,MVI_40871,634,0,1782359930.3027065,0.002001523971557617
119563,MVI_40871,435,0,1782359930.304597,0.001890420913696289
119564,MVI_40871,626,0,1782359930.3067067,0.0021097660064697266
119565,MVI_40871,271,0,1782359930.3087428,0.0020360946655273438
119566,MVI_40871,551,0,1782359930.3105648,0.0018219947814941406
119567,MVI_40871,44,0,1782359930.312733,0.0021681785583496094
119568,MVI_40871,353,0,1782359930.3147113,0.0019783973693847656
119569,MVI_40871,203,0,1782359930.3165944,0.0018830299377441406
119570,MVI_40871,210,0,1782359930.318711,0.002116680145263672
119571,MVI_40871,449,0,1782359930.3207026,0.0019915103912353516
119572,MVI_40871,832,0,1782359930.322589,0.0018863677978515625
119573,MVI_40871,555,0,1782359930.324716,0.0021271705627441406
119574,MVI_40871,65,0,1782359930.3265617,0.0018455982208251953
119575,MVI_40871,788,0,1782359930.3287785,0.002216815948486328
119576,MVI_40871,463,0,1782359930.330557,0.0017786026000976562
119577,MVI_40871,783,0,1782359930.332794,0.0022368431091308594
119578,MVI_40871,475,0,1782359930.3345633,0.0017693042755126953
119579,MVI_40871,248,0,1782359930.3365552,0.0019919872283935547
119580,MVI_40871,81,0,1782359930.3387218,0.0021665096282958984
119581,MVI_40871,813,0,1782359930.3405926,0.001870870590209961
119582,MVI_40871,577,0,1782359930.3425574,0.0019648075103759766
119583,MVI_40871,617,0,1782359930.3447683,0.002210855484008789
119584,MVI_40871,371,0,1782359930.3465679,0.0017995834350585938
119585,MVI_40871,267,0,1782359930.3487222,0.0021543502807617188
119586,MVI_40871,694,0,1782359930.3506124,0.0018901824951171875
119587,MVI_40871,308,0,1782359930.3525817,0.0019693374633789062
119588,MVI_40871,673,0,1782359930.3547184,0.002136707305908203
119589,MVI_40871,441,0,1782359930.3567364,0.002017974853515625
119590,MVI_40871,23,0,1782359930.3585556,0.0018191337585449219
119591,MVI_40871,172,0,1782359930.3606603,0.0021047592163085938
119592,MVI_40871,164,0,1782359930.362723,0.0020627975463867188
119593,MVI_40871,269,0,1782359930.364557,0.0018339157104492188
119594,MVI_40871,482,0,1782359930.3666472,0.0020902156829833984
119595,MVI_40871,654,0,1782359930.368555,0.0019078254699707031
119596,MVI_40871,187,0,1782359930.3705308,0.0019757747650146484
119597,MVI_40871,576,0,1782359930.3725278,0.0019969940185546875
119598,MVI_40871,714,0,1782359930.3745987,0.002070903778076172
119599,MVI_40871,204,0,1782359930.3765273,0.001928567886352539
119600,MVI_40871,14,0,1782359930.3785272,0.0019998550415039062
119601,MVI_40871,395,0,1782359930.3805962,0.0020689964294433594
119602,MVI_40871,355,0,1782359930.3825285,0.001932382583618164
119603,MVI_40871,825,0,1782359930.3845272,0.0019986629486083984
119604,MVI_40871,592,0,1782359930.3866003,0.002073049545288086
119605,MVI_40871,818,0,1782359930.3885267,0.001926422119140625
119606,MVI_40871,313,0,1782359930.39053,0.0020034313201904297
119607,MVI_40871,647,0,1782359930.3925638,0.002033710479736328
119608,MVI_40871,589,0,1782359930.394501,0.0019371509552001953
119609,MVI_40871,231,0,1782359930.396557,0.002056121826171875
119610,MVI_40871,651,0,1782359930.3987124,0.002155303955078125
119611,MVI_40871,277,0,1782359930.4005044,0.0017919540405273438
119612,MVI_40871,338,0,1782359930.402526,0.0020215511322021484
119613,MVI_40871,748,0,1782359930.404557,0.002031087875366211
119614,MVI_40871,247,0,1782359930.4065263,0.0019693374633789062
119615,MVI_40871,276,0,1782359930.4085484,0.0020220279693603516
119616,MVI_40871,421,0,1782359930.4105556,0.0020072460174560547
119617,MVI_40871,401,0,1782359930.4125068,0.0019512176513671875
119618,MVI_40871,342,0,1782359930.4145405,0.002033710479736328
119619,MVI_40871,733,0,1782359930.4165547,0.00201416015625
119620,MVI_40871,815,0,1782359930.4185016,0.0019469261169433594
119621,MVI_40871,824,0,1782359930.4205587,0.0020570755004882812
119622,MVI_40871,608,0,1782359930.4225552,0.0019965171813964844
119623,MVI_40871,777,0,1782359930.4245026,0.0019474029541015625
119624,MVI_40871,228,0,1782359930.4267101,0.002207517623901367
119625,MVI_40871,378,0,1782359930.4285586,0.001848459243774414
119626,MVI_40871,480,0,1782359930.4305003,0.001941680908203125
119627,MVI_40871,510,0,1782359930.4327052,0.00220489501953125
119628,MVI_40871,256,0,1782359930.434731,0.0020258426666259766
119629,MVI_40871,652,0,1782359930.4365025,0.0017714500427246094
119630,MVI_40871,816,0,1782359930.4386585,0.0021560192108154297
119631,MVI_40871,46,0,1782359930.4407132,0.0020546913146972656
119632,MVI_40871,645,0,1782359930.442501,0.0017879009246826172
119633,MVI_40871,376,0,1782359930.4447045,0.0022034645080566406
119634,MVI_40871,67,0,1782359930.4467075,0.0020029544830322266
119635,MVI_40871,7,0,1782359930.4485,0.0017924308776855469
119636,MVI_40871,272,0,1782359930.4506583,0.0021584033966064453
119637,MVI_40871,657,0,1782359930.452716,0.002057790756225586
119638,MVI_40871,734,0,1782359930.4545038,0.0017876625061035156
119639,MVI_40871,147,0,1782359930.4567091,0.002205371856689453
119640,MVI_40871,523,0,1782359930.4587069,0.001997709274291992
119641,MVI_40871,307,0,1782359930.4604998,0.00179290771484375
119642,MVI_40871,545,0,1782359930.4627042,0.002204418182373047
119643,MVI_40871,791,0,1782359930.464704,0.0019998550415039062
119644,MVI_40871,352,0,1782359930.4665017,0.0017976760864257812
119645,MVI_40871,61,0,1782359930.468704,0.002202272415161133
119646,MVI_40871,629,0,1782359930.4706612,0.0019571781158447266
119647,MVI_40871,98,0,1782359930.4724982,0.001837015151977539
119648,MVI_40871,196,0,1782359930.474714,0.002215862274169922
119649,MVI_40871,359,0,1782359930.4767022,0.0019881725311279297
119650,MVI_40871,306,0,1782359930.4785,0.0017976760864257812
119651,MVI_40871,692,0,1782359930.4806588,0.0021588802337646484
119652,MVI_40871,662,0,1782359930.482701,0.0020422935485839844
119653,MVI_40871,760,0,1782359930.4844983,0.0017971992492675781
119654,MVI_40871,761,0,1782359930.486708,0.0022096633911132812
119655,MVI_40871,414,0,1782359930.4887102,0.002002239227294922
119656,MVI_40871,603,0,1782359930.4905016,0.0017914772033691406
119657,MVI_40871,221,0,1782359930.49266,0.0021584033966064453
119658,MVI_40871,190,0,1782359930.4947011,0.0020411014556884766
119659,MVI_40871,16,0,1782359930.4965005,0.0017993450164794922
119660,MVI_40871,28,0,1782359930.4986596,0.00215911865234375
119661,MVI_40871,520,0,1782359930.5005305,0.001870870590209961
119662,MVI_40871,291,0,1782359930.502624,0.0020935535430908203
119663,MVI_40871,744,0,1782359930.5045362,0.0019121170043945312
119664,MVI_40871,821,0,1782359930.5065298,0.0019936561584472656
119665,MVI_40871,254,0,1782359930.5085852,0.0020554065704345703
119666,MVI_40871,124,0,1782359930.5105357,0.0019505023956298828
119667,MVI_40871,208,0,1782359930.5126066,0.002070903778076172
119668,MVI_40871,547,0,1782359930.514533,0.001926422119140625
119669,MVI_40871,453,0,1782359930.5165288,0.0019958019256591797
119670,MVI_40871,163,0,1782359930.5186002,0.002071380615234375
119671,MVI_40871,473,0,1782359930.5205312,0.0019309520721435547
119672,MVI_40871,582,0,1782359930.5225308,0.0019996166229248047
119673,MVI_40871,216,0,1782359930.5245996,0.002068758010864258
119674,MVI_40871,49,0,1782359930.5265293,0.0019297599792480469
119675,MVI_40871,833,0,1782359930.528533,0.0020036697387695312
119676,MVI_40871,323,0,1782359930.530602,0.0020689964294433594
119677,MVI_40871,73,0,1782359930.532529,0.0019271373748779297
119678,MVI_40871,524,0,1782359930.5345528,0.0020236968994140625
119679,MVI_40871,487,0,1782359930.5365562,0.0020034313201904297
119680,MVI_40871,39,0,1782359930.5384982,0.0019419193267822266
119681,MVI_40871,290,0,1782359930.5407205,0.002222299575805664
119682,MVI_40871,550,0,1782359930.5427058,0.001985311508178711
119683,MVI_40871,786,0,1782359930.544499,0.0017931461334228516
119684,MVI_40871,438,0,1782359930.54666,0.0021610260009765625
119685,MVI_40871,716,0,1782359930.5487165,0.002056598663330078
119686,MVI_40871,719,0,1782359930.5505002,0.001783609390258789
119687,MVI_40871,239,0,1782359930.5527132,0.002213001251220703
119688,MVI_40871,467,0,1782359930.5547042,0.0019910335540771484
119689,MVI_40871,298,0,1782359930.556501,0.001796722412109375
119690,MVI_40871,316,0,1782359930.5585518,0.0020508766174316406
119691,MVI_40871,51,0,1782359930.5606978,0.002146005630493164
119692,MVI_40871,700,0,1782359930.5625,0.001802206039428711
119693,MVI_40871,270,0,1782359930.5647025,0.0022025108337402344
119694,MVI_40871,201,0,1782359930.5667088,0.0020062923431396484
119695,MVI_40871,213,0,1782359930.5685,0.001791238784790039
119696,MVI_40871,534,0,1782359930.5705464,0.002046346664428711
119697,MVI_40871,96,0,1782359930.5727036,0.0021572113037109375
119698,MVI_40871,262,0,1782359930.5745013,0.0017976760864257812
119699,MVI_40871,494,0,1782359930.5767007,0.002199411392211914
119700,MVI_40871,364,0,1782359930.5787039,0.002003192901611328
119701,MVI_40871,182,0,1782359930.5804987,0.0017948150634765625
119702,MVI_40871,513,0,1782359930.582657,0.0021584033966064453
119703,MVI_40871,686,0,1782359930.584707,0.0020499229431152344
119704,MVI_40871,511,0,1782359930.5865026,0.0017955303192138672
119705,MVI_40871,258,0,1782359930.588657,0.0021543502807617188
119706,MVI_40871,357,0,1782359930.5907176,0.0020606517791748047
119707,MVI_40871,170,0,1782359930.5924976,0.0017800331115722656
119708,MVI_40871,162,0,1782359930.5946589,0.002161264419555664
119709,MVI_40871,793,0,1782359930.5967011,0.0020422935485839844
119710,MVI_40871,567,0,1782359930.598502,0.0018007755279541016
119711,MVI_40871,665,0,1782359930.600542,0.0020401477813720703
119712,MVI_40871,251,0,1782359930.6025946,0.0020525455474853516
119713,MVI_40871,492,0,1782359930.6045017,0.0019071102142333984
119714,MVI_40871,789,0,1782359930.6065414,0.002039670944213867
119715,MVI_40871,219,0,1782359930.6087055,0.002164125442504883
119716,MVI_40871,579,0,1782359930.6104991,0.0017936229705810547
119717,MVI_40871,772,0,1782359930.61254,0.002040863037109375
119718,MVI_40871,386,0,1782359930.6147027,0.0021626949310302734
119719,MVI_40871,506,0,1782359930.6165018,0.0017991065979003906
119720,MVI_40871,118,0,1782359930.6185415,0.002039670944213867
119721,MVI_40871,532,0,1782359930.6206605,0.0021190643310546875
119722,MVI_40871,616,0,1782359930.6225011,0.0018405914306640625
119723,MVI_40871,74,0,1782359930.6247158,0.002214670181274414
119724,MVI_40871,59,0,1782359930.6266606,0.0019447803497314453
119725,MVI_40871,64,0,1782359930.6285,0.0018393993377685547
119726,MVI_40871,557,0,1782359930.6307127,0.0022127628326416016
119727,MVI_40871,207,0,1782359930.6327016,0.0019888877868652344
119728,MVI_40871,644,0,1782359930.6345,0.001798391342163086
119729,MVI_40871,409,0,1782359930.6365416,0.0020415782928466797
119730,MVI_40871,636,0,1782359930.6386604,0.002118825912475586
119731,MVI_40871,484,0,1782359930.640498,0.0018374919891357422
119732,MVI_40871,169,0,1782359930.6426547,0.0021567344665527344
119733,MVI_40871,399,0,1782359930.644706,0.0020513534545898438
119734,MVI_40871,92,0,1782359930.6465006,0.001794576644897461
119735,MVI_40871,819,0,1782359930.6486585,0.002157926559448242
119736,MVI_40871,130,0,1782359930.6507022,0.0020437240600585938
119737,MVI_40871,784,0,1782359930.652499,0.001796722412109375
119738,MVI_40871,255,0,1782359930.6546593,0.002160310745239258
119739,MVI_40871,343,0,1782359930.6565545,0.0018951892852783203
119740,MVI_40871,410,0,1782359930.6584985,0.0019440650939941406
119741,MVI_40871,29,0,1782359930.660656,0.002157449722290039
119742,MVI_40871,581,0,1782359930.662661,0.0020051002502441406
119743,MVI_40871,300,0,1782359930.6645,0.0018389225006103516
119744,MVI_40871,448,0,1782359930.6666589,0.0021588802337646484
119745,MVI_40871,9,0,1782359930.6687253,0.002066373825073242
119746,MVI_40871,178,0,1782359930.6705003,0.0017750263214111328
119747,MVI_40871,394,0,1782359930.6726613,0.0021610260009765625
119748,MVI_40871,432,0,1782359930.6747317,0.0020704269409179688
119749,MVI_40871,602,0,1782359930.6765003,0.0017685890197753906
119750,MVI_40871,566,0,1782359930.6786613,0.0021610260009765625
119751,MVI_40871,407,0,1782359930.6805575,0.0018961429595947266
119752,MVI_40871,787,0,1782359930.6824977,0.0019402503967285156
119753,MVI_40871,588,0,1782359930.6846566,0.0021588802337646484
119754,MVI_40871,753,0,1782359930.6866605,0.002003908157348633
119755,MVI_40871,606,0,1782359930.688528,0.001867532730102539
119756,MVI_40871,149,0,1782359930.6905086,0.0019805431365966797
119757,MVI_40871,507,0,1782359930.692552,0.002043485641479492
119758,MVI_40871,105,0,1782359930.6946087,0.002056598663330078
119759,MVI_40871,690,0,1782359930.6964989,0.0018901824951171875
119760,MVI_40871,177,0,1782359930.69866,0.0021610260009765625
119761,MVI_40871,597,0,1782359930.7004993,0.0018393993377685547
119762,MVI_40871,526,0,1782359930.7026527,0.0021533966064453125
119763,MVI_40871,233,0,1782359930.7047026,0.0020499229431152344
119764,MVI_40871,849,0,1782359930.706498,0.0017952919006347656
119765,MVI_40871,406,0,1782359930.7087145,0.0022165775299072266
119766,MVI_40871,5,0,1782359930.710496,0.001781463623046875
119767,MVI_40871,148,0,1782359930.7125523,0.0020563602447509766
119768,MVI_40871,831,0,1782359930.7144954,0.0019431114196777344
119769,MVI_40871,749,0,1782359930.7166574,0.0021619796752929688
119770,MVI_40871,685,0,1782359930.7185159,0.0018584728240966797
119771,MVI_40871,807,0,1782359930.7206604,0.0021445751190185547
119772,MVI_40871,215,0,1782359930.7226577,0.001997232437133789
119773,MVI_40871,844,0,1782359930.724533,0.0018754005432128906
119774,MVI_40871,643,0,1782359930.7265515,0.002018451690673828
119775,MVI_40871,126,0,1782359930.7287076,0.0021560192108154297
119776,MVI_40871,790,0,1782359930.7304997,0.0017921924591064453
119777,MVI_40871,778,0,1782359930.732703,0.002203226089477539
119778,MVI_40871,612,0,1782359930.7345939,0.0018908977508544922
119779,MVI_40871,465,0,1782359930.7365377,0.001943826675415039
119780,MVI_40871,4,0,1782359930.738534,0.001996278762817383
119781,MVI_40871,383,0,1782359930.7405324,0.001998424530029297
119782,MVI_40871,354,0,1782359930.7426178,0.002085447311401367
119783,MVI_40871,800,0,1782359930.7445316,0.0019137859344482422
119784,MVI_40871,598,0,1782359930.7466116,0.0020799636840820312
119785,MVI_40871,596,0,1782359930.7485337,0.0019221305847167969
119786,MVI_40871,320,0,1782359930.7505286,0.0019948482513427734
119787,MVI_40871,330,0,1782359930.7526014,0.0020728111267089844
119788,MVI_40871,55,0,1782359930.7545328,0.0019314289093017578
119789,MVI_40871,250,0,1782359930.7565293,0.0019965171813964844
119790,MVI_40871,491,0,1782359930.7586029,0.002073526382446289
119791,MVI_40871,850,0,1782359930.7605336,0.0019307136535644531
119792,MVI_40871,322,0,1782359930.7625291,0.001995563507080078
119793,MVI_40871,103,0,1782359930.7646017,0.002072572708129883
119794,MVI_40871,18,0,1782359930.7665331,0.0019314289093017578
119795,MVI_40871,84,0,1782359930.7685292,0.0019960403442382812
119796,MVI_40871,86,0,1782359930.7705986,0.0020694732666015625
119797,MVI_40871,195,0,1782359930.7725346,0.0019359588623046875
119798,MVI_40871,106,0,1782359930.7745283,0.0019936561584472656
119799,MVI_40871,278,0,1782359930.776604,0.002075672149658203
119800,MVI_40871,356,0,1782359930.778533,0.0019290447235107422
119801,MVI_40871,179,0,1782359930.7805297,0.001996755599975586
119802,MVI_40871,121,0,1782359930.782601,0.002071380615234375
119803,MVI_40871,670,0,1782359930.7845335,0.001932382583618164
119804,MVI_40871,302,0,1782359930.786536,0.0020024776458740234
119805,MVI_40871,265,0,1782359930.7886019,0.002065896987915039
119806,MVI_40871,663,0,1782359930.790533,0.0019311904907226562
119807,MVI_40871,730,0,1782359930.7925286,0.001995563507080078
119808,MVI_40871,552,0,1782359930.7946162,0.0020875930786132812
119809,MVI_40871,382,0,1782359930.796533,0.0019168853759765625
119810,MVI_40871,166,0,1782359930.7985318,0.0019986629486083984
119811,MVI_40871,812,0,1782359930.800601,0.002069234848022461
119812,MVI_40871,697,0,1782359930.8025386,0.0019376277923583984
119813,MVI_40871,481,0,1782359930.8045292,0.0019905567169189453
119814,MVI_40871,502,0,1782359930.8065317,0.0020024776458740234
119815,MVI_40871,1,0,1782359930.808602,0.0020704269409179688
119816,MVI_40871,572,0,1782359930.8105285,0.001926422119140625
119817,MVI_40871,544,0,1782359930.812601,0.002072572708129883
119818,MVI_40871,388,0,1782359930.8145316,0.0019304752349853516
119819,MVI_40871,362,0,1782359930.8165305,0.0019989013671875
119820,MVI_40871,206,0,1782359930.8186028,0.0020723342895507812
119821,MVI_40871,628,0,1782359930.8205333,0.0019304752349853516
119822,MVI_40871,191,0,1782359930.82253,0.001996755599975586
119823,MVI_40871,428,0,1782359930.8245401,0.0020101070404052734
119824,MVI_40871,717,0,1782359930.8265345,0.0019943714141845703
119825,MVI_40871,661,0,1782359930.8285322,0.001997709274291992
119826,MVI_40871,775,0,1782359930.8305326,0.0020003318786621094
119827,MVI_40871,699,0,1782359930.832531,0.001998424530029297
119828,MVI_40871,175,0,1782359930.8345134,0.001982450485229492
119829,MVI_40871,638,0,1782359930.836531,0.002017498016357422
119830,MVI_40871,100,0,1782359930.8385866,0.002055644989013672
119831,MVI_40871,564,0,1782359930.840513,0.001926422119140625
119832,MVI_40871,202,0,1782359930.8425293,0.002016305923461914
119833,MVI_40871,122,0,1782359930.8445327,0.0020034313201904297
119834,MVI_40871,341,0,1782359930.8479135,0.0033807754516601562
119835,MVI_40871,331,0,1782359930.848722,0.0008084774017333984
119836,MVI_40871,759,0,1782359930.8505406,0.0018186569213867188
119837,MVI_40871,445,0,1782359930.8527045,0.0021638870239257812
119838,MVI_40871,754,0,1782359930.8546557,0.0019512176513671875
119839,MVI_40871,490,0,1782359930.8565104,0.0018546581268310547
119840,MVI_40871,117,0,1782359930.8585398,0.0020294189453125
119841,MVI_40871,109,0,1782359930.8605053,0.0019655227661132812
119842,MVI_40871,642,0,1782359930.8625479,0.002042531967163086
119843,MVI_40871,337,0,1782359930.8647602,0.0022122859954833984
119844,MVI_40871,68,0,1782359930.866556,0.0017957687377929688
119845,MVI_40871,304,0,1782359930.8687522,0.0021963119506835938
119846,MVI_40871,457,0,1782359930.8705494,0.0017971992492675781
119847,MVI_40871,158,0,1782359930.8727508,0.0022013187408447266
119848,MVI_40871,146,0,1782359930.8745522,0.0018014907836914062
119849,MVI_40871,69,0,1782359930.8767474,0.002195119857788086
119850,MVI_40871,425,0,1782359930.8787518,0.002004384994506836
119851,MVI_40871,542,0,1782359930.8805497,0.0017979145050048828
119852,MVI_40871,188,0,1782359930.882742,0.002192258834838867
119853,MVI_40871,54,0,1782359930.88475,0.0020079612731933594
119854,MVI_40871,263,0,1782359930.8865776,0.0018277168273925781
119855,MVI_40871,668,0,1782359930.8887594,0.0021817684173583984
119856,MVI_40871,141,0,1782359930.8905675,0.00180816650390625
119857,MVI_40871,517,0,1782359930.8927586,0.0021910667419433594
119858,MVI_40871,834,0,1782359930.894559,0.0018002986907958984
119859,MVI_40871,530,0,1782359930.8967564,0.0021975040435791016
119860,MVI_40871,536,0,1782359930.898541,0.0017845630645751953
119861,MVI_40871,260,0,1782359930.90062,0.002079010009765625
119862,MVI_40871,447,0,1782359930.902526,0.0019059181213378906
119863,MVI_40871,150,0,1782359930.904514,0.0019881725311279297
119864,MVI_40871,446,0,1782359930.9065137,0.0019996166229248047
119865,MVI_40871,538,0,1782359930.908514,0.0020003318786621094
119866,MVI_40871,474,0,1782359930.9105155,0.002001523971557617
119867,MVI_40871,56,0,1782359930.912617,0.002101421356201172
119868,MVI_40871,32,0,1782359930.9146109,0.001993894577026367
119869,MVI_40871,610,0,1782359930.916515,0.0019042491912841797
119870,MVI_40871,222,0,1782359930.9185169,0.0020017623901367188
119871,MVI_40871,145,0,1782359930.9206166,0.002099752426147461
119872,MVI_40871,387,0,1782359930.9225247,0.0019080638885498047
119873,MVI_40871,736,0,1782359930.9245172,0.001992464065551758
119874,MVI_40871,261,0,1782359930.9265802,0.0020630359649658203
119875,MVI_40871,575,0,1782359930.9284775,0.0018973350524902344
119876,MVI_40871,503,0,1782359930.9304926,0.0020151138305664062
119877,MVI_40871,171,0,1782359930.932529,0.0020363330841064453
119878,MVI_40871,377,0,1782359930.934543,0.0020139217376708984
119879,MVI_40871,637,0,1782359930.9364827,0.0019397735595703125
119880,MVI_40871,6,0,1782359930.9385269,0.002044200897216797
119881,MVI_40871,280,0,1782359930.940529,0.002002239227294922
119882,MVI_40871,650,0,1782359930.9424834,0.001954317092895508
119883,MVI_40871,840,0,1782359930.944524,0.0020406246185302734
119884,MVI_40871,192,0,1782359930.946526,0.0020020008087158203
119885,MVI_40871,764,0,1782359930.9484737,0.001947641372680664
119886,MVI_40871,142,0,1782359930.9505239,0.002050161361694336
119887,MVI_40871,266,0,1782359930.9525282,0.002004384994506836
119888,MVI_40871,80,0,1782359930.9544744,0.0019462108612060547
119889,MVI_40871,220,0,1782359930.956527,0.0020525455474853516
119890,MVI_40871,817,0,1782359930.958524,0.0019969940185546875
119891,MVI_40871,197,0,1782359930.9604719,0.0019478797912597656
119892,MVI_40871,427,0,1782359930.9625254,0.002053499221801758
119893,MVI_40871,698,0,1782359930.964522,0.0019965171813964844
119894,MVI_40871,129,0,1782359930.9664826,0.00196075439453125
119895,MVI_40871,45,0,1782359930.9685264,0.0020437240600585938
119896,MVI_40871,312,0,1782359930.9705229,0.0019965171813964844
119897,MVI_40871,829,0,1782359930.9724817,0.0019588470458984375
119898,MVI_40871,631,0,1782359930.974537,0.0020551681518554688
119899,MVI_40871,299,0,1782359930.9765084,0.0019714832305908203
119900,MVI_40871,710,0,1782359930.9785035,0.001995086669921875
119901,MVI_40871,95,0,1782359930.9805667,0.002063274383544922
119902,MVI_40871,176,0,1782359930.9825306,0.0019638538360595703
119903,MVI_40871,546,0,1782359930.9846146,0.002084016799926758
119904,MVI_40871,723,0,1782359930.9866145,0.0019998550415039062
119905,MVI_40871,48,0,1782359930.9885173,0.0019028186798095703
119906,MVI_40871,737,0,1782359930.9906154,0.00209808349609375
119907,MVI_40871,305,0,1782359930.9926128,0.0019974708557128906
119908,MVI_40871,311,0,1782359930.9945173,0.0019044876098632812
119909,MVI_40871,245,0,1782359930.9966156,0.0020983219146728516
119910,MVI_40871,13,0,1782359930.9986098,0.0019941329956054688
119911,MVI_40871,705,0,1782359931.0005176,0.0019078254699707031
119912,MVI_40871,411,0,1782359931.0027056,0.002187967300415039
119913,MVI_40871,580,0,1782359931.004617,0.0019114017486572266
119914,MVI_40871,319,0,1782359931.0065145,0.001897573471069336
119915,MVI_40871,403,0,1782359931.0086136,0.0020990371704101562
119916,MVI_40871,667,0,1782359931.0106168,0.002003192901611328
119917,MVI_40871,128,0,1782359931.012521,0.0019042491912841797
119918,MVI_40871,235,0,1782359931.0146084,0.0020873546600341797
119919,MVI_40871,405,0,1782359931.0166943,0.0020859241485595703
119920,MVI_40871,785,0,1782359931.0185144,0.0018200874328613281
119921,MVI_40871,604,0,1782359931.0206275,0.0021131038665771484
119922,MVI_40871,326,0,1782359931.022618,0.0019905567169189453
119923,MVI_40871,801,0,1782359931.02452,0.001901865005493164
119924,MVI_40871,674,0,1782359931.0265143,0.0019943714141845703
119925,MVI_40871,2,0,1782359931.0286138,0.0020995140075683594
119926,MVI_40871,731,0,1782359931.0305097,0.001895904541015625
119927,MVI_40871,135,0,1782359931.0326178,0.0021080970764160156
119928,MVI_40871,35,0,1782359931.0346136,0.0019958019256591797
119929,MVI_40871,810,0,1782359931.0365126,0.0018990039825439453
119930,MVI_40871,633,0,1782359931.0386174,0.0021047592163085938
119931,MVI_40871,518,0,1782359931.0406206,0.002003192901611328
119932,MVI_40871,70,0,1782359931.0425217,0.0019011497497558594
119933,MVI_40871,704,0,1782359931.0446167,0.0020949840545654297
119934,MVI_40871,234,0,1782359931.0466263,0.0020096302032470703
119935,MVI_40871,391,0,1782359931.0485137,0.0018873214721679688
119936,MVI_40871,240,0,1782359931.0506191,0.0021054744720458984
119937,MVI_40871,688,0,1782359931.052614,0.0019948482513427734
119938,MVI_40871,728,0,1782359931.0545132,0.0018992424011230469
119939,MVI_40871,660,0,1782359931.0566525,0.0021393299102783203
119940,MVI_40871,695,0,1782359931.0586321,0.0019795894622802734
119941,MVI_40871,426,0,1782359931.0605228,0.0018906593322753906
119942,MVI_40871,563,0,1782359931.0626168,0.0020940303802490234
119943,MVI_40871,339,0,1782359931.064613,0.001996278762817383
119944,MVI_40871,757,0,1782359931.0665174,0.0019042491912841797
119945,MVI_40871,607,0,1782359931.0686235,0.002106189727783203
119946,MVI_40871,153,0,1782359931.070618,0.0019943714141845703
119947,MVI_40871,36,0,1782359931.0725152,0.0018973350524902344
119948,MVI_40871,422,0,1782359931.0746171,0.002101898193359375
119949,MVI_40871,336,0,1782359931.0766163,0.0019991397857666016
119950,MVI_40871,803,0,1782359931.078515,0.0018987655639648438
119951,MVI_40871,415,0,1782359931.080612,0.002096891403198242
119952,MVI_40871,335,0,1782359931.0826123,0.0020003318786621094
119953,MVI_40871,346,0,1782359931.0845115,0.0018992424011230469
119954,MVI_40871,433,0,1782359931.0866132,0.0021016597747802734
119955,MVI_40871,62,0,1782359931.0886214,0.002008199691772461
119956,MVI_40871,601,0,1782359931.0905213,0.0018999576568603516
119957,MVI_40871,537,0,1782359931.0926135,0.002092123031616211
119958,MVI_40871,489,0,1782359931.0946062,0.0019927024841308594
119959,MVI_40871,672,0,1782359931.0965059,0.00189971923828125
119960,MVI_40871,470,0,1782359931.0985236,0.0020177364349365234
119961,MVI_40871,804,0,1782359931.1005013,0.001977682113647461
119962,MVI_40871,21,0,1782359931.1024947,0.001993417739868164
119963,MVI_40871,468,0,1782359931.1045086,0.0020139217376708984
119964,MVI_40871,751,0,1782359931.1067235,0.0022149085998535156
119965,MVI_40871,615,0,1782359931.108507,0.0017833709716796875
119966,MVI_40871,63,0,1782359931.1106064,0.0020995140075683594
119967,MVI_40871,259,0,1782359931.1126134,0.002007007598876953
119968,MVI_40871,217,0,1782359931.114511,0.001897573471069336
119969,MVI_40871,732,0,1782359931.1166203,0.0021092891693115234
119970,MVI_40871,646,0,1782359931.1186314,0.0020110607147216797
119971,MVI_40871,404,0,1782359931.1205256,0.001894235610961914
119972,MVI_40871,79,0,1782359931.1226285,0.0021028518676757812
119973,MVI_40871,136,0,1782359931.1246343,0.0020058155059814453
119974,MVI_40871,515,0,1782359931.1265435,0.0019092559814453125
119975,MVI_40871,143,0,1782359931.1286297,0.002086162567138672
119976,MVI_40871,769,0,1782359931.1306217,0.0019919872283935547
119977,MVI_40871,460,0,1782359931.132528,0.0019063949584960938
119978,MVI_40871,47,0,1782359931.1346273,0.002099275588989258
119979,MVI_40871,412,0,1782359931.1366212,0.001993894577026367
119980,MVI_40871,151,0,1782359931.1385102,0.0018889904022216797
119981,MVI_40871,743,0,1782359931.1406121,0.002101898193359375
119982,MVI_40871,283,0,1782359931.1426086,0.0019965171813964844
119983,MVI_40871,113,0,1782359931.1445098,0.0019011497497558594
119984,MVI_40871,33,0,1782359931.146607,0.0020971298217773438
119985,MVI_40871,50,0,1782359931.148612,0.0020051002502441406
119986,MVI_40871,34,0,1782359931.15051,0.001898050308227539
119987,MVI_40871,715,0,1782359931.15261,0.0020999908447265625
119988,MVI_40871,52,0,1782359931.154634,0.002023935317993164
119989,MVI_40871,116,0,1782359931.15652,0.0018858909606933594
119990,MVI_40871,71,0,1782359931.1586137,0.002093791961669922
119991,MVI_40871,687,0,1782359931.1607947,0.0021810531616210938
119992,MVI_40871,641,0,1782359931.16273,0.0019352436065673828
119993,MVI_40871,332,0,1782359931.1646569,0.0019268989562988281
119994,MVI_40871,720,0,1782359931.1666176,0.00196075439453125
119995,MVI_40871,472,0,1782359931.1685593,0.001941680908203125
119996,MVI_40871,625,0,1782359931.1705108,0.001951456069946289
119997,MVI_40871,458,0,1782359931.1725264,0.0020155906677246094
119998,MVI_40871,384,0,1782359931.174609,0.0020825862884521484
119999,MVI_40871,350,0,1782359931.1765287,0.0019197463989257812
120000,MVI_40871,843,0,1782359931.1786172,0.0020885467529296875
120001,MVI_40871,40,0,1782359931.180518,0.0019006729125976562
120002,MVI_40871,303,0,1782359931.1825142,0.001996278762817383
120003,MVI_40871,418,0,1782359931.184614,0.002099752426147461
120004,MVI_40871,434,0,1782359931.186511,0.0018970966339111328
120005,MVI_40871,83,0,1782359931.1885102,0.0019991397857666016
120006,MVI_40871,531,0,1782359931.1906176,0.002107381820678711
120007,MVI_40871,108,0,1782359931.1925125,0.0018949508666992188
120008,MVI_40871,622,0,1782359931.1945271,0.002014636993408203
120009,MVI_40871,590,0,1782359931.1965714,0.002044200897216797
120010,MVI_40871,498,0,1782359931.1985164,0.0019450187683105469
120011,MVI_40871,747,0,1782359931.200522,0.0020055770874023438
120012,MVI_40871,456,0,1782359931.2025378,0.002015829086303711
120013,MVI_40871,75,0,1782359931.2045383,0.002000570297241211
120014,MVI_40871,594,0,1782359931.2064795,0.0019412040710449219
120015,MVI_40871,584,0,1782359931.2085388,0.0020592212677001953
120016,MVI_40871,296,0,1782359931.210536,0.001997232437133789
120017,MVI_40871,826,0,1782359931.212488,0.0019519329071044922
120018,MVI_40871,257,0,1782359931.2145631,0.0020751953125
120019,MVI_40871,776,0,1782359931.2166042,0.0020411014556884766
120020,MVI_40871,273,0,1782359931.218506,0.001901865005493164
120021,MVI_40871,846,0,1782359931.2205527,0.0020465850830078125
120022,MVI_40871,755,0,1782359931.222493,0.0019402503967285156
120023,MVI_40871,514,0,1782359931.22448,0.001986980438232422
120024,MVI_40871,436,0,1782359931.2264893,0.0020093917846679688
120025,MVI_40871,565,0,1782359931.228553,0.002063751220703125
120026,MVI_40871,94,0,1782359931.2304876,0.0019345283508300781
120027,MVI_40871,666,0,1782359931.2324827,0.001995086669921875
120028,MVI_40871,333,0,1782359931.2345407,0.0020580291748046875
120029,MVI_40871,671,0,1782359931.2364764,0.001935720443725586
120030,MVI_40871,750,0,1782359931.2385354,0.0020589828491210938
120031,MVI_40871,127,0,1782359931.240612,0.0020766258239746094
120032,MVI_40871,504,0,1782359931.2424932,0.0018811225891113281
120033,MVI_40871,293,0,1782359931.2446184,0.002125263214111328
120034,MVI_40871,315,0,1782359931.2464995,0.0018811225891113281
120035,MVI_40871,466,0,1782359931.248506,0.00200653076171875
120036,MVI_40871,462,0,1782359931.2505245,0.002018451690673828
120037,MVI_40871,675,0,1782359931.2524967,0.001972198486328125
120038,MVI_40871,583,0,1782359931.2545168,0.002020120620727539
120039,MVI_40871,369,0,1782359931.256503,0.001986265182495117
120040,MVI_40871,226,0,1782359931.2585034,0.0020003318786621094
120041,MVI_40871,416,0,1782359931.2604961,0.0019927024841308594
120042,MVI_40871,535,0,1782359931.2624993,0.002003192901611328
120043,MVI_40871,360,0,1782359931.264496,0.001996755599975586
120044,MVI_40871,684,0,1782359931.2665563,0.0020601749420166016
120045,MVI_40871,274,0,1782359931.26853,0.0019736289978027344
120046,MVI_40871,792,0,1782359931.2705617,0.0020318031311035156
120047,MVI_40871,838,0,1782359931.2725623,0.002000570297241211
120048,MVI_40871,516,0,1782359931.2745252,0.001962900161743164
120049,MVI_40871,558,0,1782359931.2766366,0.0021114349365234375
120050,MVI_40871,184,0,1782359931.2785304,0.001893758773803711
120051,MVI_40871,767,0,1782359931.2805033,0.0019729137420654297
120052,MVI_40871,493,0,1782359931.2825596,0.0020563602447509766
120053,MVI_40871,726,0,1782359931.2845042,0.0019445419311523438
120054,MVI_40871,42,0,1782359931.2865596,0.0020554065704345703
120055,MVI_40871,288,0,1782359931.2885742,0.002014636993408203
120056,MVI_40871,611,0,1782359931.2905118,0.0019376277923583984
120057,MVI_40871,246,0,1782359931.2925165,0.0020046234130859375
120058,MVI_40871,321,0,1782359931.2945015,0.0019850730895996094
120059,MVI_40871,396,0,1782359931.2965162,0.002014636993408203
120060,MVI_40871,573,0,1782359931.2984772,0.0019609928131103516
120061,MVI_40871,351,0,1782359931.300508,0.0020308494567871094
120062,MVI_40871,560,0,1782359931.3025048,0.001996755599975586
120063,MVI_40871,317,0,1782359931.304523,0.0020182132720947266
120064,MVI_40871,252,0,1782359931.3066115,0.0020885467529296875
120065,MVI_40871,253,0,1782359931.3085299,0.0019183158874511719
120066,MVI_40871,496,0,1782359931.3105118,0.001981973648071289
120067,MVI_40871,543,0,1782359931.3125732,0.0020613670349121094
120068,MVI_40871,358,0,1782359931.3145182,0.0019450187683105469
120069,MVI_40871,72,0,1782359931.3164845,0.001966238021850586
120070,MVI_40871,593,0,1782359931.318512,0.0020275115966796875
120071,MVI_40871,78,0,1782359931.3205156,0.0020036697387695312
120072,MVI_40871,701,0,1782359931.3225024,0.0019867420196533203
120073,MVI_40871,398,0,1782359931.3245203,0.002017974853515625
120074,MVI_40871,232,0,1782359931.3265536,0.002033233642578125
120075,MVI_40871,658,0,1782359931.3285286,0.0019750595092773438
120076,MVI_40871,413,0,1782359931.330487,0.0019583702087402344
120077,MVI_40871,774,0,1782359931.3325875,0.0021004676818847656
120078,MVI_40871,848,0,1782359931.3345542,0.001966714859008789
120079,MVI_40871,509,0,1782359931.3365579,0.0020036697387695312
120080,MVI_40871,464,0,1782359931.3384895,0.0019316673278808594
120081,MVI_40871,718,0,1782359931.340571,0.0020813941955566406
120082,MVI_40871,159,0,1782359931.3425043,0.0019333362579345703
120083,MVI_40871,324,0,1782359931.3444917,0.001987457275390625
120084,MVI_40871,10,0,1782359931.3464878,0.0019960403442382812
120085,MVI_40871,327,0,1782359931.3486075,0.002119779586791992
120086,MVI_40871,505,0,1782359931.3505135,0.0019059181213378906
120087,MVI_40871,556,0,1782359931.3525586,0.002045154571533203
120088,MVI_40871,828,0,1782359931.3545113,0.0019526481628417969
120089,MVI_40871,380,0,1782359931.3564978,0.0019865036010742188
120090,MVI_40871,711,0,1782359931.3585253,0.0020275115966796875
120091,MVI_40871,194,0,1782359931.3605275,0.002002239227294922
120092,MVI_40871,381,0,1782359931.3625097,0.0019822120666503906
120093,MVI_40871,397,0,1782359931.364521,0.0020112991333007812
120094,MVI_40871,781,0,1782359931.366622,0.0021009445190429688
120095,MVI_40871,112,0,1782359931.368511,0.0018889904022216797
120096,MVI_40871,746,0,1782359931.3706183,0.002107381820678711
120097,MVI_40871,459,0,1782359931.3725116,0.0018932819366455078
120098,MVI_40871,508,0,1782359931.374575,0.002063274383544922
120099,MVI_40871,218,0,1782359931.376559,0.001984119415283203
120100,MVI_40871,165,0,1782359931.3786278,0.002068758010864258
120101,MVI_40871,340,0,1782359931.3804934,0.0018656253814697266
120102,MVI_40871,471,0,1782359931.3827798,0.0022864341735839844
120103,MVI_40871,85,0,1782359931.3844883,0.0017085075378417969
120104,MVI_40871,238,0,1782359931.386503,0.002014636993408203
120105,MVI_40871,87,0,1782359931.3886166,0.0021135807037353516
120106,MVI_40871,154,0,1782359931.3905287,0.0019121170043945312
120107,MVI_40871,627,0,1782359931.3924868,0.001958131790161133
120108,MVI_40871,669,0,1782359931.3945925,0.002105712890625
120109,MVI_40871,712,0,1782359931.3965313,0.0019388198852539062
120110,MVI_40871,707,0,1782359931.3984873,0.0019559860229492188
120111,MVI_40871,224,0,1782359931.4006054,0.0021181106567382812
120112,MVI_40871,325,0,1782359931.4025376,0.0019321441650390625
120113,MVI_40871,527,0,1782359931.4044926,0.0019550323486328125
120114,MVI_40871,110,0,1782359931.4065971,0.002104520797729492
120115,MVI_40871,294,0,1782359931.4085975,0.0020003318786621094
120116,MVI_40871,423,0,1782359962.4225323,0.0
120117,MVI_40871,371,0,1782359962.424373,0.0018405914306640625
120118,MVI_40871,424,0,1782359962.4264164,0.002043485641479492
120119,MVI_40871,118,0,1782359962.4284322,0.002015829086303711
120120,MVI_40871,598,0,1782359962.430391,0.0019588470458984375
120121,MVI_40871,738,0,1782359962.4324148,0.0020236968994140625
120122,MVI_40871,400,0,1782359962.4343827,0.001967906951904297
120123,MVI_40871,83,0,1782359962.4364681,0.002085447311401367
120124,MVI_40871,535,0,1782359962.4385085,0.002040386199951172
120125,MVI_40871,269,0,1782359962.4404254,0.0019168853759765625
120126,MVI_40871,213,0,1782359962.4423916,0.001966238021850586
120127,MVI_40871,451,0,1782359962.444475,0.002083301544189453
120128,MVI_40871,659,0,1782359962.4463816,0.0019066333770751953
120129,MVI_40871,515,0,1782359962.4485416,0.0021600723266601562
120130,MVI_40871,578,0,1782359962.4504561,0.0019145011901855469
120131,MVI_40871,155,0,1782359962.4524302,0.0019741058349609375
120132,MVI_40871,164,0,1782359962.4544387,0.0020084381103515625
120133,MVI_40871,708,0,1782359962.4565976,0.0021588802337646484
120134,MVI_40871,671,0,1782359962.4585814,0.0019838809967041016
120135,MVI_40871,99,0,1782359962.4604228,0.0018413066864013672
120136,MVI_40871,40,0,1782359962.4626222,0.002199411392211914
120137,MVI_40871,774,0,1782359962.4644225,0.0018002986907958984
120138,MVI_40871,11,0,1782359962.4664412,0.0020186901092529297
120139,MVI_40871,762,0,1782359962.4684136,0.0019724369049072266
120140,MVI_40871,595,0,1782359962.4704423,0.0020287036895751953
120141,MVI_40871,59,0,1782359962.4724402,0.0019979476928710938
120142,MVI_40871,58,0,1782359962.474476,0.002035856246948242
120143,MVI_40871,331,0,1782359962.4764411,0.001965045928955078
120144,MVI_40871,569,0,1782359962.4784374,0.001996278762817383
120145,MVI_40871,92,0,1782359962.4804754,0.0020380020141601562
120146,MVI_40871,660,0,1782359962.482443,0.0019676685333251953
120147,MVI_40871,776,0,1782359962.4844441,0.002001047134399414
120148,MVI_40871,121,0,1782359962.4865615,0.0021173954010009766
120149,MVI_40871,731,0,1782359962.4884717,0.0019102096557617188
120150,MVI_40871,291,0,1782359962.4904728,0.002001047134399414
120151,MVI_40871,264,0,1782359962.4926484,0.002175569534301758
120152,MVI_40871,399,0,1782359962.4944727,0.0018243789672851562
120153,MVI_40871,210,0,1782359962.4964724,0.0019996166229248047
120154,MVI_40871,77,0,1782359962.4986541,0.0021817684173583984
120155,MVI_40871,104,0,1782359962.500471,0.0018169879913330078
120156,MVI_40871,51,0,1782359962.5024738,0.002002716064453125
120157,MVI_40871,849,0,1782359962.504644,0.002170085906982422
120158,MVI_40871,713,0,1782359962.5064726,0.0018286705017089844
120159,MVI_40871,777,0,1782359962.5084755,0.0020029544830322266
120160,MVI_40871,581,0,1782359962.5106487,0.002173185348510742
120161,MVI_40871,701,0,1782359962.512471,0.0018222332000732422
120162,MVI_40871,406,0,1782359962.514475,0.0020041465759277344
120163,MVI_40871,506,0,1782359962.516646,0.0021708011627197266
120164,MVI_40871,652,0,1782359962.5184944,0.001848459243774414
120165,MVI_40871,748,0,1782359962.5204754,0.001981019973754883
120166,MVI_40871,552,0,1782359962.5226476,0.002172231674194336
120167,MVI_40871,663,0,1782359962.5244431,0.0017955303192138672
120168,MVI_40871,115,0,1782359962.5264747,0.002031564712524414
120169,MVI_40871,590,0,1782359962.5286465,0.002171754837036133
120170,MVI_40871,290,0,1782359962.5304708,0.0018243789672851562
120171,MVI_40871,474,0,1782359962.5324736,0.002002716064453125
120172,MVI_40871,45,0,1782359962.534631,0.002157449722290039
120173,MVI_40871,316,0,1782359962.5364673,0.0018362998962402344
120174,MVI_40871,453,0,1782359962.5384827,0.002015352249145508
120175,MVI_40871,631,0,1782359962.5405824,0.002099752426147461
120176,MVI_40871,718,0,1782359962.5424712,0.0018887519836425781
120177,MVI_40871,728,0,1782359962.544461,0.0019898414611816406
120178,MVI_40871,743,0,1782359962.5466502,0.002189159393310547
120179,MVI_40871,541,0,1782359962.548464,0.0018138885498046875
120180,MVI_40871,806,0,1782359962.550473,0.0020089149475097656
120181,MVI_40871,233,0,1782359962.5526416,0.0021686553955078125
120182,MVI_40871,528,0,1782359962.55447,0.0018284320831298828
120183,MVI_40871,640,0,1782359962.556473,0.0020029544830322266
120184,MVI_40871,609,0,1782359962.5586433,0.0021703243255615234
120185,MVI_40871,470,0,1782359962.5604699,0.0018265247344970703
120186,MVI_40871,66,0,1782359962.5624683,0.001998424530029297
120187,MVI_40871,627,0,1782359962.5646403,0.0021719932556152344
120188,MVI_40871,327,0,1782359962.5664732,0.0018329620361328125
120189,MVI_40871,523,0,1782359962.5684755,0.002002239227294922
120190,MVI_40871,747,0,1782359962.570626,0.0021505355834960938
120191,MVI_40871,395,0,1782359962.5724733,0.0018472671508789062
120192,MVI_40871,520,0,1782359962.5744743,0.002001047134399414
120193,MVI_40871,494,0,1782359962.576646,0.002171754837036133
120194,MVI_40871,790,0,1782359962.5784743,0.0018281936645507812
120195,MVI_40871,141,0,1782359962.5804737,0.001999378204345703
120196,MVI_40871,735,0,1782359962.5826385,0.0021648406982421875
120197,MVI_40871,105,0,1782359962.5844805,0.0018420219421386719
120198,MVI_40871,599,0,1782359962.586474,0.001993417739868164
120199,MVI_40871,12,0,1782359962.5886407,0.002166748046875
120200,MVI_40871,674,0,1782359962.5904715,0.0018308162689208984
120201,MVI_40871,436,0,1782359962.592475,0.0020034313201904297
120202,MVI_40871,688,0,1782359962.59465,0.0021750926971435547
120203,MVI_40871,41,0,1782359962.5964446,0.001794576644897461
120204,MVI_40871,811,0,1782359962.5984657,0.0020210742950439453
120205,MVI_40871,716,0,1782359962.6006505,0.0021848678588867188
120206,MVI_40871,175,0,1782359962.6024425,0.0017919540405273438
120207,MVI_40871,284,0,1782359962.6044722,0.0020296573638916016
120208,MVI_40871,498,0,1782359962.6066496,0.0021774768829345703
120209,MVI_40871,229,0,1782359962.6084478,0.0017981529235839844
120210,MVI_40871,791,0,1782359962.6104753,0.0020275115966796875
120211,MVI_40871,44,0,1782359962.612655,0.0021796226501464844
120212,MVI_40871,833,0,1782359962.6144423,0.001787424087524414
120213,MVI_40871,407,0,1782359962.6164749,0.0020325183868408203
120214,MVI_40871,347,0,1782359962.618649,0.0021741390228271484
120215,MVI_40871,749,0,1782359962.620442,0.00179290771484375
120216,MVI_40871,694,0,1782359962.62246,0.002017974853515625
120217,MVI_40871,839,0,1782359962.6246552,0.0021953582763671875
120218,MVI_40871,315,0,1782359962.6264796,0.0018243789672851562
120219,MVI_40871,281,0,1782359962.6284757,0.0019960403442382812
120220,MVI_40871,488,0,1782359962.6305654,0.0020897388458251953
120221,MVI_40871,587,0,1782359962.6324275,0.0018620491027832031
120222,MVI_40871,817,0,1782359962.6344225,0.001995086669921875
120223,MVI_40871,538,0,1782359962.6366155,0.002192974090576172
120224,MVI_40871,237,0,1782359962.6386194,0.002003908157348633
120225,MVI_40871,183,0,1782359962.6405377,0.0019183158874511719
120226,MVI_40871,438,0,1782359962.642785,0.002247333526611328
120227,MVI_40871,760,0,1782359962.6444848,0.001699686050415039
120228,MVI_40871,211,0,1782359962.646647,0.0021622180938720703
120229,MVI_40871,655,0,1782359962.6486294,0.001982450485229492
120230,MVI_40871,785,0,1782359962.6505456,0.0019161701202392578
120231,MVI_40871,87,0,1782359962.652514,0.0019683837890625
120232,MVI_40871,345,0,1782359962.654609,0.0020949840545654297
120233,MVI_40871,736,0,1782359962.656473,0.0018639564514160156
120234,MVI_40871,416,0,1782359962.6584508,0.0019779205322265625
120235,MVI_40871,76,0,1782359962.6606102,0.0021593570709228516
120236,MVI_40871,421,0,1782359962.6624687,0.0018584728240966797
120237,MVI_40871,280,0,1782359962.6644714,0.002002716064453125
120238,MVI_40871,368,0,1782359962.6666086,0.0021371841430664062
120239,MVI_40871,526,0,1782359962.6684694,0.0018608570098876953
120240,MVI_40871,369,0,1782359962.670451,0.001981496810913086
120241,MVI_40871,645,0,1782359962.6726446,0.0021936893463134766
120242,MVI_40871,828,0,1782359962.6744342,0.0017895698547363281
120243,MVI_40871,457,0,1782359962.6765673,0.0021331310272216797
120244,MVI_40871,428,0,1782359962.6786115,0.002044200897216797
120245,MVI_40871,768,0,1782359962.6804655,0.00185394287109375
120246,MVI_40871,573,0,1782359962.682545,0.002079486846923828
120247,MVI_40871,72,0,1782359962.6847346,0.00218963623046875
120248,MVI_40871,295,0,1782359962.6864352,0.0017006397247314453
120249,MVI_40871,171,0,1782359962.6886337,0.002198457717895508
120250,MVI_40871,725,0,1782359962.6907392,0.0021054744720458984
120251,MVI_40871,618,0,1782359962.6924717,0.0017325878143310547
120252,MVI_40871,780,0,1782359962.6946237,0.002151966094970703
120253,MVI_40871,466,0,1782359962.6967916,0.002167940139770508
120254,MVI_40871,562,0,1782359962.6984766,0.0016849040985107422
120255,MVI_40871,426,0,1782359962.7006266,0.0021500587463378906
120256,MVI_40871,705,0,1782359962.7028015,0.002174854278564453
120257,MVI_40871,244,0,1782359962.7044992,0.0016977787017822266
120258,MVI_40871,772,0,1782359962.7065895,0.0020902156829833984
120259,MVI_40871,177,0,1782359962.70878,0.0021905899047851562
120260,MVI_40871,830,0,1782359962.710486,0.0017058849334716797
120261,MVI_40871,439,0,1782359962.7126055,0.0021195411682128906
120262,MVI_40871,110,0,1782359962.7148013,0.0021958351135253906
120263,MVI_40871,554,0,1782359962.7164779,0.0016765594482421875
120264,MVI_40871,712,0,1782359962.7186043,0.002126455307006836
120265,MVI_40871,384,0,1782359962.7207942,0.0021898746490478516
120266,MVI_40871,730,0,1782359962.722475,0.0016808509826660156
120267,MVI_40871,234,0,1782359962.7246072,0.0021321773529052734
120268,MVI_40871,612,0,1782359962.7268047,0.0021975040435791016
120269,MVI_40871,161,0,1782359962.7284873,0.0016825199127197266
120270,MVI_40871,580,0,1782359962.730609,0.0021216869354248047
120271,MVI_40871,607,0,1782359962.732735,0.002125978469848633
120272,MVI_40871,14,0,1782359962.7344384,0.001703500747680664
120273,MVI_40871,687,0,1782359962.7367742,0.002335786819458008
120274,MVI_40871,202,0,1782359962.7385478,0.0017735958099365234
120275,MVI_40871,184,0,1782359962.740454,0.0019061565399169922
120276,MVI_40871,693,0,1782359962.74262,0.0021660327911376953
120277,MVI_40871,139,0,1782359962.7447896,0.0021696090698242188
120278,MVI_40871,715,0,1782359962.7464368,0.0016472339630126953
120279,MVI_40871,383,0,1782359962.748567,0.002130270004272461
120280,MVI_40871,339,0,1782359962.7507713,0.0022041797637939453
120281,MVI_40871,292,0,1782359962.7524345,0.0016632080078125
120282,MVI_40871,844,0,1782359962.7546508,0.002216339111328125
120283,MVI_40871,583,0,1782359962.7566543,0.0020034313201904297
120284,MVI_40871,702,0,1782359962.7584326,0.0017783641815185547
120285,MVI_40871,572,0,1782359962.760647,0.0022144317626953125
120286,MVI_40871,138,0,1782359962.7626543,0.0020072460174560547
120287,MVI_40871,20,0,1782359962.7644305,0.0017762184143066406
120288,MVI_40871,481,0,1782359962.7665772,0.0021467208862304688
120289,MVI_40871,6,0,1782359962.768653,0.002075672149658203
120290,MVI_40871,672,0,1782359962.7704306,0.00177764892578125
120291,MVI_40871,818,0,1782359962.7725554,0.002124786376953125
120292,MVI_40871,296,0,1782359962.7746532,0.0020978450775146484
120293,MVI_40871,17,0,1782359962.776432,0.0017788410186767578
120294,MVI_40871,353,0,1782359962.7785764,0.002144336700439453
120295,MVI_40871,691,0,1782359962.7806468,0.0020704269409179688
120296,MVI_40871,261,0,1782359962.7824302,0.0017833709716796875
120297,MVI_40871,568,0,1782359962.7846415,0.002211332321166992
120298,MVI_40871,442,0,1782359962.786582,0.0019404888153076172
120299,MVI_40871,431,0,1782359962.7884307,0.0018486976623535156
120300,MVI_40871,380,0,1782359962.7905753,0.0021445751190185547
120301,MVI_40871,246,0,1782359962.792585,0.0020096302032470703
120302,MVI_40871,510,0,1782359962.7944288,0.0018439292907714844
120303,MVI_40871,158,0,1782359962.7966425,0.002213716506958008
120304,MVI_40871,452,0,1782359962.7985861,0.0019435882568359375
120305,MVI_40871,642,0,1782359962.8004293,0.0018432140350341797
120306,MVI_40871,680,0,1782359962.802579,0.0021495819091796875
120307,MVI_40871,418,0,1782359962.8045819,0.0020029544830322266
120308,MVI_40871,381,0,1782359962.8064282,0.0018463134765625
120309,MVI_40871,150,0,1782359962.8085766,0.0021483898162841797
120310,MVI_40871,29,0,1782359962.8105872,0.0020105838775634766
120311,MVI_40871,112,0,1782359962.812454,0.0018668174743652344
120312,MVI_40871,751,0,1782359962.814574,0.0021200180053710938
120313,MVI_40871,273,0,1782359962.8166447,0.0020706653594970703
120314,MVI_40871,182,0,1782359962.8184547,0.0018100738525390625
120315,MVI_40871,644,0,1782359962.8209498,0.0024950504302978516
120316,MVI_40871,349,0,1782359962.822468,0.00151824951171875
120317,MVI_40871,243,0,1782359962.8245702,0.0021021366119384766
120318,MVI_40871,484,0,1782359962.8264546,0.00188446044921875
120319,MVI_40871,556,0,1782359962.8286183,0.0021636486053466797
120320,MVI_40871,309,0,1782359962.8304558,0.0018374919891357422
120321,MVI_40871,372,0,1782359962.8326297,0.002173900604248047
120322,MVI_40871,98,0,1782359962.8346097,0.0019800662994384766
120323,MVI_40871,146,0,1782359962.8364487,0.0018389225006103516
120324,MVI_40871,240,0,1782359962.8386357,0.002187013626098633
120325,MVI_40871,159,0,1782359962.8406107,0.0019750595092773438
120326,MVI_40871,151,0,1782359962.8424518,0.0018410682678222656
120327,MVI_40871,711,0,1782359962.844637,0.0021851062774658203
120328,MVI_40871,628,0,1782359962.8466115,0.0019745826721191406
120329,MVI_40871,191,0,1782359962.8484495,0.0018379688262939453
120330,MVI_40871,340,0,1782359962.8506067,0.0021572113037109375
120331,MVI_40871,107,0,1782359962.85252,0.001913309097290039
120332,MVI_40871,322,0,1782359962.8545702,0.002050161361694336
120333,MVI_40871,511,0,1782359962.8564506,0.0018804073333740234
120334,MVI_40871,294,0,1782359962.8584998,0.0020492076873779297
120335,MVI_40871,313,0,1782359962.8604069,0.0019071102142333984
120336,MVI_40871,354,0,1782359962.862435,0.002028226852416992
120337,MVI_40871,458,0,1782359962.864463,0.0020279884338378906
120338,MVI_40871,129,0,1782359962.8664048,0.001941680908203125
120339,MVI_40871,287,0,1782359962.8684332,0.0020284652709960938
120340,MVI_40871,178,0,1782359962.870452,0.0020186901092529297
120341,MVI_40871,647,0,1782359962.8724313,0.001979351043701172
120342,MVI_40871,319,0,1782359962.874406,0.001974821090698242
120343,MVI_40871,397,0,1782359962.8766308,0.0022246837615966797
120344,MVI_40871,634,0,1782359962.8784506,0.0018198490142822266
120345,MVI_40871,841,0,1782359962.88065,0.002199411392211914
120346,MVI_40871,606,0,1782359962.8824868,0.0018367767333984375
120347,MVI_40871,707,0,1782359962.8845403,0.002053499221801758
120348,MVI_40871,69,0,1782359962.8866808,0.002140522003173828
120349,MVI_40871,232,0,1782359962.8885674,0.001886606216430664
120350,MVI_40871,250,0,1782359962.890479,0.0019116401672363281
120351,MVI_40871,681,0,1782359962.892652,0.0021729469299316406
120352,MVI_40871,91,0,1782359962.8946142,0.0019621849060058594
120353,MVI_40871,282,0,1782359962.8964756,0.0018613338470458984
120354,MVI_40871,669,0,1782359962.8986576,0.0021820068359375
120355,MVI_40871,386,0,1782359962.9006145,0.001956939697265625
120356,MVI_40871,724,0,1782359962.902473,0.0018584728240966797
120357,MVI_40871,299,0,1782359962.904657,0.0021839141845703125
120358,MVI_40871,514,0,1782359962.9066145,0.0019576549530029297
120359,MVI_40871,258,0,1782359962.908472,0.0018575191497802734
120360,MVI_40871,49,0,1782359962.91065,0.0021779537200927734
120361,MVI_40871,364,0,1782359962.9126127,0.0019626617431640625
120362,MVI_40871,263,0,1782359962.9144711,0.0018584728240966797
120363,MVI_40871,267,0,1782359962.9165797,0.0021085739135742188
120364,MVI_40871,432,0,1782359962.9186153,0.0020356178283691406
120365,MVI_40871,430,0,1782359962.9204717,0.0018563270568847656
120366,MVI_40871,396,0,1782359962.9225802,0.0021085739135742188
120367,MVI_40871,574,0,1782359962.9246132,0.0020329952239990234
120368,MVI_40871,231,0,1782359962.9264677,0.0018544197082519531
120369,MVI_40871,301,0,1782359962.9285963,0.00212860107421875
120370,MVI_40871,695,0,1782359962.9306145,0.0020182132720947266
120371,MVI_40871,794,0,1782359962.9324725,0.0018579959869384766
120372,MVI_40871,245,0,1782359962.9345849,0.0021123886108398438
120373,MVI_40871,122,0,1782359962.9365928,0.0020079612731933594
120374,MVI_40871,277,0,1782359962.9384744,0.0018815994262695312
120375,MVI_40871,516,0,1782359962.9405975,0.002123117446899414
120376,MVI_40871,781,0,1782359962.9426105,0.002012968063354492
120377,MVI_40871,656,0,1782359962.9444869,0.0018763542175292969
120378,MVI_40871,209,0,1782359962.946608,0.0021212100982666016
120379,MVI_40871,733,0,1782359962.9486005,0.001992464065551758
120380,MVI_40871,388,0,1782359962.9504707,0.0018701553344726562
120381,MVI_40871,22,0,1782359962.9525945,0.0021238327026367188
120382,MVI_40871,524,0,1782359962.954607,0.002012491226196289
120383,MVI_40871,821,0,1782359962.956443,0.0018360614776611328
120384,MVI_40871,61,0,1782359962.9585419,0.0020987987518310547
120385,MVI_40871,782,0,1782359962.9605134,0.0019714832305908203
120386,MVI_40871,228,0,1782359962.9624488,0.0019354820251464844
120387,MVI_40871,847,0,1782359962.9644825,0.002033710479736328
120388,MVI_40871,629,0,1782359962.9664671,0.0019845962524414062
120389,MVI_40871,446,0,1782359962.9684715,0.002004384994506836
120390,MVI_40871,425,0,1782359962.9704642,0.0019927024841308594
120391,MVI_40871,532,0,1782359962.9724538,0.001989603042602539
120392,MVI_40871,822,0,1782359962.974432,0.001978158950805664
120393,MVI_40871,742,0,1782359962.9764068,0.001974821090698242
120394,MVI_40871,559,0,1782359962.978465,0.002058267593383789
120395,MVI_40871,504,0,1782359962.9804063,0.0019412040710449219
120396,MVI_40871,374,0,1782359962.9824328,0.0020265579223632812
120397,MVI_40871,181,0,1782359962.9844635,0.002030611038208008
120398,MVI_40871,547,0,1782359962.9864056,0.0019421577453613281
120399,MVI_40871,643,0,1782359962.9884334,0.002027750015258789
120400,MVI_40871,82,0,1782359962.990461,0.002027750015258789
120401,MVI_40871,737,0,1782359962.9924073,0.0019462108612060547
120402,MVI_40871,68,0,1782359962.9944324,0.002025127410888672
120403,MVI_40871,297,0,1782359962.9964626,0.0020301342010498047
120404,MVI_40871,325,0,1782359962.998407,0.0019443035125732422
120405,MVI_40871,215,0,1782359963.0004327,0.0020258426666259766
120406,MVI_40871,597,0,1782359963.0024621,0.0020294189453125
120407,MVI_40871,570,0,1782359963.0044053,0.0019431114196777344
120408,MVI_40871,450,0,1782359963.0064447,0.0020394325256347656
120409,MVI_40871,326,0,1782359963.0084665,0.00202178955078125
120410,MVI_40871,650,0,1782359963.0104063,0.0019397735595703125
120411,MVI_40871,179,0,1782359963.012432,0.0020258426666259766
120412,MVI_40871,7,0,1782359963.0144622,0.0020301342010498047
120413,MVI_40871,630,0,1782359963.0164063,0.0019440650939941406
120414,MVI_40871,471,0,1782359963.0184085,0.002002239227294922
120415,MVI_40871,153,0,1782359963.0204766,0.002068042755126953
120416,MVI_40871,537,0,1782359963.022402,0.0019254684448242188
120417,MVI_40871,720,0,1782359963.0243924,0.0019903182983398438
120418,MVI_40871,619,0,1782359963.0264497,0.002057313919067383
120419,MVI_40871,185,0,1782359963.0284188,0.0019690990447998047
120420,MVI_40871,367,0,1782359963.0304186,0.0019998550415039062
120421,MVI_40871,222,0,1782359963.032475,0.0020563602447509766
120422,MVI_40871,308,0,1782359963.0344179,0.0019428730010986328
120423,MVI_40871,710,0,1782359963.036418,0.002000093460083008
120424,MVI_40871,173,0,1782359963.0384765,0.0020585060119628906
120425,MVI_40871,166,0,1782359963.0404162,0.0019397735595703125
120426,MVI_40871,194,0,1782359963.0424168,0.002000570297241211
120427,MVI_40871,332,0,1782359963.0444756,0.002058744430541992
120428,MVI_40871,422,0,1782359963.046423,0.0019474029541015625
120429,MVI_40871,479,0,1782359963.0484195,0.0019965171813964844
120430,MVI_40871,482,0,1782359963.050476,0.002056598663330078
120431,MVI_40871,60,0,1782359963.052414,0.0019378662109375
120432,MVI_40871,81,0,1782359963.0544174,0.0020034313201904297
120433,MVI_40871,505,0,1782359963.0564759,0.0020585060119628906
120434,MVI_40871,638,0,1782359963.0584173,0.0019414424896240234
120435,MVI_40871,437,0,1782359963.060417,0.0019996166229248047
120436,MVI_40871,311,0,1782359963.0624785,0.002061605453491211
120437,MVI_40871,459,0,1782359963.0644152,0.0019366741180419922
120438,MVI_40871,651,0,1782359963.0664144,0.0019991397857666016
120439,MVI_40871,637,0,1782359963.068478,0.002063751220703125
120440,MVI_40871,355,0,1782359963.0704153,0.0019371509552001953
120441,MVI_40871,784,0,1782359963.072437,0.00202178955078125
120442,MVI_40871,477,0,1782359963.0744765,0.0020394325256347656
120443,MVI_40871,321,0,1782359963.0764153,0.0019388198852539062
120444,MVI_40871,608,0,1782359963.0784178,0.0020024776458740234
120445,MVI_40871,676,0,1782359963.0804787,0.0020608901977539062
120446,MVI_40871,491,0,1782359963.0824196,0.0019409656524658203
120447,MVI_40871,33,0,1782359963.0844204,0.0020008087158203125
120448,MVI_40871,603,0,1782359963.0864844,0.0020639896392822266
120449,MVI_40871,809,0,1782359963.088418,0.0019335746765136719
120450,MVI_40871,28,0,1782359963.090415,0.0019969940185546875
120451,MVI_40871,27,0,1782359963.092471,0.0020558834075927734
120452,MVI_40871,796,0,1782359963.0944164,0.00194549560546875
120453,MVI_40871,639,0,1782359963.0964158,0.001999378204345703
120454,MVI_40871,230,0,1782359963.0984716,0.0020558834075927734
120455,MVI_40871,382,0,1782359963.1004155,0.001943826675415039
120456,MVI_40871,43,0,1782359963.102415,0.0019996166229248047
120457,MVI_40871,4,0,1782359963.10447,0.002054929733276367
120458,MVI_40871,113,0,1782359963.1064153,0.0019452571868896484
120459,MVI_40871,214,0,1782359963.1084158,0.002000570297241211
120460,MVI_40871,310,0,1782359963.11047,0.0020542144775390625
120461,MVI_40871,362,0,1782359963.1124172,0.001947164535522461
120462,MVI_40871,497,0,1782359963.1144204,0.002003192901611328
120463,MVI_40871,827,0,1782359963.11647,0.002049684524536133
120464,MVI_40871,88,0,1782359963.118415,0.0019450187683105469
120465,MVI_40871,804,0,1782359963.1204169,0.0020017623901367188
120466,MVI_40871,807,0,1782359963.1224713,0.002054452896118164
120467,MVI_40871,62,0,1782359963.1244206,0.001949310302734375
120468,MVI_40871,106,0,1782359963.1264174,0.001996755599975586
120469,MVI_40871,486,0,1782359963.128472,0.0020546913146972656
120470,MVI_40871,289,0,1782359963.1304152,0.0019431114196777344
120471,MVI_40871,555,0,1782359963.1324158,0.002000570297241211
120472,MVI_40871,797,0,1782359963.1344736,0.002057790756225586
120473,MVI_40871,391,0,1782359963.136417,0.001943349838256836
120474,MVI_40871,755,0,1782359963.138416,0.0019991397857666016
120475,MVI_40871,773,0,1782359963.1404724,0.0020563602447509766
120476,MVI_40871,32,0,1782359963.1424153,0.0019428730010986328
120477,MVI_40871,401,0,1782359963.1444163,0.002001047134399414
120478,MVI_40871,771,0,1782359963.146477,0.0020606517791748047
120479,MVI_40871,80,0,1782359963.1484153,0.0019383430480957031
120480,MVI_40871,26,0,1782359963.1504152,0.0019998550415039062
120481,MVI_40871,533,0,1782359963.1524734,0.002058267593383789
120482,MVI_40871,352,0,1782359963.1544154,0.0019419193267822266
120483,MVI_40871,468,0,1782359963.1564155,0.002000093460083008
120484,MVI_40871,298,0,1782359963.1584892,0.0020737648010253906
120485,MVI_40871,475,0,1782359963.160414,0.001924753189086914
120486,MVI_40871,675,0,1782359963.1624265,0.002012491226196289
120487,MVI_40871,217,0,1782359963.1644702,0.0020437240600585938
120488,MVI_40871,318,0,1782359963.1664145,0.0019443035125732422
120489,MVI_40871,576,0,1782359963.1684175,0.0020029544830322266
120490,MVI_40871,449,0,1782359963.1704693,0.002051830291748047
120491,MVI_40871,170,0,1782359963.1724153,0.0019459724426269531
120492,MVI_40871,152,0,1782359963.1744158,0.002000570297241211
120493,MVI_40871,467,0,1782359963.1764696,0.0020537376403808594
120494,MVI_40871,683,0,1782359963.178415,0.00194549560546875
120495,MVI_40871,13,0,1782359963.1804163,0.0020012855529785156
120496,MVI_40871,460,0,1782359963.1824682,0.002051830291748047
120497,MVI_40871,71,0,1782359963.1844153,0.001947164535522461
120498,MVI_40871,195,0,1782359963.186416,0.002000570297241211
120499,MVI_40871,626,0,1782359963.1884694,0.002053499221801758
120500,MVI_40871,837,0,1782359963.190416,0.0019466876983642578
120501,MVI_40871,648,0,1782359963.1924155,0.001999378204345703
120502,MVI_40871,414,0,1782359963.194469,0.002053499221801758
120503,MVI_40871,163,0,1782359963.1964147,0.0019457340240478516
120504,MVI_40871,740,0,1782359963.198414,0.001999378204345703
120505,MVI_40871,805,0,1782359963.2004704,0.0020563602447509766
120506,MVI_40871,128,0,1782359963.2024212,0.0019507408142089844
120507,MVI_40871,476,0,1782359963.2044153,0.0019941329956054688
120508,MVI_40871,293,0,1782359963.2064736,0.002058267593383789
120509,MVI_40871,85,0,1782359963.20842,0.0019464492797851562
120510,MVI_40871,125,0,1782359963.2104213,0.0020012855529785156
120511,MVI_40871,616,0,1782359963.2124825,0.002061128616333008
120512,MVI_40871,208,0,1782359963.214415,0.0019326210021972656
120513,MVI_40871,714,0,1782359963.216415,0.0019998550415039062
120514,MVI_40871,487,0,1782359963.218491,0.0020761489868164062
120515,MVI_40871,840,0,1782359963.2204163,0.0019252300262451172
120516,MVI_40871,37,0,1782359963.222416,0.0019996166229248047
120517,MVI_40871,472,0,1782359963.22447,0.002053976058959961
120518,MVI_40871,473,0,1782359963.2264168,0.0019469261169433594
120519,MVI_40871,392,0,1782359963.2284164,0.0019996166229248047
120520,MVI_40871,443,0,1782359963.2304797,0.002063274383544922
120521,MVI_40871,265,0,1782359963.232416,0.001936197280883789
120522,MVI_40871,95,0,1782359963.2344224,0.00200653076171875
120523,MVI_40871,539,0,1782359963.2364707,0.0020482540130615234
120524,MVI_40871,699,0,1782359963.2384157,0.0019450187683105469
120525,MVI_40871,348,0,1782359963.240421,0.002005338668823242
120526,MVI_40871,729,0,1782359963.2424812,0.0020601749420166016
120527,MVI_40871,787,0,1782359963.2444155,0.0019342899322509766
120528,MVI_40871,190,0,1782359963.2464159,0.0020003318786621094
120529,MVI_40871,534,0,1782359963.2484987,0.00208282470703125
120530,MVI_40871,819,0,1782359963.2504163,0.0019176006317138672
120531,MVI_40871,803,0,1782359963.2524168,0.002000570297241211
120532,MVI_40871,89,0,1782359963.2544894,0.002072572708129883
120533,MVI_40871,413,0,1782359963.2564156,0.0019261837005615234
120534,MVI_40871,759,0,1782359963.2584178,0.002002239227294922
120535,MVI_40871,604,0,1782359963.2605143,0.002096414566040039
120536,MVI_40871,653,0,1782359963.2624161,0.001901865005493164
120537,MVI_40871,545,0,1782359963.2644145,0.001998424530029297
120538,MVI_40871,363,0,1782359963.266476,0.0020613670349121094
120539,MVI_40871,65,0,1782359963.268415,0.0019390583038330078
120540,MVI_40871,154,0,1782359963.270415,0.002000093460083008
120541,MVI_40871,792,0,1782359963.2724748,0.0020596981048583984
120542,MVI_40871,402,0,1782359963.274415,0.0019402503967285156
120543,MVI_40871,799,0,1782359963.2764132,0.0019981861114501953
120544,MVI_40871,218,0,1782359963.2784715,0.002058267593383789
120545,MVI_40871,403,0,1782359963.280421,0.0019495487213134766
120546,MVI_40871,73,0,1782359963.2824168,0.0019958019256591797
120547,MVI_40871,303,0,1782359963.284471,0.0020542144775390625
120548,MVI_40871,270,0,1782359963.2864165,0.00194549560546875
120549,MVI_40871,563,0,1782359963.2884147,0.0019981861114501953
120550,MVI_40871,329,0,1782359963.2904754,0.0020606517791748047
120551,MVI_40871,2,0,1782359963.292415,0.001939535140991211
120552,MVI_40871,824,0,1782359963.294416,0.002001047134399414
120553,MVI_40871,52,0,1782359963.2964725,0.002056598663330078
120554,MVI_40871,462,0,1782359963.2984188,0.0019462108612060547
120555,MVI_40871,257,0,1782359963.3004165,0.001997709274291992
120556,MVI_40871,162,0,1782359963.3024712,0.0020546913146972656
120557,MVI_40871,692,0,1782359963.3044162,0.0019450187683105469
120558,MVI_40871,610,0,1782359963.3064156,0.001999378204345703
120559,MVI_40871,200,0,1782359963.3084733,0.002057790756225586
120560,MVI_40871,689,0,1782359963.3104155,0.0019421577453613281
120561,MVI_40871,272,0,1782359963.312417,0.002001523971557617
120562,MVI_40871,205,0,1782359963.314471,0.002053976058959961
120563,MVI_40871,10,0,1782359963.3164158,0.0019447803497314453
120564,MVI_40871,156,0,1782359963.3184216,0.0020058155059814453
120565,MVI_40871,433,0,1782359963.3204715,0.0020499229431152344
120566,MVI_40871,36,0,1782359963.322415,0.0019435882568359375
120567,MVI_40871,97,0,1782359963.3244162,0.002001047134399414
120568,MVI_40871,613,0,1782359963.326469,0.002052783966064453
120569,MVI_40871,499,0,1782359963.328415,0.0019459724426269531
120570,MVI_40871,596,0,1782359963.3304157,0.0020008087158203125
120571,MVI_40871,829,0,1782359963.3324716,0.0020558834075927734
120572,MVI_40871,512,0,1782359963.3344152,0.0019435882568359375
120573,MVI_40871,275,0,1782359963.3364224,0.0020072460174560547
120574,MVI_40871,579,0,1782359963.3384714,0.002048969268798828
120575,MVI_40871,779,0,1782359963.3404229,0.001951456069946289
120576,MVI_40871,490,0,1782359963.3424172,0.0019943714141845703
120577,MVI_40871,5,0,1782359963.3444707,0.002053499221801758
120578,MVI_40871,74,0,1782359963.346415,0.0019443035125732422
120579,MVI_40871,241,0,1782359963.3484325,0.002017498016357422
120580,MVI_40871,203,0,1782359963.3504796,0.0020470619201660156
120581,MVI_40871,131,0,1782359963.3525825,0.0021028518676757812
120582,MVI_40871,223,0,1782359963.3544662,0.0018837451934814453
120583,MVI_40871,193,0,1782359963.3565822,0.002115964889526367
120584,MVI_40871,764,0,1782359963.3584406,0.0018584728240966797
120585,MVI_40871,657,0,1782359963.3606057,0.002165079116821289
120586,MVI_40871,143,0,1782359963.3627112,0.0021054744720458984
120587,MVI_40871,63,0,1782359963.3644323,0.0017211437225341797
120588,MVI_40871,662,0,1782359963.3666537,0.002221345901489258
120589,MVI_40871,625,0,1782359963.3687038,0.002050161361694336
120590,MVI_40871,813,0,1782359963.37043,0.0017261505126953125
120591,MVI_40871,522,0,1782359963.3727057,0.002275705337524414
120592,MVI_40871,600,0,1782359963.3746486,0.0019428730010986328
120593,MVI_40871,323,0,1782359963.37643,0.001781463623046875
120594,MVI_40871,365,0,1782359963.378709,0.002279043197631836
120595,MVI_40871,342,0,1782359963.3806536,0.0019445419311523438
120596,MVI_40871,50,0,1782359963.3824568,0.0018031597137451172
120597,MVI_40871,144,0,1782359963.3845375,0.002080678939819336
120598,MVI_40871,8,0,1782359963.3866463,0.0021088123321533203
120599,MVI_40871,721,0,1782359963.388451,0.0018048286437988281
120600,MVI_40871,831,0,1782359963.39055,0.0020987987518310547
120601,MVI_40871,770,0,1782359963.392645,0.0020949840545654297
120602,MVI_40871,577,0,1782359963.3944428,0.0017979145050048828
120603,MVI_40871,137,0,1782359963.3965564,0.0021135807037353516
120604,MVI_40871,189,0,1782359963.3986418,0.002085447311401367
120605,MVI_40871,148,0,1782359963.400452,0.0018100738525390625
120606,MVI_40871,620,0,1782359963.4025538,0.002101898193359375
120607,MVI_40871,543,0,1782359963.4045792,0.0020253658294677734
120608,MVI_40871,324,0,1782359963.4064574,0.0018782615661621094
120609,MVI_40871,255,0,1782359963.4087412,0.002283811569213867
120610,MVI_40871,278,0,1782359963.4105816,0.001840353012084961
120611,MVI_40871,441,0,1782359963.4124665,0.0018849372863769531
120612,MVI_40871,394,0,1782359963.4145677,0.0021011829376220703
120613,MVI_40871,845,0,1782359963.4166455,0.002077817916870117
120614,MVI_40871,389,0,1782359963.41845,0.0018045902252197266
120615,MVI_40871,617,0,1782359963.4204786,0.0020284652709960938
120616,MVI_40871,447,0,1782359963.4224565,0.0019779205322265625
120617,MVI_40871,575,0,1782359963.4246962,0.002239704132080078
120618,MVI_40871,536,0,1782359963.4264507,0.0017545223236083984
120619,MVI_40871,842,0,1782359963.4287498,0.002299070358276367
120620,MVI_40871,483,0,1782359963.430458,0.0017082691192626953
120621,MVI_40871,300,0,1782359963.4325814,0.0021233558654785156
120622,MVI_40871,766,0,1782359963.4346545,0.002073049545288086
120623,MVI_40871,685,0,1782359963.4365785,0.0019240379333496094
120624,MVI_40871,444,0,1782359963.4384515,0.001873016357421875
120625,MVI_40871,225,0,1782359963.4406502,0.0021986961364746094
120626,MVI_40871,756,0,1782359963.442454,0.0018038749694824219
120627,MVI_40871,540,0,1782359963.4445553,0.0021011829376220703
120628,MVI_40871,454,0,1782359963.446619,0.002063751220703125
120629,MVI_40871,508,0,1782359963.4486237,0.0020046234130859375
120630,MVI_40871,404,0,1782359963.4504836,0.001859903335571289
120631,MVI_40871,100,0,1782359963.4527786,0.0022950172424316406
120632,MVI_40871,142,0,1782359963.4544768,0.0016982555389404297
120633,MVI_40871,778,0,1782359963.4564846,0.002007722854614258
120634,MVI_40871,825,0,1782359963.4587474,0.0022628307342529297
120635,MVI_40871,732,0,1782359963.4604719,0.0017244815826416016
120636,MVI_40871,411,0,1782359963.4624703,0.001998424530029297
120637,MVI_40871,754,0,1782359963.464624,0.002153635025024414
120638,MVI_40871,317,0,1782359963.4664686,0.001844644546508789
120639,MVI_40871,405,0,1782359963.4686217,0.002153158187866211
120640,MVI_40871,165,0,1782359963.47061,0.0019881725311279297
120641,MVI_40871,94,0,1782359963.472474,0.0018641948699951172
120642,MVI_40871,79,0,1782359963.4746351,0.0021610260009765625
120643,MVI_40871,548,0,1782359963.47661,0.001974821090698242
120644,MVI_40871,336,0,1782359963.478448,0.0018379688262939453
120645,MVI_40871,16,0,1782359963.4806094,0.0021615028381347656
120646,MVI_40871,3,0,1782359963.4826136,0.0020041465759277344
120647,MVI_40871,493,0,1782359963.4844697,0.001856088638305664
120648,MVI_40871,588,0,1782359963.486611,0.002141237258911133
120649,MVI_40871,103,0,1782359963.488611,0.002000093460083008
120650,MVI_40871,168,0,1782359963.4904675,0.0018565654754638672
120651,MVI_40871,359,0,1782359963.4926221,0.0021545886993408203
120652,MVI_40871,55,0,1782359963.4945784,0.0019562244415283203
120653,MVI_40871,375,0,1782359963.4964657,0.0018873214721679688
120654,MVI_40871,226,0,1782359963.4986084,0.002142667770385742
120655,MVI_40871,750,0,1782359963.5006118,0.0020034313201904297
120656,MVI_40871,686,0,1782359963.5024676,0.0018558502197265625
120657,MVI_40871,696,0,1782359963.5046093,0.002141714096069336
120658,MVI_40871,343,0,1782359963.5066102,0.0020008087158203125
120659,MVI_40871,358,0,1782359963.5084665,0.0018563270568847656
120660,MVI_40871,763,0,1782359963.5105798,0.00211334228515625
120661,MVI_40871,632,0,1782359963.5126047,0.0020248889923095703
120662,MVI_40871,276,0,1782359963.5144732,0.0018684864044189453
120663,MVI_40871,135,0,1782359963.5166135,0.0021402835845947266
120664,MVI_40871,328,0,1782359963.5186062,0.0019927024841308594
120665,MVI_40871,108,0,1782359963.5204663,0.0018601417541503906
120666,MVI_40871,525,0,1782359963.5225792,0.002112865447998047
120667,MVI_40871,703,0,1782359963.524603,0.0020236968994140625
120668,MVI_40871,795,0,1782359963.5264676,0.0018646717071533203
120669,MVI_40871,464,0,1782359963.5286226,0.0021550655364990234
120670,MVI_40871,480,0,1782359963.530604,0.0019812583923339844
120671,MVI_40871,649,0,1782359963.5324705,0.0018665790557861328
120672,MVI_40871,341,0,1782359963.5346196,0.0021491050720214844
120673,MVI_40871,509,0,1782359963.5366058,0.001986265182495117
120674,MVI_40871,84,0,1782359963.5384693,0.0018634796142578125
120675,MVI_40871,378,0,1782359963.5406237,0.0021543502807617188
120676,MVI_40871,445,0,1782359963.5426064,0.0019826889038085938
120677,MVI_40871,393,0,1782359963.544467,0.0018606185913085938
120678,MVI_40871,834,0,1782359963.546645,0.0021779537200927734
120679,MVI_40871,18,0,1782359963.5486033,0.0019583702087402344
120680,MVI_40871,260,0,1782359963.5504684,0.0018651485443115234
120681,MVI_40871,379,0,1782359963.552639,0.002170562744140625
120682,MVI_40871,745,0,1782359963.5546036,0.001964569091796875
120683,MVI_40871,221,0,1782359963.5564673,0.001863718032836914
120684,MVI_40871,248,0,1782359963.5586312,0.0021638870239257812
120685,MVI_40871,199,0,1782359963.5606036,0.0019724369049072266
120686,MVI_40871,254,0,1782359963.5624704,0.0018668174743652344
120687,MVI_40871,812,0,1782359963.5646338,0.002163410186767578
120688,MVI_40871,198,0,1782359963.5666037,0.0019698143005371094
120689,MVI_40871,765,0,1782359963.5684702,0.0018665790557861328
120690,MVI_40871,132,0,1782359963.5706353,0.002165079116821289
120691,MVI_40871,723,0,1782359963.5726042,0.001968860626220703
120692,MVI_40871,333,0,1782359963.5744433,0.0018391609191894531
120693,MVI_40871,697,0,1782359963.5766358,0.0021924972534179688
120694,MVI_40871,338,0,1782359963.5786047,0.001968860626220703
120695,MVI_40871,429,0,1782359963.5804696,0.0018649101257324219
120696,MVI_40871,366,0,1782359963.5826457,0.002176046371459961
120697,MVI_40871,679,0,1782359963.5846052,0.001959562301635742
120698,MVI_40871,636,0,1782359963.5864718,0.0018665790557861328
120699,MVI_40871,126,0,1782359963.588641,0.0021691322326660156
120700,MVI_40871,47,0,1782359963.590605,0.001964092254638672
120701,MVI_40871,262,0,1782359963.5924788,0.0018737316131591797
120702,MVI_40871,654,0,1782359963.5946434,0.002164602279663086
120703,MVI_40871,739,0,1782359963.5966182,0.001974821090698242
120704,MVI_40871,507,0,1782359963.5984685,0.0018503665924072266
120705,MVI_40871,843,0,1782359963.6006866,0.002218008041381836
120706,MVI_40871,286,0,1782359963.6026027,0.0019161701202392578
120707,MVI_40871,850,0,1782359963.604469,0.0018663406372070312
120708,MVI_40871,285,0,1782359963.6066852,0.0022161006927490234
120709,MVI_40871,387,0,1782359963.6086016,0.0019164085388183594
120710,MVI_40871,130,0,1782359963.6104677,0.0018661022186279297
120711,MVI_40871,320,0,1782359963.6126516,0.0021839141845703125
120712,MVI_40871,793,0,1782359963.6145968,0.0019452571868896484
120713,MVI_40871,667,0,1782359963.6164675,0.0018706321716308594
120714,MVI_40871,67,0,1782359963.6186457,0.002178192138671875
120715,MVI_40871,140,0,1782359963.6206098,0.001964092254638672
120716,MVI_40871,848,0,1782359963.6224666,0.0018568038940429688
120717,MVI_40871,544,0,1782359963.6246414,0.002174854278564453
120718,MVI_40871,434,0,1782359963.6265976,0.0019562244415283203
120719,MVI_40871,478,0,1782359963.6284654,0.0018677711486816406
120720,MVI_40871,788,0,1782359963.6305876,0.002122163772583008
120721,MVI_40871,550,0,1782359963.6325648,0.001977205276489258
120722,MVI_40871,666,0,1782359963.634575,0.0020101070404052734
120723,MVI_40871,635,0,1782359963.6364684,0.0018935203552246094
120724,MVI_40871,187,0,1782359963.6386065,0.0021381378173828125
120725,MVI_40871,212,0,1782359963.6404698,0.001863241195678711
120726,MVI_40871,390,0,1782359963.6425788,0.002109050750732422
120727,MVI_40871,752,0,1782359963.6445994,0.002020597457885742
120728,MVI_40871,172,0,1782359963.6464698,0.0018703937530517578
120729,MVI_40871,786,0,1782359963.6485825,0.0021126270294189453
120730,MVI_40871,415,0,1782359963.6505675,0.0019850730895996094
120731,MVI_40871,668,0,1782359963.6525745,0.002007007598876953
120732,MVI_40871,802,0,1782359963.6544886,0.0019140243530273438
120733,MVI_40871,614,0,1782359963.6566381,0.0021495819091796875
120734,MVI_40871,157,0,1782359963.6584482,0.0018100738525390625
120735,MVI_40871,832,0,1782359963.66071,0.0022618770599365234
120736,MVI_40871,64,0,1782359963.662584,0.0018739700317382812
120737,MVI_40871,502,0,1782359963.6644704,0.0018863677978515625
120738,MVI_40871,192,0,1782359963.6665897,0.002119302749633789
120739,MVI_40871,500,0,1782359963.6685655,0.0019757747650146484
120740,MVI_40871,283,0,1782359963.6705928,0.002027273178100586
120741,MVI_40871,48,0,1782359963.6724992,0.0019063949584960938
120742,MVI_40871,93,0,1782359963.6746123,0.0021131038665771484
120743,MVI_40871,253,0,1782359963.6765015,0.0018892288208007812
120744,MVI_40871,119,0,1782359963.6785972,0.0020956993103027344
120745,MVI_40871,440,0,1782359963.6805646,0.0019674301147460938
120746,MVI_40871,42,0,1782359963.6824682,0.001903533935546875
120747,MVI_40871,268,0,1782359963.6846004,0.0021321773529052734
120748,MVI_40871,236,0,1782359963.686601,0.002000570297241211
120749,MVI_40871,553,0,1782359963.6884716,0.0018706321716308594
120750,MVI_40871,373,0,1782359963.690607,0.0021355152130126953
120751,MVI_40871,566,0,1782359963.6926022,0.001995086669921875
120752,MVI_40871,114,0,1782359963.694469,0.0018668174743652344
120753,MVI_40871,753,0,1782359963.6966064,0.002137422561645508
120754,MVI_40871,594,0,1782359963.6985693,0.001962900161743164
120755,MVI_40871,160,0,1782359963.700583,0.002013683319091797
120756,MVI_40871,664,0,1782359963.7025092,0.0019261837005615234
120757,MVI_40871,673,0,1782359963.70461,0.0021009445190429688
120758,MVI_40871,706,0,1782359963.706467,0.0018568038940429688
120759,MVI_40871,176,0,1782359963.7086248,0.002157926559448242
120760,MVI_40871,719,0,1782359963.7105634,0.0019385814666748047
120761,MVI_40871,624,0,1782359963.712584,0.002020597457885742
120762,MVI_40871,356,0,1782359963.7145255,0.0019414424896240234
120763,MVI_40871,370,0,1782359963.716613,0.0020875930786132812
120764,MVI_40871,593,0,1782359963.7184727,0.0018596649169921875
120765,MVI_40871,561,0,1782359963.7206306,0.002157926559448242
120766,MVI_40871,220,0,1782359963.7225802,0.0019495487213134766
120767,MVI_40871,621,0,1782359963.724579,0.0019989013671875
120768,MVI_40871,78,0,1782359963.7265399,0.00196075439453125
120769,MVI_40871,734,0,1782359963.7286108,0.002070903778076172
120770,MVI_40871,615,0,1782359963.7304688,0.0018579959869384766
120771,MVI_40871,557,0,1782359963.7326236,0.002154827117919922
120772,MVI_40871,698,0,1782359963.7345755,0.0019519329071044922
120773,MVI_40871,206,0,1782359963.7364702,0.0018947124481201172
120774,MVI_40871,567,0,1782359963.7385783,0.0021080970764160156
120775,MVI_40871,798,0,1782359963.7406068,0.0020284652709960938
120776,MVI_40871,117,0,1782359963.7424686,0.0018618106842041016
120777,MVI_40871,527,0,1782359963.744613,0.002144336700439453
120778,MVI_40871,410,0,1782359963.746568,0.0019550323486328125
120779,MVI_40871,741,0,1782359963.7485936,0.002025604248046875
120780,MVI_40871,700,0,1782359963.750474,0.0018804073333740234
120781,MVI_40871,86,0,1782359963.7526135,0.002139568328857422
120782,MVI_40871,256,0,1782359963.7544684,0.0018548965454101562
120783,MVI_40871,337,0,1782359963.756617,0.0021486282348632812
120784,MVI_40871,826,0,1782359963.7586079,0.001990795135498047
120785,MVI_40871,758,0,1782359963.7604687,0.0018608570098876953
120786,MVI_40871,169,0,1782359963.7626204,0.0021517276763916016
120787,MVI_40871,661,0,1782359963.7645783,0.0019578933715820312
120788,MVI_40871,690,0,1782359963.7664683,0.001889944076538086
120789,MVI_40871,531,0,1782359963.7686257,0.002157449722290039
120790,MVI_40871,207,0,1782359963.7706313,0.0020055770874023438
120791,MVI_40871,517,0,1782359963.7724676,0.0018362998962402344
120792,MVI_40871,239,0,1782359963.7746255,0.002157926559448242
120793,MVI_40871,412,0,1782359963.7766078,0.0019822120666503906
120794,MVI_40871,351,0,1782359963.7784715,0.001863718032836914
120795,MVI_40871,727,0,1782359963.7806284,0.002156972885131836
120796,MVI_40871,757,0,1782359963.78261,0.001981496810913086
120797,MVI_40871,717,0,1782359963.78447,0.0018601417541503906
120798,MVI_40871,227,0,1782359963.7866402,0.002170085906982422
120799,MVI_40871,769,0,1782359963.7886052,0.001965045928955078
120800,MVI_40871,761,0,1782359963.7904696,0.0018644332885742188
120801,MVI_40871,646,0,1782359963.7926328,0.0021631717681884766
120802,MVI_40871,201,0,1782359963.7946079,0.0019750595092773438
120803,MVI_40871,302,0,1782359963.7964718,0.0018639564514160156
120804,MVI_40871,259,0,1782359963.7986374,0.002165555953979492
120805,MVI_40871,492,0,1782359963.8006098,0.0019724369049072266
120806,MVI_40871,334,0,1782359963.80247,0.0018601417541503906
120807,MVI_40871,767,0,1782359963.804636,0.0021660327911376953
120808,MVI_40871,549,0,1782359963.8066099,0.001973867416381836
120809,MVI_40871,102,0,1782359963.8084698,0.001859903335571289
120810,MVI_40871,288,0,1782359963.8105786,0.0021088123321533203
120811,MVI_40871,25,0,1782359963.8125863,0.002007722854614258
120812,MVI_40871,465,0,1782359963.8144693,0.0018830299377441406
120813,MVI_40871,521,0,1782359963.8166456,0.0021762847900390625
120814,MVI_40871,188,0,1782359963.81861,0.0019643306732177734
120815,MVI_40871,216,0,1782359963.820472,0.0018620491027832031
120816,MVI_40871,602,0,1782359963.822643,0.002171039581298828
120817,MVI_40871,127,0,1782359963.8246062,0.0019631385803222656
120818,MVI_40871,808,0,1782359963.8264754,0.00186920166015625
120819,MVI_40871,35,0,1782359963.8286464,0.002171039581298828
120820,MVI_40871,463,0,1782359963.8306,0.001953601837158203
120821,MVI_40871,823,0,1782359963.8324728,0.0018727779388427734
120822,MVI_40871,448,0,1782359963.8346493,0.002176523208618164
120823,MVI_40871,242,0,1782359963.8365939,0.0019445419311523438
120824,MVI_40871,305,0,1782359963.838471,0.0018770694732666016
120825,MVI_40871,558,0,1782359963.8406525,0.002181529998779297
120826,MVI_40871,605,0,1782359963.8425899,0.0019373893737792969
120827,MVI_40871,9,0,1782359963.8444533,0.0018634796142578125
120828,MVI_40871,307,0,1782359963.846686,0.0022325515747070312
120829,MVI_40871,312,0,1782359963.8485968,0.0019109249114990234
120830,MVI_40871,816,0,1782359963.850473,0.0018761157989501953
120831,MVI_40871,330,0,1782359963.8526747,0.0022017955780029297
120832,MVI_40871,335,0,1782359963.8545756,0.0019009113311767578
120833,MVI_40871,835,0,1782359963.8565798,0.0020041465759277344
120834,MVI_40871,495,0,1782359963.8585436,0.0019638538360595703
120835,MVI_40871,111,0,1782359963.8606162,0.002072572708129883
120836,MVI_40871,678,0,1782359963.8625011,0.0018849372863769531
120837,MVI_40871,1,0,1782359963.8646276,0.002126455307006836
120838,MVI_40871,783,0,1782359963.8665924,0.0019648075103759766
120839,MVI_40871,31,0,1782359963.8684719,0.0018794536590576172
120840,MVI_40871,409,0,1782359963.8706048,0.002132892608642578
120841,MVI_40871,247,0,1782359963.8725636,0.0019588470458984375
120842,MVI_40871,219,0,1782359963.874739,0.0021753311157226562
120843,MVI_40871,560,0,1782359963.8764846,0.0017457008361816406
120844,MVI_40871,116,0,1782359963.8786073,0.002122640609741211
120845,MVI_40871,90,0,1782359963.8804827,0.0018754005432128906
120846,MVI_40871,469,0,1782359963.882586,0.0021033287048339844
120847,MVI_40871,346,0,1782359963.8845816,0.001995563507080078
120848,MVI_40871,344,0,1782359963.88647,0.0018885135650634766
120849,MVI_40871,235,0,1782359963.888588,0.0021178722381591797
120850,MVI_40871,385,0,1782359963.890555,0.0019669532775878906
120851,MVI_40871,249,0,1782359963.8925838,0.002028942108154297
120852,MVI_40871,810,0,1782359963.894492,0.0019080638885498047
120853,MVI_40871,641,0,1782359963.896613,0.0021209716796875
120854,MVI_40871,34,0,1782359963.8984678,0.0018548965454101562
120855,MVI_40871,611,0,1782359963.9005911,0.0021233558654785156
120856,MVI_40871,571,0,1782359963.9025595,0.0019683837890625
120857,MVI_40871,251,0,1782359963.9045928,0.002033233642578125
120858,MVI_40871,589,0,1782359963.9064956,0.0019028186798095703
120859,MVI_40871,23,0,1782359963.9086106,0.002115011215209961
120860,MVI_40871,585,0,1782359963.910471,0.0018603801727294922
120861,MVI_40871,586,0,1782359963.9125988,0.0021278858184814453
120862,MVI_40871,0,0,1782359963.9145517,0.0019528865814208984
120863,MVI_40871,726,0,1782359963.9165785,0.002026796340942383
120864,MVI_40871,53,0,1782359963.918501,0.0019223690032958984
120865,MVI_40871,271,0,1782359963.9206111,0.0021102428436279297
120866,MVI_40871,814,0,1782359963.92247,0.0018589496612548828
120867,MVI_40871,789,0,1782359963.9246006,0.0021305084228515625
120868,MVI_40871,304,0,1782359963.926599,0.001998424530029297
120869,MVI_40871,101,0,1782359963.9284716,0.0018725395202636719
120870,MVI_40871,665,0,1782359963.9306026,0.0021309852600097656
120871,MVI_40871,238,0,1782359963.9325857,0.001983165740966797
120872,MVI_40871,224,0,1782359963.934582,0.001996278762817383
120873,MVI_40871,360,0,1782359963.9364727,0.0018906593322753906
120874,MVI_40871,149,0,1782359963.9386067,0.002134084701538086
120875,MVI_40871,529,0,1782359963.9404674,0.0018606185913085938
120876,MVI_40871,551,0,1782359963.9426222,0.002154827117919922
120877,MVI_40871,398,0,1782359963.9445994,0.001977205276489258
120878,MVI_40871,124,0,1782359963.9465845,0.0019850730895996094
120879,MVI_40871,274,0,1782359963.9485216,0.0019371509552001953
120880,MVI_40871,746,0,1782359963.950608,0.0020864009857177734
120881,MVI_40871,376,0,1782359963.9524722,0.0018641948699951172
120882,MVI_40871,704,0,1782359963.9546106,0.002138376235961914
120883,MVI_40871,565,0,1782359963.9565868,0.0019762516021728516
120884,MVI_40871,591,0,1782359963.9585817,0.0019948482513427734
120885,MVI_40871,503,0,1782359963.9605298,0.0019481182098388672
120886,MVI_40871,622,0,1782359963.9626086,0.0020787715911865234
120887,MVI_40871,633,0,1782359963.9644792,0.0018706321716308594
120888,MVI_40871,21,0,1782359963.9666176,0.002138376235961914
120889,MVI_40871,435,0,1782359963.9685898,0.001972198486328125
120890,MVI_40871,592,0,1782359963.9704704,0.001880645751953125
120891,MVI_40871,54,0,1782359963.97262,0.0021495819091796875
120892,MVI_40871,39,0,1782359963.9746034,0.0019834041595458984
120893,MVI_40871,180,0,1782359963.976455,0.0018515586853027344
120894,MVI_40871,147,0,1782359963.9786365,0.002181529998779297
120895,MVI_40871,56,0,1782359963.980548,0.0019114017486572266
120896,MVI_40871,204,0,1782359963.9825938,0.002045869827270508
120897,MVI_40871,46,0,1782359963.9844692,0.0018754005432128906
120898,MVI_40871,658,0,1782359963.986536,0.0020668506622314453
120899,MVI_40871,361,0,1782359963.9885807,0.002044677734375
120900,MVI_40871,186,0,1782359963.9904718,0.0018911361694335938
120901,MVI_40871,134,0,1782359963.9925056,0.002033710479736328
120902,MVI_40871,584,0,1782359963.9945264,0.0020208358764648438
120903,MVI_40871,546,0,1782359963.9964542,0.0019278526306152344
120904,MVI_40871,123,0,1782359963.9984655,0.0020112991333007812
120905,MVI_40871,120,0,1782359964.0004594,0.001993894577026367
120906,MVI_40871,684,0,1782359964.0024564,0.0019969940185546875
120907,MVI_40871,57,0,1782359964.0044532,0.001996755599975586
120908,MVI_40871,420,0,1782359964.0064578,0.0020046234130859375
120909,MVI_40871,38,0,1782359964.0084603,0.0020024776458740234
120910,MVI_40871,836,0,1782359964.0104525,0.0019922256469726562
120911,MVI_40871,623,0,1782359964.0124607,0.002008199691772461
120912,MVI_40871,266,0,1782359964.0144596,0.0019989013671875
120913,MVI_40871,133,0,1782359964.0164886,0.002028942108154297
120914,MVI_40871,350,0,1782359964.0184338,0.0019452571868896484
120915,MVI_40871,744,0,1782359964.0204904,0.002056598663330078
120916,MVI_40871,564,0,1782359964.023177,0.0026865005493164062
120917,MVI_40871,196,0,1782359964.0243933,0.0012164115905761719
120918,MVI_40871,75,0,1782359964.0264304,0.00203704833984375
120919,MVI_40871,427,0,1782359964.0284092,0.0019788742065429688
120920,MVI_40871,519,0,1782359964.0304272,0.002017974853515625
120921,MVI_40871,530,0,1782359964.032425,0.001997709274291992
120922,MVI_40871,15,0,1782359964.034437,0.002012014389038086
120923,MVI_40871,820,0,1782359964.0365827,0.0021457672119140625
120924,MVI_40871,601,0,1782359964.0384696,0.0018868446350097656
120925,MVI_40871,518,0,1782359964.0406137,0.0021440982818603516
120926,MVI_40871,501,0,1782359964.0424795,0.0018658638000488281
120927,MVI_40871,167,0,1782359964.0445817,0.0021021366119384766
120928,MVI_40871,70,0,1782359964.046475,0.0018932819366455078
120929,MVI_40871,419,0,1782359964.0485806,0.002105712890625
120930,MVI_40871,314,0,1782359964.0504677,0.0018870830535888672
120931,MVI_40871,252,0,1782359964.0526118,0.0021440982818603516
120932,MVI_40871,109,0,1782359964.0544791,0.0018672943115234375
120933,MVI_40871,677,0,1782359964.0565796,0.0021004676818847656
120934,MVI_40871,24,0,1782359964.0584745,0.0018949508666992188
120935,MVI_40871,775,0,1782359964.0605915,0.0021169185638427734
120936,MVI_40871,513,0,1782359964.062495,0.001903533935546875
120937,MVI_40871,145,0,1782359964.064612,0.0021169185638427734
120938,MVI_40871,722,0,1782359964.066469,0.0018570423126220703
120939,MVI_40871,582,0,1782359964.0686488,0.002179861068725586
120940,MVI_40871,174,0,1782359964.0705884,0.001939535140991211
120941,MVI_40871,461,0,1782359964.0724695,0.0018811225891113281
120942,MVI_40871,456,0,1782359964.07465,0.0021805763244628906
120943,MVI_40871,496,0,1782359964.0765681,0.0019180774688720703
120944,MVI_40871,800,0,1782359964.078578,0.002009868621826172
120945,MVI_40871,801,0,1782359964.0805323,0.001954317092895508
120946,MVI_40871,455,0,1782359964.0826106,0.0020782947540283203
120947,MVI_40871,377,0,1782359964.0844684,0.001857757568359375
120948,MVI_40871,30,0,1782359964.0866828,0.0022144317626953125
120949,MVI_40871,709,0,1782359964.0885975,0.0019147396087646484
120950,MVI_40871,197,0,1782359964.0904703,0.0018727779388427734
120951,MVI_40871,19,0,1782359964.0926583,0.002187967300415039
120952,MVI_40871,542,0,1782359964.094565,0.0019066333770751953
120953,MVI_40871,408,0,1782359964.09658,0.0020151138305664062
120954,MVI_40871,357,0,1782359964.0985456,0.0019655227661132812
120955,MVI_40871,489,0,1782359964.1006126,0.002067089080810547
120956,MVI_40871,670,0,1782359964.1024768,0.0018641948699951172
120957,MVI_40871,279,0,1782359964.1045985,0.0021216869354248047
120958,MVI_40871,136,0,1782359964.1065688,0.0019702911376953125
120959,MVI_40871,682,0,1782359964.108584,0.0020151138305664062
120960,MVI_40871,815,0,1782359964.1104834,0.0018994808197021484
120961,MVI_40871,306,0,1782359964.112612,0.00212860107421875
120962,MVI_40871,417,0,1782359964.114475,0.0018630027770996094
120963,MVI_40871,846,0,1782359964.116585,0.002110004425048828
120964,MVI_40871,838,0,1782359964.1185586,0.0019736289978027344
120965,MVI_40871,96,0,1782359964.1205804,0.00202178955078125
120966,MVI_40871,485,0,1782359964.1224868,0.0019063949584960938
120967,MVI_40871,528,0,1782359997.8063152,0.0
120968,MVI_40871,171,0,1782359997.8082852,0.001970052719116211
120969,MVI_40871,312,0,1782359997.8100953,0.0018100738525390625
120970,MVI_40871,462,0,1782359997.812143,0.0020477771759033203
120971,MVI_40871,630,0,1782359997.814056,0.001912832260131836
120972,MVI_40871,206,0,1782359997.8160982,0.0020422935485839844
120973,MVI_40871,133,0,1782359997.8180525,0.001954317092895508
120974,MVI_40871,56,0,1782359997.8200636,0.0020110607147216797
120975,MVI_40871,181,0,1782359997.8220627,0.0019991397857666016
120976,MVI_40871,166,0,1782359997.8242502,0.002187490463256836
120977,MVI_40871,677,0,1782359997.8260942,0.0018439292907714844
120978,MVI_40871,125,0,1782359997.8282921,0.0021979808807373047
120979,MVI_40871,410,0,1782359997.8303993,0.0021071434020996094
120980,MVI_40871,327,0,1782359997.8321476,0.0017483234405517578
120981,MVI_40871,189,0,1782359997.8344743,0.0023267269134521484
120982,MVI_40871,734,0,1782359997.8363092,0.001834869384765625
120983,MVI_40871,522,0,1782359997.8382947,0.0019855499267578125
120984,MVI_40871,41,0,1782359997.8403857,0.002090930938720703
120985,MVI_40871,735,0,1782359997.8422933,0.0019075870513916016
120986,MVI_40871,765,0,1782359997.8441823,0.0018889904022216797
120987,MVI_40871,702,0,1782359997.8463023,0.0021200180053710938
120988,MVI_40871,579,0,1782359997.848286,0.001983642578125
120989,MVI_40871,728,0,1782359997.850138,0.0018520355224609375
120990,MVI_40871,285,0,1782359997.8522623,0.002124309539794922
120991,MVI_40871,217,0,1782359997.8541722,0.0019099712371826172
120992,MVI_40871,505,0,1782359997.8561049,0.0019326210021972656
120993,MVI_40871,696,0,1782359997.858135,0.0020301342010498047
120994,MVI_40871,490,0,1782359997.8602507,0.0021157264709472656
120995,MVI_40871,458,0,1782359997.8621068,0.001856088638305664
120996,MVI_40871,298,0,1782359997.8642552,0.0021483898162841797
120997,MVI_40871,446,0,1782359997.8661966,0.0019414424896240234
120998,MVI_40871,87,0,1782359997.8681056,0.001909017562866211
120999,MVI_40871,32,0,1782359997.8701062,0.002000570297241211
121000,MVI_40871,223,0,1782359997.8722546,0.0021483898162841797
121001,MVI_40871,176,0,1782359997.8741148,0.0018601417541503906
121002,MVI_40871,82,0,1782359997.876256,0.002141237258911133
121003,MVI_40871,162,0,1782359997.8782063,0.0019502639770507812
121004,MVI_40871,425,0,1782359997.8801026,0.0018963813781738281
121005,MVI_40871,824,0,1782359997.8820994,0.001996755599975586
121006,MVI_40871,557,0,1782359997.8842716,0.002172231674194336
121007,MVI_40871,174,0,1782359997.886097,0.0018253326416015625
121008,MVI_40871,604,0,1782359997.8882706,0.0021736621856689453
121009,MVI_40871,586,0,1782359997.8902223,0.0019516944885253906
121010,MVI_40871,36,0,1782359997.8920999,0.0018775463104248047
121011,MVI_40871,707,0,1782359997.8942912,0.002191305160522461
121012,MVI_40871,199,0,1782359997.896255,0.0019638538360595703
121013,MVI_40871,324,0,1782359997.898101,0.0018460750579833984
121014,MVI_40871,553,0,1782359997.9002502,0.0021491050720214844
121015,MVI_40871,720,0,1782359997.9022624,0.0020122528076171875
121016,MVI_40871,90,0,1782359997.9040923,0.0018298625946044922
121017,MVI_40871,14,0,1782359997.9062948,0.0022025108337402344
121018,MVI_40871,299,0,1782359997.9082563,0.0019614696502685547
121019,MVI_40871,795,0,1782359997.9101002,0.0018439292907714844
121020,MVI_40871,140,0,1782359997.912256,0.002155780792236328
121021,MVI_40871,660,0,1782359997.9142587,0.002002716064453125
121022,MVI_40871,195,0,1782359997.9160943,0.0018355846405029297
121023,MVI_40871,231,0,1782359997.9182465,0.0021522045135498047
121024,MVI_40871,827,0,1782359997.9202857,0.002039194107055664
121025,MVI_40871,641,0,1782359997.9220958,0.0018100738525390625
121026,MVI_40871,435,0,1782359997.9242485,0.002152681350708008
121027,MVI_40871,247,0,1782359997.9262583,0.002009868621826172
121028,MVI_40871,215,0,1782359997.928096,0.0018377304077148438
121029,MVI_40871,251,0,1782359997.9302502,0.002154111862182617
121030,MVI_40871,380,0,1782359997.9322596,0.0020093917846679688
121031,MVI_40871,833,0,1782359997.934116,0.0018563270568847656
121032,MVI_40871,832,0,1782359997.9362507,0.0021347999572753906
121033,MVI_40871,787,0,1782359997.9382572,0.00200653076171875
121034,MVI_40871,222,0,1782359997.9400933,0.0018360614776611328
121035,MVI_40871,6,0,1782359997.942248,0.002154827117919922
121036,MVI_40871,521,0,1782359997.9442604,0.0020122528076171875
121037,MVI_40871,43,0,1782359997.946111,0.0018506050109863281
121038,MVI_40871,497,0,1782359997.9482512,0.0021402835845947266
121039,MVI_40871,349,0,1782359997.9502578,0.00200653076171875
121040,MVI_40871,830,0,1782359997.9520931,0.0018353462219238281
121041,MVI_40871,184,0,1782359997.9542468,0.002153635025024414
121042,MVI_40871,781,0,1782359997.9562578,0.0020110607147216797
121043,MVI_40871,220,0,1782359997.9581113,0.0018534660339355469
121044,MVI_40871,92,0,1782359997.9602506,0.0021393299102783203
121045,MVI_40871,763,0,1782359997.962258,0.0020074844360351562
121046,MVI_40871,50,0,1782359997.9640932,0.0018351078033447266
121047,MVI_40871,493,0,1782359997.966245,0.0021517276763916016
121048,MVI_40871,629,0,1782359997.9682608,0.002015829086303711
121049,MVI_40871,510,0,1782359997.9701066,0.0018458366394042969
121050,MVI_40871,233,0,1782359997.9722478,0.002141237258911133
121051,MVI_40871,304,0,1782359997.9742548,0.002007007598876953
121052,MVI_40871,106,0,1782359997.9760995,0.001844644546508789
121053,MVI_40871,736,0,1782359997.9782486,0.0021491050720214844
121054,MVI_40871,13,0,1782359997.9802618,0.0020132064819335938
121055,MVI_40871,259,0,1782359997.9821105,0.0018486976623535156
121056,MVI_40871,631,0,1782359997.98425,0.002139568328857422
121057,MVI_40871,28,0,1782359997.9862545,0.002004384994506836
121058,MVI_40871,544,0,1782359997.988095,0.0018405914306640625
121059,MVI_40871,796,0,1782359997.9902463,0.0021512508392333984
121060,MVI_40871,693,0,1782359997.992257,0.002010822296142578
121061,MVI_40871,296,0,1782359997.9940956,0.0018384456634521484
121062,MVI_40871,612,0,1782359997.9962504,0.002154827117919922
121063,MVI_40871,423,0,1782359997.9982579,0.0020074844360351562
121064,MVI_40871,132,0,1782359998.0000937,0.0018358230590820312
121065,MVI_40871,850,0,1782359998.0022502,0.002156496047973633
121066,MVI_40871,283,0,1782359998.0042603,0.0020101070404052734
121067,MVI_40871,615,0,1782359998.0061097,0.0018494129180908203
121068,MVI_40871,637,0,1782359998.0082483,0.0021386146545410156
121069,MVI_40871,356,0,1782359998.0102596,0.0020112991333007812
121070,MVI_40871,71,0,1782359998.0120926,0.0018329620361328125
121071,MVI_40871,603,0,1782359998.0141075,0.0020148754119873047
121072,MVI_40871,290,0,1782359998.0162437,0.00213623046875
121073,MVI_40871,357,0,1782359998.0181112,0.001867532730102539
121074,MVI_40871,512,0,1782359998.0203135,0.002202272415161133
121075,MVI_40871,799,0,1782359998.0222516,0.0019381046295166016
121076,MVI_40871,556,0,1782359998.0240924,0.001840829849243164
121077,MVI_40871,437,0,1782359998.0262394,0.0021469593048095703
121078,MVI_40871,422,0,1782359998.0282526,0.0020132064819335938
121079,MVI_40871,104,0,1782359998.0301075,0.0018548965454101562
121080,MVI_40871,524,0,1782359998.032243,0.0021355152130126953
121081,MVI_40871,368,0,1782359998.0342524,0.0020093917846679688
121082,MVI_40871,838,0,1782359998.0361524,0.0018999576568603516
121083,MVI_40871,16,0,1782359998.0382516,0.002099275588989258
121084,MVI_40871,545,0,1782359998.0402534,0.0020017623901367188
121085,MVI_40871,239,0,1782359998.0421002,0.0018467903137207031
121086,MVI_40871,581,0,1782359998.0442429,0.002142667770385742
121087,MVI_40871,362,0,1782359998.0462573,0.0020143985748291016
121088,MVI_40871,754,0,1782359998.0481083,0.0018510818481445312
121089,MVI_40871,743,0,1782359998.0502427,0.0021343231201171875
121090,MVI_40871,404,0,1782359998.0522494,0.0020067691802978516
121091,MVI_40871,152,0,1782359998.054097,0.0018475055694580078
121092,MVI_40871,79,0,1782359998.0562434,0.002146482467651367
121093,MVI_40871,601,0,1782359998.0582507,0.0020072460174560547
121094,MVI_40871,293,0,1782359998.0600903,0.0018396377563476562
121095,MVI_40871,847,0,1782359998.0622406,0.002150297164916992
121096,MVI_40871,15,0,1782359998.0642529,0.0020122528076171875
121097,MVI_40871,128,0,1782359998.0661383,0.0018854141235351562
121098,MVI_40871,703,0,1782359998.0682583,0.0021200180053710938
121099,MVI_40871,848,0,1782359998.07025,0.001991748809814453
121100,MVI_40871,264,0,1782359998.0720904,0.001840353012084961
121101,MVI_40871,834,0,1782359998.0742433,0.0021529197692871094
121102,MVI_40871,837,0,1782359998.0762494,0.002006053924560547
121103,MVI_40871,491,0,1782359998.0781312,0.0018818378448486328
121104,MVI_40871,191,0,1782359998.0802407,0.002109527587890625
121105,MVI_40871,415,0,1782359998.0822465,0.0020058155059814453
121106,MVI_40871,249,0,1782359998.0840912,0.001844644546508789
121107,MVI_40871,332,0,1782359998.08624,0.002148866653442383
121108,MVI_40871,392,0,1782359998.0882487,0.002008676528930664
121109,MVI_40871,161,0,1782359998.090157,0.0019083023071289062
121110,MVI_40871,278,0,1782359998.0922499,0.0020928382873535156
121111,MVI_40871,548,0,1782359998.0942466,0.001996755599975586
121112,MVI_40871,457,0,1782359998.0960906,0.0018439292907714844
121113,MVI_40871,784,0,1782359998.0982413,0.0021507740020751953
121114,MVI_40871,582,0,1782359998.100252,0.0020105838775634766
121115,MVI_40871,648,0,1782359998.1020927,0.001840829849243164
121116,MVI_40871,640,0,1782359998.1042423,0.0021495819091796875
121117,MVI_40871,525,0,1782359998.10625,0.002007722854614258
121118,MVI_40871,355,0,1782359998.1080954,0.0018453598022460938
121119,MVI_40871,777,0,1782359998.1102455,0.0021500587463378906
121120,MVI_40871,237,0,1782359998.1122544,0.0020089149475097656
121121,MVI_40871,144,0,1782359998.1141074,0.0018529891967773438
121122,MVI_40871,825,0,1782359998.11625,0.002142667770385742
121123,MVI_40871,361,0,1782359998.1182518,0.0020017623901367188
121124,MVI_40871,839,0,1782359998.120092,0.0018401145935058594
121125,MVI_40871,456,0,1782359998.1222727,0.002180814743041992
121126,MVI_40871,167,0,1782359998.124251,0.001978158950805664
121127,MVI_40871,617,0,1782359998.1261077,0.0018568038940429688
121128,MVI_40871,460,0,1782359998.1282444,0.002136707305908203
121129,MVI_40871,552,0,1782359998.1302588,0.0020143985748291016
121130,MVI_40871,654,0,1782359998.132132,0.0018732547760009766
121131,MVI_40871,574,0,1782359998.1342425,0.0021104812622070312
121132,MVI_40871,329,0,1782359998.1362522,0.0020096302032470703
121133,MVI_40871,49,0,1782359998.1381102,0.0018579959869384766
121134,MVI_40871,0,0,1782359998.1402469,0.002136707305908203
121135,MVI_40871,633,0,1782359998.1422603,0.0020134449005126953
121136,MVI_40871,78,0,1782359998.1441085,0.0018482208251953125
121137,MVI_40871,476,0,1782359998.1462474,0.002138853073120117
121138,MVI_40871,831,0,1782359998.1482503,0.0020029544830322266
121139,MVI_40871,335,0,1782359998.1500933,0.0018429756164550781
121140,MVI_40871,810,0,1782359998.1522572,0.0021638870239257812
121141,MVI_40871,226,0,1782359998.1542592,0.0020020008087158203
121142,MVI_40871,139,0,1782359998.1560934,0.0018341541290283203
121143,MVI_40871,806,0,1782359998.158244,0.0021505355834960938
121144,MVI_40871,482,0,1782359998.1602516,0.002007722854614258
121145,MVI_40871,798,0,1782359998.1620922,0.0018405914306640625
121146,MVI_40871,527,0,1782359998.1642442,0.002151966094970703
121147,MVI_40871,168,0,1782359998.1662676,0.002023458480834961
121148,MVI_40871,676,0,1782359998.1680908,0.0018231868743896484
121149,MVI_40871,102,0,1782359998.1702492,0.0021584033966064453
121150,MVI_40871,517,0,1782359998.1722534,0.0020041465759277344
121151,MVI_40871,520,0,1782359998.1740904,0.001837015151977539
121152,MVI_40871,292,0,1782359998.1762438,0.0021533966064453125
121153,MVI_40871,662,0,1782359998.1782527,0.0020089149475097656
121154,MVI_40871,577,0,1782359998.1801074,0.0018546581268310547
121155,MVI_40871,549,0,1782359998.1822417,0.0021343231201171875
121156,MVI_40871,155,0,1782359998.184253,0.0020112991333007812
121157,MVI_40871,209,0,1782359998.1860914,0.0018384456634521484
121158,MVI_40871,67,0,1782359998.1883087,0.0022172927856445312
121159,MVI_40871,219,0,1782359998.1902525,0.001943826675415039
121160,MVI_40871,700,0,1782359998.19214,0.0018875598907470703
121161,MVI_40871,147,0,1782359998.1942456,0.0021054744720458984
121162,MVI_40871,345,0,1782359998.1962574,0.0020117759704589844
121163,MVI_40871,453,0,1782359998.1981156,0.0018582344055175781
121164,MVI_40871,282,0,1782359998.2002466,0.0021309852600097656
121165,MVI_40871,319,0,1782359998.202253,0.00200653076171875
121166,MVI_40871,607,0,1782359998.204093,0.0018398761749267578
121167,MVI_40871,508,0,1782359998.2062473,0.0021543502807617188
121168,MVI_40871,94,0,1782359998.2082589,0.002011537551879883
121169,MVI_40871,477,0,1782359998.2101154,0.0018565654754638672
121170,MVI_40871,627,0,1782359998.212245,0.0021295547485351562
121171,MVI_40871,829,0,1782359998.214256,0.0020110607147216797
121172,MVI_40871,434,0,1782359998.2160926,0.001836538314819336
121173,MVI_40871,417,0,1782359998.2182527,0.0021600723266601562
121174,MVI_40871,759,0,1782359998.220251,0.001998424530029297
121175,MVI_40871,66,0,1782359998.2223117,0.0020606517791748047
121176,MVI_40871,578,0,1782359998.2241821,0.0018703937530517578
121177,MVI_40871,159,0,1782359998.2264116,0.002229452133178711
121178,MVI_40871,346,0,1782359998.2281532,0.001741647720336914
121179,MVI_40871,39,0,1782359998.2304096,0.0022563934326171875
121180,MVI_40871,647,0,1782359998.2323055,0.001895904541015625
121181,MVI_40871,65,0,1782359998.2342696,0.001964092254638672
121182,MVI_40871,756,0,1782359998.2363374,0.0020678043365478516
121183,MVI_40871,294,0,1782359998.2384148,0.002077341079711914
121184,MVI_40871,444,0,1782359998.2401533,0.0017385482788085938
121185,MVI_40871,420,0,1782359998.242382,0.0022287368774414062
121186,MVI_40871,646,0,1782359998.2443104,0.0019283294677734375
121187,MVI_40871,86,0,1782359998.2462738,0.001963376998901367
121188,MVI_40871,394,0,1782359998.24831,0.0020363330841064453
121189,MVI_40871,372,0,1782359998.250423,0.002112865447998047
121190,MVI_40871,792,0,1782359998.2521572,0.0017342567443847656
121191,MVI_40871,445,0,1782359998.2544196,0.0022623538970947266
121192,MVI_40871,212,0,1782359998.256311,0.0018913745880126953
121193,MVI_40871,192,0,1782359998.2582803,0.0019693374633789062
121194,MVI_40871,594,0,1782359998.2603478,0.00206756591796875
121195,MVI_40871,301,0,1782359998.2623808,0.0020329952239990234
121196,MVI_40871,538,0,1782359998.2643137,0.0019328594207763672
121197,MVI_40871,583,0,1782359998.2667716,0.002457857131958008
121198,MVI_40871,610,0,1782359998.268172,0.0014004707336425781
121199,MVI_40871,652,0,1782359998.2704306,0.0022585391998291016
121200,MVI_40871,265,0,1782359998.2722023,0.001771688461303711
121201,MVI_40871,760,0,1782359998.2744324,0.0022301673889160156
121202,MVI_40871,382,0,1782359998.2761593,0.0017268657684326172
121203,MVI_40871,45,0,1782359998.2784312,0.002271890640258789
121204,MVI_40871,216,0,1782359998.2801793,0.0017480850219726562
121205,MVI_40871,751,0,1782359998.2824328,0.0022535324096679688
121206,MVI_40871,178,0,1782359998.2842097,0.0017769336700439453
121207,MVI_40871,280,0,1782359998.2864442,0.0022344589233398438
121208,MVI_40871,62,0,1782359998.2881653,0.0017211437225341797
121209,MVI_40871,569,0,1782359998.2904289,0.0022635459899902344
121210,MVI_40871,665,0,1782359998.2921834,0.0017545223236083984
121211,MVI_40871,433,0,1782359998.2944343,0.0022509098052978516
121212,MVI_40871,243,0,1782359998.2962132,0.0017788410186767578
121213,MVI_40871,737,0,1782359998.298442,0.0022287368774414062
121214,MVI_40871,156,0,1782359998.3001614,0.0017194747924804688
121215,MVI_40871,313,0,1782359998.3024256,0.002264261245727539
121216,MVI_40871,353,0,1782359998.304187,0.0017614364624023438
121217,MVI_40871,584,0,1782359998.3064272,0.0022401809692382812
121218,MVI_40871,395,0,1782359998.3082178,0.0017905235290527344
121219,MVI_40871,560,0,1782359998.310442,0.0022242069244384766
121220,MVI_40871,270,0,1782359998.312156,0.0017139911651611328
121221,MVI_40871,762,0,1782359998.3144884,0.002332448959350586
121222,MVI_40871,679,0,1782359998.3162644,0.001775979995727539
121223,MVI_40871,138,0,1782359998.3183086,0.002044200897216797
121224,MVI_40871,427,0,1782359998.3203452,0.002036571502685547
121225,MVI_40871,205,0,1782359998.322363,0.0020177364349365234
121226,MVI_40871,536,0,1782359998.324285,0.0019221305847167969
121227,MVI_40871,501,0,1782359998.3263795,0.0020945072174072266
121228,MVI_40871,573,0,1782359998.3284178,0.002038240432739258
121229,MVI_40871,504,0,1782359998.3301578,0.0017399787902832031
121230,MVI_40871,451,0,1782359998.3324988,0.002341032028198242
121231,MVI_40871,440,0,1782359998.3342328,0.001734018325805664
121232,MVI_40871,307,0,1782359998.3364205,0.0021877288818359375
121233,MVI_40871,170,0,1782359998.3382304,0.001809835433959961
121234,MVI_40871,177,0,1782359998.340419,0.0021886825561523438
121235,MVI_40871,658,0,1782359998.3421555,0.0017364025115966797
121236,MVI_40871,276,0,1782359998.344488,0.002332448959350586
121237,MVI_40871,672,0,1782359998.3462412,0.0017533302307128906
121238,MVI_40871,819,0,1782359998.3484201,0.0021789073944091797
121239,MVI_40871,17,0,1782359998.3501353,0.0017151832580566406
121240,MVI_40871,193,0,1782359998.3524446,0.0023093223571777344
121241,MVI_40871,44,0,1782359998.3541653,0.0017206668853759766
121242,MVI_40871,593,0,1782359998.356293,0.0021276473999023438
121243,MVI_40871,691,0,1782359998.3583868,0.002093791961669922
121244,MVI_40871,766,0,1782359998.360158,0.0017712116241455078
121245,MVI_40871,791,0,1782359998.362499,0.002341032028198242
121246,MVI_40871,499,0,1782359998.3642304,0.0017313957214355469
121247,MVI_40871,454,0,1782359998.366449,0.0022187232971191406
121248,MVI_40871,145,0,1782359998.3682427,0.0017936229705810547
121249,MVI_40871,302,0,1782359998.3704195,0.0021767616271972656
121250,MVI_40871,250,0,1782359998.3721585,0.0017390251159667969
121251,MVI_40871,331,0,1782359998.3745012,0.002342700958251953
121252,MVI_40871,21,0,1782359998.3762255,0.0017242431640625
121253,MVI_40871,697,0,1782359998.3784225,0.0021970272064208984
121254,MVI_40871,271,0,1782359998.380247,0.0018246173858642578
121255,MVI_40871,228,0,1782359998.3824184,0.0021712779998779297
121256,MVI_40871,385,0,1782359998.3841558,0.001737356185913086
121257,MVI_40871,438,0,1782359998.386509,0.002353191375732422
121258,MVI_40871,109,0,1782359998.3882344,0.0017254352569580078
121259,MVI_40871,84,0,1782359998.3904233,0.0021889209747314453
121260,MVI_40871,412,0,1782359998.392254,0.0018308162689208984
121261,MVI_40871,396,0,1782359998.3944275,0.0021734237670898438
121262,MVI_40871,773,0,1782359998.3961577,0.001730203628540039
121263,MVI_40871,551,0,1782359998.3985097,0.002351999282836914
121264,MVI_40871,18,0,1782359998.4002275,0.0017178058624267578
121265,MVI_40871,344,0,1782359998.4024189,0.002191305160522461
121266,MVI_40871,598,0,1782359998.4042604,0.0018415451049804688
121267,MVI_40871,419,0,1782359998.4064224,0.0021619796752929688
121268,MVI_40871,252,0,1782359998.4081593,0.0017368793487548828
121269,MVI_40871,47,0,1782359998.4104896,0.002330303192138672
121270,MVI_40871,726,0,1782359998.4122224,0.0017328262329101562
121271,MVI_40871,671,0,1782359998.4144235,0.002201080322265625
121272,MVI_40871,403,0,1782359998.416163,0.001739501953125
121273,MVI_40871,113,0,1782359998.4184196,0.002256631851196289
121274,MVI_40871,722,0,1782359998.4201636,0.0017440319061279297
121275,MVI_40871,515,0,1782359998.4224324,0.0022687911987304688
121276,MVI_40871,393,0,1782359998.4242265,0.0017940998077392578
121277,MVI_40871,203,0,1782359998.4264255,0.002198934555053711
121278,MVI_40871,38,0,1782359998.4281657,0.0017402172088623047
121279,MVI_40871,363,0,1782359998.4304214,0.002255678176879883
121280,MVI_40871,98,0,1782359998.4321585,0.0017371177673339844
121281,MVI_40871,443,0,1782359998.434438,0.002279520034790039
121282,MVI_40871,258,0,1782359998.4362226,0.0017845630645751953
121283,MVI_40871,785,0,1782359998.438428,0.002205371856689453
121284,MVI_40871,565,0,1782359998.4401743,0.0017464160919189453
121285,MVI_40871,281,0,1782359998.4424205,0.0022461414337158203
121286,MVI_40871,675,0,1782359998.4441645,0.0017440319061279297
121287,MVI_40871,424,0,1782359998.4464185,0.002254009246826172
121288,MVI_40871,172,0,1782359998.4483526,0.001934051513671875
121289,MVI_40871,351,0,1782359998.450291,0.0019383430480957031
121290,MVI_40871,730,0,1782359998.4523318,0.002040863037109375
121291,MVI_40871,748,0,1782359998.4544263,0.0020945072174072266
121292,MVI_40871,471,0,1782359998.4561567,0.0017304420471191406
121293,MVI_40871,273,0,1782359998.4584205,0.002263784408569336
121294,MVI_40871,303,0,1782359998.4603503,0.0019297599792480469
121295,MVI_40871,244,0,1782359998.462289,0.0019388198852539062
121296,MVI_40871,814,0,1782359998.4643385,0.0020494461059570312
121297,MVI_40871,85,0,1782359998.4664252,0.002086639404296875
121298,MVI_40871,337,0,1782359998.4681773,0.0017521381378173828
121299,MVI_40871,639,0,1782359998.470445,0.002267599105834961
121300,MVI_40871,336,0,1782359998.4722135,0.0017685890197753906
121301,MVI_40871,100,0,1782359998.474429,0.0022153854370117188
121302,MVI_40871,224,0,1782359998.476189,0.0017600059509277344
121303,MVI_40871,321,0,1782359998.4784207,0.0022318363189697266
121304,MVI_40871,543,0,1782359998.4801571,0.0017364025115966797
121305,MVI_40871,550,0,1782359998.4824607,0.002303600311279297
121306,MVI_40871,478,0,1782359998.484222,0.0017611980438232422
121307,MVI_40871,712,0,1782359998.4864237,0.0022017955780029297
121308,MVI_40871,10,0,1782359998.4881928,0.0017690658569335938
121309,MVI_40871,306,0,1782359998.490425,0.0022323131561279297
121310,MVI_40871,436,0,1782359998.4921584,0.0017333030700683594
121311,MVI_40871,701,0,1782359998.4944544,0.002295970916748047
121312,MVI_40871,567,0,1782359998.496214,0.0017595291137695312
121313,MVI_40871,229,0,1782359998.4984229,0.0022089481353759766
121314,MVI_40871,625,0,1782359998.5001988,0.001775979995727539
121315,MVI_40871,267,0,1782359998.5024195,0.002220630645751953
121316,MVI_40871,559,0,1782359998.504159,0.001739501953125
121317,MVI_40871,248,0,1782359998.5064597,0.002300739288330078
121318,MVI_40871,749,0,1782359998.508215,0.0017552375793457031
121319,MVI_40871,706,0,1782359998.5104206,0.0022056102752685547
121320,MVI_40871,685,0,1782359998.512203,0.0017824172973632812
121321,MVI_40871,7,0,1782359998.514425,0.0022220611572265625
121322,MVI_40871,101,0,1782359998.516156,0.0017309188842773438
121323,MVI_40871,788,0,1782359998.5183606,0.0022046566009521484
121324,MVI_40871,122,0,1782359998.5204296,0.0020689964294433594
121325,MVI_40871,705,0,1782359998.522161,0.0017313957214355469
121326,MVI_40871,227,0,1782359998.524363,0.0022020339965820312
121327,MVI_40871,315,0,1782359998.5264301,0.002067089080810547
121328,MVI_40871,532,0,1782359998.5281568,0.0017266273498535156
121329,MVI_40871,69,0,1782359998.5303652,0.0022084712982177734
121330,MVI_40871,409,0,1782359998.532441,0.002075672149658203
121331,MVI_40871,200,0,1782359998.5341556,0.0017147064208984375
121332,MVI_40871,518,0,1782359998.536367,0.002211332321166992
121333,MVI_40871,236,0,1782359998.5384238,0.0020568370819091797
121334,MVI_40871,201,0,1782359998.540153,0.0017292499542236328
121335,MVI_40871,118,0,1782359998.5423772,0.0022242069244384766
121336,MVI_40871,534,0,1782359998.5444162,0.0020389556884765625
121337,MVI_40871,432,0,1782359998.546154,0.001737833023071289
121338,MVI_40871,780,0,1782359998.5483809,0.0022268295288085938
121339,MVI_40871,650,0,1782359998.5504155,0.0020346641540527344
121340,MVI_40871,592,0,1782359998.5521564,0.0017409324645996094
121341,MVI_40871,358,0,1782359998.5543733,0.002216815948486328
121342,MVI_40871,686,0,1782359998.556421,0.0020477771759033203
121343,MVI_40871,173,0,1782359998.5581536,0.0017325878143310547
121344,MVI_40871,261,0,1782359998.5603764,0.002222776412963867
121345,MVI_40871,761,0,1782359998.5624135,0.00203704833984375
121346,MVI_40871,750,0,1782359998.564158,0.0017445087432861328
121347,MVI_40871,263,0,1782359998.566379,0.0022211074829101562
121348,MVI_40871,291,0,1782359998.5684094,0.0020303726196289062
121349,MVI_40871,88,0,1782359998.5701544,0.001744985580444336
121350,MVI_40871,214,0,1782359998.57238,0.002225637435913086
121351,MVI_40871,254,0,1782359998.574414,0.0020339488983154297
121352,MVI_40871,442,0,1782359998.576155,0.0017409324645996094
121353,MVI_40871,807,0,1782359998.5783808,0.0022258758544921875
121354,MVI_40871,3,0,1782359998.58042,0.002039194107055664
121355,MVI_40871,379,0,1782359998.582157,0.0017368793487548828
121356,MVI_40871,718,0,1782359998.5843868,0.002229928970336914
121357,MVI_40871,692,0,1782359998.5864193,0.0020325183868408203
121358,MVI_40871,300,0,1782359998.5881531,0.0017337799072265625
121359,MVI_40871,308,0,1782359998.5903893,0.0022361278533935547
121360,MVI_40871,183,0,1782359998.5924194,0.0020301342010498047
121361,MVI_40871,95,0,1782359998.5941565,0.0017371177673339844
121362,MVI_40871,626,0,1782359998.5963964,0.0022399425506591797
121363,MVI_40871,384,0,1782359998.598422,0.002025604248046875
121364,MVI_40871,486,0,1782359998.6001604,0.0017383098602294922
121365,MVI_40871,572,0,1782359998.6023977,0.0022373199462890625
121366,MVI_40871,142,0,1782359998.6044207,0.002022981643676758
121367,MVI_40871,175,0,1782359998.6061544,0.0017337799072265625
121368,MVI_40871,571,0,1782359998.608408,0.0022535324096679688
121369,MVI_40871,670,0,1782359998.6104193,0.0020112991333007812
121370,MVI_40871,325,0,1782359998.612156,0.0017366409301757812
121371,MVI_40871,843,0,1782359998.6144063,0.0022504329681396484
121372,MVI_40871,339,0,1782359998.616415,0.002008676528930664
121373,MVI_40871,642,0,1782359998.618156,0.0017409324645996094
121374,MVI_40871,821,0,1782359998.620419,0.0022630691528320312
121375,MVI_40871,802,0,1782359998.6224186,0.0019996166229248047
121376,MVI_40871,347,0,1782359998.6241565,0.001737833023071289
121377,MVI_40871,576,0,1782359998.6264145,0.0022580623626708984
121378,MVI_40871,289,0,1782359998.6284182,0.0020036697387695312
121379,MVI_40871,93,0,1782359998.6301565,0.0017383098602294922
121380,MVI_40871,613,0,1782359998.6324148,0.00225830078125
121381,MVI_40871,269,0,1782359998.63442,0.0020051002502441406
121382,MVI_40871,570,0,1782359998.636155,0.0017349720001220703
121383,MVI_40871,73,0,1782359998.6384184,0.0022635459899902344
121384,MVI_40871,157,0,1782359998.640421,0.0020024776458740234
121385,MVI_40871,688,0,1782359998.6421573,0.0017364025115966797
121386,MVI_40871,367,0,1782359998.6444132,0.0022559165954589844
121387,MVI_40871,198,0,1782359998.6464117,0.001998424530029297
121388,MVI_40871,818,0,1782359998.6481514,0.0017397403717041016
121389,MVI_40871,673,0,1782359998.6504304,0.002279043197631836
121390,MVI_40871,150,0,1782359998.6523573,0.0019268989562988281
121391,MVI_40871,585,0,1782359998.6541522,0.0017948150634765625
121392,MVI_40871,635,0,1782359998.6563158,0.0021636486053466797
121393,MVI_40871,774,0,1782359998.6584122,0.002096414566040039
121394,MVI_40871,141,0,1782359998.660155,0.0017428398132324219
121395,MVI_40871,310,0,1782359998.6623168,0.002161741256713867
121396,MVI_40871,533,0,1782359998.6644135,0.0020966529846191406
121397,MVI_40871,407,0,1782359998.666154,0.0017404556274414062
121398,MVI_40871,60,0,1782359998.6682951,0.002141237258911133
121399,MVI_40871,488,0,1782359998.6703045,0.0020093917846679688
121400,MVI_40871,369,0,1782359998.6722734,0.001968860626220703
121401,MVI_40871,416,0,1782359998.6743236,0.002050161361694336
121402,MVI_40871,55,0,1782359998.676429,0.0021054744720458984
121403,MVI_40871,663,0,1782359998.6781573,0.0017282962799072266
121404,MVI_40871,811,0,1782359998.680325,0.0021677017211914062
121405,MVI_40871,793,0,1782359998.6824183,0.0020933151245117188
121406,MVI_40871,127,0,1782359998.6841528,0.0017344951629638672
121407,MVI_40871,620,0,1782359998.6863275,0.0021746158599853516
121408,MVI_40871,27,0,1782359998.6884065,0.002079010009765625
121409,MVI_40871,314,0,1782359998.6901538,0.0017473697662353516
121410,MVI_40871,57,0,1782359998.6924367,0.002282857894897461
121411,MVI_40871,213,0,1782359998.6941862,0.0017495155334472656
121412,MVI_40871,30,0,1782359998.6963046,0.002118349075317383
121413,MVI_40871,388,0,1782359998.6983092,0.0020046234130859375
121414,MVI_40871,350,0,1782359998.700363,0.0020537376403808594
121415,MVI_40871,470,0,1782359998.7021523,0.0017893314361572266
121416,MVI_40871,602,0,1782359998.704437,0.0022847652435302734
121417,MVI_40871,636,0,1782359998.706347,0.0019099712371826172
121418,MVI_40871,541,0,1782359998.7081516,0.0018045902252197266
121419,MVI_40871,498,0,1782359998.7104354,0.002283811569213867
121420,MVI_40871,775,0,1782359998.7123382,0.0019028186798095703
121421,MVI_40871,715,0,1782359998.7141528,0.0018146038055419922
121422,MVI_40871,729,0,1782359998.7164428,0.002290010452270508
121423,MVI_40871,727,0,1782359998.7181876,0.0017447471618652344
121424,MVI_40871,185,0,1782359998.7203057,0.0021181106567382812
121425,MVI_40871,711,0,1782359998.7222974,0.001991748809814453
121426,MVI_40871,54,0,1782359998.7243314,0.0020339488983154297
121427,MVI_40871,426,0,1782359998.7262697,0.0019383430480957031
121428,MVI_40871,668,0,1782359998.7283459,0.0020761489868164062
121429,MVI_40871,158,0,1782359998.7304082,0.0020623207092285156
121430,MVI_40871,514,0,1782359998.732152,0.0017437934875488281
121431,MVI_40871,473,0,1782359998.7343004,0.0021483898162841797
121432,MVI_40871,540,0,1782359998.736326,0.002025604248046875
121433,MVI_40871,160,0,1782359998.7381537,0.0018277168273925781
121434,MVI_40871,667,0,1782359998.7404552,0.002301454544067383
121435,MVI_40871,465,0,1782359998.7421515,0.0016963481903076172
121436,MVI_40871,492,0,1782359998.7444067,0.0022552013397216797
121437,MVI_40871,849,0,1782359998.7461996,0.00179290771484375
121438,MVI_40871,695,0,1782359998.7484078,0.002208232879638672
121439,MVI_40871,272,0,1782359998.7501707,0.0017628669738769531
121440,MVI_40871,64,0,1782359998.752357,0.002186298370361328
121441,MVI_40871,744,0,1782359998.754412,0.002054929733276367
121442,MVI_40871,555,0,1782359998.7561567,0.0017447471618652344
121443,MVI_40871,238,0,1782359998.758357,0.0022003650665283203
121444,MVI_40871,772,0,1782359998.7604105,0.002053499221801758
121445,MVI_40871,218,0,1782359998.7621512,0.0017406940460205078
121446,MVI_40871,786,0,1782359998.7643173,0.0021660327911376953
121447,MVI_40871,745,0,1782359998.7663035,0.001986265182495117
121448,MVI_40871,268,0,1782359998.7682729,0.0019693374633789062
121449,MVI_40871,169,0,1782359998.7703037,0.0020308494567871094
121450,MVI_40871,287,0,1782359998.772412,0.002108335494995117
121451,MVI_40871,317,0,1782359998.7741532,0.001741170883178711
121452,MVI_40871,112,0,1782359998.7764554,0.0023021697998046875
121453,MVI_40871,204,0,1782359998.778152,0.0016965866088867188
121454,MVI_40871,182,0,1782359998.780407,0.002254962921142578
121455,MVI_40871,430,0,1782359998.7822149,0.0018079280853271484
121456,MVI_40871,154,0,1782359998.7844048,0.0021898746490478516
121457,MVI_40871,405,0,1782359998.786152,0.00174713134765625
121458,MVI_40871,386,0,1782359998.7884088,0.0022568702697753906
121459,MVI_40871,651,0,1782359998.7903023,0.0018935203552246094
121460,MVI_40871,124,0,1782359998.7923725,0.002070188522338867
121461,MVI_40871,52,0,1782359998.7942216,0.0018491744995117188
121462,MVI_40871,311,0,1782359998.7964122,0.0021905899047851562
121463,MVI_40871,323,0,1782359998.7981548,0.0017426013946533203
121464,MVI_40871,588,0,1782359998.800495,0.002340078353881836
121465,MVI_40871,562,0,1782359998.80222,0.0017251968383789062
121466,MVI_40871,809,0,1782359998.8043177,0.002097606658935547
121467,MVI_40871,742,0,1782359998.8063364,0.0020186901092529297
121468,MVI_40871,431,0,1782359998.8083327,0.001996278762817383
121469,MVI_40871,509,0,1782359998.8101497,0.0018169879913330078
121470,MVI_40871,328,0,1782359998.8124964,0.0023467540740966797
121471,MVI_40871,121,0,1782359998.8142128,0.0017163753509521484
121472,MVI_40871,496,0,1782359998.8163047,0.0020918846130371094
121473,MVI_40871,489,0,1782359998.8183062,0.002001523971557617
121474,MVI_40871,116,0,1782359998.8203492,0.002043008804321289
121475,MVI_40871,844,0,1782359998.8221526,0.0018033981323242188
121476,MVI_40871,411,0,1782359998.8244913,0.0023386478424072266
121477,MVI_40871,58,0,1782359998.82621,0.001718759536743164
121478,MVI_40871,284,0,1782359998.828305,0.0020949840545654297
121479,MVI_40871,375,0,1782359998.8302689,0.0019638538360595703
121480,MVI_40871,531,0,1782359998.8323057,0.0020368099212646484
121481,MVI_40871,680,0,1782359998.8342803,0.0019745826721191406
121482,MVI_40871,739,0,1782359998.8363845,0.0021042823791503906
121483,MVI_40871,587,0,1782359998.8384068,0.002022266387939453
121484,MVI_40871,51,0,1782359998.8401523,0.001745462417602539
121485,MVI_40871,733,0,1782359998.842497,0.002344846725463867
121486,MVI_40871,782,0,1782359998.8442175,0.001720428466796875
121487,MVI_40871,318,0,1782359998.8463056,0.0020880699157714844
121488,MVI_40871,163,0,1782359998.8483207,0.0020151138305664062
121489,MVI_40871,563,0,1782359998.8503332,0.002012491226196289
121490,MVI_40871,459,0,1782359998.852154,0.0018208026885986328
121491,MVI_40871,221,0,1782359998.8544085,0.002254486083984375
121492,MVI_40871,530,0,1782359998.8563035,0.0018949508666992188
121493,MVI_40871,846,0,1782359998.8582695,0.0019659996032714844
121494,MVI_40871,286,0,1782359998.8604019,0.002132415771484375
121495,MVI_40871,683,0,1782359998.8624065,0.0020046234130859375
121496,MVI_40871,472,0,1782359998.8643053,0.0018987655639648438
121497,MVI_40871,840,0,1782359998.867064,0.0027587413787841797
121498,MVI_40871,72,0,1782359998.8682928,0.0012288093566894531
121499,MVI_40871,370,0,1782359998.8700953,0.0018024444580078125
121500,MVI_40871,390,0,1782359998.8723032,0.0022079944610595703
121501,MVI_40871,507,0,1782359998.8741517,0.001848459243774414
121502,MVI_40871,732,0,1782359998.876111,0.0019593238830566406
121503,MVI_40871,801,0,1782359998.8783057,0.002194643020629883
121504,MVI_40871,485,0,1782359998.880146,0.001840353012084961
121505,MVI_40871,495,0,1782359998.8821042,0.001958131790161133
121506,MVI_40871,539,0,1782359998.8843114,0.0022072792053222656
121507,MVI_40871,580,0,1782359998.8861506,0.0018391609191894531
121508,MVI_40871,455,0,1782359998.8881042,0.001953601837158203
121509,MVI_40871,135,0,1782359998.8903124,0.002208232879638672
121510,MVI_40871,414,0,1782359998.8921692,0.0018568038940429688
121511,MVI_40871,820,0,1782359998.8940897,0.001920461654663086
121512,MVI_40871,208,0,1782359998.8963165,0.0022268295288085938
121513,MVI_40871,698,0,1782359998.8982441,0.0019276142120361328
121514,MVI_40871,449,0,1782359998.9000947,0.0018506050109863281
121515,MVI_40871,179,0,1782359998.9023175,0.002222776412963867
121516,MVI_40871,644,0,1782359998.904223,0.0019054412841796875
121517,MVI_40871,655,0,1782359998.9061434,0.001920461654663086
121518,MVI_40871,622,0,1782359998.908437,0.0022935867309570312
121519,MVI_40871,24,0,1782359998.9101443,0.001707315444946289
121520,MVI_40871,234,0,1782359998.912261,0.002116680145263672
121521,MVI_40871,815,0,1782359998.9141662,0.001905202865600586
121522,MVI_40871,334,0,1782359998.9163663,0.0022001266479492188
121523,MVI_40871,611,0,1782359998.918146,0.0017795562744140625
121524,MVI_40871,322,0,1782359998.9204385,0.002292633056640625
121525,MVI_40871,110,0,1782359998.9223099,0.001871347427368164
121526,MVI_40871,34,0,1782359998.9241118,0.0018019676208496094
121527,MVI_40871,37,0,1782359998.9263272,0.0022153854370117188
121528,MVI_40871,466,0,1782359998.9282568,0.0019295215606689453
121529,MVI_40871,481,0,1782359998.9301147,0.0018579959869384766
121530,MVI_40871,406,0,1782359998.9323292,0.0022144317626953125
121531,MVI_40871,747,0,1782359998.9342504,0.0019211769104003906
121532,MVI_40871,755,0,1782359998.9360945,0.001844167709350586
121533,MVI_40871,439,0,1782359998.9383295,0.002234935760498047
121534,MVI_40871,5,0,1782359998.9402478,0.0019183158874511719
121535,MVI_40871,753,0,1782359998.9420938,0.0018460750579833984
121536,MVI_40871,164,0,1782359998.944333,0.002239227294921875
121537,MVI_40871,628,0,1782359998.9462674,0.0019342899322509766
121538,MVI_40871,210,0,1782359998.948096,0.0018286705017089844
121539,MVI_40871,413,0,1782359998.9503357,0.002239704132080078
121540,MVI_40871,719,0,1782359998.9522948,0.001959085464477539
121541,MVI_40871,241,0,1782359998.954095,0.0018000602722167969
121542,MVI_40871,309,0,1782359998.956339,0.0022439956665039062
121543,MVI_40871,96,0,1782359998.9583507,0.0020117759704589844
121544,MVI_40871,111,0,1782359998.960095,0.0017442703247070312
121545,MVI_40871,242,0,1782359998.9623423,0.002247333526611328
121546,MVI_40871,513,0,1782359998.9643688,0.0020265579223632812
121547,MVI_40871,266,0,1782359998.9661462,0.0017774105072021484
121548,MVI_40871,83,0,1782359998.96845,0.0023038387298583984
121549,MVI_40871,690,0,1782359998.9701753,0.0017251968383789062
121550,MVI_40871,468,0,1782359998.9723003,0.0021250247955322266
121551,MVI_40871,713,0,1782359998.9743068,0.00200653076171875
121552,MVI_40871,343,0,1782359998.9763074,0.002000570297241211
121553,MVI_40871,320,0,1782359998.9782705,0.0019631385803222656
121554,MVI_40871,190,0,1782359998.980354,0.0020835399627685547
121555,MVI_40871,770,0,1782359998.9824111,0.0020570755004882812
121556,MVI_40871,91,0,1782359998.9841528,0.001741647720336914
121557,MVI_40871,561,0,1782359998.9864078,0.002254962921142578
121558,MVI_40871,480,0,1782359998.9883046,0.0018968582153320312
121559,MVI_40871,148,0,1782359998.990154,0.0018494129180908203
121560,MVI_40871,452,0,1782359998.9924507,0.0022966861724853516
121561,MVI_40871,42,0,1782359998.994201,0.0017502307891845703
121562,MVI_40871,758,0,1782359998.9963055,0.002104520797729492
121563,MVI_40871,463,0,1782359998.9982066,0.0019011497497558594
121564,MVI_40871,822,0,1782359999.0004075,0.0022008419036865234
121565,MVI_40871,76,0,1782359999.0021524,0.001744985580444336
121566,MVI_40871,519,0,1782359999.004457,0.002304553985595703
121567,MVI_40871,389,0,1782359999.0061514,0.0016944408416748047
121568,MVI_40871,246,0,1782359999.008304,0.002152681350708008
121569,MVI_40871,274,0,1782359999.0103219,0.0020177364349365234
121570,MVI_40871,81,0,1782359999.0123074,0.0019855499267578125
121571,MVI_40871,63,0,1782359999.0142705,0.0019631385803222656
121572,MVI_40871,842,0,1782359999.0163066,0.0020360946655273438
121573,MVI_40871,769,0,1782359999.0184076,0.0021009445190429688
121574,MVI_40871,656,0,1782359999.0201528,0.0017452239990234375
121575,MVI_40871,841,0,1782359999.0224617,0.0023088455200195312
121576,MVI_40871,816,0,1782359999.0241213,0.0016596317291259766
121577,MVI_40871,704,0,1782359999.0261555,0.0020341873168945312
121578,MVI_40871,80,0,1782359999.028438,0.0022826194763183594
121579,MVI_40871,664,0,1782359999.0303552,0.001917123794555664
121580,MVI_40871,595,0,1782359999.0322816,0.001926422119140625
121581,MVI_40871,240,0,1782359999.0343776,0.002095937728881836
121582,MVI_40871,575,0,1782359999.0364134,0.002035856246948242
121583,MVI_40871,53,0,1782359999.038152,0.0017385482788085938
121584,MVI_40871,89,0,1782359999.0404725,0.002320528030395508
121585,MVI_40871,475,0,1782359999.0422149,0.0017423629760742188
121586,MVI_40871,823,0,1782359999.0444207,0.0022058486938476562
121587,MVI_40871,136,0,1782359999.0462275,0.0018067359924316406
121588,MVI_40871,232,0,1782359999.048425,0.0021975040435791016
121589,MVI_40871,568,0,1782359999.0501547,0.001729726791381836
121590,MVI_40871,634,0,1782359999.052425,0.002270221710205078
121591,MVI_40871,768,0,1782359999.0542133,0.0017883777618408203
121592,MVI_40871,479,0,1782359999.0564184,0.0022051334381103516
121593,MVI_40871,401,0,1782359999.0582342,0.0018157958984375
121594,MVI_40871,606,0,1782359999.0604184,0.002184152603149414
121595,MVI_40871,371,0,1782359999.062155,0.0017366409301757812
121596,MVI_40871,68,0,1782359999.0644152,0.0022602081298828125
121597,MVI_40871,716,0,1782359999.0662186,0.0018033981323242188
121598,MVI_40871,338,0,1782359999.0684261,0.002207517623901367
121599,MVI_40871,180,0,1782359999.0702376,0.0018115043640136719
121600,MVI_40871,591,0,1782359999.072416,0.0021784305572509766
121601,MVI_40871,97,0,1782359999.0741525,0.0017364025115966797
121602,MVI_40871,632,0,1782359999.0764184,0.00226593017578125
121603,MVI_40871,391,0,1782359999.0782132,0.0017948150634765625
121604,MVI_40871,134,0,1782359999.080422,0.002208709716796875
121605,MVI_40871,616,0,1782359999.0822437,0.001821756362915039
121606,MVI_40871,717,0,1782359999.084414,0.0021703243255615234
121607,MVI_40871,383,0,1782359999.0861537,0.0017397403717041016
121608,MVI_40871,448,0,1782359999.088416,0.0022623538970947266
121609,MVI_40871,689,0,1782359999.090211,0.0017948150634765625
121610,MVI_40871,619,0,1782359999.0922844,0.002073526382446289
121611,MVI_40871,558,0,1782359999.0944018,0.0021173954010009766
121612,MVI_40871,366,0,1782359999.0962799,0.0018780231475830078
121613,MVI_40871,398,0,1782359999.0983086,0.0020287036895751953
121614,MVI_40871,535,0,1782359999.1003668,0.002058267593383789
121615,MVI_40871,684,0,1782359999.102355,0.0019881725311279297
121616,MVI_40871,554,0,1782359999.104283,0.001928091049194336
121617,MVI_40871,202,0,1782359999.1063104,0.002027273178100586
121618,MVI_40871,120,0,1782359999.108427,0.002116680145263672
121619,MVI_40871,333,0,1782359999.110155,0.001728057861328125
121620,MVI_40871,103,0,1782359999.1125169,0.002361774444580078
121621,MVI_40871,836,0,1782359999.1142154,0.0016984939575195312
121622,MVI_40871,506,0,1782359999.1164186,0.002203226089477539
121623,MVI_40871,117,0,1782359999.1181557,0.0017371177673339844
121624,MVI_40871,378,0,1782359999.1204183,0.002262592315673828
121625,MVI_40871,397,0,1782359999.1221542,0.0017359256744384766
121626,MVI_40871,778,0,1782359999.1244118,0.0022575855255126953
121627,MVI_40871,708,0,1782359999.1263156,0.0019037723541259766
121628,MVI_40871,187,0,1782359999.1282775,0.001961946487426758
121629,MVI_40871,483,0,1782359999.1303287,0.002051115036010742
121630,MVI_40871,723,0,1782359999.1323626,0.0020339488983154297
121631,MVI_40871,1,0,1782359999.1343143,0.0019516944885253906
121632,MVI_40871,340,0,1782359999.1363184,0.0020041465759277344
121633,MVI_40871,348,0,1782359999.1383545,0.0020360946655273438
121634,MVI_40871,297,0,1782359999.14029,0.0019354820251464844
121635,MVI_40871,330,0,1782359999.1421676,0.0018775463104248047
121636,MVI_40871,596,0,1782359999.1443624,0.0021948814392089844
121637,MVI_40871,529,0,1782359999.1462963,0.0019338130950927734
121638,MVI_40871,757,0,1782359999.1483243,0.0020279884338378906
121639,MVI_40871,196,0,1782359999.150354,0.0020296573638916016
121640,MVI_40871,19,0,1782359999.152285,0.0019311904907226562
121641,MVI_40871,33,0,1782359999.1543262,0.0020411014556884766
121642,MVI_40871,516,0,1782359999.156355,0.0020287036895751953
121643,MVI_40871,402,0,1782359999.1582835,0.001928567886352539
121644,MVI_40871,114,0,1782359999.1603296,0.0020461082458496094
121645,MVI_40871,564,0,1782359999.1623478,0.0020182132720947266
121646,MVI_40871,450,0,1782359999.1642816,0.0019338130950927734
121647,MVI_40871,721,0,1782359999.1663315,0.0020499229431152344
121648,MVI_40871,710,0,1782359999.168351,0.0020194053649902344
121649,MVI_40871,741,0,1782359999.1702812,0.00193023681640625
121650,MVI_40871,11,0,1782359999.1723359,0.0020546913146972656
121651,MVI_40871,808,0,1782359999.1743639,0.0020279884338378906
121652,MVI_40871,484,0,1782359999.1762826,0.001918792724609375
121653,MVI_40871,165,0,1782359999.178186,0.0019032955169677734
121654,MVI_40871,225,0,1782359999.1803617,0.0021758079528808594
121655,MVI_40871,699,0,1782359999.1822803,0.0019185543060302734
121656,MVI_40871,20,0,1782359999.1843393,0.0020589828491210938
121657,MVI_40871,487,0,1782359999.1863716,0.0020322799682617188
121658,MVI_40871,4,0,1782359999.1882823,0.0019106864929199219
121659,MVI_40871,126,0,1782359999.1903405,0.002058267593383789
121660,MVI_40871,805,0,1782359999.1923537,0.0020132064819335938
121661,MVI_40871,399,0,1782359999.194281,0.0019273757934570312
121662,MVI_40871,146,0,1782359999.196192,0.0019109249114990234
121663,MVI_40871,61,0,1782359999.1983554,0.002163410186767578
121664,MVI_40871,804,0,1782359999.2001555,0.0018000602722167969
121665,MVI_40871,812,0,1782359999.202462,0.0023064613342285156
121666,MVI_40871,638,0,1782359999.204219,0.0017571449279785156
121667,MVI_40871,25,0,1782359999.2064245,0.002205371856689453
121668,MVI_40871,275,0,1782359999.2081532,0.0017287731170654297
121669,MVI_40871,408,0,1782359999.2104168,0.0022635459899902344
121670,MVI_40871,131,0,1782359999.2121525,0.001735687255859375
121671,MVI_40871,305,0,1782359999.2144554,0.002302885055541992
121672,MVI_40871,764,0,1782359999.2163272,0.0018718242645263672
121673,MVI_40871,374,0,1782359999.2182887,0.0019614696502685547
121674,MVI_40871,464,0,1782359999.2203526,0.0020639896392822266
121675,MVI_40871,255,0,1782359999.2224221,0.0020694732666015625
121676,MVI_40871,373,0,1782359999.2241588,0.0017366409301757812
121677,MVI_40871,678,0,1782359999.2264545,0.0022957324981689453
121678,MVI_40871,387,0,1782359999.2283254,0.001870870590209961
121679,MVI_40871,600,0,1782359999.2302842,0.0019588470458984375
121680,MVI_40871,494,0,1782359999.232359,0.002074718475341797
121681,MVI_40871,738,0,1782359999.2344153,0.0020563602447509766
121682,MVI_40871,364,0,1782359999.2361548,0.001739501953125
121683,MVI_40871,657,0,1782359999.2384582,0.0023033618927001953
121684,MVI_40871,428,0,1782359999.240342,0.0018837451934814453
121685,MVI_40871,260,0,1782359999.2422805,0.0019385814666748047
121686,MVI_40871,605,0,1782359999.2443721,0.002091646194458008
121687,MVI_40871,31,0,1782359999.246418,0.002045869827270508
121688,MVI_40871,341,0,1782359999.2481534,0.0017354488372802734
121689,MVI_40871,797,0,1782359999.2504656,0.002312183380126953
121690,MVI_40871,767,0,1782359999.252181,0.0017154216766357422
121691,MVI_40871,186,0,1782359999.2544258,0.002244710922241211
121692,MVI_40871,502,0,1782359999.256214,0.0017881393432617188
121693,MVI_40871,143,0,1782359999.2585845,0.002370595932006836
121694,MVI_40871,123,0,1782359999.260153,0.0015685558319091797
121695,MVI_40871,649,0,1782359999.2624319,0.0022788047790527344
121696,MVI_40871,257,0,1782359999.2643154,0.0018835067749023438
121697,MVI_40871,262,0,1782359999.266282,0.001966714859008789
121698,MVI_40871,623,0,1782359999.268376,0.0020940303802490234
121699,MVI_40871,153,0,1782359999.2704186,0.002042531967163086
121700,MVI_40871,826,0,1782359999.2721527,0.001734018325805664
121701,MVI_40871,461,0,1782359999.2744913,0.0023386478424072266
121702,MVI_40871,342,0,1782359999.2761993,0.0017080307006835938
121703,MVI_40871,129,0,1782359999.2784245,0.002225160598754883
121704,MVI_40871,645,0,1782359999.2802248,0.0018002986907958984
121705,MVI_40871,800,0,1782359999.2824214,0.0021965503692626953
121706,MVI_40871,609,0,1782359999.2841527,0.0017313957214355469
121707,MVI_40871,326,0,1782359999.2864807,0.0023279190063476562
121708,MVI_40871,597,0,1782359999.288202,0.0017213821411132812
121709,MVI_40871,590,0,1782359999.2904348,0.002232789993286133
121710,MVI_40871,29,0,1782359999.2921534,0.0017185211181640625
121711,MVI_40871,35,0,1782359999.2944136,0.0022602081298828125
121712,MVI_40871,279,0,1782359999.2961552,0.001741647720336914
121713,MVI_40871,526,0,1782359999.2984889,0.0023336410522460938
121714,MVI_40871,75,0,1782359999.3002057,0.0017168521881103516
121715,MVI_40871,771,0,1782359999.3024352,0.002229452133178711
121716,MVI_40871,523,0,1782359999.3041513,0.0017161369323730469
121717,MVI_40871,709,0,1782359999.306435,0.002283811569213867
121718,MVI_40871,2,0,1782359999.3081534,0.001718282699584961
121719,MVI_40871,253,0,1782359999.3104894,0.0023360252380371094
121720,MVI_40871,137,0,1782359999.31218,0.0016906261444091797
121721,MVI_40871,188,0,1782359999.3144584,0.0022783279418945312
121722,MVI_40871,149,0,1782359999.3161528,0.0016944408416748047
121723,MVI_40871,74,0,1782359999.3184118,0.0022590160369873047
121724,MVI_40871,547,0,1782359999.3201509,0.0017390251159667969
121725,MVI_40871,46,0,1782359999.322495,0.0023441314697265625
121726,MVI_40871,714,0,1782359999.32419,0.0016949176788330078
121727,MVI_40871,666,0,1782359999.3264077,0.0022177696228027344
121728,MVI_40871,105,0,1782359999.3281531,0.001745462417602539
121729,MVI_40871,288,0,1782359999.3304136,0.002260446548461914
121730,MVI_40871,681,0,1782359999.3321557,0.0017421245574951172
121731,MVI_40871,9,0,1782359999.3345046,0.0023488998413085938
121732,MVI_40871,429,0,1782359999.3361874,0.0016827583312988281
121733,MVI_40871,813,0,1782359999.3384213,0.0022339820861816406
121734,MVI_40871,803,0,1782359999.3402503,0.001828908920288086
121735,MVI_40871,447,0,1782359999.342417,0.002166748046875
121736,MVI_40871,376,0,1782359999.3441603,0.001743316650390625
121737,MVI_40871,546,0,1782359999.3464117,0.0022513866424560547
121738,MVI_40871,643,0,1782359999.3483303,0.0019185543060302734
121739,MVI_40871,359,0,1782359999.3501537,0.00182342529296875
121740,MVI_40871,40,0,1782359999.3521657,0.002012014389038086
121741,MVI_40871,235,0,1782359999.3542132,0.0020475387573242188
121742,MVI_40871,845,0,1782359999.35609,0.0018768310546875
121743,MVI_40871,70,0,1782359999.3582878,0.002197742462158203
121744,MVI_40871,790,0,1782359999.360245,0.0019571781158447266
121745,MVI_40871,207,0,1782359999.3620887,0.0018436908721923828
121746,MVI_40871,245,0,1782359999.3643935,0.0023047924041748047
121747,MVI_40871,400,0,1782359999.3663285,0.0019350051879882812
121748,MVI_40871,48,0,1782359999.368151,0.0018224716186523438
121749,MVI_40871,537,0,1782359999.37042,0.0022690296173095703
121750,MVI_40871,599,0,1782359999.3722975,0.0018775463104248047
121751,MVI_40871,418,0,1782359999.3742685,0.001971006393432617
121752,MVI_40871,8,0,1782359999.3763087,0.0020401477813720703
121753,MVI_40871,817,0,1782359999.3784044,0.0020956993103027344
121754,MVI_40871,779,0,1782359999.3801565,0.0017521381378173828
121755,MVI_40871,835,0,1782359999.382401,0.0022444725036621094
121756,MVI_40871,511,0,1782359999.384325,0.0019240379333496094
121757,MVI_40871,740,0,1782359999.3861501,0.001825094223022461
121758,MVI_40871,23,0,1782359999.3884304,0.0022802352905273438
121759,MVI_40871,99,0,1782359999.3903375,0.0019071102142333984
121760,MVI_40871,500,0,1782359999.3921494,0.001811981201171875
121761,MVI_40871,621,0,1782359999.3944304,0.0022809505462646484
121762,MVI_40871,503,0,1782359999.3963382,0.0019078254699707031
121763,MVI_40871,26,0,1782359999.3981507,0.0018124580383300781
121764,MVI_40871,421,0,1782359999.4004364,0.0022857189178466797
121765,MVI_40871,130,0,1782359999.4023342,0.0018978118896484375
121766,MVI_40871,608,0,1782359999.4041505,0.0018162727355957031
121767,MVI_40871,589,0,1782359999.4064364,0.0022859573364257812
121768,MVI_40871,365,0,1782359999.408337,0.0019006729125976562
121769,MVI_40871,694,0,1782359999.4101589,0.001821756362915039
121770,MVI_40871,618,0,1782359999.412403,0.002244234085083008
121771,MVI_40871,624,0,1782359999.4143353,0.0019321441650390625
121772,MVI_40871,108,0,1782359999.4161491,0.0018138885498046875
121773,MVI_40871,151,0,1782359999.4184415,0.0022923946380615234
121774,MVI_40871,12,0,1782359999.420331,0.0018894672393798828
121775,MVI_40871,211,0,1782359999.4221516,0.0018205642700195312
121776,MVI_40871,360,0,1782359999.4244454,0.002293825149536133
121777,MVI_40871,474,0,1782359999.4262986,0.0018532276153564453
121778,MVI_40871,746,0,1782359999.4281445,0.0018458366394042969
121779,MVI_40871,277,0,1782359999.4302566,0.002112150192260742
121780,MVI_40871,352,0,1782359999.4323215,0.002064943313598633
121781,MVI_40871,316,0,1782359999.4341488,0.001827239990234375
121782,MVI_40871,107,0,1782359999.436433,0.0022842884063720703
121783,MVI_40871,197,0,1782359999.4383214,0.001888275146484375
121784,MVI_40871,752,0,1782359999.440157,0.0018355846405029297
121785,MVI_40871,661,0,1782359999.4424157,0.002258777618408203
121786,MVI_40871,295,0,1782359999.444338,0.0019223690032958984
121787,MVI_40871,794,0,1782359999.4461503,0.0018122196197509766
121788,MVI_40871,731,0,1782359999.4484015,0.002251148223876953
121789,MVI_40871,256,0,1782359999.4503362,0.0019347667694091797
121790,MVI_40871,725,0,1782359999.4521506,0.0018143653869628906
121791,MVI_40871,614,0,1782359999.4544573,0.002306699752807617
121792,MVI_40871,59,0,1782359999.4563313,0.0018739700317382812
121793,MVI_40871,467,0,1782359999.4581559,0.0018246173858642578
121794,MVI_40871,542,0,1782359999.4604623,0.0023064613342285156
121795,MVI_40871,441,0,1782359999.4623303,0.0018680095672607422
121796,MVI_40871,724,0,1782359999.4641504,0.0018200874328613281
121797,MVI_40871,194,0,1782359999.466423,0.0022726058959960938
121798,MVI_40871,469,0,1782359999.4691448,0.0027217864990234375
121799,MVI_40871,22,0,1782359999.4701562,0.0010113716125488281
121800,MVI_40871,377,0,1782359999.472459,0.002302885055541992
121801,MVI_40871,77,0,1782359999.4743009,0.0018417835235595703
121802,MVI_40871,669,0,1782359999.4762762,0.0019752979278564453
121803,MVI_40871,119,0,1782359999.4783552,0.002079010009765625
121804,MVI_40871,230,0,1782359999.4804122,0.0020570755004882812
121805,MVI_40871,115,0,1782359999.4821522,0.0017399787902832031
121806,MVI_40871,789,0,1782359999.4844677,0.002315521240234375
121807,MVI_40871,783,0,1782359999.4861727,0.0017049312591552734
121808,MVI_40871,653,0,1782359999.488425,0.002252340316772461
121809,MVI_40871,682,0,1782359999.4901521,0.0017271041870117188
121810,MVI_40871,659,0,1782359999.4924178,0.0022656917572021484
121811,MVI_40871,566,0,1782359999.4941516,0.0017337799072265625
121812,MVI_40871,776,0,1782359999.4964943,0.002342700958251953
121813,MVI_40871,687,0,1782359999.498173,0.0016787052154541016
121814,MVI_40871,674,0,1782359999.5004241,0.002251148223876953
121815,MVI_40871,828,0,1782359999.5022163,0.0017921924591064453
121816,MVI_40871,381,0,1782359999.5044172,0.0022008419036865234
121817,MVI_40871,354,0,1782359999.5061526,0.0017354488372802734
121818,MVI_40871,722,0,1782360033.3631685,0.0
121819,MVI_40871,442,0,1782360033.365376,0.002207517623901367
121820,MVI_40871,114,0,1782360033.3670292,0.0016531944274902344
121821,MVI_40871,167,0,1782360033.3690956,0.002066373825073242
121822,MVI_40871,99,0,1782360033.3710232,0.0019276142120361328
121823,MVI_40871,439,0,1782360033.3729572,0.001934051513671875
121824,MVI_40871,523,0,1782360033.3749843,0.0020270347595214844
121825,MVI_40871,611,0,1782360033.3769808,0.0019965171813964844
121826,MVI_40871,211,0,1782360033.378978,0.001997232437133789
121827,MVI_40871,826,0,1782360033.3810215,0.002043485641479492
121828,MVI_40871,848,0,1782360033.3829825,0.0019609928131103516
121829,MVI_40871,633,0,1782360033.384972,0.001989603042602539
121830,MVI_40871,105,0,1782360033.38719,0.002218008041381836
121831,MVI_40871,594,0,1782360033.3889422,0.0017521381378173828
121832,MVI_40871,16,0,1782360033.3912337,0.002291440963745117
121833,MVI_40871,404,0,1782360033.3931007,0.001867055892944336
121834,MVI_40871,306,0,1782360033.3953795,0.0022788047790527344
121835,MVI_40871,252,0,1782360033.3970928,0.0017132759094238281
121836,MVI_40871,405,0,1782360033.3992703,0.0021774768829345703
121837,MVI_40871,807,0,1782360033.401027,0.0017566680908203125
121838,MVI_40871,325,0,1782360033.4032354,0.0022084712982177734
121839,MVI_40871,669,0,1782360033.4051137,0.0018782615661621094
121840,MVI_40871,817,0,1782360033.4071066,0.001992940902709961
121841,MVI_40871,34,0,1782360033.409398,0.002291440963745117
121842,MVI_40871,547,0,1782360033.411107,0.001708984375
121843,MVI_40871,52,0,1782360033.4133835,0.0022764205932617188
121844,MVI_40871,630,0,1782360033.4150977,0.0017142295837402344
121845,MVI_40871,151,0,1782360033.4172616,0.0021638870239257812
121846,MVI_40871,706,0,1782360033.4192142,0.0019526481628417969
121847,MVI_40871,823,0,1782360033.4211836,0.0019693374633789062
121848,MVI_40871,487,0,1782360033.4231699,0.001986265182495117
121849,MVI_40871,667,0,1782360033.4250484,0.001878499984741211
121850,MVI_40871,46,0,1782360033.4270506,0.002002239227294922
121851,MVI_40871,226,0,1782360033.4290328,0.0019822120666503906
121852,MVI_40871,388,0,1782360033.431162,0.0021293163299560547
121853,MVI_40871,449,0,1782360033.4332614,0.002099275588989258
121854,MVI_40871,40,0,1782360033.4350643,0.0018029212951660156
121855,MVI_40871,708,0,1782360033.4372714,0.002207040786743164
121856,MVI_40871,339,0,1782360033.4391437,0.0018723011016845703
121857,MVI_40871,453,0,1782360033.44108,0.0019364356994628906
121858,MVI_40871,41,0,1782360033.4431489,0.002068758010864258
121859,MVI_40871,850,0,1782360033.445258,0.002109050750732422
121860,MVI_40871,732,0,1782360033.4470665,0.0018086433410644531
121861,MVI_40871,118,0,1782360033.4492834,0.002216815948486328
121862,MVI_40871,698,0,1782360033.4511788,0.0018954277038574219
121863,MVI_40871,741,0,1782360033.4530873,0.0019085407257080078
121864,MVI_40871,103,0,1782360033.4553058,0.002218484878540039
121865,MVI_40871,340,0,1782360033.4572268,0.001920938491821289
121866,MVI_40871,531,0,1782360033.4590745,0.0018477439880371094
121867,MVI_40871,658,0,1782360033.4618301,0.0027556419372558594
121868,MVI_40871,596,0,1782360033.4631307,0.0013005733489990234
121869,MVI_40871,109,0,1782360033.4652328,0.0021021366119384766
121870,MVI_40871,401,0,1782360033.4671237,0.0018908977508544922
121871,MVI_40871,556,0,1782360033.4692805,0.0021567344665527344
121872,MVI_40871,84,0,1782360033.4711087,0.0018281936645507812
121873,MVI_40871,592,0,1782360033.4732935,0.0021848678588867188
121874,MVI_40871,115,0,1782360033.4752853,0.001991748809814453
121875,MVI_40871,117,0,1782360033.4770844,0.0017991065979003906
121876,MVI_40871,336,0,1782360033.4793243,0.0022399425506591797
121877,MVI_40871,390,0,1782360033.4812922,0.001967906951904297
121878,MVI_40871,263,0,1782360033.4831176,0.0018253326416015625
121879,MVI_40871,792,0,1782360033.4853234,0.0022058486938476562
121880,MVI_40871,154,0,1782360033.4872699,0.0019464492797851562
121881,MVI_40871,489,0,1782360033.4891129,0.0018429756164550781
121882,MVI_40871,465,0,1782360033.4918706,0.0027577877044677734
121883,MVI_40871,177,0,1782360033.4931352,0.0012645721435546875
121884,MVI_40871,670,0,1782360033.495246,0.002110719680786133
121885,MVI_40871,225,0,1782360033.497125,0.001878976821899414
121886,MVI_40871,227,0,1782360033.4992926,0.0021677017211914062
121887,MVI_40871,398,0,1782360033.501111,0.0018184185028076172
121888,MVI_40871,459,0,1782360033.5033271,0.0022161006927490234
121889,MVI_40871,300,0,1782360033.505326,0.0019989013671875
121890,MVI_40871,606,0,1782360033.5071108,0.0017848014831542969
121891,MVI_40871,718,0,1782360033.5092902,0.002179384231567383
121892,MVI_40871,739,0,1782360033.5112867,0.0019965171813964844
121893,MVI_40871,237,0,1782360033.5130844,0.0017976760864257812
121894,MVI_40871,224,0,1782360033.5153103,0.0022258758544921875
121895,MVI_40871,85,0,1782360033.517294,0.001983642578125
121896,MVI_40871,38,0,1782360033.5190876,0.0017936229705810547
121897,MVI_40871,216,0,1782360033.5211136,0.002026081085205078
121898,MVI_40871,197,0,1782360033.523272,0.0021584033966064453
121899,MVI_40871,130,0,1782360033.5249991,0.0017271041870117188
121900,MVI_40871,180,0,1782360033.5270972,0.00209808349609375
121901,MVI_40871,674,0,1782360033.5291789,0.002081632614135742
121902,MVI_40871,601,0,1782360033.5310342,0.0018553733825683594
121903,MVI_40871,78,0,1782360033.5330658,0.002031564712524414
121904,MVI_40871,818,0,1782360033.5351853,0.0021195411682128906
121905,MVI_40871,700,0,1782360033.5370357,0.0018503665924072266
121906,MVI_40871,502,0,1782360033.5392227,0.002187013626098633
121907,MVI_40871,351,0,1782360033.5411808,0.001958131790161133
121908,MVI_40871,89,0,1782360033.543035,0.0018541812896728516
121909,MVI_40871,170,0,1782360033.5450745,0.0020394325256347656
121910,MVI_40871,239,0,1782360033.54721,0.0021355152130126953
121911,MVI_40871,312,0,1782360033.5490375,0.0018274784088134766
121912,MVI_40871,756,0,1782360033.551093,0.002055644989013672
121913,MVI_40871,460,0,1782360033.553165,0.002071857452392578
121914,MVI_40871,582,0,1782360033.5550444,0.0018794536590576172
121915,MVI_40871,373,0,1782360033.5570753,0.0020308494567871094
121916,MVI_40871,273,0,1782360033.5591986,0.0021233558654785156
121917,MVI_40871,488,0,1782360033.5610175,0.0018188953399658203
121918,MVI_40871,725,0,1782360033.563179,0.0021615028381347656
121919,MVI_40871,111,0,1782360033.5651789,0.0019998550415039062
121920,MVI_40871,586,0,1782360033.5669858,0.0018069744110107422
121921,MVI_40871,598,0,1782360033.569137,0.0021512508392333984
121922,MVI_40871,683,0,1782360033.57113,0.001992940902709961
121923,MVI_40871,304,0,1782360033.5729911,0.0018610954284667969
121924,MVI_40871,705,0,1782360033.5750654,0.0020742416381835938
121925,MVI_40871,623,0,1782360033.5770495,0.001984119415283203
121926,MVI_40871,69,0,1782360033.5789907,0.0019412040710449219
121927,MVI_40871,495,0,1782360033.5810592,0.0020685195922851562
121928,MVI_40871,240,0,1782360033.5830219,0.0019626617431640625
121929,MVI_40871,169,0,1782360033.5850368,0.0020148754119873047
121930,MVI_40871,291,0,1782360033.587046,0.002009153366088867
121931,MVI_40871,104,0,1782360033.5890102,0.0019643306732177734
121932,MVI_40871,386,0,1782360033.5910232,0.002012968063354492
121933,MVI_40871,279,0,1782360033.5930579,0.0020346641540527344
121934,MVI_40871,335,0,1782360033.5950365,0.001978635787963867
121935,MVI_40871,67,0,1782360033.5972674,0.0022308826446533203
121936,MVI_40871,191,0,1782360033.599321,0.002053499221801758
121937,MVI_40871,746,0,1782360033.601335,0.00201416015625
121938,MVI_40871,423,0,1782360033.6031084,0.0017733573913574219
121939,MVI_40871,748,0,1782360033.6053696,0.0022611618041992188
121940,MVI_40871,629,0,1782360033.6071658,0.0017962455749511719
121941,MVI_40871,120,0,1782360033.6093411,0.0021753311157226562
121942,MVI_40871,553,0,1782360033.611067,0.001725912094116211
121943,MVI_40871,649,0,1782360033.6133687,0.0023016929626464844
121944,MVI_40871,505,0,1782360033.6150694,0.0017006397247314453
121945,MVI_40871,778,0,1782360033.6173685,0.002299070358276367
121946,MVI_40871,402,0,1782360033.6191602,0.0017917156219482422
121947,MVI_40871,479,0,1782360033.6213453,0.0021851062774658203
121948,MVI_40871,704,0,1782360033.623067,0.0017216205596923828
121949,MVI_40871,550,0,1782360033.625376,0.002309083938598633
121950,MVI_40871,182,0,1782360033.62708,0.0017039775848388672
121951,MVI_40871,589,0,1782360033.6293654,0.002285480499267578
121952,MVI_40871,229,0,1782360033.6311517,0.0017862319946289062
121953,MVI_40871,353,0,1782360033.633354,0.002202272415161133
121954,MVI_40871,292,0,1782360033.6350672,0.0017132759094238281
121955,MVI_40871,684,0,1782360033.6373641,0.002296924591064453
121956,MVI_40871,558,0,1782360033.6390784,0.0017142295837402344
121957,MVI_40871,253,0,1782360033.641368,0.0022895336151123047
121958,MVI_40871,80,0,1782360033.643165,0.0017971992492675781
121959,MVI_40871,93,0,1782360033.6453438,0.002178668975830078
121960,MVI_40871,738,0,1782360033.6470652,0.0017213821411132812
121961,MVI_40871,825,0,1782360033.649367,0.002301931381225586
121962,MVI_40871,663,0,1782360033.6510797,0.0017125606536865234
121963,MVI_40871,77,0,1782360033.65337,0.0022902488708496094
121964,MVI_40871,338,0,1782360033.6551592,0.0017893314361572266
121965,MVI_40871,124,0,1782360033.6571994,0.0020401477813720703
121966,MVI_40871,81,0,1782360033.6592607,0.0020613670349121094
121967,MVI_40871,321,0,1782360033.66137,0.0021092891693115234
121968,MVI_40871,697,0,1782360033.6630833,0.0017132759094238281
121969,MVI_40871,802,0,1782360033.6653585,0.002275228500366211
121970,MVI_40871,772,0,1782360033.667155,0.0017964839935302734
121971,MVI_40871,448,0,1782360033.6693466,0.0021915435791015625
121972,MVI_40871,477,0,1782360033.6710663,0.0017197132110595703
121973,MVI_40871,132,0,1782360033.6733613,0.0022950172424316406
121974,MVI_40871,619,0,1782360033.675084,0.0017228126525878906
121975,MVI_40871,536,0,1782360033.677361,0.002276897430419922
121976,MVI_40871,721,0,1782360033.6791682,0.0018072128295898438
121977,MVI_40871,468,0,1782360033.6812298,0.002061605453491211
121978,MVI_40871,136,0,1782360033.683197,0.001967191696166992
121979,MVI_40871,832,0,1782360033.6853027,0.002105712890625
121980,MVI_40871,687,0,1782360033.687205,0.0019023418426513672
121981,MVI_40871,57,0,1782360033.6892624,0.002057313919067383
121982,MVI_40871,5,0,1782360033.691365,0.0021026134490966797
121983,MVI_40871,189,0,1782360033.6930785,0.0017135143280029297
121984,MVI_40871,100,0,1782360033.695363,0.002284526824951172
121985,MVI_40871,218,0,1782360033.6971478,0.0017848014831542969
121986,MVI_40871,809,0,1782360033.6993444,0.0021965503692626953
121987,MVI_40871,645,0,1782360033.7010667,0.0017223358154296875
121988,MVI_40871,473,0,1782360033.7033863,0.0023195743560791016
121989,MVI_40871,821,0,1782360033.7050817,0.001695394515991211
121990,MVI_40871,827,0,1782360033.7073724,0.0022907257080078125
121991,MVI_40871,410,0,1782360033.7091403,0.001767873764038086
121992,MVI_40871,58,0,1782360033.711237,0.0020966529846191406
121993,MVI_40871,529,0,1782360033.7131927,0.001955747604370117
121994,MVI_40871,289,0,1782360033.715306,0.00211334228515625
121995,MVI_40871,634,0,1782360033.7172003,0.001894235610961914
121996,MVI_40871,710,0,1782360033.7190669,0.0018665790557861328
121997,MVI_40871,620,0,1782360033.7213626,0.0022957324981689453
121998,MVI_40871,504,0,1782360033.7230773,0.0017147064208984375
121999,MVI_40871,747,0,1782360033.7253594,0.0022821426391601562
122000,MVI_40871,597,0,1782360033.7273154,0.0019559860229492188
122001,MVI_40871,185,0,1782360033.7292006,0.0018851757049560547
122002,MVI_40871,622,0,1782360033.7312508,0.002050161361694336
122003,MVI_40871,469,0,1782360033.7333581,0.002107381820678711
122004,MVI_40871,342,0,1782360033.7350798,0.0017216205596923828
122005,MVI_40871,429,0,1782360033.7373595,0.0022797584533691406
122006,MVI_40871,206,0,1782360033.7393057,0.0019462108612060547
122007,MVI_40871,155,0,1782360033.7412145,0.0019087791442871094
122008,MVI_40871,363,0,1782360033.7432487,0.0020341873168945312
122009,MVI_40871,839,0,1782360033.7453706,0.0021219253540039062
122010,MVI_40871,209,0,1782360033.7470784,0.0017077922821044922
122011,MVI_40871,463,0,1782360033.749359,0.0022804737091064453
122012,MVI_40871,332,0,1782360033.751311,0.0019521713256835938
122013,MVI_40871,140,0,1782360033.7531996,0.0018885135650634766
122014,MVI_40871,819,0,1782360033.7552466,0.0020470619201660156
122015,MVI_40871,409,0,1782360033.7573593,0.0021126270294189453
122016,MVI_40871,627,0,1782360033.7590995,0.0017402172088623047
122017,MVI_40871,337,0,1782360033.761353,0.0022535324096679688
122018,MVI_40871,393,0,1782360033.7631414,0.0017883777618408203
122019,MVI_40871,771,0,1782360033.7652009,0.002059459686279297
122020,MVI_40871,195,0,1782360033.7672482,0.002047300338745117
122021,MVI_40871,329,0,1782360033.7693627,0.002114534378051758
122022,MVI_40871,524,0,1782360033.7710803,0.0017175674438476562
122023,MVI_40871,842,0,1782360033.7733593,0.002279043197631836
122024,MVI_40871,751,0,1782360033.7753048,0.00194549560546875
122025,MVI_40871,356,0,1782360033.7772017,0.0018968582153320312
122026,MVI_40871,786,0,1782360033.7792478,0.0020461082458496094
122027,MVI_40871,193,0,1782360033.7813804,0.0021326541900634766
122028,MVI_40871,689,0,1782360033.783079,0.0016984939575195312
122029,MVI_40871,752,0,1782360033.7853725,0.0022935867309570312
122030,MVI_40871,843,0,1782360033.7871413,0.0017688274383544922
122031,MVI_40871,416,0,1782360033.789332,0.0021905899047851562
122032,MVI_40871,183,0,1782360033.791065,0.0017330646514892578
122033,MVI_40871,51,0,1782360033.793363,0.002298116683959961
122034,MVI_40871,490,0,1782360033.795078,0.001714944839477539
122035,MVI_40871,557,0,1782360033.7973814,0.0023033618927001953
122036,MVI_40871,11,0,1782360033.799135,0.0017535686492919922
122037,MVI_40871,755,0,1782360033.8012114,0.002076387405395508
122038,MVI_40871,309,0,1782360033.8030689,0.0018575191497802734
122039,MVI_40871,407,0,1782360033.8053632,0.002294301986694336
122040,MVI_40871,212,0,1782360033.8070822,0.0017189979553222656
122041,MVI_40871,844,0,1782360033.809378,0.0022957324981689453
122042,MVI_40871,588,0,1782360033.811139,0.0017611980438232422
122043,MVI_40871,334,0,1782360033.8133311,0.0021920204162597656
122044,MVI_40871,661,0,1782360033.8150659,0.0017347335815429688
122045,MVI_40871,712,0,1782360033.8173683,0.002302408218383789
122046,MVI_40871,497,0,1782360033.8190823,0.0017139911651611328
122047,MVI_40871,612,0,1782360033.8213584,0.002276182174682617
122048,MVI_40871,23,0,1782360033.8233182,0.0019598007202148438
122049,MVI_40871,194,0,1782360033.825205,0.0018868446350097656
122050,MVI_40871,265,0,1782360033.8270857,0.001880645751953125
122051,MVI_40871,76,0,1782360033.829087,0.0020012855529785156
122052,MVI_40871,257,0,1782360033.8313682,0.00228118896484375
122053,MVI_40871,471,0,1782360033.8330796,0.0017113685607910156
122054,MVI_40871,145,0,1782360033.8353617,0.0022821426391601562
122055,MVI_40871,626,0,1782360033.8370776,0.0017158985137939453
122056,MVI_40871,616,0,1782360033.8391964,0.002118825912475586
122057,MVI_40871,290,0,1782360033.8411696,0.0019731521606445312
122058,MVI_40871,418,0,1782360033.8431752,0.0020055770874023438
122059,MVI_40871,838,0,1782360033.845161,0.001985788345336914
122060,MVI_40871,648,0,1782360033.8472514,0.0020904541015625
122061,MVI_40871,234,0,1782360033.8490374,0.0017859935760498047
122062,MVI_40871,382,0,1782360033.8512251,0.0021877288818359375
122063,MVI_40871,347,0,1782360033.853059,0.0018339157104492188
122064,MVI_40871,651,0,1782360033.8552005,0.0021414756774902344
122065,MVI_40871,59,0,1782360033.857116,0.0019154548645019531
122066,MVI_40871,403,0,1782360033.8592174,0.002101421356201172
122067,MVI_40871,841,0,1782360033.861076,0.0018587112426757812
122068,MVI_40871,847,0,1782360033.8632329,0.0021567344665527344
122069,MVI_40871,119,0,1782360033.8650672,0.0018343925476074219
122070,MVI_40871,112,0,1782360033.8672009,0.002133607864379883
122071,MVI_40871,384,0,1782360033.8691251,0.001924276351928711
122072,MVI_40871,618,0,1782360033.8712232,0.00209808349609375
122073,MVI_40871,267,0,1782360033.8730366,0.0018134117126464844
122074,MVI_40871,375,0,1782360033.875223,0.002186298370361328
122075,MVI_40871,508,0,1782360033.8771727,0.0019497871398925781
122076,MVI_40871,834,0,1782360033.8792012,0.0020284652709960938
122077,MVI_40871,499,0,1782360033.881079,0.0018777847290039062
122078,MVI_40871,17,0,1782360033.883205,0.002125978469848633
122079,MVI_40871,44,0,1782360033.8850496,0.001844644546508789
122080,MVI_40871,637,0,1782360033.8872044,0.002154827117919922
122081,MVI_40871,692,0,1782360033.8891246,0.0019202232360839844
122082,MVI_40871,600,0,1782360033.8911726,0.002048015594482422
122083,MVI_40871,30,0,1782360033.8931146,0.0019419193267822266
122084,MVI_40871,271,0,1782360033.8952034,0.002088785171508789
122085,MVI_40871,615,0,1782360033.897027,0.0018236637115478516
122086,MVI_40871,474,0,1782360033.8991458,0.002118825912475586
122087,MVI_40871,638,0,1782360033.9011395,0.0019936561584472656
122088,MVI_40871,573,0,1782360033.903106,0.0019664764404296875
122089,MVI_40871,591,0,1782360033.905084,0.0019779205322265625
122090,MVI_40871,530,0,1782360033.9073718,0.0022878646850585938
122091,MVI_40871,659,0,1782360033.909077,0.001705169677734375
122092,MVI_40871,47,0,1782360033.911359,0.0022821426391601562
122093,MVI_40871,260,0,1782360033.9132905,0.0019314289093017578
122094,MVI_40871,64,0,1782360033.9151995,0.001909017562866211
122095,MVI_40871,172,0,1782360033.9172437,0.002044200897216797
122096,MVI_40871,431,0,1782360033.9193616,0.0021178722381591797
122097,MVI_40871,70,0,1782360033.9210784,0.0017168521881103516
122098,MVI_40871,19,0,1782360033.923359,0.0022804737091064453
122099,MVI_40871,668,0,1782360033.925293,0.001934051513671875
122100,MVI_40871,441,0,1782360033.927081,0.0017881393432617188
122101,MVI_40871,599,0,1782360033.9293637,0.0022826194763183594
122102,MVI_40871,368,0,1782360033.9312782,0.0019145011901855469
122103,MVI_40871,163,0,1782360033.9332118,0.0019335746765136719
122104,MVI_40871,366,0,1782360033.9352593,0.0020475387573242188
122105,MVI_40871,685,0,1782360033.9373872,0.0021278858184814453
122106,MVI_40871,328,0,1782360033.9390767,0.0016894340515136719
122107,MVI_40871,457,0,1782360033.9413598,0.0022830963134765625
122108,MVI_40871,773,0,1782360033.9432824,0.001922607421875
122109,MVI_40871,307,0,1782360033.9451993,0.0019168853759765625
122110,MVI_40871,282,0,1782360033.947065,0.0018658638000488281
122111,MVI_40871,730,0,1782360033.9493613,0.0022962093353271484
122112,MVI_40871,129,0,1782360033.9510772,0.0017158985137939453
122113,MVI_40871,625,0,1782360033.9533575,0.0022802352905273438
122114,MVI_40871,364,0,1782360033.9552794,0.0019218921661376953
122115,MVI_40871,97,0,1782360033.9571989,0.0019195079803466797
122116,MVI_40871,387,0,1782360033.9592426,0.0020437240600585938
122117,MVI_40871,780,0,1782360033.9613655,0.0021228790283203125
122118,MVI_40871,693,0,1782360033.9630787,0.0017132759094238281
122119,MVI_40871,275,0,1782360033.965365,0.002286195755004883
122120,MVI_40871,709,0,1782360033.9672756,0.0019106864929199219
122121,MVI_40871,462,0,1782360033.9692013,0.0019257068634033203
122122,MVI_40871,552,0,1782360033.9712477,0.002046346664428711
122123,MVI_40871,455,0,1782360033.9733634,0.0021157264709472656
122124,MVI_40871,478,0,1782360033.9750845,0.0017211437225341797
122125,MVI_40871,413,0,1782360033.9773605,0.0022759437561035156
122126,MVI_40871,196,0,1782360033.9792655,0.0019049644470214844
122127,MVI_40871,437,0,1782360033.9812005,0.0019350051879882812
122128,MVI_40871,56,0,1782360033.983065,0.0018644332885742188
122129,MVI_40871,768,0,1782360033.9853642,0.0022993087768554688
122130,MVI_40871,152,0,1782360033.9870782,0.0017139911651611328
122131,MVI_40871,766,0,1782360033.9893575,0.0022792816162109375
122132,MVI_40871,198,0,1782360033.9912715,0.0019140243530273438
122133,MVI_40871,769,0,1782360033.9931984,0.0019268989562988281
122134,MVI_40871,317,0,1782360033.9952478,0.0020494461059570312
122135,MVI_40871,48,0,1782360033.9974105,0.0021626949310302734
122136,MVI_40871,672,0,1782360033.9990773,0.0016667842864990234
122137,MVI_40871,767,0,1782360034.0011964,0.0021190643310546875
122138,MVI_40871,379,0,1782360034.0032632,0.0020668506622314453
122139,MVI_40871,106,0,1782360034.0051975,0.0019342899322509766
122140,MVI_40871,436,0,1782360034.0072432,0.0020456314086914062
122141,MVI_40871,640,0,1782360034.0093606,0.0021173954010009766
122142,MVI_40871,694,0,1782360034.0110798,0.0017192363739013672
122143,MVI_40871,25,0,1782360034.013359,0.0022792816162109375
122144,MVI_40871,699,0,1782360034.0152783,0.0019192695617675781
122145,MVI_40871,205,0,1782360034.017197,0.0019185543060302734
122146,MVI_40871,435,0,1782360034.0192444,0.0020475387573242188
122147,MVI_40871,68,0,1782360034.0213637,0.002119302749633789
122148,MVI_40871,367,0,1782360034.023079,0.0017151832580566406
122149,MVI_40871,245,0,1782360034.0253665,0.002287626266479492
122150,MVI_40871,156,0,1782360034.02713,0.0017633438110351562
122151,MVI_40871,149,0,1782360034.0291998,0.0020699501037597656
122152,MVI_40871,765,0,1782360034.031273,0.002073049545288086
122153,MVI_40871,43,0,1782360034.0333629,0.002089977264404297
122154,MVI_40871,631,0,1782360034.0350797,0.0017168521881103516
122155,MVI_40871,313,0,1782360034.0373647,0.002285003662109375
122156,MVI_40871,406,0,1782360034.0391285,0.0017638206481933594
122157,MVI_40871,417,0,1782360034.0411859,0.002057313919067383
122158,MVI_40871,541,0,1782360034.043041,0.0018551349639892578
122159,MVI_40871,617,0,1782360034.0453255,0.002284526824951172
122160,MVI_40871,349,0,1782360034.0470393,0.0017137527465820312
122161,MVI_40871,262,0,1782360034.0491943,0.0021550655364990234
122162,MVI_40871,564,0,1782360034.0511045,0.0019102096557617188
122163,MVI_40871,164,0,1782360034.0531836,0.002079010009765625
122164,MVI_40871,377,0,1782360034.0550826,0.0018990039825439453
122165,MVI_40871,35,0,1782360034.0572433,0.002160787582397461
122166,MVI_40871,577,0,1782360034.0590398,0.0017964839935302734
122167,MVI_40871,128,0,1782360034.061256,0.0022161006927490234
122168,MVI_40871,358,0,1782360034.0631027,0.0018467903137207031
122169,MVI_40871,319,0,1782360034.0651724,0.002069711685180664
122170,MVI_40871,797,0,1782360034.0670805,0.0019080638885498047
122171,MVI_40871,27,0,1782360034.0692008,0.0021202564239501953
122172,MVI_40871,525,0,1782360034.0710385,0.0018377304077148438
122173,MVI_40871,283,0,1782360034.0731936,0.0021550655364990234
122174,MVI_40871,559,0,1782360034.0751178,0.001924276351928711
122175,MVI_40871,758,0,1782360034.0771735,0.002055644989013672
122176,MVI_40871,168,0,1782360034.0790403,0.0018668174743652344
122177,MVI_40871,314,0,1782360034.0811973,0.002156972885131836
122178,MVI_40871,476,0,1782360034.083043,0.0018458366394042969
122179,MVI_40871,567,0,1782360034.0851076,0.0020644664764404297
122180,MVI_40871,801,0,1782360034.0871253,0.0020177364349365234
122181,MVI_40871,642,0,1782360034.0891628,0.002037525177001953
122182,MVI_40871,799,0,1782360034.09108,0.001917123794555664
122183,MVI_40871,322,0,1782360034.093219,0.0021390914916992188
122184,MVI_40871,344,0,1782360034.095037,0.001817941665649414
122185,MVI_40871,590,0,1782360034.0971928,0.002155780792236328
122186,MVI_40871,569,0,1782360034.099115,0.0019221305847167969
122187,MVI_40871,743,0,1782360034.1011589,0.0020439624786376953
122188,MVI_40871,394,0,1782360034.1030803,0.0019214153289794922
122189,MVI_40871,461,0,1782360034.1051977,0.0021173954010009766
122190,MVI_40871,565,0,1782360034.1070397,0.0018420219421386719
122191,MVI_40871,485,0,1782360034.109195,0.002155303955078125
122192,MVI_40871,320,0,1782360034.111163,0.001967906951904297
122193,MVI_40871,480,0,1782360034.1130955,0.0019326210021972656
122194,MVI_40871,537,0,1782360034.1150541,0.001958608627319336
122195,MVI_40871,498,0,1782360034.1172001,0.002146005630493164
122196,MVI_40871,36,0,1782360034.1191006,0.0019004344940185547
122197,MVI_40871,563,0,1782360034.1213486,0.002248048782348633
122198,MVI_40871,223,0,1782360034.1232815,0.0019328594207763672
122199,MVI_40871,532,0,1782360034.1252086,0.0019271373748779297
122200,MVI_40871,447,0,1782360034.127256,0.002047300338745117
122201,MVI_40871,774,0,1782360034.1293404,0.002084493637084961
122202,MVI_40871,513,0,1782360034.1311033,0.0017628669738769531
122203,MVI_40871,281,0,1782360034.1339982,0.002894878387451172
122204,MVI_40871,546,0,1782360034.1351016,0.0011034011840820312
122205,MVI_40871,415,0,1782360034.1373343,0.002232789993286133
122206,MVI_40871,472,0,1782360034.1390889,0.0017545223236083984
122207,MVI_40871,595,0,1782360034.1413257,0.0022368431091308594
122208,MVI_40871,63,0,1782360034.1430647,0.0017390251159667969
122209,MVI_40871,1,0,1782360034.1453488,0.0022840499877929688
122210,MVI_40871,794,0,1782360034.1472533,0.0019044876098632812
122211,MVI_40871,74,0,1782360034.149193,0.0019397735595703125
122212,MVI_40871,660,0,1782360034.151219,0.0020258426666259766
122213,MVI_40871,213,0,1782360034.1533396,0.0021207332611083984
122214,MVI_40871,666,0,1782360034.155073,0.0017333030700683594
122215,MVI_40871,815,0,1782360034.1573257,0.002252817153930664
122216,MVI_40871,301,0,1782360034.1592598,0.001934051513671875
122217,MVI_40871,96,0,1782360034.161199,0.0019392967224121094
122218,MVI_40871,835,0,1782360034.1632428,0.0020437240600585938
122219,MVI_40871,179,0,1782360034.1653323,0.0020895004272460938
122220,MVI_40871,199,0,1782360034.167064,0.0017316341400146484
122221,MVI_40871,148,0,1782360034.1693387,0.002274751663208008
122222,MVI_40871,522,0,1782360034.1713004,0.0019617080688476562
122223,MVI_40871,361,0,1782360034.1730642,0.0017638206481933594
122224,MVI_40871,781,0,1782360034.1753416,0.002277374267578125
122225,MVI_40871,576,0,1782360034.1772704,0.0019288063049316406
122226,MVI_40871,427,0,1782360034.1791756,0.001905202865600586
122227,MVI_40871,330,0,1782360034.1811807,0.0020051002502441406
122228,MVI_40871,65,0,1782360034.1831975,0.002016782760620117
122229,MVI_40871,160,0,1782360034.1850448,0.0018472671508789062
122230,MVI_40871,555,0,1782360034.1871634,0.0021185874938964844
122231,MVI_40871,434,0,1782360034.1891317,0.0019683837890625
122232,MVI_40871,656,0,1782360034.191157,0.0020253658294677734
122233,MVI_40871,764,0,1782360034.1930783,0.0019211769104003906
122234,MVI_40871,760,0,1782360034.195197,0.002118825912475586
122235,MVI_40871,512,0,1782360034.1970384,0.0018413066864013672
122236,MVI_40871,696,0,1782360034.1992426,0.0022041797637939453
122237,MVI_40871,346,0,1782360034.2011304,0.0018877983093261719
122238,MVI_40871,412,0,1782360034.203159,0.0020287036895751953
122239,MVI_40871,628,0,1782360034.2050824,0.0019233226776123047
122240,MVI_40871,210,0,1782360034.2071993,0.0021169185638427734
122241,MVI_40871,713,0,1782360034.2090428,0.0018434524536132812
122242,MVI_40871,238,0,1782360034.211193,0.002150297164916992
122243,MVI_40871,757,0,1782360034.2131102,0.001917123794555664
122244,MVI_40871,116,0,1782360034.215158,0.0020477771759033203
122245,MVI_40871,397,0,1782360034.217079,0.001920938491821289
122246,MVI_40871,233,0,1782360034.2191975,0.0021185874938964844
122247,MVI_40871,636,0,1782360034.2210426,0.0018451213836669922
122248,MVI_40871,15,0,1782360034.2231948,0.0021522045135498047
122249,MVI_40871,146,0,1782360034.2251055,0.0019106864929199219
122250,MVI_40871,21,0,1782360034.2271614,0.0020558834075927734
122251,MVI_40871,18,0,1782360034.2290795,0.0019180774688720703
122252,MVI_40871,20,0,1782360034.2311969,0.0021173954010009766
122253,MVI_40871,315,0,1782360034.2330368,0.0018398761749267578
122254,MVI_40871,677,0,1782360034.2351935,0.0021567344665527344
122255,MVI_40871,8,0,1782360034.237123,0.0019295215606689453
122256,MVI_40871,277,0,1782360034.2391603,0.0020372867584228516
122257,MVI_40871,298,0,1782360034.2410798,0.0019195079803466797
122258,MVI_40871,219,0,1782360034.243198,0.0021181106567382812
122259,MVI_40871,203,0,1782360034.2450376,0.0018396377563476562
122260,MVI_40871,717,0,1782360034.2471938,0.0021562576293945312
122261,MVI_40871,464,0,1782360034.2491117,0.0019178390502929688
122262,MVI_40871,396,0,1782360034.251157,0.0020453929901123047
122263,MVI_40871,568,0,1782360034.2530832,0.0019261837005615234
122264,MVI_40871,688,0,1782360034.255195,0.002111673355102539
122265,MVI_40871,533,0,1782360034.2570388,0.0018439292907714844
122266,MVI_40871,228,0,1782360034.2591913,0.0021524429321289062
122267,MVI_40871,723,0,1782360034.261101,0.0019097328186035156
122268,MVI_40871,50,0,1782360034.2631583,0.002057313919067383
122269,MVI_40871,433,0,1782360034.265081,0.001922607421875
122270,MVI_40871,421,0,1782360034.2671964,0.002115488052368164
122271,MVI_40871,248,0,1782360034.269199,0.0020024776458740234
122272,MVI_40871,845,0,1782360034.2711132,0.0019142627716064453
122273,MVI_40871,157,0,1782360034.2731829,0.002069711685180664
122274,MVI_40871,806,0,1782360034.2750225,0.0018396377563476562
122275,MVI_40871,61,0,1782360034.277185,0.002162456512451172
122276,MVI_40871,202,0,1782360034.2791047,0.0019197463989257812
122277,MVI_40871,0,0,1782360034.2811558,0.002051115036010742
122278,MVI_40871,79,0,1782360034.2830577,0.001901865005493164
122279,MVI_40871,492,0,1782360034.2851799,0.002122163772583008
122280,MVI_40871,408,0,1782360034.28703,0.001850128173828125
122281,MVI_40871,749,0,1782360034.289172,0.0021419525146484375
122282,MVI_40871,376,0,1782360034.291077,0.0019049644470214844
122283,MVI_40871,511,0,1782360034.2931776,0.002100706100463867
122284,MVI_40871,787,0,1782360034.295057,0.0018794536590576172
122285,MVI_40871,671,0,1782360034.2971785,0.002121448516845703
122286,MVI_40871,187,0,1782360034.2990253,0.0018467903137207031
122287,MVI_40871,724,0,1782360034.3011737,0.0021483898162841797
122288,MVI_40871,593,0,1782360034.3030772,0.001903533935546875
122289,MVI_40871,88,0,1782360034.3051596,0.002082347869873047
122290,MVI_40871,581,0,1782360034.3070571,0.001897573471069336
122291,MVI_40871,578,0,1782360034.309178,0.0021209716796875
122292,MVI_40871,101,0,1782360034.3110313,0.0018532276153564453
122293,MVI_40871,571,0,1782360034.313169,0.0021376609802246094
122294,MVI_40871,259,0,1782360034.3150737,0.0019047260284423828
122295,MVI_40871,849,0,1782360034.3171682,0.0020945072174072266
122296,MVI_40871,793,0,1782360034.3190558,0.0018875598907470703
122297,MVI_40871,695,0,1782360034.3211782,0.0021224021911621094
122298,MVI_40871,535,0,1782360034.3230236,0.0018453598022460938
122299,MVI_40871,514,0,1782360034.3251715,0.0021479129791259766
122300,MVI_40871,750,0,1782360034.3271115,0.001940011978149414
122301,MVI_40871,520,0,1782360034.329154,0.002042531967163086
122302,MVI_40871,734,0,1782360034.3311732,0.002019166946411133
122303,MVI_40871,303,0,1782360034.3330786,0.0019054412841796875
122304,MVI_40871,243,0,1782360034.3351543,0.002075672149658203
122305,MVI_40871,506,0,1782360034.3371735,0.002019166946411133
122306,MVI_40871,350,0,1782360034.3391066,0.0019330978393554688
122307,MVI_40871,733,0,1782360034.3411577,0.002051115036010742
122308,MVI_40871,22,0,1782360034.3430586,0.0019009113311767578
122309,MVI_40871,635,0,1782360034.3451784,0.002119779586791992
122310,MVI_40871,735,0,1782360034.3470228,0.0018444061279296875
122311,MVI_40871,840,0,1782360034.3494482,0.0024254322052001953
122312,MVI_40871,389,0,1782360034.3510532,0.0016050338745117188
122313,MVI_40871,133,0,1782360034.3530028,0.0019495487213134766
122314,MVI_40871,720,0,1782360034.3551474,0.0021445751190185547
122315,MVI_40871,679,0,1782360034.3569934,0.0018460750579833984
122316,MVI_40871,580,0,1782360034.3589585,0.001965045928955078
122317,MVI_40871,788,0,1782360034.3609998,0.002041339874267578
122318,MVI_40871,66,0,1782360034.3629944,0.001994609832763672
122319,MVI_40871,456,0,1782360034.364964,0.001969575881958008
122320,MVI_40871,657,0,1782360034.367009,0.0020449161529541016
122321,MVI_40871,137,0,1782360034.3689783,0.0019693374633789062
122322,MVI_40871,805,0,1782360034.3709579,0.0019795894622802734
122323,MVI_40871,28,0,1782360034.3729982,0.002040386199951172
122324,MVI_40871,270,0,1782360034.3749843,0.0019860267639160156
122325,MVI_40871,53,0,1782360034.3769555,0.0019712448120117188
122326,MVI_40871,822,0,1782360034.3789976,0.002042055130004883
122327,MVI_40871,574,0,1782360034.380984,0.0019865036010742188
122328,MVI_40871,486,0,1782360034.3829656,0.001981496810913086
122329,MVI_40871,241,0,1782360034.3850236,0.0020580291748046875
122330,MVI_40871,348,0,1782360034.3869832,0.001959562301635742
122331,MVI_40871,385,0,1782360034.3889518,0.0019686222076416016
122332,MVI_40871,775,0,1782360034.3910143,0.002062559127807617
122333,MVI_40871,655,0,1782360034.3929796,0.0019652843475341797
122334,MVI_40871,144,0,1782360034.3949535,0.001973867416381836
122335,MVI_40871,6,0,1782360034.3969955,0.002042055130004883
122336,MVI_40871,286,0,1782360034.3989758,0.001980304718017578
122337,MVI_40871,200,0,1782360034.4009597,0.0019838809967041016
122338,MVI_40871,432,0,1782360034.4030204,0.0020606517791748047
122339,MVI_40871,753,0,1782360034.4049914,0.001971006393432617
122340,MVI_40871,680,0,1782360034.4069536,0.0019621849060058594
122341,MVI_40871,250,0,1782360034.4089994,0.002045869827270508
122342,MVI_40871,579,0,1782360034.4109797,0.001980304718017578
122343,MVI_40871,607,0,1782360034.412958,0.001978158950805664
122344,MVI_40871,113,0,1782360034.4150112,0.0020532608032226562
122345,MVI_40871,9,0,1782360034.416982,0.0019707679748535156
122346,MVI_40871,714,0,1782360034.418962,0.0019800662994384766
122347,MVI_40871,295,0,1782360034.4210248,0.0020627975463867188
122348,MVI_40871,673,0,1782360034.4229898,0.001965045928955078
122349,MVI_40871,676,0,1782360034.425022,0.002032041549682617
122350,MVI_40871,846,0,1782360034.4270535,0.002031564712524414
122351,MVI_40871,108,0,1782360034.4298272,0.002773761749267578
122352,MVI_40871,711,0,1782360034.4310908,0.0012636184692382812
122353,MVI_40871,454,0,1782360034.4333644,0.0022735595703125
122354,MVI_40871,481,0,1782360034.4351895,0.001825094223022461
122355,MVI_40871,777,0,1782360034.4371946,0.0020051002502441406
122356,MVI_40871,310,0,1782360034.4390872,0.0018925666809082031
122357,MVI_40871,175,0,1782360034.441366,0.0022788047790527344
122358,MVI_40871,790,0,1782360034.4430847,0.001718759536743164
122359,MVI_40871,795,0,1782360034.4453602,0.0022754669189453125
122360,MVI_40871,13,0,1782360034.447191,0.0018308162689208984
122361,MVI_40871,754,0,1782360034.4491928,0.0020017623901367188
122362,MVI_40871,75,0,1782360034.4510777,0.0018849372863769531
122363,MVI_40871,378,0,1782360034.4533641,0.0022864341735839844
122364,MVI_40871,690,0,1782360034.4550781,0.0017139911651611328
122365,MVI_40871,650,0,1782360034.4573617,0.0022835731506347656
122366,MVI_40871,311,0,1782360034.4591565,0.0017948150634765625
122367,MVI_40871,352,0,1782360034.461198,0.0020415782928466797
122368,MVI_40871,254,0,1782360034.4632475,0.0020494461059570312
122369,MVI_40871,278,0,1782360034.4653654,0.0021178722381591797
122370,MVI_40871,331,0,1782360034.4670794,0.0017139911651611328
122371,MVI_40871,458,0,1782360034.4693544,0.0022749900817871094
122372,MVI_40871,165,0,1782360034.4711847,0.0018303394317626953
122373,MVI_40871,521,0,1782360034.473193,0.002008199691772461
122374,MVI_40871,380,0,1782360034.4752383,0.0020453929901123047
122375,MVI_40871,280,0,1782360034.4773662,0.0021278858184814453
122376,MVI_40871,299,0,1782360034.4790792,0.0017130374908447266
122377,MVI_40871,783,0,1782360034.4813576,0.0022783279418945312
122378,MVI_40871,400,0,1782360034.4832838,0.0019261837005615234
122379,MVI_40871,782,0,1782360034.485201,0.001917123794555664
122380,MVI_40871,430,0,1782360034.4872468,0.002045869827270508
122381,MVI_40871,446,0,1782360034.4893715,0.002124786376953125
122382,MVI_40871,359,0,1782360034.4911025,0.0017309188842773438
122383,MVI_40871,551,0,1782360034.4933712,0.0022687911987304688
122384,MVI_40871,269,0,1782360034.4952652,0.0018939971923828125
122385,MVI_40871,369,0,1782360034.4972122,0.0019469261169433594
122386,MVI_40871,829,0,1782360034.499287,0.002074718475341797
122387,MVI_40871,572,0,1782360034.5013704,0.0020835399627685547
122388,MVI_40871,641,0,1782360034.5031033,0.0017328262329101562
122389,MVI_40871,60,0,1782360034.5053651,0.0022618770599365234
122390,MVI_40871,288,0,1782360034.5073097,0.0019445419311523438
122391,MVI_40871,95,0,1782360034.509207,0.0018973350524902344
122392,MVI_40871,604,0,1782360034.5112748,0.0020678043365478516
122393,MVI_40871,526,0,1782360034.5133646,0.0020897388458251953
122394,MVI_40871,10,0,1782360034.5151043,0.0017397403717041016
122395,MVI_40871,125,0,1782360034.5173802,0.0022759437561035156
122396,MVI_40871,94,0,1782360034.519271,0.0018906593322753906
122397,MVI_40871,176,0,1782360034.5212314,0.0019605159759521484
122398,MVI_40871,515,0,1782360034.5232713,0.0020399093627929688
122399,MVI_40871,560,0,1782360034.5253987,0.002127408981323242
122400,MVI_40871,742,0,1782360034.5270867,0.0016880035400390625
122401,MVI_40871,131,0,1782360034.5293856,0.0022988319396972656
122402,MVI_40871,662,0,1782360034.531258,0.0018725395202636719
122403,MVI_40871,770,0,1782360034.5332158,0.0019576549530029297
122404,MVI_40871,639,0,1782360034.5350778,0.0018620491027832031
122405,MVI_40871,293,0,1782360034.537381,0.0023031234741210938
122406,MVI_40871,731,0,1782360034.539088,0.0017070770263671875
122407,MVI_40871,32,0,1782360034.5413857,0.002297639846801758
122408,MVI_40871,534,0,1782360034.543463,0.002077341079711914
122409,MVI_40871,665,0,1782360034.5457344,0.002271413803100586
122410,MVI_40871,833,0,1782360034.5477657,0.0020313262939453125
122411,MVI_40871,814,0,1782360034.5495782,0.0018124580383300781
122412,MVI_40871,603,0,1782360034.5517337,0.0021555423736572266
122413,MVI_40871,763,0,1782360034.554067,0.0023331642150878906
122414,MVI_40871,323,0,1782360034.555827,0.0017600059509277344
122415,MVI_40871,122,0,1782360034.5577705,0.0019435882568359375
122416,MVI_40871,236,0,1782360034.5594714,0.0017008781433105469
122417,MVI_40871,264,0,1782360034.5613868,0.0019154548645019531
122418,MVI_40871,147,0,1782360034.5638409,0.002454042434692383
122419,MVI_40871,98,0,1782360034.5656815,0.0018405914306640625
122420,MVI_40871,440,0,1782360034.5675159,0.0018343925476074219
122421,MVI_40871,268,0,1782360034.5693505,0.0018346309661865234
122422,MVI_40871,664,0,1782360034.5715125,0.0021619796752929688
122423,MVI_40871,426,0,1782360034.573352,0.0018396377563476562
122424,MVI_40871,444,0,1782360034.5754037,0.0020515918731689453
122425,MVI_40871,201,0,1782360034.5774846,0.0020809173583984375
122426,MVI_40871,519,0,1782360034.579338,0.0018534660339355469
122427,MVI_40871,609,0,1782360034.5814054,0.0020673274993896484
122428,MVI_40871,562,0,1782360034.584056,0.0026504993438720703
122429,MVI_40871,411,0,1782360034.5858054,0.0017495155334472656
122430,MVI_40871,188,0,1782360034.587868,0.002062559127807617
122431,MVI_40871,159,0,1782360034.590031,0.002162933349609375
122432,MVI_40871,445,0,1782360034.591736,0.001705169677734375
122433,MVI_40871,776,0,1782360034.5938416,0.0021054744720458984
122434,MVI_40871,613,0,1782360034.5950859,0.0012443065643310547
122435,MVI_40871,496,0,1782360034.597413,0.0023272037506103516
122436,MVI_40871,220,0,1782360034.5990987,0.0016856193542480469
122437,MVI_40871,287,0,1782360034.6020432,0.002944469451904297
122438,MVI_40871,494,0,1782360034.603829,0.0017857551574707031
122439,MVI_40871,510,0,1782360034.6052055,0.0013766288757324219
122440,MVI_40871,4,0,1782360034.607461,0.0022554397583007812
122441,MVI_40871,500,0,1782360034.6094315,0.001970529556274414
122442,MVI_40871,284,0,1782360034.6119604,0.0025289058685302734
122443,MVI_40871,632,0,1782360034.6136796,0.0017192363739013672
122444,MVI_40871,484,0,1782360034.6156118,0.0019321441650390625
122445,MVI_40871,2,0,1782360034.6177433,0.0021314620971679688
122446,MVI_40871,141,0,1782360034.619569,0.0018258094787597656
122447,MVI_40871,549,0,1782360034.6216328,0.002063751220703125
122448,MVI_40871,326,0,1782360034.6233065,0.0016736984252929688
122449,MVI_40871,123,0,1782360034.6252868,0.001980304718017578
122450,MVI_40871,686,0,1782360034.6274116,0.002124786376953125
122451,MVI_40871,127,0,1782360034.629777,0.0023653507232666016
122452,MVI_40871,222,0,1782360034.6323392,0.002562284469604492
122453,MVI_40871,276,0,1782360034.633073,0.0007338523864746094
122454,MVI_40871,82,0,1782360034.6356225,0.002549409866333008
122455,MVI_40871,327,0,1782360034.6374247,0.001802206039428711
122456,MVI_40871,217,0,1782360034.6397092,0.002284526824951172
122457,MVI_40871,72,0,1782360034.6410143,0.0013051033020019531
122458,MVI_40871,727,0,1782360034.6434424,0.0024280548095703125
122459,MVI_40871,107,0,1782360034.6453156,0.0018732547760009766
122460,MVI_40871,803,0,1782360034.6473093,0.0019936561584472656
122461,MVI_40871,92,0,1782360034.6493616,0.00205230712890625
122462,MVI_40871,26,0,1782360034.6517231,0.0023615360260009766
122463,MVI_40871,830,0,1782360034.6530173,0.0012941360473632812
122464,MVI_40871,221,0,1782360034.6560473,0.003030061721801758
122465,MVI_40871,736,0,1782360034.6577542,0.001706838607788086
122466,MVI_40871,509,0,1782360034.66005,0.0022957324981689453
122467,MVI_40871,29,0,1782360034.6617506,0.0017006397247314453
122468,MVI_40871,728,0,1782360034.663472,0.0017213821411132812
122469,MVI_40871,808,0,1782360034.665366,0.0018939971923828125
122470,MVI_40871,341,0,1782360034.667501,0.002135038375854492
122471,MVI_40871,214,0,1782360034.6693838,0.001882791519165039
122472,MVI_40871,543,0,1782360034.6715295,0.0021457672119140625
122473,MVI_40871,161,0,1782360034.6734781,0.0019485950469970703
122474,MVI_40871,204,0,1782360034.6753614,0.0018832683563232422
122475,MVI_40871,837,0,1782360034.677414,0.0020525455474853516
122476,MVI_40871,538,0,1782360034.6794708,0.0020568370819091797
122477,MVI_40871,646,0,1782360034.681371,0.0019001960754394531
122478,MVI_40871,230,0,1782360034.6833482,0.001977205276489258
122479,MVI_40871,503,0,1782360034.6854815,0.0021333694458007812
122480,MVI_40871,266,0,1782360034.687413,0.0019314289093017578
122481,MVI_40871,186,0,1782360034.689771,0.002357959747314453
122482,MVI_40871,585,0,1782360034.6920555,0.002284526824951172
122483,MVI_40871,399,0,1782360034.6938226,0.0017671585083007812
122484,MVI_40871,493,0,1782360034.6957183,0.0018956661224365234
122485,MVI_40871,3,0,1782360034.6974747,0.001756429672241211
122486,MVI_40871,443,0,1782360034.6993542,0.0018794536590576172
122487,MVI_40871,575,0,1782360034.701374,0.0020198822021484375
122488,MVI_40871,272,0,1782360034.7035096,0.0021355152130126953
122489,MVI_40871,207,0,1782360034.70539,0.0018804073333740234
122490,MVI_40871,507,0,1782360034.707288,0.001898050308227539
122491,MVI_40871,294,0,1782360034.7095008,0.0022127628326416016
122492,MVI_40871,740,0,1782360034.7114272,0.001926422119140625
122493,MVI_40871,737,0,1782360034.7133656,0.0019383430480957031
122494,MVI_40871,258,0,1782360034.7154453,0.0020797252655029297
122495,MVI_40871,345,0,1782360034.7172687,0.00182342529296875
122496,MVI_40871,491,0,1782360034.7193234,0.0020546913146972656
122497,MVI_40871,804,0,1782360034.7214391,0.0021157264709472656
122498,MVI_40871,166,0,1782360034.7233038,0.0018646717071533203
122499,MVI_40871,602,0,1782360034.7253947,0.002090930938720703
122500,MVI_40871,482,0,1782360034.727413,0.0020182132720947266
122501,MVI_40871,745,0,1782360034.7293687,0.001955747604370117
122502,MVI_40871,726,0,1782360034.731305,0.001936197280883789
122503,MVI_40871,333,0,1782360034.7333465,0.0020415782928466797
122504,MVI_40871,305,0,1782360034.7353618,0.002015352249145508
122505,MVI_40871,544,0,1782360034.7373083,0.0019464492797851562
122506,MVI_40871,158,0,1782360034.7397196,0.002411365509033203
122507,MVI_40871,828,0,1782360034.7414408,0.0017211437225341797
122508,MVI_40871,824,0,1782360034.7431822,0.0017414093017578125
122509,MVI_40871,554,0,1782360034.7457416,0.0025594234466552734
122510,MVI_40871,261,0,1782360034.7478385,0.002096891403198242
122511,MVI_40871,716,0,1782360034.75006,0.0022215843200683594
122512,MVI_40871,452,0,1782360034.7510517,0.0009915828704833984
122513,MVI_40871,654,0,1782360034.7535183,0.0024666786193847656
122514,MVI_40871,174,0,1782360034.7557585,0.0022401809692382812
122515,MVI_40871,45,0,1782360034.758077,0.0023183822631835938
122516,MVI_40871,451,0,1782360034.7598207,0.0017437934875488281
122517,MVI_40871,244,0,1782360034.7618787,0.0020580291748046875
122518,MVI_40871,73,0,1782360034.7637773,0.0018985271453857422
122519,MVI_40871,31,0,1782360034.7654757,0.0016984939575195312
122520,MVI_40871,42,0,1782360034.7673955,0.0019197463989257812
122521,MVI_40871,135,0,1782360034.769509,0.0021135807037353516
122522,MVI_40871,365,0,1782360034.771123,0.0016138553619384766
122523,MVI_40871,425,0,1782360034.7737055,0.002582550048828125
122524,MVI_40871,518,0,1782360034.7754726,0.0017671585083007812
122525,MVI_40871,836,0,1782360034.7773843,0.0019116401672363281
122526,MVI_40871,383,0,1782360034.7797232,0.002338886260986328
122527,MVI_40871,142,0,1782360034.7814622,0.0017390251159667969
122528,MVI_40871,608,0,1782360034.783242,0.001779794692993164
122529,MVI_40871,428,0,1782360034.7857516,0.002509593963623047
122530,MVI_40871,813,0,1782360034.7881887,0.002437114715576172
122531,MVI_40871,308,0,1782360034.7890844,0.0008957386016845703
122532,MVI_40871,374,0,1782360034.7921035,0.003019094467163086
122533,MVI_40871,235,0,1782360034.793075,0.0009715557098388672
122534,MVI_40871,438,0,1782360034.7956326,0.002557516098022461
122535,MVI_40871,420,0,1782360034.7976277,0.001995086669921875
122536,MVI_40871,37,0,1782360034.7993927,0.0017650127410888672
122537,MVI_40871,516,0,1782360034.8012373,0.001844644546508789
122538,MVI_40871,285,0,1782360034.8033884,0.002151012420654297
122539,MVI_40871,466,0,1782360034.805514,0.0021257400512695312
122540,MVI_40871,702,0,1782360034.8073876,0.0018734931945800781
122541,MVI_40871,381,0,1782360034.8094077,0.002020120620727539
122542,MVI_40871,7,0,1782360034.8114736,0.002065896987915039
122543,MVI_40871,475,0,1782360034.8133824,0.0019087791442871094
122544,MVI_40871,789,0,1782360034.8156192,0.0022368431091308594
122545,MVI_40871,190,0,1782360034.8174863,0.001867055892944336
122546,MVI_40871,178,0,1782360034.8193834,0.0018970966339111328
122547,MVI_40871,143,0,1782360034.8213186,0.0019352436065673828
122548,MVI_40871,566,0,1782360034.823338,0.0020194053649902344
122549,MVI_40871,715,0,1782360034.8253655,0.0020275115966796875
122550,MVI_40871,215,0,1782360034.827419,0.002053499221801758
122551,MVI_40871,796,0,1782360034.8294947,0.002075672149658203
122552,MVI_40871,395,0,1782360034.831344,0.0018491744995117188
122553,MVI_40871,610,0,1782360034.833444,0.002100229263305664
122554,MVI_40871,249,0,1782360034.8354838,0.002039670944213867
122555,MVI_40871,55,0,1782360034.8373966,0.001912832260131836
122556,MVI_40871,682,0,1782360034.8397431,0.002346515655517578
122557,MVI_40871,424,0,1782360034.84207,0.00232696533203125
122558,MVI_40871,162,0,1782360034.843835,0.0017650127410888672
122559,MVI_40871,652,0,1782360034.8458762,0.0020411014556884766
122560,MVI_40871,256,0,1782360034.8477545,0.0018782615661621094
122561,MVI_40871,316,0,1782360034.8494756,0.0017211437225341797
122562,MVI_40871,703,0,1782360034.8514748,0.0019991397857666016
122563,MVI_40871,681,0,1782360034.8534818,0.002007007598876953
122564,MVI_40871,39,0,1782360034.8553777,0.001895904541015625
122565,MVI_40871,701,0,1782360034.8574014,0.0020236968994140625
122566,MVI_40871,584,0,1782360034.8594296,0.002028226852416992
122567,MVI_40871,605,0,1782360034.8613787,0.0019490718841552734
122568,MVI_40871,181,0,1782360034.8631155,0.0017368793487548828
122569,MVI_40871,302,0,1782360034.8655245,0.0024089813232421875
122570,MVI_40871,548,0,1782360034.8673468,0.0018222332000732422
122571,MVI_40871,798,0,1782360034.869266,0.0019192695617675781
122572,MVI_40871,820,0,1782360034.8713508,0.0020847320556640625
122573,MVI_40871,675,0,1782360034.8732853,0.0019345283508300781
122574,MVI_40871,83,0,1782360034.8754256,0.0021402835845947266
122575,MVI_40871,744,0,1782360034.8772902,0.0018646717071533203
122576,MVI_40871,110,0,1782360034.879496,0.0022058486938476562
122577,MVI_40871,539,0,1782360034.8813274,0.0018312931060791016
122578,MVI_40871,242,0,1782360034.8833406,0.0020132064819335938
122579,MVI_40871,791,0,1782360034.8853695,0.002028942108154297
122580,MVI_40871,761,0,1782360034.8873026,0.0019330978393554688
122581,MVI_40871,62,0,1782360034.8893185,0.002015829086303711
122582,MVI_40871,12,0,1782360034.8917298,0.002411365509033203
122583,MVI_40871,296,0,1782360034.8938732,0.002143383026123047
122584,MVI_40871,14,0,1782360034.8957028,0.0018296241760253906
122585,MVI_40871,762,0,1782360034.897796,0.002093076705932617
122586,MVI_40871,297,0,1782360034.9000092,0.0022132396697998047
122587,MVI_40871,450,0,1782360034.902069,0.0020599365234375
122588,MVI_40871,624,0,1782360034.9038258,0.0017566680908203125
122589,MVI_40871,232,0,1782360034.9059033,0.0020775794982910156
122590,MVI_40871,414,0,1782360034.9080238,0.002120494842529297
122591,MVI_40871,527,0,1782360034.9097774,0.0017535686492919922
122592,MVI_40871,419,0,1782360034.9118865,0.002109050750732422
122593,MVI_40871,707,0,1782360034.9140346,0.002148151397705078
122594,MVI_40871,811,0,1782360034.91575,0.0017154216766357422
122595,MVI_40871,784,0,1782360034.9178412,0.0020911693572998047
122596,MVI_40871,360,0,1782360034.9200532,0.002212047576904297
122597,MVI_40871,816,0,1782360034.921842,0.0017888545989990234
122598,MVI_40871,729,0,1782360034.9238136,0.0019714832305908203
122599,MVI_40871,54,0,1782360034.9257913,0.001977682113647461
122600,MVI_40871,422,0,1782360034.9278774,0.002086162567138672
122601,MVI_40871,392,0,1782360034.930543,0.0026655197143554688
122602,MVI_40871,800,0,1782360034.9311168,0.0005738735198974609
122603,MVI_40871,542,0,1782360034.933311,0.0021941661834716797
122604,MVI_40871,370,0,1782360034.935343,0.002032041549682617
122605,MVI_40871,371,0,1782360034.937318,0.0019750595092773438
122606,MVI_40871,362,0,1782360034.939321,0.0020029544830322266
122607,MVI_40871,691,0,1782360034.9413128,0.001991748809814453
122608,MVI_40871,343,0,1782360034.9433737,0.0020608901977539062
122609,MVI_40871,246,0,1782360034.9452426,0.0018689632415771484
122610,MVI_40871,528,0,1782360034.9473035,0.0020608901977539062
122611,MVI_40871,467,0,1782360034.9493144,0.002010822296142578
122612,MVI_40871,759,0,1782360034.951315,0.002000570297241211
122613,MVI_40871,91,0,1782360034.953365,0.002050161361694336
122614,MVI_40871,192,0,1782360034.9553452,0.0019800662994384766
122615,MVI_40871,561,0,1782360034.9573689,0.0020236968994140625
122616,MVI_40871,653,0,1782360034.9593403,0.0019714832305908203
122617,MVI_40871,121,0,1782360034.961425,0.0020847320556640625
122618,MVI_40871,139,0,1782360034.9633687,0.0019435882568359375
122619,MVI_40871,354,0,1782360034.9653153,0.0019466876983642578
122620,MVI_40871,812,0,1782360034.9673455,0.0020301342010498047
122621,MVI_40871,251,0,1782360034.9693506,0.0020051002502441406
122622,MVI_40871,357,0,1782360034.971201,0.0018503665924072266
122623,MVI_40871,831,0,1782360034.973217,0.0020160675048828125
122624,MVI_40871,171,0,1782360034.9754536,0.002236604690551758
122625,MVI_40871,545,0,1782360034.9773827,0.0019290447235107422
122626,MVI_40871,391,0,1782360034.9794805,0.0020978450775146484
122627,MVI_40871,274,0,1782360034.9813879,0.0019073486328125
122628,MVI_40871,678,0,1782360034.9833193,0.0019314289093017578
122629,MVI_40871,318,0,1782360034.9854648,0.002145528793334961
122630,MVI_40871,779,0,1782360034.9873452,0.0018804073333740234
122631,MVI_40871,785,0,1782360034.989406,0.0020608901977539062
122632,MVI_40871,102,0,1782360034.9914877,0.002081632614135742
122633,MVI_40871,483,0,1782360034.993379,0.0018913745880126953
122634,MVI_40871,90,0,1782360034.9953635,0.0019843578338623047
122635,MVI_40871,153,0,1782360034.9973452,0.0019817352294921875
122636,MVI_40871,150,0,1782360034.9993834,0.002038240432739258
122637,MVI_40871,184,0,1782360035.0013797,0.001996278762817383
122638,MVI_40871,355,0,1782360035.0040796,0.0026998519897460938
122639,MVI_40871,87,0,1782360035.0058606,0.0017809867858886719
122640,MVI_40871,570,0,1782360035.0078292,0.0019686222076416016
122641,MVI_40871,614,0,1782360035.0100753,0.0022461414337158203
122642,MVI_40871,644,0,1782360035.0118525,0.0017771720886230469
122643,MVI_40871,583,0,1782360035.0137296,0.0018770694732666016
122644,MVI_40871,208,0,1782360035.016076,0.002346515655517578
122645,MVI_40871,138,0,1782360035.017932,0.0018558502197265625
122646,MVI_40871,49,0,1782360035.019773,0.0018410682678222656
122647,MVI_40871,810,0,1782360035.0219026,0.0021295547485351562
122648,MVI_40871,173,0,1782360035.0237677,0.0018651485443115234
122649,MVI_40871,647,0,1782360035.0258672,0.0020995140075683594
122650,MVI_40871,621,0,1782360035.027886,0.0020186901092529297
122651,MVI_40871,501,0,1782360035.0291502,0.001264333724975586
122652,MVI_40871,247,0,1782360035.0314693,0.0023190975189208984
122653,MVI_40871,134,0,1782360035.0333772,0.0019078254699707031
122654,MVI_40871,643,0,1782360035.0352492,0.0018720626831054688
122655,MVI_40871,126,0,1782360035.0373752,0.002125978469848633
122656,MVI_40871,71,0,1782360035.0393622,0.001986980438232422
122657,MVI_40871,24,0,1782360035.0413492,0.001986980438232422
122658,MVI_40871,33,0,1782360035.0433471,0.0019979476928710938
122659,MVI_40871,517,0,1782360035.0453775,0.0020303726196289062
122660,MVI_40871,324,0,1782360035.0473106,0.0019330978393554688
122661,MVI_40871,231,0,1782360035.049318,0.0020074844360351562
122662,MVI_40871,372,0,1782360035.051345,0.0020270347595214844
122663,MVI_40871,470,0,1782360035.0532699,0.001924753189086914
122664,MVI_40871,587,0,1782360035.0550315,0.0017616748809814453
122665,MVI_40871,719,0,1782360035.057223,0.0021915435791015625
122666,MVI_40871,86,0,1782360035.0592697,0.0020465850830078125
122667,MVI_40871,255,0,1782360035.0612,0.00193023681640625
122668,MVI_40871,540,0,1782360035.0632126,0.0020127296447753906
122669,MVI_40871,557,0,1782360069.6783895,0.0
122670,MVI_40871,639,0,1782360069.6803858,0.001996278762817383
122671,MVI_40871,759,0,1782360069.68232,0.0019342899322509766
122672,MVI_40871,456,0,1782360069.6843154,0.0019953250885009766
122673,MVI_40871,496,0,1782360069.6862311,0.0019156932830810547
122674,MVI_40871,589,0,1782360069.6882892,0.0020580291748046875
122675,MVI_40871,602,0,1782360069.6902614,0.001972198486328125
122676,MVI_40871,583,0,1782360069.6922917,0.0020303726196289062
122677,MVI_40871,714,0,1782360069.6945395,0.0022478103637695312
122678,MVI_40871,840,0,1782360069.696301,0.0017614364624023438
122679,MVI_40871,160,0,1782360069.6983364,0.002035379409790039
122680,MVI_40871,185,0,1782360069.700347,0.0020105838775634766
122681,MVI_40871,608,0,1782360069.7022612,0.0019142627716064453
122682,MVI_40871,156,0,1782360069.7042608,0.0019996166229248047
122683,MVI_40871,782,0,1782360069.7062674,0.00200653076171875
122684,MVI_40871,420,0,1782360069.708281,0.002013683319091797
122685,MVI_40871,429,0,1782360069.7103024,0.002021312713623047
122686,MVI_40871,444,0,1782360069.7123194,0.0020170211791992188
122687,MVI_40871,508,0,1782360069.7143176,0.0019981861114501953
122688,MVI_40871,812,0,1782360069.7162712,0.001953601837158203
122689,MVI_40871,190,0,1782360069.7183075,0.0020363330841064453
122690,MVI_40871,673,0,1782360069.720317,0.0020093917846679688
122691,MVI_40871,476,0,1782360069.7223232,0.0020062923431396484
122692,MVI_40871,666,0,1782360069.7242963,0.0019731521606445312
122693,MVI_40871,299,0,1782360069.7263007,0.002004384994506836
122694,MVI_40871,35,0,1782360069.728315,0.0020143985748291016
122695,MVI_40871,114,0,1782360069.730289,0.001973867416381836
122696,MVI_40871,728,0,1782360069.732298,0.0020089149475097656
122697,MVI_40871,517,0,1782360069.7343118,0.0020139217376708984
122698,MVI_40871,485,0,1782360069.736264,0.0019521713256835938
122699,MVI_40871,568,0,1782360069.7382953,0.0020313262939453125
122700,MVI_40871,101,0,1782360069.740318,0.0020227432250976562
122701,MVI_40871,410,0,1782360069.7422554,0.0019373893737792969
122702,MVI_40871,46,0,1782360069.744312,0.002056598663330078
122703,MVI_40871,187,0,1782360069.746312,0.0019998550415039062
122704,MVI_40871,73,0,1782360069.7482932,0.0019812583923339844
122705,MVI_40871,67,0,1782360069.7503033,0.0020101070404052734
122706,MVI_40871,260,0,1782360069.7523274,0.0020241737365722656
122707,MVI_40871,710,0,1782360069.7542524,0.0019249916076660156
122708,MVI_40871,368,0,1782360069.7562985,0.0020461082458496094
122709,MVI_40871,240,0,1782360069.7583203,0.00202178955078125
122710,MVI_40871,457,0,1782360069.7602894,0.0019690990447998047
122711,MVI_40871,682,0,1782360069.7622802,0.001990795135498047
122712,MVI_40871,316,0,1782360069.7643344,0.0020542144775390625
122713,MVI_40871,109,0,1782360069.7662897,0.001955270767211914
122714,MVI_40871,633,0,1782360069.7683053,0.0020155906677246094
122715,MVI_40871,372,0,1782360069.770343,0.0020377635955810547
122716,MVI_40871,70,0,1782360069.7723024,0.0019593238830566406
122717,MVI_40871,145,0,1782360069.774323,0.002020597457885742
122718,MVI_40871,65,0,1782360069.7763147,0.001991748809814453
122719,MVI_40871,524,0,1782360069.7782989,0.001984119415283203
122720,MVI_40871,797,0,1782360069.7802906,0.001991748809814453
122721,MVI_40871,423,0,1782360069.7823172,0.0020265579223632812
122722,MVI_40871,407,0,1782360069.7842977,0.0019805431365966797
122723,MVI_40871,745,0,1782360069.7862992,0.002001523971557617
122724,MVI_40871,139,0,1782360069.7883568,0.0020575523376464844
122725,MVI_40871,29,0,1782360069.7902927,0.0019359588623046875
122726,MVI_40871,834,0,1782360069.7923026,0.002009868621826172
122727,MVI_40871,33,0,1782360069.794343,0.002040386199951172
122728,MVI_40871,22,0,1782360069.7962952,0.0019521713256835938
122729,MVI_40871,688,0,1782360069.7983074,0.0020122528076171875
122730,MVI_40871,205,0,1782360069.800313,0.0020055770874023438
122731,MVI_40871,400,0,1782360069.8023002,0.0019872188568115234
122732,MVI_40871,265,0,1782360069.8043175,0.0020172595977783203
122733,MVI_40871,765,0,1782360069.8063114,0.001993894577026367
122734,MVI_40871,284,0,1782360069.8082907,0.001979351043701172
122735,MVI_40871,733,0,1782360069.8102915,0.0020008087158203125
122736,MVI_40871,362,0,1782360069.8123531,0.002061605453491211
122737,MVI_40871,226,0,1782360069.8142915,0.0019383430480957031
122738,MVI_40871,451,0,1782360069.816306,0.002014636993408203
122739,MVI_40871,522,0,1782360069.8183606,0.002054452896118164
122740,MVI_40871,829,0,1782360069.8203104,0.0019497871398925781
122741,MVI_40871,166,0,1782360069.822298,0.0019876956939697266
122742,MVI_40871,796,0,1782360069.8243146,0.0020165443420410156
122743,MVI_40871,622,0,1782360069.8262942,0.0019795894622802734
122744,MVI_40871,618,0,1782360069.8282773,0.001983165740966797
122745,MVI_40871,273,0,1782360069.830333,0.002055644989013672
122746,MVI_40871,40,0,1782360069.8322787,0.0019457340240478516
122747,MVI_40871,36,0,1782360069.8343108,0.002032041549682617
122748,MVI_40871,632,0,1782360069.8363194,0.002008676528930664
122749,MVI_40871,41,0,1782360069.838255,0.0019354820251464844
122750,MVI_40871,642,0,1782360069.8402982,0.0020432472229003906
122751,MVI_40871,811,0,1782360069.842313,0.0020148754119873047
122752,MVI_40871,647,0,1782360069.8443112,0.0019981861114501953
122753,MVI_40871,701,0,1782360069.846278,0.001966714859008789
122754,MVI_40871,365,0,1782360069.848318,0.0020401477813720703
122755,MVI_40871,245,0,1782360069.8502526,0.0019345283508300781
122756,MVI_40871,51,0,1782360069.8523006,0.002048015594482422
122757,MVI_40871,189,0,1782360069.8543155,0.0020148754119873047
122758,MVI_40871,199,0,1782360069.8562562,0.0019407272338867188
122759,MVI_40871,337,0,1782360069.858296,0.002039670944213867
122760,MVI_40871,573,0,1782360069.8603194,0.002023458480834961
122761,MVI_40871,815,0,1782360069.8622556,0.001936197280883789
122762,MVI_40871,482,0,1782360069.864296,0.002040386199951172
122763,MVI_40871,730,0,1782360069.8662965,0.002000570297241211
122764,MVI_40871,477,0,1782360069.8682551,0.001958608627319336
122765,MVI_40871,769,0,1782360069.8703148,0.0020596981048583984
122766,MVI_40871,536,0,1782360069.8722956,0.0019807815551757812
122767,MVI_40871,828,0,1782360069.8742561,0.0019605159759521484
122768,MVI_40871,846,0,1782360069.8762994,0.0020432472229003906
122769,MVI_40871,382,0,1782360069.878618,0.0023186206817626953
122770,MVI_40871,228,0,1782360069.8805676,0.0019495487213134766
122771,MVI_40871,576,0,1782360069.8823702,0.001802682876586914
122772,MVI_40871,516,0,1782360069.8844976,0.002127408981323242
122773,MVI_40871,150,0,1782360069.8863368,0.0018391609191894531
122774,MVI_40871,17,0,1782360069.8885555,0.0022187232971191406
122775,MVI_40871,706,0,1782360069.8906178,0.0020623207092285156
122776,MVI_40871,405,0,1782360069.8925405,0.001922607421875
122777,MVI_40871,550,0,1782360069.894347,0.001806497573852539
122778,MVI_40871,313,0,1782360069.8964443,0.0020973682403564453
122779,MVI_40871,192,0,1782360069.8983436,0.0018992424011230469
122780,MVI_40871,668,0,1782360069.9005232,0.0021796226501464844
122781,MVI_40871,91,0,1782360069.9025037,0.0019805431365966797
122782,MVI_40871,813,0,1782360069.9043815,0.0018777847290039062
122783,MVI_40871,257,0,1782360069.9065578,0.0021762847900390625
122784,MVI_40871,207,0,1782360069.9085038,0.0019459724426269531
122785,MVI_40871,430,0,1782360069.9103587,0.0018548965454101562
122786,MVI_40871,631,0,1782360069.9125612,0.0022025108337402344
122787,MVI_40871,697,0,1782360069.9145296,0.0019683837890625
122788,MVI_40871,628,0,1782360069.916343,0.0018134117126464844
122789,MVI_40871,271,0,1782360069.9185455,0.0022025108337402344
122790,MVI_40871,162,0,1782360069.9205,0.0019545555114746094
122791,MVI_40871,743,0,1782360069.922352,0.0018520355224609375
122792,MVI_40871,445,0,1782360069.9245594,0.0022072792053222656
122793,MVI_40871,791,0,1782360069.9264817,0.0019223690032958984
122794,MVI_40871,590,0,1782360069.9283586,0.0018768310546875
122795,MVI_40871,196,0,1782360069.9305584,0.002199888229370117
122796,MVI_40871,543,0,1782360069.932501,0.0019426345825195312
122797,MVI_40871,167,0,1782360069.9343596,0.0018584728240966797
122798,MVI_40871,512,0,1782360069.936554,0.0021944046020507812
122799,MVI_40871,841,0,1782360069.9385457,0.001991748809814453
122800,MVI_40871,147,0,1782360069.9403646,0.0018188953399658203
122801,MVI_40871,251,0,1782360069.942546,0.0021812915802001953
122802,MVI_40871,604,0,1782360069.944487,0.0019412040710449219
122803,MVI_40871,155,0,1782360069.9463642,0.0018770694732666016
122804,MVI_40871,292,0,1782360069.9485657,0.002201557159423828
122805,MVI_40871,479,0,1782360069.9505155,0.0019497871398925781
122806,MVI_40871,552,0,1782360069.952361,0.0018455982208251953
122807,MVI_40871,700,0,1782360069.9545684,0.0022072792053222656
122808,MVI_40871,8,0,1782360069.9564679,0.0018994808197021484
122809,MVI_40871,615,0,1782360069.9583616,0.001893758773803711
122810,MVI_40871,142,0,1782360069.9605687,0.002207040786743164
122811,MVI_40871,244,0,1782360069.9624622,0.0018935203552246094
122812,MVI_40871,520,0,1782360069.9643612,0.0018990039825439453
122813,MVI_40871,389,0,1782360069.9665728,0.0022115707397460938
122814,MVI_40871,131,0,1782360069.9684691,0.0018963813781738281
122815,MVI_40871,831,0,1782360069.9703627,0.0018935203552246094
122816,MVI_40871,194,0,1782360069.972573,0.002210378646850586
122817,MVI_40871,810,0,1782360069.97448,0.0019068717956542969
122818,MVI_40871,345,0,1782360069.9763336,0.0018537044525146484
122819,MVI_40871,404,0,1782360069.978538,0.002204418182373047
122820,MVI_40871,436,0,1782360069.9804611,0.0019230842590332031
122821,MVI_40871,638,0,1782360069.9823632,0.0019021034240722656
122822,MVI_40871,748,0,1782360069.984767,0.002403736114501953
122823,MVI_40871,236,0,1782360069.986358,0.0015909671783447266
122824,MVI_40871,845,0,1782360069.9885244,0.0021665096282958984
122825,MVI_40871,677,0,1782360069.990365,0.0018405914306640625
122826,MVI_40871,695,0,1782360069.99255,0.0021848678588867188
122827,MVI_40871,123,0,1782360069.994363,0.0018131732940673828
122828,MVI_40871,213,0,1782360069.996736,0.0023729801177978516
122829,MVI_40871,778,0,1782360069.998376,0.0016398429870605469
122830,MVI_40871,317,0,1782360070.0005417,0.0021657943725585938
122831,MVI_40871,551,0,1782360070.0024135,0.0018718242645263672
122832,MVI_40871,96,0,1782360070.0045533,0.0021398067474365234
122833,MVI_40871,502,0,1782360070.0063822,0.001828908920288086
122834,MVI_40871,473,0,1782360070.0085802,0.0021979808807373047
122835,MVI_40871,170,0,1782360070.0104563,0.0018761157989501953
122836,MVI_40871,763,0,1782360070.0123596,0.0019032955169677734
122837,MVI_40871,601,0,1782360070.0145104,0.0021507740020751953
122838,MVI_40871,514,0,1782360070.0164907,0.001980304718017578
122839,MVI_40871,523,0,1782360070.018361,0.0018703937530517578
122840,MVI_40871,80,0,1782360070.020538,0.002177000045776367
122841,MVI_40871,849,0,1782360070.0224776,0.001939535140991211
122842,MVI_40871,327,0,1782360070.024362,0.00188446044921875
122843,MVI_40871,62,0,1782360070.0265872,0.002225160598754883
122844,MVI_40871,391,0,1782360070.028469,0.0018818378448486328
122845,MVI_40871,580,0,1782360070.0303602,0.0018911361694335938
122846,MVI_40871,183,0,1782360070.0325851,0.0022249221801757812
122847,MVI_40871,355,0,1782360070.0344658,0.001880645751953125
122848,MVI_40871,716,0,1782360070.036359,0.0018932819366455078
122849,MVI_40871,784,0,1782360070.0385895,0.002230405807495117
122850,MVI_40871,644,0,1782360070.0404685,0.001878976821899414
122851,MVI_40871,343,0,1782360070.0423603,0.0018918514251708984
122852,MVI_40871,446,0,1782360070.0445952,0.002234935760498047
122853,MVI_40871,721,0,1782360070.046586,0.001990795135498047
122854,MVI_40871,547,0,1782360070.0483384,0.0017523765563964844
122855,MVI_40871,3,0,1782360070.0505364,0.0021979808807373047
122856,MVI_40871,494,0,1782360070.052489,0.0019526481628417969
122857,MVI_40871,526,0,1782360070.0543625,0.0018734931945800781
122858,MVI_40871,500,0,1782360070.0565946,0.002232074737548828
122859,MVI_40871,383,0,1782360070.0585124,0.0019178390502929688
122860,MVI_40871,499,0,1782360070.060364,0.0018515586853027344
122861,MVI_40871,159,0,1782360070.0625417,0.002177715301513672
122862,MVI_40871,518,0,1782360070.0644717,0.0019299983978271484
122863,MVI_40871,542,0,1782360070.0663655,0.001893758773803711
122864,MVI_40871,599,0,1782360070.0685997,0.002234220504760742
122865,MVI_40871,807,0,1782360070.070546,0.0019462108612060547
122866,MVI_40871,247,0,1782360070.0723653,0.0018193721771240234
122867,MVI_40871,318,0,1782360070.0745356,0.0021703243255615234
122868,MVI_40871,294,0,1782360070.076521,0.001985311508178711
122869,MVI_40871,652,0,1782360070.078361,0.0018401145935058594
122870,MVI_40871,734,0,1782360070.0805442,0.002183198928833008
122871,MVI_40871,188,0,1782360070.0824726,0.0019283294677734375
122872,MVI_40871,575,0,1782360070.0843606,0.0018880367279052734
122873,MVI_40871,203,0,1782360070.0865371,0.002176523208618164
122874,MVI_40871,515,0,1782360070.0884633,0.0019261837005615234
122875,MVI_40871,58,0,1782360070.0903592,0.001895904541015625
122876,MVI_40871,709,0,1782360070.09256,0.0022008419036865234
122877,MVI_40871,136,0,1782360070.0944834,0.0019233226776123047
122878,MVI_40871,259,0,1782360070.0963616,0.0018782615661621094
122879,MVI_40871,438,0,1782360070.0983386,0.0019769668579101562
122880,MVI_40871,489,0,1782360070.1003206,0.001981973648071289
122881,MVI_40871,385,0,1782360070.1023247,0.0020041465759277344
122882,MVI_40871,258,0,1782360070.1043403,0.0020155906677246094
122883,MVI_40871,833,0,1782360070.1063352,0.0019948482513427734
122884,MVI_40871,128,0,1782360070.1083398,0.0020046234130859375
122885,MVI_40871,148,0,1782360070.1103437,0.002003908157348633
122886,MVI_40871,554,0,1782360070.1123154,0.001971721649169922
122887,MVI_40871,584,0,1782360070.1143394,0.002023935317993164
122888,MVI_40871,324,0,1782360070.1163392,0.0019998550415039062
122889,MVI_40871,504,0,1782360070.1183143,0.0019750595092773438
122890,MVI_40871,84,0,1782360070.1203358,0.0020215511322021484
122891,MVI_40871,735,0,1782360070.1223414,0.0020055770874023438
122892,MVI_40871,816,0,1782360070.124315,0.0019736289978027344
122893,MVI_40871,521,0,1782360070.1263378,0.0020227432250976562
122894,MVI_40871,127,0,1782360070.1283355,0.001997709274291992
122895,MVI_40871,606,0,1782360070.1303165,0.001981019973754883
122896,MVI_40871,197,0,1782360070.1323378,0.002021312713623047
122897,MVI_40871,129,0,1782360070.1343303,0.001992464065551758
122898,MVI_40871,800,0,1782360070.1363354,0.0020051002502441406
122899,MVI_40871,513,0,1782360070.1385565,0.0022211074829101562
122900,MVI_40871,321,0,1782360070.141404,0.002847433090209961
122901,MVI_40871,419,0,1782360070.1423612,0.0009572505950927734
122902,MVI_40871,27,0,1782360070.1445403,0.0021791458129882812
122903,MVI_40871,267,0,1782360070.14637,0.0018296241760253906
122904,MVI_40871,352,0,1782360070.1485372,0.002167224884033203
122905,MVI_40871,802,0,1782360070.1503615,0.0018243789672851562
122906,MVI_40871,531,0,1782360070.152728,0.0023665428161621094
122907,MVI_40871,212,0,1782360070.1544156,0.0016875267028808594
122908,MVI_40871,387,0,1782360070.1563597,0.0019440650939941406
122909,MVI_40871,303,0,1782360070.1585522,0.0021924972534179688
122910,MVI_40871,290,0,1782360070.1604733,0.0019211769104003906
122911,MVI_40871,433,0,1782360070.1623645,0.0018911361694335938
122912,MVI_40871,510,0,1782360070.1645305,0.0021660327911376953
122913,MVI_40871,380,0,1782360070.1663668,0.0018362998962402344
122914,MVI_40871,827,0,1782360070.1683576,0.001990795135498047
122915,MVI_40871,262,0,1782360070.1705544,0.002196788787841797
122916,MVI_40871,741,0,1782360070.1723487,0.0017943382263183594
122917,MVI_40871,371,0,1782360070.1745396,0.002190828323364258
122918,MVI_40871,587,0,1782360070.1763642,0.0018246173858642578
122919,MVI_40871,624,0,1782360070.1783772,0.002012968063354492
122920,MVI_40871,401,0,1782360070.1803386,0.0019614696502685547
122921,MVI_40871,30,0,1782360070.182335,0.001996278762817383
122922,MVI_40871,217,0,1782360070.1843293,0.0019943714141845703
122923,MVI_40871,74,0,1782360070.1863403,0.0020110607147216797
122924,MVI_40871,699,0,1782360070.1883419,0.002001523971557617
122925,MVI_40871,335,0,1782360070.1903112,0.0019693374633789062
122926,MVI_40871,403,0,1782360070.1923404,0.0020291805267333984
122927,MVI_40871,600,0,1782360070.194534,0.0021936893463134766
122928,MVI_40871,374,0,1782360070.1963172,0.001783132553100586
122929,MVI_40871,801,0,1782360070.1983476,0.0020303726196289062
122930,MVI_40871,770,0,1782360070.2003422,0.001994609832763672
122931,MVI_40871,847,0,1782360070.2023149,0.001972675323486328
122932,MVI_40871,354,0,1782360070.2043452,0.0020303726196289062
122933,MVI_40871,369,0,1782360070.2063348,0.001989603042602539
122934,MVI_40871,534,0,1782360070.2083352,0.0020003318786621094
122935,MVI_40871,832,0,1782360070.210339,0.002003908157348633
122936,MVI_40871,491,0,1782360070.212336,0.0019969940185546875
122937,MVI_40871,334,0,1782360070.21433,0.001993894577026367
122938,MVI_40871,283,0,1782360070.2163367,0.0020067691802978516
122939,MVI_40871,61,0,1782360070.2183006,0.0019638538360595703
122940,MVI_40871,434,0,1782360070.220327,0.0020263195037841797
122941,MVI_40871,747,0,1782360070.2223375,0.0020105838775634766
122942,MVI_40871,426,0,1782360070.224336,0.001998424530029297
122943,MVI_40871,219,0,1782360070.2263224,0.0019865036010742188
122944,MVI_40871,792,0,1782360070.2283351,0.0020127296447753906
122945,MVI_40871,163,0,1782360070.2303355,0.0020003318786621094
122946,MVI_40871,342,0,1782360070.2323284,0.001992940902709961
122947,MVI_40871,830,0,1782360070.2343369,0.0020084381103515625
122948,MVI_40871,820,0,1782360070.2363389,0.0020020008087158203
122949,MVI_40871,760,0,1782360070.2383275,0.001988649368286133
122950,MVI_40871,603,0,1782360070.2403367,0.002009153366088867
122951,MVI_40871,772,0,1782360070.2423368,0.002000093460083008
122952,MVI_40871,569,0,1782360070.2443304,0.0019936561584472656
122953,MVI_40871,844,0,1782360070.2463489,0.002018451690673828
122954,MVI_40871,798,0,1782360070.2483368,0.001987934112548828
122955,MVI_40871,411,0,1782360070.2503126,0.0019757747650146484
122956,MVI_40871,210,0,1782360070.2523372,0.0020246505737304688
122957,MVI_40871,675,0,1782360070.2543364,0.0019991397857666016
122958,MVI_40871,198,0,1782360070.2563262,0.0019898414611816406
122959,MVI_40871,18,0,1782360070.2583368,0.0020105838775634766
122960,MVI_40871,458,0,1782360070.260338,0.0020012855529785156
122961,MVI_40871,168,0,1782360070.2623303,0.0019922256469726562
122962,MVI_40871,497,0,1782360070.2643347,0.002004384994506836
122963,MVI_40871,336,0,1782360070.2663429,0.002008199691772461
122964,MVI_40871,571,0,1782360070.2683108,0.001967906951904297
122965,MVI_40871,498,0,1782360070.2703342,0.002023458480834961
122966,MVI_40871,732,0,1782360070.2723358,0.002001523971557617
122967,MVI_40871,143,0,1782360070.2743187,0.0019829273223876953
122968,MVI_40871,453,0,1782360070.2763345,0.002015829086303711
122969,MVI_40871,595,0,1782360070.2783341,0.0019996166229248047
122970,MVI_40871,465,0,1782360070.2803133,0.0019791126251220703
122971,MVI_40871,562,0,1782360070.2823355,0.002022266387939453
122972,MVI_40871,488,0,1782360070.2843347,0.0019991397857666016
122973,MVI_40871,428,0,1782360070.286314,0.001979351043701172
122974,MVI_40871,470,0,1782360070.2883346,0.002020597457885742
122975,MVI_40871,237,0,1782360070.290335,0.0020003318786621094
122976,MVI_40871,214,0,1782360070.292312,0.0019769668579101562
122977,MVI_40871,216,0,1782360070.2943366,0.0020246505737304688
122978,MVI_40871,611,0,1782360070.2963321,0.001995563507080078
122979,MVI_40871,158,0,1782360070.2983117,0.0019795894622802734
122980,MVI_40871,780,0,1782360070.3003383,0.0020265579223632812
122981,MVI_40871,691,0,1782360070.3023345,0.001996278762817383
122982,MVI_40871,64,0,1782360070.304325,0.0019905567169189453
122983,MVI_40871,643,0,1782360070.3063374,0.0020122528076171875
122984,MVI_40871,530,0,1782360070.3083334,0.0019960403442382812
122985,MVI_40871,665,0,1782360070.310316,0.0019826889038085938
122986,MVI_40871,464,0,1782360070.3123415,0.0020253658294677734
122987,MVI_40871,490,0,1782360070.3143375,0.0019960403442382812
122988,MVI_40871,169,0,1782360070.3163235,0.0019860267639160156
122989,MVI_40871,99,0,1782360070.3183377,0.00201416015625
122990,MVI_40871,186,0,1782360070.3203378,0.002000093460083008
122991,MVI_40871,799,0,1782360070.3223126,0.001974821090698242
122992,MVI_40871,535,0,1782360070.3243406,0.0020279884338378906
122993,MVI_40871,50,0,1782360070.3263361,0.001995563507080078
122994,MVI_40871,806,0,1782360070.328325,0.0019888877868652344
122995,MVI_40871,234,0,1782360070.3303382,0.0020132064819335938
122996,MVI_40871,149,0,1782360070.332341,0.002002716064453125
122997,MVI_40871,23,0,1782360070.3343234,0.001982450485229492
122998,MVI_40871,645,0,1782360070.3363366,0.0020132064819335938
122999,MVI_40871,89,0,1782360070.3383327,0.0019960403442382812
123000,MVI_40871,475,0,1782360070.3403137,0.001981019973754883
123001,MVI_40871,462,0,1782360070.3423376,0.002023935317993164
123002,MVI_40871,755,0,1782360070.3443391,0.002001523971557617
123003,MVI_40871,790,0,1782360070.3463128,0.0019736289978027344
123004,MVI_40871,648,0,1782360070.3483377,0.0020248889923095703
123005,MVI_40871,254,0,1782360070.3503451,0.0020074844360351562
123006,MVI_40871,307,0,1782360070.3523254,0.001980304718017578
123007,MVI_40871,243,0,1782360070.3542888,0.001963376998901367
123008,MVI_40871,72,0,1782360070.3562849,0.0019960403442382812
123009,MVI_40871,454,0,1782360070.3582673,0.001982450485229492
123010,MVI_40871,34,0,1782360070.3602655,0.0019981861114501953
123011,MVI_40871,232,0,1782360070.3623486,0.0020830631256103516
123012,MVI_40871,6,0,1782360070.3642662,0.0019176006317138672
123013,MVI_40871,670,0,1782360070.3662624,0.001996278762817383
123014,MVI_40871,13,0,1782360070.3683474,0.002084970474243164
123015,MVI_40871,370,0,1782360070.3702633,0.0019159317016601562
123016,MVI_40871,92,0,1782360070.3722856,0.002022266387939453
123017,MVI_40871,443,0,1782360070.3743021,0.0020165443420410156
123018,MVI_40871,69,0,1782360070.3762572,0.0019550323486328125
123019,MVI_40871,100,0,1782360070.3783343,0.0020771026611328125
123020,MVI_40871,793,0,1782360070.380261,0.0019266605377197266
123021,MVI_40871,111,0,1782360070.382272,0.0020110607147216797
123022,MVI_40871,164,0,1782360070.3842602,0.0019881725311279297
123023,MVI_40871,332,0,1782360070.3863444,0.0020842552185058594
123024,MVI_40871,676,0,1782360070.3882577,0.001913309097290039
123025,MVI_40871,484,0,1782360070.3902993,0.0020415782928466797
123026,MVI_40871,88,0,1782360070.392343,0.0020437240600585938
123027,MVI_40871,249,0,1782360070.3942692,0.0019261837005615234
123028,MVI_40871,776,0,1782360070.3962586,0.0019893646240234375
123029,MVI_40871,315,0,1782360070.398352,0.0020933151245117188
123030,MVI_40871,617,0,1782360070.4002593,0.0019073486328125
123031,MVI_40871,626,0,1782360070.4022584,0.0019991397857666016
123032,MVI_40871,598,0,1782360070.4043407,0.002082347869873047
123033,MVI_40871,585,0,1782360070.4062572,0.0019164085388183594
123034,MVI_40871,248,0,1782360070.4082575,0.0020003318786621094
123035,MVI_40871,432,0,1782360070.410345,0.0020875930786132812
123036,MVI_40871,288,0,1782360070.4122593,0.0019142627716064453
123037,MVI_40871,218,0,1782360070.4142568,0.0019974708557128906
123038,MVI_40871,286,0,1782360070.4163692,0.0021123886108398438
123039,MVI_40871,293,0,1782360070.4182596,0.001890420913696289
123040,MVI_40871,540,0,1782360070.4202569,0.001997232437133789
123041,MVI_40871,356,0,1782360070.4223504,0.0020935535430908203
123042,MVI_40871,298,0,1782360070.424294,0.0019435882568359375
123043,MVI_40871,777,0,1782360070.426263,0.0019690990447998047
123044,MVI_40871,692,0,1782360070.428347,0.002084016799926758
123045,MVI_40871,586,0,1782360070.4302592,0.0019121170043945312
123046,MVI_40871,392,0,1782360070.4322581,0.0019989013671875
123047,MVI_40871,541,0,1782360070.43434,0.0020818710327148438
123048,MVI_40871,449,0,1782360070.436273,0.0019330978393554688
123049,MVI_40871,679,0,1782360070.4382586,0.0019855499267578125
123050,MVI_40871,544,0,1782360070.4403436,0.002084970474243164
123051,MVI_40871,49,0,1782360070.442258,0.0019142627716064453
123052,MVI_40871,322,0,1782360070.444258,0.002000093460083008
123053,MVI_40871,241,0,1782360070.4463696,0.002111673355102539
123054,MVI_40871,788,0,1782360070.4483094,0.0019397735595703125
123055,MVI_40871,395,0,1782360070.4502654,0.0019559860229492188
123056,MVI_40871,366,0,1782360070.4523647,0.002099275588989258
123057,MVI_40871,529,0,1782360070.4542584,0.001893758773803711
123058,MVI_40871,351,0,1782360070.456259,0.002000570297241211
123059,MVI_40871,116,0,1782360070.4583437,0.0020847320556640625
123060,MVI_40871,57,0,1782360070.4602888,0.0019450187683105469
123061,MVI_40871,752,0,1782360070.4622576,0.001968860626220703
123062,MVI_40871,90,0,1782360070.4643443,0.002086639404296875
123063,MVI_40871,574,0,1782360070.4662728,0.001928567886352539
123064,MVI_40871,487,0,1782360070.4682574,0.0019845962524414062
123065,MVI_40871,310,0,1782360070.470342,0.002084493637084961
123066,MVI_40871,311,0,1782360070.4722579,0.0019159317016601562
123067,MVI_40871,300,0,1782360070.4743304,0.002072572708129883
123068,MVI_40871,412,0,1782360070.4763024,0.0019719600677490234
123069,MVI_40871,532,0,1782360070.478258,0.0019555091857910156
123070,MVI_40871,785,0,1782360070.4802907,0.002032756805419922
123071,MVI_40871,5,0,1782360070.482345,0.002054452896118164
123072,MVI_40871,417,0,1782360070.4842567,0.0019116401672363281
123073,MVI_40871,394,0,1782360070.4863079,0.002051115036010742
123074,MVI_40871,220,0,1782360070.4883037,0.0019958019256591797
123075,MVI_40871,674,0,1782360070.4902735,0.0019698143005371094
123076,MVI_40871,94,0,1782360070.4922922,0.0020186901092529297
123077,MVI_40871,722,0,1782360070.4943407,0.002048492431640625
123078,MVI_40871,390,0,1782360070.4962564,0.0019156932830810547
123079,MVI_40871,81,0,1782360070.4983308,0.0020744800567626953
123080,MVI_40871,357,0,1782360070.5003068,0.00197601318359375
123081,MVI_40871,572,0,1782360070.5022614,0.0019545555114746094
123082,MVI_40871,538,0,1782360070.5042918,0.0020303726196289062
123083,MVI_40871,132,0,1782360070.5063417,0.0020499229431152344
123084,MVI_40871,424,0,1782360070.5082705,0.0019288063049316406
123085,MVI_40871,609,0,1782360070.5102925,0.0020220279693603516
123086,MVI_40871,519,0,1782360070.512341,0.002048492431640625
123087,MVI_40871,340,0,1782360070.5142581,0.001917123794555664
123088,MVI_40871,242,0,1782360070.51627,0.0020117759704589844
123089,MVI_40871,452,0,1782360070.5183468,0.002076864242553711
123090,MVI_40871,495,0,1782360070.520273,0.0019261837005615234
123091,MVI_40871,413,0,1782360070.522295,0.0020220279693603516
123092,MVI_40871,635,0,1782360070.5243301,0.0020351409912109375
123093,MVI_40871,501,0,1782360070.526277,0.0019469261169433594
123094,MVI_40871,671,0,1782360070.528299,0.0020220279693603516
123095,MVI_40871,130,0,1782360070.530341,0.0020418167114257812
123096,MVI_40871,640,0,1782360070.532257,0.0019161701202392578
123097,MVI_40871,202,0,1782360070.5342615,0.002004384994506836
123098,MVI_40871,698,0,1782360070.5363405,0.002079010009765625
123099,MVI_40871,263,0,1782360070.5382845,0.0019440650939941406
123100,MVI_40871,713,0,1782360070.5402627,0.001978158950805664
123101,MVI_40871,418,0,1782360070.5423424,0.0020797252655029297
123102,MVI_40871,275,0,1782360070.5442579,0.0019154548645019531
123103,MVI_40871,455,0,1782360070.5462575,0.0019996166229248047
123104,MVI_40871,705,0,1782360070.5483935,0.0021359920501708984
123105,MVI_40871,76,0,1782360070.550263,0.0018694400787353516
123106,MVI_40871,20,0,1782360070.5522583,0.0019953250885009766
123107,MVI_40871,112,0,1782360070.5543451,0.0020868778228759766
123108,MVI_40871,712,0,1782360070.556256,0.0019109249114990234
123109,MVI_40871,308,0,1782360070.5582569,0.0020008087158203125
123110,MVI_40871,629,0,1782360070.5603402,0.002083301544189453
123111,MVI_40871,133,0,1782360070.562256,0.0019159317016601562
123112,MVI_40871,440,0,1782360070.5642564,0.0020003318786621094
123113,MVI_40871,416,0,1782360070.5663447,0.002088308334350586
123114,MVI_40871,767,0,1782360070.5682561,0.0019114017486572266
123115,MVI_40871,31,0,1782360070.5702622,0.002006053924560547
123116,MVI_40871,435,0,1782360070.5723412,0.002079010009765625
123117,MVI_40871,26,0,1782360070.5743,0.0019588470458984375
123118,MVI_40871,353,0,1782360070.576263,0.001962900161743164
123119,MVI_40871,724,0,1782360070.578339,0.0020761489868164062
123120,MVI_40871,121,0,1782360070.580317,0.0019779205322265625
123121,MVI_40871,180,0,1782360070.582265,0.0019478797912597656
123122,MVI_40871,746,0,1782360070.584344,0.002079010009765625
123123,MVI_40871,425,0,1782360070.5862837,0.0019397735595703125
123124,MVI_40871,134,0,1782360070.5882578,0.0019741058349609375
123125,MVI_40871,361,0,1782360070.590338,0.002080202102661133
123126,MVI_40871,480,0,1782360070.5922592,0.0019211769104003906
123127,MVI_40871,60,0,1782360070.5942578,0.0019986629486083984
123128,MVI_40871,21,0,1782360070.5963075,0.002049684524536133
123129,MVI_40871,579,0,1782360070.5983205,0.002012968063354492
123130,MVI_40871,773,0,1782360070.6002612,0.0019407272338867188
123131,MVI_40871,681,0,1782360070.602339,0.002077817916870117
123132,MVI_40871,702,0,1782360070.6042554,0.0019164085388183594
123133,MVI_40871,227,0,1782360070.606269,0.0020134449005126953
123134,MVI_40871,223,0,1782360070.6083364,0.00206756591796875
123135,MVI_40871,86,0,1782360070.610272,0.0019354820251464844
123136,MVI_40871,122,0,1782360070.6122568,0.001984834671020508
123137,MVI_40871,625,0,1782360070.6143389,0.0020821094512939453
123138,MVI_40871,707,0,1782360070.6162639,0.0019249916076660156
123139,MVI_40871,427,0,1782360070.618257,0.0019931793212890625
123140,MVI_40871,779,0,1782360070.6203363,0.0020792484283447266
123141,MVI_40871,693,0,1782360070.6222548,0.0019185543060302734
123142,MVI_40871,141,0,1782360070.6243496,0.002094745635986328
123143,MVI_40871,281,0,1782360070.6262982,0.0019485950469970703
123144,MVI_40871,408,0,1782360070.6282558,0.0019576549530029297
123145,MVI_40871,250,0,1782360070.6302547,0.0019989013671875
123146,MVI_40871,804,0,1782360070.6323402,0.002085447311401367
123147,MVI_40871,493,0,1782360070.6342733,0.0019330978393554688
123148,MVI_40871,560,0,1782360070.6362567,0.0019834041595458984
123149,MVI_40871,231,0,1782360070.638377,0.0021202564239501953
123150,MVI_40871,305,0,1782360070.6402774,0.0019004344940185547
123151,MVI_40871,182,0,1782360070.6422584,0.001981019973754883
123152,MVI_40871,154,0,1782360070.6443455,0.002087116241455078
123153,MVI_40871,360,0,1782360070.6463068,0.001961231231689453
123154,MVI_40871,10,0,1782360070.648258,0.0019512176513671875
123155,MVI_40871,838,0,1782360070.6503205,0.002062559127807617
123156,MVI_40871,174,0,1782360070.6522653,0.0019447803497314453
123157,MVI_40871,634,0,1782360070.654282,0.002016782760620117
123158,MVI_40871,739,0,1782360070.6563046,0.0020225048065185547
123159,MVI_40871,607,0,1782360070.6582634,0.0019588470458984375
123160,MVI_40871,256,0,1782360070.6602576,0.0019941329956054688
123161,MVI_40871,157,0,1782360070.6623387,0.002081155776977539
123162,MVI_40871,718,0,1782360070.66426,0.0019211769104003906
123163,MVI_40871,757,0,1782360070.6662557,0.0019958019256591797
123164,MVI_40871,448,0,1782360070.6683445,0.002088785171508789
123165,MVI_40871,570,0,1782360070.6702564,0.0019118785858154297
123166,MVI_40871,661,0,1782360070.67226,0.0020036697387695312
123167,MVI_40871,282,0,1782360070.6744018,0.002141714096069336
123168,MVI_40871,708,0,1782360070.6762624,0.0018606185913085938
123169,MVI_40871,740,0,1782360070.6782937,0.0020313262939453125
123170,MVI_40871,627,0,1782360070.6803005,0.0020067691802978516
123171,MVI_40871,766,0,1782360070.6822553,0.001954793930053711
123172,MVI_40871,646,0,1782360070.6842618,0.00200653076171875
123173,MVI_40871,272,0,1782360070.686344,0.0020821094512939453
123174,MVI_40871,593,0,1782360070.6883132,0.0019693374633789062
123175,MVI_40871,363,0,1782360070.6903293,0.0020160675048828125
123176,MVI_40871,176,0,1782360070.6923368,0.0020074844360351562
123177,MVI_40871,246,0,1782360070.6943405,0.0020036697387695312
123178,MVI_40871,117,0,1782360070.696329,0.001988649368286133
123179,MVI_40871,690,0,1782360070.6983356,0.00200653076171875
123180,MVI_40871,268,0,1782360070.7002878,0.0019521713256835938
123181,MVI_40871,527,0,1782360070.7022617,0.001973867416381836
123182,MVI_40871,359,0,1782360070.7043424,0.002080678939819336
123183,MVI_40871,814,0,1782360070.706272,0.0019295215606689453
123184,MVI_40871,16,0,1782360070.708264,0.0019922256469726562
123185,MVI_40871,179,0,1782360070.7103405,0.002076387405395508
123186,MVI_40871,255,0,1782360070.712261,0.001920461654663086
123187,MVI_40871,486,0,1782360070.7142632,0.002002239227294922
123188,MVI_40871,364,0,1782360070.7163422,0.002079010009765625
123189,MVI_40871,825,0,1782360070.718328,0.001985788345336914
123190,MVI_40871,106,0,1782360070.720541,0.002213001251220703
123191,MVI_40871,338,0,1782360070.7223527,0.0018117427825927734
123192,MVI_40871,842,0,1782360070.7245405,0.0021877288818359375
123193,MVI_40871,636,0,1782360070.7263522,0.0018117427825927734
123194,MVI_40871,206,0,1782360070.7285364,0.002184152603149414
123195,MVI_40871,817,0,1782360070.7303824,0.0018460750579833984
123196,MVI_40871,725,0,1782360070.732345,0.0019626617431640625
123197,MVI_40871,537,0,1782360070.7345326,0.002187490463256836
123198,MVI_40871,319,0,1782360070.7364042,0.0018715858459472656
123199,MVI_40871,28,0,1782360070.7383404,0.001936197280883789
123200,MVI_40871,25,0,1782360070.741117,0.002776622772216797
123201,MVI_40871,663,0,1782360070.7423294,0.0012123584747314453
123202,MVI_40871,662,0,1782360070.7443018,0.0019724369049072266
123203,MVI_40871,409,0,1782360070.7463362,0.002034425735473633
123204,MVI_40871,591,0,1782360070.748277,0.0019407272338867188
123205,MVI_40871,656,0,1782360070.7503345,0.0020575523376464844
123206,MVI_40871,296,0,1782360070.7522976,0.0019631385803222656
123207,MVI_40871,373,0,1782360070.7542574,0.0019598007202148438
123208,MVI_40871,398,0,1782360070.7562923,0.002034902572631836
123209,MVI_40871,660,0,1782360070.7583437,0.0020513534545898438
123210,MVI_40871,442,0,1782360070.7602975,0.0019538402557373047
123211,MVI_40871,221,0,1782360070.7622983,0.0020008087158203125
123212,MVI_40871,687,0,1782360070.7643359,0.002037525177001953
123213,MVI_40871,558,0,1782360070.7662745,0.0019385814666748047
123214,MVI_40871,468,0,1782360070.7683322,0.002057790756225586
123215,MVI_40871,204,0,1782360070.770293,0.00196075439453125
123216,MVI_40871,737,0,1782360070.7722814,0.0019884109497070312
123217,MVI_40871,539,0,1782360070.774331,0.002049684524536133
123218,MVI_40871,711,0,1782360070.7762992,0.0019681453704833984
123219,MVI_40871,347,0,1782360070.7782729,0.0019736289978027344
123220,MVI_40871,287,0,1782360070.7803302,0.002057313919067383
123221,MVI_40871,478,0,1782360070.7822914,0.001961231231689453
123222,MVI_40871,620,0,1782360070.7842703,0.0019788742065429688
123223,MVI_40871,703,0,1782360070.7862842,0.0020139217376708984
123224,MVI_40871,533,0,1782360070.7883387,0.002054452896118164
123225,MVI_40871,667,0,1782360070.7902582,0.0019195079803466797
123226,MVI_40871,118,0,1782360070.7922645,0.0020062923431396484
123227,MVI_40871,507,0,1782360070.7943401,0.002075672149658203
123228,MVI_40871,110,0,1782360070.7962573,0.001917123794555664
123229,MVI_40871,376,0,1782360070.798257,0.0019998550415039062
123230,MVI_40871,15,0,1782360070.800329,0.002071857452392578
123231,MVI_40871,786,0,1782360070.8022778,0.0019488334655761719
123232,MVI_40871,466,0,1782360070.8042586,0.0019807815551757812
123233,MVI_40871,331,0,1782360070.8063412,0.0020825862884521484
123234,MVI_40871,14,0,1782360070.8082592,0.0019180774688720703
123235,MVI_40871,696,0,1782360070.810257,0.001997709274291992
123236,MVI_40871,323,0,1782360070.8123648,0.002107858657836914
123237,MVI_40871,191,0,1782360070.81426,0.0018951892852783203
123238,MVI_40871,302,0,1782360070.8162553,0.0019953250885009766
123239,MVI_40871,107,0,1782360070.8183362,0.0020809173583984375
123240,MVI_40871,472,0,1782360070.820272,0.001935720443725586
123241,MVI_40871,664,0,1782360070.8222556,0.001983642578125
123242,MVI_40871,768,0,1782360070.824395,0.0021393299102783203
123243,MVI_40871,146,0,1782360070.8262632,0.0018682479858398438
123244,MVI_40871,68,0,1782360070.8282645,0.0020012855529785156
123245,MVI_40871,172,0,1782360070.8303442,0.0020797252655029297
123246,MVI_40871,274,0,1782360070.83227,0.0019257068634033203
123247,MVI_40871,348,0,1782360070.8342574,0.001987457275390625
123248,MVI_40871,119,0,1782360070.8363605,0.002103090286254883
123249,MVI_40871,350,0,1782360070.8382583,0.0018978118896484375
123250,MVI_40871,684,0,1782360070.8402617,0.0020034313201904297
123251,MVI_40871,577,0,1782360070.842352,0.0020902156829833984
123252,MVI_40871,397,0,1782360070.8442585,0.0019066333770751953
123253,MVI_40871,727,0,1782360070.8462698,0.0020112991333007812
123254,MVI_40871,678,0,1782360070.8483403,0.0020704269409179688
123255,MVI_40871,239,0,1782360070.8503087,0.0019683837890625
123256,MVI_40871,379,0,1782360070.8522618,0.001953125
123257,MVI_40871,506,0,1782360070.854342,0.002080202102661133
123258,MVI_40871,161,0,1782360070.8562582,0.0019161701202392578
123259,MVI_40871,184,0,1782360070.8582613,0.002003192901611328
123260,MVI_40871,441,0,1782360070.8603399,0.002078533172607422
123261,MVI_40871,597,0,1782360070.862257,0.001917123794555664
123262,MVI_40871,720,0,1782360070.8642576,0.002000570297241211
123263,MVI_40871,439,0,1782360070.866339,0.0020813941955566406
123264,MVI_40871,717,0,1782360070.8682587,0.0019197463989257812
123265,MVI_40871,47,0,1782360070.870256,0.001997232437133789
123266,MVI_40871,754,0,1782360070.8723435,0.0020875930786132812
123267,MVI_40871,93,0,1782360070.8743072,0.0019636154174804688
123268,MVI_40871,301,0,1782360070.8762627,0.0019555091857910156
123269,MVI_40871,761,0,1782360070.8783448,0.0020821094512939453
123270,MVI_40871,818,0,1782360070.8803377,0.001992940902709961
123271,MVI_40871,105,0,1782360070.882382,0.002044200897216797
123272,MVI_40871,75,0,1782360070.884352,0.001970052719116211
123273,MVI_40871,837,0,1782360070.8862853,0.0019333362579345703
123274,MVI_40871,104,0,1782360070.88826,0.0019745826721191406
123275,MVI_40871,126,0,1782360070.8903596,0.002099752426147461
123276,MVI_40871,525,0,1782360070.8922617,0.0019021034240722656
123277,MVI_40871,459,0,1782360070.89426,0.0019981861114501953
123278,MVI_40871,764,0,1782360070.8963547,0.002094745635986328
123279,MVI_40871,108,0,1782360070.8982723,0.0019176006317138672
123280,MVI_40871,596,0,1782360070.9002578,0.0019855499267578125
123281,MVI_40871,808,0,1782360070.9023438,0.0020859241485595703
123282,MVI_40871,753,0,1782360070.904286,0.0019421577453613281
123283,MVI_40871,731,0,1782360070.9062593,0.001973390579223633
123284,MVI_40871,545,0,1782360070.9083457,0.0020864009857177734
123285,MVI_40871,153,0,1782360070.910335,0.0019893646240234375
123286,MVI_40871,819,0,1782360070.912265,0.0019299983978271484
123287,MVI_40871,835,0,1782360070.9143457,0.002080678939819336
123288,MVI_40871,637,0,1782360070.9162579,0.0019121170043945312
123289,MVI_40871,399,0,1782360070.9182658,0.0020079612731933594
123290,MVI_40871,211,0,1782360070.9202757,0.002009868621826172
123291,MVI_40871,325,0,1782360070.9222763,0.002000570297241211
123292,MVI_40871,503,0,1782360070.9242601,0.0019838809967041016
123293,MVI_40871,729,0,1782360070.9263768,0.002116680145263672
123294,MVI_40871,77,0,1782360070.9282703,0.0018935203552246094
123295,MVI_40871,102,0,1782360070.9302595,0.001989126205444336
123296,MVI_40871,402,0,1782360070.9323592,0.002099752426147461
123297,MVI_40871,850,0,1782360070.934273,0.0019137859344482422
123298,MVI_40871,238,0,1782360070.9362586,0.0019855499267578125
123299,MVI_40871,505,0,1782360070.938359,0.0021004676818847656
123300,MVI_40871,24,0,1782360070.9402947,0.001935720443725586
123301,MVI_40871,235,0,1782360070.942257,0.0019621849060058594
123302,MVI_40871,561,0,1782360070.9442978,0.002040863037109375
123303,MVI_40871,787,0,1782360070.9462686,0.0019707679748535156
123304,MVI_40871,751,0,1782360070.9482572,0.001988649368286133
123305,MVI_40871,304,0,1782360070.9503968,0.002139568328857422
123306,MVI_40871,208,0,1782360070.9523559,0.001959085464477539
123307,MVI_40871,826,0,1782360070.9543006,0.0019447803497314453
123308,MVI_40871,37,0,1782360070.9563453,0.002044677734375
123309,MVI_40871,375,0,1782360070.9583101,0.0019648075103759766
123310,MVI_40871,694,0,1782360070.9602952,0.0019850730895996094
123311,MVI_40871,623,0,1782360070.9623535,0.002058267593383789
123312,MVI_40871,406,0,1782360070.964257,0.001903533935546875
123313,MVI_40871,38,0,1782360070.9662938,0.0020368099212646484
123314,MVI_40871,82,0,1782360070.968342,0.0020482540130615234
123315,MVI_40871,783,0,1782360070.9702659,0.0019237995147705078
123316,MVI_40871,328,0,1782360070.9722896,0.0020236968994140625
123317,MVI_40871,233,0,1782360070.9743428,0.0020532608032226562
123318,MVI_40871,276,0,1782360070.976295,0.0019521713256835938
123319,MVI_40871,377,0,1782360070.9783304,0.002035379409790039
123320,MVI_40871,56,0,1782360070.980329,0.0019986629486083984
123321,MVI_40871,450,0,1782360070.9822893,0.001960277557373047
123322,MVI_40871,744,0,1782360070.9843361,0.002046823501586914
123323,MVI_40871,803,0,1782360070.9862993,0.0019631385803222656
123324,MVI_40871,87,0,1782360070.9882584,0.001959085464477539
123325,MVI_40871,566,0,1782360070.990306,0.0020475387573242188
123326,MVI_40871,775,0,1782360070.992295,0.001989126205444336
123327,MVI_40871,59,0,1782360070.9942575,0.001962423324584961
123328,MVI_40871,655,0,1782360070.9962955,0.0020380020141601562
123329,MVI_40871,848,0,1782360070.9983451,0.002049684524536133
123330,MVI_40871,11,0,1782360071.000272,0.0019268989562988281
123331,MVI_40871,612,0,1782360071.002295,0.002022981643676758
123332,MVI_40871,98,0,1782360071.0043385,0.002043485641479492
123333,MVI_40871,750,0,1782360071.006265,0.001926422119140625
123334,MVI_40871,120,0,1782360071.00827,0.0020051002502441406
123335,MVI_40871,215,0,1782360071.0103426,0.002072572708129883
123336,MVI_40871,43,0,1782360071.0122616,0.0019190311431884766
123337,MVI_40871,605,0,1782360071.0142894,0.002027750015258789
123338,MVI_40871,165,0,1782360071.0163429,0.002053499221801758
123339,MVI_40871,349,0,1782360071.018272,0.0019290447235107422
123340,MVI_40871,658,0,1782360071.0202742,0.002002239227294922
123341,MVI_40871,621,0,1782360071.0222976,0.002023458480834961
123342,MVI_40871,138,0,1782360071.0242743,0.0019767284393310547
123343,MVI_40871,230,0,1782360071.0262961,0.00202178955078125
123344,MVI_40871,447,0,1782360071.0283418,0.0020456314086914062
123345,MVI_40871,823,0,1782360071.0302582,0.0019164085388183594
123346,MVI_40871,715,0,1782360071.0322728,0.002014636993408203
123347,MVI_40871,1,0,1782360071.0343444,0.0020716190338134766
123348,MVI_40871,821,0,1782360071.0362716,0.0019271373748779297
123349,MVI_40871,565,0,1782360071.0382571,0.0019855499267578125
123350,MVI_40871,44,0,1782360071.0403404,0.002083301544189453
123351,MVI_40871,689,0,1782360071.0422657,0.0019252300262451172
123352,MVI_40871,657,0,1782360071.0442572,0.0019915103912353516
123353,MVI_40871,588,0,1782360071.0463548,0.002097606658935547
123354,MVI_40871,277,0,1782360071.0482728,0.0019180774688720703
123355,MVI_40871,54,0,1782360071.0502565,0.001983642578125
123356,MVI_40871,78,0,1782360071.052343,0.0020864009857177734
123357,MVI_40871,421,0,1782360071.0542626,0.0019197463989257812
123358,MVI_40871,201,0,1782360071.0562563,0.0019936561584472656
123359,MVI_40871,805,0,1782360071.0583403,0.002084016799926758
123360,MVI_40871,567,0,1782360071.0602734,0.0019330978393554688
123361,MVI_40871,125,0,1782360071.0622592,0.001985788345336914
123362,MVI_40871,704,0,1782360071.0643451,0.0020859241485595703
123363,MVI_40871,195,0,1782360071.0662587,0.0019135475158691406
123364,MVI_40871,393,0,1782360071.06826,0.0020012855529785156
123365,MVI_40871,396,0,1782360071.0703394,0.002079486846923828
123366,MVI_40871,742,0,1782360071.0722604,0.001920938491821289
123367,MVI_40871,683,0,1782360071.0742579,0.0019974708557128906
123368,MVI_40871,222,0,1782360071.0763407,0.00208282470703125
123369,MVI_40871,422,0,1782360071.078272,0.0019314289093017578
123370,MVI_40871,564,0,1782360071.0802555,0.0019834041595458984
123371,MVI_40871,253,0,1782360071.0823395,0.002084016799926758
123372,MVI_40871,320,0,1782360071.0842657,0.0019261837005615234
123373,MVI_40871,291,0,1782360071.0862563,0.0019905567169189453
123374,MVI_40871,824,0,1782360071.08834,0.0020837783813476562
123375,MVI_40871,528,0,1782360071.0902674,0.0019273757934570312
123376,MVI_40871,809,0,1782360071.0922582,0.001990795135498047
123377,MVI_40871,177,0,1782360071.0943396,0.0020813941955566406
123378,MVI_40871,414,0,1782360071.0962803,0.0019407272338867188
123379,MVI_40871,312,0,1782360071.0982568,0.001976490020751953
123380,MVI_40871,85,0,1782360071.1003387,0.0020818710327148438
123381,MVI_40871,45,0,1782360071.1022696,0.0019309520721435547
123382,MVI_40871,781,0,1782360071.104261,0.00199127197265625
123383,MVI_40871,672,0,1782360071.1063423,0.0020813941955566406
123384,MVI_40871,135,0,1782360071.108271,0.001928567886352539
123385,MVI_40871,481,0,1782360071.110353,0.0020821094512939453
123386,MVI_40871,549,0,1782360071.1123633,0.002010345458984375
123387,MVI_40871,115,0,1782360071.114519,0.0021555423736572266
123388,MVI_40871,280,0,1782360071.1163409,0.0018219947814941406
123389,MVI_40871,55,0,1782360071.1183488,0.0020079612731933594
123390,MVI_40871,95,0,1782360071.1205254,0.002176523208618164
123391,MVI_40871,749,0,1782360071.1223428,0.001817464828491211
123392,MVI_40871,358,0,1782360071.1243522,0.0020093917846679688
123393,MVI_40871,181,0,1782360071.1263766,0.002024412155151367
123394,MVI_40871,42,0,1782360071.1283445,0.001967906951904297
123395,MVI_40871,471,0,1782360071.1304612,0.002116680145263672
123396,MVI_40871,649,0,1782360071.1323547,0.0018935203552246094
123397,MVI_40871,144,0,1782360071.1343455,0.001990795135498047
123398,MVI_40871,346,0,1782360071.1363728,0.002027273178100586
123399,MVI_40871,758,0,1782360071.1385238,0.002151012420654297
123400,MVI_40871,261,0,1782360071.1403449,0.0018210411071777344
123401,MVI_40871,171,0,1782360071.1423628,0.002017974853515625
123402,MVI_40871,83,0,1782360071.144523,0.0021600723266601562
123403,MVI_40871,843,0,1782360071.1463366,0.001813650131225586
123404,MVI_40871,548,0,1782360071.1483467,0.0020101070404052734
123405,MVI_40871,839,0,1782360071.1503825,0.002035856246948242
123406,MVI_40871,582,0,1782360071.1523218,0.0019392967224121094
123407,MVI_40871,437,0,1782360071.154347,0.002025127410888672
123408,MVI_40871,619,0,1782360071.1565228,0.0021758079528808594
123409,MVI_40871,7,0,1782360071.1583424,0.001819610595703125
123410,MVI_40871,659,0,1782360071.1603477,0.002005338668823242
123411,MVI_40871,726,0,1782360071.162527,0.002179384231567383
123412,MVI_40871,151,0,1782360071.1643074,0.0017802715301513672
123413,MVI_40871,344,0,1782360071.1663468,0.0020394325256347656
123414,MVI_40871,229,0,1782360071.1685123,0.002165555953979492
123415,MVI_40871,341,0,1782360071.1703086,0.0017962455749511719
123416,MVI_40871,314,0,1782360071.1723485,0.0020399093627929688
123417,MVI_40871,756,0,1782360071.174518,0.0021696090698242188
123418,MVI_40871,269,0,1782360071.1763268,0.0018086433410644531
123419,MVI_40871,9,0,1782360071.1783457,0.0020189285278320312
123420,MVI_40871,771,0,1782360071.1805193,0.0021736621856689453
123421,MVI_40871,295,0,1782360071.1823087,0.0017893314361572266
123422,MVI_40871,285,0,1782360071.1843464,0.0020377635955810547
123423,MVI_40871,386,0,1782360071.1865165,0.002170085906982422
123424,MVI_40871,306,0,1782360071.1883104,0.0017938613891601562
123425,MVI_40871,669,0,1782360071.1903436,0.002033233642578125
123426,MVI_40871,431,0,1782360071.1925156,0.0021719932556152344
123427,MVI_40871,460,0,1782360071.1943455,0.0018298625946044922
123428,MVI_40871,48,0,1782360071.19636,0.002014636993408203
123429,MVI_40871,555,0,1782360071.1985207,0.0021605491638183594
123430,MVI_40871,474,0,1782360071.2003431,0.0018224716186523438
123431,MVI_40871,200,0,1782360071.202392,0.002048969268798828
123432,MVI_40871,613,0,1782360071.2045202,0.002128124237060547
123433,MVI_40871,252,0,1782360071.2063398,0.001819610595703125
123434,MVI_40871,836,0,1782360071.2083588,0.0020189285278320312
123435,MVI_40871,685,0,1782360071.210525,0.002166271209716797
123436,MVI_40871,654,0,1782360071.2123454,0.0018203258514404297
123437,MVI_40871,173,0,1782360071.2145402,0.0021948814392089844
123438,MVI_40871,193,0,1782360071.2163832,0.0018429756164550781
123439,MVI_40871,578,0,1782360071.2183647,0.001981496810913086
123440,MVI_40871,738,0,1782360071.220376,0.0020112991333007812
123441,MVI_40871,483,0,1782360071.2225301,0.002154111862182617
123442,MVI_40871,630,0,1782360071.2243428,0.0018126964569091797
123443,MVI_40871,563,0,1782360071.2263734,0.002030611038208008
123444,MVI_40871,641,0,1782360071.2283728,0.001999378204345703
123445,MVI_40871,378,0,1782360071.2303417,0.001968860626220703
123446,MVI_40871,463,0,1782360071.23236,0.0020182132720947266
123447,MVI_40871,653,0,1782360071.2345145,0.0021545886993408203
123448,MVI_40871,79,0,1782360071.2363415,0.0018270015716552734
123449,MVI_40871,719,0,1782360071.238529,0.002187490463256836
123450,MVI_40871,492,0,1782360071.240387,0.0018579959869384766
123451,MVI_40871,4,0,1782360071.2423441,0.0019571781158447266
123452,MVI_40871,651,0,1782360071.2443593,0.0020151138305664062
123453,MVI_40871,297,0,1782360071.2465272,0.002167940139770508
123454,MVI_40871,469,0,1782360071.2483442,0.0018169879913330078
123455,MVI_40871,326,0,1782360071.2505326,0.002188444137573242
123456,MVI_40871,279,0,1782360071.2523894,0.0018568038940429688
123457,MVI_40871,309,0,1782360071.254363,0.0019736289978027344
123458,MVI_40871,175,0,1782360071.256375,0.002012014389038086
123459,MVI_40871,616,0,1782360071.2585351,0.0021600723266601562
123460,MVI_40871,594,0,1782360071.2603447,0.0018095970153808594
123461,MVI_40871,614,0,1782360071.2625408,0.002196073532104492
123462,MVI_40871,278,0,1782360071.2643836,0.0018427371978759766
123463,MVI_40871,270,0,1782360071.266343,0.001959562301635742
123464,MVI_40871,32,0,1782360071.268376,0.0020329952239990234
123465,MVI_40871,19,0,1782360071.2705235,0.0021474361419677734
123466,MVI_40871,384,0,1782360071.272344,0.0018205642700195312
123467,MVI_40871,289,0,1782360071.2745285,0.0021843910217285156
123468,MVI_40871,266,0,1782360071.276356,0.0018274784088134766
123469,MVI_40871,415,0,1782360071.278343,0.001986980438232422
123470,MVI_40871,511,0,1782360071.2805746,0.002231597900390625
123471,MVI_40871,52,0,1782360071.2823873,0.0018126964569091797
123472,MVI_40871,736,0,1782360071.2843444,0.0019571781158447266
123473,MVI_40871,467,0,1782360071.2865539,0.0022094249725341797
123474,MVI_40871,97,0,1782360071.2883844,0.0018305778503417969
123475,MVI_40871,103,0,1782360071.290342,0.0019576549530029297
123476,MVI_40871,686,0,1782360071.2923505,0.0020084381103515625
123477,MVI_40871,0,0,1782360071.294518,0.0021674633026123047
123478,MVI_40871,113,0,1782360071.2963433,0.0018253326416015625
123479,MVI_40871,381,0,1782360071.298361,0.0020177364349365234
123480,MVI_40871,140,0,1782360071.300516,0.002154827117919922
123481,MVI_40871,795,0,1782360071.3023446,0.0018286705017089844
123482,MVI_40871,680,0,1782360071.3045652,0.002220630645751953
123483,MVI_40871,124,0,1782360071.3063798,0.0018146038055419922
123484,MVI_40871,71,0,1782360071.3083727,0.001992940902709961
123485,MVI_40871,581,0,1782360071.3105083,0.0021355152130126953
123486,MVI_40871,461,0,1782360071.3123713,0.0018630027770996094
123487,MVI_40871,774,0,1782360071.3143425,0.0019712448120117188
123488,MVI_40871,333,0,1782360071.3163595,0.0020170211791992188
123489,MVI_40871,2,0,1782360071.3185265,0.0021669864654541016
123490,MVI_40871,794,0,1782360071.320344,0.001817464828491211
123491,MVI_40871,39,0,1782360071.3223479,0.002003908157348633
123492,MVI_40871,610,0,1782360071.3245263,0.0021784305572509766
123493,MVI_40871,330,0,1782360071.3263419,0.0018155574798583984
123494,MVI_40871,63,0,1782360071.3283668,0.0020248889923095703
123495,MVI_40871,137,0,1782360071.3305225,0.002155780792236328
123496,MVI_40871,178,0,1782360071.3323417,0.0018191337585449219
123497,MVI_40871,559,0,1782360071.3343644,0.0020227432250976562
123498,MVI_40871,556,0,1782360071.3365445,0.0021800994873046875
123499,MVI_40871,509,0,1782360071.3383443,0.0017998218536376953
123500,MVI_40871,789,0,1782360071.340373,0.0020287036895751953
123501,MVI_40871,723,0,1782360071.342353,0.0019800662994384766
123502,MVI_40871,152,0,1782360071.3445513,0.0021982192993164062
123503,MVI_40871,66,0,1782360071.3463619,0.0018105506896972656
123504,MVI_40871,339,0,1782360071.3483326,0.0019707679748535156
123505,MVI_40871,546,0,1782360071.3503401,0.0020074844360351562
123506,MVI_40871,264,0,1782360071.3525486,0.0022084712982177734
123507,MVI_40871,822,0,1782360071.354343,0.0017943382263183594
123508,MVI_40871,650,0,1782360071.3565135,0.002170562744140625
123509,MVI_40871,209,0,1782360071.3583655,0.0018520355224609375
123510,MVI_40871,553,0,1782360071.3605213,0.002155780792236328
123511,MVI_40871,53,0,1782360071.3623433,0.0018219947814941406
123512,MVI_40871,367,0,1782360071.364652,0.0023086071014404297
123513,MVI_40871,592,0,1782360071.366512,0.0018601417541503906
123514,MVI_40871,225,0,1782360071.3683496,0.0018374919891357422
123515,MVI_40871,388,0,1782360071.3705318,0.0021822452545166016
123516,MVI_40871,329,0,1782360071.3723335,0.0018017292022705078
123517,MVI_40871,224,0,1782360071.3745072,0.0021736621856689453
123518,MVI_40871,12,0,1782360071.3763673,0.0018601417541503906
123519,MVI_40871,762,0,1782360071.378551,0.002183675765991211
123520,MVI_40871,262,0,1782360105.1342623,0.0
123521,MVI_40871,731,0,1782360105.1361947,0.001932382583618164
123522,MVI_40871,732,0,1782360105.138358,0.002163410186767578
123523,MVI_40871,273,0,1782360105.1401975,0.0018393993377685547
123524,MVI_40871,422,0,1782360105.1422398,0.0020422935485839844
123525,MVI_40871,261,0,1782360105.144434,0.0021941661834716797
123526,MVI_40871,297,0,1782360105.146281,0.0018470287322998047
123527,MVI_40871,269,0,1782360105.1481845,0.001903533935546875
123528,MVI_40871,234,0,1782360105.1504023,0.0022177696228027344
123529,MVI_40871,536,0,1782360105.1522958,0.0018935203552246094
123530,MVI_40871,591,0,1782360105.154196,0.0019001960754394531
123531,MVI_40871,327,0,1782360105.1564467,0.00225067138671875
123532,MVI_40871,657,0,1782360105.1582284,0.0017817020416259766
123533,MVI_40871,724,0,1782360105.1603653,0.0021369457244873047
123534,MVI_40871,380,0,1782360105.1625705,0.0022051334381103516
123535,MVI_40871,702,0,1782360105.1642141,0.0016436576843261719
123536,MVI_40871,300,0,1782360105.1662204,0.0020062923431396484
123537,MVI_40871,440,0,1782360105.1682367,0.002016305923461914
123538,MVI_40871,799,0,1782360105.1702106,0.001973867416381836
123539,MVI_40871,251,0,1782360105.1721807,0.001970052719116211
123540,MVI_40871,839,0,1782360105.174258,0.002077341079711914
123541,MVI_40871,186,0,1782360105.1762106,0.0019526481628417969
123542,MVI_40871,357,0,1782360105.1781776,0.0019669532775878906
123543,MVI_40871,282,0,1782360105.1802533,0.002075672149658203
123544,MVI_40871,379,0,1782360105.182246,0.0019927024841308594
123545,MVI_40871,214,0,1782360105.1842504,0.002004384994506836
123546,MVI_40871,587,0,1782360105.1862326,0.0019822120666503906
123547,MVI_40871,95,0,1782360105.1882455,0.002012968063354492
123548,MVI_40871,216,0,1782360105.1903589,0.00211334228515625
123549,MVI_40871,583,0,1782360105.192338,0.0019791126251220703
123550,MVI_40871,490,0,1782360105.1942003,0.0018622875213623047
123551,MVI_40871,789,0,1782360105.1962247,0.002024412155151367
123552,MVI_40871,508,0,1782360105.198237,0.0020122528076171875
123553,MVI_40871,221,0,1782360105.2001922,0.001955270767211914
123554,MVI_40871,485,0,1782360105.2022164,0.0020241737365722656
123555,MVI_40871,634,0,1782360105.204216,0.0019996166229248047
123556,MVI_40871,679,0,1782360105.2062078,0.001991748809814453
123557,MVI_40871,648,0,1782360105.20825,0.0020422935485839844
123558,MVI_40871,524,0,1782360105.2102532,0.002003192901611328
123559,MVI_40871,493,0,1782360105.212237,0.001983642578125
123560,MVI_40871,395,0,1782360105.2142496,0.0020127296447753906
123561,MVI_40871,90,0,1782360105.2165525,0.002302885055541992
123562,MVI_40871,711,0,1782360105.2184932,0.0019407272338867188
123563,MVI_40871,438,0,1782360105.2204428,0.0019495487213134766
123564,MVI_40871,460,0,1782360105.222452,0.002009153366088867
123565,MVI_40871,176,0,1782360105.2242475,0.0017955303192138672
123566,MVI_40871,350,0,1782360105.2264588,0.002211332321166992
123567,MVI_40871,159,0,1782360105.2284548,0.0019960403442382812
123568,MVI_40871,502,0,1782360105.230272,0.0018172264099121094
123569,MVI_40871,404,0,1782360105.232452,0.002179861068725586
123570,MVI_40871,458,0,1782360105.2346344,0.002182483673095703
123571,MVI_40871,346,0,1782360105.2362077,0.001573324203491211
123572,MVI_40871,407,0,1782360105.2382636,0.0020558834075927734
123573,MVI_40871,6,0,1782360105.2402601,0.0019965171813964844
123574,MVI_40871,658,0,1782360105.2422533,0.0019931793212890625
123575,MVI_40871,399,0,1782360105.2442446,0.00199127197265625
123576,MVI_40871,533,0,1782360105.2464228,0.002178192138671875
123577,MVI_40871,598,0,1782360105.248263,0.0018401145935058594
123578,MVI_40871,239,0,1782360105.2505643,0.002301454544067383
123579,MVI_40871,459,0,1782360105.252549,0.0019845962524414062
123580,MVI_40871,707,0,1782360105.254258,0.001708984375
123581,MVI_40871,527,0,1782360105.2565694,0.0023114681243896484
123582,MVI_40871,704,0,1782360105.2582927,0.0017232894897460938
123583,MVI_40871,18,0,1782360105.2604222,0.0021295547485351562
123584,MVI_40871,26,0,1782360105.2622495,0.001827239990234375
123585,MVI_40871,787,0,1782360105.2644622,0.0022127628326416016
123586,MVI_40871,823,0,1782360105.2662494,0.0017871856689453125
123587,MVI_40871,388,0,1782360105.2685883,0.002338886260986328
123588,MVI_40871,509,0,1782360105.270294,0.0017056465148925781
123589,MVI_40871,501,0,1782360105.272245,0.001950979232788086
123590,MVI_40871,518,0,1782360105.2742465,0.002001523971557617
123591,MVI_40871,62,0,1782360105.2762806,0.0020341873168945312
123592,MVI_40871,600,0,1782360105.2782085,0.0019278526306152344
123593,MVI_40871,680,0,1782360105.280283,0.0020744800567626953
123594,MVI_40871,304,0,1782360105.2825444,0.0022614002227783203
123595,MVI_40871,311,0,1782360105.2844868,0.0019423961639404297
123596,MVI_40871,11,0,1782360105.2862933,0.001806497573852539
123597,MVI_40871,636,0,1782360105.2884228,0.0021295547485351562
123598,MVI_40871,48,0,1782360105.2902553,0.0018324851989746094
123599,MVI_40871,210,0,1782360105.292421,0.0021657943725585938
123600,MVI_40871,471,0,1782360105.2944329,0.0020117759704589844
123601,MVI_40871,750,0,1782360105.2962525,0.001819610595703125
123602,MVI_40871,16,0,1782360105.2982893,0.0020368099212646484
123603,MVI_40871,649,0,1782360105.3005657,0.0022764205932617188
123604,MVI_40871,712,0,1782360105.3022537,0.0016880035400390625
123605,MVI_40871,279,0,1782360105.3044364,0.0021827220916748047
123606,MVI_40871,45,0,1782360105.3062892,0.0018527507781982422
123607,MVI_40871,283,0,1782360105.308127,0.0018377304077148438
123608,MVI_40871,220,0,1782360105.3104672,0.0023403167724609375
123609,MVI_40871,337,0,1782360105.3122447,0.0017774105072021484
123610,MVI_40871,668,0,1782360105.314409,0.0021643638610839844
123611,MVI_40871,82,0,1782360105.3162103,0.0018012523651123047
123612,MVI_40871,403,0,1782360105.318538,0.0023276805877685547
123613,MVI_40871,519,0,1782360105.3202248,0.0016868114471435547
123614,MVI_40871,409,0,1782360105.3224163,0.0021915435791015625
123615,MVI_40871,691,0,1782360105.3244143,0.0019979476928710938
123616,MVI_40871,760,0,1782360105.3262186,0.001804351806640625
123617,MVI_40871,256,0,1782360105.3284152,0.0021965503692626953
123618,MVI_40871,545,0,1782360105.3302073,0.0017921924591064453
123619,MVI_40871,387,0,1782360105.3325183,0.0023109912872314453
123620,MVI_40871,672,0,1782360105.3345377,0.0020194053649902344
123621,MVI_40871,444,0,1782360105.336388,0.0018503665924072266
123622,MVI_40871,578,0,1782360105.338208,0.0018198490142822266
123623,MVI_40871,569,0,1782360105.3403895,0.002181529998779297
123624,MVI_40871,241,0,1782360105.342208,0.0018184185028076172
123625,MVI_40871,568,0,1782360105.3445199,0.0023119449615478516
123626,MVI_40871,543,0,1782360105.3464186,0.0018987655639648438
123627,MVI_40871,406,0,1782360105.3484247,0.002006053924560547
123628,MVI_40871,195,0,1782360105.3503842,0.001959562301635742
123629,MVI_40871,675,0,1782360105.352403,0.0020186901092529297
123630,MVI_40871,376,0,1782360105.3544583,0.0020554065704345703
123631,MVI_40871,571,0,1782360105.3562102,0.0017518997192382812
123632,MVI_40871,630,0,1782360105.3584425,0.0022323131561279297
123633,MVI_40871,208,0,1782360105.3601987,0.0017561912536621094
123634,MVI_40871,419,0,1782360105.3624067,0.0022079944610595703
123635,MVI_40871,832,0,1782360105.364235,0.0018281936645507812
123636,MVI_40871,498,0,1782360105.3664396,0.0022046566009521484
123637,MVI_40871,8,0,1782360105.3682477,0.00180816650390625
123638,MVI_40871,381,0,1782360105.370442,0.0021941661834716797
123639,MVI_40871,699,0,1782360105.372392,0.0019500255584716797
123640,MVI_40871,148,0,1782360105.3743944,0.0020024776458740234
123641,MVI_40871,224,0,1782360105.3762422,0.0018477439880371094
123642,MVI_40871,818,0,1782360105.378564,0.0023217201232910156
123643,MVI_40871,309,0,1782360105.3802617,0.0016977787017822266
123644,MVI_40871,676,0,1782360105.3824668,0.0022051334381103516
123645,MVI_40871,174,0,1782360105.3842576,0.001790761947631836
123646,MVI_40871,365,0,1782360105.3863754,0.0021178722381591797
123647,MVI_40871,684,0,1782360105.388208,0.0018324851989746094
123648,MVI_40871,21,0,1782360105.3904045,0.0021965503692626953
123649,MVI_40871,314,0,1782360105.3922217,0.0018172264099121094
123650,MVI_40871,778,0,1782360105.394413,0.002191305160522461
123651,MVI_40871,145,0,1782360105.3962064,0.0017933845520019531
123652,MVI_40871,585,0,1782360105.3983896,0.002183198928833008
123653,MVI_40871,572,0,1782360105.4002054,0.0018157958984375
123654,MVI_40871,612,0,1782360105.402407,0.002201557159423828
123655,MVI_40871,284,0,1782360105.4042199,0.0018129348754882812
123656,MVI_40871,797,0,1782360105.4064107,0.002190828323364258
123657,MVI_40871,848,0,1782360105.4084098,0.0019991397857666016
123658,MVI_40871,274,0,1782360105.4102185,0.0018086433410644531
123659,MVI_40871,192,0,1782360105.412413,0.0021944046020507812
123660,MVI_40871,344,0,1782360105.414406,0.0019931793212890625
123661,MVI_40871,791,0,1782360105.4162197,0.001813650131225586
123662,MVI_40871,449,0,1782360105.4184077,0.002187967300415039
123663,MVI_40871,291,0,1782360105.4204102,0.0020024776458740234
123664,MVI_40871,756,0,1782360105.422219,0.0018088817596435547
123665,MVI_40871,255,0,1782360105.4244156,0.0021965503692626953
123666,MVI_40871,275,0,1782360105.4264042,0.001988649368286133
123667,MVI_40871,523,0,1782360105.428219,0.0018148422241210938
123668,MVI_40871,611,0,1782360105.4304137,0.002194643020629883
123669,MVI_40871,696,0,1782360105.4324124,0.0019986629486083984
123670,MVI_40871,811,0,1782360105.43422,0.0018076896667480469
123671,MVI_40871,144,0,1782360105.4364119,0.002191781997680664
123672,MVI_40871,617,0,1782360105.438406,0.0019941329956054688
123673,MVI_40871,586,0,1782360105.4402187,0.0018126964569091797
123674,MVI_40871,764,0,1782360105.442419,0.0022003650665283203
123675,MVI_40871,94,0,1782360105.4444103,0.00199127197265625
123676,MVI_40871,372,0,1782360105.4462192,0.0018088817596435547
123677,MVI_40871,551,0,1782360105.4484131,0.002193927764892578
123678,MVI_40871,369,0,1782360105.450205,0.0017919540405273438
123679,MVI_40871,93,0,1782360105.452393,0.002187967300415039
123680,MVI_40871,89,0,1782360105.4542093,0.0018162727355957031
123681,MVI_40871,688,0,1782360105.4564114,0.0022020339965820312
123682,MVI_40871,429,0,1782360105.4582198,0.0018084049224853516
123683,MVI_40871,37,0,1782360105.4604173,0.0021975040435791016
123684,MVI_40871,136,0,1782360105.462212,0.0017948150634765625
123685,MVI_40871,484,0,1782360105.4643888,0.0021767616271972656
123686,MVI_40871,377,0,1782360105.4662075,0.0018186569213867188
123687,MVI_40871,726,0,1782360105.4684098,0.002202272415161133
123688,MVI_40871,728,0,1782360105.470221,0.0018112659454345703
123689,MVI_40871,411,0,1782360105.4724095,0.002188444137573242
123690,MVI_40871,168,0,1782360105.474207,0.0017974376678466797
123691,MVI_40871,76,0,1782360105.476389,0.0021820068359375
123692,MVI_40871,44,0,1782360105.4782047,0.0018157958984375
123693,MVI_40871,394,0,1782360105.4804087,0.0022039413452148438
123694,MVI_40871,828,0,1782360105.4822252,0.0018165111541748047
123695,MVI_40871,183,0,1782360105.4844127,0.002187490463256836
123696,MVI_40871,753,0,1782360105.4864073,0.001994609832763672
123697,MVI_40871,287,0,1782360105.4882236,0.0018162727355957031
123698,MVI_40871,546,0,1782360105.4904108,0.0021872520446777344
123699,MVI_40871,506,0,1782360105.4924083,0.0019974708557128906
123700,MVI_40871,384,0,1782360105.4942195,0.0018112659454345703
123701,MVI_40871,328,0,1782360105.4964147,0.002195119857788086
123702,MVI_40871,103,0,1782360105.4983964,0.0019817352294921875
123703,MVI_40871,131,0,1782360105.5002196,0.0018231868743896484
123704,MVI_40871,674,0,1782360105.5023997,0.0021800994873046875
123705,MVI_40871,517,0,1782360105.5044081,0.0020084381103515625
123706,MVI_40871,199,0,1782360105.5062184,0.001810312271118164
123707,MVI_40871,318,0,1782360105.5084107,0.002192258834838867
123708,MVI_40871,68,0,1782360105.5104053,0.001994609832763672
123709,MVI_40871,494,0,1782360105.5122175,0.0018122196197509766
123710,MVI_40871,190,0,1782360105.5144064,0.0021889209747314453
123711,MVI_40871,741,0,1782360105.516206,0.0017995834350585938
123712,MVI_40871,641,0,1782360105.518428,0.0022220611572265625
123713,MVI_40871,31,0,1782360105.5202084,0.0017802715301513672
123714,MVI_40871,806,0,1782360105.5224323,0.002223968505859375
123715,MVI_40871,624,0,1782360105.5242095,0.0017771720886230469
123716,MVI_40871,278,0,1782360105.5264163,0.0022068023681640625
123717,MVI_40871,203,0,1782360105.5282075,0.001791238784790039
123718,MVI_40871,763,0,1782360105.530402,0.0021944046020507812
123719,MVI_40871,780,0,1782360105.5322094,0.0018074512481689453
123720,MVI_40871,92,0,1782360105.534418,0.002208709716796875
123721,MVI_40871,167,0,1782360105.5362225,0.001804351806640625
123722,MVI_40871,370,0,1782360105.5384235,0.002201080322265625
123723,MVI_40871,19,0,1782360105.540425,0.002001523971557617
123724,MVI_40871,788,0,1782360105.542224,0.001798868179321289
123725,MVI_40871,670,0,1782360105.5444279,0.0022039413452148438
123726,MVI_40871,557,0,1782360105.5464175,0.001989603042602539
123727,MVI_40871,681,0,1782360105.5482225,0.0018050670623779297
123728,MVI_40871,769,0,1782360105.5504148,0.002192258834838867
123729,MVI_40871,117,0,1782360105.552411,0.001996278762817383
123730,MVI_40871,633,0,1782360105.5542223,0.0018112659454345703
123731,MVI_40871,827,0,1782360105.5564194,0.0021970272064208984
123732,MVI_40871,139,0,1782360105.5584173,0.0019979476928710938
123733,MVI_40871,405,0,1782360105.5602207,0.0018033981323242188
123734,MVI_40871,65,0,1782360105.5624127,0.0021920204162597656
123735,MVI_40871,725,0,1782360105.5644135,0.0020008087158203125
123736,MVI_40871,264,0,1782360105.5662222,0.0018086433410644531
123737,MVI_40871,127,0,1782360105.5684261,0.0022039413452148438
123738,MVI_40871,217,0,1782360105.5704167,0.0019905567169189453
123739,MVI_40871,473,0,1782360105.5722206,0.0018038749694824219
123740,MVI_40871,794,0,1782360105.5744195,0.002198934555053711
123741,MVI_40871,302,0,1782360105.5764184,0.0019989013671875
123742,MVI_40871,165,0,1782360105.578221,0.001802682876586914
123743,MVI_40871,447,0,1782360105.5804217,0.002200603485107422
123744,MVI_40871,528,0,1782360105.5824177,0.0019960403442382812
123745,MVI_40871,434,0,1782360105.5842216,0.0018038749694824219
123746,MVI_40871,465,0,1782360105.5864165,0.0021948814392089844
123747,MVI_40871,428,0,1782360105.588582,0.002165555953979492
123748,MVI_40871,155,0,1782360105.5902998,0.0017178058624267578
123749,MVI_40871,52,0,1782360105.5925882,0.002288341522216797
123750,MVI_40871,40,0,1782360105.5945637,0.001975536346435547
123751,MVI_40871,30,0,1782360105.5963995,0.0018358230590820312
123752,MVI_40871,468,0,1782360105.5982594,0.001859903335571289
123753,MVI_40871,758,0,1782360105.600552,0.002292633056640625
123754,MVI_40871,260,0,1782360105.6022592,0.0017070770263671875
123755,MVI_40871,175,0,1782360105.6045449,0.0022857189178466797
123756,MVI_40871,266,0,1782360105.6063545,0.0018095970153808594
123757,MVI_40871,253,0,1782360105.608586,0.002231597900390625
123758,MVI_40871,330,0,1782360105.6102695,0.0016834735870361328
123759,MVI_40871,767,0,1782360105.6125555,0.0022859573364257812
123760,MVI_40871,118,0,1782360105.6142573,0.0017018318176269531
123761,MVI_40871,78,0,1782360105.6165733,0.002315998077392578
123762,MVI_40871,719,0,1782360105.6183572,0.0017838478088378906
123763,MVI_40871,664,0,1782360105.620554,0.002196788787841797
123764,MVI_40871,230,0,1782360105.6222575,0.001703500747680664
123765,MVI_40871,140,0,1782360105.6245644,0.0023069381713867188
123766,MVI_40871,678,0,1782360105.6262584,0.0016939640045166016
123767,MVI_40871,315,0,1782360105.6285403,0.0022819042205810547
123768,MVI_40871,580,0,1782360105.6303484,0.00180816650390625
123769,MVI_40871,593,0,1782360105.6324053,0.0020568370819091797
123770,MVI_40871,402,0,1782360105.6344707,0.002065420150756836
123771,MVI_40871,106,0,1782360105.6364317,0.0019609928131103516
123772,MVI_40871,717,0,1782360105.6382565,0.0018248558044433594
123773,MVI_40871,36,0,1782360105.640546,0.0022895336151123047
123774,MVI_40871,589,0,1782360105.6424005,0.0018544197082519531
123775,MVI_40871,785,0,1782360105.6444397,0.002039194107055664
123776,MVI_40871,625,0,1782360105.646401,0.001961231231689453
123777,MVI_40871,816,0,1782360105.6485455,0.0021445751190185547
123778,MVI_40871,292,0,1782360105.650258,0.0017125606536865234
123779,MVI_40871,626,0,1782360105.6523979,0.0021398067474365234
123780,MVI_40871,749,0,1782360105.6545424,0.0021445751190185547
123781,MVI_40871,570,0,1782360105.656259,0.00171661376953125
123782,MVI_40871,324,0,1782360105.6585782,0.0023190975189208984
123783,MVI_40871,17,0,1782360105.6604028,0.0018246173858642578
123784,MVI_40871,762,0,1782360105.6624436,0.002040863037109375
123785,MVI_40871,820,0,1782360105.664401,0.001957416534423828
123786,MVI_40871,254,0,1782360105.6665502,0.0021491050720214844
123787,MVI_40871,810,0,1782360105.6682575,0.001707315444946289
123788,MVI_40871,420,0,1782360105.6705542,0.0022966861724853516
123789,MVI_40871,421,0,1782360105.6724072,0.0018529891967773438
123790,MVI_40871,461,0,1782360105.6744418,0.0020346641540527344
123791,MVI_40871,833,0,1782360105.6764073,0.0019655227661132812
123792,MVI_40871,538,0,1782360105.6785629,0.0021555423736572266
123793,MVI_40871,733,0,1782360105.680257,0.0016942024230957031
123794,MVI_40871,742,0,1782360105.682553,0.002295970916748047
123795,MVI_40871,115,0,1782360105.6843972,0.001844167709350586
123796,MVI_40871,277,0,1782360105.6864467,0.0020494461059570312
123797,MVI_40871,232,0,1782360105.6882787,0.0018320083618164062
123798,MVI_40871,793,0,1782360105.6904275,0.002148866653442383
123799,MVI_40871,164,0,1782360105.692235,0.0018074512481689453
123800,MVI_40871,525,0,1782360105.69443,0.002195119857788086
123801,MVI_40871,205,0,1782360105.69642,0.0019898414611816406
123802,MVI_40871,715,0,1782360105.6981924,0.0017724037170410156
123803,MVI_40871,347,0,1782360105.7002974,0.0021049976348876953
123804,MVI_40871,821,0,1782360105.7023706,0.0020732879638671875
123805,MVI_40871,138,0,1782360105.7042718,0.0019011497497558594
123806,MVI_40871,56,0,1782360105.7066345,0.0023627281188964844
123807,MVI_40871,119,0,1782360105.7083166,0.0016820430755615234
123808,MVI_40871,152,0,1782360105.7102787,0.0019621849060058594
123809,MVI_40871,193,0,1782360105.7125607,0.0022819042205810547
123810,MVI_40871,25,0,1782360105.7144039,0.0018432140350341797
123811,MVI_40871,14,0,1782360105.7164607,0.0020568370819091797
123812,MVI_40871,575,0,1782360105.718398,0.0019373893737792969
123813,MVI_40871,662,0,1782360105.7205875,0.0021893978118896484
123814,MVI_40871,481,0,1782360105.7222955,0.0017080307006835938
123815,MVI_40871,194,0,1782360105.7245674,0.002271890640258789
123816,MVI_40871,272,0,1782360105.7265697,0.002002239227294922
123817,MVI_40871,171,0,1782360105.7282662,0.0016965866088867188
123818,MVI_40871,845,0,1782360105.7305996,0.002333402633666992
123819,MVI_40871,233,0,1782360105.7324367,0.001837015151977539
123820,MVI_40871,133,0,1782360105.7342675,0.0018308162689208984
123821,MVI_40871,537,0,1782360105.736628,0.0023605823516845703
123822,MVI_40871,67,0,1782360105.7384107,0.0017826557159423828
123823,MVI_40871,142,0,1782360105.740269,0.0018582344055175781
123824,MVI_40871,305,0,1782360105.7425892,0.0023202896118164062
123825,MVI_40871,222,0,1782360105.7444313,0.0018420219421386719
123826,MVI_40871,10,0,1782360105.7462683,0.001837015151977539
123827,MVI_40871,215,0,1782360105.7485971,0.0023288726806640625
123828,MVI_40871,504,0,1782360105.7504127,0.0018155574798583984
123829,MVI_40871,331,0,1782360105.7522674,0.0018546581268310547
123830,MVI_40871,804,0,1782360105.7547133,0.0024459362030029297
123831,MVI_40871,240,0,1782360105.756503,0.0017898082733154297
123832,MVI_40871,446,0,1782360105.7584066,0.001903533935546875
123833,MVI_40871,340,0,1782360105.7603686,0.001961946487426758
123834,MVI_40871,29,0,1782360105.7624617,0.002093076705932617
123835,MVI_40871,197,0,1782360105.7642524,0.001790761947631836
123836,MVI_40871,9,0,1782360105.7664678,0.0022153854370117188
123837,MVI_40871,317,0,1782360105.7682402,0.0017724037170410156
123838,MVI_40871,643,0,1782360105.7702727,0.0020325183868408203
123839,MVI_40871,513,0,1782360105.7726142,0.0023415088653564453
123840,MVI_40871,355,0,1782360105.7744563,0.0018420219421386719
123841,MVI_40871,417,0,1782360105.7762907,0.0018343925476074219
123842,MVI_40871,280,0,1782360105.7784433,0.002152681350708008
123843,MVI_40871,807,0,1782360105.7804189,0.001975536346435547
123844,MVI_40871,541,0,1782360105.7822366,0.0018177032470703125
123845,MVI_40871,727,0,1782360105.7845898,0.002353191375732422
123846,MVI_40871,242,0,1782360105.78624,0.0016503334045410156
123847,MVI_40871,360,0,1782360105.788418,0.0021779537200927734
123848,MVI_40871,661,0,1782360105.7902603,0.0018422603607177734
123849,MVI_40871,581,0,1782360105.7925742,0.002313852310180664
123850,MVI_40871,645,0,1782360105.794258,0.001683950424194336
123851,MVI_40871,564,0,1782360105.796567,0.0023088455200195312
123852,MVI_40871,238,0,1782360105.798252,0.0016851425170898438
123853,MVI_40871,213,0,1782360105.8002083,0.0019562244415283203
123854,MVI_40871,595,0,1782360105.802467,0.002258777618408203
123855,MVI_40871,180,0,1782360105.804421,0.0019538402557373047
123856,MVI_40871,694,0,1782360105.8062243,0.0018033981323242188
123857,MVI_40871,766,0,1782360105.808429,0.0022046566009521484
123858,MVI_40871,128,0,1782360105.8104212,0.0019922256469726562
123859,MVI_40871,246,0,1782360105.8122206,0.0017993450164794922
123860,MVI_40871,28,0,1782360105.8144484,0.002227783203125
123861,MVI_40871,290,0,1782360105.8164167,0.0019683837890625
123862,MVI_40871,805,0,1782360105.8182194,0.001802682876586914
123863,MVI_40871,100,0,1782360105.8205357,0.0023162364959716797
123864,MVI_40871,695,0,1782360105.8224242,0.0018885135650634766
123865,MVI_40871,456,0,1782360105.8242438,0.001819610595703125
123866,MVI_40871,830,0,1782360105.8264687,0.0022249221801757812
123867,MVI_40871,363,0,1782360105.8282096,0.0017409324645996094
123868,MVI_40871,512,0,1782360105.83047,0.002260446548461914
123869,MVI_40871,790,0,1782360105.8322344,0.0017642974853515625
123870,MVI_40871,757,0,1782360105.8344364,0.0022020339965820312
123871,MVI_40871,721,0,1782360105.836243,0.001806497573852539
123872,MVI_40871,759,0,1782360105.8384385,0.002195596694946289
123873,MVI_40871,258,0,1782360105.8404264,0.001987934112548828
123874,MVI_40871,50,0,1782360105.8422225,0.0017960071563720703
123875,MVI_40871,212,0,1782360105.8442311,0.002008676528930664
123876,MVI_40871,705,0,1782360105.846425,0.002193927764892578
123877,MVI_40871,160,0,1782360105.8482525,0.0018274784088134766
123878,MVI_40871,706,0,1782360105.8504426,0.002190113067626953
123879,MVI_40871,822,0,1782360105.852426,0.0019834041595458984
123880,MVI_40871,740,0,1782360105.8542516,0.001825571060180664
123881,MVI_40871,746,0,1782360105.8564322,0.0021805763244628906
123882,MVI_40871,146,0,1782360105.8584228,0.0019905567169189453
123883,MVI_40871,601,0,1782360105.86023,0.0018072128295898438
123884,MVI_40871,651,0,1782360105.8624067,0.0021767616271972656
123885,MVI_40871,412,0,1782360105.8644376,0.0020308494567871094
123886,MVI_40871,659,0,1782360105.8662362,0.0017986297607421875
123887,MVI_40871,710,0,1782360105.8684318,0.002195596694946289
123888,MVI_40871,416,0,1782360105.8704267,0.0019948482513427734
123889,MVI_40871,548,0,1782360105.8722372,0.0018105506896972656
123890,MVI_40871,349,0,1782360105.8744326,0.0021953582763671875
123891,MVI_40871,488,0,1782360105.8764114,0.0019788742065429688
123892,MVI_40871,722,0,1782360105.8782368,0.0018253326416015625
123893,MVI_40871,687,0,1782360105.8804355,0.0021986961364746094
123894,MVI_40871,77,0,1782360105.882423,0.001987457275390625
123895,MVI_40871,296,0,1782360105.8842335,0.0018105506896972656
123896,MVI_40871,113,0,1782360105.8864243,0.002190828323364258
123897,MVI_40871,689,0,1782360105.8884122,0.001987934112548828
123898,MVI_40871,345,0,1782360105.8902197,0.0018074512481689453
123899,MVI_40871,462,0,1782360105.8924267,0.002207040786743164
123900,MVI_40871,353,0,1782360105.8944187,0.0019919872283935547
123901,MVI_40871,739,0,1782360105.8962212,0.0018024444580078125
123902,MVI_40871,558,0,1782360105.8984222,0.002201080322265625
123903,MVI_40871,101,0,1782360105.900416,0.0019936561584472656
123904,MVI_40871,69,0,1782360105.9022644,0.001848459243774414
123905,MVI_40871,336,0,1782360105.9045377,0.0022733211517333984
123906,MVI_40871,135,0,1782360105.9064016,0.0018639564514160156
123907,MVI_40871,362,0,1782360105.9082096,0.0018079280853271484
123908,MVI_40871,425,0,1782360105.9104085,0.002198934555053711
123909,MVI_40871,247,0,1782360105.9125435,0.002135038375854492
123910,MVI_40871,23,0,1782360105.91422,0.0016765594482421875
123911,MVI_40871,189,0,1782360105.9164288,0.002208709716796875
123912,MVI_40871,798,0,1782360105.9185913,0.002162456512451172
123913,MVI_40871,270,0,1782360105.9202626,0.0016713142395019531
123914,MVI_40871,443,0,1782360105.9226487,0.0023860931396484375
123915,MVI_40871,319,0,1782360105.9244733,0.0018246173858642578
123916,MVI_40871,46,0,1782360105.9262102,0.0017368793487548828
123917,MVI_40871,841,0,1782360105.9284637,0.0022535324096679688
123918,MVI_40871,565,0,1782360105.930472,0.002008199691772461
123919,MVI_40871,393,0,1782360105.93227,0.0017981529235839844
123920,MVI_40871,718,0,1782360105.9345021,0.002232074737548828
123921,MVI_40871,392,0,1782360105.936265,0.0017628669738769531
123922,MVI_40871,75,0,1782360105.938588,0.0023229122161865234
123923,MVI_40871,656,0,1782360105.9403772,0.0017893314361572266
123924,MVI_40871,500,0,1782360105.9425104,0.0021331310272216797
123925,MVI_40871,478,0,1782360105.9442847,0.0017743110656738281
123926,MVI_40871,1,0,1782360105.946534,0.0022492408752441406
123927,MVI_40871,754,0,1782360105.948275,0.001741170883178711
123928,MVI_40871,783,0,1782360105.9503148,0.002039670944213867
123929,MVI_40871,41,0,1782360105.9526196,0.0023047924041748047
123930,MVI_40871,185,0,1782360105.954433,0.0018134117126464844
123931,MVI_40871,808,0,1782360105.9563177,0.0018846988677978516
123932,MVI_40871,35,0,1782360105.9585705,0.002252817153930664
123933,MVI_40871,157,0,1782360105.9602497,0.0016791820526123047
123934,MVI_40871,475,0,1782360105.9623938,0.0021440982818603516
123935,MVI_40871,281,0,1782360105.9642737,0.0018799304962158203
123936,MVI_40871,708,0,1782360105.966427,0.0021533966064453125
123937,MVI_40871,594,0,1782360105.9682329,0.0018057823181152344
123938,MVI_40871,57,0,1782360105.9704516,0.0022187232971191406
123939,MVI_40871,736,0,1782360105.972412,0.0019605159759521484
123940,MVI_40871,385,0,1782360105.9742339,0.001821756362915039
123941,MVI_40871,693,0,1782360105.976424,0.002190113067626953
123942,MVI_40871,335,0,1782360105.9784222,0.0019981861114501953
123943,MVI_40871,549,0,1782360105.9802337,0.0018115043640136719
123944,MVI_40871,510,0,1782360105.9824307,0.0021970272064208984
123945,MVI_40871,639,0,1782360105.9844122,0.001981496810913086
123946,MVI_40871,439,0,1782360105.9862332,0.0018210411071777344
123947,MVI_40871,752,0,1782360105.9884179,0.002184629440307617
123948,MVI_40871,252,0,1782360105.990422,0.0020041465759277344
123949,MVI_40871,249,0,1782360105.9922419,0.0018198490142822266
123950,MVI_40871,47,0,1782360105.9944518,0.002209901809692383
123951,MVI_40871,170,0,1782360105.9962082,0.001756429672241211
123952,MVI_40871,654,0,1782360105.9984248,0.0022165775299072266
123953,MVI_40871,620,0,1782360106.0002139,0.001789093017578125
123954,MVI_40871,158,0,1782360106.0024204,0.002206563949584961
123955,MVI_40871,343,0,1782360106.0042384,0.001817941665649414
123956,MVI_40871,503,0,1782360106.0064414,0.0022029876708984375
123957,MVI_40871,356,0,1782360106.0084267,0.001985311508178711
123958,MVI_40871,677,0,1782360106.0102386,0.001811981201171875
123959,MVI_40871,782,0,1782360106.0124211,0.002182483673095703
123960,MVI_40871,332,0,1782360106.014423,0.0020017623901367188
123961,MVI_40871,430,0,1782360106.0162473,0.0018243789672851562
123962,MVI_40871,663,0,1782360106.018446,0.0021986961364746094
123963,MVI_40871,188,0,1782360106.0204105,0.001964569091796875
123964,MVI_40871,815,0,1782360106.0222404,0.0018298625946044922
123965,MVI_40871,453,0,1782360106.024424,0.002183675765991211
123966,MVI_40871,454,0,1782360106.0264132,0.001989126205444336
123967,MVI_40871,781,0,1782360106.0282426,0.001829385757446289
123968,MVI_40871,637,0,1782360106.0304763,0.002233743667602539
123969,MVI_40871,829,0,1782360106.0322127,0.0017364025115966797
123970,MVI_40871,321,0,1782360106.0344336,0.0022208690643310547
123971,MVI_40871,849,0,1782360106.0362113,0.00177764892578125
123972,MVI_40871,567,0,1782360106.0384185,0.0022072792053222656
123973,MVI_40871,628,0,1782360106.040245,0.0018265247344970703
123974,MVI_40871,179,0,1782360106.0424232,0.002178192138671875
123975,MVI_40871,320,0,1782360106.0444167,0.001993417739868164
123976,MVI_40871,149,0,1782360106.046248,0.0018312931060791016
123977,MVI_40871,386,0,1782360106.0484393,0.002191305160522461
123978,MVI_40871,553,0,1782360106.050421,0.0019817352294921875
123979,MVI_40871,299,0,1782360106.0522475,0.0018265247344970703
123980,MVI_40871,729,0,1782360106.054405,0.002157449722290039
123981,MVI_40871,400,0,1782360106.0564163,0.0020112991333007812
123982,MVI_40871,141,0,1782360106.058249,0.001832723617553711
123983,MVI_40871,563,0,1782360106.0604215,0.0021724700927734375
123984,MVI_40871,734,0,1782360106.0622084,0.001786947250366211
123985,MVI_40871,72,0,1782360106.0644221,0.002213716506958008
123986,MVI_40871,700,0,1782360106.0662203,0.0017981529235839844
123987,MVI_40871,206,0,1782360106.0684168,0.0021965503692626953
123988,MVI_40871,522,0,1782360106.070251,0.0018341541290283203
123989,MVI_40871,306,0,1782360106.0724173,0.002166271209716797
123990,MVI_40871,775,0,1782360106.074421,0.0020036697387695312
123991,MVI_40871,354,0,1782360106.0762136,0.0017926692962646484
123992,MVI_40871,479,0,1782360106.0784566,0.0022430419921875
123993,MVI_40871,809,0,1782360106.0805593,0.0021026134490966797
123994,MVI_40871,474,0,1782360106.0822403,0.0016810894012451172
123995,MVI_40871,535,0,1782360106.0844169,0.002176523208618164
123996,MVI_40871,348,0,1782360106.0863874,0.001970529556274414
123997,MVI_40871,373,0,1782360106.0882502,0.0018627643585205078
123998,MVI_40871,286,0,1782360106.090219,0.001968860626220703
123999,MVI_40871,15,0,1782360106.0925436,0.0023245811462402344
124000,MVI_40871,187,0,1782360106.0942535,0.0017099380493164062
124001,MVI_40871,226,0,1782360106.0964231,0.0021696090698242188
124002,MVI_40871,364,0,1782360106.0984118,0.001988649368286133
124003,MVI_40871,33,0,1782360106.1002326,0.0018208026885986328
124004,MVI_40871,817,0,1782360106.1024187,0.0021860599517822266
124005,MVI_40871,579,0,1782360106.1044135,0.0019948482513427734
124006,MVI_40871,294,0,1782360106.1062305,0.0018169879913330078
124007,MVI_40871,437,0,1782360106.1084251,0.002194643020629883
124008,MVI_40871,534,0,1782360106.1104057,0.0019805431365966797
124009,MVI_40871,5,0,1782360106.1122417,0.0018360614776611328
124010,MVI_40871,173,0,1782360106.1144137,0.0021719932556152344
124011,MVI_40871,607,0,1782360106.1164117,0.0019979476928710938
124012,MVI_40871,147,0,1782360106.1182332,0.0018215179443359375
124013,MVI_40871,191,0,1782360106.1205895,0.002356290817260742
124014,MVI_40871,414,0,1782360106.1222072,0.0016176700592041016
124015,MVI_40871,313,0,1782360106.1244185,0.002211332321166992
124016,MVI_40871,79,0,1782360106.126218,0.0017995834350585938
124017,MVI_40871,792,0,1782360106.128417,0.002198934555053711
124018,MVI_40871,150,0,1782360106.1302423,0.0018253326416015625
124019,MVI_40871,836,0,1782360106.1324267,0.0021843910217285156
124020,MVI_40871,366,0,1782360106.1344137,0.001986980438232422
124021,MVI_40871,669,0,1782360106.1362188,0.0018050670623779297
124022,MVI_40871,53,0,1782360106.138412,0.0021932125091552734
124023,MVI_40871,737,0,1782360106.1404138,0.0020017623901367188
124024,MVI_40871,316,0,1782360106.1422322,0.0018184185028076172
124025,MVI_40871,660,0,1782360106.144437,0.00220489501953125
124026,MVI_40871,497,0,1782360106.1464074,0.0019702911376953125
124027,MVI_40871,358,0,1782360106.1482196,0.0018122196197509766
124028,MVI_40871,7,0,1782360106.1504102,0.0021905899047851562
124029,MVI_40871,450,0,1782360106.1524632,0.0020530223846435547
124030,MVI_40871,71,0,1782360106.1542325,0.0017693042755126953
124031,MVI_40871,801,0,1782360106.1564279,0.0021953582763671875
124032,MVI_40871,178,0,1782360106.158408,0.0019800662994384766
124033,MVI_40871,673,0,1782360106.160224,0.0018160343170166016
124034,MVI_40871,134,0,1782360106.1624343,0.002210378646850586
124035,MVI_40871,126,0,1782360106.1644406,0.0020062923431396484
124036,MVI_40871,850,0,1782360106.1662304,0.0017898082733154297
124037,MVI_40871,351,0,1782360106.1684244,0.002193927764892578
124038,MVI_40871,615,0,1782360106.1703987,0.001974344253540039
124039,MVI_40871,723,0,1782360106.17222,0.001821279525756836
124040,MVI_40871,132,0,1782360106.1744282,0.002208232879638672
124041,MVI_40871,285,0,1782360106.1764193,0.0019910335540771484
124042,MVI_40871,486,0,1782360106.1782248,0.0018055438995361328
124043,MVI_40871,209,0,1782360106.1804302,0.002205371856689453
124044,MVI_40871,218,0,1782360106.1824071,0.0019769668579101562
124045,MVI_40871,776,0,1782360106.1842198,0.0018126964569091797
124046,MVI_40871,390,0,1782360106.1864128,0.002192974090576172
124047,MVI_40871,259,0,1782360106.1884167,0.002003908157348633
124048,MVI_40871,698,0,1782360106.1902242,0.0018074512481689453
124049,MVI_40871,448,0,1782360106.192754,0.0025298595428466797
124050,MVI_40871,748,0,1782360106.1941378,0.0013837814331054688
124051,MVI_40871,88,0,1782360106.196426,0.0022881031036376953
124052,MVI_40871,747,0,1782360106.1982162,0.0017902851104736328
124053,MVI_40871,51,0,1782360106.2004163,0.0022001266479492188
124054,MVI_40871,521,0,1782360106.2022305,0.001814126968383789
124055,MVI_40871,367,0,1782360106.2044191,0.0021886825561523438
124056,MVI_40871,511,0,1782360106.2064188,0.0019996166229248047
124057,MVI_40871,32,0,1782360106.208221,0.001802206039428711
124058,MVI_40871,301,0,1782360106.2103977,0.0021767616271972656
124059,MVI_40871,730,0,1782360106.2124004,0.002002716064453125
124060,MVI_40871,231,0,1782360106.214231,0.0018305778503417969
124061,MVI_40871,846,0,1782360106.2164118,0.002180814743041992
124062,MVI_40871,840,0,1782360106.21841,0.0019981861114501953
124063,MVI_40871,457,0,1782360106.220212,0.0018019676208496094
124064,MVI_40871,326,0,1782360106.2224066,0.002194643020629883
124065,MVI_40871,539,0,1782360106.2243698,0.0019631385803222656
124066,MVI_40871,686,0,1782360106.2262187,0.0018489360809326172
124067,MVI_40871,223,0,1782360106.2284133,0.002194643020629883
124068,MVI_40871,83,0,1782360106.230419,0.0020055770874023438
124069,MVI_40871,308,0,1782360106.2322304,0.0018115043640136719
124070,MVI_40871,692,0,1782360106.2344234,0.002192974090576172
124071,MVI_40871,590,0,1782360106.236401,0.001977682113647461
124072,MVI_40871,770,0,1782360106.238237,0.0018358230590820312
124073,MVI_40871,151,0,1782360106.2404163,0.002179384231567383
124074,MVI_40871,559,0,1782360106.2424214,0.0020051002502441406
124075,MVI_40871,463,0,1782360106.2442296,0.00180816650390625
124076,MVI_40871,682,0,1782360106.2464564,0.0022268295288085938
124077,MVI_40871,182,0,1782360106.2484107,0.001954317092895508
124078,MVI_40871,492,0,1782360106.250238,0.001827239990234375
124079,MVI_40871,844,0,1782360106.2524207,0.0021827220916748047
124080,MVI_40871,265,0,1782360106.254412,0.00199127197265625
124081,MVI_40871,555,0,1782360106.2562394,0.0018274784088134766
124082,MVI_40871,59,0,1782360106.258462,0.0022225379943847656
124083,MVI_40871,653,0,1782360106.2602072,0.0017452239990234375
124084,MVI_40871,632,0,1782360106.2624295,0.002222299575805664
124085,MVI_40871,613,0,1782360106.2642143,0.0017848014831542969
124086,MVI_40871,552,0,1782360106.266416,0.0022017955780029297
124087,MVI_40871,2,0,1782360106.268233,0.0018169879913330078
124088,MVI_40871,378,0,1782360106.2704225,0.0021893978118896484
124089,MVI_40871,605,0,1782360106.2724128,0.0019903182983398438
124090,MVI_40871,477,0,1782360106.274245,0.0018322467803955078
124091,MVI_40871,803,0,1782360106.2764134,0.002168416976928711
124092,MVI_40871,408,0,1782360106.2784138,0.0020003318786621094
124093,MVI_40871,143,0,1782360106.2802417,0.0018279552459716797
124094,MVI_40871,201,0,1782360106.2824228,0.0021810531616210938
124095,MVI_40871,621,0,1782360106.2844143,0.0019915103912353516
124096,MVI_40871,329,0,1782360106.2862487,0.0018343925476074219
124097,MVI_40871,323,0,1782360106.2884161,0.0021674633026123047
124098,MVI_40871,58,0,1782360106.2904131,0.0019969940185546875
124099,MVI_40871,795,0,1782360106.2922342,0.0018210411071777344
124100,MVI_40871,3,0,1782360106.2944157,0.002181529998779297
124101,MVI_40871,627,0,1782360106.2964227,0.002007007598876953
124102,MVI_40871,455,0,1782360106.2982666,0.0018439292907714844
124103,MVI_40871,298,0,1782360106.3004117,0.002145051956176758
124104,MVI_40871,843,0,1782360106.3024178,0.002006053924560547
124105,MVI_40871,98,0,1782360106.3042326,0.0018148422241210938
124106,MVI_40871,556,0,1782360106.3064122,0.0021796226501464844
124107,MVI_40871,720,0,1782360106.3084142,0.0020020008087158203
124108,MVI_40871,333,0,1782360106.3102243,0.0018100738525390625
124109,MVI_40871,683,0,1782360106.3124242,0.002199888229370117
124110,MVI_40871,228,0,1782360106.3144124,0.0019881725311279297
124111,MVI_40871,243,0,1782360106.3162508,0.0018384456634521484
124112,MVI_40871,489,0,1782360106.3184106,0.0021598339080810547
124113,MVI_40871,424,0,1782360106.3202133,0.001802682876586914
124114,MVI_40871,63,0,1782360106.322404,0.0021905899047851562
124115,MVI_40871,599,0,1782360106.3242054,0.0018014907836914062
124116,MVI_40871,334,0,1782360106.3264158,0.002210378646850586
124117,MVI_40871,582,0,1782360106.3282392,0.00182342529296875
124118,MVI_40871,716,0,1782360106.3304205,0.0021812915802001953
124119,MVI_40871,644,0,1782360106.3324175,0.0019969940185546875
124120,MVI_40871,91,0,1782360106.3342352,0.0018177032470703125
124121,MVI_40871,550,0,1782360106.3364232,0.002187967300415039
124122,MVI_40871,120,0,1782360106.3384168,0.0019936561584472656
124123,MVI_40871,109,0,1782360106.340231,0.001814126968383789
124124,MVI_40871,42,0,1782360106.3424108,0.002179861068725586
124125,MVI_40871,342,0,1782360106.3444173,0.00200653076171875
124126,MVI_40871,38,0,1782360106.3462343,0.0018169879913330078
124127,MVI_40871,588,0,1782360106.348209,0.0019745826721191406
124128,MVI_40871,467,0,1782360106.35022,0.0020110607147216797
124129,MVI_40871,198,0,1782360106.352215,0.001995086669921875
124130,MVI_40871,602,0,1782360106.3543887,0.0021736621856689453
124131,MVI_40871,819,0,1782360106.3564153,0.0020265579223632812
124132,MVI_40871,85,0,1782360106.3582213,0.001806020736694336
124133,MVI_40871,476,0,1782360106.360427,0.0022056102752685547
124134,MVI_40871,655,0,1782360106.3624172,0.0019903182983398438
124135,MVI_40871,773,0,1782360106.3642213,0.0018041133880615234
124136,MVI_40871,573,0,1782360106.36654,0.0023186206817626953
124137,MVI_40871,813,0,1782360106.3682098,0.0016698837280273438
124138,MVI_40871,560,0,1782360106.3704972,0.0022873878479003906
124139,MVI_40871,114,0,1782360106.3722222,0.0017249584197998047
124140,MVI_40871,482,0,1782360106.3744235,0.0022013187408447266
124141,MVI_40871,561,0,1782360106.3762217,0.0017981529235839844
124142,MVI_40871,225,0,1782360106.3785403,0.0023186206817626953
124143,MVI_40871,396,0,1782360106.380214,0.0016736984252929688
124144,MVI_40871,576,0,1782360106.3823848,0.0021708011627197266
124145,MVI_40871,671,0,1782360106.3842099,0.001825094223022461
124146,MVI_40871,435,0,1782360106.3864164,0.002206563949584961
124147,MVI_40871,49,0,1782360106.3882203,0.0018038749694824219
124148,MVI_40871,389,0,1782360106.390207,0.0019867420196533203
124149,MVI_40871,43,0,1782360106.3924217,0.002214670181274414
124150,MVI_40871,54,0,1782360106.3942192,0.0017974376678466797
124151,MVI_40871,547,0,1782360106.3964138,0.002194643020629883
124152,MVI_40871,667,0,1782360106.3982162,0.0018024444580078125
124153,MVI_40871,814,0,1782360106.4003928,0.002176523208618164
124154,MVI_40871,245,0,1782360106.4022229,0.0018301010131835938
124155,MVI_40871,466,0,1782360106.4044192,0.0021963119506835938
124156,MVI_40871,84,0,1782360106.4062245,0.0018053054809570312
124157,MVI_40871,442,0,1782360106.408459,0.0022344589233398438
124158,MVI_40871,554,0,1782360106.4104176,0.001958608627319336
124159,MVI_40871,125,0,1782360106.41222,0.0018024444580078125
124160,MVI_40871,577,0,1782360106.4144218,0.0022017955780029297
124161,MVI_40871,122,0,1782360106.4164195,0.001997709274291992
124162,MVI_40871,738,0,1782360106.4182198,0.0018002986907958984
124163,MVI_40871,834,0,1782360106.4204178,0.0021979808807373047
124164,MVI_40871,614,0,1782360106.4224145,0.001996755599975586
124165,MVI_40871,772,0,1782360106.4242194,0.0018048286437988281
124166,MVI_40871,163,0,1782360106.42642,0.002200603485107422
124167,MVI_40871,784,0,1782360106.4284186,0.0019986629486083984
124168,MVI_40871,13,0,1782360106.43022,0.0018012523651123047
124169,MVI_40871,665,0,1782360106.4324198,0.002199888229370117
124170,MVI_40871,666,0,1782360106.4344156,0.0019958019256591797
124171,MVI_40871,597,0,1782360106.4362206,0.0018050670623779297
124172,MVI_40871,427,0,1782360106.4384239,0.002203226089477539
124173,MVI_40871,248,0,1782360106.4404109,0.001986980438232422
124174,MVI_40871,592,0,1782360106.4422195,0.0018086433410644531
124175,MVI_40871,562,0,1782360106.444427,0.002207517623901367
124176,MVI_40871,129,0,1782360106.4464092,0.0019822120666503906
124177,MVI_40871,0,0,1782360106.4482207,0.0018115043640136719
124178,MVI_40871,709,0,1782360106.4504185,0.002197742462158203
124179,MVI_40871,755,0,1782360106.4524193,0.0020008087158203125
124180,MVI_40871,64,0,1782360106.4542189,0.0017995834350585938
124181,MVI_40871,24,0,1782360106.4564157,0.002196788787841797
124182,MVI_40871,172,0,1782360106.4584095,0.001993894577026367
124183,MVI_40871,701,0,1782360106.4602191,0.0018095970153808594
124184,MVI_40871,423,0,1782360106.46242,0.0022008419036865234
124185,MVI_40871,415,0,1782360106.4644194,0.001999378204345703
124186,MVI_40871,445,0,1782360106.4662228,0.0018033981323242188
124187,MVI_40871,184,0,1782360106.4684188,0.002196073532104492
124188,MVI_40871,609,0,1782360106.4704072,0.0019884109497070312
124189,MVI_40871,97,0,1782360106.47245,0.0020427703857421875
124190,MVI_40871,276,0,1782360106.474211,0.0017609596252441406
124191,MVI_40871,618,0,1782360106.4765432,0.0023322105407714844
124192,MVI_40871,263,0,1782360106.4782221,0.0016789436340332031
124193,MVI_40871,293,0,1782360106.4804428,0.002220630645751953
124194,MVI_40871,107,0,1782360106.4824097,0.0019669532775878906
124195,MVI_40871,647,0,1782360106.4842196,0.001809835433959961
124196,MVI_40871,244,0,1782360106.4865522,0.0023326873779296875
124197,MVI_40871,102,0,1782360106.4884343,0.0018820762634277344
124198,MVI_40871,20,0,1782360106.490198,0.0017635822296142578
124199,MVI_40871,368,0,1782360106.4923933,0.0021953582763671875
124200,MVI_40871,566,0,1782360106.4944198,0.0020265579223632812
124201,MVI_40871,105,0,1782360106.4962215,0.0018017292022705078
124202,MVI_40871,530,0,1782360106.4984164,0.0021948814392089844
124203,MVI_40871,774,0,1782360106.5004153,0.0019989013671875
124204,MVI_40871,451,0,1782360106.502225,0.0018095970153808594
124205,MVI_40871,745,0,1782360106.504424,0.0021991729736328125
124206,MVI_40871,12,0,1782360106.50641,0.001985788345336914
124207,MVI_40871,236,0,1782360106.5082288,0.0018188953399658203
124208,MVI_40871,418,0,1782360106.5104206,0.002191781997680664
124209,MVI_40871,491,0,1782360106.5124218,0.0020012855529785156
124210,MVI_40871,4,0,1782360106.5142207,0.001798868179321289
124211,MVI_40871,496,0,1782360106.5164256,0.00220489501953125
124212,MVI_40871,307,0,1782360106.5182092,0.001783609390258789
124213,MVI_40871,426,0,1782360106.520392,0.0021827220916748047
124214,MVI_40871,39,0,1782360106.5222158,0.0018239021301269531
124215,MVI_40871,646,0,1782360106.5244153,0.002199411392211914
124216,MVI_40871,352,0,1782360106.5262227,0.0018074512481689453
124217,MVI_40871,604,0,1782360106.5284204,0.002197742462158203
124218,MVI_40871,623,0,1782360106.5304165,0.0019960403442382812
124219,MVI_40871,359,0,1782360106.5322196,0.0018031597137451172
124220,MVI_40871,22,0,1782360106.5344207,0.002201080322265625
124221,MVI_40871,842,0,1782360106.5364134,0.0019927024841308594
124222,MVI_40871,744,0,1782360106.5382204,0.0018069744110107422
124223,MVI_40871,697,0,1782360106.5404196,0.0021991729736328125
124224,MVI_40871,526,0,1782360106.542415,0.0019953250885009766
124225,MVI_40871,70,0,1782360106.5442212,0.0018062591552734375
124226,MVI_40871,153,0,1782360106.5464182,0.0021970272064208984
124227,MVI_40871,295,0,1782360106.5484135,0.0019953250885009766
124228,MVI_40871,480,0,1782360106.5502222,0.0018086433410644531
124229,MVI_40871,837,0,1782360106.5524278,0.0022056102752685547
124230,MVI_40871,531,0,1782360106.5544274,0.0019996166229248047
124231,MVI_40871,751,0,1782360106.5562198,0.0017924308776855469
124232,MVI_40871,765,0,1782360106.5584223,0.0022025108337402344
124233,MVI_40871,542,0,1782360106.5604212,0.0019989013671875
124234,MVI_40871,713,0,1782360106.5622213,0.0018000602722167969
124235,MVI_40871,130,0,1782360106.5644164,0.002195119857788086
124236,MVI_40871,685,0,1782360106.566423,0.00200653076171875
124237,MVI_40871,55,0,1782360106.568219,0.0017960071563720703
124238,MVI_40871,73,0,1782360106.5704186,0.0021996498107910156
124239,MVI_40871,635,0,1782360106.5724134,0.0019948482513427734
124240,MVI_40871,267,0,1782360106.574221,0.0018074512481689453
124241,MVI_40871,505,0,1782360106.5764184,0.0021975040435791016
124242,MVI_40871,200,0,1782360106.5784163,0.0019979476928710938
124243,MVI_40871,87,0,1782360106.58022,0.0018036365509033203
124244,MVI_40871,303,0,1782360106.5824206,0.002200603485107422
124245,MVI_40871,574,0,1782360106.5844219,0.0020012855529785156
124246,MVI_40871,169,0,1782360106.586329,0.0019071102142333984
124247,MVI_40871,642,0,1782360106.5882082,0.0018792152404785156
124248,MVI_40871,735,0,1782360106.5904222,0.0022139549255371094
124249,MVI_40871,800,0,1782360106.592215,0.00179290771484375
124250,MVI_40871,441,0,1782360106.5944405,0.0022253990173339844
124251,MVI_40871,207,0,1782360106.596422,0.001981496810913086
124252,MVI_40871,629,0,1782360106.5982218,0.0017998218536376953
124253,MVI_40871,61,0,1782360106.6004484,0.002226591110229492
124254,MVI_40871,110,0,1782360106.602423,0.0019745826721191406
124255,MVI_40871,99,0,1782360106.60422,0.0017969608306884766
124256,MVI_40871,202,0,1782360106.6064186,0.0021986961364746094
124257,MVI_40871,743,0,1782360106.6084216,0.0020029544830322266
124258,MVI_40871,606,0,1782360106.6102161,0.001794576644897461
124259,MVI_40871,398,0,1782360106.61242,0.0022039413452148438
124260,MVI_40871,436,0,1782360106.6144238,0.0020036697387695312
124261,MVI_40871,640,0,1782360106.61621,0.0017862319946289062
124262,MVI_40871,66,0,1782360106.6184194,0.0022094249725341797
124263,MVI_40871,268,0,1782360106.6204193,0.0019998550415039062
124264,MVI_40871,325,0,1782360106.6222196,0.0018002986907958984
124265,MVI_40871,361,0,1782360106.6242082,0.001988649368286133
124266,MVI_40871,166,0,1782360106.62642,0.0022118091583251953
124267,MVI_40871,529,0,1782360106.628219,0.001798868179321289
124268,MVI_40871,341,0,1782360106.6304314,0.0022125244140625
124269,MVI_40871,802,0,1782360106.6324217,0.0019903182983398438
124270,MVI_40871,638,0,1782360106.6342194,0.0017976760864257812
124271,MVI_40871,382,0,1782360106.6364257,0.0022063255310058594
124272,MVI_40871,771,0,1782360106.6384153,0.001989603042602539
124273,MVI_40871,229,0,1782360106.6402209,0.0018055438995361328
124274,MVI_40871,383,0,1782360106.64242,0.0021991729736328125
124275,MVI_40871,650,0,1782360106.6444213,0.0020012855529785156
124276,MVI_40871,413,0,1782360106.6462185,0.0017971992492675781
124277,MVI_40871,825,0,1782360106.6484373,0.0022187232971191406
124278,MVI_40871,181,0,1782360106.6504176,0.001980304718017578
124279,MVI_40871,196,0,1782360106.652219,0.0018014907836914062
124280,MVI_40871,470,0,1782360106.654419,0.002199888229370117
124281,MVI_40871,777,0,1782360106.6564283,0.0020093917846679688
124282,MVI_40871,81,0,1782360106.6582208,0.0017924308776855469
124283,MVI_40871,616,0,1782360106.6605408,0.0023200511932373047
124284,MVI_40871,162,0,1782360106.6622076,0.0016667842864990234
124285,MVI_40871,60,0,1782360106.6643708,0.0021631717681884766
124286,MVI_40871,544,0,1782360106.666208,0.0018372535705566406
124287,MVI_40871,631,0,1782360106.6685333,0.002325296401977539
124288,MVI_40871,375,0,1782360106.6704032,0.0018699169158935547
124289,MVI_40871,289,0,1782360106.6722147,0.0018115043640136719
124290,MVI_40871,237,0,1782360106.6744184,0.002203702926635742
124291,MVI_40871,391,0,1782360106.6762185,0.0018000602722167969
124292,MVI_40871,310,0,1782360106.6784182,0.0021996498107910156
124293,MVI_40871,520,0,1782360106.6804183,0.002000093460083008
124294,MVI_40871,796,0,1782360106.6822226,0.001804351806640625
124295,MVI_40871,779,0,1782360106.684414,0.002191305160522461
124296,MVI_40871,104,0,1782360106.6864226,0.002008676528930664
124297,MVI_40871,431,0,1782360106.6882155,0.00179290771484375
124298,MVI_40871,154,0,1782360106.6904178,0.002202272415161133
124299,MVI_40871,219,0,1782360106.6924148,0.0019969940185546875
124300,MVI_40871,540,0,1782360106.6942184,0.0018036365509033203
124301,MVI_40871,271,0,1782360106.696418,0.0021996498107910156
124302,MVI_40871,338,0,1782360106.6984138,0.0019958019256591797
124303,MVI_40871,495,0,1782360106.7002213,0.0018074512481689453
124304,MVI_40871,483,0,1782360106.7024167,0.0021953582763671875
124305,MVI_40871,211,0,1782360106.704417,0.0020003318786621094
124306,MVI_40871,401,0,1782360106.7062213,0.001804351806640625
124307,MVI_40871,74,0,1782360106.70842,0.0021986961364746094
124308,MVI_40871,161,0,1782360106.7104225,0.0020024776458740234
124309,MVI_40871,27,0,1782360106.7122188,0.0017962455749511719
124310,MVI_40871,111,0,1782360106.7144184,0.0021996498107910156
124311,MVI_40871,108,0,1782360106.7164178,0.001999378204345703
124312,MVI_40871,703,0,1782360106.7182229,0.0018050670623779297
124313,MVI_40871,452,0,1782360106.7204173,0.0021944046020507812
124314,MVI_40871,516,0,1782360106.7224135,0.001996278762817383
124315,MVI_40871,690,0,1782360106.724219,0.0018055438995361328
124316,MVI_40871,622,0,1782360106.7264135,0.0021944046020507812
124317,MVI_40871,786,0,1782360106.7284257,0.0020122528076171875
124318,MVI_40871,514,0,1782360106.7302182,0.0017924308776855469
124319,MVI_40871,34,0,1782360106.7324147,0.0021965503692626953
124320,MVI_40871,227,0,1782360106.7344203,0.0020055770874023438
124321,MVI_40871,608,0,1782360106.7362192,0.001798868179321289
124322,MVI_40871,835,0,1782360106.7384183,0.0021991729736328125
124323,MVI_40871,619,0,1782360106.7404132,0.0019948482513427734
124324,MVI_40871,250,0,1782360106.7422183,0.0018050670623779297
124325,MVI_40871,322,0,1782360106.7444158,0.0021975040435791016
124326,MVI_40871,86,0,1782360106.7464163,0.002000570297241211
124327,MVI_40871,288,0,1782360106.7482276,0.0018112659454345703
124328,MVI_40871,596,0,1782360106.7504048,0.0021772384643554688
124329,MVI_40871,80,0,1782360106.7524152,0.002010345458984375
124330,MVI_40871,339,0,1782360106.754221,0.0018057823181152344
124331,MVI_40871,137,0,1782360106.7564228,0.0022017955780029297
124332,MVI_40871,812,0,1782360106.7584083,0.0019855499267578125
124333,MVI_40871,469,0,1782360106.7602208,0.0018124580383300781
124334,MVI_40871,257,0,1782360106.762414,0.0021932125091552734
124335,MVI_40871,824,0,1782360106.7644167,0.002002716064453125
124336,MVI_40871,433,0,1782360106.7662077,0.0017910003662109375
124337,MVI_40871,96,0,1782360106.7684135,0.0022058486938476562
124338,MVI_40871,714,0,1782360106.7704115,0.0019979476928710938
124339,MVI_40871,374,0,1782360106.7722204,0.0018088817596435547
124340,MVI_40871,584,0,1782360106.7744193,0.002198934555053711
124341,MVI_40871,177,0,1782360106.776425,0.0020055770874023438
124342,MVI_40871,204,0,1782360106.7782211,0.0017962455749511719
124343,MVI_40871,768,0,1782360106.780425,0.0022039413452148438
124344,MVI_40871,121,0,1782360106.7824218,0.001996755599975586
124345,MVI_40871,610,0,1782360106.7842534,0.0018315315246582031
124346,MVI_40871,603,0,1782360106.7864208,0.0021674633026123047
124347,MVI_40871,432,0,1782360106.7884295,0.002008676528930664
124348,MVI_40871,499,0,1782360106.7902231,0.0017936229705810547
124349,MVI_40871,397,0,1782360106.792321,0.0020978450775146484
124350,MVI_40871,487,0,1782360106.7944312,0.0021102428436279297
124351,MVI_40871,156,0,1782360106.7961385,0.001707315444946289
124352,MVI_40871,472,0,1782360106.7982397,0.0021011829376220703
124353,MVI_40871,515,0,1782360106.800151,0.0019114017486572266
124354,MVI_40871,235,0,1782360106.8021655,0.0020143985748291016
124355,MVI_40871,831,0,1782360106.8041763,0.002010822296142578
124356,MVI_40871,371,0,1782360106.8061655,0.001989126205444336
124357,MVI_40871,410,0,1782360106.8081691,0.0020036697387695312
124358,MVI_40871,116,0,1782360106.8101535,0.0019843578338623047
124359,MVI_40871,464,0,1782360106.8121648,0.0020112991333007812
124360,MVI_40871,847,0,1782360106.814162,0.001997232437133789
124361,MVI_40871,312,0,1782360106.8161626,0.002000570297241211
124362,MVI_40871,124,0,1782360106.8181894,0.002026796340942383
124363,MVI_40871,838,0,1782360106.8203914,0.0022020339965820312
124364,MVI_40871,507,0,1782360106.822227,0.0018355846405029297
124365,MVI_40871,761,0,1782360106.824406,0.0021789073944091797
124366,MVI_40871,652,0,1782360106.826211,0.0018050670623779297
124367,MVI_40871,112,0,1782360106.8284252,0.002214193344116211
124368,MVI_40871,532,0,1782360106.8305094,0.0020842552185058594
124369,MVI_40871,826,0,1782360106.8322074,0.0016980171203613281
124370,MVI_40871,123,0,1782360106.8344195,0.002212047576904297
124371,MVI_40871,819,0,1782360142.2129943,0.0
124372,MVI_40871,603,0,1782360142.2149394,0.0019450187683105469
124373,MVI_40871,719,0,1782360142.2168062,0.0018668174743652344
124374,MVI_40871,546,0,1782360142.2187746,0.0019683837890625
124375,MVI_40871,271,0,1782360142.2208126,0.0020380020141601562
124376,MVI_40871,633,0,1782360142.222777,0.0019643306732177734
124377,MVI_40871,621,0,1782360142.2248151,0.002038240432739258
124378,MVI_40871,474,0,1782360142.2268534,0.002038240432739258
124379,MVI_40871,636,0,1782360142.2287633,0.0019099712371826172
124380,MVI_40871,551,0,1782360142.2308083,0.0020449161529541016
124381,MVI_40871,6,0,1782360142.2328181,0.002009868621826172
124382,MVI_40871,269,0,1782360142.2347283,0.0019102096557617188
124383,MVI_40871,178,0,1782360142.23682,0.002091646194458008
124384,MVI_40871,826,0,1782360142.2391064,0.0022864341735839844
124385,MVI_40871,335,0,1782360142.2407928,0.0016863346099853516
124386,MVI_40871,185,0,1782360142.243032,0.002239227294921875
124387,MVI_40871,730,0,1782360142.244812,0.0017800331115722656
124388,MVI_40871,825,0,1782360142.2469597,0.002147674560546875
124389,MVI_40871,366,0,1782360142.2488365,0.0018768310546875
124390,MVI_40871,847,0,1782360142.2508078,0.0019712448120117188
124391,MVI_40871,279,0,1782360142.2529879,0.0021800994873046875
124392,MVI_40871,305,0,1782360142.2548409,0.0018529891967773438
124393,MVI_40871,499,0,1782360142.2568178,0.0019769668579101562
124394,MVI_40871,553,0,1782360142.25908,0.002262115478515625
124395,MVI_40871,471,0,1782360142.2608857,0.0018057823181152344
124396,MVI_40871,766,0,1782360142.2629557,0.0020699501037597656
124397,MVI_40871,116,0,1782360142.264889,0.0019333362579345703
124398,MVI_40871,96,0,1782360142.2669985,0.002109527587890625
124399,MVI_40871,566,0,1782360142.268952,0.0019533634185791016
124400,MVI_40871,360,0,1782360142.2708914,0.001939535140991211
124401,MVI_40871,326,0,1782360142.272987,0.002095460891723633
124402,MVI_40871,594,0,1782360142.2748814,0.0018944740295410156
124403,MVI_40871,403,0,1782360142.276847,0.0019655227661132812
124404,MVI_40871,406,0,1782360142.2788274,0.0019805431365966797
124405,MVI_40871,435,0,1782360142.2810197,0.002192258834838867
124406,MVI_40871,242,0,1782360142.2828953,0.0018756389617919922
124407,MVI_40871,505,0,1782360142.2848706,0.0019752979278564453
124408,MVI_40871,665,0,1782360142.2871137,0.0022430419921875
124409,MVI_40871,102,0,1782360142.2888553,0.001741647720336914
124410,MVI_40871,423,0,1782360142.2910295,0.0021741390228271484
124411,MVI_40871,80,0,1782360142.2929754,0.0019459724426269531
124412,MVI_40871,736,0,1782360142.294866,0.0018906593322753906
124413,MVI_40871,97,0,1782360142.2969131,0.0020470619201660156
124414,MVI_40871,596,0,1782360142.2989676,0.002054452896118164
124415,MVI_40871,803,0,1782360142.300822,0.0018544197082519531
124416,MVI_40871,844,0,1782360142.3029683,0.0021462440490722656
124417,MVI_40871,364,0,1782360142.304942,0.0019736289978027344
124418,MVI_40871,714,0,1782360142.3068295,0.0018875598907470703
124419,MVI_40871,525,0,1782360142.3089676,0.0021381378173828125
124420,MVI_40871,667,0,1782360142.3109734,0.0020058155059814453
124421,MVI_40871,204,0,1782360142.3128104,0.001837015151977539
124422,MVI_40871,811,0,1782360142.3149855,0.0021750926971435547
124423,MVI_40871,139,0,1782360142.3169565,0.001971006393432617
124424,MVI_40871,709,0,1782360142.3188114,0.0018548965454101562
124425,MVI_40871,123,0,1782360142.320857,0.0020456314086914062
124426,MVI_40871,400,0,1782360142.3229468,0.0020897388458251953
124427,MVI_40871,252,0,1782360142.3248005,0.0018537044525146484
124428,MVI_40871,702,0,1782360142.3269112,0.002110719680786133
124429,MVI_40871,138,0,1782360142.3289099,0.0019986629486083984
124430,MVI_40871,247,0,1782360142.3307993,0.0018894672393798828
124431,MVI_40871,184,0,1782360142.3328514,0.0020520687103271484
124432,MVI_40871,757,0,1782360142.3349264,0.0020749568939208984
124433,MVI_40871,408,0,1782360142.3367915,0.0018651485443115234
124434,MVI_40871,753,0,1782360142.3389575,0.0021660327911376953
124435,MVI_40871,76,0,1782360142.340928,0.001970529556274414
124436,MVI_40871,148,0,1782360142.3427925,0.0018644332885742188
124437,MVI_40871,259,0,1782360142.3449593,0.002166748046875
124438,MVI_40871,415,0,1782360142.3469274,0.0019681453704833984
124439,MVI_40871,574,0,1782360142.348816,0.0018885135650634766
124440,MVI_40871,146,0,1782360142.3507924,0.001976490020751953
124441,MVI_40871,713,0,1782360142.3528113,0.0020189285278320312
124442,MVI_40871,287,0,1782360142.354771,0.001959562301635742
124443,MVI_40871,393,0,1782360142.3568506,0.0020797252655029297
124444,MVI_40871,487,0,1782360142.3588502,0.0019996166229248047
124445,MVI_40871,156,0,1782360142.360804,0.0019538402557373047
124446,MVI_40871,344,0,1782360142.362783,0.0019788742065429688
124447,MVI_40871,124,0,1782360142.3648458,0.0020627975463867188
124448,MVI_40871,348,0,1782360142.3667772,0.0019314289093017578
124449,MVI_40871,45,0,1782360142.3690126,0.00223541259765625
124450,MVI_40871,136,0,1782360142.3709168,0.0019042491912841797
124451,MVI_40871,701,0,1782360142.3728065,0.0018897056579589844
124452,MVI_40871,29,0,1782360142.3750129,0.0022063255310058594
124453,MVI_40871,266,0,1782360142.3769424,0.0019295215606689453
124454,MVI_40871,200,0,1782360142.3788223,0.0018799304962158203
124455,MVI_40871,567,0,1782360142.381013,0.0021905899047851562
124456,MVI_40871,635,0,1782360142.3829415,0.001928567886352539
124457,MVI_40871,409,0,1782360142.384797,0.001855611801147461
124458,MVI_40871,413,0,1782360142.3869472,0.0021500587463378906
124459,MVI_40871,347,0,1782360142.3888958,0.0019485950469970703
124460,MVI_40871,365,0,1782360142.390773,0.0018773078918457031
124461,MVI_40871,684,0,1782360142.392805,0.002032041549682617
124462,MVI_40871,337,0,1782360142.3947985,0.001993417739868164
124463,MVI_40871,26,0,1782360142.396749,0.0019505023956298828
124464,MVI_40871,22,0,1782360142.3988173,0.0020682811737060547
124465,MVI_40871,396,0,1782360142.40098,0.0021626949310302734
124466,MVI_40871,588,0,1782360142.4028108,0.0018308162689208984
124467,MVI_40871,209,0,1782360142.4049156,0.0021047592163085938
124468,MVI_40871,313,0,1782360142.4069684,0.002052783966064453
124469,MVI_40871,15,0,1782360142.4088104,0.0018420219421386719
124470,MVI_40871,20,0,1782360142.4109185,0.0021080970764160156
124471,MVI_40871,205,0,1782360142.4129841,0.0020656585693359375
124472,MVI_40871,104,0,1782360142.4148133,0.0018291473388671875
124473,MVI_40871,249,0,1782360142.4169185,0.002105236053466797
124474,MVI_40871,828,0,1782360142.4189699,0.0020513534545898438
124475,MVI_40871,350,0,1782360142.4208477,0.0018777847290039062
124476,MVI_40871,369,0,1782360142.4229274,0.0020797252655029297
124477,MVI_40871,756,0,1782360142.424986,0.0020585060119628906
124478,MVI_40871,340,0,1782360142.426813,0.0018270015716552734
124479,MVI_40871,444,0,1782360142.428925,0.002112150192260742
124480,MVI_40871,431,0,1782360142.4309762,0.002051115036010742
124481,MVI_40871,511,0,1782360142.4328134,0.0018372535705566406
124482,MVI_40871,833,0,1782360142.434923,0.002109527587890625
124483,MVI_40871,731,0,1782360142.436952,0.0020291805267333984
124484,MVI_40871,219,0,1782360142.4388163,0.0018641948699951172
124485,MVI_40871,777,0,1782360142.4409368,0.002120494842529297
124486,MVI_40871,418,0,1782360142.4429457,0.0020089149475097656
124487,MVI_40871,742,0,1782360142.44481,0.0018641948699951172
124488,MVI_40871,101,0,1782360142.4469194,0.002109527587890625
124489,MVI_40871,494,0,1782360142.4489672,0.0020477771759033203
124490,MVI_40871,813,0,1782360142.4508083,0.0018410682678222656
124491,MVI_40871,609,0,1782360142.4529905,0.0021822452545166016
124492,MVI_40871,53,0,1782360142.4549103,0.0019197463989257812
124493,MVI_40871,13,0,1782360142.45681,0.00189971923828125
124494,MVI_40871,441,0,1782360142.458897,0.002087116241455078
124495,MVI_40871,752,0,1782360142.4609406,0.002043485641479492
124496,MVI_40871,137,0,1782360142.4628103,0.0018696784973144531
124497,MVI_40871,842,0,1782360142.4649029,0.002092599868774414
124498,MVI_40871,121,0,1782360142.4669464,0.002043485641479492
124499,MVI_40871,390,0,1782360142.4688108,0.0018644332885742188
124500,MVI_40871,504,0,1782360142.4709697,0.0021588802337646484
124501,MVI_40871,655,0,1782360142.4729266,0.001956939697265625
124502,MVI_40871,3,0,1782360142.474811,0.00188446044921875
124503,MVI_40871,439,0,1782360142.4769642,0.002153158187866211
124504,MVI_40871,745,0,1782360142.4788992,0.0019350051879882812
124505,MVI_40871,780,0,1782360142.48081,0.0019106864929199219
124506,MVI_40871,523,0,1782360142.4829316,0.0021216869354248047
124507,MVI_40871,240,0,1782360142.4849155,0.0019838809967041016
124508,MVI_40871,12,0,1782360142.486809,0.0018935203552246094
124509,MVI_40871,537,0,1782360142.488942,0.002132892608642578
124510,MVI_40871,651,0,1782360142.4909353,0.001993417739868164
124511,MVI_40871,776,0,1782360142.4928236,0.001888275146484375
124512,MVI_40871,93,0,1782360142.4949377,0.0021140575408935547
124513,MVI_40871,304,0,1782360142.4968817,0.0019440650939941406
124514,MVI_40871,793,0,1782360142.4988115,0.0019297599792480469
124515,MVI_40871,422,0,1782360142.5009327,0.0021212100982666016
124516,MVI_40871,454,0,1782360142.5029485,0.002015829086303711
124517,MVI_40871,578,0,1782360142.504812,0.0018634796142578125
124518,MVI_40871,175,0,1782360142.5068364,0.002024412155151367
124519,MVI_40871,157,0,1782360142.508833,0.0019965171813964844
124520,MVI_40871,809,0,1782360142.5109239,0.002090930938720703
124521,MVI_40871,804,0,1782360142.5128374,0.0019135475158691406
124522,MVI_40871,660,0,1782360142.5148306,0.0019931793212890625
124523,MVI_40871,63,0,1782360142.5169423,0.002111673355102539
124524,MVI_40871,111,0,1782360142.5188382,0.001895904541015625
124525,MVI_40871,836,0,1782360142.5208213,0.001983165740966797
124526,MVI_40871,135,0,1782360142.522899,0.0020775794982910156
124527,MVI_40871,827,0,1782360142.5247629,0.0018639564514160156
124528,MVI_40871,445,0,1782360142.526799,0.0020360946655273438
124529,MVI_40871,10,0,1782360142.5287976,0.0019986629486083984
124530,MVI_40871,384,0,1782360142.5307622,0.001964569091796875
124531,MVI_40871,141,0,1782360142.532821,0.002058744430541992
124532,MVI_40871,710,0,1782360142.534797,0.00197601318359375
124533,MVI_40871,152,0,1782360142.53676,0.0019631385803222656
124534,MVI_40871,673,0,1782360142.5388281,0.002068042755126953
124535,MVI_40871,78,0,1782360142.540773,0.0019447803497314453
124536,MVI_40871,657,0,1782360142.5427628,0.0019898414611816406
124537,MVI_40871,186,0,1782360142.5448246,0.0020618438720703125
124538,MVI_40871,558,0,1782360142.5467715,0.0019469261169433594
124539,MVI_40871,165,0,1782360142.5487597,0.0019881725311279297
124540,MVI_40871,300,0,1782360142.5508268,0.002067089080810547
124541,MVI_40871,310,0,1782360142.552771,0.0019443035125732422
124542,MVI_40871,654,0,1782360142.554765,0.001993894577026367
124543,MVI_40871,532,0,1782360142.5568283,0.002063274383544922
124544,MVI_40871,81,0,1782360142.55877,0.001941680908203125
124545,MVI_40871,118,0,1782360142.5607584,0.0019884109497070312
124546,MVI_40871,717,0,1782360142.5628288,0.0020704269409179688
124547,MVI_40871,681,0,1782360142.5647714,0.0019426345825195312
124548,MVI_40871,90,0,1782360142.5667589,0.001987457275390625
124549,MVI_40871,726,0,1782360142.5688279,0.0020689964294433594
124550,MVI_40871,374,0,1782360142.5707707,0.0019428730010986328
124551,MVI_40871,614,0,1782360142.5727608,0.001990079879760742
124552,MVI_40871,24,0,1782360142.5748081,0.002047300338745117
124553,MVI_40871,659,0,1782360142.5768151,0.002007007598876953
124554,MVI_40871,653,0,1782360142.5787601,0.0019450187683105469
124555,MVI_40871,693,0,1782360142.5808213,0.002061128616333008
124556,MVI_40871,452,0,1782360142.5827975,0.0019762516021728516
124557,MVI_40871,208,0,1782360142.584766,0.0019683837890625
124558,MVI_40871,92,0,1782360142.5868092,0.0020432472229003906
124559,MVI_40871,168,0,1782360142.5887966,0.001987457275390625
124560,MVI_40871,160,0,1782360142.59076,0.001963376998901367
124561,MVI_40871,110,0,1782360142.5928407,0.002080678939819336
124562,MVI_40871,246,0,1782360142.5947845,0.001943826675415039
124563,MVI_40871,202,0,1782360142.596759,0.0019745826721191406
124564,MVI_40871,455,0,1782360142.598828,0.0020689964294433594
124565,MVI_40871,663,0,1782360142.6007705,0.0019423961639404297
124566,MVI_40871,589,0,1782360142.6027586,0.0019881725311279297
124567,MVI_40871,592,0,1782360142.6048205,0.0020618438720703125
124568,MVI_40871,697,0,1782360142.6067705,0.0019500255584716797
124569,MVI_40871,824,0,1782360142.6087651,0.001994609832763672
124570,MVI_40871,83,0,1782360142.6108246,0.002059459686279297
124571,MVI_40871,631,0,1782360142.6127963,0.001971721649169922
124572,MVI_40871,513,0,1782360142.6147661,0.0019698143005371094
124573,MVI_40871,356,0,1782360142.6168087,0.002042531967163086
124574,MVI_40871,14,0,1782360142.618795,0.001986265182495117
124575,MVI_40871,849,0,1782360142.6207612,0.001966238021850586
124576,MVI_40871,838,0,1782360142.6228244,0.002063274383544922
124577,MVI_40871,112,0,1782360142.6247714,0.0019469261169433594
124578,MVI_40871,327,0,1782360142.626759,0.0019876956939697266
124579,MVI_40871,763,0,1782360142.6288207,0.002061605453491211
124580,MVI_40871,781,0,1782360142.630772,0.001951456069946289
124581,MVI_40871,33,0,1782360142.6327717,0.0019996166229248047
124582,MVI_40871,169,0,1782360142.6348083,0.002036571502685547
124583,MVI_40871,438,0,1782360142.6367948,0.0019865036010742188
124584,MVI_40871,837,0,1782360142.6387596,0.0019648075103759766
124585,MVI_40871,293,0,1782360142.6408215,0.0020618438720703125
124586,MVI_40871,248,0,1782360142.6427734,0.0019519329071044922
124587,MVI_40871,516,0,1782360142.6447587,0.001985311508178711
124588,MVI_40871,597,0,1782360142.6468062,0.0020475387573242188
124589,MVI_40871,265,0,1782360142.648797,0.001990795135498047
124590,MVI_40871,426,0,1782360142.6507683,0.0019712448120117188
124591,MVI_40871,385,0,1782360142.6528263,0.0020580291748046875
124592,MVI_40871,295,0,1782360142.6547697,0.001943349838256836
124593,MVI_40871,429,0,1782360142.6567593,0.001989603042602539
124594,MVI_40871,812,0,1782360142.6588414,0.0020821094512939453
124595,MVI_40871,765,0,1782360142.6608093,0.001967906951904297
124596,MVI_40871,163,0,1782360142.662767,0.0019576549530029297
124597,MVI_40871,721,0,1782360142.6648247,0.002057790756225586
124598,MVI_40871,816,0,1782360142.6667714,0.0019466876983642578
124599,MVI_40871,711,0,1782360142.6687596,0.0019881725311279297
124600,MVI_40871,391,0,1782360142.670826,0.002066373825073242
124601,MVI_40871,703,0,1782360142.6728232,0.001997232437133789
124602,MVI_40871,572,0,1782360142.6748066,0.0019834041595458984
124603,MVI_40871,535,0,1782360142.677754,0.0029473304748535156
124604,MVI_40871,270,0,1782360142.6787887,0.0010347366333007812
124605,MVI_40871,510,0,1782360142.680814,0.0020253658294677734
124606,MVI_40871,698,0,1782360142.682863,0.002048969268798828
124607,MVI_40871,299,0,1782360142.6847608,0.0018978118896484375
124608,MVI_40871,528,0,1782360142.6867714,0.0020105838775634766
124609,MVI_40871,9,0,1782360142.6888125,0.0020411014556884766
124610,MVI_40871,747,0,1782360142.6907952,0.0019826889038085938
124611,MVI_40871,290,0,1782360142.6927598,0.001964569091796875
124612,MVI_40871,314,0,1782360142.694856,0.0020961761474609375
124613,MVI_40871,181,0,1782360142.6967676,0.0019116401672363281
124614,MVI_40871,705,0,1782360142.6987727,0.0020051002502441406
124615,MVI_40871,802,0,1782360142.7008235,0.0020508766174316406
124616,MVI_40871,267,0,1782360142.702794,0.001970529556274414
124617,MVI_40871,258,0,1782360142.7047615,0.0019674301147460938
124618,MVI_40871,762,0,1782360142.7068563,0.002094745635986328
124619,MVI_40871,527,0,1782360142.7087598,0.001903533935546875
124620,MVI_40871,218,0,1782360142.7107797,0.0020198822021484375
124621,MVI_40871,778,0,1782360142.7128267,0.0020470619201660156
124622,MVI_40871,349,0,1782360142.7148032,0.001976490020751953
124623,MVI_40871,333,0,1782360142.7167609,0.0019576549530029297
124624,MVI_40871,339,0,1782360142.7188606,0.002099752426147461
124625,MVI_40871,587,0,1782360142.7207603,0.00189971923828125
124626,MVI_40871,198,0,1782360142.7227602,0.0019998550415039062
124627,MVI_40871,503,0,1782360142.7248259,0.0020656585693359375
124628,MVI_40871,387,0,1782360142.7267988,0.0019729137420654297
124629,MVI_40871,86,0,1782360142.7287652,0.0019664764404296875
124630,MVI_40871,447,0,1782360142.7308798,0.002114534378051758
124631,MVI_40871,397,0,1782360142.7329936,0.002113819122314453
124632,MVI_40871,16,0,1782360142.734861,0.0018672943115234375
124633,MVI_40871,282,0,1782360142.7370358,0.002174854278564453
124634,MVI_40871,545,0,1782360142.7388232,0.001787424087524414
124635,MVI_40871,381,0,1782360142.7410083,0.0021851062774658203
124636,MVI_40871,126,0,1782360142.7430449,0.002036571502685547
124637,MVI_40871,758,0,1782360142.7448852,0.001840353012084961
124638,MVI_40871,647,0,1782360142.7470253,0.002140045166015625
124639,MVI_40871,649,0,1782360142.7490814,0.002056121826171875
124640,MVI_40871,602,0,1782360142.750892,0.0018105506896972656
124641,MVI_40871,21,0,1782360142.7528803,0.0019884109497070312
124642,MVI_40871,688,0,1782360142.7550328,0.0021524429321289062
124643,MVI_40871,629,0,1782360142.756863,0.0018303394317626953
124644,MVI_40871,405,0,1782360142.7590442,0.0021810531616210938
124645,MVI_40871,294,0,1782360142.7608652,0.0018210411071777344
124646,MVI_40871,601,0,1782360142.7628598,0.001994609832763672
124647,MVI_40871,144,0,1782360142.7648265,0.001966714859008789
124648,MVI_40871,442,0,1782360142.7669773,0.0021507740020751953
124649,MVI_40871,220,0,1782360142.7688231,0.0018458366394042969
124650,MVI_40871,526,0,1782360142.7708788,0.002055644989013672
124651,MVI_40871,500,0,1782360142.7729928,0.0021140575408935547
124652,MVI_40871,404,0,1782360142.7748752,0.001882314682006836
124653,MVI_40871,550,0,1782360142.7769842,0.002109050750732422
124654,MVI_40871,720,0,1782360142.7790074,0.0020232200622558594
124655,MVI_40871,275,0,1782360142.7808695,0.0018620491027832031
124656,MVI_40871,484,0,1782360142.7830544,0.0021848678588867188
124657,MVI_40871,171,0,1782360142.7848468,0.0017924308776855469
124658,MVI_40871,39,0,1782360142.7868357,0.0019888877868652344
124659,MVI_40871,832,0,1782360142.7890503,0.002214670181274414
124660,MVI_40871,196,0,1782360142.7910485,0.0019981861114501953
124661,MVI_40871,735,0,1782360142.7928703,0.001821756362915039
124662,MVI_40871,150,0,1782360142.7950473,0.002177000045776367
124663,MVI_40871,831,0,1782360142.797027,0.001979827880859375
124664,MVI_40871,288,0,1782360142.798866,0.0018389225006103516
124665,MVI_40871,678,0,1782360142.801047,0.0021810531616210938
124666,MVI_40871,615,0,1782360142.8030217,0.0019745826721191406
124667,MVI_40871,492,0,1782360142.8048635,0.0018417835235595703
124668,MVI_40871,664,0,1782360142.8070164,0.0021529197692871094
124669,MVI_40871,193,0,1782360142.809022,0.0020055770874023438
124670,MVI_40871,82,0,1782360142.810866,0.001844167709350586
124671,MVI_40871,741,0,1782360142.813008,0.0021419525146484375
124672,MVI_40871,162,0,1782360142.815024,0.002015829086303711
124673,MVI_40871,94,0,1782360142.81685,0.0018260478973388672
124674,MVI_40871,817,0,1782360142.8190186,0.0021686553955078125
124675,MVI_40871,506,0,1782360142.8210351,0.0020165443420410156
124676,MVI_40871,345,0,1782360142.8228667,0.0018315315246582031
124677,MVI_40871,620,0,1782360142.8250158,0.0021491050720214844
124678,MVI_40871,706,0,1782360142.8270636,0.0020477771759033203
124679,MVI_40871,727,0,1782360142.828871,0.0018074512481689453
124680,MVI_40871,402,0,1782360142.8310268,0.002155780792236328
124681,MVI_40871,605,0,1782360142.8330276,0.0020008087158203125
124682,MVI_40871,241,0,1782360142.8348763,0.0018486976623535156
124683,MVI_40871,201,0,1782360142.8368359,0.001959562301635742
124684,MVI_40871,7,0,1782360142.8390481,0.0022122859954833984
124685,MVI_40871,464,0,1782360142.840879,0.0018308162689208984
124686,MVI_40871,610,0,1782360142.8430212,0.002142190933227539
124687,MVI_40871,188,0,1782360142.8450234,0.002002239227294922
124688,MVI_40871,489,0,1782360142.8468666,0.0018432140350341797
124689,MVI_40871,531,0,1782360142.848818,0.001951456069946289
124690,MVI_40871,292,0,1782360142.851043,0.0022249221801757812
124691,MVI_40871,1,0,1782360142.8528802,0.0018372535705566406
124692,MVI_40871,637,0,1782360142.8550322,0.002151966094970703
124693,MVI_40871,31,0,1782360142.8570278,0.001995563507080078
124694,MVI_40871,683,0,1782360142.858851,0.0018231868743896484
124695,MVI_40871,453,0,1782360142.861012,0.0021610260009765625
124696,MVI_40871,319,0,1782360142.8630233,0.0020112991333007812
124697,MVI_40871,183,0,1782360142.864867,0.0018436908721923828
124698,MVI_40871,560,0,1782360142.8670077,0.0021407604217529297
124699,MVI_40871,154,0,1782360142.8690448,0.00203704833984375
124700,MVI_40871,70,0,1782360142.870864,0.0018191337585449219
124701,MVI_40871,449,0,1782360142.8730114,0.0021474361419677734
124702,MVI_40871,329,0,1782360142.875004,0.0019927024841308594
124703,MVI_40871,412,0,1782360142.876858,0.00185394287109375
124704,MVI_40871,743,0,1782360142.8789985,0.002140522003173828
124705,MVI_40871,770,0,1782360142.8810153,0.002016782760620117
124706,MVI_40871,457,0,1782360142.8828585,0.0018432140350341797
124707,MVI_40871,176,0,1782360142.8849883,0.002129793167114258
124708,MVI_40871,573,0,1782360142.887004,0.0020155906677246094
124709,MVI_40871,206,0,1782360142.8888438,0.0018398761749267578
124710,MVI_40871,44,0,1782360142.8910134,0.0021696090698242188
124711,MVI_40871,373,0,1782360142.8930192,0.0020058155059814453
124712,MVI_40871,336,0,1782360142.8948438,0.0018246173858642578
124713,MVI_40871,467,0,1782360142.8970118,0.002167940139770508
124714,MVI_40871,465,0,1782360142.8990433,0.002031564712524414
124715,MVI_40871,690,0,1782360142.9008358,0.0017924308776855469
124716,MVI_40871,544,0,1782360142.903019,0.002183198928833008
124717,MVI_40871,662,0,1782360142.9050286,0.0020096302032470703
124718,MVI_40871,773,0,1782360142.9068506,0.0018219947814941406
124719,MVI_40871,671,0,1782360142.9090192,0.0021686553955078125
124720,MVI_40871,42,0,1782360142.9110267,0.0020074844360351562
124721,MVI_40871,728,0,1782360142.9128435,0.0018167495727539062
124722,MVI_40871,243,0,1782360142.915061,0.002217531204223633
124723,MVI_40871,251,0,1782360142.9168594,0.001798391342163086
124724,MVI_40871,433,0,1782360142.9190607,0.0022013187408447266
124725,MVI_40871,491,0,1782360142.920907,0.0018463134765625
124726,MVI_40871,69,0,1782360142.9230678,0.002160787582397461
124727,MVI_40871,49,0,1782360142.9248497,0.0017819404602050781
124728,MVI_40871,689,0,1782360142.9270833,0.0022335052490234375
124729,MVI_40871,358,0,1782360142.928915,0.0018317699432373047
124730,MVI_40871,656,0,1782360142.9308538,0.0019388198852539062
124731,MVI_40871,571,0,1782360142.9330873,0.0022335052490234375
124732,MVI_40871,254,0,1782360142.9348328,0.001745462417602539
124733,MVI_40871,325,0,1782360142.936842,0.002009153366088867
124734,MVI_40871,740,0,1782360142.938851,0.002009153366088867
124735,MVI_40871,493,0,1782360142.9410715,0.0022203922271728516
124736,MVI_40871,642,0,1782360142.942791,0.0017194747924804688
124737,MVI_40871,355,0,1782360142.9447951,0.0020041465759277344
124738,MVI_40871,428,0,1782360142.9468622,0.002067089080810547
124739,MVI_40871,244,0,1782360142.9487958,0.0019335746765136719
124740,MVI_40871,538,0,1782360142.9507828,0.001986980438232422
124741,MVI_40871,411,0,1782360142.952904,0.0021212100982666016
124742,MVI_40871,543,0,1782360142.954789,0.0018849372863769531
124743,MVI_40871,848,0,1782360142.9567795,0.0019905567169189453
124744,MVI_40871,456,0,1782360142.9588575,0.0020780563354492188
124745,MVI_40871,229,0,1782360142.9608114,0.0019538402557373047
124746,MVI_40871,320,0,1782360142.962779,0.0019676685333251953
124747,MVI_40871,215,0,1782360142.964863,0.002084016799926758
124748,MVI_40871,795,0,1782360142.9667804,0.0019173622131347656
124749,MVI_40871,563,0,1782360142.9687817,0.0020012855529785156
124750,MVI_40871,639,0,1782360142.970838,0.0020563602447509766
124751,MVI_40871,330,0,1782360142.9727964,0.0019583702087402344
124752,MVI_40871,268,0,1782360142.9747775,0.001981019973754883
124753,MVI_40871,203,0,1782360142.9768581,0.002080678939819336
124754,MVI_40871,341,0,1782360142.9787798,0.0019216537475585938
124755,MVI_40871,280,0,1782360142.9807801,0.0020003318786621094
124756,MVI_40871,37,0,1782360142.9828537,0.002073526382446289
124757,MVI_40871,707,0,1782360142.984803,0.001949310302734375
124758,MVI_40871,617,0,1782360142.9867792,0.0019762516021728516
124759,MVI_40871,508,0,1782360142.9888666,0.0020873546600341797
124760,MVI_40871,470,0,1782360142.990798,0.0019314289093017578
124761,MVI_40871,524,0,1782360142.9927788,0.0019807815551757812
124762,MVI_40871,298,0,1782360142.9948542,0.0020754337310791016
124763,MVI_40871,72,0,1782360142.9967818,0.0019276142120361328
124764,MVI_40871,799,0,1782360142.9987829,0.002001047134399414
124765,MVI_40871,322,0,1782360143.0008392,0.0020563602447509766
124766,MVI_40871,221,0,1782360143.0027976,0.0019583702087402344
124767,MVI_40871,417,0,1782360143.00478,0.001982450485229492
124768,MVI_40871,151,0,1782360143.0068624,0.002082347869873047
124769,MVI_40871,170,0,1782360143.0087798,0.0019173622131347656
124770,MVI_40871,686,0,1782360143.0107887,0.0020089149475097656
124771,MVI_40871,694,0,1782360143.0129085,0.002119779586791992
124772,MVI_40871,378,0,1782360143.0148113,0.0019028186798095703
124773,MVI_40871,367,0,1782360143.016779,0.0019676685333251953
124774,MVI_40871,216,0,1782360143.0188737,0.002094745635986328
124775,MVI_40871,38,0,1782360143.0207937,0.0019199848175048828
124776,MVI_40871,77,0,1782360143.0227928,0.0019991397857666016
124777,MVI_40871,737,0,1782360143.0249133,0.002120494842529297
124778,MVI_40871,149,0,1782360143.0268183,0.0019049644470214844
124779,MVI_40871,289,0,1782360143.028781,0.0019626617431640625
124780,MVI_40871,582,0,1782360143.0308967,0.0021157264709472656
124781,MVI_40871,173,0,1782360143.0328486,0.0019519329071044922
124782,MVI_40871,536,0,1782360143.0347872,0.0019385814666748047
124783,MVI_40871,771,0,1782360143.0368876,0.0021004676818847656
124784,MVI_40871,638,0,1782360143.0388076,0.0019199848175048828
124785,MVI_40871,482,0,1782360143.0407796,0.0019719600677490234
124786,MVI_40871,143,0,1782360143.0428925,0.002112865447998047
124787,MVI_40871,815,0,1782360143.0447938,0.001901388168334961
124788,MVI_40871,357,0,1782360143.046782,0.0019881725311279297
124789,MVI_40871,430,0,1782360143.0489078,0.0021257400512695312
124790,MVI_40871,814,0,1782360143.0507963,0.0018885135650634766
124791,MVI_40871,113,0,1782360143.0527797,0.0019834041595458984
124792,MVI_40871,99,0,1782360143.0548918,0.002112150192260742
124793,MVI_40871,177,0,1782360143.0568092,0.0019173622131347656
124794,MVI_40871,134,0,1782360143.0587797,0.001970529556274414
124795,MVI_40871,540,0,1782360143.0608993,0.0021195411682128906
124796,MVI_40871,64,0,1782360143.0628142,0.00191497802734375
124797,MVI_40871,830,0,1782360143.0647798,0.0019655227661132812
124798,MVI_40871,56,0,1782360143.0668962,0.0021164417266845703
124799,MVI_40871,839,0,1782360143.0688076,0.0019114017486572266
124800,MVI_40871,108,0,1782360143.0707817,0.0019741058349609375
124801,MVI_40871,334,0,1782360143.0729098,0.002128124237060547
124802,MVI_40871,661,0,1782360143.074812,0.0019021034240722656
124803,MVI_40871,782,0,1782360143.0767927,0.0019807815551757812
124804,MVI_40871,234,0,1782360143.078893,0.002100229263305664
124805,MVI_40871,67,0,1782360143.0808084,0.0019154548645019531
124806,MVI_40871,626,0,1782360143.0827801,0.001971721649169922
124807,MVI_40871,436,0,1782360143.084912,0.002131938934326172
124808,MVI_40871,89,0,1782360143.0868068,0.0018947124481201172
124809,MVI_40871,791,0,1782360143.0887783,0.0019714832305908203
124810,MVI_40871,286,0,1782360143.0908237,0.0020453929901123047
124811,MVI_40871,518,0,1782360143.0928779,0.0020542144775390625
124812,MVI_40871,792,0,1782360143.0950825,0.0022046566009521484
124813,MVI_40871,796,0,1782360143.096986,0.001903533935546875
124814,MVI_40871,40,0,1782360143.0988972,0.001911163330078125
124815,MVI_40871,324,0,1782360143.1008122,0.00191497802734375
124816,MVI_40871,263,0,1782360143.1029272,0.002115011215209961
124817,MVI_40871,317,0,1782360143.1048074,0.0018801689147949219
124818,MVI_40871,591,0,1782360143.106809,0.002001523971557617
124819,MVI_40871,801,0,1782360143.108904,0.0020949840545654297
124820,MVI_40871,716,0,1782360143.1107981,0.001894235610961914
124821,MVI_40871,648,0,1782360143.1128101,0.002012014389038086
124822,MVI_40871,562,0,1782360143.1148808,0.0020706653594970703
124823,MVI_40871,172,0,1782360143.1168487,0.001967906951904297
124824,MVI_40871,65,0,1782360143.1190033,0.0021545886993408203
124825,MVI_40871,451,0,1782360143.1211064,0.002103090286254883
124826,MVI_40871,261,0,1782360143.1228516,0.0017452239990234375
124827,MVI_40871,235,0,1782360143.1251018,0.002250194549560547
124828,MVI_40871,383,0,1782360143.126962,0.0018601417541503906
124829,MVI_40871,623,0,1782360143.1290097,0.0020477771759033203
124830,MVI_40871,427,0,1782360143.130967,0.0019571781158447266
124831,MVI_40871,473,0,1782360143.1330957,0.0021288394927978516
124832,MVI_40871,140,0,1782360143.1348522,0.001756429672241211
124833,MVI_40871,640,0,1782360143.137093,0.002240896224975586
124834,MVI_40871,843,0,1782360143.1389637,0.0018706321716308594
124835,MVI_40871,133,0,1782360143.141022,0.002058267593383789
124836,MVI_40871,715,0,1782360143.1429777,0.001955747604370117
124837,MVI_40871,507,0,1782360143.1451008,0.002123117446899414
124838,MVI_40871,58,0,1782360143.1468627,0.0017619132995605469
124839,MVI_40871,211,0,1782360143.1491258,0.0022630691528320312
124840,MVI_40871,685,0,1782360143.1509614,0.0018355846405029297
124841,MVI_40871,764,0,1782360143.153021,0.0020596981048583984
124842,MVI_40871,749,0,1782360143.15498,0.0019588470458984375
124843,MVI_40871,8,0,1782360143.1571333,0.0021533966064453125
124844,MVI_40871,768,0,1782360143.1588628,0.0017294883728027344
124845,MVI_40871,583,0,1782360143.161164,0.0023012161254882812
124846,MVI_40871,68,0,1782360143.1629574,0.0017933845520019531
124847,MVI_40871,389,0,1782360143.165017,0.002059459686279297
124848,MVI_40871,691,0,1782360143.1669605,0.0019435882568359375
124849,MVI_40871,829,0,1782360143.1691346,0.0021741390228271484
124850,MVI_40871,105,0,1782360143.170867,0.0017323493957519531
124851,MVI_40871,808,0,1782360143.1731563,0.002289295196533203
124852,MVI_40871,255,0,1782360143.1749716,0.0018153190612792969
124853,MVI_40871,576,0,1782360143.176853,0.0018813610076904297
124854,MVI_40871,257,0,1782360143.1791368,0.002283811569213867
124855,MVI_40871,462,0,1782360143.180971,0.0018341541290283203
124856,MVI_40871,590,0,1782360143.1828656,0.0018947124481201172
124857,MVI_40871,128,0,1782360143.1851258,0.0022602081298828125
124858,MVI_40871,530,0,1782360143.1869714,0.0018455982208251953
124859,MVI_40871,461,0,1782360143.1888504,0.001878976821899414
124860,MVI_40871,346,0,1782360143.1911263,0.0022759437561035156
124861,MVI_40871,194,0,1782360143.1928525,0.0017261505126953125
124862,MVI_40871,675,0,1782360143.195108,0.0022554397583007812
124863,MVI_40871,195,0,1782360143.1968813,0.0017733573913574219
124864,MVI_40871,301,0,1782360143.1994312,0.002549886703491211
124865,MVI_40871,632,0,1782360143.2010043,0.0015730857849121094
124866,MVI_40871,586,0,1782360143.2028809,0.0018765926361083984
124867,MVI_40871,414,0,1782360143.2050939,0.002213001251220703
124868,MVI_40871,130,0,1782360143.2068546,0.001760721206665039
124869,MVI_40871,225,0,1782360143.2090685,0.0022139549255371094
124870,MVI_40871,117,0,1782360143.2109635,0.0018949508666992188
124871,MVI_40871,738,0,1782360143.2130146,0.002051115036010742
124872,MVI_40871,231,0,1782360143.214873,0.0018584728240966797
124873,MVI_40871,36,0,1782360143.2170196,0.002146482467651367
124874,MVI_40871,223,0,1782360143.218824,0.001804351806640625
124875,MVI_40871,446,0,1782360143.2210615,0.002237558364868164
124876,MVI_40871,250,0,1782360143.2228415,0.0017800331115722656
124877,MVI_40871,84,0,1782360143.2249582,0.002116680145263672
124878,MVI_40871,153,0,1782360143.2268755,0.0019173622131347656
124879,MVI_40871,260,0,1782360143.2290156,0.002140045166015625
124880,MVI_40871,273,0,1782360143.2308097,0.0017940998077392578
124881,MVI_40871,672,0,1782360143.2330601,0.0022504329681396484
124882,MVI_40871,599,0,1782360143.2348442,0.0017840862274169922
124883,MVI_40871,73,0,1782360143.2369568,0.0021126270294189453
124884,MVI_40871,478,0,1782360143.2388766,0.0019197463989257812
124885,MVI_40871,245,0,1782360143.2410126,0.0021359920501708984
124886,MVI_40871,541,0,1782360143.2428079,0.0017952919006347656
124887,MVI_40871,497,0,1782360143.2450142,0.0022063255310058594
124888,MVI_40871,291,0,1782360143.2470243,0.0020101070404052734
124889,MVI_40871,797,0,1782360143.2488077,0.0017833709716796875
124890,MVI_40871,283,0,1782360143.251069,0.0022614002227783203
124891,MVI_40871,628,0,1782360143.2528596,0.0017905235290527344
124892,MVI_40871,419,0,1782360143.2549655,0.0021059513092041016
124893,MVI_40871,370,0,1782360143.2568758,0.0019102096557617188
124894,MVI_40871,210,0,1782360143.259037,0.002161264419555664
124895,MVI_40871,785,0,1782360143.2608075,0.0017704963684082031
124896,MVI_40871,458,0,1782360143.2630742,0.0022666454315185547
124897,MVI_40871,522,0,1782360143.264839,0.0017647743225097656
124898,MVI_40871,460,0,1782360143.2669706,0.0021317005157470703
124899,MVI_40871,425,0,1782360143.2688751,0.0019044876098632812
124900,MVI_40871,61,0,1782360143.271038,0.002162933349609375
124901,MVI_40871,362,0,1782360143.2728074,0.0017693042755126953
124902,MVI_40871,95,0,1782360143.2748618,0.002054452896118164
124903,MVI_40871,759,0,1782360143.2776318,0.002769947052001953
124904,MVI_40871,281,0,1782360143.2788413,0.0012094974517822266
124905,MVI_40871,483,0,1782360143.2808478,0.00200653076171875
124906,MVI_40871,577,0,1782360143.2830057,0.002157926559448242
124907,MVI_40871,359,0,1782360143.2848043,0.0017986297607421875
124908,MVI_40871,440,0,1782360143.2868807,0.002076387405395508
124909,MVI_40871,652,0,1782360143.288955,0.0020742416381835938
124910,MVI_40871,769,0,1782360143.2908452,0.0018901824951171875
124911,MVI_40871,850,0,1782360143.2928782,0.0020329952239990234
124912,MVI_40871,774,0,1782360143.29496,0.0020818710327148438
124913,MVI_40871,519,0,1782360143.296859,0.0018990039825439453
124914,MVI_40871,787,0,1782360143.2988389,0.001979827880859375
124915,MVI_40871,561,0,1782360143.300968,0.002129077911376953
124916,MVI_40871,50,0,1782360143.3027942,0.0018262863159179688
124917,MVI_40871,677,0,1782360143.3048286,0.002034425735473633
124918,MVI_40871,682,0,1782360143.307018,0.0021893978118896484
124919,MVI_40871,307,0,1782360143.3088005,0.0017824172973632812
124920,MVI_40871,687,0,1782360143.3109193,0.002118825912475586
124921,MVI_40871,0,0,1782360143.3129818,0.002062559127807617
124922,MVI_40871,380,0,1782360143.3147893,0.0018074512481689453
124923,MVI_40871,463,0,1782360143.3168342,0.0020449161529541016
124924,MVI_40871,580,0,1782360143.3187988,0.001964569091796875
124925,MVI_40871,767,0,1782360143.3209982,0.002199411392211914
124926,MVI_40871,323,0,1782360143.3228488,0.0018506050109863281
124927,MVI_40871,700,0,1782360143.3248343,0.0019855499267578125
124928,MVI_40871,496,0,1782360143.3270035,0.0021691322326660156
124929,MVI_40871,161,0,1782360143.3288343,0.0018308162689208984
124930,MVI_40871,120,0,1782360143.3310108,0.002176523208618164
124931,MVI_40871,434,0,1782360143.3327985,0.0017876625061035156
124932,MVI_40871,509,0,1782360143.3349154,0.0021169185638427734
124933,MVI_40871,352,0,1782360143.3370042,0.002088785171508789
124934,MVI_40871,228,0,1782360143.3388112,0.0018069744110107422
124935,MVI_40871,55,0,1782360143.3408108,0.0019996166229248047
124936,MVI_40871,159,0,1782360143.3430622,0.0022513866424560547
124937,MVI_40871,788,0,1782360143.344775,0.001712799072265625
124938,MVI_40871,547,0,1782360143.3467958,0.0020208358764648438
124939,MVI_40871,47,0,1782360143.3489852,0.0021893978118896484
124940,MVI_40871,85,0,1782360143.3507984,0.0018131732940673828
124941,MVI_40871,25,0,1782360143.352797,0.0019986629486083984
124942,MVI_40871,354,0,1782360143.3548498,0.002052783966064453
124943,MVI_40871,2,0,1782360143.3567295,0.0018796920776367188
124944,MVI_40871,312,0,1782360143.3590336,0.0023040771484375
124945,MVI_40871,459,0,1782360143.3610537,0.002020120620727539
124946,MVI_40871,810,0,1782360143.3628237,0.00177001953125
124947,MVI_40871,670,0,1782360143.3650353,0.0022115707397460938
124948,MVI_40871,556,0,1782360143.3670092,0.001973867416381836
124949,MVI_40871,274,0,1782360143.3687997,0.0017905235290527344
124950,MVI_40871,66,0,1782360143.3710403,0.0022406578063964844
124951,MVI_40871,91,0,1782360143.3730032,0.001962900161743164
124952,MVI_40871,739,0,1782360143.3748214,0.0018181800842285156
124953,MVI_40871,222,0,1782360143.377037,0.0022156238555908203
124954,MVI_40871,420,0,1782360143.379032,0.0019948482513427734
124955,MVI_40871,182,0,1782360143.3808205,0.0017886161804199219
124956,MVI_40871,818,0,1782360143.3830054,0.0021848678588867188
124957,MVI_40871,213,0,1782360143.38501,0.0020046234130859375
124958,MVI_40871,775,0,1782360143.3868032,0.0017931461334228516
124959,MVI_40871,75,0,1782360143.389018,0.0022149085998535156
124960,MVI_40871,17,0,1782360143.39085,0.0018320083618164062
124961,MVI_40871,103,0,1782360143.392804,0.0019538402557373047
124962,MVI_40871,699,0,1782360143.3948681,0.002064228057861328
124963,MVI_40871,616,0,1782360143.397006,0.002137899398803711
124964,MVI_40871,840,0,1782360143.3988473,0.0018413066864013672
124965,MVI_40871,486,0,1782360143.400858,0.0020105838775634766
124966,MVI_40871,379,0,1782360143.403002,0.0021440982818603516
124967,MVI_40871,692,0,1782360143.4047997,0.0017976760864257812
124968,MVI_40871,790,0,1782360143.406862,0.0020623207092285156
124969,MVI_40871,11,0,1782360143.409016,0.0021538734436035156
124970,MVI_40871,475,0,1782360143.410797,0.0017812252044677734
124971,MVI_40871,100,0,1782360143.4128647,0.00206756591796875
124972,MVI_40871,515,0,1782360143.41501,0.0021452903747558594
124973,MVI_40871,498,0,1782360143.4168103,0.0018002986907958984
124974,MVI_40871,361,0,1782360143.4188657,0.0020554065704345703
124975,MVI_40871,485,0,1782360143.4210048,0.0021390914916992188
124976,MVI_40871,627,0,1782360143.4227972,0.0017924308776855469
124977,MVI_40871,723,0,1782360143.4249036,0.0021064281463623047
124978,MVI_40871,388,0,1782360143.4269998,0.0020961761474609375
124979,MVI_40871,394,0,1782360143.428797,0.0017971992492675781
124980,MVI_40871,407,0,1782360143.4308727,0.002075672149658203
124981,MVI_40871,704,0,1782360143.432998,0.002125263214111328
124982,MVI_40871,569,0,1782360143.434797,0.0017991065979003906
124983,MVI_40871,158,0,1782360143.4367836,0.0019865036010742188
124984,MVI_40871,57,0,1782360143.4389946,0.0022110939025878906
124985,MVI_40871,5,0,1782360143.4408035,0.0018088817596435547
124986,MVI_40871,382,0,1782360143.4428754,0.002071857452392578
124987,MVI_40871,575,0,1782360143.4450064,0.0021309852600097656
124988,MVI_40871,309,0,1782360143.4467971,0.001790761947631836
124989,MVI_40871,821,0,1782360143.4488788,0.002081632614135742
124990,MVI_40871,237,0,1782360143.4510047,0.002125978469848633
124991,MVI_40871,476,0,1782360143.4528027,0.0017979145050048828
124992,MVI_40871,619,0,1782360143.4547858,0.001983165740966797
124993,MVI_40871,284,0,1782360143.457003,0.0022172927856445312
124994,MVI_40871,46,0,1782360143.4587955,0.0017924308776855469
124995,MVI_40871,278,0,1782360143.4607847,0.001989126205444336
124996,MVI_40871,680,0,1782360143.4630046,0.0022199153900146484
124997,MVI_40871,490,0,1782360143.464811,0.001806497573852539
124998,MVI_40871,164,0,1782360143.4668813,0.002070188522338867
124999,MVI_40871,611,0,1782360143.4689968,0.002115488052368164
125000,MVI_40871,230,0,1782360143.470795,0.0017981529235839844
125001,MVI_40871,674,0,1782360143.47288,0.002084970474243164
125002,MVI_40871,784,0,1782360143.475,0.0021200180053710938
125003,MVI_40871,109,0,1782360143.4767976,0.0017976760864257812
125004,MVI_40871,514,0,1782360143.4787936,0.0019960403442382812
125005,MVI_40871,122,0,1782360143.481007,0.0022134780883789062
125006,MVI_40871,607,0,1782360143.4827974,0.0017902851104736328
125007,MVI_40871,306,0,1782360143.4847958,0.001998424530029297
125008,MVI_40871,332,0,1782360143.487003,0.0022072792053222656
125009,MVI_40871,754,0,1782360143.4887958,0.0017926692962646484
125010,MVI_40871,744,0,1782360143.4908807,0.002084970474243164
125011,MVI_40871,520,0,1782360143.4929953,0.002114534378051758
125012,MVI_40871,634,0,1782360143.4948132,0.001817941665649414
125013,MVI_40871,32,0,1782360143.4968832,0.0020699501037597656
125014,MVI_40871,789,0,1782360143.498996,0.002112865447998047
125015,MVI_40871,751,0,1782360143.5007963,0.0018002986907958984
125016,MVI_40871,772,0,1782360143.502883,0.002086639404296875
125017,MVI_40871,125,0,1782360143.5049925,0.002109527587890625
125018,MVI_40871,593,0,1782360143.5068207,0.0018281936645507812
125019,MVI_40871,54,0,1782360143.5088036,0.0019829273223876953
125020,MVI_40871,806,0,1782360143.510997,0.002193450927734375
125021,MVI_40871,302,0,1782360143.5127938,0.001796722412109375
125022,MVI_40871,725,0,1782360143.514917,0.002123117446899414
125023,MVI_40871,256,0,1782360143.516979,0.002062082290649414
125024,MVI_40871,264,0,1782360143.518796,0.0018169879913330078
125025,MVI_40871,421,0,1782360143.5208092,0.0020132064819335938
125026,MVI_40871,331,0,1782360143.5229797,0.002170562744140625
125027,MVI_40871,311,0,1782360143.5247965,0.0018167495727539062
125028,MVI_40871,401,0,1782360143.5268114,0.0020148754119873047
125029,MVI_40871,835,0,1782360143.5289934,0.0021820068359375
125030,MVI_40871,760,0,1782360143.530799,0.0018055438995361328
125031,MVI_40871,318,0,1782360143.532921,0.002122163772583008
125032,MVI_40871,845,0,1782360143.5349846,0.0020635128021240234
125033,MVI_40871,564,0,1782360143.5368,0.0018153190612792969
125034,MVI_40871,669,0,1782360143.538817,0.0020170211791992188
125035,MVI_40871,539,0,1782360143.5410094,0.0021924972534179688
125036,MVI_40871,107,0,1782360143.542799,0.0017895698547363281
125037,MVI_40871,368,0,1782360143.5449207,0.0021216869354248047
125038,MVI_40871,127,0,1782360143.546994,0.0020732879638671875
125039,MVI_40871,481,0,1782360143.5488126,0.0018186569213867188
125040,MVI_40871,226,0,1782360143.5508225,0.002009868621826172
125041,MVI_40871,822,0,1782360143.55298,0.002157449722290039
125042,MVI_40871,502,0,1782360143.5547955,0.0018155574798583984
125043,MVI_40871,472,0,1782360143.5568242,0.0020287036895751953
125044,MVI_40871,59,0,1782360143.5589967,0.0021724700927734375
125045,MVI_40871,786,0,1782360143.5607955,0.001798868179321289
125046,MVI_40871,174,0,1782360143.5628245,0.002028942108154297
125047,MVI_40871,834,0,1782360143.5649815,0.002156972885131836
125048,MVI_40871,450,0,1782360143.5667956,0.001814126968383789
125049,MVI_40871,189,0,1782360143.5688312,0.0020356178283691406
125050,MVI_40871,798,0,1782360143.5709867,0.0021555423736572266
125051,MVI_40871,732,0,1782360143.5727882,0.0018014907836914062
125052,MVI_40871,555,0,1782360143.5747957,0.0020074844360351562
125053,MVI_40871,88,0,1782360143.577028,0.0022323131561279297
125054,MVI_40871,521,0,1782360143.5788314,0.0018033981323242188
125055,MVI_40871,695,0,1782360143.5807867,0.001955270767211914
125056,MVI_40871,579,0,1782360143.5829732,0.0021865367889404297
125057,MVI_40871,167,0,1782360143.5847874,0.001814126968383789
125058,MVI_40871,570,0,1782360143.5868456,0.002058267593383789
125059,MVI_40871,227,0,1782360143.5890079,0.0021622180938720703
125060,MVI_40871,750,0,1782360143.5908136,0.0018057823181152344
125061,MVI_40871,297,0,1782360143.5928254,0.0020117759704589844
125062,MVI_40871,549,0,1782360143.5949917,0.002166271209716797
125063,MVI_40871,534,0,1782360143.5967956,0.0018038749694824219
125064,MVI_40871,363,0,1782360143.5988421,0.0020465850830078125
125065,MVI_40871,761,0,1782360143.6009738,0.0021317005157470703
125066,MVI_40871,52,0,1782360143.6027875,0.001813650131225586
125067,MVI_40871,51,0,1782360143.6048574,0.0020699501037597656
125068,MVI_40871,392,0,1782360143.6070242,0.002166748046875
125069,MVI_40871,239,0,1782360143.6088023,0.0017781257629394531
125070,MVI_40871,351,0,1782360143.6108468,0.0020444393157958984
125071,MVI_40871,386,0,1782360143.6129746,0.0021278858184814453
125072,MVI_40871,480,0,1782360143.6147866,0.001811981201171875
125073,MVI_40871,512,0,1782360143.6168554,0.002068758010864258
125074,MVI_40871,755,0,1782360143.6190023,0.0021469593048095703
125075,MVI_40871,30,0,1782360143.6208122,0.001809835433959961
125076,MVI_40871,285,0,1782360143.6228535,0.002041339874267578
125077,MVI_40871,645,0,1782360143.6249926,0.0021390914916992188
125078,MVI_40871,443,0,1782360143.626813,0.0018203258514404297
125079,MVI_40871,224,0,1782360143.6288524,0.0020394325256347656
125080,MVI_40871,679,0,1782360143.6309967,0.002144336700439453
125081,MVI_40871,437,0,1782360143.6327946,0.0017979145050048828
125082,MVI_40871,668,0,1782360143.634857,0.0020623207092285156
125083,MVI_40871,646,0,1782360143.637003,0.002146005630493164
125084,MVI_40871,820,0,1782360143.6387868,0.0017838478088378906
125085,MVI_40871,468,0,1782360143.640865,0.0020782947540283203
125086,MVI_40871,321,0,1782360143.6430066,0.0021414756774902344
125087,MVI_40871,630,0,1782360143.6447952,0.0017886161804199219
125088,MVI_40871,398,0,1782360143.6468627,0.00206756591796875
125089,MVI_40871,724,0,1782360143.649008,0.0021452903747558594
125090,MVI_40871,666,0,1782360143.650812,0.0018038749694824219
125091,MVI_40871,708,0,1782360143.6527832,0.0019712448120117188
125092,MVI_40871,624,0,1782360143.6549976,0.0022144317626953125
125093,MVI_40871,191,0,1782360143.6568317,0.0018341541290283203
125094,MVI_40871,779,0,1782360143.6588736,0.0020418167114257812
125095,MVI_40871,622,0,1782360143.661019,0.002145528793334961
125096,MVI_40871,466,0,1782360143.6628036,0.0017845630645751953
125097,MVI_40871,129,0,1782360143.665293,0.002489328384399414
125098,MVI_40871,377,0,1782360143.6668355,0.0015425682067871094
125099,MVI_40871,262,0,1782360143.6689641,0.00212860107421875
125100,MVI_40871,501,0,1782360143.6708922,0.001928091049194336
125101,MVI_40871,606,0,1782360143.6730077,0.002115488052368164
125102,MVI_40871,308,0,1782360143.674801,0.0017933845520019531
125103,MVI_40871,565,0,1782360143.6770341,0.0022330284118652344
125104,MVI_40871,276,0,1782360143.6789834,0.001949310302734375
125105,MVI_40871,734,0,1782360143.6808066,0.0018231868743896484
125106,MVI_40871,722,0,1782360143.683043,0.0022363662719726562
125107,MVI_40871,353,0,1782360143.6850061,0.0019631385803222656
125108,MVI_40871,823,0,1782360143.6868122,0.001806020736694336
125109,MVI_40871,783,0,1782360143.6890469,0.0022346973419189453
125110,MVI_40871,87,0,1782360143.6909964,0.0019495487213134766
125111,MVI_40871,399,0,1782360143.6928494,0.0018529891967773438
125112,MVI_40871,604,0,1782360143.6950386,0.002189159393310547
125113,MVI_40871,192,0,1782360143.6969852,0.0019466876983642578
125114,MVI_40871,187,0,1782360143.6988127,0.0018274784088134766
125115,MVI_40871,479,0,1782360143.701087,0.0022742748260498047
125116,MVI_40871,236,0,1782360143.7029917,0.0019047260284423828
125117,MVI_40871,19,0,1782360143.704793,0.0018012523651123047
125118,MVI_40871,376,0,1782360143.7069955,0.0022025108337402344
125119,MVI_40871,568,0,1782360143.7090166,0.0020210742950439453
125120,MVI_40871,28,0,1782360143.7108,0.0017833709716796875
125121,MVI_40871,712,0,1782360143.7129762,0.0021762847900390625
125122,MVI_40871,800,0,1782360143.7150085,0.0020322799682617188
125123,MVI_40871,232,0,1782360143.71679,0.001781463623046875
125124,MVI_40871,488,0,1782360143.7189653,0.0021753311157226562
125125,MVI_40871,718,0,1782360143.7210221,0.0020568370819091797
125126,MVI_40871,180,0,1782360143.7228053,0.001783132553100586
125127,MVI_40871,625,0,1782360143.7250798,0.0022745132446289062
125128,MVI_40871,658,0,1782360143.7268372,0.0017573833465576172
125129,MVI_40871,217,0,1782360143.7289493,0.002112150192260742
125130,MVI_40871,469,0,1782360143.730895,0.0019457340240478516
125131,MVI_40871,106,0,1782360143.7330024,0.002107381820678711
125132,MVI_40871,179,0,1782360143.7348137,0.0018112659454345703
125133,MVI_40871,197,0,1782360143.7370205,0.0022068023681640625
125134,MVI_40871,598,0,1782360143.7390163,0.0019958019256591797
125135,MVI_40871,98,0,1782360143.7407897,0.0017733573913574219
125136,MVI_40871,372,0,1782360143.7429688,0.0021791458129882812
125137,MVI_40871,696,0,1782360143.7450078,0.0020389556884765625
125138,MVI_40871,142,0,1782360143.7467997,0.0017919540405273438
125139,MVI_40871,557,0,1782360143.74907,0.002270221710205078
125140,MVI_40871,529,0,1782360143.7510056,0.001935720443725586
125141,MVI_40871,115,0,1782360143.752792,0.0017862319946289062
125142,MVI_40871,581,0,1782360143.7549684,0.002176523208618164
125143,MVI_40871,296,0,1782360143.7570252,0.0020568370819091797
125144,MVI_40871,375,0,1782360143.7588136,0.0017883777618408203
125145,MVI_40871,315,0,1782360143.7609313,0.002117633819580078
125146,MVI_40871,794,0,1782360143.7630036,0.0020723342895507812
125147,MVI_40871,748,0,1782360143.7648625,0.0018589496612548828
125148,MVI_40871,612,0,1782360143.7668228,0.001960277557373047
125149,MVI_40871,190,0,1782360143.7690434,0.002220630645751953
125150,MVI_40871,4,0,1782360143.7708127,0.0017693042755126953
125151,MVI_40871,145,0,1782360143.772933,0.0021202564239501953
125152,MVI_40871,212,0,1782360143.7750053,0.0020723342895507812
125153,MVI_40871,272,0,1782360143.7767885,0.001783132553100586
125154,MVI_40871,132,0,1782360143.778827,0.0020384788513183594
125155,MVI_40871,71,0,1782360143.7810204,0.002193450927734375
125156,MVI_40871,533,0,1782360143.7828035,0.001783132553100586
125157,MVI_40871,650,0,1782360143.7848237,0.002020120620727539
125158,MVI_40871,584,0,1782360143.7869895,0.0021657943725585938
125159,MVI_40871,846,0,1782360143.7888007,0.0018112659454345703
125160,MVI_40871,432,0,1782360143.7909324,0.0021317005157470703
125161,MVI_40871,48,0,1782360143.793003,0.0020706653594970703
125162,MVI_40871,114,0,1782360143.7947924,0.0017893314361572266
125163,MVI_40871,43,0,1782360143.7968335,0.0020411014556884766
125164,MVI_40871,416,0,1782360143.7990177,0.002184152603149414
125165,MVI_40871,328,0,1782360143.8008006,0.0017828941345214844
125166,MVI_40871,316,0,1782360143.8029342,0.002133607864379883
125167,MVI_40871,371,0,1782360143.804988,0.0020537376403808594
125168,MVI_40871,79,0,1782360143.8067904,0.0018024444580078125
125169,MVI_40871,199,0,1782360143.808838,0.0020475387573242188
125170,MVI_40871,62,0,1782360143.8110032,0.0021653175354003906
125171,MVI_40871,618,0,1782360143.8128135,0.001810312271118164
125172,MVI_40871,841,0,1782360143.8148348,0.002021312713623047
125173,MVI_40871,253,0,1782360143.8170092,0.00217437744140625
125174,MVI_40871,641,0,1782360143.818791,0.0017817020416259766
125175,MVI_40871,552,0,1782360143.8208447,0.0020537376403808594
125176,MVI_40871,805,0,1782360143.8230343,0.00218963623046875
125177,MVI_40871,147,0,1782360143.8248186,0.0017843246459960938
125178,MVI_40871,34,0,1782360143.8269296,0.0021109580993652344
125179,MVI_40871,277,0,1782360143.8290057,0.0020761489868164062
125180,MVI_40871,27,0,1782360143.83079,0.0017843246459960938
125181,MVI_40871,74,0,1782360143.8328483,0.002058267593383789
125182,MVI_40871,410,0,1782360143.8349862,0.002137899398803711
125183,MVI_40871,207,0,1782360143.8367991,0.0018129348754882812
125184,MVI_40871,548,0,1782360143.8388448,0.0020456314086914062
125185,MVI_40871,18,0,1782360143.8409872,0.0021424293518066406
125186,MVI_40871,131,0,1782360143.8427954,0.00180816650390625
125187,MVI_40871,495,0,1782360143.8448522,0.0020568370819091797
125188,MVI_40871,35,0,1782360143.8469856,0.0021333694458007812
125189,MVI_40871,343,0,1782360143.8488016,0.0018160343170166016
125190,MVI_40871,155,0,1782360143.8508499,0.0020482540130615234
125191,MVI_40871,517,0,1782360143.8530097,0.0021598339080810547
125192,MVI_40871,676,0,1782360143.8547916,0.0017819404602050781
125193,MVI_40871,729,0,1782360143.8568573,0.0020656585693359375
125194,MVI_40871,60,0,1782360143.8589847,0.002127408981323242
125195,MVI_40871,477,0,1782360143.8608031,0.0018184185028076172
125196,MVI_40871,643,0,1782360143.8628557,0.0020525455474853516
125197,MVI_40871,41,0,1782360143.8650024,0.0021467208862304688
125198,MVI_40871,166,0,1782360143.8667932,0.001790761947631836
125199,MVI_40871,559,0,1782360143.868864,0.002070903778076172
125200,MVI_40871,595,0,1782360143.8710234,0.0021593570709228516
125201,MVI_40871,23,0,1782360143.8728032,0.001779794692993164
125202,MVI_40871,644,0,1782360143.8748603,0.0020570755004882812
125203,MVI_40871,807,0,1782360143.877056,0.002195596694946289
125204,MVI_40871,448,0,1782360143.879174,0.0021181106567382812
125205,MVI_40871,613,0,1782360143.881013,0.0018389225006103516
125206,MVI_40871,733,0,1782360143.8829365,0.0019235610961914062
125207,MVI_40871,542,0,1782360143.8848376,0.0019011497497558594
125208,MVI_40871,338,0,1782360143.887021,0.0021834373474121094
125209,MVI_40871,585,0,1782360143.8888876,0.0018665790557861328
125210,MVI_40871,238,0,1782360143.890832,0.0019443035125732422
125211,MVI_40871,746,0,1782360143.8930311,0.0021991729736328125
125212,MVI_40871,554,0,1782360143.8950357,0.0020046234130859375
125213,MVI_40871,600,0,1782360143.8967967,0.0017609596252441406
125214,MVI_40871,342,0,1782360143.8990333,0.002236604690551758
125215,MVI_40871,233,0,1782360143.900997,0.0019636154174804688
125216,MVI_40871,119,0,1782360143.9027894,0.0017924308776855469
125217,MVI_40871,608,0,1782360143.9050398,0.0022504329681396484
125218,MVI_40871,214,0,1782360143.906979,0.0019392967224121094
125219,MVI_40871,303,0,1782360143.908869,0.001889944076538086
125220,MVI_40871,424,0,1782360143.9110405,0.0021715164184570312
125221,MVI_40871,395,0,1782360143.9129992,0.001958608627319336
125222,normal,2246,0,1782360178.3470345,0.0
125223,normal,292,0,1782360178.3490088,0.001974344253540039
125224,normal,1319,1,1782360178.3511693,0.0021605491638183594
125225,normal,2806,0,1782360178.352914,0.0017447471618652344
125226,normal,1610,0,1782360178.3549511,0.00203704833984375
125227,normal,661,0,1782360178.356845,0.001893758773803711
125228,normal,1777,0,1782360178.3588727,0.002027750015258789
125229,normal,1060,0,1782360178.3608441,0.0019714832305908203
125230,normal,2553,0,1782360178.3628893,0.002045154571533203
125231,normal,431,0,1782360178.3648314,0.0019421577453613281
125232,normal,2579,0,1782360178.367033,0.002201557159423828
125233,normal,1730,0,1782360178.3688395,0.001806497573852539
125234,normal,932,2,1782360178.371006,0.0021665096282958984
125235,normal,3026,0,1782360178.3729067,0.0019006729125976562
125236,normal,320,0,1782360178.375008,0.002101421356201172
125237,normal,2875,0,1782360178.3768935,0.0018854141235351562
125238,normal,951,2,1782360178.3790362,0.002142667770385742
125239,normal,924,2,1782360178.3808925,0.0018563270568847656
125240,normal,375,0,1782360178.383036,0.002143383026123047
125241,normal,3208,1,1782360178.3848996,0.001863718032836914
125242,normal,2414,0,1782360178.3870363,0.002136707305908203
125243,normal,2513,0,1782360178.3889143,0.0018780231475830078
125244,normal,3397,1,1782360178.3910701,0.002155780792236328
125245,normal,3055,1,1782360178.3929064,0.0018362998962402344
125246,normal,1642,0,1782360178.3950143,0.002107858657836914
125247,normal,1451,0,1782360178.396929,0.0019147396087646484
125248,normal,451,0,1782360178.3990338,0.0021047592163085938
125249,normal,2735,0,1782360178.4009194,0.0018856525421142578
125250,normal,2326,0,1782360178.4030418,0.0021224021911621094
125251,normal,2413,0,1782360178.4049091,0.0018672943115234375
125252,normal,3235,1,1782360178.4070125,0.0021033287048339844
125253,normal,2316,0,1782360178.4089284,0.0019159317016601562
125254,normal,2919,0,1782360178.411034,0.002105712890625
125255,normal,1224,0,1782360178.4129164,0.001882314682006836
125256,normal,8,0,1782360178.4150262,0.0021097660064697266
125257,normal,3543,0,1782360178.4169257,0.0018994808197021484
125258,normal,161,0,1782360178.4190261,0.0021004676818847656
125259,normal,1767,0,1782360178.4208994,0.0018732547760009766
125260,normal,1250,0,1782360178.4230447,0.0021452903747558594
125261,normal,2402,0,1782360178.4248936,0.0018489360809326172
125262,normal,523,0,1782360178.427018,0.002124309539794922
125263,normal,1664,0,1782360178.4289277,0.0019097328186035156
125264,normal,525,0,1782360178.430977,0.0020494461059570312
125265,normal,1934,0,1782360178.4329233,0.0019462108612060547
125266,normal,1840,0,1782360178.4350607,0.002137422561645508
125267,normal,3092,1,1782360178.4369836,0.0019228458404541016
125268,normal,2005,0,1782360178.438977,0.001993417739868164
125269,normal,716,0,1782360178.4409323,0.001955270767211914
125270,normal,3428,0,1782360178.4430282,0.002095937728881836
125271,normal,887,2,1782360178.4448986,0.0018703937530517578
125272,normal,397,0,1782360178.447056,0.002157449722290039
125273,normal,1259,0,1782360178.4489717,0.0019156932830810547
125274,normal,3387,1,1782360178.4509015,0.0019297599792480469
125275,normal,1154,0,1782360178.453094,0.0021924972534179688
125276,normal,2865,0,1782360178.4549673,0.0018732547760009766
125277,normal,3233,1,1782360178.456904,0.0019366741180419922
125278,normal,2956,0,1782360178.4590616,0.0021576881408691406
125279,normal,2230,0,1782360178.460979,0.0019173622131347656
125280,normal,1773,0,1782360178.462922,0.0019431114196777344
125281,normal,2745,0,1782360178.465065,0.0021429061889648438
125282,normal,1242,0,1782360178.4669583,0.0018932819366455078
125283,normal,2581,0,1782360178.4689398,0.001981496810913086
125284,normal,3283,1,1782360178.4709282,0.0019884109497070312
125285,normal,1732,0,1782360178.4730263,0.00209808349609375
125286,normal,3693,0,1782360178.4748857,0.001859426498413086
125287,normal,2748,0,1782360178.4770203,0.002134561538696289
125288,normal,560,0,1782360178.479037,0.002016782760620117
125289,normal,632,0,1782360178.480897,0.001859903335571289
125290,normal,2307,0,1782360178.483022,0.0021250247955322266
125291,normal,212,0,1782360178.485042,0.002020120620727539
125292,normal,2571,0,1782360178.4868863,0.001844167709350586
125293,normal,2053,0,1782360178.489025,0.002138853073120117
125294,normal,1892,0,1782360178.4910667,0.0020415782928466797
125295,normal,2196,0,1782360178.493029,0.001962423324584961
125296,normal,2232,0,1782360178.4951534,0.002124309539794922
125297,normal,2941,0,1782360178.4970653,0.0019118785858154297
125298,normal,2332,0,1782360178.4989958,0.0019304752349853516
125299,normal,3143,1,1782360178.5010276,0.0020318031311035156
125300,normal,1268,0,1782360178.5030293,0.0020017623901367188
125301,normal,3374,1,1782360178.5048635,0.0018341541290283203
125302,normal,3581,0,1782360178.507061,0.0021975040435791016
125303,normal,1229,0,1782360178.5090218,0.00196075439453125
125304,normal,994,2,1782360178.5108693,0.0018475055694580078
125305,normal,1904,0,1782360178.5130327,0.002163410186767578
125306,normal,2669,0,1782360178.5150087,0.00197601318359375
125307,normal,1540,0,1782360178.5170422,0.0020334720611572266
125308,normal,2697,0,1782360178.5188859,0.0018436908721923828
125309,normal,801,2,1782360178.5210211,0.0021352767944335938
125310,normal,3495,0,1782360178.5228636,0.001842498779296875
125311,normal,112,0,1782360178.5250437,0.0021800994873046875
125312,normal,1220,0,1782360178.526863,0.0018193721771240234
125313,normal,3179,1,1782360178.5290165,0.0021533966064453125
125314,normal,2570,0,1782360178.5308888,0.0018723011016845703
125315,normal,517,0,1782360178.5330222,0.0021333694458007812
125316,normal,739,0,1782360178.5348637,0.0018415451049804688
125317,normal,3323,1,1782360178.5370123,0.0021486282348632812
125318,normal,2125,0,1782360178.5388618,0.0018494129180908203
125319,normal,2055,0,1782360178.5410213,0.002159595489501953
125320,normal,3619,0,1782360178.5428956,0.0018742084503173828
125321,normal,892,2,1782360178.5450184,0.0021228790283203125
125322,normal,3565,0,1782360178.5468693,0.0018508434295654297
125323,normal,3285,1,1782360178.549116,0.0022466182708740234
125324,normal,1923,0,1782360178.5510254,0.001909494400024414
125325,normal,867,2,1782360178.552856,0.0018305778503417969
125326,normal,2340,0,1782360178.555044,0.002187967300415039
125327,normal,3083,1,1782360178.5570245,0.0019805431365966797
125328,normal,1680,0,1782360178.5588725,0.001847982406616211
125329,normal,2300,0,1782360178.561044,0.0021715164184570312
125330,normal,1027,2,1782360178.5630083,0.0019643306732177734
125331,normal,1990,0,1782360178.5648563,0.001847982406616211
125332,normal,268,0,1782360178.5670676,0.002211332321166992
125333,normal,398,0,1782360178.568866,0.001798391342163086
125334,normal,959,2,1782360178.5709922,0.0021262168884277344
125335,normal,1950,0,1782360178.5729036,0.0019114017486572266
125336,normal,90,0,1782360178.5750098,0.002106189727783203
125337,normal,1118,0,1782360178.5768619,0.0018520355224609375
125338,normal,1020,2,1782360178.5790548,0.002192974090576172
125339,normal,695,0,1782360178.580983,0.001928091049194336
125340,normal,2510,0,1782360178.5828567,0.0018737316131591797
125341,normal,623,0,1782360178.5850573,0.002200603485107422
125342,normal,3416,0,1782360178.5870159,0.001958608627319336
125343,normal,1466,0,1782360178.5888615,0.0018455982208251953
125344,normal,1333,1,1782360178.5910606,0.0021991729736328125
125345,normal,2439,0,1782360178.5930026,0.0019419193267822266
125346,normal,766,0,1782360178.594856,0.0018534660339355469
125347,normal,1961,0,1782360178.5970619,0.0022058486938476562
125348,normal,3188,1,1782360178.5990112,0.001949310302734375
125349,normal,2457,0,1782360178.6008592,0.001847982406616211
125350,normal,3549,0,1782360178.603067,0.0022077560424804688
125351,normal,1781,0,1782360178.6050088,0.0019419193267822266
125352,normal,2108,0,1782360178.6068568,0.001847982406616211
125353,normal,1371,1,1782360178.6090684,0.0022115707397460938
125354,normal,1094,0,1782360178.6110198,0.001951456069946289
125355,normal,3595,0,1782360178.612864,0.001844167709350586
125356,normal,1884,0,1782360178.6150706,0.002206563949584961
125357,normal,1067,0,1782360178.6170037,0.0019330978393554688
125358,normal,1358,1,1782360178.618857,0.0018532276153564453
125359,normal,3120,1,1782360178.621072,0.002215147018432617
125360,normal,2700,0,1782360178.6230085,0.0019364356994628906
125361,normal,1541,0,1782360178.6248648,0.0018563270568847656
125362,normal,2473,0,1782360178.627074,0.002209186553955078
125363,normal,1534,0,1782360178.6290038,0.0019297599792480469
125364,normal,295,0,1782360178.6308534,0.0018496513366699219
125365,normal,387,0,1782360178.633107,0.0022535324096679688
125366,normal,2123,0,1782360178.6350565,0.0019495487213134766
125367,normal,2515,0,1782360178.6369674,0.0019109249114990234
125368,normal,3274,1,1782360178.6389303,0.001962900161743164
125369,normal,1347,1,1782360178.6410353,0.0021049976348876953
125370,normal,679,0,1782360178.642884,0.0018486976623535156
125371,normal,3034,0,1782360178.6449444,0.002060413360595703
125372,normal,1563,0,1782360178.647039,0.0020945072174072266
125373,normal,1340,1,1782360178.6488807,0.0018417835235595703
125374,normal,1462,0,1782360178.6509347,0.002053976058959961
125375,normal,3466,0,1782360178.6530225,0.002087831497192383
125376,normal,676,0,1782360178.6548815,0.0018589496612548828
125377,normal,3679,0,1782360178.6569378,0.0020563602447509766
125378,normal,2878,0,1782360178.659034,0.0020961761474609375
125379,normal,3448,0,1782360178.6608822,0.0018482208251953125
125380,normal,1444,0,1782360178.6629398,0.0020575523376464844
125381,normal,3073,1,1782360178.6650314,0.002091646194458008
125382,normal,579,0,1782360178.6668804,0.0018489360809326172
125383,normal,2082,0,1782360178.668944,0.0020635128021240234
125384,normal,1966,0,1782360178.6710243,0.0020804405212402344
125385,normal,2,0,1782360178.6728644,0.0018401145935058594
125386,normal,890,2,1782360178.6749458,0.0020813941955566406
125387,normal,653,0,1782360178.6770356,0.0020897388458251953
125388,normal,3705,0,1782360178.6788812,0.0018455982208251953
125389,normal,2275,0,1782360178.6809487,0.00206756591796875
125390,normal,507,0,1782360178.6830232,0.0020744800567626953
125391,normal,75,0,1782360178.6848853,0.0018620491027832031
125392,normal,738,0,1782360178.6869514,0.0020661354064941406
125393,normal,366,0,1782360178.6890273,0.0020759105682373047
125394,normal,3298,1,1782360178.6908836,0.0018563270568847656
125395,normal,3511,0,1782360178.6930897,0.002206087112426758
125396,normal,2858,0,1782360178.6951468,0.0020570755004882812
125397,normal,2206,0,1782360178.697027,0.0018801689147949219
125398,normal,2380,0,1782360178.6991372,0.0021102428436279297
125399,normal,162,0,1782360178.7011504,0.0020132064819335938
125400,normal,2085,0,1782360178.7029257,0.0017752647399902344
125401,normal,1565,0,1782360178.7050116,0.0020859241485595703
125402,normal,281,0,1782360178.7070124,0.0020008087158203125
125403,normal,1272,0,1782360178.7088413,0.001828908920288086
125404,normal,3308,1,1782360178.7110126,0.0021712779998779297
125405,normal,3126,1,1782360178.7130055,0.001992940902709961
125406,normal,3246,1,1782360178.7148585,0.0018529891967773438
125407,normal,753,0,1782360178.7170153,0.0021567344665527344
125408,normal,405,0,1782360178.719012,0.001996755599975586
125409,normal,2271,0,1782360178.7208571,0.0018451213836669922
125410,normal,66,0,1782360178.7230165,0.0021593570709228516
125411,normal,2467,0,1782360178.7250087,0.0019922256469726562
125412,normal,3062,1,1782360178.72686,0.0018513202667236328
125413,normal,1033,0,1782360178.7290215,0.0021615028381347656
125414,normal,1572,0,1782360178.7310145,0.001992940902709961
125415,normal,2050,0,1782360178.7328646,0.001850128173828125
125416,normal,754,0,1782360178.7350223,0.0021576881408691406
125417,normal,2843,0,1782360178.737004,0.0019817352294921875
125418,normal,1535,0,1782360178.7388709,0.0018668174743652344
125419,normal,92,0,1782360178.7410252,0.0021543502807617188
125420,normal,3476,0,1782360178.7430177,0.001992464065551758
125421,normal,1222,0,1782360178.7448575,0.0018398761749267578
125422,normal,1432,0,1782360178.7470286,0.002171039581298828
125423,normal,998,2,1782360178.7490091,0.0019805431365966797
125424,normal,1075,0,1782360178.7508569,0.0018477439880371094
125425,normal,489,0,1782360178.7530305,0.0021736621856689453
125426,normal,3069,1,1782360178.755017,0.0019865036010742188
125427,normal,1772,0,1782360178.7568567,0.0018396377563476562
125428,normal,1468,0,1782360178.759032,0.0021753311157226562
125429,normal,1104,0,1782360178.7610116,0.0019795894622802734
125430,normal,1176,0,1782360178.7628582,0.0018465518951416016
125431,normal,3458,0,1782360178.7648845,0.0020263195037841797
125432,normal,188,0,1782360178.7670121,0.0021276473999023438
125433,normal,111,0,1782360178.7688582,0.0018460750579833984
125434,normal,1595,0,1782360178.771039,0.002180814743041992
125435,normal,1073,0,1782360178.773004,0.001965045928955078
125436,normal,631,0,1782360178.774857,0.0018529891967773438
125437,normal,70,0,1782360178.777037,0.002179861068725586
125438,normal,1389,0,1782360178.7790098,0.0019729137420654297
125439,normal,41,0,1782360178.7808619,0.0018520355224609375
125440,normal,2688,0,1782360178.7830427,0.002180814743041992
125441,normal,2188,0,1782360178.785011,0.0019683837890625
125442,normal,321,0,1782360178.7868583,0.0018472671508789062
125443,normal,900,2,1782360178.7890418,0.0021834373474121094
125444,normal,3128,1,1782360178.7910008,0.001959085464477539
125445,normal,3157,1,1782360178.7928593,0.0018584728240966797
125446,normal,1741,0,1782360178.7950513,0.0021920204162597656
125447,normal,2953,0,1782360178.7970102,0.0019588470458984375
125448,normal,136,0,1782360178.798857,0.0018467903137207031
125449,normal,3025,0,1782360178.80105,0.002192974090576172
125450,normal,2597,0,1782360178.8030093,0.0019593238830566406
125451,normal,3589,0,1782360178.8048568,0.0018475055694580078
125452,normal,3695,0,1782360178.8070111,0.0021543502807617188
125453,normal,3472,0,1782360178.809014,0.0020029544830322266
125454,normal,2916,0,1782360178.8117895,0.002775430679321289
125455,normal,3489,0,1782360178.812868,0.0010786056518554688
125456,normal,2718,0,1782360178.8150113,0.0021431446075439453
125457,normal,1665,0,1782360178.8168597,0.001848459243774414
125458,normal,2052,0,1782360178.8190553,0.002195596694946289
125459,normal,2020,0,1782360178.8209574,0.0019021034240722656
125460,normal,2487,0,1782360178.822857,0.0018994808197021484
125461,normal,1402,0,1782360178.8249102,0.0020532608032226562
125462,normal,551,0,1782360178.8270087,0.002098560333251953
125463,normal,3329,1,1782360178.828857,0.0018482208251953125
125464,normal,2265,0,1782360178.8310463,0.0021893978118896484
125465,normal,1778,0,1782360178.8329418,0.0018954277038574219
125466,normal,434,0,1782360178.8348575,0.0019156932830810547
125467,normal,722,0,1782360178.8370101,0.002152681350708008
125468,normal,3008,0,1782360178.8389585,0.0019483566284179688
125469,normal,942,2,1782360178.8408601,0.0019016265869140625
125470,normal,1958,0,1782360178.8430674,0.0022072792053222656
125471,normal,2346,0,1782360178.8449135,0.0018460750579833984
125472,normal,2915,0,1782360178.8468573,0.001943826675415039
125473,normal,2598,0,1782360178.8490694,0.002212047576904297
125474,normal,2810,0,1782360178.850947,0.0018775463104248047
125475,normal,961,2,1782360178.8528397,0.0018928050994873047
125476,normal,2677,0,1782360178.8550713,0.002231597900390625
125477,normal,3122,1,1782360178.8570027,0.0019314289093017578
125478,normal,1408,0,1782360178.8588681,0.001865386962890625
125479,normal,2743,0,1782360178.8611004,0.0022323131561279297
125480,normal,704,0,1782360178.8630104,0.0019099712371826172
125481,normal,1661,0,1782360178.8648577,0.0018472671508789062
125482,normal,2931,0,1782360178.867105,0.002247333526611328
125483,normal,3667,0,1782360178.8690171,0.0019121170043945312
125484,normal,76,0,1782360178.8708582,0.0018410682678222656
125485,normal,3140,1,1782360178.8731291,0.002270936965942383
125486,normal,2946,0,1782360178.874992,0.0018627643585205078
125487,normal,2692,0,1782360178.8768551,0.001863241195678711
125488,normal,477,0,1782360178.8791091,0.002254009246826172
125489,normal,3198,1,1782360178.8810005,0.0018913745880126953
125490,normal,1169,0,1782360178.882858,0.0018575191497802734
125491,normal,441,0,1782360178.885111,0.0022530555725097656
125492,normal,2034,0,1782360178.8870034,0.0018923282623291016
125493,normal,3286,1,1782360178.8888562,0.0018527507781982422
125494,normal,331,0,1782360178.8911135,0.0022573471069335938
125495,normal,232,0,1782360178.8930018,0.001888275146484375
125496,normal,1002,2,1782360178.894858,0.001856088638305664
125497,normal,1537,0,1782360178.897115,0.002257108688354492
125498,normal,1837,0,1782360178.8990154,0.0019004344940185547
125499,normal,2904,0,1782360178.9008784,0.0018630027770996094
125500,normal,2112,0,1782360178.9031267,0.0022482872009277344
125501,normal,2552,0,1782360178.905006,0.0018792152404785156
125502,normal,1619,0,1782360178.9068565,0.0018506050109863281
125503,normal,102,0,1782360178.9091222,0.0022656917572021484
125504,normal,584,0,1782360178.910999,0.0018768310546875
125505,normal,2183,0,1782360178.9128623,0.001863241195678711
125506,normal,609,0,1782360178.9151242,0.0022618770599365234
125507,normal,1191,0,1782360178.9170077,0.0018835067749023438
125508,normal,1418,0,1782360178.918857,0.0018494129180908203
125509,normal,1079,0,1782360178.9211268,0.002269744873046875
125510,normal,3546,0,1782360178.9229994,0.0018725395202636719
125511,normal,2140,0,1782360178.924856,0.0018565654754638672
125512,normal,347,0,1782360178.9270124,0.002156496047973633
125513,normal,455,0,1782360178.9290092,0.001996755599975586
125514,normal,2428,0,1782360178.930858,0.0018486976623535156
125515,normal,2824,0,1782360178.9330084,0.0021505355834960938
125516,normal,3689,0,1782360178.9350245,0.0020160675048828125
125517,normal,2550,0,1782360178.936861,0.001836538314819336
125518,normal,1673,0,1782360178.9390087,0.002147674560546875
125519,normal,3060,1,1782360178.941024,0.002015352249145508
125520,normal,1775,0,1782360178.942858,0.0018339157104492188
125521,normal,2405,0,1782360178.9450116,0.002153635025024414
125522,normal,3504,0,1782360178.9469922,0.0019805431365966797
125523,normal,2094,0,1782360178.9488566,0.0018644332885742188
125524,normal,3582,0,1782360178.9510148,0.0021581649780273438
125525,normal,2266,0,1782360178.952997,0.0019822120666503906
125526,normal,1053,0,1782360178.954859,0.0018620491027832031
125527,normal,1553,0,1782360178.957017,0.002157926559448242
125528,normal,3267,1,1782360178.9589834,0.0019664764404296875
125529,normal,2512,0,1782360178.9608574,0.0018739700317382812
125530,normal,3647,0,1782360178.9630206,0.0021631717681884766
125531,normal,267,0,1782360178.9648786,0.0018579959869384766
125532,normal,1555,0,1782360178.9668558,0.001977205276489258
125533,normal,3065,1,1782360178.969031,0.0021753311157226562
125534,normal,3050,1,1782360178.9709823,0.0019512176513671875
125535,normal,3573,0,1782360178.9728572,0.0018749237060546875
125536,normal,1414,0,1782360178.9750247,0.0021674633026123047
125537,normal,617,0,1782360178.9770088,0.001984119415283203
125538,normal,819,2,1782360178.978857,0.0018482208251953125
125539,normal,3100,1,1782360178.981026,0.002168893814086914
125540,normal,3099,1,1782360178.983003,0.0019769668579101562
125541,normal,1507,0,1782360178.9848592,0.0018563270568847656
125542,normal,437,0,1782360178.9870288,0.0021696090698242188
125543,normal,1876,0,1782360178.9890113,0.001982450485229492
125544,normal,3450,0,1782360178.990856,0.001844644546508789
125545,normal,1977,0,1782360178.993034,0.0021779537200927734
125546,normal,2845,0,1782360178.9950044,0.001970529556274414
125547,normal,361,0,1782360178.9968574,0.0018529891967773438
125548,normal,241,0,1782360178.999041,0.002183675765991211
125549,normal,192,0,1782360179.0010042,0.0019631385803222656
125550,normal,251,0,1782360179.0028567,0.0018525123596191406
125551,normal,1737,0,1782360179.0050359,0.0021791458129882812
125552,normal,3442,0,1782360179.0070026,0.001966714859008789
125553,normal,400,0,1782360179.0088568,0.0018541812896728516
125554,normal,1024,2,1782360179.0110395,0.0021827220916748047
125555,normal,3332,1,1782360179.013003,0.0019636154174804688
125556,normal,12,0,1782360179.0148625,0.001859426498413086
125557,normal,500,0,1782360179.0170426,0.0021800994873046875
125558,normal,2354,0,1782360179.0190032,0.0019605159759521484
125559,normal,2536,0,1782360179.0208561,0.0018529891967773438
125560,normal,710,0,1782360179.0230446,0.002188444137573242
125561,normal,2448,0,1782360179.0250015,0.001956939697265625
125562,normal,3215,1,1782360179.0268555,0.00185394287109375
125563,normal,1994,0,1782360179.0290465,0.0021910667419433594
125564,normal,1784,0,1782360179.0310009,0.001954317092895508
125565,normal,2889,0,1782360179.0328574,0.0018565654754638672
125566,normal,37,0,1782360179.0350475,0.002190113067626953
125567,normal,1612,0,1782360179.0369897,0.0019421577453613281
125568,normal,955,2,1782360179.0388618,0.0018720626831054688
125569,normal,898,2,1782360179.0410504,0.0021886825561523438
125570,normal,2651,0,1782360179.0429988,0.0019483566284179688
125571,normal,1404,0,1782360179.0448575,0.0018587112426757812
125572,normal,3517,0,1782360179.047051,0.002193450927734375
125573,normal,1850,0,1782360179.0489943,0.001943349838256836
125574,normal,1953,0,1782360179.0508559,0.001861572265625
125575,normal,1886,0,1782360179.0530548,0.002198934555053711
125576,normal,772,2,1782360179.0550086,0.0019538402557373047
125577,normal,1401,0,1782360179.0568564,0.0018477439880371094
125578,normal,2808,0,1782360179.059058,0.002201557159423828
125579,normal,748,0,1782360179.0609665,0.0019085407257080078
125580,normal,626,0,1782360179.0628576,0.0018911361694335938
125581,normal,3037,0,1782360179.0649989,0.002141237258911133
125582,normal,1022,2,1782360179.0669966,0.001997709274291992
125583,normal,535,0,1782360179.0688567,0.0018601417541503906
125584,normal,1168,0,1782360179.0710635,0.0022068023681640625
125585,normal,715,0,1782360179.073002,0.0019385814666748047
125586,normal,1177,0,1782360179.0748553,0.0018532276153564453
125587,normal,697,0,1782360179.0770104,0.0021550655364990234
125588,normal,3625,0,1782360179.0790048,0.0019943714141845703
125589,normal,3534,0,1782360179.080857,0.001852273941040039
125590,normal,159,0,1782360179.0830684,0.002211332321166992
125591,normal,1025,2,1782360179.0849938,0.0019254684448242188
125592,normal,1616,0,1782360179.0868583,0.0018644332885742188
125593,normal,611,0,1782360179.0890682,0.002209901809692383
125594,normal,1583,0,1782360179.0909996,0.0019314289093017578
125595,normal,1822,0,1782360179.0928626,0.0018630027770996094
125596,normal,2049,0,1782360179.0950718,0.002209186553955078
125597,normal,3605,0,1782360179.0969915,0.0019197463989257812
125598,normal,3104,1,1782360179.0988564,0.0018649101257324219
125599,normal,624,0,1782360179.1011002,0.0022437572479248047
125600,normal,3403,0,1782360179.1029882,0.0018880367279052734
125601,normal,141,0,1782360179.1048555,0.0018672943115234375
125602,normal,2373,0,1782360179.1071017,0.0022461414337158203
125603,normal,1686,0,1782360179.1089864,0.0018846988677978516
125604,normal,3012,0,1782360179.1108572,0.001870870590209961
125605,normal,652,0,1782360179.113106,0.0022487640380859375
125606,normal,1288,0,1782360179.1150105,0.0019044876098632812
125607,normal,785,2,1782360179.11686,0.0018494129180908203
125608,normal,1968,0,1782360179.1191065,0.0022466182708740234
125609,normal,3382,1,1782360179.1209857,0.0018792152404785156
125610,normal,184,0,1782360179.1228619,0.0018761157989501953
125611,normal,3484,0,1782360179.1251094,0.0022475719451904297
125612,normal,3202,1,1782360179.126979,0.0018696784973144531
125613,normal,3593,0,1782360179.1288564,0.0018773078918457031
125614,normal,1930,0,1782360179.1311116,0.0022552013397216797
125615,normal,1330,1,1782360179.1329982,0.001886606216430664
125616,normal,1970,0,1782360179.1348557,0.0018575191497802734
125617,normal,1988,0,1782360179.1370099,0.002154111862182617
125618,normal,168,0,1782360179.13898,0.001970052719116211
125619,normal,993,2,1782360179.1408577,0.0018777847290039062
125620,normal,2343,0,1782360179.1431177,0.002259969711303711
125621,normal,2925,0,1782360179.1450071,0.0018894672393798828
125622,normal,885,2,1782360179.1468568,0.0018496513366699219
125623,normal,781,2,1782360179.1491194,0.002262592315673828
125624,normal,3121,1,1782360179.151132,0.0020127296447753906
125625,normal,3033,0,1782360179.1528583,0.0017261505126953125
125626,normal,2334,0,1782360179.1551256,0.0022673606872558594
125627,normal,3564,0,1782360179.156989,0.0018634796142578125
125628,normal,2911,0,1782360179.1588562,0.001867055892944336
125629,normal,732,0,1782360179.1611028,0.0022466182708740234
125630,normal,881,2,1782360179.1629894,0.001886606216430664
125631,normal,2988,0,1782360179.1648564,0.001867055892944336
125632,normal,1715,0,1782360179.166951,0.0020945072174072266
125633,normal,2329,0,1782360179.1689937,0.0020427703857421875
125634,normal,323,0,1782360179.1708636,0.0018699169158935547
125635,normal,3194,1,1782360179.1730108,0.002147197723388672
125636,normal,3541,0,1782360179.1749852,0.001974344253540039
125637,normal,3005,0,1782360179.1768582,0.001873016357421875
125638,normal,2799,0,1782360179.1790123,0.002154111862182617
125639,normal,2253,0,1782360179.1809838,0.0019714832305908203
125640,normal,3501,0,1782360179.1828594,0.0018756389617919922
125641,normal,176,0,1782360179.1850126,0.002153158187866211
125642,normal,2519,0,1782360179.1869798,0.001967191696166992
125643,normal,1682,0,1782360179.1888578,0.0018780231475830078
125644,normal,458,0,1782360179.191016,0.0021581649780273438
125645,normal,1116,0,1782360179.1929843,0.0019683837890625
125646,normal,2477,0,1782360179.1948564,0.0018720626831054688
125647,normal,2493,0,1782360179.1970177,0.002161264419555664
125648,normal,978,2,1782360179.1989794,0.0019617080688476562
125649,normal,1485,0,1782360179.2008557,0.0018763542175292969
125650,normal,1581,0,1782360179.203022,0.002166271209716797
125651,normal,3552,0,1782360179.2049723,0.0019502639770507812
125652,normal,970,2,1782360179.2068577,0.0018854141235351562
125653,normal,1955,0,1782360179.2090256,0.002167940139770508
125654,normal,2656,0,1782360179.210996,0.0019702911376953125
125655,normal,696,0,1782360179.2128553,0.001859426498413086
125656,normal,442,0,1782360179.2150261,0.0021708011627197266
125657,normal,1117,0,1782360179.216971,0.0019447803497314453
125658,normal,2132,0,1782360179.2188606,0.0018897056579589844
125659,normal,1828,0,1782360179.2210288,0.0021681785583496094
125660,normal,3218,1,1782360179.222978,0.001949310302734375
125661,normal,3600,0,1782360179.2248566,0.001878499984741211
125662,normal,2095,0,1782360179.2270308,0.0021741390228271484
125663,normal,2379,0,1782360179.228976,0.0019452571868896484
125664,normal,3492,0,1782360179.2308593,0.0018832683563232422
125665,normal,1393,0,1782360179.233029,0.0021696090698242188
125666,normal,515,0,1782360179.2350037,0.001974821090698242
125667,normal,2299,0,1782360179.2368593,0.001855611801147461
125668,normal,3130,1,1782360179.2390354,0.002176046371459961
125669,normal,220,0,1782360179.2409902,0.001954793930053711
125670,normal,1683,0,1782360179.2428627,0.0018725395202636719
125671,normal,3512,0,1782360179.245037,0.00217437744140625
125672,normal,2727,0,1782360179.2469823,0.0019452571868896484
125673,normal,2375,0,1782360179.2488642,0.0018818378448486328
125674,normal,3309,1,1782360179.2510395,0.0021753311157226562
125675,normal,603,0,1782360179.2529833,0.001943826675415039
125676,normal,2267,0,1782360179.2548559,0.0018725395202636719
125677,normal,2442,0,1782360179.257043,0.002187013626098633
125678,normal,1645,0,1782360179.25898,0.0019371509552001953
125679,normal,3676,0,1782360179.2608552,0.001875162124633789
125680,normal,3129,1,1782360179.2630467,0.0021915435791015625
125681,normal,3447,0,1782360179.2649941,0.0019474029541015625
125682,normal,419,0,1782360179.266857,0.0018627643585205078
125683,normal,547,0,1782360179.2689924,0.0021355152130126953
125684,normal,1646,0,1782360179.271,0.0020074844360351562
125685,normal,1774,0,1782360179.2728586,0.0018587112426757812
125686,normal,2733,0,1782360179.2750504,0.002191781997680664
125687,normal,412,0,1782360179.2769916,0.0019412040710449219
125688,normal,2704,0,1782360179.2788565,0.0018649101257324219
125689,normal,2679,0,1782360179.2810512,0.002194643020629883
125690,normal,2945,0,1782360179.282994,0.0019428730010986328
125691,normal,1368,1,1782360179.2848544,0.0018603801727294922
125692,normal,979,2,1782360179.2870536,0.0021991729736328125
125693,normal,1063,0,1782360179.2890131,0.001959562301635742
125694,normal,3388,1,1782360179.290857,0.0018439292907714844
125695,normal,3449,0,1782360179.293056,0.002198934555053711
125696,normal,1232,0,1782360179.29499,0.001934051513671875
125697,normal,1080,0,1782360179.2968554,0.001865386962890625
125698,normal,1204,0,1782360179.2990577,0.002202272415161133
125699,normal,1266,0,1782360179.3009806,0.0019228458404541016
125700,normal,1314,0,1782360179.3028593,0.0018787384033203125
125701,normal,3109,1,1782360179.305063,0.002203702926635742
125702,normal,1638,0,1782360179.3069832,0.0019202232360839844
125703,normal,2276,0,1782360179.308856,0.0018727779388427734
125704,normal,3238,1,1782360179.3110654,0.0022094249725341797
125705,normal,2077,0,1782360179.3129787,0.001913309097290039
125706,normal,1525,0,1782360179.3148565,0.0018777847290039062
125707,normal,2456,0,1782360179.3170655,0.0022089481353759766
125708,normal,2750,0,1782360179.3189924,0.0019268989562988281
125709,normal,2587,0,1782360179.320856,0.001863718032836914
125710,normal,3254,1,1782360179.3230693,0.0022132396697998047
125711,normal,2361,0,1782360179.3249881,0.001918792724609375
125712,normal,3653,0,1782360179.3268626,0.0018744468688964844
125713,normal,700,0,1782360179.3290696,0.002207040786743164
125714,normal,2451,0,1782360179.3309872,0.0019176006317138672
125715,normal,1475,0,1782360179.3329568,0.001969575881958008
125716,normal,2859,0,1782360179.3349235,0.001966714859008789
125717,normal,3668,0,1782360179.337013,0.0020895004272460938
125718,normal,3333,1,1782360179.3388565,0.0018434524536132812
125719,normal,62,0,1782360179.3411095,0.0022530555725097656
125720,normal,2333,0,1782360179.343012,0.0019025802612304688
125721,normal,1145,0,1782360179.3448565,0.0018444061279296875
125722,normal,2870,0,1782360179.3471045,0.002248048782348633
125723,normal,422,0,1782360179.3490512,0.0019466876983642578
125724,normal,282,0,1782360179.351121,0.002069711685180664
125725,normal,3514,0,1782360179.3528674,0.0017464160919189453
125726,normal,2000,0,1782360179.3549051,0.0020377635955810547
125727,normal,2682,0,1782360179.3570244,0.002119302749633789
125728,normal,2506,0,1782360179.358943,0.0019185543060302734
125729,normal,124,0,1782360179.3610976,0.0021545886993408203
125730,normal,605,0,1782360179.3628662,0.0017685890197753906
125731,normal,1338,1,1782360179.365109,0.0022428035736083984
125732,normal,1480,0,1782360179.3670347,0.0019257068634033203
125733,normal,3046,1,1782360179.3688612,0.0018265247344970703
125734,normal,1001,2,1782360179.3712091,0.0023479461669921875
125735,normal,1325,1,1782360179.3728747,0.0016655921936035156
125736,normal,2951,0,1782360179.3750107,0.0021359920501708984
125737,normal,2830,0,1782360179.3769429,0.0019321441650390625
125738,normal,469,0,1782360179.3790073,0.0020644664764404297
125739,normal,3407,0,1782360179.3808615,0.0018541812896728516
125740,normal,125,0,1782360179.3831153,0.0022537708282470703
125741,normal,2900,0,1782360179.384863,0.0017476081848144531
125742,normal,2841,0,1782360179.3870108,0.0021479129791259766
125743,normal,703,0,1782360179.3889444,0.0019335746765136719
125744,normal,337,0,1782360179.3910205,0.0020761489868164062
125745,normal,485,0,1782360179.3928628,0.0018422603607177734
125746,normal,3111,1,1782360179.3951316,0.0022687911987304688
125747,normal,2898,0,1782360179.3968594,0.0017278194427490234
125748,normal,2157,0,1782360179.3990078,0.0021483898162841797
125749,normal,957,2,1782360179.4009497,0.0019419193267822266
125750,normal,3709,0,1782360179.4030035,0.0020537376403808594
125751,normal,2732,0,1782360179.404865,0.001861572265625
125752,normal,1997,0,1782360179.4071324,0.0022673606872558594
125753,normal,1044,0,1782360179.4088647,0.0017323493957519531
125754,normal,2768,0,1782360179.4118805,0.003015756607055664
125755,normal,444,0,1782360179.4130337,0.0011532306671142578
125756,normal,3585,0,1782360179.414861,0.001827239990234375
125757,normal,1366,1,1782360179.4170098,0.002148866653442383
125758,normal,214,0,1782360179.41886,0.001850128173828125
125759,normal,2256,0,1782360179.4209154,0.0020554065704345703
125760,normal,559,0,1782360179.4228625,0.001947164535522461
125761,normal,1598,0,1782360179.4250164,0.0021538734436035156
125762,normal,146,0,1782360179.426851,0.0018346309661865234
125763,normal,2754,0,1782360179.4289138,0.0020627975463867188
125764,normal,1005,2,1782360179.4308305,0.001916646957397461
125765,normal,1789,0,1782360179.4328668,0.0020363330841064453
125766,normal,875,2,1782360179.4348593,0.001992464065551758
125767,normal,691,0,1782360179.4368315,0.001972198486328125
125768,normal,1998,0,1782360179.438833,0.002001523971557617
125769,normal,1155,0,1782360179.440863,0.002029895782470703
125770,normal,2244,0,1782360179.4428294,0.0019664764404296875
125771,normal,2764,0,1782360179.4448502,0.0020208358764648438
125772,normal,616,0,1782360179.4468737,0.002023458480834961
125773,normal,566,0,1782360179.448828,0.001954317092895508
125774,normal,3366,1,1782360179.4508603,0.0020322799682617188
125775,normal,1392,0,1782360179.452859,0.0019986629486083984
125776,normal,3452,0,1782360179.4548318,0.0019729137420654297
125777,normal,2283,0,1782360179.4568636,0.0020318031311035156
125778,normal,2797,0,1782360179.458834,0.0019702911376953125
125779,normal,1756,0,1782360179.4608257,0.001991748809814453
125780,normal,1971,0,1782360179.462826,0.0020003318786621094
125781,normal,2924,0,1782360179.4648561,0.0020301342010498047
125782,normal,2010,0,1782360179.46682,0.0019638538360595703
125783,normal,1963,0,1782360179.4688458,0.0020258426666259766
125784,normal,2145,0,1782360179.470965,0.0021190643310546875
125785,normal,573,0,1782360179.47282,0.0018551349639892578
125786,normal,2599,0,1782360179.4748118,0.001991748809814453
125787,normal,1240,0,1782360179.4768598,0.002048015594482422
125788,normal,1405,0,1782360179.4790926,0.002232789993286133
125789,normal,3701,0,1782360179.481005,0.0019123554229736328
125790,normal,1995,0,1782360179.482867,0.0018620491027832031
125791,normal,3223,1,1782360179.485041,0.002173900604248047
125792,normal,2393,0,1782360179.4869964,0.0019555091857910156
125793,normal,685,0,1782360179.488857,0.0018606185913085938
125794,normal,1726,0,1782360179.491047,0.0021898746490478516
125795,normal,2508,0,1782360179.4928718,0.0018248558044433594
125796,normal,1023,2,1782360179.495015,0.0021431446075439453
125797,normal,1903,0,1782360179.496899,0.0018839836120605469
125798,normal,3150,1,1782360179.4990182,0.002119302749633789
125799,normal,117,0,1782360179.5008657,0.0018475055694580078
125800,normal,3433,0,1782360179.50305,0.0021843910217285156
125801,normal,2521,0,1782360179.5048668,0.0018167495727539062
125802,normal,839,2,1782360179.5070088,0.0021419525146484375
125803,normal,2312,0,1782360179.5088944,0.0018856525421142578
125804,normal,167,0,1782360179.5110526,0.0021581649780273438
125805,normal,2325,0,1782360179.5128644,0.0018117427825927734
125806,normal,1692,0,1782360179.515053,0.0021886825561523438
125807,normal,1088,0,1782360179.5168624,0.0018093585968017578
125808,normal,2595,0,1782360179.519008,0.002145528793334961
125809,normal,3380,1,1782360179.5209022,0.001894235610961914
125810,normal,3347,1,1782360179.5230331,0.0021309852600097656
125811,normal,3242,1,1782360179.5248623,0.0018291473388671875
125812,normal,2884,0,1782360179.5270586,0.0021963119506835938
125813,normal,1847,0,1782360179.528858,0.0017993450164794922
125814,normal,1697,0,1782360179.5310102,0.0021522045135498047
125815,normal,264,0,1782360179.5329075,0.0018973350524902344
125816,normal,1690,0,1782360179.5350044,0.002096891403198242
125817,normal,3030,0,1782360179.536858,0.0018537044525146484
125818,normal,1290,0,1782360179.5390615,0.0022034645080566406
125819,normal,356,0,1782360179.5408409,0.001779317855834961
125820,normal,3181,1,1782360179.5429575,0.002116680145263672
125821,normal,571,0,1782360179.544828,0.0018703937530517578
125822,normal,543,0,1782360179.5469522,0.002124309539794922
125823,normal,103,0,1782360179.5488315,0.0018792152404785156
125824,normal,3229,1,1782360179.550861,0.0020294189453125
125825,normal,3694,0,1782360179.5529485,0.0020875930786132812
125826,normal,452,0,1782360179.554826,0.0018775463104248047
125827,normal,416,0,1782360179.5568295,0.0020034313201904297
125828,normal,3019,0,1782360179.558882,0.0020525455474853516
125829,normal,1110,0,1782360179.5609586,0.0020766258239746094
125830,normal,2828,0,1782360179.5628276,0.0018689632415771484
125831,normal,1492,0,1782360179.5648654,0.0020377635955810547
125832,normal,1062,0,1782360179.5669541,0.002088785171508789
125833,normal,746,0,1782360179.5688267,0.0018725395202636719
125834,normal,2950,0,1782360179.5708644,0.0020377635955810547
125835,normal,612,0,1782360179.5728486,0.001984119415283203
125836,normal,294,0,1782360179.5748389,0.0019903182983398438
125837,normal,2551,0,1782360179.5768704,0.002031564712524414
125838,normal,2261,0,1782360179.5788703,0.0019998550415039062
125839,normal,2392,0,1782360179.5808241,0.0019538402557373047
125840,normal,1932,0,1782360179.5828667,0.002042531967163086
125841,normal,2200,0,1782360179.584858,0.00199127197265625
125842,normal,2544,0,1782360179.586826,0.0019681453704833984
125843,normal,897,2,1782360179.5888598,0.002033710479736328
125844,normal,1234,0,1782360179.5908585,0.0019986629486083984
125845,normal,342,0,1782360179.592825,0.0019664764404296875
125846,normal,1360,1,1782360179.5948641,0.002039194107055664
125847,normal,322,0,1782360179.596857,0.001992940902709961
125848,normal,2549,0,1782360179.5988276,0.001970529556274414
125849,normal,317,0,1782360179.6008728,0.002045154571533203
125850,normal,2629,0,1782360179.6028578,0.0019850730895996094
125851,normal,3655,0,1782360179.6048267,0.001968860626220703
125852,normal,1134,0,1782360179.6068685,0.0020418167114257812
125853,normal,3528,0,1782360179.6088548,0.001986265182495117
125854,normal,2633,0,1782360179.610827,0.001972198486328125
125855,normal,672,0,1782360179.6128647,0.0020377635955810547
125856,normal,1885,0,1782360179.6148584,0.0019936561584472656
125857,normal,1880,0,1782360179.6168253,0.0019669532775878906
125858,normal,353,0,1782360179.618861,0.0020356178283691406
125859,normal,2972,0,1782360179.6208599,0.0019989013671875
125860,normal,1643,0,1782360179.6228235,0.0019636154174804688
125861,normal,2396,0,1782360179.6248686,0.002045154571533203
125862,normal,654,0,1782360179.6268582,0.001989603042602539
125863,normal,3645,0,1782360179.6288252,0.0019669532775878906
125864,normal,909,2,1782360179.6308606,0.002035379409790039
125865,normal,3217,1,1782360179.632864,0.0020034313201904297
125866,normal,1029,2,1782360179.634829,0.001965045928955078
125867,normal,2255,0,1782360179.6368606,0.002031564712524414
125868,normal,443,0,1782360179.638963,0.002102375030517578
125869,normal,11,0,1782360179.6408246,0.001861572265625
125870,normal,844,2,1782360179.6428602,0.0020356178283691406
125871,normal,3300,1,1782360179.6449509,0.0020906925201416016
125872,normal,1207,0,1782360179.6468256,0.001874685287475586
125873,normal,2210,0,1782360179.6488266,0.002001047134399414
125874,normal,2639,0,1782360179.650859,0.0020325183868408203
125875,normal,1235,0,1782360179.652825,0.0019659996032714844
125876,normal,622,0,1782360179.6548548,0.0020296573638916016
125877,normal,3258,1,1782360179.657024,0.0021691322326660156
125878,normal,859,2,1782360179.6588638,0.0018398761749267578
125879,normal,813,2,1782360179.6610172,0.0021533966064453125
125880,normal,2371,0,1782360179.66286,0.0018427371978759766
125881,normal,1599,0,1782360179.665021,0.0021610260009765625
125882,normal,2877,0,1782360179.6669633,0.0019423961639404297
125883,normal,301,0,1782360179.6688583,0.0018949508666992188
125884,normal,1601,0,1782360179.671025,0.002166748046875
125885,normal,1335,1,1782360179.672962,0.0019369125366210938
125886,normal,1905,0,1782360179.67486,0.001898050308227539
125887,normal,2853,0,1782360179.6770253,0.0021653175354003906
125888,normal,750,0,1782360179.678981,0.001955747604370117
125889,normal,2660,0,1782360179.6808581,0.0018770694732666016
125890,normal,1306,0,1782360179.6830275,0.002169370651245117
125891,normal,1551,0,1782360179.6849256,0.001898050308227539
125892,normal,3406,0,1782360179.6869013,0.0019757747650146484
125893,normal,592,0,1782360179.6890292,0.0021278858184814453
125894,normal,3304,1,1782360179.6909676,0.0019383430480957031
125895,normal,2635,0,1782360179.6928582,0.0018906593322753906
125896,normal,2604,0,1782360179.6950328,0.0021746158599853516
125897,normal,835,2,1782360179.6969733,0.0019404888153076172
125898,normal,1807,0,1782360179.6988595,0.001886129379272461
125899,normal,2952,0,1782360179.7010353,0.0021758079528808594
125900,normal,1106,0,1782360179.7029746,0.0019392967224121094
125901,normal,2336,0,1782360179.7048578,0.0018832683563232422
125902,normal,3173,1,1782360179.7070386,0.002180814743041992
125903,normal,1946,0,1782360179.7089622,0.0019235610961914062
125904,normal,595,0,1782360179.7108588,0.0018966197967529297
125905,normal,3640,0,1782360179.713041,0.0021822452545166016
125906,normal,2233,0,1782360179.7149608,0.0019197463989257812
125907,normal,1243,0,1782360179.7168634,0.0019025802612304688
125908,normal,2632,0,1782360179.7190428,0.002179384231567383
125909,normal,3601,0,1782360179.720958,0.0019152164459228516
125910,normal,2040,0,1782360179.7229016,0.0019435882568359375
125911,normal,364,0,1782360179.725045,0.002143383026123047
125912,normal,3703,0,1782360179.7269607,0.0019156932830810547
125913,normal,222,0,1782360179.728859,0.0018982887268066406
125914,normal,69,0,1782360179.7310474,0.002188444137573242
125915,normal,3249,1,1782360179.7329583,0.0019109249114990234
125916,normal,876,2,1782360179.73486,0.0019016265869140625
125917,normal,2446,0,1782360179.7370152,0.002155303955078125
125918,normal,827,2,1782360179.7389603,0.0019450187683105469
125919,normal,53,0,1782360179.7408605,0.0019001960754394531
125920,normal,2788,0,1782360179.743053,0.0021924972534179688
125921,normal,2852,0,1782360179.7449517,0.0018987655639648438
125922,normal,2648,0,1782360179.7468593,0.0019075870513916016
125923,normal,82,0,1782360179.7490609,0.002201557159423828
125924,normal,1658,0,1782360179.750954,0.0018930435180664062
125925,normal,3606,0,1782360179.7528653,0.0019114017486572266
125926,normal,1171,0,1782360179.755104,0.002238750457763672
125927,normal,2681,0,1782360179.7570078,0.0019037723541259766
125928,normal,3156,1,1782360179.758869,0.0018610954284667969
125929,normal,3278,1,1782360179.7610595,0.0021905899047851562
125930,normal,1312,0,1782360179.7629623,0.0019028186798095703
125931,normal,2715,0,1782360179.7648575,0.0018951892852783203
125932,normal,140,0,1782360179.7670634,0.0022058486938476562
125933,normal,2481,0,1782360179.7689645,0.0019011497497558594
125934,normal,3296,1,1782360179.7708585,0.0018939971923828125
125935,normal,1089,0,1782360179.7730653,0.0022068023681640625
125936,normal,3168,1,1782360179.7749717,0.0019063949584960938
125937,normal,1660,0,1782360179.7768621,0.001890420913696289
125938,normal,1972,0,1782360179.7790673,0.0022051334381103516
125939,normal,1960,0,1782360179.7809663,0.0018990039825439453
125940,normal,1269,0,1782360179.782863,0.0018966197967529297
125941,normal,3175,1,1782360179.7850685,0.0022056102752685547
125942,normal,2489,0,1782360179.78696,0.0018913745880126953
125943,normal,2796,0,1782360179.7888741,0.0019142627716064453
125944,normal,139,0,1782360179.7910979,0.0022237300872802734
125945,normal,1712,0,1782360179.7929654,0.001867532730102539
125946,normal,1621,0,1782360179.7948637,0.0018982887268066406
125947,normal,3656,0,1782360179.7971003,0.002236604690551758
125948,normal,2485,0,1782360179.7991462,0.002045869827270508
125949,normal,877,2,1782360179.8008592,0.0017130374908447266
125950,normal,3496,0,1782360179.8031034,0.002244234085083008
125951,normal,1800,0,1782360179.8049808,0.0018773078918457031
125952,normal,808,2,1782360179.8068583,0.0018775463104248047
125953,normal,1721,0,1782360179.809113,0.0022547245025634766
125954,normal,2289,0,1782360179.810971,0.0018579959869384766
125955,normal,3337,1,1782360179.8128572,0.001886129379272461
125956,normal,2787,0,1782360179.8151104,0.002253293991088867
125957,normal,1484,0,1782360179.8169675,0.0018570423126220703
125958,normal,1132,0,1782360179.818859,0.0018916130065917969
125959,normal,179,0,1782360179.8211088,0.0022497177124023438
125960,normal,1443,0,1782360179.8229644,0.001855611801147461
125961,normal,453,0,1782360179.824858,0.0018935203552246094
125962,normal,724,0,1782360179.82702,0.0021619796752929688
125963,normal,3002,0,1782360179.828987,0.0019669532775878906
125964,normal,3343,1,1782360179.8308592,0.0018723011016845703
125965,normal,2819,0,1782360179.8329341,0.0020749568939208984
125966,normal,3260,1,1782360179.8350077,0.002073526382446289
125967,normal,3494,0,1782360179.8368597,0.0018520355224609375
125968,normal,2664,0,1782360179.8391192,0.002259492874145508
125969,normal,1819,0,1782360179.840975,0.0018558502197265625
125970,normal,196,0,1782360179.8428588,0.0018837451934814453
125971,normal,3567,0,1782360179.8451242,0.002265453338623047
125972,normal,3410,0,1782360179.8469684,0.001844167709350586
125973,normal,2443,0,1782360179.848861,0.0018925666809082031
125974,normal,776,2,1782360179.851122,0.002260923385620117
125975,normal,2777,0,1782360179.852968,0.0018460750579833984
125976,normal,3393,1,1782360179.8548572,0.0018892288208007812
125977,normal,958,2,1782360179.8571227,0.002265453338623047
125978,normal,1508,0,1782360179.8589654,0.0018427371978759766
125979,normal,1299,0,1782360179.860857,0.0018916130065917969
125980,normal,3633,0,1782360179.863013,0.0021560192108154297
125981,normal,1760,0,1782360179.8649628,0.0019497871398925781
125982,normal,1543,0,1782360179.8668787,0.0019159317016601562
125983,normal,3438,0,1782360179.8691285,0.0022497177124023438
125984,normal,2425,0,1782360179.8710482,0.0019197463989257812
125985,normal,1878,0,1782360179.8728724,0.0018241405487060547
125986,normal,928,2,1782360179.8751338,0.0022614002227783203
125987,normal,866,2,1782360179.87686,0.0017261505126953125
125988,normal,492,0,1782360179.8790107,0.0021507740020751953
125989,normal,2355,0,1782360179.8809536,0.0019428730010986328
125990,normal,328,0,1782360179.8830173,0.002063751220703125
125991,normal,745,0,1782360179.8848586,0.0018413066864013672
125992,normal,1618,0,1782360179.887139,0.0022804737091064453
125993,normal,2297,0,1782360179.8889587,0.001819610595703125
125994,normal,1114,0,1782360179.8908577,0.0018990039825439453
125995,normal,731,0,1782360179.8930378,0.0021800994873046875
125996,normal,873,2,1782360179.894957,0.0019192695617675781
125997,normal,1237,0,1782360179.8968585,0.001901388168334961
125998,normal,588,0,1782360179.8990192,0.002160787582397461
125999,normal,908,2,1782360179.9009566,0.0019373893737792969
126000,normal,2674,0,1782360179.9028628,0.0019061565399169922
126001,normal,407,0,1782360179.9050217,0.0021588802337646484
126002,normal,355,0,1782360179.906952,0.00193023681640625
126003,normal,1120,0,1782360179.908858,0.0019061565399169922
126004,normal,256,0,1782360179.911025,0.0021669864654541016
126005,normal,1636,0,1782360179.9129689,0.001943826675415039
126006,normal,816,2,1782360179.9148576,0.0018887519836425781
126007,normal,1674,0,1782360179.9170265,0.002168893814086914
126008,normal,805,2,1782360179.9189577,0.0019311904907226562
126009,normal,1854,0,1782360179.920859,0.001901388168334961
126010,normal,718,0,1782360179.923029,0.0021698474884033203
126011,normal,1447,0,1782360179.9250207,0.001991748809814453
126012,normal,3205,1,1782360179.926861,0.001840353012084961
126013,normal,2468,0,1782360179.9290314,0.0021703243255615234
126014,normal,1438,0,1782360179.9309535,0.0019221305847167969
126015,normal,3539,0,1782360179.9328609,0.0019073486328125
126016,normal,308,0,1782360179.935159,0.002298116683959961
126017,normal,1210,0,1782360179.9369671,0.00180816650390625
126018,normal,2837,0,1782360179.9388587,0.0018916130065917969
126019,normal,3090,1,1782360179.941036,0.0021772384643554688
126020,normal,96,0,1782360179.9429595,0.0019235610961914062
126021,normal,804,2,1782360179.944899,0.001939535140991211
126022,normal,1652,0,1782360179.9470391,0.002140045166015625
126023,normal,757,0,1782360179.9489613,0.0019221305847167969
126024,normal,1487,0,1782360179.9508717,0.0019104480743408203
126025,normal,3057,1,1782360179.953042,0.0021703243255615234
126026,normal,2411,0,1782360179.95496,0.0019180774688720703
126027,normal,857,2,1782360179.9568577,0.001897573471069336
126028,normal,498,0,1782360179.9590478,0.002190113067626953
126029,normal,2045,0,1782360179.9609559,0.0019080638885498047
126030,normal,2115,0,1782360179.9628587,0.0019028186798095703
126031,normal,2687,0,1782360179.965046,0.0021872520446777344
126032,normal,1278,0,1782360179.9669495,0.001903533935546875
126033,normal,1670,0,1782360179.9688704,0.001920938491821289
126034,normal,721,0,1782360179.970894,0.0020236968994140625
126035,normal,660,0,1782360179.9730263,0.0021321773529052734
126036,normal,1274,0,1782360179.9748578,0.0018315315246582031
126037,normal,238,0,1782360179.9770494,0.0021915435791015625
126038,normal,2372,0,1782360179.9789493,0.0018999576568603516
126039,normal,2408,0,1782360179.9808583,0.001909017562866211
126040,normal,1898,0,1782360179.983054,0.002195596694946289
126041,normal,1959,0,1782360179.9849513,0.0018973350524902344
126042,normal,1852,0,1782360179.9868588,0.0019075870513916016
126043,normal,600,0,1782360179.9890554,0.0021965503692626953
126044,normal,20,0,1782360179.9909596,0.0019042491912841797
126045,normal,555,0,1782360179.9928622,0.0019025802612304688
126046,normal,2410,0,1782360179.995058,0.0021958351135253906
126047,normal,2602,0,1782360179.996945,0.0018868446350097656
126048,normal,2311,0,1782360179.9988694,0.0019245147705078125
126049,normal,895,2,1782360180.001332,0.002462625503540039
126050,normal,1870,0,1782360180.00285,0.0015180110931396484
126051,normal,204,0,1782360180.0050116,0.0021615028381347656
126052,normal,2713,0,1782360180.0069075,0.001895904541015625
126053,normal,260,0,1782360180.0090237,0.0021162033081054688
126054,normal,1795,0,1782360180.010868,0.0018444061279296875
126055,normal,106,0,1782360180.0130644,0.0021963119506835938
126056,normal,2511,0,1782360180.0149043,0.0018398761749267578
126057,normal,3630,0,1782360180.0168583,0.0019540786743164062
126058,normal,3400,1,1782360180.0191004,0.0022420883178710938
126059,normal,3177,1,1782360180.0208657,0.0017652511596679688
126060,normal,2721,0,1782360180.0230181,0.0021524429321289062
126061,normal,2809,0,1782360180.0249155,0.0018973350524902344
126062,normal,1580,0,1782360180.0268593,0.001943826675415039
126063,normal,2098,0,1782360180.0290182,0.0021588802337646484
126064,normal,2258,0,1782360180.030918,0.00189971923828125
126065,normal,800,2,1782360180.0328622,0.0019443035125732422
126066,normal,2723,0,1782360180.035034,0.002171754837036133
126067,normal,14,0,1782360180.0368614,0.0018274784088134766
126068,normal,3429,0,1782360180.0388863,0.0020248889923095703
126069,normal,1472,0,1782360180.0409372,0.0020508766174316406
126070,normal,351,0,1782360180.0429256,0.0019884109497070312
126071,normal,1182,0,1782360180.0449722,0.0020465850830078125
126072,normal,33,0,1782360180.046864,0.0018918514251708984
126073,normal,3526,0,1782360180.048857,0.001992940902709961
126074,normal,1183,0,1782360180.050842,0.0019850730895996094
126075,normal,3666,0,1782360180.0529597,0.002117633819580078
126076,normal,1947,0,1782360180.0548325,0.0018727779388427734
126077,normal,3696,0,1782360180.0569417,0.0021092891693115234
126078,normal,2099,0,1782360180.058829,0.0018873214721679688
126079,normal,3293,1,1782360180.060829,0.0019998550415039062
126080,normal,2243,0,1782360180.0628479,0.0020189285278320312
126081,normal,25,0,1782360180.064952,0.002104043960571289
126082,normal,2665,0,1782360180.0668283,0.0018763542175292969
126083,normal,659,0,1782360180.0688663,0.0020380020141601562
126084,normal,1711,0,1782360180.0708327,0.0019664764404296875
126085,normal,3182,1,1782360180.0728266,0.001993894577026367
126086,normal,2213,0,1782360180.0748599,0.002033233642578125
126087,normal,3054,1,1782360180.07695,0.0020902156829833984
126088,normal,1945,0,1782360180.0788286,0.001878499984741211
126089,normal,2247,0,1782360180.0808427,0.00201416015625
126090,normal,1416,0,1782360180.0829525,0.0021097660064697266
126091,normal,1750,0,1782360180.0848246,0.0018720626831054688
126092,normal,2534,0,1782360180.0868459,0.002021312713623047
126093,normal,1751,0,1782360180.0888596,0.002013683319091797
126094,normal,318,0,1782360180.0908303,0.0019707679748535156
126095,normal,297,0,1782360180.0928526,0.002022266387939453
126096,normal,2160,0,1782360180.0949519,0.002099275588989258
126097,normal,1217,0,1782360180.0968275,0.0018756389617919922
126098,normal,2127,0,1782360180.0988564,0.002028942108154297
126099,normal,1160,0,1782360180.100965,0.0021085739135742188
126100,normal,3230,1,1782360180.1028314,0.0018663406372070312
126101,normal,50,0,1782360180.104856,0.0020246505737304688
126102,normal,1448,0,1782360180.1068647,0.002008676528930664
126103,normal,3326,1,1782360180.108829,0.0019643306732177734
126104,normal,1141,0,1782360180.1109016,0.002072572708129883
126105,normal,378,0,1782360180.1128616,0.0019600391387939453
126106,normal,2909,0,1782360180.1148314,0.0019698143005371094
126107,normal,1635,0,1782360180.1168685,0.00203704833984375
126108,normal,3639,0,1782360180.118828,0.001959562301635742
126109,normal,2933,0,1782360180.1208258,0.001997709274291992
126110,normal,2044,0,1782360180.1228454,0.002019643783569336
126111,normal,2087,0,1782360180.124854,0.002008676528930664
126112,normal,2323,0,1782360180.1268291,0.0019750595092773438
126113,normal,3548,0,1782360180.1288438,0.002014636993408203
126114,normal,2789,0,1782360180.1308575,0.002013683319091797
126115,normal,277,0,1782360180.132826,0.0019686222076416016
126116,normal,79,0,1782360180.1348536,0.0020275115966796875
126117,normal,578,0,1782360180.1368585,0.002004861831665039
126118,normal,2264,0,1782360180.1388273,0.001968860626220703
126119,normal,3011,0,1782360180.1408575,0.0020301342010498047
126120,normal,2041,0,1782360180.1428645,0.002007007598876953
126121,normal,3350,1,1782360180.144831,0.0019664764404296875
126122,normal,3336,1,1782360180.1468496,0.0020186901092529297
126123,normal,2429,0,1782360180.1489508,0.0021011829376220703
126124,normal,2130,0,1782360180.1508281,0.0018773078918457031
126125,normal,3328,1,1782360180.15284,0.0020117759704589844
126126,normal,2193,0,1782360180.1549497,0.0021097660064697266
126127,normal,1078,0,1782360180.156827,0.0018773078918457031
126128,normal,2850,0,1782360180.1588404,0.0020134449005126953
126129,normal,3499,0,1782360180.1608572,0.002016782760620117
126130,normal,1915,0,1782360180.162827,0.0019698143005371094
126131,normal,1889,0,1782360180.1648705,0.002043485641479492
126132,normal,1875,0,1782360180.1668265,0.0019559860229492188
126133,normal,3053,1,1782360180.1688251,0.0019986629486083984
126134,normal,1049,0,1782360180.1709943,0.0021691322326660156
126135,normal,870,2,1782360180.1729205,0.0019261837005615234
126136,normal,362,0,1782360180.1750925,0.0021719932556152344
126137,normal,3255,1,1782360180.1769445,0.0018520355224609375
126138,normal,3248,1,1782360180.1789987,0.0020542144775390625
126139,normal,783,2,1782360180.1809554,0.0019567012786865234
126140,normal,2069,0,1782360180.1828976,0.0019421577453613281
126141,normal,1054,0,1782360180.1848676,0.001970052719116211
126142,normal,1251,0,1782360180.186829,0.0019614696502685547
126143,normal,3172,1,1782360180.1888428,0.002013683319091797
126144,normal,3405,0,1782360180.1908581,0.002015352249145508
126145,normal,2653,0,1782360180.1928265,0.0019683837890625
126146,normal,597,0,1782360180.1948385,0.002012014389038086
126147,normal,2305,0,1782360180.196856,0.002017498016357422
126148,normal,1065,0,1782360180.1988258,0.0019698143005371094
126149,normal,995,2,1782360180.2008398,0.0020139217376708984
126150,normal,3327,1,1782360180.2028635,0.0020236968994140625
126151,normal,2516,0,1782360180.2048264,0.001962900161743164
126152,normal,1004,2,1782360180.206869,0.002042531967163086
126153,normal,1809,0,1782360180.2089508,0.0020818710327148438
126154,normal,1872,0,1782360180.2108274,0.0018765926361083984
126155,normal,1911,0,1782360180.21284,0.0020127296447753906
126156,normal,1103,0,1782360180.2149537,0.0021135807037353516
126157,normal,713,0,1782360180.2168286,0.0018749237060546875
126158,normal,421,0,1782360180.218841,0.002012491226196289
126159,normal,278,0,1782360180.2209496,0.0021085739135742188
126160,normal,1677,0,1782360180.2228265,0.0018768310546875
126161,normal,60,0,1782360180.2248507,0.0020241737365722656
126162,normal,2545,0,1782360180.2269533,0.0021026134490966797
126163,normal,2614,0,1782360180.2288272,0.0018739700317382812
126164,normal,1718,0,1782360180.2308402,0.002012968063354492
126165,normal,390,0,1782360180.2328928,0.0020525455474853516
126166,normal,2537,0,1782360180.2348323,0.001939535140991211
126167,normal,433,0,1782360180.2368944,0.002062082290649414
126168,normal,2890,0,1782360180.2388294,0.0019350051879882812
126169,normal,2464,0,1782360180.240961,0.0021317005157470703
126170,normal,1146,0,1782360180.2428622,0.0019011497497558594
126171,normal,1042,0,1782360180.244825,0.0019626617431640625
126172,normal,1912,0,1782360180.2469633,0.002138376235961914
126173,normal,3704,0,1782360180.2488654,0.0019021034240722656
126174,normal,3587,0,1782360180.250951,0.0020856857299804688
126175,normal,23,0,1782360180.2528255,0.0018744468688964844
126176,normal,2032,0,1782360180.2548592,0.002033710479736328
126177,normal,3320,1,1782360180.25697,0.002110719680786133
126178,normal,3687,0,1782360180.2588286,0.0018587112426757812
126179,normal,2842,0,1782360180.2608387,0.0020101070404052734
126180,normal,657,0,1782360180.2629602,0.002121448516845703
126181,normal,3160,1,1782360180.2648256,0.001865386962890625
126182,normal,2986,0,1782360180.2668397,0.00201416015625
126183,normal,335,0,1782360180.2689593,0.0021195411682128906
126184,normal,259,0,1782360180.270827,0.0018677711486816406
126185,normal,1170,0,1782360180.2728355,0.0020084381103515625
126186,normal,3599,0,1782360180.274858,0.0020225048065185547
126187,normal,2763,0,1782360180.2768297,0.001971721649169922
126188,normal,3319,1,1782360180.2788577,0.0020279884338378906
126189,normal,1901,0,1782360180.2808552,0.0019974708557128906
126190,normal,3662,0,1782360180.2828252,0.001970052719116211
126191,normal,3384,1,1782360180.2848399,0.002014636993408203
126192,normal,314,0,1782360180.28686,0.002020120620727539
126193,normal,1689,0,1782360180.2888274,0.0019674301147460938
126194,normal,965,2,1782360180.2908556,0.002028226852416992
126195,normal,1919,0,1782360180.292857,0.0020012855529785156
126196,normal,2285,0,1782360180.2948236,0.001966714859008789
126197,normal,2290,0,1782360180.296846,0.002022266387939453
126198,normal,2685,0,1782360180.2988582,0.0020122528076171875
126199,normal,3161,1,1782360180.3008246,0.0019664764404296875
126200,normal,2862,0,1782360180.302848,0.002023458480834961
126201,normal,635,0,1782360180.3049507,0.0021026134490966797
126202,normal,2710,0,1782360180.306824,0.0018732547760009766
126203,normal,2596,0,1782360180.3088834,0.002059459686279297
126204,normal,1213,0,1782360180.3108265,0.0019431114196777344
126205,normal,3707,0,1782360180.3128245,0.0019979476928710938
126206,normal,775,2,1782360180.3148391,0.002014636993408203
126207,normal,2322,0,1782360180.3168573,0.0020182132720947266
126208,normal,408,0,1782360180.318825,0.0019676685333251953
126209,normal,1300,0,1782360180.3208401,0.0020151138305664062
126210,normal,1055,0,1782360180.3228571,0.0020170211791992188
126211,normal,773,2,1782360180.3248258,0.0019686222076416016
126212,normal,2064,0,1782360180.3268418,0.0020160675048828125
126213,normal,2063,0,1782360180.3288558,0.0020139217376708984
126214,normal,2007,0,1782360180.3308268,0.001971006393432617
126215,normal,1277,0,1782360180.3329072,0.0020804405212402344
126216,normal,3650,0,1782360180.3348236,0.0019164085388183594
126217,normal,3361,1,1782360180.3368633,0.002039670944213867
126218,normal,1018,2,1782360180.338881,0.0020177364349365234
126219,normal,169,0,1782360180.3408327,0.0019516944885253906
126220,normal,226,0,1782360180.3428276,0.0019948482513427734
126221,normal,2822,0,1782360180.3448498,0.002022266387939453
126222,normal,1086,0,1782360180.346952,0.0021021366119384766
126223,normal,2737,0,1782360180.3488789,0.0019268989562988281
126224,normal,544,0,1782360180.3508158,0.0019369125366210938
126225,normal,2507,0,1782360180.3528395,0.0020236968994140625
126226,normal,3310,1,1782360180.3548617,0.002022266387939453
126227,normal,157,0,1782360180.356859,0.001997232437133789
126228,normal,855,2,1782360180.3590202,0.002161264419555664
126229,normal,1488,0,1782360180.3609529,0.0019326210021972656
126230,normal,2977,0,1782360180.363011,0.0020580291748046875
126231,normal,348,0,1782360180.3648584,0.0018475055694580078
126232,normal,3461,0,1782360180.3670096,0.0021512508392333984
126233,normal,2825,0,1782360180.3689477,0.0019381046295166016
126234,normal,1937,0,1782360180.370857,0.0019092559814453125
126235,normal,2821,0,1782360180.3730128,0.002155780792236328
126236,normal,1159,0,1782360180.37497,0.0019571781158447266
126237,normal,1442,0,1782360180.3768556,0.0018856525421142578
126238,normal,2868,0,1782360180.3788624,0.0020067691802978516
126239,normal,1267,0,1782360180.3811138,0.0022513866424560547
126240,normal,1891,0,1782360180.3828545,0.0017406940460205078
126241,normal,3491,0,1782360180.3848653,0.002010822296142578
126242,normal,618,0,1782360180.3869357,0.0020704269409179688
126243,normal,1566,0,1782360180.3888578,0.0019221305847167969
126244,normal,2061,0,1782360180.3908682,0.002010345458984375
126245,normal,1916,0,1782360180.3929355,0.0020673274993896484
126246,normal,144,0,1782360180.3948624,0.0019268989562988281
126247,normal,3263,1,1782360180.3968709,0.0020084381103515625
126248,normal,550,0,1782360180.3989322,0.0020613670349121094
126249,normal,2615,0,1782360180.400859,0.0019268989562988281
126250,normal,3688,0,1782360180.4028747,0.0020155906677246094
126251,normal,3357,1,1782360180.40493,0.0020554065704345703
126252,normal,1952,0,1782360180.4068577,0.0019276142120361328
126253,normal,3290,1,1782360180.4088762,0.002018451690673828
126254,normal,399,0,1782360180.4109309,0.0020546913146972656
126255,normal,1574,0,1782360180.4128566,0.0019257068634033203
126256,normal,1228,0,1782360180.4148846,0.0020279884338378906
126257,normal,1577,0,1782360180.4169264,0.0020418167114257812
126258,normal,3118,1,1782360180.4188628,0.0019364356994628906
126259,normal,1521,0,1782360180.420881,0.0020182132720947266
126260,normal,1856,0,1782360180.4229212,0.0020401477813720703
126261,normal,3414,0,1782360180.4248605,0.0019392967224121094
126262,normal,2565,0,1782360180.4268827,0.002022266387939453
126263,normal,1724,0,1782360180.4289217,0.0020389556884765625
126264,normal,3659,0,1782360180.4308553,0.0019335746765136719
126265,normal,1346,1,1782360180.4329863,0.0021309852600097656
126266,normal,122,0,1782360180.434981,0.0019948482513427734
126267,normal,797,2,1782360180.4368682,0.0018870830535888672
126268,normal,3211,1,1782360180.438887,0.0020186901092529297
126269,normal,2691,0,1782360180.4409332,0.002046346664428711
126270,normal,1219,0,1782360180.442859,0.0019257068634033203
126271,normal,2023,0,1782360180.44489,0.002031087875366211
126272,normal,3390,1,1782360180.4469202,0.0020301342010498047
126273,normal,1604,0,1782360180.4488604,0.0019402503967285156
126274,normal,173,0,1782360180.4508922,0.0020318031311035156
126275,normal,1162,0,1782360180.4529226,0.0020303726196289062
126276,normal,1486,0,1782360180.4548564,0.0019338130950927734
126277,normal,1633,0,1782360180.4570577,0.0022013187408447266
126278,normal,831,2,1782360180.4589376,0.0018799304962158203
126279,normal,1793,0,1782360180.4610221,0.002084493637084961
126280,normal,1424,0,1782360180.4630022,0.0019800662994384766
126281,normal,3084,1,1782360180.4649587,0.001956462860107422
126282,normal,842,2,1782360180.4671082,0.0021495819091796875
126283,normal,3135,1,1782360180.4688396,0.0017313957214355469
126284,normal,1830,0,1782360180.470858,0.002018451690673828
126285,normal,1178,0,1782360180.472805,0.0019469261169433594
126286,normal,101,0,1782360180.4748173,0.0020122528076171875
126287,normal,3453,0,1782360180.4768822,0.002064943313598633
126288,normal,2829,0,1782360180.4790144,0.0021321773529052734
126289,normal,1877,0,1782360180.4809113,0.0018968582153320312
126290,normal,1252,0,1782360180.48302,0.0021088123321533203
126291,normal,2902,0,1782360180.4848616,0.0018415451049804688
126292,normal,934,2,1782360180.4870648,0.002203226089477539
126293,normal,1547,0,1782360180.488925,0.0018601417541503906
126294,normal,1768,0,1782360180.4908595,0.0019345283508300781
126295,normal,3196,1,1782360180.493087,0.0022275447845458984
126296,normal,1609,0,1782360180.4949567,0.0018696784973144531
126297,normal,2981,0,1782360180.4968662,0.001909494400024414
126298,normal,2169,0,1782360180.499094,0.002227783203125
126299,normal,1606,0,1782360180.5009313,0.0018372535705566406
126300,normal,607,0,1782360180.5028627,0.0019314289093017578
126301,normal,2353,0,1782360180.5051005,0.0022377967834472656
126302,normal,195,0,1782360180.5069253,0.0018248558044433594
126303,normal,2389,0,1782360180.5088608,0.0019354820251464844
126304,normal,3643,0,1782360180.511108,0.0022470951080322266
126305,normal,1681,0,1782360180.5129175,0.0018095970153808594
126306,normal,1245,0,1782360180.514858,0.0019404888153076172
126307,normal,1815,0,1782360180.517023,0.002165079116821289
126308,normal,1515,0,1782360180.5189726,0.0019495487213134766
126309,normal,3588,0,1782360180.52087,0.0018973350524902344
126310,normal,1771,0,1782360180.523105,0.002234935760498047
126311,normal,3085,1,1782360180.52493,0.001825094223022461
126312,normal,3158,1,1782360180.5268593,0.0019292831420898438
126313,normal,3608,0,1782360180.52911,0.00225067138671875
126314,normal,436,0,1782360180.5309484,0.0018384456634521484
126315,normal,2628,0,1782360180.5328617,0.001913309097290039
126316,normal,3369,1,1782360180.5351088,0.0022470951080322266
126317,normal,3636,0,1782360180.5369275,0.0018186569213867188
126318,normal,87,0,1782360180.5388582,0.0019307136535644531
126319,normal,3031,0,1782360180.5411112,0.0022530555725097656
126320,normal,1874,0,1782360180.5429516,0.001840353012084961
126321,normal,3377,1,1782360180.5448577,0.0019061565399169922
126322,normal,2370,0,1782360180.547114,0.002256155014038086
126323,normal,2470,0,1782360180.5489163,0.0018024444580078125
126324,normal,2847,0,1782360180.550858,0.001941680908203125
126325,normal,1954,0,1782360180.5531123,0.0022542476654052734
126326,normal,1805,0,1782360180.5549438,0.0018315315246582031
126327,normal,3339,1,1782360180.5568593,0.0019154548645019531
126328,normal,943,2,1782360180.5591178,0.0022585391998291016
126329,normal,2965,0,1782360180.5609515,0.0018336772918701172
126330,normal,3051,1,1782360180.5628595,0.0019080638885498047
126331,normal,425,0,1782360180.56514,0.0022804737091064453
126332,normal,2344,0,1782360180.5669458,0.0018057823181152344
126333,normal,1085,0,1782360180.5688567,0.0019109249114990234
126334,normal,2212,0,1782360180.5710332,0.002176523208618164
126335,normal,2957,0,1782360180.5729585,0.0019252300262451172
126336,normal,2282,0,1782360180.5748646,0.0019061565399169922
126337,normal,3091,1,1782360180.577019,0.0021543502807617188
126338,normal,820,2,1782360180.5789595,0.0019404888153076172
126339,normal,2874,0,1782360180.5808575,0.001898050308227539
126340,normal,2302,0,1782360180.5831275,0.0022699832916259766
126341,normal,1831,0,1782360180.584947,0.001819610595703125
126342,normal,1427,0,1782360180.586858,0.0019109249114990234
126343,normal,1579,0,1782360180.5891223,0.002264261245727539
126344,normal,3421,0,1782360180.5909312,0.0018088817596435547
126345,normal,3364,1,1782360180.5928578,0.0019266605377197266
126346,normal,1816,0,1782360180.595065,0.0022072792053222656
126347,normal,3562,0,1782360180.596963,0.0018978118896484375
126348,normal,409,0,1782360180.5988584,0.0018954277038574219
126349,normal,2968,0,1782360180.6010158,0.002157449722290039
126350,normal,1194,0,1782360180.6029391,0.0019233226776123047
126351,normal,2377,0,1782360180.604861,0.0019218921661376953
126352,normal,836,2,1782360180.6070154,0.0021543502807617188
126353,normal,920,2,1782360180.6089566,0.0019412040710449219
126354,normal,21,0,1782360180.6108775,0.001920938491821289
126355,normal,1052,0,1782360180.6135538,0.002676248550415039
126356,normal,406,0,1782360180.614854,0.0013003349304199219
126357,normal,3522,0,1782360180.6168592,0.0020051002502441406
126358,normal,417,0,1782360180.6190186,0.0021593570709228516
126359,normal,3192,1,1782360180.620859,0.001840353012084961
126360,normal,3079,1,1782360180.623009,0.0021500587463378906
126361,normal,316,0,1782360180.6248667,0.001857757568359375
126362,normal,1284,0,1782360180.6270146,0.0021479129791259766
126363,normal,1867,0,1782360180.628858,0.0018434524536132812
126364,normal,771,0,1782360180.631026,0.002167940139770508
126365,normal,3379,1,1782360180.6328752,0.0018491744995117188
126366,normal,2366,0,1782360180.6350546,0.002179384231567383
126367,normal,3652,0,1782360180.6368585,0.0018038749694824219
126368,normal,2973,0,1782360180.6390133,0.002154827117919922
126369,normal,1378,1,1782360180.6408603,0.0018470287322998047
126370,normal,1248,0,1782360180.643031,0.002170562744140625
126371,normal,1398,0,1782360180.6448638,0.0018329620361328125
126372,normal,3363,1,1782360180.6470122,0.0021483898162841797
126373,normal,305,0,1782360180.648882,0.0018696784973144531
126374,normal,1313,0,1782360180.6510203,0.002138376235961914
126375,normal,918,2,1782360180.6528704,0.001850128173828125
126376,normal,510,0,1782360180.6550379,0.0021674633026123047
126377,normal,2762,0,1782360180.656947,0.001909017562866211
126378,normal,1602,0,1782360180.6588607,0.0019137859344482422
126379,normal,1731,0,1782360180.6610377,0.002177000045776367
126380,normal,1496,0,1782360180.662937,0.0018992424011230469
126381,normal,3381,1,1782360180.664861,0.0019240379333496094
126382,normal,1693,0,1782360180.6670413,0.002180337905883789
126383,normal,3035,0,1782360180.668947,0.001905679702758789
126384,normal,2403,0,1782360180.670857,0.0019099712371826172
126385,normal,207,0,1782360180.673044,0.002187013626098633
126386,normal,1785,0,1782360180.674917,0.001873016357421875
126387,normal,1834,0,1782360180.6768587,0.001941680908203125
126388,normal,1734,0,1782360180.6790452,0.0021865367889404297
126389,normal,2097,0,1782360180.6809466,0.001901388168334961
126390,normal,1630,0,1782360180.6828582,0.0019116401672363281
126391,normal,850,2,1782360180.6850479,0.00218963623046875
126392,normal,265,0,1782360180.687025,0.001977205276489258
126393,normal,1495,0,1782360180.6888652,0.0018401145935058594
126394,normal,1321,1,1782360180.6911156,0.0022504329681396484
126395,normal,1090,0,1782360180.6929693,0.0018537044525146484
126396,normal,1260,0,1782360180.694877,0.0019075870513916016
126397,normal,1748,0,1782360180.6970546,0.002177715301513672
126398,normal,1006,2,1782360180.698943,0.001888275146484375
126399,normal,3262,1,1782360180.7008598,0.0019168853759765625
126400,normal,3558,0,1782360180.7030547,0.0021948814392089844
126401,normal,1980,0,1782360180.7049086,0.00185394287109375
126402,normal,2019,0,1782360180.7068987,0.001990079879760742
126403,normal,1524,0,1782360180.7090583,0.002159595489501953
126404,normal,2351,0,1782360180.7109387,0.0018804073333740234
126405,normal,2838,0,1782360180.7128625,0.0019237995147705078
126406,normal,2248,0,1782360180.715061,0.002198457717895508
126407,normal,2755,0,1782360180.716911,0.001850128173828125
126408,normal,1231,0,1782360180.7188575,0.0019464492797851562
126409,normal,2345,0,1782360180.7210624,0.00220489501953125
126410,normal,1386,0,1782360180.7229388,0.0018763542175292969
126411,normal,2655,0,1782360180.724874,0.0019352436065673828
126412,normal,3164,1,1782360180.7270653,0.002191305160522461
126413,normal,1374,1,1782360180.7289157,0.0018503665924072266
126414,normal,1982,0,1782360180.7308643,0.0019485950469970703
126415,normal,2989,0,1782360180.7332494,0.0023851394653320312
126416,normal,2424,0,1782360180.7349474,0.0016980171203613281
126417,normal,939,2,1782360180.7368586,0.001911163330078125
126418,normal,2450,0,1782360180.739067,0.0022084712982177734
126419,normal,1520,0,1782360180.74092,0.0018529891967773438
126420,normal,1842,0,1782360180.742857,0.0019369125366210938
126421,normal,1941,0,1782360180.7449172,0.0020601749420166016
126422,normal,2542,0,1782360180.7469113,0.0019941329956054688
126423,normal,1071,0,1782360180.7488716,0.001960277557373047
126424,normal,2359,0,1782360180.7509189,0.002047300338745117
126425,normal,1935,0,1782360180.7529366,0.0020177364349365234
126426,normal,3351,1,1782360180.7548585,0.0019218921661376953
126427,normal,2043,0,1782360180.7568402,0.0019817352294921875
126428,normal,593,0,1782360180.7589078,0.00206756591796875
126429,normal,2304,0,1782360180.7608585,0.0019507408142089844
126430,normal,1823,0,1782360180.7629242,0.0020656585693359375
126431,normal,1526,0,1782360180.7649367,0.002012491226196289
126432,normal,684,0,1782360180.7668564,0.0019197463989257812
126433,normal,1003,2,1782360180.7689266,0.002070188522338867
126434,normal,288,0,1782360180.77092,0.001993417739868164
126435,normal,1859,0,1782360180.7728636,0.0019435882568359375
126436,normal,494,0,1782360180.7749279,0.002064228057861328
126437,normal,1296,0,1782360180.7769003,0.0019724369049072266
126438,normal,1412,0,1782360180.778883,0.0019826889038085938
126439,normal,246,0,1782360180.7809308,0.0020477771759033203
126440,normal,158,0,1782360180.7829103,0.0019795894622802734
126441,normal,583,0,1782360180.784857,0.0019466876983642578
126442,normal,3334,1,1782360180.7869349,0.002077817916870117
126443,normal,1271,0,1782360180.7889287,0.001993894577026367
126444,normal,208,0,1782360180.7908573,0.001928567886352539
126445,normal,1701,0,1782360180.7929358,0.002078533172607422
126446,normal,2494,0,1782360180.7949023,0.0019664764404296875
126447,normal,762,0,1782360180.7968614,0.001959085464477539
126448,normal,3370,1,1782360180.7989378,0.002076387405395508
126449,normal,1727,0,1782360180.80094,0.002002239227294922
126450,normal,2955,0,1782360180.8028574,0.0019173622131347656
126451,normal,769,0,1782360180.8049405,0.0020830631256103516
126452,normal,2562,0,1782360180.8068993,0.0019588470458984375
126453,normal,2548,0,1782360180.8088634,0.001964092254638672
126454,normal,3316,1,1782360180.8109431,0.0020797252655029297
126455,normal,1688,0,1782360180.812935,0.0019919872283935547
126456,normal,3095,1,1782360180.814858,0.0019228458404541016
126457,normal,502,0,1782360180.8169472,0.002089262008666992
126458,normal,872,2,1782360180.8189075,0.001960277557373047
126459,normal,2432,0,1782360180.82086,0.0019524097442626953
126460,normal,1205,0,1782360180.8229477,0.002087831497192383
126461,normal,1101,0,1782360180.8249404,0.0019927024841308594
126462,normal,1430,0,1782360180.826866,0.0019254684448242188
126463,normal,218,0,1782360180.8289506,0.0020847320556640625
126464,normal,3571,0,1782360180.8309443,0.0019936561584472656
126465,normal,334,0,1782360180.8328605,0.0019161701202392578
126466,normal,947,2,1782360180.8348575,0.0019969940185546875
126467,normal,245,0,1782360180.836962,0.002104520797729492
126468,normal,2985,0,1782360180.8388608,0.0018987655639648438
126469,normal,812,2,1782360180.8408778,0.0020170211791992188
126470,normal,2784,0,1782360180.842938,0.0020601749420166016
126471,normal,1471,0,1782360180.844859,0.001920938491821289
126472,normal,1349,1,1782360180.8468602,0.0020012855529785156
126473,normal,3425,0,1782360180.8489184,0.002058267593383789
126474,normal,2435,0,1782360180.8508577,0.0019392967224121094
126475,normal,1925,0,1782360180.8528616,0.002003908157348633
126476,normal,540,0,1782360180.854918,0.0020563602447509766
126477,normal,496,0,1782360180.8568587,0.0019407272338867188
126478,normal,763,0,1782360180.8588645,0.0020058155059814453
126479,normal,2178,0,1782360180.860916,0.0020513534545898438
126480,normal,269,0,1782360180.8628576,0.001941680908203125
126481,normal,2938,0,1782360180.8648677,0.0020101070404052734
126482,normal,1064,0,1782360180.8669183,0.002050638198852539
126483,normal,693,0,1782360180.868861,0.0019426345825195312
126484,normal,2879,0,1782360180.87087,0.002009153366088867
126485,normal,2330,0,1782360180.8729203,0.002050161361694336
126486,normal,1564,0,1782360180.8748584,0.0019381046295166016
126487,normal,1186,0,1782360180.8768725,0.00201416015625
126488,normal,3545,0,1782360180.8788586,0.0019860267639160156
126489,normal,925,2,1782360180.8810089,0.002150297164916992
126490,normal,1293,0,1782360180.882875,0.0018661022186279297
126491,normal,786,2,1782360180.8849359,0.0020608901977539062
126492,normal,420,0,1782360180.8868644,0.001928567886352539
126493,normal,2350,0,1782360180.888879,0.002014636993408203
126494,normal,1439,0,1782360180.8909035,0.002024412155151367
126495,normal,2910,0,1782360180.8928592,0.001955747604370117
126496,normal,2818,0,1782360180.89488,0.0020208358764648438
126497,normal,2580,0,1782360180.8969173,0.0020372867584228516
126498,normal,3162,1,1782360180.89886,0.0019426345825195312
126499,normal,1651,0,1782360180.900888,0.0020279884338378906
126500,normal,907,2,1782360180.9029176,0.0020296573638916016
126501,normal,349,0,1782360180.9048576,0.001940011978149414
126502,normal,450,0,1782360180.9068854,0.002027750015258789
126503,normal,3373,1,1782360180.908911,0.002025604248046875
126504,normal,1345,1,1782360180.9108584,0.0019474029541015625
126505,normal,886,2,1782360180.9128883,0.002029895782470703
126506,normal,2083,0,1782360180.9149117,0.002023458480834961
126507,normal,1624,0,1782360180.9168587,0.0019469261169433594
126508,normal,3178,1,1782360180.918891,0.0020322799682617188
126509,normal,950,2,1782360180.920907,0.0020160675048828125
126510,normal,2106,0,1782360180.922857,0.0019500255584716797
126511,normal,3609,0,1782360180.924893,0.002035856246948242
126512,normal,3524,0,1782360180.926934,0.0020411014556884766
126513,normal,3423,0,1782360180.9288595,0.0019254684448242188
126514,normal,344,0,1782360180.9310503,0.002190828323364258
126515,normal,1791,0,1782360180.9329147,0.0018644332885742188
126516,normal,2252,0,1782360180.9348984,0.001983642578125
126517,normal,648,0,1782360180.9368541,0.001955747604370117
126518,normal,3110,1,1782360180.938914,0.0020599365234375
126519,normal,1043,0,1782360180.9408603,0.0019462108612060547
126520,normal,644,0,1782360180.9428992,0.0020389556884765625
126521,normal,1428,0,1782360180.9449122,0.002012968063354492
126522,normal,202,0,1782360180.9468577,0.00194549560546875
126523,normal,2731,0,1782360180.9490583,0.002200603485107422
126524,normal,1127,0,1782360180.9509072,0.0018489360809326172
126525,normal,634,0,1782360180.9528594,0.0019521713256835938
126526,normal,629,0,1782360180.955062,0.0022025108337402344
126527,normal,74,0,1782360180.9569306,0.0018687248229980469
126528,normal,430,0,1782360180.958858,0.0019273757934570312
126529,normal,248,0,1782360180.961065,0.002207040786743164
126530,normal,165,0,1782360180.9628992,0.0018341541290283203
126531,normal,2577,0,1782360180.9648638,0.001964569091796875
126532,normal,3417,0,1782360180.9670644,0.002200603485107422
126533,normal,2118,0,1782360180.9688997,0.0018353462219238281
126534,normal,2144,0,1782360180.9708593,0.001959562301635742
126535,normal,1458,0,1782360180.9728878,0.0020284652709960938
126536,normal,2966,0,1782360180.9749238,0.0020360946655273438
126537,normal,2217,0,1782360180.97686,0.001936197280883789
126538,normal,2774,0,1782360180.9790964,0.0022363662719726562
126539,normal,3250,1,1782360180.9809291,0.001832723617553711
126540,normal,602,0,1782360180.9828568,0.0019276142120361328
126541,normal,2293,0,1782360180.9851005,0.0022437572479248047
126542,normal,3093,1,1782360180.9868982,0.0017976760864257812
126543,normal,3287,1,1782360180.9888597,0.0019614696502685547
126544,normal,2695,0,1782360180.9911034,0.0022437572479248047
126545,normal,1908,0,1782360180.9928973,0.0017938613891601562
126546,normal,2198,0,1782360180.9948578,0.0019605159759521484
126547,normal,2836,0,1782360180.997013,0.002155303955078125
126548,normal,476,0,1782360180.9989417,0.001928567886352539
126549,normal,633,0,1782360181.0008602,0.0019185543060302734
126550,normal,2149,0,1782360181.003113,0.002252817153930664
126551,normal,916,2,1782360181.0049255,0.0018124580383300781
126552,normal,3107,1,1782360181.00686,0.0019345283508300781
126553,normal,2474,0,1782360181.0091085,0.002248525619506836
126554,normal,2102,0,1782360181.0108972,0.0017886161804199219
126555,normal,2337,0,1782360181.0128567,0.001959562301635742
126556,normal,1137,0,1782360181.0151095,0.002252817153930664
126557,normal,2383,0,1782360181.016901,0.0017914772033691406
126558,normal,1924,0,1782360181.0188773,0.0019762516021728516
126559,normal,3686,0,1782360181.0211115,0.002234220504760742
126560,normal,3604,0,1782360181.022901,0.0017895698547363281
126561,normal,2397,0,1782360181.0248566,0.0019555091857910156
126562,normal,339,0,1782360181.0271108,0.0022542476654052734
126563,normal,2320,0,1782360181.0289106,0.0017998218536376953
126564,normal,465,0,1782360181.0308592,0.0019485950469970703
126565,normal,3660,0,1782360181.0331218,0.002262592315673828
126566,normal,2736,0,1782360181.034913,0.001791238784790039
126567,normal,3261,1,1782360181.0368605,0.0019474029541015625
126568,normal,1128,0,1782360181.0391223,0.0022618770599365234
126569,normal,138,0,1782360181.0408902,0.001767873764038086
126570,normal,891,2,1782360181.0428643,0.0019741058349609375
126571,normal,1329,1,1782360181.0451257,0.0022614002227783203
126572,normal,3465,0,1782360181.0468893,0.0017635822296142578
126573,normal,2128,0,1782360181.0488622,0.0019729137420654297
126574,normal,3699,0,1782360181.051125,0.0022628307342529297
126575,normal,2201,0,1782360181.0528998,0.0017747879028320312
126576,normal,1459,0,1782360181.054858,0.001958131790161133
126577,normal,3028,0,1782360181.0571272,0.002269268035888672
126578,normal,2524,0,1782360181.0588975,0.0017702579498291016
126579,normal,81,0,1782360181.0608568,0.0019593238830566406
126580,normal,2527,0,1782360181.0631301,0.0022733211517333984
126581,normal,244,0,1782360181.0648897,0.0017595291137695312
126582,normal,2360,0,1782360181.0668597,0.001970052719116211
126583,normal,462,0,1782360181.0691414,0.002281665802001953
126584,normal,3362,1,1782360181.070888,0.0017466545104980469
126585,normal,1705,0,1782360181.0728579,0.0019698143005371094
126586,normal,1614,0,1782360181.0749068,0.002048969268798828
126587,normal,2177,0,1782360181.0769114,0.0020046234130859375
126588,normal,3478,0,1782360181.078859,0.001947641372680664
126589,normal,3114,1,1782360181.0810187,0.002159595489501953
126590,normal,65,0,1782360181.0829222,0.001903533935546875
126591,normal,2369,0,1782360181.0848594,0.0019371509552001953
126592,normal,1640,0,1782360181.0870204,0.0021610260009765625
126593,normal,888,2,1782360181.088903,0.0018825531005859375
126594,normal,3340,1,1782360181.0908616,0.001958608627319336
126595,normal,3324,1,1782360181.0930207,0.00215911865234375
126596,normal,853,2,1782360181.0949008,0.0018801689147949219
126597,normal,464,0,1782360181.096858,0.0019571781158447266
126598,normal,1255,0,1782360181.099023,0.002165079116821289
126599,normal,203,0,1782360181.1009285,0.0019054412841796875
126600,normal,1502,0,1782360181.1028643,0.001935720443725586
126601,normal,3610,0,1782360181.105025,0.002160787582397461
126602,normal,2921,0,1782360181.1069152,0.0018901824951171875
126603,normal,1679,0,1782360181.1088576,0.0019423961639404297
126604,normal,529,0,1782360181.1110275,0.0021698474884033203
126605,normal,586,0,1782360181.112906,0.001878499984741211
126606,normal,2747,0,1782360181.1148582,0.0019521713256835938
126607,normal,3282,1,1782360181.1170237,0.002165555953979492
126608,normal,2619,0,1782360181.1189387,0.00191497802734375
126609,normal,2047,0,1782360181.1208682,0.0019295215606689453
126610,normal,3264,1,1782360181.1230328,0.002164602279663086
126611,normal,2143,0,1782360181.1249218,0.0018889904022216797
126612,normal,1015,2,1782360181.1268587,0.0019369125366210938
126613,normal,2399,0,1782360181.1290357,0.002177000045776367
126614,normal,2465,0,1782360181.1309474,0.0019116401672363281
126615,normal,2801,0,1782360181.1328578,0.0019104480743408203
126616,normal,58,0,1782360181.1350374,0.0021796226501464844
126617,normal,280,0,1782360181.1369045,0.001867055892944336
126618,normal,956,2,1782360181.138858,0.001953601837158203
126619,normal,2882,0,1782360181.1410396,0.002181529998779297
126620,normal,1989,0,1782360181.1428993,0.0018596649169921875
126621,normal,638,0,1782360181.144861,0.0019617080688476562
126622,normal,3058,1,1782360181.1470413,0.002180337905883789
126623,normal,2455,0,1782360181.1489172,0.0018758773803710938
126624,normal,2811,0,1782360181.1508613,0.0019440650939941406
126625,normal,1871,0,1782360181.153053,0.002191781997680664
126626,normal,480,0,1782360181.1549256,0.0018725395202636719
126627,normal,215,0,1782360181.1568582,0.0019326210021972656
126628,normal,1343,1,1782360181.1590474,0.002189159393310547
126629,normal,2887,0,1782360181.160921,0.0018737316131591797
126630,normal,72,0,1782360181.1628652,0.0019440650939941406
126631,normal,2203,0,1782360181.1650488,0.002183675765991211
126632,normal,598,0,1782360181.1669054,0.0018565654754638672
126633,normal,2627,0,1782360181.1688576,0.0019521713256835938
126634,normal,1328,1,1782360181.171052,0.0021944046020507812
126635,normal,2724,0,1782360181.1729913,0.0019392967224121094
126636,normal,2254,0,1782360181.174863,0.0018718242645263672
126637,normal,2365,0,1782360181.1770642,0.002201080322265625
126638,normal,2191,0,1782360181.1789,0.0018358230590820312
126639,normal,1008,2,1782360181.18086,0.0019600391387939453
126640,normal,2964,0,1782360181.1830525,0.0021924972534179688
126641,normal,1038,0,1782360181.1849072,0.0018546581268310547
126642,normal,860,2,1782360181.1868575,0.0019502639770507812
126643,normal,1949,0,1782360181.1890597,0.002202272415161133
126644,normal,98,0,1782360181.1909032,0.0018434524536132812
126645,normal,182,0,1782360181.1928582,0.0019550323486328125
126646,normal,193,0,1782360181.195063,0.00220489501953125
126647,normal,2589,0,1782360181.196893,0.0018298625946044922
126648,normal,2820,0,1782360181.1989446,0.0020515918731689453
126649,normal,711,0,1782360181.200908,0.001963376998901367
126650,normal,3225,1,1782360181.2030175,0.002109527587890625
126651,normal,3440,0,1782360181.2048569,0.0018393993377685547
126652,normal,2666,0,1782360181.2070932,0.0022363662719726562
126653,normal,2211,0,1782360181.208895,0.0018017292022705078
126654,normal,1436,0,1782360181.2108574,0.001962423324584961
126655,normal,2171,0,1782360181.2128677,0.002010345458984375
126656,normal,1081,0,1782360181.2156126,0.002744913101196289
126657,normal,298,0,1782360181.2168598,0.0012471675872802734
126658,normal,413,0,1782360181.219098,0.0022382736206054688
126659,normal,1644,0,1782360181.2208576,0.0017595291137695312
126660,normal,2488,0,1782360181.2230098,0.0021522045135498047
126661,normal,266,0,1782360181.2249177,0.0019078254699707031
126662,normal,2420,0,1782360181.2270167,0.0020990371704101562
126663,normal,821,2,1782360181.2288594,0.0018427371978759766
126664,normal,1000,2,1782360181.231105,0.002245664596557617
126665,normal,770,0,1782360181.232858,0.0017528533935546875
126666,normal,3088,1,1782360181.2350104,0.0021524429321289062
126667,normal,2622,0,1782360181.2368586,0.0018482208251953125
126668,normal,1280,0,1782360181.23902,0.0021615028381347656
126669,normal,2523,0,1782360181.240858,0.0018379688262939453
126670,normal,2663,0,1782360181.2431066,0.002248525619506836
126671,normal,2269,0,1782360181.244858,0.0017514228820800781
126672,normal,1440,0,1782360181.247012,0.0021538734436035156
126673,normal,2308,0,1782360181.2489276,0.0019156932830810547
126674,normal,228,0,1782360181.2510147,0.002087116241455078
126675,normal,3152,1,1782360181.2528567,0.0018420219421386719
126676,normal,3197,1,1782360181.2551134,0.002256631851196289
126677,normal,768,0,1782360181.256859,0.0017457008361816406
126678,normal,2272,0,1782360181.2590246,0.002165555953979492
126679,normal,249,0,1782360181.260933,0.0019083023071289062
126680,normal,358,0,1782360181.2630177,0.0020847320556640625
126681,normal,2860,0,1782360181.2648575,0.0018398761749267578
126682,normal,1294,0,1782360181.267114,0.0022563934326171875
126683,normal,1818,0,1782360181.2688878,0.001773834228515625
126684,normal,486,0,1782360181.2708564,0.0019686222076416016
126685,normal,2292,0,1782360181.273125,0.002268552780151367
126686,normal,2172,0,1782360181.2748861,0.0017611980438232422
126687,normal,3634,0,1782360181.2768652,0.0019791126251220703
126688,normal,1499,0,1782360181.2791302,0.0022649765014648438
126689,normal,1391,0,1782360181.2808893,0.0017590522766113281
126690,normal,2173,0,1782360181.28287,0.0019807815551757812
126691,normal,2111,0,1782360181.285123,0.0022530555725097656
126692,normal,3510,0,1782360181.2868807,0.0017576217651367188
126693,normal,729,0,1782360181.2890172,0.0021364688873291016
126694,normal,1476,0,1782360181.2909453,0.001928091049194336
126695,normal,3574,0,1782360181.2930174,0.0020720958709716797
126696,normal,19,0,1782360181.2948608,0.0018434524536132812
126697,normal,1801,0,1782360181.2971344,0.0022735595703125
126698,normal,210,0,1782360181.298879,0.0017445087432861328
126699,normal,3086,1,1782360181.3010118,0.002132892608642578
126700,normal,237,0,1782360181.3029127,0.0019009113311767578
126701,normal,2831,0,1782360181.3050165,0.0021038055419921875
126702,normal,3598,0,1782360181.30688,0.0018634796142578125
126703,normal,2008,0,1782360181.3091342,0.0022542476654052734
126704,normal,2529,0,1782360181.3108761,0.0017418861389160156
126705,normal,360,0,1782360181.3130102,0.002134084701538086
126706,normal,3067,1,1782360181.3148582,0.001847982406616211
126707,normal,2224,0,1782360181.3170202,0.0021619796752929688
126708,normal,3516,0,1782360181.3188627,0.001842498779296875
126709,normal,1013,2,1782360181.3210156,0.0021529197692871094
126710,normal,911,2,1782360181.3228853,0.0018696784973144531
126711,normal,2583,0,1782360181.3250089,0.002123594284057617
126712,normal,1059,0,1782360181.3268626,0.0018537044525146484
126713,normal,1489,0,1782360181.3290148,0.0021522045135498047
126714,normal,1147,0,1782360181.330857,0.0018422603607177734
126715,normal,3078,1,1782360181.3330216,0.002164602279663086
126716,normal,1866,0,1782360181.3348763,0.0018546581268310547
126717,normal,3540,0,1782360181.3370128,0.0021364688873291016
126718,normal,1567,0,1782360181.3389654,0.0019526481628417969
126719,normal,289,0,1782360181.3410218,0.0020563602447509766
126720,normal,936,2,1782360181.3428686,0.0018467903137207031
126721,normal,3391,1,1782360181.3450277,0.00215911865234375
126722,normal,1561,0,1782360181.3468926,0.0018649101257324219
126723,normal,1858,0,1782360181.348892,0.001999378204345703
126724,normal,2223,0,1782360181.3508751,0.001983165740966797
126725,normal,613,0,1782360181.3529713,0.0020961761474609375
126726,normal,1395,0,1782360181.354873,0.0019016265869140625
126727,normal,2616,0,1782360181.3568742,0.0020012855529785156
126728,normal,3341,1,1782360181.358948,0.0020737648010253906
126729,normal,1745,0,1782360181.3608596,0.0019116401672363281
126730,normal,2496,0,1782360181.3628776,0.002017974853515625
126731,normal,1359,1,1782360181.364886,0.0020084381103515625
126732,normal,1236,0,1782360181.36686,0.001973867416381836
126733,normal,150,0,1782360181.3688812,0.002021312713623047
126734,normal,1441,0,1782360181.3708863,0.0020051002502441406
126735,normal,3389,1,1782360181.3728592,0.0019729137420654297
126736,normal,3683,0,1782360181.3748856,0.0020263195037841797
126737,normal,1659,0,1782360181.3769212,0.0020356178283691406
126738,normal,1716,0,1782360181.3788948,0.0019736289978027344
126739,normal,2759,0,1782360181.3809009,0.002006053924560547
126740,normal,1528,0,1782360181.3829713,0.0020704269409179688
126741,normal,1752,0,1782360181.384859,0.0018877983093261719
126742,normal,1157,0,1782360181.3868926,0.0020334720611572266
126743,normal,3615,0,1782360181.3889,0.0020074844360351562
126744,normal,725,0,1782360181.3908718,0.001971721649169922
126745,normal,2137,0,1782360181.3928893,0.002017498016357422
126746,normal,2089,0,1782360181.3949163,0.0020270347595214844
126747,normal,1221,0,1782360181.396836,0.0019197463989257812
126748,normal,1753,0,1782360181.3990486,0.0022125244140625
126749,normal,2608,0,1782360181.4008992,0.0018506050109863281
126750,normal,1363,1,1782360181.4028606,0.0019614696502685547
126751,normal,628,0,1782360181.4048939,0.002033233642578125
126752,normal,2239,0,1782360181.4068847,0.001990795135498047
126753,normal,1491,0,1782360181.4088583,0.0019736289978027344
126754,normal,1009,2,1782360181.4108963,0.0020380020141601562
126755,normal,3042,0,1782360181.4128857,0.0019893646240234375
126756,normal,1984,0,1782360181.4148657,0.0019800662994384766
126757,normal,3446,0,1782360181.4169004,0.0020346641540527344
126758,normal,1699,0,1782360181.4189034,0.0020029544830322266
126759,normal,2556,0,1782360181.420868,0.001964569091796875
126760,normal,2407,0,1782360181.422902,0.0020341873168945312
126761,normal,3404,0,1782360181.424893,0.001990795135498047
126762,normal,889,2,1782360181.4268625,0.001969575881958008
126763,normal,1545,0,1782360181.428905,0.002042531967163086
126764,normal,984,2,1782360181.430892,0.001986980438232422
126765,normal,554,0,1782360181.432894,0.0020020008087158203
126766,normal,656,0,1782360181.434907,0.002012968063354492
126767,normal,645,0,1782360181.4369137,0.0020067691802978516
126768,normal,2680,0,1782360181.438859,0.0019452571868896484
126769,normal,2630,0,1782360181.4410641,0.0022051334381103516
126770,normal,2798,0,1782360181.4428892,0.001825094223022461
126771,normal,3119,1,1782360181.444903,0.002013683319091797
126772,normal,3210,1,1782360181.4469118,0.0020089149475097656
126773,normal,2894,0,1782360181.4488866,0.001974821090698242
126774,normal,3678,0,1782360181.4508595,0.0019729137420654297
126775,normal,1379,1,1782360181.4531026,0.0022430419921875
126776,normal,3318,1,1782360181.45488,0.0017774105072021484
126777,normal,1095,0,1782360181.4570131,0.0021331310272216797
126778,normal,2626,0,1782360181.4589174,0.0019042491912841797
126779,normal,1814,0,1782360181.4609087,0.00199127197265625
126780,normal,1494,0,1782360181.4628582,0.0019495487213134766
126781,normal,63,0,1782360181.4649203,0.002062082290649414
126782,normal,1454,0,1782360181.4669783,0.0020580291748046875
126783,normal,2479,0,1782360181.4688702,0.0018918514251708984
126784,normal,445,0,1782360181.470856,0.001985788345336914
126785,normal,427,0,1782360181.472857,0.002001047134399414
126786,normal,2310,0,1782360181.4748163,0.0019593238830566406
126787,normal,1617,0,1782360181.476823,0.0020067691802978516
126788,normal,2478,0,1782360181.4788065,0.0019834041595458984
126789,normal,2062,0,1782360181.4808612,0.0020546913146972656
126790,normal,2753,0,1782360181.483128,0.0022668838500976562
126791,normal,1608,0,1782360181.4848833,0.0017552375793457031
126792,normal,446,0,1782360181.4868968,0.0020134449005126953
126793,normal,2174,0,1782360181.4891074,0.0022106170654296875
126794,normal,40,0,1782360181.4908748,0.0017673969268798828
126795,normal,2017,0,1782360181.4930124,0.0021376609802246094
126796,normal,395,0,1782360181.4949324,0.0019199848175048828
126797,normal,3338,1,1782360181.497019,0.002086639404296875
126798,normal,2114,0,1782360181.4988601,0.0018410682678222656
126799,normal,2917,0,1782360181.5011144,0.0022542476654052734
126800,normal,574,0,1782360181.5028734,0.0017590522766113281
126801,normal,3594,0,1782360181.5050104,0.0021369457244873047
126802,normal,1933,0,1782360181.5069354,0.0019249916076660156
126803,normal,3575,0,1782360181.5090158,0.0020804405212402344
126804,normal,2833,0,1782360181.5108666,0.0018508434295654297
126805,normal,2003,0,1782360181.5131154,0.0022487640380859375
126806,normal,3584,0,1782360181.5148826,0.0017671585083007812
126807,normal,27,0,1782360181.5168605,0.0019779205322265625
126808,normal,2907,0,1782360181.5191166,0.002256155014038086
126809,normal,565,0,1782360181.5209055,0.0017888545989990234
126810,normal,2016,0,1782360181.5228722,0.001966714859008789
126811,normal,3592,0,1782360181.5251167,0.0022444725036621094
126812,normal,1527,0,1782360181.5268965,0.001779794692993164
126813,normal,677,0,1782360181.5288599,0.001963376998901367
126814,normal,1046,0,1782360181.531125,0.0022652149200439453
126815,normal,1074,0,1782360181.532884,0.0017588138580322266
126816,normal,1922,0,1782360181.5348604,0.001976490020751953
126817,normal,216,0,1782360181.5370173,0.002156972885131836
126818,normal,336,0,1782360181.5389154,0.001898050308227539
126819,normal,2423,0,1782360181.5408585,0.0019431114196777344
126820,normal,784,2,1782360181.5431356,0.0022771358489990234
126821,normal,3007,0,1782360181.5448904,0.0017547607421875
126822,normal,1820,0,1782360181.5468588,0.0019683837890625
126823,normal,2090,0,1782360181.5491338,0.0022749900817871094
126824,normal,3335,1,1782360181.5509162,0.0017824172973632812
126825,normal,2761,0,1782360181.5528595,0.001943349838256836
126826,normal,2260,0,1782360181.5550425,0.0021829605102539062
126827,normal,792,2,1782360181.5568473,0.0018048286437988281
126828,normal,2103,0,1782360181.5588777,0.0020303726196289062
126829,normal,2404,0,1782360181.56101,0.0021321773529052734
126830,normal,2720,0,1782360181.5628672,0.0018572807312011719
126831,normal,330,0,1782360181.5650225,0.002155303955078125
126832,normal,1152,0,1782360181.5668595,0.001837015151977539
126833,normal,636,0,1782360181.5690105,0.002151012420654297
126834,normal,1788,0,1782360181.5708551,0.001844644546508789
126835,normal,2649,0,1782360181.5730147,0.002159595489501953
126836,normal,1500,0,1782360181.574916,0.0019011497497558594
126837,normal,1239,0,1782360181.5768595,0.0019435882568359375
126838,normal,1148,0,1782360181.5790167,0.0021572113037109375
126839,normal,3629,0,1782360181.5808804,0.001863718032836914
126840,normal,1383,0,1782360181.5830016,0.0021212100982666016
126841,normal,115,0,1782360181.5848615,0.001859903335571289
126842,normal,1153,0,1782360181.5869064,0.0020449161529541016
126843,normal,675,0,1782360181.5888627,0.0019562244415283203
126844,normal,1841,0,1782360181.5910242,0.0021615028381347656
126845,normal,3094,1,1782360181.5928586,0.0018343925476074219
126846,normal,3422,0,1782360181.5950084,0.002149820327758789
126847,normal,190,0,1782360181.5968719,0.0018634796142578125
126848,normal,945,2,1782360181.5988576,0.001985788345336914
126849,normal,2634,0,1782360181.6010044,0.0021467208862304688
126850,normal,1956,0,1782360181.6028767,0.0018723011016845703
126851,normal,73,0,1782360181.6048687,0.0019919872283935547
126852,normal,2769,0,1782360181.6070228,0.002154111862182617
126853,normal,2857,0,1782360181.6088777,0.0018548965454101562
126854,normal,3206,1,1782360181.6108725,0.0019948482513427734
126855,normal,3167,1,1782360181.6130047,0.0021321773529052734
126856,normal,1650,0,1782360181.6149786,0.001973867416381836
126857,normal,802,2,1782360181.6168842,0.001905679702758789
126858,normal,2961,0,1782360181.6190042,0.0021200180053710938
126859,normal,3402,0,1782360181.620883,0.0018787384033203125
126860,normal,3457,0,1782360181.6228654,0.001982450485229492
126861,normal,1985,0,1782360181.625004,0.0021386146545410156
126862,normal,1012,2,1782360181.6268847,0.001880645751953125
126863,normal,130,0,1782360181.6288936,0.0020089149475097656
126864,normal,3032,0,1782360181.630857,0.001963376998901367
126865,normal,45,0,1782360181.6330407,0.002183675765991211
126866,normal,2905,0,1782360181.6348665,0.0018258094787597656
126867,normal,1275,0,1782360181.63704,0.0021734237670898438
126868,normal,3291,1,1782360181.6388555,0.0018155574798583984
126869,normal,3276,1,1782360181.6408985,0.002043008804321289
126870,normal,3467,0,1782360181.6428566,0.001958131790161133
126871,normal,402,0,1782360181.6448917,0.0020351409912109375
126872,normal,2783,0,1782360181.6468742,0.001982450485229492
126873,normal,865,2,1782360181.6490011,0.002126932144165039
126874,normal,287,0,1782360181.6508946,0.0018935203552246094
126875,normal,3502,0,1782360181.6528754,0.0019807815551757812
126876,normal,142,0,1782360181.6550043,0.0021288394927978516
126877,normal,2849,0,1782360181.656896,0.0018918514251708984
126878,normal,1754,0,1782360181.6588755,0.001979351043701172
126879,normal,3299,1,1782360181.6610024,0.002126932144165039
126880,normal,2547,0,1782360181.6628993,0.0018968582153320312
126881,normal,2179,0,1782360181.6648803,0.001981019973754883
126882,normal,2031,0,1782360181.666867,0.0019867420196533203
126883,normal,1318,0,1782360181.668903,0.0020360946655273438
126884,normal,2896,0,1782360181.6708565,0.0019533634185791016
126885,normal,2611,0,1782360181.6730113,0.002154827117919922
126886,normal,1637,0,1782360181.6748977,0.0018863677978515625
126887,normal,3538,0,1782360181.676876,0.0019783973693847656
126888,normal,1513,0,1782360181.6790097,0.002133607864379883
126889,normal,279,0,1782360181.6809134,0.0019037723541259766
126890,normal,3580,0,1782360181.6830158,0.002102375030517578
126891,normal,1522,0,1782360181.684858,0.0018422603607177734
126892,normal,3579,0,1782360181.6870956,0.002237558364868164
126893,normal,373,0,1782360181.688922,0.0018262863159179688
126894,normal,2147,0,1782360181.6908662,0.0019443035125732422
126895,normal,3277,1,1782360181.6930966,0.002230405807495117
126896,normal,730,0,1782360181.6948805,0.0017838478088378906
126897,normal,670,0,1782360181.6968584,0.0019779205322265625
126898,normal,2051,0,1782360181.6990983,0.0022399425506591797
126899,normal,2758,0,1782360181.7008746,0.0017762184143066406
126900,normal,1506,0,1782360181.7030115,0.0021369457244873047
126901,normal,155,0,1782360181.704919,0.0019075870513916016
126902,normal,2690,0,1782360181.7070243,0.002105236053466797
126903,normal,599,0,1782360181.7088692,0.0018448829650878906
126904,normal,2220,0,1782360181.7111096,0.002240419387817383
126905,normal,2876,0,1782360181.7128804,0.0017707347869873047
126906,normal,472,0,1782360181.7150104,0.0021300315856933594
126907,normal,687,0,1782360181.7169256,0.0019152164459228516
126908,normal,1702,0,1782360181.7190192,0.0020935535430908203
126909,normal,171,0,1782360181.7208574,0.0018382072448730469
126910,normal,1030,0,1782360181.7231066,0.0022492408752441406
126911,normal,2872,0,1782360181.7248743,0.0017676353454589844
126912,normal,3671,0,1782360181.7270103,0.0021359920501708984
126913,normal,1592,0,1782360181.728929,0.001918792724609375
126914,normal,357,0,1782360181.7310212,0.002092123031616211
126915,normal,1126,0,1782360181.7328582,0.001837015151977539
126916,normal,3237,1,1782360181.7351122,0.002254009246826172
126917,normal,3445,0,1782360181.736886,0.001773834228515625
126918,normal,751,0,1782360181.7388568,0.0019707679748535156
126919,normal,394,0,1782360181.741122,0.0022652149200439453
126920,normal,1707,0,1782360181.7428713,0.001749277114868164
126921,normal,1034,0,1782360181.7450159,0.0021445751190185547
126922,normal,845,2,1782360181.7469356,0.0019197463989257812
126923,normal,1133,0,1782360181.749024,0.002088308334350586
126924,normal,2738,0,1782360181.7508621,0.0018382072448730469
126925,normal,123,0,1782360181.7531292,0.002267122268676758
126926,normal,372,0,1782360181.7548897,0.0017604827880859375
126927,normal,576,0,1782360181.756857,0.001967191696166992
126928,normal,2963,0,1782360181.759113,0.002256155014038086
126929,normal,1453,0,1782360181.7608855,0.0017724037170410156
126930,normal,3386,1,1782360181.76286,0.0019745826721191406
126931,normal,3355,1,1782360181.7650573,0.002197265625
126932,normal,688,0,1782360181.7668762,0.0018188953399658203
126933,normal,2250,0,1782360181.7690058,0.0021295547485351562
126934,normal,2072,0,1782360181.7709444,0.0019385814666748047
126935,normal,1331,1,1782360181.7730093,0.002064943313598633
126936,normal,706,0,1782360181.7748508,0.0018415451049804688
126937,normal,1909,0,1782360181.7769473,0.002096414566040039
126938,normal,1720,0,1782360181.7790072,0.0020599365234375
126939,normal,2711,0,1782360181.7808564,0.0018491744995117188
126940,normal,1184,0,1782360181.783097,0.0022406578063964844
126941,normal,619,0,1782360181.7848923,0.0017952919006347656
126942,normal,3273,1,1782360181.7868557,0.001963376998901367
126943,normal,3207,1,1782360181.789109,0.002253293991088867
126944,normal,879,2,1782360181.790856,0.0017468929290771484
126945,normal,1192,0,1782360181.7930076,0.0021517276763916016
126946,normal,3022,0,1782360181.7948587,0.0018510818481445312
126947,normal,3657,0,1782360181.7969103,0.0020515918731689453
126948,normal,129,0,1782360181.7990105,0.002100229263305664
126949,normal,3297,1,1782360181.8008575,0.0018470287322998047
126950,normal,2205,0,1782360181.8030121,0.0021545886993408203
126951,normal,2142,0,1782360181.8048553,0.0018432140350341797
126952,normal,3127,1,1782360181.8070123,0.002156972885131836
126953,normal,1978,0,1782360181.8088548,0.001842498779296875
126954,normal,1575,0,1782360181.8110032,0.0021483898162841797
126955,normal,3123,1,1782360181.812865,0.0018618106842041016
126956,normal,2839,0,1782360181.8157382,0.0028731822967529297
126957,normal,1286,0,1782360181.8168526,0.0011143684387207031
126958,normal,2150,0,1782360181.8188283,0.0019757747650146484
126959,normal,809,2,1782360181.8208182,0.0019898414611816406
126960,normal,482,0,1782360181.8228164,0.0019981861114501953
126961,normal,1098,0,1782360181.8248103,0.001993894577026367
126962,normal,329,0,1782360181.826831,0.0020208358764648438
126963,normal,3017,0,1782360181.8288162,0.0019850730895996094
126964,normal,2967,0,1782360181.8308115,0.0019953250885009766
126965,normal,28,0,1782360181.8328037,0.0019922256469726562
126966,normal,1570,0,1782360181.834796,0.0019922256469726562
126967,normal,3638,0,1782360181.8368485,0.0020525455474853516
126968,normal,2124,0,1782360181.8388088,0.001960277557373047
126969,normal,2315,0,1782360181.8408027,0.001993894577026367
126970,normal,338,0,1782360181.8428051,0.0020024776458740234
126971,normal,2368,0,1782360181.8448598,0.0020546913146972656
126972,normal,1295,0,1782360181.8470087,0.002148866653442383
126973,normal,327,0,1782360181.848878,0.00186920166015625
126974,normal,341,0,1782360181.8510077,0.002129793167114258
126975,normal,1983,0,1782360181.8528543,0.0018465518951416016
126976,normal,1264,0,1782360181.8550112,0.002156972885131836
126977,normal,2422,0,1782360181.8568554,0.001844167709350586
126978,normal,1129,0,1782360181.8590028,0.0021474361419677734
126979,normal,1406,0,1782360181.8608837,0.0018808841705322266
126980,normal,3349,1,1782360181.8629172,0.0020334720611572266
126981,normal,3072,1,1782360181.8650074,0.0020902156829833984
126982,normal,2480,0,1782360181.8668988,0.0018913745880126953
126983,normal,3396,1,1782360181.868856,0.0019571781158447266
126984,normal,2295,0,1782360181.87104,0.002184152603149414
126985,normal,229,0,1782360181.8728874,0.0018472671508789062
126986,normal,3077,1,1782360181.8748527,0.0019652843475341797
126987,normal,1385,0,1782360181.8768868,0.0020341873168945312
126988,normal,1974,0,1782360181.87889,0.002003192901611328
126989,normal,2136,0,1782360181.880856,0.0019659996032714844
126990,normal,1797,0,1782360181.8830037,0.002147674560546875
126991,normal,882,2,1782360181.8848932,0.0018894672393798828
126992,normal,3536,0,1782360181.8868575,0.0019643306732177734
126993,normal,1437,0,1782360181.8890057,0.002148151397705078
126994,normal,3432,0,1782360181.890896,0.001890420913696289
126995,normal,2671,0,1782360181.892866,0.0019698143005371094
126996,normal,1634,0,1782360181.895008,0.002142190933227539
126997,normal,2461,0,1782360181.8968987,0.0018906593322753906
126998,normal,2530,0,1782360181.8988562,0.001957416534423828
126999,normal,1037,0,1782360181.9010096,0.0021533966064453125
127000,normal,1685,0,1782360181.9028993,0.0018897056579589844
127001,normal,3191,1,1782360181.9048622,0.001962900161743164
127002,normal,1654,0,1782360181.9070046,0.0021424293518066406
127003,normal,3560,0,1782360181.9089036,0.0018990039825439453
127004,normal,201,0,1782360181.9108977,0.0019941329956054688
127005,normal,3200,1,1782360181.9128556,0.0019578933715820312
127006,normal,2093,0,1782360181.9150572,0.002201557159423828
127007,normal,501,0,1782360181.9168606,0.0018033981323242188
127008,normal,2943,0,1782360181.9190025,0.0021419525146484375
127009,normal,2349,0,1782360181.9209082,0.001905679702758789
127010,normal,388,0,1782360181.9228632,0.0019550323486328125
127011,normal,3231,1,1782360181.9250112,0.0021479129791259766
127012,normal,720,0,1782360181.9269104,0.0018992424011230469
127013,normal,915,2,1782360181.92887,0.001959562301635742
127014,normal,3112,1,1782360181.9310052,0.0021352767944335938
127015,normal,620,0,1782360181.9329152,0.0019099712371826172
127016,normal,2418,0,1782360181.9348986,0.0019834041595458984
127017,normal,1879,0,1782360181.9368985,0.0019998550415039062
127018,normal,1426,0,1782360181.9389157,0.0020172595977783203
127019,normal,1056,0,1782360181.9409657,0.0020499229431152344
127020,normal,236,0,1782360181.9428616,0.001895904541015625
127021,normal,903,2,1782360181.944917,0.0020554065704345703
127022,normal,3623,0,1782360181.9469638,0.002046823501586914
127023,normal,3144,1,1782360181.9488547,0.0018908977508544922
127024,normal,3553,0,1782360181.95092,0.002065420150756836
127025,normal,2531,0,1782360181.9529576,0.002037525177001953
127026,normal,1853,0,1782360181.9548566,0.0018990039825439453
127027,normal,1188,0,1782360181.9569225,0.002065896987915039
127028,normal,2640,0,1782360181.958965,0.002042531967163086
127029,normal,2927,0,1782360181.960854,0.0018889904022216797
127030,normal,3525,0,1782360181.9629257,0.0020716190338134766
127031,normal,3470,0,1782360181.9649591,0.0020334720611572266
127032,normal,793,2,1782360181.966856,0.0018968582153320312
127033,normal,2908,0,1782360181.9689267,0.0020706653594970703
127034,normal,938,2,1782360181.9709613,0.0020346641540527344
127035,normal,1455,0,1782360181.972875,0.0019137859344482422
127036,normal,5,0,1782360181.9749243,0.0020492076873779297
127037,normal,385,0,1782360181.9769828,0.0020585060119628906
127038,normal,1209,0,1782360181.9788651,0.001882314682006836
127039,normal,1061,0,1782360181.9811103,0.002245187759399414
127040,normal,3006,0,1782360181.982868,0.0017576217651367188
127041,normal,1900,0,1782360181.9848573,0.0019893646240234375
127042,normal,989,2,1782360181.986936,0.0020787715911865234
127043,normal,2122,0,1782360181.9889672,0.002031087875366211
127044,normal,3199,1,1782360181.9908607,0.0018935203552246094
127045,normal,1657,0,1782360181.9929378,0.0020771026611328125
127046,normal,3269,1,1782360181.9949658,0.0020279884338378906
127047,normal,3481,0,1782360181.996855,0.0018892288208007812
127048,normal,1315,0,1782360181.9989402,0.0020852088928222656
127049,normal,2074,0,1782360182.000961,0.0020208358764648438
127050,normal,2813,0,1782360182.002857,0.001895904541015625
127051,normal,2804,0,1782360182.0049422,0.0020852088928222656
127052,normal,1143,0,1782360182.0069635,0.002021312713623047
127053,normal,3302,1,1782360182.0088575,0.0018939971923828125
127054,normal,1704,0,1782360182.0109453,0.002087831497192383
127055,normal,3513,0,1782360182.0129166,0.0019712448120117188
127056,normal,2434,0,1782360182.0150106,0.0020940303802490234
127057,normal,242,0,1782360182.0169475,0.0019369125366210938
127058,normal,1397,0,1782360182.0189695,0.0020220279693603516
127059,normal,542,0,1782360182.0208569,0.0018873214721679688
127060,normal,3174,1,1782360182.0229294,0.002072572708129883
127061,normal,340,0,1782360182.0249643,0.002034902572631836
127062,normal,2002,0,1782360182.026857,0.0018925666809082031
127063,normal,2280,0,1782360182.028857,0.002000093460083008
127064,normal,668,0,1782360182.0309641,0.0021071434020996094
127065,normal,3295,1,1782360182.0328557,0.0018916130065917969
127066,normal,1370,1,1782360182.0348577,0.0020020008087158203
127067,normal,247,0,1782360182.0369787,0.0021209716796875
127068,normal,497,0,1782360182.0388994,0.0019207000732421875
127069,normal,1287,0,1782360182.0408618,0.001962423324584961
127070,normal,3482,0,1782360182.0429654,0.002103567123413086
127071,normal,2038,0,1782360182.0448582,0.0018928050994873047
127072,normal,788,2,1782360182.0468621,0.002003908157348633
127073,normal,3133,1,1782360182.0489652,0.002103090286254883
127074,normal,655,0,1782360182.0508296,0.0018644332885742188
127075,normal,2296,0,1782360182.0528293,0.0019996166229248047
127076,normal,530,0,1782360182.054948,0.002118825912475586
127077,normal,1273,0,1782360182.056874,0.0019259452819824219
127078,normal,625,0,1782360182.058835,0.0019609928131103516
127079,normal,3618,0,1782360182.0608578,0.0020227432250976562
127080,normal,1214,0,1782360182.0629895,0.0021317005157470703
127081,normal,2427,0,1782360182.0648692,0.0018796920776367188
127082,normal,2216,0,1782360182.066962,0.0020928382873535156
127083,normal,755,0,1782360182.068826,0.0018639564514160156
127084,normal,2722,0,1782360182.0708268,0.0020008087158203125
127085,normal,1279,0,1782360182.0729492,0.0021224021911621094
127086,normal,1352,1,1782360182.0748272,0.0018780231475830078
127087,normal,694,0,1782360182.0768805,0.0020532608032226562
127088,normal,2793,0,1782360182.078904,0.002023458480834961
127089,normal,778,2,1782360182.0808575,0.001953601837158203
127090,normal,401,0,1782360182.0828266,0.0019690990447998047
127091,normal,1166,0,1782360182.084868,0.002041339874267578
127092,normal,2406,0,1782360182.0868587,0.001990795135498047
127093,normal,2184,0,1782360182.0888221,0.001963376998901367
127094,normal,116,0,1782360182.090856,0.0020339488983154297
127095,normal,1172,0,1782360182.0928574,0.0020012855529785156
127096,normal,737,0,1782360182.0948248,0.0019674301147460938
127097,normal,3376,1,1782360182.0968614,0.002036571502685547
127098,normal,2673,0,1782360182.098856,0.001994609832763672
127099,normal,777,2,1782360182.1008377,0.0019817352294921875
127100,normal,1341,1,1782360182.102862,0.0020241737365722656
127101,normal,3024,0,1782360182.1048636,0.0020017623901367188
127102,normal,3372,1,1782360182.1068256,0.001961946487426758
127103,normal,2752,0,1782360182.1088629,0.0020372867584228516
127104,normal,1070,0,1782360182.1108587,0.0019958019256591797
127105,normal,2585,0,1782360182.112828,0.0019693374633789062
127106,normal,2636,0,1782360182.1148543,0.0020263195037841797
127107,normal,2976,0,1782360182.1168563,0.0020020008087158203
127108,normal,3626,0,1782360182.118826,0.001969575881958008
127109,normal,1796,0,1782360182.1208577,0.0020318031311035156
127110,normal,1238,0,1782360182.1228592,0.002001523971557617
127111,normal,396,0,1782360182.1248214,0.0019621849060058594
127112,normal,840,2,1782360182.1268604,0.0020389556884765625
127113,normal,119,0,1782360182.1288552,0.0019948482513427734
127114,normal,479,0,1782360182.1308267,0.0019714832305908203
127115,normal,2590,0,1782360182.132938,0.002111196517944336
127116,normal,896,2,1782360182.1348329,0.0018949508666992188
127117,normal,1399,0,1782360182.136827,0.0019941329956054688
127118,normal,3627,0,1782360182.138861,0.0020339488983154297
127119,normal,3444,0,1782360182.140857,0.0019960403442382812
127120,normal,2940,0,1782360182.1428225,0.0019655227661132812
127121,normal,2499,0,1782360182.1448553,0.002032756805419922
127122,normal,198,0,1782360182.1468558,0.002000570297241211
127123,normal,1942,0,1782360182.1488237,0.001967906951904297
127124,normal,759,0,1782360182.1508572,0.0020334720611572266
127125,normal,1469,0,1782360182.1528556,0.001998424530029297
127126,normal,834,2,1782360182.1548262,0.001970529556274414
127127,normal,569,0,1782360182.156858,0.0020318031311035156
127128,normal,2104,0,1782360182.158857,0.0019991397857666016
127129,normal,3321,1,1782360182.160823,0.0019659996032714844
127130,normal,95,0,1782360182.1628563,0.002033233642578125
127131,normal,1769,0,1782360182.1648583,0.0020020008087158203
127132,normal,2030,0,1782360182.1668236,0.0019652843475341797
127133,normal,545,0,1782360182.168857,0.0020334720611572266
127134,normal,1490,0,1782360182.1708705,0.0020134449005126953
127135,normal,2582,0,1782360182.1728241,0.001953601837158203
127136,normal,2190,0,1782360182.1748667,0.002042531967163086
127137,normal,2163,0,1782360182.1768556,0.0019888877868652344
127138,normal,1403,0,1782360182.178829,0.001973390579223633
127139,normal,1615,0,1782360182.1808352,0.0020062923431396484
127140,normal,923,2,1782360182.1828687,0.0020334720611572266
127141,normal,2006,0,1782360182.184825,0.0019562244415283203
127142,normal,1457,0,1782360182.1868575,0.0020325183868408203
127143,normal,121,0,1782360182.188857,0.0019996166229248047
127144,normal,2662,0,1782360182.1908276,0.001970529556274414
127145,normal,3212,1,1782360182.1928566,0.002028942108154297
127146,normal,1666,0,1782360182.1948597,0.002003192901611328
127147,normal,779,2,1782360182.1968246,0.0019648075103759766
127148,normal,2757,0,1782360182.1988559,0.0020313262939453125
127149,normal,36,0,1782360182.2008572,0.0020012855529785156
127150,normal,1173,0,1782360182.202825,0.001967906951904297
127151,normal,1594,0,1782360182.204858,0.0020329952239990234
127152,normal,3147,1,1782360182.2068572,0.0019991397857666016
127153,normal,2568,0,1782360182.2088268,0.001969575881958008
127154,normal,15,0,1782360182.210855,0.002028226852416992
127155,normal,963,2,1782360182.2128627,0.002007722854614258
127156,normal,2498,0,1782360182.2148247,0.001961946487426758
127157,normal,3464,0,1782360182.2168565,0.0020318031311035156
127158,normal,1803,0,1782360182.2188568,0.0020003318786621094
127159,normal,3105,1,1782360182.2208228,0.0019659996032714844
127160,normal,3234,1,1782360182.222858,0.0020351409912109375
127161,normal,3469,0,1782360182.2248566,0.0019986629486083984
127162,normal,3169,1,1782360182.2268245,0.001967906951904297
127163,normal,1497,0,1782360182.2288768,0.00205230712890625
127164,normal,3312,1,1782360182.2308562,0.001979351043701172
127165,normal,2914,0,1782360182.2328367,0.0019805431365966797
127166,normal,1906,0,1782360182.2348557,0.0020189285278320312
127167,normal,2381,0,1782360182.2368355,0.001979827880859375
127168,normal,2303,0,1782360182.2388253,0.0019898414611816406
127169,normal,384,0,1782360182.2408233,0.0019979476928710938
127170,normal,2277,0,1782360182.2428062,0.0019829273223876953
127171,normal,149,0,1782360182.2448602,0.002053976058959961
127172,normal,2741,0,1782360182.247013,0.0021529197692871094
127173,normal,2620,0,1782360182.248855,0.0018420219421386719
127174,normal,902,2,1782360182.25112,0.0022649765014648438
127175,normal,109,0,1782360182.2528663,0.0017461776733398438
127176,normal,1262,0,1782360182.2550042,0.002137899398803711
127177,normal,3537,0,1782360182.2569478,0.0019435882568359375
127178,normal,962,2,1782360182.259012,0.002064228057861328
127179,normal,2650,0,1782360182.2608554,0.0018434524536132812
127180,normal,449,0,1782360182.2630415,0.0021860599517822266
127181,normal,976,2,1782360182.2648547,0.0018131732940673828
127182,normal,2080,0,1782360182.2670043,0.0021495819091796875
127183,normal,1868,0,1782360182.2688556,0.0018513202667236328
127184,normal,548,0,1782360182.2710068,0.0021512508392333984
127185,normal,2029,0,1782360182.2728527,0.0018458366394042969
127186,normal,3547,0,1782360182.2750099,0.0021572113037109375
127187,normal,1139,0,1782360182.2768564,0.0018465518951416016
127188,normal,2229,0,1782360182.278975,0.0021185874938964844
127189,normal,1641,0,1782360182.2808595,0.00188446044921875
127190,normal,1198,0,1782360182.2830102,0.0021507740020751953
127191,normal,2705,0,1782360182.2848542,0.0018439292907714844
127192,normal,630,0,1782360182.2870123,0.0021581649780273438
127193,normal,848,2,1782360182.2888548,0.001842498779296875
127194,normal,1744,0,1782360182.291009,0.002154111862182617
127195,normal,2996,0,1782360182.292865,0.001856088638305664
127196,normal,2546,0,1782360182.2950091,0.0021440982818603516
127197,normal,484,0,1782360182.2968566,0.0018475055694580078
127198,normal,3535,0,1782360182.2990198,0.0021631717681884766
127199,normal,3506,0,1782360182.3008544,0.0018346309661865234
127200,normal,2348,0,1782360182.3030088,0.0021543502807617188
127201,normal,3690,0,1782360182.3048697,0.0018608570098876953
127202,normal,2279,0,1782360182.3070083,0.0021386146545410156
127203,normal,1434,0,1782360182.3088627,0.0018544197082519531
127204,normal,1776,0,1782360182.311024,0.002161264419555664
127205,normal,2776,0,1782360182.3128662,0.0018422603607177734
127206,normal,2528,0,1782360182.3150046,0.002138376235961914
127207,normal,992,2,1782360182.3168743,0.0018696784973144531
127208,normal,3454,0,1782360182.319009,0.0021347999572753906
127209,normal,856,2,1782360182.3208535,0.0018444061279296875
127210,normal,3401,1,1782360182.3230295,0.002176046371459961
127211,normal,3176,1,1782360182.3248627,0.001833200454711914
127212,normal,1917,0,1782360182.3270104,0.002147674560546875
127213,normal,3542,0,1782360182.3288805,0.0018701553344726562
127214,normal,2154,0,1782360182.3310137,0.0021331310272216797
127215,normal,2469,0,1782360182.3328543,0.0018405914306640625
127216,normal,3367,1,1782360182.3350313,0.002177000045776367
127217,normal,3674,0,1782360182.336857,0.0018258094787597656
127218,normal,2573,0,1782360182.3390067,0.0021495819091796875
127219,normal,2708,0,1782360182.3408854,0.0018787384033203125
127220,normal,467,0,1782360182.3430116,0.0021262168884277344
127221,normal,511,0,1782360182.344857,0.0018453598022460938
127222,normal,2899,0,1782360182.347038,0.0021810531616210938
127223,normal,2342,0,1782360182.3490417,0.0020036697387695312
127224,normal,2739,0,1782360182.3508615,0.0018198490142822266
127225,normal,1388,0,1782360182.3530383,0.0021767616271972656
127226,normal,1764,0,1782360182.354859,0.0018208026885986328
127227,normal,114,0,1782360182.3570085,0.002149343490600586
127228,normal,170,0,1782360182.358892,0.0018835067749023438
127229,normal,233,0,1782360182.3610137,0.0021216869354248047
127230,normal,3431,0,1782360182.3630188,0.0020051002502441406
127231,normal,3607,0,1782360182.3650177,0.0019989013671875
127232,normal,84,0,1782360182.3674264,0.002408742904663086
127233,normal,899,2,1782360182.3691406,0.0017142295837402344
127234,normal,904,2,1782360182.3711884,0.0020477771759033203
127235,normal,1817,0,1782360182.3728707,0.001682281494140625
127236,normal,468,0,1782360182.3750124,0.002141714096069336
127237,normal,709,0,1782360182.3768578,0.0018453598022460938
127238,normal,1380,1,1782360182.3788698,0.002012014389038086
127239,normal,948,2,1782360182.3808763,0.00200653076171875
127240,normal,1196,0,1782360182.382865,0.001988649368286133
127241,normal,2942,0,1782360182.3849769,0.0021119117736816406
127242,normal,1613,0,1782360182.3869348,0.0019578933715820312
127243,normal,615,0,1782360182.389015,0.002080202102661133
127244,normal,692,0,1782360182.3911116,0.0020966529846191406
127245,normal,1123,0,1782360182.3930016,0.001889944076538086
127246,normal,211,0,1782360182.394934,0.001932382583618164
127247,normal,2156,0,1782360182.3969648,0.0020308494567871094
127248,normal,1851,0,1782360182.398964,0.0019991397857666016
127249,normal,3220,1,1782360182.4012067,0.0022428035736083984
127250,normal,2525,0,1782360182.4030628,0.001856088638305664
127251,normal,524,0,1782360182.4049754,0.0019125938415527344
127252,normal,1463,0,1782360182.4069839,0.0020084381103515625
127253,normal,3018,0,1782360182.409046,0.002062082290649414
127254,normal,187,0,1782360182.4109857,0.0019397735595703125
127255,normal,1206,0,1782360182.4130921,0.0021064281463623047
127256,normal,941,2,1782360182.4150255,0.0019333362579345703
127257,normal,3180,1,1782360182.4169815,0.0019559860229492188
127258,normal,2578,0,1782360182.4190843,0.0021028518676757812
127259,normal,1806,0,1782360182.421006,0.0019216537475585938
127260,normal,3435,0,1782360182.4231367,0.002130746841430664
127261,normal,3325,1,1782360182.4251528,0.0020160675048828125
127262,normal,1562,0,1782360182.4272377,0.002084970474243164
127263,normal,273,0,1782360182.4290423,0.0018045902252197266
127264,normal,1167,0,1782360182.4310899,0.0020475387573242188
127265,normal,153,0,1782360182.4330127,0.0019228458404541016
127266,normal,1246,0,1782360182.4349992,0.0019865036010742188
127267,normal,1125,0,1782360182.4371412,0.0021419525146484375
127268,normal,2240,0,1782360182.4391036,0.001962423324584961
127269,normal,1337,1,1782360182.4409838,0.0018801689147949219
127270,normal,2096,0,1782360182.4430811,0.0020973682403564453
127271,normal,1410,0,1782360182.4450805,0.001999378204345703
127272,normal,2421,0,1782360182.4470282,0.001947641372680664
127273,normal,2175,0,1782360182.4491582,0.0021300315856933594
127274,normal,51,0,1782360182.4508846,0.001726388931274414
127275,normal,3185,1,1782360182.453091,0.0022063255310058594
127276,normal,1516,0,1782360182.4549758,0.0018849372863769531
127277,normal,3577,0,1782360182.4570901,0.0021142959594726562
127278,normal,2785,0,1782360182.458995,0.0019049644470214844
127279,normal,596,0,1782360182.4610796,0.002084493637084961
127280,normal,4,0,1782360182.463025,0.00194549560546875
127281,normal,1628,0,1782360182.4650462,0.0020210742950439453
127282,normal,2947,0,1782360182.4670904,0.002044200897216797
127283,normal,1838,0,1782360182.4690232,0.0019328594207763672
127284,normal,2566,0,1782360182.4708798,0.0018565654754638672
127285,normal,1825,0,1782360182.4729872,0.002107381820678711
127286,normal,1119,0,1782360182.4751282,0.0021409988403320312
127287,normal,71,0,1782360182.477029,0.0019009113311767578
127288,normal,2357,0,1782360182.4791365,0.002107381820678711
127289,normal,221,0,1782360182.4811578,0.002021312713623047
127290,normal,3348,1,1782360182.4829934,0.0018355846405029297
127291,normal,3016,0,1782360182.4851098,0.0021164417266845703
127292,normal,131,0,1782360182.487089,0.0019791126251220703
127293,normal,2612,0,1782360182.488974,0.0018851757049560547
127294,normal,3222,1,1782360182.4910405,0.002066373825073242
127295,normal,1703,0,1782360182.493048,0.0020074844360351562
127296,normal,3195,1,1782360182.494953,0.0019049644470214844
127297,normal,1028,2,1782360182.4972308,0.002277851104736328
127298,normal,1798,0,1782360182.4989827,0.0017518997192382812
127299,normal,3000,0,1782360182.501039,0.0020563602447509766
127300,normal,3080,1,1782360182.503109,0.0020699501037597656
127301,normal,646,0,1782360182.5050616,0.0019526481628417969
127302,normal,3692,0,1782360182.5070379,0.0019762516021728516
127303,normal,1460,0,1782360182.5092025,0.002164602279663086
127304,normal,1986,0,1782360182.51111,0.0019075870513916016
127305,normal,2121,0,1782360182.5129397,0.0018296241760253906
127306,normal,1717,0,1782360182.5150259,0.002086162567138672
127307,normal,418,0,1782360182.516998,0.001972198486328125
127308,normal,1322,1,1782360182.5189724,0.001974344253540039
127309,normal,3272,1,1782360182.5210497,0.002077341079711914
127310,normal,1761,0,1782360182.523014,0.0019643306732177734
127311,normal,1291,0,1782360182.5249438,0.0019297599792480469
127312,normal,1586,0,1782360182.5270224,0.002078533172607422
127313,normal,3117,1,1782360182.5294244,0.002402067184448242
127314,normal,1647,0,1782360182.5311816,0.0017571449279785156
127315,normal,2192,0,1782360182.5330458,0.0018641948699951172
127316,normal,1962,0,1782360182.5351546,0.0021088123321533203
127317,normal,1413,0,1782360182.536947,0.0017924308776855469
127318,normal,368,0,1782360182.539048,0.0021009445190429688
127319,normal,1622,0,1782360182.5411432,0.0020952224731445312
127320,normal,1695,0,1782360182.543083,0.0019397735595703125
127321,normal,2716,0,1782360182.5449467,0.001863718032836914
127322,normal,1433,0,1782360182.5470421,0.002095460891723633
127323,normal,2153,0,1782360182.5489707,0.001928567886352539
127324,normal,2110,0,1782360182.551053,0.002082347869873047
127325,normal,2935,0,1782360182.5531156,0.002062559127807617
127326,normal,2869,0,1782360182.5550206,0.0019049644470214844
127327,normal,3131,1,1782360182.557093,0.0020723342895507812
127328,normal,2037,0,1782360182.5589678,0.0018749237060546875
127329,normal,1549,0,1782360182.561035,0.002067089080810547
127330,normal,52,0,1782360182.56315,0.002115011215209961
127331,normal,2242,0,1782360182.565033,0.0018830299377441406
127332,normal,2609,0,1782360182.5672581,0.002225160598754883
127333,normal,439,0,1782360182.569135,0.0018768310546875
127334,normal,2948,0,1782360182.5709105,0.001775503158569336
127335,normal,2742,0,1782360182.5731664,0.0022559165954589844
127336,normal,664,0,1782360182.575298,0.0021317005157470703
127337,normal,3243,1,1782360182.5769951,0.0016970634460449219
127338,normal,2431,0,1782360182.5789342,0.0019390583038330078
127339,normal,3706,0,1782360182.580955,0.0020208358764648438
127340,normal,2610,0,1782360182.5828674,0.0019123554229736328
127341,normal,3665,0,1782360182.5849667,0.002099275588989258
127342,normal,3356,1,1782360182.5869453,0.001978635787963867
127343,normal,2712,0,1782360182.5888474,0.0019021034240722656
127344,normal,2539,0,1782360182.5909958,0.0021483898162841797
127345,normal,849,2,1782360182.5928745,0.0018787384033203125
127346,normal,2958,0,1782360182.5950305,0.0021560192108154297
127347,normal,3578,0,1782360182.5969296,0.0018990039825439453
127348,normal,1944,0,1782360182.598977,0.0020475387573242188
127349,normal,3074,1,1782360182.6009057,0.001928567886352539
127350,normal,2543,0,1782360182.6030052,0.0020995140075683594
127351,normal,1199,0,1782360182.604914,0.0019087791442871094
127352,normal,1501,0,1782360182.6070461,0.0021321773529052734
127353,normal,2364,0,1782360182.6088462,0.0018000602722167969
127354,normal,968,2,1782360182.6109622,0.002115964889526367
127355,normal,594,0,1782360182.6129708,0.002008676528930664
127356,normal,2689,0,1782360182.6148877,0.0019168853759765625
127357,normal,1743,0,1782360182.6170475,0.0021598339080810547
127358,normal,1011,2,1782360182.6190434,0.0019958019256591797
127359,normal,154,0,1782360182.6209676,0.001924276351928711
127360,normal,662,0,1782360182.6230536,0.0020859241485595703
127361,normal,2386,0,1782360182.6250887,0.0020351409912109375
127362,normal,2906,0,1782360182.6269455,0.0018568038940429688
127363,normal,217,0,1782360182.6290326,0.002087116241455078
127364,normal,2668,0,1782360182.6309795,0.0019469261169433594
127365,normal,1668,0,1782360182.6330264,0.002046823501586914
127366,normal,3259,1,1782360182.6349337,0.0019073486328125
127367,normal,2728,0,1782360182.6370761,0.0021424293518066406
127368,normal,2452,0,1782360182.6389937,0.0019176006317138672
127369,normal,1533,0,1782360182.64102,0.0020263195037841797
127370,normal,914,2,1782360182.6431043,0.0020842552185058594
127371,normal,3532,0,1782360182.6449523,0.001847982406616211
127372,normal,2109,0,1782360182.6470466,0.002094268798828125
127373,normal,1921,0,1782360182.6490526,0.002006053924560547
127374,normal,1036,0,1782360182.6509392,0.001886606216430664
127375,normal,261,0,1782360182.6530259,0.002086639404296875
127376,normal,3044,0,1782360182.6550117,0.001985788345336914
127377,normal,1446,0,1782360182.6569912,0.0019795894622802734
127378,normal,2347,0,1782360182.659107,0.0021157264709472656
127379,normal,3345,1,1782360182.6610787,0.001971721649169922
127380,normal,3087,1,1782360182.663036,0.001957416534423828
127381,normal,326,0,1782360182.6650934,0.002057313919067383
127382,normal,2319,0,1782360182.667099,0.0020055770874023438
127383,normal,1714,0,1782360182.6691172,0.0020182132720947266
127384,normal,2903,0,1782360182.6710944,0.001977205276489258
127385,normal,2309,0,1782360182.672861,0.0017666816711425781
127386,normal,3098,1,1782360182.6750162,0.0021550655364990234
127387,normal,3631,0,1782360182.676936,0.0019197463989257812
127388,normal,1836,0,1782360182.679031,0.0020949840545654297
127389,normal,999,2,1782360182.6809638,0.0019328594207763672
127390,normal,1529,0,1782360182.682923,0.0019593238830566406
127391,normal,438,0,1782360182.6849353,0.0020122528076171875
127392,normal,3520,0,1782360182.687018,0.0020825862884521484
127393,normal,1150,0,1782360182.6890864,0.0020685195922851562
127394,normal,1301,0,1782360182.6910133,0.0019268989562988281
127395,normal,1584,0,1782360182.6930134,0.002000093460083008
127396,normal,1965,0,1782360182.6950107,0.001997232437133789
127397,normal,538,0,1782360182.6970074,0.001996755599975586
127398,normal,3241,1,1782360182.6989465,0.0019390583038330078
127399,normal,1552,0,1782360182.7009547,0.002008199691772461
127400,normal,3533,0,1782360182.7030373,0.0020825862884521484
127401,normal,537,0,1782360182.7051399,0.0021026134490966797
127402,normal,1026,2,1782360182.706939,0.0017991065979003906
127403,normal,919,2,1782360182.708955,0.0020160675048828125
127404,normal,148,0,1782360182.7110336,0.002078533172607422
127405,normal,3154,1,1782360182.7129567,0.0019230842590332031
127406,normal,2107,0,1782360182.7149658,0.002009153366088867
127407,normal,621,0,1782360182.7170365,0.0020706653594970703
127408,normal,1193,0,1782360182.7189674,0.0019309520721435547
127409,normal,3284,1,1782360182.7209866,0.002019166946411133
127410,normal,113,0,1782360182.7230265,0.0020399093627929688
127411,normal,3614,0,1782360182.7249982,0.001971721649169922
127412,normal,3314,1,1782360182.7271214,0.002123117446899414
127413,normal,838,2,1782360182.7289543,0.0018329620361328125
127414,normal,663,0,1782360182.7311623,0.0022079944610595703
127415,normal,143,0,1782360182.733179,0.002016782760620117
127416,normal,1600,0,1782360182.7348907,0.0017116069793701172
127417,normal,712,0,1782360182.737021,0.002130270004272461
127418,normal,723,0,1782360182.7390268,0.0020058155059814453
127419,normal,1435,0,1782360182.740997,0.0019702911376953125
127420,normal,2181,0,1782360182.7431304,0.0021333694458007812
127421,normal,3563,0,1782360182.7451608,0.0020303726196289062
127422,normal,3490,0,1782360182.7470064,0.0018455982208251953
127423,normal,678,0,1782360182.7490451,0.002038717269897461
127424,normal,2555,0,1782360182.751031,0.001985788345336914
127425,normal,1400,0,1782360182.753204,0.002173185348510742
127426,normal,47,0,1782360182.755497,0.0022928714752197266
127427,normal,2084,0,1782360182.757055,0.001558065414428711
127428,normal,686,0,1782360182.7590902,0.0020351409912109375
127429,normal,2605,0,1782360182.761013,0.0019228458404541016
127430,normal,0,0,1782360182.763121,0.002107858657836914
127431,normal,1014,2,1782360182.765027,0.0019061565399169922
127432,normal,640,0,1782360182.767499,0.002471923828125
127433,normal,532,0,1782360182.7689438,0.0014448165893554688
127434,normal,1672,0,1782360182.771044,0.002100229263305664
127435,normal,1849,0,1782360182.77297,0.0019259452819824219
127436,normal,2091,0,1782360182.7750459,0.0020759105682373047
127437,normal,2199,0,1782360182.7769582,0.0019123554229736328
127438,normal,235,0,1782360182.7790391,0.0020809173583984375
127439,normal,3052,1,1782360182.781028,0.0019888877868652344
127440,normal,1779,0,1782360182.7829604,0.001932382583618164
127441,normal,39,0,1782360182.7850852,0.002124786376953125
127442,normal,1523,0,1782360182.7870593,0.0019741058349609375
127443,normal,863,2,1782360182.7889433,0.0018839836120605469
127444,normal,3646,0,1782360182.7910264,0.0020830631256103516
127445,normal,1894,0,1782360182.7930133,0.001986980438232422
127446,normal,2152,0,1782360182.79494,0.0019266605377197266
127447,normal,1762,0,1782360182.797025,0.002084970474243164
127448,normal,683,0,1782360182.7990797,0.0020546913146972656
127449,normal,2009,0,1782360182.8009942,0.0019145011901855469
127450,normal,1663,0,1782360182.803137,0.0021429061889648438
127451,normal,213,0,1782360182.805052,0.00191497802734375
127452,normal,2765,0,1782360182.806964,0.0019118785858154297
127453,normal,823,2,1782360182.809042,0.0020780563354492188
127454,normal,1334,1,1782360182.810987,0.0019450187683105469
127455,normal,352,0,1782360182.8129408,0.0019538402557373047
127456,normal,2848,0,1782360182.8150198,0.002079010009765625
127457,normal,1369,1,1782360182.817004,0.001984119415283203
127458,normal,1470,0,1782360182.8190136,0.0020096302032470703
127459,normal,3531,0,1782360182.8211384,0.002124786376953125
127460,normal,3624,0,1782360182.8231816,0.0020432472229003906
127461,normal,2791,0,1782360182.8252132,0.002031564712524414
127462,normal,2864,0,1782360182.8269908,0.00177764892578125
127463,normal,3113,1,1782360182.8290975,0.0021066665649414062
127464,normal,3108,1,1782360182.8310905,0.001992940902709961
127465,normal,946,2,1782360182.8330374,0.0019469261169433594
127466,normal,78,0,1782360182.8350186,0.0019812583923339844
127467,normal,2826,0,1782360182.8369358,0.001917123794555664
127468,normal,614,0,1782360182.8389406,0.002004861831665039
127469,normal,3556,0,1782360182.8410516,0.0021109580993652344
127470,normal,1449,0,1782360182.8429735,0.0019218921661376953
127471,normal,666,0,1782360182.8450158,0.0020422935485839844
127472,normal,2238,0,1782360182.8469772,0.0019614696502685547
127473,normal,3288,1,1782360182.8490193,0.002042055130004883
127474,normal,2557,0,1782360182.8509493,0.0019299983978271484
127475,normal,474,0,1782360182.8534517,0.00250244140625
127476,normal,1620,0,1782360182.8549418,0.0014901161193847656
127477,normal,3226,1,1782360182.8570316,0.0020897388458251953
127478,normal,761,0,1782360182.8589745,0.0019428730010986328
127479,normal,274,0,1782360182.8610272,0.002052783966064453
127480,normal,871,2,1782360182.8629775,0.0019502639770507812
127481,normal,181,0,1782360182.8652263,0.0022487640380859375
127482,normal,2970,0,1782360182.866858,0.0016317367553710938
127483,normal,3139,1,1782360182.8690248,0.002166748046875
127484,normal,3635,0,1782360182.8710124,0.0019876956939697266
127485,normal,3070,1,1782360182.8729615,0.0019490718841552734
127486,normal,3427,0,1782360182.8750448,0.002083301544189453
127487,normal,2021,0,1782360182.8772635,0.0022187232971191406
127488,normal,2088,0,1782360182.8789747,0.001711130142211914
127489,normal,227,0,1782360182.8811302,0.0021555423736572266
127490,normal,1631,0,1782360182.8831296,0.001999378204345703
127491,normal,1474,0,1782360182.8866973,0.0035676956176757812
127492,normal,1783,0,1782360182.887135,0.00043773651123046875
127493,normal,1195,0,1782360182.889134,0.0019989013671875
127494,normal,512,0,1782360182.8909998,0.0018658638000488281
127495,normal,2042,0,1782360182.8932486,0.0022487640380859375
127496,normal,1887,0,1782360182.89546,0.002211332321166992
127497,normal,3651,0,1782360182.8969216,0.0014617443084716797
127498,normal,163,0,1782360182.8990219,0.002100229263305664
127499,normal,3281,1,1782360182.9009807,0.0019588470458984375
127500,normal,2912,0,1782360182.9030254,0.002044677734375
127501,normal,2505,0,1782360182.9049537,0.0019283294677734375
127502,normal,2807,0,1782360182.907051,0.0020973682403564453
127503,normal,3460,0,1782360182.9089508,0.00189971923828125
127504,normal,151,0,1782360182.9110382,0.0020873546600341797
127505,normal,3617,0,1782360182.9130213,0.001983165740966797
127506,normal,2983,0,1782360182.9149976,0.0019762516021728516
127507,normal,194,0,1782360182.9171147,0.002117156982421875
127508,normal,283,0,1782360182.9191158,0.002001047134399414
127509,normal,1091,0,1782360182.9209483,0.0018324851989746094
127510,normal,2593,0,1782360182.923076,0.0021276473999023438
127511,normal,2888,0,1782360182.9251137,0.0020377635955810547
127512,normal,1040,0,1782360182.927024,0.0019102096557617188
127513,normal,1464,0,1782360182.9291105,0.002086639404296875
127514,normal,671,0,1782360182.9309812,0.0018706321716308594
127515,normal,2781,0,1782360182.9330406,0.002059459686279297
127516,normal,3426,0,1782360182.9349525,0.0019118785858154297
127517,normal,949,2,1782360182.937053,0.0021004676818847656
127518,normal,749,0,1782360182.9389489,0.001895904541015625
127519,normal,2483,0,1782360182.9410584,0.002109527587890625
127520,normal,2071,0,1782360182.9430017,0.001943349838256836
127521,normal,822,2,1782360182.9449713,0.001969575881958008
127522,normal,2257,0,1782360182.947119,0.002147674560546875
127523,normal,2567,0,1782360182.9490259,0.0019068717956542969
127524,normal,3015,0,1782360182.9509192,0.0018932819366455078
127525,normal,2219,0,1782360182.9529648,0.0020456314086914062
127526,normal,1211,0,1782360182.9548838,0.0019190311431884766
127527,normal,1096,0,1782360182.9570248,0.0021409988403320312
127528,normal,309,0,1782360182.9589703,0.00194549560546875
127529,normal,3240,1,1782360182.9611046,0.0021343231201171875
127530,normal,2815,0,1782360182.9630823,0.001977682113647461
127531,normal,448,0,1782360182.964969,0.001886606216430664
127532,normal,884,2,1782360182.96705,0.002081155776977539
127533,normal,705,0,1782360182.968993,0.0019428730010986328
127534,normal,3306,1,1782360182.9710188,0.0020258426666259766
127535,normal,1928,0,1782360182.9729888,0.001970052719116211
127536,normal,954,2,1782360182.9749281,0.0019392967224121094
127537,normal,1276,0,1782360182.9771028,0.0021746158599853516
127538,normal,3529,0,1782360182.97908,0.001977205276489258
127539,normal,3418,0,1782360182.9810023,0.0019223690032958984
127540,normal,708,0,1782360182.9831595,0.0021572113037109375
127541,normal,3352,1,1782360182.9851847,0.002025127410888672
127542,normal,1187,0,1782360182.9870138,0.0018291473388671875
127543,normal,300,0,1782360182.9890037,0.0019898414611816406
127544,normal,2194,0,1782360182.9911742,0.002170562744140625
127545,normal,2823,0,1782360182.9931736,0.001999378204345703
127546,normal,2641,0,1782360182.994963,0.0017893314361572266
127547,normal,2484,0,1782360182.997022,0.0020589828491210938
127548,normal,1560,0,1782360182.9989295,0.0019075870513916016
127549,normal,1077,0,1782360183.0010197,0.0020902156829833984
127550,normal,2433,0,1782360183.0031264,0.0021066665649414062
127551,normal,3141,1,1782360183.004922,0.0017955303192138672
127552,normal,3059,1,1782360183.0070093,0.0020873546600341797
127553,normal,1845,0,1782360183.0089746,0.0019652843475341797
127554,normal,2065,0,1782360183.0112906,0.002315998077392578
127555,normal,2241,0,1782360183.0131478,0.0018572807312011719
127556,normal,1422,0,1782360183.014979,0.0018310546875
127557,normal,1390,0,1782360183.018105,0.0031261444091796875
127558,normal,977,2,1782360183.019009,0.000904083251953125
127559,normal,811,2,1782360183.0208533,0.001844167709350586
127560,normal,2980,0,1782360183.0229514,0.00209808349609375
127561,normal,1603,0,1782360183.0249608,0.0020093917846679688
127562,normal,276,0,1782360183.0268478,0.0018870830535888672
127563,normal,1576,0,1782360183.02927,0.0024220943450927734
127564,normal,2778,0,1782360183.03099,0.0017199516296386719
127565,normal,311,0,1782360183.033053,0.0020630359649658203
127566,normal,2644,0,1782360183.0349479,0.0018949508666992188
127567,normal,1425,0,1782360183.0370843,0.0021364688873291016
127568,normal,371,0,1782360183.0389223,0.0018379688262939453
127569,normal,3155,1,1782360183.0410507,0.0021283626556396484
127570,normal,1573,0,1782360183.043,0.001949310302734375
127571,normal,172,0,1782360183.0451064,0.0021064281463623047
127572,normal,637,0,1782360183.0469677,0.0018613338470458984
127573,normal,1881,0,1782360183.0492914,0.002323627471923828
127574,normal,3148,1,1782360183.0516076,0.0023162364959716797
127575,normal,2584,0,1782360183.0530756,0.0014679431915283203
127576,normal,2854,0,1782360183.0549417,0.0018661022186279297
127577,normal,346,0,1782360183.057197,0.0022554397583007812
127578,normal,3498,0,1782360183.059139,0.0019419193267822266
127579,normal,1175,0,1782360183.061127,0.001987934112548828
127580,normal,1105,0,1782360183.0630763,0.001949310302734375
127581,normal,1758,0,1782360183.0651782,0.002101898193359375
127582,normal,1530,0,1782360183.066959,0.0017807483673095703
127583,normal,3216,1,1782360183.0689657,0.0020067691802978516
127584,normal,199,0,1782360183.071043,0.002077341079711914
127585,normal,1450,0,1782360183.0729659,0.0019228458404541016
127586,normal,2476,0,1782360183.0749838,0.002017974853515625
127587,normal,2667,0,1782360183.0770597,0.0020759105682373047
127588,normal,2834,0,1782360183.0789514,0.0018916130065917969
127589,normal,1304,0,1782360183.0809858,0.002034425735473633
127590,normal,3684,0,1782360183.0830922,0.0021064281463623047
127591,normal,324,0,1782360183.085012,0.0019197463989257812
127592,normal,1226,0,1782360183.0871327,0.0021207332611083984
127593,normal,3307,1,1782360183.088986,0.0018532276153564453
127594,normal,2517,0,1782360183.091048,0.002062082290649414
127595,normal,553,0,1782360183.0930517,0.0020036697387695312
127596,normal,3047,1,1782360183.095016,0.0019643306732177734
127597,normal,3597,0,1782360183.0971415,0.0021255016326904297
127598,normal,2652,0,1782360183.099002,0.0018603801727294922
127599,normal,2129,0,1782360183.1009476,0.0019457340240478516
127600,normal,424,0,1782360183.1030436,0.002095937728881836
127601,normal,843,2,1782360183.104999,0.0019555091857910156
127602,normal,3151,1,1782360183.106952,0.0019528865814208984
127603,normal,562,0,1782360183.1090987,0.0021467208862304688
127604,normal,1308,0,1782360183.110892,0.0017933845520019531
127605,normal,1687,0,1782360183.1128569,0.0019648075103759766
127606,normal,1,0,1782360183.115123,0.0022661685943603516
127607,normal,1165,0,1782360183.1168766,0.0017535686492919922
127608,normal,3301,1,1782360183.1190395,0.002162933349609375
127609,normal,905,2,1782360183.1209412,0.0019016265869140625
127610,normal,134,0,1782360183.12303,0.002088785171508789
127611,normal,3,0,1782360183.1249397,0.0019097328186035156
127612,normal,2139,0,1782360183.1270504,0.002110719680786133
127613,normal,3700,0,1782360183.1290917,0.002041339874267578
127614,normal,3170,1,1782360183.1310012,0.001909494400024414
127615,normal,1511,0,1782360183.1331182,0.0021169185638427734
127616,normal,152,0,1782360183.1350143,0.0018961429595947266
127617,normal,3041,0,1782360183.1369524,0.0019381046295166016
127618,normal,2744,0,1782360183.1390543,0.002101898193359375
127619,normal,2647,0,1782360183.1410046,0.0019502639770507812
127620,normal,2291,0,1782360183.142937,0.001932382583618164
127621,normal,3244,1,1782360183.1450255,0.0020885467529296875
127622,normal,1839,0,1782360183.146977,0.001951456069946289
127623,normal,522,0,1782360183.1491354,0.0021584033966064453
127624,normal,2048,0,1782360183.1509714,0.0018360614776611328
127625,normal,2520,0,1782360183.153116,0.0021445751190185547
127626,normal,1158,0,1782360183.1550736,0.0019576549530029297
127627,normal,1021,2,1782360183.1572082,0.002134561538696289
127628,normal,2975,0,1782360183.1592205,0.0020122528076171875
127629,normal,1420,0,1782360183.1610982,0.0018777847290039062
127630,normal,2430,0,1782360183.163012,0.0019137859344482422
127631,normal,2693,0,1782360183.165028,0.0020160675048828125
127632,normal,2794,0,1782360183.166933,0.0019049644470214844
127633,normal,568,0,1782360183.169024,0.002090930938720703
127634,normal,2105,0,1782360183.171166,0.0021419525146484375
127635,normal,312,0,1782360183.1729257,0.0017597675323486328
127636,normal,2234,0,1782360183.1750135,0.002087831497192383
127637,normal,1969,0,1782360183.1769934,0.001979827880859375
127638,normal,913,2,1782360183.1789663,0.0019729137420654297
127639,normal,3477,0,1782360183.1812243,0.0022580623626708984
127640,normal,2202,0,1782360183.1829877,0.0017633438110351562
127641,normal,854,2,1782360183.1850922,0.002104520797729492
127642,normal,2749,0,1782360183.18697,0.0018777847290039062
127643,normal,2706,0,1782360183.1890528,0.00208282470703125
127644,normal,1149,0,1782360183.1909494,0.0018966197967529297
127645,normal,2918,0,1782360183.1930366,0.002087116241455078
127646,normal,3082,1,1782360183.1951954,0.0021588802337646484
127647,normal,3271,1,1782360183.1969132,0.0017178058624267578
127648,normal,1394,0,1782360183.1990376,0.002124309539794922
127649,normal,1746,0,1782360183.2009997,0.0019621849060058594
127650,normal,582,0,1782360183.202975,0.0019752979278564453
127651,normal,1505,0,1782360183.2051673,0.002192258834838867
127652,normal,1093,0,1782360183.207042,0.001874685287475586
127653,normal,1263,0,1782360183.2089596,0.0019176006317138672
127654,normal,933,2,1782360183.2109902,0.002030611038208008
127655,normal,1302,0,1782360183.2129905,0.0020003318786621094
127656,normal,97,0,1782360183.2149575,0.0019669532775878906
127657,normal,641,0,1782360183.2170563,0.0020987987518310547
127658,normal,2725,0,1782360183.219224,0.0021677017211914062
127659,normal,1738,0,1782360183.2209566,0.0017325878143310547
127660,normal,386,0,1782360183.2231302,0.0021736621856689453
127661,normal,642,0,1782360183.2251778,0.0020475387573242188
127662,normal,973,2,1782360183.2269623,0.0017845630645751953
127663,normal,1282,0,1782360183.229052,0.0020897388458251953
127664,normal,258,0,1782360183.2310007,0.0019485950469970703
127665,normal,846,2,1782360183.2329805,0.001979827880859375
127666,normal,2288,0,1782360183.2352154,0.002234935760498047
127667,normal,1327,1,1782360183.2371523,0.0019369125366210938
127668,normal,2746,0,1782360183.2390215,0.00186920166015625
127669,normal,3183,1,1782360183.2410274,0.0020058155059814453
127670,normal,1419,0,1782360183.2429686,0.0019412040710449219
127671,normal,1310,0,1782360183.2450786,0.002110004425048828
127672,normal,255,0,1782360183.2471733,0.002094745635986328
127673,normal,2734,0,1782360183.2491016,0.0019283294677734375
127674,normal,3303,1,1782360183.2511923,0.0020906925201416016
127675,normal,2795,0,1782360183.2530172,0.0018248558044433594
127676,normal,828,2,1782360183.2550452,0.0020279884338378906
127677,normal,1215,0,1782360183.257038,0.001992940902709961
127678,normal,1344,1,1782360183.259039,0.0020008087158203125
127679,normal,2394,0,1782360183.2614124,0.0023734569549560547
127680,normal,1481,0,1782360183.2628837,0.0014712810516357422
127681,normal,1190,0,1782360183.2649739,0.0020902156829833984
127682,normal,1571,0,1782360183.2669954,0.0020215511322021484
127683,normal,3685,0,1782360183.2690876,0.002092123031616211
127684,normal,3294,1,1782360183.2709525,0.0018649101257324219
127685,normal,3519,0,1782360183.2729657,0.0020132064819335938
127686,normal,1421,0,1782360183.27504,0.0020742416381835938
127687,normal,930,2,1782360183.2769563,0.0019164085388183594
127688,normal,516,0,1782360183.2789958,0.0020394325256347656
127689,normal,224,0,1782360183.281135,0.0021393299102783203
127690,normal,2766,0,1782360183.2829163,0.0017812252044677734
127691,normal,3583,0,1782360183.28509,0.0021736621856689453
127692,normal,1326,1,1782360183.2869658,0.0018758773803710938
127693,normal,996,2,1782360183.2890809,0.002115011215209961
127694,normal,2782,0,1782360183.2910118,0.0019309520721435547
127695,normal,3497,0,1782360183.2929633,0.001951456069946289
127696,normal,893,2,1782360183.295117,0.002153635025024414
127697,normal,2278,0,1782360183.2970922,0.0019752979278564453
127698,normal,1415,0,1782360183.2991097,0.002017498016357422
127699,normal,3576,0,1782360183.3009884,0.0018787384033203125
127700,normal,1996,0,1782360183.3030932,0.0021047592163085938
127701,normal,1790,0,1782360183.3050132,0.0019199848175048828
127702,normal,3186,1,1782360183.3070543,0.0020411014556884766
127703,normal,7,0,1782360183.3090281,0.001973867416381836
127704,normal,1509,0,1782360183.3109522,0.0019240379333496094
127705,normal,3265,1,1782360183.3130543,0.0021021366119384766
127706,normal,423,0,1782360183.3150575,0.002003192901611328
127707,normal,1691,0,1782360183.3170164,0.0019588470458984375
127708,normal,707,0,1782360183.319148,0.0021317005157470703
127709,normal,752,0,1782360183.3212156,0.00206756591796875
127710,normal,580,0,1782360183.3230052,0.0017895698547363281
127711,normal,34,0,1782360183.3252153,0.0022101402282714844
127712,normal,1365,1,1782360183.3269875,0.001772165298461914
127713,normal,1115,0,1782360183.3290994,0.0021119117736816406
127714,normal,2197,0,1782360183.3310995,0.002000093460083008
127715,normal,1007,2,1782360183.3329675,0.0018680095672607422
127716,normal,1940,0,1782360183.3349488,0.0019812583923339844
127717,normal,736,0,1782360183.3370476,0.0020987987518310547
127718,normal,18,0,1782360183.3390129,0.0019652843475341797
127719,normal,2327,0,1782360183.3409984,0.0019855499267578125
127720,normal,1623,0,1782360183.3431134,0.002115011215209961
127721,normal,1558,0,1782360183.344865,0.0017516613006591797
127722,normal,3613,0,1782360183.347045,0.002179861068725586
127723,normal,690,0,1782360183.3489673,0.0019223690032958984
127724,normal,2437,0,1782360183.3509314,0.001964092254638672
127725,normal,3089,1,1782360183.3532183,0.0022869110107421875
127726,normal,3075,1,1782360183.3552008,0.001982450485229492
127727,normal,219,0,1782360183.3569236,0.0017228126525878906
127728,normal,2670,0,1782360183.3589604,0.0020368099212646484
127729,normal,1913,0,1782360183.360949,0.001988649368286133
127730,normal,967,2,1782360183.3629549,0.0020058155059814453
127731,normal,56,0,1782360183.364951,0.0019960403442382812
127732,normal,67,0,1782360183.36712,0.0021691322326660156
127733,normal,3009,0,1782360183.368867,0.0017468929290771484
127734,normal,3103,1,1782360183.3709443,0.002077341079711914
127735,normal,2920,0,1782360183.3729453,0.002001047134399414
127736,normal,250,0,1782360183.3749533,0.0020079612731933594
127737,normal,3462,0,1782360183.3769617,0.0020084381103515625
127738,normal,3675,0,1782360183.378959,0.001997232437133789
127739,normal,2572,0,1782360183.3810937,0.0021347999572753906
127740,normal,2780,0,1782360183.3830962,0.0020024776458740234
127741,normal,3163,1,1782360183.385013,0.0019168853759765625
127742,normal,1179,0,1782360183.3869748,0.0019617080688476562
127743,normal,3483,0,1782360183.3890738,0.0020990371704101562
127744,normal,2607,0,1782360183.3910434,0.001969575881958008
127745,normal,2564,0,1782360183.3931744,0.0021309852600097656
127746,normal,3203,1,1782360183.3951535,0.0019791126251220703
127747,normal,1465,0,1782360183.3970025,0.0018489360809326172
127748,normal,514,0,1782360183.3992643,0.0022618770599365234
127749,normal,2575,0,1782360183.4011023,0.0018379688262939453
127750,normal,1355,1,1782360183.4029806,0.0018782615661621094
127751,normal,3068,1,1782360183.4048607,0.0018801689147949219
127752,normal,31,0,1782360183.4069357,0.0020749568939208984
127753,normal,1324,1,1782360183.40895,0.0020143985748291016
127754,normal,2113,0,1782360183.4111001,0.0021500587463378906
127755,normal,1256,0,1782360183.4129946,0.0018944740295410156
127756,normal,1855,0,1782360183.4150891,0.0020945072174072266
127757,normal,1180,0,1782360183.417041,0.0019519329071044922
127758,normal,166,0,1782360183.4189572,0.0019161701202392578
127759,normal,1865,0,1782360183.4211056,0.0021483898162841797
127760,normal,3413,0,1782360183.4231155,0.002009868621826172
127761,normal,3632,0,1782360183.425016,0.0019004344940185547
127762,normal,313,0,1782360183.4271493,0.0021333694458007812
127763,normal,830,2,1782360183.4290814,0.0019321441650390625
127764,normal,1824,0,1782360183.430969,0.0018875598907470703
127765,normal,3346,1,1782360183.4331284,0.0021593570709228516
127766,normal,1504,0,1782360183.4351325,0.0020041465759277344
127767,normal,997,2,1782360183.4370553,0.0019228458404541016
127768,normal,3027,0,1782360183.4390528,0.0019974708557128906
127769,normal,1051,0,1782360183.4410326,0.001979827880859375
127770,normal,1151,0,1782360183.4429724,0.0019397735595703125
127771,normal,1605,0,1782360183.445033,0.0020606517791748047
127772,normal,1174,0,1782360183.4469879,0.001954793930053711
127773,normal,205,0,1782360183.4489496,0.0019617080688476562
127774,normal,2170,0,1782360183.451103,0.0021533966064453125
127775,normal,3209,1,1782360183.4530544,0.001951456069946289
127776,normal,910,2,1782360183.4549406,0.001886129379272461
127777,normal,2180,0,1782360183.4571407,0.0022001266479492188
127778,normal,3420,0,1782360183.4588723,0.0017316341400146484
127779,normal,1367,1,1782360183.4610493,0.002177000045776367
127780,normal,1948,0,1782360183.462885,0.0018355846405029297
127781,normal,234,0,1782360183.4649718,0.0020868778228759766
127782,normal,2827,0,1782360183.4669333,0.0019614696502685547
127783,normal,262,0,1782360183.4688573,0.0019240379333496094
127784,normal,1163,0,1782360183.4710026,0.0021452903747558594
127785,normal,1010,2,1782360183.4730322,0.0020296573638916016
127786,normal,3275,1,1782360183.4750197,0.001987457275390625
127787,normal,790,2,1782360183.4770472,0.0020275115966796875
127788,normal,552,0,1782360183.478864,0.0018167495727539062
127789,normal,1896,0,1782360183.480958,0.0020940303802490234
127790,normal,2228,0,1782360183.4830225,0.0020644664764404297
127791,normal,243,0,1782360183.4849267,0.0019042491912841797
127792,normal,1202,0,1782360183.48691,0.0019834041595458984
127793,normal,2025,0,1782360183.4889255,0.002015352249145508
127794,normal,1910,0,1782360183.4909215,0.0019960403442382812
127795,normal,1611,0,1782360183.4930243,0.0021028518676757812
127796,normal,3063,1,1782360183.494992,0.0019676685333251953
127797,normal,354,0,1782360183.4970012,0.002009153366088867
127798,normal,742,0,1782360183.499111,0.0021097660064697266
127799,normal,1482,0,1782360183.5010026,0.0018916130065917969
127800,normal,253,0,1782360183.5030684,0.002065896987915039
127801,normal,3590,0,1782360183.5050318,0.001963376998901367
127802,normal,2855,0,1782360183.5070543,0.0020225048065185547
127803,normal,2971,0,1782360183.5090308,0.001976490020751953
127804,normal,1376,1,1782360183.5109215,0.0018906593322753906
127805,normal,2385,0,1782360183.5129151,0.0019936561584472656
127806,normal,3554,0,1782360183.5149274,0.0020122528076171875
127807,normal,1461,0,1782360183.5169134,0.0019860267639160156
127808,normal,2400,0,1782360183.5190434,0.0021300315856933594
127809,normal,1625,0,1782360183.5208228,0.001779317855834961
127810,normal,3642,0,1782360183.5229092,0.0020864009857177734
127811,normal,1860,0,1782360183.524912,0.0020029544830322266
127812,normal,2625,0,1782360183.5269067,0.001994609832763672
127813,normal,1757,0,1782360183.5291848,0.0022780895233154297
127814,normal,296,0,1782360183.530964,0.0017790794372558594
127815,normal,3354,1,1782360183.5330193,0.0020554065704345703
127816,normal,2588,0,1782360183.5351443,0.0021250247955322266
127817,normal,3661,0,1782360183.5368674,0.0017230510711669922
127818,normal,2760,0,1782360183.5389595,0.002092123031616211
127819,normal,2803,0,1782360183.540957,0.0019974708557128906
127820,normal,1112,0,1782360183.5429585,0.002001523971557617
127821,normal,1076,0,1782360183.5450757,0.002117156982421875
127822,normal,369,0,1782360183.54701,0.0019342899322509766
127823,normal,1832,0,1782360183.5489433,0.0019333362579345703
127824,normal,1332,1,1782360183.550945,0.0020017623901367188
127825,normal,432,0,1782360183.552947,0.0020020008087158203
127826,normal,1883,0,1782360183.554957,0.002009868621826172
127827,normal,2135,0,1782360183.5569522,0.0019953250885009766
127828,normal,782,2,1782360183.559004,0.002051830291748047
127829,normal,1493,0,1782360183.5609822,0.001978158950805664
127830,normal,3555,0,1782360183.5629666,0.0019843578338623047
127831,normal,1382,0,1782360183.5650249,0.002058267593383789
127832,normal,528,0,1782360183.5675514,0.002526521682739258
127833,normal,2518,0,1782360183.5693097,0.0017583370208740234
127834,normal,463,0,1782360183.5709186,0.0016088485717773438
127835,normal,94,0,1782360183.5728915,0.0019729137420654297
127836,normal,1099,0,1782360183.5753784,0.0024869441986083984
127837,normal,1473,0,1782360183.5771232,0.0017447471618652344
127838,normal,780,2,1782360183.5792665,0.002143383026123047
127839,normal,2148,0,1782360183.5812335,0.0019669532775878906
127840,normal,495,0,1782360183.5829177,0.0016841888427734375
127841,normal,2318,0,1782360183.5849404,0.0020227432250976562
127842,normal,824,2,1782360183.5869448,0.002004384994506836
127843,normal,132,0,1782360183.5888574,0.0019125938415527344
127844,normal,952,2,1782360183.5909495,0.002092123031616211
127845,normal,2164,0,1782360183.5929596,0.0020101070404052734
127846,normal,1585,0,1782360183.5949163,0.0019567012786865234
127847,normal,1311,0,1782360183.5968287,0.0019123554229736328
127848,normal,2035,0,1782360183.5988886,0.0020599365234375
127849,normal,2495,0,1782360183.6009223,0.002033710479736328
127850,normal,1212,0,1782360183.6028636,0.0019412040710449219
127851,normal,86,0,1782360183.6049225,0.0020589828491210938
127852,normal,2613,0,1782360183.6068823,0.0019598007202148438
127853,normal,667,0,1782360183.608886,0.0020036697387695312
127854,normal,2500,0,1782360183.6109037,0.0020177364349365234
127855,normal,2740,0,1782360183.6129177,0.0020139217376708984
127856,normal,1706,0,1782360183.6151454,0.002227783203125
127857,normal,1857,0,1782360183.6180258,0.0028803348541259766
127858,normal,2466,0,1782360183.6188457,0.0008199214935302734
127859,normal,2913,0,1782360183.6208935,0.0020477771759033203
127860,normal,3268,1,1782360183.6228418,0.0019483566284179688
127861,normal,1759,0,1782360183.6250057,0.0021638870239257812
127862,normal,1111,0,1782360183.6268983,0.0018925666809082031
127863,normal,3673,0,1782360183.6288335,0.0019352436065673828
127864,normal,2146,0,1782360183.630978,0.0021445751190185547
127865,normal,2028,0,1782360183.6328833,0.001905202865600586
127866,normal,1045,0,1782360183.6349916,0.002108335494995117
127867,normal,43,0,1782360183.6370232,0.002031564712524414
127868,normal,795,2,1782360183.6389601,0.0019369125366210938
127869,normal,160,0,1782360183.6409492,0.001989126205444336
127870,normal,3395,1,1782360183.6429467,0.0019974708557128906
127871,normal,3137,1,1782360183.6449487,0.0020020008087158203
127872,normal,3551,0,1782360183.6469407,0.0019919872283935547
127873,normal,3602,0,1782360183.6489503,0.0020096302032470703
127874,normal,1478,0,1782360183.650987,0.002036571502685547
127875,normal,2161,0,1782360183.6529822,0.0019953250885009766
127876,normal,3569,0,1782360183.655005,0.0020227432250976562
127877,normal,2409,0,1782360183.6569867,0.0019817352294921875
127878,normal,3116,1,1782360183.658872,0.0018851757049560547
127879,normal,156,0,1782360183.6609704,0.002098560333251953
127880,normal,2117,0,1782360183.6630414,0.002070903778076172
127881,normal,3221,1,1782360183.6648617,0.0018203258514404297
127882,normal,332,0,1782360183.6669455,0.0020837783813476562
127883,normal,2993,0,1782360183.6689436,0.0019981861114501953
127884,normal,2574,0,1782360183.6709397,0.0019960403442382812
127885,normal,2846,0,1782360183.673019,0.0020792484283447266
127886,normal,2990,0,1782360183.6750069,0.001987934112548828
127887,normal,2786,0,1782360183.6769948,0.001987934112548828
127888,normal,698,0,1782360183.6790044,0.0020096302032470703
127889,normal,1920,0,1782360183.6810744,0.0020699501037597656
127890,normal,3451,0,1782360183.6830733,0.0019989013671875
127891,normal,3644,0,1782360183.6851778,0.002104520797729492
127892,normal,1353,1,1782360183.6869686,0.001790761947631836
127893,normal,651,0,1782360183.6890361,0.00206756591796875
127894,normal,2979,0,1782360183.6909297,0.0018935203552246094
127895,normal,3136,1,1782360183.692928,0.001998424530029297
127896,normal,3430,0,1782360183.6949387,0.0020105838775634766
127897,normal,3436,0,1782360183.6969626,0.002023935317993164
127898,normal,3399,1,1782360183.699003,0.002040386199951172
127899,normal,760,0,1782360183.7009177,0.0019147396087646484
127900,normal,1890,0,1782360183.7029173,0.0019996166229248047
127901,normal,1939,0,1782360183.7049294,0.002012014389038086
127902,normal,3557,0,1782360183.7069182,0.0019888877868652344
127903,normal,649,0,1782360183.7091482,0.002229928970336914
127904,normal,2696,0,1782360183.7109718,0.0018236637115478516
127905,normal,2814,0,1782360183.7130477,0.0020759105682373047
127906,normal,2227,0,1782360183.715041,0.0019931793212890625
127907,normal,1536,0,1782360183.7168887,0.0018477439880371094
127908,normal,2317,0,1782360183.7189696,0.0020809173583984375
127909,normal,2158,0,1782360183.720961,0.0019915103912353516
127910,normal,3488,0,1782360183.7229679,0.0020067691802978516
127911,normal,1247,0,1782360183.7251222,0.0021543502807617188
127912,normal,2281,0,1782360183.7269964,0.0018742084503173828
127913,normal,1914,0,1782360183.728949,0.0019526481628417969
127914,normal,3213,1,1782360183.7309468,0.001997709274291992
127915,normal,1557,0,1782360183.732953,0.0020062923431396484
127916,normal,1254,0,1782360183.7349744,0.002021312713623047
127917,normal,1786,0,1782360183.736963,0.001988649368286133
127918,normal,2078,0,1782360183.7389412,0.001978158950805664
127919,normal,2676,0,1782360183.740966,0.0020248889923095703
127920,normal,883,2,1782360183.7429748,0.002008676528930664
127921,normal,46,0,1782360183.744966,0.00199127197265625
127922,normal,64,0,1782360183.7469587,0.0019927024841308594
127923,normal,1728,0,1782360183.749222,0.002263307571411133
127924,normal,1257,0,1782360183.751076,0.00185394287109375
127925,normal,2880,0,1782360183.7529461,0.0018701553344726562
127926,normal,254,0,1782360183.7550747,0.00212860107421875
127927,normal,2453,0,1782360183.7570565,0.0019817352294921875
127928,normal,829,2,1782360183.758895,0.0018384456634521484
127929,normal,263,0,1782360183.7609158,0.0020208358764648438
127930,normal,1357,1,1782360183.7629848,0.0020689964294433594
127931,normal,3698,0,1782360183.765013,0.002028226852416992
127932,normal,3253,1,1782360183.766945,0.001931905746459961
127933,normal,794,2,1782360183.7690444,0.0020995140075683594
127934,normal,429,0,1782360183.771038,0.0019936561584472656
127935,normal,1918,0,1782360183.7729802,0.0019421577453613281
127936,normal,91,0,1782360183.774915,0.0019347667694091797
127937,normal,2675,0,1782360183.777283,0.0023679733276367188
127938,normal,231,0,1782360183.7793188,0.002035856246948242
127939,normal,906,2,1782360183.7811012,0.0017824172973632812
127940,normal,1138,0,1782360183.7829864,0.0018851757049560547
127941,normal,3056,1,1782360183.7850182,0.0020318031311035156
127942,normal,3115,1,1782360183.7870202,0.0020020008087158203
127943,normal,2922,0,1782360183.7890532,0.0020329952239990234
127944,normal,1678,0,1782360183.7912126,0.0021593570709228516
127945,normal,2501,0,1782360183.7930965,0.0018839836120605469
127946,normal,2390,0,1782360183.794826,0.0017294883728027344
127947,normal,807,2,1782360183.7969518,0.0021257400512695312
127948,normal,2901,0,1782360183.7989514,0.0019996166229248047
127949,normal,1829,0,1782360183.800951,0.0019996166229248047
127950,normal,1655,0,1782360183.802943,0.0019919872283935547
127951,normal,2767,0,1782360183.8049393,0.001996278762817383
127952,normal,982,2,1782360183.8069544,0.0020151138305664062
127953,normal,2237,0,1782360183.8089564,0.0020020008087158203
127954,normal,24,0,1782360183.8109455,0.001989126205444336
127955,normal,2294,0,1782360183.8130279,0.002082347869873047
127956,normal,1736,0,1782360183.814875,0.0018470287322998047
127957,normal,200,0,1782360183.8169482,0.0020732879638671875
127958,normal,937,2,1782360183.8189473,0.0019991397857666016
127959,normal,2056,0,1782360183.8209436,0.001996278762817383
127960,normal,2771,0,1782360183.822943,0.001999378204345703
127961,normal,2491,0,1782360183.8249433,0.0020003318786621094
127962,normal,2893,0,1782360183.826987,0.0020437240600585938
127963,normal,2376,0,1782360183.8289988,0.0020117759704589844
127964,normal,3076,1,1782360183.8312993,0.0023005008697509766
127965,normal,1973,0,1782360183.8328834,0.0015840530395507812
127966,normal,2756,0,1782360183.8349526,0.002069234848022461
127967,normal,533,0,1782360183.8369598,0.0020072460174560547
127968,normal,2835,0,1782360183.8390028,0.002043008804321289
127969,normal,2779,0,1782360183.8409226,0.0019197463989257812
127970,normal,2960,0,1782360183.8429248,0.002002239227294922
127971,normal,1323,1,1782360183.8449438,0.0020189285278320312
127972,normal,3365,1,1782360183.8469617,0.002017974853515625
127973,normal,3353,1,1782360183.8490188,0.0020570755004882812
127974,normal,2895,0,1782360183.8510096,0.001990795135498047
127975,normal,2417,0,1782360183.8529878,0.001978158950805664
127976,normal,42,0,1782360183.8550746,0.0020868778228759766
127977,normal,459,0,1782360183.857146,0.002071380615234375
127978,normal,689,0,1782360183.8590033,0.0018572807312011719
127979,normal,49,0,1782360183.8609016,0.0018982887268066406
127980,normal,2092,0,1782360183.8630776,0.002176046371459961
127981,normal,2116,0,1782360183.8650339,0.0019562244415283203
127982,normal,1992,0,1782360183.8668308,0.0017969608306884766
127983,normal,1431,0,1782360183.8689158,0.002084970474243164
127984,normal,99,0,1782360183.8709176,0.0020017623901367188
127985,normal,252,0,1782360183.8729393,0.00202178955078125
127986,normal,2440,0,1782360183.8750165,0.0020771026611328125
127987,normal,3471,0,1782360183.8769577,0.0019412040710449219
127988,normal,491,0,1782360183.878828,0.0018703937530517578
127989,normal,2497,0,1782360183.880917,0.0020890235900878906
127990,normal,3014,0,1782360183.8831148,0.002197742462158203
127991,normal,1713,0,1782360183.885014,0.0018992424011230469
127992,normal,531,0,1782360183.8875184,0.0025043487548828125
127993,normal,239,0,1782360183.889031,0.0015125274658203125
127994,normal,2209,0,1782360183.8910346,0.0020036697387695312
127995,normal,3219,1,1782360183.8929589,0.001924276351928711
127996,normal,1249,0,1782360183.8950922,0.0021333694458007812
127997,normal,2995,0,1782360183.8970191,0.0019268989562988281
127998,normal,1189,0,1782360183.899136,0.0021169185638427734
127999,normal,526,0,1782360183.9010012,0.0018651485443115234
128000,normal,2790,0,1782360183.9030082,0.002007007598876953
128001,normal,1629,0,1782360183.904966,0.0019578933715820312
128002,normal,1733,0,1782360183.9071808,0.002214670181274414
128003,normal,650,0,1782360183.909096,0.0019152164459228516
128004,normal,2268,0,1782360183.9109843,0.001888275146484375
128005,normal,3305,1,1782360183.9131908,0.002206563949584961
128006,normal,2274,0,1782360183.9150934,0.0019025802612304688
128007,normal,1100,0,1782360183.917034,0.0019404888153076172
128008,normal,466,0,1782360183.9191709,0.0021369457244873047
128009,normal,1607,0,1782360183.9210122,0.0018413066864013672
128010,normal,2060,0,1782360183.9231937,0.002181529998779297
128011,normal,230,0,1782360183.9252079,0.00201416015625
128012,normal,304,0,1782360183.927145,0.0019371509552001953
128013,normal,1200,0,1782360183.9289825,0.0018374919891357422
128014,normal,3507,0,1782360183.9312458,0.002263307571411133
128015,normal,83,0,1782360183.933127,0.0018811225891113281
128016,normal,3236,1,1782360183.9350762,0.001949310302734375
128017,normal,764,0,1782360183.9369576,0.0018813610076904297
128018,normal,376,0,1782360183.939007,0.0020494461059570312
128019,normal,2221,0,1782360183.9409733,0.001966238021850586
128020,normal,3654,0,1782360183.9430926,0.002119302749633789
128021,normal,647,0,1782360183.945033,0.0019404888153076172
128022,normal,2079,0,1782360183.946978,0.0019450187683105469
128023,normal,2222,0,1782360183.949077,0.0020987987518310547
128024,normal,2617,0,1782360183.951021,0.0019440650939941406
128025,normal,917,2,1782360183.9529934,0.0019724369049072266
128026,normal,1298,0,1782360183.955136,0.002142667770385742
128027,normal,3317,1,1782360183.9571233,0.0019872188568115234
128028,normal,2719,0,1782360183.9590092,0.0018858909606933594
128029,normal,944,2,1782360183.961084,0.002074718475341797
128030,normal,734,0,1782360183.963096,0.002012014389038086
128031,normal,2070,0,1782360183.965013,0.001917123794555664
128032,normal,3424,0,1782360183.967171,0.002157926559448242
128033,normal,1140,0,1782360183.9689193,0.0017483234405517578
128034,normal,3171,1,1782360183.9710739,0.0021545886993408203
128035,normal,975,2,1782360183.97297,0.0018961429595947266
128036,normal,270,0,1782360183.975098,0.0021278858184814453
128037,normal,1729,0,1782360183.976968,0.0018701553344726562
128038,normal,1532,0,1782360183.979091,0.0021228790283203125
128039,normal,3023,0,1782360183.9810314,0.0019404888153076172
128040,normal,2832,0,1782360183.9829895,0.001958131790161133
128041,normal,2286,0,1782360183.9849966,0.002007007598876953
128042,normal,2388,0,1782360183.987148,0.0021514892578125
128043,normal,2236,0,1782360183.9889085,0.0017604827880859375
128044,normal,2068,0,1782360183.9910853,0.0021767616271972656
128045,normal,3515,0,1782360183.993014,0.0019288063049316406
128046,normal,3270,1,1782360183.9949691,0.0019550323486328125
128047,normal,1479,0,1782360183.9970784,0.0021092891693115234
128048,normal,1303,0,1782360183.9990163,0.0019378662109375
128049,normal,189,0,1782360184.0009804,0.001964092254638672
128050,normal,2984,0,1782360184.0031247,0.002144336700439453
128051,normal,1766,0,1782360184.005395,0.002270221710205078
128052,normal,2502,0,1782360184.0069213,0.0015263557434082031
128053,normal,2454,0,1782360184.0091038,0.002182483673095703
128054,normal,577,0,1782360184.0110567,0.0019528865814208984
128055,normal,1591,0,1782360184.012995,0.0019383430480957031
128056,normal,2338,0,1782360184.0150714,0.002076387405395508
128057,normal,606,0,1782360184.017007,0.001935720443725586
128058,normal,2189,0,1782360184.0189602,0.001953125
128059,normal,1017,2,1782360184.021129,0.0021686553955078125
128060,normal,3649,0,1782360184.0230932,0.0019643306732177734
128061,normal,490,0,1782360184.0249918,0.0018985271453857422
128062,normal,2897,0,1782360184.027155,0.0021631717681884766
128063,normal,3201,1,1782360184.0290744,0.0019195079803466797
128064,normal,1068,0,1782360184.0311012,0.002026796340942383
128065,normal,3596,0,1782360184.0331116,0.002010345458984375
128066,normal,2015,0,1782360184.0350099,0.0018982887268066406
128067,normal,1957,0,1782360184.037121,0.002111196517944336
128068,normal,393,0,1782360184.0391078,0.0019867420196533203
128069,normal,48,0,1782360184.0408688,0.0017609596252441406
128070,normal,1285,0,1782360184.0430558,0.002187013626098633
128071,normal,1445,0,1782360184.0449572,0.001901388168334961
128072,normal,2387,0,1782360184.0470023,0.002045154571533203
128073,normal,791,2,1782360184.0491855,0.002183198928833008
128074,normal,456,0,1782360184.0509536,0.0017681121826171875
128075,normal,1794,0,1782360184.0529795,0.0020258426666259766
128076,normal,3142,1,1782360184.0550528,0.0020732879638671875
128077,normal,6,0,1782360184.0569572,0.0019044876098632812
128078,normal,1739,0,1782360184.0592947,0.0023374557495117188
128079,normal,2944,0,1782360184.060999,0.0017042160034179688
128080,normal,38,0,1782360184.0630198,0.0020208358764648438
128081,normal,1135,0,1782360184.0651093,0.0020895004272460938
128082,normal,3232,1,1782360184.0668733,0.001764059066772461
128083,normal,1124,0,1782360184.0690804,0.002207040786743164
128084,normal,1863,0,1782360184.0710225,0.0019421577453613281
128085,normal,2225,0,1782360184.0729702,0.001947641372680664
128086,normal,128,0,1782360184.075069,0.0020987987518310547
128087,normal,2729,0,1782360184.0769124,0.0018434524536132812
128088,normal,2471,0,1782360184.07907,0.0021576881408691406
128089,normal,1735,0,1782360184.0809643,0.001894235610961914
128090,normal,107,0,1782360184.0830255,0.002061128616333008
128091,normal,3439,0,1782360184.0849493,0.0019237995147705078
128092,normal,564,0,1782360184.0870934,0.0021440982818603516
128093,normal,3146,1,1782360184.089091,0.001997709274291992
128094,normal,1307,0,1782360184.0908918,0.0018007755279541016
128095,normal,1590,0,1782360184.0930862,0.0021944046020507812
128096,normal,2657,0,1782360184.095189,0.0021028518676757812
128097,normal,765,0,1782360184.0975087,0.0023195743560791016
128098,normal,2378,0,1782360184.0992942,0.0017855167388916016
128099,normal,2339,0,1782360184.1008685,0.0015742778778076172
128100,normal,2707,0,1782360184.1031053,0.0022368431091308594
128101,normal,2923,0,1782360184.1052828,0.0021774768829345703
128102,normal,275,0,1782360184.1071026,0.0018198490142822266
128103,normal,1964,0,1782360184.1092563,0.002153635025024414
128104,normal,403,0,1782360184.111308,0.002051830291748047
128105,normal,365,0,1782360184.112913,0.0016047954559326172
128106,normal,3257,1,1782360184.1150303,0.0021173954010009766
128107,normal,2356,0,1782360184.1169314,0.0019011497497558594
128108,normal,3331,1,1782360184.1189802,0.0020487308502197266
128109,normal,665,0,1782360184.1210384,0.002058267593383789
128110,normal,673,0,1782360184.1229546,0.0019161701202392578
128111,normal,1452,0,1782360184.12499,0.002035379409790039
128112,normal,2131,0,1782360184.1270342,0.002044200897216797
128113,normal,527,0,1782360184.1289659,0.0019316673278808594
128114,normal,3081,1,1782360184.131004,0.002038240432739258
128115,normal,639,0,1782360184.1331062,0.0021021366119384766
128116,normal,2659,0,1782360184.1350071,0.0019009113311767578
128117,normal,2313,0,1782360184.136961,0.0019538402557373047
128118,normal,183,0,1782360184.1390724,0.0021114349365234375
128119,normal,726,0,1782360184.1409867,0.0019142627716064453
128120,normal,3500,0,1782360184.1430323,0.0020456314086914062
128121,normal,3036,0,1782360184.145113,0.002080678939819336
128122,normal,2998,0,1782360184.146933,0.0018200874328613281
128123,normal,3251,1,1782360184.1489758,0.0020427703857421875
128124,normal,702,0,1782360184.1510277,0.002051830291748047
128125,normal,473,0,1782360184.152948,0.0019202232360839844
128126,normal,1233,0,1782360184.1549802,0.0020322799682617188
128127,normal,2717,0,1782360184.1570404,0.0020601749420166016
128128,normal,3256,1,1782360184.1589572,0.0019168853759765625
128129,normal,488,0,1782360184.1609848,0.0020275115966796875
128130,normal,2532,0,1782360184.1630294,0.002044677734375
128131,normal,164,0,1782360184.1649857,0.0019562244415283203
128132,normal,3503,0,1782360184.1670015,0.002015829086303711
128133,normal,17,0,1782360184.1689448,0.001943349838256836
128134,normal,3550,0,1782360184.17095,0.0020051002502441406
128135,normal,2509,0,1782360184.1729739,0.002023935317993164
128136,normal,3459,0,1782360184.1750045,0.002030611038208008
128137,normal,1377,1,1782360184.1769767,0.001972198486328125
128138,normal,787,2,1782360184.1790051,0.0020284652709960938
128139,normal,1588,0,1782360184.181057,0.002051830291748047
128140,normal,2844,0,1782360184.1830096,0.0019526481628417969
128141,normal,3568,0,1782360184.1849375,0.0019278526306152344
128142,normal,2730,0,1782360184.1870217,0.0020842552185058594
128143,normal,1518,0,1782360184.1889634,0.001941680908203125
128144,normal,1559,0,1782360184.190999,0.0020356178283691406
128145,normal,601,0,1782360184.192996,0.0019969940185546875
128146,normal,912,2,1782360184.194941,0.0019450187683105469
128147,normal,3415,0,1782360184.1969702,0.0020291805267333984
128148,normal,2881,0,1782360184.1990256,0.0020554065704345703
128149,normal,471,0,1782360184.2010167,0.0019910335540771484
128150,normal,29,0,1782360184.2029486,0.001931905746459961
128151,normal,68,0,1782360184.2050757,0.0021271705627441406
128152,normal,2033,0,1782360184.2070713,0.001995563507080078
128153,normal,1893,0,1782360184.2089705,0.0018992424011230469
128154,normal,3289,1,1782360184.2110445,0.002074003219604492
128155,normal,1799,0,1782360184.2130692,0.0020246505737304688
128156,normal,2586,0,1782360184.2150111,0.0019419193267822266
128157,normal,1675,0,1782360184.2177958,0.00278472900390625
128158,normal,2039,0,1782360184.2189507,0.0011548995971679688
128159,normal,1102,0,1782360184.2208848,0.001934051513671875
128160,normal,1765,0,1782360184.2230065,0.0021216869354248047
128161,normal,841,2,1782360184.2249098,0.0019032955169677734
128162,normal,2991,0,1782360184.2270062,0.002096414566040039
128163,normal,2141,0,1782360184.228871,0.0018649101257324219
128164,normal,392,0,1782360184.2309868,0.0021157264709472656
128165,normal,1587,0,1782360184.2328756,0.0018887519836425781
128166,normal,2594,0,1782360184.2349985,0.0021228790283203125
128167,normal,557,0,1782360184.2370393,0.002040863037109375
128168,normal,271,0,1782360184.239147,0.0021076202392578125
128169,normal,2962,0,1782360184.24098,0.0018329620361328125
128170,normal,818,2,1782360184.2430725,0.002092599868774414
128171,normal,1770,0,1782360184.2449102,0.0018377304077148438
128172,normal,1351,1,1782360184.2470045,0.002094268798828125
128173,normal,3702,0,1782360184.2488952,0.0018906593322753906
128174,normal,3315,1,1782360184.2510073,0.002112150192260742
128175,normal,2235,0,1782360184.25304,0.002032756805419922
128176,normal,3252,1,1782360184.2548783,0.0018382072448730469
128177,normal,1676,0,1782360184.2569914,0.0021131038665771484
128178,normal,1510,0,1782360184.2588813,0.001889944076538086
128179,normal,2445,0,1782360184.2610068,0.0021255016326904297
128180,normal,1844,0,1782360184.2629077,0.0019009113311767578
128181,normal,1373,1,1782360184.26502,0.002112150192260742
128182,normal,1230,0,1782360184.2668936,0.0018737316131591797
128183,normal,2367,0,1782360184.2690082,0.002114534378051758
128184,normal,3003,0,1782360184.2709157,0.0019075870513916016
128185,normal,1684,0,1782360184.2730157,0.0020999908447265625
128186,normal,3378,1,1782360184.2748895,0.0018737316131591797
128187,normal,1131,0,1782360184.2771811,0.0022916793823242188
128188,normal,32,0,1782360184.2789786,0.0017974376678466797
128189,normal,2533,0,1782360184.2810774,0.0020987987518310547
128190,normal,922,2,1782360184.2829776,0.0019001960754394531
128191,normal,1317,0,1782360184.2852187,0.0022411346435546875
128192,normal,100,0,1782360184.2869377,0.0017189979553222656
128193,normal,2540,0,1782360184.2889862,0.002048492431640625
128194,normal,3383,1,1782360184.2910066,0.0020203590393066406
128195,normal,590,0,1782360184.2929552,0.0019485950469970703
128196,normal,505,0,1782360184.2950826,0.002127408981323242
128197,normal,2535,0,1782360184.2969892,0.0019066333770751953
128198,normal,3487,0,1782360184.2991374,0.002148151397705078
128199,normal,110,0,1782360184.3009608,0.00182342529296875
128200,normal,1084,0,1782360184.303028,0.0020673274993896484
128201,normal,587,0,1782360184.305307,0.0022788047790527344
128202,normal,1122,0,1782360184.30727,0.0019631385803222656
128203,normal,3385,1,1782360184.3090172,0.00174713134765625
128204,normal,1846,0,1782360184.3109627,0.00194549560546875
128205,normal,3096,1,1782360184.3129108,0.0019481182098388672
128206,normal,1423,0,1782360184.3149278,0.0020170211791992188
128207,normal,1381,1,1782360184.3170972,0.002169370651245117
128208,normal,861,2,1782360184.3189793,0.0018820762634277344
128209,normal,1763,0,1782360184.3212965,0.002317190170288086
128210,normal,61,0,1782360184.322847,0.001550436019897461
128211,normal,2382,0,1782360184.3250139,0.0021669864654541016
128212,normal,3443,0,1782360184.3269198,0.0019059181213378906
128213,normal,2176,0,1782360184.32901,0.0020902156829833984
128214,normal,3279,1,1782360184.3308973,0.0018873214721679688
128215,normal,796,2,1782360184.333003,0.002105712890625
128216,normal,1519,0,1782360184.3349125,0.001909494400024414
128217,normal,1258,0,1782360184.3370168,0.0021042823791503906
128218,normal,3408,0,1782360184.3390155,0.0019986629486083984
128219,normal,1057,0,1782360184.3411083,0.0020928382873535156
128220,normal,3049,1,1782360184.342913,0.0018045902252197266
128221,normal,575,0,1782360184.3450086,0.0020956993103027344
128222,normal,206,0,1782360184.3468933,0.0018846988677978516
128223,normal,1538,0,1782360184.3490906,0.002197265625
128224,normal,2168,0,1782360184.351029,0.0019383430480957031
128225,normal,1407,0,1782360184.3528652,0.0018362998962402344
128226,normal,1700,0,1782360184.354996,0.002130746841430664
128227,normal,1569,0,1782360184.3570068,0.002010822296142578
128228,normal,1223,0,1782360184.359331,0.0023241043090820312
128229,normal,980,2,1782360184.3608859,0.0015549659729003906
128230,normal,825,2,1782360184.3629632,0.002077341079711914
128231,normal,1261,0,1782360184.3649688,0.0020055770874023438
128232,normal,2684,0,1782360184.366952,0.001983165740966797
128233,normal,2936,0,1782360184.3689265,0.0019745826721191406
128234,normal,374,0,1782360184.370924,0.0019974708557128906
128235,normal,377,0,1782360184.3729174,0.001993417739868164
128236,normal,1265,0,1782360184.3749518,0.002034425735473633
128237,normal,894,2,1782360184.3770242,0.0020723342895507812
128238,normal,1835,0,1782360184.3788724,0.0018482208251953125
128239,normal,935,2,1782360184.3810124,0.002140045166015625
128240,normal,2969,0,1782360184.3830795,0.002067089080810547
128241,normal,2643,0,1782360184.3851368,0.002057313919067383
128242,normal,3322,1,1782360184.3870168,0.0018799304962158203
128243,normal,2024,0,1782360184.3889194,0.0019025802612304688
128244,normal,359,0,1782360184.391054,0.002134561538696289
128245,normal,2770,0,1782360184.3931072,0.0020532608032226562
128246,normal,2561,0,1782360184.3948336,0.001726388931274414
128247,normal,682,0,1782360184.396988,0.0021543502807617188
128248,normal,1979,0,1782360184.3989034,0.0019154548645019531
128249,normal,864,2,1782360184.4009604,0.0020570755004882812
128250,normal,1725,0,1782360184.4029288,0.0019683837890625
128251,normal,3184,1,1782360184.4049945,0.0020656585693359375
128252,normal,3669,0,1782360184.406968,0.0019736289978027344
128253,normal,2426,0,1782360184.4089658,0.001997709274291992
128254,normal,3043,0,1782360184.4109392,0.001973390579223633
128255,normal,88,0,1782360184.4129093,0.001970052719116211
128256,normal,55,0,1782360184.4151187,0.0022094249725341797
128257,normal,175,0,1782360184.4172156,0.002096891403198242
128258,normal,806,2,1782360184.418943,0.0017273426055908203
128259,normal,2600,0,1782360184.4209647,0.00202178955078125
128260,normal,1554,0,1782360184.422961,0.001996278762817383
128261,normal,310,0,1782360184.4249356,0.0019745826721191406
128262,normal,2208,0,1782360184.4269004,0.0019648075103759766
128263,normal,1121,0,1782360184.4291265,0.002226114273071289
128264,normal,1244,0,1782360184.4308665,0.0017399787902832031
128265,normal,869,2,1782360184.432891,0.002024412155151367
128266,normal,2231,0,1782360184.434874,0.001983165740966797
128267,normal,1019,2,1782360184.4368856,0.002011537551879883
128268,normal,2301,0,1782360184.4388955,0.002009868621826172
128269,normal,3473,0,1782360184.4408777,0.0019822120666503906
128270,normal,2415,0,1782360184.4430966,0.002218961715698242
128271,normal,1164,0,1782360184.445014,0.0019173622131347656
128272,normal,506,0,1782360184.4469721,0.001958131790161133
128273,normal,118,0,1782360184.4489973,0.002025127410888672
128274,normal,1627,0,1782360184.4509864,0.001989126205444336
128275,normal,520,0,1782360184.4531782,0.002191781997680664
128276,normal,2891,0,1782360184.4549646,0.0017864704132080078
128277,normal,3530,0,1782360184.4569757,0.0020110607147216797
128278,normal,1362,1,1782360184.4588578,0.0018820762634277344
128279,normal,2298,0,1782360184.460991,0.0021331310272216797
128280,normal,3394,1,1782360184.4630153,0.002024412155151367
128281,normal,567,0,1782360184.464833,0.0018177032470703125
128282,normal,1082,0,1782360184.4668188,0.001985788345336914
128283,normal,589,0,1782360184.4688833,0.0020644664764404297
128284,normal,1802,0,1782360184.4709988,0.002115488052368164
128285,normal,1512,0,1782360184.4729195,0.0019207000732421875
128286,normal,225,0,1782360184.474978,0.0020585060119628906
128287,normal,3508,0,1782360184.4769547,0.0019767284393310547
128288,normal,10,0,1782360184.4789867,0.002032041549682617
128289,normal,1709,0,1782360184.480926,0.0019392967224121094
128290,normal,126,0,1782360184.4829566,0.002030611038208008
128291,normal,858,2,1782360184.485039,0.002082347869873047
128292,normal,3039,0,1782360184.4869897,0.0019507408142089844
128293,normal,2460,0,1782360184.4889982,0.0020084381103515625
128294,normal,411,0,1782360184.490951,0.0019528865814208984
128295,normal,389,0,1782360184.4929445,0.001993417739868164
128296,normal,1975,0,1782360184.4949732,0.0020287036895751953
128297,normal,3245,1,1782360184.497029,0.0020558834075927734
128298,normal,428,0,1782360184.4990535,0.002024412155151367
128299,normal,257,0,1782360184.500955,0.0019016265869140625
128300,normal,2133,0,1782360184.5029466,0.0019915103912353516
128301,normal,2391,0,1782360184.504948,0.0020012855529785156
128302,normal,1991,0,1782360184.5069594,0.002011537551879883
128303,normal,3419,0,1782360184.5089543,0.0019948482513427734
128304,normal,3145,1,1782360184.510956,0.0020017623901367188
128305,normal,2883,0,1782360184.5129514,0.0019953250885009766
128306,normal,382,0,1782360184.5149763,0.0020248889923095703
128307,normal,1354,1,1782360184.5169704,0.0019941329956054688
128308,normal,105,0,1782360184.5190125,0.002042055130004883
128309,normal,953,2,1782360184.520993,0.0019805431365966797
128310,normal,2398,0,1782360184.5229554,0.001962423324584961
128311,normal,2057,0,1782360184.5249472,0.001991748809814453
128312,normal,3441,0,1782360184.526952,0.002004861831665039
128313,normal,3193,1,1782360184.5289426,0.0019905567169189453
128314,normal,3020,0,1782360184.5309408,0.0019981861114501953
128315,normal,57,0,1782360184.5329537,0.002012968063354492
128316,normal,1396,0,1782360184.5349922,0.0020384788513183594
128317,normal,681,0,1782360184.5370307,0.0020384788513183594
128318,normal,926,2,1782360184.539032,0.0020012855529785156
128319,normal,367,0,1782360184.5408652,0.001833200454711914
128320,normal,2601,0,1782360184.5429647,0.0020995140075683594
128321,normal,2018,0,1782360184.5449889,0.0020241737365722656
128322,normal,2699,0,1782360184.5469213,0.001932382583618164
128323,normal,2702,0,1782360184.5489209,0.0019996166229248047
128324,normal,3048,1,1782360184.5509112,0.0019903182983398438
128325,normal,2463,0,1782360184.5529819,0.0020706653594970703
128326,normal,186,0,1782360184.555008,0.002026081085205078
128327,normal,1895,0,1782360184.556975,0.0019669532775878906
128328,normal,174,0,1782360184.559017,0.002042055130004883
128329,normal,2863,0,1782360184.5610883,0.002071380615234375
128330,normal,921,2,1782360184.5629625,0.0018742084503173828
128331,normal,561,0,1782360184.565074,0.0021114349365234375
128332,normal,2162,0,1782360184.567029,0.0019550323486328125
128333,normal,302,0,1782360184.5690708,0.0020418167114257812
128334,normal,1993,0,1782360184.5710511,0.001980304718017578
128335,normal,604,0,1782360184.5729399,0.0018887519836425781
128336,normal,546,0,1782360184.57492,0.0019800662994384766
128337,normal,3159,1,1782360184.5769367,0.002016782760620117
128338,normal,744,0,1782360184.578918,0.0019812583923339844
128339,normal,837,2,1782360184.581142,0.002223968505859375
128340,normal,2475,0,1782360184.5828288,0.0016868114471435547
128341,normal,508,0,1782360184.584921,0.002092123031616211
128342,normal,966,2,1782360184.5869167,0.0019958019256591797
128343,normal,457,0,1782360184.588919,0.002002239227294922
128344,normal,481,0,1782360184.591375,0.002456188201904297
128345,normal,960,2,1782360184.593013,0.0016379356384277344
128346,normal,1626,0,1782360184.5950196,0.00200653076171875
128347,normal,658,0,1782360184.597182,0.002162456512451172
128348,normal,2560,0,1782360184.598903,0.0017209053039550781
128349,normal,643,0,1782360184.6009803,0.002077341079711914
128350,normal,2012,0,1782360184.6029782,0.0019979476928710938
128351,normal,3505,0,1782360184.6049893,0.0020110607147216797
128352,normal,3061,1,1782360184.6071177,0.0021283626556396484
128353,normal,799,2,1782360184.6090255,0.0019078254699707031
128354,normal,35,0,1782360184.6108685,0.0018429756164550781
128355,normal,2929,0,1782360184.612955,0.002086639404296875
128356,normal,3544,0,1782360184.614952,0.0019969940185546875
128357,normal,3509,0,1782360184.6169612,0.002009153366088867
128358,normal,1467,0,1782360184.6189601,0.0019989013671875
128359,normal,1882,0,1782360184.621013,0.002052783966064453
128360,normal,1843,0,1782360184.6229908,0.0019779205322265625
128361,normal,2058,0,1782360184.6249745,0.001983642578125
128362,normal,741,0,1782360184.6270914,0.0021169185638427734
128363,normal,3409,0,1782360184.6293674,0.0022759437561035156
128364,normal,1827,0,1782360184.6312978,0.0019304752349853516
128365,normal,3124,1,1782360184.6329288,0.001631021499633789
128366,normal,3523,0,1782360184.6350439,0.002115011215209961
128367,normal,3456,0,1782360184.6371498,0.0021059513092041016
128368,normal,1225,0,1782360184.639093,0.0019431114196777344
128369,normal,1662,0,1782360184.6412182,0.002125263214111328
128370,normal,3611,0,1782360184.6430874,0.00186920166015625
128371,normal,440,0,1782360184.6449852,0.0018978118896484375
128372,normal,2447,0,1782360184.6468627,0.0018775463104248047
128373,normal,1671,0,1782360184.6489441,0.0020813941955566406
128374,normal,1336,1,1782360184.6509566,0.002012491226196289
128375,normal,2812,0,1782360184.6531298,0.002173185348510742
128376,normal,972,2,1782360184.6549046,0.0017747879028320312
128377,normal,478,0,1782360184.6570807,0.002176046371459961
128378,normal,2492,0,1782360184.6590254,0.0019447803497314453
128379,normal,3106,1,1782360184.6608796,0.0018541812896728516
128380,normal,1092,0,1782360184.6629791,0.0020995140075683594
128381,normal,460,0,1782360184.6650462,0.002067089080810547
128382,normal,2287,0,1782360184.6669972,0.001950979232788086
128383,normal,3375,1,1782360184.668969,0.001971721649169922
128384,normal,3485,0,1782360184.6709664,0.0019974708557128906
128385,normal,2185,0,1782360184.6729732,0.0020067691802978516
128386,normal,814,2,1782360184.6749845,0.0020112991333007812
128387,normal,774,2,1782360184.6771007,0.0021162033081054688
128388,normal,2694,0,1782360184.6788564,0.0017557144165039062
128389,normal,3475,0,1782360184.6809826,0.0021262168884277344
128390,normal,1719,0,1782360184.6829278,0.0019452571868896484
128391,normal,3412,0,1782360184.684977,0.0020492076873779297
128392,normal,2637,0,1782360184.6869392,0.0019621849060058594
128393,normal,3125,1,1782360184.6888964,0.0019571781158447266
128394,normal,2166,0,1782360184.6909401,0.0020437240600585938
128395,normal,2554,0,1782360184.6929512,0.0020110607147216797
128396,normal,558,0,1782360184.695004,0.002052783966064453
128397,normal,2262,0,1782360184.6970193,0.002015352249145508
128398,normal,3677,0,1782360184.698934,0.0019147396087646484
128399,normal,1417,0,1782360184.7009819,0.0020477771759033203
128400,normal,2027,0,1782360184.7029293,0.0019474029541015625
128401,normal,1050,0,1782360184.7049305,0.0020012855529785156
128402,normal,286,0,1782360184.7069824,0.002051830291748047
128403,normal,3411,0,1782360184.7089374,0.0019550323486328125
128404,normal,2022,0,1782360184.711003,0.0020656585693359375
128405,normal,2816,0,1782360184.71301,0.002007007598876953
128406,normal,3004,0,1782360184.7150228,0.0020127296447753906
128407,normal,2458,0,1782360184.717036,0.0020132064819335938
128408,normal,2335,0,1782360184.7189813,0.0019452571868896484
128409,normal,180,0,1782360184.7209582,0.0019769668579101562
128410,normal,1951,0,1782360184.7229574,0.0019991397857666016
128411,normal,2646,0,1782360184.724979,0.0020215511322021484
128412,normal,1544,0,1782360184.7269335,0.0019545555114746094
128413,normal,2218,0,1782360184.7289298,0.001996278762817383
128414,normal,120,0,1782360184.7309337,0.002003908157348633
128415,normal,93,0,1782360184.7330258,0.002092123031616211
128416,normal,1292,0,1782360184.7351236,0.0020978450775146484
128417,normal,3102,1,1782360184.736887,0.0017633438110351562
128418,normal,3620,0,1782360184.7390077,0.0021207332611083984
128419,normal,3463,0,1782360184.7410874,0.0020797252655029297
128420,normal,2207,0,1782360184.7432613,0.002173900604248047
128421,normal,1596,0,1782360184.7449722,0.0017108917236328125
128422,normal,2926,0,1782360184.7470934,0.0021212100982666016
128423,normal,2726,0,1782360184.7489297,0.0018362998962402344
128424,normal,2954,0,1782360184.7509034,0.0019736289978027344
128425,normal,1514,0,1782360184.7529445,0.0020411014556884766
128426,normal,2324,0,1782360184.7549481,0.0020036697387695312
128427,normal,1899,0,1782360184.756848,0.0018999576568603516
128428,normal,964,2,1782360184.759081,0.002232789993286133
128429,normal,307,0,1782360184.7608137,0.0017328262329101562
128430,normal,1826,0,1782360184.7629497,0.0021359920501708984
128431,normal,2138,0,1782360184.7648563,0.0019066333770751953
128432,normal,145,0,1782360184.7670443,0.002187967300415039
128433,normal,2384,0,1782360184.7688582,0.0018138885498046875
128434,normal,747,0,1782360184.7712157,0.00235748291015625
128435,normal,1542,0,1782360184.773031,0.0018153190612792969
128436,normal,291,0,1782360184.7748709,0.0018398761749267578
128437,normal,2395,0,1782360184.7770796,0.002208709716796875
128438,normal,1031,0,1782360184.7789347,0.0018551349639892578
128439,normal,2939,0,1782360184.7809849,0.002050161361694336
128440,normal,1072,0,1782360184.782956,0.001971006393432617
128441,normal,833,2,1782360184.784944,0.0019881725311279297
128442,normal,1253,0,1782360184.7871058,0.002161741256713867
128443,normal,240,0,1782360184.789091,0.001985311508178711
128444,normal,1792,0,1782360184.7908783,0.0017871856689453125
128445,normal,1203,0,1782360184.7929325,0.0020542144775390625
128446,normal,940,2,1782360184.79493,0.0019974708557128906
128447,normal,1289,0,1782360184.7969346,0.0020046234130859375
128448,normal,2263,0,1782360184.7989404,0.0020058155059814453
128449,normal,717,0,1782360184.8009393,0.0019989013671875
128450,normal,2606,0,1782360184.802915,0.0019757747650146484
128451,normal,1348,1,1782360184.8049874,0.0020723342895507812
128452,normal,2120,0,1782360184.8069646,0.001977205276489258
128453,normal,1107,0,1782360184.8089595,0.0019948482513427734
128454,normal,426,0,1782360184.8110557,0.0020961761474609375
128455,normal,3153,1,1782360184.8130956,0.0020399093627929688
128456,normal,2073,0,1782360184.8149593,0.001863718032836914
128457,normal,3040,0,1782360184.8170884,0.002129077911376953
128458,normal,610,0,1782360184.8196497,0.002561330795288086
128459,normal,2167,0,1782360184.8209574,0.0013077259063720703
128460,normal,415,0,1782360184.8229742,0.002016782760620117
128461,normal,2982,0,1782360184.8249102,0.0019359588623046875
128462,normal,1981,0,1782360184.826964,0.0020537376403808594
128463,normal,1342,1,1782360184.8289485,0.0019845962524414062
128464,normal,2618,0,1782360184.8312886,0.002340078353881836
128465,normal,1016,2,1782360184.833112,0.00182342529296875
128466,normal,3227,1,1782360184.8350482,0.001936197280883789
128467,normal,2273,0,1782360184.8370738,0.002025604248046875
128468,normal,3371,1,1782360184.8389628,0.0018889904022216797
128469,normal,2994,0,1782360184.8408434,0.001880645751953125
128470,normal,1698,0,1782360184.8433812,0.0025377273559570312
128471,normal,983,2,1782360184.8453336,0.0019524097442626953
128472,normal,1740,0,1782360184.846995,0.001661539077758789
128473,normal,981,2,1782360184.849045,0.0020499229431152344
128474,normal,2001,0,1782360184.85089,0.0018448829650878906
128475,normal,3570,0,1782360184.8529449,0.002054929733276367
128476,normal,1503,0,1782360184.8549604,0.0020155906677246094
128477,normal,2886,0,1782360184.8568902,0.0019297599792480469
128478,normal,2134,0,1782360184.859607,0.0027167797088623047
128479,normal,1967,0,1782360184.861194,0.0015869140625
128480,normal,3591,0,1782360184.8629751,0.0017812252044677734
128481,normal,1864,0,1782360184.865278,0.002302885055541992
128482,normal,3521,0,1782360184.866913,0.0016350746154785156
128483,normal,714,0,1782360184.868926,0.002012968063354492
128484,normal,3672,0,1782360184.8709157,0.001989603042602539
128485,normal,1821,0,1782360184.8729093,0.0019936561584472656
128486,normal,2974,0,1782360184.8749168,0.0020074844360351562
128487,normal,1097,0,1782360184.876915,0.0019981861114501953
128488,normal,3691,0,1782360184.8790123,0.0020973682403564453
128489,normal,306,0,1782360184.8808978,0.0018854141235351562
128490,normal,177,0,1782360184.8829775,0.0020797252655029297
128491,normal,1039,0,1782360184.8849304,0.0019528865814208984
128492,normal,2459,0,1782360184.8868883,0.0019578933715820312
128493,normal,1667,0,1782360184.8888845,0.001996278762817383
128494,normal,370,0,1782360184.890889,0.002004384994506836
128495,normal,1568,0,1782360184.892879,0.001990079879760742
128496,normal,1833,0,1782360184.8948786,0.0019996166229248047
128497,normal,2284,0,1782360184.8969073,0.0020287036895751953
128498,normal,3010,0,1782360184.8989835,0.0020761489868164062
128499,normal,1350,1,1782360184.901098,0.002114534378051758
128500,normal,197,0,1782360184.9030106,0.0019125938415527344
128501,normal,3493,0,1782360184.9049654,0.001954793930053711
128502,normal,1283,0,1782360184.9069307,0.0019652843475341797
128503,normal,2374,0,1782360184.908952,0.002021312713623047
128504,normal,80,0,1782360184.910892,0.001940011978149414
128505,normal,974,2,1782360184.91288,0.001987934112548828
128506,normal,1722,0,1782360184.9148736,0.0019936561584472656
128507,normal,1241,0,1782360184.9168656,0.0019919872283935547
128508,normal,2126,0,1782360184.9189377,0.0020720958709716797
128509,normal,2245,0,1782360184.921089,0.0021512508392333984
128510,normal,2624,0,1782360184.9229517,0.0018627643585205078
128511,normal,108,0,1782360184.9249823,0.002030611038208008
128512,normal,293,0,1782360184.9270484,0.0020661354064941406
128513,normal,3204,1,1782360184.929033,0.0019845962524414062
128514,normal,1811,0,1782360184.9310083,0.0019752979278564453
128515,normal,3697,0,1782360184.933025,0.0020165443420410156
128516,normal,319,0,1782360184.936147,0.003122091293334961
128517,normal,1047,0,1782360184.9374437,0.0012967586517333984
128518,normal,3187,1,1782360184.9393501,0.0019063949584960938
128519,normal,2251,0,1782360184.9415376,0.002187490463256836
128520,normal,1227,0,1782360184.9436994,0.002161741256713867
128521,normal,1696,0,1782360184.9455671,0.0018677711486816406
128522,normal,2538,0,1782360184.9468365,0.0012693405151367188
128523,normal,2182,0,1782360184.94884,0.0020034313201904297
128524,normal,1216,0,1782360184.9508524,0.002012491226196289
128525,normal,3434,0,1782360184.9528935,0.0020411014556884766
128526,normal,1305,0,1782360184.9549613,0.0020678043365478516
128527,normal,3132,1,1782360184.956907,0.0019457340240478516
128528,normal,435,0,1782360184.9588525,0.00194549560546875
128529,normal,851,2,1782360184.9609563,0.0021038055419921875
128530,normal,185,0,1782360184.962938,0.0019817352294921875
128531,normal,26,0,1782360184.9648676,0.0019295215606689453
128532,normal,3518,0,1782360184.966889,0.002021312713623047
128533,normal,3358,1,1782360184.9696565,0.0027675628662109375
128534,normal,2331,0,1782360184.9711263,0.0014698505401611328
128535,normal,2802,0,1782360184.9730983,0.0019719600677490234
128536,normal,2363,0,1782360184.974941,0.0018427371978759766
128537,normal,2081,0,1782360184.9772844,0.002343416213989258
128538,normal,3455,0,1782360184.9789836,0.001699209213256836
128539,normal,3330,1,1782360184.980904,0.001920461654663086
128540,normal,1113,0,1782360184.983051,0.0021469593048095703
128541,normal,3479,0,1782360184.9853005,0.002249479293823242
128542,normal,728,0,1782360184.9869046,0.0016040802001953125
128543,normal,2997,0,1782360184.9888449,0.0019402503967285156
128544,normal,2698,0,1782360184.9908342,0.0019893646240234375
128545,normal,2576,0,1782360184.9928744,0.0020401477813720703
128546,normal,581,0,1782360184.9949856,0.002111196517944336
128547,normal,986,2,1782360184.9968166,0.0018310546875
128548,normal,379,0,1782360184.9995084,0.0026917457580566406
128549,normal,556,0,1782360185.0014536,0.0019452571868896484
128550,normal,1556,0,1782360185.0030155,0.001561880111694336
128551,normal,1429,0,1782360185.005099,0.0020835399627685547
128552,normal,343,0,1782360185.0069838,0.0018846988677978516
128553,normal,2159,0,1782360185.0089943,0.0020105838775634766
128554,normal,3572,0,1782360185.011073,0.0020787715911865234
128555,normal,513,0,1782360185.013263,0.0021898746490478516
128556,normal,475,0,1782360185.014975,0.0017120838165283203
128557,normal,2645,0,1782360185.0170262,0.002051115036010742
128558,normal,2934,0,1782360185.019039,0.0020127296447753906
128559,normal,147,0,1782360185.0210946,0.002055644989013672
128560,normal,2714,0,1782360185.0229988,0.0019042491912841797
128561,normal,1999,0,1782360185.0248277,0.001828908920288086
128562,normal,1787,0,1782360185.0269277,0.0020999908447265625
128563,normal,2792,0,1782360185.02885,0.0019223690032958984
128564,normal,363,0,1782360185.0309827,0.0021326541900634766
128565,normal,1897,0,1782360185.0329092,0.001926422119140625
128566,normal,985,2,1782360185.0349371,0.0020279884338378906
128567,normal,2603,0,1782360185.036905,0.001967906951904297
128568,normal,104,0,1782360185.0389168,0.0020117759704589844
128569,normal,987,2,1782360185.0408711,0.001954317092895508
128570,normal,30,0,1782360185.0428758,0.0020046234130859375
128571,normal,1813,0,1782360185.0455215,0.002645730972290039
128572,normal,1087,0,1782360185.0474243,0.0019028186798095703
128573,normal,2686,0,1782360185.0490127,0.0015883445739746094
128574,normal,1320,1,1782360185.0511725,0.0021598339080810547
128575,normal,2805,0,1782360185.0529528,0.0017802715301513672
128576,normal,1873,0,1782360185.0548744,0.0019216537475585938
128577,normal,971,2,1782360185.0569952,0.0021207332611083984
128578,normal,1156,0,1782360185.0589705,0.0019752979278564453
128579,normal,3097,1,1782360185.0610056,0.0020351409912109375
128580,normal,290,0,1782360185.0633125,0.0023069381713867188
128581,normal,470,0,1782360185.0650814,0.0017688274383544922
128582,normal,534,0,1782360185.0668352,0.0017538070678710938
128583,normal,2215,0,1782360185.068858,0.0020227432250976562
128584,normal,767,0,1782360185.0708716,0.002013683319091797
128585,normal,3621,0,1782360185.0728645,0.001992940902709961
128586,normal,1409,0,1782360185.0748746,0.0020101070404052734
128587,normal,2314,0,1782360185.0768871,0.002012491226196289
128588,normal,1708,0,1782360185.0793374,0.002450227737426758
128589,normal,2992,0,1782360185.081088,0.0017507076263427734
128590,normal,2866,0,1782360185.0829935,0.0019054412841796875
128591,normal,2004,0,1782360185.085019,0.002025604248046875
128592,normal,521,0,1782360185.0870779,0.002058744430541992
128593,normal,1808,0,1782360185.089079,0.002001047134399414
128594,normal,1136,0,1782360185.0912755,0.0021965503692626953
128595,normal,1938,0,1782360185.0931952,0.0019197463989257812
128596,normal,2321,0,1782360185.095073,0.0018777847290039062
128597,normal,3166,1,1782360185.096908,0.0018351078033447266
128598,normal,1309,0,1782360185.099276,0.0023679733276367188
128599,normal,931,2,1782360185.1015508,0.002274751663208008
128600,normal,2800,0,1782360185.1030056,0.0014548301696777344
128601,normal,1597,0,1782360185.1049452,0.001939535140991211
128602,normal,2419,0,1782360185.1070943,0.0021491050720214844
128603,normal,3313,1,1782360185.110013,0.002918720245361328
128604,normal,2076,0,1782360185.1109927,0.0009796619415283203
128605,normal,13,0,1782360185.1131673,0.0021746158599853516
128606,normal,2978,0,1782360185.1150959,0.001928567886352539
128607,normal,2658,0,1782360185.1170704,0.0019745826721191406
128608,normal,2165,0,1782360185.1190205,0.0019500255584716797
128609,normal,2861,0,1782360185.1217494,0.0027289390563964844
128610,normal,1108,0,1782360185.1229742,0.0012247562408447266
128611,normal,1582,0,1782360185.1250257,0.0020515918731689453
128612,normal,733,0,1782360185.1268916,0.0018658638000488281
128613,normal,299,0,1782360185.129201,0.0023093223571777344
128614,normal,2490,0,1782360185.1309805,0.0017795562744140625
128615,normal,969,2,1782360185.1329901,0.0020096302032470703
128616,normal,3616,0,1782360185.1349845,0.0019943714141845703
128617,normal,3586,0,1782360185.137196,0.0022115707397460938
128618,normal,2214,0,1782360185.1391697,0.0019736289978027344
128619,normal,3682,0,1782360185.141247,0.002077341079711914
128620,normal,2151,0,1782360185.1430094,0.00176239013671875
128621,normal,572,0,1782360185.1451197,0.0021102428436279297
128622,normal,2559,0,1782360185.1471078,0.0019881725311279297
128623,normal,2541,0,1782360185.1489453,0.0018374919891357422
128624,normal,2851,0,1782360185.1508918,0.0019464492797851562
128625,normal,608,0,1782360185.153017,0.002125263214111328
128626,normal,2642,0,1782360185.1550128,0.0019958019256591797
128627,normal,1546,0,1782360185.156926,0.0019130706787109375
128628,normal,509,0,1782360185.159232,0.0023059844970703125
128629,normal,2701,0,1782360185.1609929,0.0017609596252441406
128630,normal,929,2,1782360185.1631575,0.002164602279663086
128631,normal,826,2,1782360185.1648996,0.0017421245574951172
128632,normal,2155,0,1782360185.1670535,0.0021538734436035156
128633,normal,2631,0,1782360185.1689005,0.0018470287322998047
128634,normal,3486,0,1782360185.171547,0.0026464462280273438
128635,normal,2522,0,1782360185.1732218,0.0016748905181884766
128636,normal,1632,0,1782360185.174965,0.0017430782318115234
128637,normal,518,0,1782360185.1769161,0.0019512176513671875
128638,normal,3342,1,1782360185.17922,0.0023038387298583984
128639,normal,272,0,1782360185.181077,0.0018570423126220703
128640,normal,585,0,1782360185.1830387,0.0019617080688476562
128641,normal,563,0,1782360185.1851008,0.002062082290649414
128642,normal,1550,0,1782360185.1870406,0.0019397735595703125
128643,normal,2352,0,1782360185.1891341,0.0020935535430908203
128644,normal,1181,0,1782360185.1914349,0.002300739288330078
128645,normal,743,0,1782360185.1933131,0.0018782615661621094
128646,normal,3266,1,1782360185.1949854,0.0016722679138183594
128647,normal,1066,0,1782360185.1970978,0.0021123886108398438
128648,normal,2441,0,1782360185.1991801,0.002082347869873047
128649,normal,1384,0,1782360185.2011185,0.0019383430480957031
128650,normal,2661,0,1782360185.2028897,0.0017712116241455078
128651,normal,499,0,1782360185.2048724,0.0019826889038085938
128652,normal,991,2,1782360185.2070441,0.002171754837036133
128653,normal,2937,0,1782360185.2089205,0.0018763542175292969
128654,normal,3603,0,1782360185.211079,0.0021584033966064453
128655,normal,345,0,1782360185.2131345,0.002055644989013672
128656,normal,1869,0,1782360185.2152894,0.002154827117919922
128657,normal,3559,0,1782360185.2177968,0.002507448196411133
128658,normal,447,0,1782360185.2189507,0.0011539459228515625
128659,normal,2014,0,1782360185.220989,0.002038240432739258
128660,normal,810,2,1782360185.2232919,0.002302885055541992
128661,normal,44,0,1782360185.2259207,0.002628803253173828
128662,normal,803,2,1782360185.2275105,0.0015897750854492188
128663,normal,285,0,1782360185.2298121,0.0023016929626464844
128664,normal,2672,0,1782360185.2313917,0.0015795230865478516
128665,normal,3189,1,1782360185.2331061,0.001714468002319336
128666,normal,22,0,1782360185.2350023,0.0018961429595947266
128667,normal,2187,0,1782360185.2368898,0.0018875598907470703
128668,normal,2412,0,1782360185.2390165,0.0021266937255859375
128669,normal,3071,1,1782360185.2409067,0.0018901824951171875
128670,normal,350,0,1782360185.2433927,0.002485990524291992
128671,normal,1926,0,1782360185.245019,0.0016262531280517578
128672,normal,3311,1,1782360185.2469387,0.0019197463989257812
128673,normal,1297,0,1782360185.249111,0.002172231674194336
128674,normal,54,0,1782360185.2509377,0.0018267631530761719
128675,normal,1035,0,1782360185.2530987,0.0021610260009765625
128676,normal,1888,0,1782360185.2549677,0.0018689632415771484
128677,normal,315,0,1782360185.257081,0.00211334228515625
128678,normal,3648,0,1782360185.2595217,0.0024406909942626953
128679,normal,2959,0,1782360185.2611184,0.001596689224243164
128680,normal,740,0,1782360185.2629924,0.0018739700317382812
128681,normal,3190,1,1782360185.265248,0.002255678176879883
128682,normal,1130,0,1782360185.2671452,0.0018970966339111328
128683,normal,1593,0,1782360185.2691667,0.0020215511322021484
128684,normal,735,0,1782360185.271495,0.0023283958435058594
128685,normal,1742,0,1782360185.2732887,0.0017936229705810547
128686,normal,3138,1,1782360185.2751062,0.001817464828491211
128687,normal,2186,0,1782360185.277156,0.0020499229431152344
128688,normal,2436,0,1782360185.2794063,0.002250194549560547
128689,normal,404,0,1782360185.2816021,0.0021958351135253906
128690,normal,1804,0,1782360185.2830358,0.0014336109161376953
128691,normal,1723,0,1782360185.2849255,0.0018897056579589844
128692,normal,3680,0,1782360185.2868884,0.001962900161743164
128693,normal,3468,0,1782360185.2891238,0.00223541259765625
128694,normal,2259,0,1782360185.2910123,0.0018885135650634766
128695,normal,1208,0,1782360185.2929933,0.001981019973754883
128696,normal,3664,0,1782360185.2950191,0.0020258426666259766
128697,normal,2773,0,1782360185.2969365,0.0019173622131347656
128698,normal,3292,1,1782360185.2989295,0.001992940902709961
128699,normal,990,2,1782360185.3014274,0.0024979114532470703
128700,normal,3165,1,1782360185.3029323,0.0015048980712890625
128701,normal,541,0,1782360185.3048706,0.0019383430480957031
128702,normal,2638,0,1782360185.3068545,0.0019838809967041016
128703,normal,137,0,1782360185.3088796,0.002025127410888672
128704,normal,3101,1,1782360185.3109171,0.002037525177001953
128705,normal,2526,0,1782360185.3129067,0.001989603042602539
128706,normal,3398,1,1782360185.3149424,0.0020356178283691406
128707,normal,89,0,1782360185.3169377,0.0019953250885009766
128708,normal,1578,0,1782360185.318882,0.0019443035125732422
128709,normal,798,2,1782360185.320982,0.0020999908447265625
128710,normal,3344,1,1782360185.3229225,0.0019404888153076172
128711,normal,2270,0,1782360185.3248627,0.0019402503967285156
128712,normal,461,0,1782360185.3269067,0.0020439624786376953
128713,normal,3029,0,1782360185.3288627,0.0019559860229492188
128714,normal,3670,0,1782360185.3308573,0.001994609832763672
128715,normal,3663,0,1782360185.3328555,0.0019981861114501953
128716,normal,1780,0,1782360185.3349571,0.0021016597747802734
128717,normal,2075,0,1782360185.336903,0.0019459724426269531
128718,normal,2856,0,1782360185.3389397,0.002036571502685547
128719,normal,2195,0,1782360185.3409686,0.002028942108154297
128720,normal,2873,0,1782360185.3429956,0.0020270347595214844
128721,normal,3239,1,1782360185.344936,0.0019402503967285156
128722,normal,2930,0,1782360185.346951,0.0020151138305664062
128723,normal,2449,0,1782360185.3491368,0.002185821533203125
128724,normal,3021,0,1782360185.351152,0.0020151138305664062
128725,normal,699,0,1782360185.3530025,0.0018506050109863281
128726,normal,3437,0,1782360185.3552165,0.0022139549255371094
128727,normal,3359,1,1782360185.356884,0.0016674995422363281
128728,normal,1372,1,1782360185.3590307,0.0021467208862304688
128729,normal,2932,0,1782360185.3608775,0.0018467903137207031
128730,normal,1032,0,1782360185.3630195,0.0021419525146484375
128731,normal,1589,0,1782360185.3652508,0.0022313594818115234
128732,normal,2306,0,1782360185.3671632,0.0019123554229736328
128733,normal,2472,0,1782360185.3689601,0.0017969608306884766
128734,normal,2558,0,1782360185.3711956,0.00223541259765625
128735,normal,2119,0,1782360185.373094,0.0018985271453857422
128736,normal,3561,0,1782360185.3750691,0.0019750595092773438
128737,normal,3628,0,1782360185.3769615,0.0018923282623291016
128738,normal,832,2,1782360185.379564,0.0026025772094726562
128739,normal,333,0,1782360185.3814745,0.0019104480743408203
128740,normal,2654,0,1782360185.3830822,0.001607656478881836
128741,normal,414,0,1782360185.385093,0.002010822296142578
128742,normal,2592,0,1782360185.3871603,0.0020673274993896484
128743,normal,2438,0,1782360185.388917,0.0017566680908203125
128744,normal,878,2,1782360185.391029,0.0021119117736816406
128745,normal,1218,0,1782360185.3929913,0.001962423324584961
128746,normal,1639,0,1782360185.3951228,0.0021314620971679688
128747,normal,570,0,1782360185.3968914,0.0017685890197753906
128748,normal,3228,1,1782360185.399445,0.002553701400756836
128749,normal,536,0,1782360185.4009912,0.0015461444854736328
128750,normal,2462,0,1782360185.4028945,0.0019032955169677734
128751,normal,2683,0,1782360185.404896,0.002001523971557617
128752,normal,2482,0,1782360185.4074264,0.002530336380004883
128753,normal,3480,0,1782360185.4091825,0.0017561912536621094
128754,normal,2013,0,1782360185.4111114,0.0019288063049316406
128755,normal,3658,0,1782360185.413035,0.0019235610961914062
128756,normal,1755,0,1782360185.4149115,0.0018765926361083984
128757,normal,1862,0,1782360185.416912,0.002000570297241211
128758,normal,2569,0,1782360185.420131,0.0032188892364501953
128759,normal,1943,0,1782360185.4208853,0.0007543563842773438
128760,normal,1747,0,1782360185.422897,0.0020117759704589844
128761,normal,1456,0,1782360185.425092,0.0021948814392089844
128762,normal,3566,0,1782360185.4269567,0.0018646717071533203
128763,normal,2775,0,1782360185.4293132,0.0023565292358398438
128764,normal,504,0,1782360185.430982,0.0016689300537109375
128765,normal,3247,1,1782360185.4330175,0.002035379409790039
128766,normal,1144,0,1782360185.4349759,0.0019583702087402344
128767,normal,2999,0,1782360185.4369867,0.002010822296142578
128768,normal,2059,0,1782360185.4389179,0.0019311904907226562
128769,normal,1931,0,1782360185.441158,0.0022401809692382812
128770,normal,862,2,1782360185.4429588,0.0018007755279541016
128771,normal,591,0,1782360185.4449663,0.0020074844360351562
128772,normal,2709,0,1782360185.4470878,0.002121448516845703
128773,normal,719,0,1782360185.4489996,0.0019118785858154297
128774,normal,381,0,1782360185.4509974,0.001997709274291992
128775,normal,3392,1,1782360185.4532099,0.0022125244140625
128776,normal,2772,0,1782360185.4551926,0.0019826889038085938
128777,normal,1375,1,1782360185.4569159,0.0017232894897460938
128778,normal,674,0,1782360185.45893,0.00201416015625
128779,normal,3224,1,1782360185.4611685,0.0022385120391845703
128780,normal,391,0,1782360185.4636378,0.002469301223754883
128781,normal,2703,0,1782360185.4653218,0.001683950424194336
128782,normal,1927,0,1782360185.4670846,0.0017628669738769531
128783,normal,2486,0,1782360185.469164,0.0020792484283447266
128784,normal,539,0,1782360185.4710224,0.0018584728240966797
128785,normal,2678,0,1782360185.4731796,0.0021572113037109375
128786,normal,789,2,1782360185.4751284,0.0019488334655761719
128787,normal,1810,0,1782360185.477017,0.0018885135650634766
128788,normal,2444,0,1782360185.4792323,0.0022153854370117188
128789,normal,3527,0,1782360185.4815803,0.0023479461669921875
128790,normal,1361,1,1782360185.4829583,0.0013780593872070312
128791,normal,3612,0,1782360185.4850495,0.0020911693572998047
128792,normal,3622,0,1782360185.487481,0.002431631088256836
128793,normal,627,0,1782360185.4888792,0.0013980865478515625
128794,normal,2054,0,1782360185.4910264,0.002147197723388672
128795,normal,59,0,1782360185.492891,0.0018646717071533203
128796,normal,2840,0,1782360185.4950986,0.002207517623901367
128797,normal,847,2,1782360185.4969614,0.0018627643585205078
128798,normal,2036,0,1782360185.4991431,0.0021817684173583984
128799,normal,2867,0,1782360185.5009308,0.0017876625061035156
128800,normal,487,0,1782360185.5030382,0.002107381820678711
128801,normal,758,0,1782360185.5050483,0.0020101070404052734
128802,normal,209,0,1782360185.5070856,0.0020372867584228516
128803,normal,1548,0,1782360185.5089147,0.0018291473388671875
128804,normal,2401,0,1782360185.5110476,0.002132892608642578
128805,normal,133,0,1782360185.5128906,0.0018429756164550781
128806,normal,3149,1,1782360185.5150256,0.002135038375854492
128807,normal,3214,1,1782360185.5169024,0.0018768310546875
128808,normal,1861,0,1782360185.5188973,0.0019948482513427734
128809,normal,1782,0,1782360185.5210218,0.0021245479583740234
128810,normal,383,0,1782360185.5230281,0.0020062923431396484
128811,normal,817,2,1782360185.5250857,0.0020575523376464844
128812,normal,1041,0,1782360185.5275483,0.002462625503540039
128813,normal,3681,0,1782360185.5291717,0.001623392105102539
128814,normal,756,0,1782360185.530979,0.0018072128295898438
128815,normal,2358,0,1782360185.5331228,0.00214385986328125
128816,normal,874,2,1782360185.5349371,0.0018143653869628906
128817,normal,2892,0,1782360185.5370045,0.0020673274993896484
128818,normal,3474,0,1782360185.53901,0.0020055770874023438
128819,normal,2066,0,1782360185.5408757,0.0018656253814697266
128820,normal,2623,0,1782360185.5429814,0.002105712890625
128821,normal,2341,0,1782360185.545003,0.0020215511322021484
128822,normal,1694,0,1782360185.5469718,0.001968860626220703
128823,normal,880,2,1782360185.54934,0.0023682117462158203
128824,normal,2563,0,1782360185.5509975,0.0016574859619140625
128825,normal,1653,0,1782360185.55316,0.002162456512451172
128826,normal,1270,0,1782360185.5553162,0.0021562576293945312
128827,normal,901,2,1782360185.5573194,0.002003192901611328
128828,normal,1710,0,1782360185.5595644,0.0022449493408203125
128829,normal,3708,0,1782360185.5611162,0.0015518665313720703
128830,normal,2504,0,1782360185.5630414,0.0019252300262451172
128831,normal,1142,0,1782360185.5653377,0.0022962093353271484
128832,normal,3045,1,1782360185.5672584,0.0019207000732421875
128833,normal,1539,0,1782360185.5690627,0.001804351806640625
128834,normal,3280,1,1782360185.5708637,0.0018010139465332031
128835,normal,2591,0,1782360185.573,0.00213623046875
128836,normal,1356,1,1782360185.5750043,0.002004384994506836
128837,normal,2928,0,1782360185.5768964,0.00189208984375
128838,normal,1411,0,1782360185.5793579,0.0024614334106445312
128839,normal,868,2,1782360185.5809891,0.0016312599182128906
128840,normal,927,2,1782360185.582965,0.0019757747650146484
128841,normal,1498,0,1782360185.5848587,0.001893758773803711
128842,normal,2416,0,1782360185.587003,0.002144336700439453
128843,normal,1902,0,1782360185.588874,0.0018711090087890625
128844,normal,2514,0,1782360185.5911133,0.002239227294921875
128845,normal,1387,0,1782360185.5944672,0.0033538341522216797
128846,normal,223,0,1782360185.5954087,0.0009415149688720703
128847,normal,284,0,1782360185.5974615,0.002052783966064453
128848,normal,3066,1,1782360185.5990076,0.0015461444854736328
128849,normal,2026,0,1782360185.6010163,0.002008676528930664
128850,normal,3038,0,1782360185.6029031,0.0018868446350097656
128851,normal,1339,1,1782360185.6050413,0.0021381378173828125
128852,normal,1929,0,1782360185.6069334,0.00189208984375
128853,normal,2362,0,1782360185.6092935,0.002360105514526367
128854,normal,2100,0,1782360185.6114533,0.0021598339080810547
128855,normal,1161,0,1782360185.613052,0.0015985965728759766
128856,normal,1648,0,1782360185.6149054,0.0018534660339355469
128857,normal,1197,0,1782360185.6170537,0.0021483898162841797
128858,normal,1749,0,1782360185.6189218,0.0018680095672607422
128859,normal,483,0,1782360185.621016,0.002094268798828125
128860,normal,1069,0,1782360185.622988,0.0019719600677490234
128861,normal,2249,0,1782360185.6257496,0.0027616024017333984
128862,normal,2328,0,1782360185.6272016,0.0014519691467285156
128863,normal,1987,0,1782360185.629594,0.0023925304412841797
128864,normal,2101,0,1782360185.6310053,0.0014111995697021484
128865,normal,380,0,1782360185.6332886,0.002283334732055664
128866,normal,2621,0,1782360185.6350238,0.0017352104187011719
128867,normal,2987,0,1782360185.6372373,0.0022134780883789062
128868,normal,1201,0,1782360185.639077,0.0018396377563476562
128869,normal,77,0,1782360185.6415386,0.002461671829223633
128870,normal,3360,1,1782360185.6434343,0.0018956661224365234
128871,normal,135,0,1782360185.6452363,0.0018019676208496094
128872,normal,669,0,1782360185.6469507,0.001714468002319336
128873,normal,191,0,1782360185.6498024,0.002851724624633789
128874,normal,2503,0,1782360185.651924,0.002121448516845703
128875,normal,1936,0,1782360185.6534054,0.0014815330505371094
128876,normal,2885,0,1782360185.6549985,0.0015931129455566406
128877,normal,1669,0,1782360185.6570148,0.002016305923461914
128878,normal,1907,0,1782360185.6589832,0.0019683837890625
128879,normal,727,0,1782360185.6608784,0.0018951892852783203
128880,normal,1976,0,1782360185.6632357,0.0023572444915771484
128881,normal,701,0,1782360185.664927,0.0016913414001464844
128882,normal,2226,0,1782360185.6671445,0.002217531204223633
128883,normal,1483,0,1782360185.6690116,0.001867055892944336
128884,normal,2067,0,1782360185.671193,0.0021812915802001953
128885,normal,178,0,1782360185.6729927,0.0017998218536376953
128886,normal,2011,0,1782360185.6752856,0.0022928714752197266
128887,normal,127,0,1782360185.6769626,0.0016770362854003906
128888,normal,454,0,1782360185.6789873,0.0020246505737304688
128889,normal,815,2,1782360185.6810167,0.0020294189453125
128890,normal,519,0,1782360185.683166,0.002149343490600586
128891,normal,2949,0,1782360185.6850991,0.0019330978393554688
128892,normal,2871,0,1782360185.6869214,0.0018222332000732422
128893,normal,1364,1,1782360185.6891584,0.002237081527709961
128894,normal,1083,0,1782360185.691069,0.0019104480743408203
128895,normal,325,0,1782360185.6931033,0.002034425735473633
128896,normal,303,0,1782360185.6950116,0.0019083023071289062
128897,normal,1517,0,1782360185.6969137,0.0019021034240722656
128898,normal,410,0,1782360185.6990147,0.0021009445190429688
128899,normal,2817,0,1782360185.7009094,0.0018947124481201172
128900,normal,3134,1,1782360185.7029986,0.002089262008666992
128901,normal,3641,0,1782360185.704917,0.0019183158874511719
128902,normal,3368,1,1782360185.7070374,0.002120494842529297
128903,normal,3637,0,1782360185.7089863,0.0019488334655761719
128904,normal,1531,0,1782360185.7110028,0.0020165443420410156
128905,normal,3013,0,1782360185.7134106,0.0024077892303466797
128906,normal,85,0,1782360185.7149353,0.0015246868133544922
128907,normal,549,0,1782360185.7170508,0.002115488052368164
128908,normal,1058,0,1782360185.7190168,0.0019659996032714844
128909,normal,2204,0,1782360185.7209725,0.001955747604370117
128910,normal,1656,0,1782360185.7228978,0.0019252300262451172
128911,normal,1477,0,1782360185.7250211,0.0021233558654785156
128912,normal,3064,1,1782360185.7268825,0.0018613338470458984
128913,normal,1649,0,1782360185.7290132,0.002130746841430664
128914,normal,16,0,1782360185.7310443,0.002031087875366211
128915,normal,1185,0,1782360185.7330396,0.0019953250885009766
128916,normal,2086,0,1782360185.7349834,0.001943826675415039
128917,normal,1109,0,1782360185.737232,0.002248525619506836
128918,normal,1812,0,1782360185.7398446,0.002612590789794922
128919,normal,852,2,1782360185.7410073,0.0011627674102783203
128920,normal,1848,0,1782360185.7432847,0.002277374267578125
128921,normal,2751,0,1782360185.745046,0.0017611980438232422
128922,normal,1048,0,1782360185.7470264,0.0019805431365966797
128923,normal,503,0,1782360185.7491934,0.0021669864654541016
128924,normal,2046,0,1782360185.751154,0.0019605159759521484
128925,normal,1281,0,1782360185.7528975,0.0017435550689697266
128926,normal,9,0,1782360185.7550068,0.0021092891693115234
128927,normal,1316,0,1782360185.7568617,0.0018548965454101562
128928,normal,988,2,1782360185.7591598,0.002298116683959961
128929,normal,493,0,1782360185.7610247,0.0018649101257324219
128930,normal,680,0,1782360185.7630315,0.0020067691802978516
128931,normal,3001,0,1782360185.765009,0.0019774436950683594
128932,normal,339,0,1782360220.3851788,0.0
128933,normal,1502,0,1782360220.3871922,0.0020134449005126953
128934,normal,1295,0,1782360220.3891447,0.0019524097442626953
128935,normal,312,0,1782360220.3911364,0.001991748809814453
128936,normal,631,0,1782360220.393176,0.002039670944213867
128937,normal,2935,0,1782360220.395085,0.001909017562866211
128938,normal,3701,0,1782360220.3971057,0.002020597457885742
128939,normal,566,0,1782360220.399108,0.002002239227294922
128940,normal,2017,0,1782360220.4010642,0.0019562244415283203
128941,normal,2806,0,1782360220.4031527,0.0020885467529296875
128942,normal,221,0,1782360220.4051533,0.002000570297241211
128943,normal,845,2,1782360220.4072487,0.002095460891723633
128944,normal,373,0,1782360220.4091353,0.001886606216430664
128945,normal,3684,0,1782360220.411353,0.0022177696228027344
128946,normal,1659,0,1782360220.4131298,0.0017766952514648438
128947,normal,3039,0,1782360220.415249,0.002119302749633789
128948,normal,2022,0,1782360220.4173481,0.0020990371704101562
128949,normal,2926,0,1782360220.419136,0.0017879009246826172
128950,normal,2492,0,1782360220.4213057,0.0021696090698242188
128951,normal,1880,0,1782360220.4231849,0.0018792152404785156
128952,normal,418,0,1782360220.4252217,0.0020368099212646484
128953,normal,1253,0,1782360220.4272656,0.0020439624786376953
128954,normal,3224,1,1782360220.4292474,0.0019817352294921875
128955,normal,2827,0,1782360220.4312565,0.002009153366088867
128956,normal,3559,0,1782360220.4332387,0.0019822120666503906
128957,normal,2018,0,1782360220.4352353,0.0019965171813964844
128958,normal,2133,0,1782360220.4373043,0.0020689964294433594
128959,normal,3591,0,1782360220.4392507,0.0019464492797851562
128960,normal,2285,0,1782360220.4413903,0.002139568328857422
128961,normal,1331,1,1782360220.4432662,0.0018758773803710938
128962,normal,1393,0,1782360220.4452147,0.0019485950469970703
128963,normal,773,2,1782360220.447248,0.002033233642578125
128964,normal,2142,0,1782360220.4492018,0.0019538402557373047
128965,normal,1631,0,1782360220.4511893,0.001987457275390625
128966,normal,2593,0,1782360220.4532423,0.0020530223846435547
128967,normal,1637,0,1782360220.455301,0.002058744430541992
128968,normal,2654,0,1782360220.4571352,0.0018341541290283203
128969,normal,230,0,1782360220.4592414,0.002106189727783203
128970,normal,1753,0,1782360220.4611318,0.001890420913696289
128971,normal,3659,0,1782360220.4633305,0.0021986961364746094
128972,normal,2407,0,1782360220.4653273,0.001996755599975586
128973,normal,3693,0,1782360220.4671338,0.001806497573852539
128974,normal,2355,0,1782360220.4692163,0.0020825862884521484
128975,normal,2863,0,1782360220.47128,0.002063751220703125
128976,normal,1973,0,1782360220.4731486,0.0018684864044189453
128977,normal,2803,0,1782360220.4752212,0.002072572708129883
128978,normal,2898,0,1782360220.47715,0.0019288063049316406
128979,normal,491,0,1782360220.4792776,0.0021276473999023438
128980,normal,198,0,1782360220.481138,0.0018603801727294922
128981,normal,829,2,1782360220.4833255,0.002187490463256836
128982,normal,639,0,1782360220.485144,0.0018184185028076172
128983,normal,1797,0,1782360220.4872103,0.002066373825073242
128984,normal,2214,0,1782360220.4891763,0.0019659996032714844
128985,normal,3679,0,1782360220.4913,0.0021238327026367188
128986,normal,1790,0,1782360220.4931328,0.001832723617553711
128987,normal,1222,0,1782360220.4953098,0.002177000045776367
128988,normal,3527,0,1782360220.4971554,0.0018455982208251953
128989,normal,3375,1,1782360220.4992697,0.0021142959594726562
128990,normal,2481,0,1782360220.5011654,0.0018956661224365234
128991,normal,652,0,1782360220.5032852,0.002119779586791992
128992,normal,786,2,1782360220.5051713,0.001886129379272461
128993,normal,726,0,1782360220.5073142,0.0021429061889648438
128994,normal,2777,0,1782360220.509147,0.001832723617553711
128995,normal,523,0,1782360220.511258,0.0021109580993652344
128996,normal,290,0,1782360220.5131803,0.0019223690032958984
128997,normal,1219,0,1782360220.5152307,0.0020503997802734375
128998,normal,2840,0,1782360220.5172672,0.002036571502685547
128999,normal,3474,0,1782360220.5191817,0.0019145011901855469
129000,normal,1923,0,1782360220.521327,0.0021452903747558594
129001,normal,3142,1,1782360220.5231428,0.0018157958984375
129002,normal,3213,1,1782360220.5252206,0.002077817916870117
129003,normal,3654,0,1782360220.5271032,0.0018825531005859375
129004,normal,623,0,1782360220.5292268,0.002123594284057617
129005,normal,1011,2,1782360220.5311432,0.0019164085388183594
129006,normal,3204,1,1782360220.5331573,0.00201416015625
129007,normal,645,0,1782360220.5351245,0.001967191696166992
129008,normal,1371,1,1782360220.5371845,0.0020599365234375
129009,normal,3014,0,1782360220.5391557,0.0019712448120117188
129010,normal,2411,0,1782360220.5411274,0.001971721649169922
129011,normal,440,0,1782360220.5431662,0.002038717269897461
129012,normal,397,0,1782360220.5451484,0.0019822120666503906
129013,normal,2816,0,1782360220.5471418,0.001993417739868164
129014,normal,2305,0,1782360220.5491736,0.0020318031311035156
129015,normal,1090,0,1782360220.5511603,0.0019867420196533203
129016,normal,341,0,1782360220.553126,0.001965761184692383
129017,normal,2839,0,1782360220.555184,0.002057790756225586
129018,normal,2406,0,1782360220.5571485,0.001964569091796875
129019,normal,3043,0,1782360220.5591269,0.0019783973693847656
129020,normal,1114,0,1782360220.5611587,0.0020318031311035156
129021,normal,356,0,1782360220.5631652,0.00200653076171875
129022,normal,101,0,1782360220.565149,0.0019838809967041016
129023,normal,3176,1,1782360220.5671713,0.002022266387939453
129024,normal,1223,0,1782360220.5691502,0.0019788742065429688
129025,normal,593,0,1782360220.5711367,0.0019865036010742188
129026,normal,3123,1,1782360220.5731509,0.00201416015625
129027,normal,2246,0,1782360220.5751495,0.0019986629486083984
129028,normal,345,0,1782360220.5771449,0.0019953250885009766
129029,normal,329,0,1782360220.5791628,0.002017974853515625
129030,normal,1478,0,1782360220.5811436,0.0019807815551757812
129031,normal,1920,0,1782360220.5831351,0.0019915103912353516
129032,normal,2693,0,1782360220.5851536,0.002018451690673828
129033,normal,441,0,1782360220.5872047,0.002051115036010742
129034,normal,2940,0,1782360220.5891268,0.0019221305847167969
129035,normal,55,0,1782360220.5911348,0.0020079612731933594
129036,normal,3240,1,1782360220.5930831,0.0019483566284179688
129037,normal,2098,0,1782360220.595105,0.00202178955078125
129038,normal,1653,0,1782360220.59716,0.0020551681518554688
129039,normal,1760,0,1782360220.5991278,0.0019676685333251953
129040,normal,2499,0,1782360220.6011364,0.002008676528930664
129041,normal,2618,0,1782360220.6033335,0.0021970272064208984
129042,normal,3048,1,1782360220.6051435,0.0018100738525390625
129043,normal,1405,0,1782360220.6072898,0.0021462440490722656
129044,normal,3677,0,1782360220.6093385,0.0020487308502197266
129045,normal,2996,0,1782360220.6111534,0.0018148422241210938
129046,normal,1344,1,1782360220.6132638,0.0021104812622070312
129047,normal,2737,0,1782360220.615234,0.001970052719116211
129048,normal,1347,1,1782360220.6173012,0.0020673274993896484
129049,normal,3467,0,1782360220.6191518,0.0018506050109863281
129050,normal,3244,1,1782360220.6213467,0.0021948814392089844
129051,normal,1483,0,1782360220.623146,0.0017993450164794922
129052,normal,2630,0,1782360220.6252754,0.0021293163299560547
129053,normal,2313,0,1782360220.6272235,0.0019481182098388672
129054,normal,985,2,1782360220.6293695,0.002146005630493164
129055,normal,2682,0,1782360220.6311424,0.0017728805541992188
129056,normal,2086,0,1782360220.6333604,0.002218008041381836
129057,normal,30,0,1782360220.6351783,0.001817941665649414
129058,normal,2866,0,1782360220.6372917,0.00211334228515625
129059,normal,1395,0,1782360220.639217,0.0019252300262451172
129060,normal,3318,1,1782360220.6413367,0.002119779586791992
129061,normal,895,2,1782360220.643289,0.0019524097442626953
129062,normal,112,0,1782360220.6452262,0.0019371509552001953
129063,normal,204,0,1782360220.6473165,0.0020902156829833984
129064,normal,3484,0,1782360220.649163,0.0018465518951416016
129065,normal,3700,0,1782360220.651351,0.002187967300415039
129066,normal,1044,0,1782360220.653209,0.0018579959869384766
129067,normal,1127,0,1782360220.6552842,0.0020751953125
129068,normal,590,0,1782360220.657141,0.0018568038940429688
129069,normal,175,0,1782360220.6591563,0.002015352249145508
129070,normal,234,0,1782360220.6611123,0.0019559860229492188
129071,normal,76,0,1782360220.6631324,0.002020120620727539
129072,normal,2440,0,1782360220.6650934,0.0019609928131103516
129073,normal,3214,1,1782360220.6670868,0.001993417739868164
129074,normal,3195,1,1782360220.6691186,0.0020318031311035156
129075,normal,2775,0,1782360220.6710832,0.001964569091796875
129076,normal,2187,0,1782360220.6731184,0.0020351409912109375
129077,normal,3311,1,1782360220.6751313,0.002012968063354492
129078,normal,3365,1,1782360220.6771052,0.001973867416381836
129079,normal,2496,0,1782360220.6790912,0.0019860267639160156
129080,normal,1117,0,1782360220.6811447,0.002053499221801758
129081,normal,1420,0,1782360220.6830943,0.0019495487213134766
129082,normal,371,0,1782360220.6850986,0.002004384994506836
129083,normal,1801,0,1782360220.6871374,0.002038717269897461
129084,normal,688,0,1782360220.6890962,0.0019588470458984375
129085,normal,2958,0,1782360220.6911523,0.002056121826171875
129086,normal,260,0,1782360220.6931472,0.0019948482513427734
129087,normal,762,0,1782360220.6951067,0.001959562301635742
129088,normal,1800,0,1782360220.6970892,0.001982450485229492
129089,normal,1378,1,1782360220.6991258,0.002036571502685547
129090,normal,2255,0,1782360220.7010987,0.0019729137420654297
129091,normal,183,0,1782360220.703089,0.0019903182983398438
129092,normal,288,0,1782360220.7051013,0.0020122528076171875
129093,normal,1384,0,1782360220.707168,0.0020668506622314453
129094,normal,261,0,1782360220.7090967,0.001928567886352539
129095,normal,1978,0,1782360220.7111235,0.002026796340942383
129096,normal,269,0,1782360220.7131028,0.001979351043701172
129097,normal,18,0,1782360220.7150888,0.0019860267639160156
129098,normal,195,0,1782360220.7171264,0.002037525177001953
129099,normal,885,2,1782360220.7190933,0.0019669532775878906
129100,normal,274,0,1782360220.7211022,0.0020089149475097656
129101,normal,146,0,1782360220.723106,0.0020036697387695312
129102,normal,139,0,1782360220.7251182,0.0020122528076171875
129103,normal,2108,0,1782360220.7271104,0.0019922256469726562
129104,normal,3584,0,1782360220.7291064,0.0019960403442382812
129105,normal,2818,0,1782360220.7311301,0.0020236968994140625
129106,normal,1461,0,1782360220.7331064,0.0019762516021728516
129107,normal,996,2,1782360220.735095,0.001988649368286133
129108,normal,777,2,1782360220.7371125,0.002017498016357422
129109,normal,3692,0,1782360220.7390962,0.001983642578125
129110,normal,3283,1,1782360220.7411017,0.0020055770874023438
129111,normal,3437,0,1782360220.7430995,0.001997709274291992
129112,normal,2301,0,1782360220.745106,0.00200653076171875
129113,normal,1101,0,1782360220.747104,0.0019979476928710938
129114,normal,3517,0,1782360220.749267,0.0021631717681884766
129115,normal,1126,0,1782360220.7510855,0.0018184185028076172
129116,normal,2792,0,1782360220.7531047,0.002019166946411133
129117,normal,1424,0,1782360220.7551088,0.0020041465759277344
129118,normal,1868,0,1782360220.7571206,0.0020117759704589844
129119,normal,2774,0,1782360220.7590988,0.001978158950805664
129120,normal,347,0,1782360220.761111,0.0020122528076171875
129121,normal,818,2,1782360220.7631042,0.0019931793212890625
129122,normal,73,0,1782360220.7650976,0.001993417739868164
129123,normal,1235,0,1782360220.7670937,0.0019960403442382812
129124,normal,1974,0,1782360220.7691104,0.002016782760620117
129125,normal,3391,1,1782360220.7711205,0.0020101070404052734
129126,normal,2538,0,1782360220.773115,0.0019943714141845703
129127,normal,2988,0,1782360220.7750998,0.001984834671020508
129128,normal,2003,0,1782360220.7771053,0.0020055770874023438
129129,normal,2836,0,1782360220.7790966,0.00199127197265625
129130,normal,1418,0,1782360220.7811055,0.0020089149475097656
129131,normal,2039,0,1782360220.7830994,0.001993894577026367
129132,normal,3331,1,1782360220.785113,0.002013683319091797
129133,normal,2731,0,1782360220.7871006,0.001987457275390625
129134,normal,480,0,1782360220.7891057,0.0020051002502441406
129135,normal,3250,1,1782360220.7910984,0.0019927024841308594
129136,normal,1351,1,1782360220.7931042,0.0020058155059814453
129137,normal,2669,0,1782360220.7951093,0.0020051002502441406
129138,normal,1646,0,1782360220.7971117,0.0020024776458740234
129139,normal,81,0,1782360220.799109,0.001997232437133789
129140,normal,799,2,1782360220.8011048,0.0019958019256591797
129141,normal,162,0,1782360220.8030982,0.001993417739868164
129142,normal,2586,0,1782360220.805102,0.002003908157348633
129143,normal,2822,0,1782360220.8070946,0.001992464065551758
129144,normal,2517,0,1782360220.8091116,0.0020170211791992188
129145,normal,1128,0,1782360220.8110943,0.0019826889038085938
129146,normal,2145,0,1782360220.8131044,0.0020101070404052734
129147,normal,2329,0,1782360220.8150988,0.0019943714141845703
129148,normal,3460,0,1782360220.8171053,0.00200653076171875
129149,normal,3412,0,1782360220.8190966,0.00199127197265625
129150,normal,184,0,1782360220.8211,0.0020034313201904297
129151,normal,3117,1,1782360220.823097,0.0019969940185546875
129152,normal,1998,0,1782360220.825105,0.0020079612731933594
129153,normal,2019,0,1782360220.8271062,0.0020012855529785156
129154,normal,1621,0,1782360220.8290987,0.001992464065551758
129155,normal,311,0,1782360220.8310952,0.0019965171813964844
129156,normal,2883,0,1782360220.833173,0.002077817916870117
129157,normal,3480,0,1782360220.835123,0.0019500255584716797
129158,normal,3597,0,1782360220.8370974,0.001974344253540039
129159,normal,2592,0,1782360220.8391008,0.0020034313201904297
129160,normal,3279,1,1782360220.8411021,0.0020012855529785156
129161,normal,2566,0,1782360220.8430982,0.0019960403442382812
129162,normal,2122,0,1782360220.8450994,0.0020012855529785156
129163,normal,1316,0,1782360220.8470967,0.001997232437133789
129164,normal,1057,0,1782360220.849109,0.0020122528076171875
129165,normal,1401,0,1782360220.8510983,0.0019893646240234375
129166,normal,3299,1,1782360220.8533263,0.0022280216217041016
129167,normal,3511,0,1782360220.8552935,0.001967191696166992
129168,normal,2350,0,1782360220.8572755,0.001981973648071289
129169,normal,2748,0,1782360220.8591397,0.0018641948699951172
129170,normal,88,0,1782360220.861184,0.002044200897216797
129171,normal,919,2,1782360220.8632743,0.0020904541015625
129172,normal,116,0,1782360220.865146,0.0018715858459472656
129173,normal,2570,0,1782360220.8673022,0.0021562576293945312
129174,normal,930,2,1782360220.869148,0.0018458366394042969
129175,normal,1297,0,1782360220.8712742,0.0021262168884277344
129176,normal,3216,1,1782360220.8732872,0.002012968063354492
129177,normal,2561,0,1782360220.8752794,0.0019922256469726562
129178,normal,2414,0,1782360220.8771408,0.0018613338470458984
129179,normal,3298,1,1782360220.879169,0.002028226852416992
129180,normal,1431,0,1782360220.881299,0.0021300315856933594
129181,normal,3469,0,1782360220.8833582,0.0020592212677001953
129182,normal,279,0,1782360220.8851576,0.0017993450164794922
129183,normal,1457,0,1782360220.887314,0.002156496047973633
129184,normal,988,2,1782360220.8891587,0.001844644546508789
129185,normal,2759,0,1782360220.8913455,0.0021867752075195312
129186,normal,1700,0,1782360220.8932009,0.0018553733825683594
129187,normal,1911,0,1782360220.8952875,0.002086639404296875
129188,normal,776,2,1782360220.8972218,0.0019342899322509766
129189,normal,80,0,1782360220.8993418,0.0021200180053710938
129190,normal,614,0,1782360220.9011567,0.0018148422241210938
129191,normal,671,0,1782360220.9033558,0.0021991729736328125
129192,normal,62,0,1782360220.9051502,0.0017943382263183594
129193,normal,2679,0,1782360220.907271,0.0021207332611083984
129194,normal,2594,0,1782360220.9092371,0.001966238021850586
129195,normal,476,0,1782360220.9113145,0.002077341079711914
129196,normal,2451,0,1782360220.9131448,0.0018303394317626953
129197,normal,1465,0,1782360220.915379,0.002234220504760742
129198,normal,1517,0,1782360220.9171479,0.0017688274383544922
129199,normal,1936,0,1782360220.9192715,0.002123594284057617
129200,normal,2835,0,1782360220.921243,0.0019714832305908203
129201,normal,2873,0,1782360220.923334,0.002090930938720703
129202,normal,1411,0,1782360220.9251747,0.001840829849243164
129203,normal,90,0,1782360220.9273403,0.002165555953979492
129204,normal,2333,0,1782360220.9291651,0.0018248558044433594
129205,normal,571,0,1782360220.9313223,0.0021572113037109375
129206,normal,1079,0,1782360220.933134,0.0018117427825927734
129207,normal,158,0,1782360220.935176,0.0020418167114257812
129208,normal,60,0,1782360220.9370918,0.0019159317016601562
129209,normal,1308,0,1782360220.9390793,0.001987457275390625
129210,normal,1239,0,1782360220.941164,0.0020847320556640625
129211,normal,2325,0,1782360220.9430635,0.0018994808197021484
129212,normal,1686,0,1782360220.9450681,0.0020046234130859375
129213,normal,1354,1,1782360220.9471438,0.002075672149658203
129214,normal,1186,0,1782360220.9491343,0.0019905567169189453
129215,normal,3309,1,1782360220.9510927,0.0019583702087402344
129216,normal,2270,0,1782360220.9531403,0.0020475387573242188
129217,normal,2295,0,1782360220.9551344,0.0019941329956054688
129218,normal,3261,1,1782360220.957095,0.0019605159759521484
129219,normal,147,0,1782360220.9591365,0.0020415782928466797
129220,normal,309,0,1782360220.9611158,0.001979351043701172
129221,normal,3269,1,1782360220.9630947,0.0019788742065429688
129222,normal,1076,0,1782360220.9651418,0.0020470619201660156
129223,normal,3628,0,1782360220.9671254,0.001983642578125
129224,normal,3314,1,1782360220.9690988,0.001973390579223633
129225,normal,1844,0,1782360220.9711459,0.0020470619201660156
129226,normal,2641,0,1782360220.9731743,0.0020284652709960938
129227,normal,1564,0,1782360220.9751039,0.0019295215606689453
129228,normal,1315,0,1782360220.9771037,0.0019998550415039062
129229,normal,2564,0,1782360220.9791062,0.0020024776458740234
129230,normal,3355,1,1782360220.9810958,0.001989603042602539
129231,normal,753,0,1782360220.983105,0.002009153366088867
129232,normal,2509,0,1782360220.9851,0.001995086669921875
129233,normal,1402,0,1782360220.9870977,0.001997709274291992
129234,normal,1361,1,1782360220.9890993,0.002001523971557617
129235,normal,464,0,1782360220.9910986,0.001999378204345703
129236,normal,1019,2,1782360220.9931035,0.002004861831665039
129237,normal,512,0,1782360220.9950993,0.0019958019256591797
129238,normal,3610,0,1782360220.9970984,0.0019991397857666016
129239,normal,2233,0,1782360220.9991002,0.0020017623901367188
129240,normal,3531,0,1782360221.0011072,0.002007007598876953
129241,normal,59,0,1782360221.0031006,0.001993417739868164
129242,normal,954,2,1782360221.0051024,0.0020017623901367188
129243,normal,2860,0,1782360221.0071087,0.0020062923431396484
129244,normal,2222,0,1782360221.009099,0.0019903182983398438
129245,normal,766,0,1782360221.011101,0.0020020008087158203
129246,normal,1730,0,1782360221.0130959,0.0019948482513427734
129247,normal,433,0,1782360221.0151038,0.0020079612731933594
129248,normal,2438,0,1782360221.0170963,0.001992464065551758
129249,normal,282,0,1782360221.0190997,0.0020034313201904297
129250,normal,1862,0,1782360221.0210965,0.001996755599975586
129251,normal,3582,0,1782360221.0230958,0.001999378204345703
129252,normal,3064,1,1782360221.0250962,0.0020003318786621094
129253,normal,1104,0,1782360221.0270984,0.002002239227294922
129254,normal,2204,0,1782360221.0290956,0.001997232437133789
129255,normal,1434,0,1782360221.0311403,0.002044677734375
129256,normal,2632,0,1782360221.0330875,0.001947164535522461
129257,normal,3102,1,1782360221.035105,0.002017498016357422
129258,normal,1902,0,1782360221.0370939,0.0019888877868652344
129259,normal,3221,1,1782360221.0391011,0.0020072460174560547
129260,normal,1946,0,1782360221.0410984,0.001997232437133789
129261,normal,1539,0,1782360221.0431023,0.002003908157348633
129262,normal,335,0,1782360221.0451229,0.002020597457885742
129263,normal,1969,0,1782360221.0472965,0.0021736621856689453
129264,normal,1449,0,1782360221.049164,0.001867532730102539
129265,normal,1467,0,1782360221.0512784,0.0021142959594726562
129266,normal,2700,0,1782360221.053199,0.0019207000732421875
129267,normal,1345,1,1782360221.055273,0.002074003219604492
129268,normal,3443,0,1782360221.0571084,0.0018353462219238281
129269,normal,1496,0,1782360221.0591502,0.0020418167114257812
129270,normal,176,0,1782360221.061188,0.0020377635955810547
129271,normal,802,2,1782360221.0631406,0.0019526481628417969
129272,normal,935,2,1782360221.0651426,0.0020020008087158203
129273,normal,1273,0,1782360221.0671546,0.002012014389038086
129274,normal,920,2,1782360221.0691533,0.0019986629486083984
129275,normal,2239,0,1782360221.0711405,0.0019872188568115234
129276,normal,1367,1,1782360221.0731845,0.0020439624786376953
129277,normal,1188,0,1782360221.0751443,0.0019598007202148438
129278,normal,1717,0,1782360221.0771549,0.0020105838775634766
129279,normal,72,0,1782360221.0791633,0.0020084381103515625
129280,normal,95,0,1782360221.0811455,0.0019822120666503906
129281,normal,3702,0,1782360221.0831263,0.0019807815551757812
129282,normal,2917,0,1782360221.0851564,0.0020301342010498047
129283,normal,2195,0,1782360221.087149,0.001992464065551758
129284,normal,3709,0,1782360221.0891352,0.001986265182495117
129285,normal,1658,0,1782360221.091173,0.0020377635955810547
129286,normal,3159,1,1782360221.0931344,0.0019614696502685547
129287,normal,2964,0,1782360221.095136,0.002001523971557617
129288,normal,48,0,1782360221.0971403,0.002004384994506836
129289,normal,2540,0,1782360221.0991485,0.002008199691772461
129290,normal,1067,0,1782360221.1011348,0.001986265182495117
129291,normal,2795,0,1782360221.1031785,0.0020437240600585938
129292,normal,87,0,1782360221.1051395,0.0019609928131103516
129293,normal,926,2,1782360221.1071298,0.0019903182983398438
129294,normal,1987,0,1782360221.1091502,0.0020203590393066406
129295,normal,1171,0,1782360221.1111467,0.0019965171813964844
129296,normal,152,0,1782360221.1131346,0.001987934112548828
129297,normal,911,2,1782360221.1151822,0.0020475387573242188
129298,normal,2055,0,1782360221.117135,0.0019528865814208984
129299,normal,1051,0,1782360221.1191359,0.0020008087158203125
129300,normal,2725,0,1782360221.1211512,0.002015352249145508
129301,normal,529,0,1782360221.123161,0.002009868621826172
129302,normal,3548,0,1782360221.1251123,0.0019512176513671875
129303,normal,1519,0,1782360221.1271698,0.0020575523376464844
129304,normal,209,0,1782360221.1291423,0.0019724369049072266
129305,normal,795,2,1782360221.1311374,0.001995086669921875
129306,normal,2550,0,1782360221.1333387,0.0022013187408447266
129307,normal,20,0,1782360221.1351633,0.0018246173858642578
129308,normal,1507,0,1782360221.1372645,0.0021011829376220703
129309,normal,1143,0,1782360221.139164,0.0018994808197021484
129310,normal,384,0,1782360221.1412623,0.0020983219146728516
129311,normal,2383,0,1782360221.1433444,0.0020821094512939453
129312,normal,2796,0,1782360221.1451573,0.0018129348754882812
129313,normal,1931,0,1782360221.1472774,0.0021200180053710938
129314,normal,1613,0,1782360221.149267,0.001989603042602539
129315,normal,1075,0,1782360221.151164,0.0018970966339111328
129316,normal,1102,0,1782360221.1532965,0.002132415771484375
129317,normal,3163,1,1782360221.1552749,0.0019783973693847656
129318,normal,1773,0,1782360221.1571398,0.0018649101257324219
129319,normal,1525,0,1782360221.1592631,0.0021233558654785156
129320,normal,1025,2,1782360221.1613626,0.0020995140075683594
129321,normal,325,0,1782360221.1631615,0.001798868179321289
129322,normal,3357,1,1782360221.1652713,0.0021097660064697266
129323,normal,1579,0,1782360221.1673427,0.002071380615234375
129324,normal,3162,1,1782360221.1691618,0.0018191337585449219
129325,normal,1470,0,1782360221.1712635,0.0021016597747802734
129326,normal,3324,1,1782360221.1733544,0.002090930938720703
129327,normal,1882,0,1782360221.1751611,0.0018067359924316406
129328,normal,1314,0,1782360221.177275,0.002113819122314453
129329,normal,2780,0,1782360221.1793494,0.0020744800567626953
129330,normal,2612,0,1782360221.1811614,0.001811981201171875
129331,normal,3483,0,1782360221.183274,0.0021126270294189453
129332,normal,1383,0,1782360221.185353,0.002079010009765625
129333,normal,1894,0,1782360221.1871617,0.0018086433410644531
129334,normal,1072,0,1782360221.1892643,0.0021026134490966797
129335,normal,2338,0,1782360221.1913621,0.0020978450775146484
129336,normal,3361,1,1782360221.1931715,0.0018093585968017578
129337,normal,1460,0,1782360221.1952724,0.0021009445190429688
129338,normal,650,0,1782360221.1973548,0.002082347869873047
129339,normal,3170,1,1782360221.1991713,0.0018165111541748047
129340,normal,1149,0,1782360221.2012727,0.002101421356201172
129341,normal,736,0,1782360221.203358,0.0020852088928222656
129342,normal,404,0,1782360221.2051663,0.0018084049224853516
129343,normal,3634,0,1782360221.207271,0.0021047592163085938
129344,normal,1879,0,1782360221.2091718,0.0019006729125976562
129345,normal,2785,0,1782360221.2113287,0.002156972885131836
129346,normal,959,2,1782360221.2131462,0.001817464828491211
129347,normal,1622,0,1782360221.2152708,0.0021245479583740234
129348,normal,3371,1,1782360221.2171636,0.0018928050994873047
129349,normal,231,0,1782360221.2192721,0.0021085739135742188
129350,normal,636,0,1782360221.221267,0.0019948482513427734
129351,normal,794,2,1782360221.2231615,0.0018944740295410156
129352,normal,396,0,1782360221.2252634,0.002101898193359375
129353,normal,1338,1,1782360221.227278,0.002014636993408203
129354,normal,1430,0,1782360221.229162,0.0018839836120605469
129355,normal,1847,0,1782360221.2312748,0.002112865447998047
129356,normal,16,0,1782360221.233293,0.0020182132720947266
129357,normal,203,0,1782360221.235162,0.0018689632415771484
129358,normal,313,0,1782360221.2372742,0.002112150192260742
129359,normal,1451,0,1782360221.239297,0.0020227432250976562
129360,normal,951,2,1782360221.2411616,0.0018646717071533203
129361,normal,1711,0,1782360221.243275,0.00211334228515625
129362,normal,803,2,1782360221.2452893,0.0020143985748291016
129363,normal,1802,0,1782360221.2471647,0.0018754005432128906
129364,normal,1848,0,1782360221.2492733,0.0021085739135742188
129365,normal,883,2,1782360221.2512875,0.00201416015625
129366,normal,809,2,1782360221.253161,0.0018734931945800781
129367,normal,486,0,1782360221.2552726,0.002111673355102539
129368,normal,2681,0,1782360221.2573013,0.0020287036895751953
129369,normal,3303,1,1782360221.2591627,0.0018613338470458984
129370,normal,2294,0,1782360221.261263,0.002100229263305664
129371,normal,206,0,1782360221.2633076,0.002044677734375
129372,normal,1176,0,1782360221.2651594,0.001851797103881836
129373,normal,2252,0,1782360221.2672772,0.0021178722381591797
129374,normal,992,2,1782360221.2692964,0.002019166946411133
129375,normal,2156,0,1782360221.2711606,0.0018641948699951172
129376,normal,2606,0,1782360221.273274,0.00211334228515625
129377,normal,2185,0,1782360221.2752986,0.0020246505737304688
129378,normal,2526,0,1782360221.27717,0.001871347427368164
129379,normal,2617,0,1782360221.2792737,0.0021038055419921875
129380,normal,2763,0,1782360221.2813053,0.002031564712524414
129381,normal,1604,0,1782360221.2831626,0.0018572807312011719
129382,normal,2611,0,1782360221.2852764,0.002113819122314453
129383,normal,3078,1,1782360221.287306,0.0020296573638916016
129384,normal,627,0,1782360221.2891657,0.0018596649169921875
129385,normal,1050,0,1782360221.29128,0.0021142959594726562
129386,normal,3416,0,1782360221.2933142,0.0020341873168945312
129387,normal,1529,0,1782360221.2951593,0.0018451213836669922
129388,normal,468,0,1782360221.2972817,0.0021224021911621094
129389,normal,1100,0,1782360221.2993188,0.00203704833984375
129390,normal,35,0,1782360221.3011568,0.0018379688262939453
129391,normal,3415,0,1782360221.3032985,0.002141714096069336
129392,normal,2174,0,1782360221.3053753,0.002076864242553711
129393,normal,2928,0,1782360221.307156,0.0017807483673095703
129394,normal,2097,0,1782360221.3092797,0.002123594284057617
129395,normal,1734,0,1782360221.31133,0.0020503997802734375
129396,normal,2717,0,1782360221.3131578,0.0018277168273925781
129397,normal,119,0,1782360221.315273,0.0021152496337890625
129398,normal,3413,0,1782360221.3173327,0.0020596981048583984
129399,normal,178,0,1782360221.3191564,0.0018236637115478516
129400,normal,2565,0,1782360221.3212616,0.002105236053466797
129401,normal,524,0,1782360221.323307,0.0020453929901123047
129402,normal,2953,0,1782360221.3251557,0.0018486976623535156
129403,normal,2633,0,1782360221.3272626,0.002106904983520508
129404,normal,900,2,1782360221.3293097,0.0020470619201660156
129405,normal,299,0,1782360221.3311613,0.0018515586853027344
129406,normal,1498,0,1782360221.3332956,0.0021343231201171875
129407,normal,1129,0,1782360221.3353193,0.0020236968994140625
129408,normal,1569,0,1782360221.3371556,0.0018362998962402344
129409,normal,1311,0,1782360221.3392673,0.002111673355102539
129410,normal,1054,0,1782360221.3413212,0.002053976058959961
129411,normal,40,0,1782360221.3431551,0.0018339157104492188
129412,normal,683,0,1782360221.3452675,0.0021123886108398438
129413,normal,2622,0,1782360221.3473232,0.002055644989013672
129414,normal,2063,0,1782360221.3491743,0.0018510818481445312
129415,normal,2552,0,1782360221.3512006,0.0020263195037841797
129416,normal,3404,0,1782360221.3532488,0.0020482540130615234
129417,normal,1869,0,1782360221.3552394,0.0019905567169189453
129418,normal,487,0,1782360221.3571556,0.0019161701202392578
129419,normal,2264,0,1782360221.3592367,0.002081155776977539
129420,normal,3604,0,1782360221.3613148,0.0020780563354492188
129421,normal,2786,0,1782360221.3631945,0.0018796920776367188
129422,normal,2182,0,1782360221.36559,0.0023956298828125
129423,normal,3539,0,1782360221.3672092,0.001619100570678711
129424,normal,390,0,1782360221.3692179,0.002008676528930664
129425,normal,3524,0,1782360221.3715782,0.0023603439331054688
129426,normal,3148,1,1782360221.373271,0.0016927719116210938
129427,normal,2008,0,1782360221.375123,0.0018520355224609375
129428,normal,2054,0,1782360221.3773227,0.0021996498107910156
129429,normal,836,2,1782360221.3791485,0.0018258094787597656
129430,normal,2447,0,1782360221.3813057,0.0021572113037109375
129431,normal,1656,0,1782360221.3831568,0.0018510818481445312
129432,normal,811,2,1782360221.3853362,0.002179384231567383
129433,normal,400,0,1782360221.3871458,0.0018095970153808594
129434,normal,3232,1,1782360221.3893297,0.0021839141845703125
129435,normal,2810,0,1782360221.3911755,0.0018458366394042969
129436,normal,459,0,1782360221.3931458,0.0019702911376953125
129437,normal,103,0,1782360221.3953073,0.0021615028381347656
129438,normal,2938,0,1782360221.3971562,0.0018489360809326172
129439,normal,3694,0,1782360221.3991466,0.0019903182983398438
129440,normal,2437,0,1782360221.401334,0.002187490463256836
129441,normal,3181,1,1782360221.4031594,0.0018253326416015625
129442,normal,2752,0,1782360221.4053092,0.002149820327758789
129443,normal,3262,1,1782360221.4071727,0.0018634796142578125
129444,normal,2588,0,1782360221.4093335,0.002160787582397461
129445,normal,3183,1,1782360221.4111443,0.0018107891082763672
129446,normal,91,0,1782360221.4133396,0.0021953582763671875
129447,normal,2665,0,1782360221.4151785,0.0018389225006103516
129448,normal,1947,0,1782360221.4171464,0.001967906951904297
129449,normal,2778,0,1782360221.4192934,0.0021469593048095703
129450,normal,667,0,1782360221.4211738,0.0018804073333740234
129451,normal,2931,0,1782360221.4231467,0.0019729137420654297
129452,normal,1428,0,1782360221.4253452,0.002198457717895508
129453,normal,3297,1,1782360221.4271636,0.0018184185028076172
129454,normal,482,0,1782360221.4291422,0.001978635787963867
129455,normal,931,2,1782360221.431293,0.0021507740020751953
129456,normal,3161,1,1782360221.4331818,0.0018887519836425781
129457,normal,3018,0,1782360221.4351437,0.001961946487426758
129458,normal,575,0,1782360221.43735,0.0022063255310058594
129459,normal,1272,0,1782360221.439165,0.0018150806427001953
129460,normal,29,0,1782360221.4411469,0.0019817352294921875
129461,normal,1111,0,1782360221.443293,0.0021462440490722656
129462,normal,1103,0,1782360221.4452083,0.0019152164459228516
129463,normal,1391,0,1782360221.4471438,0.0019354820251464844
129464,normal,2335,0,1782360221.4492931,0.002149343490600586
129465,normal,3141,1,1782360221.4511719,0.0018787384033203125
129466,normal,2201,0,1782360221.4531436,0.001971721649169922
129467,normal,1195,0,1782360221.4555023,0.002358675003051758
129468,normal,790,2,1782360221.457132,0.0016298294067382812
129469,normal,3664,0,1782360221.4593167,0.002184629440307617
129470,normal,839,2,1782360221.461194,0.0018773078918457031
129471,normal,233,0,1782360221.4633172,0.002123117446899414
129472,normal,3519,0,1782360221.4651475,0.0018303394317626953
129473,normal,2349,0,1782360221.4671419,0.0019943714141845703
129474,normal,1764,0,1782360221.4692914,0.0021495819091796875
129475,normal,1450,0,1782360221.4711442,0.0018527507781982422
129476,normal,229,0,1782360221.4732985,0.0021543502807617188
129477,normal,2609,0,1782360221.4751403,0.0018417835235595703
129478,normal,2043,0,1782360221.4772968,0.002156496047973633
129479,normal,2505,0,1782360221.4791405,0.0018436908721923828
129480,normal,3568,0,1782360221.481319,0.0021784305572509766
129481,normal,3208,1,1782360221.483148,0.0018291473388671875
129482,normal,1231,0,1782360221.4852939,0.0021457672119140625
129483,normal,1846,0,1782360221.487139,0.0018451213836669922
129484,normal,1024,2,1782360221.4892938,0.002154827117919922
129485,normal,3549,0,1782360221.4912007,0.0019068717956542969
129486,normal,1260,0,1782360221.4932902,0.0020895004272460938
129487,normal,3179,1,1782360221.4951446,0.0018544197082519531
129488,normal,361,0,1782360221.4972906,0.002146005630493164
129489,normal,1348,1,1782360221.499163,0.0018723011016845703
129490,normal,3270,1,1782360221.501292,0.002129077911376953
129491,normal,2689,0,1782360221.5032043,0.0019123554229736328
129492,normal,140,0,1782360221.5052936,0.002089262008666992
129493,normal,1694,0,1782360221.507141,0.0018475055694580078
129494,normal,2077,0,1782360221.5092897,0.0021486282348632812
129495,normal,3428,0,1782360221.5111818,0.00189208984375
129496,normal,2998,0,1782360221.5131388,0.001956939697265625
129497,normal,427,0,1782360221.5153944,0.002255678176879883
129498,normal,1713,0,1782360221.5172043,0.001809835433959961
129499,normal,2099,0,1782360221.5191414,0.0019371509552001953
129500,normal,1346,1,1782360221.5212896,0.002148151397705078
129501,normal,3536,0,1782360221.523161,0.001871347427368164
129502,normal,864,2,1782360221.5251408,0.001979827880859375
129503,normal,430,0,1782360221.5273733,0.0022325515747070312
129504,normal,74,0,1782360221.5291584,0.0017850399017333984
129505,normal,928,2,1782360221.5311387,0.001980304718017578
129506,normal,3287,1,1782360221.5332904,0.0021517276763916016
129507,normal,1545,0,1782360221.535167,0.0018765926361083984
129508,normal,2488,0,1782360221.5371513,0.0019843578338623047
129509,normal,3242,1,1782360221.5393872,0.002235889434814453
129510,normal,1513,0,1782360221.5411456,0.0017583370208740234
129511,normal,2740,0,1782360221.5432904,0.0021448135375976562
129512,normal,2027,0,1782360221.545223,0.0019326210021972656
129513,normal,1605,0,1782360221.5472894,0.002066373825073242
129514,normal,3049,1,1782360221.5491374,0.001847982406616211
129515,normal,3178,1,1782360221.5512981,0.002160787582397461
129516,normal,2969,0,1782360221.5531454,0.0018472671508789062
129517,normal,850,2,1782360221.5552943,0.002148866653442383
129518,normal,2823,0,1782360221.5572393,0.0019450187683105469
129519,normal,968,2,1782360221.559289,0.002049684524536133
129520,normal,1922,0,1782360221.561155,0.0018661022186279297
129521,normal,1121,0,1782360221.5632904,0.0021352767944335938
129522,normal,528,0,1782360221.5651436,0.0018532276153564453
129523,normal,745,0,1782360221.567289,0.002145528793334961
129524,normal,108,0,1782360221.569247,0.0019578933715820312
129525,normal,2631,0,1782360221.571289,0.002042055130004883
129526,normal,2494,0,1782360221.5731387,0.0018496513366699219
129527,normal,1905,0,1782360221.5752883,0.0021495819091796875
129528,normal,2842,0,1782360221.5771441,0.0018558502197265625
129529,normal,556,0,1782360221.579291,0.0021469593048095703
129530,normal,3186,1,1782360221.5811436,0.0018525123596191406
129531,normal,2397,0,1782360221.583291,0.0021474361419677734
129532,normal,3656,0,1782360221.5851367,0.0018455982208251953
129533,normal,583,0,1782360221.5872939,0.0021572113037109375
129534,normal,1154,0,1782360221.589166,0.0018720626831054688
129535,normal,1152,0,1782360221.5911393,0.001973390579223633
129536,normal,2444,0,1782360221.5933144,0.0021750926971435547
129537,normal,3156,1,1782360221.5951447,0.0018303394317626953
129538,normal,2194,0,1782360221.5973058,0.0021610260009765625
129539,normal,1720,0,1782360221.5991514,0.0018455982208251953
129540,normal,1640,0,1782360221.6013305,0.0021791458129882812
129541,normal,3010,0,1782360221.6031356,0.0018050670623779297
129542,normal,2395,0,1782360221.605321,0.002185344696044922
129543,normal,2038,0,1782360221.6071393,0.0018184185028076172
129544,normal,3557,0,1782360221.6092925,0.002153158187866211
129545,normal,591,0,1782360221.6111577,0.0018651485443115234
129546,normal,2523,0,1782360221.6133296,0.0021719932556152344
129547,normal,1098,0,1782360221.615137,0.0018074512481689453
129548,normal,787,2,1782360221.6173236,0.0021865367889404297
129549,normal,3063,1,1782360221.6191611,0.0018374919891357422
129550,normal,1059,0,1782360221.6213074,0.0021462440490722656
129551,normal,3,0,1782360221.6231625,0.0018551349639892578
129552,normal,2238,0,1782360221.6253302,0.0021677017211914062
129553,normal,1080,0,1782360221.627136,0.0018057823181152344
129554,normal,937,2,1782360221.629328,0.0021920204162597656
129555,normal,685,0,1782360221.6311386,0.0018105506896972656
129556,normal,3350,1,1782360221.633307,0.002168416976928711
129557,normal,2202,0,1782360221.635217,0.0019099712371826172
129558,normal,2973,0,1782360221.6373293,0.0021123886108398438
129559,normal,2697,0,1782360221.639144,0.0018146038055419922
129560,normal,1586,0,1782360221.6413355,0.0021915435791015625
129561,normal,3615,0,1782360221.6431441,0.0018086433410644531
129562,normal,160,0,1782360221.6453118,0.0021677017211914062
129563,normal,2076,0,1782360221.6471705,0.0018587112426757812
129564,normal,1259,0,1782360221.6493301,0.002159595489501953
129565,normal,3036,0,1782360221.6511385,0.0018084049224853516
129566,normal,217,0,1782360221.6533396,0.002201080322265625
129567,normal,1535,0,1782360221.6551385,0.001798868179321289
129568,normal,2146,0,1782360221.6573641,0.002225637435913086
129569,normal,442,0,1782360221.65915,0.0017857551574707031
129570,normal,974,2,1782360221.6611373,0.001987457275390625
129571,normal,1792,0,1782360221.6631544,0.0020170211791992188
129572,normal,1516,0,1782360221.66536,0.0022056102752685547
129573,normal,1992,0,1782360221.6671746,0.0018146038055419922
129574,normal,1065,0,1782360221.669145,0.001970529556274414
129575,normal,1684,0,1782360221.6713455,0.0022003650665283203
129576,normal,3516,0,1782360221.6731844,0.0018389225006103516
129577,normal,2467,0,1782360221.6751554,0.001971006393432617
129578,normal,534,0,1782360221.677345,0.00218963623046875
129579,normal,2583,0,1782360221.6791778,0.001832723617553711
129580,normal,1220,0,1782360221.6811507,0.0019729137420654297
129581,normal,2581,0,1782360221.6832955,0.0021448135375976562
129582,normal,2070,0,1782360221.6851537,0.0018582344055175781
129583,normal,2482,0,1782360221.6871474,0.0019936561584472656
129584,normal,3633,0,1782360221.6893542,0.0022068023681640625
129585,normal,129,0,1782360221.691196,0.0018417835235595703
129586,normal,3182,1,1782360221.693147,0.001950979232788086
129587,normal,84,0,1782360221.6952999,0.0021529197692871094
129588,normal,236,0,1782360221.69717,0.0018701553344726562
129589,normal,707,0,1782360221.699156,0.0019860267639160156
129590,normal,2062,0,1782360221.7013106,0.0021545886993408203
129591,normal,117,0,1782360221.7031717,0.0018610954284667969
129592,normal,1241,0,1782360221.705145,0.0019731521606445312
129593,normal,412,0,1782360221.7072008,0.0020558834075927734
129594,normal,407,0,1782360221.7093003,0.0020995140075683594
129595,normal,1406,0,1782360221.711144,0.0018436908721923828
129596,normal,3079,1,1782360221.7132938,0.002149820327758789
129597,normal,925,2,1782360221.7151635,0.0018696784973144531
129598,normal,3359,1,1782360221.7171452,0.0019817352294921875
129599,normal,2916,0,1782360221.7193632,0.002218008041381836
129600,normal,296,0,1782360221.7211618,0.0017986297607421875
129601,normal,1224,0,1782360221.723307,0.002145051956176758
129602,normal,2982,0,1782360221.725203,0.0018961429595947266
129603,normal,3341,1,1782360221.727335,0.002131938934326172
129604,normal,3440,0,1782360221.7291436,0.0018086433410644531
129605,normal,2575,0,1782360221.7313685,0.0022249221801757812
129606,normal,2872,0,1782360221.7331498,0.0017812252044677734
129607,normal,2833,0,1782360221.73531,0.002160310745239258
129608,normal,1985,0,1782360221.7371452,0.0018351078033447266
129609,normal,2532,0,1782360221.739323,0.002177715301513672
129610,normal,2372,0,1782360221.7411458,0.0018229484558105469
129611,normal,242,0,1782360221.743373,0.0022270679473876953
129612,normal,438,0,1782360221.7451615,0.0017886161804199219
129613,normal,2014,0,1782360221.7473109,0.002149343490600586
129614,normal,2277,0,1782360221.7492075,0.0018966197967529297
129615,normal,3612,0,1782360221.751337,0.0021295547485351562
129616,normal,385,0,1782360221.753139,0.0018019676208496094
129617,normal,3579,0,1782360221.7553766,0.002237558364868164
129618,normal,3127,1,1782360221.7571592,0.0017826557159423828
129619,normal,792,2,1782360221.7593195,0.002160310745239258
129620,normal,1732,0,1782360221.761212,0.0018925666809082031
129621,normal,1823,0,1782360221.7633367,0.0021245479583740234
129622,normal,493,0,1782360221.76514,0.0018033981323242188
129623,normal,1890,0,1782360221.7673826,0.002242565155029297
129624,normal,892,2,1782360221.7691557,0.0017731189727783203
129625,normal,2825,0,1782360221.7713196,0.0021638870239257812
129626,normal,1765,0,1782360221.773217,0.0018973350524902344
129627,normal,3149,1,1782360221.7753332,0.0021162033081054688
129628,normal,2685,0,1782360221.7771475,0.0018143653869628906
129629,normal,3066,1,1782360221.7793984,0.0022509098052978516
129630,normal,2267,0,1782360221.7811706,0.001772165298461914
129631,normal,1803,0,1782360221.7831542,0.001983642578125
129632,normal,2149,0,1782360221.7854085,0.0022542476654052734
129633,normal,2352,0,1782360221.7871692,0.001760721206665039
129634,normal,2529,0,1782360221.789144,0.001974821090698242
129635,normal,882,2,1782360221.7913852,0.0022411346435546875
129636,normal,1107,0,1782360221.7931464,0.0017611980438232422
129637,normal,115,0,1782360221.7953067,0.002160310745239258
129638,normal,2522,0,1782360221.7972245,0.0019178390502929688
129639,normal,1145,0,1782360221.7993352,0.002110719680786133
129640,normal,1776,0,1782360221.801143,0.0018076896667480469
129641,normal,713,0,1782360221.8033879,0.0022449493408203125
129642,normal,1307,0,1782360221.8051448,0.001756906509399414
129643,normal,768,0,1782360221.8073058,0.0021610260009765625
129644,normal,1530,0,1782360221.8092158,0.0019099712371826172
129645,normal,2231,0,1782360221.8113248,0.002109050750732422
129646,normal,3329,1,1782360221.813137,0.0018122196197509766
129647,normal,1865,0,1782360221.8153036,0.0021665096282958984
129648,normal,832,2,1782360221.817141,0.0018374919891357422
129649,normal,703,0,1782360221.8193028,0.002161741256713867
129650,normal,2733,0,1782360221.821145,0.0018422603607177734
129651,normal,908,2,1782360221.8233376,0.0021924972534179688
129652,normal,1310,0,1782360221.8251376,0.0018000602722167969
129653,normal,2454,0,1782360221.8272972,0.002159595489501953
129654,normal,977,2,1782360221.8291616,0.0018644332885742188
129655,normal,1856,0,1782360221.8311384,0.0019767284393310547
129656,normal,2888,0,1782360221.8331504,0.002012014389038086
129657,normal,2942,0,1782360221.835327,0.002176523208618164
129658,normal,3211,1,1782360221.8372388,0.0019118785858154297
129659,normal,1576,0,1782360221.8391523,0.0019135475158691406
129660,normal,1835,0,1782360221.8412898,0.002137422561645508
129661,normal,452,0,1782360221.8431385,0.0018486976623535156
129662,normal,1832,0,1782360221.8452904,0.002151966094970703
129663,normal,340,0,1782360221.8471375,0.0018470287322998047
129664,normal,1898,0,1782360221.8492897,0.0021522045135498047
129665,normal,2247,0,1782360221.8511572,0.001867532730102539
129666,normal,3198,1,1782360221.853297,0.0021398067474365234
129667,normal,3487,0,1782360221.8551395,0.001842498779296875
129668,normal,354,0,1782360221.8572893,0.002149820327758789
129669,normal,1115,0,1782360221.8591366,0.0018472671508789062
129670,normal,159,0,1782360221.8613338,0.002197265625
129671,normal,3637,0,1782360221.863139,0.0018050670623779297
129672,normal,264,0,1782360221.865133,0.0019941329956054688
129673,normal,1437,0,1782360221.8671196,0.0019865036010742188
129674,normal,1486,0,1782360221.8692777,0.0021581649780273438
129675,normal,1382,0,1782360221.8711245,0.0018467903137207031
129676,normal,807,2,1782360221.873122,0.0019974708557128906
129677,normal,1822,0,1782360221.87528,0.002157926559448242
129678,normal,2779,0,1782360221.8771205,0.0018405914306640625
129679,normal,2878,0,1782360221.8792174,0.002096891403198242
129680,normal,1020,2,1782360221.8812847,0.0020673274993896484
129681,normal,33,0,1782360221.88312,0.0018353462219238281
129682,normal,940,2,1782360221.8851142,0.0019941329956054688
129683,normal,2109,0,1782360221.8871489,0.0020346641540527344
129684,normal,1624,0,1782360221.8891034,0.0019545555114746094
129685,normal,1587,0,1782360221.8911088,0.002005338668823242
129686,normal,2236,0,1782360221.893108,0.0019991397857666016
129687,normal,705,0,1782360221.8951125,0.0020046234130859375
129688,normal,1595,0,1782360221.8970995,0.001986980438232422
129689,normal,23,0,1782360221.8991365,0.00203704833984375
129690,normal,3184,1,1782360221.901109,0.0019724369049072266
129691,normal,1615,0,1782360221.903107,0.0019979476928710938
129692,normal,719,0,1782360221.9050992,0.0019922256469726562
129693,normal,1489,0,1782360221.9071105,0.0020112991333007812
129694,normal,2636,0,1782360221.9090996,0.001989126205444336
129695,normal,149,0,1782360221.9111362,0.002036571502685547
129696,normal,431,0,1782360221.9131129,0.0019767284393310547
129697,normal,310,0,1782360221.9151096,0.001996755599975586
129698,normal,2744,0,1782360221.917096,0.001986265182495117
129699,normal,788,2,1782360221.9191034,0.0020074844360351562
129700,normal,2312,0,1782360221.9210937,0.0019903182983398438
129701,normal,827,2,1782360221.9231327,0.0020389556884765625
129702,normal,1008,2,1782360221.925094,0.001961231231689453
129703,normal,1824,0,1782360221.9270983,0.002004384994506836
129704,normal,2078,0,1782360221.9291685,0.002070188522338867
129705,normal,343,0,1782360221.9311068,0.0019383430480957031
129706,normal,2543,0,1782360221.9331028,0.0019960403442382812
129707,normal,542,0,1782360221.935147,0.002044200897216797
129708,normal,181,0,1782360221.9371126,0.0019655227661132812
129709,normal,1903,0,1782360221.9391012,0.001988649368286133
129710,normal,301,0,1782360221.9411147,0.0020134449005126953
129711,normal,876,2,1782360221.9431014,0.0019867420196533203
129712,normal,1597,0,1782360221.945104,0.0020024776458740234
129713,normal,1540,0,1782360221.9471462,0.0020422935485839844
129714,normal,3255,1,1782360221.9491005,0.001954317092895508
129715,normal,3554,0,1782360221.9511054,0.002004861831665039
129716,normal,2659,0,1782360221.953103,0.001997709274291992
129717,normal,2318,0,1782360221.9551008,0.001997709274291992
129718,normal,519,0,1782360221.9571047,0.002003908157348633
129719,normal,2456,0,1782360221.9591043,0.0019996166229248047
129720,normal,918,2,1782360221.9611042,0.0019998550415039062
129721,normal,473,0,1782360221.963107,0.0020029544830322266
129722,normal,1440,0,1782360221.9651287,0.0020215511322021484
129723,normal,2814,0,1782360221.9671028,0.0019741058349609375
129724,normal,904,2,1782360221.9691045,0.0020017623901367188
129725,normal,3566,0,1782360221.971139,0.002034425735473633
129726,normal,3129,1,1782360221.973108,0.0019690990447998047
129727,normal,3392,1,1782360221.9751012,0.0019931793212890625
129728,normal,2046,0,1782360221.9771464,0.002045154571533203
129729,normal,1994,0,1782360221.979113,0.001966714859008789
129730,normal,2761,0,1782360221.9811006,0.001987457275390625
129731,normal,21,0,1782360221.9831524,0.002051830291748047
129732,normal,2893,0,1782360221.9851027,0.0019502639770507812
129733,normal,3504,0,1782360221.9871345,0.0020318031311035156
129734,normal,1493,0,1782360221.9890988,0.0019643306732177734
129735,normal,1996,0,1782360221.991108,0.002009153366088867
129736,normal,3395,1,1782360221.9931004,0.001992464065551758
129737,normal,1821,0,1782360221.9951348,0.002034425735473633
129738,normal,589,0,1782360221.9970965,0.0019617080688476562
129739,normal,2710,0,1782360221.9991016,0.0020051002502441406
129740,normal,333,0,1782360222.0011396,0.0020380020141601562
129741,normal,2322,0,1782360222.003102,0.001962423324584961
129742,normal,1813,0,1782360222.0050938,0.001991748809814453
129743,normal,3556,0,1782360222.007132,0.002038240432739258
129744,normal,3699,0,1782360222.0090933,0.001961231231689453
129745,normal,2434,0,1782360222.0111024,0.002009153366088867
129746,normal,1809,0,1782360222.0131552,0.002052783966064453
129747,normal,2388,0,1782360222.015097,0.001941680908203125
129748,normal,798,2,1782360222.0171216,0.0020246505737304688
129749,normal,3430,0,1782360222.0191019,0.001980304718017578
129750,normal,327,0,1782360222.0211084,0.00200653076171875
129751,normal,2100,0,1782360222.023099,0.0019905567169189453
129752,normal,426,0,1782360222.025134,0.0020351409912109375
129753,normal,2776,0,1782360222.0270987,0.001964569091796875
129754,normal,295,0,1782360222.0291011,0.0020024776458740234
129755,normal,2658,0,1782360222.0311027,0.002001523971557617
129756,normal,3685,0,1782360222.0331016,0.0019989013671875
129757,normal,2234,0,1782360222.0351348,0.002033233642578125
129758,normal,1648,0,1782360222.0371397,0.002004861831665039
129759,normal,83,0,1782360222.0391376,0.0019979476928710938
129760,normal,851,2,1782360222.0411272,0.001989603042602539
129761,normal,2128,0,1782360222.0430946,0.0019674301147460938
129762,normal,2293,0,1782360222.0451453,0.002050638198852539
129763,normal,1578,0,1782360222.0471327,0.001987457275390625
129764,normal,2057,0,1782360222.049146,0.0020132064819335938
129765,normal,1907,0,1782360222.0511348,0.0019888877868652344
129766,normal,1685,0,1782360222.0531378,0.0020029544830322266
129767,normal,791,2,1782360222.0550942,0.001956462860107422
129768,normal,2797,0,1782360222.057147,0.002052783966064453
129769,normal,3029,0,1782360222.059121,0.001973867416381836
129770,normal,2394,0,1782360222.0610986,0.001977682113647461
129771,normal,2348,0,1782360222.0631526,0.002053976058959961
129772,normal,3144,1,1782360222.0651286,0.00197601318359375
129773,normal,336,0,1782360222.0670977,0.0019690990447998047
129774,normal,2723,0,1782360222.0691373,0.002039670944213867
129775,normal,3623,0,1782360222.0711665,0.0020291805267333984
129776,normal,3292,1,1782360222.0731018,0.0019352436065673828
129777,normal,2485,0,1782360222.0751338,0.002032041549682617
129778,normal,817,2,1782360222.0771372,0.0020034313201904297
129779,normal,759,0,1782360222.0790963,0.001959085464477539
129780,normal,1168,0,1782360222.0811355,0.002039194107055664
129781,normal,2005,0,1782360222.0831213,0.001985788345336914
129782,normal,2477,0,1782360222.0851045,0.001983165740966797
129783,normal,2627,0,1782360222.0871778,0.0020732879638671875
129784,normal,2813,0,1782360222.0891151,0.0019373893737792969
129785,normal,1596,0,1782360222.0911021,0.001986980438232422
129786,normal,2784,0,1782360222.0931346,0.0020325183868408203
129787,normal,3124,1,1782360222.0951178,0.001983165740966797
129788,normal,2591,0,1782360222.0971026,0.001984834671020508
129789,normal,451,0,1782360222.099155,0.00205230712890625
129790,normal,2367,0,1782360222.1010978,0.0019428730010986328
129791,normal,1156,0,1782360222.1031125,0.002014636993408203
129792,normal,1981,0,1782360222.1051393,0.002026796340942383
129793,normal,1421,0,1782360222.1071641,0.0020248889923095703
129794,normal,867,2,1782360222.1090906,0.001926422119140625
129795,normal,2360,0,1782360222.1111364,0.002045869827270508
129796,normal,334,0,1782360222.11312,0.001983642578125
129797,normal,3294,1,1782360222.1151354,0.002015352249145508
129798,normal,1455,0,1782360222.117166,0.002030611038208008
129799,normal,3135,1,1782360222.1191068,0.0019407272338867188
129800,normal,965,2,1782360222.1211333,0.0020265579223632812
129801,normal,495,0,1782360222.12313,0.001996755599975586
129802,normal,2240,0,1782360222.1250968,0.001966714859008789
129803,normal,3164,1,1782360222.1271074,0.0020105838775634766
129804,normal,331,0,1782360222.1290996,0.0019922256469726562
129805,normal,878,2,1782360222.131112,0.002012491226196289
129806,normal,2050,0,1782360222.1331294,0.0020172595977783203
129807,normal,582,0,1782360222.135191,0.002061605453491211
129808,normal,3476,0,1782360222.137148,0.001956939697265625
129809,normal,1639,0,1782360222.1391056,0.0019576549530029297
129810,normal,1194,0,1782360222.1411023,0.001996755599975586
129811,normal,3023,0,1782360222.1431024,0.002000093460083008
129812,normal,100,0,1782360222.1451635,0.002061128616333008
129813,normal,2353,0,1782360222.1471038,0.0019402503967285156
129814,normal,2067,0,1782360222.149119,0.0020151138305664062
129815,normal,3409,0,1782360222.1510987,0.001979827880859375
129816,normal,254,0,1782360222.1531036,0.002004861831665039
129817,normal,2596,0,1782360222.1551082,0.0020046234130859375
129818,normal,526,0,1782360222.1571517,0.002043485641479492
129819,normal,2729,0,1782360222.159103,0.0019512176513671875
129820,normal,2768,0,1782360222.1611004,0.0019974708557128906
129821,normal,3047,1,1782360222.1631713,0.002070903778076172
129822,normal,1817,0,1782360222.1651053,0.001934051513671875
129823,normal,3665,0,1782360222.1671045,0.0019991397857666016
129824,normal,2983,0,1782360222.1691515,0.0020470619201660156
129825,normal,2381,0,1782360222.1711082,0.0019567012786865234
129826,normal,1179,0,1782360222.173104,0.0019958019256591797
129827,normal,672,0,1782360222.175143,0.0020389556884765625
129828,normal,531,0,1782360222.1771052,0.0019621849060058594
129829,normal,3143,1,1782360222.179105,0.0019998550415039062
129830,normal,56,0,1782360222.1810946,0.001989603042602539
129831,normal,673,0,1782360222.1831017,0.002007007598876953
129832,normal,3321,1,1782360222.1851068,0.0020051002502441406
129833,normal,1045,0,1782360222.1871364,0.0020296573638916016
129834,normal,99,0,1782360222.18911,0.0019736289978027344
129835,normal,1157,0,1782360222.191106,0.0019960403442382812
129836,normal,2400,0,1782360222.1931455,0.0020394325256347656
129837,normal,3445,0,1782360222.1951036,0.001958131790161133
129838,normal,3193,1,1782360222.1970966,0.001992940902709961
129839,normal,3706,0,1782360222.1991353,0.002038717269897461
129840,normal,1360,1,1782360222.2010968,0.0019614696502685547
129841,normal,220,0,1782360222.2031004,0.0020036697387695312
129842,normal,1279,0,1782360222.2051458,0.0020453929901123047
129843,normal,2918,0,1782360222.207102,0.0019562244415283203
129844,normal,417,0,1782360222.2091017,0.0019996166229248047
129845,normal,2138,0,1782360222.2111347,0.0020329952239990234
129846,normal,1550,0,1782360222.2131977,0.0020630359649658203
129847,normal,2971,0,1782360222.2152905,0.0020928382873535156
129848,normal,737,0,1782360222.217214,0.0019235610961914062
129849,normal,550,0,1782360222.2193065,0.0020923614501953125
129850,normal,1687,0,1782360222.2211435,0.001837015151977539
129851,normal,2011,0,1782360222.2232902,0.0021467208862304688
129852,normal,2398,0,1782360222.2251408,0.0018506050109863281
129853,normal,3401,1,1782360222.2272956,0.002154827117919922
129854,normal,189,0,1782360222.2292082,0.0019125938415527344
129855,normal,2970,0,1782360222.2312949,0.002086639404296875
129856,normal,3251,1,1782360222.2331429,0.001847982406616211
129857,normal,2082,0,1782360222.2353015,0.002158641815185547
129858,normal,1217,0,1782360222.237244,0.0019423961639404297
129859,normal,1473,0,1782360222.2391355,0.0018916130065917969
129860,normal,1808,0,1782360222.2412913,0.002155780792236328
129861,normal,1184,0,1782360222.243149,0.001857757568359375
129862,normal,3001,0,1782360222.2452953,0.0021462440490722656
129863,normal,1388,0,1782360222.2472355,0.0019402503967285156
129864,normal,1063,0,1782360222.2492979,0.0020623207092285156
129865,normal,466,0,1782360222.2511404,0.001842498779296875
129866,normal,1842,0,1782360222.2532976,0.0021572113037109375
129867,normal,3227,1,1782360222.2551422,0.001844644546508789
129868,normal,2148,0,1782360222.2572923,0.0021500587463378906
129869,normal,2230,0,1782360222.2592208,0.001928567886352539
129870,normal,50,0,1782360222.2612972,0.002076387405395508
129871,normal,2308,0,1782360222.2631822,0.0018849372863769531
129872,normal,2129,0,1782360222.26529,0.002107858657836914
129873,normal,559,0,1782360222.2671485,0.0018584728240966797
129874,normal,3667,0,1782360222.2692926,0.0021440982818603516
129875,normal,3397,1,1782360222.2712257,0.0019330978393554688
129876,normal,1980,0,1782360222.2732952,0.0020694732666015625
129877,normal,12,0,1782360222.27514,0.0018448829650878906
129878,normal,3167,1,1782360222.2773402,0.0022001266479492188
129879,normal,462,0,1782360222.2791502,0.0018100738525390625
129880,normal,2886,0,1782360222.2811458,0.001995563507080078
129881,normal,1144,0,1782360222.2832985,0.002152681350708008
129882,normal,449,0,1782360222.2851424,0.0018439292907714844
129883,normal,154,0,1782360222.2872968,0.0021543502807617188
129884,normal,1207,0,1782360222.2891357,0.0018389225006103516
129885,normal,848,2,1782360222.2913058,0.002170085906982422
129886,normal,3389,1,1782360222.2931428,0.001837015151977539
129887,normal,1520,0,1782360222.295288,0.0021452903747558594
129888,normal,2287,0,1782360222.297142,0.00185394287109375
129889,normal,2483,0,1782360222.299294,0.002151966094970703
129890,normal,1627,0,1782360222.301145,0.0018510818481445312
129891,normal,3168,1,1782360222.3032975,0.0021524429321289062
129892,normal,2580,0,1782360222.305137,0.0018393993377685547
129893,normal,2389,0,1782360222.3072987,0.002161741256713867
129894,normal,2139,0,1782360222.3091722,0.0018734931945800781
129895,normal,2141,0,1782360222.3111537,0.001981496810913086
129896,normal,1277,0,1782360222.313323,0.002169370651245117
129897,normal,205,0,1782360222.3151383,0.0018153190612792969
129898,normal,3461,0,1782360222.3172982,0.0021598339080810547
129899,normal,2006,0,1782360222.3191512,0.0018529891967773438
129900,normal,2621,0,1782360222.3213046,0.0021533966064453125
129901,normal,2037,0,1782360222.323141,0.001836538314819336
129902,normal,228,0,1782360222.325218,0.002076864242553711
129903,normal,1787,0,1782360222.327125,0.0019071102142333984
129904,normal,3580,0,1782360222.3291438,0.0020186901092529297
129905,normal,1997,0,1782360222.331121,0.001977205276489258
129906,normal,366,0,1782360222.3331244,0.0020034313201904297
129907,normal,2169,0,1782360222.3351161,0.001991748809814453
129908,normal,398,0,1782360222.3371587,0.002042531967163086
129909,normal,1948,0,1782360222.3391647,0.002006053924560547
129910,normal,2533,0,1782360222.3413177,0.0021529197692871094
129911,normal,1376,1,1782360222.343157,0.0018393993377685547
129912,normal,3203,1,1782360222.3452988,0.002141714096069336
129913,normal,1594,0,1782360222.3471813,0.0018825531005859375
129914,normal,693,0,1782360222.3492286,0.002047300338745117
129915,normal,2648,0,1782360222.3511622,0.0019335746765136719
129916,normal,2884,0,1782360222.3532803,0.0021181106567382812
129917,normal,186,0,1782360222.3552654,0.0019850730895996094
129918,normal,3500,0,1782360222.3572967,0.0020313262939453125
129919,normal,1203,0,1782360222.3591542,0.0018575191497802734
129920,normal,847,2,1782360222.361363,0.002208709716796875
129921,normal,3592,0,1782360222.3633313,0.0019683837890625
129922,normal,2521,0,1782360222.3651845,0.0018532276153564453
129923,normal,2131,0,1782360222.3674068,0.002222299575805664
129924,normal,2524,0,1782360222.3692052,0.001798391342163086
129925,normal,1958,0,1782360222.371341,0.002135753631591797
129926,normal,2053,0,1782360222.3733022,0.001961231231689453
129927,normal,52,0,1782360222.3753197,0.002017498016357422
129928,normal,3378,1,1782360222.377184,0.0018641948699951172
129929,normal,1938,0,1782360222.3794107,0.0022268295288085938
129930,normal,1672,0,1782360222.3811953,0.0017845630645751953
129931,normal,3259,1,1782360222.3833356,0.0021402835845947266
129932,normal,3210,1,1782360222.3853083,0.001972675323486328
129933,normal,2244,0,1782360222.3873305,0.002022266387939453
129934,normal,3081,1,1782360222.3891797,0.0018491744995117188
129935,normal,1030,0,1782360222.3914194,0.002239704132080078
129936,normal,2577,0,1782360222.393205,0.0017855167388916016
129937,normal,1190,0,1782360222.395324,0.0021190643310546875
129938,normal,1400,0,1782360222.3972898,0.001965761184692383
129939,normal,1785,0,1782360222.399303,0.0020132064819335938
129940,normal,3272,1,1782360222.4011812,0.0018782615661621094
129941,normal,1320,1,1782360222.4033117,0.0021305084228515625
129942,normal,1599,0,1782360222.4052117,0.0018999576568603516
129943,normal,1934,0,1782360222.4071918,0.0019800662994384766
129944,normal,227,0,1782360222.409198,0.0020062923431396484
129945,normal,1288,0,1782360222.4111903,0.0019922256469726562
129946,normal,1839,0,1782360222.413435,0.002244710922241211
129947,normal,1058,0,1782360222.4151905,0.0017554759979248047
129948,normal,3320,1,1782360222.4173005,0.002110004425048828
129949,normal,3377,1,1782360222.4191344,0.0018339157104492188
129950,normal,987,2,1782360222.4213824,0.002248048782348633
129951,normal,1841,0,1782360222.4231625,0.0017800331115722656
129952,normal,2765,0,1782360222.4253228,0.002160310745239258
129953,normal,2736,0,1782360222.427136,0.0018131732940673828
129954,normal,1466,0,1782360222.4292903,0.0021543502807617188
129955,normal,2734,0,1782360222.4311311,0.001840829849243164
129956,normal,2715,0,1782360222.4333842,0.0022530555725097656
129957,normal,2486,0,1782360222.435162,0.0017778873443603516
129958,normal,1762,0,1782360222.4373264,0.0021643638610839844
129959,normal,916,2,1782360222.439202,0.0018756389617919922
129960,normal,1636,0,1782360222.4413133,0.002111196517944336
129961,normal,1966,0,1782360222.4431467,0.0018334388732910156
129962,normal,2519,0,1782360222.4453182,0.0021715164184570312
129963,normal,1805,0,1782360222.4471662,0.001847982406616211
129964,normal,64,0,1782360222.4493043,0.0021381378173828125
129965,normal,1198,0,1782360222.451203,0.0018987655639648438
129966,normal,1350,1,1782360222.4533193,0.0021162033081054688
129967,normal,1843,0,1782360222.4551368,0.001817464828491211
129968,normal,1900,0,1782360222.4573658,0.002228975296020508
129969,normal,2735,0,1782360222.459167,0.0018012523651123047
129970,normal,2276,0,1782360222.4612987,0.0021317005157470703
129971,normal,3541,0,1782360222.463207,0.0019083023071289062
129972,normal,3325,1,1782360222.4653184,0.0021114349365234375
129973,normal,3653,0,1782360222.467129,0.0018105506896972656
129974,normal,1982,0,1782360222.4693694,0.002240419387817383
129975,normal,2924,0,1782360222.4711533,0.0017838478088378906
129976,normal,455,0,1782360222.4733036,0.002150297164916992
129977,normal,1950,0,1782360222.4752116,0.0019080638885498047
129978,normal,934,2,1782360222.4773195,0.002107858657836914
129979,normal,1324,1,1782360222.4791372,0.0018177032470703125
129980,normal,1995,0,1782360222.481371,0.002233743667602539
129981,normal,249,0,1782360222.483157,0.0017859935760498047
129982,normal,2113,0,1782360222.4852922,0.0021352767944335938
129983,normal,1909,0,1782360222.4872172,0.0019249916076660156
129984,normal,684,0,1782360222.4893143,0.0020971298217773438
129985,normal,2945,0,1782360222.491132,0.0018177032470703125
129986,normal,3682,0,1782360222.493311,0.0021789073944091797
129987,normal,3603,0,1782360222.4951525,0.0018415451049804688
129988,normal,1474,0,1782360222.4973087,0.0021562576293945312
129989,normal,1854,0,1782360222.4992223,0.0019135475158691406
129990,normal,19,0,1782360222.5013049,0.0020825862884521484
129991,normal,1001,2,1782360222.5031533,0.001848459243774414
129992,normal,2012,0,1782360222.505315,0.002161741256713867
129993,normal,1357,1,1782360222.5072544,0.0019392967224121094
129994,normal,1329,1,1782360222.5091345,0.0018801689147949219
129995,normal,1505,0,1782360222.5112958,0.002161264419555664
129996,normal,1960,0,1782360222.5131419,0.0018460750579833984
129997,normal,1178,0,1782360222.5151432,0.0020012855529785156
129998,normal,763,0,1782360222.5173893,0.0022461414337158203
129999,normal,991,2,1782360222.5191345,0.0017452239990234375
130000,normal,1429,0,1782360222.5213056,0.002171039581298828
130001,normal,1170,0,1782360222.5231369,0.0018312931060791016
130002,normal,405,0,1782360222.525322,0.0021851062774658203
130003,normal,669,0,1782360222.5271342,0.0018122196197509766
130004,normal,2899,0,1782360222.5293334,0.0021991729736328125
130005,normal,3160,1,1782360222.5311427,0.0018093585968017578
130006,normal,2378,0,1782360222.5332963,0.002153635025024414
130007,normal,2203,0,1782360222.5351427,0.0018463134765625
130008,normal,859,2,1782360222.5373137,0.002171039581298828
130009,normal,1265,0,1782360222.5391512,0.0018374919891357422
130010,normal,890,2,1782360222.541298,0.0021467208862304688
130011,normal,2124,0,1782360222.543144,0.0018460750579833984
130012,normal,1153,0,1782360222.5452998,0.002155780792236328
130013,normal,2224,0,1782360222.5471528,0.0018529891967773438
130014,normal,1983,0,1782360222.549289,0.00213623046875
130015,normal,2045,0,1782360222.5511389,0.0018498897552490234
130016,normal,1506,0,1782360222.55328,0.002141237258911133
130017,normal,2965,0,1782360222.5551374,0.0018572807312011719
130018,normal,3110,1,1782360222.5572844,0.0021469593048095703
130019,normal,3354,1,1782360222.559151,0.0018665790557861328
130020,normal,870,2,1782360222.5612912,0.0021402835845947266
130021,normal,1321,1,1782360222.5631375,0.0018463134765625
130022,normal,1093,0,1782360222.5652943,0.0021567344665527344
130023,normal,1812,0,1782360222.5671368,0.001842498779296875
130024,normal,641,0,1782360222.569288,0.0021512508392333984
130025,normal,2555,0,1782360222.5711555,0.001867532730102539
130026,normal,2558,0,1782360222.5732899,0.0021343231201171875
130027,normal,3107,1,1782360222.5751367,0.0018467903137207031
130028,normal,3158,1,1782360222.577282,0.0021452903747558594
130029,normal,694,0,1782360222.5791376,0.001855611801147461
130030,normal,1094,0,1782360222.5812857,0.002148151397705078
130031,normal,1014,2,1782360222.5831606,0.0018749237060546875
130032,normal,2114,0,1782360222.5852935,0.002132892608642578
130033,normal,510,0,1782360222.587137,0.0018434524536132812
130034,normal,26,0,1782360222.5892682,0.002131223678588867
130035,normal,13,0,1782360222.5911484,0.0018801689147949219
130036,normal,812,2,1782360222.59329,0.002141714096069336
130037,normal,2259,0,1782360222.5951655,0.0018754005432128906
130038,normal,2377,0,1782360222.5972922,0.0021266937255859375
130039,normal,1750,0,1782360222.5991375,0.0018453598022460938
130040,normal,3235,1,1782360222.601285,0.0021474361419677734
130041,normal,747,0,1782360222.6031442,0.0018591880798339844
130042,normal,552,0,1782360222.6052854,0.002141237258911133
130043,normal,676,0,1782360222.6071703,0.0018849372863769531
130044,normal,1853,0,1782360222.6092927,0.0021224021911621094
130045,normal,2177,0,1782360222.6111383,0.0018455982208251953
130046,normal,873,2,1782360222.6132822,0.00214385986328125
130047,normal,1933,0,1782360222.6151834,0.0019011497497558594
130048,normal,3353,1,1782360222.6172745,0.0020911693572998047
130049,normal,2002,0,1782360222.6191754,0.0019009113311767578
130050,normal,1283,0,1782360222.621292,0.002116680145263672
130051,normal,2590,0,1782360222.623138,0.0018458366394042969
130052,normal,3429,0,1782360222.6252847,0.0021467208862304688
130053,normal,1173,0,1782360222.6271365,0.001851797103881836
130054,normal,1119,0,1782360222.6292863,0.002149820327758789
130055,normal,2421,0,1782360222.6311808,0.0018944740295410156
130056,normal,1052,0,1782360222.6332884,0.0021076202392578125
130057,normal,1814,0,1782360222.635137,0.0018486976623535156
130058,normal,2974,0,1782360222.6372821,0.002145051956176758
130059,normal,695,0,1782360222.6391435,0.0018613338470458984
130060,normal,1417,0,1782360222.6412823,0.002138853073120117
130061,normal,1081,0,1782360222.6431808,0.0018985271453857422
130062,normal,2626,0,1782360222.6452978,0.0021169185638427734
130063,normal,3103,1,1782360222.6471314,0.0018336772918701172
130064,normal,2248,0,1782360222.6492846,0.002153158187866211
130065,normal,496,0,1782360222.651138,0.0018534660339355469
130066,normal,2404,0,1782360222.6532857,0.002147674560546875
130067,normal,1607,0,1782360222.6551375,0.001851797103881836
130068,normal,3398,1,1782360222.657245,0.002107381820678711
130069,normal,3672,0,1782360222.6592972,0.00205230712890625
130070,normal,729,0,1782360222.6611636,0.0018663406372070312
130071,normal,2094,0,1782360222.6633162,0.002152681350708008
130072,normal,2154,0,1782360222.665156,0.0018396377563476562
130073,normal,3448,0,1782360222.667362,0.002206087112426758
130074,normal,1697,0,1782360222.6691475,0.0017855167388916016
130075,normal,1696,0,1782360222.671337,0.0021893978118896484
130076,normal,3644,0,1782360222.673147,0.0018100738525390625
130077,normal,3538,0,1782360222.6753109,0.0021638870239257812
130078,normal,1064,0,1782360222.677151,0.0018401145935058594
130079,normal,2640,0,1782360222.6793947,0.0022437572479248047
130080,normal,2649,0,1782360222.681147,0.0017523765563964844
130081,normal,2922,0,1782360222.683337,0.0021898746490478516
130082,normal,2030,0,1782360222.6851695,0.0018324851989746094
130083,normal,2178,0,1782360222.68726,0.0020904541015625
130084,normal,2920,0,1782360222.6891372,0.0018773078918457031
130085,normal,504,0,1782360222.691292,0.002154827117919922
130086,normal,3296,1,1782360222.6931417,0.0018496513366699219
130087,normal,3635,0,1782360222.695292,0.002150297164916992
130088,normal,2497,0,1782360222.697206,0.0019140243530273438
130089,normal,2869,0,1782360222.6992886,0.0020825862884521484
130090,normal,1726,0,1782360222.7011347,0.0018460750579833984
130091,normal,1626,0,1782360222.703296,0.002161264419555664
130092,normal,2512,0,1782360222.705147,0.0018510818481445312
130093,normal,14,0,1782360222.707293,0.002146005630493164
130094,normal,3508,0,1782360222.7092257,0.0019326210021972656
130095,normal,2599,0,1782360222.711289,0.002063274383544922
130096,normal,994,2,1782360222.7131371,0.0018482208251953125
130097,normal,1174,0,1782360222.7152903,0.002153158187866211
130098,normal,1022,2,1782360222.7171447,0.0018544197082519531
130099,normal,1285,0,1782360222.7192895,0.0021448135375976562
130100,normal,943,2,1782360222.7212157,0.0019261837005615234
130101,normal,3691,0,1782360222.7232895,0.0020737648010253906
130102,normal,3219,1,1782360222.725141,0.0018515586853027344
130103,normal,855,2,1782360222.727293,0.002151966094970703
130104,normal,2052,0,1782360222.7291427,0.0018496513366699219
130105,normal,568,0,1782360222.7312908,0.002148151397705078
130106,normal,1148,0,1782360222.7332344,0.0019435882568359375
130107,normal,1609,0,1782360222.7352917,0.002057313919067383
130108,normal,1746,0,1782360222.7371411,0.0018494129180908203
130109,normal,1062,0,1782360222.739407,0.00226593017578125
130110,normal,2910,0,1782360222.7411306,0.0017235279083251953
130111,normal,1963,0,1782360222.7431507,0.002020120620727539
130112,normal,346,0,1782360222.7452843,0.002133607864379883
130113,normal,66,0,1782360222.7471364,0.0018520355224609375
130114,normal,238,0,1782360222.7492833,0.0021469593048095703
130115,normal,2242,0,1782360222.7512274,0.0019440650939941406
130116,normal,69,0,1782360222.7532797,0.00205230712890625
130117,normal,1784,0,1782360222.7551374,0.001857757568359375
130118,normal,67,0,1782360222.7572846,0.002147197723388672
130119,normal,2722,0,1782360222.7591424,0.001857757568359375
130120,normal,1293,0,1782360222.761288,0.002145528793334961
130121,normal,1955,0,1782360222.7631376,0.0018496513366699219
130122,normal,2536,0,1782360222.7652833,0.0021457672119140625
130123,normal,2307,0,1782360222.767137,0.0018537044525146484
130124,normal,638,0,1782360222.7692926,0.0021555423736572266
130125,normal,1831,0,1782360222.7713697,0.0020771026611328125
130126,normal,1543,0,1782360222.7731335,0.0017638206481933594
130127,normal,2130,0,1782360222.775303,0.002169370651245117
130128,normal,600,0,1782360222.7771316,0.0018286705017089844
130129,normal,1674,0,1782360222.779301,0.002169370651245117
130130,normal,2435,0,1782360222.7811465,0.0018455982208251953
130131,normal,3327,1,1782360222.7833087,0.0021622180938720703
130132,normal,2741,0,1782360222.7851317,0.0018229484558105469
130133,normal,3053,1,1782360222.7873106,0.0021789073944091797
130134,normal,866,2,1782360222.7891393,0.0018286705017089844
130135,normal,2943,0,1782360222.791295,0.002155780792236328
130136,normal,1943,0,1782360222.7931492,0.0018541812896728516
130137,normal,362,0,1782360222.7953265,0.0021772384643554688
130138,normal,2299,0,1782360222.7971318,0.0018053054809570312
130139,normal,913,2,1782360222.799313,0.0021812915802001953
130140,normal,2420,0,1782360222.8011377,0.0018246173858642578
130141,normal,1990,0,1782360222.8033047,0.0021669864654541016
130142,normal,2868,0,1782360222.8051517,0.0018470287322998047
130143,normal,775,2,1782360222.8073049,0.002153158187866211
130144,normal,1380,1,1782360222.8091323,0.0018274784088134766
130145,normal,815,2,1782360222.8113174,0.0021851062774658203
130146,normal,1292,0,1782360222.8131392,0.001821756362915039
130147,normal,2728,0,1782360222.8152874,0.002148151397705078
130148,normal,3074,1,1782360222.817155,0.001867532730102539
130149,normal,3417,0,1782360222.8192844,0.0021295547485351562
130150,normal,1962,0,1782360222.8211374,0.0018529891967773438
130151,normal,1910,0,1782360222.8232853,0.0021479129791259766
130152,normal,2848,0,1782360222.825138,0.0018527507781982422
130153,normal,710,0,1782360222.8272862,0.002148151397705078
130154,normal,3058,1,1782360222.8291595,0.0018732547760009766
130155,normal,716,0,1782360222.8312995,0.002140045166015625
130156,normal,635,0,1782360222.833174,0.0018744468688964844
130157,normal,416,0,1782360222.8353674,0.002193450927734375
130158,normal,3512,0,1782360222.8371425,0.0017750263214111328
130159,normal,3323,1,1782360222.8392987,0.0021562576293945312
130160,normal,38,0,1782360222.8411744,0.0018756389617919922
130161,normal,932,2,1782360222.8433006,0.0021262168884277344
130162,normal,2339,0,1782360222.845139,0.0018384456634521484
130163,normal,3288,1,1782360222.8472922,0.002153158187866211
130164,normal,2666,0,1782360222.8491385,0.0018463134765625
130165,normal,2706,0,1782360222.8512905,0.002151966094970703
130166,normal,1427,0,1782360222.8531754,0.0018849372863769531
130167,normal,3465,0,1782360222.8552907,0.0021152496337890625
130168,normal,1289,0,1782360222.8571365,0.0018458366394042969
130169,normal,213,0,1782360222.859283,0.002146482467651367
130170,normal,382,0,1782360222.8611364,0.0018534660339355469
130171,normal,1668,0,1782360222.8632884,0.002151966094970703
130172,normal,3280,1,1782360222.865179,0.0018906593322753906
130173,normal,2783,0,1782360222.8672922,0.0021131038665771484
130174,normal,1849,0,1782360222.8691397,0.0018475055694580078
130175,normal,2334,0,1782360222.8712833,0.0021436214447021484
130176,normal,3491,0,1782360222.873137,0.0018537044525146484
130177,normal,738,0,1782360222.8752866,0.0021495819091796875
130178,normal,2105,0,1782360222.8771834,0.0018968582153320312
130179,normal,2424,0,1782360222.879292,0.0021085739135742188
130180,normal,3494,0,1782360222.8811374,0.0018453598022460938
130181,normal,3138,1,1782360222.8832822,0.0021448135375976562
130182,normal,106,0,1782360222.885136,0.0018537044525146484
130183,normal,537,0,1782360222.8872862,0.002150297164916992
130184,normal,1291,0,1782360222.8891869,0.0019006729125976562
130185,normal,3681,0,1782360222.8912928,0.0021059513092041016
130186,normal,655,0,1782360222.893136,0.0018432140350341797
130187,normal,903,2,1782360222.895285,0.002148866653442383
130188,normal,1867,0,1782360222.8971376,0.0018527507781982422
130189,normal,1729,0,1782360222.899287,0.002149343490600586
130190,normal,1389,0,1782360222.9011893,0.0019023418426513672
130191,normal,2303,0,1782360222.9032862,0.002096891403198242
130192,normal,2260,0,1782360222.9051328,0.0018465518951416016
130193,normal,1386,0,1782360222.9072874,0.0021545886993408203
130194,normal,742,0,1782360222.9091337,0.0018463134765625
130195,normal,2781,0,1782360222.9112873,0.002153635025024414
130196,normal,1511,0,1782360222.91319,0.0019025802612304688
130197,normal,3071,1,1782360222.915297,0.0021071434020996094
130198,normal,2615,0,1782360222.9171338,0.0018367767333984375
130199,normal,3305,1,1782360222.9192853,0.0021514892578125
130200,normal,1795,0,1782360222.9211426,0.0018572807312011719
130201,normal,3446,0,1782360222.9231372,0.001994609832763672
130202,normal,2278,0,1782360222.9252863,0.0021491050720214844
130203,normal,846,2,1782360222.9271364,0.001850128173828125
130204,normal,2985,0,1782360222.9292855,0.0021491050720214844
130205,normal,2739,0,1782360222.9312005,0.00191497802734375
130206,normal,3588,0,1782360222.9332895,0.0020890235900878906
130207,normal,2801,0,1782360222.9351356,0.0018460750579833984
130208,normal,8,0,1782360222.9372792,0.0021436214447021484
130209,normal,164,0,1782360222.9391375,0.0018582344055175781
130210,normal,1141,0,1782360222.9412823,0.0021448135375976562
130211,normal,2266,0,1782360222.943205,0.0019228458404541016
130212,normal,3523,0,1782360222.9452868,0.002081632614135742
130213,normal,2273,0,1782360222.9471283,0.0018415451049804688
130214,normal,2412,0,1782360222.9493139,0.0021855831146240234
130215,normal,1029,2,1782360222.951111,0.0017971992492675781
130216,normal,797,2,1782360222.9532902,0.0021791458129882812
130217,normal,2571,0,1782360222.9551258,0.0018355846405029297
130218,normal,3471,0,1782360222.9572914,0.002165555953979492
130219,normal,2216,0,1782360222.9591167,0.0018253326416015625
130220,normal,307,0,1782360222.9613073,0.0021905899047851562
130221,normal,3241,1,1782360222.9631157,0.0018084049224853516
130222,normal,3084,1,1782360222.9652956,0.002179861068725586
130223,normal,554,0,1782360222.9671197,0.0018241405487060547
130224,normal,754,0,1782360222.9693,0.002180337905883789
130225,normal,1970,0,1782360222.9711177,0.0018177032470703125
130226,normal,1702,0,1782360222.973312,0.0021941661834716797
130227,normal,1007,2,1782360222.9751215,0.0018095970153808594
130228,normal,604,0,1782360222.977292,0.002170562744140625
130229,normal,1245,0,1782360222.979115,0.0018229484558105469
130230,normal,257,0,1782360222.981286,0.002171039581298828
130231,normal,598,0,1782360222.9831324,0.0018463134765625
130232,normal,2537,0,1782360222.9853153,0.0021829605102539062
130233,normal,2170,0,1782360222.9871156,0.0018002986907958984
130234,normal,3572,0,1782360222.9892867,0.002171039581298828
130235,normal,3381,1,1782360222.9911366,0.0018498897552490234
130236,normal,993,2,1782360222.993286,0.002149343490600586
130237,normal,837,2,1782360222.9951146,0.0018286705017089844
130238,normal,3017,0,1782360222.9973238,0.002209186553955078
130239,normal,602,0,1782360222.9991145,0.001790761947631836
130240,normal,1015,2,1782360223.0012848,0.0021703243255615234
130241,normal,1410,0,1782360223.0031154,0.0018305778503417969
130242,normal,3034,0,1782360223.0052862,0.0021708011627197266
130243,normal,1238,0,1782360223.0071201,0.0018339157104492188
130244,normal,2080,0,1782360223.009326,0.0022058486938476562
130245,normal,2584,0,1782360223.0111156,0.0017895698547363281
130246,normal,3185,1,1782360223.0132854,0.0021698474884033203
130247,normal,2249,0,1782360223.015114,0.0018286705017089844
130248,normal,3304,1,1782360223.017357,0.0022430419921875
130249,normal,1755,0,1782360223.0191362,0.0017790794372558594
130250,normal,2757,0,1782360223.0212905,0.0021543502807617188
130251,normal,113,0,1782360223.023132,0.0018415451049804688
130252,normal,2384,0,1782360223.0252879,0.002155780792236328
130253,normal,843,2,1782360223.0271316,0.0018436908721923828
130254,normal,3083,1,1782360223.0292988,0.002167224884033203
130255,normal,3574,0,1782360223.0311317,0.0018329620361328125
130256,normal,1240,0,1782360223.0332384,0.0021066665649414062
130257,normal,2885,0,1782360223.0351117,0.0018732547760009766
130258,normal,3520,0,1782360223.0371113,0.0019996166229248047
130259,normal,157,0,1782360223.0391684,0.0020570755004882812
130260,normal,1282,0,1782360223.041111,0.0019426345825195312
130261,normal,2300,0,1782360223.0431054,0.0019943714141845703
130262,normal,153,0,1782360223.0451398,0.002034425735473633
130263,normal,131,0,1782360223.047115,0.0019752979278564453
130264,normal,731,0,1782360223.0491254,0.002010345458984375
130265,normal,1211,0,1782360223.0513098,0.0021843910217285156
130266,normal,121,0,1782360223.0531363,0.0018265247344970703
130267,normal,272,0,1782360223.055286,0.0021495819091796875
130268,normal,2515,0,1782360223.0571604,0.0018744468688964844
130269,normal,355,0,1782360223.0592887,0.0021283626556396484
130270,normal,2071,0,1782360223.0611367,0.001847982406616211
130271,normal,2088,0,1782360223.063282,0.0021452903747558594
130272,normal,239,0,1782360223.0651374,0.0018553733825683594
130273,normal,1390,0,1782360223.067281,0.0021436214447021484
130274,normal,1034,0,1782360223.069169,0.0018880367279052734
130275,normal,1137,0,1782360223.0712914,0.0021224021911621094
130276,normal,1860,0,1782360223.0731378,0.0018463134765625
130277,normal,1647,0,1782360223.0752802,0.0021424293518066406
130278,normal,3077,1,1782360223.0771372,0.0018570423126220703
130279,normal,1302,0,1782360223.0792828,0.002145528793334961
130280,normal,2448,0,1782360223.0811598,0.0018770694732666016
130281,normal,1495,0,1782360223.0832891,0.0021293163299560547
130282,normal,145,0,1782360223.085137,0.0018477439880371094
130283,normal,1122,0,1782360223.087279,0.002142190933227539
130284,normal,1673,0,1782360223.089136,0.0018568038940429688
130285,normal,561,0,1782360223.0912788,0.0021429061889648438
130286,normal,2439,0,1782360223.0931716,0.0018928050994873047
130287,normal,696,0,1782360223.0952847,0.0021131038665771484
130288,normal,126,0,1782360223.0971358,0.0018510818481445312
130289,normal,1468,0,1782360223.0992808,0.002145051956176758
130290,normal,2750,0,1782360223.1011367,0.0018558502197265625
130291,normal,370,0,1782360223.1033003,0.0021636486053466797
130292,normal,3060,1,1782360223.105178,0.0018777847290039062
130293,normal,1290,0,1782360223.1071332,0.0019550323486328125
130294,normal,3513,0,1782360223.109312,0.0021789073944091797
130295,normal,580,0,1782360223.1111832,0.0018711090087890625
130296,normal,1556,0,1782360223.1132932,0.002110004425048828
130297,normal,2048,0,1782360223.1151376,0.0018444061279296875
130298,normal,1826,0,1782360223.1172884,0.0021507740020751953
130299,normal,1722,0,1782360223.1191394,0.0018510818481445312
130300,normal,1935,0,1782360223.1212904,0.002151012420654297
130301,normal,1630,0,1782360223.1231863,0.001895904541015625
130302,normal,2907,0,1782360223.125294,0.0021076202392578125
130303,normal,177,0,1782360223.1271358,0.0018417835235595703
130304,normal,2966,0,1782360223.1292863,0.0021505355834960938
130305,normal,2946,0,1782360223.131136,0.0018496513366699219
130306,normal,3226,1,1782360223.1332886,0.002152681350708008
130307,normal,2147,0,1782360223.1351855,0.0018968582153320312
130308,normal,490,0,1782360223.1372933,0.002107858657836914
130309,normal,2978,0,1782360223.1391337,0.001840353012084961
130310,normal,1643,0,1782360223.141337,0.002203226089477539
130311,normal,2762,0,1782360223.143136,0.0017991065979003906
130312,normal,884,2,1782360223.1452823,0.0021462440490722656
130313,normal,3114,1,1782360223.1471896,0.0019073486328125
130314,normal,1116,0,1782360223.1492913,0.0021016597747802734
130315,normal,789,2,1782360223.151135,0.0018436908721923828
130316,normal,1932,0,1782360223.1532793,0.002144336700439453
130317,normal,1031,0,1782360223.155137,0.001857757568359375
130318,normal,3065,1,1782360223.1573114,0.00217437744140625
130319,normal,1229,0,1782360223.1591973,0.0018858909606933594
130320,normal,171,0,1782360223.1612914,0.0020940303802490234
130321,normal,915,2,1782360223.1631377,0.0018463134765625
130322,normal,78,0,1782360223.1652863,0.0021486282348632812
130323,normal,1745,0,1782360223.1671317,0.0018453598022460938
130324,normal,2326,0,1782360223.169294,0.002162456512451172
130325,normal,654,0,1782360223.1712003,0.0019061565399169922
130326,normal,3473,0,1782360223.1732905,0.0020902156829833984
130327,normal,624,0,1782360223.1751378,0.0018472671508789062
130328,normal,77,0,1782360223.177286,0.002148151397705078
130329,normal,3190,1,1782360223.1791365,0.0018506050109863281
130330,normal,2351,0,1782360223.1812875,0.002151012420654297
130331,normal,1404,0,1782360223.1832063,0.001918792724609375
130332,normal,3276,1,1782360223.1852896,0.002083301544189453
130333,normal,629,0,1782360223.1871362,0.0018465518951416016
130334,normal,1829,0,1782360223.189308,0.002171754837036133
130335,normal,3076,1,1782360223.1911445,0.001836538314819336
130336,normal,2302,0,1782360223.1932907,0.0021462440490722656
130337,normal,2608,0,1782360223.1952112,0.001920461654663086
130338,normal,651,0,1782360223.197291,0.0020797252655029297
130339,normal,1904,0,1782360223.1991372,0.0018463134765625
130340,normal,1413,0,1782360223.2012863,0.0021491050720214844
130341,normal,214,0,1782360223.2031357,0.0018494129180908203
130342,normal,127,0,1782360223.205287,0.0021512508392333984
130343,normal,3668,0,1782360223.2072148,0.0019278526306152344
130344,normal,2024,0,1782360223.209291,0.0020761489868164062
130345,normal,1053,0,1782360223.2111354,0.0018444061279296875
130346,normal,2227,0,1782360223.2132864,0.002151012420654297
130347,normal,358,0,1782360223.2151349,0.001848459243774414
130348,normal,2205,0,1782360223.2172866,0.0021517276763916016
130349,normal,3595,0,1782360223.2192216,0.0019350051879882812
130350,normal,820,2,1782360223.221292,0.0020704269409179688
130351,normal,2513,0,1782360223.223136,0.0018439292907714844
130352,normal,94,0,1782360223.2252886,0.002152681350708008
130353,normal,144,0,1782360223.2271383,0.0018496513366699219
130354,normal,875,2,1782360223.229287,0.0021486282348632812
130355,normal,1419,0,1782360223.23121,0.0019230842590332031
130356,normal,168,0,1782360223.2332902,0.002080202102661133
130357,normal,893,2,1782360223.235139,0.0018486976623535156
130358,normal,3087,1,1782360223.2374344,0.0022954940795898438
130359,normal,479,0,1782360223.2391407,0.0017063617706298828
130360,normal,3281,1,1782360223.2412944,0.002153635025024414
130361,normal,1581,0,1782360223.2431326,0.0018382072448730469
130362,normal,1651,0,1782360223.24529,0.002157449722290039
130363,normal,1377,1,1782360223.2471287,0.00183868408203125
130364,normal,927,2,1782360223.2492878,0.00215911865234375
130365,normal,2311,0,1782360223.2511313,0.0018434524536132812
130366,normal,3326,1,1782360223.253292,0.002160787582397461
130367,normal,3674,0,1782360223.2551382,0.0018460750579833984
130368,normal,286,0,1782360223.2572927,0.0021545886993408203
130369,normal,2403,0,1782360223.259132,0.0018391609191894531
130370,normal,599,0,1782360223.2612927,0.002160787582397461
130371,normal,585,0,1782360223.2631345,0.0018417835235595703
130372,normal,1742,0,1782360223.265289,0.0021545886993408203
130373,normal,3675,0,1782360223.267144,0.0018548965454101562
130374,normal,1317,0,1782360223.2692938,0.002149820327758789
130375,normal,1761,0,1782360223.2711298,0.0018360614776611328
130376,normal,1763,0,1782360223.2732863,0.002156496047973633
130377,normal,465,0,1782360223.2751298,0.0018434524536132812
130378,normal,3099,1,1782360223.2772908,0.0021610260009765625
130379,normal,584,0,1782360223.279147,0.001856088638305664
130380,normal,1379,1,1782360223.2813034,0.002156496047973633
130381,normal,1435,0,1782360223.2831304,0.0018270015716552734
130382,normal,1463,0,1782360223.2852883,0.002157926559448242
130383,normal,2461,0,1782360223.2871299,0.0018415451049804688
130384,normal,2229,0,1782360223.289291,0.0021610260009765625
130385,normal,3436,0,1782360223.2911522,0.0018613338470458984
130386,normal,1625,0,1782360223.2933085,0.0021562576293945312
130387,normal,833,2,1782360223.295135,0.0018265247344970703
130388,normal,9,0,1782360223.2972927,0.0021576881408691406
130389,normal,1247,0,1782360223.29913,0.0018372535705566406
130390,normal,294,0,1782360223.3012896,0.002159595489501953
130391,normal,3424,0,1782360223.303162,0.0018725395202636719
130392,normal,3217,1,1782360223.3053315,0.002169370651245117
130393,normal,1309,0,1782360223.307157,0.001825571060180664
130394,normal,2987,0,1782360223.3092988,0.002141714096069336
130395,normal,1603,0,1782360223.3111463,0.0018475055694580078
130396,normal,724,0,1782360223.3132918,0.002145528793334961
130397,normal,3041,0,1782360223.3151674,0.0018756389617919922
130398,normal,1130,0,1782360223.317299,0.0021314620971679688
130399,normal,560,0,1782360223.3191376,0.00183868408203125
130400,normal,2656,0,1782360223.3212895,0.002151966094970703
130401,normal,1878,0,1782360223.3231294,0.0018398761749267578
130402,normal,1132,0,1782360223.325286,0.002156496047973633
130403,normal,1811,0,1782360223.3271728,0.0018868446350097656
130404,normal,165,0,1782360223.3292947,0.0021219253540039062
130405,normal,1666,0,1782360223.3311296,0.001834869384765625
130406,normal,1362,1,1782360223.333286,0.002156496047973633
130407,normal,3616,0,1782360223.3351302,0.001844167709350586
130408,normal,2075,0,1782360223.33729,0.0021598339080810547
130409,normal,273,0,1782360223.339175,0.0018849372863769531
130410,normal,3431,0,1782360223.3412979,0.0021228790283203125
130411,normal,618,0,1782360223.3431327,0.001834869384765625
130412,normal,1688,0,1782360223.3452923,0.002159595489501953
130413,normal,3275,1,1782360223.3471313,0.0018389225006103516
130414,normal,3645,0,1782360223.349312,0.002180814743041992
130415,normal,263,0,1782360223.351118,0.001806020736694336
130416,normal,796,2,1782360223.3531146,0.0019965171813964844
130417,normal,952,2,1782360223.355097,0.001982450485229492
130418,normal,2634,0,1782360223.3570976,0.002000570297241211
130419,normal,3435,0,1782360223.359141,0.002043485641479492
130420,normal,2028,0,1782360223.3612862,0.002145051956176758
130421,normal,2511,0,1782360223.3631392,0.0018529891967773438
130422,normal,2288,0,1782360223.365305,0.0021657943725585938
130423,normal,3507,0,1782360223.367138,0.0018329620361328125
130424,normal,2702,0,1782360223.369339,0.002201080322265625
130425,normal,1692,0,1782360223.371138,0.0017991065979003906
130426,normal,3420,0,1782360223.3732867,0.0021486282348632812
130427,normal,454,0,1782360223.3751404,0.0018537044525146484
130428,normal,896,2,1782360223.3773012,0.002160787582397461
130429,normal,2409,0,1782360223.3791378,0.001836538314819336
130430,normal,1949,0,1782360223.3813455,0.0022077560424804688
130431,normal,1060,0,1782360223.383159,0.0018134117126464844
130432,normal,3607,0,1782360223.3853104,0.0021514892578125
130433,normal,1443,0,1782360223.3871384,0.0018279552459716797
130434,normal,2085,0,1782360223.3893046,0.002166271209716797
130435,normal,3313,1,1782360223.3911386,0.0018339157104492188
130436,normal,557,0,1782360223.3933754,0.0022368431091308594
130437,normal,978,2,1782360223.395139,0.0017635822296142578
130438,normal,2143,0,1782360223.3972874,0.0021483898162841797
130439,normal,3172,1,1782360223.3991413,0.00185394287109375
130440,normal,2674,0,1782360223.4013042,0.002162933349609375
130441,normal,3485,0,1782360223.403141,0.0018367767333984375
130442,normal,2176,0,1782360223.4052854,0.002144336700439453
130443,normal,1199,0,1782360223.40714,0.0018546581268310547
130444,normal,1975,0,1782360223.4092894,0.002149343490600586
130445,normal,37,0,1782360223.4112022,0.001912832260131836
130446,normal,2896,0,1782360223.413296,0.002093791961669922
130447,normal,1487,0,1782360223.4151375,0.0018415451049804688
130448,normal,2721,0,1782360223.4172854,0.0021479129791259766
130449,normal,1425,0,1782360223.4191382,0.0018527507781982422
130450,normal,3490,0,1782360223.4212925,0.0021543502807617188
130451,normal,958,2,1782360223.4232073,0.0019147396087646484
130452,normal,2535,0,1782360223.425293,0.0020856857299804688
130453,normal,2379,0,1782360223.4271362,0.0018432140350341797
130454,normal,1976,0,1782360223.4292977,0.0021615028381347656
130455,normal,1855,0,1782360223.431145,0.0018472671508789062
130456,normal,2241,0,1782360223.4332917,0.0021467208862304688
130457,normal,2687,0,1782360223.4352117,0.0019199848175048828
130458,normal,3697,0,1782360223.4372928,0.002081155776977539
130459,normal,190,0,1782360223.4391396,0.0018467903137207031
130460,normal,3332,1,1782360223.4413052,0.002165555953979492
130461,normal,3264,1,1782360223.4431348,0.0018296241760253906
130462,normal,1349,1,1782360223.445289,0.002154111862182617
130463,normal,3534,0,1782360223.4472172,0.0019283294677734375
130464,normal,250,0,1782360223.4492848,0.00206756591796875
130465,normal,3035,0,1782360223.4511354,0.0018506050109863281
130466,normal,774,2,1782360223.4532855,0.0021500587463378906
130467,normal,3118,1,1782360223.4551358,0.0018503665924072266
130468,normal,457,0,1782360223.457285,0.0021491050720214844
130469,normal,2096,0,1782360223.4592235,0.0019385814666748047
130470,normal,2610,0,1782360223.4613106,0.002087116241455078
130471,normal,2787,0,1782360223.4631374,0.0018267631530761719
130472,normal,447,0,1782360223.4653084,0.002171039581298828
130473,normal,1232,0,1782360223.4671297,0.001821279525756836
130474,normal,1456,0,1782360223.4691434,0.002013683319091797
130475,normal,1092,0,1782360223.4713218,0.0021784305572509766
130476,normal,960,2,1782360223.473118,0.0017962455749511719
130477,normal,41,0,1782360223.4752905,0.0021724700927734375
130478,normal,1444,0,1782360223.4771178,0.001827239990234375
130479,normal,3003,0,1782360223.4792871,0.002169370651245117
130480,normal,1048,0,1782360223.4811227,0.0018355846405029297
130481,normal,2136,0,1782360223.4833257,0.0022029876708984375
130482,normal,3521,0,1782360223.4851186,0.00179290771484375
130483,normal,1363,1,1782360223.487295,0.0021762847900390625
130484,normal,2125,0,1782360223.4891164,0.0018215179443359375
130485,normal,3267,1,1782360223.4912872,0.0021708011627197266
130486,normal,3488,0,1782360223.4931238,0.001836538314819336
130487,normal,324,0,1782360223.495302,0.002178192138671875
130488,normal,1725,0,1782360223.4971426,0.0018405914306640625
130489,normal,3004,0,1782360223.499282,0.0021393299102783203
130490,normal,402,0,1782360223.5011387,0.0018568038940429688
130491,normal,1616,0,1782360223.5032814,0.002142667770385742
130492,normal,2657,0,1782360223.505142,0.0018606185913085938
130493,normal,2894,0,1782360223.5073314,0.0021893978118896484
130494,normal,2186,0,1782360223.5091343,0.0018029212951660156
130495,normal,1712,0,1782360223.5112882,0.0021538734436035156
130496,normal,202,0,1782360223.5131388,0.0018506050109863281
130497,normal,1242,0,1782360223.5152807,0.0021419525146484375
130498,normal,1446,0,1782360223.517143,0.0018622875213623047
130499,normal,511,0,1782360223.5193028,0.0021598339080810547
130500,normal,3466,0,1782360223.5211284,0.001825571060180664
130501,normal,748,0,1782360223.5232868,0.0021584033966064453
130502,normal,3426,0,1782360223.5251036,0.0018167495727539062
130503,normal,1202,0,1782360223.5272844,0.002180814743041992
130504,normal,1916,0,1782360223.529117,0.001832723617553711
130505,normal,1300,0,1782360223.5313423,0.002225160598754883
130506,normal,3695,0,1782360223.5331173,0.0017750263214111328
130507,normal,2895,0,1782360223.5352857,0.002168416976928711
130508,normal,2771,0,1782360223.5371194,0.0018336772918701172
130509,normal,409,0,1782360223.5392847,0.0021653175354003906
130510,normal,3641,0,1782360223.5411172,0.0018324851989746094
130511,normal,2851,0,1782360223.5432723,0.0021550655364990234
130512,normal,1248,0,1782360223.5451264,0.0018541812896728516
130513,normal,2501,0,1782360223.547294,0.0021674633026123047
130514,normal,573,0,1782360223.5491843,0.001890420913696289
130515,normal,2912,0,1782360223.5512843,0.0020999908447265625
130516,normal,3581,0,1782360223.5531223,0.0018379688262939453
130517,normal,406,0,1782360223.5553534,0.002231121063232422
130518,normal,1373,1,1782360223.5571218,0.001768350601196289
130519,normal,1304,0,1782360223.5592914,0.0021696090698242188
130520,normal,2984,0,1782360223.5611224,0.0018310546875
130521,normal,3570,0,1782360223.5632823,0.0021598339080810547
130522,normal,3611,0,1782360223.5651193,0.001837015151977539
130523,normal,3690,0,1782360223.567325,0.0022058486938476562
130524,normal,1325,1,1782360223.5691364,0.0018112659454345703
130525,normal,2830,0,1782360223.5712879,0.0021514892578125
130526,normal,215,0,1782360223.5731635,0.0018756389617919922
130527,normal,1167,0,1782360223.5751457,0.0019822120666503906
130528,normal,124,0,1782360223.5772872,0.0021414756774902344
130529,normal,3033,0,1782360223.5791423,0.0018551349639892578
130530,normal,2419,0,1782360223.581239,0.0020966529846191406
130531,normal,682,0,1782360223.5831347,0.0018956661224365234
130532,normal,3442,0,1782360223.585334,0.002199411392211914
130533,normal,3027,0,1782360223.587131,0.0017969608306884766
130534,normal,808,2,1782360223.5892878,0.0021567344665527344
130535,normal,413,0,1782360223.5911303,0.001842498779296875
130536,normal,2140,0,1782360223.593332,0.0022017955780029297
130537,normal,3400,1,1782360223.5951724,0.001840353012084961
130538,normal,821,2,1782360223.5971115,0.0019390583038330078
130539,normal,3468,0,1782360223.5991173,0.0020058155059814453
130540,normal,3254,1,1782360223.6011074,0.001990079879760742
130541,normal,813,2,1782360223.6031399,0.0020325183868408203
130542,normal,924,2,1782360223.6051092,0.0019693374633789062
130543,normal,2949,0,1782360223.607104,0.0019948482513427734
130544,normal,871,2,1782360223.6091511,0.0020470619201660156
130545,normal,187,0,1782360223.611105,0.0019538402557373047
130546,normal,2718,0,1782360223.6131063,0.0020012855529785156
130547,normal,3237,1,1782360223.6151388,0.0020325183868408203
130548,normal,576,0,1782360223.6171145,0.0019757747650146484
130549,normal,489,0,1782360223.6191018,0.0019872188568115234
130550,normal,1866,0,1782360223.621144,0.0020422935485839844
130551,normal,1810,0,1782360223.6231053,0.001961231231689453
130552,normal,3459,0,1782360223.6251054,0.002000093460083008
130553,normal,596,0,1782360223.6271355,0.0020301342010498047
130554,normal,3411,0,1782360223.6291072,0.001971721649169922
130555,normal,2115,0,1782360223.6311026,0.0019953250885009766
130556,normal,79,0,1782360223.6331456,0.002043008804321289
130557,normal,1623,0,1782360223.6351032,0.0019576549530029297
130558,normal,3246,1,1782360223.6371078,0.0020046234130859375
130559,normal,2150,0,1782360223.6391356,0.002027750015258789
130560,normal,1819,0,1782360223.6411023,0.001966714859008789
130561,normal,2446,0,1782360223.6430993,0.0019969940185546875
130562,normal,666,0,1782360223.6451583,0.0020589828491210938
130563,normal,68,0,1782360223.6471028,0.0019445419311523438
130564,normal,1476,0,1782360223.6491065,0.0020036697387695312
130565,normal,804,2,1782360223.651141,0.002034425735473633
130566,normal,1006,2,1782360223.6531055,0.001964569091796875
130567,normal,368,0,1782360223.6550994,0.001993894577026367
130568,normal,359,0,1782360223.6571386,0.002039194107055664
130569,normal,2820,0,1782360223.6591504,0.0020117759704589844
130570,normal,2090,0,1782360223.6610854,0.0019350051879882812
130571,normal,681,0,1782360223.6631172,0.0020318031311035156
130572,normal,2667,0,1782360223.6651502,0.0020329952239990234
130573,normal,1991,0,1782360223.6672947,0.0021445751190185547
130574,normal,1589,0,1782360223.6692154,0.0019207000732421875
130575,normal,1206,0,1782360223.6713026,0.002087116241455078
130576,normal,3590,0,1782360223.6731384,0.0018358230590820312
130577,normal,1681,0,1782360223.6752923,0.0021538734436035156
130578,normal,1718,0,1782360223.677143,0.0018508434295654297
130579,normal,2861,0,1782360223.679304,0.002160787582397461
130580,normal,879,2,1782360223.6811492,0.0018453598022460938
130581,normal,150,0,1782360223.6833036,0.0021543502807617188
130582,normal,2165,0,1782360223.685146,0.001842498779296875
130583,normal,1562,0,1782360223.6873767,0.0022306442260742188
130584,normal,743,0,1782360223.6891353,0.001758575439453125
130585,normal,82,0,1782360223.6912959,0.0021605491638183594
130586,normal,3119,1,1782360223.693287,0.0019910335540771484
130587,normal,3336,1,1782360223.6951485,0.001861572265625
130588,normal,516,0,1782360223.697291,0.0021424293518066406
130589,normal,1426,0,1782360223.6992917,0.0020008087158203125
130590,normal,2471,0,1782360223.7011364,0.001844644546508789
130591,normal,3337,1,1782360223.7032976,0.002161264419555664
130592,normal,711,0,1782360223.7051344,0.0018367767333984375
130593,normal,1695,0,1782360223.7073278,0.002193450927734375
130594,normal,1546,0,1782360223.7091353,0.0018074512481689453
130595,normal,1585,0,1782360223.7112944,0.00215911865234375
130596,normal,453,0,1782360223.713136,0.0018415451049804688
130597,normal,3046,1,1782360223.715295,0.00215911865234375
130598,normal,2977,0,1782360223.7172885,0.001993417739868164
130599,normal,2841,0,1782360223.7191398,0.0018513202667236328
130600,normal,881,2,1782360223.7212975,0.0021576881408691406
130601,normal,2265,0,1782360223.7232928,0.0019953250885009766
130602,normal,3393,1,1782360223.7251348,0.0018420219421386719
130603,normal,2881,0,1782360223.7272928,0.002157926559448242
130604,normal,42,0,1782360223.7293065,0.002013683319091797
130605,normal,3594,0,1782360223.7311406,0.0018341541290283203
130606,normal,3537,0,1782360223.7333114,0.0021708011627197266
130607,normal,2095,0,1782360223.73515,0.00183868408203125
130608,normal,3247,1,1782360223.7373056,0.0021555423736572266
130609,normal,2858,0,1782360223.7391403,0.0018346309661865234
130610,normal,3093,1,1782360223.741298,0.0021576881408691406
130611,normal,606,0,1782360223.7431421,0.001844167709350586
130612,normal,1209,0,1782360223.745302,0.0021598339080810547
130613,normal,297,0,1782360223.7471411,0.0018391609191894531
130614,normal,3271,1,1782360223.749304,0.002162933349609375
130615,normal,2850,0,1782360223.7511408,0.0018367767333984375
130616,normal,1942,0,1782360223.753299,0.0021581649780273438
130617,normal,132,0,1782360223.7551382,0.0018391609191894531
130618,normal,2980,0,1782360223.757297,0.0021588802337646484
130619,normal,1617,0,1782360223.7593026,0.0020055770874023438
130620,normal,2847,0,1782360223.7611356,0.0018329620361328125
130621,normal,620,0,1782360223.7632942,0.002158641815185547
130622,normal,96,0,1782360223.765315,0.0020208358764648438
130623,normal,2834,0,1782360223.7671423,0.001827239990234375
130624,normal,1547,0,1782360223.7693002,0.002157926559448242
130625,normal,2862,0,1782360223.771151,0.0018508434295654297
130626,normal,2789,0,1782360223.7731423,0.00199127197265625
130627,normal,399,0,1782360223.775288,0.0021457672119140625
130628,normal,861,2,1782360223.7771342,0.0018460750579833984
130629,normal,3376,1,1782360223.7792895,0.002155303955078125
130630,normal,662,0,1782360223.7811642,0.001874685287475586
130631,normal,2059,0,1782360223.7832882,0.0021240711212158203
130632,normal,1919,0,1782360223.7851477,0.001859426498413086
130633,normal,1886,0,1782360223.7872868,0.0021390914916992188
130634,normal,2800,0,1782360223.789146,0.0018591880798339844
130635,normal,1328,1,1782360223.791288,0.0021419525146484375
130636,normal,3433,0,1782360223.7931497,0.0018618106842041016
130637,normal,617,0,1782360223.7952635,0.002113819122314453
130638,normal,1274,0,1782360223.7971494,0.0018858909606933594
130639,normal,432,0,1782360223.799289,0.002139568328857422
130640,normal,3206,1,1782360223.8011441,0.0018551349639892578
130641,normal,3369,1,1782360223.8032863,0.002142190933227539
130642,normal,1714,0,1782360223.8051379,0.0018515586853027344
130643,normal,1246,0,1782360223.807327,0.002189159393310547
130644,normal,3061,1,1782360223.809149,0.0018219947814941406
130645,normal,3680,0,1782360223.8112996,0.0021505355834960938
130646,normal,2164,0,1782360223.8131595,0.001859903335571289
130647,normal,588,0,1782360223.8153067,0.002147197723388672
130648,normal,3384,1,1782360223.817137,0.0018303394317626953
130649,normal,2340,0,1782360223.8192909,0.0021538734436035156
130650,normal,1066,0,1782360223.8211389,0.001847982406616211
130651,normal,3328,1,1782360223.8232899,0.002151012420654297
130652,normal,517,0,1782360223.8252892,0.001999378204345703
130653,normal,308,0,1782360223.8271337,0.0018444061279296875
130654,normal,3059,1,1782360223.8292994,0.0021657943725585938
130655,normal,702,0,1782360223.8312879,0.0019884109497070312
130656,normal,2749,0,1782360223.8331347,0.0018467903137207031
130657,normal,3598,0,1782360223.8352923,0.0021576881408691406
130658,normal,318,0,1782360223.837287,0.001994609832763672
130659,normal,2976,0,1782360223.8391383,0.0018513202667236328
130660,normal,3651,0,1782360223.8412921,0.0021538734436035156
130661,normal,3470,0,1782360223.8432913,0.0019991397857666016
130662,normal,793,2,1782360223.8451402,0.0018489360809326172
130663,normal,2235,0,1782360223.8472939,0.002153635025024414
130664,normal,2219,0,1782360223.849291,0.001997232437133789
130665,normal,1189,0,1782360223.8511457,0.0018546581268310547
130666,normal,844,2,1782360223.8532898,0.0021440982818603516
130667,normal,485,0,1782360223.85535,0.0020601749420166016
130668,normal,1789,0,1782360223.8571353,0.0017852783203125
130669,normal,1407,0,1782360223.8592916,0.0021562576293945312
130670,normal,314,0,1782360223.861136,0.0018444061279296875
130671,normal,2445,0,1782360223.863302,0.0021660327911376953
130672,normal,2852,0,1782360223.8651383,0.0018362998962402344
130673,normal,1780,0,1782360223.8672938,0.0021555423736572266
130674,normal,936,2,1782360223.8691342,0.001840353012084961
130675,normal,3024,0,1782360223.8712924,0.0021581649780273438
130676,normal,1558,0,1782360223.8732882,0.0019958019256591797
130677,normal,1464,0,1782360223.8751376,0.0018494129180908203
130678,normal,2047,0,1782360223.8772924,0.002154827117919922
130679,normal,2560,0,1782360223.8792887,0.001996278762817383
130680,normal,1767,0,1782360223.8811343,0.0018455982208251953
130681,normal,907,2,1782360223.8832948,0.0021605491638183594
130682,normal,3306,1,1782360223.885289,0.0019941329956054688
130683,normal,3639,0,1782360223.887137,0.001847982406616211
130684,normal,200,0,1782360223.8892937,0.0021567344665527344
130685,normal,751,0,1782360223.8912954,0.0020017623901367188
130686,normal,1573,0,1782360223.8931355,0.0018401145935058594
130687,normal,1857,0,1782360223.895296,0.0021605491638183594
130688,normal,17,0,1782360223.89729,0.001993894577026367
130689,normal,2442,0,1782360223.899137,0.0018470287322998047
130690,normal,3346,1,1782360223.9012918,0.002154827117919922
130691,normal,1514,0,1782360223.903137,0.0018451213836669922
130692,normal,2060,0,1782360223.9053032,0.002166271209716797
130693,normal,2506,0,1782360223.9071352,0.0018320083618164062
130694,normal,1693,0,1782360223.9093325,0.002197265625
130695,normal,1887,0,1782360223.911152,0.0018193721771240234
130696,normal,114,0,1782360223.913298,0.002146005630493164
130697,normal,2058,0,1782360223.9151413,0.0018434524536132812
130698,normal,725,0,1782360223.9173045,0.0021631717681884766
130699,normal,3563,0,1782360223.9191377,0.001833200454711914
130700,normal,1944,0,1782360223.92129,0.0021522045135498047
130701,normal,3394,1,1782360223.9231353,0.0018453598022460938
130702,normal,1665,0,1782360223.925292,0.0021567344665527344
130703,normal,939,2,1782360223.927135,0.0018429756164550781
130704,normal,872,2,1782360223.929315,0.0021800994873046875
130705,normal,2911,0,1782360223.9311366,0.0018215179443359375
130706,normal,611,0,1782360223.933294,0.002157449722290039
130707,normal,1951,0,1782360223.9351373,0.0018432140350341797
130708,normal,1820,0,1782360223.9372926,0.002155303955078125
130709,normal,690,0,1782360223.939133,0.001840353012084961
130710,normal,1398,0,1782360223.941311,0.0021779537200927734
130711,normal,2092,0,1782360223.943136,0.001825094223022461
130712,normal,2474,0,1782360223.9452872,0.0021512508392333984
130713,normal,3441,0,1782360223.9471357,0.001848459243774414
130714,normal,1441,0,1782360223.9493003,0.002164602279663086
130715,normal,143,0,1782360223.951287,0.0019867420196533203
130716,normal,917,2,1782360223.953137,0.0018498897552490234
130717,normal,320,0,1782360223.9552975,0.0021605491638183594
130718,normal,3137,1,1782360223.9571378,0.001840353012084961
130719,normal,2183,0,1782360223.9593015,0.0021636486053466797
130720,normal,728,0,1782360223.9611378,0.0018362998962402344
130721,normal,1299,0,1782360223.9632869,0.0021491050720214844
130722,normal,2553,0,1782360223.9651337,0.0018467903137207031
130723,normal,3390,1,1782360223.967296,0.0021622180938720703
130724,normal,3069,1,1782360223.969141,0.0018451213836669922
130725,normal,3515,0,1782360223.9712882,0.002147197723388672
130726,normal,3698,0,1782360223.9731393,0.0018510818481445312
130727,normal,835,2,1782360223.9752867,0.0021474361419677734
130728,normal,3495,0,1782360223.9771373,0.0018506050109863281
130729,normal,3339,1,1782360223.9792898,0.0021524429321289062
130730,normal,1724,0,1782360223.9811366,0.0018467903137207031
130731,normal,1005,2,1782360223.9833033,0.002166748046875
130732,normal,2490,0,1782360223.9851384,0.0018351078033447266
130733,normal,1961,0,1782360223.9872873,0.002148866653442383
130734,normal,2423,0,1782360223.9891596,0.0018723011016845703
130735,normal,2257,0,1782360223.9913,0.002140522003173828
130736,normal,1561,0,1782360223.9932914,0.00199127197265625
130737,normal,2405,0,1782360223.9951458,0.0018544197082519531
130738,normal,2386,0,1782360223.9973052,0.0021593570709228516
130739,normal,2914,0,1782360223.999288,0.0019829273223876953
130740,normal,1667,0,1782360224.001136,0.001847982406616211
130741,normal,2392,0,1782360224.0032883,0.0021522045135498047
130742,normal,2661,0,1782360224.00529,0.0020017623901367188
130743,normal,3070,1,1782360224.0071445,0.0018544197082519531
130744,normal,2491,0,1782360224.0092912,0.0021467208862304688
130745,normal,1196,0,1782360224.0111356,0.0018444061279296875
130746,normal,377,0,1782360224.013304,0.002168416976928711
130747,normal,1953,0,1782360224.015136,0.0018320083618164062
130748,normal,1531,0,1782360224.0172908,0.002154827117919922
130749,normal,3486,0,1782360224.0191338,0.0018429756164550781
130750,normal,2369,0,1782360224.0212953,0.0021615028381347656
130751,normal,1528,0,1782360224.0231354,0.0018401145935058594
130752,normal,2256,0,1782360224.0253034,0.002167940139770508
130753,normal,3319,1,1782360224.0271378,0.0018343925476074219
130754,normal,303,0,1782360224.0292888,0.002151012420654297
130755,normal,1159,0,1782360224.0311325,0.0018436908721923828
130756,normal,826,2,1782360224.0332904,0.002157926559448242
130757,normal,3245,1,1782360224.0352871,0.001996755599975586
130758,normal,471,0,1782360224.0371363,0.0018491744995117188
130759,normal,381,0,1782360224.0392902,0.0021538734436035156
130760,normal,1633,0,1782360224.041304,0.0020139217376708984
130761,normal,1010,2,1782360224.0431736,0.0018694400787353516
130762,normal,10,0,1782360224.045293,0.0021195411682128906
130763,normal,2198,0,1782360224.0471437,0.0018506050109863281
130764,normal,194,0,1782360224.0493054,0.002161741256713867
130765,normal,2151,0,1782360224.051137,0.0018315315246582031
130766,normal,1591,0,1782360224.0532916,0.0021545886993408203
130767,normal,2120,0,1782360224.0551357,0.001844167709350586
130768,normal,1664,0,1782360224.0572903,0.0021545886993408203
130769,normal,3333,1,1782360224.059339,0.0020487308502197266
130770,normal,1838,0,1782360224.061162,0.0018229484558105469
130771,normal,3248,1,1782360224.063291,0.002129077911376953
130772,normal,1798,0,1782360224.0653415,0.0020503997802734375
130773,normal,166,0,1782360224.0671382,0.001796722412109375
130774,normal,353,0,1782360224.0692904,0.0021522045135498047
130775,normal,1876,0,1782360224.0712876,0.001997232437133789
130776,normal,1500,0,1782360224.0731351,0.0018475055694580078
130777,normal,752,0,1782360224.0752864,0.0021512508392333984
130778,normal,3009,0,1782360224.077344,0.0020575523376464844
130779,normal,1477,0,1782360224.0791347,0.001790761947631836
130780,normal,1588,0,1782360224.0812883,0.002153635025024414
130781,normal,3075,1,1782360224.0832863,0.0019979476928710938
130782,normal,419,0,1782360224.0851493,0.0018630027770996094
130783,normal,2179,0,1782360224.0872884,0.0021390914916992188
130784,normal,2696,0,1782360224.0893478,0.002059459686279297
130785,normal,1213,0,1782360224.0911367,0.0017888545989990234
130786,normal,2026,0,1782360224.0932877,0.002151012420654297
130787,normal,2401,0,1782360224.0953493,0.002061605453491211
130788,normal,2069,0,1782360224.097136,0.0017867088317871094
130789,normal,689,0,1782360224.09929,0.0021538734436035156
130790,normal,2418,0,1782360224.1012878,0.0019979476928710938
130791,normal,2587,0,1782360224.1031353,0.0018475055694580078
130792,normal,3567,0,1782360224.1052904,0.0021550655364990234
130793,normal,1252,0,1782360224.1072953,0.002004861831665039
130794,normal,378,0,1782360224.1092498,0.0019545555114746094
130795,normal,741,0,1782360224.1111252,0.0018754005432128906
130796,normal,3535,0,1782360224.113387,0.0022618770599365234
130797,normal,663,0,1782360224.1151352,0.0017480850219726562
130798,normal,2930,0,1782360224.1172943,0.00215911865234375
130799,normal,2704,0,1782360224.1191373,0.0018429756164550781
130800,normal,2432,0,1782360224.1213028,0.002165555953979492
130801,normal,3154,1,1782360224.1231546,0.001851797103881836
130802,normal,1930,0,1782360224.1253078,0.002153158187866211
130803,normal,973,2,1782360224.1271348,0.0018270015716552734
130804,normal,1774,0,1782360224.1292925,0.0021576881408691406
130805,normal,2562,0,1782360224.1311321,0.0018396377563476562
130806,normal,3273,1,1782360224.1333,0.002167940139770508
130807,normal,2319,0,1782360224.1351352,0.0018351078033447266
130808,normal,1815,0,1782360224.137289,0.0021538734436035156
130809,normal,953,2,1782360224.1391351,0.0018460750579833984
130810,normal,1690,0,1782360224.141292,0.002156972885131836
130811,normal,3037,0,1782360224.1432867,0.001994609832763672
130812,normal,488,0,1782360224.1451356,0.0018489360809326172
130813,normal,1704,0,1782360224.1472914,0.002155780792236328
130814,normal,2213,0,1782360224.149403,0.002111673355102539
130815,normal,3131,1,1782360224.1511328,0.001729726791381836
130816,normal,2073,0,1782360224.1532917,0.0021588802337646484
130817,normal,1610,0,1782360224.1552875,0.0019958019256591797
130818,normal,2805,0,1782360224.1571321,0.001844644546508789
130819,normal,2271,0,1782360224.1592886,0.002156496047973633
130820,normal,2908,0,1782360224.161289,0.0020003318786621094
130821,normal,1280,0,1782360224.1631362,0.0018472671508789062
130822,normal,3414,0,1782360224.165295,0.002158641815185547
130823,normal,3090,1,1782360224.167132,0.001837015151977539
130824,normal,1654,0,1782360224.1693017,0.0021698474884033203
130825,normal,3600,0,1782360224.1712186,0.0019168853759765625
130826,normal,3282,1,1782360224.1732898,0.0020711421966552734
130827,normal,2794,0,1782360224.1751301,0.001840353012084961
130828,normal,869,2,1782360224.1773057,0.002175569534301758
130829,normal,3493,0,1782360224.17913,0.0018243789672851562
130830,normal,2272,0,1782360224.1813042,0.0021741390228271484
130831,normal,3561,0,1782360224.1831355,0.0018312931060791016
130832,normal,1727,0,1782360224.1852884,0.0021529197692871094
130833,normal,946,2,1782360224.187131,0.001842498779296875
130834,normal,3510,0,1782360224.1893005,0.0021696090698242188
130835,normal,2111,0,1782360224.1911333,0.001832723617553711
130836,normal,522,0,1782360224.193299,0.0021657943725585938
130837,normal,2004,0,1782360224.195139,0.0018398761749267578
130838,normal,1013,2,1782360224.1972883,0.002149343490600586
130839,normal,1138,0,1782360224.1991353,0.0018470287322998047
130840,normal,687,0,1782360224.2012935,0.0021581649780273438
130841,normal,664,0,1782360224.203137,0.0018434524536132812
130842,normal,2162,0,1782360224.2053015,0.002164602279663086
130843,normal,2510,0,1782360224.2071328,0.0018312931060791016
130844,normal,1913,0,1782360224.209287,0.002154111862182617
130845,normal,2144,0,1782360224.2111316,0.001844644546508789
130846,normal,2083,0,1782360224.213296,0.0021643638610839844
130847,normal,36,0,1782360224.215284,0.0019881725311279297
130848,normal,660,0,1782360224.217135,0.0018508434295654297
130849,normal,1757,0,1782360224.2192876,0.002152681350708008
130850,normal,2613,0,1782360224.221289,0.0020012855529785156
130851,normal,2158,0,1782360224.223134,0.0018451213836669922
130852,normal,2809,0,1782360224.2252953,0.002161264419555664
130853,normal,2829,0,1782360224.2272878,0.001992464065551758
130854,normal,3627,0,1782360224.2291336,0.0018458366394042969
130855,normal,782,2,1782360224.2312925,0.0021588802337646484
130856,normal,3704,0,1782360224.23329,0.0019974708557128906
130857,normal,2443,0,1782360224.2351356,0.0018455982208251953
130858,normal,1560,0,1782360224.237292,0.002156496047973633
130859,normal,1557,0,1782360224.2392888,0.001996755599975586
130860,normal,386,0,1782360224.2411392,0.0018503665924072266
130861,normal,2473,0,1782360224.2433023,0.0021631717681884766
130862,normal,1,0,1782360224.2451355,0.001833200454711914
130863,normal,3104,1,1782360224.2473023,0.002166748046875
130864,normal,2500,0,1782360224.249152,0.0018496513366699219
130865,normal,1032,0,1782360224.2512875,0.0021355152130126953
130866,normal,2642,0,1782360224.2531326,0.0018451213836669922
130867,normal,891,2,1782360224.2552931,0.0021605491638183594
130868,normal,732,0,1782360224.2572863,0.0019931793212890625
130869,normal,961,2,1782360224.2591352,0.0018489360809326172
130870,normal,1056,0,1782360224.2611375,0.002002239227294922
130871,normal,1840,0,1782360224.2632868,0.002149343490600586
130872,normal,1033,0,1782360224.265133,0.0018460750579833984
130873,normal,3689,0,1782360224.2672925,0.002159595489501953
130874,normal,3669,0,1782360224.269287,0.001994609832763672
130875,normal,3295,1,1782360224.2711356,0.001848459243774414
130876,normal,3380,1,1782360224.2732933,0.0021576881408691406
130877,normal,1340,1,1782360224.2752895,0.001996278762817383
130878,normal,1864,0,1782360224.277135,0.0018453598022460938
130879,normal,2286,0,1782360224.279295,0.0021600723266601562
130880,normal,1480,0,1782360224.2812922,0.001997232437133789
130881,normal,2838,0,1782360224.2831354,0.0018432140350341797
130882,normal,2126,0,1782360224.2852943,0.0021588802337646484
130883,normal,2484,0,1782360224.287134,0.0018396377563476562
130884,normal,2578,0,1782360224.2893012,0.002167224884033203
130885,normal,1901,0,1782360224.2911358,0.0018346309661865234
130886,normal,955,2,1782360224.2932873,0.0021514892578125
130887,normal,3648,0,1782360224.2951357,0.001848459243774414
130888,normal,2652,0,1782360224.2972927,0.002156972885131836
130889,normal,1433,0,1782360224.2992873,0.001994609832763672
130890,normal,3646,0,1782360224.3011336,0.0018463134765625
130891,normal,1353,1,1782360224.3032916,0.002157926559448242
130892,normal,1118,0,1782360224.305287,0.0019953250885009766
130893,normal,3092,1,1782360224.3071365,0.0018496513366699219
130894,normal,670,0,1782360224.3093143,0.002177715301513672
130895,normal,2315,0,1782360224.3111525,0.0018382072448730469
130896,normal,61,0,1782360224.3133013,0.002148866653442383
130897,normal,3492,0,1782360224.3151338,0.0018324851989746094
130898,normal,3552,0,1782360224.3173132,0.002179384231567383
130899,normal,785,2,1782360224.3191552,0.0018420219421386719
130900,normal,3233,1,1782360224.3212912,0.0021359920501708984
130901,normal,1837,0,1782360224.3232932,0.0020020008087158203
130902,normal,1459,0,1782360224.3251364,0.0018432140350341797
130903,normal,1160,0,1782360224.3272924,0.0021560192108154297
130904,normal,2220,0,1782360224.3291352,0.0018427371978759766
130905,normal,2936,0,1782360224.3313162,0.0021810531616210938
130906,normal,2952,0,1782360224.3331325,0.0018162727355957031
130907,normal,421,0,1782360224.3352876,0.0021550655364990234
130908,normal,3177,1,1782360224.3371341,0.0018465518951416016
130909,normal,2469,0,1782360224.3392913,0.0021572113037109375
130910,normal,3571,0,1782360224.3412905,0.0019991397857666016
130911,normal,1670,0,1782360224.343135,0.001844644546508789
130912,normal,351,0,1782360224.3453205,0.002185344696044922
130913,normal,2268,0,1782360224.3471367,0.0018162727355957031
130914,normal,739,0,1782360224.3493648,0.0022280216217041016
130915,normal,1754,0,1782360224.3511786,0.0018138885498046875
130916,normal,1256,0,1782360224.3533597,0.0021810531616210938
130917,normal,1136,0,1782360224.355138,0.0017783641815185547
130918,normal,1689,0,1782360224.3573198,0.0021817684173583984
130919,normal,630,0,1782360224.3591447,0.0018248558044433594
130920,normal,701,0,1782360224.3613052,0.0021605491638183594
130921,normal,944,2,1782360224.3631673,0.0018620491027832031
130922,normal,348,0,1782360224.365316,0.0021486282348632812
130923,normal,976,2,1782360224.3671732,0.0018572807312011719
130924,normal,3263,1,1782360224.3695097,0.0023365020751953125
130925,normal,2950,0,1782360224.371311,0.0018012523651123047
130926,normal,1026,2,1782360224.3734891,0.002178192138671875
130927,normal,2298,0,1782360224.3753185,0.001829385757446289
130928,normal,2651,0,1782360224.3774765,0.002157926559448242
130929,normal,1928,0,1782360224.379193,0.00171661376953125
130930,normal,1318,0,1782360224.3813684,0.0021753311157226562
130931,normal,2711,0,1782360224.3831842,0.0018157958984375
130932,normal,971,2,1782360224.3854582,0.002274036407470703
130933,normal,2215,0,1782360224.3872123,0.0017540454864501953
130934,normal,65,0,1782360224.3893497,0.002137422561645508
130935,normal,3609,0,1782360224.3913894,0.002039670944213867
130936,normal,3062,1,1782360224.393225,0.0018355846405029297
130937,normal,733,0,1782360224.3953805,0.0021555423736572266
130938,normal,3671,0,1782360224.3972905,0.0019099712371826172
130939,normal,2134,0,1782360224.3992271,0.0019366741180419922
130940,normal,1706,0,1782360224.4014723,0.002245187759399414
130941,normal,3593,0,1782360224.4036527,0.002180337905883789
130942,normal,1967,0,1782360224.4053643,0.0017116069793701172
130943,normal,824,2,1782360224.4073844,0.002020120620727539
130944,normal,1043,0,1782360224.409094,0.0017096996307373047
130945,normal,515,0,1782360224.4112132,0.0021190643310546875
130946,normal,2121,0,1782360224.4132392,0.002026081085205078
130947,normal,3040,0,1782360224.4151495,0.0019102096557617188
130948,normal,352,0,1782360224.4172418,0.0020923614501953125
130949,normal,1772,0,1782360224.4192517,0.002009868621826172
130950,normal,283,0,1782360224.4211652,0.0019135475158691406
130951,normal,182,0,1782360224.4233382,0.0021729469299316406
130952,normal,1818,0,1782360224.4253764,0.002038240432739258
130953,normal,118,0,1782360224.4272432,0.0018668174743652344
130954,normal,492,0,1782360224.4292543,0.0020110607147216797
130955,normal,444,0,1782360224.4313412,0.0020868778228759766
130956,normal,2375,0,1782360224.4332557,0.0019145011901855469
130957,normal,3457,0,1782360224.4352562,0.002000570297241211
130958,normal,1740,0,1782360224.4373388,0.0020825862884521484
130959,normal,503,0,1782360224.439244,0.001905202865600586
130960,normal,1899,0,1782360224.441463,0.002218961715698242
130961,normal,933,2,1782360224.4432633,0.0018002986907958984
130962,normal,2370,0,1782360224.44534,0.0020766258239746094
130963,normal,2211,0,1782360224.4471674,0.0018274784088134766
130964,normal,814,2,1782360224.449333,0.002165555953979492
130965,normal,780,2,1782360224.4512527,0.0019197463989257812
130966,normal,3286,1,1782360224.4532547,0.0020020008087158203
130967,normal,3379,1,1782360224.4553235,0.002068758010864258
130968,normal,2478,0,1782360224.457182,0.0018584728240966797
130969,normal,2450,0,1782360224.4594173,0.00223541259765625
130970,normal,123,0,1782360224.4612901,0.0018727779388427734
130971,normal,608,0,1782360224.4635131,0.0022230148315429688
130972,normal,2291,0,1782360224.4651086,0.0015954971313476562
130973,normal,255,0,1782360224.4672384,0.002129793167114258
130974,normal,2603,0,1782360224.4691982,0.0019598007202148438
130975,normal,1397,0,1782360224.4712768,0.002078533172607422
130976,normal,3315,1,1782360224.4731882,0.0019114017486572266
130977,normal,619,0,1782360224.4752438,0.002055644989013672
130978,normal,3687,0,1782360224.4771907,0.0019469261169433594
130979,normal,3419,0,1782360224.4791825,0.001991748809814453
130980,normal,1655,0,1782360224.4813056,0.002123117446899414
130981,normal,2602,0,1782360224.4831357,0.0018301010131835938
130982,normal,1806,0,1782360224.4852598,0.0021240711212158203
130983,normal,2453,0,1782360224.487204,0.0019443035125732422
130984,normal,3444,0,1782360224.4892821,0.0020780563354492188
130985,normal,170,0,1782360224.4912713,0.001989126205444336
130986,normal,761,0,1782360224.4931514,0.0018801689147949219
130987,normal,1937,0,1782360224.495306,0.0021545886993408203
130988,normal,235,0,1782360224.49715,0.0018439292907714844
130989,normal,2072,0,1782360224.4992492,0.002099275588989258
130990,normal,1255,0,1782360224.5011137,0.0018644332885742188
130991,normal,2275,0,1782360224.5032241,0.0021104812622070312
130992,normal,2033,0,1782360224.5051029,0.0018787384033203125
130993,normal,2745,0,1782360224.5072544,0.0021514892578125
130994,normal,805,2,1782360224.5092921,0.0020377635955810547
130995,normal,2297,0,1782360224.5112226,0.0019304752349853516
130996,normal,1707,0,1782360224.5131447,0.0019221305847167969
130997,normal,107,0,1782360224.515261,0.0021162033081054688
130998,normal,1082,0,1782360224.5171392,0.0018782615661621094
130999,normal,1381,1,1782360224.519204,0.0020647048950195312
131000,normal,1469,0,1782360224.5212057,0.0020017623901367188
131001,normal,1884,0,1782360224.5230958,0.0018901824951171875
131002,normal,28,0,1782360224.5252218,0.002125978469848633
131003,normal,137,0,1782360224.5272615,0.002039670944213867
131004,normal,3423,0,1782360224.5291514,0.001889944076538086
131005,normal,806,2,1782360224.5313404,0.0021889209747314453
131006,normal,3509,0,1782360224.5332115,0.0018711090087890625
131007,normal,2449,0,1782360224.5352063,0.0019948482513427734
131008,normal,513,0,1782360224.5371535,0.001947164535522461
131009,normal,3658,0,1782360224.5393286,0.0021750926971435547
131010,normal,2539,0,1782360224.5412922,0.0019636154174804688
131011,normal,2556,0,1782360224.5431068,0.0018146038055419922
131012,normal,2746,0,1782360224.5451944,0.0020875930786132812
131013,normal,1438,0,1782360224.547096,0.0019016265869140625
131014,normal,3317,1,1782360224.5492072,0.002111196517944336
131015,normal,2207,0,1782360224.5513086,0.002101421356201172
131016,normal,1883,0,1782360224.5531065,0.0017979145050048828
131017,normal,757,0,1782360224.555198,0.0020914077758789062
131018,normal,1499,0,1782360224.557203,0.0020051002502441406
131019,normal,3631,0,1782360224.559103,0.0018999576568603516
131020,normal,828,2,1782360224.5618343,0.0027313232421875
131021,normal,616,0,1782360224.5633173,0.0014829635620117188
131022,normal,868,2,1782360224.565131,0.001813650131225586
131023,normal,369,0,1782360224.5672083,0.002077341079711914
131024,normal,1959,0,1782360224.5692136,0.002005338668823242
131025,normal,3408,0,1782360224.5711398,0.0019261837005615234
131026,normal,3605,0,1782360224.5735292,0.0023894309997558594
131027,normal,541,0,1782360224.5751326,0.0016033649444580078
131028,normal,2625,0,1782360224.577223,0.0020904541015625
131029,normal,929,2,1782360224.5791123,0.0018892288208007812
131030,normal,1759,0,1782360224.5812352,0.0021228790283203125
131031,normal,2880,0,1782360224.5831342,0.0018990039825439453
131032,normal,3197,1,1782360224.5852873,0.002153158187866211
131033,normal,755,0,1782360224.5873728,0.002085447311401367
131034,normal,414,0,1782360224.5891852,0.0018124580383300781
131035,normal,527,0,1782360224.5912735,0.002088308334350586
131036,normal,2000,0,1782360224.5933292,0.002055644989013672
131037,normal,3051,1,1782360224.595138,0.0018088817596435547
131038,normal,723,0,1782360224.5973623,0.0022242069244384766
131039,normal,2476,0,1782360224.599303,0.0019407272338867188
131040,normal,3243,1,1782360224.6012416,0.0019385814666748047
131041,normal,1479,0,1782360224.6030827,0.0018410682678222656
131042,normal,1069,0,1782360224.605312,0.002229452133178711
131043,normal,2683,0,1782360224.6071255,0.0018134117126464844
131044,normal,1600,0,1782360224.6091566,0.002031087875366211
131045,normal,2547,0,1782360224.6111057,0.0019490718841552734
131046,normal,223,0,1782360224.6132424,0.002136707305908203
131047,normal,2034,0,1782360224.6151285,0.001886129379272461
131048,normal,1452,0,1782360224.6172163,0.002087831497192383
131049,normal,1216,0,1782360224.6191065,0.0018901824951171875
131050,normal,3583,0,1782360224.6212378,0.002131223678588867
131051,normal,2694,0,1782360224.6232438,0.002006053924560547
131052,normal,3111,1,1782360224.6251848,0.0019409656524658203
131053,normal,506,0,1782360224.6272469,0.002062082290649414
131054,normal,656,0,1782360224.6292303,0.0019834041595458984
131055,normal,460,0,1782360224.6311724,0.0019421577453613281
131056,normal,1782,0,1782360224.6332762,0.0021038055419921875
131057,normal,894,2,1782360224.6352916,0.002015352249145508
131058,normal,1748,0,1782360224.6371112,0.001819610595703125
131059,normal,1269,0,1782360224.6392498,0.0021386146545410156
131060,normal,2568,0,1782360224.6412394,0.001989603042602539
131061,normal,734,0,1782360224.6431258,0.0018863677978515625
131062,normal,1355,1,1782360224.6452367,0.0021109580993652344
131063,normal,858,2,1782360224.6472366,0.0019998550415039062
131064,normal,921,2,1782360224.649184,0.0019474029541015625
131065,normal,1555,0,1782360224.6512094,0.0020253658294677734
131066,normal,712,0,1782360224.6532142,0.002004861831665039
131067,normal,1825,0,1782360224.6551082,0.0018939971923828125
131068,normal,3220,1,1782360224.657241,0.002132892608642578
131069,normal,1979,0,1782360224.6591086,0.001867532730102539
131070,normal,75,0,1782360224.661117,0.0020084381103515625
131071,normal,1580,0,1782360224.6631625,0.0020453929901123047
131072,normal,950,2,1782360224.665422,0.002259492874145508
131073,normal,1442,0,1782360224.6671038,0.0016818046569824219
131074,normal,2889,0,1782360224.6691127,0.0020089149475097656
131075,normal,1210,0,1782360224.6711783,0.0020656585693359375
131076,normal,374,0,1782360224.6731079,0.0019295215606689453
131077,normal,533,0,1782360224.675066,0.001958131790161133
131078,normal,2582,0,1782360224.6771166,0.002050638198852539
131079,normal,53,0,1782360224.6791368,0.002020120620727539
131080,normal,3095,1,1782360224.6811135,0.0019767284393310547
131081,normal,394,0,1782360224.6831894,0.0020759105682373047
131082,normal,877,2,1782360224.6852117,0.002022266387939453
131083,normal,825,2,1782360224.6871483,0.0019366741180419922
131084,normal,1736,0,1782360224.6891289,0.0019805431365966797
131085,normal,3522,0,1782360224.6911764,0.0020475387573242188
131086,normal,555,0,1782360224.6931417,0.0019652843475341797
131087,normal,155,0,1782360224.6951964,0.0020546913146972656
131088,normal,3028,0,1782360224.6970751,0.0018787384033203125
131089,normal,3643,0,1782360224.6990712,0.0019960403442382812
131090,normal,111,0,1782360224.7011414,0.002070188522338867
131091,normal,3082,1,1782360224.7031739,0.0020325183868408203
131092,normal,1945,0,1782360224.7051048,0.0019309520721435547
131093,normal,842,2,1782360224.7070632,0.0019583702087402344
131094,normal,3284,1,1782360224.7091582,0.0020949840545654297
131095,normal,2283,0,1782360224.711073,0.0019147396087646484
131096,normal,509,0,1782360224.7132237,0.0021507740020751953
131097,normal,1133,0,1782360224.7154758,0.0022521018981933594
131098,normal,1833,0,1782360224.7171054,0.0016295909881591797
131099,normal,2548,0,1782360224.7191234,0.002017974853515625
131100,normal,3180,1,1782360224.72113,0.00200653076171875
131101,normal,3452,0,1782360224.7230895,0.001959562301635742
131102,normal,322,0,1782360224.725207,0.002117633819580078
131103,normal,317,0,1782360224.7271419,0.0019347667694091797
131104,normal,212,0,1782360224.7290726,0.0019307136535644531
131105,normal,3387,1,1782360224.731134,0.0020613670349121094
131106,normal,338,0,1782360224.7331588,0.0020248889923095703
131107,normal,3546,0,1782360224.7351315,0.001972675323486328
131108,normal,169,0,1782360224.7373433,0.0022118091583251953
131109,normal,1408,0,1782360224.7393382,0.0019948482513427734
131110,normal,1682,0,1782360224.7411456,0.0018074512481689453
131111,normal,2173,0,1782360224.7431986,0.0020530223846435547
131112,normal,3300,1,1782360224.7452278,0.0020291805267333984
131113,normal,3101,1,1782360224.7471316,0.0019037723541259766
131114,normal,3657,0,1782360224.7492182,0.002086639404296875
131115,normal,1549,0,1782360224.7513077,0.0020895004272460938
131116,normal,2191,0,1782360224.7532194,0.0019116401672363281
131117,normal,781,2,1782360224.7551417,0.0019223690032958984
131118,normal,1312,0,1782360224.7572086,0.0020668506622314453
131119,normal,3569,0,1782360224.7592146,0.002006053924560547
131120,normal,2061,0,1782360224.761178,0.001963376998901367
131121,normal,502,0,1782360224.7631297,0.0019516944885253906
131122,normal,570,0,1782360224.7651963,0.0020666122436523438
131123,normal,3425,0,1782360224.7671301,0.0019338130950927734
131124,normal,3498,0,1782360224.7692626,0.002132415771484375
131125,normal,1046,0,1782360224.7711165,0.00185394287109375
131126,normal,2189,0,1782360224.7732246,0.0021080970764160156
131127,normal,1068,0,1782360224.775186,0.0019614696502685547
131128,normal,1228,0,1782360224.777306,0.0021200180053710938
131129,normal,2254,0,1782360224.779317,0.002010822296142578
131130,normal,43,0,1782360224.7811596,0.0018427371978759766
131131,normal,2327,0,1782360224.7832694,0.0021097660064697266
131132,normal,1679,0,1782360224.7852626,0.0019931793212890625
131133,normal,2859,0,1782360224.7872605,0.0019979476928710938
131134,normal,2714,0,1782360224.7891214,0.0018608570098876953
131135,normal,1336,1,1782360224.7912188,0.0020973682403564453
131136,normal,3302,1,1782360224.7932494,0.002030611038208008
131137,normal,305,0,1782360224.7951057,0.0018563270568847656
131138,normal,499,0,1782360224.7972393,0.002133607864379883
131139,normal,1807,0,1782360224.7991889,0.0019495487213134766
131140,normal,2155,0,1782360224.8011677,0.0019788742065429688
131141,normal,196,0,1782360224.8033016,0.0021338462829589844
131142,normal,2644,0,1782360224.805211,0.001909494400024414
131143,normal,1018,2,1782360224.8070955,0.00188446044921875
131144,normal,3006,0,1782360224.8092341,0.0021386146545410156
131145,normal,2716,0,1782360224.8112297,0.001995563507080078
131146,normal,2799,0,1782360224.8130991,0.0018694400787353516
131147,normal,1134,0,1782360224.815244,0.0021448135375976562
131148,normal,1258,0,1782360224.81727,0.002026081085205078
131149,normal,2727,0,1782360224.81915,0.0018799304962158203
131150,normal,2882,0,1782360224.8213172,0.002167224884033203
131151,normal,2487,0,1782360224.8232098,0.0018925666809082031
131152,normal,3147,1,1782360224.8251877,0.0019779205322265625
131153,normal,2653,0,1782360224.8272626,0.0020749568939208984
131154,normal,2306,0,1782360224.8292427,0.0019800662994384766
131155,normal,2289,0,1782360224.831078,0.0018353462219238281
131156,normal,2184,0,1782360224.8332157,0.0021376609802246094
131157,normal,2160,0,1782360224.8351626,0.0019469261169433594
131158,normal,2217,0,1782360224.8371074,0.0019447803497314453
131159,normal,3621,0,1782360224.8391864,0.002079010009765625
131160,normal,2153,0,1782360224.8412383,0.002051830291748047
131161,normal,3477,0,1782360224.843119,0.001880645751953125
131162,normal,1906,0,1782360224.8451853,0.002066373825073242
131163,normal,545,0,1782360224.847171,0.001985788345336914
131164,normal,2773,0,1782360224.8491268,0.001955747604370117
131165,normal,801,2,1782360224.8512268,0.0020999908447265625
131166,normal,2455,0,1782360224.8530774,0.0018506050109863281
131167,normal,3215,1,1782360224.8550658,0.0019884109497070312
131168,normal,2520,0,1782360224.8571217,0.0020558834075927734
131169,normal,2572,0,1782360224.8592126,0.002090930938720703
131170,normal,3502,0,1782360224.8610666,0.00185394287109375
131171,normal,1073,0,1782360224.8631122,0.0020456314086914062
131172,normal,1276,0,1782360224.8651395,0.002027273178100586
131173,normal,300,0,1782360224.8670588,0.0019192695617675781
131174,normal,248,0,1782360224.8697429,0.0026841163635253906
131175,normal,475,0,1782360224.8712492,0.0015063285827636719
131176,normal,3364,1,1782360224.873089,0.0018398761749267578
131177,normal,3291,1,1782360224.8751354,0.002046346664428711
131178,normal,1040,0,1782360224.877144,0.002008676528930664
131179,normal,2989,0,1782360224.8790963,0.0019521713256835938
131180,normal,1612,0,1782360224.8812182,0.0021219253540039062
131181,normal,1719,0,1782360224.8830805,0.0018622875213623047
131182,normal,47,0,1782360224.8850653,0.001984834671020508
131183,normal,46,0,1782360224.8870766,0.0020112991333007812
131184,normal,2462,0,1782360224.8891435,0.0020668506622314453
131185,normal,2309,0,1782360224.8910885,0.0019450187683105469
131186,normal,1113,0,1782360224.8931906,0.0021021366119384766
131187,normal,173,0,1782360224.895245,0.002054452896118164
131188,normal,3238,1,1782360224.8971434,0.0018982887268066406
131189,normal,3405,0,1782360224.8991592,0.002015829086303711
131190,normal,1972,0,1782360224.9012442,0.002084970474243164
131191,normal,1180,0,1782360224.9030526,0.0018084049224853516
131192,normal,1731,0,1782360224.9053445,0.0022919178009033203
131193,normal,2837,0,1782360224.9072473,0.0019028186798095703
131194,normal,2686,0,1782360224.9091034,0.001856088638305664
131195,normal,3577,0,1782360224.9112558,0.0021524429321289062
131196,normal,2672,0,1782360224.9132087,0.0019528865814208984
131197,normal,2769,0,1782360224.9150708,0.0018620491027832031
131198,normal,2751,0,1782360224.9171205,0.002049684524536133
131199,normal,830,2,1782360224.919101,0.0019805431365966797
131200,normal,3122,1,1782360224.921113,0.002012014389038086
131201,normal,849,2,1782360224.9231772,0.002064228057861328
131202,normal,756,0,1782360224.9251637,0.0019865036010742188
131203,normal,2828,0,1782360224.927086,0.0019223690032958984
131204,normal,2380,0,1782360224.92918,0.002093791961669922
131205,normal,3454,0,1782360224.931149,0.0019690990447998047
131206,normal,1319,1,1782360224.9331717,0.0020227432250976562
131207,normal,3120,1,1782360224.9351778,0.002006053924560547
131208,normal,642,0,1782360224.9372041,0.0020263195037841797
131209,normal,1165,0,1782360224.9391463,0.0019421577453613281
131210,normal,3072,1,1782360224.9411688,0.0020225048065185547
131211,normal,3278,1,1782360224.9431462,0.0019774436950683594
131212,normal,3098,1,1782360224.9451141,0.001967906951904297
131213,normal,2371,0,1782360224.9472723,0.0021581649780273438
131214,normal,3696,0,1782360224.9491365,0.0018641948699951172
131215,normal,1735,0,1782360224.951243,0.0021064281463623047
131216,normal,2460,0,1782360224.9532657,0.0020227432250976562
131217,normal,3173,1,1782360224.955183,0.0019173622131347656
131218,normal,1510,0,1782360224.9572682,0.0020852088928222656
131219,normal,3316,1,1782360224.9592237,0.0019555091857910156
131220,normal,677,0,1782360224.9611158,0.00189208984375
131221,normal,567,0,1782360224.963226,0.0021102428436279297
131222,normal,3688,0,1782360224.9652185,0.001992464065551758
131223,normal,1261,0,1782360224.9671113,0.0018928050994873047
131224,normal,207,0,1782360224.9692447,0.0021333694458007812
131225,normal,2975,0,1782360224.9712682,0.002023458480834961
131226,normal,1257,0,1782360224.9732857,0.002017498016357422
131227,normal,1088,0,1782360224.975126,0.001840353012084961
131228,normal,1611,0,1782360224.9772382,0.002112150192260742
131229,normal,1161,0,1782360224.9791358,0.001897573471069336
131230,normal,1710,0,1782360224.981202,0.0020661354064941406
131231,normal,3133,1,1782360224.9832509,0.002048969268798828
131232,normal,1851,0,1782360224.9851077,0.0018568038940429688
131233,normal,1409,0,1782360224.9872172,0.002109527587890625
131234,normal,735,0,1782360224.989239,0.00202178955078125
131235,normal,1356,1,1782360224.9911783,0.0019392967224121094
131236,normal,1187,0,1782360224.9933035,0.002125263214111328
131237,normal,3540,0,1782360224.9953425,0.0020389556884765625
131238,normal,246,0,1782360224.9974234,0.0020809173583984375
131239,normal,2811,0,1782360225.000312,0.0028886795043945312
131240,normal,2382,0,1782360225.0011256,0.0008134841918945312
131241,normal,3683,0,1782360225.0032074,0.0020818710327148438
131242,normal,714,0,1782360225.0052936,0.002086162567138672
131243,normal,2705,0,1782360225.0071788,0.0018851757049560547
131244,normal,3506,0,1782360225.009232,0.0020532608032226562
131245,normal,562,0,1782360225.0110977,0.0018656253814697266
131246,normal,834,2,1782360225.0132105,0.002112865447998047
131247,normal,3108,1,1782360225.0151575,0.0019469261169433594
131248,normal,3348,1,1782360225.0172417,0.0020842552185058594
131249,normal,2243,0,1782360225.0192199,0.001978158950805664
131250,normal,11,0,1782360225.0211449,0.0019249916076660156
131251,normal,2824,0,1782360225.0230937,0.0019488334655761719
131252,normal,3501,0,1782360225.0252175,0.0021238327026367188
131253,normal,1458,0,1782360225.0278,0.002582550048828125
131254,normal,3032,0,1782360225.0293033,0.0015032291412353516
131255,normal,219,0,1782360225.0311294,0.0018260478973388672
131256,normal,2901,0,1782360225.0332253,0.002095937728881836
131257,normal,3372,1,1782360225.0351157,0.001890420913696289
131258,normal,3011,0,1782360225.0372267,0.0021109580993652344
131259,normal,2815,0,1782360225.039294,0.0020673274993896484
131260,normal,2021,0,1782360225.0411134,0.0018193721771240234
131261,normal,102,0,1782360225.0432131,0.002099752426147461
131262,normal,668,0,1782360225.045113,0.0018999576568603516
131263,normal,2573,0,1782360225.0471117,0.0019986629486083984
131264,normal,2163,0,1782360225.049155,0.0020432472229003906
131265,normal,481,0,1782360225.0512512,0.0020961761474609375
131266,normal,2724,0,1782360225.0532374,0.001986265182495117
131267,normal,2009,0,1782360225.0551817,0.0019443035125732422
131268,normal,740,0,1782360225.0572498,0.002068042755126953
131269,normal,1146,0,1782360225.0591915,0.001941680908203125
131270,normal,3253,1,1782360225.061178,0.0019865036010742188
131271,normal,58,0,1782360225.0632558,0.002077817916870117
131272,normal,3044,0,1782360225.0653002,0.0020444393157958984
131273,normal,3439,0,1782360225.0672688,0.0019686222076416016
131274,normal,218,0,1782360225.069162,0.0018930435180664062
131275,normal,658,0,1782360225.0711637,0.0020017623901367188
131276,normal,1929,0,1782360225.0732226,0.0020589828491210938
131277,normal,3330,1,1782360225.0751066,0.0018839836120605469
131278,normal,2600,0,1782360225.0771,0.001993417739868164
131279,normal,3403,0,1782360225.0791657,0.0020656585693359375
131280,normal,401,0,1782360225.0811183,0.0019526481628417969
131281,normal,995,2,1782360225.0831223,0.002003908157348633
131282,normal,2921,0,1782360225.0852206,0.0020983219146728516
131283,normal,1267,0,1782360225.0871377,0.001917123794555664
131284,normal,1771,0,1782360225.0891426,0.002004861831665039
131285,normal,2495,0,1782360225.0911663,0.0020236968994140625
131286,normal,208,0,1782360225.0932558,0.0020895004272460938
131287,normal,2647,0,1782360225.0950751,0.0018193721771240234
131288,normal,2470,0,1782360225.0972018,0.0021266937255859375
131289,normal,1954,0,1782360225.0991406,0.0019388198852539062
131290,normal,1675,0,1782360225.1011748,0.0020341873168945312
131291,normal,3218,1,1782360225.1031337,0.0019588470458984375
131292,normal,2328,0,1782360225.1051965,0.0020627975463867188
131293,normal,771,0,1782360225.1071174,0.001920938491821289
131294,normal,1142,0,1782360225.1091864,0.0020689964294433594
131295,normal,237,0,1782360225.1111207,0.0019342899322509766
131296,normal,1012,2,1782360225.1131155,0.0019948482513427734
131297,normal,1017,2,1782360225.1151764,0.0020608901977539062
131298,normal,2546,0,1782360225.117225,0.002048492431640625
131299,normal,193,0,1782360225.1190758,0.0018508434295654297
131300,normal,2791,0,1782360225.121158,0.0020821094512939453
131301,normal,2232,0,1782360225.123084,0.0019261837005615234
131302,normal,1335,1,1782360225.1251013,0.0020172595977783203
131303,normal,2258,0,1782360225.1270914,0.001990079879760742
131304,normal,423,0,1782360225.1291983,0.002106904983520508
131305,normal,1918,0,1782360225.1311457,0.0019474029541015625
131306,normal,2891,0,1782360225.1331604,0.002014636993408203
131307,normal,2905,0,1782360225.135195,0.0020346641540527344
131308,normal,659,0,1782360225.137119,0.0019240379333496094
131309,normal,945,2,1782360225.1391866,0.00206756591796875
131310,normal,1917,0,1782360225.1411495,0.001962900161743164
131311,normal,948,2,1782360225.1430693,0.0019197463989257812
131312,normal,2832,0,1782360225.145142,0.0020728111267089844
131313,normal,2961,0,1782360225.1472194,0.002077341079711914
131314,normal,3464,0,1782360225.149113,0.0018935203552246094
131315,normal,2089,0,1782360225.1511307,0.0020177364349365234
131316,normal,626,0,1782360225.1532505,0.002119779586791992
131317,normal,2554,0,1782360225.1552076,0.0019571781158447266
131318,normal,2585,0,1782360225.157192,0.0019843578338623047
131319,normal,1135,0,1782360225.1592135,0.0020215511322021484
131320,normal,2064,0,1782360225.1611712,0.0019576549530029297
131321,normal,865,2,1782360225.1631753,0.0020041465759277344
131322,normal,3528,0,1782360225.1651373,0.001961946487426758
131323,normal,1298,0,1782360225.1671145,0.001977205276489258
131324,normal,3370,1,1782360225.1690953,0.0019807815551757812
131325,normal,2015,0,1782360225.171207,0.002111673355102539
131326,normal,3116,1,1782360225.1731157,0.0019087791442871094
131327,normal,956,2,1782360225.175143,0.002027273178100586
131328,normal,721,0,1782360225.1771522,0.002009153366088867
131329,normal,3145,1,1782360225.1790874,0.0019352436065673828
131330,normal,3140,1,1782360225.1811488,0.0020613670349121094
131331,normal,34,0,1782360225.1838205,0.0026717185974121094
131332,normal,648,0,1782360225.1852806,0.0014600753784179688
131333,normal,2772,0,1782360225.1871078,0.001827239990234375
131334,normal,3128,1,1782360225.1891663,0.0020585060119628906
131335,normal,2967,0,1782360225.1910937,0.0019273757934570312
131336,normal,3475,0,1782360225.1931698,0.0020761489868164062
131337,normal,2361,0,1782360225.195284,0.0021140575408935547
131338,normal,2760,0,1782360225.1971173,0.0018334388732910156
131339,normal,3558,0,1782360225.1991487,0.0020313262939453125
131340,normal,1313,0,1782360225.2011373,0.001988649368286133
131341,normal,1582,0,1782360225.203117,0.0019795894622802734
131342,normal,1518,0,1782360225.2051697,0.002052783966064453
131343,normal,3150,1,1782360225.207177,0.0020072460174560547
131344,normal,2991,0,1782360225.2091494,0.0019724369049072266
131345,normal,1538,0,1782360225.2112312,0.0020818710327148438
131346,normal,1286,0,1782360225.213159,0.0019278526306152344
131347,normal,225,0,1782360225.2151608,0.0020017623901367188
131348,normal,2534,0,1782360225.2172515,0.0020906925201416016
131349,normal,2954,0,1782360225.2191472,0.0018956661224365234
131350,normal,1071,0,1782360225.2212563,0.002109050750732422
131351,normal,1601,0,1782360225.2232482,0.0019919872283935547
131352,normal,3661,0,1782360225.2252429,0.001994609832763672
131353,normal,634,0,1782360225.227069,0.0018260478973388672
131354,normal,469,0,1782360225.2291749,0.0021059513092041016
131355,normal,2639,0,1782360225.231265,0.0020902156829833984
131356,normal,1385,0,1782360225.2331102,0.0018451213836669922
131357,normal,1251,0,1782360225.2351038,0.0019936561584472656
131358,normal,3256,1,1782360225.23716,0.002056121826171875
131359,normal,3038,0,1782360225.2390997,0.0019397735595703125
131360,normal,1895,0,1782360225.2411628,0.0020630359649658203
131361,normal,2330,0,1782360225.243171,0.002008199691772461
131362,normal,3209,1,1782360225.2450917,0.0019207000732421875
131363,normal,1705,0,1782360225.2471132,0.0020215511322021484
131364,normal,93,0,1782360225.2492447,0.0021314620971679688
131365,normal,2563,0,1782360225.2511406,0.001895904541015625
131366,normal,3555,0,1782360225.253215,0.0020744800567626953
131367,normal,2941,0,1782360225.255133,0.0019178390502929688
131368,normal,2766,0,1782360225.257142,0.002009153366088867
131369,normal,1680,0,1782360225.259207,0.002064943313598633
131370,normal,461,0,1782360225.2611644,0.001957416534423828
131371,normal,862,2,1782360225.2631097,0.0019452571868896484
131372,normal,546,0,1782360225.265183,0.0020732879638671875
131373,normal,3544,0,1782360225.2671216,0.0019385814666748047
131374,normal,2668,0,1782360225.2691123,0.001990795135498047
131375,normal,2758,0,1782360225.2711735,0.002061128616333008
131376,normal,1850,0,1782360225.274317,0.0031435489654541016
131377,normal,2196,0,1782360225.2750962,0.0007791519165039062
131378,normal,456,0,1782360225.2771568,0.0020606517791748047
131379,normal,2925,0,1782360225.2791128,0.0019559860229492188
131380,normal,2261,0,1782360225.2811654,0.0020525455474853516
131381,normal,2637,0,1782360225.2831388,0.001973390579223633
131382,normal,2007,0,1782360225.285201,0.0020623207092285156
131383,normal,679,0,1782360225.2870982,0.0018970966339111328
131384,normal,2877,0,1782360225.2891607,0.002062559127807617
131385,normal,3551,0,1782360225.2911816,0.0020208358764648438
131386,normal,3447,0,1782360225.2931428,0.001961231231689453
131387,normal,2157,0,1782360225.2953374,0.002194643020629883
131388,normal,2193,0,1782360225.2971623,0.0018248558044433594
131389,normal,810,2,1782360225.2991066,0.0019443035125732422
131390,normal,1244,0,1782360225.3012233,0.002116680145263672
131391,normal,595,0,1782360225.303102,0.0018787384033203125
131392,normal,1532,0,1782360225.305092,0.001990079879760742
131393,normal,986,2,1782360225.3070793,0.0019872188568115234
131394,normal,2475,0,1782360225.309155,0.002075672149658203
131395,normal,2468,0,1782360225.311106,0.001950979232788086
131396,normal,2849,0,1782360225.3132026,0.0020966529846191406
131397,normal,760,0,1782360225.315155,0.0019524097442626953
131398,normal,3386,1,1782360225.31717,0.0020148754119873047
131399,normal,411,0,1782360225.3191636,0.0019936561584472656
131400,normal,2628,0,1782360225.321207,0.002043485641479492
131401,normal,1061,0,1782360225.3231258,0.001918792724609375
131402,normal,1097,0,1782360225.3252416,0.0021157264709472656
131403,normal,287,0,1782360225.3271942,0.0019526481628417969
131404,normal,1521,0,1782360225.329125,0.0019307136535644531
131405,normal,3196,1,1782360225.3310938,0.001968860626220703
131406,normal,2422,0,1782360225.3331716,0.002077817916870117
131407,normal,109,0,1782360225.335092,0.001920461654663086
131408,normal,3016,0,1782360225.3371978,0.002105712890625
131409,normal,1559,0,1782360225.3391259,0.001928091049194336
131410,normal,607,0,1782360225.341084,0.001958131790161133
131411,normal,357,0,1782360225.3431578,0.0020737648010253906
131412,normal,722,0,1782360225.3451862,0.0020284652709960938
131413,normal,276,0,1782360225.3470938,0.0019075870513916016
131414,normal,962,2,1782360225.3494747,0.002380847930908203
131415,normal,2166,0,1782360225.3513427,0.0018680095672607422
131416,normal,1758,0,1782360225.3531492,0.001806497573852539
131417,normal,22,0,1782360225.3551219,0.001972675323486328
131418,normal,2087,0,1782360225.3571095,0.0019876956939697266
131419,normal,2119,0,1782360225.3591363,0.002026796340942383
131420,normal,450,0,1782360225.3612764,0.002140045166015625
131421,normal,1249,0,1782360225.363571,0.0022945404052734375
131422,normal,1940,0,1782360225.365156,0.0015850067138671875
131423,normal,579,0,1782360225.3672967,0.0021407604217529297
131424,normal,2915,0,1782360225.3691978,0.0019011497497558594
131425,normal,898,2,1782360225.3712642,0.002066373825073242
131426,normal,1715,0,1782360225.3733108,0.0020465850830078125
131427,normal,1593,0,1782360225.3752873,0.001976490020751953
131428,normal,2703,0,1782360225.37732,0.002032756805419922
131429,normal,3088,1,1782360225.379372,0.002051830291748047
131430,normal,1799,0,1782360225.381213,0.0018410682678222656
131431,normal,1368,1,1782360225.3833513,0.002138376235961914
131432,normal,392,0,1782360225.3852568,0.0019054412841796875
131433,normal,2101,0,1782360225.387287,0.0020301342010498047
131434,normal,2900,0,1782360225.3891263,0.0018393993377685547
131435,normal,2960,0,1782360225.3915493,0.0024230480194091797
131436,normal,1254,0,1782360225.3933454,0.0017960071563720703
131437,normal,3257,1,1782360225.3952904,0.0019450187683105469
131438,normal,2753,0,1782360225.3976016,0.002311229705810547
131439,normal,3212,1,1782360225.3997638,0.0021622180938720703
131440,normal,998,2,1782360225.40124,0.001476287841796875
131441,normal,2502,0,1782360225.403334,0.002093791961669922
131442,normal,3165,1,1782360225.4052281,0.001894235610961914
131443,normal,383,0,1782360225.407247,0.0020189285278320312
131444,normal,156,0,1782360225.4093497,0.0021026134490966797
131445,normal,2770,0,1782360225.4112666,0.0019168853759765625
131446,normal,2181,0,1782360225.4133356,0.0020689964294433594
131447,normal,863,2,1782360225.4153378,0.002002239227294922
131448,normal,697,0,1782360225.4172816,0.001943826675415039
131449,normal,749,0,1782360225.4192965,0.0020148754119873047
131450,normal,3368,1,1782360225.4214184,0.0021219253540039062
131451,normal,1644,0,1782360225.4231634,0.001744985580444336
131452,normal,3553,0,1782360225.425369,0.0022056102752685547
131453,normal,2081,0,1782360225.4271562,0.0017871856689453125
131454,normal,897,2,1782360225.429289,0.002132892608642578
131455,normal,3630,0,1782360225.431221,0.001931905746459961
131456,normal,1504,0,1782360225.4333568,0.002135753631591797
131457,normal,1728,0,1782360225.435235,0.0018782615661621094
131458,normal,1016,2,1782360225.4373417,0.0021066665649414062
131459,normal,2616,0,1782360225.4393427,0.002001047134399414
131460,normal,136,0,1782360225.4412265,0.0018837451934814453
131461,normal,2663,0,1782360225.4432614,0.002034902572631836
131462,normal,535,0,1782360225.4452746,0.0020132064819335938
131463,normal,1570,0,1782360225.4472299,0.001955270767211914
131464,normal,2023,0,1782360225.4492726,0.0020427703857421875
131465,normal,360,0,1782360225.4514883,0.0022156238555908203
131466,normal,1509,0,1782360225.4531345,0.001646280288696289
131467,normal,3638,0,1782360225.4552438,0.0021092891693115234
131468,normal,2342,0,1782360225.4572725,0.0020287036895751953
131469,normal,2171,0,1782360225.4591641,0.0018916130065917969
131470,normal,141,0,1782360225.4612443,0.002080202102661133
131471,normal,1396,0,1782360225.463235,0.0019905567169189453
131472,normal,3632,0,1782360225.465138,0.0019030570983886719
131473,normal,25,0,1782360225.4672296,0.002091646194458008
131474,normal,436,0,1782360225.4693542,0.0021245479583740234
131475,normal,446,0,1782360225.4712496,0.0018954277038574219
131476,normal,2819,0,1782360225.4731836,0.001934051513671875
131477,normal,758,0,1782360225.475297,0.00211334228515625
131478,normal,3617,0,1782360225.4771826,0.0018856525421142578
131479,normal,2676,0,1782360225.4792752,0.002092599868774414
131480,normal,957,2,1782360225.4812791,0.002003908157348633
131481,normal,3289,1,1782360225.483124,0.0018448829650878906
131482,normal,3708,0,1782360225.485233,0.002109050750732422
131483,normal,1662,0,1782360225.487311,0.002077817916870117
131484,normal,2457,0,1782360225.4892461,0.0019352436065673828
131485,normal,1448,0,1782360225.4911888,0.0019426345825195312
131486,normal,1183,0,1782360225.4934676,0.0022788047790527344
131487,normal,2677,0,1782360225.4954267,0.001959085464477539
131488,normal,424,0,1782360225.4972723,0.0018455982208251953
131489,normal,3234,1,1782360225.4994311,0.0021588802337646484
131490,normal,1778,0,1782360225.501426,0.0019948482513427734
131491,normal,3479,0,1782360225.5033824,0.001956462860107422
131492,normal,2093,0,1782360225.505337,0.0019545555114746094
131493,normal,163,0,1782360225.507225,0.0018880367279052734
131494,normal,852,2,1782360225.509239,0.0020139217376708984
131495,normal,244,0,1782360225.5112424,0.0020034313201904297
131496,normal,2376,0,1782360225.5134273,0.0021848678588867188
131497,normal,1964,0,1782360225.515125,0.0016977787017822266
131498,normal,2932,0,1782360225.5173218,0.002196788787841797
131499,normal,1863,0,1782360225.5192194,0.001897573471069336
131500,normal,3406,0,1782360225.521322,0.0021026134490966797
131501,normal,3200,1,1782360225.5237536,0.002431631088256836
131502,normal,2356,0,1782360225.5254028,0.0016491413116455078
131503,normal,3202,1,1782360225.5273445,0.001941680908203125
131504,normal,594,0,1782360225.5293562,0.0020117759704589844
131505,normal,2879,0,1782360225.5312362,0.0018799304962158203
131506,normal,120,0,1782360225.533347,0.002110719680786133
131507,normal,3451,0,1782360225.535353,0.002006053924560547
131508,normal,2853,0,1782360225.5376296,0.0022766590118408203
131509,normal,483,0,1782360225.539185,0.0015554428100585938
131510,normal,2738,0,1782360225.5412505,0.002065420150756836
131511,normal,1743,0,1782360225.5431137,0.001863241195678711
131512,normal,1185,0,1782360225.5452318,0.0021181106567382812
131513,normal,226,0,1782360225.547234,0.002002239227294922
131514,normal,2332,0,1782360225.5493002,0.0020661354064941406
131515,normal,1598,0,1782360225.551401,0.002100706100463867
131516,normal,1445,0,1782360225.5533862,0.001985311508178711
131517,normal,247,0,1782360225.5552464,0.0018601417541503906
131518,normal,3407,0,1782360225.557337,0.0020906925201416016
131519,normal,3578,0,1782360225.5593357,0.0019986629486083984
131520,normal,2489,0,1782360225.5612068,0.0018711090087890625
131521,normal,2245,0,1782360225.5634153,0.0022084712982177734
131522,normal,2549,0,1782360225.5654383,0.002022981643676758
131523,normal,2951,0,1782360225.567277,0.00183868408203125
131524,normal,44,0,1782360225.5692508,0.001973867416381836
131525,normal,422,0,1782360225.5714128,0.0021619796752929688
131526,normal,463,0,1782360225.5733128,0.0018999576568603516
131527,normal,665,0,1782360225.575262,0.001949310302734375
131528,normal,698,0,1782360225.5772474,0.001985311508178711
131529,normal,1490,0,1782360225.5792766,0.0020291805267333984
131530,normal,1237,0,1782360225.5812347,0.001958131790161133
131531,normal,1089,0,1782360225.5832205,0.001985788345336914
131532,normal,2892,0,1782360225.5852745,0.002053976058959961
131533,normal,1218,0,1782360225.5872068,0.001932382583618164
131534,normal,434,0,1782360225.5892196,0.0020127296447753906
131535,normal,1453,0,1782360225.5913112,0.002091646194458008
131536,normal,997,2,1782360225.5932846,0.001973390579223633
131537,normal,2051,0,1782360225.5952933,0.002008676528930664
131538,normal,344,0,1782360225.5971966,0.0019032955169677734
131539,normal,350,0,1782360225.599274,0.002077341079711914
131540,normal,1150,0,1782360225.6018524,0.0025784969329833984
131541,normal,1364,1,1782360225.6031199,0.0012674331665039062
131542,normal,569,0,1782360225.6051924,0.002072572708129883
131543,normal,2767,0,1782360225.6071744,0.001981973648071289
131544,normal,1952,0,1782360225.6092281,0.0020537376403808594
131545,normal,1649,0,1782360225.6112893,0.002061128616333008
131546,normal,1577,0,1782360225.6133657,0.002076387405395508
131547,normal,1208,0,1782360225.6152508,0.0018851757049560547
131548,normal,1788,0,1782360225.6172826,0.0020318031311035156
131549,normal,1554,0,1782360225.6192863,0.0020036697387695312
131550,normal,1515,0,1782360225.621279,0.0019927024841308594
131551,normal,2137,0,1782360225.623399,0.0021200180053710938
131552,normal,2948,0,1782360225.6252458,0.0018467903137207031
131553,normal,980,2,1782360225.627337,0.0020911693572998047
131554,normal,2699,0,1782360225.6291397,0.001802682876586914
131555,normal,1099,0,1782360225.6312501,0.0021104812622070312
131556,normal,2192,0,1782360225.6332417,0.0019915103912353516
131557,normal,185,0,1782360225.635249,0.0020072460174560547
131558,normal,258,0,1782360225.637385,0.0021359920501708984
131559,normal,553,0,1782360225.6391952,0.001810312271118164
131560,normal,1678,0,1782360225.6414442,0.002249002456665039
131561,normal,3192,1,1782360225.6432617,0.001817464828491211
131562,normal,4,0,1782360225.6453948,0.0021331310272216797
131563,normal,1508,0,1782360225.6471813,0.0017864704132080078
131564,normal,979,2,1782360225.649339,0.0021576881408691406
131565,normal,1914,0,1782360225.6512313,0.0018923282623291016
131566,normal,3434,0,1782360225.6532512,0.0020198822021484375
131567,normal,691,0,1782360225.6552405,0.0019893646240234375
131568,normal,2408,0,1782360225.6573381,0.002097606658935547
131569,normal,251,0,1782360225.659263,0.001924753189086914
131570,normal,1124,0,1782360225.661457,0.0021941661834716797
131571,normal,1614,0,1782360225.663246,0.0017888545989990234
131572,normal,922,2,1782360225.6653647,0.002118825912475586
131573,normal,2646,0,1782360225.6675253,0.0021605491638183594
131574,normal,2919,0,1782360225.6692233,0.0016980171203613281
131575,normal,3225,1,1782360225.6714997,0.0022764205932617188
131576,normal,628,0,1782360225.6733618,0.0018620491027832031
131577,normal,262,0,1782360225.67537,0.002008199691772461
131578,normal,1334,1,1782360225.6771278,0.0017578601837158203
131579,normal,1827,0,1782360225.6792433,0.002115488052368164
131580,normal,1775,0,1782360225.6812234,0.0019800662994384766
131581,normal,3106,1,1782360225.6832526,0.0020291805267333984
131582,normal,1568,0,1782360225.6854475,0.0021948814392089844
131583,normal,477,0,1782360225.6873128,0.001865386962890625
131584,normal,1484,0,1782360225.689175,0.0018620491027832031
131585,normal,1284,0,1782360225.691311,0.0021359920501708984
131586,normal,1197,0,1782360225.6932714,0.0019605159759521484
131587,normal,3550,0,1782360225.6951625,0.0018911361694335938
131588,normal,2269,0,1782360225.697976,0.002813577651977539
131589,normal,1527,0,1782360225.6992905,0.001314401626586914
131590,normal,1888,0,1782360225.7012851,0.001994609832763672
131591,normal,2544,0,1782360225.7032607,0.001975536346435547
131592,normal,2110,0,1782360225.7052736,0.002012968063354492
131593,normal,2218,0,1782360225.7072418,0.0019681453704833984
131594,normal,342,0,1782360225.7092679,0.002026081085205078
131595,normal,1414,0,1782360225.7114213,0.0021533966064453125
131596,normal,63,0,1782360225.713137,0.0017156600952148438
131597,normal,292,0,1782360225.7152872,0.002150297164916992
131598,normal,1191,0,1782360225.7172213,0.001934051513671875
131599,normal,180,0,1782360225.7192976,0.002076387405395508
131600,normal,2645,0,1782360225.7212307,0.0019330978393554688
131601,normal,1912,0,1782360225.7234526,0.002221822738647461
131602,normal,1332,1,1782360225.7253911,0.0019385814666748047
131603,normal,2159,0,1782360225.7272944,0.0019032955169677734
131604,normal,179,0,1782360225.72928,0.0019855499267578125
131605,normal,2508,0,1782360225.7313082,0.002028226852416992
131606,normal,3432,0,1782360225.733286,0.001977682113647461
131607,normal,1583,0,1782360225.7352087,0.0019228458404541016
131608,normal,2670,0,1782360225.7374957,0.0022869110107421875
131609,normal,2479,0,1782360225.7393887,0.0018930435180664062
131610,normal,3100,1,1782360225.7412288,0.0018401145935058594
131611,normal,3625,0,1782360225.74321,0.0019812583923339844
131612,normal,2876,0,1782360225.7453969,0.0021867752075195312
131613,normal,923,2,1782360225.7472928,0.001895904541015625
131614,normal,2107,0,1782360225.749214,0.0019211769104003906
131615,normal,3169,1,1782360225.7512589,0.0020449161529541016
131616,normal,3335,1,1782360225.7531807,0.0019218921661376953
131617,normal,2709,0,1782360225.7552714,0.0020906925201416016
131618,normal,2117,0,1782360225.7573435,0.0020720958709716797
131619,normal,800,2,1782360225.7592454,0.001901865005493164
131620,normal,649,0,1782360225.7612264,0.001981019973754883
131621,normal,2036,0,1782360225.7633498,0.0021233558654785156
131622,normal,3640,0,1782360225.7652695,0.0019197463989257812
131623,normal,435,0,1782360225.7672715,0.0020020008087158203
131624,normal,1830,0,1782360225.7692275,0.0019559860229492188
131625,normal,3151,1,1782360225.7711875,0.0019600391387939453
131626,normal,1303,0,1782360225.7731633,0.0019757747650146484
131627,normal,1358,1,1782360225.775263,0.002099752426147461
131628,normal,1524,0,1782360225.7772255,0.001962423324584961
131629,normal,216,0,1782360225.7791688,0.001943349838256836
131630,normal,3362,1,1782360225.7812073,0.0020384788513183594
131631,normal,1323,1,1782360225.783228,0.002020597457885742
131632,normal,3155,1,1782360225.7850978,0.0018699169158935547
131633,normal,1661,0,1782360225.7872896,0.002191781997680664
131634,normal,232,0,1782360225.789203,0.001913309097290039
131635,normal,98,0,1782360225.791171,0.0019681453704833984
131636,normal,2559,0,1782360225.793139,0.001967906951904297
131637,normal,3312,1,1782360225.7952726,0.002133607864379883
131638,normal,3266,1,1782360225.7970939,0.001821279525756836
131639,normal,3575,0,1782360225.7992158,0.0021219253540039062
131640,normal,625,0,1782360225.8011856,0.0019698143005371094
131641,normal,1872,0,1782360225.8031209,0.0019352436065673828
131642,normal,3285,1,1782360225.8051193,0.001998424530029297
131643,normal,252,0,1782360225.8072147,0.002095460891723633
131644,normal,2167,0,1782360225.8091462,0.0019314289093017578
131645,normal,565,0,1782360225.8111567,0.0020105838775634766
131646,normal,2396,0,1782360225.8132887,0.002131938934326172
131647,normal,2427,0,1782360225.8151116,0.0018229484558105469
131648,normal,2655,0,1782360225.8171532,0.0020415782928466797
131649,normal,2619,0,1782360225.8192558,0.0021026134490966797
131650,normal,1859,0,1782360225.8210852,0.001829385757446289
131651,normal,1374,1,1782360225.8231144,0.0020291805267333984
131652,normal,2691,0,1782360225.8252056,0.0020911693572998047
131653,normal,1924,0,1782360225.8270836,0.0018780231475830078
131654,normal,1634,0,1782360225.8292356,0.002151966094970703
131655,normal,1423,0,1782360225.831237,0.002001523971557617
131656,normal,981,2,1782360225.833127,0.001889944076538086
131657,normal,2127,0,1782360225.8353097,0.0021827220916748047
131658,normal,2831,0,1782360225.8371496,0.0018398761749267578
131659,normal,3545,0,1782360225.839177,0.002027273178100586
131660,normal,86,0,1782360225.8412704,0.0020935535430908203
131661,normal,983,2,1782360225.8431904,0.0019199848175048828
131662,normal,1169,0,1782360225.8451684,0.0019779205322265625
131663,normal,1786,0,1782360225.8472314,0.0020630359649658203
131664,normal,999,2,1782360225.8492157,0.0019843578338623047
131665,normal,51,0,1782360225.8511205,0.0019047260284423828
131666,normal,2368,0,1782360225.85312,0.0019996166229248047
131667,normal,267,0,1782360225.8552582,0.0021381378173828125
131668,normal,661,0,1782360225.8570905,0.0018322467803955078
131669,normal,2754,0,1782360225.85921,0.0021195411682128906
131670,normal,2135,0,1782360225.8612092,0.0019991397857666016
131671,normal,1874,0,1782360225.863116,0.0019068717956542969
131672,normal,1087,0,1782360225.8651135,0.0019974708557128906
131673,normal,1366,1,1782360225.8678005,0.0026869773864746094
131674,normal,1551,0,1782360225.8692257,0.0014252662658691406
131675,normal,1270,0,1782360225.871228,0.002002239227294922
131676,normal,1716,0,1782360225.8732193,0.00199127197265625
131677,normal,816,2,1782360225.8751001,0.0018808841705322266
131678,normal,349,0,1782360225.8771245,0.002024412155151367
131679,normal,472,0,1782360225.8793283,0.002203702926635742
131680,normal,443,0,1782360225.881117,0.0017888545989990234
131681,normal,2730,0,1782360225.8832312,0.0021140575408935547
131682,normal,1741,0,1782360225.8852139,0.0019826889038085938
131683,normal,2281,0,1782360225.8870974,0.0018835067749023438
131684,normal,3636,0,1782360225.889131,0.002033710479736328
131685,normal,1140,0,1782360225.8912332,0.0021021366119384766
131686,normal,240,0,1782360225.8932664,0.002033233642578125
131687,normal,7,0,1782360225.8952289,0.001962423324584961
131688,normal,2589,0,1782360225.8972418,0.002012968063354492
131689,normal,1175,0,1782360225.899199,0.0019571781158447266
131690,normal,1481,0,1782360225.901299,0.0020999908447265625
131691,normal,1620,0,1782360225.90314,0.0018410682678222656
131692,normal,525,0,1782360225.9053357,0.002195596694946289
131693,normal,2079,0,1782360225.9072745,0.0019388198852539062
131694,normal,2428,0,1782360225.90935,0.0020754337310791016
131695,normal,1369,1,1782360225.9110968,0.0017468929290771484
131696,normal,3660,0,1782360225.9132354,0.0021386146545410156
131697,normal,975,2,1782360225.9153423,0.002106904983520508
131698,normal,3171,1,1782360225.9171069,0.001764535903930664
131699,normal,1709,0,1782360225.9192302,0.0021233558654785156
131700,normal,1956,0,1782360225.9212205,0.0019903182983398438
131701,normal,2525,0,1782360225.923131,0.0019104480743408203
131702,normal,1155,0,1782360225.9251332,0.002002239227294922
131703,normal,581,0,1782360225.927271,0.0021376609802246094
131704,normal,2357,0,1782360225.9290872,0.0018162727355957031
131705,normal,767,0,1782360225.9312174,0.002130270004272461
131706,normal,1110,0,1782360225.933243,0.002025604248046875
131707,normal,1677,0,1782360225.9351485,0.0019054412841796875
131708,normal,3222,1,1782360225.9372742,0.0021257400512695312
131709,normal,2493,0,1782360225.9390934,0.0018191337585449219
131710,normal,3021,0,1782360225.9412403,0.0021469593048095703
131711,normal,24,0,1782360225.9432344,0.0019941329956054688
131712,normal,3067,1,1782360225.945258,0.002023458480834961
131713,normal,2605,0,1782360225.9471595,0.0019016265869140625
131714,normal,429,0,1782360225.9492106,0.002051115036010742
131715,normal,1852,0,1782360225.951232,0.002021312713623047
131716,normal,3258,1,1782360225.9531155,0.0018835067749023438
131717,normal,586,0,1782360225.9551423,0.002026796340942383
131718,normal,2821,0,1782360225.9573076,0.0021653175354003906
131719,normal,2788,0,1782360225.9591177,0.0018100738525390625
131720,normal,3518,0,1782360225.9612534,0.002135753631591797
131721,normal,2579,0,1782360225.963279,0.002025604248046875
131722,normal,2845,0,1782360225.9651036,0.0018246173858642578
131723,normal,2968,0,1782360225.9671857,0.0020821094512939453
131724,normal,784,2,1782360225.9692194,0.002033710479736328
131725,normal,2324,0,1782360225.9711678,0.0019483566284179688
131726,normal,2103,0,1782360225.9732373,0.0020694732666015625
131727,normal,3622,0,1782360225.97522,0.0019826889038085938
131728,normal,1123,0,1782360225.977165,0.0019450187683105469
131729,normal,2393,0,1782360225.9792523,0.0020873546600341797
131730,normal,3655,0,1782360225.9812765,0.0020241737365722656
131731,normal,1858,0,1782360225.983112,0.0018355846405029297
131732,normal,1327,1,1782360225.9851444,0.0020322799682617188
131733,normal,268,0,1782360225.9872413,0.002096891403198242
131734,normal,2890,0,1782360225.9890797,0.0018384456634521484
131735,normal,686,0,1782360225.9911141,0.002034425735473633
131736,normal,750,0,1782360225.9932115,0.0020973682403564453
131737,normal,1885,0,1782360225.9951122,0.0019006729125976562
131738,normal,3166,1,1782360225.9972725,0.002160310745239258
131739,normal,1193,0,1782360225.9991944,0.0019218921661376953
131740,normal,2366,0,1782360226.001163,0.0019686222076416016
131741,normal,886,2,1782360226.0032065,0.002043485641479492
131742,normal,1986,0,1782360226.005293,0.0020864009857177734
131743,normal,3340,1,1782360226.0071442,0.0018513202667236328
131744,normal,3228,1,1782360226.009246,0.002101898193359375
131745,normal,972,2,1782360226.0112772,0.002031087875366211
131746,normal,3526,0,1782360226.0131977,0.001920461654663086
131747,normal,2200,0,1782360226.015131,0.0019333362579345703
131748,normal,1192,0,1782360226.017209,0.0020780563354492188
131749,normal,1783,0,1782360226.0191078,0.0018987655639648438
131750,normal,1108,0,1782360226.0212116,0.0021038055419921875
131751,normal,692,0,1782360226.0232604,0.0020487308502197266
131752,normal,1236,0,1782360226.0251064,0.0018460750579833984
131753,normal,538,0,1782360226.0272052,0.0020987987518310547
131754,normal,2363,0,1782360226.0292058,0.002000570297241211
131755,normal,2551,0,1782360226.0311112,0.0019054412841796875
131756,normal,3456,0,1782360226.0331094,0.0019981861114501953
131757,normal,3096,1,1782360226.0356379,0.0025284290313720703
131758,normal,1968,0,1782360226.0372825,0.0016446113586425781
131759,normal,2690,0,1782360226.0391564,0.0018739700317382812
131760,normal,3560,0,1782360226.041188,0.002031564712524414
131761,normal,3489,0,1782360226.0431242,0.001936197280883789
131762,normal,1120,0,1782360226.0452166,0.0020923614501953125
131763,normal,1908,0,1782360226.0472815,0.002064943313598633
131764,normal,3132,1,1782360226.049177,0.0018954277038574219
131765,normal,2042,0,1782360226.051258,0.002081155776977539
131766,normal,3564,0,1782360226.0531821,0.0019240379333496094
131767,normal,161,0,1782360226.0551283,0.0019462108612060547
131768,normal,3230,1,1782360226.0571327,0.002004384994506836
131769,normal,133,0,1782360226.0592384,0.002105712890625
131770,normal,1492,0,1782360226.061267,0.0020284652709960938
131771,normal,2934,0,1782360226.0632973,0.0020303726196289062
131772,normal,505,0,1782360226.0652435,0.0019462108612060547
131773,normal,2527,0,1782360226.067157,0.0019135475158691406
131774,normal,1770,0,1782360226.0692966,0.002139568328857422
131775,normal,1305,0,1782360226.0711582,0.001861572265625
131776,normal,601,0,1782360226.073125,0.001966714859008789
131777,normal,2557,0,1782360226.075326,0.002201080322265625
131778,normal,770,0,1782360226.077323,0.0019969940185546875
131779,normal,1744,0,1782360226.0791159,0.00179290771484375
131780,normal,647,0,1782360226.081428,0.002312183380126953
131781,normal,1491,0,1782360226.0834625,0.002034425735473633
131782,normal,2336,0,1782360226.0851429,0.0016803741455078125
131783,normal,1861,0,1782360226.0872195,0.0020766258239746094
131784,normal,3189,1,1782360226.0892127,0.0019931793212890625
131785,normal,2066,0,1782360226.0911,0.0018873214721679688
131786,normal,3421,0,1782360226.093131,0.002031087875366211
131787,normal,3586,0,1782360226.0952086,0.0020775794982910156
131788,normal,3642,0,1782360226.0970874,0.0018787384033203125
131789,normal,3505,0,1782360226.099224,0.002136707305908203
131790,normal,3666,0,1782360226.101242,0.002017974853515625
131791,normal,727,0,1782360226.1031702,0.001928091049194336
131792,normal,3399,1,1782360226.1052742,0.002104043960571289
131793,normal,1221,0,1782360226.107109,0.001834869384765625
131794,normal,1023,2,1782360226.1091468,0.0020377635955810547
131795,normal,1166,0,1782360226.1111495,0.002002716064453125
131796,normal,3356,1,1782360226.1132731,0.002123594284057617
131797,normal,3342,1,1782360226.1151507,0.0018775463104248047
131798,normal,3438,0,1782360226.1172104,0.0020596981048583984
131799,normal,2807,0,1782360226.11922,0.0020096302032470703
131800,normal,365,0,1782360226.121129,0.001909017562866211
131801,normal,57,0,1782360226.1231258,0.001996755599975586
131802,normal,2436,0,1782360226.12522,0.002094268798828125
131803,normal,3050,1,1782360226.1270983,0.0018782615661621094
131804,normal,210,0,1782360226.129233,0.002134561538696289
131805,normal,3020,0,1782360226.1312358,0.0020029544830322266
131806,normal,2981,0,1782360226.1332123,0.001976490020751953
131807,normal,3308,1,1782360226.1352215,0.002009153366088867
131808,normal,3134,1,1782360226.1372206,0.0019991397857666016
131809,normal,1370,1,1782360226.1391222,0.0019016265869140625
131810,normal,197,0,1782360226.14112,0.001997709274291992
131811,normal,3450,0,1782360226.1432176,0.002097606658935547
131812,normal,1055,0,1782360226.14512,0.0019023418426513672
131813,normal,2528,0,1782360226.1472435,0.002123594284057617
131814,normal,3045,1,1782360226.1492522,0.002008676528930664
131815,normal,3619,0,1782360226.1511805,0.0019283294677734375
131816,normal,887,2,1782360226.1532884,0.002107858657836914
131817,normal,1751,0,1782360226.1551127,0.0018243789672851562
131818,normal,3497,0,1782360226.1572452,0.002132415771484375
131819,normal,910,2,1782360226.1592388,0.0019936561584472656
131820,normal,0,0,1782360226.1612334,0.001994609832763672
131821,normal,1475,0,1782360226.1631231,0.0018897056579589844
131822,normal,32,0,1782360226.1651173,0.0019941329956054688
131823,normal,1243,0,1782360226.1672115,0.002094268798828125
131824,normal,1804,0,1782360226.1692863,0.002074718475341797
131825,normal,2673,0,1782360226.1711562,0.0018699169158935547
131826,normal,393,0,1782360226.1732564,0.002100229263305664
131827,normal,2929,0,1782360226.1751866,0.00193023681640625
131828,normal,1365,1,1782360226.1771805,0.001993894577026367
131829,normal,2385,0,1782360226.1792684,0.002087831497192383
131830,normal,2323,0,1782360226.1811295,0.0018610954284667969
131831,normal,2209,0,1782360226.1832008,0.002071380615234375
131832,normal,2812,0,1782360226.1852987,0.0020978450775146484
131833,normal,3678,0,1782360226.1870966,0.0017979145050048828
131834,normal,1027,2,1782360226.1891177,0.0020210742950439453
131835,normal,105,0,1782360226.1912205,0.0021028518676757812
131836,normal,1926,0,1782360226.1931088,0.001888275146484375
131837,normal,222,0,1782360226.1952455,0.002136707305908203
131838,normal,3547,0,1782360226.1971066,0.0018610954284667969
131839,normal,3576,0,1782360226.1992068,0.002100229263305664
131840,normal,3573,0,1782360226.2020674,0.002860546112060547
131841,normal,2118,0,1782360226.2031138,0.0010464191436767578
131842,normal,2802,0,1782360226.2051206,0.0020067691802978516
131843,normal,1777,0,1782360226.2076082,0.002487659454345703
131844,normal,637,0,1782360226.2092845,0.001676321029663086
131845,normal,1657,0,1782360226.2111168,0.0018322467803955078
131846,normal,1574,0,1782360226.2132194,0.0021026134490966797
131847,normal,888,2,1782360226.2152238,0.002004384994506836
131848,normal,2316,0,1782360226.217097,0.0018732547760009766
131849,normal,85,0,1782360226.2191849,0.002087831497192383
131850,normal,1791,0,1782360226.221294,0.002109050750732422
131851,normal,293,0,1782360226.2231202,0.0018262863159179688
131852,normal,657,0,1782360226.2251196,0.001999378204345703
131853,normal,3602,0,1782360226.2272239,0.0021042823791503906
131854,normal,1084,0,1782360226.2291067,0.001882791519165039
131855,normal,632,0,1782360226.2312381,0.0021314620971679688
131856,normal,1660,0,1782360226.233405,0.0021669864654541016
131857,normal,3606,0,1782360226.2353005,0.0018954277038574219
131858,normal,201,0,1782360226.2371857,0.0018851757049560547
131859,normal,3293,1,1782360226.239274,0.002088308334350586
131860,normal,2068,0,1782360226.2411819,0.0019078254699707031
131861,normal,1215,0,1782360226.2432067,0.0020248889923095703
131862,normal,2817,0,1782360226.2451847,0.0019779205322265625
131863,normal,3499,0,1782360226.2473803,0.002195596694946289
131864,normal,172,0,1782360226.249228,0.0018477439880371094
131865,normal,1326,1,1782360226.251262,0.0020339488983154297
131866,normal,1230,0,1782360226.2533689,0.002106904983520508
131867,normal,2743,0,1782360226.255468,0.0020990371704101562
131868,normal,507,0,1782360226.2571456,0.0016777515411376953
131869,normal,2955,0,1782360226.2591422,0.0019965171813964844
131870,normal,605,0,1782360226.2611098,0.0019676685333251953
131871,normal,2387,0,1782360226.2632208,0.0021109580993652344
131872,normal,3115,1,1782360226.265105,0.0018842220306396484
131873,normal,2846,0,1782360226.2672198,0.0021147727966308594
131874,normal,1781,0,1782360226.2692258,0.002006053924560547
131875,normal,2032,0,1782360226.2711189,0.0018930435180664062
131876,normal,2084,0,1782360226.273133,0.00201416015625
131877,normal,245,0,1782360226.27524,0.002106904983520508
131878,normal,130,0,1782360226.2771404,0.0019004344940185547
131879,normal,3338,1,1782360226.2792456,0.002105236053466797
131880,normal,2864,0,1782360226.281194,0.0019483566284179688
131881,normal,2903,0,1782360226.2831519,0.0019578933715820312
131882,normal,2175,0,1782360226.2851598,0.0020079612731933594
131883,normal,1330,1,1782360226.287266,0.002106189727783203
131884,normal,3367,1,1782360226.289103,0.001837015151977539
131885,normal,2321,0,1782360226.291133,0.002029895782470703
131886,normal,1112,0,1782360226.2932286,0.0020956993103027344
131887,normal,1172,0,1782360226.2951355,0.0019068717956542969
131888,normal,3030,0,1782360226.2972274,0.0020918846130371094
131889,normal,2208,0,1782360226.2992342,0.0020067691802978516
131890,normal,281,0,1782360226.3011136,0.0018794536590576172
131891,normal,2020,0,1782360226.3031576,0.0020439624786376953
131892,normal,856,2,1782360226.3052306,0.002073049545288086
131893,normal,1375,1,1782360226.3070908,0.0018601417541503906
131894,normal,764,0,1782360226.3091304,0.002039670944213867
131895,normal,1000,2,1782360226.3112307,0.002100229263305664
131896,normal,3205,1,1782360226.3130913,0.0018606185913085938
131897,normal,3349,1,1782360226.3152208,0.0021295547485351562
131898,normal,1471,0,1782360226.3172317,0.002010822296142578
131899,normal,514,0,1782360226.3191206,0.0018889904022216797
131900,normal,1233,0,1782360226.3214455,0.002324819564819336
131901,normal,2913,0,1782360226.323197,0.0017514228820800781
131902,normal,3031,0,1782360226.3251102,0.001913309097290039
131903,normal,1147,0,1782360226.3271492,0.0020389556884765625
131904,normal,2274,0,1782360226.3292255,0.002076387405395508
131905,normal,3650,0,1782360226.3310807,0.0018551349639892578
131906,normal,6,0,1782360226.3331134,0.002032756805419922
131907,normal,3374,1,1782360226.3352115,0.00209808349609375
131908,normal,854,2,1782360226.3370972,0.0018856525421142578
131909,normal,1993,0,1782360226.3392498,0.002152681350708008
131910,normal,1412,0,1782360226.341244,0.0019941329956054688
131911,normal,3624,0,1782360226.3431184,0.0018744468688964844
131912,normal,2671,0,1782360226.3451831,0.0020647048950195312
131913,normal,3532,0,1782360226.3473916,0.0022084712982177734
131914,normal,938,2,1782360226.3492978,0.0019061565399169922
131915,normal,1984,0,1782360226.351286,0.0019881725311279297
131916,normal,1151,0,1782360226.3532069,0.001920938491821289
131917,normal,3026,0,1782360226.355296,0.0020890235900878906
131918,normal,3056,1,1782360226.3572335,0.0019376277923583984
131919,normal,2957,0,1782360226.3592181,0.0019845962524414062
131920,normal,3268,1,1782360226.361169,0.001950979232788086
131921,normal,2426,0,1782360226.3632202,0.002051115036010742
131922,normal,2897,0,1782360226.3652565,0.0020363330841064453
131923,normal,497,0,1782360226.367108,0.0018515586853027344
131924,normal,1941,0,1782360226.3692112,0.002103090286254883
131925,normal,2844,0,1782360226.3712103,0.0019991397857666016
131926,normal,256,0,1782360226.3732083,0.0019979476928710938
131927,normal,3239,1,1782360226.3752065,0.0019981861114501953
131928,normal,271,0,1782360226.3776474,0.002440929412841797
131929,normal,1553,0,1782360226.3792906,0.0016431808471679688
131930,normal,1204,0,1782360226.3812535,0.001962900161743164
131931,normal,3620,0,1782360226.383226,0.0019724369049072266
131932,normal,428,0,1782360226.3851914,0.0019655227661132812
131933,normal,1608,0,1782360226.387238,0.0020465850830078125
131934,normal,1541,0,1782360226.389313,0.0020749568939208984
131935,normal,2507,0,1782360226.3911614,0.001848459243774414
131936,normal,323,0,1782360226.3932137,0.00205230712890625
131937,normal,1877,0,1782360226.395217,0.002003192901611328
131938,normal,3703,0,1782360226.3972344,0.002017498016357422
131939,normal,3587,0,1782360226.3992307,0.001996278762817383
131940,normal,1691,0,1782360226.4012277,0.0019969940185546875
131941,normal,3022,0,1782360226.4032574,0.0020296573638916016
131942,normal,2226,0,1782360226.4053292,0.002071857452392578
131943,normal,3000,0,1782360226.4071565,0.001827239990234375
131944,normal,1339,1,1782360226.4092836,0.0021271705627441406
131945,normal,1096,0,1782360226.4113014,0.0020177364349365234
131946,normal,92,0,1782360226.4131782,0.0018768310546875
131947,normal,2993,0,1782360226.4152691,0.002090930938720703
131948,normal,1294,0,1782360226.4174242,0.0021550655364990234
131949,normal,1225,0,1782360226.419232,0.0018076896667480469
131950,normal,3265,1,1782360226.4212127,0.0019807815551757812
131951,normal,3410,0,1782360226.4234288,0.0022161006927490234
131952,normal,1162,0,1782360226.4253638,0.0019350051879882812
131953,normal,415,0,1782360226.427253,0.0018892288208007812
131954,normal,3366,1,1782360226.4292254,0.0019724369049072266
131955,normal,2237,0,1782360226.4312146,0.001989126205444336
131956,normal,1939,0,1782360226.4331992,0.0019845962524414062
131957,normal,704,0,1782360226.435226,0.002026796340942383
131958,normal,467,0,1782360226.4372165,0.0019905567169189453
131959,normal,909,2,1782360226.4392219,0.002005338668823242
131960,normal,1796,0,1782360226.4412146,0.0019927024841308594
131961,normal,3057,1,1782360226.443236,0.0020215511322021484
131962,normal,375,0,1782360226.4452279,0.001991748809814453
131963,normal,1454,0,1782360226.44728,0.0020520687103271484
131964,normal,1422,0,1782360226.4492047,0.001924753189086914
131965,normal,2569,0,1782360226.4512334,0.0020287036895751953
131966,normal,2402,0,1782360226.45324,0.00200653076171875
131967,normal,549,0,1782360226.4552548,0.0020148754119873047
131968,normal,3105,1,1782360226.4571524,0.001897573471069336
131969,normal,1039,0,1782360226.459217,0.0020647048950195312
131970,normal,319,0,1782360226.4612367,0.002019643783569336
131971,normal,2992,0,1782360226.4632266,0.0019898414611816406
131972,normal,1281,0,1782360226.4652417,0.0020151138305664062
131973,normal,558,0,1782360226.4672322,0.0019905567169189453
131974,normal,587,0,1782360226.469116,0.0018837451934814453
131975,normal,2331,0,1782360226.4712753,0.0021593570709228516
131976,normal,2458,0,1782360226.4732757,0.0020003318786621094
131977,normal,3482,0,1782360226.475207,0.0019314289093017578
131978,normal,2755,0,1782360226.4772363,0.0020291805267333984
131979,normal,3146,1,1782360226.4792259,0.001989603042602539
131980,normal,2902,0,1782360226.4811745,0.0019485950469970703
131981,normal,1834,0,1782360226.4832144,0.0020399093627929688
131982,normal,2282,0,1782360226.485132,0.0019176006317138672
131983,normal,1278,0,1782360226.4873078,0.0021758079528808594
131984,normal,3277,1,1782360226.4892666,0.0019588470458984375
131985,normal,2304,0,1782360226.491319,0.00205230712890625
131986,normal,3188,1,1782360226.4931152,0.0017962455749511719
131987,normal,3686,0,1782360226.4952383,0.002123117446899414
131988,normal,3663,0,1782360226.4972744,0.0020360946655273438
131989,normal,2212,0,1782360226.4991553,0.0018808841705322266
131990,normal,2518,0,1782360226.5012147,0.002059459686279297
131991,normal,54,0,1782360226.5032294,0.002014636993408203
131992,normal,2345,0,1782360226.5050812,0.001851797103881836
131993,normal,2720,0,1782360226.5072331,0.002151966094970703
131994,normal,2854,0,1782360226.5092483,0.0020151138305664062
131995,normal,1892,0,1782360226.511266,0.0020177364349365234
131996,normal,2228,0,1782360226.5132627,0.001996755599975586
131997,normal,2112,0,1782360226.515317,0.0020542144775390625
131998,normal,3496,0,1782360226.5172565,0.001939535140991211
131999,normal,5,0,1782360226.519184,0.0019276142120361328
132000,normal,280,0,1782360226.5213852,0.002201080322265625
132001,normal,1845,0,1782360226.5232406,0.0018553733825683594
132002,normal,15,0,1782360226.5251794,0.0019388198852539062
132003,normal,2172,0,1782360226.5272968,0.0021173954010009766
132004,normal,1988,0,1782360226.5291324,0.0018355846405029297
132005,normal,1177,0,1782360226.5312781,0.0021457672119140625
132006,normal,3514,0,1782360226.5332325,0.001954317092895508
132007,normal,437,0,1782360226.5351698,0.0019373893737792969
132008,normal,1575,0,1782360226.5372906,0.0021207332611083984
132009,normal,906,2,1782360226.5392122,0.0019216537475585938
132010,normal,2843,0,1782360226.5411315,0.0019192695617675781
132011,normal,1663,0,1782360226.5432885,0.002156972885131836
132012,normal,2074,0,1782360226.5455132,0.0022246837615966797
132013,normal,498,0,1782360226.5472825,0.0017693042755126953
132014,normal,1074,0,1782360226.5492294,0.0019469261169433594
132015,normal,142,0,1782360226.5512266,0.001997232437133789
132016,normal,3013,0,1782360226.5530865,0.001859903335571289
132017,normal,27,0,1782360226.5552027,0.0021162033081054688
132018,normal,3352,1,1782360226.5572062,0.0020034313201904297
132019,normal,3525,0,1782360226.5592275,0.002021312713623047
132020,normal,3472,0,1782360226.5611687,0.0019412040710449219
132021,normal,597,0,1782360226.563166,0.001997232437133789
132022,normal,3260,1,1782360226.5651078,0.0019419193267822266
132023,normal,3705,0,1782360226.5671537,0.002045869827270508
132024,normal,3478,0,1782360226.569155,0.0020012855529785156
132025,normal,1416,0,1782360226.571315,0.0021600723266601562
132026,normal,1296,0,1782360226.5734005,0.002085447311401367
132027,normal,1037,0,1782360226.5751293,0.0017287731170654297
132028,normal,779,2,1782360226.577168,0.002038717269897461
132029,normal,2430,0,1782360226.5792248,0.0020568370819091797
132030,normal,2441,0,1782360226.581175,0.0019502639770507812
132031,normal,1002,2,1782360226.5831168,0.001941680908203125
132032,normal,1201,0,1782360226.585339,0.002222299575805664
132033,normal,706,0,1782360226.5871959,0.0018568038940429688
132034,normal,3310,1,1782360226.589116,0.0019202232360839844
132035,normal,1083,0,1782360226.5913522,0.0022361278533935547
132036,normal,39,0,1782360226.5933614,0.002009153366088867
132037,normal,387,0,1782360226.5951073,0.0017459392547607422
132038,normal,110,0,1782360226.597148,0.0020406246185302734
132039,normal,2041,0,1782360226.5991378,0.0019898414611816406
132040,normal,1403,0,1782360226.6011214,0.001983642578125
132041,normal,151,0,1782360226.6031687,0.002047300338745117
132042,normal,1035,0,1782360226.6051579,0.001989126205444336
132043,normal,3109,1,1782360226.60707,0.0019121170043945312
132044,normal,905,2,1782360226.6091478,0.002077817916870117
132045,normal,2531,0,1782360226.6111665,0.0020186901092529297
132046,normal,1548,0,1782360226.613147,0.0019805431365966797
132047,normal,2364,0,1782360226.6152,0.0020530223846435547
132048,normal,2373,0,1782360226.617166,0.0019659996032714844
132049,normal,969,2,1782360226.6191204,0.001954317092895508
132050,normal,1642,0,1782360226.621172,0.0020515918731689453
132051,normal,3068,1,1782360226.6231773,0.002005338668823242
132052,normal,298,0,1782360226.6251192,0.0019419193267822266
132053,normal,2747,0,1782360226.627156,0.0020368099212646484
132054,normal,840,2,1782360226.62917,0.0020139217376708984
132055,normal,1652,0,1782360226.6311216,0.0019516944885253906
132056,normal,1873,0,1782360226.6331546,0.0020329952239990234
132057,normal,2742,0,1782360226.6351616,0.002007007598876953
132058,normal,3360,1,1782360226.6371315,0.0019698143005371094
132059,normal,224,0,1782360226.6391733,0.0020418167114257812
132060,normal,3618,0,1782360226.6411917,0.002018451690673828
132061,normal,2399,0,1782360226.6431105,0.001918792724609375
132062,normal,1526,0,1782360226.6451426,0.002032041549682617
132063,normal,2290,0,1782360226.6471508,0.002008199691772461
132064,normal,2429,0,1782360226.6491077,0.001956939697265625
132065,normal,2168,0,1782360226.6511424,0.0020346641540527344
132066,normal,425,0,1782360226.6531434,0.002001047134399414
132067,normal,1003,2,1782360226.65512,0.001976490020751953
132068,normal,2452,0,1782360226.6572368,0.0021169185638427734
132069,normal,1708,0,1782360226.659508,0.0022711753845214844
132070,normal,622,0,1782360226.6612198,0.0017118453979492188
132071,normal,330,0,1782360226.663398,0.002178192138671875
132072,normal,2358,0,1782360226.6652942,0.0018961429595947266
132073,normal,3463,0,1782360226.6671708,0.0018765926361083984
132074,normal,265,0,1782360226.6693387,0.002167940139770508
132075,normal,3052,1,1782360226.6712356,0.0018968582153320312
132076,normal,1266,0,1782360226.6734335,0.0021979808807373047
132077,normal,403,0,1782360226.6752625,0.001828908920288086
132078,normal,2595,0,1782360226.6774397,0.0021772384643554688
132079,normal,2390,0,1782360226.6791718,0.0017321109771728516
132080,normal,2574,0,1782360226.6814044,0.0022325515747070312
132081,normal,2871,0,1782360226.6832738,0.0018694400787353516
132082,normal,592,0,1782360226.6854098,0.0021359920501708984
132083,normal,1565,0,1782360226.687317,0.0019071102142333984
132084,normal,2638,0,1782360226.6893523,0.002035379409790039
132085,normal,2116,0,1782360226.6913655,0.0020132064819335938
132086,normal,889,2,1782360226.6934814,0.002115964889526367
132087,normal,1977,0,1782360226.6951349,0.001653432846069336
132088,normal,2933,0,1782360226.6973891,0.0022542476654052734
132089,normal,1341,1,1782360226.6993365,0.0019474029541015625
132090,normal,1109,0,1782360226.7012265,0.001889944076538086
132091,normal,564,0,1782360226.7033308,0.0021042823791503906
132092,normal,2341,0,1782360226.7053664,0.0020356178283691406
132093,normal,633,0,1782360226.707224,0.0018575191497802734
132094,normal,2180,0,1782360226.7093246,0.002100706100463867
132095,normal,1041,0,1782360226.7113247,0.002000093460083008
132096,normal,1095,0,1782360226.7132804,0.001955747604370117
132097,normal,3097,1,1782360226.715979,0.002698659896850586
132098,normal,291,0,1782360226.7173629,0.0013837814331054688
132099,normal,2354,0,1782360226.7192361,0.0018732547760009766
132100,normal,530,0,1782360226.72124,0.002003908157348633
132101,normal,259,0,1782360226.7233317,0.002091646194458008
132102,normal,128,0,1782360226.725236,0.0019042491912841797
132103,normal,2707,0,1782360226.7273426,0.0021066665649414062
132104,normal,2091,0,1782360226.7293885,0.002045869827270508
132105,normal,167,0,1782360226.731231,0.001842498779296875
132106,normal,1749,0,1782360226.7333605,0.0021295547485351562
132107,normal,984,2,1782360226.7353516,0.0019910335540771484
132108,normal,2956,0,1782360226.7372658,0.0019142627716064453
132109,normal,574,0,1782360226.7392776,0.0020117759704589844
132110,normal,947,2,1782360226.7414494,0.002171754837036133
132111,normal,1359,1,1782360226.7432787,0.001829385757446289
132112,normal,2188,0,1782360226.745293,0.00201416015625
132113,normal,2999,0,1782360226.7474031,0.0021102428436279297
132114,normal,964,2,1782360226.7493536,0.0019505023956298828
132115,normal,3274,1,1782360226.7511857,0.0018320083618164062
132116,normal,2607,0,1782360226.7534595,0.0022737979888916016
132117,normal,2804,0,1782360226.755365,0.0019054412841796875
132118,normal,1131,0,1782360226.75731,0.0019450187683105469
132119,normal,1567,0,1782360226.759336,0.002026081085205078
132120,normal,874,2,1782360226.761343,0.002007007598876953
132121,normal,2280,0,1782360226.7634788,0.002135753631591797
132122,normal,899,2,1782360226.765265,0.0017862319946289062
132123,normal,720,0,1782360226.7673123,0.002047300338745117
132124,normal,2504,0,1782360226.7691276,0.0018153190612792969
132125,normal,2793,0,1782360226.7713196,0.0021920204162597656
132126,normal,778,2,1782360226.7731767,0.0018570423126220703
132127,normal,1205,0,1782360226.775225,0.0020482540130615234
132128,normal,621,0,1782360226.7772653,0.002040386199951172
132129,normal,1766,0,1782360226.7791626,0.0018973350524902344
132130,normal,2123,0,1782360226.7812645,0.002101898193359375
132131,normal,1739,0,1782360226.7833428,0.0020782947540283203
132132,normal,822,2,1782360226.7852485,0.001905679702758789
132133,normal,3462,0,1782360226.7872124,0.0019638538360595703
132134,normal,2347,0,1782360226.7892942,0.0020818710327148438
132135,normal,284,0,1782360226.7911983,0.0019040107727050781
132136,normal,316,0,1782360226.7933035,0.002105236053466797
132137,normal,484,0,1782360226.7953234,0.0020198822021484375
132138,normal,1606,0,1782360226.797158,0.0018346309661865234
132139,normal,275,0,1782360226.799235,0.0020771026611328125
132140,normal,2416,0,1782360226.8012068,0.001971721649169922
132141,normal,1501,0,1782360226.8033185,0.002111673355102539
132142,normal,270,0,1782360226.805275,0.001956462860107422
132143,normal,3383,1,1782360226.8072932,0.0020182132720947266
132144,normal,3025,0,1782360226.8091784,0.0018851757049560547
132145,normal,880,2,1782360226.8112655,0.002087116241455078
132146,normal,1214,0,1782360226.8133297,0.002064228057861328
132147,normal,2994,0,1782360226.8152175,0.0018877983093261719
132148,normal,1497,0,1782360226.8172328,0.002015352249145508
132149,normal,191,0,1782360226.8192701,0.0020372867584228516
132150,normal,578,0,1782360226.8211584,0.001888275146484375
132151,normal,609,0,1782360226.8232324,0.002074003219604492
132152,normal,367,0,1782360226.8252919,0.002059459686279297
132153,normal,70,0,1782360226.8271894,0.001897573471069336
132154,normal,1703,0,1782360226.8292842,0.002094745635986328
132155,normal,2310,0,1782360226.8313403,0.002056121826171875
132156,normal,543,0,1782360226.8332465,0.0019061565399169922
132157,normal,2865,0,1782360226.8352823,0.002035856246948242
132158,normal,1871,0,1782360226.8373091,0.002026796340942383
132159,normal,2867,0,1782360226.8391824,0.0018732547760009766
132160,normal,2262,0,1782360226.8412716,0.002089262008666992
132161,normal,1572,0,1782360226.8432693,0.001997709274291992
132162,normal,3112,1,1782360226.8451502,0.0018808841705322266
132163,normal,1322,1,1782360226.847232,0.0020818710327148438
132164,normal,332,0,1782360226.849304,0.002071857452392578
132165,normal,989,2,1782360226.8512635,0.001959562301635742
132166,normal,914,2,1782360226.8531888,0.0019252300262451172
132167,normal,2223,0,1782360226.855405,0.002216339111328125
132168,normal,148,0,1782360226.8572843,0.0018792152404785156
132169,normal,1645,0,1782360226.859284,0.0019996166229248047
132170,normal,548,0,1782360226.8613613,0.002077341079711914
132171,normal,2870,0,1782360226.863277,0.0019156932830810547
132172,normal,1415,0,1782360226.8653176,0.0020406246185302734
132173,normal,1893,0,1782360226.8674946,0.002177000045776367
132174,normal,2927,0,1782360226.8692467,0.0017521381378173828
132175,normal,1828,0,1782360226.871108,0.0018613338470458984
132176,normal,1590,0,1782360226.8734221,0.0023140907287597656
132177,normal,2959,0,1782360226.8750641,0.001641988754272461
132178,normal,3649,0,1782360226.8772447,0.0021805763244628906
132179,normal,613,0,1782360226.8792048,0.0019600391387939453
132180,normal,1106,0,1782360226.8811398,0.0019350051879882812
132181,normal,3113,1,1782360226.88314,0.0020003318786621094
132182,normal,2944,0,1782360226.8851876,0.0020475387573242188
132183,normal,700,0,1782360226.8871422,0.0019545555114746094
132184,normal,2415,0,1782360226.8895314,0.002389192581176758
132185,normal,1077,0,1782360226.892136,0.0026047229766845703
132186,normal,445,0,1782360226.8934011,0.0012650489807128906
132187,normal,1602,0,1782360226.895183,0.0017819404602050781
132188,normal,1733,0,1782360226.8973687,0.0021855831146240234
132189,normal,2221,0,1782360226.899115,0.0017464160919189453
132190,normal,1738,0,1782360226.9013472,0.002232074737548828
132191,normal,963,2,1782360226.9032893,0.0019421577453613281
132192,normal,2010,0,1782360226.9052687,0.001979351043701172
132193,normal,3322,1,1782360226.907511,0.0022423267364501953
132194,normal,715,0,1782360226.9092457,0.0017347335815429688
132195,normal,551,0,1782360226.9112065,0.00196075439453125
132196,normal,3427,0,1782360226.9133873,0.002180814743041992
132197,normal,610,0,1782360226.9152513,0.0018639564514160156
132198,normal,2463,0,1782360226.9173295,0.0020782947540283203
132199,normal,1522,0,1782360226.91919,0.0018603801727294922
132200,normal,1756,0,1782360226.921731,0.002541065216064453
132201,normal,1181,0,1782360226.923439,0.0017080307006835938
132202,normal,2314,0,1782360226.925278,0.0018389225006103516
132203,normal,1737,0,1782360226.9274507,0.002172708511352539
132204,normal,2013,0,1782360226.929288,0.0018372535705566406
132205,normal,2887,0,1782360226.9313545,0.0020666122436523438
132206,normal,1227,0,1782360226.9333594,0.002004861831665039
132207,normal,2701,0,1782360226.9355059,0.002146482467651367
132208,normal,1999,0,1782360226.9374108,0.0019049644470214844
132209,normal,3094,1,1782360226.9393525,0.001941680908203125
132210,normal,1965,0,1782360226.941206,0.0018534660339355469
132211,normal,1699,0,1782360226.9433599,0.0021538734436035156
132212,normal,2431,0,1782360226.9454691,0.0021092891693115234
132213,normal,3562,0,1782360226.947197,0.0017278194427490234
132214,normal,2939,0,1782360226.949269,0.0020720958709716797
132215,normal,2197,0,1782360226.9512665,0.0019974708557128906
132216,normal,765,0,1782360226.953216,0.0019495487213134766
132217,normal,3152,1,1782360226.9553688,0.002152681350708008
132218,normal,2466,0,1782360226.957413,0.002044200897216797
132219,normal,709,0,1782360226.959198,0.0017850399017333984
132220,normal,2684,0,1782360226.9612992,0.0021011829376220703
132221,normal,3136,1,1782360226.963313,0.0020139217376708984
132222,normal,2365,0,1782360226.9652708,0.0019576549530029297
132223,normal,744,0,1782360226.9673738,0.002103090286254883
132224,normal,192,0,1782360226.9694746,0.002100706100463867
132225,normal,1472,0,1782360226.9714246,0.0019500255584716797
132226,normal,540,0,1782360226.9740932,0.002668619155883789
132227,normal,71,0,1782360226.9751868,0.0010936260223388672
132228,normal,3608,0,1782360226.9773989,0.002212047576904297
132229,normal,2680,0,1782360226.9794264,0.0020275115966796875
132230,normal,2856,0,1782360226.9814072,0.0019807815551757812
132231,normal,2106,0,1782360226.9833193,0.0019121170043945312
132232,normal,188,0,1782360226.9851704,0.0018510818481445312
132233,normal,1870,0,1782360226.987415,0.002244710922241211
132234,normal,2104,0,1782360226.9892848,0.0018696784973144531
132235,normal,285,0,1782360226.9912724,0.0019876956939697266
132236,normal,3565,0,1782360226.9933856,0.0021131038665771484
132237,normal,1566,0,1782360226.995189,0.0018033981323242188
132238,normal,3249,1,1782360226.99737,0.0021810531616210938
132239,normal,97,0,1782360226.9994304,0.002060413360595703
132240,normal,2979,0,1782360227.0013425,0.0019121170043945312
132241,normal,2410,0,1782360227.0032136,0.0018711090087890625
132242,normal,134,0,1782360227.0052912,0.0020775794982910156
132243,normal,3543,0,1782360227.007177,0.0018858909606933594
132244,normal,1125,0,1782360227.0093102,0.0021331310272216797
132245,normal,1723,0,1782360227.01132,0.002009868621826172
132246,normal,3373,1,1782360227.0132885,0.0019683837890625
132247,normal,408,0,1782360227.0153108,0.002022266387939453
132248,normal,278,0,1782360227.017431,0.0021202564239501953
132249,normal,1009,2,1782360227.0194254,0.0019943714141845703
132250,normal,2688,0,1782360227.0214176,0.0019922256469726562
132251,normal,1544,0,1782360227.023606,0.002188444137573242
132252,normal,3344,1,1782360227.0252419,0.0016357898712158203
132253,normal,2601,0,1782360227.027475,0.002233266830444336
132254,normal,31,0,1782360227.0293283,0.0018532276153564453
132255,normal,3007,0,1782360227.0311842,0.0018558502197265625
132256,normal,2712,0,1782360227.0334096,0.0022253990173339844
132257,normal,2576,0,1782360227.035295,0.0018854141235351562
132258,normal,389,0,1782360227.037303,0.0020079612731933594
132259,normal,470,0,1782360227.039397,0.0020940303802490234
132260,normal,2937,0,1782360227.0417824,0.002385377883911133
132261,normal,138,0,1782360227.0433109,0.0015285015106201172
132262,normal,699,0,1782360227.0453699,0.0020589828491210938
132263,normal,3015,0,1782360227.0476193,0.002249479293823242
132264,normal,718,0,1782360227.0494184,0.0017991065979003906
132265,normal,2986,0,1782360227.051587,0.0021686553955078125
132266,normal,3191,1,1782360227.053465,0.0018777847290039062
132267,normal,2001,0,1782360227.055392,0.0019271373748779297
132268,normal,2678,0,1782360227.0573723,0.001980304718017578
132269,normal,1262,0,1782360227.0596485,0.002276182174682617
132270,normal,1333,1,1782360227.0611706,0.001522064208984375
132271,normal,2675,0,1782360227.0634081,0.002237558364868164
132272,normal,3139,1,1782360227.0652626,0.0018544197082519531
132273,normal,1306,0,1782360227.0674505,0.002187967300415039
132274,normal,1342,1,1782360227.0692465,0.0017960071563720703
132275,normal,2756,0,1782360227.0715694,0.0023229122161865234
132276,normal,1275,0,1782360227.073387,0.001817464828491211
132277,normal,1200,0,1782360227.0753562,0.0019693374633789062
132278,normal,328,0,1782360227.0774627,0.0021064281463623047
132279,normal,304,0,1782360227.079408,0.0019452571868896484
132280,normal,640,0,1782360227.0814784,0.0020704269409179688
132281,normal,563,0,1782360227.0834851,0.0020067691802978516
132282,normal,2250,0,1782360227.085927,0.002441883087158203
132283,normal,2598,0,1782360227.087731,0.0018038749694824219
132284,normal,2225,0,1782360227.0893857,0.0016548633575439453
132285,normal,1086,0,1782360227.091301,0.0019152164459228516
132286,normal,644,0,1782360227.093187,0.001886129379272461
132287,normal,2040,0,1782360227.0954287,0.0022416114807128906
132288,normal,2472,0,1782360227.0974023,0.0019736289978027344
132289,normal,266,0,1782360227.0991774,0.0017750263214111328
132290,normal,3019,0,1782360227.101756,0.0025787353515625
132291,normal,1915,0,1782360227.103214,0.0014579296112060547
132292,normal,1447,0,1782360227.105435,0.0022208690643310547
132293,normal,2391,0,1782360227.1073198,0.0018849372863769531
132294,normal,1536,0,1782360227.1097076,0.0023877620697021484
132295,normal,2732,0,1782360227.111315,0.0016074180603027344
132296,normal,1271,0,1782360227.113576,0.002260923385620117
132297,normal,2503,0,1782360227.1156116,0.0020356178283691406
132298,normal,1234,0,1782360227.1174066,0.001795053482055664
132299,normal,544,0,1782360227.1196325,0.0022258758544921875
132300,normal,2362,0,1782360227.121264,0.0016314983367919922
132301,normal,372,0,1782360227.1233993,0.0021352767944335938
132302,normal,3199,1,1782360227.1255596,0.002160310745239258
132303,normal,2530,0,1782360227.1272907,0.0017311573028564453
132304,normal,89,0,1782360227.1294527,0.0021619796752929688
132305,normal,302,0,1782360227.1314669,0.00201416015625
132306,normal,1268,0,1782360227.133736,0.0022690296173095703
132307,normal,2,0,1782360227.13532,0.0015840530395507812
132308,normal,3091,1,1782360227.1375263,0.0022063255310058594
132309,normal,3662,0,1782360227.1391878,0.001661539077758789
132310,normal,1534,0,1782360227.1418552,0.0026674270629882812
132311,normal,3529,0,1782360227.1435125,0.001657247543334961
132312,normal,3402,0,1782360227.1451936,0.0016810894012451172
132313,normal,2199,0,1782360227.147391,0.0021975040435791016
132314,normal,306,0,1782360227.1494071,0.0020160675048828125
132315,normal,1676,0,1782360227.1512048,0.0017976760864257812
132316,normal,2826,0,1782360227.1534255,0.002220630645751953
132317,normal,746,0,1782360227.1554048,0.001979351043701172
132318,normal,902,2,1782360227.1575406,0.002135753631591797
132319,normal,326,0,1782360227.1593394,0.001798868179321289
132320,normal,1629,0,1782360227.1616523,0.002312898635864258
132321,normal,3599,0,1782360227.163457,0.0018045902252197266
132322,normal,3307,1,1782360227.1654444,0.001987457275390625
132323,normal,211,0,1782360227.1674757,0.0020313262939453125
132324,normal,2206,0,1782360227.169228,0.0017523765563964844
132325,normal,1028,2,1782360227.1713848,0.0021567344665527344
132326,normal,2029,0,1782360227.1735895,0.0022046566009521484
132327,normal,2623,0,1782360227.175433,0.0018434524536132812
132328,normal,2317,0,1782360227.177439,0.002006053924560547
132329,normal,1875,0,1782360227.1795363,0.0020973682403564453
132330,normal,1619,0,1782360227.1814067,0.0018703937530517578
132331,normal,3042,0,1782360227.183328,0.0019211769104003906
132332,normal,1971,0,1782360227.1854265,0.002098560333251953
132333,normal,199,0,1782360227.1871948,0.001768350601196289
132334,normal,2044,0,1782360227.1895216,0.0023267269134521484
132335,normal,2190,0,1782360227.1919217,0.0024001598358154297
132336,normal,1747,0,1782360227.193275,0.0013532638549804688
132337,normal,3080,1,1782360227.1953342,0.0020592212677001953
132338,normal,783,2,1782360227.197475,0.0021407604217529297
132339,normal,135,0,1782360227.1992755,0.001800537109375
132340,normal,3589,0,1782360227.2013347,0.0020592212677001953
132341,normal,2604,0,1782360227.2034276,0.0020928382873535156
132342,normal,3187,1,1782360227.2052143,0.0017867088317871094
132343,normal,458,0,1782360227.2073214,0.0021071434020996094
132344,normal,1337,1,1782360227.2094727,0.0021512508392333984
132345,normal,831,2,1782360227.2112625,0.0017898082733154297
132346,normal,474,0,1782360227.2133856,0.002123117446899414
132347,normal,2597,0,1782360227.215599,0.0022134780883789062
132348,normal,478,0,1782360227.2172725,0.0016734600067138672
132349,normal,2279,0,1782360227.219525,0.0022525787353515625
132350,normal,941,2,1782360227.2213948,0.0018696784973144531
132351,normal,2344,0,1782360227.2233346,0.0019397735595703125
132352,normal,2514,0,1782360227.2253392,0.0020046234130859375
132353,normal,3252,1,1782360227.2275527,0.0022134780883789062
132354,normal,3396,1,1782360227.2291758,0.0016231536865234375
132355,normal,3453,0,1782360227.2314003,0.002224445343017578
132356,normal,2947,0,1782360227.233283,0.001882791519165039
132357,normal,315,0,1782360227.2351854,0.0019023418426513672
132358,normal,675,0,1782360227.2374825,0.0022971630096435547
132359,normal,2102,0,1782360227.2393892,0.0019066333770751953
132360,normal,970,2,1782360227.2412767,0.0018875598907470703
132361,normal,2790,0,1782360227.2434082,0.0021314620971679688
132362,normal,3345,1,1782360227.2456386,0.002230405807495117
132363,normal,253,0,1782360227.247366,0.0017273426055908203
132364,normal,1139,0,1782360227.24947,0.002104043960571289
132365,normal,643,0,1782360227.2514417,0.001971721649169922
132366,normal,2614,0,1782360227.253459,0.0020172595977783203
132367,normal,1250,0,1782360227.2553682,0.0019092559814453125
132368,normal,2425,0,1782360227.2575655,0.002197265625
132369,normal,1392,0,1782360227.2591624,0.0015969276428222656
132370,normal,2972,0,1782360227.2614186,0.002256155014038086
132371,normal,1927,0,1782360227.2632928,0.0018742084503173828
132372,normal,2433,0,1782360227.2654366,0.00214385986328125
132373,normal,3542,0,1782360227.2672887,0.0018520355224609375
132374,normal,1078,0,1782360227.2699015,0.0026128292083740234
132375,normal,3388,1,1782360227.2713003,0.0013988018035888672
132376,normal,1881,0,1782360227.2732086,0.0019083023071289062
132377,normal,1432,0,1782360227.2754483,0.002239704132080078
132378,normal,3652,0,1782360227.27722,0.001771688461303711
132379,normal,1537,0,1782360227.2794454,0.0022253990173339844
132380,normal,547,0,1782360227.2812786,0.001833200454711914
132381,normal,853,2,1782360227.2839744,0.002695798873901367
132382,normal,1105,0,1782360227.285544,0.001569509506225586
132383,normal,949,2,1782360227.2873902,0.0018463134765625
132384,normal,2025,0,1782360227.2892675,0.0018773078918457031
132385,normal,2296,0,1782360227.291405,0.002137422561645508
132386,normal,2132,0,1782360227.2934792,0.0020742416381835938
132387,normal,2251,0,1782360227.2952843,0.0018050670623779297
132388,normal,3085,1,1782360227.2976608,0.002376556396484375
132389,normal,243,0,1782360227.2997403,0.002079486846923828
132390,normal,967,2,1782360227.3014472,0.001706838607788086
132391,normal,3126,1,1782360227.303296,0.0018489360809326172
132392,normal,2210,0,1782360227.3056235,0.002327442169189453
132393,normal,1036,0,1782360227.3073518,0.0017282962799072266
132394,normal,2664,0,1782360227.3093476,0.0019958019256591797
132395,normal,1485,0,1782360227.311409,0.0020613670349121094
132396,normal,337,0,1782360227.313451,0.002042055130004883
132397,normal,857,2,1782360227.3154838,0.002032756805419922
132398,normal,3229,1,1782360227.3173957,0.0019118785858154297
132399,normal,1394,0,1782360227.3194017,0.002006053924560547
132400,normal,2808,0,1782360227.3213956,0.001993894577026367
132401,normal,653,0,1782360227.323613,0.0022172927856445312
132402,normal,1891,0,1782360227.3252842,0.0016713142395019531
132403,normal,612,0,1782360227.3273108,0.0020265579223632812
132404,normal,603,0,1782360227.3298025,0.0024917125701904297
132405,normal,2692,0,1782360227.3313842,0.0015816688537597656
132406,normal,3089,1,1782360227.3333232,0.0019390583038330078
132407,normal,1563,0,1782360227.3362584,0.002935171127319336
132408,normal,395,0,1782360227.3378878,0.0016293525695800781
132409,normal,3363,1,1782360227.3394096,0.0015218257904052734
132410,normal,1070,0,1782360227.3416424,0.002232789993286133
132411,normal,500,0,1782360227.3431842,0.0015418529510498047
132412,normal,2284,0,1782360227.3454142,0.002229928970336914
132413,normal,2343,0,1782360227.3474064,0.0019922256469726562
132414,normal,3670,0,1782360227.3492744,0.0018680095672607422
132415,normal,3503,0,1782360227.3515582,0.002283811569213867
132416,normal,1816,0,1782360227.3534849,0.0019266605377197266
132417,normal,2629,0,1782360227.3552623,0.0017774105072021484
132418,normal,2465,0,1782360227.3573458,0.0020835399627685547
132419,normal,860,2,1782360227.3594577,0.0021119117736816406
132420,normal,3207,1,1782360227.3612585,0.0018007755279541016
132421,normal,3673,0,1782360227.363508,0.002249479293823242
132422,normal,2875,0,1782360227.365435,0.0019268989562988281
132423,normal,536,0,1782360227.3677053,0.0022704601287841797
132424,normal,2708,0,1782360227.3693693,0.0016639232635498047
132425,normal,1793,0,1782360227.371528,0.002158641815185547
132426,normal,1164,0,1782360227.3735309,0.0020029544830322266
132427,normal,1533,0,1782360227.3755155,0.0019845962524414062
132428,normal,2413,0,1782360227.3775086,0.0019931793212890625
132429,normal,1584,0,1782360227.3793147,0.001806020736694336
132430,normal,708,0,1782360227.3815162,0.002201557159423828
132431,normal,1399,0,1782360227.383603,0.0020868778228759766
132432,normal,2031,0,1782360227.385404,0.0018010139465332031
132433,normal,1372,1,1782360227.3873472,0.0019431114196777344
132434,normal,3629,0,1782360227.3897448,0.0023975372314453125
132435,normal,2857,0,1782360227.3919196,0.002174854278564453
132436,normal,819,2,1782360227.3932946,0.001374959945678711
132437,normal,1779,0,1782360227.39543,0.0021355152130126953
132438,normal,942,2,1782360227.3971653,0.0017352104187011719
132439,normal,1462,0,1782360227.3995292,0.002363920211791992
132440,normal,3596,0,1782360227.4013433,0.001814126968383789
132441,normal,1989,0,1782360227.4042842,0.0029408931732177734
132442,normal,3481,0,1782360227.4051728,0.0008885860443115234
132443,normal,2337,0,1782360227.4073756,0.002202749252319336
132444,normal,990,2,1782360227.409313,0.0019373893737792969
132445,normal,2292,0,1782360227.4111867,0.0018737316131591797
132446,normal,2662,0,1782360227.4134731,0.0022864341735839844
132447,normal,1264,0,1782360227.4152524,0.001779317855834961
132448,normal,3290,1,1782360227.417505,0.0022525787353515625
132449,normal,772,2,1782360227.4194582,0.001953125
132450,normal,646,0,1782360227.421717,0.002258777618408203
132451,normal,2320,0,1782360227.423193,0.0014760494232177734
132452,normal,3334,1,1782360227.4255066,0.0023136138916015625
132453,normal,2035,0,1782360227.427326,0.0018193721771240234
132454,normal,3676,0,1782360227.4294581,0.0021321773529052734
132455,normal,674,0,1782360227.4313319,0.0018737316131591797
132456,normal,1618,0,1782360227.4332027,0.001870870590209961
132457,normal,966,2,1782360227.435402,0.0021991729736328125
132458,normal,3174,1,1782360227.4373522,0.0019502639770507812
132459,normal,1163,0,1782360227.4393606,0.0020084381103515625
132460,normal,2624,0,1782360227.441304,0.001943349838256836
132461,normal,2874,0,1782360227.4433856,0.002081632614135742
132462,normal,841,2,1782360227.445319,0.0019333362579345703
132463,normal,1523,0,1782360227.4475176,0.0021986961364746094
132464,normal,241,0,1782360227.449489,0.0019714832305908203
132465,normal,1182,0,1782360227.4514608,0.001971721649169922
132466,normal,2359,0,1782360227.4535162,0.0020554065704345703
132467,normal,45,0,1782360227.4554255,0.0019092559814453125
132468,normal,1721,0,1782360227.4574118,0.001986265182495117
132469,normal,2253,0,1782360227.4595423,0.0021305084228515625
132470,normal,3086,1,1782360227.4613054,0.0017631053924560547
132471,normal,3157,1,1782360227.46331,0.0020046234130859375
132472,normal,1439,0,1782360227.4652872,0.001977205276489258
132473,normal,2782,0,1782360227.4674146,0.002127408981323242
132474,normal,982,2,1782360227.469182,0.0017673969268798828
132475,normal,321,0,1782360227.4715981,0.0024161338806152344
132476,normal,501,0,1782360227.4734344,0.0018362998962402344
132477,normal,3530,0,1782360227.4755752,0.0021407604217529297
132478,normal,2635,0,1782360227.4772153,0.0016400814056396484
132479,normal,1552,0,1782360227.4794571,0.002241849899291992
132480,normal,363,0,1782360227.4811916,0.0017344951629638672
132481,normal,1683,0,1782360227.4834652,0.0022735595703125
132482,normal,49,0,1782360227.4858005,0.0023353099822998047
132483,normal,1698,0,1782360227.4876513,0.0018508434295654297
132484,normal,2516,0,1782360227.489324,0.0016727447509765625
132485,normal,3005,0,1782360227.4914193,0.0020952224731445312
132486,normal,2719,0,1782360227.4933176,0.0018982887268066406
132487,normal,1212,0,1782360227.4953055,0.001987934112548828
132488,normal,2698,0,1782360227.4974961,0.0021905899047851562
132489,normal,3175,1,1782360227.4993637,0.001867532730102539
132490,normal,1352,1,1782360227.5017323,0.0023686885833740234
132491,normal,1226,0,1782360227.503495,0.0017626285552978516
132492,normal,1158,0,1782360227.505396,0.0019009113311767578
132493,normal,3153,1,1782360227.5075052,0.0021092891693115234
132494,normal,838,2,1782360227.509418,0.001912832260131836
132495,normal,2374,0,1782360227.5113583,0.0019402503967285156
132496,normal,3358,1,1782360227.5135822,0.002223968505859375
132497,normal,1021,2,1782360227.5157552,0.0021729469299316406
132498,normal,2660,0,1782360227.5174763,0.0017211437225341797
132499,normal,3073,1,1782360227.5193624,0.001886129379272461
132500,normal,410,0,1782360227.5214028,0.002040386199951172
132501,normal,3382,1,1782360227.5232868,0.0018839836120605469
132502,normal,2459,0,1782360227.5255601,0.0022733211517333984
132503,normal,1542,0,1782360227.5273745,0.0018143653869628906
132504,normal,2963,0,1782360227.529171,0.0017964839935302734
132505,normal,2498,0,1782360227.531767,0.0025959014892578125
132506,normal,3130,1,1782360227.533493,0.0017261505126953125
132507,normal,3125,1,1782360227.5353541,0.0018610954284667969
132508,normal,1436,0,1782360227.537712,0.002357959747314453
132509,normal,3585,0,1782360227.5400522,0.002340078353881836
132510,normal,912,2,1782360227.5414762,0.0014240741729736328
132511,normal,1047,0,1782360227.5435362,0.0020599365234375
132512,normal,1641,0,1782360227.5455785,0.0020422935485839844
132513,normal,1768,0,1782360227.547216,0.0016374588012695312
132514,normal,1889,0,1782360227.5491786,0.0019626617431640625
132515,normal,2161,0,1782360227.551445,0.002266407012939453
132516,normal,1494,0,1782360227.5532215,0.0017764568328857422
132517,normal,678,0,1782360227.5551922,0.0019707679748535156
132518,normal,2056,0,1782360227.5576558,0.0024635791778564453
132519,normal,2997,0,1782360227.5593536,0.0016977787017822266
132520,normal,539,0,1782360227.5612435,0.001889944076538086
132521,normal,3343,1,1782360227.5635266,0.0022830963134765625
132522,normal,577,0,1782360227.5652735,0.0017468929290771484
132523,normal,3223,1,1782360227.5673697,0.0020961761474609375
132524,normal,2542,0,1782360227.5693562,0.0019865036010742188
132525,normal,1896,0,1782360227.5711668,0.0018105506896972656
132526,normal,2545,0,1782360227.5733678,0.002201080322265625
132527,normal,572,0,1782360227.5754786,0.002110719680786133
132528,normal,2065,0,1782360227.5772707,0.0017921924591064453
132529,normal,717,0,1782360227.5796487,0.0023779869079589844
132530,normal,680,0,1782360227.5820897,0.002440929412841797
132531,normal,1263,0,1782360227.5838652,0.001775503158569336
132532,normal,615,0,1782360227.5851817,0.0013165473937988281
132533,normal,1042,0,1782360227.5873945,0.0022127628326416016
132534,normal,3231,1,1782360227.5895624,0.002167940139770508
132535,normal,2923,0,1782360227.5914423,0.0018799304962158203
132536,normal,2464,0,1782360227.5934162,0.001973867416381836
132537,normal,3449,0,1782360227.595431,0.0020148754119873047
132538,normal,2909,0,1782360227.5975618,0.002130746841430664
132539,normal,2480,0,1782360227.599362,0.0018000602722167969
132540,normal,104,0,1782360227.6011927,0.0018308162689208984
132541,normal,3385,1,1782360227.6033735,0.002180814743041992
132542,normal,2152,0,1782360227.6053965,0.002022981643676758
132543,normal,1503,0,1782360227.607191,0.001794576644897461
132544,normal,1592,0,1782360227.609328,0.0021369457244873047
132545,normal,520,0,1782360227.6114423,0.0021142959594726562
132546,normal,1287,0,1782360227.6131933,0.001750946044921875
132547,normal,2263,0,1782360227.615407,0.002213716506958008
132548,normal,3351,1,1782360227.6174119,0.002004861831665039
132549,normal,1049,0,1782360227.6192267,0.0018148422241210938
132550,normal,3002,0,1782360227.6215653,0.0023386478424072266
132551,normal,1638,0,1782360227.623459,0.001893758773803711
132552,normal,3647,0,1782360227.6253605,0.001901388168334961
132553,normal,2049,0,1782360227.6273208,0.001960277557373047
132554,normal,3012,0,1782360227.6294432,0.0021224021911621094
132555,normal,2016,0,1782360227.6312912,0.001847982406616211
132556,normal,1085,0,1782360227.6333356,0.0020444393157958984
132557,normal,1669,0,1782360227.6356423,0.002306699752807617
132558,normal,420,0,1782360227.6372843,0.001641988754272461
132559,normal,388,0,1782360227.63929,0.0020058155059814453
132560,normal,3008,0,1782360227.6413865,0.002096414566040039
132561,normal,3054,1,1782360227.6432788,0.0018923282623291016
132562,normal,2726,0,1782360227.6453106,0.0020318031311035156
132563,normal,1671,0,1782360227.6476207,0.002310037612915039
132564,normal,125,0,1782360227.6492844,0.0016636848449707031
132565,normal,1343,1,1782360227.6513753,0.002090930938720703
132566,normal,379,0,1782360227.653595,0.002219676971435547
132567,normal,901,2,1782360227.655351,0.0017559528350830078
132568,normal,364,0,1782360227.657448,0.0020971298217773438
132569,normal,1301,0,1782360227.6593714,0.0019233226776123047
132570,normal,2417,0,1782360227.6612797,0.0019083023071289062
132571,normal,2695,0,1782360227.6634736,0.002193927764892578
132572,normal,1488,0,1782360227.6655622,0.0020885467529296875
132573,normal,122,0,1782360227.66719,0.0016279220581054688
132574,normal,3194,1,1782360227.6695971,0.002407073974609375
132575,normal,1628,0,1782360227.6711414,0.0015442371368408203
132576,normal,1512,0,1782360227.6732945,0.002153158187866211
132577,normal,2567,0,1782360227.6752026,0.0019080638885498047
132578,normal,3347,1,1782360227.6775377,0.002335071563720703
132579,normal,730,0,1782360227.6792443,0.0017066001892089844
132580,normal,1571,0,1782360227.6812835,0.002039194107055664
132581,normal,1632,0,1782360227.6833525,0.0020689964294433594
132582,normal,289,0,1782360227.6851957,0.0018432140350341797
132583,normal,3301,1,1782360227.687349,0.0021533966064453125
132584,normal,2962,0,1782360227.6897507,0.002401590347290039
132585,normal,3121,1,1782360227.6918306,0.0020799636840820312
132586,normal,439,0,1782360227.69342,0.0015892982482910156
132587,normal,521,0,1782360227.6954043,0.0019843578338623047
132588,normal,3626,0,1782360227.697182,0.00177764892578125
132589,normal,3613,0,1782360227.6994364,0.002254486083984375
132590,normal,2643,0,1782360227.7014353,0.0019989013671875
132591,normal,3236,1,1782360227.70327,0.0018346309661865234
132592,normal,1038,0,1782360227.7057536,0.0024836063385009766
132593,normal,1769,0,1782360227.7074962,0.0017426013946533203
132594,normal,2995,0,1782360227.7093847,0.0018885135650634766
132595,normal,1091,0,1782360227.7113585,0.001973867416381836
132596,normal,1957,0,1782360227.7137477,0.002389192581176758
132597,normal,448,0,1782360227.715255,0.0015072822570800781
132598,normal,2798,0,1782360227.7175188,0.002263784408569336
132599,normal,1897,0,1782360227.7195792,0.002060413360595703
132600,normal,769,0,1782360227.721712,0.002132892608642578
132601,normal,2713,0,1782360227.7235425,0.0018303394317626953
132602,normal,2904,0,1782360227.725412,0.0018694400787353516
132603,normal,174,0,1782360227.7272666,0.0018546581268310547
132604,normal,3614,0,1782360227.7294545,0.002187967300415039
132605,normal,1794,0,1782360227.7316308,0.0021762847900390625
132606,normal,494,0,1782360227.7332551,0.0016243457794189453
132607,normal,2906,0,1782360227.7354395,0.0021843910217285156
132608,normal,1925,0,1782360227.7377162,0.0022766590118408203
132609,normal,1635,0,1782360227.7393587,0.001642465591430664
132610,normal,1921,0,1782360227.7412639,0.001905202865600586
132611,normal,277,0,1782360227.7445896,0.0033257007598876953
132612,normal,2541,0,1782360227.7456238,0.0010342597961425781
132613,normal,3707,0,1782360227.747729,0.002105236053466797
132614,normal,2990,0,1782360227.7493193,0.0015902519226074219
132615,normal,391,0,1782360227.7515607,0.002241373062133789
132616,normal,380,0,1782360227.753272,0.0017113685607910156
132617,normal,3201,1,1782360227.7553227,0.002050638198852539
132618,normal,3533,0,1782360227.757277,0.001954317092895508
132619,normal,518,0,1782360227.7592735,0.0019965171813964844
132620,normal,3422,0,1782360227.7614715,0.0021979808807373047
132621,normal,823,2,1782360227.7632694,0.0017979145050048828
132622,normal,1701,0,1782360227.7655385,0.0022690296173095703
132623,normal,2346,0,1782360227.7673948,0.0018563270568847656
132624,normal,1482,0,1782360227.7693188,0.0019240379333496094
132625,normal,1752,0,1782360227.7712843,0.0019655227661132812
132626,normal,2855,0,1782360227.7732778,0.001993417739868164
132627,normal,3455,0,1782360227.7753472,0.0020694732666015625
132628,normal,1387,0,1782360227.7773035,0.0019562244415283203
132629,normal,532,0,1782360227.779463,0.002159595489501953
132630,normal,3418,0,1782360227.781234,0.0017709732055664062
132631,normal,2620,0,1782360227.783528,0.0022940635681152344
132632,normal,3055,1,1782360227.7853847,0.0018565654754638672
132633,normal,3458,0,1782360227.7872176,0.0018329620361328125
132634,normal,1650,0,1782360227.7894142,0.0021965503692626953
132635,normal,3601,0,1782360227.7918246,0.002410411834716797
132636,normal,1004,2,1782360227.7932944,0.0014698505401611328
132637,normal,2650,0,1782360227.7953346,0.0020401477813720703
132638,normal,508,0,1782360227.79757,0.00223541259765625
132639,normal,2764,0,1782360227.7993283,0.0017583370208740234
132640,normal,376,0,1782360227.8013551,0.002026796340942383
132641,normal,1836,0,1782360227.8034298,0.002074718475341797
132642,normal,1640,0,1782360262.8662055,0.0
132643,normal,3136,1,1782360262.868184,0.001978635787963867
132644,normal,3386,1,1782360262.8702602,0.0020761489868164062
132645,normal,2888,0,1782360262.8724456,0.002185344696044922
132646,normal,1917,0,1782360262.8743174,0.0018718242645263672
132647,normal,877,2,1782360262.8763459,0.0020284652709960938
132648,normal,2567,0,1782360262.8788204,0.002474546432495117
132649,normal,3521,0,1782360262.880146,0.0013256072998046875
132650,normal,719,0,1782360262.882208,0.002062082290649414
132651,normal,1867,0,1782360262.884266,0.002057790756225586
132652,normal,3580,0,1782360262.886341,0.0020751953125
132653,normal,2081,0,1782360262.888292,0.001950979232788086
132654,normal,3091,1,1782360262.8903341,0.002042055130004883
132655,normal,3187,1,1782360262.8923469,0.0020127296447753906
132656,normal,493,0,1782360262.8942711,0.001924276351928711
132657,normal,2881,0,1782360262.8965623,0.0022912025451660156
132658,normal,1254,0,1782360262.8982506,0.001688241958618164
132659,normal,2612,0,1782360262.9005084,0.002257823944091797
132660,normal,1115,0,1782360262.9023988,0.001890420913696289
132661,normal,905,2,1782360262.9042838,0.0018849372863769531
132662,normal,773,2,1782360262.9064171,0.0021333694458007812
132663,normal,1126,0,1782360262.9084017,0.0019845962524414062
132664,normal,1928,0,1782360262.910243,0.0018413066864013672
132665,normal,2550,0,1782360262.9124281,0.0021851062774658203
132666,normal,3591,0,1782360262.9143865,0.0019583702087402344
132667,normal,1711,0,1782360262.9162686,0.0018820762634277344
132668,normal,3250,1,1782360262.9184127,0.0021440982818603516
132669,normal,2206,0,1782360262.9205136,0.0021009445190429688
132670,normal,2765,0,1782360262.922248,0.0017342567443847656
132671,normal,470,0,1782360262.9244955,0.0022475719451904297
132672,normal,2648,0,1782360262.926397,0.0019016265869140625
132673,normal,2244,0,1782360262.9282749,0.0018777847290039062
132674,normal,456,0,1782360262.9305,0.002225160598754883
132675,normal,1788,0,1782360262.932418,0.0019180774688720703
132676,normal,3511,0,1782360262.9343238,0.001905679702758789
132677,normal,2764,0,1782360262.936459,0.0021352767944335938
132678,normal,3561,0,1782360262.9384692,0.0020101070404052734
132679,normal,37,0,1782360262.9403236,0.0018544197082519531
132680,normal,2617,0,1782360262.9424503,0.0021266937255859375
132681,normal,2284,0,1782360262.9444206,0.0019702911376953125
132682,normal,792,2,1782360262.9462457,0.001825094223022461
132683,normal,1406,0,1782360262.9485872,0.0023415088653564453
132684,normal,603,0,1782360262.9503975,0.001810312271118164
132685,normal,1960,0,1782360262.9523191,0.0019216537475585938
132686,normal,352,0,1782360262.954462,0.0021429061889648438
132687,normal,2636,0,1782360262.956416,0.0019538402557373047
132688,normal,3516,0,1782360262.958242,0.0018260478973388672
132689,normal,2628,0,1782360262.9605663,0.002324342727661133
132690,normal,1408,0,1782360262.9624119,0.0018455982208251953
132691,normal,799,2,1782360262.9643078,0.001895904541015625
132692,normal,3288,1,1782360262.9664428,0.002135038375854492
132693,normal,787,2,1782360262.968582,0.0021390914916992188
132694,normal,2249,0,1782360262.970323,0.001741170883178711
132695,normal,2300,0,1782360262.9724596,0.0021364688873291016
132696,normal,89,0,1782360262.9744723,0.0020127296447753906
132697,normal,828,2,1782360262.9762669,0.001794576644897461
132698,normal,3532,0,1782360262.9785705,0.002303600311279297
132699,normal,3299,1,1782360262.9803898,0.0018193721771240234
132700,normal,3515,0,1782360262.9823716,0.0019817352294921875
132701,normal,2493,0,1782360262.9844348,0.002063274383544922
132702,normal,804,2,1782360262.9865704,0.0021355152130126953
132703,normal,1855,0,1782360262.9882698,0.0016994476318359375
132704,normal,2320,0,1782360262.9905677,0.0022978782653808594
132705,normal,1693,0,1782360262.9924073,0.0018396377563476562
132706,normal,207,0,1782360262.9943137,0.0019063949584960938
132707,normal,3606,0,1782360262.9964552,0.0021414756774902344
132708,normal,2142,0,1782360262.9984207,0.0019655227661132812
132709,normal,416,0,1782360263.0002427,0.0018219947814941406
132710,normal,1226,0,1782360263.0024166,0.002173900604248047
132711,normal,1763,0,1782360263.004243,0.0018262863159179688
132712,normal,1076,0,1782360263.0062516,0.002008676528930664
132713,normal,2338,0,1782360263.0082667,0.0020151138305664062
132714,normal,16,0,1782360263.0103967,0.0021300315856933594
132715,normal,2515,0,1782360263.0122364,0.0018396377563476562
132716,normal,2719,0,1782360263.0144176,0.0021812915802001953
132717,normal,3005,0,1782360263.0163882,0.001970529556274414
132718,normal,315,0,1782360263.0182302,0.0018420219421386719
132719,normal,1510,0,1782360263.0204778,0.0022475719451904297
132720,normal,2457,0,1782360263.0222352,0.0017573833465576172
132721,normal,1206,0,1782360263.024328,0.0020928382873535156
132722,normal,3226,1,1782360263.0264263,0.0020983219146728516
132723,normal,2760,0,1782360263.0284877,0.0020613670349121094
132724,normal,2871,0,1782360263.03027,0.0017824172973632812
132725,normal,1328,1,1782360263.032494,0.002223968505859375
132726,normal,1515,0,1782360263.0342448,0.0017507076263427734
132727,normal,3197,1,1782360263.036232,0.0019872188568115234
132728,normal,619,0,1782360263.0384748,0.0022428035736083984
132729,normal,503,0,1782360263.0402563,0.001781463623046875
132730,normal,3033,0,1782360263.042337,0.002080678939819336
132731,normal,3208,1,1782360263.0444198,0.00208282470703125
132732,normal,1719,0,1782360263.0464876,0.0020678043365478516
132733,normal,1992,0,1782360263.0483212,0.0018336772918701172
132734,normal,5,0,1782360263.0504239,0.0021026134490966797
132735,normal,2362,0,1782360263.0524805,0.002056598663330078
132736,normal,1901,0,1782360263.0542703,0.0017898082733154297
132737,normal,303,0,1782360263.0564926,0.002222299575805664
132738,normal,152,0,1782360263.0587623,0.002269744873046875
132739,normal,2080,0,1782360263.0602307,0.0014684200286865234
132740,normal,851,2,1782360263.0623884,0.0021576881408691406
132741,normal,2906,0,1782360263.0643764,0.001987934112548828
132742,normal,2426,0,1782360263.0662599,0.0018835067749023438
132743,normal,3471,0,1782360263.0683455,0.0020856857299804688
132744,normal,2430,0,1782360263.0702474,0.001901865005493164
132745,normal,1466,0,1782360263.0722463,0.0019989013671875
132746,normal,1619,0,1782360263.0742226,0.0019762516021728516
132747,normal,611,0,1782360263.0763345,0.0021119117736816406
132748,normal,1325,1,1782360263.0781996,0.0018651485443115234
132749,normal,945,2,1782360263.0802174,0.0020177364349365234
132750,normal,3529,0,1782360263.0822396,0.002022266387939453
132751,normal,875,2,1782360263.0842028,0.0019631385803222656
132752,normal,770,0,1782360263.0863261,0.0021233558654785156
132753,normal,2582,0,1782360263.0883632,0.00203704833984375
132754,normal,3017,0,1782360263.0902581,0.0018949508666992188
132755,normal,3359,1,1782360263.0923727,0.002114534378051758
132756,normal,1190,0,1782360263.0943565,0.0019838809967041016
132757,normal,2532,0,1782360263.096231,0.0018744468688964844
132758,normal,848,2,1782360263.0984635,0.0022325515747070312
132759,normal,2448,0,1782360263.1003063,0.0018427371978759766
132760,normal,3055,1,1782360263.102221,0.0019147396087646484
132761,normal,1479,0,1782360263.1044078,0.0021867752075195312
132762,normal,284,0,1782360263.106432,0.0020241737365722656
132763,normal,53,0,1782360263.1082923,0.0018603801727294922
132764,normal,3494,0,1782360263.1104112,0.002118825912475586
132765,normal,1602,0,1782360263.1123445,0.0019333362579345703
132766,normal,2903,0,1782360263.1142573,0.001912832260131836
132767,normal,2643,0,1782360263.1164083,0.002151012420654297
132768,normal,266,0,1782360263.118559,0.0021505355834960938
132769,normal,1082,0,1782360263.120315,0.0017561912536621094
132770,normal,3169,1,1782360263.1224308,0.0021157264709472656
132771,normal,958,2,1782360263.1244316,0.0020008087158203125
132772,normal,2031,0,1782360263.126313,0.0018813610076904297
132773,normal,3692,0,1782360263.1284266,0.0021135807037353516
132774,normal,2213,0,1782360263.1304712,0.002044677734375
132775,normal,1857,0,1782360263.132507,0.002035856246948242
132776,normal,2023,0,1782360263.1343055,0.001798391342163086
132777,normal,1287,0,1782360263.136576,0.0022704601287841797
132778,normal,963,2,1782360263.138308,0.0017321109771728516
132779,normal,2034,0,1782360263.1404517,0.0021436214447021484
132780,normal,736,0,1782360263.1424613,0.0020096302032470703
132781,normal,3390,1,1782360263.144615,0.002153635025024414
132782,normal,1707,0,1782360263.1464307,0.0018157958984375
132783,normal,3234,1,1782360263.1484337,0.0020029544830322266
132784,normal,2073,0,1782360263.1503062,0.0018725395202636719
132785,normal,3285,1,1782360263.1524446,0.002138376235961914
132786,normal,651,0,1782360263.1544614,0.002016782760620117
132787,normal,223,0,1782360263.1563084,0.0018470287322998047
132788,normal,3584,0,1782360263.1584496,0.002141237258911133
132789,normal,1665,0,1782360263.160593,0.002143383026123047
132790,normal,1636,0,1782360263.1627743,0.0021812915802001953
132791,normal,850,2,1782360263.1644504,0.0016760826110839844
132792,normal,2250,0,1782360263.1664555,0.0020051002502441406
132793,normal,929,2,1782360263.16831,0.0018544197082519531
132794,normal,3607,0,1782360263.1704497,0.0021398067474365234
132795,normal,3404,0,1782360263.1725953,0.002145528793334961
132796,normal,2466,0,1782360263.1747425,0.002147197723388672
132797,normal,2918,0,1782360263.1764324,0.001689910888671875
132798,normal,1503,0,1782360263.1784315,0.0019991397857666016
132799,normal,2921,0,1782360263.1803212,0.0018897056579589844
132800,normal,2228,0,1782360263.1823993,0.0020780563354492188
132801,normal,1534,0,1782360263.1845593,0.0021600723266601562
132802,normal,766,0,1782360263.1863058,0.0017464160919189453
132803,normal,499,0,1782360263.1884484,0.002142667770385742
132804,normal,662,0,1782360263.1906016,0.002153158187866211
132805,normal,1645,0,1782360263.1923113,0.0017096996307373047
132806,normal,3573,0,1782360263.1944466,0.0021352767944335938
132807,normal,2039,0,1782360263.196467,0.0020203590393066406
132808,normal,3207,1,1782360263.1987789,0.0023119449615478516
132809,normal,2868,0,1782360263.2004247,0.001645803451538086
132810,normal,2877,0,1782360263.2027187,0.0022940635681152344
132811,normal,1305,0,1782360263.204624,0.001905202865600586
132812,normal,784,2,1782360263.2064483,0.0018243789672851562
132813,normal,2720,0,1782360263.208465,0.002016782760620117
132814,normal,3277,1,1782360263.2104707,0.0020055770874023438
132815,normal,24,0,1782360263.212737,0.002266407012939453
132816,normal,434,0,1782360263.2145042,0.0017671585083007812
132817,normal,199,0,1782360263.216465,0.00196075439453125
132818,normal,84,0,1782360263.2184212,0.0019562244415283203
132819,normal,1470,0,1782360263.2205834,0.0021622180938720703
132820,normal,655,0,1782360263.2224748,0.0018913745880126953
132821,normal,2712,0,1782360263.2244885,0.002013683319091797
132822,normal,3424,0,1782360263.2264764,0.001987934112548828
132823,normal,2527,0,1782360263.2287958,0.0023193359375
132824,normal,356,0,1782360263.2305913,0.0017955303192138672
132825,normal,1973,0,1782360263.2324336,0.0018422603607177734
132826,normal,489,0,1782360263.2345471,0.0021135807037353516
132827,normal,1369,1,1782360263.2364578,0.0019106864929199219
132828,normal,2751,0,1782360263.2384565,0.0019986629486083984
132829,normal,2849,0,1782360263.2405012,0.002044677734375
132830,normal,1702,0,1782360263.2431095,0.0026082992553710938
132831,normal,862,2,1782360263.244734,0.0016245841979980469
132832,normal,113,0,1782360263.2467763,0.0020422935485839844
132833,normal,1211,0,1782360263.2490788,0.002302408218383789
132834,normal,1731,0,1782360263.2507803,0.0017015933990478516
132835,normal,3530,0,1782360263.2528355,0.0020551681518554688
132836,normal,2744,0,1782360263.2551267,0.0022912025451660156
132837,normal,1017,2,1782360263.2572122,0.002085447311401367
132838,normal,1576,0,1782360263.2587423,0.0015301704406738281
132839,normal,561,0,1782360263.2604663,0.0017240047454833984
132840,normal,2070,0,1782360263.2624326,0.001966238021850586
132841,normal,2252,0,1782360263.264617,0.0021843910217285156
132842,normal,2735,0,1782360263.2670867,0.002469778060913086
132843,normal,1977,0,1782360263.2692018,0.002115011215209961
132844,normal,3691,0,1782360263.2707753,0.0015735626220703125
132845,normal,3477,0,1782360263.2728693,0.0020940303802490234
132846,normal,2280,0,1782360263.274472,0.0016026496887207031
132847,normal,1299,0,1782360263.2765195,0.0020475387573242188
132848,normal,858,2,1782360263.2790806,0.0025610923767089844
132849,normal,1038,0,1782360263.2812488,0.0021681785583496094
132850,normal,2767,0,1782360263.2823112,0.0010623931884765625
132851,normal,672,0,1782360263.284457,0.0021457672119140625
132852,normal,810,2,1782360263.2865787,0.0021216869354248047
132853,normal,2564,0,1782360263.288801,0.002222299575805664
132854,normal,744,0,1782360263.2905967,0.0017957687377929688
132855,normal,581,0,1782360263.292483,0.0018863677978515625
132856,normal,1692,0,1782360263.294805,0.002321958541870117
132857,normal,3259,1,1782360263.2966356,0.0018305778503417969
132858,normal,1413,0,1782360263.2984767,0.0018410682678222656
132859,normal,449,0,1782360263.3007922,0.002315521240234375
132860,normal,429,0,1782360263.3025937,0.0018014907836914062
132861,normal,688,0,1782360263.3044026,0.0018088817596435547
132862,normal,3426,0,1782360263.3067923,0.002389669418334961
132863,normal,238,0,1782360263.3082223,0.0014300346374511719
132864,normal,2914,0,1782360263.310512,0.0022897720336914062
132865,normal,3276,1,1782360263.312222,0.0017099380493164062
132866,normal,684,0,1782360263.3145695,0.0023474693298339844
132867,normal,3660,0,1782360263.316354,0.0017845630645751953
132868,normal,3462,0,1782360263.3187258,0.0023717880249023438
132869,normal,817,2,1782360263.3202786,0.0015528202056884766
132870,normal,1662,0,1782360263.3225636,0.002285003662109375
132871,normal,3356,1,1782360263.3243024,0.0017387866973876953
132872,normal,436,0,1782360263.3266041,0.0023016929626464844
132873,normal,1152,0,1782360263.3284585,0.0018544197082519531
132874,normal,182,0,1782360263.3307502,0.0022916793823242188
132875,normal,1703,0,1782360263.3324392,0.0016889572143554688
132876,normal,724,0,1782360263.3345633,0.0021240711212158203
132877,normal,3435,0,1782360263.3363194,0.0017561912536621094
132878,normal,2799,0,1782360263.3384526,0.0021331310272216797
132879,normal,544,0,1782360263.3404567,0.0020041465759277344
132880,normal,996,2,1782360263.3427434,0.002286672592163086
132881,normal,1663,0,1782360263.3444319,0.0016884803771972656
132882,normal,418,0,1782360263.3468225,0.002390623092651367
132883,normal,319,0,1782360263.348634,0.0018115043640136719
132884,normal,1319,1,1782360263.3502352,0.0016012191772460938
132885,normal,3321,1,1782360263.352469,0.002233743667602539
132886,normal,2443,0,1782360263.3542397,0.0017707347869873047
132887,normal,3093,1,1782360263.3564332,0.002193450927734375
132888,normal,1933,0,1782360263.358311,0.0018777847290039062
132889,normal,1557,0,1782360263.3605182,0.0022072792053222656
132890,normal,2638,0,1782360263.3623085,0.0017902851104736328
132891,normal,1596,0,1782360263.3645632,0.0022547245025634766
132892,normal,498,0,1782360263.3663032,0.0017399787902832031
132893,normal,2590,0,1782360263.3688316,0.0025284290313720703
132894,normal,2697,0,1782360263.3707848,0.001953125
132895,normal,2607,0,1782360263.3725388,0.0017540454864501953
132896,normal,1456,0,1782360263.3751056,0.002566814422607422
132897,normal,537,0,1782360263.377259,0.0021533966064453125
132898,normal,2272,0,1782360263.3783693,0.0011103153228759766
132899,normal,3156,1,1782360263.3806403,0.002270936965942383
132900,normal,1605,0,1782360263.3826342,0.001993894577026367
132901,normal,1490,0,1782360263.384543,0.0019087791442871094
132902,normal,1124,0,1782360263.3870988,0.00255584716796875
132903,normal,1171,0,1782360263.3892777,0.0021789073944091797
132904,normal,993,2,1782360263.3903627,0.001085042953491211
132905,normal,3500,0,1782360263.3926127,0.0022499561309814453
132906,normal,1886,0,1782360263.3945959,0.001983165740966797
132907,normal,3656,0,1782360263.3965638,0.001967906951904297
132908,normal,648,0,1782360263.3991954,0.002631664276123047
132909,normal,1939,0,1782360263.4007795,0.0015840530395507812
132910,normal,721,0,1782360263.4025106,0.0017311573028564453
132911,normal,2069,0,1782360263.404466,0.001955270767211914
132912,normal,128,0,1782360263.4064615,0.001995563507080078
132913,normal,847,2,1782360263.4085653,0.0021038055419921875
132914,normal,1377,1,1782360263.410566,0.0020008087158203125
132915,normal,3531,0,1782360263.4126027,0.002036571502685547
132916,normal,2151,0,1782360263.4148254,0.002222776412963867
132917,normal,2665,0,1782360263.416611,0.0017855167388916016
132918,normal,2535,0,1782360263.4185972,0.001986265182495117
132919,normal,23,0,1782360263.420571,0.001973867416381836
132920,normal,1458,0,1782360263.4231286,0.002557516098022461
132921,normal,3165,1,1782360263.4252646,0.0021359920501708984
132922,normal,496,0,1782360263.4263577,0.001093149185180664
132923,normal,954,2,1782360263.4284275,0.002069711685180664
132924,normal,2812,0,1782360263.4305649,0.002137422561645508
132925,normal,1355,1,1782360263.4323292,0.0017642974853515625
132926,normal,2867,0,1782360263.434431,0.002101898193359375
132927,normal,978,2,1782360263.4365795,0.0021483898162841797
132928,normal,3261,1,1782360263.4383197,0.0017402172088623047
132929,normal,1252,0,1782360263.440452,0.002132415771484375
132930,normal,3681,0,1782360263.4424436,0.0019915103912353516
132931,normal,1993,0,1782360263.444959,0.0025153160095214844
132932,normal,803,2,1782360263.4462883,0.0013294219970703125
132933,normal,200,0,1782360263.448592,0.002303600311279297
132934,normal,2929,0,1782360263.450312,0.0017199516296386719
132935,normal,270,0,1782360263.4524717,0.0021598339080810547
132936,normal,1904,0,1782360263.454454,0.0019822120666503906
132937,normal,1498,0,1782360263.456314,0.0018601417541503906
132938,normal,3253,1,1782360263.4584618,0.002147674560546875
132939,normal,680,0,1782360263.4604492,0.001987457275390625
132940,normal,3059,1,1782360263.462928,0.0024788379669189453
132941,normal,41,0,1782360263.4643054,0.0013773441314697266
132942,normal,100,0,1782360263.4665842,0.0022788047790527344
132943,normal,1444,0,1782360263.46831,0.001725912094116211
132944,normal,2379,0,1782360263.4704492,0.0021390914916992188
132945,normal,2121,0,1782360263.4724538,0.0020046234130859375
132946,normal,2184,0,1782360263.4743106,0.0018568038940429688
132947,normal,2391,0,1782360263.4764621,0.0021514892578125
132948,normal,87,0,1782360263.4784367,0.0019745826721191406
132949,normal,2940,0,1782360263.4803104,0.0018737316131591797
132950,normal,3232,1,1782360263.482437,0.002126455307006836
132951,normal,3243,1,1782360263.4844625,0.002025604248046875
132952,normal,3320,1,1782360263.486819,0.0023565292358398438
132953,normal,538,0,1782360263.4884558,0.0016367435455322266
132954,normal,1621,0,1782360263.4904394,0.001983642578125
132955,normal,731,0,1782360263.4923117,0.0018723011016845703
132956,normal,1732,0,1782360263.4945712,0.002259492874145508
132957,normal,1859,0,1782360263.4964485,0.0018773078918457031
132958,normal,1026,2,1782360263.49886,0.002411365509033203
132959,normal,419,0,1782360263.5004404,0.0015804767608642578
132960,normal,3080,1,1782360263.5024617,0.002021312713623047
132961,normal,572,0,1782360263.504316,0.0018544197082519531
132962,normal,520,0,1782360263.506557,0.002240896224975586
132963,normal,1511,0,1782360263.5084612,0.0019042491912841797
132964,normal,2823,0,1782360263.5103118,0.0018506050109863281
132965,normal,135,0,1782360263.5124414,0.0021295547485351562
132966,normal,112,0,1782360263.5144691,0.002027750015258789
132967,normal,426,0,1782360263.5165343,0.0020651817321777344
132968,normal,2553,0,1782360263.5184276,0.0018932819366455078
132969,normal,1780,0,1782360263.5205793,0.0021517276763916016
132970,normal,2869,0,1782360263.5223117,0.0017323493957519531
132971,normal,2855,0,1782360263.5244536,0.0021419525146484375
132972,normal,1996,0,1782360263.5264692,0.0020155906677246094
132973,normal,1803,0,1782360263.5288017,0.002332448959350586
132974,normal,2091,0,1782360263.5302827,0.0014810562133789062
132975,normal,2087,0,1782360263.5326009,0.002318143844604492
132976,normal,1042,0,1782360263.5343063,0.0017054080963134766
132977,normal,3546,0,1782360263.5364673,0.0021610260009765625
132978,normal,3665,0,1782360263.538452,0.0019845962524414062
132979,normal,930,2,1782360263.5403054,0.0018534660339355469
132980,normal,254,0,1782360263.542563,0.0022575855255126953
132981,normal,2301,0,1782360263.5444221,0.0018591880798339844
132982,normal,2655,0,1782360263.546312,0.001889944076538086
132983,normal,979,2,1782360263.5485346,0.0022225379943847656
132984,normal,1968,0,1782360263.5504255,0.0018908977508544922
132985,normal,2141,0,1782360263.5522652,0.0018396377563476562
132986,normal,1168,0,1782360263.5544739,0.002208709716796875
132987,normal,1980,0,1782360263.5564191,0.0019452571868896484
132988,normal,2260,0,1782360263.5582962,0.0018770694732666016
132989,normal,3549,0,1782360263.560453,0.0021567344665527344
132990,normal,1027,2,1782360263.562441,0.0019881725311279297
132991,normal,2690,0,1782360263.5642643,0.0018231868743896484
132992,normal,3700,0,1782360263.5664594,0.002195119857788086
132993,normal,1200,0,1782360263.5684214,0.001961946487426758
132994,normal,3616,0,1782360263.570289,0.001867532730102539
132995,normal,3617,0,1782360263.5724406,0.0021517276763916016
132996,normal,3460,0,1782360263.574431,0.0019903182983398438
132997,normal,752,0,1782360263.576268,0.001837015151977539
132998,normal,466,0,1782360263.5784705,0.0022025108337402344
132999,normal,1943,0,1782360263.580418,0.001947641372680664
133000,normal,2371,0,1782360263.5822842,0.0018661022186279297
133001,normal,2554,0,1782360263.5844636,0.002179384231567383
133002,normal,1022,2,1782360263.5864296,0.0019659996032714844
133003,normal,1975,0,1782360263.5882602,0.0018305778503417969
133004,normal,2795,0,1782360263.5904574,0.002197265625
133005,normal,3097,1,1782360263.5924225,0.001965045928955078
133006,normal,279,0,1782360263.5942657,0.0018432140350341797
133007,normal,881,2,1782360263.59646,0.0021944046020507812
133008,normal,463,0,1782360263.5984077,0.001947641372680664
133009,normal,778,2,1782360263.6002917,0.0018839836120605469
133010,normal,1495,0,1782360263.6024466,0.002154827117919922
133011,normal,1974,0,1782360263.604433,0.0019865036010742188
133012,normal,529,0,1782360263.6062639,0.0018308162689208984
133013,normal,789,2,1782360263.6084654,0.002201557159423828
133014,normal,1235,0,1782360263.610406,0.0019404888153076172
133015,normal,395,0,1782360263.6122894,0.0018835067749023438
133016,normal,376,0,1782360263.6144428,0.0021533966064453125
133017,normal,3179,1,1782360263.6164303,0.001987457275390625
133018,normal,3569,0,1782360263.6182644,0.0018341541290283203
133019,normal,3376,1,1782360263.6204526,0.0021882057189941406
133020,normal,265,0,1782360263.6224046,0.0019519329071044922
133021,normal,3071,1,1782360263.6242936,0.0018889904022216797
133022,normal,754,0,1782360263.626438,0.002144336700439453
133023,normal,65,0,1782360263.6284308,0.001992940902709961
133024,normal,1032,0,1782360263.6302612,0.0018303394317626953
133025,normal,3283,1,1782360263.632486,0.0022249221801757812
133026,normal,3635,0,1782360263.6344113,0.0019252300262451172
133027,normal,2474,0,1782360263.6362894,0.0018780231475830078
133028,normal,2755,0,1782360263.6383247,0.002035379409790039
133029,normal,1852,0,1782360263.640462,0.0021371841430664062
133030,normal,81,0,1782360263.6422613,0.0017993450164794922
133031,normal,1087,0,1782360263.6444533,0.0021920204162597656
133032,normal,1981,0,1782360263.6464095,0.0019562244415283203
133033,normal,3537,0,1782360263.6482842,0.001874685287475586
133034,normal,1821,0,1782360263.6504335,0.002149343490600586
133035,normal,3041,0,1782360263.6524336,0.002000093460083008
133036,normal,1409,0,1782360263.654242,0.0018084049224853516
133037,normal,1465,0,1782360263.6563945,0.0021524429321289062
133038,normal,874,2,1782360263.6583152,0.0019207000732421875
133039,normal,1249,0,1782360263.6607678,0.0024526119232177734
133040,normal,314,0,1782360263.6622784,0.0015106201171875
133041,normal,1359,1,1782360263.6643405,0.002062082290649414
133042,normal,1020,2,1782360263.6662705,0.0019299983978271484
133043,normal,712,0,1782360263.6684406,0.002170085906982422
133044,normal,1738,0,1782360263.6703582,0.0019176006317138672
133045,normal,2022,0,1782360263.6722953,0.0019371509552001953
133046,normal,1489,0,1782360263.6744292,0.0021338462829589844
133047,normal,487,0,1782360263.676321,0.0018918514251708984
133048,normal,3371,1,1782360263.6782732,0.0019521713256835938
133049,normal,2854,0,1782360263.6804447,0.0021715164184570312
133050,normal,3248,1,1782360263.6822438,0.0017991065979003906
133051,normal,2269,0,1782360263.6842926,0.0020487308502197266
133052,normal,1423,0,1782360263.6863787,0.002086162567138672
133053,normal,1927,0,1782360263.6884255,0.002046823501586914
133054,normal,833,2,1782360263.6902707,0.0018451213836669922
133055,normal,3332,1,1782360263.6924403,0.0021696090698242188
133056,normal,1003,2,1782360263.694245,0.0018048286437988281
133057,normal,445,0,1782360263.6962988,0.0020537376403808594
133058,normal,3405,0,1782360263.6984222,0.0021233558654785156
133059,normal,1088,0,1782360263.7003784,0.0019562244415283203
133060,normal,971,2,1782360263.7022667,0.001888275146484375
133061,normal,1804,0,1782360263.7044454,0.002178668975830078
133062,normal,260,0,1782360263.7063258,0.0018804073333740234
133063,normal,216,0,1782360263.7082672,0.0019414424896240234
133064,normal,888,2,1782360263.7105289,0.002261638641357422
133065,normal,3134,1,1782360263.7124252,0.0018963813781738281
133066,normal,3596,0,1782360263.7143161,0.0018908977508544922
133067,normal,3608,0,1782360263.7164476,0.0021314620971679688
133068,normal,1842,0,1782360263.7183297,0.0018820762634277344
133069,normal,975,2,1782360263.720403,0.0020732879638671875
133070,normal,2074,0,1782360263.7223606,0.0019576549530029297
133071,normal,564,0,1782360263.7244384,0.002077817916870117
133072,normal,3709,0,1782360263.7262905,0.0018520355224609375
133073,normal,1898,0,1782360263.7284462,0.002155780792236328
133074,normal,3540,0,1782360263.7304368,0.0019905567169189453
133075,normal,1528,0,1782360263.732266,0.0018291473388671875
133076,normal,3294,1,1782360263.7344487,0.0021827220916748047
133077,normal,2974,0,1782360263.7364104,0.0019617080688476562
133078,normal,2299,0,1782360263.7382958,0.0018854141235351562
133079,normal,921,2,1782360263.7404506,0.002154827117919922
133080,normal,936,2,1782360263.7424378,0.0019872188568115234
133081,normal,2094,0,1782360263.7442732,0.0018353462219238281
133082,normal,1343,1,1782360263.746444,0.0021708011627197266
133083,normal,1734,0,1782360263.7484388,0.0019948482513427734
133084,normal,1446,0,1782360263.7503126,0.0018737316131591797
133085,normal,2563,0,1782360263.7524507,0.0021381378173828125
133086,normal,2041,0,1782360263.7544353,0.0019845962524414062
133087,normal,2415,0,1782360263.7562659,0.0018305778503417969
133088,normal,488,0,1782360263.758447,0.0021810531616210938
133089,normal,3588,0,1782360263.7604094,0.001962423324584961
133090,normal,379,0,1782360263.7622993,0.001889944076538086
133091,normal,1962,0,1782360263.764455,0.002155780792236328
133092,normal,2711,0,1782360263.7664387,0.001983642578125
133093,normal,171,0,1782360263.7682815,0.0018427371978759766
133094,normal,1119,0,1782360263.770462,0.0021805763244628906
133095,normal,1311,0,1782360263.772412,0.0019500255584716797
133096,normal,1070,0,1782360263.7743018,0.0018897056579589844
133097,normal,1012,2,1782360263.7764497,0.0021479129791259766
133098,normal,3155,1,1782360263.7784379,0.0019881725311279297
133099,normal,1103,0,1782360263.7802694,0.0018315315246582031
133100,normal,2937,0,1782360263.7823436,0.0020742416381835938
133101,normal,294,0,1782360263.7844586,0.002115011215209961
133102,normal,892,2,1782360263.786297,0.0018384456634521484
133103,normal,2192,0,1782360263.7884653,0.0021681785583496094
133104,normal,3620,0,1782360263.7904413,0.00197601318359375
133105,normal,97,0,1782360263.7922668,0.001825571060180664
133106,normal,3636,0,1782360263.7944672,0.0022003650665283203
133107,normal,2212,0,1782360263.7964208,0.001953601837158203
133108,normal,329,0,1782360263.7982996,0.0018787384033203125
133109,normal,1136,0,1782360263.80045,0.0021505355834960938
133110,normal,3417,0,1782360263.8024368,0.0019867420196533203
133111,normal,1674,0,1782360263.804267,0.0018301010131835938
133112,normal,1519,0,1782360263.8064628,0.0021958351135253906
133113,normal,1024,2,1782360263.808396,0.0019333362579345703
133114,normal,3528,0,1782360263.8102605,0.0018644332885742188
133115,normal,3074,1,1782360263.8124528,0.002192258834838867
133116,normal,2401,0,1782360263.8143718,0.0019190311431884766
133117,normal,3063,1,1782360263.8162572,0.0018854141235351562
133118,normal,3685,0,1782360263.8184667,0.0022094249725341797
133119,normal,298,0,1782360263.8204906,0.002023935317993164
133120,normal,1708,0,1782360263.8228552,0.002364635467529297
133121,normal,2093,0,1782360263.8243165,0.0014612674713134766
133122,normal,3167,1,1782360263.8266423,0.002325773239135742
133123,normal,3001,0,1782360263.828312,0.0016696453094482422
133124,normal,2505,0,1782360263.8303385,0.0020265579223632812
133125,normal,2461,0,1782360263.8325891,0.00225067138671875
133126,normal,3365,1,1782360263.8343606,0.0017714500427246094
133127,normal,1427,0,1782360263.8364093,0.0020487308502197266
133128,normal,2531,0,1782360263.8384867,0.002077341079711914
133129,normal,1592,0,1782360263.8403287,0.0018420219421386719
133130,normal,3458,0,1782360263.8426116,0.002282857894897461
133131,normal,2356,0,1782360263.8443375,0.001725912094116211
133132,normal,2179,0,1782360263.8468306,0.002493143081665039
133133,normal,649,0,1782360263.848311,0.0014803409576416016
133134,normal,589,0,1782360263.8506234,0.0023124217987060547
133135,normal,1684,0,1782360263.8525715,0.0019481182098388672
133136,normal,2332,0,1782360263.8543468,0.0017752647399902344
133137,normal,727,0,1782360263.8565948,0.002248048782348633
133138,normal,738,0,1782360263.8583903,0.0017955303192138672
133139,normal,1644,0,1782360263.8604121,0.00202178955078125
133140,normal,1154,0,1782360263.8624916,0.002079486846923828
133141,normal,2593,0,1782360263.8643217,0.0018301010131835938
133142,normal,2496,0,1782360263.8666306,0.0023088455200195312
133143,normal,404,0,1782360263.8683455,0.001714944839477539
133144,normal,1885,0,1782360263.8708317,0.0024862289428710938
133145,normal,2456,0,1782360263.8723135,0.001481771469116211
133146,normal,1050,0,1782360263.8746157,0.0023021697998046875
133147,normal,3305,1,1782360263.8763306,0.001714944839477539
133148,normal,3082,1,1782360263.8782794,0.0019488334655761719
133149,normal,1877,0,1782360263.8806257,0.0023462772369384766
133150,normal,2367,0,1782360263.8822868,0.001661062240600586
133151,normal,2879,0,1782360263.8844166,0.002129793167114258
133152,normal,1751,0,1782360263.8864214,0.002004861831665039
133153,normal,2156,0,1782360263.8882377,0.0018162727355957031
133154,normal,1543,0,1782360263.8904452,0.002207517623901367
133155,normal,2614,0,1782360263.892403,0.0019576549530029297
133156,normal,2574,0,1782360263.894262,0.0018591880798339844
133157,normal,280,0,1782360263.896376,0.002113819122314453
133158,normal,555,0,1782360263.8984535,0.0020775794982910156
133159,normal,3628,0,1782360263.9003088,0.0018553733825683594
133160,normal,3210,1,1782360263.9025855,0.0022766590118408203
133161,normal,2497,0,1782360263.9044602,0.001874685287475586
133162,normal,413,0,1782360263.9063852,0.0019249916076660156
133163,normal,753,0,1782360263.9084492,0.0020639896392822266
133164,normal,3073,1,1782360263.910464,0.0020148754119873047
133165,normal,2390,0,1782360263.912452,0.001987934112548828
133166,normal,786,2,1782360263.9144409,0.0019888877868652344
133167,normal,3361,1,1782360263.916451,0.0020101070404052734
133168,normal,1871,0,1782360263.9183474,0.0018963813781738281
133169,normal,2668,0,1782360263.9204383,0.002090930938720703
133170,normal,658,0,1782360263.9225972,0.0021588802337646484
133171,normal,2569,0,1782360263.9243095,0.0017123222351074219
133172,normal,2334,0,1782360263.9263368,0.002027273178100586
133173,normal,306,0,1782360263.9285731,0.0022363662719726562
133174,normal,1030,0,1782360263.9303358,0.0017626285552978516
133175,normal,1931,0,1782360263.9324412,0.0021054744720458984
133176,normal,1530,0,1782360263.9345982,0.002156972885131836
133177,normal,1646,0,1782360263.9363132,0.001714944839477539
133178,normal,696,0,1782360263.9384649,0.0021517276763916016
133179,normal,960,2,1782360263.940449,0.001984119415283203
133180,normal,2820,0,1782360263.9423397,0.0018906593322753906
133181,normal,3583,0,1782360263.9444544,0.0021147727966308594
133182,normal,1689,0,1782360263.946469,0.002014636993408203
133183,normal,3448,0,1782360263.9483073,0.0018382072448730469
133184,normal,340,0,1782360263.9504611,0.0021538734436035156
133185,normal,2640,0,1782360263.952472,0.002010822296142578
133186,normal,1395,0,1782360263.9543092,0.0018372535705566406
133187,normal,2378,0,1782360263.9565895,0.0022802352905273438
133188,normal,2670,0,1782360263.9584627,0.0018732547760009766
133189,normal,1147,0,1782360263.9603176,0.0018548965454101562
133190,normal,602,0,1782360263.9625611,0.002243518829345703
133191,normal,271,0,1782360263.9644582,0.0018970966339111328
133192,normal,620,0,1782360263.9663079,0.0018496513366699219
133193,normal,2873,0,1782360263.9686124,0.002304553985595703
133194,normal,743,0,1782360263.9704254,0.0018129348754882812
133195,normal,1118,0,1782360263.9722474,0.0018219947814941406
133196,normal,1335,1,1782360263.9746075,0.002360105514526367
133197,normal,821,2,1782360263.9764247,0.0018172264099121094
133198,normal,2624,0,1782360263.9782572,0.0018324851989746094
133199,normal,2211,0,1782360263.9805212,0.0022640228271484375
133200,normal,988,2,1782360263.9824076,0.0018863677978515625
133201,normal,2664,0,1782360263.9842973,0.0018897056579589844
133202,normal,1064,0,1782360263.9864378,0.002140522003173828
133203,normal,2408,0,1782360263.9884233,0.0019855499267578125
133204,normal,485,0,1782360263.9902487,0.0018253326416015625
133205,normal,2835,0,1782360263.9924252,0.002176523208618164
133206,normal,1955,0,1782360263.99442,0.0019948482513427734
133207,normal,3159,1,1782360263.9962745,0.0018544197082519531
133208,normal,2759,0,1782360263.9984393,0.0021648406982421875
133209,normal,3196,1,1782360264.0004282,0.0019888877868652344
133210,normal,1034,0,1782360264.0022473,0.0018191337585449219
133211,normal,1713,0,1782360264.004432,0.002184629440307617
133212,normal,2282,0,1782360264.006446,0.0020139217376708984
133213,normal,2098,0,1782360264.0082853,0.0018393993377685547
133214,normal,3659,0,1782360264.0104384,0.002153158187866211
133215,normal,1729,0,1782360264.0124633,0.0020248889923095703
133216,normal,3330,1,1782360264.0142357,0.0017724037170410156
133217,normal,3333,1,1782360264.0164053,0.0021696090698242188
133218,normal,2428,0,1782360264.0183492,0.001943826675415039
133219,normal,2993,0,1782360264.0203316,0.001982450485229492
133220,normal,1716,0,1782360264.0224748,0.0021431446075439453
133221,normal,697,0,1782360264.0246015,0.0021266937255859375
133222,normal,2589,0,1782360264.0263076,0.0017061233520507812
133223,normal,1909,0,1782360264.0285823,0.002274751663208008
133224,normal,2233,0,1782360264.0304563,0.0018739700317382812
133225,normal,657,0,1782360264.0329134,0.002457141876220703
133226,normal,2488,0,1782360264.0344555,0.0015420913696289062
133227,normal,3579,0,1782360264.0364432,0.0019876956939697266
133228,normal,1620,0,1782360264.0383375,0.001894235610961914
133229,normal,2581,0,1782360264.0404427,0.002105236053466797
133230,normal,1584,0,1782360264.0424705,0.002027750015258789
133231,normal,2167,0,1782360264.044458,0.001987457275390625
133232,normal,3447,0,1782360264.0464625,0.0020046234130859375
133233,normal,740,0,1782360264.0484474,0.001984834671020508
133234,normal,2948,0,1782360264.0504842,0.0020368099212646484
133235,normal,149,0,1782360264.0524204,0.001936197280883789
133236,normal,3463,0,1782360264.0545936,0.002173185348510742
133237,normal,2653,0,1782360264.0564826,0.0018889904022216797
133238,normal,3366,1,1782360264.0586162,0.002133607864379883
133239,normal,22,0,1782360264.060626,0.002009868621826172
133240,normal,1066,0,1782360264.0627706,0.0021445751190185547
133241,normal,1384,0,1782360264.0647697,0.0019991397857666016
133242,normal,1268,0,1782360264.0666041,0.0018343925476074219
133243,normal,77,0,1782360264.068515,0.0019109249114990234
133244,normal,2460,0,1782360264.071071,0.00255584716796875
133245,normal,1403,0,1782360264.0728765,0.0018055438995361328
133246,normal,2324,0,1782360264.07453,0.001653432846069336
133247,normal,403,0,1782360264.0771708,0.002640962600708008
133248,normal,2763,0,1782360264.0792148,0.0020439624786376953
133249,normal,2126,0,1782360264.0808277,0.0016129016876220703
133250,normal,1906,0,1782360264.0827076,0.0018799304962158203
133251,normal,514,0,1782360264.0844822,0.0017745494842529297
133252,normal,337,0,1782360264.0865638,0.002081632614135742
133253,normal,941,2,1782360264.088813,0.0022492408752441406
133254,normal,1549,0,1782360264.090471,0.0016579627990722656
133255,normal,3040,0,1782360264.0926075,0.0021364688873291016
133256,normal,2783,0,1782360264.0946107,0.002003192901611328
133257,normal,1240,0,1782360264.0966003,0.001989603042602539
133258,normal,264,0,1782360264.0988173,0.0022170543670654297
133259,normal,1784,0,1782360264.1007833,0.0019659996032714844
133260,normal,3367,1,1782360264.1026442,0.0018608570098876953
133261,normal,3067,1,1782360264.1044872,0.0018429756164550781
133262,normal,2932,0,1782360264.106604,0.0021169185638427734
133263,normal,3523,0,1782360264.10933,0.002725839614868164
133264,normal,2348,0,1782360264.110367,0.0010371208190917969
133265,normal,2878,0,1782360264.1126878,0.0023207664489746094
133266,normal,632,0,1782360264.1144478,0.0017600059509277344
133267,normal,3409,0,1782360264.1163077,0.001859903335571289
133268,normal,3092,1,1782360264.1185935,0.0022857189178466797
133269,normal,3369,1,1782360264.1204586,0.0018651485443115234
133270,normal,2896,0,1782360264.122473,0.0020143985748291016
133271,normal,1957,0,1782360264.1244392,0.001966238021850586
133272,normal,3235,1,1782360264.1264646,0.0020253658294677734
133273,normal,1475,0,1782360264.1284769,0.0020122528076171875
133274,normal,2769,0,1782360264.130468,0.0019910335540771484
133275,normal,2971,0,1782360264.132424,0.0019562244415283203
133276,normal,1028,2,1782360264.1343396,0.0019154548645019531
133277,normal,2275,0,1782360264.1364214,0.0020818710327148438
133278,normal,785,2,1782360264.138563,0.0021414756774902344
133279,normal,1354,1,1782360264.140315,0.0017521381378173828
133280,normal,838,2,1782360264.1423066,0.0019915103912353516
133281,normal,2307,0,1782360264.1445253,0.0022187232971191406
133282,normal,1178,0,1782360264.1463368,0.0018115043640136719
133283,normal,408,0,1782360264.1484177,0.0020809173583984375
133284,normal,3249,1,1782360264.1505437,0.002125978469848633
133285,normal,2176,0,1782360264.1523094,0.0017657279968261719
133286,normal,1401,0,1782360264.1544414,0.002131938934326172
133287,normal,1089,0,1782360264.1564426,0.0020012855529785156
133288,normal,2451,0,1782360264.1585007,0.0020580291748046875
133289,normal,2482,0,1782360264.160433,0.001932382583618164
133290,normal,2730,0,1782360264.1625547,0.0021216869354248047
133291,normal,1811,0,1782360264.1643124,0.0017576217651367188
133292,normal,628,0,1782360264.1664386,0.0021262168884277344
133293,normal,1041,0,1782360264.1684275,0.0019888877868652344
133294,normal,1009,2,1782360264.1707625,0.002335071563720703
133295,normal,401,0,1782360264.1728787,0.0021162033081054688
133296,normal,3504,0,1782360264.17461,0.0017311573028564453
133297,normal,1874,0,1782360264.1768131,0.002203226089477539
133298,normal,1109,0,1782360264.1786087,0.0017955303192138672
133299,normal,3023,0,1782360264.1804414,0.001832723617553711
133300,normal,3683,0,1782360264.1828845,0.002443075180053711
133301,normal,650,0,1782360264.1853657,0.002481222152709961
133302,normal,2092,0,1782360264.1864245,0.001058816909790039
133303,normal,2870,0,1782360264.1887498,0.002325296401977539
133304,normal,1907,0,1782360264.1910963,0.002346515655517578
133305,normal,1113,0,1782360264.1926553,0.0015590190887451172
133306,normal,1156,0,1782360264.1944954,0.0018401145935058594
133307,normal,3406,0,1782360264.1964433,0.0019478797912597656
133308,normal,569,0,1782360264.1984415,0.0019981861114501953
133309,normal,2951,0,1782360264.200764,0.0023224353790283203
133310,normal,2957,0,1782360264.2030587,0.002294778823852539
133311,normal,124,0,1782360264.2046497,0.0015909671783447266
133312,normal,3536,0,1782360264.2064674,0.0018177032470703125
133313,normal,2840,0,1782360264.2084563,0.0019888877868652344
133314,normal,3051,1,1782360264.2105052,0.002048969268798828
133315,normal,3121,1,1782360264.212598,0.0020928382873535156
133316,normal,3479,0,1782360264.215098,0.002499818801879883
133317,normal,826,2,1782360264.2166853,0.0015873908996582031
133318,normal,1120,0,1782360264.2185888,0.001903533935546875
133319,normal,1838,0,1782360264.220485,0.0018961429595947266
133320,normal,1951,0,1782360264.2224736,0.001988649368286133
133321,normal,3416,0,1782360264.224568,0.002094268798828125
133322,normal,203,0,1782360264.2271059,0.002537965774536133
133323,normal,1257,0,1782360264.2292564,0.0021505355834960938
133324,normal,19,0,1782360264.2303193,0.0010628700256347656
133325,normal,2642,0,1782360264.2332613,0.0029420852661132812
133326,normal,1318,0,1782360264.234314,0.0010526180267333984
133327,normal,1726,0,1782360264.2364326,0.0021185874938964844
133328,normal,174,0,1782360264.2388022,0.0023696422576904297
133329,normal,1362,1,1782360264.2405005,0.0016982555389404297
133330,normal,1025,2,1782360264.2425518,0.0020513534545898438
133331,normal,389,0,1782360264.2443168,0.0017650127410888672
133332,normal,2700,0,1782360264.2466097,0.0022928714752197266
133333,normal,3539,0,1782360264.2483084,0.0016987323760986328
133334,normal,472,0,1782360264.2504272,0.002118825912475586
133335,normal,483,0,1782360264.2524889,0.002061605453491211
133336,normal,2263,0,1782360264.2543058,0.0018169879913330078
133337,normal,523,0,1782360264.2566247,0.002318859100341797
133338,normal,1756,0,1782360264.2583363,0.0017116069793701172
133339,normal,1486,0,1782360264.2603855,0.0020492076873779297
133340,normal,2181,0,1782360264.2630014,0.0026159286499023438
133341,normal,1795,0,1782360264.2643294,0.0013279914855957031
133342,normal,2315,0,1782360264.266339,0.0020096302032470703
133343,normal,1773,0,1782360264.2683241,0.0019850730895996094
133344,normal,1986,0,1782360264.270608,0.002283811569213867
133345,normal,1953,0,1782360264.2723582,0.0017502307891845703
133346,normal,1593,0,1782360264.2746248,0.0022666454315185547
133347,normal,3046,1,1782360264.2763455,0.0017206668853759766
133348,normal,2419,0,1782360264.2786138,0.0022683143615722656
133349,normal,2753,0,1782360264.2803097,0.001695871353149414
133350,normal,346,0,1782360264.2825937,0.0022840499877929688
133351,normal,2827,0,1782360264.28431,0.0017163753509521484
133352,normal,282,0,1782360264.2865925,0.002282381057739258
133353,normal,1538,0,1782360264.2883465,0.0017540454864501953
133354,normal,98,0,1782360264.2910755,0.0027289390563964844
133355,normal,3094,1,1782360264.2923176,0.0012421607971191406
133356,normal,3491,0,1782360264.2945006,0.0021829605102539062
133357,normal,2816,0,1782360264.296332,0.0018312931060791016
133358,normal,906,2,1782360264.2985885,0.002256631851196289
133359,normal,1740,0,1782360264.3003612,0.0017726421356201172
133360,normal,1860,0,1782360264.3028224,0.0024611949920654297
133361,normal,3427,0,1782360264.3043032,0.0014808177947998047
133362,normal,1247,0,1782360264.306868,0.0025649070739746094
133363,normal,2688,0,1782360264.3083167,0.0014486312866210938
133364,normal,2433,0,1782360264.3104794,0.0021626949310302734
133365,normal,587,0,1782360264.3124166,0.0019371509552001953
133366,normal,357,0,1782360264.3145099,0.0020933151245117188
133367,normal,2792,0,1782360264.316308,0.0017981529235839844
133368,normal,1792,0,1782360264.3188317,0.002523660659790039
133369,normal,2724,0,1782360264.3204017,0.001569986343383789
133370,normal,2140,0,1782360264.3224022,0.002000570297241211
133371,normal,3425,0,1782360264.324504,0.0021016597747802734
133372,normal,843,2,1782360264.3263402,0.0018362998962402344
133373,normal,1280,0,1782360264.3284204,0.002080202102661133
133374,normal,2065,0,1782360264.330455,0.0020346641540527344
133375,normal,2678,0,1782360264.332268,0.0018129348754882812
133376,normal,2116,0,1782360264.3345785,0.002310514450073242
133377,normal,3669,0,1782360264.3362532,0.001674652099609375
133378,normal,385,0,1782360264.3382936,0.002040386199951172
133379,normal,2815,0,1782360264.3403192,0.002025604248046875
133380,normal,17,0,1782360264.3424327,0.0021135807037353516
133381,normal,991,2,1782360264.3442726,0.0018398761749267578
133382,normal,1782,0,1782360264.346465,0.0021924972534179688
133383,normal,1755,0,1782360264.3484902,0.002025127410888672
133384,normal,2698,0,1782360264.3503008,0.0018105506896972656
133385,normal,820,2,1782360264.3522696,0.001968860626220703
133386,normal,1163,0,1782360264.35424,0.0019702911376953125
133387,normal,3651,0,1782360264.356196,0.0019559860229492188
133388,normal,3245,1,1782360264.3582375,0.0020415782928466797
133389,normal,699,0,1782360264.3604214,0.0021839141845703125
133390,normal,1661,0,1782360264.3622427,0.001821279525756836
133391,normal,3015,0,1782360264.3644207,0.0021779537200927734
133392,normal,222,0,1782360264.3662527,0.0018320083618164062
133393,normal,2917,0,1782360264.3683996,0.0021469593048095703
133394,normal,272,0,1782360264.3702338,0.0018341541290283203
133395,normal,399,0,1782360264.3724198,0.0021860599517822266
133396,normal,585,0,1782360264.374241,0.001821279525756836
133397,normal,220,0,1782360264.3764188,0.002177715301513672
133398,normal,942,2,1782360264.378257,0.0018382072448730469
133399,normal,3381,1,1782360264.3804193,0.0021622180938720703
133400,normal,3106,1,1782360264.382233,0.001813650131225586
133401,normal,3322,1,1782360264.3844168,0.0021839141845703125
133402,normal,882,2,1782360264.3862388,0.0018219947814941406
133403,normal,3291,1,1782360264.3884199,0.0021810531616210938
133404,normal,2766,0,1782360264.3902316,0.0018117427825927734
133405,normal,3455,0,1782360264.392399,0.0021674633026123047
133406,normal,3302,1,1782360264.3942354,0.0018362998962402344
133407,normal,196,0,1782360264.396413,0.002177715301513672
133408,normal,1736,0,1782360264.3982384,0.0018253326416015625
133409,normal,1058,0,1782360264.4004188,0.002180337905883789
133410,normal,870,2,1782360264.4022377,0.0018188953399658203
133411,normal,3645,0,1782360264.4043992,0.0021615028381347656
133412,normal,58,0,1782360264.4062352,0.0018360614776611328
133413,normal,2866,0,1782360264.4084013,0.0021660327911376953
133414,normal,876,2,1782360264.4102588,0.0018575191497802734
133415,normal,2536,0,1782360264.4124339,0.0021750926971435547
133416,normal,3445,0,1782360264.4142404,0.001806497573852539
133417,normal,796,2,1782360264.4164066,0.002166271209716797
133418,normal,252,0,1782360264.4182343,0.0018277168273925781
133419,normal,3433,0,1782360264.420448,0.002213716506958008
133420,normal,1577,0,1782360264.4222395,0.0017914772033691406
133421,normal,2259,0,1782360264.4244142,0.0021746158599853516
133422,normal,715,0,1782360264.4262352,0.0018210411071777344
133423,normal,240,0,1782360264.4283957,0.0021605491638183594
133424,normal,1686,0,1782360264.430231,0.0018353462219238281
133425,normal,250,0,1782360264.4324124,0.0021812915802001953
133426,normal,2132,0,1782360264.4342382,0.0018258094787597656
133427,normal,3056,1,1782360264.4364257,0.002187490463256836
133428,normal,2802,0,1782360264.4382324,0.0018067359924316406
133429,normal,1915,0,1782360264.4403987,0.002166271209716797
133430,normal,2154,0,1782360264.442232,0.001833200454711914
133431,normal,822,2,1782360264.4444146,0.0021827220916748047
133432,normal,1597,0,1782360264.446239,0.0018243789672851562
133433,normal,237,0,1782360264.448417,0.0021779537200927734
133434,normal,187,0,1782360264.4502397,0.0018227100372314453
133435,normal,1911,0,1782360264.4524088,0.0021691322326660156
133436,normal,1251,0,1782360264.4542327,0.0018239021301269531
133437,normal,3574,0,1782360264.4564116,0.0021789073944091797
133438,normal,2399,0,1782360264.4582396,0.0018279552459716797
133439,normal,756,0,1782360264.4604144,0.002174854278564453
133440,normal,1097,0,1782360264.4622388,0.0018243789672851562
133441,normal,1691,0,1782360264.4643962,0.002157449722290039
133442,normal,2999,0,1782360264.4662313,0.0018351078033447266
133443,normal,2566,0,1782360264.4684122,0.002180814743041992
133444,normal,2423,0,1782360264.4702404,0.0018281936645507812
133445,normal,1583,0,1782360264.472419,0.002178668975830078
133446,normal,338,0,1782360264.4742455,0.0018265247344970703
133447,normal,2647,0,1782360264.4763997,0.002154111862182617
133448,normal,1916,0,1782360264.4782422,0.001842498779296875
133449,normal,3570,0,1782360264.480414,0.002171754837036133
133450,normal,2431,0,1782360264.482239,0.001825094223022461
133451,normal,2981,0,1782360264.4844232,0.002184152603149414
133452,normal,3443,0,1782360264.4862502,0.0018270015716552734
133453,normal,755,0,1782360264.488397,0.0021467208862304688
133454,normal,3327,1,1782360264.4902472,0.0018503665924072266
133455,normal,48,0,1782360264.4924142,0.0021669864654541016
133456,normal,732,0,1782360264.49424,0.0018258094787597656
133457,normal,2384,0,1782360264.4964197,0.0021796226501464844
133458,normal,1799,0,1782360264.4982405,0.0018208026885986328
133459,normal,3104,1,1782360264.5003967,0.0021562576293945312
133460,normal,1721,0,1782360264.5022354,0.00183868408203125
133461,normal,3338,1,1782360264.5044153,0.002179861068725586
133462,normal,777,2,1782360264.5062387,0.00182342529296875
133463,normal,3227,1,1782360264.5084193,0.0021805763244628906
133464,normal,554,0,1782360264.510231,0.0018117427825927734
133465,normal,2165,0,1782360264.5123966,0.002165555953979492
133466,normal,1529,0,1782360264.5142312,0.0018346309661865234
133467,normal,2061,0,1782360264.5164158,0.002184629440307617
133468,normal,1181,0,1782360264.5182383,0.0018224716186523438
133469,normal,1758,0,1782360264.520239,0.0020008087158203125
133470,normal,304,0,1782360264.5224295,0.0021903514862060547
133471,normal,584,0,1782360264.5242383,0.0018088817596435547
133472,normal,2523,0,1782360264.526414,0.002175569534301758
133473,normal,3567,0,1782360264.5282438,0.0018298625946044922
133474,normal,1875,0,1782360264.5303986,0.002154827117919922
133475,normal,1805,0,1782360264.5322268,0.0018281936645507812
133476,normal,1787,0,1782360264.534417,0.002190113067626953
133477,normal,813,2,1782360264.5362375,0.0018205642700195312
133478,normal,751,0,1782360264.538405,0.0021674633026123047
133479,normal,3415,0,1782360264.5402288,0.0018239021301269531
133480,normal,1891,0,1782360264.542392,0.0021631717681884766
133481,normal,1966,0,1782360264.5442264,0.0018343925476074219
133482,normal,931,2,1782360264.5464091,0.0021827220916748047
133483,normal,1106,0,1782360264.5482337,0.0018246173858642578
133484,normal,647,0,1782360264.550229,0.0019953250885009766
133485,normal,1295,0,1782360264.5524106,0.002181529998779297
133486,normal,2586,0,1782360264.5542378,0.001827239990234375
133487,normal,837,2,1782360264.5564067,0.002168893814086914
133488,normal,1164,0,1782360264.5582445,0.0018377304077148438
133489,normal,3495,0,1782360264.5603893,0.0021448135375976562
133490,normal,1743,0,1782360264.5622303,0.0018410682678222656
133491,normal,3274,1,1782360264.5644107,0.002180337905883789
133492,normal,3382,1,1782360264.566237,0.0018262863159179688
133493,normal,3535,0,1782360264.5682366,0.0019996166229248047
133494,normal,1727,0,1782360264.5704095,0.0021729469299316406
133495,normal,2214,0,1782360264.572236,0.0018265247344970703
133496,normal,1429,0,1782360264.5744047,0.0021686553955078125
133497,normal,2506,0,1782360264.5762355,0.0018308162689208984
133498,normal,1473,0,1782360264.5783918,0.0021562576293945312
133499,normal,2718,0,1782360264.58023,0.0018382072448730469
133500,normal,1581,0,1782360264.5822306,0.002000570297241211
133501,normal,2980,0,1782360264.5842369,0.0020062923431396484
133502,normal,446,0,1782360264.5864165,0.0021796226501464844
133503,normal,3323,1,1782360264.5882277,0.0018112659454345703
133504,normal,3238,1,1782360264.590389,0.002161264419555664
133505,normal,210,0,1782360264.5922337,0.001844644546508789
133506,normal,20,0,1782360264.5944097,0.002176046371459961
133507,normal,1453,0,1782360264.5962346,0.0018248558044433594
133508,normal,2810,0,1782360264.5982292,0.001994609832763672
133509,normal,2146,0,1782360264.6004076,0.0021784305572509766
133510,normal,2787,0,1782360264.6022375,0.0018298625946044922
133511,normal,80,0,1782360264.6044185,0.0021810531616210938
133512,normal,1425,0,1782360264.6062424,0.0018239021301269531
133513,normal,808,2,1782360264.6083894,0.0021469593048095703
133514,normal,1079,0,1782360264.610227,0.0018377304077148438
133515,normal,1746,0,1782360264.6124141,0.002187013626098633
133516,normal,1248,0,1782360264.614237,0.0018229484558105469
133517,normal,2969,0,1782360264.616412,0.002174854278564453
133518,normal,660,0,1782360264.6182349,0.0018229484558105469
133519,normal,2734,0,1782360264.6203907,0.002155780792236328
133520,normal,575,0,1782360264.6222298,0.0018391609191894531
133521,normal,327,0,1782360264.6244104,0.0021805763244628906
133522,normal,428,0,1782360264.6262357,0.0018253326416015625
133523,normal,1361,1,1782360264.6284106,0.002174854278564453
133524,normal,3303,1,1782360264.6302366,0.0018260478973388672
133525,normal,1040,0,1782360264.6323898,0.002153158187866211
133526,normal,163,0,1782360264.6342313,0.0018415451049804688
133527,normal,1143,0,1782360264.6364079,0.002176523208618164
133528,normal,38,0,1782360264.6382349,0.0018270015716552734
133529,normal,511,0,1782360264.6404102,0.0021753311157226562
133530,normal,2133,0,1782360264.6424294,0.002019166946411133
133531,normal,617,0,1782360264.6442378,0.0018084049224853516
133532,normal,1387,0,1782360264.646242,0.0020041465759277344
133533,normal,846,2,1782360264.6484084,0.0021665096282958984
133534,normal,1483,0,1782360264.6502378,0.001829385757446289
133535,normal,1174,0,1782360264.652432,0.0021941661834716797
133536,normal,845,2,1782360264.6542284,0.0017964839935302734
133537,normal,3450,0,1782360264.6563911,0.0021626949310302734
133538,normal,3140,1,1782360264.6582294,0.0018382072448730469
133539,normal,3440,0,1782360264.660409,0.0021796226501464844
133540,normal,565,0,1782360264.6622367,0.0018277168273925781
133541,normal,2406,0,1782360264.6644075,0.0021708011627197266
133542,normal,3585,0,1782360264.6662438,0.0018362998962402344
133543,normal,162,0,1782360264.6682353,0.0019915103912353516
133544,normal,3482,0,1782360264.6704123,0.002177000045776367
133545,normal,1827,0,1782360264.6722367,0.0018243789672851562
133546,normal,2289,0,1782360264.6743906,0.0021538734436035156
133547,normal,362,0,1782360264.6762297,0.0018391609191894531
133548,normal,3563,0,1782360264.6784103,0.0021805763244628906
133549,normal,934,2,1782360264.6802373,0.0018270015716552734
133550,normal,1330,1,1782360264.6823885,0.0021512508392333984
133551,normal,2222,0,1782360264.6843925,0.002003908157348633
133552,normal,2066,0,1782360264.6862812,0.0018887519836425781
133553,normal,3255,1,1782360264.6882286,0.0019474029541015625
133554,normal,1688,0,1782360264.6904106,0.0021820068359375
133555,normal,3300,1,1782360264.6922371,0.0018265247344970703
133556,normal,1941,0,1782360264.6942298,0.0019927024841308594
133557,normal,1102,0,1782360264.6964116,0.0021817684173583984
133558,normal,2173,0,1782360264.6982353,0.0018236637115478516
133559,normal,3240,1,1782360264.7004135,0.002178192138671875
133560,normal,1342,1,1782360264.7024126,0.0019991397857666016
133561,normal,3105,1,1782360264.704237,0.0018243789672851562
133562,normal,3032,0,1782360264.7064123,0.0021753311157226562
133563,normal,1653,0,1782360264.7084212,0.0020089149475097656
133564,normal,1876,0,1782360264.710237,0.0018157958984375
133565,normal,1127,0,1782360264.712413,0.002176046371459961
133566,normal,3158,1,1782360264.7144227,0.0020096302032470703
133567,normal,1493,0,1782360264.7162373,0.0018146038055419922
133568,normal,2440,0,1782360264.718411,0.0021736621856689453
133569,normal,2771,0,1782360264.7202265,0.0018155574798583984
133570,normal,3648,0,1782360264.7223916,0.002165079116821289
133571,normal,704,0,1782360264.724235,0.0018434524536132812
133572,normal,1317,0,1782360264.7264102,0.0021750926971435547
133573,normal,2650,0,1782360264.7282364,0.0018262863159179688
133574,normal,2205,0,1782360264.7304122,0.0021758079528808594
133575,normal,844,2,1782360264.7322555,0.0018432140350341797
133576,normal,1892,0,1782360264.7343946,0.0021390914916992188
133577,normal,3065,1,1782360264.7362309,0.0018362998962402344
133578,normal,2008,0,1782360264.7384126,0.0021817684173583984
133579,normal,1759,0,1782360264.7402356,0.0018229484558105469
133580,normal,3244,1,1782360264.7424102,0.0021746158599853516
133581,normal,1655,0,1782360264.7442493,0.0018391609191894531
133582,normal,311,0,1782360264.7463865,0.0021371841430664062
133583,normal,1948,0,1782360264.7482293,0.0018427371978759766
133584,normal,1525,0,1782360264.7504065,0.0021772384643554688
133585,normal,2898,0,1782360264.7522366,0.0018301010131835938
133586,normal,231,0,1782360264.7544045,0.002167940139770508
133587,normal,3646,0,1782360264.7564094,0.002004861831665039
133588,normal,3099,1,1782360264.7582362,0.0018267631530761719
133589,normal,3035,0,1782360264.7604098,0.0021736621856689453
133590,normal,2895,0,1782360264.7622564,0.0018465518951416016
133591,normal,1733,0,1782360264.7643666,0.0021102428436279297
133592,normal,2915,0,1782360264.7662282,0.001861572265625
133593,normal,1085,0,1782360264.7684262,0.0021979808807373047
133594,normal,1970,0,1782360264.7702343,0.00180816650390625
133595,normal,3326,1,1782360264.7724128,0.0021784305572509766
133596,normal,2351,0,1782360264.7742276,0.0018148422241210938
133597,normal,590,0,1782360264.7763915,0.0021638870239257812
133598,normal,349,0,1782360264.778229,0.0018374919891357422
133599,normal,506,0,1782360264.7804115,0.002182483673095703
133600,normal,3619,0,1782360264.782269,0.0018575191497802734
133601,normal,388,0,1782360264.7842288,0.0019598007202148438
133602,normal,3102,1,1782360264.7864082,0.002179384231567383
133603,normal,2047,0,1782360264.7882383,0.0018301010131835938
133604,normal,1628,0,1782360264.7902267,0.0019884109497070312
133605,normal,1841,0,1782360264.7924075,0.002180814743041992
133606,normal,57,0,1782360264.794245,0.0018374919891357422
133607,normal,601,0,1782360264.7964067,0.002161741256713867
133608,normal,3258,1,1782360264.79842,0.0020132064819335938
133609,normal,1297,0,1782360264.8002357,0.0018157958984375
133610,normal,262,0,1782360264.8024075,0.002171754837036133
133611,normal,861,2,1782360264.804423,0.0020155906677246094
133612,normal,2030,0,1782360264.80624,0.0018169879913330078
133613,normal,1550,0,1782360264.8084035,0.002163410186767578
133614,normal,2363,0,1782360264.8102288,0.0018253326416015625
133615,normal,1482,0,1782360264.8122354,0.00200653076171875
133616,normal,2186,0,1782360264.8144069,0.0021715164184570312
133617,normal,3225,1,1782360264.8164184,0.002011537551879883
133618,normal,2450,0,1782360264.8182356,0.0018172264099121094
133619,normal,3267,1,1782360264.820231,0.0019953250885009766
133620,normal,2845,0,1782360264.8224108,0.002179861068725586
133621,normal,1912,0,1782360264.824235,0.0018241405487060547
133622,normal,3007,0,1782360264.8264327,0.002197742462158203
133623,normal,2400,0,1782360264.828237,0.001804351806640625
133624,normal,3444,0,1782360264.8303888,0.0021517276763916016
133625,normal,1320,1,1782360264.8322291,0.001840353012084961
133626,normal,897,2,1782360264.8344085,0.002179384231567383
133627,normal,1850,0,1782360264.8362367,0.0018281936645507812
133628,normal,3292,1,1782360264.8384097,0.0021729469299316406
133629,normal,3490,0,1782360264.840434,0.002024412155151367
133630,normal,3343,1,1782360264.842236,0.0018019676208496094
133631,normal,464,0,1782360264.8444135,0.0021774768829345703
133632,normal,2097,0,1782360264.8462346,0.0018210411071777344
133633,normal,1476,0,1782360264.8483908,0.0021562576293945312
133634,normal,1865,0,1782360264.850228,0.0018372535705566406
133635,normal,172,0,1782360264.8524106,0.002182483673095703
133636,normal,2104,0,1782360264.854235,0.0018243789672851562
133637,normal,2296,0,1782360264.8564131,0.002178192138671875
133638,normal,747,0,1782360264.8584375,0.002024412155151367
133639,normal,966,2,1782360264.8602476,0.0018100738525390625
133640,normal,3686,0,1782360264.8624156,0.002167940139770508
133641,normal,729,0,1782360264.8644145,0.0019989013671875
133642,normal,902,2,1782360264.8662722,0.001857757568359375
133643,normal,612,0,1782360264.8684325,0.002160310745239258
133644,normal,2977,0,1782360264.8702598,0.001827239990234375
133645,normal,3024,0,1782360264.8724067,0.0021469593048095703
133646,normal,2930,0,1782360264.8742523,0.0018455982208251953
133647,normal,3543,0,1782360264.8764083,0.0021560192108154297
133648,normal,1071,0,1782360264.8782427,0.0018343925476074219
133649,normal,2441,0,1782360264.8802657,0.002022981643676758
133650,normal,2100,0,1782360264.8822336,0.001967906951904297
133651,normal,2785,0,1782360264.8844013,0.0021677017211914062
133652,normal,3411,0,1782360264.8862593,0.0018579959869384766
133653,normal,2124,0,1782360264.8885176,0.00225830078125
133654,normal,1999,0,1782360264.890297,0.001779317855834961
133655,normal,3654,0,1782360264.89219,0.0018930435180664062
133656,normal,2875,0,1782360264.89458,0.0023899078369140625
133657,normal,2082,0,1782360264.8963168,0.0017368793487548828
133658,normal,3218,1,1782360264.8983276,0.002010822296142578
133659,normal,3439,0,1782360264.9003384,0.002010822296142578
133660,normal,3508,0,1782360264.9022472,0.0019087791442871094
133661,normal,1940,0,1782360264.9043314,0.0020842552185058594
133662,normal,3653,0,1782360264.9063268,0.0019953250885009766
133663,normal,1068,0,1782360264.9082384,0.0019116401672363281
133664,normal,3266,1,1782360264.9103777,0.0021393299102783203
133665,normal,949,2,1782360264.912213,0.0018353462219238281
133666,normal,161,0,1782360264.9142096,0.0019965171813964844
133667,normal,653,0,1782360264.9162111,0.002001523971557617
133668,normal,2210,0,1782360264.9182227,0.002011537551879883
133669,normal,1701,0,1782360264.920231,0.0020084381103515625
133670,normal,1589,0,1782360264.9222138,0.0019826889038085938
133671,normal,3128,1,1782360264.9242108,0.0019969940185546875
133672,normal,2027,0,1782360264.9262269,0.0020160675048828125
133673,normal,2851,0,1782360264.9282787,0.002051830291748047
133674,normal,711,0,1782360264.9302518,0.0019731521606445312
133675,normal,83,0,1782360264.932185,0.0019330978393554688
133676,normal,1963,0,1782360264.934159,0.0019741058349609375
133677,normal,91,0,1782360264.936205,0.002045869827270508
133678,normal,1669,0,1782360264.9381845,0.0019795894622802734
133679,normal,317,0,1782360264.9401946,0.0020101070404052734
133680,normal,455,0,1782360264.9422166,0.0020220279693603516
133681,normal,2064,0,1782360264.9441817,0.001965045928955078
133682,normal,2055,0,1782360264.9461932,0.002011537551879883
133683,normal,1765,0,1782360264.948189,0.0019958019256591797
133684,normal,676,0,1782360264.9502134,0.002024412155151367
133685,normal,2788,0,1782360264.9522338,0.0020203590393066406
133686,normal,2949,0,1782360264.954356,0.002122163772583008
133687,normal,214,0,1782360264.9561749,0.0018188953399658203
133688,normal,1527,0,1782360264.958392,0.0022170543670654297
133689,normal,3331,1,1782360264.9603884,0.0019965171813964844
133690,normal,2836,0,1782360264.9622416,0.0018532276153564453
133691,normal,123,0,1782360264.9644275,0.002185821533203125
133692,normal,947,2,1782360264.966461,0.0020334720611572266
133693,normal,706,0,1782360264.9682271,0.001766204833984375
133694,normal,2118,0,1782360264.9704263,0.0021991729736328125
133695,normal,1225,0,1782360264.9724543,0.0020279884338378906
133696,normal,3317,1,1782360264.974259,0.0018045902252197266
133697,normal,2254,0,1782360264.9764318,0.0021729469299316406
133698,normal,145,0,1782360264.9784381,0.0020062923431396484
133699,normal,3088,1,1782360264.9802413,0.0018031597137451172
133700,normal,1590,0,1782360264.9824455,0.0022041797637939453
133701,normal,1185,0,1782360264.984454,0.0020084381103515625
133702,normal,807,2,1782360264.9862459,0.0017919540405273438
133703,normal,1432,0,1782360264.9884324,0.0021865367889404297
133704,normal,2941,0,1782360264.9904394,0.002007007598876953
133705,normal,1950,0,1782360264.9922423,0.0018029212951660156
133706,normal,1965,0,1782360264.9944425,0.0022001266479492188
133707,normal,614,0,1782360264.9964585,0.0020160675048828125
133708,normal,2584,0,1782360264.998246,0.001787424087524414
133709,normal,1531,0,1782360265.00043,0.002184152603149414
133710,normal,3577,0,1782360265.0024362,0.002006053924560547
133711,normal,3374,1,1782360265.0042436,0.0018074512481689453
133712,normal,386,0,1782360265.0064368,0.0021932125091552734
133713,normal,2729,0,1782360265.0084317,0.0019948482513427734
133714,normal,1769,0,1782360265.0102372,0.0018055438995361328
133715,normal,492,0,1782360265.012229,0.001991748809814453
133716,normal,760,0,1782360265.0144207,0.002191781997680664
133717,normal,2964,0,1782360265.0162923,0.0018715858459472656
133718,normal,392,0,1782360265.0184414,0.0021491050720214844
133719,normal,3558,0,1782360265.0204341,0.0019927024841308594
133720,normal,3280,1,1782360265.0222344,0.0018002986907958984
133721,normal,241,0,1782360265.0244145,0.0021800994873046875
133722,normal,3170,1,1782360265.026423,0.0020084381103515625
133723,normal,3171,1,1782360265.0282404,0.001817464828491211
133724,normal,2018,0,1782360265.0304215,0.0021810531616210938
133725,normal,687,0,1782360265.0324206,0.0019991397857666016
133726,normal,2414,0,1782360265.0342395,0.0018188953399658203
133727,normal,522,0,1782360265.036427,0.002187490463256836
133728,normal,1121,0,1782360265.0384204,0.001993417739868164
133729,normal,580,0,1782360265.040243,0.0018224716186523438
133730,normal,1573,0,1782360265.042422,0.0021791458129882812
133731,normal,3662,0,1782360265.0444198,0.001997709274291992
133732,normal,1217,0,1782360265.046253,0.001833200454711914
133733,normal,2075,0,1782360265.0484254,0.0021724700927734375
133734,normal,2953,0,1782360265.050431,0.0020055770874023438
133735,normal,779,2,1782360265.0522416,0.0018105506896972656
133736,normal,2844,0,1782360265.0544202,0.002178668975830078
133737,normal,1545,0,1782360265.0564284,0.002008199691772461
133738,normal,1036,0,1782360265.0582404,0.001811981201171875
133739,normal,3428,0,1782360265.0604215,0.0021810531616210938
133740,normal,367,0,1782360265.0624168,0.0019953250885009766
133741,normal,791,2,1782360265.064241,0.0018241405487060547
133742,normal,1107,0,1782360265.0664241,0.002183198928833008
133743,normal,1625,0,1782360265.0684302,0.002006053924560547
133744,normal,1698,0,1782360265.070284,0.0018537044525146484
133745,normal,2483,0,1782360265.0724232,0.0021393299102783203
133746,normal,2032,0,1782360265.0744338,0.0020105838775634766
133747,normal,1617,0,1782360265.076269,0.0018351078033447266
133748,normal,806,2,1782360265.0784206,0.0021517276763916016
133749,normal,2679,0,1782360265.0804176,0.0019969940185546875
133750,normal,293,0,1782360265.0822408,0.0018231868743896484
133751,normal,3704,0,1782360265.0844212,0.002180337905883789
133752,normal,1101,0,1782360265.0865564,0.0021352767944335938
133753,normal,3550,0,1782360265.088293,0.0017366409301757812
133754,normal,3597,0,1782360265.090558,0.0022649765014648438
133755,normal,1632,0,1782360265.0924425,0.00188446044921875
133756,normal,661,0,1782360265.0944495,0.002007007598876953
133757,normal,3603,0,1782360265.0963554,0.0019059181213378906
133758,normal,2293,0,1782360265.0985186,0.0021631717681884766
133759,normal,1958,0,1782360265.1002333,0.0017147064208984375
133760,normal,898,2,1782360265.102449,0.0022156238555908203
133761,normal,1350,1,1782360265.10445,0.002001047134399414
133762,normal,2568,0,1782360265.1062706,0.0018205642700195312
133763,normal,3657,0,1782360265.1084428,0.002172231674194336
133764,normal,3394,1,1782360265.1104667,0.002023935317993164
133765,normal,2552,0,1782360265.1122434,0.0017766952514648438
133766,normal,546,0,1782360265.1144295,0.0021860599517822266
133767,normal,3111,1,1782360265.116485,0.002055644989013672
133768,normal,281,0,1782360265.1182387,0.0017535686492919922
133769,normal,2985,0,1782360265.1204634,0.0022246837615966797
133770,normal,1078,0,1782360265.122243,0.0017795562744140625
133771,normal,2998,0,1782360265.1244128,0.0021698474884033203
133772,normal,425,0,1782360265.1262589,0.0018460750579833984
133773,normal,693,0,1782360265.128449,0.002190113067626953
133774,normal,387,0,1782360265.1302497,0.0018007755279541016
133775,normal,1292,0,1782360265.1326287,0.0023789405822753906
133776,normal,1301,0,1782360265.1344392,0.0018105506896972656
133777,normal,301,0,1782360265.1363032,0.0018639564514160156
133778,normal,1492,0,1782360265.138584,0.002280712127685547
133779,normal,1125,0,1782360265.1404502,0.0018663406372070312
133780,normal,49,0,1782360265.1424603,0.0020101070404052734
133781,normal,513,0,1782360265.1443162,0.0018558502197265625
133782,normal,1624,0,1782360265.1466115,0.002295255661010742
133783,normal,1153,0,1782360265.1483164,0.0017049312591552734
133784,normal,478,0,1782360265.1505592,0.0022428035736083984
133785,normal,1422,0,1782360265.1524074,0.0018482208251953125
133786,normal,95,0,1782360265.1544816,0.0020742416381835938
133787,normal,1052,0,1782360265.1563325,0.0018508434295654297
133788,normal,3110,1,1782360265.1585488,0.002216339111328125
133789,normal,3304,1,1782360265.1602483,0.0016994476318359375
133790,normal,2467,0,1782360265.1624806,0.0022323131561279297
133791,normal,142,0,1782360265.1643093,0.0018286705017089844
133792,normal,566,0,1782360265.1664612,0.002151966094970703
133793,normal,868,2,1782360265.1683018,0.0018405914306640625
133794,normal,3064,1,1782360265.1705058,0.0022039413452148438
133795,normal,1334,1,1782360265.1722696,0.0017638206481933594
133796,normal,1936,0,1782360265.1744606,0.0021910667419433594
133797,normal,2666,0,1782360265.1763244,0.001863718032836914
133798,normal,450,0,1782360265.1784194,0.0020949840545654297
133799,normal,3473,0,1782360265.1802576,0.0018382072448730469
133800,normal,1754,0,1782360265.1824553,0.002197742462158203
133801,normal,2331,0,1782360265.1844869,0.002031564712524414
133802,normal,3459,0,1782360265.1863751,0.001888275146484375
133803,normal,1434,0,1782360265.1885703,0.002195119857788086
133804,normal,3422,0,1782360265.1903229,0.001752614974975586
133805,normal,615,0,1782360265.1925774,0.002254486083984375
133806,normal,938,2,1782360265.1944358,0.0018584728240966797
133807,normal,39,0,1782360265.1964087,0.0019729137420654297
133808,normal,3214,1,1782360265.1983414,0.0019326210021972656
133809,normal,2885,0,1782360265.2004583,0.0021169185638427734
133810,normal,275,0,1782360265.20226,0.0018017292022705078
133811,normal,2686,0,1782360265.2044349,0.002174854278564453
133812,normal,2626,0,1782360265.2063248,0.001889944076538086
133813,normal,705,0,1782360265.2082262,0.001901388168334961
133814,normal,2609,0,1782360265.2104495,0.0022232532501220703
133815,normal,55,0,1782360265.2124448,0.0019953250885009766
133816,normal,2960,0,1782360265.2142591,0.0018143653869628906
133817,normal,1598,0,1782360265.2164376,0.0021784305572509766
133818,normal,2084,0,1782360265.2184389,0.0020012855529785156
133819,normal,2304,0,1782360265.2202392,0.0018002986907958984
133820,normal,642,0,1782360265.2224529,0.002213716506958008
133821,normal,2857,0,1782360265.224428,0.0019750595092773438
133822,normal,2333,0,1782360265.2262611,0.001833200454711914
133823,normal,1601,0,1782360265.2284253,0.002164125442504883
133824,normal,2524,0,1782360265.2304406,0.002015352249145508
133825,normal,316,0,1782360265.2322402,0.0017995834350585938
133826,normal,205,0,1782360265.2344491,0.0022089481353759766
133827,normal,2639,0,1782360265.2364373,0.0019881725311279297
133828,normal,246,0,1782360265.23826,0.0018227100372314453
133829,normal,836,2,1782360265.2404346,0.0021746158599853516
133830,normal,120,0,1782360265.2424402,0.0020055770874023438
133831,normal,2543,0,1782360265.2442405,0.0018002986907958984
133832,normal,2992,0,1782360265.2465603,0.002319812774658203
133833,normal,528,0,1782360265.248454,0.001893758773803711
133834,normal,1615,0,1782360265.2503092,0.0018551349639892578
133835,normal,1506,0,1782360265.252643,0.0023338794708251953
133836,normal,2062,0,1782360265.254439,0.0017960071563720703
133837,normal,1690,0,1782360265.2563024,0.001863241195678711
133838,normal,2389,0,1782360265.2585778,0.0022754669189453125
133839,normal,2276,0,1782360265.2604613,0.0018835067749023438
133840,normal,3663,0,1782360265.2624152,0.0019538402557373047
133841,normal,354,0,1782360265.264441,0.0020258426666259766
133842,normal,313,0,1782360265.2666295,0.002188444137573242
133843,normal,64,0,1782360265.2683163,0.0016868114471435547
133844,normal,552,0,1782360265.2705834,0.002267122268676758
133845,normal,1065,0,1782360265.2724378,0.0018544197082519531
133846,normal,3693,0,1782360265.2743344,0.0018966197967529297
133847,normal,2339,0,1782360265.276565,0.0022306442260742188
133848,normal,1140,0,1782360265.2784789,0.0019137859344482422
133849,normal,716,0,1782360265.2807705,0.0022916793823242188
133850,normal,919,2,1782360265.2824512,0.001680612564086914
133851,normal,12,0,1782360265.2846308,0.0021796226501464844
133852,normal,2403,0,1782360265.2863152,0.001684427261352539
133853,normal,2037,0,1782360265.2885678,0.0022525787353515625
133854,normal,2525,0,1782360265.2904313,0.0018634796142578125
133855,normal,2235,0,1782360265.2923224,0.0018911361694335938
133856,normal,750,0,1782360265.2944357,0.00211334228515625
133857,normal,1045,0,1782360265.2966034,0.0021677017211914062
133858,normal,859,2,1782360265.2982605,0.0016570091247558594
133859,normal,3206,1,1782360265.3004987,0.0022382736206054688
133860,normal,54,0,1782360265.302325,0.0018262863159179688
133861,normal,1552,0,1782360265.304439,0.0021140575408935547
133862,normal,1477,0,1782360265.3062901,0.0018510818481445312
133863,normal,1548,0,1782360265.3084986,0.0022084712982177734
133864,normal,2040,0,1782360265.3102252,0.0017266273498535156
133865,normal,2209,0,1782360265.3125267,0.002301454544067383
133866,normal,515,0,1782360265.3142369,0.0017101764678955078
133867,normal,1478,0,1782360265.3164802,0.0022432804107666016
133868,normal,2458,0,1782360265.3182456,0.0017654895782470703
133869,normal,2858,0,1782360265.320528,0.002282381057739258
133870,normal,2995,0,1782360265.32225,0.0017218589782714844
133871,normal,1356,1,1782360265.3245182,0.0022683143615722656
133872,normal,2183,0,1782360265.3264706,0.0019524097442626953
133873,normal,3509,0,1782360265.3283086,0.0018379688262939453
133874,normal,2396,0,1782360265.3304799,0.0021712779998779297
133875,normal,548,0,1782360265.3323286,0.0018486976623535156
133876,normal,1834,0,1782360265.3344247,0.0020961761474609375
133877,normal,3666,0,1782360265.3363335,0.0019087791442871094
133878,normal,3342,1,1782360265.3384497,0.0021162033081054688
133879,normal,735,0,1782360265.340323,0.0018732547760009766
133880,normal,3222,1,1782360265.3424542,0.002131223678588867
133881,normal,708,0,1782360265.3444855,0.0020313262939453125
133882,normal,227,0,1782360265.3462584,0.0017728805541992188
133883,normal,2546,0,1782360265.3484917,0.002233266830444336
133884,normal,3348,1,1782360265.350304,0.0018122196197509766
133885,normal,2520,0,1782360265.3523152,0.0020112991333007812
133886,normal,2495,0,1782360265.3546085,0.0022933483123779297
133887,normal,2050,0,1782360265.356411,0.0018024444580078125
133888,normal,3658,0,1782360265.358466,0.002054929733276367
133889,normal,1081,0,1782360265.3604085,0.0019426345825195312
133890,normal,1351,1,1782360265.3626084,0.002199888229370117
133891,normal,2533,0,1782360265.3643203,0.0017118453979492188
133892,normal,2922,0,1782360265.36658,0.0022597312927246094
133893,normal,608,0,1782360265.3684406,0.0018606185913085938
133894,normal,3098,1,1782360265.3705049,0.002064228057861328
133895,normal,2723,0,1782360265.372415,0.0019102096557617188
133896,normal,1370,1,1782360265.3745666,0.0021514892578125
133897,normal,1654,0,1782360265.376304,0.001737356185913086
133898,normal,3186,1,1782360265.3785791,0.002275228500366211
133899,normal,1537,0,1782360265.3804467,0.001867532730102539
133900,normal,624,0,1782360265.3825433,0.0020966529846191406
133901,normal,131,0,1782360265.3844156,0.0018723011016845703
133902,normal,1144,0,1782360265.3865807,0.002165079116821289
133903,normal,725,0,1782360265.3882957,0.001714944839477539
133904,normal,1471,0,1782360265.390576,0.0022802352905273438
133905,normal,1191,0,1782360265.392443,0.001867055892944336
133906,normal,1467,0,1782360265.3943183,0.0018754005432128906
133907,normal,2160,0,1782360265.396546,0.0022275447845458984
133908,normal,695,0,1782360265.3984392,0.0018932819366455078
133909,normal,3241,1,1782360265.4002886,0.0018494129180908203
133910,normal,310,0,1782360265.4025693,0.002280712127685547
133911,normal,3145,1,1782360265.404437,0.0018677711486816406
133912,normal,974,2,1782360265.4062994,0.0018622875213623047
133913,normal,2048,0,1782360265.4085722,0.0022728443145751953
133914,normal,1847,0,1782360265.410453,0.0018808841705322266
133915,normal,3117,1,1782360265.412426,0.0019729137420654297
133916,normal,686,0,1782360265.4144382,0.0020122528076171875
133917,normal,1197,0,1782360265.4166021,0.0021638870239257812
133918,normal,3114,1,1782360265.418317,0.001714944839477539
133919,normal,1789,0,1782360265.4205587,0.0022416114807128906
133920,normal,703,0,1782360265.422437,0.0018782615661621094
133921,normal,3702,0,1782360265.4242928,0.0018558502197265625
133922,normal,183,0,1782360265.4265728,0.002279996871948242
133923,normal,1919,0,1782360265.4284453,0.0018725395202636719
133924,normal,415,0,1782360265.4304755,0.0020301342010498047
133925,normal,3112,1,1782360265.4324112,0.001935720443725586
133926,normal,2794,0,1782360265.4345636,0.0021524429321289062
133927,normal,3176,1,1782360265.4362848,0.0017211437225341797
133928,normal,105,0,1782360265.4385402,0.0022554397583007812
133929,normal,3357,1,1782360265.440378,0.0018377304077148438
133930,normal,990,2,1782360265.4424138,0.002035856246948242
133931,normal,2976,0,1782360265.4443712,0.001957416534423828
133932,normal,2463,0,1782360265.4465113,0.002140045166015625
133933,normal,7,0,1782360265.4482508,0.001739501953125
133934,normal,2024,0,1782360265.4504917,0.002240896224975586
133935,normal,1202,0,1782360265.4523594,0.0018677711486816406
133936,normal,992,2,1782360265.4544117,0.00205230712890625
133937,normal,1307,0,1782360265.4563575,0.0019457340240478516
133938,normal,2152,0,1782360265.458494,0.0021364688873291016
133939,normal,3162,1,1782360265.4604728,0.0019788742065429688
133940,normal,2902,0,1782360265.4630485,0.0025756359100341797
133941,normal,713,0,1782360265.4643073,0.00125885009765625
133942,normal,1416,0,1782360265.4664366,0.0021293163299560547
133943,normal,3185,1,1782360265.468294,0.0018572807312011719
133944,normal,730,0,1782360265.4705694,0.0022754669189453125
133945,normal,448,0,1782360265.472294,0.0017247200012207031
133946,normal,3049,1,1782360265.4745698,0.002275705337524414
133947,normal,1561,0,1782360265.4764245,0.0018546581268310547
133948,normal,814,2,1782360265.4784393,0.0020148754119873047
133949,normal,2409,0,1782360265.48041,0.0019707679748535156
133950,normal,3173,1,1782360265.4825509,0.0021407604217529297
133951,normal,595,0,1782360265.484318,0.0017671585083007812
133952,normal,3223,1,1782360265.4865549,0.0022368431091308594
133953,normal,3466,0,1782360265.4884481,0.0018932819366455078
133954,normal,177,0,1782360265.490293,0.0018448829650878906
133955,normal,2492,0,1782360265.4925766,0.0022835731506347656
133956,normal,1276,0,1782360265.4944396,0.0018630027770996094
133957,normal,2096,0,1782360265.4964635,0.002023935317993164
133958,normal,2784,0,1782360265.4984293,0.001965761184692383
133959,normal,2961,0,1782360265.5005722,0.0021429061889648438
133960,normal,178,0,1782360265.5022938,0.0017216205596923828
133961,normal,2224,0,1782360265.5045855,0.0022916793823242188
133962,normal,2267,0,1782360265.5064414,0.0018558502197265625
133963,normal,2656,0,1782360265.5082967,0.0018553733825683594
133964,normal,341,0,1782360265.5105634,0.0022666454315185547
133965,normal,1578,0,1782360265.5124843,0.001920938491821289
133966,normal,2407,0,1782360265.5143094,0.001825094223022461
133967,normal,571,0,1782360265.5165987,0.002289295196533203
133968,normal,3629,0,1782360265.5184448,0.0018460750579833984
133969,normal,3420,0,1782360265.5202937,0.0018489360809326172
133970,normal,962,2,1782360265.5225894,0.0022957324981689453
133971,normal,106,0,1782360265.5244627,0.0018732547760009766
133972,normal,2278,0,1782360265.526303,0.001840353012084961
133973,normal,2020,0,1782360265.5285656,0.002262592315673828
133974,normal,3190,1,1782360265.5304477,0.0018820762634277344
133975,normal,3077,1,1782360265.5322945,0.0018467903137207031
133976,normal,2780,0,1782360265.5345683,0.0022737979888916016
133977,normal,3262,1,1782360265.5364485,0.0018801689147949219
133978,normal,1,0,1782360265.5382996,0.0018510818481445312
133979,normal,1371,1,1782360265.540566,0.002266407012939453
133980,normal,1516,0,1782360265.5424602,0.001894235610961914
133981,normal,2108,0,1782360265.5443017,0.0018415451049804688
133982,normal,287,0,1782360265.5465717,0.0022699832916259766
133983,normal,912,2,1782360265.5484452,0.0018734931945800781
133984,normal,1807,0,1782360265.5504622,0.0020170211791992188
133985,normal,1130,0,1782360265.552433,0.0019707679748535156
133986,normal,116,0,1782360265.5545876,0.0021545886993408203
133987,normal,242,0,1782360265.556302,0.001714468002319336
133988,normal,321,0,1782360265.5586188,0.002316713333129883
133989,normal,1853,0,1782360265.5604427,0.0018239021301269531
133990,normal,3003,0,1782360265.562302,0.001859426498413086
133991,normal,133,0,1782360265.5646162,0.0023140907287597656
133992,normal,1385,0,1782360265.5664456,0.001829385757446289
133993,normal,2534,0,1782360265.5682964,0.0018508434295654297
133994,normal,1312,0,1782360265.5707164,0.0024199485778808594
133995,normal,1783,0,1782360265.5724041,0.001687765121459961
133996,normal,296,0,1782360265.574418,0.0020139217376708984
133997,normal,3199,1,1782360265.5763345,0.0019164085388183594
133998,normal,1364,1,1782360265.57846,0.0021255016326904297
133999,normal,1560,0,1782360265.580264,0.0018041133880615234
134000,normal,1267,0,1782360265.5825405,0.0022764205932617188
134001,normal,40,0,1782360265.584359,0.0018184185028076172
134002,normal,368,0,1782360265.5864077,0.0020487308502197266
134003,normal,1998,0,1782360265.5882738,0.0018661022186279297
134004,normal,26,0,1782360265.5904615,0.0021877288818359375
134005,normal,3541,0,1782360265.5922506,0.001789093017578125
134006,normal,3387,1,1782360265.594451,0.0022003650665283203
134007,normal,2174,0,1782360265.596465,0.00201416015625
134008,normal,2303,0,1782360265.5982525,0.001787424087524414
134009,normal,2675,0,1782360265.600447,0.0021944046020507812
134010,normal,1771,0,1782360265.6024604,0.0020134449005126953
134011,normal,1099,0,1782360265.6042511,0.001790761947631836
134012,normal,1794,0,1782360265.606451,0.002199888229370117
134013,normal,164,0,1782360265.60845,0.0019989013671875
134014,normal,1095,0,1782360265.6102839,0.0018339157104492188
134015,normal,745,0,1782360265.6124506,0.002166748046875
134016,normal,3373,1,1782360265.6144657,0.0020151138305664062
134017,normal,2404,0,1782360265.6162515,0.0017857551574707031
134018,normal,1094,0,1782360265.6184537,0.002202272415161133
134019,normal,3475,0,1782360265.6204717,0.002017974853515625
134020,normal,322,0,1782360265.622255,0.0017833709716796875
134021,normal,1588,0,1782360265.624464,0.0022089481353759766
134022,normal,2594,0,1782360265.6263106,0.0018465518951416016
134023,normal,2585,0,1782360265.6284113,0.002100706100463867
134024,normal,2308,0,1782360265.630274,0.0018627643585205078
134025,normal,146,0,1782360265.6324573,0.002183198928833008
134026,normal,563,0,1782360265.6342528,0.0017955303192138672
134027,normal,2502,0,1782360265.6364532,0.0022003650665283203
134028,normal,879,2,1782360265.6384535,0.0020003318786621094
134029,normal,1623,0,1782360265.6402526,0.0017991065979003906
134030,normal,1685,0,1782360265.6424558,0.002203226089477539
134031,normal,2418,0,1782360265.644451,0.001995086669921875
134032,normal,951,2,1782360265.646252,0.0018010139465332031
134033,normal,2343,0,1782360265.648463,0.0022110939025878906
134034,normal,2605,0,1782360265.65045,0.001986980438232422
134035,normal,872,2,1782360265.652257,0.0018069744110107422
134036,normal,2789,0,1782360265.6544418,0.0021848678588867188
134037,normal,115,0,1782360265.65645,0.002008199691772461
134038,normal,1705,0,1782360265.658252,0.0018019676208496094
134039,normal,3644,0,1782360265.6604638,0.0022118091583251953
134040,normal,3555,0,1782360265.662468,0.0020041465759277344
134041,normal,1069,0,1782360265.6642537,0.0017857551574707031
134042,normal,1681,0,1782360265.6664577,0.0022039413452148438
134043,normal,1772,0,1782360265.6683223,0.0018646717071533203
134044,normal,3496,0,1782360265.670252,0.0019297599792480469
134045,normal,2321,0,1782360265.672456,0.0022039413452148438
134046,normal,3122,1,1782360265.6744518,0.0019958019256591797
134047,normal,431,0,1782360265.6762524,0.001800537109375
134048,normal,2347,0,1782360265.678453,0.002200603485107422
134049,normal,1074,0,1782360265.680327,0.0018739700317382812
134050,normal,2910,0,1782360265.682251,0.0019240379333496094
134051,normal,2491,0,1782360265.684456,0.0022051334381103516
134052,normal,136,0,1782360265.6865034,0.002047300338745117
134053,normal,764,0,1782360265.6882522,0.001748800277709961
134054,normal,2708,0,1782360265.6904578,0.0022056102752685547
134055,normal,3503,0,1782360265.6923096,0.001851797103881836
134056,normal,3066,1,1782360265.6944137,0.002104043960571289
134057,normal,3613,0,1782360265.6963058,0.00189208984375
134058,normal,1223,0,1782360265.6984565,0.0021507740020751953
134059,normal,482,0,1782360265.7002513,0.0017948150634765625
134060,normal,273,0,1782360265.7024624,0.0022110939025878906
134061,normal,718,0,1782360265.7043066,0.001844167709350586
134062,normal,3483,0,1782360265.7062516,0.0019450187683105469
134063,normal,1718,0,1782360265.708459,0.0022072792053222656
134064,normal,1332,1,1782360265.710467,0.002008199691772461
134065,normal,2967,0,1782360265.7122533,0.0017862319946289062
134066,normal,3641,0,1782360265.7144563,0.0022029876708984375
134067,normal,540,0,1782360265.716451,0.001994609832763672
134068,normal,1869,0,1782360265.7183812,0.00193023681640625
134069,normal,2004,0,1782360265.720306,0.001924753189086914
134070,normal,1293,0,1782360265.722451,0.002145051956176758
134071,normal,2145,0,1782360265.7242525,0.0018014907836914062
134072,normal,656,0,1782360265.7264652,0.0022127628326416016
134073,normal,3012,0,1782360265.7284682,0.0020029544830322266
134074,normal,1816,0,1782360265.7302544,0.0017862319946289062
134075,normal,3505,0,1782360265.7324615,0.002207040786743164
134076,normal,516,0,1782360265.7343266,0.0018651485443115234
134077,normal,137,0,1782360265.7364137,0.002087116241455078
134078,normal,2773,0,1782360265.7383187,0.0019049644470214844
134079,normal,2793,0,1782360265.740451,0.002132415771484375
134080,normal,195,0,1782360265.7422516,0.001800537109375
134081,normal,1949,0,1782360265.7444615,0.002209901809692383
134082,normal,2537,0,1782360265.7463114,0.0018498897552490234
134083,normal,2398,0,1782360265.7482517,0.0019402503967285156
134084,normal,1116,0,1782360265.7504685,0.002216815948486328
134085,normal,292,0,1782360265.7524598,0.00199127197265625
134086,normal,2551,0,1782360265.7542522,0.0017924308776855469
134087,normal,2271,0,1782360265.7564588,0.002206563949584961
134088,normal,2852,0,1782360265.7584727,0.0020139217376708984
134089,normal,2345,0,1782360265.7602532,0.0017805099487304688
134090,normal,409,0,1782360265.7624598,0.002206563949584961
134091,normal,3053,1,1782360265.7644682,0.0020084381103515625
134092,normal,3150,1,1782360265.7662537,0.0017855167388916016
134093,normal,3296,1,1782360265.768459,0.002205371856689453
134094,normal,1220,0,1782360265.7704759,0.002016782760620117
134095,normal,2447,0,1782360265.772253,0.0017771720886230469
134096,normal,2706,0,1782360265.7744508,0.002197742462158203
134097,normal,2490,0,1782360265.7763383,0.0018875598907470703
134098,normal,1404,0,1782360265.778413,0.002074718475341797
134099,normal,2782,0,1782360265.7803109,0.0018978118896484375
134100,normal,1373,1,1782360265.7824535,0.002142667770385742
134101,normal,3312,1,1782360265.7842538,0.0018002986907958984
134102,normal,353,0,1782360265.7864513,0.0021975040435791016
134103,normal,3655,0,1782360265.788452,0.002000570297241211
134104,normal,168,0,1782360265.7902844,0.0018324851989746094
134105,normal,21,0,1782360265.7924519,0.0021674633026123047
134106,normal,1496,0,1782360265.7944536,0.0020017623901367188
134107,normal,3119,1,1782360265.7962532,0.0017995834350585938
134108,normal,1383,0,1782360265.7984567,0.0022034645080566406
134109,normal,1564,0,1782360265.80045,0.001993417739868164
134110,normal,424,0,1782360265.8022852,0.0018351078033447266
134111,normal,1186,0,1782360265.8044512,0.0021660327911376953
134112,normal,2749,0,1782360265.8064673,0.0020160675048828125
134113,normal,3307,1,1782360265.8082528,0.0017855167388916016
134114,normal,1555,0,1782360265.810455,0.002202272415161133
134115,normal,911,2,1782360265.812458,0.0020029544830322266
134116,normal,3474,0,1782360265.8142536,0.0017955303192138672
134117,normal,1344,1,1782360265.8164594,0.0022058486938476562
134118,normal,42,0,1782360265.8184505,0.0019910335540771484
134119,normal,1717,0,1782360265.8202841,0.0018336772918701172
134120,normal,2366,0,1782360265.822451,0.0021669864654541016
134121,normal,1862,0,1782360265.8244717,0.002020597457885742
134122,normal,125,0,1782360265.826286,0.0018143653869628906
134123,normal,1023,2,1782360265.8284626,0.002176523208618164
134124,normal,1835,0,1782360265.830455,0.001992464065551758
134125,normal,2781,0,1782360265.832274,0.0018188953399658203
134126,normal,2972,0,1782360265.8345177,0.0022437572479248047
134127,normal,2777,0,1782360265.8363674,0.0018496513366699219
134128,normal,153,0,1782360265.8384147,0.002047300338745117
134129,normal,3362,1,1782360265.8403656,0.001950979232788086
134130,normal,1749,0,1782360265.842518,0.0021524429321289062
134131,normal,3310,1,1782360265.8442533,0.0017352104187011719
134132,normal,3268,1,1782360265.8464532,0.002199888229370117
134133,normal,623,0,1782360265.848466,0.0020127296447753906
134134,normal,0,0,1782360265.850251,0.0017850399017333984
134135,normal,643,0,1782360265.852456,0.0022051334381103516
134136,normal,3075,1,1782360265.854473,0.0020170211791992188
134137,normal,944,2,1782360265.8562546,0.001781463623046875
134138,normal,351,0,1782360265.8584561,0.002201557159423828
134139,normal,326,0,1782360265.8604538,0.001997709274291992
134140,normal,3488,0,1782360265.8622863,0.0018324851989746094
134141,normal,3627,0,1782360265.8644614,0.0021750926971435547
134142,normal,1418,0,1782360265.866467,0.0020055770874023438
134143,normal,1393,0,1782360265.86825,0.0017828941345214844
134144,normal,638,0,1782360265.8704584,0.0022084712982177734
134145,normal,867,2,1782360265.8724515,0.0019931793212890625
134146,normal,2573,0,1782360265.8742518,0.0018002986907958984
134147,normal,3339,1,1782360265.8764296,0.002177715301513672
134148,normal,2990,0,1782360265.878272,0.001842498779296875
134149,normal,2054,0,1782360265.8803039,0.0020318031311035156
134150,normal,2627,0,1782360265.8824773,0.0021734237670898438
134151,normal,3485,0,1782360265.8842494,0.001772165298461914
134152,normal,1984,0,1782360265.8864253,0.0021758079528808594
134153,normal,3216,1,1782360265.8882387,0.0018134117126464844
134154,normal,28,0,1782360265.8904512,0.0022125244140625
134155,normal,486,0,1782360265.8924577,0.00200653076171875
134156,normal,2611,0,1782360265.89433,0.0018723011016845703
134157,normal,2786,0,1782360265.8965724,0.0022423267364501953
134158,normal,3599,0,1782360265.8982968,0.0017244815826416016
134159,normal,3062,1,1782360265.9007092,0.0024123191833496094
134160,normal,1262,0,1782360265.9024537,0.0017445087432861328
134161,normal,3057,1,1782360265.90427,0.0018162727355957031
134162,normal,3397,1,1782360265.9066207,0.0023508071899414062
134163,normal,138,0,1782360265.908415,0.0017943382263183594
134164,normal,2341,0,1782360265.910269,0.00185394287109375
134165,normal,2159,0,1782360265.9125302,0.0022611618041992188
134166,normal,402,0,1782360265.914432,0.001901865005493164
134167,normal,1007,2,1782360265.9162676,0.0018355846405029297
134168,normal,1016,2,1782360265.918515,0.002247333526611328
134169,normal,671,0,1782360265.9204526,0.0019376277923583984
134170,normal,2899,0,1782360265.9222722,0.001819610595703125
134171,normal,2591,0,1782360265.924425,0.002152681350708008
134172,normal,3115,1,1782360265.9264538,0.002028942108154297
134173,normal,1938,0,1782360265.9282725,0.0018186569213867188
134174,normal,984,2,1782360265.930425,0.0021524429321289062
134175,normal,451,0,1782360265.9324608,0.002035856246948242
134176,normal,2435,0,1782360265.9342663,0.0018055438995361328
134177,normal,776,2,1782360265.936427,0.002160787582397461
134178,normal,2393,0,1782360265.938447,0.0020198822021484375
134179,normal,2952,0,1782360265.9402726,0.001825571060180664
134180,normal,734,0,1782360265.9424298,0.0021572113037109375
134181,normal,3671,0,1782360265.944472,0.0020422935485839844
134182,normal,366,0,1782360265.946267,0.0017948150634765625
134183,normal,477,0,1782360265.9484317,0.0021648406982421875
134184,normal,3231,1,1782360265.9504461,0.0020143985748291016
134185,normal,811,2,1782360265.9522712,0.001825094223022461
134186,normal,1554,0,1782360265.9544349,0.0021636486053466797
134187,normal,3407,0,1782360265.9564447,0.002009868621826172
134188,normal,2416,0,1782360265.9582708,0.0018260478973388672
134189,normal,9,0,1782360265.960447,0.0021762847900390625
134190,normal,1309,0,1782360265.962446,0.0019989013671875
134191,normal,2147,0,1782360265.9642715,0.001825571060180664
134192,normal,1075,0,1782360265.9664397,0.0021681785583496094
134193,normal,1447,0,1782360265.9684446,0.002004861831665039
134194,normal,2007,0,1782360265.9702733,0.0018286705017089844
134195,normal,2257,0,1782360265.9724736,0.0022003650665283203
134196,normal,2736,0,1782360265.9744453,0.001971721649169922
134197,normal,3675,0,1782360265.9762707,0.0018253326416015625
134198,normal,1093,0,1782360265.978445,0.00217437744140625
134199,normal,527,0,1782360265.98044,0.0019948482513427734
134200,normal,2238,0,1782360265.9822676,0.0018277168273925781
134201,normal,277,0,1782360265.9844427,0.0021750926971435547
134202,normal,397,0,1782360265.986445,0.002002239227294922
134203,normal,510,0,1782360265.9882758,0.0018308162689208984
134204,normal,1815,0,1782360265.990451,0.0021753311157226562
134205,normal,3625,0,1782360265.9924479,0.001996755599975586
134206,normal,2127,0,1782360265.9942713,0.00182342529296875
134207,normal,63,0,1782360265.9964497,0.0021784305572509766
134208,normal,1421,0,1782360265.9984467,0.0019969940185546875
134209,normal,1585,0,1782360266.0002697,0.0018229484558105469
134210,normal,2602,0,1782360266.002439,0.002169370651245117
134211,normal,3137,1,1782360266.0044496,0.0020105838775634766
134212,normal,896,2,1782360266.0062737,0.0018241405487060547
134213,normal,2117,0,1782360266.0084548,0.0021810531616210938
134214,normal,460,0,1782360266.010463,0.002008199691772461
134215,normal,1739,0,1782360266.0122666,0.0018036365509033203
134216,normal,3605,0,1782360266.0144663,0.0021996498107910156
134217,normal,1133,0,1782360266.0164561,0.0019898414611816406
134218,normal,2310,0,1782360266.0182705,0.0018143653869628906
134219,normal,1889,0,1782360266.020441,0.002170562744140625
134220,normal,332,0,1782360266.0224485,0.0020074844360351562
134221,normal,2925,0,1782360266.0242705,0.0018219947814941406
134222,normal,1437,0,1782360266.0264502,0.0021796226501464844
134223,normal,443,0,1782360266.0284438,0.0019936561584472656
134224,normal,1410,0,1782360266.03027,0.0018262863159179688
134225,normal,3598,0,1782360266.0324388,0.0021686553955078125
134226,normal,997,2,1782360266.0344446,0.0020058155059814453
134227,normal,157,0,1782360266.0362716,0.0018270015716552734
134228,normal,1241,0,1782360266.0384383,0.002166748046875
134229,normal,1921,0,1782360266.040446,0.002007722854614258
134230,normal,3272,1,1782360266.0422673,0.001821279525756836
134231,normal,2986,0,1782360266.0444415,0.0021741390228271484
134232,normal,1303,0,1782360266.0464509,0.0020093917846679688
134233,normal,2298,0,1782360266.0482662,0.0018153190612792969
134234,normal,682,0,1782360266.0504544,0.0021882057189941406
134235,normal,2754,0,1782360266.0524495,0.001995086669921875
134236,normal,3004,0,1782360266.0542712,0.001821756362915039
134237,normal,2036,0,1782360266.05644,0.002168893814086914
134238,normal,365,0,1782360266.058447,0.0020067691802978516
134239,normal,3200,1,1782360266.0602663,0.0018193721771240234
134240,normal,3464,0,1782360266.0623813,0.002115011215209961
134241,normal,2500,0,1782360266.0643291,0.0019478797912597656
134242,normal,467,0,1782360266.0664375,0.002108335494995117
134243,normal,2973,0,1782360266.0684114,0.001973867416381836
134244,normal,2529,0,1782360266.0704305,0.002019166946411133
134245,normal,3592,0,1782360266.072264,0.0018334388732910156
134246,normal,3630,0,1782360266.074424,0.0021600723266601562
134247,normal,2376,0,1782360266.0764697,0.0020456314086914062
134248,normal,3143,1,1782360266.0782704,0.0018007755279541016
134249,normal,933,2,1782360266.0804527,0.0021822452545166016
134250,normal,439,0,1782360266.0824282,0.001975536346435547
134251,normal,1801,0,1782360266.0842607,0.0018324851989746094
134252,normal,1092,0,1782360266.0864246,0.0021638870239257812
134253,normal,2436,0,1782360266.0884378,0.0020132064819335938
134254,normal,285,0,1782360266.0902674,0.0018296241760253906
134255,normal,3213,1,1782360266.0924494,0.0021820068359375
134256,normal,1316,0,1782360266.0944297,0.001980304718017578
134257,normal,3684,0,1782360266.0962656,0.0018358230590820312
134258,normal,2077,0,1782360266.0984254,0.0021598339080810547
134259,normal,2277,0,1782360266.1004272,0.0020017623901367188
134260,normal,2157,0,1782360266.102269,0.0018417835235595703
134261,normal,607,0,1782360266.1044347,0.0021657943725585938
134262,normal,1400,0,1782360266.1064498,0.0020151138305664062
134263,normal,3581,0,1782360266.1082711,0.001821279525756836
134264,normal,2306,0,1782360266.1104412,0.002170085906982422
134265,normal,2420,0,1782360266.1124523,0.0020110607147216797
134266,normal,2576,0,1782360266.1142702,0.001817941665649414
134267,normal,2129,0,1782360266.1164422,0.0021719932556152344
134268,normal,2349,0,1782360266.118448,0.0020058155059814453
134269,normal,2397,0,1782360266.12027,0.0018219947814941406
134270,normal,2683,0,1782360266.1225219,0.002251863479614258
134271,normal,3421,0,1782360266.1244435,0.0019216537475585938
134272,normal,475,0,1782360266.1262708,0.001827239990234375
134273,normal,3499,0,1782360266.1285453,0.0022745132446289062
134274,normal,2357,0,1782360266.130445,0.00189971923828125
134275,normal,1380,1,1782360266.1322708,0.0018258094787597656
134276,normal,3690,0,1782360266.1345475,0.0022766590118408203
134277,normal,1523,0,1782360266.1364179,0.0018703937530517578
134278,normal,3480,0,1782360266.138266,0.0018482208251953125
134279,normal,2111,0,1782360266.1405299,0.002263784408569336
134280,normal,141,0,1782360266.1424444,0.0019145011901855469
134281,normal,3568,0,1782360266.144267,0.0018227100372314453
134282,normal,2548,0,1782360266.146532,0.0022649765014648438
134283,normal,1526,0,1782360266.1484113,0.0018792152404785156
134284,normal,114,0,1782360266.1502948,0.0018835067749023438
134285,normal,256,0,1782360266.1525419,0.0022470951080322266
134286,normal,1501,0,1782360266.1544147,0.0018727779388427734
134287,normal,2950,0,1782360266.1562705,0.0018558502197265625
134288,normal,2645,0,1782360266.1584256,0.0021550655364990234
134289,normal,1541,0,1782360266.1604395,0.0020139217376708984
134290,normal,1162,0,1782360266.1622686,0.0018291473388671875
134291,normal,3068,1,1782360266.1644423,0.0021736621856689453
134292,normal,2190,0,1782360266.1664677,0.0020253658294677734
134293,normal,3050,1,1782360266.168271,0.0018033981323242188
134294,normal,1146,0,1782360266.1704519,0.002180814743041992
134295,normal,2741,0,1782360266.1724422,0.0019903182983398438
134296,normal,2721,0,1782360266.1742718,0.0018296241760253906
134297,normal,2517,0,1782360266.176428,0.0021562576293945312
134298,normal,2558,0,1782360266.1784532,0.002025127410888672
134299,normal,543,0,1782360266.1802664,0.0018131732940673828
134300,normal,2052,0,1782360266.1824276,0.002161264419555664
134301,normal,3135,1,1782360266.1844623,0.0020346641540527344
134302,normal,710,0,1782360266.1862805,0.0018181800842285156
134303,normal,3313,1,1782360266.1883767,0.0020961761474609375
134304,normal,1281,0,1782360266.190442,0.002065420150756836
134305,normal,1752,0,1782360266.1922717,0.0018296241760253906
134306,normal,2452,0,1782360266.194416,0.002144336700439453
134307,normal,2336,0,1782360266.196443,0.0020270347595214844
134308,normal,380,0,1782360266.198272,0.001828908920288086
134309,normal,3273,1,1782360266.200446,0.002173900604248047
134310,normal,2809,0,1782360266.2024455,0.0019996166229248047
134311,normal,3034,0,1782360266.2042682,0.0018227100372314453
134312,normal,1148,0,1782360266.2064579,0.00218963623046875
134313,normal,474,0,1782360266.2084463,0.0019884109497070312
134314,normal,3481,0,1782360266.210271,0.0018246173858642578
134315,normal,1571,0,1782360266.2124429,0.0021719932556152344
134316,normal,3144,1,1782360266.2144458,0.0020029544830322266
134317,normal,239,0,1782360266.2162728,0.0018270015716552734
134318,normal,47,0,1782360266.2184374,0.002164602279663086
134319,normal,793,2,1782360266.2204478,0.002010345458984375
134320,normal,3502,0,1782360266.2222724,0.0018246173858642578
134321,normal,2477,0,1782360266.224438,0.002165555953979492
134322,normal,3177,1,1782360266.2264469,0.0020089149475097656
134323,normal,3228,1,1782360266.2282722,0.0018253326416015625
134324,normal,1237,0,1782360266.2304437,0.0021715164184570312
134325,normal,1306,0,1782360266.2324615,0.0020177364349365234
134326,normal,348,0,1782360266.2342708,0.0018093585968017578
134327,normal,2516,0,1782360266.2364392,0.002168416976928711
134328,normal,3451,0,1782360266.238446,0.0020067691802978516
134329,normal,369,0,1782360266.2402718,0.0018258094787597656
134330,normal,3287,1,1782360266.2424376,0.0021657943725585938
134331,normal,1505,0,1782360266.244458,0.0020203590393066406
134332,normal,723,0,1782360266.2462678,0.001809835433959961
134333,normal,2596,0,1782360266.2484374,0.0021696090698242188
134334,normal,2674,0,1782360266.25045,0.002012491226196289
134335,normal,2130,0,1782360266.252265,0.0018150806427001953
134336,normal,2829,0,1782360266.2544234,0.0021584033966064453
134337,normal,2072,0,1782360266.2564387,0.002015352249145508
134338,normal,1296,0,1782360266.2582667,0.0018279552459716797
134339,normal,2725,0,1782360266.2604432,0.002176523208618164
134340,normal,2931,0,1782360266.2624578,0.002014636993408203
134341,normal,2125,0,1782360266.2642705,0.0018126964569091797
134342,normal,2577,0,1782360266.266441,0.002170562744140625
134343,normal,2633,0,1782360266.2684577,0.0020165443420410156
134344,normal,3576,0,1782360266.2702668,0.0018091201782226562
134345,normal,3242,1,1782360266.2724466,0.002179861068725586
134346,normal,917,2,1782360266.2744513,0.0020046234130859375
134347,normal,2344,0,1782360266.2762654,0.001814126968383789
134348,normal,1995,0,1782360266.2784443,0.0021789073944091797
134349,normal,795,2,1782360266.2804205,0.0019762516021728516
134350,normal,1414,0,1782360266.2822726,0.0018520355224609375
134351,normal,2239,0,1782360266.2844505,0.0021779537200927734
134352,normal,1627,0,1782360266.2864423,0.001991748809814453
134353,normal,2997,0,1782360266.2882674,0.001825094223022461
134354,normal,3609,0,1782360266.2904327,0.0021653175354003906
134355,normal,767,0,1782360266.2924523,0.002019643783569336
134356,normal,2009,0,1782360266.294275,0.0018227100372314453
134357,normal,2290,0,1782360266.296437,0.0021619796752929688
134358,normal,1895,0,1782360266.2984476,0.0020105838775634766
134359,normal,45,0,1782360266.3002665,0.0018188953399658203
134360,normal,2672,0,1782360266.3024464,0.002179861068725586
134361,normal,3544,0,1782360266.3044493,0.0020029544830322266
134362,normal,3217,1,1782360266.3062665,0.0018172264099121094
134363,normal,2947,0,1782360266.3084416,0.0021750926971435547
134364,normal,3696,0,1782360266.3104486,0.002007007598876953
134365,normal,1546,0,1782360266.3122666,0.001817941665649414
134366,normal,3260,1,1782360266.3144426,0.002176046371459961
134367,normal,2900,0,1782360266.3164465,0.002003908157348633
134368,normal,435,0,1782360266.3182662,0.001819610595703125
134369,normal,2285,0,1782360266.3204424,0.0021762847900390625
134370,normal,2470,0,1782360266.3224618,0.0020194053649902344
134371,normal,3349,1,1782360266.3242686,0.0018067359924316406
134372,normal,1582,0,1782360266.3265386,0.0022699832916259766
134373,normal,3301,1,1782360266.3284106,0.0018720626831054688
134374,normal,927,2,1782360266.33027,0.001859426498413086
134375,normal,1514,0,1782360266.3325098,0.002239704132080078
134376,normal,1638,0,1782360266.3344505,0.0019407272338867188
134377,normal,1460,0,1782360266.3362656,0.0018150806427001953
134378,normal,1326,1,1782360266.33844,0.00217437744140625
134379,normal,3153,1,1782360266.340446,0.002006053924560547
134380,normal,3209,1,1782360266.3422687,0.0018227100372314453
134381,normal,1888,0,1782360266.344442,0.002173185348510742
134382,normal,2575,0,1782360266.3464482,0.0020062923431396484
134383,normal,670,0,1782360266.3482637,0.0018155574798583984
134384,normal,3340,1,1782360266.3502648,0.002001047134399414
134385,normal,3347,1,1782360266.352434,0.0021691322326660156
134386,normal,869,2,1782360266.3542507,0.0018167495727539062
134387,normal,2717,0,1782360266.3563945,0.00214385986328125
134388,normal,2801,0,1782360266.3584447,0.002050161361694336
134389,normal,2429,0,1782360266.3603177,0.001873016357421875
134390,normal,2987,0,1782360266.3625822,0.0022644996643066406
134391,normal,452,0,1782360266.3644397,0.0018575191497802734
134392,normal,924,2,1782360266.366455,0.002015352249145508
134393,normal,3441,0,1782360266.368438,0.0019829273223876953
134394,normal,117,0,1782360266.3705728,0.0021347999572753906
134395,normal,1985,0,1782360266.3723192,0.0017464160919189453
134396,normal,2134,0,1782360266.3745668,0.0022475719451904297
134397,normal,2768,0,1782360266.3764532,0.0018863677978515625
134398,normal,471,0,1782360266.3783133,0.0018601417541503906
134399,normal,521,0,1782360266.3805654,0.0022521018981933594
134400,normal,1117,0,1782360266.3824477,0.001882314682006836
134401,normal,3637,0,1782360266.384303,0.0018553733825683594
134402,normal,1643,0,1782360266.3866012,0.002298116683959961
134403,normal,1683,0,1782360266.3884203,0.0018191337585449219
134404,normal,3611,0,1782360266.3903153,0.0018949508666992188
134405,normal,462,0,1782360266.3925672,0.002251863479614258
134406,normal,3281,1,1782360266.3944395,0.0018723011016845703
134407,normal,504,0,1782360266.3964925,0.0020530223846435547
134408,normal,1308,0,1782360266.398438,0.00194549560546875
134409,normal,2847,0,1782360266.400593,0.0021550655364990234
134410,normal,1497,0,1782360266.4023175,0.0017244815826416016
134411,normal,206,0,1782360266.4045734,0.0022559165954589844
134412,normal,3172,1,1782360266.4064426,0.00186920166015625
134413,normal,1890,0,1782360266.4084067,0.001964092254638672
134414,normal,2897,0,1782360266.410339,0.001932382583618164
134415,normal,1145,0,1782360266.4125636,0.002224445343017578
134416,normal,1728,0,1782360266.4142969,0.0017333030700683594
134417,normal,497,0,1782360266.4167376,0.0024406909942626953
134418,normal,1347,1,1782360266.41846,0.0017223358154296875
134419,normal,1894,0,1782360266.4203181,0.0018582344055175781
134420,normal,453,0,1782360266.4225736,0.0022554397583007812
134421,normal,1090,0,1782360266.4244409,0.0018672943115234375
134422,normal,93,0,1782360266.426317,0.0018761157989501953
134423,normal,2828,0,1782360266.4285703,0.002253293991088867
134424,normal,3019,0,1782360266.4304428,0.0018725395202636719
134425,normal,3211,1,1782360266.432469,0.002026081085205078
134426,normal,2427,0,1782360266.4344375,0.0019686222076416016
134427,normal,191,0,1782360266.4365735,0.0021359920501708984
134428,normal,1189,0,1782360266.4382966,0.0017230510711669922
134429,normal,739,0,1782360266.4405758,0.0022792816162109375
134430,normal,3589,0,1782360266.44244,0.0018641948699951172
134431,normal,2654,0,1782360266.4443123,0.0018723011016845703
134432,normal,545,0,1782360266.4465683,0.0022559165954589844
134433,normal,621,0,1782360266.4484408,0.0018725395202636719
134434,normal,96,0,1782360266.450449,0.002008199691772461
134435,normal,1329,1,1782360266.4524367,0.0019876956939697266
134436,normal,3006,0,1782360266.4545815,0.0021448135375976562
134437,normal,690,0,1782360266.4562922,0.001710653305053711
134438,normal,1172,0,1782360266.4585636,0.002271413803100586
134439,normal,3484,0,1782360266.460451,0.0018873214721679688
134440,normal,769,0,1782360266.462455,0.0020041465759277344
134441,normal,2661,0,1782360266.4644346,0.0019795894622802734
134442,normal,3061,1,1782360266.4665806,0.002146005630493164
134443,normal,860,2,1782360266.468295,0.001714468002319336
134444,normal,2715,0,1782360266.4705658,0.0022706985473632812
134445,normal,3526,0,1782360266.4724398,0.0018739700317382812
134446,normal,2000,0,1782360266.4743013,0.001861572265625
134447,normal,3553,0,1782360266.4765656,0.002264261245727539
134448,normal,2438,0,1782360266.4784613,0.0018956661224365234
134449,normal,2825,0,1782360266.4804502,0.0019888877868652344
134450,normal,2572,0,1782360266.4824345,0.0019843578338623047
134451,normal,3318,1,1782360266.4845772,0.002142667770385742
134452,normal,2471,0,1782360266.4863217,0.0017445087432861328
134453,normal,204,0,1782360266.488413,0.0020914077758789062
134454,normal,1450,0,1782360266.4905684,0.002155303955078125
134455,normal,2202,0,1782360266.4922998,0.0017313957214355469
134456,normal,355,0,1782360266.4945672,0.0022673606872558594
134457,normal,1151,0,1782360266.4964352,0.0018680095672607422
134458,normal,3631,0,1782360266.4982998,0.0018646717071533203
134459,normal,2619,0,1782360266.500565,0.0022652149200439453
134460,normal,2191,0,1782360266.5024533,0.001888275146484375
134461,normal,2026,0,1782360266.5044518,0.001998424530029297
134462,normal,3413,0,1782360266.5064359,0.001984119415283203
134463,normal,69,0,1782360266.5085928,0.002156972885131836
134464,normal,1014,2,1782360266.51032,0.0017271041870117188
134465,normal,221,0,1782360266.5125508,0.0022308826446533203
134466,normal,3379,1,1782360266.5144455,0.0018947124481201172
134467,normal,683,0,1782360266.5162957,0.001850128173828125
134468,normal,2038,0,1782360266.5185897,0.0022940635681152344
134469,normal,1182,0,1782360266.5204356,0.0018458366394042969
134470,normal,3020,0,1782360266.522458,0.0020225048065185547
134471,normal,406,0,1782360266.5244455,0.001987457275390625
134472,normal,257,0,1782360266.5265841,0.0021386146545410156
134473,normal,3461,0,1782360266.5282912,0.0017070770263671875
134474,normal,2756,0,1782360266.5305653,0.002274036407470703
134475,normal,2295,0,1782360266.5324373,0.0018720626831054688
134476,normal,318,0,1782360266.5344627,0.0020253658294677734
134477,normal,2248,0,1782360266.5364356,0.0019729137420654297
134478,normal,1232,0,1782360266.5385807,0.002145051956176758
134479,normal,2484,0,1782360266.5403202,0.001739501953125
134480,normal,1745,0,1782360266.5425484,0.002228260040283203
134481,normal,1348,1,1782360266.544446,0.001897573471069336
134482,normal,2076,0,1782360266.5463,0.00185394287109375
134483,normal,3572,0,1782360266.5485659,0.00226593017578125
134484,normal,72,0,1782360266.5504453,0.0018794536590576172
134485,normal,3552,0,1782360266.5523024,0.0018570423126220703
134486,normal,3284,1,1782360266.5545764,0.002274036407470703
134487,normal,2750,0,1782360266.5564575,0.0018811225891113281
134488,normal,2163,0,1782360266.5584543,0.001996755599975586
134489,normal,307,0,1782360266.5604362,0.001981973648071289
134490,normal,2559,0,1782360266.5625772,0.0021409988403320312
134491,normal,998,2,1782360266.5643215,0.0017442703247070312
134492,normal,2595,0,1782360266.5665526,0.002231121063232422
134493,normal,1517,0,1782360266.5684435,0.0018908977508544922
134494,normal,3615,0,1782360266.5702887,0.0018451213836669922
134495,normal,2012,0,1782360266.572569,0.0022802352905273438
134496,normal,2909,0,1782360266.5744424,0.0018734931945800781
134497,normal,3215,1,1782360266.5764768,0.002034425735473633
134498,normal,2988,0,1782360266.578434,0.0019571781158447266
134499,normal,3434,0,1782360266.5804334,0.001999378204345703
134500,normal,3403,0,1782360266.5823307,0.0018973350524902344
134501,normal,2392,0,1782360266.584567,0.0022363662719726562
134502,normal,3614,0,1782360266.5864391,0.0018720626831054688
134503,normal,2395,0,1782360266.5883172,0.0018780231475830078
134504,normal,1848,0,1782360266.5905664,0.0022492408752441406
134505,normal,1424,0,1782360266.5924442,0.0018777847290039062
134506,normal,1831,0,1782360266.594301,0.0018568038940429688
134507,normal,1442,0,1782360266.5965757,0.002274751663208008
134508,normal,815,2,1782360266.5984519,0.0018761157989501953
134509,normal,1664,0,1782360266.6002998,0.001847982406616211
134510,normal,900,2,1782360266.60257,0.002270221710205078
134511,normal,829,2,1782360266.604447,0.0018768310546875
134512,normal,1634,0,1782360266.6063075,0.0018606185913085938
134513,normal,946,2,1782360266.608567,0.002259492874145508
134514,normal,2172,0,1782360266.6104455,0.001878499984741211
134515,normal,1441,0,1782360266.6123016,0.001856088638305664
134516,normal,1952,0,1782360266.6145675,0.00226593017578125
134517,normal,559,0,1782360266.6164527,0.0018851757049560547
134518,normal,2472,0,1782360266.6183064,0.0018537044525146484
134519,normal,914,2,1782360266.6205647,0.00225830078125
134520,normal,13,0,1782360266.622444,0.0018792152404785156
134521,normal,3021,0,1782360266.6242907,0.0018467903137207031
134522,normal,3612,0,1782360266.6265655,0.002274751663208008
134523,normal,3465,0,1782360266.628452,0.001886606216430664
134524,normal,1556,0,1782360266.630293,0.001840829849243164
134525,normal,562,0,1782360266.6325705,0.0022776126861572266
134526,normal,681,0,1782360266.63446,0.0018894672393798828
134527,normal,2547,0,1782360266.6363058,0.0018458366394042969
134528,normal,758,0,1782360266.638565,0.0022592544555664062
134529,normal,2803,0,1782360266.6404417,0.0018765926361083984
134530,normal,1660,0,1782360266.6423135,0.0018718242645263672
134531,normal,1656,0,1782360266.6445792,0.0022656917572021484
134532,normal,831,2,1782360266.6464443,0.0018651485443115234
134533,normal,1535,0,1782360266.6484709,0.0020265579223632812
134534,normal,901,2,1782360266.6504357,0.0019648075103759766
134535,normal,104,0,1782360266.6528122,0.002376556396484375
134536,normal,2837,0,1782360266.6543074,0.0014951229095458984
134537,normal,2231,0,1782360266.6565657,0.00225830078125
134538,normal,3457,0,1782360266.6584394,0.0018737316131591797
134539,normal,2560,0,1782360266.6604702,0.0020308494567871094
134540,normal,2368,0,1782360266.6623225,0.001852273941040039
134541,normal,1331,1,1782360266.6651082,0.0027856826782226562
134542,normal,3160,1,1782360266.6662974,0.0011892318725585938
134543,normal,1205,0,1782360266.6685653,0.0022678375244140625
134544,normal,2862,0,1782360266.6704283,0.0018630027770996094
134545,normal,2346,0,1782360266.67248,0.002051830291748047
134546,normal,2884,0,1782360266.6744275,0.0019474029541015625
134547,normal,1750,0,1782360266.6765213,0.002093791961669922
134548,normal,469,0,1782360266.6784282,0.0019068717956542969
134549,normal,3698,0,1782360266.680465,0.0020368099212646484
134550,normal,99,0,1782360266.6825826,0.002117633819580078
134551,normal,179,0,1782360266.6843238,0.001741170883178711
134552,normal,2051,0,1782360266.686569,0.002245187759399414
134553,normal,3682,0,1782360266.6884048,0.0018358230590820312
134554,normal,30,0,1782360266.6904628,0.0020580291748046875
134555,normal,3127,1,1782360266.692417,0.0019540786743164062
134556,normal,2911,0,1782360266.6944664,0.0020494461059570312
134557,normal,2649,0,1782360266.6964278,0.0019614696502685547
134558,normal,839,2,1782360266.6984673,0.0020394325256347656
134559,normal,2865,0,1782360266.700578,0.002110719680786133
134560,normal,1285,0,1782360266.7023206,0.0017426013946533203
134561,normal,631,0,1782360266.704556,0.00223541259765625
134562,normal,70,0,1782360266.706427,0.0018711090087890625
134563,normal,2353,0,1782360266.7082946,0.001867532730102539
134564,normal,597,0,1782360266.7113464,0.0030517578125
134565,normal,1607,0,1782360266.7125683,0.0012218952178955078
134566,normal,1323,1,1782360266.7142954,0.0017271041870117188
134567,normal,2625,0,1782360266.7164361,0.0021407604217529297
134568,normal,547,0,1782360266.7185528,0.002116680145263672
134569,normal,1228,0,1782360266.72032,0.0017671585083007812
134570,normal,11,0,1782360266.7225542,0.002234220504760742
134571,normal,2106,0,1782360266.724368,0.0018138885498046875
134572,normal,1499,0,1782360266.7265725,0.002204418182373047
134573,normal,824,2,1782360266.7283466,0.0017740726470947266
134574,normal,2305,0,1782360266.7305882,0.0022416114807128906
134575,normal,3649,0,1782360266.7323265,0.0017383098602294922
134576,normal,3452,0,1782360266.734553,0.002226591110229492
134577,normal,633,0,1782360266.736365,0.001811981201171875
134578,normal,1472,0,1782360266.7384295,0.0020644664764404297
134579,normal,1451,0,1782360266.7404675,0.0020380020141601562
134580,normal,2355,0,1782360266.742599,0.0021314620971679688
134581,normal,1294,0,1782360266.74433,0.0017309188842773438
134582,normal,2629,0,1782360266.7465572,0.002227306365966797
134583,normal,500,0,1782360266.7483723,0.0018150806427001953
134584,normal,2168,0,1782360266.7507536,0.0023813247680664062
134585,normal,60,0,1782360266.7524605,0.001706838607788086
134586,normal,2237,0,1782360266.7546237,0.0021631717681884766
134587,normal,3707,0,1782360266.7564566,0.0018329620361328125
134588,normal,2622,0,1782360266.758304,0.0018475055694580078
134589,normal,1077,0,1782360266.7605808,0.0022766590118408203
134590,normal,2101,0,1782360266.762309,0.0017282962799072266
134591,normal,209,0,1782360266.7645717,0.002262592315673828
134592,normal,774,2,1782360266.7664511,0.0018794536590576172
134593,normal,980,2,1782360266.7688146,0.002363443374633789
134594,normal,3453,0,1782360266.7704563,0.0016417503356933594
134595,normal,1544,0,1782360266.772617,0.002160787582397461
134596,normal,557,0,1782360266.774331,0.0017139911651611328
134597,normal,2234,0,1782360266.77655,0.002218961715698242
134598,normal,3600,0,1782360266.7784684,0.0019183158874511719
134599,normal,1420,0,1782360266.7806218,0.0021533966064453125
134600,normal,1059,0,1782360266.7824543,0.0018324851989746094
134601,normal,3642,0,1782360266.7845974,0.0021431446075439453
134602,normal,3083,1,1782360266.786343,0.0017457008361816406
134603,normal,3670,0,1782360266.7885466,0.0022034645080566406
134604,normal,3149,1,1782360266.7904537,0.0019071102142333984
134605,normal,2016,0,1782360266.7924502,0.0019965171813964844
134606,normal,3370,1,1782360266.7944324,0.0019822120666503906
134607,normal,1104,0,1782360266.796604,0.0021715164184570312
134608,normal,1333,1,1782360266.798315,0.001711130142211914
134609,normal,3014,0,1782360266.8005483,0.002233266830444336
134610,normal,3319,1,1782360266.8024476,0.0018992424011230469
134611,normal,1337,1,1782360266.8044453,0.001997709274291992
134612,normal,295,0,1782360266.8064492,0.002003908157348633
134613,normal,8,0,1782360266.8086028,0.002153635025024414
134614,normal,3334,1,1782360266.810324,0.0017211437225341797
134615,normal,2042,0,1782360266.8124177,0.002093791961669922
134616,normal,2728,0,1782360266.8145552,0.002137422561645508
134617,normal,3254,1,1782360266.816261,0.0017058849334716797
134618,normal,2944,0,1782360266.8185303,0.002269268035888672
134619,normal,417,0,1782360266.82041,0.0018796920776367188
134620,normal,92,0,1782360266.8222628,0.0018527507781982422
134621,normal,1000,2,1782360266.8244462,0.0021834373474121094
134622,normal,2613,0,1782360266.8264627,0.0020165443420410156
134623,normal,468,0,1782360266.8282738,0.0018110275268554688
134624,normal,3184,1,1782360266.8304381,0.0021643638610839844
134625,normal,3116,1,1782360266.832435,0.001996755599975586
134626,normal,1367,1,1782360266.8342648,0.0018298625946044922
134627,normal,1018,2,1782360266.8364365,0.002171754837036133
134628,normal,1080,0,1782360266.8384542,0.0020177364349365234
134629,normal,118,0,1782360266.8402681,0.0018138885498046875
134630,normal,253,0,1782360266.8424366,0.002168416976928711
134631,normal,1802,0,1782360266.8444414,0.002004861831665039
134632,normal,3178,1,1782360266.8462517,0.001810312271118164
134633,normal,1290,0,1782360266.8484206,0.002168893814086914
134634,normal,2752,0,1782360266.8504374,0.002016782760620117
134635,normal,1956,0,1782360266.8522635,0.0018260478973388672
134636,normal,1696,0,1782360266.8544395,0.002176046371459961
134637,normal,3389,1,1782360266.8564613,0.00202178955078125
134638,normal,852,2,1782360266.8582613,0.0018000602722167969
134639,normal,3647,0,1782360266.860435,0.0021736621856689453
134640,normal,2579,0,1782360266.862444,0.0020089149475097656
134641,normal,1878,0,1782360266.8642514,0.0018074512481689453
134642,normal,573,0,1782360266.8664186,0.002167224884033203
134643,normal,1536,0,1782360266.868451,0.0020325183868408203
134644,normal,1122,0,1782360266.8702717,0.0018205642700195312
134645,normal,268,0,1782360266.8724349,0.0021631717681884766
134646,normal,2035,0,1782360266.874452,0.0020172595977783203
134647,normal,2890,0,1782360266.8762512,0.0017991065979003906
134648,normal,2405,0,1782360266.8783593,0.0021080970764160156
134649,normal,6,0,1782360266.880353,0.0019936561584472656
134650,normal,1049,0,1782360266.8823178,0.0019648075103759766
134651,normal,3275,1,1782360266.8852112,0.0028934478759765625
134652,normal,1932,0,1782360266.8862436,0.0010323524475097656
134653,normal,2374,0,1782360266.8884144,0.0021708011627197266
134654,normal,412,0,1782360266.8902292,0.0018148422241210938
134655,normal,622,0,1782360266.892209,0.001979827880859375
134656,normal,3030,0,1782360266.8941677,0.001958608627319336
134657,normal,1791,0,1782360266.8962605,0.0020928382873535156
134658,normal,2464,0,1782360266.8983226,0.002062082290649414
134659,normal,2365,0,1782360266.9002068,0.0018842220306396484
134660,normal,454,0,1782360266.9021883,0.001981496810913086
134661,normal,1221,0,1782360266.9043324,0.0021440982818603516
134662,normal,2685,0,1782360266.9063807,0.0020482540130615234
134663,normal,3396,1,1782360266.9083805,0.0019998550415039062
134664,normal,1204,0,1782360266.910328,0.0019474029541015625
134665,normal,2204,0,1782360266.912206,0.0018780231475830078
134666,normal,574,0,1782360266.914335,0.002129077911376953
134667,normal,1047,0,1782360266.916411,0.0020759105682373047
134668,normal,2424,0,1782360266.918323,0.0019121170043945312
134669,normal,3621,0,1782360266.9203293,0.0020062923431396484
134670,normal,258,0,1782360266.9223824,0.0020530223846435547
134671,normal,1013,2,1782360266.9243274,0.0019450187683105469
134672,normal,3399,1,1782360266.9263036,0.0019762516021728516
134673,normal,609,0,1782360266.928443,0.0021393299102783203
134674,normal,801,2,1782360266.9303305,0.0018875598907470703
134675,normal,1394,0,1782360266.9323378,0.0020072460174560547
134676,normal,173,0,1782360266.9343982,0.002060413360595703
134677,normal,937,2,1782360266.9363186,0.001920461654663086
134678,normal,2832,0,1782360266.9382858,0.001967191696166992
134679,normal,1680,0,1782360266.940436,0.0021500587463378906
134680,normal,290,0,1782360266.942431,0.001995086669921875
134681,normal,259,0,1782360266.944482,0.002051115036010742
134682,normal,2302,0,1782360266.9467204,0.0022382736206054688
134683,normal,3694,0,1782360266.9483435,0.0016231536865234375
134684,normal,3328,1,1782360266.950448,0.002104520797729492
134685,normal,3639,0,1782360266.9523697,0.0019216537475585938
134686,normal,1652,0,1782360266.9543917,0.0020220279693603516
134687,normal,2067,0,1782360266.9563513,0.001959562301635742
134688,normal,3219,1,1782360266.958411,0.0020596981048583984
134689,normal,2411,0,1782360266.9603367,0.0019257068634033203
134690,normal,1774,0,1782360266.962446,0.0021092891693115234
134691,normal,3264,1,1782360266.9644039,0.0019578933715820312
134692,normal,2859,0,1782360266.9663877,0.0019838809967041016
134693,normal,473,0,1782360266.9682858,0.001898050308227539
134694,normal,2021,0,1782360266.9703228,0.00203704833984375
134695,normal,2358,0,1782360266.9723558,0.0020329952239990234
134696,normal,549,0,1782360266.9741807,0.0018248558044433594
134697,normal,2726,0,1782360266.9762418,0.002061128616333008
134698,normal,3652,0,1782360266.9782584,0.0020165443420410156
134699,normal,794,2,1782360266.9803247,0.002066373825073242
134700,normal,950,2,1782360266.9822483,0.0019235610961914062
134701,normal,3604,0,1782360266.9843092,0.0020608901977539062
134702,normal,2264,0,1782360266.986331,0.00202178955078125
134703,normal,1263,0,1782360266.9882975,0.0019664764404296875
134704,normal,2761,0,1782360266.9902318,0.0019342899322509766
134705,normal,1452,0,1782360266.9923437,0.0021119117736816406
134706,normal,2131,0,1782360266.9943514,0.002007722854614258
134707,normal,1345,1,1782360266.9963229,0.0019714832305908203
134708,normal,908,2,1782360266.9983273,0.002004384994506836
134709,normal,2511,0,1782360267.00033,0.002002716064453125
134710,normal,230,0,1782360267.0023353,0.002005338668823242
134711,normal,2373,0,1782360267.0043068,0.0019714832305908203
134712,normal,551,0,1782360267.0063078,0.002001047134399414
134713,normal,2434,0,1782360267.0082817,0.001973867416381836
134714,normal,3638,0,1782360267.0103378,0.002056121826171875
134715,normal,970,2,1782360267.012345,0.0020072460174560547
134716,normal,3089,1,1782360267.0143564,0.0020112991333007812
134717,normal,2294,0,1782360267.0163815,0.002025127410888672
134718,normal,1462,0,1782360267.0184515,0.0020699501037597656
134719,normal,823,2,1782360267.0203466,0.0018951892852783203
134720,normal,2813,0,1782360267.022432,0.002085447311401367
134721,normal,66,0,1782360267.0244706,0.0020384788513183594
134722,normal,150,0,1782360267.0263186,0.001847982406616211
134723,normal,1054,0,1782360267.0283115,0.001992940902709961
134724,normal,480,0,1782360267.0303,0.0019884109497070312
134725,normal,3565,0,1782360267.032298,0.0019981861114501953
134726,normal,1767,0,1782360267.0344875,0.0021893978118896484
134727,normal,1366,1,1782360267.0362897,0.001802206039428711
134728,normal,3610,0,1782360267.0382926,0.0020029544830322266
134729,normal,865,2,1782360267.0402906,0.0019979476928710938
134730,normal,2540,0,1782360267.0422916,0.002001047134399414
134731,normal,1959,0,1782360267.0447326,0.002440929412841797
134732,normal,986,2,1782360267.0463696,0.0016369819641113281
134733,normal,1277,0,1782360267.0485263,0.0021567344665527344
134734,normal,2876,0,1782360267.0502987,0.0017724037170410156
134735,normal,121,0,1782360267.052344,0.0020453929901123047
134736,normal,1208,0,1782360267.0544612,0.002117156982421875
134737,normal,1231,0,1782360267.0563438,0.0018825531005859375
134738,normal,1976,0,1782360267.058447,0.002103090286254883
134739,normal,411,0,1782360267.0604413,0.0019943714141845703
134740,normal,3697,0,1782360267.062348,0.0019066333770751953
134741,normal,771,0,1782360267.064351,0.002003192901611328
134742,normal,1675,0,1782360267.0663383,0.0019872188568115234
134743,normal,1291,0,1782360267.0683339,0.001995563507080078
134744,normal,2029,0,1782360267.0705423,0.0022084712982177734
134745,normal,983,2,1782360267.0724366,0.001894235610961914
134746,normal,2312,0,1782360267.0744054,0.001968860626220703
134747,normal,812,2,1782360267.0764046,0.0019991397857666016
134748,normal,2060,0,1782360267.0783997,0.001995086669921875
134749,normal,1913,0,1782360267.080428,0.002028226852416992
134750,normal,533,0,1782360267.0822842,0.0018563270568847656
134751,normal,263,0,1782360267.0846884,0.0024042129516601562
134752,normal,1353,1,1782360267.0863757,0.0016872882843017578
134753,normal,1260,0,1782360267.088341,0.0019652843475341797
134754,normal,1704,0,1782360267.090435,0.0020940303802490234
134755,normal,1741,0,1782360267.0924888,0.0020537376403808594
134756,normal,1710,0,1782360267.094215,0.0017261505126953125
134757,normal,1440,0,1782360267.0963073,0.0020923614501953125
134758,normal,2164,0,1782360267.0983622,0.002054929733276367
134759,normal,1883,0,1782360267.1003275,0.0019652843475341797
134760,normal,2701,0,1782360267.1023285,0.002001047134399414
134761,normal,1568,0,1782360267.1043193,0.001990795135498047
134762,normal,698,0,1782360267.1063175,0.0019981861114501953
134763,normal,2219,0,1782360267.1083431,0.002025604248046875
134764,normal,1415,0,1782360267.1103687,0.002025604248046875
134765,normal,2975,0,1782360267.1124003,0.002031564712524414
134766,normal,1135,0,1782360267.1143272,0.0019268989562988281
134767,normal,331,0,1782360267.1163423,0.0020151138305664062
134768,normal,2109,0,1782360267.1183665,0.0020241737365722656
134769,normal,2663,0,1782360267.1203856,0.002019166946411133
134770,normal,964,2,1782360267.1223857,0.002000093460083008
134771,normal,1990,0,1782360267.124287,0.0019011497497558594
134772,normal,2410,0,1782360267.126335,0.002048015594482422
134773,normal,2394,0,1782360267.128355,0.002020120620727539
134774,normal,2713,0,1782360267.130323,0.001967906951904297
134775,normal,976,2,1782360267.1323283,0.002005338668823242
134776,normal,1389,0,1782360267.1343265,0.0019981861114501953
134777,normal,3414,0,1782360267.1363518,0.0020253658294677734
134778,normal,3408,0,1782360267.1383548,0.0020029544830322266
134779,normal,226,0,1782360267.1403172,0.001962423324584961
134780,normal,1368,1,1782360267.142297,0.001979827880859375
134781,normal,2170,0,1782360267.1443133,0.002016305923461914
134782,normal,3011,0,1782360267.1463103,0.0019969940185546875
134783,normal,3195,1,1782360267.148307,0.001996755599975586
134784,normal,886,2,1782360267.1503558,0.0020487308502197266
134785,normal,775,2,1782360267.1525428,0.002187013626098633
134786,normal,2246,0,1782360267.1544054,0.0018625259399414062
134787,normal,2330,0,1782360267.1563523,0.0019469261169433594
134788,normal,3352,1,1782360267.1583364,0.001984119415283203
134789,normal,2045,0,1782360267.1603322,0.0019958019256591797
134790,normal,1947,0,1782360267.1623032,0.001971006393432617
134791,normal,2748,0,1782360267.1642842,0.001981019973754883
134792,normal,2583,0,1782360267.1662674,0.001983165740966797
134793,normal,2805,0,1782360267.1683292,0.0020618438720703125
134794,normal,3472,0,1782360267.1703918,0.002062559127807617
134795,normal,2003,0,1782360267.1723764,0.0019845962524414062
134796,normal,2175,0,1782360267.1744688,0.0020923614501953125
134797,normal,956,2,1782360267.1765404,0.0020716190338134766
134798,normal,2830,0,1782360267.1782548,0.001714468002319336
134799,normal,2479,0,1782360267.1803782,0.0021233558654785156
134800,normal,1845,0,1782360267.182465,0.0020868778228759766
134801,normal,2634,0,1782360267.1843083,0.0018432140350341797
134802,normal,910,2,1782360267.186292,0.001983642578125
134803,normal,1868,0,1782360267.1883178,0.0020258426666259766
134804,normal,542,0,1782360267.1902986,0.0019807815551757812
134805,normal,2322,0,1782360267.192372,0.002073526382446289
134806,normal,2459,0,1782360267.194348,0.00197601318359375
134807,normal,3695,0,1782360267.196286,0.0019378662109375
134808,normal,920,2,1782360267.1982849,0.0019989013671875
134809,normal,1488,0,1782360267.2002864,0.002001523971557617
134810,normal,1764,0,1782360267.2024314,0.002145051956176758
134811,normal,1111,0,1782360267.204756,0.0023245811462402344
134812,normal,599,0,1782360267.2063427,0.0015866756439208984
134813,normal,335,0,1782360267.2083626,0.0020198822021484375
134814,normal,1586,0,1782360267.2103279,0.0019652843475341797
134815,normal,2779,0,1782360267.2123272,0.001999378204345703
134816,normal,1436,0,1782360267.2143588,0.002031564712524414
134817,normal,2863,0,1782360267.2165763,0.002217531204223633
134818,normal,2107,0,1782360267.2183025,0.0017261505126953125
134819,normal,2710,0,1782360267.2203279,0.0020253658294677734
134820,normal,737,0,1782360267.2223256,0.001997709274291992
134821,normal,35,0,1782360267.224327,0.002001523971557617
134822,normal,2185,0,1782360267.2263312,0.0020041465759277344
134823,normal,3442,0,1782360267.228555,0.0022237300872802734
134824,normal,2369,0,1782360267.2303393,0.0017843246459960938
134825,normal,2201,0,1782360267.2324102,0.002070903778076172
134826,normal,324,0,1782360267.2344007,0.0019905567169189453
134827,normal,1608,0,1782360267.2364104,0.0020096302032470703
134828,normal,1386,0,1782360267.2383354,0.0019249916076660156
134829,normal,2255,0,1782360267.2405367,0.0022013187408447266
134830,normal,2444,0,1782360267.242434,0.0018973350524902344
134831,normal,2364,0,1782360267.2443397,0.001905679702758789
134832,normal,2123,0,1782360267.2465837,0.0022439956665039062
134833,normal,1173,0,1782360267.2485125,0.0019288063049316406
134834,normal,1159,0,1782360267.2503827,0.0018701553344726562
134835,normal,2166,0,1782360267.2523024,0.0019197463989257812
134836,normal,1313,0,1782360267.2543244,0.0020220279693603516
134837,normal,909,2,1782360267.2563443,0.0020198822021484375
134838,normal,1194,0,1782360267.258352,0.002007722854614258
134839,normal,973,2,1782360267.2603254,0.001973390579223633
134840,normal,2019,0,1782360267.262322,0.0019965171813964844
134841,normal,981,2,1782360267.2653258,0.003003835678100586
134842,normal,3154,1,1782360267.2662356,0.0009098052978515625
134843,normal,1611,0,1782360267.2683773,0.002141714096069336
134844,normal,1397,0,1782360267.2703655,0.0019881725311279297
134845,normal,3306,1,1782360267.2724028,0.0020372867584228516
134846,normal,3152,1,1782360267.2743082,0.0019054412841796875
134847,normal,1712,0,1782360267.2763567,0.002048492431640625
134848,normal,3103,1,1782360267.2783706,0.0020139217376708984
134849,normal,102,0,1782360267.2803726,0.0020020008087158203
134850,normal,889,2,1782360267.282364,0.00199127197265625
134851,normal,1757,0,1782360267.2842984,0.0019345283508300781
134852,normal,2732,0,1782360267.2863417,0.0020432472229003906
134853,normal,2425,0,1782360267.288353,0.0020112991333007812
134854,normal,2413,0,1782360267.2902572,0.0019042491912841797
134855,normal,3400,1,1782360267.2923348,0.0020775794982910156
134856,normal,68,0,1782360267.2943416,0.0020067691802978516
134857,normal,188,0,1782360267.2963405,0.0019989013671875
134858,normal,3084,1,1782360267.2984035,0.0020630359649658203
134859,normal,2504,0,1782360267.3002653,0.0018618106842041016
134860,normal,1873,0,1782360267.302326,0.0020606517791748047
134861,normal,3506,0,1782360267.3043346,0.002008676528930664
134862,normal,359,0,1782360267.3063233,0.001988649368286133
134863,normal,447,0,1782360267.3083298,0.00200653076171875
134864,normal,1037,0,1782360267.310316,0.001986265182495117
134865,normal,3524,0,1782360267.3123603,0.002044200897216797
134866,normal,34,0,1782360267.3143897,0.0020294189453125
134867,normal,2887,0,1782360267.316452,0.0020623207092285156
134868,normal,2658,0,1782360267.3183289,0.0018768310546875
134869,normal,3069,1,1782360267.320339,0.0020101070404052734
134870,normal,1273,0,1782360267.3223565,0.002017498016357422
134871,normal,2220,0,1782360267.3243067,0.0019502639770507812
134872,normal,1808,0,1782360267.3263211,0.0020143985748291016
134873,normal,1426,0,1782360267.3282807,0.001959562301635742
134874,normal,691,0,1782360267.330364,0.002083301544189453
134875,normal,613,0,1782360267.332378,0.0020139217376708984
134876,normal,915,2,1782360267.3343842,0.0020062923431396484
134877,normal,1870,0,1782360267.3364446,0.002060413360595703
134878,normal,3527,0,1782360267.338446,0.0020012855529785156
134879,normal,1920,0,1782360267.3404381,0.0019922256469726562
134880,normal,1967,0,1782360267.3424006,0.001962423324584961
134881,normal,2102,0,1782360267.3444273,0.002026796340942383
134882,normal,3368,1,1782360267.3464537,0.0020263195037841797
134883,normal,2549,0,1782360267.3484929,0.002039194107055664
134884,normal,1925,0,1782360267.3502479,0.0017549991607666016
134885,normal,3595,0,1782360267.3524516,0.002203702926635742
134886,normal,2207,0,1782360267.3544328,0.0019812583923339844
134887,normal,2824,0,1782360267.356439,0.0020062923431396484
134888,normal,1825,0,1782360267.358312,0.0018727779388427734
134889,normal,1043,0,1782360267.3603492,0.0020372867584228516
134890,normal,2808,0,1782360267.3623154,0.001966238021850586
134891,normal,2150,0,1782360267.3644133,0.0020978450775146484
134892,normal,591,0,1782360267.3668156,0.0024023056030273438
134893,normal,1315,0,1782360267.3682995,0.001483917236328125
134894,normal,596,0,1782360267.370452,0.0021524429321289062
134895,normal,3182,1,1782360267.37232,0.0018680095672607422
134896,normal,2770,0,1782360267.374337,0.0020170211791992188
134897,normal,167,0,1782360267.3762765,0.001939535140991211
134898,normal,855,2,1782360267.3783345,0.0020580291748046875
134899,normal,2251,0,1782360267.380389,0.002054452896118164
134900,normal,825,2,1782360267.3823202,0.0019311904907226562
134901,normal,1533,0,1782360267.384328,0.002007722854614258
134902,normal,33,0,1782360267.3863344,0.00200653076171875
134903,normal,350,0,1782360267.3884778,0.002143383026123047
134904,normal,2518,0,1782360267.3904135,0.001935720443725586
134905,normal,3674,0,1782360267.3924723,0.002058744430541992
134906,normal,1455,0,1782360267.3943582,0.0018858909606933594
134907,normal,2187,0,1782360267.3965101,0.002151966094970703
134908,normal,2738,0,1782360267.3983588,0.0018486976623535156
134909,normal,2155,0,1782360267.400483,0.0021240711212158203
134910,normal,3212,1,1782360267.4025002,0.0020172595977783203
134911,normal,3278,1,1782360267.4043863,0.001886129379272461
134912,normal,1322,1,1782360267.4067442,0.002357959747314453
134913,normal,1518,0,1782360267.408468,0.0017237663269042969
134914,normal,1114,0,1782360267.410294,0.0018260478973388672
134915,normal,3087,1,1782360267.412512,0.002218008041381836
134916,normal,56,0,1782360267.414786,0.002274036407470703
134917,normal,757,0,1782360267.4162962,0.0015101432800292969
134918,normal,1748,0,1782360267.4184074,0.002111196517944336
134919,normal,1509,0,1782360267.4204178,0.002010345458984375
134920,normal,2687,0,1782360267.4223275,0.0019097328186035156
134921,normal,1809,0,1782360267.424428,0.0021004676818847656
134922,normal,3031,0,1782360267.4264286,0.002000570297241211
134923,normal,46,0,1782360267.4283261,0.001897573471069336
134924,normal,3130,1,1782360267.430427,0.0021009445190429688
134925,normal,3230,1,1782360267.4324741,0.0020470619201660156
134926,normal,2005,0,1782360267.4343958,0.0019216537475585938
134927,normal,890,2,1782360267.4363797,0.0019838809967041016
134928,normal,2361,0,1782360267.4384294,0.002049684524536133
134929,normal,579,0,1782360267.4403589,0.0019295215606689453
134930,normal,2916,0,1782360267.442366,0.002007007598876953
134931,normal,438,0,1782360267.4444818,0.002115964889526367
134932,normal,797,2,1782360267.4463437,0.0018618106842041016
134933,normal,1823,0,1782360267.4484258,0.0020821094512939453
134934,normal,761,0,1782360267.4504292,0.0020034313201904297
134935,normal,215,0,1782360267.4523382,0.001909017562866211
134936,normal,3571,0,1782360267.454454,0.0021157264709472656
134937,normal,3383,1,1782360267.4564328,0.0019788742065429688
134938,normal,689,0,1782360267.4583466,0.0019137859344482422
134939,normal,3498,0,1782360267.460466,0.002119302749633789
134940,normal,3363,1,1782360267.462332,0.0018661022186279297
134941,normal,509,0,1782360267.4644234,0.0020914077758789062
134942,normal,1214,0,1782360267.4663193,0.001895904541015625
134943,normal,276,0,1782360267.4684153,0.002095937728881836
134944,normal,1002,2,1782360267.4703116,0.0018963813781738281
134945,normal,2509,0,1782360267.4724326,0.0021209716796875
134946,normal,94,0,1782360267.4744635,0.0020308494567871094
134947,normal,854,2,1782360267.4764602,0.001996755599975586
134948,normal,2437,0,1782360267.4782598,0.0017995834350585938
134949,normal,127,0,1782360267.4804368,0.002177000045776367
134950,normal,2747,0,1782360267.4823532,0.0019164085388183594
134951,normal,2652,0,1782360267.4843998,0.0020465850830078125
134952,normal,2587,0,1782360267.4864092,0.0020093917846679688
134953,normal,2936,0,1782360267.4883146,0.0019054412841796875
134954,normal,1924,0,1782360267.4904056,0.002090930938720703
134955,normal,2229,0,1782360267.4923732,0.0019676685333251953
134956,normal,2588,0,1782360267.494317,0.001943826675415039
134957,normal,2063,0,1782360267.4963887,0.0020716190338134766
134958,normal,2806,0,1782360267.4983764,0.0019876956939697266
134959,normal,2954,0,1782360267.5002966,0.0019202232360839844
134960,normal,1039,0,1782360267.5023293,0.002032756805419922
134961,normal,1687,0,1782360267.5043948,0.002065420150756836
134962,normal,1813,0,1782360267.5062528,0.0018579959869384766
134963,normal,2119,0,1782360267.5083117,0.0020589828491210938
134964,normal,2651,0,1782360267.510347,0.0020351409912109375
134965,normal,299,0,1782360267.512263,0.0019161701202392578
134966,normal,1565,0,1782360267.5143301,0.002067089080810547
134967,normal,1539,0,1782360267.516331,0.0020008087158203125
134968,normal,481,0,1782360267.5183132,0.0019822120666503906
134969,normal,394,0,1782360267.52035,0.0020368099212646484
134970,normal,3146,1,1782360267.5223553,0.002005338668823242
134971,normal,374,0,1782360267.524273,0.0019176006317138672
134972,normal,2956,0,1782360267.5268004,0.002527475357055664
134973,normal,3560,0,1782360267.5284715,0.0016710758209228516
134974,normal,1832,0,1782360267.5301955,0.0017240047454833984
134975,normal,928,2,1782360267.5323265,0.0021309852600097656
134976,normal,1587,0,1782360267.5343153,0.0019888877868652344
134977,normal,2528,0,1782360267.5363102,0.0019948482513427734
134978,normal,805,2,1782360267.538476,0.0021657943725585938
134979,normal,3009,0,1782360267.5403347,0.0018587112426757812
134980,normal,604,0,1782360267.542269,0.0019342899322509766
134981,normal,2352,0,1782360267.544328,0.0020589828491210938
134982,normal,1864,0,1782360267.5463197,0.001991748809814453
134983,normal,2776,0,1782360267.5483322,0.002012491226196289
134984,normal,1457,0,1782360267.5503943,0.002062082290649414
134985,normal,180,0,1782360267.552414,0.002019643783569336
134986,normal,1934,0,1782360267.5542443,0.0018303394317626953
134987,normal,883,2,1782360267.5563633,0.0021190643310546875
134988,normal,1183,0,1782360267.5583897,0.0020263195037841797
134989,normal,1412,0,1782360267.5602913,0.0019016265869140625
134990,normal,3668,0,1782360267.5623717,0.0020804405212402344
134991,normal,2970,0,1782360267.564421,0.0020492076873779297
134992,normal,198,0,1782360267.5662549,0.0018339157104492188
134993,normal,3364,1,1782360267.5683262,0.002071380615234375
134994,normal,3705,0,1782360267.5703871,0.0020608901977539062
134995,normal,2442,0,1782360267.5722928,0.001905679702758789
134996,normal,3412,0,1782360267.5743341,0.002041339874267578
134997,normal,1246,0,1782360267.5764437,0.002109527587890625
134998,normal,1776,0,1782360267.578325,0.0018813610076904297
134999,normal,635,0,1782360267.5803328,0.002007722854614258
135000,normal,1559,0,1782360267.5823293,0.0019965171813964844
135001,normal,1212,0,1782360267.5843253,0.0019960403442382812
135002,normal,1236,0,1782360267.5863817,0.0020563602447509766
135003,normal,666,0,1782360267.58841,0.002028226852416992
135004,normal,577,0,1782360267.5903761,0.001966238021850586
135005,normal,3070,1,1782360267.5923772,0.002001047134399414
135006,normal,2203,0,1782360267.5943267,0.0019495487213134766
135007,normal,234,0,1782360267.5963082,0.001981496810913086
135008,normal,3538,0,1782360267.5983515,0.0020432472229003906
135009,normal,1258,0,1782360267.6003664,0.0020148754119873047
135010,normal,2965,0,1782360267.6023147,0.0019483566284179688
135011,normal,1861,0,1782360267.604328,0.0020132064819335938
135012,normal,605,0,1782360267.6063404,0.002012491226196289
135013,normal,2989,0,1782360267.6083012,0.00196075439453125
135014,normal,88,0,1782360267.6103501,0.002048969268798828
135015,normal,3286,1,1782360267.6123471,0.0019969940185546875
135016,normal,1056,0,1782360267.6143115,0.0019643306732177734
135017,normal,1215,0,1782360267.6163728,0.0020613670349121094
135018,normal,926,2,1782360267.6183395,0.001966714859008789
135019,normal,441,0,1782360267.6203282,0.001988649368286133
135020,normal,2521,0,1782360267.6222856,0.001957416534423828
135021,normal,2388,0,1782360267.6243253,0.002039670944213867
135022,normal,3551,0,1782360267.6263223,0.0019969940185546875
135023,normal,194,0,1782360267.62833,0.002007722854614258
135024,normal,2709,0,1782360267.6303537,0.0020236968994140625
135025,normal,3221,1,1782360267.63248,0.0021262168884277344
135026,normal,3086,1,1782360267.634213,0.0017330646514892578
135027,normal,3058,1,1782360267.6363375,0.0021245479583740234
135028,normal,1778,0,1782360267.6383793,0.0020418167114257812
135029,normal,1524,0,1782360267.6403952,0.002015829086303711
135030,normal,2279,0,1782360267.6423857,0.0019905567169189453
135031,normal,119,0,1782360267.6443093,0.0019235610961914062
135032,normal,1180,0,1782360267.64642,0.002110719680786133
135033,normal,1372,1,1782360267.6484385,0.002018451690673828
135034,normal,2422,0,1782360267.650348,0.001909494400024414
135035,normal,1659,0,1782360267.6524694,0.002121448516845703
135036,normal,903,2,1782360267.6545296,0.0020601749420166016
135037,normal,328,0,1782360267.656529,0.001999378204345703
135038,normal,3204,1,1782360267.6583512,0.0018222332000732422
135039,normal,3677,0,1782360267.6605177,0.0021665096282958984
135040,normal,78,0,1782360267.662333,0.0018153190612792969
135041,normal,1603,0,1782360267.6644838,0.0021507740020751953
135042,normal,1695,0,1782360267.6663134,0.0018296241760253906
135043,normal,189,0,1782360267.668406,0.002092599868774414
135044,normal,2762,0,1782360267.6703084,0.0019023418426513672
135045,normal,2245,0,1782360267.6725557,0.002247333526611328
135046,normal,3360,1,1782360267.674218,0.0016622543334960938
135047,normal,3205,1,1782360267.6763961,0.002178192138671875
135048,normal,3507,0,1782360267.6783986,0.0020024776458740234
135049,normal,2323,0,1782360267.680315,0.0019164085388183594
135050,normal,583,0,1782360267.6827397,0.0024247169494628906
135051,normal,3192,1,1782360267.6843631,0.001623392105102539
135052,normal,3518,0,1782360267.6864624,0.002099275588989258
135053,normal,3513,0,1782360267.688207,0.0017445087432861328
135054,normal,1694,0,1782360267.6903331,0.0021262168884277344
135055,normal,2694,0,1782360267.6922958,0.0019626617431640625
135056,normal,3401,1,1782360267.6943417,0.002045869827270508
135057,normal,1896,0,1782360267.6965635,0.002221822738647461
135058,normal,3181,1,1782360267.698234,0.0016705989837646484
135059,normal,550,0,1782360267.700446,0.0022118091583251953
135060,normal,2162,0,1782360267.7023396,0.001893758773803711
135061,normal,2149,0,1782360267.7043486,0.0020089149475097656
135062,normal,360,0,1782360267.7064476,0.0020990371704101562
135063,normal,2538,0,1782360267.7085521,0.002104520797729492
135064,normal,1520,0,1782360267.7104826,0.0019304752349853516
135065,normal,342,0,1782360267.7123766,0.0018939971923828125
135066,normal,370,0,1782360267.7144916,0.002115011215209961
135067,normal,664,0,1782360267.7163498,0.0018582344055175781
135068,normal,2354,0,1782360267.718408,0.002058267593383789
135069,normal,3533,0,1782360267.7204452,0.00203704833984375
135070,normal,594,0,1782360267.7224898,0.002044677734375
135071,normal,490,0,1782360267.7244582,0.0019683837890625
135072,normal,3279,1,1782360267.7265012,0.002043008804321289
135073,normal,3095,1,1782360267.7282465,0.0017452239990234375
135074,normal,3037,0,1782360267.7305624,0.002315998077392578
135075,normal,1137,0,1782360267.732495,0.0019326210021972656
135076,normal,644,0,1782360267.7342412,0.0017461776733398438
135077,normal,558,0,1782360267.7364225,0.0021812915802001953
135078,normal,985,2,1782360267.7384303,0.002007722854614258
135079,normal,2669,0,1782360267.740341,0.0019106864929199219
135080,normal,170,0,1782360267.742341,0.002000093460083008
135081,normal,790,2,1782360267.744436,0.0020949840545654297
135082,normal,1161,0,1782360267.7463388,0.0019028186798095703
135083,normal,1724,0,1782360267.7484465,0.0021076202392578125
135084,normal,1160,0,1782360267.7504697,0.0020232200622558594
135085,normal,802,2,1782360267.7524114,0.001941680908203125
135086,normal,2620,0,1782360267.7544236,0.0020122528076171875
135087,normal,2189,0,1782360267.7564378,0.00201416015625
135088,normal,1532,0,1782360267.7583783,0.0019404888153076172
135089,normal,432,0,1782360267.7604728,0.0020945072174072266
135090,normal,2714,0,1782360267.7624037,0.0019309520721435547
135091,normal,2833,0,1782360267.764347,0.001943349838256836
135092,normal,518,0,1782360267.76646,0.002112865447998047
135093,normal,2079,0,1782360267.768443,0.001983165740966797
135094,normal,1978,0,1782360267.7703671,0.0019240379333496094
135095,normal,726,0,1782360267.7724564,0.002089262008666992
135096,normal,2487,0,1782360267.774463,0.00200653076171875
135097,normal,918,2,1782360267.776366,0.0019030570983886719
135098,normal,3123,1,1782360267.7784884,0.0021224021911621094
135099,normal,1777,0,1782360267.780473,0.0019845962524414062
135100,normal,783,2,1782360267.7823508,0.0018777847290039062
135101,normal,2682,0,1782360267.7844481,0.0020973682403564453
135102,normal,1105,0,1782360267.7864444,0.001996278762817383
135103,normal,3189,1,1782360267.7883573,0.001912832260131836
135104,normal,2542,0,1782360267.7903333,0.00197601318359375
135105,normal,2743,0,1782360267.792473,0.0021398067474365234
135106,normal,3289,1,1782360267.794392,0.0019190311431884766
135107,normal,2913,0,1782360267.7967215,0.0023293495178222656
135108,normal,1438,0,1782360267.798374,0.0016524791717529297
135109,normal,1944,0,1782360267.800363,0.001989126205444336
135110,normal,3454,0,1782360267.8023646,0.002001523971557617
135111,normal,3124,1,1782360267.8044708,0.002106189727783203
135112,normal,1149,0,1782360267.80626,0.0017893314361572266
135113,normal,2680,0,1782360267.808434,0.002173900604248047
135114,normal,245,0,1782360267.8104389,0.002004861831665039
135115,normal,476,0,1782360267.8123531,0.0019142627716064453
135116,normal,501,0,1782360267.814502,0.002148866653442383
135117,normal,1431,0,1782360267.8163888,0.0018868446350097656
135118,normal,2882,0,1782360267.8183944,0.0020055770874023438
135119,normal,3045,1,1782360267.8205376,0.0021431446075439453
135120,normal,531,0,1782360267.8225703,0.002032756805419922
135121,normal,2599,0,1782360267.8243034,0.0017330646514892578
135122,normal,25,0,1782360267.8264909,0.002187490463256836
135123,normal,1222,0,1782360267.8285577,0.0020668506622314453
135124,normal,2144,0,1782360267.8303514,0.0017936229705810547
135125,normal,932,2,1782360267.8324282,0.002076864242553711
135126,normal,3052,1,1782360267.8344269,0.0019986629486083984
135127,normal,1979,0,1782360267.836333,0.0019061565399169922
135128,normal,2927,0,1782360267.838437,0.002104043960571289
135129,normal,300,0,1782360267.8404148,0.001977682113647461
135130,normal,1819,0,1782360267.8422568,0.0018420219421386719
135131,normal,3350,1,1782360267.8444464,0.00218963623046875
135132,normal,2188,0,1782360267.8464284,0.001981973648071289
135133,normal,495,0,1782360267.8483367,0.0019083023071289062
135134,normal,1922,0,1782360267.8504343,0.002097606658935547
135135,normal,654,0,1782360267.852927,0.002492666244506836
135136,normal,2758,0,1782360267.8543856,0.0014586448669433594
135137,normal,2894,0,1782360267.8563435,0.0019578933715820312
135138,normal,1207,0,1782360267.8584325,0.0020890235900878906
135139,normal,1336,1,1782360267.8603456,0.0019130706787109375
135140,normal,2695,0,1782360267.8623579,0.0020122528076171875
135141,normal,701,0,1782360267.8651383,0.002780437469482422
135142,normal,1569,0,1782360267.8665335,0.0013952255249023438
135143,normal,2904,0,1782360267.8683605,0.0018270015716552734
135144,normal,1810,0,1782360267.870378,0.002017498016357422
135145,normal,1879,0,1782360267.872352,0.001973867416381836
135146,normal,780,2,1782360267.8744526,0.002100706100463867
135147,normal,2946,0,1782360267.8764129,0.001960277557373047
135148,normal,3229,1,1782360267.8784652,0.00205230712890625
135149,normal,2217,0,1782360267.8805556,0.0020904541015625
135150,normal,2114,0,1782360267.882417,0.0018613338470458984
135151,normal,1633,0,1782360267.8844323,0.002015352249145508
135152,normal,652,0,1782360267.8864079,0.001975536346435547
135153,normal,3501,0,1782360267.888444,0.0020360946655273438
135154,normal,288,0,1782360267.890365,0.001920938491821289
135155,normal,746,0,1782360267.892544,0.0021791458129882812
135156,normal,3246,1,1782360267.894447,0.0019030570983886719
135157,normal,1762,0,1782360267.896339,0.0018918514251708984
135158,normal,733,0,1782360267.8984313,0.0020923614501953125
135159,normal,86,0,1782360267.900458,0.002026796340942383
135160,normal,2541,0,1782360267.9023907,0.0019326210021972656
135161,normal,1700,0,1782360267.9044402,0.0020494461059570312
135162,normal,2473,0,1782360267.906371,0.0019309520721435547
135163,normal,952,2,1782360267.9083335,0.001962423324584961
135164,normal,782,2,1782360267.9104466,0.0021131038665771484
135165,normal,3042,0,1782360267.912434,0.001987457275390625
135166,normal,955,2,1782360267.9142656,0.0018315315246582031
135167,normal,286,0,1782360267.9164255,0.0021598339080810547
135168,normal,1887,0,1782360267.9184465,0.0020210742950439453
135169,normal,1851,0,1782360267.9203844,0.0019378662109375
135170,normal,2727,0,1782360267.9224021,0.0020177364349365234
135171,normal,2223,0,1782360267.9245014,0.002099275588989258
135172,normal,283,0,1782360267.9263299,0.0018284320831298828
135173,normal,709,0,1782360267.9284616,0.0021317005157470703
135174,normal,2507,0,1782360267.9304721,0.0020105838775634766
135175,normal,2677,0,1782360267.9323862,0.0019140243530273438
135176,normal,3044,0,1782360267.9344697,0.0020835399627685547
135177,normal,3391,1,1782360267.9364307,0.0019609928131103516
135178,normal,2831,0,1782360267.9383538,0.0019230842590332031
135179,normal,592,0,1782360267.94045,0.0020961761474609375
135180,normal,2804,0,1782360267.942364,0.0019140243530273438
135181,normal,423,0,1782360267.9444711,0.0021071434020996094
135182,normal,895,2,1782360267.9463637,0.0018925666809082031
135183,normal,2603,0,1782360267.9484816,0.0021178722381591797
135184,normal,228,0,1782360267.950389,0.0019073486328125
135185,normal,2673,0,1782360267.952448,0.0020589828491210938
135186,normal,2136,0,1782360267.9544492,0.0020012855529785156
135187,normal,798,2,1782360267.9563465,0.0018973350524902344
135188,normal,3324,1,1782360267.9584515,0.0021049976348876953
135189,normal,378,0,1782360267.9604683,0.002016782760620117
135190,normal,3476,0,1782360267.962371,0.0019028186798095703
135191,normal,2044,0,1782360267.96449,0.002118825912475586
135192,normal,3680,0,1782360267.9664812,0.00199127197265625
135193,normal,1243,0,1782360267.9684994,0.0020182132720947266
135194,normal,2236,0,1782360267.970361,0.001861572265625
135195,normal,2742,0,1782360267.9724789,0.0021178722381591797
135196,normal,320,0,1782360267.9743874,0.0019085407257080078
135197,normal,3547,0,1782360267.9763415,0.0019540786743164062
135198,normal,2667,0,1782360267.9784422,0.002100706100463867
135199,normal,1141,0,1782360267.9803433,0.0019011497497558594
135200,normal,3315,1,1782360267.9823625,0.002019166946411133
135201,normal,2933,0,1782360267.9845018,0.0021393299102783203
135202,normal,3667,0,1782360267.9863615,0.0018596649169921875
135203,normal,1622,0,1782360267.9885185,0.002156972885131836
135204,normal,1166,0,1782360267.9904747,0.0019562244415283203
135205,normal,1396,0,1782360267.992355,0.0018804073333740234
135206,normal,1820,0,1782360267.9944892,0.002134084701538086
135207,normal,2421,0,1782360267.996541,0.002051830291748047
135208,normal,2137,0,1782360267.9983504,0.0018093585968017578
135209,normal,1302,0,1782360268.0005543,0.0022039413452148438
135210,normal,3270,1,1782360268.0023165,0.0017621517181396484
135211,normal,2676,0,1782360268.0043435,0.0020270347595214844
135212,normal,1029,2,1782360268.0063238,0.001980304718017578
135213,normal,1011,2,1782360268.008376,0.0020520687103271484
135214,normal,2377,0,1782360268.0103405,0.001964569091796875
135215,normal,3418,0,1782360268.0123513,0.002010822296142578
135216,normal,1899,0,1782360268.0142756,0.001924276351928711
135217,normal,2161,0,1782360268.0162272,0.0019516944885253906
135218,normal,3341,1,1782360268.0181808,0.001953601837158203
135219,normal,14,0,1782360268.020284,0.002103090286254883
135220,normal,3233,1,1782360268.0224273,0.002143383026123047
135221,normal,1084,0,1782360268.0242653,0.0018379688262939453
135222,normal,3661,0,1782360268.0262635,0.0019981861114501953
135223,normal,1284,0,1782360268.0282288,0.0019652843475341797
135224,normal,3164,1,1782360268.0303087,0.0020799636840820312
135225,normal,2880,0,1782360268.0323625,0.0020537376403808594
135226,normal,878,2,1782360268.0342934,0.0019309520721435547
135227,normal,2991,0,1782360268.0363638,0.0020704269409179688
135228,normal,465,0,1782360268.0385182,0.0021543502807617188
135229,normal,1651,0,1782360268.0402813,0.0017631053924560547
135230,normal,1908,0,1782360268.0422916,0.002010345458984375
135231,normal,2939,0,1782360268.0444124,0.0021207332611083984
135232,normal,109,0,1782360268.0463364,0.0019240379333496094
135233,normal,2978,0,1782360268.0483532,0.002016782760620117
135234,normal,2530,0,1782360268.0504713,0.0021181106567382812
135235,normal,3329,1,1782360268.0523922,0.001920938491821289
135236,normal,2058,0,1782360268.0544693,0.0020771026611328125
135237,normal,578,0,1782360268.056493,0.0020236968994140625
135238,normal,2241,0,1782360268.0582595,0.0017664432525634766
135239,normal,420,0,1782360268.0604138,0.0021543502807617188
135240,normal,1463,0,1782360268.0624678,0.002053976058959961
135241,normal,1563,0,1782360268.0643027,0.001834869384765625
135242,normal,663,0,1782360268.0664775,0.002174854278564453
135243,normal,1844,0,1782360268.0684655,0.001987934112548828
135244,normal,3672,0,1782360268.0703309,0.001865386962890625
135245,normal,866,2,1782360268.0724075,0.0020766258239746094
135246,normal,2630,0,1782360268.074587,0.0021796226501464844
135247,normal,232,0,1782360268.076261,0.0016739368438720703
135248,normal,840,2,1782360268.0783422,0.002081155776977539
135249,normal,2370,0,1782360268.0804663,0.0021240711212158203
135250,normal,3489,0,1782360268.082341,0.001874685287475586
135251,normal,154,0,1782360268.084333,0.0019919872283935547
135252,normal,1768,0,1782360268.086462,0.002129077911376953
135253,normal,1239,0,1782360268.0882936,0.0018315315246582031
135254,normal,2600,0,1782360268.090335,0.002041339874267578
135255,normal,2597,0,1782360268.0924544,0.0021195411682128906
135256,normal,76,0,1782360268.094298,0.0018434524536132812
135257,normal,1591,0,1782360268.0964048,0.002106904983520508
135258,normal,967,2,1782360268.0984545,0.002049684524536133
135259,normal,2926,0,1782360268.10035,0.0018954277038574219
135260,normal,1699,0,1782360268.1023643,0.0020143985748291016
135261,normal,190,0,1782360268.1058688,0.003504514694213867
135262,normal,2319,0,1782360268.1063535,0.00048470497131347656
135263,normal,2043,0,1782360268.1083272,0.0019736289978027344
135264,normal,2489,0,1782360268.1104715,0.002144336700439453
135265,normal,1522,0,1782360268.1123435,0.0018720626831054688
135266,normal,2387,0,1782360268.1142604,0.0019168853759765625
135267,normal,1203,0,1782360268.1165023,0.002241849899291992
135268,normal,2513,0,1782360268.118352,0.0018496513366699219
135269,normal,1053,0,1782360268.1203501,0.0019981861114501953
135270,normal,2966,0,1782360268.1225212,0.002171039581298828
135271,normal,10,0,1782360268.1242602,0.0017390251159667969
135272,normal,1668,0,1782360268.1263344,0.0020742416381835938
135273,normal,1551,0,1782360268.1285186,0.002184152603149414
135274,normal,1481,0,1782360268.1303406,0.0018219947814941406
135275,normal,3168,1,1782360268.1323392,0.0019986629486083984
135276,normal,2818,0,1782360268.134478,0.002138853073120117
135277,normal,2311,0,1782360268.1363578,0.0018796920776367188
135278,normal,2606,0,1782360268.138383,0.002025127410888672
135279,normal,1035,0,1782360268.140528,0.002145051956176758
135280,normal,2182,0,1782360268.1422658,0.001737833023071289
135281,normal,2539,0,1782360268.144344,0.0020782947540283203
135282,normal,2325,0,1782360268.1464946,0.0021505355834960938
135283,normal,1469,0,1782360268.1483314,0.0018367767333984375
135284,normal,2326,0,1782360268.150331,0.0019996166229248047
135285,normal,1265,0,1782360268.1524858,0.002154827117919922
135286,normal,556,0,1782360268.154332,0.0018460750579833984
135287,normal,2171,0,1782360268.1563666,0.0020346641540527344
135288,normal,3492,0,1782360268.158541,0.00217437744140625
135289,normal,73,0,1782360268.1603096,0.0017685890197753906
135290,normal,965,2,1782360268.1624582,0.0021486282348632812
135291,normal,1914,0,1782360268.1645193,0.002061128616333008
135292,normal,885,2,1782360268.1663523,0.0018329620361328125
135293,normal,1604,0,1782360268.1684237,0.002071380615234375
135294,normal,2221,0,1782360268.1705332,0.002109527587890625
135295,normal,894,2,1782360268.1724088,0.0018756389617919922
135296,normal,1881,0,1782360268.1743534,0.0019445419311523438
135297,normal,1697,0,1782360268.1764603,0.002106904983520508
135298,normal,1057,0,1782360268.1783314,0.0018711090087890625
135299,normal,1923,0,1782360268.1803265,0.001995086669921875
135300,normal,1818,0,1782360268.1825418,0.0022153854370117188
135301,normal,1828,0,1782360268.1842792,0.001737356185913086
135302,normal,1142,0,1782360268.1863225,0.0020432472229003906
135303,normal,1046,0,1782360268.1884649,0.0021424293518066406
135304,normal,640,0,1782360268.190328,0.0018630027770996094
135305,normal,2028,0,1782360268.1923356,0.002007722854614258
135306,normal,2731,0,1782360268.195032,0.0026962757110595703
135307,normal,339,0,1782360268.196455,0.0014231204986572266
135308,normal,3632,0,1782360268.1983564,0.001901388168334961
135309,normal,3687,0,1782360268.2004664,0.002110004425048828
135310,normal,2994,0,1782360268.2023351,0.0018687248229980469
135311,normal,1131,0,1782360268.204334,0.0019989013671875
135312,normal,2778,0,1782360268.2065039,0.0021698474884033203
135313,normal,1464,0,1782360268.2084823,0.0019783973693847656
135314,normal,147,0,1782360268.210258,0.0017757415771484375
135315,normal,3487,0,1782360268.2124662,0.002208232879638672
135316,normal,444,0,1782360268.214335,0.0018687248229980469
135317,normal,3308,1,1782360268.2163408,0.0020058155059814453
135318,normal,2848,0,1782360268.2184825,0.002141714096069336
135319,normal,2261,0,1782360268.220387,0.0019044876098632812
135320,normal,3351,1,1782360268.2224615,0.0020744800567626953
135321,normal,2199,0,1782360268.2245114,0.0020499229431152344
135322,normal,943,2,1782360268.2263622,0.0018508434295654297
135323,normal,1352,1,1782360268.2284226,0.002060413360595703
135324,normal,1572,0,1782360268.2305179,0.0020952224731445312
135325,normal,433,0,1782360268.2322485,0.0017306804656982422
135326,normal,702,0,1782360268.2346115,0.002362966537475586
135327,normal,3557,0,1782360268.2364357,0.0018241405487060547
135328,normal,236,0,1782360268.2382603,0.0018246173858642578
135329,normal,1781,0,1782360268.2404597,0.002199411392211914
135330,normal,345,0,1782360268.2427988,0.0023391246795654297
135331,normal,1830,0,1782360268.2442958,0.001497030258178711
135332,normal,1264,0,1782360268.2463276,0.0020318031311035156
135333,normal,2265,0,1782360268.2484572,0.0021295547485351562
135334,normal,1227,0,1782360268.2503407,0.0018835067749023438
135335,normal,211,0,1782360268.2523332,0.001992464065551758
135336,normal,3293,1,1782360268.2544584,0.002125263214111328
135337,normal,2775,0,1782360268.2563303,0.0018718242645263672
135338,normal,849,2,1782360268.2583306,0.0020003318786621094
135339,normal,634,0,1782360268.2604923,0.002161741256713867
135340,normal,1392,0,1782360268.2623897,0.0018973350524902344
135341,normal,1067,0,1782360268.2644083,0.0020186901092529297
135342,normal,1282,0,1782360268.2664647,0.0020563602447509766
135343,normal,3534,0,1782360268.2683477,0.0018830299377441406
135344,normal,553,0,1782360268.2703636,0.002015829086303711
135345,normal,3161,1,1782360268.2725263,0.0021626949310302734
135346,normal,3703,0,1782360268.2743237,0.0017974376678466797
135347,normal,3395,1,1782360268.2763255,0.0020017623901367188
135348,normal,3237,1,1782360268.2784693,0.00214385986328125
135349,normal,1779,0,1782360268.2803366,0.0018672943115234375
135350,normal,2681,0,1782360268.2823405,0.002003908157348633
135351,normal,1829,0,1782360268.2844882,0.002147674560546875
135352,normal,610,0,1782360268.286352,0.001863718032836914
135353,normal,841,2,1782360268.2883606,0.002008676528930664
135354,normal,1673,0,1782360268.2905304,0.0021698474884033203
135355,normal,479,0,1782360268.2922626,0.0017321109771728516
135356,normal,2297,0,1782360268.2942474,0.001984834671020508
135357,normal,1575,0,1782360268.2964756,0.002228260040283203
135358,normal,645,0,1782360268.298337,0.0018613338470458984
135359,normal,134,0,1782360268.3003368,0.0019998550415039062
135360,normal,36,0,1782360268.302493,0.0021562576293945312
135361,normal,532,0,1782360268.3043537,0.0018606185913085938
135362,normal,864,2,1782360268.3063774,0.0020236968994140625
135363,normal,567,0,1782360268.3085551,0.002177715301513672
135364,normal,410,0,1782360268.3102672,0.0017120838165283203
135365,normal,2445,0,1782360268.3123636,0.002096414566040039
135366,normal,2984,0,1782360268.3145487,0.0021851062774658203
135367,normal,375,0,1782360268.3162503,0.0017015933990478516
135368,normal,2671,0,1782360268.3183327,0.002082347869873047
135369,normal,525,0,1782360268.3204777,0.002145051956176758
135370,normal,197,0,1782360268.3223736,0.001895904541015625
135371,normal,3316,1,1782360268.3244038,0.0020301342010498047
135372,normal,213,0,1782360268.326407,0.002003192901611328
135373,normal,2889,0,1782360268.3284018,0.0019948482513427734
135374,normal,1833,0,1782360268.3304713,0.0020694732666015625
135375,normal,3257,1,1782360268.3324556,0.0019843578338623047
135376,normal,333,0,1782360268.334458,0.0020024776458740234
135377,normal,3626,0,1782360268.3363798,0.0019216537475585938
135378,normal,1055,0,1782360268.3384433,0.0020635128021240234
135379,normal,269,0,1782360268.3403347,0.0018913745880126953
135380,normal,212,0,1782360268.3423808,0.0020461082458496094
135381,normal,176,0,1782360268.3443193,0.0019385814666748047
135382,normal,3036,0,1782360268.3463116,0.0019922256469726562
135383,normal,2025,0,1782360268.3485131,0.002201557159423828
135384,normal,1399,0,1782360268.350353,0.0018398761749267578
135385,normal,2598,0,1782360268.3523388,0.001985788345336914
135386,normal,1567,0,1782360268.354301,0.0019621849060058594
135387,normal,922,2,1782360268.3563402,0.002039194107055664
135388,normal,2498,0,1782360268.358286,0.0019457340240478516
135389,normal,999,2,1782360268.3603392,0.0020532608032226562
135390,normal,1021,2,1782360268.3627365,0.002397298812866211
135391,normal,1341,1,1782360268.3643024,0.0015659332275390625
135392,normal,2230,0,1782360268.3664126,0.0021102428436279297
135393,normal,2342,0,1782360268.3683782,0.0019655227661132812
135394,normal,2733,0,1782360268.3702953,0.001917123794555664
135395,normal,2702,0,1782360268.3723571,0.0020618438720703125
135396,normal,1382,0,1782360268.374395,0.0020377635955810547
135397,normal,1374,1,1782360268.3763907,0.0019958019256591797
135398,normal,2001,0,1782360268.3784788,0.0020880699157714844
135399,normal,393,0,1782360268.380478,0.0019991397857666016
135400,normal,2519,0,1782360268.3823378,0.001859903335571289
135401,normal,3556,0,1782360268.3843398,0.0020020008087158203
135402,normal,1338,1,1782360268.386479,0.0021390914916992188
135403,normal,3282,1,1782360268.3883467,0.0018677711486816406
135404,normal,160,0,1782360268.3904526,0.0021059513092041016
135405,normal,1430,0,1782360268.3925526,0.0020999908447265625
135406,normal,629,0,1782360268.3943615,0.0018088817596435547
135407,normal,1610,0,1782360268.3964114,0.0020499229431152344
135408,normal,1730,0,1782360268.398495,0.0020835399627685547
135409,normal,2033,0,1782360268.4004118,0.0019168853759765625
135410,normal,2798,0,1782360268.4022515,0.0018396377563476562
135411,normal,685,0,1782360268.4047618,0.0025103092193603516
135412,normal,2099,0,1782360268.4064066,0.0016448497772216797
135413,normal,148,0,1782360268.4084163,0.0020096302032470703
135414,normal,1051,0,1782360268.4106095,0.0021932125091552734
135415,normal,1631,0,1782360268.4127553,0.0021457672119140625
135416,normal,2570,0,1782360268.414367,0.0016117095947265625
135417,normal,1761,0,1782360268.4164352,0.0020682811737060547
135418,normal,3311,1,1782360268.4183397,0.0019044876098632812
135419,normal,3469,0,1782360268.4204419,0.0021021366119384766
135420,normal,1753,0,1782360268.4224675,0.002025604248046875
135421,normal,2194,0,1782360268.4242768,0.0018093585968017578
135422,normal,639,0,1782360268.4264445,0.0021677017211914062
135423,normal,502,0,1782360268.4284651,0.002020597457885742
135424,normal,363,0,1782360268.4303865,0.0019214153289794922
135425,normal,1229,0,1782360268.432484,0.0020973682403564453
135426,normal,156,0,1782360268.4345047,0.0020208358764648438
135427,normal,2934,0,1782360268.4363763,0.0018715858459472656
135428,normal,1061,0,1782360268.438452,0.002075672149658203
135429,normal,1376,1,1782360268.440471,0.0020189285278320312
135430,normal,3043,0,1782360268.442395,0.0019240379333496094
135431,normal,530,0,1782360268.444508,0.0021131038665771484
135432,normal,722,0,1782360268.446447,0.0019388198852539062
135433,normal,1903,0,1782360268.448348,0.0019011497497558594
135434,normal,1671,0,1782360268.4504576,0.002109527587890625
135435,normal,308,0,1782360268.4524612,0.0020036697387695312
135436,normal,953,2,1782360268.4544458,0.0019845962524414062
135437,normal,887,2,1782360268.45637,0.001924276351928711
135438,normal,3358,1,1782360268.4584856,0.002115488052368164
135439,normal,2561,0,1782360268.4603925,0.0019068717956542969
135440,normal,916,2,1782360268.4623754,0.0019829273223876953
135441,normal,325,0,1782360268.4644213,0.002045869827270508
135442,normal,458,0,1782360268.4665196,0.0020983219146728516
135443,normal,3132,1,1782360268.4682493,0.001729726791381836
135444,normal,1314,0,1782360268.4703677,0.002118349075317383
135445,normal,1360,1,1782360268.4722555,0.0018877983093261719
135446,normal,1657,0,1782360268.4743633,0.002107858657836914
135447,normal,3025,0,1782360268.476344,0.0019807815551757812
135448,normal,2002,0,1782360268.4783037,0.001959562301635742
135449,normal,3640,0,1782360268.480371,0.0020673274993896484
135450,normal,1193,0,1782360268.4822245,0.0018534660339355469
135451,normal,175,0,1782360268.4842327,0.002008199691772461
135452,normal,2226,0,1782360268.4862537,0.0020210742950439453
135453,normal,140,0,1782360268.488252,0.0019981861114501953
135454,normal,2135,0,1782360268.4903777,0.0021257400512695312
135455,normal,968,2,1782360268.4922087,0.0018310546875
135456,normal,1926,0,1782360268.494352,0.002143383026123047
135457,normal,1884,0,1782360268.4962544,0.0019023418426513672
135458,normal,2090,0,1782360268.4984157,0.002161264419555664
135459,normal,3594,0,1782360268.5003762,0.0019605159759521484
135460,normal,3688,0,1782360268.5022588,0.0018825531005859375
135461,normal,491,0,1782360268.5045063,0.0022475719451904297
135462,normal,1245,0,1782360268.506546,0.002039670944213867
135463,normal,1649,0,1782360268.5082622,0.0017161369323730469
135464,normal,1234,0,1782360268.5104735,0.002211332321166992
135465,normal,3027,0,1782360268.5124686,0.001995086669921875
135466,normal,225,0,1782360268.5142896,0.0018210411071777344
135467,normal,2359,0,1782360268.5163438,0.0020542144775390625
135468,normal,1630,0,1782360268.5183313,0.001987457275390625
135469,normal,3582,0,1782360268.5202324,0.0019011497497558594
135470,normal,2486,0,1782360268.5222795,0.0020470619201660156
135471,normal,1946,0,1782360268.524444,0.002164602279663086
135472,normal,2292,0,1782360268.5262582,0.001814126968383789
135473,normal,3510,0,1782360268.5283475,0.002089262008666992
135474,normal,383,0,1782360268.5303442,0.001996755599975586
135475,normal,2817,0,1782360268.5322385,0.001894235610961914
135476,normal,2475,0,1782360268.5343823,0.00214385986328125
135477,normal,636,0,1782360268.5368476,0.0024652481079101562
135478,normal,101,0,1782360268.5382876,0.0014400482177734375
135479,normal,1942,0,1782360268.5403447,0.0020570755004882812
135480,normal,4,0,1782360268.542347,0.002002239227294922
135481,normal,668,0,1782360268.5442457,0.0018987655639648438
135482,normal,1150,0,1782360268.5463688,0.002123117446899414
135483,normal,1259,0,1782360268.5484269,0.0020580291748046875
135484,normal,461,0,1782360268.550264,0.001837015151977539
135485,normal,390,0,1782360268.5523467,0.00208282470703125
135486,normal,1485,0,1782360268.5543625,0.002015829086303711
135487,normal,2819,0,1782360268.55626,0.001897573471069336
135488,normal,1796,0,1782360268.5583785,0.002118349075317383
135489,normal,749,0,1782360268.560373,0.001994609832763672
135490,normal,880,2,1782360268.5623887,0.0020155906677246094
135491,normal,2745,0,1782360268.5643747,0.0019860267639160156
135492,normal,1937,0,1782360268.5663867,0.002012014389038086
135493,normal,1988,0,1782360268.5683172,0.0019304752349853516
135494,normal,2696,0,1782360268.570352,0.002034902572631836
135495,normal,830,2,1782360268.572359,0.002007007598876953
135496,normal,3559,0,1782360268.574379,0.0020198822021484375
135497,normal,3126,1,1782360268.5765073,0.0021283626556396484
135498,normal,2318,0,1782360268.5784805,0.0019731521606445312
135499,normal,2935,0,1782360268.5803592,0.0018787384033203125
135500,normal,344,0,1782360268.582438,0.0020787715911865234
135501,normal,2962,0,1782360268.5846257,0.0021877288818359375
135502,normal,2955,0,1782360268.5862758,0.001650094985961914
135503,normal,2153,0,1782360268.5884416,0.0021657943725585938
135504,normal,1512,0,1782360268.5904603,0.0020186901092529297
135505,normal,2158,0,1782360268.5923374,0.0018770694732666016
135506,normal,201,0,1782360268.594329,0.001991748809814453
135507,normal,3678,0,1782360268.596469,0.0021398067474365234
135508,normal,2604,0,1782360268.5983295,0.0018606185913085938
135509,normal,1637,0,1782360268.6003346,0.0020051002502441406
135510,normal,159,0,1782360268.6024938,0.00215911865234375
135511,normal,2208,0,1782360268.6043878,0.0018939971923828125
135512,normal,3175,1,1782360268.606403,0.002015352249145508
135513,normal,2015,0,1782360268.6084569,0.0020537376403808594
135514,normal,3623,0,1782360268.6103494,0.0018925666809082031
135515,normal,630,0,1782360268.6123612,0.0020117759704589844
135516,normal,2864,0,1782360268.614514,0.0021529197692871094
135517,normal,1594,0,1782360268.6164215,0.0019073486328125
135518,normal,3028,0,1782360268.618421,0.0019996166229248047
135519,normal,827,2,1782360268.620401,0.001979827880859375
135520,normal,982,2,1782360268.622339,0.0019381046295166016
135521,normal,2138,0,1782360268.624274,0.0019350051879882812
135522,normal,3263,1,1782360268.6264584,0.0021843910217285156
135523,normal,1261,0,1782360268.6283576,0.0018992424011230469
135524,normal,2143,0,1782360268.6303535,0.0019958019256591797
135525,normal,1031,0,1782360268.6324384,0.002084970474243164
135526,normal,29,0,1782360268.63435,0.0019116401672363281
135527,normal,1983,0,1782360268.636338,0.001987934112548828
135528,normal,3602,0,1782360268.6384752,0.0021371841430664062
135529,normal,1553,0,1782360268.6403422,0.001867055892944336
135530,normal,675,0,1782360268.6423373,0.001995086669921875
135531,normal,1008,2,1782360268.6444767,0.0021393299102783203
135532,normal,987,2,1782360268.6463542,0.0018775463104248047
135533,normal,2556,0,1782360268.6483822,0.0020279884338378906
135534,normal,442,0,1782360268.6505356,0.0021533966064453125
135535,normal,1363,1,1782360268.6522703,0.0017347335815429688
135536,normal,1817,0,1782360268.6543477,0.002077341079711914
135537,normal,641,0,1782360268.6565242,0.002176523208618164
135538,normal,2291,0,1782360268.658253,0.0017287731170654297
135539,normal,2699,0,1782360268.6604037,0.0021507740020751953
135540,normal,181,0,1782360268.662484,0.002080202102661133
135541,normal,52,0,1782360268.6643326,0.0018486976623535156
135542,normal,361,0,1782360268.6664023,0.002069711685180664
135543,normal,3072,1,1782360268.668517,0.0021147727966308594
135544,normal,1048,0,1782360268.6703796,0.0018625259399414062
135545,normal,1935,0,1782360268.6724339,0.0020542144775390625
135546,normal,1184,0,1782360268.6745632,0.0021293163299560547
135547,normal,2218,0,1782360268.6764083,0.0018451213836669922
135548,normal,1250,0,1782360268.6784031,0.0019948482513427734
135549,normal,2078,0,1782360268.6805837,0.0021805763244628906
135550,normal,2011,0,1782360268.6823263,0.0017426013946533203
135551,normal,2327,0,1782360268.6844134,0.002087116241455078
135552,normal,2056,0,1782360268.6864707,0.002057313919067383
135553,normal,3699,0,1782360268.68833,0.0018591880798339844
135554,normal,2807,0,1782360268.6903298,0.0019998550415039062
135555,normal,2737,0,1782360268.6926198,0.002290010452270508
135556,normal,3431,0,1782360268.6942472,0.0016274452209472656
135557,normal,2526,0,1782360268.696398,0.0021507740020751953
135558,normal,524,0,1782360268.6984587,0.0020606517791748047
135559,normal,2623,0,1782360268.700331,0.0018723011016845703
135560,normal,1321,1,1782360268.7025368,0.0022058486938476562
135561,normal,873,2,1782360268.704627,0.0020902156829833984
135562,normal,2657,0,1782360268.7062705,0.0016434192657470703
135563,normal,2402,0,1782360268.7084825,0.002212047576904297
135564,normal,3265,1,1782360268.7104752,0.0019927024841308594
135565,normal,3410,0,1782360268.71234,0.0018649101257324219
135566,normal,372,0,1782360268.714342,0.0020020008087158203
135567,normal,1614,0,1782360268.7164876,0.002145528793334961
135568,normal,1271,0,1782360268.7184532,0.0019655227661132812
135569,normal,1742,0,1782360268.720301,0.0018477439880371094
135570,normal,129,0,1782360268.7224748,0.002173900604248047
135571,normal,1882,0,1782360268.7243404,0.0018656253814697266
135572,normal,1310,0,1782360268.72634,0.0019996166229248047
135573,normal,2508,0,1782360268.7284834,0.002143383026123047
135574,normal,1658,0,1782360268.7303407,0.0018572807312011719
135575,normal,1766,0,1782360268.7323778,0.00203704833984375
135576,normal,2757,0,1782360268.7345335,0.002155780792236328
135577,normal,1480,0,1782360268.736266,0.0017323493957519531
135578,normal,79,0,1782360268.7383726,0.0021066665649414062
135579,normal,1786,0,1782360268.7405167,0.0021440982818603516
135580,normal,82,0,1782360268.7422814,0.0017647743225097656
135581,normal,3174,1,1782360268.7443938,0.0021123886108398438
135582,normal,151,0,1782360268.746587,0.0021932125091552734
135583,normal,217,0,1782360268.7483287,0.001741647720336914
135584,normal,2071,0,1782360268.7503278,0.0019991397857666016
135585,normal,1616,0,1782360268.752485,0.0021572113037109375
135586,normal,1378,1,1782360268.7544696,0.0019845962524414062
135587,normal,330,0,1782360268.756281,0.0018112659454345703
135588,normal,2846,0,1782360268.7584622,0.0021812915802001953
135589,normal,248,0,1782360268.7603347,0.0018725395202636719
135590,normal,2083,0,1782360268.762341,0.0020062923431396484
135591,normal,1930,0,1782360268.7644672,0.0021262168884277344
135592,normal,3337,1,1782360268.766335,0.0018677711486816406
135593,normal,692,0,1782360268.7683277,0.0019927024841308594
135594,normal,3236,1,1782360268.770459,0.002131223678588867
135595,normal,536,0,1782360268.7723467,0.0018877983093261719
135596,normal,2382,0,1782360268.774376,0.0020291805267333984
135597,normal,1606,0,1782360268.776525,0.0021491050720214844
135598,normal,2615,0,1782360268.7782612,0.0017361640930175781
135599,normal,1542,0,1782360268.780358,0.002096891403198242
135600,normal,2253,0,1782360268.7825036,0.002145528793334961
135601,normal,3497,0,1782360268.7843647,0.0018610954284667969
135602,normal,1843,0,1782360268.786394,0.0020291805267333984
135603,normal,1358,1,1782360268.7884555,0.002061605453491211
135604,normal,1504,0,1782360268.7903454,0.001889944076538086
135605,normal,2197,0,1782360268.7923613,0.002015829086303711
135606,normal,2943,0,1782360268.7944899,0.00212860107421875
135607,normal,1785,0,1782360268.7963514,0.001861572265625
135608,normal,1304,0,1782360268.7983532,0.0020017623901367188
135609,normal,517,0,1782360268.8005016,0.0021483898162841797
135610,normal,1715,0,1782360268.8023796,0.0018780231475830078
135611,normal,1155,0,1782360268.804428,0.002048492431640625
135612,normal,2198,0,1782360268.8064706,0.002042531967163086
135613,normal,3335,1,1782360268.8083403,0.0018696784973144531
135614,normal,1639,0,1782360268.8103406,0.0020003318786621094
135615,normal,1508,0,1782360268.8124962,0.0021555423736572266
135616,normal,391,0,1782360268.8143404,0.001844167709350586
135617,normal,1670,0,1782360268.8163598,0.0020194053649902344
135618,normal,994,2,1782360268.81854,0.002180337905883789
135619,normal,1856,0,1782360268.8203893,0.0018491744995117188
135620,normal,2860,0,1782360268.8223522,0.001962900161743164
135621,normal,1706,0,1782360268.8244507,0.002098560333251953
135622,normal,3554,0,1782360268.8263302,0.0018794536590576172
135623,normal,863,2,1782360268.8283384,0.002008199691772461
135624,normal,2375,0,1782360268.8304787,0.0021402835845947266
135625,normal,334,0,1782360268.8323371,0.0018584728240966797
135626,normal,3388,1,1782360268.8343396,0.0020024776458740234
135627,normal,3470,0,1782360268.836493,0.0021533966064453125
135628,normal,1849,0,1782360268.838398,0.0019049644470214844
135629,normal,1033,0,1782360268.8403883,0.0019903182983398438
135630,normal,1445,0,1782360268.842587,0.0021986961364746094
135631,normal,2522,0,1782360268.8443367,0.0017497539520263672
135632,normal,3026,0,1782360268.846478,0.002141237258911133
135633,normal,1433,0,1782360268.8484857,0.002007722854614258
135634,normal,939,2,1782360268.8504646,0.0019788742065429688
135635,normal,2872,0,1782360268.8523414,0.0018768310546875
135636,normal,3118,1,1782360268.8545399,0.002198457717895508
135637,normal,126,0,1782360268.856249,0.0017092227935791016
135638,normal,512,0,1782360268.8584864,0.0022373199462890625
135639,normal,3346,1,1782360268.860445,0.001958608627319336
135640,normal,2478,0,1782360268.8623593,0.0019142627716064453
135641,normal,2968,0,1782360268.8644001,0.002040863037109375
135642,normal,3517,0,1782360268.8664632,0.0020630359649658203
135643,normal,1274,0,1782360268.8683298,0.0018665790557861328
135644,normal,2637,0,1782360268.8704212,0.0020914077758789062
135645,normal,2328,0,1782360268.872464,0.0020427703857421875
135646,normal,2689,0,1782360268.874594,0.0021300315856933594
135647,normal,1083,0,1782360268.876556,0.001961946487426758
135648,normal,2481,0,1782360268.8785534,0.0019974708557128906
135649,normal,1019,2,1782360268.8802528,0.0016994476318359375
135650,normal,2958,0,1782360268.8823316,0.0020787715911865234
135651,normal,1428,0,1782360268.884471,0.0021393299102783203
135652,normal,122,0,1782360268.8863432,0.0018723011016845703
135653,normal,1837,0,1782360268.888501,0.0021576881408691406
135654,normal,27,0,1782360268.8904626,0.0019617080688476562
135655,normal,2592,0,1782360268.8923364,0.0018737316131591797
135656,normal,899,2,1782360268.8943372,0.0020008087158203125
135657,normal,2314,0,1782360268.896491,0.0021538734436035156
135658,normal,421,0,1782360268.8983548,0.001863718032836914
135659,normal,2774,0,1782360268.9004476,0.0020928382873535156
135660,normal,1244,0,1782360268.9025886,0.0021409988403320312
135661,normal,3344,1,1782360268.9043934,0.0018048286437988281
135662,normal,2982,0,1782360268.906383,0.001989603042602539
135663,normal,255,0,1782360268.908535,0.002151966094970703
135664,normal,2571,0,1782360268.9102774,0.0017423629760742188
135665,normal,1618,0,1782360268.9123392,0.0020618438720703125
135666,normal,274,0,1782360268.9146433,0.0023040771484375
135667,normal,192,0,1782360268.9163687,0.0017254352569580078
135668,normal,1138,0,1782360268.9182904,0.0019216537475585938
135669,normal,1327,1,1782360268.9206588,0.002368450164794922
135670,normal,3000,0,1782360268.9224057,0.0017468929290771484
135671,normal,2797,0,1782360268.9244304,0.0020246505737304688
135672,normal,2746,0,1782360268.9264007,0.0019702911376953125
135673,normal,1100,0,1782360268.928336,0.0019352436065673828
135674,normal,3100,1,1782360268.9304082,0.0020723342895507812
135675,normal,707,0,1782360268.932463,0.0020546913146972656
135676,normal,2641,0,1782360268.934336,0.001873016357421875
135677,normal,1230,0,1782360268.9363418,0.0020058155059814453
135678,normal,2225,0,1782360268.9384575,0.0021157264709472656
135679,normal,3203,1,1782360268.9403534,0.001895904541015625
135680,normal,3054,1,1782360268.9423707,0.0020172595977783203
135681,normal,3038,0,1782360268.944527,0.0021562576293945312
135682,normal,251,0,1782360268.9462843,0.0017573833465576172
135683,normal,2139,0,1782360268.948338,0.0020537376403808594
135684,normal,1613,0,1782360268.9504993,0.002161264419555664
135685,normal,2800,0,1782360268.952371,0.0018715858459472656
135686,normal,832,2,1782360268.9543977,0.002026796340942383
135687,normal,1086,0,1782360268.956473,0.0020754337310791016
135688,normal,233,0,1782360268.9583416,0.0018684864044189453
135689,normal,377,0,1782360268.9603465,0.002004861831665039
135690,normal,169,0,1782360268.9624794,0.002132892608642578
135691,normal,2621,0,1782360268.9643478,0.0018684864044189453
135692,normal,856,2,1782360268.96636,0.0020122528076171875
135693,normal,626,0,1782360268.9685013,0.002141237258911133
135694,normal,508,0,1782360268.9703786,0.0018773078918457031
135695,normal,2169,0,1782360268.9723568,0.001978158950805664
135696,normal,144,0,1782360268.9744833,0.002126455307006836
135697,normal,1580,0,1782360268.9763424,0.0018591880798339844
135698,normal,2268,0,1782360268.9783432,0.0020008087158203125
135699,normal,535,0,1782360268.980474,0.002130746841430664
135700,normal,229,0,1782360268.9823415,0.001867532730102539
135701,normal,3398,1,1782360268.9843545,0.002012968063354492
135702,normal,2240,0,1782360268.9865203,0.0021657943725585938
135703,normal,1454,0,1782360268.9886022,0.0020818710327148438
135704,normal,2499,0,1782360268.9902759,0.0016736984252929688
135705,normal,2905,0,1782360268.9925036,0.002227783203125
135706,normal,1487,0,1782360268.9942713,0.0017676353454589844
135707,normal,108,0,1782360268.996359,0.002087831497192383
135708,normal,2465,0,1782360268.998465,0.0021059513092041016
135709,normal,2562,0,1782360269.0002503,0.0017852783203125
135710,normal,1269,0,1782360269.0023353,0.002084970474243164
135711,normal,818,2,1782360269.0045168,0.002181529998779297
135712,normal,720,0,1782360269.0062933,0.0017764568328857422
135713,normal,1854,0,1782360269.0083842,0.002090930938720703
135714,normal,1419,0,1782360269.0105343,0.0021500587463378906
135715,normal,2057,0,1782360269.0123384,0.0018041133880615234
135716,normal,809,2,1782360269.0145438,0.002205371856689453
135717,normal,3618,0,1782360269.0165317,0.001987934112548828
135718,normal,3198,1,1782360269.0184512,0.0019195079803466797
135719,normal,459,0,1782360269.0203338,0.0018825531005859375
135720,normal,1073,0,1782360269.0225537,0.0022199153900146484
135721,normal,1997,0,1782360269.0242426,0.0016889572143554688
135722,normal,3622,0,1782360269.0263014,0.002058744430541992
135723,normal,3138,1,1782360269.0283682,0.0020668506622314453
135724,normal,742,0,1782360269.0303636,0.0019953250885009766
135725,normal,2920,0,1782360269.0322158,0.001852273941040039
135726,normal,1005,2,1782360269.0344157,0.002199888229370117
135727,normal,1062,0,1782360269.0362468,0.0018310546875
135728,normal,948,2,1782360269.0384092,0.002162456512451172
135729,normal,2195,0,1782360269.0405204,0.002111196517944336
135730,normal,1714,0,1782360269.0426207,0.002100229263305664
135731,normal,249,0,1782360269.0442767,0.0016560554504394531
135732,normal,2707,0,1782360269.0465446,0.0022678375244140625
135733,normal,1266,0,1782360269.0482647,0.0017201900482177734
135734,normal,3429,0,1782360269.0503378,0.002073049545288086
135735,normal,289,0,1782360269.0524714,0.002133607864379883
135736,normal,957,2,1782360269.0543451,0.0018737316131591797
135737,normal,1108,0,1782360269.0563583,0.0020132064819335938
135738,normal,3109,1,1782360269.0585291,0.0021708011627197266
135739,normal,1289,0,1782360269.0602531,0.0017240047454833984
135740,normal,1502,0,1782360269.062338,0.002084970474243164
135741,normal,3624,0,1782360269.064463,0.002124786376953125
135742,normal,1158,0,1782360269.0674086,0.0029456615447998047
135743,normal,857,2,1782360269.0683577,0.0009491443634033203
135744,normal,1954,0,1782360269.0703676,0.002009868621826172
135745,normal,1790,0,1782360269.0723991,0.002031564712524414
135746,normal,1599,0,1782360269.0744698,0.0020706653594970703
135747,normal,2662,0,1782360269.0765164,0.0020465850830078125
135748,normal,2196,0,1782360269.078284,0.0017676353454589844
135749,normal,959,2,1782360269.0804274,0.002143383026123047
135750,normal,2013,0,1782360269.0824783,0.0020508766174316406
135751,normal,2945,0,1782360269.0844166,0.0019383430480957031
135752,normal,43,0,1782360269.086476,0.002059459686279297
135753,normal,616,0,1782360269.0883825,0.0019063949584960938
135754,normal,1129,0,1782360269.0903323,0.0019497871398925781
135755,normal,1439,0,1782360269.0924234,0.0020911693572998047
135756,normal,405,0,1782360269.0945206,0.0020971298217773438
135757,normal,457,0,1782360269.0963473,0.0018267631530761719
135758,normal,1379,1,1782360269.0983293,0.001981973648071289
135759,normal,1199,0,1782360269.1004324,0.002103090286254883
135760,normal,3125,1,1782360269.1023343,0.001901865005493164
135761,normal,336,0,1782360269.1043367,0.0020024776458740234
135762,normal,2544,0,1782360269.1064513,0.002114534378051758
135763,normal,382,0,1782360269.1083274,0.0018761157989501953
135764,normal,728,0,1782360269.1104167,0.002089262008666992
135765,normal,1720,0,1782360269.1124997,0.0020830631256103516
135766,normal,2309,0,1782360269.1143932,0.0018935203552246094
135767,normal,1574,0,1782360269.1164074,0.00201416015625
135768,normal,267,0,1782360269.1184561,0.0020487308502197266
135769,normal,560,0,1782360269.1203535,0.0018973350524902344
135770,normal,166,0,1782360269.122363,0.0020096302032470703
135771,normal,2449,0,1782360269.1244981,0.002135038375854492
135772,normal,637,0,1782360269.1262891,0.0017910003662109375
135773,normal,1676,0,1782360269.1283317,0.002042531967163086
135774,normal,600,0,1782360269.1304784,0.0021467208862304688
135775,normal,373,0,1782360269.1323464,0.0018680095672607422
135776,normal,2177,0,1782360269.1343443,0.0019979476928710938
135777,normal,3590,0,1782360269.1364734,0.002129077911376953
135778,normal,1682,0,1782360269.1383557,0.001882314682006836
135779,normal,3545,0,1782360269.1403587,0.0020029544830322266
135780,normal,2232,0,1782360269.1425323,0.0021736621856689453
135781,normal,1747,0,1782360269.144255,0.001722574234008789
135782,normal,3256,1,1782360269.1463404,0.002085447311401367
135783,normal,1709,0,1782360269.148472,0.0021317005157470703
135784,normal,834,2,1782360269.1503417,0.0018696784973144531
135785,normal,3239,1,1782360269.152342,0.0020003318786621094
135786,normal,3298,1,1782360269.1545537,0.0022115707397460938
135787,normal,1969,0,1782360269.1563666,0.0018129348754882812
135788,normal,2274,0,1782360269.1583836,0.0020170211791992188
135789,normal,3601,0,1782360269.1605887,0.0022051334381103516
135790,normal,1666,0,1782360269.16227,0.0016813278198242188
135791,normal,1595,0,1782360269.1643536,0.0020835399627685547
135792,normal,3354,1,1782360269.166516,0.002162456512451172
135793,normal,186,0,1782360269.1682496,0.001733541488647461
135794,normal,1044,0,1782360269.1704938,0.002244234085083008
135795,normal,2386,0,1782360269.1724305,0.0019366741180419922
135796,normal,1839,0,1782360269.1743374,0.0019068717956542969
135797,normal,1192,0,1782360269.1764266,0.002089262008666992
135798,normal,2412,0,1782360269.1785367,0.002110004425048828
135799,normal,3029,0,1782360269.1803079,0.0017712116241455078
135800,normal,3679,0,1782360269.1823297,0.00202178955078125
135801,normal,1991,0,1782360269.1845942,0.0022644996643066406
135802,normal,437,0,1782360269.1863773,0.001783132553100586
135803,normal,1004,2,1782360269.188448,0.0020706653594970703
135804,normal,3325,1,1782360269.1905148,0.0020668506622314453
135805,normal,1547,0,1782360269.1924236,0.0019087791442871094
135806,normal,1063,0,1782360269.1943517,0.001928091049194336
135807,normal,1494,0,1782360269.196437,0.0020852088928222656
135808,normal,2565,0,1782360269.198334,0.0018970966339111328
135809,normal,1570,0,1782360269.2004151,0.002081155776977539
135810,normal,2360,0,1782360269.2025435,0.0021283626556396484
135811,normal,1989,0,1782360269.2042835,0.0017399787902832031
135812,normal,541,0,1782360269.2063308,0.002047300338745117
135813,normal,75,0,1782360269.208461,0.002130270004272461
135814,normal,800,2,1782360269.2103372,0.0018761157989501953
135815,normal,1390,0,1782360269.2124085,0.002071380615234375
135816,normal,1562,0,1782360269.2149982,0.002589702606201172
135817,normal,1893,0,1782360269.2165036,0.0015053749084472656
135818,normal,819,2,1782360269.2183793,0.0018756389617919922
135819,normal,2703,0,1782360269.2204695,0.0020902156829833984
135820,normal,1863,0,1782360269.222337,0.001867532730102539
135821,normal,2644,0,1782360269.2243352,0.0019981861114501953
135822,normal,3191,1,1782360269.226503,0.0021677017211914062
135823,normal,2476,0,1782360269.2284887,0.001985788345336914
135824,normal,1072,0,1782360269.2302601,0.0017714500427246094
135825,normal,2273,0,1782360269.2324672,0.002207040786743164
135826,normal,2086,0,1782360269.2343438,0.0018765926361083984
135827,normal,343,0,1782360269.2363439,0.002000093460083008
135828,normal,1626,0,1782360269.2384782,0.0021343231201171875
135829,normal,1641,0,1782360269.2404487,0.001970529556274414
135830,normal,1110,0,1782360269.2424326,0.0019838809967041016
135831,normal,2608,0,1782360269.2445188,0.002086162567138672
135832,normal,1558,0,1782360269.2462935,0.0017747879028320312
135833,normal,2439,0,1782360269.248453,0.0021593570709228516
135834,normal,297,0,1782360269.2504253,0.0019724369049072266
135835,normal,1242,0,1782360269.2523355,0.0019102096557617188
135836,normal,1388,0,1782360269.254709,0.0023734569549560547
135837,normal,1735,0,1782360269.2564206,0.0017116069793701172
135838,normal,1112,0,1782360269.258393,0.0019724369049072266
135839,normal,71,0,1782360269.2605124,0.002119302749633789
135840,normal,61,0,1782360269.2628894,0.002377033233642578
135841,normal,1987,0,1782360269.2643256,0.0014362335205078125
135842,normal,3377,1,1782360269.26633,0.002004384994506836
135843,normal,568,0,1782360269.268443,0.0021131038665771484
135844,normal,2337,0,1782360269.2703426,0.0018994808197021484
135845,normal,995,2,1782360269.2723374,0.0019948482513427734
135846,normal,15,0,1782360269.27447,0.0021326541900634766
135847,normal,2432,0,1782360269.276339,0.0018689632415771484
135848,normal,1798,0,1782360269.2783375,0.001998424530029297
135849,normal,1679,0,1782360269.2805004,0.002162933349609375
135850,normal,1513,0,1782360269.2822978,0.0017974376678466797
135851,normal,1540,0,1782360269.284401,0.002103090286254883
135852,normal,1902,0,1782360269.286491,0.002089977264404297
135853,normal,1448,0,1782360269.2883487,0.001857757568359375
135854,normal,2796,0,1782360269.2903728,0.0020241737365722656
135855,normal,1417,0,1782360269.2925107,0.002137899398803711
135856,normal,50,0,1782360269.2944136,0.0019028186798095703
135857,normal,891,2,1782360269.2963405,0.0019268989562988281
135858,normal,1800,0,1782360269.2984657,0.002125263214111328
135859,normal,1961,0,1782360269.3002653,0.0017995834350585938
135860,normal,1612,0,1782360269.3023424,0.0020771026611328125
135861,normal,3224,1,1782360269.3044822,0.0021398067474365234
135862,normal,1507,0,1782360269.306358,0.0018758773803710938
135863,normal,665,0,1782360269.30836,0.0020020008087158203
135864,normal,3706,0,1782360269.3105175,0.002157449722290039
135865,normal,31,0,1782360269.3123555,0.0018379688262939453
135866,normal,940,2,1782360269.3143394,0.0019838809967041016
135867,normal,1648,0,1782360269.3164744,0.002135038375854492
135868,normal,2381,0,1782360269.318342,0.001867532730102539
135869,normal,977,2,1782360269.3204157,0.0020737648010253906
135870,normal,1964,0,1782360269.3224816,0.002065896987915039
135871,normal,3081,1,1782360269.324354,0.0018723011016845703
135872,normal,2942,0,1782360269.3264158,0.0020618438720703125
135873,normal,1866,0,1782360269.3285668,0.002151012420654297
135874,normal,1793,0,1782360269.330359,0.0017921924591064453
135875,normal,2821,0,1782360269.3323512,0.0019922256469726562
135876,normal,2722,0,1782360269.3345237,0.0021724700927734375
135877,normal,2557,0,1782360269.3363464,0.0018227100372314453
135878,normal,1461,0,1782360269.338338,0.0019915103912353516
135879,normal,3355,1,1782360269.3404577,0.002119779586791992
135880,normal,1459,0,1782360269.3423383,0.001880645751953125
135881,normal,1600,0,1782360269.344479,0.0021407604217529297
135882,normal,1346,1,1782360269.346523,0.0020439624786376953
135883,normal,1678,0,1782360269.3488433,0.0023202896118164062
135884,normal,1722,0,1782360269.3504457,0.0016024112701416016
135885,normal,2112,0,1782360269.352596,0.002150297164916992
135886,normal,1286,0,1782360269.354315,0.0017189979553222656
135887,normal,2693,0,1782360269.356507,0.0021920204162597656
135888,normal,302,0,1782360269.3586118,0.0021047592163085938
135889,normal,3384,1,1782360269.3602448,0.0016329288482666016
135890,normal,2283,0,1782360269.3623466,0.002101898193359375
135891,normal,3131,1,1782360269.3643324,0.001985788345336914
135892,normal,1157,0,1782360269.3662999,0.0019674301147460938
135893,normal,243,0,1782360269.3682406,0.0019407272338867188
135894,normal,2512,0,1782360269.3702526,0.002012014389038086
135895,normal,2059,0,1782360269.3722577,0.0020051002502441406
135896,normal,2601,0,1782360269.3744414,0.002183675765991211
135897,normal,2110,0,1782360269.3769176,0.002476215362548828
135898,normal,2919,0,1782360269.378455,0.001537322998046875
135899,normal,781,2,1782360269.3804839,0.002028942108154297
135900,normal,2514,0,1782360269.3823543,0.0018703937530517578
135901,normal,669,0,1782360269.3842814,0.0019271373748779297
135902,normal,3353,1,1782360269.3864126,0.002131223678588867
135903,normal,2313,0,1782360269.3888085,0.0023958683013916016
135904,normal,1982,0,1782360269.390791,0.001982450485229492
135905,normal,3519,0,1782360269.3923037,0.001512765884399414
135906,normal,3142,1,1782360269.3952441,0.0029404163360595703
135907,normal,1188,0,1782360269.39628,0.001035928726196289
135908,normal,2891,0,1782360269.3983335,0.002053499221801758
135909,normal,2618,0,1782360269.4004014,0.0020678043365478516
135910,normal,396,0,1782360269.4022887,0.0018873214721679688
135911,normal,1840,0,1782360269.4044335,0.0021448135375976562
135912,normal,2200,0,1782360269.4067154,0.0022819042205810547
135913,normal,3247,1,1782360269.408638,0.001922607421875
135914,normal,3180,1,1782360269.4103243,0.0016863346099853516
135915,normal,2485,0,1782360269.412431,0.0021066665649414062
135916,normal,371,0,1782360269.4143126,0.0018815994262695312
135917,normal,2287,0,1782360269.4164205,0.002107858657836914
135918,normal,842,2,1782360269.4183872,0.001966714859008789
135919,normal,2842,0,1782360269.420337,0.0019497871398925781
135920,normal,1201,0,1782360269.4226997,0.0023627281188964844
135921,normal,2446,0,1782360269.4245162,0.0018165111541748047
135922,normal,1812,0,1782360269.4264412,0.0019249916076660156
135923,normal,2834,0,1782360269.4284852,0.0020439624786376953
135924,normal,1238,0,1782360269.4305413,0.002056121826171875
135925,normal,51,0,1782360269.432446,0.0019047260284423828
135926,normal,2580,0,1782360269.4342961,0.001850128173828125
135927,normal,2826,0,1782360269.4370096,0.002713441848754883
135928,normal,291,0,1782360269.4385555,0.0015459060668945312
135929,normal,2908,0,1782360269.4404547,0.0018992424011230469
135930,normal,2692,0,1782360269.4424133,0.001958608627319336
135931,normal,2258,0,1782360269.4446225,0.002209186553955078
135932,normal,3633,0,1782360269.4467359,0.00211334228515625
135933,normal,674,0,1782360269.4483602,0.0016243457794189453
135934,normal,2385,0,1782360269.4503477,0.001987457275390625
135935,normal,3336,1,1782360269.452624,0.0022764205932617188
135936,normal,3522,0,1782360269.4546182,0.0019941329956054688
135937,normal,2635,0,1782360269.457501,0.002882719039916992
135938,normal,2811,0,1782360269.45824,0.0007390975952148438
135939,normal,618,0,1782360269.460408,0.002167940139770508
135940,normal,261,0,1782360269.462271,0.0018630027770996094
135941,normal,3194,1,1782360269.464409,0.0021381378173828125
135942,normal,3593,0,1782360269.4664996,0.0020904541015625
135943,normal,1339,1,1782360269.4684598,0.001960277557373047
135944,normal,3375,1,1782360269.4704754,0.0020155906677246094
135945,normal,1128,0,1782360269.4725425,0.002067089080810547
135946,normal,2839,0,1782360269.4743314,0.0017888545989990234
135947,normal,2113,0,1782360269.4764676,0.00213623046875
135948,normal,1187,0,1782360269.478578,0.0021104812622070312
135949,normal,1381,1,1782360269.480496,0.0019178390502929688
135950,normal,1279,0,1782360269.4824667,0.0019707679748535156
135951,normal,1566,0,1782360269.4844844,0.0020177364349365234
135952,normal,2120,0,1782360269.4862964,0.001811981201171875
135953,normal,235,0,1782360269.488448,0.0021514892578125
135954,normal,593,0,1782360269.490407,0.001959085464477539
135955,normal,2705,0,1782360269.4923317,0.001924753189086914
135956,normal,3048,1,1782360269.494337,0.002005338668823242
135957,normal,2329,0,1782360269.496439,0.002101898193359375
135958,normal,3252,1,1782360269.498327,0.0018880367279052734
135959,normal,3085,1,1782360269.500409,0.0020818710327148438
135960,normal,2046,0,1782360269.5025156,0.0021066665649414062
135961,normal,2068,0,1782360269.5044093,0.001893758773803711
135962,normal,3076,1,1782360269.5062673,0.0018579959869384766
135963,normal,3436,0,1782360269.508393,0.0021257400512695312
135964,normal,1233,0,1782360269.5102482,0.0018551349639892578
135965,normal,741,0,1782360269.5124013,0.002153158187866211
135966,normal,588,0,1782360269.514413,0.0020117759704589844
135967,normal,714,0,1782360269.5163248,0.0019116401672363281
135968,normal,2996,0,1782360269.5185163,0.0021915435791015625
135969,normal,3101,1,1782360269.5205836,0.0020673274993896484
135970,normal,158,0,1782360269.5224388,0.0018551349639892578
135971,normal,2822,0,1782360269.5244882,0.0020494461059570312
135972,normal,3493,0,1782360269.5264773,0.001989126205444336
135973,normal,2963,0,1782360269.5283306,0.0018532276153564453
135974,normal,1725,0,1782360269.5303955,0.002064943313598633
135975,normal,155,0,1782360269.5325074,0.0021119117736816406
135976,normal,2243,0,1782360269.5342538,0.0017464160919189453
135977,normal,3013,0,1782360269.536384,0.002130270004272461
135978,normal,1723,0,1782360269.5383763,0.0019922256469726562
135979,normal,3251,1,1782360269.540246,0.0018696784973144531
135980,normal,3673,0,1782360269.542538,0.0022919178009033203
135981,normal,44,0,1782360269.5447044,0.0021665096282958984
135982,normal,3269,1,1782360269.5464466,0.0017421245574951172
135983,normal,570,0,1782360269.5485332,0.002086639404296875
135984,normal,143,0,1782360269.5506234,0.0020902156829833984
135985,normal,3378,1,1782360269.5526254,0.0020020008087158203
135986,normal,3467,0,1782360269.5545096,0.0018842220306396484
135987,normal,1170,0,1782360269.5568025,0.0022928714752197266
135988,normal,1278,0,1782360269.5584488,0.001646280288696289
135989,normal,2180,0,1782360269.5606232,0.00217437744140625
135990,normal,3566,0,1782360269.5624495,0.0018262863159179688
135991,normal,3423,0,1782360269.5644333,0.0019838809967041016
135992,normal,923,2,1782360269.5662365,0.0018031597137451172
135993,normal,3393,1,1782360269.568376,0.002139568328857422
135994,normal,1858,0,1782360269.5702553,0.0018792152404785156
135995,normal,2227,0,1782360269.5725198,0.0022644996643066406
135996,normal,3385,1,1782360269.574428,0.0019083023071289062
135997,normal,1253,0,1782360269.5763679,0.0019397735595703125
135998,normal,1015,2,1782360269.5783098,0.0019419193267822266
135999,normal,2740,0,1782360269.5803702,0.002060413360595703
136000,normal,193,0,1782360269.5822394,0.00186920166015625
136001,normal,3419,0,1782360269.5852082,0.0029687881469726562
136002,normal,2555,0,1782360269.5864773,0.0012691020965576172
136003,normal,2103,0,1782360269.5882905,0.0018131732940673828
136004,normal,3309,1,1782360269.5909786,0.002688169479370117
136005,normal,1994,0,1782360269.5926957,0.0017170906066894531
136006,normal,440,0,1782360269.5943542,0.0016584396362304688
136007,normal,1213,0,1782360269.5964239,0.002069711685180664
136008,normal,224,0,1782360269.598529,0.002105236053466797
136009,normal,1255,0,1782360269.6005554,0.0020263195037841797
136010,normal,2089,0,1782360269.6022856,0.001730203628540039
136011,normal,2907,0,1782360269.6045337,0.002248048782348633
136012,normal,2631,0,1782360269.6067486,0.0022149085998535156
136013,normal,2578,0,1782360269.608305,0.001556396484375
136014,normal,3586,0,1782360269.6104252,0.0021202564239501953
136015,normal,3141,1,1782360269.6122715,0.0018463134765625
136016,normal,2128,0,1782360269.6144187,0.002147197723388672
136017,normal,576,0,1782360269.6164126,0.001993894577026367
136018,normal,1167,0,1782360269.6182692,0.0018565654754638672
136019,normal,1165,0,1782360269.6210225,0.0027532577514648438
136020,normal,582,0,1782360269.622893,0.0018706321716308594
136021,normal,2335,0,1782360269.624714,0.0018208026885986328
136022,normal,2646,0,1782360269.6263366,0.0016226768493652344
136023,normal,3562,0,1782360269.628511,0.00217437744140625
136024,normal,3078,1,1782360269.6305528,0.0020418167114257812
136025,normal,1846,0,1782360269.63252,0.001967191696166992
136026,normal,3,0,1782360269.6345272,0.0020072460174560547
136027,normal,2923,0,1782360269.6367452,0.002218008041381836
136028,normal,3297,1,1782360269.6387236,0.0019783973693847656
136029,normal,67,0,1782360269.6404052,0.0016815662384033203
136030,normal,2901,0,1782360269.6423593,0.0019540786743164062
136031,normal,85,0,1782360269.6446385,0.0022792816162109375
136032,normal,1096,0,1782360269.646607,0.0019683837890625
136033,normal,1491,0,1782360269.648494,0.0018870830535888672
136034,normal,3430,0,1782360269.6504338,0.0019397735595703125
136035,normal,2856,0,1782360269.6525214,0.0020875930786132812
136036,normal,3090,1,1782360269.6544251,0.0019037723541259766
136037,normal,1443,0,1782360269.656288,0.0018627643585205078
136038,normal,507,0,1782360269.658495,0.002207040786743164
136039,normal,1642,0,1782360269.6605484,0.002053499221801758
136040,normal,2014,0,1782360269.6628127,0.002264261245727539
136041,normal,2938,0,1782360269.6643484,0.001535654067993164
136042,normal,414,0,1782360269.666421,0.002072572708129883
136043,normal,759,0,1782360269.6692924,0.0028715133666992188
136044,normal,2632,0,1782360269.6703246,0.001032114028930664
136045,normal,3113,1,1782360269.6723697,0.002045154571533203
136046,normal,677,0,1782360269.6743839,0.00201416015625
136047,normal,3133,1,1782360269.6764913,0.002107381820678711
136048,normal,3486,0,1782360269.678329,0.0018377304077148438
136049,normal,422,0,1782360269.680589,0.002259969711303711
136050,normal,1209,0,1782360269.6824834,0.0018944740295410156
136051,normal,1300,0,1782360269.6844382,0.001954793930053711
136052,normal,2838,0,1782360269.6863816,0.001943349838256836
136053,normal,1826,0,1782360269.6884604,0.0020787715911865234
136054,normal,2453,0,1782360269.6904435,0.001983165740966797
136055,normal,384,0,1782360269.6924324,0.0019888877868652344
136056,normal,3079,1,1782360269.694499,0.0020666122436523438
136057,normal,3018,0,1782360269.696273,0.0017740726470947266
136058,normal,1770,0,1782360269.698437,0.0021638870239257812
136059,normal,2006,0,1782360269.7004008,0.0019638538360595703
136060,normal,2494,0,1782360269.7023365,0.001935720443725586
136061,normal,1365,1,1782360269.7043693,0.002032756805419922
136062,normal,3151,1,1782360269.706503,0.002133607864379883
136063,normal,1139,0,1782360269.7083018,0.001798868179321289
136064,normal,3290,1,1782360269.7104409,0.0021390914916992188
136065,normal,130,0,1782360269.7125247,0.0020837783813476562
136066,normal,961,2,1782360269.7142837,0.0017590522766113281
136067,normal,598,0,1782360269.7164166,0.002132892608642578
136068,normal,1398,0,1782360269.718395,0.0019783973693847656
136069,normal,1824,0,1782360269.720256,0.0018610954284667969
136070,normal,381,0,1782360269.7223172,0.002061128616333008
136071,normal,1098,0,1782360269.7244678,0.0021505355834960938
136072,normal,835,2,1782360269.7267785,0.0023107528686523438
136073,normal,3438,0,1782360269.7283745,0.0015959739685058594
136074,normal,1945,0,1782360269.7305024,0.0021278858184814453
136075,normal,3039,0,1782360269.7323987,0.0018963813781738281
136076,normal,32,0,1782360269.7344286,0.002029895782470703
136077,normal,678,0,1782360269.736428,0.001999378204345703
136078,normal,1123,0,1782360269.738273,0.0018448829650878906
136079,normal,2455,0,1782360269.7404194,0.002146482467651367
136080,normal,2841,0,1782360269.7424228,0.0020034313201904297
136081,normal,202,0,1782360269.7442396,0.0018167495727539062
136082,normal,2242,0,1782360269.7465658,0.0023262500762939453
136083,normal,208,0,1782360269.7484539,0.0018880367279052734
136084,normal,2317,0,1782360269.7503188,0.0018649101257324219
136085,normal,1283,0,1782360269.7526197,0.0023009777069091797
136086,normal,1357,1,1782360269.754556,0.001936197280883789
136087,normal,1797,0,1782360269.7565076,0.0019516944885253906
136088,normal,3446,0,1782360269.758518,0.002010345458984375
136089,normal,3548,0,1782360269.7607212,0.002203226089477539
136090,normal,1224,0,1782360269.7627447,0.002023458480834961
136091,normal,3449,0,1782360269.7647727,0.0020279884338378906
136092,normal,3650,0,1782360269.7665858,0.0018131732940673828
136093,normal,717,0,1782360269.768455,0.00186920166015625
136094,normal,925,2,1782360269.7704027,0.001947641372680664
136095,normal,2049,0,1782360269.7724757,0.002073049545288086
136096,normal,2148,0,1782360269.7742443,0.0017685890197753906
136097,normal,1010,2,1782360269.7763762,0.002131938934326172
136098,normal,3060,1,1782360269.7785964,0.00222015380859375
136099,normal,1195,0,1782360269.7802367,0.00164031982421875
136100,normal,3010,0,1782360269.7823722,0.0021355152130126953
136101,normal,2,0,1782360269.7843697,0.0019974708557128906
136102,normal,1677,0,1782360269.7862296,0.001859903335571289
136103,normal,2883,0,1782360269.788377,0.0021474361419677734
136104,normal,1775,0,1782360269.7909586,0.0025815963745117188
136105,normal,3525,0,1782360269.7924476,0.0014889240264892578
136106,normal,2288,0,1782360269.7943754,0.0019278526306152344
136107,normal,3392,1,1782360269.7969966,0.002621173858642578
136108,normal,107,0,1782360269.7982864,0.0012898445129394531
136109,normal,1006,2,1782360269.8005152,0.0022287368774414062
136110,normal,1900,0,1782360269.802696,0.002180814743041992
136111,normal,2510,0,1782360269.8043008,0.0016047954559326172
136112,normal,1219,0,1782360269.806405,0.0021042823791503906
136113,normal,1196,0,1782360269.8088033,0.002398252487182617
136114,normal,1176,0,1782360269.8104916,0.001688241958618164
136115,normal,2790,0,1782360269.8122776,0.0017859935760498047
136116,normal,219,0,1782360269.8145988,0.0023212432861328125
136117,normal,2193,0,1782360269.8164165,0.0018177032470703125
136118,normal,534,0,1782360269.8182838,0.0018672943115234375
136119,normal,3512,0,1782360269.8204203,0.0021364688873291016
136120,normal,1500,0,1782360269.8222828,0.0018625259399414062
136121,normal,3022,0,1782360269.824744,0.0024611949920654297
136122,normal,2122,0,1782360269.8265293,0.0017852783203125
136123,normal,1402,0,1782360269.8283637,0.0018343925476074219
136124,normal,2215,0,1782360269.8303423,0.001978635787963867
136125,normal,1744,0,1782360269.832403,0.0020606517791748047
136126,normal,2959,0,1782360269.8343744,0.0019714832305908203
136127,normal,3664,0,1782360269.8363123,0.0019378662109375
136128,normal,1672,0,1782360269.8384972,0.0021848678588867188
136129,normal,2281,0,1782360269.8407438,0.0022466182708740234
136130,normal,1737,0,1782360269.8429265,0.0021827220916748047
136131,normal,2017,0,1782360269.8444085,0.0014820098876953125
136132,normal,398,0,1782360269.846323,0.0019145011901855469
136133,normal,2814,0,1782360269.8485045,0.002181529998779297
136134,normal,2928,0,1782360269.8506413,0.002136707305908203
136135,normal,2115,0,1782360269.8523207,0.0016794204711914062
136136,normal,3148,1,1782360269.8543327,0.002012014389038086
136137,normal,1629,0,1782360269.8562143,0.0018815994262695312
136138,normal,3578,0,1782360269.8583405,0.0021262168884277344
136139,normal,3008,0,1782360269.8603528,0.0020122528076171875
136140,normal,2380,0,1782360269.8623483,0.001995563507080078
136141,normal,3564,0,1782360269.864367,0.0020186901092529297
136142,normal,1521,0,1782360269.866359,0.0019919872283935547
136143,normal,3157,1,1782360269.8684516,0.002092599868774414
136144,normal,3314,1,1782360269.8703856,0.001934051513671875
136145,normal,2088,0,1782360269.8723378,0.0019521713256835938
136146,normal,1929,0,1782360269.8743134,0.001975536346435547
136147,normal,1449,0,1782360269.8765054,0.0021920204162597656
136148,normal,2739,0,1782360269.8783572,0.001851797103881836
136149,normal,2843,0,1782360269.8802826,0.0019254684448242188
136150,normal,1272,0,1782360269.8823125,0.002029895782470703
136151,normal,1218,0,1782360269.8843656,0.0020530223846435547
136152,normal,3096,1,1782360269.8863616,0.0019960403442382812
136153,normal,816,2,1782360269.8883333,0.001971721649169922
136154,normal,3345,1,1782360269.8902023,0.0018689632415771484
136155,normal,505,0,1782360269.8922603,0.0020580291748046875
136156,normal,2105,0,1782360269.894303,0.0020427703857421875
136157,normal,765,0,1782360269.8963428,0.002039670944213867
136158,normal,2912,0,1782360269.8983226,0.001979827880859375
136159,normal,762,0,1782360269.9003267,0.0020041465759277344
136160,normal,1905,0,1782360269.9022613,0.0019345283508300781
136161,normal,2053,0,1782360269.9042916,0.0020303726196289062
136162,normal,400,0,1782360269.9064553,0.0021636486053466797
136163,normal,2850,0,1782360269.9083707,0.0019154548645019531
136164,normal,2853,0,1782360269.9103286,0.0019578933715820312
136165,normal,539,0,1782360269.9122546,0.0019259452819824219
136166,normal,2216,0,1782360269.9142168,0.0019621849060058594
136167,normal,673,0,1782360269.916246,0.0020291805267333984
136168,normal,1836,0,1782360269.9182396,0.0019936561584472656
136169,normal,358,0,1782360269.9202425,0.0020029544830322266
136170,normal,2095,0,1782360269.9223387,0.0020961761474609375
136171,normal,2716,0,1782360269.924352,0.0020132064819335938
136172,normal,586,0,1782360269.9266386,0.002286672592163086
136173,normal,3139,1,1782360269.9282846,0.0016460418701171875
136174,normal,3147,1,1782360269.930278,0.001993417739868164
136175,normal,1132,0,1782360269.9323475,0.0020694732666015625
136176,normal,3676,0,1782360269.934338,0.0019905567169189453
136177,normal,2247,0,1782360269.936217,0.001878976821899414
136178,normal,1435,0,1782360269.938436,0.002218961715698242
136179,normal,646,0,1782360269.9403615,0.0019254684448242188
136180,normal,1609,0,1782360269.942242,0.0018804073333740234
136181,normal,1091,0,1782360269.9443402,0.0020983219146728516
136182,normal,2462,0,1782360269.9463363,0.0019960403442382812
136183,normal,3108,1,1782360269.9485419,0.0022056102752685547
136184,normal,2085,0,1782360269.9504192,0.0018773078918457031
136185,normal,3188,1,1782360269.952543,0.0021238327026367188
136186,normal,59,0,1782360269.9545274,0.0019843578338623047
136187,normal,2256,0,1782360269.95649,0.0019626617431640625
136188,normal,2501,0,1782360269.9585695,0.002079486846923828
136189,normal,519,0,1782360269.9604304,0.0018608570098876953
136190,normal,312,0,1782360269.9625578,0.002127408981323242
136191,normal,1324,1,1782360269.964586,0.002028226852416992
136192,normal,871,2,1782360269.9663894,0.0018033981323242188
136193,normal,3193,1,1782360269.9683468,0.001957416534423828
136194,normal,3295,1,1782360269.9702895,0.0019426345825195312
136195,normal,1579,0,1782360269.972343,0.002053499221801758
136196,normal,3220,1,1782360269.9743276,0.0019845962524414062
136197,normal,2861,0,1782360269.976574,0.002246379852294922
136198,normal,2178,0,1782360269.9784327,0.0018587112426757812
136199,normal,90,0,1782360269.9805543,0.0021216869354248047
136200,normal,1650,0,1782360269.9824786,0.001924276351928711
136201,normal,2372,0,1782360269.9845526,0.002074003219604492
136202,normal,3372,1,1782360269.98632,0.0017673969268798828
136203,normal,3047,1,1782360269.9884229,0.0021028518676757812
136204,normal,1288,0,1782360269.9903872,0.0019643306732177734
136205,normal,2886,0,1782360269.993381,0.0029938220977783203
136206,normal,1647,0,1782360269.994696,0.0013148784637451172
136207,normal,484,0,1782360269.9963818,0.0016858577728271484
136208,normal,3016,0,1782360269.9984088,0.0020270347595214844
136209,normal,1198,0,1782360270.0003397,0.0019309520721435547
136210,normal,278,0,1782360270.002293,0.0019533634185791016
136211,normal,3107,1,1782360270.004484,0.002190828323364258
136212,normal,305,0,1782360270.006464,0.0019800662994384766
136213,normal,3380,1,1782360270.0087671,0.0023031234741210938
136214,normal,2350,0,1782360270.0103445,0.0015773773193359375
136215,normal,347,0,1782360270.0123515,0.002007007598876953
136216,normal,2454,0,1782360270.0142593,0.0019078254699707031
136217,normal,768,0,1782360270.0162892,0.002029895782470703
136218,normal,218,0,1782360270.0188549,0.002565622329711914
136219,normal,893,2,1782360270.020468,0.0016131401062011719
136220,normal,3163,1,1782360270.0223498,0.0018818378448486328
136221,normal,1060,0,1782360270.0247128,0.002362966537475586
136222,normal,2270,0,1782360270.0263944,0.0016815662384033203
136223,normal,3166,1,1782360270.0283985,0.0020041465759277344
136224,normal,2659,0,1782360270.0303912,0.0019927024841308594
136225,normal,3271,1,1782360270.0323677,0.001976490020751953
136226,normal,3689,0,1782360270.0346496,0.0022819042205810547
136227,normal,2874,0,1782360270.036301,0.0016512870788574219
136228,normal,1179,0,1782360270.0383017,0.0020008087158203125
136229,normal,2480,0,1782360270.040598,0.0022962093353271484
136230,normal,1667,0,1782360270.042331,0.0017330646514892578
136231,normal,3120,1,1782360270.0443072,0.0019762516021728516
136232,normal,679,0,1782360270.0466974,0.002390146255493164
136233,normal,3587,0,1782360270.0485513,0.00185394287109375
136234,normal,772,2,1782360270.0504327,0.0018813610076904297
136235,normal,2772,0,1782360270.0522377,0.0018050670623779297
136236,normal,3432,0,1782360270.0542593,0.0020215511322021484
136237,normal,3514,0,1782360270.0562205,0.001961231231689453
136238,normal,247,0,1782360270.0584123,0.002191781997680664
136239,normal,972,2,1782360270.0603645,0.0019521713256835938
136240,normal,1391,0,1782360270.0622785,0.0019140243530273438
136241,normal,2468,0,1782360270.0643094,0.0020308494567871094
136242,normal,3542,0,1782360270.0663145,0.0020051002502441406
136243,normal,2262,0,1782360270.0684078,0.0020933151245117188
136244,normal,3183,1,1782360270.0704,0.0019922256469726562
136245,normal,2010,0,1782360270.072401,0.002001047134399414
136246,normal,1275,0,1782360270.0743334,0.001932382583618164
136247,normal,2417,0,1782360270.0764291,0.0020956993103027344
136248,normal,407,0,1782360270.078299,0.0018699169158935547
136249,normal,323,0,1782360270.0804818,0.0021827220916748047
136250,normal,2469,0,1782360270.0825984,0.002116680145263672
136251,normal,667,0,1782360270.0845246,0.0019261837005615234
136252,normal,3520,0,1782360270.0865402,0.0020155906677246094
136253,normal,969,2,1782360270.0884073,0.001867055892944336
136254,normal,1910,0,1782360270.0903015,0.001894235610961914
136255,normal,1880,0,1782360270.0923753,0.0020737648010253906
136256,normal,2979,0,1782360270.0945566,0.0021812915802001953
136257,normal,1256,0,1782360270.096922,0.0023653507232666016
136258,normal,3478,0,1782360270.0983384,0.0014164447784423828
136259,normal,3456,0,1782360270.1004198,0.0020813941955566406
136260,normal,1474,0,1782360270.1023664,0.0019466876983642578
136261,normal,2660,0,1782360270.1043496,0.001983165740966797
136262,normal,884,2,1782360270.1064873,0.0021376609802246094
136263,normal,2266,0,1782360270.1083398,0.0018525123596191406
136264,normal,139,0,1782360270.11045,0.0021102428436279297
136265,normal,3701,0,1782360270.1123433,0.0018932819366455078
136266,normal,3575,0,1782360270.1144598,0.0021164417266845703
136267,normal,2704,0,1782360270.1163568,0.0018970966339111328
136268,normal,244,0,1782360270.1184082,0.0020513534545898438
136269,normal,3437,0,1782360270.1203244,0.0019161701202392578
136270,normal,3468,0,1782360270.1225731,0.0022487640380859375
136271,normal,2545,0,1782360270.124463,0.001889944076538086
136272,normal,1169,0,1782360270.1265433,0.002080202102661133
136273,normal,1210,0,1782360270.1283844,0.0018410682678222656
136274,normal,1175,0,1782360270.1302927,0.0019083023071289062
136275,normal,103,0,1782360270.132354,0.0020613670349121094
136276,normal,364,0,1782360270.134293,0.0019390583038330078
136277,normal,2610,0,1782360270.1362855,0.001992464065551758
136278,normal,1349,1,1782360270.138316,0.0020303726196289062
136279,normal,2340,0,1782360270.1402216,0.001905679702758789
136280,normal,1340,1,1782360270.1422334,0.0020117759704589844
136281,normal,1375,1,1782360270.1443365,0.002103090286254883
136282,normal,2616,0,1782360270.146461,0.0021245479583740234
136283,normal,74,0,1782360270.1484485,0.001987457275390625
136284,normal,3201,1,1782360270.150394,0.00194549560546875
136285,normal,3002,0,1782360270.1525638,0.0021698474884033203
136286,normal,2893,0,1782360270.154447,0.0018832683563232422
136287,normal,1298,0,1782360270.1566124,0.0021653175354003906
136288,normal,165,0,1782360270.1583645,0.0017521381378173828
136289,normal,184,0,1782360270.1606948,0.002330303192138672
136290,normal,763,0,1782360270.1625695,0.001874685287475586
136291,normal,700,0,1782360270.1644697,0.0019001960754394531
136292,normal,913,2,1782360270.166354,0.0018842220306396484
136293,normal,3634,0,1782360270.1684616,0.0021076202392578125
136294,normal,2791,0,1782360270.170311,0.0018494129180908203
136295,normal,1484,0,1782360270.1724095,0.002098560333251953
136296,normal,935,2,1782360270.1743956,0.0019860267639160156
136297,normal,659,0,1782360270.1765232,0.0021276473999023438
136298,normal,3202,1,1782360270.178285,0.0017616748809814453
136299,normal,494,0,1782360270.1803844,0.0020995140075683594
136300,normal,309,0,1782360270.1822712,0.0018868446350097656
136301,normal,1822,0,1782360270.1843896,0.002118349075317383
136302,normal,1872,0,1782360270.1864016,0.002012014389038086
136303,normal,904,2,1782360270.1890519,0.0026502609252929688
136304,normal,2503,0,1782360270.1905017,0.0014498233795166016
136305,normal,430,0,1782360270.192445,0.001943349838256836
136306,normal,111,0,1782360270.1947749,0.0023298263549804688
136307,normal,1806,0,1782360270.196423,0.0016481876373291016
136308,normal,1216,0,1782360270.1985486,0.0021255016326904297
136309,normal,3129,1,1782360270.2003446,0.0017960071563720703
136310,normal,2383,0,1782360270.202501,0.002156496047973633
136311,normal,2316,0,1782360270.2046115,0.0021104812622070312
136312,normal,1971,0,1782360270.2066188,0.0020072460174560547
136313,normal,526,0,1782360270.2085664,0.001947641372680664
136314,normal,1635,0,1782360270.210345,0.0017786026000976562
136315,normal,627,0,1782360270.212431,0.0020859241485595703
136316,normal,132,0,1782360270.2142942,0.001863241195678711
136317,normal,1897,0,1782360270.2165782,0.0022840499877929688
136318,normal,1270,0,1782360270.218294,0.0017156600952148438
136319,normal,788,2,1782360270.220396,0.0021021366119384766
136320,normal,1814,0,1782360270.2226017,0.0022056102752685547
136321,normal,185,0,1782360270.2244751,0.0018734931945800781
136322,normal,2983,0,1782360270.226493,0.0020177364349365234
136323,normal,2286,0,1782360270.2289605,0.002467632293701172
136324,normal,748,0,1782360270.2312737,0.0023131370544433594
136325,normal,18,0,1782360270.2328963,0.0016226768493652344
136326,normal,1001,2,1782360270.2344587,0.001562356948852539
136327,normal,694,0,1782360270.2362988,0.0018401145935058594
136328,normal,1411,0,1782360270.2390342,0.0027353763580322266
136329,normal,2684,0,1782360270.2405076,0.0014734268188476562
136330,normal,989,2,1782360270.2424266,0.0019190311431884766
136331,normal,2892,0,1782360270.2445047,0.0020780563354492188
136332,normal,62,0,1782360270.2471607,0.0026559829711914062
136333,normal,1468,0,1782360270.2488644,0.0017037391662597656
136334,normal,1972,0,1782360270.2503734,0.001508951187133789
136335,normal,3402,0,1782360270.2525303,0.002156972885131836
136336,normal,2924,0,1782360270.2542903,0.0017600059509277344
136337,normal,3643,0,1782360270.2564476,0.0021572113037109375
136338,normal,907,2,1782360270.2585707,0.002123117446899414
136339,normal,853,2,1782360270.2603312,0.0017604827880859375
136340,normal,1177,0,1782360270.2624443,0.0021131038665771484
136341,normal,606,0,1782360270.2644658,0.0020215511322021484
136342,normal,625,0,1782360270.2664416,0.0019757747650146484
136343,normal,1918,0,1782360270.2694352,0.0029935836791992188
136344,normal,2691,0,1782360270.270634,0.0011987686157226562
136345,normal,110,0,1782360270.2725222,0.001888275146484375
136346,normal,3708,0,1782360270.2742822,0.0017600059509277344
136347,normal,1134,0,1782360270.2765985,0.0023162364959716797
136348,normal,1407,0,1782360270.278344,0.001745462417602539
136349,normal,427,0,1782360270.28046,0.002115964889526367
136350,normal,1405,0,1782360270.2825863,0.002126455307006836
136351,normal,1760,0,1782360270.284354,0.0017676353454589844
136352,normal,2894,0,1782360305.3655965,0.0
136353,normal,1807,0,1782360305.3677654,0.002168893814086914
136354,normal,809,2,1782360305.3697648,0.001999378204345703
136355,normal,3425,0,1782360305.3719287,0.0021638870239257812
136356,normal,1777,0,1782360305.3735552,0.0016264915466308594
136357,normal,2968,0,1782360305.375866,0.0023107528686523438
136358,normal,3578,0,1782360305.3778422,0.0019762516021728516
136359,normal,2366,0,1782360305.3796086,0.0017664432525634766
136360,normal,307,0,1782360305.3818352,0.002226591110229492
136361,normal,982,2,1782360305.3838322,0.0019969940185546875
136362,normal,2078,0,1782360305.3856013,0.0017690658569335938
136363,normal,2938,0,1782360305.3878372,0.002235889434814453
136364,normal,403,0,1782360305.3898234,0.001986265182495117
136365,normal,1454,0,1782360305.3915453,0.0017218589782714844
136366,normal,1528,0,1782360305.393929,0.002383708953857422
136367,normal,1317,0,1782360305.3956003,0.0016713142395019531
136368,normal,3538,0,1782360305.397598,0.001997709274291992
136369,normal,1164,0,1782360305.3998466,0.002248525619506836
136370,normal,478,0,1782360305.4016519,0.0018053054809570312
136371,normal,2430,0,1782360305.403729,0.0020771026611328125
136372,normal,1036,0,1782360305.4056997,0.0019707679748535156
136373,normal,787,2,1782360305.4077666,0.0020668506622314453
136374,normal,294,0,1782360305.4095907,0.0018241405487060547
136375,normal,728,0,1782360305.4117727,0.0021820068359375
136376,normal,1936,0,1782360305.413606,0.001833200454711914
136377,normal,2723,0,1782360305.4157596,0.002153635025024414
136378,normal,3065,1,1782360305.4176292,0.0018696784973144531
136379,normal,15,0,1782360305.4197998,0.002170562744140625
136380,normal,1984,0,1782360305.4215932,0.0017933845520019531
136381,normal,3222,1,1782360305.4237292,0.0021359920501708984
136382,normal,3456,0,1782360305.4256895,0.001960277557373047
136383,normal,2578,0,1782360305.4277682,0.0020787715911865234
136384,normal,2126,0,1782360305.4295938,0.001825571060180664
136385,normal,1730,0,1782360305.431772,0.002178192138671875
136386,normal,3513,0,1782360305.4335911,0.0018191337585449219
136387,normal,2717,0,1782360305.435749,0.002157926559448242
136388,normal,959,2,1782360305.437651,0.001901865005493164
136389,normal,2953,0,1782360305.4397554,0.002104520797729492
136390,normal,1993,0,1782360305.4415975,0.0018420219421386719
136391,normal,2473,0,1782360305.4437766,0.0021791458129882812
136392,normal,1448,0,1782360305.4455912,0.0018146038055419922
136393,normal,3600,0,1782360305.447742,0.0021507740020751953
136394,normal,3176,1,1782360305.4496942,0.0019521713256835938
136395,normal,606,0,1782360305.451765,0.002070903778076172
136396,normal,528,0,1782360305.453603,0.0018379688262939453
136397,normal,3623,0,1782360305.4557748,0.002171754837036133
136398,normal,41,0,1782360305.4575956,0.0018208026885986328
136399,normal,1564,0,1782360305.4597383,0.002142667770385742
136400,normal,2476,0,1782360305.461692,0.0019538402557373047
136401,normal,442,0,1782360305.4637582,0.0020661354064941406
136402,normal,2642,0,1782360305.4655912,0.0018329620361328125
136403,normal,2842,0,1782360305.4677758,0.002184629440307617
136404,normal,2241,0,1782360305.4695914,0.0018155574798583984
136405,normal,1096,0,1782360305.4717512,0.0021598339080810547
136406,normal,1556,0,1782360305.47369,0.0019388198852539062
136407,normal,772,2,1782360305.4757566,0.0020666122436523438
136408,normal,2754,0,1782360305.4775925,0.0018358230590820312
136409,normal,50,0,1782360305.4797823,0.0021898746490478516
136410,normal,3279,1,1782360305.4815946,0.0018122196197509766
136411,normal,1002,2,1782360305.4837673,0.002172708511352539
136412,normal,1489,0,1782360305.4856825,0.0019152164459228516
136413,normal,1323,1,1782360305.4877565,0.002074003219604492
136414,normal,1696,0,1782360305.4896202,0.001863718032836914
136415,normal,1992,0,1782360305.4917793,0.00215911865234375
136416,normal,485,0,1782360305.4935956,0.0018162727355957031
136417,normal,3063,1,1782360305.4957666,0.002171039581298828
136418,normal,2171,0,1782360305.4976947,0.001928091049194336
136419,normal,3269,1,1782360305.499758,0.002063274383544922
136420,normal,1588,0,1782360305.501592,0.0018339157104492188
136421,normal,2790,0,1782360305.503789,0.0021970272064208984
136422,normal,3592,0,1782360305.5055919,0.0018029212951660156
136423,normal,2278,0,1782360305.5077734,0.002181529998779297
136424,normal,1606,0,1782360305.5096524,0.001878976821899414
136425,normal,1130,0,1782360305.511756,0.002103567123413086
136426,normal,862,2,1782360305.513594,0.0018379688262939453
136427,normal,2928,0,1782360305.5158129,0.002218961715698242
136428,normal,3521,0,1782360305.5175977,0.0017848014831542969
136429,normal,417,0,1782360305.5199063,0.0023086071014404297
136430,normal,3487,0,1782360305.5218534,0.001947164535522461
136431,normal,1363,1,1782360305.5235896,0.0017361640930175781
136432,normal,1561,0,1782360305.5259087,0.0023190975189208984
136433,normal,95,0,1782360305.5278363,0.0019276142120361328
136434,normal,609,0,1782360305.5295906,0.0017542839050292969
136435,normal,2843,0,1782360305.531819,0.0022284984588623047
136436,normal,1901,0,1782360305.5338438,0.0020246505737304688
136437,normal,1052,0,1782360305.5356069,0.0017631053924560547
136438,normal,1471,0,1782360305.5378282,0.002221345901489258
136439,normal,1370,1,1782360305.5398486,0.0020203590393066406
136440,normal,306,0,1782360305.5415905,0.0017418861389160156
136441,normal,1355,1,1782360305.5438206,0.0022301673889160156
136442,normal,311,0,1782360305.545839,0.002018451690673828
136443,normal,120,0,1782360305.5475993,0.001760244369506836
136444,normal,2540,0,1782360305.5499163,0.0023169517517089844
136445,normal,2184,0,1782360305.5518572,0.0019409656524658203
136446,normal,2496,0,1782360305.5536149,0.0017576217651367188
136447,normal,3156,1,1782360305.5558531,0.0022382736206054688
136448,normal,2245,0,1782360305.5578532,0.002000093460083008
136449,normal,3350,1,1782360305.5596006,0.0017473697662353516
136450,normal,94,0,1782360305.5618334,0.002232789993286133
136451,normal,1697,0,1782360305.563857,0.0020236968994140625
136452,normal,1051,0,1782360305.5655704,0.0017132759094238281
136453,normal,1983,0,1782360305.5678172,0.002246856689453125
136454,normal,1913,0,1782360305.5698457,0.0020284652709960938
136455,normal,1207,0,1782360305.5716016,0.0017559528350830078
136456,normal,1624,0,1782360305.5738127,0.0022110939025878906
136457,normal,1713,0,1782360305.5758424,0.0020296573638916016
136458,normal,1301,0,1782360305.5775905,0.0017480850219726562
136459,normal,2265,0,1782360305.5798366,0.0022461414337158203
136460,normal,557,0,1782360305.5818424,0.0020058155059814453
136461,normal,1949,0,1782360305.583602,0.0017595291137695312
136462,normal,1975,0,1782360305.5858634,0.0022614002227783203
136463,normal,1654,0,1782360305.5878415,0.001978158950805664
136464,normal,3038,0,1782360305.5898767,0.0020351409912109375
136465,normal,1712,0,1782360305.5918462,0.001969575881958008
136466,normal,402,0,1782360305.5937772,0.0019309520721435547
136467,normal,1354,1,1782360305.5955918,0.0018146038055419922
136468,normal,413,0,1782360305.597857,0.0022652149200439453
136469,normal,667,0,1782360305.5997705,0.0019135475158691406
136470,normal,1689,0,1782360305.6015906,0.0018200874328613281
136471,normal,426,0,1782360305.6038485,0.002257823944091797
136472,normal,167,0,1782360305.6057703,0.0019218921661376953
136473,normal,2768,0,1782360305.6076012,0.0018308162689208984
136474,normal,14,0,1782360305.609854,0.002252817153930664
136475,normal,3290,1,1782360305.6117244,0.0018703937530517578
136476,normal,3590,0,1782360305.6135952,0.001870870590209961
136477,normal,98,0,1782360305.6158698,0.0022745132446289062
136478,normal,2708,0,1782360305.617715,0.0018451213836669922
136479,normal,1275,0,1782360305.619592,0.0018770694732666016
136480,normal,1063,0,1782360305.6218572,0.0022652149200439453
136481,normal,1887,0,1782360305.6237795,0.0019223690032958984
136482,normal,3154,1,1782360305.6255937,0.001814126968383789
136483,normal,967,2,1782360305.627866,0.002272367477416992
136484,normal,790,2,1782360305.6297567,0.0018906593322753906
136485,normal,1558,0,1782360305.6315918,0.0018351078033447266
136486,normal,2585,0,1782360305.6338506,0.002258777618408203
136487,normal,1038,0,1782360305.635851,0.0020003318786621094
136488,normal,2097,0,1782360305.6376016,0.0017507076263427734
136489,normal,2781,0,1782360305.6399157,0.0023140907287597656
136490,normal,523,0,1782360305.6418386,0.0019228458404541016
136491,normal,3103,1,1782360305.6435912,0.001752614974975586
136492,normal,1529,0,1782360305.6458223,0.002231121063232422
136493,normal,579,0,1782360305.6478567,0.002034425735473633
136494,normal,1953,0,1782360305.6496015,0.0017447471618652344
136495,normal,1924,0,1782360305.6518817,0.0022802352905273438
136496,normal,779,2,1782360305.6538405,0.0019588470458984375
136497,normal,2670,0,1782360305.6555908,0.0017502307891845703
136498,normal,931,2,1782360305.6578386,0.0022478103637695312
136499,normal,1741,0,1782360305.6598506,0.002012014389038086
136500,normal,186,0,1782360305.661592,0.0017414093017578125
136501,normal,2094,0,1782360305.6638892,0.0022971630096435547
136502,normal,1978,0,1782360305.6656232,0.001734018325805664
136503,normal,830,2,1782360305.6679254,0.0023021697998046875
136504,normal,1507,0,1782360305.669639,0.0017137527465820312
136505,normal,180,0,1782360305.6718595,0.0022203922271728516
136506,normal,3505,0,1782360305.6735928,0.0017333030700683594
136507,normal,335,0,1782360305.6758592,0.002266407012939453
136508,normal,302,0,1782360305.67786,0.0020008087158203125
136509,normal,261,0,1782360305.6796012,0.001741170883178711
136510,normal,2833,0,1782360305.6818295,0.002228260040283203
136511,normal,346,0,1782360305.6838577,0.002028226852416992
136512,normal,2073,0,1782360305.685593,0.0017352104187011719
136513,normal,1344,1,1782360305.6876035,0.0020105838775634766
136514,normal,394,0,1782360305.6898599,0.0022563934326171875
136515,normal,522,0,1782360305.691616,0.0017561912536621094
136516,normal,399,0,1782360305.6939046,0.0022885799407958984
136517,normal,1025,2,1782360305.6958864,0.0019817352294921875
136518,normal,555,0,1782360305.6976004,0.0017139911651611328
136519,normal,2701,0,1782360305.6999066,0.002306222915649414
136520,normal,400,0,1782360305.7018359,0.0019292831420898438
136521,normal,3472,0,1782360305.7035918,0.0017559528350830078
136522,normal,564,0,1782360305.7058923,0.0023005008697509766
136523,normal,155,0,1782360305.7078462,0.0019538402557373047
136524,normal,2006,0,1782360305.7095895,0.001743316650390625
136525,normal,2650,0,1782360305.7119043,0.0023148059844970703
136526,normal,2234,0,1782360305.7136116,0.001707315444946289
136527,normal,108,0,1782360305.7155945,0.0019829273223876953
136528,normal,1869,0,1782360305.7176788,0.0020842552185058594
136529,normal,1185,0,1782360305.7198184,0.002139568328857422
136530,normal,2547,0,1782360305.7215903,0.0017719268798828125
136531,normal,340,0,1782360305.7238088,0.002218484878540039
136532,normal,991,2,1782360305.7258189,0.0020101070404052734
136533,normal,997,2,1782360305.7275906,0.001771688461303711
136534,normal,3398,1,1782360305.7297995,0.0022089481353759766
136535,normal,3094,1,1782360305.731867,0.00206756591796875
136536,normal,1116,0,1782360305.7335892,0.001722097396850586
136537,normal,2667,0,1782360305.7356865,0.0020973682403564453
136538,normal,27,0,1782360305.7378328,0.0021462440490722656
136539,normal,2431,0,1782360305.7395911,0.0017583370208740234
136540,normal,601,0,1782360305.7418103,0.0022192001342773438
136541,normal,47,0,1782360305.7438302,0.0020198822021484375
136542,normal,2674,0,1782360305.7455907,0.0017604827880859375
136543,normal,2159,0,1782360305.7478197,0.002228975296020508
136544,normal,2300,0,1782360305.749818,0.001998424530029297
136545,normal,3403,0,1782360305.7515929,0.0017747879028320312
136546,normal,1778,0,1782360305.7538862,0.0022933483123779297
136547,normal,3327,1,1782360305.755835,0.0019488334655761719
136548,normal,3048,1,1782360305.7575905,0.0017554759979248047
136549,normal,2702,0,1782360305.759922,0.0023314952850341797
136550,normal,338,0,1782360305.7618582,0.001936197280883789
136551,normal,1520,0,1782360305.7635927,0.0017344951629638672
136552,normal,437,0,1782360305.765893,0.002300262451171875
136553,normal,1460,0,1782360305.7678728,0.001979827880859375
136554,normal,3168,1,1782360305.7695973,0.0017244815826416016
136555,normal,2052,0,1782360305.7719045,0.0023071765899658203
136556,normal,896,2,1782360305.773812,0.0019075870513916016
136557,normal,2925,0,1782360305.7755904,0.0017783641815185547
136558,normal,2169,0,1782360305.7778034,0.002213001251220703
136559,normal,3112,1,1782360305.7798395,0.0020360946655273438
136560,normal,2131,0,1782360305.7815902,0.0017507076263427734
136561,normal,1236,0,1782360305.7838063,0.0022161006927490234
136562,normal,1586,0,1782360305.7858331,0.002026796340942383
136563,normal,1416,0,1782360305.7875888,0.0017557144165039062
136564,normal,1251,0,1782360305.789907,0.002318143844604492
136565,normal,2915,0,1782360305.791907,0.002000093460083008
136566,normal,1178,0,1782360305.7938142,0.0019071102142333984
136567,normal,637,0,1782360305.7955937,0.0017795562744140625
136568,normal,1252,0,1782360305.7978232,0.002229452133178711
136569,normal,1700,0,1782360305.7995899,0.0017666816711425781
136570,normal,1406,0,1782360305.801801,0.0022110939025878906
136571,normal,2912,0,1782360305.803833,0.002032041549682617
136572,normal,813,2,1782360305.80559,0.001756906509399414
136573,normal,566,0,1782360305.807866,0.002276182174682617
136574,normal,3122,1,1782360305.8096,0.001734018325805664
136575,normal,2144,0,1782360305.8115935,0.001993417739868164
136576,normal,243,0,1782360305.8136518,0.002058267593383789
136577,normal,709,0,1782360305.815746,0.002094268798828125
136578,normal,1019,2,1782360305.8175275,0.001781463623046875
136579,normal,1245,0,1782360305.8195689,0.002041339874267578
136580,normal,1062,0,1782360305.8216035,0.0020346641540527344
136581,normal,363,0,1782360305.823524,0.001920461654663086
136582,normal,3240,1,1782360305.825535,0.0020110607147216797
136583,normal,1890,0,1782360305.8275685,0.0020334720611572266
136584,normal,1336,1,1782360305.8295205,0.0019519329071044922
136585,normal,3315,1,1782360305.8315349,0.0020143985748291016
136586,normal,1065,0,1782360305.8336344,0.0020995140075683594
136587,normal,3219,1,1782360305.8355346,0.0019001960754394531
136588,normal,2228,0,1782360305.8375337,0.0019991397857666016
136589,normal,2373,0,1782360305.8398044,0.0022706985473632812
136590,normal,3493,0,1782360305.841548,0.0017435550689697266
136591,normal,1313,0,1782360305.843536,0.001987934112548828
136592,normal,2602,0,1782360305.8456547,0.002118825912475586
136593,normal,2389,0,1782360305.8475459,0.0018911361694335938
136594,normal,163,0,1782360305.8495355,0.001989603042602539
136595,normal,353,0,1782360305.851645,0.002109527587890625
136596,normal,251,0,1782360305.8535376,0.0018925666809082031
136597,normal,752,0,1782360305.8555367,0.0019991397857666016
136598,normal,840,2,1782360305.8576462,0.002109527587890625
136599,normal,1080,0,1782360305.8595347,0.0018885135650634766
136600,normal,699,0,1782360305.8615355,0.0020008087158203125
136601,normal,1126,0,1782360305.8638005,0.0022649765014648438
136602,normal,3015,0,1782360305.8655415,0.0017409324645996094
136603,normal,1942,0,1782360305.8675358,0.0019943714141845703
136604,normal,2527,0,1782360305.869801,0.0022652149200439453
136605,normal,468,0,1782360305.8715403,0.0017392635345458984
136606,normal,3252,1,1782360305.8735445,0.0020041465759277344
136607,normal,1268,0,1782360305.8757973,0.002252817153930664
136608,normal,1738,0,1782360305.8775434,0.0017461776733398438
136609,normal,710,0,1782360305.879536,0.001992464065551758
136610,normal,1821,0,1782360305.8817961,0.0022602081298828125
136611,normal,2848,0,1782360305.88354,0.0017437934875488281
136612,normal,770,0,1782360305.8855357,0.0019958019256591797
136613,normal,2139,0,1782360305.8876529,0.002117156982421875
136614,normal,2091,0,1782360305.8895357,0.001882791519165039
136615,normal,1673,0,1782360305.8915358,0.002000093460083008
136616,normal,1457,0,1782360305.8938112,0.0022754669189453125
136617,normal,482,0,1782360305.8955433,0.0017321109771728516
136618,normal,40,0,1782360305.8975375,0.0019941329956054688
136619,normal,359,0,1782360305.8996513,0.002113819122314453
136620,normal,3556,0,1782360305.9015357,0.00188446044921875
136621,normal,330,0,1782360305.9035332,0.0019974708557128906
136622,normal,2339,0,1782360305.9056427,0.002109527587890625
136623,normal,2060,0,1782360305.9075322,0.0018894672393798828
136624,normal,3022,0,1782360305.909535,0.002002716064453125
136625,normal,696,0,1782360305.9118083,0.0022733211517333984
136626,normal,2519,0,1782360305.9135406,0.0017323493957519531
136627,normal,87,0,1782360305.9155364,0.0019958019256591797
136628,normal,3001,0,1782360305.9178004,0.0022640228271484375
136629,normal,639,0,1782360305.919543,0.0017426013946533203
136630,normal,2002,0,1782360305.921539,0.0019960403442382812
136631,normal,1641,0,1782360305.9235723,0.002033233642578125
136632,normal,562,0,1782360305.925542,0.0019698143005371094
136633,normal,231,0,1782360305.9275355,0.001993417739868164
136634,normal,140,0,1782360305.9296463,0.002110719680786133
136635,normal,587,0,1782360305.9315436,0.0018973350524902344
136636,normal,366,0,1782360305.9335346,0.0019910335540771484
136637,normal,2162,0,1782360305.9358037,0.0022690296173095703
136638,normal,2456,0,1782360305.937548,0.0017442703247070312
136639,normal,2003,0,1782360305.939537,0.001989126205444336
136640,normal,1437,0,1782360305.9417987,0.002261638641357422
136641,normal,795,2,1782360305.9435432,0.0017445087432861328
136642,normal,127,0,1782360305.9455376,0.0019943714141845703
136643,normal,2550,0,1782360305.9476461,0.0021085739135742188
136644,normal,788,2,1782360305.9495382,0.00189208984375
136645,normal,1161,0,1782360305.9515343,0.0019960403442382812
136646,normal,456,0,1782360305.9536474,0.0021131038665771484
136647,normal,658,0,1782360305.9555376,0.0018901824951171875
136648,normal,364,0,1782360305.957535,0.0019974708557128906
136649,normal,1024,2,1782360305.9596503,0.0021152496337890625
136650,normal,3336,1,1782360305.9615374,0.0018870830535888672
136651,normal,943,2,1782360305.9635339,0.0019965171813964844
136652,normal,3701,0,1782360305.9656987,0.0021648406982421875
136653,normal,851,2,1782360305.9675372,0.0018384456634521484
136654,normal,1173,0,1782360305.9695358,0.0019986629486083984
136655,normal,707,0,1782360305.971644,0.0021080970764160156
136656,normal,2026,0,1782360305.9735365,0.0018925666809082031
136657,normal,2249,0,1782360305.9755356,0.0019991397857666016
136658,normal,2182,0,1782360305.9776468,0.002111196517944336
136659,normal,3451,0,1782360305.9795392,0.0018923282623291016
136660,normal,32,0,1782360305.9815342,0.001995086669921875
136661,normal,1358,1,1782360305.9836588,0.0021245479583740234
136662,normal,158,0,1782360305.9855568,0.001898050308227539
136663,normal,1137,0,1782360305.9875386,0.0019817352294921875
136664,normal,2453,0,1782360305.9896302,0.002091646194458008
136665,normal,782,2,1782360305.9915597,0.0019295215606689453
136666,normal,1851,0,1782360305.9935396,0.001979827880859375
136667,normal,1582,0,1782360305.9956064,0.0020668506622314453
136668,normal,270,0,1782360305.9975555,0.0019490718841552734
136669,normal,3155,1,1782360305.999558,0.0020024776458740234
136670,normal,2230,0,1782360306.0016384,0.0020804405212402344
136671,normal,989,2,1782360306.003576,0.0019376277923583984
136672,normal,1619,0,1782360306.005559,0.0019829273223876953
136673,normal,2518,0,1782360306.0076342,0.0020751953125
136674,normal,2154,0,1782360306.009556,0.0019218921661376953
136675,normal,2998,0,1782360306.011554,0.0019979476928710938
136676,normal,139,0,1782360306.0136065,0.0020525455474853516
136677,normal,1277,0,1782360306.0155363,0.0019297599792480469
136678,normal,2077,0,1782360306.0175798,0.002043485641479492
136679,normal,1575,0,1782360306.019642,0.0020623207092285156
136680,normal,2970,0,1782360306.0215583,0.0019161701202392578
136681,normal,3502,0,1782360306.023555,0.001996755599975586
136682,normal,2898,0,1782360306.0256093,0.0020542144775390625
136683,normal,2069,0,1782360306.0275366,0.0019273757934570312
136684,normal,3598,0,1782360306.029556,0.0020194053649902344
136685,normal,2680,0,1782360306.031612,0.0020558834075927734
136686,normal,1957,0,1782360306.0335531,0.0019412040710449219
136687,normal,1961,0,1782360306.035556,0.0020029544830322266
136688,normal,2624,0,1782360306.037608,0.002051830291748047
136689,normal,1565,0,1782360306.0395563,0.0019483566284179688
136690,normal,455,0,1782360306.041537,0.0019807815551757812
136691,normal,781,2,1782360306.0436397,0.0021026134490966797
136692,normal,792,2,1782360306.0455563,0.001916646957397461
136693,normal,740,0,1782360306.0475686,0.0020122528076171875
136694,normal,3016,0,1782360306.0496376,0.0020689964294433594
136695,normal,2057,0,1782360306.051555,0.0019173622131347656
136696,normal,2479,0,1782360306.0535545,0.0019996166229248047
136697,normal,905,2,1782360306.0556147,0.0020601749420166016
136698,normal,2285,0,1782360306.0575538,0.0019390583038330078
136699,normal,3589,0,1782360306.0595584,0.0020046234130859375
136700,normal,1462,0,1782360306.0616062,0.0020477771759033203
136701,normal,3373,1,1782360306.063554,0.0019478797912597656
136702,normal,2626,0,1782360306.0655618,0.002007722854614258
136703,normal,2930,0,1782360306.067636,0.0020742416381835938
136704,normal,3566,0,1782360306.0695539,0.0019178390502929688
136705,normal,3264,1,1782360306.0715554,0.002001523971557617
136706,normal,1068,0,1782360306.0736353,0.0020799636840820312
136707,normal,2868,0,1782360306.075555,0.0019197463989257812
136708,normal,1242,0,1782360306.0775545,0.001999378204345703
136709,normal,2298,0,1782360306.0796368,0.002082347869873047
136710,normal,3120,1,1782360306.0815616,0.001924753189086914
136711,normal,2376,0,1782360306.0835557,0.0019941329956054688
136712,normal,1230,0,1782360306.0856366,0.0020809173583984375
136713,normal,1444,0,1782360306.0875552,0.0019185543060302734
136714,normal,81,0,1782360306.0896094,0.0020542144775390625
136715,normal,2818,0,1782360306.0915647,0.001955270767211914
136716,normal,3384,1,1782360306.0935693,0.0020046234130859375
136717,normal,914,2,1782360306.09556,0.001990795135498047
136718,normal,2764,0,1782360306.0976443,0.0020842552185058594
136719,normal,603,0,1782360306.0996127,0.0019683837890625
136720,normal,3361,1,1782360306.1018484,0.0022356510162353516
136721,normal,499,0,1782360306.1037855,0.0019371509552001953
136722,normal,3705,0,1782360306.1055996,0.001814126968383789
136723,normal,726,0,1782360306.1078732,0.0022735595703125
136724,normal,1097,0,1782360306.1098166,0.001943349838256836
136725,normal,2490,0,1782360306.111588,0.0017714500427246094
136726,normal,1214,0,1782360306.113849,0.002260923385620117
136727,normal,1047,0,1782360306.1158004,0.001951456069946289
136728,normal,2711,0,1782360306.1175983,0.0017979145050048828
136729,normal,2762,0,1782360306.1200047,0.0024063587188720703
136730,normal,2681,0,1782360306.121643,0.0016384124755859375
136731,normal,2039,0,1782360306.123867,0.002223968505859375
136732,normal,1995,0,1782360306.1256387,0.001771688461303711
136733,normal,3308,1,1782360306.12784,0.0022013187408447266
136734,normal,2161,0,1782360306.129599,0.0017590522766113281
136735,normal,1003,2,1782360306.13185,0.0022509098052978516
136736,normal,1492,0,1782360306.1338935,0.002043485641479492
136737,normal,1508,0,1782360306.1355863,0.0016927719116210938
136738,normal,2038,0,1782360306.1378806,0.002294301986694336
136739,normal,729,0,1782360306.1397736,0.0018930435180664062
136740,normal,1084,0,1782360306.1415975,0.0018239021301269531
136741,normal,2686,0,1782360306.1438355,0.002238035202026367
136742,normal,3157,1,1782360306.1458108,0.0019752979278564453
136743,normal,1188,0,1782360306.1475866,0.0017757415771484375
136744,normal,857,2,1782360306.149889,0.002302408218383789
136745,normal,2235,0,1782360306.1517851,0.0018961429595947266
136746,normal,560,0,1782360306.1535985,0.0018134117126464844
136747,normal,80,0,1782360306.1558487,0.002250194549560547
136748,normal,1793,0,1782360306.1578207,0.0019719600677490234
136749,normal,1989,0,1782360306.1596208,0.0018000602722167969
136750,normal,2882,0,1782360306.1618857,0.0022649765014648438
136751,normal,1389,0,1782360306.1638057,0.0019199848175048828
136752,normal,1828,0,1782360306.1655967,0.0017910003662109375
136753,normal,556,0,1782360306.1678867,0.002290010452270508
136754,normal,3421,0,1782360306.1698346,0.0019478797912597656
136755,normal,1937,0,1782360306.1715825,0.0017478466033935547
136756,normal,2887,0,1782360306.173868,0.002285480499267578
136757,normal,342,0,1782360306.1758084,0.0019404888153076172
136758,normal,3211,1,1782360306.177597,0.0017886161804199219
136759,normal,2706,0,1782360306.1798556,0.0022585391998291016
136760,normal,2392,0,1782360306.181843,0.001987457275390625
136761,normal,297,0,1782360306.1835825,0.001739501953125
136762,normal,201,0,1782360306.18588,0.0022974014282226562
136763,normal,2217,0,1782360306.1879206,0.0020406246185302734
136764,normal,2267,0,1782360306.1909325,0.003011941909790039
136765,normal,2522,0,1782360306.191637,0.0007045269012451172
136766,normal,1281,0,1782360306.1937516,0.002114534378051758
136767,normal,1835,0,1782360306.1957004,0.0019488334655761719
136768,normal,489,0,1782360306.1976388,0.0019383430480957031
136769,normal,3305,1,1782360306.2000039,0.0023651123046875
136770,normal,496,0,1782360306.2016263,0.0016224384307861328
136771,normal,1014,2,1782360306.2038064,0.0021800994873046875
136772,normal,2520,0,1782360306.2058017,0.0019953250885009766
136773,normal,1566,0,1782360306.2077408,0.0019390583038330078
136774,normal,1135,0,1782360306.209616,0.001875162124633789
136775,normal,1089,0,1782360306.2118042,0.0021882057189941406
136776,normal,1657,0,1782360306.2138696,0.002065420150756836
136777,normal,742,0,1782360306.2158666,0.0019969940185546875
136778,normal,718,0,1782360306.217684,0.001817464828491211
136779,normal,2771,0,1782360306.219789,0.0021049976348876953
136780,normal,3537,0,1782360306.221702,0.0019130706787109375
136781,normal,2639,0,1782360306.2240345,0.002332448959350586
136782,normal,934,2,1782360306.225705,0.0016703605651855469
136783,normal,1616,0,1782360306.227828,0.002123117446899414
136784,normal,3391,1,1782360306.2297082,0.0018801689147949219
136785,normal,23,0,1782360306.231766,0.002057790756225586
136786,normal,2283,0,1782360306.2336094,0.0018434524536132812
136787,normal,177,0,1782360306.2358017,0.002192258834838867
136788,normal,3370,1,1782360306.2376144,0.0018126964569091797
136789,normal,815,2,1782360306.2398584,0.0022439956665039062
136790,normal,3130,1,1782360306.2416914,0.0018329620361328125
136791,normal,3434,0,1782360306.2437649,0.002073526382446289
136792,normal,889,2,1782360306.2457492,0.0019843578338623047
136793,normal,2548,0,1782360306.2477994,0.002050161361694336
136794,normal,3208,1,1782360306.2496204,0.0018210411071777344
136795,normal,1711,0,1782360306.2518473,0.0022268295288085938
136796,normal,3061,1,1782360306.2536933,0.0018460750579833984
136797,normal,3151,1,1782360306.2557695,0.0020761489868164062
136798,normal,3026,0,1782360306.2577941,0.0020246505737304688
136799,normal,820,2,1782360306.2597013,0.0019071102142333984
136800,normal,1962,0,1782360306.2617607,0.002059459686279297
136801,normal,1724,0,1782360306.2637978,0.00203704833984375
136802,normal,1360,1,1782360306.26569,0.0018923282623291016
136803,normal,763,0,1782360306.2677615,0.002071380615234375
136804,normal,928,2,1782360306.2698038,0.0020422935485839844
136805,normal,1494,0,1782360306.2716982,0.0018944740295410156
136806,normal,492,0,1782360306.2737815,0.002083301544189453
136807,normal,3551,0,1782360306.275806,0.002024412155151367
136808,normal,1499,0,1782360306.2776935,0.0018875598907470703
136809,normal,2467,0,1782360306.2797632,0.002069711685180664
136810,normal,3079,1,1782360306.2818623,0.0020990371704101562
136811,normal,2731,0,1782360306.2836978,0.0018355846405029297
136812,normal,796,2,1782360306.2857625,0.0020647048950195312
136813,normal,1224,0,1782360306.2877607,0.0019981861114501953
136814,normal,1610,0,1782360306.2897384,0.001977682113647461
136815,normal,632,0,1782360306.291761,0.0020225048065185547
136816,normal,1114,0,1782360306.2937772,0.002016305923461914
136817,normal,1747,0,1782360306.2957072,0.0019299983978271484
136818,normal,618,0,1782360306.297766,0.002058744430541992
136819,normal,1735,0,1782360306.2997677,0.0020017623901367188
136820,normal,3690,0,1782360306.3016372,0.0018694400787353516
136821,normal,1324,1,1782360306.303764,0.002126932144165039
136822,normal,3068,1,1782360306.305781,0.002016782760620117
136823,normal,2873,0,1782360306.3077002,0.0019192695617675781
136824,normal,435,0,1782360306.309763,0.0020627975463867188
136825,normal,3354,1,1782360306.3117537,0.001990795135498047
136826,normal,51,0,1782360306.3136866,0.0019328594207763672
136827,normal,3300,1,1782360306.3157835,0.002096891403198242
136828,normal,3006,0,1782360306.317696,0.0019125938415527344
136829,normal,805,2,1782360306.3198,0.0021038055419921875
136830,normal,2804,0,1782360306.3216121,0.0018122196197509766
136831,normal,1079,0,1782360306.3238738,0.002261638641357422
136832,normal,684,0,1782360306.3257086,0.001834869384765625
136833,normal,617,0,1782360306.327747,0.0020384788513183594
136834,normal,580,0,1782360306.329786,0.0020389556884765625
136835,normal,2334,0,1782360306.3316376,0.0018515586853027344
136836,normal,1643,0,1782360306.3337638,0.0021262168884277344
136837,normal,143,0,1782360306.335877,0.0021131038665771484
136838,normal,2880,0,1782360306.3377018,0.0018248558044433594
136839,normal,1067,0,1782360306.3397653,0.0020635128021240234
136840,normal,2574,0,1782360306.3418574,0.002092123031616211
136841,normal,1806,0,1782360306.343696,0.00183868408203125
136842,normal,2683,0,1782360306.3456075,0.0019114017486572266
136843,normal,1968,0,1782360306.34791,0.002302408218383789
136844,normal,791,2,1782360306.3496912,0.0017812252044677734
136845,normal,1104,0,1782360306.351608,0.0019168853759765625
136846,normal,192,0,1782360306.3538666,0.0022585391998291016
136847,normal,3612,0,1782360306.3557742,0.0019075870513916016
136848,normal,2176,0,1782360306.3576005,0.0018262863159179688
136849,normal,3031,0,1782360306.3598878,0.0022873878479003906
136850,normal,2501,0,1782360306.361718,0.0018301010131835938
136851,normal,2047,0,1782360306.3635876,0.0018696784973144531
136852,normal,3453,0,1782360306.3658683,0.002280712127685547
136853,normal,2281,0,1782360306.3677151,0.0018467903137207031
136854,normal,497,0,1782360306.369588,0.0018727779388427734
136855,normal,1634,0,1782360306.3718994,0.0023114681243896484
136856,normal,70,0,1782360306.3737655,0.0018661022186279297
136857,normal,3663,0,1782360306.3755872,0.001821756362915039
136858,normal,3159,1,1782360306.377887,0.002299785614013672
136859,normal,1442,0,1782360306.379778,0.0018908977508544922
136860,normal,2163,0,1782360306.3815873,0.0018093585968017578
136861,normal,2682,0,1782360306.383842,0.0022547245025634766
136862,normal,444,0,1782360306.3857903,0.0019483566284179688
136863,normal,312,0,1782360306.3875918,0.0018014907836914062
136864,normal,3606,0,1782360306.3898785,0.002286672592163086
136865,normal,2134,0,1782360306.3917193,0.001840829849243164
136866,normal,1687,0,1782360306.3935974,0.0018780231475830078
136867,normal,1481,0,1782360306.3958583,0.002260923385620117
136868,normal,538,0,1782360306.3977141,0.0018558502197265625
136869,normal,3056,1,1782360306.399589,0.0018749237060546875
136870,normal,1595,0,1782360306.4018977,0.0023086071014404297
136871,normal,3021,0,1782360306.4037187,0.0018210411071777344
136872,normal,749,0,1782360306.4055903,0.0018715858459472656
136873,normal,3699,0,1782360306.40789,0.002299785614013672
136874,normal,31,0,1782360306.4097705,0.0018804073333740234
136875,normal,1694,0,1782360306.4116,0.0018296241760253906
136876,normal,3579,0,1782360306.4138982,0.002298116683959961
136877,normal,2472,0,1782360306.4157753,0.0018770694732666016
136878,normal,2512,0,1782360306.4175868,0.0018115043640136719
136879,normal,3386,1,1782360306.4198112,0.002224445343017578
136880,normal,228,0,1782360306.4217193,0.0019080638885498047
136881,normal,2853,0,1782360306.4235868,0.001867532730102539
136882,normal,2157,0,1782360306.4258783,0.002291440963745117
136883,normal,2573,0,1782360306.427749,0.0018706321716308594
136884,normal,3651,0,1782360306.4295864,0.0018374919891357422
136885,normal,2907,0,1782360306.4318857,0.0022993087768554688
136886,normal,3704,0,1782360306.43378,0.001894235610961914
136887,normal,1880,0,1782360306.435587,0.0018069744110107422
136888,normal,2374,0,1782360306.4378166,0.0022296905517578125
136889,normal,2919,0,1782360306.4397528,0.001936197280883789
136890,normal,2720,0,1782360306.4415936,0.001840829849243164
136891,normal,650,0,1782360306.443812,0.0022182464599609375
136892,normal,1545,0,1782360306.4457633,0.001951456069946289
136893,normal,2836,0,1782360306.447593,0.0018296241760253906
136894,normal,927,2,1782360306.4496899,0.002096891403198242
136895,normal,2,0,1782360306.4518013,0.0021114349365234375
136896,normal,2824,0,1782360306.4536078,0.001806497573852539
136897,normal,679,0,1782360306.455703,0.0020952224731445312
136898,normal,116,0,1782360306.4577973,0.002094268798828125
136899,normal,2692,0,1782360306.4596076,0.001810312271118164
136900,normal,2714,0,1782360306.461869,0.0022614002227783203
136901,normal,424,0,1782360306.464024,0.0021550655364990234
136902,normal,2371,0,1782360306.4656353,0.0016112327575683594
136903,normal,2809,0,1782360306.4678981,0.0022628307342529297
136904,normal,2567,0,1782360306.4699466,0.002048492431640625
136905,normal,1338,1,1782360306.471642,0.001695394515991211
136906,normal,571,0,1782360306.4739332,0.0022912025451660156
136907,normal,1072,0,1782360306.4759307,0.0019974708557128906
136908,normal,2104,0,1782360306.4776306,0.0016999244689941406
136909,normal,553,0,1782360306.4799197,0.0022890567779541016
136910,normal,1699,0,1782360306.4819553,0.0020356178283691406
136911,normal,3558,0,1782360306.4835935,0.001638174057006836
136912,normal,2978,0,1782360306.4856513,0.002057790756225586
136913,normal,3106,1,1782360306.487845,0.0021936893463134766
136914,normal,2257,0,1782360306.4895692,0.0017242431640625
136915,normal,3560,0,1782360306.4915855,0.002016305923461914
136916,normal,1840,0,1782360306.4938185,0.0022330284118652344
136917,normal,3688,0,1782360306.4955885,0.00177001953125
136918,normal,2666,0,1782360306.497827,0.0022385120391845703
136919,normal,1385,0,1782360306.4997704,0.001943349838256836
136920,normal,1930,0,1782360306.5015879,0.001817464828491211
136921,normal,3498,0,1782360306.503827,0.002239227294921875
136922,normal,3113,1,1782360306.5057688,0.001941680908203125
136923,normal,3694,0,1782360306.5075867,0.001817941665649414
136924,normal,748,0,1782360306.509834,0.002247333526611328
136925,normal,1357,1,1782360306.5117953,0.001961231231689453
136926,normal,1431,0,1782360306.5135891,0.0017938613891601562
136927,normal,2481,0,1782360306.5158465,0.0022573471069335938
136928,normal,2661,0,1782360306.5177758,0.0019292831420898438
136929,normal,1991,0,1782360306.5195885,0.0018126964569091797
136930,normal,2751,0,1782360306.5218458,0.0022573471069335938
136931,normal,3292,1,1782360306.5237699,0.0019240379333496094
136932,normal,315,0,1782360306.5255876,0.0018177032470703125
136933,normal,3596,0,1782360306.5278318,0.002244234085083008
136934,normal,1179,0,1782360306.5297744,0.0019426345825195312
136935,normal,1399,0,1782360306.5315864,0.001811981201171875
136936,normal,1834,0,1782360306.5338519,0.002265453338623047
136937,normal,3118,1,1782360306.535765,0.0019130706787109375
136938,normal,521,0,1782360306.537588,0.0018229484558105469
136939,normal,1087,0,1782360306.5398512,0.002263307571411133
136940,normal,1240,0,1782360306.5417218,0.0018706321716308594
136941,normal,392,0,1782360306.5435865,0.0018646717071533203
136942,normal,2513,0,1782360306.5458298,0.0022432804107666016
136943,normal,3089,1,1782360306.547799,0.0019693374633789062
136944,normal,493,0,1782360306.5495894,0.0017902851104736328
136945,normal,2484,0,1782360306.551844,0.002254486083984375
136946,normal,2924,0,1782360306.5537748,0.0019309520721435547
136947,normal,1584,0,1782360306.5555823,0.0018074512481689453
136948,normal,2279,0,1782360306.5578666,0.0022842884063720703
136949,normal,1727,0,1782360306.5597725,0.0019059181213378906
136950,normal,2220,0,1782360306.5616248,0.001852273941040039
136951,normal,2238,0,1782360306.563605,0.001980304718017578
136952,normal,1808,0,1782360306.5658722,0.002267122268676758
136953,normal,193,0,1782360306.5676248,0.001752614974975586
136954,normal,2095,0,1782360306.5697453,0.002120494842529297
136955,normal,2150,0,1782360306.5719616,0.002216339111328125
136956,normal,1232,0,1782360306.5736387,0.0016770362854003906
136957,normal,1523,0,1782360306.5758722,0.0022335052490234375
136958,normal,2994,0,1782360306.5779498,0.0020775794982910156
136959,normal,5,0,1782360306.5796359,0.00168609619140625
136960,normal,1233,0,1782360306.5819576,0.0023217201232910156
136961,normal,2434,0,1782360306.5838084,0.0018508434295654297
136962,normal,1551,0,1782360306.5856361,0.0018277168273925781
136963,normal,2466,0,1782360306.5878887,0.0022525787353515625
136964,normal,534,0,1782360306.5900342,0.002145528793334961
136965,normal,758,0,1782360306.5915973,0.0015630722045898438
136966,normal,1908,0,1782360306.5940232,0.0024259090423583984
136967,normal,3216,1,1782360306.5956597,0.001636505126953125
136968,normal,765,0,1782360306.5976,0.0019402503967285156
136969,normal,54,0,1782360306.5998385,0.0022385120391845703
136970,normal,2939,0,1782360306.6018283,0.0019898414611816406
136971,normal,599,0,1782360306.603513,0.0016846656799316406
136972,normal,3680,0,1782360306.6058428,0.0023298263549804688
136973,normal,2944,0,1782360306.6077685,0.0019257068634033203
136974,normal,1077,0,1782360306.6095846,0.0018160343170166016
136975,normal,539,0,1782360306.6118846,0.0023000240325927734
136976,normal,3171,1,1782360306.613714,0.001829385757446289
136977,normal,332,0,1782360306.6155827,0.0018687248229980469
136978,normal,65,0,1782360306.6178682,0.002285480499267578
136979,normal,1249,0,1782360306.619767,0.0018987655639648438
136980,normal,2411,0,1782360306.621582,0.0018150806427001953
136981,normal,3385,1,1782360306.6238694,0.0022873878479003906
136982,normal,1791,0,1782360306.6257749,0.0019054412841796875
136983,normal,446,0,1782360306.6275866,0.0018117427825927734
136984,normal,3077,1,1782360306.629841,0.002254486083984375
136985,normal,175,0,1782360306.631766,0.0019249916076660156
136986,normal,1070,0,1782360306.6335807,0.0018146038055419922
136987,normal,1790,0,1782360306.6358752,0.0022945404052734375
136988,normal,2615,0,1782360306.6378517,0.001976490020751953
136989,normal,881,2,1782360306.6395826,0.0017309188842773438
136990,normal,2883,0,1782360306.6418762,0.0022935867309570312
136991,normal,717,0,1782360306.6437726,0.0018963813781738281
136992,normal,2914,0,1782360306.645583,0.001810312271118164
136993,normal,1257,0,1782360306.64788,0.0022971630096435547
136994,normal,3007,0,1782360306.6498678,0.0019876956939697266
136995,normal,2414,0,1782360306.6515853,0.0017175674438476562
136996,normal,835,2,1782360306.6538851,0.002299785614013672
136997,normal,2635,0,1782360306.6558552,0.001970052719116211
136998,normal,483,0,1782360306.6575806,0.0017254352569580078
136999,normal,2719,0,1782360306.6598892,0.0023086071014404297
137000,normal,2103,0,1782360306.6617692,0.0018799304962158203
137001,normal,1206,0,1782360306.663661,0.0018918514251708984
137002,normal,1069,0,1782360306.6655886,0.0019276142120361328
137003,normal,1493,0,1782360306.6679678,0.002379179000854492
137004,normal,1008,2,1782360306.6698542,0.0018863677978515625
137005,normal,604,0,1782360306.6716347,0.0017805099487304688
137006,normal,883,2,1782360306.6739254,0.0022907257080078125
137007,normal,1832,0,1782360306.6756372,0.0017118453979492188
137008,normal,2027,0,1782360306.6778848,0.0022475719451904297
137009,normal,9,0,1782360306.6799307,0.002045869827270508
137010,normal,2282,0,1782360306.681635,0.0017042160034179688
137011,normal,3286,1,1782360306.6838546,0.002219676971435547
137012,normal,3214,1,1782360306.685937,0.002082347869873047
137013,normal,2274,0,1782360306.687627,0.0016901493072509766
137014,normal,2465,0,1782360306.6898751,0.002248048782348633
137015,normal,3186,1,1782360306.6919718,0.0020966529846191406
137016,normal,747,0,1782360306.6935747,0.0016028881072998047
137017,normal,3543,0,1782360306.6958966,0.002321958541870117
137018,normal,2654,0,1782360306.6977596,0.0018630027770996094
137019,normal,298,0,1782360306.6995904,0.0018308162689208984
137020,normal,2442,0,1782360306.7019284,0.002337932586669922
137021,normal,3273,1,1782360306.7037642,0.0018358230590820312
137022,normal,1690,0,1782360306.7055893,0.001825094223022461
137023,normal,249,0,1782360306.707851,0.002261638641357422
137024,normal,2342,0,1782360306.7098074,0.001956462860107422
137025,normal,1537,0,1782360306.7115831,0.0017757415771484375
137026,normal,1650,0,1782360306.7139182,0.002335071563720703
137027,normal,706,0,1782360306.7158074,0.0018892288208007812
137028,normal,476,0,1782360306.7175817,0.0017743110656738281
137029,normal,42,0,1782360306.7198966,0.0023148059844970703
137030,normal,909,2,1782360306.7216299,0.0017333030700683594
137031,normal,1773,0,1782360306.7235634,0.0019335746765136719
137032,normal,1527,0,1782360306.7255812,0.0020177364349365234
137033,normal,708,0,1782360306.7276332,0.0020520687103271484
137034,normal,755,0,1782360306.7295606,0.0019273757934570312
137035,normal,1028,2,1782360306.731574,0.0020134449005126953
137036,normal,355,0,1782360306.7336345,0.002060413360595703
137037,normal,2861,0,1782360306.7355623,0.0019278526306152344
137038,normal,543,0,1782360306.7376087,0.002046346664428711
137039,normal,1030,0,1782360306.739635,0.0020263195037841797
137040,normal,1418,0,1782360306.7415545,0.0019195079803466797
137041,normal,2511,0,1782360306.7435796,0.002025127410888672
137042,normal,703,0,1782360306.7456856,0.0021059513092041016
137043,normal,1064,0,1782360306.7475543,0.0018687248229980469
137044,normal,771,0,1782360306.7495728,0.002018451690673828
137045,normal,224,0,1782360306.7516553,0.0020825862884521484
137046,normal,1667,0,1782360306.7535536,0.0018982887268066406
137047,normal,473,0,1782360306.7556293,0.002075672149658203
137048,normal,798,2,1782360306.7577488,0.0021195411682128906
137049,normal,2289,0,1782360306.7596064,0.0018575191497802734
137050,normal,3545,0,1782360306.7615619,0.0019555091857910156
137051,normal,963,2,1782360306.7637115,0.0021495819091796875
137052,normal,1410,0,1782360306.7655895,0.0018780231475830078
137053,normal,1403,0,1782360306.767577,0.001987457275390625
137054,normal,2486,0,1782360306.7696338,0.0020568370819091797
137055,normal,3218,1,1782360306.7715611,0.0019273757934570312
137056,normal,2367,0,1782360306.7735798,0.0020186901092529297
137057,normal,2865,0,1782360306.7756572,0.002077341079711914
137058,normal,1485,0,1782360306.7775562,0.0018990039825439453
137059,normal,1452,0,1782360306.77958,0.002023935317993164
137060,normal,1495,0,1782360306.7816324,0.00205230712890625
137061,normal,2015,0,1782360306.7835689,0.0019364356994628906
137062,normal,768,0,1782360306.78559,0.0020210742950439453
137063,normal,1702,0,1782360306.7876608,0.002070903778076172
137064,normal,1127,0,1782360306.7896376,0.0019767284393310547
137065,normal,2032,0,1782360306.7916324,0.0019948482513427734
137066,normal,2062,0,1782360306.7935886,0.0019562244415283203
137067,normal,1208,0,1782360306.7955656,0.0019769668579101562
137068,normal,2090,0,1782360306.797556,0.0019903182983398438
137069,normal,3285,1,1782360306.7995744,0.002018451690673828
137070,normal,288,0,1782360306.8015957,0.002021312713623047
137071,normal,981,2,1782360306.8035636,0.001967906951904297
137072,normal,2564,0,1782360306.8056114,0.0020477771759033203
137073,normal,583,0,1782360306.8075666,0.001955270767211914
137074,normal,495,0,1782360306.809594,0.002027273178100586
137075,normal,2185,0,1782360306.8116124,0.002018451690673828
137076,normal,1513,0,1782360306.8135996,0.0019872188568115234
137077,normal,953,2,1782360306.8155584,0.0019588470458984375
137078,normal,1035,0,1782360306.8177521,0.0021936893463134766
137079,normal,149,0,1782360306.8195539,0.0018017292022705078
137080,normal,713,0,1782360306.8215778,0.002023935317993164
137081,normal,3563,0,1782360306.8236272,0.0020494461059570312
137082,normal,268,0,1782360306.825565,0.0019378662109375
137083,normal,262,0,1782360306.8275952,0.0020301342010498047
137084,normal,3115,1,1782360306.8296103,0.0020151138305664062
137085,normal,1539,0,1782360306.831572,0.0019617080688476562
137086,normal,3429,0,1782360306.8335762,0.0020041465759277344
137087,normal,3141,1,1782360306.8356311,0.002054929733276367
137088,normal,3149,1,1782360306.837565,0.0019338130950927734
137089,normal,1303,0,1782360306.8395724,0.0020074844360351562
137090,normal,295,0,1782360306.8416123,0.0020399093627929688
137091,normal,3379,1,1782360306.843562,0.0019495487213134766
137092,normal,2752,0,1782360306.8455672,0.002005338668823242
137093,normal,2054,0,1782360306.8476114,0.002044200897216797
137094,normal,3692,0,1782360306.8495636,0.0019521713256835938
137095,normal,3251,1,1782360306.8516138,0.002050161361694336
137096,normal,185,0,1782360306.8536017,0.001987934112548828
137097,normal,2955,0,1782360306.8556244,0.0020227432250976562
137098,normal,3611,0,1782360306.8575897,0.0019652843475341797
137099,normal,1328,1,1782360306.8596594,0.002069711685180664
137100,normal,977,2,1782360306.8615565,0.0018970966339111328
137101,normal,1771,0,1782360306.863598,0.0020415782928466797
137102,normal,999,2,1782360306.865604,0.0020058155059814453
137103,normal,441,0,1782360306.8675635,0.001959562301635742
137104,normal,226,0,1782360306.8695767,0.0020132064819335938
137105,normal,1653,0,1782360306.8716333,0.002056598663330078
137106,normal,2365,0,1782360306.873571,0.0019376277923583984
137107,normal,287,0,1782360306.8755724,0.002001523971557617
137108,normal,1061,0,1782360306.8776305,0.0020580291748046875
137109,normal,1902,0,1782360306.879564,0.0019335746765136719
137110,normal,2023,0,1782360306.8815799,0.002015829086303711
137111,normal,551,0,1782360306.88363,0.002050161361694336
137112,normal,1620,0,1782360306.8855617,0.0019316673278808594
137113,normal,2892,0,1782360306.887581,0.0020194053649902344
137114,normal,241,0,1782360306.889631,0.0020499229431152344
137115,normal,3575,0,1782360306.8915625,0.0019314289093017578
137116,normal,1598,0,1782360306.8935847,0.002022266387939453
137117,normal,3486,0,1782360306.8956292,0.0020444393157958984
137118,normal,2125,0,1782360306.897562,0.0019328594207763672
137119,normal,1284,0,1782360306.8995876,0.002025604248046875
137120,normal,3180,1,1782360306.901638,0.0020503997802734375
137121,normal,498,0,1782360306.9035637,0.0019257068634033203
137122,normal,885,2,1782360306.905581,0.0020172595977783203
137123,normal,828,2,1782360306.907628,0.0020470619201660156
137124,normal,1198,0,1782360306.9095616,0.0019335746765136719
137125,normal,3325,1,1782360306.9115756,0.0020139217376708984
137126,normal,1105,0,1782360306.9136558,0.002080202102661133
137127,normal,3616,0,1782360306.9155567,0.0019009113311767578
137128,normal,1005,2,1782360306.9175735,0.002016782760620117
137129,normal,3076,1,1782360306.919634,0.0020606517791748047
137130,normal,1333,1,1782360306.9215608,0.0019266605377197266
137131,normal,1521,0,1782360306.9235818,0.0020210742950439453
137132,normal,1763,0,1782360306.92563,0.0020482540130615234
137133,normal,3376,1,1782360306.927562,0.001931905746459961
137134,normal,1112,0,1782360306.9295807,0.0020186901092529297
137135,normal,2356,0,1782360306.9316297,0.002048969268798828
137136,normal,3469,0,1782360306.9335644,0.0019347667694091797
137137,normal,78,0,1782360306.9355888,0.002024412155151367
137138,normal,3584,0,1782360306.9376302,0.002041339874267578
137139,normal,1951,0,1782360306.9395692,0.0019390583038330078
137140,normal,2739,0,1782360306.9416127,0.002043485641479492
137141,normal,2858,0,1782360306.9436457,0.0020329952239990234
137142,normal,3397,1,1782360306.9455707,0.0019249916076660156
137143,normal,3683,0,1782360306.94758,0.0020093917846679688
137144,normal,465,0,1782360306.9496086,0.0020284652709960938
137145,normal,3296,1,1782360306.9515638,0.001955270767211914
137146,normal,1540,0,1782360306.9535618,0.0019979476928710938
137147,normal,169,0,1782360306.9556131,0.0020513534545898438
137148,normal,1193,0,1782360306.9575672,0.0019540786743164062
137149,normal,2304,0,1782360306.959573,0.0020058155059814453
137150,normal,1681,0,1782360306.961608,0.002034902572631836
137151,normal,1852,0,1782360306.9635582,0.0019502639770507812
137152,normal,938,2,1782360306.9655585,0.0020003318786621094
137153,normal,1372,1,1782360306.9676116,0.0020530223846435547
137154,normal,144,0,1782360306.969561,0.0019495487213134766
137155,normal,183,0,1782360306.97156,0.0019989013671875
137156,normal,3624,0,1782360306.9736133,0.0020532608032226562
137157,normal,2905,0,1782360306.9755626,0.001949310302734375
137158,normal,1803,0,1782360306.977561,0.001998424530029297
137159,normal,2676,0,1782360306.9796243,0.002063274383544922
137160,normal,448,0,1782360306.9815629,0.0019385814666748047
137161,normal,1519,0,1782360306.98356,0.001997232437133789
137162,normal,2918,0,1782360306.9856288,0.002068758010864258
137163,normal,671,0,1782360306.9875598,0.0019309520721435547
137164,normal,1920,0,1782360306.9895608,0.002001047134399414
137165,normal,1971,0,1782360306.9916036,0.0020427703857421875
137166,normal,823,2,1782360306.9935927,0.001989126205444336
137167,normal,1865,0,1782360306.995578,0.001985311508178711
137168,normal,1239,0,1782360306.997645,0.0020668506622314453
137169,normal,833,2,1782360306.9995558,0.0019109249114990234
137170,normal,2043,0,1782360307.0015733,0.002017498016357422
137171,normal,1934,0,1782360307.0036306,0.002057313919067383
137172,normal,1124,0,1782360307.0055618,0.0019311904907226562
137173,normal,1455,0,1782360307.0075855,0.0020236968994140625
137174,normal,1635,0,1782360307.0096302,0.002044677734375
137175,normal,783,2,1782360307.0115633,0.0019330978393554688
137176,normal,902,2,1782360307.0135849,0.0020215511322021484
137177,normal,1843,0,1782360307.0156124,0.0020275115966796875
137178,normal,2488,0,1782360307.01757,0.0019576549530029297
137179,normal,388,0,1782360307.0195634,0.001993417739868164
137180,normal,2408,0,1782360307.0216131,0.002049684524536133
137181,normal,1896,0,1782360307.0235622,0.0019490718841552734
137182,normal,3610,0,1782360307.0255718,0.0020096302032470703
137183,normal,3101,1,1782360307.0276103,0.0020384788513183594
137184,normal,503,0,1782360307.0296175,0.0020072460174560547
137185,normal,254,0,1782360307.0315735,0.0019559860229492188
137186,normal,633,0,1782360307.033613,0.0020394325256347656
137187,normal,3274,1,1782360307.0355768,0.0019638538360595703
137188,normal,3307,1,1782360307.0375602,0.0019834041595458984
137189,normal,1153,0,1782360307.0396426,0.002082347869873047
137190,normal,1927,0,1782360307.0415478,0.001905202865600586
137191,normal,844,2,1782360307.043575,0.002027273178100586
137192,normal,3536,0,1782360307.0456276,0.0020525455474853516
137193,normal,3511,0,1782360307.0475595,0.001931905746459961
137194,normal,1383,0,1782360307.0495765,0.0020170211791992188
137195,normal,2272,0,1782360307.0516503,0.0020737648010253906
137196,normal,3340,1,1782360307.0535553,0.0019049644470214844
137197,normal,1415,0,1782360307.0555742,0.0020189285278320312
137198,normal,3078,1,1782360307.0576062,0.002032041549682617
137199,normal,3387,1,1782360307.0595968,0.0019905567169189453
137200,normal,1000,2,1782360307.0615792,0.001982450485229492
137201,normal,3139,1,1782360307.0636272,0.002048015594482422
137202,normal,1497,0,1782360307.0655546,0.0019273757934570312
137203,normal,1976,0,1782360307.0675757,0.0020210742950439453
137204,normal,1601,0,1782360307.0696962,0.002120494842529297
137205,normal,1812,0,1782360307.071616,0.0019197463989257812
137206,normal,2449,0,1782360307.073876,0.002259969711303711
137207,normal,1873,0,1782360307.0756276,0.0017516613006591797
137208,normal,3449,0,1782360307.077617,0.0019893646240234375
137209,normal,3528,0,1782360307.0798433,0.0022263526916503906
137210,normal,2856,0,1782360307.081642,0.0017986297607421875
137211,normal,810,2,1782360307.0836067,0.0019648075103759766
137212,normal,1599,0,1782360307.0856152,0.0020084381103515625
137213,normal,2648,0,1782360307.0877035,0.002088308334350586
137214,normal,695,0,1782360307.0895624,0.0018589496612548828
137215,normal,1255,0,1782360307.0915945,0.002032041549682617
137216,normal,2136,0,1782360307.0936146,0.002020120620727539
137217,normal,3090,1,1782360307.0955677,0.001953125
137218,normal,3275,1,1782360307.0976136,0.002045869827270508
137219,normal,2311,0,1782360307.099847,0.0022335052490234375
137220,normal,3594,0,1782360307.1018066,0.001959562301635742
137221,normal,1339,1,1782360307.1036522,0.0018455982208251953
137222,normal,451,0,1782360307.1060658,0.002413511276245117
137223,normal,145,0,1782360307.10759,0.001524209976196289
137224,normal,1456,0,1782360307.1098113,0.002221345901489258
137225,normal,672,0,1782360307.1116376,0.0018262863159179688
137226,normal,3057,1,1782360307.1137254,0.002087831497192383
137227,normal,1765,0,1782360307.1155937,0.0018682479858398438
137228,normal,2310,0,1782360307.1178887,0.0022950172424316406
137229,normal,3165,1,1782360307.1195858,0.0016970634460449219
137230,normal,1621,0,1782360307.1217928,0.002207040786743164
137231,normal,2302,0,1782360307.1236997,0.0019068717956542969
137232,normal,458,0,1782360307.1257827,0.0020830631256103516
137233,normal,2750,0,1782360307.1276517,0.0018689632415771484
137234,normal,715,0,1782360307.1297717,0.0021200180053710938
137235,normal,1202,0,1782360307.1315875,0.0018157958984375
137236,normal,577,0,1782360307.1337507,0.0021631717681884766
137237,normal,256,0,1782360307.1356113,0.0018606185913085938
137238,normal,299,0,1782360307.1377182,0.002106904983520508
137239,normal,1594,0,1782360307.1396053,0.0018870830535888672
137240,normal,2996,0,1782360307.1417685,0.0021631717681884766
137241,normal,2594,0,1782360307.1435864,0.001817941665649414
137242,normal,1057,0,1782360307.145801,0.002214670181274414
137243,normal,267,0,1782360307.1476023,0.0018012523651123047
137244,normal,1911,0,1782360307.1497211,0.002118825912475586
137245,normal,1216,0,1782360307.1516113,0.0018901824951171875
137246,normal,3351,1,1782360307.1537657,0.0021543502807617188
137247,normal,1148,0,1782360307.155585,0.0018193721771240234
137248,normal,874,2,1782360307.1578019,0.002216815948486328
137249,normal,2469,0,1782360307.159599,0.0017971992492675781
137250,normal,196,0,1782360307.1617227,0.002123594284057617
137251,normal,1716,0,1782360307.1635854,0.0018627643585205078
137252,normal,3484,0,1782360307.165765,0.0021796226501464844
137253,normal,594,0,1782360307.1675868,0.001821756362915039
137254,normal,1776,0,1782360307.1698158,0.002228975296020508
137255,normal,882,2,1782360307.1715958,0.0017800331115722656
137256,normal,3441,0,1782360307.1737525,0.0021567344665527344
137257,normal,1674,0,1782360307.1756191,0.0018665790557861328
137258,normal,255,0,1782360307.1777656,0.002146482467651367
137259,normal,2309,0,1782360307.1795871,0.0018215179443359375
137260,normal,2381,0,1782360307.1817825,0.0021953582763671875
137261,normal,2178,0,1782360307.1836002,0.0018177032470703125
137262,normal,3271,1,1782360307.1857352,0.002135038375854492
137263,normal,2193,0,1782360307.1875992,0.0018639564514160156
137264,normal,2610,0,1782360307.1897762,0.002177000045776367
137265,normal,1864,0,1782360307.1916263,0.001850128173828125
137266,normal,1980,0,1782360307.1938186,0.002192258834838867
137267,normal,2462,0,1782360307.1956964,0.0018777847290039062
137268,normal,2375,0,1782360307.1977808,0.002084493637084961
137269,normal,2876,0,1782360307.1999242,0.002143383026123047
137270,normal,2730,0,1782360307.2019618,0.002037525177001953
137271,normal,1392,0,1782360307.2035878,0.0016260147094726562
137272,normal,2192,0,1782360307.2057664,0.002178668975830078
137273,normal,3304,1,1782360307.207882,0.002115488052368164
137274,normal,942,2,1782360307.2097466,0.0018646717071533203
137275,normal,1159,0,1782360307.2116418,0.0018951892852783203
137276,normal,1722,0,1782360307.2139075,0.0022656917572021484
137277,normal,129,0,1782360307.2155862,0.0016787052154541016
137278,normal,2286,0,1782360307.2177558,0.0021696090698242188
137279,normal,3278,1,1782360307.2196014,0.0018455982208251953
137280,normal,3681,0,1782360307.2217255,0.0021240711212158203
137281,normal,1453,0,1782360307.223644,0.0019185543060302734
137282,normal,2595,0,1782360307.2259502,0.002306222915649414
137283,normal,2166,0,1782360307.2276132,0.0016629695892333984
137284,normal,894,2,1782360307.2298465,0.002233266830444336
137285,normal,1703,0,1782360307.2317193,0.0018727779388427734
137286,normal,1371,1,1782360307.2335887,0.0018694400787353516
137287,normal,592,0,1782360307.2358425,0.0022537708282470703
137288,normal,2034,0,1782360307.2377207,0.0018782615661621094
137289,normal,131,0,1782360307.2395856,0.0018649101257324219
137290,normal,1400,0,1782360307.2418342,0.002248525619506836
137291,normal,344,0,1782360307.2437243,0.0018901824951171875
137292,normal,445,0,1782360307.2455854,0.0018610954284667969
137293,normal,2562,0,1782360307.2478504,0.0022649765014648438
137294,normal,2089,0,1782360307.2497907,0.0019402503967285156
137295,normal,2330,0,1782360307.2515728,0.0017821788787841797
137296,normal,1538,0,1782360307.2538478,0.0022749900817871094
137297,normal,1278,0,1782360307.255798,0.0019502639770507812
137298,normal,2637,0,1782360307.2575896,0.0017914772033691406
137299,normal,3443,0,1782360307.2598515,0.0022618770599365234
137300,normal,1082,0,1782360307.261703,0.0018515586853027344
137301,normal,393,0,1782360307.2635827,0.0018796920776367188
137302,normal,1045,0,1782360307.2659495,0.002366781234741211
137303,normal,908,2,1782360307.2677898,0.001840353012084961
137304,normal,154,0,1782360307.2695696,0.001779794692993164
137305,normal,2222,0,1782360307.2720609,0.0024912357330322266
137306,normal,304,0,1782360307.273807,0.0017461776733398438
137307,normal,83,0,1782360307.2755709,0.0017638206481933594
137308,normal,1868,0,1782360307.2780044,0.0024335384368896484
137309,normal,2223,0,1782360307.279792,0.0017876625061035156
137310,normal,2295,0,1782360307.281569,0.0017769336700439453
137311,normal,2644,0,1782360307.284169,0.002599954605102539
137312,normal,1253,0,1782360307.2856297,0.0014607906341552734
137313,normal,395,0,1782360307.2879915,0.002361774444580078
137314,normal,2879,0,1782360307.289853,0.001861572265625
137315,normal,1596,0,1782360307.2918093,0.0019562244415283203
137316,normal,2322,0,1782360307.2935688,0.0017595291137695312
137317,normal,1430,0,1782360307.2959616,0.0023927688598632812
137318,normal,2616,0,1782360307.297825,0.0018634796142578125
137319,normal,1443,0,1782360307.2995448,0.0017197132110595703
137320,normal,208,0,1782360307.3018894,0.0023446083068847656
137321,normal,2982,0,1782360307.303642,0.001752614974975586
137322,normal,1541,0,1782360307.3056173,0.0019752979278564453
137323,normal,777,2,1782360307.3078814,0.0022640228271484375
137324,normal,1516,0,1782360307.3096333,0.0017518997192382812
137325,normal,3093,1,1782360307.3116198,0.0019865036010742188
137326,normal,176,0,1782360307.3138642,0.0022444725036621094
137327,normal,3527,0,1782360307.3158543,0.001990079879760742
137328,normal,531,0,1782360307.317533,0.0016787052154541016
137329,normal,529,0,1782360307.3198047,0.0022716522216796875
137330,normal,3360,1,1782360307.3216267,0.0018219947814941406
137331,normal,3342,1,1782360307.3236103,0.001983642578125
137332,normal,682,0,1782360307.3257418,0.0021314620971679688
137333,normal,319,0,1782360307.3276582,0.0019164085388183594
137334,normal,3356,1,1782360307.3296418,0.001983642578125
137335,normal,766,0,1782360307.3318846,0.0022428035736083984
137336,normal,407,0,1782360307.3336234,0.0017387866973876953
137337,normal,3603,0,1782360307.3356285,0.0020051002502441406
137338,normal,838,2,1782360307.3377512,0.002122640609741211
137339,normal,2165,0,1782360307.3395817,0.0018305778503417969
137340,normal,2347,0,1782360307.3417838,0.0022020339965820312
137341,normal,3220,1,1782360307.3435771,0.0017933845520019531
137342,normal,574,0,1782360307.3457687,0.0021915435791015625
137343,normal,1386,0,1782360307.3475394,0.0017707347869873047
137344,normal,949,2,1782360307.3498523,0.002312898635864258
137345,normal,1018,2,1782360307.3516,0.0017476081848144531
137346,normal,3504,0,1782360307.3535275,0.0019276142120361328
137347,normal,1670,0,1782360307.3559234,0.0023958683013916016
137348,normal,2016,0,1782360307.3578038,0.0018804073333740234
137349,normal,3628,0,1782360307.359587,0.001783132553100586
137350,normal,656,0,1782360307.3618789,0.0022919178009033203
137351,normal,57,0,1782360307.363656,0.0017771720886230469
137352,normal,2971,0,1782360307.3655841,0.001928091049194336
137353,normal,398,0,1782360307.3678393,0.0022552013397216797
137354,normal,1720,0,1782360307.369713,0.0018737316131591797
137355,normal,3241,1,1782360307.3715546,0.0018415451049804688
137356,normal,2299,0,1782360307.3735728,0.0020182132720947266
137357,normal,655,0,1782360307.3755958,0.002022981643676758
137358,normal,1933,0,1782360307.377538,0.0019421577453613281
137359,normal,990,2,1782360307.3795717,0.002033710479736328
137360,normal,600,0,1782360307.3816009,0.0020291805267333984
137361,normal,2035,0,1782360307.383569,0.0019681453704833984
137362,normal,3265,1,1782360307.3855536,0.0019845962524414062
137363,normal,3423,0,1782360307.3875961,0.002042531967163086
137364,normal,1145,0,1782360307.3898387,0.002242565155029297
137365,normal,3609,0,1782360307.391846,0.0020072460174560547
137366,normal,464,0,1782360307.39361,0.001764059066772461
137367,normal,2862,0,1782360307.3956063,0.001996278762817383
137368,normal,1308,0,1782360307.3977592,0.0021529197692871094
137369,normal,3444,0,1782360307.3996327,0.0018734931945800781
137370,normal,2839,0,1782360307.4017658,0.0021331310272216797
137371,normal,980,2,1782360307.4036345,0.0018687248229980469
137372,normal,1970,0,1782360307.4057653,0.002130746841430664
137373,normal,2989,0,1782360307.4078262,0.0020608901977539062
137374,normal,2895,0,1782360307.4095984,0.001772165298461914
137375,normal,816,2,1782360307.4118102,0.0022118091583251953
137376,normal,1652,0,1782360307.4135787,0.0017685890197753906
137377,normal,2081,0,1782360307.4158885,0.0023097991943359375
137378,normal,1248,0,1782360307.4175966,0.0017080307006835938
137379,normal,3200,1,1782360307.4199052,0.0023086071014404297
137380,normal,263,0,1782360307.4218893,0.001984119415283203
137381,normal,2599,0,1782360307.4235973,0.0017080307006835938
137382,normal,1293,0,1782360307.4258084,0.0022110939025878906
137383,normal,1592,0,1782360307.427694,0.0018856525421142578
137384,normal,3410,0,1782360307.4298112,0.002117156982421875
137385,normal,3358,1,1782360307.4315774,0.001766204833984375
137386,normal,2845,0,1782360307.4338975,0.0023200511932373047
137387,normal,3442,0,1782360307.4356506,0.001753091812133789
137388,normal,899,2,1782360307.4375775,0.0019268989562988281
137389,normal,578,0,1782360307.4398987,0.0023212432861328125
137390,normal,2734,0,1782360307.4417667,0.0018680095672607422
137391,normal,429,0,1782360307.443579,0.0018122196197509766
137392,normal,1593,0,1782360307.4458044,0.0022253990173339844
137393,normal,642,0,1782360307.447705,0.0019006729125976562
137394,normal,3116,1,1782360307.4495769,0.0018718242645263672
137395,normal,2085,0,1782360307.451805,0.002228260040283203
137396,normal,416,0,1782360307.4536366,0.0018315315246582031
137397,normal,3630,0,1782360307.4555845,0.0019478797912597656
137398,normal,3520,0,1782360307.4578016,0.0022170543670654297
137399,normal,2075,0,1782360307.4596465,0.0018448829650878906
137400,normal,2821,0,1782360307.4615824,0.0019359588623046875
137401,normal,2489,0,1782360307.463808,0.002225637435913086
137402,normal,1445,0,1782360307.465649,0.001840829849243164
137403,normal,2070,0,1782360307.4676292,0.001980304718017578
137404,normal,1081,0,1782360307.4697773,0.002148151397705078
137405,normal,1863,0,1782360307.4716246,0.0018472671508789062
137406,normal,2219,0,1782360307.4736145,0.0019898414611816406
137407,normal,2450,0,1782360307.4756136,0.0019991397857666016
137408,normal,2407,0,1782360307.4776099,0.001996278762817383
137409,normal,415,0,1782360307.4797947,0.0021848678588867188
137410,normal,2909,0,1782360307.481717,0.0019223690032958984
137411,normal,1627,0,1782360307.4837897,0.002072572708129883
137412,normal,3347,1,1782360307.4857936,0.002003908157348633
137413,normal,2351,0,1782360307.487602,0.0018084049224853516
137414,normal,1615,0,1782360307.4898088,0.0022068023681640625
137415,normal,1487,0,1782360307.491584,0.0017752647399902344
137416,normal,1292,0,1782360307.493835,0.0022509098052978516
137417,normal,62,0,1782360307.495633,0.0017979145050048828
137418,normal,681,0,1782360307.4975839,0.001950979232788086
137419,normal,3042,0,1782360307.4998512,0.0022673606872558594
137420,normal,824,2,1782360307.5016322,0.0017809867858886719
137421,normal,2826,0,1782360307.503583,0.0019507408142089844
137422,normal,1872,0,1782360307.5059614,0.0023784637451171875
137423,normal,1850,0,1782360307.50781,0.0018486976623535156
137424,normal,3585,0,1782360307.5095847,0.0017745494842529297
137425,normal,3234,1,1782360307.5118318,0.0022470951080322266
137426,normal,846,2,1782360307.513626,0.0017943382263183594
137427,normal,2803,0,1782360307.5155835,0.001957416534423828
137428,normal,3365,1,1782360307.5178342,0.00225067138671875
137429,normal,2823,0,1782360307.5196269,0.0017926692962646484
137430,normal,3190,1,1782360307.5215814,0.0019545555114746094
137431,normal,519,0,1782360307.5238276,0.0022461414337158203
137432,normal,2688,0,1782360307.5256326,0.0018050670623779297
137433,normal,3226,1,1782360307.527582,0.001949310302734375
137434,normal,195,0,1782360307.5298533,0.002271413803100586
137435,normal,720,0,1782360307.5316162,0.0017628669738769531
137436,normal,541,0,1782360307.5335827,0.0019664764404296875
137437,normal,1155,0,1782360307.5358405,0.002257823944091797
137438,normal,209,0,1782360307.5376315,0.0017910003662109375
137439,normal,3702,0,1782360307.5395834,0.0019519329071044922
137440,normal,1904,0,1782360307.5418394,0.0022559165954589844
137441,normal,318,0,1782360307.543631,0.0017917156219482422
137442,normal,2947,0,1782360307.545583,0.0019519329071044922
137443,normal,1717,0,1782360307.5478566,0.0022735595703125
137444,normal,112,0,1782360307.5496292,0.0017726421356201172
137445,normal,1876,0,1782360307.5515873,0.001958131790161133
137446,normal,347,0,1782360307.5538557,0.0022683143615722656
137447,normal,2647,0,1782360307.5556252,0.0017695426940917969
137448,normal,1191,0,1782360307.5575829,0.0019576549530029297
137449,normal,2777,0,1782360307.5599825,0.0023996829986572266
137450,normal,3037,0,1782360307.5618036,0.0018210411071777344
137451,normal,341,0,1782360307.5635889,0.0017852783203125
137452,normal,1180,0,1782360307.5658607,0.002271890640258789
137453,normal,3233,1,1782360307.567774,0.001913309097290039
137454,normal,1190,0,1782360307.5695796,0.0018055438995361328
137455,normal,2148,0,1782360307.5718575,0.002277851104736328
137456,normal,608,0,1782360307.5736413,0.0017838478088378906
137457,normal,2855,0,1782360307.5755994,0.001958131790161133
137458,normal,1,0,1782360307.577757,0.002157449722290039
137459,normal,3124,1,1782360307.5795941,0.0018372535705566406
137460,normal,1262,0,1782360307.5816264,0.0020322799682617188
137461,normal,2555,0,1782360307.5839326,0.002306222915649414
137462,normal,1345,1,1782360307.5857844,0.001851797103881836
137463,normal,507,0,1782360307.587629,0.001844644546508789
137464,normal,225,0,1782360307.589943,0.002313852310180664
137465,normal,3672,0,1782360307.5918078,0.0018649101257324219
137466,normal,2619,0,1782360307.5935986,0.001790761947631836
137467,normal,2464,0,1782360307.595778,0.002179384231567383
137468,normal,760,0,1782360307.5976074,0.001829385757446289
137469,normal,2950,0,1782360307.5997999,0.0021924972534179688
137470,normal,3362,1,1782360307.60165,0.001850128173828125
137471,normal,3618,0,1782360307.6038492,0.0021991729736328125
137472,normal,2603,0,1782360307.6055708,0.0017216205596923828
137473,normal,2671,0,1782360307.6079552,0.0023844242095947266
137474,normal,71,0,1782360307.6096203,0.0016651153564453125
137475,normal,610,0,1782360307.6115694,0.0019490718841552734
137476,normal,2542,0,1782360307.6138818,0.0023124217987060547
137477,normal,2215,0,1782360307.6156318,0.0017499923706054688
137478,normal,2627,0,1782360307.6175826,0.0019507408142089844
137479,normal,85,0,1782360307.6198833,0.002300739288330078
137480,normal,2874,0,1782360307.621635,0.0017516613006591797
137481,normal,2422,0,1782360307.6235988,0.0019638538360595703
137482,normal,3225,1,1782360307.6258333,0.0022344589233398438
137483,normal,1633,0,1782360307.627636,0.001802682876586914
137484,normal,2758,0,1782360307.6295834,0.0019474029541015625
137485,normal,2943,0,1782360307.6318414,0.0022580623626708984
137486,normal,995,2,1782360307.6336377,0.0017962455749511719
137487,normal,2246,0,1782360307.635584,0.0019464492797851562
137488,normal,504,0,1782360307.6378918,0.0023076534271240234
137489,normal,1056,0,1782360307.6396296,0.001737833023071289
137490,normal,1544,0,1782360307.641599,0.0019693374633789062
137491,normal,1272,0,1782360307.6438978,0.0022988319396972656
137492,normal,205,0,1782360307.6456285,0.0017306804656982422
137493,normal,2402,0,1782360307.6475832,0.001954793930053711
137494,normal,327,0,1782360307.649899,0.0023157596588134766
137495,normal,2831,0,1782360307.651621,0.001722097396850586
137496,normal,293,0,1782360307.6535828,0.0019617080688476562
137497,normal,1004,2,1782360307.6559243,0.0023415088653564453
137498,normal,1767,0,1782360307.657721,0.001796722412109375
137499,normal,1055,0,1782360307.6595714,0.0018503665924072266
137500,normal,396,0,1782360307.661912,0.002340555191040039
137501,normal,992,2,1782360307.6636305,0.0017185211181640625
137502,normal,2400,0,1782360307.665584,0.001953601837158203
137503,normal,970,2,1782360307.6679096,0.0023255348205566406
137504,normal,1563,0,1782360307.6696534,0.0017437934875488281
137505,normal,2256,0,1782360307.6715837,0.00193023681640625
137506,normal,3488,0,1782360307.6739633,0.0023796558380126953
137507,normal,2383,0,1782360307.6756396,0.001676321029663086
137508,normal,52,0,1782360307.6775846,0.0019450187683105469
137509,normal,3004,0,1782360307.6798944,0.0023097991943359375
137510,normal,3477,0,1782360307.681783,0.0018885135650634766
137511,normal,1889,0,1782360307.6835713,0.0017883777618408203
137512,normal,2787,0,1782360307.68581,0.002238750457763672
137513,normal,1664,0,1782360307.6876578,0.0018477439880371094
137514,normal,948,2,1782360307.689584,0.0019261837005615234
137515,normal,2066,0,1782360307.6919487,0.002364635467529297
137516,normal,2240,0,1782360307.6936367,0.0016880035400390625
137517,normal,3189,1,1782360307.6955838,0.001947164535522461
137518,normal,3524,0,1782360307.6978376,0.0022537708282470703
137519,normal,1918,0,1782360307.6996322,0.001794576644897461
137520,normal,2468,0,1782360307.7015836,0.001951456069946289
137521,normal,2264,0,1782360307.7038336,0.0022499561309814453
137522,normal,1772,0,1782360307.7056246,0.0017910003662109375
137523,normal,3108,1,1782360307.707583,0.0019583702087402344
137524,normal,3009,0,1782360307.7098317,0.0022487640380859375
137525,normal,591,0,1782360307.7116313,0.0017995834350585938
137526,normal,3280,1,1782360307.7135828,0.001951456069946289
137527,normal,1555,0,1782360307.715839,0.002256155014038086
137528,normal,2458,0,1782360307.7176456,0.0018067359924316406
137529,normal,3662,0,1782360307.7195923,0.0019466876983642578
137530,normal,731,0,1782360307.7218366,0.002244234085083008
137531,normal,3693,0,1782360307.7236373,0.0018007755279541016
137532,normal,2620,0,1782360307.7255838,0.0019464492797851562
137533,normal,285,0,1782360307.7278295,0.002245664596557617
137534,normal,3000,0,1782360307.7297096,0.0018801689147949219
137535,normal,242,0,1782360307.73158,0.0018703937530517578
137536,normal,1294,0,1782360307.7338462,0.0022661685943603516
137537,normal,1140,0,1782360307.7357614,0.0019152164459228516
137538,normal,3541,0,1782360307.7375782,0.0018167495727539062
137539,normal,1023,2,1782360307.7398562,0.0022780895233154297
137540,normal,1894,0,1782360307.7417564,0.0019001960754394531
137541,normal,3276,1,1782360307.7435784,0.0018219947814941406
137542,normal,49,0,1782360307.7458642,0.0022857189178466797
137543,normal,595,0,1782360307.747826,0.001961946487426758
137544,normal,412,0,1782360307.7496142,0.0017881393432617188
137545,normal,3303,1,1782360307.7516332,0.0020189285278320312
137546,normal,2850,0,1782360307.7537992,0.0021660327911376953
137547,normal,2827,0,1782360307.7556164,0.0018172264099121094
137548,normal,1940,0,1782360307.7577198,0.0021033287048339844
137549,normal,1369,1,1782360307.7597578,0.0020380020141601562
137550,normal,1906,0,1782360307.7615695,0.0018117427825927734
137551,normal,1186,0,1782360307.7637563,0.0021867752075195312
137552,normal,433,0,1782360307.7657962,0.0020399093627929688
137553,normal,929,2,1782360307.7676027,0.001806497573852539
137554,normal,1420,0,1782360307.7697697,0.0021669864654541016
137555,normal,3213,1,1782360307.7717974,0.002027750015258789
137556,normal,3707,0,1782360307.7736254,0.0018279552459716797
137557,normal,1958,0,1782360307.7757595,0.002134084701538086
137558,normal,365,0,1782360307.7777574,0.0019979476928710938
137559,normal,3388,1,1782360307.7796261,0.0018687248229980469
137560,normal,2250,0,1782360307.7817607,0.002134561538696289
137561,normal,759,0,1782360307.7837524,0.001991748809814453
137562,normal,1548,0,1782360307.785614,0.001861572265625
137563,normal,2112,0,1782360307.7877614,0.0021474361419677734
137564,normal,1280,0,1782360307.7897694,0.0020079612731933594
137565,normal,3438,0,1782360307.7916043,0.001834869384765625
137566,normal,2923,0,1782360307.793774,0.0021696090698242188
137567,normal,137,0,1782360307.795644,0.0018701553344726562
137568,normal,1714,0,1782360307.7975795,0.0019354820251464844
137569,normal,1226,0,1782360307.7997084,0.0021288394927978516
137570,normal,1571,0,1782360307.8017151,0.0020067691802978516
137571,normal,1362,1,1782360307.803566,0.0018508434295654297
137572,normal,2811,0,1782360307.805714,0.0021479129791259766
137573,normal,552,0,1782360307.8077083,0.0019943714141845703
137574,normal,2312,0,1782360307.8095531,0.0018448829650878906
137575,normal,1833,0,1782360307.8117054,0.0021522045135498047
137576,normal,1504,0,1782360307.8137045,0.0019991397857666016
137577,normal,1387,0,1782360307.8155582,0.0018537044525146484
137578,normal,3045,1,1782360307.8177476,0.0021893978118896484
137579,normal,99,0,1782360307.8195543,0.0018067359924316406
137580,normal,1757,0,1782360307.821718,0.0021636486053466797
137581,normal,1554,0,1782360307.8235435,0.001825571060180664
137582,normal,2910,0,1782360307.8256938,0.002150297164916992
137583,normal,194,0,1782360307.8275409,0.0018470287322998047
137584,normal,2349,0,1782360307.8296995,0.002158641815185547
137585,normal,2929,0,1782360307.83165,0.0019505023956298828
137586,normal,1568,0,1782360307.8335268,0.0018768310546875
137587,normal,2416,0,1782360307.8356981,0.0021712779998779297
137588,normal,2645,0,1782360307.837593,0.0018949508666992188
137589,normal,3658,0,1782360307.8396907,0.002097606658935547
137590,normal,252,0,1782360307.84157,0.0018792152404785156
137591,normal,1353,1,1782360307.8439727,0.002402782440185547
137592,normal,1560,0,1782360307.8454924,0.0015196800231933594
137593,normal,449,0,1782360307.8476567,0.0021643638610839844
137594,normal,1237,0,1782360307.8495512,0.0018944740295410156
137595,normal,848,2,1782360307.851651,0.002099752426147461
137596,normal,427,0,1782360307.8535547,0.0019037723541259766
137597,normal,868,2,1782360307.8556204,0.0020656585693359375
137598,normal,1438,0,1782360307.8575714,0.001950979232788086
137599,normal,305,0,1782360307.8595543,0.0019829273223876953
137600,normal,2011,0,1782360307.8616014,0.0020470619201660156
137601,normal,1474,0,1782360307.8635566,0.001955270767211914
137602,normal,826,2,1782360307.865554,0.0019974708557128906
137603,normal,537,0,1782360307.8675897,0.0020356178283691406
137604,normal,2475,0,1782360307.8695738,0.001984119415283203
137605,normal,1858,0,1782360307.8715417,0.001967906951904297
137606,normal,901,2,1782360307.8735735,0.0020318031311035156
137607,normal,946,2,1782360307.8755763,0.002002716064453125
137608,normal,3644,0,1782360307.8775566,0.001980304718017578
137609,normal,1708,0,1782360307.8795745,0.002017974853515625
137610,normal,1408,0,1782360307.881571,0.0019965171813964844
137611,normal,2759,0,1782360307.8835387,0.0019676685333251953
137612,normal,1212,0,1782360307.885585,0.002046346664428711
137613,normal,506,0,1782360307.887569,0.0019838809967041016
137614,normal,434,0,1782360307.889557,0.001987934112548828
137615,normal,1891,0,1782360307.8915746,0.0020177364349365234
137616,normal,1817,0,1782360307.8936012,0.0020265579223632812
137617,normal,3206,1,1782360307.8955426,0.0019414424896240234
137618,normal,1073,0,1782360307.8976028,0.0020601749420166016
137619,normal,3655,0,1782360307.8995686,0.001965761184692383
137620,normal,487,0,1782360307.9015546,0.0019860267639160156
137621,normal,2981,0,1782360307.9035916,0.00203704833984375
137622,normal,1755,0,1782360307.905569,0.0019774436950683594
137623,normal,987,2,1782360307.9075701,0.002001047134399414
137624,normal,3127,1,1782360307.9095864,0.002016305923461914
137625,normal,2755,0,1782360307.911573,0.0019865036010742188
137626,normal,1579,0,1782360307.9135675,0.001994609832763672
137627,normal,1604,0,1782360307.915592,0.002024412155151367
137628,normal,118,0,1782360307.917572,0.0019800662994384766
137629,normal,1658,0,1782360307.9196913,0.002119302749633789
137630,normal,2180,0,1782360307.9215524,0.0018610954284667969
137631,normal,2160,0,1782360307.9235568,0.002004384994506836
137632,normal,1642,0,1782360307.9255939,0.00203704833984375
137633,normal,3235,1,1782360307.9275842,0.0019903182983398438
137634,normal,494,0,1782360307.92957,0.001985788345336914
137635,normal,2072,0,1782360307.931554,0.001984119415283203
137636,normal,2114,0,1782360307.933592,0.0020380020141601562
137637,normal,2649,0,1782360307.9355705,0.0019783973693847656
137638,normal,3067,1,1782360307.93757,0.0019996166229248047
137639,normal,3306,1,1782360307.939589,0.0020189285278320312
137640,normal,969,2,1782360307.941566,0.0019769668579101562
137641,normal,126,0,1782360307.943578,0.002012014389038086
137642,normal,2875,0,1782360307.9455657,0.0019876956939697266
137643,normal,2940,0,1782360307.9475622,0.0019965171813964844
137644,normal,3184,1,1782360307.9495533,0.0019910335540771484
137645,normal,812,2,1782360307.951603,0.002049684524536133
137646,normal,8,0,1782360307.9535778,0.001974821090698242
137647,normal,2214,0,1782360307.9555526,0.001974821090698242
137648,normal,2638,0,1782360307.9575853,0.002032756805419922
137649,normal,2538,0,1782360307.9595745,0.001989126205444336
137650,normal,3194,1,1782360307.9615684,0.001993894577026367
137651,normal,3085,1,1782360307.9635847,0.002016305923461914
137652,normal,1750,0,1782360307.9655685,0.0019838809967041016
137653,normal,2354,0,1782360307.9675534,0.001984834671020508
137654,normal,1974,0,1782360307.9696002,0.002046823501586914
137655,normal,2576,0,1782360307.9715588,0.001958608627319336
137656,normal,1892,0,1782360307.9735525,0.0019936561584472656
137657,normal,128,0,1782360307.9755867,0.0020341873168945312
137658,normal,106,0,1782360307.9775836,0.0019969940185546875
137659,normal,1798,0,1782360307.979553,0.0019693374633789062
137660,normal,1549,0,1782360307.9815865,0.0020334720611572266
137661,normal,1131,0,1782360307.983568,0.001981496810913086
137662,normal,181,0,1782360307.9855661,0.0019981861114501953
137663,normal,2575,0,1782360307.9875588,0.0019927024841308594
137664,normal,431,0,1782360307.9896185,0.0020596981048583984
137665,normal,3597,0,1782360307.991814,0.0021953582763671875
137666,normal,872,2,1782360307.9939423,0.0021283626556396484
137667,normal,246,0,1782360307.9958346,0.0018923282623291016
137668,normal,1842,0,1782360307.9976141,0.0017795562744140625
137669,normal,1479,0,1782360307.9996126,0.001998424530029297
137670,normal,3666,0,1782360308.0016117,0.0019991397857666016
137671,normal,1200,0,1782360308.003946,0.0023343563079833984
137672,normal,217,0,1782360308.005583,0.0016369819641113281
137673,normal,1103,0,1782360308.0075724,0.0019893646240234375
137674,normal,2204,0,1782360308.0096188,0.002046346664428711
137675,normal,2788,0,1782360308.011893,0.0022742748260498047
137676,normal,1899,0,1782360308.013589,0.001695871353149414
137677,normal,2537,0,1782360308.015824,0.0022351741790771484
137678,normal,923,2,1782360308.0175765,0.0017523765563964844
137679,normal,2901,0,1782360308.019591,0.002014636993408203
137680,normal,692,0,1782360308.0218928,0.0023016929626464844
137681,normal,457,0,1782360308.0237858,0.0018930435180664062
137682,normal,3153,1,1782360308.025515,0.0017292499542236328
137683,normal,3321,1,1782360308.027846,0.0023310184478759766
137684,normal,2558,0,1782360308.0295997,0.0017535686492919922
137685,normal,1780,0,1782360308.0318189,0.0022192001342773438
137686,normal,2344,0,1782360308.0335972,0.0017783641815185547
137687,normal,1390,0,1782360308.0358152,0.002218008041381836
137688,normal,2859,0,1782360308.0375803,0.0017650127410888672
137689,normal,135,0,1782360308.0398104,0.0022301673889160156
137690,normal,1201,0,1782360308.041632,0.0018215179443359375
137691,normal,1048,0,1782360308.0435863,0.001954317092895508
137692,normal,2634,0,1782360308.0458536,0.0022673606872558594
137693,normal,3580,0,1782360308.047631,0.0017774105072021484
137694,normal,313,0,1782360308.049588,0.001956939697265625
137695,normal,162,0,1782360308.051817,0.002228975296020508
137696,normal,2906,0,1782360308.0536275,0.0018105506896972656
137697,normal,2922,0,1782360308.0556252,0.001997709274291992
137698,normal,2208,0,1782360308.0578585,0.002233266830444336
137699,normal,2888,0,1782360308.059642,0.001783609390258789
137700,normal,2580,0,1782360308.0615866,0.0019445419311523438
137701,normal,409,0,1782360308.0638256,0.0022389888763427734
137702,normal,2149,0,1782360308.0656374,0.0018117427825927734
137703,normal,2253,0,1782360308.0675876,0.0019502639770507812
137704,normal,2372,0,1782360308.0698378,0.002250194549560547
137705,normal,3318,1,1782360308.0716498,0.001811981201171875
137706,normal,3454,0,1782360308.0735788,0.0019290447235107422
137707,normal,2433,0,1782360308.075852,0.002273082733154297
137708,normal,53,0,1782360308.0776546,0.001802682876586914
137709,normal,376,0,1782360308.0795782,0.0019235610961914062
137710,normal,245,0,1782360308.0818677,0.0022895336151123047
137711,normal,1748,0,1782360308.0836365,0.0017688274383544922
137712,normal,584,0,1782360308.0855873,0.0019507408142089844
137713,normal,1737,0,1782360308.0878127,0.0022253990173339844
137714,normal,2261,0,1782360308.0896347,0.0018219947814941406
137715,normal,3620,0,1782360308.0915847,0.0019500255584716797
137716,normal,488,0,1782360308.0938723,0.002287626266479492
137717,normal,3197,1,1782360308.0955927,0.001720428466796875
137718,normal,2581,0,1782360308.0976274,0.0020346641540527344
137719,normal,861,2,1782360308.0996315,0.0020041465759277344
137720,normal,3368,1,1782360308.10176,0.0021283626556396484
137721,normal,3501,0,1782360308.1035874,0.0018274784088134766
137722,normal,2534,0,1782360308.1058948,0.002307415008544922
137723,normal,1469,0,1782360308.1076043,0.0017094612121582031
137724,normal,1718,0,1782360308.1096013,0.0019969940185546875
137725,normal,1704,0,1782360308.1118562,0.002254962921142578
137726,normal,2301,0,1782360308.1136253,0.0017690658569335938
137727,normal,646,0,1782360308.1156228,0.0019974708557128906
137728,normal,1476,0,1782360308.1178918,0.0022690296173095703
137729,normal,3353,1,1782360308.1195889,0.0016970634460449219
137730,normal,1142,0,1782360308.121834,0.002245187759399414
137731,normal,2329,0,1782360308.1236873,0.0018532276153564453
137732,normal,1505,0,1782360308.1258082,0.0021209716796875
137733,normal,351,0,1782360308.1275866,0.0017783641815185547
137734,normal,1046,0,1782360308.1298978,0.002311229705810547
137735,normal,3552,0,1782360308.1315918,0.0016939640045166016
137736,normal,829,2,1782360308.1338363,0.0022444725036621094
137737,normal,1435,0,1782360308.1355906,0.0017542839050292969
137738,normal,549,0,1782360308.1378021,0.0022115707397460938
137739,normal,2451,0,1782360308.1395874,0.0017852783203125
137740,normal,825,2,1782360308.1419032,0.0023157596588134766
137741,normal,2170,0,1782360308.143591,0.001687765121459961
137742,normal,2046,0,1782360308.1458352,0.002244234085083008
137743,normal,2190,0,1782360308.1475875,0.0017523765563964844
137744,normal,1204,0,1782360308.149812,0.002224445343017578
137745,normal,1751,0,1782360308.1515846,0.0017726421356201172
137746,normal,3024,0,1782360308.1539125,0.0023279190063476562
137747,normal,2746,0,1782360308.1555896,0.0016770362854003906
137748,normal,3613,0,1782360308.1578357,0.0022461414337158203
137749,normal,1376,1,1782360308.1595907,0.0017549991607666016
137750,normal,2920,0,1782360308.1618059,0.002215147018432617
137751,normal,3691,0,1782360308.1635869,0.0017809867858886719
137752,normal,2229,0,1782360308.165837,0.002250194549560547
137753,normal,2767,0,1782360308.1675932,0.0017561912536621094
137754,normal,3282,1,1782360308.1698465,0.002253293991088867
137755,normal,875,2,1782360308.1715968,0.0017502307891845703
137756,normal,3636,0,1782360308.1738083,0.0022115707397460938
137757,normal,1366,1,1782360308.175589,0.0017807483673095703
137758,normal,3167,1,1782360308.1778057,0.0022165775299072266
137759,normal,171,0,1782360308.1795917,0.0017859935760498047
137760,normal,406,0,1782360308.1818378,0.0022461414337158203
137761,normal,1893,0,1782360308.1835895,0.0017516613006591797
137762,normal,3409,0,1782360308.1858032,0.002213716506958008
137763,normal,1607,0,1782360308.1875935,0.0017902851104736328
137764,normal,1501,0,1782360308.189852,0.0022585391998291016
137765,normal,1900,0,1782360308.1917965,0.0019445419311523438
137766,normal,3571,0,1782360308.1935902,0.0017936229705810547
137767,normal,2810,0,1782360308.1958416,0.0022513866424560547
137768,normal,2935,0,1782360308.1976295,0.0017879009246826172
137769,normal,849,2,1782360308.1995857,0.0019562244415283203
137770,normal,3080,1,1782360308.201854,0.0022683143615722656
137771,normal,2076,0,1782360308.2035875,0.001733541488647461
137772,normal,12,0,1782360308.205832,0.0022444725036621094
137773,normal,2120,0,1782360308.2076032,0.0017712116241455078
137774,normal,2561,0,1782360308.209816,0.0022127628326416016
137775,normal,2502,0,1782360308.2115867,0.0017707347869873047
137776,normal,1866,0,1782360308.2138512,0.0022644996643066406
137777,normal,356,0,1782360308.215591,0.0017397403717041016
137778,normal,3539,0,1782360308.2179532,0.0023622512817382812
137779,normal,2986,0,1782360308.2196083,0.0016551017761230469
137780,normal,1853,0,1782360308.2218375,0.0022292137145996094
137781,normal,2231,0,1782360308.2235992,0.0017616748809814453
137782,normal,2814,0,1782360308.2258809,0.002281665802001953
137783,normal,210,0,1782360308.2276523,0.0017714500427246094
137784,normal,3289,1,1782360308.2295854,0.0019330978393554688
137785,normal,913,2,1782360308.231862,0.0022766590118408203
137786,normal,3427,0,1782360308.2336154,0.0017533302307128906
137787,normal,3144,1,1782360308.2358441,0.0022287368774414062
137788,normal,3209,1,1782360308.237593,0.001748800277709961
137789,normal,1825,0,1782360308.2398038,0.002210855484008789
137790,normal,536,0,1782360308.2415879,0.0017840862274169922
137791,normal,1981,0,1782360308.2438514,0.0022635459899902344
137792,normal,3008,0,1782360308.245624,0.0017726421356201172
137793,normal,1225,0,1782360308.2475855,0.0019614696502685547
137794,normal,3058,1,1782360308.249602,0.0020165443420410156
137795,normal,350,0,1782360308.2518535,0.0022513866424560547
137796,normal,1141,0,1782360308.2538068,0.0019533634185791016
137797,normal,1939,0,1782360308.255905,0.00209808349609375
137798,normal,2276,0,1782360308.2578535,0.0019485950469970703
137799,normal,832,2,1782360308.259786,0.001932382583618164
137800,normal,3105,1,1782360308.262036,0.002250194549560547
137801,normal,3138,1,1782360308.2638636,0.0018274784088134766
137802,normal,3643,0,1782360308.2656436,0.0017800331115722656
137803,normal,2572,0,1782360308.2677844,0.0021407604217529297
137804,normal,1522,0,1782360308.2699149,0.0021305084228515625
137805,normal,2328,0,1782360308.2719436,0.0020287036895751953
137806,normal,1029,2,1782360308.2738945,0.001950979232788086
137807,normal,2718,0,1782360308.2758734,0.0019788742065429688
137808,normal,1996,0,1782360308.2777824,0.001909017562866211
137809,normal,1150,0,1782360308.279948,0.002165555953979492
137810,normal,2820,0,1782360308.2818997,0.0019516944885253906
137811,normal,876,2,1782360308.283932,0.0020322799682617188
137812,normal,2495,0,1782360308.2857952,0.001863241195678711
137813,normal,638,0,1782360308.2877595,0.0019643306732177734
137814,normal,3530,0,1782360308.2897837,0.0020241737365722656
137815,normal,582,0,1782360308.2919364,0.002152681350708008
137816,normal,2083,0,1782360308.293792,0.001855611801147461
137817,normal,3396,1,1782360308.2957833,0.00199127197265625
137818,normal,1168,0,1782360308.2979329,0.0021495819091796875
137819,normal,3231,1,1782360308.2998092,0.0018763542175292969
137820,normal,2844,0,1782360308.3017802,0.001971006393432617
137821,normal,38,0,1782360308.3039384,0.0021581649780273438
137822,normal,1039,0,1782360308.305801,0.0018625259399414062
137823,normal,1655,0,1782360308.307794,0.0019931793212890625
137824,normal,1374,1,1782360308.3098006,0.00200653076171875
137825,normal,3223,1,1782360308.3117797,0.0019791126251220703
137826,normal,2678,0,1782360308.3137853,0.0020055770874023438
137827,normal,10,0,1782360308.315942,0.0021567344665527344
137828,normal,3044,0,1782360308.317775,0.0018329620361328125
137829,normal,2093,0,1782360308.3197875,0.002012491226196289
137830,normal,1775,0,1782360308.321941,0.0021533966064453125
137831,normal,237,0,1782360308.32379,0.0018491744995117188
137832,normal,1709,0,1782360308.3257852,0.001995086669921875
137833,normal,3697,0,1782360308.3279483,0.0021631717681884766
137834,normal,2908,0,1782360308.3298094,0.0018610954284667969
137835,normal,3011,0,1782360308.331786,0.001976490020751953
137836,normal,974,2,1782360308.333957,0.002171039581298828
137837,normal,2181,0,1782360308.3357632,0.0018062591552734375
137838,normal,1570,0,1782360308.3377855,0.002022266387939453
137839,normal,1166,0,1782360308.3399487,0.0021631717681884766
137840,normal,1839,0,1782360308.3418038,0.0018551349639892578
137841,normal,1578,0,1782360308.3438015,0.001997709274291992
137842,normal,2623,0,1782360308.3458476,0.0020461082458496094
137843,normal,2447,0,1782360308.3477786,0.0019309520721435547
137844,normal,2205,0,1782360308.3496003,0.001821756362915039
137845,normal,837,2,1782360308.351537,0.0019366741180419922
137846,normal,1651,0,1782360308.3537703,0.002233266830444336
137847,normal,1764,0,1782360308.3555975,0.001827239990234375
137848,normal,558,0,1782360308.3577821,0.002184629440307617
137849,normal,1649,0,1782360308.359599,0.0018169879913330078
137850,normal,3255,1,1782360308.361828,0.002228975296020508
137851,normal,2019,0,1782360308.3637488,0.0019207000732421875
137852,normal,343,0,1782360308.3656065,0.001857757568359375
137853,normal,2183,0,1782360308.367827,0.0022203922271728516
137854,normal,134,0,1782360308.3697584,0.0019314289093017578
137855,normal,2350,0,1782360308.3716083,0.0018498897552490234
137856,normal,3086,1,1782360308.3738103,0.0022020339965820312
137857,normal,1446,0,1782360308.375714,0.0019037723541259766
137858,normal,1059,0,1782360308.3776124,0.0018982887268066406
137859,normal,3576,0,1782360308.3798225,0.0022101402282714844
137860,normal,1300,0,1782360308.381713,0.001890420913696289
137861,normal,3574,0,1782360308.3836105,0.001897573471069336
137862,normal,88,0,1782360308.385812,0.002201557159423828
137863,normal,469,0,1782360308.3877153,0.0019032955169677734
137864,normal,520,0,1782360308.3896012,0.0018858909606933594
137865,normal,1552,0,1782360308.3918128,0.0022115707397460938
137866,normal,3459,0,1782360308.393714,0.0019011497497558594
137867,normal,265,0,1782360308.3956006,0.001886606216430664
137868,normal,858,2,1782360308.3979664,0.0023658275604248047
137869,normal,188,0,1782360308.3997123,0.0017459392547607422
137870,normal,666,0,1782360308.4019616,0.0022492408752441406
137871,normal,3495,0,1782360308.4036455,0.001683950424194336
137872,normal,680,0,1782360308.406036,0.0023903846740722656
137873,normal,960,2,1782360308.407756,0.0017201900482177734
137874,normal,818,2,1782360308.4097898,0.002033710479736328
137875,normal,219,0,1782360308.4118366,0.002046823501586914
137876,normal,1557,0,1782360308.4136374,0.0018007755279541016
137877,normal,817,2,1782360308.4159331,0.0022957324981689453
137878,normal,2324,0,1782360308.4178069,0.0018737316131591797
137879,normal,3174,1,1782360308.419888,0.002081155776977539
137880,normal,3014,0,1782360308.4218469,0.0019588470458984375
137881,normal,2536,0,1782360308.4238474,0.002000570297241211
137882,normal,1265,0,1782360308.4258852,0.0020377635955810547
137883,normal,461,0,1782360308.4278176,0.001932382583618164
137884,normal,34,0,1782360308.4308057,0.002988100051879883
137885,normal,937,2,1782360308.4316444,0.0008387565612792969
137886,normal,2353,0,1782360308.433795,0.0021505355834960938
137887,normal,2983,0,1782360308.435827,0.002032041549682617
137888,normal,1218,0,1782360308.4376328,0.0018057823181152344
137889,normal,2704,0,1782360308.4399328,0.0023000240325927734
137890,normal,33,0,1782360308.4418013,0.0018684864044189453
137891,normal,3407,0,1782360308.443637,0.0018355846405029297
137892,normal,2632,0,1782360308.445974,0.002337217330932617
137893,normal,3529,0,1782360308.4478095,0.0018353462219238281
137894,normal,1503,0,1782360308.4496367,0.001827239990234375
137895,normal,1022,2,1782360308.4519606,0.0023238658905029297
137896,normal,3248,1,1782360308.453797,0.001836538314819336
137897,normal,741,0,1782360308.4557855,0.0019884109497070312
137898,normal,3284,1,1782360308.4576359,0.0018503665924072266
137899,normal,324,0,1782360308.4599736,0.0023376941680908203
137900,normal,1531,0,1782360308.461645,0.0016713142395019531
137901,normal,1816,0,1782360308.4639735,0.002328634262084961
137902,normal,2816,0,1782360308.4657059,0.0017323493957519531
137903,normal,1421,0,1782360308.4679484,0.002242565155029297
137904,normal,2794,0,1782360308.4696357,0.0016872882843017578
137905,normal,1429,0,1782360308.4719663,0.0023305416107177734
137906,normal,1050,0,1782360308.473796,0.0018296241760253906
137907,normal,2268,0,1782360308.4757848,0.0019888877868652344
137908,normal,2829,0,1782360308.4779742,0.0021893978118896484
137909,normal,1648,0,1782360308.4797606,0.0017864704132080078
137910,normal,509,0,1782360308.4818068,0.0020461082458496094
137911,normal,1012,2,1782360308.4837973,0.0019905567169189453
137912,normal,733,0,1782360308.485776,0.001978635787963867
137913,normal,66,0,1782360308.4878013,0.0020253658294677734
137914,normal,3099,1,1782360308.4899995,0.0021982192993164062
137915,normal,2028,0,1782360308.4917617,0.0017621517181396484
137916,normal,3256,1,1782360308.493793,0.0020313262939453125
137917,normal,3185,1,1782360308.4958286,0.0020356178283691406
137918,normal,2854,0,1782360308.4978924,0.002063751220703125
137919,normal,3670,0,1782360308.4998016,0.0019092559814453125
137920,normal,1234,0,1782360308.5017889,0.0019872188568115234
137921,normal,276,0,1782360308.5038786,0.0020897388458251953
137922,normal,3572,0,1782360308.5057948,0.0019161701202392578
137923,normal,750,0,1782360308.5078368,0.002042055130004883
137924,normal,1897,0,1782360308.509878,0.0020411014556884766
137925,normal,1782,0,1782360308.51178,0.0019021034240722656
137926,normal,447,0,1782360308.5138876,0.0021076202392578125
137927,normal,1982,0,1782360308.5157566,0.0018689632415771484
137928,normal,662,0,1782360308.517784,0.0020275115966796875
137929,normal,1013,2,1782360308.5198436,0.002059459686279297
137930,normal,2425,0,1782360308.521871,0.0020275115966796875
137931,normal,2419,0,1782360308.5237904,0.0019192695617675781
137932,normal,1629,0,1782360308.526026,0.0022356510162353516
137933,normal,1335,1,1782360308.5278568,0.0018308162689208984
137934,normal,3482,0,1782360308.5298212,0.0019643306732177734
137935,normal,3162,1,1782360308.5318422,0.0020210742950439453
137936,normal,1514,0,1782360308.533763,0.0019207000732421875
137937,normal,1349,1,1782360308.535788,0.002025127410888672
137938,normal,2993,0,1782360308.5378122,0.0020241737365722656
137939,normal,3232,1,1782360308.5397525,0.0019402503967285156
137940,normal,2088,0,1782360308.5417879,0.002035379409790039
137941,normal,3314,1,1782360308.5440044,0.0022165775299072266
137942,normal,3665,0,1782360308.545761,0.0017566680908203125
137943,normal,2633,0,1782360308.5477805,0.0020194053649902344
137944,normal,170,0,1782360308.5498853,0.0021047592163085938
137945,normal,1882,0,1782360308.5517516,0.0018663406372070312
137946,normal,2832,0,1782360308.5537882,0.002036571502685547
137947,normal,2549,0,1782360308.555744,0.001955747604370117
137948,normal,1111,0,1782360308.5576527,0.0019087791442871094
137949,normal,2137,0,1782360308.5596557,0.0020029544830322266
137950,normal,1829,0,1782360308.5618813,0.002225637435913086
137951,normal,693,0,1782360308.5635774,0.0016961097717285156
137952,normal,855,2,1782360308.5659559,0.0023784637451171875
137953,normal,161,0,1782360308.5678627,0.0019068717956542969
137954,normal,2142,0,1782360308.5698795,0.002016782760620117
137955,normal,1244,0,1782360308.57182,0.0019404888153076172
137956,normal,2516,0,1782360308.573959,0.0021390914916992188
137957,normal,1907,0,1782360308.575885,0.0019259452819824219
137958,normal,2343,0,1782360308.5778067,0.0019216537475585938
137959,normal,1758,0,1782360308.579914,0.002107381820678711
137960,normal,1407,0,1782360308.5817218,0.0018076896667480469
137961,normal,561,0,1782360308.5837872,0.002065420150756836
137962,normal,3503,0,1782360308.5860448,0.0022575855255126953
137963,normal,1480,0,1782360308.5878594,0.0018146038055419922
137964,normal,3158,1,1782360308.5897853,0.0019259452819824219
137965,normal,1227,0,1782360308.5918927,0.002107381820678711
137966,normal,700,0,1782360308.5951035,0.003210783004760742
137967,normal,2807,0,1782360308.5957968,0.0006933212280273438
137968,normal,375,0,1782360308.5976398,0.0018429756164550781
137969,normal,1220,0,1782360308.599949,0.002309083938598633
137970,normal,1364,1,1782360308.601637,0.0016880035400390625
137971,normal,705,0,1782360308.6039386,0.0023016929626464844
137972,normal,1146,0,1782360308.6056354,0.0016968250274658203
137973,normal,166,0,1782360308.6079507,0.0023152828216552734
137974,normal,2443,0,1782360308.6097999,0.0018491744995117188
137975,normal,736,0,1782360308.6118643,0.0020644664764404297
137976,normal,2308,0,1782360308.6137872,0.0019228458404541016
137977,normal,3055,1,1782360308.615934,0.0021467208862304688
137978,normal,1211,0,1782360308.617638,0.0017042160034179688
137979,normal,978,2,1782360308.6199365,0.0022983551025390625
137980,normal,1405,0,1782360308.6217852,0.0018486976623535156
137981,normal,870,2,1782360308.6238763,0.0020911693572998047
137982,normal,2737,0,1782360308.6257846,0.0019083023071289062
137983,normal,569,0,1782360308.6278923,0.0021076202392578125
137984,normal,2657,0,1782360308.629909,0.002016782760620117
137985,normal,3217,1,1782360308.631637,0.001728057861328125
137986,normal,2127,0,1782360308.6339512,0.0023140907287597656
137987,normal,2551,0,1782360308.6356354,0.0016841888427734375
137988,normal,314,0,1782360308.637941,0.0023055076599121094
137989,normal,481,0,1782360308.6396306,0.0016896724700927734
137990,normal,2325,0,1782360308.6419137,0.0022830963134765625
137991,normal,2539,0,1782360308.6435955,0.0016818046569824219
137992,normal,326,0,1782360308.645869,0.0022735595703125
137993,normal,2847,0,1782360308.6476579,0.0017888545989990234
137994,normal,107,0,1782360308.6496217,0.0019638538360595703
137995,normal,3593,0,1782360308.651874,0.002252340316772461
137996,normal,1701,0,1782360308.6537623,0.001888275146484375
137997,normal,1177,0,1782360308.6556332,0.001870870590209961
137998,normal,3582,0,1782360308.6578734,0.0022401809692382812
137999,normal,694,0,1782360308.6597152,0.0018417835235595703
138000,normal,3413,0,1782360308.661622,0.0019068717956542969
138001,normal,1526,0,1782360308.6638796,0.0022575855255126953
138002,normal,1260,0,1782360308.6657646,0.0018849372863769531
138003,normal,1266,0,1782360308.6676214,0.0018568038940429688
138004,normal,2617,0,1782360308.6698842,0.0022628307342529297
138005,normal,2628,0,1782360308.671627,0.0017428398132324219
138006,normal,1181,0,1782360308.6738605,0.0022335052490234375
138007,normal,2051,0,1782360308.6756568,0.0017962455749511719
138008,normal,2146,0,1782360308.6778603,0.0022034645080566406
138009,normal,806,2,1782360308.6796236,0.0017633438110351562
138010,normal,2138,0,1782360308.681897,0.0022733211517333984
138011,normal,3406,0,1782360308.6838598,0.001962900161743164
138012,normal,3458,0,1782360308.6856208,0.0017609596252441406
138013,normal,510,0,1782360308.6878374,0.0022165775299072266
138014,normal,91,0,1782360308.6902008,0.002363443374633789
138015,normal,1276,0,1782360308.6918714,0.0016705989837646484
138016,normal,3476,0,1782360308.6939106,0.002039194107055664
138017,normal,1213,0,1782360308.6956396,0.0017290115356445312
138018,normal,2979,0,1782360308.697894,0.002254486083984375
138019,normal,3485,0,1782360308.6998384,0.0019443035125732422
138020,normal,1963,0,1782360308.7018871,0.0020487308502197266
138021,normal,3075,1,1782360308.703633,0.0017459392547607422
138022,normal,919,2,1782360308.7059674,0.0023343563079833984
138023,normal,1391,0,1782360308.7076392,0.0016717910766601562
138024,normal,1172,0,1782360308.7098565,0.0022172927856445312
138025,normal,1685,0,1782360308.7117934,0.0019369125366210938
138026,normal,3054,1,1782360308.7136374,0.0018439292907714844
138027,normal,3657,0,1782360308.7158966,0.0022592544555664062
138028,normal,559,0,1782360308.717639,0.0017423629760742188
138029,normal,212,0,1782360308.719841,0.0022020339965820312
138030,normal,3019,0,1782360308.7215858,0.0017447471618652344
138031,normal,1647,0,1782360308.7238884,0.0023026466369628906
138032,normal,198,0,1782360308.7255886,0.0017001628875732422
138033,normal,74,0,1782360308.727843,0.002254486083984375
138034,normal,1169,0,1782360308.7296386,0.0017955303192138672
138035,normal,20,0,1782360308.7318208,0.0021822452545166016
138036,normal,3709,0,1782360308.7336078,0.001786947250366211
138037,normal,576,0,1782360308.7359245,0.002316713333129883
138038,normal,3497,0,1782360308.7376244,0.0016999244689941406
138039,normal,628,0,1782360308.7398384,0.0022139549255371094
138040,normal,3478,0,1782360308.7416086,0.0017702579498291016
138041,normal,1726,0,1782360308.7438254,0.002216815948486328
138042,normal,911,2,1782360308.7455902,0.0017647743225097656
138043,normal,3404,0,1782360308.7478383,0.002248048782348633
138044,normal,1630,0,1782360308.7496066,0.001768350601196289
138045,normal,3191,1,1782360308.751832,0.0022253990173339844
138046,normal,349,0,1782360308.7535903,0.0017583370208740234
138047,normal,2116,0,1782360308.7558193,0.002228975296020508
138048,normal,1530,0,1782360308.7575877,0.001768350601196289
138049,normal,1175,0,1782360308.759837,0.0022492408752441406
138050,normal,1402,0,1782360308.7616034,0.0017664432525634766
138051,normal,2851,0,1782360308.7638364,0.0022330284118652344
138052,normal,1011,2,1782360308.7656045,0.0017681121826171875
138053,normal,2690,0,1782360308.767819,0.0022144317626953125
138054,normal,2358,0,1782360308.7695887,0.0017697811126708984
138055,normal,3010,0,1782360308.7718382,0.002249479293823242
138056,normal,1609,0,1782360308.773611,0.0017728805541992188
138057,normal,2158,0,1782360308.7758431,0.002232074737548828
138058,normal,3005,0,1782360308.7776008,0.0017576217651367188
138059,normal,3088,1,1782360308.7798147,0.0022139549255371094
138060,normal,2107,0,1782360308.7815897,0.0017750263214111328
138061,normal,1470,0,1782360308.7838385,0.0022487640380859375
138062,normal,2960,0,1782360308.7856007,0.0017621517181396484
138063,normal,550,0,1782360308.7878382,0.002237558364868164
138064,normal,2297,0,1782360308.7895994,0.0017611980438232422
138065,normal,2608,0,1782360308.7918174,0.002218008041381836
138066,normal,698,0,1782360308.793588,0.0017704963684082031
138067,normal,3448,0,1782360308.7958312,0.0022432804107666016
138068,normal,3481,0,1782360308.7976012,0.00177001953125
138069,normal,1871,0,1782360308.7998288,0.0022275447845458984
138070,normal,214,0,1782360308.8015926,0.0017638206481933594
138071,normal,244,0,1782360308.8038173,0.0022246837615966797
138072,normal,2133,0,1782360308.8055885,0.0017712116241455078
138073,normal,1794,0,1782360308.8078592,0.0022706985473632812
138074,normal,360,0,1782360308.8095984,0.0017392635345458984
138075,normal,1969,0,1782360308.811843,0.0022444725036621094
138076,normal,879,2,1782360308.8136141,0.0017712116241455078
138077,normal,3100,1,1782360308.8158147,0.002200603485107422
138078,normal,30,0,1782360308.8175867,0.0017719268798828125
138079,normal,471,0,1782360308.8198326,0.0022459030151367188
138080,normal,3050,1,1782360308.8215978,0.0017652511596679688
138081,normal,676,0,1782360308.823834,0.0022361278533935547
138082,normal,1165,0,1782360308.8256192,0.0017852783203125
138083,normal,1396,0,1782360308.8278148,0.002195596694946289
138084,normal,1334,1,1782360308.8295882,0.0017733573913574219
138085,normal,1613,0,1782360308.8318584,0.002270221710205078
138086,normal,570,0,1782360308.8335974,0.0017390251159667969
138087,normal,436,0,1782360308.8358307,0.002233266830444336
138088,normal,1152,0,1782360308.8375876,0.001756906509399414
138089,normal,1053,0,1782360308.8398144,0.0022268295288085938
138090,normal,501,0,1782360308.8415854,0.0017709732055664062
138091,normal,1026,2,1782360308.8438683,0.002282857894897461
138092,normal,785,2,1782360308.8455782,0.0017099380493164062
138093,normal,24,0,1782360308.8478131,0.002234935760498047
138094,normal,2186,0,1782360308.8496,0.001786947250366211
138095,normal,972,2,1782360308.8518255,0.0022253990173339844
138096,normal,1250,0,1782360308.853584,0.001758575439453125
138097,normal,2607,0,1782360308.8558698,0.0022857189178466797
138098,normal,2225,0,1782360308.8576124,0.0017426013946533203
138099,normal,814,2,1782360308.8598328,0.0022203922271728516
138100,normal,2096,0,1782360308.8616338,0.0018010139465332031
138101,normal,836,2,1782360308.8638198,0.0021860599517822266
138102,normal,811,2,1782360308.865589,0.0017690658569335938
138103,normal,1768,0,1782360308.8678586,0.002269744873046875
138104,normal,2092,0,1782360308.8696039,0.0017452239990234375
138105,normal,408,0,1782360308.871834,0.0022301673889160156
138106,normal,1007,2,1782360308.8735964,0.00176239013671875
138107,normal,2005,0,1782360308.8758204,0.002223968505859375
138108,normal,3020,0,1782360308.8775883,0.001767873764038086
138109,normal,641,0,1782360308.879872,0.002283811569213867
138110,normal,1368,1,1782360308.881603,0.0017309188842773438
138111,normal,2478,0,1782360308.8838317,0.0022287368774414062
138112,normal,2903,0,1782360308.8855898,0.0017580986022949219
138113,normal,1316,0,1782360308.8878167,0.0022268295288085938
138114,normal,3489,0,1782360308.8895938,0.0017771720886230469
138115,normal,184,0,1782360308.89188,0.002286195755004883
138116,normal,1760,0,1782360308.8936012,0.0017211437225341797
138117,normal,1205,0,1782360308.8958309,0.0022296905517578125
138118,normal,1122,0,1782360308.8975987,0.001767873764038086
138119,normal,1235,0,1782360308.8998134,0.002214670181274414
138120,normal,1288,0,1782360308.9015875,0.0017740726470947266
138121,normal,544,0,1782360308.9036522,0.0020647048950195312
138122,normal,269,0,1782360308.9058106,0.0021584033966064453
138123,normal,3064,1,1782360308.9075868,0.0017762184143066406
138124,normal,871,2,1782360308.9098394,0.0022525787353515625
138125,normal,1125,0,1782360308.9116042,0.0017647743225097656
138126,normal,1706,0,1782360308.9138305,0.0022263526916503906
138127,normal,1888,0,1782360308.9156003,0.0017697811126708984
138128,normal,624,0,1782360308.9178212,0.0022208690643310547
138129,normal,2221,0,1782360308.9195888,0.0017676353454589844
138130,normal,331,0,1782360308.9218345,0.002245664596557617
138131,normal,2506,0,1782360308.9236312,0.001796722412109375
138132,normal,3163,1,1782360308.925835,0.002203702926635742
138133,normal,337,0,1782360308.9276783,0.0018434524536132812
138134,normal,2863,0,1782360308.929819,0.0021407604217529297
138135,normal,266,0,1782360308.9315844,0.0017652511596679688
138136,normal,2988,0,1782360308.9338439,0.002259492874145508
138137,normal,3641,0,1782360308.935601,0.0017571449279785156
138138,normal,1417,0,1782360308.9378262,0.002225160598754883
138139,normal,1351,1,1782360308.939605,0.0017788410186767578
138140,normal,141,0,1782360308.9418106,0.0022056102752685547
138141,normal,2975,0,1782360308.943584,0.0017733573913574219
138142,normal,1740,0,1782360308.94585,0.00226593017578125
138143,normal,1585,0,1782360308.947597,0.00174713134765625
138144,normal,691,0,1782360308.9498854,0.002288341522216797
138145,normal,339,0,1782360308.9518516,0.001966238021850586
138146,normal,3017,0,1782360308.953738,0.0018863677978515625
138147,normal,2846,0,1782360308.9556336,0.0018956661224365234
138148,normal,1533,0,1782360308.9579825,0.0023488998413085938
138149,normal,3246,1,1782360308.9597917,0.0018091201782226562
138150,normal,2565,0,1782360308.9616268,0.0018351078033447266
138151,normal,2024,0,1782360308.9639416,0.0023148059844970703
138152,normal,950,2,1782360308.9655883,0.0016467571258544922
138153,normal,2557,0,1782360308.9678946,0.002306222915649414
138154,normal,1397,0,1782360308.9696963,0.0018017292022705078
138155,normal,1859,0,1782360308.9715893,0.0018930435180664062
138156,normal,3433,0,1782360308.973835,0.002245664596557617
138157,normal,2806,0,1782360308.9756217,0.0017867088317871094
138158,normal,743,0,1782360308.9778209,0.0021991729736328125
138159,normal,3034,0,1782360308.9795837,0.0017628669738769531
138160,normal,152,0,1782360308.9818442,0.002260446548461914
138161,normal,3583,0,1782360308.9836001,0.0017559528350830078
138162,normal,1886,0,1782360308.9858313,0.002231121063232422
138163,normal,2128,0,1782360308.9875848,0.0017535686492919922
138164,normal,701,0,1782360308.9898334,0.002248525619506836
138165,normal,3182,1,1782360308.9915886,0.0017552375793457031
138166,normal,3372,1,1782360308.9938455,0.0022568702697753906
138167,normal,1731,0,1782360308.9955974,0.0017518997192382812
138168,normal,1043,0,1782360308.9978874,0.002290010452270508
138169,normal,1744,0,1782360308.9996083,0.0017209053039550781
138170,normal,657,0,1782360309.00181,0.0022017955780029297
138171,normal,3363,1,1782360309.0035963,0.0017862319946289062
138172,normal,2675,0,1782360309.005845,0.0022487640380859375
138173,normal,1326,1,1782360309.0075963,0.0017511844635009766
138174,normal,2044,0,1782360309.0098324,0.0022361278533935547
138175,normal,474,0,1782360309.0116143,0.0017819404602050781
138176,normal,1815,0,1782360309.0138068,0.0021924972534179688
138177,normal,3320,1,1782360309.0155847,0.0017778873443603516
138178,normal,1631,0,1782360309.0178542,0.0022695064544677734
138179,normal,3508,0,1782360309.0195947,0.0017404556274414062
138180,normal,1373,1,1782360309.0218384,0.0022437572479248047
138181,normal,3343,1,1782360309.0236034,0.0017650127410888672
138182,normal,2432,0,1782360309.0258152,0.0022118091583251953
138183,normal,2485,0,1782360309.027582,0.0017666816711425781
138184,normal,1187,0,1782360309.0298483,0.002266407012939453
138185,normal,1428,0,1782360309.0315948,0.0017464160919189453
138186,normal,1395,0,1782360309.0338328,0.002238035202026367
138187,normal,1110,0,1782360309.0356078,0.0017750263214111328
138188,normal,2995,0,1782360309.0378382,0.002230405807495117
138189,normal,3559,0,1782360309.039584,0.0017457008361816406
138190,normal,961,2,1782360309.041846,0.002262115478515625
138191,normal,1414,0,1782360309.0435958,0.0017497539520263672
138192,normal,734,0,1782360309.0458415,0.002245664596557617
138193,normal,1787,0,1782360309.047623,0.001781463623046875
138194,normal,653,0,1782360309.0498304,0.002207517623901367
138195,normal,2835,0,1782360309.0515838,0.0017533302307128906
138196,normal,1931,0,1782360309.0538795,0.0022957324981689453
138197,normal,2410,0,1782360309.0556185,0.0017390251159667969
138198,normal,3684,0,1782360309.057832,0.0022134780883789062
138199,normal,3146,1,1782360309.0596175,0.0017855167388916016
138200,normal,1695,0,1782360309.0617998,0.0021822452545166016
138201,normal,1459,0,1782360309.063581,0.0017812252044677734
138202,normal,3177,1,1782360309.0658438,0.0022628307342529297
138203,normal,2841,0,1782360309.067599,0.0017552375793457031
138204,normal,2958,0,1782360309.069816,0.0022170543670654297
138205,normal,1475,0,1782360309.0716114,0.0017952919006347656
138206,normal,864,2,1782360309.0738578,0.002246379852294922
138207,normal,1692,0,1782360309.0755985,0.0017406940460205078
138208,normal,602,0,1782360309.0778584,0.002259969711303711
138209,normal,962,2,1782360309.0795999,0.0017414093017578125
138210,normal,2584,0,1782360309.081849,0.0022492408752441406
138211,normal,2143,0,1782360309.083599,0.0017499923706054688
138212,normal,2660,0,1782360309.0858219,0.002222776412963867
138213,normal,187,0,1782360309.0875883,0.0017664432525634766
138214,normal,1498,0,1782360309.0898774,0.0022890567779541016
138215,normal,3126,1,1782360309.0915978,0.001720428466796875
138216,normal,3073,1,1782360309.0938475,0.0022497177124023438
138217,normal,525,0,1782360309.0956028,0.0017552375793457031
138218,normal,1322,1,1782360309.097649,0.002046346664428711
138219,normal,2569,0,1782360309.0996213,0.001972198486328125
138220,normal,2916,0,1782360309.1018157,0.0021944046020507812
138221,normal,2782,0,1782360309.1035814,0.0017657279968261719
138222,normal,661,0,1782360309.105631,0.002049684524536133
138223,normal,3247,1,1782360309.107971,0.0023398399353027344
138224,normal,1465,0,1782360309.1097436,0.0017726421356201172
138225,normal,888,2,1782360309.1116338,0.0018901824951171875
138226,normal,2287,0,1782360309.1138844,0.00225067138671875
138227,normal,2010,0,1782360309.115602,0.0017175674438476562
138228,normal,1074,0,1782360309.1178439,0.002241849899291992
138229,normal,535,0,1782360309.1196449,0.0018010139465332031
138230,normal,854,2,1782360309.1218107,0.0021657943725585938
138231,normal,2696,0,1782360309.1235962,0.0017855167388916016
138232,normal,2710,0,1782360309.125891,0.002294778823852539
138233,normal,282,0,1782360309.127601,0.0017099380493164062
138234,normal,1157,0,1782360309.1298485,0.0022475719451904297
138235,normal,702,0,1782360309.1316085,0.0017600059509277344
138236,normal,2483,0,1782360309.1338325,0.002223968505859375
138237,normal,2018,0,1782360309.135591,0.001758575439453125
138238,normal,3708,0,1782360309.137856,0.0022649765014648438
138239,normal,1547,0,1782360309.139601,0.001744985580444336
138240,normal,3250,1,1782360309.1418316,0.0022306442260742188
138241,normal,3664,0,1782360309.1436555,0.0018239021301269531
138242,normal,1818,0,1782360309.1458066,0.002151012420654297
138243,normal,3445,0,1782360309.1475914,0.0017848014831542969
138244,normal,922,2,1782360309.14985,0.0022585391998291016
138245,normal,1510,0,1782360309.1516008,0.001750946044921875
138246,normal,3687,0,1782360309.153845,0.002244234085083008
138247,normal,1688,0,1782360309.1556094,0.0017642974853515625
138248,normal,1603,0,1782360309.1578104,0.002201080322265625
138249,normal,2393,0,1782360309.1595907,0.0017802715301513672
138250,normal,2244,0,1782360309.1618483,0.0022575855255126953
138251,normal,1733,0,1782360309.1636164,0.0017681121826171875
138252,normal,2728,0,1782360309.1658454,0.002228975296020508
138253,normal,2582,0,1782360309.1676087,0.0017633438110351562
138254,normal,2303,0,1782360309.169811,0.002202272415161133
138255,normal,2668,0,1782360309.1715903,0.001779317855834961
138256,normal,1356,1,1782360309.1738646,0.0022742748260498047
138257,normal,2703,0,1782360309.1756003,0.001735687255859375
138258,normal,1346,1,1782360309.1778448,0.0022444725036621094
138259,normal,3137,1,1782360309.1796849,0.0018401145935058594
138260,normal,2780,0,1782360309.1818063,0.002121448516845703
138261,normal,502,0,1782360309.1835892,0.0017828941345214844
138262,normal,2147,0,1782360309.1858401,0.0022509098052978516
138263,normal,1515,0,1782360309.187601,0.0017609596252441406
138264,normal,878,2,1782360309.189844,0.0022428035736083984
138265,normal,1600,0,1782360309.191699,0.0018551349639892578
138266,normal,2418,0,1782360309.193895,0.002196073532104492
138267,normal,2643,0,1782360309.196189,0.002293825149536133
138268,normal,2881,0,1782360309.1978278,0.0016388893127441406
138269,normal,568,0,1782360309.1996474,0.001819610595703125
138270,normal,647,0,1782360309.2019246,0.0022771358489990234
138271,normal,2174,0,1782360309.2038078,0.0018832683563232422
138272,normal,548,0,1782360309.205641,0.001833200454711914
138273,normal,1241,0,1782360309.2079468,0.002305746078491211
138274,normal,596,0,1782360309.209797,0.001850128173828125
138275,normal,1170,0,1782360309.211639,0.0018420219421386719
138276,normal,104,0,1782360309.2139452,0.002306222915649414
138277,normal,2689,0,1782360309.2158055,0.0018603801727294922
138278,normal,3516,0,1782360309.2176366,0.0018310546875
138279,normal,229,0,1782360309.2199461,0.002309560775756836
138280,normal,2769,0,1782360309.2217877,0.0018415451049804688
138281,normal,1174,0,1782360309.2236373,0.0018496513366699219
138282,normal,1831,0,1782360309.2259457,0.002308368682861328
138283,normal,2153,0,1782360309.22779,0.0018444061279296875
138284,normal,924,2,1782360309.2296364,0.0018463134765625
138285,normal,2598,0,1782360309.2319674,0.0023310184478759766
138286,normal,1156,0,1782360309.2337928,0.0018253326416015625
138287,normal,1640,0,1782360309.2356365,0.0018436908721923828
138288,normal,1753,0,1782360309.2379465,0.002310037612915039
138289,normal,1814,0,1782360309.2398577,0.001911163330078125
138290,normal,3188,1,1782360309.241853,0.0019953250885009766
138291,normal,1752,0,1782360309.2437923,0.0019392967224121094
138292,normal,21,0,1782360309.2458582,0.002065896987915039
138293,normal,1015,2,1782360309.2478793,0.0020210742950439453
138294,normal,2316,0,1782360309.249799,0.0019197463989257812
138295,normal,121,0,1782360309.25181,0.0020110607147216797
138296,normal,912,2,1782360309.253713,0.0019028186798095703
138297,normal,3097,1,1782360309.255798,0.0020852088928222656
138298,normal,2021,0,1782360309.2577398,0.001941680908203125
138299,normal,1488,0,1782360309.2599344,0.002194643020629883
138300,normal,2748,0,1782360309.261638,0.001703500747680664
138301,normal,2742,0,1782360309.263961,0.002323150634765625
138302,normal,2321,0,1782360309.2656589,0.0016977787017822266
138303,normal,1477,0,1782360309.267792,0.0021331310272216797
138304,normal,1319,1,1782360309.2697885,0.0019965171813964844
138305,normal,3003,0,1782360309.271702,0.0019135475158691406
138306,normal,1800,0,1782360309.2737885,0.0020864009857177734
138307,normal,2155,0,1782360309.276005,0.0022165775299072266
138308,normal,2785,0,1782360309.2777479,0.0017428398132324219
138309,normal,3637,0,1782360309.2798438,0.002095937728881836
138310,normal,1660,0,1782360309.281871,0.002027273178100586
138311,normal,3411,0,1782360309.2836545,0.0017833709716796875
138312,normal,1054,0,1782360309.2857854,0.0021309852600097656
138313,normal,3249,1,1782360309.288008,0.0022225379943847656
138314,normal,3254,1,1782360309.2897472,0.0017392635345458984
138315,normal,597,0,1782360309.2917886,0.002041339874267578
138316,normal,86,0,1782360309.2940745,0.0022859573364257812
138317,normal,993,2,1782360309.2957087,0.0016341209411621094
138318,normal,1824,0,1782360309.2978213,0.0021126270294189453
138319,normal,3462,0,1782360309.2999356,0.0021142959594726562
138320,normal,2889,0,1782360309.3018627,0.0019271373748779297
138321,normal,3639,0,1782360309.3037949,0.0019321441650390625
138322,normal,877,2,1782360309.305936,0.002141237258911133
138323,normal,1898,0,1782360309.3078592,0.0019230842590332031
138324,normal,921,2,1782360309.3097916,0.001932382583618164
138325,normal,737,0,1782360309.3118045,0.002012968063354492
138326,normal,1855,0,1782360309.313862,0.0020575523376464844
138327,normal,2444,0,1782360309.3157885,0.001926422119140625
138328,normal,2609,0,1782360309.318076,0.0022873878479003906
138329,normal,17,0,1782360309.3198638,0.0017879009246826172
138330,normal,2102,0,1782360309.3217866,0.0019228458404541016
138331,normal,3173,1,1782360309.32395,0.002163410186767578
138332,normal,2597,0,1782360309.3256466,0.0016965866088867188
138333,normal,3669,0,1782360309.3277864,0.0021398067474365234
138334,normal,975,2,1782360309.3299384,0.002151966094970703
138335,normal,1964,0,1782360309.3316417,0.0017032623291015625
138336,normal,2198,0,1782360309.3337843,0.002142667770385742
138337,normal,1844,0,1782360309.336079,0.0022945404052734375
138338,normal,2532,0,1782360309.3378627,0.0017838478088378906
138339,normal,2390,0,1782360309.339786,0.0019233226776123047
138340,normal,3027,0,1782360309.342015,0.002228975296020508
138341,normal,3522,0,1782360309.3436453,0.0016303062438964844
138342,normal,3473,0,1782360309.345782,0.002136707305908203
138343,normal,910,2,1782360309.3479438,0.002161741256713867
138344,normal,2187,0,1782360309.3497007,0.001756906509399414
138345,normal,2242,0,1782360309.3518515,0.0021507740020751953
138346,normal,253,0,1782360309.353752,0.0019004344940185547
138347,normal,333,0,1782360309.3557553,0.0020034313201904297
138348,normal,1954,0,1782360309.3576114,0.001856088638305664
138349,normal,575,0,1782360309.359812,0.002200603485107422
138350,normal,3561,0,1782360309.361575,0.0017628669738769531
138351,normal,2031,0,1782360309.3637512,0.0021762847900390625
138352,normal,1550,0,1782360309.3658211,0.0020699501037597656
138353,normal,2699,0,1782360309.3675728,0.0017516613006591797
138354,normal,2967,0,1782360309.3698344,0.002261638641357422
138355,normal,3595,0,1782360309.3717396,0.001905202865600586
138356,normal,274,0,1782360309.3736188,0.0018792152404785156
138357,normal,37,0,1782360309.3759737,0.002354860305786133
138358,normal,1305,0,1782360309.377774,0.0018002986907958984
138359,normal,16,0,1782360309.379719,0.0019450187683105469
138360,normal,2437,0,1782360309.382792,0.003072977066040039
138361,normal,863,2,1782360309.383619,0.0008270740509033203
138362,normal,3378,1,1782360309.3857017,0.0020825862884521484
138363,normal,3299,1,1782360309.387513,0.0018112659454345703
138364,normal,1404,0,1782360309.3897393,0.0022263526916503906
138365,normal,567,0,1782360309.3915215,0.0017821788787841797
138366,normal,275,0,1782360309.393602,0.0020804405212402344
138367,normal,2705,0,1782360309.3956053,0.0020034313201904297
138368,normal,2962,0,1782360309.3976054,0.002000093460083008
138369,normal,372,0,1782360309.3995907,0.001985311508178711
138370,normal,3507,0,1782360309.4015937,0.0020029544830322266
138371,normal,517,0,1782360309.4040346,0.002440929412841797
138372,normal,2226,0,1782360309.4057522,0.0017175674438476562
138373,normal,1796,0,1782360309.4076989,0.0019466876983642578
138374,normal,3540,0,1782360309.409598,0.0018992424011230469
138375,normal,3419,0,1782360309.4118252,0.0022270679473876953
138376,normal,1128,0,1782360309.4136217,0.0017964839935302734
138377,normal,2412,0,1782360309.415789,0.002167224884033203
138378,normal,316,0,1782360309.417612,0.0018231868743896484
138379,normal,2796,0,1782360309.4197497,0.0021376609802246094
138380,normal,546,0,1782360309.4215991,0.0018494129180908203
138381,normal,235,0,1782360309.4237552,0.0021560192108154297
138382,normal,2326,0,1782360309.425604,0.0018489360809326172
138383,normal,1330,1,1782360309.427755,0.002151012420654297
138384,normal,1006,2,1782360309.4296029,0.0018477439880371094
138385,normal,1809,0,1782360309.4317527,0.002149820327758789
138386,normal,1473,0,1782360309.433605,0.001852273941040039
138387,normal,3205,1,1782360309.4357164,0.0021114349365234375
138388,normal,2733,0,1782360309.4380121,0.0022957324981689453
138389,normal,1450,0,1782360309.4398713,0.0018591880798339844
138390,normal,1113,0,1782360309.441868,0.001996755599975586
138391,normal,3202,1,1782360309.443677,0.0018088817596435547
138392,normal,2508,0,1782360309.4457335,0.002056598663330078
138393,normal,379,0,1782360309.4475749,0.0018413066864013672
138394,normal,2640,0,1782360309.4495971,0.002022266387939453
138395,normal,1296,0,1782360309.4520357,0.0024385452270507812
138396,normal,1041,0,1782360309.4535885,0.0015528202056884766
138397,normal,1412,0,1782360309.4555445,0.0019559860229492188
138398,normal,56,0,1782360309.4576283,0.0020837783813476562
138399,normal,1671,0,1782360309.4597547,0.002126455307006836
138400,normal,516,0,1782360309.4616146,0.001859903335571289
138401,normal,2275,0,1782360309.4635994,0.001984834671020508
138402,normal,3401,1,1782360309.46561,0.0020105838775634766
138403,normal,450,0,1782360309.4677384,0.0021283626556396484
138404,normal,3270,1,1782360309.469783,0.002044677734375
138405,normal,866,2,1782360309.4715757,0.0017926692962646484
138406,normal,2870,0,1782360309.4735732,0.0019974708557128906
138407,normal,3587,0,1782360309.4757655,0.002192258834838867
138408,normal,3160,1,1782360309.4776027,0.0018372535705566406
138409,normal,1314,0,1782360309.4797027,0.0020999908447265625
138410,normal,616,0,1782360309.481579,0.0018763542175292969
138411,normal,2507,0,1782360309.4836168,0.0020377635955810547
138412,normal,2946,0,1782360309.4857624,0.002145528793334961
138413,normal,1846,0,1782360309.4877133,0.001950979232788086
138414,normal,3599,0,1782360309.4895847,0.001871347427368164
138415,normal,1199,0,1782360309.4916465,0.0020618438720703125
138416,normal,1972,0,1782360309.49356,0.0019135475158691406
138417,normal,1342,1,1782360309.4955602,0.002000093460083008
138418,normal,925,2,1782360309.497599,0.002038717269897461
138419,normal,1247,0,1782360309.4995265,0.0019276142120361328
138420,normal,725,0,1782360309.5015395,0.002012968063354492
138421,normal,3622,0,1782360309.5037148,0.0021753311157226562
138422,normal,892,2,1782360309.5055852,0.0018703937530517578
138423,normal,893,2,1782360309.5076418,0.002056598663330078
138424,normal,1010,2,1782360309.5097597,0.0021178722381591797
138425,normal,1935,0,1782360309.511583,0.00182342529296875
138426,normal,1144,0,1782360309.5135934,0.002010345458984375
138427,normal,1811,0,1782360309.5157466,0.002153158187866211
138428,normal,3243,1,1782360309.517729,0.001982450485229492
138429,normal,3461,0,1782360309.5195525,0.00182342529296875
138430,normal,738,0,1782360309.5215642,0.0020117759704589844
138431,normal,100,0,1782360309.523605,0.002040863037109375
138432,normal,1998,0,1782360309.5256932,0.0020880699157714844
138433,normal,1163,0,1782360309.527556,0.0018627643585205078
138434,normal,1016,2,1782360309.5296266,0.0020706653594970703
138435,normal,220,0,1782360309.5315301,0.001903533935546875
138436,normal,2113,0,1782360309.5336287,0.002098560333251953
138437,normal,2385,0,1782360309.5361454,0.0025167465209960938
138438,normal,2291,0,1782360309.537581,0.0014355182647705078
138439,normal,2101,0,1782360309.5395596,0.001978635787963867
138440,normal,206,0,1782360309.5417576,0.0021979808807373047
138441,normal,1171,0,1782360309.543572,0.0018143653869628906
138442,normal,751,0,1782360309.545775,0.0022029876708984375
138443,normal,1058,0,1782360309.547962,0.002187013626098633
138444,normal,2531,0,1782360309.549561,0.0015990734100341797
138445,normal,67,0,1782360309.5517077,0.0021467208862304688
138446,normal,3210,1,1782360309.553719,0.0020112991333007812
138447,normal,130,0,1782360309.555617,0.001898050308227539
138448,normal,3203,1,1782360309.557757,0.0021398067474365234
138449,normal,2386,0,1782360309.5597532,0.001996278762817383
138450,normal,867,2,1782360309.5615852,0.0018320083618164062
138451,normal,2775,0,1782360309.563584,0.0019989013671875
138452,normal,310,0,1782360309.5662503,0.0026662349700927734
138453,normal,1569,0,1782360309.5684283,0.0021779537200927734
138454,normal,2063,0,1782360309.5695891,0.0011608600616455078
138455,normal,3313,1,1782360309.572097,0.002507925033569336
138456,normal,1536,0,1782360309.5737996,0.0017025470733642578
138457,normal,2331,0,1782360309.5760057,0.002206087112426758
138458,normal,1086,0,1782360309.5781734,0.0021677017211914062
138459,normal,3615,0,1782360309.579609,0.0014355182647705078
138460,normal,2000,0,1782360309.5817313,0.0021224021911621094
138461,normal,3464,0,1782360309.5835898,0.0018584728240966797
138462,normal,3650,0,1782360309.5856533,0.0020635128021240234
138463,normal,119,0,1782360309.5877013,0.002048015594482422
138464,normal,2457,0,1782360309.5896935,0.0019922256469726562
138465,normal,932,2,1782360309.5915797,0.001886129379272461
138466,normal,1857,0,1782360309.5937352,0.0021555423736572266
138467,normal,3399,1,1782360309.5956516,0.0019164085388183594
138468,normal,115,0,1782360309.5978553,0.002203702926635742
138469,normal,3526,0,1782360309.5997856,0.00193023681640625
138470,normal,303,0,1782360309.6016498,0.0018641948699951172
138471,normal,2563,0,1782360309.6037052,0.0020554065704345703
138472,normal,165,0,1782360309.6057496,0.0020444393157958984
138473,normal,1691,0,1782360309.6077724,0.0020227432250976562
138474,normal,3198,1,1782360309.609686,0.0019135475158691406
138475,normal,1827,0,1782360309.6116512,0.0019652843475341797
138476,normal,2872,0,1782360309.6136303,0.0019791126251220703
138477,normal,1665,0,1782360309.615691,0.0020606517791748047
138478,normal,623,0,1782360309.61774,0.002048969268798828
138479,normal,190,0,1782360309.6196318,0.0018918514251708984
138480,normal,2819,0,1782360309.6217072,0.0020754337310791016
138481,normal,629,0,1782360309.6237185,0.0020112991333007812
138482,normal,2382,0,1782360309.6256366,0.0019180774688720703
138483,normal,1636,0,1782360309.627756,0.0021195411682128906
138484,normal,3123,1,1782360309.6296134,0.0018572807312011719
138485,normal,2641,0,1782360309.63174,0.0021266937255859375
138486,normal,3668,0,1782360309.6335533,0.0018131732940673828
138487,normal,3525,0,1782360309.6356575,0.0021042823791503906
138488,normal,3263,1,1782360309.6376283,0.0019707679748535156
138489,normal,1017,2,1782360309.639748,0.002119779586791992
138490,normal,1945,0,1782360309.641631,0.001882791519165039
138491,normal,2559,0,1782360309.6438484,0.002217531204223633
138492,normal,2071,0,1782360309.64562,0.001771688461303711
138493,normal,711,0,1782360309.6477182,0.00209808349609375
138494,normal,18,0,1782360309.6496859,0.0019676685333251953
138495,normal,2471,0,1782360309.6515794,0.0018935203552246094
138496,normal,2014,0,1782360309.6536593,0.0020799636840820312
138497,normal,1854,0,1782360309.6556036,0.0019443035125732422
138498,normal,2535,0,1782360309.6575577,0.0019540786743164062
138499,normal,2622,0,1782360309.6598637,0.0023059844970703125
138500,normal,2525,0,1782360309.6616826,0.0018188953399658203
138501,normal,1458,0,1782360309.6637125,0.002029895782470703
138502,normal,1263,0,1782360309.6658394,0.002126932144165039
138503,normal,2151,0,1782360309.6677854,0.0019459724426269531
138504,normal,1094,0,1782360309.6696813,0.001895904541015625
138505,normal,2902,0,1782360309.6718488,0.0021674633026123047
138506,normal,1919,0,1782360309.6737082,0.001859426498413086
138507,normal,410,0,1782360309.6755433,0.0018351078033447266
138508,normal,1602,0,1782360309.6776412,0.0020978450775146484
138509,normal,590,0,1782360309.679584,0.0019428730010986328
138510,normal,2129,0,1782360309.6818397,0.002255678176879883
138511,normal,3547,0,1782360309.6835396,0.0016999244689941406
138512,normal,3440,0,1782360309.6857038,0.002164125442504883
138513,normal,3676,0,1782360309.6875436,0.0018398761749267578
138514,normal,3652,0,1782360309.6897314,0.0021877288818359375
138515,normal,1221,0,1782360309.6922774,0.002546072006225586
138516,normal,3533,0,1782360309.6937385,0.001461029052734375
138517,normal,1298,0,1782360309.6956599,0.0019214153289794922
138518,normal,2934,0,1782360309.6975951,0.0019352436065673828
138519,normal,1037,0,1782360309.6996915,0.002096414566040039
138520,normal,585,0,1782360309.7017984,0.002106904983520508
138521,normal,1136,0,1782360309.7039883,0.0021898746490478516
138522,normal,227,0,1782360309.7057073,0.0017189979553222656
138523,normal,500,0,1782360309.707687,0.0019795894622802734
138524,normal,2606,0,1782360309.7096853,0.001998424530029297
138525,normal,3277,1,1782360309.7115805,0.0018951892852783203
138526,normal,2270,0,1782360309.713757,0.002176523208618164
138527,normal,460,0,1782360309.7159328,0.0021758079528808594
138528,normal,3110,1,1782360309.7178605,0.0019276142120361328
138529,normal,2068,0,1782360309.7197132,0.0018527507781982422
138530,normal,277,0,1782360309.721783,0.002069711685180664
138531,normal,2455,0,1782360309.7237494,0.0019664764404296875
138532,normal,1261,0,1782360309.725561,0.0018115043640136719
138533,normal,2248,0,1782360309.7280912,0.002530336380004883
138534,normal,3452,0,1782360309.7297997,0.0017085075378417969
138535,normal,3244,1,1782360309.7315793,0.0017795562744140625
138536,normal,3689,0,1782360309.733777,0.002197742462158203
138537,normal,3479,0,1782360309.7357357,0.001958608627319336
138538,normal,2684,0,1782360309.7375488,0.0018131732940673828
138539,normal,3470,0,1782360309.739591,0.002042055130004883
138540,normal,1432,0,1782360309.741539,0.0019481182098388672
138541,normal,2470,0,1782360309.7436888,0.002149820327758789
138542,normal,1929,0,1782360309.7455883,0.0018994808197021484
138543,normal,1440,0,1782360309.7476187,0.0020303726196289062
138544,normal,3602,0,1782360309.7496126,0.001993894577026367
138545,normal,2288,0,1782360309.7516136,0.002001047134399414
138546,normal,357,0,1782360309.7535853,0.001971721649169922
138547,normal,2969,0,1782360309.7557135,0.002128124237060547
138548,normal,1463,0,1782360309.757594,0.001880645751953125
138549,normal,1162,0,1782360309.7595415,0.0019474029541015625
138550,normal,761,0,1782360309.7618036,0.002262115478515625
138551,normal,3133,1,1782360309.7636886,0.0018849372863769531
138552,normal,3649,0,1782360309.7656288,0.0019402503967285156
138553,normal,3645,0,1782360309.767635,0.0020062923431396484
138554,normal,2664,0,1782360309.769566,0.0019309520721435547
138555,normal,1576,0,1782360309.771731,0.0021648406982421875
138556,normal,2122,0,1782360309.7735982,0.0018672943115234375
138557,normal,1500,0,1782360309.7757325,0.0021343231201171875
138558,normal,64,0,1782360309.7775395,0.0018069744110107422
138559,normal,2266,0,1782360309.7796316,0.002092123031616211
138560,normal,3483,0,1782360309.7817445,0.002112865447998047
138561,normal,3215,1,1782360309.7836747,0.00193023681640625
138562,normal,3675,0,1782360309.7857459,0.0020711421966552734
138563,normal,940,2,1782360309.7875652,0.0018193721771240234
138564,normal,7,0,1782360309.7896826,0.0021173954010009766
138565,normal,685,0,1782360309.7917342,0.0020515918731689453
138566,normal,615,0,1782360309.7937148,0.0019805431365966797
138567,normal,780,2,1782360309.7965758,0.00286102294921875
138568,normal,2292,0,1782360309.797615,0.001039266586303711
138569,normal,3492,0,1782360309.799636,0.0020208358764648438
138570,normal,1133,0,1782360309.8018203,0.0021843910217285156
138571,normal,2335,0,1782360309.803675,0.0018546581268310547
138572,normal,1774,0,1782360309.8056507,0.0019757747650146484
138573,normal,1678,0,1782360309.8075385,0.0018877983093261719
138574,normal,1109,0,1782360309.8098128,0.0022742748260498047
138575,normal,920,2,1782360309.8116074,0.001794576644897461
138576,normal,58,0,1782360309.8136911,0.0020837783813476562
138577,normal,3631,0,1782360309.815599,0.0019078254699707031
138578,normal,3324,1,1782360309.817754,0.0021550655364990234
138579,normal,432,0,1782360309.819652,0.001898050308227539
138580,normal,284,0,1782360309.8218193,0.002167224884033203
138581,normal,2323,0,1782360309.8237479,0.001928567886352539
138582,normal,2172,0,1782360309.825834,0.002086162567138672
138583,normal,2738,0,1782360309.8277094,0.0018754005432128906
138584,normal,1943,0,1782360309.8296459,0.0019364356994628906
138585,normal,518,0,1782360309.8317811,0.0021352767944335938
138586,normal,2741,0,1782360309.8337376,0.001956462860107422
138587,normal,264,0,1782360309.835548,0.001810312271118164
138588,normal,1820,0,1782360309.8375595,0.002011537551879883
138589,normal,2315,0,1782360309.8397143,0.002154827117919922
138590,normal,3,0,1782360309.8417394,0.002025127410888672
138591,normal,428,0,1782360309.843529,0.0017895698547363281
138592,normal,1379,1,1782360309.845628,0.0020990371704101562
138593,normal,3422,0,1782360309.8475807,0.0019526481628417969
138594,normal,900,2,1782360309.8495603,0.0019795894622802734
138595,normal,2379,0,1782360309.8520956,0.0025353431701660156
138596,normal,1197,0,1782360309.8538773,0.0017817020416259766
138597,normal,753,0,1782360309.8555992,0.0017218589782714844
138598,normal,808,2,1782360309.8576174,0.0020182132720947266
138599,normal,1033,0,1782360309.8597672,0.002149820327758789
138600,normal,2262,0,1782360309.8615406,0.0017733573913574219
138601,normal,1581,0,1782360309.863729,0.002188444137573242
138602,normal,3706,0,1782360309.8657935,0.0020644664764404297
138603,normal,2991,0,1782360309.8675356,0.0017421245574951172
138604,normal,2636,0,1782360309.8696015,0.002065896987915039
138605,normal,3036,0,1782360309.871657,0.0020554065704345703
138606,normal,1580,0,1782360309.873533,0.0018761157989501953
138607,normal,1279,0,1782360309.8757806,0.0022475719451904297
138608,normal,467,0,1782360309.8776333,0.0018527507781982422
138609,normal,1686,0,1782360309.8798816,0.0022482872009277344
138610,normal,367,0,1782360309.8816586,0.0017769336700439453
138611,normal,807,2,1782360309.883841,0.002182483673095703
138612,normal,2306,0,1782360309.8857074,0.0018663406372070312
138613,normal,191,0,1782360309.887734,0.0020265579223632812
138614,normal,1259,0,1782360309.8898642,0.002130270004272461
138615,normal,2099,0,1782360309.891822,0.0019578933715820312
138616,normal,917,2,1782360309.8936462,0.0018241405487060547
138617,normal,1546,0,1782360309.8959372,0.002290964126586914
138618,normal,643,0,1782360309.897943,0.0020058155059814453
138619,normal,3195,1,1782360309.8996499,0.001706838607788086
138620,normal,3029,0,1782360309.9017398,0.002089977264404297
138621,normal,1449,0,1782360309.903617,0.0018770694732666016
138622,normal,43,0,1782360309.9057713,0.0021543502807617188
138623,normal,3135,1,1782360309.9076,0.0018286705017089844
138624,normal,2380,0,1782360309.9097137,0.002113819122314453
138625,normal,1597,0,1782360309.91177,0.0020563602447509766
138626,normal,354,0,1782360309.9135659,0.0017957687377929688
138627,normal,2886,0,1782360309.9157574,0.0021915435791015625
138628,normal,2867,0,1782360309.917643,0.0018856525421142578
138629,normal,1401,0,1782360309.9198022,0.00215911865234375
138630,normal,2679,0,1782360309.9216352,0.0018329620361328125
138631,normal,3678,0,1782360309.9237387,0.002103567123413086
138632,normal,1754,0,1782360309.9256575,0.001918792724609375
138633,normal,2327,0,1782360309.9276478,0.0019903182983398438
138634,normal,2084,0,1782360309.9298246,0.0021767616271972656
138635,normal,1378,1,1782360309.931567,0.0017423629760742188
138636,normal,1258,0,1782360309.9337008,0.0021338462829589844
138637,normal,3239,1,1782360309.935702,0.0020012855529785156
138638,normal,3466,0,1782360309.9376132,0.001911163330078125
138639,normal,1034,0,1782360309.93971,0.0020966529846191406
138640,normal,2583,0,1782360309.941708,0.0019981861114501953
138641,normal,1436,0,1782360309.943603,0.0018949508666992188
138642,normal,1341,1,1782360309.9457405,0.002137422561645508
138643,normal,3326,1,1782360309.9477625,0.0020220279693603516
138644,normal,3568,0,1782360309.9495673,0.0018048286437988281
138645,normal,48,0,1782360309.9516897,0.0021224021911621094
138646,normal,746,0,1782360309.953687,0.001997232437133789
138647,normal,3638,0,1782360309.9555619,0.0018749237060546875
138648,normal,3023,0,1782360309.9576871,0.002125263214111328
138649,normal,2869,0,1782360309.959736,0.002048969268798828
138650,normal,490,0,1782360309.9616318,0.0018956661224365234
138651,normal,2500,0,1782360309.9637852,0.0021533966064453125
138652,normal,3601,0,1782360309.9656086,0.00182342529296875
138653,normal,1411,0,1782360309.967716,0.002107381820678711
138654,normal,2747,0,1782360309.9696276,0.0019116401672363281
138655,normal,3175,1,1782360309.9717345,0.002106904983520508
138656,normal,3272,1,1782360309.973565,0.0018305778503417969
138657,normal,951,2,1782360309.9756565,0.0020914077758789062
138658,normal,3129,1,1782360309.9776528,0.001996278762817383
138659,normal,3121,1,1782360309.9797585,0.002105712890625
138660,normal,2577,0,1782360309.9816172,0.0018587112426757812
138661,normal,138,0,1782360309.9837751,0.002157926559448242
138662,normal,2118,0,1782360309.9857464,0.0019712448120117188
138663,normal,425,0,1782360309.9878955,0.0021491050720214844
138664,normal,1847,0,1782360309.9898286,0.0019330978393554688
138665,normal,659,0,1782360309.9917662,0.0019376277923583984
138666,normal,3640,0,1782360309.9936364,0.0018701553344726562
138667,normal,1944,0,1782360309.9956486,0.0020122528076171875
138668,normal,1707,0,1782360309.9975476,0.0018990039825439453
138669,normal,1728,0,1782360309.9996448,0.0020971298217773438
138670,normal,1092,0,1782360310.00185,0.0022051334381103516
138671,normal,2999,0,1782360310.0035446,0.0016946792602539062
138672,normal,1352,1,1782360310.005646,0.002101421356201172
138673,normal,697,0,1782360310.0077019,0.0020558834075927734
138674,normal,2167,0,1782360310.0095527,0.0018508434295654297
138675,normal,2957,0,1782360310.0117915,0.002238750457763672
138676,normal,92,0,1782360310.0137525,0.0019609928131103516
138677,normal,373,0,1782360310.0157607,0.002008199691772461
138678,normal,286,0,1782360310.0178275,0.0020668506622314453
138679,normal,1424,0,1782360310.019576,0.0017485618591308594
138680,normal,906,2,1782360310.0217137,0.0021376609802246094
138681,normal,3253,1,1782360310.0235763,0.0018625259399414062
138682,normal,532,0,1782360310.0256953,0.0021190643310546875
138683,normal,2195,0,1782360310.0278559,0.0021605491638183594
138684,normal,611,0,1782360310.0295842,0.0017282962799072266
138685,normal,2401,0,1782360310.031732,0.0021479129791259766
138686,normal,2798,0,1782360310.0335677,0.0018355846405029297
138687,normal,1367,1,1782360310.0356953,0.0021276473999023438
138688,normal,2885,0,1782360310.0377126,0.0020172595977783203
138689,normal,385,0,1782360310.0395732,0.0018606185913085938
138690,normal,1098,0,1782360310.0417163,0.0021431446075439453
138691,normal,3114,1,1782360310.0437443,0.0020279884338378906
138692,normal,2761,0,1782360310.0455787,0.0018343925476074219
138693,normal,1784,0,1782360310.047749,0.0021703243255615234
138694,normal,2363,0,1782360310.0498633,0.0021142959594726562
138695,normal,1912,0,1782360310.051751,0.0018875598907470703
138696,normal,2124,0,1782360310.0536509,0.0018999576568603516
138697,normal,3512,0,1782360310.0558362,0.002185344696044922
138698,normal,174,0,1782360310.0576463,0.0018100738525390625
138699,normal,2783,0,1782360310.0595605,0.0019142627716064453
138700,normal,1589,0,1782360310.0617118,0.0021512508392333984
138701,normal,2188,0,1782360310.0636206,0.0019087791442871094
138702,normal,3357,1,1782360310.0657866,0.0021660327911376953
138703,normal,3291,1,1782360310.067675,0.0018885135650634766
138704,normal,3028,0,1782360310.0699258,0.00225067138671875
138705,normal,1723,0,1782360310.0715969,0.0016710758209228516
138706,normal,1123,0,1782360310.0737002,0.0021033287048339844
138707,normal,2423,0,1782360310.0758188,0.0021185874938964844
138708,normal,3262,1,1782360310.0778053,0.0019865036010742188
138709,normal,2523,0,1782360310.0798464,0.0020411014556884766
138710,normal,389,0,1782360310.0816343,0.0017879009246826172
138711,normal,2852,0,1782360310.0836294,0.001995086669921875
138712,normal,2111,0,1782360310.085807,0.002177715301513672
138713,normal,3394,1,1782360310.0877,0.0018928050994873047
138714,normal,2429,0,1782360310.089956,0.002256155014038086
138715,normal,1078,0,1782360310.0915537,0.0015976428985595703
138716,normal,3345,1,1782360310.093738,0.0021843910217285156
138717,normal,2332,0,1782360310.0955806,0.001842498779296875
138718,normal,2446,0,1782360310.0976162,0.0020356178283691406
138719,normal,1020,2,1782360310.0996988,0.0020825862884521484
138720,normal,153,0,1782360310.1016262,0.0019273757934570312
138721,normal,593,0,1782360310.1037157,0.0020895004272460938
138722,normal,1393,0,1782360310.1056046,0.0018889904022216797
138723,normal,258,0,1782360310.1077502,0.002145528793334961
138724,normal,2218,0,1782360310.1096532,0.0019030570983886719
138725,normal,1967,0,1782360310.1115513,0.001898050308227539
138726,normal,3523,0,1782360310.11366,0.0021088123321533203
138727,normal,952,2,1782360310.1156852,0.002025127410888672
138728,normal,2290,0,1782360310.1175625,0.0018773078918457031
138729,normal,745,0,1782360310.1197677,0.0022051334381103516
138730,normal,259,0,1782360310.1216578,0.0018901824951171875
138731,normal,1729,0,1782360310.1238656,0.0022077560424804688
138732,normal,421,0,1782360310.1255949,0.0017292499542236328
138733,normal,1955,0,1782360310.1277397,0.0021448135375976562
138734,normal,3565,0,1782360310.1296177,0.0018780231475830078
138735,normal,3389,1,1782360310.1316547,0.00203704833984375
138736,normal,179,0,1782360310.133655,0.0020003318786621094
138737,normal,2972,0,1782360310.1355429,0.0018877983093261719
138738,normal,3519,0,1782360310.1377885,0.002245664596557617
138739,normal,3632,0,1782360310.139651,0.0018625259399414062
138740,normal,1611,0,1782360310.1417692,0.0021181106567382812
138741,normal,2209,0,1782360310.1436853,0.0019161701202392578
138742,normal,2697,0,1782360310.1458824,0.0021970272064208984
138743,normal,1693,0,1782360310.1478887,0.0020062923431396484
138744,normal,2396,0,1782360310.149641,0.0017523765563964844
138745,normal,1295,0,1782360310.1517792,0.0021381378173828125
138746,normal,2338,0,1782360310.1538,0.0020208358764648438
138747,normal,589,0,1782360310.1557245,0.0019245147705078125
138748,normal,323,0,1782360310.15766,0.0019354820251464844
138749,normal,1746,0,1782360310.1595445,0.00188446044921875
138750,normal,3288,1,1782360310.1617417,0.002197265625
138751,normal,3052,1,1782360310.1637046,0.001962900161743164
138752,normal,3125,1,1782360310.1656535,0.0019488334655761719
138753,normal,1451,0,1782360310.167544,0.001890420913696289
138754,normal,778,2,1782360310.1696513,0.002107381820678711
138755,normal,2830,0,1782360310.1715457,0.0018944740295410156
138756,normal,689,0,1782360310.1736557,0.002110004425048828
138757,normal,1286,0,1782360310.1762457,0.0025899410247802734
138758,normal,687,0,1782360310.1777902,0.0015444755554199219
138759,normal,1348,1,1782360310.179992,0.0022017955780029297
138760,normal,2480,0,1782360310.1817436,0.0017516613006591797
138761,normal,1151,0,1782360310.1838593,0.0021157264709472656
138762,normal,1160,0,1782360310.1857064,0.0018470287322998047
138763,normal,3671,0,1782360310.1878235,0.002117156982421875
138764,normal,2368,0,1782360310.1899054,0.0020818710327148438
138765,normal,3293,1,1782360310.1917288,0.00182342529296875
138766,normal,3455,0,1782360310.193867,0.0021381378173828125
138767,normal,2695,0,1782360310.1957726,0.001905679702758789
138768,normal,2333,0,1782360310.1977098,0.0019371509552001953
138769,normal,827,2,1782360310.199843,0.0021331310272216797
138770,normal,2707,0,1782360310.2016969,0.00185394287109375
138771,normal,2224,0,1782360310.2037325,0.0020356178283691406
138772,normal,3142,1,1782360310.2058895,0.002156972885131836
138773,normal,2528,0,1782360310.208475,0.0025856494903564453
138774,normal,614,0,1782360310.2099051,0.0014300346374511719
138775,normal,2592,0,1782360310.2121315,0.0022263526916503906
138776,normal,2179,0,1782360310.2139163,0.0017848014831542969
138777,normal,2013,0,1782360310.2160914,0.0021750926971435547
138778,normal,132,0,1782360310.2180576,0.001966238021850586
138779,normal,1841,0,1782360310.219738,0.0016803741455078125
138780,normal,1285,0,1782360310.2216923,0.001954317092895508
138781,normal,3332,1,1782360310.2238288,0.0021364688873291016
138782,normal,3035,0,1782360310.2257538,0.0019249916076660156
138783,normal,739,0,1782360310.2277017,0.0019478797912597656
138784,normal,2556,0,1782360310.2298324,0.002130746841430664
138785,normal,3567,0,1782360310.2318077,0.0019752979278564453
138786,normal,2515,0,1782360310.23365,0.0018422603607177734
138787,normal,1192,0,1782360310.2357776,0.0021276473999023438
138788,normal,2337,0,1782360310.237654,0.0018763542175292969
138789,normal,1238,0,1782360310.2396326,0.001978635787963867
138790,normal,2355,0,1782360310.241777,0.002144336700439453
138791,normal,955,2,1782360310.243615,0.0018379688262939453
138792,normal,1365,1,1782360310.2456486,0.002033710479736328
138793,normal,2009,0,1782360310.2478569,0.002208232879638672
138794,normal,3393,1,1782360310.249647,0.0017900466918945312
138795,normal,2504,0,1782360310.2516522,0.002005338668823242
138796,normal,3428,0,1782360310.253855,0.002202749252319336
138797,normal,1801,0,1782360310.2555418,0.0016868114471435547
138798,normal,479,0,1782360310.2575772,0.002035379409790039
138799,normal,1302,0,1782360310.259693,0.0021157264709472656
138800,normal,2663,0,1782360310.2615821,0.0018892288208007812
138801,normal,2004,0,1782360310.2635937,0.002011537551879883
138802,normal,2514,0,1782360310.2657137,0.0021200180053710938
138803,normal,1988,0,1782360310.2675989,0.0018851757049560547
138804,normal,945,2,1782360310.269587,0.0019881725311279297
138805,normal,3517,0,1782360310.2718997,0.0023126602172851562
138806,normal,3152,1,1782360310.2735713,0.0016715526580810547
138807,normal,2743,0,1782360310.2756991,0.0021278858184814453
138808,normal,2216,0,1782360310.2777748,0.002075672149658203
138809,normal,3261,1,1782360310.2795641,0.0017893314361572266
138810,normal,1797,0,1782360310.2817063,0.002142190933227539
138811,normal,418,0,1782360310.2837517,0.0020453929901123047
138812,normal,3287,1,1782360310.285607,0.0018553733825683594
138813,normal,2503,0,1782360310.2877743,0.002167224884033203
138814,normal,3310,1,1782360310.2896945,0.0019202232360839844
138815,normal,3172,1,1782360310.2917945,0.0020999908447265625
138816,normal,1350,1,1782360310.2935977,0.0018031597137451172
138817,normal,774,2,1782360310.2957816,0.0021839141845703125
138818,normal,1219,0,1782360310.297638,0.0018563270568847656
138819,normal,2210,0,1782360310.2995677,0.0019297599792480469
138820,normal,1183,0,1782360310.3017492,0.002181529998779297
138821,normal,2724,0,1782360310.3035607,0.0018115043640136719
138822,normal,2117,0,1782360310.3057485,0.0021877288818359375
138823,normal,2744,0,1782360310.3079228,0.00217437744140625
138824,normal,1679,0,1782360310.3096123,0.0016894340515136719
138825,normal,1535,0,1782360310.311772,0.0021598339080810547
138826,normal,111,0,1782360310.3137655,0.001993417739868164
138827,normal,2568,0,1782360310.315937,0.0021715164184570312
138828,normal,148,0,1782360310.3176084,0.0016713142395019531
138829,normal,1715,0,1782360310.3198345,0.002226114273071289
138830,normal,3557,0,1782360310.3217597,0.0019252300262451172
138831,normal,1870,0,1782360310.323689,0.0019292831420898438
138832,normal,799,2,1782360310.3257396,0.002050638198852539
138833,normal,2115,0,1782360310.327554,0.0018143653869628906
138834,normal,1427,0,1782360310.3297384,0.0021843910217285156
138835,normal,2942,0,1782360310.3317788,0.002040386199951172
138836,normal,2825,0,1782360310.333591,0.0018122196197509766
138837,normal,3334,1,1782360310.3357344,0.002143383026123047
138838,normal,390,0,1782360310.3377345,0.002000093460083008
138839,normal,2753,0,1782360310.3395483,0.0018138885498046875
138840,normal,852,2,1782360310.3417344,0.0021860599517822266
138841,normal,2926,0,1782360310.344403,0.002668619155883789
138842,normal,767,0,1782360310.3458462,0.0014431476593017578
138843,normal,69,0,1782360310.3475935,0.0017473697662353516
138844,normal,1783,0,1782360310.3496296,0.0020360946655273438
138845,normal,2255,0,1782360310.3518848,0.0022552013397216797
138846,normal,2040,0,1782360310.3536289,0.0017440319061279297
138847,normal,1101,0,1782360310.355905,0.002276182174682617
138848,normal,3703,0,1782360310.3580198,0.0021147727966308594
138849,normal,2966,0,1782360310.3595815,0.0015616416931152344
138850,normal,3660,0,1782360310.3617682,0.0021867752075195312
138851,normal,93,0,1782360310.363593,0.0018248558044433594
138852,normal,2421,0,1782360310.3656142,0.0020210742950439453
138853,normal,2121,0,1782360310.3677952,0.0021810531616210938
138854,normal,3514,0,1782360310.3698049,0.0020096302032470703
138855,normal,1916,0,1782360310.3717718,0.0019669532775878906
138856,normal,2713,0,1782360310.3736858,0.0019140243530273438
138857,normal,3040,0,1782360310.375617,0.0019311904907226562
138858,normal,1031,0,1782360310.377611,0.001993894577026367
138859,normal,2776,0,1782360310.3797004,0.0020895004272460938
138860,normal,2834,0,1782360310.381562,0.001861572265625
138861,normal,1264,0,1782360310.3837836,0.0022215843200683594
138862,normal,3119,1,1782360310.3856566,0.001873016357421875
138863,normal,640,0,1782360310.3876216,0.001965045928955078
138864,normal,3626,0,1782360310.389552,0.0019304752349853516
138865,normal,2951,0,1782360310.3917353,0.002183198928833008
138866,normal,926,2,1782360310.3937323,0.0019969940185546875
138867,normal,1320,1,1782360310.3968396,0.003107309341430664
138868,normal,3555,0,1782360310.3975062,0.0006666183471679688
138869,normal,2280,0,1782360310.3995526,0.002046346664428711
138870,normal,2041,0,1782360310.4015574,0.002004861831665039
138871,normal,3183,1,1782360310.4035861,0.0020287036895751953
138872,normal,2378,0,1782360310.405746,0.0021598339080810547
138873,normal,2900,0,1782360310.4076457,0.00189971923828125
138874,normal,1656,0,1782360310.4096956,0.0020499229431152344
138875,normal,3463,0,1782360310.4117258,0.0020301342010498047
138876,normal,1243,0,1782360310.41374,0.00201416015625
138877,normal,2795,0,1782360310.415787,0.0020470619201660156
138878,normal,2913,0,1782360310.4177604,0.001973390579223633
138879,normal,1075,0,1782360310.419601,0.0018405914306640625
138880,normal,3494,0,1782360310.4217517,0.0021507740020751953
138881,normal,1710,0,1782360310.4236991,0.0019474029541015625
138882,normal,3581,0,1782360310.425764,0.002064943313598633
138883,normal,1836,0,1782360310.427733,0.001968860626220703
138884,normal,3204,1,1782360310.429697,0.001964092254638672
138885,normal,985,2,1782360310.4316523,0.001955270767211914
138886,normal,1719,0,1782360310.4337049,0.0020525455474853516
138887,normal,2364,0,1782360310.4357016,0.001996755599975586
138888,normal,1826,0,1782360310.4377003,0.0019986629486083984
138889,normal,1071,0,1782360310.4397132,0.002012968063354492
138890,normal,3179,1,1782360310.4417503,0.00203704833984375
138891,normal,842,2,1782360310.4436872,0.0019369125366210938
138892,normal,3446,0,1782360310.4458165,0.0021293163299560547
138893,normal,2022,0,1782360310.4475842,0.0017676353454589844
138894,normal,1312,0,1782360310.4497302,0.002146005630493164
138895,normal,3634,0,1782360310.451699,0.001968860626220703
138896,normal,2533,0,1782360310.453695,0.0019960403442382812
138897,normal,2954,0,1782360310.4557054,0.002010345458984375
138898,normal,2474,0,1782360310.4577026,0.001997232437133789
138899,normal,2700,0,1782360310.4597256,0.002022981643676758
138900,normal,2202,0,1782360310.4617672,0.0020415782928466797
138901,normal,3656,0,1782360310.4637096,0.0019423961639404297
138902,normal,1032,0,1782360310.4657779,0.0020682811737060547
138903,normal,1587,0,1782360310.4675932,0.0018153190612792969
138904,normal,2726,0,1782360310.4697142,0.0021209716796875
138905,normal,1632,0,1782360310.471737,0.0020227432250976562
138906,normal,239,0,1782360310.4737475,0.0020105838775634766
138907,normal,1325,1,1782360310.4756932,0.0019457340240478516
138908,normal,1310,0,1782360310.4776871,0.001993894577026367
138909,normal,248,0,1782360310.4795833,0.0018961429595947266
138910,normal,2492,0,1782360310.4817467,0.002163410186767578
138911,normal,530,0,1782360310.4836166,0.0018699169158935547
138912,normal,2360,0,1782360310.4856143,0.001997709274291992
138913,normal,1952,0,1782360310.4877734,0.00215911865234375
138914,normal,1742,0,1782360310.4896543,0.0018808841705322266
138915,normal,1217,0,1782360310.4916866,0.0020322799682617188
138916,normal,515,0,1782360310.4937854,0.0020987987518310547
138917,normal,3367,1,1782360310.4957302,0.0019447803497314453
138918,normal,2694,0,1782360310.4976842,0.0019540786743164062
138919,normal,3267,1,1782360310.4996915,0.0020072460174560547
138920,normal,2384,0,1782360310.5015738,0.001882314682006836
138921,normal,757,0,1782360310.5035715,0.001997709274291992
138922,normal,2763,0,1782360310.505694,0.0021224021911621094
138923,normal,634,0,1782360310.5076096,0.0019156932830810547
138924,normal,2871,0,1782360310.5095367,0.0019271373748779297
138925,normal,513,0,1782360310.5115962,0.002059459686279297
138926,normal,1189,0,1782360310.5135536,0.001957416534423828
138927,normal,3283,1,1782360310.5157688,0.002215147018432617
138928,normal,362,0,1782360310.5175858,0.0018169879913330078
138929,normal,2685,0,1782360310.519832,0.0022461414337158203
138930,normal,954,2,1782360310.5216477,0.0018157958984375
138931,normal,36,0,1782360310.5237138,0.0020661354064941406
138932,normal,1862,0,1782360310.525634,0.0019202232360839844
138933,normal,73,0,1782360310.5275757,0.001941680908203125
138934,normal,2878,0,1782360310.5295892,0.0020134449005126953
138935,normal,3131,1,1782360310.5315661,0.0019769668579101562
138936,normal,3418,0,1782360310.533594,0.002027750015258789
138937,normal,3591,0,1782360310.5357864,0.0021924972534179688
138938,normal,122,0,1782360310.537538,0.0017516613006591797
138939,normal,2965,0,1782360310.5395536,0.0020155906677246094
138940,normal,96,0,1782360310.5417917,0.002238035202026367
138941,normal,3322,1,1782360310.543521,0.0017292499542236328
138942,normal,1947,0,1782360310.545775,0.002254009246826172
138943,normal,2629,0,1782360310.5475752,0.0018002986907958984
138944,normal,2056,0,1782360310.549743,0.0021677017211914062
138945,normal,2866,0,1782360310.5516365,0.0018935203552246094
138946,normal,776,2,1782360310.5537622,0.0021257400512695312
138947,normal,1721,0,1782360310.5556135,0.0018513202667236328
138948,normal,1867,0,1782360310.5575342,0.0019207000732421875
138949,normal,649,0,1782360310.559973,0.002438783645629883
138950,normal,2406,0,1782360310.5616066,0.0016336441040039062
138951,normal,3588,0,1782360310.5635998,0.0019931793212890625
138952,normal,794,2,1782360310.5659275,0.0023276805877685547
138953,normal,1810,0,1782360310.5676148,0.0016872882843017578
138954,normal,2269,0,1782360310.5697117,0.002096891403198242
138955,normal,3548,0,1782360310.571753,0.002041339874267578
138956,normal,1705,0,1782360310.5735474,0.0017943382263183594
138957,normal,1990,0,1782360310.5756617,0.0021142959594726562
138958,normal,973,2,1782360310.577705,0.0020432472229003906
138959,normal,2828,0,1782360310.5795877,0.001882791519165039
138960,normal,404,0,1782360310.5817773,0.00218963623046875
138961,normal,2980,0,1782360310.5835614,0.0017840862274169922
138962,normal,1382,0,1782360310.5855668,0.002005338668823242
138963,normal,1384,0,1782360310.5876467,0.0020799636840820312
138964,normal,1256,0,1782360310.5898197,0.0021729469299316406
138965,normal,3677,0,1782360310.5916238,0.0018041133880615234
138966,normal,631,0,1782360310.5935678,0.0019440650939941406
138967,normal,1274,0,1782360310.5956411,0.0020732879638671875
138968,normal,1311,0,1782360310.59786,0.002218961715698242
138969,normal,1439,0,1782360310.5996099,0.0017497539520263672
138970,normal,3081,1,1782360310.6020153,0.002405405044555664
138971,normal,2341,0,1782360310.6036203,0.0016050338745117188
138972,normal,2524,0,1782360310.6056294,0.002009153366088867
138973,normal,895,2,1782360310.607854,0.002224445343017578
138974,normal,2413,0,1782360310.6096363,0.0017824172973632812
138975,normal,3685,0,1782360310.611757,0.0021207332611083984
138976,normal,2194,0,1782360310.6137767,0.002019643783569336
138977,normal,3471,0,1782360310.6156204,0.0018436908721923828
138978,normal,3570,0,1782360310.6177683,0.0021479129791259766
138979,normal,2080,0,1782360310.61979,0.00202178955078125
138980,normal,1099,0,1782360310.621657,0.0018668174743652344
138981,normal,1605,0,1782360310.6236143,0.001957416534423828
138982,normal,1804,0,1782360310.6257362,0.0021219253540039062
138983,normal,1837,0,1782360310.627615,0.0018787384033203125
138984,normal,1672,0,1782360310.629743,0.002128124237060547
138985,normal,1923,0,1782360310.6317546,0.002011537551879883
138986,normal,430,0,1782360310.6335685,0.0018138885498046875
138987,normal,2020,0,1782360310.635784,0.0022153854370117188
138988,normal,3349,1,1782360310.6376853,0.001901388168334961
138989,normal,3062,1,1782360310.6398554,0.002170085906982422
138990,normal,1845,0,1782360310.6416311,0.0017757415771484375
138991,normal,2588,0,1782360310.643787,0.002155780792236328
138992,normal,3201,1,1782360310.6457365,0.0019495487213134766
138993,normal,3509,0,1782360310.6475558,0.0018193721771240234
138994,normal,2340,0,1782360310.6497147,0.0021588802337646484
138995,normal,971,2,1782360310.6515923,0.0018775463104248047
138996,normal,1158,0,1782360310.6537411,0.002148866653442383
138997,normal,1590,0,1782360310.6558228,0.002081632614135742
138998,normal,3260,1,1782360310.6576924,0.0018696784973144531
138999,normal,443,0,1782360310.659698,0.0020055770874023438
139000,normal,325,0,1782360310.6618953,0.002197265625
139001,normal,2921,0,1782360310.663743,0.0018477439880371094
139002,normal,678,0,1782360310.6657047,0.0019617080688476562
139003,normal,383,0,1782360310.6678271,0.0021224021911621094
139004,normal,1093,0,1782360310.6698115,0.0019843578338623047
139005,normal,1518,0,1782360310.6717594,0.0019478797912597656
139006,normal,308,0,1782360310.6737423,0.0019829273223876953
139007,normal,3070,1,1782360310.6755917,0.0018494129180908203
139008,normal,3331,1,1782360310.6777399,0.002148151397705078
139009,normal,2487,0,1782360310.6797383,0.001998424530029297
139010,normal,207,0,1782360310.6818151,0.002076864242553711
139011,normal,1066,0,1782360310.6835618,0.0017466545104980469
139012,normal,3667,0,1782360310.6856968,0.002135038375854492
139013,normal,2405,0,1782360310.6875591,0.0018622875213623047
139014,normal,463,0,1782360310.6897051,0.002146005630493164
139015,normal,2772,0,1782360310.6920185,0.002313375473022461
139016,normal,3051,1,1782360310.6937819,0.0017633438110351562
139017,normal,1559,0,1782360310.6957264,0.0019445419311523438
139018,normal,3417,0,1782360310.6976435,0.001917123794555664
139019,normal,2948,0,1782360310.6996458,0.002002239227294922
139020,normal,884,2,1782360310.7017472,0.002101421356201172
139021,normal,1129,0,1782360310.7036965,0.001949310302734375
139022,normal,2618,0,1782360310.7057052,0.002008676528930664
139023,normal,279,0,1782360310.7078388,0.002133607864379883
139024,normal,1478,0,1782360310.7096338,0.001795053482055664
139025,normal,1915,0,1782360310.7117076,0.0020737648010253906
139026,normal,968,2,1782360310.7136745,0.0019669532775878906
139027,normal,2211,0,1782360310.7156851,0.0020105838775634766
139028,normal,486,0,1782360310.7177157,0.002030611038208008
139029,normal,1543,0,1782360310.7196925,0.0019767284393310547
139030,normal,2493,0,1782360310.721856,0.0021636486053466797
139031,normal,907,2,1782360310.7240543,0.0021982192993164062
139032,normal,1819,0,1782360310.7263105,0.002256155014038086
139033,normal,109,0,1782360310.727895,0.0015845298767089844
139034,normal,3107,1,1782360310.7298687,0.0019736289978027344
139035,normal,1799,0,1782360310.7317858,0.001917123794555664
139036,normal,382,0,1782360310.7341444,0.002358675003051758
139037,normal,1618,0,1782360310.735779,0.0016345977783203125
139038,normal,2956,0,1782360310.737677,0.001898050308227539
139039,normal,2059,0,1782360310.7397401,0.0020630359649658203
139040,normal,361,0,1782360310.7416396,0.0018994808197021484
139041,normal,25,0,1782360310.7436233,0.001983642578125
139042,normal,2729,0,1782360310.7457523,0.002129077911376953
139043,normal,2653,0,1782360310.747725,0.001972675323486328
139044,normal,2318,0,1782360310.7496924,0.0019674301147460938
139045,normal,3420,0,1782360310.7516756,0.001983165740966797
139046,normal,1027,2,1782360310.753688,0.002012491226196289
139047,normal,744,0,1782360310.7557065,0.002018451690673828
139048,normal,645,0,1782360310.7577472,0.0020406246185302734
139049,normal,1861,0,1782360310.7598197,0.002072572708129883
139050,normal,2812,0,1782360310.7616112,0.0017914772033691406
139051,normal,983,2,1782360310.7637522,0.0021409988403320312
139052,normal,1490,0,1782360310.765755,0.002002716064453125
139053,normal,2254,0,1782360310.7677367,0.0019817352294921875
139054,normal,3032,0,1782360310.7697682,0.002031564712524414
139055,normal,2593,0,1782360310.7715845,0.0018162727355957031
139056,normal,1960,0,1782360310.7736924,0.002107858657836914
139057,normal,1542,0,1782360310.7756813,0.0019888877868652344
139058,normal,683,0,1782360310.7777133,0.002032041549682617
139059,normal,75,0,1782360310.7796884,0.0019750595092773438
139060,normal,2012,0,1782360310.7816942,0.0020058155059814453
139061,normal,260,0,1782360310.7837434,0.0020492076873779297
139062,normal,3295,1,1782360310.7857006,0.0019571781158447266
139063,normal,2822,0,1782360310.7878501,0.0021495819091796875
139064,normal,2377,0,1782360310.7895823,0.0017321109771728516
139065,normal,2271,0,1782360310.7916546,0.0020723342895507812
139066,normal,97,0,1782360310.7937393,0.0020847320556640625
139067,normal,651,0,1782360310.7956932,0.0019538402557373047
139068,normal,11,0,1782360310.7976713,0.001978158950805664
139069,normal,1331,1,1782360310.7996788,0.0020074844360351562
139070,normal,1483,0,1782360310.8017664,0.0020875930786132812
139071,normal,2799,0,1782360310.8036318,0.001865386962890625
139072,normal,976,2,1782360310.8057601,0.0021283626556396484
139073,normal,300,0,1782360310.8076897,0.0019295215606689453
139074,normal,3435,0,1782360310.8097262,0.002036571502685547
139075,normal,3380,1,1782360310.8117115,0.001985311508178711
139076,normal,2497,0,1782360310.813741,0.0020294189453125
139077,normal,2199,0,1782360310.8157,0.001959085464477539
139078,normal,2589,0,1782360310.817671,0.001971006393432617
139079,normal,2017,0,1782360310.8196585,0.001987457275390625
139080,normal,652,0,1782360310.8216543,0.0019958019256591797
139081,normal,572,0,1782360310.8240376,0.0023832321166992188
139082,normal,819,2,1782360310.8256133,0.0015757083892822266
139083,normal,3369,1,1782360310.8277347,0.002121448516845703
139084,normal,90,0,1782360310.8298085,0.0020737648010253906
139085,normal,2033,0,1782360310.8317366,0.001928091049194336
139086,normal,358,0,1782360310.8337514,0.0020148754119873047
139087,normal,613,0,1782360310.8357487,0.001997232437133789
139088,normal,199,0,1782360310.8378005,0.002051830291748047
139089,normal,1176,0,1782360310.8396564,0.0018558502197265625
139090,normal,2491,0,1782360310.8416824,0.002026081085205078
139091,normal,3467,0,1782360310.8436825,0.002000093460083008
139092,normal,654,0,1782360310.8456852,0.002002716064453125
139093,normal,793,2,1782360310.8476844,0.0019991397857666016
139094,normal,211,0,1782360310.8497667,0.002082347869873047
139095,normal,998,2,1782360310.8515658,0.0017991065979003906
139096,normal,2849,0,1782360310.853652,0.002086162567138672
139097,normal,2613,0,1782360310.855657,0.0020051002502441406
139098,normal,2897,0,1782360310.857694,0.0020368099212646484
139099,normal,3392,1,1782360310.8599715,0.0022776126861572266
139100,normal,2509,0,1782360310.861891,0.0019195079803466797
139101,normal,581,0,1782360310.8635721,0.0016810894012451172
139102,normal,2505,0,1782360310.865686,0.002113819122314453
139103,normal,1762,0,1782360310.867683,0.0019969940185546875
139104,normal,76,0,1782360310.86969,0.002007007598876953
139105,normal,370,0,1782360310.8717067,0.002016782760620117
139106,normal,1001,2,1782360310.8738081,0.002101421356201172
139107,normal,1422,0,1782360310.8755636,0.0017554759979248047
139108,normal,2045,0,1782360310.8776972,0.002133607864379883
139109,normal,2736,0,1782360310.8797245,0.002027273178100586
139110,normal,1639,0,1782360310.8817313,0.0020067691802978516
139111,normal,1117,0,1782360310.8836856,0.001954317092895508
139112,normal,2838,0,1782360310.8858728,0.0021872520446777344
139113,normal,860,2,1782360310.887676,0.0018031597137451172
139114,normal,124,0,1782360310.8898292,0.002153158187866211
139115,normal,2460,0,1782360310.8916414,0.0018122196197509766
139116,normal,1482,0,1782360310.8937829,0.0021414756774902344
139117,normal,200,0,1782360310.8957553,0.0019724369049072266
139118,normal,2065,0,1782360310.8976166,0.0018613338470458984
139119,normal,2404,0,1782360310.8998497,0.0022330284118652344
139120,normal,55,0,1782360310.9018166,0.0019669532775878906
139121,normal,3066,1,1782360310.9036777,0.0018610954284667969
139122,normal,2651,0,1782360310.9056993,0.0020215511322021484
139123,normal,1229,0,1782360310.9078138,0.002114534378051758
139124,normal,3627,0,1782360310.9096577,0.0018439292907714844
139125,normal,1756,0,1782360310.9117491,0.0020914077758789062
139126,normal,2698,0,1782360310.9136941,0.0019450187683105469
139127,normal,625,0,1782360310.9156854,0.00199127197265625
139128,normal,1583,0,1782360310.9177263,0.002040863037109375
139129,normal,369,0,1782360310.919711,0.001984834671020508
139130,normal,2403,0,1782360310.9217234,0.0020122528076171875
139131,normal,918,2,1782360310.9236941,0.0019707679748535156
139132,normal,545,0,1782360310.92571,0.002015829086303711
139133,normal,1770,0,1782360310.9277372,0.002027273178100586
139134,normal,3317,1,1782360310.9297507,0.0020134449005126953
139135,normal,1512,0,1782360310.9317613,0.0020105838775634766
139136,normal,2604,0,1782360310.9337401,0.0019788742065429688
139137,normal,2543,0,1782360310.9357138,0.0019736289978027344
139138,normal,2793,0,1782360310.9377441,0.0020303726196289062
139139,normal,236,0,1782360310.9397552,0.0020110607147216797
139140,normal,377,0,1782360310.9417326,0.0019774436950683594
139141,normal,2494,0,1782360310.943716,0.0019834041595458984
139142,normal,1848,0,1782360310.9457076,0.0019915103912353516
139143,normal,514,0,1782360310.9477065,0.0019989013671875
139144,normal,3147,1,1782360310.9497066,0.002000093460083008
139145,normal,3642,0,1782360310.951713,0.00200653076171875
139146,normal,563,0,1782360310.9554439,0.00373077392578125
139147,normal,2196,0,1782360310.9556549,0.0002110004425048828
139148,normal,13,0,1782360310.957707,0.0020520687103271484
139149,normal,3136,1,1782360310.9596596,0.0019526481628417969
139150,normal,309,0,1782360310.961778,0.002118349075317383
139151,normal,1638,0,1782360310.9635587,0.0017807483673095703
139152,normal,477,0,1782360310.965707,0.0021483898162841797
139153,normal,59,0,1782360310.9677029,0.0019958019256591797
139154,normal,3140,1,1782360310.9697,0.001997232437133789
139155,normal,831,2,1782360310.971699,0.0019989013671875
139156,normal,1102,0,1782360310.9737089,0.002009868621826172
139157,normal,1120,0,1782360310.975748,0.002039194107055664
139158,normal,113,0,1782360310.9777498,0.0020017623901367188
139159,normal,1083,0,1782360310.979779,0.0020291805267333984
139160,normal,289,0,1782360310.9816065,0.0018274784088134766
139161,normal,1210,0,1782360310.983736,0.0021295547485351562
139162,normal,2877,0,1782360310.985732,0.0019960403442382812
139163,normal,727,0,1782360310.9877458,0.002013683319091797
139164,normal,352,0,1782360310.9896932,0.0019474029541015625
139165,normal,281,0,1782360310.9916992,0.002006053924560547
139166,normal,724,0,1782360310.9936945,0.0019953250885009766
139167,normal,2987,0,1782360310.9957397,0.002045154571533203
139168,normal,3132,1,1782360310.9985633,0.0028235912322998047
139169,normal,3221,1,1782360310.999602,0.0010387897491455078
139170,normal,79,0,1782360311.0017657,0.0021636486053466797
139171,normal,2837,0,1782360311.003753,0.0019872188568115234
139172,normal,3207,1,1782360311.0058174,0.0020644664764404297
139173,normal,3553,0,1782360311.007629,0.0018115043640136719
139174,normal,2201,0,1782360311.0098987,0.002269744873046875
139175,normal,1270,0,1782360311.011725,0.0018262863159179688
139176,normal,887,2,1782360311.0137627,0.0020377635955810547
139177,normal,1273,0,1782360311.0157392,0.001976490020751953
139178,normal,673,0,1782360311.0177155,0.0019762516021728516
139179,normal,2587,0,1782360311.0196884,0.0019729137420654297
139180,normal,3091,1,1782360311.0216825,0.0019941329956054688
139181,normal,2931,0,1782360311.0237634,0.0020809173583984375
139182,normal,3383,1,1782360311.0256271,0.001863718032836914
139183,normal,1922,0,1782360311.0276787,0.0020515918731689453
139184,normal,3499,0,1782360311.0296848,0.002006053924560547
139185,normal,3329,1,1782360311.0316963,0.002011537551879883
139186,normal,19,0,1782360311.0336053,0.001909017562866211
139187,normal,2778,0,1782360311.0357063,0.0021009445190429688
139188,normal,2477,0,1782360311.037865,0.002158641815185547
139189,normal,956,2,1782360311.039751,0.001886129379272461
139190,normal,420,0,1782360311.041795,0.0020439624786376953
139191,normal,301,0,1782360311.0437007,0.001905679702758789
139192,normal,233,0,1782360311.0457318,0.002031087875366211
139193,normal,1486,0,1782360311.047714,0.0019822120666503906
139194,normal,1986,0,1782360311.0497234,0.0020093917846679688
139195,normal,26,0,1782360311.0517123,0.0019888877868652344
139196,normal,3236,1,1782360311.0538793,0.0021669864654541016
139197,normal,3212,1,1782360311.0555649,0.0016856193542480469
139198,normal,2974,0,1782360311.057696,0.002131223678588867
139199,normal,1472,0,1782360311.0596902,0.0019941329956054688
139200,normal,2677,0,1782360311.0617092,0.0020189285278320312
139201,normal,2959,0,1782360311.0637236,0.0020143985748291016
139202,normal,2277,0,1782360311.0657125,0.0019888877868652344
139203,normal,1622,0,1782360311.0675998,0.0018873214721679688
139204,normal,2687,0,1782360311.0697296,0.002129793167114258
139205,normal,3134,1,1782360311.0716138,0.0018842220306396484
139206,normal,3117,1,1782360311.0737085,0.002094745635986328
139207,normal,505,0,1782360311.075749,0.002040386199951172
139208,normal,84,0,1782360311.07784,0.0020911693572998047
139209,normal,804,2,1782360311.0796485,0.0018084049224853516
139210,normal,821,2,1782360311.0817823,0.0021338462829589844
139211,normal,1698,0,1782360311.0837023,0.0019199848175048828
139212,normal,216,0,1782360311.0857527,0.0020503997802734375
139213,normal,2884,0,1782360311.0876935,0.0019407272338867188
139214,normal,2546,0,1782360311.0896885,0.001995086669921875
139215,normal,1577,0,1782360311.0916126,0.0019240379333496094
139216,normal,2106,0,1782360311.0937364,0.0021238327026367188
139217,normal,234,0,1782360311.0957649,0.0020284652709960938
139218,normal,240,0,1782360311.09847,0.002705097198486328
139219,normal,3564,0,1782360311.099915,0.0014450550079345703
139220,normal,3573,0,1782360311.1016114,0.0016963481903076172
139221,normal,292,0,1782360311.1037083,0.002096891403198242
139222,normal,3510,0,1782360311.1058056,0.0020973682403564453
139223,normal,1914,0,1782360311.107763,0.001957416534423828
139224,normal,3400,1,1782360311.1098368,0.0020737648010253906
139225,normal,401,0,1782360311.1117299,0.0018930435180664062
139226,normal,101,0,1782360311.113771,0.0020411014556884766
139227,normal,3415,0,1782360311.1156254,0.0018544197082519531
139228,normal,2621,0,1782360311.1177914,0.0021660327911376953
139229,normal,2061,0,1782360311.1199498,0.0021584033966064453
139230,normal,3319,1,1782360311.121618,0.0016682147979736328
139231,normal,1553,0,1782360311.1237307,0.0021126270294189453
139232,normal,1108,0,1782360311.1257668,0.0020360946655273438
139233,normal,232,0,1782360311.1276782,0.0019114017486572266
139234,normal,2067,0,1782360311.1297123,0.0020341873168945312
139235,normal,1511,0,1782360311.13174,0.002027750015258789
139236,normal,1572,0,1782360311.133684,0.001943826675415039
139237,normal,775,2,1782360311.1357136,0.0020296573638916016
139238,normal,1090,0,1782360311.1377478,0.0020341873168945312
139239,normal,2025,0,1782360311.139695,0.001947164535522461
139240,normal,3348,1,1782360311.1417465,0.0020515918731689453
139241,normal,3374,1,1782360311.1436574,0.0019109249114990234
139242,normal,1749,0,1782360311.1457107,0.0020532608032226562
139243,normal,1119,0,1782360311.147712,0.0020012855529785156
139244,normal,2716,0,1782360311.1497023,0.0019903182983398438
139245,normal,3161,1,1782360311.1517365,0.0020341873168945312
139246,normal,2258,0,1782360311.1537478,0.0020112991333007812
139247,normal,2631,0,1782360311.1557589,0.0020110607147216797
139248,normal,491,0,1782360311.15765,0.0018911361694335938
139249,normal,39,0,1782360311.1597497,0.002099752426147461
139250,normal,1215,0,1782360311.1617615,0.0020117759704589844
139251,normal,3245,1,1782360311.163704,0.0019423961639404297
139252,normal,2359,0,1782360311.165742,0.0020380020141601562
139253,normal,414,0,1782360311.1676903,0.0019483566284179688
139254,normal,754,0,1782360311.1696863,0.0019960403442382812
139255,normal,627,0,1782360311.1717117,0.0020253658294677734
139256,normal,1792,0,1782360311.1737542,0.002042531967163086
139257,normal,1676,0,1782360311.1757312,0.0019769668579101562
139258,normal,1534,0,1782360311.1777623,0.002031087875366211
139259,normal,1060,0,1782360311.1796932,0.0019309520721435547
139260,normal,2362,0,1782360311.1818695,0.0021762847900390625
139261,normal,2320,0,1782360311.1837006,0.0018310546875
139262,normal,3046,1,1782360311.1857917,0.0020911693572998047
139263,normal,1091,0,1782360311.1877573,0.0019655227661132812
139264,normal,1246,0,1782360311.18977,0.0020127296447753906
139265,normal,336,0,1782360311.1915936,0.0018236637115478516
139266,normal,2435,0,1782360311.1936948,0.0021011829376220703
139267,normal,1021,2,1782360311.1956882,0.001993417739868164
139268,normal,3238,1,1782360311.1977797,0.0020914077758789062
139269,normal,2086,0,1782360311.1996973,0.0019176006317138672
139270,normal,3082,1,1782360311.2016819,0.0019845962524414062
139271,normal,1532,0,1782360311.2036889,0.002007007598876953
139272,normal,1394,0,1782360311.2056606,0.001971721649169922
139273,normal,1736,0,1782360311.2076833,0.0020227432250976562
139274,normal,958,2,1782360311.2100997,0.002416372299194336
139275,normal,2213,0,1782360311.2116125,0.001512765884399414
139276,normal,1946,0,1782360311.2139103,0.0022978782653808594
139277,normal,3074,1,1782360311.215579,0.001668691635131836
139278,normal,2252,0,1782360311.2176957,0.002116680145263672
139279,normal,2586,0,1782360311.2197032,0.0020074844360351562
139280,normal,850,2,1782360311.221707,0.002003908157348633
139281,normal,2145,0,1782360311.2237985,0.0020914077758789062
139282,normal,68,0,1782360311.2257564,0.0019578933715820312
139283,normal,621,0,1782360311.2276237,0.0018672943115234375
139284,normal,2673,0,1782360311.2297006,0.002076864242553711
139285,normal,3371,1,1782360311.2317097,0.002009153366088867
139286,normal,2420,0,1782360311.2337255,0.002015829086303711
139287,normal,29,0,1782360311.2356563,0.0019307136535644531
139288,normal,3128,1,1782360311.237707,0.002050638198852539
139289,normal,722,0,1782360311.2397873,0.0020804405212402344
139290,normal,668,0,1782360311.2422347,0.002447366714477539
139291,normal,397,0,1782360311.2439184,0.0016837120056152344
139292,normal,1525,0,1782360311.2459116,0.0019931793212890625
139293,normal,2722,0,1782360311.2477682,0.0018565654754638672
139294,normal,3355,1,1782360311.2500465,0.0022783279418945312
139295,normal,3178,1,1782360311.252038,0.0019915103912353516
139296,normal,3266,1,1782360311.2536027,0.0015647411346435547
139297,normal,2765,0,1782360311.2556953,0.002092599868774414
139298,normal,2579,0,1782360311.2576923,0.0019969940185546875
139299,normal,2611,0,1782360311.25964,0.001947641372680664
139300,normal,2296,0,1782360311.2616782,0.002038240432739258
139301,normal,3506,0,1782360311.2637014,0.0020232200622558594
139302,normal,1567,0,1782360311.2657044,0.0020029544830322266
139303,normal,1115,0,1782360311.2677062,0.0020017623901367188
139304,normal,3338,1,1782360311.269702,0.0019958019256591797
139305,normal,452,0,1782360311.2717109,0.0020089149475097656
139306,normal,3544,0,1782360311.273754,0.002043008804321289
139307,normal,3083,1,1782360311.2757409,0.001986980438232422
139308,normal,44,0,1782360311.2777715,0.002030611038208008
139309,normal,2630,0,1782360311.2796898,0.0019183158874511719
139310,normal,238,0,1782360311.2817397,0.0020499229431152344
139311,normal,2438,0,1782360311.2836397,0.0018999576568603516
139312,normal,1830,0,1782360311.2857883,0.0021486282348632812
139313,normal,1196,0,1782360311.2876227,0.0018343925476074219
139314,normal,173,0,1782360311.289578,0.001955270767211914
139315,normal,3431,0,1782360311.2917247,0.0021467208862304688
139316,normal,2152,0,1782360311.2937074,0.0019826889038085938
139317,normal,1779,0,1782360311.2956944,0.001986980438232422
139318,normal,2656,0,1782360311.2977052,0.002010822296142578
139319,normal,930,2,1782360311.2997136,0.0020084381103515625
139320,normal,2030,0,1782360311.301727,0.0020134449005126953
139321,normal,3382,1,1782360311.3038213,0.002094268798828125
139322,normal,547,0,1782360311.3057559,0.0019345283508300781
139323,normal,2740,0,1782360311.3075976,0.0018417835235595703
139324,normal,3341,1,1782360311.3096983,0.002100706100463867
139325,normal,257,0,1782360311.3117118,0.0020134449005126953
139326,normal,1143,0,1782360311.313698,0.001986265182495117
139327,normal,2860,0,1782360311.315695,0.0019969940185546875
139328,normal,3098,1,1782360311.3177116,0.0020165443420410156
139329,normal,2074,0,1782360311.3197389,0.002027273178100586
139330,normal,2529,0,1782360311.32177,0.002031087875366211
139331,normal,2963,0,1782360311.3236198,0.0018498897552490234
139332,normal,3625,0,1782360311.325784,0.002164125442504883
139333,normal,3424,0,1782360311.3276925,0.0019085407257080078
139334,normal,2749,0,1782360311.3297422,0.002049684524536133
139335,normal,320,0,1782360311.3317676,0.0020253658294677734
139336,normal,2260,0,1782360311.33373,0.001962423324584961
139337,normal,1100,0,1782360311.3356967,0.001966714859008789
139338,normal,380,0,1782360311.3376904,0.0019936561584472656
139339,normal,3030,0,1782360311.339689,0.0019986629486083984
139340,normal,2156,0,1782360311.341819,0.0021300315856933594
139341,normal,3621,0,1782360311.3435907,0.001771688461303711
139342,normal,1743,0,1782360311.3457475,0.0021567344665527344
139343,normal,1562,0,1782360311.347771,0.002023458480834961
139344,normal,334,0,1782360311.349876,0.0021049976348876953
139345,normal,3281,1,1782360311.3517954,0.0019195079803466797
139346,normal,3447,0,1782360311.3537347,0.0019392967224121094
139347,normal,1883,0,1782360311.3557756,0.002040863037109375
139348,normal,2345,0,1782360311.3577707,0.001995086669921875
139349,normal,1289,0,1782360311.3595846,0.0018138885498046875
139350,normal,2098,0,1782360311.36168,0.002095460891723633
139351,normal,2336,0,1782360311.3637047,0.0020246505737304688
139352,normal,797,2,1782360311.3657293,0.0020246505737304688
139353,normal,2463,0,1782360311.3677058,0.001976490020751953
139354,normal,1677,0,1782360311.3696828,0.0019769668579101562
139355,normal,769,0,1782360311.3716817,0.0019989013671875
139356,normal,1138,0,1782360311.3736794,0.001997709274291992
139357,normal,716,0,1782360311.3757005,0.0020210742950439453
139358,normal,2436,0,1782360311.3782928,0.002592325210571289
139359,normal,635,0,1782360311.379871,0.0015780925750732422
139360,normal,1287,0,1782360311.381647,0.0017762184143066406
139361,normal,1623,0,1782360311.3838391,0.0021920204162597656
139362,normal,1441,0,1782360311.385728,0.0018887519836425781
139363,normal,1732,0,1782360311.3877506,0.0020227432250976562
139364,normal,721,0,1782360311.3897297,0.0019791126251220703
139365,normal,2448,0,1782360311.3918407,0.0021109580993652344
139366,normal,648,0,1782360311.3937047,0.0018639564514160156
139367,normal,856,2,1782360311.3956993,0.001994609832763672
139368,normal,573,0,1782360311.3977616,0.0020623207092285156
139369,normal,3294,1,1782360311.3997009,0.0019392967224121094
139370,normal,3468,0,1782360311.4016051,0.0019042491912841797
139371,normal,2082,0,1782360311.4037666,0.0021615028381347656
139372,normal,1380,1,1782360311.405839,0.0020723342895507812
139373,normal,1304,0,1782360311.4076355,0.0017964839935302734
139374,normal,381,0,1782360311.4099047,0.002269268035888672
139375,normal,271,0,1782360311.4117656,0.0018608570098876953
139376,normal,2399,0,1782360311.4137127,0.001947164535522461
139377,normal,2177,0,1782360311.4156084,0.0018956661224365234
139378,normal,1209,0,1782360311.418152,0.0025436878204345703
139379,normal,1423,0,1782360311.4198565,0.0017044544219970703
139380,normal,2055,0,1782360311.4217696,0.0019130706787109375
139381,normal,204,0,1782360311.4240222,0.0022525787353515625
139382,normal,2346,0,1782360311.4259522,0.0019299983978271484
139383,normal,2173,0,1782360311.4277365,0.0017843246459960938
139384,normal,2417,0,1782360311.4298282,0.002091646194458008
139385,normal,630,0,1782360311.4315937,0.0017654895782470703
139386,normal,1666,0,1782360311.4337444,0.0021507740020751953
139387,normal,1381,1,1782360311.435856,0.002111673355102539
139388,normal,1979,0,1782360311.437622,0.0017659664154052734
139389,normal,6,0,1782360311.4397552,0.0021331310272216797
139390,normal,966,2,1782360311.4418259,0.0020706653594970703
139391,normal,1076,0,1782360311.4436114,0.0017855167388916016
139392,normal,1885,0,1782360311.4457805,0.0021691322326660156
139393,normal,1909,0,1782360311.447908,0.002127408981323242
139394,normal,1625,0,1782360311.4497392,0.0018312931060791016
139395,normal,762,0,1782360311.45163,0.0018908977508544922
139396,normal,172,0,1782360311.4538257,0.002195596694946289
139397,normal,1795,0,1782360311.4556513,0.001825571060180664
139398,normal,3228,1,1782360311.457786,0.0021347999572753906
139399,normal,102,0,1782360311.4598763,0.0020902156829833984
139400,normal,1895,0,1782360311.4615862,0.0017099380493164062
139401,normal,2808,0,1782360311.4637287,0.0021424293518066406
139402,normal,2314,0,1782360311.465788,0.0020592212677001953
139403,normal,1669,0,1782360311.467577,0.001789093017578125
139404,normal,1966,0,1782360311.4697137,0.002136707305908203
139405,normal,3412,0,1782360311.47163,0.0019164085388183594
139406,normal,1668,0,1782360311.47375,0.0021200180053710938
139407,normal,3604,0,1782360311.4756052,0.0018551349639892578
139408,normal,103,0,1782360311.4779282,0.0023229122161865234
139409,normal,3111,1,1782360311.4795976,0.0016694068908691406
139410,normal,669,0,1782360311.4817607,0.0021631717681884766
139411,normal,2130,0,1782360311.483761,0.0020003318786621094
139412,normal,944,2,1782360311.4855702,0.0018091201782226562
139413,normal,472,0,1782360311.4877634,0.0021932125091552734
139414,normal,3436,0,1782360311.4897647,0.0020012855529785156
139415,normal,3059,1,1782360311.491601,0.0018362998962402344
139416,normal,3049,1,1782360311.493782,0.0021810531616210938
139417,normal,117,0,1782360311.4958472,0.0020651817321777344
139418,normal,453,0,1782360311.4976892,0.0018420219421386719
139419,normal,2655,0,1782360311.4996092,0.0019199848175048828
139420,normal,1628,0,1782360311.5017824,0.002173185348510742
139421,normal,533,0,1782360311.503598,0.0018155574798583984
139422,normal,3257,1,1782360311.505743,0.002145051956176758
139423,normal,764,0,1782360311.5077643,0.002021312713623047
139424,normal,1965,0,1782360311.5095646,0.0018002986907958984
139425,normal,1307,0,1782360311.5117562,0.0021915435791015625
139426,normal,0,0,1782360311.5138075,0.0020513534545898438
139427,normal,1661,0,1782360311.5156493,0.0018417835235595703
139428,normal,2817,0,1782360311.5177736,0.002124309539794922
139429,normal,2646,0,1782360311.519817,0.002043485641479492
139430,normal,2319,0,1782360311.5217304,0.001913309097290039
139431,normal,803,2,1782360311.52386,0.0021295547485351562
139432,normal,1849,0,1782360311.525884,0.002023935317993164
139433,normal,2779,0,1782360311.5277724,0.0018885135650634766
139434,normal,45,0,1782360311.5296738,0.001901388168334961
139435,normal,2387,0,1782360311.531754,0.002080202102661133
139436,normal,2273,0,1782360311.5335596,0.0018055438995361328
139437,normal,2042,0,1782360311.5357502,0.0021905899047851562
139438,normal,2361,0,1782360311.5378227,0.002072572708129883
139439,normal,374,0,1782360311.5395684,0.0017457008361816406
139440,normal,2997,0,1782360311.5417624,0.002193927764892578
139441,normal,2770,0,1782360311.543746,0.001983642578125
139442,normal,2132,0,1782360311.545557,0.0018110275268554688
139443,normal,1223,0,1782360311.54776,0.0022029876708984375
139444,normal,1340,1,1782360311.549763,0.0020029544830322266
139445,normal,2541,0,1782360311.5518177,0.0020546913146972656
139446,normal,63,0,1782360311.5537114,0.001893758773803711
139447,normal,475,0,1782360311.556003,0.0022916793823242188
139448,normal,2440,0,1782360311.5576143,0.0016112327575683594
139449,normal,2896,0,1782360311.5597327,0.002118349075317383
139450,normal,1167,0,1782360311.5617745,0.0020418167114257812
139451,normal,688,0,1782360311.563584,0.0018095970153808594
139452,normal,1134,0,1782360311.5657814,0.002197265625
139453,normal,1329,1,1782360311.5679939,0.0022125244140625
139454,normal,368,0,1782360311.5695646,0.0015707015991210938
139455,normal,1874,0,1782360311.571746,0.002181529998779297
139456,normal,2571,0,1782360311.5737524,0.0020062923431396484
139457,normal,847,2,1782360311.5755718,0.0018193721771240234
139458,normal,3439,0,1782360311.577732,0.002160310745239258
139459,normal,1095,0,1782360311.5797791,0.0020470619201660156
139460,normal,3614,0,1782360311.58158,0.0018007755279541016
139461,normal,2760,0,1782360311.5837717,0.002191781997680664
139462,normal,1413,0,1782360311.5857897,0.002017974853515625
139463,normal,157,0,1782360311.5875762,0.0017864704132080078
139464,normal,1823,0,1782360311.5898514,0.002275228500366211
139465,normal,2461,0,1782360311.5917947,0.001943349838256836
139466,normal,619,0,1782360311.5937436,0.0019488334655761719
139467,normal,1645,0,1782360311.5956936,0.0019500255584716797
139468,normal,4,0,1782360311.5982344,0.0025408267974853516
139469,normal,1388,0,1782360311.5997453,0.0015108585357666016
139470,normal,1789,0,1782360311.6015892,0.0018439292907714844
139471,normal,2560,0,1782360311.6037521,0.002162933349609375
139472,normal,1254,0,1782360311.605584,0.0018317699432373047
139473,normal,3339,1,1782360311.607803,0.0022192001342773438
139474,normal,526,0,1782360311.6097412,0.0019381046295166016
139475,normal,3071,1,1782360311.6117024,0.001961231231689453
139476,normal,3364,1,1782360311.613796,0.0020935535430908203
139477,normal,1910,0,1782360311.615843,0.0020470619201660156
139478,normal,2428,0,1782360311.6175737,0.0017306804656982422
139479,normal,2665,0,1782360311.620054,0.0024802684783935547
139480,normal,1517,0,1782360311.6220446,0.0019905567169189453
139481,normal,3344,1,1782360311.62377,0.0017254352569580078
139482,normal,730,0,1782360311.6256979,0.0019278526306152344
139483,normal,3381,1,1782360311.6278281,0.002130270004272461
139484,normal,439,0,1782360311.6296952,0.001867055892944336
139485,normal,317,0,1782360311.631683,0.001987934112548828
139486,normal,3196,1,1782360311.6338363,0.002153158187866211
139487,normal,2482,0,1782360311.6359754,0.0021390914916992188
139488,normal,2596,0,1782360311.6375902,0.0016148090362548828
139489,normal,1997,0,1782360311.6397917,0.002201557159423828
139490,normal,3515,0,1782360311.641594,0.001802206039428711
139491,normal,1725,0,1782360311.6437476,0.002153635025024414
139492,normal,123,0,1782360311.6457665,0.0020189285278320312
139493,normal,1917,0,1782360311.6475906,0.0018241405487060547
139494,normal,1291,0,1782360311.6497498,0.00215911865234375
139495,normal,1203,0,1782360311.6517696,0.0020198822021484375
139496,normal,984,2,1782360311.653763,0.001993417739868164
139497,normal,2952,0,1782360311.6555867,0.0018236637115478516
139498,normal,1838,0,1782360311.6577976,0.002210855484008789
139499,normal,1491,0,1782360311.659615,0.001817464828491211
139500,normal,3395,1,1782360311.6617298,0.0021147727966308594
139501,normal,789,2,1782360311.6637404,0.0020105838775634766
139502,normal,2395,0,1782360311.6657798,0.0020394325256347656
139503,normal,2791,0,1782360311.6677554,0.001975536346435547
139504,normal,2259,0,1782360311.6698964,0.0021409988403320312
139505,normal,1194,0,1782360311.671959,0.002062559127807617
139506,normal,3617,0,1782360311.6736214,0.0016624927520751953
139507,normal,3242,1,1782360311.675874,0.0022525787353515625
139508,normal,2426,0,1782360311.6778576,0.001983642578125
139509,normal,2294,0,1782360311.6795933,0.001735687255859375
139510,normal,1282,0,1782360311.681817,0.0022237300872802734
139511,normal,386,0,1782360311.6837137,0.0018966197967529297
139512,normal,462,0,1782360311.685816,0.002102375030517578
139513,normal,3145,1,1782360311.6877363,0.0019202232360839844
139514,normal,607,0,1782360311.6898298,0.0020935535430908203
139515,normal,2164,0,1782360311.6917717,0.0019419193267822266
139516,normal,3164,1,1782360311.6939456,0.002173900604248047
139517,normal,2802,0,1782360311.6957965,0.0018508434295654297
139518,normal,3605,0,1782360311.697901,0.002104520797729492
139519,normal,3148,1,1782360311.699767,0.0018661022186279297
139520,normal,2712,0,1782360311.701948,0.002180814743041992
139521,normal,988,2,1782360311.7037456,0.0017976760864257812
139522,normal,2284,0,1782360311.7058923,0.0021467208862304688
139523,normal,1044,0,1782360311.7077248,0.0018324851989746094
139524,normal,2141,0,1782360311.709814,0.002089262008666992
139525,normal,2961,0,1782360311.7116966,0.0018825531005859375
139526,normal,1739,0,1782360311.7139428,0.0022461414337158203
139527,normal,588,0,1782360311.7156074,0.0016646385192871094
139528,normal,2652,0,1782360311.7178168,0.0022094249725341797
139529,normal,1786,0,1782360311.7196999,0.0018830299377441406
139530,normal,3330,1,1782360311.7217298,0.002029895782470703
139531,normal,3607,0,1782360311.7238636,0.0021338462829589844
139532,normal,2110,0,1782360311.7261932,0.002329587936401367
139533,normal,2614,0,1782360311.7276568,0.0014636516571044922
139534,normal,1118,0,1782360311.7300773,0.0024204254150390625
139535,normal,1468,0,1782360311.7315989,0.0015215873718261719
139536,normal,1877,0,1782360311.7338312,0.0022323131561279297
139537,normal,3648,0,1782360311.7357316,0.0019004344940185547
139538,normal,2415,0,1782360311.737847,0.002115488052368164
139539,normal,3298,1,1782360311.7398536,0.00200653076171875
139540,normal,1802,0,1782360311.7418194,0.001965761184692383
139541,normal,839,2,1782360311.7436347,0.0018153190612792969
139542,normal,1375,1,1782360311.7458308,0.002196073532104492
139543,normal,2200,0,1782360311.7477229,0.00189208984375
139544,normal,1875,0,1782360311.7498343,0.0021114349365234375
139545,normal,3199,1,1782360311.7517128,0.001878499984741211
139546,normal,3535,0,1782360311.7539132,0.0022003650665283203
139547,normal,1884,0,1782360311.7561018,0.0021886825561523438
139548,normal,1781,0,1782360311.758407,0.002305269241333008
139549,normal,2352,0,1782360311.7600188,0.0016117095947265625
139550,normal,3700,0,1782360311.762174,0.0021550655364990234
139551,normal,2135,0,1782360311.763872,0.0016980171203613281
139552,normal,2058,0,1782360311.7660134,0.0021414756774902344
139553,normal,1040,0,1782360311.7677534,0.0017399787902832031
139554,normal,215,0,1782360311.7695665,0.0018131732940673828
139555,normal,511,0,1782360311.7715685,0.0020020008087158203
139556,normal,3166,1,1782360311.773566,0.0019974708557128906
139557,normal,2936,0,1782360311.7757702,0.0022041797637939453
139558,normal,834,2,1782360311.7777603,0.001990079879760742
139559,normal,110,0,1782360311.7796073,0.0018470287322998047
139560,normal,3402,0,1782360311.781745,0.0021376609802246094
139561,normal,391,0,1782360311.7837842,0.002039194107055664
139562,normal,2424,0,1782360311.7855844,0.0018002986907958984
139563,normal,674,0,1782360311.7877276,0.0021431446075439453
139564,normal,3312,1,1782360311.789797,0.0020694732666015625
139565,normal,2357,0,1782360311.7916512,0.0018541812896728516
139566,normal,1956,0,1782360311.7938075,0.0021562576293945312
139567,normal,3366,1,1782360311.7957854,0.0019779205322265625
139568,normal,3577,0,1782360311.7976074,0.0018219947814941406
139569,normal,3532,0,1782360311.7997785,0.002171039581298828
139570,normal,527,0,1782360311.8018496,0.0020711421966552734
139571,normal,203,0,1782360311.8037007,0.0018510818481445312
139572,normal,1361,1,1782360311.805591,0.001890420913696289
139573,normal,3337,1,1782360311.8077567,0.002165555953979492
139574,normal,72,0,1782360311.809582,0.0018253326416015625
139575,normal,3562,0,1782360311.8117678,0.002185821533203125
139576,normal,2100,0,1782360311.8137782,0.002010345458984375
139577,normal,2890,0,1782360311.8155963,0.0018181800842285156
139578,normal,3554,0,1782360311.8177469,0.0021505355834960938
139579,normal,3432,0,1782360311.8197863,0.0020394325256347656
139580,normal,3661,0,1782360311.8216343,0.001847982406616211
139581,normal,3534,0,1782360311.8237593,0.0021250247955322266
139582,normal,935,2,1782360311.8257596,0.0020003318786621094
139583,normal,996,2,1782360311.827578,0.0018184185028076172
139584,normal,1147,0,1782360311.8297296,0.0021514892578125
139585,normal,3679,0,1782360311.831765,0.002035379409790039
139586,normal,1106,0,1782360311.8335748,0.001809835433959961
139587,normal,1332,1,1782360311.835799,0.0022242069244384766
139588,normal,2007,0,1782360311.8378212,0.002022266387939453
139589,normal,941,2,1782360311.8396528,0.0018315315246582031
139590,normal,732,0,1782360311.8418245,0.002171754837036133
139591,normal,2899,0,1782360311.8436787,0.0018541812896728516
139592,normal,2530,0,1782360311.8459117,0.0022330284118652344
139593,normal,2840,0,1782360311.8478334,0.0019216537475585938
139594,normal,89,0,1782360311.8509922,0.0031588077545166016
139595,normal,146,0,1782360311.851706,0.0007138252258300781
139596,normal,626,0,1782360311.853835,0.002129077911376953
139597,normal,2079,0,1782360311.8555334,0.0016982555389404297
139598,normal,1769,0,1782360311.8576097,0.002076387405395508
139599,normal,114,0,1782360311.8595347,0.0019249916076660156
139600,normal,1682,0,1782360311.8616521,0.0021173954010009766
139601,normal,3193,1,1782360311.8637204,0.0020682811737060547
139602,normal,2917,0,1782360311.8656008,0.0018804073333740234
139603,normal,2263,0,1782360311.867719,0.0021181106567382812
139604,normal,3673,0,1782360311.8697062,0.0019872188568115234
139605,normal,2669,0,1782360311.8723292,0.0026230812072753906
139606,normal,2394,0,1782360311.8737285,0.0013992786407470703
139607,normal,3496,0,1782360311.8759465,0.002218008041381836
139608,normal,2439,0,1782360311.877756,0.0018095970153808594
139609,normal,1464,0,1782360311.8801973,0.0024411678314208984
139610,normal,1925,0,1782360311.8816242,0.0014269351959228516
139611,normal,280,0,1782360311.8836527,0.0020284652709960938
139612,normal,1467,0,1782360311.8856423,0.001989603042602539
139613,normal,1959,0,1782360311.8876376,0.0019953250885009766
139614,normal,2732,0,1782360311.8896558,0.0020182132720947266
139615,normal,2517,0,1782360311.8917863,0.0021305084228515625
139616,normal,1267,0,1782360311.893684,0.001897573471069336
139617,normal,512,0,1782360311.8956108,0.0019268989562988281
139618,normal,1318,0,1782360311.8976183,0.0020074844360351562
139619,normal,1121,0,1782360311.8996208,0.0020024776458740234
139620,normal,612,0,1782360311.9016092,0.0019884109497070312
139621,normal,2904,0,1782360311.9039738,0.002364635467529297
139622,normal,1524,0,1782360311.9059792,0.002005338668823242
139623,normal,2797,0,1782360311.9077358,0.0017566680908203125
139624,normal,1297,0,1782360311.9096184,0.0018825531005859375
139625,normal,2693,0,1782360311.9116309,0.002012491226196289
139626,normal,1573,0,1782360311.9136195,0.001988649368286133
139627,normal,3430,0,1782360311.9155953,0.0019757747650146484
139628,normal,3629,0,1782360311.917694,0.0020987987518310547
139629,normal,1612,0,1782360311.9198308,0.002136707305908203
139630,normal,3457,0,1782360311.9215653,0.0017344951629638672
139631,normal,387,0,1782360311.923599,0.002033710479736328
139632,normal,1941,0,1782360311.9255772,0.001978158950805664
139633,normal,1932,0,1782360311.9275935,0.002016305923461914
139634,normal,2570,0,1782360311.9296076,0.00201416015625
139635,normal,2441,0,1782360311.9319592,0.002351522445678711
139636,normal,1879,0,1782360311.9337072,0.0017480850219726562
139637,normal,1049,0,1782360311.9356852,0.0019779205322265625
139638,normal,3475,0,1782360311.9377024,0.0020172595977783203
139639,normal,3346,1,1782360311.9398377,0.0021352767944335938
139640,normal,1347,1,1782360311.9417858,0.0019481182098388672
139641,normal,723,0,1782360311.9437714,0.0019855499267578125
139642,normal,2691,0,1782360311.9456255,0.0018541812896728516
139643,normal,2369,0,1782360311.9480178,0.002392292022705078
139644,normal,936,2,1782360311.949701,0.0016832351684570312
139645,normal,1484,0,1782360311.9517865,0.002085447311401367
139646,normal,1271,0,1782360311.9539545,0.002167940139770508
139647,normal,773,2,1782360311.9560838,0.0021293163299560547
139648,normal,947,2,1782360311.95787,0.0017862319946289062
139649,normal,2307,0,1782360311.9599113,0.002041339874267578
139650,normal,3192,1,1782360311.9617543,0.0018429756164550781
139651,normal,1788,0,1782360311.9638457,0.0020914077758789062
139652,normal,986,2,1782360311.966237,0.002391338348388672
139653,normal,3696,0,1782360311.967638,0.0014009475708007812
139654,normal,1409,0,1782360311.9698389,0.0022008419036865234
139655,normal,3150,1,1782360311.9717665,0.0019276142120361328
139656,normal,2672,0,1782360311.9737074,0.0019409656524658203
139657,normal,784,2,1782360311.9758503,0.0021429061889648438
139658,normal,1881,0,1782360311.9778051,0.001954793930053711
139659,normal,565,0,1782360311.9799302,0.0021250247955322266
139660,normal,686,0,1782360311.981904,0.001973867416381836
139661,normal,1359,1,1782360311.9837048,0.0018007755279541016
139662,normal,3104,1,1782360311.9858904,0.0021855831146240234
139663,normal,2766,0,1782360311.9878814,0.0019910335540771484
139664,normal,2659,0,1782360311.9898527,0.0019712448120117188
139665,normal,1466,0,1782360311.991898,0.0020453929901123047
139666,normal,3041,0,1782360311.993858,0.0019600391387939453
139667,normal,916,2,1782360311.9957364,0.0018782615661621094
139668,normal,411,0,1782360311.9977596,0.0020232200622558594
139669,normal,2600,0,1782360311.9997923,0.002032756805419922
139670,normal,2239,0,1782360312.0016787,0.0018863677978515625
139671,normal,1987,0,1782360312.0039182,0.0022394657135009766
139672,normal,2053,0,1782360312.0057962,0.0018780231475830078
139673,normal,22,0,1782360312.0076451,0.0018489360809326172
139674,normal,1283,0,1782360312.0099726,0.002327442169189453
139675,normal,1434,0,1782360312.0118623,0.0018897056579589844
139676,normal,3102,1,1782360312.013649,0.0017867088317871094
139677,normal,3450,0,1782360312.015699,0.0020499229431152344
139678,normal,2891,0,1782360312.0176177,0.001918792724609375
139679,normal,554,0,1782360312.0195827,0.001965045928955078
139680,normal,3335,1,1782360312.021611,0.002028226852416992
139681,normal,3474,0,1782360312.0235908,0.001979827880859375
139682,normal,1644,0,1782360312.025649,0.002058267593383789
139683,normal,3309,1,1782360312.027651,0.0020020008087158203
139684,normal,3414,0,1782360312.0297365,0.002085447311401367
139685,normal,1425,0,1782360312.0317683,0.0020318031311035156
139686,normal,2792,0,1782360312.0338101,0.0020418167114257812
139687,normal,1856,0,1782360312.0357513,0.0019412040710449219
139688,normal,1269,0,1782360312.0377219,0.001970529556274414
139689,normal,3586,0,1782360312.0396488,0.0019268989562988281
139690,normal,2715,0,1782360312.0416415,0.0019927024841308594
139691,normal,3647,0,1782360312.0437365,0.0020949840545654297
139692,normal,218,0,1782360312.0456233,0.0018868446350097656
139693,normal,664,0,1782360312.0476296,0.0020062923431396484
139694,normal,2087,0,1782360312.049572,0.0019423961639404297
139695,normal,345,0,1782360312.051571,0.0019989013671875
139696,normal,3569,0,1782360312.053886,0.002315044403076172
139697,normal,3633,0,1782360312.0555978,0.0017118453979492188
139698,normal,278,0,1782360312.0577846,0.0021867752075195312
139699,normal,329,0,1782360312.0598283,0.0020437240600585938
139700,normal,2427,0,1782360312.0618837,0.0020554065704345703
139701,normal,3087,1,1782360312.0640142,0.0021305084228515625
139702,normal,2037,0,1782360312.065806,0.0017917156219482422
139703,normal,3012,0,1782360312.067831,0.002025127410888672
139704,normal,440,0,1782360312.0699337,0.0021026134490966797
139705,normal,1646,0,1782360312.0717769,0.0018432140350341797
139706,normal,957,2,1782360312.0738964,0.0021195411682128906
139707,normal,1306,0,1782360312.0756977,0.0018012523651123047
139708,normal,147,0,1782360312.0776026,0.0019049644470214844
139709,normal,2977,0,1782360312.0795617,0.001959085464477539
139710,normal,1626,0,1782360312.0815506,0.0019888877868652344
139711,normal,897,2,1782360312.0836027,0.0020520687103271484
139712,normal,3416,0,1782360312.0858,0.002197265625
139713,normal,3375,1,1782360312.0876024,0.0018024444580078125
139714,normal,2227,0,1782360312.089545,0.0019426345825195312
139715,normal,2992,0,1782360312.091539,0.001993894577026367
139716,normal,3187,1,1782360312.0935476,0.002008676528930664
139717,normal,822,2,1782360312.095565,0.002017498016357422
139718,normal,35,0,1782360312.0980103,0.002445220947265625
139719,normal,3323,1,1782360312.1001637,0.0021533966064453125
139720,normal,786,2,1782360312.1021516,0.001987934112548828
139721,normal,2029,0,1782360312.1037745,0.001622915267944336
139722,normal,105,0,1782360312.1056547,0.0018801689147949219
139723,normal,2945,0,1782360312.1078024,0.002147674560546875
139724,normal,2105,0,1782360312.109608,0.0018055438995361328
139725,normal,3646,0,1782360312.1115856,0.001977682113647461
139726,normal,2789,0,1782360312.1136577,0.0020720958709716797
139727,normal,2140,0,1782360312.1158154,0.0021576881408691406
139728,normal,1683,0,1782360312.117621,0.0018055438995361328
139729,normal,1928,0,1782360312.119738,0.002117156982421875
139730,normal,3333,1,1782360312.1218917,0.002153635025024414
139731,normal,296,0,1782360312.123575,0.0016832351684570312
139732,normal,3490,0,1782360312.1258407,0.0022656917572021484
139733,normal,964,2,1782360312.1276593,0.0018186569213867188
139734,normal,1506,0,1782360312.129827,0.0021677017211914062
139735,normal,2735,0,1782360312.1317244,0.0018973350524902344
139736,normal,3096,1,1782360312.13369,0.001965761184692383
139737,normal,1426,0,1782360312.1356266,0.0019364356994628906
139738,normal,859,2,1782360312.1376188,0.0019922256469726562
139739,normal,2370,0,1782360312.1399677,0.0023488998413085938
139740,normal,168,0,1782360312.1417446,0.0017769336700439453
139741,normal,250,0,1782360312.1435938,0.0018491744995117188
139742,normal,1377,1,1782360312.1457705,0.0021767616271972656
139743,normal,221,0,1782360312.148071,0.0023005008697509766
139744,normal,230,0,1782360312.1499352,0.0018641948699951172
139745,normal,321,0,1782360312.1519723,0.00203704833984375
139746,normal,2189,0,1782360312.153923,0.0019507408142089844
139747,normal,1614,0,1782360312.1558342,0.001911163330078125
139748,normal,1926,0,1782360312.157706,0.0018718242645263672
139749,normal,2554,0,1782360312.159884,0.0021779537200927734
139750,normal,3084,1,1782360312.1618366,0.0019526481628417969
139751,normal,3143,1,1782360312.1637785,0.0019419193267822266
139752,normal,150,0,1782360312.1659718,0.0021932125091552734
139753,normal,2725,0,1782360312.168073,0.0021011829376220703
139754,normal,1663,0,1782360312.169974,0.0019011497497558594
139755,normal,213,0,1782360312.1716464,0.0016722679138183594
139756,normal,2232,0,1782360312.1738133,0.0021669864654541016
139757,normal,1994,0,1782360312.1760585,0.002245187759399414
139758,normal,2893,0,1782360312.1781375,0.002079010009765625
139759,normal,2108,0,1782360312.1801748,0.0020372867584228516
139760,normal,1759,0,1782360312.1823301,0.002155303955078125
139761,normal,2774,0,1782360312.1837714,0.0014412403106689453
139762,normal,1461,0,1782360312.1859448,0.0021734237670898438
139763,normal,3654,0,1782360312.187711,0.001766204833984375
139764,normal,3619,0,1782360312.1898425,0.0021314620971679688
139765,normal,1999,0,1782360312.1919374,0.0020949840545654297
139766,normal,714,0,1782360312.1938627,0.0019252300262451172
139767,normal,1662,0,1782360312.1959746,0.0021119117736816406
139768,normal,1085,0,1782360312.1982558,0.00228118896484375
139769,normal,1860,0,1782360312.2006152,0.0023593902587890625
139770,normal,3491,0,1782360312.201621,0.0010058879852294922
139771,normal,586,0,1782360312.2037659,0.0021448135375976562
139772,normal,2388,0,1782360312.2057033,0.0019373893737792969
139773,normal,677,0,1782360312.2078578,0.0021545886993408203
139774,normal,484,0,1782360312.209784,0.0019261837005615234
139775,normal,3227,1,1782360312.2116547,0.0018706321716308594
139776,normal,2348,0,1782360312.2137234,0.002068758010864258
139777,normal,2236,0,1782360312.2156067,0.0018832683563232422
139778,normal,2008,0,1782360312.217742,0.0021352767944335938
139779,normal,841,2,1782360312.2196538,0.0019118785858154297
139780,normal,142,0,1782360312.2216396,0.001985788345336914
139781,normal,3224,1,1782360312.2236154,0.0019757747650146484
139782,normal,1231,0,1782360312.2255988,0.0019834041595458984
139783,normal,2941,0,1782360312.2275977,0.0019989013671875
139784,normal,1009,2,1782360312.2295961,0.001998424530029297
139785,normal,873,2,1782360312.2317472,0.002151012420654297
139786,normal,1985,0,1782360312.233599,0.001851797103881836
139787,normal,1107,0,1782360312.235616,0.0020170211791992188
139788,normal,670,0,1782360312.2376468,0.0020308494567871094
139789,normal,2521,0,1782360312.2398372,0.0021903514862060547
139790,normal,2757,0,1782360312.241701,0.001863718032836914
139791,normal,2050,0,1782360312.2437432,0.0020422935485839844
139792,normal,3095,1,1782360312.2457283,0.0019850730895996094
139793,normal,480,0,1782360312.2478762,0.0021479129791259766
139794,normal,164,0,1782360312.2495706,0.0016944408416748047
139795,normal,886,2,1782360312.2515614,0.001990795135498047
139796,normal,933,2,1782360312.2535634,0.0020020008087158203
139797,normal,405,0,1782360312.255636,0.002072572708129883
139798,normal,438,0,1782360312.2578464,0.002210378646850586
139799,normal,2727,0,1782360312.2597463,0.0018999576568603516
139800,normal,2745,0,1782360312.2616034,0.0018570423126220703
139801,normal,2305,0,1782360312.2638245,0.0022211074829101562
139802,normal,182,0,1782360312.2656581,0.0018336772918701172
139803,normal,1088,0,1782360312.2677522,0.0020940303802490234
139804,normal,3169,1,1782360312.270143,0.0023908615112304688
139805,normal,524,0,1782360312.2717476,0.0016045570373535156
139806,normal,1327,1,1782360312.273596,0.001848459243774414
139807,normal,802,2,1782360312.2760084,0.0024123191833496094
139808,normal,2805,0,1782360312.2778888,0.0018804073333740234
139809,normal,800,2,1782360312.2799869,0.00209808349609375
139810,normal,3311,1,1782360312.2816014,0.0016145706176757812
139811,normal,1921,0,1782360312.2837083,0.002106904983520508
139812,normal,3352,1,1782360312.2856104,0.0019021034240722656
139813,normal,3109,1,1782360312.2877436,0.0021331310272216797
139814,normal,2625,0,1782360312.2895386,0.001795053482055664
139815,normal,151,0,1782360312.2916367,0.00209808349609375
139816,normal,1149,0,1782360312.2935958,0.001959085464477539
139817,normal,371,0,1782360312.295807,0.0022110939025878906
139818,normal,3259,1,1782360312.2975945,0.0017876625061035156
139819,normal,890,2,1782360312.2997878,0.0021932125091552734
139820,normal,2499,0,1782360312.3015485,0.001760721206665039
139821,normal,3092,1,1782360312.3038876,0.0023391246795654297
139822,normal,3230,1,1782360312.3057435,0.0018558502197265625
139823,normal,348,0,1782360312.307618,0.0018744468688964844
139824,normal,2800,0,1782360312.309651,0.0020329952239990234
139825,normal,1973,0,1782360312.3121016,0.002450704574584961
139826,normal,845,2,1782360312.314003,0.001901388168334961
139827,normal,2397,0,1782360312.3157349,0.00173187255859375
139828,normal,620,0,1782360312.3176196,0.0018846988677978516
139829,normal,2454,0,1782360312.319613,0.001993417739868164
139830,normal,466,0,1782360312.3219197,0.002306699752807617
139831,normal,1938,0,1782360312.3236778,0.0017580986022949219
139832,normal,712,0,1782360312.3256783,0.002000570297241211
139833,normal,3686,0,1782360312.3279467,0.0022683143615722656
139834,normal,178,0,1782360312.3296893,0.0017426013946533203
139835,normal,675,0,1782360312.3316133,0.0019240379333496094
139836,normal,2123,0,1782360312.333608,0.001994609832763672
139837,normal,3039,0,1782360312.3356137,0.0020058155059814453
139838,normal,903,2,1782360312.338132,0.002518177032470703
139839,normal,2206,0,1782360312.3398192,0.0016872882843017578
139840,normal,3437,0,1782360312.3430505,0.0032312870025634766
139841,normal,2398,0,1782360312.3443527,0.0013022422790527344
139842,normal,801,2,1782360312.346221,0.0018682479858398438
139843,normal,3426,0,1782360312.3481748,0.0019538402557373047
139844,normal,3043,0,1782360312.350013,0.0018382072448730469
139845,normal,3682,0,1782360312.3524785,0.002465486526489258
139846,normal,869,2,1782360312.3543718,0.0018932819366455078
139847,normal,939,2,1782360312.35584,0.0014681816101074219
139848,normal,1195,0,1782360312.3576965,0.0018565654754638672
139849,normal,322,0,1782360312.3596485,0.0019519329071044922
139850,normal,2191,0,1782360312.3621163,0.0024678707122802734
139851,normal,223,0,1782360312.3639102,0.0017938613891601562
139852,normal,61,0,1782360312.3659055,0.0019953250885009766
139853,normal,3500,0,1782360312.3677404,0.001834869384765625
139854,normal,2932,0,1782360312.3702717,0.002531290054321289
139855,normal,2459,0,1782360312.3720868,0.0018150806427001953
139856,normal,133,0,1782360312.3738973,0.0018105506896972656
139857,normal,1680,0,1782360312.375874,0.0019767284393310547
139858,normal,2601,0,1782360312.3777661,0.00189208984375
139859,normal,2168,0,1782360312.3796532,0.0018870830535888672
139860,normal,1878,0,1782360312.3819,0.002246856689453125
139861,normal,644,0,1782360312.383854,0.0019538402557373047
139862,normal,3047,1,1782360312.385748,0.0018939971923828125
139863,normal,2756,0,1782360312.3877976,0.002049684524536133
139864,normal,1591,0,1782360312.389784,0.0019865036010742188
139865,normal,423,0,1782360312.3917954,0.0020112991333007812
139866,normal,1761,0,1782360312.393932,0.002136707305908203
139867,normal,3060,1,1782360312.395918,0.001985788345336914
139868,normal,3659,0,1782360312.3978436,0.0019257068634033203
139869,normal,2612,0,1782360312.3998048,0.001961231231689453
139870,normal,2662,0,1782360312.4017751,0.0019702911376953125
139871,normal,3170,1,1782360312.4037435,0.0019683837890625
139872,normal,704,0,1782360312.4058845,0.0021409988403320312
139873,normal,1343,1,1782360312.4078875,0.0020029544830322266
139874,normal,46,0,1782360312.4097404,0.0018529891967773438
139875,normal,28,0,1782360312.4117362,0.0019958019256591797
139876,normal,1154,0,1782360312.4138005,0.002064228057861328
139877,normal,2510,0,1782360312.415656,0.001855611801147461
139878,normal,2293,0,1782360312.4178965,0.002240419387817383
139879,normal,1447,0,1782360312.4197736,0.0018770694732666016
139880,normal,2048,0,1782360312.4216375,0.0018639564514160156
139881,normal,3018,0,1782360312.4237628,0.002125263214111328
139882,normal,2526,0,1782360312.4258099,0.0020470619201660156
139883,normal,965,2,1782360312.4276147,0.0018048286437988281
139884,normal,1684,0,1782360312.4297593,0.0021445751190185547
139885,normal,2985,0,1782360312.4318998,0.002140522003173828
139886,normal,2801,0,1782360312.4337451,0.0018453598022460938
139887,normal,1617,0,1782360312.435842,0.002096891403198242
139888,normal,2445,0,1782360312.4377832,0.0019412040710449219
139889,normal,202,0,1782360312.4397013,0.0019180774688720703
139890,normal,470,0,1782360312.4418354,0.002134084701538086
139891,normal,3460,0,1782360312.443822,0.0019865036010742188
139892,normal,843,2,1782360312.445886,0.0020639896392822266
139893,normal,1813,0,1782360312.447747,0.0018610954284667969
139894,normal,2773,0,1782360312.4499192,0.002172231674194336
139895,normal,3025,0,1782360312.4517431,0.0018239021301269531
139896,normal,2036,0,1782360312.4537246,0.001981496810913086
139897,normal,508,0,1782360312.4558496,0.0021250247955322266
139898,normal,622,0,1782360312.457745,0.0018954277038574219
139899,normal,2927,0,1782360312.4597323,0.0019872188568115234
139900,normal,3002,0,1782360312.4617634,0.002031087875366211
139901,normal,3268,1,1782360312.4638255,0.002062082290649414
139902,normal,2243,0,1782360312.4657423,0.0019168853759765625
139903,normal,2984,0,1782360312.467786,0.0020437240600585938
139904,normal,1184,0,1782360312.4697566,0.001970529556274414
139905,normal,2552,0,1782360312.471752,0.0019953250885009766
139906,normal,2658,0,1782360312.473819,0.002067089080810547
139907,normal,2990,0,1782360312.475935,0.002115964889526367
139908,normal,3408,0,1782360312.477953,0.002017974853515625
139909,normal,419,0,1782360312.4798245,0.0018715858459472656
139910,normal,136,0,1782360312.4818199,0.0019953250885009766
139911,normal,3072,1,1782360312.483805,0.0019850730895996094
139912,normal,2452,0,1782360312.486211,0.0024061203002929688
139913,normal,3237,1,1782360312.4878318,0.0016207695007324219
139914,normal,756,0,1782360312.489853,0.0020210742950439453
139915,normal,2212,0,1782360312.4917066,0.0018537044525146484
139916,normal,3302,1,1782360312.4937458,0.002039194107055664
139917,normal,3549,0,1782360312.4956477,0.001901865005493164
139918,normal,2409,0,1782360312.4978435,0.0021958351135253906
139919,normal,2933,0,1782360312.4997947,0.0019512176513671875
139920,normal,3465,0,1782360312.5016968,0.0019021034240722656
139921,normal,904,2,1782360312.50387,0.002173185348510742
139922,normal,1608,0,1782360312.5059338,0.002063751220703125
139923,normal,2976,0,1782360312.507842,0.0019083023071289062
139924,normal,3301,1,1782360312.5096946,0.0018525123596191406
139925,normal,3542,0,1782360312.5116239,0.0019292831420898438
139926,normal,719,0,1782360312.513571,0.001947164535522461
139927,normal,1228,0,1782360312.5157852,0.002214193344116211
139928,normal,2545,0,1782360312.5175872,0.0018019676208496094
139929,normal,1903,0,1782360312.5196152,0.0020279884338378906
139930,normal,197,0,1782360312.5222118,0.002596616744995117
139931,normal,2247,0,1782360312.5240011,0.0017893314361572266
139932,normal,605,0,1782360312.5256937,0.0016925334930419922
139933,normal,880,2,1782360312.5276585,0.0019648075103759766
139934,normal,2207,0,1782360312.5295756,0.001917123794555664
139935,normal,222,0,1782360312.5318573,0.002281665802001953
139936,normal,598,0,1782360312.533682,0.0018248558044433594
139937,normal,1398,0,1782360312.5358381,0.0021560192108154297
139938,normal,1496,0,1782360312.5380027,0.002164602279663086
139939,normal,3181,1,1782360312.5404053,0.0024025440216064453
139940,normal,2391,0,1782360312.5420094,0.0016040802001953125
139941,normal,542,0,1782360312.5436904,0.0016810894012451172
139942,normal,1745,0,1782360312.5458639,0.0021734237670898438
139943,normal,3546,0,1782360312.5476243,0.0017604827880859375
139944,normal,540,0,1782360312.5497963,0.0021719932556152344
139945,normal,3258,1,1782360312.5516446,0.0018482208251953125
139946,normal,1337,1,1782360312.5538905,0.0022459030151367188
139947,normal,459,0,1782360312.5562449,0.0023543834686279297
139948,normal,2317,0,1782360312.557893,0.0016481876373291016
139949,normal,663,0,1782360312.5597973,0.0019042491912841797
139950,normal,3013,0,1782360312.561776,0.001978635787963867
139951,normal,3550,0,1782360312.5639012,0.002125263214111328
139952,normal,2001,0,1782360312.5657678,0.0018665790557861328
139953,normal,2784,0,1782360312.5677805,0.0020127296447753906
139954,normal,1321,1,1782360312.5698383,0.002057790756225586
139955,normal,1805,0,1782360312.572021,0.0021827220916748047
139956,normal,1659,0,1782360312.5738423,0.001821279525756836
139957,normal,3518,0,1782360312.5757973,0.0019550323486328125
139958,normal,2175,0,1782360312.577986,0.0021886825561523438
139959,normal,853,2,1782360312.5798388,0.0018527507781982422
139960,normal,1509,0,1782360312.5819366,0.0020978450775146484
139961,normal,1948,0,1782360312.5837522,0.0018155574798583984
139962,normal,2498,0,1782360312.5857432,0.0019910335540771484
139963,normal,865,2,1782360312.5877507,0.0020074844360351562
139964,normal,3229,1,1782360312.5897317,0.001981019973754883
139965,normal,328,0,1782360312.5917766,0.0020449161529541016
139966,normal,3359,1,1782360312.5936017,0.001825094223022461
139967,normal,378,0,1782360312.5955906,0.0019888877868652344
139968,normal,1977,0,1782360312.5977108,0.0021202564239501953
139969,normal,290,0,1782360312.599684,0.0019731521606445312
139970,normal,1905,0,1782360312.601797,0.0021131038665771484
139971,normal,247,0,1782360312.6037908,0.0019936561584472656
139972,normal,3674,0,1782360312.6058428,0.0020520687103271484
139973,normal,891,2,1782360312.6078255,0.0019826889038085938
139974,normal,1822,0,1782360312.609588,0.00176239013671875
139975,normal,1419,0,1782360312.6115665,0.001978635787963867
139976,normal,2566,0,1782360312.6142247,0.0026581287384033203
139977,normal,2813,0,1782360312.6161718,0.001947164535522461
139978,normal,283,0,1782360312.6178982,0.001726388931274414
139979,normal,77,0,1782360312.6197677,0.0018694400787353516
139980,normal,2864,0,1782360312.621615,0.0018472671508789062
139981,normal,735,0,1782360312.6236181,0.002003192901611328
139982,normal,2949,0,1782360312.625607,0.0019888877868652344
139983,normal,2721,0,1782360312.6276014,0.0019943714141845703
139984,normal,2251,0,1782360312.629682,0.002080678939819336
139985,normal,3328,1,1782360312.631709,0.0020270347595214844
139986,normal,2786,0,1782360312.6337326,0.002023458480834961
139987,normal,2553,0,1782360312.6356928,0.001960277557373047
139988,normal,2591,0,1782360312.637686,0.0019931793212890625
139989,normal,60,0,1782360312.6397302,0.002044200897216797
139990,normal,2049,0,1782360312.641689,0.0019588470458984375
139991,normal,2109,0,1782360312.6436982,0.002009153366088867
139992,normal,1734,0,1782360312.645704,0.0020058155059814453
139993,normal,1766,0,1782360312.647674,0.001970052719116211
139994,normal,1182,0,1782360312.6495655,0.0018913745880126953
139995,normal,159,0,1782360312.6516266,0.002061128616333008
139996,normal,160,0,1782360312.6536021,0.001975536346435547
139997,normal,3377,1,1782360312.6557338,0.0021317005157470703
139998,normal,156,0,1782360312.657657,0.0019230842590332031
139999,normal,384,0,1782360312.6596851,0.002028226852416992
140000,normal,1785,0,1782360312.6616843,0.0019991397857666016
140001,normal,660,0,1782360312.663657,0.001972675323486328
140002,normal,1042,0,1782360312.6657753,0.002118349075317383
140003,normal,189,0,1782360312.6676111,0.0018358230590820312
140004,normal,1637,0,1782360312.669606,0.0019948482513427734
140005,normal,2313,0,1782360312.6716316,0.002025604248046875
140006,normal,422,0,1782360312.6735926,0.0019609928131103516
140007,normal,2203,0,1782360312.6756194,0.002026796340942383
140008,normal,3653,0,1782360312.677626,0.00200653076171875
140009,normal,915,2,1782360312.6797817,0.002155780792236328
140010,normal,3390,1,1782360312.6818242,0.002042531967163086
140011,normal,3053,1,1782360312.6836574,0.001833200454711914
140012,normal,3635,0,1782360312.6856313,0.001973867416381836
140013,normal,2237,0,1782360312.687709,0.002077817916870117
140014,normal,898,2,1782360312.6898222,0.0021131038665771484
140015,normal,1309,0,1782360312.6917913,0.0019690990447998047
140016,normal,2937,0,1782360312.6936333,0.0018420219421386719
140017,normal,272,0,1782360312.695722,0.002088785171508789
140018,normal,2973,0,1782360312.6977098,0.0019876956939697266
140019,normal,2709,0,1782360312.6996489,0.0019390583038330078
140020,normal,2197,0,1782360312.7018838,0.002234935760498047
140021,normal,2964,0,1782360312.7037003,0.0018165111541748047
140022,normal,3698,0,1782360312.7056499,0.0019495487213134766
140023,normal,1502,0,1782360312.7078452,0.0021953582763671875
140024,normal,2233,0,1782360312.7098386,0.001993417739868164
140025,normal,994,2,1782360312.7117975,0.0019588470458984375
140026,normal,1315,0,1782360312.7136285,0.0018310546875
140027,normal,2544,0,1782360312.715676,0.0020475387573242188
140028,normal,291,0,1782360312.7177994,0.0021233558654785156
140029,normal,3695,0,1782360312.7197456,0.0019462108612060547
140030,normal,690,0,1782360312.721643,0.0018973350524902344
140031,normal,3297,1,1782360312.7238226,0.0021796226501464844
140032,normal,1433,0,1782360312.725704,0.0018813610076904297
140033,normal,82,0,1782360312.7277005,0.0019965171813964844
140034,normal,454,0,1782360312.7299907,0.0022902488708496094
140035,normal,3608,0,1782360312.7317615,0.0017707347869873047
140036,normal,125,0,1782360312.733598,0.001836538314819336
140037,normal,2064,0,1782360312.73561,0.002012014389038086
140038,normal,1574,0,1782360312.7376082,0.0019981861114501953
140039,normal,2857,0,1782360312.7395892,0.001981019973754883
140040,normal,3069,1,1782360312.7417016,0.0021123886108398438
140041,normal,3033,0,1782360312.7441635,0.0024619102478027344
140042,normal,1139,0,1782360312.7460914,0.0019278526306152344
140043,normal,1950,0,1782360312.7477233,0.0016319751739501953
140044,normal,979,2,1782360312.7496505,0.0019271373748779297
140045,normal,1290,0,1782360312.7516475,0.0019969940185546875
140046,normal,2119,0,1782360312.753608,0.0019605159759521484
140047,normal,2815,0,1782360312.7556114,0.0020034313201904297
140048,normal,273,0,1782360312.7575939,0.001982450485229492
140049,normal,1675,0,1782360312.7598834,0.0022895336151123047
140050,normal,2590,0,1782360312.761736,0.0018525123596191406
140051,normal,1222,0,1782360312.7636209,0.0018849372863769531
140052,normal,1299,0,1782360312.765644,0.0020232200622558594
140053,normal,3316,1,1782360312.7676363,0.0019922256469726562
140054,normal,3480,0,1782360312.7699072,0.002270936965942383
140055,normal,2911,0,1782360312.7716928,0.0017855167388916016
140056,normal,2605,0,1782360312.773689,0.001996278762817383
140057,normal,3531,0,1782360312.7760475,0.0023584365844726562
140058,normal,636,0,1782360312.7778814,0.0018339157104492188
140059,normal,665,0,1782360312.779742,0.0018606185913085938
140060,normal,1132,0,1782360312.781758,0.0020160675048828125
140061,normal,3405,0,1782360312.7837195,0.0019614696502685547
140062,normal,1183,0,1782360347.5929806,0.0
140063,normal,552,0,1782360347.594887,0.0019063949584960938
140064,normal,3115,1,1782360347.596909,0.0020220279693603516
140065,normal,1590,0,1782360347.5989451,0.0020360946655273438
140066,normal,791,2,1782360347.6008806,0.0019354820251464844
140067,normal,1190,0,1782360347.6028795,0.0019989013671875
140068,normal,2460,0,1782360347.604934,0.002054452896118164
140069,normal,3368,1,1782360347.6068873,0.0019533634185791016
140070,normal,3132,1,1782360347.6091135,0.002226114273071289
140071,normal,84,0,1782360347.611114,0.002000570297241211
140072,normal,154,0,1782360347.6129982,0.0018842220306396484
140073,normal,511,0,1782360347.615009,0.002010822296142578
140074,normal,3201,1,1782360347.6171355,0.002126455307006836
140075,normal,1855,0,1782360347.6189554,0.0018198490142822266
140076,normal,720,0,1782360347.6210973,0.0021419525146484375
140077,normal,380,0,1782360347.6230836,0.001986265182495117
140078,normal,1535,0,1782360347.625008,0.0019245147705078125
140079,normal,3480,0,1782360347.626992,0.0019838809967041016
140080,normal,320,0,1782360347.6290305,0.0020384788513183594
140081,normal,1426,0,1782360347.6310573,0.002026796340942383
140082,normal,1685,0,1782360347.6330822,0.0020248889923095703
140083,normal,3333,1,1782360347.635082,0.0019998550415039062
140084,normal,2461,0,1782360347.6369588,0.0018768310546875
140085,normal,301,0,1782360347.6390886,0.002129793167114258
140086,normal,2720,0,1782360347.6410758,0.0019872188568115234
140087,normal,2812,0,1782360347.6429794,0.001903533935546875
140088,normal,2582,0,1782360347.645077,0.002097606658935547
140089,normal,1918,0,1782360347.6470706,0.0019936561584472656
140090,normal,658,0,1782360347.6489499,0.0018792152404785156
140091,normal,1753,0,1782360347.6510854,0.0021355152130126953
140092,normal,2000,0,1782360347.6530733,0.001987934112548828
140093,normal,1388,0,1782360347.6549513,0.0018780231475830078
140094,normal,2149,0,1782360347.6570656,0.0021142959594726562
140095,normal,1736,0,1782360347.6590757,0.0020101070404052734
140096,normal,559,0,1782360347.660984,0.0019083023071289062
140097,normal,1148,0,1782360347.6630812,0.0020971298217773438
140098,normal,3486,0,1782360347.6650841,0.0020029544830322266
140099,normal,2292,0,1782360347.6669898,0.001905679702758789
140100,normal,1541,0,1782360347.669078,0.002088308334350586
140101,normal,1123,0,1782360347.6710978,0.002019643783569336
140102,normal,724,0,1782360347.672958,0.0018601417541503906
140103,normal,2628,0,1782360347.6751065,0.0021486282348632812
140104,normal,1597,0,1782360347.6770742,0.0019676685333251953
140105,normal,2373,0,1782360347.6789844,0.0019102096557617188
140106,normal,2271,0,1782360347.6811247,0.0021402835845947266
140107,normal,3511,0,1782360347.6832993,0.0021746158599853516
140108,normal,3200,1,1782360347.684979,0.0016796588897705078
140109,normal,1600,0,1782360347.6872697,0.0022907257080078125
140110,normal,1323,1,1782360347.689084,0.0018143653869628906
140111,normal,1460,0,1782360347.6911511,0.002067089080810547
140112,normal,300,0,1782360347.6931138,0.0019626617431640625
140113,normal,75,0,1782360347.6952834,0.0021696090698242188
140114,normal,2978,0,1782360347.6969862,0.0017027854919433594
140115,normal,508,0,1782360347.699275,0.002288818359375
140116,normal,1713,0,1782360347.70115,0.0018749237060546875
140117,normal,3011,0,1782360347.7031562,0.0020062923431396484
140118,normal,2934,0,1782360347.7051163,0.0019600391387939453
140119,normal,123,0,1782360347.7072816,0.0021653175354003906
140120,normal,1169,0,1782360347.7089858,0.0017042160034179688
140121,normal,438,0,1782360347.7112775,0.0022916793823242188
140122,normal,2559,0,1782360347.7131157,0.0018382072448730469
140123,normal,2415,0,1782360347.715179,0.002063274383544922
140124,normal,3026,0,1782360347.7171166,0.0019376277923583984
140125,normal,2651,0,1782360347.7192569,0.0021402835845947266
140126,normal,3197,1,1782360347.7209911,0.0017342567443847656
140127,normal,2317,0,1782360347.7232513,0.0022602081298828125
140128,normal,2182,0,1782360347.7251577,0.0019063949584960938
140129,normal,256,0,1782360347.727187,0.0020291805267333984
140130,normal,1701,0,1782360347.7291143,0.0019273757934570312
140131,normal,2915,0,1782360347.7313077,0.002193450927734375
140132,normal,3567,0,1782360347.7330303,0.001722574234008789
140133,normal,3425,0,1782360347.7351127,0.002082347869873047
140134,normal,1936,0,1782360347.7372653,0.002152681350708008
140135,normal,1102,0,1782360347.7390165,0.0017511844635009766
140136,normal,3262,1,1782360347.741121,0.002104520797729492
140137,normal,897,2,1782360347.7432468,0.0021257400512695312
140138,normal,119,0,1782360347.7449868,0.0017399787902832031
140139,normal,3647,0,1782360347.7472537,0.0022668838500976562
140140,normal,745,0,1782360347.7491138,0.0018601417541503906
140141,normal,269,0,1782360347.7510304,0.001916646957397461
140142,normal,521,0,1782360347.7531223,0.0020918846130371094
140143,normal,1423,0,1782360347.7552772,0.002154827117919922
140144,normal,398,0,1782360347.7569854,0.0017082691192626953
140145,normal,2781,0,1782360347.7592754,0.002290010452270508
140146,normal,1777,0,1782360347.761164,0.0018885135650634766
140147,normal,3325,1,1782360347.763155,0.0019910335540771484
140148,normal,695,0,1782360347.7651157,0.00196075439453125
140149,normal,516,0,1782360347.7672591,0.002143383026123047
140150,normal,3299,1,1782360347.7689772,0.0017180442810058594
140151,normal,3398,1,1782360347.7712781,0.0023009777069091797
140152,normal,2014,0,1782360347.7731717,0.0018935203552246094
140153,normal,2811,0,1782360347.7751782,0.00200653076171875
140154,normal,510,0,1782360347.7771118,0.0019335746765136719
140155,normal,316,0,1782360347.7792797,0.002167940139770508
140156,normal,2698,0,1782360347.7809782,0.0016984939575195312
140157,normal,325,0,1782360347.783127,0.002148866653442383
140158,normal,2050,0,1782360347.785321,0.002193927764892578
140159,normal,1902,0,1782360347.7870133,0.0016922950744628906
140160,normal,2231,0,1782360347.7891762,0.002162933349609375
140161,normal,2381,0,1782360347.7911692,0.001992940902709961
140162,normal,848,2,1782360347.7931592,0.001990079879760742
140163,normal,2344,0,1782360347.795118,0.0019588470458984375
140164,normal,854,2,1782360347.7971792,0.002061128616333008
140165,normal,1907,0,1782360347.798985,0.0018057823181152344
140166,normal,3231,1,1782360347.8012598,0.002274751663208008
140167,normal,1842,0,1782360347.8031135,0.0018537044525146484
140168,normal,783,2,1782360347.8051686,0.0020551681518554688
140169,normal,3636,0,1782360347.807116,0.0019474029541015625
140170,normal,1033,0,1782360347.8092587,0.002142667770385742
140171,normal,3639,0,1782360347.8109899,0.0017311573028564453
140172,normal,3359,1,1782360347.8136108,0.0026209354400634766
140173,normal,259,0,1782360347.8151298,0.0015189647674560547
140174,normal,2663,0,1782360347.8171356,0.0020058155059814453
140175,normal,1874,0,1782360347.8189855,0.0018498897552490234
140176,normal,1255,0,1782360347.821255,0.0022695064544677734
140177,normal,2602,0,1782360347.8229856,0.0017306804656982422
140178,normal,3217,1,1782360347.8252718,0.002286195755004883
140179,normal,1161,0,1782360347.8271053,0.0018334388732910156
140180,normal,2952,0,1782360347.8291297,0.002024412155151367
140181,normal,645,0,1782360347.8311284,0.0019986629486083984
140182,normal,3066,1,1782360347.8332694,0.0021409988403320312
140183,normal,3417,0,1782360347.8349864,0.0017170906066894531
140184,normal,1363,1,1782360347.8372447,0.00225830078125
140185,normal,673,0,1782360347.8391101,0.001865386962890625
140186,normal,2517,0,1782360347.8411374,0.002027273178100586
140187,normal,1448,0,1782360347.843117,0.0019795894622802734
140188,normal,163,0,1782360347.8452518,0.0021347999572753906
140189,normal,2593,0,1782360347.846986,0.0017342567443847656
140190,normal,2964,0,1782360347.8492537,0.002267599105834961
140191,normal,1929,0,1782360347.8511093,0.001855611801147461
140192,normal,3285,1,1782360347.8531306,0.002021312713623047
140193,normal,2681,0,1782360347.85512,0.0019893646240234375
140194,normal,3202,1,1782360347.857363,0.0022430419921875
140195,normal,270,0,1782360347.858989,0.0016260147094726562
140196,normal,896,2,1782360347.861242,0.0022530555725097656
140197,normal,3124,1,1782360347.863118,0.0018758773803710938
140198,normal,2219,0,1782360347.8651323,0.0020143985748291016
140199,normal,2657,0,1782360347.8671143,0.001981973648071289
140200,normal,3629,0,1782360347.8692722,0.002157926559448242
140201,normal,1013,2,1782360347.8709867,0.001714468002319336
140202,normal,2803,0,1782360347.8732657,0.002279043197631836
140203,normal,1563,0,1782360347.8751123,0.0018465518951416016
140204,normal,1403,0,1782360347.8771536,0.002041339874267578
140205,normal,535,0,1782360347.8791351,0.001981496810913086
140206,normal,2013,0,1782360347.8812664,0.002131223678588867
140207,normal,532,0,1782360347.8830087,0.0017423629760742188
140208,normal,1284,0,1782360347.885273,0.002264261245727539
140209,normal,5,0,1782360347.8871298,0.0018568038940429688
140210,normal,950,2,1782360347.8891563,0.0020265579223632812
140211,normal,793,2,1782360347.8911119,0.0019555091857910156
140212,normal,2021,0,1782360347.8932827,0.0021708011627197266
140213,normal,2917,0,1782360347.8949854,0.0017027854919433594
140214,normal,1520,0,1782360347.8972633,0.002277851104736328
140215,normal,434,0,1782360347.8991165,0.0018532276153564453
140216,normal,2518,0,1782360347.901167,0.0020503997802734375
140217,normal,1982,0,1782360347.9031155,0.0019485950469970703
140218,normal,2310,0,1782360347.905261,0.002145528793334961
140219,normal,1153,0,1782360347.9070113,0.0017502307891845703
140220,normal,2585,0,1782360347.909276,0.002264738082885742
140221,normal,1577,0,1782360347.9111192,0.0018432140350341797
140222,normal,810,2,1782360347.9131577,0.0020384788513183594
140223,normal,2497,0,1782360347.9151182,0.0019605159759521484
140224,normal,379,0,1782360347.9172635,0.0021452903747558594
140225,normal,2715,0,1782360347.919022,0.001758575439453125
140226,normal,229,0,1782360347.921246,0.002223968505859375
140227,normal,499,0,1782360347.9231117,0.0018656253814697266
140228,normal,3422,0,1782360347.9251392,0.0020275115966796875
140229,normal,3349,1,1782360347.9271193,0.0019800662994384766
140230,normal,1031,0,1782360347.9292626,0.002143383026123047
140231,normal,3683,0,1782360347.9310224,0.0017597675323486328
140232,normal,1555,0,1782360347.9332585,0.0022361278533935547
140233,normal,3178,1,1782360347.9351404,0.0018818378448486328
140234,normal,2261,0,1782360347.93716,0.002019643783569336
140235,normal,3591,0,1782360347.9391181,0.001958131790161133
140236,normal,1156,0,1782360347.9412825,0.0021643638610839844
140237,normal,2505,0,1782360347.9429853,0.0017027854919433594
140238,normal,3472,0,1782360347.9452722,0.0022869110107421875
140239,normal,3095,1,1782360347.9471152,0.0018429756164550781
140240,normal,1022,2,1782360347.9491649,0.002049684524536133
140241,normal,317,0,1782360347.9511197,0.001954793930053711
140242,normal,1007,2,1782360347.9532852,0.002165555953979492
140243,normal,184,0,1782360347.9549866,0.00170135498046875
140244,normal,2615,0,1782360347.9572983,0.00231170654296875
140245,normal,1881,0,1782360347.9591212,0.0018229484558105469
140246,normal,1845,0,1782360347.9611604,0.002039194107055664
140247,normal,2617,0,1782360347.9631171,0.0019567012786865234
140248,normal,1310,0,1782360347.965277,0.0021598339080810547
140249,normal,1449,0,1782360347.966987,0.0017099380493164062
140250,normal,2332,0,1782360347.9692764,0.0022895336151123047
140251,normal,1654,0,1782360347.971154,0.0018775463104248047
140252,normal,114,0,1782360347.9731612,0.0020072460174560547
140253,normal,2670,0,1782360347.975127,0.001965761184692383
140254,normal,828,2,1782360347.9772818,0.002154827117919922
140255,normal,1950,0,1782360347.978986,0.0017042160034179688
140256,normal,2493,0,1782360347.9812756,0.0022895336151123047
140257,normal,278,0,1782360347.9833026,0.0020270347595214844
140258,normal,1174,0,1782360347.9849546,0.0016520023345947266
140259,normal,2016,0,1782360347.9869614,0.0020067691802978516
140260,normal,1327,1,1782360347.9891973,0.002235889434814453
140261,normal,339,0,1782360347.9909782,0.0017809867858886719
140262,normal,2558,0,1782360347.9929533,0.0019750595092773438
140263,normal,1256,0,1782360347.9951923,0.0022389888763427734
140264,normal,1823,0,1782360347.9969542,0.0017619132995605469
140265,normal,3141,1,1782360347.99898,0.0020258426666259766
140266,normal,65,0,1782360348.0012126,0.0022325515747070312
140267,normal,3188,1,1782360348.0029798,0.0017671585083007812
140268,normal,3358,1,1782360348.0049527,0.0019729137420654297
140269,normal,3269,1,1782360348.0072343,0.002281665802001953
140270,normal,1366,1,1782360348.0089538,0.0017194747924804688
140271,normal,331,0,1782360348.0109808,0.0020270347595214844
140272,normal,3332,1,1782360348.013214,0.002233266830444336
140273,normal,578,0,1782360348.014983,0.0017688274383544922
140274,normal,2275,0,1782360348.0169563,0.001973390579223633
140275,normal,779,2,1782360348.019226,0.002269744873046875
140276,normal,1822,0,1782360348.0209546,0.0017285346984863281
140277,normal,295,0,1782360348.0229776,0.002022981643676758
140278,normal,553,0,1782360348.0251966,0.002218961715698242
140279,normal,3592,0,1782360348.0269895,0.00179290771484375
140280,normal,2792,0,1782360348.0289526,0.0019631385803222656
140281,normal,3512,0,1782360348.0312233,0.0022706985473632812
140282,normal,86,0,1782360348.033029,0.0018057823181152344
140283,normal,1245,0,1782360348.0349765,0.0019474029541015625
140284,normal,1826,0,1782360348.0372174,0.002240896224975586
140285,normal,1344,1,1782360348.0389569,0.001739501953125
140286,normal,1708,0,1782360348.040945,0.0019881725311279297
140287,normal,3544,0,1782360348.0432043,0.0022592544555664062
140288,normal,3158,1,1782360348.0449579,0.0017535686492919922
140289,normal,1692,0,1782360348.0469604,0.0020024776458740234
140290,normal,3102,1,1782360348.0492141,0.0022537708282470703
140291,normal,543,0,1782360348.0509603,0.0017461776733398438
140292,normal,1381,1,1782360348.052958,0.001997709274291992
140293,normal,55,0,1782360348.0552099,0.002251863479614258
140294,normal,1004,2,1782360348.0569665,0.0017566680908203125
140295,normal,1930,0,1782360348.0589578,0.00199127197265625
140296,normal,3517,0,1782360348.0612073,0.002249479293823242
140297,normal,2656,0,1782360348.0629616,0.0017542839050292969
140298,normal,1495,0,1782360348.0649626,0.002001047134399414
140299,normal,1913,0,1782360348.0671356,0.0021729469299316406
140300,normal,237,0,1782360348.0689154,0.001779794692993164
140301,normal,1357,1,1782360348.0711417,0.0022263526916503906
140302,normal,1092,0,1782360348.0729854,0.0018436908721923828
140303,normal,2020,0,1782360348.074911,0.0019257068634033203
140304,normal,2150,0,1782360348.0770009,0.0020897388458251953
140305,normal,180,0,1782360348.0789807,0.001979827880859375
140306,normal,2977,0,1782360348.0809083,0.0019276142120361328
140307,normal,3314,1,1782360348.0829778,0.0020694732666015625
140308,normal,2892,0,1782360348.085004,0.0020263195037841797
140309,normal,900,2,1782360348.0869339,0.0019297599792480469
140310,normal,1451,0,1782360348.0888836,0.0019497871398925781
140311,normal,2470,0,1782360348.0909808,0.0020971298217773438
140312,normal,3002,0,1782360348.0928805,0.00189971923828125
140313,normal,106,0,1782360348.0949678,0.0020873546600341797
140314,normal,1885,0,1782360348.0969224,0.0019545555114746094
140315,normal,618,0,1782360348.0989826,0.0020601749420166016
140316,normal,2737,0,1782360348.1008775,0.0018949508666992188
140317,normal,1867,0,1782360348.1030934,0.002215862274169922
140318,normal,894,2,1782360348.1048868,0.0017933845520019531
140319,normal,990,2,1782360348.1070776,0.002190828323364258
140320,normal,141,0,1782360348.10905,0.0019724369049072266
140321,normal,3101,1,1782360348.1109548,0.0019047260284423828
140322,normal,2746,0,1782360348.1129553,0.002000570297241211
140323,normal,605,0,1782360348.1151905,0.0022351741790771484
140324,normal,3543,0,1782360348.1169646,0.0017740726470947266
140325,normal,603,0,1782360348.1189604,0.0019958019256591797
140326,normal,1228,0,1782360348.121195,0.0022346973419189453
140327,normal,391,0,1782360348.1229503,0.0017552375793457031
140328,normal,2126,0,1782360348.1249464,0.0019960403442382812
140329,normal,488,0,1782360348.1271958,0.002249479293823242
140330,normal,1824,0,1782360348.12895,0.0017542839050292969
140331,normal,67,0,1782360348.130944,0.001993894577026367
140332,normal,370,0,1782360348.1331882,0.002244234085083008
140333,normal,399,0,1782360348.1349542,0.0017659664154052734
140334,normal,672,0,1782360348.1369467,0.001992464065551758
140335,normal,1154,0,1782360348.1391964,0.0022497177124023438
140336,normal,2069,0,1782360348.1409533,0.001756906509399414
140337,normal,1038,0,1782360348.142952,0.0019986629486083984
140338,normal,289,0,1782360348.1451814,0.002229452133178711
140339,normal,2303,0,1782360348.14695,0.0017685890197753906
140340,normal,2337,0,1782360348.1489477,0.001997709274291992
140341,normal,1474,0,1782360348.1511972,0.002249479293823242
140342,normal,3199,1,1782360348.1529477,0.0017504692077636719
140343,normal,2452,0,1782360348.1549437,0.0019960403442382812
140344,normal,1651,0,1782360348.1571858,0.0022420883178710938
140345,normal,346,0,1782360348.1589491,0.0017633438110351562
140346,normal,584,0,1782360348.160946,0.001996755599975586
140347,normal,999,2,1782360348.1631951,0.0022492408752441406
140348,normal,935,2,1782360348.1649802,0.0017850399017333984
140349,normal,23,0,1782360348.1669445,0.0019643306732177734
140350,normal,2462,0,1782360348.169187,0.002242565155029297
140351,normal,2440,0,1782360348.170949,0.0017619132995605469
140352,normal,3397,1,1782360348.1729462,0.001997232437133789
140353,normal,3088,1,1782360348.175194,0.0022478103637695312
140354,normal,708,0,1782360348.1769488,0.0017547607421875
140355,normal,1988,0,1782360348.1789455,0.001996755599975586
140356,normal,2267,0,1782360348.1811895,0.0022439956665039062
140357,normal,2830,0,1782360348.182954,0.001764535903930664
140358,normal,691,0,1782360348.1849113,0.0019571781158447266
140359,normal,3238,1,1782360348.187202,0.0022907257080078125
140360,normal,239,0,1782360348.1889508,0.001748800277709961
140361,normal,2962,0,1782360348.1911614,0.0022106170654296875
140362,normal,142,0,1782360348.1932461,0.0020847320556640625
140363,normal,1810,0,1782360348.1949806,0.0017344951629638672
140364,normal,1075,0,1782360348.1972423,0.002261638641357422
140365,normal,971,2,1782360348.1991105,0.0018682479858398438
140366,normal,1445,0,1782360348.2011414,0.0020308494567871094
140367,normal,918,2,1782360348.2031102,0.001968860626220703
140368,normal,1332,1,1782360348.2052457,0.0021355152130126953
140369,normal,2200,0,1782360348.206982,0.0017361640930175781
140370,normal,1464,0,1782360348.2092426,0.0022606849670410156
140371,normal,1545,0,1782360348.2111127,0.0018701553344726562
140372,normal,1281,0,1782360348.213139,0.0020263195037841797
140373,normal,1723,0,1782360348.2151117,0.001972675323486328
140374,normal,1239,0,1782360348.2172573,0.002145528793334961
140375,normal,1566,0,1782360348.2189803,0.0017230510711669922
140376,normal,1804,0,1782360348.2212577,0.002277374267578125
140377,normal,1447,0,1782360348.2231138,0.001856088638305664
140378,normal,1887,0,1782360348.2251382,0.002024412155151367
140379,normal,760,0,1782360348.2271125,0.001974344253540039
140380,normal,2421,0,1782360348.229317,0.002204418182373047
140381,normal,2067,0,1782360348.2309813,0.0016644001007080078
140382,normal,847,2,1782360348.233261,0.0022797584533691406
140383,normal,2339,0,1782360348.2351146,0.0018534660339355469
140384,normal,3223,1,1782360348.2371342,0.002019643783569336
140385,normal,2846,0,1782360348.23911,0.0019757747650146484
140386,normal,2828,0,1782360348.2413225,0.0022125244140625
140387,normal,279,0,1782360348.2429795,0.0016570091247558594
140388,normal,1714,0,1782360348.2452536,0.002274036407470703
140389,normal,1993,0,1782360348.2471128,0.0018591880798339844
140390,normal,1453,0,1782360348.2491372,0.002024412155151367
140391,normal,3380,1,1782360348.251109,0.001971721649169922
140392,normal,3615,0,1782360348.253323,0.002214193344116211
140393,normal,3598,0,1782360348.2549803,0.001657247543334961
140394,normal,2141,0,1782360348.257255,0.002274751663208008
140395,normal,1354,1,1782360348.2591107,0.001855611801147461
140396,normal,819,2,1782360348.2611465,0.002035856246948242
140397,normal,109,0,1782360348.263106,0.001959562301635742
140398,normal,246,0,1782360348.26533,0.002223968505859375
140399,normal,3414,0,1782360348.2669816,0.0016515254974365234
140400,normal,3328,1,1782360348.2692864,0.0023047924041748047
140401,normal,3272,1,1782360348.2711122,0.0018258094787597656
140402,normal,1968,0,1782360348.2731388,0.0020265579223632812
140403,normal,1452,0,1782360348.275107,0.0019681453704833984
140404,normal,1375,1,1782360348.2772605,0.002153635025024414
140405,normal,326,0,1782360348.2789786,0.0017180442810058594
140406,normal,1773,0,1782360348.281255,0.0022764205932617188
140407,normal,624,0,1782360348.2831123,0.0018572807312011719
140408,normal,2584,0,1782360348.2851293,0.0020170211791992188
140409,normal,2578,0,1782360348.287109,0.0019795894622802734
140410,normal,2420,0,1782360348.2892597,0.0021507740020751953
140411,normal,3698,0,1782360348.2909808,0.0017211437225341797
140412,normal,727,0,1782360348.293256,0.002275228500366211
140413,normal,2841,0,1782360348.2951117,0.001855611801147461
140414,normal,282,0,1782360348.2971342,0.0020225048065185547
140415,normal,702,0,1782360348.2991254,0.00199127197265625
140416,normal,2333,0,1782360348.3013403,0.0022149085998535156
140417,normal,2479,0,1782360348.3029826,0.0016422271728515625
140418,normal,2516,0,1782360348.3051367,0.002154111862182617
140419,normal,3266,1,1782360348.3072517,0.002115011215209961
140420,normal,2257,0,1782360348.3089797,0.001728057861328125
140421,normal,2911,0,1782360348.3111038,0.0021240711212158203
140422,normal,573,0,1782360348.3132553,0.0021514892578125
140423,normal,2401,0,1782360348.3149786,0.0017232894897460938
140424,normal,2640,0,1782360348.317239,0.002260446548461914
140425,normal,1760,0,1782360348.3191054,0.0018663406372070312
140426,normal,3106,1,1782360348.3211281,0.0020227432250976562
140427,normal,1392,0,1782360348.323107,0.0019788742065429688
140428,normal,459,0,1782360348.3252363,0.0021293163299560547
140429,normal,2764,0,1782360348.326979,0.0017426013946533203
140430,normal,1798,0,1782360348.3292637,0.0022847652435302734
140431,normal,3375,1,1782360348.3311052,0.0018415451049804688
140432,normal,3331,1,1782360348.3331292,0.002023935317993164
140433,normal,969,2,1782360348.3351068,0.001977682113647461
140434,normal,2808,0,1782360348.3371124,0.0020055770874023438
140435,normal,1666,0,1782360348.3391335,0.0020210742950439453
140436,normal,3707,0,1782360348.341104,0.001970529556274414
140437,normal,3446,0,1782360348.3432398,0.002135753631591797
140438,normal,3043,0,1782360348.344979,0.0017392635345458984
140439,normal,646,0,1782360348.3472414,0.0022623538970947266
140440,normal,447,0,1782360348.349313,0.0020716190338134766
140441,normal,1670,0,1782360348.350956,0.0016429424285888672
140442,normal,544,0,1782360348.353139,0.0021829605102539062
140443,normal,2121,0,1782360348.3549702,0.0018312931060791016
140444,normal,590,0,1782360348.3572664,0.0022962093353271484
140445,normal,970,2,1782360348.3589842,0.0017178058624267578
140446,normal,1674,0,1782360348.361261,0.0022766590118408203
140447,normal,975,2,1782360348.363047,0.0017859935760498047
140448,normal,2320,0,1782360348.3650022,0.001955270767211914
140449,normal,1635,0,1782360348.3671005,0.0020983219146728516
140450,normal,3590,0,1782360348.3689332,0.001832723617553711
140451,normal,3579,0,1782360348.3710864,0.002153158187866211
140452,normal,1665,0,1782360348.3731241,0.0020377635955810547
140453,normal,3575,0,1782360348.3750687,0.0019445419311523438
140454,normal,1006,2,1782360348.3771377,0.0020689964294433594
140455,normal,2703,0,1782360348.3790786,0.0019409656524658203
140456,normal,3138,1,1782360348.3809786,0.0018999576568603516
140457,normal,1412,0,1782360348.3832521,0.0022735595703125
140458,normal,3704,0,1782360348.3851113,0.0018591880798339844
140459,normal,2066,0,1782360348.3871403,0.002028942108154297
140460,normal,3692,0,1782360348.3891182,0.0019779205322265625
140461,normal,3258,1,1782360348.391253,0.0021347999572753906
140462,normal,1143,0,1782360348.392979,0.001725912094116211
140463,normal,2202,0,1782360348.3952715,0.002292633056640625
140464,normal,3466,0,1782360348.3971071,0.0018355846405029297
140465,normal,110,0,1782360348.3991349,0.002027750015258789
140466,normal,2902,0,1782360348.4011056,0.0019707679748535156
140467,normal,330,0,1782360348.403253,0.0021474361419677734
140468,normal,3429,0,1782360348.4049776,0.0017244815826416016
140469,normal,1461,0,1782360348.4072528,0.002275228500366211
140470,normal,1101,0,1782360348.4091077,0.0018548965454101562
140471,normal,2473,0,1782360348.4111407,0.0020329952239990234
140472,normal,161,0,1782360348.4130232,0.0018825531005859375
140473,normal,462,0,1782360348.4153366,0.002313375473022461
140474,normal,1626,0,1782360348.4171917,0.0018551349639892578
140475,normal,1055,0,1782360348.4189947,0.0018029212951660156
140476,normal,32,0,1782360348.4211676,0.0021729469299316406
140477,normal,1738,0,1782360348.4229212,0.0017535686492919922
140478,normal,1978,0,1782360348.4251213,0.0022001266479492188
140479,normal,3160,1,1782360348.4270933,0.0019719600677490234
140480,normal,2865,0,1782360348.4289558,0.0018625259399414062
140481,normal,2138,0,1782360348.4311078,0.002151966094970703
140482,normal,3127,1,1782360348.4330935,0.001985788345336914
140483,normal,2960,0,1782360348.4349363,0.0018427371978759766
140484,normal,1743,0,1782360348.4370925,0.0021562576293945312
140485,normal,3387,1,1782360348.4390907,0.0019981861114501953
140486,normal,1775,0,1782360348.440932,0.0018413066864013672
140487,normal,2269,0,1782360348.4430945,0.002162456512451172
140488,normal,77,0,1782360348.4450886,0.0019941329956054688
140489,normal,1866,0,1782360348.4469347,0.0018460750579833984
140490,normal,665,0,1782360348.449188,0.002253293991088867
140491,normal,19,0,1782360348.4509342,0.0017461776733398438
140492,normal,2849,0,1782360348.4529393,0.0020051002502441406
140493,normal,3085,1,1782360348.4550967,0.002157449722290039
140494,normal,3500,0,1782360348.457091,0.0019943714141845703
140495,normal,1389,0,1782360348.458932,0.001840829849243164
140496,normal,2958,0,1782360348.461099,0.0021669864654541016
140497,normal,2600,0,1782360348.4630873,0.0019884109497070312
140498,normal,1050,0,1782360348.4649758,0.0018885135650634766
140499,normal,1844,0,1782360348.4669232,0.0019474029541015625
140500,normal,1046,0,1782360348.4690926,0.002169370651245117
140501,normal,1863,0,1782360348.4709337,0.0018410682678222656
140502,normal,2745,0,1782360348.473089,0.002155303955078125
140503,normal,1776,0,1782360348.4750848,0.0019958019256591797
140504,normal,782,2,1782360348.4769325,0.0018477439880371094
140505,normal,1394,0,1782360348.4790866,0.002154111862182617
140506,normal,2562,0,1782360348.481091,0.002004384994506836
140507,normal,3700,0,1782360348.4829335,0.001842498779296875
140508,normal,1465,0,1782360348.485092,0.0021584033966064453
140509,normal,2147,0,1782360348.4870868,0.0019948482513427734
140510,normal,3485,0,1782360348.488948,0.0018613338470458984
140511,normal,1232,0,1782360348.4910855,0.002137422561645508
140512,normal,1271,0,1782360348.4931047,0.002019166946411133
140513,normal,3521,0,1782360348.4949546,0.0018498897552490234
140514,normal,1103,0,1782360348.4970908,0.00213623046875
140515,normal,3259,1,1782360348.4990892,0.001998424530029297
140516,normal,1488,0,1782360348.5011322,0.002043008804321289
140517,normal,343,0,1782360348.5029356,0.0018033981323242188
140518,normal,3116,1,1782360348.5050907,0.0021550655364990234
140519,normal,2905,0,1782360348.5069516,0.0018608570098876953
140520,normal,1312,0,1782360348.5091133,0.002161741256713867
140521,normal,1009,2,1782360348.5111191,0.0020058155059814453
140522,normal,1941,0,1782360348.5131462,0.0020270347595214844
140523,normal,857,2,1782360348.5149832,0.001837015151977539
140524,normal,1288,0,1782360348.5172648,0.002281665802001953
140525,normal,2472,0,1782360348.5190089,0.0017440319061279297
140526,normal,1593,0,1782360348.5212464,0.002237558364868164
140527,normal,2451,0,1782360348.523123,0.0018765926361083984
140528,normal,2377,0,1782360348.525155,0.002032041549682617
140529,normal,2998,0,1782360348.527108,0.0019528865814208984
140530,normal,1217,0,1782360348.529238,0.0021300315856933594
140531,normal,3655,0,1782360348.5310018,0.0017638206481933594
140532,normal,3252,1,1782360348.533255,0.002253293991088867
140533,normal,1322,1,1782360348.5351095,0.0018544197082519531
140534,normal,203,0,1782360348.5371363,0.002026796340942383
140535,normal,1476,0,1782360348.5391076,0.0019712448120117188
140536,normal,2894,0,1782360348.5412436,0.0021359920501708984
140537,normal,3708,0,1782360348.5430057,0.0017621517181396484
140538,normal,1888,0,1782360348.5452557,0.0022499561309814453
140539,normal,1622,0,1782360348.5471106,0.0018548965454101562
140540,normal,12,0,1782360348.549157,0.002046346664428711
140541,normal,2684,0,1782360348.551108,0.001950979232788086
140542,normal,2040,0,1782360348.553244,0.00213623046875
140543,normal,1057,0,1782360348.5550022,0.0017580986022949219
140544,normal,2506,0,1782360348.557239,0.0022368431091308594
140545,normal,2814,0,1782360348.5591083,0.00186920166015625
140546,normal,549,0,1782360348.5611575,0.0020492076873779297
140547,normal,957,2,1782360348.5631084,0.001950979232788086
140548,normal,2822,0,1782360348.5652456,0.0021371841430664062
140549,normal,995,2,1782360348.567007,0.0017614364624023438
140550,normal,1718,0,1782360348.569245,0.002238035202026367
140551,normal,2536,0,1782360348.5711114,0.0018663406372070312
140552,normal,1410,0,1782360348.5731802,0.002068758010864258
140553,normal,2589,0,1782360348.5751076,0.0019273757934570312
140554,normal,2733,0,1782360348.5772433,0.002135753631591797
140555,normal,318,0,1782360348.5789876,0.0017442703247070312
140556,normal,3118,1,1782360348.5809813,0.0019936561584472656
140557,normal,689,0,1782360348.583202,0.002220630645751953
140558,normal,2140,0,1782360348.5849595,0.0017576217651367188
140559,normal,2682,0,1782360348.5869498,0.0019903182983398438
140560,normal,2457,0,1782360348.589186,0.0022361278533935547
140561,normal,1343,1,1782360348.5910008,0.0018148422241210938
140562,normal,3268,1,1782360348.5929503,0.0019495487213134766
140563,normal,875,2,1782360348.5951996,0.0022492408752441406
140564,normal,1076,0,1782360348.5969806,0.0017809867858886719
140565,normal,383,0,1782360348.5989492,0.0019686222076416016
140566,normal,3228,1,1782360348.6011872,0.002238035202026367
140567,normal,1702,0,1782360348.6029792,0.0017919540405273438
140568,normal,1575,0,1782360348.6051023,0.002123117446899414
140569,normal,350,0,1782360348.6072545,0.0021522045135498047
140570,normal,2829,0,1782360348.6089802,0.0017256736755371094
140571,normal,2143,0,1782360348.6112692,0.0022890567779541016
140572,normal,2447,0,1782360348.6131094,0.0018401145935058594
140573,normal,1780,0,1782360348.6151369,0.0020275115966796875
140574,normal,3651,0,1782360348.6171079,0.001971006393432617
140575,normal,1501,0,1782360348.6192505,0.002142667770385742
140576,normal,99,0,1782360348.6209786,0.001728057861328125
140577,normal,1267,0,1782360348.6232238,0.002245187759399414
140578,normal,3215,1,1782360348.6251066,0.001882791519165039
140579,normal,768,0,1782360348.627166,0.002059459686279297
140580,normal,2088,0,1782360348.6290853,0.0019192695617675781
140581,normal,507,0,1782360348.6310441,0.0019588470458984375
140582,normal,1877,0,1782360348.6331134,0.002069234848022461
140583,normal,1478,0,1782360348.635041,0.0019276142120361328
140584,normal,2222,0,1782360348.6371927,0.0021517276763916016
140585,normal,3464,0,1782360348.638939,0.0017461776733398438
140586,normal,1172,0,1782360348.641181,0.0022420883178710938
140587,normal,1164,0,1782360348.6430306,0.0018496513366699219
140588,normal,682,0,1782360348.6451132,0.0020825862884521484
140589,normal,2104,0,1782360348.6470268,0.0019135475158691406
140590,normal,1113,0,1782360348.6491816,0.002154827117919922
140591,normal,1409,0,1782360348.6509578,0.0017762184143066406
140592,normal,3008,0,1782360348.653119,0.002161264419555664
140593,normal,357,0,1782360348.6552145,0.002095460891723633
140594,normal,2717,0,1782360348.6569452,0.0017306804656982422
140595,normal,653,0,1782360348.659154,0.002208709716796875
140596,normal,2627,0,1782360348.661122,0.0019681453704833984
140597,normal,1277,0,1782360348.6629448,0.0018227100372314453
140598,normal,3525,0,1782360348.6651287,0.0021839141845703125
140599,normal,1857,0,1782360348.667129,0.0020003318786621094
140600,normal,3554,0,1782360348.6689467,0.0018177032470703125
140601,normal,608,0,1782360348.6711276,0.002180814743041992
140602,normal,1129,0,1782360348.6731277,0.002000093460083008
140603,normal,487,0,1782360348.6749485,0.0018208026885986328
140604,normal,2283,0,1782360348.6771197,0.0021712779998779297
140605,normal,2982,0,1782360348.6791282,0.0020084381103515625
140606,normal,478,0,1782360348.6809444,0.0018162727355957031
140607,normal,2034,0,1782360348.6831267,0.0021822452545166016
140608,normal,1275,0,1782360348.6851184,0.001991748809814453
140609,normal,606,0,1782360348.687151,0.0020325183868408203
140610,normal,3277,1,1782360348.6889858,0.001834869384765625
140611,normal,121,0,1782360348.6912427,0.0022568702697753906
140612,normal,1507,0,1782360348.6929817,0.0017390251159667969
140613,normal,1458,0,1782360348.6951106,0.0021288394927978516
140614,normal,2783,0,1782360348.6972587,0.002148151397705078
140615,normal,1614,0,1782360348.6989799,0.0017211437225341797
140616,normal,2806,0,1782360348.7012544,0.0022745132446289062
140617,normal,2002,0,1782360348.7031088,0.0018544197082519531
140618,normal,489,0,1782360348.705135,0.0020263195037841797
140619,normal,2922,0,1782360348.707109,0.001973867416381836
140620,normal,3396,1,1782360348.709257,0.0021479129791259766
140621,normal,199,0,1782360348.7109811,0.0017242431640625
140622,normal,3279,1,1782360348.7132545,0.0022733211517333984
140623,normal,1131,0,1782360348.715111,0.0018565654754638672
140624,normal,21,0,1782360348.7171326,0.0020215511322021484
140625,normal,1300,0,1782360348.7191048,0.001972198486328125
140626,normal,2949,0,1782360348.7212534,0.0021486282348632812
140627,normal,1431,0,1782360348.722979,0.0017256736755371094
140628,normal,3386,1,1782360348.7252517,0.0022726058959960938
140629,normal,1584,0,1782360348.727117,0.001865386962890625
140630,normal,2996,0,1782360348.7291389,0.00202178955078125
140631,normal,1497,0,1782360348.7311075,0.0019686222076416016
140632,normal,2047,0,1782360348.7332506,0.0021431446075439453
140633,normal,2721,0,1782360348.7349885,0.001737833023071289
140634,normal,3523,0,1782360348.7372527,0.002264261245727539
140635,normal,2349,0,1782360348.7391179,0.0018651485443115234
140636,normal,1544,0,1782360348.7411447,0.002026796340942383
140637,normal,3070,1,1782360348.7431273,0.0019826889038085938
140638,normal,3322,1,1782360348.745259,0.0021317005157470703
140639,normal,1579,0,1782360348.7470086,0.0017495155334472656
140640,normal,674,0,1782360348.74924,0.0022313594818115234
140641,normal,2300,0,1782360348.7511208,0.0018808841705322266
140642,normal,164,0,1782360348.752984,0.001863241195678711
140643,normal,15,0,1782360348.7552643,0.0022802352905273438
140644,normal,2779,0,1782360348.7571855,0.0019211769104003906
140645,normal,1042,0,1782360348.7591658,0.001980304718017578
140646,normal,241,0,1782360348.7611217,0.0019559860229492188
140647,normal,1715,0,1782360348.7632446,0.0021228790283203125
140648,normal,2924,0,1782360348.7649992,0.0017545223236083984
140649,normal,1850,0,1782360348.767252,0.002252817153930664
140650,normal,2614,0,1782360348.7691143,0.0018622875213623047
140651,normal,3357,1,1782360348.7711444,0.0020301342010498047
140652,normal,1304,0,1782360348.773108,0.0019636154174804688
140653,normal,1233,0,1782360348.775243,0.002135038375854492
140654,normal,808,2,1782360348.7770026,0.0017595291137695312
140655,normal,1648,0,1782360348.7792518,0.0022492408752441406
140656,normal,3527,0,1782360348.7811317,0.0018799304962158203
140657,normal,1207,0,1782360348.783005,0.0018732547760009766
140658,normal,3094,1,1782360348.7852392,0.002234220504760742
140659,normal,2900,0,1782360348.787043,0.0018038749694824219
140660,normal,2974,0,1782360348.7890105,0.0019674301147460938
140661,normal,2207,0,1782360348.7911074,0.002096891403198242
140662,normal,1709,0,1782360348.7932427,0.0021352767944335938
140663,normal,2380,0,1782360348.7950027,0.0017600059509277344
140664,normal,1586,0,1782360348.7972422,0.0022394657135009766
140665,normal,3130,1,1782360348.7991104,0.0018682479858398438
140666,normal,132,0,1782360348.8011544,0.0020439624786376953
140667,normal,711,0,1782360348.8031166,0.0019621849060058594
140668,normal,1549,0,1782360348.8052442,0.0021276473999023438
140669,normal,170,0,1782360348.8069866,0.0017423629760742188
140670,normal,3035,0,1782360348.8092442,0.0022575855255126953
140671,normal,3506,0,1782360348.8111093,0.0018651485443115234
140672,normal,2801,0,1782360348.8131142,0.002004861831665039
140673,normal,2989,0,1782360348.8151076,0.001993417739868164
140674,normal,877,2,1782360348.8172448,0.0021371841430664062
140675,normal,2914,0,1782360348.8190036,0.0017588138580322266
140676,normal,96,0,1782360348.8212547,0.002251148223876953
140677,normal,3128,1,1782360348.8231115,0.0018568038940429688
140678,normal,3650,0,1782360348.825159,0.0020475387573242188
140679,normal,1827,0,1782360348.8271074,0.0019483566284179688
140680,normal,3492,0,1782360348.8292432,0.002135753631591797
140681,normal,1679,0,1782360348.8310063,0.0017631053924560547
140682,normal,2672,0,1782360348.833241,0.0022346973419189453
140683,normal,1338,1,1782360348.8351114,0.0018703937530517578
140684,normal,2583,0,1782360348.8371565,0.002045154571533203
140685,normal,33,0,1782360348.8391068,0.0019502639770507812
140686,normal,3690,0,1782360348.8412435,0.002136707305908203
140687,normal,1094,0,1782360348.8430097,0.001766204833984375
140688,normal,400,0,1782360348.8452513,0.0022416114807128906
140689,normal,1949,0,1782360348.8471115,0.0018601417541503906
140690,normal,2695,0,1782360348.8491333,0.00202178955078125
140691,normal,95,0,1782360348.8511064,0.0019731521606445312
140692,normal,2686,0,1782360348.8532434,0.0021369457244873047
140693,normal,2907,0,1782360348.8549817,0.0017383098602294922
140694,normal,1920,0,1782360348.857242,0.002260446548461914
140695,normal,2250,0,1782360348.8591108,0.0018687248229980469
140696,normal,696,0,1782360348.8611317,0.0020208358764648438
140697,normal,554,0,1782360348.8631067,0.0019750595092773438
140698,normal,2544,0,1782360348.8652425,0.002135753631591797
140699,normal,867,2,1782360348.8669827,0.0017402172088623047
140700,normal,3335,1,1782360348.8692412,0.0022585391998291016
140701,normal,1958,0,1782360348.8711088,0.001867532730102539
140702,normal,1309,0,1782360348.873134,0.002025127410888672
140703,normal,1985,0,1782360348.875106,0.001972198486328125
140704,normal,1230,0,1782360348.8772442,0.0021381378173828125
140705,normal,2853,0,1782360348.878981,0.0017368793487548828
140706,normal,359,0,1782360348.8812418,0.0022606849670410156
140707,normal,1215,0,1782360348.8831093,0.001867532730102539
140708,normal,3533,0,1782360348.8851385,0.0020291805267333984
140709,normal,2173,0,1782360348.8871088,0.0019702911376953125
140710,normal,1729,0,1782360348.8892422,0.0021333694458007812
140711,normal,3709,0,1782360348.8909798,0.0017375946044921875
140712,normal,851,2,1782360348.893242,0.002262115478515625
140713,normal,2886,0,1782360348.8951101,0.0018682479858398438
140714,normal,3437,0,1782360348.8971336,0.002023458480834961
140715,normal,2485,0,1782360348.899122,0.0019884109497070312
140716,normal,83,0,1782360348.9012418,0.002119779586791992
140717,normal,1104,0,1782360348.9029803,0.0017385482788085938
140718,normal,3225,1,1782360348.905253,0.0022726058959960938
140719,normal,3174,1,1782360348.9071245,0.0018715858459472656
140720,normal,2424,0,1782360348.9091341,0.0020096302032470703
140721,normal,179,0,1782360348.9111068,0.001972675323486328
140722,normal,59,0,1782360348.9132442,0.002137422561645508
140723,normal,2442,0,1782360348.9151275,0.0018832683563232422
140724,normal,2270,0,1782360348.9171066,0.0019791126251220703
140725,normal,2236,0,1782360348.9192421,0.0021355152130126953
140726,normal,3494,0,1782360348.9209814,0.0017392635345458984
140727,normal,9,0,1782360348.9232821,0.002300739288330078
140728,normal,3528,0,1782360348.9251084,0.0018262863159179688
140729,normal,3371,1,1782360348.9271398,0.0020313262939453125
140730,normal,1502,0,1782360348.9291058,0.0019659996032714844
140731,normal,2916,0,1782360348.931245,0.0021393299102783203
140732,normal,50,0,1782360348.932979,0.001734018325805664
140733,normal,2680,0,1782360348.9352434,0.002264261245727539
140734,normal,470,0,1782360348.9371097,0.0018663406372070312
140735,normal,1869,0,1782360348.9391377,0.0020279884338378906
140736,normal,2660,0,1782360348.9411058,0.0019681453704833984
140737,normal,374,0,1782360348.9432428,0.0021369457244873047
140738,normal,115,0,1782360348.9449792,0.0017364025115966797
140739,normal,2511,0,1782360348.947246,0.0022668838500976562
140740,normal,3609,0,1782360348.949122,0.0018758773803710938
140741,normal,1496,0,1782360348.951139,0.0020170211791992188
140742,normal,277,0,1782360348.9531069,0.001967906951904297
140743,normal,719,0,1782360348.955243,0.00213623046875
140744,normal,2042,0,1782360348.95698,0.0017368793487548828
140745,normal,1658,0,1782360348.959241,0.002260923385620117
140746,normal,1619,0,1782360348.9611082,0.0018672943115234375
140747,normal,375,0,1782360348.963154,0.002045869827270508
140748,normal,2704,0,1782360348.965106,0.0019519329071044922
140749,normal,1494,0,1782360348.9672558,0.002149820327758789
140750,normal,1244,0,1782360348.9689782,0.0017223358154296875
140751,normal,382,0,1782360348.9712386,0.002260446548461914
140752,normal,2985,0,1782360348.9731083,0.0018696784973144531
140753,normal,117,0,1782360348.9751365,0.002028226852416992
140754,normal,3015,0,1782360348.9769776,0.0018410682678222656
140755,normal,113,0,1782360348.9792378,0.0022602081298828125
140756,normal,2581,0,1782360348.9809806,0.0017428398132324219
140757,normal,3007,0,1782360348.9832373,0.002256631851196289
140758,normal,2093,0,1782360348.9851084,0.0018711090087890625
140759,normal,796,2,1782360348.9871347,0.0020263195037841797
140760,normal,1,0,1782360348.9891152,0.0019805431365966797
140761,normal,3693,0,1782360348.991241,0.0021257400512695312
140762,normal,1529,0,1782360348.9929802,0.0017392635345458984
140763,normal,2749,0,1782360348.9952402,0.002259969711303711
140764,normal,2284,0,1782360348.9971137,0.0018734931945800781
140765,normal,45,0,1782360348.9991448,0.002031087875366211
140766,normal,1313,0,1782360349.001128,0.001983165740966797
140767,normal,1205,0,1782360349.0032365,0.0021085739135742188
140768,normal,1066,0,1782360349.0049791,0.0017426013946533203
140769,normal,3098,1,1782360349.0072386,0.002259492874145508
140770,normal,1800,0,1782360349.0091085,0.0018699169158935547
140771,normal,2992,0,1782360349.0111358,0.002027273178100586
140772,normal,2545,0,1782360349.0131154,0.0019795894622802734
140773,normal,3097,1,1782360349.015792,0.0026764869689941406
140774,normal,814,2,1782360349.016986,0.001194000244140625
140775,normal,2241,0,1782360349.0192542,0.0022683143615722656
140776,normal,2123,0,1782360349.021089,0.001834869384765625
140777,normal,2726,0,1782360349.0231652,0.0020761489868164062
140778,normal,712,0,1782360349.0251067,0.0019414424896240234
140779,normal,635,0,1782360349.0272107,0.002104043960571289
140780,normal,563,0,1782360349.029119,0.0019083023071289062
140781,normal,774,2,1782360349.0311563,0.0020372867584228516
140782,normal,2181,0,1782360349.0332534,0.0020971298217773438
140783,normal,3682,0,1782360349.035003,0.0017495155334472656
140784,normal,2087,0,1782360349.037239,0.0022361278533935547
140785,normal,136,0,1782360349.0391028,0.001863718032836914
140786,normal,2674,0,1782360349.0411603,0.0020575523376464844
140787,normal,3374,1,1782360349.0431154,0.0019550323486328125
140788,normal,1632,0,1782360349.0453591,0.0022437572479248047
140789,normal,3164,1,1782360349.047109,0.0017497539520263672
140790,normal,437,0,1782360349.0491285,0.002019643783569336
140791,normal,742,0,1782360349.0512466,0.0021181106567382812
140792,normal,284,0,1782360349.0530028,0.0017561912536621094
140793,normal,2137,0,1782360349.0552468,0.0022439956665039062
140794,normal,2070,0,1782360349.0571027,0.0018558502197265625
140795,normal,2412,0,1782360349.0591354,0.002032756805419922
140796,normal,2774,0,1782360349.0611043,0.001968860626220703
140797,normal,219,0,1782360349.063241,0.002136707305908203
140798,normal,360,0,1782360349.0650065,0.0017654895782470703
140799,normal,3385,1,1782360349.0672429,0.0022363662719726562
140800,normal,1704,0,1782360349.0691082,0.001865386962890625
140801,normal,2263,0,1782360349.0711637,0.0020554065704345703
140802,normal,193,0,1782360349.0731063,0.0019426345825195312
140803,normal,2723,0,1782360349.0752435,0.0021371841430664062
140804,normal,2039,0,1782360349.0769792,0.001735687255859375
140805,normal,612,0,1782360349.0792534,0.0022742748260498047
140806,normal,2096,0,1782360349.081107,0.0018534660339355469
140807,normal,528,0,1782360349.083157,0.002050161361694336
140808,normal,472,0,1782360349.0851066,0.0019495487213134766
140809,normal,879,2,1782360349.0872474,0.0021407604217529297
140810,normal,844,2,1782360349.0890026,0.0017552375793457031
140811,normal,1463,0,1782360349.091044,0.002041339874267578
140812,normal,2532,0,1782360349.0932453,0.0022013187408447266
140813,normal,3096,1,1782360349.0949798,0.0017344951629638672
140814,normal,3454,0,1782360349.0972385,0.002258777618408203
140815,normal,3430,0,1782360349.09911,0.001871347427368164
140816,normal,481,0,1782360349.1011298,0.0020198822021484375
140817,normal,3271,1,1782360349.1031098,0.0019800662994384766
140818,normal,327,0,1782360349.1052413,0.0021314620971679688
140819,normal,634,0,1782360349.1069913,0.0017499923706054688
140820,normal,1793,0,1782360349.1092393,0.002248048782348633
140821,normal,2868,0,1782360349.1111095,0.0018701553344726562
140822,normal,3239,1,1782360349.1131325,0.002022981643676758
140823,normal,2129,0,1782360349.1151004,0.001967906951904297
140824,normal,3025,0,1782360349.11724,0.002139568328857422
140825,normal,3167,1,1782360349.118985,0.001744985580444336
140826,normal,1421,0,1782360349.1212392,0.0022542476654052734
140827,normal,493,0,1782360349.1231081,0.0018689632415771484
140828,normal,2484,0,1782360349.1251338,0.002025604248046875
140829,normal,315,0,1782360349.1271067,0.0019729137420654297
140830,normal,3405,0,1782360349.129239,0.002132415771484375
140831,normal,3626,0,1782360349.130979,0.0017399787902832031
140832,normal,420,0,1782360349.1332636,0.002284526824951172
140833,normal,3189,1,1782360349.1350706,0.0018069744110107422
140834,normal,1369,1,1782360349.1371126,0.002042055130004883
140835,normal,2003,0,1782360349.13904,0.0019273757934570312
140836,normal,942,2,1782360349.141197,0.002156972885131836
140837,normal,2116,0,1782360349.1429293,0.0017323493957519531
140838,normal,3660,0,1782360349.145119,0.00218963623046875
140839,normal,2062,0,1782360349.1471229,0.002003908157348633
140840,normal,1814,0,1782360349.1489298,0.0018069744110107422
140841,normal,1373,1,1782360349.1512291,0.0022993087768554688
140842,normal,1428,0,1782360349.1530745,0.0018453598022460938
140843,normal,2307,0,1782360349.1551561,0.002081632614135742
140844,normal,934,2,1782360349.1570108,0.0018546581268310547
140845,normal,1661,0,1782360349.1592884,0.0022776126861572266
140846,normal,1339,1,1782360349.1609814,0.0016930103302001953
140847,normal,1725,0,1782360349.1631362,0.002154827117919922
140848,normal,1599,0,1782360349.1652784,0.002142190933227539
140849,normal,3329,1,1782360349.1669838,0.0017054080963134766
140850,normal,1990,0,1782360349.169144,0.0021600723266601562
140851,normal,1693,0,1782360349.1712623,0.002118349075317383
140852,normal,3108,1,1782360349.1729999,0.0017375946044921875
140853,normal,3556,0,1782360349.1751888,0.0021889209747314453
140854,normal,3610,0,1782360349.177293,0.0021042823791503906
140855,normal,750,0,1782360349.178985,0.001692056655883789
140856,normal,2008,0,1782360349.1811383,0.002153158187866211
140857,normal,2773,0,1782360349.183263,0.002124786376953125
140858,normal,351,0,1782360349.1850145,0.0017514228820800781
140859,normal,2691,0,1782360349.1871397,0.002125263214111328
140860,normal,1617,0,1782360349.189249,0.0021092891693115234
140861,normal,991,2,1782360349.1909847,0.001735687255859375
140862,normal,2987,0,1782360349.1931345,0.002149820327758789
140863,normal,1437,0,1782360349.1952648,0.002130270004272461
140864,normal,2439,0,1782360349.1969998,0.0017349720001220703
140865,normal,2030,0,1782360349.1991374,0.0021376609802246094
140866,normal,3487,0,1782360349.2012506,0.0021131038665771484
140867,normal,2376,0,1782360349.2029912,0.0017406940460205078
140868,normal,1294,0,1782360349.2051773,0.0021860599517822266
140869,normal,1682,0,1782360349.2072656,0.002088308334350586
140870,normal,1048,0,1782360349.2090013,0.001735687255859375
140871,normal,2606,0,1782360349.2111397,0.002138376235961914
140872,normal,3457,0,1782360349.2132487,0.002109050750732422
140873,normal,3090,1,1782360349.2149985,0.0017497539520263672
140874,normal,1835,0,1782360349.217169,0.002170562744140625
140875,normal,1962,0,1782360349.219274,0.0021049976348876953
140876,normal,694,0,1782360349.2210023,0.0017282962799072266
140877,normal,684,0,1782360349.2231364,0.002134084701538086
140878,normal,2818,0,1782360349.22528,0.0021436214447021484
140879,normal,3024,0,1782360349.226985,0.0017049312591552734
140880,normal,2975,0,1782360349.229139,0.002154111862182617
140881,normal,1724,0,1782360349.231249,0.002110004425048828
140882,normal,2435,0,1782360349.233005,0.0017559528350830078
140883,normal,809,2,1782360349.234987,0.001981973648071289
140884,normal,803,2,1782360349.2372615,0.0022745132446289062
140885,normal,3632,0,1782360349.2390049,0.001743316650390625
140886,normal,3345,1,1782360349.2411666,0.002161741256713867
140887,normal,1974,0,1782360349.2432694,0.0021028518676757812
140888,normal,797,2,1782360349.245006,0.0017366409301757812
140889,normal,946,2,1782360349.2469828,0.0019767284393310547
140890,normal,1159,0,1782360349.2492683,0.002285480499267578
140891,normal,883,2,1782360349.251004,0.001735687255859375
140892,normal,610,0,1782360349.2531426,0.0021386146545410156
140893,normal,1551,0,1782360349.2552738,0.002131223678588867
140894,normal,2285,0,1782360349.2570102,0.0017364025115966797
140895,normal,3113,1,1782360349.2590866,0.002076387405395508
140896,normal,1155,0,1782360349.2612665,0.002179861068725586
140897,normal,2038,0,1782360349.2630036,0.0017371177673339844
140898,normal,3577,0,1782360349.2651389,0.0021352767944335938
140899,normal,1747,0,1782360349.267265,0.0021262168884277344
140900,normal,3229,1,1782360349.2690127,0.0017476081848144531
140901,normal,64,0,1782360349.2711287,0.002115964889526367
140902,normal,2056,0,1782360349.2732584,0.002129793167114258
140903,normal,2895,0,1782360349.2750132,0.0017547607421875
140904,normal,2216,0,1782360349.2771673,0.002154111862182617
140905,normal,3625,0,1782360349.279249,0.002081632614135742
140906,normal,2718,0,1782360349.2810144,0.0017654895782470703
140907,normal,1664,0,1782360349.2831373,0.0021228790283203125
140908,normal,1803,0,1782360349.2850876,0.0019502639770507812
140909,normal,3514,0,1782360349.2871566,0.0020689964294433594
140910,normal,1429,0,1782360349.2889938,0.0018372535705566406
140911,normal,1273,0,1782360349.2912688,0.0022749900817871094
140912,normal,1303,0,1782360349.2930098,0.0017409324645996094
140913,normal,3633,0,1782360349.2951376,0.0021278858184814453
140914,normal,1659,0,1782360349.2972467,0.002109050750732422
140915,normal,1673,0,1782360349.2989862,0.001739501953125
140916,normal,1852,0,1782360349.3011444,0.0021581649780273438
140917,normal,2833,0,1782360349.3032665,0.002122163772583008
140918,normal,1509,0,1782360349.3050137,0.00174713134765625
140919,normal,292,0,1782360349.3071358,0.002122163772583008
140920,normal,1726,0,1782360349.3093057,0.0021698474884033203
140921,normal,2345,0,1782360349.3109858,0.001680135726928711
140922,normal,3502,0,1782360349.3131418,0.0021560192108154297
140923,normal,26,0,1782360349.3152704,0.00212860107421875
140924,normal,3224,1,1782360349.3170135,0.0017430782318115234
140925,normal,2795,0,1782360349.3191633,0.002149820327758789
140926,normal,639,0,1782360349.321276,0.0021126270294189453
140927,normal,1608,0,1782360349.322982,0.0017061233520507812
140928,normal,384,0,1782360349.3251307,0.0021486282348632812
140929,normal,2486,0,1782360349.327245,0.0021142959594726562
140930,normal,801,2,1782360349.328946,0.0017011165618896484
140931,normal,2170,0,1782360349.3312097,0.0022635459899902344
140932,normal,1282,0,1782360349.3329504,0.0017406940460205078
140933,normal,1568,0,1782360349.334981,0.002030611038208008
140934,normal,1063,0,1782360349.3369193,0.0019383430480957031
140935,normal,1259,0,1782360349.3390207,0.002101421356201172
140936,normal,3347,1,1782360349.3408775,0.0018568038940429688
140937,normal,1406,0,1782360349.3430178,0.0021402835845947266
140938,normal,3620,0,1782360349.3451195,0.0021016597747802734
140939,normal,446,0,1782360349.3468783,0.0017588138580322266
140940,normal,962,2,1782360349.349313,0.0024347305297851562
140941,normal,623,0,1782360349.3510935,0.0017805099487304688
140942,normal,1831,0,1782360349.3529103,0.0018167495727539062
140943,normal,3686,0,1782360349.3550754,0.002165079116821289
140944,normal,365,0,1782360349.3570867,0.0020112991333007812
140945,normal,2840,0,1782360349.3589342,0.0018475055694580078
140946,normal,2367,0,1782360349.3610907,0.002156496047973633
140947,normal,2312,0,1782360349.3630912,0.002000570297241211
140948,normal,440,0,1782360349.364937,0.0018458366394042969
140949,normal,79,0,1782360349.3670912,0.002154111862182617
140950,normal,2815,0,1782360349.3690898,0.0019986629486083984
140951,normal,1741,0,1782360349.370934,0.001844167709350586
140952,normal,2411,0,1782360349.3730888,0.002154827117919922
140953,normal,3493,0,1782360349.3750865,0.001997709274291992
140954,normal,1818,0,1782360349.376935,0.001848459243774414
140955,normal,1938,0,1782360349.3791623,0.002227306365966797
140956,normal,2508,0,1782360349.3809392,0.0017769336700439453
140957,normal,1917,0,1782360349.3830945,0.002155303955078125
140958,normal,1964,0,1782360349.3849356,0.0018410682678222656
140959,normal,2500,0,1782360349.3870885,0.0021529197692871094
140960,normal,2716,0,1782360349.3889325,0.0018439292907714844
140961,normal,3426,0,1782360349.391106,0.0021734237670898438
140962,normal,2077,0,1782360349.3930867,0.0019807815551757812
140963,normal,932,2,1782360349.3949358,0.0018491744995117188
140964,normal,3147,1,1782360349.3970892,0.0021533966064453125
140965,normal,1997,0,1782360349.3990889,0.0019996166229248047
140966,normal,1986,0,1782360349.4009328,0.0018439292907714844
140967,normal,2689,0,1782360349.403093,0.002160310745239258
140968,normal,2382,0,1782360349.4050841,0.0019910335540771484
140969,normal,3619,0,1782360349.406935,0.0018508434295654297
140970,normal,1618,0,1782360349.4090922,0.0021572113037109375
140971,normal,3183,1,1782360349.4110897,0.0019974708557128906
140972,normal,1434,0,1782360349.4129093,0.001819610595703125
140973,normal,3030,0,1782360349.4150996,0.0021903514862060547
140974,normal,2458,0,1782360349.4169765,0.0018768310546875
140975,normal,530,0,1782360349.418942,0.0019655227661132812
140976,normal,3319,1,1782360349.421109,0.0021669864654541016
140977,normal,3346,1,1782360349.4231093,0.0020003318786621094
140978,normal,1732,0,1782360349.4249346,0.0018253326416015625
140979,normal,3031,0,1782360349.4270985,0.0021638870239257812
140980,normal,3157,1,1782360349.4290972,0.0019986629486083984
140981,normal,1175,0,1782360349.4309464,0.0018491744995117188
140982,normal,864,2,1782360349.4331336,0.0021872520446777344
140983,normal,2211,0,1782360349.4349334,0.0017998218536376953
140984,normal,191,0,1782360349.4370914,0.002157926559448242
140985,normal,390,0,1782360349.4389362,0.0018448829650878906
140986,normal,71,0,1782360349.4411094,0.002173185348510742
140987,normal,1762,0,1782360349.4429247,0.0018153190612792969
140988,normal,1514,0,1782360349.445089,0.0021643638610839844
140989,normal,2374,0,1782360349.4470928,0.0020036697387695312
140990,normal,1325,1,1782360349.4489338,0.0018410682678222656
140991,normal,776,2,1782360349.4510918,0.002157926559448242
140992,normal,1511,0,1782360349.453108,0.002016305923461914
140993,normal,4,0,1782360349.4549332,0.001825094223022461
140994,normal,2724,0,1782360349.4570968,0.0021636486053466797
140995,normal,2705,0,1782360349.4590821,0.001985311508178711
140996,normal,3470,0,1782360349.4609344,0.001852273941040039
140997,normal,3427,0,1782360349.4631133,0.0021789073944091797
140998,normal,575,0,1782360349.4650838,0.001970529556274414
140999,normal,664,0,1782360349.4669337,0.0018498897552490234
141000,normal,1058,0,1782360349.4691226,0.0021889209747314453
141001,normal,2897,0,1782360349.4710956,0.0019729137420654297
141002,normal,3565,0,1782360349.472932,0.001836538314819336
141003,normal,3672,0,1782360349.4751215,0.0021893978118896484
141004,normal,1027,2,1782360349.4770844,0.001962900161743164
141005,normal,1026,2,1782360349.4789367,0.001852273941040039
141006,normal,655,0,1782360349.4810882,0.0021514892578125
141007,normal,2287,0,1782360349.4830868,0.0019986629486083984
141008,normal,737,0,1782360349.4849436,0.0018568038940429688
141009,normal,2384,0,1782360349.4871814,0.0022377967834472656
141010,normal,2543,0,1782360349.4890022,0.0018208026885986328
141011,normal,89,0,1782360349.4910917,0.0020895004272460938
141012,normal,1286,0,1782360349.4929566,0.0018649101257324219
141013,normal,1873,0,1782360349.4951081,0.0021514892578125
141014,normal,1894,0,1782360349.4969418,0.0018336772918701172
141015,normal,1653,0,1782360349.499129,0.0021872520446777344
141016,normal,2588,0,1782360349.501111,0.001981973648071289
141017,normal,2730,0,1782360349.5029333,0.0018222332000732422
141018,normal,3100,1,1782360349.5051115,0.002178192138671875
141019,normal,147,0,1782360349.5071099,0.001998424530029297
141020,normal,3489,0,1782360349.5089383,0.0018284320831298828
141021,normal,423,0,1782360349.5110397,0.002101421356201172
141022,normal,3036,0,1782360349.513103,0.002063274383544922
141023,normal,2744,0,1782360349.5149317,0.0018286705017089844
141024,normal,1987,0,1782360349.5171,0.002168416976928711
141025,normal,1115,0,1782360349.5191143,0.00201416015625
141026,normal,1202,0,1782360349.5209591,0.0018448829650878906
141027,normal,1686,0,1782360349.523148,0.0021889209747314453
141028,normal,1433,0,1782360349.5251036,0.0019555091857910156
141029,normal,1605,0,1782360349.5269368,0.001833200454711914
141030,normal,1603,0,1782360349.5291138,0.002177000045776367
141031,normal,1591,0,1782360349.5311096,0.0019958019256591797
141032,normal,2556,0,1782360349.5329356,0.0018260478973388672
141033,normal,1105,0,1782360349.535133,0.002197265625
141034,normal,1302,0,1782360349.5371203,0.001987457275390625
141035,normal,308,0,1782360349.5389373,0.0018169879913330078
141036,normal,3601,0,1782360349.5411136,0.0021762847900390625
141037,normal,3604,0,1782360349.5431166,0.0020029544830322266
141038,normal,1015,2,1782360349.5449357,0.0018191337585449219
141039,normal,997,2,1782360349.5471196,0.0021839141845703125
141040,normal,920,2,1782360349.5491102,0.0019905567169189453
141041,normal,1127,0,1782360349.5509357,0.001825571060180664
141042,normal,831,2,1782360349.5531158,0.0021800994873046875
141043,normal,923,2,1782360349.5551093,0.001993417739868164
141044,normal,3353,1,1782360349.5569375,0.0018281936645507812
141045,normal,2515,0,1782360349.5591152,0.002177715301513672
141046,normal,3184,1,1782360349.5611107,0.001995563507080078
141047,normal,3548,0,1782360349.5629346,0.0018239021301269531
141048,normal,640,0,1782360349.5651124,0.002177715301513672
141049,normal,1789,0,1782360349.5671096,0.001997232437133789
141050,normal,1650,0,1782360349.5689344,0.0018248558044433594
141051,normal,1966,0,1782360349.5711162,0.0021817684173583984
141052,normal,2314,0,1782360349.5731091,0.001992940902709961
141053,normal,473,0,1782360349.5749364,0.001827239990234375
141054,normal,2983,0,1782360349.5771134,0.002177000045776367
141055,normal,3021,0,1782360349.5791094,0.0019960403442382812
141056,normal,3226,1,1782360349.5809364,0.0018270015716552734
141057,normal,1954,0,1782360349.5831144,0.0021779537200927734
141058,normal,595,0,1782360349.585111,0.0019965171813964844
141059,normal,3179,1,1782360349.5869415,0.0018305778503417969
141060,normal,158,0,1782360349.5891113,0.0021698474884033203
141061,normal,416,0,1782360349.5911086,0.001997232437133789
141062,normal,1676,0,1782360349.592936,0.0018274784088134766
141063,normal,363,0,1782360349.5951152,0.0021791458129882812
141064,normal,2760,0,1782360349.597118,0.002002716064453125
141065,normal,1645,0,1782360349.5989358,0.001817941665649414
141066,normal,2810,0,1782360349.6011126,0.0021767616271972656
141067,normal,2166,0,1782360349.6031117,0.0019991397857666016
141068,normal,2375,0,1782360349.6049356,0.0018239021301269531
141069,normal,786,2,1782360349.6071126,0.002177000045776367
141070,normal,3684,0,1782360349.6091151,0.0020024776458740234
141071,normal,1119,0,1782360349.6109362,0.0018210411071777344
141072,normal,2872,0,1782360349.613113,0.0021767616271972656
141073,normal,2197,0,1782360349.6153588,0.0022459030151367188
141074,normal,2225,0,1782360349.6171312,0.0017724037170410156
141075,normal,3053,1,1782360349.6189396,0.0018084049224853516
141076,normal,3679,0,1782360349.6210933,0.002153635025024414
141077,normal,650,0,1782360349.6229308,0.0018374919891357422
141078,normal,2613,0,1782360349.6251042,0.0021734237670898438
141079,normal,2363,0,1782360349.6271026,0.001998424530029297
141080,normal,3133,1,1782360349.6289968,0.001894235610961914
141081,normal,1100,0,1782360349.631074,0.0020771026611328125
141082,normal,2629,0,1782360349.633118,0.0020439624786376953
141083,normal,2330,0,1782360349.6349194,0.0018014907836914062
141084,normal,761,0,1782360349.6372337,0.002314329147338867
141085,normal,2205,0,1782360349.639084,0.0018503665924072266
141086,normal,3498,0,1782360349.6411922,0.0021080970764160156
141087,normal,632,0,1782360349.6430256,0.0018334388732910156
141088,normal,268,0,1782360349.6452708,0.002245187759399414
141089,normal,296,0,1782360349.647005,0.0017342567443847656
141090,normal,2264,0,1782360349.6491385,0.0021333694458007812
141091,normal,444,0,1782360349.651277,0.0021386146545410156
141092,normal,2398,0,1782360349.6530128,0.001735687255859375
141093,normal,2195,0,1782360349.6553211,0.002308368682861328
141094,normal,1537,0,1782360349.6570623,0.001741170883178711
141095,normal,916,2,1782360349.6590044,0.0019421577453613281
141096,normal,986,2,1782360349.6610026,0.0019981861114501953
141097,normal,2210,0,1782360349.6632733,0.0022706985473632812
141098,normal,1694,0,1782360349.6649897,0.0017163753509521484
141099,normal,78,0,1782360349.667197,0.0022072792053222656
141100,normal,1739,0,1782360349.6690779,0.0018808841705322266
141101,normal,738,0,1782360349.6711695,0.002091646194458008
141102,normal,1774,0,1782360349.6729825,0.0018129348754882812
141103,normal,2395,0,1782360349.675272,0.0022895336151123047
141104,normal,2759,0,1782360349.6769812,0.0017092227935791016
141105,normal,7,0,1782360349.6792028,0.0022215843200683594
141106,normal,2878,0,1782360349.6810775,0.001874685287475586
141107,normal,27,0,1782360349.683164,0.0020864009857177734
141108,normal,558,0,1782360349.6850424,0.001878499984741211
141109,normal,1361,1,1782360349.6871371,0.002094745635986328
141110,normal,901,2,1782360349.6890693,0.0019321441650390625
141111,normal,1470,0,1782360349.690981,0.0019116401672363281
141112,normal,126,0,1782360349.6932611,0.0022802352905273438
141113,normal,1376,1,1782360349.6949806,0.0017194747924804688
141114,normal,2728,0,1782360349.6971338,0.002153158187866211
141115,normal,3311,1,1782360349.6992722,0.002138376235961914
141116,normal,3207,1,1782360349.7009804,0.0017082691192626953
141117,normal,2094,0,1782360349.7031505,0.002170085906982422
141118,normal,681,0,1782360349.705069,0.0019185543060302734
141119,normal,3330,1,1782360349.7071486,0.002079486846923828
141120,normal,2862,0,1782360349.7089806,0.0018320083618164062
141121,normal,3416,0,1782360349.7112732,0.002292633056640625
141122,normal,3361,1,1782360349.7129834,0.0017101764678955078
141123,normal,1571,0,1782360349.715254,0.0022706985473632812
141124,normal,1647,0,1782360349.7170992,0.0018451213836669922
141125,normal,3608,0,1782360349.7191417,0.002042531967163086
141126,normal,1856,0,1782360349.7209787,0.001837015151977539
141127,normal,817,2,1782360349.7232327,0.002254009246826172
141128,normal,376,0,1782360349.724983,0.0017502307891845703
141129,normal,966,2,1782360349.7271338,0.0021507740020751953
141130,normal,744,0,1782360349.7292764,0.002142667770385742
141131,normal,3562,0,1782360349.7309887,0.0017123222351074219
141132,normal,3465,0,1782360349.7331407,0.002151966094970703
141133,normal,3513,0,1782360349.7352586,0.0021178722381591797
141134,normal,1721,0,1782360349.7369819,0.0017232894897460938
141135,normal,457,0,1782360349.7391348,0.0021529197692871094
141136,normal,108,0,1782360349.741267,0.0021321773529052734
141137,normal,3237,1,1782360349.742987,0.0017199516296386719
141138,normal,74,0,1782360349.745143,0.0021560192108154297
141139,normal,2835,0,1782360349.7472513,0.002108335494995117
141140,normal,3114,1,1782360349.7489834,0.0017321109771728516
141141,normal,1923,0,1782360349.7511346,0.0021512508392333984
141142,normal,1707,0,1782360349.7532694,0.0021347999572753906
141143,normal,221,0,1782360349.7549822,0.001712799072265625
141144,normal,1315,0,1782360349.7572355,0.002253293991088867
141145,normal,1091,0,1782360349.7590742,0.00183868408203125
141146,normal,167,0,1782360349.7611346,0.002060413360595703
141147,normal,14,0,1782360349.7629828,0.0018482208251953125
141148,normal,1578,0,1782360349.7652612,0.0022783279418945312
141149,normal,3000,0,1782360349.7669842,0.0017230510711669922
141150,normal,2847,0,1782360349.7691355,0.0021512508392333984
141151,normal,1371,1,1782360349.7712743,0.002138853073120117
141152,normal,3697,0,1782360349.7729821,0.0017077922821044922
141153,normal,3059,1,1782360349.7751813,0.0021991729736328125
141154,normal,3086,1,1782360349.777073,0.0018916130065917969
141155,normal,2389,0,1782360349.7791483,0.0020754337310791016
141156,normal,3208,1,1782360349.780988,0.0018396377563476562
141157,normal,3186,1,1782360349.7832685,0.0022804737091064453
141158,normal,3463,0,1782360349.7849817,0.0017132759094238281
141159,normal,853,2,1782360349.7871344,0.002152681350708008
141160,normal,1581,0,1782360349.7892478,0.00211334228515625
141161,normal,2029,0,1782360349.790987,0.0017392635345458984
141162,normal,866,2,1782360349.7931364,0.002149343490600586
141163,normal,3004,0,1782360349.7952783,0.0021419525146484375
141164,normal,368,0,1782360349.7969828,0.0017044544219970703
141165,normal,92,0,1782360349.7991447,0.0021619796752929688
141166,normal,3351,1,1782360349.801288,0.0021431446075439453
141167,normal,759,0,1782360349.8029807,0.0016927719116210938
141168,normal,592,0,1782360349.80514,0.0021593570709228516
141169,normal,2175,0,1782360349.8072727,0.0021326541900634766
141170,normal,1054,0,1782360349.8090174,0.0017447471618652344
141171,normal,385,0,1782360349.8111477,0.002130270004272461
141172,normal,2232,0,1782360349.813268,0.0021202564239501953
141173,normal,2453,0,1782360349.8150194,0.0017514228820800781
141174,normal,1146,0,1782360349.8171399,0.002120494842529297
141175,normal,2100,0,1782360349.8192592,0.002119302749633789
141176,normal,964,2,1782360349.8210464,0.0017871856689453125
141177,normal,475,0,1782360349.8231378,0.0020914077758789062
141178,normal,2164,0,1782360349.8252923,0.0021545886993408203
141179,normal,1518,0,1782360349.8269815,0.0016891956329345703
141180,normal,3077,1,1782360349.829139,0.002157449722290039
141181,normal,2192,0,1782360349.8312755,0.0021364688873291016
141182,normal,1085,0,1782360349.8330166,0.001741170883178711
141183,normal,1227,0,1782360349.8351405,0.0021238327026367188
141184,normal,1900,0,1782360349.8372548,0.0021142959594726562
141185,normal,2981,0,1782360349.8389864,0.0017316341400146484
141186,normal,2071,0,1782360349.8411393,0.0021529197692871094
141187,normal,2852,0,1782360349.8432596,0.0021202564239501953
141188,normal,3442,0,1782360349.8449948,0.0017352104187011719
141189,normal,1922,0,1782360349.8471396,0.0021448135375976562
141190,normal,2908,0,1782360349.8492413,0.0021016597747802734
141191,normal,1699,0,1782360349.8509467,0.0017054080963134766
141192,normal,476,0,1782360349.853096,0.002149343490600586
141193,normal,1352,1,1782360349.8551657,0.002069711685180664
141194,normal,2113,0,1782360349.8569388,0.0017731189727783203
141195,normal,1841,0,1782360349.8591394,0.002200603485107422
141196,normal,2174,0,1782360349.861112,0.001972675323486328
141197,normal,174,0,1782360349.8629367,0.0018246173858642578
141198,normal,560,0,1782360349.8651145,0.002177715301513672
141199,normal,1191,0,1782360349.8671083,0.001993894577026367
141200,normal,3173,1,1782360349.868939,0.0018305778503417969
141201,normal,3644,0,1782360349.8711143,0.0021753311157226562
141202,normal,2523,0,1782360349.8731117,0.0019974708557128906
141203,normal,910,2,1782360349.8749363,0.0018246173858642578
141204,normal,2997,0,1782360349.8771152,0.0021789073944091797
141205,normal,3099,1,1782360349.8791103,0.001995086669921875
141206,normal,2242,0,1782360349.880936,0.001825571060180664
141207,normal,515,0,1782360349.883116,0.0021800994873046875
141208,normal,1781,0,1782360349.8851092,0.0019931793212890625
141209,normal,2805,0,1782360349.8869495,0.001840353012084961
141210,normal,1587,0,1782360349.8891191,0.0021696090698242188
141211,normal,1347,1,1782360349.8909624,0.0018432140350341797
141212,normal,2867,0,1782360349.893096,0.002133607864379883
141213,normal,3267,1,1782360349.8949564,0.0018603801727294922
141214,normal,2938,0,1782360349.89711,0.002153635025024414
141215,normal,3687,0,1782360349.8989415,0.0018315315246582031
141216,normal,1558,0,1782360349.9011161,0.0021746158599853516
141217,normal,2496,0,1782360349.9031088,0.0019927024841308594
141218,normal,1864,0,1782360349.9049454,0.001836538314819336
141219,normal,1761,0,1782360349.9071152,0.0021698474884033203
141220,normal,2114,0,1782360349.9091094,0.0019941329956054688
141221,normal,2954,0,1782360349.910936,0.0018267631530761719
141222,normal,3467,0,1782360349.9131155,0.002179384231567383
141223,normal,1802,0,1782360349.91511,0.001994609832763672
141224,normal,1886,0,1782360349.9169362,0.0018260478973388672
141225,normal,3253,1,1782360349.9191017,0.002165555953979492
141226,normal,2011,0,1782360349.9211094,0.002007722854614258
141227,normal,1839,0,1782360349.9229376,0.0018281936645507812
141228,normal,940,2,1782360349.9251044,0.002166748046875
141229,normal,1642,0,1782360349.9269576,0.0018532276153564453
141230,normal,305,0,1782360349.9289365,0.0019788742065429688
141231,normal,907,2,1782360349.931112,0.002175569534301758
141232,normal,1023,2,1782360349.9331043,0.0019922256469726562
141233,normal,3549,0,1782360349.9349349,0.0018305778503417969
141234,normal,628,0,1782360349.9371424,0.002207517623901367
141235,normal,3006,0,1782360349.9391117,0.0019693374633789062
141236,normal,2528,0,1782360349.9409387,0.0018270015716552734
141237,normal,2793,0,1782360349.9431157,0.002177000045776367
141238,normal,1053,0,1782360349.9451103,0.001994609832763672
141239,normal,1639,0,1782360349.9469373,0.0018270015716552734
141240,normal,2926,0,1782360349.9491134,0.002176046371459961
141241,normal,2632,0,1782360349.9511075,0.0019941329956054688
141242,normal,2335,0,1782360349.952936,0.0018284320831298828
141243,normal,2624,0,1782360349.9551156,0.0021796226501464844
141244,normal,463,0,1782360349.9571087,0.0019931793212890625
141245,normal,1836,0,1782360349.9589372,0.0018284320831298828
141246,normal,2005,0,1782360349.9611158,0.002178668975830078
141247,normal,3061,1,1782360349.9631073,0.0019915103912353516
141248,normal,1095,0,1782360349.9649374,0.0018301010131835938
141249,normal,2928,0,1782360349.967124,0.0021865367889404297
141250,normal,413,0,1782360349.9691064,0.001982450485229492
141251,normal,2880,0,1782360349.970936,0.0018296241760253906
141252,normal,1862,0,1782360349.9731147,0.002178668975830078
141253,normal,155,0,1782360349.9751308,0.0020160675048828125
141254,normal,319,0,1782360349.976952,0.001821279525756836
141255,normal,1492,0,1782360349.97894,0.001987934112548828
141256,normal,3136,1,1782360349.9811125,0.0021724700927734375
141257,normal,1165,0,1782360349.982936,0.00182342529296875
141258,normal,2385,0,1782360349.9851167,0.002180814743041992
141259,normal,1308,0,1782360349.987109,0.0019922256469726562
141260,normal,795,2,1782360349.988935,0.0018260478973388672
141261,normal,1953,0,1782360349.991021,0.0020859241485595703
141262,normal,3290,1,1782360349.9929616,0.0019407272338867188
141263,normal,2836,0,1782360349.9950976,0.0021359920501708984
141264,normal,328,0,1782360349.9969563,0.0018587112426757812
141265,normal,3691,0,1782360349.999107,0.0021505355834960938
141266,normal,3112,1,1782360350.0009377,0.0018308162689208984
141267,normal,3507,0,1782360350.0031152,0.0021774768829345703
141268,normal,1768,0,1782360350.0051103,0.001995086669921875
141269,normal,3509,0,1782360350.0069368,0.0018265247344970703
141270,normal,913,2,1782360350.0091157,0.0021789073944091797
141271,normal,1766,0,1782360350.0111103,0.001994609832763672
141272,normal,740,0,1782360350.0129359,0.001825571060180664
141273,normal,1151,0,1782360350.0151231,0.0021872520446777344
141274,normal,3181,1,1782360350.0171099,0.0019867420196533203
141275,normal,2370,0,1782360350.0189376,0.0018277168273925781
141276,normal,235,0,1782360350.021111,0.0021734237670898438
141277,normal,1779,0,1782360350.023111,0.002000093460083008
141278,normal,1342,1,1782360350.0249374,0.0018262863159179688
141279,normal,1220,0,1782360350.0271137,0.0021762847900390625
141280,normal,2049,0,1782360350.029107,0.001993417739868164
141281,normal,2592,0,1782360350.0309362,0.0018291473388671875
141282,normal,3073,1,1782360350.0331159,0.0021796226501464844
141283,normal,1559,0,1782360350.0351095,0.0019936561584472656
141284,normal,2425,0,1782360350.0369651,0.001855611801147461
141285,normal,233,0,1782360350.039114,0.002148866653442383
141286,normal,1716,0,1782360350.0411115,0.0019974708557128906
141287,normal,3134,1,1782360350.042935,0.00182342529296875
141288,normal,2154,0,1782360350.0451128,0.0021779537200927734
141289,normal,2510,0,1782360350.0471175,0.0020046234130859375
141290,normal,1210,0,1782360350.0489373,0.0018198490142822266
141291,normal,1274,0,1782360350.0511143,0.002177000045776367
141292,normal,2620,0,1782360350.0531206,0.0020062923431396484
141293,normal,1060,0,1782360350.0549405,0.0018198490142822266
141294,normal,3373,1,1782360350.0571156,0.0021750926971435547
141295,normal,3681,0,1782360350.0591078,0.0019922256469726562
141296,normal,497,0,1782360350.060954,0.0018463134765625
141297,normal,1390,0,1782360350.063129,0.002174854278564453
141298,normal,3419,0,1782360350.065109,0.0019800662994384766
141299,normal,3234,1,1782360350.0669363,0.001827239990234375
141300,normal,1560,0,1782360350.0691144,0.002178192138671875
141301,normal,1297,0,1782360350.0711102,0.0019958019256591797
141302,normal,62,0,1782360350.0729368,0.0018265247344970703
141303,normal,3519,0,1782360350.0751147,0.0021779537200927734
141304,normal,2854,0,1782360350.0771146,0.0019998550415039062
141305,normal,3475,0,1782360350.0789363,0.001821756362915039
141306,normal,518,0,1782360350.0811126,0.0021762847900390625
141307,normal,3163,1,1782360350.083109,0.001996278762817383
141308,normal,506,0,1782360350.084934,0.001825094223022461
141309,normal,3488,0,1782360350.0871136,0.0021796226501464844
141310,normal,2722,0,1782360350.0891092,0.001995563507080078
141311,normal,2676,0,1782360350.0909388,0.0018296241760253906
141312,normal,3190,1,1782360350.093122,0.002183198928833008
141313,normal,676,0,1782360350.0951183,0.001996278762817383
141314,normal,3111,1,1782360350.0969372,0.0018188953399658203
141315,normal,166,0,1782360350.0991156,0.0021784305572509766
141316,normal,1785,0,1782360350.1011105,0.0019948482513427734
141317,normal,1503,0,1782360350.1029358,0.0018253326416015625
141318,normal,477,0,1782360350.1051154,0.0021796226501464844
141319,normal,2239,0,1782360350.1071196,0.0020041465759277344
141320,normal,3071,1,1782360350.1089344,0.0018148422241210938
141321,normal,625,0,1782360350.1111133,0.0021789073944091797
141322,normal,2347,0,1782360350.1131089,0.001995563507080078
141323,normal,1598,0,1782360350.1149364,0.0018274784088134766
141324,normal,1413,0,1782360350.1171143,0.0021779537200927734
141325,normal,1504,0,1782360350.1191018,0.001987457275390625
141326,normal,1999,0,1782360350.1209364,0.0018346309661865234
141327,normal,2111,0,1782360350.1231136,0.0021772384643554688
141328,normal,2023,0,1782360350.1251187,0.0020051002502441406
141329,normal,1995,0,1782360350.1269355,0.0018167495727539062
141330,normal,1195,0,1782360350.1291144,0.0021789073944091797
141331,normal,889,2,1782360350.1311092,0.0019948482513427734
141332,normal,1122,0,1782360350.1329417,0.0018324851989746094
141333,normal,880,2,1782360350.1351142,0.0021724700927734375
141334,normal,2913,0,1782360350.1371095,0.0019953250885009766
141335,normal,1959,0,1782360350.1389365,0.0018270015716552734
141336,normal,1407,0,1782360350.1411138,0.0021772384643554688
141337,normal,1380,1,1782360350.143111,0.001997232437133789
141338,normal,286,0,1782360350.144938,0.0018270015716552734
141339,normal,836,2,1782360350.147115,0.002177000045776367
141340,normal,2073,0,1782360350.1491098,0.0019948482513427734
141341,normal,2357,0,1782360350.1509373,0.0018274784088134766
141342,normal,734,0,1782360350.153113,0.002175569534301758
141343,normal,1082,0,1782360350.1551106,0.001997709274291992
141344,normal,2346,0,1782360350.1569364,0.0018258094787597656
141345,normal,955,2,1782360350.159113,0.002176523208618164
141346,normal,255,0,1782360350.1611297,0.002016782760620117
141347,normal,806,2,1782360350.1629357,0.001806020736694336
141348,normal,2286,0,1782360350.1651158,0.0021800994873046875
141349,normal,631,0,1782360350.1671097,0.001993894577026367
141350,normal,2406,0,1782360350.168943,0.001833200454711914
141351,normal,291,0,1782360350.17112,0.002177000045776367
141352,normal,2246,0,1782360350.17311,0.001990079879760742
141353,normal,2414,0,1782360350.1749434,0.0018334388732910156
141354,normal,3670,0,1782360350.1771169,0.0021734237670898438
141355,normal,1546,0,1782360350.179112,0.001995086669921875
141356,normal,2103,0,1782360350.1809413,0.001829385757446289
141357,normal,798,2,1782360350.1831162,0.002174854278564453
141358,normal,2227,0,1782360350.1851134,0.001997232437133789
141359,normal,2048,0,1782360350.1869369,0.00182342529296875
141360,normal,1116,0,1782360350.1891332,0.0021963119506835938
141361,normal,1483,0,1782360350.191115,0.0019817352294921875
141362,normal,2080,0,1782360350.192935,0.0018200874328613281
141363,normal,2574,0,1782360350.1951349,0.002199888229370117
141364,normal,3547,0,1782360350.1971076,0.001972675323486328
141365,normal,3571,0,1782360350.198962,0.0018544197082519531
141366,normal,2490,0,1782360350.2011156,0.002153635025024414
141367,normal,2838,0,1782360350.2031107,0.001995086669921875
141368,normal,415,0,1782360350.2049365,0.0018258094787597656
141369,normal,1706,0,1782360350.2071145,0.0021779537200927734
141370,normal,1252,0,1782360350.2091131,0.0019986629486083984
141371,normal,2596,0,1782360350.211006,0.0018928050994873047
141372,normal,3078,1,1782360350.2130852,0.0020792484283447266
141373,normal,2622,0,1782360350.2151346,0.0020494461059570312
141374,normal,728,0,1782360350.2179728,0.002838134765625
141375,normal,186,0,1782360350.218945,0.0009722709655761719
141376,normal,1126,0,1782360350.221117,0.0021719932556152344
141377,normal,2324,0,1782360350.222961,0.0018439292907714844
141378,normal,1564,0,1782360350.2251344,0.0021734237670898438
141379,normal,314,0,1782360350.2270892,0.001954793930053711
141380,normal,2712,0,1782360350.228936,0.0018467903137207031
141381,normal,936,2,1782360350.2311378,0.0022017955780029297
141382,normal,2762,0,1782360350.2330654,0.0019276142120361328
141383,normal,1311,0,1782360350.234936,0.0018706321716308594
141384,normal,2503,0,1782360350.2371159,0.002179861068725586
141385,normal,189,0,1782360350.2390862,0.0019702911376953125
141386,normal,2206,0,1782360350.2409558,0.0018696784973144531
141387,normal,2956,0,1782360350.2431414,0.0021855831146240234
141388,normal,263,0,1782360350.2450886,0.001947164535522461
141389,normal,911,2,1782360350.2469373,0.0018486976623535156
141390,normal,1983,0,1782360350.2491434,0.002206087112426758
141391,normal,3441,0,1782360350.2510602,0.0019168853759765625
141392,normal,3702,0,1782360350.2529566,0.0018963813781738281
141393,normal,2492,0,1782360350.2551112,0.0021545886993408203
141394,normal,3541,0,1782360350.2570868,0.001975536346435547
141395,normal,1946,0,1782360350.258957,0.0018701553344726562
141396,normal,1097,0,1782360350.261158,0.002201080322265625
141397,normal,2699,0,1782360350.2631092,0.0019512176513671875
141398,normal,2827,0,1782360350.2649353,0.0018260478973388672
141399,normal,2776,0,1782360350.2671156,0.002180337905883789
141400,normal,44,0,1782360350.2691112,0.001995563507080078
141401,normal,860,2,1782360350.2709382,0.0018270015716552734
141402,normal,361,0,1782360350.273114,0.0021758079528808594
141403,normal,1208,0,1782360350.2751162,0.002002239227294922
141404,normal,562,0,1782360350.276936,0.0018198490142822266
141405,normal,2546,0,1782360350.2791595,0.002223491668701172
141406,normal,2739,0,1782360350.2811592,0.0019996166229248047
141407,normal,1871,0,1782360350.2829397,0.0017805099487304688
141408,normal,829,2,1782360350.285152,0.0022122859954833984
141409,normal,638,0,1782360350.287155,0.0020029544830322266
141410,normal,3316,1,1782360350.2889435,0.0017886161804199219
141411,normal,1604,0,1782360350.2912004,0.0022568702697753906
141412,normal,38,0,1782360350.2931778,0.0019774436950683594
141413,normal,1118,0,1782360350.29494,0.0017621517181396484
141414,normal,1408,0,1782360350.2971172,0.0021772384643554688
141415,normal,2882,0,1782360350.2991564,0.002039194107055664
141416,normal,1278,0,1782360350.3009446,0.0017881393432617188
141417,normal,2775,0,1782360350.3031561,0.0022115707397460938
141418,normal,2519,0,1782360350.3051608,0.0020046234130859375
141419,normal,2972,0,1782360350.3069367,0.001775979995727539
141420,normal,1890,0,1782360350.3091712,0.0022344589233398438
141421,normal,2155,0,1782360350.3111665,0.0019953250885009766
141422,normal,2145,0,1782360350.3129475,0.0017809867858886719
141423,normal,2513,0,1782360350.3151913,0.0022437572479248047
141424,normal,2568,0,1782360350.3171604,0.0019690990447998047
141425,normal,863,2,1782360350.3189795,0.0018191337585449219
141426,normal,611,0,1782360350.3211212,0.002141714096069336
141427,normal,2807,0,1782360350.3231597,0.0020384788513183594
141428,normal,2272,0,1782360350.3249416,0.0017819404602050781
141429,normal,2923,0,1782360350.3271062,0.002164602279663086
141430,normal,1372,1,1782360350.3291132,0.002007007598876953
141431,normal,1943,0,1782360350.3309386,0.0018253326416015625
141432,normal,2159,0,1782360350.3331158,0.0021772384643554688
141433,normal,3526,0,1782360350.335112,0.001996278762817383
141434,normal,657,0,1782360350.3369372,0.001825094223022461
141435,normal,362,0,1782360350.3391144,0.0021772384643554688
141436,normal,2940,0,1782360350.3411171,0.002002716064453125
141437,normal,2249,0,1782360350.3429368,0.001819610595703125
141438,normal,2,0,1782360350.3451157,0.0021789073944091797
141439,normal,232,0,1782360350.3471615,0.002045869827270508
141440,normal,2925,0,1782360350.3490205,0.0018589496612548828
141441,normal,547,0,1782360350.3509862,0.001965761184692383
141442,normal,2494,0,1782360350.35316,0.0021736621856689453
141443,normal,1951,0,1782360350.354978,0.0018181800842285156
141444,normal,2160,0,1782360350.3572311,0.0022530555725097656
141445,normal,919,2,1782360350.359076,0.0018448829650878906
141446,normal,1908,0,1782360350.3611376,0.002061605453491211
141447,normal,120,0,1782360350.3629842,0.0018465518951416016
141448,normal,2353,0,1782360350.3652663,0.0022821426391601562
141449,normal,1829,0,1782360350.36699,0.0017237663269042969
141450,normal,1185,0,1782360350.369248,0.002257823944091797
141451,normal,419,0,1782360350.3711169,0.0018689632415771484
141452,normal,2393,0,1782360350.3731375,0.002020597457885742
141453,normal,2666,0,1782360350.375116,0.001978635787963867
141454,normal,1690,0,1782360350.377256,0.0021398067474365234
141455,normal,3499,0,1782360350.3789837,0.0017278194427490234
141456,normal,2323,0,1782360350.3812518,0.002268075942993164
141457,normal,2006,0,1782360350.3831103,0.0018584728240966797
141458,normal,1337,1,1782360350.3851407,0.0020303726196289062
141459,normal,1479,0,1782360350.387107,0.001966238021850586
141460,normal,1711,0,1782360350.389249,0.002142190933227539
141461,normal,1133,0,1782360350.3909838,0.0017347335815429688
141462,normal,1611,0,1782360350.3932393,0.0022554397583007812
141463,normal,2336,0,1782360350.3951116,0.0018723011016845703
141464,normal,3662,0,1782360350.397048,0.0019364356994628906
141465,normal,1349,1,1782360350.3991396,0.002091646194458008
141466,normal,2650,0,1782360350.401238,0.0020983219146728516
141467,normal,2004,0,1782360350.4029856,0.0017476081848144531
141468,normal,2677,0,1782360350.4052577,0.0022721290588378906
141469,normal,861,2,1782360350.407111,0.0018532276153564453
141470,normal,82,0,1782360350.4091394,0.0020284652709960938
141471,normal,2904,0,1782360350.4111135,0.0019741058349609375
141472,normal,1812,0,1782360350.4132538,0.0021402835845947266
141473,normal,3240,1,1782360350.4149823,0.0017285346984863281
141474,normal,1136,0,1782360350.4171133,0.0021309852600097656
141475,normal,3420,0,1782360350.4191098,0.0019965171813964844
141476,normal,1722,0,1782360350.4209542,0.0018444061279296875
141477,normal,1989,0,1782360350.4231057,0.0021514892578125
141478,normal,3496,0,1782360350.425097,0.00199127197265625
141479,normal,914,2,1782360350.4269364,0.0018393993377685547
141480,normal,1649,0,1782360350.4291222,0.002185821533203125
141481,normal,1778,0,1782360350.4311013,0.0019791126251220703
141482,normal,1072,0,1782360350.4329371,0.0018358230590820312
141483,normal,1477,0,1782360350.4351315,0.0021944046020507812
141484,normal,3605,0,1782360350.4370997,0.0019681453704833984
141485,normal,104,0,1782360350.438937,0.0018372535705566406
141486,normal,3281,1,1782360350.4411,0.002162933349609375
141487,normal,1784,0,1782360350.4430969,0.0019969940185546875
141488,normal,1733,0,1782360350.4450624,0.0019655227661132812
141489,normal,2101,0,1782360350.4469368,0.0018744468688964844
141490,normal,533,0,1782360350.449101,0.002164125442504883
141491,normal,2247,0,1782360350.4509373,0.0018362998962402344
141492,normal,2903,0,1782360350.4530957,0.0021584033966064453
141493,normal,1623,0,1782360350.455103,0.0020072460174560547
141494,normal,2734,0,1782360350.456936,0.0018329620361328125
141495,normal,1589,0,1782360350.4590936,0.0021576881408691406
141496,normal,1976,0,1782360350.461104,0.002010345458984375
141497,normal,2550,0,1782360350.4629338,0.0018298625946044922
141498,normal,1120,0,1782360350.4651458,0.002212047576904297
141499,normal,2471,0,1782360350.4671001,0.001954317092895508
141500,normal,642,0,1782360350.4689357,0.0018355846405029297
141501,normal,2533,0,1782360350.4711616,0.0022258758544921875
141502,normal,1387,0,1782360350.473096,0.0019342899322509766
141503,normal,3568,0,1782360350.4749355,0.0018396377563476562
141504,normal,1683,0,1782360350.4771411,0.0022056102752685547
141505,normal,214,0,1782360350.4790978,0.0019567012786865234
141506,normal,3495,0,1782360350.4809322,0.0018343925476074219
141507,normal,3038,0,1782360350.4830992,0.0021669864654541016
141508,normal,1880,0,1782360350.4850965,0.001997232437133789
141509,normal,2708,0,1782360350.486935,0.0018384456634521484
141510,normal,904,2,1782360350.489152,0.0022170543670654297
141511,normal,3308,1,1782360350.4911149,0.001962900161743164
141512,normal,3146,1,1782360350.4929354,0.0018205642700195312
141513,normal,2352,0,1782360350.4950967,0.002161264419555664
141514,normal,2235,0,1782360350.4970949,0.0019981861114501953
141515,normal,2502,0,1782360350.498935,0.0018401145935058594
141516,normal,3607,0,1782360350.501208,0.002273082733154297
141517,normal,2489,0,1782360350.5030944,0.0018863677978515625
141518,normal,1678,0,1782360350.5049255,0.0018310546875
141519,normal,2180,0,1782360350.507096,0.002170562744140625
141520,normal,28,0,1782360350.5090935,0.0019974708557128906
141521,normal,1024,2,1782360350.5109243,0.0018308162689208984
141522,normal,3508,0,1782360350.513096,0.002171754837036133
141523,normal,2112,0,1782360350.5151145,0.002018451690673828
141524,normal,2422,0,1782360350.5169463,0.0018317699432373047
141525,normal,3278,1,1782360350.5190845,0.0021381378173828125
141526,normal,748,0,1782360350.5211198,0.002035379409790039
141527,normal,3530,0,1782360350.5229292,0.0018093585968017578
141528,normal,90,0,1782360350.5250971,0.002167940139770508
141529,normal,2022,0,1782360350.527083,0.001985788345336914
141530,normal,2504,0,1782360350.528925,0.0018420219421386719
141531,normal,1607,0,1782360350.5310965,0.0021715164184570312
141532,normal,3659,0,1782360350.533084,0.001987457275390625
141533,normal,2313,0,1782360350.5349262,0.0018422603607177734
141534,normal,2194,0,1782360350.5370936,0.0021674633026123047
141535,normal,1221,0,1782360350.5391161,0.0020225048065185547
141536,normal,3067,1,1782360350.5409744,0.0018582344055175781
141537,normal,679,0,1782360350.5431018,0.002127408981323242
141538,normal,3170,1,1782360350.5451024,0.002000570297241211
141539,normal,1110,0,1782360350.5469432,0.001840829849243164
141540,normal,898,2,1782360350.5490797,0.0021364688873291016
141541,normal,157,0,1782360350.5511057,0.002026081085205078
141542,normal,250,0,1782360350.552958,0.001852273941040039
141543,normal,677,0,1782360350.5551662,0.002208232879638672
141544,normal,636,0,1782360350.5571113,0.0019450187683105469
141545,normal,937,2,1782360350.558957,0.0018458366394042969
141546,normal,1350,1,1782360350.56117,0.002213001251220703
141547,normal,522,0,1782360350.5631118,0.001941680908203125
141548,normal,397,0,1782360350.5649555,0.0018436908721923828
141549,normal,8,0,1782360350.5671744,0.002218961715698242
141550,normal,194,0,1782360350.5691042,0.0019297599792480469
141551,normal,2856,0,1782360350.5709565,0.001852273941040039
141552,normal,2675,0,1782360350.573174,0.002217531204223633
141553,normal,3294,1,1782360350.575107,0.0019330978393554688
141554,normal,3305,1,1782360350.576958,0.0018508434295654297
141555,normal,2942,0,1782360350.5791767,0.0022187232971191406
141556,normal,733,0,1782360350.5811062,0.0019295215606689453
141557,normal,662,0,1782360350.582956,0.0018498897552490234
141558,normal,1246,0,1782360350.58518,0.002223968505859375
141559,normal,3631,0,1782360350.5871022,0.0019221305847167969
141560,normal,1637,0,1782360350.5889554,0.0018532276153564453
141561,normal,2436,0,1782360350.5911977,0.0022423267364501953
141562,normal,2437,0,1782360350.5931056,0.0019078254699707031
141563,normal,3400,1,1782360350.5949566,0.0018510818481445312
141564,normal,1759,0,1782360350.5971851,0.0022284984588623047
141565,normal,2309,0,1782360350.5991056,0.001920461654663086
141566,normal,1144,0,1782360350.6009638,0.0018582344055175781
141567,normal,2413,0,1782360350.6031878,0.002223968505859375
141568,normal,1548,0,1782360350.6051016,0.0019137859344482422
141569,normal,1420,0,1782360350.6069536,0.0018520355224609375
141570,normal,1137,0,1782360350.6090362,0.0020825862884521484
141571,normal,3227,1,1782360350.611107,0.002070903778076172
141572,normal,984,2,1782360350.6129682,0.0018610954284667969
141573,normal,366,0,1782360350.615191,0.002222776412963867
141574,normal,743,0,1782360350.6171062,0.0019152164459228516
141575,normal,394,0,1782360350.6189559,0.0018496513366699219
141576,normal,1770,0,1782360350.6211941,0.0022382736206054688
141577,normal,3524,0,1782360350.6231024,0.0019083023071289062
141578,normal,1121,0,1782360350.6249602,0.001857757568359375
141579,normal,3399,1,1782360350.6271973,0.002237081527709961
141580,normal,3301,1,1782360350.629102,0.0019047260284423828
141581,normal,1500,0,1782360350.6309578,0.0018558502197265625
141582,normal,2565,0,1782360350.6330445,0.002086639404296875
141583,normal,2576,0,1782360350.6350992,0.0020546913146972656
141584,normal,1391,0,1782360350.636953,0.00185394287109375
141585,normal,1432,0,1782360350.6391983,0.002245187759399414
141586,normal,2487,0,1782360350.6411,0.0019016265869140625
141587,normal,198,0,1782360350.642955,0.0018551349639892578
141588,normal,1149,0,1782360350.6451766,0.0022215843200683594
141589,normal,369,0,1782360350.6470942,0.0019176006317138672
141590,normal,2943,0,1782360350.6489549,0.0018606185913085938
141591,normal,1444,0,1782360350.6511085,0.002153635025024414
141592,normal,3366,1,1782360350.6531026,0.0019941329956054688
141593,normal,981,2,1782360350.6549544,0.001851797103881836
141594,normal,2710,0,1782360350.6571107,0.0021562576293945312
141595,normal,586,0,1782360350.6590965,0.001985788345336914
141596,normal,2932,0,1782360350.660973,0.0018765926361083984
141597,normal,177,0,1782360350.6631036,0.0021305084228515625
141598,normal,433,0,1782360350.6650887,0.0019850730895996094
141599,normal,2348,0,1782360350.6669304,0.0018417835235595703
141600,normal,3087,1,1782360350.669087,0.002156496047973633
141601,normal,3257,1,1782360350.6710863,0.001999378204345703
141602,normal,208,0,1782360350.6729321,0.0018458366394042969
141603,normal,2455,0,1782360350.6750882,0.0021560192108154297
141604,normal,1837,0,1782360350.6770914,0.002003192901611328
141605,normal,1398,0,1782360350.6789396,0.0018482208251953125
141606,normal,2875,0,1782360350.6810868,0.002147197723388672
141607,normal,1569,0,1782360350.6830866,0.0019998550415039062
141608,normal,449,0,1782360350.6849382,0.0018515586853027344
141609,normal,2282,0,1782360350.687086,0.0021479129791259766
141610,normal,1991,0,1782360350.6890893,0.002003192901611328
141611,normal,2831,0,1782360350.6909604,0.0018711090087890625
141612,normal,87,0,1782360350.6930907,0.002130270004272461
141613,normal,1359,1,1782360350.6950865,0.0019958019256591797
141614,normal,2262,0,1782360350.696933,0.0018465518951416016
141615,normal,2419,0,1782360350.6990862,0.002153158187866211
141616,normal,1166,0,1782360350.701088,0.0020017623901367188
141617,normal,283,0,1782360350.7029326,0.001844644546508789
141618,normal,1200,0,1782360350.7050831,0.0021505355834960938
141619,normal,2603,0,1782360350.7070866,0.0020034313201904297
141620,normal,1468,0,1782360350.7089303,0.0018436908721923828
141621,normal,1491,0,1782360350.711086,0.002155780792236328
141622,normal,156,0,1782360350.7130854,0.001999378204345703
141623,normal,843,2,1782360350.7149317,0.0018463134765625
141624,normal,1613,0,1782360350.7171052,0.0021734237670898438
141625,normal,247,0,1782360350.7190888,0.001983642578125
141626,normal,504,0,1782360350.7209313,0.001842498779296875
141627,normal,2255,0,1782360350.7230866,0.002155303955078125
141628,normal,2399,0,1782360350.725086,0.001999378204345703
141629,normal,2483,0,1782360350.7269316,0.0018455982208251953
141630,normal,3284,1,1782360350.7291398,0.002208232879638672
141631,normal,723,0,1782360350.731107,0.001967191696166992
141632,normal,238,0,1782360350.7329297,0.0018227100372314453
141633,normal,303,0,1782360350.735085,0.002155303955078125
141634,normal,2646,0,1782360350.7370844,0.001999378204345703
141635,normal,874,2,1782360350.7389312,0.0018467903137207031
141636,normal,705,0,1782360350.741086,0.002154827117919922
141637,normal,3018,0,1782360350.743089,0.0020029544830322266
141638,normal,1213,0,1782360350.7449327,0.0018436908721923828
141639,normal,884,2,1782360350.747146,0.0022132396697998047
141640,normal,2063,0,1782360350.7491202,0.001974344253540039
141641,normal,1758,0,1782360350.7509298,0.0018095970153808594
141642,normal,2690,0,1782360350.7530832,0.0021533966064453125
141643,normal,531,0,1782360350.755085,0.0020017623901367188
141644,normal,993,2,1782360350.7569375,0.0018525123596191406
141645,normal,2930,0,1782360350.7590883,0.0021507740020751953
141646,normal,2064,0,1782360350.761086,0.001997709274291992
141647,normal,1904,0,1782360350.7629304,0.0018444061279296875
141648,normal,3653,0,1782360350.7650857,0.002155303955078125
141649,normal,1967,0,1782360350.7670841,0.001998424530029297
141650,normal,3452,0,1782360350.7689333,0.0018491744995117188
141651,normal,2625,0,1782360350.7710843,0.002151012420654297
141652,normal,3236,1,1782360350.7730875,0.002003192901611328
141653,normal,2843,0,1782360350.7749527,0.0018651485443115234
141654,normal,833,2,1782360350.7770846,0.002131938934326172
141655,normal,3471,0,1782360350.7790859,0.0020012855529785156
141656,normal,1346,1,1782360350.7809312,0.0018453598022460938
141657,normal,882,2,1782360350.7830844,0.002153158187866211
141658,normal,1197,0,1782360350.7850878,0.0020034313201904297
141659,normal,3453,0,1782360350.7869275,0.0018396377563476562
141660,normal,1206,0,1782360350.789084,0.002156496047973633
141661,normal,2564,0,1782360350.7910867,0.002002716064453125
141662,normal,876,2,1782360350.792931,0.0018444061279296875
141663,normal,2364,0,1782360350.7950912,0.0021600723266601562
141664,normal,2306,0,1782360350.797085,0.001993894577026367
141665,normal,17,0,1782360350.7989311,0.0018460750579833984
141666,normal,2120,0,1782360350.801081,0.002149820327758789
141667,normal,1128,0,1782360350.8030863,0.002005338668823242
141668,normal,215,0,1782360350.8049285,0.0018422603607177734
141669,normal,1382,0,1782360350.807084,0.0021555423736572266
141670,normal,2240,0,1782360350.8090825,0.001998424530029297
141671,normal,3175,1,1782360350.8109396,0.0018570423126220703
141672,normal,2966,0,1782360350.8130815,0.0021419525146484375
141673,normal,3126,1,1782360350.815123,0.0020415782928466797
141674,normal,3462,0,1782360350.8174648,0.002341747283935547
141675,normal,2334,0,1782360350.8189375,0.0014727115631103516
141676,normal,2866,0,1782360350.8210726,0.002135038375854492
141677,normal,2633,0,1782360350.8229237,0.0018510818481445312
141678,normal,3479,0,1782360350.8251762,0.0022525787353515625
141679,normal,2165,0,1782360350.827093,0.001916646957397461
141680,normal,1765,0,1782360350.828924,0.0018310546875
141681,normal,1446,0,1782360350.8311782,0.0022542476654052734
141682,normal,1517,0,1782360350.8330922,0.0019140243530273438
141683,normal,2252,0,1782360350.8349292,0.001837015151977539
141684,normal,1236,0,1782360350.8370724,0.0021431446075439453
141685,normal,587,0,1782360350.8390577,0.001985311508178711
141686,normal,3557,0,1782360350.84092,0.0018622875213623047
141687,normal,3044,0,1782360350.8431845,0.0022644996643066406
141688,normal,2791,0,1782360350.84503,0.0018455982208251953
141689,normal,3212,1,1782360350.846921,0.0018908977508544922
141690,normal,2959,0,1782360350.8490849,0.0021638870239257812
141691,normal,1684,0,1782360350.851061,0.0019762516021728516
141692,normal,2736,0,1782360350.8529186,0.0018575191497802734
141693,normal,1695,0,1782360350.855087,0.002168416976928711
141694,normal,736,0,1782360350.857027,0.001940011978149414
141695,normal,2148,0,1782360350.8589222,0.0018951892852783203
141696,normal,3461,0,1782360350.861084,0.002161741256713867
141697,normal,2084,0,1782360350.8630743,0.0019903182983398438
141698,normal,538,0,1782360350.8649354,0.0018610954284667969
141699,normal,2079,0,1782360350.8670835,0.002148151397705078
141700,normal,335,0,1782360350.8690395,0.0019559860229492188
141701,normal,1003,2,1782360350.870923,0.0018835067749023438
141702,normal,3177,1,1782360350.8730772,0.002154111862182617
141703,normal,2316,0,1782360350.8750765,0.001999378204345703
141704,normal,2946,0,1782360350.8769596,0.0018830299377441406
141705,normal,3634,0,1782360350.8790739,0.0021142959594726562
141706,normal,426,0,1782360350.8810747,0.0020008087158203125
141707,normal,160,0,1782360350.882922,0.0018472671508789062
141708,normal,471,0,1782360350.8850856,0.0021636486053466797
141709,normal,261,0,1782360350.8870769,0.00199127197265625
141710,normal,3618,0,1782360350.888953,0.0018761157989501953
141711,normal,2028,0,1782360350.8910756,0.002122640609741211
141712,normal,2434,0,1782360350.893092,0.002016305923461914
141713,normal,2456,0,1782360350.8949566,0.0018646717071533203
141714,normal,1150,0,1782360350.897072,0.002115488052368164
141715,normal,546,0,1782360350.8990788,0.0020067691802978516
141716,normal,1010,2,1782360350.9009426,0.001863718032836914
141717,normal,1264,0,1782360350.9030735,0.0021309852600097656
141718,normal,1861,0,1782360350.9050756,0.0020020008087158203
141719,normal,703,0,1782360350.9069476,0.0018720626831054688
141720,normal,663,0,1782360350.9090707,0.002123117446899414
141721,normal,3640,0,1782360350.9112217,0.002151012420654297
141722,normal,726,0,1782360350.9129238,0.0017020702362060547
141723,normal,1182,0,1782360350.9150887,0.0021648406982421875
141724,normal,3529,0,1782360350.9170744,0.001985788345336914
141725,normal,2570,0,1782360350.918978,0.001903533935546875
141726,normal,3404,0,1782360350.9210732,0.0020952224731445312
141727,normal,1472,0,1782360350.9230812,0.0020079612731933594
141728,normal,2358,0,1782360350.9249196,0.0018384456634521484
141729,normal,439,0,1782360350.9270878,0.0021681785583496094
141730,normal,1039,0,1782360350.9290767,0.0019888877868652344
141731,normal,2499,0,1782360350.9309578,0.0018811225891113281
141732,normal,2052,0,1782360350.9330704,0.0021126270294189453
141733,normal,557,0,1782360350.9350793,0.0020089149475097656
141734,normal,550,0,1782360350.936959,0.0018796920776367188
141735,normal,872,2,1782360350.9390783,0.002119302749633789
141736,normal,903,2,1782360350.941078,0.0019996166229248047
141737,normal,252,0,1782360350.9429924,0.0019145011901855469
141738,normal,377,0,1782360350.9450803,0.002087831497192383
141739,normal,182,0,1782360350.9470801,0.0019998550415039062
141740,normal,1799,0,1782360350.9489582,0.0018780231475830078
141741,normal,1234,0,1782360350.95108,0.0021219253540039062
141742,normal,2668,0,1782360350.9530792,0.0019991397857666016
141743,normal,414,0,1782360350.9549751,0.001895904541015625
141744,normal,931,2,1782360350.9570718,0.0020966529846191406
141745,normal,2869,0,1782360350.9590766,0.002004861831665039
141746,normal,551,0,1782360350.9609451,0.0018684864044189453
141747,normal,2319,0,1782360350.9630852,0.002140045166015625
141748,normal,626,0,1782360350.9650795,0.0019943714141845703
141749,normal,2874,0,1782360350.9669418,0.0018622875213623047
141750,normal,3558,0,1782360350.96908,0.0021381378173828125
141751,normal,1634,0,1782360350.9710763,0.001996278762817383
141752,normal,1895,0,1782360350.9729438,0.001867532730102539
141753,normal,3695,0,1782360350.9750743,0.0021305084228515625
141754,normal,598,0,1782360350.9771087,0.002034425735473633
141755,normal,1969,0,1782360350.9789212,0.0018124580383300781
141756,normal,718,0,1782360350.9810894,0.0021681785583496094
141757,normal,455,0,1782360350.9830856,0.001996278762817383
141758,normal,69,0,1782360350.9849203,0.0018346309661865234
141759,normal,1263,0,1782360350.9870868,0.0021665096282958984
141760,normal,3563,0,1782360350.989081,0.0019941329956054688
141761,normal,2065,0,1782360350.9909258,0.0018448829650878906
141762,normal,1069,0,1782360350.9930866,0.002160787582397461
141763,normal,3673,0,1782360350.9950778,0.00199127197265625
141764,normal,2889,0,1782360350.9969249,0.0018470287322998047
141765,normal,601,0,1782360350.9990761,0.0021512508392333984
141766,normal,503,0,1782360351.0010796,0.0020034313201904297
141767,normal,1017,2,1782360351.0029204,0.001840829849243164
141768,normal,1515,0,1782360351.0050886,0.0021681785583496094
141769,normal,784,2,1782360351.0070827,0.0019941329956054688
141770,normal,1194,0,1782360351.0089748,0.00189208984375
141771,normal,3395,1,1782360351.011077,0.0021021366119384766
141772,normal,107,0,1782360351.0130813,0.002004384994506836
141773,normal,2118,0,1782360351.0149212,0.0018398761749267578
141774,normal,2450,0,1782360351.0170746,0.0021533966064453125
141775,normal,1158,0,1782360351.019086,0.0020112991333007812
141776,normal,2821,0,1782360351.020923,0.001837015151977539
141777,normal,1467,0,1782360351.0231612,0.0022382736206054688
141778,normal,1790,0,1782360351.0250916,0.0019304752349853516
141779,normal,1138,0,1782360351.0269213,0.0018296241760253906
141780,normal,3117,1,1782360351.0290964,0.0021750926971435547
141781,normal,1341,1,1782360351.0310767,0.001980304718017578
141782,normal,39,0,1782360351.0329225,0.0018458366394042969
141783,normal,1521,0,1782360351.035087,0.002164602279663086
141784,normal,1485,0,1782360351.0370824,0.0019953250885009766
141785,normal,2948,0,1782360351.038919,0.001836538314819336
141786,normal,3084,1,1782360351.041086,0.0021669864654541016
141787,normal,785,2,1782360351.0430827,0.001996755599975586
141788,normal,1386,0,1782360351.044939,0.0018563270568847656
141789,normal,825,2,1782360351.04708,0.0021409988403320312
141790,normal,35,0,1782360351.0490813,0.0020012855529785156
141791,normal,802,2,1782360351.0509212,0.0018398761749267578
141792,normal,1314,0,1782360351.0530868,0.002165555953979492
141793,normal,2797,0,1782360351.0550807,0.001993894577026367
141794,normal,2802,0,1782360351.0569239,0.0018432140350341797
141795,normal,1147,0,1782360351.0590866,0.0021626949310302734
141796,normal,309,0,1782360351.0610406,0.0019540786743164062
141797,normal,1794,0,1782360351.0629394,0.0018987655639648438
141798,normal,3065,1,1782360351.065075,0.0021355152130126953
141799,normal,392,0,1782360351.0671015,0.0020265579223632812
141800,normal,2238,0,1782360351.06894,0.0018384456634521484
141801,normal,3125,1,1782360351.071079,0.0021390914916992188
141802,normal,2618,0,1782360351.0730827,0.0020036697387695312
141803,normal,372,0,1782360351.0749373,0.0018546581268310547
141804,normal,137,0,1782360351.0771081,0.0021708011627197266
141805,normal,3434,0,1782360351.0790765,0.0019683837890625
141806,normal,979,2,1782360351.0809188,0.0018422603607177734
141807,normal,1379,1,1782360351.0830848,0.0021660327911376953
141808,normal,1542,0,1782360351.0850778,0.001992940902709961
141809,normal,973,2,1782360351.0869193,0.0018415451049804688
141810,normal,3195,1,1782360351.0890841,0.0021648406982421875
141811,normal,2480,0,1782360351.0910795,0.0019953250885009766
141812,normal,3123,1,1782360351.0929368,0.0018572807312011719
141813,normal,2482,0,1782360351.0950758,0.0021390914916992188
141814,normal,2053,0,1782360351.0971498,0.002074003219604492
141815,normal,1107,0,1782360351.0989187,0.0017688274383544922
141816,normal,3433,0,1782360351.101081,0.0021622180938720703
141817,normal,3369,1,1782360351.1030834,0.0020024776458740234
141818,normal,3161,1,1782360351.1049337,0.0018503665924072266
141819,normal,333,0,1782360351.1070945,0.002160787582397461
141820,normal,1043,0,1782360351.1090732,0.001978635787963867
141821,normal,2036,0,1782360351.1109524,0.0018792152404785156
141822,normal,436,0,1782360351.1130834,0.0021309852600097656
141823,normal,1712,0,1782360351.11507,0.0019867420196533203
141824,normal,393,0,1782360351.1169307,0.0018606185913085938
141825,normal,1905,0,1782360351.1190841,0.0021533966064453125
141826,normal,2929,0,1782360351.1210785,0.0019943714141845703
141827,normal,2599,0,1782360351.1229618,0.0018832683563232422
141828,normal,985,2,1782360351.1250849,0.002123117446899414
141829,normal,298,0,1782360351.127106,0.0020210742950439453
141830,normal,2354,0,1782360351.128938,0.0018320083618164062
141831,normal,2098,0,1782360351.131111,0.0021729469299316406
141832,normal,1672,0,1782360351.1331112,0.0020003318786621094
141833,normal,218,0,1782360351.134941,0.0018298625946044922
141834,normal,2577,0,1782360351.1372092,0.002268075942993164
141835,normal,212,0,1782360351.1391149,0.001905679702758789
141836,normal,945,2,1782360351.1409402,0.0018253326416015625
141837,normal,2046,0,1782360351.1430743,0.002134084701538086
141838,normal,3362,1,1782360351.1450872,0.002012968063354492
141839,normal,3536,0,1782360351.1469657,0.001878499984741211
141840,normal,3129,1,1782360351.1490874,0.0021216869354248047
141841,normal,537,0,1782360351.1510708,0.0019834041595458984
141842,normal,1455,0,1782360351.1529548,0.0018839836120605469
141843,normal,2931,0,1782360351.1550887,0.0021338462829589844
141844,normal,2765,0,1782360351.157077,0.0019884109497070312
141845,normal,2554,0,1782360351.1589634,0.0018863677978515625
141846,normal,2331,0,1782360351.1610863,0.0021228790283203125
141847,normal,652,0,1782360351.1630774,0.0019910335540771484
141848,normal,264,0,1782360351.1649625,0.0018851757049560547
141849,normal,265,0,1782360351.1670864,0.0021238327026367188
141850,normal,2366,0,1782360351.169072,0.0019855499267578125
141851,normal,185,0,1782360351.1709619,0.001889944076538086
141852,normal,567,0,1782360351.1730888,0.002126932144165039
141853,normal,678,0,1782360351.1750677,0.0019788742065429688
141854,normal,2816,0,1782360351.1769671,0.0018994808197021484
141855,normal,3503,0,1782360351.1790893,0.002122163772583008
141856,normal,2209,0,1782360351.1810653,0.00197601318359375
141857,normal,3401,1,1782360351.1829643,0.0018990039825439453
141858,normal,2012,0,1782360351.1850932,0.0021288394927978516
141859,normal,878,2,1782360351.187067,0.001973867416381836
141860,normal,1921,0,1782360351.1889672,0.0019001960754394531
141861,normal,3273,1,1782360351.1910882,0.0021209716796875
141862,normal,456,0,1782360351.1930668,0.001978635787963867
141863,normal,1417,0,1782360351.1949804,0.0019135475158691406
141864,normal,3180,1,1782360351.197073,0.002092599868774414
141865,normal,3089,1,1782360351.199076,0.0020029544830322266
141866,normal,329,0,1782360351.2009737,0.0018978118896484375
141867,normal,3249,1,1782360351.2030895,0.0021157264709472656
141868,normal,1652,0,1782360351.2050648,0.0019752979278564453
141869,normal,1631,0,1782360351.2069685,0.0019037723541259766
141870,normal,967,2,1782360351.2090707,0.0021021366119384766
141871,normal,1815,0,1782360351.2110915,0.0020208358764648438
141872,normal,501,0,1782360351.2129633,0.0018718242645263672
141873,normal,2397,0,1782360351.215087,0.002123594284057617
141874,normal,2655,0,1782360351.2170668,0.001979827880859375
141875,normal,568,0,1782360351.2189376,0.001870870590209961
141876,normal,1124,0,1782360351.2210839,0.0021462440490722656
141877,normal,1911,0,1782360351.223074,0.001990079879760742
141878,normal,1080,0,1782360351.2249382,0.0018641948699951172
141879,normal,3171,1,1782360351.2270892,0.002151012420654297
141880,normal,2274,0,1782360351.2290668,0.001977682113647461
141881,normal,3122,1,1782360351.2309332,0.0018663406372070312
141882,normal,1226,0,1782360351.2330942,0.0021610260009765625
141883,normal,1108,0,1782360351.2350764,0.0019822120666503906
141884,normal,1884,0,1782360351.236931,0.0018546581268310547
141885,normal,1201,0,1782360351.2390864,0.002155303955078125
141886,normal,3072,1,1782360351.241065,0.001978635787963867
141887,normal,3564,0,1782360351.2429316,0.0018665790557861328
141888,normal,3263,1,1782360351.2450836,0.002151966094970703
141889,normal,1595,0,1782360351.2470765,0.001992940902709961
141890,normal,2432,0,1782360351.24893,0.0018534660339355469
141891,normal,257,0,1782360351.2510877,0.0021576881408691406
141892,normal,61,0,1782360351.2530656,0.0019779205322265625
141893,normal,3324,1,1782360351.2549326,0.001867055892944336
141894,normal,670,0,1782360351.2570825,0.002149820327758789
141895,normal,1719,0,1782360351.2590797,0.001997232437133789
141896,normal,1510,0,1782360351.2609332,0.0018534660339355469
141897,normal,3594,0,1782360351.263095,0.002161741256713867
141898,normal,1791,0,1782360351.2650769,0.001981973648071289
141899,normal,2075,0,1782360351.2669342,0.0018572807312011719
141900,normal,3221,1,1782360351.2690856,0.0021514892578125
141901,normal,3219,1,1782360351.271064,0.0019783973693847656
141902,normal,474,0,1782360351.2729313,0.0018672943115234375
141903,normal,3379,1,1782360351.275168,0.002236604690551758
141904,normal,2128,0,1782360351.2770739,0.0019059181213378906
141905,normal,840,2,1782360351.27893,0.001856088638305664
141906,normal,1629,0,1782360351.2810867,0.0021567344665527344
141907,normal,311,0,1782360351.2830644,0.001977682113647461
141908,normal,2199,0,1782360351.2849333,0.0018689632415771484
141909,normal,3352,1,1782360351.2870908,0.002157449722290039
141910,normal,1883,0,1782360351.2890596,0.001968860626220703
141911,normal,152,0,1782360351.2909338,0.0018742084503173828
141912,normal,2652,0,1782360351.2931743,0.002240419387817383
141913,normal,2223,0,1782360351.2950757,0.001901388168334961
141914,normal,2179,0,1782360351.2969358,0.0018601417541503906
141915,normal,168,0,1782360351.2990894,0.002153635025024414
141916,normal,3654,0,1782360351.301057,0.0019676685333251953
141917,normal,1099,0,1782360351.3029377,0.001880645751953125
141918,normal,2665,0,1782360351.3050828,0.002145051956176758
141919,normal,3309,1,1782360351.307075,0.0019922256469726562
141920,normal,396,0,1782360351.3089304,0.0018553733825683594
141921,normal,1875,0,1782360351.311086,0.0021555423736572266
141922,normal,2601,0,1782360351.313064,0.001978158950805664
141923,normal,307,0,1782360351.3149316,0.001867532730102539
141924,normal,523,0,1782360351.3170855,0.0021538734436035156
141925,normal,1395,0,1782360351.3191268,0.002041339874267578
141926,normal,228,0,1782360351.3209264,0.0017995834350585938
141927,normal,2044,0,1782360351.323088,0.0021615028381347656
141928,normal,3,0,1782360351.3250644,0.001976490020751953
141929,normal,3642,0,1782360351.3269336,0.00186920166015625
141930,normal,3282,1,1782360351.3290944,0.002160787582397461
141931,normal,1162,0,1782360351.3310893,0.0019948482513427734
141932,normal,2045,0,1782360351.3329787,0.0018894672393798828
141933,normal,1975,0,1782360351.3349235,0.0019447803497314453
141934,normal,3569,0,1782360351.3370807,0.0021572113037109375
141935,normal,1209,0,1782360351.3389218,0.0018410682678222656
141936,normal,714,0,1782360351.3410988,0.002177000045776367
141937,normal,1820,0,1782360351.3430877,0.0019888877868652344
141938,normal,3431,0,1782360351.3449216,0.0018339157104492188
141939,normal,178,0,1782360351.3470883,0.002166748046875
141940,normal,3545,0,1782360351.3492744,0.0021860599517822266
141941,normal,1796,0,1782360351.3509912,0.0017168521881103516
141942,normal,2477,0,1782360351.35325,0.002258777618408203
141943,normal,2459,0,1782360351.355071,0.0018210411071777344
141944,normal,1223,0,1782360351.3570874,0.002016305923461914
141945,normal,1980,0,1782360351.3589716,0.0018842220306396484
141946,normal,1291,0,1782360351.3611333,0.002161741256713867
141947,normal,597,0,1782360351.3629363,0.0018029212951660156
141948,normal,2418,0,1782360351.3650863,0.0021500587463378906
141949,normal,1062,0,1782360351.3670883,0.0020020008087158203
141950,normal,231,0,1782360351.3689497,0.0018613338470458984
141951,normal,732,0,1782360351.371088,0.002138376235961914
141952,normal,2372,0,1782360351.3730903,0.002002239227294922
141953,normal,2162,0,1782360351.374931,0.001840829849243164
141954,normal,3051,1,1782360351.3771083,0.0021772384643554688
141955,normal,2305,0,1782360351.3789337,0.0018253326416015625
141956,normal,842,2,1782360351.38112,0.002186298370361328
141957,normal,3079,1,1782360351.3829346,0.0018146038055419922
141958,normal,3354,1,1782360351.3851,0.0021653175354003906
141959,normal,1860,0,1782360351.3869445,0.001844644546508789
141960,normal,1068,0,1782360351.3891003,0.002155780792236328
141961,normal,3187,1,1782360351.3910854,0.0019850730895996094
141962,normal,617,0,1782360351.3929338,0.001848459243774414
141963,normal,40,0,1782360351.394934,0.002000093460083008
141964,normal,3676,0,1782360351.39709,0.0021560192108154297
141965,normal,3214,1,1782360351.3989315,0.0018415451049804688
141966,normal,2839,0,1782360351.4010856,0.002154111862182617
141967,normal,1261,0,1782360351.4030895,0.002003908157348633
141968,normal,3390,1,1782360351.4049776,0.0018880367279052734
141969,normal,3244,1,1782360351.4070864,0.0021088123321533203
141970,normal,2732,0,1782360351.4090893,0.0020029544830322266
141971,normal,2871,0,1782360351.4109492,0.001859903335571289
141972,normal,1177,0,1782360351.4130876,0.002138376235961914
141973,normal,3288,1,1782360351.4150865,0.0019989013671875
141974,normal,2417,0,1782360351.4170036,0.001917123794555664
141975,normal,2340,0,1782360351.4193192,0.002315521240234375
141976,normal,1833,0,1782360351.4210243,0.001705169677734375
141977,normal,2244,0,1782360351.423137,0.0021126270294189453
141978,normal,2526,0,1782360351.425046,0.001909017562866211
141979,normal,3307,1,1782360351.427133,0.002087116241455078
141980,normal,1627,0,1782360351.4290576,0.0019245147705078125
141981,normal,1383,0,1782360351.4311423,0.0020847320556640625
141982,normal,1216,0,1782360351.4330623,0.0019199848175048828
141983,normal,3675,0,1782360351.4350293,0.0019669532775878906
141984,normal,1168,0,1782360351.4372363,0.002207040786743164
141985,normal,464,0,1782360351.4389768,0.0017404556274414062
141986,normal,630,0,1782360351.4411006,0.0021238327026367188
141987,normal,3039,0,1782360351.4429872,0.001886606216430664
141988,normal,2918,0,1782360351.4451098,0.002122640609741211
141989,normal,3402,0,1782360351.4469438,0.0018339157104492188
141990,normal,1536,0,1782360351.4491336,0.0021898746490478516
141991,normal,747,0,1782360351.451069,0.0019354820251464844
141992,normal,2474,0,1782360351.4529436,0.0018744468688964844
141993,normal,248,0,1782360351.455147,0.0022034645080566406
141994,normal,2579,0,1782360351.4570386,0.0018916130065917969
141995,normal,2184,0,1782360351.4589508,0.0019121170043945312
141996,normal,3668,0,1782360351.4611208,0.002170085906982422
141997,normal,2083,0,1782360351.4631224,0.002001523971557617
141998,normal,1727,0,1782360351.4651086,0.001986265182495117
141999,normal,213,0,1782360351.4671395,0.0020308494567871094
142000,normal,2478,0,1782360351.4691803,0.002040863037109375
142001,normal,3413,0,1782360351.4711056,0.0019252300262451172
142002,normal,3703,0,1782360351.472983,0.0018773078918457031
142003,normal,3343,1,1782360351.475202,0.0022192001342773438
142004,normal,3364,1,1782360351.476994,0.0017919540405273438
142005,normal,1324,1,1782360351.4792414,0.002247333526611328
142006,normal,3689,0,1782360351.4809935,0.0017521381378173828
142007,normal,1523,0,1782360351.483236,0.002242565155029297
142008,normal,3336,1,1782360351.484926,0.001689910888671875
142009,normal,1751,0,1782360351.4871337,0.0022077560424804688
142010,normal,2539,0,1782360351.48899,0.0018563270568847656
142011,normal,485,0,1782360351.4911187,0.00212860107421875
142012,normal,1088,0,1782360351.4930882,0.001969575881958008
142013,normal,766,0,1782360351.4949417,0.0018534660339355469
142014,normal,1805,0,1782360351.4970963,0.0021545886993408203
142015,normal,1916,0,1782360351.4990892,0.001992940902709961
142016,normal,3339,1,1782360351.5009334,0.001844167709350586
142017,normal,496,0,1782360351.5030887,0.002155303955078125
142018,normal,76,0,1782360351.5050857,0.0019969940185546875
142019,normal,2156,0,1782360351.5069318,0.0018460750579833984
142020,normal,687,0,1782360351.5090954,0.0021636486053466797
142021,normal,2134,0,1782360351.511092,0.0019965171813964844
142022,normal,629,0,1782360351.5129313,0.0018393993377685547
142023,normal,1320,1,1782360351.5150907,0.0021593570709228516
142024,normal,2033,0,1782360351.5170844,0.0019936561584472656
142025,normal,873,2,1782360351.5189342,0.0018498897552490234
142026,normal,2260,0,1782360351.5209465,0.0020122528076171875
142027,normal,1248,0,1782360351.5231032,0.0021567344665527344
142028,normal,2151,0,1782360351.524935,0.0018317699432373047
142029,normal,1744,0,1782360351.5271788,0.0022437572479248047
142030,normal,387,0,1782360351.5290856,0.0019068717956542969
142031,normal,895,2,1782360351.5309303,0.001844644546508789
142032,normal,1466,0,1782360351.5331767,0.002246379852294922
142033,normal,2817,0,1782360351.535082,0.0019054412841796875
142034,normal,1525,0,1782360351.5369413,0.0018591880798339844
142035,normal,3151,1,1782360351.539176,0.0022346973419189453
142036,normal,2031,0,1782360351.5410876,0.0019116401672363281
142037,normal,217,0,1782360351.5429327,0.0018451213836669922
142038,normal,3063,1,1782360351.5451205,0.0021877288818359375
142039,normal,2950,0,1782360351.5470774,0.001956939697265625
142040,normal,1538,0,1782360351.5489347,0.0018572807312011719
142041,normal,287,0,1782360351.5511036,0.002168893814086914
142042,normal,465,0,1782360351.5530775,0.001973867416381836
142043,normal,1748,0,1782360351.5549295,0.0018520355224609375
142044,normal,1334,1,1782360351.557088,0.0021584033966064453
142045,normal,2809,0,1782360351.5590715,0.001983642578125
142046,normal,1899,0,1782360351.560931,0.001859426498413086
142047,normal,1583,0,1782360351.5630875,0.002156496047973633
142048,normal,2378,0,1782360351.5650723,0.001984834671020508
142049,normal,3176,1,1782360351.5669303,0.0018579959869384766
142050,normal,1084,0,1782360351.5690944,0.002164125442504883
142051,normal,3121,1,1782360351.5710702,0.0019757747650146484
142052,normal,788,2,1782360351.5729337,0.0018634796142578125
142053,normal,526,0,1782360351.5750933,0.002159595489501953
142054,normal,980,2,1782360351.5770981,0.002004861831665039
142055,normal,244,0,1782360351.5789306,0.0018324851989746094
142056,normal,1276,0,1782360351.5810995,0.002168893814086914
142057,normal,242,0,1782360351.5830889,0.0019893646240234375
142058,normal,1644,0,1782360351.584931,0.0018420219421386719
142059,normal,466,0,1782360351.5870974,0.0021665096282958984
142060,normal,1522,0,1782360351.589079,0.001981496810913086
142061,normal,1418,0,1782360351.5909321,0.0018532276153564453
142062,normal,418,0,1782360351.5931041,0.0021719932556152344
142063,normal,1610,0,1782360351.5950704,0.001966238021850586
142064,normal,2587,0,1782360351.5969307,0.0018603801727294922
142065,normal,2360,0,1782360351.599111,0.002180337905883789
142066,normal,1074,0,1782360351.6010804,0.0019693374633789062
142067,normal,1328,1,1782360351.6029327,0.001852273941040039
142068,normal,321,0,1782360351.6051774,0.002244710922241211
142069,normal,1914,0,1782360351.6070278,0.0018503665924072266
142070,normal,347,0,1782360351.609977,0.002949237823486328
142071,normal,3342,1,1782360351.6109047,0.0009276866912841797
142072,normal,3705,0,1782360351.613001,0.002096414566040039
142073,normal,197,0,1782360351.6148818,0.001880645751953125
142074,normal,1697,0,1782360351.6169908,0.002109050750732422
142075,normal,2947,0,1782360351.6189122,0.0019214153289794922
142076,normal,3206,1,1782360351.6210804,0.0021681785583496094
142077,normal,3566,0,1782360351.6229217,0.0018413066864013672
142078,normal,1858,0,1782360351.6250849,0.0021631717681884766
142079,normal,2106,0,1782360351.626917,0.0018320083618164062
142080,normal,890,2,1782360351.6290424,0.0021255016326904297
142081,normal,2342,0,1782360351.6311858,0.002143383026123047
142082,normal,599,0,1782360351.6330595,0.0018737316131591797
142083,normal,1948,0,1782360351.6350744,0.0020148754119873047
142084,normal,2308,0,1782360351.636988,0.0019135475158691406
142085,normal,2961,0,1782360351.638936,0.0019481182098388672
142086,normal,1834,0,1782360351.641054,0.0021178722381591797
142087,normal,2669,0,1782360351.6430128,0.0019588470458984375
142088,normal,1996,0,1782360351.6449296,0.0019168853759765625
142089,normal,849,2,1782360351.647025,0.002095460891723633
142090,normal,2685,0,1782360351.6489942,0.0019690990447998047
142091,normal,2081,0,1782360351.65093,0.001935720443725586
142092,normal,2845,0,1782360351.6530411,0.002111196517944336
142093,normal,835,2,1782360351.6549942,0.001953125
142094,normal,924,2,1782360351.656972,0.001977682113647461
142095,normal,3669,0,1782360351.6590374,0.002065420150756836
142096,normal,3484,0,1782360351.660997,0.001959562301635742
142097,normal,150,0,1782360351.6629193,0.0019223690032958984
142098,normal,1932,0,1782360351.66511,0.002190828323364258
142099,normal,1345,1,1782360351.6675935,0.002483367919921875
142100,normal,826,2,1782360351.6690853,0.0014917850494384766
142101,normal,1901,0,1782360351.671198,0.0021126270294189453
142102,normal,938,2,1782360351.6731212,0.0019233226776123047
142103,normal,965,2,1782360351.675089,0.0019676685333251953
142104,normal,3022,0,1782360351.6774282,0.0023393630981445312
142105,normal,1557,0,1782360351.679101,0.0016727447509765625
142106,normal,1878,0,1782360351.6810145,0.0019135475158691406
142107,normal,2751,0,1782360351.6831477,0.0021331310272216797
142108,normal,1612,0,1782360351.6851296,0.001981973648071289
142109,normal,3248,1,1782360351.6870227,0.0018930435180664062
142110,normal,1737,0,1782360351.6891212,0.002098560333251953
142111,normal,2408,0,1782360351.6911318,0.0020105838775634766
142112,normal,2404,0,1782360351.6929765,0.001844644546508789
142113,normal,3009,0,1782360351.6951225,0.002146005630493164
142114,normal,3389,1,1782360351.6971776,0.0020551681518554688
142115,normal,428,0,1782360351.6989446,0.0017669200897216797
142116,normal,1198,0,1782360351.7011235,0.0021789073944091797
142117,normal,2208,0,1782360351.7031088,0.001985311508178711
142118,normal,3520,0,1782360351.7049336,0.0018248558044433594
142119,normal,2557,0,1782360351.707106,0.0021724700927734375
142120,normal,281,0,1782360351.7090561,0.0019500255584716797
142121,normal,3230,1,1782360351.711057,0.0020008087158203125
142122,normal,824,2,1782360351.7131815,0.0021245479583740234
142123,normal,1400,0,1782360351.71512,0.0019385814666748047
142124,normal,992,2,1782360351.717034,0.0019140243530273438
142125,normal,266,0,1782360351.719136,0.002101898193359375
142126,normal,2248,0,1782360351.7210896,0.001953601837158203
142127,normal,827,2,1782360351.7230008,0.001911163330078125
142128,normal,211,0,1782360351.7250755,0.002074718475341797
142129,normal,3588,0,1782360351.726969,0.0018935203552246094
142130,normal,342,0,1782360351.729036,0.002067089080810547
142131,normal,2390,0,1782360351.7310255,0.0019893646240234375
142132,normal,2594,0,1782360351.7330525,0.0020270347595214844
142133,normal,1646,0,1782360351.7349744,0.0019218921661376953
142134,normal,3468,0,1782360351.737112,0.0021376609802246094
142135,normal,2683,0,1782360351.7392147,0.0021026134490966797
142136,normal,2092,0,1782360351.7409542,0.001739501953125
142137,normal,2019,0,1782360351.7431412,0.002187013626098633
142138,normal,1984,0,1782360351.7450247,0.0018835067749023438
142139,normal,3139,1,1782360351.7469058,0.0018811225891113281
142140,normal,1180,0,1782360351.749007,0.0021011829376220703
142141,normal,2993,0,1782360351.750954,0.0019469261169433594
142142,normal,2612,0,1782360351.7531207,0.002166748046875
142143,normal,589,0,1782360351.7549024,0.0017817020416259766
142144,normal,680,0,1782360351.7569978,0.002095460891723633
142145,normal,1114,0,1782360351.7588892,0.0018913745880126953
142146,normal,140,0,1782360351.761001,0.0021119117736816406
142147,normal,3423,0,1782360351.7631898,0.0021886825561523438
142148,normal,2302,0,1782360351.7650242,0.0018343925476074219
142149,normal,1305,0,1782360351.7669835,0.0019593238830566406
142150,normal,885,2,1782360351.7690601,0.0020766258239746094
142151,normal,3143,1,1782360351.7709155,0.0018553733825683594
142152,normal,2979,0,1782360351.7730112,0.0020956993103027344
142153,normal,1218,0,1782360351.7750123,0.002001047134399414
142154,normal,2362,0,1782360351.7769167,0.0019044876098632812
142155,normal,2572,0,1782360351.7791288,0.002212047576904297
142156,normal,183,0,1782360351.7810843,0.0019555091857910156
142157,normal,2076,0,1782360351.7828975,0.0018131732940673828
142158,normal,541,0,1782360351.7850184,0.0021209716796875
142159,normal,336,0,1782360351.7870145,0.0019960403442382812
142160,normal,513,0,1782360351.788914,0.0018994808197021484
142161,normal,620,0,1782360351.7910664,0.0021524429321289062
142162,normal,730,0,1782360351.7931268,0.002060413360595703
142163,normal,1567,0,1782360351.7949526,0.0018258094787597656
142164,normal,2725,0,1782360351.7970793,0.0021266937255859375
142165,normal,3028,0,1782360351.79908,0.002000570297241211
142166,normal,3203,1,1782360351.8011382,0.002058267593383789
142167,normal,716,0,1782360351.8030715,0.0019333362579345703
142168,normal,1089,0,1782360351.8050535,0.001981973648071289
142169,normal,2643,0,1782360351.8071804,0.002126932144165039
142170,normal,36,0,1782360351.8093264,0.002146005630493164
142171,normal,2799,0,1782360351.8109388,0.0016124248504638672
142172,normal,1838,0,1782360351.8130124,0.002073526382446289
142173,normal,1157,0,1782360351.814899,0.001886606216430664
142174,normal,3306,1,1782360351.8170094,0.0021104812622070312
142175,normal,2329,0,1782360351.8189068,0.0018973350524902344
142176,normal,758,0,1782360351.8210216,0.0021147727966308594
142177,normal,441,0,1782360351.8230097,0.0019881725311279297
142178,normal,2560,0,1782360351.8249168,0.0019071102142333984
142179,normal,2687,0,1782360351.8270113,0.0020945072174072266
142180,normal,43,0,1782360351.8290393,0.0020279884338378906
142181,normal,2848,0,1782360351.8309684,0.0019290447235107422
142182,normal,1459,0,1782360351.8330786,0.0021102428436279297
142183,normal,1896,0,1782360351.8349824,0.0019037723541259766
142184,normal,1415,0,1782360351.836927,0.0019445419311523438
142185,normal,2995,0,1782360351.8390582,0.002131223678588867
142186,normal,2552,0,1782360351.8410704,0.0020122528076171875
142187,normal,2586,0,1782360351.8429453,0.0018749237060546875
142188,normal,2707,0,1782360351.8450148,0.0020694732666015625
142189,normal,2298,0,1782360351.8470237,0.0020089149475097656
142190,normal,2355,0,1782360351.848917,0.0018932819366455078
142191,normal,388,0,1782360351.8510082,0.0020911693572998047
142192,normal,1436,0,1782360351.8530147,0.00200653076171875
142193,normal,1317,0,1782360351.854915,0.0019001960754394531
142194,normal,2766,0,1782360351.8570278,0.002112865447998047
142195,normal,1135,0,1782360351.859047,0.002019166946411133
142196,normal,1059,0,1782360351.8609061,0.0018591880798339844
142197,normal,1035,0,1782360351.8629982,0.002092123031616211
142198,normal,2970,0,1782360351.8650029,0.0020046234130859375
142199,normal,297,0,1782360351.8668985,0.0018956661224365234
142200,normal,2444,0,1782360351.8690097,0.002111196517944336
142201,normal,1756,0,1782360351.8710136,0.002003908157348633
142202,normal,3652,0,1782360351.8729415,0.0019278526306152344
142203,normal,3256,1,1782360351.8750699,0.0021283626556396484
142204,normal,3162,1,1782360351.8770528,0.0019829273223876953
142205,normal,525,0,1782360351.8789213,0.0018684864044189453
142206,normal,2953,0,1782360351.8810189,0.002097606658935547
142207,normal,2201,0,1782360351.8830295,0.0020105838775634766
142208,normal,1956,0,1782360351.8849006,0.0018711090087890625
142209,normal,1318,0,1782360351.8870099,0.0021092891693115234
142210,normal,159,0,1782360351.888998,0.0019881725311279297
142211,normal,66,0,1782360351.8909373,0.0019392967224121094
142212,normal,3058,1,1782360351.8930533,0.002115964889526367
142213,normal,386,0,1782360351.8950243,0.001971006393432617
142214,normal,2099,0,1782360351.8970234,0.0019991397857666016
142215,normal,2860,0,1782360351.898987,0.0019636154174804688
142216,normal,930,2,1782360351.901115,0.0021278858184814453
142217,normal,130,0,1782360351.9030228,0.0019078254699707031
142218,normal,1787,0,1782360351.9049852,0.001962423324584961
142219,normal,2919,0,1782360351.9069796,0.0019943714141845703
142220,normal,1020,2,1782360351.9088988,0.0019192695617675781
142221,normal,443,0,1782360351.9110014,0.0021026134490966797
142222,normal,3383,1,1782360351.9130995,0.00209808349609375
142223,normal,2449,0,1782360351.9148898,0.0017902851104736328
142224,normal,2423,0,1782360351.9169886,0.0020987987518310547
142225,normal,1266,0,1782360351.918988,0.001999378204345703
142226,normal,1972,0,1782360351.9209259,0.0019378662109375
142227,normal,2512,0,1782360351.923158,0.002232074737548828
142228,normal,3300,1,1782360351.9250937,0.001935720443725586
142229,normal,1454,0,1782360351.9270558,0.0019621849060058594
142230,normal,3297,1,1782360351.9289556,0.00189971923828125
142231,normal,1979,0,1782360351.931009,0.002053499221801758
142232,normal,1640,0,1782360351.932906,0.0018968582153320312
142233,normal,3235,1,1782360351.9350195,0.0021135807037353516
142234,normal,1540,0,1782360351.9371033,0.0020837783813476562
142235,normal,3580,0,1782360351.9389524,0.0018491744995117188
142236,normal,777,2,1782360351.9409976,0.002045154571533203
142237,normal,139,0,1782360351.9430027,0.0020051002502441406
142238,normal,2713,0,1782360351.9449368,0.001934051513671875
142239,normal,3040,0,1782360351.947025,0.002088308334350586
142240,normal,593,0,1782360351.9491088,0.0020837783813476562
142241,normal,3616,0,1782360351.951034,0.0019252300262451172
142242,normal,2191,0,1782360351.9530716,0.002037525177001953
142243,normal,1025,2,1782360351.9550428,0.0019712448120117188
142244,normal,3612,0,1782360351.9569805,0.0019376277923583984
142245,normal,412,0,1782360351.9590561,0.002075672149658203
142246,normal,3589,0,1782360351.9610937,0.002037525177001953
142247,normal,1906,0,1782360351.9630702,0.001976490020751953
142248,normal,1231,0,1782360351.9650164,0.0019462108612060547
142249,normal,1117,0,1782360351.9669795,0.0019631385803222656
142250,normal,1238,0,1782360351.9689746,0.001995086669921875
142251,normal,2991,0,1782360351.9711263,0.0021517276763916016
142252,normal,704,0,1782360351.9729807,0.0018544197082519531
142253,normal,29,0,1782360351.9749148,0.001934051513671875
142254,normal,929,2,1782360351.9770832,0.002168416976928711
142255,normal,3378,1,1782360351.9790065,0.0019233226776123047
142256,normal,395,0,1782360351.9809508,0.0019443035125732422
142257,normal,649,0,1782360351.9830692,0.002118349075317383
142258,normal,2183,0,1782360351.9851105,0.002041339874267578
142259,normal,2090,0,1782360351.9870656,0.0019550323486328125
142260,normal,3600,0,1782360351.9889011,0.0018355846405029297
142261,normal,1755,0,1782360351.99102,0.002118825912475586
142262,normal,1944,0,1782360351.992912,0.00189208984375
142263,normal,2750,0,1782360351.995016,0.002104043960571289
142264,normal,1214,0,1782360351.997012,0.0019958019256591797
142265,normal,2529,0,1782360351.998906,0.0018939971923828125
142266,normal,2551,0,1782360352.000997,0.0020911693572998047
142267,normal,1813,0,1782360352.0031452,0.002148151397705078
142268,normal,915,2,1782360352.0049205,0.0017752647399902344
142269,normal,334,0,1782360352.0070062,0.0020856857299804688
142270,normal,2169,0,1782360352.0090067,0.002000570297241211
142271,normal,2350,0,1782360352.0108979,0.0018911361694335938
142272,normal,1374,1,1782360352.013008,0.0021102428436279297
142273,normal,2859,0,1782360352.015014,0.0020058155059814453
142274,normal,2771,0,1782360352.0169873,0.001973390579223633
142275,normal,3576,0,1782360352.0195656,0.002578258514404297
142276,normal,2876,0,1782360352.0210588,0.001493215560913086
142277,normal,3663,0,1782360352.0231001,0.002041339874267578
142278,normal,2798,0,1782360352.0251477,0.0020475387573242188
142279,normal,698,0,1782360352.027134,0.001986265182495117
142280,normal,1321,1,1782360352.029042,0.0019080638885498047
142281,normal,1142,0,1782360352.0311458,0.0021038055419921875
142282,normal,2509,0,1782360352.03321,0.002064228057861328
142283,normal,2531,0,1782360352.0350182,0.00180816650390625
142284,normal,917,2,1782360352.0371122,0.0020940303802490234
142285,normal,888,2,1782360352.0391595,0.002047300338745117
142286,normal,2634,0,1782360352.0411077,0.0019481182098388672
142287,normal,2609,0,1782360352.0432065,0.0020987987518310547
142288,normal,2553,0,1782360352.0452785,0.0020720958709716797
142289,normal,2095,0,1782360352.0470533,0.0017747879028320312
142290,normal,1971,0,1782360352.049158,0.0021047592163085938
142291,normal,1002,2,1782360352.0511086,0.0019505023956298828
142292,normal,2431,0,1782360352.053149,0.002040386199951172
142293,normal,987,2,1782360352.055105,0.0019559860229492188
142294,normal,2476,0,1782360352.0571096,0.0020046234130859375
142295,normal,813,2,1782360352.059009,0.0018994808197021484
142296,normal,953,2,1782360352.0611045,0.002095460891723633
142297,normal,1225,0,1782360352.063106,0.002001523971557617
142298,normal,1656,0,1782360352.0651221,0.0020160675048828125
142299,normal,1269,0,1782360352.0670063,0.0018842220306396484
142300,normal,3482,0,1782360352.0690982,0.0020918846130371094
142301,normal,3678,0,1782360352.0710065,0.0019083023071289062
142302,normal,2644,0,1782360352.0730789,0.0020723342895507812
142303,normal,2909,0,1782360352.0756469,0.0025680065155029297
142304,normal,2697,0,1782360352.0770957,0.0014488697052001953
142305,normal,1212,0,1782360352.0790238,0.001928091049194336
142306,normal,1506,0,1782360352.0811162,0.0020923614501953125
142307,normal,3341,1,1782360352.0830386,0.0019223690032958984
142308,normal,3037,0,1782360352.0851114,0.0020728111267089844
142309,normal,3537,0,1782360352.0871997,0.002088308334350586
142310,normal,48,0,1782360352.0890357,0.0018360614776611328
142311,normal,850,2,1782360352.0910995,0.002063751220703125
142312,normal,519,0,1782360352.0931158,0.002016305923461914
142313,normal,1782,0,1782360352.0950181,0.0019023418426513672
142314,normal,1628,0,1782360352.0971181,0.0020999908447265625
142315,normal,3658,0,1782360352.0991437,0.002025604248046875
142316,normal,2969,0,1782360352.101015,0.001871347427368164
142317,normal,3153,1,1782360352.103025,0.002009868621826172
142318,normal,176,0,1782360352.1051805,0.0021555423736572266
142319,normal,58,0,1782360352.1074624,0.0022819042205810547
142320,normal,3444,0,1782360352.109322,0.0018596649169921875
142321,normal,2794,0,1782360352.1109743,0.0016522407531738281
142322,normal,994,2,1782360352.113152,0.002177715301513672
142323,normal,1083,0,1782360352.1150727,0.0019207000732421875
142324,normal,2968,0,1782360352.1172018,0.002129077911376953
142325,normal,581,0,1782360352.11918,0.001978158950805664
142326,normal,3050,1,1782360352.121005,0.001825094223022461
142327,normal,1937,0,1782360352.1232843,0.0022792816162109375
142328,normal,10,0,1782360352.125159,0.001874685287475586
142329,normal,1807,0,1782360352.12704,0.0018808841705322266
142330,normal,2768,0,1782360352.1291013,0.0020613670349121094
142331,normal,2189,0,1782360352.131089,0.0019876956939697266
142332,normal,3448,0,1782360352.133115,0.002026081085205078
142333,normal,353,0,1782360352.1351159,0.0020008087158203125
142334,normal,1012,2,1782360352.1370645,0.0019485950469970703
142335,normal,3293,1,1782360352.1391878,0.0021233558654785156
142336,normal,2279,0,1782360352.1411684,0.0019805431365966797
142337,normal,1512,0,1782360352.1433318,0.002163410186767578
142338,normal,3490,0,1782360352.144924,0.0015921592712402344
142339,normal,3443,0,1782360352.1471057,0.0021817684173583984
142340,normal,2719,0,1782360352.1490188,0.0019130706787109375
142341,normal,524,0,1782360352.151107,0.002088308334350586
142342,normal,3092,1,1782360352.153104,0.0019969940185546875
142343,normal,1196,0,1782360352.15502,0.0019159317016601562
142344,normal,2237,0,1782360352.1571207,0.002100706100463867
142345,normal,2296,0,1782360352.1591866,0.002065896987915039
142346,normal,3550,0,1782360352.161066,0.0018794536590576172
142347,normal,668,0,1782360352.1631026,0.002036571502685547
142348,normal,3458,0,1782360352.1651077,0.0020051002502441406
142349,normal,2711,0,1782360352.1670065,0.0018987655639648438
142350,normal,2130,0,1782360352.1690936,0.002087116241455078
142351,normal,1052,0,1782360352.1711056,0.002012014389038086
142352,normal,1848,0,1782360352.1730435,0.0019378662109375
142353,normal,3384,1,1782360352.175076,0.0020325183868408203
142354,normal,2117,0,1782360352.1771836,0.0021076202392578125
142355,normal,2963,0,1782360352.1790526,0.0018689632415771484
142356,normal,2212,0,1782360352.1811328,0.002080202102661133
142357,normal,204,0,1782360352.183125,0.0019922256469726562
142358,normal,3391,1,1782360352.1850321,0.0019071102142333984
142359,normal,181,0,1782360352.1870966,0.0020644664764404297
142360,normal,3649,0,1782360352.1890953,0.0019986629486083984
142361,normal,3054,1,1782360352.190999,0.0019037723541259766
142362,normal,3261,1,1782360352.1932504,0.0022513866424560547
142363,normal,60,0,1782360352.1951585,0.0019080638885498047
142364,normal,739,0,1782360352.197141,0.001982450485229492
142365,normal,2214,0,1782360352.1991315,0.0019905567169189453
142366,normal,3469,0,1782360352.2012255,0.0020940303802490234
142367,normal,2619,0,1782360352.203048,0.0018224716186523438
142368,normal,1588,0,1782360352.2052326,0.002184629440307617
142369,normal,3023,0,1782360352.2071962,0.0019636154174804688
142370,normal,1528,0,1782360352.2089999,0.0018036365509033203
142371,normal,3109,1,1782360352.211085,0.0020852088928222656
142372,normal,921,2,1782360352.2130861,0.002001047134399414
142373,normal,2142,0,1782360352.2151306,0.0020444393157958984
142374,normal,2027,0,1782360352.2169974,0.0018668174743652344
142375,normal,3204,1,1782360352.2190833,0.0020859241485595703
142376,normal,1609,0,1782360352.2210062,0.0019228458404541016
142377,normal,2857,0,1782360352.2230864,0.002080202102661133
142378,normal,2443,0,1782360352.2257166,0.0026302337646484375
142379,normal,3286,1,1782360352.227115,0.001398324966430664
142380,normal,647,0,1782360352.229019,0.0019040107727050781
142381,normal,2368,0,1782360352.231098,0.002079010009765625
142382,normal,226,0,1782360352.2329924,0.0018944740295410156
142383,normal,1553,0,1782360352.235073,0.002080678939819336
142384,normal,3597,0,1782360352.2371905,0.0021173954010009766
142385,normal,468,0,1782360352.2390323,0.0018417835235595703
142386,normal,1032,0,1782360352.24109,0.002057790756225586
142387,normal,3412,0,1782360352.243096,0.002006053924560547
142388,normal,1615,0,1782360352.2450142,0.0019180774688720703
142389,normal,690,0,1782360352.247035,0.0020208358764648438
142390,normal,2563,0,1782360352.2491584,0.0021233558654785156
142391,normal,302,0,1782360352.2511096,0.0019512176513671875
142392,normal,983,2,1782360352.252952,0.001842498779296875
142393,normal,3534,0,1782360352.2551234,0.0021712779998779297
142394,normal,2555,0,1782360352.2570772,0.0019538402557373047
142395,normal,2341,0,1782360352.2592816,0.002204418182373047
142396,normal,2673,0,1782360352.2611964,0.0019147396087646484
142397,normal,1897,0,1782360352.2629588,0.00176239013671875
142398,normal,2525,0,1782360352.2652571,0.0022983551025390625
142399,normal,2131,0,1782360352.2673345,0.002077341079711914
142400,normal,1280,0,1782360352.2689605,0.0016260147094726562
142401,normal,958,2,1782360352.2710876,0.0021271705627441406
142402,normal,3450,0,1782360352.2731402,0.0020525455474853516
142403,normal,3418,0,1782360352.2750742,0.001934051513671875
142404,normal,3447,0,1782360352.2771468,0.002072572708129883
142405,normal,1316,0,1782360352.2791588,0.002012014389038086
142406,normal,2635,0,1782360352.2810876,0.0019288063049316406
142407,normal,3561,0,1782360352.2833889,0.0023012161254882812
142408,normal,998,2,1782360352.2850878,0.0016989707946777344
142409,normal,196,0,1782360352.2870095,0.0019216537475585938
142410,normal,1903,0,1782360352.289071,0.002061605453491211
142411,normal,2229,0,1782360352.2911131,0.002042055130004883
142412,normal,3103,1,1782360352.2930045,0.0018913745880126953
142413,normal,1519,0,1782360352.2950835,0.002079010009765625
142414,normal,2604,0,1782360352.2970984,0.0020148754119873047
142415,normal,312,0,1782360352.299051,0.0019526481628417969
142416,normal,1298,0,1782360352.3010798,0.0020287036895751953
142417,normal,0,0,1782360352.3030605,0.0019807815551757812
142418,normal,1041,0,1782360352.3050485,0.001987934112548828
142419,normal,2327,0,1782360352.3069663,0.0019178390502929688
142420,normal,1620,0,1782360352.309043,0.0020766258239746094
142421,normal,1698,0,1782360352.3110623,0.0020194053649902344
142422,normal,1181,0,1782360352.313021,0.001958608627319336
142423,normal,1329,1,1782360352.3151772,0.0021562576293945312
142424,normal,2226,0,1782360352.31693,0.0017528533935546875
142425,normal,1898,0,1782360352.3190649,0.0021347999572753906
142426,normal,3572,0,1782360352.3210573,0.001992464065551758
142427,normal,3062,1,1782360352.3230762,0.0020189285278320312
142428,normal,3376,1,1782360352.324905,0.0018286705017089844
142429,normal,3436,0,1782360352.326932,0.0020270347595214844
142430,normal,675,0,1782360352.328952,0.002020120620727539
142431,normal,2322,0,1782360352.330981,0.002028942108154297
142432,normal,2058,0,1782360352.3329928,0.0020117759704589844
142433,normal,2541,0,1782360352.3350303,0.002037525177001953
142434,normal,480,0,1782360352.3369598,0.0019295215606689453
142435,normal,2146,0,1782360352.3390315,0.0020716190338134766
142436,normal,187,0,1782360352.3409579,0.001926422119140625
142437,normal,3365,1,1782360352.34304,0.0020821094512939453
142438,normal,125,0,1782360352.345081,0.0020411014556884766
142439,normal,389,0,1782360352.34686,0.0017788410186767578
142440,normal,659,0,1782360352.3490484,0.002188444137573242
142441,normal,3320,1,1782360352.350999,0.0019507408142089844
142442,normal,1265,0,1782360352.3529541,0.0019550323486328125
142443,normal,3456,0,1782360352.3550363,0.0020821094512939453
142444,normal,588,0,1782360352.3569946,0.0019583702087402344
142445,normal,338,0,1782360352.3588953,0.0019006729125976562
142446,normal,3501,0,1782360352.360997,0.0021016597747802734
142447,normal,2409,0,1782360352.3631501,0.002153158187866211
142448,normal,401,0,1782360352.3651986,0.002048492431640625
142449,normal,1087,0,1782360352.3669589,0.001760244369506836
142450,normal,348,0,1782360352.3689969,0.0020380020141601562
142451,normal,2537,0,1782360352.3709028,0.0019059181213378906
142452,normal,542,0,1782360352.3730066,0.0021038055419921875
142453,normal,116,0,1782360352.3750656,0.0020589828491210938
142454,normal,2566,0,1782360352.376921,0.0018553733825683594
142455,normal,804,2,1782360352.379074,0.002153158187866211
142456,normal,124,0,1782360352.3809943,0.0019202232360839844
142457,normal,3232,1,1782360352.382902,0.0019075870513916016
142458,normal,2910,0,1782360352.3850186,0.002116680145263672
142459,normal,216,0,1782360352.3870308,0.0020122528076171875
142460,normal,2132,0,1782360352.3889177,0.0018868446350097656
142461,normal,2291,0,1782360352.3912857,0.0023679733276367188
142462,normal,823,2,1782360352.3929982,0.0017125606536865234
142463,normal,1742,0,1782360352.3949962,0.0019979476928710938
142464,normal,1019,2,1782360352.3970866,0.0020904541015625
142465,normal,2824,0,1782360352.3990822,0.001995563507080078
142466,normal,621,0,1782360352.4011545,0.0020723342895507812
142467,normal,3318,1,1782360352.4030826,0.001928091049194336
142468,normal,1565,0,1782360352.405046,0.001963376998901367
142469,normal,430,0,1782360352.4071574,0.0021114349365234375
142470,normal,3643,0,1782360352.4092765,0.0021190643310546875
142471,normal,1508,0,1782360352.4110286,0.0017521381378173828
142472,normal,3355,1,1782360352.4129014,0.0018727779388427734
142473,normal,2702,0,1782360352.415012,0.0021104812622070312
142474,normal,3260,1,1782360352.417148,0.00213623046875
142475,normal,3377,1,1782360352.4189456,0.0017974376678466797
142476,normal,406,0,1782360352.4209785,0.0020329952239990234
142477,normal,34,0,1782360352.423099,0.002120494842529297
142478,normal,2311,0,1782360352.4249656,0.0018665790557861328
142479,normal,3091,1,1782360352.427376,0.002410411834716797
142480,normal,671,0,1782360352.4289117,0.001535654067993164
142481,normal,3149,1,1782360352.4310353,0.002123594284057617
142482,normal,2057,0,1782360352.4329388,0.001903533935546875
142483,normal,1184,0,1782360352.4350395,0.002100706100463867
142484,normal,2001,0,1782360352.4369247,0.0018851757049560547
142485,normal,1011,2,1782360352.4390447,0.0021200180053710938
142486,normal,249,0,1782360352.441042,0.001997232437133789
142487,normal,1047,0,1782360352.4429576,0.0019156932830810547
142488,normal,1330,1,1782360352.4450336,0.0020759105682373047
142489,normal,3584,0,1782360352.4469795,0.0019459724426269531
142490,normal,105,0,1782360352.448911,0.0019314289093017578
142491,normal,1253,0,1782360352.450917,0.002006053924560547
142492,normal,1061,0,1782360352.453026,0.002109050750732422
142493,normal,2251,0,1782360352.454911,0.0018849372863769531
142494,normal,1475,0,1782360352.4570513,0.0021402835845947266
142495,normal,1543,0,1782360352.4590588,0.0020074844360351562
142496,normal,1788,0,1782360352.4609947,0.0019359588623046875
142497,normal,3664,0,1782360352.4630284,0.002033710479736328
142498,normal,2396,0,1782360352.4650192,0.001990795135498047
142499,normal,51,0,1782360352.4669251,0.0019059181213378906
142500,normal,534,0,1782360352.4690244,0.002099275588989258
142501,normal,1489,0,1782360352.4710088,0.0019843578338623047
142502,normal,165,0,1782360352.4729087,0.0018999576568603516
142503,normal,820,2,1782360352.4749992,0.0020904541015625
142504,normal,3552,0,1782360352.477147,0.0021479129791259766
142505,normal,622,0,1782360352.47894,0.00179290771484375
142506,normal,1364,1,1782360352.4811873,0.002247333526611328
142507,normal,1731,0,1782360352.483107,0.0019197463989257812
142508,normal,3410,0,1782360352.4850554,0.0019483566284179688
142509,normal,1049,0,1782360352.4869516,0.0018961429595947266
142510,normal,201,0,1782360352.489068,0.0021164417266845703
142511,normal,2521,0,1782360352.49099,0.0019218921661376953
142512,normal,2893,0,1782360352.493168,0.002178192138671875
142513,normal,234,0,1782360352.4949694,0.0018012523651123047
142514,normal,3057,1,1782360352.4968963,0.0019268989562988281
142515,normal,1832,0,1782360352.499008,0.002111673355102539
142516,normal,1806,0,1782360352.5010014,0.001993417739868164
142517,normal,949,2,1782360352.5029933,0.0019919872283935547
142518,normal,1643,0,1782360352.5050056,0.0020122528076171875
142519,normal,3635,0,1782360352.5070043,0.0019986629486083984
142520,normal,1926,0,1782360352.5088964,0.00189208984375
142521,normal,944,2,1782360352.511016,0.0021195411682128906
142522,normal,1422,0,1782360352.5134637,0.002447843551635742
142523,normal,1554,0,1782360352.515085,0.001621246337890625
142524,normal,3603,0,1782360352.5169368,0.001851797103881836
142525,normal,2233,0,1782360352.5190263,0.0020895004272460938
142526,normal,421,0,1782360352.520928,0.0019016265869140625
142527,normal,856,2,1782360352.5230339,0.0021059513092041016
142528,normal,576,0,1782360352.5251167,0.00208282470703125
142529,normal,3246,1,1782360352.5270448,0.001928091049194336
142530,normal,2119,0,1782360352.528924,0.0018792152404785156
142531,normal,1199,0,1782360352.5310166,0.002092599868774414
142532,normal,3515,0,1782360352.5329354,0.001918792724609375
142533,normal,3082,1,1782360352.5350316,0.0020961761474609375
142534,normal,3075,1,1782360352.537042,0.002010345458984375
142535,normal,1876,0,1782360352.5392473,0.002205371856689453
142536,normal,169,0,1782360352.5410714,0.0018241405487060547
142537,normal,1204,0,1782360352.543094,0.0020225048065185547
142538,normal,2770,0,1782360352.5449924,0.0018985271453857422
142539,normal,933,2,1782360352.5471172,0.002124786376953125
142540,normal,1854,0,1782360352.549228,0.002110719680786133
142541,normal,2756,0,1782360352.5511005,0.0018725395202636719
142542,normal,912,2,1782360352.5530524,0.0019519329071044922
142543,normal,224,0,1782360352.5549827,0.00193023681640625
142544,normal,1241,0,1782360352.5571654,0.0021827220916748047
142545,normal,988,2,1782360352.5590596,0.001894235610961914
142546,normal,2729,0,1782360352.5609787,0.0019190311431884766
142547,normal,2400,0,1782360352.562901,0.0019223690032958984
142548,normal,3586,0,1782360352.5650053,0.0021042823791503906
142549,normal,1427,0,1782360352.5670152,0.002009868621826172
142550,normal,1539,0,1782360352.5689182,0.0019030570983886719
142551,normal,1675,0,1782360352.5710206,0.002102375030517578
142552,normal,3140,1,1782360352.5730155,0.0019948482513427734
142553,normal,502,0,1782360352.5749104,0.0018949508666992188
142554,normal,3646,0,1782360352.5770295,0.0021190643310546875
142555,normal,2163,0,1782360352.5790539,0.002024412155151367
142556,normal,1257,0,1782360352.5809734,0.0019195079803466797
142557,normal,2429,0,1782360352.5830503,0.002076864242553711
142558,normal,143,0,1782360352.5849721,0.0019218921661376953
142559,normal,2290,0,1782360352.5869446,0.0019724369049072266
142560,normal,1530,0,1782360352.5890653,0.0021207332611083984
142561,normal,498,0,1782360352.591077,0.0020117759704589844
142562,normal,775,2,1782360352.5929189,0.0018417835235595703
142563,normal,3251,1,1782360352.5950196,0.002100706100463867
142564,normal,310,0,1782360352.5970175,0.0019979476928710938
142565,normal,3587,0,1782360352.5989134,0.001895904541015625
142566,normal,1572,0,1782360352.601024,0.0021104812622070312
142567,normal,978,2,1782360352.60298,0.0019559860229492188
142568,normal,778,2,1782360352.6049244,0.0019445419311523438
142569,normal,2927,0,1782360352.6070528,0.0021283626556396484
142570,normal,1134,0,1782360352.609133,0.002080202102661133
142571,normal,2861,0,1782360352.6109316,0.0017986297607421875
142572,normal,3424,0,1782360352.6130252,0.0020935535430908203
142573,normal,1994,0,1782360352.615023,0.001997709274291992
142574,normal,1404,0,1782360352.6169193,0.0018963813781738281
142575,normal,3348,1,1782360352.6200285,0.0031092166900634766
142576,normal,1808,0,1782360352.620915,0.0008864402770996094
142577,normal,961,2,1782360352.6230233,0.002108335494995117
142578,normal,1416,0,1782360352.624945,0.0019216537475585938
142579,normal,148,0,1782360352.6270874,0.0021424293518066406
142580,normal,122,0,1782360352.6289861,0.0018987655639648438
142581,normal,1655,0,1782360352.6310613,0.0020751953125
142582,normal,845,2,1782360352.632922,0.0018606185913085938
142583,normal,3193,1,1782360352.635034,0.002112150192260742
142584,normal,1435,0,1782360352.636932,0.0018978118896484375
142585,normal,3432,0,1782360352.6390355,0.002103567123413086
142586,normal,3052,1,1782360352.6409092,0.0018737316131591797
142587,normal,1498,0,1782360352.643023,0.002113819122314453
142588,normal,3169,1,1782360352.6449397,0.001916646957397461
142589,normal,822,2,1782360352.6470826,0.0021429061889648438
142590,normal,49,0,1782360352.6489503,0.0018677711486816406
142591,normal,2416,0,1782360352.6510804,0.0021300315856933594
142592,normal,1397,0,1782360352.652996,0.0019156932830810547
142593,normal,926,2,1782360352.655113,0.0021169185638427734
142594,normal,1425,0,1782360352.6570833,0.0019702911376953125
142595,normal,1801,0,1782360352.6590288,0.00194549560546875
142596,normal,25,0,1782360352.6610928,0.0020639896392822266
142597,normal,855,2,1782360352.6630368,0.0019440650939941406
142598,normal,3083,1,1782360352.6649053,0.0018684864044189453
142599,normal,830,2,1782360352.6670127,0.002107381820678711
142600,normal,3539,0,1782360352.6690147,0.0020020008087158203
142601,normal,2819,0,1782360352.6710308,0.0020160675048828125
142602,normal,345,0,1782360352.6729012,0.0018703937530517578
142603,normal,893,2,1782360352.6750114,0.0021102428436279297
142604,normal,656,0,1782360352.6768987,0.0018873214721679688
142605,normal,322,0,1782360352.6790116,0.002112865447998047
142606,normal,1872,0,1782360352.6810591,0.0020475387573242188
142607,normal,3019,0,1782360352.6830013,0.0019421577453613281
142608,normal,306,0,1782360352.6851428,0.0021414756774902344
142609,normal,2273,0,1782360352.686982,0.0018391609191894531
142610,normal,1240,0,1782360352.6891289,0.0021469593048095703
142611,normal,1973,0,1782360352.690918,0.001789093017578125
142612,normal,42,0,1782360352.6930609,0.0021429061889648438
142613,normal,3627,0,1782360352.6949136,0.0018527507781982422
142614,normal,1817,0,1782360352.6970267,0.0021131038665771484
142615,normal,1243,0,1782360352.699167,0.0021402835845947266
142616,normal,2610,0,1782360352.700969,0.0018019676208496094
142617,normal,613,0,1782360352.7030182,0.0020492076873779297
142618,normal,2059,0,1782360352.7050176,0.001999378204345703
142619,normal,869,2,1782360352.7069354,0.0019178390502929688
142620,normal,713,0,1782360352.709036,0.002100706100463867
142621,normal,355,0,1782360352.7110343,0.0019981861114501953
142622,normal,1585,0,1782360352.7129104,0.0018761157989501953
142623,normal,556,0,1782360352.7150314,0.0021209716796875
142624,normal,1556,0,1782360352.7170432,0.0020117759704589844
142625,normal,3478,0,1782360352.718929,0.0018858909606933594
142626,normal,236,0,1782360352.7210245,0.002095460891723633
142627,normal,1952,0,1782360352.7232766,0.0022521018981933594
142628,normal,2877,0,1782360352.7250507,0.0017740726470947266
142629,normal,2025,0,1782360352.727014,0.001963376998901367
142630,normal,3372,1,1782360352.7290964,0.002082347869873047
142631,normal,1235,0,1782360352.7310255,0.0019290447235107422
142632,normal,2976,0,1782360352.7331326,0.0021071434020996094
142633,normal,1442,0,1782360352.7350194,0.0018868446350097656
142634,normal,452,0,1782360352.7370381,0.0020186901092529297
142635,normal,3265,1,1782360352.7391927,0.0021545886993408203
142636,normal,1849,0,1782360352.741078,0.0018851757049560547
142637,normal,482,0,1782360352.7429903,0.0019123554229736328
142638,normal,1348,1,1782360352.7452166,0.0022263526916503906
142639,normal,773,2,1782360352.747001,0.0017843246459960938
142640,normal,1067,0,1782360352.7489147,0.0019137859344482422
142641,normal,1981,0,1782360352.7511475,0.002232789993286133
142642,normal,280,0,1782360352.7531178,0.0019702911376953125
142643,normal,3637,0,1782360352.7550902,0.0019724369049072266
142644,normal,2896,0,1782360352.7569761,0.0018858909606933594
142645,normal,977,2,1782360352.7590833,0.0021071434020996094
142646,normal,2218,0,1782360352.7609775,0.001894235610961914
142647,normal,492,0,1782360352.7630987,0.0021212100982666016
142648,normal,206,0,1782360352.7653506,0.002251863479614258
142649,normal,1016,2,1782360352.7669535,0.0016028881072998047
142650,normal,274,0,1782360352.7690358,0.002082347869873047
142651,normal,80,0,1782360352.7710257,0.0019898414611816406
142652,normal,276,0,1782360352.772921,0.0018954277038574219
142653,normal,2971,0,1782360352.775036,0.002115011215209961
142654,normal,3531,0,1782360352.7769966,0.0019605159759521484
142655,normal,1915,0,1782360352.7789178,0.0019211769104003906
142656,normal,364,0,1782360352.7810357,0.0021178722381591797
142657,normal,1296,0,1782360352.783029,0.001993417739868164
142658,normal,1633,0,1782360352.7849693,0.0019402503967285156
142659,normal,3137,1,1782360352.7870393,0.0020699501037597656
142660,normal,3449,0,1782360352.789015,0.0019757747650146484
142661,normal,1132,0,1782360352.7909117,0.0018966197967529297
142662,normal,1167,0,1782360352.7930255,0.002113819122314453
142663,normal,2217,0,1782360352.795014,0.0019884109497070312
142664,normal,1362,1,1782360352.7969134,0.0018994808197021484
142665,normal,3292,1,1782360352.7990575,0.0021440982818603516
142666,normal,3198,1,1782360352.8010042,0.0019466876983642578
142667,normal,536,0,1782360352.8029952,0.0019910335540771484
142668,normal,2468,0,1782360352.805044,0.0020487308502197266
142669,normal,3005,0,1782360352.8070524,0.0020084381103515625
142670,normal,951,2,1782360352.8089633,0.0019109249114990234
142671,normal,352,0,1782360352.8110275,0.002064228057861328
142672,normal,644,0,1782360352.8129976,0.001970052719116211
142673,normal,118,0,1782360352.8149009,0.0019032955169677734
142674,normal,1295,0,1782360352.8170202,0.002119302749633789
142675,normal,2032,0,1782360352.819059,0.002038717269897461
142676,normal,928,2,1782360352.8209407,0.0018818378448486328
142677,normal,467,0,1782360352.8230793,0.0021386146545410156
142678,normal,922,2,1782360352.8251228,0.002043485641479492
142679,normal,3243,1,1782360352.827,0.0018770694732666016
142680,normal,435,0,1782360352.8291123,0.0021123886108398438
142681,normal,97,0,1782360352.8311398,0.0020275115966796875
142682,normal,2548,0,1782360352.8329887,0.0018489360809326172
142683,normal,1171,0,1782360352.8351896,0.0022008419036865234
142684,normal,1251,0,1782360352.8369827,0.0017931461334228516
142685,normal,1942,0,1782360352.8389022,0.0019195079803466797
142686,normal,1819,0,1782360352.8410163,0.0021140575408935547
142687,normal,1671,0,1782360352.8430042,0.001987934112548828
142688,normal,3559,0,1782360352.8450568,0.0020525455474853516
142689,normal,2823,0,1782360352.8470266,0.0019698143005371094
142690,normal,1616,0,1782360352.8490033,0.0019767284393310547
142691,normal,3445,0,1782360352.850909,0.001905679702758789
142692,normal,3317,1,1782360352.8529012,0.0019922256469726562
142693,normal,403,0,1782360352.8552706,0.002369403839111328
142694,normal,1178,0,1782360352.8570206,0.0017499923706054688
142695,normal,1045,0,1782360352.858971,0.0019505023956298828
142696,normal,948,2,1782360352.8611155,0.002144336700439453
142697,normal,1624,0,1782360352.8629255,0.0018100738525390625
142698,normal,841,2,1782360352.8650246,0.0020990371704101562
142699,normal,448,0,1782360352.867032,0.0020074844360351562
142700,normal,735,0,1782360352.8689167,0.0018846988677978516
142701,normal,2426,0,1782360352.8712368,0.0023200511932373047
142702,normal,561,0,1782360352.8730505,0.001813650131225586
142703,normal,1573,0,1782360352.8749096,0.0018591880798339844
142704,normal,408,0,1782360352.8770342,0.0021245479583740234
142705,normal,1289,0,1782360352.8790233,0.001989126205444336
142706,normal,715,0,1782360352.8809102,0.0018868446350097656
142707,normal,2158,0,1782360352.8830352,0.0021250247955322266
142708,normal,2527,0,1782360352.8850775,0.0020422935485839844
142709,normal,2133,0,1782360352.8869584,0.0018808841705322266
142710,normal,1927,0,1782360352.8890233,0.002064943313598633
142711,normal,3017,0,1782360352.8912299,0.002206563949584961
142712,normal,1879,0,1782360352.893385,0.0021550655364990234
142713,normal,2280,0,1782360352.8949811,0.001596212387084961
142714,normal,2780,0,1782360352.8972914,0.0023102760314941406
142715,normal,3144,1,1782360352.8990805,0.001789093017578125
142716,normal,764,0,1782360352.9010293,0.0019488334655761719
142717,normal,548,0,1782360352.903387,0.0023577213287353516
142718,normal,445,0,1782360352.9050632,0.0016760826110839844
142719,normal,1662,0,1782360352.9069088,0.0018455982208251953
142720,normal,3233,1,1782360352.9090254,0.002116680145263672
142721,normal,1660,0,1782360352.9109046,0.0018792152404785156
142722,normal,429,0,1782360352.9130275,0.0021228790283203125
142723,normal,1868,0,1782360352.9150205,0.001992940902709961
142724,normal,956,2,1782360352.9169755,0.0019550323486328125
142725,normal,2507,0,1782360352.9190285,0.0020530223846435547
142726,normal,2623,0,1782360352.9210093,0.0019807815551757812
142727,normal,2153,0,1782360352.9229116,0.0019023418426513672
142728,normal,570,0,1782360352.9250581,0.002146482467651367
142729,normal,2752,0,1782360352.9270654,0.0020072460174560547
142730,normal,458,0,1782360352.928998,0.0019326210021972656
142731,normal,128,0,1782360352.9310224,0.002024412155151367
142732,normal,2881,0,1782360352.9330606,0.002038240432739258
142733,normal,654,0,1782360352.9349568,0.0018961429595947266
142734,normal,1594,0,1782360352.9370792,0.0021224021911621094
142735,normal,2542,0,1782360352.9390848,0.0020055770874023438
142736,normal,899,2,1782360352.940913,0.0018281936645507812
142737,normal,3326,1,1782360352.9430168,0.0021038055419921875
142738,normal,3403,0,1782360352.944987,0.0019702911376953125
142739,normal,3411,0,1782360352.946905,0.0019178390502929688
142740,normal,3291,1,1782360352.9490345,0.0021295547485351562
142741,normal,1270,0,1782360352.9510126,0.001978158950805664
142742,normal,2463,0,1782360352.9529328,0.0019202232360839844
142743,normal,892,2,1782360352.9550467,0.002113819122314453
142744,normal,2879,0,1782360352.9570866,0.0020399093627929688
142745,normal,607,0,1782360352.9589114,0.0018248558044433594
142746,normal,3394,1,1782360352.9610205,0.002109050750732422
142747,normal,1249,0,1782360352.962986,0.0019655227661132812
142748,normal,2265,0,1782360352.9649084,0.0019223690032958984
142749,normal,729,0,1782360352.967019,0.002110719680786133
142750,normal,2692,0,1782360352.9690275,0.0020084381103515625
142751,normal,3613,0,1782360352.9709392,0.0019116401672363281
142752,normal,1462,0,1782360352.9730577,0.0021185874938964844
142753,normal,299,0,1782360352.9750628,0.0020051002502441406
142754,normal,976,2,1782360352.976972,0.0019092559814453125
142755,normal,495,0,1782360352.9789386,0.0019664764404296875
142756,normal,1935,0,1782360352.981003,0.0020644664764404297
142757,normal,2714,0,1782360352.9829202,0.001917123794555664
142758,normal,3538,0,1782360352.985037,0.0021169185638427734
142759,normal,2266,0,1782360352.9869914,0.001954317092895508
142760,normal,3182,1,1782360352.9889116,0.0019202232360839844
142761,normal,417,0,1782360352.9910123,0.002100706100463867
142762,normal,925,2,1782360352.9930923,0.0020799636840820312
142763,normal,1771,0,1782360352.9949582,0.0018658638000488281
142764,normal,3699,0,1782360352.997099,0.0021407604217529297
142765,normal,2318,0,1782360352.9991162,0.0020172595977783203
142766,normal,3250,1,1782360353.0010676,0.001951456069946289
142767,normal,3191,1,1782360353.0030794,0.0020117759704589844
142768,normal,577,0,1782360353.0052009,0.002121448516845703
142769,normal,1036,0,1782360353.0070438,0.0018429756164550781
142770,normal,3392,1,1782360353.0089955,0.0019516944885253906
142771,normal,112,0,1782360353.0110137,0.0020182132720947266
142772,normal,1242,0,1782360353.012899,0.0018851757049560547
142773,normal,1030,0,1782360353.0148969,0.0019979476928710938
142774,normal,73,0,1782360353.0171893,0.0022923946380615234
142775,normal,2778,0,1782360353.0189185,0.0017292499542236328
142776,normal,701,0,1782360353.0210032,0.0020847320556640625
142777,normal,3216,1,1782360353.0229428,0.001939535140991211
142778,normal,1754,0,1782360353.0250018,0.0020589828491210938
142779,normal,1219,0,1782360353.0270605,0.002058744430541992
142780,normal,1532,0,1782360353.0291653,0.0021047592163085938
142781,normal,1592,0,1782360353.031039,0.0018737316131591797
142782,normal,2109,0,1782360353.033146,0.002106904983520508
142783,normal,2481,0,1782360353.0350807,0.0019347667694091797
142784,normal,2294,0,1782360353.0369122,0.0018315315246582031
142785,normal,3185,1,1782360353.0390267,0.002114534378051758
142786,normal,959,2,1782360353.0409899,0.0019631385803222656
142787,normal,3595,0,1782360353.0430155,0.002025604248046875
142788,normal,3694,0,1782360353.045156,0.002140522003173828
142789,normal,2203,0,1782360353.0470378,0.0018818378448486328
142790,normal,251,0,1782360353.0489204,0.0018825531005859375
142791,normal,2616,0,1782360353.0510292,0.0021088123321533203
142792,normal,3210,1,1782360353.0530002,0.001971006393432617
142793,normal,3003,0,1782360353.0549178,0.0019176006317138672
142794,normal,2068,0,1782360353.0572457,0.0023279190063476562
142795,normal,3159,1,1782360353.0592258,0.0019800662994384766
142796,normal,3476,0,1782360353.060989,0.0017631053924560547
142797,normal,3522,0,1782360353.0630934,0.002104520797729492
142798,normal,3302,1,1782360353.0650964,0.0020029544830322266
142799,normal,3304,1,1782360353.0669882,0.0018918514251708984
142800,normal,1912,0,1782360353.0690403,0.0020520687103271484
142801,normal,947,2,1782360353.071265,0.0022246837615966797
142802,normal,271,0,1782360353.0730803,0.0018153190612792969
142803,normal,2590,0,1782360353.074968,0.0018877983093261719
142804,normal,1065,0,1782360353.0772953,0.0023272037506103516
142805,normal,2220,0,1782360353.079395,0.002099752426147461
142806,normal,1112,0,1782360353.0809774,0.0015823841094970703
142807,normal,3012,0,1782360353.0830066,0.0020291805267333984
142808,normal,1809,0,1782360353.0849466,0.001940011978149414
142809,normal,304,0,1782360353.087131,0.0021843910217285156
142810,normal,3060,1,1782360353.0890856,0.0019545555114746094
142811,normal,1840,0,1782360353.0909677,0.0018820762634277344
142812,normal,1734,0,1782360353.0931008,0.0021331310272216797
142813,normal,324,0,1782360353.095094,0.0019931793212890625
142814,normal,2446,0,1782360353.0974362,0.00234222412109375
142815,normal,1306,0,1782360353.0989606,0.0015244483947753906
142816,normal,3156,1,1782360353.1010318,0.0020711421966552734
142817,normal,409,0,1782360353.1029282,0.0018963813781738281
142818,normal,2448,0,1782360353.1050293,0.0021011829376220703
142819,normal,2091,0,1782360353.107014,0.0019845962524414062
142820,normal,2654,0,1782360353.1089354,0.0019214153289794922
142821,normal,1173,0,1782360353.1110356,0.002100229263305664
142822,normal,2168,0,1782360353.113047,0.0020112991333007812
142823,normal,57,0,1782360353.1149182,0.001871347427368164
142824,normal,3621,0,1782360353.1170707,0.0021524429321289062
142825,normal,2402,0,1782360353.1189935,0.0019228458404541016
142826,normal,2288,0,1782360353.1209087,0.0019152164459228516
142827,normal,1574,0,1782360353.1230206,0.0021119117736816406
142828,normal,2035,0,1782360353.1250093,0.001988649368286133
142829,normal,3583,0,1782360353.1269183,0.001909017562866211
142830,normal,344,0,1782360353.1290545,0.00213623046875
142831,normal,725,0,1782360353.1310506,0.0019960403442382812
142832,normal,2740,0,1782360353.13298,0.0019295215606689453
142833,normal,1187,0,1782360353.135111,0.0021309852600097656
142834,normal,24,0,1782360353.1370556,0.0019445419311523438
142835,normal,2549,0,1782360353.138922,0.0018663406372070312
142836,normal,18,0,1782360353.1410365,0.002114534378051758
142837,normal,1851,0,1782360353.1430376,0.002001047134399414
142838,normal,908,2,1782360353.1448975,0.001859903335571289
142839,normal,564,0,1782360353.1470132,0.0021157264709472656
142840,normal,614,0,1782360353.1489923,0.0019791126251220703
142841,normal,138,0,1782360353.1509137,0.0019214153289794922
142842,normal,1870,0,1782360353.1531434,0.0022296905517578125
142843,normal,1720,0,1782360353.1550736,0.00193023681640625
142844,normal,1480,0,1782360353.156998,0.001924276351928711
142845,normal,1703,0,1782360353.1591592,0.002161264419555664
142846,normal,2187,0,1782360353.1611257,0.0019664764404296875
142847,normal,555,0,1782360353.1630368,0.001911163330078125
142848,normal,2561,0,1782360353.1650708,0.0020339488983154297
142849,normal,410,0,1782360353.1672034,0.0021326541900634766
142850,normal,685,0,1782360353.168924,0.0017206668853759766
142851,normal,2520,0,1782360353.1710136,0.0020895004272460938
142852,normal,1772,0,1782360353.1730025,0.0019888877868652344
142853,normal,129,0,1782360353.174905,0.0019025802612304688
142854,normal,2832,0,1782360353.1771424,0.0022373199462890625
142855,normal,1399,0,1782360353.1789825,0.0018401145935058594
142856,normal,763,0,1782360353.1809735,0.0019910335540771484
142857,normal,616,0,1782360353.1830032,0.0020296573638916016
142858,normal,706,0,1782360353.184937,0.0019338130950927734
142859,normal,722,0,1782360353.1872692,0.0023322105407714844
142860,normal,111,0,1782360353.189065,0.0017957687377929688
142861,normal,596,0,1782360353.1912146,0.0021495819091796875
142862,normal,3624,0,1782360353.193096,0.0018813610076904297
142863,normal,2454,0,1782360353.1949263,0.0018303394317626953
142864,normal,30,0,1782360353.1970222,0.002095937728881836
142865,normal,2999,0,1782360353.1989167,0.0018944740295410156
142866,normal,3617,0,1782360353.201028,0.0021114349365234375
142867,normal,3255,1,1782360353.203143,0.0021147727966308594
142868,normal,2043,0,1782360353.2050116,0.0018687248229980469
142869,normal,1680,0,1782360353.2070112,0.0019996166229248047
142870,normal,1471,0,1782360353.2089775,0.001966238021850586
142871,normal,461,0,1782360353.2109115,0.001934051513671875
142872,normal,1443,0,1782360353.2130473,0.002135753631591797
142873,normal,2980,0,1782360353.2150254,0.001978158950805664
142874,normal,195,0,1782360353.2171142,0.002088785171508789
142875,normal,2899,0,1782360353.2190843,0.001970052719116211
142876,normal,1531,0,1782360353.2214267,0.0023424625396728516
142877,normal,323,0,1782360353.2230866,0.0016598701477050781
142878,normal,1769,0,1782360353.2250156,0.0019290447235107422
142879,normal,1307,0,1782360353.2271357,0.0021200180053710938
142880,normal,762,0,1782360353.229197,0.0020613670349121094
142881,normal,2299,0,1782360353.2311227,0.0019257068634033203
142882,normal,886,2,1782360353.2330892,0.0019664764404296875
142883,normal,2748,0,1782360353.2349465,0.0018572807312011719
142884,normal,887,2,1782360353.237466,0.0025196075439453125
142885,normal,1728,0,1782360353.239073,0.0016069412231445312
142886,normal,222,0,1782360353.240909,0.0018360614776611328
142887,normal,3367,1,1782360353.243071,0.0021619796752929688
142888,normal,1638,0,1782360353.2451286,0.0020575523376464844
142889,normal,1891,0,1782360353.24721,0.0020813941955566406
142890,normal,781,2,1782360353.2490137,0.0018036365509033203
142891,normal,2754,0,1782360353.2511067,0.002093076705932617
142892,normal,3680,0,1782360353.2530184,0.0019116401672363281
142893,normal,1370,1,1782360353.2550128,0.0019943714141845703
142894,normal,102,0,1782360353.257044,0.0020313262939453125
142895,normal,209,0,1782360353.2589264,0.001882314682006836
142896,normal,3706,0,1782360353.261032,0.002105712890625
142897,normal,3209,1,1782360353.2629375,0.0019054412841796875
142898,normal,313,0,1782360353.2650406,0.002103090286254883
142899,normal,2139,0,1782360353.2669218,0.0018811225891113281
142900,normal,2097,0,1782360353.269087,0.0021653175354003906
142901,normal,173,0,1782360353.2709255,0.0018384456634521484
142902,normal,2224,0,1782360353.273028,0.002102375030517578
142903,normal,3034,0,1782360353.275014,0.0019860267639160156
142904,normal,1786,0,1782360353.2769127,0.0018987655639648438
142905,normal,1533,0,1782360353.279406,0.0024933815002441406
142906,normal,989,2,1782360353.280928,0.0015218257904052734
142907,normal,273,0,1782360353.2830272,0.002099275588989258
142908,normal,2727,0,1782360353.284904,0.0018768310546875
142909,normal,3455,0,1782360353.2870283,0.002124309539794922
142910,normal,1385,0,1782360353.2888975,0.00186920166015625
142911,normal,2198,0,1782360353.2910247,0.0021271705627441406
142912,normal,3013,0,1782360353.2930036,0.0019788742065429688
142913,normal,1186,0,1782360353.295014,0.002010345458984375
142914,normal,602,0,1782360353.2971148,0.0021009445190429688
142915,normal,3337,1,1782360353.2990942,0.001979351043701172
142916,normal,2858,0,1782360353.3010592,0.001965045928955078
142917,normal,1152,0,1782360353.3030374,0.001978158950805664
142918,normal,16,0,1782360353.3051686,0.002131223678588867
142919,normal,1393,0,1782360353.306962,0.0017933845520019531
142920,normal,1843,0,1782360353.3091261,0.002164125442504883
142921,normal,627,0,1782360353.3111591,0.0020329952239990234
142922,normal,53,0,1782360353.3130028,0.0018436908721923828
142923,normal,1405,0,1782360353.3150227,0.0020198822021484375
142924,normal,1229,0,1782360353.3169625,0.0019397735595703125
142925,normal,805,2,1782360353.3188941,0.0019316673278808594
142926,normal,2041,0,1782360353.3210855,0.002191305160522461
142927,normal,517,0,1782360353.3229873,0.001901865005493164
142928,normal,2278,0,1782360353.3248901,0.0019028186798095703
142929,normal,1909,0,1782360353.3269987,0.0021085739135742188
142930,normal,710,0,1782360353.3289487,0.0019500255584716797
142931,normal,2338,0,1782360353.330904,0.001955270767211914
142932,normal,1141,0,1782360353.3335648,0.0026607513427734375
142933,normal,3119,1,1782360353.3352013,0.001636505126953125
142934,normal,566,0,1782360353.3369482,0.0017468929290771484
142935,normal,171,0,1782360353.3390234,0.0020751953125
142936,normal,371,0,1782360353.340965,0.001941680908203125
142937,normal,2388,0,1782360353.3429232,0.001958131790161133
142938,normal,565,0,1782360353.3451192,0.002196073532104492
142939,normal,2466,0,1782360353.3471894,0.002070188522338867
142940,normal,2186,0,1782360353.3490956,0.0019061565399169922
142941,normal,254,0,1782360353.3510885,0.001992940902709961
142942,normal,666,0,1782360353.3530967,0.002008199691772461
142943,normal,1663,0,1782360353.355,0.0019032955169677734
142944,normal,1749,0,1782360353.3570688,0.002068758010864258
142945,normal,3289,1,1782360353.3590703,0.002001523971557617
142946,normal,3393,1,1782360353.3609698,0.0018994808197021484
142947,normal,3327,1,1782360353.363043,0.0020732879638671875
142948,normal,1258,0,1782360353.365108,0.002064943313598633
142949,normal,1224,0,1782360353.3671038,0.0019958019256591797
142950,normal,960,2,1782360353.3695982,0.002494335174560547
142951,normal,22,0,1782360353.3708797,0.0012814998626708984
142952,normal,1109,0,1782360353.3728955,0.002015829086303711
142953,normal,1336,1,1782360353.374927,0.002031564712524414
142954,normal,424,0,1782360353.3769116,0.0019845962524414062
142955,normal,3516,0,1782360353.3789492,0.002037525177001953
142956,normal,2394,0,1782360353.380949,0.0019998550415039062
142957,normal,1940,0,1782360353.3831146,0.002165555953979492
142958,normal,2007,0,1782360353.3849204,0.0018057823181152344
142959,normal,6,0,1782360353.3871758,0.0022554397583007812
142960,normal,3303,1,1782360353.3891208,0.0019450187683105469
142961,normal,3688,0,1782360353.3909159,0.001795053482055664
142962,normal,2276,0,1782360353.393014,0.00209808349609375
142963,normal,1411,0,1782360353.3949726,0.001958608627319336
142964,normal,2074,0,1782360353.3969212,0.0019485950469970703
142965,normal,3045,1,1782360353.3990302,0.002109050750732422
142966,normal,3439,0,1782360353.4009979,0.0019676685333251953
142967,normal,583,0,1782360353.4029102,0.0019123554229736328
142968,normal,751,0,1782360353.405047,0.002136707305908203
142969,normal,70,0,1782360353.407062,0.0020151138305664062
142970,normal,3614,0,1782360353.4089837,0.0019216537475585938
142971,normal,2438,0,1782360353.4109466,0.001962900161743164
142972,normal,1757,0,1782360353.4130201,0.002073526382446289
142973,normal,3280,1,1782360353.4149373,0.001917123794555664
142974,normal,3032,0,1782360353.4171107,0.0021734237670898438
142975,normal,2630,0,1782360353.4191535,0.0020427703857421875
142976,normal,3287,1,1782360353.4209971,0.0018436908721923828
142977,normal,2986,0,1782360353.422928,0.0019309520721435547
142978,normal,2538,0,1782360353.425042,0.002113819122314453
142979,normal,2469,0,1782360353.426928,0.001886129379272461
142980,normal,906,2,1782360353.4290435,0.002115488052368164
142981,normal,2535,0,1782360353.4310045,0.0019609928131103516
142982,normal,2951,0,1782360353.4329321,0.0019276142120361328
142983,normal,3295,1,1782360353.435035,0.0021028518676757812
142984,normal,3048,1,1782360353.4370043,0.0019693374633789062
142985,normal,2607,0,1782360353.4389136,0.0019092559814453125
142986,normal,3142,1,1782360353.4410322,0.0021185874938964844
142987,normal,3241,1,1782360353.442996,0.0019638538360595703
142988,normal,1335,1,1782360353.4449146,0.0019185543060302734
142989,normal,3033,0,1782360353.4470305,0.002115964889526367
142990,normal,175,0,1782360353.4490178,0.0019872188568115234
142991,normal,3551,0,1782360353.4509633,0.00194549560546875
142992,normal,963,2,1782360353.4529874,0.0020241737365722656
142993,normal,1606,0,1782360353.4551182,0.002130746841430664
142994,normal,2873,0,1782360353.4569345,0.0018162727355957031
142995,normal,3363,1,1782360353.4590492,0.0021147727966308594
142996,normal,2359,0,1782360353.4610062,0.001956939697265625
142997,normal,2383,0,1782360353.4629257,0.0019195079803466797
142998,normal,3283,1,1782360353.4650192,0.0020935535430908203
142999,normal,2753,0,1782360353.4670098,0.0019905567169189453
143000,normal,340,0,1782360353.468919,0.0019092559814453125
143001,normal,699,0,1782360353.4711685,0.002249479293823242
143002,normal,220,0,1782360353.4730566,0.0018880367279052734
143003,normal,505,0,1782360353.4749968,0.0019402503967285156
143004,normal,2365,0,1782360353.4771461,0.002149343490600586
143005,normal,3110,1,1782360353.4791217,0.001975536346435547
143006,normal,2706,0,1782360353.4810498,0.001928091049194336
143007,normal,2571,0,1782360353.483101,0.002051115036010742
143008,normal,2534,0,1782360353.4851425,0.0020415782928466797
143009,normal,1064,0,1782360353.4870977,0.001955270767211914
143010,normal,2990,0,1782360353.488907,0.0018093585968017578
143011,normal,2204,0,1782360353.4910102,0.002103090286254883
143012,normal,1487,0,1782360353.492894,0.0018837451934814453
143013,normal,2024,0,1782360353.4950488,0.002154827117919922
143014,normal,3622,0,1782360353.4971397,0.002090930938720703
143015,normal,2709,0,1782360353.4988918,0.0017521381378173828
143016,normal,2662,0,1782360353.5010061,0.0021142959594726562
143017,normal,258,0,1782360353.5029228,0.001916646957397461
143018,normal,3497,0,1782360353.5050068,0.002084016799926758
143019,normal,539,0,1782360353.5071604,0.002153635025024414
143020,normal,1028,2,1782360353.5092845,0.0021240711212158203
143021,normal,2326,0,1782360353.511021,0.0017364025115966797
143022,normal,693,0,1782360353.512908,0.0018870830535888672
143023,normal,852,2,1782360353.5150251,0.002117156982421875
143024,normal,2642,0,1782360353.5169094,0.0018842220306396484
143025,normal,3145,1,1782360353.5190253,0.002115964889526367
143026,normal,2304,0,1782360353.521249,0.0022237300872802734
143027,normal,2522,0,1782360353.522971,0.0017218589782714844
143028,normal,1111,0,1782360353.5250354,0.0020644664764404297
143029,normal,3573,0,1782360353.526956,0.0019207000732421875
143030,normal,3264,1,1782360353.528918,0.001961946487426758
143031,normal,411,0,1782360353.5319796,0.003061532974243164
143032,normal,1696,0,1782360353.5329347,0.0009551048278808594
143033,normal,3623,0,1782360353.535022,0.0020873546600341797
143034,normal,615,0,1782360353.5369217,0.00189971923828125
143035,normal,2901,0,1782360353.5390294,0.0021076202392578125
143036,normal,190,0,1782360353.5411973,0.002167940139770508
143037,normal,54,0,1782360353.5434806,0.002283334732055664
143038,normal,1828,0,1782360353.5450094,0.0015287399291992188
143039,normal,3630,0,1782360353.54701,0.002000570297241211
143040,normal,3459,0,1782360353.5489495,0.001939535140991211
143041,normal,1947,0,1782360353.5511043,0.002154827117919922
143042,normal,3321,1,1782360353.5530086,0.0019042491912841797
143043,normal,3585,0,1782360353.555014,0.002005338668823242
143044,normal,153,0,1782360353.5571735,0.002159595489501953
143045,normal,3196,1,1782360353.5590148,0.0018413066864013672
143046,normal,2501,0,1782360353.5611382,0.0021233558654785156
143047,normal,3192,1,1782360353.5634985,0.0023603439331054688
143048,normal,1792,0,1782360353.565063,0.0015645027160644531
143049,normal,939,2,1782360353.5668912,0.0018281936645507812
143050,normal,1285,0,1782360353.5690024,0.002111196517944336
143051,normal,72,0,1782360353.57093,0.0019276142120361328
143052,normal,1170,0,1782360353.5730157,0.0020856857299804688
143053,normal,2386,0,1782360353.574986,0.0019702911376953125
143054,normal,2595,0,1782360353.576921,0.0019350051879882812
143055,normal,1188,0,1782360353.579027,0.0021059513092041016
143056,normal,1505,0,1782360353.5810208,0.001993894577026367
143057,normal,3296,1,1782360353.5829625,0.001941680908203125
143058,normal,2325,0,1782360353.585103,0.002140522003173828
143059,normal,741,0,1782360353.587067,0.0019638538360595703
143060,normal,407,0,1782360353.588899,0.0018320083618164062
143061,normal,3671,0,1782360353.5910544,0.0021555423736572266
143062,normal,2026,0,1782360353.5930293,0.001974821090698242
143063,normal,574,0,1782360353.5949728,0.0019435882568359375
143064,normal,188,0,1782360353.5970955,0.002122640609741211
143065,normal,2648,0,1782360353.5989196,0.0018241405487060547
143066,normal,3046,1,1782360353.6010292,0.002109527587890625
143067,normal,643,0,1782360353.6029203,0.0018911361694335938
143068,normal,3213,1,1782360353.6050353,0.002115011215209961
143069,normal,771,0,1782360353.6069124,0.0018770694732666016
143070,normal,290,0,1782360353.6090307,0.002118349075317383
143071,normal,3701,0,1782360353.610982,0.0019512176513671875
143072,normal,460,0,1782360353.6129277,0.0019457340240478516
143073,normal,2289,0,1782360353.6149898,0.002062082290649414
143074,normal,1493,0,1782360353.6169984,0.002008676528930664
143075,normal,545,0,1782360353.618909,0.0019104480743408203
143076,normal,520,0,1782360353.621029,0.0021200180053710938
143077,normal,1513,0,1782360353.622976,0.001947164535522461
143078,normal,3350,1,1782360353.6249125,0.0019364356994628906
143079,normal,2638,0,1782360353.627028,0.002115488052368164
143080,normal,1268,0,1782360353.6290174,0.0019893646240234375
143081,normal,905,2,1782360353.6309645,0.001947164535522461
143082,normal,47,0,1782360353.633107,0.0021424293518066406
143083,normal,2124,0,1782360353.6350849,0.0019779205322265625
143084,normal,1189,0,1782360353.6369376,0.0018527507781982422
143085,normal,600,0,1782360353.6390498,0.002112150192260742
143086,normal,2743,0,1782360353.641002,0.0019521713256835938
143087,normal,3172,1,1782360353.6429384,0.0019364356994628906
143088,normal,2228,0,1782360353.6450207,0.002082347869873047
143089,normal,3518,0,1782360353.6469615,0.0019407272338867188
143090,normal,1090,0,1782360353.6489015,0.001940011978149414
143091,normal,3211,1,1782360353.6513052,0.002403736114501953
143092,normal,952,2,1782360353.6530504,0.0017452239990234375
143093,normal,1924,0,1782360353.6549768,0.001926422119140625
143094,normal,3540,0,1782360353.6571517,0.002174854278564453
143095,normal,1526,0,1782360353.6591747,0.002022981643676758
143096,normal,2701,0,1782360353.6610022,0.0018274784088134766
143097,normal,3275,1,1782360353.663098,0.002095937728881836
143098,normal,1326,1,1782360353.665132,0.0020339488983154297
143099,normal,1272,0,1782360353.6671255,0.001993417739868164
143100,normal,427,0,1782360353.6689136,0.0017881393432617188
143101,normal,527,0,1782360353.671023,0.0021092891693115234
143102,normal,3674,0,1782360353.6728942,0.001871347427368164
143103,normal,1037,0,1782360353.6750226,0.0021283626556396484
143104,normal,2530,0,1782360353.6771498,0.0021271705627441406
143105,normal,2328,0,1782360353.6788924,0.0017426013946533203
143106,normal,332,0,1782360353.6810174,0.0021250247955322266
143107,normal,540,0,1782360353.6829507,0.0019333362579345703
143108,normal,582,0,1782360353.6850054,0.0020546913146972656
143109,normal,2920,0,1782360353.6871407,0.0021352767944335938
143110,normal,1745,0,1782360353.6893773,0.002236604690551758
143111,normal,1998,0,1782360353.6910133,0.0016360282897949219
143112,normal,1576,0,1782360353.6930223,0.0020089149475097656
143113,normal,692,0,1782360353.694958,0.001935720443725586
143114,normal,3049,1,1782360353.6969116,0.001953601837158203
143115,normal,1287,0,1782360353.69904,0.0021283626556396484
143116,normal,3582,0,1782360353.7012465,0.002206563949584961
143117,normal,569,0,1782360353.7029848,0.0017383098602294922
143118,normal,3638,0,1782360353.705018,0.002033233642578125
143119,normal,2937,0,1782360353.7069602,0.0019421577453613281
143120,normal,2441,0,1782360353.709027,0.0020668506622314453
143121,normal,3166,1,1782360353.7109194,0.0018923282623291016
143122,normal,2061,0,1782360353.7130504,0.0021309852600097656
143123,normal,2115,0,1782360353.7149396,0.0018892288208007812
143124,normal,661,0,1782360353.7170417,0.0021021366119384766
143125,normal,1893,0,1782360353.7189817,0.001940011978149414
143126,normal,2890,0,1782360353.7211552,0.0021734237670898438
143127,normal,707,0,1782360353.72345,0.002294778823852539
143128,normal,1688,0,1782360353.7250545,0.0016045570373535156
143129,normal,667,0,1782360353.7268937,0.0018391609191894531
143130,normal,243,0,1782360353.7289548,0.002061128616333008
143131,normal,1396,0,1782360353.7311003,0.002145528793334961
143132,normal,2825,0,1782360353.7330308,0.0019304752349853516
143133,normal,821,2,1782360353.7350066,0.0019757747650146484
143134,normal,572,0,1782360353.737191,0.0021843910217285156
143135,normal,2054,0,1782360353.7389934,0.0018024444580078125
143136,normal,799,2,1782360353.7414384,0.0024449825286865234
143137,normal,2465,0,1782360353.7433174,0.001878976821899414
143138,normal,2944,0,1782360353.7450306,0.0017132759094238281
143139,normal,1331,1,1782360353.7470067,0.00197601318359375
143140,normal,2984,0,1782360353.7489493,0.0019426345825195312
143141,normal,858,2,1782360353.7510562,0.002106904983520508
143142,normal,341,0,1782360353.7529278,0.0018715858459472656
143143,normal,442,0,1782360353.7550452,0.0021173954010009766
143144,normal,1811,0,1782360353.7569253,0.0018801689147949219
143145,normal,3570,0,1782360353.7590218,0.002096414566040039
143146,normal,2127,0,1782360353.7609923,0.001970529556274414
143147,normal,223,0,1782360353.7629538,0.0019614696502685547
143148,normal,3205,1,1782360353.7650926,0.002138853073120117
143149,normal,1301,0,1782360353.7670484,0.001955747604370117
143150,normal,3409,0,1782360353.7689037,0.0018553733825683594
143151,normal,3553,0,1782360353.7710738,0.002170085906982422
143152,normal,721,0,1782360353.7730331,0.0019593238830566406
143153,normal,1657,0,1782360353.7749813,0.0019481182098388672
143154,normal,2430,0,1782360353.777058,0.0020766258239746094
143155,normal,755,0,1782360353.7789316,0.0018737316131591797
143156,normal,2738,0,1782360353.7809827,0.002051115036010742
143157,normal,1193,0,1782360353.7829163,0.0019335746765136719
143158,normal,1740,0,1782360353.7850313,0.002115011215209961
143159,normal,2343,0,1782360353.7869174,0.001886129379272461
143160,normal,207,0,1782360353.789033,0.002115488052368164
143161,normal,865,2,1782360353.7909617,0.0019288063049316406
143162,normal,3047,1,1782360353.7929282,0.0019664764404296875
143163,normal,1469,0,1782360353.794973,0.002044677734375
143164,normal,1292,0,1782360353.7969751,0.002002239227294922
143165,normal,3415,0,1782360353.798916,0.0019409656524658203
143166,normal,2621,0,1782360353.801055,0.002138853073120117
143167,normal,2664,0,1782360353.8029435,0.0018885135650634766
143168,normal,2864,0,1782360353.805022,0.002078533172607422
143169,normal,746,0,1782360353.8069181,0.0018961429595947266
143170,normal,210,0,1782360353.809069,0.0021507740020751953
143171,normal,3313,1,1782360353.8109727,0.0019037723541259766
143172,normal,367,0,1782360353.8131049,0.0021321773529052734
143173,normal,2850,0,1782360353.8150282,0.0019233226776123047
143174,normal,500,0,1782360353.8169343,0.0019061565399169922
143175,normal,3451,0,1782360353.819058,0.002123594284057617
143176,normal,604,0,1782360353.8216922,0.002634286880493164
143177,normal,2387,0,1782360353.822942,0.0012497901916503906
143178,normal,3222,1,1782360353.8250287,0.002086639404296875
143179,normal,790,2,1782360353.8269024,0.0018737316131591797
143180,normal,2834,0,1782360353.8290217,0.002119302749633789
143181,normal,3656,0,1782360353.8309107,0.0018889904022216797
143182,normal,2135,0,1782360353.8331525,0.002241849899291992
143183,normal,2921,0,1782360353.8349862,0.0018336772918701172
143184,normal,1262,0,1782360353.8370385,0.00205230712890625
143185,normal,1163,0,1782360353.8391442,0.002105712890625
143186,normal,453,0,1782360353.8411534,0.002009153366088867
143187,normal,2321,0,1782360353.842963,0.0018095970153808594
143188,normal,2498,0,1782360353.8450632,0.002100229263305664
143189,normal,2826,0,1782360353.8470197,0.001956462860107422
143190,normal,871,2,1782360353.849156,0.00213623046875
143191,normal,3055,1,1782360353.8508966,0.0017406940460205078
143192,normal,431,0,1782360353.8530233,0.0021266937255859375
143193,normal,1077,0,1782360353.8548913,0.0018680095672607422
143194,normal,432,0,1782360353.8570082,0.0021169185638427734
143195,normal,3596,0,1782360353.8590188,0.0020105838775634766
143196,normal,3001,0,1782360353.8608954,0.0018765926361083984
143197,normal,3599,0,1782360353.8630083,0.002112865447998047
143198,normal,356,0,1782360353.8648877,0.0018794536590576172
143199,normal,757,0,1782360353.8670075,0.002119779586791992
143200,normal,81,0,1782360353.8693068,0.0022993087768554688
143201,normal,2936,0,1782360353.8711894,0.0018825531005859375
143202,normal,1928,0,1782360353.8730218,0.0018324851989746094
143203,normal,2178,0,1782360353.87504,0.0020182132720947266
143204,normal,41,0,1782360353.8769155,0.0018754005432128906
143205,normal,2177,0,1782360353.8790295,0.0021140575408935547
143206,normal,1360,1,1782360353.8810563,0.002026796340942383
143207,normal,2108,0,1782360353.8831415,0.0020852088928222656
143208,normal,1402,0,1782360353.8849695,0.0018279552459716797
143209,normal,818,2,1782360353.8870301,0.0020606517791748047
143210,normal,3056,1,1782360353.8889134,0.0018832683563232422
143211,normal,838,2,1782360353.8910477,0.0021343231201171875
143212,normal,1859,0,1782360353.8929634,0.0019156932830810547
143213,normal,756,0,1782360353.895382,0.00241851806640625
143214,normal,2176,0,1782360353.8971288,0.0017468929290771484
143215,normal,3356,1,1782360353.8991027,0.001973867416381836
143216,normal,731,0,1782360353.9009883,0.0018856525421142578
143217,normal,1961,0,1782360353.9031248,0.0021364688873291016
143218,normal,3107,1,1782360353.9050827,0.0019578933715820312
143219,normal,98,0,1782360353.9069574,0.001874685287475586
143220,normal,1795,0,1782360353.9091945,0.002237081527709961
143221,normal,1356,1,1782360353.9111838,0.0019893646240234375
143222,normal,3247,1,1782360353.913019,0.0018351078033447266
143223,normal,2820,0,1782360353.9149084,0.0018894672393798828
143224,normal,2547,0,1782360353.917149,0.0022406578063964844
143225,normal,2215,0,1782360353.9190867,0.0019376277923583984
143226,normal,591,0,1782360353.9209337,0.0018470287322998047
143227,normal,1919,0,1782360353.9230096,0.0020759105682373047
143228,normal,245,0,1782360353.9249,0.001890420913696289
143229,normal,3611,0,1782360353.9270277,0.0021276473999023438
143230,normal,2885,0,1782360353.928986,0.0019583702087402344
143231,normal,3677,0,1782360353.930917,0.0019309520721435547
143232,normal,2700,0,1782360353.9330344,0.0021173954010009766
143233,normal,227,0,1782360353.9349694,0.0019350051879882812
143234,normal,3667,0,1782360353.9369397,0.0019702911376953125
143235,normal,3276,1,1782360353.9390793,0.002139568328857422
143236,normal,717,0,1782360353.9410481,0.001968860626220703
143237,normal,2037,0,1782360353.9429722,0.0019240379333496094
143238,normal,3602,0,1782360353.9450128,0.0020406246185302734
143239,normal,1667,0,1782360353.9470556,0.0020427703857421875
143240,normal,3491,0,1782360353.948962,0.0019063949584960938
143241,normal,1145,0,1782360353.9511094,0.0021474361419677734
143242,normal,1767,0,1782360353.9529963,0.0018868446350097656
143243,normal,1547,0,1782360353.9549057,0.001909494400024414
143244,normal,2391,0,1782360353.9570386,0.002132892608642578
143245,normal,3661,0,1782360353.9589527,0.0019140243530273438
143246,normal,1931,0,1782360353.9610233,0.0020706653594970703
143247,normal,454,0,1782360353.9629102,0.0018868446350097656
143248,normal,2369,0,1782360353.9650345,0.002124309539794922
143249,normal,765,0,1782360353.9669256,0.0018911361694335938
143250,normal,1630,0,1782360353.9690394,0.002113819122314453
143251,normal,267,0,1782360353.9710288,0.0019893646240234375
143252,normal,770,0,1782360353.9729114,0.0018825531005859375
143253,normal,1367,1,1782360353.975033,0.0021216869354248047
143254,normal,1014,2,1782360353.9769733,0.0019402503967285156
143255,normal,1562,0,1782360353.9789093,0.0019359588623046875
143256,normal,2122,0,1782360353.981024,0.0021147727966308594
143257,normal,2514,0,1782360353.9829686,0.0019445419311523438
143258,normal,1299,0,1782360353.9849505,0.001981973648071289
143259,normal,3685,0,1782360353.987076,0.0021255016326904297
143260,normal,1247,0,1782360353.989065,0.0019888877868652344
143261,normal,3477,0,1782360353.9909658,0.0019009113311767578
143262,normal,91,0,1782360353.9930503,0.002084493637084961
143263,normal,2767,0,1782360353.9949594,0.001909017562866211
143264,normal,1764,0,1782360353.9969633,0.002003908157348633
143265,normal,3074,1,1782360353.9990373,0.002074003219604492
143266,normal,2784,0,1782360354.000949,0.0019116401672363281
143267,normal,2293,0,1782360354.0030165,0.00206756591796875
143268,normal,3546,0,1782360354.004903,0.001886606216430664
143269,normal,1763,0,1782360354.0071828,0.0022797584533691406
143270,normal,2696,0,1782360354.0089715,0.0017886161804199219
143271,normal,486,0,1782360354.011107,0.0021355152130126953
143272,normal,1550,0,1782360354.0130851,0.001978158950805664
143273,normal,2965,0,1782360354.015026,0.0019409656524658203
143274,normal,2785,0,1782360354.0170636,0.002037525177001953
143275,normal,1710,0,1782360354.0190575,0.001993894577026367
143276,normal,514,0,1782360354.0210402,0.0019826889038085938
143277,normal,2693,0,1782360354.02302,0.001979827880859375
143278,normal,2234,0,1782360354.0249362,0.0019161701202392578
143279,normal,700,0,1782360354.0270102,0.002074003219604492
143280,normal,2988,0,1782360354.0288928,0.0018825531005859375
143281,normal,2973,0,1782360354.031021,0.0021283626556396484
143282,normal,3340,1,1782360354.033073,0.002051830291748047
143283,normal,1290,0,1782360354.0348916,0.0018186569213867188
143284,normal,1621,0,1782360354.0370038,0.002112150192260742
143285,normal,1970,0,1782360354.038888,0.0018842220306396484
143286,normal,2658,0,1782360354.0410063,0.002118349075317383
143287,normal,46,0,1782360354.043178,0.002171754837036133
143288,normal,1945,0,1782360354.0453262,0.002148151397705078
143289,normal,484,0,1782360354.0470366,0.0017104148864746094
143290,normal,52,0,1782360354.0489383,0.0019016265869140625
143291,normal,972,2,1782360354.0510256,0.0020873546600341797
143292,normal,1825,0,1782360354.0529096,0.0018839836120605469
143293,normal,2017,0,1782360354.0550356,0.002125978469848633
143294,normal,1797,0,1782360354.057084,0.002048492431640625
143295,normal,1365,1,1782360354.058995,0.0019109249114990234
143296,normal,2185,0,1782360354.0610187,0.0020236968994140625
143297,normal,1203,0,1782360354.0628994,0.001880645751953125
143298,normal,1636,0,1782360354.065025,0.0021257400512695312
143299,normal,1034,0,1782360354.0669656,0.0019404888153076172
143300,normal,3154,1,1782360354.0689168,0.0019512176513671875
143301,normal,1934,0,1782360354.0710838,0.0021669864654541016
143302,normal,688,0,1782360354.0730772,0.001993417739868164
143303,normal,1889,0,1782360354.0752158,0.0021386146545410156
143304,normal,1700,0,1782360354.0775712,0.002355337142944336
143305,normal,1746,0,1782360354.0801334,0.002562284469604492
143306,normal,2605,0,1782360354.0811646,0.0010311603546142578
143307,normal,1681,0,1782360354.0833127,0.002148151397705078
143308,normal,1865,0,1782360354.0855043,0.0021915435791015625
143309,normal,230,0,1782360354.086956,0.001451730728149414
143310,normal,787,2,1782360354.0891356,0.0021796226501464844
143311,normal,151,0,1782360354.0910892,0.001953601837158203
143312,normal,378,0,1782360354.0931258,0.002036571502685547
143313,normal,1377,1,1782360354.0952368,0.0021109580993652344
143314,normal,2597,0,1782360354.09724,0.002003192901611328
143315,normal,1482,0,1782360354.0991104,0.0018703937530517578
143316,normal,2445,0,1782360354.1017075,0.0025970935821533203
143317,normal,968,2,1782360354.1032336,0.0015261173248291016
143318,normal,1457,0,1782360354.1051567,0.0019230842590332031
143319,normal,3645,0,1782360354.1073167,0.0021600723266601562
143320,normal,753,0,1782360354.109183,0.0018663406372070312
143321,normal,3152,1,1782360354.1110148,0.0018317699432373047
143322,normal,3406,0,1782360354.112994,0.0019791126251220703
143323,normal,2813,0,1782360354.1151373,0.002143383026123047
143324,normal,2407,0,1782360354.1170065,0.00186920166015625
143325,normal,789,2,1782360354.1191416,0.002135038375854492
143326,normal,373,0,1782360354.1210377,0.0018961429595947266
143327,normal,2957,0,1782360354.122991,0.0019533634185791016
143328,normal,2428,0,1782360354.12499,0.0019989013671875
143329,normal,2782,0,1782360354.1271496,0.002159595489501953
143330,normal,354,0,1782360354.1291113,0.0019617080688476562
143331,normal,772,2,1782360354.131087,0.0019757747650146484
143332,normal,127,0,1782360354.1331258,0.002038717269897461
143333,normal,3535,0,1782360354.134998,0.0018723011016845703
143334,normal,3408,0,1782360354.1371417,0.0021436214447021484
143335,normal,3628,0,1782360354.1390924,0.0019507408142089844
143336,normal,2015,0,1782360354.1411018,0.0020093917846679688
143337,normal,2883,0,1782360354.1430874,0.0019855499267578125
143338,normal,11,0,1782360354.145075,0.0019876956939697266
143339,normal,3483,0,1782360354.1469884,0.001913309097290039
143340,normal,2086,0,1782360354.1491277,0.0021393299102783203
143341,normal,3696,0,1782360354.1510897,0.001961946487426758
143342,normal,3665,0,1782360354.153003,0.001913309097290039
143343,normal,2157,0,1782360354.1550038,0.0020008087158203125
143344,normal,146,0,1782360354.1570988,0.0020949840545654297
143345,normal,1353,1,1782360354.1590126,0.0019137859344482422
143346,normal,2427,0,1782360354.161012,0.001999378204345703
143347,normal,2598,0,1782360354.163258,0.0022461414337158203
143348,normal,3220,1,1782360354.165011,0.0017528533935546875
143349,normal,294,0,1782360354.1670601,0.0020492076873779297
143350,normal,571,0,1782360354.1690147,0.0019545555114746094
143351,normal,3010,0,1782360354.1711037,0.0020890235900878906
143352,normal,2315,0,1782360354.172942,0.0018382072448730469
143353,normal,3338,1,1782360354.1752963,0.0023543834686279297
143354,normal,2741,0,1782360354.177128,0.0018317699432373047
143355,normal,2405,0,1782360354.1791978,0.002069711685180664
143356,normal,3254,1,1782360354.1814556,0.002257823944091797
143357,normal,94,0,1782360354.1830187,0.0015630722045898438
143358,normal,1008,2,1782360354.1852005,0.0021817684173583984
143359,normal,425,0,1782360354.1870775,0.0018770694732666016
143360,normal,2569,0,1782360354.1890159,0.0019383430480957031
143361,normal,225,0,1782360354.1910162,0.0020003318786621094
143362,normal,1040,0,1782360354.1930947,0.002078533172607422
143363,normal,1847,0,1782360354.1950643,0.001969575881958008
143364,normal,285,0,1782360354.1970813,0.0020170211791992188
143365,normal,3027,0,1782360354.1989594,0.0018780231475830078
143366,normal,1977,0,1782360354.200981,0.0020215511322021484
143367,normal,754,0,1782360354.202962,0.001981019973754883
143368,normal,1992,0,1782360354.2054923,0.002530336380004883
143369,normal,2772,0,1782360354.207114,0.0016217231750488281
143370,normal,2495,0,1782360354.2091594,0.0020453929901123047
143371,normal,2955,0,1782360354.2113388,0.002179384231567383
143372,normal,149,0,1782360354.2131298,0.0017910003662109375
143373,normal,870,2,1782360354.2151842,0.002054452896118164
143374,normal,2392,0,1782360354.217128,0.001943826675415039
143375,normal,1192,0,1782360354.2190433,0.0019152164459228516
143376,normal,2935,0,1782360354.2211857,0.0021424293518066406
143377,normal,2167,0,1782360354.2233136,0.0021278858184814453
143378,normal,2277,0,1782360354.2249582,0.0016446113586425781
143379,normal,3657,0,1782360354.2270935,0.0021352767944335938
143380,normal,2837,0,1782360354.2290542,0.00196075439453125
143381,normal,3388,1,1782360354.2311213,0.002067089080810547
143382,normal,131,0,1782360354.233039,0.0019176006317138672
143383,normal,2933,0,1782360354.2352984,0.002259492874145508
143384,normal,2379,0,1782360354.2369478,0.0016493797302246094
143385,normal,337,0,1782360354.239086,0.0021381378173828125
143386,normal,909,2,1782360354.2410338,0.0019478797912597656
143387,normal,1254,0,1782360354.2429485,0.0019147396087646484
143388,normal,512,0,1782360354.245086,0.002137422561645508
143389,normal,580,0,1782360354.2478137,0.0027277469635009766
143390,normal,2488,0,1782360354.2493234,0.0015096664428710938
143391,normal,2089,0,1782360354.2512217,0.0018982887268066406
143392,normal,1750,0,1782360354.2531886,0.0019669532775878906
143393,normal,101,0,1782360354.255073,0.00188446044921875
143394,normal,1401,0,1782360354.2570248,0.0019516944885253906
143395,normal,859,2,1782360354.2591004,0.002075672149658203
143396,normal,2891,0,1782360354.2610269,0.001926422119140625
143397,normal,3473,0,1782360354.2634254,0.0023984909057617188
143398,normal,93,0,1782360354.2651389,0.0017135143280029297
143399,normal,2256,0,1782360354.2669666,0.0018277168273925781
143400,normal,3532,0,1782360354.269089,0.0021224021911621094
143401,normal,529,0,1782360354.271046,0.001956939697265625
143402,normal,941,2,1782360354.2729537,0.0019078254699707031
143403,normal,293,0,1782360354.2750354,0.002081632614135742
143404,normal,1293,0,1782360354.277169,0.002133607864379883
143405,normal,1222,0,1782360354.2790756,0.0019066333770751953
143406,normal,3014,0,1782360354.281087,0.0020112991333007812
143407,normal,3069,1,1782360354.2833018,0.0022149085998535156
143408,normal,1527,0,1782360354.2852352,0.0019333362579345703
143409,normal,2102,0,1782360354.2875957,0.0023605823516845703
143410,normal,1910,0,1782360354.2900958,0.0025000572204589844
143411,normal,1430,0,1782360354.291254,0.0011582374572753906
143412,normal,2659,0,1782360354.293075,0.0018210411071777344
143413,normal,2243,0,1782360354.2954528,0.002377748489379883
143414,normal,133,0,1782360354.297185,0.0017321109771728516
143415,normal,1130,0,1782360354.2992313,0.002046346664428711
143416,normal,3481,0,1782360354.3012478,0.0020165443420410156
143417,normal,2161,0,1782360354.303209,0.001961231231689453
143418,normal,1939,0,1782360354.3052113,0.002002239227294922
143419,normal,1340,1,1782360354.3074872,0.0022759437561035156
143420,normal,2230,0,1782360354.3090308,0.0015435218811035156
143421,normal,2967,0,1782360354.3114986,0.0024678707122802734
143422,normal,3042,0,1782360354.3132489,0.0017502307891845703
143423,normal,3270,1,1782360354.314979,0.001730203628540039
143424,normal,3150,1,1782360354.3170798,0.002100706100463867
143425,normal,3381,1,1782360354.3194878,0.0024080276489257812
143426,normal,902,2,1782360354.3212066,0.001718759536743164
143427,normal,3440,0,1782360354.323199,0.001992464065551758
143428,normal,3593,0,1782360354.3253682,0.0021691322326660156
143429,normal,1601,0,1782360354.32729,0.0019218921661376953
143430,normal,3165,1,1782360354.3290563,0.001766204833984375
143431,normal,2641,0,1782360354.3311136,0.002057313919067383
143432,normal,1730,0,1782360354.3330474,0.0019338130950927734
143433,normal,2842,0,1782360354.3350513,0.002003908157348633
143434,normal,3581,0,1782360354.3372898,0.0022385120391845703
143435,normal,2144,0,1782360354.3393917,0.002101898193359375
143436,normal,2786,0,1782360354.340997,0.0016052722930908203
143437,normal,2939,0,1782360354.3431332,0.00213623046875
143438,normal,2645,0,1782360354.3450549,0.0019216537475585938
143439,normal,2796,0,1782360354.3470747,0.0020198822021484375
143440,normal,2351,0,1782360354.3492122,0.002137422561645508
143441,normal,2524,0,1782360354.351081,0.0018687248229980469
143442,normal,1139,0,1782360354.3529797,0.0018987655639648438
143443,normal,2637,0,1782360354.3551066,0.002126932144165039
143444,normal,2171,0,1782360354.3569849,0.0018782615661621094
143445,normal,1106,0,1782360354.3591127,0.0021278858184814453
143446,normal,1450,0,1782360354.3610384,0.0019257068634033203
143447,normal,1625,0,1782360354.3630416,0.002003192901611328
143448,normal,3435,0,1782360354.365221,0.002179384231567383
143449,normal,2678,0,1782360354.3671653,0.0019443035125732422
143450,normal,633,0,1782360354.3690777,0.0019123554229736328
143451,normal,3428,0,1782360354.3711452,0.00206756591796875
143452,normal,3407,0,1782360354.3733017,0.002156496047973633
143453,normal,3016,0,1782360354.375043,0.001741170883178711
143454,normal,2060,0,1782360354.3769495,0.0019066333770751953
143455,normal,1882,0,1782360354.3791237,0.0021741390228271484
143456,normal,2253,0,1782360354.3809948,0.0018711090087890625
143457,normal,2107,0,1782360354.3831532,0.0021584033966064453
143458,normal,3360,1,1782360354.3851838,0.002030611038208008
143459,normal,3242,1,1782360354.3871458,0.001961946487426758
143460,normal,422,0,1782360354.3892653,0.0021195411682128906
143461,normal,3474,0,1782360354.391268,0.002002716064453125
143462,normal,2254,0,1782360354.3930476,0.0017795562744140625
143463,normal,260,0,1782360354.395042,0.0019943714141845703
143464,normal,1668,0,1782360354.3974397,0.002397775650024414
143465,normal,683,0,1782360354.3996022,0.002162456512451172
143466,normal,1783,0,1782360354.401072,0.0014698505401611328
143467,normal,862,2,1782360354.4034412,0.0023691654205322266
143468,normal,2356,0,1782360354.4050417,0.001600503921508789
143469,normal,2671,0,1782360354.407038,0.001996278762817383
143470,normal,1669,0,1782360354.4091606,0.002122640609741211
143471,normal,1179,0,1782360354.4110317,0.0018711090087890625
143472,normal,509,0,1782360354.4133916,0.0023598670959472656
143473,normal,20,0,1782360354.4154813,0.0020897388458251953
143474,normal,1071,0,1782360354.417051,0.0015697479248046875
143475,normal,2188,0,1782360354.419092,0.002040863037109375
143476,normal,800,2,1782360354.4211361,0.002044200897216797
143477,normal,1351,1,1782360354.4235392,0.0024030208587646484
143478,normal,205,0,1782360354.425132,0.001592874526977539
143479,normal,2009,0,1782360354.4274235,0.002291440963745117
143480,normal,3168,1,1782360354.429059,0.0016355514526367188
143481,normal,2403,0,1782360354.431078,0.0020189285278320312
143482,normal,2580,0,1782360354.433217,0.0021390914916992188
143483,normal,1641,0,1782360354.435273,0.0020558834075927734
143484,normal,3315,1,1782360354.4372613,0.0019884109497070312
143485,normal,982,2,1782360354.4389486,0.0016872882843017578
143486,normal,2994,0,1782360354.4409447,0.0019960403442382812
143487,normal,927,2,1782360354.4430866,0.0021419525146484375
143488,normal,1279,0,1782360354.4449453,0.0018587112426757812
143489,normal,815,2,1782360354.4472735,0.002328157424926758
143490,normal,769,0,1782360354.4489427,0.001669168472290039
143491,normal,3274,1,1782360354.451079,0.00213623046875
143492,normal,1853,0,1782360354.4530082,0.0019292831420898438
143493,normal,3135,1,1782360354.4550366,0.0020284652709960938
143494,normal,2694,0,1782360354.4570904,0.0020537376403808594
143495,normal,1473,0,1782360354.4595015,0.0024111270904541016
143496,normal,2757,0,1782360354.4617786,0.0022771358489990234
143497,normal,1677,0,1782360354.463313,0.0015344619750976562
143498,normal,891,2,1782360354.4650333,0.0017201900482177734
143499,normal,2221,0,1782360354.4671652,0.002131938934326172
143500,normal,3298,1,1782360354.4691463,0.001981019973754883
143501,normal,1384,0,1782360354.4709525,0.0018062591552734375
143502,normal,494,0,1782360354.4729517,0.0019991397857666016
143503,normal,2018,0,1782360354.4752474,0.0022957324981689453
143504,normal,2887,0,1782360354.477161,0.0019135475158691406
143505,normal,2591,0,1782360354.4791274,0.0019664764404296875
143506,normal,405,0,1782360354.481232,0.002104520797729492
143507,normal,2361,0,1782360354.4830406,0.0018086433410644531
143508,normal,2804,0,1782360354.485055,0.0020143985748291016
143509,normal,2898,0,1782360354.487252,0.0021970272064208984
143510,normal,1098,0,1782360354.4893615,0.002109527587890625
143511,normal,2636,0,1782360354.4914875,0.002125978469848633
143512,normal,3641,0,1782360354.4933128,0.0018253326416015625
143513,normal,134,0,1782360354.4951224,0.0018095970153808594
143514,normal,3020,0,1782360354.4972582,0.002135753631591797
143515,normal,2245,0,1782360354.4993954,0.0021371841430664062
143516,normal,1250,0,1782360354.501084,0.0016887187957763672
143517,normal,1957,0,1782360354.5030522,0.0019681453704833984
143518,normal,2464,0,1782360354.5050225,0.0019702911376953125
143519,normal,2297,0,1782360354.5074775,0.002454996109008789
143520,normal,3504,0,1782360354.509154,0.0016765594482421875
143521,normal,2667,0,1782360354.5112958,0.002141714096069336
143522,normal,2758,0,1782360354.5129304,0.0016345977783203125
143523,normal,2295,0,1782360354.5153234,0.002393007278442383
143524,normal,2608,0,1782360354.517306,0.0019826889038085938
143525,normal,1319,1,1782360354.518948,0.001641988754272461
143526,normal,1960,0,1782360354.5210655,0.0021173954010009766
143527,normal,31,0,1782360354.523363,0.002297639846801758
143528,normal,1735,0,1782360354.5253046,0.0019414424896240234
143529,normal,2259,0,1782360354.5271158,0.0018112659454345703
143530,normal,2888,0,1782360354.5290961,0.001980304718017578
143531,normal,3574,0,1782360354.5310102,0.0019140243530273438
143532,normal,1283,0,1782360354.5330074,0.001997232437133789
143533,normal,1355,1,1782360354.5351279,0.002120494842529297
143534,normal,1456,0,1782360354.53708,0.0019521713256835938
143535,normal,609,0,1782360354.5394192,0.0023391246795654297
143536,normal,2172,0,1782360354.5410955,0.001676321029663086
143537,normal,839,2,1782360354.5430603,0.0019648075103759766
143538,normal,1078,0,1782360354.5450678,0.0020074844360351562
143539,normal,1378,1,1782360354.5470421,0.001974344253540039
143540,normal,1414,0,1782360354.5489924,0.0019502639770507812
143541,normal,1596,0,1782360354.5511615,0.0021691322326660156
143542,normal,1237,0,1782360354.5532262,0.0020647048950195312
143543,normal,3076,1,1782360354.555081,0.0018546581268310547
143544,normal,3029,0,1782360354.557037,0.0019562244415283203
143545,normal,1481,0,1782360354.5590098,0.001972675323486328
143546,normal,1070,0,1782360354.561423,0.0024132728576660156
143547,normal,2193,0,1782360354.5629787,0.0015556812286376953
143548,normal,1021,2,1782360354.5651193,0.002140522003173828
143549,normal,349,0,1782360354.567089,0.0019698143005371094
143550,normal,2410,0,1782360354.569158,0.0020689964294433594
143551,normal,3505,0,1782360354.5712495,0.0020914077758789062
143552,normal,2491,0,1782360354.573124,0.0018744468688964844
143553,normal,2467,0,1782360354.5750299,0.0019059181213378906
143554,normal,2735,0,1782360354.5775788,0.0025489330291748047
143555,normal,479,0,1782360354.5792928,0.0017139911651611328
143556,normal,3120,1,1782360354.581308,0.0020151138305664062
143557,normal,2078,0,1782360354.5830655,0.0017576217651367188
143558,normal,2196,0,1782360354.5853088,0.0022432804107666016
143559,normal,404,0,1782360354.5874467,0.002137899398803711
143560,normal,1029,2,1782360354.589152,0.0017054080963134766
143561,normal,1440,0,1782360354.5912337,0.002081632614135742
143562,normal,469,0,1782360354.5930707,0.001837015151977539
143563,normal,1830,0,1782360354.5951467,0.0020759105682373047
143564,normal,834,2,1782360354.5971715,0.0020248889923095703
143565,normal,100,0,1782360354.599108,0.0019364356994628906
143566,normal,200,0,1782360354.6014225,0.0023145675659179688
143567,normal,1602,0,1782360354.6034887,0.0020661354064941406
143568,normal,651,0,1782360354.6049635,0.0014748573303222656
143569,normal,2742,0,1782360354.6071236,0.0021600723266601562
143570,normal,56,0,1782360354.608985,0.0018613338470458984
143571,normal,490,0,1782360354.6112146,0.0022296905517578125
143572,normal,1176,0,1782360354.6130965,0.0018818378448486328
143573,normal,752,0,1782360354.6149719,0.0018754005432128906
143574,normal,3606,0,1782360354.617117,0.002145051956176758
143575,normal,2575,0,1782360354.6190164,0.0018994808197021484
143576,normal,1691,0,1782360354.621169,0.002152681350708008
143577,normal,1044,0,1782360354.6231506,0.001981496810913086
143578,normal,1955,0,1782360354.6251576,0.002007007598876953
143579,normal,637,0,1782360354.6270673,0.0019097328186035156
143580,normal,1582,0,1782360354.6291044,0.00203704833984375
143581,normal,1846,0,1782360354.6312468,0.0021424293518066406
143582,normal,3510,0,1782360354.6331291,0.001882314682006836
143583,normal,3560,0,1782360354.6350663,0.0019371509552001953
143584,normal,2258,0,1782360354.6374283,0.0023620128631591797
143585,normal,381,0,1782360354.6392012,0.0017728805541992188
143586,normal,579,0,1782360354.6412048,0.0020036697387695312
143587,normal,1570,0,1782360354.6431618,0.001956939697265625
143588,normal,275,0,1782360354.6450114,0.0018496513366699219
143589,normal,1333,1,1782360354.64697,0.001958608627319336
143590,normal,648,0,1782360354.6491036,0.002133607864379883
143591,normal,1689,0,1782360354.651019,0.0019154548645019531
143592,normal,1524,0,1782360354.6531541,0.002135038375854492
143593,normal,2755,0,1782360354.6549869,0.001832723617553711
143594,normal,2790,0,1782360354.6569443,0.001957416534423828
143595,normal,3194,1,1782360354.6590867,0.0021424293518066406
143596,normal,3041,0,1782360354.6609852,0.0018985271453857422
143597,normal,1001,2,1782360354.6632156,0.002230405807495117
143598,normal,1018,2,1782360354.6655195,0.0023038387298583984
143599,normal,619,0,1782360354.6675403,0.0020208358764648438
143600,normal,172,0,1782360354.6691527,0.0016124248504638672
143601,normal,3093,1,1782360354.6711497,0.0019969940185546875
143602,normal,144,0,1782360354.6732547,0.0021049976348876953
143603,normal,68,0,1782360354.675102,0.0018472671508789062
143604,normal,1705,0,1782360354.6770353,0.0019333362579345703
143605,normal,1140,0,1782360354.679194,0.002158641815185547
143606,normal,1368,1,1782360354.6814632,0.002269268035888672
143607,normal,1160,0,1782360354.6832824,0.0018191337585449219
143608,normal,1499,0,1782360354.6850493,0.0017669200897216797
143609,normal,1419,0,1782360354.6869628,0.0019135475158691406
143610,normal,2051,0,1782360354.6890943,0.0021314620971679688
143611,normal,1963,0,1782360354.6910148,0.001920461654663086
143612,normal,2855,0,1782360354.69308,0.0020651817321777344
143613,normal,2679,0,1782360354.6950264,0.0019464492797851562
143614,normal,2475,0,1782360354.6970427,0.002016305923461914
143615,normal,2945,0,1782360354.6989903,0.001947641372680664
143616,normal,1490,0,1782360354.7011101,0.002119779586791992
143617,normal,3382,1,1782360354.7030334,0.0019233226776123047
143618,normal,669,0,1782360354.7061195,0.003086090087890625
143619,normal,2747,0,1782360354.7084074,0.0022878646850585938
143620,normal,816,2,1782360354.710302,0.0018947124481201172
143621,normal,2105,0,1782360354.7114475,0.0011453628540039062
143622,normal,3080,1,1782360354.7131095,0.0016620159149169922
143623,normal,2906,0,1782360354.7152185,0.002109050750732422
143624,normal,2152,0,1782360354.7170331,0.0018146038055419922
143625,normal,2789,0,1782360354.7193046,0.002271413803100586
143626,normal,2110,0,1782360354.7212417,0.0019371509552001953
143627,normal,483,0,1782360354.7235208,0.002279043197631836
143628,normal,3104,1,1782360354.7255797,0.0020589828491210938
143629,normal,2082,0,1782360354.72725,0.0016703605651855469
143630,normal,1717,0,1782360354.7290113,0.0017611980438232422
143631,normal,2371,0,1782360354.7314632,0.0024518966674804688
143632,normal,491,0,1782360354.7333717,0.0019085407257080078
143633,normal,3344,1,1782360354.7350464,0.001674652099609375
143634,normal,145,0,1782360354.7372057,0.0021593570709228516
143635,normal,63,0,1782360354.73907,0.0018641948699951172
143636,normal,1096,0,1782360354.7411304,0.002060413360595703
143637,normal,2433,0,1782360354.7431488,0.002018451690673828
143638,normal,2844,0,1782360354.7451444,0.001995563507080078
143639,normal,2649,0,1782360354.7474828,0.002338409423828125
143640,normal,2761,0,1782360354.749148,0.0016651153564453125
143641,normal,2731,0,1782360354.7512145,0.0020666122436523438
143642,normal,1486,0,1782360354.7532582,0.0020437240600585938
143643,normal,3421,0,1782360354.755216,0.0019576549530029297
143644,normal,2573,0,1782360354.7574093,0.002193450927734375
143645,normal,3542,0,1782360354.759215,0.0018057823181152344
143646,normal,1580,0,1782360354.7612262,0.0020110607147216797
143647,normal,1933,0,1782360354.7630973,0.0018711090087890625
143648,normal,1211,0,1782360354.765697,0.0025997161865234375
143649,normal,103,0,1782360354.767287,0.0015900135040283203
143650,normal,2611,0,1782360354.7693377,0.002050638198852539
143651,normal,1561,0,1782360354.7710593,0.0017216205596923828
143652,normal,3460,0,1782360354.773278,0.0022187232971191406
143653,normal,3218,1,1782360354.7753658,0.002087831497192383
143654,normal,2647,0,1782360354.7772295,0.001863718032836914
143655,normal,2653,0,1782360354.7792401,0.0020105838775634766
143656,normal,3666,0,1782360354.7812228,0.0019826889038085938
143657,normal,3438,0,1782360354.78323,0.0020072460174560547
143658,normal,2639,0,1782360354.7851038,0.0018737316131591797
143659,normal,1438,0,1782360354.7873337,0.002229928970336914
143660,normal,2136,0,1782360354.7897296,0.0023958683013916016
143661,normal,1424,0,1782360354.7910082,0.0012786388397216797
143662,normal,2567,0,1782360354.7932353,0.0022270679473876953
143663,normal,1925,0,1782360354.7951007,0.001865386962890625
143664,normal,1051,0,1782360354.7971644,0.002063751220703125
143665,normal,1816,0,1782360354.7991238,0.0019593238830566406
143666,normal,2301,0,1782360354.8011281,0.002004384994506836
143667,normal,402,0,1782360354.8032498,0.0021216869354248047
143668,normal,594,0,1782360354.8050942,0.0018444061279296875
143669,normal,2941,0,1782360354.8072157,0.002121448516845703
143670,normal,1965,0,1782360354.8090322,0.0018165111541748047
143671,normal,780,2,1782360354.8113163,0.0022840499877929688
143672,normal,2788,0,1782360354.8130686,0.0017523765563964844
143673,normal,135,0,1782360354.8151937,0.0021250247955322266
143674,normal,240,0,1782360354.817237,0.0020432472229003906
143675,normal,1086,0,1782360354.8192284,0.0019915103912353516
143676,normal,585,0,1782360354.821178,0.0019495487213134766
143677,normal,2125,0,1782360354.823439,0.002260923385620117
143678,normal,1892,0,1782360354.8250017,0.0015628337860107422
143679,normal,2661,0,1782360354.8271937,0.0021920204162597656
143680,normal,1552,0,1782360354.829034,0.001840353012084961
143681,normal,2787,0,1782360354.8310356,0.002001523971557617
143682,normal,1000,2,1782360354.832945,0.001909494400024414
143683,normal,2763,0,1782360354.8350646,0.0021195411682128906
143684,normal,811,2,1782360354.8371937,0.002129077911376953
143685,normal,868,2,1782360354.8389885,0.0017948150634765625
143686,normal,3648,0,1782360354.8410563,0.0020678043365478516
143687,normal,1081,0,1782360354.8431056,0.0020492076873779297
143688,normal,3245,1,1782360354.8451304,0.0020248889923095703
143689,normal,1516,0,1782360354.8473544,0.002223968505859375
143690,normal,85,0,1782360354.8491418,0.001787424087524414
143691,normal,2190,0,1782360354.85115,0.002008199691772461
143692,normal,3068,1,1782360354.8532968,0.0021467208862304688
143693,normal,812,2,1782360354.855149,0.001852273941040039
143694,normal,2631,0,1782360354.8571305,0.001981496810913086
143695,normal,1079,0,1782360354.8590844,0.0019538402557373047
143696,normal,450,0,1782360354.8612442,0.0021598339080810547
143697,normal,2072,0,1782360354.863021,0.0017766952514648438
143698,normal,749,0,1782360354.8649948,0.001973867416381836
143699,normal,3323,1,1782360354.8669956,0.0020008087158203125
143700,normal,3155,1,1782360354.869152,0.002156496047973633
143701,normal,1358,1,1782360354.8709755,0.00182342529296875
143702,normal,709,0,1782360354.87304,0.0020644664764404297
143703,normal,2800,0,1782360354.8749957,0.001955747604370117
143704,normal,3064,1,1782360354.8769884,0.0019927024841308594
143705,normal,697,0,1782360354.878939,0.0019505023956298828
143706,normal,3334,1,1782360354.8817885,0.002849578857421875
143707,normal,2213,0,1782360354.8831928,0.0014042854309082031
143708,normal,3370,1,1782360354.8849635,0.0017707347869873047
143709,normal,288,0,1782360354.8874347,0.0024712085723876953
143710,normal,3131,1,1782360354.8891501,0.0017154216766357422
143711,normal,2540,0,1782360354.8912046,0.002054452896118164
143712,normal,767,0,1782360354.8930595,0.0018548965454101562
143713,normal,162,0,1782360354.8953576,0.002298116683959961
143714,normal,846,2,1782360354.8971734,0.0018157958984375
143715,normal,794,2,1782360354.8989797,0.0018062591552734375
143716,normal,1821,0,1782360354.9010413,0.002061605453491211
143717,normal,881,2,1782360354.9030793,0.0020380020141601562
143718,normal,641,0,1782360354.9052467,0.0021674633026123047
143719,normal,660,0,1782360354.9070563,0.0018095970153808594
143720,normal,2912,0,1782360354.9089856,0.0019292831420898438
143721,normal,996,2,1782360354.9111133,0.0021276473999023438
143722,normal,807,2,1782360354.9130607,0.0019474029541015625
143723,normal,192,0,1782360354.9149709,0.0019102096557617188
143724,normal,202,0,1782360354.9171085,0.0021376609802246094
143725,normal,1260,0,1782360354.9195874,0.0024788379669189453
143726,normal,262,0,1782360354.9215653,0.0019779205322265625
143727,normal,3081,1,1782360354.9238377,0.002272367477416992
143728,normal,792,2,1782360354.9253268,0.0014891624450683594
143729,normal,1752,0,1782360354.9269903,0.0016634464263916016
143730,normal,2688,0,1782360354.9290922,0.002101898193359375
143731,normal,1534,0,1782360354.931358,0.00226593017578125
143732,normal,974,2,1782360354.933185,0.0018270015716552734
143733,normal,954,2,1782360354.9353535,0.002168416976928711
143734,normal,686,0,1782360354.937316,0.001962423324584961
143735,normal,1005,2,1782360354.9391456,0.0018296241760253906
143736,normal,2626,0,1782360354.9411316,0.0019860267639160156
143737,normal,1484,0,1782360354.9432056,0.002074003219604492
143738,normal,832,2,1782360354.945205,0.001999378204345703
143739,normal,1441,0,1782360354.9470904,0.0018854141235351562
143740,normal,1073,0,1782360354.9493275,0.002237081527709961
143741,normal,37,0,1782360354.9509718,0.0016443729400634766
143742,normal,358,0,1782360354.9530935,0.0021216869354248047
143743,normal,2863,0,1782360354.955244,0.0021505355834960938
143744,normal,3578,0,1782360354.9569943,0.0017502307891845703
143745,normal,2010,0,1782360354.95921,0.0022156238555908203
143746,normal,3555,0,1782360354.9611297,0.0019197463989257812
143747,normal,2777,0,1782360354.963103,0.001973390579223633
143748,normal,253,0,1782360354.9650416,0.0019385814666748047
143749,normal,837,2,1782360354.9674892,0.0024476051330566406
143750,normal,3310,1,1782360354.968993,0.0015037059783935547
143751,normal,13,0,1782360354.971135,0.0021419525146484375
143752,normal,1439,0,1782360354.9731758,0.002040863037109375
143753,normal,272,0,1782360354.9750597,0.0018839836120605469
143754,normal,2268,0,1782360354.9770813,0.0020215511322021484
143755,normal,3105,1,1782360354.9790108,0.0019295215606689453
143756,normal,1056,0,1782360354.9810216,0.002010822296142578
143757,normal,88,0,1782360354.983091,0.0020694732666015625
143758,normal,943,2,1782360354.985189,0.0020978450775146484
143759,normal,2851,0,1782360354.9871683,0.001979351043701172
143760,normal,2769,0,1782360354.9890792,0.0019109249114990234
143761,normal,1093,0,1782360354.990972,0.0018928050994873047
143762,normal,3312,1,1782360354.992998,0.0020258426666259766
143763,normal,2085,0,1782360354.9949691,0.0019712448120117188
143764,normal,2281,0,1782360354.997087,0.0021178722381591797
143765,normal,1125,0,1782360354.998949,0.0018620491027832031
143766,normal,1687,0,1782360355.0010993,0.002150297164916992
143767,normal,2884,0,1782360355.0031857,0.0020864009857177734
143768,normal,3148,1,1782360355.0050323,0.0018465518951416016
143769,normal,2870,0,1782360355.0070775,0.002045154571533203
143770,normal,451,0,1782360355.0093575,0.002279996871948242
143771,normal,2055,0,1782360355.0110464,0.0016889572143554688
143772,normal,933,2,1782360389.660201,0.0
143773,normal,3461,0,1782360389.6620302,0.0018291473388671875
143774,normal,697,0,1782360389.6641006,0.0020704269409179688
143775,normal,3259,1,1782360389.6660175,0.0019168853759765625
143776,normal,1349,1,1782360389.668066,0.002048492431640625
143777,normal,2311,0,1782360389.6700714,0.002005338668823242
143778,normal,2760,0,1782360389.6720095,0.0019381046295166016
143779,normal,3699,0,1782360389.6740718,0.0020623207092285156
143780,normal,2989,0,1782360389.6760738,0.0020020008087158203
143781,normal,2986,0,1782360389.6780376,0.0019638538360595703
143782,normal,527,0,1782360389.6800692,0.002031564712524414
143783,normal,1527,0,1782360389.6821027,0.0020334720611572266
143784,normal,1595,0,1782360389.6842341,0.0021314620971679688
143785,normal,1392,0,1782360389.68611,0.0018758773803710938
143786,normal,1410,0,1782360389.6882472,0.0021371841430664062
143787,normal,3544,0,1782360389.6901383,0.0018911361694335938
143788,normal,935,2,1782360389.6922507,0.0021123886108398438
143789,normal,1824,0,1782360389.6943066,0.0020558834075927734
143790,normal,573,0,1782360389.696124,0.001817464828491211
143791,normal,3589,0,1782360389.698219,0.0020949840545654297
143792,normal,3200,1,1782360389.7002459,0.002026796340942383
143793,normal,3193,1,1782360389.7020915,0.0018455982208251953
143794,normal,1420,0,1782360389.704301,0.0022096633911132812
143795,normal,2001,0,1782360389.7062328,0.0019316673278808594
143796,normal,1493,0,1782360389.708131,0.0018982887268066406
143797,normal,2220,0,1782360389.7102811,0.0021500587463378906
143798,normal,3150,1,1782360389.7123072,0.002026081085205078
143799,normal,2537,0,1782360389.7141278,0.0018205642700195312
143800,normal,3658,0,1782360389.716289,0.002161264419555664
143801,normal,1852,0,1782360389.7183836,0.0020945072174072266
143802,normal,3567,0,1782360389.7201393,0.0017557144165039062
143803,normal,1876,0,1782360389.7224164,0.0022771358489990234
143804,normal,469,0,1782360389.7242649,0.001848459243774414
143805,normal,3267,1,1782360389.7261646,0.00189971923828125
143806,normal,965,2,1782360389.7283628,0.0021982192993164062
143807,normal,1523,0,1782360389.7302349,0.0018720626831054688
143808,normal,3281,1,1782360389.7321398,0.0019049644470214844
143809,normal,670,0,1782360389.7342784,0.0021386146545410156
143810,normal,2717,0,1782360389.7362273,0.0019488334655761719
143811,normal,1266,0,1782360389.7380638,0.001836538314819336
143812,normal,1525,0,1782360389.740216,0.0021522045135498047
143813,normal,3548,0,1782360389.7422686,0.0020525455474853516
143814,normal,2094,0,1782360389.7441308,0.0018622875213623047
143815,normal,3578,0,1782360389.7464294,0.002298593521118164
143816,normal,321,0,1782360389.7482693,0.0018398761749267578
143817,normal,1670,0,1782360389.7503119,0.002042531967163086
143818,normal,1002,2,1782360389.7522538,0.0019419193267822266
143819,normal,1116,0,1782360389.754604,0.002350330352783203
143820,normal,445,0,1782360389.7562795,0.0016753673553466797
143821,normal,3330,1,1782360389.7582958,0.002016305923461914
143822,normal,141,0,1782360389.7603855,0.0020897388458251953
143823,normal,1823,0,1782360389.762134,0.0017485618591308594
143824,normal,21,0,1782360389.7643886,0.002254486083984375
143825,normal,293,0,1782360389.7662861,0.001897573471069336
143826,normal,3118,1,1782360389.7682903,0.0020041465759277344
143827,normal,3367,1,1782360389.770293,0.002002716064453125
143828,normal,567,0,1782360389.7723994,0.0021064281463623047
143829,normal,164,0,1782360389.774135,0.001735687255859375
143830,normal,314,0,1782360389.77639,0.002254962921142578
143831,normal,2532,0,1782360389.7782795,0.0018894672393798828
143832,normal,760,0,1782360389.7801387,0.0018591880798339844
143833,normal,220,0,1782360389.782492,0.002353191375732422
143834,normal,2250,0,1782360389.7844124,0.001920461654663086
143835,normal,2215,0,1782360389.786695,0.0022826194763183594
143836,normal,2391,0,1782360389.788182,0.0014870166778564453
143837,normal,2217,0,1782360389.790328,0.002146005630493164
143838,normal,1428,0,1782360389.7920692,0.001741170883178711
143839,normal,95,0,1782360389.7943776,0.002308368682861328
143840,normal,3444,0,1782360389.7962627,0.0018851757049560547
143841,normal,395,0,1782360389.7981157,0.0018529891967773438
143842,normal,1951,0,1782360389.8002532,0.002137422561645508
143843,normal,2822,0,1782360389.8023887,0.0021355152130126953
143844,normal,2333,0,1782360389.8040998,0.001711130142211914
143845,normal,2572,0,1782360389.806256,0.0021562576293945312
143846,normal,2495,0,1782360389.8084006,0.0021445751190185547
143847,normal,411,0,1782360389.810127,0.001726388931274414
143848,normal,955,2,1782360389.8122945,0.0021674633026123047
143849,normal,816,2,1782360389.814387,0.002092599868774414
143850,normal,606,0,1782360389.8161,0.001712799072265625
143851,normal,1758,0,1782360389.8182576,0.0021576881408691406
143852,normal,528,0,1782360389.8204005,0.0021429061889648438
143853,normal,2805,0,1782360389.8221118,0.0017113685607910156
143854,normal,2102,0,1782360389.8242927,0.002180814743041992
143855,normal,3042,0,1782360389.8262727,0.0019800662994384766
143856,normal,2174,0,1782360389.8281004,0.0018277168273925781
143857,normal,1901,0,1782360389.8310397,0.0029392242431640625
143858,normal,451,0,1782360389.8321435,0.0011038780212402344
143859,normal,1337,1,1782360389.834786,0.002642393112182617
143860,normal,728,0,1782360389.8361642,0.0013782978057861328
143861,normal,2865,0,1782360389.8384178,0.0022535324096679688
143862,normal,2421,0,1782360389.8401265,0.0017087459564208984
143863,normal,2647,0,1782360389.8424172,0.0022907257080078125
143864,normal,1459,0,1782360389.8442433,0.0018260478973388672
143865,normal,729,0,1782360389.8461237,0.0018804073333740234
143866,normal,2363,0,1782360389.8483894,0.0022656917572021484
143867,normal,2847,0,1782360389.85031,0.0019207000732421875
143868,normal,1319,1,1782360389.8522828,0.001972675323486328
143869,normal,1730,0,1782360389.8541288,0.0018460750579833984
143870,normal,3185,1,1782360389.8563328,0.0022039413452148438
143871,normal,3167,1,1782360389.858139,0.0018062591552734375
143872,normal,1353,1,1782360389.8603768,0.0022377967834472656
143873,normal,3643,0,1782360389.8622446,0.0018677711486816406
143874,normal,1861,0,1782360389.8642812,0.002036571502685547
143875,normal,2527,0,1782360389.8662663,0.0019850730895996094
143876,normal,1386,0,1782360389.8683934,0.0021271705627441406
143877,normal,49,0,1782360389.8701458,0.0017523765563964844
143878,normal,219,0,1782360389.8724403,0.0022945404052734375
143879,normal,2275,0,1782360389.8742645,0.0018241405487060547
143880,normal,1988,0,1782360389.8763192,0.0020546913146972656
143881,normal,3537,0,1782360389.8782907,0.0019714832305908203
143882,normal,323,0,1782360389.8803842,0.0020935535430908203
143883,normal,1970,0,1782360389.8821251,0.0017409324645996094
143884,normal,3614,0,1782360389.8843877,0.002262592315673828
143885,normal,3312,1,1782360389.8862636,0.0018758773803710938
143886,normal,840,2,1782360389.88832,0.0020563602447509766
143887,normal,3081,1,1782360389.8903003,0.001980304718017578
143888,normal,3660,0,1782360389.8925762,0.0022759437561035156
143889,normal,1994,0,1782360389.8947222,0.002146005630493164
143890,normal,500,0,1782360389.896736,0.002013683319091797
143891,normal,3264,1,1782360389.8984718,0.0017359256744384766
143892,normal,812,2,1782360389.900719,0.0022470951080322266
143893,normal,3476,0,1782360389.9027777,0.002058744430541992
143894,normal,1246,0,1782360389.9044912,0.0017135143280029297
143895,normal,3564,0,1782360389.9067118,0.002220630645751953
143896,normal,3116,1,1782360389.9090278,0.002315998077392578
143897,normal,1208,0,1782360389.911194,0.002166271209716797
143898,normal,2695,0,1782360389.9122527,0.0010585784912109375
143899,normal,2235,0,1782360389.91433,0.002077341079711914
143900,normal,1836,0,1782360389.916341,0.0020110607147216797
143901,normal,1245,0,1782360389.9187415,0.0024003982543945312
143902,normal,106,0,1782360389.9205093,0.001767873764038086
143903,normal,3568,0,1782360389.9224865,0.001977205276489258
143904,normal,2336,0,1782360389.924726,0.0022394657135009766
143905,normal,1603,0,1782360389.9266026,0.0018765926361083984
143906,normal,3356,1,1782360389.9284964,0.001893758773803711
143907,normal,1922,0,1782360389.9306471,0.0021507740020751953
143908,normal,863,2,1782360389.9330218,0.0023746490478515625
143909,normal,665,0,1782360389.9347572,0.0017354488372802734
143910,normal,972,2,1782360389.9367654,0.002008199691772461
143911,normal,1003,2,1782360389.938479,0.0017135143280029297
143912,normal,123,0,1782360389.940338,0.0018589496612548828
143913,normal,2657,0,1782360389.9427254,0.002387523651123047
143914,normal,2067,0,1782360389.9447584,0.0020329952239990234
143915,normal,2560,0,1782360389.946486,0.0017275810241699219
143916,normal,3098,1,1782360389.9487019,0.002215862274169922
143917,normal,3030,0,1782360389.95103,0.002328157424926758
143918,normal,2088,0,1782360389.9521387,0.0011086463928222656
143919,normal,3071,1,1782360389.9543383,0.0021996498107910156
143920,normal,3670,0,1782360389.956601,0.002262592315673828
143921,normal,2015,0,1782360389.9584792,0.0018782615661621094
143922,normal,297,0,1782360389.960719,0.0022399425506591797
143923,normal,3592,0,1782360389.963032,0.002312898635864258
143924,normal,498,0,1782360389.965218,0.0021860599517822266
143925,normal,797,2,1782360389.9662552,0.0010371208190917969
143926,normal,2353,0,1782360389.9683456,0.0020904541015625
143927,normal,98,0,1782360389.9704318,0.002086162567138672
143928,normal,2932,0,1782360389.9723945,0.0019626617431640625
143929,normal,2199,0,1782360389.9749584,0.002563953399658203
143930,normal,244,0,1782360389.9767551,0.001796722412109375
143931,normal,94,0,1782360389.9784377,0.0016825199127197266
143932,normal,3209,1,1782360389.980475,0.0020372867584228516
143933,normal,1969,0,1782360389.982344,0.0018689632415771484
143934,normal,682,0,1782360389.9847193,0.002375364303588867
143935,normal,1780,0,1782360389.9867945,0.0020751953125
143936,normal,103,0,1782360389.9885006,0.0017061233520507812
143937,normal,140,0,1782360389.990621,0.002120494842529297
143938,normal,1695,0,1782360389.9925165,0.0018954277038574219
143939,normal,405,0,1782360389.9943163,0.0017998218536376953
143940,normal,3546,0,1782360389.9967237,0.0024073123931884766
143941,normal,1815,0,1782360389.998895,0.0021712779998779297
143942,normal,990,2,1782360390.000502,0.0016071796417236328
143943,normal,2794,0,1782360390.0024397,0.0019376277923583984
143944,normal,3242,1,1782360390.0043406,0.0019009113311767578
143945,normal,2931,0,1782360390.0063486,0.0020079612731933594
143946,normal,1964,0,1782360390.0087266,0.0023779869079589844
143947,normal,122,0,1782360390.010948,0.002221345901489258
143948,normal,2332,0,1782360390.0127156,0.0017676353454589844
143949,normal,1977,0,1782360390.0144153,0.001699686050415039
143950,normal,9,0,1782360390.016479,0.002063751220703125
143951,normal,1272,0,1782360390.0183425,0.0018634796142578125
143952,normal,268,0,1782360390.020737,0.002394437789916992
143953,normal,149,0,1782360390.0226974,0.0019605159759521484
143954,normal,447,0,1782360390.0245128,0.0018153190612792969
143955,normal,2973,0,1782360390.0266984,0.0021855831146240234
143956,normal,1216,0,1782360390.0281262,0.0014278888702392578
143957,normal,2334,0,1782360390.0306447,0.0025184154510498047
143958,normal,2789,0,1782360390.03259,0.0019452571868896484
143959,normal,3083,1,1782360390.0345109,0.001920938491821289
143960,normal,3684,0,1782360390.0364509,0.001940011978149414
143961,normal,1854,0,1782360390.038392,0.0019412040710449219
143962,normal,195,0,1782360390.040572,0.002179861068725586
143963,normal,2613,0,1782360390.0424712,0.0018992424011230469
143964,normal,879,2,1782360390.0446508,0.0021796226501464844
143965,normal,92,0,1782360390.046763,0.002112150192260742
143966,normal,347,0,1782360390.048452,0.0016889572143554688
143967,normal,1707,0,1782360390.0503955,0.0019435882568359375
143968,normal,1046,0,1782360390.0525832,0.0021877288818359375
143969,normal,2190,0,1782360390.0544522,0.0018689632415771484
143970,normal,1585,0,1782360390.056313,0.0018608570098876953
143971,normal,838,2,1782360390.0585628,0.0022497177124023438
143972,normal,1633,0,1782360390.060362,0.0017993450164794922
143973,normal,2930,0,1782360390.0627224,0.0023603439331054688
143974,normal,1001,2,1782360390.0647886,0.0020661354064941406
143975,normal,390,0,1782360390.06649,0.00170135498046875
143976,normal,1405,0,1782360390.0687087,0.0022187232971191406
143977,normal,1467,0,1782360390.0710566,0.0023479461669921875
143978,normal,2544,0,1782360390.0731637,0.0021071434020996094
143979,normal,1359,1,1782360390.074235,0.0010712146759033203
143980,normal,216,0,1782360390.076307,0.0020720958709716797
143981,normal,1103,0,1782360390.078264,0.001956939697265625
143982,normal,2966,0,1782360390.080314,0.0020499229431152344
143983,normal,630,0,1782360390.0825012,0.0021872520446777344
143984,normal,2549,0,1782360390.0843458,0.001844644546508789
143985,normal,2614,0,1782360390.0863667,0.0020208358764648438
143986,normal,2462,0,1782360390.0884929,0.0021262168884277344
143987,normal,637,0,1782360390.0903275,0.0018346309661865234
143988,normal,2315,0,1782360390.0928557,0.0025281906127929688
143989,normal,2120,0,1782360390.0945246,0.0016689300537109375
143990,normal,5,0,1782360390.0964546,0.0019299983978271484
143991,normal,1155,0,1782360390.0983984,0.001943826675415039
143992,normal,2095,0,1782360390.100579,0.0021805763244628906
143993,normal,2563,0,1782360390.102457,0.0018780231475830078
143994,normal,2749,0,1782360390.1044874,0.0020303726196289062
143995,normal,510,0,1782360390.1064434,0.0019559860229492188
143996,normal,3619,0,1782360390.1082113,0.001767873764038086
143997,normal,2028,0,1782360390.1103508,0.002139568328857422
143998,normal,2325,0,1782360390.112445,0.002094268798828125
143999,normal,3450,0,1782360390.1143942,0.0019490718841552734
144000,normal,3139,1,1782360390.1162806,0.0018863677978515625
144001,normal,624,0,1782360390.1183906,0.002110004425048828
144002,normal,2004,0,1782360390.1203673,0.0019767284393310547
144003,normal,2861,0,1782360390.122725,0.0023577213287353516
144004,normal,96,0,1782360390.1250231,0.002298116683959961
144005,normal,3616,0,1782360390.1267982,0.0017750263214111328
144006,normal,3351,1,1782360390.1286542,0.001856088638305664
144007,normal,2208,0,1782360390.1304486,0.0017943382263183594
144008,normal,1662,0,1782360390.1323483,0.00189971923828125
144009,normal,1159,0,1782360390.1347,0.0023517608642578125
144010,normal,1578,0,1782360390.1370335,0.002333402633666992
144011,normal,806,2,1782360390.1392696,0.0022361278533935547
144012,normal,501,0,1782360390.1403193,0.0010497570037841797
144013,normal,2299,0,1782360390.1421645,0.0018451213836669922
144014,normal,53,0,1782360390.1444147,0.002250194549560547
144015,normal,3360,1,1782360390.14615,0.0017354488372802734
144016,normal,1601,0,1782360390.1483889,0.002238750457763672
144017,normal,248,0,1782360390.1503105,0.0019216537475585938
144018,normal,17,0,1782360390.1521509,0.001840353012084961
144019,normal,2367,0,1782360390.1544678,0.0023169517517089844
144020,normal,3028,0,1782360390.1565137,0.002045869827270508
144021,normal,1565,0,1782360390.1588213,0.0023076534271240234
144022,normal,2399,0,1782360390.1607227,0.001901388168334961
144023,normal,2186,0,1782360390.1625059,0.001783132553100586
144024,normal,3412,0,1782360390.1646507,0.0021448135375976562
144025,normal,701,0,1782360390.1670287,0.0023779869079589844
144026,normal,1434,0,1782360390.1687663,0.0017375946044921875
144027,normal,3688,0,1782360390.1708262,0.0020599365234375
144028,normal,3652,0,1782360390.1721208,0.0012946128845214844
144029,normal,12,0,1782360390.1748242,0.002703428268432617
144030,normal,2627,0,1782360390.1765957,0.0017714500427246094
144031,normal,2126,0,1782360390.1786854,0.0020897388458251953
144032,normal,2243,0,1782360390.1804478,0.00176239013671875
144033,normal,1975,0,1782360390.1824913,0.002043485641479492
144034,normal,983,2,1782360390.1844418,0.0019505023956298828
144035,normal,3436,0,1782360390.1863165,0.001874685287475586
144036,normal,1726,0,1782360390.1887605,0.002444028854370117
144037,normal,2070,0,1782360390.1906443,0.0018837451934814453
144038,normal,2941,0,1782360390.1925,0.0018558502197265625
144039,normal,857,2,1782360390.1946461,0.002146005630493164
144040,normal,1412,0,1782360390.19702,0.002373933792114258
144041,normal,2631,0,1782360390.198785,0.0017650127410888672
144042,normal,3108,1,1782360390.2003071,0.001522064208984375
144043,normal,2497,0,1782360390.2021472,0.0018401145935058594
144044,normal,677,0,1782360390.204411,0.002263784408569336
144045,normal,476,0,1782360390.2061605,0.0017495155334472656
144046,normal,780,2,1782360390.2084272,0.0022666454315185547
144047,normal,1095,0,1782360390.2102773,0.001850128173828125
144048,normal,2605,0,1782360390.2123017,0.002024412155151367
144049,normal,854,2,1782360390.214301,0.001999378204345703
144050,normal,271,0,1782360390.2165852,0.0022840499877929688
144051,normal,306,0,1782360390.2181284,0.001543283462524414
144052,normal,3539,0,1782360390.2204683,0.0023398399353027344
144053,normal,2189,0,1782360390.2232282,0.0027599334716796875
144054,normal,2086,0,1782360390.2242568,0.0010285377502441406
144055,normal,662,0,1782360390.226263,0.0020062923431396484
144056,normal,1070,0,1782360390.2283711,0.0021080970764160156
144057,normal,2763,0,1782360390.2301526,0.001781463623046875
144058,normal,938,2,1782360390.2324257,0.002273082733154297
144059,normal,3058,1,1782360390.2342381,0.0018124580383300781
144060,normal,1608,0,1782360390.236301,0.0020627975463867188
144061,normal,87,0,1782360390.2382817,0.0019807815551757812
144062,normal,3198,1,1782360390.2403026,0.0020208358764648438
144063,normal,2898,0,1782360390.2421274,0.0018248558044433594
144064,normal,3636,0,1782360390.2443676,0.0022401809692382812
144065,normal,1346,1,1782360390.2462614,0.001893758773803711
144066,normal,2277,0,1782360390.2482774,0.0020160675048828125
144067,normal,1341,1,1782360390.2502549,0.0019774436950683594
144068,normal,1592,0,1782360390.252398,0.0021431446075439453
144069,normal,917,2,1782360390.2541182,0.0017201900482177734
144070,normal,2280,0,1782360390.2563643,0.0022461414337158203
144071,normal,1293,0,1782360390.258256,0.0018916130065917969
144072,normal,3430,0,1782360390.2603116,0.002055644989013672
144073,normal,2546,0,1782360390.2622213,0.0019097328186035156
144074,normal,1556,0,1782360390.2644227,0.0022013187408447266
144075,normal,2683,0,1782360390.266118,0.001695394515991211
144076,normal,3693,0,1782360390.2683864,0.0022683143615722656
144077,normal,246,0,1782360390.2702851,0.0018987655639648438
144078,normal,2993,0,1782360390.2721586,0.0018734931945800781
144079,normal,3656,0,1782360390.274243,0.002084493637084961
144080,normal,2863,0,1782360390.2763612,0.0021181106567382812
144081,normal,301,0,1782360390.2781758,0.0018146038055419922
144082,normal,3228,1,1782360390.2803938,0.002218008041381836
144083,normal,2329,0,1782360390.2822564,0.0018625259399414062
144084,normal,2804,0,1782360390.2841928,0.0019364356994628906
144085,normal,2701,0,1782360390.286423,0.0022301673889160156
144086,normal,964,2,1782360390.288255,0.0018320083618164062
144087,normal,3373,1,1782360390.2904158,0.002160787582397461
144088,normal,3394,1,1782360390.2922714,0.001855611801147461
144089,normal,1213,0,1782360390.294777,0.0025055408477783203
144090,normal,3577,0,1782360390.2962554,0.001478433609008789
144091,normal,3024,0,1782360390.2981687,0.001913309097290039
144092,normal,805,2,1782360390.3003652,0.0021965503692626953
144093,normal,3366,1,1782360390.3021896,0.0018243789672851562
144094,normal,2389,0,1782360390.3042707,0.002081155776977539
144095,normal,1748,0,1782360390.3064232,0.0021524429321289062
144096,normal,2383,0,1782360390.308141,0.0017178058624267578
144097,normal,693,0,1782360390.3104074,0.002266407012939453
144098,normal,2408,0,1782360390.3122468,0.0018393993377685547
144099,normal,2996,0,1782360390.3141882,0.0019414424896240234
144100,normal,961,2,1782360390.3162622,0.002074003219604492
144101,normal,2142,0,1782360390.3186345,0.002372264862060547
144102,normal,3219,1,1782360390.3201237,0.0014891624450683594
144103,normal,598,0,1782360390.3224168,0.002293109893798828
144104,normal,2806,0,1782360390.3252335,0.0028166770935058594
144105,normal,1307,0,1782360390.326293,0.0010595321655273438
144106,normal,2398,0,1782360390.328254,0.0019609928131103516
144107,normal,3618,0,1782360390.3304226,0.0021686553955078125
144108,normal,1672,0,1782360390.332152,0.0017292499542236328
144109,normal,2668,0,1782360390.3344471,0.002295255661010742
144110,normal,2802,0,1782360390.3362527,0.0018055438995361328
144111,normal,3074,1,1782360390.3383417,0.0020890235900878906
144112,normal,2355,0,1782360390.3402545,0.001912832260131836
144113,normal,2895,0,1782360390.3423793,0.002124786376953125
144114,normal,1524,0,1782360390.344161,0.0017817020416259766
144115,normal,1600,0,1782360390.346401,0.0022399425506591797
144116,normal,260,0,1782360390.3482533,0.001852273941040039
144117,normal,3545,0,1782360390.350236,0.0019826889038085938
144118,normal,2209,0,1782360390.3521323,0.0018963813781738281
144119,normal,651,0,1782360390.3543599,0.0022275447845458984
144120,normal,2661,0,1782360390.3561163,0.001756429672241211
144121,normal,3238,1,1782360390.3584108,0.0022945404052734375
144122,normal,2502,0,1782360390.3602664,0.001855611801147461
144123,normal,2777,0,1782360390.3621533,0.0018868446350097656
144124,normal,2351,0,1782360390.364425,0.0022716522216796875
144125,normal,3283,1,1782360390.3666978,0.0022728443145751953
144126,normal,3181,1,1782360390.3681216,0.0014238357543945312
144127,normal,1361,1,1782360390.3702548,0.0021331310272216797
144128,normal,2535,0,1782360390.3723671,0.0021123886108398438
144129,normal,627,0,1782360390.3747685,0.0024013519287109375
144130,normal,1967,0,1782360390.376819,0.0020503997802734375
144131,normal,3159,1,1782360390.378658,0.0018391609191894531
144132,normal,3390,1,1782360390.3804505,0.0017924308776855469
144133,normal,2200,0,1782360390.382288,0.0018374919891357422
144134,normal,592,0,1782360390.3844302,0.002142190933227539
144135,normal,2273,0,1782360390.3874545,0.0030243396759033203
144136,normal,3164,1,1782360390.3880801,0.0006256103515625
144137,normal,2341,0,1782360390.390318,0.0022377967834472656
144138,normal,2314,0,1782360390.3920743,0.001756429672241211
144139,normal,2447,0,1782360390.3943205,0.0022461414337158203
144140,normal,283,0,1782360390.3961122,0.0017917156219482422
144141,normal,199,0,1782360390.3981109,0.0019986629486083984
144142,normal,975,2,1782360390.4002419,0.0021309852600097656
144143,normal,1827,0,1782360390.4022315,0.001989603042602539
144144,normal,3309,1,1782360390.404091,0.001859426498413086
144145,normal,1540,0,1782360390.4062097,0.002118825912475586
144146,normal,2642,0,1782360390.408177,0.001967191696166992
144147,normal,3383,1,1782360390.4100487,0.0018718242645263672
144148,normal,3169,1,1782360390.4121718,0.002123117446899414
144149,normal,3353,1,1782360390.4140646,0.0018928050994873047
144150,normal,1716,0,1782360390.4160743,0.0020096302032470703
144151,normal,2446,0,1782360390.4180875,0.0020132064819335938
144152,normal,3032,0,1782360390.420126,0.0020384788513183594
144153,normal,522,0,1782360390.422049,0.0019230842590332031
144154,normal,672,0,1782360390.4241648,0.0021157264709472656
144155,normal,2746,0,1782360390.4260654,0.0019006729125976562
144156,normal,1806,0,1782360390.4280627,0.001997232437133789
144157,normal,1280,0,1782360390.4301775,0.0021147727966308594
144158,normal,1277,0,1782360390.4321747,0.001997232437133789
144159,normal,3197,1,1782360390.4340553,0.001880645751953125
144160,normal,46,0,1782360390.4361238,0.0020685195922851562
144161,normal,2965,0,1782360390.4381185,0.001994609832763672
144162,normal,1079,0,1782360390.440071,0.0019526481628417969
144163,normal,754,0,1782360390.4420931,0.0020220279693603516
144164,normal,755,0,1782360390.4440773,0.001984119415283203
144165,normal,3194,1,1782360390.446078,0.0020008087158203125
144166,normal,327,0,1782360390.4480865,0.0020084381103515625
144167,normal,963,2,1782360390.4501557,0.002069234848022461
144168,normal,3247,1,1782360390.4520657,0.0019099712371826172
144169,normal,428,0,1782360390.4541016,0.002035856246948242
144170,normal,291,0,1782360390.4561574,0.0020558834075927734
144171,normal,913,2,1782360390.4580698,0.0019123554229736328
144172,normal,870,2,1782360390.4600866,0.002016782760620117
144173,normal,506,0,1782360390.4621575,0.002070903778076172
144174,normal,3079,1,1782360390.4640677,0.0019102096557617188
144175,normal,2380,0,1782360390.4661696,0.002101898193359375
144176,normal,2779,0,1782360390.4681563,0.0019867420196533203
144177,normal,3213,1,1782360390.470081,0.001924753189086914
144178,normal,949,2,1782360390.472096,0.0020148754119873047
144179,normal,1433,0,1782360390.4741747,0.0020787715911865234
144180,normal,1681,0,1782360390.4760678,0.0018930435180664062
144181,normal,2455,0,1782360390.4781742,0.0021064281463623047
144182,normal,1987,0,1782360390.480167,0.0019927024841308594
144183,normal,241,0,1782360390.482079,0.0019121170043945312
144184,normal,2860,0,1782360390.4841826,0.002103567123413086
144185,normal,2474,0,1782360390.4861593,0.0019767284393310547
144186,normal,1797,0,1782360390.4880784,0.0019190311431884766
144187,normal,2764,0,1782360390.4901817,0.0021033287048339844
144188,normal,1651,0,1782360390.4921856,0.002003908157348633
144189,normal,3543,0,1782360390.4940872,0.0019016265869140625
144190,normal,3230,1,1782360390.4962313,0.0021440982818603516
144191,normal,3123,1,1782360390.4982502,0.0020189285278320312
144192,normal,2825,0,1782360390.5001109,0.0018606185913085938
144193,normal,3640,0,1782360390.50211,0.0019991397857666016
144194,normal,1683,0,1782360390.5042422,0.0021321773529052734
144195,normal,2937,0,1782360390.5060728,0.0018305778503417969
144196,normal,2019,0,1782360390.5082324,0.002159595489501953
144197,normal,1168,0,1782360390.5102715,0.002039194107055664
144198,normal,716,0,1782360390.5121193,0.0018477439880371094
144199,normal,25,0,1782360390.5141103,0.0019910335540771484
144200,normal,1129,0,1782360390.5162475,0.0021371841430664062
144201,normal,1368,1,1782360390.518074,0.0018265247344970703
144202,normal,1929,0,1782360390.5202296,0.0021555423736572266
144203,normal,931,2,1782360390.5222707,0.0020411014556884766
144204,normal,1347,1,1782360390.5240865,0.0018157958984375
144205,normal,3207,1,1782360390.5261135,0.0020270347595214844
144206,normal,1196,0,1782360390.5282378,0.002124309539794922
144207,normal,3701,0,1782360390.5300887,0.0018508434295654297
144208,normal,3557,0,1782360390.5322287,0.002140045166015625
144209,normal,3509,0,1782360390.5342786,0.0020499229431152344
144210,normal,1553,0,1782360390.5360935,0.0018148422241210938
144211,normal,1056,0,1782360390.5381083,0.0020148754119873047
144212,normal,267,0,1782360390.5402396,0.002131223678588867
144213,normal,761,0,1782360390.5420787,0.0018391609191894531
144214,normal,2241,0,1782360390.54423,0.0021512508392333984
144215,normal,3689,0,1782360390.54627,0.0020399093627929688
144216,normal,132,0,1782360390.5480967,0.0018267631530761719
144217,normal,190,0,1782360390.5501187,0.0020220279693603516
144218,normal,2703,0,1782360390.552247,0.0021283626556396484
144219,normal,1655,0,1782360390.5540812,0.0018341541290283203
144220,normal,1122,0,1782360390.5562496,0.002168416976928711
144221,normal,1494,0,1782360390.5582886,0.0020389556884765625
144222,normal,354,0,1782360390.560078,0.0017893314361572266
144223,normal,1718,0,1782360390.562229,0.002151012420654297
144224,normal,57,0,1782360390.564256,0.0020270347595214844
144225,normal,3176,1,1782360390.5660815,0.001825571060180664
144226,normal,1511,0,1782360390.5681176,0.0020360946655273438
144227,normal,732,0,1782360390.570238,0.002120494842529297
144228,normal,3692,0,1782360390.5720987,0.0018606185913085938
144229,normal,467,0,1782360390.5742126,0.002113819122314453
144230,normal,2714,0,1782360390.5762782,0.0020656585693359375
144231,normal,2552,0,1782360390.5781024,0.0018241405487060547
144232,normal,1894,0,1782360390.580116,0.002013683319091797
144233,normal,3201,1,1782360390.582236,0.0021200180053710938
144234,normal,3231,1,1782360390.5840948,0.0018587112426757812
144235,normal,3391,1,1782360390.5862272,0.002132415771484375
144236,normal,365,0,1782360390.5882676,0.002040386199951172
144237,normal,120,0,1782360390.590112,0.0018444061279296875
144238,normal,1856,0,1782360390.5921292,0.0020172595977783203
144239,normal,2704,0,1782360390.5942538,0.0021245479583740234
144240,normal,3130,1,1782360390.5960944,0.0018405914306640625
144241,normal,3459,0,1782360390.598123,0.0020287036895751953
144242,normal,824,2,1782360390.6002269,0.0021038055419921875
144243,normal,54,0,1782360390.6021035,0.0018765926361083984
144244,normal,1989,0,1782360390.6041162,0.0020127296447753906
144245,normal,1080,0,1782360390.606266,0.002149820327758789
144246,normal,3034,0,1782360390.608106,0.0018398761749267578
144247,normal,666,0,1782360390.610115,0.002009153366088867
144248,normal,586,0,1782360390.6122675,0.0021524429321289062
144249,normal,307,0,1782360390.6140702,0.001802682876586914
144250,normal,798,2,1782360390.6161792,0.002109050750732422
144251,normal,2810,0,1782360390.6182475,0.0020682811737060547
144252,normal,3651,0,1782360390.6200917,0.001844167709350586
144253,normal,918,2,1782360390.6222188,0.0021271705627441406
144254,normal,2970,0,1782360390.624264,0.002045154571533203
144255,normal,1327,1,1782360390.6260958,0.0018317699432373047
144256,normal,1268,0,1782360390.628239,0.0021431446075439453
144257,normal,745,0,1782360390.6302593,0.0020203590393066406
144258,normal,3601,0,1782360390.632094,0.0018346309661865234
144259,normal,2836,0,1782360390.6342247,0.002130746841430664
144260,normal,2263,0,1782360390.6362557,0.002031087875366211
144261,normal,883,2,1782360390.638261,0.002005338668823242
144262,normal,1082,0,1782360390.640098,0.001837015151977539
144263,normal,1354,1,1782360390.6423545,0.0022563934326171875
144264,normal,2406,0,1782360390.6440887,0.0017342567443847656
144265,normal,843,2,1782360390.646464,0.002375364303588867
144266,normal,2245,0,1782360390.648129,0.001664876937866211
144267,normal,1267,0,1782360390.6502593,0.002130270004272461
144268,normal,1658,0,1782360390.652114,0.0018546581268310547
144269,normal,1274,0,1782360390.6542737,0.0021598339080810547
144270,normal,3493,0,1782360390.6560893,0.0018155574798583984
144271,normal,625,0,1782360390.6582828,0.002193450927734375
144272,normal,937,2,1782360390.6602592,0.001976490020751953
144273,normal,2907,0,1782360390.6620696,0.001810312271118164
144274,normal,3101,1,1782360390.6642673,0.002197742462158203
144275,normal,1194,0,1782360390.6663609,0.0020935535430908203
144276,normal,2874,0,1782360390.6681168,0.0017559528350830078
144277,normal,1394,0,1782360390.6703646,0.0022478103637695312
144278,normal,971,2,1782360390.6722527,0.0018880367279052734
144279,normal,2569,0,1782360390.6742632,0.0020105838775634766
144280,normal,3261,1,1782360390.6762612,0.0019979476928710938
144281,normal,2499,0,1782360390.6783795,0.002118349075317383
144282,normal,1247,0,1782360390.6801045,0.0017249584197998047
144283,normal,3625,0,1782360390.682308,0.0022034645080566406
144284,normal,2323,0,1782360390.6843624,0.002054452896118164
144285,normal,944,2,1782360390.6861534,0.0017910003662109375
144286,normal,2953,0,1782360390.6883512,0.002197742462158203
144287,normal,2436,0,1782360390.6902697,0.0019185543060302734
144288,normal,496,0,1782360390.6927605,0.0024907588958740234
144289,normal,717,0,1782360390.6948373,0.002076864242553711
144290,normal,1888,0,1782360390.6966116,0.0017743110656738281
144291,normal,350,0,1782360390.6985178,0.0019061565399169922
144292,normal,1660,0,1782360390.7004848,0.0019669532775878906
144293,normal,2123,0,1782360390.7023242,0.0018393993377685547
144294,normal,3222,1,1782360390.7043858,0.002061605453491211
144295,normal,783,2,1782360390.7064717,0.0020859241485595703
144296,normal,1550,0,1782360390.7084017,0.0019299983978271484
144297,normal,3582,0,1782360390.710346,0.0019443035125732422
144298,normal,2776,0,1782360390.7124717,0.0021257400512695312
144299,normal,1173,0,1782360390.7144816,0.002009868621826172
144300,normal,1597,0,1782360390.716773,0.002291440963745117
144301,normal,1128,0,1782360390.718754,0.001981019973754883
144302,normal,3549,0,1782360390.7202287,0.001474618911743164
144303,normal,368,0,1782360390.7228851,0.0026564598083496094
144304,normal,2303,0,1782360390.7247758,0.0018906593322753906
144305,normal,71,0,1782360390.7264674,0.001691579818725586
144306,normal,3055,1,1782360390.7282898,0.0018224716186523438
144307,normal,3080,1,1782360390.7303946,0.0021047592163085938
144308,normal,2831,0,1782360390.7324226,0.0020279884338378906
144309,normal,3596,0,1782360390.7347987,0.002376079559326172
144310,normal,3094,1,1782360390.7370675,0.0022687911987304688
144311,normal,2269,0,1782360390.738889,0.0018215179443359375
144312,normal,1873,0,1782360390.7407322,0.0018432140350341797
144313,normal,2148,0,1782360390.742794,0.0020618438720703125
144314,normal,819,2,1782360390.745582,0.002788066864013672
144315,normal,2562,0,1782360390.746151,0.0005688667297363281
144316,normal,483,0,1782360390.7482426,0.002091646194458008
144317,normal,274,0,1782360390.7502935,0.0020508766174316406
144318,normal,1832,0,1782360390.752291,0.0019974708557128906
144319,normal,446,0,1782360390.7547886,0.0024976730346679688
144320,normal,3331,1,1782360390.7565982,0.0018095970153808594
144321,normal,63,0,1782360390.7587557,0.002157449722290039
144322,normal,115,0,1782360390.761066,0.0023102760314941406
144323,normal,3433,0,1782360390.7628794,0.0018134117126464844
144324,normal,2671,0,1782360390.7655122,0.0026328563690185547
144325,normal,3303,1,1782360390.7661352,0.0006229877471923828
144326,normal,828,2,1782360390.7683587,0.002223491668701172
144327,normal,2062,0,1782360390.7708879,0.002529144287109375
144328,normal,2972,0,1782360390.7724829,0.0015950202941894531
144329,normal,1765,0,1782360390.7744422,0.0019593238830566406
144330,normal,2988,0,1782360390.7762926,0.0018503665924072266
144331,normal,1092,0,1782360390.77839,0.0020973682403564453
144332,normal,2553,0,1782360390.7802868,0.0018968582153320312
144333,normal,832,2,1782360390.7827437,0.0024569034576416016
144334,normal,1234,0,1782360390.7848444,0.002100706100463867
144335,normal,2158,0,1782360390.7865448,0.0017004013061523438
144336,normal,3647,0,1782360390.78873,0.0021851062774658203
144337,normal,1783,0,1782360390.7910273,0.0022974014282226562
144338,normal,2809,0,1782360390.7928674,0.0018401145935058594
144339,normal,1520,0,1782360390.795469,0.00260162353515625
144340,normal,3120,1,1782360390.7961388,0.0006697177886962891
144341,normal,1220,0,1782360390.7982929,0.002154111862182617
144342,normal,2453,0,1782360390.8001165,0.0018236637115478516
144343,normal,2210,0,1782360390.802429,0.0023124217987060547
144344,normal,3588,0,1782360390.8041537,0.0017247200012207031
144345,normal,1230,0,1782360390.8063087,0.0021550655364990234
144346,normal,464,0,1782360390.8082297,0.001920938491821289
144347,normal,1312,0,1782360390.810385,0.002155303955078125
144348,normal,2876,0,1782360390.812152,0.0017669200897216797
144349,normal,511,0,1782360390.8143795,0.0022275447845458984
144350,normal,1326,1,1782360390.8162303,0.0018508434295654297
144351,normal,330,0,1782360390.8182843,0.002053976058959961
144352,normal,810,2,1782360390.8210204,0.0027360916137695312
144353,normal,2176,0,1782360390.8223202,0.0012998580932617188
144354,normal,382,0,1782360390.8243446,0.002024412155151367
144355,normal,2244,0,1782360390.8264854,0.0021407604217529297
144356,normal,461,0,1782360390.828478,0.0019927024841308594
144357,normal,366,0,1782360390.8303325,0.0018544197082519531
144358,normal,1788,0,1782360390.8324766,0.0021440982818603516
144359,normal,709,0,1782360390.8344765,0.0019998550415039062
144360,normal,3089,1,1782360390.8363209,0.0018444061279296875
144361,normal,3526,0,1782360390.8384728,0.002151966094970703
144362,normal,1537,0,1782360390.840382,0.0019092559814453125
144363,normal,827,2,1782360390.8428128,0.0024306774139404297
144364,normal,948,2,1782360390.844726,0.001913309097290039
144365,normal,1546,0,1782360390.8464751,0.0017490386962890625
144366,normal,979,2,1782360390.8487887,0.0023136138916015625
144367,normal,2716,0,1782360390.8507278,0.0019390583038330078
144368,normal,2445,0,1782360390.852524,0.0017962455749511719
144369,normal,480,0,1782360390.8547451,0.0022211074829101562
144370,normal,3547,0,1782360390.8570485,0.0023033618927001953
144371,normal,3001,0,1782360390.8588274,0.0017788410186767578
144372,normal,1416,0,1782360390.8614562,0.002628803253173828
144373,normal,2049,0,1782360390.8621297,0.0006735324859619141
144374,normal,2855,0,1782360390.8643231,0.002193450927734375
144375,normal,1391,0,1782360390.8661559,0.001832723617553711
144376,normal,1370,1,1782360390.8682137,0.002057790756225586
144377,normal,1629,0,1782360390.8703341,0.002120494842529297
144378,normal,1561,0,1782360390.8721142,0.0017800331115722656
144379,normal,1452,0,1782360390.874312,0.002197742462158203
144380,normal,2080,0,1782360390.8763566,0.002044677734375
144381,normal,116,0,1782360390.8781123,0.0017557144165039062
144382,normal,266,0,1782360390.880314,0.0022017955780029297
144383,normal,1367,1,1782360390.8823524,0.002038240432739258
144384,normal,80,0,1782360390.884117,0.001764535903930664
144385,normal,110,0,1782360390.8863409,0.002223968505859375
144386,normal,1223,0,1782360390.8883622,0.002021312713623047
144387,normal,2797,0,1782360390.8901165,0.0017542839050292969
144388,normal,2880,0,1782360390.8923478,0.0022313594818115234
144389,normal,1241,0,1782360390.894363,0.0020151138305664062
144390,normal,3022,0,1782360390.8961062,0.001743316650390625
144391,normal,2634,0,1782360390.8983138,0.002207517623901367
144392,normal,2045,0,1782360390.9003553,0.0020415782928466797
144393,normal,3600,0,1782360390.9021258,0.0017704963684082031
144394,normal,1610,0,1782360390.9043455,0.002219676971435547
144395,normal,1169,0,1782360390.9065049,0.0021593570709228516
144396,normal,3329,1,1782360390.908138,0.0016331672668457031
144397,normal,1630,0,1782360390.9110944,0.002956390380859375
144398,normal,1959,0,1782360390.913304,0.0022096633911132812
144399,normal,2195,0,1782360390.9142702,0.0009660720825195312
144400,normal,1322,1,1782360390.9163198,0.002049684524536133
144401,normal,2108,0,1782360390.9183314,0.002011537551879883
144402,normal,2024,0,1782360390.9203749,0.002043485641479492
144403,normal,277,0,1782360390.9224682,0.0020933151245117188
144404,normal,1953,0,1782360390.9243166,0.001848459243774414
144405,normal,2342,0,1782360390.926247,0.00193023681640625
144406,normal,1885,0,1782360390.9286082,0.002361297607421875
144407,normal,532,0,1782360390.9304929,0.0018846988677978516
144408,normal,605,0,1782360390.9323244,0.0018315315246582031
144409,normal,304,0,1782360390.9344769,0.0021524429321289062
144410,normal,3064,1,1782360390.9363353,0.0018584728240966797
144411,normal,465,0,1782360390.938439,0.002103567123413086
144412,normal,1731,0,1782360390.9404738,0.002034902572631836
144413,normal,3349,1,1782360390.942489,0.0020151138305664062
144414,normal,2739,0,1782360390.9447649,0.0022759437561035156
144415,normal,2144,0,1782360390.9470851,0.0023202896118164062
144416,normal,3214,1,1782360390.9492955,0.002210378646850586
144417,normal,175,0,1782360390.950233,0.0009374618530273438
144418,normal,1091,0,1782360390.952297,0.0020639896392822266
144419,normal,3379,1,1782360390.954815,0.0025179386138916016
144420,normal,1974,0,1782360390.9566822,0.0018672943115234375
144421,normal,2889,0,1782360390.9585664,0.0018842220306396484
144422,normal,2506,0,1782360390.9606814,0.002115011215209961
144423,normal,2851,0,1782360390.9623554,0.0016739368438720703
144424,normal,2422,0,1782360390.964358,0.002002716064453125
144425,normal,1621,0,1782360390.966358,0.0019998550415039062
144426,normal,3497,0,1782360390.9686785,0.002320528030395508
144427,normal,2292,0,1782360390.9705417,0.001863241195678711
144428,normal,38,0,1782360390.9727216,0.002179861068725586
144429,normal,1615,0,1782360390.9749222,0.002200603485107422
144430,normal,2992,0,1782360390.9767094,0.0017871856689453125
144431,normal,1045,0,1782360390.9788756,0.002166271209716797
144432,normal,851,2,1782360390.980889,0.0020134449005126953
144433,normal,2531,0,1782360390.9827728,0.0018837451934814453
144434,normal,1851,0,1782360390.985387,0.002614259719848633
144435,normal,1290,0,1782360390.986062,0.0006749629974365234
144436,normal,2206,0,1782360390.9893959,0.0033338069915771484
144437,normal,1191,0,1782360390.9901898,0.0007939338684082031
144438,normal,3315,1,1782360390.992389,0.0021991729736328125
144439,normal,514,0,1782360390.994373,0.001984119415283203
144440,normal,156,0,1782360390.996274,0.0019009113311767578
144441,normal,383,0,1782360390.998195,0.001920938491821289
144442,normal,2071,0,1782360391.0001101,0.0019152164459228516
144443,normal,558,0,1782360391.0023344,0.0022242069244384766
144444,normal,3674,0,1782360391.0041153,0.0017809867858886719
144445,normal,1279,0,1782360391.0063226,0.0022072792053222656
144446,normal,433,0,1782360391.0082307,0.0019080638885498047
144447,normal,2885,0,1782360391.010242,0.0020112991333007812
144448,normal,2204,0,1782360391.0123985,0.002156496047973633
144449,normal,2872,0,1782360391.014227,0.0018284320831298828
144450,normal,2058,0,1782360391.0162148,0.001987934112548828
144451,normal,3622,0,1782360391.01843,0.002215147018432617
144452,normal,1358,1,1782360391.0202496,0.001819610595703125
144453,normal,2043,0,1782360391.0222254,0.0019757747650146484
144454,normal,3499,0,1782360391.0243804,0.0021550655364990234
144455,normal,2628,0,1782360391.0262346,0.0018541812896728516
144456,normal,3217,1,1782360391.0282352,0.002000570297241211
144457,normal,61,0,1782360391.0303915,0.0021562576293945312
144458,normal,3037,0,1782360391.0322404,0.0018489360809326172
144459,normal,1774,0,1782360391.0347161,0.002475738525390625
144460,normal,2485,0,1782360391.0362568,0.0015406608581542969
144461,normal,3132,1,1782360391.0383945,0.0021376609802246094
144462,normal,802,2,1782360391.040146,0.0017516613006591797
144463,normal,684,0,1782360391.0423841,0.002238035202026367
144464,normal,1111,0,1782360391.044234,0.0018498897552490234
144465,normal,228,0,1782360391.0461757,0.001941680908203125
144466,normal,171,0,1782360391.0483987,0.0022230148315429688
144467,normal,2984,0,1782360391.050761,0.0023622512817382812
144468,normal,2799,0,1782360391.0521243,0.0013632774353027344
144469,normal,2338,0,1782360391.0543172,0.002192974090576172
144470,normal,2271,0,1782360391.056374,0.0020568370819091797
144471,normal,1403,0,1782360391.0581267,0.001752614974975586
144472,normal,2830,0,1782360391.060272,0.0021452903747558594
144473,normal,2009,0,1782360391.0622826,0.0020105838775634766
144474,normal,1471,0,1782360391.0641065,0.0018239021301269531
144475,normal,2491,0,1782360391.066302,0.002195596694946289
144476,normal,801,2,1782360391.0682573,0.001955270767211914
144477,normal,1528,0,1782360391.0701182,0.0018608570098876953
144478,normal,757,0,1782360391.0722973,0.0021791458129882812
144479,normal,928,2,1782360391.0742514,0.0019540786743164062
144480,normal,1224,0,1782360391.07614,0.0018885135650634766
144481,normal,2574,0,1782360391.0781333,0.001993417739868164
144482,normal,2005,0,1782360391.0802689,0.0021355152130126953
144483,normal,1847,0,1782360391.082115,0.0018460750579833984
144484,normal,3066,1,1782360391.0842977,0.0021827220916748047
144485,normal,2580,0,1782360391.0862527,0.0019550323486328125
144486,normal,1954,0,1782360391.0881248,0.0018720626831054688
144487,normal,3485,0,1782360391.0902984,0.0021736621856689453
144488,normal,2950,0,1782360391.0922537,0.001955270767211914
144489,normal,992,2,1782360391.0941012,0.0018475055694580078
144490,normal,2877,0,1782360391.096276,0.002174854278564453
144491,normal,3403,0,1782360391.0982752,0.0019991397857666016
144492,normal,602,0,1782360391.100095,0.0018198490142822266
144493,normal,170,0,1782360391.1023016,0.002206563949584961
144494,normal,656,0,1782360391.104249,0.0019474029541015625
144495,normal,3307,1,1782360391.1060994,0.0018503665924072266
144496,normal,869,2,1782360391.1082802,0.002180814743041992
144497,normal,997,2,1782360391.1102667,0.0019865036010742188
144498,normal,2435,0,1782360391.112738,0.0024712085723876953
144499,normal,2417,0,1782360391.1140683,0.0013303756713867188
144500,normal,714,0,1782360391.1162555,0.0021872520446777344
144501,normal,1750,0,1782360391.1180634,0.0018079280853271484
144502,normal,1864,0,1782360391.1202805,0.0022170543670654297
144503,normal,1829,0,1782360391.1222723,0.001991748809814453
144504,normal,3170,1,1782360391.1240788,0.001806497573852539
144505,normal,1715,0,1782360391.126299,0.00222015380859375
144506,normal,81,0,1782360391.1282406,0.001941680908203125
144507,normal,2416,0,1782360391.1300356,0.001795053482055664
144508,normal,689,0,1782360391.132184,0.0021483898162841797
144509,normal,708,0,1782360391.1340795,0.0018954277038574219
144510,normal,2641,0,1782360391.136046,0.0019664764404296875
144511,normal,834,2,1782360391.138082,0.0020360946655273438
144512,normal,809,2,1782360391.1401172,0.0020351409912109375
144513,normal,3052,1,1782360391.1420283,0.001911163330078125
144514,normal,2732,0,1782360391.1441178,0.0020895004272460938
144515,normal,1534,0,1782360391.146078,0.001960277557373047
144516,normal,1188,0,1782360391.148042,0.0019638538360595703
144517,normal,36,0,1782360391.1500788,0.0020368099212646484
144518,normal,2290,0,1782360391.1521165,0.0020377635955810547
144519,normal,1398,0,1782360391.1540277,0.001911163330078125
144520,normal,2719,0,1782360391.1561065,0.0020787715911865234
144521,normal,2234,0,1782360391.158081,0.0019745826721191406
144522,normal,1067,0,1782360391.1600404,0.0019593238830566406
144523,normal,2505,0,1782360391.1620827,0.0020422935485839844
144524,normal,2154,0,1782360391.1641145,0.0020318031311035156
144525,normal,2773,0,1782360391.1660266,0.0019121170043945312
144526,normal,3591,0,1782360391.1681051,0.002078533172607422
144527,normal,3494,0,1782360391.1700778,0.001972675323486328
144528,normal,2796,0,1782360391.172038,0.001960277557373047
144529,normal,650,0,1782360391.1740792,0.0020411014556884766
144530,normal,3105,1,1782360391.176124,0.0020449161529541016
144531,normal,3174,1,1782360391.1780283,0.0019042491912841797
144532,normal,2256,0,1782360391.1801043,0.0020759105682373047
144533,normal,588,0,1782360391.182076,0.001971721649169922
144534,normal,3134,1,1782360391.1840425,0.0019664764404296875
144535,normal,3449,0,1782360391.1860785,0.0020360946655273438
144536,normal,2975,0,1782360391.1881201,0.0020415782928466797
144537,normal,2098,0,1782360391.1900306,0.0019104480743408203
144538,normal,2603,0,1782360391.1921048,0.0020742416381835938
144539,normal,3240,1,1782360391.1940773,0.0019724369049072266
144540,normal,154,0,1782360391.1960418,0.001964569091796875
144541,normal,3556,0,1782360391.1980786,0.0020368099212646484
144542,normal,1942,0,1782360391.2001154,0.0020368099212646484
144543,normal,603,0,1782360391.2020304,0.00191497802734375
144544,normal,70,0,1782360391.2041006,0.002070188522338867
144545,normal,1443,0,1782360391.2060792,0.001978635787963867
144546,normal,3008,0,1782360391.2080383,0.001959085464477539
144547,normal,2087,0,1782360391.2100782,0.0020399093627929688
144548,normal,1147,0,1782360391.2120907,0.002012491226196289
144549,normal,2927,0,1782360391.214034,0.001943349838256836
144550,normal,183,0,1782360391.216106,0.002071857452392578
144551,normal,2345,0,1782360391.2180762,0.0019702911376953125
144552,normal,3021,0,1782360391.2200396,0.001963376998901367
144553,normal,1357,1,1782360391.222105,0.002065420150756836
144554,normal,1008,2,1782360391.2240791,0.0019741058349609375
144555,normal,2033,0,1782360391.2260382,0.001959085464477539
144556,normal,1182,0,1782360391.2280786,0.002040386199951172
144557,normal,1309,0,1782360391.230111,0.0020322799682617188
144558,normal,1619,0,1782360391.232026,0.0019152164459228516
144559,normal,541,0,1782360391.2341104,0.0020842552185058594
144560,normal,1039,0,1782360391.2360775,0.001967191696166992
144561,normal,2998,0,1782360391.2380407,0.0019631385803222656
144562,normal,2561,0,1782360391.2400846,0.0020439624786376953
144563,normal,1240,0,1782360391.2420914,0.0020067691802978516
144564,normal,687,0,1782360391.2440264,0.0019350051879882812
144565,normal,947,2,1782360391.2461052,0.0020787715911865234
144566,normal,3624,0,1782360391.2480764,0.0019712448120117188
144567,normal,524,0,1782360391.2500386,0.0019621849060058594
144568,normal,3438,0,1782360391.252079,0.002040386199951172
144569,normal,197,0,1782360391.254121,0.002042055130004883
144570,normal,710,0,1782360391.2560298,0.0019087791442871094
144571,normal,3464,0,1782360391.2581043,0.0020744800567626953
144572,normal,1515,0,1782360391.2600741,0.0019698143005371094
144573,normal,932,2,1782360391.2620385,0.0019643306732177734
144574,normal,2428,0,1782360391.264208,0.0021696090698242188
144575,normal,1461,0,1782360391.266091,0.0018830299377441406
144576,normal,2430,0,1782360391.2680266,0.0019354820251464844
144577,normal,759,0,1782360391.2701025,0.0020759105682373047
144578,normal,1916,0,1782360391.2721102,0.002007722854614258
144579,normal,634,0,1782360391.2740576,0.0019474029541015625
144580,normal,369,0,1782360391.2760775,0.0020198822021484375
144581,normal,2264,0,1782360391.2780895,0.002012014389038086
144582,normal,584,0,1782360391.2800295,0.001940011978149414
144583,normal,1215,0,1782360391.2821043,0.002074718475341797
144584,normal,1557,0,1782360391.2841132,0.0020089149475097656
144585,normal,1469,0,1782360391.2860382,0.0019249916076660156
144586,normal,3340,1,1782360391.288078,0.0020399093627929688
144587,normal,2944,0,1782360391.2901022,0.0020241737365722656
144588,normal,3559,0,1782360391.292032,0.0019297599792480469
144589,normal,1251,0,1782360391.294095,0.0020630359649658203
144590,normal,2488,0,1782360391.2960844,0.0019893646240234375
144591,normal,2096,0,1782360391.298027,0.0019426345825195312
144592,normal,781,2,1782360391.3001027,0.002075672149658203
144593,normal,794,2,1782360391.302089,0.001986265182495117
144594,normal,2848,0,1782360391.3040264,0.0019373893737792969
144595,normal,2150,0,1782360391.3061035,0.0020771026611328125
144596,normal,429,0,1782360391.308116,0.002012491226196289
144597,normal,78,0,1782360391.310038,0.0019221305847167969
144598,normal,695,0,1782360391.31208,0.0020418167114257812
144599,normal,1648,0,1782360391.3140936,0.002013683319091797
144600,normal,1687,0,1782360391.316028,0.0019345283508300781
144601,normal,1009,2,1782360391.318106,0.002077817916870117
144602,normal,232,0,1782360391.320115,0.002009153366088867
144603,normal,1460,0,1782360391.3220348,0.0019197463989257812
144604,normal,1118,0,1782360391.3240857,0.0020508766174316406
144605,normal,3673,0,1782360391.3261144,0.0020287036895751953
144606,normal,2437,0,1782360391.3280299,0.0019154548645019531
144607,normal,3128,1,1782360391.330112,0.0020821094512939453
144608,normal,1305,0,1782360391.3321264,0.0020143985748291016
144609,normal,2908,0,1782360391.334038,0.0019116401672363281
144610,normal,731,0,1782360391.3360786,0.0020406246185302734
144611,normal,3166,1,1782360391.3380897,0.0020110607147216797
144612,normal,3271,1,1782360391.3400297,0.001940011978149414
144613,normal,2963,0,1782360391.342104,0.0020742416381835938
144614,normal,1197,0,1782360391.3441153,0.0020112991333007812
144615,normal,1663,0,1782360391.3460357,0.001920461654663086
144616,normal,1869,0,1782360391.3480783,0.002042531967163086
144617,normal,1068,0,1782360391.3500872,0.0020089149475097656
144618,normal,373,0,1782360391.352162,0.002074718475341797
144619,normal,804,2,1782360391.3542435,0.002081632614135742
144620,normal,1035,0,1782360391.3563888,0.0021452903747558594
144621,normal,1604,0,1782360391.3581245,0.001735687255859375
144622,normal,2262,0,1782360391.3604162,0.0022916793823242188
144623,normal,1791,0,1782360391.3622534,0.0018372535705566406
144624,normal,1124,0,1782360391.364294,0.0020406246185302734
144625,normal,636,0,1782360391.3661737,0.0018796920776367188
144626,normal,1218,0,1782360391.368384,0.0022101402282714844
144627,normal,3667,0,1782360391.3701816,0.0017976760864257812
144628,normal,3598,0,1782360391.3723948,0.0022132396697998047
144629,normal,1505,0,1782360391.3742561,0.0018613338470458984
144630,normal,26,0,1782360391.376312,0.0020558834075927734
144631,normal,1995,0,1782360391.378188,0.0018758773803710938
144632,normal,1058,0,1782360391.3803806,0.0021927356719970703
144633,normal,1252,0,1782360391.382157,0.0017764568328857422
144634,normal,1022,2,1782360391.384318,0.0021610260009765625
144635,normal,516,0,1782360391.386374,0.0020558834075927734
144636,normal,792,2,1782360391.3881662,0.0017921924591064453
144637,normal,2291,0,1782360391.3902917,0.0021255016326904297
144638,normal,1417,0,1782360391.3923793,0.0020875930786132812
144639,normal,3036,0,1782360391.394187,0.0018076896667480469
144640,normal,336,0,1782360391.3963144,0.002127408981323242
144641,normal,1571,0,1782360391.3983705,0.002056121826171875
144642,normal,752,0,1782360391.4001515,0.0017809867858886719
144643,normal,1625,0,1782360391.4023342,0.0021827220916748047
144644,normal,3177,1,1782360391.4045694,0.0022351741790771484
144645,normal,2173,0,1782360391.4068105,0.0022411346435546875
144646,normal,610,0,1782360391.4089155,0.0021049976348876953
144647,normal,200,0,1782360391.410742,0.0018265247344970703
144648,normal,325,0,1782360391.4124856,0.0017435550689697266
144649,normal,2124,0,1782360391.4144812,0.001995563507080078
144650,normal,696,0,1782360391.4163525,0.001871347427368164
144651,normal,1512,0,1782360391.4184089,0.0020563602447509766
144652,normal,1849,0,1782360391.4204776,0.002068758010864258
144653,normal,3565,0,1782360391.4223487,0.0018711090087890625
144654,normal,1983,0,1782360391.424339,0.0019903182983398438
144655,normal,56,0,1782360391.4264824,0.002143383026123047
144656,normal,1050,0,1782360391.4283662,0.0018837451934814453
144657,normal,1834,0,1782360391.4305592,0.002192974090576172
144658,normal,1845,0,1782360391.432476,0.0019168853759765625
144659,normal,852,2,1782360391.434336,0.001859903335571289
144660,normal,3606,0,1782360391.4363916,0.002055644989013672
144661,normal,2788,0,1782360391.438483,0.0020914077758789062
144662,normal,3212,1,1782360391.4402163,0.0017333030700683594
144663,normal,3677,0,1782360391.4428358,0.002619504928588867
144664,normal,1926,0,1782360391.4447322,0.0018963813781738281
144665,normal,727,0,1782360391.446468,0.0017359256744384766
144666,normal,138,0,1782360391.4483402,0.0018720626831054688
144667,normal,744,0,1782360391.4504435,0.0021033287048339844
144668,normal,2112,0,1782360391.452482,0.0020384788513183594
144669,normal,2518,0,1782360391.454299,0.0018169879913330078
144670,normal,825,2,1782360391.4564035,0.002104520797729492
144671,normal,529,0,1782360391.4582984,0.0018949508666992188
144672,normal,1430,0,1782360391.460289,0.0019905567169189453
144673,normal,2757,0,1782360391.4628084,0.002519369125366211
144674,normal,1881,0,1782360391.4646516,0.0018432140350341797
144675,normal,16,0,1782360391.4666865,0.002034902572631836
144676,normal,1913,0,1782360391.4686387,0.0019521713256835938
144677,normal,1186,0,1782360391.470707,0.0020682811737060547
144678,normal,2599,0,1782360391.4724057,0.0016987323760986328
144679,normal,846,2,1782360391.4743898,0.001984119415283203
144680,normal,1570,0,1782360391.4764595,0.002069711685180664
144681,normal,1426,0,1782360391.4783096,0.001850128173828125
144682,normal,3358,1,1782360391.4804418,0.0021321773529052734
144683,normal,2041,0,1782360391.4823678,0.0019259452819824219
144684,normal,3387,1,1782360391.4843001,0.001932382583618164
144685,normal,3672,0,1782360391.486778,0.002477884292602539
144686,normal,2316,0,1782360391.488624,0.0018460750579833984
144687,normal,185,0,1782360391.4907389,0.0021147727966308594
144688,normal,1063,0,1782360391.4931269,0.00238800048828125
144689,normal,184,0,1782360391.4953203,0.002193450927734375
144690,normal,303,0,1782360391.496155,0.0008347034454345703
144691,normal,2680,0,1782360391.4982934,0.002138376235961914
144692,normal,161,0,1782360391.5002875,0.0019941329956054688
144693,normal,3477,0,1782360391.502288,0.002000570297241211
144694,normal,3113,1,1782360391.5047872,0.002499103546142578
144695,normal,3682,0,1782360391.5065742,0.001786947250366211
144696,normal,2082,0,1782360391.5082808,0.0017066001892089844
144697,normal,762,0,1782360391.5100508,0.00177001953125
144698,normal,2594,0,1782360391.5125837,0.002532958984375
144699,normal,517,0,1782360391.514753,0.002169370651245117
144700,normal,261,0,1782360391.5160878,0.0013346672058105469
144701,normal,3384,1,1782360391.5183408,0.0022530555725097656
144702,normal,2976,0,1782360391.5201168,0.001775979995727539
144703,normal,3408,0,1782360391.522453,0.002336263656616211
144704,normal,3077,1,1782360391.52424,0.001786947250366211
144705,normal,768,0,1782360391.5263557,0.0021157264709472656
144706,normal,3393,1,1782360391.5282717,0.0019159317016601562
144707,normal,2147,0,1782360391.5306828,0.0024111270904541016
144708,normal,957,2,1782360391.5320888,0.001405954360961914
144709,normal,1784,0,1782360391.5344028,0.0023140907287597656
144710,normal,1481,0,1782360391.5362751,0.0018723011016845703
144711,normal,3511,0,1782360391.5381222,0.0018470287322998047
144712,normal,3187,1,1782360391.5403595,0.0022373199462890625
144713,normal,2252,0,1782360391.5422645,0.0019049644470214844
144714,normal,2910,0,1782360391.544109,0.001844644546508789
144715,normal,924,2,1782360391.5462773,0.0021681785583496094
144716,normal,2588,0,1782360391.5482407,0.001963376998901367
144717,normal,2640,0,1782360391.5501013,0.0018606185913085938
144718,normal,1112,0,1782360391.552276,0.0021746158599853516
144719,normal,2795,0,1782360391.5542436,0.0019676685333251953
144720,normal,2862,0,1782360391.5561016,0.0018579959869384766
144721,normal,3581,0,1782360391.5583022,0.002200603485107422
144722,normal,2468,0,1782360391.560238,0.001935720443725586
144723,normal,2091,0,1782360391.5621176,0.0018796920776367188
144724,normal,431,0,1782360391.5643008,0.002183198928833008
144725,normal,1407,0,1782360391.5662565,0.001955747604370117
144726,normal,775,2,1782360391.5680974,0.001840829849243164
144727,normal,3258,1,1782360391.5703044,0.002207040786743164
144728,normal,2454,0,1782360391.5722566,0.0019521713256835938
144729,normal,42,0,1782360391.5741115,0.0018548965454101562
144730,normal,1401,0,1782360391.576321,0.0022094249725341797
144731,normal,2579,0,1782360391.5782423,0.0019214153289794922
144732,normal,1558,0,1782360391.5801115,0.00186920166015625
144733,normal,2412,0,1782360391.5822704,0.0021588802337646484
144734,normal,69,0,1782360391.5842457,0.0019752979278564453
144735,normal,1250,0,1782360391.5860782,0.0018324851989746094
144736,normal,2460,0,1782360391.589034,0.002955913543701172
144737,normal,1078,0,1782360391.5902038,0.0011696815490722656
144738,normal,2624,0,1782360391.592404,0.0022001266479492188
144739,normal,93,0,1782360391.5942347,0.0018308162689208984
144740,normal,2371,0,1782360391.596234,0.001999378204345703
144741,normal,705,0,1782360391.598116,0.0018818378448486328
144742,normal,1948,0,1782360391.6002662,0.002150297164916992
144743,normal,1962,0,1782360391.602117,0.0018508434295654297
144744,normal,720,0,1782360391.6041217,0.0020046234130859375
144745,normal,2288,0,1782360391.6062589,0.0021371841430664062
144746,normal,1568,0,1782360391.6081467,0.0018877983093261719
144747,normal,1693,0,1782360391.6101167,0.001970052719116211
144748,normal,270,0,1782360391.6122637,0.0021469593048095703
144749,normal,3703,0,1782360391.6141427,0.001878976821899414
144750,normal,340,0,1782360391.616118,0.0019752979278564453
144751,normal,3501,0,1782360391.6182687,0.0021507740020751953
144752,normal,408,0,1782360391.6201477,0.001878976821899414
144753,normal,1736,0,1782360391.622086,0.0019383430480957031
144754,normal,3429,0,1782360391.6242445,0.0021584033966064453
144755,normal,3381,1,1782360391.6261384,0.0018939971923828125
144756,normal,2097,0,1782360391.6280768,0.0019383430480957031
144757,normal,0,0,1782360391.630242,0.0021653175354003906
144758,normal,2456,0,1782360391.6322486,0.00200653076171875
144759,normal,1203,0,1782360391.634112,0.001863241195678711
144760,normal,3119,1,1782360391.6360898,0.0019779205322265625
144761,normal,3275,1,1782360391.638182,0.002092123031616211
144762,normal,3663,0,1782360391.6401155,0.0019335746765136719
144763,normal,315,0,1782360391.642338,0.0022225379943847656
144764,normal,3020,0,1782360391.644247,0.001909017562866211
144765,normal,3204,1,1782360391.6460931,0.0018460750579833984
144766,normal,1616,0,1782360391.6482892,0.002196073532104492
144767,normal,2803,0,1782360391.6502354,0.0019462108612060547
144768,normal,102,0,1782360391.6521175,0.0018820762634277344
144769,normal,2012,0,1782360391.6542337,0.0021162033081054688
144770,normal,2470,0,1782360391.6562314,0.001997709274291992
144771,normal,2673,0,1782360391.658081,0.0018496513366699219
144772,normal,346,0,1782360391.6602628,0.0021817684173583984
144773,normal,1465,0,1782360391.6622565,0.0019936561584472656
144774,normal,1579,0,1782360391.6641128,0.0018563270568847656
144775,normal,3435,0,1782360391.666288,0.0021750926971435547
144776,normal,2664,0,1782360391.668294,0.002006053924560547
144777,normal,1896,0,1782360391.6700647,0.0017707347869873047
144778,normal,2737,0,1782360391.6722965,0.0022318363189697266
144779,normal,875,2,1782360391.6742337,0.0019371509552001953
144780,normal,491,0,1782360391.6761136,0.0018799304962158203
144781,normal,2906,0,1782360391.678296,0.002182483673095703
144782,normal,62,0,1782360391.6802392,0.0019431114196777344
144783,normal,2883,0,1782360391.6821172,0.0018780231475830078
144784,normal,2644,0,1782360391.6842933,0.002176046371459961
144785,normal,3540,0,1782360391.6862671,0.001973867416381836
144786,normal,2298,0,1782360391.6881096,0.001842498779296875
144787,normal,1602,0,1782360391.6902936,0.0021839141845703125
144788,normal,1895,0,1782360391.6922357,0.0019421577453613281
144789,normal,39,0,1782360391.6940882,0.0018525123596191406
144790,normal,2438,0,1782360391.6962993,0.0022110939025878906
144791,normal,119,0,1782360391.6982362,0.0019369125366210938
144792,normal,2816,0,1782360391.700111,0.001874685287475586
144793,normal,1521,0,1782360391.7022688,0.002157926559448242
144794,normal,1351,1,1782360391.7042427,0.001973867416381836
144795,normal,1676,0,1782360391.7061136,0.001870870590209961
144796,normal,2145,0,1782360391.7082965,0.0021829605102539062
144797,normal,1840,0,1782360391.71024,0.001943349838256836
144798,normal,3610,0,1782360391.7121131,0.0018732547760009766
144799,normal,1985,0,1782360391.7142959,0.0021827220916748047
144800,normal,1174,0,1782360391.7162359,0.001940011978149414
144801,normal,2824,0,1782360391.7180595,0.0018236637115478516
144802,normal,2048,0,1782360391.720294,0.0022344589233398438
144803,normal,713,0,1782360391.72224,0.0019459724426269531
144804,normal,2429,0,1782360391.7240775,0.0018374919891357422
144805,normal,1455,0,1782360391.7262745,0.0021970272064208984
144806,normal,645,0,1782360391.7282357,0.001961231231689453
144807,normal,370,0,1782360391.730097,0.0018613338470458984
144808,normal,557,0,1782360391.7322712,0.0021741390228271484
144809,normal,1093,0,1782360391.7342713,0.002000093460083008
144810,normal,2304,0,1782360391.736112,0.001840829849243164
144811,normal,980,2,1782360391.7382956,0.0021834373474121094
144812,normal,1554,0,1782360391.7402303,0.0019347667694091797
144813,normal,3346,1,1782360391.742085,0.0018546581268310547
144814,normal,4,0,1782360391.7442715,0.0021865367889404297
144815,normal,2309,0,1782360391.7462232,0.0019516944885253906
144816,normal,772,2,1782360391.7481108,0.0018875598907470703
144817,normal,956,2,1782360391.7502468,0.0021359920501708984
144818,normal,153,0,1782360391.7522345,0.0019876956939697266
144819,normal,2583,0,1782360391.7540956,0.0018610954284667969
144820,normal,2368,0,1782360391.7562718,0.0021762847900390625
144821,normal,929,2,1782360391.758241,0.0019690990447998047
144822,normal,2260,0,1782360391.7601063,0.001865386962890625
144823,normal,685,0,1782360391.762271,0.002164602279663086
144824,normal,3162,1,1782360391.7642193,0.0019483566284179688
144825,normal,3157,1,1782360391.7661073,0.0018880367279052734
144826,normal,2026,0,1782360391.7682965,0.002189159393310547
144827,normal,1248,0,1782360391.7702336,0.0019371509552001953
144828,normal,3376,1,1782360391.772095,0.0018613338470458984
144829,normal,1723,0,1782360391.7742655,0.002170562744140625
144830,normal,3637,0,1782360391.7762184,0.0019528865814208984
144831,normal,1472,0,1782360391.7780943,0.0018758773803710938
144832,normal,448,0,1782360391.7802706,0.0021762847900390625
144833,normal,2609,0,1782360391.7822323,0.0019617080688476562
144834,normal,229,0,1782360391.7840974,0.0018651485443115234
144835,normal,968,2,1782360391.7862713,0.002173900604248047
144836,normal,2568,0,1782360391.788228,0.0019567012786865234
144837,normal,1973,0,1782360391.79011,0.0018820762634277344
144838,normal,3590,0,1782360391.7923121,0.0022020339965820312
144839,normal,1656,0,1782360391.7942433,0.0019311904907226562
144840,normal,1074,0,1782360391.7961068,0.0018634796142578125
144841,normal,3561,0,1782360391.7982712,0.0021643638610839844
144842,normal,2670,0,1782360391.8002398,0.0019686222076416016
144843,normal,3136,1,1782360391.8020866,0.0018467903137207031
144844,normal,3362,1,1782360391.8042805,0.002193927764892578
144845,normal,2085,0,1782360391.806235,0.0019545555114746094
144846,normal,1665,0,1782360391.808111,0.0018758773803710938
144847,normal,1233,0,1782360391.8102903,0.002179384231567383
144848,normal,1259,0,1782360391.8122158,0.0019254684448242188
144849,normal,3422,0,1782360391.8140974,0.0018815994262695312
144850,normal,1957,0,1782360391.8162699,0.0021724700927734375
144851,normal,213,0,1782360391.818232,0.0019621849060058594
144852,normal,50,0,1782360391.8201034,0.001871347427368164
144853,normal,3308,1,1782360391.8222601,0.0021567344665527344
144854,normal,578,0,1782360391.8242447,0.0019845962524414062
144855,normal,2073,0,1782360391.8261058,0.0018610954284667969
144856,normal,1937,0,1782360391.8282952,0.0021893978118896484
144857,normal,3698,0,1782360391.8302152,0.0019199848175048828
144858,normal,1175,0,1782360391.832096,0.0018808841705322266
144859,normal,1710,0,1782360391.834277,0.002180814743041992
144860,normal,969,2,1782360391.8362153,0.0019383430480957031
144861,normal,984,2,1782360391.8381026,0.0018873214721679688
144862,normal,1154,0,1782360391.8402758,0.002173185348510742
144863,normal,3342,1,1782360391.8422384,0.0019626617431640625
144864,normal,2487,0,1782360391.8441122,0.0018737316131591797
144865,normal,3269,1,1782360391.846273,0.002160787582397461
144866,normal,2177,0,1782360391.8482163,0.001943349838256836
144867,normal,2059,0,1782360391.8500764,0.0018601417541503906
144868,normal,335,0,1782360391.8522773,0.0022008419036865234
144869,normal,550,0,1782360391.854247,0.0019698143005371094
144870,normal,85,0,1782360391.8561044,0.0018572807312011719
144871,normal,176,0,1782360391.8583605,0.002256155014038086
144872,normal,1682,0,1782360391.860329,0.0019683837890625
144873,normal,2230,0,1782360391.862145,0.0018160343170166016
144874,normal,2466,0,1782360391.8643668,0.002221822738647461
144875,normal,1141,0,1782360391.866341,0.001974344253540039
144876,normal,2582,0,1782360391.868105,0.0017638206481933594
144877,normal,3225,1,1782360391.8703735,0.002268552780151367
144878,normal,1586,0,1782360391.8723783,0.002004861831665039
144879,normal,166,0,1782360391.8741422,0.0017638206481933594
144880,normal,3484,0,1782360391.8763738,0.002231597900390625
144881,normal,1311,0,1782360391.8783445,0.0019707679748535156
144882,normal,1171,0,1782360391.880142,0.0017974376678466797
144883,normal,1365,1,1782360391.8823724,0.002230405807495117
144884,normal,1184,0,1782360391.8843355,0.0019631385803222656
144885,normal,782,2,1782360391.8861408,0.0018053054809570312
144886,normal,2161,0,1782360391.8883789,0.002238035202026367
144887,normal,3382,1,1782360391.8908384,0.0024595260620117188
144888,normal,236,0,1782360391.892156,0.0013175010681152344
144889,normal,3210,1,1782360391.8941529,0.0019969940185546875
144890,normal,3570,0,1782360391.8963993,0.002246379852294922
144891,normal,1048,0,1782360391.8981483,0.0017490386962890625
144892,normal,3375,1,1782360391.9003763,0.0022280216217041016
144893,normal,939,2,1782360391.902235,0.0018587112426757812
144894,normal,1239,0,1782360391.9041457,0.0019106864929199219
144895,normal,1874,0,1782360391.9063888,0.0022430419921875
144896,normal,3626,0,1782360391.9083247,0.0019359588623046875
144897,normal,2513,0,1782360391.9101093,0.0017845630645751953
144898,normal,2999,0,1782360391.9122827,0.0021734237670898438
144899,normal,33,0,1782360391.9142766,0.001993894577026367
144900,normal,2257,0,1782360391.9160986,0.0018219947814941406
144901,normal,3617,0,1782360391.9182725,0.002173900604248047
144902,normal,3448,0,1782360391.920231,0.001958608627319336
144903,normal,412,0,1782360391.9221232,0.00189208984375
144904,normal,3277,1,1782360391.9240863,0.0019631385803222656
144905,normal,1920,0,1782360391.9261792,0.0020928382873535156
144906,normal,3109,1,1782360391.928037,0.001857757568359375
144907,normal,3243,1,1782360391.9301186,0.002081632614135742
144908,normal,1538,0,1782360391.9320576,0.0019390583038330078
144909,normal,2722,0,1782360391.9340513,0.0019936561584472656
144910,normal,402,0,1782360391.936153,0.0021016597747802734
144911,normal,3678,0,1782360391.9381173,0.0019643306732177734
144912,normal,2328,0,1782360391.9400933,0.00197601318359375
144913,normal,2503,0,1782360391.9420288,0.0019354820251464844
144914,normal,3527,0,1782360391.9441707,0.0021419525146484375
144915,normal,3114,1,1782360391.9460988,0.001928091049194336
144916,normal,3041,0,1782360391.9480886,0.0019898414611816406
144917,normal,2330,0,1782360391.9500313,0.0019426345825195312
144918,normal,2457,0,1782360391.9519997,0.0019683837890625
144919,normal,2843,0,1782360391.9541247,0.0021250247955322266
144920,normal,756,0,1782360391.956085,0.001960277557373047
144921,normal,1278,0,1782360391.957999,0.0019140243530273438
144922,normal,357,0,1782360391.9600282,0.0020291805267333984
144923,normal,1211,0,1782360391.9620214,0.0019931793212890625
144924,normal,2129,0,1782360391.9639928,0.0019714832305908203
144925,normal,1055,0,1782360391.9660773,0.002084493637084961
144926,normal,736,0,1782360391.9680426,0.0019652843475341797
144927,normal,2321,0,1782360391.970007,0.0019643306732177734
144928,normal,1921,0,1782360391.9720821,0.0020751953125
144929,normal,3607,0,1782360391.9741035,0.002021312713623047
144930,normal,1944,0,1782360391.975993,0.0018894672393798828
144931,normal,2448,0,1782360391.978084,0.0020911693572998047
144932,normal,1785,0,1782360391.9800787,0.001994609832763672
144933,normal,214,0,1782360391.9819944,0.0019156932830810547
144934,normal,1808,0,1782360391.984186,0.0021915435791015625
144935,normal,1485,0,1782360391.98615,0.001964092254638672
144936,normal,2285,0,1782360391.988095,0.0019450187683105469
144937,normal,1145,0,1782360391.9901228,0.002027750015258789
144938,normal,400,0,1782360391.9921932,0.0020704269409179688
144939,normal,2759,0,1782360391.993986,0.0017926692962646484
144940,normal,2948,0,1782360391.9960537,0.0020678043365478516
144941,normal,2928,0,1782360391.9980242,0.001970529556274414
144942,normal,903,2,1782360392.0000627,0.0020384788513183594
144943,normal,3097,1,1782360392.002016,0.0019533634185791016
144944,normal,795,2,1782360392.0040088,0.0019927024841308594
144945,normal,890,2,1782360392.0060062,0.0019974708557128906
144946,normal,3518,0,1782360392.0081377,0.0021314620971679688
144947,normal,2721,0,1782360392.0100472,0.001909494400024414
144948,normal,2745,0,1782360392.0121047,0.0020575523376464844
144949,normal,614,0,1782360392.0140042,0.0018994808197021484
144950,normal,3319,1,1782360392.0160594,0.0020551681518554688
144951,normal,3470,0,1782360392.017978,0.0019185543060302734
144952,normal,1976,0,1782360392.0199955,0.002017498016357422
144953,normal,1835,0,1782360392.0220652,0.002069711685180664
144954,normal,1541,0,1782360392.023995,0.0019297599792480469
144955,normal,2254,0,1782360392.0259929,0.0019979476928710938
144956,normal,946,2,1782360392.0280683,0.0020754337310791016
144957,normal,2626,0,1782360392.0299923,0.0019240379333496094
144958,normal,1264,0,1782360392.0321784,0.0021860599517822266
144959,normal,409,0,1782360392.0341718,0.001993417739868164
144960,normal,1599,0,1782360392.0360162,0.0018444061279296875
144961,normal,2450,0,1782360392.038105,0.002088785171508789
144962,normal,3508,0,1782360392.0401578,0.002052783966064453
144963,normal,474,0,1782360392.0419989,0.0018410682678222656
144964,normal,3182,1,1782360392.04416,0.0021610260009765625
144965,normal,2638,0,1782360392.046258,0.00209808349609375
144966,normal,2541,0,1782360392.0480165,0.001758575439453125
144967,normal,91,0,1782360392.0501568,0.0021402835845947266
144968,normal,2261,0,1782360392.0521078,0.001950979232788086
144969,normal,507,0,1782360392.0541708,0.0020630359649658203
144970,normal,2938,0,1782360392.0560918,0.001920938491821289
144971,normal,3432,0,1782360392.0581632,0.002071380615234375
144972,normal,2432,0,1782360392.059996,0.001832723617553711
144973,normal,769,0,1782360392.0621195,0.002123594284057617
144974,normal,2122,0,1782360392.0640154,0.001895904541015625
144975,normal,1624,0,1782360392.0661142,0.0020987987518310547
144976,normal,994,2,1782360392.068008,0.001893758773803711
144977,normal,1334,1,1782360392.0700493,0.002041339874267578
144978,normal,2748,0,1782360392.0720813,0.002032041549682617
144979,normal,1606,0,1782360392.0740175,0.001936197280883789
144980,normal,3708,0,1782360392.0760586,0.0020411014556884766
144981,normal,2350,0,1782360392.0780063,0.001947641372680664
144982,normal,2512,0,1782360392.0799873,0.001981019973754883
144983,normal,581,0,1782360392.0820012,0.0020139217376708984
144984,normal,1932,0,1782360392.0839977,0.0019965171813964844
144985,normal,3056,1,1782360392.0860372,0.0020394325256347656
144986,normal,1181,0,1782360392.0880263,0.001989126205444336
144987,normal,1759,0,1782360392.0900016,0.0019752979278564453
144988,normal,2339,0,1782360392.0919929,0.00199127197265625
144989,normal,1399,0,1782360392.0939934,0.002000570297241211
144990,normal,1321,1,1782360392.0959997,0.0020062923431396484
144991,normal,2369,0,1782360392.0979927,0.001992940902709961
144992,normal,1999,0,1782360392.0999942,0.002001523971557617
144993,normal,766,0,1782360392.10199,0.0019958019256591797
144994,normal,1930,0,1782360392.1040776,0.0020875930786132812
144995,normal,1582,0,1782360392.106032,0.001954317092895508
144996,normal,3653,0,1782360392.1080625,0.002030611038208008
144997,normal,2224,0,1782360392.1100988,0.0020363330841064453
144998,normal,19,0,1782360392.1120124,0.0019135475158691406
144999,normal,1422,0,1782360392.114063,0.002050638198852539
145000,normal,912,2,1782360392.1160493,0.001986265182495117
145001,normal,3604,0,1782360392.1180258,0.001976490020751953
145002,normal,1165,0,1782360392.1200273,0.002001523971557617
145003,normal,1343,1,1782360392.1220474,0.002020120620727539
145004,normal,2556,0,1782360392.1239939,0.0019464492797851562
145005,normal,1221,0,1782360392.126055,0.002061128616333008
145006,normal,978,2,1782360392.1280568,0.0020017623901367188
145007,normal,3697,0,1782360392.1300633,0.00200653076171875
145008,normal,1027,2,1782360392.13213,0.0020666122436523438
145009,normal,686,0,1782360392.134123,0.0019931793212890625
145010,normal,2442,0,1782360392.136241,0.0021178722381591797
145011,normal,3272,1,1782360392.1382725,0.002031564712524414
145012,normal,1775,0,1782360392.1401854,0.001912832260131836
145013,normal,2500,0,1782360392.1424103,0.0022249221801757812
145014,normal,1160,0,1782360392.1441438,0.001733541488647461
145015,normal,3156,1,1782360392.1463797,0.002235889434814453
145016,normal,549,0,1782360392.1482801,0.0019004344940185547
145017,normal,2832,0,1782360392.1501267,0.0018465518951416016
145018,normal,2014,0,1782360392.1524398,0.0023131370544433594
145019,normal,3635,0,1782360392.154878,0.002438068389892578
145020,normal,2839,0,1782360392.1562521,0.0013742446899414062
145021,normal,967,2,1782360392.1583064,0.0020542144775390625
145022,normal,1453,0,1782360392.1604278,0.002121448516845703
145023,normal,1345,1,1782360392.1621244,0.0016965866088867188
145024,normal,836,2,1782360392.1644194,0.0022950172424316406
145025,normal,2790,0,1782360392.1662347,0.0018153190612792969
145026,normal,1914,0,1782360392.1683135,0.0020787715911865234
145027,normal,399,0,1782360392.1702533,0.0019397735595703125
145028,normal,3452,0,1782360392.1723802,0.002126932144165039
145029,normal,1200,0,1782360392.17412,0.0017397403717041016
145030,normal,364,0,1782360392.1763961,0.002276182174682617
145031,normal,2069,0,1782360392.1782227,0.0018265247344970703
145032,normal,2765,0,1782360392.1803112,0.0020885467529296875
145033,normal,3,0,1782360392.1822538,0.0019426345825195312
145034,normal,547,0,1782360392.184375,0.0021212100982666016
145035,normal,3646,0,1782360392.1861343,0.0017592906951904297
145036,normal,2461,0,1782360392.18843,0.0022957324981689453
145037,normal,864,2,1782360392.1914427,0.0030126571655273438
145038,normal,40,0,1782360392.1922882,0.0008454322814941406
145039,normal,3629,0,1782360392.1944447,0.002156496047973633
145040,normal,341,0,1782360392.1962795,0.001834869384765625
145041,normal,1479,0,1782360392.1982718,0.0019922256469726562
145042,normal,873,2,1782360392.200307,0.0020351409912109375
145043,normal,3192,1,1782360392.2024307,0.0021238327026367188
145044,normal,235,0,1782360392.2041807,0.0017499923706054688
145045,normal,591,0,1782360392.2064104,0.0022296905517578125
145046,normal,3471,0,1782360392.2082152,0.0018048286437988281
145047,normal,1132,0,1782360392.210262,0.002046823501586914
145048,normal,3172,1,1782360392.2123742,0.002112150192260742
145049,normal,1580,0,1782360392.2144117,0.002037525177001953
145050,normal,2375,0,1782360392.2165582,0.002146482467651367
145051,normal,3050,1,1782360392.2184381,0.0018799304962158203
145052,normal,2385,0,1782360392.2204244,0.001986265182495117
145053,normal,3397,1,1782360392.2224479,0.002023458480834961
145054,normal,2025,0,1782360392.22445,0.002002239227294922
145055,normal,3350,1,1782360392.2262886,0.0018384456634521484
145056,normal,770,0,1782360392.22829,0.002001523971557617
145057,normal,1566,0,1782360392.2306013,0.002311229705810547
145058,normal,2420,0,1782360392.232281,0.0016796588897705078
145059,normal,1042,0,1782360392.234459,0.0021779537200927734
145060,normal,2571,0,1782360392.236457,0.0019981861114501953
145061,normal,8,0,1782360392.2383728,0.0019156932830810547
145062,normal,1776,0,1782360392.240332,0.001959085464477539
145063,normal,1637,0,1782360392.2424636,0.0021317005157470703
145064,normal,253,0,1782360392.2443655,0.001901865005493164
145065,normal,3274,1,1782360392.2467554,0.0023899078369140625
145066,normal,112,0,1782360392.2490437,0.002288341522216797
145067,normal,2573,0,1782360392.2508373,0.0017936229705810547
145068,normal,2140,0,1782360392.2527804,0.0019431114196777344
145069,normal,282,0,1782360392.254751,0.001970529556274414
145070,normal,897,2,1782360392.2564707,0.0017197132110595703
145071,normal,43,0,1782360392.2583992,0.001928567886352539
145072,normal,1504,0,1782360392.2605886,0.0021893978118896484
145073,normal,3427,0,1782360392.2624414,0.0018527507781982422
145074,normal,227,0,1782360392.2644129,0.0019714832305908203
145075,normal,771,0,1782360392.2665875,0.0021746158599853516
145076,normal,3584,0,1782360392.268433,0.0018455982208251953
145077,normal,240,0,1782360392.270613,0.002179861068725586
145078,normal,3300,1,1782360392.2724283,0.0018153190612792969
145079,normal,2736,0,1782360392.2744415,0.0020132064819335938
145080,normal,79,0,1782360392.2762628,0.001821279525756836
145081,normal,1371,1,1782360392.2784295,0.002166748046875
145082,normal,3122,1,1782360392.2806497,0.00222015380859375
145083,normal,3495,0,1782360392.2827787,0.002129077911376953
145084,normal,2629,0,1782360392.2846878,0.001909017562866211
145085,normal,1583,0,1782360392.2866373,0.0019495487213134766
145086,normal,2905,0,1782360392.2883885,0.0017511844635009766
145087,normal,1879,0,1782360392.290432,0.002043485641479492
145088,normal,3608,0,1782360392.2923164,0.00188446044921875
145089,normal,3389,1,1782360392.294285,0.0019686222076416016
145090,normal,3175,1,1782360392.2962224,0.0019373893737792969
145091,normal,1384,0,1782360392.2987828,0.0025603771209716797
145092,normal,608,0,1782360392.3006217,0.0018389225006103516
145093,normal,941,2,1782360392.3024838,0.0018620491027832031
145094,normal,290,0,1782360392.3047483,0.0022644996643066406
145095,normal,3299,1,1782360392.3068395,0.0020911693572998047
145096,normal,554,0,1782360392.3088582,0.0020186901092529297
145097,normal,3013,0,1782360392.3108768,0.0020186901092529297
145098,normal,1421,0,1782360392.3135848,0.002707958221435547
145099,normal,987,2,1782360392.314148,0.0005631446838378906
145100,normal,3466,0,1782360392.3162975,0.0021495819091796875
145101,normal,833,2,1782360392.318287,0.0019893646240234375
145102,normal,2320,0,1782360392.320396,0.002109050750732422
145103,normal,515,0,1782360392.3221915,0.0017955303192138672
145104,normal,2637,0,1782360392.324371,0.0021796226501464844
145105,normal,3019,0,1782360392.326373,0.0020020008087158203
145106,normal,3244,1,1782360392.3284223,0.0020492076873779297
145107,normal,1846,0,1782360392.3307903,0.0023679733276367188
145108,normal,2730,0,1782360392.3330858,0.0022954940795898438
145109,normal,82,0,1782360392.3348048,0.0017189979553222656
145110,normal,35,0,1782360392.337349,0.0025441646575927734
145111,normal,205,0,1782360392.3381643,0.0008153915405273438
145112,normal,2980,0,1782360392.340363,0.0021986961364746094
145113,normal,1503,0,1782360392.342418,0.002054929733276367
145114,normal,2557,0,1782360392.3444424,0.002024412155151367
145115,normal,264,0,1782360392.346337,0.0018947124481201172
145116,normal,1483,0,1782360392.34851,0.0021729469299316406
145117,normal,1878,0,1782360392.35008,0.001569986343383789
145118,normal,562,0,1782360392.3520215,0.0019414424896240234
145119,normal,2266,0,1782360392.3541498,0.0021283626556396484
145120,normal,986,2,1782360392.3562644,0.002114534378051758
145121,normal,3343,1,1782360392.3583257,0.0020613670349121094
145122,normal,2424,0,1782360392.3601677,0.0018420219421386719
145123,normal,1017,2,1782360392.362351,0.002183198928833008
145124,normal,1102,0,1782360392.3643491,0.0019981861114501953
145125,normal,3642,0,1782360392.3661323,0.001783132553100586
145126,normal,3171,1,1782360392.3683748,0.002242565155029297
145127,normal,1323,1,1782360392.3702018,0.0018270015716552734
145128,normal,575,0,1782360392.372291,0.002089262008666992
145129,normal,2093,0,1782360392.3741114,0.0018203258514404297
145130,normal,3380,1,1782360392.3762953,0.0021839141845703125
145131,normal,3063,1,1782360392.3781261,0.0018308162689208984
145132,normal,2854,0,1782360392.3803806,0.002254486083984375
145133,normal,691,0,1782360392.3823245,0.001943826675415039
145134,normal,1691,0,1782360392.3842707,0.0019462108612060547
145135,normal,3090,1,1782360392.3861234,0.0018527507781982422
145136,normal,668,0,1782360392.3884158,0.0022923946380615234
145137,normal,2933,0,1782360392.3901246,0.0017087459564208984
145138,normal,2042,0,1782360392.3923943,0.002269744873046875
145139,normal,1325,1,1782360392.394327,0.0019326210021972656
145140,normal,59,0,1782360392.3962579,0.0019309520721435547
145141,normal,3492,0,1782360392.3982835,0.002025604248046875
145142,normal,1729,0,1782360392.4004223,0.002138853073120117
145143,normal,3215,1,1782360392.4021268,0.0017044544219970703
145144,normal,2473,0,1782360392.4043992,0.002272367477416992
145145,normal,3593,0,1782360392.406201,0.0018017292022705078
145146,normal,3173,1,1782360392.4082673,0.002066373825073242
145147,normal,3088,1,1782360392.410298,0.0020308494567871094
145148,normal,202,0,1782360392.412353,0.002054929733276367
145149,normal,356,0,1782360392.4142601,0.0019071102142333984
145150,normal,758,0,1782360392.4163003,0.0020401477813720703
145151,normal,1855,0,1782360392.4183981,0.0020978450775146484
145152,normal,319,0,1782360392.420132,0.0017337799072265625
145153,normal,1024,2,1782360392.4231372,0.0030052661895751953
145154,normal,3451,0,1782360392.4241502,0.001013040542602539
145155,normal,2964,0,1782360392.42631,0.0021598339080810547
145156,normal,623,0,1782360392.4284368,0.0021266937255859375
145157,normal,641,0,1782360392.4303362,0.0018994808197021484
145158,normal,671,0,1782360392.4323688,0.0020325183868408203
145159,normal,160,0,1782360392.4344366,0.0020678043365478516
145160,normal,1178,0,1782360392.4363358,0.0018992424011230469
145161,normal,3096,1,1782360392.4383116,0.0019757747650146484
145162,normal,2182,0,1782360392.4402926,0.001981019973754883
145163,normal,512,0,1782360392.4424565,0.0021638870239257812
145164,normal,285,0,1782360392.4448276,0.002371072769165039
145165,normal,295,0,1782360392.446721,0.0018935203552246094
145166,normal,628,0,1782360392.4485607,0.0018396377563476562
145167,normal,1721,0,1782360392.4506588,0.00209808349609375
145168,normal,1049,0,1782360392.4527314,0.002072572708129883
145169,normal,2074,0,1782360392.4544537,0.0017223358154296875
145170,normal,2139,0,1782360392.4564004,0.0019466876983642578
145171,normal,3634,0,1782360392.4584303,0.002029895782470703
145172,normal,1276,0,1782360392.4603567,0.001926422119140625
145173,normal,2216,0,1782360392.4622982,0.0019414424896240234
145174,normal,1886,0,1782360392.464303,0.002004861831665039
145175,normal,1388,0,1782360392.4666555,0.002352476119995117
145176,normal,2952,0,1782360392.4686828,0.002027273178100586
145177,normal,1506,0,1782360392.4704618,0.0017790794372558594
145178,normal,2170,0,1782360392.4724557,0.001993894577026367
145179,normal,1167,0,1782360392.474227,0.0017712116241455078
145180,normal,1336,1,1782360392.4763968,0.0021698474884033203
145181,normal,2576,0,1782360392.4782703,0.0018734931945800781
145182,normal,3282,1,1782360392.4802828,0.002012491226196289
145183,normal,481,0,1782360392.4822824,0.0019996166229248047
145184,normal,2509,0,1782360392.4843123,0.002029895782470703
145185,normal,1617,0,1782360392.4864585,0.0021462440490722656
145186,normal,2909,0,1782360392.4883745,0.0019159317016601562
145187,normal,896,2,1782360392.490305,0.0019304752349853516
145188,normal,1166,0,1782360392.4923272,0.002022266387939453
145189,normal,3053,1,1782360392.494412,0.0020847320556640625
145190,normal,148,0,1782360392.4963243,0.0019123554229736328
145191,normal,1437,0,1782360392.498292,0.0019676685333251953
145192,normal,3148,1,1782360392.5010376,0.0027456283569335938
145193,normal,2878,0,1782360392.5027673,0.001729726791381836
145194,normal,2939,0,1782360392.504499,0.0017316341400146484
145195,normal,3482,0,1782360392.5064213,0.0019223690032958984
145196,normal,442,0,1782360392.5089,0.0024785995483398438
145197,normal,388,0,1782360392.5108523,0.0019524097442626953
145198,normal,1450,0,1782360392.5130658,0.0022134780883789062
145199,normal,3341,1,1782360392.5146346,0.0015687942504882812
145200,normal,2151,0,1782360392.516301,0.0016663074493408203
145201,normal,1324,1,1782360392.5184083,0.002107381820678711
145202,normal,1088,0,1782360392.520325,0.001916646957397461
145203,normal,2592,0,1782360392.522292,0.0019669532775878906
145204,normal,2301,0,1782360392.5243993,0.002107381820678711
145205,normal,2693,0,1782360392.5263472,0.0019478797912597656
145206,normal,3138,1,1782360392.5282822,0.0019350051879882812
145207,normal,2213,0,1782360392.530725,0.0024428367614746094
145208,normal,2672,0,1782360392.532727,0.0020020008087158203
145209,normal,3278,1,1782360392.5347395,0.002012491226196289
145210,normal,1255,0,1782360392.5367208,0.0019812583923339844
145211,normal,2404,0,1782360392.5387363,0.0020155906677246094
145212,normal,822,2,1782360392.5407195,0.001983165740966797
145213,normal,2622,0,1782360392.5427377,0.0020182132720947266
145214,normal,2227,0,1782360392.544444,0.0017063617706298828
145215,normal,660,0,1782360392.5464232,0.0019791126251220703
145216,normal,1747,0,1782360392.5487633,0.002340078353881836
145217,normal,855,2,1782360392.5501294,0.0013661384582519531
145218,normal,3117,1,1782360392.552592,0.002462625503540039
145219,normal,1890,0,1782360392.5547307,0.0021386146545410156
145220,normal,3250,1,1782360392.5567164,0.001985788345336914
145221,normal,1054,0,1782360392.559386,0.0026695728302001953
145222,normal,1939,0,1782360392.5601306,0.0007445812225341797
145223,normal,2536,0,1782360392.5628066,0.0026760101318359375
145224,normal,1121,0,1782360392.5647025,0.001895904541015625
145225,normal,2833,0,1782360392.5664706,0.0017681121826171875
145226,normal,2376,0,1782360392.568353,0.001882314682006836
145227,normal,3290,1,1782360392.5704443,0.0020914077758789062
145228,normal,3107,1,1782360392.5722952,0.0018508434295654297
145229,normal,2415,0,1782360392.5745983,0.0023031234741210938
145230,normal,272,0,1782360392.5767639,0.002165555953979492
145231,normal,372,0,1782360392.5790684,0.002304553985595703
145232,normal,1841,0,1782360392.5808406,0.001772165298461914
145233,normal,3523,0,1782360392.5829215,0.0020809173583984375
145234,normal,3424,0,1782360392.5846572,0.001735687255859375
145235,normal,2621,0,1782360392.5864258,0.0017685890197753906
145236,normal,2598,0,1782360392.5884533,0.0020275115966796875
145237,normal,1843,0,1782360392.5903823,0.0019290447235107422
145238,normal,367,0,1782360392.5923557,0.001973390579223633
145239,normal,2663,0,1782360392.5942805,0.001924753189086914
145240,normal,3525,0,1782360392.5971644,0.0028839111328125
145241,normal,3694,0,1782360392.5980623,0.0008978843688964844
145242,normal,230,0,1782360392.6002324,0.002170085906982422
145243,normal,1620,0,1782360392.602165,0.0019326210021972656
145244,normal,2128,0,1782360392.6043909,0.0022258758544921875
145245,normal,2381,0,1782360392.6061537,0.0017628669738769531
145246,normal,312,0,1782360392.6083994,0.002245664596557617
145247,normal,3704,0,1782360392.6102538,0.0018544197082519531
145248,normal,1965,0,1782360392.612156,0.0019021034240722656
145249,normal,1071,0,1782360392.6144788,0.0023229122161865234
145250,normal,1352,1,1782360392.6167588,0.002279996871948242
145251,normal,871,2,1782360392.6187599,0.002001047134399414
145252,normal,1127,0,1782360392.6204743,0.001714468002319336
145253,normal,127,0,1782360392.622428,0.001953601837158203
145254,normal,829,2,1782360392.624296,0.0018680095672607422
145255,normal,2092,0,1782360392.6265757,0.0022797584533691406
145256,normal,2306,0,1782360392.6284573,0.0018815994262695312
145257,normal,1500,0,1782360392.6304178,0.0019605159759521484
145258,normal,3662,0,1782360392.6324623,0.0020444393157958984
145259,normal,721,0,1782360392.6343198,0.0018575191497802734
145260,normal,2653,0,1782360392.6364803,0.0021605491638183594
145261,normal,1138,0,1782360392.6384447,0.0019643306732177734
145262,normal,1260,0,1782360392.640362,0.0019173622131347656
145263,normal,2817,0,1782360392.6423097,0.001947641372680664
145264,normal,2489,0,1782360392.6444612,0.0021514892578125
145265,normal,925,2,1782360392.6463654,0.0019042491912841797
145266,normal,418,0,1782360392.648333,0.0019676685333251953
145267,normal,1254,0,1782360392.650446,0.002112865447998047
145268,normal,539,0,1782360392.6523647,0.001918792724609375
145269,normal,2708,0,1782360392.6543245,0.0019598007202148438
145270,normal,1139,0,1782360392.6564429,0.002118349075317383
145271,normal,2581,0,1782360392.658357,0.0019140243530273438
145272,normal,1190,0,1782360392.6604898,0.002132892608642578
145273,normal,2902,0,1782360392.6628644,0.0023746490478515625
145274,normal,2181,0,1782360392.6646404,0.001775979995727539
145275,normal,1066,0,1782360392.6665845,0.0019440650939941406
145276,normal,2699,0,1782360392.6684773,0.0018928050994873047
145277,normal,2507,0,1782360392.6703417,0.0018644332885742188
145278,normal,1972,0,1782360392.6723058,0.001964092254638672
145279,normal,2305,0,1782360392.6744478,0.0021419525146484375
145280,normal,2711,0,1782360392.6765447,0.002096891403198242
145281,normal,518,0,1782360392.6785097,0.001965045928955078
145282,normal,635,0,1782360392.6804538,0.0019440650939941406
145283,normal,3339,1,1782360392.6823614,0.0019075870513916016
145284,normal,2141,0,1782360392.6844435,0.0020821094512939453
145285,normal,2741,0,1782360392.6865976,0.002154111862182617
145286,normal,318,0,1782360392.6884575,0.001859903335571289
145287,normal,211,0,1782360392.6903765,0.0019190311431884766
145288,normal,1297,0,1782360392.6921341,0.0017576217651367188
145289,normal,594,0,1782360392.6952274,0.003093242645263672
145290,normal,3512,0,1782360392.6961467,0.000919342041015625
145291,normal,725,0,1782360392.698437,0.0022902488708496094
145292,normal,3555,0,1782360392.700125,0.0016880035400390625
145293,normal,1228,0,1782360392.7021654,0.002040386199951172
145294,normal,1789,0,1782360392.704208,0.002042531967163086
145295,normal,1134,0,1782360392.7062361,0.002028226852416992
145296,normal,1451,0,1782360392.7082353,0.0019991397857666016
145297,normal,3235,1,1782360392.7101314,0.0018961429595947266
145298,normal,3232,1,1782360392.7123883,0.0022568702697753906
145299,normal,2633,0,1782360392.7141368,0.0017485618591308594
145300,normal,1700,0,1782360392.7162325,0.0020956993103027344
145301,normal,2418,0,1782360392.7182631,0.002030611038208008
145302,normal,579,0,1782360392.7204993,0.0022361278533935547
145303,normal,952,2,1782360392.7230747,0.002575397491455078
145304,normal,737,0,1782360392.7244327,0.0013580322265625
145305,normal,1016,2,1782360392.7264192,0.0019865036010742188
145306,normal,2771,0,1782360392.7285962,0.002177000045776367
145307,normal,1069,0,1782360392.730449,0.0018527507781982422
145308,normal,962,2,1782360392.7324233,0.001974344253540039
145309,normal,1445,0,1782360392.7344177,0.0019943714141845703
145310,normal,136,0,1782360392.7364485,0.0020308494567871094
145311,normal,2850,0,1782360392.7383122,0.001863718032836914
145312,normal,3650,0,1782360392.7405896,0.002277374267578125
145313,normal,3149,1,1782360392.7424843,0.0018947124481201172
145314,normal,2782,0,1782360392.7443762,0.0018918514251708984
145315,normal,1031,0,1782360392.7464612,0.002084970474243164
145316,normal,77,0,1782360392.7483625,0.001901388168334961
145317,normal,308,0,1782360392.7504458,0.002083301544189453
145318,normal,765,0,1782360392.752442,0.0019960403442382812
145319,normal,892,2,1782360392.7548285,0.0023865699768066406
145320,normal,1531,0,1782360392.7568192,0.001990795135498047
145321,normal,1120,0,1782360392.758446,0.001626729965209961
145322,normal,1304,0,1782360392.7603054,0.001859426498413086
145323,normal,1692,0,1782360392.7625375,0.002232074737548828
145324,normal,432,0,1782360392.764479,0.0019414424896240234
145325,normal,654,0,1782360392.7663038,0.0018248558044433594
145326,normal,1265,0,1782360392.7683501,0.002046346664428711
145327,normal,711,0,1782360392.770432,0.0020818710327148438
145328,normal,1179,0,1782360392.772297,0.0018649101257324219
145329,normal,2255,0,1782360392.7742925,0.001995563507080078
145330,normal,2530,0,1782360392.7763891,0.0020966529846191406
145331,normal,424,0,1782360392.7782905,0.001901388168334961
145332,normal,1644,0,1782360392.7802942,0.0020036697387695312
145333,normal,1992,0,1782360392.7823358,0.0020415782928466797
145334,normal,2981,0,1782360392.7847638,0.0024280548095703125
145335,normal,2793,0,1782360392.7863703,0.0016064643859863281
145336,normal,22,0,1782360392.7884288,0.0020585060119628906
145337,normal,652,0,1782360392.7904942,0.002065420150756836
145338,normal,790,2,1782360392.7923355,0.0018413066864013672
145339,normal,712,0,1782360392.794403,0.00206756591796875
145340,normal,3462,0,1782360392.7970526,0.002649545669555664
145341,normal,545,0,1782360392.7992818,0.0022292137145996094
145342,normal,1696,0,1782360392.8001332,0.0008513927459716797
145343,normal,2565,0,1782360392.80287,0.002736806869506836
145344,normal,3285,1,1782360392.8042986,0.0014286041259765625
145345,normal,1966,0,1782360392.8061671,0.0018684864044189453
145346,normal,2238,0,1782360392.8082294,0.0020623207092285156
145347,normal,3631,0,1782360392.8101764,0.0019469261169433594
145348,normal,417,0,1782360392.8123515,0.0021750926971435547
145349,normal,2692,0,1782360392.8142135,0.0018620491027832031
145350,normal,3102,1,1782360392.8161497,0.001936197280883789
145351,normal,1717,0,1782360392.8183944,0.002244710922241211
145352,normal,2387,0,1782360392.820309,0.0019145011901855469
145353,normal,2742,0,1782360392.8221252,0.0018162727355957031
145354,normal,2723,0,1782360392.8244386,0.002313375473022461
145355,normal,676,0,1782360392.8261166,0.0016779899597167969
145356,normal,468,0,1782360392.8284547,0.0023381710052490234
145357,normal,553,0,1782360392.8301408,0.00168609619140625
145358,normal,1564,0,1782360392.8323872,0.002246379852294922
145359,normal,218,0,1782360392.8341968,0.0018095970153808594
145360,normal,1061,0,1782360392.8362286,0.0020318031311035156
145361,normal,976,2,1782360392.838264,0.002035379409790039
145362,normal,530,0,1782360392.8401766,0.0019125938415527344
145363,normal,3612,0,1782360392.8423226,0.002146005630493164
145364,normal,3104,1,1782360392.8443105,0.001987934112548828
145365,normal,1114,0,1782360392.846167,0.0018565654754638672
145366,normal,919,2,1782360392.8484406,0.0022735595703125
145367,normal,3084,1,1782360392.8501418,0.0017011165618896484
145368,normal,585,0,1782360392.852341,0.0021991729736328125
145369,normal,1810,0,1782360392.8541567,0.0018157958984375
145370,normal,1908,0,1782360392.8565881,0.0024313926696777344
145371,normal,784,2,1782360392.8581214,0.0015332698822021484
145372,normal,884,2,1782360392.8604486,0.0023272037506103516
145373,normal,1020,2,1782360392.8621712,0.001722574234008789
145374,normal,463,0,1782360392.8643277,0.002156496047973633
145375,normal,622,0,1782360392.8662112,0.0018835067749023438
145376,normal,1516,0,1782360392.8683748,0.0021636486053466797
145377,normal,403,0,1782360392.870163,0.0017881393432617188
145378,normal,2340,0,1782360392.8722575,0.0020945072174072266
145379,normal,1793,0,1782360392.8742783,0.0020208358764648438
145380,normal,1968,0,1782360392.8761494,0.0018711090087890625
145381,normal,1317,0,1782360392.8784,0.00225067138671875
145382,normal,139,0,1782360392.880615,0.0022149085998535156
145383,normal,3270,1,1782360392.8821065,0.001491546630859375
145384,normal,485,0,1782360392.8844426,0.0023360252380371094
145385,normal,1497,0,1782360392.8861878,0.0017452239990234375
145386,normal,3691,0,1782360392.8883343,0.002146482467651367
145387,normal,1919,0,1782360392.890298,0.0019636154174804688
145388,normal,659,0,1782360392.8923523,0.002054452896118164
145389,normal,2947,0,1782360392.8942685,0.0019161701202392578
145390,normal,2547,0,1782360392.8963034,0.002034902572631836
145391,normal,3059,1,1782360392.898398,0.0020945072174072266
145392,normal,739,0,1782360392.9001517,0.0017538070678710938
145393,normal,440,0,1782360392.9024358,0.0022840499877929688
145394,normal,704,0,1782360392.9042375,0.0018017292022705078
145395,normal,1594,0,1782360392.9062905,0.0020530223846435547
145396,normal,3628,0,1782360392.9082656,0.0019750595092773438
145397,normal,2247,0,1782360392.910435,0.002169370651245117
145398,normal,1076,0,1782360392.9126058,0.0021708011627197266
145399,normal,1598,0,1782360392.9150434,0.002437591552734375
145400,normal,2160,0,1782360392.9167938,0.0017504692077636719
145401,normal,1822,0,1782360392.9186132,0.0018193721771240234
145402,normal,1981,0,1782360392.920505,0.0018918514251708984
145403,normal,2010,0,1782360392.9223514,0.0018463134765625
145404,normal,2116,0,1782360392.9243822,0.0020308494567871094
145405,normal,2575,0,1782360392.926442,0.0020596981048583984
145406,normal,460,0,1782360392.9282913,0.0018494129180908203
145407,normal,1943,0,1782360392.9303293,0.0020380020141601562
145408,normal,2040,0,1782360392.9324496,0.0021202564239501953
145409,normal,3062,1,1782360392.9343567,0.0019071102142333984
145410,normal,2267,0,1782360392.9363267,0.001970052719116211
145411,normal,2753,0,1782360392.9384482,0.002121448516845703
145412,normal,3335,1,1782360392.9403615,0.001913309097290039
145413,normal,3455,0,1782360392.94232,0.001958608627319336
145414,normal,1653,0,1782360392.9444506,0.0021305084228515625
145415,normal,2239,0,1782360392.9463618,0.001911163330078125
145416,normal,423,0,1782360392.9483192,0.001957416534423828
145417,normal,430,0,1782360392.9504414,0.002122163772583008
145418,normal,2540,0,1782360392.9522846,0.0018432140350341797
145419,normal,1040,0,1782360392.9545739,0.002289295196533203
145420,normal,1867,0,1782360392.9563901,0.0018162727355957031
145421,normal,1051,0,1782360392.958354,0.0019638538360595703
145422,normal,113,0,1782360392.960323,0.0019690990447998047
145423,normal,3446,0,1782360392.9624553,0.0021321773529052734
145424,normal,109,0,1782360392.9643655,0.0019102096557617188
145425,normal,1477,0,1782360392.9663196,0.0019540786743164062
145426,normal,1210,0,1782360392.968347,0.0020275115966796875
145427,normal,1148,0,1782360392.9703617,0.002014636993408203
145428,normal,1183,0,1782360392.9721386,0.0017769336700439453
145429,normal,2920,0,1782360392.974423,0.0022842884063720703
145430,normal,1567,0,1782360392.976386,0.0019631385803222656
145431,normal,2110,0,1782360392.9788098,0.0024237632751464844
145432,normal,452,0,1782360392.9805803,0.0017704963684082031
145433,normal,1140,0,1782360392.9824066,0.0018262863159179688
145434,normal,18,0,1782360392.9847507,0.0023441314697265625
145435,normal,1206,0,1782360392.98643,0.0016791820526123047
145436,normal,238,0,1782360392.9886549,0.0022249221801757812
145437,normal,3216,1,1782360392.9901898,0.0015349388122558594
145438,normal,1466,0,1782360392.9923704,0.0021805763244628906
145439,normal,1769,0,1782360392.9944167,0.002046346664428711
145440,normal,1745,0,1782360392.996276,0.0018591880798339844
145441,normal,84,0,1782360392.9986098,0.0023338794708251953
145442,normal,2310,0,1782360393.0004206,0.0018107891082763672
145443,normal,1381,1,1782360393.0021875,0.0017669200897216797
145444,normal,118,0,1782360393.0043774,0.0021898746490478516
145445,normal,2940,0,1782360393.0064018,0.002024412155151367
145446,normal,1253,0,1782360393.0083272,0.0019254684448242188
145447,normal,2016,0,1782360393.0103948,0.00206756591796875
145448,normal,3310,1,1782360393.0123947,0.0019998550415039062
145449,normal,90,0,1782360393.014279,0.0018842220306396484
145450,normal,2893,0,1782360393.0166342,0.002355337142944336
145451,normal,922,2,1782360393.0186207,0.0019865036010742188
145452,normal,813,2,1782360393.020332,0.0017113685607910156
145453,normal,2136,0,1782360393.0223858,0.0020537376403808594
145454,normal,3355,1,1782360393.0243912,0.002005338668823242
145455,normal,1893,0,1782360393.0262806,0.0018894672393798828
145456,normal,535,0,1782360393.028654,0.0023734569549560547
145457,normal,13,0,1782360393.0309098,0.002255678176879883
145458,normal,2101,0,1782360393.0334833,0.0025734901428222656
145459,normal,499,0,1782360393.0341558,0.0006725788116455078
145460,normal,75,0,1782360393.036287,0.002131223678588867
145461,normal,2525,0,1782360393.0386343,0.002347230911254883
145462,normal,391,0,1782360393.040542,0.0019075870513916016
145463,normal,1053,0,1782360393.0426254,0.0020835399627685547
145464,normal,1754,0,1782360393.0448825,0.002257108688354492
145465,normal,1551,0,1782360393.0467863,0.0019037723541259766
145466,normal,2738,0,1782360393.048824,0.0020377635955810547
145467,normal,3140,1,1782360393.0510104,0.002186298370361328
145468,normal,1830,0,1782360393.0530586,0.0020482540130615234
145469,normal,3467,0,1782360393.054827,0.001768350601196289
145470,normal,2483,0,1782360393.056875,0.002048015594482422
145471,normal,1375,1,1782360393.059034,0.00215911865234375
145472,normal,593,0,1782360393.0608363,0.001802206039428711
145473,normal,1669,0,1782360393.0628603,0.002023935317993164
145474,normal,560,0,1782360393.0650058,0.002145528793334961
145475,normal,2056,0,1782360393.066738,0.0017321109771728516
145476,normal,788,2,1782360393.0684254,0.0016875267028808594
145477,normal,2607,0,1782360393.0704062,0.0019807815551757812
145478,normal,1328,1,1782360393.0724182,0.002012014389038086
145479,normal,2364,0,1782360393.0742807,0.0018625259399414062
145480,normal,1853,0,1782360393.076339,0.002058267593383789
145481,normal,421,0,1782360393.0783138,0.001974821090698242
145482,normal,488,0,1782360393.080763,0.0024492740631103516
145483,normal,3326,1,1782360393.0824633,0.0017001628875732422
145484,normal,3027,0,1782360393.0846112,0.0021479129791259766
145485,normal,2253,0,1782360393.086647,0.002035856246948242
145486,normal,263,0,1782360393.0884247,0.00177764892578125
145487,normal,1463,0,1782360393.0906541,0.002229452133178711
145488,normal,287,0,1782360393.092206,0.0015518665313720703
145489,normal,2543,0,1782360393.0945523,0.0023462772369384766
145490,normal,631,0,1782360393.0966315,0.0020792484283447266
145491,normal,1589,0,1782360393.0987608,0.0021293163299560547
145492,normal,2294,0,1782360393.1005013,0.0017404556274414062
145493,normal,791,2,1782360393.1027343,0.0022330284118652344
145494,normal,1798,0,1782360393.1048489,0.002114534378051758
145495,normal,276,0,1782360393.1061263,0.0012774467468261719
145496,normal,1727,0,1782360393.1084018,0.0022754669189453125
145497,normal,2119,0,1782360393.1100688,0.001667022705078125
145498,normal,1635,0,1782360393.113127,0.003058195114135742
145499,normal,3505,0,1782360393.1147575,0.001630544662475586
145500,normal,991,2,1782360393.11728,0.0025224685668945312
145501,normal,2169,0,1782360393.1181304,0.0008504390716552734
145502,normal,604,0,1782360393.1206338,0.0025033950805664062
145503,normal,1757,0,1782360393.1227274,0.0020935535430908203
145504,normal,2849,0,1782360393.124442,0.0017147064208984375
145505,normal,2296,0,1782360393.1265168,0.002074718475341797
145506,normal,3189,1,1782360393.1283765,0.0018596649169921875
145507,normal,2899,0,1782360393.1304464,0.0020699501037597656
145508,normal,3142,1,1782360393.1323454,0.0018990039825439453
145509,normal,3229,1,1782360393.1343024,0.001956939697265625
145510,normal,503,0,1782360393.1364408,0.002138376235961914
145511,normal,2063,0,1782360393.138339,0.0018982887268066406
145512,normal,3196,1,1782360393.1403663,0.002027273178100586
145513,normal,187,0,1782360393.1424353,0.0020689964294433594
145514,normal,1952,0,1782360393.144349,0.0019137859344482422
145515,normal,67,0,1782360393.1463053,0.0019562244415283203
145516,normal,1496,0,1782360393.148354,0.0020487308502197266
145517,normal,497,0,1782360393.1508994,0.0025453567504882812
145518,normal,2414,0,1782360393.1526024,0.001703023910522461
145519,normal,2559,0,1782360393.154578,0.001975536346435547
145520,normal,2578,0,1782360393.156627,0.002048969268798828
145521,normal,3595,0,1782360393.1589434,0.0023164749145507812
145522,normal,137,0,1782360393.16069,0.0017466545104980469
145523,normal,2524,0,1782360393.1626437,0.001953601837158203
145524,normal,1768,0,1782360393.1647475,0.0021038055419921875
145525,normal,3431,0,1782360393.1665773,0.0018298625946044922
145526,normal,3195,1,1782360393.1687078,0.0021305084228515625
145527,normal,453,0,1782360393.1702006,0.0014927387237548828
145528,normal,198,0,1782360393.1723907,0.002190113067626953
145529,normal,3348,1,1782360393.1744194,0.0020287036895751953
145530,normal,1719,0,1782360393.1767957,0.0023763179779052734
145531,normal,150,0,1782360393.1789207,0.0021250247955322266
145532,normal,3067,1,1782360393.1806064,0.0016856193542480469
145533,normal,2242,0,1782360393.1822336,0.001627206802368164
145534,normal,1030,0,1782360393.1844249,0.002191305160522461
145535,normal,1185,0,1782360393.1862917,0.0018668174743652344
145536,normal,376,0,1782360393.1882923,0.002000570297241211
145537,normal,3288,1,1782360393.1903672,0.0020749568939208984
145538,normal,2694,0,1782360393.1923487,0.001981496810913086
145539,normal,317,0,1782360393.194295,0.0019462108612060547
145540,normal,2444,0,1782360393.1963344,0.0020394325256347656
145541,normal,126,0,1782360393.1986437,0.0023093223571777344
145542,normal,55,0,1782360393.2000883,0.0014445781707763672
145543,normal,2374,0,1782360393.202434,0.0023458003997802734
145544,normal,2384,0,1782360393.2042782,0.001844167709350586
145545,normal,2382,0,1782360393.206269,0.001990795135498047
145546,normal,3154,1,1782360393.208356,0.0020868778228759766
145547,normal,2274,0,1782360393.2103987,0.0020427703857421875
145548,normal,2451,0,1782360393.2122838,0.0018851757049560547
145549,normal,396,0,1782360393.2144969,0.002213001251220703
145550,normal,2452,0,1782360393.2167227,0.0022258758544921875
145551,normal,2775,0,1782360393.2188444,0.0021216869354248047
145552,normal,3106,1,1782360393.220762,0.0019176006317138672
145553,normal,1577,0,1782360393.2227888,0.002026796340942383
145554,normal,1021,2,1782360393.2250092,0.0022203922271728516
145555,normal,1232,0,1782360393.227054,0.0020449161529541016
145556,normal,2577,0,1782360393.2288055,0.0017514228820800781
145557,normal,3372,1,1782360393.2308064,0.0020008087158203125
145558,normal,1535,0,1782360393.23257,0.0017635822296142578
145559,normal,945,2,1782360393.2346354,0.002065420150756836
145560,normal,2278,0,1782360393.2367094,0.002074003219604492
145561,normal,904,2,1782360393.2384806,0.0017712116241455078
145562,normal,3486,0,1782360393.2403266,0.0018460750579833984
145563,normal,1119,0,1782360393.2422788,0.0019521713256835938
145564,normal,2370,0,1782360393.2446325,0.002353668212890625
145565,normal,3553,0,1782360393.2465484,0.0019159317016601562
145566,normal,2926,0,1782360393.2483616,0.0018131732940673828
145567,normal,2845,0,1782360393.250324,0.001962423324584961
145568,normal,1698,0,1782360393.2523866,0.002062559127807617
145569,normal,1360,1,1782360393.2548237,0.002437114715576172
145570,normal,2479,0,1782360393.2565897,0.0017659664154052734
145571,normal,450,0,1782360393.2587676,0.0021779537200927734
145572,normal,563,0,1782360393.2605217,0.0017540454864501953
145573,normal,2388,0,1782360393.2624674,0.0019457340240478516
145574,normal,1900,0,1782360393.2647452,0.002277851104736328
145575,normal,1702,0,1782360393.2668896,0.002144336700439453
145576,normal,28,0,1782360393.2688243,0.0019347667694091797
145577,normal,3524,0,1782360393.2714014,0.002577066421508789
145578,normal,104,0,1782360393.2721634,0.0007619857788085938
145579,normal,954,2,1782360393.2746146,0.002451181411743164
145580,normal,478,0,1782360393.2763069,0.0016922950744628906
145581,normal,234,0,1782360393.2783027,0.0019958019256591797
145582,normal,1226,0,1782360393.2804892,0.0021865367889404297
145583,normal,286,0,1782360393.2832003,0.002711057662963867
145584,normal,1865,0,1782360393.284044,0.0008437633514404297
145585,normal,1804,0,1782360393.2865653,0.0025212764739990234
145586,normal,2990,0,1782360393.288652,0.002086639404296875
145587,normal,1032,0,1782360393.2909691,0.002317190170288086
145588,normal,52,0,1782360393.2926884,0.0017192363739013672
145589,normal,1441,0,1782360393.2944427,0.0017542839050292969
145590,normal,2459,0,1782360393.296381,0.0019383430480957031
145591,normal,3566,0,1782360393.2983563,0.0019752979278564453
145592,normal,3111,1,1782360393.300322,0.001965761184692383
145593,normal,1761,0,1782360393.302254,0.001931905746459961
145594,normal,128,0,1782360393.3043454,0.0020914077758789062
145595,normal,3051,1,1782360393.3064148,0.0020694732666015625
145596,normal,989,2,1782360393.308722,0.0023071765899658203
145597,normal,3286,1,1782360393.3104475,0.0017254352569580078
145598,normal,2348,0,1782360393.3126519,0.002204418182373047
145599,normal,1448,0,1782360393.3148541,0.002202272415161133
145600,normal,2728,0,1782360393.3168006,0.0019464492797851562
145601,normal,2791,0,1782360393.3194048,0.002604246139526367
145602,normal,1041,0,1782360393.3201568,0.0007519721984863281
145603,normal,764,0,1782360393.3226445,0.002487659454345703
145604,normal,3371,1,1782360393.324384,0.001739501953125
145605,normal,564,0,1782360393.326366,0.001981973648071289
145606,normal,505,0,1782360393.328459,0.002093076705932617
145607,normal,1025,2,1782360393.3303077,0.0018486976623535156
145608,normal,3474,0,1782360393.3322778,0.001970052719116211
145609,normal,1720,0,1782360393.3348553,0.002577543258666992
145610,normal,1530,0,1782360393.3366516,0.0017962455749511719
145611,normal,1743,0,1782360393.338731,0.002079486846923828
145612,normal,2,0,1782360393.3404891,0.0017580986022949219
145613,normal,921,2,1782360393.3427007,0.0022115707397460938
145614,normal,2555,0,1782360393.344214,0.0015132427215576172
145615,normal,1291,0,1782360393.3463392,0.002125263214111328
145616,normal,1292,0,1782360393.3487062,0.0023670196533203125
145617,normal,48,0,1782360393.3500516,0.0013453960418701172
145618,normal,888,2,1782360393.3521755,0.0021238327026367188
145619,normal,3439,0,1782360393.354054,0.001878499984741211
145620,normal,3519,0,1782360393.3560176,0.0019636154174804688
145621,normal,3705,0,1782360393.3583634,0.0023458003997802734
145622,normal,844,2,1782360393.3601234,0.0017600059509277344
145623,normal,1872,0,1782360393.3621335,0.0020101070404052734
145624,normal,1980,0,1782360393.36431,0.002176523208618164
145625,normal,275,0,1782360393.366185,0.0018749237060546875
145626,normal,2289,0,1782360393.3682387,0.0020537376403808594
145627,normal,821,2,1782360393.370148,0.0019092559814453125
145628,normal,2498,0,1782360393.372277,0.002129077911376953
145629,normal,1569,0,1782360393.3741395,0.0018625259399414062
145630,normal,65,0,1782360393.3763006,0.0021610260009765625
145631,normal,2347,0,1782360393.378157,0.0018563270568847656
145632,normal,2394,0,1782360393.3802392,0.002082347869873047
145633,normal,1034,0,1782360393.3821526,0.001913309097290039
145634,normal,2125,0,1782360393.3841891,0.002036571502685547
145635,normal,2180,0,1782360393.3860881,0.0018990039825439453
145636,normal,3115,1,1782360393.3882208,0.0021326541900634766
145637,normal,1844,0,1782360393.3901792,0.0019583702087402344
145638,normal,1301,0,1782360393.392559,0.002379894256591797
145639,normal,876,2,1782360393.39411,0.001550912857055664
145640,normal,3602,0,1782360393.396144,0.0020339488983154297
145641,normal,3627,0,1782360393.3980813,0.0019373893737792969
145642,normal,1204,0,1782360393.4003189,0.002237558364868164
145643,normal,646,0,1782360393.4021475,0.0018286705017089844
145644,normal,72,0,1782360393.404119,0.0019714832305908203
145645,normal,3260,1,1782360393.4062922,0.002173185348510742
145646,normal,1960,0,1782360393.4081345,0.0018422603607177734
145647,normal,914,2,1782360393.4101326,0.0019981861114501953
145648,normal,209,0,1782360393.4122865,0.0021538734436035156
145649,normal,1411,0,1782360393.414182,0.0018954277038574219
145650,normal,2233,0,1782360393.416119,0.0019371509552001953
145651,normal,974,2,1782360393.418162,0.002043008804321289
145652,normal,3680,0,1782360393.4201372,0.0019750595092773438
145653,normal,472,0,1782360393.4220998,0.0019626617431640625
145654,normal,2000,0,1782360393.4242885,0.0021886825561523438
145655,normal,3683,0,1782360393.4261794,0.0018908977508544922
145656,normal,1161,0,1782360393.4281185,0.0019390583038330078
145657,normal,2175,0,1782360393.430181,0.002062559127807617
145658,normal,3033,0,1782360393.432258,0.002076864242553711
145659,normal,1817,0,1782360393.4341013,0.0018434524536132812
145660,normal,1767,0,1782360393.4362934,0.0021920204162597656
145661,normal,2564,0,1782360393.4382453,0.0019519329071044922
145662,normal,222,0,1782360393.440125,0.0018796920776367188
145663,normal,1934,0,1782360393.4423153,0.0021903514862060547
145664,normal,848,2,1782360393.444256,0.0019407272338867188
145665,normal,3454,0,1782360393.4462311,0.0019750595092773438
145666,normal,3648,0,1782360393.448175,0.001943826675415039
145667,normal,2913,0,1782360393.4502292,0.0020542144775390625
145668,normal,3597,0,1782360393.4521103,0.0018811225891113281
145669,normal,124,0,1782360393.4543133,0.0022029876708984375
145670,normal,2393,0,1782360393.456241,0.0019276142120361328
145671,normal,2734,0,1782360393.4581351,0.001894235610961914
145672,normal,3237,1,1782360393.4603095,0.00217437744140625
145673,normal,2958,0,1782360393.4622314,0.0019218921661376953
145674,normal,3306,1,1782360393.4641216,0.0018901824951171875
145675,normal,1077,0,1782360393.4663026,0.0021810531616210938
145676,normal,1005,2,1782360393.4682415,0.0019388198852539062
145677,normal,1654,0,1782360393.4701512,0.0019097328186035156
145678,normal,3322,1,1782360393.472181,0.002029895782470703
145679,normal,3179,1,1782360393.474092,0.0019109249114990234
145680,normal,1473,0,1782360393.4763103,0.0022182464599609375
145681,normal,2750,0,1782360393.4781802,0.0018699169158935547
145682,normal,3364,1,1782360393.480254,0.0020737648010253906
145683,normal,3068,1,1782360393.482157,0.0019030570983886719
145684,normal,416,0,1782360393.4843142,0.0021572113037109375
145685,normal,3043,0,1782360393.486238,0.0019237995147705078
145686,normal,1639,0,1782360393.4881375,0.0018994808197021484
145687,normal,738,0,1782360393.4902887,0.0021512508392333984
145688,normal,131,0,1782360393.4922464,0.0019576549530029297
145689,normal,1344,1,1782360393.494151,0.0019047260284423828
145690,normal,2618,0,1782360393.4961605,0.0020093917846679688
145691,normal,1671,0,1782360393.4982662,0.002105712890625
145692,normal,1871,0,1782360393.5001621,0.001895904541015625
145693,normal,1476,0,1782360393.5023005,0.002138376235961914
145694,normal,2143,0,1782360393.5042374,0.0019369125366210938
145695,normal,2400,0,1782360393.5061228,0.0018854141235351562
145696,normal,2724,0,1782360393.508295,0.002172231674194336
145697,normal,2504,0,1782360393.510234,0.0019390583038330078
145698,normal,3411,0,1782360393.512109,0.0018749237060546875
145699,normal,2677,0,1782360393.5141854,0.002076387405395508
145700,normal,1288,0,1782360393.5162606,0.0020751953125
145701,normal,1189,0,1782360393.5181313,0.0018706321716308594
145702,normal,1482,0,1782360393.520308,0.0021767616271972656
145703,normal,223,0,1782360393.5222373,0.0019292831420898438
145704,normal,3687,0,1782360393.5242133,0.00197601318359375
145705,normal,2949,0,1782360393.5263908,0.0021774768829345703
145706,normal,633,0,1782360393.5283842,0.001993417739868164
145707,normal,2472,0,1782360393.530172,0.0017879009246826172
145708,normal,407,0,1782360393.532376,0.0022039413452148438
145709,normal,1529,0,1782360393.5342846,0.0019085407257080078
145710,normal,1281,0,1782360393.5362747,0.001990079879760742
145711,normal,1444,0,1782360393.5382938,0.002019166946411133
145712,normal,2492,0,1782360393.540389,0.0020952224731445312
145713,normal,2237,0,1782360393.5421388,0.0017497539520263672
145714,normal,2331,0,1782360393.5443988,0.002259969711303711
145715,normal,2709,0,1782360393.5462823,0.0018835067749023438
145716,normal,101,0,1782360393.5482638,0.001981496810913086
145717,normal,2946,0,1782360393.550111,0.0018472671508789062
145718,normal,462,0,1782360393.552576,0.0024650096893310547
145719,normal,2197,0,1782360393.5547552,0.0021791458129882812
145720,normal,332,0,1782360393.556442,0.0016868114471435547
145721,normal,861,2,1782360393.5583203,0.0018782615661621094
145722,normal,1110,0,1782360393.5602958,0.001975536346435547
145723,normal,2335,0,1782360393.5625951,0.0022993087768554688
145724,normal,2756,0,1782360393.5644755,0.0018804073333740234
145725,normal,89,0,1782360393.5664845,0.0020089149475097656
145726,normal,1374,1,1782360393.5684364,0.0019519329071044922
145727,normal,3465,0,1782360393.5703433,0.0019068717956542969
145728,normal,1526,0,1782360393.5722995,0.0019562244415283203
145729,normal,926,2,1782360393.5746047,0.002305269241333008
145730,normal,1755,0,1782360393.5764148,0.0018100738525390625
145731,normal,111,0,1782360393.5787854,0.002370595932006836
145732,normal,568,0,1782360393.581175,0.002389669418334961
145733,normal,135,0,1782360393.5821211,0.000946044921875
145734,normal,3100,1,1782360393.5850842,0.0029630661010742188
145735,normal,3574,0,1782360393.586125,0.0010406970977783203
145736,normal,830,2,1782360393.5888803,0.002755403518676758
145737,normal,3305,1,1782360393.5908167,0.0019364356994628906
145738,normal,3425,0,1782360393.5930064,0.00218963623046875
145739,normal,378,0,1782360393.5947616,0.0017552375793457031
145740,normal,1385,0,1782360393.5970263,0.002264738082885742
145741,normal,32,0,1782360393.5987334,0.0017070770263671875
145742,normal,2409,0,1782360393.600131,0.0013976097106933594
145743,normal,787,2,1782360393.6023524,0.002221345901489258
145744,normal,621,0,1782360393.6047788,0.0024263858795166016
145745,normal,3515,0,1782360393.6067173,0.0019385814666748047
145746,normal,2924,0,1782360393.6089592,0.002241849899291992
145747,normal,2758,0,1782360393.610752,0.00179290771484375
145748,normal,3236,1,1782360393.612438,0.0016858577728271484
145749,normal,718,0,1782360393.614789,0.002351045608520508
145750,normal,1915,0,1782360393.6170433,0.0022542476654052734
145751,normal,1636,0,1782360393.6187778,0.0017344951629638672
145752,normal,618,0,1782360393.6208434,0.0020656585693359375
145753,normal,2892,0,1782360393.623017,0.0021736621856689453
145754,normal,543,0,1782360393.6247256,0.0017085075378417969
145755,normal,1772,0,1782360393.6268897,0.002164125442504883
145756,normal,114,0,1782360393.6290278,0.0021381378173828125
145757,normal,3709,0,1782360393.6306381,0.0016102790832519531
145758,normal,1313,0,1782360393.632734,0.002095937728881836
145759,normal,1097,0,1782360393.6344411,0.0017070770263671875
145760,normal,3292,1,1782360393.6363318,0.0018906593322753906
145761,normal,2800,0,1782360393.6388104,0.0024785995483398438
145762,normal,597,0,1782360393.6407835,0.0019731521606445312
145763,normal,3666,0,1782360393.6424565,0.001672983169555664
145764,normal,2423,0,1782360393.6446168,0.002160310745239258
145765,normal,2866,0,1782360393.646471,0.0018541812896728516
145766,normal,3345,1,1782360393.648286,0.0018150806427001953
145767,normal,1153,0,1782360393.6508253,0.0025391578674316406
145768,normal,2528,0,1782360393.6529799,0.0021545886993408203
145769,normal,2248,0,1782360393.6545544,0.0015745162963867188
145770,normal,3257,1,1782360393.6566093,0.002054929733276367
145771,normal,551,0,1782360393.6583865,0.0017771720886230469
145772,normal,703,0,1782360393.660294,0.0019075870513916016
145773,normal,2646,0,1782360393.6625447,0.00225067138671875
145774,normal,916,2,1782360393.6643407,0.0017960071563720703
145775,normal,192,0,1782360393.666302,0.001961231231689453
145776,normal,2856,0,1782360393.6683583,0.0020563602447509766
145777,normal,942,2,1782360393.6702034,0.0018451213836669922
145778,normal,607,0,1782360393.6722782,0.002074718475341797
145779,normal,425,0,1782360393.6748936,0.0026154518127441406
145780,normal,2517,0,1782360393.676037,0.0011434555053710938
145781,normal,2983,0,1782360393.6780908,0.0020537376403808594
145782,normal,2111,0,1782360393.6801336,0.0020427703857421875
145783,normal,1180,0,1782360393.6820533,0.0019197463989257812
145784,normal,3044,0,1782360393.684149,0.0020956993103027344
145785,normal,2249,0,1782360393.6861897,0.0020406246185302734
145786,normal,401,0,1782360393.6881385,0.0019488334655761719
145787,normal,2284,0,1782360393.6901248,0.001986265182495117
145788,normal,3706,0,1782360393.6921494,0.0020246505737304688
145789,normal,867,2,1782360393.6942995,0.0021500587463378906
145790,normal,3126,1,1782360393.6963263,0.002026796340942383
145791,normal,247,0,1782360393.6982598,0.0019335746765136719
145792,normal,858,2,1782360393.7001688,0.001909017562866211
145793,normal,902,2,1782360393.7022543,0.002085447311401367
145794,normal,224,0,1782360393.704149,0.0018947124481201172
145795,normal,1446,0,1782360393.7061708,0.00202178955078125
145796,normal,2114,0,1782360393.7081618,0.0019910335540771484
145797,normal,2954,0,1782360393.710272,0.0021102428436279297
145798,normal,492,0,1782360393.7121625,0.001890420913696289
145799,normal,726,0,1782360393.7143612,0.0021986961364746094
145800,normal,1073,0,1782360393.7160935,0.0017323493957519531
145801,normal,1026,2,1782360393.7181685,0.0020749568939208984
145802,normal,2934,0,1782360393.7201707,0.002002239227294922
145803,normal,2712,0,1782360393.7220495,0.0018787384033203125
145804,normal,58,0,1782360393.724185,0.0021355152130126953
145805,normal,2281,0,1782360393.7264075,0.0022225379943847656
145806,normal,1156,0,1782360393.7281792,0.001771688461303711
145807,normal,329,0,1782360393.7301824,0.002003192901611328
145808,normal,3554,0,1782360393.7323658,0.0021834373474121094
145809,normal,1379,1,1782360393.7342546,0.0018887519836425781
145810,normal,41,0,1782360393.736246,0.0019915103912353516
145811,normal,1935,0,1782360393.738454,0.0022079944610595703
145812,normal,2022,0,1782360393.7401052,0.0016510486602783203
145813,normal,620,0,1782360393.7421854,0.002080202102661133
145814,normal,2397,0,1782360393.7440224,0.001837015151977539
145815,normal,1404,0,1782360393.746094,0.0020716190338134766
145816,normal,443,0,1782360393.7480824,0.0019884109497070312
145817,normal,2221,0,1782360393.7500298,0.0019474029541015625
145818,normal,2359,0,1782360393.7520185,0.001988649368286133
145819,normal,2099,0,1782360393.7541912,0.002172708511352539
145820,normal,882,2,1782360393.7560499,0.0018587112426757812
145821,normal,419,0,1782360393.7580884,0.0020384788513183594
145822,normal,2433,0,1782360393.760143,0.0020546913146972656
145823,normal,777,2,1782360393.7620482,0.001905202865600586
145824,normal,251,0,1782360393.7641387,0.0020904541015625
145825,normal,338,0,1782360393.7660284,0.0018897056579589844
145826,normal,566,0,1782360393.7681377,0.0021092891693115234
145827,normal,3469,0,1782360393.770049,0.0019114017486572266
145828,normal,823,2,1782360393.772187,0.002137899398803711
145829,normal,2286,0,1782360393.7741337,0.0019466876983642578
145830,normal,11,0,1782360393.7761095,0.0019757747650146484
145831,normal,3536,0,1782360393.7781656,0.002056121826171875
145832,normal,2558,0,1782360393.7801325,0.0019669532775878906
145833,normal,1462,0,1782360393.7820609,0.0019283294677734375
145834,normal,2179,0,1782360393.7840507,0.0019898414611816406
145835,normal,2747,0,1782360393.7861445,0.002093791961669922
145836,normal,2597,0,1782360393.7880425,0.001898050308227539
145837,normal,647,0,1782360393.7901366,0.0020940303802490234
145838,normal,2229,0,1782360393.792232,0.002095460891723633
145839,normal,811,2,1782360393.7940903,0.0018582344055175781
145840,normal,2684,0,1782360393.7961366,0.002046346664428711
145841,normal,859,2,1782360393.7982135,0.002076864242553711
145842,normal,3533,0,1782360393.8001254,0.0019118785858154297
145843,normal,23,0,1782360393.8020709,0.00194549560546875
145844,normal,615,0,1782360393.8040657,0.0019948482513427734
145845,normal,1418,0,1782360393.806055,0.0019893646240234375
145846,normal,348,0,1782360393.8080103,0.001955270767211914
145847,normal,1979,0,1782360393.8100069,0.0019965171813964844
145848,normal,2570,0,1782360393.8119998,0.001992940902709961
145849,normal,331,0,1782360393.8140023,0.0020024776458740234
145850,normal,1667,0,1782360393.8160195,0.0020172595977783203
145851,normal,1626,0,1782360393.817998,0.0019783973693847656
145852,normal,1300,0,1782360393.8199987,0.0020008087158203125
145853,normal,699,0,1782360393.8219981,0.001999378204345703
145854,normal,3184,1,1782360393.8240921,0.0020940303802490234
145855,normal,2606,0,1782360393.8264332,0.002341032028198242
145856,normal,2828,0,1782360393.8281674,0.0017342567443847656
145857,normal,3065,1,1782360393.8300824,0.00191497802734375
145858,normal,2211,0,1782360393.8321292,0.002046823501586914
145859,normal,1510,0,1782360393.8341298,0.002000570297241211
145860,normal,1563,0,1782360393.836134,0.0020041465759277344
145861,normal,559,0,1782360393.8381898,0.0020558834075927734
145862,normal,2038,0,1782360393.8401437,0.0019538402557373047
145863,normal,208,0,1782360393.8420658,0.0019221305847167969
145864,normal,690,0,1782360393.8441362,0.0020704269409179688
145865,normal,259,0,1782360393.8461392,0.0020029544830322266
145866,normal,121,0,1782360393.8482547,0.002115488052368164
145867,normal,860,2,1782360393.8500845,0.0018298625946044922
145868,normal,2904,0,1782360393.8523548,0.002270221710205078
145869,normal,572,0,1782360393.8541882,0.0018334388732910156
145870,normal,1006,2,1782360393.8561897,0.002001523971557617
145871,normal,3668,0,1782360393.8583188,0.002129077911376953
145872,normal,2654,0,1782360393.8603904,0.0020716190338134766
145873,normal,2117,0,1782360393.8622773,0.0018868446350097656
145874,normal,2596,0,1782360393.864362,0.0020847320556640625
145875,normal,31,0,1782360393.8661487,0.0017867088317871094
145876,normal,1938,0,1782360393.8685358,0.0023870468139648438
145877,normal,2729,0,1782360393.8702757,0.0017399787902832031
145878,normal,288,0,1782360393.8721359,0.0018601417541503906
145879,normal,1821,0,1782360393.8742254,0.0020895004272460938
145880,normal,1645,0,1782360393.8762178,0.001992464065551758
145881,normal,958,2,1782360393.8781335,0.0019156932830810547
145882,normal,2103,0,1782360393.8802474,0.002113819122314453
145883,normal,2956,0,1782360393.8822393,0.0019919872283935547
145884,normal,3025,0,1782360393.8841374,0.001898050308227539
145885,normal,587,0,1782360393.8862307,0.0020933151245117188
145886,normal,3180,1,1782360393.888268,0.0020372867584228516
145887,normal,375,0,1782360393.8901927,0.001924753189086914
145888,normal,2172,0,1782360393.892202,0.002009153366088867
145889,normal,3073,1,1782360393.8942416,0.002039670944213867
145890,normal,1675,0,1782360393.896168,0.001926422119140625
145891,normal,1033,0,1782360393.898177,0.0020089149475097656
145892,normal,2282,0,1782360393.9002988,0.0021219253540039062
145893,normal,2326,0,1782360393.9021838,0.0018849372863769531
145894,normal,2366,0,1782360393.9042225,0.002038717269897461
145895,normal,1910,0,1782360393.9061785,0.0019559860229492188
145896,normal,831,2,1782360393.908141,0.001962423324584961
145897,normal,292,0,1782360393.9101415,0.002000570297241211
145898,normal,1945,0,1782360393.9122384,0.002096891403198242
145899,normal,2193,0,1782360393.9141507,0.0019123554229736328
145900,normal,3447,0,1782360393.9162529,0.0021021366119384766
145901,normal,3633,0,1782360393.918251,0.0019981861114501953
145902,normal,3377,1,1782360393.9201908,0.0019397735595703125
145903,normal,2610,0,1782360393.92214,0.0019490718841552734
145904,normal,1133,0,1782360393.9242284,0.0020885467529296875
145905,normal,2078,0,1782360393.926139,0.0019106864929199219
145906,normal,2516,0,1782360393.928234,0.0020949840545654297
145907,normal,1513,0,1782360393.9302273,0.0019931793212890625
145908,normal,2443,0,1782360393.9321733,0.0019459724426269531
145909,normal,981,2,1782360393.9342794,0.002106189727783203
145910,normal,571,0,1782360393.9363031,0.0020236968994140625
145911,normal,125,0,1782360393.9381819,0.0018787384033203125
145912,normal,1036,0,1782360393.9401627,0.0019807815551757812
145913,normal,626,0,1782360393.942254,0.0020914077758789062
145914,normal,2426,0,1782360393.9441786,0.0019245147705078125
145915,normal,3266,1,1782360393.9461386,0.0019600391387939453
145916,normal,487,0,1782360393.9482317,0.002093076705932617
145917,normal,3178,1,1782360393.9501338,0.0019021034240722656
145918,normal,905,2,1782360393.9522836,0.002149820327758789
145919,normal,157,0,1782360393.954272,0.0019884109497070312
145920,normal,2682,0,1782360393.9561865,0.0019145011901855469
145921,normal,289,0,1782360393.9582453,0.002058744430541992
145922,normal,3423,0,1782360393.960334,0.002088785171508789
145923,normal,363,0,1782360393.9622502,0.0019161701202392578
145924,normal,374,0,1782360393.9642823,0.002032041549682617
145925,normal,3696,0,1782360393.9663856,0.0021033287048339844
145926,normal,2401,0,1782360393.9680643,0.0016787052154541016
145927,normal,158,0,1782360393.970214,0.0021495819091796875
145928,normal,2551,0,1782360393.9722145,0.002000570297241211
145929,normal,3664,0,1782360393.9741373,0.0019228458404541016
145930,normal,1018,2,1782360393.9762135,0.0020761489868164062
145931,normal,2458,0,1782360393.9782152,0.0020017623901367188
145932,normal,2798,0,1782360393.980126,0.0019106864929199219
145933,normal,2925,0,1782360393.9822166,0.0020906925201416016
145934,normal,1596,0,1782360393.9842649,0.0020482540130615234
145935,normal,1828,0,1782360393.9862885,0.0020236968994140625
145936,normal,988,2,1782360393.9882617,0.0019731521606445312
145937,normal,2720,0,1782360393.9903686,0.002106904983520508
145938,normal,1303,0,1782360393.9930313,0.00266265869140625
145939,normal,3245,1,1782360393.9941845,0.0011532306671142578
145940,normal,2807,0,1782360393.9962568,0.0020723342895507812
145941,normal,985,2,1782360393.998155,0.0018982887268066406
145942,normal,2425,0,1782360394.0000682,0.0019130706787109375
145943,normal,3336,1,1782360394.0022078,0.002139568328857422
145944,normal,2635,0,1782360394.0044236,0.002215862274169922
145945,normal,380,0,1782360394.0061345,0.0017108917236328125
145946,normal,1225,0,1782360394.0082486,0.0021140575408935547
145947,normal,2686,0,1782360394.0100665,0.001817941665649414
145948,normal,1316,0,1782360394.012247,0.0021805763244628906
145949,normal,1000,2,1782360394.0142562,0.002009153366088867
145950,normal,1377,1,1782360394.0160747,0.0018184185028076172
145951,normal,3506,0,1782360394.0182543,0.0021796226501464844
145952,normal,2846,0,1782360394.020276,0.00202178955078125
145953,normal,3630,0,1782360394.02209,0.0018138885498046875
145954,normal,2967,0,1782360394.024256,0.0021660327911376953
145955,normal,2539,0,1782360394.026559,0.0023031234741210938
145956,normal,808,2,1782360394.0281823,0.0016231536865234375
145957,normal,2821,0,1782360394.030258,0.002075672149658203
145958,normal,3241,1,1782360394.0322332,0.0019752979278564453
145959,normal,520,0,1782360394.0342646,0.0020313262939453125
145960,normal,384,0,1782360394.0360742,0.0018095970153808594
145961,normal,362,0,1782360394.0381553,0.002081155776977539
145962,normal,2601,0,1782360394.040207,0.0020515918731689453
145963,normal,2212,0,1782360394.0420454,0.0018384456634521484
145964,normal,1314,0,1782360394.044173,0.0021276473999023438
145965,normal,1880,0,1782360394.0461442,0.0019712448120117188
145966,normal,1742,0,1782360394.0481894,0.002045154571533203
145967,normal,2357,0,1782360394.050078,0.0018885135650634766
145968,normal,1857,0,1782360394.0520682,0.0019903182983398438
145969,normal,2786,0,1782360394.0541904,0.002122163772583008
145970,normal,3532,0,1782360394.0561278,0.0019373893737792969
145971,normal,2106,0,1782360394.0581553,0.0020275115966796875
145972,normal,1286,0,1782360394.0601273,0.0019719600677490234
145973,normal,2130,0,1782360394.062103,0.0019757747650146484
145974,normal,2113,0,1782360394.0641644,0.0020613670349121094
145975,normal,1591,0,1782360394.0661385,0.0019741058349609375
145976,normal,2240,0,1782360394.0683727,0.002234220504760742
145977,normal,3388,1,1782360394.0702097,0.001837015151977539
145978,normal,3399,1,1782360394.0721557,0.0019459724426269531
145979,normal,2379,0,1782360394.0741885,0.002032756805419922
145980,normal,3562,0,1782360394.0761588,0.0019702911376953125
145981,normal,669,0,1782360394.0781507,0.0019919872283935547
145982,normal,1219,0,1782360394.080186,0.0020351409912109375
145983,normal,1946,0,1782360394.0821555,0.001969575881958008
145984,normal,1612,0,1782360394.084239,0.0020835399627685547
145985,normal,66,0,1782360394.0862205,0.001981496810913086
145986,normal,877,2,1782360394.0880597,0.0018391609191894531
145987,normal,1812,0,1782360394.090232,0.002172231674194336
145988,normal,1096,0,1782360394.092162,0.0019299983978271484
145989,normal,392,0,1782360394.0941346,0.001972675323486328
145990,normal,3220,1,1782360394.096231,0.002096414566040039
145991,normal,1436,0,1782360394.0981915,0.0019605159759521484
145992,normal,1866,0,1782360394.1001887,0.001997232437133789
145993,normal,1146,0,1782360394.1022015,0.0020127296447753906
145994,normal,1085,0,1782360394.1042325,0.002031087875366211
145995,normal,174,0,1782360394.106081,0.001848459243774414
145996,normal,415,0,1782360394.108251,0.002170085906982422
145997,normal,1152,0,1782360394.1102016,0.0019505023956298828
145998,normal,2246,0,1782360394.1121342,0.0019326210021972656
145999,normal,1712,0,1782360394.1142309,0.0020966529846191406
146000,normal,747,0,1782360394.1161234,0.0018925666809082031
146001,normal,3400,1,1782360394.1181939,0.0020704269409179688
146002,normal,2890,0,1782360394.1202097,0.002015829086303711
146003,normal,1756,0,1782360394.1222556,0.002045869827270508
146004,normal,343,0,1782360394.1241696,0.0019140243530273438
146005,normal,537,0,1782360394.1263475,0.0021779537200927734
146006,normal,1892,0,1782360394.1282496,0.0019021034240722656
146007,normal,2035,0,1782360394.1302123,0.0019626617431640625
146008,normal,2678,0,1782360394.1322389,0.0020265579223632812
146009,normal,3513,0,1782360394.1342435,0.0020046234130859375
146010,normal,3129,1,1782360394.136051,0.0018074512481689453
146011,normal,2313,0,1782360394.1382172,0.002166271209716797
146012,normal,743,0,1782360394.1401544,0.0019371509552001953
146013,normal,664,0,1782360394.142237,0.0020825862884521484
146014,normal,1809,0,1782360394.1441329,0.001895904541015625
146015,normal,3075,1,1782360394.1461546,0.00202178955078125
146016,normal,1439,0,1782360394.1481273,0.001972675323486328
146017,normal,2343,0,1782360394.1502316,0.0021042823791503906
146018,normal,130,0,1782360394.1527286,0.002496957778930664
146019,normal,3681,0,1782360394.1542103,0.001481771469116211
146020,normal,294,0,1782360394.1561413,0.0019309520721435547
146021,normal,2232,0,1782360394.158228,0.002086639404296875
146022,normal,675,0,1782360394.1600616,0.0018336772918701172
146023,normal,2718,0,1782360394.162238,0.0021762847900390625
146024,normal,3246,1,1782360394.1642632,0.0020253658294677734
146025,normal,1382,0,1782360394.1661625,0.0018992424011230469
146026,normal,1262,0,1782360394.168231,0.0020685195922851562
146027,normal,2818,0,1782360394.17024,0.0020089149475097656
146028,normal,2164,0,1782360394.172064,0.0018241405487060547
146029,normal,2023,0,1782360394.1742444,0.002180337905883789
146030,normal,1193,0,1782360394.1762724,0.0020279884338378906
146031,normal,3404,0,1782360394.1782596,0.0019872188568115234
146032,normal,3586,0,1782360394.1801758,0.0019161701202392578
146033,normal,577,0,1782360394.1822186,0.0020427703857421875
146034,normal,1984,0,1782360394.1842182,0.0019996166229248047
146035,normal,3137,1,1782360394.186351,0.002132892608642578
146036,normal,3654,0,1782360394.1883745,0.002023458480834961
146037,normal,2918,0,1782360394.1901557,0.0017812252044677734
146038,normal,2767,0,1782360394.1922047,0.002048969268798828
146039,normal,2545,0,1782360394.19457,0.0023653507232666016
146040,normal,441,0,1782360394.196187,0.0016169548034667969
146041,normal,3573,0,1782360394.198188,0.002001047134399414
146042,normal,1475,0,1782360394.2002208,0.002032756805419922
146043,normal,1487,0,1782360394.2021282,0.0019073486328125
146044,normal,2942,0,1782360394.204233,0.0021047592163085938
146045,normal,3268,1,1782360394.2061782,0.0019452571868896484
146046,normal,2619,0,1782360394.2081423,0.001964092254638672
146047,normal,1746,0,1782360394.2102306,0.002088308334350586
146048,normal,2697,0,1782360394.212228,0.0019974708557128906
146049,normal,820,2,1782360394.2141554,0.0019273757934570312
146050,normal,2089,0,1782360394.2162802,0.002124786376953125
146051,normal,2218,0,1782360394.218311,0.0020308494567871094
146052,normal,2943,0,1782360394.2200925,0.001781463623046875
146053,normal,1423,0,1782360394.2221498,0.002057313919067383
146054,normal,163,0,1782360394.2242727,0.0021228790283203125
146055,normal,3337,1,1782360394.2261147,0.0018420219421386719
146056,normal,632,0,1782360394.228204,0.002089262008666992
146057,normal,1931,0,1782360394.2301595,0.0019555091857910156
146058,normal,1722,0,1782360394.2321358,0.0019762516021728516
146059,normal,1507,0,1782360394.23424,0.0021042823791503906
146060,normal,245,0,1782360394.2362368,0.001996755599975586
146061,normal,2837,0,1782360394.2380624,0.001825571060180664
146062,normal,1205,0,1782360394.2402549,0.0021924972534179688
146063,normal,842,2,1782360394.2422621,0.0020072460174560547
146064,normal,534,0,1782360394.2441654,0.0019032955169677734
146065,normal,2057,0,1782360394.2461953,0.002029895782470703
146066,normal,1790,0,1782360394.248246,0.002050638198852539
146067,normal,387,0,1782360394.250137,0.0018911361694335938
146068,normal,3099,1,1782360394.2522297,0.002092599868774414
146069,normal,3121,1,1782360394.2542367,0.002007007598876953
146070,normal,1172,0,1782360394.256074,0.0018372535705566406
146071,normal,3093,1,1782360394.2582757,0.0022017955780029297
146072,normal,2153,0,1782360394.2602894,0.002013683319091797
146073,normal,1605,0,1782360394.262148,0.0018584728240966797
146074,normal,1409,0,1782360394.2641897,0.0020418167114257812
146075,normal,1760,0,1782360394.2661,0.0019102096557617188
146076,normal,3202,1,1782360394.2681308,0.0020308494567871094
146077,normal,1364,1,1782360394.2701914,0.0020606517791748047
146078,normal,2318,0,1782360394.2721715,0.0019800662994384766
146079,normal,3332,1,1782360394.2741141,0.0019426345825195312
146080,normal,3110,1,1782360394.2761843,0.002070188522338867
146081,normal,818,2,1782360394.2782345,0.002050161361694336
146082,normal,3475,0,1782360394.280073,0.0018384456634521484
146083,normal,257,0,1782360394.2822309,0.002157926559448242
146084,normal,1996,0,1782360394.284257,0.002026081085205078
146085,normal,3522,0,1782360394.286109,0.0018520355224609375
146086,normal,2649,0,1782360394.2882607,0.0021517276763916016
146087,normal,117,0,1782360394.2902415,0.0019807815551757812
146088,normal,723,0,1782360394.2921085,0.001867055892944336
146089,normal,2027,0,1782360394.2942123,0.0021038055419921875
146090,normal,789,2,1782360394.2961838,0.0019714832305908203
146091,normal,3414,0,1782360394.2981024,0.0019185543060302734
146092,normal,1820,0,1782360394.3001683,0.002065896987915039
146093,normal,2691,0,1782360394.3022377,0.0020694732666015625
146094,normal,3560,0,1782360394.3040192,0.001781463623046875
146095,normal,1889,0,1782360394.3061671,0.0021479129791259766
146096,normal,826,2,1782360394.3081672,0.002000093460083008
146097,normal,653,0,1782360394.3101492,0.001981973648071289
146098,normal,334,0,1782360394.3123002,0.002151012420654297
146099,normal,3334,1,1782360394.3143573,0.0020570755004882812
146100,normal,998,2,1782360394.3161628,0.0018055438995361328
146101,normal,740,0,1782360394.318247,0.0020842552185058594
146102,normal,2584,0,1782360394.32024,0.001992940902709961
146103,normal,351,0,1782360394.3221405,0.0019004344940185547
146104,normal,1924,0,1782360394.3242333,0.0020928382873535156
146105,normal,521,0,1782360394.3262992,0.002065896987915039
146106,normal,486,0,1782360394.328259,0.0019598007202148438
146107,normal,3542,0,1782360394.3301468,0.0018877983093261719
146108,normal,3441,0,1782360394.3322287,0.0020818710327148438
146109,normal,1674,0,1782360394.3341477,0.0019190311431884766
146110,normal,2482,0,1782360394.3362317,0.002084016799926758
146111,normal,2191,0,1782360394.338237,0.002005338668823242
146112,normal,1263,0,1782360394.3401403,0.0019032955169677734
146113,normal,3273,1,1782360394.342151,0.0020105838775634766
146114,normal,2652,0,1782360394.3442593,0.002108335494995117
146115,normal,1289,0,1782360394.3461442,0.0018849372863769531
146116,normal,1427,0,1782360394.3482397,0.002095460891723633
146117,normal,2467,0,1782360394.3502848,0.002045154571533203
146118,normal,2529,0,1782360394.3521154,0.0018305778503417969
146119,normal,1814,0,1782360394.3541996,0.0020842552185058594
146120,normal,1733,0,1782360394.3561342,0.0019345283508300781
146121,normal,750,0,1782360394.3581145,0.001980304718017578
146122,normal,3248,1,1782360394.3600516,0.0019371509552001953
146123,normal,221,0,1782360394.3620944,0.0020427703857421875
146124,normal,2612,0,1782360394.364288,0.0021936893463134766
146125,normal,1227,0,1782360394.3662071,0.0019190311431884766
146126,normal,2068,0,1782360394.3682687,0.002061605453491211
146127,normal,1470,0,1782360394.370243,0.001974344253540039
146128,normal,2630,0,1782360394.3723004,0.002057313919067383
146129,normal,2337,0,1782360394.374203,0.0019025802612304688
146130,normal,2265,0,1782360394.3761244,0.0019214153289794922
146131,normal,2768,0,1782360394.378489,0.002364635467529297
146132,normal,2105,0,1782360394.3805058,0.002016782760620117
146133,normal,609,0,1782360394.3822186,0.001712799072265625
146134,normal,2361,0,1782360394.384287,0.0020685195922851562
146135,normal,3078,1,1782360394.3862243,0.0019371509552001953
146136,normal,2480,0,1782360394.388211,0.0019867420196533203
146137,normal,145,0,1782360394.3901331,0.0019221305847167969
146138,normal,1150,0,1782360394.392585,0.0024518966674804688
146139,normal,3575,0,1782360394.3942015,0.0016164779663085938
146140,normal,3442,0,1782360394.3961535,0.0019519329071044922
146141,normal,1468,0,1782360394.39827,0.0021164417266845703
146142,normal,2396,0,1782360394.4000835,0.001813650131225586
146143,normal,1163,0,1782360394.4022696,0.0021860599517822266
146144,normal,1177,0,1782360394.4041848,0.0019152164459228516
146145,normal,2118,0,1782360394.4061654,0.0019805431365966797
146146,normal,1115,0,1782360394.4080772,0.0019118785858154297
146147,normal,2669,0,1782360394.4102604,0.002183198928833008
146148,normal,3395,1,1782360394.4121249,0.0018644332885742188
146149,normal,2295,0,1782360394.4141583,0.0020334720611572266
146150,normal,2960,0,1782360394.416268,0.0021097660064697266
146151,normal,74,0,1782360394.4181612,0.0018930435180664062
146152,normal,3594,0,1782360394.4201815,0.0020203590393066406
146153,normal,2037,0,1782360394.422262,0.0020804405212402344
146154,normal,1762,0,1782360394.4241703,0.0019083023071289062
146155,normal,1429,0,1782360394.4261951,0.0020248889923095703
146156,normal,397,0,1782360394.4282284,0.002033233642578125
146157,normal,1909,0,1782360394.4302135,0.0019850730895996094
146158,normal,3211,1,1782360394.432118,0.0019044876098632812
146159,normal,940,2,1782360394.4342804,0.002162456512451172
146160,normal,1257,0,1782360394.4360838,0.0018033981323242188
146161,normal,2050,0,1782360394.4382899,0.002206087112426758
146162,normal,217,0,1782360394.4401364,0.0018465518951416016
146163,normal,2327,0,1782360394.442151,0.002014636993408203
146164,normal,2137,0,1782360394.4442627,0.002111673355102539
146165,normal,2055,0,1782360394.4462643,0.002001523971557617
146166,normal,3605,0,1782360394.4481947,0.0019304752349853516
146167,normal,920,2,1782360394.450221,0.0020263195037841797
146168,normal,3318,1,1782360394.4522789,0.002057790756225586
146169,normal,2134,0,1782360394.4542572,0.0019783973693847656
146170,normal,2121,0,1782360394.4563522,0.0020949840545654297
146171,normal,3168,1,1782360394.4582255,0.0018732547760009766
146172,normal,413,0,1782360394.46029,0.0020644664764404297
146173,normal,3363,1,1782360394.4622662,0.0019762516021728516
146174,normal,377,0,1782360394.4642212,0.0019550323486328125
146175,normal,1704,0,1782360394.4661496,0.0019283294677734375
146176,normal,3014,0,1782360394.4681695,0.0020198822021484375
146177,normal,3479,0,1782360394.4702687,0.002099275588989258
146178,normal,3304,1,1782360394.472075,0.0018062591552734375
146179,normal,455,0,1782360394.474152,0.0020771026611328125
146180,normal,2463,0,1782360394.4760842,0.0019321441650390625
146181,normal,1028,2,1782360394.4780388,0.0019545555114746094
146182,normal,3359,1,1782360394.4801486,0.0021097660064697266
146183,normal,2643,0,1782360394.482073,0.0019245147705078125
146184,normal,1752,0,1782360394.4846215,0.0025484561920166016
146185,normal,1641,0,1782360394.4862168,0.0015952587127685547
146186,normal,3504,0,1782360394.4881177,0.0019009113311767578
146187,normal,489,0,1782360394.4900508,0.0019330978393554688
146188,normal,546,0,1782360394.492162,0.002111196517944336
146189,normal,2079,0,1782360394.4941142,0.0019521713256835938
146190,normal,2013,0,1782360394.4960763,0.0019621849060058594
146191,normal,3289,1,1782360394.4981258,0.0020494461059570312
146192,normal,3183,1,1782360394.500098,0.001972198486328125
146193,normal,3695,0,1782360394.5020463,0.0019483566284179688
146194,normal,6,0,1782360394.5041754,0.002129077911376953
146195,normal,3047,1,1782360394.5062497,0.0020742416381835938
146196,normal,1749,0,1782360394.5080752,0.001825571060180664
146197,normal,2957,0,1782360394.5102792,0.0022039413452148438
146198,normal,2356,0,1782360394.5122948,0.0020155906677246094
146199,normal,1904,0,1782360394.5142083,0.0019135475158691406
146200,normal,2985,0,1782360394.5161152,0.0019068717956542969
146201,normal,2733,0,1782360394.5183482,0.0022330284118652344
146202,normal,1800,0,1782360394.5201826,0.0018343925476074219
146203,normal,973,2,1782360394.5224,0.0022172927856445312
146204,normal,3125,1,1782360394.5243466,0.0019466876983642578
146205,normal,1770,0,1782360394.526172,0.0018253326416015625
146206,normal,2297,0,1782360394.5281746,0.002002716064453125
146207,normal,2523,0,1782360394.5304246,0.0022499561309814453
146208,normal,874,2,1782360394.5321038,0.0016791820526123047
146209,normal,3558,0,1782360394.534244,0.0021402835845947266
146210,normal,3284,1,1782360394.5362382,0.0019941329956054688
146211,normal,814,2,1782360394.538052,0.0018138885498046875
146212,normal,299,0,1782360394.5402505,0.002198457717895508
146213,normal,206,0,1782360394.542252,0.002001523971557617
146214,normal,1123,0,1782360394.5441556,0.001903533935546875
146215,normal,1424,0,1782360394.546172,0.002016305923461914
146216,normal,1007,2,1782360394.548349,0.002177000045776367
146217,normal,1236,0,1782360394.5500925,0.0017435550689697266
146218,normal,2923,0,1782360394.5523007,0.002208232879638672
146219,normal,2413,0,1782360394.5543156,0.0020148754119873047
146220,normal,159,0,1782360394.5560873,0.001771688461303711
146221,normal,724,0,1782360394.558259,0.002171754837036133
146222,normal,45,0,1782360394.5602782,0.002019166946411133
146223,normal,595,0,1782360394.562115,0.0018367767333984375
146224,normal,470,0,1782360394.5642235,0.0021085739135742188
146225,normal,960,2,1782360394.5662487,0.002025127410888672
146226,normal,1801,0,1782360394.5680673,0.0018186569213867188
146227,normal,3428,0,1782360394.5702531,0.002185821533203125
146228,normal,1545,0,1782360394.5722604,0.0020072460174560547
146229,normal,398,0,1782360394.5740697,0.0018093585968017578
146230,normal,1502,0,1782360394.5762844,0.002214670181274414
146231,normal,1593,0,1782360394.578274,0.001989603042602539
146232,normal,1744,0,1782360394.5801785,0.0019044876098632812
146233,normal,2133,0,1782360394.582265,0.0020864009857177734
146234,normal,2616,0,1782360394.5843,0.0020351409912109375
146235,normal,3665,0,1782360394.5861588,0.0018587112426757812
146236,normal,2602,0,1782360394.5882623,0.002103567123413086
146237,normal,495,0,1782360394.590262,0.0019996166229248047
146238,normal,681,0,1782360394.5932333,0.0029714107513427734
146239,normal,1826,0,1782360394.594085,0.0008516311645507812
146240,normal,1508,0,1782360394.5961916,0.0021066665649414062
146241,normal,68,0,1782360394.5982015,0.002009868621826172
146242,normal,381,0,1782360394.6002269,0.0020253658294677734
146243,normal,1818,0,1782360394.602295,0.002068042755126953
146244,normal,349,0,1782360394.6042335,0.0019385814666748047
146245,normal,1043,0,1782360394.6061883,0.001954793930053711
146246,normal,2901,0,1782360394.6082282,0.0020399093627929688
146247,normal,3488,0,1782360394.6101534,0.0019252300262451172
146248,normal,3458,0,1782360394.6122127,0.0020592212677001953
146249,normal,2135,0,1782360394.6141336,0.001920938491821289
146250,normal,359,0,1782360394.616114,0.001980304718017578
146251,normal,1991,0,1782360394.6181686,0.0020546913146972656
146252,normal,3440,0,1782360394.620187,0.002018451690673828
146253,normal,51,0,1782360394.622161,0.001973867416381836
146254,normal,2903,0,1782360394.6242254,0.0020644664764404297
146255,normal,1282,0,1782360394.6262422,0.002016782760620117
146256,normal,3012,0,1782360394.6282015,0.0019593238830566406
146257,normal,1331,1,1782360394.630271,0.0020694732666015625
146258,normal,915,2,1782360394.632232,0.0019609928131103516
146259,normal,1923,0,1782360394.6342285,0.0019965171813964844
146260,normal,1157,0,1782360394.6361895,0.0019609928131103516
146261,normal,1072,0,1782360394.6381886,0.0019991397857666016
146262,normal,2196,0,1782360394.6401205,0.001931905746459961
146263,normal,2801,0,1782360394.6421783,0.002057790756225586
146264,normal,3407,0,1782360394.6442368,0.0020585060119628906
146265,normal,2475,0,1782360394.6463163,0.002079486846923828
146266,normal,1842,0,1782360394.6481528,0.001836538314819336
146267,normal,3690,0,1782360394.650255,0.0021021366119384766
146268,normal,793,2,1782360394.6521547,0.00189971923828125
146269,normal,2183,0,1782360394.6542747,0.0021200180053710938
146270,normal,1199,0,1782360394.656299,0.002024412155151367
146271,normal,73,0,1782360394.6582632,0.001964092254638672
146272,normal,2081,0,1782360394.660242,0.0019788742065429688
146273,normal,2834,0,1782360394.6624494,0.0022072792053222656
146274,normal,538,0,1782360394.6640992,0.0016498565673828125
146275,normal,2259,0,1782360394.6662636,0.0021643638610839844
146276,normal,959,2,1782360394.6682632,0.0019996166229248047
146277,normal,3095,1,1782360394.670078,0.0018148422241210938
146278,normal,1627,0,1782360394.6722977,0.002219676971435547
146279,normal,342,0,1782360394.674435,0.0021371841430664062
146280,normal,2685,0,1782360394.6760702,0.0016353130340576172
146281,normal,1734,0,1782360394.6781533,0.0020830631256103516
146282,normal,907,2,1782360394.680262,0.0021088123321533203
146283,normal,1094,0,1782360394.6821601,0.001898050308227539
146284,normal,2585,0,1782360394.6842737,0.0021135807037353516
146285,normal,3279,1,1782360394.686294,0.0020203590393066406
146286,normal,1256,0,1782360394.6881673,0.0018732547760009766
146287,normal,3234,1,1782360394.6902852,0.0021178722381591797
146288,normal,3405,0,1782360394.6922674,0.0019822120666503906
146289,normal,1771,0,1782360394.6941586,0.0018911361694335938
146290,normal,2766,0,1782360394.6963344,0.0021758079528808594
146291,normal,3161,1,1782360394.6983802,0.002045869827270508
146292,normal,1376,1,1782360394.7001488,0.0017685890197753906
146293,normal,1649,0,1782360394.7022326,0.0020837783813476562
146294,normal,706,0,1782360394.7043648,0.0021321773529052734
146295,normal,556,0,1782360394.7062058,0.0018410682678222656
146296,normal,3661,0,1782360394.7081459,0.001940011978149414
146297,normal,2008,0,1782360394.7102447,0.0020987987518310547
146298,normal,1425,0,1782360394.7121658,0.0019211769104003906
146299,normal,194,0,1782360394.7141986,0.002032756805419922
146300,normal,3354,1,1782360394.7163339,0.0021352767944335938
146301,normal,3046,1,1782360394.7182205,0.001886606216430664
146302,normal,2586,0,1782360394.7202961,0.002075672149658203
146303,normal,2017,0,1782360394.7222435,0.0019474029541015625
146304,normal,1489,0,1782360394.7241673,0.0019237995147705078
146305,normal,1209,0,1782360394.7264266,0.0022592544555664062
146306,normal,2519,0,1782360394.7285903,0.0021636486053466797
146307,normal,3421,0,1782360394.7302227,0.0016324520111083984
146308,normal,1242,0,1782360394.7322717,0.002048969268798828
146309,normal,1652,0,1782360394.7343218,0.002050161361694336
146310,normal,2707,0,1782360394.736213,0.0018911361694335938
146311,normal,2064,0,1782360394.7381349,0.0019218921661376953
146312,normal,1330,1,1782360394.7405057,0.0023708343505859375
146313,normal,151,0,1782360394.7422042,0.0016984939575195312
146314,normal,20,0,1782360394.7441595,0.001955270767211914
146315,normal,906,2,1782360394.746276,0.0021164417266845703
146316,normal,3049,1,1782360394.748165,0.0018889904022216797
146317,normal,2378,0,1782360394.7501636,0.0019986629486083984
146318,normal,3086,1,1782360394.7522683,0.0021047592163085938
146319,normal,1574,0,1782360394.754185,0.001916646957397461
146320,normal,1634,0,1782360394.756172,0.001986980438232422
146321,normal,1089,0,1782360394.7582672,0.0020952224731445312
146322,normal,1400,0,1782360394.7602227,0.0019555091857910156
146323,normal,322,0,1782360394.7621622,0.001939535140991211
146324,normal,1697,0,1782360394.764283,0.0021207332611083984
146325,normal,1877,0,1782360394.7661693,0.0018863677978515625
146326,normal,1393,0,1782360394.76816,0.001990795135498047
146327,normal,2713,0,1782360394.770263,0.0021028518676757812
146328,normal,3263,1,1782360394.7721722,0.0019092559814453125
146329,normal,3620,0,1782360394.7742913,0.0021190643310546875
146330,normal,3251,1,1782360394.7763135,0.002022266387939453
146331,normal,1130,0,1782360394.7782137,0.0019001960754394531
146332,normal,849,2,1782360394.7802258,0.002012014389038086
146333,normal,733,0,1782360394.7822864,0.0020606517791748047
146334,normal,414,0,1782360394.7841709,0.00188446044921875
146335,normal,410,0,1782360394.7861798,0.0020089149475097656
146336,normal,700,0,1782360394.7882814,0.0021016597747802734
146337,normal,2477,0,1782360394.7901585,0.0018770694732666016
146338,normal,1083,0,1782360394.7922556,0.0020971298217773438
146339,normal,3009,0,1782360394.7942576,0.0020020008087158203
146340,normal,1536,0,1782360394.7962916,0.0020339488983154297
146341,normal,3700,0,1782360394.7982206,0.0019290447235107422
146342,normal,3039,0,1782360394.800326,0.0021054744720458984
146343,normal,1941,0,1782360394.802309,0.0019829273223876953
146344,normal,404,0,1782360394.804356,0.0020470619201660156
146345,normal,1198,0,1782360394.8063846,0.0020284652709960938
146346,normal,1284,0,1782360394.8081446,0.0017600059509277344
146347,normal,2007,0,1782360394.8102627,0.0021181106567382812
146348,normal,3528,0,1782360394.8124626,0.002199888229370117
146349,normal,1859,0,1782360394.814085,0.0016224384307861328
146350,normal,1549,0,1782360394.816251,0.0021660327911376953
146351,normal,2651,0,1782360394.818255,0.002003908157348633
146352,normal,2867,0,1782360394.8201523,0.0018973350524902344
146353,normal,3188,1,1782360394.8222582,0.0021059513092041016
146354,normal,2115,0,1782360394.8242517,0.001993417739868164
146355,normal,258,0,1782360394.8261678,0.0019161701202392578
146356,normal,361,0,1782360394.8281484,0.0019805431365966797
146357,normal,188,0,1782360394.8302536,0.002105236053466797
146358,normal,2272,0,1782360394.832209,0.0019555091857910156
146359,normal,269,0,1782360394.8344295,0.0022203922271728516
146360,normal,1212,0,1782360394.8362496,0.0018200874328613281
146361,normal,1413,0,1782360394.838157,0.0019073486328125
146362,normal,3402,0,1782360394.8402512,0.002094268798828125
146363,normal,2407,0,1782360394.842268,0.002016782760620117
146364,normal,1275,0,1782360394.844162,0.0018939971923828125
146365,normal,1740,0,1782360394.8462284,0.002066373825073242
146366,normal,1990,0,1782360394.8483098,0.0020813941955566406
146367,normal,1231,0,1782360394.8501656,0.0018558502197265625
146368,normal,3002,0,1782360394.852167,0.0020012855529785156
146369,normal,385,0,1782360394.8542736,0.0021066665649414062
146370,normal,2645,0,1782360394.856171,0.0018973350524902344
146371,normal,2655,0,1782360394.8581655,0.001994609832763672
146372,normal,2687,0,1782360394.8602958,0.002130270004272461
146373,normal,815,2,1782360394.8622615,0.001965761184692383
146374,normal,3641,0,1782360394.8642097,0.0019481182098388672
146375,normal,540,0,1782360394.8662057,0.0019960403442382812
146376,normal,434,0,1782360394.8683517,0.002146005630493164
146377,normal,1623,0,1782360394.8702319,0.0018801689147949219
146378,normal,1689,0,1782360394.8724463,0.0022144317626953125
146379,normal,1518,0,1782360394.8742342,0.0017879009246826172
146380,normal,179,0,1782360394.876168,0.0019338130950927734
146381,normal,2072,0,1782360394.8783998,0.0022318363189697266
146382,normal,2554,0,1782360394.8802981,0.0018982887268066406
146383,normal,3092,1,1782360394.8821967,0.0018985271453857422
146384,normal,525,0,1782360394.8842502,0.002053499221801758
146385,normal,1287,0,1782360394.8861477,0.001897573471069336
146386,normal,203,0,1782360394.88824,0.0020923614501953125
146387,normal,3676,0,1782360394.890249,0.0020089149475097656
146388,normal,1684,0,1782360394.8921578,0.0019087791442871094
146389,normal,3516,0,1782360394.8942766,0.002118825912475586
146390,normal,3035,0,1782360394.8962595,0.0019829273223876953
146391,normal,2132,0,1782360394.8982213,0.0019617080688476562
146392,normal,3529,0,1782360394.9001858,0.001964569091796875
146393,normal,3325,1,1782360394.9023054,0.0021195411682128906
146394,normal,2046,0,1782360394.904216,0.0019106864929199219
146395,normal,542,0,1782360394.906189,0.0019729137420654297
146396,normal,3226,1,1782360394.9082506,0.002061605453491211
146397,normal,1862,0,1782360394.910182,0.0019314289093017578
146398,normal,1308,0,1782360394.9121945,0.002012491226196289
146399,normal,1882,0,1782360394.9143257,0.002131223678588867
146400,normal,2915,0,1782360394.916177,0.0018513202667236328
146401,normal,2681,0,1782360394.9181464,0.0019693374633789062
146402,normal,1333,1,1782360394.920264,0.002117633819580078
146403,normal,2051,0,1782360394.9221575,0.0018935203552246094
146404,normal,2152,0,1782360394.9242585,0.0021009445190429688
146405,normal,1501,0,1782360394.9262662,0.002007722854614258
146406,normal,1819,0,1782360394.928167,0.0019009113311767578
146407,normal,1573,0,1782360394.9301732,0.002006053924560547
146408,normal,3416,0,1782360394.932281,0.002107858657836914
146409,normal,1963,0,1782360394.9342146,0.0019335746765136719
146410,normal,482,0,1782360394.936164,0.001949310302734375
146411,normal,3296,1,1782360394.9382637,0.002099752426147461
146412,normal,1632,0,1782360394.9401615,0.0018978118896484375
146413,normal,523,0,1782360394.9421647,0.002003192901611328
146414,normal,2166,0,1782360394.9442627,0.00209808349609375
146415,normal,993,2,1782360394.9461696,0.0019068717956542969
146416,normal,44,0,1782360394.948193,0.002023458480834961
146417,normal,569,0,1782360394.9503036,0.0021104812622070312
146418,normal,30,0,1782360394.9522145,0.0019109249114990234
146419,normal,3087,1,1782360394.9542181,0.0020036697387695312
146420,normal,1125,0,1782360394.9562764,0.002058267593383789
146421,normal,3070,1,1782360394.9581823,0.0019059181213378906
146422,normal,1741,0,1782360394.960199,0.002016782760620117
146423,normal,1014,2,1782360394.9622717,0.002072572708129883
146424,normal,1850,0,1782360394.9641583,0.001886606216430664
146425,normal,1037,0,1782360394.9662642,0.0021059513092041016
146426,normal,619,0,1782360394.968263,0.0019986629486083984
146427,normal,2755,0,1782360394.9702222,0.0019593238830566406
146428,normal,1285,0,1782360394.9722204,0.0019981861114501953
146429,normal,1295,0,1782360394.974322,0.0021016597747802734
146430,normal,2484,0,1782360394.976202,0.0018799304962158203
146431,normal,2031,0,1782360394.978265,0.0020630359649658203
146432,normal,2623,0,1782360394.980351,0.0020859241485595703
146433,normal,3224,1,1782360394.982182,0.0018310546875
146434,normal,1029,2,1782360394.9843025,0.002120494842529297
146435,normal,1786,0,1782360394.9862497,0.001947164535522461
146436,normal,2168,0,1782360394.9881554,0.001905679702758789
146437,normal,2792,0,1782360394.9902518,0.002096414566040039
146438,normal,1192,0,1782360394.992157,0.001905202865600586
146439,normal,311,0,1782360394.9940078,0.0018508434295654297
146440,normal,1060,0,1782360394.9963295,0.0023217201232910156
146441,normal,1588,0,1782360394.9982405,0.0019109249114990234
146442,normal,494,0,1782360395.00003,0.0017895698547363281
146443,normal,2916,0,1782360395.0021834,0.0021533966064453125
146444,normal,580,0,1782360395.0041418,0.0019583702087402344
146445,normal,2897,0,1782360395.0060287,0.0018868446350097656
146446,normal,773,2,1782360395.0081952,0.0021665096282958984
146447,normal,1244,0,1782360395.0101979,0.002002716064453125
146448,normal,1464,0,1782360395.012035,0.001837015151977539
146449,normal,2162,0,1782360395.0141828,0.0021479129791259766
146450,normal,1903,0,1782360395.0160737,0.0018908977508544922
146451,normal,2044,0,1782360395.0181522,0.002078533172607422
146452,normal,1158,0,1782360395.020079,0.0019266605377197266
146453,normal,3133,1,1782360395.0223088,0.002229928970336914
146454,normal,1839,0,1782360395.0242767,0.001967906951904297
146455,normal,155,0,1782360395.0262163,0.001939535140991211
146456,normal,776,2,1782360395.028264,0.0020477771759033203
146457,normal,1090,0,1782360395.0300696,0.0018055438995361328
146458,normal,475,0,1782360395.0322564,0.0021867752075195312
146459,normal,3347,1,1782360395.0342658,0.0020093917846679688
146460,normal,3327,1,1782360395.0361857,0.0019199848175048828
146461,normal,1955,0,1782360395.0380743,0.0018885135650634766
146462,normal,34,0,1782360395.0402734,0.0021991729736328125
146463,normal,2978,0,1782360395.04209,0.0018165111541748047
146464,normal,435,0,1782360395.0442662,0.0021762847900390625
146465,normal,1261,0,1782360395.0462577,0.0019915103912353516
146466,normal,1406,0,1782360395.0482945,0.0020368099212646484
146467,normal,2052,0,1782360395.0501802,0.0018856525421142578
146468,normal,86,0,1782360395.0523458,0.002165555953979492
146469,normal,2632,0,1782360395.054114,0.001768350601196289
146470,normal,3227,1,1782360395.0561297,0.0020155906677246094
146471,normal,2231,0,1782360395.0581625,0.002032756805419922
146472,normal,3496,0,1782360395.060044,0.0018815994262695312
146473,normal,1484,0,1782360395.062146,0.002101898193359375
146474,normal,1383,0,1782360395.064168,0.0020220279693603516
146475,normal,3190,1,1782360395.0661368,0.001968860626220703
146476,normal,576,0,1782360395.0683477,0.002210855484008789
146477,normal,210,0,1782360395.0703106,0.001962900161743164
146478,normal,3378,1,1782360395.0722375,0.0019268989562988281
146479,normal,2921,0,1782360395.074164,0.001926422119140625
146480,normal,1998,0,1782360395.0763505,0.0021865367889404297
146481,normal,1044,0,1782360395.0785477,0.002197265625
146482,normal,1390,0,1782360395.0802507,0.001703023910522461
146483,normal,1777,0,1782360395.0824404,0.00218963623046875
146484,normal,1940,0,1782360395.084122,0.0016815662384033203
146485,normal,1858,0,1782360395.0862055,0.0020835399627685547
146486,normal,3293,1,1782360395.0883217,0.0021162033081054688
146487,normal,1151,0,1782360395.090222,0.0019001960754394531
146488,normal,1618,0,1782360395.0925403,0.0023183822631835938
146489,normal,2104,0,1782360395.0941186,0.0015783309936523438
146490,normal,3621,0,1782360395.0962627,0.0021440982818603516
146491,normal,3221,1,1782360395.0981698,0.0019071102142333984
146492,normal,2219,0,1782360395.1002684,0.002098560333251953
146493,normal,99,0,1782360395.1021712,0.0019028186798095703
146494,normal,142,0,1782360395.104175,0.002003908157348633
146495,normal,2785,0,1782360395.1062863,0.002111196517944336
146496,normal,249,0,1782360395.1080742,0.0017879009246826172
146497,normal,753,0,1782360395.1102612,0.002187013626098633
146498,normal,2962,0,1782360395.1121912,0.0019299983978271484
146499,normal,927,2,1782360395.1141725,0.0019812583923339844
146500,normal,2032,0,1782360395.1161647,0.0019922256469726562
146501,normal,1807,0,1782360395.1182709,0.002106189727783203
146502,normal,3686,0,1782360395.1201575,0.001886606216430664
146503,normal,3369,1,1782360395.1221638,0.0020062923431396484
146504,normal,1766,0,1782360395.124278,0.0021142959594726562
146505,normal,778,2,1782360395.1261928,0.0019147396087646484
146506,normal,1315,0,1782360395.1282036,0.002010822296142578
146507,normal,3472,0,1782360395.1303296,0.002125978469848633
146508,normal,2886,0,1782360395.1322057,0.0018761157989501953
146509,normal,1739,0,1782360395.1341817,0.00197601318359375
146510,normal,839,2,1782360395.136282,0.002100229263305664
146511,normal,531,0,1782360395.138208,0.0019259452819824219
146512,normal,749,0,1782360395.1401615,0.001953601837158203
146513,normal,2587,0,1782360395.142255,0.0020935535430908203
146514,normal,1238,0,1782360395.1441598,0.0019047260284423828
146515,normal,3503,0,1782360395.1461582,0.001998424530029297
146516,normal,2987,0,1782360395.148418,0.0022597312927246094
146517,normal,133,0,1782360395.1501205,0.0017025470733642578
146518,normal,880,2,1782360395.1522071,0.002086639404296875
146519,normal,302,0,1782360395.1544013,0.0021941661834716797
146520,normal,658,0,1782360395.1562562,0.0018548965454101562
146521,normal,1628,0,1782360395.1582313,0.0019750595092773438
146522,normal,1581,0,1782360395.1602468,0.0020155906677246094
146523,normal,254,0,1782360395.1622677,0.0020208358764648438
146524,normal,1456,0,1782360395.164249,0.0019812583923339844
146525,normal,2827,0,1782360395.166174,0.0019249916076660156
146526,normal,2440,0,1782360395.1681516,0.001977682113647461
146527,normal,2726,0,1782360395.170249,0.0020973682403564453
146528,normal,2521,0,1782360395.172273,0.002023935317993164
146529,normal,1108,0,1782360395.1741974,0.0019245147705078125
146530,normal,1897,0,1782360395.1762497,0.00205230712890625
146531,normal,786,2,1782360395.1782467,0.0019969940185546875
146532,normal,800,2,1782360395.180132,0.0018851757049560547
146533,normal,835,2,1782360395.1821811,0.0020492076873779297
146534,normal,2156,0,1782360395.1844923,0.002311229705810547
146535,normal,2276,0,1782360395.186154,0.001661539077758789
146536,normal,2464,0,1782360395.1881626,0.002008676528930664
146537,normal,1611,0,1782360395.1901479,0.001985311508178711
146538,normal,233,0,1782360395.1921875,0.002039670944213867
146539,normal,2706,0,1782360395.1949396,0.002752065658569336
146540,normal,2891,0,1782360395.1960878,0.001148223876953125
146541,normal,2511,0,1782360395.198072,0.001984119415283203
146542,normal,698,0,1782360395.200177,0.0021049976348876953
146543,normal,2449,0,1782360395.2021458,0.001968860626220703
146544,normal,590,0,1782360395.204087,0.0019412040710449219
146545,normal,3203,1,1782360395.206147,0.0020599365234375
146546,normal,2083,0,1782360395.2080512,0.0019042491912841797
146547,normal,2127,0,1782360395.2101417,0.0020904541015625
146548,normal,3297,1,1782360395.2121408,0.0019991397857666016
146549,normal,1449,0,1782360395.21412,0.0019791126251220703
146550,normal,1491,0,1782360395.216143,0.002022981643676758
146551,normal,1249,0,1782360395.2181606,0.0020177364349365234
146552,normal,1614,0,1782360395.2200985,0.0019378662109375
146553,normal,1373,1,1782360395.2221959,0.0020973682403564453
146554,normal,3490,0,1782360395.224218,0.0020220279693603516
146555,normal,2774,0,1782360395.226142,0.0019240379333496094
146556,normal,1831,0,1782360395.2281294,0.001987457275390625
146557,normal,661,0,1782360395.2302387,0.0021092891693115234
146558,normal,305,0,1782360395.2322493,0.0020105838775634766
146559,normal,3649,0,1782360395.234042,0.0017926692962646484
146560,normal,1065,0,1782360395.2362993,0.0022573471069335938
146561,normal,1004,2,1782360395.238108,0.0018086433410644531
146562,normal,3437,0,1782360395.240244,0.0021359920501708984
146563,normal,3657,0,1782360395.2421572,0.001913309097290039
146564,normal,2542,0,1782360395.2441866,0.0020294189453125
146565,normal,1478,0,1782360395.2461796,0.001992940902709961
146566,normal,1906,0,1782360395.2482536,0.002074003219604492
146567,normal,47,0,1782360395.2501416,0.0018880367279052734
146568,normal,2615,0,1782360395.25217,0.0020284652709960938
146569,normal,2431,0,1782360395.2542026,0.0020325183868408203
146570,normal,894,2,1782360395.2560878,0.0018851757049560547
146571,normal,2362,0,1782360395.2581577,0.0020699501037597656
146572,normal,353,0,1782360395.260132,0.001974344253540039
146573,normal,231,0,1782360395.2621465,0.0020143985748291016
146574,normal,394,0,1782360395.2640367,0.0018901824951171875
146575,normal,3135,1,1782360395.2661748,0.0021381378173828125
146576,normal,165,0,1782360395.268063,0.001888275146484375
146577,normal,1098,0,1782360395.2701335,0.0020704269409179688
146578,normal,3478,0,1782360395.2721298,0.001996278762817383
146579,normal,1486,0,1782360395.2741315,0.0020017623901367188
146580,normal,3514,0,1782360395.2760468,0.0019152164459228516
146581,normal,3253,1,1782360395.278133,0.002086162567138672
146582,normal,1207,0,1782360395.2801611,0.002028226852416992
146583,normal,1956,0,1782360395.2820282,0.001867055892944336
146584,normal,1982,0,1782360395.284151,0.0021228790283203125
146585,normal,2689,0,1782360395.2861726,0.0020215511322021484
146586,normal,2900,0,1782360395.2880495,0.0018768310546875
146587,normal,3639,0,1782360395.2901342,0.0020847320556640625
146588,normal,181,0,1782360395.2921515,0.0020172595977783203
146589,normal,1737,0,1782360395.2940633,0.0019118785858154297
146590,normal,3287,1,1782360395.296155,0.002091646194458008
146591,normal,2346,0,1782360395.2982934,0.002138376235961914
146592,normal,2650,0,1782360395.3001068,0.0018134117126464844
146593,normal,1087,0,1782360395.3021848,0.0020780563354492188
146594,normal,574,0,1782360395.3041208,0.0019359588623046875
146595,normal,3103,1,1782360395.30623,0.0021092891693115234
146596,normal,999,2,1782360395.3081756,0.00194549560546875
146597,normal,2373,0,1782360395.3101983,0.0020227432250976562
146598,normal,3521,0,1782360395.3121731,0.001974821090698242
146599,normal,1100,0,1782360395.3141775,0.002004384994506836
146600,normal,2159,0,1782360395.3162591,0.002081632614135742
146601,normal,2784,0,1782360395.3180673,0.00180816650390625
146602,normal,601,0,1782360395.3202558,0.002188444137573242
146603,normal,3291,1,1782360395.3223095,0.0020537376403808594
146604,normal,1668,0,1782360395.3241167,0.0018072128295898438
146605,normal,2163,0,1782360395.326227,0.0021102428436279297
146606,normal,3615,0,1782360395.328316,0.0020890235900878906
146607,normal,2567,0,1782360395.330264,0.0019481182098388672
146608,normal,1548,0,1782360395.3324597,0.002195596694946289
146609,normal,1010,2,1782360395.3342125,0.0017528533935546875
146610,normal,3003,0,1782360395.336318,0.0021054744720458984
146611,normal,3186,1,1782360395.338261,0.0019428730010986328
146612,normal,1015,2,1782360395.340257,0.0019960403442382812
146613,normal,1905,0,1782360395.3421514,0.0018944740295410156
146614,normal,2595,0,1782360395.3441532,0.0020017623901367188
146615,normal,2508,0,1782360395.346253,0.002099752426147461
146616,normal,2034,0,1782360395.3481781,0.0019252300262451172
146617,normal,923,2,1782360395.3500257,0.0018475055694580078
146618,normal,1997,0,1782360395.3520207,0.001995086669921875
146619,normal,1269,0,1782360395.3539975,0.0019767284393310547
146620,normal,3208,1,1782360395.356029,0.002031564712524414
146621,normal,2018,0,1782360395.358079,0.0020499229431152344
146622,normal,1086,0,1782360395.3601227,0.0020437240600585938
146623,normal,2888,0,1782360395.3620465,0.0019237995147705078
146624,normal,1911,0,1782360395.364054,0.0020074844360351562
146625,normal,616,0,1782360395.3660955,0.0020415782928466797
146626,normal,2994,0,1782360395.3680425,0.0019469261169433594
146627,normal,3163,1,1782360395.370028,0.0019855499267578125
146628,normal,2358,0,1782360395.3720436,0.0020155906677246094
146629,normal,1214,0,1782360395.3740458,0.002002239227294922
146630,normal,1711,0,1782360395.3761475,0.0021016597747802734
146631,normal,1356,1,1782360395.3780265,0.001878976821899414
146632,normal,2287,0,1782360395.38005,0.002023458480834961
146633,normal,1113,0,1782360395.3820527,0.002002716064453125
146634,normal,1332,1,1782360395.3840141,0.0019614696502685547
146635,normal,1575,0,1782360395.3860593,0.002045154571533203
146636,normal,2823,0,1782360395.3880281,0.001968860626220703
146637,normal,2826,0,1782360395.3900619,0.002033710479736328
146638,normal,3487,0,1782360395.3920364,0.0019745826721191406
146639,normal,3155,1,1782360395.394046,0.0020096302032470703
146640,normal,1848,0,1782360395.396037,0.0019910335540771484
146641,normal,250,0,1782360395.3980997,0.002062559127807617
146642,normal,2679,0,1782360395.4000797,0.0019800662994384766
146643,normal,457,0,1782360395.4020894,0.0020096302032470703
146644,normal,1517,0,1782360395.4040728,0.0019834041595458984
146645,normal,168,0,1782360395.4060338,0.0019609928131103516
146646,normal,2395,0,1782360395.4080656,0.0020318031311035156
146647,normal,3498,0,1782360395.4100816,0.0020160675048828125
146648,normal,2526,0,1782360395.4120407,0.001959085464477539
146649,normal,1706,0,1782360395.4141762,0.0021355152130126953
146650,normal,178,0,1782360395.4160602,0.0018839836120605469
146651,normal,3535,0,1782360395.4182088,0.0021486282348632812
146652,normal,817,2,1782360395.4200943,0.0018854141235351562
146653,normal,2859,0,1782360395.422107,0.0020127296447753906
146654,normal,3406,0,1782360395.424302,0.002195119857788086
146655,normal,2324,0,1782360395.4260423,0.0017402172088623047
146656,normal,785,2,1782360395.4281518,0.002109527587890625
146657,normal,1705,0,1782360395.4302518,0.0020999908447265625
146658,normal,3153,1,1782360395.432217,0.001965045928955078
146659,normal,2047,0,1782360395.434196,0.0019791126251220703
146660,normal,3572,0,1782360395.4361637,0.0019676685333251953
146661,normal,3147,1,1782360395.4380674,0.0019037723541259766
146662,normal,552,0,1782360395.440211,0.0021436214447021484
146663,normal,734,0,1782360395.4421349,0.0019237995147705078
146664,normal,1062,0,1782360395.4442701,0.0021352767944335938
146665,normal,1438,0,1782360395.4461362,0.0018661022186279297
146666,normal,3534,0,1782360395.4480507,0.0019145011901855469
146667,normal,2090,0,1782360395.4500651,0.0020143985748291016
146668,normal,1640,0,1782360395.452173,0.002107858657836914
146669,normal,1013,2,1782360395.4540405,0.001867532730102539
146670,normal,60,0,1782360395.4560487,0.002008199691772461
146671,normal,3645,0,1782360395.4581666,0.0021178722381591797
146672,normal,1584,0,1782360395.460096,0.0019292831420898438
146673,normal,1201,0,1782360395.46205,0.0019540786743164062
146674,normal,2617,0,1782360395.464246,0.002196073532104492
146675,normal,2660,0,1782360395.4660542,0.00180816650390625
146676,normal,3206,1,1782360395.468052,0.001997709274291992
146677,normal,1283,0,1782360395.4702065,0.0021545886993408203
146678,normal,2659,0,1782360395.4720504,0.0018439292907714844
146679,normal,3254,1,1782360395.4740832,0.002032756805419922
146680,normal,2149,0,1782360395.476204,0.0021207332611083984
146681,normal,881,2,1782360395.4781625,0.001958608627319336
146682,normal,1875,0,1782360395.4801815,0.0020189285278320312
146683,normal,1339,1,1782360395.482136,0.0019545555114746094
146684,normal,3551,0,1782360395.4842198,0.0020837783813476562
146685,normal,1560,0,1782360395.4860692,0.0018494129180908203
146686,normal,1342,1,1782360395.4882102,0.0021409988403320312
146687,normal,850,2,1782360395.4900782,0.0018680095672607422
146688,normal,2522,0,1782360395.4921055,0.002027273178100586
146689,normal,2896,0,1782360395.4941947,0.002089262008666992
146690,normal,2829,0,1782360395.4961061,0.0019114017486572266
146691,normal,3313,1,1782360395.4981294,0.0020232200622558594
146692,normal,2870,0,1782360395.500207,0.0020775794982910156
146693,normal,582,0,1782360395.502294,0.002087116241455078
146694,normal,2971,0,1782360395.5041287,0.0018346309661865234
146695,normal,3419,0,1782360395.5062737,0.002145051956176758
146696,normal,2352,0,1782360395.5082777,0.002003908157348633
146697,normal,3252,1,1782360395.5102005,0.0019228458404541016
146698,normal,2840,0,1782360395.5121543,0.0019538402557373047
146699,normal,2894,0,1782360395.5142527,0.0020983219146728516
146700,normal,108,0,1782360395.516227,0.001974344253540039
146701,normal,3541,0,1782360395.518085,0.0018579959869384766
146702,normal,1902,0,1782360395.520147,0.002062082290649414
146703,normal,3011,0,1782360395.5220735,0.001926422119140625
146704,normal,1149,0,1782360395.5241926,0.0021190643310546875
146705,normal,422,0,1782360395.526218,0.0020253658294677734
146706,normal,900,2,1782360395.5280511,0.001833200454711914
146707,normal,2061,0,1782360395.5301795,0.0021283626556396484
146708,normal,310,0,1782360395.5321076,0.001928091049194336
146709,normal,1011,2,1782360395.5341206,0.002012968063354492
146710,normal,426,0,1782360395.536401,0.0022804737091064453
146711,normal,2969,0,1782360395.538428,0.0020270347595214844
146712,normal,1369,1,1782360395.5401156,0.0016875267028808594
146713,normal,2410,0,1782360395.542071,0.0019555091857910156
146714,normal,1971,0,1782360395.5442066,0.0021355152130126953
146715,normal,2465,0,1782360395.5460637,0.0018570423126220703
146716,normal,1137,0,1782360395.5482137,0.0021500587463378906
146717,normal,3302,1,1782360395.5502033,0.001989603042602539
146718,normal,29,0,1782360395.5520947,0.0018913745880126953
146719,normal,1217,0,1782360395.554089,0.0019943714141845703
146720,normal,1047,0,1782360395.5561845,0.002095460891723633
146721,normal,182,0,1782360395.5581498,0.0019652843475341797
146722,normal,1679,0,1782360395.5602052,0.0020554065704345703
146723,normal,1105,0,1782360395.5620377,0.0018324851989746094
146724,normal,97,0,1782360395.5642285,0.002190828323364258
146725,normal,3671,0,1782360395.566188,0.001959562301635742
146726,normal,3320,1,1782360395.5681963,0.002008199691772461
146727,normal,3061,1,1782360395.5701287,0.001932382583618164
146728,normal,2935,0,1782360395.5721707,0.002042055130004883
146729,normal,3507,0,1782360395.574364,0.0021932125091552734
146730,normal,2205,0,1782360395.5762992,0.0019352436065673828
146731,normal,2770,0,1782360395.5782254,0.0019261837005615234
146732,normal,3076,1,1782360395.5800292,0.0018038749694824219
146733,normal,803,2,1782360395.5822427,0.0022134780883789062
146734,normal,3160,1,1782360395.5842261,0.0019834041595458984
146735,normal,680,0,1782360395.586043,0.0018167495727539062
146736,normal,3256,1,1782360395.588184,0.002141237258911133
146737,normal,1348,1,1782360395.5900702,0.001886129379272461
146738,normal,3146,1,1782360395.5921662,0.002095937728881836
146739,normal,2688,0,1782360395.5940964,0.00193023681640625
146740,normal,324,0,1782360395.5962658,0.002169370651245117
146741,normal,3386,1,1782360395.5982234,0.0019576549530029297
146742,normal,152,0,1782360395.6001513,0.0019278526306152344
146743,normal,2873,0,1782360395.6021698,0.002018451690673828
146744,normal,1170,0,1782360395.6041598,0.001990079879760742
146745,normal,3352,1,1782360395.606205,0.002045154571533203
146746,normal,226,0,1782360395.608224,0.0020189285278320312
146747,normal,847,2,1782360395.6101875,0.0019636154174804688
146748,normal,3552,0,1782360395.6121695,0.001981973648071289
146749,normal,7,0,1782360395.6141973,0.002027750015258789
146750,normal,2520,0,1782360395.6162248,0.0020275115966796875
146751,normal,657,0,1782360395.6182263,0.002001523971557617
146752,normal,2977,0,1782360395.6201499,0.0019235610961914062
146753,normal,339,0,1782360395.62218,0.0020301342010498047
146754,normal,1699,0,1782360395.6241546,0.0019745826721191406
146755,normal,909,2,1782360395.626256,0.002101421356201172
146756,normal,1863,0,1782360395.6281002,0.001844167709350586
146757,normal,533,0,1782360395.6301625,0.0020623207092285156
146758,normal,1222,0,1782360395.632168,0.0020055770874023438
146759,normal,845,2,1782360395.6341934,0.0020253658294677734
146760,normal,639,0,1782360395.636286,0.002092599868774414
146761,normal,2884,0,1782360395.638179,0.0018930435180664062
146762,normal,763,0,1782360395.6401849,0.0020058155059814453
146763,normal,3457,0,1782360395.6421604,0.001975536346435547
146764,normal,1811,0,1782360395.6441634,0.0020029544830322266
146765,normal,1270,0,1782360395.6461797,0.002016305923461914
146766,normal,1366,1,1782360395.6481607,0.001981019973754883
146767,normal,1912,0,1782360395.6501827,0.0020220279693603516
146768,normal,934,2,1782360395.6522286,0.002045869827270508
146769,normal,2494,0,1782360395.654207,0.0019783973693847656
146770,normal,1414,0,1782360395.6562274,0.0020203590393066406
146771,normal,3357,1,1782360395.6582174,0.001990079879760742
146772,normal,1243,0,1782360395.6601849,0.0019674301147460938
146773,normal,2192,0,1782360395.6621754,0.0019905567169189453
146774,normal,2258,0,1782360395.664295,0.0021195411682128906
146775,normal,2761,0,1782360395.6661777,0.001882791519165039
146776,normal,1143,0,1782360395.6681652,0.001987457275390625
146777,normal,2066,0,1782360395.670277,0.0021119117736816406
146778,normal,612,0,1782360395.6721938,0.001916646957397461
146779,normal,3321,1,1782360395.674224,0.0020301342010498047
146780,normal,2403,0,1782360395.6763096,0.0020856857299804688
146781,normal,201,0,1782360395.6782157,0.0019061565399169922
146782,normal,1933,0,1782360395.6802685,0.002052783966064453
146783,normal,278,0,1782360395.682285,0.0020165443420410156
146784,normal,3480,0,1782360395.6840866,0.0018014907836914062
146785,normal,352,0,1782360395.6863322,0.002245664596557617
146786,normal,502,0,1782360395.6881132,0.0017809867858886719
146787,normal,471,0,1782360395.690222,0.0021088123321533203
146788,normal,1725,0,1782360395.6920671,0.0018451213836669922
146789,normal,2002,0,1782360395.694256,0.0021889209747314453
146790,normal,2731,0,1782360395.696157,0.0019009113311767578
146791,normal,2787,0,1782360395.6983664,0.0022094249725341797
146792,normal,943,2,1782360395.700275,0.0019085407257080078
146793,normal,2006,0,1782360395.702153,0.0018780231475830078
146794,normal,1714,0,1782360395.7042563,0.0021033287048339844
146795,normal,2566,0,1782360395.706254,0.001997709274291992
146796,normal,694,0,1782360395.7081804,0.001926422119140625
146797,normal,215,0,1782360395.7101746,0.0019941329956054688
146798,normal,3368,1,1782360395.7123735,0.002198934555053711
146799,normal,2020,0,1782360395.7141542,0.0017807483673095703
146800,normal,2608,0,1782360395.716328,0.0021736621856689453
146801,normal,3599,0,1782360395.7181938,0.0018658638000488281
146802,normal,3603,0,1782360395.7201645,0.0019707679748535156
146803,normal,1642,0,1782360395.722168,0.0020034313201904297
146804,normal,1738,0,1782360395.724281,0.0021131038665771484
146805,normal,3295,1,1782360395.7262006,0.0019195079803466797
146806,normal,280,0,1782360395.7283914,0.002190828323364258
146807,normal,1,0,1782360395.7301412,0.0017497539520263672
146808,normal,1038,0,1782360395.7321548,0.002013683319091797
146809,normal,437,0,1782360395.7342594,0.002104520797729492
146810,normal,2065,0,1782360395.7362657,0.0020062923431396484
146811,normal,1958,0,1782360395.7381904,0.001924753189086914
146812,normal,2198,0,1782360395.7400825,0.00189208984375
146813,normal,393,0,1782360395.7422671,0.002184629440307617
146814,normal,3517,0,1782360395.7441726,0.0019054412841796875
146815,normal,2155,0,1782360395.7461793,0.0020067691802978516
146816,normal,3445,0,1782360395.7482622,0.00208282470703125
146817,normal,438,0,1782360395.7500663,0.0018041133880615234
146818,normal,1643,0,1782360395.7524574,0.0023910999298095703
146819,normal,895,2,1782360395.754158,0.0017006397247314453
146820,normal,2982,0,1782360395.7562304,0.0020723342895507812
146821,normal,3143,1,1782360395.7582436,0.0020132064819335938
146822,normal,2705,0,1782360395.7603393,0.0020956993103027344
146823,normal,1302,0,1782360395.762166,0.0018267631530761719
146824,normal,298,0,1782360395.764214,0.002048015594482422
146825,normal,3500,0,1782360395.7661898,0.0019757747650146484
146826,normal,3563,0,1782360395.7681959,0.002006053924560547
146827,normal,88,0,1782360395.770236,0.0020401477813720703
146828,normal,1803,0,1782360395.772265,0.002028942108154297
146829,normal,3401,1,1782360395.7743204,0.0020554065704345703
146830,normal,3473,0,1782360395.7761989,0.001878499984741211
146831,normal,565,0,1782360395.7782667,0.0020678043365478516
146832,normal,3191,1,1782360395.7802522,0.0019855499267578125
146833,normal,144,0,1782360395.7825003,0.002248048782348633
146834,normal,600,0,1782360395.7842288,0.0017285346984863281
146835,normal,3060,1,1782360395.786303,0.0020742416381835938
146836,normal,3550,0,1782360395.7882128,0.0019097328186035156
146837,normal,1509,0,1782360395.7903228,0.002110004425048828
146838,normal,667,0,1782360395.7921374,0.0018146038055419922
146839,normal,1787,0,1782360395.794173,0.0020356178283691406
146840,normal,2167,0,1782360395.7971694,0.0029964447021484375
146841,normal,513,0,1782360395.7981396,0.0009701251983642578
146842,normal,358,0,1782360395.8001626,0.002022981643676758
146843,normal,1925,0,1782360395.8021543,0.001991748809814453
146844,normal,1126,0,1782360395.8040645,0.0019102096557617188
146845,normal,2666,0,1782360395.80616,0.002095460891723633
146846,normal,2157,0,1782360395.8081465,0.0019865036010742188
146847,normal,3613,0,1782360395.8102086,0.002062082290649414
146848,normal,484,0,1782360395.8121037,0.0018951892852783203
146849,normal,1432,0,1782360395.814154,0.002050161361694336
146850,normal,2138,0,1782360395.8162432,0.002089262008666992
146851,normal,406,0,1782360395.8180866,0.0018434524536132812
146852,normal,799,2,1782360395.820138,0.0020513534545898438
146853,normal,2611,0,1782360395.8221347,0.001996755599975586
146854,normal,3409,0,1782360395.8241384,0.0020036697387695312
146855,normal,1362,1,1782360395.8261695,0.002031087875366211
146856,normal,3004,0,1782360395.8280828,0.001913309097290039
146857,normal,629,0,1782360395.8301544,0.0020716190338134766
146858,normal,1657,0,1782360395.8321886,0.0020341873168945312
146859,normal,638,0,1782360395.8341396,0.001950979232788086
146860,normal,1442,0,1782360395.836197,0.002057313919067383
146861,normal,1647,0,1782360395.8383148,0.0021178722381591797
146862,normal,239,0,1782360395.8401842,0.0018694400787353516
146863,normal,1395,0,1782360395.8421605,0.0019762516021728516
146864,normal,180,0,1782360395.8441896,0.0020291805267333984
146865,normal,2060,0,1782360395.8460844,0.0018947124481201172
146866,normal,27,0,1782360395.84816,0.002075672149658203
146867,normal,1686,0,1782360395.8501592,0.0019991397857666016
146868,normal,3453,0,1782360395.8521893,0.0020301342010498047
146869,normal,643,0,1782360395.8542535,0.002064228057861328
146870,normal,2515,0,1782360395.856248,0.0019943714141845703
146871,normal,2696,0,1782360395.8582518,0.002003908157348633
146872,normal,3298,1,1782360395.86028,0.002028226852416992
146873,normal,1318,0,1782360395.862343,0.0020630359649658203
146874,normal,1164,0,1782360395.864229,0.0018858909606933594
146875,normal,1340,1,1782360395.8663871,0.0021581649780273438
146876,normal,561,0,1782360395.8683205,0.0019333362579345703
146877,normal,977,2,1782360395.8701987,0.0018782615661621094
146878,normal,807,2,1782360395.872264,0.0020651817321777344
146879,normal,2835,0,1782360395.874259,0.001995086669921875
146880,normal,1936,0,1782360395.876155,0.001895904541015625
146881,normal,196,0,1782360395.8783567,0.0022017955780029297
146882,normal,722,0,1782360395.880269,0.0019123554229736328
146883,normal,2658,0,1782360395.8821561,0.0018870830535888672
146884,normal,2853,0,1782360395.8840706,0.0019145011901855469
146885,normal,1258,0,1782360395.886112,0.002041339874267578
146886,normal,3048,1,1782360395.888151,0.0020389556884765625
146887,normal,3023,0,1782360395.8905685,0.0024175643920898438
146888,normal,371,0,1782360395.892165,0.0015964508056640625
146889,normal,678,0,1782360395.8940327,0.0018677711486816406
146890,normal,1338,1,1782360395.896144,0.002111196517944336
146891,normal,355,0,1782360395.898143,0.0019991397857666016
146892,normal,1713,0,1782360395.9000893,0.0019462108612060547
146893,normal,186,0,1782360395.902142,0.002052783966064453
146894,normal,2039,0,1782360395.9041398,0.001997709274291992
146895,normal,15,0,1782360395.9060047,0.0018649101257324219
146896,normal,1838,0,1782360395.9080303,0.002025604248046875
146897,normal,2979,0,1782360395.9100232,0.001992940902709961
146898,normal,76,0,1782360395.9120271,0.002003908157348633
146899,normal,1917,0,1782360395.9140446,0.002017498016357422
146900,normal,1474,0,1782360395.9160838,0.002039194107055664
146901,normal,2514,0,1782360395.918118,0.0020341873168945312
146902,normal,2077,0,1782360395.9200957,0.001977682113647461
146903,normal,3015,0,1782360395.9220493,0.001953601837158203
146904,normal,2919,0,1782360395.9240327,0.0019834041595458984
146905,normal,1544,0,1782360395.926093,0.002060413360595703
146906,normal,281,0,1782360395.928129,0.002035856246948242
146907,normal,982,2,1782360395.9300342,0.001905202865600586
146908,normal,3069,1,1782360395.9321072,0.002073049545288086
146909,normal,2478,0,1782360395.9340465,0.0019392967224121094
146910,normal,2550,0,1782360395.936373,0.002326488494873047
146911,normal,548,0,1782360395.9381785,0.0018055438995361328
146912,normal,3502,0,1782360395.9400208,0.0018422603607177734
146913,normal,2917,0,1782360395.9421751,0.0021543502807617188
146914,normal,2751,0,1782360395.9440618,0.001886606216430664
146915,normal,3057,1,1782360395.946172,0.0021102428436279297
146916,normal,1363,1,1782360395.9494247,0.003252744674682617
146917,normal,1562,0,1782360395.9500751,0.0006504058837890625
146918,normal,1084,0,1782360395.9521124,0.0020372867584228516
146919,normal,3045,1,1782360395.9541256,0.0020132064819335938
146920,normal,3585,0,1782360395.9562607,0.002135038375854492
146921,normal,3571,0,1782360395.958153,0.0018923282623291016
146922,normal,449,0,1782360395.9601955,0.002042531967163086
146923,normal,865,2,1782360395.9621968,0.0020012855529785156
146924,normal,2178,0,1782360395.964119,0.0019221305847167969
146925,normal,885,2,1782360395.9661715,0.0020525455474853516
146926,normal,2533,0,1782360395.9681869,0.002015352249145508
146927,normal,1799,0,1782360395.9702218,0.002034902572631836
146928,normal,3005,0,1782360395.9722197,0.0019979476928710938
146929,normal,1380,1,1782360395.9741464,0.0019266605377197266
146930,normal,2868,0,1782360395.9761746,0.002028226852416992
146931,normal,2590,0,1782360395.9781528,0.001978158950805664
146932,normal,2312,0,1782360395.9802587,0.0021059513092041016
146933,normal,3456,0,1782360395.9821048,0.0018460750579833984
146934,normal,490,0,1782360395.984162,0.002057313919067383
146935,normal,1813,0,1782360395.9861732,0.0020110607147216797
146936,normal,2109,0,1782360395.9881916,0.002018451690673828
146937,normal,3026,0,1782360395.990265,0.0020732879638671875
146938,normal,663,0,1782360395.99219,0.0019249916076660156
146939,normal,3483,0,1782360395.9941802,0.0019903182983398438
146940,normal,2951,0,1782360395.996158,0.001977682113647461
146941,normal,1435,0,1782360395.998159,0.002001047134399414
146942,normal,719,0,1782360396.0001817,0.0020227432250976562
146943,normal,2783,0,1782360396.0022883,0.0021066665649414062
146944,normal,100,0,1782360396.004176,0.0018875598907470703
146945,normal,320,0,1782360396.0062242,0.0020482540130615234
146946,normal,3040,0,1782360396.008204,0.001979827880859375
146947,normal,1555,0,1782360396.0102265,0.0020225048065185547
146948,normal,1708,0,1782360396.0122256,0.0019991397857666016
146949,normal,1907,0,1782360396.014172,0.0019464492797851562
146950,normal,2354,0,1782360396.016168,0.0019960403442382812
146951,normal,3679,0,1782360396.0181994,0.0020313262939453125
146952,normal,2201,0,1782360396.0201592,0.0019598007202148438
146953,normal,2676,0,1782360396.0221777,0.002018451690673828
146954,normal,683,0,1782360396.0241244,0.0019466876983642578
146955,normal,2912,0,1782360396.026076,0.0019516944885253906
146956,normal,3151,1,1782360396.0281253,0.0020492076873779297
146957,normal,255,0,1782360396.030214,0.002088785171508789
146958,normal,1677,0,1782360396.0321038,0.0018897056579589844
146959,normal,2146,0,1782360396.0341444,0.0020406246185302734
146960,normal,2698,0,1782360396.036214,0.002069711685180664
146961,normal,37,0,1782360396.0382066,0.001992464065551758
146962,normal,707,0,1782360396.0403244,0.0021178722381591797
146963,normal,2857,0,1782360396.0421596,0.0018351078033447266
146964,normal,3223,1,1782360396.044021,0.0018613338470458984
146965,normal,953,2,1782360396.0460472,0.0020263195037841797
146966,normal,951,2,1782360396.048189,0.002141714096069336
146967,normal,1918,0,1782360396.0500443,0.0018553733825683594
146968,normal,456,0,1782360396.0521665,0.002122163772583008
146969,normal,2808,0,1782360396.05414,0.0019736289978027344
146970,normal,473,0,1782360396.056036,0.001895904541015625
146971,normal,2226,0,1782360396.0581493,0.00211334228515625
146972,normal,1440,0,1782360396.0600336,0.0018842220306396484
146973,normal,2727,0,1782360396.0621593,0.0021257400512695312
146974,normal,2814,0,1782360396.064065,0.001905679702758789
146975,normal,444,0,1782360396.0662317,0.002166748046875
146976,normal,1685,0,1782360396.068112,0.0018801689147949219
146977,normal,1763,0,1782360396.070127,0.0020151138305664062
146978,normal,1202,0,1782360396.0721848,0.002057790756225586
146979,normal,2279,0,1782360396.0740662,0.0018813610076904297
146980,normal,2675,0,1782360396.0762181,0.002151966094970703
146981,normal,2377,0,1782360396.07803,0.001811981201171875
146982,normal,1666,0,1782360396.0800872,0.0020570755004882812
146983,normal,2875,0,1782360396.082293,0.0022058486938476562
146984,normal,1457,0,1782360396.0840404,0.0017473697662353516
146985,normal,617,0,1782360396.0860505,0.0020101070404052734
146986,normal,2772,0,1782360396.088156,0.0021054744720458984
146987,normal,3580,0,1782360396.0900905,0.0019345283508300781
146988,normal,3158,1,1782360396.092053,0.001962423324584961
146989,normal,2589,0,1782360396.094172,0.0021190643310546875
146990,normal,1650,0,1782360396.0960624,0.001890420913696289
146991,normal,679,0,1782360396.0981765,0.0021140575408935547
146992,normal,3294,1,1782360396.100062,0.0018854141235351562
146993,normal,1329,1,1782360396.1021738,0.0021119117736816406
146994,normal,2427,0,1782360396.104042,0.0018682479858398438
146995,normal,1498,0,1782360396.106291,0.002249002456665039
146996,normal,439,0,1782360396.1081338,0.0018427371978759766
146997,normal,735,0,1782360396.1101315,0.001997709274291992
146998,normal,3510,0,1782360396.112105,0.001973390579223633
146999,normal,3054,1,1782360396.1142175,0.0021126270294189453
147000,normal,2914,0,1782360396.1160662,0.0018486976623535156
147001,normal,751,0,1782360396.1181483,0.0020821094512939453
147002,normal,3398,1,1782360396.120054,0.001905679702758789
147003,normal,2228,0,1782360396.1220753,0.002021312713623047
147004,normal,143,0,1782360396.124213,0.0021376609802246094
147005,normal,1488,0,1782360396.1261685,0.0019555091857910156
147006,normal,891,2,1782360396.1281774,0.0020089149475097656
147007,normal,1833,0,1782360396.1301196,0.0019421577453613281
147008,normal,2270,0,1782360396.1321394,0.0020198822021484375
147009,normal,611,0,1782360396.134218,0.002078533172607422
147010,normal,2929,0,1782360396.1363654,0.0021474361419677734
147011,normal,642,0,1782360396.1381736,0.00180816650390625
147012,normal,2648,0,1782360396.1402605,0.0020868778228759766
147013,normal,3644,0,1782360396.142397,0.0021364688873291016
147014,normal,2319,0,1782360396.144443,0.0020461082458496094
147015,normal,1781,0,1782360396.147335,0.002892017364501953
147016,normal,256,0,1782360396.1482687,0.0009336471557617188
147017,normal,427,0,1782360396.1502643,0.001995563507080078
147018,normal,911,2,1782360396.1521251,0.0018608570098876953
147019,normal,692,0,1782360396.1545925,0.0024673938751220703
147020,normal,3623,0,1782360396.156143,0.001550436019897461
147021,normal,1296,0,1782360396.1580374,0.0018944740295410156
147022,normal,2184,0,1782360396.16007,0.0020325183868408203
147023,normal,2974,0,1782360396.162073,0.0020029544830322266
147024,normal,309,0,1782360396.1640952,0.002022266387939453
147025,normal,2100,0,1782360396.1661308,0.0020356178283691406
147026,normal,2769,0,1782360396.1682174,0.002086639404296875
147027,normal,889,2,1782360396.1700685,0.0018510818481445312
147028,normal,1688,0,1782360396.1721933,0.002124786376953125
147029,normal,3659,0,1782360396.1740746,0.0018813610076904297
147030,normal,3344,1,1782360396.1761627,0.0020880699157714844
147031,normal,2405,0,1782360396.1781445,0.0019817352294921875
147032,normal,2639,0,1782360396.1802433,0.0020987987518310547
147033,normal,204,0,1782360396.1821096,0.0018663406372070312
147034,normal,147,0,1782360396.1842492,0.002139568328857422
147035,normal,2469,0,1782360396.1862295,0.001980304718017578
147036,normal,2702,0,1782360396.188121,0.0018916130065917969
147037,normal,2322,0,1782360396.1902964,0.0021753311157226562
147038,normal,1978,0,1782360396.1922438,0.0019474029541015625
147039,normal,2317,0,1782360396.1941853,0.0019414424896240234
147040,normal,908,2,1782360396.196209,0.0020236968994140625
147041,normal,3611,0,1782360396.1982207,0.0020117759704589844
147042,normal,2744,0,1782360396.2001894,0.0019686222076416016
147043,normal,458,0,1782360396.2021456,0.0019562244415283203
147044,normal,1402,0,1782360396.2041595,0.0020139217376708984
147045,normal,1735,0,1782360396.2061808,0.002021312713623047
147046,normal,2740,0,1782360396.208148,0.001967191696166992
147047,normal,1795,0,1782360396.2101142,0.001966238021850586
147048,normal,1552,0,1782360396.2122276,0.00211334228515625
147049,normal,3112,1,1782360396.2142057,0.001978158950805664
147050,normal,3276,1,1782360396.2163491,0.002143383026123047
147051,normal,841,2,1782360396.218175,0.0018258094787597656
147052,normal,2365,0,1782360396.220213,0.0020380020141601562
147053,normal,129,0,1782360396.2223406,0.0021276473999023438
147054,normal,2084,0,1782360396.224292,0.001951456069946289
147055,normal,1794,0,1782360396.2261932,0.0019011497497558594
147056,normal,3007,0,1782360396.2283404,0.002147197723388672
147057,normal,1057,0,1782360396.2303529,0.002012491226196289
147058,normal,1081,0,1782360396.2323294,0.001976490020751953
147059,normal,1673,0,1782360396.234164,0.0018346309661865234
147060,normal,1495,0,1782360396.236119,0.0019550323486328125
147061,normal,1860,0,1782360396.2382126,0.0020935535430908203
147062,normal,1101,0,1782360396.2402296,0.0020170211791992188
147063,normal,3316,1,1782360396.24334,0.0031104087829589844
147064,normal,655,0,1782360396.2444696,0.0011296272277832031
147065,normal,2486,0,1782360396.2466486,0.0021789073944091797
147066,normal,265,0,1782360396.2494879,0.002839326858520508
147067,normal,2214,0,1782360396.2501068,0.0006189346313476562
147068,normal,207,0,1782360396.2523937,0.0022869110107421875
147069,normal,2997,0,1782360396.2541516,0.0017578601837158203
147070,normal,2752,0,1782360396.2568223,0.002670764923095703
147071,normal,3131,1,1782360396.2583866,0.0015642642974853516
147072,normal,1825,0,1782360396.260602,0.0022153854370117188
147073,normal,134,0,1782360396.2622375,0.0016355514526367188
147074,normal,2222,0,1782360396.2641575,0.0019199848175048828
147075,normal,2620,0,1782360396.2661557,0.0019981861114501953
147076,normal,1638,0,1782360396.268287,0.002131223678588867
147077,normal,509,0,1782360396.2701082,0.001821279525756836
147078,normal,1144,0,1782360396.2722514,0.0021431446075439453
147079,normal,2591,0,1782360396.2744737,0.002222299575805664
147080,normal,3583,0,1782360396.276281,0.0018074512481689453
147081,normal,674,0,1782360396.2781048,0.0018236637115478516
147082,normal,2881,0,1782360396.2802486,0.00214385986328125
147083,normal,1796,0,1782360396.2821035,0.0018548965454101562
147084,normal,702,0,1782360396.2841113,0.002007722854614258
147085,normal,741,0,1782360396.2862878,0.002176523208618164
147086,normal,767,0,1782360396.28817,0.001882314682006836
147087,normal,2778,0,1782360396.2903402,0.002170085906982422
147088,normal,508,0,1782360396.2925782,0.002238035202026367
147089,normal,1884,0,1782360396.2942069,0.0016286373138427734
147090,normal,316,0,1782360396.2962196,0.0020127296447753906
147091,normal,477,0,1782360396.2982893,0.002069711685180664
147092,normal,640,0,1782360396.300428,0.0021386146545410156
147093,normal,746,0,1782360396.302219,0.0017910003662109375
147094,normal,454,0,1782360396.3044868,0.0022678375244140625
147095,normal,3324,1,1782360396.3063936,0.0019068717956542969
147096,normal,3385,1,1782360396.308221,0.0018274784088134766
147097,normal,3491,0,1782360396.310107,0.0018858909606933594
147098,normal,886,2,1782360396.3124716,0.002364635467529297
147099,normal,1059,0,1782360396.314491,0.0020194053649902344
147100,normal,1310,0,1782360396.3161547,0.0016636848449707031
147101,normal,2715,0,1782360396.3182125,0.002057790756225586
147102,normal,688,0,1782360396.3201907,0.001978158950805664
147103,normal,3374,1,1782360396.3222353,0.002044677734375
147104,normal,3233,1,1782360396.324347,0.002111673355102539
147105,normal,1136,0,1782360396.3262444,0.0018973350524902344
147106,normal,3481,0,1782360396.3281612,0.0019168853759765625
147107,normal,3265,1,1782360396.3303618,0.002200603485107422
147108,normal,910,2,1782360396.3322642,0.0019023418426513672
147109,normal,1728,0,1782360396.334198,0.0019338130950927734
147110,normal,2959,0,1782360396.3361735,0.001975536346435547
147111,normal,779,2,1782360396.338141,0.0019674301147460938
147112,normal,3361,1,1782360396.3403213,0.002180337905883789
147113,normal,466,0,1782360396.3422544,0.0019330978393554688
147114,normal,2781,0,1782360396.344297,0.002042531967163086
147115,normal,337,0,1782360396.346101,0.0018041133880615234
147116,normal,2936,0,1782360396.3482537,0.002152681350708008
147117,normal,3420,0,1782360396.3501947,0.0019409656524658203
147118,normal,1237,0,1782360396.3522243,0.0020296573638916016
147119,normal,544,0,1782360396.3542957,0.002071380615234375
147120,normal,3323,1,1782360396.356398,0.002102375030517578
147121,normal,599,0,1782360396.35885,0.0024518966674804688
147122,normal,493,0,1782360396.3604145,0.0015645027160644531
147123,normal,1106,0,1782360396.3621771,0.0017626285552978516
147124,normal,83,0,1782360396.364406,0.002228975296020508
147125,normal,970,2,1782360396.3662453,0.0018391609191894531
147126,normal,2538,0,1782360396.3682637,0.002018451690673828
147127,normal,536,0,1782360396.3703783,0.002114534378051758
147128,normal,2852,0,1782360396.3724108,0.0020325183868408203
147129,normal,1378,1,1782360396.3743324,0.0019216537475585938
147130,normal,2662,0,1782360396.3763728,0.002040386199951172
147131,normal,2710,0,1782360396.3785498,0.002177000045776367
147132,normal,3338,1,1782360396.380138,0.0015881061553955078
147133,normal,649,0,1782360396.382366,0.0022280216217041016
147134,normal,3413,0,1782360396.384201,0.0018351078033447266
147135,normal,2481,0,1782360396.3862336,0.0020325183868408203
147136,normal,1680,0,1782360396.3883572,0.002123594284057617
147137,normal,1928,0,1782360396.390563,0.0022058486938476562
147138,normal,1751,0,1782360396.3924377,0.001874685287475586
147139,normal,3396,1,1782360396.3944447,0.002007007598876953
147140,normal,1701,0,1782360396.3972573,0.002812623977661133
147141,normal,2700,0,1782360396.3982437,0.000986337661743164
147142,normal,2202,0,1782360396.400441,0.002197265625
147143,normal,3707,0,1782360396.4026048,0.0021638870239257812
147144,normal,1271,0,1782360396.404251,0.001646280288696289
147145,normal,3255,1,1782360396.4065483,0.0022971630096435547
147146,normal,2476,0,1782360396.4083173,0.0017690658569335938
147147,normal,936,2,1782360396.4102218,0.0019044876098632812
147148,normal,3010,0,1782360396.412135,0.0019130706787109375
147149,normal,3314,1,1782360396.4143906,0.002255678176879883
147150,normal,3091,1,1782360396.4162512,0.0018606185913085938
147151,normal,1306,0,1782360396.418118,0.0018668174743652344
147152,normal,2308,0,1782360396.4202154,0.0020973682403564453
147153,normal,3579,0,1782360396.4221613,0.0019459724426269531
147154,normal,2307,0,1782360396.4244924,0.0023310184478759766
147155,normal,1019,2,1782360396.4262197,0.0017273426055908203
147156,normal,837,2,1782360396.428199,0.001979351043701172
147157,normal,1131,0,1782360396.430277,0.0020780563354492188
147158,normal,1694,0,1782360396.4323678,0.0020906925201416016
147159,normal,2961,0,1782360396.4343858,0.002017974853515625
147160,normal,3301,1,1782360396.4367213,0.0023355484008789062
147161,normal,583,0,1782360396.438103,0.0013816356658935547
147162,normal,2411,0,1782360396.440264,0.0021610260009765625
147163,normal,3489,0,1782360396.4422274,0.001963376998901367
147164,normal,2185,0,1782360396.444169,0.001941680908203125
147165,normal,2548,0,1782360396.446101,0.001931905746459961
147166,normal,2815,0,1782360396.448232,0.0021309852600097656
147167,normal,2236,0,1782360396.4501438,0.0019118785858154297
147168,normal,2392,0,1782360396.4521556,0.0020117759704589844
147169,normal,2922,0,1782360396.4543312,0.002175569534301758
147170,normal,3165,1,1782360396.4561632,0.0018320083618164062
147171,normal,1522,0,1782360396.4582427,0.002079486846923828
147172,normal,3239,1,1782360396.4600863,0.0018436908721923828
147173,normal,167,0,1782360396.46222,0.002133607864379883
147174,normal,344,0,1782360396.4640791,0.0018591880798339844
147175,normal,1320,1,1782360396.4662743,0.002195119857788086
147176,normal,570,0,1782360396.4683273,0.0020530223846435547
147177,normal,3018,0,1782360396.4702413,0.0019140243530273438
147178,normal,3417,0,1782360396.472217,0.0019757747650146484
147179,normal,1631,0,1782360396.4744508,0.002233743667602539
147180,normal,2600,0,1782360396.476189,0.0017380714416503906
147181,normal,3141,1,1782360396.4781559,0.0019669532775878906
147182,normal,644,0,1782360396.4802544,0.002098560333251953
147183,normal,2968,0,1782360396.4821548,0.0019004344940185547
147184,normal,313,0,1782360396.4841456,0.001990795135498047
147185,normal,526,0,1782360396.4866166,0.0024709701538085938
147186,normal,3082,1,1782360396.4882872,0.0016705989837646484
147187,normal,2991,0,1782360396.490173,0.0018858909606933594
147188,normal,2667,0,1782360396.4921458,0.001972675323486328
147189,normal,2165,0,1782360396.4941003,0.0019545555114746094
147190,normal,2625,0,1782360396.4962265,0.0021262168884277344
147191,normal,1064,0,1782360396.4981227,0.0018961429595947266
147192,normal,3434,0,1782360396.5003033,0.0021805763244628906
147193,normal,2871,0,1782360396.5021586,0.0018553733825683594
147194,normal,3017,0,1782360396.5041945,0.002035856246948242
147195,normal,1298,0,1782360396.5062487,0.0020542144775390625
147196,normal,1187,0,1782360396.5082777,0.002028942108154297
147197,normal,2390,0,1782360396.5103765,0.0020987987518310547
147198,normal,1229,0,1782360396.5121827,0.0018062591552734375
147199,normal,1419,0,1782360396.5143251,0.0021424293518066406
147200,normal,796,2,1782360396.516497,0.002171754837036133
147201,normal,273,0,1782360396.5182767,0.001779794692993164
147202,normal,3418,0,1782360396.5203674,0.0020906925201416016
147203,normal,2054,0,1782360396.5222375,0.0018701553344726562
147204,normal,105,0,1782360396.5241945,0.001956939697265625
147205,normal,1779,0,1782360396.526175,0.0019805431365966797
147206,normal,1590,0,1782360396.5281103,0.0019352436065673828
147207,normal,1732,0,1782360396.5302517,0.0021414756774902344
147208,normal,2510,0,1782360396.532137,0.0018851757049560547
147209,normal,2735,0,1782360396.5343266,0.00218963623046875
147210,normal,3569,0,1782360396.536203,0.0018763542175292969
147211,normal,162,0,1782360396.5381808,0.0019779205322265625
147212,normal,1109,0,1782360396.5403237,0.0021429061889648438
147213,normal,1135,0,1782360396.5423625,0.002038717269897461
147214,normal,2911,0,1782360396.5444212,0.002058744430541992
147215,normal,1646,0,1782360396.5462706,0.0018494129180908203
147216,normal,2858,0,1782360396.5483406,0.0020699501037597656
147217,normal,1519,0,1782360396.550467,0.002126455307006836
147218,normal,3702,0,1782360396.552267,0.0018000602722167969
147219,normal,2819,0,1782360396.5542505,0.0019834041595458984
147220,normal,1607,0,1782360396.5561893,0.0019388198852539062
147221,normal,379,0,1782360396.5585086,0.0023193359375
147222,normal,1753,0,1782360396.5601811,0.001672506332397461
147223,normal,3038,0,1782360396.5622995,0.002118349075317383
147224,normal,1950,0,1782360396.5642335,0.001934051513671875
147225,normal,2003,0,1782360396.566565,0.0023314952850341797
147226,normal,2194,0,1782360396.5680501,0.0014851093292236328
147227,normal,1898,0,1782360396.570216,0.0021657943725585938
147228,normal,2780,0,1782360396.5720792,0.001863241195678711
147229,normal,1773,0,1782360396.5742133,0.002134084701538086
147230,normal,504,0,1782360396.5764306,0.0022172927856445312
147231,normal,3029,0,1782360396.5781913,0.001760721206665039
147232,normal,1587,0,1782360396.5804038,0.0022125244140625
147233,normal,1075,0,1782360396.5822444,0.0018405914306640625
147234,normal,2636,0,1782360396.5846496,0.0024051666259765625
147235,normal,3530,0,1782360396.5862808,0.0016312599182128906
147236,normal,1431,0,1782360396.5886252,0.002344369888305664
147237,normal,3520,0,1782360396.5902677,0.001642465591430664
147238,normal,3685,0,1782360396.5923903,0.002122640609741211
147239,normal,2360,0,1782360396.5944068,0.0020165443420410156
147240,normal,284,0,1782360396.5962698,0.0018630027770996094
147241,normal,2419,0,1782360396.5987723,0.00250244140625
147242,normal,868,2,1782360396.6004295,0.001657247543334961
147243,normal,2674,0,1782360396.6023273,0.0018978118896484375
147244,normal,3463,0,1782360396.6043158,0.0019884109497070312
147245,normal,177,0,1782360396.6068292,0.002513408660888672
147246,normal,2811,0,1782360396.608781,0.0019519329071044922
147247,normal,1539,0,1782360396.6103234,0.0015423297882080078
147248,normal,2656,0,1782360396.61273,0.002406597137451172
147249,normal,3655,0,1782360396.6145487,0.0018186569213867188
147250,normal,212,0,1782360396.6169236,0.002374887466430664
147251,normal,3370,1,1782360396.6182742,0.0013506412506103516
147252,normal,2593,0,1782360396.6203184,0.002044200897216797
147253,normal,2441,0,1782360396.622346,0.0020275115966796875
147254,normal,3632,0,1782360396.6242115,0.0018656253814697266
147255,normal,1012,2,1782360396.6262534,0.0020418167114257812
147256,normal,2107,0,1782360396.6283815,0.002128124237060547
147257,normal,1949,0,1782360396.6302218,0.001840353012084961
147258,normal,3609,0,1782360396.6323931,0.0021712779998779297
147259,normal,3333,1,1782360396.6344597,0.0020666122436523438
147260,normal,1458,0,1782360396.6363082,0.001848459243774414
147261,normal,673,0,1782360396.6383185,0.002010345458984375
147262,normal,1099,0,1782360396.6402755,0.001956939697265625
147263,normal,1609,0,1782360396.6425595,0.0022840499877929688
147264,normal,2283,0,1782360396.6444185,0.0018589496612548828
147265,normal,3311,1,1782360396.6464405,0.0020220279693603516
147266,normal,1659,0,1782360396.6484745,0.0020339488983154297
147267,normal,1661,0,1782360396.6507034,0.002228975296020508
147268,normal,242,0,1782360396.6523185,0.0016150474548339844
147269,normal,898,2,1782360396.654378,0.002059459686279297
147270,normal,360,0,1782360396.656133,0.0017549991607666016
147271,normal,3072,1,1782360396.6584163,0.002283334732055664
147272,normal,1408,0,1782360396.6601744,0.0017580986022949219
147273,normal,328,0,1782360396.6622303,0.0020558834075927734
147274,normal,420,0,1782360396.6645503,0.0023200511932373047
147275,normal,2225,0,1782360396.6661632,0.0016129016876220703
147276,normal,1576,0,1782360396.6682155,0.00205230712890625
147277,normal,862,2,1782360396.6704206,0.0022051334381103516
147278,normal,3317,1,1782360396.6722543,0.0018336772918701172
147279,normal,252,0,1782360396.674286,0.002031564712524414
147280,normal,193,0,1782360396.6766853,0.002399444580078125
147281,normal,1387,0,1782360396.6787202,0.002034902572631836
147282,normal,279,0,1782360396.6803844,0.0016641616821289062
147283,normal,2029,0,1782360396.6823974,0.002012968063354492
147284,normal,1690,0,1782360396.684461,0.002063751220703125
147285,normal,2011,0,1782360396.6863365,0.0018754005432128906
147286,normal,995,2,1782360396.6883554,0.0020189285278320312
147287,normal,3576,0,1782360396.690435,0.002079486846923828
147288,normal,1532,0,1782360396.692784,0.0023491382598876953
147289,normal,3675,0,1782360396.6943219,0.0015377998352050781
147290,normal,1162,0,1782360396.6963522,0.0020303726196289062
147291,normal,996,2,1782360396.6981134,0.0017611980438232422
147292,normal,2344,0,1782360396.700346,0.0022325515747070312
147293,normal,191,0,1782360396.7024524,0.0021064281463623047
147294,normal,2021,0,1782360396.7041323,0.0016798973083496094
147295,normal,2187,0,1782360396.7063494,0.0022170543670654297
147296,normal,300,0,1782360396.7082088,0.001859426498413086
147297,normal,2349,0,1782360396.7104084,0.0021996498107910156
147298,normal,2812,0,1782360396.712283,0.0018744468688964844
147299,normal,3410,0,1782360396.7148595,0.002576589584350586
147300,normal,1415,0,1782360396.7170382,0.002178668975830078
147301,normal,3144,1,1782360396.7184324,0.0013942718505859375
147302,normal,1837,0,1782360396.7204578,0.0020253658294677734
147303,normal,748,0,1782360396.7227156,0.002257823944091797
147304,normal,237,0,1782360396.7243018,0.0015861988067626953
147305,normal,1764,0,1782360396.726462,0.0021600723266601562
147306,normal,1492,0,1782360396.728531,0.0020689964294433594
147307,normal,596,0,1782360396.7311366,0.0026056766510009766
147308,normal,3365,1,1782360396.7324255,0.0012888908386230469
147309,normal,1664,0,1782360396.7342231,0.0017976760864257812
147310,normal,1195,0,1782360396.7363493,0.0021262168884277344
147311,normal,2471,0,1782360396.738252,0.0019025802612304688
147312,normal,2501,0,1782360396.7402947,0.0020427703857421875
147313,normal,3000,0,1782360396.7423565,0.0020618438720703125
147314,normal,1887,0,1782360396.7442632,0.0019066333770751953
147315,normal,3280,1,1782360396.7462707,0.0020074844360351562
147316,normal,296,0,1782360396.7482975,0.002026796340942383
147317,normal,2030,0,1782360396.7506459,0.0023484230041503906
147318,normal,2842,0,1782360396.752404,0.0017580986022949219
147319,normal,648,0,1782360396.754419,0.0020151138305664062
147320,normal,901,2,1782360396.7564754,0.0020563602447509766
147321,normal,1447,0,1782360396.758312,0.001836538314819336
147322,normal,1104,0,1782360396.7604625,0.0021505355834960938
147323,normal,225,0,1782360396.7624345,0.0019719600677490234
147324,normal,1023,2,1782360396.7645915,0.002156972885131836
147325,normal,189,0,1782360396.7663674,0.001775979995727539
147326,normal,3460,0,1782360396.768406,0.0020384788513183594
147327,normal,1052,0,1782360396.7701926,0.0017867088317871094
147328,normal,436,0,1782360396.7724733,0.002280712127685547
147329,normal,872,2,1782360396.7745447,0.002071380615234375
147330,normal,1724,0,1782360396.7761638,0.001619100570678711
147331,normal,1142,0,1782360396.7783227,0.0021588802337646484
147332,normal,1883,0,1782360396.7801564,0.0018336772918701172
147333,normal,1372,1,1782360396.7824113,0.002254962921142578
147334,normal,3531,0,1782360396.7843246,0.001913309097290039
147335,normal,2207,0,1782360396.7862005,0.0018758773803710938
147336,normal,899,2,1782360396.78833,0.0021295547485351562
147337,normal,1107,0,1782360396.79022,0.001889944076538086
147338,normal,2955,0,1782360396.7923331,0.0021131038665771484
147339,normal,1899,0,1782360396.794908,0.002574920654296875
147340,normal,2268,0,1782360396.7962983,0.001390218734741211
147341,normal,1542,0,1782360396.7980933,0.001795053482055664
147342,normal,730,0,1782360396.8002067,0.00211334228515625
147343,normal,3415,0,1782360396.8022037,0.0019969940185546875
147344,normal,519,0,1782360396.8040936,0.001889944076538086
147345,normal,1335,1,1782360396.806082,0.0019884109497070312
147346,normal,1294,0,1782360396.8080978,0.002015829086303711
147347,normal,856,2,1782360396.8100724,0.0019745826721191406
147348,normal,3016,0,1782360396.8121016,0.0020291805267333984
147349,normal,3669,0,1782360396.8141081,0.00200653076171875
147350,normal,2690,0,1782360396.8161278,0.002019643783569336
147351,normal,1454,0,1782360396.818348,0.00222015380859375
147352,normal,1961,0,1782360396.8201532,0.0018053054809570312
147353,normal,173,0,1782360396.822162,0.002008676528930664
147354,normal,2995,0,1782360396.8241034,0.0019414424896240234
147355,normal,1490,0,1782360396.826293,0.00218963623046875
147356,normal,14,0,1782360396.8281708,0.0018777847290039062
147357,normal,1389,0,1782360396.8301015,0.0019307136535644531
147358,normal,930,2,1782360396.8322558,0.0021543502807617188
147359,normal,1678,0,1782360396.834189,0.0019330978393554688
147360,normal,2665,0,1782360396.83614,0.001950979232788086
147361,normal,2171,0,1782360396.8383996,0.0022597312927246094
147362,normal,107,0,1782360396.840322,0.0019223690032958984
147363,normal,3199,1,1782360396.8421648,0.0018427371978759766
147364,normal,1176,0,1782360396.8443258,0.0021610260009765625
147365,normal,2879,0,1782360396.8463006,0.001974821090698242
147366,normal,2188,0,1782360396.8483407,0.0020401477813720703
147367,normal,333,0,1782360396.8503382,0.0019974708557128906
147368,normal,169,0,1782360396.8522558,0.0019176006317138672
147369,normal,3006,0,1782360396.8542545,0.0019986629486083984
147370,normal,555,0,1782360396.8562288,0.001974344253540039
147371,normal,2743,0,1782360396.8580992,0.0018703937530517578
147372,normal,262,0,1782360396.8603818,0.0022826194763183594
147373,normal,2302,0,1782360396.8621376,0.0017557144165039062
147374,normal,2813,0,1782360396.8642824,0.0021448135375976562
147375,normal,345,0,1782360396.866359,0.0020766258239746094
147376,normal,1993,0,1782360396.8683627,0.0020036697387695312
147377,normal,2386,0,1782360396.8703754,0.0020127296447753906
147378,normal,1778,0,1782360396.8721771,0.0018017292022705078
147379,normal,1235,0,1782360396.8742597,0.0020825862884521484
147380,normal,2402,0,1782360396.8762813,0.0020215511322021484
147381,normal,887,2,1782360396.878202,0.0019207000732421875
147382,normal,2434,0,1782360396.880194,0.0019919872283935547
147383,normal,1514,0,1782360396.8822262,0.0020322799682617188
147384,normal,1547,0,1782360396.884249,0.0020227432250976562
147385,normal,3328,1,1782360396.8862379,0.0019888877868652344
147386,normal,243,0,1782360396.888636,0.002398252487182617
147387,normal,2887,0,1782360396.8902946,0.0016584396362304688
147388,normal,613,0,1782360396.8921137,0.0018191337585449219
147389,normal,1613,0,1782360396.894165,0.0020513534545898438
147390,normal,2820,0,1782360396.8961096,0.0019445419311523438
147391,normal,2841,0,1782360396.8982317,0.002122163772583008
147392,normal,3392,1,1782360396.90012,0.001888275146484375
147393,normal,2869,0,1782360396.9029665,0.0028464794158935547
147394,normal,3085,1,1782360396.9048326,0.0018661022186279297
147395,normal,1572,0,1782360396.9064622,0.0016295909881591797
147396,normal,2439,0,1782360396.9082708,0.0018086433410644531
147397,normal,2725,0,1782360396.910184,0.0019130706787109375
147398,normal,1986,0,1782360396.9121373,0.0019533634185791016
147399,normal,589,0,1782360396.9141192,0.001981973648071289
147400,normal,24,0,1782360396.9162555,0.00213623046875
147401,normal,1868,0,1782360396.9181428,0.0018873214721679688
147402,normal,966,2,1782360396.92037,0.002227306365966797
147403,normal,2864,0,1782360396.9221625,0.0017924308776855469
147404,normal,1927,0,1782360396.9244828,0.0023202896118164062
147405,normal,2293,0,1782360396.9261851,0.0017023086547851562
147406,normal,878,2,1782360396.928289,0.0021038055419921875
147407,normal,774,2,1782360396.9302344,0.00194549560546875
147408,normal,459,0,1782360396.9323492,0.0021147727966308594
147409,normal,2604,0,1782360396.9342265,0.0018773078918457031
147410,normal,3127,1,1782360396.9363427,0.0021162033081054688
147411,normal,2838,0,1782360396.9382346,0.0018918514251708984
147412,normal,2203,0,1782360396.940267,0.0020325183868408203
147413,normal,2762,0,1782360396.9422805,0.0020134449005126953
147414,normal,2493,0,1782360396.9441357,0.0018551349639892578
147415,normal,1396,0,1782360396.9462214,0.0020856857299804688
147416,normal,2075,0,1782360396.9486258,0.002404451370239258
147417,normal,3468,0,1782360396.9502456,0.0016198158264160156
147418,normal,1870,0,1782360396.952345,0.002099275588989258
147419,normal,1805,0,1782360396.9543524,0.0020074844360351562
147420,normal,2076,0,1782360396.956301,0.0019485950469970703
147421,normal,3587,0,1782360396.9583619,0.0020608901977539062
147422,normal,893,2,1782360396.9602609,0.0018990039825439453
147423,normal,2882,0,1782360396.962281,0.002020120620727539
147424,normal,1499,0,1782360396.9643497,0.002068758010864258
147425,normal,3218,1,1782360396.9669213,0.002571582794189453
147426,normal,146,0,1782360396.9682894,0.0013680458068847656
147427,normal,715,0,1782360396.970501,0.0022115707397460938
147428,normal,389,0,1782360396.9727535,0.0022525787353515625
147429,normal,2496,0,1782360396.974373,0.001619577407836914
147430,normal,10,0,1782360396.9763274,0.001954317092895508
147431,normal,2754,0,1782360396.9785964,0.0022690296173095703
147432,normal,1533,0,1782360396.980475,0.001878499984741211
147433,normal,386,0,1782360396.9826114,0.0021364688873291016
147434,normal,1703,0,1782360396.9841528,0.0015413761138916016
147435,normal,1816,0,1782360396.9867082,0.002555370330810547
147436,normal,64,0,1782360396.9881635,0.0014553070068359375
147437,normal,2534,0,1782360396.9901333,0.0019698143005371094
147438,normal,2490,0,1782360396.9921725,0.002039194107055664
147439,normal,2036,0,1782360396.9941447,0.001972198486328125
147440,normal,1802,0,1782360396.996339,0.0021944046020507812
147441,normal,3249,1,1782360396.9987302,0.0023910999298095703
147442,normal,3426,0,1782360397.0002625,0.0015323162078857422
147443,normal,1622,0,1782360397.002114,0.0018515586853027344
147444,normal,1350,1,1782360397.00412,0.002006053924560547
147445,normal,866,2,1782360397.0062904,0.0021703243255615234
147446,normal,1299,0,1782360397.0080802,0.0017898082733154297
147447,normal,1782,0,1782360397.0102406,0.002160310745239258
147448,normal,1543,0,1782360397.0122762,0.0020356178283691406
147449,normal,1117,0,1782360397.0141294,0.0018532276153564453
147450,normal,3443,0,1782360397.0163825,0.0022530555725097656
147451,normal,3145,1,1782360397.018105,0.001722574234008789
147452,normal,2844,0,1782360397.0202641,0.00215911865234375
147453,normal,2223,0,1782360397.0221145,0.0018503665924072266
147454,normal,3031,0,1782360397.0242908,0.0021762847900390625
147455,normal,2372,0,1782360397.026093,0.001802206039428711
147456,normal,1947,0,1782360397.028278,0.0021851062774658203
147457,normal,1355,1,1782360397.0301447,0.0018665790557861328
147458,normal,2251,0,1782360397.0321639,0.002019166946411133
147459,normal,3124,1,1782360397.0341518,0.001987934112548828
147460,normal,950,2,1782360397.0363624,0.0022106170654296875
147461,normal,3152,1,1782360397.038247,0.0018846988677978516
147462,normal,1480,0,1782360397.0401664,0.0019192695617675781
147463,normal,2300,0,1782360397.0423102,0.00214385986328125
147464,normal,3262,1,1782360397.0443516,0.002041339874267578
147465,normal,1397,0,1782360397.0462317,0.0018801689147949219
147466,normal,853,2,1782360397.0481646,0.0019328594207763672
147467,normal,1792,0,1782360397.0501463,0.0019817352294921875
147468,normal,172,0,1782360397.052166,0.002019643783569336
147469,normal,2131,0,1782360397.0544572,0.0022912025451660156
147470,normal,742,0,1782360397.0564814,0.0020241737365722656
147471,normal,479,0,1782360397.058135,0.0016536712646484375
147472,normal,3538,0,1782360397.060271,0.0021359920501708984
147473,normal,3205,1,1782360397.0622702,0.0019991397857666016
147474,normal,1709,0,1782360397.0641894,0.0019192695617675781
147475,normal,1891,0,1782360397.0663812,0.002191781997680664
147476,normal,1273,0,1782360397.068345,0.0019638538360595703
147477,normal,3638,0,1782360397.0702138,0.0018687248229980469
147478,normal,1559,0,1782360397.072244,0.0020301342010498047
147479,normal,2053,0,1782360397.0742443,0.0020003318786621094
147480,normal,2945,0,1782360397.0761225,0.0018782615661621094
147481,normal,326,0,1782360397.0782213,0.0020987987518310547
147482,normal,1348,1,1782360432.0114806,0.0
147483,normal,2909,0,1782360432.0134523,0.001971721649169922
147484,normal,1759,0,1782360432.0154777,0.0020253658294677734
147485,normal,3213,1,1782360432.0174882,0.0020105838775634766
147486,normal,3488,0,1782360432.0194793,0.0019910335540771484
147487,normal,2329,0,1782360432.021554,0.002074718475341797
147488,normal,1945,0,1782360432.0235314,0.0019774436950683594
147489,normal,3690,0,1782360432.0255668,0.002035379409790039
147490,normal,691,0,1782360432.0275333,0.0019664764404296875
147491,normal,3439,0,1782360432.029502,0.0019686222076416016
147492,normal,3583,0,1782360432.031477,0.0019750595092773438
147493,normal,1569,0,1782360432.0335736,0.0020966529846191406
147494,normal,374,0,1782360432.0354493,0.0018756389617919922
147495,normal,1920,0,1782360432.0374753,0.002026081085205078
147496,normal,2630,0,1782360432.0395737,0.0020983219146728516
147497,normal,565,0,1782360432.0414536,0.0018799304962158203
147498,normal,1061,0,1782360432.043544,0.0020904541015625
147499,normal,2226,0,1782360432.0454588,0.0019147396087646484
147500,normal,3014,0,1782360432.0475376,0.0020787715911865234
147501,normal,2128,0,1782360432.049532,0.0019943714141845703
147502,normal,84,0,1782360432.0514593,0.0019273757934570312
147503,normal,434,0,1782360432.0534825,0.0020232200622558594
147504,normal,1610,0,1782360432.055532,0.0020494461059570312
147505,normal,1059,0,1782360432.0574744,0.0019423961639404297
147506,normal,2726,0,1782360432.0594814,0.002007007598876953
147507,normal,3498,0,1782360432.0615208,0.0020394325256347656
147508,normal,392,0,1782360432.0635338,0.002012968063354492
147509,normal,3219,1,1782360432.0655308,0.0019969940185546875
147510,normal,2705,0,1782360432.0675352,0.002004384994506836
147511,normal,2236,0,1782360432.0695767,0.0020415782928466797
147512,normal,3628,0,1782360432.0714443,0.001867532730102539
147513,normal,2080,0,1782360432.0737913,0.0023469924926757812
147514,normal,2452,0,1782360432.0755677,0.0017764568328857422
147515,normal,833,2,1782360432.0777664,0.0021986961364746094
147516,normal,3426,0,1782360432.079712,0.00194549560546875
147517,normal,367,0,1782360432.0815587,0.0018467903137207031
147518,normal,483,0,1782360432.0837634,0.0022046566009521484
147519,normal,2732,0,1782360432.085743,0.0019795894622802734
147520,normal,1400,0,1782360432.0875585,0.0018155574798583984
147521,normal,1413,0,1782360432.0898085,0.0022499561309814453
147522,normal,2595,0,1782360432.0917048,0.0018963813781738281
147523,normal,1377,1,1782360432.0935538,0.0018489360809326172
147524,normal,1036,0,1782360432.0957725,0.0022187232971191406
147525,normal,2657,0,1782360432.0977147,0.0019421577453613281
147526,normal,1149,0,1782360432.0995286,0.0018138885498046875
147527,normal,92,0,1782360432.1015782,0.002049684524536133
147528,normal,2910,0,1782360432.1037698,0.0021915435791015625
147529,normal,2605,0,1782360432.1055522,0.0017824172973632812
147530,normal,852,2,1782360432.1077795,0.002227306365966797
147531,normal,2919,0,1782360432.1097429,0.001963376998901367
147532,normal,2646,0,1782360432.1115727,0.0018298625946044922
147533,normal,2052,0,1782360432.1137836,0.002210855484008789
147534,normal,1791,0,1782360432.1157207,0.0019371509552001953
147535,normal,1670,0,1782360432.1175687,0.001847982406616211
147536,normal,2770,0,1782360432.1197855,0.002216815948486328
147537,normal,1380,1,1782360432.1217182,0.0019326210021972656
147538,normal,3489,0,1782360432.1235518,0.0018336772918701172
147539,normal,701,0,1782360432.125791,0.002239227294921875
147540,normal,403,0,1782360432.1277258,0.0019347667694091797
147541,normal,1631,0,1782360432.1295624,0.001836538314819336
147542,normal,866,2,1782360432.1317873,0.0022249221801757812
147543,normal,447,0,1782360432.1337707,0.0019834041595458984
147544,normal,784,2,1782360432.135559,0.0017883777618408203
147545,normal,1322,1,1782360432.1377935,0.0022344589233398438
147546,normal,3232,1,1782360432.1397264,0.0019328594207763672
147547,normal,2997,0,1782360432.141564,0.0018374919891357422
147548,normal,3215,1,1782360432.143798,0.002234220504760742
147549,normal,629,0,1782360432.1457303,0.0019321441650390625
147550,normal,2162,0,1782360432.1475143,0.0017840862274169922
147551,normal,1135,0,1782360432.1497924,0.0022780895233154297
147552,normal,648,0,1782360432.1517494,0.001956939697265625
147553,normal,2693,0,1782360432.1535254,0.001775979995727539
147554,normal,2354,0,1782360432.155738,0.0022127628326416016
147555,normal,3474,0,1782360432.1577425,0.002004384994506836
147556,normal,255,0,1782360432.1595247,0.0017821788787841797
147557,normal,1383,0,1782360432.1616018,0.0020771026611328125
147558,normal,2940,0,1782360432.1637337,0.002131938934326172
147559,normal,1865,0,1782360432.1655648,0.0018310546875
147560,normal,2728,0,1782360432.1675327,0.001967906951904297
147561,normal,873,2,1782360432.1697602,0.0022275447845458984
147562,normal,1146,0,1782360432.171511,0.0017507076263427734
147563,normal,2562,0,1782360432.1734593,0.0019483566284179688
147564,normal,1764,0,1782360432.175505,0.0020456314086914062
147565,normal,485,0,1782360432.1775427,0.0020377635955810547
147566,normal,1122,0,1782360432.179456,0.001913309097290039
147567,normal,982,2,1782360432.1815162,0.0020601749420166016
147568,normal,667,0,1782360432.1835434,0.002027273178100586
147569,normal,695,0,1782360432.185473,0.0019295215606689453
147570,normal,3577,0,1782360432.1874955,0.0020225048065185547
147571,normal,171,0,1782360432.189539,0.002043485641479492
147572,normal,2272,0,1782360432.191477,0.0019381046295166016
147573,normal,1851,0,1782360432.1935143,0.0020372867584228516
147574,normal,2139,0,1782360432.1955364,0.0020220279693603516
147575,normal,1698,0,1782360432.1974576,0.0019211769104003906
147576,normal,104,0,1782360432.1995332,0.002075672149658203
147577,normal,19,0,1782360432.2015421,0.0020089149475097656
147578,normal,1549,0,1782360432.2034714,0.0019292831420898438
147579,normal,442,0,1782360432.205488,0.0020165443420410156
147580,normal,3282,1,1782360432.2075348,0.002046823501586914
147581,normal,1855,0,1782360432.209544,0.002009153366088867
147582,normal,526,0,1782360432.2115498,0.0020058155059814453
147583,normal,2107,0,1782360432.2145057,0.002955913543701172
147584,normal,2416,0,1782360432.215524,0.0010182857513427734
147585,normal,3145,1,1782360432.2175333,0.0020093917846679688
147586,normal,3268,1,1782360432.2194977,0.0019643306732177734
147587,normal,876,2,1782360432.2215738,0.0020761489868164062
147588,normal,467,0,1782360432.2235334,0.001959562301635742
147589,normal,564,0,1782360432.2255356,0.002002239227294922
147590,normal,3242,1,1782360432.2274835,0.0019478797912597656
147591,normal,2110,0,1782360432.2295432,0.0020596981048583984
147592,normal,625,0,1782360432.2315328,0.001989603042602539
147593,normal,1114,0,1782360432.2334836,0.0019507408142089844
147594,normal,10,0,1782360432.2355335,0.0020499229431152344
147595,normal,2151,0,1782360432.2375312,0.001997709274291992
147596,normal,3381,1,1782360432.2394807,0.0019495487213134766
147597,normal,2991,0,1782360432.2415285,0.0020477771759033203
147598,normal,520,0,1782360432.2435315,0.0020029544830322266
147599,normal,3386,1,1782360432.245507,0.001975536346435547
147600,normal,1852,0,1782360432.247522,0.0020151138305664062
147601,normal,1436,0,1782360432.2495353,0.0020132064819335938
147602,normal,285,0,1782360432.251507,0.001971721649169922
147603,normal,2709,0,1782360432.2535188,0.0020117759704589844
147604,normal,1281,0,1782360432.255533,0.00201416015625
147605,normal,2149,0,1782360432.257506,0.0019729137420654297
147606,normal,3392,1,1782360432.2595158,0.002009868621826172
147607,normal,2972,0,1782360432.2615578,0.002042055130004883
147608,normal,2450,0,1782360432.2635074,0.0019495487213134766
147609,normal,21,0,1782360432.2655182,0.002010822296142578
147610,normal,1323,1,1782360432.2675087,0.0019905567169189453
147611,normal,3380,1,1782360432.2695143,0.0020055770874023438
147612,normal,2466,0,1782360432.2715142,0.0019998550415039062
147613,normal,2773,0,1782360432.2735481,0.0020339488983154297
147614,normal,2544,0,1782360432.2755082,0.0019600391387939453
147615,normal,2969,0,1782360432.2775154,0.0020072460174560547
147616,normal,1685,0,1782360432.2795389,0.002023458480834961
147617,normal,2663,0,1782360432.2815046,0.001965761184692383
147618,normal,967,2,1782360432.2835293,0.0020246505737304688
147619,normal,2843,0,1782360432.285534,0.0020046234130859375
147620,normal,580,0,1782360432.2875054,0.0019714832305908203
147621,normal,2103,0,1782360432.2895179,0.002012491226196289
147622,normal,3125,1,1782360432.291535,0.0020170211791992188
147623,normal,3511,0,1782360432.2935083,0.001973390579223633
147624,normal,2464,0,1782360432.2955155,0.0020072460174560547
147625,normal,3183,1,1782360432.2975335,0.002017974853515625
147626,normal,1139,0,1782360432.2995071,0.0019736289978027344
147627,normal,2884,0,1782360432.3015225,0.002015352249145508
147628,normal,1809,0,1782360432.3035324,0.002009868621826172
147629,normal,697,0,1782360432.3055067,0.001974344253540039
147630,normal,2993,0,1782360432.307522,0.002015352249145508
147631,normal,3372,1,1782360432.309533,0.0020110607147216797
147632,normal,1828,0,1782360432.3116124,0.0020792484283447266
147633,normal,2455,0,1782360432.3134947,0.001882314682006836
147634,normal,971,2,1782360432.3155444,0.002049684524536133
147635,normal,3322,1,1782360432.3174837,0.0019392967224121094
147636,normal,1337,1,1782360432.319535,0.0020513534545898438
147637,normal,2721,0,1782360432.3215325,0.0019974708557128906
147638,normal,3391,1,1782360432.3235092,0.0019767284393310547
147639,normal,2253,0,1782360432.3255186,0.0020093917846679688
147640,normal,900,2,1782360432.3275359,0.0020172595977783203
147641,normal,28,0,1782360432.3294802,0.0019443035125732422
147642,normal,2280,0,1782360432.331515,0.002034902572631836
147643,normal,764,0,1782360432.333538,0.002022981643676758
147644,normal,1456,0,1782360432.3355064,0.0019683837890625
147645,normal,3365,1,1782360432.3375216,0.0020151138305664062
147646,normal,268,0,1782360432.3395362,0.002014636993408203
147647,normal,2925,0,1782360432.3415055,0.0019693374633789062
147648,normal,2321,0,1782360432.3435192,0.002013683319091797
147649,normal,11,0,1782360432.3455346,0.002015352249145508
147650,normal,3607,0,1782360432.3475142,0.0019795894622802734
147651,normal,3041,0,1782360432.3496084,0.002094268798828125
147652,normal,922,2,1782360432.3515708,0.001962423324584961
147653,normal,1751,0,1782360432.3535464,0.001975536346435547
147654,normal,2875,0,1782360432.355712,0.002165555953979492
147655,normal,2882,0,1782360432.3575544,0.001842498779296875
147656,normal,3308,1,1782360432.3598773,0.0023229122161865234
147657,normal,301,0,1782360432.3615553,0.0016779899597167969
147658,normal,1020,2,1782360432.3637152,0.0021598339080810547
147659,normal,1854,0,1782360432.3655584,0.0018432140350341797
147660,normal,2676,0,1782360432.3677223,0.0021638870239257812
147661,normal,758,0,1782360432.3695276,0.0018053054809570312
147662,normal,1171,0,1782360432.3718593,0.0023317337036132812
147663,normal,200,0,1782360432.3735526,0.0016932487487792969
147664,normal,966,2,1782360432.3757434,0.002190828323364258
147665,normal,1018,2,1782360432.3775382,0.0017948150634765625
147666,normal,487,0,1782360432.3796942,0.0021560192108154297
147667,normal,190,0,1782360432.3815854,0.0018911361694335938
147668,normal,108,0,1782360432.383706,0.0021207332611083984
147669,normal,3360,1,1782360432.3855772,0.0018711090087890625
147670,normal,1509,0,1782360432.387724,0.0021467208862304688
147671,normal,3283,1,1782360432.3895717,0.0018477439880371094
147672,normal,1606,0,1782360432.3915703,0.0019986629486083984
147673,normal,3033,0,1782360432.3937337,0.002163410186767578
147674,normal,2643,0,1782360432.3955767,0.0018429756164550781
147675,normal,1969,0,1782360432.3976161,0.0020394325256347656
147676,normal,89,0,1782360432.399639,0.0020227432250976562
147677,normal,2279,0,1782360432.4014938,0.0018548965454101562
147678,normal,2046,0,1782360432.4035573,0.0020635128021240234
147679,normal,3029,0,1782360432.405539,0.0019817352294921875
147680,normal,3528,0,1782360432.407513,0.001973867416381836
147681,normal,2930,0,1782360432.4095552,0.0020422935485839844
147682,normal,3166,1,1782360432.4115465,0.00199127197265625
147683,normal,1472,0,1782360432.4134822,0.001935720443725586
147684,normal,645,0,1782360432.4155412,0.0020589828491210938
147685,normal,263,0,1782360432.417537,0.0019958019256591797
147686,normal,1372,1,1782360432.4194813,0.0019443035125732422
147687,normal,2135,0,1782360432.4215515,0.002070188522338867
147688,normal,2678,0,1782360432.423601,0.0020494461059570312
147689,normal,102,0,1782360432.4254878,0.0018868446350097656
147690,normal,107,0,1782360432.427543,0.0020551681518554688
147691,normal,1392,0,1782360432.429534,0.0019910335540771484
147692,normal,3189,1,1782360432.4314752,0.0019412040710449219
147693,normal,398,0,1782360432.4335406,0.002065420150756836
147694,normal,3416,0,1782360432.4355302,0.001989603042602539
147695,normal,0,0,1782360432.4375052,0.0019750595092773438
147696,normal,3021,0,1782360432.4395492,0.0020439624786376953
147697,normal,2328,0,1782360432.4415443,0.001995086669921875
147698,normal,1917,0,1782360432.443482,0.0019376277923583984
147699,normal,3445,0,1782360432.4455488,0.0020668506622314453
147700,normal,514,0,1782360432.4475358,0.001986980438232422
147701,normal,3571,0,1782360432.4495234,0.0019876956939697266
147702,normal,2314,0,1782360432.45154,0.0020165443420410156
147703,normal,1736,0,1782360432.4535425,0.0020024776458740234
147704,normal,2196,0,1782360432.4554784,0.0019359588623046875
147705,normal,2838,0,1782360432.457574,0.002095460891723633
147706,normal,2224,0,1782360432.4595568,0.0019829273223876953
147707,normal,1561,0,1782360432.4615116,0.001954793930053711
147708,normal,175,0,1782360432.463559,0.002047300338745117
147709,normal,3530,0,1782360432.4655337,0.001974821090698242
147710,normal,3307,1,1782360432.4674804,0.0019466876983642578
147711,normal,184,0,1782360432.4695604,0.0020799636840820312
147712,normal,3127,1,1782360432.4715338,0.001973390579223633
147713,normal,3022,0,1782360432.4734788,0.0019450187683105469
147714,normal,2145,0,1782360432.475546,0.002067089080810547
147715,normal,2916,0,1782360432.4775438,0.0019979476928710938
147716,normal,1066,0,1782360432.4795048,0.0019609928131103516
147717,normal,3025,0,1782360432.4815354,0.002030611038208008
147718,normal,2584,0,1782360432.4835355,0.002000093460083008
147719,normal,2959,0,1782360432.485513,0.0019774436950683594
147720,normal,1665,0,1782360432.487548,0.0020351409912109375
147721,normal,740,0,1782360432.4895356,0.001987457275390625
147722,normal,178,0,1782360432.4914775,0.0019419193267822266
147723,normal,2538,0,1782360432.493533,0.0020554065704345703
147724,normal,3527,0,1782360432.4955325,0.0019996166229248047
147725,normal,3154,1,1782360432.4974787,0.0019462108612060547
147726,normal,2327,0,1782360432.4995437,0.002064943313598633
147727,normal,1190,0,1782360432.5015347,0.0019910335540771484
147728,normal,126,0,1782360432.5034862,0.001951456069946289
147729,normal,1843,0,1782360432.5055382,0.0020520687103271484
147730,normal,1049,0,1782360432.5075324,0.0019941329956054688
147731,normal,3415,0,1782360432.5094821,0.0019497871398925781
147732,normal,1446,0,1782360432.5115435,0.0020613670349121094
147733,normal,2372,0,1782360432.5135345,0.0019910335540771484
147734,normal,478,0,1782360432.5154796,0.0019450187683105469
147735,normal,811,2,1782360432.5175393,0.0020596981048583984
147736,normal,67,0,1782360432.5195336,0.0019943714141845703
147737,normal,2786,0,1782360432.5214782,0.0019445419311523438
147738,normal,2293,0,1782360432.523549,0.002070903778076172
147739,normal,3507,0,1782360432.5255368,0.0019876956939697266
147740,normal,22,0,1782360432.5274909,0.0019540786743164062
147741,normal,3105,1,1782360432.5295758,0.002084970474243164
147742,normal,2498,0,1782360432.531541,0.0019652843475341797
147743,normal,3508,0,1782360432.5334775,0.0019364356994628906
147744,normal,3168,1,1782360432.5355587,0.002081155776977539
147745,normal,3696,0,1782360432.5375524,0.0019936561584472656
147746,normal,1424,0,1782360432.5394826,0.00193023681640625
147747,normal,2312,0,1782360432.5415587,0.0020761489868164062
147748,normal,3475,0,1782360432.5435448,0.0019860267639160156
147749,normal,2140,0,1782360432.5454812,0.0019364356994628906
147750,normal,2748,0,1782360432.54755,0.002068758010864258
147751,normal,3351,1,1782360432.5495374,0.001987457275390625
147752,normal,594,0,1782360432.5514824,0.0019450187683105469
147753,normal,1161,0,1782360432.5535488,0.002066373825073242
147754,normal,3450,0,1782360432.55554,0.00199127197265625
147755,normal,90,0,1782360432.5574808,0.0019407272338867188
147756,normal,2077,0,1782360432.559548,0.002067089080810547
147757,normal,1283,0,1782360432.5615425,0.001994609832763672
147758,normal,1669,0,1782360432.5634801,0.0019376277923583984
147759,normal,1786,0,1782360432.5655427,0.002062559127807617
147760,normal,823,2,1782360432.5675385,0.0019958019256591797
147761,normal,1081,0,1782360432.5694804,0.0019419193267822266
147762,normal,1939,0,1782360432.571541,0.0020606517791748047
147763,normal,2783,0,1782360432.5735419,0.0020008087158203125
147764,normal,3665,0,1782360432.57548,0.0019381046295166016
147765,normal,2911,0,1782360432.5775518,0.002071857452392578
147766,normal,1642,0,1782360432.5795395,0.0019876956939697266
147767,normal,693,0,1782360432.581523,0.0019834041595458984
147768,normal,1354,1,1782360432.583542,0.002019166946411133
147769,normal,2886,0,1782360432.5855365,0.0019943714141845703
147770,normal,2358,0,1782360432.5874856,0.0019490718841552734
147771,normal,307,0,1782360432.5895422,0.002056598663330078
147772,normal,168,0,1782360432.5915072,0.001965045928955078
147773,normal,3086,1,1782360432.5934794,0.001972198486328125
147774,normal,1445,0,1782360432.5955424,0.0020630359649658203
147775,normal,3500,0,1782360432.5974803,0.0019378662109375
147776,normal,1747,0,1782360432.5994802,0.0019998550415039062
147777,normal,3584,0,1782360432.6015406,0.002060413360595703
147778,normal,794,2,1782360432.6034806,0.001940011978149414
147779,normal,1664,0,1782360432.6054792,0.0019986629486083984
147780,normal,2779,0,1782360432.6075437,0.0020644664764404297
147781,normal,62,0,1782360432.6094837,0.001940011978149414
147782,normal,3239,1,1782360432.6115005,0.002016782760620117
147783,normal,1399,0,1782360432.613539,0.0020384788513183594
147784,normal,753,0,1782360432.6155074,0.0019683837890625
147785,normal,1005,2,1782360432.6174788,0.0019714832305908203
147786,normal,1250,0,1782360432.6195533,0.0020744800567626953
147787,normal,3408,0,1782360432.6214797,0.001926422119140625
147788,normal,819,2,1782360432.62348,0.0020003318786621094
147789,normal,1182,0,1782360432.6255455,0.002065420150756836
147790,normal,1155,0,1782360432.6275072,0.0019617080688476562
147791,normal,679,0,1782360432.6294994,0.0019922256469726562
147792,normal,1779,0,1782360432.631552,0.0020525455474853516
147793,normal,640,0,1782360432.6334805,0.001928567886352539
147794,normal,734,0,1782360432.6354787,0.0019981861114501953
147795,normal,856,2,1782360432.6375616,0.00208282470703125
147796,normal,2555,0,1782360432.6394799,0.0019183158874511719
147797,normal,436,0,1782360432.6414807,0.0020008087158203125
147798,normal,280,0,1782360432.6435418,0.002061128616333008
147799,normal,3525,0,1782360432.6455095,0.0019676685333251953
147800,normal,3641,0,1782360432.6474802,0.0019707679748535156
147801,normal,1744,0,1782360432.6495526,0.0020723342895507812
147802,normal,3523,0,1782360432.6515076,0.0019550323486328125
147803,normal,845,2,1782360432.653485,0.0019774436950683594
147804,normal,3236,1,1782360432.6555457,0.0020606517791748047
147805,normal,1116,0,1782360432.6575081,0.001962423324584961
147806,normal,1680,0,1782360432.6594865,0.0019783973693847656
147807,normal,1653,0,1782360432.6615543,0.0020678043365478516
147808,normal,1609,0,1782360432.6635122,0.0019578933715820312
147809,normal,1587,0,1782360432.665498,0.001985788345336914
147810,normal,1248,0,1782360432.6675484,0.0020503997802734375
147811,normal,2696,0,1782360432.669526,0.001977682113647461
147812,normal,351,0,1782360432.671493,0.0019669532775878906
147813,normal,3155,1,1782360432.6735504,0.002057313919067383
147814,normal,582,0,1782360432.675518,0.0019676685333251953
147815,normal,3052,1,1782360432.6774945,0.001976490020751953
147816,normal,1265,0,1782360432.6795454,0.0020508766174316406
147817,normal,124,0,1782360432.681525,0.0019795894622802734
147818,normal,3026,0,1782360432.6834955,0.001970529556274414
147819,normal,1143,0,1782360432.68556,0.0020644664764404297
147820,normal,1154,0,1782360432.6874926,0.0019326210021972656
147821,normal,96,0,1782360432.689493,0.0020003318786621094
147822,normal,213,0,1782360432.691545,0.0020520687103271484
147823,normal,2030,0,1782360432.6935265,0.001981496810913086
147824,normal,287,0,1782360432.6954913,0.0019648075103759766
147825,normal,386,0,1782360432.6975534,0.002062082290649414
147826,normal,1968,0,1782360432.6995177,0.0019643306732177734
147827,normal,3047,1,1782360432.7014923,0.0019745826721191406
147828,normal,981,2,1782360432.7035496,0.002057313919067383
147829,normal,2419,0,1782360432.7055209,0.0019712448120117188
147830,normal,1426,0,1782360432.70749,0.0019690990447998047
147831,normal,3251,1,1782360432.7095473,0.002057313919067383
147832,normal,1448,0,1782360432.7115192,0.0019719600677490234
147833,normal,377,0,1782360432.7134912,0.0019719600677490234
147834,normal,3602,0,1782360432.7155502,0.0020589828491210938
147835,normal,1437,0,1782360432.717522,0.001971721649169922
147836,normal,137,0,1782360432.7194924,0.001970529556274414
147837,normal,3657,0,1782360432.7215502,0.002057790756225586
147838,normal,3301,1,1782360432.7235184,0.0019681453704833984
147839,normal,3275,1,1782360432.7254949,0.001976490020751953
147840,normal,2071,0,1782360432.7275486,0.0020537376403808594
147841,normal,279,0,1782360432.7295237,0.0019750595092773438
147842,normal,1221,0,1782360432.731489,0.0019652843475341797
147843,normal,577,0,1782360432.7335463,0.002057313919067383
147844,normal,1626,0,1782360432.7355187,0.0019724369049072266
147845,normal,449,0,1782360432.7374966,0.0019779205322265625
147846,normal,9,0,1782360432.7395482,0.0020515918731689453
147847,normal,1933,0,1782360432.7415245,0.0019762516021728516
147848,normal,1027,2,1782360432.7434893,0.0019648075103759766
147849,normal,2960,0,1782360432.7455492,0.0020599365234375
147850,normal,3304,1,1782360432.7475152,0.0019659996032714844
147851,normal,2482,0,1782360432.7494922,0.0019769668579101562
147852,normal,2788,0,1782360432.751548,0.0020558834075927734
147853,normal,2692,0,1782360432.7535143,0.001966238021850586
147854,normal,472,0,1782360432.7554898,0.001975536346435547
147855,normal,1649,0,1782360432.75755,0.0020601749420166016
147856,normal,723,0,1782360432.7595255,0.001975536346435547
147857,normal,2481,0,1782360432.7614913,0.001965761184692383
147858,normal,3626,0,1782360432.7635505,0.0020592212677001953
147859,normal,2053,0,1782360432.7655783,0.002027750015258789
147860,normal,2216,0,1782360432.7674913,0.0019130706787109375
147861,normal,1366,1,1782360432.7695453,0.002053976058959961
147862,normal,2133,0,1782360432.771521,0.0019757747650146484
147863,normal,3038,0,1782360432.7734904,0.0019693374633789062
147864,normal,1553,0,1782360432.7755668,0.002076387405395508
147865,normal,3624,0,1782360432.7775242,0.001957416534423828
147866,normal,533,0,1782360432.7794912,0.0019669532775878906
147867,normal,413,0,1782360432.7815452,0.002053976058959961
147868,normal,1090,0,1782360432.783514,0.001968860626220703
147869,normal,345,0,1782360432.7854881,0.0019741058349609375
147870,normal,3402,0,1782360432.7875638,0.002075672149658203
147871,normal,1914,0,1782360432.7895174,0.001953601837158203
147872,normal,822,2,1782360432.79149,0.001972675323486328
147873,normal,859,2,1782360432.793545,0.002054929733276367
147874,normal,2840,0,1782360432.795514,0.0019690990447998047
147875,normal,315,0,1782360432.7974908,0.0019767284393310547
147876,normal,2624,0,1782360432.7995458,0.002054929733276367
147877,normal,2303,0,1782360432.8015223,0.001976490020751953
147878,normal,2266,0,1782360432.8034904,0.0019681453704833984
147879,normal,1047,0,1782360432.8055506,0.0020601749420166016
147880,normal,3340,1,1782360432.807611,0.002060413360595703
147881,normal,1173,0,1782360432.8094912,0.0018801689147949219
147882,normal,452,0,1782360432.811548,0.0020568370819091797
147883,normal,3477,0,1782360432.813951,0.0024030208587646484
147884,normal,1605,0,1782360432.8155096,0.001558542251586914
147885,normal,669,0,1782360432.8175483,0.002038717269897461
147886,normal,2851,0,1782360432.819496,0.001947641372680664
147887,normal,722,0,1782360432.8214834,0.001987457275390625
147888,normal,3184,1,1782360432.8235478,0.0020644664764404297
147889,normal,903,2,1782360432.8255212,0.001973390579223633
147890,normal,1037,0,1782360432.8274937,0.0019724369049072266
147891,normal,677,0,1782360432.829557,0.002063274383544922
147892,normal,2903,0,1782360432.831517,0.0019600391387939453
147893,normal,2221,0,1782360432.8334923,0.0019752979278564453
147894,normal,2367,0,1782360432.835544,0.002051830291748047
147895,normal,3084,1,1782360432.8375158,0.001971721649169922
147896,normal,2534,0,1782360432.8394897,0.001973867416381836
147897,normal,832,2,1782360432.8415515,0.0020618438720703125
147898,normal,295,0,1782360432.8435159,0.0019643306732177734
147899,normal,3237,1,1782360432.8454916,0.0019757747650146484
147900,normal,538,0,1782360432.8475494,0.002057790756225586
147901,normal,750,0,1782360432.8495226,0.0019731521606445312
147902,normal,2799,0,1782360432.8516607,0.0021381378173828125
147903,normal,1044,0,1782360432.8535404,0.0018796920776367188
147904,normal,1867,0,1782360432.8555238,0.0019834041595458984
147905,normal,3097,1,1782360432.8574908,0.0019669532775878906
147906,normal,77,0,1782360432.8595512,0.002060413360595703
147907,normal,1996,0,1782360432.8615336,0.001982450485229492
147908,normal,2355,0,1782360432.8634875,0.0019538402557373047
147909,normal,371,0,1782360432.8655496,0.002062082290649414
147910,normal,3292,1,1782360432.8675144,0.0019648075103759766
147911,normal,621,0,1782360432.8694894,0.0019750595092773438
147912,normal,194,0,1782360432.8715508,0.0020613670349121094
147913,normal,231,0,1782360432.8735166,0.001965761184692383
147914,normal,3559,0,1782360432.875488,0.0019714832305908203
147915,normal,1217,0,1782360432.8775465,0.0020585060119628906
147916,normal,3073,1,1782360432.879489,0.0019423961639404297
147917,normal,2389,0,1782360432.8814886,0.0019996166229248047
147918,normal,1890,0,1782360432.8835452,0.002056598663330078
147919,normal,2540,0,1782360432.885524,0.0019788742065429688
147920,normal,1220,0,1782360432.887489,0.001965045928955078
147921,normal,2195,0,1782360432.889547,0.0020580291748046875
147922,normal,1013,2,1782360432.891523,0.0019757747650146484
147923,normal,821,2,1782360432.8934958,0.0019729137420654297
147924,normal,404,0,1782360432.8955462,0.0020503997802734375
147925,normal,3548,0,1782360432.8975146,0.0019683837890625
147926,normal,1483,0,1782360432.899489,0.001974344253540039
147927,normal,1775,0,1782360432.9015474,0.0020585060119628906
147928,normal,2361,0,1782360432.9035153,0.001967906951904297
147929,normal,82,0,1782360432.90549,0.0019745826721191406
147930,normal,2350,0,1782360432.9075453,0.0020554065704345703
147931,normal,2215,0,1782360432.9095225,0.001977205276489258
147932,normal,3580,0,1782360432.9114864,0.0019638538360595703
147933,normal,2621,0,1782360432.9135664,0.0020799636840820312
147934,normal,3137,1,1782360432.9155152,0.0019488334655761719
147935,normal,3122,1,1782360432.9174907,0.001975536346435547
147936,normal,1848,0,1782360432.9195464,0.002055644989013672
147937,normal,1563,0,1782360432.9215171,0.0019707679748535156
147938,normal,2750,0,1782360432.9234912,0.0019741058349609375
147939,normal,2192,0,1782360432.9255452,0.002053976058959961
147940,normal,3649,0,1782360432.9275227,0.0019774436950683594
147941,normal,3433,0,1782360432.9294877,0.001965045928955078
147942,normal,763,0,1782360432.9315505,0.0020627975463867188
147943,normal,3042,0,1782360432.9335165,0.0019659996032714844
147944,normal,2685,0,1782360432.93549,0.001973390579223633
147945,normal,1089,0,1782360432.9375455,0.002055644989013672
147946,normal,261,0,1782360432.9395351,0.001989603042602539
147947,normal,1015,2,1782360432.9414883,0.001953125
147948,normal,2339,0,1782360432.9435453,0.0020570755004882812
147949,normal,3529,0,1782360432.9455128,0.0019674301147460938
147950,normal,1204,0,1782360432.9474895,0.0019767284393310547
147951,normal,3544,0,1782360432.9495497,0.0020601749420166016
147952,normal,1311,0,1782360432.9515216,0.0019719600677490234
147953,normal,1834,0,1782360432.9535162,0.001994609832763672
147954,normal,2036,0,1782360432.9555504,0.0020341873168945312
147955,normal,438,0,1782360432.957523,0.001972675323486328
147956,normal,1358,1,1782360432.9594924,0.0019693374633789062
147957,normal,1654,0,1782360432.9615486,0.002056121826171875
147958,normal,2446,0,1782360432.9635236,0.0019750595092773438
147959,normal,3227,1,1782360432.965492,0.0019683837890625
147960,normal,3659,0,1782360432.9676168,0.002124786376953125
147961,normal,2182,0,1782360432.969532,0.0019152164459228516
147962,normal,1787,0,1782360432.9714947,0.0019626617431640625
147963,normal,3588,0,1782360432.9735463,0.0020515918731689453
147964,normal,3638,0,1782360432.975521,0.001974821090698242
147965,normal,1953,0,1782360432.9774904,0.0019693374633789062
147966,normal,1289,0,1782360432.9795384,0.002048015594482422
147967,normal,2973,0,1782360432.9815292,0.001990795135498047
147968,normal,2113,0,1782360432.9834976,0.0019683837890625
147969,normal,1743,0,1782360432.9855547,0.0020570755004882812
147970,normal,327,0,1782360432.9875221,0.0019674301147460938
147971,normal,1556,0,1782360432.9894938,0.001971721649169922
147972,normal,2033,0,1782360432.9915512,0.002057313919067383
147973,normal,3537,0,1782360432.9935255,0.001974344253540039
147974,normal,562,0,1782360432.9954948,0.0019693374633789062
147975,normal,1923,0,1782360432.9976468,0.002151966094970703
147976,normal,2260,0,1782360432.9995232,0.0018763542175292969
147977,normal,187,0,1782360433.001494,0.0019707679748535156
147978,normal,1294,0,1782360433.0035524,0.0020585060119628906
147979,normal,2753,0,1782360433.005527,0.0019745826721191406
147980,normal,1450,0,1782360433.0074947,0.0019676685333251953
147981,normal,1259,0,1782360433.009562,0.0020673274993896484
147982,normal,3060,1,1782360433.011518,0.0019559860229492188
147983,normal,2428,0,1782360433.0135002,0.0019822120666503906
147984,normal,1043,0,1782360433.0155516,0.0020513534545898438
147985,normal,3020,0,1782360433.017527,0.001975536346435547
147986,normal,2362,0,1782360433.0195,0.0019729137420654297
147987,normal,2420,0,1782360433.02155,0.0020499229431152344
147988,normal,1681,0,1782360433.0235186,0.0019686222076416016
147989,normal,2390,0,1782360433.0254958,0.001977205276489258
147990,normal,235,0,1782360433.0275497,0.002053976058959961
147991,normal,2520,0,1782360433.0295103,0.0019605159759521484
147992,normal,3057,1,1782360433.0317855,0.002275228500366211
147993,normal,2665,0,1782360433.0336332,0.0018477439880371094
147994,normal,1385,0,1782360433.0355427,0.001909494400024414
147995,normal,323,0,1782360433.0374928,0.0019500255584716797
147996,normal,191,0,1782360433.0395558,0.0020630359649658203
147997,normal,2655,0,1782360433.0415254,0.001969575881958008
147998,normal,2857,0,1782360433.0434928,0.0019674301147460938
147999,normal,342,0,1782360433.0455515,0.002058744430541992
148000,normal,793,2,1782360433.0475183,0.001966714859008789
148001,normal,1094,0,1782360433.0494964,0.001978158950805664
148002,normal,1745,0,1782360433.051546,0.002049684524536133
148003,normal,2954,0,1782360433.053524,0.0019779205322265625
148004,normal,2174,0,1782360433.0554905,0.0019664764404296875
148005,normal,1333,1,1782360433.0575495,0.0020589828491210938
148006,normal,2590,0,1782360433.059526,0.001976490020751953
148007,normal,1632,0,1782360433.061492,0.0019659996032714844
148008,normal,2952,0,1782360433.0635324,0.002040386199951172
148009,normal,44,0,1782360433.0654902,0.0019578933715820312
148010,normal,2841,0,1782360433.0674906,0.0020003318786621094
148011,normal,101,0,1782360433.069546,0.0020554065704345703
148012,normal,2723,0,1782360433.0715218,0.0019757747650146484
148013,normal,1136,0,1782360433.0734904,0.0019686222076416016
148014,normal,762,0,1782360433.0755498,0.002059459686279297
148015,normal,2813,0,1782360433.0775187,0.001968860626220703
148016,normal,1827,0,1782360433.0794904,0.001971721649169922
148017,normal,615,0,1782360433.0815473,0.0020568370819091797
148018,normal,2629,0,1782360433.0835187,0.0019714832305908203
148019,normal,2418,0,1782360433.0854886,0.0019698143005371094
148020,normal,2573,0,1782360433.0875552,0.0020666122436523438
148021,normal,2275,0,1782360433.089516,0.00196075439453125
148022,normal,3463,0,1782360433.0914893,0.001973390579223633
148023,normal,3595,0,1782360433.0935488,0.002059459686279297
148024,normal,551,0,1782360433.0955162,0.0019674301147460938
148025,normal,3249,1,1782360433.097525,0.002008676528930664
148026,normal,893,2,1782360433.0995429,0.002017974853515625
148027,normal,521,0,1782360433.101522,0.0019791126251220703
148028,normal,3299,1,1782360433.1034896,0.0019676685333251953
148029,normal,2228,0,1782360433.105546,0.0020563602447509766
148030,normal,1611,0,1782360433.107525,0.0019791126251220703
148031,normal,2966,0,1782360433.1094897,0.001964569091796875
148032,normal,1201,0,1782360433.1115472,0.0020575523376464844
148033,normal,3683,0,1782360433.1135156,0.0019683837890625
148034,normal,3698,0,1782360433.1155405,0.0020248889923095703
148035,normal,2763,0,1782360433.1175466,0.002006053924560547
148036,normal,2931,0,1782360433.1194837,0.0019371509552001953
148037,normal,2039,0,1782360433.1214776,0.001993894577026367
148038,normal,1623,0,1782360433.123502,0.002024412155151367
148039,normal,2527,0,1782360433.1255069,0.002004861831665039
148040,normal,409,0,1782360433.1275454,0.0020384788513183594
148041,normal,2599,0,1782360433.129492,0.0019466876983642578
148042,normal,879,2,1782360433.131506,0.0020139217376708984
148043,normal,1689,0,1782360433.1335404,0.002034425735473633
148044,normal,3503,0,1782360433.135731,0.0021905899047851562
148045,normal,1616,0,1782360433.1375272,0.0017962455749511719
148046,normal,2832,0,1782360433.1396046,0.002077341079711914
148047,normal,3618,0,1782360433.1415143,0.0019097328186035156
148048,normal,3272,1,1782360433.1435034,0.001989126205444336
148049,normal,50,0,1782360433.1455097,0.0020062923431396484
148050,normal,1832,0,1782360433.1475,0.0019903182983398438
148051,normal,242,0,1782360433.1495006,0.002000570297241211
148052,normal,1946,0,1782360433.1515095,0.0020089149475097656
148053,normal,2281,0,1782360433.1534953,0.001985788345336914
148054,normal,3316,1,1782360433.1554995,0.0020041465759277344
148055,normal,3104,1,1782360433.1574726,0.0019731521606445312
148056,normal,2477,0,1782360433.159497,0.002024412155151367
148057,normal,1170,0,1782360433.1614969,0.0019998550415039062
148058,normal,276,0,1782360433.163472,0.0019750595092773438
148059,normal,1797,0,1782360433.1655002,0.002028226852416992
148060,normal,2408,0,1782360433.1674964,0.001996278762817383
148061,normal,1098,0,1782360433.169468,0.0019714832305908203
148062,normal,2564,0,1782360433.1714854,0.002017498016357422
148063,normal,198,0,1782360433.173499,0.002013683319091797
148064,normal,1398,0,1782360433.1754708,0.001971721649169922
148065,normal,2524,0,1782360433.17748,0.002009153366088867
148066,normal,909,2,1782360433.1795087,0.0020287036895751953
148067,normal,203,0,1782360433.1814682,0.001959562301635742
148068,normal,2853,0,1782360433.1834857,0.002017498016357422
148069,normal,1262,0,1782360433.1855145,0.0020287036895751953
148070,normal,2271,0,1782360433.1874838,0.0019693374633789062
148071,normal,3053,1,1782360433.1894908,0.002007007598876953
148072,normal,3375,1,1782360433.1914754,0.0019845962524414062
148073,normal,2306,0,1782360433.1934726,0.001997232437133789
148074,normal,849,2,1782360433.1954975,0.0020248889923095703
148075,normal,1469,0,1782360433.1975086,0.0020110607147216797
148076,normal,3072,1,1782360433.19947,0.0019614696502685547
148077,normal,2013,0,1782360433.201549,0.002079010009765625
148078,normal,2085,0,1782360433.2035155,0.0019664764404296875
148079,normal,1206,0,1782360433.2054784,0.001962900161743164
148080,normal,1700,0,1782360433.207504,0.002025604248046875
148081,normal,3587,0,1782360433.2095015,0.0019974708557128906
148082,normal,1470,0,1782360433.21147,0.0019683837890625
148083,normal,2206,0,1782360433.213502,0.002032041549682617
148084,normal,786,2,1782360433.2154946,0.0019927024841308594
148085,normal,699,0,1782360433.2174726,0.0019779205322265625
148086,normal,2257,0,1782360433.2195046,0.002032041549682617
148087,normal,1540,0,1782360433.2214978,0.0019931793212890625
148088,normal,3241,1,1782360433.2234707,0.0019729137420654297
148089,normal,1925,0,1782360433.2254982,0.0020275115966796875
148090,normal,3481,0,1782360433.2274709,0.001972675323486328
148091,normal,1258,0,1782360433.229474,0.002003192901611328
148092,normal,532,0,1782360433.2315023,0.002028226852416992
148093,normal,1993,0,1782360433.233507,0.0020046234130859375
148094,normal,2009,0,1782360433.2354703,0.001963376998901367
148095,normal,3358,1,1782360433.2375188,0.002048492431640625
148096,normal,2050,0,1782360433.239497,0.001978158950805664
148097,normal,3407,0,1782360433.2414782,0.0019812583923339844
148098,normal,3625,0,1782360433.243521,0.0020427703857421875
148099,normal,1367,1,1782360433.2454953,0.001974344253540039
148100,normal,216,0,1782360433.2474723,0.0019769668579101562
148101,normal,1329,1,1782360433.2494981,0.0020258426666259766
148102,normal,296,0,1782360433.2515507,0.0020525455474853516
148103,normal,662,0,1782360433.2537785,0.002227783203125
148104,normal,3248,1,1782360433.2558234,0.0020449161529541016
148105,normal,1748,0,1782360433.2575567,0.0017333030700683594
148106,normal,53,0,1782360433.2597742,0.002217531204223633
148107,normal,3179,1,1782360433.2618701,0.002095937728881836
148108,normal,2383,0,1782360433.2635698,0.001699686050415039
148109,normal,3211,1,1782360433.2657535,0.002183675765991211
148110,normal,1115,0,1782360433.267782,0.0020284652709960938
148111,normal,2933,0,1782360433.2695315,0.0017495155334472656
148112,normal,2164,0,1782360433.2716372,0.002105712890625
148113,normal,1365,1,1782360433.2735417,0.0019044876098632812
148114,normal,593,0,1782360433.275534,0.0019922256469726562
148115,normal,477,0,1782360433.2774935,0.001959562301635742
148116,normal,3001,0,1782360433.27953,0.002036571502685547
148117,normal,738,0,1782360433.2815285,0.001998424530029297
148118,normal,1725,0,1782360433.2834945,0.0019659996032714844
148119,normal,612,0,1782360433.2855675,0.002073049545288086
148120,normal,915,2,1782360433.2874866,0.0019190311431884766
148121,normal,1773,0,1782360433.2894833,0.001996755599975586
148122,normal,314,0,1782360433.2915287,0.0020453929901123047
148123,normal,1310,0,1782360433.2935178,0.001989126205444336
148124,normal,736,0,1782360433.295484,0.001966238021850586
148125,normal,425,0,1782360433.297532,0.002048015594482422
148126,normal,34,0,1782360433.2995193,0.0019872188568115234
148127,normal,2476,0,1782360433.301485,0.001965761184692383
148128,normal,2436,0,1782360433.3035254,0.002040386199951172
148129,normal,2512,0,1782360433.3055184,0.001992940902709961
148130,normal,417,0,1782360433.307489,0.001970529556274414
148131,normal,2575,0,1782360433.3095207,0.0020318031311035156
148132,normal,2912,0,1782360433.311519,0.0019981861114501953
148133,normal,2248,0,1782360433.3134813,0.001962423324584961
148134,normal,1462,0,1782360433.3155186,0.0020372867584228516
148135,normal,360,0,1782360433.3175337,0.0020151138305664062
148136,normal,846,2,1782360433.319482,0.0019483566284179688
148137,normal,257,0,1782360433.3215258,0.0020437240600585938
148138,normal,1713,0,1782360433.323519,0.0019931793212890625
148139,normal,2712,0,1782360433.3254828,0.0019638538360595703
148140,normal,2026,0,1782360433.3275213,0.0020384788513183594
148141,normal,3388,1,1782360433.329519,0.001997709274291992
148142,normal,774,2,1782360433.3314834,0.0019643306732177734
148143,normal,2363,0,1782360433.3335197,0.0020363330841064453
148144,normal,1168,0,1782360433.3355114,0.001991748809814453
148145,normal,13,0,1782360433.3374758,0.0019643306732177734
148146,normal,2478,0,1782360433.3395236,0.0020477771759033203
148147,normal,2189,0,1782360433.341556,0.0020325183868408203
148148,normal,1327,1,1782360433.3434892,0.0019330978393554688
148149,normal,2360,0,1782360433.3455184,0.0020291805267333984
148150,normal,3428,0,1782360433.347523,0.0020046234130859375
148151,normal,717,0,1782360433.3497283,0.002205371856689453
148152,normal,369,0,1782360433.3515449,0.0018165111541748047
148153,normal,838,2,1782360433.353896,0.002351045608520508
148154,normal,1084,0,1782360433.3556123,0.0017163753509521484
148155,normal,3135,1,1782360433.3578863,0.002274036407470703
148156,normal,2471,0,1782360433.3595626,0.001676321029663086
148157,normal,1544,0,1782360433.361908,0.0023453235626220703
148158,normal,817,2,1782360433.3638802,0.001972198486328125
148159,normal,1485,0,1782360433.3655696,0.0016894340515136719
148160,normal,2243,0,1782360433.3677967,0.0022270679473876953
148161,normal,1651,0,1782360433.369858,0.0020613670349121094
148162,normal,683,0,1782360433.3716054,0.0017473697662353516
148163,normal,2707,0,1782360433.3734925,0.0018870830535888672
148164,normal,801,2,1782360433.3755016,0.002009153366088867
148165,normal,3567,0,1782360433.377498,0.001996278762817383
148166,normal,1539,0,1782360433.3794954,0.0019974708557128906
148167,normal,3438,0,1782360433.3814929,0.0019974708557128906
148168,normal,2430,0,1782360433.3834915,0.0019986629486083984
148169,normal,1233,0,1782360433.385496,0.002004384994506836
148170,normal,2490,0,1782360433.3874962,0.0020003318786621094
148171,normal,2950,0,1782360433.3895423,0.0020461082458496094
148172,normal,83,0,1782360433.3914957,0.0019533634185791016
148173,normal,1961,0,1782360433.3934946,0.0019989013671875
148174,normal,2047,0,1782360433.3955054,0.002010822296142578
148175,normal,2374,0,1782360433.3974965,0.0019910335540771484
148176,normal,1523,0,1782360433.3995073,0.002010822296142578
148177,normal,713,0,1782360433.4014978,0.0019905567169189453
148178,normal,536,0,1782360433.4034917,0.001993894577026367
148179,normal,604,0,1782360433.405492,0.0020003318786621094
148180,normal,3633,0,1782360433.4074922,0.002000093460083008
148181,normal,755,0,1782360433.4094887,0.0019965171813964844
148182,normal,2772,0,1782360433.4114914,0.002002716064453125
148183,normal,1465,0,1782360433.4135556,0.002064228057861328
148184,normal,1479,0,1782360433.4158416,0.0022859573364257812
148185,normal,1218,0,1782360433.4175088,0.0016672611236572266
148186,normal,2161,0,1782360433.4196527,0.00214385986328125
148187,normal,2336,0,1782360433.4214973,0.001844644546508789
148188,normal,1934,0,1782360433.4235294,0.002032041549682617
148189,normal,2608,0,1782360433.425523,0.0019936561584472656
148190,normal,1321,1,1782360433.4274864,0.001963376998901367
148191,normal,308,0,1782360433.4295163,0.002029895782470703
148192,normal,941,2,1782360433.4315195,0.002003192901611328
148193,normal,1280,0,1782360433.4335196,0.002000093460083008
148194,normal,2031,0,1782360433.435526,0.0020062923431396484
148195,normal,765,0,1782360433.4375427,0.002016782760620117
148196,normal,3499,0,1782360433.4394937,0.001950979232788086
148197,normal,59,0,1782360433.4415212,0.0020275115966796875
148198,normal,17,0,1782360433.4435306,0.0020093917846679688
148199,normal,3533,0,1782360433.445493,0.001962423324584961
148200,normal,1316,0,1782360433.4475172,0.0020241737365722656
148201,normal,3667,0,1782360433.4495091,0.0019919872283935547
148202,normal,2041,0,1782360433.4515295,0.0020203590393066406
148203,normal,1973,0,1782360433.4534922,0.0019626617431640625
148204,normal,2326,0,1782360433.4555054,0.0020132064819335938
148205,normal,2913,0,1782360433.45748,0.0019745826721191406
148206,normal,3037,0,1782360433.4594617,0.0019817352294921875
148207,normal,3126,1,1782360433.4615414,0.0020797252655029297
148208,normal,835,2,1782360433.4637463,0.00220489501953125
148209,normal,3645,0,1782360433.4654565,0.0017101764678955078
148210,normal,3266,1,1782360433.467525,0.0020685195922851562
148211,normal,2092,0,1782360433.4697537,0.0022287368774414062
148212,normal,1844,0,1782360433.471604,0.0018503665924072266
148213,normal,2070,0,1782360433.4735231,0.0019190311431884766
148214,normal,3634,0,1782360433.4757514,0.002228260040283203
148215,normal,1585,0,1782360433.4776196,0.0018682479858398438
148216,normal,2765,0,1782360433.4795198,0.0019001960754394531
148217,normal,2005,0,1782360433.481754,0.002234220504760742
148218,normal,3000,0,1782360433.4836018,0.0018477439880371094
148219,normal,2876,0,1782360433.4855225,0.0019207000732421875
148220,normal,2628,0,1782360433.487556,0.0020334720611572266
148221,normal,1762,0,1782360433.4896083,0.00205230712890625
148222,normal,400,0,1782360433.4914994,0.0018911361694335938
148223,normal,2118,0,1782360433.49349,0.0019905567169189453
148224,normal,3142,1,1782360433.4955022,0.0020122528076171875
148225,normal,2618,0,1782360433.4975312,0.002028942108154297
148226,normal,1026,2,1782360433.4994917,0.0019605159759521484
148227,normal,597,0,1782360433.5015247,0.0020329952239990234
148228,normal,2603,0,1782360433.503534,0.0020093917846679688
148229,normal,1535,0,1782360433.5054893,0.001955270767211914
148230,normal,16,0,1782360433.5075283,0.0020389556884765625
148231,normal,1754,0,1782360433.5095234,0.001995086669921875
148232,normal,3353,1,1782360433.5114865,0.0019631385803222656
148233,normal,2412,0,1782360433.5135214,0.002034902572631836
148234,normal,1905,0,1782360433.5155537,0.0020322799682617188
148235,normal,1209,0,1782360433.5175362,0.001982450485229492
148236,normal,2059,0,1782360433.5195677,0.002031564712524414
148237,normal,2754,0,1782360433.5215335,0.001965761184692383
148238,normal,3034,0,1782360433.5234976,0.001964092254638672
148239,normal,1816,0,1782360433.5255241,0.0020265579223632812
148240,normal,3464,0,1782360433.5275285,0.002004384994506836
148241,normal,3063,1,1782360433.5295424,0.0020139217376708984
148242,normal,3496,0,1782360433.5315309,0.0019884109497070312
148243,normal,656,0,1782360433.533529,0.0019981861114501953
148244,normal,1785,0,1782360433.5354903,0.001961231231689453
148245,normal,2108,0,1782360433.5375261,0.002035856246948242
148246,normal,165,0,1782360433.5395238,0.001997709274291992
148247,normal,246,0,1782360433.5415998,0.0020759105682373047
148248,normal,1062,0,1782360433.543724,0.002124309539794922
148249,normal,310,0,1782360433.5454872,0.0017631053924560547
148250,normal,2883,0,1782360433.5474908,0.0020036697387695312
148251,normal,553,0,1782360433.5495276,0.0020368099212646484
148252,normal,2438,0,1782360433.551525,0.0019974708557128906
148253,normal,2789,0,1782360433.5534928,0.0019676685333251953
148254,normal,2172,0,1782360433.555534,0.0020411014556884766
148255,normal,1954,0,1782360433.5575216,0.0019876956939697266
148256,normal,35,0,1782360433.5594883,0.001966714859008789
148257,normal,530,0,1782360433.5615277,0.0020394325256347656
148258,normal,3339,1,1782360433.5635293,0.002001523971557617
148259,normal,502,0,1782360433.5654883,0.001959085464477539
148260,normal,3389,1,1782360433.5675232,0.002034902572631836
148261,normal,3517,0,1782360433.5695229,0.0019996166229248047
148262,normal,23,0,1782360433.5714915,0.0019686222076416016
148263,normal,2574,0,1782360433.5735247,0.002033233642578125
148264,normal,284,0,1782360433.5755224,0.001997709274291992
148265,normal,1505,0,1782360433.577488,0.0019655227661132812
148266,normal,814,2,1782360433.5795233,0.002035379409790039
148267,normal,711,0,1782360433.5815222,0.0019989013671875
148268,normal,3699,0,1782360433.5834875,0.0019652843475341797
148269,normal,1994,0,1782360433.5855267,0.002039194107055664
148270,normal,2424,0,1782360433.5875208,0.0019941329956054688
148271,normal,3606,0,1782360433.589489,0.0019681453704833984
148272,normal,2810,0,1782360433.5915258,0.0020368099212646484
148273,normal,2526,0,1782360433.5935197,0.001993894577026367
148274,normal,1,0,1782360433.5954993,0.0019795894622802734
148275,normal,2317,0,1782360433.597528,0.0020287036895751953
148276,normal,1486,0,1782360433.5995226,0.001994609832763672
148277,normal,1708,0,1782360433.6014857,0.0019631385803222656
148278,normal,3267,1,1782360433.6035297,0.0020439624786376953
148279,normal,1951,0,1782360433.6055245,0.0019948482513427734
148280,normal,71,0,1782360433.6074913,0.001966714859008789
148281,normal,1916,0,1782360433.6095219,0.002030611038208008
148282,normal,2342,0,1782360433.6115215,0.0019996166229248047
148283,normal,2201,0,1782360433.6134856,0.001964092254638672
148284,normal,1063,0,1782360433.6155243,0.002038717269897461
148285,normal,1192,0,1782360433.6175246,0.0020003318786621094
148286,normal,952,2,1782360433.6194873,0.0019626617431640625
148287,normal,1729,0,1782360433.6215255,0.002038240432739258
148288,normal,2985,0,1782360433.6235652,0.002039670944213867
148289,normal,3332,1,1782360433.6254914,0.0019261837005615234
148290,normal,1811,0,1782360433.6275268,0.002035379409790039
148291,normal,1694,0,1782360433.6295233,0.0019965171813964844
148292,normal,560,0,1782360433.631489,0.001965761184692383
148293,normal,1205,0,1782360433.633527,0.0020380020141601562
148294,normal,357,0,1782360433.6355295,0.0020024776458740234
148295,normal,3085,1,1782360433.6374946,0.001965045928955078
148296,normal,196,0,1782360433.639572,0.002077341079711914
148297,normal,3582,0,1782360433.6415234,0.001951456069946289
148298,normal,3695,0,1782360433.6434906,0.001967191696166992
148299,normal,3449,0,1782360433.645522,0.002031564712524414
148300,normal,1174,0,1782360433.647529,0.0020067691802978516
148301,normal,1734,0,1782360433.6494973,0.0019683837890625
148302,normal,1668,0,1782360433.6515207,0.002023458480834961
148303,normal,1203,0,1782360433.6535525,0.0020318031311035156
148304,normal,2987,0,1782360433.655501,0.0019483566284179688
148305,normal,965,2,1782360433.6575365,0.0020356178283691406
148306,normal,448,0,1782360433.6595263,0.0019898414611816406
148307,normal,186,0,1782360433.6614912,0.0019648075103759766
148308,normal,3418,0,1782360433.6635413,0.002050161361694336
148309,normal,1521,0,1782360433.6655197,0.0019783973693847656
148310,normal,2762,0,1782360433.6674886,0.001968860626220703
148311,normal,1012,2,1782360433.6695216,0.0020329952239990234
148312,normal,2536,0,1782360433.6715186,0.0019969940185546875
148313,normal,622,0,1782360433.6734939,0.0019752979278564453
148314,normal,275,0,1782360433.6755219,0.0020279884338378906
148315,normal,2867,0,1782360433.6775272,0.002005338668823242
148316,normal,161,0,1782360433.6794872,0.0019600391387939453
148317,normal,2947,0,1782360433.681523,0.002035856246948242
148318,normal,633,0,1782360433.683524,0.0020008087158203125
148319,normal,1255,0,1782360433.6854932,0.0019693374633789062
148320,normal,1096,0,1782360433.6875381,0.0020449161529541016
148321,normal,1423,0,1782360433.6895294,0.00199127197265625
148322,normal,117,0,1782360433.6914904,0.0019609928131103516
148323,normal,834,2,1782360433.693527,0.002036571502685547
148324,normal,737,0,1782360433.6955307,0.0020036697387695312
148325,normal,3217,1,1782360433.6974857,0.0019550323486328125
148326,normal,3640,0,1782360433.6995316,0.002045869827270508
148327,normal,816,2,1782360433.701525,0.001993417739868164
148328,normal,3447,0,1782360433.703484,0.001959085464477539
148329,normal,1418,0,1782360433.7055283,0.002044200897216797
148330,normal,2870,0,1782360433.7075267,0.001998424530029297
148331,normal,3081,1,1782360433.7094858,0.001959085464477539
148332,normal,1215,0,1782360433.7115352,0.0020494461059570312
148333,normal,241,0,1782360433.7135253,0.001990079879760742
148334,normal,865,2,1782360433.7154906,0.0019652843475341797
148335,normal,2176,0,1782360433.717523,0.0020325183868408203
148336,normal,32,0,1782360433.719532,0.0020089149475097656
148337,normal,1874,0,1782360433.7214878,0.001955747604370117
148338,normal,3158,1,1782360433.72352,0.0020322799682617188
148339,normal,606,0,1782360433.725524,0.002003908157348633
148340,normal,2735,0,1782360433.7274892,0.0019652843475341797
148341,normal,1369,1,1782360433.7295265,0.0020372867584228516
148342,normal,2066,0,1782360433.731519,0.001992464065551758
148343,normal,55,0,1782360433.7335284,0.0020093917846679688
148344,normal,3379,1,1782360433.7355137,0.001985311508178711
148345,normal,1384,0,1782360433.7375305,0.002016782760620117
148346,normal,3465,0,1782360433.739492,0.0019614696502685547
148347,normal,3569,0,1782360433.7415273,0.002035379409790039
148348,normal,2019,0,1782360433.7435267,0.001999378204345703
148349,normal,2525,0,1782360433.7454867,0.0019600391387939453
148350,normal,3692,0,1782360433.7475321,0.0020453929901123047
148351,normal,3383,1,1782360433.7495327,0.002000570297241211
148352,normal,1979,0,1782360433.751499,0.001966238021850586
148353,normal,522,0,1782360433.7535276,0.0020287036895751953
148354,normal,3451,0,1782360433.7555246,0.0019969940185546875
148355,normal,3617,0,1782360433.757488,0.001963376998901367
148356,normal,1800,0,1782360433.759527,0.0020389556884765625
148357,normal,2055,0,1782360433.761529,0.0020020008087158203
148358,normal,1460,0,1782360433.763491,0.001961946487426758
148359,normal,130,0,1782360433.7655258,0.002034902572631836
148360,normal,2717,0,1782360433.7675228,0.0019969940185546875
148361,normal,3688,0,1782360433.7694917,0.001968860626220703
148362,normal,366,0,1782360433.771524,0.0020322799682617188
148363,normal,3045,1,1782360433.7735288,0.002004861831665039
148364,normal,3187,1,1782360433.7754922,0.001963376998901367
148365,normal,3092,1,1782360433.7775288,0.002036571502685547
148366,normal,3132,1,1782360433.7795231,0.0019943714141845703
148367,normal,926,2,1782360433.7814882,0.001965045928955078
148368,normal,1652,0,1782360433.7835345,0.002046346664428711
148369,normal,1156,0,1782360433.7855282,0.0019936561584472656
148370,normal,2861,0,1782360433.7874863,0.001958131790161133
148371,normal,605,0,1782360433.78953,0.0020437240600585938
148372,normal,3431,0,1782360433.7915266,0.0019965171813964844
148373,normal,3293,1,1782360433.7934859,0.0019593238830566406
148374,normal,1125,0,1782360433.795528,0.002042055130004883
148375,normal,1191,0,1782360433.7975242,0.001996278762817383
148376,normal,3635,0,1782360433.7994888,0.001964569091796875
148377,normal,1123,0,1782360433.8015249,0.0020360946655273438
148378,normal,2294,0,1782360433.8035252,0.0020003318786621094
148379,normal,3609,0,1782360433.8054905,0.0019652843475341797
148380,normal,3376,1,1782360433.8075247,0.0020341873168945312
148381,normal,1393,0,1782360433.8095193,0.001994609832763672
148382,normal,2120,0,1782360433.8115306,0.0020112991333007812
148383,normal,1718,0,1782360433.8135386,0.0020079612731933594
148384,normal,2792,0,1782360433.8155274,0.0019888877868652344
148385,normal,2652,0,1782360433.8174915,0.001964092254638672
148386,normal,2493,0,1782360433.8195257,0.0020341873168945312
148387,normal,1324,1,1782360433.821524,0.0019981861114501953
148388,normal,1965,0,1782360433.8234859,0.001961946487426758
148389,normal,3028,0,1782360433.8255272,0.002041339874267578
148390,normal,3271,1,1782360433.8275678,0.0020406246185302734
148391,normal,3205,1,1782360433.8295,0.0019321441650390625
148392,normal,2442,0,1782360433.8315322,0.0020322799682617188
148393,normal,776,2,1782360433.8335528,0.002020597457885742
148394,normal,3497,0,1782360433.8354871,0.0019342899322509766
148395,normal,1065,0,1782360433.8375077,0.002020597457885742
148396,normal,3011,0,1782360433.839506,0.0019981861114501953
148397,normal,1715,0,1782360433.8414726,0.001966714859008789
148398,normal,1902,0,1782360433.8434992,0.0020265579223632812
148399,normal,1514,0,1782360433.8455017,0.0020024776458740234
148400,normal,2901,0,1782360433.847471,0.0019693374633789062
148401,normal,1124,0,1782360433.849497,0.002026081085205078
148402,normal,1303,0,1782360433.8515072,0.0020101070404052734
148403,normal,415,0,1782360433.8534734,0.001966238021850586
148404,normal,2929,0,1782360433.8555052,0.0020318031311035156
148405,normal,3401,1,1782360433.8575275,0.002022266387939453
148406,normal,3234,1,1782360433.8594682,0.0019407272338867188
148407,normal,319,0,1782360433.8615072,0.0020389556884765625
148408,normal,3558,0,1782360433.8635106,0.0020034313201904297
148409,normal,769,0,1782360433.8654757,0.001965045928955078
148410,normal,2546,0,1782360433.8675125,0.0020368099212646484
148411,normal,2880,0,1782360433.8695092,0.001996755599975586
148412,normal,3008,0,1782360433.8714657,0.001956462860107422
148413,normal,1046,0,1782360433.8734994,0.002033710479736328
148414,normal,141,0,1782360433.8754992,0.0019998550415039062
148415,normal,2284,0,1782360433.877473,0.001973867416381836
148416,normal,2942,0,1782360433.879508,0.002034902572631836
148417,normal,3540,0,1782360433.8815024,0.0019943714141845703
148418,normal,2090,0,1782360433.8834648,0.001962423324584961
148419,normal,631,0,1782360433.885497,0.0020322799682617188
148420,normal,2514,0,1782360433.8875072,0.0020101070404052734
148421,normal,3405,0,1782360433.8894763,0.0019690990447998047
148422,normal,453,0,1782360433.8914995,0.0020232200622558594
148423,normal,1932,0,1782360433.893497,0.0019974708557128906
148424,normal,3212,1,1782360433.8954713,0.001974344253540039
148425,normal,3279,1,1782360433.8974988,0.0020275115966796875
148426,normal,418,0,1782360433.899496,0.001997232437133789
148427,normal,3298,1,1782360433.9014733,0.001977205276489258
148428,normal,2934,0,1782360433.9034977,0.002024412155151367
148429,normal,777,2,1782360433.9055047,0.002007007598876953
148430,normal,3075,1,1782360433.9074788,0.0019741058349609375
148431,normal,3490,0,1782360433.909496,0.0020172595977783203
148432,normal,2347,0,1782360433.911505,0.0020089149475097656
148433,normal,3002,0,1782360433.9134743,0.0019693374633789062
148434,normal,3396,1,1782360433.9154978,0.002023458480834961
148435,normal,3482,0,1782360433.9175043,0.00200653076171875
148436,normal,1991,0,1782360433.9194725,0.0019681453704833984
148437,normal,220,0,1782360433.921497,0.0020246505737304688
148438,normal,985,2,1782360433.9235017,0.0020046234130859375
148439,normal,3561,0,1782360433.9254715,0.0019698143005371094
148440,normal,2076,0,1782360433.92751,0.0020384788513183594
148441,normal,2286,0,1782360433.9300885,0.0025784969329833984
148442,normal,428,0,1782360433.9314773,0.0013887882232666016
148443,normal,746,0,1782360433.9335368,0.002059459686279297
148444,normal,2701,0,1782360433.9354694,0.0019326210021972656
148445,normal,655,0,1782360433.9374702,0.0020008087158203125
148446,normal,872,2,1782360433.939496,0.0020258426666259766
148447,normal,3252,1,1782360433.9414992,0.002003192901611328
148448,normal,1403,0,1782360433.943468,0.001968860626220703
148449,normal,3157,1,1782360433.9455142,0.0020461082458496094
148450,normal,2496,0,1782360433.9474964,0.0019822120666503906
148451,normal,2353,0,1782360433.9494703,0.001973867416381836
148452,normal,1735,0,1782360433.9514997,0.0020294189453125
148453,normal,611,0,1782360433.9535053,0.0020055770874023438
148454,normal,569,0,1782360433.9554763,0.001971006393432617
148455,normal,1817,0,1782360433.9575033,0.0020270347595214844
148456,normal,118,0,1782360433.9595065,0.002003192901611328
148457,normal,3422,0,1782360433.9614735,0.0019669532775878906
148458,normal,3639,0,1782360433.9634986,0.002025127410888672
148459,normal,2274,0,1782360433.9654992,0.002000570297241211
148460,normal,2751,0,1782360433.9674764,0.001977205276489258
148461,normal,3218,1,1782360433.969502,0.002025604248046875
148462,normal,2816,0,1782360433.9714978,0.0019958019256591797
148463,normal,3007,0,1782360433.9734712,0.001973390579223633
148464,normal,2803,0,1782360433.975496,0.0020248889923095703
148465,normal,739,0,1782360433.9775012,0.0020051002502441406
148466,normal,3273,1,1782360433.9794698,0.0019686222076416016
148467,normal,3147,1,1782360433.981496,0.0020263195037841797
148468,normal,2024,0,1782360433.983502,0.0020058155059814453
148469,normal,2004,0,1782360433.9854872,0.001985311508178711
148470,normal,3653,0,1782360433.9875112,0.002023935317993164
148471,normal,2265,0,1782360433.989502,0.001990795135498047
148472,normal,2896,0,1782360433.991473,0.001971006393432617
148473,normal,1067,0,1782360433.993504,0.002031087875366211
148474,normal,2887,0,1782360433.9955056,0.002001523971557617
148475,normal,1416,0,1782360433.997473,0.0019674301147460938
148476,normal,867,2,1782360433.999505,0.002032041549682617
148477,normal,2150,0,1782360434.0015063,0.0020012855529785156
148478,normal,2918,0,1782360434.0034688,0.001962423324584961
148479,normal,333,0,1782360434.005504,0.0020351409912109375
148480,normal,1551,0,1782360434.0075078,0.002003908157348633
148481,normal,2249,0,1782360434.0094683,0.0019605159759521484
148482,normal,1421,0,1782360434.0115077,0.0020394325256347656
148483,normal,2582,0,1782360434.013517,0.002009153366088867
148484,normal,1801,0,1782360434.0160415,0.0025246143341064453
148485,normal,2288,0,1782360434.017467,0.0014255046844482422
148486,normal,1138,0,1782360434.0195131,0.0020461082458496094
148487,normal,2812,0,1782360434.0214603,0.001947164535522461
148488,normal,94,0,1782360434.0234966,0.0020363330841064453
148489,normal,3010,0,1782360434.0254898,0.0019931793212890625
148490,normal,583,0,1782360434.027462,0.001972198486328125
148491,normal,2673,0,1782360434.0294878,0.0020258426666259766
148492,normal,1095,0,1782360434.031485,0.001997232437133789
148493,normal,910,2,1782360434.0335028,0.0020177364349365234
148494,normal,3553,0,1782360434.0355422,0.0020394325256347656
148495,normal,792,2,1782360434.0374944,0.0019521713256835938
148496,normal,3269,1,1782360434.0394847,0.0019903182983398438
148497,normal,2568,0,1782360434.0414758,0.0019910335540771484
148498,normal,1959,0,1782360434.043468,0.0019922256469726562
148499,normal,503,0,1782360434.0455499,0.0020818710327148438
148500,normal,115,0,1782360434.0474823,0.001932382583618164
148501,normal,2611,0,1782360434.04959,0.002107858657836914
148502,normal,1568,0,1782360434.0514715,0.0018813610076904297
148503,normal,2002,0,1782360434.0535107,0.002039194107055664
148504,normal,2410,0,1782360434.0555055,0.0019948482513427734
148505,normal,676,0,1782360434.057472,0.0019664764404296875
148506,normal,3632,0,1782360434.0594974,0.0020253658294677734
148507,normal,2398,0,1782360434.0615036,0.0020062923431396484
148508,normal,3473,0,1782360434.0634747,0.001971006393432617
148509,normal,322,0,1782360434.0655134,0.002038717269897461
148510,normal,2485,0,1782360434.0675087,0.0019953250885009766
148511,normal,1810,0,1782360434.0694752,0.0019664764404296875
148512,normal,1861,0,1782360434.0714998,0.0020246505737304688
148513,normal,3663,0,1782360434.0735004,0.002000570297241211
148514,normal,4,0,1782360434.075471,0.001970529556274414
148515,normal,2597,0,1782360434.077498,0.0020270347595214844
148516,normal,2006,0,1782360434.0795023,0.002004384994506836
148517,normal,857,2,1782360434.0814676,0.0019652843475341797
148518,normal,3346,1,1782360434.0835004,0.002032756805419922
148519,normal,2634,0,1782360434.0855014,0.002001047134399414
148520,normal,1355,1,1782360434.0874712,0.0019698143005371094
148521,normal,1468,0,1782360434.0895078,0.002036571502685547
148522,normal,661,0,1782360434.0915031,0.0019953250885009766
148523,normal,2434,0,1782360434.093469,0.001965761184692383
148524,normal,636,0,1782360434.0955005,0.002031564712524414
148525,normal,3703,0,1782360434.0974958,0.0019953250885009766
148526,normal,211,0,1782360434.0994945,0.0019986629486083984
148527,normal,228,0,1782360434.101503,0.0020084381103515625
148528,normal,1473,0,1782360434.1034913,0.0019884109497070312
148529,normal,1480,0,1782360434.10552,0.0020287036895751953
148530,normal,911,2,1782360434.1074705,0.0019505023956298828
148531,normal,2708,0,1782360434.10951,0.0020394325256347656
148532,normal,3704,0,1782360434.1115134,0.0020034313201904297
148533,normal,420,0,1782360434.1135387,0.0020253658294677734
148534,normal,3466,0,1782360434.1155467,0.0020079612731933594
148535,normal,306,0,1782360434.11751,0.001963376998901367
148536,normal,2445,0,1782360434.1195378,0.002027750015258789
148537,normal,3067,1,1782360434.1217387,0.0022008419036865234
148538,normal,2757,0,1782360434.1235743,0.0018355846405029297
148539,normal,1006,2,1782360434.1255553,0.001981019973754883
148540,normal,632,0,1782360434.1274989,0.0019435882568359375
148541,normal,2725,0,1782360434.129471,0.001972198486328125
148542,normal,1559,0,1782360434.1315088,0.0020377635955810547
148543,normal,1740,0,1782360434.1335073,0.001998424530029297
148544,normal,2246,0,1782360434.135473,0.001965761184692383
148545,normal,1928,0,1782360434.1375346,0.002061605453491211
148546,normal,931,2,1782360434.1395268,0.0019922256469726562
148547,normal,313,0,1782360434.1417263,0.002199411392211914
148548,normal,155,0,1782360434.1434634,0.0017371177673339844
148549,normal,1417,0,1782360434.145525,0.002061605453491211
148550,normal,3644,0,1782360434.147485,0.0019600391387939453
148551,normal,412,0,1782360434.1494675,0.001982450485229492
148552,normal,350,0,1782360434.151503,0.0020356178283691406
148553,normal,2778,0,1782360434.1535175,0.0020143985748291016
148554,normal,1612,0,1782360434.1554675,0.0019500255584716797
148555,normal,2865,0,1782360434.1574686,0.002001047134399414
148556,normal,2935,0,1782360434.1595337,0.0020651817321777344
148557,normal,1566,0,1782360434.1615267,0.001992940902709961
148558,normal,3342,1,1782360434.1637352,0.0022084712982177734
148559,normal,1223,0,1782360434.1654615,0.001726388931274414
148560,normal,2433,0,1782360434.1677434,0.0022819042205810547
148561,normal,1425,0,1782360434.169459,0.0017156600952148438
148562,normal,3058,1,1782360434.1716287,0.0021696090698242188
148563,normal,2796,0,1782360434.1734548,0.0018260478973388672
148564,normal,1017,2,1782360434.1757271,0.002272367477416992
148565,normal,1269,0,1782360434.1775637,0.001836538314819336
148566,normal,1455,0,1782360434.1797466,0.0021829605102539062
148567,normal,1911,0,1782360434.181524,0.0017774105072021484
148568,normal,1768,0,1782360434.1837516,0.0022275447845458984
148569,normal,1325,1,1782360434.1855764,0.0018248558044433594
148570,normal,3186,1,1782360434.1875184,0.0019419193267822266
148571,normal,1942,0,1782360434.1897502,0.0022318363189697266
148572,normal,1214,0,1782360434.1915548,0.0018045902252197266
148573,normal,1471,0,1782360434.1935256,0.0019707679748535156
148574,normal,1660,0,1782360434.195783,0.0022573471069335938
148575,normal,2760,0,1782360434.1975849,0.0018019676208496094
148576,normal,1690,0,1782360434.1995294,0.0019445419311523438
148577,normal,1641,0,1782360434.2017584,0.002228975296020508
148578,normal,1210,0,1782360434.2035437,0.0017852783203125
148579,normal,462,0,1782360434.2055795,0.002035856246948242
148580,normal,2982,0,1782360434.2077866,0.002207040786743164
148581,normal,733,0,1782360434.209583,0.0017964839935302734
148582,normal,291,0,1782360434.2115598,0.0019767284393310547
148583,normal,1279,0,1782360434.2138035,0.0022437572479248047
148584,normal,1701,0,1782360434.2155743,0.0017707347869873047
148585,normal,353,0,1782360434.2177474,0.002173185348510742
148586,normal,1443,0,1782360434.219564,0.0018165111541748047
148587,normal,576,0,1782360434.221768,0.0022039413452148438
148588,normal,2879,0,1782360434.223559,0.0017910003662109375
148589,normal,1202,0,1782360434.2257707,0.0022118091583251953
148590,normal,1454,0,1782360434.227618,0.0018472671508789062
148591,normal,641,0,1782360434.229562,0.0019440650939941406
148592,normal,1557,0,1782360434.2317715,0.0022094249725341797
148593,normal,3177,1,1782360434.2336223,0.0018508434295654297
148594,normal,1188,0,1782360434.2355056,0.0018832683563232422
148595,normal,2902,0,1782360434.2377682,0.002262592315673828
148596,normal,2132,0,1782360434.2396564,0.001888275146484375
148597,normal,3170,1,1782360434.2415543,0.0018978118896484375
148598,normal,1721,0,1782360434.243768,0.002213716506958008
148599,normal,465,0,1782360434.2456508,0.001882791519165039
148600,normal,3150,1,1782360434.2475498,0.0018990039825439453
148601,normal,2906,0,1782360434.2497785,0.0022287368774414062
148602,normal,2619,0,1782360434.2516408,0.0018622875213623047
148603,normal,149,0,1782360434.2535522,0.0019114017486572266
148604,normal,3208,1,1782360434.2557743,0.0022220611572265625
148605,normal,3203,1,1782360434.2577038,0.0019295215606689453
148606,normal,2199,0,1782360434.2595692,0.001865386962890625
148607,normal,2126,0,1782360434.2617774,0.002208232879638672
148608,normal,209,0,1782360434.2636409,0.0018634796142578125
148609,normal,2239,0,1782360434.2655566,0.0019156932830810547
148610,normal,2924,0,1782360434.2677796,0.0022230148315429688
148611,normal,3185,1,1782360434.269639,0.001859426498413086
148612,normal,795,2,1782360434.2715552,0.0019161701202392578
148613,normal,2687,0,1782360434.2737808,0.002225637435913086
148614,normal,1682,0,1782360434.2756128,0.0018320083618164062
148615,normal,1527,0,1782360434.2775526,0.0019397735595703125
148616,normal,60,0,1782360434.2797925,0.0022399425506591797
148617,normal,540,0,1782360434.2816443,0.001851797103881836
148618,normal,2448,0,1782360434.2835553,0.0019109249114990234
148619,normal,29,0,1782360434.2857854,0.0022301673889160156
148620,normal,2513,0,1782360434.2876227,0.0018372535705566406
148621,normal,2188,0,1782360434.289571,0.0019483566284179688
148622,normal,2489,0,1782360434.2917924,0.002221345901489258
148623,normal,2800,0,1782360434.293626,0.0018336772918701172
148624,normal,1254,0,1782360434.2955568,0.0019307136535644531
148625,normal,431,0,1782360434.2976003,0.002043485641479492
148626,normal,1964,0,1782360434.29975,0.002149820327758789
148627,normal,1639,0,1782360434.3015554,0.0018053054809570312
148628,normal,3671,0,1782360434.3037999,0.0022444725036621094
148629,normal,2292,0,1782360434.3056123,0.0018124580383300781
148630,normal,86,0,1782360434.3075902,0.0019779205322265625
148631,normal,135,0,1782360434.3097987,0.0022084712982177734
148632,normal,484,0,1782360434.311605,0.0018062591552734375
148633,normal,1980,0,1782360434.313559,0.0019540786743164062
148634,normal,2976,0,1782360434.3158042,0.002245187759399414
148635,normal,2340,0,1782360434.3176048,0.001800537109375
148636,normal,402,0,1782360434.3195539,0.0019490718841552734
148637,normal,3018,0,1782360434.321822,0.002268075942993164
148638,normal,2821,0,1782360434.3236046,0.0017826557159423828
148639,normal,940,2,1782360434.325556,0.001951456069946289
148640,normal,2769,0,1782360434.3278275,0.002271413803100586
148641,normal,1118,0,1782360434.3296163,0.0017888545989990234
148642,normal,2756,0,1782360434.3315325,0.0019161701202392578
148643,normal,803,2,1782360434.3338094,0.002276897430419922
148644,normal,1275,0,1782360434.3356183,0.0018088817596435547
148645,normal,2977,0,1782360434.3375447,0.001926422119140625
148646,normal,2205,0,1782360434.3398123,0.002267599105834961
148647,normal,2494,0,1782360434.3416243,0.001811981201171875
148648,normal,1102,0,1782360434.343555,0.0019307136535644531
148649,normal,219,0,1782360434.3458116,0.002256631851196289
148650,normal,2714,0,1782360434.3476,0.0017883777618408203
148651,normal,1829,0,1782360434.3497381,0.0021381378173828125
148652,normal,761,0,1782360434.3515453,0.0018072128295898438
148653,normal,2518,0,1782360434.3535564,0.0020110607147216797
148654,normal,2592,0,1782360434.3556862,0.002129793167114258
148655,normal,715,0,1782360434.3577955,0.0021092891693115234
148656,normal,1326,1,1782360434.3595278,0.0017323493957519531
148657,normal,2234,0,1782360434.361874,0.0023462772369384766
148658,normal,2184,0,1782360434.3637497,0.0018756389617919922
148659,normal,174,0,1782360434.3656065,0.0018568038940429688
148660,normal,2937,0,1782360434.367699,0.0020923614501953125
148661,normal,3083,1,1782360434.3697464,0.0020475387573242188
148662,normal,2545,0,1782360434.3715894,0.0018429756164550781
148663,normal,990,2,1782360434.3737292,0.0021398067474365234
148664,normal,2699,0,1782360434.3757708,0.0020415782928466797
148665,normal,5,0,1782360434.377591,0.0018200874328613281
148666,normal,2691,0,1782360434.37977,0.0021791458129882812
148667,normal,1145,0,1782360434.3815002,0.001730203628540039
148668,normal,807,2,1782360434.3835528,0.0020525455474853516
148669,normal,1007,2,1782360434.3855643,0.002011537551879883
148670,normal,2323,0,1782360434.3875303,0.0019659996032714844
148671,normal,474,0,1782360434.389568,0.0020377635955810547
148672,normal,159,0,1782360434.3915632,0.001995086669921875
148673,normal,2345,0,1782360434.3935225,0.0019593238830566406
148674,normal,2067,0,1782360434.3955493,0.002026796340942383
148675,normal,1555,0,1782360434.3975346,0.001985311508178711
148676,normal,1272,0,1782360434.3995254,0.001990795135498047
148677,normal,2277,0,1782360434.4015338,0.0020084381103515625
148678,normal,3570,0,1782360434.4035597,0.0020258426666259766
148679,normal,2885,0,1782360434.4055269,0.001967191696166992
148680,normal,1696,0,1782360434.407566,0.002039194107055664
148681,normal,3468,0,1782360434.4095614,0.0019953250885009766
148682,normal,3427,0,1782360434.411521,0.001959562301635742
148683,normal,1582,0,1782360434.4135559,0.002034902572631836
148684,normal,3603,0,1782360434.4155376,0.0019817352294921875
148685,normal,1504,0,1782360434.4175246,0.001986980438232422
148686,normal,343,0,1782360434.4195402,0.0020155906677246094
148687,normal,3265,1,1782360434.421564,0.002023935317993164
148688,normal,741,0,1782360434.4235218,0.0019576549530029297
148689,normal,157,0,1782360434.4255476,0.0020258426666259766
148690,normal,3576,0,1782360434.4275334,0.001985788345336914
148691,normal,885,2,1782360434.4295216,0.0019881725311279297
148692,normal,3108,1,1782360434.4315515,0.002029895782470703
148693,normal,2614,0,1782360434.4335244,0.0019729137420654297
148694,normal,1593,0,1782360434.4355264,0.0020020008087158203
148695,normal,1363,1,1782360434.4375615,0.0020351409912109375
148696,normal,1627,0,1782360434.4395552,0.0019936561584472656
148697,normal,3207,1,1782360434.4415247,0.001969575881958008
148698,normal,390,0,1782360434.4435544,0.0020296573638916016
148699,normal,1032,0,1782360434.4455543,0.0019998550415039062
148700,normal,334,0,1782360434.4475238,0.001969575881958008
148701,normal,1453,0,1782360434.4495654,0.0020415782928466797
148702,normal,3006,0,1782360434.4515584,0.001992940902709961
148703,normal,1814,0,1782360434.4535356,0.001977205276489258
148704,normal,1823,0,1782360434.455554,0.002018451690673828
148705,normal,3501,0,1782360434.457555,0.002001047134399414
148706,normal,3130,1,1782360434.4595222,0.001967191696166992
148707,normal,129,0,1782360434.4615545,0.0020322799682617188
148708,normal,601,0,1782360434.4635546,0.002000093460083008
148709,normal,927,2,1782360434.465531,0.001976490020751953
148710,normal,1666,0,1782360434.467547,0.002015829086303711
148711,normal,362,0,1782360434.4695623,0.002015352249145508
148712,normal,2625,0,1782360434.4715233,0.0019609928131103516
148713,normal,1346,1,1782360434.4735696,0.002046346664428711
148714,normal,3101,1,1782360434.4755595,0.0019898414611816406
148715,normal,3238,1,1782360434.4775398,0.001980304718017578
148716,normal,1896,0,1782360434.4795628,0.002022981643676758
148717,normal,167,0,1782360434.4815657,0.0020029544830322266
148718,normal,3040,0,1782360434.4835298,0.001964092254638672
148719,normal,2507,0,1782360434.48557,0.0020401477813720703
148720,normal,1767,0,1782360434.4875314,0.0019614696502685547
148721,normal,2820,0,1782360434.4895325,0.002001047134399414
148722,normal,2109,0,1782360434.4915793,0.002046823501586914
148723,normal,388,0,1782360434.4935646,0.001985311508178711
148724,normal,1822,0,1782360434.4955306,0.0019659996032714844
148725,normal,3485,0,1782360434.497562,0.0020313262939453125
148726,normal,875,2,1782360434.4995818,0.0020198822021484375
148727,normal,1878,0,1782360434.501524,0.0019421577453613281
148728,normal,989,2,1782360434.5035632,0.002039194107055664
148729,normal,1477,0,1782360434.5055625,0.001999378204345703
148730,normal,3114,1,1782360434.5075312,0.0019686222076416016
148731,normal,1947,0,1782360434.5095642,0.0020329952239990234
148732,normal,1757,0,1782360434.511565,0.0020008087158203125
148733,normal,1021,2,1782360434.5135233,0.0019583702087402344
148734,normal,2645,0,1782360434.5155654,0.002042055130004883
148735,normal,3435,0,1782360434.5175648,0.001999378204345703
148736,normal,1589,0,1782360434.5195332,0.0019683837890625
148737,normal,193,0,1782360434.5215616,0.0020284652709960938
148738,normal,3113,1,1782360434.5235655,0.002003908157348633
148739,normal,1166,0,1782360434.5255284,0.001962900161743164
148740,normal,1537,0,1782360434.5275648,0.0020363330841064453
148741,normal,3458,0,1782360434.529564,0.0019991397857666016
148742,normal,3254,1,1782360434.5315337,0.0019698143005371094
148743,normal,1488,0,1782360434.5335555,0.00202178955078125
148744,normal,1733,0,1782360434.535555,0.001999378204345703
148745,normal,1091,0,1782360434.537521,0.0019659996032714844
148746,normal,1875,0,1782360434.5395699,0.002048969268798828
148747,normal,2610,0,1782360434.541557,0.0019872188568115234
148748,normal,2509,0,1782360434.543502,0.0019450187683105469
148749,normal,3364,1,1782360434.5455654,0.002063274383544922
148750,normal,2551,0,1782360434.5475602,0.0019948482513427734
148751,normal,266,0,1782360434.5495293,0.0019690990447998047
148752,normal,88,0,1782360434.551554,0.0020246505737304688
148753,normal,1039,0,1782360434.553561,0.002007007598876953
148754,normal,3064,1,1782360434.5555205,0.001959562301635742
148755,normal,218,0,1782360434.5575578,0.0020372867584228516
148756,normal,972,2,1782360434.5595536,0.0019958019256591797
148757,normal,2456,0,1782360434.5615232,0.001969575881958008
148758,normal,37,0,1782360434.5635602,0.00203704833984375
148759,normal,1199,0,1782360434.5655663,0.002006053924560547
148760,normal,1720,0,1782360434.5675223,0.0019559860229492188
148761,normal,1051,0,1782360434.5695784,0.002056121826171875
148762,normal,1671,0,1782360434.5715618,0.0019834041595458984
148763,normal,1624,0,1782360434.5735493,0.001987457275390625
148764,normal,1929,0,1782360434.57556,0.002010822296142578
148765,normal,2166,0,1782360434.577528,0.001967906951904297
148766,normal,144,0,1782360434.5795197,0.001991748809814453
148767,normal,3456,0,1782360434.5815792,0.002059459686279297
148768,normal,1517,0,1782360434.5835493,0.001970052719116211
148769,normal,2049,0,1782360434.5855198,0.001970529556274414
148770,normal,646,0,1782360434.587555,0.0020351409912109375
148771,normal,3581,0,1782360434.5895586,0.0020036697387695312
148772,normal,1162,0,1782360434.5915208,0.0019621849060058594
148773,normal,3098,1,1782360434.5935585,0.0020377635955810547
148774,normal,2081,0,1782360434.5955548,0.001996278762817383
148775,normal,2956,0,1782360434.5975196,0.0019648075103759766
148776,normal,2836,0,1782360434.5995543,0.0020346641540527344
148777,normal,2175,0,1782360434.6015587,0.002004384994506836
148778,normal,414,0,1782360434.6035187,0.0019600391387939453
148779,normal,73,0,1782360434.605557,0.002038240432739258
148780,normal,131,0,1782360434.6075726,0.0020155906677246094
148781,normal,1839,0,1782360434.6095276,0.0019550323486328125
148782,normal,3443,0,1782360434.6115556,0.0020279884338378906
148783,normal,2044,0,1782360434.6137655,0.002209901809692383
148784,normal,1216,0,1782360434.6160445,0.002279043197631836
148785,normal,680,0,1782360434.6175306,0.001486063003540039
148786,normal,682,0,1782360434.6195652,0.0020346641540527344
148787,normal,2480,0,1782360434.6218507,0.002285480499267578
148788,normal,3535,0,1782360434.623657,0.0018062591552734375
148789,normal,797,2,1782360434.6255605,0.001903533935546875
148790,normal,1924,0,1782360434.6278245,0.0022640228271484375
148791,normal,2983,0,1782360434.629616,0.0017914772033691406
148792,normal,2276,0,1782360434.6315587,0.0019426345825195312
148793,normal,898,2,1782360434.63364,0.0020813941955566406
148794,normal,1778,0,1782360434.6355512,0.001911163330078125
148795,normal,844,2,1782360434.6377435,0.002192258834838867
148796,normal,379,0,1782360434.6396427,0.0018992424011230469
148797,normal,704,0,1782360434.6417446,0.002101898193359375
148798,normal,3455,0,1782360434.6437516,0.002007007598876953
148799,normal,3288,1,1782360434.6455526,0.0018010139465332031
148800,normal,509,0,1782360434.6477618,0.002209186553955078
148801,normal,300,0,1782360434.6495588,0.0017969608306884766
148802,normal,1048,0,1782360434.6515481,0.0019893646240234375
148803,normal,3173,1,1782360434.6537464,0.0021982192993164062
148804,normal,2447,0,1782360434.6555638,0.001817464828491211
148805,normal,3210,1,1782360434.657549,0.0019850730895996094
148806,normal,3171,1,1782360434.6597457,0.002196788787841797
148807,normal,2346,0,1782360434.6615522,0.001806497573852539
148808,normal,3650,0,1782360434.66355,0.001997709274291992
148809,normal,2220,0,1782360434.6657615,0.0022115707397460938
148810,normal,2675,0,1782360434.66756,0.0017986297607421875
148811,normal,1974,0,1782360434.669537,0.0019769668579101562
148812,normal,3448,0,1782360434.671633,0.002095937728881836
148813,normal,2829,0,1782360434.6735234,0.001890420913696289
148814,normal,134,0,1782360434.67553,0.00200653076171875
148815,normal,173,0,1782360434.6775727,0.0020427703857421875
148816,normal,461,0,1782360434.6795685,0.0019958019256591797
148817,normal,543,0,1782360434.6815243,0.001955747604370117
148818,normal,215,0,1782360434.6835642,0.0020399093627929688
148819,normal,1011,2,1782360434.6855555,0.00199127197265625
148820,normal,303,0,1782360434.6875317,0.0019762516021728516
148821,normal,881,2,1782360434.6897979,0.0022661685943603516
148822,normal,729,0,1782360434.6915476,0.0017497539520263672
148823,normal,3493,0,1782360434.6936836,0.0021359920501708984
148824,normal,2207,0,1782360434.6955016,0.001817941665649414
148825,normal,2668,0,1782360434.6975615,0.0020599365234375
148826,normal,2232,0,1782360434.699523,0.0019614696502685547
148827,normal,3378,1,1782360434.7015736,0.002050638198852539
148828,normal,781,2,1782360434.7035322,0.001958608627319336
148829,normal,269,0,1782360434.705526,0.001993894577026367
148830,normal,2747,0,1782360434.707601,0.0020749568939208984
148831,normal,657,0,1782360434.709561,0.0019600391387939453
148832,normal,2809,0,1782360434.7115197,0.001958608627319336
148833,normal,1270,0,1782360434.7135723,0.0020525455474853516
148834,normal,281,0,1782360434.7155566,0.0019843578338623047
148835,normal,2,0,1782360434.7175286,0.0019719600677490234
148836,normal,3280,1,1782360434.7195957,0.002067089080810547
148837,normal,2971,0,1782360434.7215292,0.0019335746765136719
148838,normal,2530,0,1782360434.7235305,0.0020012855529785156
148839,normal,850,2,1782360434.725571,0.002040386199951172
148840,normal,3615,0,1782360434.727561,0.001990079879760742
148841,normal,1300,0,1782360434.7295287,0.0019676685333251953
148842,normal,3479,0,1782360434.7315621,0.0020334720611572266
148843,normal,854,2,1782360434.7335625,0.0020003318786621094
148844,normal,1389,0,1782360434.7355359,0.001973390579223633
148845,normal,76,0,1782360434.7375638,0.0020279884338378906
148846,normal,1419,0,1782360434.739508,0.0019440650939941406
148847,normal,1643,0,1782360434.7415264,0.002018451690673828
148848,normal,1900,0,1782360434.74356,0.002033710479736328
148849,normal,3090,1,1782360434.7455556,0.001995563507080078
148850,normal,1320,1,1782360434.7475302,0.0019745826721191406
148851,normal,2781,0,1782360434.7495778,0.0020475387573242188
148852,normal,3148,1,1782360434.7515633,0.0019855499267578125
148853,normal,3003,0,1782360434.7535233,0.0019600391387939453
148854,normal,3472,0,1782360434.7555587,0.002035379409790039
148855,normal,2798,0,1782360434.7575555,0.001996755599975586
148856,normal,1042,0,1782360434.7595222,0.001966714859008789
148857,normal,2072,0,1782360434.7615564,0.0020341873168945312
148858,normal,423,0,1782360434.7635612,0.002004861831665039
148859,normal,539,0,1782360434.765536,0.001974821090698242
148860,normal,1859,0,1782360434.7675595,0.002023458480834961
148861,normal,1386,0,1782360434.7695637,0.0020041465759277344
148862,normal,87,0,1782360434.7715242,0.0019605159759521484
148863,normal,2845,0,1782360434.7735555,0.0020313262939453125
148864,normal,3300,1,1782360434.7755668,0.0020112991333007812
148865,normal,2457,0,1782360434.7775207,0.0019538402557373047
148866,normal,1309,0,1782360434.77956,0.0020394325256347656
148867,normal,1349,1,1782360434.781556,0.0019958019256591797
148868,normal,2136,0,1782360434.7835221,0.001966238021850586
148869,normal,3024,0,1782360434.7855575,0.002035379409790039
148870,normal,1236,0,1782360434.7875614,0.002003908157348633
148871,normal,630,0,1782360434.7895195,0.001958131790161133
148872,normal,673,0,1782360434.791558,0.0020384788513183594
148873,normal,928,2,1782360434.7935565,0.001998424530029297
148874,normal,1478,0,1782360434.7955222,0.001965761184692383
148875,normal,1117,0,1782360434.7975676,0.0020453929901123047
148876,normal,1232,0,1782360434.7995615,0.001993894577026367
148877,normal,874,2,1782360434.8015223,0.00196075439453125
148878,normal,1147,0,1782360434.803578,0.002055644989013672
148879,normal,3277,1,1782360434.8055553,0.0019774436950683594
148880,normal,2155,0,1782360434.8078167,0.0022614002227783203
148881,normal,1842,0,1782360434.8096082,0.0017914772033691406
148882,normal,271,0,1782360434.8115609,0.0019526481628417969
148883,normal,273,0,1782360434.8138082,0.002247333526611328
148884,normal,249,0,1782360434.8155835,0.0017752647399902344
148885,normal,1305,0,1782360434.817556,0.0019724369049072266
148886,normal,1868,0,1782360434.819813,0.002257108688354492
148887,normal,663,0,1782360434.8216162,0.0018031597137451172
148888,normal,3480,0,1782360434.8235586,0.0019423961639404297
148889,normal,1656,0,1782360434.825814,0.0022554397583007812
148890,normal,3012,0,1782360434.8275697,0.0017557144165039062
148891,normal,2559,0,1782360434.8295534,0.001983642578125
148892,normal,3441,0,1782360434.8318157,0.0022623538970947266
148893,normal,3664,0,1782360434.8336213,0.0018055438995361328
148894,normal,2187,0,1782360434.8357456,0.002124309539794922
148895,normal,1987,0,1782360434.8375366,0.0017910003662109375
148896,normal,3467,0,1782360434.8395658,0.0020291805267333984
148897,normal,1516,0,1782360434.8417053,0.002139568328857422
148898,normal,372,0,1782360434.8435063,0.0018010139465332031
148899,normal,1150,0,1782360434.845561,0.0020546913146972656
148900,normal,1676,0,1782360434.8475602,0.0019991397857666016
148901,normal,647,0,1782360434.8494997,0.001939535140991211
148902,normal,2743,0,1782360434.8515568,0.0020570755004882812
148903,normal,3156,1,1782360434.853562,0.002005338668823242
148904,normal,702,0,1782360434.8554978,0.001935720443725586
148905,normal,3224,1,1782360434.8575675,0.002069711685180664
148906,normal,516,0,1782360434.859553,0.0019855499267578125
148907,normal,930,2,1782360434.861497,0.001943826675415039
148908,normal,1490,0,1782360434.8637092,0.0022122859954833984
148909,normal,3043,0,1782360434.8655314,0.0018222332000732422
148910,normal,3124,1,1782360434.8675005,0.0019690990447998047
148911,normal,3534,0,1782360434.8695004,0.0019998550415039062
148912,normal,2225,0,1782360434.8715074,0.002007007598876953
148913,normal,685,0,1782360434.8734837,0.0019762516021728516
148914,normal,2650,0,1782360434.8755004,0.002016782760620117
148915,normal,956,2,1782360434.8775082,0.002007722854614258
148916,normal,2210,0,1782360434.8795376,0.0020294189453125
148917,normal,567,0,1782360434.8815782,0.0020406246185302734
148918,normal,401,0,1782360434.8836446,0.002066373825073242
148919,normal,2399,0,1782360434.8854988,0.0018541812896728516
148920,normal,1010,2,1782360434.8875523,0.002053499221801758
148921,normal,330,0,1782360434.8895566,0.002004384994506836
148922,normal,1691,0,1782360434.8914952,0.0019385814666748047
148923,normal,700,0,1782360434.8935597,0.0020644664764404297
148924,normal,1274,0,1782360434.895554,0.0019943714141845703
148925,normal,2289,0,1782360434.897496,0.0019419193267822266
148926,normal,2727,0,1782360434.8995523,0.0020563602447509766
148927,normal,3521,0,1782360434.9015613,0.0020089149475097656
148928,normal,3355,1,1782360434.9034958,0.0019345283508300781
148929,normal,558,0,1782360434.90556,0.002064228057861328
148930,normal,788,2,1782360434.9075587,0.0019986629486083984
148931,normal,1130,0,1782360434.9094965,0.0019378662109375
148932,normal,3532,0,1782360434.9115593,0.0020627975463867188
148933,normal,316,0,1782360434.9135637,0.002004384994506836
148934,normal,1374,1,1782360434.9154985,0.0019347667694091797
148935,normal,490,0,1782360434.9175584,0.0020599365234375
148936,normal,3605,0,1782360434.919574,0.0020155906677246094
148937,normal,1410,0,1782360434.9215286,0.0019545555114746094
148938,normal,1687,0,1782360434.9235847,0.002056121826171875
148939,normal,2715,0,1782360434.925565,0.001980304718017578
148940,normal,156,0,1782360434.9275224,0.001957416534423828
148941,normal,262,0,1782360434.929547,0.0020246505737304688
148942,normal,1243,0,1782360434.9315748,0.002027750015258789
148943,normal,1702,0,1782360434.9335182,0.001943349838256836
148944,normal,354,0,1782360434.9355483,0.0020301342010498047
148945,normal,660,0,1782360434.9375525,0.0020041465759277344
148946,normal,1915,0,1782360434.939516,0.0019636154174804688
148947,normal,2421,0,1782360434.941548,0.002032041549682617
148948,normal,1684,0,1782360434.943552,0.002003908157348633
148949,normal,3674,0,1782360434.9455206,0.0019686222076416016
148950,normal,2115,0,1782360434.947545,0.002024412155151367
148951,normal,696,0,1782360434.9495497,0.0020046234130859375
148952,normal,2443,0,1782360434.9515243,0.0019745826721191406
148953,normal,146,0,1782360434.9535534,0.0020291805267333984
148954,normal,2953,0,1782360434.9555638,0.002010345458984375
148955,normal,1607,0,1782360434.9575205,0.0019567012786865234
148956,normal,1921,0,1782360434.9595628,0.0020422935485839844
148957,normal,3195,1,1782360434.961549,0.001986265182495117
148958,normal,3123,1,1782360434.9635198,0.0019707679748535156
148959,normal,1158,0,1782360434.9655578,0.0020380020141601562
148960,normal,2020,0,1782360434.9675603,0.0020024776458740234
148961,normal,3270,1,1782360434.9694946,0.0019342899322509766
148962,normal,2943,0,1782360434.9715617,0.002067089080810547
148963,normal,839,2,1782360434.9735665,0.002004861831665039
148964,normal,1361,1,1782360434.975498,0.0019314289093017578
148965,normal,1858,0,1782360434.9775589,0.0020608901977539062
148966,normal,1728,0,1782360434.9795592,0.0020003318786621094
148967,normal,1763,0,1782360434.9814944,0.0019352436065673828
148968,normal,1634,0,1782360434.9835608,0.002066373825073242
148969,normal,2818,0,1782360434.9855614,0.002000570297241211
148970,normal,2285,0,1782360434.987496,0.0019345283508300781
148971,normal,3693,0,1782360434.989553,0.0020570755004882812
148972,normal,42,0,1782360434.991569,0.0020160675048828125
148973,normal,2460,0,1782360434.9934938,0.001924753189086914
148974,normal,1193,0,1782360434.995564,0.002070188522338867
148975,normal,2677,0,1782360434.9975631,0.0019991397857666016
148976,normal,1727,0,1782360434.9995031,0.001940011978149414
148977,normal,1662,0,1782360435.0015564,0.0020532608032226562
148978,normal,33,0,1782360435.0035577,0.0020012855529785156
148979,normal,80,0,1782360435.0054977,0.001940011978149414
148980,normal,2391,0,1782360435.0075624,0.0020647048950195312
148981,normal,716,0,1782360435.0095618,0.001999378204345703
148982,normal,1252,0,1782360435.011499,0.0019371509552001953
148983,normal,97,0,1782360435.0135539,0.002054929733276367
148984,normal,2680,0,1782360435.0155635,0.0020096302032470703
148985,normal,151,0,1782360435.0174935,0.0019299983978271484
148986,normal,877,2,1782360435.0195594,0.002065896987915039
148987,normal,99,0,1782360435.0215538,0.0019943714141845703
148988,normal,3190,1,1782360435.023498,0.0019443035125732422
148989,normal,1290,0,1782360435.025551,0.0020530223846435547
148990,normal,2808,0,1782360435.0275593,0.002008199691772461
148991,normal,3669,0,1782360435.0295498,0.0019905567169189453
148992,normal,780,2,1782360435.0315325,0.0019826889038085938
148993,normal,3065,1,1782360435.033547,0.0020143985748291016
148994,normal,986,2,1782360435.0355237,0.0019767284393310547
148995,normal,243,0,1782360435.0375578,0.0020341873168945312
148996,normal,1577,0,1782360435.0395653,0.0020074844360351562
148997,normal,3684,0,1782360435.041496,0.0019307136535644531
148998,normal,1807,0,1782360435.0435522,0.002056121826171875
148999,normal,2850,0,1782360435.045557,0.002004861831665039
149000,normal,3074,1,1782360435.0475223,0.0019652843475341797
149001,normal,3504,0,1782360435.0495555,0.002033233642578125
149002,normal,3302,1,1782360435.0515687,0.0020132064819335938
149003,normal,3188,1,1782360435.0535326,0.0019638538360595703
149004,normal,1522,0,1782360435.055567,0.002034425735473633
149005,normal,3091,1,1782360435.057561,0.001993894577026367
149006,normal,100,0,1782360435.05953,0.0019690990447998047
149007,normal,1586,0,1782360435.0615497,0.002019643783569336
149008,normal,3068,1,1782360435.0635529,0.002003192901611328
149009,normal,397,0,1782360435.06552,0.001967191696166992
149010,normal,1441,0,1782360435.0675726,0.0020525455474853516
149011,normal,2585,0,1782360435.0695276,0.0019550323486328125
149012,normal,812,2,1782360435.071518,0.0019903182983398438
149013,normal,2240,0,1782360435.0735798,0.0020618438720703125
149014,normal,554,0,1782360435.075553,0.0019731521606445312
149015,normal,2893,0,1782360435.0775273,0.001974344253540039
149016,normal,1552,0,1782360435.079573,0.0020456314086914062
149017,normal,2223,0,1782360435.0815578,0.001984834671020508
149018,normal,225,0,1782360435.0835307,0.0019729137420654297
149019,normal,2660,0,1782360435.085563,0.0020322799682617188
149020,normal,2487,0,1782360435.0875654,0.0020024776458740234
149021,normal,712,0,1782360435.0894964,0.0019309520721435547
149022,normal,195,0,1782360435.09156,0.0020635128021240234
149023,normal,1406,0,1782360435.0935624,0.0020024776458740234
149024,normal,368,0,1782360435.0954983,0.0019359588623046875
149025,normal,1719,0,1782360435.0975614,0.0020630359649658203
149026,normal,529,0,1782360435.0997431,0.0021817684173583984
149027,normal,1845,0,1782360435.1016767,0.0019335746765136719
149028,normal,482,0,1782360435.103514,0.0018372535705566406
149029,normal,1717,0,1782360435.1057577,0.0022437572479248047
149030,normal,1926,0,1782360435.1076,0.0018422603607177734
149031,normal,2774,0,1782360435.109711,0.0021109580993652344
149032,normal,1342,1,1782360435.1114984,0.001787424087524414
149033,normal,3560,0,1782360435.1137989,0.0023005008697509766
149034,normal,2411,0,1782360435.115503,0.0017042160034179688
149035,normal,3423,0,1782360435.1178935,0.0023903846740722656
149036,normal,2330,0,1782360435.1197557,0.0018622875213623047
149037,normal,3545,0,1782360435.1215575,0.0018017292022705078
149038,normal,3557,0,1782360435.1237295,0.0021719932556152344
149039,normal,3642,0,1782360435.1256196,0.0018901824951171875
149040,normal,1001,2,1782360435.1275847,0.001965045928955078
149041,normal,1060,0,1782360435.129732,0.002147197723388672
149042,normal,3321,1,1782360435.1316245,0.0018925666809082031
149043,normal,1941,0,1782360435.1336937,0.002069234848022461
149044,normal,2923,0,1782360435.1355536,0.001859903335571289
149045,normal,3705,0,1782360435.137812,0.00225830078125
149046,normal,2817,0,1782360435.1395302,0.001718282699584961
149047,normal,2356,0,1782360435.1415677,0.002037525177001953
149048,normal,571,0,1782360435.1435206,0.0019528865814208984
149049,normal,2283,0,1782360435.1455584,0.0020377635955810547
149050,normal,473,0,1782360435.1475556,0.001997232437133789
149051,normal,1957,0,1782360435.1495204,0.0019648075103759766
149052,normal,2897,0,1782360435.1515546,0.0020341873168945312
149053,normal,105,0,1782360435.1535306,0.00197601318359375
149054,normal,176,0,1782360435.1555145,0.0019838809967041016
149055,normal,935,2,1782360435.1575654,0.0020508766174316406
149056,normal,2160,0,1782360435.1595674,0.0020020008087158203
149057,normal,1097,0,1782360435.161499,0.0019316673278808594
149058,normal,1899,0,1782360435.1635551,0.002056121826171875
149059,normal,383,0,1782360435.165556,0.0020008087158203125
149060,normal,2833,0,1782360435.1674986,0.0019426345825195312
149061,normal,548,0,1782360435.1695518,0.0020532608032226562
149062,normal,2388,0,1782360435.1715639,0.002012014389038086
149063,normal,1565,0,1782360435.1734982,0.0019342899322509766
149064,normal,2759,0,1782360435.1755538,0.002055644989013672
149065,normal,2086,0,1782360435.1775475,0.0019936561584472656
149066,normal,3610,0,1782360435.1795042,0.0019567012786865234
149067,normal,1949,0,1782360435.1815538,0.002049684524536133
149068,normal,2082,0,1782360435.1835551,0.0020012855529785156
149069,normal,2270,0,1782360435.185496,0.0019409656524658203
149070,normal,265,0,1782360435.1875691,0.002073049545288086
149071,normal,3141,1,1782360435.189561,0.001991748809814453
149072,normal,725,0,1782360435.1915002,0.0019392967224121094
149073,normal,2245,0,1782360435.1935704,0.002070188522338867
149074,normal,3315,1,1782360435.1955652,0.0019948482513427734
149075,normal,70,0,1782360435.1974967,0.0019314289093017578
149076,normal,2900,0,1782360435.1995606,0.0020639896392822266
149077,normal,960,2,1782360435.2015524,0.001991748809814453
149078,normal,2016,0,1782360435.2035475,0.001995086669921875
149079,normal,1788,0,1782360435.2055786,0.002031087875366211
149080,normal,1603,0,1782360435.2075677,0.001989126205444336
149081,normal,128,0,1782360435.2094953,0.0019276142120361328
149082,normal,2040,0,1782360435.2115598,0.0020644664764404297
149083,normal,2854,0,1782360435.213555,0.0019953250885009766
149084,normal,1264,0,1782360435.2155774,0.002022266387939453
149085,normal,2576,0,1782360435.2177064,0.002129077911376953
149086,normal,2064,0,1782360435.2197647,0.002058267593383789
149087,normal,3377,1,1782360435.221642,0.0018773078918457031
149088,normal,2439,0,1782360435.22354,0.001898050308227539
149089,normal,3368,1,1782360435.2257626,0.0022225379943847656
149090,normal,2637,0,1782360435.2275822,0.001819610595703125
149091,normal,2373,0,1782360435.229577,0.0019948482513427734
149092,normal,1144,0,1782360435.2315445,0.0019674301147460938
149093,normal,2736,0,1782360435.233544,0.0019996166229248047
149094,normal,861,2,1782360435.235648,0.0021038055419921875
149095,normal,775,2,1782360435.2375848,0.0019369125366210938
149096,normal,2268,0,1782360435.2395928,0.0020079612731933594
149097,normal,3599,0,1782360435.2416394,0.0020465850830078125
149098,normal,3194,1,1782360435.2435539,0.0019145011901855469
149099,normal,626,0,1782360435.2455294,0.001975536346435547
149100,normal,3374,1,1782360435.2475557,0.0020263195037841797
149101,normal,1622,0,1782360435.2495613,0.0020055770874023438
149102,normal,2566,0,1782360435.2515242,0.001962900161743164
149103,normal,3149,1,1782360435.2535636,0.0020394325256347656
149104,normal,2404,0,1782360435.2555716,0.0020079612731933594
149105,normal,2558,0,1782360435.2575283,0.0019567012786865234
149106,normal,1069,0,1782360435.2595644,0.0020360946655273438
149107,normal,1247,0,1782360435.261525,0.0019605159759521484
149108,normal,2214,0,1782360435.2635195,0.001994609832763672
149109,normal,2651,0,1782360435.2655578,0.002038240432739258
149110,normal,3409,0,1782360435.2675738,0.0020160675048828125
149111,normal,234,0,1782360435.2695186,0.0019447803497314453
149112,normal,843,2,1782360435.271567,0.002048492431640625
149113,normal,3192,1,1782360435.2735593,0.0019922256469726562
149114,normal,223,0,1782360435.2755008,0.0019414424896240234
149115,normal,888,2,1782360435.2775598,0.0020589828491210938
149116,normal,3244,1,1782360435.2797852,0.0022253990173339844
149117,normal,43,0,1782360435.2814858,0.0017006397247314453
149118,normal,3371,1,1782360435.283555,0.002069234848022461
149119,normal,46,0,1782360435.2855015,0.0019464492797851562
149120,normal,638,0,1782360435.2874892,0.0019876956939697266
149121,normal,810,2,1782360435.2894945,0.002005338668823242
149122,normal,2968,0,1782360435.2915528,0.002058267593383789
149123,normal,1584,0,1782360435.2934859,0.0019330978393554688
149124,normal,2203,0,1782360435.2955384,0.0020525455474853516
149125,normal,227,0,1782360435.2977242,0.002185821533203125
149126,normal,3278,1,1782360435.299711,0.0019867420196533203
149127,normal,726,0,1782360435.301471,0.0017600059509277344
149128,normal,1857,0,1782360435.3035765,0.0021054744720458984
149129,normal,3685,0,1782360435.3055131,0.0019366741180419922
149130,normal,945,2,1782360435.3075616,0.002048492431640625
149131,normal,3672,0,1782360435.309551,0.0019893646240234375
149132,normal,2532,0,1782360435.3115273,0.0019762516021728516
149133,normal,3350,1,1782360435.3135712,0.0020439624786376953
149134,normal,2308,0,1782360435.3155591,0.001987934112548828
149135,normal,3257,1,1782360435.3175244,0.0019652843475341797
149136,normal,1132,0,1782360435.319578,0.002053499221801758
149137,normal,180,0,1782360435.3215683,0.0019903182983398438
149138,normal,919,2,1782360435.3235219,0.001953601837158203
149139,normal,3337,1,1782360435.3255706,0.0020487308502197266
149140,normal,1997,0,1782360435.3275776,0.002007007598876953
149141,normal,3662,0,1782360435.3295903,0.0020127296447753906
149142,normal,2962,0,1782360435.331536,0.0019457340240478516
149143,normal,1594,0,1782360435.333551,0.0020148754119873047
149144,normal,2604,0,1782360435.3355265,0.001975536346435547
149145,normal,51,0,1782360435.3375552,0.0020287036895751953
149146,normal,1697,0,1782360435.3395681,0.002012968063354492
149147,normal,871,2,1782360435.3414962,0.001928091049194336
149148,normal,38,0,1782360435.3435662,0.0020699501037597656
149149,normal,3437,0,1782360435.3455555,0.0019893646240234375
149150,normal,1638,0,1782360435.3475003,0.0019447803497314453
149151,normal,1799,0,1782360435.3499558,0.002455472946166992
149152,normal,3707,0,1782360435.351558,0.0016021728515625
149153,normal,3515,0,1782360435.3537438,0.002185821533203125
149154,normal,3071,1,1782360435.3555233,0.0017795562744140625
149155,normal,860,2,1782360435.3577187,0.0021953582763671875
149156,normal,907,2,1782360435.3595514,0.001832723617553711
149157,normal,652,0,1782360435.3617315,0.0021800994873046875
149158,normal,1387,0,1782360435.3635163,0.0017848014831542969
149159,normal,2955,0,1782360435.3657434,0.0022270679473876953
149160,normal,710,0,1782360435.3675177,0.0017743110656738281
149161,normal,2165,0,1782360435.369727,0.002209186553955078
149162,normal,36,0,1782360435.371548,0.0018210411071777344
149163,normal,953,2,1782360435.3737185,0.002170562744140625
149164,normal,1105,0,1782360435.3755145,0.0017960071563720703
149165,normal,2737,0,1782360435.3777483,0.002233743667602539
149166,normal,508,0,1782360435.3795855,0.0018372535705566406
149167,normal,600,0,1782360435.3815231,0.0019376277923583984
149168,normal,886,2,1782360435.3834927,0.001969575881958008
149169,normal,7,0,1782360435.3855207,0.0020279884338378906
149170,normal,1761,0,1782360435.3875268,0.002006053924560547
149171,normal,2541,0,1782360435.3894935,0.001966714859008789
149172,normal,2299,0,1782360435.391526,0.0020325183868408203
149173,normal,3291,1,1782360435.3935208,0.0019948482513427734
149174,normal,3334,1,1782360435.395488,0.001967191696166992
149175,normal,2967,0,1782360435.397523,0.002034902572631836
149176,normal,829,2,1782360435.3997457,0.002222776412963867
149177,normal,1240,0,1782360435.4015622,0.0018165111541748047
149178,normal,163,0,1782360435.403722,0.0021598339080810547
149179,normal,142,0,1782360435.4055147,0.0017926692962646484
149180,normal,2375,0,1782360435.4077604,0.002245664596557617
149181,normal,202,0,1782360435.4095147,0.0017542839050292969
149182,normal,2839,0,1782360435.4117198,0.0022051334381103516
149183,normal,1869,0,1782360435.4135637,0.0018439292907714844
149184,normal,2060,0,1782360435.4157152,0.0021514892578125
149185,normal,2010,0,1782360435.4175148,0.0017995834350585938
149186,normal,3116,1,1782360435.4197652,0.0022504329681396484
149187,normal,2695,0,1782360435.4215145,0.001749277114868164
149188,normal,361,0,1782360435.423718,0.0022034645080566406
149189,normal,672,0,1782360435.4255714,0.0018534660339355469
149190,normal,827,2,1782360435.427726,0.0021545886993408203
149191,normal,1085,0,1782360435.4295764,0.0018503665924072266
149192,normal,555,0,1782360435.431578,0.002001523971557617
149193,normal,3093,1,1782360435.4334927,0.0019147396087646484
149194,normal,375,0,1782360435.4355326,0.0020399093627929688
149195,normal,1394,0,1782360435.4374855,0.0019528865814208984
149196,normal,3367,1,1782360435.4395182,0.002032756805419922
149197,normal,476,0,1782360435.441522,0.0020036697387695312
149198,normal,3701,0,1782360435.443536,0.00201416015625
149199,normal,1538,0,1782360435.4455202,0.001984119415283203
149200,normal,419,0,1782360435.4475245,0.002004384994506836
149201,normal,3373,1,1782360435.4494855,0.0019609928131103516
149202,normal,321,0,1782360435.4515195,0.0020339488983154297
149203,normal,329,0,1782360435.453515,0.001995563507080078
149204,normal,2505,0,1782360435.4554908,0.0019757747650146484
149205,normal,1420,0,1782360435.4575183,0.0020275115966796875
149206,normal,1714,0,1782360435.4595191,0.0020008087158203125
149207,normal,3230,1,1782360435.4615285,0.0020093917846679688
149208,normal,3196,1,1782360435.4635491,0.002020597457885742
149209,normal,2018,0,1782360435.4655201,0.001971006393432617
149210,normal,48,0,1782360435.4675446,0.002024412155151367
149211,normal,727,0,1782360435.469517,0.0019724369049072266
149212,normal,602,0,1782360435.47152,0.0020029544830322266
149213,normal,2131,0,1782360435.4734864,0.0019664764404296875
149214,normal,437,0,1782360435.4755223,0.002035856246948242
149215,normal,3476,0,1782360435.4775221,0.0019998550415039062
149216,normal,752,0,1782360435.4794862,0.001964092254638672
149217,normal,842,2,1782360435.4815185,0.0020322799682617188
149218,normal,1106,0,1782360435.4835184,0.0019998550415039062
149219,normal,1282,0,1782360435.48553,0.002011537551879883
149220,normal,154,0,1782360435.4875216,0.001991748809814453
149221,normal,659,0,1782360435.4895132,0.0019915103912353516
149222,normal,1432,0,1782360435.4915292,0.0020160675048828125
149223,normal,429,0,1782360435.4935155,0.001986265182495117
149224,normal,3140,1,1782360435.4955227,0.0020072460174560547
149225,normal,3608,0,1782360435.497489,0.001966238021850586
149226,normal,79,0,1782360435.4995198,0.0020308494567871094
149227,normal,742,0,1782360435.5015197,0.0019998550415039062
149228,normal,2168,0,1782360435.5035295,0.002009868621826172
149229,normal,3483,0,1782360435.5054932,0.0019636154174804688
149230,normal,1793,0,1782360435.5075254,0.0020322799682617188
149231,normal,3676,0,1782360435.5094845,0.001959085464477539
149232,normal,1796,0,1782360435.5115194,0.002034902572631836
149233,normal,664,0,1782360435.5135202,0.0020008087158203125
149234,normal,3578,0,1782360435.5155303,0.0020101070404052734
149235,normal,535,0,1782360435.5175207,0.0019903182983398438
149236,normal,2497,0,1782360435.5195231,0.0020024776458740234
149237,normal,3160,1,1782360435.5214849,0.0019617080688476562
149238,normal,2617,0,1782360435.5235212,0.0020363330841064453
149239,normal,650,0,1782360435.525518,0.001996755599975586
149240,normal,694,0,1782360435.5275311,0.0020132064819335938
149241,normal,283,0,1782360435.5295184,0.0019872188568115234
149242,normal,2073,0,1782360435.5315235,0.0020051002502441406
149243,normal,1952,0,1782360435.5334847,0.001961231231689453
149244,normal,999,2,1782360435.535522,0.0020372867584228516
149245,normal,1678,0,1782360435.5375173,0.0019953250885009766
149246,normal,1004,2,1782360435.5395336,0.002016305923461914
149247,normal,2074,0,1782360435.5415173,0.001983642578125
149248,normal,1749,0,1782360435.5435197,0.0020024776458740234
149249,normal,3462,0,1782360435.5454955,0.0019757747650146484
149250,normal,2594,0,1782360435.5475225,0.0020270347595214844
149251,normal,2156,0,1782360435.549519,0.0019965171813964844
149252,normal,906,2,1782360435.551533,0.0020139217376708984
149253,normal,1667,0,1782360435.553514,0.001981019973754883
149254,normal,1276,0,1782360435.5554895,0.001975536346435547
149255,normal,3223,1,1782360435.5575337,0.002044200897216797
149256,normal,1449,0,1782360435.5595198,0.0019860267639160156
149257,normal,3128,1,1782360435.561521,0.0020012855529785156
149258,normal,2423,0,1782360435.5635366,0.0020155906677246094
149259,normal,2054,0,1782360435.565521,0.0019843578338623047
149260,normal,3095,1,1782360435.5675197,0.0019986629486083984
149261,normal,2461,0,1782360435.5695367,0.0020170211791992188
149262,normal,2791,0,1782360435.5715203,0.001983642578125
149263,normal,2873,0,1782360435.5735219,0.002001523971557617
149264,normal,2230,0,1782360435.575531,0.002009153366088867
149265,normal,3542,0,1782360435.5775318,0.0020008087158203125
149266,normal,3574,0,1782360435.5795212,0.0019893646240234375
149267,normal,1990,0,1782360435.5814853,0.001964092254638672
149268,normal,1931,0,1782360435.5835266,0.002041339874267578
149269,normal,889,2,1782360435.5855193,0.0019927024841308594
149270,normal,768,0,1782360435.58753,0.0020105838775634766
149271,normal,892,2,1782360435.5895185,0.001988649368286133
149272,normal,27,0,1782360435.591522,0.0020034313201904297
149273,normal,1692,0,1782360435.5934858,0.0019638538360595703
149274,normal,2099,0,1782360435.5955188,0.0020329952239990234
149275,normal,309,0,1782360435.5975192,0.0020003318786621094
149276,normal,356,0,1782360435.5995307,0.002011537551879883
149277,normal,3547,0,1782360435.6015184,0.0019876956939697266
149278,normal,2100,0,1782360435.6035216,0.002003192901611328
149279,normal,2571,0,1782360435.6054838,0.0019621849060058594
149280,normal,3518,0,1782360435.6075206,0.0020368099212646484
149281,normal,2999,0,1782360435.6095185,0.0019979476928710938
149282,normal,624,0,1782360435.6115317,0.0020132064819335938
149283,normal,858,2,1782360435.6135163,0.0019845962524414062
149284,normal,2626,0,1782360435.6155174,0.002001047134399414
149285,normal,878,2,1782360435.6175258,0.0020084381103515625
149286,normal,1268,0,1782360435.6195197,0.001993894577026367
149287,normal,2802,0,1782360435.6215189,0.0019991397857666016
149288,normal,1368,1,1782360435.6235352,0.002016305923461914
149289,normal,787,2,1782360435.625521,0.001985788345336914
149290,normal,1434,0,1782360435.6275167,0.0019958019256591797
149291,normal,2719,0,1782360435.6295264,0.0020096302032470703
149292,normal,405,0,1782360435.6315167,0.0019903182983398438
149293,normal,3089,1,1782360435.6335166,0.0019998550415039062
149294,normal,3620,0,1782360435.6355321,0.0020155906677246094
149295,normal,3390,1,1782360435.637516,0.0019838809967041016
149296,normal,2386,0,1782360435.6395164,0.0020003318786621094
149297,normal,705,0,1782360435.6415443,0.0020279884338378906
149298,normal,1267,0,1782360435.6435356,0.00199127197265625
149299,normal,1498,0,1782360435.6455204,0.001984834671020508
149300,normal,2479,0,1782360435.6475298,0.0020093917846679688
149301,normal,2522,0,1782360435.6495163,0.0019865036010742188
149302,normal,1482,0,1782360435.6515262,0.002009868621826172
149303,normal,160,0,1782360435.6535058,0.0019795894622802734
149304,normal,2142,0,1782360435.6555278,0.0020220279693603516
149305,normal,1057,0,1782360435.6575718,0.0020439624786376953
149306,normal,692,0,1782360435.6594899,0.0019180774688720703
149307,normal,1362,1,1782360435.661533,0.0020432472229003906
149308,normal,1440,0,1782360435.6635258,0.0019927024841308594
149309,normal,975,2,1782360435.6654854,0.001959562301635742
149310,normal,1497,0,1782360435.6677697,0.0022842884063720703
149311,normal,3627,0,1782360435.6695948,0.001825094223022461
149312,normal,818,2,1782360435.6715443,0.0019495487213134766
149313,normal,331,0,1782360435.6734886,0.0019443035125732422
149314,normal,1572,0,1782360435.6755247,0.0020360946655273438
149315,normal,2088,0,1782360435.6774843,0.001959562301635742
149316,normal,2129,0,1782360435.6795173,0.0020329952239990234
149317,normal,505,0,1782360435.68152,0.002002716064453125
149318,normal,3235,1,1782360435.6835334,0.0020134449005126953
149319,normal,2217,0,1782360435.6855183,0.001984834671020508
149320,normal,3017,0,1782360435.6875565,0.002038240432739258
149321,normal,2569,0,1782360435.68949,0.0019335746765136719
149322,normal,1604,0,1782360435.6915233,0.002033233642578125
149323,normal,3593,0,1782360435.693518,0.001994609832763672
149324,normal,684,0,1782360435.6955323,0.0020143985748291016
149325,normal,537,0,1782360435.697523,0.001990795135498047
149326,normal,2035,0,1782360435.6995273,0.0020041465759277344
149327,normal,1113,0,1782360435.7014902,0.001962900161743164
149328,normal,1573,0,1782360435.7035232,0.0020329952239990234
149329,normal,1978,0,1782360435.705495,0.0019719600677490234
149330,normal,3486,0,1782360435.707525,0.002029895782470703
149331,normal,394,0,1782360435.7095594,0.002034425735473633
149332,normal,2473,0,1782360435.7114892,0.0019297599792480469
149333,normal,2664,0,1782360435.713575,0.0020856857299804688
149334,normal,3611,0,1782360435.7155569,0.001981973648071289
149335,normal,3181,1,1782360435.7174938,0.0019369125366210938
149336,normal,1962,0,1782360435.719524,0.0020301342010498047
149337,normal,2186,0,1782360435.7215638,0.0020399093627929688
149338,normal,1840,0,1782360435.723494,0.00193023681640625
149339,normal,2304,0,1782360435.7255201,0.002026081085205078
149340,normal,3399,1,1782360435.7275558,0.0020356178283691406
149341,normal,81,0,1782360435.7294927,0.0019369125366210938
149342,normal,998,2,1782360435.7314885,0.0019958019256591797
149343,normal,2978,0,1782360435.7335596,0.0020711421966552734
149344,normal,3303,1,1782360435.7354946,0.0019350051879882812
149345,normal,2992,0,1782360435.7375839,0.002089262008666992
149346,normal,1847,0,1782360435.7395387,0.001954793930053711
149347,normal,591,0,1782360435.741747,0.002208232879638672
149348,normal,1830,0,1782360435.7436006,0.0018537044525146484
149349,normal,2907,0,1782360435.7457497,0.0021491050720214844
149350,normal,2472,0,1782360435.747524,0.0017743110656738281
149351,normal,1977,0,1782360435.7497628,0.002238750457763672
149352,normal,1002,2,1782360435.7515817,0.0018188953399658203
149353,normal,2733,0,1782360435.753554,0.0019724369049072266
149354,normal,996,2,1782360435.7558017,0.0022475719451904297
149355,normal,714,0,1782360435.7575498,0.0017480850219726562
149356,normal,3070,1,1782360435.759723,0.002173185348510742
149357,normal,735,0,1782360435.7616143,0.0018913745880126953
149358,normal,1287,0,1782360435.7635572,0.0019428730010986328
149359,normal,3369,1,1782360435.7657268,0.0021696090698242188
149360,normal,3536,0,1782360435.7676115,0.0018846988677978516
149361,normal,3139,1,1782360435.7697535,0.0021419525146484375
149362,normal,1110,0,1782360435.771535,0.001781463623046875
149363,normal,3646,0,1782360435.7737489,0.0022139549255371094
149364,normal,2881,0,1782360435.7755687,0.0018198490142822266
149365,normal,949,2,1782360435.7775514,0.0019826889038085938
149366,normal,1151,0,1782360435.7796247,0.0020732879638671875
149367,normal,1846,0,1782360435.7817397,0.002115011215209961
149368,normal,364,0,1782360435.783555,0.0018153190612792969
149369,normal,501,0,1782360435.7858248,0.002269744873046875
149370,normal,1022,2,1782360435.7875502,0.0017254352569580078
149371,normal,946,2,1782360435.7897313,0.0021810531616210938
149372,normal,3436,0,1782360435.7916284,0.0018970966339111328
149373,normal,1034,0,1782360435.793568,0.001939535140991211
149374,normal,3,0,1782360435.7955494,0.001981496810913086
149375,normal,2037,0,1782360435.7975373,0.001987934112548828
149376,normal,2325,0,1782360435.799749,0.0022115707397460938
149377,normal,687,0,1782360435.8015082,0.0017592906951904297
149378,normal,475,0,1782360435.8037336,0.0022253990173339844
149379,normal,2178,0,1782360435.8055563,0.0018227100372314453
149380,normal,2842,0,1782360435.8077433,0.002187013626098633
149381,normal,3446,0,1782360435.809509,0.0017657279968261719
149382,normal,3709,0,1782360435.811653,0.00214385986328125
149383,normal,72,0,1782360435.8135326,0.0018796920776367188
149384,normal,3023,0,1782360435.8157501,0.002217531204223633
149385,normal,2278,0,1782360435.8183901,0.0026400089263916016
149386,normal,2768,0,1782360435.8195398,0.0011496543884277344
149387,normal,3357,1,1782360435.8216026,0.0020627975463867188
149388,normal,1164,0,1782360435.8235428,0.0019402503967285156
149389,normal,997,2,1782360435.8255763,0.0020334720611572266
149390,normal,2718,0,1782360435.8277447,0.002168416976928711
149391,normal,3059,1,1782360435.8295867,0.0018420219421386719
149392,normal,3226,1,1782360435.8317442,0.002157449722290039
149393,normal,1148,0,1782360435.8335497,0.0018055438995361328
149394,normal,3246,1,1782360435.8357291,0.002179384231567383
149395,normal,1414,0,1782360435.8375266,0.0017974376678466797
149396,normal,1312,0,1782360435.8395505,0.002023935317993164
149397,normal,1904,0,1782360435.841733,0.002182483673095703
149398,normal,1637,0,1782360435.8435183,0.0017852783203125
149399,normal,3442,0,1782360435.845537,0.0020186901092529297
149400,normal,293,0,1782360435.8476374,0.0021004676818847656
149401,normal,754,0,1782360435.8494866,0.0018491744995117188
149402,normal,1590,0,1782360435.8515346,0.002048015594482422
149403,normal,1882,0,1782360435.8535242,0.001989603042602539
149404,normal,2170,0,1782360435.855559,0.002034902572631836
149405,normal,2672,0,1782360435.8574965,0.0019373893737792969
149406,normal,1484,0,1782360435.859524,0.0020275115966796875
149407,normal,899,2,1782360435.86153,0.002006053924560547
149408,normal,2111,0,1782360435.863483,0.0019528865814208984
149409,normal,1088,0,1782360435.865523,0.0020401477813720703
149410,normal,294,0,1782360435.8675332,0.0020101070404052734
149411,normal,2828,0,1782360435.8694813,0.0019481182098388672
149412,normal,1621,0,1782360435.8715196,0.002038240432739258
149413,normal,556,0,1782360435.8735237,0.0020041465759277344
149414,normal,1710,0,1782360435.8754823,0.001958608627319336
149415,normal,1938,0,1782360435.8775198,0.002037525177001953
149416,normal,2683,0,1782360435.8795419,0.0020220279693603516
149417,normal,3082,1,1782360435.881479,0.0019371509552001953
149418,normal,2122,0,1782360435.88354,0.0020608901977539062
149419,normal,2193,0,1782360435.8854883,0.0019483566284179688
149420,normal,2819,0,1782360435.8875322,0.0020439624786376953
149421,normal,2146,0,1782360435.8895214,0.001989126205444336
149422,normal,572,0,1782360435.891486,0.001964569091796875
149423,normal,3531,0,1782360435.8935282,0.0020422935485839844
149424,normal,114,0,1782360435.8955336,0.002005338668823242
149425,normal,239,0,1782360435.897484,0.0019505023956298828
149426,normal,3491,0,1782360435.8995306,0.0020465850830078125
149427,normal,2688,0,1782360435.901522,0.00199127197265625
149428,normal,2539,0,1782360435.9034843,0.001962423324584961
149429,normal,2980,0,1782360435.9055977,0.00211334228515625
149430,normal,942,2,1782360435.9074728,0.001875162124633789
149431,normal,2310,0,1782360435.9095473,0.0020744800567626953
149432,normal,1023,2,1782360435.911488,0.0019407272338867188
149433,normal,2535,0,1782360435.913526,0.0020380020141601562
149434,normal,1841,0,1782360435.9154866,0.0019605159759521484
149435,normal,2130,0,1782360435.9175334,0.002046823501586914
149436,normal,3614,0,1782360435.919525,0.0019915103912353516
149437,normal,63,0,1782360435.9214842,0.0019593238830566406
149438,normal,1100,0,1782360435.9235432,0.0020589828491210938
149439,normal,979,2,1782360435.9255373,0.0019941329956054688
149440,normal,2369,0,1782360435.927486,0.0019485950469970703
149441,normal,3347,1,1782360435.9295313,0.0020453929901123047
149442,normal,25,0,1782360435.9315178,0.0019865036010742188
149443,normal,2823,0,1782360435.933484,0.001966238021850586
149444,normal,2658,0,1782360435.935537,0.0020530223846435547
149445,normal,30,0,1782360435.937481,0.001943826675415039
149446,normal,2755,0,1782360435.9395256,0.002044677734375
149447,normal,1558,0,1782360435.9415324,0.0020067691802978516
149448,normal,435,0,1782360435.943534,0.002001523971557617
149449,normal,450,0,1782360435.9454963,0.001962423324584961
149450,normal,40,0,1782360435.9475305,0.0020341873168945312
149451,normal,3413,0,1782360435.9495208,0.0019903182983398438
149452,normal,2247,0,1782360435.9514906,0.0019698143005371094
149453,normal,2300,0,1782360435.9535332,0.002042531967163086
149454,normal,3706,0,1782360435.9555295,0.001996278762817383
149455,normal,1853,0,1782360435.9575012,0.001971721649169922
149456,normal,3487,0,1782360435.9594865,0.001985311508178711
149457,normal,706,0,1782360435.9615285,0.002042055130004883
149458,normal,1884,0,1782360435.9634852,0.0019567012786865234
149459,normal,1887,0,1782360435.9655294,0.002044200897216797
149460,normal,1798,0,1782360435.967527,0.0019974708557128906
149461,normal,1903,0,1782360435.969484,0.0019571781158447266
149462,normal,1301,0,1782360435.971532,0.002048015594482422
149463,normal,1074,0,1782360435.9735332,0.002001047134399414
149464,normal,2127,0,1782360435.9754896,0.001956462860107422
149465,normal,298,0,1782360435.9775343,0.002044677734375
149466,normal,3590,0,1782360435.9795177,0.0019834041595458984
149467,normal,1141,0,1782360435.981531,0.0020132064819335938
149468,normal,2244,0,1782360435.9834902,0.0019593238830566406
149469,normal,745,0,1782360435.985524,0.002033710479736328
149470,normal,164,0,1782360435.9874928,0.001968860626220703
149471,normal,863,2,1782360435.98953,0.0020372867584228516
149472,normal,1341,1,1782360435.9915335,0.0020034313201904297
149473,normal,1635,0,1782360435.993487,0.0019533634185791016
149474,normal,1298,0,1782360435.9955328,0.002045869827270508
149475,normal,853,2,1782360435.9975278,0.001995086669921875
149476,normal,1370,1,1782360435.9994853,0.001957416534423828
149477,normal,1659,0,1782360436.0015283,0.002043008804321289
149478,normal,3079,1,1782360436.003535,0.0020067691802978516
149479,normal,1396,0,1782360436.0055299,0.0019948482513427734
149480,normal,1794,0,1782360436.0075,0.001970052719116211
149481,normal,2021,0,1782360436.0095198,0.0020198822021484375
149482,normal,3180,1,1782360436.0114834,0.0019636154174804688
149483,normal,2282,0,1782360436.0135422,0.002058744430541992
149484,normal,1618,0,1782360436.0155375,0.0019953250885009766
149485,normal,1636,0,1782360436.0174863,0.0019488334655761719
149486,normal,749,0,1782360436.019535,0.0020487308502197266
149487,normal,2888,0,1782360436.0215235,0.0019884109497070312
149488,normal,902,2,1782360436.0238388,0.0023152828216552734
149489,normal,1970,0,1782360436.0256946,0.0018558502197265625
149490,normal,3677,0,1782360436.0278752,0.0021805763244628906
149491,normal,1277,0,1782360436.0299954,0.0021202564239501953
149492,normal,3004,0,1782360436.0315893,0.0015938282012939453
149493,normal,1185,0,1782360436.0337586,0.002169370651245117
149494,normal,1885,0,1782360436.0354803,0.0017216205596923828
149495,normal,2510,0,1782360436.037494,0.002013683319091797
149496,normal,3471,0,1782360436.039526,0.002032041549682617
149497,normal,1541,0,1782360436.0415568,0.0020308494567871094
149498,normal,3062,1,1782360436.0435576,0.0020008087158203125
149499,normal,1129,0,1782360436.0455391,0.001981496810913086
149500,normal,2106,0,1782360436.0476334,0.002094268798828125
149501,normal,2963,0,1782360436.0496533,0.0020198822021484375
149502,normal,1601,0,1782360436.0518157,0.002162456512451172
149503,normal,598,0,1782360436.0538323,0.0020165443420410156
149504,normal,3539,0,1782360436.0556455,0.0018131732940673828
149505,normal,3356,1,1782360436.0575593,0.0019137859344482422
149506,normal,800,2,1782360436.0597794,0.00222015380859375
149507,normal,3513,0,1782360436.0616379,0.0018584728240966797
149508,normal,1772,0,1782360436.0636423,0.002004384994506836
149509,normal,2333,0,1782360436.0656328,0.0019905567169189453
149510,normal,1789,0,1782360436.0677583,0.0021255016326904297
149511,normal,1331,1,1782360436.0695503,0.0017919540405273438
149512,normal,1628,0,1782360436.0717924,0.0022420883178710938
149513,normal,2516,0,1782360436.0736358,0.0018434524536132812
149514,normal,2979,0,1782360436.07565,0.00201416015625
149515,normal,396,0,1782360436.0776396,0.001989603042602539
149516,normal,1452,0,1782360436.0797563,0.002116680145263672
149517,normal,26,0,1782360436.0816593,0.0019030570983886719
149518,normal,3397,1,1782360436.0844831,0.0028238296508789062
149519,normal,3118,1,1782360436.085707,0.0012238025665283203
149520,normal,1528,0,1782360436.0879064,0.002199411392211914
149521,normal,185,0,1782360436.0896945,0.0017881393432617188
149522,normal,2453,0,1782360436.0918853,0.002190828323364258
149523,normal,2204,0,1782360436.094045,0.002159595489501953
149524,normal,1985,0,1782360436.0956914,0.0016465187072753906
149525,normal,2094,0,1782360436.0976057,0.0019142627716064453
149526,normal,831,2,1782360436.0996823,0.0020766258239746094
149527,normal,1983,0,1782360436.1015882,0.0019059181213378906
149528,normal,2904,0,1782360436.1036513,0.0020630359649658203
149529,normal,628,0,1782360436.1056192,0.001967906951904297
149530,normal,3295,1,1782360436.107619,0.0019998550415039062
149531,normal,2062,0,1782360436.1096008,0.0019817352294921875
149532,normal,1688,0,1782360436.111805,0.0022041797637939453
149533,normal,1050,0,1782360436.1135106,0.0017056465148925781
149534,normal,2635,0,1782360436.115603,0.0020923614501953125
149535,normal,2027,0,1782360436.1175976,0.001994609832763672
149536,normal,3245,1,1782360436.119596,0.001998424530029297
149537,normal,238,0,1782360436.1215954,0.001999378204345703
149538,normal,1029,2,1782360436.123616,0.002020597457885742
149539,normal,1913,0,1782360436.1256547,0.002038717269897461
149540,normal,3673,0,1782360436.1277072,0.0020525455474853516
149541,normal,1737,0,1782360436.1297386,0.0020313262939453125
149542,normal,665,0,1782360436.131592,0.0018534660339355469
149543,normal,1836,0,1782360436.1336277,0.0020356178283691406
149544,normal,427,0,1782360436.1356122,0.0019845962524414062
149545,normal,2920,0,1782360436.1376727,0.002060413360595703
149546,normal,177,0,1782360436.139576,0.0019032955169677734
149547,normal,2153,0,1782360436.141577,0.002001047134399414
149548,normal,217,0,1782360436.1435847,0.002007722854614258
149549,normal,2703,0,1782360436.145709,0.002124309539794922
149550,normal,1543,0,1782360436.147698,0.0019888877868652344
149551,normal,1513,0,1782360436.1496906,0.0019927024841308594
149552,normal,133,0,1782360436.1517642,0.002073526382446289
149553,normal,2163,0,1782360436.1537676,0.0020034313201904297
149554,normal,973,2,1782360436.15569,0.0019223690032958984
149555,normal,2964,0,1782360436.1578357,0.0021457672119140625
149556,normal,2180,0,1782360436.159723,0.0018873214721679688
149557,normal,499,0,1782360436.1616304,0.0019073486328125
149558,normal,542,0,1782360436.1635742,0.001943826675415039
149559,normal,2357,0,1782360436.1655765,0.002002239227294922
149560,normal,3592,0,1782360436.1675718,0.0019953250885009766
149561,normal,3320,1,1782360436.1697614,0.00218963623046875
149562,normal,1571,0,1782360436.1714716,0.0017101764678955078
149563,normal,2758,0,1782360436.173547,0.0020754337310791016
149564,normal,1121,0,1782360436.1755884,0.002041339874267578
149565,normal,721,0,1782360436.1775777,0.0019893646240234375
149566,normal,782,2,1782360436.1797135,0.002135753631591797
149567,normal,212,0,1782360436.1817439,0.0020303726196289062
149568,normal,3152,1,1782360436.1835976,0.0018537044525146484
149569,normal,2739,0,1782360436.1858027,0.0022051334381103516
149570,normal,1575,0,1782360436.1875749,0.001772165298461914
149571,normal,2083,0,1782360436.1896195,0.002044677734375
149572,normal,1936,0,1782360436.191614,0.0019943714141845703
149573,normal,2119,0,1782360436.1936028,0.0019888877868652344
149574,normal,658,0,1782360436.1957488,0.002146005630493164
149575,normal,1765,0,1782360436.1978142,0.002065420150756836
149576,normal,2344,0,1782360436.1997218,0.0019075870513916016
149577,normal,3543,0,1782360436.2015905,0.0018687248229980469
149578,normal,917,2,1782360436.2035897,0.0019991397857666016
149579,normal,932,2,1782360436.205601,0.0020112991333007812
149580,normal,441,0,1782360436.2076147,0.002013683319091797
149581,normal,708,0,1782360436.2096121,0.0019974708557128906
149582,normal,1404,0,1782360436.2116163,0.0020041465759277344
149583,normal,1892,0,1782360436.2136495,0.002033233642578125
149584,normal,1984,0,1782360436.2156298,0.001980304718017578
149585,normal,2112,0,1782360436.2176478,0.002017974853515625
149586,normal,1833,0,1782360436.2198372,0.0021893978118896484
149587,normal,1976,0,1782360436.2216253,0.0017881393432617188
149588,normal,3387,1,1782360436.2237492,0.0021238327026367188
149589,normal,2878,0,1782360436.225677,0.0019278526306152344
149590,normal,2570,0,1782360436.2277157,0.002038717269897461
149591,normal,2038,0,1782360436.2296326,0.0019168853759765625
149592,normal,1501,0,1782360436.2321606,0.002527952194213867
149593,normal,2846,0,1782360436.2337337,0.0015730857849121094
149594,normal,933,2,1782360436.2357066,0.0019729137420654297
149595,normal,1330,1,1782360436.2380009,0.002294301986694336
149596,normal,1234,0,1782360436.2400572,0.0020563602447509766
149597,normal,757,0,1782360436.2415776,0.001520395278930664
149598,normal,2827,0,1782360436.243597,0.0020194053649902344
149599,normal,1076,0,1782360436.2456036,0.00200653076171875
149600,normal,2079,0,1782360436.2475958,0.0019922256469726562
149601,normal,1550,0,1782360436.2496004,0.0020046234130859375
149602,normal,3204,1,1782360436.2515972,0.001996755599975586
149603,normal,1152,0,1782360436.2536175,0.0020203590393066406
149604,normal,1602,0,1782360436.2556403,0.0020227432250976562
149605,normal,1176,0,1782360436.2577002,0.0020599365234375
149606,normal,1108,0,1782360436.2597125,0.0020122528076171875
149607,normal,378,0,1782360436.261626,0.0019135475158691406
149608,normal,2874,0,1782360436.263641,0.0020151138305664062
149609,normal,1597,0,1782360436.2656722,0.002031087875366211
149610,normal,1808,0,1782360436.2677162,0.0020439624786376953
149611,normal,2409,0,1782360436.2695959,0.0018796920776367188
149612,normal,2700,0,1782360436.2715857,0.0019898414611816406
149613,normal,2641,0,1782360436.2736015,0.002015829086303711
149614,normal,1055,0,1782360436.2755997,0.0019981861114501953
149615,normal,1073,0,1782360436.2775946,0.0019948482513427734
149616,normal,2117,0,1782360436.2795894,0.0019948482513427734
149617,normal,2159,0,1782360436.281755,0.002165555953979492
149618,normal,172,0,1782360436.28362,0.0018651485443115234
149619,normal,2586,0,1782360436.2857134,0.0020933151245117188
149620,normal,2200,0,1782360436.2876506,0.0019371509552001953
149621,normal,2264,0,1782360436.2897398,0.002089262008666992
149622,normal,974,2,1782360436.291657,0.001917123794555664
149623,normal,1963,0,1782360436.2935982,0.0019412040710449219
149624,normal,1407,0,1782360436.2957027,0.002104520797729492
149625,normal,387,0,1782360436.2976456,0.0019428730010986328
149626,normal,1099,0,1782360436.299605,0.0019593238830566406
149627,normal,2731,0,1782360436.3017714,0.0021665096282958984
149628,normal,1308,0,1782360436.3040323,0.002260923385620117
149629,normal,2403,0,1782360436.3055274,0.0014951229095458984
149630,normal,3647,0,1782360436.3076057,0.0020782947540283203
149631,normal,666,0,1782360436.309506,0.0019001960754394531
149632,normal,1353,1,1782360436.3114345,0.001928567886352539
149633,normal,3016,0,1782360436.3135247,0.0020902156829833984
149634,normal,3687,0,1782360436.3154173,0.0018925666809082031
149635,normal,2413,0,1782360436.3175175,0.002100229263305664
149636,normal,1496,0,1782360436.319551,0.0020334720611572266
149637,normal,3080,1,1782360436.3216243,0.0020732879638671875
149638,normal,2961,0,1782360436.32371,0.0020856857299804688
149639,normal,2379,0,1782360436.32579,0.0020799636840820312
149640,normal,3335,1,1782360436.3277762,0.001986265182495117
149641,normal,1175,0,1782360436.3295455,0.0017693042755126953
149642,normal,3680,0,1782360436.3317745,0.002228975296020508
149643,normal,3656,0,1782360436.333641,0.0018665790557861328
149644,normal,363,0,1782360436.3356712,0.0020301342010498047
149645,normal,1172,0,1782360436.3375561,0.0018849372863769531
149646,normal,3675,0,1782360436.3395529,0.001996755599975586
149647,normal,1127,0,1782360436.3415573,0.002004384994506836
149648,normal,2848,0,1782360436.3437343,0.002177000045776367
149649,normal,2394,0,1782360436.3455296,0.0017952919006347656
149650,normal,2431,0,1782360436.3475537,0.0020241737365722656
149651,normal,524,0,1782360436.3495114,0.0019576549530029297
149652,normal,2547,0,1782360436.3515556,0.002044200897216797
149653,normal,500,0,1782360436.3535507,0.001995086669921875
149654,normal,201,0,1782360436.3560994,0.002548694610595703
149655,normal,1548,0,1782360436.3577065,0.0016071796417236328
149656,normal,1781,0,1782360436.3595235,0.0018169879913330078
149657,normal,2622,0,1782360436.3615875,0.0020639896392822266
149658,normal,2449,0,1782360436.3636382,0.002050638198852539
149659,normal,3256,1,1782360436.3657427,0.002104520797729492
149660,normal,2560,0,1782360436.3677187,0.00197601318359375
149661,normal,3333,1,1782360436.3695211,0.0018024444580078125
149662,normal,1167,0,1782360436.3717227,0.002201557159423828
149663,normal,1644,0,1782360436.3735814,0.0018587112426757812
149664,normal,962,2,1782360436.375725,0.0021436214447021484
149665,normal,1500,0,1782360436.3776155,0.001890420913696289
149666,normal,610,0,1782360436.379819,0.0022034645080566406
149667,normal,1930,0,1782360436.381904,0.002084970474243164
149668,normal,328,0,1782360436.3836155,0.0017116069793701172
149669,normal,2948,0,1782360436.3858316,0.0022161006927490234
149670,normal,2946,0,1782360436.387727,0.0018954277038574219
149671,normal,2098,0,1782360436.3896797,0.0019526481628417969
149672,normal,2825,0,1782360436.3916938,0.00201416015625
149673,normal,2915,0,1782360436.3937433,0.0020494461059570312
149674,normal,66,0,1782360436.3956819,0.0019385814666748047
149675,normal,12,0,1782360436.397585,0.0019030570983886719
149676,normal,1731,0,1782360436.3996792,0.002094268798828125
149677,normal,1045,0,1782360436.4016502,0.001971006393432617
149678,normal,983,2,1782360436.4035497,0.0018994808197021484
149679,normal,718,0,1782360436.4055898,0.0020401477813720703
149680,normal,2392,0,1782360436.4077315,0.002141714096069336
149681,normal,2766,0,1782360436.409633,0.001901388168334961
149682,normal,862,2,1782360436.4116879,0.002054929733276367
149683,normal,179,0,1782360436.4136095,0.0019216537475585938
149684,normal,230,0,1782360436.41575,0.002140522003173828
149685,normal,2587,0,1782360436.4175959,0.0018458366394042969
149686,normal,688,0,1782360436.4198697,0.0022737979888916016
149687,normal,588,0,1782360436.4216015,0.00173187255859375
149688,normal,1783,0,1782360436.423532,0.0019304752349853516
149689,normal,1317,0,1782360436.4254944,0.001962423324584961
149690,normal,531,0,1782360436.4275506,0.002056121826171875
149691,normal,671,0,1782360436.4294915,0.0019409656524658203
149692,normal,49,0,1782360436.4315095,0.002017974853515625
149693,normal,2075,0,1782360436.4335995,0.002089977264404297
149694,normal,290,0,1782360436.4354477,0.0018482208251953125
149695,normal,613,0,1782360436.437548,0.002100229263305664
149696,normal,3078,1,1782360436.439532,0.001984119415283203
149697,normal,3054,1,1782360436.4414647,0.0019326210021972656
149698,normal,3410,0,1782360436.4435236,0.0020589828491210938
149699,normal,2552,0,1782360436.4455295,0.0020058155059814453
149700,normal,643,0,1782360436.4474633,0.0019338130950927734
149701,normal,573,0,1782360436.4494743,0.0020110607147216797
149702,normal,3336,1,1782360436.451583,0.0021085739135742188
149703,normal,2124,0,1782360436.453481,0.001898050308227539
149704,normal,1866,0,1782360436.455544,0.0020630359649658203
149705,normal,3562,0,1782360436.4575198,0.0019757747650146484
149706,normal,2671,0,1782360436.4594417,0.0019218921661376953
149707,normal,2250,0,1782360436.461532,0.0020904541015625
149708,normal,1574,0,1782360436.463521,0.0019888877868652344
149709,normal,2615,0,1782360436.4654834,0.001962423324584961
149710,normal,3146,1,1782360436.467575,0.002091646194458008
149711,normal,3586,0,1782360436.4695928,0.0020177364349365234
149712,normal,370,0,1782360436.4715052,0.0019123554229736328
149713,normal,991,2,1782360436.4735556,0.0020503997802734375
149714,normal,2309,0,1782360436.475571,0.002015352249145508
149715,normal,1784,0,1782360436.4774413,0.0018703937530517578
149716,normal,2537,0,1782360436.479498,0.002056598663330078
149717,normal,2273,0,1782360436.481518,0.002020120620727539
149718,normal,1897,0,1782360436.4834638,0.0019457340240478516
149719,normal,1955,0,1782360436.4855638,0.0020999908447265625
149720,normal,3691,0,1782360436.4875536,0.0019898414611816406
149721,normal,2891,0,1782360436.4895213,0.0019676685333251953
149722,normal,20,0,1782360436.4915202,0.0019989013671875
149723,normal,2397,0,1782360436.4935691,0.002048969268798828
149724,normal,2607,0,1782360436.4956985,0.0021293163299560547
149725,normal,955,2,1782360436.497535,0.001836538314819336
149726,normal,2908,0,1782360436.4996035,0.0020685195922851562
149727,normal,460,0,1782360436.501427,0.00182342529296875
149728,normal,2101,0,1782360436.5035026,0.002075672149658203
149729,normal,2091,0,1782360436.5055,0.0019974708557128906
149730,normal,1159,0,1782360436.5074933,0.0019931793212890625
149731,normal,3233,1,1782360436.5094404,0.001947164535522461
149732,normal,620,0,1782360436.5114975,0.0020570755004882812
149733,normal,642,0,1782360436.5134974,0.0019998550415039062
149734,normal,1907,0,1782360436.5156994,0.0022020339965820312
149735,normal,3313,1,1782360436.5178528,0.0021533966064453125
149736,normal,507,0,1782360436.519787,0.0019342899322509766
149737,normal,251,0,1782360436.5215728,0.0017857551574707031
149738,normal,3035,0,1782360436.5237513,0.0021784305572509766
149739,normal,1912,0,1782360436.5255044,0.001753091812133789
149740,normal,1177,0,1782360436.527607,0.0021026134490966797
149741,normal,2777,0,1782360436.5296166,0.0020096302032470703
149742,normal,1502,0,1782360436.531516,0.0018994808197021484
149743,normal,1860,0,1782360436.5338676,0.002351522445678711
149744,normal,1104,0,1782360436.5354955,0.0016279220581054688
149745,normal,970,2,1782360436.5375912,0.0020956993103027344
149746,normal,1219,0,1782360436.5395856,0.0019943714141845703
149747,normal,3564,0,1782360436.5415883,0.002002716064453125
149748,normal,1336,1,1782360436.5437317,0.002143383026123047
149749,normal,3654,0,1782360436.5456576,0.0019259452819824219
149750,normal,2749,0,1782360436.5477543,0.0020966529846191406
149751,normal,3568,0,1782360436.5497856,0.0020313262939453125
149752,normal,1588,0,1782360436.5517058,0.0019202232360839844
149753,normal,3338,1,1782360436.5543864,0.002680540084838867
149754,normal,1371,1,1782360436.5558763,0.001489877700805664
149755,normal,3343,1,1782360436.5574822,0.001605987548828125
149756,normal,557,0,1782360436.559768,0.0022857189178466797
149757,normal,1165,0,1782360436.561915,0.0021469593048095703
149758,normal,2219,0,1782360436.563626,0.001711130142211914
149759,normal,3613,0,1782360436.5658946,0.002268552780151367
149760,normal,2341,0,1782360436.5678632,0.0019686222076416016
149761,normal,674,0,1782360436.569514,0.0016508102416992188
149762,normal,3384,1,1782360436.5715818,0.0020678043365478516
149763,normal,3167,1,1782360436.573688,0.002106189727783203
149764,normal,1909,0,1782360436.5755243,0.0018362998962402344
149765,normal,237,0,1782360436.577642,0.002117633819580078
149766,normal,2123,0,1782360436.5795255,0.0018835067749023438
149767,normal,2644,0,1782360436.5816023,0.002076864242553711
149768,normal,1412,0,1782360436.5836287,0.0020263195037841797
149769,normal,544,0,1782360436.5855544,0.0019257068634033203
149770,normal,748,0,1782360436.5878067,0.002252340316772461
149771,normal,895,2,1782360436.5896602,0.0018534660339355469
149772,normal,183,0,1782360436.5917115,0.0020513534545898438
149773,normal,2936,0,1782360436.593552,0.0018405914306640625
149774,normal,783,2,1782360436.5957782,0.002226114273071289
149775,normal,2502,0,1782360436.597791,0.0020127296447753906
149776,normal,1646,0,1782360436.59954,0.0017490386962890625
149777,normal,2302,0,1782360436.6017206,0.0021805763244628906
149778,normal,1650,0,1782360436.6036277,0.0019071102142333984
149779,normal,3328,1,1782360436.6057236,0.002095937728881836
149780,normal,3565,0,1782360436.6076095,0.0018858909606933594
149781,normal,1288,0,1782360436.6097307,0.0021212100982666016
149782,normal,1137,0,1782360436.6116202,0.0018894672393798828
149783,normal,132,0,1782360436.6137664,0.0021462440490722656
149784,normal,3708,0,1782360436.6158137,0.002047300338745117
149785,normal,1142,0,1782360436.6175125,0.0016987323760986328
149786,normal,3055,1,1782360436.6197066,0.0021941661834716797
149787,normal,1431,0,1782360436.6216345,0.0019278526306152344
149788,normal,3349,1,1782360436.623708,0.002073526382446289
149789,normal,939,2,1782360436.6255991,0.0018911361694335938
149790,normal,1812,0,1782360436.627751,0.002151966094970703
149791,normal,3604,0,1782360436.6296546,0.001903533935546875
149792,normal,2194,0,1782360436.6318107,0.0021560192108154297
149793,normal,1937,0,1782360436.6336236,0.0018129348754882812
149794,normal,2087,0,1782360436.6356225,0.0019989013671875
149795,normal,3326,1,1782360436.6377456,0.002123117446899414
149796,normal,1730,0,1782360436.6397119,0.001966238021850586
149797,normal,1803,0,1782360436.6415977,0.0018858909606933594
149798,normal,153,0,1782360436.6437092,0.0021114349365234375
149799,normal,1608,0,1782360436.6456401,0.0019309520721435547
149800,normal,1981,0,1782360436.6477685,0.0021283626556396484
149801,normal,1515,0,1782360436.6496444,0.0018758773803710938
149802,normal,122,0,1782360436.6517608,0.0021164417266845703
149803,normal,480,0,1782360436.6537287,0.001967906951904297
149804,normal,2764,0,1782360436.6557596,0.0020308494567871094
149805,normal,3585,0,1782360436.657761,0.002001523971557617
149806,normal,2662,0,1782360436.6597872,0.002026081085205078
149807,normal,2384,0,1782360436.6617393,0.0019521713256835938
149808,normal,2807,0,1782360436.6635072,0.001767873764038086
149809,normal,2114,0,1782360436.6657023,0.002195119857788086
149810,normal,3469,0,1782360436.6675928,0.001890420913696289
149811,normal,1237,0,1782360436.669958,0.0023653507232666016
149812,normal,2213,0,1782360436.6714997,0.0015416145324707031
149813,normal,3169,1,1782360436.6735933,0.0020935535430908203
149814,normal,3651,0,1782360436.6756322,0.0020389556884765625
149815,normal,747,0,1782360436.6775973,0.001965045928955078
149816,normal,3013,0,1782360436.6799147,0.0023174285888671875
149817,normal,2682,0,1782360436.681769,0.0018541812896728516
149818,normal,2776,0,1782360436.683724,0.0019550323486328125
149819,normal,1293,0,1782360436.6857924,0.0020685195922851562
149820,normal,1910,0,1782360436.6875472,0.0017547607421875
149821,normal,458,0,1782360436.6896126,0.002065420150756836
149822,normal,3363,1,1782360436.6916437,0.002031087875366211
149823,normal,2297,0,1782360436.6937659,0.002122163772583008
149824,normal,2241,0,1782360436.6955419,0.001775979995727539
149825,normal,3563,0,1782360436.6976192,0.002077341079711914
149826,normal,617,0,1782360436.6995277,0.0019085407257080078
149827,normal,766,0,1782360436.7016058,0.0020780563354492188
149828,normal,347,0,1782360436.7036457,0.0020399093627929688
149829,normal,585,0,1782360436.7055414,0.0018956661224365234
149830,normal,250,0,1782360436.7075646,0.0020232200622558594
149831,normal,267,0,1782360436.709659,0.0020945072174072266
149832,normal,93,0,1782360436.711546,0.0018868446350097656
149833,normal,3502,0,1782360436.7134736,0.0019276142120361328
149834,normal,868,2,1782360436.7158499,0.0023763179779052734
149835,normal,111,0,1782360436.7175887,0.0017387866973876953
149836,normal,1284,0,1782360436.7197802,0.0021915435791015625
149837,normal,2554,0,1782360436.7216134,0.001833200454711914
149838,normal,2523,0,1782360436.7237475,0.002134084701538086
149839,normal,1879,0,1782360436.72558,0.0018324851989746094
149840,normal,790,2,1782360436.7275505,0.001970529556274414
149841,normal,407,0,1782360436.7296555,0.0021049976348876953
149842,normal,302,0,1782360436.731532,0.0018765926361083984
149843,normal,1592,0,1782360436.733554,0.00202178955078125
149844,normal,851,2,1782360436.7357855,0.002231597900390625
149845,normal,143,0,1782360436.737499,0.0017135143280029297
149846,normal,2332,0,1782360436.7395754,0.002076387405395508
149847,normal,2343,0,1782360436.7417336,0.0021581649780273438
149848,normal,1200,0,1782360436.7436125,0.001878976821899414
149849,normal,3631,0,1782360436.7457614,0.002148866653442383
149850,normal,2231,0,1782360436.747486,0.0017247200012207031
149851,normal,925,2,1782360436.7495434,0.002057313919067383
149852,normal,3681,0,1782360436.751566,0.0020225048065185547
149853,normal,3440,0,1782360436.7536013,0.002035379409790039
149854,normal,1850,0,1782360436.7556593,0.0020580291748046875
149855,normal,391,0,1782360436.7575037,0.0018444061279296875
149856,normal,2734,0,1782360436.7595594,0.002055644989013672
149857,normal,3361,1,1782360436.7614994,0.001940011978149414
149858,normal,2866,0,1782360436.7635343,0.002034902572631836
149859,normal,3138,1,1782360436.7655332,0.0019989013671875
149860,normal,274,0,1782360436.7675676,0.002034425735473633
149861,normal,908,2,1782360436.7695618,0.0019941329956054688
149862,normal,259,0,1782360436.7716854,0.002123594284057617
149863,normal,1296,0,1782360436.7737148,0.0020294189453125
149864,normal,317,0,1782360436.77552,0.0018053054809570312
149865,normal,3178,1,1782360436.7776446,0.0021245479583740234
149866,normal,3119,1,1782360436.779504,0.001859426498413086
149867,normal,1948,0,1782360436.7816436,0.002139568328857422
149868,normal,119,0,1782360436.7835333,0.0018897056579589844
149869,normal,824,2,1782360436.7856202,0.0020868778228759766
149870,normal,3009,0,1782360436.7877252,0.0021049976348876953
149871,normal,479,0,1782360436.7896206,0.0018954277038574219
149872,normal,976,2,1782360436.7916539,0.002033233642578125
149873,normal,2084,0,1782360436.793651,0.001997232437133789
149874,normal,2858,0,1782360436.7955518,0.0019006729125976562
149875,normal,2922,0,1782360436.7976553,0.002103567123413086
149876,normal,847,2,1782360436.7996318,0.001976490020751953
149877,normal,988,2,1782360436.8015213,0.0018894672393798828
149878,normal,1439,0,1782360436.803598,0.0020766258239746094
149879,normal,3019,0,1782360436.8056304,0.0020325183868408203
149880,normal,1657,0,1782360436.8075523,0.0019218921661376953
149881,normal,806,2,1782360436.8097024,0.0021500587463378906
149882,normal,1211,0,1782360436.8115773,0.0018749237060546875
149883,normal,1080,0,1782360436.8137116,0.0021343231201171875
149884,normal,3120,1,1782360436.815598,0.0018863677978515625
149885,normal,719,0,1782360436.8175807,0.0019826889038085938
149886,normal,1397,0,1782360436.8195605,0.001979827880859375
149887,normal,3198,1,1782360436.8217447,0.002184152603149414
149888,normal,751,0,1782360436.82377,0.0020253658294677734
149889,normal,1614,0,1782360436.8254945,0.0017244815826416016
149890,normal,1019,2,1782360436.8275585,0.0020639896392822266
149891,normal,3285,1,1782360436.829555,0.0019965171813964844
149892,normal,1950,0,1782360436.8317118,0.0021567344665527344
149893,normal,1304,0,1782360436.833675,0.0019631385803222656
149894,normal,513,0,1782360436.8356118,0.0019369125366210938
149895,normal,3259,1,1782360436.8376496,0.0020377635955810547
149896,normal,1328,1,1782360436.8395848,0.0019352436065673828
149897,normal,2814,0,1782360436.841586,0.0020012855529785156
149898,normal,1222,0,1782360436.8436918,0.002105712890625
149899,normal,3575,0,1782360436.846174,0.002482175827026367
149900,normal,1226,0,1782360436.84761,0.001435995101928711
149901,normal,992,2,1782360436.849686,0.0020759105682373047
149902,normal,2422,0,1782360436.8515906,0.0019047260284423828
149903,normal,1703,0,1782360436.8535974,0.0020067691802978516
149904,normal,2407,0,1782360436.8556802,0.00208282470703125
149905,normal,75,0,1782360436.8577197,0.0020394325256347656
149906,normal,1212,0,1782360436.859617,0.0018973350524902344
149907,normal,1244,0,1782360436.8616495,0.0020325183868408203
149908,normal,2600,0,1782360436.863603,0.001953601837158203
149909,normal,205,0,1782360436.8656096,0.00200653076171875
149910,normal,2238,0,1782360436.8676963,0.002086639404296875
149911,normal,3589,0,1782360436.869736,0.002039670944213867
149912,normal,2256,0,1782360436.8718605,0.0021245479583740234
149913,normal,703,0,1782360436.8735561,0.0016956329345703125
149914,normal,2716,0,1782360436.875594,0.0020377635955810547
149915,normal,1198,0,1782360436.8776076,0.002013683319091797
149916,normal,2425,0,1782360436.8798308,0.0022232532501220703
149917,normal,2784,0,1782360436.8817978,0.0019669532775878906
149918,normal,563,0,1782360436.8837092,0.0019114017486572266
149919,normal,1024,2,1782360436.8856492,0.001940011978149414
149920,normal,373,0,1782360436.8877656,0.0021164417266845703
149921,normal,1271,0,1782360436.890049,0.002283334732055664
149922,normal,3331,1,1782360436.8915658,0.0015168190002441406
149923,normal,3549,0,1782360436.8936033,0.002037525177001953
149924,normal,1351,1,1782360436.8956323,0.002028942108154297
149925,normal,2233,0,1782360436.8975194,0.0018870830535888672
149926,normal,311,0,1782360436.899731,0.0022115707397460938
149927,normal,2078,0,1782360436.9015458,0.0018148422241210938
149928,normal,1862,0,1782360436.903643,0.0020971298217773438
149929,normal,3039,0,1782360436.905507,0.0018641948699951172
149930,normal,2593,0,1782360436.907647,0.0021398067474365234
149931,normal,254,0,1782360436.9095912,0.0019443035125732422
149932,normal,1630,0,1782360436.9117064,0.0021152496337890625
149933,normal,2831,0,1782360436.913604,0.001897573471069336
149934,normal,3555,0,1782360436.9156504,0.002046346664428711
149935,normal,338,0,1782360436.917543,0.0018925666809082031
149936,normal,2402,0,1782360436.9197226,0.0021796226501464844
149937,normal,994,2,1782360436.9216425,0.0019199848175048828
149938,normal,2932,0,1782360436.9236012,0.001958608627319336
149939,normal,278,0,1782360436.9255984,0.001997232437133789
149940,normal,3314,1,1782360436.9275417,0.001943349838256836
149941,normal,1534,0,1782360436.9296186,0.002076864242553711
149942,normal,546,0,1782360436.9316437,0.002025127410888672
149943,normal,1481,0,1782360436.9335382,0.0018944740295410156
149944,normal,359,0,1782360436.9356263,0.0020880699157714844
149945,normal,1334,1,1782360436.9376924,0.0020661354064941406
149946,normal,1560,0,1782360436.939566,0.0018734931945800781
149947,normal,3506,0,1782360436.9415634,0.0019974708557128906
149948,normal,162,0,1782360436.9436872,0.0021238327026367188
149949,normal,506,0,1782360436.9455519,0.0018646717071533203
149950,normal,439,0,1782360436.9476278,0.0020759105682373047
149951,normal,3096,1,1782360436.949653,0.002025127410888672
149952,normal,2148,0,1782360436.9515321,0.0018792152404785156
149953,normal,1998,0,1782360436.9536238,0.002091646194458008
149954,normal,2869,0,1782360436.955693,0.002069234848022461
149955,normal,1837,0,1782360436.957598,0.0019049644470214844
149956,normal,2252,0,1782360436.9599152,0.002317190170288086
149957,normal,430,0,1782360436.9615214,0.0016062259674072266
149958,normal,770,0,1782360436.9636886,0.002167224884033203
149959,normal,1511,0,1782360436.9655378,0.0018491744995117188
149960,normal,978,2,1782360436.9676378,0.0020999908447265625
149961,normal,2242,0,1782360436.9695234,0.0018856525421142578
149962,normal,2069,0,1782360436.9716127,0.002089262008666992
149963,normal,2550,0,1782360436.9736354,0.0020227432250976562
149964,normal,1508,0,1782360436.975602,0.0019664764404296875
149965,normal,1918,0,1782360436.977563,0.0019609928131103516
149966,normal,590,0,1782360436.9796853,0.0021224021911621094
149967,normal,1307,0,1782360436.981623,0.0019376277923583984
149968,normal,454,0,1782360436.9836202,0.001997232437133789
149969,normal,614,0,1782360436.9858935,0.0022733211517333984
149970,normal,2834,0,1782360436.9875546,0.001661062240600586
149971,normal,2008,0,1782360436.989694,0.002139568328857422
149972,normal,947,2,1782360436.991676,0.001981973648071289
149973,normal,929,2,1782360436.9937477,0.0020716190338134766
149974,normal,1292,0,1782360436.9954894,0.001741647720336914
149975,normal,3102,1,1782360436.9976387,0.002149343490600586
149976,normal,2567,0,1782360436.9995298,0.0018911361694335938
149977,normal,1898,0,1782360437.0016851,0.002155303955078125
149978,normal,2761,0,1782360437.0035098,0.0018246173858642578
149979,normal,1506,0,1782360437.0056348,0.0021250247955322266
149980,normal,964,2,1782360437.0075147,0.0018799304962158203
149981,normal,422,0,1782360437.009611,0.0020961761474609375
149982,normal,3444,0,1782360437.0115316,0.0019207000732421875
149983,normal,2462,0,1782360437.0140002,0.002468585968017578
149984,normal,3206,1,1782360437.0155675,0.0015673637390136719
149985,normal,3133,1,1782360437.0178826,0.002315044403076172
149986,normal,1315,0,1782360437.0203328,0.002450227737426758
149987,normal,1435,0,1782360437.0214586,0.0011258125305175781
149988,normal,312,0,1782360437.0235755,0.0021169185638427734
149989,normal,3294,1,1782360437.0255783,0.002002716064453125
149990,normal,1160,0,1782360437.0275307,0.0019524097442626953
149991,normal,1536,0,1782360437.0295918,0.002061128616333008
149992,normal,2579,0,1782360437.031511,0.0019192695617675781
149993,normal,1228,0,1782360437.0335214,0.002010345458984375
149994,normal,864,2,1782360437.0355186,0.001997232437133789
149995,normal,1679,0,1782360437.037493,0.001974344253540039
149996,normal,1016,2,1782360437.0396037,0.002110719680786133
149997,normal,3660,0,1782360437.0417156,0.0021119117736816406
149998,normal,2190,0,1782360437.0435562,0.0018405914306640625
149999,normal,3036,0,1782360437.0455308,0.0019745826721191406
150000,normal,2406,0,1782360437.0476415,0.002110719680786133
150001,normal,1935,0,1782360437.0496554,0.0020139217376708984
150002,normal,1619,0,1782360437.0521624,0.0025069713592529297
150003,normal,3600,0,1782360437.0536842,0.0015218257904052734
150004,normal,3494,0,1782360437.0554965,0.0018122196197509766
150005,normal,3382,1,1782360437.0578735,0.002377033233642578
150006,normal,1967,0,1782360437.0598607,0.0019872188568115234
150007,normal,681,0,1782360437.0616946,0.0018339157104492188
150008,normal,1545,0,1782360437.0637321,0.002037525177001953
150009,normal,113,0,1782360437.0658739,0.002141714096069336
150010,normal,584,0,1782360437.0675173,0.0016434192657470703
150011,normal,2177,0,1782360437.0696437,0.002126455307006836
150012,normal,2640,0,1782360437.0715337,0.001889944076538086
150013,normal,804,2,1782360437.0736377,0.002104043960571289
150014,normal,470,0,1782360437.0756547,0.0020170211791992188
150015,normal,214,0,1782360437.0775368,0.0018820762634277344
150016,normal,2868,0,1782360437.0796204,0.0020835399627685547
150017,normal,3129,1,1782360437.0816355,0.0020151138305664062
150018,normal,904,2,1782360437.0835662,0.0019307136535644531
150019,normal,457,0,1782360437.0856993,0.0021331310272216797
150020,normal,2612,0,1782360437.0876334,0.001934051513671875
150021,normal,771,0,1782360437.0896926,0.0020592212677001953
150022,normal,74,0,1782360437.091489,0.0017964839935302734
150023,normal,1760,0,1782360437.0937278,0.002238750457763672
150024,normal,948,2,1782360437.0956206,0.0018928050994873047
150025,normal,2632,0,1782360437.097586,0.0019652843475341797
150026,normal,147,0,1782360437.0996008,0.0020148754119873047
150027,normal,2506,0,1782360437.1015463,0.00194549560546875
150028,normal,968,2,1782360437.10351,0.0019636154174804688
150029,normal,1053,0,1782360437.105509,0.0019991397857666016
150030,normal,2609,0,1782360437.1074946,0.0019855499267578125
150031,normal,152,0,1782360437.1094966,0.0020020008087158203
150032,normal,2499,0,1782360437.111508,0.0020112991333007812
150033,normal,883,2,1782360437.1135497,0.0020418167114257812
150034,normal,943,2,1782360437.1154819,0.0019321441650390625
150035,normal,2045,0,1782360437.1176133,0.0021314620971679688
150036,normal,2331,0,1782360437.1195142,0.0019009113311767578
150037,normal,3107,1,1782360437.1214905,0.0019762516021728516
150038,normal,1989,0,1782360437.123481,0.0019905567169189453
150039,normal,963,2,1782360437.125485,0.002003908157348633
150040,normal,2711,0,1782360437.127481,0.0019960403442382812
150041,normal,1750,0,1782360437.129482,0.002001047134399414
150042,normal,3163,1,1782360437.1315317,0.002049684524536133
150043,normal,2572,0,1782360437.1335528,0.0020210742950439453
150044,normal,2261,0,1782360437.135554,0.0020012855529785156
150045,normal,654,0,1782360437.1375768,0.0020227432250976562
150046,normal,2515,0,1782360437.139498,0.0019211769104003906
150047,normal,232,0,1782360437.1414945,0.0019965171813964844
150048,normal,2154,0,1782360437.1435091,0.002014636993408203
150049,normal,3200,1,1782360437.1455166,0.0020074844360351562
150050,normal,1966,0,1782360437.1475077,0.0019910335540771484
150051,normal,432,0,1782360437.1494813,0.0019736289978027344
150052,normal,3103,1,1782360437.1514661,0.001984834671020508
150053,normal,1103,0,1782360437.1534913,0.002025127410888672
150054,normal,995,2,1782360437.1555943,0.002103090286254883
150055,normal,1008,2,1782360437.1575778,0.0019834041595458984
150056,normal,1886,0,1782360437.159565,0.0019872188568115234
150057,normal,1359,1,1782360437.1616254,0.002060413360595703
150058,normal,3509,0,1782360437.1635537,0.0019283294677734375
150059,normal,2157,0,1782360437.165602,0.0020482540130615234
150060,normal,1003,2,1782360437.1676111,0.002009153366088867
150061,normal,31,0,1782360437.1696048,0.0019936561584472656
150062,normal,305,0,1782360437.171465,0.0018601417541503906
150063,normal,1078,0,1782360437.1734633,0.001998424530029297
150064,normal,3459,0,1782360437.1754627,0.001999378204345703
150065,normal,2722,0,1782360437.177502,0.002039194107055664
150066,normal,3325,1,1782360437.1795695,0.00206756591796875
150067,normal,3460,0,1782360437.1814508,0.0018813610076904297
150068,normal,1580,0,1782360437.1834612,0.002010345458984375
150069,normal,1726,0,1782360437.1854503,0.001989126205444336
150070,normal,481,0,1782360437.1874485,0.0019981861114501953
150071,normal,2023,0,1782360437.1897447,0.0022962093353271484
150072,normal,1677,0,1782360437.191648,0.0019032955169677734
150073,normal,18,0,1782360437.1938202,0.002172231674194336
150074,normal,166,0,1782360437.195687,0.0018668174743652344
150075,normal,1083,0,1782360437.1976068,0.0019197463989257812
150076,normal,2921,0,1782360437.1995132,0.0019063949584960938
150077,normal,3629,0,1782360437.2016077,0.0020945072174072266
150078,normal,2689,0,1782360437.2036107,0.0020029544830322266
150079,normal,2928,0,1782360437.2058923,0.002281665802001953
150080,normal,2015,0,1782360437.207562,0.0016696453094482422
150081,normal,644,0,1782360437.209628,0.0020661354064941406
150082,normal,226,0,1782360437.2115407,0.0019125938415527344
150083,normal,3454,0,1782360437.2136137,0.002073049545288086
150084,normal,523,0,1782360437.2156217,0.0020079612731933594
150085,normal,566,0,1782360437.217522,0.0019001960754394531
150086,normal,789,2,1782360437.2195184,0.0019965171813964844
150087,normal,826,2,1782360437.2214806,0.0019621849060058594
150088,normal,2648,0,1782360437.2235496,0.0020689964294433594
150089,normal,3286,1,1782360437.225536,0.0019865036010742188
150090,normal,240,0,1782360437.2275398,0.0020036697387695312
150091,normal,2395,0,1782360437.2294695,0.0019297599792480469
150092,normal,3556,0,1782360437.2317243,0.0022547245025634766
150093,normal,3601,0,1782360437.233675,0.0019507408142089844
150094,normal,635,0,1782360437.2355955,0.001920461654663086
150095,normal,2143,0,1782360437.2376432,0.0020477771759033203
150096,normal,3046,1,1782360437.2395988,0.0019555091857910156
150097,normal,3115,1,1782360437.241483,0.0018842220306396484
150098,normal,416,0,1782360437.2435014,0.002018451690673828
150099,normal,2844,0,1782360437.245566,0.0020644664764404297
150100,normal,2405,0,1782360437.2475295,0.0019636154174804688
150101,normal,3110,1,1782360437.2497392,0.0022096633911132812
150102,normal,3182,1,1782360437.251552,0.0018129348754882812
150103,normal,3176,1,1782360437.2535276,0.001975536346435547
150104,normal,3514,0,1782360437.2556152,0.0020875930786132812
150105,normal,1186,0,1782360437.25765,0.0020346641540527344
150106,normal,3623,0,1782360437.2596016,0.0019516944885253906
150107,normal,3056,1,1782360437.261599,0.0019974708557128906
150108,normal,1598,0,1782360437.2635968,0.001997709274291992
150109,normal,950,2,1782360437.2655156,0.001918792724609375
150110,normal,2667,0,1782360437.2675629,0.002047300338745117
150111,normal,1208,0,1782360437.2697287,0.0021657943725585938
150112,normal,2951,0,1782360437.2715507,0.0018219947814941406
150113,normal,756,0,1782360437.2739236,0.0023729801177978516
150114,normal,3327,1,1782360437.2754488,0.0015251636505126953
150115,normal,3495,0,1782360437.2775493,0.0021004676818847656
150116,normal,2533,0,1782360437.2795384,0.001989126205444336
150117,normal,455,0,1782360437.281572,0.002033710479736328
150118,normal,2335,0,1782360437.2834687,0.0018966197967529297
150119,normal,934,2,1782360437.2855015,0.002032756805419922
150120,normal,3434,0,1782360437.2875075,0.002006053924560547
150121,normal,1901,0,1782360437.2895455,0.0020380020141601562
150122,normal,446,0,1782360437.2915537,0.002008199691772461
150123,normal,1195,0,1782360437.2934887,0.0019350051879882812
150124,normal,3550,0,1782360437.295527,0.002038240432739258
150125,normal,1395,0,1782360437.297501,0.0019741058349609375
150126,normal,3319,1,1782360437.2995036,0.0020024776458740234
150127,normal,1819,0,1782360437.3014867,0.001983165740966797
150128,normal,1756,0,1782360437.3035023,0.0020155906677246094
150129,normal,3161,1,1782360437.305535,0.002032756805419922
150130,normal,2596,0,1782360437.3074555,0.001920461654663086
150131,normal,2427,0,1782360437.3095064,0.0020508766174316406
150132,normal,1196,0,1782360437.3115797,0.0020732879638671875
150133,normal,2440,0,1782360437.3136325,0.002052783966064453
150134,normal,1184,0,1782360437.31551,0.0018775463104248047
150135,normal,3453,0,1782360437.3175108,0.0020008087158203125
150136,normal,608,0,1782360437.3195102,0.001999378204345703
150137,normal,3284,1,1782360437.3214746,0.0019643306732177734
150138,normal,1712,0,1782360437.323449,0.001974344253540039
150139,normal,3393,1,1782360437.3254888,0.0020399093627929688
150140,normal,2313,0,1782360437.3275197,0.0020308494567871094
150141,normal,2307,0,1782360437.3294764,0.0019567012786865234
150142,normal,336,0,1782360437.3314898,0.0020134449005126953
150143,normal,1512,0,1782360437.3335114,0.0020215511322021484
150144,normal,2856,0,1782360437.3355205,0.002009153366088867
150145,normal,882,2,1782360437.3376172,0.0020966529846191406
150146,normal,2048,0,1782360437.3395522,0.0019350051879882812
150147,normal,1906,0,1782360437.341531,0.0019788742065429688
150148,normal,3697,0,1782360437.3434813,0.0019502639770507812
150149,normal,3088,1,1782360437.3455698,0.0020885467529296875
150150,normal,3117,1,1782360437.3475988,0.002028942108154297
150151,normal,2741,0,1782360437.3498373,0.0022385120391845703
150152,normal,3048,1,1782360437.3516934,0.001856088638305664
150153,normal,840,2,1782360437.3537774,0.002084016799926758
150154,normal,2686,0,1782360437.355514,0.0017366409301757812
150155,normal,1927,0,1782360437.3576934,0.002179384231567383
150156,normal,2116,0,1782360437.3595803,0.0018868446350097656
150157,normal,1975,0,1782360437.3616157,0.002035379409790039
150158,normal,2121,0,1782360437.3636098,0.0019941329956054688
150159,normal,150,0,1782360437.3654928,0.0018830299377441406
150160,normal,304,0,1782360437.3676178,0.0021250247955322266
150161,normal,2877,0,1782360437.3698657,0.0022478103637695312
150162,normal,1422,0,1782360437.3720624,0.002196788787841797
150163,normal,870,2,1782360437.3735232,0.0014607906341552734
150164,normal,3420,0,1782360437.375626,0.0021028518676757812
150165,normal,2742,0,1782360437.3775136,0.0018875598907470703
150166,normal,264,0,1782360437.3796184,0.0021047592163085938
150167,normal,1467,0,1782360437.3816333,0.0020148754119873047
150168,normal,802,2,1782360437.383632,0.0019986629486083984
150169,normal,2647,0,1782360437.3855157,0.0018837451934814453
150170,normal,3429,0,1782360437.3876123,0.0020966529846191406
150171,normal,1295,0,1782360437.38951,0.001897573471069336
150172,normal,2324,0,1782360437.3916419,0.002131938934326172
150173,normal,3312,1,1782360437.3936532,0.0020112991333007812
150174,normal,3522,0,1782360437.39565,0.001996755599975586
150175,normal,1645,0,1782360437.3977041,0.0020542144775390625
150176,normal,382,0,1782360437.3996058,0.0019016265869140625
150177,normal,270,0,1782360437.401604,0.0019981861114501953
150178,normal,837,2,1782360437.4035947,0.001990795135498047
150179,normal,1777,0,1782360437.4057496,0.002154827117919922
150180,normal,2251,0,1782360437.4078553,0.002105712890625
150181,normal,1093,0,1782360437.4096513,0.0017960071563720703
150182,normal,730,0,1782360437.4117362,0.002084970474243164
150183,normal,78,0,1782360437.413786,0.002049684524536133
150184,normal,1038,0,1782360437.4158905,0.002104520797729492
150185,normal,1999,0,1782360437.4175873,0.0016968250274658203
150186,normal,2872,0,1782360437.4194987,0.0019114017486572266
150187,normal,493,0,1782360437.421563,0.002064228057861328
150188,normal,732,0,1782360437.4235456,0.0019826889038085938
150189,normal,125,0,1782360437.425639,0.0020933151245117188
150190,normal,1402,0,1782360437.4275305,0.0018916130065917969
150191,normal,3658,0,1782360437.4296348,0.0021042823791503906
150192,normal,103,0,1782360437.4315138,0.001878976821899414
150193,normal,3370,1,1782360437.4336333,0.0021195411682128906
150194,normal,1881,0,1782360437.435655,0.00202178955078125
150195,normal,352,0,1782360437.437631,0.0019757747650146484
150196,normal,2543,0,1782360437.4395947,0.0019638538360595703
150197,normal,15,0,1782360437.4416373,0.002042531967163086
150198,normal,1838,0,1782360437.443534,0.0018966197967529297
150199,normal,3341,1,1782360437.4456975,0.0021636486053466797
150200,normal,2105,0,1782360437.4475684,0.001870870590209961
150201,normal,199,0,1782360437.4496305,0.002062082290649414
150202,normal,2830,0,1782360437.4515097,0.0018792152404785156
150203,normal,1820,0,1782360437.4536269,0.002117156982421875
150204,normal,3678,0,1782360437.4555311,0.0019042491912841797
150205,normal,3670,0,1782360437.4576297,0.002098560333251953
150206,normal,3702,0,1782360437.4596286,0.0019989013671875
150207,normal,1972,0,1782360437.4615152,0.001886606216430664
150208,normal,3596,0,1782360437.463639,0.0021238327026367188
150209,normal,2258,0,1782360437.4656522,0.0020132064819335938
150210,normal,3175,1,1782360437.4675434,0.0018911361694335938
150211,normal,491,0,1782360437.4698255,0.0022821426391601562
150212,normal,1357,1,1782360437.4716363,0.0018107891082763672
150213,normal,2631,0,1782360437.4737518,0.002115488052368164
150214,normal,181,0,1782360437.4755366,0.0017848014831542969
150215,normal,954,2,1782360437.4777467,0.0022101402282714844
150216,normal,2097,0,1782360437.4796207,0.0018739700317382812
150217,normal,2096,0,1782360437.481609,0.0019884109497070312
150218,normal,56,0,1782360437.4836931,0.002084016799926758
150219,normal,1958,0,1782360437.4855828,0.0018897056579589844
150220,normal,3484,0,1782360437.4877198,0.0021369457244873047
150221,normal,1181,0,1782360437.4895308,0.0018110275268554688
150222,normal,3222,1,1782360437.491649,0.0021181106567382812
150223,normal,139,0,1782360437.4935534,0.0019044876098632812
150224,normal,2089,0,1782360437.4956214,0.002068042755126953
150225,normal,2181,0,1782360437.4974923,0.001870870590209961
150226,normal,3573,0,1782360437.4996126,0.0021202564239501953
150227,normal,1503,0,1782360437.5016177,0.0020051002502441406
150228,normal,1375,1,1782360437.503572,0.001954317092895508
150229,normal,2790,0,1782360437.505648,0.0020759105682373047
150230,normal,2720,0,1782360437.5077095,0.002061605453491211
150231,normal,253,0,1782360437.509633,0.0019235610961914062
150232,normal,1741,0,1782360437.5115902,0.0019571781158447266
150233,normal,337,0,1782360437.5137336,0.002143383026123047
150234,normal,525,0,1782360437.5155547,0.0018210411071777344
150235,normal,2864,0,1782360437.517756,0.0022013187408447266
150236,normal,884,2,1782360437.519713,0.001956939697265625
150237,normal,1428,0,1782360437.521499,0.0017859935760498047
150238,normal,2491,0,1782360437.5236106,0.002111673355102539
150239,normal,1699,0,1782360437.5256073,0.001996755599975586
150240,normal,1709,0,1782360437.5274882,0.0018808841705322266
150241,normal,2435,0,1782360437.5297613,0.002273082733154297
150242,normal,1071,0,1782360437.5314844,0.0017230510711669922
150243,normal,2385,0,1782360437.5336096,0.002125263214111328
150244,normal,3134,1,1782360437.5354886,0.001878976821899414
150245,normal,1401,0,1782360437.5376112,0.002122640609741211
150246,normal,3247,1,1782360437.5398612,0.0022499561309814453
150247,normal,3044,0,1782360437.541644,0.0017828941345214844
150248,normal,1189,0,1782360437.5437067,0.002062559127807617
150249,normal,743,0,1782360437.5456445,0.0019378662109375
150250,normal,1579,0,1782360437.5475106,0.0018661022186279297
150251,normal,2218,0,1782360437.5496573,0.0021467208862304688
150252,normal,1339,1,1782360437.5515175,0.0018601417541503906
150253,normal,1054,0,1782360437.5536356,0.0021181106567382812
150254,normal,1870,0,1782360437.5557353,0.002099752426147461
150255,normal,1064,0,1782360437.5575309,0.0017955303192138672
150256,normal,518,0,1782360437.5596097,0.0020787715911865234
150257,normal,1595,0,1782360437.5616517,0.002042055130004883
150258,normal,2945,0,1782360437.5635152,0.0018634796142578125
150259,normal,3111,1,1782360437.565641,0.0021257400512695312
150260,normal,2068,0,1782360437.567524,0.0018830299377441406
150261,normal,1120,0,1782360437.569706,0.0021820068359375
150262,normal,550,0,1782360437.5715177,0.0018117427825927734
150263,normal,2557,0,1782360437.573645,0.002127408981323242
150264,normal,236,0,1782360437.5757456,0.0021004676818847656
150265,normal,1940,0,1782360437.57816,0.0024144649505615234
150266,normal,3421,0,1782360437.5795767,0.0014166831970214844
150267,normal,3694,0,1782360437.5814998,0.0019230842590332031
150268,normal,1825,0,1782360437.5838904,0.002390623092651367
150269,normal,2488,0,1782360437.5857437,0.0018532276153564453
150270,normal,3519,0,1782360437.5878015,0.002057790756225586
150271,normal,3077,1,1782360437.5896444,0.0018429756164550781
150272,normal,2152,0,1782360437.5917947,0.002150297164916992
150273,normal,2958,0,1782360437.593525,0.001730203628540039
150274,normal,2387,0,1782360437.5955937,0.002068758010864258
150275,normal,1169,0,1782360437.5974994,0.001905679702758789
150276,normal,3066,1,1782360437.5996146,0.0021152496337890625
150277,normal,2229,0,1782360437.6014643,0.0018496513366699219
150278,normal,2451,0,1782360437.603516,0.002051830291748047
150279,normal,3015,0,1782360437.6054893,0.0019731521606445312
150280,normal,2905,0,1782360437.6074784,0.001989126205444336
150281,normal,1442,0,1782360437.609526,0.0020475387573242188
150282,normal,759,0,1782360437.6117074,0.002181529998779297
150283,normal,3100,1,1782360437.6135898,0.001882314682006836
150284,normal,897,2,1782360437.615735,0.0021452903747558594
150285,normal,1956,0,1782360437.6176972,0.0019621849060058594
150286,normal,1790,0,1782360437.620524,0.002826690673828125
150287,normal,2179,0,1782360437.6214614,0.0009374618530273438
150288,normal,2034,0,1782360437.6235418,0.0020804405212402344
150289,normal,937,2,1782360437.6255803,0.0020384788513183594
150290,normal,675,0,1782360437.6276553,0.0020749568939208984
150291,normal,2503,0,1782360437.6295063,0.0018510818481445312
150292,normal,471,0,1782360437.631625,0.0021185874938964844
150293,normal,2697,0,1782360437.633617,0.0019919872283935547
150294,normal,349,0,1782360437.6355026,0.0018856525421142578
150295,normal,2986,0,1782360437.6376393,0.002136707305908203
150296,normal,1466,0,1782360437.6396372,0.0019979476928710938
150297,normal,1314,0,1782360437.6415355,0.0018982887268066406
150298,normal,1895,0,1782360437.6436532,0.002117633819580078
150299,normal,2202,0,1782360437.6457207,0.00206756591796875
150300,normal,2147,0,1782360437.6475031,0.0017824172973632812
150301,normal,2553,0,1782360437.6496272,0.0021240711212158203
150302,normal,3419,0,1782360437.6516273,0.002000093460083008
150303,normal,393,0,1782360437.6534975,0.0018701553344726562
150304,normal,2824,0,1782360437.6556265,0.002129077911376953
150305,normal,1774,0,1782360437.6576324,0.0020058155059814453
150306,normal,3318,1,1782360437.6595554,0.0019230842590332031
150307,normal,2998,0,1782360437.661708,0.002152681350708008
150308,normal,2501,0,1782360437.66371,0.0020020008087158203
150309,normal,120,0,1782360437.6655662,0.001856088638305664
150310,normal,3311,1,1782360437.6676445,0.0020782947540283203
150311,normal,653,0,1782360437.6695192,0.001874685287475586
150312,normal,3281,1,1782360437.6717467,0.0022275447845458984
150313,normal,376,0,1782360437.6734984,0.0017516613006591797
150314,normal,579,0,1782360437.6756165,0.0021181106567382812
150315,normal,586,0,1782360437.677498,0.0018815994262695312
150316,normal,3143,1,1782360437.6796253,0.0021271705627441406
150317,normal,1658,0,1782360437.6817074,0.0020821094512939453
150318,normal,1893,0,1782360437.6835465,0.0018391609191894531
150319,normal,1672,0,1782360437.6857233,0.0021767616271972656
150320,normal,2093,0,1782360437.6875975,0.0018742084503173828
150321,normal,1863,0,1782360437.689784,0.0021865367889404297
150322,normal,3151,1,1782360437.6916351,0.0018510818481445312
150323,normal,1546,0,1782360437.6937892,0.002154111862182617
150324,normal,2517,0,1782360437.6957474,0.001958131790161133
150325,normal,247,0,1782360437.6974952,0.0017478466033935547
150326,normal,1661,0,1782360437.6996284,0.0021331310272216797
150327,normal,2847,0,1782360437.7014966,0.0018682479858398438
150328,normal,2620,0,1782360437.7036145,0.0021178722381591797
150329,normal,1542,0,1782360437.705785,0.002170562744140625
150330,normal,880,2,1782360437.7074857,0.0017006397247314453
150331,normal,1378,1,1782360437.7096028,0.002117156982421875
150332,normal,2941,0,1782360437.711603,0.002000093460083008
150333,normal,1818,0,1782360437.7134845,0.0018815994262695312
150334,normal,2365,0,1782360437.7157967,0.002312183380126953
150335,normal,3554,0,1782360437.7176363,0.0018396377563476562
150336,normal,1461,0,1782360437.7196438,0.0020074844360351562
150337,normal,497,0,1782360437.7217734,0.0021295547485351562
150338,normal,2775,0,1782360437.7235093,0.0017359256744384766
150339,normal,2311,0,1782360437.7256289,0.0021195411682128906
150340,normal,1332,1,1782360437.7275212,0.0018923282623291016
150341,normal,1140,0,1782360437.7296336,0.0021123886108398438
150342,normal,2698,0,1782360437.7316573,0.0020236968994140625
150343,normal,2745,0,1782360437.7335896,0.001932382583618164
150344,normal,2738,0,1782360437.7356088,0.002019166946411133
150345,normal,116,0,1782360437.7375033,0.0018944740295410156
150346,normal,2377,0,1782360437.7396252,0.0021219253540039062
150347,normal,3354,1,1782360437.7416372,0.002012014389038086
150348,normal,1782,0,1782360437.7435188,0.0018815994262695312
150349,normal,2613,0,1782360437.7456226,0.0021038055419921875
150350,normal,1297,0,1782360437.7476249,0.002002239227294922
150351,normal,2211,0,1782360437.7495277,0.0019028186798095703
150352,normal,3512,0,1782360437.751638,0.0021102428436279297
150353,normal,512,0,1782360437.7536194,0.001981496810913086
150354,normal,289,0,1782360437.755562,0.0019426345825195312
150355,normal,3290,1,1782360437.7577755,0.0022134780883789062
150356,normal,744,0,1782360437.7595854,0.001809835433959961
150357,normal,1493,0,1782360437.7617068,0.002121448516845703
150358,normal,3174,1,1782360437.7636068,0.0018999576568603516
150359,normal,2058,0,1782360437.7657187,0.0021119117736816406
150360,normal,1134,0,1782360437.7674925,0.001773834228515625
150361,normal,3524,0,1782360437.769624,0.0021314620971679688
150362,normal,2212,0,1782360437.7716498,0.0020258426666259766
150363,normal,188,0,1782360437.7735846,0.0019347667694091797
150364,normal,3572,0,1782360437.775737,0.0021524429321289062
150365,normal,3216,1,1782360437.777629,0.0018918514251708984
150366,normal,2767,0,1782360437.7797523,0.0021233558654785156
150367,normal,891,2,1782360437.7814882,0.0017359256744384766
150368,normal,123,0,1782360437.7836428,0.0021545886993408203
150369,normal,469,0,1782360437.7855604,0.0019176006317138672
150370,normal,1705,0,1782360437.7875733,0.002012968063354492
150371,normal,1415,0,1782360437.789612,0.002038717269897461
150372,normal,1229,0,1782360437.7915182,0.0019061565399169922
150373,normal,1056,0,1782360437.7936308,0.0021126270294189453
150374,normal,3309,1,1782360437.795708,0.0020771026611328125
150375,normal,649,0,1782360437.7975454,0.0018374919891357422
150376,normal,779,2,1782360437.800163,0.0026175975799560547
150377,normal,260,0,1782360437.801607,0.0014438629150390625
150378,normal,2061,0,1782360437.8036456,0.002038717269897461
150379,normal,1849,0,1782360437.8055098,0.0018641948699951172
150380,normal,127,0,1782360437.8076422,0.002132415771484375
150381,normal,901,2,1782360437.8095162,0.0018739700317382812
150382,normal,1364,1,1782360437.8116322,0.002115964889526367
150383,normal,709,0,1782360437.8136466,0.0020143985748291016
150384,normal,1230,0,1782360437.815614,0.0019674301147460938
150385,normal,443,0,1782360437.8176434,0.0020294189453125
150386,normal,1075,0,1782360437.8197172,0.0020737648010253906
150387,normal,339,0,1782360437.8215284,0.0018112659454345703
150388,normal,1520,0,1782360437.823629,0.0021004676818847656
150389,normal,2382,0,1782360437.8256292,0.0020003318786621094
150390,normal,1648,0,1782360437.827506,0.0018768310546875
150391,normal,623,0,1782360437.8296301,0.0021240711212158203
150392,normal,958,2,1782360437.8316245,0.0019943714141845703
150393,normal,1876,0,1782360437.8336537,0.0020291805267333984
150394,normal,1183,0,1782360437.8355775,0.0019237995147705078
150395,normal,2429,0,1782360437.8377955,0.002218008041381836
150396,normal,1207,0,1782360437.839522,0.001726388931274414
150397,normal,492,0,1782360437.8416398,0.0021178722381591797
150398,normal,3616,0,1782360437.8437042,0.0020644664764404297
150399,normal,1655,0,1782360437.8455124,0.00180816650390625
150400,normal,1944,0,1782360437.8476079,0.002095460891723633
150401,normal,1792,0,1782360437.8494773,0.0018694400787353516
150402,normal,527,0,1782360437.8516204,0.0021431446075439453
150403,normal,282,0,1782360437.8535237,0.0019032955169677734
150404,normal,341,0,1782360437.8557053,0.002181529998779297
150405,normal,3546,0,1782360437.8575618,0.0018565654754638672
150406,normal,365,0,1782360437.8597286,0.002166748046875
150407,normal,1706,0,1782360437.8616018,0.0018732547760009766
150408,normal,1119,0,1782360437.86369,0.0020880699157714844
150409,normal,2359,0,1782360437.865519,0.0018291473388671875
150410,normal,3324,1,1782360437.8677635,0.0022444725036621094
150411,normal,1126,0,1782360437.8696404,0.0018768310546875
150412,normal,395,0,1782360437.8715446,0.0019042491912841797
150413,normal,3516,0,1782360437.8736062,0.002061605453491211
150414,normal,2654,0,1782360437.8754857,0.0018794536590576172
150415,normal,2025,0,1782360437.8776088,0.002123117446899414
150416,normal,3668,0,1782360437.8796427,0.0020339488983154297
150417,normal,668,0,1782360437.8816588,0.0020160675048828125
150418,normal,3172,1,1782360437.883492,0.001833200454711914
150419,normal,511,0,1782360437.8856153,0.0021233558654785156
150420,normal,890,2,1782360437.8874955,0.0018801689147949219
150421,normal,2319,0,1782360437.8896132,0.002117633819580078
150422,normal,3199,1,1782360437.8918917,0.002278566360473633
150423,normal,2459,0,1782360437.8939106,0.0020189285278320312
150424,normal,408,0,1782360437.895573,0.0016622543334960938
150425,normal,348,0,1782360437.897641,0.002068042755126953
150426,normal,299,0,1782360437.899503,0.0018620491027832031
150427,normal,2674,0,1782360437.9016206,0.002117633819580078
150428,normal,47,0,1782360437.9036257,0.0020051002502441406
150429,normal,2269,0,1782360437.905778,0.0021522045135498047
150430,normal,2029,0,1782360437.9074917,0.0017137527465820312
150431,normal,2706,0,1782360437.909613,0.0021212100982666016
150432,normal,1197,0,1782360437.911579,0.0019659996032714844
150433,normal,796,2,1782360437.9136193,0.002040386199951172
150434,normal,2822,0,1782360437.915651,0.0020318031311035156
150435,normal,1995,0,1782360437.9178832,0.002232074737548828
150436,normal,2815,0,1782360437.9197276,0.0018444061279296875
150437,normal,54,0,1782360437.9217262,0.0019986629486083984
150438,normal,618,0,1782360437.9235945,0.0018682479858398438
150439,normal,1524,0,1782360437.925774,0.0021796226501464844
150440,normal,1739,0,1782360437.92762,0.0018458366394042969
150441,normal,24,0,1782360437.9299357,0.0023157596588134766
150442,normal,2298,0,1782360437.9317248,0.001789093017578125
150443,normal,2295,0,1782360437.933702,0.001977205276489258
150444,normal,2144,0,1782360437.935859,0.002156972885131836
150445,normal,2095,0,1782360437.937869,0.0020101070404052734
150446,normal,1562,0,1782360437.9395494,0.0016803741455078125
150447,normal,3404,0,1782360437.9416173,0.0020678043365478516
150448,normal,1530,0,1782360437.943494,0.0018768310546875
150449,normal,189,0,1782360437.9456105,0.0021164417266845703
150450,normal,1683,0,1782360437.9475098,0.0018992424011230469
150451,normal,3276,1,1782360437.9497619,0.0022521018981933594
150452,normal,2724,0,1782360437.9515188,0.001756906509399414
150453,normal,2623,0,1782360437.9536288,0.002110004425048828
150454,normal,2364,0,1782360437.9555018,0.001873016357421875
150455,normal,2639,0,1782360437.9576492,0.0021474361419677734
150456,normal,841,2,1782360437.9595702,0.001920938491821289
150457,normal,498,0,1782360437.961714,0.00214385986328125
150458,normal,791,2,1782360437.96369,0.00197601318359375
150459,normal,2785,0,1782360437.9655044,0.0018143653869628906
150460,normal,3099,1,1782360437.9676557,0.0021512508392333984
150461,normal,3510,0,1782360437.969694,0.002038240432739258
150462,normal,1780,0,1782360437.9715846,0.0018906593322753906
150463,normal,3566,0,1782360437.973657,0.0020723342895507812
150464,normal,1381,1,1782360437.9756248,0.001967906951904297
150465,normal,778,2,1782360437.977519,0.001894235610961914
150466,normal,2811,0,1782360437.979632,0.002112865447998047
150467,normal,2975,0,1782360437.9816222,0.0019903182983398438
150468,normal,2556,0,1782360437.9835155,0.0018932819366455078
150469,normal,1633,0,1782360437.9856489,0.0021333694458007812
150470,normal,2141,0,1782360437.9876478,0.0019989013671875
150471,normal,2849,0,1782360437.989533,0.0018851757049560547
150472,normal,1738,0,1782360437.9917326,0.0021996498107910156
150473,normal,2227,0,1782360437.9935334,0.0018007755279541016
150474,normal,3394,1,1782360437.9956229,0.0020895004272460938
150475,normal,534,0,1782360437.9975138,0.0018908977508544922
150476,normal,3689,0,1782360437.9996252,0.0021114349365234375
150477,normal,192,0,1782360438.00151,0.0018846988677978516
150478,normal,2511,0,1782360438.0036254,0.002115488052368164
150479,normal,1278,0,1782360438.0056574,0.002032041549682617
150480,normal,3258,1,1782360438.0075705,0.0019130706787109375
150481,normal,58,0,1782360438.0097668,0.0021963119506835938
150482,normal,1489,0,1782360438.0115266,0.0017597675323486328
150483,normal,2316,0,1782360438.0136468,0.0021202564239501953
150484,normal,2291,0,1782360438.0156045,0.0019576549530029297
150485,normal,3255,1,1782360438.017624,0.0020194053649902344
150486,normal,1752,0,1782360438.0194907,0.0018668174743652344
150487,normal,1285,0,1782360438.0216215,0.002130746841430664
150488,normal,258,0,1782360438.0236194,0.0019979476928710938
150489,normal,410,0,1782360438.0255816,0.0019621849060058594
150490,normal,2601,0,1782360438.0276942,0.0021126270294189453
150491,normal,2855,0,1782360438.0296926,0.001998424530029297
150492,normal,1382,0,1782360438.031622,0.0019292831420898438
150493,normal,3274,1,1782360438.0336068,0.001984834671020508
150494,normal,918,2,1782360438.0357857,0.0021789073944091797
150495,normal,2417,0,1782360438.0375564,0.0017707347869873047
150496,normal,2287,0,1782360438.0397549,0.002198457717895508
150497,normal,3597,0,1782360438.0416434,0.0018885135650634766
150498,normal,106,0,1782360438.0435536,0.0019102096557617188
150499,normal,1864,0,1782360438.0456212,0.00206756591796875
150500,normal,2171,0,1782360438.047614,0.001992940902709961
150501,normal,1459,0,1782360438.0495994,0.001985311508178711
150502,normal,568,0,1782360438.0516827,0.002083301544189453
150503,normal,2740,0,1782360438.053609,0.0019261837005615234
150504,normal,2606,0,1782360438.05549,0.0018811225891113281
150505,normal,496,0,1782360438.0576077,0.002117633819580078
150506,normal,836,2,1782360438.0596094,0.0020017623901367188
150507,normal,2656,0,1782360438.0616992,0.0020897388458251953
150508,normal,2137,0,1782360438.0637054,0.0020062923431396484
150509,normal,98,0,1782360438.0657141,0.002008676528930664
150510,normal,1082,0,1782360438.0678518,0.0021376609802246094
150511,normal,541,0,1782360438.069497,0.0016453266143798828
150512,normal,2255,0,1782360438.0716388,0.002141714096069336
150513,normal,45,0,1782360438.0735214,0.0018825531005859375
150514,normal,2051,0,1782360438.0756373,0.002115964889526367
150515,normal,1242,0,1782360438.0777605,0.002123117446899414
150516,normal,2222,0,1782360438.0796204,0.001859903335571289
150517,normal,3679,0,1782360438.0815,0.0018796920776367188
150518,normal,6,0,1782360438.0836244,0.002124309539794922
150519,normal,61,0,1782360438.085518,0.0018935203552246094
150520,normal,686,0,1782360438.0876443,0.002126455307006836
150521,normal,2334,0,1782360438.0896363,0.0019919872283935547
150522,normal,2475,0,1782360438.091572,0.001935720443725586
150523,normal,2484,0,1782360438.0936596,0.0020875930786132812
150524,normal,411,0,1782360438.0956333,0.0019736289978027344
150525,normal,2032,0,1782360438.0975893,0.0019559860229492188
150526,normal,2102,0,1782360438.1002092,0.0026199817657470703
150527,normal,1360,1,1782360438.1018717,0.0016624927520751953
150528,normal,406,0,1782360438.1037476,0.0018758773803710938
150529,normal,1041,0,1782360438.1056497,0.0019021034240722656
150530,normal,3106,1,1782360438.1078987,0.002249002456665039
150531,normal,1187,0,1782360438.1096942,0.0017955303192138672
150532,normal,2454,0,1782360438.1118762,0.0021820068359375
150533,normal,451,0,1782360438.1139069,0.002030611038208008
150534,normal,1476,0,1782360438.1155214,0.0016145706176757812
150535,normal,2254,0,1782360438.1174986,0.001977205276489258
150536,normal,1871,0,1782360438.119635,0.0021364688873291016
150537,normal,1343,1,1782360438.1216083,0.0019731521606445312
150538,normal,1753,0,1782360438.1235247,0.0019164085388183594
150539,normal,1253,0,1782360438.1256452,0.002120494842529297
150540,normal,2694,0,1782360438.1275468,0.0019016265869140625
150541,normal,136,0,1782360438.1295,0.001953125
150542,normal,760,0,1782360438.1315782,0.0020782947540283203
150543,normal,2787,0,1782360438.133611,0.002032756805419922
150544,normal,1335,1,1782360438.1355577,0.0019466876983642578
150545,normal,3637,0,1782360438.1377337,0.002176046371459961
150546,normal,828,2,1782360438.1395607,0.0018270015716552734
150547,normal,3432,0,1782360438.1415153,0.0019545555114746094
150548,normal,3261,1,1782360438.143575,0.0020596981048583984
150549,normal,1883,0,1782360438.1455472,0.001972198486328125
150550,normal,1722,0,1782360438.1475718,0.0020246505737304688
150551,normal,1464,0,1782360438.1495833,0.002011537551879883
150552,normal,297,0,1782360438.1516428,0.002059459686279297
150553,normal,1086,0,1782360438.153582,0.0019392967224121094
150554,normal,581,0,1782360438.1556354,0.0020532608032226562
150555,normal,2653,0,1782360438.1577148,0.002079486846923828
150556,normal,2889,0,1782360438.1595247,0.001809835433959961
150557,normal,3430,0,1782360438.1616368,0.002112150192260742
150558,normal,2352,0,1782360438.1635246,0.0018877983093261719
150559,normal,1379,1,1782360438.165775,0.0022504329681396484
150560,normal,724,0,1782360438.1676795,0.0019044876098632812
150561,normal,288,0,1782360438.1696417,0.0019621849060058594
150562,normal,494,0,1782360438.17162,0.001978158950805664
150563,normal,2504,0,1782360438.1737518,0.002131938934326172
150564,normal,2521,0,1782360438.1756303,0.001878499984741211
150565,normal,256,0,1782360438.1777558,0.0021255016326904297
150566,normal,385,0,1782360438.179643,0.0018870830535888672
150567,normal,1495,0,1782360438.18182,0.002177000045776367
150568,normal,1821,0,1782360438.1835873,0.0017673969268798828
150569,normal,599,0,1782360438.1858253,0.002238035202026367
150570,normal,1518,0,1782360438.187558,0.0017325878143310547
150571,normal,2563,0,1782360438.1897666,0.002208709716796875
150572,normal,1804,0,1782360438.1916416,0.0018749237060546875
150573,normal,2627,0,1782360438.1937897,0.002148151397705078
150574,normal,3296,1,1782360438.1956184,0.0018286705017089844
150575,normal,1025,2,1782360438.197755,0.002136707305908203
150576,normal,3682,0,1782360438.1996152,0.0018601417541503906
150577,normal,1299,0,1782360438.2017581,0.0021429061889648438
150578,normal,2917,0,1782360438.203723,0.0019648075103759766
150579,normal,1581,0,1782360438.2055573,0.0018343925476074219
150580,normal,277,0,1782360438.207811,0.0022537708282470703
150581,normal,2183,0,1782360438.2097642,0.001953125
150582,normal,158,0,1782360438.2117026,0.0019383430480957031
150583,normal,1591,0,1782360438.2137892,0.002086639404296875
150584,normal,2167,0,1782360438.2158065,0.0020172595977783203
150585,normal,1179,0,1782360438.2177405,0.001934051513671875
150586,normal,589,0,1782360438.2196248,0.0018842220306396484
150587,normal,3144,1,1782360438.2217457,0.0021209716796875
150588,normal,3591,0,1782360438.2236133,0.001867532730102539
150589,normal,2529,0,1782360438.2257428,0.0021295547485351562
150590,normal,1919,0,1782360438.227871,0.002128124237060547
150591,normal,1245,0,1782360438.2295158,0.0016448497772216797
150592,normal,938,2,1782360438.2317283,0.0022125244140625
150593,normal,1835,0,1782360438.233624,0.0018956661224365234
150594,normal,3362,1,1782360438.23563,0.002006053924560547
150595,normal,1922,0,1782360438.2380006,0.002370595932006836
150596,normal,1599,0,1782360438.2397873,0.0017867088317871094
150597,normal,785,2,1782360438.241659,0.0018715858459472656
150598,normal,1178,0,1782360438.2436912,0.0020322799682617188
150599,normal,3112,1,1782360438.245711,0.0020198822021484375
150600,normal,2043,0,1782360438.2475882,0.0018770694732666016
150601,normal,1239,0,1782360438.2496338,0.0020456314086914062
150602,normal,3264,1,1782360438.2516544,0.002020597457885742
150603,normal,1451,0,1782360438.2537034,0.002048969268798828
150604,normal,2826,0,1782360438.2555568,0.0018534660339355469
150605,normal,2003,0,1782360438.257636,0.0020792484283447266
150606,normal,690,0,1782360438.2595296,0.0018935203552246094
150607,normal,2771,0,1782360438.2616303,0.002100706100463867
150608,normal,2565,0,1782360438.2636862,0.0020558834075927734
150609,normal,894,2,1782360438.2655535,0.0018672943115234375
150610,normal,2863,0,1782360438.267615,0.002061605453491211
150611,normal,2598,0,1782360438.269659,0.0020439624786376953
150612,normal,2730,0,1782360438.271579,0.0019199848175048828
150613,normal,424,0,1782360438.2735682,0.001989126205444336
150614,normal,2642,0,1782360438.2755387,0.001970529556274414
150615,normal,1030,0,1782360438.2775214,0.0019826889038085938
150616,normal,808,2,1782360438.2796319,0.0021104812622070312
150617,normal,2602,0,1782360438.2818148,0.0021829605102539062
150618,normal,3094,1,1782360438.2835622,0.0017473697662353516
150619,normal,3323,1,1782360438.2855988,0.002036571502685547
150620,normal,2752,0,1782360438.2876337,0.002034902572631836
150621,normal,825,2,1782360438.2895641,0.0019304752349853516
150622,normal,977,2,1782360438.2916148,0.002050638198852539
150623,normal,1988,0,1782360438.2937176,0.0021028518676757812
150624,normal,1427,0,1782360438.2955918,0.0018742084503173828
150625,normal,1286,0,1782360438.297707,0.0021152496337890625
150626,normal,2465,0,1782360438.2998781,0.002171039581298828
150627,normal,65,0,1782360438.3018405,0.001962423324584961
150628,normal,318,0,1782360438.3035233,0.0016827583312988281
150629,normal,320,0,1782360438.3055713,0.002048015594482422
150630,normal,3201,1,1782360438.3078427,0.002271413803100586
150631,normal,1567,0,1782360438.3097425,0.00189971923828125
150632,normal,1157,0,1782360438.311697,0.0019545555114746094
150633,normal,2467,0,1782360438.3135839,0.0018868446350097656
150634,normal,1035,0,1782360438.3155246,0.0019407272338867188
150635,normal,651,0,1782360438.3175716,0.0020470619201660156
150636,normal,3031,0,1782360438.3196495,0.002077817916870117
150637,normal,510,0,1782360438.3218727,0.0022232532501220703
150638,normal,1620,0,1782360438.3235223,0.001649618148803711
150639,normal,3686,0,1782360438.3255596,0.0020372867584228516
150640,normal,2659,0,1782360438.3275092,0.0019495487213134766
150641,normal,3049,1,1782360438.3297067,0.0021975040435791016
150642,normal,1769,0,1782360438.331547,0.001840353012084961
150643,normal,2370,0,1782360438.3335135,0.0019664764404296875
150644,normal,444,0,1782360438.3356898,0.0021762847900390625
150645,normal,2263,0,1782360438.3377259,0.0020360946655273438
150646,normal,3262,1,1782360438.3395197,0.0017938613891601562
150647,normal,95,0,1782360438.3417544,0.0022346973419189453
150648,normal,3153,1,1782360438.3435516,0.0017971992492675781
150649,normal,592,0,1782360438.345632,0.0020804405212402344
150650,normal,3109,1,1782360438.3476508,0.0020186901092529297
150651,normal,1107,0,1782360438.349682,0.0020313262939453125
150652,normal,1040,0,1782360438.3515472,0.0018651485443115234
150653,normal,1444,0,1782360438.3536136,0.002066373825073242
150654,normal,3221,1,1782360438.3556883,0.002074718475341797
150655,normal,3594,0,1782360438.3575733,0.0018849372863769531
150656,normal,1613,0,1782360438.3599298,0.0023565292358398438
150657,normal,3425,0,1782360438.3615248,0.0015950202941894531
150658,normal,3505,0,1782360438.3636081,0.002083301544189453
150659,normal,380,0,1782360438.3656132,0.0020051002502441406
150660,normal,1251,0,1782360438.3676856,0.0020723342895507812
150661,normal,1806,0,1782360438.3694806,0.001795053482055664
150662,normal,3478,0,1782360438.3715758,0.0020952224731445312
150663,normal,936,2,1782360438.3736403,0.0020644664764404297
150664,normal,517,0,1782360438.3755987,0.0019583702087402344
150665,normal,2237,0,1782360438.3776345,0.002035856246948242
150666,normal,3352,1,1782360438.3795762,0.001941680908203125
150667,normal,798,2,1782360438.3816295,0.0020532608032226562
150668,normal,916,2,1782360438.3837018,0.0020723342895507812
150669,normal,2926,0,1782360438.3857503,0.002048492431640625
150670,normal,3260,1,1782360438.3876283,0.0018780231475830078
150671,normal,3202,1,1782360438.389626,0.001997709274291992
150672,normal,1596,0,1782360438.3917637,0.0021376609802246094
150673,normal,68,0,1782360438.3935838,0.0018200874328613281
150674,normal,2011,0,1782360438.3955724,0.001988649368286133
150675,normal,3253,1,1782360438.3976269,0.002054452896118164
150676,normal,2669,0,1782360438.399571,0.0019440650939941406
150677,normal,1570,0,1782360438.401575,0.0020041465759277344
150678,normal,222,0,1782360438.4037066,0.0021314620971679688
150679,normal,1531,0,1782360438.4054954,0.0017888545989990234
150680,normal,3287,1,1782360438.4075694,0.002074003219604492
150681,normal,489,0,1782360438.4096227,0.0020532608032226562
150682,normal,2001,0,1782360438.411571,0.0019483566284179688
150683,normal,39,0,1782360438.4136863,0.0021152496337890625
150684,normal,3317,1,1782360438.4159212,0.002234935760498047
150685,normal,3359,1,1782360438.417566,0.0016448497772216797
150686,normal,3136,1,1782360438.4195907,0.0020246505737304688
150687,normal,596,0,1782360438.421629,0.002038240432739258
150688,normal,830,2,1782360438.4235773,0.0019483566284179688
150689,normal,332,0,1782360438.4255831,0.0020058155059814453
150690,normal,627,0,1782360438.427759,0.0021758079528808594
150691,normal,515,0,1782360438.4295034,0.0017445087432861328
150692,normal,957,2,1782360438.4316392,0.002135753631591797
150693,normal,1273,0,1782360438.433635,0.0019958019256591797
150694,normal,869,2,1782360438.435623,0.001987934112548828
150695,normal,2197,0,1782360438.4376085,0.0019855499267578125
150696,normal,1261,0,1782360438.4397507,0.002142190933227539
150697,normal,3197,1,1782360438.441808,0.002057313919067383
150698,normal,1131,0,1782360438.4437087,0.0019006729125976562
150699,normal,1070,0,1782360438.445588,0.0018794536590576172
150700,normal,3655,0,1782360438.4476914,0.0021033287048339844
150701,normal,1409,0,1782360438.4496992,0.002007722854614258
150702,normal,1492,0,1782360438.4517772,0.0020780563354492188
150703,normal,3228,1,1782360438.4537618,0.0019845962524414062
150704,normal,2938,0,1782360438.4556887,0.0019268989562988281
150705,normal,813,2,1782360438.4575355,0.0018467903137207031
150706,normal,728,0,1782360438.459951,0.0024154186248779297
150707,normal,2138,0,1782360438.461724,0.0017731189727783203
150708,normal,2191,0,1782360438.4635623,0.0018382072448730469
150709,normal,463,0,1782360438.4656398,0.0020775794982910156
150710,normal,2441,0,1782360438.4676025,0.0019626617431640625
150711,normal,993,2,1782360438.4697866,0.002184152603149414
150712,normal,528,0,1782360438.471644,0.0018572807312011719
150713,normal,1457,0,1782360438.473636,0.0019919872283935547
150714,normal,1376,1,1782360438.4755392,0.0019032955169677734
150715,normal,3461,0,1782360438.4777398,0.002200603485107422
150716,normal,2591,0,1782360438.479645,0.001905202865600586
150717,normal,2649,0,1782360438.4818041,0.00215911865234375
150718,normal,2267,0,1782360438.483716,0.0019118785858154297
150719,normal,2380,0,1782360438.4858263,0.0021102428436279297
150720,normal,2805,0,1782360438.48751,0.0016837120056152344
150721,normal,2492,0,1782360438.489786,0.0022759437561035156
150722,normal,384,0,1782360438.4916887,0.0019028186798095703
150723,normal,2134,0,1782360438.4938593,0.002170562744140625
150724,normal,848,2,1782360438.49595,0.0020906925201416016
150725,normal,2589,0,1782360438.4985633,0.0026133060455322266
150726,normal,2744,0,1782360438.4995146,0.0009512901306152344
150727,normal,616,0,1782360438.501795,0.0022804737091064453
150728,normal,2169,0,1782360438.5038142,0.002019166946411133
150729,normal,1112,0,1782360438.505514,0.001699686050415039
150730,normal,2173,0,1782360438.5076194,0.0021054744720458984
150731,normal,1438,0,1782360438.5095809,0.0019614696502685547
150732,normal,1711,0,1782360438.5115626,0.0019817352294921875
150733,normal,2804,0,1782360438.5135915,0.002028942108154297
150734,normal,1028,2,1782360438.5159152,0.002323627471923828
150735,normal,2531,0,1782360438.5181878,0.0022726058959960938
150736,normal,57,0,1782360438.5196846,0.0014967918395996094
150737,normal,109,0,1782360438.5218747,0.002190113067626953
150738,normal,346,0,1782360438.5236099,0.0017352104187011719
150739,normal,549,0,1782360438.5258412,0.0022313594818115234
150740,normal,639,0,1782360438.5277145,0.0018732547760009766
150741,normal,3027,0,1782360438.5297544,0.0020399093627929688
150742,normal,595,0,1782360438.5317113,0.001956939697265625
150743,normal,2209,0,1782360438.533917,0.0022056102752685547
150744,normal,767,0,1782360438.5357003,0.0017833709716796875
150745,normal,2583,0,1782360438.5383449,0.0026445388793945312
150746,normal,325,0,1782360438.5396385,0.0012936592102050781
150747,normal,3598,0,1782360438.5418563,0.0022177696228027344
150748,normal,951,2,1782360438.543568,0.0017116069793701172
150749,normal,1256,0,1782360438.5459507,0.0023827552795410156
150750,normal,2899,0,1782360438.547625,0.0016744136810302734
150751,normal,456,0,1782360438.549714,0.0020890235900878906
150752,normal,69,0,1782360438.5517035,0.0019893646240234375
150753,normal,1429,0,1782360438.5535417,0.0018382072448730469
150754,normal,3209,1,1782360438.5558093,0.002267599105834961
150755,normal,1600,0,1782360438.5577135,0.0019042491912841797
150756,normal,1617,0,1782360438.5596118,0.0018982887268066406
150757,normal,286,0,1782360438.5616899,0.0020780563354492188
150758,normal,2028,0,1782360438.5638573,0.0021674633026123047
150759,normal,2710,0,1782360438.5658894,0.002032041549682617
150760,normal,2348,0,1782360438.5677404,0.0018510818481445312
150761,normal,731,0,1782360438.5699096,0.0021691322326660156
150762,normal,2315,0,1782360438.5718057,0.0018961429595947266
150763,normal,85,0,1782360438.5738971,0.0020914077758789062
150764,normal,3076,1,1782360438.5758266,0.0019295215606689453
150765,normal,2996,0,1782360438.5775936,0.0017669200897216797
150766,normal,3520,0,1782360438.5799067,0.0023131370544433594
150767,normal,1707,0,1782360438.5817335,0.0018267631530761719
150768,normal,2561,0,1782360438.5836136,0.0018801689147949219
150769,normal,64,0,1782360438.586006,0.002392292022705078
150770,normal,720,0,1782360438.5876892,0.0016832351684570312
150771,normal,344,0,1782360438.5897136,0.002024412155151367
150772,normal,1014,2,1782360438.5923278,0.002614259719848633
150773,normal,1111,0,1782360438.594172,0.001844167709350586
150774,normal,2508,0,1782360438.5961368,0.0019648075103759766
150775,normal,41,0,1782360438.5987155,0.0025787353515625
150776,normal,2057,0,1782360438.6020305,0.003314971923828125
150777,normal,1347,1,1782360438.602227,0.0001964569091796875
150778,normal,464,0,1782360438.6037962,0.0015692710876464844
150779,normal,1766,0,1782360438.605802,0.0020058155059814453
150780,normal,1507,0,1782360438.6078954,0.0020933151245117188
150781,normal,3050,1,1782360438.6097677,0.0018723011016845703
150782,normal,587,0,1782360438.6117375,0.0019698143005371094
150783,normal,445,0,1782360438.6135943,0.0018568038940429688
150784,normal,3643,0,1782360438.6158905,0.0022962093353271484
150785,normal,2729,0,1782360438.6178758,0.001985311508178711
150786,normal,3630,0,1782360438.6201167,0.002240896224975586
150787,normal,1532,0,1782360438.621753,0.0016362667083740234
150788,normal,1704,0,1782360438.6237617,0.002008676528930664
150789,normal,1128,0,1782360438.625589,0.001827239990234375
150790,normal,1802,0,1782360438.6277297,0.0021407604217529297
150791,normal,1813,0,1782360438.629862,0.002132415771484375
150792,normal,2661,0,1782360438.6315625,0.0017004013061523438
150793,normal,3622,0,1782360438.6339564,0.002393960952758789
150794,normal,2065,0,1782360438.6357136,0.0017571449279785156
150795,normal,1092,0,1782360438.637609,0.0018954277038574219
150796,normal,421,0,1782360438.639593,0.0019838809967041016
150797,normal,607,0,1782360438.6417475,0.0021545886993408203
150798,normal,8,0,1782360438.643964,0.0022165775299072266
150799,normal,2797,0,1782360438.6462426,0.002278566360473633
150800,normal,1943,0,1782360438.647873,0.0016303062438964844
150801,normal,495,0,1782360438.650941,0.0030679702758789062
150802,normal,389,0,1782360438.6515877,0.0006468296051025391
150803,normal,3310,1,1782360438.653911,0.0023233890533447266
150804,normal,1746,0,1782360438.65581,0.0018990039825439453
150805,normal,3329,1,1782360438.657521,0.0017108917236328125
150806,normal,324,0,1782360438.6596794,0.0021584033966064453
150807,normal,3051,1,1782360438.661611,0.0019316673278808594
150808,normal,204,0,1782360438.663559,0.0019478797912597656
150809,normal,914,2,1782360438.6656005,0.0020415782928466797
150810,normal,245,0,1782360438.6676433,0.0020427703857421875
150811,normal,1755,0,1782360438.6697032,0.0020599365234375
150812,normal,1246,0,1782360438.6715713,0.0018680095672607422
150813,normal,2400,0,1782360438.6738257,0.002254486083984375
150814,normal,2158,0,1782360438.6755552,0.0017294883728027344
150815,normal,433,0,1782360438.6775599,0.0020046234130859375
150816,normal,138,0,1782360438.679536,0.0019762516021728516
150817,normal,1458,0,1782360438.6815448,0.002008676528930664
150818,normal,3191,1,1782360438.683566,0.002021312713623047
150819,normal,1675,0,1782360438.686054,0.0024878978729248047
150820,normal,1430,0,1782360438.6877403,0.0016863346099853516
150821,normal,1433,0,1782360438.6896389,0.0018985271453857422
150822,normal,1213,0,1782360438.6915557,0.0019168853759765625
150823,normal,14,0,1782360438.6937265,0.0021708011627197266
150824,normal,3666,0,1782360438.695603,0.0018763542175292969
150825,normal,1576,0,1782360438.697629,0.002026081085205078
150826,normal,3030,0,1782360438.6996846,0.002055644989013672
150827,normal,1856,0,1782360438.7021203,0.0024356842041015625
150828,normal,887,2,1782360438.7035985,0.0014781951904296875
150829,normal,1519,0,1782360438.7058191,0.002220630645751953
150830,normal,552,0,1782360438.707578,0.0017588138580322266
150831,normal,2670,0,1782360438.7095883,0.002010345458984375
150832,normal,1194,0,1782360438.7117345,0.0021462440490722656
150833,normal,1391,0,1782360438.7135575,0.0018229484558105469
150834,normal,1388,0,1782360438.7155514,0.001993894577026367
150835,normal,335,0,1782360438.7179651,0.0024137496948242188
150836,normal,2262,0,1782360438.7196581,0.0016930103302001953
150837,normal,1000,2,1782360438.721584,0.0019259452819824219
150838,normal,1313,0,1782360438.723804,0.0022199153900146484
150839,normal,1554,0,1782360438.7255363,0.0017323493957519531
150840,normal,805,2,1782360438.7277102,0.002173900604248047
150841,normal,1163,0,1782360438.7295465,0.0018362998962402344
150842,normal,2636,0,1782360438.7317095,0.002162933349609375
150843,normal,3700,0,1782360438.7338378,0.0021283626556396484
150844,normal,3069,1,1782360438.735765,0.0019271373748779297
150845,normal,2017,0,1782360438.7376213,0.0018563270568847656
150846,normal,1982,0,1782360438.7397943,0.0021729469299316406
150847,normal,2401,0,1782360438.7417595,0.0019652843475341797
150848,normal,1257,0,1782360438.7437365,0.0019769668579101562
150849,normal,3159,1,1782360438.745977,0.002240419387817383
150850,normal,1068,0,1782360438.7478828,0.0019059181213378906
150851,normal,1231,0,1782360438.7497997,0.0019168853759765625
150852,normal,1447,0,1782360438.7517996,0.0019998550415039062
150853,normal,3344,1,1782360438.7539287,0.002129077911376953
150854,normal,2794,0,1782360438.756005,0.002076387405395508
150855,normal,2862,0,1782360438.7577665,0.0017614364624023438
150856,normal,799,2,1782360438.759518,0.0017514228820800781
150857,normal,1345,1,1782360438.7617154,0.0021975040435791016
150858,normal,1356,1,1782360438.7637463,0.0020308494567871094
150859,normal,2944,0,1782360438.765846,0.002099752426147461
150860,normal,3289,1,1782360438.7676897,0.0018436908721923828
150861,normal,326,0,1782360438.7697825,0.0020928382873535156
150862,normal,1908,0,1782360438.7717113,0.0019288063049316406
150863,normal,2381,0,1782360438.7738385,0.0021271705627441406
150864,normal,1716,0,1782360438.7761588,0.0023202896118164062
150865,normal,145,0,1782360438.777996,0.0018372535705566406
150866,normal,2519,0,1782360438.7799418,0.0019457340240478516
150867,normal,3121,1,1782360438.781966,0.0020241737365722656
150868,normal,3648,0,1782360438.7837243,0.0017583370208740234
150869,normal,440,0,1782360438.785869,0.0021445751190185547
150870,normal,2837,0,1782360438.7875614,0.0016925334930419922
150871,normal,140,0,1782360438.789595,0.0020334720611572266
150872,normal,2890,0,1782360438.7917085,0.0021135807037353516
150873,normal,3652,0,1782360438.7935355,0.0018270015716552734
150874,normal,2970,0,1782360438.7957544,0.002218961715698242
150875,normal,229,0,1782360438.7976332,0.0018787384033203125
150876,normal,2376,0,1782360438.7996545,0.002021312713623047
150877,normal,2426,0,1782360438.801533,0.001878499984741211
150878,normal,809,2,1782360438.8037047,0.002171754837036133
150879,normal,2483,0,1782360438.8055298,0.001825094223022461
150880,normal,1235,0,1782360438.8077033,0.0021734237670898438
150881,normal,1494,0,1782360438.8099525,0.0022492408752441406
150882,normal,3526,0,1782360438.8116498,0.0016973018646240234
150883,normal,3131,1,1782360438.8138785,0.0022287368774414062
150884,normal,1266,0,1782360438.8161256,0.0022470951080322266
150885,normal,3621,0,1782360438.8177829,0.001657247543334961
150886,normal,148,0,1782360438.8197842,0.0020012855529785156
150887,normal,3162,1,1782360438.8218088,0.0020246505737304688
150888,normal,2000,0,1782360438.8236518,0.0018429756164550781
150889,normal,3345,1,1782360438.825752,0.002100229263305664
150890,normal,1872,0,1782360438.8279572,0.0022051334381103516
150891,normal,1510,0,1782360438.829994,0.0020368099212646484
150892,normal,2746,0,1782360438.8317904,0.0017964839935302734
150893,normal,1805,0,1782360438.8337002,0.0019097328186035156
150894,normal,1031,0,1782360438.8357267,0.0020265579223632812
150895,normal,3414,0,1782360438.837694,0.001967191696166992
150896,normal,1960,0,1782360438.839842,0.002148151397705078
150897,normal,272,0,1782360438.8415828,0.0017406940460205078
150898,normal,2351,0,1782360438.8440318,0.00244903564453125
150899,normal,1529,0,1782360438.8457751,0.001743316650390625
150900,normal,3398,1,1782360438.847679,0.0019037723541259766
150901,normal,112,0,1782360438.8498497,0.0021708011627197266
150902,normal,2801,0,1782360438.851916,0.002066373825073242
150903,normal,1888,0,1782360438.8538945,0.0019783973693847656
150904,normal,3231,1,1782360438.8560016,0.0021071434020996094
150905,normal,3250,1,1782360438.858261,0.002259492874145508
150906,normal,855,2,1782360438.85992,0.0016589164733886719
150907,normal,921,2,1782360438.8619049,0.001984834671020508
150908,normal,670,0,1782360438.8638394,0.0019345283508300781
150909,normal,2366,0,1782360438.865767,0.0019276142120361328
150910,normal,961,2,1782360438.8678584,0.0020914077758789062
150911,normal,2198,0,1782360438.8696833,0.0018248558044433594
150912,normal,1033,0,1782360438.871735,0.002051830291748047
150913,normal,944,2,1782360438.8738985,0.002163410186767578
150914,normal,1625,0,1782360438.8757339,0.0018353462219238281
150915,normal,1241,0,1782360438.8778627,0.0021288394927978516
150916,normal,3032,0,1782360438.879707,0.0018444061279296875
150917,normal,637,0,1782360438.8820002,0.002293109893798828
150918,normal,110,0,1782360438.883759,0.0017588138580322266
150919,normal,2690,0,1782360438.886599,0.0028400421142578125
150920,normal,466,0,1782360438.887977,0.0013778209686279297
150921,normal,1771,0,1782360438.8901913,0.0022144317626953125
150922,normal,1647,0,1782360438.8921592,0.001967906951904297
150923,normal,3406,0,1782360438.8938498,0.0016906261444091797
150924,normal,2894,0,1782360438.8959816,0.0021317005157470703
150925,normal,2012,0,1782360438.8976476,0.0016660690307617188
150926,normal,2859,0,1782360438.900159,0.002511262893676758
150927,normal,1826,0,1782360438.9019346,0.0017757415771484375
150928,normal,2898,0,1782360438.9037333,0.0017986297607421875
150929,normal,3457,0,1782360438.906068,0.0023348331451416016
150930,normal,773,2,1782360438.9079437,0.0018756389617919922
150931,normal,1533,0,1782360438.9095623,0.0016186237335205078
150932,normal,698,0,1782360438.9118705,0.0023081302642822266
150933,normal,2022,0,1782360438.913571,0.0017004013061523438
150934,normal,3403,0,1782360438.915891,0.0023200511932373047
150935,normal,1674,0,1782360438.9177196,0.0018286705017089844
150936,normal,2684,0,1782360438.9197958,0.0020761489868164062
150937,normal,2957,0,1782360438.9217777,0.001981973648071289
150938,normal,355,0,1782360438.9237638,0.0019860267639160156
150939,normal,233,0,1782360438.925639,0.001875162124633789
150940,normal,1795,0,1782360438.9280493,0.002410411834716797
150941,normal,2396,0,1782360438.9297872,0.001737833023071289
150942,normal,1079,0,1782360438.9320521,0.0022649765014648438
150943,normal,3612,0,1782360438.933744,0.0016918182373046875
150944,normal,2338,0,1782360438.9360273,0.002283334732055664
150945,normal,3165,1,1782360438.937827,0.0017998218536376953
150946,normal,381,0,1782360438.9396024,0.0017752647399902344
150947,normal,2806,0,1782360438.94229,0.002687692642211914
150948,normal,2470,0,1782360438.943832,0.0015418529510498047
150949,normal,1640,0,1782360438.945881,0.002048969268798828
150950,normal,2949,0,1782360438.9478185,0.0019376277923583984
150951,normal,1291,0,1782360438.9509816,0.0031630992889404297
150952,normal,2681,0,1782360438.9524503,0.001468658447265625
150953,normal,1474,0,1782360438.9539099,0.0014595985412597656
150954,normal,468,0,1782360438.9558067,0.0018968582153320312
150955,normal,2305,0,1782360438.9579787,0.0021719932556152344
150956,normal,488,0,1782360438.9600656,0.0020868778228759766
150957,normal,207,0,1782360438.9622164,0.0021507740020751953
150958,normal,3366,1,1782360438.9635777,0.0013613700866699219
150959,normal,1526,0,1782360438.9657807,0.0022029876708984375
150960,normal,1732,0,1782360438.9675398,0.0017590522766113281
150961,normal,2704,0,1782360438.9695477,0.0020079612731933594
150962,normal,1686,0,1782360438.9715717,0.002023935317993164
150963,normal,1663,0,1782360438.973575,0.0020034313201904297
150964,normal,1742,0,1782360438.9755762,0.002001047134399414
150965,normal,1224,0,1782360438.9776335,0.002057313919067383
150966,normal,1525,0,1782360438.9798102,0.0021767616271972656
150967,normal,2463,0,1782360438.9815814,0.0017712116241455078
150968,normal,2042,0,1782360438.9836206,0.002039194107055664
150969,normal,3619,0,1782360438.9855826,0.001961946487426758
150970,normal,2296,0,1782360438.987798,0.0022153854370117188
150971,normal,2322,0,1782360438.989685,0.0018870830535888672
150972,normal,1564,0,1782360438.9919105,0.0022253990173339844
150973,normal,2939,0,1782360438.9935756,0.0016651153564453125
150974,normal,2895,0,1782360438.9955697,0.0019941329956054688
150975,normal,1891,0,1782360438.997643,0.0020732879638671875
150976,normal,2371,0,1782360439.1279266,0.13028359413146973
150977,normal,913,2,1782360439.1279993,7.271766662597656e-05
150978,normal,292,0,1782360439.1280324,3.314018249511719e-05
150979,normal,340,0,1782360439.1280618,2.9325485229492188e-05
150980,normal,920,2,1782360439.1280904,2.86102294921875e-05
150981,normal,2414,0,1782360439.1281176,2.7179718017578125e-05
150982,normal,3579,0,1782360439.1281426,2.5033950805664062e-05
150983,normal,2860,0,1782360439.1281693,2.6702880859375e-05
150984,normal,224,0,1782360439.128197,2.765655517578125e-05
150985,normal,3552,0,1782360439.1282232,2.6226043701171875e-05
150986,normal,987,2,1782360439.128249,2.574920654296875e-05
150987,normal,2994,0,1782360439.1282759,2.6941299438476562e-05
150988,normal,2474,0,1782360439.1283023,2.6464462280273438e-05
150989,normal,1009,2,1782360439.1283278,2.5510787963867188e-05
151041,normal,2988,0,1782360439.1295013,0.0011734962463378906
151042,normal,3240,1,1782360439.1316183,0.0021169185638427734
151043,normal,2995,0,1782360439.1337173,0.0020990371704101562
151044,normal,221,0,1782360439.135576,0.0018587112426757812
151045,normal,3087,1,1782360439.1375942,0.0020182132720947266
151046,normal,2007,0,1782360439.1396275,0.002033233642578125
151047,normal,2349,0,1782360439.1415527,0.0019252300262451172
151048,normal,2495,0,1782360439.1440945,0.002541780471801758
151049,normal,2578,0,1782360439.1454935,0.0013990402221679688
151050,normal,2914,0,1782360439.1475568,0.002063274383544922
151051,normal,2290,0,1782360439.1495216,0.0019648075103759766
151052,normal,486,0,1782360439.1515317,0.0020101070404052734
151053,normal,1723,0,1782360439.1535487,0.0020170211791992188
151054,normal,2984,0,1782360439.1557066,0.002157926559448242
151055,normal,1133,0,1782360439.1576781,0.0019714832305908203
151056,normal,1350,1,1782360439.159571,0.0018928050994873047
151057,normal,504,0,1782360439.161703,0.0021321773529052734
151058,normal,3661,0,1782360439.1637132,0.0020101070404052734
151059,normal,547,0,1782360439.1658905,0.0021772384643554688
151060,normal,1340,1,1782360439.1678317,0.0019412040710449219
151061,normal,559,0,1782360439.1698413,0.0020096302032470703
151062,normal,1673,0,1782360439.1715937,0.0017523765563964844
151063,normal,820,2,1782360439.1737096,0.002115964889526367
151064,normal,2638,0,1782360439.1757116,0.0020020008087158203
151065,normal,2666,0,1782360439.1775835,0.0018718242645263672
151066,normal,1263,0,1782360439.1796737,0.0020902156829833984
151067,normal,2616,0,1782360439.1817086,0.002034902572631836
151068,normal,210,0,1782360439.183608,0.0018994808197021484
151069,normal,1815,0,1782360439.1857538,0.0021457672119140625
151070,normal,52,0,1782360439.1878946,0.0021407604217529297
151071,normal,1629,0,1782360439.1897633,0.0018687248229980469
151072,normal,1318,0,1782360439.1917849,0.0020215511322021484
151073,normal,1077,0,1782360439.1937582,0.001973390579223633
151074,normal,2301,0,1782360439.1956985,0.0019402503967285156
151075,normal,519,0,1782360439.1978962,0.002197742462158203
151076,normal,1724,0,1782360439.2000365,0.0021402835845947266
151077,normal,3412,0,1782360439.2015703,0.0015337467193603516
151078,normal,3541,0,1782360439.2036915,0.0021212100982666016
151079,normal,3538,0,1782360439.2057424,0.0020508766174316406
151080,normal,1109,0,1782360439.2077103,0.001967906951904297
151081,normal,1344,1,1782360439.2100813,0.002371072769165039
151082,normal,1319,1,1782360439.211803,0.0017216205596923828
151083,normal,91,0,1782360439.2136335,0.0018305778503417969
151084,normal,1306,0,1782360439.2160087,0.0023751258850097656
151085,normal,984,2,1782360439.2177935,0.0017848014831542969
151086,normal,1180,0,1782360439.219966,0.0021724700927734375
151087,normal,2432,0,1782360439.2216072,0.0016412734985351562
151088,normal,3492,0,1782360439.223642,0.002034902572631836
151089,normal,206,0,1782360439.2257037,0.002061605453491211
151090,normal,3297,1,1782360439.227804,0.002100229263305664
151091,normal,3220,1,1782360439.229527,0.0017230510711669922
151092,normal,2965,0,1782360439.2315187,0.001991748809814453
151093,normal,3306,1,1782360439.2339451,0.0024263858795166016
151094,normal,2208,0,1782360439.2358458,0.0019006729125976562
151095,normal,905,2,1782360439.2375934,0.0017476081848144531
151096,normal,1411,0,1782360439.2401776,0.002584218978881836
151097,normal,2981,0,1782360439.2417636,0.0015859603881835938
151098,normal,1776,0,1782360439.2435377,0.0017740726470947266
151099,normal,578,0,1782360439.2456734,0.002135753631591797
151100,normal,772,2,1782360439.2476528,0.001979351043701172
151101,normal,2437,0,1782360439.2495496,0.0018968582153320312
151102,normal,2337,0,1782360439.252362,0.0028123855590820312
151103,normal,1758,0,1782360439.2545476,0.0021855831146240234
151104,normal,2486,0,1782360439.2561533,0.0016057491302490234
151105,normal,1153,0,1782360439.257767,0.001613616943359375
151106,normal,1072,0,1782360439.2597373,0.0019702911376953125
151107,normal,634,0,1782360439.2615888,0.0018515586853027344
151108,normal,3214,1,1782360439.2637286,0.0021398067474365234
151109,normal,3551,0,1782360439.2657154,0.0019867420196533203
151110,normal,2393,0,1782360439.267576,0.0018606185913085938
151111,normal,1831,0,1782360439.270069,0.0024929046630859375
151112,normal,3229,1,1782360439.271816,0.00174713134765625
151113,normal,2835,0,1782360439.2735915,0.001775503158569336
151114,normal,2927,0,1782360439.2757075,0.002115964889526367
151115,normal,912,2,1782360439.2779555,0.002248048782348633
151116,normal,1824,0,1782360439.2803018,0.0023462772369384766
151117,normal,1260,0,1782360439.2817187,0.001416921615600586
151118,normal,1101,0,1782360439.2836933,0.0019745826721191406
151119,normal,2795,0,1782360439.2856126,0.0019192695617675781
151120,normal,358,0,1782360439.2880437,0.002431154251098633
151121,normal,121,0,1782360439.2899482,0.0019044876098632812
151122,normal,1302,0,1782360439.2920802,0.002131938934326172
151123,normal,923,2,1782360439.2938406,0.0017604827880859375
151124,normal,1877,0,1782360439.2960107,0.002170085906982422
151125,normal,182,0,1782360439.2977695,0.0017588138580322266
151126,normal,3061,1,1782360439.2996128,0.0018432140350341797
151127,normal,1547,0,1782360439.3017552,0.0021424293518066406
151128,normal,3305,1,1782360439.3037403,0.0019850730895996094
151129,normal,2415,0,1782360439.3058226,0.002082347869873047
151130,normal,1873,0,1782360439.307779,0.001956462860107422
151131,normal,3417,0,1782360439.3098965,0.0021173954010009766
151132,normal,1499,0,1782360439.3119986,0.0021021366119384766
151133,normal,2185,0,1782360439.3138833,0.0018846988677978516
151134,normal,3385,1,1782360439.315713,0.0018296241760253906
151135,normal,2782,0,1782360439.3176937,0.0019807815551757812
151136,normal,3395,1,1782360439.3199325,0.002238750457763672
151137,normal,2528,0,1782360439.3222167,0.0022842884063720703
151138,normal,2990,0,1782360439.323905,0.001688241958618164
151139,normal,969,2,1782360439.325953,0.002048015594482422
151140,normal,561,0,1782360439.3280199,0.0020668506622314453
151141,normal,2444,0,1782360439.330468,0.0024480819702148438
151142,normal,1058,0,1782360439.3318312,0.0013632774353027344
151143,normal,2320,0,1782360439.3335702,0.0017390251159667969
151144,normal,252,0,1782360439.3356118,0.0020415782928466797
151145,normal,2063,0,1782360439.3376906,0.0020787715911865234
151146,normal,1770,0,1782360439.3395228,0.0018322467803955078
151147,normal,1889,0,1782360439.34152,0.001997232437133789
151148,normal,1249,0,1782360439.3436127,0.002092599868774414
151149,normal,3263,1,1782360439.3455873,0.0019745826721191406
151150,normal,2989,0,1782360439.347573,0.001985788345336914
151151,normal,2014,0,1782360439.3496482,0.0020751953125
151152,normal,3424,0,1782360439.3515768,0.001928567886352539
151153,normal,459,0,1782360439.3535488,0.0019719600677490234
151154,normal,2633,0,1782360439.3555717,0.002022981643676758
151155,normal,426,0,1782360439.3576212,0.0020494461059570312
151156,normal,2892,0,1782360439.359707,0.0020859241485595703
151157,normal,2588,0,1782360439.3616064,0.0018992424011230469
151158,normal,2259,0,1782360439.3636239,0.002017498016357422
151159,normal,2780,0,1782360439.3655198,0.001895904541015625
151160,normal,1238,0,1782360439.3675826,0.0020627975463867188
151161,normal,3005,0,1782360439.3695076,0.0019249916076660156
151162,normal,2125,0,1782360439.3715644,0.0020568370819091797
151163,normal,570,0,1782360439.373545,0.0019805431365966797
151164,normal,3411,0,1782360439.3755193,0.001974344253540039
151165,normal,1052,0,1782360439.3775444,0.002025127410888672
151166,normal,2458,0,1782360439.3795996,0.0020551681518554688
151167,normal,1992,0,1782360439.381911,0.0023114681243896484
151168,normal,3164,1,1782360439.3836246,0.0017135143280029297
151169,normal,1352,1,1782360439.385851,0.0022263526916503906
151170,normal,2679,0,1782360439.3876936,0.0018427371978759766
151171,normal,2368,0,1782360439.389872,0.0021784305572509766
151172,normal,689,0,1782360439.3919687,0.0020966529846191406
151173,normal,3636,0,1782360439.3937836,0.0018148422241210938
151174,normal,1487,0,1782360439.395787,0.0020034313201904297
151175,normal,244,0,1782360439.3977993,0.0020122528076171875
151176,normal,1463,0,1782360439.399797,0.001997709274291992
151177,normal,1087,0,1782360439.401883,0.0020859241485595703
151178,normal,208,0,1782360439.4038062,0.0019233226776123047
151179,normal,3193,1,1782360439.4056184,0.0018122196197509766
151180,normal,2318,0,1782360439.407715,0.0020966529846191406
151181,normal,1578,0,1782360439.4097197,0.0020046234130859375
151182,normal,2852,0,1782360439.4119024,0.0021827220916748047
151183,normal,1986,0,1782360439.4137373,0.001834869384765625
151184,normal,169,0,1782360439.4158757,0.002138376235961914
151185,normal,2581,0,1782360439.417784,0.0019083023071289062
151186,normal,1405,0,1782360439.419697,0.0019130706787109375
151187,normal,1225,0,1782360439.4217548,0.002057790756225586
151188,normal,248,0,1782360439.4235353,0.0017805099487304688
151189,normal,2549,0,1782360439.4256418,0.0021064281463623047
151190,normal,574,0,1782360439.4282978,0.0026559829711914062
151191,normal,678,0,1782360439.429718,0.0014202594757080078
151192,normal,2041,0,1782360473.3423524,0.0
151193,normal,1068,0,1782360473.3444118,0.002059459686279297
151194,normal,3562,0,1782360473.3463504,0.0019385814666748047
151195,normal,2949,0,1782360473.3486302,0.0022797584533691406
151196,normal,412,0,1782360473.3504207,0.0017905235290527344
151197,normal,2843,0,1782360473.35235,0.0019292831420898438
151198,normal,1072,0,1782360473.354388,0.0020380020141601562
151199,normal,2645,0,1782360473.3563497,0.0019617080688476562
151200,normal,3349,1,1782360473.3583114,0.0019617080688476562
151201,normal,2136,0,1782360473.3604388,0.002127408981323242
151202,normal,893,2,1782360473.3624349,0.0019960403442382812
151203,normal,2321,0,1782360473.3643076,0.0018727779388427734
151204,normal,3218,1,1782360473.3663807,0.002073049545288086
151205,normal,1549,0,1782360473.368362,0.0019812583923339844
151206,normal,1188,0,1782360473.3703892,0.002027273178100586
151207,normal,1918,0,1782360473.3723342,0.0019450187683105469
151208,normal,1417,0,1782360473.374389,0.0020546913146972656
151209,normal,1832,0,1782360473.3763325,0.0019435882568359375
151210,normal,612,0,1782360473.3783321,0.0019996166229248047
151211,normal,172,0,1782360473.380385,0.002052783966064453
151212,normal,2702,0,1782360473.3823369,0.0019519329071044922
151213,normal,1379,1,1782360473.384377,0.0020401477813720703
151214,normal,2474,0,1782360473.3863504,0.001973390579223633
151215,normal,1757,0,1782360473.3884206,0.002070188522338867
151216,normal,1604,0,1782360473.3903308,0.0019102096557617188
151217,normal,2537,0,1782360473.3923855,0.0020546913146972656
151218,normal,1520,0,1782360473.394352,0.0019664764404296875
151219,normal,1170,0,1782360473.3963842,0.0020322799682617188
151220,normal,2496,0,1782360473.3983502,0.0019659996032714844
151221,normal,2816,0,1782360473.4003859,0.0020356178283691406
151222,normal,2790,0,1782360473.4023309,0.0019450187683105469
151223,normal,407,0,1782360473.4044785,0.002147674560546875
151224,normal,2318,0,1782360473.4063325,0.00185394287109375
151225,normal,3032,0,1782360473.4083924,0.0020599365234375
151226,normal,1063,0,1782360473.4103699,0.0019774436950683594
151227,normal,1805,0,1782360473.4123244,0.0019545555114746094
151228,normal,1094,0,1782360473.4143624,0.0020380020141601562
151229,normal,3442,0,1782360473.416364,0.002001523971557617
151230,normal,317,0,1782360473.4183288,0.0019648075103759766
151231,normal,728,0,1782360473.420375,0.002046346664428711
151232,normal,2707,0,1782360473.4223719,0.001996755599975586
151233,normal,2102,0,1782360473.4243312,0.0019593238830566406
151234,normal,2026,0,1782360473.426382,0.0020508766174316406
151235,normal,3575,0,1782360473.4283745,0.001992464065551758
151236,normal,1683,0,1782360473.4303324,0.0019578933715820312
151237,normal,1249,0,1782360473.4324086,0.0020761489868164062
151238,normal,195,0,1782360473.4350054,0.0025968551635742188
151239,normal,232,0,1782360473.4363403,0.0013349056243896484
151240,normal,3185,1,1782360473.438375,0.0020346641540527344
151241,normal,3500,0,1782360473.440359,0.001984119415283203
151242,normal,30,0,1782360473.4424384,0.0020792484283447266
151243,normal,1228,0,1782360473.4443557,0.0019173622131347656
151244,normal,962,2,1782360473.4463842,0.0020284652709960938
151245,normal,510,0,1782360473.4483716,0.001987457275390625
151246,normal,1492,0,1782360473.450449,0.002077341079711914
151247,normal,605,0,1782360473.4523554,0.0019063949584960938
151248,normal,1531,0,1782360473.4544244,0.0020689964294433594
151249,normal,529,0,1782360473.456374,0.0019495487213134766
151250,normal,3560,0,1782360473.4583852,0.0020112991333007812
151251,normal,3296,1,1782360473.460372,0.0019867420196533203
151252,normal,181,0,1782360473.4624195,0.0020475387573242188
151253,normal,3058,1,1782360473.46435,0.0019304752349853516
151254,normal,2857,0,1782360473.4664376,0.0020875930786132812
151255,normal,2444,0,1782360473.4683611,0.0019235610961914062
151256,normal,12,0,1782360473.4704099,0.0020487308502197266
151257,normal,1603,0,1782360473.4723794,0.001969575881958008
151258,normal,1005,2,1782360473.474427,0.0020475387573242188
151259,normal,1949,0,1782360473.4763486,0.0019216537475585938
151260,normal,3641,0,1782360473.47843,0.0020813941955566406
151261,normal,2971,0,1782360473.4803636,0.0019335746765136719
151262,normal,1763,0,1782360473.4823797,0.0020160675048828125
151263,normal,216,0,1782360473.4843702,0.0019905567169189453
151264,normal,2174,0,1782360473.4864237,0.002053499221801758
151265,normal,597,0,1782360473.4883752,0.001951456069946289
151266,normal,2417,0,1782360473.490371,0.0019958019256591797
151267,normal,683,0,1782360473.492424,0.0020530223846435547
151268,normal,643,0,1782360473.4943767,0.0019526481628417969
151269,normal,1044,0,1782360473.4963732,0.0019965171813964844
151270,normal,2340,0,1782360473.4984245,0.0020513534545898438
151271,normal,3708,0,1782360473.5003753,0.0019507408142089844
151272,normal,740,0,1782360473.5024345,0.0020592212677001953
151273,normal,2182,0,1782360473.5043702,0.001935720443725586
151274,normal,3333,1,1782360473.506378,0.002007722854614258
151275,normal,1185,0,1782360473.5083785,0.002000570297241211
151276,normal,3149,1,1782360473.510429,0.0020503997802734375
151277,normal,1163,0,1782360473.5123906,0.0019617080688476562
151278,normal,2334,0,1782360473.514371,0.001980304718017578
151279,normal,1440,0,1782360473.5164266,0.002055644989013672
151280,normal,2911,0,1782360473.51842,0.001993417739868164
151281,normal,524,0,1782360473.520333,0.0019130706787109375
151282,normal,2527,0,1782360473.522423,0.002089977264404297
151283,normal,3338,1,1782360473.524378,0.0019550323486328125
151284,normal,559,0,1782360473.5263689,0.001990795135498047
151285,normal,2093,0,1782360473.5284536,0.0020847320556640625
151286,normal,3264,1,1782360473.5304072,0.001953601837158203
151287,normal,2564,0,1782360473.532374,0.001966714859008789
151288,normal,1209,0,1782360473.5343862,0.0020122528076171875
151289,normal,3250,1,1782360473.5364294,0.0020432472229003906
151290,normal,1920,0,1782360473.5383837,0.001954317092895508
151291,normal,13,0,1782360473.5404792,0.002095460891723633
151292,normal,2244,0,1782360473.5423877,0.0019085407257080078
151293,normal,2049,0,1782360473.5443344,0.0019466876983642578
151294,normal,1551,0,1782360473.546407,0.002072572708129883
151295,normal,2147,0,1782360473.5484269,0.0020198822021484375
151296,normal,2497,0,1782360473.5503342,0.0019073486328125
151297,normal,2890,0,1782360473.5523725,0.002038240432739258
151298,normal,1891,0,1782360473.554406,0.0020334720611572266
151299,normal,99,0,1782360473.5563407,0.0019347667694091797
151300,normal,1247,0,1782360473.5584297,0.0020890235900878906
151301,normal,471,0,1782360473.5603826,0.0019528865814208984
151302,normal,2176,0,1782360473.5623286,0.0019459724426269531
151303,normal,1476,0,1782360473.5643928,0.002064228057861328
151304,normal,1885,0,1782360473.566428,0.0020351409912109375
151305,normal,1500,0,1782360473.5683458,0.0019178390502929688
151306,normal,2397,0,1782360473.570432,0.002086162567138672
151307,normal,3052,1,1782360473.5723703,0.0019383430480957031
151308,normal,1489,0,1782360473.5743809,0.0020105838775634766
151309,normal,2356,0,1782360473.5763438,0.001962900161743164
151310,normal,2483,0,1782360473.5784278,0.002084016799926758
151311,normal,2348,0,1782360473.580348,0.0019202232360839844
151312,normal,3200,1,1782360473.5824294,0.0020813941955566406
151313,normal,2130,0,1782360473.5843668,0.0019373893737792969
151314,normal,2294,0,1782360473.5864289,0.002062082290649414
151315,normal,1544,0,1782360473.5883296,0.0019006729125976562
151316,normal,2362,0,1782360473.5903885,0.0020589828491210938
151317,normal,1210,0,1782360473.5923288,0.0019402503967285156
151318,normal,1472,0,1782360473.594385,0.002056121826171875
151319,normal,197,0,1782360473.59638,0.001995086669921875
151320,normal,1464,0,1782360473.59833,0.0019500255584716797
151321,normal,855,2,1782360473.600381,0.0020508766174316406
151322,normal,2875,0,1782360473.6023655,0.0019845962524414062
151323,normal,3246,1,1782360473.60438,0.0020143985748291016
151324,normal,1287,0,1782360473.60633,0.0019500255584716797
151325,normal,875,2,1782360473.6083915,0.002061605453491211
151326,normal,1001,2,1782360473.6103313,0.0019397735595703125
151327,normal,3661,0,1782360473.6123807,0.0020494461059570312
151328,normal,443,0,1782360473.6143649,0.001984119415283203
151329,normal,3283,1,1782360473.616411,0.0020461082458496094
151330,normal,1818,0,1782360473.618329,0.0019180774688720703
151331,normal,3308,1,1782360473.6203806,0.0020515918731689453
151332,normal,2192,0,1782360473.6223426,0.001961946487426758
151333,normal,1427,0,1782360473.624378,0.002035379409790039
151334,normal,2461,0,1782360473.6263838,0.0020058155059814453
151335,normal,1505,0,1782360473.6283412,0.001957416534423828
151336,normal,2426,0,1782360473.6303806,0.0020394325256347656
151337,normal,917,2,1782360473.6323757,0.001995086669921875
151338,normal,2169,0,1782360473.634329,0.0019533634185791016
151339,normal,171,0,1782360473.6363814,0.00205230712890625
151340,normal,2371,0,1782360473.6383665,0.0019850730895996094
151341,normal,1545,0,1782360473.6403856,0.002019166946411133
151342,normal,3697,0,1782360473.6423297,0.0019440650939941406
151343,normal,1107,0,1782360473.6443806,0.0020508766174316406
151344,normal,3261,1,1782360473.6463335,0.0019528865814208984
151345,normal,3097,1,1782360473.6483781,0.002044677734375
151346,normal,1045,0,1782360473.6503682,0.001990079879760742
151347,normal,1796,0,1782360473.6523802,0.002012014389038086
151348,normal,3120,1,1782360473.6543458,0.0019655227661132812
151349,normal,693,0,1782360473.6563792,0.0020334720611572266
151350,normal,1555,0,1782360473.6583805,0.0020012855529785156
151351,normal,3422,0,1782360473.6603289,0.0019483566284179688
151352,normal,3699,0,1782360473.6623774,0.002048492431640625
151353,normal,1587,0,1782360473.6643305,0.001953125
151354,normal,1095,0,1782360473.6664085,0.0020780563354492188
151355,normal,320,0,1782360473.668386,0.0019774436950683594
151356,normal,1216,0,1782360473.6703317,0.0019457340240478516
151357,normal,2306,0,1782360473.6723807,0.002048969268798828
151358,normal,1733,0,1782360473.6743658,0.0019850730895996094
151359,normal,486,0,1782360473.676381,0.002015352249145508
151360,normal,2293,0,1782360473.6783345,0.0019533634185791016
151361,normal,71,0,1782360473.6804328,0.0020983219146728516
151362,normal,3538,0,1782360473.68233,0.0018970966339111328
151363,normal,3297,1,1782360473.6843798,0.0020499229431152344
151364,normal,2544,0,1782360473.68637,0.001990079879760742
151365,normal,994,2,1782360473.6883378,0.001967906951904297
151366,normal,282,0,1782360473.6903818,0.0020439624786376953
151367,normal,3290,1,1782360473.6923642,0.001982450485229492
151368,normal,440,0,1782360473.6943812,0.0020170211791992188
151369,normal,2466,0,1782360473.696329,0.0019478797912597656
151370,normal,3145,1,1782360473.6985102,0.0021810531616210938
151371,normal,836,2,1782360473.7003293,0.0018191337585449219
151372,normal,2456,0,1782360473.702382,0.002052783966064453
151373,normal,2289,0,1782360473.7043724,0.0019903182983398438
151374,normal,3475,0,1782360473.706337,0.001964569091796875
151375,normal,3197,1,1782360473.7085276,0.0021905899047851562
151376,normal,2729,0,1782360473.710499,0.0019714832305908203
151377,normal,375,0,1782360473.7123802,0.0018811225891113281
151378,normal,350,0,1782360473.7145383,0.0021581649780273438
151379,normal,1519,0,1782360473.7165115,0.0019731521606445312
151380,normal,1749,0,1782360473.7183805,0.0018689632415771484
151381,normal,3316,1,1782360473.7205682,0.0021877288818359375
151382,normal,3530,0,1782360473.7224553,0.0018870830535888672
151383,normal,1411,0,1782360473.7243733,0.0019180774688720703
151384,normal,1593,0,1782360473.7265687,0.0021953582763671875
151385,normal,787,2,1782360473.7285552,0.0019865036010742188
151386,normal,50,0,1782360473.7303886,0.0018334388732910156
151387,normal,2377,0,1782360473.7325666,0.0021779537200927734
151388,normal,1117,0,1782360473.7345586,0.0019919872283935547
151389,normal,86,0,1782360473.7363877,0.0018291473388671875
151390,normal,433,0,1782360473.7385905,0.002202749252319336
151391,normal,2746,0,1782360473.740568,0.0019774436950683594
151392,normal,576,0,1782360473.7423687,0.0018007755279541016
151393,normal,1373,1,1782360473.744566,0.002197265625
151394,normal,1444,0,1782360473.7465663,0.0020003318786621094
151395,normal,3055,1,1782360473.748375,0.0018086433410644531
151396,normal,1543,0,1782360473.750561,0.0021860599517822266
151397,normal,782,2,1782360473.7525568,0.0019958019256591797
151398,normal,3040,0,1782360473.7543864,0.0018296241760253906
151399,normal,355,0,1782360473.7565634,0.002177000045776367
151400,normal,1206,0,1782360473.758571,0.0020074844360351562
151401,normal,2233,0,1782360473.760369,0.0017981529235839844
151402,normal,3029,0,1782360473.7625718,0.002202749252319336
151403,normal,1582,0,1782360473.764566,0.0019941329956054688
151404,normal,2391,0,1782360473.7663689,0.0018029212951660156
151405,normal,3016,0,1782360473.7685847,0.002215862274169922
151406,normal,619,0,1782360473.7705588,0.0019741058349609375
151407,normal,111,0,1782360473.7723875,0.0018286705017089844
151408,normal,650,0,1782360473.7745602,0.002172708511352539
151409,normal,3413,0,1782360473.7765718,0.002011537551879883
151410,normal,2208,0,1782360473.7783735,0.0018017292022705078
151411,normal,3621,0,1782360473.780569,0.002195596694946289
151412,normal,2745,0,1782360473.7825727,0.0020036697387695312
151413,normal,672,0,1782360473.7843683,0.0017955303192138672
151414,normal,1167,0,1782360473.786562,0.0021936893463134766
151415,normal,1074,0,1782360473.7884378,0.0018758773803710938
151416,normal,528,0,1782360473.790369,0.0019311904907226562
151417,normal,272,0,1782360473.7925732,0.0022041797637939453
151418,normal,1658,0,1782360473.7945614,0.0019881725311279297
151419,normal,2703,0,1782360473.796387,0.001825571060180664
151420,normal,187,0,1782360473.7985442,0.0021572113037109375
151421,normal,3570,0,1782360473.800578,0.0020339488983154297
151422,normal,2429,0,1782360473.8023708,0.0017926692962646484
151423,normal,3044,0,1782360473.8045657,0.0021948814392089844
151424,normal,386,0,1782360473.8065598,0.0019941329956054688
151425,normal,2239,0,1782360473.808422,0.0018622875213623047
151426,normal,421,0,1782360473.8105624,0.0021402835845947266
151427,normal,490,0,1782360473.8125904,0.0020279884338378906
151428,normal,2722,0,1782360473.8143764,0.0017859935760498047
151429,normal,1981,0,1782360473.8165689,0.0021924972534179688
151430,normal,1814,0,1782360473.8185558,0.001986980438232422
151431,normal,767,0,1782360473.8203883,0.0018324851989746094
151432,normal,2559,0,1782360473.8225636,0.0021753311157226562
151433,normal,1386,0,1782360473.8245993,0.0020356178283691406
151434,normal,1937,0,1782360473.8263848,0.0017855167388916016
151435,normal,1409,0,1782360473.8285682,0.0021834373474121094
151436,normal,2095,0,1782360473.8305624,0.0019941329956054688
151437,normal,1616,0,1782360473.8323696,0.0018072128295898438
151438,normal,3348,1,1782360473.8345644,0.0021948814392089844
151439,normal,2748,0,1782360473.8365908,0.0020263195037841797
151440,normal,768,0,1782360473.8383694,0.0017786026000976562
151441,normal,3088,1,1782360473.840569,0.0021996498107910156
151442,normal,21,0,1782360473.8425584,0.0019893646240234375
151443,normal,3018,0,1782360473.8443868,0.0018284320831298828
151444,normal,1090,0,1782360473.8465676,0.002180814743041992
151445,normal,3496,0,1782360473.8485875,0.0020198822021484375
151446,normal,96,0,1782360473.850369,0.001781463623046875
151447,normal,2015,0,1782360473.8525703,0.0022013187408447266
151448,normal,563,0,1782360473.8545628,0.001992464065551758
151449,normal,2438,0,1782360473.856386,0.0018231868743896484
151450,normal,2361,0,1782360473.8584793,0.0020933151245117188
151451,normal,2854,0,1782360473.860547,0.0020678043365478516
151452,normal,3235,1,1782360473.8623805,0.0018334388732910156
151453,normal,753,0,1782360473.8645859,0.002205371856689453
151454,normal,2602,0,1782360473.8665416,0.001955747604370117
151455,normal,965,2,1782360473.8683722,0.0018305778503417969
151456,normal,323,0,1782360473.8705544,0.0021822452545166016
151457,normal,2659,0,1782360473.8725297,0.0019752979278564453
151458,normal,2815,0,1782360473.8744369,0.0019071102142333984
151459,normal,1355,1,1782360473.8766215,0.002184629440307617
151460,normal,363,0,1782360473.8785472,0.0019257068634033203
151461,normal,2690,0,1782360473.8804185,0.001871347427368164
151462,normal,2657,0,1782360473.882611,0.0021924972534179688
151463,normal,1294,0,1782360473.8845563,0.0019452571868896484
151464,normal,985,2,1782360473.8866296,0.0020732879638671875
151465,normal,1717,0,1782360473.8884122,0.0017826557159423828
151466,normal,3557,0,1782360473.8905146,0.002102375030517578
151467,normal,2148,0,1782360473.8923545,0.0018398761749267578
151468,normal,2534,0,1782360473.89452,0.002165555953979492
151469,normal,1889,0,1782360473.8964906,0.001970529556274414
151470,normal,790,2,1782360473.8983293,0.00183868408203125
151471,normal,2829,0,1782360473.9005146,0.002185344696044922
151472,normal,1955,0,1782360473.902481,0.0019664764404296875
151473,normal,3118,1,1782360473.904331,0.0018498897552490234
151474,normal,326,0,1782360473.9065301,0.0021991729736328125
151475,normal,2574,0,1782360473.908517,0.0019867420196533203
151476,normal,1709,0,1782360473.9103365,0.001819610595703125
151477,normal,1062,0,1782360473.9123864,0.0020499229431152344
151478,normal,537,0,1782360473.914367,0.0019805431365966797
151479,normal,784,2,1782360473.916385,0.002017974853515625
151480,normal,356,0,1782360473.918331,0.0019459724426269531
151481,normal,1243,0,1782360473.920505,0.0021741390228271484
151482,normal,3365,1,1782360473.92233,0.0018248558044433594
151483,normal,3262,1,1782360473.9245157,0.002185821533203125
151484,normal,3298,1,1782360473.9265234,0.002007722854614258
151485,normal,2250,0,1782360473.9283395,0.0018160343170166016
151486,normal,2598,0,1782360473.9305289,0.0021893978118896484
151487,normal,991,2,1782360473.932488,0.001959085464477539
151488,normal,3238,1,1782360473.9343307,0.0018427371978759766
151489,normal,3463,0,1782360473.9365337,0.0022029876708984375
151490,normal,2325,0,1782360473.9384956,0.001961946487426758
151491,normal,2035,0,1782360473.9403367,0.0018410682678222656
151492,normal,3030,0,1782360473.9423392,0.0020024776458740234
151493,normal,1219,0,1782360473.9443796,0.002040386199951172
151494,normal,1654,0,1782360473.9463282,0.0019485950469970703
151495,normal,2928,0,1782360473.9483695,0.002041339874267578
151496,normal,3042,0,1782360473.9503798,0.002010345458984375
151497,normal,2178,0,1782360473.952329,0.0019490718841552734
151498,normal,371,0,1782360473.95438,0.002051115036010742
151499,normal,1815,0,1782360473.9563596,0.0019795894622802734
151500,normal,3083,1,1782360473.9583797,0.002020120620727539
151501,normal,3536,0,1782360473.9603295,0.0019497871398925781
151502,normal,518,0,1782360473.9624941,0.002164602279663086
151503,normal,3555,0,1782360473.96433,0.0018358230590820312
151504,normal,3139,1,1782360473.9665086,0.002178668975830078
151505,normal,1924,0,1782360473.9684677,0.001959085464477539
151506,normal,2776,0,1782360473.9703293,0.001861572265625
151507,normal,1968,0,1782360473.972509,0.0021796226501464844
151508,normal,1183,0,1782360473.9744656,0.0019567012786865234
151509,normal,1120,0,1782360473.9763277,0.0018620491027832031
151510,normal,3484,0,1782360473.9785125,0.0021848678588867188
151511,normal,453,0,1782360473.980485,0.0019724369049072266
151512,normal,463,0,1782360473.982329,0.0018439292907714844
151513,normal,2403,0,1782360473.984424,0.0020952224731445312
151514,normal,1286,0,1782360473.9863703,0.0019462108612060547
151515,normal,91,0,1782360473.9883852,0.0020148754119873047
151516,normal,1029,2,1782360473.9903288,0.0019435882568359375
151517,normal,1547,0,1782360473.9923723,0.002043485641479492
151518,normal,1915,0,1782360473.9943259,0.001953601837158203
151519,normal,885,2,1782360473.9963675,0.0020415782928466797
151520,normal,444,0,1782360473.9985702,0.002202749252319336
151521,normal,2368,0,1782360474.0003314,0.0017611980438232422
151522,normal,22,0,1782360474.0023708,0.0020394325256347656
151523,normal,3077,1,1782360474.0043712,0.0020003318786621094
151524,normal,2836,0,1782360474.0063798,0.002008676528930664
151525,normal,804,2,1782360474.0083275,0.001947641372680664
151526,normal,404,0,1782360474.0103734,0.002045869827270508
151527,normal,1829,0,1782360474.0123339,0.0019605159759521484
151528,normal,3199,1,1782360474.0143733,0.0020394325256347656
151529,normal,1459,0,1782360474.016368,0.001994609832763672
151530,normal,1644,0,1782360474.018391,0.002022981643676758
151531,normal,3627,0,1782360474.0203292,0.0019383430480957031
151532,normal,1458,0,1782360474.022369,0.002039670944213867
151533,normal,724,0,1782360474.0243897,0.0020208358764648438
151534,normal,2395,0,1782360474.0263293,0.001939535140991211
151535,normal,2934,0,1782360474.0283701,0.002040863037109375
151536,normal,939,2,1782360474.030379,0.0020089149475097656
151537,normal,938,2,1782360474.0323334,0.001954317092895508
151538,normal,3507,0,1782360474.0355802,0.003246784210205078
151539,normal,523,0,1782360474.0364137,0.0008335113525390625
151540,normal,562,0,1782360474.038592,0.0021784305572509766
151541,normal,2715,0,1782360474.0404654,0.0018732547760009766
151542,normal,2006,0,1782360474.0424523,0.001986980438232422
151543,normal,1853,0,1782360474.0445786,0.0021262168884277344
151544,normal,1145,0,1782360474.046466,0.0018875598907470703
151545,normal,3553,0,1782360474.0484517,0.0019855499267578125
151546,normal,3456,0,1782360474.0506268,0.0021750926971435547
151547,normal,1226,0,1782360474.0527325,0.002105712890625
151548,normal,1467,0,1782360474.054438,0.0017056465148925781
151549,normal,2328,0,1782360474.056728,0.0022897720336914062
151550,normal,2039,0,1782360474.0584872,0.0017592906951904297
151551,normal,1372,1,1782360474.0607345,0.002247333526611328
151552,normal,1510,0,1782360474.0624404,0.0017058849334716797
151553,normal,1347,1,1782360474.0647612,0.0023207664489746094
151554,normal,62,0,1782360474.066442,0.0016808509826660156
151555,normal,383,0,1782360474.0686014,0.0021593570709228516
151556,normal,1236,0,1782360474.0707388,0.002137422561645508
151557,normal,3031,0,1782360474.0724382,0.0016994476318359375
151558,normal,1848,0,1782360474.074723,0.0022847652435302734
151559,normal,1890,0,1782360474.0767014,0.0019783973693847656
151560,normal,2382,0,1782360474.0785546,0.0018532276153564453
151561,normal,2029,0,1782360474.080597,0.0020422935485839844
151562,normal,2172,0,1782360474.0827305,0.002133607864379883
151563,normal,3461,0,1782360474.0844378,0.001707315444946289
151564,normal,1961,0,1782360474.0867238,0.0022859573364257812
151565,normal,3449,0,1782360474.0885553,0.0018315315246582031
151566,normal,2308,0,1782360474.0905945,0.002039194107055664
151567,normal,1941,0,1782360474.092552,0.001957416534423828
151568,normal,834,2,1782360474.0947595,0.002207517623901367
151569,normal,3050,1,1782360474.096443,0.0016834735870361328
151570,normal,3649,0,1782360474.0987248,0.0022819042205810547
151571,normal,2742,0,1782360474.100707,0.0019822120666503906
151572,normal,1861,0,1782360474.1025534,0.0018463134765625
151573,normal,835,2,1782360474.1045976,0.002044200897216797
151574,normal,2938,0,1782360474.1067278,0.002130270004272461
151575,normal,1798,0,1782360474.1084595,0.0017316341400146484
151576,normal,2140,0,1782360474.1107247,0.0022652149200439453
151577,normal,28,0,1782360474.1126583,0.0019335746765136719
151578,normal,746,0,1782360474.114554,0.0018956661224365234
151579,normal,1707,0,1782360474.1166072,0.0020532608032226562
151580,normal,41,0,1782360474.1187255,0.002118349075317383
151581,normal,2163,0,1782360474.1204371,0.0017116069793701172
151582,normal,2546,0,1782360474.122723,0.0022859573364257812
151583,normal,1207,0,1782360474.124732,0.0020089149475097656
151584,normal,36,0,1782360474.1264384,0.0017063617706298828
151585,normal,1264,0,1782360474.128725,0.002286672592163086
151586,normal,2216,0,1782360474.130708,0.0019829273223876953
151587,normal,3278,1,1782360474.132555,0.0018470287322998047
151588,normal,3048,1,1782360474.1345956,0.0020406246185302734
151589,normal,403,0,1782360474.1367402,0.0021445751190185547
151590,normal,2121,0,1782360474.1384714,0.0017311573028564453
151591,normal,38,0,1782360474.1405525,0.002081155776977539
151592,normal,2087,0,1782360474.1426568,0.0021042823791503906
151593,normal,192,0,1782360474.1445613,0.0019044876098632812
151594,normal,2058,0,1782360474.1466188,0.0020575523376464844
151595,normal,275,0,1782360474.148729,0.0021102428436279297
151596,normal,2179,0,1782360474.1504369,0.0017077922821044922
151597,normal,2891,0,1782360474.1527448,0.002307891845703125
151598,normal,3549,0,1782360474.154548,0.0018031597137451172
151599,normal,1398,0,1782360474.1564372,0.0018892288208007812
151600,normal,2697,0,1782360474.1587455,0.002308368682861328
151601,normal,2372,0,1782360474.1605704,0.0018248558044433594
151602,normal,437,0,1782360474.1624396,0.00186920166015625
151603,normal,297,0,1782360474.1647327,0.002293109893798828
151604,normal,1048,0,1782360474.166547,0.0018143653869628906
151605,normal,527,0,1782360474.1684446,0.001897573471069336
151606,normal,2187,0,1782360474.1707356,0.002290964126586914
151607,normal,3174,1,1782360474.1725426,0.0018069744110107422
151608,normal,579,0,1782360474.1744397,0.0018970966339111328
151609,normal,3375,1,1782360474.176734,0.002294301986694336
151610,normal,3195,1,1782360474.178649,0.00191497802734375
151611,normal,2266,0,1782360474.1804843,0.0018353462219238281
151612,normal,1154,0,1782360474.182506,0.00202178955078125
151613,normal,3420,0,1782360474.1846118,0.002105712890625
151614,normal,44,0,1782360474.186386,0.0017743110656738281
151615,normal,1661,0,1782360474.188612,0.0022258758544921875
151616,normal,2944,0,1782360474.1905897,0.001977682113647461
151617,normal,983,2,1782360474.1923819,0.0017921924591064453
151618,normal,2597,0,1782360474.1946251,0.0022432804107666016
151619,normal,3305,1,1782360474.1966097,0.0019845962524414062
151620,normal,3085,1,1782360474.1983893,0.0017795562744140625
151621,normal,2600,0,1782360474.2006207,0.0022313594818115234
151622,normal,2635,0,1782360474.2026255,0.002004861831665039
151623,normal,2454,0,1782360474.2043831,0.0017576217651367188
151624,normal,9,0,1782360474.2066255,0.0022423267364501953
151625,normal,2945,0,1782360474.208568,0.0019426345825195312
151626,normal,2607,0,1782360474.2104824,0.0019142627716064453
151627,normal,2399,0,1782360474.212388,0.001905679702758789
151628,normal,3701,0,1782360474.2145813,0.0021932125091552734
151629,normal,1621,0,1782360474.2163873,0.001806020736694336
151630,normal,2232,0,1782360474.2185423,0.0021550655364990234
151631,normal,2667,0,1782360474.2205036,0.001961231231689453
151632,normal,3251,1,1782360474.2224138,0.0019102096557617188
151633,normal,2484,0,1782360474.224437,0.0020232200622558594
151634,normal,2007,0,1782360474.2265387,0.0021016597747802734
151635,normal,3655,0,1782360474.228388,0.0018494129180908203
151636,normal,3227,1,1782360474.2305455,0.002157449722290039
151637,normal,1625,0,1782360474.2325335,0.001987934112548828
151638,normal,260,0,1782360474.234385,0.0018515586853027344
151639,normal,1330,1,1782360474.236548,0.002162933349609375
151640,normal,3476,0,1782360474.2385027,0.001954793930053711
151641,normal,817,2,1782360474.2403843,0.0018815994262695312
151642,normal,2170,0,1782360474.2425518,0.0021674633026123047
151643,normal,331,0,1782360474.244517,0.0019652843475341797
151644,normal,1259,0,1782360474.2465258,0.002008676528930664
151645,normal,1579,0,1782360474.2484348,0.001909017562866211
151646,normal,1501,0,1782360474.2505474,0.0021126270294189453
151647,normal,588,0,1782360474.2523925,0.0018451213836669922
151648,normal,3671,0,1782360474.2545433,0.0021507740020751953
151649,normal,394,0,1782360474.2565615,0.0020182132720947266
151650,normal,2369,0,1782360474.2583864,0.0018248558044433594
151651,normal,3371,1,1782360474.2605436,0.0021572113037109375
151652,normal,2229,0,1782360474.2625225,0.0019788742065429688
151653,normal,3528,0,1782360474.2643857,0.001863241195678711
151654,normal,3192,1,1782360474.266543,0.0021572113037109375
151655,normal,935,2,1782360474.268519,0.00197601318359375
151656,normal,3066,1,1782360474.2703867,0.0018677711486816406
151657,normal,2235,0,1782360474.2725449,0.0021581649780273438
151658,normal,97,0,1782360474.2745144,0.001969575881958008
151659,normal,88,0,1782360474.2763927,0.0018782615661621094
151660,normal,3654,0,1782360474.2785654,0.002172708511352539
151661,normal,742,0,1782360474.2805166,0.0019512176513671875
151662,normal,1200,0,1782360474.2823856,0.0018689632415771484
151663,normal,2935,0,1782360474.2845578,0.002172231674194336
151664,normal,964,2,1782360474.2865095,0.0019516944885253906
151665,normal,1339,1,1782360474.2884054,0.001895904541015625
151666,normal,1699,0,1782360474.2904315,0.002026081085205078
151667,normal,1088,0,1782360474.2925763,0.0021448135375976562
151668,normal,3002,0,1782360474.294386,0.0018095970153808594
151669,normal,1526,0,1782360474.2964985,0.0021126270294189453
151670,normal,3,0,1782360474.2984297,0.0019311904907226562
151671,normal,100,0,1782360474.3003647,0.0019350051879882812
151672,normal,1619,0,1782360474.3024352,0.0020704269409179688
151673,normal,1153,0,1782360474.3044255,0.0019903182983398438
151674,normal,1266,0,1782360474.3063655,0.001940011978149414
151675,normal,1996,0,1782360474.308435,0.0020694732666015625
151676,normal,362,0,1782360474.310443,0.0020079612731933594
151677,normal,3659,0,1782360474.3123693,0.001926422119140625
151678,normal,1561,0,1782360474.3144348,0.002065420150756836
151679,normal,769,0,1782360474.316424,0.001989126205444336
151680,normal,850,2,1782360474.3183708,0.0019469261169433594
151681,normal,2701,0,1782360474.320435,0.002064228057861328
151682,normal,3230,1,1782360474.3224435,0.0020084381103515625
151683,normal,3163,1,1782360474.3243685,0.0019249916076660156
151684,normal,3169,1,1782360474.3263817,0.0020132064819335938
151685,normal,1778,0,1782360474.3285453,0.0021636486053466797
151686,normal,2763,0,1782360474.3303697,0.0018243789672851562
151687,normal,726,0,1782360474.3324468,0.0020771026611328125
151688,normal,2386,0,1782360474.3344328,0.0019860267639160156
151689,normal,2123,0,1782360474.336363,0.00193023681640625
151690,normal,2478,0,1782360474.338443,0.0020799636840820312
151691,normal,3404,0,1782360474.3404875,0.0020444393157958984
151692,normal,2894,0,1782360474.3424234,0.0019359588623046875
151693,normal,764,0,1782360474.3443604,0.0019369125366210938
151694,normal,336,0,1782360474.346378,0.0020177364349365234
151695,normal,257,0,1782360474.3483262,0.0019481182098388672
151696,normal,418,0,1782360474.35036,0.002033710479736328
151697,normal,3620,0,1782360474.3524277,0.0020678043365478516
151698,normal,2762,0,1782360474.354327,0.0018992424011230469
151699,normal,2033,0,1782360474.356324,0.0019969940185546875
151700,normal,1741,0,1782360474.3584177,0.002093791961669922
151701,normal,1255,0,1782360474.3603277,0.0019099712371826172
151702,normal,1630,0,1782360474.3623583,0.002030611038208008
151703,normal,801,2,1782360474.3643677,0.0020093917846679688
151704,normal,2769,0,1782360474.3663585,0.001990795135498047
151705,normal,947,2,1782360474.3683224,0.0019638538360595703
151706,normal,457,0,1782360474.37036,0.002037525177001953
151707,normal,159,0,1782360474.3723195,0.001959562301635742
151708,normal,3478,0,1782360474.3744736,0.002154111862182617
151709,normal,1785,0,1782360474.376346,0.0018725395202636719
151710,normal,651,0,1782360474.378318,0.0019719600677490234
151711,normal,387,0,1782360474.3803177,0.0019996166229248047
151712,normal,2060,0,1782360474.3823743,0.002056598663330078
151713,normal,2146,0,1782360474.3843577,0.0019834041595458984
151714,normal,2381,0,1782360474.3863184,0.00196075439453125
151715,normal,2773,0,1782360474.3883429,0.002024412155151367
151716,normal,1938,0,1782360474.3903189,0.00197601318359375
151717,normal,3325,1,1782360474.3923159,0.0019969940185546875
151718,normal,1751,0,1782360474.3943677,0.002051830291748047
151719,normal,3467,0,1782360474.3963187,0.001950979232788086
151720,normal,2974,0,1782360474.398317,0.001998424530029297
151721,normal,1164,0,1782360474.400359,0.0020418167114257812
151722,normal,2477,0,1782360474.4023595,0.002000570297241211
151723,normal,3453,0,1782360474.4043174,0.0019578933715820312
151724,normal,43,0,1782360474.4063466,0.0020291805267333984
151725,normal,1006,2,1782360474.4083238,0.001977205276489258
151726,normal,495,0,1782360474.4103682,0.0020444393157958984
151727,normal,1033,0,1782360474.4123716,0.0020034313201904297
151728,normal,2037,0,1782360474.4143593,0.0019876956939697266
151729,normal,1292,0,1782360474.416321,0.0019617080688476562
151730,normal,1394,0,1782360474.4183445,0.002023458480834961
151731,normal,1205,0,1782360474.4203172,0.001972675323486328
151732,normal,1211,0,1782360474.4223394,0.002022266387939453
151733,normal,3407,0,1782360474.4243433,0.002003908157348633
151734,normal,1103,0,1782360474.4263213,0.0019779205322265625
151735,normal,1807,0,1782360474.42832,0.0019986629486083984
151736,normal,298,0,1782360474.430356,0.0020360946655273438
151737,normal,2373,0,1782360474.4323192,0.0019631385803222656
151738,normal,2524,0,1782360474.434318,0.0019989013671875
151739,normal,1058,0,1782360474.4363701,0.0020520687103271484
151740,normal,1769,0,1782360474.4383214,0.0019512176513671875
151741,normal,1433,0,1782360474.440321,0.0019996166229248047
151742,normal,3591,0,1782360474.4423535,0.0020325183868408203
151743,normal,3368,1,1782360474.4443192,0.001965761184692383
151744,normal,1522,0,1782360474.4464314,0.002112150192260742
151745,normal,1854,0,1782360474.4483533,0.0019218921661376953
151746,normal,1743,0,1782360474.4503188,0.0019655227661132812
151747,normal,1745,0,1782360474.452327,0.002008199691772461
151748,normal,2585,0,1782360474.4543424,0.002015352249145508
151749,normal,2451,0,1782360474.4563186,0.0019762516021728516
151750,normal,29,0,1782360474.4583566,0.0020380020141601562
151751,normal,1054,0,1782360474.4603498,0.0019931793212890625
151752,normal,2599,0,1782360474.462319,0.0019690990447998047
151753,normal,3205,1,1782360474.4643192,0.0020003318786621094
151754,normal,2285,0,1782360474.466341,0.00202178955078125
151755,normal,102,0,1782360474.4683537,0.0020127296447753906
151756,normal,1418,0,1782360474.4703221,0.0019683837890625
151757,normal,1507,0,1782360474.4723418,0.002019643783569336
151758,normal,2437,0,1782360474.4743195,0.001977682113647461
151759,normal,1021,2,1782360474.4763196,0.002000093460083008
151760,normal,2603,0,1782360474.4783404,0.0020208358764648438
151761,normal,2716,0,1782360474.480318,0.001977682113647461
151762,normal,3450,0,1782360474.4823172,0.0019991397857666016
151763,normal,1310,0,1782360474.4843369,0.002019643783569336
151764,normal,694,0,1782360474.4863245,0.0019876956939697266
151765,normal,2291,0,1782360474.4883158,0.00199127197265625
151766,normal,3597,0,1782360474.4903483,0.0020325183868408203
151767,normal,3361,1,1782360474.4923148,0.0019664764404296875
151768,normal,2573,0,1782360474.4943178,0.0020029544830322266
151769,normal,1803,0,1782360474.4963388,0.0020210742950439453
151770,normal,3502,0,1782360474.498317,0.001978158950805664
151771,normal,42,0,1782360474.5003157,0.0019986629486083984
151772,normal,2103,0,1782360474.5023634,0.0020477771759033203
151773,normal,3310,1,1782360474.5043185,0.0019550323486328125
151774,normal,296,0,1782360474.5063162,0.001997709274291992
151775,normal,3171,1,1782360474.5083401,0.002023935317993164
151776,normal,155,0,1782360474.510316,0.0019757747650146484
151777,normal,1992,0,1782360474.512317,0.002001047134399414
151778,normal,2307,0,1782360474.5143483,0.0020313262939453125
151779,normal,3566,0,1782360474.516328,0.001979827880859375
151780,normal,2866,0,1782360474.5183237,0.001995563507080078
151781,normal,1397,0,1782360474.5203636,0.0020399093627929688
151782,normal,1633,0,1782360474.5223224,0.0019588470458984375
151783,normal,3444,0,1782360474.524317,0.001994609832763672
151784,normal,1254,0,1782360474.526368,0.0020508766174316406
151785,normal,2344,0,1782360474.5283186,0.0019507408142089844
151786,normal,1325,1,1782360474.5303173,0.0019986629486083984
151787,normal,1248,0,1782360474.5324376,0.0021202564239501953
151788,normal,221,0,1782360474.5343263,0.0018887519836425781
151789,normal,3039,0,1782360474.5363235,0.001997232437133789
151790,normal,3344,1,1782360474.5384457,0.002122163772583008
151791,normal,1465,0,1782360474.54037,0.001924276351928711
151792,normal,488,0,1782360474.5423238,0.0019538402557373047
151793,normal,1168,0,1782360474.544369,0.002045154571533203
151794,normal,1825,0,1782360474.5463169,0.0019478797912597656
151795,normal,1989,0,1782360474.548327,0.0020101070404052734
151796,normal,3613,0,1782360474.5503836,0.002056598663330078
151797,normal,3270,1,1782360474.552332,0.0019483566284179688
151798,normal,3676,0,1782360474.5543177,0.001985788345336914
151799,normal,1146,0,1782360474.556366,0.0020482540130615234
151800,normal,2881,0,1782360474.5583215,0.0019555091857910156
151801,normal,1997,0,1782360474.560316,0.001994609832763672
151802,normal,1936,0,1782360474.5623431,0.0020270347595214844
151803,normal,2261,0,1782360474.5643241,0.001981019973754883
151804,normal,1687,0,1782360474.5663204,0.001996278762817383
151805,normal,1771,0,1782360474.568337,0.0020165443420410156
151806,normal,1364,1,1782360474.5703192,0.0019822120666503906
151807,normal,2549,0,1782360474.5723188,0.0019996166229248047
151808,normal,3271,1,1782360474.5743546,0.002035856246948242
151809,normal,1648,0,1782360474.5764127,0.0020580291748046875
151810,normal,1892,0,1782360474.5783927,0.0019800662994384766
151811,normal,3529,0,1782360474.580449,0.0020563602447509766
151812,normal,992,2,1782360474.582407,0.0019578933715820312
151813,normal,1014,2,1782360474.5844119,0.002004861831665039
151814,normal,2214,0,1782360474.5864124,0.002000570297241211
151815,normal,2895,0,1782360474.5883946,0.0019822120666503906
151816,normal,1859,0,1782360474.5904086,0.0020139217376708984
151817,normal,1913,0,1782360474.5924084,0.0019998550415039062
151818,normal,2028,0,1782360474.594409,0.002000570297241211
151819,normal,2297,0,1782360474.5964136,0.0020046234130859375
151820,normal,3705,0,1782360474.598415,0.0020012855529785156
151821,normal,270,0,1782360474.6004066,0.001991748809814453
151822,normal,1133,0,1782360474.6024077,0.002001047134399414
151823,normal,3279,1,1782360474.6044183,0.0020105838775634766
151824,normal,2076,0,1782360474.6063943,0.00197601318359375
151825,normal,2627,0,1782360474.608416,0.00202178955078125
151826,normal,268,0,1782360474.610407,0.0019910335540771484
151827,normal,80,0,1782360474.6123927,0.0019855499267578125
151828,normal,116,0,1782360474.6144373,0.002044677734375
151829,normal,1055,0,1782360474.6164236,0.001986265182495117
151830,normal,2104,0,1782360474.6183908,0.001967191696166992
151831,normal,3526,0,1782360474.6204057,0.0020148754119873047
151832,normal,924,2,1782360474.622414,0.0020084381103515625
151833,normal,343,0,1782360474.6244078,0.0019936561584472656
151834,normal,905,2,1782360474.626406,0.0019981861114501953
151835,normal,3446,0,1782360474.628392,0.0019860267639160156
151836,normal,2299,0,1782360474.6303937,0.0020017623901367188
151837,normal,1678,0,1782360474.632393,0.0019991397857666016
151838,normal,252,0,1782360474.634617,0.0022242069244384766
151839,normal,1391,0,1782360474.6365843,0.001967191696166992
151840,normal,2409,0,1782360474.638525,0.0019407272338867188
151841,normal,413,0,1782360474.640389,0.0018639564514160156
151842,normal,2560,0,1782360474.6423728,0.0019838809967041016
151843,normal,3244,1,1782360474.6444688,0.002095937728881836
151844,normal,3190,1,1782360474.6462946,0.0018258094787597656
151845,normal,805,2,1782360474.6485856,0.002290964126586914
151846,normal,967,2,1782360474.6504152,0.0018296241760253906
151847,normal,3593,0,1782360474.6526394,0.0022242069244384766
151848,normal,1806,0,1782360474.6543574,0.0017180442810058594
151849,normal,1026,2,1782360474.656581,0.002223491668701172
151850,normal,3598,0,1782360474.6584773,0.0018963813781738281
151851,normal,1390,0,1782360474.660379,0.0019016265869140625
151852,normal,1475,0,1782360474.662573,0.0021941661834716797
151853,normal,1298,0,1782360474.664456,0.001882791519165039
151854,normal,3354,1,1782360474.6664226,0.001966714859008789
151855,normal,1979,0,1782360474.6685889,0.002166271209716797
151856,normal,1059,0,1782360474.6705084,0.0019195079803466797
151857,normal,3389,1,1782360474.6723752,0.0018668174743652344
151858,normal,3412,0,1782360474.6745656,0.0021903514862060547
151859,normal,2869,0,1782360474.6764882,0.001922607421875
151860,normal,810,2,1782360474.6783793,0.0018911361694335938
151861,normal,455,0,1782360474.6805818,0.0022025108337402344
151862,normal,703,0,1782360474.6825593,0.0019774436950683594
151863,normal,3619,0,1782360474.6843848,0.001825571060180664
151864,normal,2079,0,1782360474.6865761,0.002191305160522461
151865,normal,1304,0,1782360474.6885335,0.001957416534423828
151866,normal,2989,0,1782360474.6903787,0.0018451213836669922
151867,normal,245,0,1782360474.6925695,0.002190828323364258
151868,normal,3028,0,1782360474.694572,0.0020024776458740234
151869,normal,3067,1,1782360474.6964278,0.0018558502197265625
151870,normal,1974,0,1782360474.6985853,0.002157449722290039
151871,normal,1374,1,1782360474.7005534,0.0019681453704833984
151872,normal,2721,0,1782360474.7023776,0.0018241405487060547
151873,normal,1388,0,1782360474.704562,0.0021843910217285156
151874,normal,1242,0,1782360474.7065337,0.001971721649169922
151875,normal,3399,1,1782360474.7083833,0.0018496513366699219
151876,normal,2311,0,1782360474.710564,0.0021805763244628906
151877,normal,3123,1,1782360474.7125444,0.0019805431365966797
151878,normal,551,0,1782360474.7143807,0.0018362998962402344
151879,normal,3249,1,1782360474.7165606,0.002179861068725586
151880,normal,2248,0,1782360474.7185616,0.002001047134399414
151881,normal,668,0,1782360474.7203891,0.0018274784088134766
151882,normal,1087,0,1782360474.7225678,0.002178668975830078
151883,normal,568,0,1782360474.724548,0.001980304718017578
151884,normal,487,0,1782360474.7264543,0.0019061565399169922
151885,normal,1584,0,1782360474.7285864,0.0021321773529052734
151886,normal,2022,0,1782360474.730544,0.0019576549530029297
151887,normal,2972,0,1782360474.7323804,0.0018362998962402344
151888,normal,2837,0,1782360474.7345593,0.0021789073944091797
151889,normal,2427,0,1782360474.7365704,0.0020110607147216797
151890,normal,3056,1,1782360474.738381,0.0018105506896972656
151891,normal,686,0,1782360474.7403793,0.001998424530029297
151892,normal,3459,0,1782360474.742554,0.0021746158599853516
151893,normal,702,0,1782360474.7443807,0.0018267631530761719
151894,normal,1675,0,1782360474.7465608,0.0021800994873046875
151895,normal,1460,0,1782360474.7485433,0.001982450485229492
151896,normal,445,0,1782360474.750385,0.0018417835235595703
151897,normal,244,0,1782360474.7525718,0.0021867752075195312
151898,normal,82,0,1782360474.754557,0.0019850730895996094
151899,normal,1534,0,1782360474.756475,0.0019180774688720703
151900,normal,255,0,1782360474.7586105,0.0021355152130126953
151901,normal,2632,0,1782360474.7605705,0.0019600391387939453
151902,normal,3698,0,1782360474.7624474,0.0018768310546875
151903,normal,516,0,1782360474.7645912,0.00214385986328125
151904,normal,14,0,1782360474.7665443,0.001953125
151905,normal,721,0,1782360474.7684264,0.0018820762634277344
151906,normal,2619,0,1782360474.7706053,0.0021789073944091797
151907,normal,1995,0,1782360474.7724137,0.0018084049224853516
151908,normal,730,0,1782360474.774448,0.0020341873168945312
151909,normal,803,2,1782360474.7764318,0.0019838809967041016
151910,normal,133,0,1782360474.778419,0.0019872188568115234
151911,normal,1244,0,1782360474.780405,0.0019860267639160156
151912,normal,601,0,1782360474.7824068,0.0020017623901367188
151913,normal,2808,0,1782360474.7844145,0.002007722854614258
151914,normal,1190,0,1782360474.7863755,0.0019609928131103516
151915,normal,2577,0,1782360474.7883916,0.0020160675048828125
151916,normal,1713,0,1782360474.7904122,0.002020597457885742
151917,normal,1580,0,1782360474.7923787,0.0019664764404296875
151918,normal,2680,0,1782360474.7944896,0.0021109580993652344
151919,normal,2813,0,1782360474.796476,0.001986265182495117
151920,normal,918,2,1782360474.798369,0.0018930435180664062
151921,normal,361,0,1782360474.8003943,0.0020253658294677734
151922,normal,2303,0,1782360474.8024147,0.0020203590393066406
151923,normal,3644,0,1782360474.8043945,0.001979827880859375
151924,normal,1291,0,1782360474.8064146,0.002020120620727539
151925,normal,2040,0,1782360474.8084102,0.001995563507080078
151926,normal,1698,0,1782360474.8104076,0.0019974708557128906
151927,normal,1008,2,1782360474.8123899,0.0019822120666503906
151928,normal,234,0,1782360474.814394,0.0020041465759277344
151929,normal,648,0,1782360474.8164048,0.002010822296142578
151930,normal,1589,0,1782360474.8184092,0.002004384994506836
151931,normal,3607,0,1782360474.8203905,0.0019812583923339844
151932,normal,2681,0,1782360474.8223948,0.002004384994506836
151933,normal,1942,0,1782360474.82441,0.0020151138305664062
151934,normal,1986,0,1782360474.8264344,0.002024412155151367
151935,normal,942,2,1782360474.828411,0.0019767284393310547
151936,normal,3544,0,1782360474.830411,0.0019998550415039062
151937,normal,614,0,1782360474.8323946,0.001983642578125
151938,normal,2186,0,1782360474.8344152,0.002020597457885742
151939,normal,1311,0,1782360474.8364031,0.001987934112548828
151940,normal,2617,0,1782360474.838415,0.0020117759704589844
151941,normal,2937,0,1782360474.8404047,0.0019898414611816406
151942,normal,522,0,1782360474.842407,0.002002239227294922
151943,normal,2930,0,1782360474.8444076,0.002000570297241211
151944,normal,285,0,1782360474.8463933,0.001985788345336914
151945,normal,3394,1,1782360474.8484035,0.0020101070404052734
151946,normal,813,2,1782360474.8504074,0.002003908157348633
151947,normal,2591,0,1782360474.8523927,0.001985311508178711
151948,normal,1897,0,1782360474.854407,0.0020143985748291016
151949,normal,1466,0,1782360474.8563924,0.001985311508178711
151950,normal,214,0,1782360474.8584056,0.0020132064819335938
151951,normal,2839,0,1782360474.8604188,0.0020132064819335938
151952,normal,2428,0,1782360474.8624105,0.001991748809814453
151953,normal,3215,1,1782360474.864407,0.0019965171813964844
151954,normal,1169,0,1782360474.8664067,0.0019996166229248047
151955,normal,72,0,1782360474.8684106,0.002003908157348633
151956,normal,2919,0,1782360474.8704085,0.0019979476928710938
151957,normal,1909,0,1782360474.8724234,0.0020148754119873047
151958,normal,2906,0,1782360474.8744614,0.0020380020141601562
151959,normal,3096,1,1782360474.8763666,0.001905202865600586
151960,normal,2614,0,1782360474.8783586,0.0019919872283935547
151961,normal,3062,1,1782360474.880455,0.002096414566040039
151962,normal,1421,0,1782360474.8823602,0.001905202865600586
151963,normal,1906,0,1782360474.8843594,0.0019991397857666016
151964,normal,1439,0,1782360474.8864112,0.002051830291748047
151965,normal,1195,0,1782360474.8883579,0.0019466876983642578
151966,normal,923,2,1782360474.8903582,0.0020003318786621094
151967,normal,1976,0,1782360474.8923895,0.0020313262939453125
151968,normal,2083,0,1782360474.8943598,0.0019702911376953125
151969,normal,370,0,1782360474.8963568,0.0019969940185546875
151970,normal,446,0,1782360474.898391,0.0020341873168945312
151971,normal,1758,0,1782360474.9003577,0.001966714859008789
151972,normal,845,2,1782360474.9023576,0.0019998550415039062
151973,normal,2277,0,1782360474.90441,0.00205230712890625
151974,normal,92,0,1782360474.906359,0.0019490718841552734
151975,normal,739,0,1782360474.908359,0.002000093460083008
151976,normal,581,0,1782360474.9103906,0.002031564712524414
151977,normal,2538,0,1782360474.9123557,0.001965045928955078
151978,normal,1581,0,1782360474.9143596,0.002003908157348633
151979,normal,434,0,1782360474.916413,0.002053499221801758
151980,normal,2985,0,1782360474.9183617,0.0019485950469970703
151981,normal,3625,0,1782360474.9203598,0.0019981861114501953
151982,normal,78,0,1782360474.9223886,0.0020287036895751953
151983,normal,1221,0,1782360474.9244146,0.002026081085205078
151984,normal,1340,1,1782360474.9264097,0.001995086669921875
151985,normal,274,0,1782360474.928426,0.002016305923461914
151986,normal,970,2,1782360474.9303658,0.0019397735595703125
151987,normal,2705,0,1782360474.932374,0.002008199691772461
151988,normal,1756,0,1782360474.9343805,0.00200653076171875
151989,normal,2119,0,1782360474.9363167,0.001936197280883789
151990,normal,1435,0,1782360474.9384377,0.0021209716796875
151991,normal,2893,0,1782360474.940363,0.0019252300262451172
151992,normal,897,2,1782360474.9423037,0.0019407272338867188
151993,normal,669,0,1782360474.9444284,0.002124786376953125
151994,normal,2637,0,1782360474.9463615,0.0019330978393554688
151995,normal,1966,0,1782360474.9483469,0.001985311508178711
151996,normal,1070,0,1782360474.9503622,0.002015352249145508
151997,normal,778,2,1782360474.9523904,0.002028226852416992
151998,normal,1081,0,1782360474.9543674,0.0019769668579101562
151999,normal,158,0,1782360474.9563673,0.0019998550415039062
152000,normal,634,0,1782360474.9583917,0.002024412155151367
152001,normal,372,0,1782360474.9603589,0.001967191696166992
152002,normal,2904,0,1782360474.962366,0.0020072460174560547
152003,normal,1569,0,1782360474.9643917,0.002025604248046875
152004,normal,1946,0,1782360474.9663625,0.0019707679748535156
152005,normal,1850,0,1782360474.96836,0.0019974708557128906
152006,normal,1156,0,1782360474.9703882,0.002028226852416992
152007,normal,2032,0,1782360474.9723592,0.001971006393432617
152008,normal,2824,0,1782360474.9743683,0.002009153366088867
152009,normal,3630,0,1782360474.9763904,0.0020220279693603516
152010,normal,628,0,1782360474.9783597,0.0019693374633789062
152011,normal,3403,0,1782360474.9803598,0.002000093460083008
152012,normal,3093,1,1782360474.9823909,0.002031087875366211
152013,normal,884,2,1782360474.9843607,0.0019698143005371094
152014,normal,1175,0,1782360474.9863596,0.0019989013671875
152015,normal,2905,0,1782360474.988408,0.002048492431640625
152016,normal,3275,1,1782360474.990362,0.0019538402557373047
152017,normal,2713,0,1782360474.9923604,0.001998424530029297
152018,normal,575,0,1782360474.9944155,0.0020551681518554688
152019,normal,60,0,1782360474.9963608,0.0019452571868896484
152020,normal,621,0,1782360474.9983573,0.0019965171813964844
152021,normal,857,2,1782360475.000423,0.0020656585693359375
152022,normal,1496,0,1782360475.0023613,0.0019383430480957031
152023,normal,2740,0,1782360475.004361,0.0019996166229248047
152024,normal,2295,0,1782360475.0064147,0.0020537376403808594
152025,normal,1305,0,1782360475.0083587,0.0019440650939941406
152026,normal,920,2,1782360475.0103316,0.0019729137420654297
152027,normal,2332,0,1782360475.012361,0.0020294189453125
152028,normal,1082,0,1782360475.0143244,0.001963376998901367
152029,normal,2210,0,1782360475.0164294,0.0021049976348876953
152030,normal,1945,0,1782360475.0183704,0.0019409656524658203
152031,normal,2793,0,1782360475.0203032,0.0019328594207763672
152032,normal,1532,0,1782360475.0224288,0.0021255016326904297
152033,normal,2885,0,1782360475.0243752,0.0019464492797851562
152034,normal,1940,0,1782360475.026337,0.0019617080688476562
152035,normal,2160,0,1782360475.028363,0.002026081085205078
152036,normal,981,2,1782360475.0304189,0.0020558834075927734
152037,normal,1985,0,1782360475.0323775,0.001958608627319336
152038,normal,3581,0,1782360475.0343578,0.001980304718017578
152039,normal,177,0,1782360475.0363944,0.002036571502685547
152040,normal,1233,0,1782360475.038359,0.001964569091796875
152041,normal,3134,1,1782360475.0403593,0.0020003318786621094
152042,normal,952,2,1782360475.0423925,0.002033233642578125
152043,normal,3110,1,1782360475.0443614,0.001968860626220703
152044,normal,2656,0,1782360475.0463614,0.002000093460083008
152045,normal,3243,1,1782360475.0483937,0.0020322799682617188
152046,normal,3086,1,1782360475.0503602,0.0019664764404296875
152047,normal,1111,0,1782360475.052361,0.0020008087158203125
152048,normal,1093,0,1782360475.0543928,0.0020318031311035156
152049,normal,3000,0,1782360475.0563586,0.001965761184692383
152050,normal,1669,0,1782360475.0583594,0.0020008087158203125
152051,normal,294,0,1782360475.0603943,0.002034902572631836
152052,normal,472,0,1782360475.06236,0.001965761184692383
152053,normal,1051,0,1782360475.0643597,0.0019996166229248047
152054,normal,591,0,1782360475.0664098,0.002050161361694336
152055,normal,1232,0,1782360475.0683608,0.001950979232788086
152056,normal,1198,0,1782360475.07036,0.0019991397857666016
152057,normal,825,2,1782360475.0724163,0.0020563602447509766
152058,normal,1684,0,1782360475.0743587,0.0019423961639404297
152059,normal,57,0,1782360475.0763738,0.0020151138305664062
152060,normal,3359,1,1782360475.078394,0.002020120620727539
152061,normal,646,0,1782360475.080365,0.001971006393432617
152062,normal,1129,0,1782360475.0823603,0.0019953250885009766
152063,normal,347,0,1782360475.0844123,0.0020520687103271484
152064,normal,623,0,1782360475.0863593,0.0019469261169433594
152065,normal,894,2,1782360475.0883605,0.0020012855529785156
152066,normal,925,2,1782360475.0904093,0.0020487308502197266
152067,normal,1839,0,1782360475.09236,0.0019507408142089844
152068,normal,2358,0,1782360475.0943582,0.0019981861114501953
152069,normal,1057,0,1782360475.0963926,0.002034425735473633
152070,normal,2939,0,1782360475.0983577,0.001965045928955078
152071,normal,3543,0,1782360475.1003585,0.0020008087158203125
152072,normal,2048,0,1782360475.1023915,0.0020329952239990234
152073,normal,1734,0,1782360475.1043603,0.001968860626220703
152074,normal,2086,0,1782360475.1063583,0.0019979476928710938
152075,normal,848,2,1782360475.1083915,0.002033233642578125
152076,normal,829,2,1782360475.1103644,0.0019729137420654297
152077,normal,586,0,1782360475.1123567,0.0019922256469726562
152078,normal,1956,0,1782360475.114389,0.0020322799682617188
152079,normal,3652,0,1782360475.1163568,0.001967906951904297
152080,normal,1337,1,1782360475.1183598,0.0020029544830322266
152081,normal,3441,0,1782360475.120388,0.002028226852416992
152082,normal,291,0,1782360475.1223595,0.0019714832305908203
152083,normal,1592,0,1782360475.1243596,0.002000093460083008
152084,normal,1450,0,1782360475.1263902,0.002030611038208008
152085,normal,5,0,1782360475.1283588,0.0019686222076416016
152086,normal,165,0,1782360475.1303594,0.002000570297241211
152087,normal,499,0,1782360475.1323924,0.0020329952239990234
152088,normal,793,2,1782360475.134359,0.0019664764404296875
152089,normal,2785,0,1782360475.1363587,0.0019998550415039062
152090,normal,543,0,1782360475.1383877,0.002028942108154297
152091,normal,1828,0,1782360475.14036,0.0019724369049072266
152092,normal,2313,0,1782360475.1423593,0.0019991397857666016
152093,normal,211,0,1782360475.1444142,0.002054929733276367
152094,normal,1681,0,1782360475.1463578,0.0019435882568359375
152095,normal,1797,0,1782360475.1483598,0.0020020008087158203
152096,normal,119,0,1782360475.1504095,0.002049684524536133
152097,normal,896,2,1782360475.1523578,0.0019483566284179688
152098,normal,661,0,1782360475.154359,0.0020012855529785156
152099,normal,1493,0,1782360475.1563888,0.0020296573638916016
152100,normal,3616,0,1782360475.1583579,0.0019690990447998047
152101,normal,31,0,1782360475.1603582,0.0020003318786621094
152102,normal,966,2,1782360475.1624293,0.0020711421966552734
152103,normal,250,0,1782360475.1643584,0.0019290447235107422
152104,normal,541,0,1782360475.1663568,0.001998424530029297
152105,normal,1106,0,1782360475.1683846,0.002027750015258789
152106,normal,2442,0,1782360475.170359,0.001974344253540039
152107,normal,1115,0,1782360475.1723595,0.002000570297241211
152108,normal,2578,0,1782360475.174386,0.0020265579223632812
152109,normal,2882,0,1782360475.176358,0.0019719600677490234
152110,normal,1402,0,1782360475.1783574,0.001999378204345703
152111,normal,904,2,1782360475.180385,0.002027750015258789
152112,normal,3006,0,1782360475.1823592,0.0019741058349609375
152113,normal,1253,0,1782360475.1843581,0.0019989013671875
152114,normal,3360,1,1782360475.186383,0.0020248889923095703
152115,normal,881,2,1782360475.1883638,0.0019807815551757812
152116,normal,3643,0,1782360475.1903586,0.0019948482513427734
152117,normal,1597,0,1782360475.192385,0.0020263195037841797
152118,normal,2541,0,1782360475.1943588,0.001973867416381836
152119,normal,2157,0,1782360475.196359,0.002000093460083008
152120,normal,3608,0,1782360475.1983829,0.002023935317993164
152121,normal,3214,1,1782360475.2003586,0.0019757747650146484
152122,normal,993,2,1782360475.202358,0.001999378204345703
152123,normal,2931,0,1782360475.204383,0.0020248889923095703
152124,normal,729,0,1782360475.2063584,0.001975536346435547
152125,normal,240,0,1782360475.2083595,0.002001047134399414
152126,normal,867,2,1782360475.2103908,0.0020313262939453125
152127,normal,2460,0,1782360475.2123585,0.0019676685333251953
152128,normal,498,0,1782360475.214358,0.0019996166229248047
152129,normal,400,0,1782360475.2163842,0.002026081085205078
152130,normal,388,0,1782360475.2183647,0.0019805431365966797
152131,normal,653,0,1782360475.2203588,0.0019941329956054688
152132,normal,2055,0,1782360475.2223873,0.0020284652709960938
152133,normal,1407,0,1782360475.2243583,0.001971006393432617
152134,normal,1502,0,1782360475.226358,0.0019996166229248047
152135,normal,3210,1,1782360475.2283912,0.002033233642578125
152136,normal,1907,0,1782360475.2303574,0.001966238021850586
152137,normal,797,2,1782360475.232358,0.002000570297241211
152138,normal,2319,0,1782360475.2343836,0.002025604248046875
152139,normal,2766,0,1782360475.2364092,0.002025604248046875
152140,normal,741,0,1782360475.2385879,0.002178668975830078
152141,normal,578,0,1782360475.2403824,0.001794576644897461
152142,normal,3583,0,1782360475.2424233,0.002040863037109375
152143,normal,1795,0,1782360475.2445521,0.0021288394927978516
152144,normal,2552,0,1782360475.2463887,0.001836538314819336
152145,normal,456,0,1782360475.2483785,0.0019898414611816406
152146,normal,878,2,1782360475.2505372,0.002158641815185547
152147,normal,55,0,1782360475.2523792,0.0018420219421386719
152148,normal,1281,0,1782360475.254478,0.0020987987518310547
152149,normal,585,0,1782360475.2564943,0.002016305923461914
152150,normal,3065,1,1782360475.258511,0.002016782760620117
152151,normal,3211,1,1782360475.2603872,0.0018761157989501953
152152,normal,3059,1,1782360475.2623694,0.0019822120666503906
152153,normal,2861,0,1782360475.264312,0.0019426345825195312
152154,normal,657,0,1782360475.2664118,0.002099752426147461
152155,normal,3232,1,1782360475.2683468,0.0019350051879882812
152156,normal,170,0,1782360475.2703245,0.001977682113647461
152157,normal,200,0,1782360475.2723553,0.0020308494567871094
152158,normal,66,0,1782360475.274435,0.0020797252655029297
152159,normal,2504,0,1782360475.2763233,0.001888275146484375
152160,normal,448,0,1782360475.2784414,0.0021181106567382812
152161,normal,358,0,1782360475.2803195,0.0018780231475830078
152162,normal,3494,0,1782360475.2823658,0.002046346664428711
152163,normal,1487,0,1782360475.284324,0.001958131790161133
152164,normal,765,0,1782360475.2863498,0.0020258426666259766
152165,normal,2642,0,1782360475.288363,0.0020132064819335938
152166,normal,2917,0,1782360475.2903285,0.0019655227661132812
152167,normal,339,0,1782360475.292347,0.002018451690673828
152168,normal,1895,0,1782360475.2943695,0.0020225048065185547
152169,normal,2704,0,1782360475.2963243,0.001954793930053711
152170,normal,2618,0,1782360475.2983465,0.002022266387939453
152171,normal,1720,0,1782360475.3003783,0.0020318031311035156
152172,normal,2036,0,1782360475.3023252,0.0019469261169433594
152173,normal,1908,0,1782360475.304434,0.0021088123321533203
152174,normal,3508,0,1782360475.306389,0.0019550323486328125
152175,normal,1523,0,1782360475.3083246,0.0019354820251464844
152176,normal,3155,1,1782360475.3104346,0.002110004425048828
152177,normal,3026,0,1782360475.3123472,0.0019125938415527344
152178,normal,3433,0,1782360475.3143222,0.0019750595092773438
152179,normal,2134,0,1782360475.316345,0.0020227432250976562
152180,normal,1883,0,1782360475.3184566,0.002111673355102539
152181,normal,1224,0,1782360475.320341,0.00188446044921875
152182,normal,2198,0,1782360475.3223722,0.002031087875366211
152183,normal,2200,0,1782360475.3243585,0.001986265182495117
152184,normal,322,0,1782360475.326367,0.0020084381103515625
152185,normal,1010,2,1782360475.3283713,0.002004384994506836
152186,normal,549,0,1782360475.3303535,0.0019822120666503906
152187,normal,1647,0,1782360475.3323877,0.0020341873168945312
152188,normal,3328,1,1782360475.3343754,0.0019876956939697266
152189,normal,2737,0,1782360475.336354,0.001978635787963867
152190,normal,1056,0,1782360475.3383524,0.001998424530029297
152191,normal,2991,0,1782360475.3403883,0.002035856246948242
152192,normal,1786,0,1782360475.342386,0.001997709274291992
152193,normal,2464,0,1782360475.3443892,0.002003192901611328
152194,normal,2553,0,1782360475.3463738,0.0019845962524414062
152195,normal,607,0,1782360475.348348,0.0019741058349609375
152196,normal,722,0,1782360475.3503625,0.002014636993408203
152197,normal,862,2,1782360475.3523545,0.0019919872283935547
152198,normal,483,0,1782360475.3543453,0.001990795135498047
152199,normal,2501,0,1782360475.3563251,0.001979827880859375
152200,normal,2455,0,1782360475.3583593,0.0020341873168945312
152201,normal,3650,0,1782360475.360359,0.0019996166229248047
152202,normal,2800,0,1782360475.3623648,0.0020058155059814453
152203,normal,2341,0,1782360475.3643658,0.002001047134399414
152204,normal,2802,0,1782360475.3663568,0.0019910335540771484
152205,normal,2469,0,1782360475.3683214,0.001964569091796875
152206,normal,3189,1,1782360475.3703585,0.00203704833984375
152207,normal,3267,1,1782360475.3723443,0.001985788345336914
152208,normal,3471,0,1782360475.3743203,0.00197601318359375
152209,normal,1596,0,1782360475.3763216,0.0020012855529785156
152210,normal,842,2,1782360475.3783364,0.0020148754119873047
152211,normal,2653,0,1782360475.3803215,0.0019850730895996094
152212,normal,243,0,1782360475.3823564,0.002034902572631836
152213,normal,64,0,1782360475.3843532,0.001996755599975586
152214,normal,1280,0,1782360475.3863196,0.0019664764404296875
152215,normal,2565,0,1782360475.3883567,0.00203704833984375
152216,normal,2523,0,1782360475.3903496,0.001992940902709961
152217,normal,310,0,1782360475.3923576,0.0020079612731933594
152218,normal,2481,0,1782360475.394319,0.0019614696502685547
152219,normal,3106,1,1782360475.3963404,0.002021312713623047
152220,normal,1588,0,1782360475.398321,0.0019805431365966797
152221,normal,3101,1,1782360475.4003568,0.002035856246948242
152222,normal,2772,0,1782360475.4025023,0.002145528793334961
152223,normal,1775,0,1782360475.4044092,0.0019068717956542969
152224,normal,309,0,1782360475.4065084,0.002099275588989258
152225,normal,2379,0,1782360475.40849,0.001981496810913086
152226,normal,3076,1,1782360475.4103594,0.0018694400787353516
152227,normal,3277,1,1782360475.4125257,0.002166271209716797
152228,normal,3576,0,1782360475.4144957,0.001970052719116211
152229,normal,3364,1,1782360475.416446,0.0019502639770507812
152230,normal,2467,0,1782360475.4187362,0.0022902488708496094
152231,normal,780,2,1782360475.4206238,0.0018875598907470703
152232,normal,889,2,1782360475.4223824,0.001758575439453125
152233,normal,3527,0,1782360475.4245915,0.002209186553955078
152234,normal,610,0,1782360475.4264855,0.0018939971923828125
152235,normal,998,2,1782360475.428368,0.0018825531005859375
152236,normal,105,0,1782360475.4306173,0.0022492408752441406
152237,normal,2247,0,1782360475.4325008,0.0018835067749023438
152238,normal,3241,1,1782360475.4344263,0.0019254684448242188
152239,normal,104,0,1782360475.4365857,0.0021593570709228516
152240,normal,2940,0,1782360475.438518,0.001932382583618164
152241,normal,662,0,1782360475.4404268,0.0019087791442871094
152242,normal,63,0,1782360475.442602,0.0021750926971435547
152243,normal,1548,0,1782360475.4445338,0.001931905746459961
152244,normal,3482,0,1782360475.4463801,0.0018463134765625
152245,normal,1651,0,1782360475.4485703,0.002190113067626953
152246,normal,2601,0,1782360475.4505155,0.0019452571868896484
152247,normal,911,2,1782360475.4524293,0.0019137859344482422
152248,normal,411,0,1782360475.4545848,0.0021555423736572266
152249,normal,2335,0,1782360475.4565387,0.0019538402557373047
152250,normal,839,2,1782360475.458424,0.0018854141235351562
152251,normal,2623,0,1782360475.4605758,0.0021517276763916016
152252,normal,1990,0,1782360475.4625394,0.0019636154174804688
152253,normal,561,0,1782360475.4644246,0.0018851757049560547
152254,normal,2052,0,1782360475.4665904,0.0021657943725585938
152255,normal,2513,0,1782360475.4684958,0.0019054412841796875
152256,normal,747,0,1782360475.470376,0.0018801689147949219
152257,normal,1668,0,1782360475.4725575,0.002181529998779297
152258,normal,1724,0,1782360475.4745224,0.0019648075103759766
152259,normal,2593,0,1782360475.4763756,0.0018532276153564453
152260,normal,1173,0,1782360475.4784367,0.002061128616333008
152261,normal,973,2,1782360475.480485,0.0020482540130615234
152262,normal,1540,0,1782360475.482378,0.0018930435180664062
152263,normal,882,2,1782360475.484564,0.0021860599517822266
152264,normal,3462,0,1782360475.486578,0.0020139217376708984
152265,normal,2421,0,1782360475.4883788,0.0018007755279541016
152266,normal,3095,1,1782360475.4905913,0.0022125244140625
152267,normal,206,0,1782360475.4925022,0.0019109249114990234
152268,normal,2342,0,1782360475.4943855,0.0018832683563232422
152269,normal,2473,0,1782360475.496588,0.0022025108337402344
152270,normal,1898,0,1782360475.498538,0.0019500255584716797
152271,normal,2207,0,1782360475.500385,0.0018470287322998047
152272,normal,450,0,1782360475.5025632,0.002178192138671875
152273,normal,1332,1,1782360475.5045323,0.0019690990447998047
152274,normal,0,0,1782360475.5063796,0.0018472671508789062
152275,normal,2643,0,1782360475.5085778,0.0021982192993164062
152276,normal,3304,1,1782360475.5105073,0.0019295215606689453
152277,normal,1791,0,1782360475.5123847,0.0018773078918457031
152278,normal,1541,0,1782360475.5145588,0.0021741390228271484
152279,normal,3295,1,1782360475.516511,0.0019521713256835938
152280,normal,121,0,1782360475.518426,0.00191497802734375
152281,normal,67,0,1782360475.5206053,0.002179384231567383
152282,normal,1038,0,1782360475.5224938,0.0018885135650634766
152283,normal,122,0,1782360475.5243797,0.0018858909606933594
152284,normal,872,2,1782360475.5265687,0.0021889209747314453
152285,normal,1204,0,1782360475.5285165,0.0019478797912597656
152286,normal,479,0,1782360475.5303807,0.0018641948699951172
152287,normal,156,0,1782360475.5325875,0.0022068023681640625
152288,normal,2668,0,1782360475.5345216,0.001934051513671875
152289,normal,2324,0,1782360475.5364256,0.0019040107727050781
152290,normal,1768,0,1782360475.538563,0.002137422561645508
152291,normal,3122,1,1782360475.5405524,0.0019893646240234375
152292,normal,2978,0,1782360475.5423672,0.0018148422241210938
152293,normal,1039,0,1782360475.544591,0.0022237300872802734
152294,normal,3369,1,1782360475.5465062,0.0019152164459228516
152295,normal,2822,0,1782360475.548379,0.0018727779388427734
152296,normal,3082,1,1782360475.550569,0.002190113067626953
152297,normal,3658,0,1782360475.5525239,0.001954793930053711
152298,normal,2323,0,1782360475.5544193,0.0018954277038574219
152299,normal,508,0,1782360475.5565748,0.0021555423736572266
152300,normal,2047,0,1782360475.5585017,0.0019268989562988281
152301,normal,2727,0,1782360475.5603774,0.0018756389617919922
152302,normal,680,0,1782360475.562577,0.0021996498107910156
152303,normal,2196,0,1782360475.5645196,0.0019426345825195312
152304,normal,975,2,1782360475.5663779,0.0018582344055175781
152305,normal,1965,0,1782360475.5685623,0.0021843910217285156
152306,normal,3152,1,1782360475.570523,0.00196075439453125
152307,normal,1753,0,1782360475.572419,0.001895904541015625
152308,normal,3430,0,1782360475.5745854,0.0021665096282958984
152309,normal,3043,0,1782360475.5765135,0.001928091049194336
152310,normal,302,0,1782360475.5783834,0.0018699169158935547
152311,normal,995,2,1782360475.5805624,0.0021789073944091797
152312,normal,2660,0,1782360475.582515,0.0019526481628417969
152313,normal,83,0,1782360475.5844214,0.0019063949584960938
152314,normal,1691,0,1782360475.5865803,0.0021588802337646484
152315,normal,3605,0,1782360475.5885737,0.001993417739868164
152316,normal,1165,0,1782360475.5903628,0.001789093017578125
152317,normal,1536,0,1782360475.592568,0.0022051334381103516
152318,normal,1919,0,1782360475.5945368,0.001968860626220703
152319,normal,1705,0,1782360475.5964208,0.0018839836120605469
152320,normal,3004,0,1782360475.5985827,0.0021619796752929688
152321,normal,2246,0,1782360475.60063,0.002047300338745117
152322,normal,603,0,1782360475.6023664,0.0017364025115966797
152323,normal,3167,1,1782360475.6045768,0.002210378646850586
152324,normal,1855,0,1782360475.6065538,0.0019769668579101562
152325,normal,692,0,1782360475.6084235,0.0018696784973144531
152326,normal,419,0,1782360475.6105866,0.0021631717681884766
152327,normal,1732,0,1782360475.6124964,0.0019097328186035156
152328,normal,2799,0,1782360475.614588,0.002091646194458008
152329,normal,2563,0,1782360475.6165953,0.0020072460174560547
152330,normal,2378,0,1782360475.6187334,0.0021381378173828125
152331,normal,3392,1,1782360475.6204376,0.0017042160034179688
152332,normal,2901,0,1782360475.622773,0.0023353099822998047
152333,normal,3119,1,1782360475.6244314,0.0016584396362304688
152334,normal,360,0,1782360475.6266198,0.002188444137573242
152335,normal,3665,0,1782360475.62948,0.0028600692749023438
152336,normal,1356,1,1782360475.6304665,0.0009865760803222656
152337,normal,2349,0,1782360475.6325746,0.0021080970764160156
152338,normal,1607,0,1782360475.6352968,0.0027222633361816406
152339,normal,781,2,1782360475.637065,0.0017681121826171875
152340,normal,1420,0,1782360475.6385598,0.0014948844909667969
152341,normal,752,0,1782360475.6409087,0.0023488998413085938
152342,normal,406,0,1782360475.642929,0.0020203590393066406
152343,normal,1065,0,1782360475.6448236,0.0018944740295410156
152344,normal,1446,0,1782360475.6468513,0.002027750015258789
152345,normal,795,2,1782360475.6488807,0.0020294189453125
152346,normal,2422,0,1782360475.6512475,0.002366781234741211
152347,normal,1711,0,1782360475.6524487,0.0012011528015136719
152348,normal,1436,0,1782360475.654759,0.0023102760314941406
152349,normal,3151,1,1782360475.6564503,0.0016913414001464844
152350,normal,2471,0,1782360475.6587443,0.0022940635681152344
152351,normal,890,2,1782360475.6606224,0.0018780231475830078
152352,normal,874,2,1782360475.6625881,0.001965761184692383
152353,normal,2723,0,1782360475.6644497,0.001861572265625
152354,normal,1461,0,1782360475.6667504,0.002300739288330078
152355,normal,3674,0,1782360475.66844,0.0016896724700927734
152356,normal,762,0,1782360475.6705625,0.0021224021911621094
152357,normal,3427,0,1782360475.672701,0.002138376235961914
152358,normal,3642,0,1782360475.6745667,0.0018658638000488281
152359,normal,1660,0,1782360475.67665,0.002083301544189453
152360,normal,1147,0,1782360475.6787434,0.0020933151245117188
152361,normal,2634,0,1782360475.6804724,0.0017290115356445312
152362,normal,68,0,1782360475.682774,0.0023016929626464844
152363,normal,1902,0,1782360475.6844676,0.0016934871673583984
152364,normal,1297,0,1782360475.6865664,0.0020987987518310547
152365,normal,988,2,1782360475.6886246,0.002058267593383789
152366,normal,1696,0,1782360475.6907494,0.002124786376953125
152367,normal,3269,1,1782360475.6924422,0.0016927719116210938
152368,normal,2393,0,1782360475.6947486,0.0023064613342285156
152369,normal,2817,0,1782360475.6966562,0.0019075870513916016
152370,normal,536,0,1782360475.698566,0.0019097328186035156
152371,normal,2206,0,1782360475.7006087,0.0020427703857421875
152372,normal,2883,0,1782360475.7027342,0.0021255016326904297
152373,normal,2958,0,1782360475.7044451,0.0017108917236328125
152374,normal,2909,0,1782360475.7067277,0.0022826194763183594
152375,normal,2517,0,1782360475.7086508,0.0019230842590332031
152376,normal,2181,0,1782360475.710572,0.0019211769104003906
152377,normal,2530,0,1782360475.7126296,0.0020575523376464844
152378,normal,3447,0,1782360475.714759,0.0021295547485351562
152379,normal,2916,0,1782360475.7164419,0.0016827583312988281
152380,normal,922,2,1782360475.7187395,0.002297639846801758
152381,normal,2754,0,1782360475.7206197,0.0018801689147949219
152382,normal,1812,0,1782360475.7225726,0.0019528865814208984
152383,normal,2278,0,1782360475.7246132,0.0020406246185302734
152384,normal,1028,2,1782360475.7267427,0.0021295547485351562
152385,normal,564,0,1782360475.728554,0.0018112659454345703
152386,normal,2730,0,1782360475.7305655,0.002011537551879883
152387,normal,928,2,1782360475.7326958,0.002130270004272461
152388,normal,45,0,1782360475.7345881,0.0018923282623291016
152389,normal,2019,0,1782360475.736612,0.002023935317993164
152390,normal,1800,0,1782360475.73874,0.0021278858184814453
152391,normal,2492,0,1782360475.740442,0.0017020702362060547
152392,normal,723,0,1782360475.7427435,0.002301454544067383
152393,normal,3069,1,1782360475.7444675,0.0017240047454833984
152394,normal,1686,0,1782360475.7467513,0.002283811569213867
152395,normal,638,0,1782360475.7484443,0.0016930103302001953
152396,normal,2069,0,1782360475.7507682,0.0023238658905029297
152397,normal,3668,0,1782360475.7524436,0.0016753673553466797
152398,normal,500,0,1782360475.7547364,0.0022928714752197266
152399,normal,1457,0,1782360475.7566254,0.0018889904022216797
152400,normal,3679,0,1782360475.7585676,0.0019421577453613281
152401,normal,3293,1,1782360475.7606132,0.0020456314086914062
152402,normal,1921,0,1782360475.7627416,0.0021283626556396484
152403,normal,2220,0,1782360475.7644427,0.0017011165618896484
152404,normal,3409,0,1782360475.7667372,0.0022945404052734375
152405,normal,366,0,1782360475.7686172,0.0018799304962158203
152406,normal,2670,0,1782360475.7705705,0.0019533634185791016
152407,normal,2078,0,1782360475.7726192,0.0020487308502197266
152408,normal,2684,0,1782360475.7747598,0.002140522003173828
152409,normal,1012,2,1782360475.7764442,0.001684427261352539
152410,normal,533,0,1782360475.7787533,0.002309083938598633
152411,normal,1760,0,1782360475.7806277,0.0018744468688964844
152412,normal,2920,0,1782360475.7825677,0.001940011978149414
152413,normal,2449,0,1782360475.784613,0.002045154571533203
152414,normal,2001,0,1782360475.7867475,0.002134561538696289
152415,normal,1931,0,1782360475.7884433,0.001695871353149414
152416,normal,415,0,1782360475.7905672,0.0021238327026367188
152417,normal,3569,0,1782360475.7926412,0.002074003219604492
152418,normal,146,0,1782360475.7945662,0.0019249916076660156
152419,normal,841,2,1782360475.796612,0.002045869827270508
152420,normal,145,0,1782360475.7987425,0.0021305084228515625
152421,normal,2384,0,1782360475.8004446,0.0017020702362060547
152422,normal,1716,0,1782360475.8027456,0.0023009777069091797
152423,normal,1315,0,1782360475.8046265,0.0018808841705322266
152424,normal,1759,0,1782360475.8065643,0.0019378662109375
152425,normal,3685,0,1782360475.8086138,0.0020494461059570312
152426,normal,2406,0,1782360475.8107588,0.002145051956176758
152427,normal,2109,0,1782360475.8124495,0.0016906261444091797
152428,normal,776,2,1782360475.814747,0.002297639846801758
152429,normal,289,0,1782360475.8166544,0.0019073486328125
152430,normal,1395,0,1782360475.8184438,0.0017893314361572266
152431,normal,1636,0,1782360475.8207664,0.002322673797607422
152432,normal,2468,0,1782360475.822475,0.0017085075378417969
152433,normal,2556,0,1782360475.8247476,0.0022726058959960938
152434,normal,3537,0,1782360475.8264444,0.0016968250274658203
152435,normal,1878,0,1782360475.8287427,0.0022983551025390625
152436,normal,1518,0,1782360475.8304446,0.0017018318176269531
152437,normal,1000,2,1782360475.8327496,0.0023050308227539062
152438,normal,1574,0,1782360475.834613,0.0018634796142578125
152439,normal,3103,1,1782360475.8365767,0.0019636154174804688
152440,normal,3556,0,1782360475.8390305,0.0024538040161132812
152441,normal,2128,0,1782360475.8404474,0.001416921615600586
152442,normal,1303,0,1782360475.8425636,0.0021162033081054688
152443,normal,2922,0,1782360475.8446093,0.0020456314086914062
152444,normal,227,0,1782360475.8467448,0.0021355152130126953
152445,normal,859,2,1782360475.848452,0.001707315444946289
152446,normal,2518,0,1782360475.8507442,0.002292156219482422
152447,normal,2709,0,1782360475.8526247,0.0018804073333740234
152448,normal,3128,1,1782360475.854591,0.001966238021850586
152449,normal,1664,0,1782360475.8566132,0.002022266387939453
152450,normal,2085,0,1782360475.8587487,0.0021355152130126953
152451,normal,166,0,1782360475.8604434,0.0016946792602539062
152452,normal,996,2,1782360475.8627474,0.0023040771484375
152453,normal,3573,0,1782360475.8644743,0.0017268657684326172
152454,normal,3294,1,1782360475.8667552,0.0022809505462646484
152455,normal,1306,0,1782360475.868445,0.0016896724700927734
152456,normal,236,0,1782360475.8707411,0.0022962093353271484
152457,normal,1342,1,1782360475.8724449,0.0017037391662597656
152458,normal,2592,0,1782360475.8747535,0.0023086071014404297
152459,normal,531,0,1782360475.8764453,0.0016918182373046875
152460,normal,3358,1,1782360475.8785615,0.0021162033081054688
152461,normal,2819,0,1782360475.8806148,0.0020532608032226562
152462,normal,725,0,1782360475.8827524,0.0021376609802246094
152463,normal,288,0,1782360475.8844442,0.0016918182373046875
152464,normal,2112,0,1782360475.8866136,0.002169370651245117
152465,normal,2853,0,1782360475.8886063,0.0019927024841308594
152466,normal,1042,0,1782360475.8905754,0.0019690990447998047
152467,normal,2953,0,1782360475.8926075,0.002032041549682617
152468,normal,2252,0,1782360475.894747,0.002139568328857422
152469,normal,2641,0,1782360475.8964446,0.001697540283203125
152470,normal,470,0,1782360475.898756,0.0023114681243896484
152471,normal,899,2,1782360475.9006016,0.0018455982208251953
152472,normal,3011,0,1782360475.9025638,0.0019621849060058594
152473,normal,452,0,1782360475.90462,0.002056121826171875
152474,normal,2142,0,1782360475.906744,0.0021240711212158203
152475,normal,902,2,1782360475.9084442,0.0017001628875732422
152476,normal,596,0,1782360475.910748,0.0023038387298583984
152477,normal,2457,0,1782360475.9126265,0.001878499984741211
152478,normal,2775,0,1782360475.9145648,0.0019383430480957031
152479,normal,2640,0,1782360475.916623,0.002058267593383789
152480,normal,2954,0,1782360475.9187381,0.002115011215209961
152481,normal,1874,0,1782360475.920445,0.001706838607788086
152482,normal,273,0,1782360475.9227374,0.0022923946380615234
152483,normal,390,0,1782360475.9246006,0.001863241195678711
152484,normal,287,0,1782360475.9265637,0.0019631385803222656
152485,normal,2590,0,1782360475.928612,0.0020482540130615234
152486,normal,535,0,1782360475.9307556,0.0021436214447021484
152487,normal,496,0,1782360475.9324546,0.0016989707946777344
152488,normal,1927,0,1782360475.934564,0.002109527587890625
152489,normal,123,0,1782360475.936624,0.0020599365234375
152490,normal,1338,1,1782360475.938564,0.001940011978149414
152491,normal,2326,0,1782360475.9407852,0.0022211074829101562
152492,normal,1035,0,1782360475.942573,0.0017879009246826172
152493,normal,3515,0,1782360475.9447596,0.0021865367889404297
152494,normal,951,2,1782360475.9465675,0.0018079280853271484
152495,normal,3324,1,1782360475.9486408,0.0020732879638671875
152496,normal,3168,1,1782360475.9505677,0.0019268989562988281
152497,normal,3276,1,1782360475.9526145,0.002046823501586914
152498,normal,2264,0,1782360475.954744,0.0021295547485351562
152499,normal,1333,1,1782360475.9564452,0.0017011165618896484
152500,normal,3221,1,1782360475.9587476,0.002302408218383789
152501,normal,2735,0,1782360475.9605887,0.0018410682678222656
152502,normal,2856,0,1782360475.9625657,0.0019769668579101562
152503,normal,827,2,1782360475.964613,0.002047300338745117
152504,normal,2960,0,1782360475.966753,0.002140045166015625
152505,normal,1434,0,1782360475.9684541,0.0017011165618896484
152506,normal,3347,1,1782360475.9707441,0.002290010452270508
152507,normal,3225,1,1782360475.9726,0.0018558502197265625
152508,normal,2973,0,1782360475.9745662,0.001966238021850586
152509,normal,183,0,1782360475.9766188,0.0020525455474853516
152510,normal,558,0,1782360475.9787455,0.0021266937255859375
152511,normal,3517,0,1782360475.9804456,0.0017001628875732422
152512,normal,1378,1,1782360475.9827554,0.0023097991943359375
152513,normal,3179,1,1782360475.984457,0.0017015933990478516
152514,normal,1431,0,1782360475.9867482,0.0022912025451660156
152515,normal,1572,0,1782360475.9885776,0.001829385757446289
152516,normal,645,0,1782360475.990471,0.0018932819366455078
152517,normal,968,2,1782360475.992744,0.002273082733154297
152518,normal,3079,1,1782360475.994445,0.0017011165618896484
152519,normal,577,0,1782360475.9967535,0.002308368682861328
152520,normal,1335,1,1782360475.9984446,0.0016911029815673828
152521,normal,2376,0,1782360476.0007367,0.002292156219482422
152522,normal,3017,0,1782360476.002593,0.0018563270568847656
152523,normal,647,0,1782360476.004575,0.001981973648071289
152524,normal,1999,0,1782360476.0066187,0.0020437240600585938
152525,normal,3078,1,1782360476.0087807,0.0021619796752929688
152526,normal,2066,0,1782360476.0104487,0.0016679763793945312
152527,normal,3599,0,1782360476.0127451,0.00229644775390625
152528,normal,1559,0,1782360476.0146124,0.0018672943115234375
152529,normal,1456,0,1782360476.0166051,0.0019927024841308594
152530,normal,2952,0,1782360476.0186086,0.0020034313201904297
152531,normal,3584,0,1782360476.0206177,0.002009153366088867
152532,normal,503,0,1782360476.0224411,0.00182342529296875
152533,normal,2320,0,1782360476.0247514,0.0023102760314941406
152534,normal,2782,0,1782360476.0266361,0.0018846988677978516
152535,normal,2914,0,1782360476.0284433,0.0018072128295898438
152536,normal,3383,1,1782360476.03074,0.0022966861724853516
152537,normal,2011,0,1782360476.0325985,0.0018584728240966797
152538,normal,847,2,1782360476.034561,0.001962423324584961
152539,normal,1528,0,1782360476.0366366,0.002075672149658203
152540,normal,1801,0,1782360476.0385568,0.0019202232360839844
152541,normal,2370,0,1782360476.0405643,0.0020074844360351562
152542,normal,1463,0,1782360476.0426955,0.002131223678588867
152543,normal,2434,0,1782360476.0445647,0.00186920166015625
152544,normal,800,2,1782360476.0465772,0.002012491226196289
152545,normal,2755,0,1782360476.0486069,0.0020296573638916016
152546,normal,2217,0,1782360476.0506237,0.002016782760620117
152547,normal,2298,0,1782360476.052441,0.0018172264099121094
152548,normal,853,2,1782360476.054563,0.002122163772583008
152549,normal,4,0,1782360476.0566537,0.0020906925201416016
152550,normal,3320,1,1782360476.0584443,0.0017905235290527344
152551,normal,1328,1,1782360476.0607448,0.0023005008697509766
152552,normal,2273,0,1782360476.0626082,0.0018634796142578125
152553,normal,1321,1,1782360476.0644412,0.0018329620361328125
152554,normal,598,0,1782360476.0667348,0.0022935867309570312
152555,normal,2874,0,1782360476.0686553,0.001920461654663086
152556,normal,2258,0,1782360476.0704415,0.0017862319946289062
152557,normal,1331,1,1782360476.0727396,0.002298116683959961
152558,normal,3302,1,1782360476.0746047,0.0018651485443115234
152559,normal,2024,0,1782360476.076562,0.0019571781158447266
152560,normal,954,2,1782360476.0786335,0.0020716190338134766
152561,normal,2566,0,1782360476.0807455,0.0021119117736816406
152562,normal,2774,0,1782360476.0824666,0.0017211437225341797
152563,normal,2539,0,1782360476.0847685,0.002301931381225586
152564,normal,2862,0,1782360476.0864778,0.0017092227935791016
152565,normal,1618,0,1782360476.0886145,0.002136707305908203
152566,normal,1278,0,1782360476.0905626,0.0019481182098388672
152567,normal,3646,0,1782360476.0927055,0.0021429061889648438
152568,normal,886,2,1782360476.0944417,0.0017361640930175781
152569,normal,2162,0,1782360476.0967324,0.0022907257080078125
152570,normal,1429,0,1782360476.0986001,0.0018677711486816406
152571,normal,2741,0,1782360476.1005642,0.001964092254638672
152572,normal,1162,0,1782360476.1024647,0.0019004344940185547
152573,normal,2913,0,1782360476.1046283,0.0021636486053466797
152574,normal,1346,1,1782360476.106439,0.0018107891082763672
152575,normal,636,0,1782360476.1087368,0.002297639846801758
152576,normal,624,0,1782360476.110699,0.0019621849060058594
152577,normal,2852,0,1782360476.112444,0.001744985580444336
152578,normal,449,0,1782360476.114742,0.002298116683959961
152579,normal,2151,0,1782360476.116659,0.0019168853759765625
152580,normal,3707,0,1782360476.1184444,0.0017855167388916016
152581,normal,2652,0,1782360476.120744,0.0022995471954345703
152582,normal,1442,0,1782360476.122611,0.001867055892944336
152583,normal,142,0,1782360476.1244464,0.0018353462219238281
152584,normal,507,0,1782360476.1267471,0.002300739288330078
152585,normal,2610,0,1782360476.1286583,0.001911163330078125
152586,normal,2010,0,1782360476.1304433,0.0017850399017333984
152587,normal,550,0,1782360476.1328042,0.002360820770263672
152588,normal,2759,0,1782360476.1344771,0.001672983169555664
152589,normal,3165,1,1782360476.1366105,0.0021333694458007812
152590,normal,2880,0,1782360476.1385586,0.0019481182098388672
152591,normal,811,2,1782360476.1406388,0.002080202102661133
152592,normal,695,0,1782360476.1425593,0.001920461654663086
152593,normal,432,0,1782360476.1446152,0.0020558834075927734
152594,normal,321,0,1782360476.1467373,0.002122163772583008
152595,normal,1449,0,1782360476.1484551,0.0017178058624267578
152596,normal,2269,0,1782360476.150739,0.002283811569213867
152597,normal,1836,0,1782360476.1526217,0.001882791519165039
152598,normal,1017,2,1782360476.1545606,0.0019388198852539062
152599,normal,2476,0,1782360476.1566129,0.00205230712890625
152600,normal,2835,0,1782360476.1587367,0.0021238327026367188
152601,normal,2980,0,1782360476.160473,0.0017364025115966797
152602,normal,530,0,1782360476.1627367,0.0022635459899902344
152603,normal,751,0,1782360476.164619,0.001882314682006836
152604,normal,2912,0,1782360476.1665614,0.0019423961639404297
152605,normal,3448,0,1782360476.1686146,0.0020532608032226562
152606,normal,1843,0,1782360476.1707385,0.0021238327026367188
152607,normal,749,0,1782360476.1724718,0.0017333030700683594
152608,normal,497,0,1782360476.1747386,0.0022668838500976562
152609,normal,2004,0,1782360476.1766348,0.0018961429595947266
152610,normal,691,0,1782360476.1785629,0.001928091049194336
152611,normal,279,0,1782360476.1806123,0.0020494461059570312
152612,normal,1620,0,1782360476.182743,0.002130746841430664
152613,normal,475,0,1782360476.18447,0.0017268657684326172
152614,normal,2359,0,1782360476.1865625,0.002092599868774414
152615,normal,2388,0,1782360476.1886294,0.0020668506622314453
152616,normal,1873,0,1782360476.1905622,0.0019328594207763672
152617,normal,3374,1,1782360476.1926134,0.002051115036010742
152618,normal,757,0,1782360476.1956413,0.0030279159545898438
152619,normal,182,0,1782360476.196443,0.0008018016815185547
152620,normal,1862,0,1782360476.198742,0.0022988319396972656
152621,normal,3299,1,1782360476.200636,0.0018939971923828125
152622,normal,1871,0,1782360476.2025745,0.0019385814666748047
152623,normal,1700,0,1782360476.2046268,0.00205230712890625
152624,normal,3574,0,1782360476.2067459,0.0021190643310546875
152625,normal,2366,0,1782360476.208444,0.0016982555389404297
152626,normal,997,2,1782360476.210741,0.002296924591064453
152627,normal,794,2,1782360476.2126305,0.0018894672393798828
152628,normal,3351,1,1782360476.2145624,0.001931905746459961
152629,normal,2407,0,1782360476.2164683,0.0019059181213378906
152630,normal,2167,0,1782360476.218754,0.0022857189178466797
152631,normal,2855,0,1782360476.220444,0.001689910888671875
152632,normal,3481,0,1782360476.2227266,0.0022826194763183594
152633,normal,129,0,1782360476.2246058,0.0018792152404785156
152634,normal,1842,0,1782360476.2265573,0.001951456069946289
152635,normal,3345,1,1782360476.2286115,0.0020542144775390625
152636,normal,3372,1,1782360476.2307558,0.002144336700439453
152637,normal,1511,0,1782360476.2324486,0.0016927719116210938
152638,normal,2173,0,1782360476.2347393,0.0022907257080078125
152639,normal,3686,0,1782360476.2366278,0.0018885135650634766
152640,normal,2789,0,1782360476.238572,0.0019440650939941406
152641,normal,1150,0,1782360476.2406108,0.0020389556884765625
152642,normal,2116,0,1782360476.2427516,0.0021407604217529297
152643,normal,3046,1,1782360476.2444398,0.001688241958618164
152644,normal,1452,0,1782360476.2467418,0.002301931381225586
152645,normal,3492,0,1782360476.2485654,0.0018236637115478516
152646,normal,2259,0,1782360476.250444,0.001878499984741211
152647,normal,789,2,1782360476.2526312,0.0021872520446777344
152648,normal,1516,0,1782360476.2544959,0.0018646717071533203
152649,normal,1348,1,1782360476.256408,0.0019121170043945312
152650,normal,1846,0,1782360476.2585785,0.002170562744140625
152651,normal,1504,0,1782360476.2605338,0.001955270767211914
152652,normal,1567,0,1782360476.2624063,0.0018725395202636719
152653,normal,1535,0,1782360476.2645826,0.0021762847900390625
152654,normal,3678,0,1782360476.2664988,0.0019161701202392578
152655,normal,912,2,1782360476.2684078,0.001909017562866211
152656,normal,1840,0,1782360476.2705774,0.0021696090698242188
152657,normal,235,0,1782360476.2724948,0.0019173622131347656
152658,normal,567,0,1782360476.274396,0.0019011497497558594
152659,normal,960,2,1782360476.2765841,0.0021882057189941406
152660,normal,2561,0,1782360476.2784586,0.0018744468688964844
152661,normal,2809,0,1782360476.2804148,0.0019562244415283203
152662,normal,2056,0,1782360476.2825754,0.0021605491638183594
152663,normal,1174,0,1782360476.2845256,0.0019502639770507812
152664,normal,2961,0,1782360476.2864072,0.0018815994262695312
152665,normal,2485,0,1782360476.2885735,0.002166271209716797
152666,normal,936,2,1782360476.2905345,0.0019609928131103516
152667,normal,763,0,1782360476.2924216,0.0018870830535888672
152668,normal,903,2,1782360476.29457,0.0021483898162841797
152669,normal,1947,0,1782360476.2964647,0.0018947124481201172
152670,normal,2255,0,1782360476.2984128,0.0019481182098388672
152671,normal,2396,0,1782360476.3005784,0.002165555953979492
152672,normal,280,0,1782360476.302527,0.0019485950469970703
152673,normal,3693,0,1782360476.3044229,0.001895904541015625
152674,normal,2673,0,1782360476.3065805,0.0021576881408691406
152675,normal,3525,0,1782360476.3085067,0.0019261837005615234
152676,normal,2238,0,1782360476.3103957,0.0018889904022216797
152677,normal,1400,0,1782360476.3125787,0.0021829605102539062
152678,normal,3342,1,1782360476.3144977,0.0019190311431884766
152679,normal,1498,0,1782360476.3163848,0.0018870830535888672
152680,normal,1172,0,1782360476.3184075,0.0020227432250976562
152681,normal,2688,0,1782360476.3206017,0.0021941661834716797
152682,normal,25,0,1782360476.322377,0.0017752647399902344
152683,normal,808,2,1782360476.3245802,0.002203226089477539
152684,normal,351,0,1782360476.3265722,0.0019919872283935547
152685,normal,1295,0,1782360476.3283784,0.0018062591552734375
152686,normal,2786,0,1782360476.33058,0.002201557159423828
152687,normal,1835,0,1782360476.3325078,0.0019278526306152344
152688,normal,1779,0,1782360476.3343952,0.0018873214721679688
152689,normal,2127,0,1782360476.3366003,0.0022051334381103516
152690,normal,3568,0,1782360476.3384378,0.0018374919891357422
152691,normal,574,0,1782360476.340731,0.002293109893798828
152692,normal,3534,0,1782360476.342425,0.0016942024230957031
152693,normal,2575,0,1782360476.344593,0.002167940139770508
152694,normal,1349,1,1782360476.3464289,0.0018358230590820312
152695,normal,770,0,1782360476.3486261,0.002197265625
152696,normal,1954,0,1782360476.350367,0.0017409324645996094
152697,normal,478,0,1782360476.3523536,0.0019865036010742188
152698,normal,398,0,1782360476.3543255,0.0019719600677490234
152699,normal,2463,0,1782360476.356331,0.0020055770874023438
152700,normal,1988,0,1782360476.3583326,0.002001523971557617
152701,normal,3381,1,1782360476.3603704,0.0020377635955810547
152702,normal,58,0,1782360476.3623874,0.0020170211791992188
152703,normal,2658,0,1782360476.36453,0.002142667770385742
152704,normal,1282,0,1782360476.3664343,0.0019042491912841797
152705,normal,1318,0,1782360476.3685105,0.0020761489868164062
152706,normal,2664,0,1782360476.3703406,0.0018301010131835938
152707,normal,538,0,1782360476.3723788,0.002038240432739258
152708,normal,879,2,1782360476.3743453,0.0019664764404296875
152709,normal,1856,0,1782360476.376332,0.0019867420196533203
152710,normal,2571,0,1782360476.3783798,0.0020477771759033203
152711,normal,2764,0,1782360476.3803406,0.00196075439453125
152712,normal,3350,1,1782360476.38233,0.0019893646240234375
152713,normal,344,0,1782360476.3843627,0.002032756805419922
152714,normal,3400,1,1782360476.3863323,0.001969575881958008
152715,normal,2892,0,1782360476.3883243,0.0019919872283935547
152716,normal,468,0,1782360476.390376,0.002051830291748047
152717,normal,3196,1,1782360476.3923342,0.001958131790161133
152718,normal,2101,0,1782360476.3943508,0.0020165443420410156
152719,normal,690,0,1782360476.396353,0.002002239227294922
152720,normal,969,2,1782360476.3983378,0.001984834671020508
152721,normal,1267,0,1782360476.4003322,0.0019943714141845703
152722,normal,1220,0,1782360476.402469,0.002136707305908203
152723,normal,120,0,1782360476.4043834,0.0019145011901855469
152724,normal,1959,0,1782360476.406343,0.001959562301635742
152725,normal,1314,0,1782360476.4083872,0.002044200897216797
152726,normal,1701,0,1782360476.410336,0.0019488334655761719
152727,normal,2691,0,1782360476.4123275,0.0019915103912353516
152728,normal,655,0,1782360476.4144585,0.0021309852600097656
152729,normal,864,2,1782360476.41633,0.0018715858459472656
152730,normal,544,0,1782360476.4183369,0.0020067691802978516
152731,normal,1319,1,1782360476.420449,0.002112150192260742
152732,normal,2551,0,1782360476.4223256,0.0018765926361083984
152733,normal,2502,0,1782360476.4243276,0.0020020008087158203
152734,normal,3273,1,1782360476.4265373,0.0022096633911132812
152735,normal,1203,0,1782360476.4283333,0.0017960071563720703
152736,normal,1365,1,1782360476.430365,0.0020318031311035156
152737,normal,513,0,1782360476.4325018,0.002136707305908203
152738,normal,1506,0,1782360476.4344769,0.0019750595092773438
152739,normal,1598,0,1782360476.4363735,0.0018966197967529297
152740,normal,3217,1,1782360476.439143,0.00276947021484375
152741,normal,2526,0,1782360476.4403553,0.0012123584747314453
152742,normal,3121,1,1782360476.4423714,0.0020160675048828125
152743,normal,1187,0,1782360476.444389,0.0020177364349365234
152744,normal,732,0,1782360476.446333,0.001943826675415039
152745,normal,2159,0,1782360476.448444,0.0021109580993652344
152746,normal,112,0,1782360476.4503434,0.0018994808197021484
152747,normal,473,0,1782360476.4524264,0.0020830631256103516
152748,normal,454,0,1782360476.4543304,0.0019040107727050781
152749,normal,1896,0,1782360476.456422,0.002091646194458008
152750,normal,1789,0,1782360476.4583294,0.0019073486328125
152751,normal,1962,0,1782360476.460415,0.002085447311401367
152752,normal,174,0,1782360476.4623888,0.001973867416381836
152753,normal,2823,0,1782360476.4643316,0.0019428730010986328
152754,normal,2354,0,1782360476.4664235,0.0020918846130371094
152755,normal,1952,0,1782360476.4683774,0.0019538402557373047
152756,normal,37,0,1782360476.4703317,0.001954317092895508
152757,normal,2955,0,1782360476.4724207,0.0020890235900878906
152758,normal,3254,1,1782360476.4744105,0.0019898414611816406
152759,normal,2000,0,1782360476.4763706,0.0019600391387939453
152760,normal,3334,1,1782360476.4783852,0.002014636993408203
152761,normal,3212,1,1782360476.4804242,0.0020389556884765625
152762,normal,1208,0,1782360476.4823303,0.0019061565399169922
152763,normal,2405,0,1782360476.484423,0.002092599868774414
152764,normal,629,0,1782360476.4863954,0.0019724369049072266
152765,normal,1527,0,1782360476.4883323,0.0019369125366210938
152766,normal,2190,0,1782360476.490429,0.0020966529846191406
152767,normal,2300,0,1782360476.492438,0.002009153366088867
152768,normal,677,0,1782360476.494334,0.001895904541015625
152769,normal,1666,0,1782360476.496429,0.0020949840545654297
152770,normal,2629,0,1782360476.498474,0.0020449161529541016
152771,normal,65,0,1782360476.5003397,0.0018658638000488281
152772,normal,3111,1,1782360476.502432,0.0020923614501953125
152773,normal,308,0,1782360476.5043337,0.0019016265869140625
152774,normal,1852,0,1782360476.5063858,0.0020520687103271484
152775,normal,1272,0,1782360476.50837,0.001984119415283203
152776,normal,525,0,1782360476.5103836,0.002013683319091797
152777,normal,2587,0,1782360476.5123312,0.001947641372680664
152778,normal,3306,1,1782360476.514485,0.002153635025024414
152779,normal,2884,0,1782360476.5163398,0.0018548965454101562
152780,normal,1738,0,1782360476.5184093,0.0020694732666015625
152781,normal,1455,0,1782360476.5203326,0.0019233226776123047
152782,normal,1556,0,1782360476.5223804,0.0020477771759033203
152783,normal,3640,0,1782360476.5243356,0.001955270767211914
152784,normal,3335,1,1782360476.5263827,0.0020470619201660156
152785,normal,3474,0,1782360476.5284197,0.00203704833984375
152786,normal,2221,0,1782360476.5303354,0.0019156932830810547
152787,normal,937,2,1782360476.5323803,0.0020449161529541016
152788,normal,2903,0,1782360476.5344424,0.002062082290649414
152789,normal,2626,0,1782360476.5363402,0.0018978118896484375
152790,normal,2780,0,1782360476.5383856,0.0020453929901123047
152791,normal,61,0,1782360476.5404181,0.0020325183868408203
152792,normal,1289,0,1782360476.5423777,0.001959562301635742
152793,normal,2510,0,1782360476.544335,0.0019571781158447266
152794,normal,402,0,1782360476.5463836,0.0020487308502197266
152795,normal,539,0,1782360476.5483346,0.001950979232788086
152796,normal,1602,0,1782360476.5503798,0.002045154571533203
152797,normal,3247,1,1782360476.5523822,0.0020024776458740234
152798,normal,1138,0,1782360476.5543418,0.001959562301635742
152799,normal,2966,0,1782360476.5563824,0.0020406246185302734
152800,normal,2489,0,1782360476.5584102,0.002027750015258789
152801,normal,3504,0,1782360476.560331,0.001920938491821289
152802,normal,1570,0,1782360476.56238,0.002048969268798828
152803,normal,773,2,1782360476.5643837,0.0020036697387695312
152804,normal,2316,0,1782360476.5663311,0.0019474029541015625
152805,normal,2018,0,1782360476.5683832,0.0020520687103271484
152806,normal,2666,0,1782360476.5704417,0.0020585060119628906
152807,normal,2962,0,1782360476.5723727,0.0019309520721435547
152808,normal,53,0,1782360476.5743654,0.0019927024841308594
152809,normal,2606,0,1782360476.576452,0.002086639404296875
152810,normal,1238,0,1782360476.5783792,0.0019271373748779297
152811,normal,1811,0,1782360476.5804994,0.0021202564239501953
152812,normal,2135,0,1782360476.5824375,0.0019381046295166016
152813,normal,2540,0,1782360476.5845225,0.002084970474243164
152814,normal,2195,0,1782360476.586373,0.0018506050109863281
152815,normal,6,0,1782360476.5885248,0.0021517276763916016
152816,normal,262,0,1782360476.590386,0.0018610954284667969
152817,normal,1987,0,1782360476.592485,0.0020990371704101562
152818,normal,772,2,1782360476.5943825,0.001897573471069336
152819,normal,3173,1,1782360476.5965192,0.002136707305908203
152820,normal,1099,0,1782360476.598371,0.001851797103881836
152821,normal,2834,0,1782360476.600526,0.0021550655364990234
152822,normal,3100,1,1782360476.6024358,0.0019097328186035156
152823,normal,1037,0,1782360476.6044781,0.0020422935485839844
152824,normal,1983,0,1782360476.6065574,0.0020792484283447266
152825,normal,223,0,1782360476.6084127,0.0018553733825683594
152826,normal,1550,0,1782360476.610477,0.002064228057861328
152827,normal,228,0,1782360476.6124566,0.0019795894622802734
152828,normal,3234,1,1782360476.6145236,0.002067089080810547
152829,normal,2292,0,1782360476.6163855,0.0018618106842041016
152830,normal,2803,0,1782360476.6184592,0.0020737648010253906
152831,normal,1525,0,1782360476.6203606,0.001901388168334961
152832,normal,2511,0,1782360476.622479,0.002118349075317383
152833,normal,1109,0,1782360476.6244674,0.0019884109497070312
152834,normal,242,0,1782360476.626563,0.0020956993103027344
152835,normal,3405,0,1782360476.6283877,0.0018246173858642578
152836,normal,3019,0,1782360476.6305504,0.0021626949310302734
152837,normal,838,2,1782360476.632478,0.0019276142120361328
152838,normal,7,0,1782360476.634477,0.0019989013671875
152839,normal,2080,0,1782360476.636458,0.001981019973754883
152840,normal,2231,0,1782360476.6385489,0.002090930938720703
152841,normal,2193,0,1782360476.6403837,0.001834869384765625
152842,normal,3157,1,1782360476.642551,0.002167224884033203
152843,normal,3509,0,1782360476.6444716,0.0019207000732421875
152844,normal,744,0,1782360476.6465003,0.0020287036895751953
152845,normal,1773,0,1782360476.6485796,0.0020792484283447266
152846,normal,900,2,1782360476.6504476,0.0018680095672607422
152847,normal,2075,0,1782360476.652534,0.0020864009857177734
152848,normal,748,0,1782360476.6544712,0.0019371509552001953
152849,normal,910,2,1782360476.656555,0.0020837783813476562
152850,normal,3245,1,1782360476.658396,0.0018410682678222656
152851,normal,830,2,1782360476.6605651,0.0021691322326660156
152852,normal,2714,0,1782360476.662473,0.0019078254699707031
152853,normal,3703,0,1782360476.6644795,0.00200653076171875
152854,normal,3408,0,1782360476.6664546,0.0019750595092773438
152855,normal,2219,0,1782360476.6685607,0.002106189727783203
152856,normal,2649,0,1782360476.6704092,0.001848459243774414
152857,normal,2832,0,1782360476.6725547,0.002145528793334961
152858,normal,1777,0,1782360476.6744695,0.0019147396087646484
152859,normal,1969,0,1782360476.6764774,0.0020079612731933594
152860,normal,2339,0,1782360476.6785915,0.0021140575408935547
152861,normal,1358,1,1782360476.680414,0.0018224716186523438
152862,normal,2879,0,1782360476.6824777,0.002063751220703125
152863,normal,3623,0,1782360476.6845922,0.002114534378051758
152864,normal,3633,0,1782360476.6864145,0.0018222332000732422
152865,normal,3519,0,1782360476.688477,0.002062559127807617
152866,normal,1600,0,1782360476.690586,0.002109050750732422
152867,normal,1121,0,1782360476.6923964,0.001810312271118164
152868,normal,870,2,1782360476.6945288,0.002132415771484375
152869,normal,212,0,1782360476.6965618,0.0020329952239990234
152870,normal,1727,0,1782360476.6994145,0.0028526782989501953
152871,normal,1827,0,1782360476.7003782,0.0009636878967285156
152872,normal,2353,0,1782360476.7024367,0.0020585060119628906
152873,normal,118,0,1782360476.7043312,0.0018944740295410156
152874,normal,399,0,1782360476.7064347,0.002103567123413086
152875,normal,3440,0,1782360476.7083745,0.0019397735595703125
152876,normal,542,0,1782360476.710377,0.0020024776458740234
152877,normal,3352,1,1782360476.712387,0.0020101070404052734
152878,normal,1697,0,1782360476.7144418,0.0020546913146972656
152879,normal,1300,0,1782360476.7163332,0.0018913745880126953
152880,normal,1672,0,1782360476.7183917,0.0020585060119628906
152881,normal,3105,1,1782360476.7203932,0.002001523971557617
152882,normal,3127,1,1782360476.7223625,0.0019693374633789062
152883,normal,1350,1,1782360476.7243845,0.0020220279693603516
152884,normal,2683,0,1782360476.726431,0.002046346664428711
152885,normal,188,0,1782360476.728333,0.0019021034240722656
152886,normal,759,0,1782360476.7304292,0.0020961761474609375
152887,normal,1971,0,1782360476.7324252,0.0019960403442382812
152888,normal,3688,0,1782360476.7344408,0.0020155906677246094
152889,normal,2525,0,1782360476.7363539,0.0019130706787109375
152890,normal,1327,1,1782360476.7384264,0.002072572708129883
152891,normal,2915,0,1782360476.7403393,0.001912832260131836
152892,normal,2562,0,1782360476.7424338,0.0020945072174072266
152893,normal,3472,0,1782360476.7443948,0.0019609928131103516
152894,normal,2338,0,1782360476.7463808,0.0019860267639160156
152895,normal,2731,0,1782360476.7483735,0.0019927024841308594
152896,normal,2367,0,1782360476.7504492,0.002075672149658203
152897,normal,1594,0,1782360476.7523673,0.0019180774688720703
152898,normal,2717,0,1782360476.7543633,0.0019960403442382812
152899,normal,2964,0,1782360476.7564497,0.0020864009857177734
152900,normal,1790,0,1782360476.7583685,0.001918792724609375
152901,normal,2636,0,1782360476.760365,0.0019965171813964844
152902,normal,1334,1,1782360476.7624502,0.0020852088928222656
152903,normal,264,0,1782360476.7643752,0.0019249916076660156
152904,normal,2155,0,1782360476.7663643,0.001989126205444336
152905,normal,941,2,1782360476.76845,0.0020856857299804688
152906,normal,3323,1,1782360476.770369,0.0019190311431884766
152907,normal,1788,0,1782360476.772363,0.001993894577026367
152908,normal,1277,0,1782360476.7744505,0.0020875930786132812
152909,normal,301,0,1782360476.776366,0.0019154548645019531
152910,normal,2350,0,1782360476.778362,0.0019960403442382812
152911,normal,916,2,1782360476.780444,0.0020818710327148438
152912,normal,98,0,1782360476.7823777,0.0019338130950927734
152913,normal,1148,0,1782360476.7843633,0.0019855499267578125
152914,normal,2490,0,1782360476.7864485,0.0020852088928222656
152915,normal,202,0,1782360476.7883785,0.0019299983978271484
152916,normal,2747,0,1782360476.7903652,0.0019867420196533203
152917,normal,1004,2,1782360476.7924562,0.002090930938720703
152918,normal,164,0,1782360476.7943785,0.0019223690032958984
152919,normal,2203,0,1782360476.796385,0.00200653076171875
152920,normal,75,0,1782360476.798449,0.0020639896392822266
152921,normal,382,0,1782360476.800371,0.0019218921661376953
152922,normal,901,2,1782360476.8025281,0.0021572113037109375
152923,normal,2529,0,1782360476.8044345,0.0019063949584960938
152924,normal,198,0,1782360476.8065557,0.0021212100982666016
152925,normal,2491,0,1782360476.808386,0.0018303394317626953
152926,normal,2828,0,1782360476.810574,0.002187967300415039
152927,normal,3601,0,1782360476.812477,0.0019030570983886719
152928,normal,79,0,1782360476.8145354,0.002058267593383789
152929,normal,2253,0,1782360476.8165858,0.0020503997802734375
152930,normal,213,0,1782360476.818395,0.0018091201782226562
152931,normal,480,0,1782360476.8203838,0.0019888877868652344
152932,normal,1578,0,1782360476.8225505,0.002166748046875
152933,normal,831,2,1782360476.8244133,0.0018627643585205078
152934,normal,807,2,1782360476.8265157,0.002102375030517578
152935,normal,2392,0,1782360476.8284323,0.001916646957397461
152936,normal,3136,1,1782360476.8305469,0.002114534378051758
152937,normal,2595,0,1782360476.8323855,0.00183868408203125
152938,normal,332,0,1782360476.8345575,0.0021719932556152344
152939,normal,1761,0,1782360476.8364828,0.0019252300262451172
152940,normal,1405,0,1782360476.838477,0.0019941329956054688
152941,normal,19,0,1782360476.8404558,0.0019788742065429688
152942,normal,1114,0,1782360476.8425546,0.0020987987518310547
152943,normal,167,0,1782360476.8444214,0.0018668174743652344
152944,normal,217,0,1782360476.8465555,0.002134084701538086
152945,normal,416,0,1782360476.84841,0.0018544197082519531
152946,normal,3501,0,1782360476.8504755,0.0020656585693359375
152947,normal,620,0,1782360476.8525531,0.0020775794982910156
152948,normal,2811,0,1782360476.854439,0.0018858909606933594
152949,normal,3124,1,1782360476.856477,0.0020380020141601562
152950,normal,2674,0,1782360476.8585548,0.002077817916870117
152951,normal,1152,0,1782360476.8604105,0.001855611801147461
152952,normal,3206,1,1782360476.8624759,0.002065420150756836
152953,normal,325,0,1782360476.8645918,0.002115964889526367
152954,normal,3138,1,1782360476.866421,0.0018291473388671875
152955,normal,340,0,1782360476.8685048,0.0020837783813476562
152956,normal,1851,0,1782360476.8704338,0.0019290447235107422
152957,normal,3312,1,1782360476.8725615,0.0021276473999023438
152958,normal,602,0,1782360476.8743908,0.001829385757446289
152959,normal,3090,1,1782360476.8765512,0.002160310745239258
152960,normal,246,0,1782360476.878448,0.0018968582153320312
152961,normal,2401,0,1782360476.8805006,0.0020525455474853516
152962,normal,1022,2,1782360476.882557,0.0020563602447509766
152963,normal,2509,0,1782360476.8844662,0.0019092559814453125
152964,normal,2194,0,1782360476.8864753,0.002009153366088867
152965,normal,154,0,1782360476.8885581,0.00208282470703125
152966,normal,1245,0,1782360476.8904712,0.0019130706787109375
152967,normal,2693,0,1782360476.8924756,0.002004384994506836
152968,normal,1877,0,1782360476.8945541,0.002078533172607422
152969,normal,3170,1,1782360476.8964372,0.0018830299377441406
152970,normal,312,0,1782360476.8984501,0.002012968063354492
152971,normal,3363,1,1782360476.900558,0.002107858657836914
152972,normal,2241,0,1782360476.9024162,0.0018582344055175781
152973,normal,1808,0,1782360476.904491,0.002074718475341797
152974,normal,927,2,1782360476.9064336,0.0019426345825195312
152975,normal,3366,1,1782360476.9085553,0.0021216869354248047
152976,normal,1317,0,1782360476.9103858,0.0018305778503417969
152977,normal,1868,0,1782360476.9125562,0.0021703243255615234
152978,normal,1876,0,1782360476.914441,0.0018849372863769531
152979,normal,1533,0,1782360476.9164746,0.0020334720611572266
152980,normal,2124,0,1782360476.9184988,0.0020241737365722656
152981,normal,24,0,1782360476.9204187,0.0019199848175048828
152982,normal,359,0,1782360476.9224558,0.00203704833984375
152983,normal,1948,0,1782360476.9245565,0.002100706100463867
152984,normal,109,0,1782360476.9264348,0.0018782615661621094
152985,normal,1064,0,1782360476.9284768,0.002042055130004883
152986,normal,3114,1,1782360476.9305897,0.002112865447998047
152987,normal,1181,0,1782360476.9324124,0.0018227100372314453
152988,normal,1880,0,1782360476.9344761,0.002063751220703125
152989,normal,3237,1,1782360476.9365919,0.0021157264709472656
152990,normal,3454,0,1782360476.938394,0.001802206039428711
152991,normal,671,0,1782360476.9404821,0.0020880699157714844
152992,normal,423,0,1782360476.9424303,0.0019481182098388672
152993,normal,2840,0,1782360476.9445515,0.0021212100982666016
152994,normal,3081,1,1782360476.9463847,0.001833200454711914
152995,normal,1673,0,1782360476.9485543,0.0021696090698242188
152996,normal,175,0,1782360476.950439,0.0018846988677978516
152997,normal,3362,1,1782360476.9524994,0.002060413360595703
152998,normal,982,2,1782360476.9545567,0.002057313919067383
152999,normal,300,0,1782360476.9564378,0.0018811225891113281
153000,normal,1261,0,1782360476.9584763,0.0020384788513183594
153001,normal,963,2,1782360476.9605548,0.002078533172607422
153002,normal,3681,0,1782360476.9624388,0.0018839836120605469
153003,normal,3425,0,1782360476.9644744,0.0020356178283691406
153004,normal,52,0,1782360476.9665875,0.0021131038665771484
153005,normal,775,2,1782360476.968417,0.001829385757446289
153006,normal,3571,0,1782360476.9704738,0.0020568370819091797
153007,normal,2068,0,1782360476.9725723,0.002098560333251953
153008,normal,3477,0,1782360476.974476,0.0019037723541259766
153009,normal,348,0,1782360476.976471,0.0019948482513427734
153010,normal,1060,0,1782360476.97855,0.002079010009765625
153011,normal,663,0,1782360476.980444,0.0018939971923828125
153012,normal,59,0,1782360476.9823875,0.0019435882568359375
153013,normal,1127,0,1782360476.9845564,0.002168893814086914
153014,normal,517,0,1782360476.9864676,0.001911163330078125
153015,normal,1595,0,1782360476.988475,0.0020074844360351562
153016,normal,35,0,1782360476.9905584,0.002083301544189453
153017,normal,2941,0,1782360476.9924366,0.0018782615661621094
153018,normal,1049,0,1782360476.9944763,0.002039670944213867
153019,normal,953,2,1782360476.9966109,0.002134561538696289
153020,normal,2847,0,1782360476.998395,0.0017840862274169922
153021,normal,2420,0,1782360477.0004754,0.0020804405212402344
153022,normal,1223,0,1782360477.0026026,0.0021271705627441406
153023,normal,950,2,1782360477.004395,0.0017924308776855469
153024,normal,3687,0,1782360477.006475,0.0020799636840820312
153025,normal,2739,0,1782360477.0085514,0.002076387405395508
153026,normal,2749,0,1782360477.0104601,0.0019087791442871094
153027,normal,3255,1,1782360477.0124798,0.002019643783569336
153028,normal,2003,0,1782360477.0145984,0.0021185874938964844
153029,normal,2672,0,1782360477.016411,0.0018126964569091797
153030,normal,745,0,1782360477.0185323,0.0021212100982666016
153031,normal,1538,0,1782360477.0203414,0.0018091201782226562
153032,normal,958,2,1782360477.0223567,0.002015352249145508
153033,normal,2732,0,1782360477.0244203,0.0020635128021240234
153034,normal,557,0,1782360477.0264547,0.002034425735473633
153035,normal,930,2,1782360477.0284176,0.001962900161743164
153036,normal,1101,0,1782360477.0306077,0.002190113067626953
153037,normal,1468,0,1782360477.0324569,0.0018491744995117188
153038,normal,2859,0,1782360477.0345817,0.002124786376953125
153039,normal,2726,0,1782360477.036454,0.0018723011016845703
153040,normal,2014,0,1782360477.038461,0.002007007598876953
153041,normal,3288,1,1782360477.0411818,0.0027208328247070312
153042,normal,1632,0,1782360477.0423474,0.001165628433227539
153043,normal,2072,0,1782360477.044377,0.0020296573638916016
153044,normal,1935,0,1782360477.0463953,0.0020182132720947266
153045,normal,632,0,1782360477.0483336,0.0019383430480957031
153046,normal,3512,0,1782360477.0504365,0.0021028518676757812
153047,normal,2415,0,1782360477.05233,0.0018935203552246094
153048,normal,378,0,1782360477.0543833,0.0020532608032226562
153049,normal,1130,0,1782360477.05643,0.002046823501586914
153050,normal,2387,0,1782360477.0583482,0.0019180774688720703
153051,normal,3104,1,1782360477.0603962,0.002048015594482422
153052,normal,131,0,1782360477.0623899,0.0019936561584472656
153053,normal,2647,0,1782360477.0643456,0.001955747604370117
153054,normal,3622,0,1782360477.066382,0.0020363330841064453
153055,normal,3191,1,1782360477.068415,0.0020329952239990234
153056,normal,1096,0,1782360477.0703452,0.00193023681640625
153057,normal,2436,0,1782360477.0723894,0.002044200897216797
153058,normal,2522,0,1782360477.0744264,0.00203704833984375
153059,normal,1991,0,1782360477.076349,0.001922607421875
153060,normal,3631,0,1782360477.0783913,0.0020422935485839844
153061,normal,2995,0,1782360477.080422,0.002030611038208008
153062,normal,3313,1,1782360477.0823472,0.0019252300262451172
153063,normal,229,0,1782360477.0843809,0.002033710479736328
153064,normal,3053,1,1782360477.0863855,0.0020046234130859375
153065,normal,1662,0,1782360477.0883307,0.0019452571868896484
153066,normal,1454,0,1782360477.0903878,0.0020570755004882812
153067,normal,185,0,1782360477.0924325,0.002044677734375
153068,normal,837,2,1782360477.0943456,0.0019130706787109375
153069,normal,3037,0,1782360477.096381,0.002035379409790039
153070,normal,137,0,1782360477.0984175,0.002036571502685547
153071,normal,2402,0,1782360477.1003363,0.001918792724609375
153072,normal,1137,0,1782360477.1023867,0.0020503997802734375
153073,normal,1653,0,1782360477.1044302,0.002043485641479492
153074,normal,106,0,1782360477.1063504,0.0019202232360839844
153075,normal,1212,0,1782360477.1083815,0.002031087875366211
153076,normal,3014,0,1782360477.1103868,0.002005338668823242
153077,normal,3075,1,1782360477.1123304,0.0019435882568359375
153078,normal,2860,0,1782360477.1143878,0.002057313919067383
153079,normal,2988,0,1782360477.1164322,0.0020444393157958984
153080,normal,2143,0,1782360477.1183503,0.0019180774688720703
153081,normal,2185,0,1782360477.1204114,0.002061128616333008
153082,normal,3268,1,1782360477.1223822,0.0019707679748535156
153083,normal,168,0,1782360477.124338,0.001955747604370117
153084,normal,1765,0,1782360477.1263828,0.0020449161529541016
153085,normal,534,0,1782360477.128545,0.0021622180938720703
153086,normal,895,2,1782360477.1303606,0.0018155574798583984
153087,normal,3327,1,1782360477.1323917,0.002031087875366211
153088,normal,2499,0,1782360477.1343842,0.001992464065551758
153089,normal,926,2,1782360477.1363282,0.0019440650939941406
153090,normal,2281,0,1782360477.138419,0.0020906925201416016
153091,normal,3180,1,1782360477.1403954,0.001976490020751953
153092,normal,2679,0,1782360477.1423445,0.0019490718841552734
153093,normal,2447,0,1782360477.144391,0.0020465850830078125
153094,normal,1838,0,1782360477.1463833,0.0019922256469726562
153095,normal,3551,0,1782360477.1483285,0.0019452571868896484
153096,normal,1849,0,1782360477.1504107,0.0020821094512939453
153097,normal,3691,0,1782360477.1523848,0.0019741058349609375
153098,normal,1448,0,1782360477.1543841,0.001999378204345703
153099,normal,1015,2,1782360477.1563766,0.001992464065551758
153100,normal,305,0,1782360477.1584382,0.002061605453491211
153101,normal,3648,0,1782360477.1603608,0.001922607421875
153102,normal,735,0,1782360477.162356,0.001995086669921875
153103,normal,701,0,1782360477.1644616,0.002105712890625
153104,normal,2675,0,1782360477.1663616,0.0018999576568603516
153105,normal,1972,0,1782360477.1683624,0.0020008087158203125
153106,normal,1746,0,1782360477.170441,0.002078533172607422
153107,normal,3410,0,1782360477.1723561,0.0019152164459228516
153108,normal,2215,0,1782360477.1743598,0.0020036697387695312
153109,normal,46,0,1782360477.176448,0.002088308334350586
153110,normal,2608,0,1782360477.178381,0.0019328594207763672
153111,normal,3662,0,1782360477.180365,0.001984119415283203
153112,normal,3639,0,1782360477.1824358,0.0020706653594970703
153113,normal,719,0,1782360477.184354,0.0019183158874511719
153114,normal,1024,2,1782360477.1863678,0.002013683319091797
153115,normal,2533,0,1782360477.1884363,0.0020685195922851562
153116,normal,3144,1,1782360477.1903565,0.0019202232360839844
153117,normal,1858,0,1782360477.1923673,0.002010822296142578
153118,normal,3220,1,1782360477.1944435,0.0020761489868164062
153119,normal,1841,0,1782360477.1963625,0.0019190311431884766
153120,normal,3582,0,1782360477.1983612,0.0019986629486083984
153121,normal,2016,0,1782360477.2004333,0.0020720958709716797
153122,normal,2710,0,1782360477.2023556,0.0019223690032958984
153123,normal,891,2,1782360477.204367,0.0020112991333007812
153124,normal,1863,0,1782360477.2064488,0.0020818710327148438
153125,normal,2615,0,1782360477.2083714,0.001922607421875
153126,normal,1586,0,1782360477.2103667,0.0019953250885009766
153127,normal,2408,0,1782360477.212435,0.0020682811737060547
153128,normal,3252,1,1782360477.2143552,0.0019202232360839844
153129,normal,1362,1,1782360477.2163718,0.0020165443420410156
153130,normal,1689,0,1782360477.2184548,0.0020830631256103516
153131,normal,2753,0,1782360477.2203681,0.001913309097290039
153132,normal,3064,1,1782360477.2223701,0.0020020008087158203
153133,normal,2804,0,1782360477.2244518,0.002081632614135742
153134,normal,2870,0,1782360477.2263753,0.0019235610961914062
153135,normal,220,0,1782360477.2283669,0.0019915103912353516
153136,normal,292,0,1782360477.2304559,0.0020890235900878906
153137,normal,2638,0,1782360477.2323694,0.0019135475158691406
153138,normal,3133,1,1782360477.2343683,0.0019989013671875
153139,normal,2579,0,1782360477.2363863,0.002017974853515625
153140,normal,1837,0,1782360477.2383602,0.001973867416381836
153141,normal,1258,0,1782360477.240368,0.002007722854614258
153142,normal,3460,0,1782360477.2423882,0.0020203590393066406
153143,normal,3094,1,1782360477.2443593,0.001971006393432617
153144,normal,2063,0,1782360477.24638,0.0020208358764648438
153145,normal,2363,0,1782360477.2483537,0.0019736289978027344
153146,normal,3340,1,1782360477.2504349,0.002081155776977539
153147,normal,477,0,1782360477.2523549,0.0019199848175048828
153148,normal,3146,1,1782360477.2544272,0.0020723342895507812
153149,normal,1079,0,1782360477.2563608,0.0019335746765136719
153150,normal,108,0,1782360477.2583723,0.002011537551879883
153151,normal,554,0,1782360477.2603579,0.0019855499267578125
153152,normal,2814,0,1782360477.2623546,0.001996755599975586
153153,normal,1914,0,1782360477.2643578,0.002003192901611328
153154,normal,278,0,1782360477.266356,0.0019981861114501953
153155,normal,1590,0,1782360477.268354,0.0019979476928710938
153156,normal,1482,0,1782360477.270355,0.002001047134399414
153157,normal,3548,0,1782360477.2724257,0.0020706653594970703
153158,normal,2550,0,1782360477.2743564,0.0019307136535644531
153159,normal,1453,0,1782360477.276354,0.001997709274291992
153160,normal,1069,0,1782360477.2784226,0.0020685195922851562
153161,normal,248,0,1782360477.2803578,0.0019352436065673828
153162,normal,1,0,1782360477.2823558,0.0019979476928710938
153163,normal,127,0,1782360477.2844262,0.0020704269409179688
153164,normal,284,0,1782360477.2863555,0.0019292831420898438
153165,normal,1105,0,1782360477.2883534,0.0019979476928710938
153166,normal,501,0,1782360477.2904232,0.002069711685180664
153167,normal,3416,0,1782360477.2923543,0.0019311904907226562
153168,normal,474,0,1782360477.2943604,0.002006053924560547
153169,normal,3184,1,1782360477.296368,0.0020074844360351562
153170,normal,2137,0,1782360477.2983544,0.0019865036010742188
153171,normal,566,0,1782360477.3003569,0.0020024776458740234
153172,normal,1831,0,1782360477.3024256,0.002068758010864258
153173,normal,3564,0,1782360477.3043554,0.0019297599792480469
153174,normal,3638,0,1782360477.3063548,0.001999378204345703
153175,normal,1629,0,1782360477.308421,0.0020661354064941406
153176,normal,3116,1,1782360477.3103554,0.0019345283508300781
153177,normal,2844,0,1782360477.312354,0.0019986629486083984
153178,normal,1445,0,1782360477.3144228,0.002068758010864258
153179,normal,1110,0,1782360477.3163552,0.001932382583618164
153180,normal,1624,0,1782360477.3183546,0.001999378204345703
153181,normal,656,0,1782360477.3204238,0.002069234848022461
153182,normal,2897,0,1782360477.322355,0.0019311904907226562
153183,normal,1408,0,1782360477.3245234,0.002168416976928711
153184,normal,1903,0,1782360477.3264785,0.0019550323486328125
153185,normal,1904,0,1782360477.3285594,0.0020809173583984375
153186,normal,381,0,1782360477.3303676,0.00180816650390625
153187,normal,760,0,1782360477.3325639,0.0021963119506835938
153188,normal,3590,0,1782360477.334418,0.0018541812896728516
153189,normal,1744,0,1782360477.3363886,0.001970529556274414
153190,normal,812,2,1782360477.338506,0.0021173954010009766
153191,normal,2970,0,1782360477.3407648,0.002258777618408203
153192,normal,3457,0,1782360477.3424559,0.0016911029815673828
153193,normal,2965,0,1782360477.3445265,0.0020706653594970703
153194,normal,1077,0,1782360477.3464289,0.0019023418426513672
153195,normal,2270,0,1782360477.348587,0.0021581649780273438
153196,normal,307,0,1782360477.3505704,0.0019834041595458984
153197,normal,2446,0,1782360477.3526535,0.0020830631256103516
153198,normal,2783,0,1782360477.3544793,0.0018258094787597656
153199,normal,2622,0,1782360477.3567214,0.0022420883178710938
153200,normal,136,0,1782360477.358856,0.002134561538696289
153201,normal,1180,0,1782360477.360775,0.0019190311431884766
153202,normal,1901,0,1782360477.3623815,0.0016064643859863281
153203,normal,2098,0,1782360477.3644536,0.0020720958709716797
153204,normal,3653,0,1782360477.3663836,0.0019299983978271484
153205,normal,2532,0,1782360477.3683124,0.0019288063049316406
153206,normal,1491,0,1782360477.3703206,0.002008199691772461
153207,normal,1967,0,1782360477.3724542,0.002133607864379883
153208,normal,1676,0,1782360477.374449,0.0019948482513427734
153209,normal,1352,1,1782360477.376477,0.0020279884338378906
153210,normal,1416,0,1782360477.3783724,0.0018954277038574219
153211,normal,2797,0,1782360477.3804967,0.002124309539794922
153212,normal,1270,0,1782360477.3825352,0.0020384788513183594
153213,normal,2351,0,1782360477.3845272,0.0019919872283935547
153214,normal,2907,0,1782360477.3864074,0.0018801689147949219
153215,normal,462,0,1782360477.388466,0.0020585060119628906
153216,normal,1043,0,1782360477.3903813,0.0019154548645019531
153217,normal,907,2,1782360477.3924112,0.002029895782470703
153218,normal,2661,0,1782360477.394475,0.002063751220703125
153219,normal,2898,0,1782360477.3963916,0.001916646957397461
153220,normal,2346,0,1782360477.398583,0.002191305160522461
153221,normal,545,0,1782360477.400457,0.0018739700317382812
153222,normal,1932,0,1782360477.402643,0.0021860599517822266
153223,normal,2752,0,1782360477.4044542,0.0018112659454345703
153224,normal,143,0,1782360477.4065764,0.002122163772583008
153225,normal,3289,1,1782360477.4083934,0.0018169879913330078
153226,normal,1222,0,1782360477.410557,0.0021636486053466797
153227,normal,956,2,1782360477.4124706,0.0019135475158691406
153228,normal,1197,0,1782360477.4145687,0.00209808349609375
153229,normal,1265,0,1782360477.4164333,0.0018646717071533203
153230,normal,1382,0,1782360477.418916,0.0024826526641845703
153231,normal,1767,0,1782360477.4207335,0.001817464828491211
153232,normal,1735,0,1782360477.422493,0.0017595291137695312
153233,normal,2757,0,1782360477.4243236,0.0018305778503417969
153234,normal,368,0,1782360477.4263837,0.0020601749420166016
153235,normal,3194,1,1782360477.428433,0.0020492076873779297
153236,normal,1283,0,1782360477.430571,0.0021381378173828125
153237,normal,630,0,1782360477.4324536,0.0018825531005859375
153238,normal,1826,0,1782360477.4344296,0.00197601318359375
153239,normal,1353,1,1782360477.4365156,0.0020859241485595703
153240,normal,3071,1,1782360477.4385884,0.0020728111267089844
153241,normal,2106,0,1782360477.4405925,0.0020041465759277344
153242,normal,1271,0,1782360477.4424672,0.001874685287475586
153243,normal,943,2,1782360477.4443555,0.001888275146484375
153244,normal,1484,0,1782360477.4464853,0.002129793167114258
153245,normal,1273,0,1782360477.4485025,0.0020172595977783203
153246,normal,2331,0,1782360477.4505188,0.002016305923461914
153247,normal,1193,0,1782360477.4524233,0.0019044876098632812
153248,normal,49,0,1782360477.4545166,0.0020933151245117188
153249,normal,2365,0,1782360477.4565315,0.0020148754119873047
153250,normal,3469,0,1782360477.4584677,0.001936197280883789
153251,normal,3142,1,1782360477.4604595,0.001991748809814453
153252,normal,710,0,1782360477.4624417,0.0019822120666503906
153253,normal,1794,0,1782360477.4644334,0.001991748809814453
153254,normal,3547,0,1782360477.4665213,0.002087831497192383
153255,normal,1479,0,1782360477.4685133,0.0019919872283935547
153256,normal,1710,0,1782360477.4705758,0.002062559127807617
153257,normal,3611,0,1782360477.4723687,0.00179290771484375
153258,normal,2191,0,1782360477.4744685,0.002099752426147461
153259,normal,604,0,1782360477.4764977,0.0020291805267333984
153260,normal,1515,0,1782360477.478475,0.0019774436950683594
153261,normal,2644,0,1782360477.48043,0.001954793930053711
153262,normal,189,0,1782360477.482428,0.0019981861114501953
153263,normal,3520,0,1782360477.4845128,0.0020847320556640625
153264,normal,1020,2,1782360477.4865367,0.002023935317993164
153265,normal,2144,0,1782360477.4884868,0.0019500255584716797
153266,normal,1470,0,1782360477.4905722,0.002085447311401367
153267,normal,1357,1,1782360477.4925127,0.0019404888153076172
153268,normal,1227,0,1782360477.4945943,0.002081632614135742
153269,normal,389,0,1782360477.4964945,0.0019001960754394531
153270,normal,306,0,1782360477.498589,0.0020945072174072266
153271,normal,3265,1,1782360477.5005794,0.0019903182983398438
153272,normal,2826,0,1782360477.5023427,0.0017633438110351562
153273,normal,3054,1,1782360477.5044188,0.0020761489868164062
153274,normal,961,2,1782360477.5064328,0.0020139217376708984
153275,normal,978,2,1782360477.5084927,0.0020599365234375
153276,normal,609,0,1782360477.510513,0.0020203590393066406
153277,normal,2448,0,1782360477.5124314,0.0019183158874511719
153278,normal,3558,0,1782360477.51449,0.0020585060119628906
153279,normal,2936,0,1782360477.5164237,0.0019338130950927734
153280,normal,2188,0,1782360477.5184307,0.002007007598876953
153281,normal,1384,0,1782360477.5212488,0.0028181076049804688
153282,normal,1722,0,1782360477.5225992,0.00135040283203125
153283,normal,1481,0,1782360477.5244844,0.0018851757049560547
153284,normal,3664,0,1782360477.5264964,0.002012014389038086
153285,normal,820,2,1782360477.5284553,0.0019588470458984375
153286,normal,1122,0,1782360477.5305545,0.002099275588989258
153287,normal,2209,0,1782360477.5328174,0.0022628307342529297
153288,normal,1509,0,1782360477.5344243,0.0016069412231445312
153289,normal,353,0,1782360477.536485,0.0020606517791748047
153290,normal,2791,0,1782360477.5385075,0.0020225048065185547
153291,normal,3222,1,1782360477.5404475,0.001940011978149414
153292,normal,1404,0,1782360477.5424595,0.002012014389038086
153293,normal,110,0,1782360477.5447574,0.0022978782653808594
153294,normal,1239,0,1782360477.5465615,0.0018041133880615234
153295,normal,3253,1,1782360477.548551,0.001989603042602539
153296,normal,615,0,1782360477.550489,0.0019378662109375
153297,normal,2871,0,1782360477.5525632,0.0020742416381835938
153298,normal,1622,0,1782360477.5545015,0.0019383430480957031
153299,normal,3013,0,1782360477.5566292,0.0021276473999023438
153300,normal,3539,0,1782360477.5585403,0.001911163330078125
153301,normal,1804,0,1782360477.5605567,0.002016305923461914
153302,normal,2043,0,1782360477.5625145,0.0019578933715820312
153303,normal,374,0,1782360477.5648685,0.0023539066314697266
153304,normal,3645,0,1782360477.566484,0.0016155242919921875
153305,normal,1179,0,1782360477.5685165,0.0020325183868408203
153306,normal,2873,0,1782360477.570514,0.0019974708557128906
153307,normal,2197,0,1782360477.5726526,0.0021386146545410156
153308,normal,2204,0,1782360477.574587,0.0019345283508300781
153309,normal,2734,0,1782360477.5765824,0.0019953250885009766
153310,normal,2057,0,1782360477.5784717,0.0018892288208007812
153311,normal,2981,0,1782360477.5805569,0.0020852088928222656
153312,normal,126,0,1782360477.5825155,0.001958608627319336
153313,normal,2131,0,1782360477.5845654,0.0020499229431152344
153314,normal,132,0,1782360477.5866587,0.0020933151245117188
153315,normal,2199,0,1782360477.5883734,0.0017147064208984375
153316,normal,263,0,1782360477.5906298,0.0022563934326171875
153317,normal,779,2,1782360477.5926385,0.002008676528930664
153318,normal,3589,0,1782360477.5945506,0.0019121170043945312
153319,normal,2992,0,1782360477.5965018,0.0019512176513671875
153320,normal,2957,0,1782360477.5984855,0.001983642578125
153321,normal,3513,0,1782360477.6005054,0.0020198822021484375
153322,normal,2061,0,1782360477.6024344,0.0019290447235107422
153323,normal,972,2,1782360477.6044781,0.0020437240600585938
153324,normal,1336,1,1782360477.6064384,0.001960277557373047
153325,normal,2872,0,1782360477.6084847,0.002046346664428711
153326,normal,2283,0,1782360477.6104906,0.0020058155059814453
153327,normal,1984,0,1782360477.6125338,0.0020432472229003906
153328,normal,3480,0,1782360477.6143892,0.0018553733825683594
153329,normal,3023,0,1782360477.616455,0.002065896987915039
153330,normal,515,0,1782360477.6184556,0.002000570297241211
153331,normal,3332,1,1782360477.6204581,0.0020024776458740234
153332,normal,2431,0,1782360477.62245,0.0019919872283935547
153333,normal,3419,0,1782360477.6245022,0.0020520687103271484
153334,normal,2330,0,1782360477.6264951,0.001992940902709961
153335,normal,3491,0,1782360477.6285279,0.002032756805419922
153336,normal,934,2,1782360477.6305087,0.0019807815551757812
153337,normal,2051,0,1782360477.6324813,0.001972675323486328
153338,normal,1641,0,1782360477.6345026,0.002021312713623047
153339,normal,2846,0,1782360477.6364923,0.001989603042602539
153340,normal,3012,0,1782360477.6384568,0.001964569091796875
153341,normal,2227,0,1782360477.6414871,0.0030303001403808594
153342,normal,2225,0,1782360477.6423914,0.0009043216705322266
153343,normal,2183,0,1782360477.64446,0.0020685195922851562
153344,normal,1640,0,1782360477.6466203,0.002160310745239258
153345,normal,2097,0,1782360477.648416,0.0017957687377929688
153346,normal,2272,0,1782360477.6505089,0.0020928382873535156
153347,normal,1911,0,1782360477.652566,0.0020570755004882812
153348,normal,1251,0,1782360477.654524,0.001958131790161133
153349,normal,3172,1,1782360477.6565127,0.001988649368286133
153350,normal,3186,1,1782360477.6585612,0.002048492431640625
153351,normal,2900,0,1782360477.6604939,0.0019326210021972656
153352,normal,705,0,1782360477.6624463,0.0019524097442626953
153353,normal,777,2,1782360477.6643512,0.0019049644470214844
153354,normal,3329,1,1782360477.6664627,0.0021114349365234375
153355,normal,2158,0,1782360477.6684663,0.0020036697387695312
153356,normal,3240,1,1782360477.6708527,0.002386331558227539
153357,normal,600,0,1782360477.6723733,0.0015206336975097656
153358,normal,1899,0,1782360477.6745045,0.002131223678588867
153359,normal,1256,0,1782360477.6764302,0.0019257068634033203
153360,normal,139,0,1782360477.6784277,0.0019974708557128906
153361,normal,34,0,1782360477.680835,0.0024073123931884766
153362,normal,1764,0,1782360477.6826978,0.0018627643585205078
153363,normal,3216,1,1782360477.6843922,0.0016944408416748047
153364,normal,3224,1,1782360477.6864522,0.0020599365234375
153365,normal,1284,0,1782360477.6884809,0.0020287036895751953
153366,normal,451,0,1782360477.6904438,0.001962900161743164
153367,normal,589,0,1782360477.6925018,0.0020580291748046875
153368,normal,2441,0,1782360477.6946404,0.0021386146545410156
153369,normal,2531,0,1782360477.6963658,0.0017254352569580078
153370,normal,2315,0,1782360477.6985078,0.0021419525146484375
153371,normal,846,2,1782360477.7004526,0.0019447803497314453
153372,normal,1275,0,1782360477.702374,0.0019214153289794922
153373,normal,2257,0,1782360477.7044916,0.002117633819580078
153374,normal,622,0,1782360477.7065244,0.002032756805419922
153375,normal,3307,1,1782360477.7085109,0.0019865036010742188
153376,normal,3317,1,1782360477.7106113,0.0021004676818847656
153377,normal,3281,1,1782360477.7125142,0.0019028186798095703
153378,normal,219,0,1782360477.7144866,0.0019724369049072266
153379,normal,3532,0,1782360477.7164085,0.0019218921661376953
153380,normal,3493,0,1782360477.7188401,0.002431631088256836
153381,normal,1613,0,1782360477.720549,0.001708984375
153382,normal,921,2,1782360477.7224452,0.0018961429595947266
153383,normal,1184,0,1782360477.7247312,0.0022859573364257812
153384,normal,16,0,1782360477.7267418,0.0020105838775634766
153385,normal,1857,0,1782360477.7283611,0.0016193389892578125
153386,normal,2925,0,1782360477.730331,0.0019698143005371094
153387,normal,2418,0,1782360477.7323503,0.0020194053649902344
153388,normal,376,0,1782360477.7344134,0.0020630359649658203
153389,normal,2059,0,1782360477.7364101,0.001996755599975586
153390,normal,439,0,1782360477.7383516,0.0019414424896240234
153391,normal,1816,0,1782360477.7404149,0.002063274383544922
153392,normal,2685,0,1782360477.7424614,0.0020465850830078125
153393,normal,1367,1,1782360477.7444363,0.001974821090698242
153394,normal,3418,0,1782360477.7464545,0.0020182132720947266
153395,normal,2858,0,1782360477.7485337,0.0020792484283447266
153396,normal,3117,1,1782360477.750374,0.001840353012084961
153397,normal,2138,0,1782360477.7525012,0.0021271705627441406
153398,normal,1770,0,1782360477.754444,0.0019426345825195312
153399,normal,3178,1,1782360477.756448,0.0020041465759277344
153400,normal,717,0,1782360477.758455,0.002007007598876953
153401,normal,265,0,1782360477.7604556,0.002000570297241211
153402,normal,3390,1,1782360477.7623944,0.0019388198852539062
153403,normal,888,2,1782360477.7644763,0.0020818710327148438
153404,normal,1196,0,1782360477.7663884,0.0019121170043945312
153405,normal,1809,0,1782360477.768392,0.0020036697387695312
153406,normal,87,0,1782360477.770477,0.002084970474243164
153407,normal,2918,0,1782360477.7724085,0.0019314289093017578
153408,normal,2833,0,1782360477.7745466,0.0021381378173828125
153409,normal,173,0,1782360477.776334,0.001787424087524414
153410,normal,39,0,1782360477.7784648,0.002130746841430664
153411,normal,365,0,1782360477.7803705,0.001905679702758789
153412,normal,1007,2,1782360477.7824545,0.002084016799926758
153413,normal,1674,0,1782360477.7843654,0.0019109249114990234
153414,normal,420,0,1782360477.7863834,0.002017974853515625
153415,normal,266,0,1782360477.7884448,0.0020613670349121094
153416,normal,324,0,1782360477.7904203,0.001975536346435547
153417,normal,639,0,1782360477.7924378,0.002017498016357422
153418,normal,3401,1,1782360477.7943435,0.001905679702758789
153419,normal,2738,0,1782360477.7963762,0.002032756805419922
153420,normal,3487,0,1782360477.7984235,0.002047300338745117
153421,normal,2982,0,1782360477.800374,0.0019505023956298828
153422,normal,1370,1,1782360477.8023477,0.0019736289978027344
153423,normal,3140,1,1782360477.8043272,0.0019795894622802734
153424,normal,2352,0,1782360477.8064575,0.002130270004272461
153425,normal,241,0,1782360477.8083897,0.0019321441650390625
153426,normal,3521,0,1782360477.8104112,0.0020215511322021484
153427,normal,1960,0,1782360477.8124752,0.0020639896392822266
153428,normal,1201,0,1782360477.8146043,0.002129077911376953
153429,normal,3073,1,1782360477.8163517,0.0017473697662353516
153430,normal,76,0,1782360477.8184636,0.0021119117736816406
153431,normal,833,2,1782360477.8205369,0.0020732879638671875
153432,normal,3022,0,1782360477.8223114,0.0017745494842529297
153433,normal,2947,0,1782360477.8243701,0.002058744430541992
153434,normal,3531,0,1782360477.8263404,0.0019702911376953125
153435,normal,526,0,1782360477.8283486,0.002008199691772461
153436,normal,3003,0,1782360477.830379,0.0020303726196289062
153437,normal,1102,0,1782360477.8323314,0.0019524097442626953
153438,normal,1246,0,1782360477.8343308,0.001999378204345703
153439,normal,2046,0,1782360477.8363628,0.002032041549682617
153440,normal,2594,0,1782360477.8388355,0.0024726390838623047
153441,normal,618,0,1782360477.8407466,0.001911163330078125
153442,normal,425,0,1782360477.8423493,0.0016026496887207031
153443,normal,2609,0,1782360477.844484,0.0021347999572753906
153444,normal,1116,0,1782360477.8463492,0.0018651485443115234
153445,normal,1123,0,1782360477.8484983,0.0021491050720214844
153446,normal,3609,0,1782360477.8505585,0.0020601749420166016
153447,normal,679,0,1782360477.8523924,0.0018339157104492188
153448,normal,919,2,1782360477.8544803,0.002087831497192383
153449,normal,1419,0,1782360477.856341,0.0018606185913085938
153450,normal,1423,0,1782360477.8584776,0.002136707305908203
153451,normal,2580,0,1782360477.8604116,0.001934051513671875
153452,normal,2222,0,1782360477.8626354,0.0022237300872802734
153453,normal,493,0,1782360477.8644655,0.0018301010131835938
153454,normal,2374,0,1782360477.8664436,0.001978158950805664
153455,normal,1125,0,1782360477.8683817,0.0019381046295166016
153456,normal,714,0,1782360477.870455,0.0020732879638671875
153457,normal,3667,0,1782360477.8723865,0.0019314289093017578
153458,normal,1977,0,1782360477.8744113,0.0020248889923095703
153459,normal,3257,1,1782360477.876506,0.002094745635986328
153460,normal,2042,0,1782360477.8784025,0.0018963813781738281
153461,normal,821,2,1782360477.8804932,0.0020906925201416016
153462,normal,1568,0,1782360477.8824606,0.0019674301147460938
153463,normal,3577,0,1782360477.884402,0.0019414424896240234
153464,normal,2555,0,1782360477.8863518,0.0019497871398925781
153465,normal,1343,1,1782360477.8883457,0.001993894577026367
153466,normal,511,0,1782360477.8904135,0.0020678043365478516
153467,normal,1073,0,1782360477.8923266,0.0019130706787109375
153468,normal,2498,0,1782360477.89437,0.002043485641479492
153469,normal,1344,1,1782360477.8963914,0.002021312713623047
153470,normal,428,0,1782360477.8983607,0.0019693374633789062
153471,normal,276,0,1782360477.9003758,0.0020151138305664062
153472,normal,1285,0,1782360477.9024599,0.002084016799926758
153473,normal,1080,0,1782360477.904436,0.0019762516021728516
153474,normal,1474,0,1782360477.9063475,0.0019114017486572266
153475,normal,3506,0,1782360477.9084268,0.0020792484283447266
153476,normal,2310,0,1782360477.9104238,0.0019969940185546875
153477,normal,2108,0,1782360477.912427,0.002003192901611328
153478,normal,3435,0,1782360477.9144433,0.002016305923461914
153479,normal,3429,0,1782360477.9163291,0.0018858909606933594
153480,normal,637,0,1782360477.9183784,0.0020492076873779297
153481,normal,261,0,1782360477.9204223,0.0020439624786376953
153482,normal,2189,0,1782360477.922385,0.0019626617431640625
153483,normal,2996,0,1782360477.9243867,0.0020017623901367188
153484,normal,3005,0,1782360477.9264207,0.0020339488983154297
153485,normal,688,0,1782360477.9283793,0.001958608627319336
153486,normal,2171,0,1782360477.930357,0.001977682113647461
153487,normal,1652,0,1782360477.9323857,0.0020287036895751953
153488,normal,2842,0,1782360477.9343486,0.001962900161743164
153489,normal,2423,0,1782360477.936336,0.001987457275390625
153490,normal,190,0,1782360477.9383829,0.002046823501586914
153491,normal,552,0,1782360477.9404304,0.0020475387573242188
153492,normal,832,2,1782360477.9423842,0.0019538402557373047
153493,normal,1323,1,1782360477.9445076,0.0021233558654785156
153494,normal,1067,0,1782360477.9463365,0.001828908920288086
153495,normal,2486,0,1782360477.9483745,0.0020380020141601562
153496,normal,2699,0,1782360477.9503884,0.0020139217376708984
153497,normal,949,2,1782360477.9523315,0.0019431114196777344
153498,normal,2744,0,1782360477.9543278,0.001996278762817383
153499,normal,3579,0,1782360477.9563673,0.0020394325256347656
153500,normal,1793,0,1782360477.95837,0.002002716064453125
153501,normal,208,0,1782360477.960384,0.0020139217376708984
153502,normal,3131,1,1782360477.9624481,0.002064228057861328
153503,normal,3321,1,1782360477.9644465,0.001998424530029297
153504,normal,715,0,1782360477.9665031,0.002056598663330078
153505,normal,3533,0,1782360477.9683948,0.0018916130065917969
153506,normal,704,0,1782360477.9704146,0.0020198822021484375
153507,normal,1870,0,1782360477.9724402,0.002025604248046875
153508,normal,2795,0,1782360477.9744306,0.0019903182983398438
153509,normal,1469,0,1782360477.9762924,0.0018618106842041016
153510,normal,685,0,1782360477.9783258,0.0020334720611572266
153511,normal,1136,0,1782360477.9803693,0.002043485641479492
153512,normal,295,0,1782360477.9823847,0.002015352249145508
153513,normal,335,0,1782360477.9843323,0.001947641372680664
153514,normal,520,0,1782360477.9863586,0.0020263195037841797
153515,normal,392,0,1782360477.9883218,0.0019631385803222656
153516,normal,311,0,1782360477.9903874,0.0020656585693359375
153517,normal,1050,0,1782360477.9927962,0.002408742904663086
153518,normal,313,0,1782360477.994387,0.001590728759765625
153519,normal,700,0,1782360477.9963484,0.0019614696502685547
153520,normal,54,0,1782360477.9983723,0.002023935317993164
153521,normal,3695,0,1782360478.0003743,0.0020020008087158203
153522,normal,2733,0,1782360478.0024085,0.0020341873168945312
153523,normal,1688,0,1782360478.004377,0.0019683837890625
153524,normal,3497,0,1782360478.0064921,0.0021152496337890625
153525,normal,1016,2,1782360478.008295,0.0018029212951660156
153526,normal,675,0,1782360478.0103803,0.0020852088928222656
153527,normal,3503,0,1782360478.0124135,0.002033233642578125
153528,normal,3280,1,1782360478.0144148,0.0020012855529785156
153529,normal,3438,0,1782360478.0164218,0.002007007598876953
153530,normal,2663,0,1782360478.0185964,0.0021746158599853516
153531,normal,318,0,1782360478.020461,0.0018646717071533203
153532,normal,1182,0,1782360478.0224543,0.0019931793212890625
153533,normal,546,0,1782360478.0245187,0.0020644664764404297
153534,normal,2416,0,1782360478.02643,0.001911163330078125
153535,normal,1609,0,1782360478.0283618,0.001931905746459961
153536,normal,822,2,1782360478.0306466,0.0022847652435302734
153537,normal,2045,0,1782360478.0324826,0.0018360614776611328
153538,normal,2889,0,1782360478.0343895,0.0019068717956542969
153539,normal,1471,0,1782360478.0366294,0.0022399425506591797
153540,normal,103,0,1782360478.0386062,0.0019767284393310547
153541,normal,593,0,1782360478.0403712,0.0017650127410888672
153542,normal,506,0,1782360478.0423386,0.0019674301147460938
153543,normal,1823,0,1782360478.0443425,0.002003908157348633
153544,normal,1430,0,1782360478.046518,0.002175569534301758
153545,normal,3112,1,1782360478.0483146,0.0017964839935302734
153546,normal,2751,0,1782360478.0503607,0.0020461082458496094
153547,normal,635,0,1782360478.0523803,0.002019643783569336
153548,normal,329,0,1782360478.054369,0.001988649368286133
153549,normal,2343,0,1782360478.0564122,0.0020432472229003906
153550,normal,1309,0,1782360478.0584776,0.002065420150756836
153551,normal,2301,0,1782360478.0603437,0.0018661022186279297
153552,normal,107,0,1782360478.062374,0.0020303726196289062
153553,normal,1235,0,1782360478.0644364,0.0020623207092285156
153554,normal,1950,0,1782360478.066435,0.0019986629486083984
153555,normal,2820,0,1782360478.0683925,0.001957416534423828
153556,normal,169,0,1782360478.0704093,0.002016782760620117
153557,normal,1542,0,1782360478.0723445,0.0019352436065673828
153558,normal,2876,0,1782360478.074375,0.0020303726196289062
153559,normal,1263,0,1782360478.076393,0.002017974853515625
153560,normal,2621,0,1782360478.0783703,0.0019774436950683594
153561,normal,3479,0,1782360478.080366,0.001995563507080078
153562,normal,1599,0,1782360478.0824347,0.002068758010864258
153563,normal,2812,0,1782360478.0843706,0.0019359588623046875
153564,normal,1810,0,1782360478.0863378,0.001967191696166992
153565,normal,2050,0,1782360478.0883696,0.0020318031311035156
153566,normal,134,0,1782360478.0903492,0.0019795894622802734
153567,normal,984,2,1782360478.0923548,0.0020055770874023438
153568,normal,2719,0,1782360478.0945063,0.0021514892578125
153569,normal,3546,0,1782360478.0963368,0.0018305778503417969
153570,normal,2728,0,1782360478.0985537,0.002216815948486328
153571,normal,1052,0,1782360478.1006968,0.0021431446075439453
153572,normal,2625,0,1782360478.102321,0.0016241073608398438
153573,normal,1605,0,1782360478.104519,0.0021979808807373047
153574,normal,397,0,1782360478.1063757,0.0018568038940429688
153575,normal,3248,1,1782360478.1085835,0.0022077560424804688
153576,normal,1993,0,1782360478.1104724,0.0018889904022216797
153577,normal,1627,0,1782360478.1125038,0.0020313262939453125
153578,normal,465,0,1782360478.1143496,0.0018458366394042969
153579,normal,186,0,1782360478.116504,0.0021543502807617188
153580,normal,3319,1,1782360478.1184573,0.0019533634185791016
153581,normal,2765,0,1782360478.1204805,0.0020232200622558594
153582,normal,2111,0,1782360478.1225097,0.0020291805267333984
153583,normal,2380,0,1782360478.124487,0.001977205276489258
153584,normal,1161,0,1782360478.1265726,0.0020856857299804688
153585,normal,2576,0,1782360478.1284554,0.001882791519165039
153586,normal,184,0,1782360478.1307147,0.0022592544555664062
153587,normal,47,0,1782360478.1325405,0.0018258094787597656
153588,normal,222,0,1782360478.1343434,0.0018029212951660156
153589,normal,3464,0,1782360478.1364946,0.0021512508392333984
153590,normal,1864,0,1782360478.1383414,0.0018467903137207031
153591,normal,426,0,1782360478.1405106,0.0021691322326660156
153592,normal,1944,0,1782360478.1424825,0.0019719600677490234
153593,normal,3208,1,1782360478.1443617,0.0018792152404785156
153594,normal,3385,1,1782360478.146342,0.001980304718017578
153595,normal,3060,1,1782360478.148497,0.0021550655364990234
153596,normal,1537,0,1782360478.1503532,0.001856088638305664
153597,normal,259,0,1782360478.1528153,0.002462148666381836
153598,normal,1159,0,1782360478.1546931,0.0018777847290039062
153599,normal,93,0,1782360478.1564882,0.001795053482055664
153600,normal,1875,0,1782360478.1583502,0.0018620491027832031
153601,normal,2443,0,1782360478.1605008,0.0021505355834960938
153602,normal,658,0,1782360478.1623576,0.0018568038940429688
153603,normal,238,0,1782360478.1645076,0.0021500587463378906
153604,normal,3673,0,1782360478.1665423,0.0020346641540527344
153605,normal,3035,0,1782360478.1683648,0.0018224716186523438
153606,normal,1747,0,1782360478.1704364,0.0020716190338134766
153607,normal,1424,0,1782360478.172523,0.002086639404296875
153608,normal,2139,0,1782360478.1743562,0.001833200454711914
153609,normal,3226,1,1782360478.176508,0.0021517276763916016
153610,normal,2687,0,1782360478.1784885,0.0019805431365966797
153611,normal,333,0,1782360478.1806548,0.002166271209716797
153612,normal,1860,0,1782360478.182373,0.001718282699584961
153613,normal,1351,1,1782360478.1844726,0.0020995140075683594
153614,normal,1268,0,1782360478.186443,0.001970529556274414
153615,normal,2025,0,1782360478.1883938,0.0019507408142089844
153616,normal,3683,0,1782360478.1903834,0.001989603042602539
153617,normal,1369,1,1782360478.1925797,0.0021963119506835938
153618,normal,2963,0,1782360478.194471,0.0018911361694335938
153619,normal,3445,0,1782360478.1963243,0.0018534660339355469
153620,normal,3160,1,1782360478.1985211,0.002196788787841797
153621,normal,1003,2,1782360478.2004683,0.001947164535522461
153622,normal,1980,0,1782360478.202366,0.0018978118896484375
153623,normal,3207,1,1782360478.2043319,0.001965761184692383
153624,normal,2091,0,1782360478.2063394,0.0020074844360351562
153625,normal,1252,0,1782360478.2083855,0.0020461082458496094
153626,normal,224,0,1782360478.2103558,0.0019702911376953125
153627,normal,3535,0,1782360478.212343,0.0019872188568115234
153628,normal,176,0,1782360478.2143652,0.002022266387939453
153629,normal,2251,0,1782360478.2163255,0.001960277557373047
153630,normal,459,0,1782360478.2183826,0.0020570755004882812
153631,normal,1485,0,1782360478.2204456,0.0020630359649658203
153632,normal,2302,0,1782360478.2223809,0.0019352436065673828
153633,normal,3610,0,1782360478.224455,0.0020742416381835938
153634,normal,2487,0,1782360478.2264366,0.001981496810913086
153635,normal,2983,0,1782360478.22837,0.0019333362579345703
153636,normal,664,0,1782360478.2305622,0.002192258834838867
153637,normal,3259,1,1782360478.232365,0.001802682876586914
153638,normal,1225,0,1782360478.2343574,0.001992464065551758
153639,normal,3387,1,1782360478.236361,0.0020036697387695312
153640,normal,1638,0,1782360478.2383974,0.0020363330841064453
153641,normal,3341,1,1782360478.2405336,0.00213623046875
153642,normal,1401,0,1782360478.242595,0.0020613670349121094
153643,normal,2669,0,1782360478.244514,0.0019190311431884766
153644,normal,641,0,1782360478.2463882,0.0018742084503173828
153645,normal,2899,0,1782360478.2485201,0.002131938934326172
153646,normal,1706,0,1782360478.2503967,0.0018765926361083984
153647,normal,816,2,1782360478.2523332,0.0019364356994628906
153648,normal,2243,0,1782360478.254386,0.002052783966064453
153649,normal,1752,0,1782360478.256321,0.0019350051879882812
153650,normal,1560,0,1782360478.258352,0.002031087875366211
153651,normal,750,0,1782360478.260347,0.0019948482513427734
153652,normal,2801,0,1782360478.262354,0.002007007598876953
153653,normal,865,2,1782360478.2643905,0.002036571502685547
153654,normal,2943,0,1782360478.2664154,0.0020248889923095703
153655,normal,3009,0,1782360478.2684262,0.002010822296142578
153656,normal,660,0,1782360478.2705362,0.002110004425048828
153657,normal,3182,1,1782360478.272539,0.002002716064453125
153658,normal,2588,0,1782360478.274395,0.001856088638305664
153659,normal,1882,0,1782360478.2763906,0.001995563507080078
153660,normal,665,0,1782360478.2785292,0.0021386146545410156
153661,normal,2312,0,1782360478.280364,0.001834869384765625
153662,normal,876,2,1782360478.2825212,0.0021572113037109375
153663,normal,1782,0,1782360478.2843444,0.0018231868743896484
153664,normal,1517,0,1782360478.2867742,0.0024297237396240234
153665,normal,3010,0,1782360478.2883947,0.0016205310821533203
153666,normal,1820,0,1782360478.2905524,0.0021576881408691406
153667,normal,766,0,1782360478.2925057,0.0019533634185791016
153668,normal,681,0,1782360478.2948108,0.0023050308227539062
153669,normal,945,2,1782360478.2963927,0.0015819072723388672
153670,normal,2322,0,1782360478.2985766,0.0021839141845703125
153671,normal,1566,0,1782360478.3005073,0.0019307136535644531
153672,normal,271,0,1782360478.302471,0.0019636154174804688
153673,normal,1792,0,1782360478.3044791,0.002008199691772461
153674,normal,666,0,1782360478.3063486,0.0018694400787353516
153675,normal,218,0,1782360478.3084772,0.00212860107421875
153676,normal,2771,0,1782360478.3103855,0.0019083023071289062
153677,normal,2110,0,1782360478.3124478,0.0020623207092285156
153678,normal,2582,0,1782360478.314294,0.0018463134765625
153679,normal,281,0,1782360478.3163512,0.0020570755004882812
153680,normal,1389,0,1782360478.3184378,0.002086639404296875
153681,normal,2794,0,1782360478.3202984,0.0018606185913085938
153682,normal,1783,0,1782360478.3229973,0.0026988983154296875
153683,normal,2886,0,1782360478.324472,0.001474618911743164
153684,normal,2506,0,1782360478.3263736,0.0019016265869140625
153685,normal,2165,0,1782360478.3283625,0.0019888877868652344
153686,normal,113,0,1782360478.330365,0.0020024776458740234
153687,normal,147,0,1782360478.3323715,0.00200653076171875
153688,normal,2390,0,1782360478.3344526,0.002081155776977539
153689,normal,3318,1,1782360478.3363109,0.0018582344055175781
153690,normal,1575,0,1782360478.3383505,0.002039670944213867
153691,normal,2435,0,1782360478.34055,0.002199411392211914
153692,normal,2357,0,1782360478.342462,0.0019121170043945312
153693,normal,652,0,1782360478.344546,0.002084016799926758
153694,normal,866,2,1782360478.3465595,0.0020134449005126953
153695,normal,1577,0,1782360478.3485928,0.002033233642578125
153696,normal,840,2,1782360478.35055,0.0019571781158447266
153697,normal,2482,0,1782360478.3525376,0.0019876956939697266
153698,normal,818,2,1782360478.3545306,0.001992940902709961
153699,normal,689,0,1782360478.3565,0.0019693374633789062
153700,normal,1978,0,1782360478.3584697,0.0019698143005371094
153701,normal,2002,0,1782360478.3603337,0.0018639564514160156
153702,normal,971,2,1782360478.362764,0.0024302005767822266
153703,normal,2064,0,1782360478.3645563,0.0017924308776855469
153704,normal,3356,1,1782360478.3663828,0.0018265247344970703
153705,normal,3143,1,1782360478.3687654,0.002382516860961914
153706,normal,277,0,1782360478.3708553,0.002089977264404297
153707,normal,2105,0,1782360478.3723538,0.0014984607696533203
153708,normal,1441,0,1782360478.3743155,0.0019617080688476562
153709,normal,1276,0,1782360478.3763642,0.0020487308502197266
153710,normal,3452,0,1782360478.3784554,0.0020911693572998047
153711,normal,3634,0,1782360478.380371,0.0019156932830810547
153712,normal,1611,0,1782360478.3824036,0.0020325183868408203
153713,normal,163,0,1782360478.384349,0.00194549560546875
153714,normal,3672,0,1782360478.38634,0.001990795135498047
153715,normal,3635,0,1782360478.38843,0.0020902156829833984
153716,normal,548,0,1782360478.390466,0.002035856246948242
153717,normal,946,2,1782360478.392481,0.0020151138305664062
153718,normal,2494,0,1782360478.3944767,0.001995563507080078
153719,normal,2700,0,1782360478.3964334,0.0019567012786865234
153720,normal,1396,0,1782360478.3984382,0.002004861831665039
153721,normal,1553,0,1782360478.4005222,0.002084016799926758
153722,normal,1377,1,1782360478.4024482,0.0019259452819824219
153723,normal,3239,1,1782360478.4044614,0.0020132064819335938
153724,normal,2616,0,1782360478.4064689,0.0020074844360351562
153725,normal,756,0,1782360478.408383,0.0019140243530273438
153726,normal,1671,0,1782360478.4104102,0.002027273178100586
153727,normal,1288,0,1782360478.4124963,0.002086162567138672
153728,normal,654,0,1782360478.4145389,0.002042531967163086
153729,normal,3025,0,1782360478.4164062,0.0018672943115234375
153730,normal,3188,1,1782360478.4185493,0.0021431446075439453
153731,normal,1083,0,1782360478.4203806,0.0018312931060791016
153732,normal,519,0,1782360478.4226534,0.0022728443145751953
153733,normal,2013,0,1782360478.4244096,0.0017561912536621094
153734,normal,625,0,1782360478.4264948,0.0020852088928222656
153735,normal,974,2,1782360478.4283767,0.0018818378448486328
153736,normal,2290,0,1782360478.4305058,0.002129077911376953
153737,normal,1730,0,1782360478.4323537,0.001847982406616211
153738,normal,1041,0,1782360478.4343722,0.002018451690673828
153739,normal,3213,1,1782360478.4363737,0.002001523971557617
153740,normal,2877,0,1782360478.4384184,0.002044677734375
153741,normal,1381,1,1782360478.4403958,0.0019774436950683594
153742,normal,1844,0,1782360478.4424925,0.0020966529846191406
153743,normal,1879,0,1782360478.4443948,0.0019023418426513672
153744,normal,2929,0,1782360478.44649,0.0020952224731445312
153745,normal,1085,0,1782360478.4483955,0.0019054412841796875
153746,normal,2472,0,1782360478.4505002,0.0021047592163085938
153747,normal,178,0,1782360478.4523504,0.001850128173828125
153748,normal,1371,1,1782360478.4544563,0.0021059513092041016
153749,normal,254,0,1782360478.4563622,0.0019059181213378906
153750,normal,1345,1,1782360478.458361,0.0019986629486083984
153751,normal,1128,0,1782360478.4605935,0.0022325515747070312
153752,normal,633,0,1782360478.4624822,0.0018887519836425781
153753,normal,2462,0,1782360478.4645557,0.002073526382446289
153754,normal,3036,0,1782360478.4665802,0.002024412155151367
153755,normal,1576,0,1782360478.4685621,0.001981973648071289
153756,normal,3126,1,1782360478.4704764,0.0019142627716064453
153757,normal,915,2,1782360478.4725957,0.002119302749633789
153758,normal,2329,0,1782360478.4745796,0.0019838809967041016
153759,normal,505,0,1782360478.4763484,0.0017688274383544922
153760,normal,1240,0,1782360478.4784489,0.0021004676818847656
153761,normal,1098,0,1782360478.480346,0.0018970966339111328
153762,normal,3657,0,1782360478.482347,0.002001047134399414
153763,normal,3398,1,1782360478.4845722,0.002225160598754883
153764,normal,2054,0,1782360478.4863393,0.0017671585083007812
153765,normal,989,2,1782360478.488336,0.001996755599975586
153766,normal,2850,0,1782360478.490438,0.002101898193359375
153767,normal,3231,1,1782360478.492342,0.0019040107727050781
153768,normal,2062,0,1782360478.494876,0.0025339126586914062
153769,normal,2419,0,1782360478.4966407,0.0017647743225097656
153770,normal,2211,0,1782360478.4983888,0.0017480850219726562
153771,normal,1628,0,1782360478.5004787,0.002089977264404297
153772,normal,492,0,1782360478.5024981,0.0020194053649902344
153773,normal,1363,1,1782360478.5043943,0.0018961429595947266
153774,normal,2242,0,1782360478.506468,0.0020737648010253906
153775,normal,233,0,1782360478.5087023,0.002234220504760742
153776,normal,373,0,1782360478.5104043,0.0017020702362060547
153777,normal,3193,1,1782360478.5123756,0.0019712448120117188
153778,normal,815,2,1782360478.514486,0.0021104812622070312
153779,normal,2956,0,1782360478.5163817,0.0018956661224365234
153780,normal,3282,1,1782360478.5183816,0.0019998550415039062
153781,normal,2495,0,1782360478.520607,0.0022253990173339844
153782,normal,2825,0,1782360478.5226135,0.00200653076171875
153783,normal,1360,1,1782360478.524478,0.0018644332885742188
153784,normal,1437,0,1782360478.5265265,0.002048492431640625
153785,normal,738,0,1782360478.5284996,0.0019731521606445312
153786,normal,144,0,1782360478.5304687,0.0019690990447998047
153787,normal,2830,0,1782360478.5323894,0.0019207000732421875
153788,normal,3166,1,1782360478.5347326,0.0023431777954101562
153789,normal,913,2,1782360478.5365076,0.0017750263214111328
153790,normal,1118,0,1782360478.5384433,0.001935720443725586
153791,normal,180,0,1782360478.5409217,0.002478361129760742
153792,normal,27,0,1782360478.542948,0.0020263195037841797
153793,normal,3437,0,1782360478.5443742,0.0014262199401855469
153794,normal,868,2,1782360478.546441,0.0020668506622314453
153795,normal,592,0,1782360478.548388,0.0019469261169433594
153796,normal,1171,0,1782360478.5504932,0.002105236053466797
153797,normal,616,0,1782360478.5524163,0.0019230842590332031
153798,normal,3434,0,1782360478.5544436,0.002027273178100586
153799,normal,1158,0,1782360478.5564945,0.0020508766174316406
153800,normal,422,0,1782360478.558396,0.0019016265869140625
153801,normal,3339,1,1782360478.5604405,0.0020444393157958984
153802,normal,1139,0,1782360478.5625596,0.0021190643310546875
153803,normal,2951,0,1782360478.564475,0.0019154548645019531
153804,normal,2908,0,1782360478.5664866,0.002011537551879883
153805,normal,2260,0,1782360478.568442,0.0019555091857910156
153806,normal,3187,1,1782360478.570442,0.0019998550415039062
153807,normal,898,2,1782360478.5724487,0.0020067691802978516
153808,normal,1218,0,1782360478.5745614,0.0021126270294189453
153809,normal,48,0,1782360478.5764835,0.0019221305847167969
153810,normal,1066,0,1782360478.578353,0.0018694400787353516
153811,normal,682,0,1782360478.5806,0.0022470951080322266
153812,normal,3632,0,1782360478.582397,0.0017969608306884766
153813,normal,1368,1,1782360478.5843906,0.0019936561584472656
153814,normal,3455,0,1782360478.5865066,0.002115964889526367
153815,normal,249,0,1782360478.5883915,0.0018849372863769531
153816,normal,3223,1,1782360478.5904272,0.0020356178283691406
153817,normal,2237,0,1782360478.5925205,0.0020933151245117188
153818,normal,1250,0,1782360478.5943475,0.0018270015716552734
153819,normal,1933,0,1782360478.596408,0.002060413360595703
153820,normal,409,0,1782360478.5984185,0.0020105838775634766
153821,normal,2646,0,1782360478.6003466,0.001928091049194336
153822,normal,2030,0,1782360478.6024117,0.0020651817321777344
153823,normal,51,0,1782360478.6044047,0.001992940902709961
153824,normal,706,0,1782360478.6064138,0.002009153366088867
153825,normal,785,2,1782360478.6084256,0.0020117759704589844
153826,normal,377,0,1782360478.6105447,0.0021190643310546875
153827,normal,3092,1,1782360478.61236,0.0018153190612792969
153828,normal,2008,0,1782360478.6144147,0.0020546913146972656
153829,normal,2864,0,1782360478.6164117,0.0019969940185546875
153830,normal,2355,0,1782360478.6183295,0.0019178390502929688
153831,normal,3256,1,1782360478.6203747,0.002045154571533203
153832,normal,3015,0,1782360478.622364,0.0019893646240234375
153833,normal,613,0,1782360478.6243482,0.001984119415283203
153834,normal,117,0,1782360478.6264868,0.0021386146545410156
153835,normal,2736,0,1782360478.6284087,0.0019218921661376953
153836,normal,3150,1,1782360478.6304343,0.002025604248046875
153837,normal,2345,0,1782360478.6325169,0.0020825862884521484
153838,normal,1963,0,1782360478.6345708,0.002053976058959961
153839,normal,74,0,1782360478.636437,0.0018661022186279297
153840,normal,2977,0,1782360478.6384218,0.001984834671020508
153841,normal,441,0,1782360478.6405346,0.002112865447998047
153842,normal,3585,0,1782360478.6424465,0.0019118785858154297
153843,normal,1091,0,1782360478.644356,0.001909494400024414
153844,normal,2286,0,1782360478.6463518,0.0019958019256591797
153845,normal,3624,0,1782360478.6483135,0.0019617080688476562
153846,normal,2505,0,1782360478.6503782,0.0020647048950195312
153847,normal,828,2,1782360478.6523867,0.0020084381103515625
153848,normal,215,0,1782360478.654321,0.0019342899322509766
153849,normal,2347,0,1782360478.6563125,0.0019915103912353516
153850,normal,2213,0,1782360478.6583533,0.002040863037109375
153851,normal,338,0,1782360478.6603167,0.001963376998901367
153852,normal,2122,0,1782360478.6628451,0.0025284290313720703
153853,normal,1018,2,1782360478.6644855,0.00164031982421875
153854,normal,430,0,1782360478.666418,0.0019326210021972656
153855,normal,8,0,1782360478.6683578,0.0019397735595703125
153856,normal,1712,0,1782360478.6703613,0.0020034313201904297
153857,normal,2624,0,1782360478.672392,0.002030611038208008
153858,normal,1076,0,1782360478.674444,0.0020520687103271484
153859,normal,3490,0,1782360478.6764293,0.001985311508178711
153860,normal,2096,0,1782360478.6783886,0.0019593238830566406
153861,normal,3470,0,1782360478.6803813,0.0019927024841308594
153862,normal,203,0,1782360478.68239,0.002008676528930664
153863,normal,2284,0,1782360478.684359,0.0019690990447998047
153864,normal,2779,0,1782360478.6864142,0.0020551681518554688
153865,normal,1704,0,1782360478.688417,0.002002716064453125
153866,normal,720,0,1782360478.6905127,0.0020956993103027344
153867,normal,2807,0,1782360478.692524,0.0020112991333007812
153868,normal,2425,0,1782360478.6945405,0.0020165443420410156
153869,normal,1032,0,1782360478.6964815,0.0019409656524658203
153870,normal,2536,0,1782360478.6985226,0.0020411014556884766
153871,normal,3183,1,1782360478.7004614,0.0019388198852539062
153872,normal,379,0,1782360478.7025433,0.0020818710327148438
153873,normal,908,2,1782360478.7045922,0.002048969268798828
153874,normal,253,0,1782360478.706549,0.0019567012786865234
153875,normal,2926,0,1782360478.7083504,0.0018014907836914062
153876,normal,354,0,1782360478.7104957,0.0021452903747558594
153877,normal,1385,0,1782360478.7126095,0.002113819122314453
153878,normal,512,0,1782360478.7143383,0.0017287731170654297
153879,normal,3311,1,1782360478.7163243,0.0019860267639160156
153880,normal,1867,0,1782360478.7184312,0.002106904983520508
153881,normal,464,0,1782360478.7203693,0.0019381046295166016
153882,normal,670,0,1782360478.7224073,0.0020380020141601562
153883,normal,1030,0,1782360478.724388,0.0019805431365966797
153884,normal,1177,0,1782360478.7263515,0.0019636154174804688
153885,normal,1900,0,1782360478.728414,0.002062559127807617
153886,normal,239,0,1782360478.7304416,0.0020275115966796875
153887,normal,3201,1,1782360478.7324433,0.0020017623901367188
153888,normal,2263,0,1782360478.7344587,0.002015352249145508
153889,normal,1403,0,1782360478.7363951,0.0019364356994628906
153890,normal,631,0,1782360478.7383869,0.001991748809814453
153891,normal,606,0,1782360478.7404277,0.002040863037109375
153892,normal,3242,1,1782360478.7424848,0.0020570755004882812
153893,normal,3203,1,1782360478.7444563,0.0019714832305908203
153894,normal,1413,0,1782360478.7463384,0.0018820762634277344
153895,normal,3602,0,1782360478.748395,0.002056598663330078
153896,normal,1134,0,1782360478.7503633,0.0019683837890625
153897,normal,3600,0,1782360478.7524068,0.002043485641479492
153898,normal,2336,0,1782360478.754411,0.0020041465759277344
153899,normal,1290,0,1782360478.7563643,0.0019533634185791016
153900,normal,1557,0,1782360478.7583692,0.002004861831665039
153901,normal,303,0,1782360478.7604883,0.0021190643310546875
153902,normal,2767,0,1782360478.7623527,0.0018644332885742188
153903,normal,871,2,1782360478.764379,0.0020263195037841797
153904,normal,1034,0,1782360478.766381,0.0020020008087158203
153905,normal,1135,0,1782360478.768344,0.001962900161743164
153906,normal,247,0,1782360478.7703803,0.0020363330841064453
153907,normal,959,2,1782360478.7723844,0.0020041465759277344
153908,normal,3130,1,1782360478.7743905,0.002006053924560547
153909,normal,1925,0,1782360478.7764778,0.0020873546600341797
153910,normal,3274,1,1782360478.7785535,0.002075672149658203
153911,normal,2081,0,1782360478.7804987,0.0019452571868896484
153912,normal,2129,0,1782360478.7823923,0.0018935203552246094
153913,normal,2671,0,1782360478.7845147,0.0021224021911621094
153914,normal,1326,1,1782360478.786352,0.0018372535705566406
153915,normal,2044,0,1782360478.788326,0.0019741058349609375
153916,normal,1649,0,1782360478.7903638,0.0020377635955810547
153917,normal,1731,0,1782360478.7923126,0.0019488334655761719
153918,normal,2410,0,1782360478.7943704,0.002057790756225586
153919,normal,2887,0,1782360478.7964551,0.0020847320556640625
153920,normal,2389,0,1782360478.798421,0.001965761184692383
153921,normal,2712,0,1782360478.8005168,0.002095937728881836
153922,normal,1089,0,1782360478.8024983,0.001981496810913086
153923,normal,3202,1,1782360478.80449,0.001991748809814453
153924,normal,1692,0,1782360478.8064492,0.001959085464477539
153925,normal,2528,0,1782360478.8085573,0.0021080970764160156
153926,normal,711,0,1782360478.8104777,0.001920461654663086
153927,normal,124,0,1782360478.8124313,0.001953601837158203
153928,normal,3587,0,1782360478.8143516,0.0019202232360839844
153929,normal,1157,0,1782360478.8164299,0.0020782947540283203
153930,normal,2568,0,1782360478.8183196,0.0018897056579589844
153931,normal,1657,0,1782360478.8204975,0.0021779537200927734
153932,normal,293,0,1782360478.8223464,0.0018489360809326172
153933,normal,851,2,1782360478.8243592,0.0020127296447753906
153934,normal,708,0,1782360478.8263395,0.001980304718017578
153935,normal,617,0,1782360478.8283598,0.0020203590393066406
153936,normal,1241,0,1782360478.8303277,0.001967906951904297
153937,normal,2650,0,1782360478.8328798,0.002552032470703125
153938,normal,824,2,1782360478.8344748,0.0015950202941894531
153939,normal,3406,0,1782360478.8364122,0.0019373893737792969
153940,normal,1086,0,1782360478.838411,0.0019989013671875
153941,normal,2092,0,1782360478.84035,0.0019388198852539062
153942,normal,796,2,1782360478.8432634,0.0029134750366210938
153943,normal,1736,0,1782360478.8446403,0.0013768672943115234
153944,normal,2708,0,1782360478.8465576,0.0019173622131347656
153945,normal,3606,0,1782360478.8483934,0.0018358230590820312
153946,normal,1866,0,1782360478.850365,0.0019714832305908203
153947,normal,678,0,1782360478.8524067,0.0020418167114257812
153948,normal,258,0,1782360478.8543808,0.0019741058349609375
153949,normal,582,0,1782360478.8564088,0.0020279884338378906
153950,normal,1601,0,1782360478.8588057,0.002396821975708008
153951,normal,1817,0,1782360478.860703,0.0018973350524902344
153952,normal,1230,0,1782360478.8625512,0.0018482208251953125
153953,normal,3377,1,1782360478.8644788,0.0019276142120361328
153954,normal,3709,0,1782360478.866505,0.002026081085205078
153955,normal,877,2,1782360478.8685477,0.0020427703857421875
153956,normal,2818,0,1782360478.8704076,0.001859903335571289
153957,normal,1680,0,1782360478.8726847,0.0022771358489990234
153958,normal,2404,0,1782360478.8745992,0.0019145011901855469
153959,normal,3696,0,1782360478.8764932,0.0018939971923828125
153960,normal,1478,0,1782360478.878362,0.0018687248229980469
153961,normal,2569,0,1782360478.8808,0.002438068389892578
153962,normal,1141,0,1782360478.882493,0.0016930103302001953
153963,normal,357,0,1782360478.8843331,0.0018401145935058594
153964,normal,489,0,1782360478.8863928,0.0020596981048583984
153965,normal,2113,0,1782360478.8883874,0.001994609832763672
153966,normal,3612,0,1782360478.890442,0.002054452896118164
153967,normal,814,2,1782360478.892429,0.0019872188568115234
153968,normal,3049,1,1782360478.894362,0.0019328594207763672
153969,normal,758,0,1782360478.896377,0.0020151138305664062
153970,normal,1425,0,1782360478.8984203,0.0020432472229003906
153971,normal,1142,0,1782360478.900408,0.0019876956939697266
153972,normal,1916,0,1782360478.9024863,0.0020782947540283203
153973,normal,130,0,1782360478.904482,0.001995563507080078
153974,normal,2475,0,1782360478.9063096,0.0018277168273925781
153975,normal,2863,0,1782360478.9084687,0.00215911865234375
153976,normal,2605,0,1782360478.9104576,0.0019888877868652344
153977,normal,81,0,1782360478.9124448,0.0019872188568115234
153978,normal,2557,0,1782360478.9144232,0.0019783973693847656
153979,normal,3108,1,1782360478.9163697,0.0019464492797851562
153980,normal,3489,0,1782360478.9183578,0.0019881725311279297
153981,normal,1495,0,1782360478.9203515,0.0019936561584472656
153982,normal,316,0,1782360478.9223847,0.002033233642578125
153983,normal,1383,0,1782360478.9243479,0.0019631385803222656
153984,normal,2997,0,1782360478.9263577,0.002009868621826172
153985,normal,2583,0,1782360478.928406,0.0020482540130615234
153986,normal,3376,1,1782360478.9304857,0.0020797252655029297
153987,normal,999,2,1782360478.9324582,0.0019724369049072266
153988,normal,2543,0,1782360478.9343824,0.001924276351928711
153989,normal,3656,0,1782360478.9363441,0.0019617080688476562
153990,normal,2201,0,1782360478.9383416,0.0019974708557128906
153991,normal,3580,0,1782360478.9403813,0.002039670944213867
153992,normal,3675,0,1782360478.9423397,0.0019583702087402344
153993,normal,1529,0,1782360478.9443443,0.0020046234130859375
153994,normal,2689,0,1782360478.9464507,0.0021064281463623047
153995,normal,1670,0,1782360478.9484122,0.0019614696502685547
153996,normal,3001,0,1782360478.9504893,0.0020771026611328125
153997,normal,1552,0,1782360478.9524632,0.001973867416381836
153998,normal,1787,0,1782360478.954376,0.001912832260131836
153999,normal,774,2,1782360478.9564114,0.002035379409790039
154000,normal,408,0,1782360478.9584143,0.0020029544830322266
154001,normal,2986,0,1782360478.9603672,0.0019528865814208984
154002,normal,1728,0,1782360478.96241,0.0020427703857421875
154003,normal,718,0,1782360478.9645622,0.0021522045135498047
154004,normal,3388,1,1782360478.9663467,0.0017845630645751953
154005,normal,1635,0,1782360478.9687693,0.0024225711822509766
154006,normal,476,0,1782360478.9704623,0.0016930103302001953
154007,normal,3292,1,1782360478.9725666,0.0021042823791503906
154008,normal,2053,0,1782360478.9745271,0.0019605159759521484
154009,normal,3378,1,1782360478.9768128,0.0022857189178466797
154010,normal,819,2,1782360478.9784448,0.0016319751739501953
154011,normal,1366,1,1782360478.9805439,0.0020990371704101562
154012,normal,1928,0,1782360478.982565,0.0020210742950439453
154013,normal,3051,1,1782360478.9845557,0.001990795135498047
154014,normal,3287,1,1782360478.9863567,0.0018010139465332031
154015,normal,369,0,1782360478.9885204,0.0021636486053466797
154016,normal,986,2,1782360478.9903533,0.0018329620361328125
154017,normal,1084,0,1782360478.9924994,0.002146005630493164
154018,normal,570,0,1782360478.9945872,0.002087831497192383
154019,normal,1071,0,1782360478.9963505,0.0017633438110351562
154020,normal,2932,0,1782360478.9984894,0.002138853073120117
154021,normal,3107,1,1782360479.0005116,0.002022266387939453
154022,normal,2596,0,1782360479.0023522,0.0018405914306640625
154023,normal,909,2,1782360479.005182,0.0028297901153564453
154024,normal,405,0,1782360479.0067265,0.0015444755554199219
154025,normal,3109,1,1782360479.0083978,0.0016713142395019531
154026,normal,860,2,1782360479.0105517,0.0021538734436035156
154027,normal,3451,0,1782360479.0124214,0.0018696784973144531
154028,normal,3666,0,1782360479.0145016,0.002080202102661133
154029,normal,2976,0,1782360479.0164905,0.0019888877868652344
154030,normal,1682,0,1782360479.0187678,0.002277374267578125
154031,normal,2493,0,1782360479.0203564,0.001588582992553711
154032,normal,844,2,1782360479.022499,0.002142667770385742
154033,normal,3636,0,1782360479.0245337,0.0020346641540527344
154034,normal,2218,0,1782360479.0263917,0.0018579959869384766
154035,normal,2412,0,1782360479.0285165,0.002124786376953125
154036,normal,481,0,1782360479.0307271,0.0022106170654296875
154037,normal,179,0,1782360479.032633,0.0019059181213378906
154038,normal,299,0,1782360479.0344949,0.0018618106842041016
154039,normal,3147,1,1782360479.03664,0.002145051956176758
154040,normal,1774,0,1782360479.0385609,0.001920938491821289
154041,normal,1260,0,1782360479.0404973,0.0019364356994628906
154042,normal,269,0,1782360479.0425456,0.0020482540130615234
154043,normal,3285,1,1782360479.0448873,0.002341747283935547
154044,normal,2651,0,1782360479.0465682,0.0016808509826660156
154045,normal,684,0,1782360479.0484426,0.0018744468688964844
154046,normal,148,0,1782360479.0507321,0.0022895336151123047
154047,normal,283,0,1782360479.0527213,0.001989126205444336
154048,normal,2581,0,1782360479.0544443,0.0017230510711669922
154049,normal,3357,1,1782360479.0564837,0.0020394325256347656
154050,normal,1799,0,1782360479.058357,0.0018732547760009766
154051,normal,3516,0,1782360479.0605464,0.0021893978118896484
154052,normal,2798,0,1782360479.0623808,0.0018343925476074219
154053,normal,869,2,1782360479.0645015,0.0021207332611083984
154054,normal,626,0,1782360479.0665288,0.002027273178100586
154055,normal,3384,1,1782360479.068366,0.0018372535705566406
154056,normal,1617,0,1782360479.0705624,0.0021963119506835938
154057,normal,3677,0,1782360479.0724807,0.0019183158874511719
154058,normal,2756,0,1782360479.0745854,0.0021047592163085938
154059,normal,2547,0,1782360479.0764308,0.0018453598022460938
154060,normal,733,0,1782360479.0785134,0.0020825862884521484
154061,normal,3148,1,1782360479.0804303,0.0019168853759765625
154062,normal,3586,0,1782360479.0825517,0.002121448516845703
154063,normal,3423,0,1782360479.0845168,0.001965045928955078
154064,normal,2990,0,1782360479.0864317,0.00191497802734375
154065,normal,856,2,1782360479.0884974,0.0020656585693359375
154066,normal,1656,0,1782360479.090503,0.0020055770874023438
154067,normal,2271,0,1782360479.092372,0.0018689632415771484
154068,normal,2202,0,1782360479.0945382,0.002166271209716797
154069,normal,611,0,1782360479.096417,0.0018787384033203125
154070,normal,1393,0,1782360479.0985022,0.0020852088928222656
154071,normal,1075,0,1782360479.1004355,0.0019333362579345703
154072,normal,2686,0,1782360479.102564,0.00212860107421875
154073,normal,2236,0,1782360479.104485,0.001920938491821289
154074,normal,1881,0,1782360479.1063695,0.00188446044921875
154075,normal,3300,1,1782360479.108536,0.0021665096282958984
154076,normal,1104,0,1782360479.110372,0.0018360614776611328
154077,normal,976,2,1782360479.112541,0.002168893814086914
154078,normal,2180,0,1782360479.114414,0.001873016357421875
154079,normal,3495,0,1782360479.116506,0.002092123031616211
154080,normal,1399,0,1782360479.1184678,0.0019617080688476562
154081,normal,1202,0,1782360479.1206021,0.0021343231201171875
154082,normal,3154,1,1782360479.1224847,0.0018825531005859375
154083,normal,1320,1,1782360479.1244366,0.0019519329071044922
154084,normal,1027,2,1782360479.1265643,0.0021276473999023438
154085,normal,1530,0,1782360479.128413,0.0018486976623535156
154086,normal,1078,0,1782360479.1305957,0.0021827220916748047
154087,normal,2027,0,1782360479.132408,0.0018122196197509766
154088,normal,1922,0,1782360479.1344798,0.002071857452392578
154089,normal,3089,1,1782360479.1364071,0.0019273757934570312
154090,normal,1822,0,1782360479.1385543,0.002147197723388672
154091,normal,3314,1,1782360479.1405616,0.0020072460174560547
154092,normal,2115,0,1782360479.1424494,0.0018877983093261719
154093,normal,1214,0,1782360479.1446538,0.002204418182373047
154094,normal,2500,0,1782360479.146559,0.001905202865600586
154095,normal,140,0,1782360479.148569,0.0020101070404052734
154096,normal,2375,0,1782360479.1505065,0.0019373893737792969
154097,normal,2038,0,1782360479.1525507,0.002044200897216797
154098,normal,929,2,1782360479.1546235,0.0020728111267089844
154099,normal,2394,0,1782360479.1564107,0.0017871856689453125
154100,normal,3132,1,1782360479.1584876,0.002076864242553711
154101,normal,1612,0,1782360479.1604183,0.0019307136535644531
154102,normal,3415,0,1782360479.1625276,0.0021092891693115234
154103,normal,1166,0,1782360479.1645825,0.002054929733276367
154104,normal,3567,0,1782360479.1663578,0.0017752647399902344
154105,normal,687,0,1782360479.1685138,0.0021560192108154297
154106,normal,727,0,1782360479.1703541,0.001840353012084961
154107,normal,2542,0,1782360479.1724885,0.0021343231201171875
154108,normal,1721,0,1782360479.1748443,0.002355813980102539
154109,normal,1573,0,1782360479.1769695,0.002125263214111328
154110,normal,1964,0,1782360479.1785452,0.0015757083892822266
154111,normal,716,0,1782360479.1805453,0.002000093460083008
154112,normal,2778,0,1782360479.1825511,0.0020058155059814453
154113,normal,571,0,1782360479.1845238,0.001972675323486328
154114,normal,2787,0,1782360479.186635,0.002111196517944336
154115,normal,1910,0,1782360479.1889071,0.0022721290588378906
154116,normal,1639,0,1782360479.190485,0.0015778541564941406
154117,normal,138,0,1782360479.1927168,0.0022318363189697266
154118,normal,337,0,1782360479.1944113,0.0016944408416748047
154119,normal,1497,0,1782360479.1965497,0.002138376235961914
154120,normal,2515,0,1782360479.1983933,0.0018436908721923828
154121,normal,599,0,1782360479.200529,0.002135753631591797
154122,normal,2440,0,1782360479.2026455,0.0021164417266845703
154123,normal,395,0,1782360479.204545,0.0018994808197021484
154124,normal,1151,0,1782360479.2065701,0.002025127410888672
154125,normal,3176,1,1782360479.2084675,0.0018973350524902344
154126,normal,2805,0,1782360479.2106385,0.002171039581298828
154127,normal,1524,0,1782360479.2124732,0.0018346309661865234
154128,normal,3694,0,1782360479.2143412,0.0018680095672607422
154129,normal,1415,0,1782360479.2168767,0.002535581588745117
154130,normal,225,0,1782360479.2185829,0.0017061233520507812
154131,normal,115,0,1782360479.2203748,0.0017919540405273438
154132,normal,2967,0,1782360479.2227159,0.002341032028198242
154133,normal,3397,1,1782360479.224794,0.0020780563354492188
154134,normal,3379,1,1782360479.2264066,0.0016126632690429688
154135,normal,3626,0,1782360479.2284982,0.002091646194458008
154136,normal,771,0,1782360479.230362,0.001863718032836914
154137,normal,2933,0,1782360479.232526,0.002164125442504883
154138,normal,2082,0,1782360479.2343867,0.0018606185913085938
154139,normal,2132,0,1782360479.2365103,0.002123594284057617
154140,normal,980,2,1782360479.2383776,0.0018672943115234375
154141,normal,521,0,1782360479.240492,0.002114534378051758
154142,normal,1097,0,1782360479.2424061,0.0019140243530273438
154143,normal,84,0,1782360479.2445734,0.002167224884033203
154144,normal,1606,0,1782360479.2464757,0.0019023418426513672
154145,normal,1583,0,1782360479.2485118,0.0020360946655273438
154146,normal,3181,1,1782360479.2503748,0.0018630027770996094
154147,normal,1802,0,1782360479.252532,0.0021572113037109375
154148,normal,2150,0,1782360479.2544785,0.0019464492797851562
154149,normal,1650,0,1782360479.2564526,0.0019741058349609375
154150,normal,2141,0,1782360479.2585213,0.002068758010864258
154151,normal,1412,0,1782360479.2603867,0.001865386962890625
154152,normal,3428,0,1782360479.262516,0.0021293163299560547
154153,normal,3421,0,1782360479.2645168,0.0020008087158203125
154154,normal,3129,1,1782360479.266388,0.0018711090087890625
154155,normal,1781,0,1782360479.268532,0.0021440982818603516
154156,normal,3578,0,1782360479.2704098,0.0018777847290039062
154157,normal,153,0,1782360479.2725654,0.0021555423736572266
154158,normal,547,0,1782360479.2743816,0.0018162727355957031
154159,normal,1131,0,1782360479.2765083,0.0021266937255859375
154160,normal,26,0,1782360479.2783678,0.001859426498413086
154161,normal,290,0,1782360479.280599,0.0022313594818115234
154162,normal,2946,0,1782360479.2823877,0.0017886161804199219
154163,normal,1957,0,1782360479.2845097,0.0021219253540039062
154164,normal,1124,0,1782360479.2863884,0.0018787384033203125
154165,normal,414,0,1782360479.2885714,0.0021829605102539062
154166,normal,2480,0,1782360479.2907634,0.0021920204162597656
154167,normal,1299,0,1782360479.2923887,0.0016252994537353516
154168,normal,1784,0,1782360479.2945242,0.0021355152130126953
154169,normal,3498,0,1782360479.2964165,0.0018923282623291016
154170,normal,1296,0,1782360479.298531,0.002114534378051758
154171,normal,125,0,1782360479.3004885,0.001957416534423828
154172,normal,3346,1,1782360479.3023534,0.0018649101257324219
154173,normal,2878,0,1782360479.3044834,0.0021300315856933594
154174,normal,1329,1,1782360479.3065186,0.0020351409912109375
154175,normal,2845,0,1782360479.3084302,0.0019116401672363281
154176,normal,595,0,1782360479.310539,0.0021088123321533203
154177,normal,556,0,1782360479.3125503,0.0020112991333007812
154178,normal,1144,0,1782360479.314492,0.001941680908203125
154179,normal,3303,1,1782360479.3165755,0.0020835399627685547
154180,normal,3007,0,1782360479.3184364,0.0018608570098876953
154181,normal,2848,0,1782360479.3206532,0.002216815948486328
154182,normal,1563,0,1782360479.3224854,0.0018322467803955078
154183,normal,256,0,1782360479.3245595,0.002074003219604492
154184,normal,2768,0,1782360479.326415,0.001855611801147461
154185,normal,3070,1,1782360479.3284917,0.0020766258239746094
154186,normal,1002,2,1782360479.3304846,0.001992940902709961
154187,normal,1308,0,1782360479.3324473,0.0019626617431640625
154188,normal,2692,0,1782360479.334364,0.001916646957397461
154189,normal,3158,1,1782360479.3364801,0.0021162033081054688
154190,normal,3125,1,1782360479.3383536,0.0018734931945800781
154191,normal,3565,0,1782360479.3405058,0.0021522045135498047
154192,normal,1634,0,1782360479.3424807,0.001974821090698242
154193,normal,2145,0,1782360479.3450634,0.0025827884674072266
154194,normal,2959,0,1782360479.3466597,0.001596212387084961
154195,normal,2100,0,1782360479.3484485,0.0017888545989990234
154196,normal,1824,0,1782360479.350396,0.0019474029541015625
154197,normal,3156,1,1782360479.3524103,0.0020143985748291016
154198,normal,3505,0,1782360479.354384,0.0019736289978027344
154199,normal,1833,0,1782360479.3563306,0.0019466876983642578
154200,normal,1324,1,1782360479.3583746,0.0020439624786376953
154201,normal,2012,0,1782360479.3604147,0.0020401477813720703
154202,normal,2156,0,1782360479.3624105,0.0019958019256591797
154203,normal,3395,1,1782360479.3643317,0.0019211769104003906
154204,normal,1970,0,1782360479.3664148,0.0020830631256103516
154205,normal,2017,0,1782360479.368348,0.0019330978393554688
154206,normal,152,0,1782360479.3703573,0.0020093917846679688
154207,normal,788,2,1782360479.3724139,0.002056598663330078
154208,normal,2177,0,1782360479.3746202,0.0022063255310058594
154209,normal,1943,0,1782360479.3764882,0.0018680095672607422
154210,normal,2459,0,1782360479.3784547,0.0019664764404296875
154211,normal,843,2,1782360479.3804257,0.001971006393432617
154212,normal,3072,1,1782360479.3824742,0.002048492431640625
154213,normal,1766,0,1782360479.3844118,0.0019376277923583984
154214,normal,1301,0,1782360479.3864696,0.002057790756225586
154215,normal,880,2,1782360479.38861,0.0021402835845947266
154216,normal,1571,0,1782360479.3905315,0.0019216537475585938
154217,normal,196,0,1782360479.3923182,0.0017867088317871094
154218,normal,734,0,1782360479.3944952,0.002177000045776367
154219,normal,1447,0,1782360479.396537,0.0020418167114257812
154220,normal,642,0,1782360479.3983424,0.0018053054809570312
154221,normal,3542,0,1782360479.4003274,0.0019850730895996094
154222,normal,2262,0,1782360479.402366,0.0020384788513183594
154223,normal,892,2,1782360479.4043458,0.001979827880859375
154224,normal,3391,1,1782360479.4063544,0.002008676528930664
154225,normal,193,0,1782360479.408389,0.0020346641540527344
154226,normal,802,2,1782360479.4103363,0.001947164535522461
154227,normal,783,2,1782360479.412343,0.0020067691802978516
154228,normal,2760,0,1782360479.4144397,0.0020966529846191406
154229,normal,1025,2,1782360479.416394,0.001954317092895508
154230,normal,1953,0,1782360479.4184384,0.0020444393157958984
154231,normal,944,2,1782360479.4203455,0.0019071102142333984
154232,normal,2337,0,1782360479.422358,0.002012491226196289
154233,normal,2398,0,1782360479.4243817,0.0020236968994140625
154234,normal,1637,0,1782360479.4264615,0.0020797252655029297
154235,normal,3488,0,1782360479.4284365,0.0019750595092773438
154236,normal,1737,0,1782360479.4303336,0.0018970966339111328
154237,normal,2023,0,1782360479.432409,0.0020754337310791016
154238,normal,565,0,1782360479.434348,0.0019390583038330078
154239,normal,3228,1,1782360479.4363456,0.0019974708557128906
154240,normal,1923,0,1782360479.4384158,0.002070188522338867
154241,normal,128,0,1782360479.4403696,0.0019538402557373047
154242,normal,3465,0,1782360479.44238,0.002010345458984375
154243,normal,1092,0,1782360479.4454954,0.003115415573120117
154244,normal,1293,0,1782360479.4463634,0.0008680820465087891
154245,normal,2975,0,1782360479.448385,0.0020215511322021484
154246,normal,230,0,1782360479.4504354,0.0020503997802734375
154247,normal,2896,0,1782360479.45237,0.0019345283508300781
154248,normal,1930,0,1782360479.4543688,0.0019989013671875
154249,normal,1376,1,1782360479.4564393,0.0020704269409179688
154250,normal,429,0,1782360479.4583907,0.001951456069946289
154251,normal,3618,0,1782360479.4604301,0.0020394325256347656
154252,normal,3431,0,1782360479.4624166,0.0019865036010742188
154253,normal,141,0,1782360479.4644365,0.0020198822021484375
154254,normal,3087,1,1782360479.4663508,0.0019142627716064453
154255,normal,3068,1,1782360479.4684265,0.002075672149658203
154256,normal,584,0,1782360479.4704792,0.002052783966064453
154257,normal,1426,0,1782360479.4723496,0.0018703937530517578
154258,normal,3284,1,1782360479.4744978,0.002148151397705078
154259,normal,1729,0,1782360479.4764442,0.0019464492797851562
154260,normal,3098,1,1782360479.4784548,0.0020105838775634766
154261,normal,1819,0,1782360479.4805303,0.0020754337310791016
154262,normal,2120,0,1782360479.4825141,0.0019838809967041016
154263,normal,2888,0,1782360479.4844372,0.0019230842590332031
154264,normal,713,0,1782360479.4866323,0.002195119857788086
154265,normal,2993,0,1782360479.488494,0.001861572265625
154266,normal,485,0,1782360479.4905703,0.002076387405395508
154267,normal,1410,0,1782360479.4925494,0.0019791126251220703
154268,normal,327,0,1782360479.4945142,0.0019648075103759766
154269,normal,1231,0,1782360479.4966512,0.0021369457244873047
154270,normal,435,0,1782360479.4984598,0.0018086433410644531
154271,normal,469,0,1782360479.5004487,0.0019888877868652344
154272,normal,3370,1,1782360479.5024414,0.0019927024841308594
154273,normal,1926,0,1782360479.5044963,0.002054929733276367
154274,normal,1186,0,1782360479.5065286,0.0020322799682617188
154275,normal,858,2,1782360479.5084927,0.001964092254638672
154276,normal,2099,0,1782360479.510444,0.0019512176513671875
154277,normal,3426,0,1782360479.5124469,0.0020029544830322266
154278,normal,2613,0,1782360479.514442,0.001995086669921875
154279,normal,1646,0,1782360479.5164974,0.0020554065704345703
154280,normal,1591,0,1782360479.519113,0.002615690231323242
154281,normal,854,2,1782360479.5205712,0.0014581680297851562
154282,normal,237,0,1782360479.5224917,0.001920461654663086
154283,normal,3382,1,1782360479.524464,0.001972198486328125
154284,normal,2677,0,1782360479.526455,0.0019910335540771484
154285,normal,1679,0,1782360479.5285132,0.002058267593383789
154286,normal,823,2,1782360479.5305398,0.0020265579223632812
154287,normal,484,0,1782360479.5325768,0.00203704833984375
154288,normal,2706,0,1782360479.534454,0.0018773078918457031
154289,normal,3084,1,1782360479.5364609,0.0020067691802978516
154290,normal,1217,0,1782360479.5384643,0.0020034313201904297
154291,normal,3485,0,1782360479.5405297,0.002065420150756836
154292,normal,427,0,1782360479.542493,0.001963376998901367
154293,normal,346,0,1782360479.5445206,0.0020275115966796875
154294,normal,1723,0,1782360479.546649,0.0021283626556396484
154295,normal,3162,1,1782360479.5484464,0.0017974376678466797
154296,normal,1626,0,1782360479.5505202,0.0020737648010253906
154297,normal,330,0,1782360479.5526028,0.0020825862884521484
154298,normal,161,0,1782360479.5544527,0.0018498897552490234
154299,normal,460,0,1782360479.55645,0.001997232437133789
154300,normal,2724,0,1782360479.558769,0.0023190975189208984
154301,normal,251,0,1782360479.5605721,0.0018031597137451172
154302,normal,1313,0,1782360479.5625134,0.0019412040710449219
154303,normal,1708,0,1782360479.564712,0.0021986961364746094
154304,normal,627,0,1782360479.5669172,0.0022051334381103516
154305,normal,3550,0,1782360479.5684423,0.0015251636505126953
154306,normal,1013,2,1782360479.570505,0.002062559127807617
154307,normal,1655,0,1782360479.5724473,0.0019423961639404297
154308,normal,863,2,1782360479.5744812,0.0020339488983154297
154309,normal,977,2,1782360479.5764816,0.0020003318786621094
154310,normal,3615,0,1782360479.578498,0.002016305923461914
154311,normal,1113,0,1782360479.5804627,0.0019648075103759766
154312,normal,2276,0,1782360479.5825217,0.0020589828491210938
154313,normal,3572,0,1782360479.584509,0.0019872188568115234
154314,normal,2648,0,1782360479.5865278,0.0020189285278320312
154315,normal,352,0,1782360479.5885453,0.002017498016357422
154316,normal,3411,0,1782360479.5904183,0.001873016357421875
154317,normal,3514,0,1782360479.5924547,0.0020363330841064453
154318,normal,315,0,1782360479.594537,0.002082347869873047
154319,normal,1714,0,1782360479.596564,0.0020270347595214844
154320,normal,2572,0,1782360479.5984614,0.0018973350524902344
154321,normal,3439,0,1782360479.6004915,0.0020301342010498047
154322,normal,2254,0,1782360479.6024747,0.001983165740966797
154323,normal,1998,0,1782360479.6044767,0.0020020008087158203
154324,normal,3684,0,1782360479.6064672,0.0019905567169189453
154325,normal,1257,0,1782360479.6084871,0.0020198822021484375
154326,normal,1845,0,1782360479.6104612,0.0019741058349609375
154327,normal,1748,0,1782360479.6125245,0.002063274383544922
154328,normal,3458,0,1782360479.6144936,0.0019690990447998047
154329,normal,1718,0,1782360479.6164916,0.0019979476928710938
154330,normal,3689,0,1782360479.6185408,0.0020492076873779297
154331,normal,3229,1,1782360479.6203678,0.0018270015716552734
154332,normal,3540,0,1782360479.6224577,0.002089977264404297
154333,normal,3236,1,1782360479.6245203,0.002062559127807617
154334,normal,3704,0,1782360479.6264708,0.0019505023956298828
154335,normal,3559,0,1782360479.6284597,0.0019888877868652344
154336,normal,1375,1,1782360479.630628,0.002168416976928711
154337,normal,504,0,1782360479.632538,0.0019099712371826172
154338,normal,2149,0,1782360479.6344569,0.001918792724609375
154339,normal,1237,0,1782360479.6365647,0.002107858657836914
154340,normal,2867,0,1782360479.6384156,0.0018508434295654297
154341,normal,2924,0,1782360479.640482,0.002066373825073242
154342,normal,873,2,1782360479.6424794,0.0019974708557128906
154343,normal,396,0,1782360479.644518,0.0020384788513183594
154344,normal,887,2,1782360479.6464555,0.0019376277923583984
154345,normal,431,0,1782360479.64851,0.002054452896118164
154346,normal,2718,0,1782360479.6504576,0.001947641372680664
154347,normal,157,0,1782360479.652472,0.0020143985748291016
154348,normal,3309,1,1782360479.654578,0.0021059513092041016
154349,normal,3402,0,1782360479.656433,0.0018551349639892578
154350,normal,2305,0,1782360479.6585755,0.0021424293518066406
154351,normal,2309,0,1782360479.660579,0.0020034313201904297
154352,normal,3080,1,1782360479.6625757,0.001996755599975586
154353,normal,40,0,1782360479.664527,0.0019512176513671875
154354,normal,2065,0,1782360479.6665716,0.002044677734375
154355,normal,3057,1,1782360479.6685143,0.0019426345825195312
154356,normal,2161,0,1782360479.6705508,0.002036571502685547
154357,normal,3518,0,1782360479.6724513,0.0019004344940185547
154358,normal,2921,0,1782360479.6744654,0.00201416015625
154359,normal,699,0,1782360479.6764445,0.0019791126251220703
154360,normal,1750,0,1782360479.6785693,0.002124786376953125
154361,normal,2424,0,1782360479.6804843,0.00191497802734375
154362,normal,1958,0,1782360479.6824484,0.001964092254638672
154363,normal,342,0,1782360479.6845033,0.002054929733276367
154364,normal,207,0,1782360479.6864872,0.0019838809967041016
154365,normal,1040,0,1782360479.68845,0.001962900161743164
154366,normal,2223,0,1782360479.6911116,0.002661466598510742
154367,normal,267,0,1782360479.6925702,0.0014586448669433594
154368,normal,3330,1,1782360479.694371,0.0018007755279541016
154369,normal,1643,0,1782360479.6965125,0.0021414756774902344
154370,normal,201,0,1782360479.6984777,0.0019652843475341797
154371,normal,1036,0,1782360479.700481,0.002003192901611328
154372,normal,2304,0,1782360479.702706,0.002225160598754883
154373,normal,502,0,1782360479.704543,0.001837015151977539
154374,normal,1061,0,1782360479.7064557,0.0019125938415527344
154375,normal,3286,1,1782360479.7085133,0.0020575523376464844
154376,normal,442,0,1782360479.7104847,0.0019714832305908203
154377,normal,1886,0,1782360479.7124937,0.0020089149475097656
154378,normal,2267,0,1782360479.7144802,0.0019865036010742188
154379,normal,32,0,1782360479.7167604,0.0022802352905273438
154380,normal,1262,0,1782360479.718532,0.001771688461303711
154381,normal,2519,0,1782360479.7205575,0.0020253658294677734
154382,normal,3153,1,1782360479.72244,0.0018825531005859375
154383,normal,2788,0,1782360479.7245698,0.002129793167114258
154384,normal,1642,0,1782360479.7265368,0.0019669532775878906
154385,normal,3706,0,1782360479.7283642,0.0018274784088134766
154386,normal,401,0,1782360479.7308087,0.0024445056915283203
154387,normal,1869,0,1782360479.732637,0.0018281936645507812
154388,normal,2212,0,1782360479.7343762,0.0017392635345458984
154389,normal,2503,0,1782360479.7367182,0.0023419857025146484
154390,normal,2117,0,1782360479.738824,0.002105712890625
154391,normal,2781,0,1782360479.7403874,0.0015635490417480469
154392,normal,3164,1,1782360479.7424521,0.0020647048950195312
154393,normal,1512,0,1782360479.7445107,0.0020585060119628906
154394,normal,1480,0,1782360479.7464635,0.0019528865814208984
154395,normal,2031,0,1782360479.7484677,0.0020041465759277344
154396,normal,3027,0,1782360479.7504787,0.0020110607147216797
154397,normal,89,0,1782360479.7524862,0.0020074844360351562
154398,normal,334,0,1782360479.7544599,0.0019736289978027344
154399,normal,2902,0,1782360479.7565308,0.002070903778076172
154400,normal,209,0,1782360479.758551,0.002020120620727539
154401,normal,3161,1,1782360479.7604582,0.0019073486328125
154402,normal,1685,0,1782360479.762542,0.0020837783813476562
154403,normal,590,0,1782360479.7643487,0.0018067359924316406
154404,normal,2296,0,1782360479.766502,0.002153158187866211
154405,normal,1521,0,1782360479.7685194,0.002017498016357422
154406,normal,3680,0,1782360479.7705703,0.0020508766174316406
154407,normal,940,2,1782360479.7724278,0.0018575191497802734
154408,normal,2314,0,1782360479.774581,0.002153158187866211
154409,normal,2224,0,1782360479.7764356,0.0018546581268310547
154410,normal,1009,2,1782360479.7784312,0.001995563507080078
154411,normal,1755,0,1782360479.7804892,0.0020580291748046875
154412,normal,2279,0,1782360479.782467,0.001977682113647461
154413,normal,2240,0,1782360479.784492,0.002025127410888672
154414,normal,2152,0,1782360479.7864962,0.0020041465759277344
154415,normal,2806,0,1782360479.7885056,0.0020093917846679688
154416,normal,1019,2,1782360479.7905743,0.002068758010864258
154417,normal,3702,0,1782360479.7924647,0.001890420913696289
154418,normal,393,0,1782360479.7944672,0.0020024776458740234
154419,normal,1132,0,1782360479.7964957,0.0020284652709960938
154420,normal,731,0,1782360479.7984676,0.0019719600677490234
154421,normal,33,0,1782360479.8004858,0.0020182132720947266
154422,normal,1888,0,1782360479.8024628,0.0019769668579101562
154423,normal,2479,0,1782360479.8045707,0.002107858657836914
154424,normal,696,0,1782360479.806436,0.001865386962890625
154425,normal,3563,0,1782360479.8085575,0.002121448516845703
154426,normal,3647,0,1782360479.810574,0.0020165443420410156
154427,normal,1929,0,1782360479.8124063,0.0018322467803955078
154428,normal,2288,0,1782360479.8144882,0.0020818710327148438
154429,normal,676,0,1782360479.8164961,0.0020079612731933594
154430,normal,560,0,1782360479.8185058,0.0020096302032470703
154431,normal,555,0,1782360479.820456,0.0019502639770507812
154432,normal,1893,0,1782360479.8225098,0.0020537376403808594
154433,normal,2507,0,1782360479.8247123,0.0022025108337402344
154434,normal,1663,0,1782360479.8268192,0.002106904983520508
154435,normal,2094,0,1782360479.8288605,0.002041339874267578
154436,normal,2118,0,1782360479.8304207,0.001560211181640625
154437,normal,2696,0,1782360479.8327823,0.0023615360260009766
154438,normal,1160,0,1782360479.8345878,0.0018055438995361328
154439,normal,1483,0,1782360479.8364995,0.0019116401672363281
154440,normal,2831,0,1782360479.838645,0.002145528793334961
154441,normal,569,0,1782360479.8404288,0.0017838478088378906
154442,normal,572,0,1782360479.8425684,0.002139568328857422
154443,normal,2245,0,1782360479.844577,0.002008676528930664
154444,normal,849,2,1782360479.846523,0.0019459724426269531
154445,normal,3690,0,1782360479.8484116,0.0018885135650634766
154446,normal,2545,0,1782360479.8505232,0.002111673355102539
154447,normal,3651,0,1782360479.8527732,0.0022499561309814453
154448,normal,2067,0,1782360479.8546975,0.001924276351928711
154449,normal,1614,0,1782360479.8565896,0.00189208984375
154450,normal,2034,0,1782360479.8584406,0.0018510818481445312
154451,normal,1312,0,1782360479.860531,0.0020904541015625
154452,normal,3331,1,1782360479.8624568,0.0019257068634033203
154453,normal,1046,0,1782360479.8645587,0.002101898193359375
154454,normal,3115,1,1782360479.8665311,0.0019724369049072266
154455,normal,3041,0,1782360479.869171,0.0026397705078125
154456,normal,2711,0,1782360479.8711421,0.0019712448120117188
154457,normal,1229,0,1782360479.8726497,0.0015075206756591797
154458,normal,286,0,1782360479.8745112,0.001861572265625
154459,normal,199,0,1782360479.8766332,0.0021219253540039062
154460,normal,2020,0,1782360479.8784988,0.0018656253814697266
154461,normal,1100,0,1782360479.8805642,0.002065420150756836
154462,normal,736,0,1782360479.8827202,0.0021560192108154297
154463,normal,2383,0,1782360479.8848155,0.0020952224731445312
154464,normal,2665,0,1782360479.8865407,0.0017251968383789062
154465,normal,3682,0,1782360479.8887532,0.0022125244140625
154466,normal,2133,0,1782360479.8904824,0.0017292499542236328
154467,normal,1887,0,1782360479.892587,0.002104520797729492
154468,normal,2205,0,1782360479.8945794,0.001992464065551758
154469,normal,3024,0,1782360479.8966036,0.0020241737365722656
154470,normal,482,0,1782360479.8986325,0.002028942108154297
154471,normal,1053,0,1782360479.9006894,0.0020568370819091797
154472,normal,1739,0,1782360479.9025147,0.0018253326416015625
154473,normal,3417,0,1782360479.9047205,0.0022058486938476562
154474,normal,2317,0,1782360479.9065623,0.0018417835235595703
154475,normal,3315,1,1782360479.9087873,0.0022249221801757812
154476,normal,2612,0,1782360479.910482,0.0016946792602539062
154477,normal,3099,1,1782360479.912865,0.002382993698120117
154478,normal,532,0,1782360479.9148767,0.0020117759704589844
154479,normal,3021,0,1782360479.9166517,0.0017750263214111328
154480,normal,1951,0,1782360479.9184713,0.001819610595703125
154481,normal,1719,0,1782360479.9208245,0.002353191375732422
154482,normal,3266,1,1782360479.9229348,0.0021102428436279297
154483,normal,3700,0,1782360479.9244857,0.001550912857055664
154484,normal,791,2,1782360479.9266582,0.0021724700927734375
154485,normal,1821,0,1782360479.9284384,0.0017802715301513672
154486,normal,754,0,1782360479.9307413,0.002302885055541992
154487,normal,2567,0,1782360479.9329574,0.0022161006927490234
154488,normal,2074,0,1782360479.935848,0.0028905868530273438
154489,normal,3175,1,1782360479.9363952,0.0005471706390380859
154490,normal,957,2,1782360479.9388323,0.002437114715576172
154491,normal,883,2,1782360479.9404294,0.0015971660614013672
154492,normal,1126,0,1782360479.9427533,0.0023238658905029297
154493,normal,1213,0,1782360479.944535,0.0017817020416259766
154494,normal,2720,0,1782360479.94654,0.0020051002502441406
154495,normal,1514,0,1782360479.948954,0.0024139881134033203
154496,normal,2678,0,1782360479.9506416,0.0016875267028808594
154497,normal,2950,0,1782360479.95247,0.0018284320831298828
154498,normal,367,0,1782360479.9547353,0.0022652149200439453
154499,normal,2073,0,1782360479.9565487,0.0018134117126464844
154500,normal,2275,0,1782360479.9586475,0.0020987987518310547
154501,normal,2586,0,1782360479.960777,0.0021295547485351562
154502,normal,509,0,1782360479.9626176,0.0018405914306640625
154503,normal,1380,1,1782360479.9646826,0.002064943313598633
154504,normal,2445,0,1782360479.9666557,0.0019731521606445312
154505,normal,17,0,1782360479.9684696,0.0018138885498046875
154506,normal,391,0,1782360479.9707375,0.0022678375244140625
154507,normal,2521,0,1782360479.9725976,0.0018601417541503906
154508,normal,2984,0,1782360479.9745183,0.0019207000732421875
154509,normal,2676,0,1782360479.9766128,0.0020945072174072266
154510,normal,2761,0,1782360479.9786577,0.0020449161529541016
154511,normal,2508,0,1782360479.9807281,0.0020704269409179688
154512,normal,458,0,1782360479.9825866,0.0018584728240966797
154513,normal,1451,0,1782360479.9847455,0.0021588802337646484
154514,normal,436,0,1782360479.9866517,0.0019061565399169922
154515,normal,349,0,1782360479.988566,0.0019142627716064453
154516,normal,1690,0,1782360479.9907157,0.002149820327758789
154517,normal,3486,0,1782360479.9924595,0.0017437934875488281
154518,normal,1934,0,1782360479.9947295,0.0022699832916259766
154519,normal,3113,1,1782360479.9966085,0.001878976821899414
154520,normal,3637,0,1782360479.9986234,0.0020148754119873047
154521,normal,77,0,1782360480.000733,0.002109527587890625
154522,normal,2453,0,1782360480.0027153,0.001982450485229492
154523,normal,583,0,1782360480.0045428,0.0018274784088134766
154524,normal,674,0,1782360480.006647,0.0021042823791503906
154525,normal,1406,0,1782360480.0086005,0.0019533634185791016
154526,normal,1011,2,1782360480.0105278,0.0019273757934570312
154527,normal,1176,0,1782360480.012603,0.0020751953125
154528,normal,707,0,1782360480.0145264,0.0019233226776123047
154529,normal,3628,0,1782360480.016487,0.0019605159759521484
154530,normal,1726,0,1782360480.018563,0.0020761489868164062
154531,normal,101,0,1782360480.0206273,0.002064228057861328
154532,normal,2166,0,1782360480.0224981,0.001870870590209961
154533,normal,3355,1,1782360480.024587,0.002088785171508789
154534,normal,194,0,1782360480.0265803,0.001993417739868164
154535,normal,2458,0,1782360480.0284288,0.001848459243774414
154536,normal,1462,0,1782360480.0305493,0.002120494842529297
154537,normal,826,2,1782360480.0327673,0.002218008041381836
154538,normal,2639,0,1782360480.0344944,0.0017271041870117188
154539,normal,2450,0,1782360480.0367174,0.0022230148315429688
154540,normal,2360,0,1782360480.038658,0.0019404888153076172
154541,normal,2228,0,1782360480.0406282,0.0019702911376953125
154542,normal,2164,0,1782360480.0425441,0.0019159317016601562
154543,normal,1715,0,1782360480.0451639,0.0026197433471679688
154544,normal,1742,0,1782360480.0465913,0.0014274120330810547
154545,normal,1192,0,1782360480.0486474,0.002056121826171875
154546,normal,1191,0,1782360480.0506256,0.001978158950805664
154547,normal,3663,0,1782360480.0524952,0.0018696784973144531
154548,normal,3523,0,1782360480.0547004,0.0022051334381103516
154549,normal,932,2,1782360480.0565786,0.0018782615661621094
154550,normal,424,0,1782360480.058421,0.0018422603607177734
154551,normal,2125,0,1782360480.0605419,0.0021209716796875
154552,normal,3102,1,1782360480.0626352,0.0020933151245117188
154553,normal,2548,0,1782360480.064417,0.0017817020416259766
154554,normal,3588,0,1782360480.066539,0.002122163772583008
154555,normal,2695,0,1782360480.069109,0.002569913864135742
154556,normal,1023,2,1782360480.0706208,0.0015118122100830078
154557,normal,3554,0,1782360480.0724254,0.0018045902252197266
154558,normal,231,0,1782360480.0745516,0.0021262168884277344
154559,normal,3510,0,1782360480.0766015,0.0020499229431152344
154560,normal,1912,0,1782360480.0784867,0.0018851757049560547
154561,normal,2743,0,1782360480.0806262,0.002139568328857422
154562,normal,3322,1,1782360480.082835,0.002208709716796875
154563,normal,2327,0,1782360480.0844805,0.0016455650329589844
154564,normal,3233,1,1782360480.0865338,0.0020532608032226562
154565,normal,3159,1,1782360480.0884924,0.001958608627319336
154566,normal,1302,0,1782360480.090558,0.0020656585693359375
154567,normal,644,0,1782360480.0925474,0.0019893646240234375
154568,normal,3034,0,1782360480.0945244,0.0019769668579101562
154569,normal,410,0,1782360480.0966733,0.002148866653442383
154570,normal,15,0,1782360480.0985277,0.0018544197082519531
154571,normal,466,0,1782360480.1004462,0.0019185543060302734
154572,normal,1565,0,1782360480.1027775,0.002331256866455078
154573,normal,1194,0,1782360480.104544,0.0017664432525634766
154574,normal,205,0,1782360480.1065152,0.0019712448120117188
154575,normal,1554,0,1782360480.1085854,0.002070188522338867
154576,normal,1140,0,1782360480.1106074,0.0020220279693603516
154577,normal,2009,0,1782360480.1124718,0.0018644332885742188
154578,normal,948,2,1782360480.1144514,0.0019795894622802734
154579,normal,1488,0,1782360480.1165626,0.002111196517944336
154580,normal,587,0,1782360480.1186554,0.0020928382873535156
154581,normal,2987,0,1782360480.1204934,0.0018379688262939453
154582,normal,341,0,1782360480.1226482,0.002154827117919922
154583,normal,540,0,1782360480.1244366,0.0017883777618408203
154584,normal,573,0,1782360480.126564,0.002127408981323242
154585,normal,304,0,1782360480.1285057,0.001941680908203125
154586,normal,1414,0,1782360480.130464,0.0019583702087402344
154587,normal,191,0,1782360480.1324835,0.0020194053649902344
154588,normal,2796,0,1782360480.1344433,0.0019598007202148438
154589,normal,640,0,1782360480.1363833,0.001940011978149414
154590,normal,1665,0,1782360480.1384373,0.002053976058959961
154591,normal,2114,0,1782360480.1404636,0.0020263195037841797
154592,normal,3524,0,1782360480.1424823,0.0020186901092529297
154593,normal,364,0,1782360480.1444805,0.0019981861114501953
154594,normal,491,0,1782360480.1465206,0.0020401477813720703
154595,normal,2175,0,1782360480.148531,0.002010345458984375
154596,normal,3263,1,1782360480.150471,0.001940011978149414
154597,normal,2126,0,1782360480.1524777,0.0020067691802978516
154598,normal,2792,0,1782360480.1544232,0.00194549560546875
154599,normal,667,0,1782360480.1565645,0.002141237258911133
154600,normal,2750,0,1782360480.1587918,0.002227306365966797
154601,normal,1762,0,1782360480.1604393,0.0016474723815917969
154602,normal,861,2,1782360480.1624832,0.0020439624786376953
154603,normal,3008,0,1782360480.1645179,0.0020346641540527344
154604,normal,3592,0,1782360480.1665688,0.0020508766174316406
154605,normal,18,0,1782360480.1683843,0.0018155574798583984
154606,normal,114,0,1782360480.1704397,0.0020554065704345703
154607,normal,1677,0,1782360480.1724706,0.0020308494567871094
154608,normal,3614,0,1782360480.1744318,0.001961231231689453
154609,normal,1830,0,1782360480.1764598,0.0020279884338378906
154610,normal,1631,0,1782360480.1784766,0.002016782760620117
154611,normal,2827,0,1782360480.180518,0.002041339874267578
154612,normal,1776,0,1782360480.1824555,0.0019376277923583984
154613,normal,2411,0,1782360480.1845138,0.002058267593383789
154614,normal,755,0,1782360480.186359,0.0018451213836669922
154615,normal,1499,0,1782360480.1884634,0.002104520797729492
154616,normal,709,0,1782360480.1904676,0.0020041465759277344
154617,normal,1322,1,1782360480.192466,0.001998424530029297
154618,normal,2413,0,1782360480.1945014,0.002035379409790039
154619,normal,20,0,1782360480.196428,0.0019266605377197266
154620,normal,1361,1,1782360480.1984375,0.0020093917846679688
154621,normal,2784,0,1782360480.2004673,0.002029895782470703
154622,normal,160,0,1782360480.202448,0.0019805431365966797
154623,normal,1694,0,1782360480.2048137,0.0023658275604248047
154624,normal,3545,0,1782360480.2064085,0.0015947818756103516
154625,normal,1155,0,1782360480.208516,0.002107381820678711
154626,normal,1847,0,1782360480.2103982,0.001882314682006836
154627,normal,2948,0,1782360480.2125092,0.0021109580993652344
154628,normal,328,0,1782360480.214375,0.0018658638000488281
154629,normal,1703,0,1782360480.216462,0.0020868778228759766
154630,normal,3629,0,1782360480.21848,0.0020182132720947266
154631,normal,3020,0,1782360480.2203786,0.0018985271453857422
154632,normal,2841,0,1782360480.2224534,0.002074718475341797
154633,normal,2611,0,1782360480.2244914,0.0020380020141601562
154634,normal,3483,0,1782360480.2264113,0.0019199848175048828
154635,normal,2520,0,1782360480.2285469,0.0021355152130126953
154636,normal,2234,0,1782360480.2305584,0.002011537551879883
154637,normal,1432,0,1782360480.2325294,0.001971006393432617
154638,normal,438,0,1782360480.2347186,0.002189159393310547
154639,normal,1438,0,1782360480.2365844,0.0018658638000488281
154640,normal,2589,0,1782360480.2384968,0.0019123554229736328
154641,normal,3337,1,1782360480.2405136,0.002016782760620117
154642,normal,3603,0,1782360480.242493,0.001979351043701172
154643,normal,1754,0,1782360480.2445607,0.0020678043365478516
154644,normal,3272,1,1782360480.2464583,0.001897573471069336
154645,normal,1354,1,1782360480.2485456,0.0020873546600341797
154646,normal,2077,0,1782360480.250431,0.0018854141235351562
154647,normal,2168,0,1782360480.252539,0.002107858657836914
154648,normal,2089,0,1782360480.2545335,0.001994609832763672
154649,normal,3692,0,1782360480.2565773,0.0020437240600585938
154650,normal,673,0,1782360480.25854,0.0019626617431640625
154651,normal,2725,0,1782360480.2605064,0.0019664764404296875
154652,normal,150,0,1782360480.2624636,0.0019571781158447266
154653,normal,1119,0,1782360480.2646613,0.002197742462158203
154654,normal,2268,0,1782360480.2665925,0.0019311904907226562
154655,normal,931,2,1782360480.2689471,0.0023546218872070312
154656,normal,149,0,1782360480.2709584,0.0020112991333007812
154657,normal,3047,1,1782360480.2726493,0.0016908645629882812
154658,normal,1702,0,1782360480.2744534,0.0018041133880615234
154659,normal,2942,0,1782360480.2766867,0.002233266830444336
154660,normal,2512,0,1782360480.278625,0.0019383430480957031
154661,normal,1905,0,1782360480.280435,0.0018100738525390625
154662,normal,23,0,1782360480.2825444,0.0021092891693115234
154663,normal,1189,0,1782360480.2847512,0.0022068023681640625
154664,normal,580,0,1782360480.2865121,0.0017609596252441406
154665,normal,3552,0,1782360480.2885654,0.0020532608032226562
154666,normal,1508,0,1782360480.2906022,0.0020368099212646484
154667,normal,467,0,1782360480.2924297,0.0018274784088134766
154668,normal,2923,0,1782360480.2945366,0.002106904983520508
154669,normal,1490,0,1782360480.2964988,0.0019621849060058594
154670,normal,3091,1,1782360480.2984467,0.0019478797912597656
154671,normal,417,0,1782360480.3008058,0.002359151840209961
154672,normal,2287,0,1782360480.302616,0.0018100738525390625
154673,normal,1615,0,1782360480.305004,0.00238800048828125
154674,normal,3135,1,1782360480.3067286,0.0017247200012207031
154675,normal,2084,0,1782360480.3086233,0.0018947124481201172
154676,normal,553,0,1782360480.310562,0.0019385814666748047
154677,normal,3258,1,1782360480.312573,0.0020110607147216797
154678,normal,799,2,1782360480.3145406,0.0019676685333251953
154679,normal,1108,0,1782360480.31674,0.002199411392211914
154680,normal,1486,0,1782360480.3185534,0.0018134117126464844
154681,normal,1546,0,1782360480.3209538,0.0024003982543945312
154682,normal,1695,0,1782360480.3226302,0.001676321029663086
154683,normal,1112,0,1782360480.3249128,0.0022826194763183594
154684,normal,2088,0,1782360480.3269086,0.0019958019256591797
154685,normal,786,2,1782360480.3286912,0.0017826557159423828
154686,normal,1143,0,1782360480.330646,0.001954793930053711
154687,normal,1659,0,1782360480.332494,0.001847982406616211
154688,normal,3336,1,1782360480.3346152,0.0021212100982666016
154689,normal,1608,0,1782360480.336598,0.0019826889038085938
154690,normal,380,0,1782360480.3386781,0.002080202102661133
154691,normal,3396,1,1782360480.3405182,0.0018401145935058594
154692,normal,798,2,1782360480.3424962,0.0019779205322265625
154693,normal,2433,0,1782360480.3445525,0.0020563602447509766
154694,normal,3522,0,1782360480.346518,0.0019655227661132812
154695,normal,1539,0,1782360480.3485286,0.0020105838775634766
154696,normal,2430,0,1782360480.350516,0.001987457275390625
154697,normal,3137,1,1782360480.3524833,0.001967191696166992
154698,normal,1274,0,1782360480.3547862,0.002302885055541992
154699,normal,3260,1,1782360480.3567653,0.0019791126251220703
154700,normal,990,2,1782360480.3584323,0.001667022705078125
154701,normal,1564,0,1782360480.3604279,0.001995563507080078
154702,normal,3499,0,1782360480.3625185,0.0020906925201416016
154703,normal,2631,0,1782360480.3647318,0.0022132396697998047
154704,normal,1234,0,1782360480.366413,0.0016813278198242188
154705,normal,1558,0,1782360480.3684344,0.002021312713623047
154706,normal,2071,0,1782360480.3703609,0.001926422119140625
154707,normal,809,2,1782360480.372416,0.0020551681518554688
154708,normal,3466,0,1782360480.374621,0.00220489501953125
154709,normal,2662,0,1782360480.3764853,0.0018644332885742188
154710,normal,2230,0,1782360480.3784544,0.0019690990447998047
154711,normal,906,2,1782360480.3805838,0.0021293163299560547
154712,normal,3432,0,1782360480.3825126,0.0019288063049316406
154713,normal,1725,0,1782360480.3844776,0.001965045928955078
154714,normal,2488,0,1782360480.3866892,0.0022115707397460938
154715,normal,2154,0,1782360480.3885589,0.0018696784973144531
154716,normal,3660,0,1782360480.3906448,0.0020859241485595703
154717,normal,2620,0,1782360480.3925424,0.001897573471069336
154718,normal,2256,0,1782360480.3944232,0.0018808841705322266
154719,normal,3596,0,1782360480.3966036,0.002180337905883789
154720,normal,2282,0,1782360480.3984928,0.0018892288208007812
154721,normal,2655,0,1782360480.4005637,0.002070903778076172
154722,normal,3595,0,1782360480.4025533,0.001989603042602539
154723,normal,2439,0,1782360480.404477,0.0019235610961914062
154724,normal,1872,0,1782360480.4065394,0.002062559127807617
154725,normal,3373,1,1782360480.4084454,0.0019059181213378906
154726,normal,1667,0,1782360480.4106119,0.0021665096282958984
154727,normal,2400,0,1782360480.4124532,0.0018413066864013672
154728,normal,2249,0,1782360480.4144886,0.002035379409790039
154729,normal,345,0,1782360480.4165027,0.00201416015625
154730,normal,3473,0,1782360480.4183962,0.0018935203552246094
154731,normal,737,0,1782360480.4205105,0.0021142959594726562
154732,normal,95,0,1782360480.4226294,0.002118825912475586
154733,normal,3393,1,1782360480.4243748,0.001745462417602539
154734,normal,2385,0,1782360480.4266129,0.002238035202026367
154735,normal,608,0,1782360480.4284103,0.0017974376678466797
154736,normal,2153,0,1782360480.430563,0.002152681350708008
154737,normal,2999,0,1782360480.4326155,0.0020525455474853516
154738,normal,3386,1,1782360480.4344923,0.0018768310546875
154739,normal,319,0,1782360480.436535,0.002042531967163086
154740,normal,2535,0,1782360480.4386165,0.002081632614135742
154741,normal,3380,1,1782360480.4405508,0.0019342899322509766
154742,normal,3343,1,1782360480.44284,0.002289295196533203
154743,normal,151,0,1782360480.4445896,0.0017495155334472656
154744,normal,3074,1,1782360480.447001,0.002411365509033203
154745,normal,494,0,1782360480.4486163,0.001615285873413086
154746,normal,3353,1,1782360480.4507103,0.0020940303802490234
154747,normal,2994,0,1782360480.4524562,0.0017459392547607422
154748,normal,69,0,1782360480.4546583,0.0022020339965820312
154749,normal,979,2,1782360480.4563985,0.0017402172088623047
154750,normal,3033,0,1782360480.4585526,0.002154111862182617
154751,normal,933,2,1782360480.4603977,0.0018451213836669922
154752,normal,1422,0,1782360480.4627633,0.002365589141845703
154753,normal,2107,0,1782360480.4643805,0.0016171932220458984
154754,normal,2280,0,1782360480.4667144,0.0023338794708251953
154755,normal,3326,1,1782360480.4684596,0.0017452239990234375
154756,normal,2604,0,1782360480.470616,0.002156496047973633
154757,normal,2969,0,1782360480.4725065,0.001890420913696289
154758,normal,2628,0,1782360480.4750643,0.0025577545166015625
154759,normal,2865,0,1782360480.4771254,0.002061128616333008
154760,normal,3177,1,1782360480.478973,0.0018475055694580078
154761,normal,1865,0,1782360480.4805605,0.0015876293182373047
154762,normal,2,0,1782360480.4825375,0.0019769668579101562
154763,normal,1772,0,1782360480.4847007,0.0021631717681884766
154764,normal,3414,0,1782360480.486606,0.001905202865600586
154765,normal,2226,0,1782360480.4884183,0.0018124580383300781
154766,normal,1149,0,1782360480.490949,0.0025305747985839844
154767,normal,314,0,1782360480.4926052,0.0016562938690185547
154768,normal,2432,0,1782360480.494408,0.001802682876586914
154769,normal,2682,0,1782360480.4966924,0.002284526824951172
154770,normal,2849,0,1782360480.498505,0.0018126964569091797
154771,normal,1917,0,1782360480.5005424,0.0020372867584228516
154772,normal,1047,0,1782360480.5023956,0.0018532276153564453
154773,normal,2630,0,1782360480.5045524,0.0021567344665527344
154774,normal,914,2,1782360480.5067573,0.00220489501953125
154775,normal,2633,0,1782360480.5087156,0.0019583702087402344
154776,normal,1307,0,1782360480.5110185,0.002302885055541992
154777,normal,1939,0,1782360480.5126386,0.0016200542449951172
154778,normal,792,2,1782360480.514653,0.0020143985748291016
154779,normal,3061,1,1782360480.516887,0.0022339820861816406
154780,normal,1199,0,1782360480.5185013,0.0016143321990966797
154781,normal,2184,0,1782360480.5204265,0.0019252300262451172
154782,normal,85,0,1782360480.5230436,0.0026171207427978516
154783,normal,3669,0,1782360480.524559,0.0015153884887695312
154784,normal,955,2,1782360480.5265524,0.001993417739868164
154785,normal,135,0,1782360480.5289948,0.0024423599243164062
154786,normal,3604,0,1782360480.5308557,0.0018608570098876953
154787,normal,1645,0,1782360480.5329828,0.0021271705627441406
154788,normal,852,2,1782360480.5344214,0.0014386177062988281
154789,normal,3204,1,1782360480.5365317,0.0021102428436279297
154790,normal,226,0,1782360480.5383945,0.0018627643585205078
154791,normal,2554,0,1782360480.540579,0.002184629440307617
154792,normal,1503,0,1782360480.542474,0.0018949508666992188
154793,normal,1341,1,1782360480.5446117,0.0021376609802246094
154794,normal,204,0,1782360480.5464957,0.0018839836120605469
154795,normal,2514,0,1782360480.5485868,0.0020911693572998047
154796,normal,162,0,1782360480.5504377,0.0018508434295654297
154797,normal,1994,0,1782360480.5526035,0.0021657943725585938
154798,normal,3443,0,1782360480.5549452,0.002341747283935547
154799,normal,2777,0,1782360480.5572507,0.0023055076599121094
154800,normal,1562,0,1782360480.5588393,0.001588582992553711
154801,normal,2851,0,1782360480.5604897,0.0016503334045410156
154802,normal,1884,0,1782360480.5624106,0.001920938491821289
154803,normal,3468,0,1782360480.5650125,0.0026018619537353516
154804,normal,2364,0,1782360480.5667315,0.0017189979553222656
154805,normal,2265,0,1782360480.5686398,0.0019083023071289062
154806,normal,2452,0,1782360480.5706906,0.0020508766174316406
154807,normal,447,0,1782360480.5727215,0.0020308494567871094
154808,normal,3617,0,1782360480.5745108,0.0017893314361572266
154809,normal,3424,0,1782360480.5764396,0.0019288063049316406
154810,normal,1316,0,1782360480.578547,0.002107381820678711
154811,normal,2021,0,1782360480.5803976,0.0018506050109863281
154812,normal,3291,1,1782360480.5825946,0.0021970272064208984
154813,normal,1473,0,1782360480.584478,0.0018832683563232422
154814,normal,461,0,1782360480.586613,0.002135038375854492
154815,normal,761,0,1782360480.5884829,0.0018699169158935547
154816,normal,2090,0,1782360480.5905895,0.0021066665649414062
154817,normal,2998,0,1782360480.5924969,0.0019073486328125
154818,normal,94,0,1782360480.5947332,0.0022363662719726562
154819,normal,712,0,1782360480.5965753,0.0018420219421386719
154820,normal,1740,0,1782360480.5985715,0.001996278762817383
154821,normal,2654,0,1782360480.6005366,0.001965045928955078
154822,normal,697,0,1782360480.6025567,0.002020120620727539
154823,normal,1443,0,1782360480.6044898,0.0019330978393554688
154824,normal,3063,1,1782360480.6065047,0.0020148754119873047
154825,normal,514,0,1782360480.6087008,0.002196073532104492
154826,normal,1975,0,1782360480.6106513,0.0019505023956298828
154827,normal,2414,0,1782360480.6125152,0.0018639564514160156
154828,normal,90,0,1782360480.6146567,0.0021414756774902344
154829,normal,3670,0,1782360480.6165812,0.0019245147705078125
154830,normal,3301,1,1782360480.6185417,0.0019605159759521484
154831,normal,2333,0,1782360480.6206257,0.002084016799926758
154832,normal,3561,0,1782360480.6225138,0.0018880367279052734
154833,normal,2558,0,1782360480.6244779,0.001964092254638672
154834,normal,1477,0,1782360480.6266403,0.002162456512451172
154835,normal,1359,1,1782360480.6284409,0.001800537109375
154836,normal,384,0,1782360480.6305785,0.0021376609802246094
154837,normal,2910,0,1782360480.6325085,0.0019299983978271484
154838,normal,2810,0,1782360480.6344135,0.0019049644470214844
154839,normal,2070,0,1782360480.6369143,0.002500772476196289
154840,normal,806,2,1782360480.6384993,0.0015850067138671875
154841,normal,1973,0,1782360480.640512,0.0020127296447753906
154842,normal,2694,0,1782360480.6425703,0.002058267593383789
154843,normal,1387,0,1782360480.6447835,0.0022132396697998047
154844,normal,3511,0,1782360480.6467764,0.001992940902709961
154845,normal,1813,0,1782360480.6486254,0.0018489360809326172
154846,normal,73,0,1782360480.6507134,0.0020880699157714844
154847,normal,1982,0,1782360480.6528087,0.0020952224731445312
154848,normal,1693,0,1782360480.654697,0.001888275146484375
154849,normal,1780,0,1782360480.656469,0.001772165298461914
154850,normal,1178,0,1782360480.6585922,0.002123117446899414
154851,normal,594,0,1782360480.6604354,0.0018432140350341797
154852,normal,1834,0,1782360480.6625845,0.0021491050720214844
154853,normal,3198,1,1782360480.664522,0.0019373893737792969
154854,normal,2698,0,1782360480.6665735,0.0020515918731689453
154855,normal,1428,0,1782360480.6685472,0.0019736289978027344
154856,normal,1031,0,1782360480.6703937,0.0018465518951416016
154857,normal,1894,0,1782360480.6725461,0.0021524429321289062
154858,normal,1623,0,1782360480.674694,0.0021479129791259766
154859,normal,743,0,1782360480.6764758,0.0017817020416259766
154860,normal,2005,0,1782360480.6789823,0.0025064945220947266
154861,normal,2770,0,1782360480.6822493,0.003267049789428711
154862,normal,1610,0,1782360480.6825726,0.00032329559326171875
154863,normal,2821,0,1782360480.684569,0.001996278762817383
154864,normal,1494,0,1782360480.6867838,0.0022149085998535156
154865,normal,3436,0,1782360480.6888056,0.00202178955078125
154866,normal,2868,0,1782360480.690583,0.0017774105072021484
154867,normal,649,0,1782360480.6925929,0.002009868621826172
154868,normal,2465,0,1782360480.6949124,0.0023195743560791016
154869,normal,2927,0,1782360480.6964893,0.0015769004821777344
154870,normal,385,0,1782360480.6985786,0.002089262008666992
154871,normal,2758,0,1782360480.7004466,0.0018680095672607422
154872,normal,987,2,1782360480.702711,0.0022644996643066406
154873,normal,2516,0,1782360480.7044775,0.0017664432525634766
154874,normal,2470,0,1782360480.706578,0.0021004676818847656
154875,normal,3594,0,1782360480.7085445,0.0019664764404296875
154876,normal,10,0,1782360480.7106833,0.002138853073120117
154877,normal,3141,1,1782360480.7126367,0.0019533634185791016
154878,normal,2570,0,1782360480.7145255,0.0018887519836425781
154879,normal,2979,0,1782360480.716723,0.0021975040435791016
154880,normal,2968,0,1782360480.7187884,0.002065420150756836
154881,normal,3219,1,1782360480.720626,0.0018377304077148438
154882,normal,3045,1,1782360480.7225645,0.0019383430480957031
154883,normal,2584,0,1782360480.7250612,0.0024967193603515625
154884,normal,3209,1,1782360480.7268615,0.0018002986907958984
154885,normal,56,0,1782360480.7285948,0.0017333030700683594
154886,normal,698,0,1782360480.730485,0.0018901824951171875
154887,normal,1269,0,1782360480.7327883,0.0023033618927001953
154888,normal,1279,0,1782360480.735015,0.002226591110229492
154889,normal,2274,0,1782360480.7367606,0.0017457008361816406
154890,normal,3541,0,1782360480.7386153,0.0018546581268310547
154891,normal,210,0,1782360480.740443,0.0018277168273925781
154892,normal,659,0,1782360480.7425861,0.0021431446075439453
154893,normal,11,0,1782360480.7444866,0.0019004344940185547
154894,normal,1585,0,1782360480.746633,0.002146482467651367
154895,normal,3038,0,1782360480.7484562,0.0018231868743896484
154896,normal,1513,0,1782360480.7506027,0.002146482467651367
154897,normal,1392,0,1782360480.7524476,0.0018448829650878906
154898,normal,1215,0,1782360480.7545683,0.0021207332611083984
154899,normal,3367,1,1782360480.7564664,0.001898050308227539
154900,normal,70,0,1782360480.758648,0.002181529998779297
154901,normal,2838,0,1782360480.7605588,0.0019109249114990234
154902,normal,1117,0,1782360516.2540574,0.0
154903,normal,2113,0,1782360516.2560616,0.0020041465759277344
154904,normal,3505,0,1782360516.2582514,0.0021898746490478516
154905,normal,2625,0,1782360516.2601674,0.0019159317016601562
154906,normal,1304,0,1782360516.2620654,0.001898050308227539
154907,normal,2993,0,1782360516.2640743,0.0020089149475097656
154908,normal,1506,0,1782360516.2660475,0.0019731521606445312
154909,normal,1459,0,1782360516.268134,0.002086639404296875
154910,normal,3296,1,1782360516.2703485,0.0022144317626953125
154911,normal,659,0,1782360516.2720647,0.0017161369323730469
154912,normal,3478,0,1782360516.2746394,0.0025746822357177734
154913,normal,3365,1,1782360516.2762089,0.001569509506225586
154914,normal,1410,0,1782360516.2784185,0.0022096633911132812
154915,normal,1370,1,1782360516.280241,0.0018224716186523438
154916,normal,2833,0,1782360516.282261,0.0020198822021484375
154917,normal,3159,1,1782360516.2841554,0.0018944740295410156
154918,normal,2711,0,1782360516.2863755,0.00222015380859375
154919,normal,936,2,1782360516.2882283,0.0018527507781982422
154920,normal,195,0,1782360516.2902129,0.0019845962524414062
154921,normal,1883,0,1782360516.2922268,0.0020139217376708984
154922,normal,3030,0,1782360516.2941818,0.0019550323486328125
154923,normal,2001,0,1782360516.2962847,0.0021028518676757812
154924,normal,3112,1,1782360516.2981074,0.0018227100372314453
154925,normal,2825,0,1782360516.3002682,0.002160787582397461
154926,normal,1643,0,1782360516.3021457,0.0018775463104248047
154927,normal,1912,0,1782360516.3042698,0.0021240711212158203
154928,normal,1929,0,1782360516.3061724,0.0019025802612304688
154929,normal,1078,0,1782360516.308258,0.0020856857299804688
154930,normal,937,2,1782360516.3101459,0.0018877983093261719
154931,normal,912,2,1782360516.3122768,0.0021309852600097656
154932,normal,1574,0,1782360516.3141418,0.0018649101257324219
154933,normal,2581,0,1782360516.3162649,0.002123117446899414
154934,normal,1099,0,1782360516.3181598,0.0018949508666992188
154935,normal,2478,0,1782360516.3202732,0.00211334228515625
154936,normal,847,2,1782360516.3221693,0.0018961429595947266
154937,normal,2509,0,1782360516.3242981,0.0021288394927978516
154938,normal,1657,0,1782360516.3261297,0.0018315315246582031
154939,normal,3459,0,1782360516.3283,0.0021703243255615234
154940,normal,850,2,1782360516.3303766,0.0020766258239746094
154941,normal,2047,0,1782360516.3321767,0.0018000602722167969
154942,normal,985,2,1782360516.3342671,0.0020904541015625
154943,normal,506,0,1782360516.3362575,0.0019903182983398438
154944,normal,533,0,1782360516.3381317,0.0018742084503173828
154945,normal,1788,0,1782360516.3403056,0.002173900604248047
154946,normal,417,0,1782360516.342247,0.0019414424896240234
154947,normal,792,2,1782360516.3441315,0.00188446044921875
154948,normal,27,0,1782360516.346312,0.0021805763244628906
154949,normal,2068,0,1782360516.3482785,0.0019664764404296875
154950,normal,2913,0,1782360516.3501358,0.0018572807312011719
154951,normal,3345,1,1782360516.3521183,0.001982450485229492
154952,normal,1784,0,1782360516.354091,0.001972675323486328
154953,normal,284,0,1782360516.356147,0.002056121826171875
154954,normal,1229,0,1782360516.358255,0.002107858657836914
154955,normal,1360,1,1782360516.3602479,0.001992940902709961
154956,normal,3202,1,1782360516.3621304,0.0018825531005859375
154957,normal,3481,0,1782360516.364318,0.002187490463256836
154958,normal,1314,0,1782360516.3662503,0.001932382583618164
154959,normal,2128,0,1782360516.368129,0.0018787384033203125
154960,normal,449,0,1782360516.370323,0.002193927764892578
154961,normal,2072,0,1782360516.372187,0.0018639564514160156
154962,normal,3471,0,1782360516.374139,0.0019521713256835938
154963,normal,1705,0,1782360516.3763273,0.0021882057189941406
154964,normal,1767,0,1782360516.378252,0.001924753189086914
154965,normal,705,0,1782360516.3801312,0.0018792152404785156
154966,normal,3132,1,1782360516.38233,0.0021986961364746094
154967,normal,1476,0,1782360516.3842518,0.0019218921661376953
154968,normal,647,0,1782360516.3861322,0.0018804073333740234
154969,normal,2649,0,1782360516.3883288,0.0021965503692626953
154970,normal,342,0,1782360516.390252,0.0019233226776123047
154971,normal,1682,0,1782360516.3921318,0.0018796920776367188
154972,normal,1955,0,1782360516.3943331,0.0022013187408447266
154973,normal,688,0,1782360516.3962517,0.0019185543060302734
154974,normal,3454,0,1782360516.3981316,0.0018799304962158203
154975,normal,327,0,1782360516.400344,0.0022122859954833984
154976,normal,197,0,1782360516.4022503,0.0019063949584960938
154977,normal,3522,0,1782360516.4041307,0.0018804073333740234
154978,normal,3553,0,1782360516.4063377,0.002207040786743164
154979,normal,2408,0,1782360516.4082763,0.0019385814666748047
154980,normal,3677,0,1782360516.410175,0.0018987655639648438
154981,normal,2022,0,1782360516.4123428,0.0021677017211914062
154982,normal,3027,0,1782360516.414249,0.0019061565399169922
154983,normal,2249,0,1782360516.4161327,0.0018837451934814453
154984,normal,3233,1,1782360516.4183059,0.002173185348510742
154985,normal,674,0,1782360516.4202595,0.001953601837158203
154986,normal,2818,0,1782360516.4221756,0.0019161701202392578
154987,normal,2960,0,1782360516.4243069,0.002131223678588867
154988,normal,2561,0,1782360516.426251,0.0019440650939941406
154989,normal,2790,0,1782360516.4281316,0.001880645751953125
154990,normal,1026,2,1782360516.4303129,0.0021812915802001953
154991,normal,918,2,1782360516.432228,0.0019152164459228516
154992,normal,3067,1,1782360516.4341333,0.001905202865600586
154993,normal,1718,0,1782360516.4363513,0.002218008041381836
154994,normal,3289,1,1782360516.4382455,0.001894235610961914
154995,normal,3197,1,1782360516.4401386,0.0018930435180664062
154996,normal,3138,1,1782360516.4423537,0.002215147018432617
154997,normal,3536,0,1782360516.4442396,0.0018858909606933594
154998,normal,930,2,1782360516.4461384,0.0018987655639648438
154999,normal,122,0,1782360516.4483619,0.002223491668701172
155000,normal,3267,1,1782360516.4501348,0.0017728805541992188
155001,normal,636,0,1782360516.452267,0.0021321773529052734
155002,normal,301,0,1782360516.4541967,0.0019297599792480469
155003,normal,582,0,1782360516.4562817,0.002084970474243164
155004,normal,2102,0,1782360516.4581375,0.0018558502197265625
155005,normal,2645,0,1782360516.4603558,0.0022182464599609375
155006,normal,223,0,1782360516.4622447,0.0018889904022216797
155007,normal,164,0,1782360516.4641774,0.0019326210021972656
155008,normal,3567,0,1782360516.4663208,0.002143383026123047
155009,normal,2916,0,1782360516.4682488,0.001928091049194336
155010,normal,255,0,1782360516.4701295,0.001880645751953125
155011,normal,878,2,1782360516.4723942,0.002264738082885742
155012,normal,3035,0,1782360516.4742498,0.001855611801147461
155013,normal,3513,0,1782360516.476174,0.001924276351928711
155014,normal,149,0,1782360516.4783354,0.002161264419555664
155015,normal,2025,0,1782360516.4802494,0.0019140243530273438
155016,normal,2991,0,1782360516.4821734,0.0019240379333496094
155017,normal,2031,0,1782360516.4843254,0.002151966094970703
155018,normal,2219,0,1782360516.486247,0.0019216537475585938
155019,normal,3155,1,1782360516.4881277,0.001880645751953125
155020,normal,270,0,1782360516.4903686,0.002240896224975586
155021,normal,275,0,1782360516.4922633,0.0018947124481201172
155022,normal,3541,0,1782360516.4941761,0.001912832260131836
155023,normal,370,0,1782360516.4963326,0.002156496047973633
155024,normal,809,2,1782360516.4982474,0.0019147396087646484
155025,normal,1607,0,1782360516.5001762,0.0019288063049316406
155026,normal,293,0,1782360516.502372,0.0021958351135253906
155027,normal,1717,0,1782360516.5042458,0.0018737316131591797
155028,normal,1622,0,1782360516.5061328,0.0018870830535888672
155029,normal,2464,0,1782360516.5083737,0.002240896224975586
155030,normal,1179,0,1782360516.5102596,0.0018858909606933594
155031,normal,1265,0,1782360516.5121744,0.0019147396087646484
155032,normal,3078,1,1782360516.5143805,0.002206087112426758
155033,normal,2590,0,1782360516.5162413,0.0018608570098876953
155034,normal,37,0,1782360516.5181286,0.0018873214721679688
155035,normal,561,0,1782360516.5203788,0.002250194549560547
155036,normal,1934,0,1782360516.5222404,0.001861572265625
155037,normal,3452,0,1782360516.5241737,0.0019333362579345703
155038,normal,289,0,1782360516.5263233,0.0021495819091796875
155039,normal,800,2,1782360516.5282385,0.0019152164459228516
155040,normal,244,0,1782360516.5301363,0.0018978118896484375
155041,normal,3518,0,1782360516.5322912,0.002154827117919922
155042,normal,629,0,1782360516.534237,0.0019457340240478516
155043,normal,1321,1,1782360516.5361724,0.0019354820251464844
155044,normal,3611,0,1782360516.5382526,0.002080202102661133
155045,normal,856,2,1782360516.5402505,0.0019979476928710938
155046,normal,1604,0,1782360516.5421314,0.0018808841705322266
155047,normal,3652,0,1782360516.5442939,0.002162456512451172
155048,normal,3680,0,1782360516.5462394,0.00194549560546875
155049,normal,3166,1,1782360516.5481727,0.0019333362579345703
155050,normal,3260,1,1782360516.5502954,0.002122640609741211
155051,normal,3629,0,1782360516.5522408,0.00194549560546875
155052,normal,2554,0,1782360516.5541759,0.0019350051879882812
155053,normal,2247,0,1782360516.5562973,0.002121448516845703
155054,normal,3640,0,1782360516.5582376,0.0019402503967285156
155055,normal,444,0,1782360516.5601318,0.001894235610961914
155056,normal,546,0,1782360516.5623007,0.002168893814086914
155057,normal,2206,0,1782360516.564244,0.001943349838256836
155058,normal,1371,1,1782360516.5661757,0.0019316673278808594
155059,normal,853,2,1782360516.5683186,0.0021429061889648438
155060,normal,1575,0,1782360516.5702636,0.0019450187683105469
155061,normal,1346,1,1782360516.572131,0.0018672943115234375
155062,normal,1621,0,1782360516.5742965,0.002165555953979492
155063,normal,2169,0,1782360516.5762453,0.0019488334655761719
155064,normal,167,0,1782360516.5781312,0.0018858909606933594
155065,normal,876,2,1782360516.580307,0.0021758079528808594
155066,normal,3469,0,1782360516.5822387,0.0019316673278808594
155067,normal,893,2,1782360516.5841746,0.0019359588623046875
155068,normal,2804,0,1782360516.5863123,0.0021376609802246094
155069,normal,424,0,1782360516.5882888,0.001976490020751953
155070,normal,22,0,1782360516.5911667,0.002877950668334961
155071,normal,2016,0,1782360516.5921175,0.0009508132934570312
155072,normal,1847,0,1782360516.594257,0.002139568328857422
155073,normal,2472,0,1782360516.5962327,0.001975536346435547
155074,normal,487,0,1782360516.5981688,0.001936197280883789
155075,normal,3531,0,1782360516.6001506,0.0019817352294921875
155076,normal,2596,0,1782360516.6022553,0.0021047592163085938
155077,normal,2442,0,1782360516.604137,0.0018815994262695312
155078,normal,521,0,1782360516.606126,0.001989126205444336
155079,normal,2829,0,1782360516.6081734,0.002047300338745117
155080,normal,2564,0,1782360516.6101062,0.0019328594207763672
155081,normal,598,0,1782360516.612085,0.0019788742065429688
155082,normal,1500,0,1782360516.614182,0.002096891403198242
155083,normal,23,0,1782360516.6161804,0.001998424530029297
155084,normal,1656,0,1782360516.6180928,0.0019123554229736328
155085,normal,91,0,1782360516.6201022,0.0020093917846679688
155086,normal,1581,0,1782360516.6221185,0.002016305923461914
155087,normal,1257,0,1782360516.6240907,0.001972198486328125
155088,normal,2359,0,1782360516.6261156,0.0020248889923095703
155089,normal,1648,0,1782360516.6281173,0.0020017623901367188
155090,normal,1625,0,1782360516.6300862,0.001968860626220703
155091,normal,2043,0,1782360516.632114,0.002027750015258789
155092,normal,1010,2,1782360516.634116,0.0020020008087158203
155093,normal,497,0,1782360516.6361196,0.0020036697387695312
155094,normal,3047,1,1782360516.6380937,0.0019741058349609375
155095,normal,3610,0,1782360516.6401148,0.0020210742950439453
155096,normal,514,0,1782360516.642121,0.0020062923431396484
155097,normal,1762,0,1782360516.6441004,0.001979351043701172
155098,normal,544,0,1782360516.6461043,0.002003908157348633
155099,normal,3179,1,1782360516.6481237,0.0020194053649902344
155100,normal,1041,0,1782360516.650115,0.00199127197265625
155101,normal,1081,0,1782360516.6521158,0.0020008087158203125
155102,normal,466,0,1782360516.6541264,0.0020105838775634766
155103,normal,2546,0,1782360516.6560912,0.0019648075103759766
155104,normal,2425,0,1782360516.6581166,0.0020253658294677734
155105,normal,2511,0,1782360516.6601229,0.0020062923431396484
155106,normal,3029,0,1782360516.662117,0.0019941329956054688
155107,normal,3555,0,1782360516.6641152,0.0019981861114501953
155108,normal,1748,0,1782360516.6661258,0.0020105838775634766
155109,normal,1498,0,1782360516.6680903,0.001964569091796875
155110,normal,3568,0,1782360516.6701167,0.0020263195037841797
155111,normal,2380,0,1782360516.6721208,0.0020041465759277344
155112,normal,505,0,1782360516.6741161,0.0019953250885009766
155113,normal,123,0,1782360516.6761262,0.0020101070404052734
155114,normal,1325,1,1782360516.6781216,0.0019953250885009766
155115,normal,1062,0,1782360516.6800928,0.0019712448120117188
155116,normal,1885,0,1782360516.6821167,0.002023935317993164
155117,normal,2777,0,1782360516.6841178,0.002001047134399414
155118,normal,2481,0,1782360516.686125,0.0020072460174560547
155119,normal,3234,1,1782360516.6881146,0.001989603042602539
155120,normal,2052,0,1782360516.6901252,0.0020105838775634766
155121,normal,309,0,1782360516.6920936,0.0019683837890625
155122,normal,2172,0,1782360516.6941206,0.0020270347595214844
155123,normal,3480,0,1782360516.6961246,0.002003908157348633
155124,normal,716,0,1782360516.6981168,0.0019922256469726562
155125,normal,378,0,1782360516.7001162,0.001999378204345703
155126,normal,522,0,1782360516.702131,0.0020148754119873047
155127,normal,567,0,1782360516.7040915,0.0019605159759521484
155128,normal,1423,0,1782360516.706117,0.0020253658294677734
155129,normal,3055,1,1782360516.7081134,0.0019965171813964844
155130,normal,2888,0,1782360516.7101336,0.002020120620727539
155131,normal,42,0,1782360516.712122,0.0019884109497070312
155132,normal,2323,0,1782360516.7141256,0.0020036697387695312
155133,normal,3380,1,1782360516.7160919,0.001966238021850586
155134,normal,2494,0,1782360516.7181196,0.002027750015258789
155135,normal,2497,0,1782360516.7201235,0.002003908157348633
155136,normal,1368,1,1782360516.7221148,0.00199127197265625
155137,normal,1130,0,1782360516.7241185,0.0020036697387695312
155138,normal,3180,1,1782360516.726128,0.0020096302032470703
155139,normal,1980,0,1782360516.7281163,0.0019881725311279297
155140,normal,2370,0,1782360516.7301168,0.002000570297241211
155141,normal,1246,0,1782360516.7321184,0.002001523971557617
155142,normal,2989,0,1782360516.7341163,0.0019979476928710938
155143,normal,2448,0,1782360516.7361152,0.0019989013671875
155144,normal,1917,0,1782360516.7381165,0.0020012855529785156
155145,normal,2033,0,1782360516.7401145,0.0019979476928710938
155146,normal,3574,0,1782360516.742115,0.002000570297241211
155147,normal,1937,0,1782360516.744115,0.002000093460083008
155148,normal,2945,0,1782360516.7461174,0.002002239227294922
155149,normal,1678,0,1782360516.7481165,0.0019991397857666016
155150,normal,2742,0,1782360516.7501316,0.0020151138305664062
155151,normal,2640,0,1782360516.7521136,0.001981973648071289
155152,normal,2560,0,1782360516.7541137,0.002000093460083008
155153,normal,2523,0,1782360516.7561185,0.002004861831665039
155154,normal,3589,0,1782360516.7581167,0.0019981861114501953
155155,normal,1988,0,1782360516.7601125,0.0019958019256591797
155156,normal,3413,0,1782360516.762115,0.0020024776458740234
155157,normal,1434,0,1782360516.7641213,0.0020062923431396484
155158,normal,2388,0,1782360516.7661176,0.001996278762817383
155159,normal,1722,0,1782360516.768107,0.0019893646240234375
155160,normal,2327,0,1782360516.7701268,0.0020198822021484375
155161,normal,1701,0,1782360516.7720983,0.0019714832305908203
155162,normal,3250,1,1782360516.774115,0.002016782760620117
155163,normal,3499,0,1782360516.776114,0.0019989013671875
155164,normal,3161,1,1782360516.7781136,0.0019996166229248047
155165,normal,350,0,1782360516.7801123,0.0019986629486083984
155166,normal,3117,1,1782360516.782115,0.002002716064453125
155167,normal,1610,0,1782360516.7841144,0.001999378204345703
155168,normal,877,2,1782360516.7861152,0.0020008087158203125
155169,normal,3001,0,1782360516.7881174,0.002002239227294922
155170,normal,661,0,1782360516.790118,0.002000570297241211
155171,normal,654,0,1782360516.7921114,0.001993417739868164
155172,normal,441,0,1782360516.7941186,0.0020072460174560547
155173,normal,696,0,1782360516.7961133,0.001994609832763672
155174,normal,3330,1,1782360516.7981246,0.0020112991333007812
155175,normal,2990,0,1782360516.800103,0.0019783973693847656
155176,normal,463,0,1782360516.8021154,0.002012491226196289
155177,normal,2296,0,1782360516.8041196,0.0020041465759277344
155178,normal,1463,0,1782360516.8061159,0.001996278762817383
155179,normal,830,2,1782360516.8081126,0.001996755599975586
155180,normal,70,0,1782360516.810114,0.0020012855529785156
155181,normal,766,0,1782360516.8121188,0.002004861831665039
155182,normal,632,0,1782360516.8141155,0.001996755599975586
155183,normal,1140,0,1782360516.8161113,0.0019958019256591797
155184,normal,3586,0,1782360516.8181276,0.002016305923461914
155185,normal,98,0,1782360516.8201017,0.0019741058349609375
155186,normal,2824,0,1782360516.8221238,0.0020220279693603516
155187,normal,1860,0,1782360516.8241167,0.001992940902709961
155188,normal,644,0,1782360516.8261166,0.0019998550415039062
155189,normal,1441,0,1782360516.8281085,0.0019919872283935547
155190,normal,415,0,1782360516.830127,0.002018451690673828
155191,normal,1282,0,1782360516.832114,0.001986980438232422
155192,normal,1249,0,1782360516.8341208,0.0020067691802978516
155193,normal,3033,0,1782360516.8361125,0.001991748809814453
155194,normal,526,0,1782360516.8381171,0.0020046234130859375
155195,normal,1549,0,1782360516.8401089,0.001991748809814453
155196,normal,3294,1,1782360516.8421245,0.0020155906677246094
155197,normal,1202,0,1782360516.8441148,0.0019903182983398438
155198,normal,1852,0,1782360516.8461041,0.0019893646240234375
155199,normal,267,0,1782360516.848114,0.002009868621826172
155200,normal,1208,0,1782360516.8501177,0.0020036697387695312
155201,normal,2864,0,1782360516.8521113,0.0019936561584472656
155202,normal,3023,0,1782360516.8541207,0.0020093917846679688
155203,normal,1220,0,1782360516.8561182,0.0019974708557128906
155204,normal,2084,0,1782360516.85812,0.0020017623901367188
155205,normal,873,2,1782360516.8601134,0.001993417739868164
155206,normal,772,2,1782360516.8621163,0.0020029544830322266
155207,normal,1832,0,1782360516.8641179,0.002001523971557617
155208,normal,745,0,1782360516.8661158,0.0019979476928710938
155209,normal,2420,0,1782360516.8681152,0.001999378204345703
155210,normal,393,0,1782360516.870114,0.0019989013671875
155211,normal,3016,0,1782360516.8721137,0.0019996166229248047
155212,normal,699,0,1782360516.8741324,0.0020186901092529297
155213,normal,1250,0,1782360516.8761127,0.001980304718017578
155214,normal,1262,0,1782360516.8781137,0.002001047134399414
155215,normal,1050,0,1782360516.880109,0.0019953250885009766
155216,normal,663,0,1782360516.8821309,0.00202178955078125
155217,normal,1888,0,1782360516.8841112,0.001980304718017578
155218,normal,277,0,1782360516.8860765,0.0019652843475341797
155219,normal,1866,0,1782360516.8881216,0.002045154571533203
155220,normal,3483,0,1782360516.8901093,0.0019876956939697266
155221,normal,361,0,1782360516.8921134,0.0020041465759277344
155222,normal,2149,0,1782360516.8941214,0.0020079612731933594
155223,normal,3565,0,1782360516.8961074,0.0019860267639160156
155224,normal,1993,0,1782360516.8981094,0.0020020008087158203
155225,normal,373,0,1782360516.9000723,0.001962900161743164
155226,normal,330,0,1782360516.9021075,0.0020351409912109375
155227,normal,2507,0,1782360516.9041083,0.0020008087158203125
155228,normal,2721,0,1782360516.9061205,0.0020122528076171875
155229,normal,3596,0,1782360516.9081097,0.001989126205444336
155230,normal,1313,0,1782360516.9101162,0.00200653076171875
155231,normal,3604,0,1782360516.9121208,0.0020046234130859375
155232,normal,3058,1,1782360516.9141088,0.001987934112548828
155233,normal,2482,0,1782360516.9161105,0.0020017623901367188
155234,normal,381,0,1782360516.9181206,0.0020101070404052734
155235,normal,1864,0,1782360516.9201152,0.001994609832763672
155236,normal,768,0,1782360516.9221082,0.001992940902709961
155237,normal,732,0,1782360516.9241192,0.0020110607147216797
155238,normal,3019,0,1782360516.9261298,0.0020105838775634766
155239,normal,3443,0,1782360516.9281082,0.0019783973693847656
155240,normal,3583,0,1782360516.9301271,0.0020189285278320312
155241,normal,2533,0,1782360516.9321065,0.001979351043701172
155242,normal,754,0,1782360516.9341073,0.0020008087158203125
155243,normal,731,0,1782360516.9361198,0.002012491226196289
155244,normal,2757,0,1782360516.938106,0.001986265182495117
155245,normal,2516,0,1782360516.9401088,0.002002716064453125
155246,normal,457,0,1782360516.9420753,0.0019664764404296875
155247,normal,2764,0,1782360516.9441073,0.002032041549682617
155248,normal,3137,1,1782360516.9461076,0.0020003318786621094
155249,normal,2979,0,1782360516.9481196,0.002012014389038086
155250,normal,2045,0,1782360516.9502935,0.002173900604248047
155251,normal,3229,1,1782360516.9522026,0.001909017562866211
155252,normal,1122,0,1782360516.9542263,0.0020236968994140625
155253,normal,3291,1,1782360516.9561713,0.0019450187683105469
155254,normal,3613,0,1782360516.9583542,0.0021829605102539062
155255,normal,2513,0,1782360516.9602149,0.0018606185913085938
155256,normal,281,0,1782360516.9621198,0.0019049644470214844
155257,normal,653,0,1782360516.9641461,0.0020263195037841797
155258,normal,854,2,1782360516.9660652,0.0019190311431884766
155259,normal,2500,0,1782360516.9681096,0.0020444393157958984
155260,normal,2647,0,1782360516.9701087,0.0019991397857666016
155261,normal,858,2,1782360516.9721186,0.002009868621826172
155262,normal,1652,0,1782360516.9741642,0.0020456314086914062
155263,normal,1994,0,1782360516.9760637,0.0018994808197021484
155264,normal,2856,0,1782360516.9780765,0.0020127296447753906
155265,normal,2816,0,1782360516.9801106,0.0020341873168945312
155266,normal,93,0,1782360516.982108,0.0019974708557128906
155267,normal,1101,0,1782360516.984075,0.0019669532775878906
155268,normal,3396,1,1782360516.986108,0.0020329952239990234
155269,normal,2295,0,1782360516.9881077,0.0019996166229248047
155270,normal,2373,0,1782360516.9900773,0.001969575881958008
155271,normal,1844,0,1782360516.9921086,0.0020313262939453125
155272,normal,409,0,1782360516.9941092,0.002000570297241211
155273,normal,788,2,1782360516.996076,0.0019669532775878906
155274,normal,2729,0,1782360516.9981134,0.0020372867584228516
155275,normal,1007,2,1782360517.00011,0.0019965171813964844
155276,normal,2191,0,1782360517.0020797,0.0019698143005371094
155277,normal,46,0,1782360517.0041065,0.002026796340942383
155278,normal,2087,0,1782360517.006111,0.002004384994506836
155279,normal,1557,0,1782360517.008074,0.0019631385803222656
155280,normal,2148,0,1782360517.0101087,0.0020346641540527344
155281,normal,1766,0,1782360517.0121102,0.002001523971557617
155282,normal,3496,0,1782360517.014074,0.0019638538360595703
155283,normal,2887,0,1782360517.016106,0.0020318031311035156
155284,normal,3056,1,1782360517.0181108,0.002004861831665039
155285,normal,3598,0,1782360517.020074,0.0019631385803222656
155286,normal,1352,1,1782360517.0221128,0.0020389556884765625
155287,normal,418,0,1782360517.0241082,0.0019953250885009766
155288,normal,1342,1,1782360517.0260754,0.001967191696166992
155289,normal,2580,0,1782360517.0281096,0.0020341873168945312
155290,normal,103,0,1782360517.0301108,0.0020012855529785156
155291,normal,2760,0,1782360517.0320764,0.0019655227661132812
155292,normal,761,0,1782360517.0341089,0.0020325183868408203
155293,normal,1761,0,1782360517.036109,0.002000093460083008
155294,normal,2179,0,1782360517.038082,0.0019729137420654297
155295,normal,3173,1,1782360517.0401103,0.0020284652709960938
155296,normal,253,0,1782360517.0421093,0.0019989013671875
155297,normal,1438,0,1782360517.0440757,0.0019664764404296875
155298,normal,3119,1,1782360517.0461097,0.0020339488983154297
155299,normal,2112,0,1782360517.0481083,0.0019986629486083984
155300,normal,2702,0,1782360517.0501204,0.002012014389038086
155301,normal,6,0,1782360517.0521073,0.001986980438232422
155302,normal,51,0,1782360517.0541112,0.002003908157348633
155303,normal,2272,0,1782360517.056119,0.002007722854614258
155304,normal,2658,0,1782360517.0581105,0.0019915103912353516
155305,normal,2141,0,1782360517.0601113,0.0020008087158203125
155306,normal,2835,0,1782360517.06212,0.002008676528930664
155307,normal,3236,1,1782360517.0641067,0.0019867420196533203
155308,normal,822,2,1782360517.0661073,0.002000570297241211
155309,normal,1760,0,1782360517.0681198,0.002012491226196289
155310,normal,793,2,1782360517.0701094,0.001989603042602539
155311,normal,3643,0,1782360517.0721092,0.0019998550415039062
155312,normal,1737,0,1782360517.0740743,0.001965045928955078
155313,normal,150,0,1782360517.0761416,0.0020673274993896484
155314,normal,2343,0,1782360517.078127,0.001985311508178711
155315,normal,1147,0,1782360517.0800734,0.0019464492797851562
155316,normal,1029,2,1782360517.0821085,0.0020351409912109375
155317,normal,3689,0,1782360517.084115,0.00200653076171875
155318,normal,2589,0,1782360517.0860765,0.0019614696502685547
155319,normal,1450,0,1782360517.0881093,0.002032756805419922
155320,normal,1597,0,1782360517.090108,0.0019986629486083984
155321,normal,182,0,1782360517.0921183,0.002010345458984375
155322,normal,895,2,1782360517.0941093,0.0019910335540771484
155323,normal,3537,0,1782360517.0961056,0.001996278762817383
155324,normal,3697,0,1782360517.0980742,0.0019686222076416016
155325,normal,202,0,1782360517.1001067,0.0020325183868408203
155326,normal,3626,0,1782360517.1021097,0.0020029544830322266
155327,normal,432,0,1782360517.1041183,0.002008676528930664
155328,normal,3385,1,1782360517.1061065,0.0019881725311279297
155329,normal,3225,1,1782360517.1081092,0.002002716064453125
155330,normal,2639,0,1782360517.1101198,0.0020105838775634766
155331,normal,2491,0,1782360517.1121068,0.001986980438232422
155332,normal,562,0,1782360517.1141076,0.0020008087158203125
155333,normal,2200,0,1782360517.1161253,0.0020177364349365234
155334,normal,1905,0,1782360517.1181083,0.0019829273223876953
155335,normal,2961,0,1782360517.12011,0.0020017623901367188
155336,normal,763,0,1782360517.1221194,0.0020093917846679688
155337,normal,2476,0,1782360517.1241066,0.0019872188568115234
155338,normal,1551,0,1782360517.1261072,0.002000570297241211
155339,normal,2942,0,1782360517.128117,0.002009868621826172
155340,normal,1124,0,1782360517.1301084,0.00199127197265625
155341,normal,2551,0,1782360517.1321063,0.0019979476928710938
155342,normal,881,2,1782360517.1341214,0.0020151138305664062
155343,normal,709,0,1782360517.136107,0.0019855499267578125
155344,normal,1566,0,1782360517.1381063,0.001999378204345703
155345,normal,2319,0,1782360517.1401203,0.0020139217376708984
155346,normal,640,0,1782360517.1421072,0.001986980438232422
155347,normal,2543,0,1782360517.144106,0.0019986629486083984
155348,normal,2673,0,1782360517.146121,0.0020151138305664062
155349,normal,1850,0,1782360517.1481073,0.001986265182495117
155350,normal,3276,1,1782360517.15012,0.0020127296447753906
155351,normal,3036,0,1782360517.1520736,0.001953601837158203
155352,normal,2264,0,1782360517.1541138,0.0020401477813720703
155353,normal,1335,1,1782360517.1561077,0.001993894577026367
155354,normal,2553,0,1782360517.1581192,0.002011537551879883
155355,normal,785,2,1782360517.1601083,0.001989126205444336
155356,normal,530,0,1782360517.1621084,0.002000093460083008
155357,normal,818,2,1782360517.1640723,0.0019638538360595703
155358,normal,3453,0,1782360517.1661072,0.002034902572631836
155359,normal,2878,0,1782360517.1680741,0.0019669532775878906
155360,normal,3329,1,1782360517.1701236,0.0020494461059570312
155361,normal,1447,0,1782360517.1721087,0.0019850730895996094
155362,normal,722,0,1782360517.1741064,0.001997709274291992
155363,normal,2656,0,1782360517.1761196,0.0020132064819335938
155364,normal,1642,0,1782360517.178105,0.0019855499267578125
155365,normal,3605,0,1782360517.1801066,0.002001523971557617
155366,normal,297,0,1782360517.182121,0.0020143985748291016
155367,normal,614,0,1782360517.1841068,0.001985788345336914
155368,normal,2714,0,1782360517.186108,0.0020012855529785156
155369,normal,1533,0,1782360517.188123,0.0020148754119873047
155370,normal,1938,0,1782360517.1912234,0.0031003952026367188
155371,normal,1977,0,1782360517.1923044,0.0010809898376464844
155372,normal,1999,0,1782360517.194134,0.0018296241760253906
155373,normal,3309,1,1782360517.1962805,0.002146482467651367
155374,normal,2746,0,1782360517.1980982,0.0018177032470703125
155375,normal,1779,0,1782360517.2001498,0.0020515918731689453
155376,normal,3616,0,1782360517.2021463,0.0019965171813964844
155377,normal,2058,0,1782360517.2040772,0.0019309520721435547
155378,normal,39,0,1782360517.2060854,0.002008199691772461
155379,normal,2100,0,1782360517.2081099,0.002024412155151367
155380,normal,78,0,1782360517.2101102,0.0020003318786621094
155381,normal,2577,0,1782360517.2120988,0.001988649368286133
155382,normal,2111,0,1782360517.2141073,0.0020084381103515625
155383,normal,1173,0,1782360517.216107,0.0019996166229248047
155384,normal,414,0,1782360517.2180932,0.001986265182495117
155385,normal,1733,0,1782360517.2201214,0.002028226852416992
155386,normal,3516,0,1782360517.222109,0.0019876956939697266
155387,normal,2733,0,1782360517.224091,0.001981973648071289
155388,normal,2215,0,1782360517.2261088,0.0020177364349365234
155389,normal,1386,0,1782360517.228106,0.001997232437133789
155390,normal,1137,0,1782360517.2300723,0.001966238021850586
155391,normal,305,0,1782360517.2321131,0.002040863037109375
155392,normal,1801,0,1782360517.2341084,0.0019953250885009766
155393,normal,2458,0,1782360517.2360737,0.0019652843475341797
155394,normal,1842,0,1782360517.2381094,0.0020356178283691406
155395,normal,2712,0,1782360517.2402363,0.002126932144165039
155396,normal,1070,0,1782360517.242076,0.0018396377563476562
155397,normal,2281,0,1782360517.2441084,0.0020325183868408203
155398,normal,388,0,1782360517.24613,0.0020215511322021484
155399,normal,1398,0,1782360517.2481172,0.0019872188568115234
155400,normal,536,0,1782360517.2501085,0.00199127197265625
155401,normal,962,2,1782360517.252109,0.002000570297241211
155402,normal,1055,0,1782360517.2540743,0.0019652843475341797
155403,normal,3311,1,1782360517.2561078,0.0020334720611572266
155404,normal,2144,0,1782360517.2581074,0.0019996166229248047
155405,normal,2266,0,1782360517.2600744,0.0019669532775878906
155406,normal,2265,0,1782360517.2621064,0.002032041549682617
155407,normal,2187,0,1782360517.2641096,0.002003192901611328
155408,normal,2465,0,1782360517.2661202,0.0020105838775634766
155409,normal,914,2,1782360517.26811,0.0019898414611816406
155410,normal,3584,0,1782360517.2701197,0.0020096302032470703
155411,normal,2749,0,1782360517.2720668,0.001947164535522461
155412,normal,680,0,1782360517.2741091,0.0020422935485839844
155413,normal,3068,1,1782360517.276103,0.001993894577026367
155414,normal,2317,0,1782360517.2781215,0.002018451690673828
155415,normal,313,0,1782360517.2801085,0.001986980438232422
155416,normal,2037,0,1782360517.282108,0.0019996166229248047
155417,normal,2063,0,1782360517.2841232,0.0020151138305664062
155418,normal,426,0,1782360517.2861083,0.0019850730895996094
155419,normal,228,0,1782360517.288108,0.0019998550415039062
155420,normal,1562,0,1782360517.2901201,0.002012014389038086
155421,normal,2607,0,1782360517.2921097,0.001989603042602539
155422,normal,3290,1,1782360517.2941186,0.0020089149475097656
155423,normal,3339,1,1782360517.296146,0.002027273178100586
155424,normal,239,0,1782360517.2980788,0.0019328594207763672
155425,normal,2983,0,1782360517.300113,0.0020341873168945312
155426,normal,2710,0,1782360517.302117,0.0020041465759277344
155427,normal,1903,0,1782360517.3041031,0.0019860267639160156
155428,normal,1241,0,1782360517.306108,0.002004861831665039
155429,normal,1747,0,1782360517.3080802,0.001972198486328125
155430,normal,1793,0,1782360517.3101141,0.0020339488983154297
155431,normal,2773,0,1782360517.3121095,0.0019953250885009766
155432,normal,479,0,1782360517.3141143,0.002004861831665039
155433,normal,2049,0,1782360517.31611,0.001995563507080078
155434,normal,3667,0,1782360517.318108,0.0019981861114501953
155435,normal,2980,0,1782360517.3200734,0.0019652843475341797
155436,normal,2339,0,1782360517.3221066,0.002033233642578125
155437,normal,3686,0,1782360517.3241117,0.0020051002502441406
155438,normal,2628,0,1782360517.3261163,0.0020046234130859375
155439,normal,3421,0,1782360517.3281085,0.0019922256469726562
155440,normal,2912,0,1782360517.3301086,0.002000093460083008
155441,normal,591,0,1782360517.3321273,0.0020186901092529297
155442,normal,427,0,1782360517.334107,0.0019795894622802734
155443,normal,1442,0,1782360517.3361077,0.0020008087158203125
155444,normal,1613,0,1782360517.3381133,0.0020055770874023438
155445,normal,3199,1,1782360517.3401148,0.002001523971557617
155446,normal,34,0,1782360517.3420691,0.001954317092895508
155447,normal,2893,0,1782360517.3440828,0.002013683319091797
155448,normal,825,2,1782360517.3461213,0.0020384788513183594
155449,normal,2769,0,1782360517.3480875,0.001966238021850586
155450,normal,3144,1,1782360517.3503327,0.002245187759399414
155451,normal,365,0,1782360517.3521218,0.001789093017578125
155452,normal,1203,0,1782360517.3543675,0.002245664596557617
155453,normal,2261,0,1782360517.3562448,0.0018773078918457031
155454,normal,974,2,1782360517.3581054,0.0018606185913085938
155455,normal,3359,1,1782360517.3602972,0.002191781997680664
155456,normal,1422,0,1782360517.3622596,0.001962423324584961
155457,normal,1068,0,1782360517.364111,0.0018513202667236328
155458,normal,3362,1,1782360517.3662653,0.0021543502807617188
155459,normal,151,0,1782360517.3682585,0.0019931793212890625
155460,normal,3080,1,1782360517.3701081,0.0018496513366699219
155461,normal,410,0,1782360517.372268,0.0021598339080810547
155462,normal,794,2,1782360517.3742583,0.0019903182983398438
155463,normal,3348,1,1782360517.37612,0.0018618106842041016
155464,normal,1358,1,1782360517.3782716,0.0021514892578125
155465,normal,2013,0,1782360517.3803036,0.002032041549682617
155466,normal,2539,0,1782360517.382112,0.0018084049224853516
155467,normal,1976,0,1782360517.384271,0.0021588802337646484
155468,normal,836,2,1782360517.3862574,0.0019865036010742188
155469,normal,1372,1,1782360517.3881135,0.001856088638305664
155470,normal,2417,0,1782360517.3901198,0.0020062923431396484
155471,normal,2613,0,1782360517.3922653,0.002145528793334961
155472,normal,1338,1,1782360517.394104,0.00183868408203125
155473,normal,741,0,1782360517.3962793,0.0021753311157226562
155474,normal,3304,1,1782360517.3982558,0.001976490020751953
155475,normal,1920,0,1782360517.400105,0.0018491744995117188
155476,normal,694,0,1782360517.4022799,0.002174854278564453
155477,normal,1973,0,1782360517.4042623,0.001982450485229492
155478,normal,3635,0,1782360517.4061193,0.0018570423126220703
155479,normal,155,0,1782360517.40828,0.0021605491638183594
155480,normal,1901,0,1782360517.4102588,0.0019788742065429688
155481,normal,790,2,1782360517.4121046,0.0018458366394042969
155482,normal,959,2,1782360517.4142835,0.0021789073944091797
155483,normal,3571,0,1782360517.4162657,0.0019822120666503906
155484,normal,498,0,1782360517.418109,0.0018432140350341797
155485,normal,1545,0,1782360517.4202995,0.0021905899047851562
155486,normal,1868,0,1782360517.4221058,0.0018062591552734375
155487,normal,2212,0,1782360517.4242592,0.0021533966064453125
155488,normal,1033,0,1782360517.426122,0.0018627643585205078
155489,normal,1723,0,1782360517.42825,0.002128124237060547
155490,normal,3706,0,1782360517.4301429,0.0018928050994873047
155491,normal,826,2,1782360517.4322917,0.002148866653442383
155492,normal,641,0,1782360517.434105,0.0018131732940673828
155493,normal,1408,0,1782360517.4362593,0.0021543502807617188
155494,normal,3313,1,1782360517.4381056,0.0018463134765625
155495,normal,1960,0,1782360517.4402568,0.0021512508392333984
155496,normal,33,0,1782360517.442104,0.0018472671508789062
155497,normal,980,2,1782360517.4442947,0.0021905899047851562
155498,normal,3252,1,1782360517.446106,0.0018112659454345703
155499,normal,1053,0,1782360517.4481058,0.0019998550415039062
155500,normal,3134,1,1782360517.4503,0.0021941661834716797
155501,normal,3118,1,1782360517.4521089,0.0018088817596435547
155502,normal,1363,1,1782360517.4542587,0.002149820327758789
155503,normal,2884,0,1782360517.4561455,0.0018868446350097656
155504,normal,3450,0,1782360517.45809,0.0019445419311523438
155505,normal,2842,0,1782360517.460269,0.0021789073944091797
155506,normal,2671,0,1782360517.462231,0.001961946487426758
155507,normal,2164,0,1782360517.4640718,0.001840829849243164
155508,normal,2477,0,1782360517.4661214,0.002049684524536133
155509,normal,1387,0,1782360517.4681191,0.001997709274291992
155510,normal,3037,0,1782360517.4701197,0.002000570297241211
155511,normal,3524,0,1782360517.47212,0.0020003318786621094
155512,normal,3455,0,1782360517.4741158,0.0019958019256591797
155513,normal,1724,0,1782360517.4760833,0.0019674301147460938
155514,normal,1219,0,1782360517.4781246,0.002041339874267578
155515,normal,1590,0,1782360517.4801455,0.0020208358764648438
155516,normal,21,0,1782360517.4820633,0.0019178390502929688
155517,normal,604,0,1782360517.4841073,0.0020439624786376953
155518,normal,1305,0,1782360517.486108,0.0020008087158203125
155519,normal,3328,1,1782360517.48812,0.002012014389038086
155520,normal,1460,0,1782360517.4901083,0.0019881725311279297
155521,normal,2176,0,1782360517.492107,0.0019986629486083984
155522,normal,714,0,1782360517.4941185,0.002011537551879883
155523,normal,625,0,1782360517.4961078,0.0019893646240234375
155524,normal,2475,0,1782360517.498108,0.002000093460083008
155525,normal,2923,0,1782360517.5001214,0.0020134449005126953
155526,normal,2289,0,1782360517.5021093,0.001987934112548828
155527,normal,1171,0,1782360517.5041082,0.0019989013671875
155528,normal,1244,0,1782360517.506089,0.0019807815551757812
155529,normal,1258,0,1782360517.508109,0.002020120620727539
155530,normal,1005,2,1782360517.510109,0.0019998550415039062
155531,normal,3682,0,1782360517.5121214,0.002012491226196289
155532,normal,1697,0,1782360517.5141115,0.001990079879760742
155533,normal,540,0,1782360517.5162811,0.0021696090698242188
155534,normal,2503,0,1782360517.5182054,0.001924276351928711
155535,normal,3484,0,1782360517.5202837,0.0020782947540283203
155536,normal,742,0,1782360517.5221462,0.0018625259399414062
155537,normal,1895,0,1782360517.5242422,0.002095937728881836
155538,normal,2496,0,1782360517.5262163,0.0019741058349609375
155539,normal,3207,1,1782360517.528119,0.0019028186798095703
155540,normal,1213,0,1782360517.5301294,0.002010345458984375
155541,normal,778,2,1782360517.5321083,0.0019788742065429688
155542,normal,2813,0,1782360517.534183,0.002074718475341797
155543,normal,1629,0,1782360517.5362365,0.002053499221801758
155544,normal,1526,0,1782360517.5382152,0.001978635787963867
155545,normal,1756,0,1782360517.5401108,0.0018956661224365234
155546,normal,2142,0,1782360517.5421083,0.0019974708557128906
155547,normal,1700,0,1782360517.544154,0.0020456314086914062
155548,normal,1160,0,1782360517.5461261,0.001972198486328125
155549,normal,236,0,1782360517.5480945,0.0019683837890625
155550,normal,2908,0,1782360517.5501096,0.0020151138305664062
155551,normal,1564,0,1782360517.5521088,0.0019991397857666016
155552,normal,3566,0,1782360517.5540738,0.001965045928955078
155553,normal,1437,0,1782360517.556136,0.002062082290649414
155554,normal,3178,1,1782360517.558112,0.00197601318359375
155555,normal,1465,0,1782360517.560148,0.0020360946655273438
155556,normal,2914,0,1782360517.5620744,0.001926422119140625
155557,normal,966,2,1782360517.5641084,0.0020339488983154297
155558,normal,3156,1,1782360517.5660737,0.0019652843475341797
155559,normal,541,0,1782360517.568111,0.0020372867584228516
155560,normal,3602,0,1782360517.570107,0.0019960403442382812
155561,normal,910,2,1782360517.5721164,0.0020093917846679688
155562,normal,2174,0,1782360517.5741065,0.001990079879760742
155563,normal,1527,0,1782360517.5761082,0.0020017623901367188
155564,normal,975,2,1782360517.5780752,0.0019669532775878906
155565,normal,2012,0,1782360517.5801091,0.0020339488983154297
155566,normal,3261,1,1782360517.5821247,0.0020155906677246094
155567,normal,2248,0,1782360517.5841086,0.0019838809967041016
155568,normal,3467,0,1782360517.58611,0.002001523971557617
155569,normal,2336,0,1782360517.5881145,0.002004384994506836
155570,normal,579,0,1782360517.5900743,0.0019598007202148438
155571,normal,2157,0,1782360517.5921087,0.002034425735473633
155572,normal,2263,0,1782360517.594186,0.002077341079711914
155573,normal,2854,0,1782360517.5961006,0.0019145011901855469
155574,normal,1113,0,1782360517.5981143,0.002013683319091797
155575,normal,1361,1,1782360517.6001072,0.001992940902709961
155576,normal,2780,0,1782360517.602074,0.001966714859008789
155577,normal,2563,0,1782360517.6041079,0.0020339488983154297
155578,normal,933,2,1782360517.6061099,0.0020020008087158203
155579,normal,2597,0,1782360517.608074,0.001964092254638672
155580,normal,2951,0,1782360517.6101074,0.0020334720611572266
155581,normal,382,0,1782360517.6121078,0.0020003318786621094
155582,normal,3688,0,1782360517.6141155,0.002007722854614258
155583,normal,1834,0,1782360517.616107,0.0019915103912353516
155584,normal,156,0,1782360517.6181083,0.0020012855529785156
155585,normal,2419,0,1782360517.6200778,0.001969575881958008
155586,normal,2895,0,1782360517.6221144,0.002036571502685547
155587,normal,3659,0,1782360517.6241076,0.0019931793212890625
155588,normal,2452,0,1782360517.6261132,0.0020055770874023438
155589,normal,232,0,1782360517.62811,0.001996755599975586
155590,normal,1019,2,1782360517.6301167,0.0020067691802978516
155591,normal,3648,0,1782360517.6321127,0.0019960403442382812
155592,normal,1902,0,1782360517.6341188,0.002006053924560547
155593,normal,1851,0,1782360517.6361918,0.002073049545288086
155594,normal,2676,0,1782360517.6380994,0.0019075870513916016
155595,normal,3624,0,1782360517.6401112,0.0020117759704589844
155596,normal,2704,0,1782360517.6421149,0.0020036697387695312
155597,normal,1107,0,1782360517.6441147,0.0019998550415039062
155598,normal,136,0,1782360517.646109,0.0019943714141845703
155599,normal,114,0,1782360517.648107,0.0019979476928710938
155600,normal,16,0,1782360517.6500735,0.0019664764404296875
155601,normal,3532,0,1782360517.6521099,0.0020363330841064453
155602,normal,2393,0,1782360517.6541328,0.002022981643676758
155603,normal,2932,0,1782360517.6561317,0.0019989013671875
155604,normal,1218,0,1782360517.6581135,0.0019817352294921875
155605,normal,3332,1,1782360517.6601102,0.001996755599975586
155606,normal,702,0,1782360517.662124,0.002013683319091797
155607,normal,2330,0,1782360517.6640766,0.0019526481628417969
155608,normal,1783,0,1782360517.6661084,0.0020318031311035156
155609,normal,1726,0,1782360517.6680748,0.0019664764404296875
155610,normal,2975,0,1782360517.67012,0.002045154571533203
155611,normal,695,0,1782360517.6720755,0.0019555091857910156
155612,normal,1310,0,1782360517.6740766,0.002001047134399414
155613,normal,3398,1,1782360517.6761143,0.0020377635955810547
155614,normal,1183,0,1782360517.6780744,0.0019600391387939453
155615,normal,500,0,1782360517.6800747,0.0020003318786621094
155616,normal,3608,0,1782360517.6821191,0.0020444393157958984
155617,normal,1680,0,1782360517.6841624,0.0020432472229003906
155618,normal,1536,0,1782360517.6861002,0.0019378662109375
155619,normal,1997,0,1782360517.688111,0.002010822296142578
155620,normal,954,2,1782360517.6901243,0.0020132064819335938
155621,normal,1742,0,1782360517.6921191,0.0019948482513427734
155622,normal,1272,0,1782360517.69411,0.001990795135498047
155623,normal,2999,0,1782360517.6961095,0.0019996166229248047
155624,normal,303,0,1782360517.6980753,0.001965761184692383
155625,normal,2402,0,1782360517.7001157,0.002040386199951172
155626,normal,96,0,1782360517.7021098,0.0019941329956054688
155627,normal,1098,0,1782360517.7040775,0.0019676685333251953
155628,normal,86,0,1782360517.7063408,0.002263307571411133
155629,normal,618,0,1782360517.7080815,0.0017406940460205078
155630,normal,1324,1,1782360517.710078,0.0019965171813964844
155631,normal,583,0,1782360517.7121122,0.0020341873168945312
155632,normal,1502,0,1782360517.7141087,0.0019965171813964844
155633,normal,2166,0,1782360517.7160826,0.001973867416381836
155634,normal,1340,1,1782360517.7181108,0.002028226852416992
155635,normal,421,0,1782360517.7201188,0.0020079612731933594
155636,normal,3283,1,1782360517.722083,0.0019643306732177734
155637,normal,2251,0,1782360517.7241101,0.0020270347595214844
155638,normal,337,0,1782360517.7260785,0.0019683837890625
155639,normal,2314,0,1782360517.728079,0.002000570297241211
155640,normal,3069,1,1782360517.7301095,0.0020303726196289062
155641,normal,321,0,1782360517.7321227,0.0020132064819335938
155642,normal,2512,0,1782360517.734099,0.0019762516021728516
155643,normal,700,0,1782360517.7361083,0.0020093917846679688
155644,normal,3675,0,1782360517.7381108,0.0020024776458740234
155645,normal,1077,0,1782360517.7401454,0.0020346641540527344
155646,normal,2814,0,1782360517.7421107,0.0019652843475341797
155647,normal,2365,0,1782360517.744109,0.0019981861114501953
155648,normal,2891,0,1782360517.7460747,0.001965761184692383
155649,normal,2723,0,1782360517.7481277,0.0020530223846435547
155650,normal,738,0,1782360517.750109,0.0019812583923339844
155651,normal,1578,0,1782360517.7521174,0.0020084381103515625
155652,normal,1809,0,1782360517.7541099,0.001992464065551758
155653,normal,3318,1,1782360517.7561433,0.0020334720611572266
155654,normal,1017,2,1782360517.7581017,0.0019583702087402344
155655,normal,1534,0,1782360517.7601101,0.0020084381103515625
155656,normal,3277,1,1782360517.7621098,0.0019996166229248047
155657,normal,1637,0,1782360517.7640755,0.001965761184692383
155658,normal,710,0,1782360517.7661097,0.0020341873168945312
155659,normal,3326,1,1782360517.7681081,0.001998424530029297
155660,normal,3079,1,1782360517.7700758,0.0019676685333251953
155661,normal,2727,0,1782360517.7721093,0.0020334720611572266
155662,normal,2461,0,1782360517.774111,0.0020017623901367188
155663,normal,105,0,1782360517.7761168,0.0020058155059814453
155664,normal,537,0,1782360517.7781157,0.0019989013671875
155665,normal,1690,0,1782360517.7800767,0.0019609928131103516
155666,normal,1653,0,1782360517.7820857,0.0020089149475097656
155667,normal,3354,1,1782360517.7841105,0.0020248889923095703
155668,normal,411,0,1782360517.7861106,0.002000093460083008
155669,normal,1216,0,1782360517.7881145,0.002003908157348633
155670,normal,1592,0,1782360517.7901332,0.0020186901092529297
155671,normal,984,2,1782360517.79281,0.002676725387573242
155672,normal,2,0,1782360517.7940645,0.0012545585632324219
155673,normal,1112,0,1782360517.7961082,0.0020437240600585938
155674,normal,1243,0,1782360517.7980757,0.0019674301147460938
155675,normal,892,2,1782360517.800102,0.0020263195037841797
155676,normal,1935,0,1782360517.8021111,0.002009153366088867
155677,normal,471,0,1782360517.8041143,0.002003192901611328
155678,normal,587,0,1782360517.806075,0.00196075439453125
155679,normal,3593,0,1782360517.8081207,0.0020456314086914062
155680,normal,615,0,1782360517.8101115,0.001990795135498047
155681,normal,3162,1,1782360517.8120873,0.0019757747650146484
155682,normal,1600,0,1782360517.8141088,0.0020215511322021484
155683,normal,3141,1,1782360517.8161123,0.0020034313201904297
155684,normal,358,0,1782360517.8180854,0.0019731521606445312
155685,normal,2309,0,1782360517.8200939,0.0020084381103515625
155686,normal,986,2,1782360517.8220823,0.0019884109497070312
155687,normal,2303,0,1782360517.8240533,0.001971006393432617
155688,normal,3227,1,1782360517.8260756,0.002022266387939453
155689,normal,219,0,1782360517.828077,0.002001523971557617
155690,normal,3228,1,1782360517.8300507,0.0019736289978027344
155691,normal,678,0,1782360517.8322587,0.0022079944610595703
155692,normal,1237,0,1782360517.834188,0.0019292831420898438
155693,normal,2061,0,1782360517.836179,0.0019910335540771484
155694,normal,916,2,1782360517.8382547,0.002075672149658203
155695,normal,3150,1,1782360517.8401868,0.0019321441650390625
155696,normal,511,0,1782360517.8420784,0.0018916130065917969
155697,normal,3353,1,1782360517.8441472,0.002068758010864258
155698,normal,9,0,1782360517.8461435,0.001996278762817383
155699,normal,2054,0,1782360517.8480904,0.0019469261169433594
155700,normal,689,0,1782360517.8501165,0.002026081085205078
155701,normal,2959,0,1782360517.8521109,0.0019943714141845703
155702,normal,2774,0,1782360517.8540745,0.0019636154174804688
155703,normal,2188,0,1782360517.8561125,0.0020380020141601562
155704,normal,1823,0,1782360517.858112,0.0019996166229248047
155705,normal,3133,1,1782360517.8601103,0.0019981861114501953
155706,normal,213,0,1782360517.862108,0.001997709274291992
155707,normal,451,0,1782360517.8641093,0.0020012855529785156
155708,normal,2882,0,1782360517.866109,0.0019996166229248047
155709,normal,248,0,1782360517.868111,0.0020020008087158203
155710,normal,1485,0,1782360517.8701067,0.0019958019256591797
155711,normal,2413,0,1782360517.8721087,0.0020020008087158203
155712,normal,454,0,1782360517.8741076,0.0019989013671875
155713,normal,2196,0,1782360517.8761115,0.002003908157348633
155714,normal,2907,0,1782360517.878073,0.0019614696502685547
155715,normal,3114,1,1782360517.8801086,0.0020356178283691406
155716,normal,1106,0,1782360517.8821084,0.0019998550415039062
155717,normal,2358,0,1782360517.8841062,0.001997709274291992
155718,normal,886,2,1782360517.886106,0.0019998550415039062
155719,normal,2076,0,1782360517.888108,0.0020020008087158203
155720,normal,1182,0,1782360517.8900735,0.0019655227661132812
155721,normal,268,0,1782360517.8921077,0.0020341873168945312
155722,normal,2624,0,1782360517.894075,0.001967191696166992
155723,normal,816,2,1782360517.896083,0.002008199691772461
155724,normal,3061,1,1782360517.8981092,0.002026081085205078
155725,normal,246,0,1782360517.9001102,0.002001047134399414
155726,normal,777,2,1782360517.902075,0.0019648075103759766
155727,normal,2689,0,1782360517.904108,0.0020329952239990234
155728,normal,2527,0,1782360517.906107,0.0019989013671875
155729,normal,259,0,1782360517.9080749,0.001967906951904297
155730,normal,532,0,1782360517.9101071,0.0020322799682617188
155731,normal,748,0,1782360517.9121075,0.0020003318786621094
155732,normal,619,0,1782360517.9141088,0.0020012855529785156
155733,normal,2752,0,1782360517.9161098,0.002001047134399414
155734,normal,3347,1,1782360517.918106,0.001996278762817383
155735,normal,3245,1,1782360517.9201057,0.0019996166229248047
155736,normal,523,0,1782360517.9221072,0.002001523971557617
155737,normal,2830,0,1782360517.9241083,0.002001047134399414
155738,normal,1364,1,1782360517.92616,0.002051830291748047
155739,normal,475,0,1782360517.9281218,0.0019617080688476562
155740,normal,2931,0,1782360517.93011,0.0019881725311279297
155741,normal,1716,0,1782360517.932108,0.0019979476928710938
155742,normal,1601,0,1782360517.9341133,0.002005338668823242
155743,normal,2085,0,1782360517.9361093,0.0019960403442382812
155744,normal,2659,0,1782360517.9381094,0.002000093460083008
155745,normal,3665,0,1782360517.9401095,0.002000093460083008
155746,normal,440,0,1782360517.942109,0.0019996166229248047
155747,normal,2201,0,1782360517.9440734,0.0019643306732177734
155748,normal,2438,0,1782360517.9461071,0.002033710479736328
155749,normal,2267,0,1782360517.9481068,0.0019996166229248047
155750,normal,1347,1,1782360517.9500744,0.0019676685333251953
155751,normal,53,0,1782360517.9522705,0.002196073532104492
155752,normal,3192,1,1782360517.9541295,0.0018589496612548828
155753,normal,851,2,1782360517.9562151,0.0020856857299804688
155754,normal,1525,0,1782360517.9582515,0.0020363330841064453
155755,normal,1541,0,1782360517.9601753,0.0019237995147705078
155756,normal,2204,0,1782360517.9621053,0.0019299983978271484
155757,normal,1416,0,1782360517.9641452,0.0020399093627929688
155758,normal,2397,0,1782360517.9661605,0.002015352249145508
155759,normal,2446,0,1782360517.9680953,0.0019347667694091797
155760,normal,3211,1,1782360517.970116,0.002020597457885742
155761,normal,1322,1,1782360517.9721105,0.001994609832763672
155762,normal,977,2,1782360517.9740815,0.001971006393432617
155763,normal,3375,1,1782360517.9761255,0.0020439624786376953
155764,normal,2697,0,1782360517.9781623,0.0020368099212646484
155765,normal,2646,0,1782360517.9800777,0.0019154548645019531
155766,normal,3043,0,1782360517.9821098,0.002032041549682617
155767,normal,3386,1,1782360517.9841063,0.0019965171813964844
155768,normal,1142,0,1782360517.986112,0.0020058155059814453
155769,normal,3217,1,1782360517.9881084,0.001996278762817383
155770,normal,2826,0,1782360517.990107,0.0019986629486083984
155771,normal,3187,1,1782360517.992109,0.0020020008087158203
155772,normal,633,0,1782360517.994109,0.0019998550415039062
155773,normal,3300,1,1782360517.9961064,0.0019974708557128906
155774,normal,3580,0,1782360517.9981084,0.0020020008087158203
155775,normal,2772,0,1782360518.0001073,0.0019989013671875
155776,normal,2839,0,1782360518.0021086,0.0020012855529785156
155777,normal,3457,0,1782360518.004109,0.0020003318786621094
155778,normal,1956,0,1782360518.006111,0.0020020008087158203
155779,normal,1223,0,1782360518.0081074,0.0019965171813964844
155780,normal,1289,0,1782360518.0101137,0.0020062923431396484
155781,normal,3128,1,1782360518.0121143,0.002000570297241211
155782,normal,1411,0,1782360518.0141087,0.0019943714141845703
155783,normal,2104,0,1782360518.016072,0.001963376998901367
155784,normal,211,0,1782360518.0181077,0.0020356178283691406
155785,normal,3331,1,1782360518.020109,0.0020012855529785156
155786,normal,584,0,1782360518.0220742,0.0019652843475341797
155787,normal,2183,0,1782360518.024107,0.002032756805419922
155788,normal,468,0,1782360518.0260725,0.0019655227661132812
155789,normal,2651,0,1782360518.028109,0.002036571502685547
155790,normal,1166,0,1782360518.0301075,0.001998424530029297
155791,normal,3670,0,1782360518.0321088,0.0020012855529785156
155792,normal,2550,0,1782360518.0341105,0.0020017623901367188
155793,normal,1925,0,1782360518.0361078,0.001997232437133789
155794,normal,294,0,1782360518.0381072,0.001999378204345703
155795,normal,2170,0,1782360518.0401068,0.0019996166229248047
155796,normal,2079,0,1782360518.0421076,0.0020008087158203125
155797,normal,942,2,1782360518.0441072,0.0019996166229248047
155798,normal,820,2,1782360518.046108,0.0020008087158203125
155799,normal,740,0,1782360518.04808,0.0019719600677490234
155800,normal,215,0,1782360518.0500774,0.0019974708557128906
155801,normal,1031,0,1782360518.0520847,0.0020072460174560547
155802,normal,2593,0,1782360518.0540776,0.001992940902709961
155803,normal,3539,0,1782360518.0560772,0.0019996166229248047
155804,normal,1576,0,1782360518.058072,0.0019948482513427734
155805,normal,1786,0,1782360518.0600755,0.0020034313201904297
155806,normal,3215,1,1782360518.0621507,0.0020751953125
155807,normal,3417,0,1782360518.0640745,0.0019237995147705078
155808,normal,1428,0,1782360518.0661511,0.0020766258239746094
155809,normal,513,0,1782360518.0680513,0.0019001960754394531
155810,normal,1800,0,1782360518.0701177,0.002066373825073242
155811,normal,2501,0,1782360518.0721521,0.002034425735473633
155812,normal,2705,0,1782360518.074051,0.0018987655639648438
155813,normal,3110,1,1782360518.0761597,0.0021088123321533203
155814,normal,3460,0,1782360518.078049,0.0018892288208007812
155815,normal,3557,0,1782360518.0802083,0.0021593570709228516
155816,normal,2886,0,1782360518.0822291,0.0020208358764648438
155817,normal,3181,1,1782360518.0841076,0.001878499984741211
155818,normal,3085,1,1782360518.0861979,0.0020902156829833984
155819,normal,1753,0,1782360518.088234,0.0020360946655273438
155820,normal,535,0,1782360518.090108,0.0018739700317382812
155821,normal,3500,0,1782360518.0922694,0.0021615028381347656
155822,normal,1504,0,1782360518.0942218,0.0019524097442626953
155823,normal,353,0,1782360518.096102,0.0018801689147949219
155824,normal,1114,0,1782360518.098369,0.0022668838500976562
155825,normal,3705,0,1782360518.1001036,0.0017347335815429688
155826,normal,725,0,1782360518.1022544,0.0021507740020751953
155827,normal,1649,0,1782360518.104118,0.001863718032836914
155828,normal,1084,0,1782360518.106219,0.0021009445190429688
155829,normal,3065,1,1782360518.1081223,0.0019032955169677734
155830,normal,626,0,1782360518.1102993,0.002177000045776367
155831,normal,3265,1,1782360518.112102,0.001802682876586914
155832,normal,1752,0,1782360518.1142561,0.002154111862182617
155833,normal,3193,1,1782360518.1161234,0.0018672943115234375
155834,normal,2242,0,1782360518.1182187,0.0020952224731445312
155835,normal,2724,0,1782360518.1201036,0.0018849372863769531
155836,normal,2231,0,1782360518.1222823,0.002178668975830078
155837,normal,3271,1,1782360518.124224,0.001941680908203125
155838,normal,1589,0,1782360518.1261013,0.0018773078918457031
155839,normal,1327,1,1782360518.1282842,0.0021829605102539062
155840,normal,429,0,1782360518.1301086,0.0018243789672851562
155841,normal,2797,0,1782360518.1322587,0.0021500587463378906
155842,normal,712,0,1782360518.1341298,0.0018711090087890625
155843,normal,357,0,1782360518.136232,0.0021021366119384766
155844,normal,3691,0,1782360518.1381044,0.0018725395202636719
155845,normal,1721,0,1782360518.1402893,0.0021848678588867188
155846,normal,786,2,1782360518.1421134,0.0018241405487060547
155847,normal,2038,0,1782360518.1442575,0.0021440982818603516
155848,normal,2322,0,1782360518.1461356,0.0018780231475830078
155849,normal,124,0,1782360518.1482322,0.0020966529846191406
155850,normal,1057,0,1782360518.1501071,0.0018749237060546875
155851,normal,1444,0,1782360518.152293,0.002185821533203125
155852,normal,3663,0,1782360518.154101,0.0018079280853271484
155853,normal,976,2,1782360518.1562574,0.002156496047973633
155854,normal,460,0,1782360518.158139,0.0018815994262695312
155855,normal,657,0,1782360518.160222,0.0020830631256103516
155856,normal,184,0,1782360518.162103,0.0018808841705322266
155857,normal,159,0,1782360518.1642976,0.002194643020629883
155858,normal,377,0,1782360518.1661015,0.0018038749694824219
155859,normal,1987,0,1782360518.1681123,0.002010822296142578
155860,normal,2203,0,1782360518.170263,0.0021507740020751953
155861,normal,691,0,1782360518.1721091,0.0018460750579833984
155862,normal,3032,0,1782360518.1741033,0.0019941329956054688
155863,normal,3097,1,1782360518.176303,0.0021996498107910156
155864,normal,871,2,1782360518.1781018,0.001798868179321289
155865,normal,368,0,1782360518.1802554,0.002153635025024414
155866,normal,2171,0,1782360518.1821494,0.0018939971923828125
155867,normal,1941,0,1782360518.1843019,0.0021524429321289062
155868,normal,2812,0,1782360518.1861067,0.0018048286437988281
155869,normal,3136,1,1782360518.1883104,0.002203702926635742
155870,normal,7,0,1782360518.1901028,0.0017924308776855469
155871,normal,2310,0,1782360518.1921048,0.0020020008087158203
155872,normal,635,0,1782360518.1943078,0.0022029876708984375
155873,normal,2758,0,1782360518.1961026,0.0017948150634765625
155874,normal,2534,0,1782360518.1982613,0.002158641815185547
155875,normal,2134,0,1782360518.2001576,0.0018963813781738281
155876,normal,2363,0,1782360518.202226,0.0020682811737060547
155877,normal,867,2,1782360518.204103,0.0018770694732666016
155878,normal,250,0,1782360518.206309,0.002206087112426758
155879,normal,1245,0,1782360518.2081099,0.0018007755279541016
155880,normal,3366,1,1782360518.2102664,0.002156496047973633
155881,normal,1926,0,1782360518.2121627,0.0018963813781738281
155882,normal,3143,1,1782360518.214228,0.0020651817321777344
155883,normal,2014,0,1782360518.2161026,0.001874685287475586
155884,normal,708,0,1782360518.2183187,0.0022161006927490234
155885,normal,304,0,1782360518.2201047,0.0017859935760498047
155886,normal,152,0,1782360518.2222612,0.002156496047973633
155887,normal,2717,0,1782360518.2241678,0.0019066333770751953
155888,normal,1539,0,1782360518.2262473,0.002079486846923828
155889,normal,2919,0,1782360518.228105,0.001857757568359375
155890,normal,692,0,1782360518.230327,0.002221822738647461
155891,normal,2798,0,1782360518.232108,0.0017812252044677734
155892,normal,3113,1,1782360518.2342918,0.002183675765991211
155893,normal,1211,0,1782360518.236172,0.0018801689147949219
155894,normal,799,2,1782360518.2382195,0.0020475387573242188
155895,normal,3004,0,1782360518.240104,0.00188446044921875
155896,normal,227,0,1782360518.2423303,0.0022263526916503906
155897,normal,92,0,1782360518.2441025,0.001772165298461914
155898,normal,81,0,1782360518.2462626,0.0021600723266601562
155899,normal,3540,0,1782360518.248178,0.0019154548645019531
155900,normal,3617,0,1782360518.250225,0.0020470619201660156
155901,normal,2544,0,1782360518.2521012,0.0018761157989501953
155902,normal,1233,0,1782360518.2543352,0.0022339820861816406
155903,normal,1214,0,1782360518.2561033,0.0017681121826171875
155904,normal,1933,0,1782360518.2582583,0.0021550655364990234
155905,normal,550,0,1782360518.2601833,0.0019249916076660156
155906,normal,243,0,1782360518.262199,0.0020155906677246094
155907,normal,1746,0,1782360518.2641048,0.0019059181213378906
155908,normal,685,0,1782360518.2663403,0.00223541259765625
155909,normal,3046,1,1782360518.2681034,0.0017631053924560547
155910,normal,3224,1,1782360518.2702577,0.0021543502807617188
155911,normal,2690,0,1782360518.272189,0.0019311904907226562
155912,normal,1826,0,1782360518.2742271,0.002038240432739258
155913,normal,2277,0,1782360518.2761023,0.001875162124633789
155914,normal,719,0,1782360518.2783446,0.0022423267364501953
155915,normal,2245,0,1782360518.280107,0.00176239013671875
155916,normal,622,0,1782360518.2822554,0.0021483898162841797
155917,normal,969,2,1782360518.284193,0.0019376277923583984
155918,normal,967,2,1782360518.2862248,0.0020318031311035156
155919,normal,1563,0,1782360518.2881048,0.0018799304962158203
155920,normal,274,0,1782360518.29032,0.002215147018432617
155921,normal,1943,0,1782360518.2921073,0.001787424087524414
155922,normal,593,0,1782360518.2942557,0.0021483898162841797
155923,normal,2115,0,1782360518.296197,0.0019412040710449219
155924,normal,3031,0,1782360518.2981985,0.002001523971557617
155925,normal,2950,0,1782360518.3001034,0.0019049644470214844
155926,normal,1778,0,1782360518.302258,0.0021545886993408203
155927,normal,3409,0,1782360518.3042347,0.0019767284393310547
155928,normal,2023,0,1782360518.3061018,0.001867055892944336
155929,normal,2865,0,1782360518.3082578,0.0021560192108154297
155930,normal,266,0,1782360518.3102536,0.0019958019256591797
155931,normal,1266,0,1782360518.3121047,0.0018510818481445312
155932,normal,2286,0,1782360518.3142638,0.00215911865234375
155933,normal,214,0,1782360518.3162177,0.0019538402557373047
155934,normal,3698,0,1782360518.3181055,0.0018877983093261719
155935,normal,209,0,1782360518.3202665,0.0021610260009765625
155936,normal,3286,1,1782360518.3222215,0.0019550323486328125
155937,normal,238,0,1782360518.3241074,0.0018858909606933594
155938,normal,2756,0,1782360518.3262694,0.0021619796752929688
155939,normal,2259,0,1782360518.3281977,0.0019283294677734375
155940,normal,2000,0,1782360518.3301024,0.0019047260284423828
155941,normal,3444,0,1782360518.3322709,0.002168416976928711
155942,normal,133,0,1782360518.3342938,0.002022981643676758
155943,normal,371,0,1782360518.3361075,0.001813650131225586
155944,normal,1900,0,1782360518.3382592,0.0021517276763916016
155945,normal,3022,0,1782360518.3401,0.001840829849243164
155946,normal,203,0,1782360518.3422577,0.0021576881408691406
155947,normal,2021,0,1782360518.34412,0.0018622875213623047
155948,normal,3390,1,1782360518.3462217,0.0021016597747802734
155949,normal,3552,0,1782360518.3481026,0.0018808841705322266
155950,normal,308,0,1782360518.3501484,0.002045869827270508
155951,normal,1242,0,1782360518.3522954,0.0021469593048095703
155952,normal,175,0,1782360518.3541534,0.0018579959869384766
155953,normal,276,0,1782360518.356284,0.0021305084228515625
155954,normal,1417,0,1782360518.3582032,0.0019192695617675781
155955,normal,3071,1,1782360518.3601937,0.0019905567169189453
155956,normal,3288,1,1782360518.362279,0.0020852088928222656
155957,normal,425,0,1782360518.364204,0.0019249916076660156
155958,normal,3120,1,1782360518.3661292,0.0019252300262451172
155959,normal,1969,0,1782360518.3682811,0.002151966094970703
155960,normal,617,0,1782360518.3702526,0.0019714832305908203
155961,normal,982,2,1782360518.3722713,0.0020186901092529297
155962,normal,776,2,1782360518.3743625,0.0020911693572998047
155963,normal,2409,0,1782360518.376201,0.0018384456634521484
155964,normal,3167,1,1782360518.3782775,0.0020766258239746094
155965,normal,3434,0,1782360518.3802974,0.0020198822021484375
155966,normal,306,0,1782360518.3823411,0.0020437240600585938
155967,normal,1290,0,1782360518.3842113,0.0018701553344726562
155968,normal,3638,0,1782360518.3862872,0.0020759105682373047
155969,normal,1085,0,1782360518.388291,0.0020036697387695312
155970,normal,1807,0,1782360518.3904274,0.0021364688873291016
155971,normal,961,2,1782360518.3930826,0.0026552677154541016
155972,normal,2963,0,1782360518.3941104,0.001027822494506836
155973,normal,2165,0,1782360518.3961124,0.0020020008087158203
155974,normal,2817,0,1782360518.3982928,0.002180337905883789
155975,normal,2558,0,1782360518.4001043,0.0018115043640136719
155976,normal,2050,0,1782360518.402258,0.002153635025024414
155977,normal,737,0,1782360518.4041176,0.0018596649169921875
155978,normal,29,0,1782360518.4062576,0.002140045166015625
155979,normal,2284,0,1782360518.4081044,0.0018467903137207031
155980,normal,3295,1,1782360518.410301,0.0021965503692626953
155981,normal,1091,0,1782360518.4121008,0.0017998218536376953
155982,normal,1521,0,1782360518.4142518,0.002151012420654297
155983,normal,1921,0,1782360518.4161696,0.0019178390502929688
155984,normal,1755,0,1782360518.4182549,0.0020852088928222656
155985,normal,443,0,1782360518.4201012,0.0018463134765625
155986,normal,1156,0,1782360518.4223082,0.002207040786743164
155987,normal,317,0,1782360518.4241312,0.0018229484558105469
155988,normal,383,0,1782360518.4261022,0.001971006393432617
155989,normal,102,0,1782360518.428305,0.002202749252319336
155990,normal,2035,0,1782360518.4301116,0.0018067359924316406
155991,normal,706,0,1782360518.4322498,0.0021381378173828125
155992,normal,1910,0,1782360518.4341552,0.0019054412841796875
155993,normal,2699,0,1782360518.4362586,0.0021033287048339844
155994,normal,2154,0,1782360518.4381032,0.001844644546508789
155995,normal,190,0,1782360518.4403145,0.002211332321166992
155996,normal,1689,0,1782360518.4422214,0.0019068717956542969
155997,normal,1691,0,1782360518.4441044,0.0018830299377441406
155998,normal,3544,0,1782360518.4463127,0.002208232879638672
155999,normal,2576,0,1782360518.448201,0.001888275146484375
156000,normal,3476,0,1782360518.4501023,0.001901388168334961
156001,normal,2088,0,1782360518.4523149,0.0022125244140625
156002,normal,891,2,1782360518.4541845,0.0018696784973144531
156003,normal,4,0,1782360518.4561017,0.001917123794555664
156004,normal,3239,1,1782360518.4583178,0.0022161006927490234
156005,normal,612,0,1782360518.4602048,0.0018870830535888672
156006,normal,2156,0,1782360518.4621007,0.001895904541015625
156007,normal,3195,1,1782360518.4643188,0.002218008041381836
156008,normal,71,0,1782360518.4661822,0.0018634796142578125
156009,normal,2106,0,1782360518.468102,0.0019197463989257812
156010,normal,24,0,1782360518.470321,0.002218961715698242
156011,normal,2934,0,1782360518.4722176,0.0018966197967529297
156012,normal,1059,0,1782360518.4741035,0.0018858909606933594
156013,normal,3090,1,1782360518.4763243,0.0022208690643310547
156014,normal,2387,0,1782360518.478184,0.0018596649169921875
156015,normal,1580,0,1782360518.4801106,0.0019266605377197266
156016,normal,1927,0,1782360518.4822538,0.0021431446075439453
156017,normal,1120,0,1782360518.4841936,0.0019397735595703125
156018,normal,2376,0,1782360518.4861097,0.0019161701202392578
156019,normal,160,0,1782360518.4883285,0.0022187232971191406
156020,normal,1038,0,1782360518.4901874,0.0018589496612548828
156021,normal,2949,0,1782360518.4921036,0.0019161701202392578
156022,normal,2146,0,1782360518.494331,0.002227306365966797
156023,normal,354,0,1782360518.4961963,0.001865386962890625
156024,normal,3147,1,1782360518.498101,0.0019047260284423828
156025,normal,3232,1,1782360518.5003338,0.002232789993286133
156026,normal,721,0,1782360518.5022137,0.0018799304962158203
156027,normal,302,0,1782360518.5041103,0.0018966197967529297
156028,normal,804,2,1782360518.5063365,0.002226114273071289
156029,normal,2178,0,1782360518.5081866,0.001850128173828125
156030,normal,387,0,1782360518.5101256,0.0019390583038330078
156031,normal,3184,1,1782360518.5123389,0.0022132396697998047
156032,normal,1484,0,1782360518.5142052,0.0018663406372070312
156033,normal,978,2,1782360518.516101,0.0018956661224365234
156034,normal,3186,1,1782360518.5183444,0.002243518829345703
156035,normal,3631,0,1782360518.5201998,0.0018553733825683594
156036,normal,3123,1,1782360518.5221143,0.0019145011901855469
156037,normal,3646,0,1782360518.5243418,0.0022275447845458984
156038,normal,2268,0,1782360518.5261924,0.0018506050109863281
156039,normal,828,2,1782360518.5281003,0.0019078254699707031
156040,normal,1667,0,1782360518.5302896,0.0021893978118896484
156041,normal,386,0,1782360518.5322049,0.0019152164459228516
156042,normal,758,0,1782360518.534101,0.0018961429595947266
156043,normal,1087,0,1782360518.5362494,0.0021483898162841797
156044,normal,1391,0,1782360518.5382001,0.0019507408142089844
156045,normal,1684,0,1782360518.5400994,0.0018992424011230469
156046,normal,3633,0,1782360518.5422544,0.0021550655364990234
156047,normal,3561,0,1782360518.544183,0.001928567886352539
156048,normal,1037,0,1782360518.546101,0.0019180774688720703
156049,normal,992,2,1782360518.5482526,0.0021514892578125
156050,normal,2703,0,1782360518.5501993,0.0019466876983642578
156051,normal,134,0,1782360518.5521019,0.0019025802612304688
156052,normal,316,0,1782360518.5542583,0.002156496047973633
156053,normal,2559,0,1782360518.556183,0.001924753189086914
156054,normal,3000,0,1782360518.5581076,0.0019245147705078125
156055,normal,332,0,1782360518.5602586,0.002151012420654297
156056,normal,2009,0,1782360518.5621796,0.001920938491821289
156057,normal,1634,0,1782360518.564099,0.0019195079803466797
156058,normal,1323,1,1782360518.5662644,0.0021653175354003906
156059,normal,492,0,1782360518.568177,0.0019125938415527344
156060,normal,2253,0,1782360518.570103,0.0019259452819824219
156061,normal,2488,0,1782360518.572268,0.002165079116821289
156062,normal,1497,0,1782360518.5741751,0.0019071102142333984
156063,normal,3625,0,1782360518.5761485,0.001973390579223633
156064,normal,1060,0,1782360518.5782697,0.0021212100982666016
156065,normal,1320,1,1782360518.5801725,0.0019028186798095703
156066,normal,3002,0,1782360518.5821047,0.0019321441650390625
156067,normal,2096,0,1782360518.5842726,0.002167940139770508
156068,normal,2345,0,1782360518.586178,0.0019054412841796875
156069,normal,924,2,1782360518.5881007,0.001922607421875
156070,normal,589,0,1782360518.5902789,0.002178192138671875
156071,normal,2918,0,1782360518.5921729,0.0018939971923828125
156072,normal,1577,0,1782360518.5941014,0.001928567886352539
156073,normal,2988,0,1782360518.5962765,0.0021750926971435547
156074,normal,1694,0,1782360518.598189,0.0019125938415527344
156075,normal,3256,1,1782360518.6001,0.0019109249114990234
156076,normal,797,2,1782360518.6022792,0.0021791458129882812
156077,normal,1838,0,1782360518.604165,0.0018858909606933594
156078,normal,744,0,1782360518.6060996,0.0019345283508300781
156079,normal,385,0,1782360518.6082823,0.0021827220916748047
156080,normal,648,0,1782360518.6101637,0.0018813610076904297
156081,normal,400,0,1782360518.6120985,0.0019347667694091797
156082,normal,566,0,1782360518.6142871,0.0021886825561523438
156083,normal,3321,1,1782360518.6161718,0.0018846988677978516
156084,normal,667,0,1782360518.6181016,0.0019297599792480469
156085,normal,3497,0,1782360518.6202846,0.0021829605102539062
156086,normal,2730,0,1782360518.62227,0.0019855499267578125
156087,normal,1558,0,1782360518.6241033,0.001833200454711914
156088,normal,662,0,1782360518.6262894,0.0021860599517822266
156089,normal,35,0,1782360518.628169,0.0018796920776367188
156090,normal,1226,0,1782360518.6301012,0.0019321441650390625
156091,normal,1446,0,1782360518.6322913,0.002190113067626953
156092,normal,1002,2,1782360518.6341734,0.0018820762634277344
156093,normal,3545,0,1782360518.636131,0.0019576549530029297
156094,normal,283,0,1782360518.6382527,0.0021216869354248047
156095,normal,946,2,1782360518.6403496,0.002096891403198242
156096,normal,1777,0,1782360518.6420991,0.0017495155334472656
156097,normal,2039,0,1782360518.6442957,0.0021965503692626953
156098,normal,438,0,1782360518.646192,0.0018963813781738281
156099,normal,1217,0,1782360518.6481023,0.0019102096557617188
156100,normal,1141,0,1782360518.6502986,0.0021963119506835938
156101,normal,2568,0,1782360518.6521752,0.0018765926361083984
156102,normal,12,0,1782360518.6540992,0.0019240379333496094
156103,normal,572,0,1782360518.6563017,0.0022025108337402344
156104,normal,3360,1,1782360518.6581671,0.001865386962890625
156105,normal,204,0,1782360518.6600986,0.0019314289093017578
156106,normal,1115,0,1782360518.6623042,0.0022056102752685547
156107,normal,1638,0,1782360518.6641662,0.0018620491027832031
156108,normal,2604,0,1782360518.6661017,0.0019354820251464844
156109,normal,1870,0,1782360518.6683059,0.0022041797637939453
156110,normal,1054,0,1782360518.6701634,0.0018575191497802734
156111,normal,2962,0,1782360518.6720998,0.0019364356994628906
156112,normal,431,0,1782360518.6743097,0.002209901809692383
156113,normal,1812,0,1782360518.6761742,0.0018644332885742188
156114,normal,1240,0,1782360518.6781027,0.001928567886352539
156115,normal,1097,0,1782360518.6803107,0.0022079944610595703
156116,normal,1698,0,1782360518.6821578,0.0018470287322998047
156117,normal,3389,1,1782360518.6841002,0.0019423961639404297
156118,normal,1805,0,1782360518.6862748,0.0021746158599853516
156119,normal,2221,0,1782360518.688185,0.0019102096557617188
156120,normal,1825,0,1782360518.6901026,0.0019176006317138672
156121,normal,1316,0,1782360518.6923153,0.0022127628326416016
156122,normal,752,0,1782360518.6941967,0.0018813610076904297
156123,normal,573,0,1782360518.6971822,0.0029854774475097656
156124,normal,3535,0,1782360518.6981113,0.0009291172027587891
156125,normal,2131,0,1782360518.7002492,0.002137899398803711
156126,normal,1507,0,1782360518.7020977,0.001848459243774414
156127,normal,1108,0,1782360518.7043319,0.002234220504760742
156128,normal,2427,0,1782360518.7061138,0.0017819404602050781
156129,normal,1837,0,1782360518.7082508,0.0021369457244873047
156130,normal,1274,0,1782360518.7101727,0.0019218921661376953
156131,normal,212,0,1782360518.7122507,0.0020780563354492188
156132,normal,1776,0,1782360518.7141056,0.0018548965454101562
156133,normal,1092,0,1782360518.716326,0.0022203922271728516
156134,normal,1552,0,1782360518.7181015,0.001775503158569336
156135,normal,1959,0,1782360518.7202532,0.0021517276763916016
156136,normal,2062,0,1782360518.722176,0.0019228458404541016
156137,normal,1232,0,1782360518.7241,0.0019240379333496094
156138,normal,1517,0,1782360518.7261,0.0019998550415039062
156139,normal,2805,0,1782360518.7283335,0.0022335052490234375
156140,normal,1415,0,1782360518.7301013,0.001767873764038086
156141,normal,944,2,1782360518.7322514,0.0021500587463378906
156142,normal,1061,0,1782360518.734179,0.0019276142120361328
156143,normal,343,0,1782360518.7361147,0.001935720443725586
156144,normal,2159,0,1782360518.7382517,0.0021369457244873047
156145,normal,2230,0,1782360518.7401018,0.001850128173828125
156146,normal,956,2,1782360518.7422159,0.0021140575408935547
156147,normal,2444,0,1782360518.744102,0.001886129379272461
156148,normal,868,2,1782360518.7463408,0.002238750457763672
156149,normal,2883,0,1782360518.7481031,0.00176239013671875
156150,normal,2775,0,1782360518.75025,0.0021469593048095703
156151,normal,1328,1,1782360518.752189,0.0019388198852539062
156152,normal,845,2,1782360518.7541776,0.001988649368286133
156153,normal,384,0,1782360518.7561016,0.0019240379333496094
156154,normal,1318,0,1782360518.7583442,0.002242565155029297
156155,normal,2332,0,1782360518.7601025,0.0017583370208740234
156156,normal,3188,1,1782360518.7622633,0.002160787582397461
156157,normal,3501,0,1782360518.764194,0.0019307136535644531
156158,normal,1855,0,1782360518.7661796,0.0019855499267578125
156159,normal,3473,0,1782360518.7681036,0.0019240379333496094
156160,normal,1401,0,1782360518.7702534,0.002149820327758789
156161,normal,802,2,1782360518.7721791,0.0019257068634033203
156162,normal,224,0,1782360518.7741024,0.0019233226776123047
156163,normal,2530,0,1782360518.7762558,0.0021533966064453125
156164,normal,2216,0,1782360518.778101,0.0018451213836669922
156165,normal,113,0,1782360518.7802489,0.0021479129791259766
156166,normal,1015,2,1782360518.7821028,0.00185394287109375
156167,normal,62,0,1782360518.784172,0.002069234848022461
156168,normal,1275,0,1782360518.786103,0.0019309520721435547
156169,normal,2615,0,1782360518.7882612,0.0021581649780273438
156170,normal,191,0,1782360518.7901688,0.0019075870513916016
156171,normal,3475,0,1782360518.7921076,0.0019388198852539062
156172,normal,3579,0,1782360518.7942631,0.0021555423736572266
156173,normal,2225,0,1782360518.7961826,0.0019195079803466797
156174,normal,461,0,1782360518.7981029,0.0019202232360839844
156175,normal,2843,0,1782360518.8002656,0.0021626949310302734
156176,normal,1880,0,1782360518.8021023,0.0018367767333984375
156177,normal,3653,0,1782360518.8042514,0.0021491050720214844
156178,normal,1790,0,1782360518.8061142,0.0018627643585205078
156179,normal,999,2,1782360518.8081741,0.0020599365234375
156180,normal,163,0,1782360518.8101,0.0019259452819824219
156181,normal,351,0,1782360518.8122892,0.002189159393310547
156182,normal,1136,0,1782360518.8141677,0.001878499984741211
156183,normal,1222,0,1782360518.8161016,0.0019338130950927734
156184,normal,957,2,1782360518.818272,0.002170562744140625
156185,normal,65,0,1782360518.8201017,0.0018296241760253906
156186,normal,3578,0,1782360518.8222532,0.0021514892578125
156187,normal,1858,0,1782360518.8241212,0.0018680095672607422
156188,normal,3477,0,1782360518.8262823,0.0021610260009765625
156189,normal,2977,0,1782360518.8280926,0.001810312271118164
156190,normal,1931,0,1782360518.8303034,0.002210855484008789
156191,normal,580,0,1782360518.8321855,0.0018820762634277344
156192,normal,1650,0,1782360518.8341017,0.0019161701202392578
156193,normal,2557,0,1782360518.8362796,0.0021779537200927734
156194,normal,1869,0,1782360518.8381693,0.0018897056579589844
156195,normal,1178,0,1782360518.840101,0.0019316673278808594
156196,normal,991,2,1782360518.842254,0.0021529197692871094
156197,normal,369,0,1782360518.8441021,0.0018482208251953125
156198,normal,1550,0,1782360518.846248,0.0021457672119140625
156199,normal,2986,0,1782360518.8481002,0.001852273941040039
156200,normal,1706,0,1782360518.8501565,0.0020563602447509766
156201,normal,1529,0,1782360518.8521008,0.0019443035125732422
156202,normal,2716,0,1782360518.8542867,0.002185821533203125
156203,normal,2407,0,1782360518.85616,0.0018732547760009766
156204,normal,1961,0,1782360518.8581004,0.0019404888153076172
156205,normal,576,0,1782360518.860289,0.0021886825561523438
156206,normal,2377,0,1782360518.862174,0.0018849372863769531
156207,normal,188,0,1782360518.8641012,0.0019271373748779297
156208,normal,1285,0,1782360518.866299,0.002197742462158203
156209,normal,391,0,1782360518.8681018,0.0018029212951660156
156210,normal,3044,0,1782360518.870262,0.0021600723266601562
156211,normal,1946,0,1782360518.8721395,0.0018775463104248047
156212,normal,990,2,1782360518.8741524,0.002012968063354492
156213,normal,2396,0,1782360518.8761003,0.0019478797912597656
156214,normal,865,2,1782360518.878295,0.002194643020629883
156215,normal,1688,0,1782360518.880099,0.0018041133880615234
156216,normal,338,0,1782360518.882251,0.002151966094970703
156217,normal,3,0,1782360518.8841443,0.0018932819366455078
156218,normal,2984,0,1782360518.8861518,0.0020074844360351562
156219,normal,517,0,1782360518.8881004,0.0019485950469970703
156220,normal,1152,0,1782360518.8903012,0.0022008419036865234
156221,normal,307,0,1782360518.8921535,0.001852273941040039
156222,normal,3470,0,1782360518.8941004,0.0019469261169433594
156223,normal,2042,0,1782360518.8963037,0.002203226089477539
156224,normal,1820,0,1782360518.8981016,0.0017979145050048828
156225,normal,960,2,1782360518.9002514,0.002149820327758789
156226,normal,3025,0,1782360518.9021537,0.0019023418426513672
156227,normal,3708,0,1782360518.9041007,0.0019469261169433594
156228,normal,2116,0,1782360518.9062548,0.002154111862182617
156229,normal,3391,1,1782360518.9081547,0.0018999576568603516
156230,normal,3218,1,1782360518.9101996,0.0020449161529541016
156231,normal,1975,0,1782360518.9121048,0.001905202865600586
156232,normal,367,0,1782360518.9143105,0.0022056102752685547
156233,normal,872,2,1782360518.9161541,0.0018436908721923828
156234,normal,2556,0,1782360518.9181008,0.0019466876983642578
156235,normal,2498,0,1782360518.920313,0.002212047576904297
156236,normal,1659,0,1782360518.9221535,0.0018405914306640625
156237,normal,1714,0,1782360518.9241014,0.0019478797912597656
156238,normal,3003,0,1782360518.9263153,0.0022139549255371094
156239,normal,602,0,1782360518.9281504,0.0018351078033447266
156240,normal,1757,0,1782360518.9301033,0.0019528865814208984
156241,normal,2091,0,1782360518.9323118,0.0022084712982177734
156242,normal,2217,0,1782360518.9341028,0.0017910003662109375
156243,normal,1967,0,1782360518.9362507,0.0021479129791259766
156244,normal,2422,0,1782360518.938124,0.0018732547760009766
156245,normal,2978,0,1782360518.9401474,0.002023458480834961
156246,normal,2098,0,1782360518.9421008,0.0019533634185791016
156247,normal,2693,0,1782360518.9443233,0.0022225379943847656
156248,normal,2588,0,1782360518.9461503,0.0018270015716552734
156249,normal,1466,0,1782360518.9481072,0.001956939697265625
156250,normal,779,2,1782360518.950326,0.0022187232971191406
156251,normal,2304,0,1782360518.9521022,0.0017762184143066406
156252,normal,3319,1,1782360518.9542527,0.0021505355834960938
156253,normal,1298,0,1782360518.956176,0.0019233226776123047
156254,normal,2695,0,1782360518.958143,0.0019669532775878906
156255,normal,2974,0,1782360518.9601016,0.001958608627319336
156256,normal,55,0,1782360518.9623332,0.002231597900390625
156257,normal,481,0,1782360518.9641016,0.001768350601196289
156258,normal,1914,0,1782360518.9662542,0.002152681350708008
156259,normal,759,0,1782360518.9681792,0.0019249916076660156
156260,normal,15,0,1782360518.97014,0.00196075439453125
156261,normal,288,0,1782360518.972102,0.001961946487426758
156262,normal,2761,0,1782360518.9743369,0.002234935760498047
156263,normal,2506,0,1782360518.9761002,0.0017633438110351562
156264,normal,1047,0,1782360518.978253,0.002152681350708008
156265,normal,2532,0,1782360518.9801822,0.0019292831420898438
156266,normal,3175,1,1782360518.9821181,0.0019359588623046875
156267,normal,2192,0,1782360518.9840808,0.0019626617431640625
156268,normal,225,0,1782360518.986115,0.0020341873168945312
156269,normal,3158,1,1782360518.9880862,0.0019712448120117188
156270,normal,3425,0,1782360518.9902022,0.002115964889526367
156271,normal,237,0,1782360518.9920783,0.0018761157989501953
156272,normal,1494,0,1782360518.994082,0.0020036697387695312
156273,normal,2028,0,1782360518.9960794,0.0019974708557128906
156274,normal,2162,0,1782360518.9981055,0.002026081085205078
156275,normal,171,0,1782360519.0000644,0.0019588470458984375
156276,normal,2606,0,1782360519.002093,0.0020287036895751953
156277,normal,720,0,1782360519.0040631,0.001970052719116211
156278,normal,3129,1,1782360519.0060973,0.0020341873168945312
156279,normal,3498,0,1782360519.008097,0.0019996166229248047
156280,normal,2786,0,1782360519.0100636,0.001966714859008789
156281,normal,1334,1,1782360519.012093,0.0020294189453125
156282,normal,26,0,1782360519.0141025,0.0020093917846679688
156283,normal,2252,0,1782360519.0160685,0.0019659996032714844
156284,normal,2374,0,1782360519.0180943,0.0020258426666259766
156285,normal,1168,0,1782360519.0200953,0.002001047134399414
156286,normal,366,0,1782360519.0220623,0.0019669532775878906
156287,normal,1204,0,1782360519.024121,0.002058744430541992
156288,normal,2406,0,1782360519.0261028,0.0019817352294921875
156289,normal,2220,0,1782360519.028064,0.001961231231689453
156290,normal,1064,0,1782360519.0300944,0.0020303726196289062
156291,normal,2175,0,1782360519.0320957,0.0020012855529785156
156292,normal,2399,0,1782360519.0340636,0.001967906951904297
156293,normal,2669,0,1782360519.0361073,0.0020437240600585938
156294,normal,1419,0,1782360519.0380943,0.001986980438232422
156295,normal,690,0,1782360519.040067,0.001972675323486328
156296,normal,643,0,1782360519.0420935,0.0020265579223632812
156297,normal,527,0,1782360519.0440927,0.0019991397857666016
156298,normal,145,0,1782360519.0460644,0.001971721649169922
156299,normal,947,2,1782360519.0480936,0.0020291805267333984
156300,normal,1412,0,1782360519.0500932,0.0019996166229248047
156301,normal,2547,0,1782360519.0520616,0.0019683837890625
156302,normal,750,0,1782360519.054094,0.0020325183868408203
156303,normal,3435,0,1782360519.0560958,0.0020017623901367188
156304,normal,1030,0,1782360519.0580657,0.0019698143005371094
156305,normal,1177,0,1782360519.0600948,0.0020291805267333984
156306,normal,2136,0,1782360519.062096,0.0020012855529785156
156307,normal,539,0,1782360519.0640814,0.001985311508178711
156308,normal,592,0,1782360519.066102,0.002020597457885742
156309,normal,3458,0,1782360519.068094,0.0019919872283935547
156310,normal,509,0,1782360519.0700617,0.0019676685333251953
156311,normal,3423,0,1782360519.0720909,0.0020291805267333984
156312,normal,2103,0,1782360519.0740952,0.002004384994506836
156313,normal,2972,0,1782360519.0761106,0.002015352249145508
156314,normal,2378,0,1782360519.078099,0.0019884109497070312
156315,normal,904,2,1782360519.0800936,0.001994609832763672
156316,normal,1674,0,1782360519.082065,0.0019714832305908203
156317,normal,2905,0,1782360519.0841205,0.0020554065704345703
156318,normal,2046,0,1782360519.0860686,0.0019481182098388672
156319,normal,2426,0,1782360519.0880637,0.001995086669921875
156320,normal,359,0,1782360519.0900989,0.0020351409912109375
156321,normal,3644,0,1782360519.0920937,0.0019948482513427734
156322,normal,2280,0,1782360519.0940628,0.0019690990447998047
156323,normal,571,0,1782360519.0960934,0.002030611038208008
156324,normal,3431,0,1782360519.0980983,0.002004861831665039
156325,normal,2484,0,1782360519.1000624,0.001964092254638672
156326,normal,1221,0,1782360519.1020932,0.0020308494567871094
156327,normal,3503,0,1782360519.1040998,0.00200653076171875
156328,normal,1827,0,1782360519.1061687,0.0020689964294433594
156329,normal,72,0,1782360519.1080754,0.0019066333770751953
156330,normal,2663,0,1782360519.1100934,0.002017974853515625
156331,normal,2653,0,1782360519.1120634,0.001970052719116211
156332,normal,3384,1,1782360519.1140947,0.0020313262939453125
156333,normal,247,0,1782360519.1160939,0.0019991397857666016
156334,normal,2262,0,1782360519.1180754,0.001981496810913086
156335,normal,2831,0,1782360519.1200957,0.0020203590393066406
156336,normal,2655,0,1782360519.1220973,0.002001523971557617
156337,normal,1207,0,1782360519.1240692,0.0019719600677490234
156338,normal,2348,0,1782360519.1260967,0.0020275115966796875
156339,normal,2587,0,1782360519.1280932,0.0019965171813964844
156340,normal,3368,1,1782360519.130063,0.0019698143005371094
156341,normal,3009,0,1782360519.1320977,0.0020346641540527344
156342,normal,3209,1,1782360519.134096,0.0019981861114501953
156343,normal,3429,0,1782360519.1360629,0.0019669532775878906
156344,normal,2789,0,1782360519.1380954,0.0020325183868408203
156345,normal,179,0,1782360519.1400952,0.0019998550415039062
156346,normal,1662,0,1782360519.142066,0.0019707679748535156
156347,normal,3490,0,1782360519.1441107,0.002044677734375
156348,normal,2796,0,1782360519.146094,0.0019834041595458984
156349,normal,2686,0,1782360519.1480637,0.001969575881958008
156350,normal,3157,1,1782360519.150095,0.0020313262939453125
156351,normal,2698,0,1782360519.152095,0.002000093460083008
156352,normal,1936,0,1782360519.1540651,0.001970052719116211
156353,normal,3356,1,1782360519.1560936,0.0020284652709960938
156354,normal,2876,0,1782360519.1580963,0.002002716064453125
156355,normal,172,0,1782360519.1600628,0.0019664764404296875
156356,normal,2767,0,1782360519.1620958,0.0020329952239990234
156357,normal,1704,0,1782360519.164092,0.001996278762817383
156358,normal,3523,0,1782360519.166063,0.001971006393432617
156359,normal,28,0,1782360519.168094,0.0020308494567871094
156360,normal,3174,1,1782360519.170107,0.002012968063354492
156361,normal,285,0,1782360519.1720665,0.001959562301635742
156362,normal,2521,0,1782360519.174096,0.0020296573638916016
156363,normal,396,0,1782360519.1760962,0.002000093460083008
156364,normal,3206,1,1782360519.178064,0.001967906951904297
156365,normal,559,0,1782360519.1800942,0.0020301342010498047
156366,normal,1454,0,1782360519.1820998,0.0020055770874023438
156367,normal,1719,0,1782360519.1840625,0.0019626617431640625
156368,normal,2768,0,1782360519.1861048,0.0020422935485839844
156369,normal,2998,0,1782360519.1880944,0.001989603042602539
156370,normal,728,0,1782360519.1900628,0.0019683837890625
156371,normal,3041,0,1782360519.192093,0.0020301342010498047
156372,normal,2335,0,1782360519.1940932,0.0020003318786621094
156373,normal,1430,0,1782360519.1960683,0.0019750595092773438
156374,normal,3050,1,1782360519.1980927,0.002024412155151367
156375,normal,1989,0,1782360519.2000957,0.0020029544830322266
156376,normal,3293,1,1782360519.202062,0.001966238021850586
156377,normal,1522,0,1782360519.2040944,0.0020325183868408203
156378,normal,2803,0,1782360519.2060928,0.001998424530029297
156379,normal,2562,0,1782360519.2080631,0.0019702911376953125
156380,normal,1230,0,1782360519.2100914,0.002028226852416992
156381,normal,1263,0,1782360519.2120914,0.002000093460083008
156382,normal,609,0,1782360519.214061,0.001969575881958008
156383,normal,529,0,1782360519.216094,0.0020329952239990234
156384,normal,2214,0,1782360519.2180946,0.002000570297241211
156385,normal,1303,0,1782360519.220066,0.0019714832305908203
156386,normal,575,0,1782360519.2220995,0.0020334720611572266
156387,normal,2631,0,1782360519.224152,0.0020525455474853516
156388,normal,1044,0,1782360519.2260604,0.0019083023071289062
156389,normal,2108,0,1782360519.2280965,0.0020360946655273438
156390,normal,879,2,1782360519.2300928,0.001996278762817383
156391,normal,2614,0,1782360519.2320619,0.0019690990447998047
156392,normal,1071,0,1782360519.2340913,0.0020294189453125
156393,normal,2333,0,1782360519.2360954,0.0020041465759277344
156394,normal,1546,0,1782360519.2380633,0.001967906951904297
156395,normal,1269,0,1782360519.2400913,0.0020279884338378906
156396,normal,2067,0,1782360519.2420938,0.0020024776458740234
156397,normal,458,0,1782360519.2440653,0.0019714832305908203
156398,normal,2197,0,1782360519.2461011,0.002035856246948242
156399,normal,403,0,1782360519.2480955,0.0019943714141845703
156400,normal,138,0,1782360519.2500641,0.0019686222076416016
156401,normal,344,0,1782360519.2521007,0.002036571502685547
156402,normal,375,0,1782360519.2540948,0.0019941329956054688
156403,normal,953,2,1782360519.2560627,0.001967906951904297
156404,normal,1431,0,1782360519.2580962,0.0020334720611572266
156405,normal,823,2,1782360519.2601025,0.0020062923431396484
156406,normal,3320,1,1782360519.2620647,0.0019621849060058594
156407,normal,2344,0,1782360519.2640953,0.002030611038208008
156408,normal,2735,0,1782360519.2660933,0.0019979476928710938
156409,normal,638,0,1782360519.2680628,0.001969575881958008
156410,normal,2424,0,1782360519.2700944,0.002031564712524414
156411,normal,2451,0,1782360519.2720926,0.0019981861114501953
156412,normal,1227,0,1782360519.2740636,0.001971006393432617
156413,normal,3189,1,1782360519.2760925,0.002028942108154297
156414,normal,3588,0,1782360519.278095,0.0020024776458740234
156415,normal,2682,0,1782360519.2800636,0.0019686222076416016
156416,normal,1972,0,1782360519.2820935,0.002029895782470703
156417,normal,897,2,1782360519.2840974,0.002003908157348633
156418,normal,2678,0,1782360519.2860622,0.0019648075103759766
156419,normal,2490,0,1782360519.2880955,0.002033233642578125
156420,normal,2416,0,1782360519.2900925,0.0019969940185546875
156421,normal,1080,0,1782360519.2920637,0.0019712448120117188
156422,normal,394,0,1782360519.2940965,0.002032756805419922
156423,normal,736,0,1782360519.296094,0.0019974708557128906
156424,normal,3145,1,1782360519.2980645,0.001970529556274414
156425,normal,1192,0,1782360519.300314,0.002249479293823242
156426,normal,2732,0,1782360519.3021557,0.0018417835235595703
156427,normal,2687,0,1782360519.3043067,0.002151012420654297
156428,normal,2565,0,1782360519.3061564,0.0018496513366699219
156429,normal,1336,1,1782360519.3082707,0.0021142959594726562
156430,normal,3487,0,1782360519.3101873,0.001916646957397461
156431,normal,3427,0,1782360519.3122213,0.0020339488983154297
156432,normal,3642,0,1782360519.3141398,0.0019185543060302734
156433,normal,2257,0,1782360519.3161576,0.0020177364349365234
156434,normal,1831,0,1782360519.3181002,0.0019426345825195312
156435,normal,3603,0,1782360519.3200955,0.0019953250885009766
156436,normal,1489,0,1782360519.3220682,0.001972675323486328
156437,normal,2081,0,1782360519.3240945,0.0020263195037841797
156438,normal,2667,0,1782360519.3261232,0.0020287036895751953
156439,normal,2552,0,1782360519.328064,0.0019407272338867188
156440,normal,465,0,1782360519.3300943,0.0020303726196289062
156441,normal,2469,0,1782360519.3320649,0.001970529556274414
156442,normal,2019,0,1782360519.3340647,0.0019998550415039062
156443,normal,2634,0,1782360519.3360937,0.002028942108154297
156444,normal,1816,0,1782360519.3381019,0.002008199691772461
156445,normal,2771,0,1782360519.3400633,0.0019614696502685547
156446,normal,3371,1,1782360519.3420944,0.002031087875366211
156447,normal,1845,0,1782360519.3440945,0.002000093460083008
156448,normal,949,2,1782360519.3460622,0.0019676685333251953
156449,normal,1248,0,1782360519.3480933,0.002031087875366211
156450,normal,2737,0,1782360519.3501506,0.002057313919067383
156451,normal,3685,0,1782360519.3520672,0.001916646957397461
156452,normal,258,0,1782360519.3540595,0.0019922256469726562
156453,normal,1924,0,1782360519.3562825,0.0022230148315429688
156454,normal,331,0,1782360519.358383,0.0021004676818847656
156455,normal,1296,0,1782360519.3602972,0.0019142627716064453
156456,normal,2117,0,1782360519.3622296,0.001932382583618164
156457,normal,2499,0,1782360519.3645506,0.002321004867553711
156458,normal,1516,0,1782360519.3661838,0.0016331672668457031
156459,normal,2463,0,1782360519.3684072,0.002223491668701172
156460,normal,2738,0,1782360519.3702884,0.0018811225891113281
156461,normal,1089,0,1782360519.372301,0.0020127296447753906
156462,normal,932,2,1782360519.374286,0.001984834671020508
156463,normal,3556,0,1782360519.3764236,0.0021376609802246094
156464,normal,2255,0,1782360519.3781655,0.0017418861389160156
156465,normal,520,0,1782360519.3804774,0.0023119449615478516
156466,normal,1876,0,1782360519.3821642,0.0016868114471435547
156467,normal,1978,0,1782360519.3843129,0.0021486282348632812
156468,normal,2194,0,1782360519.3862686,0.001955747604370117
156469,normal,2044,0,1782360519.3882625,0.001993894577026367
156470,normal,413,0,1782360519.390302,0.0020394325256347656
156471,normal,3651,0,1782360519.3922572,0.001955270767211914
156472,normal,2305,0,1782360519.3943899,0.0021326541900634766
156473,normal,2036,0,1782360519.3961265,0.0017366409301757812
156474,normal,1195,0,1782360519.3982801,0.002153635025024414
156475,normal,1544,0,1782360519.400255,0.001974821090698242
156476,normal,1630,0,1782360519.4021504,0.0018954277038574219
156477,normal,2495,0,1782360519.40428,0.0021295547485351562
156478,normal,703,0,1782360519.4062574,0.0019774436950683594
156479,normal,2293,0,1782360519.408143,0.0018856525421142578
156480,normal,3098,1,1782360519.410282,0.002138853073120117
156481,normal,3327,1,1782360519.4122567,0.001974821090698242
156482,normal,1631,0,1782360519.414149,0.0018923282623291016
156483,normal,3581,0,1782360519.4162912,0.002142190933227539
156484,normal,1197,0,1782360519.4182606,0.0019693374633789062
156485,normal,1588,0,1782360519.4201446,0.0018839836120605469
156486,normal,2226,0,1782360519.4222825,0.002137899398803711
156487,normal,1382,0,1782360519.424268,0.0019855499267578125
156488,normal,1828,0,1782360519.4263136,0.0020456314086914062
156489,normal,2836,0,1782360519.4281201,0.001806497573852539
156490,normal,1538,0,1782360519.4303024,0.0021822452545166016
156491,normal,528,0,1782360519.4322803,0.0019779205322265625
156492,normal,2602,0,1782360519.434124,0.0018436908721923828
156493,normal,3575,0,1782360519.4363146,0.0021905899047851562
156494,normal,2784,0,1782360519.4381423,0.0018277168273925781
156495,normal,118,0,1782360519.440276,0.002133607864379883
156496,normal,1953,0,1782360519.4422708,0.0019948482513427734
156497,normal,2766,0,1782360519.444144,0.0018732547760009766
156498,normal,996,2,1782360519.4462788,0.0021347999572753906
156499,normal,2283,0,1782360519.448257,0.001978158950805664
156500,normal,176,0,1782360519.4501433,0.0018863677978515625
156501,normal,1769,0,1782360519.4522831,0.0021398067474365234
156502,normal,935,2,1782360519.4542797,0.0019965171813964844
156503,normal,1294,0,1782360519.4561515,0.0018718242645263672
156504,normal,455,0,1782360519.4582758,0.002124309539794922
156505,normal,32,0,1782360519.4602816,0.0020058155059814453
156506,normal,2510,0,1782360519.4621422,0.0018606185913085938
156507,normal,3284,1,1782360519.4642732,0.0021309852600097656
156508,normal,3084,1,1782360519.466279,0.0020058155059814453
156509,normal,757,0,1782360519.468175,0.001895904541015625
156510,normal,2487,0,1782360519.470288,0.0021131038665771484
156511,normal,2630,0,1782360519.472193,0.0019049644470214844
156512,normal,2776,0,1782360519.4741783,0.001985311508178711
156513,normal,2168,0,1782360519.4761395,0.001961231231689453
156514,normal,3601,0,1782360519.4783506,0.0022110939025878906
156515,normal,2127,0,1782360519.480111,0.001760244369506836
156516,normal,1339,1,1782360519.4822876,0.0021767616271972656
156517,normal,50,0,1782360519.4841974,0.0019097328186035156
156518,normal,3010,0,1782360519.4861834,0.0019860267639160156
156519,normal,2572,0,1782360519.4881368,0.0019533634185791016
156520,normal,447,0,1782360519.4903529,0.0022161006927490234
156521,normal,3437,0,1782360519.4921026,0.0017497539520263672
156522,normal,1100,0,1782360519.4942958,0.0021932125091552734
156523,normal,2443,0,1782360519.4962015,0.001905679702758789
156524,normal,3656,0,1782360519.4981878,0.001986265182495117
156525,normal,846,2,1782360519.5001462,0.0019583702087402344
156526,normal,166,0,1782360519.5023594,0.0022132396697998047
156527,normal,2207,0,1782360519.5041115,0.0017521381378173828
156528,normal,2300,0,1782360519.5063045,0.002192974090576172
156529,normal,3446,0,1782360519.5082078,0.0019032955169677734
156530,normal,613,0,1782360519.5101807,0.0019729137420654297
156531,normal,200,0,1782360519.5121374,0.0019567012786865234
156532,normal,1873,0,1782360519.514364,0.002226591110229492
156533,normal,2529,0,1782360519.5161076,0.0017435550689697266
156534,normal,1236,0,1782360519.5182903,0.0021827220916748047
156535,normal,3621,0,1782360519.5202124,0.0019221305847167969
156536,normal,2274,0,1782360519.5221832,0.0019707679748535156
156537,normal,1396,0,1782360519.524139,0.001955747604370117
156538,normal,442,0,1782360519.5263712,0.0022323131561279297
156539,normal,2603,0,1782360519.528113,0.001741647720336914
156540,normal,2070,0,1782360519.5302992,0.002186298370361328
156541,normal,927,2,1782360519.5322173,0.0019180774688720703
156542,normal,1856,0,1782360519.5341918,0.0019745826721191406
156543,normal,568,0,1782360519.53614,0.0019481182098388672
156544,normal,3208,1,1782360519.5382895,0.0021495819091796875
156545,normal,2855,0,1782360519.5401144,0.0018248558044433594
156546,normal,256,0,1782360519.5422812,0.002166748046875
156547,normal,899,2,1782360519.5442233,0.0019421577453613281
156548,normal,1915,0,1782360519.5461917,0.0019683837890625
156549,normal,852,2,1782360519.5481398,0.0019481182098388672
156550,normal,3538,0,1782360519.5503798,0.0022399425506591797
156551,normal,483,0,1782360519.5521126,0.0017328262329101562
156552,normal,230,0,1782360519.5542874,0.002174854278564453
156553,normal,2121,0,1782360519.5562277,0.0019402503967285156
156554,normal,3472,0,1782360519.5581114,0.0018837451934814453
156555,normal,1013,2,1782360519.5602884,0.002177000045776367
156556,normal,2574,0,1782360519.5622313,0.0019428730010986328
156557,normal,3095,1,1782360519.5641901,0.0019588470458984375
156558,normal,775,2,1782360519.5661404,0.0019502639770507812
156559,normal,1418,0,1782360519.5683868,0.002246379852294922
156560,normal,958,2,1782360519.5701153,0.0017285346984863281
156561,normal,2375,0,1782360519.5736835,0.0035681724548339844
156562,normal,1375,1,1782360519.5741498,0.00046634674072265625
156563,normal,140,0,1782360519.5760503,0.0019004344940185547
156564,normal,2542,0,1782360519.5782883,0.002238035202026367
156565,normal,2064,0,1782360519.580139,0.0018506050109863281
156566,normal,2609,0,1782360519.582178,0.002039194107055664
156567,normal,287,0,1782360519.5841384,0.001960277557373047
156568,normal,2957,0,1782360519.586296,0.0021576881408691406
156569,normal,2414,0,1782360519.588177,0.0018808841705322266
156570,normal,1350,1,1782360519.5901382,0.001961231231689453
156571,normal,1383,0,1782360519.5924008,0.002262592315673828
156572,normal,2541,0,1782360519.595047,0.002646207809448242
156573,normal,2635,0,1782360519.5962613,0.0012142658233642578
156574,normal,1277,0,1782360519.5983431,0.0020818710327148438
156575,normal,2595,0,1782360519.6001291,0.0017859935760498047
156576,normal,2664,0,1782360519.602286,0.002156972885131836
156577,normal,2005,0,1782360519.6042416,0.0019555091857910156
156578,normal,2313,0,1782360519.6061275,0.0018858909606933594
156579,normal,2545,0,1782360519.6082792,0.0021517276763916016
156580,normal,3668,0,1782360519.6102803,0.002001047134399414
156581,normal,104,0,1782360519.6121314,0.0018510818481445312
156582,normal,2807,0,1782360519.6142783,0.0021469593048095703
156583,normal,2233,0,1782360519.6162436,0.0019652843475341797
156584,normal,2155,0,1782360519.6181228,0.0018792152404785156
156585,normal,326,0,1782360519.6202893,0.0021665096282958984
156586,normal,2881,0,1782360519.6222498,0.0019605159759521484
156587,normal,1598,0,1782360519.6241233,0.0018734931945800781
156588,normal,2860,0,1782360519.6262803,0.002156972885131836
156589,normal,1365,1,1782360519.6282537,0.001973390579223633
156590,normal,1890,0,1782360519.6301181,0.0018644332885742188
156591,normal,2648,0,1782360519.6322918,0.0021736621856689453
156592,normal,395,0,1782360519.6342497,0.0019578933715820312
156593,normal,3550,0,1782360519.6361282,0.001878499984741211
156594,normal,1519,0,1782360519.6382508,0.002122640609741211
156595,normal,3658,0,1782360519.64024,0.001989126205444336
156596,normal,2982,0,1782360519.642103,0.0018630027770996094
156597,normal,0,0,1782360519.6442711,0.0021681785583496094
156598,normal,835,2,1782360519.646299,0.002027750015258789
156599,normal,434,0,1782360519.6483016,0.002002716064453125
156600,normal,1451,0,1782360519.6502883,0.0019867420196533203
156601,normal,2585,0,1782360519.6524775,0.002189159393310547
156602,normal,2759,0,1782360519.6542652,0.0017876625061035156
156603,normal,2937,0,1782360519.6562693,0.0020041465759277344
156604,normal,3045,1,1782360519.6583066,0.0020372867584228516
156605,normal,3121,1,1782360519.6603096,0.0020029544830322266
156606,normal,52,0,1782360519.662283,0.001973390579223633
156607,normal,3383,1,1782360519.6644738,0.002190828323364258
156608,normal,2644,0,1782360519.666259,0.0017852783203125
156609,normal,2129,0,1782360519.6682858,0.002026796340942383
156610,normal,3042,0,1782360519.6704223,0.0021364688873291016
156611,normal,453,0,1782360519.6721554,0.0017330646514892578
156612,normal,3704,0,1782360519.674421,0.0022656917572021484
156613,normal,2992,0,1782360519.676315,0.0018939971923828125
156614,normal,1288,0,1782360519.6781604,0.0018453598022460938
156615,normal,3200,1,1782360519.680464,0.002303600311279297
156616,normal,2308,0,1782360519.6822903,0.0018262863159179688
156617,normal,2195,0,1782360519.6841402,0.0018498897552490234
156618,normal,519,0,1782360519.6863892,0.002249002456665039
156619,normal,2429,0,1782360519.688284,0.0018947124481201172
156620,normal,423,0,1782360519.6901608,0.0018768310546875
156621,normal,1559,0,1782360519.6923795,0.0022187232971191406
156622,normal,130,0,1782360519.6942787,0.0018992424011230469
156623,normal,1024,2,1782360519.6962066,0.0019278526306152344
156624,normal,2395,0,1782360519.69824,0.0020334720611572266
156625,normal,2167,0,1782360519.7002816,0.0020415782928466797
156626,normal,2592,0,1782360519.7021446,0.0018630027770996094
156627,normal,1633,0,1782360519.704284,0.0021393299102783203
156628,normal,987,2,1782360519.7062843,0.0020003318786621094
156629,normal,2364,0,1782360519.7081962,0.0019118785858154297
156630,normal,485,0,1782360519.7102451,0.002048969268798828
156631,normal,1775,0,1782360519.7122867,0.0020415782928466797
156632,normal,906,2,1782360519.7141702,0.0018835067749023438
156633,normal,235,0,1782360519.7163808,0.0022106170654296875
156634,normal,1088,0,1782360519.7182903,0.001909494400024414
156635,normal,482,0,1782360519.7201314,0.0018410682678222656
156636,normal,1944,0,1782360519.722286,0.0021545886993408203
156637,normal,2668,0,1782360519.7242935,0.0020074844360351562
156638,normal,1560,0,1782360519.7261279,0.0018343925476074219
156639,normal,2629,0,1782360519.728296,0.0021681785583496094
156640,normal,564,0,1782360519.7302964,0.0020003318786621094
156641,normal,1144,0,1782360519.7321274,0.0018310546875
156642,normal,1126,0,1782360519.7342863,0.0021588802337646484
156643,normal,2349,0,1782360519.7363017,0.002015352249145508
156644,normal,1594,0,1782360519.7381296,0.0018279552459716797
156645,normal,2707,0,1782360519.7402856,0.0021560192108154297
156646,normal,502,0,1782360519.7423003,0.002014636993408203
156647,normal,3024,0,1782360519.744129,0.0018286705017089844
156648,normal,2449,0,1782360519.7462845,0.0021555423736572266
156649,normal,3559,0,1782360519.7483099,0.0020253658294677734
156650,normal,1464,0,1782360519.7501283,0.0018184185028076172
156651,normal,1374,1,1782360519.7522848,0.002156496047973633
156652,normal,534,0,1782360519.754306,0.002021312713623047
156653,normal,2953,0,1782360519.7561302,0.0018241405487060547
156654,normal,2928,0,1782360519.7582843,0.002154111862182617
156655,normal,1815,0,1782360519.7603097,0.0020253658294677734
156656,normal,888,2,1782360519.762131,0.001821279525756836
156657,normal,1480,0,1782360519.7642844,0.0021533966064453125
156658,normal,2832,0,1782360519.7663121,0.002027750015258789
156659,normal,2371,0,1782360519.7681308,0.0018186569213867188
156660,normal,3420,0,1782360519.7702835,0.002152681350708008
156661,normal,135,0,1782360519.7723112,0.002027750015258789
156662,normal,972,2,1782360519.774128,0.0018167495727539062
156663,normal,2060,0,1782360519.7762842,0.0021562576293945312
156664,normal,3103,1,1782360519.7783163,0.002032041549682617
156665,normal,1515,0,1782360519.7801273,0.0018110275268554688
156666,normal,1074,0,1782360519.7822847,0.002157449722290039
156667,normal,1770,0,1782360519.7843208,0.0020360946655273438
156668,normal,2920,0,1782360519.7861264,0.0018055438995361328
156669,normal,1818,0,1782360519.7882838,0.002157449722290039
156670,normal,2985,0,1782360519.790531,0.0022470951080322266
156671,normal,545,0,1782360519.7921846,0.0016536712646484375
156672,normal,1271,0,1782360519.7944186,0.0022339820861816406
156673,normal,3292,1,1782360519.7963643,0.0019457340240478516
156674,normal,590,0,1782360519.7982886,0.001924276351928711
156675,normal,2258,0,1782360519.8002794,0.001990795135498047
156676,normal,282,0,1782360519.802368,0.0020885467529296875
156677,normal,743,0,1782360519.8041735,0.0018055438995361328
156678,normal,1174,0,1782360519.80643,0.002256631851196289
156679,normal,1892,0,1782360519.8083706,0.0019404888153076172
156680,normal,1199,0,1782360519.8102593,0.0018887519836425781
156681,normal,1399,0,1782360519.8122814,0.0020220279693603516
156682,normal,934,2,1782360519.8143728,0.0020914077758789062
156683,normal,2186,0,1782360519.8162456,0.0018727779388427734
156684,normal,3254,1,1782360519.8182883,0.0020427703857421875
156685,normal,2802,0,1782360519.820395,0.0021066665649414062
156686,normal,1768,0,1782360519.822263,0.0018680095672607422
156687,normal,129,0,1782360519.824299,0.0020360946655273438
156688,normal,1180,0,1782360519.8263028,0.0020036697387695312
156689,normal,2778,0,1782360519.828246,0.001943349838256836
156690,normal,473,0,1782360519.8302815,0.002035379409790039
156691,normal,755,0,1782360519.832379,0.002097606658935547
156692,normal,3520,0,1782360519.834241,0.0018618106842041016
156693,normal,1210,0,1782360519.8362875,0.0020465850830078125
156694,normal,2620,0,1782360519.8384633,0.0021758079528808594
156695,normal,915,2,1782360519.8401315,0.0016682147979736328
156696,normal,1585,0,1782360519.8424609,0.0023293495178222656
156697,normal,2859,0,1782360519.844327,0.0018661022186279297
156698,normal,1076,0,1782360519.8462098,0.001882791519165039
156699,normal,1627,0,1782360519.8482494,0.002039670944213867
156700,normal,2753,0,1782360519.8503857,0.00213623046875
156701,normal,2599,0,1782360519.8521612,0.001775503158569336
156702,normal,439,0,1782360519.854248,0.0020868778228759766
156703,normal,2034,0,1782360519.8563852,0.0021371841430664062
156704,normal,2082,0,1782360519.858206,0.0018208026885986328
156705,normal,2809,0,1782360519.8602462,0.0020401477813720703
156706,normal,1493,0,1782360519.862391,0.0021448135375976562
156707,normal,890,2,1782360519.8641763,0.0017852783203125
156708,normal,10,0,1782360519.8662488,0.002072572708129883
156709,normal,2811,0,1782360519.8682976,0.0020487308502197266
156710,normal,1065,0,1782360519.8701515,0.00185394287109375
156711,normal,1032,0,1782360519.8722832,0.0021317005157470703
156712,normal,1906,0,1782360519.874261,0.001977682113647461
156713,normal,1409,0,1782360519.8761392,0.0018782615661621094
156714,normal,1461,0,1782360519.8782907,0.0021514892578125
156715,normal,1632,0,1782360519.8802605,0.0019698143005371094
156716,normal,501,0,1782360519.8821576,0.0018970966339111328
156717,normal,38,0,1782360519.8842926,0.002135038375854492
156718,normal,2474,0,1782360519.8862398,0.001947164535522461
156719,normal,806,2,1782360519.8881414,0.0019016265869140625
156720,normal,13,0,1782360519.890296,0.0021545886993408203
156721,normal,2956,0,1782360519.8921494,0.0018534660339355469
156722,normal,1573,0,1782360519.8941472,0.001997709274291992
156723,normal,2124,0,1782360519.8962831,0.0021359920501708984
156724,normal,1830,0,1782360519.8982763,0.0019931793212890625
156725,normal,2468,0,1782360519.9001389,0.0018625259399414062
156726,normal,3530,0,1782360519.9022832,0.002144336700439453
156727,normal,1312,0,1782360519.9042702,0.001986980438232422
156728,normal,333,0,1782360519.90615,0.0018799304962158203
156729,normal,1225,0,1782360519.9082835,0.0021333694458007812
156730,normal,3700,0,1782360519.9102726,0.001989126205444336
156731,normal,177,0,1782360519.912133,0.0018603801727294922
156732,normal,666,0,1782360519.914282,0.0021491050720214844
156733,normal,2734,0,1782360519.9162753,0.0019931793212890625
156734,normal,392,0,1782360519.9181383,0.0018630027770996094
156735,normal,1380,1,1782360519.920282,0.0021436214447021484
156736,normal,578,0,1782360519.922277,0.001995086669921875
156737,normal,581,0,1782360519.9241374,0.0018603801727294922
156738,normal,272,0,1782360519.926289,0.0021517276763916016
156739,normal,3551,0,1782360519.928283,0.001993894577026367
156740,normal,2616,0,1782360519.9301455,0.0018625259399414062
156741,normal,2027,0,1782360519.9322846,0.0021390914916992188
156742,normal,3388,1,1782360519.9342837,0.0019991397857666016
156743,normal,2670,0,1782360519.9361303,0.0018465518951416016
156744,normal,1129,0,1782360519.9382844,0.002154111862182617
156745,normal,3242,1,1782360519.940285,0.002000570297241211
156746,normal,3548,0,1782360519.942146,0.0018610954284667969
156747,normal,1611,0,1782360519.9442813,0.0021352767944335938
156748,normal,89,0,1782360519.9462872,0.0020058155059814453
156749,normal,2861,0,1782360519.9481354,0.0018482208251953125
156750,normal,2334,0,1782360519.9502845,0.0021491050720214844
156751,normal,1280,0,1782360519.9522898,0.002005338668823242
156752,normal,2069,0,1782360519.9541407,0.0018508434295654297
156753,normal,47,0,1782360519.9562764,0.002135753631591797
156754,normal,1922,0,1782360519.958297,0.002020597457885742
156755,normal,1150,0,1782360519.9601357,0.00183868408203125
156756,normal,1565,0,1782360519.9622953,0.002159595489501953
156757,normal,1872,0,1782360519.9642947,0.001999378204345703
156758,normal,3627,0,1782360519.9661446,0.0018498897552490234
156759,normal,286,0,1782360519.968284,0.0021393299102783203
156760,normal,1663,0,1782360519.9702961,0.0020122528076171875
156761,normal,760,0,1782360519.9721372,0.0018410682678222656
156762,normal,1405,0,1782360519.9742832,0.002146005630493164
156763,normal,3521,0,1782360519.9762502,0.0019669532775878906
156764,normal,1046,0,1782360519.9781373,0.0018870830535888672
156765,normal,2787,0,1782360519.9802754,0.0021381378173828125
156766,normal,676,0,1782360519.982301,0.002025604248046875
156767,normal,2623,0,1782360519.9841514,0.0018503665924072266
156768,normal,2578,0,1782360519.9862807,0.0021293163299560547
156769,normal,1392,0,1782360519.9882615,0.0019807815551757812
156770,normal,810,2,1782360519.99016,0.0018985271453857422
156771,normal,3514,0,1782360519.992273,0.0021131038665771484
156772,normal,989,2,1782360519.9941232,0.001850128173828125
156773,normal,3402,0,1782360519.9962378,0.002114534378051758
156774,normal,671,0,1782360519.9980981,0.0018603801727294922
156775,normal,2493,0,1782360520.0001466,0.002048492431640625
156776,normal,903,2,1782360520.0023293,0.0021827220916748047
156777,normal,3647,0,1782360520.0041082,0.0017788410186767578
156778,normal,538,0,1782360520.0062776,0.002169370651245117
156779,normal,3492,0,1782360520.0081058,0.0018281936645507812
156780,normal,137,0,1782360520.0102644,0.002158641815185547
156781,normal,495,0,1782360520.012125,0.0018606185913085938
156782,normal,345,0,1782360520.0142694,0.002144336700439453
156783,normal,2428,0,1782360520.0161104,0.0018410682678222656
156784,normal,1596,0,1782360520.0182846,0.0021741390228271484
156785,normal,3381,1,1782360520.0201192,0.0018346309661865234
156786,normal,1429,0,1782360520.0221093,0.001990079879760742
156787,normal,242,0,1782360520.0242846,0.0021753311157226562
156788,normal,2601,0,1782360520.0261033,0.0018186569213867188
156789,normal,2404,0,1782360520.0282564,0.002153158187866211
156790,normal,2288,0,1782360520.030132,0.0018756389617919922
156791,normal,1264,0,1782360520.0321314,0.001999378204345703
156792,normal,36,0,1782360520.0341048,0.001973390579223633
156793,normal,229,0,1782360520.0362887,0.0021839141845703125
156794,normal,1284,0,1782360520.0381064,0.0018177032470703125
156795,normal,2846,0,1782360520.0401173,0.002010822296142578
156796,normal,2781,0,1782360520.0422938,0.002176523208618164
156797,normal,2827,0,1782360520.044134,0.0018401145935058594
156798,normal,3253,1,1782360520.0461047,0.0019707679748535156
156799,normal,334,0,1782360520.0482945,0.0021898746490478516
156800,normal,77,0,1782360520.0501184,0.0018239021301269531
156801,normal,3430,0,1782360520.052257,0.0021386146545410156
156802,normal,1181,0,1782360520.0541422,0.0018851757049560547
156803,normal,3528,0,1782360520.0562592,0.0021169185638427734
156804,normal,1228,0,1782360520.0581026,0.0018434524536132812
156805,normal,2350,0,1782360520.060299,0.0021963119506835938
156806,normal,1599,0,1782360520.062117,0.0018181800842285156
156807,normal,1739,0,1782360520.064257,0.0021398067474365234
156808,normal,1612,0,1782360520.0661461,0.0018892288208007812
156809,normal,1758,0,1782360520.06826,0.002113819122314453
156810,normal,1395,0,1782360520.070105,0.0018451213836669922
156811,normal,1458,0,1782360520.07215,0.0020449161529541016
156812,normal,1011,2,1782360520.0741105,0.0019605159759521484
156813,normal,548,0,1782360520.0762594,0.002148866653442383
156814,normal,3341,1,1782360520.0781517,0.0018923282623291016
156815,normal,783,2,1782360520.0801122,0.0019605159759521484
156816,normal,1833,0,1782360520.0822582,0.002146005630493164
156817,normal,3681,0,1782360520.0841546,0.0018963813781738281
156818,normal,2650,0,1782360520.0861223,0.0019676685333251953
156819,normal,3679,0,1782360520.0882578,0.0021355152130126953
156820,normal,161,0,1782360520.0901568,0.0018990039825439453
156821,normal,995,2,1782360520.0921388,0.001981973648071289
156822,normal,3013,0,1782360520.0941062,0.0019674301147460938
156823,normal,600,0,1782360520.0963166,0.002210378646850586
156824,normal,2688,0,1782360520.0981095,0.00179290771484375
156825,normal,2041,0,1782360520.100104,0.001994609832763672
156826,normal,141,0,1782360520.1023197,0.0022156238555908203
156827,normal,795,2,1782360520.1041462,0.0018265247344970703
156828,normal,781,2,1782360520.106106,0.0019598007202148438
156829,normal,2785,0,1782360520.10832,0.0022139549255371094
156830,normal,3701,0,1782360520.1101046,0.0017845630645751953
156831,normal,1393,0,1782360520.1122608,0.0021562576293945312
156832,normal,1811,0,1782360520.1141686,0.0019078254699707031
156833,normal,2706,0,1782360520.116132,0.001963376998901367
156834,normal,658,0,1782360520.1181133,0.0019812583923339844
156835,normal,952,2,1782360520.1203375,0.0022242069244384766
156836,normal,1020,2,1782360520.1221163,0.0017788410186767578
156837,normal,3212,1,1782360520.1242576,0.002141237258911133
156838,normal,1058,0,1782360520.1261723,0.0019147396087646484
156839,normal,1096,0,1782360520.1281402,0.001967906951904297
156840,normal,3151,1,1782360520.130104,0.0019638538360595703
156841,normal,1520,0,1782360520.1323304,0.0022263526916503906
156842,normal,1102,0,1782360520.13411,0.0017795562744140625
156843,normal,3702,0,1782360520.1362522,0.002142190933227539
156844,normal,2840,0,1782360520.1381097,0.0018575191497802734
156845,normal,704,0,1782360520.1401021,0.001992464065551758
156846,normal,1035,0,1782360520.1422603,0.0021581649780273438
156847,normal,3489,0,1782360520.1441789,0.0019185543060302734
156848,normal,1491,0,1782360520.1461072,0.0019283294677734375
156849,normal,842,2,1782360520.1482565,0.002149343490600586
156850,normal,1455,0,1782360520.1501832,0.0019266605377197266
156851,normal,85,0,1782360520.152128,0.0019447803497314453
156852,normal,1001,2,1782360520.154106,0.0019779205322265625
156853,normal,770,0,1782360520.156183,0.0020771026611328125
156854,normal,1389,0,1782360520.1581187,0.001935720443725586
156855,normal,162,0,1782360520.1602557,0.0021369457244873047
156856,normal,1554,0,1782360520.1621869,0.0019311904907226562
156857,normal,95,0,1782360520.1641293,0.0019423961639404297
156858,normal,3661,0,1782360520.1661057,0.001976490020751953
156859,normal,2837,0,1782360520.1681874,0.002081632614135742
156860,normal,3438,0,1782360520.1701055,0.0019180774688720703
156861,normal,1886,0,1782360520.1722555,0.0021500587463378906
156862,normal,3408,0,1782360520.1741922,0.0019366741180419922
156863,normal,3049,1,1782360520.1761234,0.0019311904907226562
156864,normal,1615,0,1782360520.1781046,0.0019812583923339844
156865,normal,2838,0,1782360520.180352,0.002247333526611328
156866,normal,1483,0,1782360520.182106,0.0017540454864501953
156867,normal,2844,0,1782360520.1841028,0.001996755599975586
156868,normal,1889,0,1782360520.1863554,0.0022525787353515625
156869,normal,1623,0,1782360520.1881216,0.001766204833984375
156870,normal,3358,1,1782360520.190107,0.0019855499267578125
156871,normal,3669,0,1782360520.1923566,0.002249479293823242
156872,normal,2875,0,1782360520.194116,0.0017595291137695312
156873,normal,1951,0,1782360520.1968982,0.002782106399536133
156874,normal,1881,0,1782360520.1982129,0.0013146400451660156
156875,normal,684,0,1782360520.200104,0.0018911361694335938
156876,normal,1481,0,1782360520.2022598,0.002155780792236328
156877,normal,312,0,1782360520.2041054,0.0018455982208251953
156878,normal,20,0,1782360520.2061045,0.0019991397857666016
156879,normal,2973,0,1782360520.2082913,0.0021867752075195312
156880,normal,2057,0,1782360520.2101095,0.0018181800842285156
156881,normal,1863,0,1782360520.2121048,0.0019953250885009766
156882,normal,1542,0,1782360520.214262,0.0021572113037109375
156883,normal,3394,1,1782360520.2161098,0.0018477439880371094
156884,normal,3676,0,1782360520.2181027,0.001992940902709961
156885,normal,1420,0,1782360520.2202585,0.002155780792236328
156886,normal,1509,0,1782360520.2221153,0.0018568038940429688
156887,normal,3369,1,1782360520.2241166,0.0020012855529785156
156888,normal,3240,1,1782360520.2262633,0.0021467208862304688
156889,normal,144,0,1782360520.2281144,0.0018510818481445312
156890,normal,665,0,1782360520.2302485,0.002134084701538086
156891,normal,874,2,1782360520.2321029,0.0018544197082519531
156892,normal,773,2,1782360520.234278,0.0021750926971435547
156893,normal,3508,0,1782360520.2361093,0.0018312931060791016
156894,normal,2685,0,1782360520.2382586,0.002149343490600586
156895,normal,1478,0,1782360520.240121,0.0018622875213623047
156896,normal,1056,0,1782360520.2422128,0.0020918846130371094
156897,normal,1297,0,1782360520.2441063,0.0018935203552246094
156898,normal,3506,0,1782360520.2462926,0.002186298370361328
156899,normal,1111,0,1782360520.2481048,0.0018122196197509766
156900,normal,3632,0,1782360520.250259,0.002154111862182617
156901,normal,979,2,1782360520.2521257,0.0018668174743652344
156902,normal,1524,0,1782360520.254121,0.0019953250885009766
156903,normal,2412,0,1782360520.2561045,0.0019834041595458984
156904,normal,3456,0,1782360520.2582886,0.002184152603149414
156905,normal,45,0,1782360520.2601037,0.0018150806427001953
156906,normal,2849,0,1782360520.2622592,0.0021555423736572266
156907,normal,2903,0,1782360520.264131,0.0018718242645263672
156908,normal,1963,0,1782360520.2663217,0.0021905899047851562
156909,normal,2301,0,1782360520.2682369,0.0019152164459228516
156910,normal,318,0,1782360520.2703354,0.002098560333251953
156911,normal,730,0,1782360520.2723923,0.0020568370819091797
156912,normal,3308,1,1782360520.2743347,0.0019423961639404297
156913,normal,1079,0,1782360520.2761116,0.0017769336700439453
156914,normal,711,0,1782360520.2782822,0.002170562744140625
156915,normal,2538,0,1782360520.28006,0.0017778873443603516
156916,normal,656,0,1782360520.2820964,0.0020363330841064453
156917,normal,558,0,1782360520.284142,0.0020456314086914062
156918,normal,1798,0,1782360520.2861276,0.0019855499267578125
156919,normal,489,0,1782360520.2881348,0.0020072460174560547
156920,normal,2285,0,1782360520.2901156,0.0019807815551757812
156921,normal,467,0,1782360520.2921333,0.0020177364349365234
156922,normal,3570,0,1782360520.2942917,0.0021584033966064453
156923,normal,1804,0,1782360520.2963822,0.0020904541015625
156924,normal,3461,0,1782360520.2980926,0.0017104148864746094
156925,normal,3397,1,1782360520.3002033,0.002110719680786133
156926,normal,1713,0,1782360520.3021612,0.0019578933715820312
156927,normal,3093,1,1782360520.3042173,0.002056121826171875
156928,normal,1942,0,1782360520.3061233,0.0019059181213378906
156929,normal,148,0,1782360520.3081188,0.001995563507080078
156930,normal,3106,1,1782360520.3102226,0.0021038055419921875
156931,normal,2302,0,1782360520.3121102,0.0018875598907470703
156932,normal,379,0,1782360520.3142211,0.0021109580993652344
156933,normal,3543,0,1782360520.3161027,0.0018815994262695312
156934,normal,2026,0,1782360520.3182156,0.002112865447998047
156935,normal,771,0,1782360520.320103,0.0018873214721679688
156936,normal,3641,0,1782360520.3222172,0.0021142959594726562
156937,normal,218,0,1782360520.3241026,0.0018854141235351562
156938,normal,1110,0,1782360520.3261864,0.0020837783813476562
156939,normal,1620,0,1782360520.3282797,0.0020933151245117188
156940,normal,2218,0,1782360520.330344,0.002064228057861328
156941,normal,831,2,1782360520.3322163,0.0018723011016845703
156942,normal,3285,1,1782360520.3343017,0.002085447311401367
156943,normal,2636,0,1782360520.3361826,0.0018808841705322266
156944,normal,608,0,1782360520.338279,0.002096414566040039
156945,normal,83,0,1782360520.3401365,0.0018575191497802734
156946,normal,970,2,1782360520.3421688,0.0020322799682617188
156947,normal,3426,0,1782360520.3443253,0.002156496047973633
156948,normal,3082,1,1782360520.3461165,0.001791238784790039
156949,normal,3600,0,1782360520.348213,0.002096414566040039
156950,normal,2454,0,1782360520.350251,0.0020380020141601562
156951,normal,1843,0,1782360520.3522234,0.0019724369049072266
156952,normal,2459,0,1782360520.3542123,0.0019888877868652344
156953,normal,2346,0,1782360520.3561015,0.0018892288208007812
156954,normal,3075,1,1782360520.358225,0.002123594284057617
156955,normal,3422,0,1782360520.3601055,0.0018804073333740234
156956,normal,2845,0,1782360520.3622272,0.0021216869354248047
156957,normal,1443,0,1782360520.3641217,0.0018944740295410156
156958,normal,1121,0,1782360520.3661354,0.002013683319091797
156959,normal,2297,0,1782360520.3682432,0.002107858657836914
156960,normal,2996,0,1782360520.3700917,0.001848459243774414
156961,normal,3373,1,1782360520.3721945,0.0021028518676757812
156962,normal,1854,0,1782360520.3740876,0.0018930435180664062
156963,normal,60,0,1782360520.3761911,0.002103567123413086
156964,normal,3678,0,1782360520.3781395,0.0019483566284179688
156965,normal,3558,0,1782360520.3802269,0.0020873546600341797
156966,normal,221,0,1782360520.3821583,0.0019314289093017578
156967,normal,2700,0,1782360520.384208,0.002049684524536133
156968,normal,2719,0,1782360520.386111,0.0019030570983886719
156969,normal,1736,0,1782360520.3882022,0.0020911693572998047
156970,normal,348,0,1782360520.3901055,0.0019032955169677734
156971,normal,1957,0,1782360520.392179,0.002073526382446289
156972,normal,1172,0,1782360520.394097,0.0019180774688720703
156973,normal,68,0,1782360520.396243,0.002146005630493164
156974,normal,1958,0,1782360520.3981721,0.0019290447235107422
156975,normal,2351,0,1782360520.4001508,0.001978635787963867
156976,normal,3255,1,1782360520.4023194,0.0021686553955078125
156977,normal,2570,0,1782360520.404237,0.0019176006317138672
156978,normal,1794,0,1782360520.406176,0.0019390583038330078
156979,normal,2436,0,1782360520.4081757,0.0019996166229248047
156980,normal,2754,0,1782360520.410204,0.002028226852416992
156981,normal,310,0,1782360520.4121451,0.0019412040710449219
156982,normal,2473,0,1782360520.4141736,0.0020284652709960938
156983,normal,2017,0,1782360520.4160657,0.00189208984375
156984,normal,2508,0,1782360520.418174,0.002108335494995117
156985,normal,2725,0,1782360520.4201632,0.001989126205444336
156986,normal,1042,0,1782360520.4220653,0.0019021034240722656
156987,normal,2863,0,1782360520.4241862,0.0021209716796875
156988,normal,2415,0,1782360520.4260683,0.0018820762634277344
156989,normal,1898,0,1782360520.4281225,0.0020542144775390625
156990,normal,808,2,1782360520.430576,0.0024535655975341797
156991,normal,168,0,1782360520.4321387,0.0015625953674316406
156992,normal,1028,2,1782360520.4343286,0.0021898746490478516
156993,normal,2114,0,1782360520.4360914,0.0017628669738769531
156994,normal,848,2,1782360520.4381962,0.0021047592163085938
156995,normal,1928,0,1782360520.440082,0.0018858909606933594
156996,normal,3424,0,1782360520.442322,0.0022399425506591797
156997,normal,2210,0,1782360520.4442255,0.001903533935546875
156998,normal,1535,0,1782360520.446133,0.0019073486328125
156999,normal,3053,1,1782360520.4481916,0.002058744430541992
157000,normal,3083,1,1782360520.4500844,0.0018928050994873047
157001,normal,1664,0,1782360520.452107,0.0020225048065185547
157002,normal,407,0,1782360520.4541996,0.002092599868774414
157003,normal,2935,0,1782360520.456165,0.0019655227661132812
157004,normal,2450,0,1782360520.4582233,0.002058267593383789
157005,normal,2099,0,1782360520.4601524,0.0019290447235107422
157006,normal,2223,0,1782360520.4622855,0.0021331310272216797
157007,normal,3281,1,1782360520.4641936,0.0019080638885498047
157008,normal,2418,0,1782360520.4661033,0.0019097328186035156
157009,normal,1116,0,1782360520.4684658,0.002362489700317383
157010,normal,3542,0,1782360520.470301,0.0018351078033447266
157011,normal,2338,0,1782360520.4721534,0.0018525123596191406
157012,normal,1063,0,1782360520.4744503,0.002296924591064453
157013,normal,1687,0,1782360520.4764984,0.002048015594482422
157014,normal,2352,0,1782360520.478121,0.0016226768493652344
157015,normal,1567,0,1782360520.480067,0.0019459724426269531
157016,normal,1299,0,1782360520.4821434,0.002076387405395508
157017,normal,2055,0,1782360520.484203,0.0020596981048583984
157018,normal,1095,0,1782360520.4860966,0.0018935203552246094
157019,normal,682,0,1782360520.488113,0.002016305923461914
157020,normal,1548,0,1782360520.4902246,0.002111673355102539
157021,normal,3177,1,1782360520.4921048,0.0018801689147949219
157022,normal,1982,0,1782360520.4941738,0.0020689964294433594
157023,normal,882,2,1782360520.496259,0.0020852088928222656
157024,normal,448,0,1782360520.4981194,0.0018603801727294922
157025,normal,1970,0,1782360520.5001335,0.00201416015625
157026,normal,1139,0,1782360520.5022333,0.002099752426147461
157027,normal,3694,0,1782360520.5041435,0.0019102096557617188
157028,normal,3699,0,1782360520.5062208,0.002077341079711914
157029,normal,90,0,1782360520.508125,0.0019042491912841797
157030,normal,61,0,1782360520.5102127,0.0020875930786132812
157031,normal,1119,0,1782360520.5121155,0.0019028186798095703
157032,normal,2933,0,1782360520.514203,0.0020875930786132812
157033,normal,724,0,1782360520.516105,0.001901865005493164
157034,normal,3088,1,1782360520.5181358,0.0020308494567871094
157035,normal,1475,0,1782360520.5202603,0.0021245479583740234
157036,normal,1351,1,1782360520.5220978,0.0018374919891357422
157037,normal,789,2,1782360520.52409,0.0019922256469726562
157038,normal,1357,1,1782360520.5261903,0.002100229263305664
157039,normal,1685,0,1782360520.5280783,0.0018880367279052734
157040,normal,3026,0,1782360520.5301404,0.002062082290649414
157041,normal,1083,0,1782360520.5321984,0.0020580291748046875
157042,normal,2029,0,1782360520.5341175,0.0019190311431884766
157043,normal,49,0,1782360520.5362918,0.00217437744140625
157044,normal,2535,0,1782360520.5381,0.00180816650390625
157045,normal,3072,1,1782360520.5402098,0.0021097660064697266
157046,normal,1918,0,1782360520.5421205,0.0019106864929199219
157047,normal,180,0,1782360520.5441704,0.0020499229431152344
157048,normal,3005,0,1782360520.5460634,0.0018930435180664062
157049,normal,2190,0,1782360520.5481203,0.0020568370819091797
157050,normal,672,0,1782360520.5501955,0.0020751953125
157051,normal,3170,1,1782360520.552122,0.0019266605377197266
157052,normal,1503,0,1782360520.5541875,0.002065420150756836
157053,normal,2731,0,1782360520.55623,0.002042531967163086
157054,normal,3340,1,1782360520.5581737,0.0019435882568359375
157055,normal,894,2,1782360520.560176,0.002002239227294922
157056,normal,2066,0,1782360520.5622647,0.002088785171508789
157057,normal,1287,0,1782360520.5642033,0.0019385814666748047
157058,normal,1148,0,1782360520.566136,0.0019326210021972656
157059,normal,1198,0,1782360520.5681653,0.0020294189453125
157060,normal,2657,0,1782360520.5700617,0.0018963813781738281
157061,normal,1354,1,1782360520.5720608,0.0019991397857666016
157062,normal,679,0,1782360520.574256,0.002195119857788086
157063,normal,3374,1,1782360520.5760956,0.0018396377563476562
157064,normal,2911,0,1782360520.5780647,0.0019690990447998047
157065,normal,2799,0,1782360520.5801692,0.002104520797729492
157066,normal,2713,0,1782360520.5820692,0.0018999576568603516
157067,normal,1390,0,1782360520.5843916,0.0023224353790283203
157068,normal,2462,0,1782360520.5863533,0.0019617080688476562
157069,normal,2003,0,1782360520.5881507,0.0017974376678466797
157070,normal,2278,0,1782360520.5901458,0.001995086669921875
157071,normal,11,0,1782360520.5921543,0.0020084381103515625
157072,normal,99,0,1782360520.594083,0.0019288063049316406
157073,normal,1235,0,1782360520.5963137,0.0022306442260742188
157074,normal,1909,0,1782360520.5981352,0.0018215179443359375
157075,normal,1609,0,1782360520.6000707,0.0019354820251464844
157076,normal,2235,0,1782360520.602136,0.0020651817321777344
157077,normal,2120,0,1782360520.6041923,0.0020563602447509766
157078,normal,2279,0,1782360520.6061606,0.0019683837890625
157079,normal,2954,0,1782360520.608404,0.0022432804107666016
157080,normal,1378,1,1782360520.6102836,0.0018796920776367188
157081,normal,3251,1,1782360520.6121767,0.0018930435180664062
157082,normal,292,0,1782360520.6141846,0.0020079612731933594
157083,normal,1781,0,1782360520.6162944,0.0021097660064697266
157084,normal,1388,0,1782360520.6181402,0.0018458366394042969
157085,normal,2143,0,1782360520.620291,0.0021507740020751953
157086,normal,3512,0,1782360520.6222668,0.0019757747650146484
157087,normal,887,2,1782360520.6241999,0.0019330978393554688
157088,normal,1651,0,1782360520.6261115,0.0019116401672363281
157089,normal,2524,0,1782360520.6285045,0.002393007278442383
157090,normal,1954,0,1782360520.6301954,0.0016908645629882812
157091,normal,1471,0,1782360520.6320667,0.001871347427368164
157092,normal,1051,0,1782360520.6341689,0.0021021366119384766
157093,normal,595,0,1782360520.6360893,0.001920461654663086
157094,normal,3268,1,1782360520.638147,0.002057790756225586
157095,normal,1640,0,1782360520.6401923,0.002045154571533203
157096,normal,1695,0,1782360520.642079,0.0018868446350097656
157097,normal,2118,0,1782360520.6440952,0.0020160675048828125
157098,normal,3350,1,1782360520.6462185,0.0021233558654785156
157099,normal,997,2,1782360520.6481547,0.001936197280883789
157100,normal,2750,0,1782360520.6501997,0.0020449161529541016
157101,normal,408,0,1782360520.6520758,0.0018761157989501953
157102,normal,3352,1,1782360520.6541498,0.002074003219604492
157103,normal,2741,0,1782360520.656133,0.001983165740966797
157104,normal,2256,0,1782360520.6581705,0.002037525177001953
157105,normal,2810,0,1782360520.6600947,0.001924276351928711
157106,normal,1947,0,1782360520.6620684,0.0019736289978027344
157107,normal,588,0,1782360520.664065,0.0019965171813964844
157108,normal,3623,0,1782360520.6660626,0.001997709274291992
157109,normal,3554,0,1782360520.668052,0.0019893646240234375
157110,normal,2969,0,1782360520.670109,0.0020570755004882812
157111,normal,3447,0,1782360520.6721168,0.002007722854614258
157112,normal,1772,0,1782360520.6741052,0.0019884109497070312
157113,normal,1639,0,1782360520.6762042,0.0020990371704101562
157114,normal,119,0,1782360520.6780567,0.0018525123596191406
157115,normal,3590,0,1782360520.6800487,0.0019919872283935547
157116,normal,3379,1,1782360520.682054,0.002005338668823242
157117,normal,3637,0,1782360520.6840699,0.002015829086303711
157118,normal,1125,0,1782360520.6860552,0.001985311508178711
157119,normal,1532,0,1782360520.6880975,0.0020422935485839844
157120,normal,1679,0,1782360520.6901383,0.002040863037109375
157121,normal,1194,0,1782360520.6921535,0.0020151138305664062
157122,normal,911,2,1782360520.6941545,0.002001047134399414
157123,normal,2632,0,1782360520.6960945,0.001940011978149414
157124,normal,3057,1,1782360520.6980696,0.0019750595092773438
157125,normal,3364,1,1782360520.7001526,0.0020830631256103516
157126,normal,298,0,1782360520.7020524,0.00189971923828125
157127,normal,2958,0,1782360520.7040553,0.0020029544830322266
157128,normal,2627,0,1782360520.706037,0.0019817352294921875
157129,normal,1512,0,1782360520.7081223,0.0020852088928222656
157130,normal,199,0,1782360520.7101583,0.0020360946655273438
157131,normal,3258,1,1782360520.7121465,0.0019881725311279297
157132,normal,1511,0,1782360520.7141964,0.0020499229431152344
157133,normal,146,0,1782360520.7161374,0.0019409656524658203
157134,normal,1205,0,1782360520.718156,0.0020186901092529297
157135,normal,2997,0,1782360520.7201476,0.0019915103912353516
157136,normal,295,0,1782360520.7221873,0.002039670944213867
157137,normal,2008,0,1782360520.7241712,0.0019838809967041016
157138,normal,3092,1,1782360520.7260306,0.001859426498413086
157139,normal,2189,0,1782360520.7280257,0.001995086669921875
157140,normal,1486,0,1782360520.7300286,0.0020029544830322266
157141,normal,907,2,1782360520.732193,0.0021643638610839844
157142,normal,3564,0,1782360520.734033,0.0018401145935058594
157143,normal,2718,0,1782360520.7360244,0.00199127197265625
157144,normal,3463,0,1782360520.7380238,0.001999378204345703
157145,normal,2246,0,1782360520.7400253,0.002001523971557617
157146,normal,1470,0,1782360520.7427275,0.0027022361755371094
157147,normal,488,0,1782360520.7442687,0.0015411376953125
157148,normal,968,2,1782360520.746108,0.0018393993377685547
157149,normal,170,0,1782360520.7480466,0.0019385814666748047
157150,normal,3400,1,1782360520.7500465,0.0019998550415039062
157151,normal,1971,0,1782360520.7520459,0.001999378204345703
157152,normal,3597,0,1782360520.7542756,0.0022296905517578125
157153,normal,2356,0,1782360520.7561045,0.001828908920288086
157154,normal,3012,0,1782360520.7580564,0.0019519329071044922
157155,normal,456,0,1782360520.7600582,0.0020017623901367188
157156,normal,1759,0,1782360520.7620697,0.002011537551879883
157157,normal,1510,0,1782360520.764076,0.0020062923431396484
157158,normal,3154,1,1782360520.766298,0.0022220611572265625
157159,normal,2254,0,1782360520.7682288,0.0019307136535644531
157160,normal,627,0,1782360520.770173,0.0019443035125732422
157161,normal,1983,0,1782360520.7721758,0.002002716064453125
157162,normal,3527,0,1782360520.7741947,0.0020189285278320312
157163,normal,1750,0,1782360520.7761314,0.0019366741180419922
157164,normal,3534,0,1782360520.778288,0.002156496047973633
157165,normal,207,0,1782360520.7802696,0.0019817352294921875
157166,normal,3440,0,1782360520.7822113,0.001941680908203125
157167,normal,2132,0,1782360520.784101,0.0018897056579589844
157168,normal,601,0,1782360520.7861853,0.0020842552185058594
157169,normal,2097,0,1782360520.7882469,0.002061605453491211
157170,normal,406,0,1782360520.7901309,0.0018839836120605469
157171,normal,1499,0,1782360520.7921937,0.0020627975463867188
157172,normal,430,0,1782360520.794137,0.001943349838256836
157173,normal,2852,0,1782360520.7969375,0.002800464630126953
157174,normal,2181,0,1782360520.798051,0.0011136531829833984
157175,normal,1773,0,1782360520.8000836,0.0020325183868408203
157176,normal,2018,0,1782360520.8020787,0.001995086669921875
157177,normal,2065,0,1782360520.8040636,0.001984834671020508
157178,normal,3238,1,1782360520.806121,0.0020575523376464844
157179,normal,2354,0,1782360520.808123,0.0020020008087158203
157180,normal,1472,0,1782360520.8101819,0.002058744430541992
157181,normal,2947,0,1782360520.8121476,0.001965761184692383
157182,normal,194,0,1782360520.8140492,0.0019016265869140625
157183,normal,840,2,1782360520.8161132,0.0020639896392822266
157184,normal,452,0,1782360520.81811,0.001996755599975586
157185,normal,1003,2,1782360520.8201463,0.0020363330841064453
157186,normal,3312,1,1782360520.8221188,0.0019724369049072266
157187,normal,2751,0,1782360520.8240623,0.0019435882568359375
157188,normal,2808,0,1782360520.8260732,0.002010822296142578
157189,normal,3235,1,1782360520.8280602,0.001986980438232422
157190,normal,1333,1,1782360520.8300626,0.0020024776458740234
157191,normal,79,0,1782360520.8320584,0.0019958019256591797
157192,normal,1797,0,1782360520.8340878,0.0020294189453125
157193,normal,3198,1,1782360520.836071,0.001983165740966797
157194,normal,510,0,1782360520.8380759,0.002004861831665039
157195,normal,1407,0,1782360520.8401203,0.0020444393157958984
157196,normal,2161,0,1782360520.8420541,0.0019338130950927734
157197,normal,631,0,1782360520.8440542,0.002000093460083008
157198,normal,1311,0,1782360520.84605,0.0019958019256591797
157199,normal,1251,0,1782360520.8480484,0.001998424530029297
157200,normal,1069,0,1782360520.8500493,0.0020008087158203125
157201,normal,1247,0,1782360520.8521054,0.002056121826171875
157202,normal,838,2,1782360520.8541098,0.002004384994506836
157203,normal,1787,0,1782360520.8562887,0.0021789073944091797
157204,normal,939,2,1782360520.8581884,0.00189971923828125
157205,normal,2421,0,1782360520.8602188,0.0020303726196289062
157206,normal,1514,0,1782360520.8621871,0.0019683837890625
157207,normal,2515,0,1782360520.8642688,0.002081632614135742
157208,normal,1896,0,1782360520.8661447,0.0018758773803710938
157209,normal,2981,0,1782360520.868061,0.0019164085388183594
157210,normal,399,0,1782360520.8700485,0.001987457275390625
157211,normal,1145,0,1782360520.8720427,0.0019941329956054688
157212,normal,1261,0,1782360520.8741803,0.0021376609802246094
157213,normal,1857,0,1782360520.876155,0.0019745826721191406
157214,normal,226,0,1782360520.8782077,0.002052783966064453
157215,normal,3636,0,1782360520.8801377,0.0019299983978271484
157216,normal,234,0,1782360520.8821566,0.0020189285278320312
157217,normal,2770,0,1782360520.8841324,0.0019757747650146484
157218,normal,3549,0,1782360520.8861637,0.0020313262939453125
157219,normal,603,0,1782360520.8882823,0.0021185874938964844
157220,normal,1021,2,1782360520.8900666,0.0017843246459960938
157221,normal,3436,0,1782360520.8921454,0.0020787715911865234
157222,normal,2126,0,1782360520.894144,0.0019986629486083984
157223,normal,1523,0,1782360520.8961442,0.002000093460083008
157224,normal,87,0,1782360520.8982809,0.002136707305908203
157225,normal,1356,1,1782360520.900125,0.001844167709350586
157226,normal,2514,0,1782360520.902019,0.0018939971923828125
157227,normal,2480,0,1782360520.9040356,0.0020165443420410156
157228,normal,349,0,1782360520.9060254,0.0019898414611816406
157229,normal,1949,0,1782360520.9087925,0.0027670860290527344
157230,normal,1190,0,1782360520.9102528,0.0014603137969970703
157231,normal,2032,0,1782360520.912161,0.0019083023071289062
157232,normal,2185,0,1782360520.9140847,0.0019235610961914062
157233,normal,419,0,1782360520.9160812,0.0019965171813964844
157234,normal,2198,0,1782360520.9180825,0.0020012855529785156
157235,normal,117,0,1782360520.9203088,0.0022263526916503906
157236,normal,3569,0,1782360520.9221177,0.0018088817596435547
157237,normal,1308,0,1782360520.9240706,0.0019528865814208984
157238,normal,8,0,1782360520.9260683,0.001997709274291992
157239,normal,1841,0,1782360520.92807,0.0020017623901367188
157240,normal,3317,1,1782360520.9300752,0.0020051002502441406
157241,normal,1440,0,1782360520.9324288,0.002353668212890625
157242,normal,189,0,1782360520.9342682,0.0018393993377685547
157243,normal,2851,0,1782360520.9361923,0.0019240379333496094
157244,normal,866,2,1782360520.9381893,0.0019969940185546875
157245,normal,1945,0,1782360520.9401975,0.002008199691772461
157246,normal,3063,1,1782360520.9421663,0.001968860626220703
157247,normal,2853,0,1782360520.9442425,0.0020761489868164062
157248,normal,339,0,1782360520.9463782,0.002135753631591797
157249,normal,1094,0,1782360520.948238,0.0018596649169921875
157250,normal,2889,0,1782360520.950117,0.0018792152404785156
157251,normal,2362,0,1782360520.9522,0.00208282470703125
157252,normal,1940,0,1782360520.954207,0.002007007598876953
157253,normal,1276,0,1782360520.956109,0.0019021034240722656
157254,normal,1492,0,1782360520.9580233,0.0019142627716064453
157255,normal,1302,0,1782360520.9600668,0.002043485641479492
157256,normal,3070,1,1782360520.9620814,0.002014636993408203
157257,normal,3115,1,1782360520.9640722,0.001990795135498047
157258,normal,2726,0,1782360520.9660654,0.0019931793212890625
157259,normal,1369,1,1782360520.9680417,0.0019762516021728516
157260,normal,1448,0,1782360520.970093,0.0020513534545898438
157261,normal,577,0,1782360520.9721115,0.002018451690673828
157262,normal,2227,0,1782360520.9741464,0.002034902572631836
157263,normal,3122,1,1782360520.9761293,0.0019829273223876953
157264,normal,1683,0,1782360520.9780877,0.0019583702087402344
157265,normal,1862,0,1782360520.980104,0.002016305923461914
157266,normal,2930,0,1782360520.9821203,0.002016305923461914
157267,normal,1916,0,1782360520.984144,0.0020236968994140625
157268,normal,1487,0,1782360520.9860601,0.0019161701202392578
157269,normal,3310,1,1782360520.9880855,0.0020253658294677734
157270,normal,300,0,1782360520.990076,0.0019905567169189453
157271,normal,490,0,1782360520.9920719,0.0019958019256591797
157272,normal,262,0,1782360520.9940734,0.002001523971557617
157273,normal,1702,0,1782360520.996075,0.002001523971557617
157274,normal,1965,0,1782360520.9981394,0.0020644664764404297
157275,normal,923,2,1782360521.000128,0.001988649368286133
157276,normal,1614,0,1782360521.0020616,0.0019335746765136719
157277,normal,1268,0,1782360521.0040529,0.00199127197265625
157278,normal,860,2,1782360521.0060525,0.0019996166229248047
157279,normal,1962,0,1782360521.0080528,0.0020003318786621094
157280,normal,3287,1,1782360521.0100517,0.0019989013671875
157281,normal,3615,0,1782360521.0121136,0.0020618438720703125
157282,normal,2877,0,1782360521.014153,0.0020394325256347656
157283,normal,1337,1,1782360521.0161455,0.001992464065551758
157284,normal,1433,0,1782360521.0180762,0.0019307136535644531
157285,normal,3395,1,1782360521.0200682,0.0019919872283935547
157286,normal,3488,0,1782360521.0220783,0.0020101070404052734
157287,normal,994,2,1782360521.0240295,0.0019512176513671875
157288,normal,3577,0,1782360521.0260289,0.001999378204345703
157289,normal,1840,0,1782360521.0280106,0.0019817352294921875
157290,normal,900,2,1782360521.0301025,0.0020918846130371094
157291,normal,2071,0,1782360521.0321198,0.0020172595977783203
157292,normal,955,2,1782360521.034167,0.002047300338745117
157293,normal,88,0,1782360521.0362058,0.002038717269897461
157294,normal,3230,1,1782360521.0382001,0.0019943714141845703
157295,normal,3102,1,1782360521.0401146,0.0019145011901855469
157296,normal,863,2,1782360521.0422118,0.0020971298217773438
157297,normal,2326,0,1782360521.0441928,0.001981019973754883
157298,normal,3620,0,1782360521.046135,0.0019421577453613281
157299,normal,3415,0,1782360521.048031,0.0018961429595947266
157300,normal,1984,0,1782360521.0500257,0.001994609832763672
157301,normal,73,0,1782360521.0520248,0.0019991397857666016
157302,normal,1184,0,1782360521.0541637,0.002138853073120117
157303,normal,1813,0,1782360521.0560238,0.0018601417541503906
157304,normal,2410,0,1782360521.0580225,0.0019986629486083984
157305,normal,1930,0,1782360521.0600245,0.0020020008087158203
157306,normal,1996,0,1782360521.06203,0.0020055770874023438
157307,normal,2006,0,1782360521.0647695,0.002739429473876953
157308,normal,2307,0,1782360521.0661826,0.001413106918334961
157309,normal,1735,0,1782360521.068075,0.0018923282623291016
157310,normal,3081,1,1782360521.0700648,0.0019898414611816406
157311,normal,2823,0,1782360521.0720692,0.002004384994506836
157312,normal,651,0,1782360521.0740683,0.0019991397857666016
157313,normal,1505,0,1782360521.0761845,0.0021162033081054688
157314,normal,3226,1,1782360521.0780468,0.0018622875213623047
157315,normal,2815,0,1782360521.0800974,0.002050638198852539
157316,normal,2600,0,1782360521.0820553,0.0019578933715820312
157317,normal,1791,0,1782360521.084057,0.0020017623901367188
157318,normal,2440,0,1782360521.0860662,0.002009153366088867
157319,normal,2915,0,1782360521.088071,0.002004861831665039
157320,normal,3645,0,1782360521.0900738,0.002002716064453125
157321,normal,3076,1,1782360521.092228,0.002154111862182617
157322,normal,919,2,1782360521.0942206,0.0019927024841308594
157323,normal,565,0,1782360521.0961587,0.0019381046295166016
157324,normal,1255,0,1782360521.0981715,0.0020127296447753906
157325,normal,2053,0,1782360521.100175,0.0020034313201904297
157326,normal,2095,0,1782360521.1021311,0.0019562244415283203
157327,normal,2125,0,1782360521.104289,0.002157926559448242
157328,normal,76,0,1782360521.106242,0.0019528865814208984
157329,normal,1155,0,1782360521.108215,0.0019731521606445312
157330,normal,2584,0,1782360521.1101112,0.0018961429595947266
157331,normal,1456,0,1782360521.1123447,0.0022335052490234375
157332,normal,401,0,1782360521.1143925,0.0020477771759033203
157333,normal,2779,0,1782360521.1161168,0.0017242431640625
157334,normal,1782,0,1782360521.1180692,0.0019524097442626953
157335,normal,2353,0,1782360521.1200547,0.0019855499267578125
157336,normal,3135,1,1782360521.1220791,0.002024412155151367
157337,normal,3606,0,1782360521.12407,0.001990795135498047
157338,normal,3349,1,1782360521.126063,0.0019931793212890625
157339,normal,1871,0,1782360521.128055,0.0019919872283935547
157340,normal,563,0,1782360521.1300783,0.0020232200622558594
157341,normal,2083,0,1782360521.1320996,0.002021312713623047
157342,normal,478,0,1782360521.1341228,0.0020232200622558594
157343,normal,2122,0,1782360521.1361315,0.002008676528930664
157344,normal,1556,0,1782360521.1380749,0.001943349838256836
157345,normal,132,0,1782360521.1401107,0.002035856246948242
157346,normal,1754,0,1782360521.1422234,0.0021126270294189453
157347,normal,3474,0,1782360521.144128,0.0019047260284423828
157348,normal,943,2,1782360521.146137,0.0020089149475097656
157349,normal,2857,0,1782360521.1480515,0.0019145011901855469
157350,normal,1344,1,1782360521.1500845,0.0020329952239990234
157351,normal,3302,1,1782360521.15207,0.0019855499267578125
157352,normal,2273,0,1782360521.1540647,0.001994609832763672
157353,normal,2862,0,1782360521.1560693,0.0020046234130859375
157354,normal,1143,0,1782360521.1580822,0.002012968063354492
157355,normal,2137,0,1782360521.160083,0.0020008087158203125
157356,normal,1045,0,1782360521.162147,0.0020639896392822266
157357,normal,1570,0,1782360521.164069,0.0019218921661376953
157358,normal,2571,0,1782360521.166055,0.0019860267639160156
157359,normal,3153,1,1782360521.1680527,0.001997709274291992
157360,normal,1157,0,1782360521.1700552,0.0020024776458740234
157361,normal,1477,0,1782360521.1720603,0.0020051002502441406
157362,normal,880,2,1782360521.1740608,0.002000570297241211
157363,normal,2927,0,1782360521.1761162,0.0020554065704345703
157364,normal,1134,0,1782360521.178119,0.002002716064453125
157365,normal,2401,0,1782360521.180159,0.0020401477813720703
157366,normal,3464,0,1782360521.1820657,0.0019066333770751953
157367,normal,2342,0,1782360521.1840627,0.0019969940185546875
157368,normal,2244,0,1782360521.186114,0.0020513534545898438
157369,normal,2569,0,1782360521.1880343,0.0019202232360839844
157370,normal,450,0,1782360521.1900342,0.0019998550415039062
157371,normal,569,0,1782360521.1920338,0.0019996166229248047
157372,normal,2899,0,1782360521.194032,0.0019981861114501953
157373,normal,2312,0,1782360521.1960866,0.0020546913146972656
157374,normal,208,0,1782360521.198128,0.002041339874267578
157375,normal,1075,0,1782360521.2001474,0.0020194053649902344
157376,normal,1569,0,1782360521.2022014,0.002053976058959961
157377,normal,1018,2,1782360521.2041328,0.0019314289093017578
157378,normal,3622,0,1782360521.206147,0.00201416015625
157379,normal,3074,1,1782360521.2081358,0.0019888877868652344
157380,normal,920,2,1782360521.210168,0.002032041549682617
157381,normal,2209,0,1782360521.2122366,0.002068758010864258
157382,normal,2222,0,1782360521.2140684,0.0018317699432373047
157383,normal,2782,0,1782360521.2160318,0.001963376998901367
157384,normal,1645,0,1782360521.2180326,0.0020008087158203125
157385,normal,187,0,1782360521.2200308,0.0019981861114501953
157386,normal,1728,0,1782360521.2221398,0.002109050750732422
157387,normal,2094,0,1782360521.2240977,0.0019578933715820312
157388,normal,1950,0,1782360521.2260354,0.0019376277923583984
157389,normal,928,2,1782360521.2280226,0.0019872188568115234
157390,normal,1891,0,1782360521.23004,0.002017498016357422
157391,normal,3272,1,1782360521.2320406,0.002000570297241211
157392,normal,2441,0,1782360521.2347605,0.002719879150390625
157393,normal,1803,0,1782360521.2363439,0.0015833377838134766
157394,normal,1252,0,1782360521.2381217,0.0017778873443603516
157395,normal,3639,0,1782360521.2400775,0.001955747604370117
157396,normal,3495,0,1782360521.2420793,0.0020017623901367188
157397,normal,360,0,1782360521.2440748,0.001995563507080078
157398,normal,1720,0,1782360521.246155,0.002080202102661133
157399,normal,3342,1,1782360521.248259,0.002104043960571289
157400,normal,3263,1,1782360521.250102,0.0018429756164550781
157401,normal,1403,0,1782360521.2520838,0.0019817352294921875
157402,normal,3494,0,1782360521.254074,0.0019903182983398438
157403,normal,1164,0,1782360521.256074,0.0019998550415039062
157404,normal,1734,0,1782360521.2580721,0.0019981861114501953
157405,normal,1025,2,1782360521.2602646,0.0021924972534179688
157406,normal,950,2,1782360521.2622387,0.0019741058349609375
157407,normal,1802,0,1782360521.2641711,0.001932382583618164
157408,normal,2555,0,1782360521.2661722,0.002001047134399414
157409,normal,3266,1,1782360521.2681782,0.002006053924560547
157410,normal,1919,0,1782360521.270162,0.0019838809967041016
157411,normal,2820,0,1782360521.2720845,0.0019223690032958984
157412,normal,2240,0,1782360521.2743938,0.0023093223571777344
157413,normal,3466,0,1782360521.2762473,0.0018534660339355469
157414,normal,1591,0,1782360521.278142,0.0018947124481201172
157415,normal,3410,0,1782360521.2805648,0.002422809600830078
157416,normal,336,0,1782360521.282612,0.002047300338745117
157417,normal,1636,0,1782360521.284158,0.0015459060668945312
157418,normal,3165,1,1782360521.2860925,0.0019345283508300781
157419,normal,1671,0,1782360521.2880774,0.001984834671020508
157420,normal,2158,0,1782360521.2901275,0.002050161361694336
157421,normal,869,2,1782360521.2921393,0.0020117759704589844
157422,normal,2269,0,1782360521.2940743,0.0019350051879882812
157423,normal,290,0,1782360521.2960627,0.0019884109497070312
157424,normal,2213,0,1782360521.2980857,0.002022981643676758
157425,normal,2970,0,1782360521.3000987,0.002012968063354492
157426,normal,3412,0,1782360521.302164,0.002065420150756836
157427,normal,1462,0,1782360521.3041172,0.001953125
157428,normal,1432,0,1782360521.3060977,0.0019805431365966797
157429,normal,606,0,1782360521.3080807,0.0019829273223876953
157430,normal,280,0,1782360521.3101015,0.0020208358764648438
157431,normal,2662,0,1782360521.312124,0.0020225048065185547
157432,normal,2575,0,1782360521.3141305,0.00200653076171875
157433,normal,1278,0,1782360521.3160758,0.0019452571868896484
157434,normal,1086,0,1782360521.3180678,0.0019919872283935547
157435,normal,2011,0,1782360521.3200629,0.001995086669921875
157436,normal,1628,0,1782360521.3220673,0.002004384994506836
157437,normal,2030,0,1782360521.324064,0.001996755599975586
157438,normal,3419,0,1782360521.3260682,0.0020041465759277344
157439,normal,908,2,1782360521.3280764,0.002008199691772461
157440,normal,3314,1,1782360521.3300745,0.0019981861114501953
157441,normal,1165,0,1782360521.332071,0.0019965171813964844
157442,normal,3519,0,1782360521.334138,0.0020668506622314453
157443,normal,3445,0,1782360521.3360612,0.0019233226776123047
157444,normal,1123,0,1782360521.3380558,0.001994609832763672
157445,normal,2403,0,1782360521.3400578,0.0020020008087158203
157446,normal,416,0,1782360521.3420544,0.0019965171813964844
157447,normal,3547,0,1782360521.3440547,0.0020003318786621094
157448,normal,14,0,1782360521.3461058,0.002051115036010742
157449,normal,552,0,1782360521.3481102,0.002004384994506836
157450,normal,1397,0,1782360521.350169,0.002058744430541992
157451,normal,1712,0,1782360521.3521774,0.0020084381103515625
157452,normal,147,0,1782360521.3541384,0.0019609928131103516
157453,normal,3634,0,1782360521.3560827,0.0019443035125732422
157454,normal,446,0,1782360521.3581178,0.0020351409912109375
157455,normal,3279,1,1782360521.3601563,0.0020384788513183594
157456,normal,2366,0,1782360521.362061,0.0019047260284423828
157457,normal,3433,0,1782360521.3640423,0.0019812583923339844
157458,normal,3451,0,1782360521.3660505,0.002008199691772461
157459,normal,41,0,1782360521.36804,0.001989603042602539
157460,normal,2147,0,1782360521.370219,0.0021789073944091797
157461,normal,973,2,1782360521.3720956,0.0018765926361083984
157462,normal,3696,0,1782360521.3741333,0.0020377635955810547
157463,normal,1897,0,1782360521.3762066,0.0020732879638671875
157464,normal,2331,0,1782360521.3783517,0.002145051956176758
157465,normal,817,2,1782360521.3801007,0.0017490386962890625
157466,normal,3146,1,1782360521.3821223,0.0020215511322021484
157467,normal,1568,0,1782360521.3841805,0.002058267593383789
157468,normal,1052,0,1782360521.3861682,0.0019876956939697266
157469,normal,1586,0,1782360521.3880384,0.0018701553344726562
157470,normal,1824,0,1782360521.3900316,0.0019931793212890625
157471,normal,1553,0,1782360521.3920321,0.002000570297241211
157472,normal,1745,0,1782360521.3940501,0.002017974853515625
157473,normal,1518,0,1782360521.3961651,0.002115011215209961
157474,normal,1138,0,1782360521.3985639,0.0023987293243408203
157475,normal,1425,0,1782360521.4000175,0.0014536380767822266
157476,normal,1670,0,1782360521.4020345,0.0020170211791992188
157477,normal,1496,0,1782360521.4040353,0.0020008087158203125
157478,normal,139,0,1782360521.4062066,0.0021712779998779297
157479,normal,938,2,1782360521.4089434,0.002736806869506836
157480,normal,1605,0,1782360521.4103804,0.0014369487762451172
157481,normal,3664,0,1782360521.412116,0.001735687255859375
157482,normal,1188,0,1782360521.414088,0.0019719600677490234
157483,normal,1359,1,1782360521.416078,0.001990079879760742
157484,normal,2287,0,1782360521.418067,0.0019888877868652344
157485,normal,3657,0,1782360521.4202013,0.0021343231201171875
157486,normal,2873,0,1782360521.4221404,0.0019390583038330078
157487,normal,1196,0,1782360521.4240692,0.0019288063049316406
157488,normal,1151,0,1782360521.426066,0.001996755599975586
157489,normal,257,0,1782360521.428096,0.0020301342010498047
157490,normal,376,0,1782360521.4300816,0.0019855499267578125
157491,normal,1343,1,1782360521.4320729,0.00199127197265625
157492,normal,1,0,1782360521.4341986,0.0021257400512695312
157493,normal,2573,0,1782360521.436235,0.0020363330841064453
157494,normal,3183,1,1782360521.4381719,0.0019369125366210938
157495,normal,329,0,1782360521.4401777,0.0020058155059814453
157496,normal,3094,1,1782360521.4421837,0.002006053924560547
157497,normal,1421,0,1782360521.4441674,0.001983642578125
157498,normal,1672,0,1782360521.4460862,0.001918792724609375
157499,normal,2228,0,1782360521.4484222,0.0023360252380371094
157500,normal,3407,0,1782360521.450212,0.0017898082733154297
157501,normal,515,0,1782360521.452135,0.0019230842590332031
157502,normal,1606,0,1782360521.4545233,0.0023882389068603516
157503,normal,436,0,1782360521.4565213,0.0019979476928710938
157504,normal,551,0,1782360521.458144,0.0016226768493652344
157505,normal,2379,0,1782360521.460087,0.0019431114196777344
157506,normal,2150,0,1782360521.4620702,0.001983165740966797
157507,normal,97,0,1782360521.464114,0.0020437240600585938
157508,normal,2483,0,1782360521.466078,0.001964092254638672
157509,normal,2328,0,1782360521.4680643,0.001986265182495117
157510,normal,3096,1,1782360521.4700642,0.0019998550415039062
157511,normal,2361,0,1782360521.472045,0.0019807815551757812
157512,normal,3185,1,1782360521.4740915,0.0020465850830078125
157513,normal,1191,0,1782360521.4761028,0.0020112991333007812
157514,normal,251,0,1782360521.4781346,0.0020318031311035156
157515,normal,3108,1,1782360521.4801462,0.002011537551879883
157516,normal,1780,0,1782360521.4820495,0.0019032955169677734
157517,normal,3343,1,1782360521.4841275,0.0020780563354492188
157518,normal,2205,0,1782360521.4861093,0.0019817352294921875
157519,normal,3220,1,1782360521.4881375,0.002028226852416992
157520,normal,1424,0,1782360521.4901154,0.0019779205322265625
157521,normal,3628,0,1782360521.4921672,0.002051830291748047
157522,normal,1449,0,1782360521.4940495,0.001882314682006836
157523,normal,2720,0,1782360521.496061,0.002011537551879883
157524,normal,3591,0,1782360521.498057,0.0019958019256591797
157525,normal,75,0,1782360521.5000622,0.002005338668823242
157526,normal,3104,1,1782360521.502068,0.0020058155059814453
157527,normal,2965,0,1782360521.5040746,0.00200653076171875
157528,normal,2617,0,1782360521.5060766,0.0020020008087158203
157529,normal,1618,0,1782360521.508142,0.002065420150756836
157530,normal,1153,0,1782360521.510084,0.0019419193267822266
157531,normal,1295,0,1782360521.512078,0.0019941329956054688
157532,normal,58,0,1782360521.514062,0.0019838809967041016
157533,normal,1373,1,1782360521.5160596,0.001997709274291992
157534,normal,2455,0,1782360521.5180583,0.0019986629486083984
157535,normal,3216,1,1782360521.5200791,0.0020208358764648438
157536,normal,889,2,1782360521.5221045,0.0020253658294677734
157537,normal,2234,0,1782360521.5241218,0.0020172595977783203
157538,normal,1473,0,1782360521.5261505,0.0020287036895751953
157539,normal,1267,0,1782360521.5281363,0.001985788345336914
157540,normal,2622,0,1782360521.5300684,0.0019321441650390625
157541,normal,2794,0,1782360521.5320647,0.001996278762817383
157542,normal,3160,1,1782360521.5341547,0.002089977264404297
157543,normal,1763,0,1782360521.5360491,0.0018944740295410156
157544,normal,2739,0,1782360521.5380416,0.001992464065551758
157545,normal,311,0,1782360521.5400548,0.0020132064819335938
157546,normal,405,0,1782360521.5420527,0.0019979476928710938
157547,normal,628,0,1782360521.5441933,0.002140522003173828
157548,normal,739,0,1782360521.5461636,0.0019702911376953125
157549,normal,3273,1,1782360521.5481203,0.0019567012786865234
157550,normal,82,0,1782360521.550172,0.002051830291748047
157551,normal,1513,0,1782360521.552344,0.0021719932556152344
157552,normal,2470,0,1782360521.554111,0.0017669200897216797
157553,normal,1331,1,1782360521.5561242,0.0020132064819335938
157554,normal,1655,0,1782360521.558193,0.002068758010864258
157555,normal,1981,0,1782360521.5601716,0.001978635787963867
157556,normal,1771,0,1782360521.562047,0.0018754005432128906
157557,normal,896,2,1782360521.564038,0.0019910335540771484
157558,normal,2479,0,1782360521.566035,0.0019969940185546875
157559,normal,734,0,1782360521.5680492,0.00201416015625
157560,normal,193,0,1782360521.570129,0.0020797252655029297
157561,normal,1861,0,1782360521.5720341,0.001905202865600586
157562,normal,3587,0,1782360521.5740275,0.001993417739868164
157563,normal,2680,0,1782360521.5760388,0.0020112991333007812
157564,normal,477,0,1782360521.5780325,0.0019936561584472656
157565,normal,372,0,1782360521.5808098,0.0027773380279541016
157566,normal,1582,0,1782360521.5823085,0.0014986991882324219
157567,normal,2744,0,1782360521.5841172,0.0018086433410644531
157568,normal,3533,0,1782360521.5860798,0.0019626617431640625
157569,normal,2871,0,1782360521.5880783,0.001998424530029297
157570,normal,1616,0,1782360521.59009,0.0020117759704589844
157571,normal,925,2,1782360521.5921834,0.0020933151245117188
157572,normal,346,0,1782360521.5943155,0.0021321773529052734
157573,normal,3325,1,1782360521.5961008,0.0017852783203125
157574,normal,1127,0,1782360521.5980673,0.0019664764404296875
157575,normal,2389,0,1782360521.6000807,0.0020134449005126953
157576,normal,254,0,1782360521.6020725,0.001991748809814453
157577,normal,885,2,1782360521.6040962,0.0020236968994140625
157578,normal,2153,0,1782360521.6064708,0.0023746490478515625
157579,normal,2437,0,1782360521.6083033,0.0018324851989746094
157580,normal,3149,1,1782360521.610197,0.001893758773803711
157581,normal,2130,0,1782360521.612187,0.0019898414611816406
157582,normal,2867,0,1782360521.6141856,0.0019986629486083984
157583,normal,2135,0,1782360521.61619,0.002004384994506836
157584,normal,1239,0,1782360521.618109,0.0019190311431884766
157585,normal,3709,0,1782360521.6203735,0.0022644996643066406
157586,normal,3087,1,1782360521.622247,0.0018734931945800781
157587,normal,2976,0,1782360521.6241512,0.0019042491912841797
157588,normal,1676,0,1782360521.626598,0.0024466514587402344
157589,normal,181,0,1782360521.6284697,0.0018718242645263672
157590,normal,3662,0,1782360521.6301858,0.0017161369323730469
157591,normal,178,0,1782360521.6321206,0.0019347667694091797
157592,normal,1789,0,1782360521.6340415,0.001920938491821289
157593,normal,1167,0,1782360521.6360788,0.0020372867584228516
157594,normal,2788,0,1782360521.6382248,0.002146005630493164
157595,normal,3052,1,1782360521.6401823,0.001957416534423828
157596,normal,801,2,1782360521.6421187,0.0019364356994628906
157597,normal,1348,1,1782360521.6441035,0.001984834671020508
157598,normal,2795,0,1782360521.6461134,0.002009868621826172
157599,normal,1686,0,1782360521.6481223,0.0020089149475097656
157600,normal,3448,0,1782360521.650135,0.0020127296447753906
157601,normal,1814,0,1782360521.6521366,0.002001523971557617
157602,normal,1635,0,1782360521.654069,0.001932382583618164
157603,normal,493,0,1782360521.6561024,0.0020334720611572266
157604,normal,390,0,1782360521.6581461,0.0020437240600585938
157605,normal,2971,0,1782360521.6601374,0.00199127197265625
157606,normal,2583,0,1782360521.662174,0.002036571502685547
157607,normal,1964,0,1782360521.6640944,0.001920461654663086
157608,normal,1279,0,1782360521.6660755,0.001981019973754883
157609,normal,3248,1,1782360521.6680806,0.0020051002502441406
157610,normal,605,0,1782360521.6702201,0.002139568328857422
157611,normal,3377,1,1782360521.6721928,0.001972675323486328
157612,normal,1626,0,1782360521.6748123,0.002619504928588867
157613,normal,1049,0,1782360521.676082,0.0012695789337158203
157614,normal,2391,0,1782360521.6780965,0.002014636993408203
157615,normal,25,0,1782360521.6801124,0.002015829086303711
157616,normal,1283,0,1782360521.6820698,0.001957416534423828
157617,normal,186,0,1782360521.6840842,0.0020143985748291016
157618,normal,3401,1,1782360521.686227,0.0021429061889648438
157619,normal,2367,0,1782360521.6880946,0.001867532730102539
157620,normal,18,0,1782360521.6901565,0.0020618438720703125
157621,normal,1711,0,1782360521.692222,0.0020656585693359375
157622,normal,2133,0,1782360521.694122,0.0018999576568603516
157623,normal,1414,0,1782360521.696116,0.001993894577026367
157624,normal,756,0,1782360521.6981344,0.002018451690673828
157625,normal,620,0,1782360521.70015,0.0020155906677246094
157626,normal,2994,0,1782360521.7020671,0.001917123794555664
157627,normal,158,0,1782360521.7040656,0.001998424530029297
157628,normal,2051,0,1782360521.7061343,0.002068758010864258
157629,normal,1329,1,1782360521.708045,0.0019106864929199219
157630,normal,1014,2,1782360521.7100315,0.0019865036010742188
157631,normal,2890,0,1782360521.7120302,0.0019986629486083984
157632,normal,1209,0,1782360521.7140584,0.002028226852416992
157633,normal,1740,0,1782360521.7163637,0.002305269241333008
157634,normal,2151,0,1782360521.7181435,0.001779794692993164
157635,normal,2968,0,1782360521.720294,0.0021505355834960938
157636,normal,2119,0,1782360521.722355,0.0020608901977539062
157637,normal,1808,0,1782360521.724185,0.0018301010131835938
157638,normal,3607,0,1782360521.7262793,0.002094268798828125
157639,normal,2471,0,1782360521.728295,0.002015829086303711
157640,normal,941,2,1782360521.7303166,0.0020215511322021484
157641,normal,3142,1,1782360521.7322547,0.0019381046295166016
157642,normal,1874,0,1782360521.7341547,0.0018999576568603516
157643,normal,2683,0,1782360521.7361517,0.0019969940185546875
157644,normal,1749,0,1782360521.73815,0.0019981861114501953
157645,normal,3048,1,1782360521.7401514,0.002001523971557617
157646,normal,1253,0,1782360521.742318,0.0021665096282958984
157647,normal,40,0,1782360521.744063,0.001744985580444336
157648,normal,3169,1,1782360521.746146,0.0020830631256103516
157649,normal,1819,0,1782360521.7481494,0.0020034313201904297
157650,normal,2819,0,1782360521.750148,0.0019986629486083984
157651,normal,2904,0,1782360521.7526171,0.0024690628051757812
157652,normal,380,0,1782360521.7545009,0.0018837451934814453
157653,normal,2430,0,1782360521.7561643,0.0016634464263916016
157654,normal,3014,0,1782360521.758199,0.0020346641540527344
157655,normal,1385,0,1782360521.7601924,0.001993417739868164
157656,normal,981,2,1782360521.7621899,0.0019974708557128906
157657,normal,3335,1,1782360521.7642314,0.0020415782928466797
157658,normal,2924,0,1782360521.7662597,0.002028226852416992
157659,normal,2385,0,1782360521.7681704,0.0019106864929199219
157660,normal,2140,0,1782360521.7702162,0.002045869827270508
157661,normal,726,0,1782360521.7721832,0.0019669532775878906
157662,normal,3244,1,1782360521.774185,0.0020017623901367188
157663,normal,3572,0,1782360521.7761838,0.0019989013671875
157664,normal,669,0,1782360521.7782311,0.002047300338745117
157665,normal,3130,1,1782360521.7801685,0.0019373893737792969
157666,normal,1904,0,1782360521.782551,0.002382516860961914
157667,normal,2372,0,1782360521.7842636,0.0017125606536865234
157668,normal,1349,1,1782360521.7863207,0.0020570755004882812
157669,normal,774,2,1782360521.7883055,0.001984834671020508
157670,normal,553,0,1782360521.7902372,0.0019316673278808594
157671,normal,3243,1,1782360521.7922535,0.002016305923461914
157672,normal,1169,0,1782360521.7945595,0.0023059844970703125
157673,normal,2107,0,1782360521.7963154,0.0017559528350830078
157674,normal,796,2,1782360521.7982519,0.0019364356994628906
157675,normal,2456,0,1782360521.80021,0.001958131790161133
157676,normal,1661,0,1782360521.802336,0.002125978469848633
157677,normal,1146,0,1782360521.8042974,0.0019614696502685547
157678,normal,2239,0,1782360521.8061285,0.0018310546875
157679,normal,3257,1,1782360521.808034,0.0019054412841796875
157680,normal,2944,0,1782360521.8100646,0.002030611038208008
157681,normal,2709,0,1782360521.8120906,0.002026081085205078
157682,normal,2948,0,1782360521.8140638,0.0019731521606445312
157683,normal,2692,0,1782360521.8160563,0.001992464065551758
157684,normal,1048,0,1782360521.8180485,0.0019922256469726562
157685,normal,646,0,1782360521.820065,0.0020165443420410156
157686,normal,59,0,1782360521.822073,0.0020079612731933594
157687,normal,3038,0,1782360521.8240967,0.0020236968994140625
157688,normal,115,0,1782360521.8261127,0.0020160675048828125
157689,normal,2492,0,1782360521.8281395,0.002026796340942383
157690,normal,503,0,1782360521.8300734,0.0019338130950927734
157691,normal,1426,0,1782360521.832161,0.0020875930786132812
157692,normal,84,0,1782360521.8341234,0.001962423324584961
157693,normal,2232,0,1782360521.8361723,0.002048969268798828
157694,normal,2138,0,1782360521.838145,0.001972675323486328
157695,normal,931,2,1782360521.8400936,0.0019485950469970703
157696,normal,2618,0,1782360521.8422098,0.0021162033081054688
157697,normal,499,0,1782360521.844096,0.001886129379272461
157698,normal,3479,0,1782360521.8461237,0.002027750015258789
157699,normal,1319,1,1782360521.8481114,0.0019876956939697266
157700,normal,476,0,1782360521.8501084,0.0019969940185546875
157701,normal,2518,0,1782360521.8521633,0.002054929733276367
157702,normal,470,0,1782360521.8541462,0.0019829273223876953
157703,normal,512,0,1782360521.8561916,0.0020453929901123047
157704,normal,1317,0,1782360521.8581774,0.001985788345336914
157705,normal,2329,0,1782360521.8601797,0.002002239227294922
157706,normal,174,0,1782360521.8621812,0.002001523971557617
157707,normal,2652,0,1782360521.8641796,0.001998424530029297
157708,normal,3172,1,1782360521.866205,0.0020253658294677734
157709,normal,3482,0,1782360521.8682413,0.0020363330841064453
157710,normal,713,0,1782360521.8704884,0.0022470951080322266
157711,normal,1273,0,1782360521.8722563,0.001767873764038086
157712,normal,2299,0,1782360521.8742087,0.0019524097442626953
157713,normal,2941,0,1782360521.8761945,0.001985788345336914
157714,normal,3618,0,1782360521.8782158,0.002021312713623047
157715,normal,1796,0,1782360521.8801541,0.0019383430480957031
157716,normal,2177,0,1782360521.8820653,0.001911163330078125
157717,normal,3546,0,1782360521.8841524,0.002087116241455078
157718,normal,2743,0,1782360521.8862126,0.0020601749420166016
157719,normal,127,0,1782360521.8882647,0.0020520687103271484
157720,normal,2822,0,1782360521.8902056,0.0019409656524658203
157721,normal,263,0,1782360521.8922584,0.002052783966064453
157722,normal,173,0,1782360521.8943474,0.0020890235900878906
157723,normal,1665,0,1782360521.8965116,0.002164125442504883
157724,normal,2357,0,1782360521.8981683,0.0016567707061767578
157725,normal,2298,0,1782360521.9003763,0.0022079944610595703
157726,normal,352,0,1782360521.9023228,0.0019464492797851562
157727,normal,1617,0,1782360521.9041874,0.0018646717071533203
157728,normal,3194,1,1782360521.9061632,0.0019757747650146484
157729,normal,3060,1,1782360521.9081516,0.0019884109497070312
157730,normal,107,0,1782360521.910155,0.0020034313201904297
157731,normal,729,0,1782360521.912224,0.0020689964294433594
157732,normal,2160,0,1782360521.9142802,0.002056121826171875
157733,normal,3468,0,1782360521.9161615,0.0018813610076904297
157734,normal,3406,0,1782360521.9181514,0.0019898414611816406
157735,normal,2241,0,1782360521.920151,0.0019996166229248047
157736,normal,921,2,1782360521.922164,0.002012968063354492
157737,normal,1725,0,1782360521.92447,0.0023059844970703125
157738,normal,1932,0,1782360521.9265177,0.0020477771759033203
157739,normal,1555,0,1782360521.928215,0.0016973018646240234
157740,normal,3515,0,1782360521.930214,0.0019989013671875
157741,normal,3376,1,1782360521.9321973,0.0019834041595458984
157742,normal,1004,2,1782360521.9342017,0.002004384994506836
157743,normal,404,0,1782360521.936196,0.0019943714141845703
157744,normal,2457,0,1782360521.938451,0.002254962921142578
157745,normal,2605,0,1782360521.9401782,0.0017271041870117188
157746,normal,2612,0,1782360521.9421878,0.0020096302032470703
157747,normal,2311,0,1782360521.9441996,0.0020117759704589844
157748,normal,1887,0,1782360521.94619,0.0019905567169189453
157749,normal,983,2,1782360521.9481976,0.0020074844360351562
157750,normal,2531,0,1782360521.9502084,0.002010822296142578
157751,normal,1103,0,1782360521.952543,0.0023345947265625
157752,normal,2800,0,1782360521.9542413,0.0016982555389404297
157753,normal,3416,0,1782360521.9562776,0.0020363330841064453
157754,normal,3333,1,1782360521.9582112,0.0019335746765136719
157755,normal,787,2,1782360521.960303,0.0020918846130371094
157756,normal,1765,0,1782360521.962257,0.0019538402557373047
157757,normal,1309,0,1782360521.9645166,0.0022597312927246094
157758,normal,3315,1,1782360521.9663162,0.0017995834350585938
157759,normal,2582,0,1782360521.968351,0.0020346641540527344
157760,normal,2938,0,1782360521.970129,0.0017781257629394531
157761,normal,616,0,1782360521.972319,0.0021898746490478516
157762,normal,2801,0,1782360521.974371,0.0020520687103271484
157763,normal,1270,0,1782360521.9761736,0.001802682876586914
157764,normal,296,0,1782360521.978196,0.002022266387939453
157765,normal,1090,0,1782360521.9801967,0.0020008087158203125
157766,normal,3666,0,1782360521.982101,0.0019042491912841797
157767,normal,650,0,1782360521.9841828,0.0020818710327148438
157768,normal,1744,0,1782360521.9861858,0.0020029544830322266
157769,normal,1641,0,1782360521.9881709,0.0019850730895996094
157770,normal,1853,0,1782360521.99021,0.002039194107055664
157771,normal,464,0,1782360521.9922194,0.0020093917846679688
157772,normal,3131,1,1782360521.9942586,0.002039194107055664
157773,normal,3465,0,1782360521.9962711,0.002012491226196289
157774,normal,2229,0,1782360521.9989812,0.002710103988647461
157775,normal,3011,0,1782360522.0000694,0.0010881423950195312
157776,normal,1619,0,1782360522.002149,0.0020797252655029297
157777,normal,2880,0,1782360522.0041506,0.002001523971557617
157778,normal,2665,0,1782360522.0061696,0.0020189285278320312
157779,normal,1646,0,1782360522.0081851,0.0020155906677246094
157780,normal,3214,1,1782360522.0100744,0.0018892288208007812
157781,normal,3346,1,1782360522.0120983,0.002023935317993164
157782,normal,1149,0,1782360522.0140948,0.0019965171813964844
157783,normal,2243,0,1782360522.0160873,0.001992464065551758
157784,normal,2318,0,1782360522.0180945,0.0020072460174560547
157785,normal,201,0,1782360522.0200963,0.0020017623901367188
157786,normal,1488,0,1782360522.0221012,0.002004861831665039
157787,normal,1710,0,1782360522.0241082,0.002007007598876953
157788,normal,1985,0,1782360522.0262113,0.002103090286254883
157789,normal,480,0,1782360522.0281003,0.0018889904022216797
157790,normal,3222,1,1782360522.030099,0.0019986629486083984
157791,normal,833,2,1782360522.0320878,0.0019888877868652344
157792,normal,1154,0,1782360522.0340903,0.0020024776458740234
157793,normal,2762,0,1782360522.0360854,0.001995086669921875
157794,normal,2337,0,1782360522.0380962,0.002010822296142578
157795,normal,1528,0,1782360522.040141,0.0020449161529541016
157796,normal,2900,0,1782360522.0421422,0.002001047134399414
157797,normal,397,0,1782360522.0441868,0.002044677734375
157798,normal,2917,0,1782360522.0461724,0.0019855499267578125
157799,normal,2987,0,1782360522.048108,0.001935720443725586
157800,normal,1822,0,1782360522.0501144,0.0020062923431396484
157801,normal,1675,0,1782360522.052112,0.001997709274291992
157802,normal,3594,0,1782360522.0542502,0.0021381378173828125
157803,normal,2666,0,1782360522.0561213,0.0018711090087890625
157804,normal,2466,0,1782360522.0582263,0.0021049976348876953
157805,normal,1286,0,1782360522.0601234,0.0018970966339111328
157806,normal,542,0,1782360522.0624096,0.002286195755004883
157807,normal,832,2,1782360522.064128,0.001718282699584961
157808,normal,1482,0,1782360522.0662825,0.0021545886993408203
157809,normal,320,0,1782360522.0682352,0.0019526481628417969
157810,normal,319,0,1782360522.0703814,0.0021462440490722656
157811,normal,2276,0,1782360522.072184,0.001802682876586914
157812,normal,909,2,1782360522.0741565,0.0019724369049072266
157813,normal,3126,1,1782360522.076343,0.0021865367889404297
157814,normal,1859,0,1782360522.07826,0.0019168853759765625
157815,normal,827,2,1782360522.080109,0.0018489360809326172
157816,normal,3507,0,1782360522.0822184,0.002109527587890625
157817,normal,3017,0,1782360522.0841033,0.0018849372863769531
157818,normal,3672,0,1782360522.0862179,0.002114534378051758
157819,normal,1658,0,1782360522.0883093,0.0020914077758789062
157820,normal,2316,0,1782360522.0901024,0.0017931461334228516
157821,normal,1224,0,1782360522.092216,0.0021135807037353516
157822,normal,3378,1,1782360522.0941012,0.0018851757049560547
157823,normal,2275,0,1782360522.0962145,0.00211334228515625
157824,normal,693,0,1782360522.0984957,0.00228118896484375
157825,normal,1128,0,1782360522.1003077,0.001811981201171875
157826,normal,1201,0,1782360522.102101,0.0017933845520019531
157827,normal,3599,0,1782360522.1042266,0.0021255016326904297
157828,normal,963,2,1782360522.1062984,0.002071857452392578
157829,normal,299,0,1782360522.1081266,0.0018281936645507812
157830,normal,3414,0,1782360522.110285,0.0021584033966064453
157831,normal,723,0,1782360522.1122553,0.0019702911376953125
157832,normal,1501,0,1782360522.1141393,0.0018839836120605469
157833,normal,2642,0,1782360522.1161997,0.002060413360595703
157834,normal,233,0,1782360522.1182013,0.002001523971557617
157835,normal,67,0,1782360522.1200924,0.0018911361694335938
157836,normal,1469,0,1782360522.122211,0.0021185874938964844
157837,normal,112,0,1782360522.1243262,0.0021152496337890625
157838,normal,1571,0,1782360522.1262965,0.0019702911376953125
157839,normal,3303,1,1782360522.1281645,0.0018680095672607422
157840,normal,2943,0,1782360522.130257,0.0020923614501953125
157841,normal,913,2,1782360522.1321578,0.0019009113311767578
157842,normal,1281,0,1782360522.1341648,0.002007007598876953
157843,normal,1995,0,1782360522.1361969,0.002032041549682617
157844,normal,2504,0,1782360522.1382885,0.002091646194458008
157845,normal,2906,0,1782360522.1402462,0.0019576549530029297
157846,normal,1584,0,1782360522.142264,0.0020177364349365234
157847,normal,1212,0,1782360522.1443727,0.0021088123321533203
157848,normal,1234,0,1782360522.1463523,0.0019795894622802734
157849,normal,3221,1,1782360522.1481903,0.0018379688262939453
157850,normal,2722,0,1782360522.1500793,0.0018889904022216797
157851,normal,2611,0,1782360522.1521857,0.0021064281463623047
157852,normal,1699,0,1782360522.1542015,0.002015829086303711
157853,normal,525,0,1782360522.1560946,0.0018930435180664062
157854,normal,3491,0,1782360522.158198,0.002103567123413086
157855,normal,1034,0,1782360522.1601946,0.0019965171813964844
157856,normal,1457,0,1782360522.162075,0.0018804073333740234
157857,normal,3116,1,1782360522.1641958,0.0021207332611083984
157858,normal,1379,1,1782360522.1662226,0.002026796340942383
157859,normal,782,2,1782360522.1681502,0.0019276142120361328
157860,normal,210,0,1782360522.1702638,0.0021135807037353516
157861,normal,1593,0,1782360522.172191,0.0019271373748779297
157862,normal,1774,0,1782360522.1741138,0.0019228458404541016
157863,normal,649,0,1782360522.1762283,0.002114534378051758
157864,normal,3493,0,1782360522.1782503,0.0020220279693603516
157865,normal,198,0,1782360522.180166,0.0019156932830810547
157866,normal,735,0,1782360522.1820838,0.0019178390502929688
157867,normal,2237,0,1782360522.1842153,0.0021314620971679688
157868,normal,1540,0,1782360522.186101,0.0018856525421142578
157869,normal,2193,0,1782360522.1882093,0.002108335494995117
157870,normal,2660,0,1782360522.1900966,0.0018873214721679688
157871,normal,1215,0,1782360522.192314,0.0022172927856445312
157872,normal,3210,1,1782360522.1940932,0.001779317855834961
157873,normal,1979,0,1782360522.196218,0.002124786376953125
157874,normal,1715,0,1782360522.1981912,0.0019731521606445312
157875,normal,325,0,1782360522.200083,0.0018918514251708984
157876,normal,1579,0,1782360522.2021942,0.002111196517944336
157877,normal,3562,0,1782360522.20408,0.0018858909606933594
157878,normal,2675,0,1782360522.2061949,0.0021147727966308594
157879,normal,2736,0,1782360522.2082043,0.0020093917846679688
157880,normal,3344,1,1782360522.210089,0.0018846988677978516
157881,normal,1453,0,1782360522.212246,0.002156972885131836
157882,normal,3382,1,1782360522.214246,0.002000093460083008
157883,normal,2392,0,1782360522.2161393,0.0018932819366455078
157884,normal,1161,0,1782360522.21827,0.002130746841430664
157885,normal,875,2,1782360522.2201114,0.0018413066864013672
157886,normal,2879,0,1782360522.2222114,0.0020999908447265625
157887,normal,1835,0,1782360522.2241282,0.0019168853759765625
157888,normal,557,0,1782360522.2262104,0.0020821094512939453
157889,normal,2783,0,1782360522.2281227,0.0019123554229736328
157890,normal,2292,0,1782360522.230232,0.0021092891693115234
157891,normal,2489,0,1782360522.232231,0.0019989013671875
157892,normal,3091,1,1782360522.2342908,0.0020599365234375
157893,normal,1939,0,1782360522.2361681,0.0018773078918457031
157894,normal,2394,0,1782360522.2382839,0.0021157264709472656
157895,normal,3336,1,1782360522.240209,0.0019252300262451172
157896,normal,3190,1,1782360522.2424545,0.0022454261779785156
157897,normal,2679,0,1782360522.24418,0.0017254352569580078
157898,normal,261,0,1782360522.2463005,0.002120494842529297
157899,normal,2747,0,1782360522.2482438,0.001943349838256836
157900,normal,2608,0,1782360522.2503092,0.002065420150756836
157901,normal,2325,0,1782360522.252113,0.0018038749694824219
157902,normal,3275,1,1782360522.25422,0.002106904983520508
157903,normal,3650,0,1782360522.2562184,0.001998424530029297
157904,normal,1537,0,1782360522.2581296,0.001911163330078125
157905,normal,655,0,1782360522.2602327,0.002103090286254883
157906,normal,1435,0,1782360522.2622273,0.001994609832763672
157907,normal,677,0,1782360522.264115,0.0018877983093261719
157908,normal,3021,0,1782360522.2662184,0.0021033287048339844
157909,normal,324,0,1782360522.2682228,0.002004384994506836
157910,normal,2894,0,1782360522.27087,0.0026471614837646484
157911,normal,206,0,1782360522.2722714,0.0014014244079589844
157912,normal,701,0,1782360522.274248,0.001976490020751953
157913,normal,169,0,1782360522.27612,0.0018720626831054688
157914,normal,2694,0,1782360522.278241,0.0021209716796875
157915,normal,1162,0,1782360522.280252,0.0020110607147216797
157916,normal,1006,2,1782360522.2822807,0.0020287036895751953
157917,normal,279,0,1782360522.2842126,0.001931905746459961
157918,normal,715,0,1782360522.2862277,0.0020151138305664062
157919,normal,3274,1,1782360522.2881157,0.0018880367279052734
157920,normal,639,0,1782360522.2902396,0.0021238327026367188
157921,normal,3051,1,1782360522.2922451,0.0020055770874023438
157922,normal,687,0,1782360522.2941368,0.0018916130065917969
157923,normal,1118,0,1782360522.2964594,0.002322673797607422
157924,normal,3510,0,1782360522.298381,0.0019216537475585938
157925,normal,2821,0,1782360522.300257,0.0018758773803710938
157926,normal,547,0,1782360522.3023124,0.0020554065704345703
157927,normal,2874,0,1782360522.3043256,0.0020132064819335938
157928,normal,2290,0,1782360522.3062437,0.0019180774688720703
157929,normal,2672,0,1782360522.3082306,0.001986980438232422
157930,normal,3361,1,1782360522.3105586,0.0023279190063476562
157931,normal,727,0,1782360522.3123643,0.0018057823181152344
157932,normal,340,0,1782360522.3142252,0.0018608570098876953
157933,normal,2173,0,1782360522.316424,0.0021986961364746094
157934,normal,1231,0,1782360522.3185093,0.002085447311401367
157935,normal,2321,0,1782360522.3201127,0.0016033649444580078
157936,normal,1799,0,1782360522.322223,0.0021102428436279297
157937,normal,1445,0,1782360522.324109,0.001886129379272461
157938,normal,3619,0,1782360522.326132,0.002022981643676758
157939,normal,1353,1,1782360522.328242,0.002110004425048828
157940,normal,1693,0,1782360522.330122,0.0018799304962158203
157941,normal,2211,0,1782360522.3322217,0.002099752426147461
157942,normal,3683,0,1782360522.3342538,0.002032041549682617
157943,normal,859,2,1782360522.336137,0.0018832683563232422
157944,normal,185,0,1782360522.3382852,0.002148151397705078
157945,normal,1176,0,1782360522.3403153,0.0020301342010498047
157946,normal,1647,0,1782360522.3421497,0.0018343925476074219
157947,normal,1468,0,1782360522.344241,0.0020911693572998047
157948,normal,3684,0,1782360522.34626,0.002019166946411133
157949,normal,2423,0,1782360522.3481765,0.0019164085388183594
157950,normal,3111,1,1782360522.350161,0.0019845962524414062
157951,normal,108,0,1782360522.3522747,0.0021135807037353516
157952,normal,3203,1,1782360522.3541243,0.0018496513366699219
157953,normal,815,2,1782360522.3562171,0.0020928382873535156
157954,normal,2848,0,1782360522.358226,0.0020089149475097656
157955,normal,780,2,1782360522.3601027,0.0018765926361083984
157956,normal,2520,0,1782360522.3622386,0.0021359920501708984
157957,normal,2347,0,1782360522.3642254,0.0019867420196533203
157958,normal,3148,1,1782360522.3661323,0.0019068717956542969
157959,normal,791,2,1782360522.3682325,0.002100229263305664
157960,normal,746,0,1782360522.370204,0.0019714832305908203
157961,normal,1072,0,1782360522.3720865,0.0018825531005859375
157962,normal,1673,0,1782360522.374216,0.0021295547485351562
157963,normal,2870,0,1782360522.376215,0.0019989013671875
157964,normal,2654,0,1782360522.3780966,0.0018815994262695312
157965,normal,1785,0,1782360522.3802328,0.00213623046875
157966,normal,1848,0,1782360522.3823626,0.002129793167114258
157967,normal,3405,0,1782360522.3841162,0.0017535686492919922
157968,normal,857,2,1782360522.3862991,0.0021829605102539062
157969,normal,3164,1,1782360522.3882158,0.001916646957397461
157970,normal,1066,0,1782360522.3902543,0.0020384788513183594
157971,normal,1109,0,1782360522.392224,0.0019698143005371094
157972,normal,328,0,1782360522.3943026,0.002078533172607422
157973,normal,1163,0,1782360522.3962457,0.0019431114196777344
157974,normal,1986,0,1782360522.3981009,0.0018551349639892578
157975,normal,1603,0,1782360522.400313,0.002212047576904297
157976,normal,819,2,1782360522.4023595,0.0020465850830078125
157977,normal,2433,0,1782360522.404138,0.0017786026000976562
157978,normal,3399,1,1782360522.4063816,0.002243518829345703
157979,normal,2566,0,1782360522.408386,0.002004384994506836
157980,normal,2755,0,1782360522.4102132,0.001827239990234375
157981,normal,57,0,1782360522.4124057,0.0021924972534179688
157982,normal,3432,0,1782360522.414152,0.0017461776733398438
157983,normal,1644,0,1782360522.4164512,0.0022993087768554688
157984,normal,1547,0,1782360522.4183142,0.0018630027770996094
157985,normal,101,0,1782360522.4201841,0.0018699169158935547
157986,normal,518,0,1782360522.422298,0.002113819122314453
157987,normal,3525,0,1782360522.4241905,0.0018925666809082031
157988,normal,3105,1,1782360522.4262915,0.0021009445190429688
157989,normal,2638,0,1782360522.4281843,0.0018928050994873047
157990,normal,3576,0,1782360522.4303024,0.0021181106567382812
157991,normal,1730,0,1782360522.432203,0.0019006729125976562
157992,normal,240,0,1782360522.434208,0.002004861831665039
157993,normal,31,0,1782360522.4362946,0.002086639404296875
157994,normal,2858,0,1782360522.438288,0.001993417739868164
157995,normal,508,0,1782360522.4406252,0.002337217330932617
157996,normal,3062,1,1782360522.4422083,0.001583099365234375
157997,normal,765,0,1782360522.4443097,0.002101421356201172
157998,normal,813,2,1782360522.446108,0.001798391342163086
157999,normal,2866,0,1782360522.4483054,0.002197265625
158000,normal,3517,0,1782360522.4502552,0.0019497871398925781
158001,normal,1008,2,1782360522.4521787,0.0019235610961914062
158002,normal,951,2,1782360522.4543347,0.0021560192108154297
158003,normal,2502,0,1782360522.45631,0.0019752979278564453
158004,normal,1696,0,1782360522.4581106,0.001800537109375
158005,normal,2901,0,1782360522.4603052,0.002194643020629883
158006,normal,2885,0,1782360522.4622712,0.0019659996032714844
158007,normal,3582,0,1782360522.464134,0.0018627643585205078
158008,normal,3363,1,1782360522.4663248,0.002190828323364258
158009,normal,1587,0,1782360522.4684794,0.0021545886993408203
158010,normal,291,0,1782360522.4702368,0.0017573833465576172
158011,normal,2431,0,1782360522.4723792,0.0021424293518066406
158012,normal,196,0,1782360522.4742005,0.001821279525756836
158013,normal,80,0,1782360522.476297,0.002096414566040039
158014,normal,855,2,1782360522.4783828,0.0020859241485595703
158015,normal,2691,0,1782360522.4801047,0.0017218589782714844
158016,normal,1384,0,1782360522.4826899,0.002585172653198242
158017,normal,718,0,1782360522.484299,0.0016090869903564453
158018,normal,531,0,1782360522.4861498,0.0018508434295654297
158019,normal,861,2,1782360522.4885864,0.0024366378784179688
158020,normal,2324,0,1782360522.4906178,0.0020313262939453125
158021,normal,1968,0,1782360522.4921994,0.0015816688537597656
158022,normal,222,0,1782360522.494292,0.002092599868774414
158023,normal,3006,0,1782360522.4962862,0.0019941329956054688
158024,normal,3334,1,1782360522.4982462,0.0019600391387939453
158025,normal,355,0,1782360522.5002296,0.0019834041595458984
158026,normal,2763,0,1782360522.5023136,0.002084016799926758
158027,normal,883,2,1782360522.5042312,0.0019176006317138672
158028,normal,2791,0,1782360522.5062149,0.001983642578125
158029,normal,3015,0,1782360522.5083187,0.0021038055419921875
158030,normal,2056,0,1782360522.5101666,0.001847982406616211
158031,normal,2182,0,1782360522.512372,0.002205371856689453
158032,normal,843,2,1782360522.5142431,0.0018711090087890625
158033,normal,3163,1,1782360522.5162294,0.001986265182495117
158034,normal,3059,1,1782360522.518241,0.002011537551879883
158035,normal,767,0,1782360522.5203502,0.0021092891693115234
158036,normal,821,2,1782360522.5222104,0.0018601417541503906
158037,normal,1104,0,1782360522.5242283,0.002017974853515625
158038,normal,3609,0,1782360522.526314,0.0020856857299804688
158039,normal,2868,0,1782360522.5282412,0.0019271373748779297
158040,normal,2537,0,1782360522.5301259,0.0018846988677978516
158041,normal,3563,0,1782360522.532325,0.0021991729736328125
158042,normal,2626,0,1782360522.534142,0.0018169879913330078
158043,normal,668,0,1782360522.536345,0.0022029876708984375
158044,normal,192,0,1782360522.5382671,0.0019221305847167969
158045,normal,3259,1,1782360522.5402467,0.0019795894622802734
158046,normal,1023,2,1782360522.5422657,0.0020189285278320312
158047,normal,1998,0,1782360522.5443115,0.002045869827270508
158048,normal,2925,0,1782360522.546113,0.0018014907836914062
158049,normal,2952,0,1782360522.548308,0.0021948814392089844
158050,normal,1751,0,1782360522.5502057,0.0018978118896484375
158051,normal,120,0,1782360522.5523486,0.0021429061889648438
158052,normal,314,0,1782360522.554158,0.0018093585968017578
158053,normal,3692,0,1782360522.556617,0.0024590492248535156
158054,normal,3338,1,1782360522.5581312,0.0015141963958740234
158055,normal,111,0,1782360522.5603397,0.0022084712982177734
158056,normal,2834,0,1782360522.5622373,0.001897573471069336
158057,normal,125,0,1782360522.5642347,0.0019974708557128906
158058,normal,2967,0,1782360522.5662053,0.001970529556274414
158059,normal,1668,0,1782360522.568298,0.0020928382873535156
158060,normal,2505,0,1782360522.5702357,0.0019376277923583984
158061,normal,1185,0,1782360522.5722404,0.0020046234130859375
158062,normal,681,0,1782360522.5743725,0.0021321773529052734
158063,normal,2384,0,1782360522.5763304,0.0019578933715820312
158064,normal,74,0,1782360522.5781593,0.001828908920288086
158065,normal,364,0,1782360522.5804315,0.0022721290588378906
158066,normal,1602,0,1782360522.582524,0.002092599868774414
158067,normal,241,0,1782360522.5841756,0.0016515254974365234
158068,normal,507,0,1782360522.586367,0.002191305160522461
158069,normal,3707,0,1782360522.5884092,0.0020422935485839844
158070,normal,3270,1,1782360522.5902255,0.0018162727355957031
158071,normal,2270,0,1782360522.5922897,0.002064228057861328
158072,normal,1402,0,1782360522.594215,0.0019252300262451172
158073,normal,549,0,1782360522.5962062,0.00199127197265625
158074,normal,435,0,1782360522.5983186,0.0021123886108398438
158075,normal,3560,0,1782360522.6011052,0.0027866363525390625
158076,normal,1583,0,1782360522.602137,0.0010318756103515625
158077,normal,269,0,1782360522.6042986,0.0021615028381347656
158078,normal,2641,0,1782360522.6060982,0.0017995834350585938
158079,normal,1436,0,1782360522.6082895,0.002191305160522461
158080,normal,2485,0,1782360522.6102908,0.0020012855529785156
158081,normal,753,0,1782360522.612251,0.001960277557373047
158082,normal,611,0,1782360522.614651,0.002399921417236328
158083,normal,1654,0,1782360522.616238,0.0015871524810791016
158084,normal,44,0,1782360522.618304,0.002065896987915039
158085,normal,1206,0,1782360522.6201055,0.0018014907836914062
158086,normal,1709,0,1782360522.6223054,0.002199888229370117
158087,normal,43,0,1782360522.6242058,0.0019004344940185547
158088,normal,2400,0,1782360522.6262922,0.0020864009857177734
158089,normal,2526,0,1782360522.6282578,0.0019655227661132812
158090,normal,3687,0,1782360522.6302152,0.001957416534423828
158091,normal,1530,0,1782360522.632202,0.0019867420196533203
158092,normal,116,0,1782360522.634311,0.002109050750732422
158093,normal,496,0,1782360522.6361284,0.001817464828491211
158094,normal,2964,0,1782360522.6383388,0.002210378646850586
158095,normal,1259,0,1782360522.6403239,0.0019850730895996094
158096,normal,1865,0,1782360522.6424158,0.0020918846130371094
158097,normal,623,0,1782360522.644221,0.0018053054809570312
158098,normal,143,0,1782360522.646428,0.002207040786743164
158099,normal,555,0,1782360522.6482558,0.0018277168273925781
158100,normal,459,0,1782360522.650322,0.0020661354064941406
158101,normal,100,0,1782360522.652204,0.0018820762634277344
158102,normal,3695,0,1782360522.6547167,0.002512693405151367
158103,normal,2598,0,1782360522.6562934,0.0015766620635986328
158104,normal,805,2,1782360522.658358,0.0020647048950195312
158105,normal,69,0,1782360522.6605973,0.002239227294921875
158106,normal,1764,0,1782360522.6625419,0.0019445419311523438
158107,normal,486,0,1782360522.6642787,0.0017368793487548828
158108,normal,3504,0,1782360522.666221,0.0019421577453613281
158109,normal,3124,1,1782360522.6681929,0.0019719600677490234
158110,normal,420,0,1782360522.6703095,0.002116680145263672
158111,normal,1036,0,1782360522.6721342,0.0018246173858642578
158112,normal,1474,0,1782360522.674307,0.0021729469299316406
158113,normal,1260,0,1782360522.6762033,0.0018961429595947266
158114,normal,2040,0,1782360522.6783025,0.002099275588989258
158115,normal,1732,0,1782360522.6802218,0.0019192695617675781
158116,normal,2340,0,1782360522.6823473,0.0021255016326904297
158117,normal,3168,1,1782360522.6843202,0.0019729137420654297
158118,normal,1467,0,1782360522.6862545,0.0019342899322509766
158119,normal,2892,0,1782360522.688305,0.0020503997802734375
158120,normal,2847,0,1782360522.6902757,0.0019707679748535156
158121,normal,3107,1,1782360522.6921623,0.001886606216430664
158122,normal,2591,0,1782360522.6943886,0.0022263526916503906
158123,normal,3213,1,1782360522.696141,0.0017523765563964844
158124,normal,1624,0,1782360522.6983001,0.00215911865234375
158125,normal,964,2,1782360522.7003074,0.0020072460174560547
158126,normal,389,0,1782360522.7021182,0.0018107891082763672
158127,normal,231,0,1782360522.7043006,0.002182483673095703
158128,normal,749,0,1782360522.7063065,0.0020058155059814453
158129,normal,165,0,1782360522.708263,0.001956462860107422
158130,normal,1254,0,1782360522.710219,0.0019559860229492188
158131,normal,2643,0,1782360522.7123294,0.0021104812622070312
158132,normal,273,0,1782360522.7143052,0.0019757747650146484
158133,normal,1849,0,1782360522.7162032,0.001898050308227539
158134,normal,1187,0,1782360522.718299,0.0020956993103027344
158135,normal,1795,0,1782360522.7201834,0.00188446044921875
158136,normal,597,0,1782360522.7223077,0.002124309539794922
158137,normal,3201,1,1782360522.7242045,0.0018968582153320312
158138,normal,3526,0,1782360522.7263322,0.0021276473999023438
158139,normal,3152,1,1782360522.7282455,0.001913309097290039
158140,normal,812,2,1782360522.7303622,0.002116680145263672
158141,normal,3139,1,1782360522.7323651,0.0020029544830322266
158142,normal,2015,0,1782360522.7342906,0.0019254684448242188
158143,normal,2007,0,1782360522.7364655,0.002174854278564453
158144,normal,3351,1,1782360522.7382739,0.0018084049224853516
158145,normal,2696,0,1782360522.7403364,0.002062559127807617
158146,normal,2101,0,1782360522.742223,0.001886606216430664
158147,normal,1846,0,1782360522.744202,0.0019788742065429688
158148,normal,3324,1,1782360522.7461314,0.0019295215606689453
158149,normal,3191,1,1782360522.7482297,0.0020983219146728516
158150,normal,2921,0,1782360522.750388,0.0021581649780273438
158151,normal,2579,0,1782360522.7520854,0.001697540283203125
158152,normal,670,0,1782360522.7542994,0.0022139549255371094
158153,normal,1292,0,1782360522.7561827,0.0018832683563232422
158154,normal,3649,0,1782360522.7581575,0.001974821090698242
158155,normal,216,0,1782360522.760371,0.0022134780883789062
158156,normal,1572,0,1782360522.7625513,0.002180337905883789
158157,normal,1966,0,1782360522.764489,0.0019376277923583984
158158,normal,1073,0,1782360522.7664723,0.0019834041595458984
158159,normal,3054,1,1782360522.7682278,0.0017554759979248047
158160,normal,524,0,1782360522.7702622,0.002034425735473633
158161,normal,660,0,1782360522.7724285,0.002166271209716797
158162,normal,3660,0,1782360522.7746305,0.0022020339965820312
158163,normal,1875,0,1782360522.7761943,0.0015637874603271484
158164,normal,2078,0,1782360522.7782657,0.002071380615234375
158165,normal,2447,0,1782360522.780132,0.0018663406372070312
158166,normal,1792,0,1782360522.782267,0.002135038375854492
158167,normal,683,0,1782360522.7842927,0.002025604248046875
158168,normal,278,0,1782360522.786246,0.0019533634185791016
158169,normal,2637,0,1782360522.78814,0.0018939971923828125
158170,normal,3585,0,1782360522.7902746,0.002134561538696289
158171,normal,2939,0,1782360522.7921422,0.001867532730102539
158172,normal,3592,0,1782360522.7942538,0.002111673355102539
158173,normal,1012,2,1782360522.796433,0.0021791458129882812
158174,normal,315,0,1782360522.7989106,0.0024776458740234375
158175,normal,839,2,1782360522.8004122,0.0015015602111816406
158176,normal,3241,1,1782360522.8022044,0.0017921924591064453
158177,normal,3101,1,1782360522.8043199,0.002115488052368164
158178,normal,3357,1,1782360522.8061833,0.0018634796142578125
158179,normal,2123,0,1782360522.8082778,0.0020945072174072266
158180,normal,1159,0,1782360522.8101969,0.0019190311431884766
158181,normal,2369,0,1782360522.8124788,0.0022819042205810547
158182,normal,652,0,1782360522.814197,0.001718282699584961
158183,normal,3140,1,1782360522.8161762,0.0019791126251220703
158184,normal,3278,1,1782360522.8182566,0.0020804405212402344
158185,normal,2594,0,1782360522.8202856,0.002028942108154297
158186,normal,3316,1,1782360522.8221655,0.0018799304962158203
158187,normal,1307,0,1782360522.824259,0.0020935535430908203
158188,normal,2048,0,1782360522.8265078,0.0022487640380859375
158189,normal,3223,1,1782360522.8283799,0.0018720626831054688
158190,normal,1681,0,1782360522.830234,0.0018541812896728516
158191,normal,2715,0,1782360522.8324225,0.002188444137573242
158192,normal,491,0,1782360522.8342817,0.0018591880798339844
158193,normal,3073,1,1782360522.8362353,0.001953601837158203
158194,normal,2236,0,1782360522.838433,0.002197742462158203
158195,normal,363,0,1782360522.841221,0.002788066864013672
158196,normal,2260,0,1782360522.8424814,0.0012602806091308594
158197,normal,1186,0,1782360522.8444488,0.0019674301147460938
158198,normal,560,0,1782360522.8467743,0.0023255348205566406
158199,normal,2522,0,1782360522.8481255,0.0013511180877685547
158200,normal,607,0,1782360522.8505137,0.0023882389068603516
158201,normal,2383,0,1782360522.8526967,0.0021829605102539062
158202,normal,3205,1,1782360522.8542337,0.0015370845794677734
158203,normal,1067,0,1782360522.8563402,0.0021064281463623047
158204,normal,2936,0,1782360522.8581965,0.0018563270568847656
158205,normal,1707,0,1782360522.8602023,0.0020058155059814453
158206,normal,1394,0,1782360522.8622997,0.0020973682403564453
158207,normal,3280,1,1782360522.8641825,0.001882791519165039
158208,normal,1193,0,1782360522.8662171,0.0020346641540527344
158209,normal,884,2,1782360522.8683794,0.0021622180938720703
158210,normal,3486,0,1782360522.8702388,0.001859426498413086
158211,normal,1301,0,1782360522.8721685,0.0019297599792480469
158212,normal,3323,1,1782360522.8743556,0.002187013626098633
158213,normal,1131,0,1782360522.8762286,0.001873016357421875
158214,normal,1495,0,1782360522.8782275,0.0019989013671875
158215,normal,2398,0,1782360522.8803442,0.002116680145263672
158216,normal,3176,1,1782360522.882149,0.0018048286437988281
158217,normal,798,2,1782360522.8843625,0.0022134780883789062
158218,normal,2517,0,1782360522.8863397,0.001977205276489258
158219,normal,1027,2,1782360522.888299,0.0019593238830566406
158220,normal,516,0,1782360522.8902264,0.0019273757934570312
158221,normal,2202,0,1782360522.8923845,0.0021581649780273438
158222,normal,1381,1,1782360522.8941243,0.0017397403717041016
158223,normal,3671,0,1782360522.8962693,0.002145051956176758
158224,normal,862,2,1782360522.8981261,0.0018568038940429688
158225,normal,993,2,1782360522.9002678,0.002141714096069336
158226,normal,1490,0,1782360522.9021811,0.001913309097290039
158227,normal,586,0,1782360522.9043882,0.002207040786743164
158228,normal,1009,2,1782360522.9062471,0.0018589496612548828
158229,normal,402,0,1782360522.9082174,0.0019702911376953125
158230,normal,1093,0,1782360522.9103427,0.002125263214111328
158231,normal,940,2,1782360522.912405,0.0020623207092285156
158232,normal,19,0,1782360522.914167,0.0017619132995605469
158233,normal,2701,0,1782360522.9162984,0.0021314620971679688
158234,normal,1743,0,1782360522.91816,0.001861572265625
158235,normal,594,0,1782360522.9201202,0.001960277557373047
158236,normal,1703,0,1782360522.9222653,0.002145051956176758
158237,normal,484,0,1782360522.9241629,0.001897573471069336
158238,normal,3404,0,1782360522.9264672,0.0023043155670166016
158239,normal,126,0,1782360522.9284232,0.0019559860229492188
158240,normal,2940,0,1782360522.9304857,0.002062559127807617
158241,normal,570,0,1782360522.9322674,0.0017817020416259766
158242,normal,675,0,1782360522.9344082,0.0021407604217529297
158243,normal,1452,0,1782360522.9364264,0.0020182132720947266
158244,normal,1727,0,1782360522.9383235,0.0018970966339111328
158245,normal,2619,0,1782360522.9403307,0.0020072460174560547
158246,normal,2793,0,1782360522.9422896,0.0019588470458984375
158247,normal,3485,0,1782360522.9442236,0.001934051513671875
158248,normal,3039,0,1782360522.9464877,0.0022640228271484375
158249,normal,2946,0,1782360522.9483082,0.0018205642700195312
158250,normal,3109,1,1782360522.9501176,0.0018093585968017578
158251,normal,3370,1,1782360522.952245,0.002127408981323242
158252,normal,2567,0,1782360522.954101,0.001856088638305664
158253,normal,3305,1,1782360522.9562755,0.00217437744140625
158254,normal,17,0,1782360522.9582465,0.001971006393432617
158255,normal,412,0,1782360522.9603515,0.0021049976348876953
158256,normal,142,0,1782360522.9623132,0.0019617080688476562
158257,normal,1992,0,1782360522.9642541,0.0019409656524658203
158258,normal,1413,0,1782360522.9664228,0.0021686553955078125
158259,normal,1132,0,1782360522.9681861,0.0017633438110351562
158260,normal,2684,0,1782360522.9703062,0.0021200180053710938
158261,normal,1899,0,1782360522.9729087,0.0026025772094726562
158262,normal,3393,1,1782360522.974957,0.0020482540130615234
158263,normal,3703,0,1782360522.9764912,0.0015342235565185547
158264,normal,929,2,1782360522.9782019,0.001710653305053711
158265,normal,747,0,1782360522.9801285,0.0019266605377197266
158266,normal,2238,0,1782360522.9823,0.0021715164184570312
158267,normal,2208,0,1782360522.984125,0.0018248558044433594
158268,normal,3403,0,1782360522.9862761,0.0021512508392333984
158269,normal,834,2,1782360522.98836,0.0020837783813476562
158270,normal,2075,0,1782360522.990374,0.00201416015625
158271,normal,3337,1,1782360522.9921517,0.00177764892578125
158272,normal,2681,0,1782360522.9942675,0.0021157264709472656
158273,normal,205,0,1782360522.996134,0.0018665790557861328
158274,normal,3612,0,1782360522.9983394,0.002205371856689453
158275,normal,1133,0,1782360523.0001385,0.0017991065979003906
158276,normal,784,2,1782360523.0029423,0.002803802490234375
158277,normal,217,0,1782360523.0042758,0.001333475112915039
158278,normal,183,0,1782360523.006278,0.002002239227294922
158279,normal,3100,1,1782360523.0081327,0.0018546581268310547
158280,normal,1105,0,1782360523.0102937,0.0021610260009765625
158281,normal,2010,0,1782360523.0123456,0.002051830291748047
158282,normal,445,0,1782360523.0142677,0.0019221305847167969
158283,normal,1974,0,1782360523.016373,0.002105236053466797
158284,normal,811,2,1782360523.0182946,0.0019216537475585938
158285,normal,2077,0,1782360523.0203269,0.0020322799682617188
158286,normal,474,0,1782360523.0222213,0.0018944740295410156
158287,normal,2460,0,1782360523.0243828,0.0021615028381347656
158288,normal,3204,1,1782360523.0262713,0.0018885135650634766
158289,normal,341,0,1782360523.028131,0.0018596649169921875
158290,normal,469,0,1782360523.0302484,0.0021173954010009766
158291,normal,265,0,1782360523.032486,0.002237558364868164
158292,normal,642,0,1782360523.03435,0.0018639564514160156
158293,normal,356,0,1782360523.036306,0.0019559860229492188
158294,normal,1367,1,1782360523.0383823,0.002076387405395508
158295,normal,610,0,1782360523.0403397,0.001957416534423828
158296,normal,2922,0,1782360523.0424328,0.002093076705932617
158297,normal,3387,1,1782360523.044181,0.0017483234405517578
158298,normal,2199,0,1782360523.04629,0.0021088123321533203
158299,normal,347,0,1782360523.0483563,0.002066373825073242
158300,normal,362,0,1782360523.0506592,0.002302885055541992
158301,normal,3301,1,1782360523.0525792,0.0019199848175048828
158302,normal,645,0,1782360523.0548062,0.0022270679473876953
158303,normal,2282,0,1782360523.0566418,0.0018355846405029297
158304,normal,3262,1,1782360523.0583806,0.0017387866973876953
158305,normal,2869,0,1782360523.0603194,0.0019388198852539062
158306,normal,1479,0,1782360523.0621746,0.0018551349639892578
158307,normal,2677,0,1782360523.0643938,0.0022192001342773438
158308,normal,844,2,1782360523.0663054,0.0019116401672363281
158309,normal,3439,0,1782360523.0682778,0.0019724369049072266
158310,normal,1256,0,1782360523.0703797,0.002101898193359375
158311,normal,128,0,1782360523.072357,0.001977205276489258
158312,normal,3418,0,1782360523.0743735,0.0020165443420410156
158313,normal,2548,0,1782360523.0761604,0.001786947250366211
158314,normal,630,0,1782360523.0784965,0.0023360252380371094
158315,normal,697,0,1782360523.0803673,0.001870870590209961
158316,normal,2109,0,1782360523.0823202,0.0019528865814208984
158317,normal,264,0,1782360523.0843027,0.001982450485229492
158318,normal,3307,1,1782360523.0861645,0.0018618106842041016
158319,normal,543,0,1782360523.0882647,0.002100229263305664
158320,normal,1806,0,1782360523.0903316,0.0020668506622314453
158321,normal,1893,0,1782360523.0922768,0.0019452571868896484
158322,normal,2341,0,1782360523.0942483,0.0019714832305908203
158323,normal,322,0,1782360523.0963805,0.0021321773529052734
158324,normal,621,0,1782360523.098166,0.0017855167388916016
158325,normal,3614,0,1782360523.1004572,0.0022912025451660156
158326,normal,1000,2,1782360523.1021671,0.0017099380493164062
158327,normal,437,0,1782360523.104302,0.0021347999572753906
158328,normal,2519,0,1782360523.1061428,0.001840829849243164
158329,normal,422,0,1782360523.1082914,0.0021486282348632812
158330,normal,3196,1,1782360523.1101449,0.0018534660339355469
158331,normal,3428,0,1782360523.1122754,0.0021305084228515625
158332,normal,1291,0,1782360523.114226,0.0019507408142089844
158333,normal,2850,0,1782360523.1163418,0.0021157264709472656
158334,normal,1200,0,1782360523.1182098,0.0018680095672607422
158335,normal,707,0,1782360523.1203432,0.0021333694458007812
158336,normal,3089,1,1782360523.1221883,0.0018451213836669922
158337,normal,3674,0,1782360523.1241574,0.0019690990447998047
158338,normal,2271,0,1782360523.1262872,0.002129793167114258
158339,normal,3411,0,1782360523.128154,0.0018668174743652344
158340,normal,2955,0,1782360523.1302996,0.002145528793334961
158341,normal,2528,0,1782360523.132191,0.0018913745880126953
158342,normal,686,0,1782360523.1342235,0.0020325183868408203
158343,normal,3299,1,1782360523.1363358,0.0021123886108398438
158344,normal,922,2,1782360523.1381452,0.0018093585968017578
158345,normal,814,2,1782360523.1403823,0.002237081527709961
158346,normal,2486,0,1782360523.1422727,0.001890420913696289
158347,normal,2661,0,1782360523.1443734,0.002100706100463867
158348,normal,335,0,1782360523.1461682,0.0017948150634765625
158349,normal,3573,0,1782360523.1482298,0.002061605453491211
158350,normal,3442,0,1782360523.1503637,0.0021338462829589844
158351,normal,2382,0,1782360523.1524649,0.0021011829376220703
158352,normal,3020,0,1782360523.1542742,0.0018093585968017578
158353,normal,3511,0,1782360523.156711,0.0024368762969970703
158354,normal,1829,0,1782360523.1583467,0.0016355514526367188
158355,normal,30,0,1782360523.1602175,0.001870870590209961
158356,normal,428,0,1782360523.1623192,0.0021016597747802734
158357,normal,2180,0,1782360523.1642728,0.001953601837158203
158358,normal,2929,0,1782360523.1663127,0.0020399093627929688
158359,normal,2145,0,1782360523.1681852,0.0018725395202636719
158360,normal,2586,0,1782360523.170415,0.0022296905517578125
158361,normal,3127,1,1782360523.172144,0.0017290115356445312
158362,normal,3372,1,1782360523.1744142,0.002270221710205078
158363,normal,3099,1,1782360523.1762784,0.0018641948699951172
158364,normal,3690,0,1782360523.1780982,0.0018198490142822266
158365,normal,64,0,1782360523.180239,0.0021407604217529297
158366,normal,1595,0,1782360523.182243,0.0020041465759277344
158367,normal,131,0,1782360523.1842558,0.0020127296447753906
158368,normal,2439,0,1782360523.186563,0.0023071765899658203
158369,normal,2467,0,1782360523.1883626,0.0017995834350585938
158370,normal,2080,0,1782360523.190392,0.0020294189453125
158371,normal,1882,0,1782360523.1922035,0.0018115043640136719
158372,normal,3034,0,1782360523.1941297,0.0019261837005615234
158373,normal,1878,0,1782360523.1962547,0.0021250247955322266
158374,normal,249,0,1782360523.1983213,0.0020666122436523438
158375,normal,1879,0,1782360523.2024844,0.004163026809692383
158376,normal,2525,0,1782360523.2027152,0.0002307891845703125
158377,normal,2898,0,1782360523.20463,0.0019147396087646484
158378,normal,2320,0,1782360523.206433,0.0018031597137451172
158379,normal,1677,0,1782360523.2083187,0.0018856525421142578
158380,normal,260,0,1782360523.2103972,0.002078533172607422
158381,normal,2740,0,1782360523.2121623,0.0017650127410888672
158382,normal,494,0,1782360523.214409,0.002246856689453125
158383,normal,3502,0,1782360523.2164059,0.001996755599975586
158384,normal,2355,0,1782360523.2182481,0.0018422603607177734
158385,normal,109,0,1782360523.2203221,0.002074003219604492
158386,normal,1738,0,1782360523.2223134,0.00199127197265625
158387,normal,2453,0,1782360523.224297,0.001983642578125
158388,normal,2074,0,1782360523.2263155,0.002018451690673828
158389,normal,2966,0,1782360523.2283082,0.0019927024841308594
158390,normal,769,0,1782360523.2301862,0.0018780231475830078
158391,normal,2708,0,1782360523.2325516,0.0023653507232666016
158392,normal,1543,0,1782360523.2353077,0.0027561187744140625
158393,normal,945,2,1782360523.2364483,0.001140594482421875
158394,normal,2633,0,1782360523.2385283,0.0020799636840820312
158395,normal,1189,0,1782360523.2403324,0.0018041133880615234
158396,normal,599,0,1782360523.242824,0.0024917125701904297
158397,normal,106,0,1782360523.244342,0.0015180110931396484
158398,normal,2995,0,1782360523.2464483,0.002106189727783203
158399,normal,245,0,1782360523.2481554,0.0017070770263671875
158400,normal,504,0,1782360523.2504804,0.0023250579833984375
158401,normal,462,0,1782360523.2526422,0.002161741256713867
158402,normal,2390,0,1782360523.254459,0.0018167495727539062
158403,normal,66,0,1782360523.2562504,0.0017914772033691406
158404,normal,3355,1,1782360523.2587423,0.0024919509887695312
158405,normal,3066,1,1782360523.2607024,0.0019600391387939453
158406,normal,1238,0,1782360523.2623534,0.0016510486602783203
158407,normal,841,2,1782360523.2643857,0.0020322799682617188
158408,normal,2093,0,1782360523.2661517,0.0017659664154052734
158409,normal,751,0,1782360523.2683663,0.002214670181274414
158410,normal,2792,0,1782360523.2704563,0.002089977264404297
158411,normal,574,0,1782360523.2727046,0.0022482872009277344
158412,normal,2059,0,1782360523.274218,0.0015134811401367188
158413,normal,762,0,1782360523.2764,0.0021820068359375
158414,normal,1741,0,1782360523.2781765,0.0017764568328857422
158415,normal,3441,0,1782360523.2802777,0.0021011829376220703
158416,normal,154,0,1782360523.2824285,0.0021507740020751953
158417,normal,1561,0,1782360523.2842577,0.0018291473388671875
158418,normal,1731,0,1782360523.2863815,0.0021238327026367188
158419,normal,2841,0,1782360523.2883985,0.0020170211791992188
158420,normal,2386,0,1782360523.2903123,0.0019137859344482422
158421,normal,898,2,1782360523.2923672,0.002054929733276367
158422,normal,664,0,1782360523.2944267,0.002059459686279297
158423,normal,948,2,1782360523.2964053,0.001978635787963867
158424,normal,2089,0,1782360523.2983289,0.0019235610961914062
158425,normal,849,2,1782360523.3003054,0.001976490020751953
158426,normal,2073,0,1782360523.3022623,0.001956939697265625
158427,normal,1911,0,1782360523.3042266,0.0019643306732177734
158428,normal,63,0,1782360523.3063953,0.0021686553955078125
158429,normal,472,0,1782360523.3081615,0.001766204833984375
158430,normal,2090,0,1782360523.3102863,0.002124786376953125
158431,normal,3219,1,1782360523.3123024,0.0020160675048828125
158432,normal,1991,0,1782360523.3141844,0.0018820762634277344
158433,normal,2674,0,1782360523.316193,0.002008676528930664
158434,normal,902,2,1782360523.3183568,0.0021636486053466797
158435,normal,2765,0,1782360523.320178,0.001821279525756836
158436,normal,433,0,1782360523.3221493,0.0019712448120117188
158437,normal,2828,0,1782360523.3242784,0.002129077911376953
158438,normal,764,0,1782360523.3264072,0.0021288394927978516
158439,normal,3086,1,1782360523.3281498,0.0017426013946533203
158440,normal,717,0,1782360523.3302867,0.0021369457244873047
158441,normal,1376,1,1782360523.3321393,0.0018525123596191406
158442,normal,1666,0,1782360523.3342965,0.0021572113037109375
158443,normal,2020,0,1782360523.3361785,0.0018820762634277344
158444,normal,2926,0,1782360523.338466,0.0022873878479003906
158445,normal,153,0,1782360523.34021,0.0017440319061279297
158446,normal,3249,1,1782360523.3423505,0.002140522003173828
158447,normal,971,2,1782360523.3442943,0.001943826675415039
158448,normal,94,0,1782360523.3462276,0.0019333362579345703
158449,normal,3449,0,1782360523.3483825,0.002154827117919922
158450,normal,157,0,1782360523.350239,0.0018565654754638672
158451,normal,3392,1,1782360523.3522162,0.001977205276489258
158452,normal,1170,0,1782360523.3541772,0.0019609928131103516
158453,normal,1306,0,1782360523.3561807,0.0020034313201904297
158454,normal,323,0,1782360523.3582287,0.002048015594482422
158455,normal,1908,0,1782360523.3602283,0.0019996166229248047
158456,normal,2152,0,1782360523.3621552,0.0019268989562988281
158457,normal,2745,0,1782360523.364325,0.0021698474884033203
158458,normal,54,0,1782360523.366279,0.0019538402557373047
158459,normal,3182,1,1782360523.3682566,0.001977682113647461
158460,normal,3247,1,1782360523.3705797,0.002323150634765625
158461,normal,3028,0,1782360523.3722563,0.0016765594482421875
158462,normal,2896,0,1782360523.3742497,0.001993417739868164
158463,normal,870,2,1782360523.3763452,0.002095460891723633
158464,normal,1839,0,1782360523.3784266,0.0020813941955566406
158465,normal,2434,0,1782360523.3801882,0.0017616748809814453
158466,normal,2086,0,1782360523.3822653,0.0020771026611328125
158467,normal,2902,0,1782360523.384166,0.0019006729125976562
158468,normal,2105,0,1782360523.3862293,0.002063274383544922
158469,normal,3269,1,1782360523.3882551,0.0020258426666259766
158470,normal,1315,0,1782360523.390428,0.0021729469299316406
158471,normal,824,2,1782360523.3922307,0.001802682876586914
158472,normal,1400,0,1782360523.3941143,0.0018835067749023438
158473,normal,2224,0,1782360523.3962438,0.0021295547485351562
158474,normal,2306,0,1782360523.398107,0.001863241195678711
158475,normal,926,2,1782360523.4002745,0.0021674633026123047
158476,normal,1867,0,1782360523.402266,0.0019915103912353516
158477,normal,1836,0,1782360523.4044168,0.0021507740020751953
158478,normal,596,0,1782360523.4064558,0.0020389556884765625
158479,normal,2910,0,1782360523.4081824,0.0017266273498535156
158480,normal,2184,0,1782360523.4101079,0.0019254684448242188
158481,normal,637,0,1782360523.4123993,0.002291440963745117
158482,normal,2897,0,1782360523.4147832,0.0023839473724365234
158483,normal,2872,0,1782360523.4162867,0.0015034675598144531
158484,normal,2405,0,1782360523.4181292,0.001842498779296875
158485,normal,3322,1,1782360523.4206014,0.0024721622467041016
158486,normal,673,0,1782360523.4221594,0.001558065414428711
158487,normal,965,2,1782360523.4242594,0.0020999908447265625
158488,normal,3008,0,1782360523.426258,0.0019986629486083984
158489,normal,624,0,1782360523.4283974,0.0021393299102783203
158490,normal,48,0,1782360523.4302366,0.0018391609191894531
158491,normal,2549,0,1782360523.4322684,0.0020318031311035156
158492,normal,3673,0,1782360523.4343383,0.0020699501037597656
158493,normal,2806,0,1782360523.436335,0.001996755599975586
158494,normal,556,0,1782360523.4382417,0.0019066333770751953
158495,normal,3064,1,1782360523.4402668,0.002025127410888672
158496,normal,1362,1,1782360523.44223,0.0019631385803222656
158497,normal,634,0,1782360523.4443953,0.0021653175354003906
158498,normal,803,2,1782360523.4462724,0.0018770694732666016
158499,normal,252,0,1782360523.4481153,0.0018429756164550781
158500,normal,1404,0,1782360523.450595,0.00247955322265625
158501,normal,1158,0,1782360523.45278,0.0021851062774658203
158502,normal,1952,0,1782360523.4542959,0.0015158653259277344
158503,normal,2748,0,1782360523.4562695,0.0019736289978027344
158504,normal,2368,0,1782360523.4585173,0.0022478103637695312
158505,normal,3367,1,1782360523.4606013,0.002084016799926758
158506,normal,1923,0,1782360523.4623523,0.001750946044921875
158507,normal,3282,1,1782360523.4642453,0.0018930435180664062
158508,normal,1016,2,1782360523.466207,0.0019617080688476562
158509,normal,3298,1,1782360523.4682853,0.0020782947540283203
158510,normal,2411,0,1782360523.4701316,0.0018463134765625
158511,normal,3655,0,1782360523.4722996,0.002167940139770508
158512,normal,3007,0,1782360523.474173,0.0018734931945800781
158513,normal,3529,0,1782360523.4763663,0.0021932125091552734
158514,normal,121,0,1782360523.4782197,0.0018534660339355469
158515,normal,3693,0,1782360523.4804716,0.002251863479614258
158516,normal,2540,0,1782360523.4824257,0.0019540786743164062
158517,normal,1022,2,1782360523.484285,0.001859426498413086
158518,normal,3654,0,1782360523.4863353,0.002050161361694336
158519,normal,2432,0,1782360523.4881337,0.001798391342163086
158520,normal,1406,0,1782360523.490451,0.0023174285888671875
158521,normal,3462,0,1782360523.4924312,0.0019800662994384766
158522,normal,1692,0,1782360523.4942315,0.0018002986907958984
158523,normal,1508,0,1782360523.4962304,0.0019989013671875
158524,normal,2621,0,1782360523.498373,0.002142667770385742
158525,normal,698,0,1782360523.5001621,0.001789093017578125
158526,normal,2139,0,1782360523.5022647,0.0021026134490966797
158527,normal,1810,0,1782360523.50429,0.0020253658294677734
158528,normal,905,2,1782360523.506207,0.0019168853759765625
158529,normal,3595,0,1782360523.5082443,0.0020372867584228516
158530,normal,1877,0,1782360523.5103824,0.0021381378173828125
158531,normal,1293,0,1782360523.512172,0.0017895698547363281
158532,normal,3018,0,1782360523.5141332,0.001961231231689453
158533,normal,3237,1,1782360523.5163283,0.002195119857788086
158534,normal,864,2,1782360523.5182548,0.001926422119140625
158535,normal,2445,0,1782360523.5202997,0.0020449161529541016
158536,normal,3171,1,1782360523.5223505,0.0020508766174316406
158537,normal,3231,1,1782360523.524109,0.0017583370208740234
158538,normal,1427,0,1782360523.5262651,0.0021562576293945312
158539,normal,2291,0,1782360523.5282733,0.002008199691772461
158540,normal,3077,1,1782360523.530182,0.0019085407257080078
158541,normal,2294,0,1782360523.5322697,0.002087831497192383
158542,normal,2728,0,1782360523.5343344,0.0020647048950195312
158543,normal,2024,0,1782360523.5362687,0.0019342899322509766
158544,normal,1817,0,1782360523.5382984,0.0020296573638916016
158545,normal,1884,0,1782360523.5403802,0.0020818710327148438
158546,normal,220,0,1782360523.5422275,0.0018472671508789062
158547,normal,1355,1,1782360523.544164,0.0019364356994628906
158548,normal,1729,0,1782360523.5463233,0.0021593570709228516
158549,normal,374,0,1782360523.5481586,0.0018353462219238281
158550,normal,1669,0,1782360523.5503488,0.002190113067626953
158551,normal,1439,0,1782360523.552205,0.0018563270568847656
158552,normal,1341,1,1782360523.5541935,0.0019884109497070312
158553,normal,1531,0,1782360523.5561957,0.002002239227294922
158554,normal,1332,1,1782360523.5583472,0.0021514892578125
158555,normal,1708,0,1782360523.5602388,0.0018916130065917969
158556,normal,1913,0,1782360523.5623088,0.0020699501037597656
158557,normal,1175,0,1782360523.5643625,0.0020537376403808594
158558,normal,1330,1,1782360523.5662231,0.0018606185913085938
158559,normal,917,2,1782360523.5682788,0.002055644989013672
158560,normal,3125,1,1782360523.5703583,0.002079486846923828
158561,normal,1366,1,1782360523.5722985,0.0019402503967285156
158562,normal,3297,1,1782360523.5741692,0.0018706321716308594
158563,normal,901,2,1782360523.5764155,0.002246379852294922
158564,normal,1040,0,1782360523.578788,0.0023725032806396484
158565,normal,998,2,1782360523.5802827,0.0014946460723876953
158566,normal,56,0,1782360523.5823064,0.0020236968994140625
158567,normal,398,0,1782360523.5842893,0.0019829273223876953
158568,normal,1948,0,1782360523.5862653,0.00197601318359375
158569,normal,807,2,1782360523.5884838,0.002218484878540039
158570,normal,1345,1,1782360523.5901806,0.0016968250274658203
158571,normal,1300,0,1782360523.5924606,0.002279996871948242
158572,normal,2315,0,1782360523.5942743,0.001813650131225586
158573,normal,2092,0,1782360523.5963147,0.002040386199951172
158574,normal,1990,0,1782360523.5981073,0.0017926692962646484
158575,normal,2381,0,1782360523.600245,0.0021376609802246094
158576,normal,585,0,1782360523.602088,0.0018429756164550781
158577,normal,2163,0,1782360523.6045728,0.0024847984313964844
158578,normal,1326,1,1782360523.6065989,0.002026081085205078
158579,normal,1377,1,1782360523.6083813,0.0017824172973632812
158580,normal,2610,0,1782360523.6101453,0.001764059066772461
158581,normal,2110,0,1782360523.6122804,0.002135038375854492
158582,normal,2250,0,1782360523.6141825,0.0019021034240722656
158583,normal,733,0,1782360523.6162596,0.0020771026611328125
158584,normal,2909,0,1782360523.6182556,0.0019960403442382812
158585,normal,5,0,1782360523.6210177,0.0027620792388916016
158586,normal,1660,0,1782360523.6230907,0.002073049545288086
158587,normal,988,2,1782360523.624347,0.0012562274932861328
158588,normal,3306,1,1782360523.6261802,0.001833200454711914
158589,normal,3264,1,1782360523.6281545,0.001974344253540039
158590,normal,1039,0,1782360523.63027,0.002115488052368164
158591,normal,3040,0,1782360523.6321151,0.0018451213836669922
158592,normal,1821,0,1782360523.634268,0.0021529197692871094
158593,normal,110,0,1782360523.6361997,0.0019316673278808594
158594,normal,829,2,1782360523.6386938,0.0024940967559814453
158595,normal,271,0,1782360523.6406348,0.0019409656524658203
158596,normal,2360,0,1782360523.6422195,0.001584768295288086
158597,normal,1608,0,1782360523.6443117,0.002092123031616211
158598,normal,3246,1,1782360523.6462495,0.0019378662109375
158599,normal,554,0,1782360523.6483865,0.0021369457244873047
158600,normal,1043,0,1782360523.6502001,0.001813650131225586
158601,normal,837,2,1782360523.6521068,0.0019066333770751953
158602,normal,2002,0,1782360523.6546435,0.002536773681640625
158603,normal,2435,0,1782360523.65635,0.0017063617706298828
158604,normal,2004,0,1782360523.6582491,0.0018992424011230469
158605,normal,2536,0,1782360523.6602674,0.0020182132720947266
158606,normal,3630,0,1782360523.6626582,0.0023908615112304688
158607,normal,1907,0,1782360523.6646338,0.001975536346435547
158608,normal,1894,0,1782360523.6661286,0.0014948844909667969
158609,normal,3509,0,1782360523.66828,0.0021512508392333984
158610,normal,1135,0,1782360523.6703682,0.002088308334350586
158611,normal,1082,0,1782360523.672279,0.0019106864929199219
158612,normal,895,2,1782360558.7260582,0.0
158613,normal,2510,0,1782360558.7280219,0.0019636154174804688
158614,normal,2237,0,1782360558.730114,0.002092123031616211
158615,normal,207,0,1782360558.7322161,0.0021021366119384766
158616,normal,1971,0,1782360558.7341456,0.0019295215606689453
158617,normal,3397,1,1782360558.736169,0.002023458480834961
158618,normal,1402,0,1782360558.73805,0.0018808841705322266
158619,normal,78,0,1782360558.7402034,0.0021533966064453125
158620,normal,1338,1,1782360558.7420192,0.0018157958984375
158621,normal,648,0,1782360558.7441993,0.0021800994873046875
158622,normal,922,2,1782360558.7460415,0.0018422603607177734
158623,normal,1277,0,1782360558.7482119,0.0021703243255615234
158624,normal,3358,1,1782360558.7501278,0.0019159317016601562
158625,normal,1815,0,1782360558.7522655,0.0021376609802246094
158626,normal,1054,0,1782360558.7543004,0.002034902572631836
158627,normal,3368,1,1782360558.756229,0.001928567886352539
158628,normal,1833,0,1782360558.7581122,0.0018832683563232422
158629,normal,2751,0,1782360558.7603347,0.0022225379943847656
158630,normal,2395,0,1782360558.7620692,0.0017344951629638672
158631,normal,3467,0,1782360558.7640936,0.002024412155151367
158632,normal,3163,1,1782360558.766075,0.0019812583923339844
158633,normal,2723,0,1782360558.768166,0.0020911693572998047
158634,normal,524,0,1782360558.7701435,0.0019774436950683594
158635,normal,137,0,1782360558.7723305,0.002187013626098633
158636,normal,1318,0,1782360558.7740746,0.0017440319061279297
158637,normal,2498,0,1782360558.7761927,0.0021181106567382812
158638,normal,852,2,1782360558.7781203,0.0019276142120361328
158639,normal,2335,0,1782360558.7801962,0.0020759105682373047
158640,normal,1305,0,1782360558.7821484,0.0019521713256835938
158641,normal,1387,0,1782360558.7842398,0.0020914077758789062
158642,normal,2600,0,1782360558.7860734,0.0018336772918701172
158643,normal,354,0,1782360558.7881951,0.0021216869354248047
158644,normal,2663,0,1782360558.7901173,0.0019221305847167969
158645,normal,3678,0,1782360558.792196,0.0020787715911865234
158646,normal,414,0,1782360558.7941518,0.001955747604370117
158647,normal,43,0,1782360558.796216,0.002064228057861328
158648,normal,3485,0,1782360558.7980764,0.0018603801727294922
158649,normal,1802,0,1782360558.8002794,0.0022029876708984375
158650,normal,2271,0,1782360558.8021185,0.0018391609191894531
158651,normal,3184,1,1782360558.804169,0.0020503997802734375
158652,normal,3165,1,1782360558.8061569,0.001987934112548828
158653,normal,2780,0,1782360558.808218,0.002061128616333008
158654,normal,2377,0,1782360558.8100734,0.0018553733825683594
158655,normal,2257,0,1782360558.8122818,0.0022084712982177734
158656,normal,2729,0,1782360558.8141167,0.001834869384765625
158657,normal,1532,0,1782360558.8161962,0.002079486846923828
158658,normal,3490,0,1782360558.818162,0.001965761184692383
158659,normal,2196,0,1782360558.820214,0.0020520687103271484
158660,normal,145,0,1782360558.8220737,0.0018596649169921875
158661,normal,2657,0,1782360558.8242857,0.002212047576904297
158662,normal,2952,0,1782360558.8261156,0.0018298625946044922
158663,normal,2202,0,1782360558.8280725,0.001956939697265625
158664,normal,566,0,1782360558.8302293,0.0021567344665527344
158665,normal,2823,0,1782360558.8321152,0.0018858909606933594
158666,normal,630,0,1782360558.8342018,0.002086639404296875
158667,normal,546,0,1782360558.8360798,0.0018780231475830078
158668,normal,2771,0,1782360558.8382149,0.002135038375854492
158669,normal,3526,0,1782360558.8400736,0.0018587112426757812
158670,normal,3487,0,1782360558.8421917,0.0021181106567382812
158671,normal,1096,0,1782360558.844115,0.0019233226776123047
158672,normal,221,0,1782360558.8461974,0.002082347869873047
158673,normal,2707,0,1782360558.8480783,0.0018808841705322266
158674,normal,2287,0,1782360558.8502162,0.002137899398803711
158675,normal,795,2,1782360558.8520732,0.0018570423126220703
158676,normal,1743,0,1782360558.8542063,0.0021331310272216797
158677,normal,1709,0,1782360558.8561187,0.0019123554229736328
158678,normal,2391,0,1782360558.8581965,0.002077817916870117
158679,normal,1257,0,1782360558.860081,0.00188446044921875
158680,normal,132,0,1782360558.8622143,0.0021333694458007812
158681,normal,1803,0,1782360558.8640766,0.0018622875213623047
158682,normal,3297,1,1782360558.8662064,0.002129793167114258
158683,normal,29,0,1782360558.8681176,0.001911163330078125
158684,normal,2797,0,1782360558.8701966,0.002079010009765625
158685,normal,2347,0,1782360558.8720865,0.001889944076538086
158686,normal,1045,0,1782360558.874217,0.0021305084228515625
158687,normal,2957,0,1782360558.8760784,0.0018613338470458984
158688,normal,2231,0,1782360558.8782113,0.002132892608642578
158689,normal,3469,0,1782360558.880115,0.0019037723541259766
158690,normal,2943,0,1782360558.8821952,0.002080202102661133
158691,normal,483,0,1782360558.8840902,0.0018949508666992188
158692,normal,3087,1,1782360558.886218,0.0021278858184814453
158693,normal,2685,0,1782360558.8880908,0.0018727779388427734
158694,normal,2422,0,1782360558.890216,0.002125263214111328
158695,normal,2534,0,1782360558.8921337,0.0019176006317138672
158696,normal,1960,0,1782360558.8942077,0.002074003219604492
158697,normal,2783,0,1782360558.8960724,0.0018646717071533203
158698,normal,2466,0,1782360558.8981113,0.0020389556884765625
158699,normal,814,2,1782360558.900197,0.0020856857299804688
158700,normal,109,0,1782360558.9020996,0.0019025802612304688
158701,normal,836,2,1782360558.9041164,0.002016782760620117
158702,normal,3355,1,1782360558.9061985,0.0020821094512939453
158703,normal,3038,0,1782360558.9080997,0.0019011497497558594
158704,normal,1853,0,1782360558.910215,0.0021152496337890625
158705,normal,160,0,1782360558.9120748,0.001859903335571289
158706,normal,115,0,1782360558.9142406,0.0021657943725585938
158707,normal,3608,0,1782360558.9161177,0.0018770694732666016
158708,normal,968,2,1782360558.918192,0.0020742416381835938
158709,normal,1266,0,1782360558.9201064,0.0019145011901855469
158710,normal,1417,0,1782360558.9222145,0.0021080970764160156
158711,normal,1336,1,1782360558.924077,0.0018625259399414062
158712,normal,2674,0,1782360558.9260733,0.001996278762817383
158713,normal,871,2,1782360558.9281206,0.002047300338745117
158714,normal,1494,0,1782360558.930207,0.0020864009857177734
158715,normal,2062,0,1782360558.9320793,0.0018723011016845703
158716,normal,1970,0,1782360558.9342062,0.002126932144165039
158717,normal,1676,0,1782360558.9359782,0.0017719268798828125
158718,normal,310,0,1782360558.9380567,0.002078533172607422
158719,normal,164,0,1782360558.9401991,0.0021424293518066406
158720,normal,264,0,1782360558.9420052,0.001806020736694336
158721,normal,2583,0,1782360558.9441948,0.00218963623046875
158722,normal,3572,0,1782360558.946085,0.0018901824951171875
158723,normal,253,0,1782360558.9481757,0.0020906925201416016
158724,normal,2642,0,1782360558.950127,0.0019512176513671875
158725,normal,1672,0,1782360558.9521768,0.0020499229431152344
158726,normal,2504,0,1782360558.9542122,0.002035379409790039
158727,normal,1024,2,1782360558.9561224,0.0019102096557617188
158728,normal,2128,0,1782360558.9580739,0.001951456069946289
158729,normal,2344,0,1782360558.9601986,0.002124786376953125
158730,normal,1588,0,1782360558.9621255,0.0019268989562988281
158731,normal,467,0,1782360558.9641743,0.0020487308502197266
158732,normal,351,0,1782360558.966198,0.0020236968994140625
158733,normal,468,0,1782360558.9681284,0.0019304752349853516
158734,normal,2569,0,1782360558.9700701,0.001941680908203125
158735,normal,2541,0,1782360558.9724212,0.002351045608520508
158736,normal,1094,0,1782360558.974169,0.0017478466033935547
158737,normal,873,2,1782360558.9763494,0.002180337905883789
158738,normal,2376,0,1782360558.9780989,0.0017495155334472656
158739,normal,2899,0,1782360558.9804327,0.0023338794708251953
158740,normal,2559,0,1782360558.9823065,0.0018737316131591797
158741,normal,811,2,1782360558.984105,0.0017986297607421875
158742,normal,3168,1,1782360558.9864256,0.002320528030395508
158743,normal,2413,0,1782360558.988165,0.0017392635345458984
158744,normal,1748,0,1782360558.990231,0.0020661354064941406
158745,normal,2312,0,1782360558.9924328,0.0022017955780029297
158746,normal,3207,1,1782360558.9941154,0.0016825199127197266
158747,normal,2781,0,1782360558.9962304,0.002115011215209961
158748,normal,3206,1,1782360558.9984314,0.002201080322265625
158749,normal,3601,0,1782360559.0001671,0.001735687255859375
158750,normal,459,0,1782360559.002231,0.002063751220703125
158751,normal,2760,0,1782360559.0044353,0.002204418182373047
158752,normal,2006,0,1782360559.0062492,0.0018138885498046875
158753,normal,1153,0,1782360559.0082273,0.001978158950805664
158754,normal,3594,0,1782360559.0104377,0.002210378646850586
158755,normal,2224,0,1782360559.0122492,0.0018115043640136719
158756,normal,1303,0,1782360559.0142448,0.001995563507080078
158757,normal,1148,0,1782360559.016439,0.0021941661834716797
158758,normal,451,0,1782360559.0181458,0.001706838607788086
158759,normal,3517,0,1782360559.0202234,0.0020775794982910156
158760,normal,2170,0,1782360559.0221477,0.001924276351928711
158761,normal,880,2,1782360559.0242937,0.002146005630493164
158762,normal,1224,0,1782360559.0261056,0.001811981201171875
158763,normal,1534,0,1782360559.0283117,0.002206087112426758
158764,normal,3051,1,1782360559.0302544,0.0019426345825195312
158765,normal,1131,0,1782360559.032247,0.0019927024841308594
158766,normal,497,0,1782360559.034191,0.001943826675415039
158767,normal,1351,1,1782360559.036367,0.002176046371459961
158768,normal,1057,0,1782360559.0381033,0.0017364025115966797
158769,normal,75,0,1782360559.0403175,0.002214193344116211
158770,normal,1658,0,1782360559.0422533,0.001935720443725586
158771,normal,758,0,1782360559.0442321,0.0019788742065429688
158772,normal,3650,0,1782360559.0461962,0.001964092254638672
158773,normal,1669,0,1782360559.0483658,0.0021696090698242188
158774,normal,1309,0,1782360559.050102,0.0017361640930175781
158775,normal,750,0,1782360559.0522153,0.00211334228515625
158776,normal,3459,0,1782360559.0542634,0.002048015594482422
158777,normal,2219,0,1782360559.0560517,0.0017883777618408203
158778,normal,200,0,1782360559.0580359,0.001984119415283203
158779,normal,1564,0,1782360559.060037,0.002001047134399414
158780,normal,2030,0,1782360559.0621078,0.002070903778076172
158781,normal,3158,1,1782360559.063985,0.0018773078918457031
158782,normal,694,0,1782360559.0660992,0.0021140575408935547
158783,normal,705,0,1782360559.0681272,0.0020279884338378906
158784,normal,1683,0,1782360559.070031,0.0019037723541259766
158785,normal,1238,0,1782360559.0720546,0.0020236968994140625
158786,normal,395,0,1782360559.0739794,0.001924753189086914
158787,normal,481,0,1782360559.0761034,0.0021240711212158203
158788,normal,1754,0,1782360559.0779657,0.0018622875213623047
158789,normal,2022,0,1782360559.0800073,0.0020415782928466797
158790,normal,832,2,1782360559.0820327,0.0020253658294677734
158791,normal,2324,0,1782360559.0840495,0.002016782760620117
158792,normal,3378,1,1782360559.0859838,0.0019342899322509766
158793,normal,2027,0,1782360559.0879645,0.0019807815551757812
158794,normal,2512,0,1782360559.090058,0.0020935535430908203
158795,normal,1706,0,1782360559.0920224,0.0019643306732177734
158796,normal,389,0,1782360559.0940626,0.0020401477813720703
158797,normal,3430,0,1782360559.096034,0.0019714832305908203
158798,normal,2918,0,1782360559.098079,0.0020449161529541016
158799,normal,2071,0,1782360559.0999734,0.0018944740295410156
158800,normal,1901,0,1782360559.1019554,0.001981973648071289
158801,normal,61,0,1782360559.104013,0.0020575523376464844
158802,normal,2078,0,1782360559.1059659,0.0019528865814208984
158803,normal,2667,0,1782360559.1079879,0.0020220279693603516
158804,normal,245,0,1782360559.1100073,0.0020194053649902344
158805,normal,3444,0,1782360559.1121004,0.002093076705932617
158806,normal,3562,0,1782360559.1149445,0.002844095230102539
158807,normal,2738,0,1782360559.1160085,0.0010640621185302734
158808,normal,985,2,1782360559.118117,0.0021085739135742188
158809,normal,1229,0,1782360559.1200094,0.0018923282623291016
158810,normal,3376,1,1782360559.122131,0.0021216869354248047
158811,normal,2456,0,1782360559.1240115,0.0018804073333740234
158812,normal,2947,0,1782360559.1261144,0.0021028518676757812
158813,normal,1572,0,1782360559.1280096,0.0018951892852783203
158814,normal,1111,0,1782360559.1302733,0.002263784408569336
158815,normal,1631,0,1782360559.1320288,0.0017554759979248047
158816,normal,2934,0,1782360559.134197,0.0021681785583496094
158817,normal,1231,0,1782360559.13602,0.0018229484558105469
158818,normal,456,0,1782360559.1381102,0.0020902156829833984
158819,normal,2372,0,1782360559.1400077,0.001897573471069336
158820,normal,2387,0,1782360559.142118,0.0021102428436279297
158821,normal,2242,0,1782360559.1440144,0.0018963813781738281
158822,normal,2950,0,1782360559.1461349,0.002120494842529297
158823,normal,368,0,1782360559.1480968,0.001961946487426758
158824,normal,2241,0,1782360559.1500533,0.001956462860107422
158825,normal,1406,0,1782360559.1520834,0.0020301342010498047
158826,normal,2653,0,1782360559.1539767,0.0018932819366455078
158827,normal,522,0,1782360559.1560018,0.002025127410888672
158828,normal,3460,0,1782360559.1580002,0.001998424530029297
158829,normal,1037,0,1782360559.1600113,0.0020110607147216797
158830,normal,996,2,1782360559.161996,0.0019845962524414062
158831,normal,3194,1,1782360559.163995,0.0019991397857666016
158832,normal,603,0,1782360559.1659937,0.0019986629486083984
158833,normal,1008,2,1782360559.1680093,0.0020155906677246094
158834,normal,202,0,1782360559.169964,0.001954793930053711
158835,normal,2153,0,1782360559.1720073,0.0020432472229003906
158836,normal,2103,0,1782360559.1739998,0.001992464065551758
158837,normal,1604,0,1782360559.176012,0.0020122528076171875
158838,normal,3395,1,1782360559.178119,0.002106904983520508
158839,normal,227,0,1782360559.1800108,0.0018918514251708984
158840,normal,3175,1,1782360559.1821141,0.0021033287048339844
158841,normal,443,0,1782360559.1841116,0.0019974708557128906
158842,normal,960,2,1782360559.1860142,0.0019025802612304688
158843,normal,2297,0,1782360559.1881185,0.0021042823791503906
158844,normal,447,0,1782360559.1901135,0.001995086669921875
158845,normal,660,0,1782360559.1920106,0.0018970966339111328
158846,normal,2433,0,1782360559.1941357,0.0021250247955322266
158847,normal,533,0,1782360559.1961222,0.0019865036010742188
158848,normal,2351,0,1782360559.1980126,0.001890420913696289
158849,normal,441,0,1782360559.200112,0.0020995140075683594
158850,normal,2283,0,1782360559.2021124,0.0020003318786621094
158851,normal,1768,0,1782360559.2040107,0.0018982887268066406
158852,normal,2143,0,1782360559.2061121,0.002101421356201172
158853,normal,2317,0,1782360559.208092,0.001979827880859375
158854,normal,2093,0,1782360559.2100105,0.0019185543060302734
158855,normal,319,0,1782360559.2121,0.0020895004272460938
158856,normal,291,0,1782360559.2139869,0.0018868446350097656
158857,normal,1373,1,1782360559.215983,0.0019960403442382812
158858,normal,1857,0,1782360559.2180142,0.0020313262939453125
158859,normal,1353,1,1782360559.2199879,0.0019736289978027344
158860,normal,2333,0,1782360559.221975,0.0019872188568115234
158861,normal,3674,0,1782360559.2240078,0.002032756805419922
158862,normal,1943,0,1782360559.2260141,0.0020062923431396484
158863,normal,3360,1,1782360559.2280052,0.0019910335540771484
158864,normal,1664,0,1782360559.2301068,0.0021016597747802734
158865,normal,2129,0,1782360559.2321079,0.002001047134399414
158866,normal,2417,0,1782360559.2340071,0.0018992424011230469
158867,normal,2109,0,1782360559.2361057,0.002098560333251953
158868,normal,2500,0,1782360559.23811,0.002004384994506836
158869,normal,2086,0,1782360559.240015,0.0019049644470214844
158870,normal,804,2,1782360559.2421143,0.002099275588989258
158871,normal,2816,0,1782360559.2440119,0.001897573471069336
158872,normal,823,2,1782360559.246123,0.002111196517944336
158873,normal,2926,0,1782360559.2480125,0.0018894672393798828
158874,normal,3382,1,1782360559.2501237,0.002111196517944336
158875,normal,2407,0,1782360559.252013,0.0018892288208007812
158876,normal,1540,0,1782360559.254124,0.0021109580993652344
158877,normal,3660,0,1782360559.2561252,0.0020012855529785156
158878,normal,425,0,1782360559.2580142,0.0018889904022216797
158879,normal,1691,0,1782360559.2601268,0.0021126270294189453
158880,normal,3649,0,1782360559.262113,0.001986265182495117
158881,normal,2521,0,1782360559.2640202,0.0019071102142333984
158882,normal,1703,0,1782360559.2661333,0.0021131038665771484
158883,normal,123,0,1782360559.2681284,0.001995086669921875
158884,normal,2102,0,1782360559.2700243,0.001895904541015625
158885,normal,1102,0,1782360559.2721307,0.0021064281463623047
158886,normal,91,0,1782360559.2741277,0.0019969940185546875
158887,normal,1735,0,1782360559.2760255,0.0018978118896484375
158888,normal,2818,0,1782360559.2780015,0.00197601318359375
158889,normal,2479,0,1782360559.2801306,0.002129077911376953
158890,normal,32,0,1782360559.282017,0.0018863677978515625
158891,normal,2996,0,1782360559.2841291,0.002112150192260742
158892,normal,1042,0,1782360559.2860022,0.001873016357421875
158893,normal,1520,0,1782360559.2881281,0.002125978469848633
158894,normal,2018,0,1782360559.2900157,0.0018875598907470703
158895,normal,181,0,1782360559.2921164,0.002100706100463867
158896,normal,2485,0,1782360559.2940223,0.0019059181213378906
158897,normal,1617,0,1782360559.2961323,0.002110004425048828
158898,normal,3272,1,1782360559.298018,0.0018856525421142578
158899,normal,1798,0,1782360559.30017,0.002151966094970703
158900,normal,2238,0,1782360559.3020542,0.0018842220306396484
158901,normal,3408,0,1782360559.3041725,0.002118349075317383
158902,normal,486,0,1782360559.3060932,0.0019207000732421875
158903,normal,251,0,1782360559.3081658,0.002072572708129883
158904,normal,940,2,1782360559.3100543,0.0018885135650634766
158905,normal,1295,0,1782360559.3121653,0.0021109580993652344
158906,normal,153,0,1782360559.3140554,0.0018901824951171875
158907,normal,1910,0,1782360559.3161643,0.0021088123321533203
158908,normal,2725,0,1782360559.3180885,0.001924276351928711
158909,normal,57,0,1782360559.320126,0.002037525177001953
158910,normal,903,2,1782360559.3220518,0.0019257068634033203
158911,normal,170,0,1782360559.324163,0.002111196517944336
158912,normal,406,0,1782360559.3260722,0.0019092559814453125
158913,normal,693,0,1782360559.328113,0.002040863037109375
158914,normal,244,0,1782360559.33002,0.0019068717956542969
158915,normal,2210,0,1782360559.3321288,0.0021088123321533203
158916,normal,714,0,1782360559.3340182,0.0018894672393798828
158917,normal,2844,0,1782360559.3361282,0.002110004425048828
158918,normal,2665,0,1782360559.3380194,0.0018911361694335938
158919,normal,2777,0,1782360559.3401287,0.0021092891693115234
158920,normal,2133,0,1782360559.3420217,0.0018930435180664062
158921,normal,997,2,1782360559.3441374,0.0021157264709472656
158922,normal,3058,1,1782360559.34602,0.0018825531005859375
158923,normal,3367,1,1782360559.3481305,0.0021104812622070312
158924,normal,1476,0,1782360559.3500404,0.0019099712371826172
158925,normal,2637,0,1782360559.352154,0.0021135807037353516
158926,normal,3662,0,1782360559.354002,0.001847982406616211
158927,normal,3114,1,1782360559.356137,0.002135038375854492
158928,normal,1260,0,1782360559.358058,0.001920938491821289
158929,normal,631,0,1782360559.3601139,0.0020558834075927734
158930,normal,650,0,1782360559.362019,0.001905202865600586
158931,normal,150,0,1782360559.3641353,0.0021162033081054688
158932,normal,1681,0,1782360559.3660202,0.0018849372863769531
158933,normal,2648,0,1782360559.3681324,0.002112150192260742
158934,normal,301,0,1782360559.370003,0.0018706321716308594
158935,normal,1759,0,1782360559.3721335,0.0021305084228515625
158936,normal,3080,1,1782360559.3740194,0.0018858909606933594
158937,normal,3643,0,1782360559.376124,0.002104520797729492
158938,normal,3148,1,1782360559.3780158,0.0018918514251708984
158939,normal,1462,0,1782360559.3801262,0.0021104812622070312
158940,normal,2592,0,1782360559.3820198,0.0018935203552246094
158941,normal,2812,0,1782360559.3841243,0.002104520797729492
158942,normal,2063,0,1782360559.3860183,0.0018939971923828125
158943,normal,1493,0,1782360559.388125,0.0021066665649414062
158944,normal,1311,0,1782360559.3900127,0.0018877983093261719
158945,normal,847,2,1782360559.3921235,0.002110719680786133
158946,normal,1021,2,1782360559.3940227,0.0018992424011230469
158947,normal,2631,0,1782360559.3961265,0.0021038055419921875
158948,normal,3652,0,1782360559.3980238,0.0018973350524902344
158949,normal,1972,0,1782360559.400011,0.0019872188568115234
158950,normal,2365,0,1782360559.4019904,0.001979351043701172
158951,normal,210,0,1782360559.403994,0.0020036697387695312
158952,normal,2151,0,1782360559.4059868,0.0019927024841308594
158953,normal,2643,0,1782360559.4080484,0.002061605453491211
158954,normal,3495,0,1782360559.409988,0.001939535140991211
158955,normal,3065,1,1782360559.41199,0.0020020008087158203
158956,normal,1203,0,1782360559.414051,0.002061128616333008
158957,normal,1976,0,1782360559.4159884,0.0019373893737792969
158958,normal,3391,1,1782360559.4179916,0.002003192901611328
158959,normal,2463,0,1782360559.4200706,0.002079010009765625
158960,normal,2940,0,1782360559.4219954,0.001924753189086914
158961,normal,1574,0,1782360559.4239786,0.001983165740966797
158962,normal,3480,0,1782360559.426051,0.0020723342895507812
158963,normal,2091,0,1782360559.42799,0.0019390583038330078
158964,normal,113,0,1782360559.4299705,0.0019805431365966797
158965,normal,1232,0,1782360559.432116,0.002145528793334961
158966,normal,2505,0,1782360559.4340045,0.0018885135650634766
158967,normal,3146,1,1782360559.435996,0.0019915103912353516
158968,normal,1334,1,1782360559.4380896,0.0020935535430908203
158969,normal,713,0,1782360559.4399939,0.0019042491912841797
158970,normal,2131,0,1782360559.442039,0.002045154571533203
158971,normal,970,2,1782360559.4440813,0.0020422935485839844
158972,normal,2029,0,1782360559.445982,0.0019006729125976562
158973,normal,604,0,1782360559.4479825,0.002000570297241211
158974,normal,3697,0,1782360559.4500399,0.002057313919067383
158975,normal,2619,0,1782360559.4519825,0.0019426345825195312
158976,normal,2914,0,1782360559.4539816,0.0019991397857666016
158977,normal,3136,1,1782360559.4560418,0.0020601749420166016
158978,normal,235,0,1782360559.4580047,0.001962900161743164
158979,normal,175,0,1782360559.4599922,0.001987457275390625
158980,normal,1415,0,1782360559.4620447,0.0020525455474853516
158981,normal,2470,0,1782360559.4639852,0.0019404888153076172
158982,normal,1075,0,1782360559.4659772,0.0019919872283935547
158983,normal,2252,0,1782360559.468038,0.0020608901977539062
158984,normal,2731,0,1782360559.4699821,0.0019440650939941406
158985,normal,3525,0,1782360559.4719832,0.002001047134399414
158986,normal,1565,0,1782360559.4740443,0.002061128616333008
158987,normal,1999,0,1782360559.4759936,0.001949310302734375
158988,normal,3133,1,1782360559.4779744,0.0019807815551757812
158989,normal,3244,1,1782360559.480101,0.0021266937255859375
158990,normal,2166,0,1782360559.4819756,0.0018744468688964844
158991,normal,3701,0,1782360559.483993,0.002017498016357422
158992,normal,2106,0,1782360559.4860523,0.0020592212677001953
158993,normal,3654,0,1782360559.4879909,0.0019385814666748047
158994,normal,374,0,1782360559.48999,0.0019991397857666016
158995,normal,3528,0,1782360559.4921072,0.002117156982421875
158996,normal,2627,0,1782360559.4939728,0.0018656253814697266
158997,normal,3534,0,1782360559.4959936,0.0020208358764648438
158998,normal,63,0,1782360559.4980533,0.0020596981048583984
158999,normal,3709,0,1782360559.5000484,0.001995086669921875
159000,normal,1584,0,1782360559.5019803,0.001931905746459961
159001,normal,3580,0,1782360559.503997,0.002016782760620117
159002,normal,1361,1,1782360559.5059855,0.0019884109497070312
159003,normal,1978,0,1782360559.5081172,0.0021317005157470703
159004,normal,572,0,1782360559.509994,0.0018768310546875
159005,normal,2560,0,1782360559.5120127,0.0020186901092529297
159006,normal,3396,1,1782360559.5140014,0.001988649368286133
159007,normal,720,0,1782360559.5159962,0.0019948482513427734
159008,normal,754,0,1782360559.518229,0.002232789993286133
159009,normal,853,2,1782360559.519995,0.0017659664154052734
159010,normal,3700,0,1782360559.52206,0.002064943313598633
159011,normal,2068,0,1782360559.5239851,0.0019252300262451172
159012,normal,2712,0,1782360559.5259924,0.0020072460174560547
159013,normal,739,0,1782360559.5280724,0.0020799636840820312
159014,normal,1685,0,1782360559.5299919,0.0019195079803466797
159015,normal,1718,0,1782360559.532057,0.0020651817321777344
159016,normal,26,0,1782360559.5340378,0.0019807815551757812
159017,normal,2363,0,1782360559.5360222,0.0019843578338623047
159018,normal,68,0,1782360559.5380585,0.0020363330841064453
159019,normal,373,0,1782360559.540049,0.0019905567169189453
159020,normal,3180,1,1782360559.5420265,0.0019774436950683594
159021,normal,1959,0,1782360559.5440593,0.002032756805419922
159022,normal,1316,0,1782360559.5460396,0.001980304718017578
159023,normal,444,0,1782360559.548063,0.002023458480834961
159024,normal,3156,1,1782360559.5499825,0.0019195079803466797
159025,normal,3464,0,1782360559.5520427,0.0020601749420166016
159026,normal,154,0,1782360559.5540562,0.0020134449005126953
159027,normal,535,0,1782360559.55607,0.0020139217376708984
159028,normal,2645,0,1782360559.5580556,0.0019855499267578125
159029,normal,909,2,1782360559.5599875,0.001931905746459961
159030,normal,2497,0,1782360559.5620546,0.002067089080810547
159031,normal,3063,1,1782360559.563981,0.001926422119140625
159032,normal,767,0,1782360559.5660455,0.0020644664764404297
159033,normal,460,0,1782360559.5679839,0.0019383430480957031
159034,normal,1659,0,1782360559.5699804,0.0019965171813964844
159035,normal,3031,0,1782360559.5720522,0.002071857452392578
159036,normal,612,0,1782360559.5740314,0.0019791126251220703
159037,normal,1062,0,1782360559.5759966,0.0019652843475341797
159038,normal,788,2,1782360559.5780554,0.002058744430541992
159039,normal,232,0,1782360559.5799806,0.0019252300262451172
159040,normal,2025,0,1782360559.5819905,0.002009868621826172
159041,normal,2207,0,1782360559.5840065,0.0020160675048828125
159042,normal,2258,0,1782360559.5860558,0.0020492076873779297
159043,normal,2439,0,1782360559.5880558,0.002000093460083008
159044,normal,747,0,1782360559.5902066,0.0021507740020751953
159045,normal,2403,0,1782360559.5920136,0.0018069744110107422
159046,normal,3035,0,1782360559.5942,0.002186298370361328
159047,normal,309,0,1782360559.5960217,0.001821756362915039
159048,normal,1957,0,1782360559.5982742,0.0022525787353515625
159049,normal,730,0,1782360559.6001012,0.0018270015716552734
159050,normal,2424,0,1782360559.6020525,0.0019512176513671875
159051,normal,972,2,1782360559.6042747,0.002222299575805664
159052,normal,698,0,1782360559.6060486,0.001773834228515625
159053,normal,201,0,1782360559.6082048,0.0021562576293945312
159054,normal,2658,0,1782360559.6101255,0.0019207000732421875
159055,normal,1477,0,1782360559.6122293,0.0021038055419921875
159056,normal,3648,0,1782360559.614058,0.0018286705017089844
159057,normal,353,0,1782360559.6162803,0.002222299575805664
159058,normal,2017,0,1782360559.6180527,0.0017724037170410156
159059,normal,2599,0,1782360559.6202114,0.002158641815185547
159060,normal,1728,0,1782360559.6221302,0.001918792724609375
159061,normal,2689,0,1782360559.6242325,0.002102375030517578
159062,normal,1185,0,1782360559.6260693,0.0018367767333984375
159063,normal,555,0,1782360559.6282842,0.0022149085998535156
159064,normal,510,0,1782360559.6300967,0.0018124580383300781
159065,normal,2757,0,1782360559.6322,0.0021033287048339844
159066,normal,2928,0,1782360559.6341357,0.001935720443725586
159067,normal,3682,0,1782360559.6362092,0.002073526382446289
159068,normal,2259,0,1782360559.6380723,0.0018630027770996094
159069,normal,2714,0,1782360559.64029,0.0022177696228027344
159070,normal,2189,0,1782360559.6422057,0.0019156932830810547
159071,normal,73,0,1782360559.6440465,0.001840829849243164
159072,normal,1859,0,1782360559.6460636,0.0020170211791992188
159073,normal,214,0,1782360559.647997,0.0019333362579345703
159074,normal,829,2,1782360559.6500163,0.0020194053649902344
159075,normal,646,0,1782360559.6520257,0.0020093917846679688
159076,normal,3053,1,1782360559.6540062,0.0019805431365966797
159077,normal,611,0,1782360559.6560135,0.0020072460174560547
159078,normal,1337,1,1782360559.6580257,0.0020122528076171875
159079,normal,3116,1,1782360559.6600373,0.002011537551879883
159080,normal,1371,1,1782360559.6621234,0.002086162567138672
159081,normal,138,0,1782360559.664119,0.001995563507080078
159082,normal,1794,0,1782360559.6660032,0.0018842220306396484
159083,normal,2230,0,1782360559.668112,0.0021088123321533203
159084,normal,2262,0,1782360559.670212,0.0020999908447265625
159085,normal,3229,1,1782360559.672053,0.0018410682678222656
159086,normal,1800,0,1782360559.674217,0.0021638870239257812
159087,normal,3354,1,1782360559.6760569,0.0018398761749267578
159088,normal,1793,0,1782360559.6780527,0.0019958019256591797
159089,normal,1841,0,1782360559.6802113,0.002158641815185547
159090,normal,3445,0,1782360559.682061,0.0018496513366699219
159091,normal,2636,0,1782360559.6840518,0.001990795135498047
159092,normal,2345,0,1782360559.6860301,0.0019783973693847656
159093,normal,3215,1,1782360559.6882186,0.002188444137573242
159094,normal,1294,0,1782360559.6900518,0.001833200454711914
159095,normal,843,2,1782360559.692225,0.002173185348510742
159096,normal,62,0,1782360559.6940649,0.0018398761749267578
159097,normal,1395,0,1782360559.69619,0.002125263214111328
159098,normal,381,0,1782360559.698068,0.0018777847290039062
159099,normal,2495,0,1782360559.7002254,0.002157449722290039
159100,normal,167,0,1782360559.7020571,0.0018317699432373047
159101,normal,1329,1,1782360559.704223,0.0021657943725585938
159102,normal,178,0,1782360559.7060711,0.0018482208251953125
159103,normal,3380,1,1782360559.7081842,0.0021131038665771484
159104,normal,2917,0,1782360559.7100742,0.001889944076538086
159105,normal,1435,0,1782360559.7121906,0.0021164417266845703
159106,normal,1927,0,1782360559.714111,0.001920461654663086
159107,normal,482,0,1782360559.7161922,0.002081155776977539
159108,normal,575,0,1782360559.7180305,0.0018382072448730469
159109,normal,2710,0,1782360559.7201276,0.0020971298217773438
159110,normal,415,0,1782360559.722001,0.0018734931945800781
159111,normal,2887,0,1782360559.7242389,0.0022377967834472656
159112,normal,3412,0,1782360559.7260408,0.0018019676208496094
159113,normal,2209,0,1782360559.7280293,0.0019884109497070312
159114,normal,2275,0,1782360559.7300346,0.002005338668823242
159115,normal,1376,1,1782360559.732,0.0019655227661132812
159116,normal,3235,1,1782360559.734116,0.002115964889526367
159117,normal,1119,0,1782360559.7361073,0.00199127197265625
159118,normal,38,0,1782360559.7380009,0.0018935203552246094
159119,normal,139,0,1782360559.7401078,0.002106904983520508
159120,normal,1961,0,1782360559.7422423,0.002134561538696289
159121,normal,1220,0,1782360559.7440553,0.0018129348754882812
159122,normal,1864,0,1782360559.7462087,0.0021533966064453125
159123,normal,1383,0,1782360559.748086,0.0018773078918457031
159124,normal,882,2,1782360559.7500544,0.0019683837890625
159125,normal,3242,1,1782360559.7522101,0.002155780792236328
159126,normal,390,0,1782360559.7540903,0.0018801689147949219
159127,normal,1513,0,1782360559.7560554,0.001965045928955078
159128,normal,838,2,1782360559.7583065,0.002251148223876953
159129,normal,785,2,1782360559.7600925,0.0017859935760498047
159130,normal,3581,0,1782360559.7620764,0.0019838809967041016
159131,normal,1586,0,1782360559.7642095,0.0021331310272216797
159132,normal,2817,0,1782360559.7660973,0.0018877983093261719
159133,normal,305,0,1782360559.7680507,0.0019533634185791016
159134,normal,3150,1,1782360559.7702105,0.0021598339080810547
159135,normal,1594,0,1782360559.7720969,0.0018863677978515625
159136,normal,3261,1,1782360559.774057,0.0019600391387939453
159137,normal,2474,0,1782360559.776204,0.002147197723388672
159138,normal,96,0,1782360559.778099,0.0018949508666992188
159139,normal,3455,0,1782360559.780055,0.0019559860229492188
159140,normal,3406,0,1782360559.7822096,0.0021545886993408203
159141,normal,341,0,1782360559.7841027,0.0018930435180664062
159142,normal,3016,0,1782360559.786057,0.001954317092895508
159143,normal,683,0,1782360559.7882097,0.002152681350708008
159144,normal,450,0,1782360559.7901108,0.0019011497497558594
159145,normal,2575,0,1782360559.7920527,0.0019419193267822266
159146,normal,1168,0,1782360559.7942095,0.0021567344665527344
159147,normal,2034,0,1782360559.796049,0.0018396377563476562
159148,normal,279,0,1782360559.7980518,0.002002716064453125
159149,normal,3549,0,1782360559.8002074,0.0021555423736572266
159150,normal,738,0,1782360559.80211,0.0019025802612304688
159151,normal,254,0,1782360559.8040478,0.0019378662109375
159152,normal,1546,0,1782360559.8062086,0.002160787582397461
159153,normal,1781,0,1782360559.8081114,0.0019028186798095703
159154,normal,1009,2,1782360559.8100524,0.0019409656524658203
159155,normal,2852,0,1782360559.8122134,0.0021610260009765625
159156,normal,1297,0,1782360559.8141146,0.0019011497497558594
159157,normal,2054,0,1782360559.8160505,0.0019359588623046875
159158,normal,2329,0,1782360559.8182056,0.0021550655364990234
159159,normal,1284,0,1782360559.8201149,0.0019092559814453125
159160,normal,1963,0,1782360559.8220527,0.0019378662109375
159161,normal,1500,0,1782360559.824207,0.0021543502807617188
159162,normal,3626,0,1782360559.826053,0.0018458366394042969
159163,normal,2113,0,1782360559.8280501,0.001997232437133789
159164,normal,2737,0,1782360559.8302095,0.0021593570709228516
159165,normal,601,0,1782360559.832122,0.0019125938415527344
159166,normal,404,0,1782360559.8341842,0.002062082290649414
159167,normal,2383,0,1782360559.83605,0.0018658638000488281
159168,normal,1249,0,1782360559.8382843,0.002234220504760742
159169,normal,298,0,1782360559.840051,0.0017666816711425781
159170,normal,429,0,1782360559.8422086,0.0021576881408691406
159171,normal,2932,0,1782360559.8441265,0.0019178390502929688
159172,normal,1196,0,1782360559.846051,0.0019245147705078125
159173,normal,657,0,1782360559.848208,0.002156972885131836
159174,normal,891,2,1782360559.8501298,0.0019218921661376953
159175,normal,925,2,1782360559.8520498,0.0019199848175048828
159176,normal,183,0,1782360559.8542101,0.002160310745239258
159177,normal,969,2,1782360559.856132,0.0019218921661376953
159178,normal,545,0,1782360559.8580506,0.0019185543060302734
159179,normal,3583,0,1782360559.8602073,0.0021567344665527344
159180,normal,85,0,1782360559.8621347,0.0019273757934570312
159181,normal,1612,0,1782360559.8640497,0.00191497802734375
159182,normal,204,0,1782360559.8662102,0.0021605491638183594
159183,normal,2613,0,1782360559.8681357,0.0019254684448242188
159184,normal,2135,0,1782360559.8700519,0.0019161701202392578
159185,normal,2606,0,1782360559.8722053,0.0021533966064453125
159186,normal,3637,0,1782360559.8741384,0.0019330978393554688
159187,normal,230,0,1782360559.8760488,0.0019104480743408203
159188,normal,3055,1,1782360559.8782098,0.0021610260009765625
159189,normal,1496,0,1782360559.8801408,0.0019309520721435547
159190,normal,607,0,1782360559.88205,0.0019092559814453125
159191,normal,892,2,1782360559.8842092,0.00215911865234375
159192,normal,508,0,1782360559.8861325,0.0019233226776123047
159193,normal,929,2,1782360559.8880491,0.001916646957397461
159194,normal,1852,0,1782360559.890213,0.0021638870239257812
159195,normal,2064,0,1782360559.892094,0.0018808841705322266
159196,normal,3503,0,1782360559.8940506,0.0019567012786865234
159197,normal,2477,0,1782360559.896205,0.0021543502807617188
159198,normal,1333,1,1782360559.898053,0.001847982406616211
159199,normal,3387,1,1782360559.9002273,0.00217437744140625
159200,normal,2164,0,1782360559.9020517,0.0018243789672851562
159201,normal,3508,0,1782360559.904245,0.0021932125091552734
159202,normal,697,0,1782360559.9060524,0.0018074512481689453
159203,normal,2615,0,1782360559.9082174,0.002165079116821289
159204,normal,3339,1,1782360559.910056,0.00183868408203125
159205,normal,2805,0,1782360559.9122155,0.0021593570709228516
159206,normal,3450,0,1782360559.914059,0.0018434524536132812
159207,normal,3577,0,1782360559.9162486,0.00218963623046875
159208,normal,36,0,1782360559.9180467,0.0017981529235839844
159209,normal,77,0,1782360559.920081,0.0020341873168945312
159210,normal,261,0,1782360559.922163,0.0020821094512939453
159211,normal,831,2,1782360559.9241672,0.0020041465759277344
159212,normal,133,0,1782360559.9260876,0.001920461654663086
159213,normal,1306,0,1782360559.9282188,0.002131223678588867
159214,normal,1917,0,1782360559.9300506,0.0018317699432373047
159215,normal,2361,0,1782360559.9322486,0.0021979808807373047
159216,normal,393,0,1782360559.9340203,0.001771688461303711
159217,normal,1408,0,1782360559.9360209,0.002000570297241211
159218,normal,979,2,1782360559.9380105,0.001989603042602539
159219,normal,3310,1,1782360559.9400425,0.002032041549682617
159220,normal,51,0,1782360559.9420397,0.001997232437133789
159221,normal,1705,0,1782360559.9443777,0.002337932586669922
159222,normal,1827,0,1782360559.9462738,0.0018961429595947266
159223,normal,2118,0,1782360559.9481804,0.0019066333770751953
159224,normal,3625,0,1782360559.950071,0.0018906593322753906
159225,normal,1365,1,1782360559.9520664,0.0019953250885009766
159226,normal,2526,0,1782360559.9540539,0.001987457275390625
159227,normal,377,0,1782360559.956046,0.0019922256469726562
159228,normal,816,2,1782360559.958076,0.002029895782470703
159229,normal,784,2,1782360559.9599783,0.0019023418426513672
159230,normal,1314,0,1782360559.9622188,0.002240419387817383
159231,normal,1379,1,1782360559.9640775,0.0018587112426757812
159232,normal,728,0,1782360559.9662104,0.002132892608642578
159233,normal,2652,0,1782360559.9680622,0.001851797103881836
159234,normal,1582,0,1782360559.970237,0.002174854278564453
159235,normal,2122,0,1782360559.9720664,0.001829385757446289
159236,normal,685,0,1782360559.9742107,0.002144336700439453
159237,normal,857,2,1782360559.9760818,0.0018711090087890625
159238,normal,2662,0,1782360559.9782119,0.0021300315856933594
159239,normal,667,0,1782360559.9800534,0.0018415451049804688
159240,normal,883,2,1782360559.982245,0.0021915435791015625
159241,normal,3670,0,1782360559.9840562,0.0018112659454345703
159242,normal,142,0,1782360559.986214,0.0021576881408691406
159243,normal,3023,0,1782360559.9880896,0.0018756389617919922
159244,normal,867,2,1782360559.9902136,0.0021240711212158203
159245,normal,2999,0,1782360559.992055,0.0018413066864013672
159246,normal,918,2,1782360559.9942505,0.002195596694946289
159247,normal,258,0,1782360559.9960535,0.0018029212951660156
159248,normal,1576,0,1782360559.9982102,0.0021567344665527344
159249,normal,1951,0,1782360560.000093,0.001882791519165039
159250,normal,1100,0,1782360560.0022135,0.002120494842529297
159251,normal,2350,0,1782360560.0040548,0.0018413066864013672
159252,normal,1642,0,1782360560.0062182,0.002163410186767578
159253,normal,92,0,1782360560.0080552,0.001837015151977539
159254,normal,2140,0,1782360560.0102112,0.0021560192108154297
159255,normal,1304,0,1782360560.0120554,0.001844167709350586
159256,normal,2069,0,1782360560.0142148,0.0021593570709228516
159257,normal,1700,0,1782360560.016054,0.0018391609191894531
159258,normal,271,0,1782360560.0182583,0.002204418182373047
159259,normal,911,2,1782360560.0202713,0.002012968063354492
159260,normal,2,0,1782360560.0221033,0.0018320083618164062
159261,normal,1116,0,1782360560.0242684,0.002165079116821289
159262,normal,3596,0,1782360560.0262873,0.0020189285278320312
159263,normal,593,0,1782360560.0280538,0.0017664432525634766
159264,normal,56,0,1782360560.030226,0.002172231674194336
159265,normal,3095,1,1782360560.0320673,0.0018413066864013672
159266,normal,645,0,1782360560.0342329,0.002165555953979492
159267,normal,644,0,1782360560.0361078,0.0018749237060546875
159268,normal,2461,0,1782360560.038226,0.0021181106567382812
159269,normal,219,0,1782360560.0400681,0.0018422603607177734
159270,normal,1186,0,1782360560.0422695,0.0022013187408447266
159271,normal,1968,0,1782360560.0440683,0.001798868179321289
159272,normal,1002,2,1782360560.0462334,0.002165079116821289
159273,normal,2492,0,1782360560.0480523,0.0018188953399658203
159274,normal,581,0,1782360560.0502248,0.0021724700927734375
159275,normal,3286,1,1782360560.0520694,0.001844644546508789
159276,normal,856,2,1782360560.0541167,0.002047300338745117
159277,normal,3551,0,1782360560.0562263,0.002109527587890625
159278,normal,1324,1,1782360560.05807,0.0018436908721923828
159279,normal,2458,0,1782360560.0602746,0.0022046566009521484
159280,normal,1651,0,1782360560.062066,0.0017914772033691406
159281,normal,1579,0,1782360560.0642056,0.002139568328857422
159282,normal,1810,0,1782360560.066122,0.0019164085388183594
159283,normal,1310,0,1782360560.068226,0.002104043960571289
159284,normal,1674,0,1782360560.0700731,0.0018470287322998047
159285,normal,3668,0,1782360560.0720782,0.0020051002502441406
159286,normal,1300,0,1782360560.0740426,0.0019643306732177734
159287,normal,466,0,1782360560.0760925,0.0020499229431152344
159288,normal,3512,0,1782360560.078284,0.0021915435791015625
159289,normal,1225,0,1782360560.0800567,0.0017726421356201172
159290,normal,1855,0,1782360560.082209,0.0021524429321289062
159291,normal,1838,0,1782360560.0840588,0.0018496513366699219
159292,normal,1740,0,1782360560.086178,0.002119302749633789
159293,normal,1906,0,1782360560.0880463,0.0018682479858398438
159294,normal,3147,1,1782360560.0900466,0.0020003318786621094
159295,normal,224,0,1782360560.0920885,0.0020418167114257812
159296,normal,587,0,1782360560.0941942,0.002105712890625
159297,normal,1785,0,1782360560.0961304,0.001936197280883789
159298,normal,3145,1,1782360560.0982077,0.002077341079711914
159299,normal,2320,0,1782360560.100084,0.0018763542175292969
159300,normal,3082,1,1782360560.1022387,0.0021545886993408203
159301,normal,889,2,1782360560.1040583,0.001819610595703125
159302,normal,3134,1,1782360560.1062088,0.0021505355834960938
159303,normal,1660,0,1782360560.1080532,0.0018444061279296875
159304,normal,3363,1,1782360560.1102111,0.002157926559448242
159305,normal,1591,0,1782360560.1120546,0.0018434524536132812
159306,normal,1758,0,1782360560.1142914,0.0022368431091308594
159307,normal,194,0,1782360560.1160543,0.0017628669738769531
159308,normal,2114,0,1782360560.1182098,0.0021555423736572266
159309,normal,2838,0,1782360560.1200533,0.0018434524536132812
159310,normal,343,0,1782360560.1222126,0.0021593570709228516
159311,normal,2303,0,1782360560.1240604,0.0018477439880371094
159312,normal,3305,1,1782360560.1263068,0.002246379852294922
159313,normal,1796,0,1782360560.1280525,0.0017457008361816406
159314,normal,1259,0,1782360560.1302073,0.002154827117919922
159315,normal,53,0,1782360560.132145,0.0019376277923583984
159316,normal,2089,0,1782360560.1342063,0.0020613670349121094
159317,normal,1928,0,1782360560.136053,0.0018467903137207031
159318,normal,1149,0,1782360560.1382263,0.002173185348510742
159319,normal,2632,0,1782360560.1400547,0.0018284320831298828
159320,normal,934,2,1782360560.1422083,0.002153635025024414
159321,normal,3401,1,1782360560.1440542,0.0018458366394042969
159322,normal,687,0,1782360560.1462078,0.002153635025024414
159323,normal,3447,0,1782360560.148059,0.0018510818481445312
159324,normal,2911,0,1782360560.1502101,0.0021512508392333984
159325,normal,967,2,1782360560.1520731,0.0018630027770996094
159326,normal,1946,0,1782360560.1542096,0.0021364688873291016
159327,normal,3600,0,1782360560.156058,0.001848459243774414
159328,normal,2768,0,1782360560.1582057,0.002147674560546875
159329,normal,1038,0,1782360560.1600535,0.0018477439880371094
159330,normal,2822,0,1782360560.1622195,0.0021660327911376953
159331,normal,2494,0,1782360560.1640537,0.0018341541290283203
159332,normal,1979,0,1782360560.1662054,0.0021517276763916016
159333,normal,2741,0,1782360560.168063,0.0018575191497802734
159334,normal,3254,1,1782360560.1702206,0.0021576881408691406
159335,normal,129,0,1782360560.172053,0.0018324851989746094
159336,normal,2341,0,1782360560.1742203,0.002167224884033203
159337,normal,1518,0,1782360560.176054,0.0018336772918701172
159338,normal,2969,0,1782360560.1783612,0.0023071765899658203
159339,normal,798,2,1782360560.1800673,0.0017061233520507812
159340,normal,185,0,1782360560.182054,0.0019867420196533203
159341,normal,3154,1,1782360560.1842082,0.002154111862182617
159342,normal,2171,0,1782360560.186072,0.0018639564514160156
159343,normal,1756,0,1782360560.188213,0.0021409988403320312
159344,normal,890,2,1782360560.190068,0.0018548965454101562
159345,normal,2571,0,1782360560.192235,0.0021669864654541016
159346,normal,107,0,1782360560.194053,0.001817941665649414
159347,normal,3025,0,1782360560.196207,0.002154111862182617
159348,normal,552,0,1782360560.1980681,0.0018610954284667969
159349,normal,530,0,1782360560.2002115,0.002143383026123047
159350,normal,807,2,1782360560.2020593,0.0018477439880371094
159351,normal,2992,0,1782360560.2042315,0.002172231674194336
159352,normal,477,0,1782360560.2060528,0.001821279525756836
159353,normal,3214,1,1782360560.2082064,0.002153635025024414
159354,normal,2538,0,1782360560.2100806,0.0018742084503173828
159355,normal,1212,0,1782360560.2122104,0.002129793167114258
159356,normal,2126,0,1782360560.214053,0.001842498779296875
159357,normal,356,0,1782360560.2162347,0.0021817684173583984
159358,normal,2454,0,1782360560.2180593,0.0018246173858642578
159359,normal,3086,1,1782360560.2202058,0.002146482467651367
159360,normal,1920,0,1782360560.2220535,0.0018477439880371094
159361,normal,3635,0,1782360560.2242122,0.002158641815185547
159362,normal,809,2,1782360560.2260513,0.0018391609191894531
159363,normal,1752,0,1782360560.2282422,0.002190828323364258
159364,normal,700,0,1782360560.2300525,0.001810312271118164
159365,normal,1521,0,1782360560.2322066,0.002154111862182617
159366,normal,2609,0,1782360560.2340524,0.0018458366394042969
159367,normal,910,2,1782360560.2362206,0.0021681785583496094
159368,normal,1615,0,1782360560.2380533,0.001832723617553711
159369,normal,1955,0,1782360560.2402463,0.002192974090576172
159370,normal,99,0,1782360560.2420514,0.0018050670623779297
159371,normal,3299,1,1782360560.2442048,0.0021533966064453125
159372,normal,859,2,1782360560.2460525,0.0018477439880371094
159373,normal,2360,0,1782360560.2481945,0.0021419525146484375
159374,normal,2819,0,1782360560.2500534,0.0018589496612548828
159375,normal,2628,0,1782360560.2522507,0.002197265625
159376,normal,2585,0,1782360560.2540524,0.0018017292022705078
159377,normal,412,0,1782360560.2562053,0.0021529197692871094
159378,normal,870,2,1782360560.2580523,0.0018470287322998047
159379,normal,3037,0,1782360560.2602105,0.0021581649780273438
159380,normal,503,0,1782360560.262053,0.001842498779296875
159381,normal,2370,0,1782360560.264255,0.0022020339965820312
159382,normal,2307,0,1782360560.2660522,0.0017971992492675781
159383,normal,371,0,1782360560.2682054,0.002153158187866211
159384,normal,3400,1,1782360560.2700527,0.0018472671508789062
159385,normal,3119,1,1782360560.2722092,0.002156496047973633
159386,normal,45,0,1782360560.2740533,0.001844167709350586
159387,normal,1458,0,1782360560.2762609,0.002207517623901367
159388,normal,3496,0,1782360560.2780535,0.0017926692962646484
159389,normal,654,0,1782360560.2802176,0.002164125442504883
159390,normal,8,0,1782360560.2820523,0.0018346309661865234
159391,normal,231,0,1782360560.2842135,0.002161264419555664
159392,normal,3291,1,1782360560.286053,0.0018393993377685547
159393,normal,3630,0,1782360560.2882063,0.0021533966064453125
159394,normal,3458,0,1782360560.2900589,0.0018525123596191406
159395,normal,3054,1,1782360560.292234,0.0021750926971435547
159396,normal,2841,0,1782360560.294041,0.0018069744110107422
159397,normal,213,0,1782360560.2962193,0.0021784305572509766
159398,normal,328,0,1782360560.2980506,0.0018312931060791016
159399,normal,1789,0,1782360560.300118,0.0020673274993896484
159400,normal,797,2,1782360560.302237,0.0021190643310546875
159401,normal,2165,0,1782360560.3040397,0.001802682876586914
159402,normal,209,0,1782360560.3062093,0.0021696090698242188
159403,normal,1784,0,1782360560.308052,0.0018427371978759766
159404,normal,2468,0,1782360560.3102045,0.0021524429321289062
159405,normal,1339,1,1782360560.312121,0.0019164085388183594
159406,normal,2680,0,1782360560.3141885,0.00206756591796875
159407,normal,148,0,1782360560.3170204,0.0028319358825683594
159408,normal,216,0,1782360560.3180661,0.0010457038879394531
159409,normal,13,0,1782360560.32005,0.0019838809967041016
159410,normal,538,0,1782360560.3222315,0.002181529998779297
159411,normal,128,0,1782360560.3240547,0.0018231868743896484
159412,normal,2428,0,1782360560.3260684,0.002013683319091797
159413,normal,1715,0,1782360560.3282056,0.0021371841430664062
159414,normal,792,2,1782360560.3301294,0.0019237995147705078
159415,normal,2986,0,1782360560.3322031,0.0020737648010253906
159416,normal,1640,0,1782360560.334053,0.0018498897552490234
159417,normal,304,0,1782360560.3362074,0.0021543502807617188
159418,normal,3322,1,1782360560.3380523,0.0018448829650878906
159419,normal,1843,0,1782360560.3401928,0.002140522003173828
159420,normal,2020,0,1782360560.3420515,0.0018587112426757812
159421,normal,1886,0,1782360560.3442106,0.00215911865234375
159422,normal,3069,1,1782360560.3460608,0.001850128173828125
159423,normal,1397,0,1782360560.348205,0.002144336700439453
159424,normal,1200,0,1782360560.3500464,0.0018413066864013672
159425,normal,2228,0,1782360560.3520906,0.002044200897216797
159426,normal,2249,0,1782360560.3541236,0.0020329952239990234
159427,normal,737,0,1782360560.356009,0.0018854141235351562
159428,normal,2923,0,1782360560.3581069,0.0020978450775146484
159429,normal,3557,0,1782360560.3603053,0.002198457717895508
159430,normal,1440,0,1782360560.3620057,0.0017004013061523438
159431,normal,2316,0,1782360560.3641713,0.002165555953979492
159432,normal,2673,0,1782360560.3660066,0.0018353462219238281
159433,normal,609,0,1782360560.3680625,0.0020558834075927734
159434,normal,680,0,1782360560.3702712,0.002208709716796875
159435,normal,627,0,1782360560.3721824,0.001911163330078125
159436,normal,618,0,1782360560.3741271,0.0019447803497314453
159437,normal,3703,0,1782360560.376201,0.0020737648010253906
159438,normal,1646,0,1782360560.3781927,0.001991748809814453
159439,normal,449,0,1782360560.380162,0.0019693374633789062
159440,normal,1350,1,1782360560.3821416,0.0019795894622802734
159441,normal,3571,0,1782360560.3842366,0.0020949840545654297
159442,normal,2880,0,1782360560.3862376,0.002001047134399414
159443,normal,86,0,1782360560.3882422,0.0020046234130859375
159444,normal,2864,0,1782360560.390291,0.0020487308502197266
159445,normal,1578,0,1782360560.3921695,0.001878499984741211
159446,normal,1189,0,1782360560.3943784,0.0022089481353759766
159447,normal,896,2,1782360560.3963532,0.001974821090698242
159448,normal,2937,0,1782360560.3982387,0.0018854141235351562
159449,normal,2938,0,1782360560.4002414,0.002002716064453125
159450,normal,2998,0,1782360560.4022958,0.002054452896118164
159451,normal,1747,0,1782360560.404174,0.0018782615661621094
159452,normal,2646,0,1782360560.4062543,0.002080202102661133
159453,normal,1861,0,1782360560.4082992,0.0020449161529541016
159454,normal,2285,0,1782360560.4102197,0.001920461654663086
159455,normal,855,2,1782360560.4122415,0.00202178955078125
159456,normal,3028,0,1782360560.4143007,0.0020592212677001953
159457,normal,3454,0,1782360560.4162393,0.0019385814666748047
159458,normal,2404,0,1782360560.418249,0.0020096302032470703
159459,normal,1717,0,1782360560.420302,0.0020530223846435547
159460,normal,1636,0,1782360560.4222436,0.001941680908203125
159461,normal,2759,0,1782360560.4242523,0.002008676528930664
159462,normal,1818,0,1782360560.4263053,0.0020530223846435547
159463,normal,3236,1,1782360560.4281116,0.0018062591552734375
159464,normal,3384,1,1782360560.4303756,0.0022640228271484375
159465,normal,2867,0,1782360560.4321795,0.0018038749694824219
159466,normal,2305,0,1782360560.434284,0.002104520797729492
159467,normal,1030,0,1782360560.4361157,0.0018317699432373047
159468,normal,1048,0,1782360560.438313,0.002197265625
159469,normal,2568,0,1782360560.4401538,0.001840829849243164
159470,normal,1142,0,1782360560.4420912,0.0019373893737792969
159471,normal,678,0,1782360560.4441776,0.0020864009857177734
159472,normal,2846,0,1782360560.446151,0.001973390579223633
159473,normal,973,2,1782360560.4480894,0.0019383430480957031
159474,normal,2562,0,1782360560.4501808,0.0020914077758789062
159475,normal,1120,0,1782360560.4521515,0.0019707679748535156
159476,normal,3149,1,1782360560.4540875,0.0019359588623046875
159477,normal,1816,0,1782360560.456131,0.002043485641479492
159478,normal,1348,1,1782360560.4581451,0.00201416015625
159479,normal,2908,0,1782360560.4600868,0.001941680908203125
159480,normal,1742,0,1782360560.4620879,0.002001047134399414
159481,normal,1939,0,1782360560.4641461,0.002058267593383789
159482,normal,239,0,1782360560.4660878,0.001941680908203125
159483,normal,370,0,1782360560.4680893,0.002001523971557617
159484,normal,2186,0,1782360560.4701474,0.0020580291748046875
159485,normal,659,0,1782360560.4720871,0.0019397735595703125
159486,normal,1167,0,1782360560.4741383,0.002051115036010742
159487,normal,2426,0,1782360560.4761484,0.0020101070404052734
159488,normal,2440,0,1782360560.4780862,0.0019378662109375
159489,normal,1174,0,1782360560.4800947,0.0020084381103515625
159490,normal,2528,0,1782360560.4821503,0.002055644989013672
159491,normal,47,0,1782360560.4840865,0.001936197280883789
159492,normal,1497,0,1782360560.4860976,0.0020110607147216797
159493,normal,1508,0,1782360560.488152,0.002054452896118164
159494,normal,1066,0,1782360560.4900856,0.0019335746765136719
159495,normal,3584,0,1782360560.4920986,0.002012968063354492
159496,normal,1115,0,1782360560.4941533,0.0020546913146972656
159497,normal,281,0,1782360560.4960883,0.0019350051879882812
159498,normal,614,0,1782360560.4981022,0.0020139217376708984
159499,normal,1076,0,1782360560.5001578,0.002055644989013672
159500,normal,277,0,1782360560.5020864,0.001928567886352539
159501,normal,2031,0,1782360560.5041037,0.0020172595977783203
159502,normal,206,0,1782360560.5061517,0.002048015594482422
159503,normal,2339,0,1782360560.5080922,0.0019404888153076172
159504,normal,3559,0,1782360560.5101068,0.002014636993408203
159505,normal,192,0,1782360560.5121515,0.002044677734375
159506,normal,1255,0,1782360560.5140953,0.001943826675415039
159507,normal,2555,0,1782360560.5161102,0.0020148754119873047
159508,normal,2180,0,1782360560.518153,0.0020427703857421875
159509,normal,496,0,1782360560.5200856,0.0019326210021972656
159510,normal,2862,0,1782360560.522112,0.0020263195037841797
159511,normal,620,0,1782360560.524154,0.002042055130004883
159512,normal,161,0,1782360560.5260892,0.0019352436065673828
159513,normal,1511,0,1782360560.528241,0.0021517276763916016
159514,normal,3210,1,1782360560.5301006,0.0018596649169921875
159515,normal,651,0,1782360560.5322266,0.002125978469848633
159516,normal,2664,0,1782360560.5342004,0.001973867416381836
159517,normal,935,2,1782360560.5361624,0.001961946487426758
159518,normal,1287,0,1782360560.5381825,0.002020120620727539
159519,normal,2398,0,1782360560.540183,0.002000570297241211
159520,normal,3049,1,1782360560.542144,0.0019609928131103516
159521,normal,686,0,1782360560.5441568,0.0020127296447753906
159522,normal,2162,0,1782360560.5461822,0.0020253658294677734
159523,normal,3614,0,1782360560.5481398,0.0019576549530029297
159524,normal,3518,0,1782360560.5501933,0.002053499221801758
159525,normal,2835,0,1782360560.5522244,0.002031087875366211
159526,normal,1495,0,1782360560.5540788,0.0018544197082519531
159527,normal,156,0,1782360560.5562177,0.002138853073120117
159528,normal,1421,0,1782360560.5581937,0.00197601318359375
159529,normal,1969,0,1782360560.5600777,0.0018839836120605469
159530,normal,1871,0,1782360560.562219,0.002141237258911133
159531,normal,3288,1,1782360560.564182,0.0019631385803222656
159532,normal,2608,0,1782360560.5660784,0.0018963813781738281
159533,normal,1172,0,1782360560.5682173,0.002138853073120117
159534,normal,1384,0,1782360560.5701823,0.001965045928955078
159535,normal,2301,0,1782360560.5720763,0.0018939971923828125
159536,normal,3002,0,1782360560.5741973,0.0021209716796875
159537,normal,689,0,1782360560.576121,0.0019237995147705078
159538,normal,1017,2,1782360560.5780787,0.0019576549530029297
159539,normal,1627,0,1782360560.5801923,0.0021135807037353516
159540,normal,1183,0,1782360560.5820646,0.0018723011016845703
159541,normal,1391,0,1782360560.5841994,0.0021347999572753906
159542,normal,1849,0,1782360560.58614,0.0019404888153076172
159543,normal,3313,1,1782360560.5881867,0.002046823501586914
159544,normal,19,0,1782360560.5901458,0.001959085464477539
159545,normal,2389,0,1782360560.5921993,0.002053499221801758
159546,normal,2325,0,1782360560.5941875,0.0019881725311279297
159547,normal,1121,0,1782360560.5961382,0.0019507408142089844
159548,normal,1412,0,1782360560.5981865,0.0020482540130615234
159549,normal,974,2,1782360560.6002288,0.0020422935485839844
159550,normal,3379,1,1782360560.6020646,0.0018358230590820312
159551,normal,1292,0,1782360560.6042233,0.002158641815185547
159552,normal,1237,0,1782360560.606188,0.0019648075103759766
159553,normal,278,0,1782360560.6080804,0.0018923282623291016
159554,normal,1274,0,1782360560.6102242,0.00214385986328125
159555,normal,2968,0,1782360560.6121984,0.0019741058349609375
159556,normal,3684,0,1782360560.61408,0.0018815994262695312
159557,normal,1552,0,1782360560.6162238,0.00214385986328125
159558,normal,1319,1,1782360560.6181896,0.001965761184692383
159559,normal,1701,0,1782360560.6200786,0.0018889904022216797
159560,normal,583,0,1782360560.6222248,0.0021462440490722656
159561,normal,539,0,1782360560.624188,0.0019631385803222656
159562,normal,1941,0,1782360560.626105,0.001917123794555664
159563,normal,3439,0,1782360560.6282537,0.0021486282348632812
159564,normal,1519,0,1782360560.6300738,0.0018200874328613281
159565,normal,3431,0,1782360560.6321568,0.0020830631256103516
159566,normal,3610,0,1782360560.6340697,0.001912832260131836
159567,normal,647,0,1782360560.636193,0.0021233558654785156
159568,normal,3094,1,1782360560.6380603,0.0018672943115234375
159569,normal,3196,1,1782360560.6401472,0.0020868778228759766
159570,normal,681,0,1782360560.642029,0.0018818378448486328
159571,normal,2444,0,1782360560.6440277,0.0019986629486083984
159572,normal,1782,0,1782360560.6460555,0.002027750015258789
159573,normal,3192,1,1782360560.6480331,0.001977682113647461
159574,normal,247,0,1782360560.6500409,0.002007722854614258
159575,normal,1515,0,1782360560.6520336,0.0019927024841308594
159576,normal,1677,0,1782360560.6540654,0.0020318031311035156
159577,normal,2774,0,1782360560.6560433,0.0019779205322265625
159578,normal,789,2,1782360560.6580741,0.0020308494567871094
159579,normal,2813,0,1782360560.6600766,0.0020024776458740234
159580,normal,768,0,1782360560.6620502,0.0019736289978027344
159581,normal,2348,0,1782360560.6640754,0.002025127410888672
159582,normal,1398,0,1782360560.6660786,0.002003192901611328
159583,normal,2445,0,1782360560.6680408,0.0019621849060058594
159584,normal,2903,0,1782360560.6701167,0.0020759105682373047
159585,normal,2991,0,1782360560.6721168,0.002000093460083008
159586,normal,2787,0,1782360560.6740828,0.0019659996032714844
159587,normal,1061,0,1782360560.6761866,0.0021038055419921875
159588,normal,2015,0,1782360560.6782706,0.002084016799926758
159589,normal,2239,0,1782360560.6800933,0.0018227100372314453
159590,normal,3073,1,1782360560.682183,0.0020897388458251953
159591,normal,55,0,1782360560.6842577,0.002074718475341797
159592,normal,3561,0,1782360560.6860995,0.0018417835235595703
159593,normal,372,0,1782360560.6881857,0.002086162567138672
159594,normal,1313,0,1782360560.690239,0.0020532608032226562
159595,normal,2490,0,1782360560.6921096,0.0018706321716308594
159596,normal,2905,0,1782360560.694216,0.0021064281463623047
159597,normal,722,0,1782360560.6961825,0.0019664764404296875
159598,normal,410,0,1782360560.6984313,0.0022487640380859375
159599,normal,3296,1,1782360560.7001042,0.001672983169555664
159600,normal,93,0,1782360560.702344,0.002239704132080078
159601,normal,1983,0,1782360560.7042108,0.0018668174743652344
159602,normal,1466,0,1782360560.7060719,0.0018610954284667969
159603,normal,632,0,1782360560.708278,0.002206087112426758
159604,normal,15,0,1782360560.710099,0.0018210411071777344
159605,normal,1479,0,1782360560.7120972,0.0019981861114501953
159606,normal,624,0,1782360560.714144,0.002046823501586914
159607,normal,3428,0,1782360560.7162483,0.0021042823791503906
159608,normal,186,0,1782360560.7180986,0.0018503665924072266
159609,normal,1084,0,1782360560.7200975,0.0019989013671875
159610,normal,3068,1,1782360560.7222426,0.002145051956176758
159611,normal,558,0,1782360560.7240958,0.0018532276153564453
159612,normal,3075,1,1782360560.7261028,0.002007007598876953
159613,normal,2216,0,1782360560.7282503,0.0021474361419677734
159614,normal,3420,0,1782360560.730098,0.0018477439880371094
159615,normal,2520,0,1782360560.732108,0.0020101070404052734
159616,normal,2848,0,1782360560.7342231,0.002115011215209961
159617,normal,1562,0,1782360560.7360976,0.0018744468688964844
159618,normal,2962,0,1782360560.7381022,0.0020046234130859375
159619,normal,3098,1,1782360560.7402225,0.0021202564239501953
159620,normal,1791,0,1782360560.7420955,0.001873016357421875
159621,normal,2255,0,1782360560.7441063,0.002010822296142578
159622,normal,928,2,1782360560.7462227,0.0021164417266845703
159623,normal,1194,0,1782360560.7481062,0.0018835067749023438
159624,normal,3012,0,1782360560.750108,0.0020017623901367188
159625,normal,3394,1,1782360560.7522216,0.0021135807037353516
159626,normal,3292,1,1782360560.7540953,0.0018737316131591797
159627,normal,2390,0,1782360560.7561133,0.002017974853515625
159628,normal,1607,0,1782360560.7582223,0.002109050750732422
159629,normal,1710,0,1782360560.760096,0.0018737316131591797
159630,normal,2274,0,1782360560.7621152,0.002019166946411133
159631,normal,2984,0,1782360560.7642589,0.0021436214447021484
159632,normal,2080,0,1782360560.766096,0.0018372535705566406
159633,normal,2828,0,1782360560.768116,0.0020198822021484375
159634,normal,1470,0,1782360560.770218,0.002101898193359375
159635,normal,1801,0,1782360560.7720942,0.0018763542175292969
159636,normal,3124,1,1782360560.7741191,0.0020248889923095703
159637,normal,3100,1,1782360560.7762156,0.002096414566040039
159638,normal,2587,0,1782360560.7780976,0.0018820762634277344
159639,normal,3505,0,1782360560.7801213,0.0020236968994140625
159640,normal,528,0,1782360560.7822914,0.002170085906982422
159641,normal,2067,0,1782360560.7841032,0.0018117427825927734
159642,normal,1536,0,1782360560.7861226,0.0020194053649902344
159643,normal,1567,0,1782360560.7882433,0.0021207332611083984
159644,normal,2515,0,1782360560.790097,0.0018537044525146484
159645,normal,159,0,1782360560.7922783,0.0021812915802001953
159646,normal,3024,0,1782360560.7940707,0.0017924308776855469
159647,normal,2736,0,1782360560.7962508,0.0021800994873046875
159648,normal,3692,0,1782360560.7981284,0.0018775463104248047
159649,normal,2134,0,1782360560.8002279,0.0020995140075683594
159650,normal,749,0,1782360560.8020964,0.0018684864044189453
159651,normal,3346,1,1782360560.8042834,0.002187013626098633
159652,normal,554,0,1782360560.8060744,0.0017910003662109375
159653,normal,2698,0,1782360560.80825,0.002175569534301758
159654,normal,1736,0,1782360560.810133,0.0018830299377441406
159655,normal,119,0,1782360560.8122346,0.0021016597747802734
159656,normal,2066,0,1782360560.814097,0.0018622875213623047
159657,normal,1727,0,1782360560.8161356,0.002038717269897461
159658,normal,3059,1,1782360560.81823,0.002094268798828125
159659,normal,3071,1,1782360560.820096,0.0018661022186279297
159660,normal,3362,1,1782360560.8221383,0.0020422935485839844
159661,normal,751,0,1782360560.8242226,0.0020842552185058594
159662,normal,2431,0,1782360560.82613,0.0019073486328125
159663,normal,24,0,1782360560.8281398,0.002009868621826172
159664,normal,1264,0,1782360560.8302228,0.0020830631256103516
159665,normal,2978,0,1782360560.8320975,0.001874685287475586
159666,normal,513,0,1782360560.8341427,0.002045154571533203
159667,normal,2473,0,1782360560.836233,0.0020902156829833984
159668,normal,2589,0,1782360560.8380964,0.0018634796142578125
159669,normal,2388,0,1782360560.840145,0.0020487308502197266
159670,normal,1925,0,1782360560.8422368,0.002091646194458008
159671,normal,3057,1,1782360560.8440955,0.0018587112426757812
159672,normal,378,0,1782360560.846148,0.0020525455474853516
159673,normal,1204,0,1782360560.8482218,0.0020737648010253906
159674,normal,457,0,1782360560.8500986,0.0018768310546875
159675,normal,3622,0,1782360560.8521018,0.002003192901611328
159676,normal,2654,0,1782360560.8542244,0.002122640609741211
159677,normal,958,2,1782360560.8560967,0.0018723011016845703
159678,normal,629,0,1782360560.8580961,0.001999378204345703
159679,normal,1013,2,1782360560.8600152,0.0019190311431884766
159680,normal,1867,0,1782360560.8620307,0.0020155906677246094
159681,normal,2141,0,1782360560.864035,0.0020041465759277344
159682,normal,2366,0,1782360560.8660507,0.002015829086303711
159683,normal,2280,0,1782360560.8681467,0.002095937728881836
159684,normal,3553,0,1782360560.8702142,0.00206756591796875
159685,normal,360,0,1782360560.8720458,0.0018315315246582031
159686,normal,1127,0,1782360560.874204,0.0021581649780273438
159687,normal,347,0,1782360560.8762207,0.002016782760620117
159688,normal,3393,1,1782360560.8783436,0.0021228790283203125
159689,normal,1445,0,1782360560.8800879,0.0017442703247070312
159690,normal,2484,0,1782360560.8823822,0.002294301986694336
159691,normal,3708,0,1782360560.88428,0.0018978118896484375
159692,normal,342,0,1782360560.886253,0.0019731521606445312
159693,normal,656,0,1782360560.8881729,0.0019197463989257812
159694,normal,3,0,1782360560.8903825,0.0022096633911132812
159695,normal,709,0,1782360560.8921092,0.0017266273498535156
159696,normal,642,0,1782360560.894385,0.0022759437561035156
159697,normal,512,0,1782360560.8961117,0.0017266273498535156
159698,normal,1208,0,1782360560.8982427,0.0021309852600097656
159699,normal,1786,0,1782360560.9001791,0.0019364356994628906
159700,normal,2717,0,1782360560.902231,0.002051830291748047
159701,normal,605,0,1782360560.9041133,0.001882314682006836
159702,normal,745,0,1782360560.906102,0.001988649368286133
159703,normal,712,0,1782360560.9082046,0.0021026134490966797
159704,normal,544,0,1782360560.9100752,0.0018706321716308594
159705,normal,1989,0,1782360560.9122617,0.0021865367889404297
159706,normal,2402,0,1782360560.914105,0.0018432140350341797
159707,normal,2514,0,1782360560.9162009,0.002095937728881836
159708,normal,3074,1,1782360560.9184012,0.0022003650665283203
159709,normal,3449,0,1782360560.9200685,0.0016672611236572266
159710,normal,3621,0,1782360560.9221952,0.0021266937255859375
159711,normal,1719,0,1782360560.9241943,0.0019991397857666016
159712,normal,2935,0,1782360560.9260688,0.0018744468688964844
159713,normal,2261,0,1782360560.9282105,0.002141714096069336
159714,normal,820,2,1782360560.930194,0.0019834041595458984
159715,normal,3591,0,1782360560.932069,0.001875162124633789
159716,normal,2298,0,1782360560.9341989,0.002129793167114258
159717,normal,1080,0,1782360560.9361968,0.0019979476928710938
159718,normal,3245,1,1782360560.9380705,0.0018737316131591797
159719,normal,1936,0,1782360560.940192,0.002121448516845703
159720,normal,2267,0,1782360560.9422052,0.0020132064819335938
159721,normal,786,2,1782360560.9440684,0.001863241195678711
159722,normal,2338,0,1782360560.9462228,0.0021543502807617188
159723,normal,791,2,1782360560.9482112,0.0019884109497070312
159724,normal,1489,0,1782360560.9501088,0.001897573471069336
159725,normal,1276,0,1782360560.9521985,0.0020897388458251953
159726,normal,3007,0,1782360560.9542005,0.0020020008087158203
159727,normal,2647,0,1782360560.95607,0.0018694400787353516
159728,normal,3366,1,1782360560.9581969,0.002126932144165039
159729,normal,2906,0,1782360560.9601927,0.0019958019256591797
159730,normal,3113,1,1782360560.962068,0.0018754005432128906
159731,normal,904,2,1782360560.9641998,0.0021317005157470703
159732,normal,3658,0,1782360560.9661927,0.001992940902709961
159733,normal,1419,0,1782360560.9680674,0.001874685287475586
159734,normal,987,2,1782360560.970196,0.00212860107421875
159735,normal,225,0,1782360560.972194,0.0019979476928710938
159736,normal,485,0,1782360560.9740684,0.0018744468688964844
159737,normal,2279,0,1782360560.9761925,0.0021240711212158203
159738,normal,408,0,1782360560.978158,0.0019655227661132812
159739,normal,3093,1,1782360560.9800706,0.0019125938415527344
159740,normal,3509,0,1782360560.982214,0.002143383026123047
159741,normal,2132,0,1782360560.9841893,0.0019752979278564453
159742,normal,2955,0,1782360560.9860685,0.0018792152404785156
159743,normal,1693,0,1782360560.9881954,0.002126932144165039
159744,normal,3287,1,1782360560.990195,0.0019996166229248047
159745,normal,114,0,1782360560.9920654,0.0018703937530517578
159746,normal,1035,0,1782360560.9942186,0.002153158187866211
159747,normal,257,0,1782360560.9961913,0.001972675323486328
159748,normal,1258,0,1782360560.998094,0.0019028186798095703
159749,normal,174,0,1782360561.000194,0.0020999908447265625
159750,normal,1977,0,1782360561.0021856,0.0019915103912353516
159751,normal,3446,0,1782360561.004098,0.0019123554229736328
159752,normal,1133,0,1782360561.006192,0.0020940303802490234
159753,normal,1221,0,1782360561.0081854,0.001993417739868164
159754,normal,3222,1,1782360561.0101016,0.0019161701202392578
159755,normal,526,0,1782360561.0121946,0.002093076705932617
159756,normal,2814,0,1782360561.014153,0.0019583702087402344
159757,normal,1093,0,1782360561.016068,0.00191497802734375
159758,normal,897,2,1782360561.0181959,0.0021278858184814453
159759,normal,1780,0,1782360561.0202143,0.002018451690673828
159760,normal,2002,0,1782360561.0220666,0.001852273941040039
159761,normal,2773,0,1782360561.0241957,0.002129077911376953
159762,normal,1043,0,1782360561.0262513,0.002055644989013672
159763,normal,364,0,1782360561.0281398,0.0018885135650634766
159764,normal,1169,0,1782360561.0301306,0.001990795135498047
159765,normal,3539,0,1782360561.032209,0.0020782947540283203
159766,normal,1587,0,1782360561.0341048,0.001895904541015625
159767,normal,3398,1,1782360561.0363007,0.0021958351135253906
159768,normal,2005,0,1782360561.0381982,0.001897573471069336
159769,normal,1289,0,1782360561.0400941,0.001895904541015625
159770,normal,927,2,1782360561.042292,0.0021979808807373047
159771,normal,2976,0,1782360561.0441647,0.0018725395202636719
159772,normal,3433,0,1782360561.0461614,0.001996755599975586
159773,normal,1616,0,1782360561.0481696,0.002008199691772461
159774,normal,2876,0,1782360561.0501642,0.001994609832763672
159775,normal,2105,0,1782360561.0520914,0.0019271373748779297
159776,normal,943,2,1782360561.0543036,0.0022122859954833984
159777,normal,3249,1,1782360561.056194,0.001890420913696289
159778,normal,2788,0,1782360561.0581446,0.0019505023956298828
159779,normal,1012,2,1782360561.0602026,0.0020580291748046875
159780,normal,502,0,1782360561.062192,0.0019893646240234375
159781,normal,3111,1,1782360561.0641422,0.0019502639770507812
159782,normal,1089,0,1782360561.06629,0.002147674560546875
159783,normal,3064,1,1782360561.0682101,0.0019202232360839844
159784,normal,586,0,1782360561.0700638,0.0018537044525146484
159785,normal,2400,0,1782360561.0722928,0.002228975296020508
159786,normal,1629,0,1782360561.0741682,0.0018754005432128906
159787,normal,511,0,1782360561.076152,0.0019838809967041016
159788,normal,3209,1,1782360561.0783002,0.002148151397705078
159789,normal,1656,0,1782360561.0801775,0.0018773078918457031
159790,normal,952,2,1782360561.0820613,0.0018837451934814453
159791,normal,2434,0,1782360561.084294,0.002232789993286133
159792,normal,1283,0,1782360561.0862155,0.0019214153289794922
159793,normal,2563,0,1782360561.0881417,0.0019261837005615234
159794,normal,2420,0,1782360561.0903416,0.002199888229370117
159795,normal,500,0,1782360561.0921862,0.001844644546508789
159796,normal,2573,0,1782360561.094072,0.0018858909606933594
159797,normal,3219,1,1782360561.0962937,0.0022215843200683594
159798,normal,1188,0,1782360561.0981822,0.0018885135650634766
159799,normal,3613,0,1782360561.100139,0.0019567012786865234
159800,normal,1569,0,1782360561.1022928,0.0021538734436035156
159801,normal,2187,0,1782360561.1041791,0.0018863677978515625
159802,normal,2830,0,1782360561.1060593,0.0018801689147949219
159803,normal,801,2,1782360561.1082957,0.0022363662719726562
159804,normal,1358,1,1782360561.1102967,0.002001047134399414
159805,normal,2724,0,1782360561.1122475,0.0019507408142089844
159806,normal,1734,0,1782360561.114198,0.0019505023956298828
159807,normal,3231,1,1782360561.1161785,0.0019805431365966797
159808,normal,2553,0,1782360561.1180592,0.001880645751953125
159809,normal,3468,0,1782360561.1203837,0.0023245811462402344
159810,normal,736,0,1782360561.1222994,0.0019156932830810547
159811,normal,2340,0,1782360561.1241584,0.0018589496612548828
159812,normal,3273,1,1782360561.1261964,0.0020380020141601562
159813,normal,2308,0,1782360561.1281767,0.001980304718017578
159814,normal,2299,0,1782360561.1300728,0.0018961429595947266
159815,normal,803,2,1782360561.1322925,0.002219676971435547
159816,normal,1481,0,1782360561.1343024,0.002009868621826172
159817,normal,1400,0,1782360561.1361516,0.0018491744995117188
159818,normal,2465,0,1782360561.13821,0.0020585060119628906
159819,normal,1757,0,1782360561.1402388,0.0020287036895751953
159820,normal,1547,0,1782360561.1421063,0.001867532730102539
159821,normal,250,0,1782360561.1443665,0.0022602081298828125
159822,normal,462,0,1782360561.1463091,0.0019426345825195312
159823,normal,1593,0,1782360561.1481874,0.0018782615661621094
159824,normal,3328,1,1782360561.1502454,0.0020580291748046875
159825,normal,757,0,1782360561.1522324,0.001986980438232422
159826,normal,1254,0,1782360561.154106,0.0018734931945800781
159827,normal,2556,0,1782360561.156363,0.002257108688354492
159828,normal,3319,1,1782360561.158312,0.0019490718841552734
159829,normal,1092,0,1782360561.160105,0.00179290771484375
159830,normal,2501,0,1782360561.1623714,0.002266407012939453
159831,normal,2855,0,1782360561.1643136,0.0019421577453613281
159832,normal,1947,0,1782360561.166186,0.0018725395202636719
159833,normal,886,2,1782360561.168246,0.0020599365234375
159834,normal,3079,1,1782360561.170243,0.0019969940185546875
159835,normal,3109,1,1782360561.1721044,0.0018613338470458984
159836,normal,682,0,1782360561.1743631,0.002258777618408203
159837,normal,1154,0,1782360561.1763246,0.0019614696502685547
159838,normal,2790,0,1782360561.1781852,0.0018606185913085938
159839,normal,2588,0,1782360561.1802444,0.0020592212677001953
159840,normal,2695,0,1782360561.1822457,0.0020012855529785156
159841,normal,3537,0,1782360561.1841037,0.0018579959869384766
159842,normal,2212,0,1782360561.1863813,0.0022776126861572266
159843,normal,2927,0,1782360561.1882434,0.0018620491027832031
159844,normal,988,2,1782360561.190186,0.0019426345825195312
159845,normal,3127,1,1782360561.1922464,0.002060413360595703
159846,normal,2869,0,1782360561.194233,0.0019865036010742188
159847,normal,3504,0,1782360561.196107,0.0018739700317382812
159848,normal,2577,0,1782360561.1983826,0.002275705337524414
159849,normal,3461,0,1782360561.20033,0.0019474029541015625
159850,normal,1420,0,1782360561.202182,0.0018520355224609375
159851,normal,1026,2,1782360561.204245,0.0020630359649658203
159852,normal,3448,0,1782360561.2062309,0.001985788345336914
159853,normal,677,0,1782360561.2081046,0.0018737316131591797
159854,normal,3403,0,1782360561.2103832,0.002278566360473633
159855,normal,2821,0,1782360561.2123165,0.0019333362579345703
159856,normal,3375,1,1782360561.2141821,0.0018656253814697266
159857,normal,676,0,1782360561.216245,0.0020627975463867188
159858,normal,961,2,1782360561.2182329,0.001987934112548828
159859,normal,147,0,1782360561.2201045,0.0018715858459472656
159860,normal,1809,0,1782360561.2223632,0.002258777618408203
159861,normal,2847,0,1782360561.2242396,0.0018763542175292969
159862,normal,3385,1,1782360561.2261844,0.0019447803497314453
159863,normal,808,2,1782360561.2282395,0.0020551681518554688
159864,normal,777,2,1782360561.230232,0.001992464065551758
159865,normal,187,0,1782360561.232103,0.0018711090087890625
159866,normal,1177,0,1782360561.2343655,0.0022623538970947266
159867,normal,269,0,1782360561.2362478,0.001882314682006836
159868,normal,3298,1,1782360561.2381873,0.001939535140991211
159869,normal,54,0,1782360561.240243,0.002055644989013672
159870,normal,2893,0,1782360561.2422352,0.0019922256469726562
159871,normal,3470,0,1782360561.2441034,0.0018682479858398438
159872,normal,3476,0,1782360561.246364,0.0022606849670410156
159873,normal,840,2,1782360561.248253,0.0018889904022216797
159874,normal,1492,0,1782360561.2501817,0.001928567886352539
159875,normal,1921,0,1782360561.2522478,0.0020661354064941406
159876,normal,2891,0,1782360561.2542534,0.0020055770874023438
159877,normal,818,2,1782360561.256104,0.0018506050109863281
159878,normal,1128,0,1782360561.2583656,0.002261638641357422
159879,normal,1645,0,1782360561.2602563,0.0018906593322753906
159880,normal,3656,0,1782360561.2621844,0.001928091049194336
159881,normal,1345,1,1782360561.2642522,0.0020678043365478516
159882,normal,1554,0,1782360561.2662315,0.001979351043701172
159883,normal,2123,0,1782360561.2681026,0.0018711090087890625
159884,normal,854,2,1782360561.2703831,0.0022804737091064453
159885,normal,868,2,1782360561.2722623,0.0018792152404785156
159886,normal,2614,0,1782360561.274189,0.0019266605377197266
159887,normal,476,0,1782360561.2762518,0.0020627975463867188
159888,normal,3426,0,1782360561.2782307,0.0019788742065429688
159889,normal,1355,1,1782360561.2801034,0.0018727779388427734
159890,normal,3582,0,1782360561.2823632,0.0022597312927246094
159891,normal,3619,0,1782360561.2842665,0.0019032955169677734
159892,normal,2149,0,1782360561.2861865,0.0019199848175048828
159893,normal,1049,0,1782360561.2882519,0.002065420150756836
159894,normal,2718,0,1782360561.29023,0.001978158950805664
159895,normal,3677,0,1782360561.2921042,0.0018742084503173828
159896,normal,1240,0,1782360561.2943716,0.0022673606872558594
159897,normal,3542,0,1782360561.2962892,0.0019176006317138672
159898,normal,834,2,1782360561.2981858,0.0018966197967529297
159899,normal,3277,1,1782360561.3002553,0.0020694732666015625
159900,normal,111,0,1782360561.3022296,0.001974344253540039
159901,normal,1405,0,1782360561.304102,0.0018723011016845703
159902,normal,1279,0,1782360561.3063674,0.002265453338623047
159903,normal,3546,0,1782360561.3082418,0.0018744468688964844
159904,normal,3640,0,1782360561.3101945,0.0019526481628417969
159905,normal,265,0,1782360561.3122506,0.002056121826171875
159906,normal,1764,0,1782360561.3142338,0.001983165740966797
159907,normal,2019,0,1782360561.316108,0.0018742084503173828
159908,normal,2450,0,1782360561.3183675,0.002259492874145508
159909,normal,417,0,1782360561.3202834,0.0019159317016601562
159910,normal,3331,1,1782360561.3221931,0.0019097328186035156
159911,normal,2432,0,1782360561.3242517,0.0020585060119628906
159912,normal,3265,1,1782360561.326255,0.0020034313201904297
159913,normal,2327,0,1782360561.328106,0.0018508434295654297
159914,normal,2518,0,1782360561.330366,0.002259969711303711
159915,normal,2059,0,1782360561.3321912,0.0018253326416015625
159916,normal,1270,0,1782360561.3341072,0.0019159317016601562
159917,normal,862,2,1782360561.3363614,0.0022542476654052734
159918,normal,1894,0,1782360561.338293,0.0019316673278808594
159919,normal,1542,0,1782360561.3401928,0.00189971923828125
159920,normal,283,0,1782360561.3422492,0.0020563602447509766
159921,normal,2055,0,1782360561.3442278,0.001978635787963867
159922,normal,1346,1,1782360561.3461924,0.001964569091796875
159923,normal,2269,0,1782360561.3482466,0.0020542144775390625
159924,normal,2997,0,1782360561.350096,0.0018494129180908203
159925,normal,70,0,1782360561.3522036,0.0021076202392578125
159926,normal,2191,0,1782360561.3540902,0.001886606216430664
159927,normal,2117,0,1782360561.3562412,0.002151012420654297
159928,normal,2713,0,1782360561.3580182,0.0017769336700439453
159929,normal,2014,0,1782360561.3603146,0.00229644775390625
159930,normal,2872,0,1782360561.3621662,0.0018515586853027344
159931,normal,1144,0,1782360561.3642066,0.002040386199951172
159932,normal,379,0,1782360561.3660696,0.0018630027770996094
159933,normal,3609,0,1782360561.368363,0.0022933483123779297
159934,normal,87,0,1782360561.370006,0.0016431808471679688
159935,normal,81,0,1782360561.3720026,0.0019965171813964844
159936,normal,260,0,1782360561.3740468,0.002044200897216797
159937,normal,367,0,1782360561.3759923,0.00194549560546875
159938,normal,2330,0,1782360561.3779912,0.0019989013671875
159939,normal,573,0,1782360561.380051,0.0020596981048583984
159940,normal,3252,1,1782360561.3819916,0.0019407272338867188
159941,normal,1053,0,1782360561.3839939,0.002002239227294922
159942,normal,473,0,1782360561.3860385,0.002044677734375
159943,normal,1312,0,1782360561.3879895,0.001950979232788086
159944,normal,3228,1,1782360561.389989,0.001999378204345703
159945,normal,1058,0,1782360561.392043,0.0020542144775390625
159946,normal,3644,0,1782360561.3939886,0.00194549560546875
159947,normal,3090,1,1782360561.3959892,0.002000570297241211
159948,normal,2168,0,1782360561.398038,0.0020487308502197266
159949,normal,699,0,1782360561.3999887,0.0019507408142089844
159950,normal,773,2,1782360561.4019895,0.0020008087158203125
159951,normal,3117,1,1782360561.4040372,0.0020477771759033203
159952,normal,1451,0,1782360561.4059954,0.001958131790161133
159953,normal,1601,0,1782360561.4079905,0.001995086669921875
159954,normal,1541,0,1782360561.410048,0.0020575523376464844
159955,normal,2792,0,1782360561.4119895,0.0019414424896240234
159956,normal,168,0,1782360561.4139903,0.0020008087158203125
159957,normal,727,0,1782360561.4160392,0.002048969268798828
159958,normal,2973,0,1782360561.4179876,0.0019483566284179688
159959,normal,3186,1,1782360561.4199867,0.0019991397857666016
159960,normal,793,2,1782360561.4220352,0.002048492431640625
159961,normal,2543,0,1782360561.423987,0.0019516944885253906
159962,normal,812,2,1782360561.4259856,0.0019986629486083984
159963,normal,3357,1,1782360561.4280357,0.002050161361694336
159964,normal,1011,2,1782360561.4302192,0.0021834373474121094
159965,normal,1156,0,1782360561.432225,0.0020058155059814453
159966,normal,980,2,1782360561.4340997,0.001874685287475586
159967,normal,1724,0,1782360561.436209,0.0021092891693115234
159968,normal,2332,0,1782360561.4380598,0.0018508434295654297
159969,normal,1228,0,1782360561.4402552,0.0021953582763671875
159970,normal,1095,0,1782360561.4420521,0.0017969608306884766
159971,normal,1453,0,1782360561.4442177,0.002165555953979492
159972,normal,1507,0,1782360561.4461045,0.0018868446350097656
159973,normal,233,0,1782360561.4482083,0.0021038055419921875
159974,normal,1347,1,1782360561.4500592,0.0018508434295654297
159975,normal,1887,0,1782360561.452179,0.002119779586791992
159976,normal,1140,0,1782360561.4540186,0.0018396377563476562
159977,normal,2626,0,1782360561.456153,0.0021343231201171875
159978,normal,2111,0,1782360561.4580593,0.0019063949584960938
159979,normal,1856,0,1782360561.4600463,0.001986980438232422
159980,normal,21,0,1782360561.4620569,0.0020105838775634766
159981,normal,1765,0,1782360561.4640598,0.0020029544830322266
159982,normal,3089,1,1782360561.466048,0.0019881725311279297
159983,normal,143,0,1782360561.468058,0.0020101070404052734
159984,normal,1265,0,1782360561.470058,0.0019998550415039062
159985,normal,1307,0,1782360561.4720457,0.0019876956939697266
159986,normal,2839,0,1782360561.474057,0.0020112991333007812
159987,normal,3307,1,1782360561.4760597,0.002002716064453125
159988,normal,2831,0,1782360561.4780457,0.0019860267639160156
159989,normal,2634,0,1782360561.4800858,0.0020401477813720703
159990,normal,1626,0,1782360561.482059,0.0019731521606445312
159991,normal,762,0,1782360561.4840586,0.0019996166229248047
159992,normal,1342,1,1782360561.4860463,0.0019876956939697266
159993,normal,597,0,1782360561.4880655,0.002019166946411133
159994,normal,2294,0,1782360561.4900465,0.001981019973754883
159995,normal,1622,0,1782360561.4920452,0.0019986629486083984
159996,normal,3642,0,1782360561.4940605,0.002015352249145508
159997,normal,2762,0,1782360561.4960482,0.0019876956939697266
159998,normal,355,0,1782360561.4980464,0.0019981861114501953
159999,normal,1498,0,1782360561.5000598,0.0020134449005126953
160000,normal,1028,2,1782360561.502051,0.00199127197265625
160001,normal,259,0,1782360561.5040596,0.0020084381103515625
160002,normal,2099,0,1782360561.5060616,0.0020020008087158203
160003,normal,2832,0,1782360561.5080502,0.001988649368286133
160004,normal,1904,0,1782360561.510048,0.001997709274291992
160005,normal,1325,1,1782360561.512067,0.002019166946411133
160006,normal,2696,0,1782360561.51405,0.0019829273223876953
160007,normal,2012,0,1782360561.516057,0.002007007598876953
160008,normal,20,0,1782360561.5188987,0.0028417110443115234
160009,normal,2176,0,1782360561.520034,0.0011353492736816406
160010,normal,661,0,1782360561.5220675,0.0020334720611572266
160011,normal,2218,0,1782360561.5240698,0.002002239227294922
160012,normal,1097,0,1782360561.526112,0.0020422935485839844
160013,normal,1322,1,1782360561.528028,0.0019159317016601562
160014,normal,2357,0,1782360561.5300753,0.002047300338745117
160015,normal,1499,0,1782360561.5320714,0.0019960403442382812
160016,normal,3687,0,1782360561.5340652,0.001993894577026367
160017,normal,748,0,1782360561.53607,0.002004861831665039
160018,normal,400,0,1782360561.5380716,0.002001523971557617
160019,normal,3096,1,1782360561.5400698,0.0019981861114501953
160020,normal,3486,0,1782360561.5420766,0.0020067691802978516
160021,normal,72,0,1782360561.5440767,0.002000093460083008
160022,normal,9,0,1782360561.546064,0.0019872188568115234
160023,normal,1425,0,1782360561.5480735,0.0020096302032470703
160024,normal,2471,0,1782360561.5500717,0.0019981861114501953
160025,normal,1749,0,1782360561.5520616,0.0019898414611816406
160026,normal,3603,0,1782360561.5540721,0.0020105838775634766
160027,normal,3483,0,1782360561.55607,0.0019979476928710938
160028,normal,330,0,1782360561.5580702,0.002000093460083008
160029,normal,3122,1,1782360561.560074,0.002003908157348633
160030,normal,463,0,1782360561.5620744,0.0020003318786621094
160031,normal,1088,0,1782360561.564068,0.0019936561584472656
160032,normal,2763,0,1782360561.566085,0.0020170211791992188
160033,normal,3295,1,1782360561.5680733,0.0019881725311279297
160034,normal,543,0,1782360561.570062,0.001988649368286133
160035,normal,559,0,1782360561.5720847,0.0020227432250976562
160036,normal,2250,0,1782360561.5740767,0.0019919872283935547
160037,normal,2098,0,1782360561.5760918,0.0020151138305664062
160038,normal,1751,0,1782360561.5782034,0.002111673355102539
160039,normal,1929,0,1782360561.5800443,0.001840829849243164
160040,normal,810,2,1782360561.5820622,0.002017974853515625
160041,normal,2008,0,1782360561.5840747,0.002012491226196289
160042,normal,3262,1,1782360561.586072,0.001997232437133789
160043,normal,140,0,1782360561.5880637,0.001991748809814453
160044,normal,3269,1,1782360561.5900755,0.0020117759704589844
160045,normal,1551,0,1782360561.5920897,0.00201416015625
160046,normal,238,0,1782360561.5940692,0.0019795894622802734
160047,normal,2493,0,1782360561.5960743,0.0020051002502441406
160048,normal,1866,0,1782360561.5980756,0.0020012855529785156
160049,normal,2690,0,1782360561.6000636,0.001987934112548828
160050,normal,2778,0,1782360561.6020734,0.002009868621826172
160051,normal,3675,0,1782360561.6040845,0.0020110607147216797
160052,normal,3138,1,1782360561.6060948,0.002010345458984375
160053,normal,1046,0,1782360561.6080909,0.0019960403442382812
160054,normal,2284,0,1782360561.6100793,0.0019884109497070312
160055,normal,2213,0,1782360561.6120644,0.0019850730895996094
160056,normal,2754,0,1782360561.6140747,0.002010345458984375
160057,normal,3097,1,1782360561.616069,0.0019943714141845703
160058,normal,2394,0,1782360561.6180632,0.0019941329956054688
160059,normal,1880,0,1782360561.6200714,0.002008199691772461
160060,normal,899,2,1782360561.622074,0.0020024776458740234
160061,normal,2127,0,1782360561.624062,0.0019881725311279297
160062,normal,3456,0,1782360561.626069,0.002007007598876953
160063,normal,2966,0,1782360561.62807,0.002001047134399414
160064,normal,1000,2,1782360561.6300628,0.0019927024841308594
160065,normal,104,0,1782360561.6320717,0.0020089149475097656
160066,normal,1684,0,1782360561.6340618,0.001990079879760742
160067,normal,2755,0,1782360561.6360602,0.001998424530029297
160068,normal,2530,0,1782360561.6380792,0.0020189285278320312
160069,normal,638,0,1782360561.6400704,0.00199127197265625
160070,normal,568,0,1782360561.642079,0.002008676528930664
160071,normal,3441,0,1782360561.6442535,0.00217437744140625
160072,normal,3253,1,1782360561.6460862,0.001832723617553711
160073,normal,1352,1,1782360561.6482148,0.00212860107421875
160074,normal,1653,0,1782360561.6500814,0.0018665790557861328
160075,normal,195,0,1782360561.6522386,0.0021572113037109375
160076,normal,2146,0,1782360561.654057,0.0018184185028076172
160077,normal,690,0,1782360561.65623,0.0021729469299316406
160078,normal,746,0,1782360561.6580768,0.0018467903137207031
160079,normal,2856,0,1782360561.6602142,0.002137422561645508
160080,normal,2326,0,1782360561.6620762,0.0018620491027832031
160081,normal,908,2,1782360561.6642368,0.0021605491638183594
160082,normal,3570,0,1782360561.6660564,0.001819610595703125
160083,normal,262,0,1782360561.6682303,0.002173900604248047
160084,normal,1246,0,1782360561.67008,0.0018496513366699219
160085,normal,2776,0,1782360561.6722174,0.002137422561645508
160086,normal,380,0,1782360561.6741023,0.0018849372863769531
160087,normal,2769,0,1782360561.6760752,0.0019729137420654297
160088,normal,1965,0,1782360561.6782167,0.0021414756774902344
160089,normal,453,0,1782360561.6801047,0.0018880367279052734
160090,normal,2942,0,1782360561.6820776,0.0019729137420654297
160091,normal,884,2,1782360561.684223,0.0021452903747558594
160092,normal,584,0,1782360561.686102,0.001878976821899414
160093,normal,1822,0,1782360561.688061,0.001959085464477539
160094,normal,80,0,1782360561.690209,0.0021479129791259766
160095,normal,2922,0,1782360561.6921074,0.0018985271453857422
160096,normal,348,0,1782360561.6942303,0.0021228790283203125
160097,normal,1568,0,1782360561.6960955,0.0018651485443115234
160098,normal,3027,0,1782360561.6982665,0.002171039581298828
160099,normal,88,0,1782360561.7000756,0.0018091201782226562
160100,normal,2692,0,1782360561.702209,0.0021333694458007812
160101,normal,1668,0,1782360561.7041135,0.0019044876098632812
160102,normal,2448,0,1782360561.706236,0.0021224021911621094
160103,normal,3048,1,1782360561.708057,0.0018210411071777344
160104,normal,1573,0,1782360561.7102358,0.0021789073944091797
160105,normal,1825,0,1782360561.7120774,0.0018415451049804688
160106,normal,1141,0,1782360561.714216,0.0021386146545410156
160107,normal,3041,0,1782360561.7160761,0.0018601417541503906
160108,normal,1723,0,1782360561.7182553,0.0021791458129882812
160109,normal,2195,0,1782360561.7200623,0.0018069744110107422
160110,normal,874,2,1782360561.7222376,0.0021753311157226562
160111,normal,1252,0,1782360561.7240787,0.0018410682678222656
160112,normal,2225,0,1782360561.7262154,0.002136707305908203
160113,normal,376,0,1782360561.7280765,0.0018610954284667969
160114,normal,1129,0,1782360561.7302353,0.0021588802337646484
160115,normal,3088,1,1782360561.7320757,0.001840353012084961
160116,normal,3342,1,1782360561.7342844,0.002208709716796875
160117,normal,982,2,1782360561.7360578,0.0017733573913574219
160118,normal,3524,0,1782360561.7382174,0.002159595489501953
160119,normal,2158,0,1782360561.7400565,0.0018391609191894531
160120,normal,3669,0,1782360561.742214,0.002157449722290039
160121,normal,2944,0,1782360561.7440555,0.0018415451049804688
160122,normal,3523,0,1782360561.7462885,0.0022330284118652344
160123,normal,2744,0,1782360561.7480533,0.0017647743225097656
160124,normal,1444,0,1782360561.7502139,0.0021605491638183594
160125,normal,1680,0,1782360561.7520547,0.001840829849243164
160126,normal,2041,0,1782360561.7542129,0.0021581649780273438
160127,normal,2752,0,1782360561.7560513,0.0018384456634521484
160128,normal,1023,2,1782360561.7582152,0.0021638870239257812
160129,normal,69,0,1782360561.7600527,0.0018374919891357422
160130,normal,1067,0,1782360561.7622201,0.0021674633026123047
160131,normal,2532,0,1782360561.7640548,0.0018346309661865234
160132,normal,122,0,1782360561.766216,0.002161264419555664
160133,normal,830,2,1782360561.768053,0.001837015151977539
160134,normal,295,0,1782360561.7702444,0.002191305160522461
160135,normal,155,0,1782360561.7720594,0.0018150806427001953
160136,normal,933,2,1782360561.7742465,0.002187013626098633
160137,normal,3497,0,1782360561.7761426,0.0018961429595947266
160138,normal,2582,0,1782360561.7782173,0.002074718475341797
160139,normal,3083,1,1782360561.7800837,0.0018663406372070312
160140,normal,1958,0,1782360561.7823198,0.0022361278533935547
160141,normal,2808,0,1782360561.7840767,0.001756906509399414
160142,normal,828,2,1782360561.7862353,0.002158641815185547
160143,normal,621,0,1782360561.788148,0.0019125938415527344
160144,normal,567,0,1782360561.7902324,0.002084493637084961
160145,normal,2447,0,1782360561.7920778,0.0018453598022460938
160146,normal,3178,1,1782360561.7943094,0.002231597900390625
160147,normal,1223,0,1782360561.7960773,0.001767873764038086
160148,normal,1773,0,1782360561.7982352,0.002157926559448242
160149,normal,2764,0,1782360561.8001528,0.0019176006317138672
160150,normal,2796,0,1782360561.8022323,0.002079486846923828
160151,normal,1973,0,1782360561.8040764,0.001844167709350586
160152,normal,3325,1,1782360561.8063126,0.0022361278533935547
160153,normal,1739,0,1782360561.8080764,0.0017638206481933594
160154,normal,2349,0,1782360561.810235,0.002158641815185547
160155,normal,1162,0,1782360561.8120615,0.0018265247344970703
160156,normal,901,2,1782360561.8142302,0.0021686553955078125
160157,normal,2536,0,1782360561.8160768,0.0018465518951416016
160158,normal,3636,0,1782360561.8183167,0.0022399425506591797
160159,normal,590,0,1782360561.8200824,0.0017657279968261719
160160,normal,1374,1,1782360561.8222322,0.002149820327758789
160161,normal,1903,0,1782360561.8241618,0.0019295215606689453
160162,normal,2983,0,1782360561.8262677,0.0021059513092041016
160163,normal,3131,1,1782360561.8280604,0.0017926692962646484
160164,normal,82,0,1782360561.8303232,0.0022628307342529297
160165,normal,3535,0,1782360561.8320763,0.001753091812133789
160166,normal,3371,1,1782360561.8342378,0.0021615028381347656
160167,normal,2843,0,1782360561.8361676,0.0019297599792480469
160168,normal,2811,0,1782360561.838231,0.0020635128021240234
160169,normal,2160,0,1782360561.8400848,0.0018537044525146484
160170,normal,1251,0,1782360561.8423278,0.0022430419921875
160171,normal,1272,0,1782360561.8440766,0.001748800277709961
160172,normal,436,0,1782360561.846234,0.002157449722290039
160173,normal,2139,0,1782360561.8480773,0.0018432140350341797
160174,normal,1716,0,1782360561.8502274,0.0021500587463378906
160175,normal,984,2,1782360561.8520756,0.0018482208251953125
160176,normal,3501,0,1782360561.8542352,0.002159595489501953
160177,normal,1414,0,1782360561.8560743,0.0018391609191894531
160178,normal,3473,0,1782360561.8582327,0.0021584033966064453
160179,normal,1986,0,1782360561.8600779,0.0018451213836669922
160180,normal,1033,0,1782360561.862229,0.0021512508392333984
160181,normal,1308,0,1782360561.864075,0.0018458366394042969
160182,normal,695,0,1782360561.8662405,0.002165555953979492
160183,normal,1281,0,1782360561.8680742,0.0018336772918701172
160184,normal,478,0,1782360561.870233,0.0021588802337646484
160185,normal,1890,0,1782360561.8720832,0.001850128173828125
160186,normal,2119,0,1782360561.874231,0.0021479129791259766
160187,normal,2446,0,1782360561.8760734,0.0018422603607177734
160188,normal,2865,0,1782360561.8782444,0.002171039581298828
160189,normal,3072,1,1782360561.8800757,0.0018312931060791016
160190,normal,3270,1,1782360561.8822346,0.0021588802337646484
160191,normal,2948,0,1782360561.8840878,0.0018532276153564453
160192,normal,3014,0,1782360561.8862283,0.002140522003173828
160193,normal,941,2,1782360561.8880742,0.0018458366394042969
160194,normal,2435,0,1782360561.8902469,0.002172708511352539
160195,normal,1091,0,1782360561.892076,0.0018291473388671875
160196,normal,2772,0,1782360561.8942301,0.002154111862182617
160197,normal,666,0,1782360561.896093,0.0018627643585205078
160198,normal,1952,0,1782360561.8982377,0.0021448135375976562
160199,normal,3479,0,1782360561.9000747,0.001837015151977539
160200,normal,3212,1,1782360561.9022546,0.002179861068725586
160201,normal,1713,0,1782360561.9040768,0.0018222332000732422
160202,normal,1166,0,1782360561.9062362,0.0021593570709228516
160203,normal,2621,0,1782360561.9080987,0.0018625259399414062
160204,normal,1222,0,1782360561.9102302,0.0021314620971679688
160205,normal,2382,0,1782360561.9120955,0.001865386962890625
160206,normal,494,0,1782360561.914259,0.002163410186767578
160207,normal,2047,0,1782360561.9160545,0.0017955303192138672
160208,normal,1450,0,1782360561.9182491,0.002194643020629883
160209,normal,2315,0,1782360561.9201055,0.0018563270568847656
160210,normal,1006,2,1782360561.9222186,0.0021131038665771484
160211,normal,1464,0,1782360561.9240837,0.0018651485443115234
160212,normal,779,2,1782360561.9262388,0.0021550655364990234
160213,normal,1296,0,1782360561.92833,0.0020911693572998047
160214,normal,877,2,1782360561.9301693,0.0018393993377685547
160215,normal,2211,0,1782360561.9322634,0.0020940303802490234
160216,normal,716,0,1782360561.9343014,0.0020380020141601562
160217,normal,3255,1,1782360561.9361174,0.0018160343170166016
160218,normal,2644,0,1782360561.9383621,0.002244710922241211
160219,normal,1777,0,1782360561.9401042,0.0017421245574951172
160220,normal,1041,0,1782360561.942322,0.0022177696228027344
160221,normal,1273,0,1782360561.9441278,0.0018057823181152344
160222,normal,664,0,1782360561.9461703,0.002042531967163086
160223,normal,858,2,1782360561.9480815,0.001911163330078125
160224,normal,2115,0,1782360561.9502738,0.002192258834838867
160225,normal,1848,0,1782360561.9520538,0.0017800331115722656
160226,normal,1074,0,1782360561.9542246,0.0021708011627197266
160227,normal,3185,1,1782360561.9562175,0.001992940902709961
160228,normal,1465,0,1782360561.9580522,0.0018346309661865234
160229,normal,423,0,1782360561.9602132,0.0021610260009765625
160230,normal,761,0,1782360561.9622803,0.002067089080810547
160231,normal,2949,0,1782360561.9640512,0.0017709732055664062
160232,normal,2623,0,1782360561.9662132,0.0021619796752929688
160233,normal,733,0,1782360561.9682093,0.0019960403442382812
160234,normal,3223,1,1782360561.9700534,0.001844167709350586
160235,normal,821,2,1782360561.9722123,0.0021588802337646484
160236,normal,3372,1,1782360561.9742095,0.001997232437133789
160237,normal,2858,0,1782360561.9760504,0.001840829849243164
160238,normal,2547,0,1782360561.978213,0.0021626949310302734
160239,normal,317,0,1782360561.9802086,0.001995563507080078
160240,normal,199,0,1782360561.9820511,0.001842498779296875
160241,normal,2745,0,1782360561.9842155,0.0021643638610839844
160242,normal,3478,0,1782360561.986207,0.0019915103912353516
160243,normal,1538,0,1782360561.9880538,0.0018467903137207031
160244,normal,765,0,1782360561.9902124,0.002158641815185547
160245,normal,2342,0,1782360561.9922087,0.001996278762817383
160246,normal,3438,0,1782360561.9940536,0.0018448829650878906
160247,normal,926,2,1782360561.9962134,0.0021598339080810547
160248,normal,1081,0,1782360561.9982107,0.001997232437133789
160249,normal,2215,0,1782360562.0000515,0.001840829849243164
160250,normal,2043,0,1782360562.0022135,0.0021619796752929688
160251,normal,1110,0,1782360562.0042088,0.0019953250885009766
160252,normal,2095,0,1782360562.006096,0.0018870830535888672
160253,normal,759,0,1782360562.008214,0.0021181106567382812
160254,normal,2909,0,1782360562.0102108,0.001996755599975586
160255,normal,640,0,1782360562.012051,0.001840353012084961
160256,normal,1341,1,1782360562.0142128,0.002161741256713867
160257,normal,2894,0,1782360562.0162113,0.001998424530029297
160258,normal,42,0,1782360562.018051,0.0018396377563476562
160259,normal,1585,0,1782360562.0202153,0.0021643638610839844
160260,normal,2469,0,1782360562.0222106,0.0019953250885009766
160261,normal,639,0,1782360562.0240533,0.0018427371978759766
160262,normal,2753,0,1782360562.0262153,0.0021619796752929688
160263,normal,2912,0,1782360562.0282443,0.002028942108154297
160264,normal,957,2,1782360562.030053,0.0018086433410644531
160265,normal,3274,1,1782360562.0322115,0.002158641815185547
160266,normal,3618,0,1782360562.034289,0.002077341079711914
160267,normal,37,0,1782360562.0360658,0.0017769336700439453
160268,normal,2381,0,1782360562.038233,0.002167224884033203
160269,normal,182,0,1782360562.0402105,0.0019774436950683594
160270,normal,46,0,1782360562.042054,0.0018434524536132812
160271,normal,3657,0,1782360562.0442123,0.0021584033966064453
160272,normal,3352,1,1782360562.046058,0.0018455982208251953
160273,normal,1044,0,1782360562.0482059,0.0021479129791259766
160274,normal,3157,1,1782360562.0500576,0.001851797103881836
160275,normal,361,0,1782360562.0522103,0.002152681350708008
160276,normal,2671,0,1782360562.0540519,0.0018415451049804688
160277,normal,1411,0,1782360562.0562148,0.002162933349609375
160278,normal,3199,1,1782360562.058211,0.001996278762817383
160279,normal,2061,0,1782360562.0600512,0.0018401145935058594
160280,normal,964,2,1782360562.0622168,0.002165555953979492
160281,normal,1620,0,1782360562.064219,0.002002239227294922
160282,normal,2669,0,1782360562.0660515,0.0018324851989746094
160283,normal,663,0,1782360562.0682163,0.0021648406982421875
160284,normal,388,0,1782360562.0702112,0.0019948482513427734
160285,normal,2977,0,1782360562.0720522,0.0018410682678222656
160286,normal,1996,0,1782360562.0742183,0.0021660327911376953
160287,normal,1834,0,1782360562.076239,0.0020208358764648438
160288,normal,1613,0,1782360562.078051,0.001811981201171875
160289,normal,3251,1,1782360562.0802171,0.0021660327911376953
160290,normal,3181,1,1782360562.0822182,0.002001047134399414
160291,normal,2120,0,1782360562.0840511,0.0018329620361328125
160292,normal,2374,0,1782360562.086217,0.0021657943725585938
160293,normal,3338,1,1782360562.088211,0.0019941329956054688
160294,normal,3108,1,1782360562.0900536,0.001842498779296875
160295,normal,228,0,1782360562.0922098,0.0021562576293945312
160296,normal,1667,0,1782360562.0942125,0.002002716064453125
160297,normal,983,2,1782360562.0960522,0.0018396377563476562
160298,normal,2897,0,1782360562.0982165,0.0021643638610839844
160299,normal,971,2,1782360562.1002138,0.001997232437133789
160300,normal,1779,0,1782360562.1020527,0.0018389225006103516
160301,normal,1776,0,1782360562.1042106,0.002157926559448242
160302,normal,2519,0,1782360562.1060612,0.0018506050109863281
160303,normal,1533,0,1782360562.1082053,0.0021440982818603516
160304,normal,2204,0,1782360562.1100519,0.0018465518951416016
160305,normal,2379,0,1782360562.112219,0.002167224884033203
160306,normal,3502,0,1782360562.1140528,0.0018336772918701172
160307,normal,1581,0,1782360562.1162117,0.0021588802337646484
160308,normal,10,0,1782360562.118815,0.002603292465209961
160309,normal,50,0,1782360562.120056,0.0012409687042236328
160310,normal,2009,0,1782360562.1222286,0.002172708511352539
160311,normal,3647,0,1782360562.1242182,0.001989603042602539
160312,normal,3432,0,1782360562.1260607,0.001842498779296875
160313,normal,272,0,1782360562.1282234,0.0021626949310302734
160314,normal,1302,0,1782360562.130216,0.001992464065551758
160315,normal,1725,0,1782360562.1320574,0.0018415451049804688
160316,normal,2933,0,1782360562.1342187,0.002161264419555664
160317,normal,1236,0,1782360562.1362135,0.0019948482513427734
160318,normal,1299,0,1782360562.1380532,0.0018396377563476562
160319,normal,2836,0,1782360562.1402194,0.002166271209716797
160320,normal,2053,0,1782360562.142212,0.001992464065551758
160321,normal,3691,0,1782360562.1440513,0.0018393993377685547
160322,normal,1079,0,1782360562.1462083,0.002156972885131836
160323,normal,1851,0,1782360562.1482098,0.002001523971557617
160324,normal,1895,0,1782360562.1500545,0.001844644546508789
160325,normal,1485,0,1782360562.1522195,0.002165079116821289
160326,normal,1298,0,1782360562.1542184,0.0019989013671875
160327,normal,3353,1,1782360562.156053,0.0018346309661865234
160328,normal,2552,0,1782360562.1582162,0.0021631717681884766
160329,normal,94,0,1782360562.160219,0.002002716064453125
160330,normal,252,0,1782360562.1620517,0.001832723617553711
160331,normal,1467,0,1782360562.1642108,0.00215911865234375
160332,normal,1126,0,1782360562.1662087,0.0019979476928710938
160333,normal,2516,0,1782360562.168052,0.0018432140350341797
160334,normal,1386,0,1782360562.1702085,0.002156496047973633
160335,normal,2487,0,1782360562.1722105,0.0020020008087158203
160336,normal,3211,1,1782360562.1740596,0.0018491744995117188
160337,normal,1618,0,1782360562.1762195,0.0021598339080810547
160338,normal,992,2,1782360562.1782072,0.0019876956939697266
160339,normal,1990,0,1782360562.180053,0.0018458366394042969
160340,normal,1263,0,1782360562.1822166,0.0021636486053466797
160341,normal,1560,0,1782360562.1842148,0.0019981861114501953
160342,normal,995,2,1782360562.186052,0.0018372535705566406
160343,normal,2789,0,1782360562.1882122,0.0021600723266601562
160344,normal,3107,1,1782360562.190213,0.0020008087158203125
160345,normal,2253,0,1782360562.192054,0.0018410682678222656
160346,normal,2629,0,1782360562.1942163,0.0021622180938720703
160347,normal,3279,1,1782360562.1962135,0.001997232437133789
160348,normal,2533,0,1782360562.1980517,0.0018382072448730469
160349,normal,2137,0,1782360562.20021,0.0021584033966064453
160350,normal,2094,0,1782360562.2022188,0.002008676528930664
160351,normal,2024,0,1782360562.2040522,0.0018334388732910156
160352,normal,144,0,1782360562.2062185,0.002166271209716797
160353,normal,1770,0,1782360562.2082202,0.0020017623901367188
160354,normal,2857,0,1782360562.2100534,0.001833200454711914
160355,normal,2924,0,1782360562.2122169,0.002163410186767578
160356,normal,2278,0,1782360562.2142136,0.001996755599975586
160357,normal,2651,0,1782360562.2160509,0.0018372535705566406
160358,normal,212,0,1782360562.218222,0.002171039581298828
160359,normal,1234,0,1782360562.2202148,0.001992940902709961
160360,normal,2051,0,1782360562.2220533,0.0018384456634521484
160361,normal,2451,0,1782360562.224211,0.0021576881408691406
160362,normal,619,0,1782360562.2262104,0.001999378204345703
160363,normal,2060,0,1782360562.2280533,0.0018429756164550781
160364,normal,1699,0,1782360562.2302203,0.0021669864654541016
160365,normal,3276,1,1782360562.232213,0.0019927024841308594
160366,normal,2581,0,1782360562.2340508,0.0018377304077148438
160367,normal,3243,1,1782360562.2362118,0.0021610260009765625
160368,normal,606,0,1782360562.2382073,0.001995563507080078
160369,normal,600,0,1782360562.2400515,0.001844167709350586
160370,normal,1269,0,1782360562.242218,0.0021665096282958984
160371,normal,3129,1,1782360562.2442098,0.001991748809814453
160372,normal,1988,0,1782360562.2460504,0.0018405914306640625
160373,normal,1931,0,1782360562.2482107,0.002160310745239258
160374,normal,711,0,1782360562.250214,0.0020034313201904297
160375,normal,296,0,1782360562.2520525,0.0018384456634521484
160376,normal,2392,0,1782360562.2542021,0.0021495819091796875
160377,normal,1370,1,1782360562.256214,0.0020117759704589844
160378,normal,1099,0,1782360562.2580497,0.0018358230590820312
160379,normal,1016,2,1782360562.2602081,0.0021584033966064453
160380,normal,1619,0,1782360562.262236,0.0020279884338378906
160381,normal,2549,0,1782360562.2640522,0.0018160343170166016
160382,normal,2987,0,1782360562.2662117,0.002159595489501953
160383,normal,3230,1,1782360562.2682168,0.0020051002502441406
160384,normal,3248,1,1782360562.2700512,0.0018343925476074219
160385,normal,860,2,1782360562.2722106,0.0021593570709228516
160386,normal,527,0,1782360562.2742069,0.001996278762817383
160387,normal,1878,0,1782360562.2760537,0.0018467903137207031
160388,normal,12,0,1782360562.2782078,0.002154111862182617
160389,normal,3623,0,1782360562.280216,0.002008199691772461
160390,normal,2480,0,1782360562.2820516,0.0018355846405029297
160391,normal,1526,0,1782360562.2842166,0.002165079116821289
160392,normal,2616,0,1782360562.2862053,0.001988649368286133
160393,normal,2697,0,1782360562.2880533,0.001847982406616211
160394,normal,1733,0,1782360562.2902157,0.002162456512451172
160395,normal,540,0,1782360562.292215,0.001999378204345703
160396,normal,2682,0,1782360562.2940598,0.001844644546508789
160397,normal,2919,0,1782360562.2962315,0.002171754837036133
160398,normal,2096,0,1782360562.2980602,0.0018286705017089844
160399,normal,3170,1,1782360562.3002048,0.0021445751190185547
160400,normal,1953,0,1782360562.3020668,0.0018620491027832031
160401,normal,2150,0,1782360562.3042247,0.002157926559448242
160402,normal,1138,0,1782360562.3060536,0.001828908920288086
160403,normal,3365,1,1782360562.308226,0.0021724700927734375
160404,normal,3568,0,1782360562.3102245,0.001998424530029297
160405,normal,1366,1,1782360562.3120522,0.0018277168273925781
160406,normal,1441,0,1782360562.3142073,0.0021550655364990234
160407,normal,623,0,1782360562.3162148,0.0020074844360351562
160408,normal,1456,0,1782360562.3180542,0.0018393993377685547
160409,normal,3627,0,1782360562.3202112,0.002156972885131836
160410,normal,3607,0,1782360562.3222108,0.0019996166229248047
160411,normal,2945,0,1782360562.3240523,0.0018415451049804688
160412,normal,226,0,1782360562.3262446,0.002192258834838867
160413,normal,292,0,1782360562.328212,0.0019674301147460938
160414,normal,692,0,1782360562.33006,0.001847982406616211
160415,normal,5,0,1782360562.332214,0.002154111862182617
160416,normal,2873,0,1782360562.3342125,0.001998424530029297
160417,normal,3349,1,1782360562.3360577,0.0018451213836669922
160418,normal,1555,0,1782360562.338218,0.002160310745239258
160419,normal,3110,1,1782360562.3402414,0.002023458480834961
160420,normal,2221,0,1782360562.3420527,0.0018112659454345703
160421,normal,2892,0,1782360562.3442295,0.0021767616271972656
160422,normal,2980,0,1782360562.3462698,0.002040386199951172
160423,normal,776,2,1782360562.3480535,0.001783609390258789
160424,normal,1949,0,1782360562.3500648,0.0020112991333007812
160425,normal,493,0,1782360562.3521085,0.0020437240600585938
160426,normal,1349,1,1782360562.3540301,0.0019216537475585938
160427,normal,1069,0,1782360562.356003,0.0019729137420654297
160428,normal,1580,0,1782360562.358065,0.0020618438720703125
160429,normal,3663,0,1782360562.3602183,0.0021533966064453125
160430,normal,2749,0,1782360562.362056,0.0018377304077148438
160431,normal,220,0,1782360562.3642178,0.002161741256713867
160432,normal,3693,0,1782360562.3660583,0.0018405914306640625
160433,normal,2678,0,1782360562.3682148,0.002156496047973633
160434,normal,1433,0,1782360562.3702178,0.0020029544830322266
160435,normal,1478,0,1782360562.3720539,0.0018360614776611328
160436,normal,579,0,1782360562.3742592,0.002205371856689453
160437,normal,1474,0,1782360562.3760886,0.001829385757446289
160438,normal,1230,0,1782360562.378224,0.0021352767944335938
160439,normal,2598,0,1782360562.3800821,0.0018582344055175781
160440,normal,237,0,1782360562.3822417,0.002159595489501953
160441,normal,3442,0,1782360562.3840716,0.0018298625946044922
160442,normal,2708,0,1782360562.386251,0.002179384231567383
160443,normal,669,0,1782360562.3881023,0.0018513202667236328
160444,normal,610,0,1782360562.3902316,0.0021293163299560547
160445,normal,1543,0,1782360562.392078,0.0018463134765625
160446,normal,3164,1,1782360562.3942313,0.0021533966064453125
160447,normal,3348,1,1782360562.396075,0.0018436908721923828
160448,normal,2313,0,1782360562.3982296,0.0021545886993408203
160449,normal,3681,0,1782360562.400227,0.0019974708557128906
160450,normal,1108,0,1782360562.4020739,0.0018467903137207031
160451,normal,3173,1,1782360562.4042294,0.0021555423736572266
160452,normal,383,0,1782360562.4062614,0.002032041549682617
160453,normal,2205,0,1782360562.4080784,0.0018169879913330078
160454,normal,3061,1,1782360562.4102309,0.0021524429321289062
160455,normal,1589,0,1782360562.412231,0.002000093460083008
160456,normal,2023,0,1782360562.4140742,0.0018432140350341797
160457,normal,3239,1,1782360562.4162374,0.0021631717681884766
160458,normal,3472,0,1782360562.41823,0.0019927024841308594
160459,normal,560,0,1782360562.420075,0.0018448829650878906
160460,normal,2423,0,1782360562.42223,0.0021550655364990234
160461,normal,1662,0,1782360562.4242394,0.0020093917846679688
160462,normal,2596,0,1782360562.426074,0.0018346309661865234
160463,normal,2687,0,1782360562.4282315,0.002157449722290039
160464,normal,787,2,1782360562.4302297,0.0019981861114501953
160465,normal,105,0,1782360562.4320748,0.0018451213836669922
160466,normal,2004,0,1782360562.434238,0.0021631717681884766
160467,normal,1726,0,1782360562.4362304,0.001992464065551758
160468,normal,2232,0,1782360562.4380755,0.0018451213836669922
160469,normal,1060,0,1782360562.4402277,0.0021522045135498047
160470,normal,3152,1,1782360562.4422333,0.0020055770874023438
160471,normal,2659,0,1782360562.4440742,0.001840829849243164
160472,normal,585,0,1782360562.4462311,0.002156972885131836
160473,normal,3275,1,1782360562.448228,0.001996755599975586
160474,normal,1673,0,1782360562.4500732,0.0018453598022460938
160475,normal,598,0,1782360562.4522252,0.002151966094970703
160476,normal,3132,1,1782360562.4542296,0.002004384994506836
160477,normal,2419,0,1782360562.456074,0.0018444061279296875
160478,normal,2438,0,1782360562.458238,0.0021638870239257812
160479,normal,188,0,1782360562.4600768,0.0018389225006103516
160480,normal,1025,2,1782360562.462226,0.0021491050720214844
160481,normal,1394,0,1782360562.4640846,0.0018587112426757812
160482,normal,1900,0,1782360562.4662282,0.0021436214447021484
160483,normal,3645,0,1782360562.4680734,0.0018451213836669922
160484,normal,3667,0,1782360562.4702287,0.002155303955078125
160485,normal,2183,0,1782360562.4722283,0.0019996166229248047
160486,normal,2727,0,1782360562.4740763,0.001847982406616211
160487,normal,3707,0,1782360562.4762306,0.0021543502807617188
160488,normal,1944,0,1782360562.4782298,0.0019991397857666016
160489,normal,464,0,1782360562.4800735,0.0018436908721923828
160490,normal,799,2,1782360562.4822288,0.002155303955078125
160491,normal,2511,0,1782360562.4842281,0.001999378204345703
160492,normal,434,0,1782360562.486074,0.0018458366394042969
160493,normal,2405,0,1782360562.4882278,0.0021538734436035156
160494,normal,2065,0,1782360562.4902365,0.002008676528930664
160495,normal,2517,0,1782360562.4920728,0.0018362998962402344
160496,normal,1561,0,1782360562.4942267,0.0021538734436035156
160497,normal,1730,0,1782360562.4962275,0.0020008087158203125
160498,normal,3491,0,1782360562.4980736,0.0018460750579833984
160499,normal,2486,0,1782360562.500237,0.002163410186767578
160500,normal,2820,0,1782360562.502147,0.0019099712371826172
160501,normal,2767,0,1782360562.5042295,0.0020825862884521484
160502,normal,3599,0,1782360562.5060759,0.0018463134765625
160503,normal,2464,0,1782360562.5082269,0.002151012420654297
160504,normal,326,0,1782360562.5100734,0.0018465518951416016
160505,normal,1063,0,1782360562.5120819,0.0020084381103515625
160506,normal,2203,0,1782360562.5142288,0.0021469593048095703
160507,normal,2169,0,1782360562.516074,0.0018451213836669922
160508,normal,2070,0,1782360562.5182297,0.002155780792236328
160509,normal,3290,1,1782360562.5202308,0.002001047134399414
160510,normal,582,0,1782360562.522073,0.0018422603607177734
160511,normal,125,0,1782360562.5242314,0.0021584033966064453
160512,normal,2550,0,1782360562.5262282,0.001996755599975586
160513,normal,2502,0,1782360562.5280812,0.0018529891967773438
160514,normal,2427,0,1782360562.5302324,0.0021512508392333984
160515,normal,112,0,1782360562.5322278,0.0019953250885009766
160516,normal,2988,0,1782360562.5340729,0.0018451213836669922
160517,normal,2866,0,1782360562.5362768,0.0022039413452148438
160518,normal,3101,1,1782360562.5380638,0.001786947250366211
160519,normal,696,0,1782360562.5402102,0.002146482467651367
160520,normal,2116,0,1782360562.5420897,0.0018794536590576172
160521,normal,763,0,1782360562.5442328,0.0021431446075439453
160522,normal,3405,0,1782360562.5460749,0.0018420219421386719
160523,normal,3321,1,1782360562.548229,0.002154111862182617
160524,normal,3030,0,1782360562.5502315,0.0020024776458740234
160525,normal,919,2,1782360562.5520778,0.0018463134765625
160526,normal,1321,1,1782360562.5542326,0.002154827117919922
160527,normal,1480,0,1782360562.5562248,0.0019922256469726562
160528,normal,704,0,1782360562.5580735,0.0018486976623535156
160529,normal,1192,0,1782360562.5602312,0.0021576881408691406
160530,normal,2564,0,1782360562.5622268,0.001995563507080078
160531,normal,708,0,1782360562.5640752,0.001848459243774414
160532,normal,435,0,1782360562.5662305,0.002155303955078125
160533,normal,1897,0,1782360562.5682297,0.0019991397857666016
160534,normal,3567,0,1782360562.5700758,0.0018460750579833984
160535,normal,3706,0,1782360562.5722315,0.002155780792236328
160536,normal,2668,0,1782360562.574239,0.0020074844360351562
160537,normal,770,0,1782360562.576105,0.0018661022186279297
160538,normal,2681,0,1782360562.5782306,0.0021255016326904297
160539,normal,1388,0,1782360562.5802383,0.002007722854614258
160540,normal,1360,1,1782360562.5820742,0.0018358230590820312
160541,normal,2963,0,1782360562.584235,0.002160787582397461
160542,normal,2050,0,1782360562.5862288,0.001993894577026367
160543,normal,223,0,1782360562.5880737,0.0018448829650878906
160544,normal,771,0,1782360562.5902305,0.0021567344665527344
160545,normal,11,0,1782360562.5922503,0.0020198822021484375
160546,normal,2890,0,1782360562.5940528,0.0018024444580078125
160547,normal,2554,0,1782360562.5962327,0.002179861068725586
160548,normal,999,2,1782360562.5982282,0.001995563507080078
160549,normal,2289,0,1782360562.6000748,0.0018465518951416016
160550,normal,3198,1,1782360562.6022322,0.002157449722290039
160551,normal,1692,0,1782360562.6042285,0.001996278762817383
160552,normal,1,0,1782360562.6060748,0.0018463134765625
160553,normal,3399,1,1782360562.608229,0.002154111862182617
160554,normal,2794,0,1782360562.6102319,0.0020029544830322266
160555,normal,1442,0,1782360562.6120749,0.0018429756164550781
160556,normal,3641,0,1782360562.6142101,0.0021352767944335938
160557,normal,288,0,1782360562.6162293,0.002019166946411133
160558,normal,514,0,1782360562.6180725,0.0018432140350341797
160559,normal,2175,0,1782360562.6202357,0.0021631717681884766
160560,normal,391,0,1782360562.6222281,0.001992464065551758
160561,normal,2953,0,1782360562.624073,0.0018448829650878906
160562,normal,3511,0,1782360562.6262298,0.0021567344665527344
160563,normal,532,0,1782360562.6282282,0.001998424530029297
160564,normal,2045,0,1782360562.630073,0.0018448829650878906
160565,normal,2163,0,1782360562.632229,0.0021560192108154297
160566,normal,289,0,1782360562.6342304,0.0020012855529785156
160567,normal,2591,0,1782360562.6360736,0.0018432140350341797
160568,normal,2544,0,1782360562.638241,0.0021674633026123047
160569,normal,885,2,1782360562.6402187,0.001977682113647461
160570,normal,2635,0,1782360562.6420364,0.0018177032470703125
160571,normal,1932,0,1782360562.644073,0.002036571502685547
160572,normal,3530,0,1782360562.6462193,0.0021462440490722656
160573,normal,2509,0,1782360562.6480556,0.0018362998962402344
160574,normal,3550,0,1782360562.6502066,0.002151012420654297
160575,normal,461,0,1782360562.6522102,0.0020036697387695312
160576,normal,3617,0,1782360562.6540496,0.0018393993377685547
160577,normal,2617,0,1782360562.656206,0.0021562576293945312
160578,normal,1389,0,1782360562.658213,0.002007007598876953
160579,normal,2548,0,1782360562.660082,0.00186920166015625
160580,normal,608,0,1782360562.6622338,0.0021517276763916016
160581,normal,2815,0,1782360562.6642804,0.0020465850830078125
160582,normal,339,0,1782360562.6660557,0.0017752647399902344
160583,normal,3128,1,1782360562.66823,0.00217437744140625
160584,normal,1922,0,1782360562.6702285,0.001998424530029297
160585,normal,1506,0,1782360562.6720757,0.0018472671508789062
160586,normal,562,0,1782360562.6742346,0.0021588802337646484
160587,normal,1340,1,1782360562.676231,0.001996278762817383
160588,normal,2367,0,1782360562.6780741,0.0018432140350341797
160589,normal,422,0,1782360562.6802313,0.0021572113037109375
160590,normal,3144,1,1782360562.682229,0.001997709274291992
160591,normal,2037,0,1782360562.6840746,0.0018455982208251953
160592,normal,2929,0,1782360562.6862166,0.0021419525146484375
160593,normal,1614,0,1782360562.688252,0.002035379409790039
160594,normal,3309,1,1782360562.6900756,0.0018236637115478516
160595,normal,177,0,1782360562.6922302,0.0021545886993408203
160596,normal,3377,1,1782360562.6942284,0.0019981861114501953
160597,normal,3422,0,1782360562.6960754,0.0018470287322998047
160598,normal,1845,0,1782360562.6982455,0.002170085906982422
160599,normal,729,0,1782360562.7002137,0.0019681453704833984
160600,normal,1605,0,1782360562.7020895,0.0018758773803710938
160601,normal,1638,0,1782360562.704238,0.0021483898162841797
160602,normal,3558,0,1782360562.7062142,0.0019762516021728516
160603,normal,3417,0,1782360562.7080748,0.0018606185913085938
160604,normal,2758,0,1782360562.7102377,0.002162933349609375
160605,normal,2336,0,1782360562.7122188,0.001981019973754883
160606,normal,3289,1,1782360562.7140753,0.0018565654754638672
160607,normal,3639,0,1782360562.7162304,0.0021550655364990234
160608,normal,959,2,1782360562.7182488,0.002018451690673828
160609,normal,1040,0,1782360562.7206392,0.0023903846740722656
160610,normal,1694,0,1782360562.7220628,0.0014235973358154297
160611,normal,3032,0,1782360562.724275,0.0022122859954833984
160612,normal,2251,0,1782360562.7260578,0.0017826557159423828
160613,normal,3044,0,1782360562.7282398,0.0021820068359375
160614,normal,802,2,1782360562.7300756,0.0018358230590820312
160615,normal,2507,0,1782360562.7322109,0.0021352767944335938
160616,normal,2245,0,1782360562.7340825,0.0018715858459472656
160617,normal,365,0,1782360562.736215,0.0021326541900634766
160618,normal,506,0,1782360562.7382896,0.0020744800567626953
160619,normal,2683,0,1782360562.740191,0.001901388168334961
160620,normal,879,2,1782360562.7422216,0.002030611038208008
160621,normal,1335,1,1782360562.744155,0.0019333362579345703
160622,normal,2455,0,1782360562.7460556,0.0019006729125976562
160623,normal,2010,0,1782360562.7480469,0.00199127197265625
160624,normal,426,0,1782360562.750093,0.0020461082458496094
160625,normal,1556,0,1782360562.7519984,0.0019054412841796875
160626,normal,3121,1,1782360562.7541072,0.0021088123321533203
160627,normal,1633,0,1782360562.756043,0.001935720443725586
160628,normal,1078,0,1782360562.7581491,0.002106189727783203
160629,normal,3564,0,1782360562.760047,0.0018978118896484375
160630,normal,878,2,1782360562.7621002,0.0020532608032226562
160631,normal,1529,0,1782360562.7641127,0.002012491226196289
160632,normal,1086,0,1782360562.7662268,0.0021140575408935547
160633,normal,3466,0,1782360562.768078,0.0018513202667236328
160634,normal,1641,0,1782360562.7705238,0.002445697784423828
160635,normal,3419,0,1782360562.7720292,0.0015053749084472656
160636,normal,1315,0,1782360562.774234,0.00220489501953125
160637,normal,3436,0,1782360562.7761571,0.0019230842590332031
160638,normal,764,0,1782360562.77819,0.002032756805419922
160639,normal,2483,0,1782360562.7800913,0.001901388168334961
160640,normal,906,2,1782360562.7821524,0.002061128616333008
160641,normal,1179,0,1782360562.784141,0.001988649368286133
160642,normal,2343,0,1782360562.7860665,0.0019254684448242188
160643,normal,3125,1,1782360562.7881362,0.002069711685180664
160644,normal,1429,0,1782360562.7901363,0.002000093460083008
160645,normal,1663,0,1782360562.7920732,0.0019369125366210938
160646,normal,2661,0,1782360562.7941456,0.0020723342895507812
160647,normal,141,0,1782360562.7960808,0.0019352436065673828
160648,normal,3565,0,1782360562.7982502,0.002169370651245117
160649,normal,1514,0,1782360562.8003356,0.002085447311401367
160650,normal,1807,0,1782360562.8021138,0.0017781257629394531
160651,normal,921,2,1782360562.8040688,0.0019550323486328125
160652,normal,2192,0,1782360562.806061,0.0019922256469726562
160653,normal,1892,0,1782360562.8082016,0.002140522003173828
160654,normal,1317,0,1782360562.8101141,0.0019125938415527344
160655,normal,1209,0,1782360562.8123195,0.002205371856689453
160656,normal,2719,0,1782360562.8141518,0.0018322467803955078
160657,normal,1634,0,1782360562.816274,0.002122163772583008
160658,normal,1702,0,1782360562.8181875,0.0019135475158691406
160659,normal,1488,0,1782360562.820323,0.0021355152130126953
160660,normal,1217,0,1782360562.822196,0.001873016357421875
160661,normal,2302,0,1782360562.824271,0.0020749568939208984
160662,normal,405,0,1782360562.8261921,0.0019211769104003906
160663,normal,465,0,1782360562.8281784,0.001986265182495117
160664,normal,3694,0,1782360562.8302803,0.002101898193359375
160665,normal,1950,0,1782360562.8321905,0.0019102096557617188
160666,normal,2323,0,1782360562.8343108,0.0021202564239501953
160667,normal,3047,1,1782360562.8361952,0.00188446044921875
160668,normal,3566,0,1782360562.8382585,0.002063274383544922
160669,normal,671,0,1782360562.8401554,0.0018968582153320312
160670,normal,1139,0,1782360562.8422449,0.0020895004272460938
160671,normal,3153,1,1782360562.8442307,0.001985788345336914
160672,normal,2535,0,1782360562.846179,0.0019483566284179688
160673,normal,108,0,1782360562.8482964,0.0021173954010009766
160674,normal,329,0,1782360562.850248,0.0019516944885253906
160675,normal,1665,0,1782360562.852081,0.0018329620361328125
160676,normal,3606,0,1782360562.854269,0.002187967300415039
160677,normal,3364,1,1782360562.8561904,0.0019214153289794922
160678,normal,1883,0,1782360562.8581502,0.0019598007202148438
160679,normal,3067,1,1782360562.8601263,0.00197601318359375
160680,normal,1077,0,1782360562.8622203,0.0020940303802490234
160681,normal,1987,0,1782360562.8641818,0.0019614696502685547
160682,normal,1539,0,1782360562.866296,0.0021142959594726562
160683,normal,1248,0,1782360562.8682044,0.0019083023071289062
160684,normal,3183,1,1782360562.8703756,0.0021712779998779297
160685,normal,1213,0,1782360562.872231,0.0018553733825683594
160686,normal,3404,0,1782360562.874254,0.002022981643676758
160687,normal,3306,1,1782360562.8762805,0.0020265579223632812
160688,normal,2524,0,1782360562.8782077,0.0019271373748779297
160689,normal,948,2,1782360562.8802445,0.0020368099212646484
160690,normal,3085,1,1782360562.8820617,0.0018172264099121094
160691,normal,1136,0,1782360562.8841205,0.002058744430541992
160692,normal,755,0,1782360562.8861604,0.0020399093627929688
160693,normal,6,0,1782360562.888163,0.002002716064453125
160694,normal,2110,0,1782360562.8900614,0.0018982887268066406
160695,normal,3092,1,1782360562.8921685,0.0021071434020996094
160696,normal,3547,0,1782360562.8940573,0.0018887519836425781
160697,normal,1282,0,1782360562.8961651,0.002107858657836914
160698,normal,3381,1,1782360562.8984795,0.002314329147338867
160699,normal,2793,0,1782360562.9001036,0.0016241073608398438
160700,normal,2877,0,1782360562.9023209,0.0022172927856445312
160701,normal,3452,0,1782360562.9040928,0.0017719268798828125
160702,normal,345,0,1782360562.9061837,0.002090930938720703
160703,normal,3541,0,1782360562.9080873,0.001903533935546875
160704,normal,844,2,1782360562.9102101,0.0021228790283203125
160705,normal,955,2,1782360562.9123194,0.0021092891693115234
160706,normal,1459,0,1782360562.9142244,0.0019049644470214844
160707,normal,2930,0,1782360562.9161782,0.0019538402557373047
160708,normal,3169,1,1782360562.9180903,0.0019121170043945312
160709,normal,3271,1,1782360562.920192,0.0021016597747802734
160710,normal,2861,0,1782360562.9221854,0.001993417739868164
160711,normal,1118,0,1782360562.9243488,0.002163410186767578
160712,normal,2979,0,1782360562.9262536,0.0019047260284423828
160713,normal,2941,0,1782360562.928298,0.0020444393157958984
160714,normal,1583,0,1782360562.9302182,0.0019202232360839844
160715,normal,861,2,1782360562.9322276,0.0020093917846679688
160716,normal,1527,0,1782360562.9341834,0.001955747604370117
160717,normal,845,2,1782360562.9364536,0.002270221710205078
160718,normal,1912,0,1782360562.9382534,0.0017998218536376953
160719,normal,869,2,1782360562.9402013,0.0019478797912597656
160720,normal,3017,0,1782360562.9422138,0.002012491226196289
160721,normal,3187,1,1782360562.9442134,0.0019996166229248047
160722,normal,152,0,1782360562.946191,0.001977682113647461
160723,normal,2406,0,1782360562.9480603,0.00186920166015625
160724,normal,752,0,1782360562.9501705,0.0021102428436279297
160725,normal,2496,0,1782360562.9521852,0.002014636993408203
160726,normal,3532,0,1782360562.9540815,0.0018963813781738281
160727,normal,3174,1,1782360562.9561741,0.002092599868774414
160728,normal,3629,0,1782360562.9581747,0.002000570297241211
160729,normal,2716,0,1782360562.9601057,0.0019309520721435547
160730,normal,1745,0,1782360562.9622462,0.002140522003173828
160731,normal,2742,0,1782360562.9642673,0.0020210742950439453
160732,normal,234,0,1782360562.9660738,0.001806497573852539
160733,normal,222,0,1782360562.9682152,0.0021414756774902344
160734,normal,173,0,1782360562.9702244,0.002009153366088867
160735,normal,3009,0,1782360562.9721549,0.0019304752349853516
160736,normal,3443,0,1782360562.9742143,0.002059459686279297
160737,normal,1792,0,1782360562.976192,0.001977682113647461
160738,normal,386,0,1782360562.9780998,0.0019078254699707031
160739,normal,1824,0,1782360562.980154,0.0020542144775390625
160740,normal,3493,0,1782360562.9822059,0.002051830291748047
160741,normal,7,0,1782360562.984106,0.0019001960754394531
160742,normal,2679,0,1782360562.9862478,0.002141714096069336
160743,normal,1461,0,1782360562.9881957,0.0019478797912597656
160744,normal,2208,0,1782360562.9900737,0.0018780231475830078
160745,normal,920,2,1782360562.992172,0.0020983219146728516
160746,normal,118,0,1782360562.994171,0.0019989013671875
160747,normal,3042,0,1782360562.9960723,0.001901388168334961
160748,normal,742,0,1782360562.9981842,0.0021119117736816406
160749,normal,658,0,1782360563.0002234,0.002039194107055664
160750,normal,3510,0,1782360563.0024233,0.002199888229370117
160751,normal,1424,0,1782360563.0040464,0.0016231536865234375
160752,normal,3281,1,1782360563.0061998,0.0021533966064453125
160753,normal,1216,0,1782360563.0081224,0.001922607421875
160754,normal,89,0,1782360563.0101712,0.0020487308502197266
160755,normal,1134,0,1782360563.0121605,0.0019893646240234375
160756,normal,3315,1,1782360563.014059,0.0018985271453857422
160757,normal,1109,0,1782360563.0161831,0.0021240711212158203
160758,normal,643,0,1782360563.0182223,0.002039194107055664
160759,normal,34,0,1782360563.0201247,0.0019023418426513672
160760,normal,2537,0,1782360563.022285,0.002160310745239258
160761,normal,3159,1,1782360563.0241823,0.0018973350524902344
160762,normal,3202,1,1782360563.0261955,0.0020132064819335938
160763,normal,1624,0,1782360563.0281165,0.001920938491821289
160764,normal,324,0,1782360563.0302489,0.002132415771484375
160765,normal,3205,1,1782360563.0322924,0.002043485641479492
160766,normal,3216,1,1782360563.034067,0.0017745494842529297
160767,normal,674,0,1782360563.0361578,0.002090930938720703
160768,normal,3246,1,1782360563.0380564,0.0018985271453857422
160769,normal,3588,0,1782360563.040168,0.002111673355102539
160770,normal,1190,0,1782360563.0422652,0.0020971298217773438
160771,normal,306,0,1782360563.0440598,0.001794576644897461
160772,normal,679,0,1782360563.0461564,0.0020966529846191406
160773,normal,541,0,1782360563.0481782,0.00202178955078125
160774,normal,3345,1,1782360563.0500655,0.0018873214721679688
160775,normal,74,0,1782360563.0527415,0.0026760101318359375
160776,normal,3234,1,1782360563.054217,0.0014755725860595703
160777,normal,2121,0,1782360563.05608,0.0018630027770996094
160778,normal,710,0,1782360563.058164,0.0020837783813476562
160779,normal,3259,1,1782360563.0601673,0.0020034313201904297
160780,normal,1919,0,1782360563.062075,0.0019075870513916016
160781,normal,2001,0,1782360563.0642788,0.0022039413452148438
160782,normal,2625,0,1782360563.0660741,0.0017952919006347656
160783,normal,1899,0,1782360563.0681663,0.002092123031616211
160784,normal,826,2,1782360563.0700731,0.0019068717956542969
160785,normal,369,0,1782360563.0721836,0.0021104812622070312
160786,normal,1173,0,1782360563.0740924,0.0019087791442871094
160787,normal,703,0,1782360563.0764117,0.0023193359375
160788,normal,887,2,1782360563.078193,0.0017812252044677734
160789,normal,589,0,1782360563.080202,0.002009153366088867
160790,normal,1942,0,1782360563.0821822,0.0019800662994384766
160791,normal,1982,0,1782360563.084275,0.0020928382873535156
160792,normal,2178,0,1782360563.0860872,0.0018122196197509766
160793,normal,3218,1,1782360563.0885215,0.002434253692626953
160794,normal,2097,0,1782360563.0902772,0.0017557144165039062
160795,normal,2574,0,1782360563.092087,0.001809835433959961
160796,normal,1475,0,1782360563.0944486,0.0023615360260009766
160797,normal,3250,1,1782360563.0964448,0.001996278762817383
160798,normal,1070,0,1782360563.098063,0.0016181468963623047
160799,normal,1396,0,1782360563.1001625,0.0020995140075683594
160800,normal,1639,0,1782360563.102172,0.0020093917846679688
160801,normal,2077,0,1782360563.104087,0.0019152164459228516
160802,normal,2441,0,1782360563.1061811,0.0020940303802490234
160803,normal,2167,0,1782360563.108175,0.001993894577026367
160804,normal,1548,0,1782360563.1100657,0.0018906593322753906
160805,normal,2960,0,1782360563.1122038,0.0021381378173828125
160806,normal,2000,0,1782360563.114241,0.00203704833984375
160807,normal,3560,0,1782360563.1161573,0.0019164085388183594
160808,normal,1362,1,1782360563.118202,0.002044677734375
160809,normal,2007,0,1782360563.1201959,0.001993894577026367
160810,normal,3489,0,1782360563.1221075,0.0019116401672363281
160811,normal,1860,0,1782360563.1242461,0.0021386146545410156
160812,normal,3543,0,1782360563.126262,0.002015829086303711
160813,normal,3010,0,1782360563.128067,0.0018050670623779297
160814,normal,3351,1,1782360563.1301835,0.0021164417266845703
160815,normal,3638,0,1782360563.1321979,0.0020143985748291016
160816,normal,556,0,1782360563.1340795,0.0018815994262695312
160817,normal,401,0,1782360563.1361854,0.0021059513092041016
160818,normal,1997,0,1782360563.138188,0.0020024776458740234
160819,normal,2380,0,1782360563.1400962,0.0019083023071289062
160820,normal,1879,0,1782360563.1422575,0.002161264419555664
160821,normal,1923,0,1782360563.1441755,0.0019180774688720703
160822,normal,267,0,1782360563.146073,0.001897573471069336
160823,normal,1738,0,1782360563.1481729,0.002099752426147461
160824,normal,100,0,1782360563.1501648,0.0019919872283935547
160825,normal,981,2,1782360563.1520703,0.0019054412841796875
160826,normal,1704,0,1782360563.1542034,0.0021331310272216797
160827,normal,1211,0,1782360563.156224,0.002020597457885742
160828,normal,2726,0,1782360563.1581452,0.0019211769104003906
160829,normal,1874,0,1782360563.1602364,0.0020911693572998047
160830,normal,2331,0,1782360563.1622016,0.0019652843475341797
160831,normal,1036,0,1782360563.1641,0.0018982887268066406
160832,normal,3326,1,1782360563.166225,0.0021250247955322266
160833,normal,1914,0,1782360563.16817,0.0019450187683105469
160834,normal,3126,1,1782360563.1700652,0.0018951892852783203
160835,normal,1516,0,1782360563.172169,0.0021038055419921875
160836,normal,3045,1,1782360563.174421,0.0022521018981933594
160837,normal,3284,1,1782360563.1760895,0.0016684532165527344
160838,normal,841,2,1782360563.1781971,0.0021076202392578125
160839,normal,875,2,1782360563.1802602,0.0020630359649658203
160840,normal,2459,0,1782360563.1822646,0.002004384994506836
160841,normal,2650,0,1782360563.1841204,0.0018558502197265625
160842,normal,1596,0,1782360563.186261,0.002140522003173828
160843,normal,2889,0,1782360563.1882787,0.0020177364349365234
160844,normal,2715,0,1782360563.1900213,0.0017426013946533203
160845,normal,3033,0,1782360563.1921113,0.002089977264404297
160846,normal,2266,0,1782360563.1940053,0.0018939971923828125
160847,normal,336,0,1782360563.1961436,0.002138376235961914
160848,normal,2834,0,1782360563.1981578,0.00201416015625
160849,normal,2951,0,1782360563.200001,0.0018432140350341797
160850,normal,3118,1,1782360563.2020984,0.0020973682403564453
160851,normal,2260,0,1782360563.204108,0.0020096302032470703
160852,normal,2364,0,1782360563.20646,0.002351999282836914
160853,normal,3293,1,1782360563.2083645,0.0019044876098632812
160854,normal,314,0,1782360563.2101345,0.00177001953125
160855,normal,3237,1,1782360563.2121377,0.002003192901611328
160856,normal,394,0,1782360563.214026,0.001888275146484375
160857,normal,626,0,1782360563.216143,0.0021169185638427734
160858,normal,1783,0,1782360563.2181466,0.0020036697387695312
160859,normal,914,2,1782360563.2202907,0.0021440982818603516
160860,normal,894,2,1782360563.2221346,0.0018439292907714844
160861,normal,307,0,1782360563.2240245,0.001889944076538086
160862,normal,2397,0,1782360563.2261367,0.002112150192260742
160863,normal,1330,1,1782360563.228153,0.002016305923461914
160864,normal,1831,0,1782360563.2304158,0.0022628307342529297
160865,normal,14,0,1782360563.2322786,0.0018627643585205078
160866,normal,1107,0,1782360563.2341533,0.001874685287475586
160867,normal,1600,0,1782360563.236215,0.0020618438720703125
160868,normal,2993,0,1782360563.2381363,0.0019211769104003906
160869,normal,3410,0,1782360563.2402444,0.0021080970764160156
160870,normal,1280,0,1782360563.2420187,0.0017743110656738281
160871,normal,2049,0,1782360563.2445478,0.002529144287109375
160872,normal,218,0,1782360563.2462204,0.001672506332397461
160873,normal,1320,1,1782360563.2480488,0.0018284320831298828
160874,normal,1981,0,1782360563.2502365,0.0021877288818359375
160875,normal,308,0,1782360563.2522893,0.002052783966064453
160876,normal,1486,0,1782360563.2540329,0.0017435550689697266
160877,normal,3070,1,1782360563.2561018,0.0020689964294433594
160878,normal,1261,0,1782360563.2581596,0.002057790756225586
160879,normal,432,0,1782360563.260052,0.0018923282623291016
160880,normal,2807,0,1782360563.262132,0.0020799636840820312
160881,normal,2907,0,1782360563.2642426,0.002110719680786133
160882,normal,16,0,1782360563.2660177,0.0017750263214111328
160883,normal,2699,0,1782360563.2681503,0.0021326541900634766
160884,normal,2222,0,1782360563.2701747,0.002024412155151367
160885,normal,2354,0,1782360563.272119,0.0019443035125732422
160886,normal,615,0,1782360563.2741907,0.0020716190338134766
160887,normal,760,0,1782360563.276131,0.0019402503967285156
160888,normal,3698,0,1782360563.2780719,0.0019409656524658203
160889,normal,300,0,1782360563.2801986,0.0021266937255859375
160890,normal,2368,0,1782360563.2822201,0.0020215511322021484
160891,normal,962,2,1782360563.2840343,0.001814126968383789
160892,normal,445,0,1782360563.2861505,0.0021162033081054688
160893,normal,2499,0,1782360563.2881572,0.0020067691802978516
160894,normal,756,0,1782360563.290048,0.0018906593322753906
160895,normal,1623,0,1782360563.2921681,0.0021202564239501953
160896,normal,550,0,1782360563.2941685,0.0020003318786621094
160897,normal,1575,0,1782360563.2961001,0.0019316673278808594
160898,normal,3413,0,1782360563.2981665,0.002066373825073242
160899,normal,2770,0,1782360563.3001342,0.0019676685333251953
160900,normal,2700,0,1782360563.3020248,0.0018906593322753906
160901,normal,1430,0,1782360563.3041315,0.0021066665649414062
160902,normal,323,0,1782360563.3061337,0.002002239227294922
160903,normal,487,0,1782360563.3080359,0.0019021034240722656
160904,normal,1083,0,1782360563.3101816,0.0021457672119140625
160905,normal,3029,0,1782360563.312511,0.0023293495178222656
160906,normal,3257,1,1782360563.314065,0.0015540122985839844
160907,normal,2970,0,1782360563.3161492,0.0020842552185058594
160908,normal,3500,0,1782360563.318207,0.002057790756225586
160909,normal,932,2,1782360563.321349,0.0031418800354003906
160910,normal,2442,0,1782360563.3220432,0.00069427490234375
160911,normal,1454,0,1782360563.3241267,0.0020835399627685547
160912,normal,2746,0,1782360563.32603,0.0019032955169677734
160913,normal,2840,0,1782360563.3281593,0.0021293163299560547
160914,normal,2531,0,1782360563.3302326,0.0020732879638671875
160915,normal,2959,0,1782360563.332083,0.0018503665924072266
160916,normal,675,0,1782360563.3342304,0.0021474361419677734
160917,normal,1471,0,1782360563.3362648,0.002034425735473633
160918,normal,719,0,1782360563.338154,0.0018892288208007812
160919,normal,3241,1,1782360563.3401725,0.002018451690673828
160920,normal,1741,0,1782360563.3421123,0.0019397735595703125
160921,normal,2882,0,1782360563.34415,0.0020377635955810547
160922,normal,3409,0,1782360563.34622,0.0020699501037597656
160923,normal,1020,2,1782360563.3479867,0.0017666816711425781
160924,normal,3208,1,1782360563.3500643,0.0020775794982910156
160925,normal,549,0,1782360563.35201,0.0019457340240478516
160926,normal,2506,0,1782360563.3539941,0.001984119415283203
160927,normal,3424,0,1782360563.3561435,0.002149343490600586
160928,normal,1650,0,1782360563.3579826,0.0018391609191894531
160929,normal,2173,0,1782360563.3599787,0.0019960403442382812
160930,normal,2035,0,1782360563.3619757,0.0019969940185546875
160931,normal,1908,0,1782360563.363974,0.001998424530029297
160932,normal,2057,0,1782360563.3664606,0.0024864673614501953
160933,normal,2033,0,1782360563.3680809,0.0016202926635742188
160934,normal,3103,1,1782360563.3701901,0.0021092891693115234
160935,normal,794,2,1782360563.3720446,0.0018544197082519531
160936,normal,1323,1,1782360563.3740377,0.0019931793212890625
160937,normal,1288,0,1782360563.376174,0.00213623046875
160938,normal,1937,0,1782360563.3781438,0.0019698143005371094
160939,normal,1918,0,1782360563.3802042,0.002060413360595703
160940,normal,3341,1,1782360563.3821979,0.0019936561584472656
160941,normal,939,2,1782360563.3841393,0.0019414424896240234
160942,normal,2624,0,1782360563.386029,0.0018897056579589844
160943,normal,2244,0,1782360563.3881354,0.0021064281463623047
160944,normal,3177,1,1782360563.3901362,0.0020008087158203125
160945,normal,3112,1,1782360563.392034,0.0018978118896484375
160946,normal,1926,0,1782360563.394406,0.0023720264434814453
160947,normal,1124,0,1782360563.396169,0.0017628669738769531
160948,normal,413,0,1782360563.3982139,0.0020449161529541016
160949,normal,208,0,1782360563.4001396,0.0019257068634033203
160950,normal,30,0,1782360563.4022553,0.0021157264709472656
160951,normal,3418,0,1782360563.4040802,0.0018248558044433594
160952,normal,2971,0,1782360563.4065683,0.0024881362915039062
160953,normal,442,0,1782360563.4082313,0.0016629695892333984
160954,normal,3631,0,1782360563.4101388,0.0019075870513916016
160955,normal,1984,0,1782360563.4121497,0.002010822296142578
160956,normal,4,0,1782360563.414782,0.0026323795318603516
160957,normal,842,2,1782360563.416127,0.001344919204711914
160958,normal,1688,0,1782360563.4180217,0.0018947124481201172
160959,normal,966,2,1782360563.4201171,0.002095460891723633
160960,normal,1876,0,1782360563.4220471,0.0019299983978271484
160961,normal,1812,0,1782360563.4241433,0.0020961761474609375
160962,normal,782,2,1782360563.4261396,0.001996278762817383
160963,normal,2328,0,1782360563.4280384,0.0018987655639648438
160964,normal,1101,0,1782360563.4301412,0.0021028518676757812
160965,normal,2686,0,1782360563.4321682,0.0020270347595214844
160966,normal,431,0,1782360563.4340987,0.0019304752349853516
160967,normal,2104,0,1782360563.436213,0.0021142959594726562
160968,normal,2782,0,1782360563.4381602,0.001947164535522461
160969,normal,1301,0,1782360563.4400675,0.0019073486328125
160970,normal,1696,0,1782360563.4420903,0.0020227432250976562
160971,normal,2136,0,1782360563.4442072,0.0021169185638427734
160972,normal,2688,0,1782360563.4461226,0.0019154548645019531
160973,normal,162,0,1782360563.4481206,0.0019979476928710938
160974,normal,275,0,1782360563.4500237,0.0019030570983886719
160975,normal,498,0,1782360563.4520214,0.001997709274291992
160976,normal,2958,0,1782360563.4540248,0.0020034313201904297
160977,normal,2229,0,1782360563.456029,0.0020041465759277344
160978,normal,1157,0,1782360563.4580264,0.0019974708557128906
160979,normal,3554,0,1782360563.4600909,0.0020644664764404297
160980,normal,2013,0,1782360563.4620376,0.0019466876983642578
160981,normal,1114,0,1782360563.464001,0.001963376998901367
160982,normal,3238,1,1782360563.4659948,0.001993894577026367
160983,normal,2604,0,1782360563.4680157,0.0020208358764648438
160984,normal,3370,1,1782360563.4699981,0.001982450485229492
160985,normal,2704,0,1782360563.4720192,0.0020210742950439453
160986,normal,1934,0,1782360563.4740584,0.002039194107055664
160987,normal,375,0,1782360563.476479,0.002420663833618164
160988,normal,191,0,1782360563.4780526,0.0015735626220703125
160989,normal,2179,0,1782360563.480018,0.0019652843475341797
160990,normal,1893,0,1782360563.482055,0.00203704833984375
160991,normal,3620,0,1782360563.4840062,0.0019512176513671875
160992,normal,2318,0,1782360563.4859688,0.0019626617431640625
160993,normal,3304,1,1782360563.487968,0.0019991397857666016
160994,normal,287,0,1782360563.4899971,0.0020291805267333984
160995,normal,931,2,1782360563.492172,0.002174854278564453
160996,normal,387,0,1782360563.4940524,0.0018804073333740234
160997,normal,446,0,1782360563.4960773,0.0020248889923095703
160998,normal,1836,0,1782360563.4982145,0.0021371841430664062
160999,normal,1239,0,1782360563.5001438,0.0019292831420898438
161000,normal,469,0,1782360563.5020528,0.001909017562866211
161001,normal,3256,1,1782360563.5041718,0.0021190643310546875
161002,normal,2100,0,1782360563.5061314,0.001959562301635742
161003,normal,1896,0,1782360563.5080802,0.0019488334655761719
161004,normal,1795,0,1782360563.5099738,0.0018935203552246094
161005,normal,2088,0,1782360563.511964,0.0019903182983398438
161006,normal,3203,1,1782360563.5139675,0.0020034313201904297
161007,normal,1821,0,1782360563.516117,0.0021495819091796875
161008,normal,2961,0,1782360563.5180516,0.0019345283508300781
161009,normal,2240,0,1782360563.5199685,0.0019168853759765625
161010,normal,1535,0,1782360563.5219717,0.002003192901611328
161011,normal,1689,0,1782360563.5239692,0.0019974708557128906
161012,normal,753,0,1782360563.5264547,0.002485513687133789
161013,normal,1517,0,1782360563.5283077,0.0018529891967773438
161014,normal,2888,0,1782360563.5300927,0.0017850399017333984
161015,normal,1151,0,1782360563.5320368,0.0019440650939941406
161016,normal,2472,0,1782360563.5340292,0.001992464065551758
161017,normal,734,0,1782360563.5360224,0.0019931793212890625
161018,normal,196,0,1782360563.5382252,0.002202749252319336
161019,normal,3232,1,1782360563.5400958,0.0018706321716308594
161020,normal,613,0,1782360563.542057,0.001961231231689453
161021,normal,2265,0,1782360563.5440626,0.0020055770874023438
161022,normal,3263,1,1782360563.546019,0.001956462860107422
161023,normal,986,2,1782360563.5480187,0.0019996166229248047
161024,normal,3484,0,1782360563.5505135,0.00249481201171875
161025,normal,1597,0,1782360563.5523074,0.0017938613891601562
161026,normal,1974,0,1782360563.5541556,0.0018482208251953125
161027,normal,263,0,1782360563.5561502,0.001994609832763672
161028,normal,3323,1,1782360563.5581417,0.0019915103912353516
161029,normal,1595,0,1782360563.560134,0.0019922256469726562
161030,normal,507,0,1782360563.5620458,0.0019118785858154297
161031,normal,998,2,1782360563.5643246,0.0022788047790527344
161032,normal,1449,0,1782360563.5662076,0.0018830299377441406
161033,normal,1003,2,1782360563.5681033,0.0018956661224365234
161034,normal,1884,0,1782360563.5705354,0.002432107925415039
161035,normal,1788,0,1782360563.5720682,0.0015327930450439453
161036,normal,2144,0,1782360563.5741215,0.0020532608032226562
161037,normal,333,0,1782360563.5760982,0.0019767284393310547
161038,normal,1455,0,1782360563.5780132,0.00191497802734375
161039,normal,470,0,1782360563.5800352,0.0020220279693603516
161040,normal,865,2,1782360563.5820413,0.002006053924560547
161041,normal,1985,0,1782360563.584173,0.0021317005157470703
161042,normal,2603,0,1782360563.5860403,0.0018672943115234375
161043,normal,39,0,1782360563.5881279,0.0020875930786132812
161044,normal,2156,0,1782360563.5900548,0.0019268989562988281
161045,normal,3026,0,1782360563.5921786,0.0021238327026367188
161046,normal,3191,1,1782360563.594205,0.0020263195037841797
161047,normal,2570,0,1782360563.596113,0.0019080638885498047
161048,normal,2277,0,1782360563.5980337,0.0019207000732421875
161049,normal,1170,0,1782360563.6001854,0.0021517276763916016
161050,normal,2291,0,1782360563.6020813,0.001895904541015625
161051,normal,3294,1,1782360563.6040897,0.0020084381103515625
161052,normal,315,0,1782360563.6060884,0.0019986629486083984
161053,normal,3213,1,1782360563.6079996,0.001911163330078125
161054,normal,334,0,1782360563.610017,0.002017498016357422
161055,normal,3221,1,1782360563.6120133,0.001996278762817383
161056,normal,1993,0,1782360563.6141152,0.002101898193359375
161057,normal,2672,0,1782360563.6160047,0.0018894672393798828
161058,normal,1226,0,1782360563.618037,0.0020322799682617188
161059,normal,1670,0,1782360563.6200128,0.0019757747650146484
161060,normal,519,0,1782360563.622022,0.002009153366088867
161061,normal,117,0,1782360563.624085,0.0020630359649658203
161062,normal,1935,0,1782360563.6260114,0.001926422119140625
161063,normal,1359,1,1782360563.628001,0.001989603042602539
161064,normal,2200,0,1782360563.6300027,0.0020017623901367188
161065,normal,744,0,1782360563.6319988,0.0019960403442382812
161066,normal,325,0,1782360563.6340039,0.0020051002502441406
161067,normal,2026,0,1782360563.636036,0.002032041549682617
161068,normal,1460,0,1782360563.6380618,0.0020258426666259766
161069,normal,3056,1,1782360563.6400752,0.0020134449005126953
161070,normal,3522,0,1782360563.6421514,0.0020761489868164062
161071,normal,2546,0,1782360563.6441576,0.0020062923431396484
161072,normal,1051,0,1782360563.6460598,0.0019021034240722656
161073,normal,1438,0,1782360563.6480289,0.0019690990447998047
161074,normal,2722,0,1782360563.6501138,0.002084970474243164
161075,normal,2620,0,1782360563.6519942,0.0018804073333740234
161076,normal,3569,0,1782360563.6539857,0.0019915103912353516
161077,normal,3628,0,1782360563.6559842,0.001998424530029297
161078,normal,2154,0,1782360563.657992,0.002007722854614258
161079,normal,691,0,1782360563.6601598,0.002167940139770508
161080,normal,1158,0,1782360563.662099,0.0019390583038330078
161081,normal,3585,0,1782360563.6640713,0.0019724369049072266
161082,normal,731,0,1782360563.666184,0.0021126270294189453
161083,normal,3369,1,1782360563.6681752,0.00199127197265625
161084,normal,3679,0,1782360563.670125,0.0019497871398925781
161085,normal,2155,0,1782360563.6721473,0.002022266387939453
161086,normal,103,0,1782360563.674172,0.0020246505737304688
161087,normal,1775,0,1782360563.6760712,0.0018992424011230469
161088,normal,48,0,1782360563.6779878,0.001916646957397461
161089,normal,2235,0,1782360563.679976,0.0019881725311279297
161090,normal,1332,1,1782360563.681979,0.0020029544830322266
161091,normal,3602,0,1782360563.6841633,0.0021843910217285156
161092,normal,790,2,1782360563.6860065,0.0018432140350341797
161093,normal,1082,0,1782360563.6879745,0.001967906951904297
161094,normal,2732,0,1782360563.6899738,0.001999378204345703
161095,normal,3655,0,1782360563.6919982,0.002024412155151367
161096,normal,1146,0,1782360563.6942656,0.0022673606872558594
161097,normal,905,2,1782360563.6964629,0.002197265625
161098,normal,2108,0,1782360563.6981266,0.0016636848449707031
161099,normal,1457,0,1782360563.7000425,0.0019159317016601562
161100,normal,2032,0,1782360563.7020497,0.0020072460174560547
161101,normal,2273,0,1782360563.7040293,0.0019795894622802734
161102,normal,625,0,1782360563.7060409,0.002011537551879883
161103,normal,1828,0,1782360563.7082279,0.002187013626098633
161104,normal,3166,1,1782360563.7100658,0.0018379688262939453
161105,normal,22,0,1782360563.7120275,0.0019617080688476562
161106,normal,1243,0,1782360563.7140229,0.0019953250885009766
161107,normal,3302,1,1782360563.7160277,0.002004861831665039
161108,normal,2393,0,1782360563.7180593,0.002031564712524414
161109,normal,3106,1,1782360563.7202928,0.0022335052490234375
161110,normal,3586,0,1782360563.7223,0.0020072460174560547
161111,normal,2728,0,1782360563.7241678,0.0018677711486816406
161112,normal,1452,0,1782360563.726141,0.0019731521606445312
161113,normal,2709,0,1782360563.72814,0.0019991397857666016
161114,normal,1005,2,1782360563.7301345,0.0019943714141845703
161115,normal,2184,0,1782360563.732035,0.0019004344940185547
161116,normal,1882,0,1782360563.734299,0.0022640228271484375
161117,normal,2750,0,1782360563.7362063,0.0019073486328125
161118,normal,2605,0,1782360563.7381318,0.0019254684448242188
161119,normal,1762,0,1782360563.7400444,0.0019125938415527344
161120,normal,294,0,1782360563.7425404,0.002496004104614258
161121,normal,1933,0,1782360563.744223,0.0016827583312988281
161122,normal,1566,0,1782360563.7460446,0.0018215179443359375
161123,normal,2270,0,1782360563.748139,0.002094268798828125
161124,normal,1463,0,1782360563.7501624,0.002023458480834961
161125,normal,718,0,1782360563.7520533,0.0018908977508544922
161126,normal,3193,1,1782360563.7541595,0.002106189727783203
161127,normal,3386,1,1782360563.756156,0.0019965171813964844
161128,normal,672,0,1782360563.758038,0.0018820762634277344
161129,normal,3672,0,1782360563.7601607,0.002122640609741211
161130,normal,2586,0,1782360563.76219,0.0020294189453125
161131,normal,945,2,1782360563.7641065,0.0019164085388183594
161132,normal,2082,0,1782360563.76625,0.002143383026123047
161133,normal,1087,0,1782360563.7681518,0.001901865005493164
161134,normal,2638,0,1782360563.770081,0.0019292831420898438
161135,normal,2558,0,1782360563.7722018,0.0021207332611083984
161136,normal,633,0,1782360563.774221,0.002019166946411133
161137,normal,3624,0,1782360563.7761242,0.0019032955169677734
161138,normal,3402,0,1782360563.7781518,0.0020275115966796875
161139,normal,595,0,1782360563.780174,0.002022266387939453
161140,normal,706,0,1782360563.782061,0.0018870830535888672
161141,normal,580,0,1782360563.7841735,0.0021123886108398438
161142,normal,662,0,1782360563.78618,0.00200653076171875
161143,normal,1647,0,1782360563.7880654,0.0018854141235351562
161144,normal,1368,1,1782360563.790237,0.0021715164184570312
161145,normal,3018,0,1782360563.792198,0.0019609928131103516
161146,normal,3482,0,1782360563.7940423,0.0018444061279296875
161147,normal,2740,0,1782360563.796152,0.0021097660064697266
161148,normal,2075,0,1782360563.7981546,0.0020024776458740234
161149,normal,3225,1,1782360563.8000312,0.0018765926361083984
161150,normal,1850,0,1782360563.8021681,0.0021369457244873047
161151,normal,1112,0,1782360563.8041759,0.002007722854614258
161152,normal,3531,0,1782360563.806086,0.0019102096557617188
161153,normal,27,0,1782360563.8085437,0.0024576187133789062
161154,normal,1666,0,1782360563.8100932,0.0015494823455810547
161155,normal,363,0,1782360563.8121731,0.0020799636840820312
161156,normal,1524,0,1782360563.8140619,0.0018887519836425781
161157,normal,3595,0,1782360563.8161929,0.0021309852600097656
161158,normal,938,2,1782360563.8180246,0.0018317699432373047
161159,normal,1199,0,1782360563.820134,0.0021092891693115234
161160,normal,1835,0,1782360563.8221376,0.0020036697387695312
161161,normal,1686,0,1782360563.8240802,0.0019426345825195312
161162,normal,439,0,1782360563.82623,0.002149820327758789
161163,normal,1687,0,1782360563.8282204,0.0019903182983398438
161164,normal,2590,0,1782360563.8301384,0.0019180774688720703
161165,normal,2337,0,1782360563.8323047,0.002166271209716797
161166,normal,1870,0,1782360563.8344314,0.0021266937255859375
161167,normal,2995,0,1782360563.8361087,0.0016772747039794922
161168,normal,2198,0,1782360563.8382041,0.002095460891723633
161169,normal,564,0,1782360563.840274,0.0020699501037597656
161170,normal,2721,0,1782360563.8421805,0.0019063949584960938
161171,normal,951,2,1782360563.8440256,0.0018451213836669922
161172,normal,518,0,1782360563.8461328,0.0021071434020996094
161173,normal,565,0,1782360563.848018,0.0018851757049560547
161174,normal,1755,0,1782360563.850154,0.0021359920501708984
161175,normal,240,0,1782360563.8522751,0.0021212100982666016
161176,normal,3686,0,1782360563.8540316,0.001756429672241211
161177,normal,2703,0,1782360563.856131,0.0020995140075683594
161178,normal,2321,0,1782360563.8581307,0.0019996166229248047
161179,normal,2529,0,1782360563.8600297,0.0018990039825439453
161180,normal,783,2,1782360563.8627222,0.0026924610137939453
161181,normal,917,2,1782360563.8641646,0.0014424324035644531
161182,normal,1019,2,1782360563.8663142,0.0021495819091796875
161183,normal,1275,0,1782360563.8681118,0.0017976760864257812
161184,normal,2425,0,1782360563.8701525,0.0020406246185302734
161185,normal,1916,0,1782360563.872038,0.0018854141235351562
161186,normal,1531,0,1782360563.8741515,0.0021135807037353516
161187,normal,2236,0,1782360563.8761659,0.0020143985748291016
161188,normal,570,0,1782360563.8781958,0.002029895782470703
161189,normal,1343,1,1782360563.8801148,0.0019190311431884766
161190,normal,44,0,1782360563.8821537,0.0020389556884765625
161191,normal,1722,0,1782360563.8840263,0.0018725395202636719
161192,normal,1711,0,1782360563.8861604,0.002134084701538086
161193,normal,1241,0,1782360563.8881555,0.001995086669921875
161194,normal,1720,0,1782360563.8907053,0.002549886703491211
161195,normal,266,0,1782360563.8924994,0.0017940998077392578
161196,normal,3683,0,1782360563.8941414,0.001641988754272461
161197,normal,3327,1,1782360563.8961215,0.0019800662994384766
161198,normal,2352,0,1782360563.8982856,0.002164125442504883
161199,normal,1826,0,1782360563.9001393,0.0018537044525146484
161200,normal,1563,0,1782360563.9020731,0.0019338130950927734
161201,normal,1598,0,1782360563.9043925,0.0023193359375
161202,normal,2800,0,1782360563.906241,0.001848459243774414
161203,normal,136,0,1782360563.9081511,0.0019102096557617188
161204,normal,2243,0,1782360563.9101632,0.002012014389038086
161205,normal,2720,0,1782360563.9122632,0.0020999908447265625
161206,normal,1047,0,1782360563.9141977,0.0019345283508300781
161207,normal,2910,0,1782360563.9160886,0.0018908977508544922
161208,normal,1182,0,1782360563.918136,0.002047300338745117
161209,normal,2994,0,1782360563.920067,0.0019311904907226562
161210,normal,915,2,1782360563.9226048,0.0025377273559570312
161211,normal,1491,0,1782360563.9240065,0.001401662826538086
161212,normal,1132,0,1782360563.9262073,0.0022008419036865234
161213,normal,3646,0,1782360563.9280598,0.0018525123596191406
161214,normal,71,0,1782360563.9301581,0.0020983219146728516
161215,normal,668,0,1782360563.9320831,0.0019249916076660156
161216,normal,1868,0,1782360563.9342196,0.0021364688873291016
161217,normal,717,0,1782360563.9362366,0.0020170211791992188
161218,normal,179,0,1782360563.9380991,0.0018625259399414062
161219,normal,3267,1,1782360563.9401503,0.002051115036010742
161220,normal,479,0,1782360563.9422052,0.002054929733276367
161221,normal,3220,1,1782360563.9440985,0.0018932819366455078
161222,normal,3575,0,1782360563.9462454,0.0021469593048095703
161223,normal,2083,0,1782360563.9481897,0.0019443035125732422
161224,normal,531,0,1782360563.950046,0.0018563270568847656
161225,normal,501,0,1782360563.952161,0.002115011215209961
161226,normal,2430,0,1782360563.9541705,0.0020093917846679688
161227,normal,1164,0,1782360563.9560602,0.0018897056579589844
161228,normal,2481,0,1782360563.95818,0.002119779586791992
161229,normal,946,2,1782360563.96018,0.002000093460083008
161230,normal,578,0,1782360563.9621246,0.0019445419311523438
161231,normal,1610,0,1782360563.964294,0.002169370651245117
161232,normal,499,0,1782360563.966172,0.0018780231475830078
161233,normal,3300,1,1782360563.9680398,0.0018677711486816406
161234,normal,617,0,1782360563.9701557,0.002115964889526367
161235,normal,1137,0,1782360563.9721544,0.0019986629486083984
161236,normal,1550,0,1782360563.974042,0.0018875598907470703
161237,normal,2476,0,1782360563.9762096,0.0021677017211914062
161238,normal,3587,0,1782360563.978218,0.0020084381103515625
161239,normal,1328,1,1782360563.9803188,0.002100706100463867
161240,normal,1064,0,1782360563.9820592,0.0017404556274414062
161241,normal,924,2,1782360563.9841785,0.002119302749633789
161242,normal,246,0,1782360563.9860604,0.0018818378448486328
161243,normal,2676,0,1782360563.9881768,0.0021164417266845703
161244,normal,2655,0,1782360563.9901397,0.001962900161743164
161245,normal,517,0,1782360563.9920218,0.0018820762634277344
161246,normal,3052,1,1782360563.9941428,0.0021209716796875
161247,normal,1652,0,1782360563.9961755,0.002032756805419922
161248,normal,2965,0,1782360563.9980998,0.001924276351928711
161249,normal,1537,0,1782360564.00023,0.002130270004272461
161250,normal,1369,1,1782360564.0023024,0.0020723342895507812
161251,normal,2798,0,1782360564.0041614,0.0018589496612548828
161252,normal,2334,0,1782360564.0063221,0.002160787582397461
161253,normal,1147,0,1782360564.0082026,0.0018804073333740234
161254,normal,3135,1,1782360564.0100992,0.0018966197967529297
161255,normal,989,2,1782360564.0123086,0.0022094249725341797
161256,normal,1469,0,1782360564.0142577,0.0019490718841552734
161257,normal,454,0,1782360564.0160213,0.0017635822296142578
161258,normal,726,0,1782360564.0181315,0.0021102428436279297
161259,normal,1431,0,1782360564.0201309,0.001999378204345703
161260,normal,1193,0,1782360564.022031,0.0019001960754394531
161261,normal,743,0,1782360564.0242481,0.0022170543670654297
161262,normal,537,0,1782360564.0261564,0.0019083023071289062
161263,normal,2622,0,1782360564.028019,0.0018625259399414062
161264,normal,2802,0,1782360564.0301394,0.002120494842529297
161265,normal,2073,0,1782360564.0321362,0.001996755599975586
161266,normal,3465,0,1782360564.0341227,0.0019865036010742188
161267,normal,1998,0,1782360564.0366547,0.0025320053100585938
161268,normal,495,0,1782360564.0381362,0.0014815330505371094
161269,normal,1490,0,1782360564.040162,0.0020258426666259766
161270,normal,551,0,1782360564.0420418,0.0018796920776367188
161271,normal,3425,0,1782360564.044164,0.002122163772583008
161272,normal,2801,0,1782360564.0460443,0.0018804073333740234
161273,normal,2130,0,1782360564.0483143,0.0022699832916259766
161274,normal,930,2,1782360564.0502014,0.0018870830535888672
161275,normal,2421,0,1782360564.0520377,0.0018362998962402344
161276,normal,23,0,1782360564.054155,0.0021173954010009766
161277,normal,2416,0,1782360564.0561671,0.002012014389038086
161278,normal,2152,0,1782360564.0580523,0.0018851757049560547
161279,normal,335,0,1782360564.0601773,0.0021250247955322266
161280,normal,3247,1,1782360564.0623753,0.0021979808807373047
161281,normal,190,0,1782360564.064157,0.0017817020416259766
161282,normal,2263,0,1782360564.0662467,0.0020897388458251953
161283,normal,3280,1,1782360564.0682557,0.0020089149475097656
161284,normal,211,0,1782360564.0701356,0.0018799304962158203
161285,normal,2684,0,1782360564.0722106,0.0020749568939208984
161286,normal,3190,1,1782360564.0742831,0.002072572708129883
161287,normal,1608,0,1782360564.0763743,0.0020911693572998047
161288,normal,1924,0,1782360564.078213,0.00183868408203125
161289,normal,2826,0,1782360564.0801845,0.0019714832305908203
161290,normal,3227,1,1782360564.082341,0.002156496047973633
161291,normal,542,0,1782360564.0845332,0.002192258834838867
161292,normal,516,0,1782360564.0861082,0.0015749931335449219
161293,normal,2875,0,1782360564.0881407,0.0020325183868408203
161294,normal,2853,0,1782360564.0900235,0.001882791519165039
161295,normal,3076,1,1782360564.0921705,0.0021469593048095703
161296,normal,2246,0,1782360564.0940437,0.0018732547760009766
161297,normal,2436,0,1782360564.096147,0.0021033287048339844
161298,normal,1409,0,1782360564.0981584,0.0020112991333007812
161299,normal,2268,0,1782360564.1000428,0.00188446044921875
161300,normal,1447,0,1782360564.102195,0.0021522045135498047
161301,normal,848,2,1782360564.104214,0.0020189285278320312
161302,normal,1439,0,1782360564.1062703,0.0020563602447509766
161303,normal,97,0,1782360564.108095,0.0018246173858642578
161304,normal,3217,1,1782360564.1102679,0.0021729469299316406
161305,normal,166,0,1782360564.1121893,0.0019214153289794922
161306,normal,311,0,1782360564.1143215,0.0021321773529052734
161307,normal,3590,0,1782360564.1163197,0.0019981861114501953
161308,normal,1214,0,1782360564.118116,0.0017962455749511719
161309,normal,3314,1,1782360564.1202102,0.002094268798828125
161310,normal,1022,2,1782360564.122227,0.002016782760620117
161311,normal,2256,0,1782360564.1240876,0.0018606185913085938
161312,normal,2286,0,1782360564.1261947,0.0021071434020996094
161313,normal,1113,0,1782360564.128198,0.002003192901611328
161314,normal,2159,0,1782360564.1300879,0.001889944076538086
161315,normal,2649,0,1782360564.1322236,0.002135753631591797
161316,normal,1407,0,1782360564.134293,0.0020694732666015625
161317,normal,3091,1,1782360564.136082,0.0017888545989990234
161318,normal,3513,0,1782360564.1381884,0.0021064281463623047
161319,normal,1817,0,1782360564.140214,0.002025604248046875
161320,normal,3171,1,1782360564.1420772,0.001863241195678711
161321,normal,2845,0,1782360564.1441922,0.002115011215209961
161322,normal,1609,0,1782360564.1462119,0.002019643783569336
161323,normal,3316,1,1782360564.1481154,0.001903533935546875
161324,normal,3592,0,1782360564.1502411,0.0021257400512695312
161325,normal,561,0,1782360564.152265,0.002023935317993164
161326,normal,1443,0,1782360564.154132,0.0018668174743652344
161327,normal,180,0,1782360564.1561868,0.002054929733276367
161328,normal,2437,0,1782360564.158175,0.0019881725311279297
161329,normal,1219,0,1782360564.160108,0.0019330978393554688
161330,normal,2081,0,1782360564.162163,0.002054929733276367
161331,normal,205,0,1782360564.1641448,0.0019817352294921875
161332,normal,176,0,1782360564.1660278,0.0018830299377441406
161333,normal,3538,0,1782360564.1681492,0.002121448516845703
161334,normal,2578,0,1782360564.1703122,0.002162933349609375
161335,normal,2359,0,1782360564.1720965,0.0017843246459960938
161336,normal,1290,0,1782360564.1742501,0.002153635025024414
161337,normal,2975,0,1782360564.1763027,0.0020525455474853516
161338,normal,1682,0,1782360564.1784256,0.0021228790283203125
161339,normal,2561,0,1782360564.1801412,0.0017156600952148438
161340,normal,2310,0,1782360564.1823013,0.0021600723266601562
161341,normal,458,0,1782360564.1841702,0.0018689632415771484
161342,normal,515,0,1782360564.186132,0.0019617080688476562
161343,normal,1875,0,1782360564.1881409,0.0020089149475097656
161344,normal,1201,0,1782360564.190019,0.0018780231475830078
161345,normal,2595,0,1782360564.1921356,0.002116680145263672
161346,normal,2488,0,1782360564.1942499,0.0021142959594726562
161347,normal,913,2,1782360564.1960487,0.001798868179321289
161348,normal,3548,0,1782360564.1981316,0.00208282470703125
161349,normal,1820,0,1782360564.2001345,0.0020029544830322266
161350,normal,3673,0,1782360564.2020173,0.001882791519165039
161351,normal,40,0,1782360564.2041957,0.0021784305572509766
161352,normal,3488,0,1782360564.2068026,0.0026068687438964844
161353,normal,1056,0,1782360564.208224,0.0014214515686035156
161354,normal,1763,0,1782360564.210035,0.0018110275268554688
161355,normal,2765,0,1782360564.2121449,0.0021097660064697266
161356,normal,3006,0,1782360564.214033,0.0018880367279052734
161357,normal,2038,0,1782360564.2161582,0.002125263214111328
161358,normal,3661,0,1782360564.2184381,0.002279996871948242
161359,normal,1905,0,1782360564.2201195,0.0016813278198242188
161360,normal,489,0,1782360564.2221467,0.002027273178100586
161361,normal,1504,0,1782360564.2241392,0.001992464065551758
161362,normal,953,2,1782360564.2260337,0.0018944740295410156
161363,normal,1858,0,1782360564.228156,0.0021224021911621094
161364,normal,273,0,1782360564.2301636,0.0020074844360351562
161365,normal,2356,0,1782360564.2321987,0.0020351409912109375
161366,normal,3411,0,1782360564.2341864,0.0019876956939697266
161367,normal,2557,0,1782360564.2362366,0.002050161361694336
161368,normal,2936,0,1782360564.2381177,0.0018811225891113281
161369,normal,3605,0,1782360564.2402546,0.0021369457244873047
161370,normal,2429,0,1782360564.2422047,0.0019500255584716797
161371,normal,1235,0,1782360564.2443118,0.0021071434020996094
161372,normal,2694,0,1782360564.2462966,0.001984834671020508
161373,normal,3453,0,1782360564.2483907,0.0020940303802490234
161374,normal,302,0,1782360564.2500603,0.0016696453094482422
161375,normal,1007,2,1782360564.2523139,0.0022535324096679688
161376,normal,817,2,1782360564.2544024,0.0020885467529296875
161377,normal,3573,0,1782360564.2560956,0.0016932487487792969
161378,normal,827,2,1782360564.258174,0.0020782947540283203
161379,normal,1357,1,1782360564.2601566,0.0019826889038085938
161380,normal,2542,0,1782360564.2620344,0.0018777847290039062
161381,normal,1198,0,1782360564.2641559,0.002121448516845703
161382,normal,2985,0,1782360564.266143,0.0019872188568115234
161383,normal,2092,0,1782360564.2680333,0.0018901824951171875
161384,normal,2803,0,1782360564.2701378,0.002104520797729492
161385,normal,1029,2,1782360564.2721558,0.002017974853515625
161386,normal,3457,0,1782360564.274078,0.0019221305847167969
161387,normal,1256,0,1782360564.2762215,0.0021436214447021484
161388,normal,1967,0,1782360564.278205,0.0019834041595458984
161389,normal,1649,0,1782360564.2800229,0.001817941665649414
161390,normal,2396,0,1782360564.2821789,0.0021560192108154297
161391,normal,172,0,1782360564.2841847,0.0020058155059814453
161392,normal,474,0,1782360564.2861042,0.0019195079803466797
161393,normal,1602,0,1782360564.2881863,0.0020821094512939453
161394,normal,2401,0,1782360564.290151,0.001964569091796875
161395,normal,2090,0,1782360564.2920496,0.0018987655639648438
161396,normal,1991,0,1782360564.294168,0.002118349075317383
161397,normal,3634,0,1782360564.2962081,0.0020401477813720703
161398,normal,944,2,1782360564.2980623,0.0018541812896728516
161399,normal,3515,0,1782360564.3001826,0.0021202564239501953
161400,normal,1106,0,1782360564.3022163,0.002033710479736328
161401,normal,2859,0,1782360564.3040447,0.0018284320831298828
161402,normal,2825,0,1782360564.3061497,0.0021049976348876953
161403,normal,1559,0,1782360564.3081527,0.0020029544830322266
161404,normal,3527,0,1782360564.3100371,0.00188446044921875
161405,normal,3039,0,1782360564.3121521,0.002115011215209961
161406,normal,2675,0,1782360564.314258,0.0021059513092041016
161407,normal,665,0,1782360564.316063,0.0018048286437988281
161408,normal,249,0,1782360564.3182,0.0021371841430664062
161409,normal,17,0,1782360564.3203387,0.0021386146545410156
161410,normal,2408,0,1782360564.322051,0.0017123222351074219
161411,normal,912,2,1782360564.3241687,0.002117633819580078
161412,normal,2799,0,1782360564.3261993,0.002030611038208008
161413,normal,2931,0,1782360564.3280418,0.001842498779296875
161414,normal,1428,0,1782360564.3301423,0.0021004676818847656
161415,normal,3676,0,1782360564.3321466,0.002004384994506836
161416,normal,2883,0,1782360564.334024,0.0018773078918457031
161417,normal,902,2,1782360564.3362138,0.0021898746490478516
161418,normal,3437,0,1782360564.338201,0.0019872188568115234
161419,normal,3330,1,1782360564.3400848,0.0018837451934814453
161420,normal,2972,0,1782360564.3422413,0.002156496047973633
161421,normal,2884,0,1782360564.344246,0.0020046234130859375
161422,normal,796,2,1782360564.3461523,0.0019063949584960938
161423,normal,320,0,1782360564.348066,0.0019137859344482422
161424,normal,3576,0,1782360564.3501976,0.0021314620971679688
161425,normal,3160,1,1782360564.3522644,0.0020668506622314453
161426,normal,1621,0,1782360564.3541493,0.0018849372863769531
161427,normal,2125,0,1782360564.3561459,0.0019965171813964844
161428,normal,276,0,1782360564.358021,0.001875162124633789
161429,normal,3392,1,1782360564.3601365,0.002115488052368164
161430,normal,3666,0,1782360564.3621423,0.0020058155059814453
161431,normal,835,2,1782360564.364148,0.0020055770874023438
161432,normal,3435,0,1782360564.3661363,0.0019884109497070312
161433,normal,1207,0,1782360564.3681338,0.0019974708557128906
161434,normal,3015,0,1782360564.3700268,0.0018930435180664062
161435,normal,1159,0,1782360564.372136,0.0021092891693115234
161436,normal,963,2,1782360564.3747964,0.0026602745056152344
161437,normal,1679,0,1782360564.3761516,0.0013551712036132812
161438,normal,1648,0,1782360564.3783689,0.0022172927856445312
161439,normal,2527,0,1782360564.3801253,0.001756429672241211
161440,normal,1180,0,1782360564.3820467,0.0019214153289794922
161441,normal,588,0,1782360564.3841615,0.0021147727966308594
161442,normal,592,0,1782360564.3861556,0.0019941329956054688
161443,normal,2701,0,1782360564.3881369,0.0019812583923339844
161444,normal,28,0,1782360564.3904474,0.002310514450073242
161445,normal,3320,1,1782360564.392072,0.0016245841979980469
161446,normal,1721,0,1782360564.3941495,0.0020775794982910156
161447,normal,2036,0,1782360564.3960326,0.0018830299377441406
161448,normal,3317,1,1782360564.398155,0.0021224021911621094
161449,normal,3653,0,1782360564.4000442,0.0018892288208007812
161450,normal,2677,0,1782360564.4027016,0.0026574134826660156
161451,normal,594,0,1782360564.4043207,0.001619100570678711
161452,normal,2633,0,1782360564.4061666,0.0018458366394042969
161453,normal,2804,0,1782360564.4082625,0.002095937728881836
161454,normal,312,0,1782360564.410189,0.001926422119140625
161455,normal,2775,0,1782360564.4121964,0.0020074844360351562
161456,normal,3514,0,1782360564.414061,0.0018646717071533203
161457,normal,130,0,1782360564.416535,0.0024738311767578125
161458,normal,1175,0,1782360564.418236,0.0017011165618896484
161459,normal,2443,0,1782360564.420129,0.0018930435180664062
161460,normal,1205,0,1782360564.4221847,0.002055644989013672
161461,normal,1509,0,1782360564.424433,0.0022482872009277344
161462,normal,3102,1,1782360564.4262156,0.0017826557159423828
161463,normal,1980,0,1782360564.4281526,0.0019369125366210938
161464,normal,2901,0,1782360564.430024,0.001871347427368164
161465,normal,35,0,1782360564.4321585,0.002134561538696289
161466,normal,280,0,1782360564.4341614,0.0020029544830322266
161467,normal,1392,0,1782360564.436047,0.0018856525421142578
161468,normal,321,0,1782360564.4381506,0.002103567123413086
161469,normal,3616,0,1782360564.4401362,0.0019855499267578125
161470,normal,741,0,1782360564.4420757,0.001939535140991211
161471,normal,1872,0,1782360564.4442124,0.002136707305908203
161472,normal,1954,0,1782360564.4461138,0.001901388168334961
161473,normal,3429,0,1782360564.4482343,0.002120494842529297
161474,normal,475,0,1782360564.450027,0.0017926692962646484
161475,normal,2157,0,1782360564.4522107,0.002183675765991211
161476,normal,3142,1,1782360564.4541018,0.0018911361694335938
161477,normal,3350,1,1782360564.4562345,0.0021326541900634766
161478,normal,3633,0,1782360564.4580896,0.0018551349639892578
161479,normal,569,0,1782360564.4601521,0.002062559127807617
161480,normal,2449,0,1782360564.46205,0.0018978118896484375
161481,normal,316,0,1782360564.4641688,0.002118825912475586
161482,normal,1416,0,1782360564.4660592,0.001890420913696289
161483,normal,198,0,1782360564.4681826,0.0021233558654785156
161484,normal,2375,0,1782360564.4701796,0.0019969940185546875
161485,normal,2827,0,1782360564.4721115,0.001931905746459961
161486,normal,2410,0,1782360564.474189,0.0020775794982910156
161487,normal,3046,1,1782360564.476157,0.001967906951904297
161488,normal,322,0,1782360564.4780357,0.0018787384033203125
161489,normal,102,0,1782360564.480156,0.0021202564239501953
161490,normal,236,0,1782360564.4820588,0.0019028186798095703
161491,normal,1191,0,1782360564.4841626,0.0021038055419921875
161492,normal,1869,0,1782360564.48609,0.0019273757934570312
161493,normal,975,2,1782360564.4882317,0.002141714096069336
161494,normal,2824,0,1782360564.49051,0.0022783279418945312
161495,normal,1401,0,1782360564.4920776,0.0015676021575927734
161496,normal,2601,0,1782360564.4941745,0.002096891403198242
161497,normal,2074,0,1782360564.4960556,0.0018811225891113281
161498,normal,1184,0,1782360564.4981878,0.0021321773529052734
161499,normal,2946,0,1782360564.5001442,0.001956462860107422
161500,normal,293,0,1782360564.5020227,0.001878499984741211
161501,normal,2281,0,1782360564.5041423,0.0021195411682128906
161502,normal,3264,1,1782360564.5061896,0.002047300338745117
161503,normal,1484,0,1782360564.5081227,0.0019330978393554688
161504,normal,1123,0,1782360564.510228,0.002105236053466797
161505,normal,3034,0,1782360564.512119,0.0018911361694335938
161506,normal,3632,0,1782360564.514279,0.0021598339080810547
161507,normal,65,0,1782360564.5163252,0.002046346664428711
161508,normal,3140,1,1782360564.5181348,0.0018095970153808594
161509,normal,780,2,1782360564.5203085,0.0021736621856689453
161510,normal,41,0,1782360564.5223334,0.0020248889923095703
161511,normal,1697,0,1782360564.5248878,0.0025544166564941406
161512,normal,3416,0,1782360564.5260353,0.0011475086212158203
161513,normal,684,0,1782360564.528141,0.002105712890625
161514,normal,3499,0,1782360564.5301023,0.001961231231689453
161515,normal,1039,0,1782360564.5319972,0.0018949508666992188
161516,normal,337,0,1782360564.5341249,0.0021276473999023438
161517,normal,1655,0,1782360564.536122,0.001997232437133789
161518,normal,2920,0,1782360564.5379903,0.0018682479858398438
161519,normal,3506,0,1782360564.5399954,0.0020051002502441406
161520,normal,769,0,1782360564.5420551,0.0020596981048583984
161521,normal,286,0,1782360564.5440748,0.002019643783569336
161522,normal,2016,0,1782360564.5464993,0.002424478530883789
161523,normal,2630,0,1782360564.5482793,0.0017800331115722656
161524,normal,3593,0,1782360564.550098,0.0018186569213867188
161525,normal,2982,0,1782360564.5520866,0.001988649368286133
161526,normal,3474,0,1782360564.5540822,0.001995563507080078
161527,normal,2373,0,1782360564.5560832,0.002001047134399414
161528,normal,2185,0,1782360564.5580795,0.001996278762817383
161529,normal,2702,0,1782360564.560252,0.0021724700927734375
161530,normal,3340,1,1782360564.562055,0.0018031597137451172
161531,normal,1410,0,1782360564.5640707,0.0020155906677246094
161532,normal,2254,0,1782360564.5660226,0.0019519329071044922
161533,normal,1286,0,1782360564.5680912,0.0020685195922851562
161534,normal,916,2,1782360564.5700946,0.0020034313201904297
161535,normal,471,0,1782360564.5720882,0.0019936561584472656
161536,normal,3540,0,1782360564.5742598,0.0021715164184570312
161537,normal,3344,1,1782360564.57615,0.0018901824951171875
161538,normal,3336,1,1782360564.5781584,0.0020084381103515625
161539,normal,2579,0,1782360564.5800972,0.0019388198852539062
161540,normal,1381,1,1782360564.582168,0.002070903778076172
161541,normal,2409,0,1782360564.5841231,0.0019550323486328125
161542,normal,2188,0,1782360564.5861554,0.0020322799682617188
161543,normal,1732,0,1782360564.5883071,0.0021517276763916016
161544,normal,2786,0,1782360564.5901918,0.0018846988677978516
161545,normal,2551,0,1782360564.5921068,0.00191497802734375
161546,normal,1528,0,1782360564.5942693,0.002162456512451172
161547,normal,3021,0,1782360564.5962756,0.0020062923431396484
161548,normal,2895,0,1782360564.5980844,0.0018088817596435547
161549,normal,1964,0,1782360564.6000655,0.001981019973754883
161550,normal,735,0,1782360564.6020777,0.0020122528076171875
161551,normal,800,2,1782360564.604085,0.0020072460174560547
161552,normal,2580,0,1782360564.606072,0.001986980438232422
161553,normal,1907,0,1782360564.608085,0.002012968063354492
161554,normal,2264,0,1782360564.6100688,0.0019838809967041016
161555,normal,3268,1,1782360564.6120868,0.002017974853515625
161556,normal,1135,0,1782360564.6141043,0.002017498016357422
161557,normal,2411,0,1782360564.6160734,0.0019690990447998047
161558,normal,3260,1,1782360564.6181443,0.002070903778076172
161559,normal,1510,0,1782360564.6200736,0.0019292831420898438
161560,normal,1530,0,1782360564.6221018,0.002028226852416992
161561,normal,1505,0,1782360564.6241124,0.0020105838775634766
161562,normal,25,0,1782360564.6261349,0.0020225048065185547
161563,normal,3407,0,1782360564.628086,0.0019512176513671875
161564,normal,1707,0,1782360564.6300635,0.0019774436950683594
161565,normal,3043,0,1782360564.6320863,0.0020227432250976562
161566,normal,805,2,1782360564.6340742,0.001987934112548828
161567,normal,110,0,1782360564.6360755,0.0020012855529785156
161568,normal,2735,0,1782360564.6380756,0.002000093460083008
161569,normal,2378,0,1782360564.640079,0.0020034313201904297
161570,normal,2503,0,1782360564.6421337,0.0020546913146972656
161571,normal,1055,0,1782360564.644106,0.001972198486328125
161572,normal,297,0,1782360564.6461298,0.002023935317993164
161573,normal,1262,0,1782360564.6480205,0.0018906593322753906
161574,normal,977,2,1782360564.6500006,0.0019800662994384766
161575,normal,637,0,1782360564.6520076,0.002007007598876953
161576,normal,1242,0,1782360564.6540039,0.001996278762817383
161577,normal,1945,0,1782360564.6560035,0.0019996166229248047
161578,normal,3004,0,1782360564.6580086,0.0020051002502441406
161579,normal,3597,0,1782360564.6600647,0.002056121826171875
161580,normal,2234,0,1782360564.6620705,0.0020058155059814453
161581,normal,64,0,1782360564.6641994,0.0021288394927978516
161582,normal,2087,0,1782360564.6661031,0.0019037723541259766
161583,normal,1001,2,1782360564.6680453,0.0019421577453613281
161584,normal,2457,0,1782360564.6700153,0.001970052719116211
161585,normal,949,2,1782360564.6720397,0.002024412155151367
161586,normal,1423,0,1782360564.6740375,0.001997709274291992
161587,normal,1771,0,1782360564.675987,0.0019495487213134766
161588,normal,215,0,1782360564.6779833,0.001996278762817383
161589,normal,954,2,1782360564.679985,0.0020017623901367188
161590,normal,67,0,1782360564.6823273,0.00234222412109375
161591,normal,937,2,1782360564.6840777,0.0017504692077636719
161592,normal,3598,0,1782360564.6861558,0.0020780563354492188
161593,normal,1611,0,1782360564.6881511,0.0019953250885009766
161594,normal,403,0,1782360564.690141,0.0019898414611816406
161595,normal,2779,0,1782360564.692151,0.0020101070404052734
161596,normal,2850,0,1782360564.6941082,0.0019571781158447266
161597,normal,825,2,1782360564.696164,0.002055644989013672
161598,normal,203,0,1782360564.6981716,0.002007722854614258
161599,normal,2594,0,1782360564.699991,0.0018193721771240234
161600,normal,1015,2,1782360564.7019837,0.0019927024841308594
161601,normal,3475,0,1782360564.7039814,0.001997709274291992
161602,normal,3078,1,1782360564.7059808,0.001999378204345703
161603,normal,846,2,1782360564.7081137,0.002132892608642578
161604,normal,3226,1,1782360564.7099977,0.0018839836120605469
161605,normal,2076,0,1782360564.711975,0.0019774436950683594
161606,normal,3151,1,1782360564.7139742,0.0019991397857666016
161607,normal,121,0,1782360564.715977,0.002002716064453125
161608,normal,1675,0,1782360564.7183485,0.002371549606323242
161609,normal,1862,0,1782360564.7203543,0.0020058155059814453
161610,normal,1018,2,1782360564.7220962,0.0017418861389160156
161611,normal,1090,0,1782360564.7240074,0.001911163330078125
161612,normal,427,0,1782360564.7260122,0.002004861831665039
161613,normal,1525,0,1782360564.728008,0.0019958019256591797
161614,normal,2412,0,1782360564.7300148,0.0020067691802978516
161615,normal,2870,0,1782360564.7322772,0.0022623538970947266
161616,normal,553,0,1782360564.7340345,0.0017573833465576172
161617,normal,2385,0,1782360564.7359967,0.0019621849060058594
161618,normal,1367,1,1782360564.737996,0.001999378204345703
161619,normal,3552,0,1782360564.7399979,0.0020017623901367188
161620,normal,1197,0,1782360564.7420046,0.0020067691802978516
161621,normal,942,2,1782360564.7444527,0.0024480819702148438
161622,normal,3492,0,1782360564.7463021,0.0018494129180908203
161623,normal,1760,0,1782360564.7481377,0.0018355846405029297
161624,normal,3282,1,1782360564.750119,0.0019812583923339844
161625,normal,1837,0,1782360564.752141,0.0020220279693603516
161626,normal,357,0,1782360564.7541268,0.001985788345336914
161627,normal,1553,0,1782360564.7560148,0.0018880367279052734
161628,normal,2085,0,1782360564.7583272,0.0023124217987060547
161629,normal,2881,0,1782360564.7601948,0.001867532730102539
161630,normal,1823,0,1782360564.7620888,0.0018939971923828125
161631,normal,1913,0,1782360564.764559,0.002470254898071289
161632,normal,577,0,1782360564.7660496,0.0014905929565429688
161633,normal,2540,0,1782360564.7681634,0.002113819122314453
161634,normal,850,2,1782360564.7700276,0.0018641948699951172
161635,normal,893,2,1782360564.771989,0.0019614696502685547
161636,normal,3579,0,1782360564.774003,0.0020139217376708984
161637,normal,124,0,1782360564.7760365,0.0020334720611572266
161638,normal,2640,0,1782360564.7780147,0.001978158950805664
161639,normal,3020,0,1782360564.780018,0.0020034313201904297
161640,normal,3332,1,1782360564.7820115,0.001993417739868164
161641,normal,2611,0,1782360564.7840195,0.0020079612731933594
161642,normal,2660,0,1782360564.786047,0.0020275115966796875
161643,normal,521,0,1782360564.7880704,0.002023458480834961
161644,normal,557,0,1782360564.790092,0.0020215511322021484
161645,normal,1176,0,1782360564.7920415,0.0019495487213134766
161646,normal,2384,0,1782360564.794032,0.0019905567169189453
161647,normal,338,0,1782360564.7960646,0.0020325183868408203
161648,normal,1690,0,1782360564.7980683,0.0020036697387695312
161649,normal,548,0,1782360564.8000839,0.0020155906677246094
161650,normal,2371,0,1782360564.8020148,0.0019309520721435547
161651,normal,1829,0,1782360564.8040357,0.0020208358764648438
161652,normal,3578,0,1782360564.806022,0.001986265182495117
161653,normal,3689,0,1782360564.8080351,0.0020132064819335938
161654,normal,135,0,1782360564.810019,0.0019838809967041016
161655,normal,1522,0,1782360564.8120298,0.002010822296142578
161656,normal,229,0,1782360564.8140683,0.0020384788513183594
161657,normal,3529,0,1782360564.8160863,0.002017974853515625
161658,normal,1436,0,1782360564.8180099,0.0019235610961914062
161659,normal,1966,0,1782360564.8200037,0.001993894577026367
161660,normal,1004,2,1782360564.822027,0.0020232200622558594
161661,normal,165,0,1782360564.8239996,0.001972675323486328
161662,normal,366,0,1782360564.8260071,0.0020074844360351562
161663,normal,3536,0,1782360564.8280032,0.0019960403442382812
161664,normal,766,0,1782360564.830073,0.0020699501037597656
161665,normal,1327,1,1782360564.83208,0.0020067691802978516
161666,normal,270,0,1782360564.83415,0.002070188522338867
161667,normal,1422,0,1782360564.8360245,0.0018744468688964844
161668,normal,523,0,1782360564.8380153,0.001990795135498047
161669,normal,2837,0,1782360564.840067,0.0020515918731689453
161670,normal,3040,0,1782360564.8419907,0.0019237995147705078
161671,normal,628,0,1782360564.8439772,0.0019865036010742188
161672,normal,3423,0,1782360564.8461616,0.0021843910217285156
161673,normal,3471,0,1782360564.8481467,0.0019850730895996094
161674,normal,2898,0,1782360564.8501403,0.0019936561584472656
161675,normal,923,2,1782360564.8522217,0.0020813941955566406
161676,normal,2747,0,1782360564.854232,0.002010345458984375
161677,normal,2743,0,1782360564.8562102,0.001978158950805664
161678,normal,2174,0,1782360564.8581514,0.0019412040710449219
161679,normal,2706,0,1782360564.860303,0.0021514892578125
161680,normal,2618,0,1782360564.8621368,0.0018339157104492188
161681,normal,382,0,1782360564.8642921,0.002155303955078125
161682,normal,2964,0,1782360564.8663003,0.002008199691772461
161683,normal,1774,0,1782360564.8680212,0.0017209053039550781
161684,normal,1769,0,1782360564.8701315,0.0021102428436279297
161685,normal,134,0,1782360564.872138,0.00200653076171875
161686,normal,2206,0,1782360564.874023,0.0018849372863769531
161687,normal,936,2,1782360564.8762796,0.002256631851196289
161688,normal,2296,0,1782360564.8781319,0.001852273941040039
161689,normal,59,0,1782360564.8800185,0.001886606216430664
161690,normal,837,2,1782360564.8821337,0.0021152496337890625
161691,normal,596,0,1782360564.884133,0.001999378204345703
161692,normal,3427,0,1782360564.886619,0.002485990524291992
161693,normal,3201,1,1782360564.8881655,0.0015463829040527344
161694,normal,907,2,1782360564.8903651,0.0021996498107910156
161695,normal,1940,0,1782360564.8921163,0.0017511844635009766
161696,normal,2190,0,1782360564.8941553,0.0020389556884765625
161697,normal,1889,0,1782360564.8961554,0.002000093460083008
161698,normal,2734,0,1782360564.8980532,0.0018978118896484375
161699,normal,127,0,1782360564.9002275,0.00217437744140625
161700,normal,2607,0,1782360564.9024074,0.002179861068725586
161701,normal,1268,0,1782360564.9040968,0.0016894340515136719
161702,normal,149,0,1782360564.9061468,0.0020499229431152344
161703,normal,419,0,1782360564.9081597,0.002012968063354492
161704,normal,1502,0,1782360564.910047,0.0018873214721679688
161705,normal,1628,0,1782360564.9121597,0.0021126270294189453
161706,normal,1399,0,1782360564.9147449,0.002585172653198242
161707,normal,3574,0,1782360564.916402,0.001657247543334961
161708,normal,193,0,1782360564.9181764,0.0017743110656738281
161709,normal,3421,0,1782360564.9202821,0.002105712890625
161710,normal,2989,0,1782360564.9221644,0.001882314682006836
161711,normal,2058,0,1782360564.9242752,0.002110719680786133
161712,normal,2418,0,1782360564.9261816,0.0019063949584960938
161713,normal,724,0,1782360564.9284205,0.0022389888763427734
161714,normal,1291,0,1782360564.9302201,0.0017995834350585938
161715,normal,3161,1,1782360564.9321635,0.001943349838256836
161716,normal,217,0,1782360564.9340408,0.0018773078918457031
161717,normal,707,0,1782360564.936321,0.0022802352905273438
161718,normal,2513,0,1782360564.9382272,0.0019061565399169922
161719,normal,2475,0,1782360564.9400668,0.0018396377563476562
161720,normal,3615,0,1782360564.9421391,0.0020723342895507812
161721,normal,3389,1,1782360564.9441533,0.00201416015625
161722,normal,1744,0,1782360564.9460514,0.001898050308227539
161723,normal,1772,0,1782360564.9481528,0.002101421356201172
161724,normal,2011,0,1782360564.9500425,0.0018897056579589844
161725,normal,3115,1,1782360564.95213,0.0020875930786132812
161726,normal,3388,1,1782360564.9540496,0.0019195079803466797
161727,normal,189,0,1782360564.956192,0.0021424293518066406
161728,normal,819,2,1782360564.958107,0.00191497802734375
161729,normal,1165,0,1782360564.9602332,0.0021262168884277344
161730,normal,2288,0,1782360564.9621494,0.0019161701202392578
161731,normal,3278,1,1782360564.964072,0.001922607421875
161732,normal,2576,0,1782360564.9661968,0.002124786376953125
161733,normal,723,0,1782360564.9682207,0.002023935317993164
161734,normal,3283,1,1782360564.9701355,0.0019147396087646484
161735,normal,2003,0,1782360564.9721386,0.002003192901611328
161736,normal,2247,0,1782360564.9741812,0.002042531967163086
161737,normal,1729,0,1782360564.9760594,0.0018782615661621094
161738,normal,3665,0,1782360564.9781764,0.0021169185638427734
161739,normal,437,0,1782360564.9801774,0.002001047134399414
161740,normal,3705,0,1782360564.9820602,0.001882791519165039
161741,normal,775,2,1782360564.9842217,0.0021615028381347656
161742,normal,1468,0,1782360564.9860811,0.001859426498413086
161743,normal,2810,0,1782360564.9881573,0.0020761489868164062
161744,normal,1911,0,1782360564.9900432,0.0018858909606933594
161745,normal,1244,0,1782360564.9921553,0.002112150192260742
161746,normal,956,2,1782360564.9940357,0.0018804073333740234
161747,normal,1293,0,1782360564.9961548,0.0021190643310546875
161748,normal,3335,1,1782360564.9981928,0.0020380020141601562
161749,normal,241,0,1782360565.000087,0.001894235610961914
161750,normal,2452,0,1782360565.002612,0.0025250911712646484
161751,normal,3704,0,1782360565.0041046,0.0014925003051757812
161752,normal,1761,0,1782360565.0061843,0.0020797252655029297
161753,normal,3520,0,1782360565.0080972,0.001912832260131836
161754,normal,2309,0,1782360565.010185,0.002087831497192383
161755,normal,1731,0,1782360565.0120208,0.0018358230590820312
161756,normal,3022,0,1782360565.0142398,0.002218961715698242
161757,normal,1854,0,1782360565.0161397,0.0018999576568603516
161758,normal,98,0,1782360565.0180619,0.0019221305847167969
161759,normal,774,2,1782360565.0202188,0.002156972885131836
161760,normal,3188,1,1782360565.0220819,0.0018630027770996094
161761,normal,1635,0,1782360565.0242424,0.0021605491638183594
161762,normal,491,0,1782360565.0262067,0.0019643306732177734
161763,normal,1104,0,1782360565.02819,0.001983165740966797
161764,normal,1813,0,1782360565.0301328,0.0019428730010986328
161765,normal,384,0,1782360565.0322382,0.0021054744720458984
161766,normal,1227,0,1782360565.0341604,0.0019221305847167969
161767,normal,243,0,1782360565.0363188,0.0021584033966064453
161768,normal,3680,0,1782360565.0380943,0.001775503158569336
161769,normal,2040,0,1782360565.0401406,0.002046346664428711
161770,normal,525,0,1782360565.042017,0.0018763542175292969
161771,normal,688,0,1782360565.0441349,0.0021178722381591797
161772,normal,2107,0,1782360565.0462132,0.0020782947540283203
161773,normal,385,0,1782360565.0482063,0.0019931793212890625
161774,normal,1385,0,1782360565.0500185,0.0018122196197509766
161775,normal,1253,0,1782360565.0521429,0.002124309539794922
161776,normal,433,0,1782360565.0540175,0.001874685287475586
161777,normal,636,0,1782360565.05614,0.0021224021911621094
161778,normal,2730,0,1782360565.0585525,0.002412557601928711
161779,normal,505,0,1782360565.0603347,0.0017821788787841797
161780,normal,2358,0,1782360565.0621197,0.0017850399017333984
161781,normal,701,0,1782360565.0641618,0.002042055130004883
161782,normal,2597,0,1782360565.066044,0.001882314682006836
161783,normal,2142,0,1782360565.0681593,0.0021152496337890625
161784,normal,1975,0,1782360565.0701563,0.0019969940185546875
161785,normal,872,2,1782360565.072195,0.002038717269897461
161786,normal,2974,0,1782360565.074189,0.001993894577026367
161787,normal,3312,1,1782360565.0761764,0.001987457275390625
161788,normal,318,0,1782360565.0780437,0.0018672943115234375
161789,normal,2842,0,1782360565.0801647,0.0021209716796875
161790,normal,2124,0,1782360565.082166,0.0020012855529785156
161791,normal,574,0,1782360565.0842936,0.0021276473999023438
161792,normal,1557,0,1782360565.0863106,0.0020170211791992188
161793,normal,3334,1,1782360565.0882545,0.001943826675415039
161794,normal,448,0,1782360565.0901215,0.001867055892944336
161795,normal,993,2,1782360565.092264,0.0021424293518066406
161796,normal,2939,0,1782360565.0942483,0.0019843578338623047
161797,normal,3507,0,1782360565.0960586,0.001810312271118164
161798,normal,1654,0,1782360565.0984497,0.0023910999298095703
161799,normal,1797,0,1782360565.1001976,0.0017478466033935547
161800,normal,725,0,1782360565.1021523,0.001954793930053711
161801,normal,1218,0,1782360565.1041608,0.0020084381103515625
161802,normal,1027,2,1782360565.1062503,0.0020895004272460938
161803,normal,1171,0,1782360565.1082044,0.0019540786743164062
161804,normal,3373,1,1782360565.110088,0.0018837451934814453
161805,normal,3440,0,1782360565.1121411,0.0020530223846435547
161806,normal,421,0,1782360565.114038,0.0018968582153320312
161807,normal,2733,0,1782360565.1161714,0.0021333694458007812
161808,normal,344,0,1782360565.118142,0.001970529556274414
161809,normal,547,0,1782360565.120034,0.00189208984375
161810,normal,3324,1,1782360565.1221426,0.0021085739135742188
161811,normal,602,0,1782360565.1248233,0.0026807785034179688
161812,normal,402,0,1782360565.1260717,0.0012483596801757812
161813,normal,1150,0,1782360565.1282349,0.0021631717681884766
161814,normal,2056,0,1782360565.1301248,0.001889944076538086
161815,normal,1962,0,1782360565.132232,0.0021071434020996094
161816,normal,2886,0,1782360565.134033,0.0018010139465332031
161817,normal,3141,1,1782360565.1361856,0.002152681350708008
161818,normal,740,0,1782360565.138082,0.0018963813781738281
161819,normal,3084,1,1782360565.1402328,0.0021507740020751953
161820,normal,3008,0,1782360565.1421251,0.0018923282623291016
161821,normal,2705,0,1782360565.1441424,0.0020172595977783203
161822,normal,990,2,1782360565.146049,0.0019066333770751953
161823,normal,1885,0,1782360565.1481767,0.0021276473999023438
161824,normal,2863,0,1782360565.150038,0.0018613338470458984
161825,normal,3612,0,1782360565.152157,0.0021190643310546875
161826,normal,864,2,1782360565.154165,0.0020079612731933594
161827,normal,3077,1,1782360565.1560507,0.0018856525421142578
161828,normal,900,2,1782360565.158174,0.0021233558654785156
161829,normal,101,0,1782360565.1602254,0.0020513534545898438
161830,normal,313,0,1782360565.1620355,0.0018100738525390625
161831,normal,1233,0,1782360565.1641517,0.0021162033081054688
161832,normal,1068,0,1782360565.166145,0.001993417739868164
161833,normal,1753,0,1782360565.1680355,0.001890420913696289
161834,normal,350,0,1782360565.170158,0.0021224021911621094
161835,normal,2467,0,1782360565.172167,0.002009153366088867
161836,normal,2300,0,1782360565.1740758,0.0019087791442871094
161837,normal,1375,1,1782360565.1760821,0.0020062923431396484
161838,normal,1059,0,1782360565.178242,0.0021598339080810547
161839,normal,1902,0,1782360565.1801195,0.0018775463104248047
161840,normal,1708,0,1782360565.182189,0.0020694732666015625
161841,normal,3139,1,1782360565.1841662,0.001977205276489258
161842,normal,1545,0,1782360565.186106,0.0019397735595703125
161843,normal,591,0,1782360565.1881478,0.0020418167114257812
161844,normal,1278,0,1782360565.1900241,0.0018763542175292969
161845,normal,3311,1,1782360565.1921437,0.0021195411682128906
161846,normal,197,0,1782360565.1940315,0.0018877983093261719
161847,normal,3036,0,1782360565.1962996,0.002268075942993164
161848,normal,242,0,1782360565.1981227,0.0018231868743896484
161849,normal,616,0,1782360565.2002137,0.002090930938720703
161850,normal,2766,0,1782360565.2023098,0.0020961761474609375
161851,normal,1643,0,1782360565.204397,0.002087116241455078
161852,normal,1117,0,1782360565.2061827,0.0017857551574707031
161853,normal,2482,0,1782360565.2086291,0.002446413040161133
161854,normal,1806,0,1782360565.210283,0.001653909683227539
161855,normal,2896,0,1782360565.2128544,0.0025713443756103516
161856,normal,950,2,1782360565.2142572,0.0014028549194335938
161857,normal,83,0,1782360565.2160468,0.0017895698547363281
161858,normal,2314,0,1782360565.2180088,0.001961946487426758
161859,normal,3143,1,1782360565.220204,0.0021953582763671875
161860,normal,1163,0,1782360565.222037,0.0018329620361328125
161861,normal,976,2,1782360565.2242231,0.0021860599517822266
161862,normal,1210,0,1782360565.2261631,0.001940011978149414
161863,normal,3477,0,1782360565.2280788,0.0019156932830810547
161864,normal,1523,0,1782360565.2300675,0.001988649368286133
161865,normal,2295,0,1782360565.2320778,0.002010345458984375
161866,normal,1799,0,1782360565.2341597,0.0020818710327148438
161867,normal,33,0,1782360565.2366266,0.002466917037963867
161868,normal,416,0,1782360565.2390325,0.002405881881713867
161869,normal,2806,0,1782360565.240298,0.0012655258178710938
161870,normal,3533,0,1782360565.2421541,0.001856088638305664
161871,normal,1363,1,1782360565.244283,0.0021288394927978516
161872,normal,2084,0,1782360565.2461398,0.0018568038940429688
161873,normal,2885,0,1782360565.2482543,0.002114534378051758
161874,normal,863,2,1782360565.250234,0.0019795894622802734
161875,normal,1930,0,1782360565.252432,0.0021982192993164062
161876,normal,1915,0,1782360565.2542324,0.0018002986907958984
161877,normal,1446,0,1782360565.256186,0.001953601837158203
161878,normal,362,0,1782360565.25816,0.0019741058349609375
161879,normal,2220,0,1782360565.2601194,0.0019593238830566406
161880,normal,2739,0,1782360565.262245,0.0021255016326904297
161881,normal,732,0,1782360565.2641094,0.0018644332885742188
161882,normal,1898,0,1782360565.2668154,0.0027060508728027344
161883,normal,622,0,1782360565.2683766,0.0015611648559570312
161884,normal,3651,0,1782360565.2702563,0.0018796920776367188
161885,normal,1819,0,1782360565.2722337,0.0019774436950683594
161886,normal,1590,0,1782360565.274356,0.002122163772583008
161887,normal,2046,0,1782360565.2762854,0.0019295215606689453
161888,normal,1072,0,1782360565.2781827,0.0018973350524902344
161889,normal,492,0,1782360565.2802248,0.002042055130004883
161890,normal,1178,0,1782360565.2825847,0.0023598670959472656
161891,normal,3189,1,1782360565.2842867,0.0017020702362060547
161892,normal,1805,0,1782360565.2863548,0.002068042755126953
161893,normal,490,0,1782360565.2881796,0.0018248558044433594
161894,normal,2304,0,1782360565.2903798,0.0022001266479492188
161895,normal,407,0,1782360565.2924466,0.0020668506622314453
161896,normal,3167,1,1782360565.294122,0.0016753673553466797
161897,normal,2276,0,1782360565.2961245,0.0020024776458740234
161898,normal,3545,0,1782360565.2982428,0.002118349075317383
161899,normal,49,0,1782360565.300166,0.0019230842590332031
161900,normal,2913,0,1782360565.302301,0.002135038375854492
161901,normal,2849,0,1782360565.3042483,0.0019474029541015625
161902,normal,440,0,1782360565.3060954,0.0018470287322998047
161903,normal,1811,0,1782360565.3082752,0.002179861068725586
161904,normal,2181,0,1782360565.3106217,0.002346515655517578
161905,normal,3137,1,1782360565.312586,0.0019643306732177734
161906,normal,866,2,1782360565.3150198,0.00243377685546875
161907,normal,1145,0,1782360565.3163857,0.0013659000396728516
161908,normal,2693,0,1782360565.318155,0.0017693042755126953
161909,normal,1830,0,1782360565.32025,0.0020949840545654297
161910,normal,1034,0,1782360565.3222525,0.0020024776458740234
161911,normal,2610,0,1782360565.3242412,0.001988649368286133
161912,normal,3200,1,1782360565.3264394,0.0021982192993164062
161913,normal,1483,0,1782360565.3282511,0.0018117427825927734
161914,normal,256,0,1782360565.3302412,0.001990079879760742
161915,normal,888,2,1782360565.3320613,0.0018200874328613281
161916,normal,1354,1,1782360565.3343227,0.0022614002227783203
161917,normal,3308,1,1782360565.336179,0.0018563270568847656
161918,normal,1065,0,1782360565.338131,0.0019519329071044922
161919,normal,504,0,1782360565.3401752,0.002044200897216797
161920,normal,2039,0,1782360565.3422458,0.0020706653594970703
161921,normal,2666,0,1782360565.3442757,0.002029895782470703
161922,normal,438,0,1782360565.3463113,0.0020356178283691406
161923,normal,1125,0,1782360565.3482056,0.001894235610961914
161924,normal,576,0,1782360565.3501565,0.001950979232788086
161925,normal,2306,0,1782360565.3521838,0.002027273178100586
161926,normal,3696,0,1782360565.3540583,0.0018744468688964844
161927,normal,3685,0,1782360565.3561034,0.002045154571533203
161928,normal,1632,0,1782360565.3582633,0.0021598339080810547
161929,normal,649,0,1782360565.3600867,0.00182342529296875
161930,normal,670,0,1782360565.362227,0.0021402835845947266
161931,normal,116,0,1782360565.364428,0.002201080322265625
161932,normal,571,0,1782360565.3661551,0.0017271041870117188
161933,normal,1657,0,1782360565.3686259,0.002470731735229492
161934,normal,488,0,1782360565.370116,0.0014901161193847656
161935,normal,655,0,1782360565.3722732,0.0021572113037109375
161936,normal,455,0,1782360565.374184,0.0019106864929199219
161937,normal,430,0,1782360565.376406,0.0022220611572265625
161938,normal,978,2,1782360565.3782673,0.0018613338470458984
161939,normal,3003,0,1782360565.3800955,0.0018281936645507812
161940,normal,3195,1,1782360565.3822317,0.00213623046875
161941,normal,3333,1,1782360565.3840842,0.0018525123596191406
161942,normal,2138,0,1782360565.3862684,0.002184152603149414
161943,normal,2874,0,1782360565.388388,0.0021195411682128906
161944,normal,3130,1,1782360565.3901548,0.0017669200897216797
161945,normal,965,2,1782360565.3922868,0.002131938934326172
161946,normal,3374,1,1782360565.3942802,0.001993417739868164
161947,normal,3563,0,1782360565.396345,0.0020647048950195312
161948,normal,3176,1,1782360565.398413,0.002068042755126953
161949,normal,2921,0,1782360565.4003289,0.0019159317016601562
161950,normal,66,0,1782360565.40221,0.0018811225891113281
161951,normal,2048,0,1782360565.4042578,0.0020477771759033203
161952,normal,352,0,1782360565.4066172,0.0023593902587890625
161953,normal,3172,1,1782360565.4085672,0.0019500255584716797
161954,normal,1804,0,1782360565.4102426,0.0016753673553466797
161955,normal,1448,0,1782360565.4123552,0.0021126270294189453
161956,normal,1746,0,1782360565.414291,0.001935720443725586
161957,normal,3155,1,1782360565.4162772,0.001986265182495117
161958,normal,994,2,1782360565.4182138,0.0019366741180419922
161959,normal,3013,0,1782360565.4202533,0.0020394325256347656
161960,normal,3179,1,1782360565.4221165,0.001863241195678711
161961,normal,1778,0,1782360565.4241893,0.0020728111267089844
161962,normal,3556,0,1782360565.4260793,0.001889944076538086
161963,normal,2967,0,1782360565.4281156,0.0020363330841064453
161964,normal,991,2,1782360565.4302285,0.002112865447998047
161965,normal,1267,0,1782360565.4320588,0.0018303394317626953
161966,normal,2369,0,1782360565.4347649,0.0027060508728027344
161967,normal,3494,0,1782360565.4361274,0.0013625621795654297
161968,normal,2227,0,1782360565.4382417,0.0021142959594726562
161969,normal,2226,0,1782360565.4401777,0.0019359588623046875
161970,normal,2112,0,1782360565.4422665,0.002088785171508789
161971,normal,131,0,1782360565.4442186,0.0019521713256835938
161972,normal,2079,0,1782360565.4464831,0.0022644996643066406
161973,normal,399,0,1782360565.448187,0.0017039775848388672
161974,normal,2197,0,1782360565.4503229,0.002135753631591797
161975,normal,1206,0,1782360565.4524934,0.002170562744140625
161976,normal,0,0,1782360565.454061,0.0015676021575927734
161977,normal,1071,0,1782360565.4560847,0.0020236968994140625
161978,normal,1695,0,1782360565.4582102,0.0021255016326904297
161979,normal,2981,0,1782360565.4602983,0.0020880699157714844
161980,normal,90,0,1782360565.4620502,0.0017518997192382812
161981,normal,1202,0,1782360565.4640818,0.002031564712524414
161982,normal,2194,0,1782360565.466922,0.002840280532836914
161983,normal,3318,1,1782360565.4683046,0.001382589340209961
161984,normal,1160,0,1782360565.4701507,0.0018460750579833984
161985,normal,3516,0,1782360565.4721882,0.002037525177001953
161986,normal,2147,0,1782360565.4741194,0.0019311904907226562
161987,normal,2851,0,1782360565.4762065,0.002087116241455078
161988,normal,1592,0,1782360565.478179,0.0019724369049072266
161989,normal,1344,1,1782360565.4800766,0.001897573471069336
161990,normal,2902,0,1782360565.482575,0.0024983882904052734
161991,normal,2042,0,1782360565.4844437,0.0018687248229980469
161992,normal,1637,0,1782360565.4869967,0.0025529861450195312
161993,normal,3224,1,1782360565.4882252,0.0012285709381103516
161994,normal,2593,0,1782360565.4900656,0.001840353012084961
161995,normal,1073,0,1782360565.4921234,0.002057790756225586
161996,normal,2491,0,1782360565.4943182,0.0021948814392089844
161997,normal,2602,0,1782360565.4961355,0.0018172264099121094
161998,normal,1577,0,1782360565.49811,0.0019745826721191406
161999,normal,255,0,1782360565.5001216,0.002011537551879883
162000,normal,2478,0,1782360565.5022464,0.002124786376953125
162001,normal,327,0,1782360565.50411,0.001863718032836914
162002,normal,1891,0,1782360565.5060923,0.0019822120666503906
162003,normal,1432,0,1782360565.5081897,0.0020973682403564453
162004,normal,1271,0,1782360565.5101347,0.0019450187683105469
162005,normal,1881,0,1782360565.5121953,0.0020606517791748047
162006,normal,1364,1,1782360565.5143394,0.0021440982818603516
162007,normal,331,0,1782360565.5163474,0.0020079612731933594
162008,normal,3688,0,1782360565.5183902,0.0020427703857421875
162009,normal,2217,0,1782360565.5201013,0.001711130142211914
162010,normal,340,0,1782360565.5221176,0.002016305923461914
162011,normal,2572,0,1782360565.5240743,0.0019567012786865234
162012,normal,3702,0,1782360565.5262034,0.002129077911376953
162013,normal,1714,0,1782360565.5281148,0.0019114017486572266
162014,normal,452,0,1782360565.5301461,0.0020313262939453125
162015,normal,1766,0,1782360565.5323658,0.002219676971435547
162016,normal,1052,0,1782360565.5341115,0.0017457008361816406
162017,normal,2322,0,1782360565.5360692,0.0019576549530029297
162018,normal,76,0,1782360565.5380948,0.002025604248046875
162019,normal,1187,0,1782360565.5400445,0.0019497871398925781
162020,normal,635,0,1782360565.542062,0.002017498016357422
162021,normal,1814,0,1782360565.5442147,0.002152681350708008
162022,normal,349,0,1782360565.546232,0.0020172595977783203
162023,normal,120,0,1782360565.548252,0.002020120620727539
162024,normal,2182,0,1782360565.5501223,0.0018701553344726562
162025,normal,2545,0,1782360565.5521255,0.002003192901611328
162026,normal,1501,0,1782360565.5541124,0.001986980438232422
162027,normal,31,0,1782360565.5560803,0.001967906951904297
162028,normal,1195,0,1782360565.5580459,0.0019655227661132812
162029,normal,2990,0,1782360565.560049,0.002003192901611328
162030,normal,1161,0,1782360565.5620363,0.0019872188568115234
162031,normal,3233,1,1782360565.5640397,0.0020034313201904297
162032,normal,3182,1,1782360565.566064,0.0020241737365722656
162033,normal,1122,0,1782360565.5680807,0.002016782760620117
162034,normal,299,0,1782360565.5701144,0.002033710479736328
162035,normal,1085,0,1782360565.5721636,0.0020492076873779297
162036,normal,1482,0,1782360565.5744083,0.002244710922241211
162037,normal,1215,0,1782360565.576183,0.0017747879028320312
162038,normal,146,0,1782360565.5782077,0.0020246505737304688
162039,normal,822,2,1782360565.580104,0.0018963813781738281
162040,normal,3604,0,1782360565.5821316,0.0020275115966796875
162041,normal,2711,0,1782360565.5841208,0.001989126205444336
162042,normal,2148,0,1782360565.5861804,0.0020596981048583984
162043,normal,781,2,1782360565.5880299,0.0018494129180908203
162044,normal,3123,1,1782360565.590036,0.002006053924560547
162045,normal,248,0,1782360565.5920763,0.002040386199951172
162046,normal,1606,0,1782360565.5940447,0.0019683837890625
162047,normal,652,0,1782360565.5961144,0.002069711685180664
162048,normal,358,0,1782360565.5982668,0.0021524429321289062
162049,normal,1956,0,1782360565.6001053,0.0018384456634521484
162050,normal,1356,1,1782360565.6021678,0.002062559127807617
162051,normal,1873,0,1782360565.6042953,0.002127408981323242
162052,normal,3463,0,1782360565.606036,0.0017406940460205078
162053,normal,60,0,1782360565.6080964,0.002060413360595703
162054,normal,3589,0,1782360565.6107476,0.002651214599609375
162055,normal,3099,1,1782360565.6128802,0.0021326541900634766
162056,normal,2612,0,1782360565.6143842,0.0015039443969726562
162057,normal,303,0,1782360565.6160665,0.001682281494140625
162058,normal,536,0,1782360565.6180568,0.0019903182983398438
162059,normal,3695,0,1782360565.6200554,0.0019986629486083984
162060,normal,95,0,1782360565.6220737,0.0020182132720947266
162061,normal,2691,0,1782360565.6240191,0.00194549560546875
162062,normal,2523,0,1782360565.626266,0.002246856689453125
162063,normal,2956,0,1782360565.628277,0.0020110607147216797
162064,normal,2584,0,1782360565.63006,0.0017828941345214844
162065,normal,126,0,1782360565.63206,0.002000093460083008
162066,normal,3434,0,1782360565.6340601,0.002000093460083008
162067,normal,641,0,1782360565.6360195,0.0019593238830566406
162068,normal,484,0,1782360565.6380415,0.0020220279693603516
162069,normal,715,0,1782360565.6403785,0.0023369789123535156
162070,normal,480,0,1782360565.6435897,0.0032112598419189453
162071,normal,1994,0,1782360565.644519,0.0009293556213378906
162072,normal,1473,0,1782360565.6463726,0.0018534660339355469
162073,normal,2565,0,1782360565.648205,0.0018324851989746094
162074,normal,1992,0,1782360565.6502383,0.002033233642578125
162075,normal,290,0,1782360565.652212,0.0019736289978027344
162076,normal,824,2,1782360565.6541936,0.0019817352294921875
162077,normal,2290,0,1782360565.656181,0.001987457275390625
162078,normal,3062,1,1782360565.658888,0.0027070045471191406
162079,normal,3204,1,1782360565.660623,0.0017349720001220703
162080,normal,397,0,1782360565.6622615,0.0016384124755859375
162081,normal,171,0,1782360565.664116,0.0018544197082519531
162082,normal,1844,0,1782360565.6664333,0.0023174285888671875
162083,normal,3690,0,1782360565.6687133,0.002279996871948242
162084,normal,520,0,1782360565.6701465,0.0014331340789794922
162085,normal,849,2,1782360565.6720195,0.001873016357421875
162086,normal,2878,0,1782360565.6745236,0.002504110336303711
162087,normal,1948,0,1782360565.676366,0.001842498779296875
162088,normal,1247,0,1782360565.6781754,0.0018093585968017578
162089,normal,813,2,1782360565.680267,0.002091646194458008
162090,normal,157,0,1782360565.6822104,0.001943349838256836
162091,normal,2193,0,1782360565.684207,0.0019965171813964844
162092,normal,1938,0,1782360565.6862109,0.002003908157348633
162093,normal,1437,0,1782360565.6880865,0.0018756389617919922
162094,normal,2272,0,1782360565.690526,0.0024394989013671875
162095,normal,1767,0,1782360565.692368,0.0018420219421386719
162096,normal,851,2,1782360565.6942298,0.0018618106842041016
162097,normal,3240,1,1782360565.6961424,0.0019125938415527344
162098,normal,3337,1,1782360565.6983736,0.002231121063232422
162099,normal,2829,0,1782360565.700534,0.0021605491638183594
162100,normal,3303,1,1782360565.7021449,0.0016107559204101562
162101,normal,1404,0,1782360565.7041006,0.001955747604370117
162102,normal,472,0,1782360565.706126,0.0020253658294677734
162103,normal,702,0,1782360565.708188,0.002062082290649414
162104,normal,3060,1,1782360565.7102094,0.002021312713623047
162105,normal,3659,0,1782360565.712123,0.0019135475158691406
162106,normal,1865,0,1782360565.7141707,0.0020477771759033203
162107,normal,1909,0,1782360565.7160776,0.0019068717956542969
162108,normal,1599,0,1782360565.7181144,0.0020368099212646484
162109,normal,424,0,1782360565.7201667,0.00205230712890625
162110,normal,772,2,1782360565.7221699,0.002003192901611328
162111,normal,1512,0,1782360565.7241828,0.002012968063354492
162112,normal,2319,0,1782360565.7265012,0.0023183822631835938
162113,normal,806,2,1782360565.7281885,0.0016872882843017578
162114,normal,1558,0,1782360565.7301276,0.0019390583038330078
162115,normal,84,0,1782360565.7321312,0.0020036697387695312
162116,normal,2785,0,1782360565.734149,0.0020177364349365234
162117,normal,3521,0,1782360565.73615,0.002001047134399414
162118,normal,509,0,1782360565.7381265,0.001976490020751953
162119,normal,1877,0,1782360565.7400703,0.001943826675415039
162120,normal,634,0,1782360565.7420483,0.0019779205322265625
162121,normal,1331,1,1782360565.744113,0.0020647048950195312
162122,normal,1787,0,1782360565.746146,0.0020329952239990234
162123,normal,1372,1,1782360565.7481525,0.00200653076171875
162124,normal,1285,0,1782360565.750258,0.0021054744720458984
162125,normal,2756,0,1782360565.7521074,0.0018494129180908203
162126,normal,1152,0,1782360565.754096,0.001988649368286133
162127,normal,2525,0,1782360565.7560844,0.0019884109497070312
162128,normal,1790,0,1782360565.7581134,0.002028942108154297
162129,normal,2460,0,1782360565.7601612,0.0020477771759033203
162130,normal,1712,0,1782360565.7620406,0.0018794536590576172
162131,normal,3301,1,1782360565.764033,0.001992464065551758
162132,normal,2833,0,1782360565.766025,0.0019919872283935547
162133,normal,1427,0,1782360565.7681198,0.002094745635986328
162134,normal,1326,1,1782360565.7701735,0.0020537376403808594
162135,normal,58,0,1782360565.7720873,0.0019137859344482422
162136,normal,3105,1,1782360565.7742205,0.0021331310272216797
162137,normal,2282,0,1782360565.7763417,0.0021212100982666016
162138,normal,2072,0,1782360565.7782867,0.0019450187683105469
162139,normal,2362,0,1782360565.7803185,0.0020318031311035156
162140,normal,1380,1,1782360565.7822165,0.001898050308227539
162141,normal,1418,0,1782360565.7842672,0.002050638198852539
162142,normal,158,0,1782360565.7865906,0.0023233890533447266
162143,normal,1863,0,1782360565.7882516,0.001661062240600586
162144,normal,106,0,1782360565.7900984,0.0018467903137207031
162145,normal,52,0,1782360565.792116,0.002017498016357422
162146,normal,3050,1,1782360565.7940462,0.00193023681640625
162147,normal,420,0,1782360565.796045,0.0019989013671875
162148,normal,1382,0,1782360565.7981431,0.00209808349609375
162149,normal,2177,0,1782360565.8002775,0.0021343231201171875
162150,normal,2879,0,1782360565.8024583,0.002180814743041992
162151,normal,184,0,1782360565.8041553,0.0016970634460449219
162152,normal,2954,0,1782360565.8062537,0.0020983219146728516
162153,normal,1570,0,1782360565.8082943,0.0020406246185302734
162154,normal,1544,0,1782360565.8102076,0.001913309097290039
162155,normal,2854,0,1782360565.8122404,0.002032756805419922
162156,normal,1155,0,1782360565.8143008,0.002060413360595703
162157,normal,2386,0,1782360565.8161745,0.0018737316131591797
162158,normal,3347,1,1782360565.8193045,0.0031299591064453125
162159,normal,3415,0,1782360565.8207862,0.001481771469116211
162160,normal,1487,0,1782360565.822222,0.0014357566833496094
162161,normal,2860,0,1782360565.824223,0.002001047134399414
162162,normal,3481,0,1782360565.8262084,0.001985311508178711
162163,normal,2791,0,1782360565.828105,0.0018966197967529297
162164,normal,1661,0,1782360565.8302133,0.002108335494995117
162165,normal,778,2,1782360565.8323262,0.002112865447998047
162166,normal,534,0,1782360565.8344269,0.002100706100463867
162167,normal,2453,0,1782360565.8362827,0.0018558502197265625
162168,normal,815,2,1782360565.8381948,0.0019121170043945312
162169,normal,346,0,1782360565.840216,0.0020210742950439453
162170,normal,396,0,1782360565.8421025,0.001886606216430664
162171,normal,3266,1,1782360565.844537,0.0024344921112060547
162172,normal,2101,0,1782360565.8463793,0.0018422603607177734
162173,normal,428,0,1782360565.8482435,0.0018641948699951172
162174,normal,1434,0,1782360565.850287,0.002043485641479492
162175,normal,398,0,1782360565.8521566,0.0018696784973144531
162176,normal,2462,0,1782360565.854259,0.002102375030517578
162177,normal,2904,0,1782360565.8563128,0.0020537376403808594
162178,normal,1426,0,1782360565.858733,0.002420186996459961
162179,normal,3359,1,1782360565.8614588,0.002725839614868164
162180,normal,2044,0,1782360565.862527,0.001068115234375
162181,normal,2214,0,1782360565.8641741,0.0016472339630126953
162182,normal,18,0,1782360565.8663313,0.0021572113037109375
162183,normal,1678,0,1782360565.8682985,0.001967191696166992
162184,normal,1549,0,1782360565.870215,0.0019164085388183594
162185,normal,3285,1,1782360565.8723168,0.002101898193359375
162186,normal,1103,0,1782360565.874297,0.0019800662994384766
162187,normal,3005,0,1782360565.8772655,0.0029685497283935547
162188,normal,839,2,1782360565.8785863,0.0013208389282226562
162189,normal,2233,0,1782360565.8802774,0.0016911029815673828
162190,normal,3104,1,1782360565.8829596,0.002682209014892578
162191,normal,3361,1,1782360565.8847327,0.0017731189727783203
162192,normal,876,2,1782360565.8865306,0.0017979145050048828
162193,normal,2784,0,1782360565.8885195,0.0019888877868652344
162194,normal,2539,0,1782360565.8904967,0.001977205276489258
162195,normal,3544,0,1782360565.8930717,0.002574920654296875
162196,normal,2172,0,1782360565.8946385,0.0015668869018554688
162197,normal,285,0,1782360565.8963876,0.0017490386962890625
162198,normal,3699,0,1782360565.8983653,0.001977682113647461
162199,normal,1393,0,1782360565.9001756,0.001810312271118164
162200,normal,418,0,1782360565.902459,0.002283334732055664
162201,normal,3019,0,1782360565.9046993,0.002240419387817383
162202,normal,3664,0,1782360565.906191,0.0014917850494384766
162203,normal,3414,0,1782360565.9084613,0.002270221710205078
162204,normal,2761,0,1782360565.9102206,0.0017592906951904297
162205,normal,2916,0,1782360565.9121182,0.001897573471069336
162206,normal,1847,0,1782360565.914119,0.0020008087158203125
162207,normal,1250,0,1782360565.916209,0.002089977264404297
162208,normal,284,0,1782360565.9181244,0.0019154548645019531
162209,normal,79,0,1782360565.92031,0.0021855831146240234
162210,normal,3671,0,1782360565.9223104,0.0020003318786621094
162211,normal,3383,1,1782360565.924238,0.0019276142120361328
162212,normal,151,0,1782360565.9263327,0.002094745635986328
162213,normal,2353,0,1782360565.9285302,0.0021975040435791016
162214,normal,833,2,1782360565.9302185,0.001688241958618164
162215,normal,1050,0,1782360565.9323375,0.0021190643310546875
162216,normal,1839,0,1782360565.934368,0.0020303726196289062
162217,normal,1625,0,1782360565.9361122,0.0017442703247070312
162218,normal,3258,1,1782360565.9382765,0.0021643638610839844
162219,normal,1842,0,1782360565.9403298,0.0020532608032226562
162220,normal,1245,0,1782360565.9422307,0.0019009113311767578
162221,normal,2028,0,1782360565.944411,0.002180337905883789
162222,normal,392,0,1782360565.9462342,0.0018231868743896484
162223,normal,274,0,1782360565.948116,0.0018818378448486328
162224,normal,2346,0,1782360565.9503148,0.0021986961364746094
162225,normal,2311,0,1782360565.9522078,0.0018930435180664062
162226,normal,1737,0,1782360565.9541507,0.0019428730010986328
162227,normal,1846,0,1782360565.9561365,0.001985788345336914
162228,normal,2670,0,1782360565.958243,0.0021064281463623047
162229,normal,1630,0,1782360565.9602509,0.0020079612731933594
162230,normal,1603,0,1782360565.9623334,0.0020825862884521484
162231,normal,2201,0,1782360565.9642057,0.0018723011016845703
162232,normal,359,0,1782360565.9660537,0.001847982406616211
162233,normal,673,0,1782360565.9680755,0.00202178955078125
162234,normal,2489,0,1782360565.9701807,0.002105236053466797
162235,normal,1014,2,1782360565.972048,0.0018672943115234375
162236,normal,3519,0,1782360565.9742887,0.0022406578063964844
162237,normal,599,0,1782360565.9761252,0.001836538314819336
162238,normal,1130,0,1782360565.9780445,0.0019192695617675781
162239,normal,2566,0,1782360565.9802282,0.002183675765991211
162240,normal,409,0,1782360565.9822323,0.0020041465759277344
162241,normal,2871,0,1782360565.9843543,0.0021219253540039062
162242,normal,2641,0,1782360565.9863756,0.002021312713623047
162243,normal,2293,0,1782360565.9884055,0.002029895782470703
162244,normal,3451,0,1782360565.9901593,0.0017538070678710938
162245,normal,411,0,1782360565.9922454,0.002086162567138672
162246,normal,2355,0,1782360565.9941635,0.0019180774688720703
162247,normal,1403,0,1782360565.9961686,0.0020051002502441406
162248,normal,2145,0,1782360565.9980848,0.0019161701202392578
162249,normal,3462,0,1782360566.0001912,0.0021064281463623047
162250,normal,1571,0,1782360566.0022516,0.002060413360595703
162251,normal,3555,0,1782360566.0042686,0.0020170211791992188
162252,normal,3162,1,1782360566.0062342,0.0019655227661132812
162253,normal,2508,0,1782360566.0080943,0.0018601417541503906
162254,normal,2248,0,1782360566.0102127,0.002118349075317383
162255,normal,1032,0,1782360566.012288,0.0020754337310791016
162256,normal,1472,0,1782360566.0143535,0.002065420150756836
162257,normal,529,0,1782360566.0160964,0.0017428398132324219
162258,normal,1840,0,1782360566.0183198,0.002223491668701172
162259,normal,1105,0,1782360566.0203557,0.002035856246948242
162260,normal,3000,0,1782360566.0222752,0.0019195079803466797
162261,normal,1503,0,1782360566.024329,0.0020537376403808594
162262,normal,3611,0,1782360566.0261815,0.0018525123596191406
162263,normal,1098,0,1782360566.0281398,0.0019583702087402344
162264,normal,1010,2,1782360566.0304315,0.0022916793823242188
162265,normal,2925,0,1782360566.032333,0.001901388168334961
162266,normal,2795,0,1782360566.0344093,0.002076387405395508
162267,normal,3356,1,1782360566.036187,0.00177764892578125
162268,normal,2414,0,1782360566.0384893,0.002302408218383789
162269,normal,3011,0,1782360566.040439,0.0019495487213134766
162270,normal,1413,0,1782360566.042212,0.0017731189727783203
162271,normal,881,2,1782360566.0441203,0.0019083023071289062
162272,normal,2639,0,1782360566.0461664,0.0020461082458496094
162273,normal,2522,0,1782360566.0485706,0.0024042129516601562
162274,normal,1390,0,1782360566.050156,0.0015854835510253906
162275,normal,721,0,1782360566.052508,0.002351999282836914
162276,normal,2748,0,1782360566.0541778,0.0016696453094482422
162277,normal,1995,0,1782360566.0561264,0.0019485950469970703
162278,normal,163,0,1782360566.058239,0.0021126270294189453
162279,normal,3081,1,1782360566.0602226,0.001983642578125
162280,normal,653,0,1782360566.062105,0.001882314682006836
162281,normal,3066,1,1782360566.0647533,0.0026483535766601562
162282,normal,3197,1,1782360566.0663943,0.0016410350799560547
162283,normal,332,0,1782360566.068125,0.0017306804656982422
162284,normal,947,2,1782360566.0701578,0.002032756805419922
162285,normal,2199,0,1782360566.0722246,0.0020668506622314453
162286,normal,1808,0,1782360566.0740826,0.0018579959869384766
162287,normal,2399,0,1782360566.0763583,0.002275705337524414
162288,normal,1031,0,1782360566.078266,0.0019075870513916016
162289,normal,1378,1,1782360566.0805461,0.0022802352905273438
162290,normal,2868,0,1782360566.0824103,0.0018641948699951172
162291,normal,2915,0,1782360566.0841641,0.0017538070678710938
162292,normal,282,0,1782360566.0861857,0.0020215511322021484
162293,normal,898,2,1782360566.0882325,0.002046823501586914
162294,normal,2809,0,1782360566.0903676,0.002135038375854492
162295,normal,3390,1,1782360566.0921502,0.0017826557159423828
162296,normal,1750,0,1782360566.094215,0.0020647048950195312
162297,normal,2415,0,1782360566.0966368,0.002421855926513672
162298,normal,1181,0,1782360566.0982325,0.0015957355499267578
162299,normal,268,0,1782360566.1002605,0.0020279884338378906
162300,normal,1377,1,1782360566.1023486,0.0020880699157714844
162301,normal,3343,1,1782360566.104582,0.0022335052490234375
162302,normal,1143,0,1782360566.106244,0.0016620159149169922
162303,normal,1832,0,1782360566.1081948,0.0019507408142089844
162304,normal,3498,0,1782360566.110079,0.0018842220306396484
162305,normal,169,0,1782360566.112224,0.002145051956176758
162306,normal,1644,0,1782360566.1141126,0.0018885135650634766
162307,normal,2052,0,1782360566.1161194,0.0020067691802978516
162308,normal,2567,0,1782360566.1181273,0.0020079612731933594
162309,normal,1888,0,1782360566.1205053,0.0023779869079589844
162310,normal,2021,0,1782360566.1221607,0.0016553401947021484
162311,normal,3001,0,1782360566.1242745,0.002113819122314453
162312,normal,3329,1,1782360566.1264396,0.002165079116821289
162313,normal,1671,0,1782360566.1282334,0.0017938613891601562
162314,normal,2292,0,1782360566.1304474,0.0022139549255371094
162315,normal,563,0,1782360566.132394,0.0019466876983642578
162316,normal,2656,0,1782360566.1340456,0.0016515254974365234
162317,normal,1698,0,1782360566.1363556,0.002310037612915039
162318,normal,2161,0,1782360566.1383579,0.002002239227294922
162319,normal,2900,0,1782360566.1402662,0.0019083023071289062
162320,normal,2223,0,1782360566.1424189,0.002152681350708008
162321,normal,3120,1,1782360566.144354,0.0019352436065673828
162322,normal,907,2,1782360600.8900485,0.0
162323,normal,3548,0,1782360600.8920548,0.0020062923431396484
162324,normal,329,0,1782360600.8941061,0.0020513534545898438
162325,normal,2751,0,1782360600.8960814,0.0019752979278564453
162326,normal,2549,0,1782360600.8982468,0.0021653175354003906
162327,normal,2747,0,1782360600.9000921,0.0018453598022460938
162328,normal,1170,0,1782360600.9023786,0.0022864341735839844
162329,normal,3085,1,1782360600.904171,0.0017924308776855469
162330,normal,2396,0,1782360600.9063334,0.002162456512451172
162331,normal,3093,1,1782360600.908032,0.0016984939575195312
162332,normal,2708,0,1782360600.9104211,0.002389192581176758
162333,normal,30,0,1782360600.9121866,0.0017654895782470703
162334,normal,821,2,1782360600.9143384,0.0021517276763916016
162335,normal,1124,0,1782360600.916138,0.0017995834350585938
162336,normal,51,0,1782360600.9183135,0.002175569534301758
162337,normal,1346,1,1782360600.9201467,0.001833200454711914
162338,normal,947,2,1782360600.9223874,0.0022406578063964844
162339,normal,1385,0,1782360600.9241068,0.0017194747924804688
162340,normal,2266,0,1782360600.926116,0.002009153366088867
162341,normal,3064,1,1782360600.9282813,0.0021653175354003906
162342,normal,1532,0,1782360600.9302611,0.001979827880859375
162343,normal,2240,0,1782360600.9321005,0.0018393993377685547
162344,normal,1615,0,1782360600.9342072,0.0021066665649414062
162345,normal,2063,0,1782360600.9361703,0.0019631385803222656
162346,normal,2983,0,1782360600.938202,0.002031564712524414
162347,normal,1999,0,1782360600.9402719,0.0020699501037597656
162348,normal,3146,1,1782360600.942157,0.0018851757049560547
162349,normal,868,2,1782360600.9442804,0.0021233558654785156
162350,normal,1908,0,1782360600.9460557,0.0017752647399902344
162351,normal,3586,0,1782360600.9482756,0.0022199153900146484
162352,normal,590,0,1782360600.9501126,0.001837015151977539
162353,normal,3626,0,1782360600.9523842,0.0022716522216796875
162354,normal,669,0,1782360600.9542525,0.0018682479858398438
162355,normal,3313,1,1782360600.9561133,0.0018608570098876953
162356,normal,3350,1,1782360600.9583688,0.0022554397583007812
162357,normal,2000,0,1782360600.9602659,0.0018970966339111328
162358,normal,865,2,1782360600.9621136,0.0018477439880371094
162359,normal,1944,0,1782360600.964272,0.0021584033966064453
162360,normal,1104,0,1782360600.9662702,0.0019981861114501953
162361,normal,3444,0,1782360600.9681149,0.001844644546508789
162362,normal,3466,0,1782360600.9703677,0.002252817153930664
162363,normal,476,0,1782360600.9722548,0.0018870830535888672
162364,normal,195,0,1782360600.974113,0.0018582344055175781
162365,normal,1371,1,1782360600.9762714,0.0021584033966064453
162366,normal,2324,0,1782360600.978285,0.002013683319091797
162367,normal,2472,0,1782360600.9801157,0.0018305778503417969
162368,normal,1223,0,1782360600.9823687,0.0022530555725097656
162369,normal,2924,0,1782360600.984278,0.0019092559814453125
162370,normal,2777,0,1782360600.986113,0.0018351078033447266
162371,normal,3664,0,1782360600.9883683,0.0022552013397216797
162372,normal,1049,0,1782360600.9903922,0.002023935317993164
162373,normal,619,0,1782360600.9921181,0.001725912094116211
162374,normal,3310,1,1782360600.9943929,0.002274751663208008
162375,normal,3283,1,1782360600.9962828,0.001889944076538086
162376,normal,2133,0,1782360600.998114,0.0018312931060791016
162377,normal,1588,0,1782360601.000371,0.0022568702697753906
162378,normal,2150,0,1782360601.0022755,0.0019044876098632812
162379,normal,2559,0,1782360601.0041149,0.0018393993377685547
162380,normal,527,0,1782360601.0063713,0.0022563934326171875
162381,normal,1736,0,1782360601.008286,0.0019147396087646484
162382,normal,349,0,1782360601.010113,0.0018270015716552734
162383,normal,2841,0,1782360601.0124197,0.002306699752807617
162384,normal,2984,0,1782360601.014323,0.0019032955169677734
162385,normal,2021,0,1782360601.016117,0.0017940998077392578
162386,normal,15,0,1782360601.018367,0.0022499561309814453
162387,normal,3212,1,1782360601.0200963,0.0017292499542236328
162388,normal,2668,0,1782360601.0220778,0.001981496810913086
162389,normal,1076,0,1782360601.0242414,0.0021636486053466797
162390,normal,1851,0,1782360601.026096,0.0018546581268310547
162391,normal,1524,0,1782360601.0281193,0.0020232200622558594
162392,normal,699,0,1782360601.0304275,0.0023081302642822266
162393,normal,1368,1,1782360601.0324042,0.0019767284393310547
162394,normal,58,0,1782360601.0341434,0.0017392635345458984
162395,normal,950,2,1782360601.0364165,0.002273082733154297
162396,normal,2352,0,1782360601.0383308,0.0019142627716064453
162397,normal,1185,0,1782360601.0401409,0.0018100738525390625
162398,normal,1930,0,1782360601.0424178,0.002276897430419922
162399,normal,3431,0,1782360601.0443347,0.0019168853759765625
162400,normal,2182,0,1782360601.046137,0.0018024444580078125
162401,normal,112,0,1782360601.048417,0.002279996871948242
162402,normal,3506,0,1782360601.050344,0.0019268989562988281
162403,normal,1090,0,1782360601.052141,0.0017969608306884766
162404,normal,863,2,1782360601.0544171,0.002276182174682617
162405,normal,2774,0,1782360601.05634,0.0019228458404541016
162406,normal,1705,0,1782360601.0581439,0.0018038749694824219
162407,normal,2246,0,1782360601.060412,0.002268075942993164
162408,normal,549,0,1782360601.0623446,0.0019326210021972656
162409,normal,1197,0,1782360601.0641477,0.0018031597137451172
162410,normal,3021,0,1782360601.066421,0.0022733211517333984
162411,normal,2572,0,1782360601.0683782,0.0019571781158447266
162412,normal,1538,0,1782360601.07017,0.0017917156219482422
162413,normal,1426,0,1782360601.072274,0.002104043960571289
162414,normal,3008,0,1782360601.0744221,0.002148151397705078
162415,normal,1555,0,1782360601.0761707,0.0017485618591308594
162416,normal,1067,0,1782360601.078144,0.001973390579223633
162417,normal,1679,0,1782360601.0804205,0.0022764205932617188
162418,normal,1383,0,1782360601.0821455,0.0017249584197998047
162419,normal,878,2,1782360601.0844123,0.0022668838500976562
162420,normal,531,0,1782360601.086352,0.0019397735595703125
162421,normal,3652,0,1782360601.0881443,0.0017921924591064453
162422,normal,2148,0,1782360601.0904157,0.002271413803100586
162423,normal,3311,1,1782360601.0922213,0.0018055438995361328
162424,normal,356,0,1782360601.0941505,0.0019292831420898438
162425,normal,1230,0,1782360601.0962634,0.002112865447998047
162426,normal,656,0,1782360601.098535,0.0022716522216796875
162427,normal,2045,0,1782360601.100143,0.0016078948974609375
162428,normal,1853,0,1782360601.1024065,0.0022635459899902344
162429,normal,3012,0,1782360601.1043596,0.001953125
162430,normal,1133,0,1782360601.1062856,0.0019259452819824219
162431,normal,2723,0,1782360601.1082802,0.001994609832763672
162432,normal,1470,0,1782360601.1104124,0.0021321773529052734
162433,normal,1507,0,1782360601.1121378,0.0017254352569580078
162434,normal,3441,0,1782360601.1144173,0.002279520034790039
162435,normal,1774,0,1782360601.1163633,0.0019459724426269531
162436,normal,128,0,1782360601.1181548,0.0017914772033691406
162437,normal,2584,0,1782360601.1204486,0.002293825149536133
162438,normal,2624,0,1782360601.1222656,0.0018169879913330078
162439,normal,1511,0,1782360601.1241403,0.001874685287475586
162440,normal,3026,0,1782360601.1264048,0.0022644996643066406
162441,normal,3499,0,1782360601.1283689,0.001964092254638672
162442,normal,598,0,1782360601.1301377,0.0017688274383544922
162443,normal,1023,2,1782360601.1324077,0.0022699832916259766
162444,normal,1790,0,1782360601.1343691,0.0019614696502685547
162445,normal,272,0,1782360601.136139,0.0017697811126708984
162446,normal,560,0,1782360601.138405,0.0022661685943603516
162447,normal,397,0,1782360601.140346,0.0019409656524658203
162448,normal,3245,1,1782360601.142139,0.00179290771484375
162449,normal,795,2,1782360601.14441,0.002270936965942383
162450,normal,1655,0,1782360601.146247,0.001837015151977539
162451,normal,470,0,1782360601.148101,0.0018541812896728516
162452,normal,2252,0,1782360601.1503425,0.002241373062133789
162453,normal,3165,1,1782360601.1522496,0.0019071102142333984
162454,normal,3651,0,1782360601.154107,0.0018575191497802734
162455,normal,1662,0,1782360601.1563442,0.002237081527709961
162456,normal,1868,0,1782360601.1581504,0.0018062591552734375
162457,normal,2672,0,1782360601.1601074,0.001956939697265625
162458,normal,2466,0,1782360601.162276,0.0021686553955078125
162459,normal,1485,0,1782360601.1641529,0.0018768310546875
162460,normal,2454,0,1782360601.1660986,0.0019457340240478516
162461,normal,1428,0,1782360601.1682749,0.0021762847900390625
162462,normal,514,0,1782360601.1701562,0.0018813610076904297
162463,normal,2724,0,1782360601.172112,0.001955747604370117
162464,normal,3612,0,1782360601.1742842,0.002172231674194336
162465,normal,3635,0,1782360601.1761591,0.0018749237060546875
162466,normal,671,0,1782360601.1780977,0.0019385814666748047
162467,normal,518,0,1782360601.1802766,0.0021789073944091797
162468,normal,1266,0,1782360601.1821616,0.0018849372863769531
162469,normal,2286,0,1782360601.184098,0.0019364356994628906
162470,normal,981,2,1782360601.1862855,0.002187490463256836
162471,normal,115,0,1782360601.1881633,0.0018777847290039062
162472,normal,2374,0,1782360601.1909657,0.0028023719787597656
162473,normal,2112,0,1782360601.1921163,0.0011506080627441406
162474,normal,2808,0,1782360601.1942365,0.0021202564239501953
162475,normal,2554,0,1782360601.196127,0.001890420913696289
162476,normal,2964,0,1782360601.198278,0.002151012420654297
162477,normal,2493,0,1782360601.2001271,0.0018491744995117188
162478,normal,3669,0,1782360601.202241,0.002113819122314453
162479,normal,1684,0,1782360601.2040977,0.0018568038940429688
162480,normal,2119,0,1782360601.2063348,0.002237081527709961
162481,normal,2413,0,1782360601.2080789,0.0017440319061279297
162482,normal,2262,0,1782360601.2103436,0.002264738082885742
162483,normal,31,0,1782360601.2121835,0.0018398761749267578
162484,normal,750,0,1782360601.214099,0.0019154548645019531
162485,normal,2908,0,1782360601.2162778,0.0021789073944091797
162486,normal,275,0,1782360601.2181756,0.0018978118896484375
162487,normal,1475,0,1782360601.220099,0.0019233226776123047
162488,normal,2611,0,1782360601.2222786,0.0021796226501464844
162489,normal,177,0,1782360601.224179,0.0019004344940185547
162490,normal,513,0,1782360601.2260993,0.0019202232360839844
162491,normal,679,0,1782360601.228278,0.002178668975830078
162492,normal,3460,0,1782360601.230181,0.0019030570983886719
162493,normal,2973,0,1782360601.232099,0.0019180774688720703
162494,normal,1246,0,1782360601.2342782,0.0021791458129882812
162495,normal,1902,0,1782360601.236183,0.0019047260284423828
162496,normal,536,0,1782360601.2381003,0.0019173622131347656
162497,normal,3567,0,1782360601.240279,0.002178668975830078
162498,normal,1148,0,1782360601.2421873,0.0019083023071289062
162499,normal,2014,0,1782360601.2440991,0.0019118785858154297
162500,normal,3335,1,1782360601.246299,0.002199888229370117
162501,normal,1945,0,1782360601.2481883,0.0018892288208007812
162502,normal,957,2,1782360601.2501,0.0019116401672363281
162503,normal,469,0,1782360601.252281,0.0021810531616210938
162504,normal,3702,0,1782360601.2541914,0.0019104480743408203
162505,normal,2277,0,1782360601.2560992,0.0019078254699707031
162506,normal,892,2,1782360601.2582815,0.0021822452545166016
162507,normal,2201,0,1782360601.2601933,0.0019118785858154297
162508,normal,301,0,1782360601.2621002,0.0019068717956542969
162509,normal,3198,1,1782360601.264286,0.002185821533203125
162510,normal,815,2,1782360601.2661963,0.0019102096557617188
162511,normal,938,2,1782360601.2680988,0.0019025802612304688
162512,normal,565,0,1782360601.27028,0.0021810531616210938
162513,normal,1128,0,1782360601.2722003,0.001920461654663086
162514,normal,807,2,1782360601.2740993,0.0018990039825439453
162515,normal,876,2,1782360601.2762775,0.002178192138671875
162516,normal,1083,0,1782360601.2781985,0.001920938491821289
162517,normal,3138,1,1782360601.280099,0.0019004344940185547
162518,normal,1313,0,1782360601.2822895,0.0021905899047851562
162519,normal,3068,1,1782360601.2842035,0.0019140243530273438
162520,normal,1609,0,1782360601.2860992,0.0018956661224365234
162521,normal,1756,0,1782360601.2882862,0.002187013626098633
162522,normal,1847,0,1782360601.2902052,0.0019190311431884766
162523,normal,1003,2,1782360601.2921,0.0018947124481201172
162524,normal,2714,0,1782360601.294276,0.002176046371459961
162525,normal,276,0,1782360601.296222,0.0019459724426269531
162526,normal,1982,0,1782360601.2981017,0.0018796920776367188
162527,normal,1929,0,1782360601.3002784,0.0021767616271972656
162528,normal,3214,1,1782360601.3022106,0.0019321441650390625
162529,normal,445,0,1782360601.3041015,0.0018908977508544922
162530,normal,1720,0,1782360601.3062782,0.0021767616271972656
162531,normal,2177,0,1782360601.308214,0.001935720443725586
162532,normal,2076,0,1782360601.3100994,0.0018854141235351562
162533,normal,3287,1,1782360601.3122783,0.0021789073944091797
162534,normal,501,0,1782360601.3142152,0.0019369125366210938
162535,normal,2236,0,1782360601.3161,0.0018846988677978516
162536,normal,1926,0,1782360601.318279,0.0021791458129882812
162537,normal,29,0,1782360601.320219,0.001940011978149414
162538,normal,242,0,1782360601.3221042,0.0018851757049560547
162539,normal,2318,0,1782360601.3242433,0.0021390914916992188
162540,normal,1651,0,1782360601.3261092,0.0018658638000488281
162541,normal,1202,0,1782360601.3281844,0.0020751953125
162542,normal,3340,1,1782360601.330088,0.001903533935546875
162543,normal,3107,1,1782360601.3321245,0.002036571502685547
162544,normal,3701,0,1782360601.334226,0.002101421356201172
162545,normal,643,0,1782360601.3360872,0.0018613338470458984
162546,normal,1935,0,1782360601.338239,0.0021517276763916016
162547,normal,1336,1,1782360601.3400886,0.0018496513366699219
162548,normal,2020,0,1782360601.342247,0.0021584033966064453
162549,normal,3528,0,1782360601.344129,0.0018820762634277344
162550,normal,2415,0,1782360601.3462253,0.0020961761474609375
162551,normal,1701,0,1782360601.3480945,0.00186920166015625
162552,normal,683,0,1782360601.3500671,0.001972675323486328
162553,normal,763,0,1782360601.3520854,0.0020182132720947266
162554,normal,2197,0,1782360601.3540473,0.001961946487426758
162555,normal,1457,0,1782360601.3560715,0.0020241737365722656
162556,normal,845,2,1782360601.3581822,0.002110719680786133
162557,normal,3394,1,1782360601.3600998,0.0019176006317138672
162558,normal,139,0,1782360601.3622065,0.0021066665649414062
162559,normal,1029,2,1782360601.3640919,0.0018854141235351562
162560,normal,782,2,1782360601.3662066,0.0021147727966308594
162561,normal,3667,0,1782360601.3683345,0.0021278858184814453
162562,normal,3692,0,1782360601.370096,0.0017614364624023438
162563,normal,1709,0,1782360601.3722408,0.0021448135375976562
162564,normal,2631,0,1782360601.3741982,0.001957416534423828
162565,normal,1508,0,1782360601.3760884,0.0018901824951171875
162566,normal,2282,0,1782360601.378315,0.002226591110229492
162567,normal,3114,1,1782360601.3802102,0.0018951892852783203
162568,normal,848,2,1782360601.3820915,0.0018813610076904297
162569,normal,3030,0,1782360601.3843157,0.0022242069244384766
162570,normal,3089,1,1782360601.3862207,0.0019049644470214844
162571,normal,3274,1,1782360601.3880882,0.001867532730102539
162572,normal,1839,0,1782360601.390302,0.002213716506958008
162573,normal,1512,0,1782360601.3922505,0.0019485950469970703
162574,normal,532,0,1782360601.3940575,0.0018069744110107422
162575,normal,1698,0,1782360601.3961768,0.002119302749633789
162576,normal,110,0,1782360601.398405,0.002228260040283203
162577,normal,3304,1,1782360601.4000967,0.001691579818725586
162578,normal,3124,1,1782360601.4022808,0.002184152603149414
162579,normal,639,0,1782360601.4041545,0.0018737316131591797
162580,normal,3351,1,1782360601.406101,0.0019464492797851562
162581,normal,3406,0,1782360601.4081347,0.002033710479736328
162582,normal,1284,0,1782360601.410318,0.002183198928833008
162583,normal,2496,0,1782360601.4120984,0.0017805099487304688
162584,normal,544,0,1782360601.414279,0.0021805763244628906
162585,normal,1729,0,1782360601.4161608,0.0018818378448486328
162586,normal,3574,0,1782360601.4180977,0.0019369125366210938
162587,normal,835,2,1782360601.420293,0.0021953582763671875
162588,normal,3404,0,1782360601.4221213,0.0018281936645507812
162589,normal,417,0,1782360601.424099,0.001977682113647461
162590,normal,1017,2,1782360601.4262705,0.0021715164184570312
162591,normal,121,0,1782360601.4281633,0.0018928050994873047
162592,normal,1424,0,1782360601.4301252,0.001961946487426758
162593,normal,116,0,1782360601.432276,0.0021507740020751953
162594,normal,1490,0,1782360601.4341679,0.0018918514251708984
162595,normal,28,0,1782360601.4360976,0.0019297599792480469
162596,normal,2032,0,1782360601.438275,0.0021774768829345703
162597,normal,2199,0,1782360601.4401698,0.0018947124481201172
162598,normal,2868,0,1782360601.4420972,0.0019273757934570312
162599,normal,3547,0,1782360601.4442773,0.0021800994873046875
162600,normal,2233,0,1782360601.4461718,0.0018944740295410156
162601,normal,805,2,1782360601.4480977,0.0019259452819824219
162602,normal,2524,0,1782360601.4502754,0.002177715301513672
162603,normal,2518,0,1782360601.4521732,0.0018978118896484375
162604,normal,720,0,1782360601.4541001,0.0019268989562988281
162605,normal,2558,0,1782360601.4562752,0.0021750926971435547
162606,normal,989,2,1782360601.4581764,0.0019011497497558594
162607,normal,753,0,1782360601.460098,0.0019216537475585938
162608,normal,832,2,1782360601.4622765,0.0021784305572509766
162609,normal,2062,0,1782360601.464178,0.0019016265869140625
162610,normal,1028,2,1782360601.4660997,0.0019216537475585938
162611,normal,1613,0,1782360601.468276,0.0021762847900390625
162612,normal,702,0,1782360601.4701812,0.001905202865600586
162613,normal,341,0,1782360601.4720967,0.0019154548645019531
162614,normal,1085,0,1782360601.474126,0.0020294189453125
162615,normal,724,0,1782360601.4762745,0.0021483898162841797
162616,normal,1295,0,1782360601.4780982,0.0018236637115478516
162617,normal,9,0,1782360601.4802752,0.002177000045776367
162618,normal,785,2,1782360601.482287,0.0020117759704589844
162619,normal,3592,0,1782360601.4840982,0.0018112659454345703
162620,normal,1738,0,1782360601.486277,0.0021789073944091797
162621,normal,2871,0,1782360601.4881887,0.0019116401672363281
162622,normal,1954,0,1782360601.4900987,0.0019099712371826172
162623,normal,1671,0,1782360601.492277,0.002178192138671875
162624,normal,1146,0,1782360601.4941912,0.0019142627716064453
162625,normal,2576,0,1782360601.4960992,0.0019080638885498047
162626,normal,1070,0,1782360601.4983053,0.002206087112426758
162627,normal,834,2,1782360601.500193,0.0018877983093261719
162628,normal,717,0,1782360601.5020978,0.0019047260284423828
162629,normal,1117,0,1782360601.504276,0.002178192138671875
162630,normal,1276,0,1782360601.5061996,0.0019235610961914062
162631,normal,1164,0,1782360601.5080981,0.0018985271453857422
162632,normal,2193,0,1782360601.5102763,0.002178192138671875
162633,normal,2626,0,1782360601.512199,0.001922607421875
162634,normal,910,2,1782360601.5140991,0.0019001960754394531
162635,normal,568,0,1782360601.516254,0.002154827117919922
162636,normal,2260,0,1782360601.518102,0.001847982406616211
162637,normal,32,0,1782360601.5200777,0.0019757747650146484
162638,normal,3194,1,1782360601.5222583,0.0021805763244628906
162639,normal,3011,0,1782360601.524105,0.0018467903137207031
162640,normal,1447,0,1782360601.5260847,0.0019795894622802734
162641,normal,2412,0,1782360601.5282352,0.0021505355834960938
162642,normal,1158,0,1782360601.5302088,0.0019736289978027344
162643,normal,600,0,1782360601.5320795,0.0018706321716308594
162644,normal,2753,0,1782360601.5344095,0.0023300647735595703
162645,normal,996,2,1782360601.5364163,0.0020067691802978516
162646,normal,1264,0,1782360601.538146,0.001729726791381836
162647,normal,2619,0,1782360601.5404127,0.0022666454315185547
162648,normal,3382,1,1782360601.5423481,0.0019354820251464844
162649,normal,1151,0,1782360601.5441413,0.0017931461334228516
162650,normal,2017,0,1782360601.5464153,0.002274036407470703
162651,normal,366,0,1782360601.5483143,0.0018990039825439453
162652,normal,1766,0,1782360601.5501504,0.0018360614776611328
162653,normal,374,0,1782360601.5524116,0.0022611618041992188
162654,normal,2790,0,1782360601.5543487,0.0019371509552001953
162655,normal,562,0,1782360601.5561402,0.0017914772033691406
162656,normal,2833,0,1782360601.5584137,0.0022735595703125
162657,normal,1830,0,1782360601.5603518,0.0019381046295166016
162658,normal,2269,0,1782360601.5621414,0.0017895698547363281
162659,normal,2906,0,1782360601.564409,0.002267599105834961
162660,normal,3551,0,1782360601.566353,0.0019440650939941406
162661,normal,2209,0,1782360601.5681403,0.0017871856689453125
162662,normal,3034,0,1782360601.570408,0.0022678375244140625
162663,normal,3683,0,1782360601.5723546,0.0019464492797851562
162664,normal,47,0,1782360601.574165,0.0018105506896972656
162665,normal,2555,0,1782360601.576221,0.0020558834075927734
162666,normal,1260,0,1782360601.5782275,0.00200653076171875
162667,normal,3374,1,1782360601.5800986,0.0018711090087890625
162668,normal,210,0,1782360601.5822785,0.002179861068725586
162669,normal,3112,1,1782360601.5841303,0.001851797103881836
162670,normal,3309,1,1782360601.5860984,0.0019681453704833984
162671,normal,2037,0,1782360601.588276,0.0021774768829345703
162672,normal,1755,0,1782360601.5901325,0.0018565654754638672
162673,normal,149,0,1782360601.592098,0.0019655227661132812
162674,normal,3179,1,1782360601.5942762,0.002178192138671875
162675,normal,691,0,1782360601.5961444,0.0018682479858398438
162676,normal,3552,0,1782360601.5980976,0.001953125
162677,normal,427,0,1782360601.6002755,0.0021779537200927734
162678,normal,951,2,1782360601.6021385,0.0018630027770996094
162679,normal,269,0,1782360601.6040983,0.0019598007202148438
162680,normal,372,0,1782360601.6062794,0.0021810531616210938
162681,normal,2383,0,1782360601.6081402,0.0018608570098876953
162682,normal,1314,0,1782360601.6100984,0.001958131790161133
162683,normal,2519,0,1782360601.6122878,0.0021893978118896484
162684,normal,1160,0,1782360601.6141422,0.0018544197082519531
162685,normal,770,0,1782360601.6160984,0.0019562244415283203
162686,normal,677,0,1782360601.618276,0.0021774768829345703
162687,normal,1552,0,1782360601.6201453,0.0018694400787353516
162688,normal,3646,0,1782360601.6221268,0.001981496810913086
162689,normal,3182,1,1782360601.624276,0.0021491050720214844
162690,normal,3398,1,1782360601.62615,0.0018739700317382812
162691,normal,410,0,1782360601.6280973,0.0019474029541015625
162692,normal,1047,0,1782360601.630275,0.002177715301513672
162693,normal,509,0,1782360601.6321547,0.0018796920776367188
162694,normal,1481,0,1782360601.6340973,0.0019426345825195312
162695,normal,3267,1,1782360601.6362765,0.0021791458129882812
162696,normal,915,2,1782360601.6381533,0.0018768310546875
162697,normal,528,0,1782360601.6400979,0.0019445419311523438
162698,normal,2597,0,1782360601.6420903,0.001992464065551758
162699,normal,2341,0,1782360601.6443112,0.0022208690643310547
162700,normal,3531,0,1782360601.6461494,0.0018382072448730469
162701,normal,2195,0,1782360601.6482663,0.0021169185638427734
162702,normal,604,0,1782360601.650399,0.0021326541900634766
162703,normal,1643,0,1782360601.6521337,0.0017347335815429688
162704,normal,2434,0,1782360601.6544251,0.002291440963745117
162705,normal,1581,0,1782360601.6562946,0.0018694400787353516
162706,normal,1577,0,1782360601.6582963,0.0020017623901367188
162707,normal,1754,0,1782360601.6602705,0.0019741058349609375
162708,normal,2071,0,1782360601.6624312,0.002160787582397461
162709,normal,2536,0,1782360601.6641493,0.0017180442810058594
162710,normal,2801,0,1782360601.666414,0.002264738082885742
162711,normal,1527,0,1782360601.6683,0.0018858909606933594
162712,normal,1321,1,1782360601.6701474,0.0018475055694580078
162713,normal,270,0,1782360601.672413,0.0022656917572021484
162714,normal,709,0,1782360601.674265,0.001851797103881836
162715,normal,1567,0,1782360601.676135,0.0018701553344726562
162716,normal,1495,0,1782360601.6784008,0.0022656917572021484
162717,normal,3649,0,1782360601.6803062,0.0019054412841796875
162718,normal,2926,0,1782360601.6821406,0.0018343925476074219
162719,normal,2235,0,1782360601.684409,0.0022683143615722656
162720,normal,3275,1,1782360601.6862638,0.0018548965454101562
162721,normal,1716,0,1782360601.6881459,0.0018820762634277344
162722,normal,2125,0,1782360601.6903799,0.0022339820861816406
162723,normal,3507,0,1782360601.6923084,0.001928567886352539
162724,normal,3150,1,1782360601.6941385,0.0018301010131835938
162725,normal,637,0,1782360601.6964097,0.0022711753845214844
162726,normal,22,0,1782360601.6983094,0.00189971923828125
162727,normal,233,0,1782360601.700139,0.0018296241760253906
162728,normal,1803,0,1782360601.7024088,0.002269744873046875
162729,normal,2512,0,1782360601.704268,0.0018591880798339844
162730,normal,463,0,1782360601.706138,0.0018699169158935547
162731,normal,1987,0,1782360601.7084098,0.002271890640258789
162732,normal,826,2,1782360601.7103145,0.0019047260284423828
162733,normal,1993,0,1782360601.7121398,0.0018253326416015625
162734,normal,896,2,1782360601.7144089,0.0022690296173095703
162735,normal,2988,0,1782360601.7162693,0.0018603801727294922
162736,normal,2647,0,1782360601.7181442,0.0018749237060546875
162737,normal,511,0,1782360601.72041,0.00226593017578125
162738,normal,1396,0,1782360601.7223208,0.0019106864929199219
162739,normal,3371,1,1782360601.7241414,0.0018205642700195312
162740,normal,1568,0,1782360601.7262917,0.002150297164916992
162741,normal,167,0,1782360601.728323,0.0020313262939453125
162742,normal,1423,0,1782360601.7301388,0.0018157958984375
162743,normal,651,0,1782360601.7324195,0.002280712127685547
162744,normal,2759,0,1782360601.7342644,0.0018448829650878906
162745,normal,2484,0,1782360601.7361412,0.0018768310546875
162746,normal,1525,0,1782360601.7384124,0.0022711753845214844
162747,normal,1998,0,1782360601.7402697,0.0018572807312011719
162748,normal,1760,0,1782360601.7421415,0.0018718242645263672
162749,normal,742,0,1782360601.7444103,0.0022687911987304688
162750,normal,3559,0,1782360601.7463298,0.0019195079803466797
162751,normal,72,0,1782360601.7481377,0.0018079280853271484
162752,normal,507,0,1782360601.750412,0.0022742748260498047
162753,normal,191,0,1782360601.7522686,0.0018565654754638672
162754,normal,3166,1,1782360601.754142,0.0018734931945800781
162755,normal,496,0,1782360601.7564468,0.0023047924041748047
162756,normal,3046,1,1782360601.7583406,0.001893758773803711
162757,normal,388,0,1782360601.760142,0.0018014907836914062
162758,normal,1037,0,1782360601.7622733,0.002131223678588867
162759,normal,2533,0,1782360601.7644112,0.002137899398803711
162760,normal,2786,0,1782360601.766147,0.001735687255859375
162761,normal,2692,0,1782360601.7681305,0.001983642578125
162762,normal,3442,0,1782360601.7704089,0.0022783279418945312
162763,normal,2378,0,1782360601.7721326,0.0017237663269042969
162764,normal,943,2,1782360601.7744226,0.002290010452270508
162765,normal,2040,0,1782360601.776135,0.0017123222351074219
162766,normal,64,0,1782360601.778398,0.0022630691528320312
162767,normal,1333,1,1782360601.7801356,0.0017375946044921875
162768,normal,1666,0,1782360601.7824113,0.002275705337524414
162769,normal,2028,0,1782360601.78414,0.0017287731170654297
162770,normal,2357,0,1782360601.786418,0.002277851104736328
162771,normal,3266,1,1782360601.78827,0.0018520355224609375
162772,normal,1742,0,1782360601.790316,0.0020461082458496094
162773,normal,2104,0,1782360601.7925367,0.002220630645751953
162774,normal,1500,0,1782360601.794209,0.0016722679138183594
162775,normal,1505,0,1782360601.796102,0.0018930435180664062
162776,normal,3281,1,1782360601.7982285,0.002126455307006836
162777,normal,3117,1,1782360601.8002744,0.002045869827270508
162778,normal,2816,0,1782360601.8020759,0.0018014907836914062
162779,normal,2575,0,1782360601.8042212,0.0021452903747558594
162780,normal,1366,1,1782360601.806246,0.0020248889923095703
162781,normal,2970,0,1782360601.8080912,0.0018451213836669922
162782,normal,2622,0,1782360601.810326,0.002234935760498047
162783,normal,1127,0,1782360601.8121426,0.0018165111541748047
162784,normal,2219,0,1782360601.814289,0.002146482467651367
162785,normal,171,0,1782360601.8162727,0.001983642578125
162786,normal,102,0,1782360601.818415,0.002142190933227539
162787,normal,376,0,1782360601.8201404,0.0017254352569580078
162788,normal,1259,0,1782360601.8224154,0.0022749900817871094
162789,normal,793,2,1782360601.824261,0.0018455982208251953
162790,normal,2741,0,1782360601.8263168,0.0020558834075927734
162791,normal,1064,0,1782360601.8282676,0.0019507408142089844
162792,normal,2224,0,1782360601.8303995,0.002131938934326172
162793,normal,1619,0,1782360601.8321328,0.0017333030700683594
162794,normal,1375,1,1782360601.8344116,0.0022788047790527344
162795,normal,148,0,1782360601.8363671,0.0019555091857910156
162796,normal,323,0,1782360601.8382936,0.001926422119140625
162797,normal,3675,0,1782360601.8402667,0.0019731521606445312
162798,normal,2957,0,1782360601.842407,0.0021402835845947266
162799,normal,315,0,1782360601.8441458,0.0017387866973876953
162800,normal,3498,0,1782360601.8464203,0.0022745132446289062
162801,normal,3140,1,1782360601.8483052,0.0018849372863769531
162802,normal,919,2,1782360601.8501427,0.0018374919891357422
162803,normal,1956,0,1782360601.8524134,0.0022706985473632812
162804,normal,3262,1,1782360601.854275,0.001861572265625
162805,normal,2798,0,1782360601.8562956,0.002020597457885742
162806,normal,729,0,1782360601.8582664,0.0019707679748535156
162807,normal,1262,0,1782360601.8604035,0.0021371841430664062
162808,normal,2228,0,1782360601.862139,0.0017354488372802734
162809,normal,2135,0,1782360601.8644059,0.0022668838500976562
162810,normal,1235,0,1782360601.8662808,0.0018749237060546875
162811,normal,3608,0,1782360601.868293,0.0020122528076171875
162812,normal,1798,0,1782360601.8702667,0.0019736289978027344
162813,normal,1408,0,1782360601.87242,0.0021533966064453125
162814,normal,655,0,1782360601.874142,0.0017218589782714844
162815,normal,2589,0,1782360601.8766127,0.002470731735229492
162816,normal,2642,0,1782360601.8782856,0.001672983169555664
162817,normal,1932,0,1782360601.8802872,0.002001523971557617
162818,normal,24,0,1782360601.8822672,0.0019800662994384766
162819,normal,3054,1,1782360601.8844242,0.002156972885131836
162820,normal,1201,0,1782360601.8861392,0.001714944839477539
162821,normal,213,0,1782360601.888435,0.0022957324981689453
162822,normal,188,0,1782360601.8902924,0.0018575191497802734
162823,normal,88,0,1782360601.8922935,0.002001047134399414
162824,normal,1794,0,1782360601.8942678,0.001974344253540039
162825,normal,193,0,1782360601.8964293,0.0021615028381347656
162826,normal,2952,0,1782360601.8981392,0.0017099380493164062
162827,normal,490,0,1782360601.9004176,0.0022783279418945312
162828,normal,1169,0,1782360601.9022958,0.0018782615661621094
162829,normal,2305,0,1782360601.90414,0.001844167709350586
162830,normal,698,0,1782360601.9064207,0.002280712127685547
162831,normal,2729,0,1782360601.9082687,0.001847982406616211
162832,normal,1740,0,1782360601.910142,0.0018732547760009766
162833,normal,2613,0,1782360601.9124084,0.002266407012939453
162834,normal,2960,0,1782360601.914302,0.001893758773803711
162835,normal,259,0,1782360601.9162621,0.0019600391387939453
162836,normal,1767,0,1782360601.9182892,0.0020270347595214844
162837,normal,1474,0,1782360601.920268,0.0019788742065429688
162838,normal,913,2,1782360601.9221425,0.0018744468688964844
162839,normal,227,0,1782360601.9244084,0.00226593017578125
162840,normal,3189,1,1782360601.9263186,0.0019102096557617188
162841,normal,830,2,1782360601.9281445,0.0018258094787597656
162842,normal,1147,0,1782360601.9303954,0.0022509098052978516
162843,normal,1540,0,1782360601.932176,0.0017807483673095703
162844,normal,258,0,1782360601.934093,0.0019168853759765625
162845,normal,1477,0,1782360601.9363115,0.002218484878540039
162846,normal,10,0,1782360601.9380755,0.001764059066772461
162847,normal,682,0,1782360601.94009,0.0020143985748291016
162848,normal,331,0,1782360601.9422338,0.00214385986328125
162849,normal,2873,0,1782360601.9441798,0.0019459724426269531
162850,normal,3540,0,1782360601.94624,0.0020601749420166016
162851,normal,3621,0,1782360601.9480944,0.0018544197082519531
162852,normal,3180,1,1782360601.9503114,0.0022170543670654297
162853,normal,2294,0,1782360601.9521291,0.0018177032470703125
162854,normal,2861,0,1782360601.9542453,0.0021162033081054688
162855,normal,3533,0,1782360601.9560885,0.0018432140350341797
162856,normal,2971,0,1782360601.95809,0.002001523971557617
162857,normal,1903,0,1782360601.9602406,0.0021505355834960938
162858,normal,1721,0,1782360601.96209,0.0018494129180908203
162859,normal,2719,0,1782360601.9640882,0.0019981861114501953
162860,normal,570,0,1782360601.9662504,0.0021622180938720703
162861,normal,2901,0,1782360601.968193,0.0019426345825195312
162862,normal,1870,0,1782360601.9700947,0.0019016265869140625
162863,normal,3,0,1782360601.972241,0.0021462440490722656
162864,normal,2730,0,1782360601.9741168,0.0018758773803710938
162865,normal,2188,0,1782360601.9760873,0.001970529556274414
162866,normal,982,2,1782360601.9782412,0.0021538734436035156
162867,normal,597,0,1782360601.9800954,0.0018541812896728516
162868,normal,1183,0,1782360601.982088,0.0019927024841308594
162869,normal,685,0,1782360601.9842434,0.002155303955078125
162870,normal,543,0,1782360601.9860997,0.0018563270568847656
162871,normal,582,0,1782360601.9880881,0.0019884109497070312
162872,normal,396,0,1782360601.990239,0.0021507740020751953
162873,normal,1036,0,1782360601.992104,0.0018651485443115234
162874,normal,411,0,1782360601.9940875,0.0019834041595458984
162875,normal,281,0,1782360601.9962397,0.0021522045135498047
162876,normal,3554,0,1782360601.9981048,0.0018651485443115234
162877,normal,2875,0,1782360602.0000858,0.001981019973754883
162878,normal,1157,0,1782360602.0022388,0.0021529197692871094
162879,normal,1557,0,1782360602.0041072,0.0018684864044189453
162880,normal,3558,0,1782360602.0060878,0.0019805431365966797
162881,normal,2247,0,1782360602.00824,0.0021522045135498047
162882,normal,3251,1,1782360602.010112,0.0018720626831054688
162883,normal,1492,0,1782360602.0120876,0.001975536346435547
162884,normal,2511,0,1782360602.0142407,0.002153158187866211
162885,normal,190,0,1782360602.016112,0.001871347427368164
162886,normal,3289,1,1782360602.0180879,0.0019757747650146484
162887,normal,1471,0,1782360602.02024,0.0021522045135498047
162888,normal,2149,0,1782360602.0221152,0.001875162124633789
162889,normal,2007,0,1782360602.0241168,0.002001523971557617
162890,normal,2593,0,1782360602.0262306,0.002113819122314453
162891,normal,3640,0,1782360602.028119,0.0018885135650634766
162892,normal,424,0,1782360602.0300908,0.001971721649169922
162893,normal,1051,0,1782360602.0322404,0.0021495819091796875
162894,normal,2771,0,1782360602.0341194,0.001878976821899414
162895,normal,2,0,1782360602.0361428,0.002023458480834961
162896,normal,311,0,1782360602.0382454,0.0021026134490966797
162897,normal,1867,0,1782360602.0401213,0.0018758773803710938
162898,normal,987,2,1782360602.0420885,0.001967191696166992
162899,normal,3564,0,1782360602.0442457,0.0021572113037109375
162900,normal,2283,0,1782360602.0461257,0.0018799304962158203
162901,normal,2097,0,1782360602.0480888,0.0019631385803222656
162902,normal,1339,1,1782360602.0502398,0.002151012420654297
162903,normal,3058,1,1782360602.0520966,0.0018568038940429688
162904,normal,1144,0,1782360602.0540879,0.00199127197265625
162905,normal,1463,0,1782360602.0562394,0.0021514892578125
162906,normal,1245,0,1782360602.0581295,0.0018901824951171875
162907,normal,3154,1,1782360602.0600889,0.0019593238830566406
162908,normal,1139,0,1782360602.062253,0.002164125442504883
162909,normal,633,0,1782360602.0641332,0.0018801689147949219
162910,normal,3614,0,1782360602.0660875,0.001954317092895508
162911,normal,41,0,1782360602.0682418,0.0021543502807617188
162912,normal,208,0,1782360602.0701337,0.0018918514251708984
162913,normal,2176,0,1782360602.0720892,0.0019555091857910156
162914,normal,1497,0,1782360602.0742443,0.0021550655364990234
162915,normal,1330,1,1782360602.0761065,0.0018622875213623047
162916,normal,2350,0,1782360602.0781,0.001993417739868164
162917,normal,1614,0,1782360602.0802429,0.0021429061889648438
162918,normal,978,2,1782360602.082141,0.001898050308227539
162919,normal,2919,0,1782360602.0840864,0.00194549560546875
162920,normal,402,0,1782360602.0862393,0.0021529197692871094
162921,normal,1750,0,1782360602.0881407,0.001901388168334961
162922,normal,1399,0,1782360602.090088,0.001947164535522461
162923,normal,1782,0,1782360602.092239,0.002151012420654297
162924,normal,3075,1,1782360602.0941436,0.0019047260284423828
162925,normal,458,0,1782360602.0960882,0.0019445419311523438
162926,normal,595,0,1782360602.0982406,0.0021524429321289062
162927,normal,2420,0,1782360602.1001468,0.0019061565399169922
162928,normal,2830,0,1782360602.102089,0.0019421577453613281
162929,normal,2083,0,1782360602.1042407,0.0021517276763916016
162930,normal,1763,0,1782360602.1061504,0.0019097328186035156
162931,normal,129,0,1782360602.1080868,0.0019364356994628906
162932,normal,1279,0,1782360602.110242,0.0021550655364990234
162933,normal,969,2,1782360602.1121504,0.0019085407257080078
162934,normal,697,0,1782360602.114087,0.0019366741180419922
162935,normal,2594,0,1782360602.1162395,0.0021524429321289062
162936,normal,794,2,1782360602.1181536,0.0019140243530273438
162937,normal,1621,0,1782360602.1200874,0.0019338130950927734
162938,normal,780,2,1782360602.122246,0.002158641815185547
162939,normal,2039,0,1782360602.1241639,0.0019178390502929688
162940,normal,2019,0,1782360602.1260862,0.0019223690032958984
162941,normal,2844,0,1782360602.1282423,0.0021560192108154297
162942,normal,3588,0,1782360602.1301594,0.001917123794555664
162943,normal,710,0,1782360602.132087,0.0019276142120361328
162944,normal,3611,0,1782360602.134087,0.002000093460083008
162945,normal,2918,0,1782360602.136317,0.002229928970336914
162946,normal,201,0,1782360602.1380885,0.0017714500427246094
162947,normal,96,0,1782360602.140242,0.002153635025024414
162948,normal,498,0,1782360602.1421635,0.0019214153289794922
162949,normal,2669,0,1782360602.1440868,0.0019233226776123047
162950,normal,439,0,1782360602.1462512,0.0021643638610839844
162951,normal,1112,0,1782360602.148166,0.0019147396087646484
162952,normal,2521,0,1782360602.1500857,0.0019197463989257812
162953,normal,3536,0,1782360602.15224,0.0021543502807617188
162954,normal,1914,0,1782360602.1541693,0.0019292831420898438
162955,normal,2258,0,1782360602.1561012,0.001931905746459961
162956,normal,1174,0,1782360602.1582391,0.002137899398803711
162957,normal,851,2,1782360602.1601715,0.001932382583618164
162958,normal,2008,0,1782360602.1620867,0.0019152164459228516
162959,normal,3426,0,1782360602.1642416,0.002154827117919922
162960,normal,2309,0,1782360602.166174,0.001932382583618164
162961,normal,2111,0,1782360602.1680894,0.0019154548645019531
162962,normal,2101,0,1782360602.1702526,0.0021631717681884766
162963,normal,1167,0,1782360602.1721766,0.0019240379333496094
162964,normal,1156,0,1782360602.1740935,0.0019168853759765625
162965,normal,282,0,1782360602.1762426,0.0021491050720214844
162966,normal,1884,0,1782360602.178179,0.0019364356994628906
162967,normal,3062,1,1782360602.1802444,0.002065420150756836
162968,normal,2859,0,1782360602.1820853,0.001840829849243164
162969,normal,3659,0,1782360602.1843166,0.0022313594818115234
162970,normal,3709,0,1782360602.1860871,0.0017704963684082031
162971,normal,3110,1,1782360602.188239,0.002151966094970703
162972,normal,1717,0,1782360602.1900866,0.0018475055694580078
162973,normal,2974,0,1782360602.1920886,0.0020020008087158203
162974,normal,3624,0,1782360602.194241,0.0021524429321289062
162975,normal,1546,0,1782360602.196106,0.0018649101257324219
162976,normal,963,2,1782360602.1980798,0.001973867416381836
162977,normal,2657,0,1782360602.200248,0.0021681785583496094
162978,normal,2528,0,1782360602.2020917,0.0018436908721923828
162979,normal,1686,0,1782360602.2040875,0.0019958019256591797
162980,normal,3169,1,1782360602.2062395,0.002151966094970703
162981,normal,1316,0,1782360602.2080944,0.0018548965454101562
162982,normal,2598,0,1782360602.2100866,0.0019922256469726562
162983,normal,1871,0,1782360602.2122433,0.0021567344665527344
162984,normal,1099,0,1782360602.214096,0.0018527507781982422
162985,normal,673,0,1782360602.2160854,0.0019893646240234375
162986,normal,1919,0,1782360602.2182393,0.0021538734436035156
162987,normal,1106,0,1782360602.2200983,0.0018589496612548828
162988,normal,953,2,1782360602.2220879,0.001989603042602539
162989,normal,3137,1,1782360602.2242396,0.0021517276763916016
162990,normal,2763,0,1782360602.2261012,0.001861572265625
162991,normal,680,0,1782360602.228097,0.0019958019256591797
162992,normal,2793,0,1782360602.2302396,0.002142667770385742
162993,normal,548,0,1782360602.2321038,0.0018641948699951172
162994,normal,1869,0,1782360602.2340884,0.0019845962524414062
162995,normal,2822,0,1782360602.23624,0.0021514892578125
162996,normal,1812,0,1782360602.2381058,0.0018658638000488281
162997,normal,369,0,1782360602.2400875,0.0019817352294921875
162998,normal,1091,0,1782360602.242241,0.0021533966064453125
162999,normal,172,0,1782360602.2441084,0.001867532730102539
163000,normal,2227,0,1782360602.246086,0.0019774436950683594
163001,normal,1916,0,1782360602.2482412,0.002155303955078125
163002,normal,2398,0,1782360602.2501419,0.0019006729125976562
163003,normal,2958,0,1782360602.2520878,0.0019459724426269531
163004,normal,2090,0,1782360602.2542393,0.0021514892578125
163005,normal,1225,0,1782360602.2561123,0.001873016357421875
163006,normal,1799,0,1782360602.2580872,0.001974821090698242
163007,normal,392,0,1782360602.26024,0.0021529197692871094
163008,normal,2855,0,1782360602.2621162,0.0018761157989501953
163009,normal,2863,0,1782360602.2640884,0.001972198486328125
163010,normal,1275,0,1782360602.2662413,0.0021529197692871094
163011,normal,3145,1,1782360602.268118,0.0018765926361083984
163012,normal,1398,0,1782360602.2700858,0.001967906951904297
163013,normal,54,0,1782360602.2722428,0.002156972885131836
163014,normal,3273,1,1782360602.2741213,0.001878499984741211
163015,normal,2417,0,1782360602.276088,0.001966714859008789
163016,normal,2639,0,1782360602.2782452,0.0021572113037109375
163017,normal,2734,0,1782360602.2801218,0.0018765926361083984
163018,normal,771,0,1782360602.2820866,0.0019648075103759766
163019,normal,2930,0,1782360602.2842402,0.002153635025024414
163020,normal,2424,0,1782360602.2862825,0.0020422935485839844
163021,normal,55,0,1782360602.288088,0.0018055438995361328
163022,normal,2548,0,1782360602.2902386,0.0021505355834960938
163023,normal,3238,1,1782360602.2922843,0.0020456314086914062
163024,normal,3607,0,1782360602.2940893,0.0018050670623779297
163025,normal,1456,0,1782360602.29624,0.0021507740020751953
163026,normal,768,0,1782360602.298288,0.002048015594482422
163027,normal,1820,0,1782360602.3000884,0.0018002986907958984
163028,normal,2658,0,1782360602.3022468,0.0021584033966064453
163029,normal,813,2,1782360602.3041325,0.0018856525421142578
163030,normal,1218,0,1782360602.3060873,0.001954793930053711
163031,normal,1270,0,1782360602.3082452,0.002157926559448242
163032,normal,2676,0,1782360602.3100915,0.0018463134765625
163033,normal,869,2,1782360602.3120987,0.0020072460174560547
163034,normal,2620,0,1782360602.3142405,0.002141714096069336
163035,normal,3288,1,1782360602.3161058,0.001865386962890625
163036,normal,2013,0,1782360602.3180432,0.0019373893737792969
163037,normal,2134,0,1782360602.3200653,0.0020220279693603516
163038,normal,1900,0,1782360602.3220694,0.0020041465759277344
163039,normal,3024,0,1782360602.3240595,0.001990079879760742
163040,normal,168,0,1782360602.3260925,0.0020329952239990234
163041,normal,704,0,1782360602.328099,0.00200653076171875
163042,normal,1213,0,1782360602.3301024,0.0020034313201904297
163043,normal,295,0,1782360602.3320894,0.001986980438232422
163044,normal,538,0,1782360602.3340983,0.0020089149475097656
163045,normal,2026,0,1782360602.3360596,0.001961231231689453
163046,normal,2416,0,1782360602.3380878,0.002028226852416992
163047,normal,2577,0,1782360602.3400736,0.001985788345336914
163048,normal,1668,0,1782360602.3421774,0.0021038055419921875
163049,normal,3484,0,1782360602.344071,0.0018935203552246094
163050,normal,39,0,1782360602.3461025,0.002031564712524414
163051,normal,283,0,1782360602.3480647,0.0019621849060058594
163052,normal,873,2,1782360602.3501782,0.0021135807037353516
163053,normal,252,0,1782360602.3522477,0.0020694732666015625
163054,normal,3465,0,1782360602.3540902,0.001842498779296875
163055,normal,2860,0,1782360602.3562477,0.002157449722290039
163056,normal,3639,0,1782360602.358182,0.0019342899322509766
163057,normal,1220,0,1782360602.3600664,0.00188446044921875
163058,normal,304,0,1782360602.362095,0.0020287036895751953
163059,normal,2966,0,1782360602.3640554,0.001960277557373047
163060,normal,1732,0,1782360602.3660583,0.0020029544830322266
163061,normal,1290,0,1782360602.3680584,0.002000093460083008
163062,normal,1971,0,1782360602.370127,0.0020685195922851562
163063,normal,1222,0,1782360602.3720315,0.0019044876098632812
163064,normal,1510,0,1782360602.374134,0.0021026134490966797
163065,normal,1120,0,1782360602.3761327,0.0019986629486083984
163066,normal,3022,0,1782360602.3780303,0.001897573471069336
163067,normal,3527,0,1782360602.380125,0.002094745635986328
163068,normal,1205,0,1782360602.3821232,0.0019981861114501953
163069,normal,3534,0,1782360602.3840961,0.0019729137420654297
163070,normal,3392,1,1782360602.3862402,0.0021440982818603516
163071,normal,3532,0,1782360602.3880703,0.0018301010131835938
163072,normal,2433,0,1782360602.3901436,0.0020732879638671875
163073,normal,2136,0,1782360602.3921206,0.0019769668579101562
163074,normal,155,0,1782360602.3940985,0.0019779205322265625
163075,normal,921,2,1782360602.3960624,0.0019638538360595703
163076,normal,841,2,1782360602.3980517,0.0019893646240234375
163077,normal,1331,1,1782360602.4000523,0.002000570297241211
163078,normal,1646,0,1782360602.4021194,0.002067089080810547
163079,normal,3654,0,1782360602.4040291,0.0019097328186035156
163080,normal,1778,0,1782360602.406051,0.00202178955078125
163081,normal,3020,0,1782360602.408058,0.002007007598876953
163082,normal,670,0,1782360602.4100523,0.0019943714141845703
163083,normal,132,0,1782360602.4120522,0.0019998550415039062
163084,normal,3539,0,1782360602.414049,0.001996755599975586
163085,normal,992,2,1782360602.416048,0.0019991397857666016
163086,normal,99,0,1782360602.4180496,0.002001523971557617
163087,normal,2425,0,1782360602.4201186,0.0020689964294433594
163088,normal,419,0,1782360602.4220295,0.0019109249114990234
163089,normal,789,2,1782360602.4241219,0.0020923614501953125
163090,normal,1574,0,1782360602.426077,0.0019550323486328125
163091,normal,5,0,1782360602.4282672,0.0021903514862060547
163092,normal,1943,0,1782360602.4300888,0.0018215179443359375
163093,normal,611,0,1782360602.4322379,0.0021491050720214844
163094,normal,2834,0,1782360602.4340966,0.0018587112426757812
163095,normal,701,0,1782360602.4362419,0.0021452903747558594
163096,normal,3682,0,1782360602.438087,0.0018451213836669922
163097,normal,2606,0,1782360602.4402602,0.002173185348510742
163098,normal,1096,0,1782360602.4420898,0.0018296241760253906
163099,normal,182,0,1782360602.4442394,0.0021495819091796875
163100,normal,1258,0,1782360602.4460864,0.0018470287322998047
163101,normal,3606,0,1782360602.4482548,0.002168416976928711
163102,normal,1804,0,1782360602.4500823,0.0018274784088134766
163103,normal,1454,0,1782360602.4522343,0.002151966094970703
163104,normal,1739,0,1782360602.4542687,0.002034425735473633
163105,normal,3130,1,1782360602.456086,0.0018172264099121094
163106,normal,1126,0,1782360602.4582365,0.0021505355834960938
163107,normal,46,0,1782360602.4602566,0.002020120620727539
163108,normal,2376,0,1782360602.4620848,0.0018281936645507812
163109,normal,2916,0,1782360602.4642355,0.0021507740020751953
163110,normal,3663,0,1782360602.4661,0.0018644332885742188
163111,normal,2389,0,1782360602.4680867,0.0019867420196533203
163112,normal,2621,0,1782360602.4702334,0.0021467208862304688
163113,normal,3704,0,1782360602.4721029,0.0018694400787353516
163114,normal,3610,0,1782360602.474085,0.0019822120666503906
163115,normal,1444,0,1782360602.476235,0.002149820327758789
163116,normal,277,0,1782360602.4781058,0.001870870590209961
163117,normal,2082,0,1782360602.4800856,0.001979827880859375
163118,normal,2641,0,1782360602.4822347,0.0021491050720214844
163119,normal,3223,1,1782360602.4841075,0.0018727779388427734
163120,normal,1715,0,1782360602.4860854,0.0019779205322265625
163121,normal,618,0,1782360602.4882379,0.0021524429321289062
163122,normal,1236,0,1782360602.4901187,0.0018808841705322266
163123,normal,2963,0,1782360602.492084,0.0019652843475341797
163124,normal,3076,1,1782360602.4942367,0.002152681350708008
163125,normal,2251,0,1782360602.4962342,0.0019974708557128906
163126,normal,2031,0,1782360602.498086,0.001851797103881836
163127,normal,1026,2,1782360602.5002353,0.002149343490600586
163128,normal,1514,0,1782360602.5021148,0.0018794536590576172
163129,normal,2870,0,1782360602.5040855,0.0019707679748535156
163130,normal,1307,0,1782360602.5062363,0.0021507740020751953
163131,normal,1550,0,1782360602.5082715,0.0020351409912109375
163132,normal,293,0,1782360602.510088,0.0018165111541748047
163133,normal,114,0,1782360602.5122418,0.0021538734436035156
163134,normal,2987,0,1782360602.5142741,0.0020322799682617188
163135,normal,2922,0,1782360602.516085,0.0018107891082763672
163136,normal,3471,0,1782360602.5182343,0.002149343490600586
163137,normal,3234,1,1782360602.5202742,0.0020399093627929688
163138,normal,3113,1,1782360602.5220866,0.0018124580383300781
163139,normal,1872,0,1782360602.524234,0.0021474361419677734
163140,normal,621,0,1782360602.5262744,0.002040386199951172
163141,normal,2836,0,1782360602.5280752,0.0018007755279541016
163142,normal,1060,0,1782360602.5302372,0.0021619796752929688
163143,normal,3601,0,1782360602.5322375,0.0020003318786621094
163144,normal,105,0,1782360602.534086,0.001848459243774414
163145,normal,838,2,1782360602.536234,0.0021479129791259766
163146,normal,3123,1,1782360602.5382454,0.002011537551879883
163147,normal,2954,0,1782360602.5400856,0.0018401145935058594
163148,normal,82,0,1782360602.5422337,0.002148151397705078
163149,normal,2990,0,1782360602.5441325,0.0018987655639648438
163150,normal,2226,0,1782360602.5460851,0.0019526481628417969
163151,normal,423,0,1782360602.5482345,0.002149343490600586
163152,normal,3438,0,1782360602.550135,0.0019004344940185547
163153,normal,1857,0,1782360602.552084,0.0019490718841552734
163154,normal,398,0,1782360602.5542364,0.0021524429321289062
163155,normal,3134,1,1782360602.556138,0.0019016265869140625
163156,normal,3226,1,1782360602.5580852,0.001947164535522461
163157,normal,3300,1,1782360602.5602338,0.0021486282348632812
163158,normal,1315,0,1782360602.5621388,0.0019049644470214844
163159,normal,1723,0,1782360602.564089,0.0019502639770507812
163160,normal,1535,0,1782360602.5662389,0.002149820327758789
163161,normal,3457,0,1782360602.5681415,0.0019025802612304688
163162,normal,1098,0,1782360602.570234,0.002092599868774414
163163,normal,1861,0,1782360602.5720844,0.0018503665924072266
163164,normal,932,2,1782360602.5743067,0.002222299575805664
163165,normal,2437,0,1782360602.5761113,0.0018045902252197266
163166,normal,3537,0,1782360602.578234,0.002122640609741211
163167,normal,1362,1,1782360602.5801458,0.0019118785858154297
163168,normal,2268,0,1782360602.5820847,0.0019388198852539062
163169,normal,664,0,1782360602.5842347,0.0021500587463378906
163170,normal,1710,0,1782360602.5861497,0.00191497802734375
163171,normal,1400,0,1782360602.5880842,0.0019345283508300781
163172,normal,973,2,1782360602.5902421,0.002157926559448242
163173,normal,537,0,1782360602.5921507,0.0019085407257080078
163174,normal,1179,0,1782360602.5940845,0.0019338130950927734
163175,normal,2343,0,1782360602.5962334,0.002148866653442383
163176,normal,3562,0,1782360602.5980978,0.0018644332885742188
163177,normal,1704,0,1782360602.6000848,0.001986980438232422
163178,normal,1081,0,1782360602.6022332,0.0021483898162841797
163179,normal,2200,0,1782360602.6041567,0.0019235610961914062
163180,normal,3009,0,1782360602.606085,0.0019283294677734375
163181,normal,732,0,1782360602.608234,0.002148866653442383
163182,normal,1215,0,1782360602.6101594,0.0019254684448242188
163183,normal,2679,0,1782360602.612084,0.0019245147705078125
163184,normal,3157,1,1782360602.6142335,0.0021495819091796875
163185,normal,1674,0,1782360602.6161618,0.0019283294677734375
163186,normal,2476,0,1782360602.618085,0.0019230842590332031
163187,normal,205,0,1782360602.6202364,0.0021514892578125
163188,normal,946,2,1782360602.6221638,0.0019273757934570312
163189,normal,1571,0,1782360602.624085,0.0019211769104003906
163190,normal,2618,0,1782360602.6262424,0.002157449722290039
163191,normal,2636,0,1782360602.6281667,0.001924276351928711
163192,normal,339,0,1782360602.6300848,0.0019180774688720703
163193,normal,594,0,1782360602.632233,0.002148151397705078
163194,normal,3298,1,1782360602.6341696,0.0019366741180419922
163195,normal,2375,0,1782360602.6360855,0.0019159317016601562
163196,normal,1842,0,1782360602.6382337,0.002148151397705078
163197,normal,1972,0,1782360602.6401713,0.0019376277923583984
163198,normal,2752,0,1782360602.6420958,0.0019245147705078125
163199,normal,918,2,1782360602.644153,0.002057313919067383
163200,normal,1038,0,1782360602.6460707,0.0019176006317138672
163201,normal,3211,1,1782360602.648189,0.002118349075317383
163202,normal,2123,0,1782360602.6501222,0.0019330978393554688
163203,normal,2920,0,1782360602.6524553,0.0023331642150878906
163204,normal,21,0,1782360602.6541114,0.0016560554504394531
163205,normal,1611,0,1782360602.6564572,0.0023458003997802734
163206,normal,2738,0,1782360602.6582763,0.0018191337585449219
163207,normal,3660,0,1782360602.6600974,0.0018210411071777344
163208,normal,1924,0,1782360602.662449,0.002351522445678711
163209,normal,2733,0,1782360602.6642258,0.0017769336700439453
163210,normal,2436,0,1782360602.6660979,0.0018720626831054688
163211,normal,50,0,1782360602.6683803,0.002282381057739258
163212,normal,1846,0,1782360602.6703236,0.001943349838256836
163213,normal,666,0,1782360602.6721447,0.0018210411071777344
163214,normal,497,0,1782360602.6744497,0.0023050308227539062
163215,normal,1719,0,1782360602.6763246,0.0018749237060546875
163216,normal,2732,0,1782360602.6781442,0.001819610595703125
163217,normal,486,0,1782360602.6804507,0.0023064613342285156
163218,normal,2513,0,1782360602.6823275,0.0018768310546875
163219,normal,1299,0,1782360602.6841514,0.0018239021301269531
163220,normal,641,0,1782360602.6864204,0.0022690296173095703
163221,normal,2534,0,1782360602.688364,0.0019435882568359375
163222,normal,2465,0,1782360602.690227,0.0018630027770996094
163223,normal,881,2,1782360602.6923099,0.00208282470703125
163224,normal,515,0,1782360602.6942756,0.001965761184692383
163225,normal,3638,0,1782360602.6961534,0.0018777847290039062
163226,normal,1547,0,1782360602.6982663,0.002112865447998047
163227,normal,1896,0,1782360602.700738,0.0024716854095458984
163228,normal,2645,0,1782360602.7020867,0.001348733901977539
163229,normal,3379,1,1782360602.7042499,0.0021631717681884766
163230,normal,2403,0,1782360602.7062905,0.0020406246185302734
163231,normal,3003,0,1782360602.7081108,0.0018203258514404297
163232,normal,3161,1,1782360602.7102654,0.0021545886993408203
163233,normal,1570,0,1782360602.7122087,0.001943349838256836
163234,normal,816,2,1782360602.714096,0.0018873214721679688
163235,normal,2170,0,1782360602.7163072,0.0022110939025878906
163236,normal,1892,0,1782360602.7182796,0.0019724369049072266
163237,normal,19,0,1782360602.7202947,0.0020151138305664062
163238,normal,2905,0,1782360602.7223122,0.002017498016357422
163239,normal,1135,0,1782360602.724413,0.002100706100463867
163240,normal,3570,0,1782360602.726139,0.0017261505126953125
163241,normal,2362,0,1782360602.728439,0.0023000240325927734
163242,normal,3633,0,1782360602.7302778,0.00183868408203125
163243,normal,2516,0,1782360602.7322874,0.0020096302032470703
163244,normal,2506,0,1782360602.7342954,0.0020079612731933594
163245,normal,3705,0,1782360602.7364135,0.0021181106567382812
163246,normal,3388,1,1782360602.7381465,0.0017330646514892578
163247,normal,535,0,1782360602.7404854,0.002338886260986328
163248,normal,1877,0,1782360602.7422707,0.0017852783203125
163249,normal,684,0,1782360602.7444105,0.0021398067474365234
163250,normal,2646,0,1782360602.7463348,0.001924276351928711
163251,normal,2033,0,1782360602.7484856,0.0021507740020751953
163252,normal,1528,0,1782360602.7501414,0.0016558170318603516
163253,normal,3086,1,1782360602.7524543,0.002312898635864258
163254,normal,2140,0,1782360602.7543538,0.0018994808197021484
163255,normal,1758,0,1782360602.7561438,0.0017900466918945312
163256,normal,231,0,1782360602.758272,0.002128124237060547
163257,normal,37,0,1782360602.760363,0.0020911693572998047
163258,normal,2851,0,1782360602.7622678,0.0019047260284423828
163259,normal,2590,0,1782360602.7642741,0.0020062923431396484
163260,normal,395,0,1782360602.7663352,0.002061128616333008
163261,normal,2570,0,1782360602.7681444,0.0018091201782226562
163262,normal,1415,0,1782360602.7704542,0.0023097991943359375
163263,normal,91,0,1782360602.7723625,0.0019083023071289062
163264,normal,3065,1,1782360602.7742686,0.0019061565399169922
163265,normal,1261,0,1782360602.7762687,0.002000093460083008
163266,normal,3216,1,1782360602.7783668,0.00209808349609375
163267,normal,461,0,1782360602.7801445,0.00177764892578125
163268,normal,3191,1,1782360602.7824504,0.0023059844970703125
163269,normal,3047,1,1782360602.7843745,0.0019240379333496094
163270,normal,3127,1,1782360602.7862422,0.0018677711486816406
163271,normal,3294,1,1782360602.7882721,0.002029895782470703
163272,normal,2615,0,1782360602.7903583,0.002086162567138672
163273,normal,3617,0,1782360602.7921445,0.0017862319946289062
163274,normal,2211,0,1782360602.7944162,0.0022716522216796875
163275,normal,2302,0,1782360602.7963715,0.001955270767211914
163276,normal,1733,0,1782360602.7982621,0.0018906593322753906
163277,normal,3246,1,1782360602.8002732,0.0020110607147216797
163278,normal,1618,0,1782360602.8022797,0.00200653076171875
163279,normal,403,0,1782360602.8042946,0.0020148754119873047
163280,normal,3481,0,1782360602.806271,0.001976490020751953
163281,normal,1265,0,1782360602.8082695,0.001998424530029297
163282,normal,1123,0,1782360602.8101447,0.001875162124633789
163283,normal,725,0,1782360602.812299,0.0021543502807617188
163284,normal,2731,0,1782360602.8142822,0.001983165740966797
163285,normal,1204,0,1782360602.8162935,0.0020112991333007812
163286,normal,2029,0,1782360602.8182933,0.0019998550415039062
163287,normal,959,2,1782360602.820283,0.001989603042602539
163288,normal,1095,0,1782360602.8222933,0.002010345458984375
163289,normal,1858,0,1782360602.8242946,0.0020012855529785156
163290,normal,894,2,1782360602.826251,0.001956462860107422
163291,normal,741,0,1782360602.8281436,0.0018925666809082031
163292,normal,1730,0,1782360602.8302395,0.002095937728881836
163293,normal,1208,0,1782360602.832242,0.0020024776458740234
163294,normal,1306,0,1782360602.8341033,0.0018613338470458984
163295,normal,443,0,1782360602.8362617,0.0021584033966064453
163296,normal,2259,0,1782360602.8381927,0.0019309520721435547
163297,normal,1962,0,1782360602.8401194,0.0019266605377197266
163298,normal,662,0,1782360602.8422682,0.002148866653442383
163299,normal,1459,0,1782360602.8441925,0.001924276351928711
163300,normal,2265,0,1782360602.8461113,0.001918792724609375
163301,normal,3206,1,1782360602.848321,0.0022096633911132812
163302,normal,3553,0,1782360602.850228,0.0019071102142333984
163303,normal,2674,0,1782360602.8521736,0.00194549560546875
163304,normal,1865,0,1782360602.8542056,0.002032041549682617
163305,normal,3396,1,1782360602.8562498,0.002044200897216797
163306,normal,2110,0,1782360602.8580606,0.0018107891082763672
163307,normal,2825,0,1782360602.8602035,0.0021429061889648438
163308,normal,343,0,1782360602.8624206,0.0022170543670654297
163309,normal,3530,0,1782360602.8641646,0.0017440319061279297
163310,normal,2633,0,1782360602.8662891,0.0021245479583740234
163311,normal,1541,0,1782360602.868169,0.0018799304962158203
163312,normal,967,2,1782360602.8702898,0.0021207332611083984
163313,normal,1713,0,1782360602.872148,0.0018582344055175781
163314,normal,744,0,1782360602.874327,0.0021789073944091797
163315,normal,3315,1,1782360602.8761299,0.0018029212951660156
163316,normal,471,0,1782360602.8782778,0.0021479129791259766
163317,normal,2192,0,1782360602.8801742,0.0018963813781738281
163318,normal,2043,0,1782360602.882301,0.002126932144165039
163319,normal,1920,0,1782360602.884129,0.0018279552459716797
163320,normal,2701,0,1782360602.8863304,0.0022013187408447266
163321,normal,2316,0,1782360602.8881292,0.001798868179321289
163322,normal,2962,0,1782360602.8902774,0.002148151397705078
163323,normal,749,0,1782360602.892183,0.001905679702758789
163324,normal,3569,0,1782360602.8942833,0.002100229263305664
163325,normal,2547,0,1782360602.8961306,0.0018472671508789062
163326,normal,3044,0,1782360602.898334,0.0022034645080566406
163327,normal,1272,0,1782360602.9001312,0.0017971992492675781
163328,normal,491,0,1782360602.9022825,0.0021512508392333984
163329,normal,674,0,1782360602.9041834,0.0019009113311767578
163330,normal,2667,0,1782360602.906258,0.002074718475341797
163331,normal,1735,0,1782360602.9081292,0.0018711090087890625
163332,normal,317,0,1782360602.91034,0.002210855484008789
163333,normal,2662,0,1782360602.912129,0.0017888545989990234
163334,normal,267,0,1782360602.9142745,0.002145528793334961
163335,normal,3440,0,1782360602.9161904,0.0019159317016601562
163336,normal,2551,0,1782360602.9182837,0.0020933151245117188
163337,normal,3693,0,1782360602.92013,0.0018463134765625
163338,normal,63,0,1782360602.9223444,0.0022144317626953125
163339,normal,2280,0,1782360602.9241292,0.0017848014831542969
163340,normal,2889,0,1782360602.926275,0.0021457672119140625
163341,normal,1176,0,1782360602.9281938,0.001918792724609375
163342,normal,837,2,1782360602.9302478,0.002053976058959961
163343,normal,1238,0,1782360602.9321303,0.0018825531005859375
163344,normal,2569,0,1782360602.934196,0.0020656585693359375
163345,normal,3297,1,1782360602.9362767,0.002080678939819336
163346,normal,2888,0,1782360602.9381387,0.0018620491027832031
163347,normal,2099,0,1782360602.9402835,0.0021448135375976562
163348,normal,1635,0,1782360602.9421275,0.0018439292907714844
163349,normal,187,0,1782360602.9442766,0.0021491050720214844
163350,normal,3186,1,1782360602.946202,0.0019254684448242188
163351,normal,206,0,1782360602.9482763,0.0020742416381835938
163352,normal,3628,0,1782360602.9501293,0.0018529891967773438
163353,normal,1433,0,1782360602.9522755,0.0021462440490722656
163354,normal,2746,0,1782360602.9541292,0.0018537044525146484
163355,normal,3408,0,1782360602.9562745,0.0021452903747558594
163356,normal,2160,0,1782360602.9582055,0.0019309520721435547
163357,normal,510,0,1782360602.960129,0.0019235610961914062
163358,normal,1587,0,1782360602.962276,0.0021469593048095703
163359,normal,2499,0,1782360602.964208,0.001931905746459961
163360,normal,3200,1,1782360602.9662683,0.002060413360595703
163361,normal,2181,0,1782360602.968129,0.0018606185913085938
163362,normal,1702,0,1782360602.9702866,0.0021576881408691406
163363,normal,2969,0,1782360602.972129,0.001842498779296875
163364,normal,1583,0,1782360602.9742894,0.002160310745239258
163365,normal,1513,0,1782360602.9761403,0.0018508434295654297
163366,normal,870,2,1782360602.9782493,0.002109050750732422
163367,normal,1947,0,1782360602.9801369,0.0018875598907470703
163368,normal,475,0,1782360602.9822156,0.0020787715911865234
163369,normal,2055,0,1782360602.98424,0.002024412155151367
163370,normal,3402,0,1782360602.9861286,0.0018885135650634766
163371,normal,472,0,1782360602.988276,0.0021474361419677734
163372,normal,1453,0,1782360602.990128,0.0018520355224609375
163373,normal,2810,0,1782360602.9923403,0.0022122859954833984
163374,normal,2488,0,1782360602.9952862,0.0029458999633789062
163375,normal,3696,0,1782360602.9960802,0.0007939338684082031
163376,normal,3119,1,1782360602.9981346,0.002054452896118164
163377,normal,89,0,1782360603.0002823,0.002147674560546875
163378,normal,3342,1,1782360603.0021017,0.0018193721771240234
163379,normal,553,0,1782360603.0042746,0.0021729469299316406
163380,normal,220,0,1782360603.0062747,0.002000093460083008
163381,normal,3650,0,1782360603.0081282,0.0018534660339355469
163382,normal,1110,0,1782360603.0101278,0.0019996166229248047
163383,normal,1963,0,1782360603.0122824,0.0021545886993408203
163384,normal,3668,0,1782360603.014101,0.0018186569213867188
163385,normal,161,0,1782360603.0162756,0.0021746158599853516
163386,normal,59,0,1782360603.0182898,0.00201416015625
163387,normal,2086,0,1782360603.020131,0.0018413066864013672
163388,normal,1152,0,1782360603.0222769,0.0021457672119140625
163389,normal,23,0,1782360603.0242844,0.0020074844360351562
163390,normal,2334,0,1782360603.0261004,0.0018160343170166016
163391,normal,207,0,1782360603.028245,0.0021445751190185547
163392,normal,3645,0,1782360603.030243,0.0019979476928710938
163393,normal,1703,0,1782360603.0320928,0.0018498897552490234
163394,normal,2980,0,1782360603.0340915,0.0019986629486083984
163395,normal,1239,0,1782360603.0362818,0.0021903514862060547
163396,normal,1056,0,1782360603.0380843,0.0018024444580078125
163397,normal,2273,0,1782360603.0402439,0.002159595489501953
163398,normal,1623,0,1782360603.042088,0.001844167709350586
163399,normal,1791,0,1782360603.044086,0.0019979476928710938
163400,normal,145,0,1782360603.0462441,0.0021581649780273438
163401,normal,3700,0,1782360603.0482383,0.0019941329956054688
163402,normal,819,2,1782360603.0500846,0.0018463134765625
163403,normal,2632,0,1782360603.052244,0.0021593570709228516
163404,normal,607,0,1782360603.0542386,0.001994609832763672
163405,normal,2191,0,1782360603.0560842,0.0018455982208251953
163406,normal,2270,0,1782360603.0582592,0.0021750926971435547
163407,normal,2359,0,1782360603.0603023,0.002043008804321289
163408,normal,219,0,1782360603.0620828,0.0017805099487304688
163409,normal,1604,0,1782360603.064245,0.0021622180938720703
163410,normal,1833,0,1782360603.0662522,0.0020072460174560547
163411,normal,1310,0,1782360603.0680857,0.0018334388732910156
163412,normal,1942,0,1782360603.0702453,0.002159595489501953
163413,normal,3409,0,1782360603.0722435,0.0019981861114501953
163414,normal,1506,0,1782360603.0740826,0.0018391609191894531
163415,normal,2307,0,1782360603.0762498,0.002167224884033203
163416,normal,83,0,1782360603.0783105,0.0020606517791748047
163417,normal,1277,0,1782360603.0800858,0.0017752647399902344
163418,normal,2147,0,1782360603.0822759,0.002190113067626953
163419,normal,489,0,1782360603.0841606,0.0018846988677978516
163420,normal,2702,0,1782360603.086278,0.0021173954010009766
163421,normal,695,0,1782360603.0881302,0.001852273941040039
163422,normal,2002,0,1782360603.0902553,0.0021250247955322266
163423,normal,430,0,1782360603.0921304,0.001875162124633789
163424,normal,3343,1,1782360603.0942771,0.0021467208862304688
163425,normal,3448,0,1782360603.0961654,0.001888275146484375
163426,normal,3188,1,1782360603.0982788,0.00211334228515625
163427,normal,3436,0,1782360603.100131,0.001852273941040039
163428,normal,1231,0,1782360603.1023204,0.0021893978118896484
163429,normal,2795,0,1782360603.1041303,0.001809835433959961
163430,normal,3187,1,1782360603.1062758,0.002145528793334961
163431,normal,2284,0,1782360603.1083314,0.002055644989013672
163432,normal,1645,0,1782360603.1101305,0.0017991065979003906
163433,normal,580,0,1782360603.1122754,0.0021448135375976562
163434,normal,3439,0,1782360603.1143253,0.0020499229431152344
163435,normal,1079,0,1782360603.116131,0.0018057823181152344
163436,normal,1189,0,1782360603.118279,0.0021479129791259766
163437,normal,3208,1,1782360603.1201763,0.0018973350524902344
163438,normal,2426,0,1782360603.1222782,0.002101898193359375
163439,normal,2776,0,1782360603.1241288,0.0018506050109863281
163440,normal,3665,0,1782360603.1263304,0.002201557159423828
163441,normal,546,0,1782360603.1281567,0.0018262863159179688
163442,normal,3295,1,1782360603.1302774,0.0021207332611083984
163443,normal,759,0,1782360603.1321802,0.0019028186798095703
163444,normal,2242,0,1782360603.1342793,0.0020990371704101562
163445,normal,235,0,1782360603.1361365,0.0018572807312011719
163446,normal,2748,0,1782360603.1382818,0.0021452903747558594
163447,normal,1075,0,1782360603.1401296,0.0018477439880371094
163448,normal,2491,0,1782360603.1422756,0.002146005630493164
163449,normal,3400,1,1782360603.144282,0.00200653076171875
163450,normal,1559,0,1782360603.1461291,0.0018470287322998047
163451,normal,774,2,1782360603.148275,0.0021457672119140625
163452,normal,1395,0,1782360603.1503391,0.002064228057861328
163453,normal,854,2,1782360603.1521323,0.0017931461334228516
163454,normal,2832,0,1782360603.1542754,0.0021431446075439453
163455,normal,764,0,1782360603.1563444,0.0020689964294433594
163456,normal,1690,0,1782360603.158128,0.001783609390258789
163457,normal,214,0,1782360603.1601284,0.0020003318786621094
163458,normal,431,0,1782360603.1623478,0.0022194385528564453
163459,normal,1353,1,1782360603.1641283,0.0017805099487304688
163460,normal,2923,0,1782360603.1662757,0.0021474361419677734
163461,normal,365,0,1782360603.1683471,0.002071380615234375
163462,normal,2218,0,1782360603.1701417,0.001794576644897461
163463,normal,3557,0,1782360603.1722767,0.002135038375854492
163464,normal,1753,0,1782360603.1743617,0.002084970474243164
163465,normal,1748,0,1782360603.1761441,0.0017824172973632812
163466,normal,1195,0,1782360603.1782765,0.002132415771484375
163467,normal,3497,0,1782360603.1802933,0.002016782760620117
163468,normal,799,2,1782360603.1821306,0.0018372535705566406
163469,normal,2291,0,1782360603.1842358,0.002105236053466797
163470,normal,2837,0,1782360603.1863544,0.0021185874938964844
163471,normal,1022,2,1782360603.1881294,0.0017750263214111328
163472,normal,3401,1,1782360603.1902761,0.0021467208862304688
163473,normal,2141,0,1782360603.1922822,0.002006053924560547
163474,normal,1234,0,1782360603.194138,0.0018558502197265625
163475,normal,3176,1,1782360603.1962771,0.0021390914916992188
163476,normal,1661,0,1782360603.1982846,0.0020074844360351562
163477,normal,375,0,1782360603.2001386,0.00185394287109375
163478,normal,2108,0,1782360603.2022767,0.0021381378173828125
163479,normal,2680,0,1782360603.2042549,0.001978158950805664
163480,normal,3476,0,1782360603.2061267,0.0018718242645263672
163481,normal,1659,0,1782360603.2082734,0.0021467208862304688
163482,normal,1429,0,1782360603.2101018,0.0018284320831298828
163483,normal,436,0,1782360603.2122757,0.002173900604248047
163484,normal,2972,0,1782360603.2141354,0.0018596649169921875
163485,normal,875,2,1782360603.2162833,0.0021479129791259766
163486,normal,314,0,1782360603.2181008,0.001817464828491211
163487,normal,1192,0,1782360603.2202754,0.0021746158599853516
163488,normal,1166,0,1782360603.2222843,0.0020089149475097656
163489,normal,3158,1,1782360603.2241297,0.0018453598022460938
163490,normal,882,2,1782360603.2262785,0.002148866653442383
163491,normal,3185,1,1782360603.2283032,0.0020246505737304688
163492,normal,3195,1,1782360603.2301013,0.0017981529235839844
163493,normal,178,0,1782360603.2322752,0.002173900604248047
163494,normal,1324,1,1782360603.2343047,0.0020294189453125
163495,normal,1173,0,1782360603.2361298,0.001825094223022461
163496,normal,3417,0,1782360603.2382758,0.002146005630493164
163497,normal,577,0,1782360603.2402833,0.0020074844360351562
163498,normal,2925,0,1782360603.2420998,0.0018165111541748047
163499,normal,2298,0,1782360603.2442758,0.002176046371459961
163500,normal,2489,0,1782360603.2462857,0.002009868621826172
163501,normal,3038,0,1782360603.2481022,0.0018165111541748047
163502,normal,688,0,1782360603.250274,0.002171754837036133
163503,normal,493,0,1782360603.2522902,0.002016305923461914
163504,normal,3489,0,1782360603.2540996,0.0018093585968017578
163505,normal,3153,1,1782360603.256276,0.0021762847900390625
163506,normal,1617,0,1782360603.2582583,0.001982450485229492
163507,normal,2556,0,1782360603.2601285,0.0018701553344726562
163508,normal,3042,0,1782360603.2622871,0.002158641815185547
163509,normal,3051,1,1782360603.2641,0.0018129348754882812
163510,normal,1895,0,1782360603.266276,0.0021758079528808594
163511,normal,2471,0,1782360603.268129,0.0018532276153564453
163512,normal,85,0,1782360603.2702832,0.002154111862182617
163513,normal,2145,0,1782360603.2721298,0.0018465518951416016
163514,normal,822,2,1782360603.2742782,0.0021483898162841797
163515,normal,1649,0,1782360603.2764027,0.0021245479583740234
163516,normal,663,0,1782360603.2781274,0.0017247200012207031
163517,normal,3450,0,1782360603.280275,0.002147674560546875
163518,normal,1093,0,1782360603.2822554,0.001980304718017578
163519,normal,1522,0,1782360603.2841268,0.001871347427368164
163520,normal,2329,0,1782360603.28613,0.002003192901611328
163521,normal,2337,0,1782360603.2882562,0.0021262168884277344
163522,normal,775,2,1782360603.2901301,0.0018739700317382812
163523,normal,3337,1,1782360603.2922835,0.0021533966064453125
163524,normal,2890,0,1782360603.2942562,0.001972675323486328
163525,normal,1059,0,1782360603.2961285,0.0018723011016845703
163526,normal,3391,1,1782360603.2982771,0.0021486282348632812
163527,normal,133,0,1782360603.300259,0.001981973648071289
163528,normal,964,2,1782360603.3021288,0.0018696784973144531
163529,normal,2644,0,1782360603.3042762,0.0021474361419677734
163530,normal,2208,0,1782360603.3062546,0.0019783973693847656
163531,normal,2392,0,1782360603.3081286,0.0018739700317382812
163532,normal,2126,0,1782360603.3102837,0.0021550655364990234
163533,normal,2460,0,1782360603.3123083,0.0020246505737304688
163534,normal,2004,0,1782360603.3141282,0.0018198490142822266
163535,normal,1248,0,1782360603.3162766,0.0021483898162841797
163536,normal,217,0,1782360603.3182561,0.0019795894622802734
163537,normal,1436,0,1782360603.3201303,0.0018742084503173828
163538,normal,2447,0,1782360603.3222868,0.002156496047973633
163539,normal,3443,0,1782360603.3242564,0.001969575881958008
163540,normal,2898,0,1782360603.3261395,0.0018830299377441406
163541,normal,2311,0,1782360603.328282,0.002142667770385742
163542,normal,551,0,1782360603.3301177,0.0018355846405029297
163543,normal,3416,0,1782360603.332099,0.0019812583923339844
163544,normal,648,0,1782360603.3340518,0.0019528865814208984
163545,normal,2996,0,1782360603.3360872,0.002035379409790039
163546,normal,1338,1,1782360603.338035,0.0019478797912597656
163547,normal,1132,0,1782360603.340079,0.0020439624786376953
163548,normal,362,0,1782360603.3420858,0.0020067691802978516
163549,normal,3502,0,1782360603.3440313,0.00194549560546875
163550,normal,588,0,1782360603.3460763,0.0020449161529541016
163551,normal,2891,0,1782360603.3482502,0.002173900604248047
163552,normal,1039,0,1782360603.350344,0.002093791961669922
163553,normal,3095,1,1782360603.352101,0.0017571449279785156
163554,normal,2293,0,1782360603.3542604,0.0021593570709228516
163555,normal,3688,0,1782360603.356091,0.0018305778503417969
163556,normal,506,0,1782360603.3584874,0.0023963451385498047
163557,normal,2453,0,1782360603.3603144,0.0018270015716552734
163558,normal,179,0,1782360603.3622863,0.0019719600677490234
163559,normal,2880,0,1782360603.364259,0.001972675323486328
163560,normal,1483,0,1782360603.3664496,0.0021905899047851562
163561,normal,1187,0,1782360603.3681338,0.0016841888427734375
163562,normal,3230,1,1782360603.3704603,0.002326488494873047
163563,normal,2523,0,1782360603.3723135,0.0018532276153564453
163564,normal,3213,1,1782360603.3742986,0.0019850730895996094
163565,normal,1035,0,1782360603.376262,0.001963376998901367
163566,normal,3479,0,1782360603.3784492,0.0021872520446777344
163567,normal,3375,1,1782360603.3801131,0.0016639232635498047
163568,normal,1402,0,1782360603.3822527,0.002139568328857422
163569,normal,3556,0,1782360603.3843386,0.0020859241485595703
163570,normal,736,0,1782360603.386137,0.001798391342163086
163571,normal,2716,0,1782360603.3882723,0.0021352767944335938
163572,normal,1889,0,1782360603.3903427,0.0020704269409179688
163573,normal,1043,0,1782360603.392097,0.0017542839050292969
163574,normal,1462,0,1782360603.3942735,0.002176523208618164
163575,normal,1953,0,1782360603.3962808,0.0020072460174560547
163576,normal,991,2,1782360603.3981256,0.0018448829650878906
163577,normal,1602,0,1782360603.4002748,0.0021491050720214844
163578,normal,3565,0,1782360603.402347,0.0020723342895507812
163579,normal,3242,1,1782360603.4040983,0.0017511844635009766
163580,normal,3486,0,1782360603.4062722,0.002173900604248047
163581,normal,2287,0,1782360603.4083502,0.0020780563354492188
163582,normal,1589,0,1782360603.4100983,0.0017480850219726562
163583,normal,3690,0,1782360603.4122746,0.0021762847900390625
163584,normal,2387,0,1782360603.4143527,0.0020780563354492188
163585,normal,976,2,1782360603.4161243,0.001771688461303711
163586,normal,1080,0,1782360603.4182734,0.0021491050720214844
163587,normal,3074,1,1782360603.4202802,0.0020067691802978516
163588,normal,2178,0,1782360603.4220986,0.0018184185028076172
163589,normal,3233,1,1782360603.4242709,0.002172231674194336
163590,normal,965,2,1782360603.4262784,0.0020074844360351562
163591,normal,1818,0,1782360603.4281244,0.0018460750579833984
163592,normal,3094,1,1782360603.4302742,0.002149820327758789
163593,normal,728,0,1782360603.4322746,0.0020003318786621094
163594,normal,457,0,1782360603.4340959,0.001821279525756836
163595,normal,899,2,1782360603.4362676,0.002171754837036133
163596,normal,68,0,1782360603.4382074,0.0019397735595703125
163597,normal,2241,0,1782360603.4402487,0.002041339874267578
163598,normal,460,0,1782360603.4421253,0.0018765926361083984
163599,normal,3385,1,1782360603.4443672,0.002241849899291992
163600,normal,1317,0,1782360603.4460964,0.0017292499542236328
163601,normal,1137,0,1782360603.4482844,0.002187967300415039
163602,normal,2444,0,1782360603.4503677,0.002083301544189453
163603,normal,3482,0,1782360603.4520981,0.0017304420471191406
163604,normal,0,0,1782360603.4542735,0.0021753311157226562
163605,normal,933,2,1782360603.4562862,0.0020127296447753906
163606,normal,103,0,1782360603.458097,0.0018107891082763672
163607,normal,2623,0,1782360603.4602704,0.0021734237670898438
163608,normal,2408,0,1782360603.4623692,0.0020987987518310547
163609,normal,1107,0,1782360603.4640973,0.001728057861328125
163610,normal,653,0,1782360603.4662738,0.002176523208618164
163611,normal,1504,0,1782360603.4683137,0.0020399093627929688
163612,normal,3360,1,1782360603.4700973,0.001783609390258789
163613,normal,1291,0,1782360603.4722726,0.0021753311157226562
163614,normal,1082,0,1782360603.4742777,0.0020051002502441406
163615,normal,3099,1,1782360603.4760988,0.0018210411071777344
163616,normal,2162,0,1782360603.4782715,0.002172708511352539
163617,normal,552,0,1782360603.4802735,0.0020020008087158203
163618,normal,3143,1,1782360603.4820962,0.0018227100372314453
163619,normal,3582,0,1782360603.4842725,0.0021762847900390625
163620,normal,3128,1,1782360603.486291,0.002018451690673828
163621,normal,1377,1,1782360603.4880972,0.0018062591552734375
163622,normal,1771,0,1782360603.4902723,0.0021750926971435547
163623,normal,1437,0,1782360603.4922783,0.002006053924560547
163624,normal,3642,0,1782360603.4941242,0.0018458366394042969
163625,normal,2649,0,1782360603.4962728,0.0021486282348632812
163626,normal,355,0,1782360603.4982767,0.002003908157348633
163627,normal,2348,0,1782360603.5001261,0.0018494129180908203
163628,normal,2113,0,1782360603.5022736,0.0021474361419677734
163629,normal,3435,0,1782360603.5042922,0.0020186901092529297
163630,normal,2687,0,1782360603.5061252,0.0018329620361328125
163631,normal,1526,0,1782360603.5082748,0.0021495819091796875
163632,normal,1641,0,1782360603.5102932,0.002018451690673828
163633,normal,3637,0,1782360603.5121253,0.0018320083618164062
163634,normal,1669,0,1782360603.5142708,0.002145528793334961
163635,normal,781,2,1782360603.5162795,0.002008676528930664
163636,normal,297,0,1782360603.5181255,0.0018460750579833984
163637,normal,1562,0,1782360603.520273,0.0021474361419677734
163638,normal,1468,0,1782360603.5222867,0.002013683319091797
163639,normal,2750,0,1782360603.5241246,0.0018379688262939453
163640,normal,1644,0,1782360603.526279,0.0021543502807617188
163641,normal,1072,0,1782360603.52828,0.002001047134399414
163642,normal,2655,0,1782360603.5301256,0.0018455982208251953
163643,normal,1209,0,1782360603.5322793,0.002153635025024414
163644,normal,1210,0,1782360603.5342782,0.0019989013671875
163645,normal,1388,0,1782360603.5361423,0.0018641948699951172
163646,normal,1493,0,1782360603.5382779,0.0021355152130126953
163647,normal,2696,0,1782360603.5402799,0.0020020008087158203
163648,normal,494,0,1782360603.5421243,0.0018444061279296875
163649,normal,784,2,1782360603.5442724,0.002148151397705078
163650,normal,714,0,1782360603.5462785,0.002006053924560547
163651,normal,3445,0,1782360603.5481253,0.0018467903137207031
163652,normal,519,0,1782360603.550273,0.002147674560546875
163653,normal,1374,1,1782360603.5522788,0.0020058155059814453
163654,normal,1893,0,1782360603.554124,0.0018453598022460938
163655,normal,3056,1,1782360603.5562718,0.002147674560546875
163656,normal,1700,0,1782360603.5582788,0.002007007598876953
163657,normal,1302,0,1782360603.5601227,0.0018439292907714844
163658,normal,2609,0,1782360603.5622725,0.002149820327758789
163659,normal,2815,0,1782360603.5642867,0.00201416015625
163660,normal,3494,0,1782360603.566126,0.0018393993377685547
163661,normal,521,0,1782360603.5682724,0.0021462440490722656
163662,normal,2817,0,1782360603.5702765,0.0020041465759277344
163663,normal,65,0,1782360603.5721269,0.0018503665924072266
163664,normal,69,0,1782360603.574282,0.0021550655364990234
163665,normal,960,2,1782360603.5763168,0.002034902572631836
163666,normal,3636,0,1782360603.578096,0.0017790794372558594
163667,normal,2505,0,1782360603.5802734,0.0021774768829345703
163668,normal,2360,0,1782360603.5822854,0.002012014389038086
163669,normal,672,0,1782360603.5841238,0.0018384456634521484
163670,normal,1042,0,1782360603.5862913,0.0021674633026123047
163671,normal,508,0,1782360603.5882778,0.0019865036010742188
163672,normal,3280,1,1782360603.5901234,0.0018455982208251953
163673,normal,288,0,1782360603.5922737,0.002150297164916992
163674,normal,2805,0,1782360603.5942905,0.002016782760620117
163675,normal,1608,0,1782360603.5966184,0.0023279190063476562
163676,normal,1448,0,1782360603.5982761,0.001657724380493164
163677,normal,2404,0,1782360603.6002743,0.0019981861114501953
163678,normal,266,0,1782360603.602122,0.0018477439880371094
163679,normal,454,0,1782360603.6042764,0.0021543502807617188
163680,normal,746,0,1782360603.606268,0.0019915103912353516
163681,normal,422,0,1782360603.6081543,0.0018863677978515625
163682,normal,1656,0,1782360603.6102676,0.00211334228515625
163683,normal,2929,0,1782360603.6122727,0.0020051002502441406
163684,normal,1482,0,1782360603.614121,0.0018482208251953125
163685,normal,2545,0,1782360603.6162696,0.0021486282348632812
163686,normal,1827,0,1782360603.6182685,0.0019989013671875
163687,normal,2142,0,1782360603.620122,0.0018534660339355469
163688,normal,248,0,1782360603.6222675,0.002145528793334961
163689,normal,713,0,1782360603.624273,0.0020055770874023438
163690,normal,3325,1,1782360603.626121,0.001847982406616211
163691,normal,2874,0,1782360603.6282668,0.0021457672119140625
163692,normal,1198,0,1782360603.630268,0.0020012855529785156
163693,normal,2048,0,1782360603.6321294,0.0018613338470458984
163694,normal,2942,0,1782360603.6342745,0.002145051956176758
163695,normal,2077,0,1782360603.6362717,0.001997232437133789
163696,normal,1105,0,1782360603.638129,0.0018572807312011719
163697,normal,318,0,1782360603.6402698,0.0021407604217529297
163698,normal,1647,0,1782360603.6420934,0.0018236637115478516
163699,normal,2470,0,1782360603.6442204,0.002126932144165039
163700,normal,459,0,1782360603.6461048,0.00188446044921875
163701,normal,3496,0,1782360603.6483715,0.0022666454315185547
163702,normal,2215,0,1782360603.6501458,0.0017743110656738281
163703,normal,2800,0,1782360603.6524136,0.0022678375244140625
163704,normal,333,0,1782360603.6543224,0.0019087791442871094
163705,normal,2614,0,1782360603.6562307,0.0019083023071289062
163706,normal,1836,0,1782360603.658223,0.0019922256469726562
163707,normal,2368,0,1782360603.660264,0.0020411014556884766
163708,normal,1243,0,1782360603.6621482,0.0018842220306396484
163709,normal,563,0,1782360603.6643314,0.002183198928833008
163710,normal,1305,0,1782360603.6662319,0.0019004344940185547
163711,normal,998,2,1782360603.6681504,0.0019185543060302734
163712,normal,968,2,1782360603.6703324,0.0021820068359375
163713,normal,447,0,1782360603.6723034,0.001971006393432617
163714,normal,1658,0,1782360603.674148,0.001844644546508789
163715,normal,3487,0,1782360603.6763349,0.0021867752075195312
163716,normal,87,0,1782360603.6782289,0.0018939971923828125
163717,normal,229,0,1782360603.6801493,0.001920461654663086
163718,normal,386,0,1782360603.6823485,0.0021991729736328125
163719,normal,665,0,1782360603.6842268,0.0018782615661621094
163720,normal,73,0,1782360603.6861448,0.0019180774688720703
163721,normal,557,0,1782360603.688146,0.0020012855529785156
163722,normal,3252,1,1782360603.6902597,0.0021135807037353516
163723,normal,1300,0,1782360603.6921077,0.001847982406616211
163724,normal,2380,0,1782360603.694341,0.002233266830444336
163725,normal,1140,0,1782360603.6962335,0.0018925666809082031
163726,normal,2114,0,1782360603.6981459,0.0019123554229736328
163727,normal,1348,1,1782360603.7003438,0.0021979808807373047
163728,normal,2369,0,1782360603.7022274,0.0018835067749023438
163729,normal,1077,0,1782360603.7041528,0.0019254684448242188
163730,normal,1440,0,1782360603.706343,0.002190113067626953
163731,normal,3326,1,1782360603.7082317,0.0018887519836425781
163732,normal,1034,0,1782360603.7101521,0.001920461654663086
163733,normal,1425,0,1782360603.7122855,0.0021333694458007812
163734,normal,495,0,1782360603.7142537,0.0019681453704833984
163735,normal,1387,0,1782360603.716094,0.001840353012084961
163736,normal,1130,0,1782360603.718288,0.002193927764892578
163737,normal,241,0,1782360603.7202637,0.0019757747650146484
163738,normal,2573,0,1782360603.7220917,0.0018279552459716797
163739,normal,539,0,1782360603.7242763,0.002184629440307617
163740,normal,3613,0,1782360603.726245,0.0019686222076416016
163741,normal,2948,0,1782360603.7280889,0.0018439292907714844
163742,normal,33,0,1782360603.7302759,0.002187013626098633
163743,normal,3247,1,1782360603.7321038,0.0018279552459716797
163744,normal,700,0,1782360603.7340868,0.0019829273223876953
163745,normal,1634,0,1782360603.7362795,0.0021927356719970703
163746,normal,1280,0,1782360603.7382433,0.0019638538360595703
163747,normal,843,2,1782360603.7401175,0.0018742084503173828
163748,normal,1376,1,1782360603.7424383,0.0023207664489746094
163749,normal,929,2,1782360603.744086,0.0016477108001708984
163750,normal,185,0,1782360603.7462513,0.0021653175354003906
163751,normal,678,0,1782360603.7481232,0.0018718242645263672
163752,normal,2796,0,1782360603.750249,0.0021257400512695312
163753,normal,1907,0,1782360603.7520926,0.0018436908721923828
163754,normal,3695,0,1782360603.7542455,0.0021529197692871094
163755,normal,2557,0,1782360603.7562447,0.0019991397857666016
163756,normal,1775,0,1782360603.7580895,0.0018448829650878906
163757,normal,1874,0,1782360603.760278,0.002188444137573242
163758,normal,1066,0,1782360603.7622504,0.0019724369049072266
163759,normal,2765,0,1782360603.764094,0.0018436908721923828
163760,normal,1071,0,1782360603.7662418,0.002147674560546875
163761,normal,3132,1,1782360603.7682478,0.002006053924560547
163762,normal,3604,0,1782360603.770114,0.0018661022186279297
163763,normal,3007,0,1782360603.7722452,0.002131223678588867
163764,normal,2634,0,1782360603.7742448,0.0019996166229248047
163765,normal,1689,0,1782360603.7760968,0.0018520355224609375
163766,normal,2902,0,1782360603.7782464,0.0021495819091796875
163767,normal,3142,1,1782360603.7802465,0.002000093460083008
163768,normal,66,0,1782360603.7820888,0.0018422603607177734
163769,normal,2604,0,1782360603.7842803,0.0021915435791015625
163770,normal,2146,0,1782360603.7862496,0.0019693374633789062
163771,normal,2602,0,1782360603.7880874,0.0018377304077148438
163772,normal,441,0,1782360603.790241,0.002153635025024414
163773,normal,3041,0,1782360603.792244,0.0020029544830322266
163774,normal,1312,0,1782360603.794088,0.0018439292907714844
163775,normal,2366,0,1782360603.7962818,0.002193927764892578
163776,normal,2638,0,1782360603.7982574,0.001975536346435547
163777,normal,654,0,1782360603.8000877,0.0018303394317626953
163778,normal,1244,0,1782360603.8022816,0.002193927764892578
163779,normal,2301,0,1782360603.804245,0.001963376998901367
163780,normal,363,0,1782360603.8060896,0.001844644546508789
163781,normal,1597,0,1782360603.80828,0.0021903514862060547
163782,normal,1138,0,1782360603.8102484,0.0019683837890625
163783,normal,1578,0,1782360603.8120883,0.0018398761749267578
163784,normal,1772,0,1782360603.8142822,0.002193927764892578
163785,normal,880,2,1782360603.8162467,0.001964569091796875
163786,normal,2792,0,1782360603.8180873,0.0018405914306640625
163787,normal,2132,0,1782360603.8202813,0.002193927764892578
163788,normal,3411,0,1782360603.8222501,0.001968860626220703
163789,normal,1563,0,1782360603.8240924,0.0018422603607177734
163790,normal,1084,0,1782360603.8263083,0.002215862274169922
163791,normal,3545,0,1782360603.8282533,0.0019450187683105469
163792,normal,1536,0,1782360603.8300912,0.0018379688262939453
163793,normal,2693,0,1782360603.832282,0.002190828323364258
163794,normal,1584,0,1782360603.8342426,0.0019605159759521484
163795,normal,305,0,1782360603.836086,0.0018434524536132812
163796,normal,3508,0,1782360603.8382816,0.002195596694946289
163797,normal,3427,0,1782360603.8402624,0.0019807815551757812
163798,normal,106,0,1782360603.8420885,0.0018260478973388672
163799,normal,1086,0,1782360603.8442404,0.002151966094970703
163800,normal,278,0,1782360603.8462439,0.0020034313201904297
163801,normal,107,0,1782360603.8480868,0.0018429756164550781
163802,normal,525,0,1782360603.8502421,0.002155303955078125
163803,normal,886,2,1782360603.852252,0.002009868621826172
163804,normal,1776,0,1782360603.8540869,0.001834869384765625
163805,normal,2743,0,1782360603.8562486,0.002161741256713867
163806,normal,1806,0,1782360603.8582456,0.0019969940185546875
163807,normal,3491,0,1782360603.8600872,0.0018415451049804688
163808,normal,758,0,1782360603.8620927,0.0020055770874023438
163809,normal,3681,0,1782360603.8642468,0.002154111862182617
163810,normal,3618,0,1782360603.866086,0.0018391609191894531
163811,normal,2735,0,1782360603.86825,0.0021638870239257812
163812,normal,545,0,1782360603.8702493,0.001999378204345703
163813,normal,399,0,1782360603.872087,0.0018377304077148438
163814,normal,1100,0,1782360603.8742514,0.0021643638610839844
163815,normal,1502,0,1782360603.8762484,0.0019969940185546875
163816,normal,3079,1,1782360603.8780882,0.0018398761749267578
163817,normal,209,0,1782360603.8802526,0.0021643638610839844
163818,normal,2220,0,1782360603.8822553,0.002002716064453125
163819,normal,3490,0,1782360603.8840878,0.0018324851989746094
163820,normal,958,2,1782360603.8862565,0.0021686553955078125
163821,normal,3619,0,1782360603.8882432,0.0019867420196533203
163822,normal,3593,0,1782360603.8900888,0.0018455982208251953
163823,normal,2046,0,1782360603.8922632,0.00217437744140625
163824,normal,2172,0,1782360603.8942614,0.0019981861114501953
163825,normal,1476,0,1782360603.8960874,0.0018260478973388672
163826,normal,3455,0,1782360603.898262,0.0021746158599853516
163827,normal,762,0,1782360603.900244,0.001981973648071289
163828,normal,2879,0,1782360603.9020863,0.0018422603607177734
163829,normal,361,0,1782360603.9042647,0.0021784305572509766
163830,normal,2637,0,1782360603.9062438,0.0019791126251220703
163831,normal,159,0,1782360603.9080892,0.0018453598022460938
163832,normal,3687,0,1782360603.9102674,0.002178192138671875
163833,normal,2345,0,1782360603.9122448,0.0019774436950683594
163834,normal,2945,0,1782360603.9140937,0.0018489360809326172
163835,normal,2665,0,1782360603.9162693,0.002175569534301758
163836,normal,1606,0,1782360603.9182718,0.0020024776458740234
163837,normal,1781,0,1782360603.9201057,0.0018339157104492188
163838,normal,2272,0,1782360603.9222713,0.002165555953979492
163839,normal,2098,0,1782360603.9242504,0.0019791126251220703
163840,normal,1219,0,1782360603.9260879,0.0018374919891357422
163841,normal,2500,0,1782360603.9282749,0.002187013626098633
163842,normal,2323,0,1782360603.9302762,0.0020012855529785156
163843,normal,480,0,1782360603.9320867,0.0018105506896972656
163844,normal,2356,0,1782360603.9342434,0.0021567344665527344
163845,normal,3228,1,1782360603.936277,0.0020334720611572266
163846,normal,2903,0,1782360603.9380877,0.0018107891082763672
163847,normal,2152,0,1782360603.940281,0.0021932125091552734
163848,normal,3366,1,1782360603.9422483,0.0019674301147460938
163849,normal,150,0,1782360603.94409,0.0018415451049804688
163850,normal,3069,1,1782360603.9462814,0.0021915435791015625
163851,normal,1938,0,1782360603.9482484,0.0019669532775878906
163852,normal,1784,0,1782360603.9500887,0.001840353012084961
163853,normal,2661,0,1782360603.9522834,0.002194643020629883
163854,normal,3418,0,1782360603.9542508,0.0019674301147460938
163855,normal,2060,0,1782360603.956089,0.0018382072448730469
163856,normal,853,2,1782360603.9582875,0.002198457717895508
163857,normal,1441,0,1782360603.9602468,0.0019593238830566406
163858,normal,1370,1,1782360603.9620862,0.0018393993377685547
163859,normal,1876,0,1782360603.964286,0.002199888229370117
163860,normal,3261,1,1782360603.9662542,0.0019681453704833984
163861,normal,3172,1,1782360603.9680874,0.001833200454711914
163862,normal,1498,0,1782360603.9702868,0.002199411392211914
163863,normal,756,0,1782360603.9722466,0.0019598007202148438
163864,normal,3256,1,1782360603.974087,0.001840353012084961
163865,normal,1595,0,1782360603.9762642,0.0021772384643554688
163866,normal,2023,0,1782360603.97825,0.001985788345336914
163867,normal,1789,0,1782360603.9800868,0.0018367767333984375
163868,normal,181,0,1782360603.9822874,0.002200603485107422
163869,normal,1800,0,1782360603.9842472,0.0019598007202148438
163870,normal,2194,0,1782360603.986089,0.0018417835235595703
163871,normal,649,0,1782360603.9882448,0.002155780792236328
163872,normal,1249,0,1782360603.9902453,0.002000570297241211
163873,normal,260,0,1782360603.9920905,0.0018451213836669922
163874,normal,25,0,1782360603.9942882,0.002197742462158203
163875,normal,566,0,1782360603.9962492,0.0019609928131103516
163876,normal,872,2,1782360603.9980893,0.0018401145935058594
163877,normal,2635,0,1782360604.0002422,0.0021529197692871094
163878,normal,274,0,1782360604.002245,0.002002716064453125
163879,normal,3362,1,1782360604.0040872,0.0018422603607177734
163880,normal,118,0,1782360604.0062892,0.0022020339965820312
163881,normal,351,0,1782360604.008245,0.001955747604370117
163882,normal,1229,0,1782360604.010089,0.0018439292907714844
163883,normal,1115,0,1782360604.0122404,0.0021514892578125
163884,normal,2064,0,1782360604.01425,0.0020096302032470703
163885,normal,2168,0,1782360604.0160873,0.0018372535705566406
163886,normal,917,2,1782360604.018288,0.002200603485107422
163887,normal,3193,1,1782360604.0202494,0.0019614696502685547
163888,normal,342,0,1782360604.022088,0.00183868408203125
163889,normal,1469,0,1782360604.0242417,0.002153635025024414
163890,normal,2580,0,1782360604.0262456,0.002003908157348633
163891,normal,3115,1,1782360604.028087,0.0018413066864013672
163892,normal,212,0,1782360604.0302896,0.002202749252319336
163893,normal,1488,0,1782360604.032283,0.001993417739868164
163894,normal,3253,1,1782360604.0340877,0.0018045902252197266
163895,normal,722,0,1782360604.036307,0.0022194385528564453
163896,normal,2824,0,1782360604.038244,0.0019369125366210938
163897,normal,3384,1,1782360604.0400872,0.0018432140350341797
163898,normal,1378,1,1782360604.04229,0.002202749252319336
163899,normal,1240,0,1782360604.0442438,0.0019538402557373047
163900,normal,3218,1,1782360604.0460877,0.0018439292907714844
163901,normal,40,0,1782360604.048288,0.0022003650665283203
163902,normal,820,2,1782360604.0502484,0.001960277557373047
163903,normal,2281,0,1782360604.052089,0.0018405914306640625
163904,normal,2116,0,1782360604.0542421,0.002153158187866211
163905,normal,3368,1,1782360604.0562458,0.0020036697387695312
163906,normal,1572,0,1782360604.0580873,0.0018415451049804688
163907,normal,2541,0,1782360604.0602915,0.0022041797637939453
163908,normal,429,0,1782360604.062249,0.001957416534423828
163909,normal,2689,0,1782360604.0640879,0.0018389225006103516
163910,normal,1053,0,1782360604.066244,0.0021560192108154297
163911,normal,2527,0,1782360604.0682464,0.0020024776458740234
163912,normal,2507,0,1782360604.0700865,0.0018401145935058594
163913,normal,808,2,1782360604.0722907,0.0022041797637939453
163914,normal,2446,0,1782360604.0742486,0.0019578933715820312
163915,normal,2279,0,1782360604.0760992,0.0018506050109863281
163916,normal,1153,0,1782360604.0782897,0.0021905899047851562
163917,normal,2075,0,1782360604.0802476,0.0019578933715820312
163918,normal,2726,0,1782360604.0820885,0.001840829849243164
163919,normal,2395,0,1782360604.084243,0.0021545886993408203
163920,normal,1610,0,1782360604.0862496,0.00200653076171875
163921,normal,3587,0,1782360604.0880885,0.0018389225006103516
163922,normal,3077,1,1782360604.0902414,0.0021529197692871094
163923,normal,3066,1,1782360604.0922523,0.002010822296142578
163924,normal,3525,0,1782360604.0940871,0.001834869384765625
163925,normal,3173,1,1782360604.0962472,0.0021600723266601562
163926,normal,111,0,1782360604.098244,0.001996755599975586
163927,normal,1193,0,1782360604.1000876,0.0018436908721923828
163928,normal,2586,0,1782360604.1022408,0.002153158187866211
163929,normal,2648,0,1782360604.1042454,0.0020046234130859375
163930,normal,940,2,1782360604.1060886,0.0018432140350341797
163931,normal,2339,0,1782360604.1082513,0.0021626949310302734
163932,normal,3037,0,1782360604.1102529,0.002001523971557617
163933,normal,2333,0,1782360604.1120875,0.0018346309661865234
163934,normal,1088,0,1782360604.114241,0.0021533966064453125
163935,normal,192,0,1782360604.116245,0.0020041465759277344
163936,normal,3339,1,1782360604.1180854,0.001840353012084961
163937,normal,3017,0,1782360604.1202507,0.0021653175354003906
163938,normal,3318,1,1782360604.1222374,0.0019867420196533203
163939,normal,236,0,1782360604.1240869,0.0018494129180908203
163940,normal,330,0,1782360604.1262338,0.0021469593048095703
163941,normal,2770,0,1782360604.1282392,0.002005338668823242
163942,normal,2180,0,1782360604.1300836,0.0018444061279296875
163943,normal,2896,0,1782360604.1322567,0.002173185348510742
163944,normal,897,2,1782360604.1342382,0.001981496810913086
163945,normal,3677,0,1782360604.1360857,0.0018475055694580078
163946,normal,790,2,1782360604.138237,0.0021512508392333984
163947,normal,2904,0,1782360604.1402388,0.0020017623901367188
163948,normal,2992,0,1782360604.1420887,0.0018498897552490234
163949,normal,1227,0,1782360604.1442592,0.002170562744140625
163950,normal,755,0,1782360604.146239,0.001979827880859375
163951,normal,2035,0,1782360604.1480854,0.0018463134765625
163952,normal,1403,0,1782360604.1502407,0.002155303955078125
163953,normal,3480,0,1782360604.1522393,0.0019986629486083984
163954,normal,62,0,1782360604.1540864,0.0018470287322998047
163955,normal,3004,0,1782360604.1562655,0.0021791458129882812
163956,normal,2230,0,1782360604.158238,0.0019724369049072266
163957,normal,1693,0,1782360604.160084,0.0018460750579833984
163958,normal,2975,0,1782360604.162235,0.002151012420654297
163959,normal,952,2,1782360604.164239,0.002003908157348633
163960,normal,1909,0,1782360604.1660857,0.0018467903137207031
163961,normal,1015,2,1782360604.1682703,0.002184629440307617
163962,normal,184,0,1782360604.1702383,0.001967906951904297
163963,normal,3680,0,1782360604.1720836,0.0018453598022460938
163964,normal,1006,2,1782360604.1742346,0.002151012420654297
163965,normal,1287,0,1782360604.1762557,0.0020210742950439453
163966,normal,1849,0,1782360604.178085,0.001829385757446289
163967,normal,1841,0,1782360604.180278,0.002192974090576172
163968,normal,927,2,1782360604.1822386,0.0019605159759521484
163969,normal,408,0,1782360604.1840844,0.0018458366394042969
163970,normal,1694,0,1782360604.1862369,0.0021524429321289062
163971,normal,3590,0,1782360604.1882455,0.002008676528930664
163972,normal,504,0,1782360604.1901088,0.001863241195678711
163973,normal,861,2,1782360604.192279,0.0021703243255615234
163974,normal,817,2,1782360604.1944232,0.0021440982818603516
163975,normal,962,2,1782360604.1970434,0.002620220184326172
163976,normal,2953,0,1782360604.1981418,0.0010983943939208984
163977,normal,1792,0,1782360604.2002883,0.002146482467651367
163978,normal,1011,2,1782360604.202277,0.001988649368286133
163979,normal,803,2,1782360604.2042894,0.002012491226196289
163980,normal,3666,0,1782360604.2062974,0.0020079612731933594
163981,normal,3405,0,1782360604.208122,0.0018246173858642578
163982,normal,3541,0,1782360604.2101357,0.002013683319091797
163983,normal,980,2,1782360604.212236,0.002100229263305664
163984,normal,253,0,1782360604.2140946,0.0018587112426757812
163985,normal,1653,0,1782360604.2162902,0.002195596694946289
163986,normal,117,0,1782360604.218242,0.0019516944885253906
163987,normal,516,0,1782360604.2200925,0.0018506050109863281
163988,normal,2169,0,1782360604.222292,0.002199411392211914
163989,normal,3414,0,1782360604.2242384,0.0019464492797851562
163990,normal,3090,1,1782360604.2260852,0.0018467903137207031
163991,normal,1407,0,1782360604.228291,0.0022058486938476562
163992,normal,2078,0,1782360604.230239,0.0019478797912597656
163993,normal,368,0,1782360604.2320862,0.0018472671508789062
163994,normal,1726,0,1782360604.2342916,0.002205371856689453
163995,normal,2435,0,1782360604.2362425,0.001950979232788086
163996,normal,1707,0,1782360604.2380867,0.001844167709350586
163997,normal,367,0,1782360604.2402909,0.0022041797637939453
163998,normal,3584,0,1782360604.2422416,0.0019507408142089844
163999,normal,711,0,1782360604.2440865,0.0018448829650878906
164000,normal,984,2,1782360604.2462912,0.0022046566009521484
164001,normal,534,0,1782360604.248237,0.0019457340240478516
164002,normal,1890,0,1782360604.250085,0.0018482208251953125
164003,normal,2173,0,1782360604.2522907,0.0022056102752685547
164004,normal,1958,0,1782360604.2542446,0.0019538402557373047
164005,normal,290,0,1782360604.256086,0.0018415451049804688
164006,normal,556,0,1782360604.2582922,0.002206087112426758
164007,normal,1416,0,1782360604.2602382,0.0019459724426269531
164008,normal,164,0,1782360604.2620883,0.001850128173828125
164009,normal,1031,0,1782360604.2642777,0.0021893978118896484
164010,normal,1590,0,1782360604.2662766,0.0019989013671875
164011,normal,2821,0,1782360604.2680898,0.0018131732940673828
164012,normal,1417,0,1782360604.270292,0.002202272415161133
164013,normal,2127,0,1782360604.2722478,0.001955747604370117
164014,normal,1391,0,1782360604.2740903,0.001842498779296875
164015,normal,852,2,1782360604.2762954,0.0022051334381103516
164016,normal,2072,0,1782360604.2782407,0.0019452571868896484
164017,normal,357,0,1782360604.2800848,0.001844167709350586
164018,normal,2189,0,1782360604.2822936,0.002208709716796875
164019,normal,2739,0,1782360604.2842379,0.0019443035125732422
164020,normal,1996,0,1782360604.2860887,0.0018508434295654297
164021,normal,425,0,1782360604.2882934,0.0022046566009521484
164022,normal,3006,0,1782360604.2902415,0.0019481182098388672
164023,normal,2144,0,1782360604.2920983,0.0018568038940429688
164024,normal,931,2,1782360604.294238,0.0021398067474365234
164025,normal,2995,0,1782360604.2962391,0.002001047134399414
164026,normal,313,0,1782360604.298087,0.0018477439880371094
164027,normal,542,0,1782360604.3002956,0.002208709716796875
164028,normal,3118,1,1782360604.3022418,0.0019462108612060547
164029,normal,3316,1,1782360604.3040853,0.0018434524536132812
164030,normal,3171,1,1782360604.3062425,0.0021572113037109375
164031,normal,1150,0,1782360604.3082497,0.0020072460174560547
164032,normal,2481,0,1782360604.3100867,0.001837015151977539
164033,normal,2179,0,1782360604.3122923,0.0022056102752685547
164034,normal,596,0,1782360604.3142416,0.001949310302734375
164035,normal,1565,0,1782360604.316125,0.0018832683563232422
164036,normal,1297,0,1782360604.3182397,0.0021147727966308594
164037,normal,1560,0,1782360604.3202393,0.0019996166229248047
164038,normal,2275,0,1782360604.3220859,0.0018465518951416016
164039,normal,3190,1,1782360604.3242373,0.0021514892578125
164040,normal,614,0,1782360604.32624,0.002002716064453125
164041,normal,2463,0,1782360604.3281004,0.0018603801727294922
164042,normal,3376,1,1782360604.330239,0.0021386146545410156
164043,normal,2578,0,1782360604.3322372,0.0019981861114501953
164044,normal,3303,1,1782360604.3342965,0.0020592212677001953
164045,normal,839,2,1782360604.3361437,0.0018472671508789062
164046,normal,126,0,1782360604.33829,0.0021462440490722656
164047,normal,1434,0,1782360604.340131,0.0018410682678222656
164048,normal,2756,0,1782360604.3422966,0.002165555953979492
164049,normal,2828,0,1782360604.3442912,0.001994609832763672
164050,normal,1543,0,1782360604.34613,0.00183868408203125
164051,normal,3039,0,1782360604.3484397,0.0023097991943359375
164052,normal,284,0,1782360604.3501418,0.0017020702362060547
164053,normal,473,0,1782360604.3521347,0.001992940902709961
164054,normal,1622,0,1782360604.354296,0.002161264419555664
164055,normal,3543,0,1782360604.3562646,0.0019686222076416016
164056,normal,180,0,1782360604.3581243,0.0018596649169921875
164057,normal,13,0,1782360604.3604176,0.0022933483123779297
164058,normal,3505,0,1782360604.3622322,0.0018146038055419922
164059,normal,3467,0,1782360604.3641548,0.001922607421875
164060,normal,2159,0,1782360604.3663275,0.002172708511352539
164061,normal,2517,0,1782360604.3682442,0.001916646957397461
164062,normal,1566,0,1782360604.3701556,0.0019114017486572266
164063,normal,2288,0,1782360604.372236,0.0020804405212402344
164064,normal,559,0,1782360604.3742697,0.002033710479736328
164065,normal,1365,1,1782360604.3761106,0.001840829849243164
164066,normal,812,2,1782360604.378275,0.0021643638610839844
164067,normal,3106,1,1782360604.3802738,0.0019989013671875
164068,normal,1981,0,1782360604.3821232,0.0018494129180908203
164069,normal,961,2,1782360604.384277,0.0021538734436035156
164070,normal,2065,0,1782360604.3862746,0.0019974708557128906
164071,normal,2761,0,1782360604.388109,0.0018343925476074219
164072,normal,1840,0,1782360604.3903456,0.002236604690551758
164073,normal,2091,0,1782360604.3922355,0.001889944076538086
164074,normal,1496,0,1782360604.3941524,0.0019168853759765625
164075,normal,3220,1,1782360604.3962283,0.0020759105682373047
164076,normal,3005,0,1782360604.3982654,0.00203704833984375
164077,normal,2779,0,1782360604.400109,0.0018436908721923828
164078,normal,1978,0,1782360604.4023438,0.0022346973419189453
164079,normal,1600,0,1782360604.404237,0.0018932819366455078
164080,normal,3088,1,1782360604.4061534,0.0019164085388183594
164081,normal,1289,0,1782360604.4082277,0.0020742416381835938
164082,normal,3108,1,1782360604.4102762,0.002048492431640625
164083,normal,1852,0,1782360604.4121048,0.0018286705017089844
164084,normal,437,0,1782360604.414348,0.0022430419921875
164085,normal,3279,1,1782360604.4162345,0.001886606216430664
164086,normal,221,0,1782360604.4181538,0.0019192695617675781
164087,normal,901,2,1782360604.4202297,0.0020759105682373047
164088,normal,1149,0,1782360604.4222875,0.002057790756225586
164089,normal,769,0,1782360604.4241102,0.0018227100372314453
164090,normal,1802,0,1782360604.4263496,0.0022394657135009766
164091,normal,581,0,1782360604.4282346,0.0018849372863769531
164092,normal,761,0,1782360604.4301522,0.0019176006317138672
164093,normal,3472,0,1782360604.4322307,0.002078533172607422
164094,normal,2565,0,1782360604.4342747,0.0020439624786376953
164095,normal,1419,0,1782360604.4361122,0.0018374919891357422
164096,normal,2131,0,1782360604.438356,0.0022437572479248047
164097,normal,74,0,1782360604.4402435,0.0018875598907470703
164098,normal,2627,0,1782360604.4421506,0.0019071102142333984
164099,normal,3301,1,1782360604.444229,0.0020782947540283203
164100,normal,1094,0,1782360604.4462802,0.0020513534545898438
164101,normal,2183,0,1782360604.448107,0.0018267631530761719
164102,normal,765,0,1782360604.4502642,0.0021572113037109375
164103,normal,2546,0,1782360604.4522762,0.002012014389038086
164104,normal,569,0,1782360604.4541125,0.0018362998962402344
164105,normal,84,0,1782360604.4562624,0.002149820327758789
164106,normal,900,2,1782360604.4582798,0.002017498016357422
164107,normal,2422,0,1782360604.4601083,0.0018284320831298828
164108,normal,141,0,1782360604.4622788,0.002170562744140625
164109,normal,3285,1,1782360604.4642777,0.0019989013671875
164110,normal,2106,0,1782360604.4661098,0.0018320083618164062
164111,normal,134,0,1782360604.4682798,0.002170085906982422
164112,normal,2349,0,1782360604.4702804,0.002000570297241211
164113,normal,2068,0,1782360604.4721065,0.0018260478973388672
164114,normal,2911,0,1782360604.4742744,0.002167940139770508
164115,normal,1326,1,1782360604.476289,0.002014636993408203
164116,normal,3412,0,1782360604.4781098,0.0018208026885986328
164117,normal,2660,0,1782360604.480265,0.0021550655364990234
164118,normal,1487,0,1782360604.4822772,0.0020122528076171875
164119,normal,1005,2,1782360604.4841082,0.0018310546875
164120,normal,1420,0,1782360604.4862795,0.0021712779998779297
164121,normal,2401,0,1782360604.4882789,0.001999378204345703
164122,normal,2372,0,1782360604.4901073,0.0018284320831298828
164123,normal,344,0,1782360604.4922738,0.0021665096282958984
164124,normal,3341,1,1782360604.494276,0.002002239227294922
164125,normal,1764,0,1782360604.4961104,0.0018343925476074219
164126,normal,3270,1,1782360604.4982839,0.0021734237670898438
164127,normal,573,0,1782360604.5002909,0.002007007598876953
164128,normal,1837,0,1782360604.5021088,0.001817941665649414
164129,normal,1940,0,1782360604.5042868,0.0021779537200927734
164130,normal,2223,0,1782360604.506277,0.0019903182983398438
164131,normal,2591,0,1782360604.5081096,0.0018324851989746094
164132,normal,2651,0,1782360604.5102868,0.0021772384643554688
164133,normal,3358,1,1782360604.512279,0.0019922256469726562
164134,normal,3662,0,1782360604.5141158,0.0018367767333984375
164135,normal,2607,0,1782360604.516296,0.0021800994873046875
164136,normal,2245,0,1782360604.518244,0.0019481182098388672
164137,normal,1660,0,1782360604.520148,0.0019040107727050781
164138,normal,3174,1,1782360604.5222347,0.002086639404296875
164139,normal,3087,1,1782360604.5242836,0.002048969268798828
164140,normal,864,2,1782360604.5261123,0.0018286705017089844
164141,normal,1601,0,1782360604.5283012,0.0021889209747314453
164142,normal,322,0,1782360604.5302818,0.0019805431365966797
164143,normal,2997,0,1782360604.5321133,0.0018315315246582031
164144,normal,1680,0,1782360604.5344594,0.002346038818359375
164145,normal,464,0,1782360604.5362735,0.001814126968383789
164146,normal,1273,0,1782360604.538296,0.0020225048065185547
164147,normal,18,0,1782360604.5402822,0.001986265182495117
164148,normal,652,0,1782360604.542439,0.0021567344665527344
164149,normal,2069,0,1782360604.5441494,0.0017104148864746094
164150,normal,3686,0,1782360604.5464547,0.002305269241333008
164151,normal,2767,0,1782360604.5482779,0.0018231868743896484
164152,normal,3071,1,1782360604.550296,0.0020182132720947266
164153,normal,2932,0,1782360604.5522764,0.001980304718017578
164154,normal,147,0,1782360604.5544126,0.00213623046875
164155,normal,1343,1,1782360604.556146,0.0017333030700683594
164156,normal,1727,0,1782360604.5584648,0.002318859100341797
164157,normal,3357,1,1782360604.560279,0.001814126968383789
164158,normal,1097,0,1782360604.5621448,0.0018658638000488281
164159,normal,2274,0,1782360604.5644624,0.002317667007446289
164160,normal,3657,0,1782360604.566277,0.0018146038055419922
164161,normal,2371,0,1782360604.5683007,0.0020236968994140625
164162,normal,2365,0,1782360604.5702775,0.0019767284393310547
164163,normal,1010,2,1782360604.572416,0.0021386146545410156
164164,normal,1269,0,1782360604.5741467,0.0017306804656982422
164165,normal,778,2,1782360604.5764828,0.0023360252380371094
164166,normal,788,2,1782360604.578301,0.0018181800842285156
164167,normal,2965,0,1782360604.5803008,0.0019998550415039062
164168,normal,2418,0,1782360604.582276,0.0019752979278564453
164169,normal,38,0,1782360604.5844114,0.0021352767944335938
164170,normal,2364,0,1782360604.5861464,0.0017349720001220703
164171,normal,1728,0,1782360604.5884721,0.002325773239135742
164172,normal,737,0,1782360604.5902836,0.0018115043640136719
164173,normal,384,0,1782360604.5923078,0.0020241737365722656
164174,normal,1237,0,1782360604.5942762,0.0019683837890625
164175,normal,2981,0,1782360604.59643,0.0021538734436035156
164176,normal,2206,0,1782360604.5981457,0.0017156600952148438
164177,normal,1807,0,1782360604.600477,0.002331256866455078
164178,normal,3549,0,1782360604.602293,0.0018160343170166016
164179,normal,1008,2,1782360604.6042998,0.0020067691802978516
164180,normal,222,0,1782360604.6063356,0.002035856246948242
164181,normal,2532,0,1782360604.6084163,0.002080678939819336
164182,normal,2205,0,1782360604.6101465,0.001730203628540039
164183,normal,624,0,1782360604.6124818,0.0023353099822998047
164184,normal,3045,1,1782360604.6142771,0.0017952919006347656
164185,normal,3167,1,1782360604.6162982,0.0020210742950439453
164186,normal,1325,1,1782360604.6183484,0.002050161361694336
164187,normal,2936,0,1782360604.6204176,0.002069234848022461
164188,normal,823,2,1782360604.6221483,0.0017306804656982422
164189,normal,449,0,1782360604.624488,0.0023398399353027344
164190,normal,2910,0,1782360604.6262758,0.0017876625061035156
164191,normal,694,0,1782360604.6281483,0.0018725395202636719
164192,normal,1162,0,1782360604.6304054,0.002257108688354492
164193,normal,2757,0,1782360604.6322782,0.0018727779388427734
164194,normal,263,0,1782360604.6342947,0.0020165443420410156
164195,normal,994,2,1782360604.636272,0.001977205276489258
164196,normal,1599,0,1782360604.6384091,0.0021371841430664062
164197,normal,2650,0,1782360604.6401467,0.0017375946044921875
164198,normal,2079,0,1782360604.6421502,0.0020034313201904297
164199,normal,2256,0,1782360604.6443105,0.002160310745239258
164200,normal,1271,0,1782360604.646265,0.0019545555114746094
164201,normal,1087,0,1782360604.6482925,0.0020275115966796875
164202,normal,2744,0,1782360604.650401,0.0021085739135742188
164203,normal,2289,0,1782360604.6521425,0.0017414093017578125
164204,normal,2666,0,1782360604.6543264,0.0021839141845703125
164205,normal,2900,0,1782360604.656294,0.0019676685333251953
164206,normal,523,0,1782360604.6581223,0.0018281936645507812
164207,normal,3272,1,1782360604.6602857,0.002163410186767578
164208,normal,895,2,1782360604.662246,0.001960277557373047
164209,normal,3243,1,1782360604.6640873,0.0018413066864013672
164210,normal,80,0,1782360604.6662405,0.002153158187866211
164211,normal,1685,0,1782360604.6682613,0.0020208358764648438
164212,normal,831,2,1782360604.6700888,0.0018274784088134766
164213,normal,3063,1,1782360604.6722882,0.002199411392211914
164214,normal,1212,0,1782360604.6742592,0.001971006393432617
164215,normal,3292,1,1782360604.6761994,0.0019402503967285156
164216,normal,309,0,1782360604.678088,0.0018885135650634766
164217,normal,1937,0,1782360604.6802444,0.002156496047973633
164218,normal,716,0,1782360604.6820903,0.0018458366394042969
164219,normal,1194,0,1782360604.684294,0.002203702926635742
164220,normal,2427,0,1782360604.686299,0.0020051002502441406
164221,normal,1054,0,1782360604.688078,0.0017788410186767578
164222,normal,1699,0,1782360604.6902425,0.002164602279663086
164223,normal,144,0,1782360604.6922479,0.002005338668823242
164224,normal,3672,0,1782360604.6940892,0.0018413066864013672
164225,normal,1828,0,1782360604.6962981,0.0022089481353759766
164226,normal,2610,0,1782360604.6982481,0.0019500255584716797
164227,normal,3643,0,1782360604.700088,0.0018398761749267578
164228,normal,3546,0,1782360604.7022784,0.0021903514862060547
164229,normal,3345,1,1782360604.7042518,0.001973390579223633
164230,normal,1534,0,1782360604.706092,0.0018401145935058594
164231,normal,1461,0,1782360604.7083046,0.0022127628326416016
164232,normal,1055,0,1782360604.7102427,0.0019381046295166016
164233,normal,477,0,1782360604.712089,0.0018463134765625
164234,normal,1257,0,1782360604.714239,0.002149820327758789
164235,normal,1092,0,1782360604.716248,0.002009153366088867
164236,normal,2336,0,1782360604.7180853,0.0018372535705566406
164237,normal,3629,0,1782360604.7203085,0.0022232532501220703
164238,normal,328,0,1782360604.722242,0.0019335746765136719
164239,normal,1711,0,1782360604.7240946,0.0018525123596191406
164240,normal,3219,1,1782360604.7262437,0.0021491050720214844
164241,normal,1449,0,1782360604.7282462,0.0020024776458740234
164242,normal,415,0,1782360604.7300932,0.0018470287322998047
164243,normal,3520,0,1782360604.7323132,0.0022199153900146484
164244,normal,2866,0,1782360604.7342587,0.00194549560546875
164245,normal,2109,0,1782360604.736096,0.0018372535705566406
164246,normal,2826,0,1782360604.7383168,0.0022208690643310547
164247,normal,1743,0,1782360604.740241,0.001924276351928711
164248,normal,218,0,1782360604.7420866,0.0018455982208251953
164249,normal,3244,1,1782360604.7442415,0.002154827117919922
164250,normal,734,0,1782360604.7462428,0.0020012855529785156
164251,normal,2157,0,1782360604.7480876,0.0018448829650878906
164252,normal,2429,0,1782360604.7503164,0.0022287368774414062
164253,normal,2057,0,1782360604.7522438,0.0019273757934570312
164254,normal,225,0,1782360604.7540865,0.0018427371978759766
164255,normal,2522,0,1782360604.756317,0.002230405807495117
164256,normal,1539,0,1782360604.758096,0.0017790794372558594
164257,normal,1221,0,1782360604.7602434,0.0021474361419677734
164258,normal,492,0,1782360604.7620857,0.0018422603607177734
164259,normal,3370,1,1782360604.7642446,0.0021588802337646484
164260,normal,625,0,1782360604.766086,0.0018415451049804688
164261,normal,2550,0,1782360604.768328,0.002241849899291992
164262,normal,2895,0,1782360604.7702465,0.0019185543060302734
164263,normal,1682,0,1782360604.7720883,0.0018417835235595703
164264,normal,2107,0,1782360604.774251,0.0021626949310302734
164265,normal,3381,1,1782360604.7762458,0.0019948482513427734
164266,normal,3332,1,1782360604.7780871,0.0018413066864013672
164267,normal,2285,0,1782360604.7803211,0.0022339820861816406
164268,normal,1159,0,1782360604.7822485,0.0019273757934570312
164269,normal,554,0,1782360604.784089,0.0018405914306640625
164270,normal,2585,0,1782360604.7862403,0.0021512508392333984
164271,normal,383,0,1782360604.7882483,0.0020079612731933594
164272,normal,1341,1,1782360604.7900882,0.0018398761749267578
164273,normal,2616,0,1782360604.7922413,0.002153158187866211
164274,normal,1216,0,1782360604.7942545,0.0020132064819335938
164275,normal,2314,0,1782360604.7970123,0.0027577877044677734
164276,normal,2986,0,1782360604.7981436,0.001131296157836914
164277,normal,687,0,1782360604.800347,0.0022034645080566406
164278,normal,279,0,1782360604.8021472,0.0018000602722167969
164279,normal,3627,0,1782360604.8043215,0.00217437744140625
164280,normal,2052,0,1782360604.806235,0.0019135475158691406
164281,normal,2184,0,1782360604.8080914,0.0018563270568847656
164282,normal,3199,1,1782360604.8100934,0.0020020008087158203
164283,normal,2203,0,1782360604.8122492,0.002155780792236328
164284,normal,561,0,1782360604.8141162,0.001867055892944336
164285,normal,1882,0,1782360604.8162606,0.002144336700439453
164286,normal,1985,0,1782360604.8182473,0.0019867420196533203
164287,normal,1480,0,1782360604.8200908,0.0018434524536132812
164288,normal,3327,1,1782360604.8222542,0.002163410186767578
164289,normal,75,0,1782360604.8242414,0.0019872188568115234
164290,normal,389,0,1782360604.8261032,0.0018618106842041016
164291,normal,911,2,1782360604.8282568,0.002153635025024414
164292,normal,3538,0,1782360604.8302455,0.001988649368286133
164293,normal,3040,0,1782360604.8320882,0.0018427371978759766
164294,normal,1746,0,1782360604.834243,0.002154827117919922
164295,normal,752,0,1782360604.8362453,0.002002239227294922
164296,normal,1465,0,1782360604.8380868,0.0018415451049804688
164297,normal,245,0,1782360604.8402462,0.0021593570709228516
164298,normal,2432,0,1782360604.8422484,0.002002239227294922
164299,normal,1829,0,1782360604.8440976,0.0018491744995117188
164300,normal,268,0,1782360604.8462627,0.002165079116821289
164301,normal,200,0,1782360604.848248,0.001985311508178711
164302,normal,1401,0,1782360604.8500881,0.0018401145935058594
164303,normal,3156,1,1782360604.8522696,0.002181529998779297
164304,normal,1624,0,1782360604.8542447,0.0019750595092773438
164305,normal,1214,0,1782360604.8560898,0.0018451213836669922
164306,normal,7,0,1782360604.8582754,0.0021855831146240234
164307,normal,3164,1,1782360604.8602476,0.001972198486328125
164308,normal,860,2,1782360604.8620875,0.0018398761749267578
164309,normal,2697,0,1782360604.8642716,0.002184152603149414
164310,normal,1586,0,1782360604.8662448,0.0019731521606445312
164311,normal,2486,0,1782360604.8680885,0.0018436908721923828
164312,normal,137,0,1782360604.870241,0.0021524429321289062
164313,normal,3299,1,1782360604.872244,0.0020029544830322266
164314,normal,3500,0,1782360604.8740885,0.001844644546508789
164315,normal,2501,0,1782360604.8762774,0.0021889209747314453
164316,normal,2940,0,1782360604.878246,0.0019686222076416016
164317,normal,1101,0,1782360604.880091,0.0018448829650878906
164318,normal,1741,0,1782360604.8822434,0.0021524429321289062
164319,normal,2913,0,1782360604.8842485,0.0020051002502441406
164320,normal,1442,0,1782360604.8860877,0.0018391609191894531
164321,normal,1576,0,1782360604.8882813,0.0021936893463134766
164322,normal,646,0,1782360604.8902502,0.001968860626220703
164323,normal,1718,0,1782360604.8920894,0.0018391609191894531
164324,normal,3084,1,1782360604.894241,0.0021517276763916016
164325,normal,2254,0,1782360604.8962479,0.0020067691802978516
164326,normal,1960,0,1782360604.8980892,0.0018413066864013672
164327,normal,2468,0,1782360604.900287,0.002197742462158203
164328,normal,1406,0,1782360604.9025142,0.002227306365966797
164329,normal,340,0,1782360604.9042437,0.0017294883728027344
164330,normal,2531,0,1782360604.906485,0.002241373062133789
164331,normal,2853,0,1782360604.9083385,0.0018534660339355469
164332,normal,2441,0,1782360604.9101548,0.0018162727355957031
164333,normal,215,0,1782360604.912154,0.0019991397857666016
164334,normal,2250,0,1782360604.9141269,0.0019729137420654297
164335,normal,1116,0,1782360604.9161727,0.002045869827270508
164336,normal,572,0,1782360604.9180284,0.001855611801147461
164337,normal,409,0,1782360604.9202378,0.0022094249725341797
164338,normal,1961,0,1782360604.9221318,0.0018939971923828125
164339,normal,3591,0,1782360604.924261,0.0021293163299560547
164340,normal,2643,0,1782360604.9262252,0.001964092254638672
164341,normal,27,0,1782360604.9281385,0.001913309097290039
164342,normal,2346,0,1782360604.9303107,0.002172231674194336
164343,normal,2937,0,1782360604.932329,0.0020182132720947266
164344,normal,1918,0,1782360604.934229,0.0018999576568603516
164345,normal,1025,2,1782360604.9361408,0.0019118785858154297
164346,normal,883,2,1782360604.9382422,0.002101421356201172
164347,normal,2850,0,1782360604.9401376,0.0018954277038574219
164348,normal,547,0,1782360604.9422476,0.002110004425048828
164349,normal,2185,0,1782360604.9442065,0.0019588470458984375
164350,normal,3354,1,1782360604.9461284,0.0019218921661376953
164351,normal,3373,1,1782360604.948238,0.002109527587890625
164352,normal,2213,0,1782360604.9501965,0.001958608627319336
164353,normal,3052,1,1782360604.9521337,0.0019371509552001953
164354,normal,1186,0,1782360604.9542327,0.0020990371704101562
164355,normal,1990,0,1782360604.956167,0.0019342899322509766
164356,normal,626,0,1782360604.9581394,0.0019724369049072266
164357,normal,1069,0,1782360604.9601245,0.0019850730895996094
164358,normal,591,0,1782360604.9622638,0.0021393299102783203
164359,normal,421,0,1782360604.9642067,0.0019428730010986328
164360,normal,3566,0,1782360604.9661672,0.0019605159759521484
164361,normal,2814,0,1782360604.968285,0.0021178722381591797
164362,normal,2998,0,1782360604.9701877,0.0019025802612304688
164363,normal,1016,2,1782360604.9724684,0.002280712127685547
164364,normal,8,0,1782360604.9743237,0.0018553733825683594
164365,normal,300,0,1782360604.976232,0.0019083023071289062
164366,normal,169,0,1782360604.9784262,0.0021941661834716797
164367,normal,246,0,1782360604.9801,0.0016736984252929688
164368,normal,1154,0,1782360604.9822295,0.0021295547485351562
164369,normal,2317,0,1782360604.984126,0.0018966197967529297
164370,normal,3284,1,1782360604.9862194,0.0020933151245117188
164371,normal,1000,2,1782360604.9881282,0.0019087791442871094
164372,normal,3428,0,1782360604.9902198,0.002091646194458008
164373,normal,2105,0,1782360604.9922502,0.0020303726196289062
164374,normal,2813,0,1782360604.9941294,0.0018792152404785156
164375,normal,3397,1,1782360604.9962115,0.0020821094512939453
164376,normal,428,0,1782360604.9981441,0.0019326210021972656
164377,normal,3324,1,1782360605.0000997,0.0019555091857910156
164378,normal,3449,0,1782360605.0022082,0.0021085739135742188
164379,normal,1002,2,1782360605.0042512,0.002043008804321289
164380,normal,2567,0,1782360605.0061564,0.001905202865600586
164381,normal,2809,0,1782360605.0083067,0.002150297164916992
164382,normal,2515,0,1782360605.0102606,0.0019538402557373047
164383,normal,1422,0,1782360605.0121317,0.0018711090087890625
164384,normal,2190,0,1782360605.0142403,0.0021085739135742188
164385,normal,1988,0,1782360605.0162525,0.0020122528076171875
164386,normal,3685,0,1782360605.0181048,0.001852273941040039
164387,normal,2439,0,1782360605.0202973,0.0021924972534179688
164388,normal,1382,0,1782360605.0222728,0.001975536346435547
164389,normal,3139,1,1782360605.024187,0.0019142627716064453
164390,normal,42,0,1782360605.0264173,0.0022301673889160156
164391,normal,1188,0,1782360605.0282536,0.0018362998962402344
164392,normal,394,0,1782360605.0304155,0.0021619796752929688
164393,normal,708,0,1782360605.0322185,0.0018029212951660156
164394,normal,912,2,1782360605.0344105,0.0021920204162597656
164395,normal,1616,0,1782360605.0362897,0.0018792152404785156
164396,normal,108,0,1782360605.038232,0.0019423961639404297
164397,normal,1446,0,1782360605.0404303,0.0021982192993164062
164398,normal,2560,0,1782360605.042084,0.0016536712646484375
164399,normal,1796,0,1782360605.0442617,0.002177715301513672
164400,normal,1430,0,1782360605.0462785,0.002016782760620117
164401,normal,2155,0,1782360605.0482457,0.001967191696166992
164402,normal,3023,0,1782360605.0502894,0.0020437240600585938
164403,normal,2174,0,1782360605.0522566,0.001967191696166992
164404,normal,2377,0,1782360605.054136,0.0018794536590576172
164405,normal,939,2,1782360605.0560484,0.0019123554229736328
164406,normal,1639,0,1782360605.0583606,0.002312183380126953
164407,normal,602,0,1782360605.060635,0.0022745132446289062
164408,normal,2710,0,1782360605.0621417,0.0015065670013427734
164409,normal,2682,0,1782360605.0641735,0.0020318031311035156
164410,normal,1951,0,1782360605.0660594,0.0018858909606933594
164411,normal,2237,0,1782360605.0681715,0.002112150192260742
164412,normal,2443,0,1782360605.0701675,0.0019960403442382812
164413,normal,453,0,1782360605.0722384,0.002070903778076172
164414,normal,2267,0,1782360605.074074,0.0018355846405029297
164415,normal,2842,0,1782360605.0762281,0.002154111862182617
164416,normal,289,0,1782360605.079398,0.0031697750091552734
164417,normal,1533,0,1782360605.080095,0.0006971359252929688
164418,normal,693,0,1782360605.0822182,0.002123117446899414
164419,normal,801,2,1782360605.0841153,0.0018970966339111328
164420,normal,3526,0,1782360605.0862093,0.0020940303802490234
164421,normal,1247,0,1782360605.0881858,0.001976490020751953
164422,normal,163,0,1782360605.0903986,0.0022127628326416016
164423,normal,3403,0,1782360605.0927467,0.002348184585571289
164424,normal,1411,0,1782360605.0942974,0.0015506744384765625
164425,normal,2530,0,1782360605.096561,0.0022635459899902344
164426,normal,2202,0,1782360605.0983043,0.001743316650390625
164427,normal,3529,0,1782360605.100388,0.0020837783813476562
164428,normal,2158,0,1782360605.1023016,0.0019135475158691406
164429,normal,2883,0,1782360605.104297,0.0019953250885009766
164430,normal,1523,0,1782360605.1063232,0.0020263195037841797
164431,normal,650,0,1782360605.1081522,0.001828908920288086
164432,normal,530,0,1782360605.1102455,0.0020933151245117188
164433,normal,1352,1,1782360605.112261,0.0020155906677246094
164434,normal,3377,1,1782360605.1141796,0.0019185543060302734
164435,normal,2943,0,1782360605.1162736,0.0020940303802490234
164436,normal,3631,0,1782360605.1182714,0.001997709274291992
164437,normal,1334,1,1782360605.1201518,0.0018804073333740234
164438,normal,1759,0,1782360605.1222022,0.0020503997802734375
164439,normal,2561,0,1782360605.1242223,0.002020120620727539
164440,normal,43,0,1782360605.126328,0.002105712890625
164441,normal,999,2,1782360605.1282234,0.0018954277038574219
164442,normal,3082,1,1782360605.1302671,0.0020437240600585938
164443,normal,592,0,1782360605.1322162,0.0019490718841552734
164444,normal,1793,0,1782360605.1343167,0.0021004676818847656
164445,normal,635,0,1782360605.1363447,0.0020279884338378906
164446,normal,1737,0,1782360605.1381743,0.0018296241760253906
164447,normal,3488,0,1782360605.1401742,0.0019998550415039062
164448,normal,2313,0,1782360605.142267,0.0020928382873535156
164449,normal,1808,0,1782360605.1441674,0.0019004344940185547
164450,normal,642,0,1782360605.1462643,0.002096891403198242
164451,normal,1928,0,1782360605.1482658,0.002001523971557617
164452,normal,2907,0,1782360605.1501813,0.0019154548645019531
164453,normal,1714,0,1782360605.1522825,0.0021011829376220703
164454,normal,3348,1,1782360605.1543126,0.0020301342010498047
164455,normal,3072,1,1782360605.156163,0.0018503665924072266
164456,normal,2909,0,1782360605.1581628,0.0019998550415039062
164457,normal,3344,1,1782360605.160255,0.002092123031616211
164458,normal,1822,0,1782360605.1621628,0.0019078254699707031
164459,normal,2232,0,1782360605.1641665,0.0020036697387695312
164460,normal,1691,0,1782360605.166298,0.0021314620971679688
164461,normal,1181,0,1782360605.1682177,0.0019197463989257812
164462,normal,3420,0,1782360605.1703455,0.0021278858184814453
164463,normal,2061,0,1782360605.1722248,0.0018792152404785156
164464,normal,11,0,1782360605.1742818,0.0020570755004882812
164465,normal,1161,0,1782360605.1761906,0.0019087791442871094
164466,normal,312,0,1782360605.1783025,0.0021119117736816406
164467,normal,1722,0,1782360605.1800735,0.0017709732055664062
164468,normal,254,0,1782360605.182247,0.0021734237670898438
164469,normal,1439,0,1782360605.1842525,0.0020055770874023438
164470,normal,1435,0,1782360605.1865346,0.0022821426391601562
164471,normal,1545,0,1782360605.1881363,0.0016016960144042969
164472,normal,2278,0,1782360605.1903155,0.0021791458129882812
164473,normal,2034,0,1782360605.192273,0.001957416534423828
164474,normal,1168,0,1782360605.1943798,0.002106904983520508
164475,normal,2876,0,1782360605.1962416,0.0018618106842041016
164476,normal,3080,1,1782360605.1983273,0.0020856857299804688
164477,normal,321,0,1782360605.2003794,0.0020520687103271484
164478,normal,871,2,1782360605.2021744,0.001795053482055664
164479,normal,1131,0,1782360605.2042444,0.0020699501037597656
164480,normal,2742,0,1782360605.2061512,0.0019068717956542969
164481,normal,2745,0,1782360605.208262,0.002110719680786133
164482,normal,3105,1,1782360605.210207,0.0019450187683105469
164483,normal,3359,1,1782360605.2122338,0.002026796340942383
164484,normal,3542,0,1782360605.2142448,0.0020110607147216797
164485,normal,2411,0,1782360605.2161405,0.0018956661224365234
164486,normal,1206,0,1782360605.2185972,0.0024566650390625
164487,normal,3458,0,1782360605.220317,0.0017197132110595703
164488,normal,2683,0,1782360605.2222936,0.0019767284393310547
164489,normal,658,0,1782360605.2241015,0.0018079280853271484
164490,normal,1966,0,1782360605.2261703,0.002068758010864258
164491,normal,3258,1,1782360605.228075,0.0019047260284423828
164492,normal,1102,0,1782360605.2301831,0.0021080970764160156
164493,normal,1180,0,1782360605.232455,0.002271890640258789
164494,normal,3383,1,1782360605.234134,0.0016789436340332031
164495,normal,2956,0,1782360605.2362442,0.0021102428436279297
164496,normal,3576,0,1782360605.2382574,0.0020132064819335938
164497,normal,2087,0,1782360605.2401814,0.0019240379333496094
164498,normal,2030,0,1782360605.2422779,0.002096414566040039
164499,normal,1063,0,1782360605.2443542,0.002076387405395508
164500,normal,2843,0,1782360605.2461393,0.0017850399017333984
164501,normal,444,0,1782360605.2482662,0.002126932144165039
164502,normal,550,0,1782360605.250504,0.0022377967834472656
164503,normal,3131,1,1782360605.2526145,0.0021104812622070312
164504,normal,3103,1,1782360605.2542026,0.0015881061553955078
164505,normal,1860,0,1782360605.2562509,0.0020482540130615234
164506,normal,1404,0,1782360605.258206,0.0019550323486328125
164507,normal,3260,1,1782360605.2603471,0.002141237258911133
164508,normal,3594,0,1782360605.2623599,0.0020127296447753906
164509,normal,1516,0,1782360605.2643545,0.001994609832763672
164510,normal,1904,0,1782360605.2662215,0.001867055892944336
164511,normal,1530,0,1782360605.2685056,0.0022840499877929688
164512,normal,2670,0,1782360605.2706997,0.0021941661834716797
164513,normal,3424,0,1782360605.272175,0.0014753341674804688
164514,normal,2161,0,1782360605.2742438,0.002068758010864258
164515,normal,1121,0,1782360605.2761495,0.001905679702758789
164516,normal,3461,0,1782360605.2782567,0.0021071434020996094
164517,normal,3320,1,1782360605.2802813,0.0020246505737304688
164518,normal,3452,0,1782360605.2821724,0.0018911361694335938
164519,normal,95,0,1782360605.2841644,0.0019919872283935547
164520,normal,2330,0,1782360605.2862494,0.002084970474243164
164521,normal,119,0,1782360605.2881792,0.0019297599792480469
164522,normal,970,2,1782360605.2903202,0.0021409988403320312
164523,normal,2625,0,1782360605.2923377,0.002017498016357422
164524,normal,1358,1,1782360605.2941816,0.0018439292907714844
164525,normal,631,0,1782360605.2962966,0.002115011215209961
164526,normal,2186,0,1782360605.2982976,0.002001047134399414
164527,normal,3596,0,1782360605.3002326,0.0019350051879882812
164528,normal,438,0,1782360605.3023407,0.0021080970764160156
164529,normal,2290,0,1782360605.3042498,0.001909017562866211
164530,normal,1242,0,1782360605.306169,0.0019192695617675781
164531,normal,273,0,1782360605.3082666,0.002097606658935547
164532,normal,2917,0,1782360605.310271,0.002004384994506836
164533,normal,1165,0,1782360605.3121653,0.001894235610961914
164534,normal,45,0,1782360605.314271,0.002105712890625
164535,normal,2248,0,1782360605.3162763,0.002005338668823242
164536,normal,1414,0,1782360605.318379,0.0021026134490966797
164537,normal,3321,1,1782360605.320097,0.0017180442810058594
164538,normal,2296,0,1782360605.3222525,0.0021555423736572266
164539,normal,3390,1,1782360605.3241582,0.001905679702758789
164540,normal,1692,0,1782360605.3262546,0.002096414566040039
164541,normal,2016,0,1782360605.3282459,0.00199127197265625
164542,normal,3674,0,1782360605.3301919,0.0019459724426269531
164543,normal,2892,0,1782360605.3323095,0.002117633819580078
164544,normal,760,0,1782360605.3343363,0.002026796340942383
164545,normal,2688,0,1782360605.3362525,0.0019161701202392578
164546,normal,197,0,1782360605.3381996,0.001947164535522461
164547,normal,833,2,1782360605.3402808,0.002081155776977539
164548,normal,555,0,1782360605.3422475,0.001966714859008789
164549,normal,858,2,1782360605.344177,0.0019295215606689453
164550,normal,2846,0,1782360605.3462486,0.0020716190338134766
164551,normal,906,2,1782360605.3480778,0.0018291473388671875
164552,normal,3061,1,1782360605.3501213,0.002043485641479492
164553,normal,2490,0,1782360605.3523016,0.002180337905883789
164554,normal,1537,0,1782360605.354129,0.0018274784088134766
164555,normal,131,0,1782360605.3562348,0.002105712890625
164556,normal,1598,0,1782360605.358295,0.0020601749420166016
164557,normal,2525,0,1782360605.3603861,0.0020911693572998047
164558,normal,1582,0,1782360605.3623943,0.002008199691772461
164559,normal,1636,0,1782360605.3641875,0.0017931461334228516
164560,normal,1901,0,1782360605.366128,0.0019404888153076172
164561,normal,628,0,1782360605.3681524,0.002024412155151367
164562,normal,2010,0,1782360605.370144,0.0019915103912353516
164563,normal,2462,0,1782360605.3720367,0.0018928050994873047
164564,normal,3684,0,1782360605.3742702,0.0022335052490234375
164565,normal,1898,0,1782360605.3761377,0.001867532730102539
164566,normal,1301,0,1782360605.3780408,0.0019030570983886719
164567,normal,3522,0,1782360605.38014,0.002099275588989258
164568,normal,3269,1,1782360605.3821573,0.0020172595977783203
164569,normal,2210,0,1782360605.384155,0.001997709274291992
164570,normal,3352,1,1782360605.386309,0.0021538734436035156
164571,normal,2982,0,1782360605.3882751,0.001966238021850586
164572,normal,302,0,1782360605.3902595,0.0019843578338623047
164573,normal,616,0,1782360605.3920777,0.0018181800842285156
164574,normal,2709,0,1782360605.394175,0.0020973682403564453
164575,normal,1473,0,1782360605.3971775,0.0030024051666259766
164576,normal,3237,1,1782360605.3980796,0.0009021759033203125
164577,normal,1558,0,1782360605.400176,0.002096414566040039
164578,normal,1217,0,1782360605.4022896,0.0021135807037353516
164579,normal,1915,0,1782360605.4041061,0.0018165111541748047
164580,normal,2304,0,1782360605.4061923,0.002086162567138672
164581,normal,1905,0,1782360605.408068,0.0018756389617919922
164582,normal,3389,1,1782360605.410195,0.0021271705627441406
164583,normal,766,0,1782360605.4121826,0.001987457275390625
164584,normal,2214,0,1782360605.4140763,0.001893758773803711
164585,normal,3393,1,1782360605.4161677,0.0020914077758789062
164586,normal,14,0,1782360605.418203,0.002035379409790039
164587,normal,151,0,1782360605.4200811,0.0018780231475830078
164588,normal,2303,0,1782360605.4221768,0.0020956993103027344
164589,normal,1859,0,1782360605.4243872,0.002210378646850586
164590,normal,3059,1,1782360605.426193,0.0018057823181152344
164591,normal,2928,0,1782360605.428398,0.00220489501953125
164592,normal,942,2,1782360605.4302764,0.001878499984741211
164593,normal,1697,0,1782360605.4321668,0.001890420913696289
164594,normal,3098,1,1782360605.4341972,0.0020303726196289062
164595,normal,1001,2,1782360605.4361439,0.0019466876983642578
164596,normal,2820,0,1782360605.4381151,0.0019712448120117188
164597,normal,601,0,1782360605.440232,0.0021169185638427734
164598,normal,2006,0,1782360605.4422612,0.0020291805267333984
164599,normal,2320,0,1782360605.4441936,0.001932382583618164
164600,normal,158,0,1782360605.4462755,0.0020818710327148438
164601,normal,36,0,1782360605.448229,0.001953601837158203
164602,normal,3673,0,1782360605.4500544,0.0018253326416015625
164603,normal,1831,0,1782360605.4525254,0.0024709701538085938
164604,normal,452,0,1782360605.4545221,0.001996755599975586
164605,normal,3019,0,1782360605.4562442,0.001722097396850586
164606,normal,657,0,1782360605.4581811,0.0019369125366210938
164607,normal,3334,1,1782360605.4602513,0.002070188522338867
164608,normal,2540,0,1782360605.4621568,0.0019054412841796875
164609,normal,792,2,1782360605.4642632,0.0021064281463623047
164610,normal,772,2,1782360605.466702,0.002438783645629883
164611,normal,156,0,1782360605.4681375,0.0014355182647705078
164612,normal,1795,0,1782360605.4700758,0.0019383430480957031
164613,normal,3589,0,1782360605.4721928,0.0021169185638427734
164614,normal,2448,0,1782360605.474089,0.0018961429595947266
164615,normal,558,0,1782360605.476191,0.0021021366119384766
164616,normal,146,0,1782360605.4781842,0.0019931793212890625
164617,normal,2857,0,1782360605.4800816,0.0018973350524902344
164618,normal,2694,0,1782360605.4821658,0.0020842552185058594
164619,normal,16,0,1782360605.4842203,0.002054452896118164
164620,normal,3676,0,1782360605.4860718,0.0018515586853027344
164621,normal,2138,0,1782360605.48817,0.00209808349609375
164622,normal,1267,0,1782360605.4901693,0.001999378204345703
164623,normal,2579,0,1782360605.49206,0.0018906593322753906
164624,normal,2440,0,1782360605.494188,0.002128124237060547
164625,normal,1768,0,1782360605.496193,0.002004861831665039
164626,normal,2583,0,1782360605.4981325,0.001939535140991211
164627,normal,3192,1,1782360605.500522,0.0023894309997558594
164628,normal,1337,1,1782360605.502089,0.0015671253204345703
164629,normal,1356,1,1782360605.5041938,0.0021047592163085938
164630,normal,2510,0,1782360605.506151,0.0019571781158447266
164631,normal,1881,0,1782360605.5081499,0.0019989013671875
164632,normal,2300,0,1782360605.510041,0.0018911361694335938
164633,normal,1118,0,1782360605.5121434,0.002102375030517578
164634,normal,3518,0,1782360605.5142071,0.002063751220703125
164635,normal,791,2,1782360605.5161119,0.0019047260284423828
164636,normal,175,0,1782360605.5182076,0.0020956993103027344
164637,normal,2791,0,1782360605.5202265,0.0020189285278320312
164638,normal,1777,0,1782360605.5221796,0.001953125
164639,normal,406,0,1782360605.5242193,0.002039670944213867
164640,normal,2806,0,1782360605.526241,0.00202178955078125
164641,normal,1129,0,1782360605.5281897,0.0019485950469970703
164642,normal,3535,0,1782360605.5303597,0.002170085906982422
164643,normal,3111,1,1782360605.532151,0.001791238784790039
164644,normal,3363,1,1782360605.534041,0.001889944076538086
164645,normal,2414,0,1782360605.53614,0.0020990371704101562
164646,normal,3259,1,1782360605.5381892,0.0020492076873779297
164647,normal,3196,1,1782360605.5400772,0.0018880367279052734
164648,normal,1319,1,1782360605.5421402,0.0020630359649658203
164649,normal,3511,0,1782360605.544142,0.0020017623901367188
164650,normal,1695,0,1782360605.5460384,0.0018963813781738281
164651,normal,3265,1,1782360605.5485556,0.002517223358154297
164652,normal,2947,0,1782360605.5502226,0.001667022705078125
164653,normal,3585,0,1782360605.5521283,0.001905679702758789
164654,normal,1605,0,1782360605.5541568,0.0020284652709960938
164655,normal,3240,1,1782360605.5561728,0.0020160675048828125
164656,normal,3133,1,1782360605.558073,0.0019001960754394531
164657,normal,1762,0,1782360605.560165,0.0020918846130371094
164658,normal,1747,0,1782360605.5622854,0.002120494842529297
164659,normal,124,0,1782360605.5641558,0.0018703937530517578
164660,normal,1757,0,1782360605.5661988,0.002043008804321289
164661,normal,230,0,1782360605.5681608,0.001961946487426758
164662,normal,1708,0,1782360605.570066,0.001905202865600586
164663,normal,1815,0,1782360605.5721686,0.0021026134490966797
164664,normal,605,0,1782360605.5741746,0.002006053924560547
164665,normal,3053,1,1782360605.5762117,0.00203704833984375
164666,normal,3515,0,1782360605.578632,0.0024204254150390625
164667,normal,1770,0,1782360605.5806565,0.002024412155151367
164668,normal,2347,0,1782360605.582339,0.0016825199127197266
164669,normal,676,0,1782360605.5842664,0.0019273757934570312
164670,normal,1413,0,1782360605.5865936,0.0023272037506103516
164671,normal,2402,0,1782360605.5885558,0.0019621849060058594
164672,normal,2740,0,1782360605.5901375,0.0015816688537597656
164673,normal,2587,0,1782360605.5921588,0.002021312713623047
164674,normal,287,0,1782360605.5940566,0.0018978118896484375
164675,normal,2084,0,1782360605.5961554,0.0020987987518310547
164676,normal,2264,0,1782360605.5981722,0.002016782760620117
164677,normal,3015,0,1782360605.6000726,0.0019004344940185547
164678,normal,1854,0,1782360605.6021934,0.0021207332611083984
164679,normal,1986,0,1782360605.6041694,0.00197601318359375
164680,normal,481,0,1782360605.6060736,0.0019042491912841797
164681,normal,3152,1,1782360605.6082032,0.0021295547485351562
164682,normal,2018,0,1782360605.6102405,0.0020372867584228516
164683,normal,3057,1,1782360605.612154,0.0019135475158691406
164684,normal,354,0,1782360605.614171,0.0020170211791992188
164685,normal,3048,1,1782360605.6162028,0.0020318031311035156
164686,normal,1850,0,1782360605.6181192,0.0019164085388183594
164687,normal,3517,0,1782360605.6202502,0.0021309852600097656
164688,normal,3221,1,1782360605.62222,0.0019698143005371094
164689,normal,2819,0,1782360605.6240542,0.0018341541290283203
164690,normal,1309,0,1782360605.626174,0.002119779586791992
164691,normal,1977,0,1782360605.628172,0.0019979476928710938
164692,normal,1478,0,1782360605.63007,0.001898050308227539
164693,normal,3579,0,1782360605.632181,0.0021109580993652344
164694,normal,1344,1,1782360605.6341796,0.0019986629486083984
164695,normal,922,2,1782360605.636087,0.0019073486328125
164696,normal,1332,1,1782360605.6382146,0.0021276473999023438
164697,normal,3102,1,1782360605.6401627,0.0019481182098388672
164698,normal,1455,0,1782360605.64221,0.002047300338745117
164699,normal,2051,0,1782360605.644123,0.0019130706787109375
164700,normal,3623,0,1782360605.646277,0.0021538734436035156
164701,normal,1052,0,1782360605.6481833,0.0019063949584960938
164702,normal,2222,0,1782360605.650296,0.0021126270294189453
164703,normal,1032,0,1782360605.6523218,0.0020258426666259766
164704,normal,1826,0,1782360605.654242,0.0019202232360839844
164705,normal,979,2,1782360605.6563416,0.0020995140075683594
164706,normal,294,0,1782360605.6583064,0.0019648075103759766
164707,normal,1626,0,1782360605.6601985,0.00189208984375
164708,normal,884,2,1782360605.6622987,0.002100229263305664
164709,normal,1361,1,1782360605.6642776,0.0019788742065429688
164710,normal,1913,0,1782360605.6661646,0.0018870830535888672
164711,normal,3197,1,1782360605.6682546,0.002089977264404297
164712,normal,874,2,1782360605.6702945,0.0020399093627929688
164713,normal,632,0,1782360605.6722896,0.001995086669921875
164714,normal,3572,0,1782360605.6742656,0.00197601318359375
164715,normal,3141,1,1782360605.6764119,0.0021462440490722656
164716,normal,1503,0,1782360605.6782022,0.0017902851104736328
164717,normal,353,0,1782360605.6803894,0.0021872520446777344
164718,normal,78,0,1782360605.6823592,0.0019698143005371094
164719,normal,3573,0,1782360605.6843174,0.001958131790161133
164720,normal,1367,1,1782360605.6861997,0.001882314682006836
164721,normal,2778,0,1782360605.688245,0.0020453929901123047
164722,normal,1364,1,1782360605.6900935,0.001848459243774414
164723,normal,2827,0,1782360605.6922462,0.002152681350708008
164724,normal,138,0,1782360605.6944144,0.0021681785583496094
164725,normal,2529,0,1782360605.6960688,0.0016543865203857422
164726,normal,1873,0,1782360605.6982474,0.002178668975830078
164727,normal,955,2,1782360605.700244,0.0019965171813964844
164728,normal,2566,0,1782360605.7021587,0.0019147396087646484
164729,normal,3323,1,1782360605.7048717,0.0027129650115966797
164730,normal,930,2,1782360605.706244,0.0013723373413085938
164731,normal,2315,0,1782360605.708229,0.0019850730895996094
164732,normal,3581,0,1782360605.7102795,0.0020503997802734375
164733,normal,809,2,1782360605.712266,0.0019865036010742188
164734,normal,3501,0,1782360605.7141864,0.001920461654663086
164735,normal,1922,0,1782360605.7161937,0.0020072460174560547
164736,normal,3025,0,1782360605.718523,0.0023293495178222656
164737,normal,945,2,1782360605.7201061,0.001583099365234375
164738,normal,2092,0,1782360605.7222486,0.0021424293518066406
164739,normal,1561,0,1782360605.724261,0.002012491226196289
164740,normal,2438,0,1782360605.7261767,0.0019156932830810547
164741,normal,667,0,1782360605.7282743,0.002097606658935547
164742,normal,198,0,1782360605.7303157,0.002041339874267578
164743,normal,3249,1,1782360605.7321799,0.0018641948699951172
164744,normal,2001,0,1782360605.734183,0.002003192901611328
164745,normal,2231,0,1782360605.7364905,0.002307415008544922
164746,normal,1078,0,1782360605.7386365,0.002146005630493164
164747,normal,2171,0,1782360605.740108,0.0014715194702148438
164748,normal,166,0,1782360605.7422497,0.002141714096069336
164749,normal,500,0,1782360605.7441943,0.0019445419311523438
164750,normal,416,0,1782360605.7463524,0.0021581649780273438
164751,normal,3353,1,1782360605.748397,0.002044677734375
164752,normal,1509,0,1782360605.7501895,0.0017924308776855469
164753,normal,1979,0,1782360605.7524278,0.0022382736206054688
164754,normal,1797,0,1782360605.7541795,0.0017516613006591797
164755,normal,2038,0,1782360605.7566981,0.0025186538696289062
164756,normal,2025,0,1782360605.758236,0.0015377998352050781
164757,normal,1296,0,1782360605.760254,0.002017974853515625
164758,normal,1910,0,1782360605.7621677,0.0019137859344482422
164759,normal,3050,1,1782360605.7642622,0.0020945072174072266
164760,normal,3386,1,1782360605.7662861,0.002023935317993164
164761,normal,474,0,1782360605.768189,0.0019028186798095703
164762,normal,1786,0,1782360605.77027,0.002081155776977539
164763,normal,2390,0,1782360605.7722564,0.001986265182495117
164764,normal,3175,1,1782360605.7741919,0.0019354820251464844
164765,normal,1631,0,1782360605.7763147,0.0021228790283203125
164766,normal,1681,0,1782360605.7784793,0.002164602279663086
164767,normal,2785,0,1782360605.7802143,0.0017349720001220703
164768,normal,610,0,1782360605.7822795,0.0020651817321777344
164769,normal,407,0,1782360605.7843146,0.0020351409912109375
164770,normal,1040,0,1782360605.7862408,0.0019261837005615234
164771,normal,3456,0,1782360605.788386,0.0021452903747558594
164772,normal,825,2,1782360605.7902894,0.0019032955169677734
164773,normal,2477,0,1782360605.7921927,0.0019032955169677734
164774,normal,786,2,1782360605.7942963,0.002103567123413086
164775,normal,2382,0,1782360605.7962937,0.0019974708557128906
164776,normal,3031,0,1782360605.798199,0.001905202865600586
164777,normal,3277,1,1782360605.8003056,0.0021066665649414062
164778,normal,3001,0,1782360605.802317,0.0020112991333007812
164779,normal,377,0,1782360605.8042166,0.00189971923828125
164780,normal,455,0,1782360605.8064568,0.0022401809692382812
164781,normal,3706,0,1782360605.8082,0.0017430782318115234
164782,normal,3306,1,1782360605.8103054,0.0021054744720458984
164783,normal,2703,0,1782360605.8122017,0.0018963813781738281
164784,normal,2552,0,1782360605.814307,0.002105236053466797
164785,normal,2847,0,1782360605.8161986,0.0018916130065917969
164786,normal,2011,0,1782360605.8183079,0.0021092891693115234
164787,normal,2727,0,1782360605.8203337,0.0020258426666259766
164788,normal,3160,1,1782360605.8221552,0.0018215179443359375
164789,normal,903,2,1782360605.8243823,0.0022270679473876953
164790,normal,48,0,1782360605.8264186,0.0020363330841064453
164791,normal,2351,0,1782360605.8281398,0.0017211437225341797
164792,normal,2775,0,1782360605.830324,0.002184152603149414
164793,normal,2120,0,1782360605.8323216,0.001997709274291992
164794,normal,844,2,1782360605.8342268,0.001905202865600586
164795,normal,2400,0,1782360605.8363018,0.0020749568939208984
164796,normal,2485,0,1782360605.838299,0.001997232437133789
164797,normal,3162,1,1782360605.8401954,0.0018963813781738281
164798,normal,3027,0,1782360605.842351,0.0021555423736572266
164799,normal,1405,0,1782360605.8443778,0.002026796340942383
164800,normal,1450,0,1782360605.8461463,0.0017685890197753906
164801,normal,888,2,1782360605.8483758,0.002229452133178711
164802,normal,2950,0,1782360605.8504364,0.0020606517791748047
164803,normal,3463,0,1782360605.852208,0.0017714500427246094
164804,normal,2308,0,1782360605.8543394,0.0021314620971679688
164805,normal,935,2,1782360605.8564634,0.0021240711212158203
164806,normal,1934,0,1782360605.8582964,0.0018329620361328125
164807,normal,2872,0,1782360605.8602254,0.0019290447235107422
164808,normal,920,2,1782360605.8622952,0.002069711685180664
164809,normal,623,0,1782360605.8641877,0.0018925666809082031
164810,normal,1952,0,1782360605.8663032,0.002115488052368164
164811,normal,1061,0,1782360605.868478,0.002174854278564453
164812,normal,3544,0,1782360605.8700917,0.001613616943359375
164813,normal,1650,0,1782360605.872312,0.0022203922271728516
164814,normal,387,0,1782360605.8742979,0.001985788345336914
164815,normal,2338,0,1782360605.876185,0.0018870830535888672
164816,normal,405,0,1782360605.8782322,0.002047300338745117
164817,normal,20,0,1782360605.8803964,0.002164125442504883
164818,normal,2991,0,1782360605.8823056,0.0019092559814453125
164819,normal,1412,0,1782360605.8841755,0.0018699169158935547
164820,normal,2944,0,1782360605.8863995,0.002223968505859375
164821,normal,393,0,1782360605.8881178,0.001718282699584961
164822,normal,1190,0,1782360605.8903024,0.002184629440307617
164823,normal,450,0,1782360605.8923116,0.002009153366088867
164824,normal,2664,0,1782360605.8941998,0.001888275146484375
164825,normal,3510,0,1782360605.896368,0.0021681785583496094
164826,normal,1667,0,1782360605.8983278,0.0019598007202148438
164827,normal,400,0,1782360605.900186,0.0018582344055175781
164828,normal,2431,0,1782360605.9022884,0.002102375030517578
164829,normal,1041,0,1782360605.9043145,0.002026081085205078
164830,normal,3163,1,1782360605.9062004,0.0018858909606933594
164831,normal,347,0,1782360605.9083128,0.0021123886108398438
164832,normal,2253,0,1782360605.910307,0.0019941329956054688
164833,normal,326,0,1782360605.9122133,0.0019063949584960938
164834,normal,1058,0,1782360605.9142196,0.0020062923431396484
164835,normal,1274,0,1782360605.9162898,0.002070188522338867
164836,normal,3346,1,1782360605.9181936,0.0019037723541259766
164837,normal,1467,0,1782360605.9205453,0.0023517608642578125
164838,normal,1596,0,1782360605.92229,0.0017447471618652344
164839,normal,593,0,1782360605.9241738,0.0018837451934814453
164840,normal,3419,0,1782360605.9264286,0.0022547245025634766
164841,normal,3437,0,1782360605.9282897,0.0018610954284667969
164842,normal,1323,1,1782360605.9301004,0.0018107891082763672
164843,normal,757,0,1782360605.932283,0.002182483673095703
164844,normal,2886,0,1782360605.934313,0.0020301342010498047
164845,normal,811,2,1782360605.9362557,0.0019426345825195312
164846,normal,954,2,1782360605.9383798,0.0021240711212158203
164847,normal,4,0,1782360605.940379,0.0019991397857666016
164848,normal,2737,0,1782360605.9422853,0.0019063949584960938
164849,normal,224,0,1782360605.9443574,0.0020720958709716797
164850,normal,2388,0,1782360605.946298,0.0019404888153076172
164851,normal,995,2,1782360605.9484901,0.002192258834838867
164852,normal,1959,0,1782360605.9505212,0.002031087875366211
164853,normal,1327,1,1782360605.9523983,0.0018770694732666016
164854,normal,1844,0,1782360605.954218,0.001819610595703125
164855,normal,79,0,1782360605.9562514,0.0020334720611572266
164856,normal,286,0,1782360605.9583874,0.0021359920501708984
164857,normal,320,0,1782360605.960283,0.0018956661224365234
164858,normal,1628,0,1782360605.9623356,0.0020525455474853516
164859,normal,2608,0,1782360605.9644125,0.002076864242553711
164860,normal,1253,0,1782360605.9660943,0.0016818046569824219
164861,normal,3451,0,1782360605.9683232,0.002228975296020508
164862,normal,2878,0,1782360605.9703283,0.0020051002502441406
164863,normal,2399,0,1782360605.9722078,0.0018794536590576172
164864,normal,606,0,1782360605.9743083,0.0021004676818847656
164865,normal,1065,0,1782360605.976311,0.002002716064453125
164866,normal,3184,1,1782360605.9782047,0.001893758773803711
164867,normal,1178,0,1782360605.9803088,0.002104043960571289
164868,normal,3468,0,1782360605.982368,0.0020592212677001953
164869,normal,1925,0,1782360605.9841106,0.0017426013946533203
164870,normal,2553,0,1782360605.986301,0.0021903514862060547
164871,normal,434,0,1782360605.9883,0.0019991397857666016
164872,normal,1134,0,1782360605.9901972,0.0018970966339111328
164873,normal,92,0,1782360605.9923005,0.0021033287048339844
164874,normal,2711,0,1782360605.994303,0.0020024776458740234
164875,normal,3434,0,1782360605.9962337,0.0019307136535644531
164876,normal,3691,0,1782360605.9994023,0.0031685829162597656
164877,normal,2299,0,1782360606.0002365,0.0008342266082763672
164878,normal,2475,0,1782360606.0022173,0.0019807815551757812
164879,normal,783,2,1782360606.0042207,0.0020034313201904297
164880,normal,3122,1,1782360606.0063436,0.0021228790283203125
164881,normal,3605,0,1782360606.008171,0.0018274784088134766
164882,normal,1832,0,1782360606.010308,0.0021369457244873047
164883,normal,1318,0,1782360606.0122125,0.0019044876098632812
164884,normal,1542,0,1782360606.0141876,0.0019750595092773438
164885,normal,2074,0,1782360606.0162916,0.002104043960571289
164886,normal,2721,0,1782360606.0183957,0.002104043960571289
164887,normal,3209,1,1782360606.0201569,0.0017611980438232422
164888,normal,3002,0,1782360606.0223877,0.0022308826446533203
164889,normal,3100,1,1782360606.0243824,0.001994609832763672
164890,normal,364,0,1782360606.026308,0.0019257068634033203
164891,normal,1585,0,1782360606.0282323,0.001924276351928711
164892,normal,1970,0,1782360606.030375,0.002142667770385742
164893,normal,986,2,1782360606.0323095,0.0019345283508300781
164894,normal,1177,0,1782360606.0343106,0.002001047134399414
164895,normal,216,0,1782360606.0362923,0.0019817352294921875
164896,normal,2474,0,1782360606.038184,0.0018916130065917969
164897,normal,1226,0,1782360606.0403104,0.002126455307006836
164898,normal,60,0,1782360606.0422845,0.0019741058349609375
164899,normal,2862,0,1782360606.0442963,0.0020117759704589844
164900,normal,1125,0,1782360606.0460892,0.00179290771484375
164901,normal,1994,0,1782360606.04829,0.0022008419036865234
164902,normal,1432,0,1782360606.0501857,0.0018956661224365234
164903,normal,1855,0,1782360606.0522878,0.0021021366119384766
164904,normal,12,0,1782360606.0547404,0.0024526119232177734
164905,normal,299,0,1782360606.0562317,0.0014913082122802734
164906,normal,271,0,1782360606.0582228,0.0019910335540771484
164907,normal,1048,0,1782360606.0603817,0.0021588802337646484
164908,normal,352,0,1782360606.0621018,0.0017201900482177734
164909,normal,1340,1,1782360606.0642927,0.002190828323364258
164910,normal,3307,1,1782360606.0663037,0.0020110607147216797
164911,normal,1696,0,1782360606.0681994,0.0018956661224365234
164912,normal,3055,1,1782360606.0703945,0.002195119857788086
164913,normal,1136,0,1782360606.0723102,0.0019156932830810547
164914,normal,3658,0,1782360606.0741906,0.0018804073333740234
164915,normal,2306,0,1782360606.076315,0.002124309539794922
164916,normal,143,0,1782360606.0783079,0.001992940902709961
164917,normal,2354,0,1782360606.0802114,0.001903533935546875
164918,normal,90,0,1782360606.0823107,0.002099275588989258
164919,normal,1569,0,1782360606.0844243,0.0021135807037353516
164920,normal,1984,0,1782360606.0867825,0.0023581981658935547
164921,normal,98,0,1782360606.0884745,0.001692056655883789
164922,normal,3356,1,1782360606.0904405,0.0019659996032714844
164923,normal,2673,0,1782360606.0922961,0.001855611801147461
164924,normal,1529,0,1782360606.0945354,0.002239227294921875
164925,normal,1973,0,1782360606.0965486,0.0020132064819335938
164926,normal,1293,0,1782360606.098222,0.0016734600067138672
164927,normal,1409,0,1782360606.1002026,0.0019805431365966797
164928,normal,120,0,1782360606.1022933,0.0020906925201416016
164929,normal,3365,1,1782360606.1041863,0.0018930435180664062
164930,normal,3512,0,1782360606.1062841,0.0020978450775146484
164931,normal,401,0,1782360606.1083152,0.002031087875366211
164932,normal,2088,0,1782360606.1102064,0.0018911361694335938
164933,normal,2691,0,1782360606.112296,0.0020897388458251953
164934,normal,2652,0,1782360606.1142833,0.0019872188568115234
164935,normal,3333,1,1782360606.1161973,0.0019140243530273438
164936,normal,3355,1,1782360606.1182275,0.0020301342010498047
164937,normal,3422,0,1782360606.1203618,0.0021343231201171875
164938,normal,2677,0,1782360606.1222787,0.0019168853759765625
164939,normal,2686,0,1782360606.1241813,0.0019025802612304688
164940,normal,2095,0,1782360606.12632,0.0021386146545410156
164941,normal,3036,0,1782360606.1283183,0.001998424530029297
164942,normal,1805,0,1782360606.1302629,0.0019445419311523438
164943,normal,893,2,1782360606.1323652,0.002102375030517578
164944,normal,638,0,1782360606.1341784,0.0018131732940673828
164945,normal,3513,0,1782360606.1362925,0.0021140575408935547
164946,normal,2321,0,1782360606.1383135,0.0020210742950439453
164947,normal,3597,0,1782360606.140192,0.001878499984741211
164948,normal,2897,0,1782360606.1423013,0.0021092891693115234
164949,normal,1268,0,1782360606.1443067,0.002005338668823242
164950,normal,2198,0,1782360606.1462085,0.001901865005493164
164951,normal,3580,0,1782360606.1483147,0.002106189727783203
164952,normal,1292,0,1782360606.1503656,0.0020508766174316406
164953,normal,1627,0,1782360606.1521952,0.0018296241760253906
164954,normal,1888,0,1782360606.1543012,0.0021059513092041016
164955,normal,3433,0,1782360606.1563041,0.0020029544830322266
164956,normal,1824,0,1782360606.1581964,0.0018923282623291016
164957,normal,533,0,1782360606.1602995,0.002103090286254883
164958,normal,1687,0,1782360606.1623042,0.0020046234130859375
164959,normal,1992,0,1782360606.164235,0.0019309520721435547
164960,normal,1363,1,1782360606.1663451,0.002110004425048828
164961,normal,1350,1,1782360606.168376,0.0020308494567871094
164962,normal,617,0,1782360606.170169,0.0017931461334228516
164963,normal,502,0,1782360606.1723235,0.0021543502807617188
164964,normal,174,0,1782360606.174315,0.0019915103912353516
164965,normal,2961,0,1782360606.1762805,0.0019655227661132812
164966,normal,777,2,1782360606.1781104,0.0018298625946044922
164967,normal,202,0,1782360606.1801934,0.0020830631256103516
164968,normal,1638,0,1782360606.1820967,0.0019032955169677734
164969,normal,2718,0,1782360606.1843023,0.0022056102752685547
164970,normal,2036,0,1782360606.186453,0.0021507740020751953
164971,normal,974,2,1782360606.1881568,0.0017037391662597656
164972,normal,928,2,1782360606.190366,0.002209186553955078
164973,normal,1949,0,1782360606.1924124,0.002046346664428711
164974,normal,239,0,1782360606.1943326,0.0019202232360839844
164975,normal,948,2,1782360606.1962655,0.0019328594207763672
164976,normal,3205,1,1782360606.1984422,0.0021767616271972656
164977,normal,2946,0,1782360606.2003193,0.0018770694732666016
164978,normal,2442,0,1782360606.2021937,0.0018744468688964844
164979,normal,3485,0,1782360606.204285,0.0020911693572998047
164980,normal,2335,0,1782360606.2061815,0.0018966197967529297
164981,normal,1386,0,1782360606.208282,0.0021004676818847656
164982,normal,620,0,1782360606.210318,0.0020360946655273438
164983,normal,1810,0,1782360606.2121856,0.001867532730102539
164984,normal,1672,0,1782360606.2142813,0.0020956993103027344
164985,normal,972,2,1782360606.2162907,0.0020093917846679688
164986,normal,1967,0,1782360606.2181816,0.0018908977508544922
164987,normal,2812,0,1782360606.2202997,0.0021181106567382812
164988,normal,3492,0,1782360606.2227664,0.0024666786193847656
164989,normal,3653,0,1782360606.2241569,0.0013904571533203125
164990,normal,2410,0,1782360606.2263432,0.002186298370361328
164991,normal,348,0,1782360606.228299,0.001955747604370117
164992,normal,3600,0,1782360606.2301984,0.0018994808197021484
164993,normal,1443,0,1782360606.2323074,0.002109050750732422
164994,normal,2840,0,1782360606.2343102,0.002002716064453125
164995,normal,1019,2,1782360606.2362692,0.001959085464477539
164996,normal,1451,0,1782360606.2382321,0.001962900161743164
164997,normal,2959,0,1782360606.2402887,0.002056598663330078
164998,normal,2121,0,1782360606.2421942,0.0019054412841796875
164999,normal,2455,0,1782360606.2443004,0.002106189727783203
165000,normal,2117,0,1782360606.2463067,0.0020062923431396484
165001,normal,3349,1,1782360606.2482057,0.0018990039825439453
165002,normal,2663,0,1782360606.2503319,0.0021262168884277344
165003,normal,2542,0,1782360606.252303,0.001971006393432617
165004,normal,485,0,1782360606.2542107,0.0019078254699707031
165005,normal,3595,0,1782360606.2565355,0.002324819564819336
165006,normal,1629,0,1782360606.2587717,0.0022361278533935547
165007,normal,2094,0,1782360606.2602043,0.001432657241821289
165008,normal,2912,0,1782360606.2621863,0.001981973648071289
165009,normal,2877,0,1782360606.2643144,0.002128124237060547
165010,normal,1880,0,1782360606.2661521,0.0018377304077148438
165011,normal,1009,2,1782360606.26838,0.002227783203125
165012,normal,3029,0,1782360606.2703838,0.002003908157348633
165013,normal,2165,0,1782360606.2723403,0.001956462860107422
165014,normal,2671,0,1782360606.2742195,0.0018792152404785156
165015,normal,3364,1,1782360606.276537,0.0023174285888671875
165016,normal,3648,0,1782360606.2787747,0.0022377967834472656
165017,normal,345,0,1782360606.2802227,0.001447916030883789
165018,normal,2093,0,1782360606.2822871,0.0020644664764404297
165019,normal,2469,0,1782360606.2841814,0.001894235610961914
165020,normal,966,2,1782360606.2862792,0.0020978450775146484
165021,normal,1769,0,1782360606.2883055,0.0020263195037841797
165022,normal,2780,0,1782360606.2901998,0.001894235610961914
165023,normal,3575,0,1782360606.2922993,0.0020995140075683594
165024,normal,2367,0,1782360606.29429,0.001990795135498047
165025,normal,2080,0,1782360606.2962,0.0019099712371826172
165026,normal,1335,1,1782360606.2983282,0.002128124237060547
165027,normal,2207,0,1782360606.3003616,0.0020334720611572266
165028,normal,264,0,1782360606.3022647,0.0019030570983886719
165029,normal,2526,0,1782360606.3042793,0.002014636993408203
165030,normal,2899,0,1782360606.3063135,0.0020341873168945312
165031,normal,512,0,1782360606.3082318,0.0019183158874511719
165032,normal,3694,0,1782360606.3103683,0.0021364688873291016
165033,normal,2675,0,1782360606.3123546,0.001986265182495117
165034,normal,240,0,1782360606.3141844,0.0018298625946044922
165035,normal,603,0,1782360606.3162906,0.002106189727783203
165036,normal,2968,0,1782360606.3183045,0.0020139217376708984
165037,normal,1109,0,1782360606.3201983,0.001893758773803711
165038,normal,280,0,1782360606.3222952,0.002096891403198242
165039,normal,1263,0,1782360606.3243096,0.0020143985748291016
165040,normal,3159,1,1782360606.3262117,0.0019021034240722656
165041,normal,3367,1,1782360606.3283286,0.0021169185638427734
165042,normal,2024,0,1782360606.330365,0.0020363330841064453
165043,normal,2483,0,1782360606.3321955,0.0018305778503417969
165044,normal,2406,0,1782360606.3343132,0.002117633819580078
165045,normal,101,0,1782360606.3362944,0.0019812583923339844
165046,normal,3625,0,1782360606.338193,0.0018985271453857422
165047,normal,1464,0,1782360606.340297,0.002104043960571289
165048,normal,1813,0,1782360606.3421245,0.0018274784088134766
165049,normal,2706,0,1782360606.3442373,0.002112865447998047
165050,normal,2054,0,1782360606.346321,0.0020837783813476562
165051,normal,2503,0,1782360606.3483725,0.0020513534545898438
165052,normal,418,0,1782360606.3501585,0.0017859935760498047
165053,normal,1648,0,1782360606.3521724,0.0020139217376708984
165054,normal,426,0,1782360606.354229,0.002056598663330078
165055,normal,1020,2,1782360606.3561122,0.0018832683563232422
165056,normal,1819,0,1782360606.358095,0.0019826889038085938
165057,normal,435,0,1782360606.360196,0.0021011829376220703
165058,normal,2257,0,1782360606.3620753,0.0018792152404785156
165059,normal,3250,1,1782360606.3641953,0.0021200180053710938
165060,normal,904,2,1782360606.3662436,0.0020482540130615234
165061,normal,1044,0,1782360606.3681273,0.0018837451934814453
165062,normal,2537,0,1782360606.3703616,0.002234220504760742
165063,normal,1089,0,1782360606.3723855,0.002023935317993164
165064,normal,644,0,1782360606.3742142,0.0018286705017089844
165065,normal,751,0,1782360606.376574,0.0023598670959472656
165066,normal,3425,0,1782360606.378239,0.001664876937866211
165067,normal,3222,1,1782360606.3804252,0.002186298370361328
165068,normal,923,2,1782360606.3822508,0.001825571060180664
165069,normal,382,0,1782360606.3842926,0.0020418167114257812
165070,normal,2681,0,1782360606.3861878,0.0018951892852783203
165071,normal,1384,0,1782360606.3882992,0.0021114349365234375
165072,normal,1142,0,1782360606.3902895,0.0019903182983398438
165073,normal,3632,0,1782360606.3923037,0.00201416015625
165074,normal,1068,0,1782360606.394094,0.0017902851104736328
165075,normal,526,0,1782360606.3962817,0.0021877288818359375
165076,normal,327,0,1782360606.3981793,0.001897573471069336
165077,normal,2423,0,1782360606.4002829,0.002103567123413086
165078,normal,3330,1,1782360606.4023328,0.0020499229431152344
165079,normal,522,0,1782360606.4043276,0.0019948482513427734
165080,normal,487,0,1782360606.4062216,0.0018939971923828125
165081,normal,1551,0,1782360606.4084191,0.0021975040435791016
165082,normal,77,0,1782360606.4102716,0.0018525123596191406
165083,normal,1664,0,1782360606.4123166,0.0020449161529541016
165084,normal,3430,0,1782360606.414305,0.0019884109497070312
165085,normal,2784,0,1782360606.4162009,0.001895904541015625
165086,normal,2103,0,1782360606.418301,0.002100229263305664
165087,normal,2699,0,1782360606.420533,0.0022318363189697266
165088,normal,3453,0,1782360606.4221418,0.0016088485717773438
165089,normal,1879,0,1782360606.4242837,0.0021419525146484375
165090,normal,540,0,1782360606.4262893,0.0020055770874023438
165091,normal,2041,0,1782360606.4281955,0.0019061565399169922
165092,normal,636,0,1782360606.4303033,0.002107858657836914
165093,normal,2457,0,1782360606.4323082,0.002004861831665039
165094,normal,2769,0,1782360606.434193,0.0018846988677978516
165095,normal,1241,0,1782360606.4363103,0.0021173954010009766
165096,normal,2831,0,1782360606.4383104,0.002000093460083008
165097,normal,2363,0,1782360606.4401927,0.001882314682006836
165098,normal,3469,0,1782360606.442279,0.0020864009857177734
165099,normal,2939,0,1782360606.4444754,0.0021963119506835938
165100,normal,3470,0,1782360606.4461813,0.0017058849334716797
165101,normal,975,2,1782360606.4483457,0.0021643638610839844
165102,normal,2452,0,1782360606.450418,0.0020723342895507812
165103,normal,3504,0,1782360606.4522057,0.0017876625061035156
165104,normal,1724,0,1782360606.454287,0.0020813941955566406
165105,normal,26,0,1782360606.456281,0.001993894577026367
165106,normal,1472,0,1782360606.4582,0.0019190311431884766
165107,normal,414,0,1782360606.4603512,0.0021512508392333984
165108,normal,505,0,1782360606.4623585,0.0020072460174560547
165109,normal,2854,0,1782360606.4642656,0.0019071102142333984
165110,normal,466,0,1782360606.466487,0.002221345901489258
165111,normal,707,0,1782360606.4682047,0.0017178058624267578
165112,normal,867,2,1782360606.4702895,0.0020847320556640625
165113,normal,2445,0,1782360606.4723876,0.00209808349609375
165114,normal,3241,1,1782360606.4746528,0.0022652149200439453
165115,normal,2865,0,1782360606.4762878,0.0016350746154785156
165116,normal,306,0,1782360606.4784064,0.0021185874938964844
165117,normal,1392,0,1782360606.48036,0.001953601837158203
165118,normal,1122,0,1782360606.482281,0.001920938491821289
165119,normal,3671,0,1782360606.4841967,0.0019156932830810547
165120,normal,1024,2,1782360606.486491,0.002294301986694336
165121,normal,2451,0,1782360606.4882536,0.0017626285552978516
165122,normal,1875,0,1782360606.4902024,0.0019488334655761719
165123,normal,1520,0,1782360606.4923377,0.0021352767944335938
165124,normal,3571,0,1782360606.4942164,0.0018787384033203125
165125,normal,723,0,1782360606.4962027,0.001986265182495117
165126,normal,1438,0,1782360606.4983087,0.0021059513092041016
165127,normal,467,0,1782360606.5002089,0.0019001960754394531
165128,normal,659,0,1782360606.5023181,0.0021092891693115234
165129,normal,1845,0,1782360606.5043046,0.0019865036010742188
165130,normal,413,0,1782360606.5062563,0.0019516944885253906
165131,normal,1113,0,1782360606.5082254,0.0019690990447998047
165132,normal,160,0,1782360606.5103025,0.0020771026611328125
165133,normal,1752,0,1782360606.512197,0.0018944740295410156
165134,normal,2332,0,1782360606.5143073,0.0021102428436279297
165135,normal,136,0,1782360606.516313,0.0020058155059814453
165136,normal,802,2,1782360606.5181994,0.0018863677978515625
165137,normal,2027,0,1782360606.5203419,0.0021424293518066406
165138,normal,2204,0,1782360606.5223649,0.002022981643676758
165139,normal,3432,0,1782360606.5243065,0.001941680908203125
165140,normal,3380,1,1782360606.5261254,0.0018188953399658203
165141,normal,1997,0,1782360606.5283494,0.002223968505859375
165142,normal,2234,0,1782360606.5302558,0.0019063949584960938
165143,normal,440,0,1782360606.5322063,0.0019505023956298828
165144,normal,2700,0,1782360606.5342894,0.0020830631256103516
165145,normal,3305,1,1782360606.5361867,0.0018973350524902344
165146,normal,1304,0,1782360606.5382953,0.0021085739135742188
165147,normal,2789,0,1782360606.540403,0.0021076202392578125
165148,normal,1045,0,1782360606.5421722,0.0017693042755126953
165149,normal,165,0,1782360606.5443742,0.0022020339965820312
165150,normal,1252,0,1782360606.546431,0.0020568370819091797
165151,normal,81,0,1782360606.5482078,0.0017766952514648438
165152,normal,1675,0,1782360606.5504322,0.002224445343017578
165153,normal,3697,0,1782360606.5523484,0.0019161701202392578
165154,normal,2852,0,1782360606.5543256,0.001977205276489258
165155,normal,926,2,1782360606.5562408,0.0019152164459228516
165156,normal,127,0,1782360606.558288,0.002047300338745117
165157,normal,1665,0,1782360606.5601854,0.0018973350524902344
165158,normal,310,0,1782360606.5622861,0.002100706100463867
165159,normal,836,2,1782360606.564288,0.0020017623901367188
165160,normal,1278,0,1782360606.5662897,0.0020017623901367188
165161,normal,1103,0,1782360606.5680969,0.0018072128295898438
165162,normal,319,0,1782360606.5702784,0.002181529998779297
165163,normal,1014,2,1782360606.572181,0.0019025802612304688
165164,normal,1592,0,1782360606.5742953,0.0021142959594726562
165165,normal,1734,0,1782360606.5767527,0.0024573802947998047
165166,normal,3148,1,1782360606.5782151,0.0014624595642089844
165167,normal,2538,0,1782360606.5803924,0.0021772384643554688
165168,normal,199,0,1782360606.5823581,0.001965761184692383
165169,normal,613,0,1782360606.5841973,0.0018391609191894531
165170,normal,451,0,1782360606.5863018,0.002104520797729492
165171,normal,3495,0,1782360606.5883176,0.002015829086303711
165172,normal,2003,0,1782360606.590209,0.0018913745880126953
165173,normal,862,2,1782360606.5923762,0.002167224884033203
165174,normal,482,0,1782360606.5943224,0.0019462108612060547
165175,normal,1983,0,1782360606.596191,0.0018684864044189453
165176,normal,1864,0,1782360606.598277,0.002086162567138672
165177,normal,2295,0,1782360606.6004243,0.002147197723388672
165178,normal,2804,0,1782360606.6022058,0.001781463623046875
165179,normal,3670,0,1782360606.6043172,0.0021114349365234375
165180,normal,3231,1,1782360606.6063225,0.002005338668823242
165181,normal,1232,0,1782360606.608252,0.0019295215606689453
165182,normal,629,0,1782360606.6108572,0.0026051998138427734
165183,normal,3462,0,1782360606.6122956,0.0014383792877197266
165184,normal,1393,0,1782360606.614479,0.0021834373474121094
165185,normal,731,0,1782360606.6162455,0.0017664432525634766
165186,normal,503,0,1782360606.6186056,0.002360105514526367
165187,normal,292,0,1782360606.620489,0.0018832683563232422
165188,normal,2985,0,1782360606.6222637,0.0017747879028320312
165189,normal,1397,0,1782360606.6242263,0.0019626617431640625
165190,normal,1941,0,1782360606.6261852,0.0019588470458984375
165191,normal,936,2,1782360606.6282787,0.0020935535430908203
165192,normal,2885,0,1782360606.6302896,0.002010822296142578
165193,normal,2934,0,1782360606.632209,0.0019195079803466797
165194,normal,2656,0,1782360606.6342974,0.002088308334350586
165195,normal,909,2,1782360606.636301,0.0020036697387695312
165196,normal,2326,0,1782360606.6381812,0.0018801689147949219
165197,normal,186,0,1782360606.6403062,0.0021250247955322266
165198,normal,2760,0,1782360606.6422346,0.0019283294677734375
165199,normal,1897,0,1782360606.644187,0.0019524097442626953
165200,normal,2310,0,1782360606.6461904,0.0020034313201904297
165201,normal,706,0,1782360606.6482978,0.002107381820678711
165202,normal,3217,1,1782360606.650225,0.0019271373748779297
165203,normal,3276,1,1782360606.6523414,0.0021164417266845703
165204,normal,3689,0,1782360606.6543853,0.0020439624786376953
165205,normal,3509,0,1782360606.6562767,0.0018913745880126953
165206,normal,767,0,1782360606.6582057,0.0019290447235107422
165207,normal,730,0,1782360606.6603026,0.002096891403198242
165208,normal,2473,0,1782360606.6621962,0.0018935203552246094
165209,normal,879,2,1782360606.6643014,0.002105236053466797
165210,normal,2599,0,1782360606.6663053,0.002003908157348633
165211,normal,3067,1,1782360606.668202,0.0018966197967529297
165212,normal,1780,0,1782360606.6703255,0.002123594284057617
165213,normal,3413,0,1782360606.672318,0.001992464065551758
165214,normal,2758,0,1782360606.6742976,0.0019795894622802734
165215,normal,776,2,1782360606.6761038,0.0018062591552734375
165216,normal,223,0,1782360606.6783035,0.0021996498107910156
165217,normal,829,2,1782360606.6801932,0.0018897056579589844
165218,normal,849,2,1782360606.6822994,0.002106189727783203
165219,normal,2838,0,1782360606.6843092,0.002009868621826172
165220,normal,806,2,1782360606.6861992,0.001889944076538086
165221,normal,3013,0,1782360606.6883411,0.0021419525146484375
165222,normal,125,0,1782360606.69035,0.0020089149475097656
165223,normal,3336,1,1782360606.692272,0.0019218921661376953
165224,normal,2312,0,1782360606.6944084,0.0021364688873291016
165225,normal,2292,0,1782360606.6962068,0.001798391342163086
165226,normal,325,0,1782360606.6983135,0.0021066665649414062
165227,normal,2243,0,1782360606.7002103,0.0018968582153320312
165228,normal,1380,1,1782360606.7023115,0.0021011829376220703
165229,normal,2754,0,1782360606.7041898,0.0018782615661621094
165230,normal,2319,0,1782360606.706293,0.0021033287048339844
165231,normal,1418,0,1782360606.7082953,0.002002239227294922
165232,normal,1856,0,1782360606.7104402,0.0021448135375976562
165233,normal,3387,1,1782360606.712156,0.0017158985137939453
165234,normal,3035,0,1782360606.7143676,0.0022115707397460938
165235,normal,2379,0,1782360606.7162073,0.0018396377563476562
165236,normal,804,2,1782360606.718416,0.002208709716796875
165237,normal,385,0,1782360606.72036,0.0019440650939941406
165238,normal,988,2,1782360606.722249,0.0018889904022216797
165239,normal,1431,0,1782360606.7244604,0.002211332321166992
165240,normal,1838,0,1782360606.7262695,0.0018091201782226562
165241,normal,1939,0,1782360606.7281842,0.0019147396087646484
165242,normal,2263,0,1782360606.7302847,0.0021004676818847656
165243,normal,2328,0,1782360606.7322824,0.001997709274291992
165244,normal,810,2,1782360606.7342114,0.0019290447235107422
165245,normal,1211,0,1782360606.7363377,0.0021262168884277344
165246,normal,1355,1,1782360606.7382832,0.00194549560546875
165247,normal,3483,0,1782360606.7401803,0.0018970966339111328
165248,normal,586,0,1782360606.7421787,0.001998424530029297
165249,normal,738,0,1782360606.7442865,0.002107858657836914
165250,normal,244,0,1782360606.7468052,0.0025186538696289062
165251,normal,2612,0,1782360606.7481527,0.0013475418090820312
165252,normal,2479,0,1782360606.7503512,0.002198457717895508
165253,normal,2887,0,1782360606.752191,0.0018398761749267578
165254,normal,944,2,1782360606.7542956,0.002104520797729492
165255,normal,2782,0,1782360606.7563035,0.0020079612731933594
165256,normal,3703,0,1782360606.758207,0.001903533935546875
165257,normal,1294,0,1782360606.7603936,0.0021865367889404297
165258,normal,109,0,1782360606.7622123,0.0018186569213867188
165259,normal,2728,0,1782360606.7640874,0.001875162124633789
165260,normal,70,0,1782360606.766086,0.0019986629486083984
165261,normal,3296,1,1782360606.768066,0.001979827880859375
165262,normal,3698,0,1782360606.7700715,0.0020055770874023438
165263,normal,3014,0,1782360606.7720823,0.002010822296142578
165264,normal,949,2,1782360606.774249,0.002166748046875
165265,normal,3155,1,1782360606.7762065,0.001957416534423828
165266,normal,2397,0,1782360606.778293,0.0020864009857177734
165267,normal,1607,0,1782360606.7804132,0.0021202564239501953
165268,normal,2450,0,1782360606.782866,0.002452850341796875
165269,normal,285,0,1782360606.7842698,0.00140380859375
165270,normal,2067,0,1782360606.7862954,0.002025604248046875
165271,normal,44,0,1782360606.7881954,0.0018999576568603516
165272,normal,754,0,1782360606.7902155,0.002020120620727539
165273,normal,373,0,1782360606.7923372,0.0021216869354248047
165274,normal,719,0,1782360606.7942772,0.001940011978149414
165275,normal,2520,0,1782360606.7962713,0.0019941329956054688
165276,normal,1372,1,1782360606.7984629,0.0021915435791015625
165277,normal,2717,0,1782360606.800106,0.0016431808471679688
165278,normal,3314,1,1782360606.8025959,0.002489805221557617
165279,normal,291,0,1782360606.8043687,0.0017728805541992188
165280,normal,800,2,1782360606.806102,0.0017333030700683594
165281,normal,1311,0,1782360606.8082798,0.002177715301513672
165282,normal,1517,0,1782360606.810279,0.0019991397857666016
165283,normal,3308,1,1782360606.8122025,0.0019235610961914062
165284,normal,94,0,1782360606.814303,0.0021004676818847656
165285,normal,2494,0,1782360606.8163018,0.0019989013671875
165286,normal,61,0,1782360606.8181868,0.0018849372863769531
165287,normal,3322,1,1782360606.8202934,0.0021066665649414062
165288,normal,2799,0,1782360606.8223147,0.002021312713623047
165289,normal,2053,0,1782360606.824248,0.0019333362579345703
165290,normal,1773,0,1782360606.8263876,0.002139568328857422
165291,normal,3464,0,1782360606.8283987,0.0020110607147216797
165292,normal,1155,0,1782360606.8302023,0.0018036365509033203
165293,normal,2216,0,1782360606.8322222,0.0020198822021484375
165294,normal,1203,0,1782360606.8343475,0.002125263214111328
165295,normal,2640,0,1782360606.8362706,0.0019230842590332031
165296,normal,3096,1,1782360606.838187,0.0019164085388183594
165297,normal,1917,0,1782360606.8402965,0.002109527587890625
165298,normal,891,2,1782360606.8421922,0.0018956661224365234
165299,normal,529,0,1782360606.8442962,0.002104043960571289
165300,normal,1018,2,1782360606.846296,0.0019998550415039062
165301,normal,847,2,1782360606.848201,0.0019049644470214844
165302,normal,3271,1,1782360606.850309,0.002107858657836914
165303,normal,1968,0,1782360606.8523154,0.00200653076171875
165304,normal,3415,0,1782360606.8543148,0.001999378204345703
165305,normal,3016,0,1782360606.8561332,0.0018184185028076172
165306,normal,1196,0,1782360606.8582935,0.002160310745239258
165307,normal,797,2,1782360606.8601897,0.0018961429595947266
165308,normal,583,0,1782360606.862209,0.0020194053649902344
165309,normal,787,2,1782360606.8643005,0.0020914077758789062
165310,normal,1894,0,1782360606.8661938,0.0018932819366455078
165311,normal,2015,0,1782360606.8683333,0.002139568328857422
165312,normal,2480,0,1782360606.870363,0.0020296573638916016
165313,normal,2848,0,1782360606.8721702,0.0018072128295898438
165314,normal,1250,0,1782360606.8743856,0.0022153854370117188
165315,normal,346,0,1782360606.8762927,0.0019071102142333984
165316,normal,2653,0,1782360606.8782053,0.0019125938415527344
165317,normal,993,2,1782360606.8803456,0.0021402835845947266
165318,normal,1989,0,1782360606.882314,0.0019683837890625
165319,normal,2894,0,1782360606.8841915,0.0018775463104248047
165320,normal,668,0,1782360606.8862877,0.0020961761474609375
165321,normal,113,0,1782360606.888294,0.0020062923431396484
165322,normal,1706,0,1782360606.8902423,0.0019483566284179688
165323,normal,298,0,1782360606.8922834,0.0020411014556884766
165324,normal,3555,0,1782360606.894333,0.0020494461059570312
165325,normal,2482,0,1782360606.8962595,0.0019266605377197266
165326,normal,2762,0,1782360606.8983428,0.002083301544189453
165327,normal,3641,0,1782360606.9006033,0.002260446548461914
165328,normal,2355,0,1782360606.9021726,0.0015692710876464844
165329,normal,3678,0,1782360606.9044592,0.002286672592163086
165330,normal,814,2,1782360606.9063063,0.0018470287322998047
165331,normal,3347,1,1782360606.908094,0.0017876625061035156
165332,normal,2386,0,1782360606.9102826,0.0021886825561523438
165333,normal,1286,0,1782360606.9122844,0.0020017623901367188
165334,normal,745,0,1782360606.9141798,0.0018954277038574219
165335,normal,2059,0,1782360606.9163978,0.002218008041381836
165336,normal,2705,0,1782360606.9181554,0.0017576217651367188
165337,normal,2405,0,1782360606.9202793,0.0021238327026367188
165338,normal,1816,0,1782360606.9221804,0.0019011497497558594
165339,normal,1731,0,1782360606.9242837,0.0021033287048339844
165340,normal,3407,0,1782360606.9262054,0.0019216537475585938
165341,normal,1062,0,1782360606.9284246,0.0022192001342773438
165342,normal,2773,0,1782360606.9302764,0.001851797103881836
165343,normal,3073,1,1782360606.9322896,0.0020132064819335938
165344,normal,1329,1,1782360606.9342866,0.0019969940185546875
165345,normal,1575,0,1782360606.9362414,0.001954793930053711
165346,normal,827,2,1782360606.9381957,0.001954317092895508
165347,normal,3568,0,1782360606.9403007,0.0021049976348876953
165348,normal,2749,0,1782360606.94225,0.001949310302734375
165349,normal,3647,0,1782360606.944379,0.002129077911376953
165350,normal,3010,0,1782360606.9461808,0.0018017292022705078
165351,normal,3147,1,1782360606.948316,0.0021352767944335938
165352,normal,316,0,1782360606.9501345,0.0018184185028076172
165353,normal,3032,0,1782360606.952232,0.0020973682403564453
165354,normal,152,0,1782360606.9541326,0.0019006729125976562
165355,normal,1974,0,1782360606.9562325,0.0020999908447265625
165356,normal,1751,0,1782360606.9580822,0.0018496513366699219
165357,normal,3474,0,1782360606.9600832,0.002001047134399414
165358,normal,2085,0,1782360606.9620912,0.0020079612731933594
165359,normal,2353,0,1782360606.9642045,0.00211334228515625
165360,normal,3707,0,1782360606.9661813,0.0019767284393310547
165361,normal,1494,0,1782360606.9682827,0.002101421356201172
165362,normal,3207,1,1782360606.9701648,0.0018820762634277344
165363,normal,2783,0,1782360606.9722579,0.002093076705932617
165364,normal,1224,0,1782360606.9741502,0.0018923282623291016
165365,normal,2163,0,1782360606.9761682,0.002017974853515625
165366,normal,1199,0,1782360606.9782016,0.0020334720611572266
165367,normal,3290,1,1782360606.9800732,0.0018715858459472656
165368,normal,3125,1,1782360606.9822013,0.002128124237060547
165369,normal,1921,0,1782360606.9842327,0.0020313262939453125
165370,normal,1579,0,1782360606.9861512,0.0019185543060302734
165371,normal,990,2,1782360606.9881642,0.002012968063354492
165372,normal,1883,0,1782360606.9903316,0.0021674633026123047
165373,normal,3264,1,1782360606.9921424,0.0018107891082763672
165374,normal,196,0,1782360606.994191,0.002048492431640625
165375,normal,1725,0,1782360606.996567,0.002376079559326172
165376,normal,2221,0,1782360606.9984066,0.0018396377563476562
165377,normal,2605,0,1782360607.0001853,0.0017786026000976562
165378,normal,433,0,1782360607.002201,0.002015829086303711
165379,normal,578,0,1782360607.0041249,0.0019237995147705078
165380,normal,1663,0,1782360607.0062466,0.0021216869354248047
165381,normal,727,0,1782360607.0081475,0.0019009113311767578
165382,normal,1421,0,1782360607.0102484,0.0021009445190429688
165383,normal,1683,0,1782360607.0124218,0.0021734237670898438
165384,normal,2849,0,1782360607.0140646,0.0016427040100097656
165385,normal,3577,0,1782360607.0162084,0.00214385986328125
165386,normal,1825,0,1782360607.018103,0.0018944740295410156
165387,normal,1640,0,1782360607.020202,0.0020990371704101562
165388,normal,2467,0,1782360607.0220842,0.001882314682006836
165389,normal,262,0,1782360607.024203,0.002118825912475586
165390,normal,2544,0,1782360607.0262146,0.002011537551879883
165391,normal,622,0,1782360607.0280855,0.001870870590209961
165392,normal,2941,0,1782360607.0302327,0.002147197723388672
165393,normal,2914,0,1782360607.0320928,0.0018601417541503906
165394,normal,390,0,1782360607.0341995,0.0021066665649414062
165395,normal,153,0,1782360607.036212,0.002012491226196289
165396,normal,1821,0,1782360607.0381863,0.001974344253540039
165397,normal,541,0,1782360607.04027,0.0020837783813476562
165398,normal,3168,1,1782360607.0422049,0.0019347667694091797
165399,normal,3202,1,1782360607.0442839,0.002079010009765625
165400,normal,3493,0,1782360607.0461183,0.0018343925476074219
165401,normal,696,0,1782360607.048535,0.002416849136352539
165402,normal,1143,0,1782360607.0501883,0.0016531944274902344
165403,normal,1458,0,1782360607.0522895,0.0021011829376220703
165404,normal,1141,0,1782360607.0541952,0.001905679702758789
165405,normal,303,0,1782360607.0562503,0.0020551681518554688
165406,normal,1637,0,1782360607.058164,0.0019135475158691406
165407,normal,412,0,1782360607.060259,0.0020952224731445312
165408,normal,1328,1,1782360607.06209,0.0018308162689208984
165409,normal,1955,0,1782360607.064148,0.0020580291748046875
165410,normal,1486,0,1782360607.0661721,0.0020241737365722656
165411,normal,1119,0,1782360607.0682714,0.002099275588989258
165412,normal,3661,0,1782360607.0701444,0.001873016357421875
165413,normal,3399,1,1782360607.0721724,0.0020279884338378906
165414,normal,2509,0,1782360607.07442,0.0022475719451904297
165415,normal,2042,0,1782360607.076122,0.0017020702362060547
165416,normal,2239,0,1782360607.0781822,0.0020601749420166016
165417,normal,520,0,1782360607.0802207,0.0020384788513183594
165418,normal,517,0,1782360607.082101,0.0018804073333740234
165419,normal,2407,0,1782360607.0840394,0.0019383430480957031
165420,normal,3708,0,1782360607.0861032,0.002063751220703125
165421,normal,660,0,1782360607.0880327,0.0019295215606689453
165422,normal,2562,0,1782360607.0903208,0.0022881031036376953
165423,normal,1878,0,1782360607.092141,0.0018200874328613281
165424,normal,1632,0,1782360607.0940282,0.0018873214721679688
165425,normal,2271,0,1782360607.0961318,0.002103567123413086
165426,normal,1046,0,1782360607.0980988,0.0019669532775878906
165427,normal,2478,0,1782360607.1001494,0.002050638198852539
165428,normal,3361,1,1782360607.1021774,0.0020279884338378906
165429,normal,2370,0,1782360607.104156,0.001978635787963867
165430,normal,3263,1,1782360607.1061077,0.0019516944885253906
165431,normal,2931,0,1782360607.1080549,0.001947164535522461
165432,normal,2574,0,1782360607.1101227,0.0020678043365478516
165433,normal,1887,0,1782360607.1120543,0.0019316673278808594
165434,normal,358,0,1782360607.114073,0.0020186901092529297
165435,normal,574,0,1782360607.1161687,0.0020956993103027344
165436,normal,2630,0,1782360607.1180897,0.001920938491821289
165437,normal,483,0,1782360607.1200507,0.0019609928131103516
165438,normal,2915,0,1782360607.122118,0.0020673274993896484
165439,normal,2603,0,1782360607.12406,0.0019419193267822266
165440,normal,2654,0,1782360607.1260505,0.0019905567169189453
165441,normal,337,0,1782360607.128124,0.002073526382446289
165442,normal,1946,0,1782360607.1301727,0.0020487308502197266
165443,normal,1630,0,1782360607.1326213,0.002448558807373047
165444,normal,332,0,1782360607.1344078,0.0017864704132080078
165445,normal,3282,1,1782360607.13628,0.0018723011016845703
165446,normal,1969,0,1782360607.1382184,0.0019383430480957031
165447,normal,1788,0,1782360607.1404765,0.0022580623626708984
165448,normal,1531,0,1782360607.1424174,0.0019409656524658203
165449,normal,2066,0,1782360607.1441267,0.0017092227935791016
165450,normal,3410,0,1782360607.1461332,0.00200653076171875
165451,normal,1303,0,1782360607.1480381,0.0019049644470214844
165452,normal,977,2,1782360607.1501353,0.0020971298217773438
165453,normal,2713,0,1782360607.1521046,0.0019693374633789062
165454,normal,3215,1,1782360607.154063,0.0019583702087402344
165455,normal,3116,1,1782360607.15606,0.0019969940185546875
165456,normal,484,0,1782360607.1581295,0.0020694732666015625
165457,normal,1975,0,1782360607.1600456,0.0019161701202392578
165458,normal,2976,0,1782360607.1620576,0.002012014389038086
165459,normal,2764,0,1782360607.1641533,0.0020956993103027344
165460,normal,17,0,1782360607.1661081,0.001954793930053711
165461,normal,2115,0,1782360607.1681204,0.0020122528076171875
165462,normal,1787,0,1782360607.1701126,0.0019922256469726562
165463,normal,3286,1,1782360607.1720717,0.001959085464477539
165464,normal,2167,0,1782360607.1740856,0.0020139217376708984
165465,normal,3149,1,1782360607.1761959,0.0021102428436279297
165466,normal,2768,0,1782360607.1781855,0.001989603042602539
165467,normal,360,0,1782360607.1800535,0.0018680095672607422
165468,normal,2096,0,1782360607.1821032,0.002049684524536133
165469,normal,3503,0,1782360607.1840348,0.0019316673278808594
165470,normal,1342,1,1782360607.186104,0.002069234848022461
165471,normal,3446,0,1782360607.1880717,0.0019676685333251953
165472,normal,1886,0,1782360607.1901076,0.002035856246948242
165473,normal,2238,0,1782360607.192045,0.0019373893737792969
165474,normal,1163,0,1782360607.1941557,0.002110719680786133
165475,normal,1642,0,1782360607.196077,0.0019214153289794922
165476,normal,211,0,1782360607.1980245,0.0019474029541015625
165477,normal,261,0,1782360607.2001255,0.0021009445190429688
165478,normal,1652,0,1782360607.2020183,0.0018928050994873047
165479,normal,2955,0,1782360607.2042818,0.0022635459899902344
165480,normal,3239,1,1782360607.2061994,0.0019176006317138672
165481,normal,1553,0,1782360607.2080767,0.0018773078918457031
165482,normal,705,0,1782360607.2102895,0.0022127628326416016
165483,normal,170,0,1782360607.2122335,0.0019440650939941406
165484,normal,1912,0,1782360607.2141514,0.0019178390502929688
165485,normal,243,0,1782360607.2161539,0.0020024776458740234
165486,normal,3524,0,1782360607.2182267,0.0020728111267089844
165487,normal,2803,0,1782360607.2201025,0.0018758773803710938
165488,normal,2276,0,1782360607.22231,0.002207517623901367
165489,normal,3255,1,1782360607.224202,0.0018918514251708984
165490,normal,3514,0,1782360607.2260678,0.0018658638000488281
165491,normal,1673,0,1782360607.2282457,0.0021779537200927734
165492,normal,2044,0,1782360607.2301958,0.0019500255584716797
165493,normal,1564,0,1782360607.2322285,0.002032756805419922
165494,normal,162,0,1782360607.2341595,0.0019309520721435547
165495,normal,877,2,1782360607.2362702,0.002110719680786133
165496,normal,3634,0,1782360607.238175,0.0019047260284423828
165497,normal,997,2,1782360607.2403255,0.0021505355834960938
165498,normal,1745,0,1782360607.2422886,0.0019631385803222656
165499,normal,465,0,1782360607.2442183,0.0019297599792480469
165500,normal,3121,1,1782360607.2461996,0.0019812583923339844
165501,normal,3423,0,1782360607.2482557,0.002056121826171875
165502,normal,609,0,1782360607.250063,0.0018072128295898438
165503,normal,2384,0,1782360607.252241,0.0021779537200927734
165504,normal,748,0,1782360607.2541878,0.0019469261169433594
165505,normal,1677,0,1782360607.256187,0.0019991397857666016
165506,normal,3421,0,1782360607.258069,0.0018820762634277344
165507,normal,1452,0,1782360607.2602324,0.002163410186767578
165508,normal,3609,0,1782360607.2620606,0.0018281936645507812
165509,normal,1460,0,1782360607.2642395,0.0021789073944091797
165510,normal,456,0,1782360607.2663596,0.0021200180053710938
165511,normal,338,0,1782360607.2683077,0.0019481182098388672
165512,normal,3268,1,1782360607.2701256,0.001817941665649414
165513,normal,468,0,1782360607.2722368,0.002111196517944336
165514,normal,176,0,1782360607.2740803,0.0018434524536132812
165515,normal,2722,0,1782360607.276249,0.0021686553955078125
165516,normal,2005,0,1782360607.2782266,0.001977682113647461
165517,normal,86,0,1782360607.2800987,0.0018720626831054688
165518,normal,3338,1,1782360607.2824535,0.002354860305786133
165519,normal,1004,2,1782360607.2842267,0.0017731189727783203
165520,normal,3033,0,1782360607.2860713,0.001844644546508789
165521,normal,630,0,1782360607.2882543,0.0021829605102539062
165522,normal,1349,1,1782360607.290214,0.0019598007202148438
165523,normal,1256,0,1782360607.2920876,0.0018734931945800781
165524,normal,1050,0,1782360607.2942863,0.0021986961364746094
165525,normal,203,0,1782360607.2962222,0.0019359588623046875
165526,normal,779,2,1782360607.2980795,0.0018572807312011719
165527,normal,2373,0,1782360607.3002677,0.0021882057189941406
165528,normal,2938,0,1782360607.3028173,0.0025496482849121094
165529,normal,743,0,1782360607.3045666,0.001749277114868164
165530,normal,1466,0,1782360607.3060913,0.0015246868133544922
165531,normal,3070,1,1782360607.3081832,0.0020918846130371094
165532,normal,587,0,1782360607.3100765,0.0018932819366455078
165533,normal,2331,0,1782360607.3122928,0.002216339111328125
165534,normal,3028,0,1782360607.3143208,0.0020279884338378906
165535,normal,3181,1,1782360607.3161643,0.0018434524536132812
165536,normal,100,0,1782360607.3182743,0.002110004425048828
165537,normal,1491,0,1782360607.320251,0.0019767284393310547
165538,normal,189,0,1782360607.3223047,0.0020537376403808594
165539,normal,2951,0,1782360607.3243284,0.0020236968994140625
165540,normal,104,0,1782360607.3262675,0.0019390583038330078
165541,normal,615,0,1782360607.3280644,0.0017969608306884766
165542,normal,3615,0,1782360607.3302302,0.0021657943725585938
165543,normal,1191,0,1782360607.3321846,0.001954317092895508
165544,normal,359,0,1782360607.3340936,0.001909017562866211
165545,normal,3043,0,1782360607.33626,0.0021665096282958984
165546,normal,157,0,1782360607.338212,0.0019519329071044922
165547,normal,1654,0,1782360607.3400679,0.0018558502197265625
165548,normal,3204,1,1782360607.3422692,0.0022013187408447266
165549,normal,1373,1,1782360607.3442688,0.0019996166229248047
165550,normal,859,2,1782360607.3461301,0.0018613338470458984
165551,normal,2628,0,1782360607.348145,0.0020148754119873047
165552,normal,57,0,1782360607.3500898,0.0019447803497314453
165553,normal,2508,0,1782360607.3521087,0.0020189285278320312
165554,normal,634,0,1782360607.3540976,0.0019888877868652344
165555,normal,2698,0,1782360607.3561444,0.002046823501586914
165556,normal,3091,1,1782360607.3580587,0.0019142627716064453
165557,normal,2058,0,1782360607.3601003,0.0020415782928466797
165558,normal,2582,0,1782360607.362061,0.00196075439453125
165559,normal,2175,0,1782360607.364021,0.0019600391387939453
165560,normal,2867,0,1782360607.3660278,0.0020067691802978516
165561,normal,2009,0,1782360607.36811,0.0020821094512939453
165562,normal,123,0,1782360607.3702443,0.0021343231201171875
165563,normal,3583,0,1782360607.3723154,0.0020711421966552734
165564,normal,1381,1,1782360607.3745275,0.002212047576904297
165565,normal,2881,0,1782360607.3770454,0.0025179386138916016
165566,normal,3177,1,1782360607.3780365,0.0009911060333251953
165567,normal,2050,0,1782360607.3800957,0.0020592212677001953
165568,normal,2772,0,1782360607.3821933,0.002097606658935547
165569,normal,3429,0,1782360607.384136,0.0019426345825195312
165570,normal,564,0,1782360607.3861136,0.001977682113647461
165571,normal,627,0,1782360607.388072,0.0019583702087402344
165572,normal,1906,0,1782360607.3900967,0.0020246505737304688
165573,normal,1445,0,1782360607.392142,0.0020453929901123047
165574,normal,1484,0,1782360607.3944561,0.0023140907287597656
165575,normal,889,2,1782360607.3961604,0.0017042160034179688
165576,normal,1801,0,1782360607.3988943,0.002733945846557617
165577,normal,1957,0,1782360607.4001117,0.0012173652648925781
165578,normal,3560,0,1782360607.4021606,0.002048969268798828
165579,normal,67,0,1782360607.404089,0.0019283294677734375
165580,normal,140,0,1782360607.4063427,0.0022537708282470703
165581,normal,1834,0,1782360607.4083629,0.002020120620727539
165582,normal,916,2,1782360607.4102986,0.001935720443725586
165583,normal,1814,0,1782360607.412265,0.0019664764404296875
165584,normal,3254,1,1782360607.414366,0.0021009445190429688
165585,normal,2102,0,1782360607.4162662,0.0019001960754394531
165586,normal,3516,0,1782360607.4183831,0.0021169185638427734
165587,normal,2143,0,1782360607.4202843,0.0019011497497558594
165588,normal,336,0,1782360607.4224472,0.002162933349609375
165589,normal,1255,0,1782360607.4242592,0.001811981201171875
165590,normal,2129,0,1782360607.426477,0.0022177696228027344
165591,normal,255,0,1782360607.4285085,0.002031564712524414
165592,normal,1171,0,1782360607.4303722,0.001863718032836914
165593,normal,2502,0,1782360607.432491,0.002118825912475586
165594,normal,3291,1,1782360607.434402,0.0019109249114990234
165595,normal,1320,1,1782360607.4363072,0.001905202865600586
165596,normal,2715,0,1782360607.4382687,0.0019614696502685547
165597,normal,1554,0,1782360607.4403796,0.0021109580993652344
165598,normal,1980,0,1782360607.442162,0.0017824172973632812
165599,normal,2564,0,1782360607.4444222,0.0022602081298828125
165600,normal,2596,0,1782360607.446483,0.0020606517791748047
165601,normal,2156,0,1782360607.4481647,0.0016818046569824219
165602,normal,640,0,1782360607.450376,0.002211332321166992
165603,normal,1007,2,1782360607.4523315,0.0019555091857910156
165604,normal,1322,1,1782360607.4542472,0.0019156932830810547
165605,normal,1976,0,1782360607.4565544,0.0023071765899658203
165606,normal,3109,1,1782360607.4584703,0.0019159317016601562
165607,normal,599,0,1782360607.4604192,0.0019488334655761719
165608,normal,2864,0,1782360607.462357,0.0019378662109375
165609,normal,308,0,1782360607.464654,0.002296924591064453
165610,normal,890,2,1782360607.4662547,0.0016007423400878906
165611,normal,488,0,1782360607.468239,0.0019843578338623047
165612,normal,1200,0,1782360607.4704711,0.002232074737548828
165613,normal,3519,0,1782360607.4724183,0.001947164535522461
165614,normal,173,0,1782360607.4744365,0.0020182132720947266
165615,normal,2124,0,1782360607.476584,0.0021474361419677734
165616,normal,1521,0,1782360607.4785368,0.0019528865814208984
165617,normal,1489,0,1782360607.480258,0.0017211437225341797
165618,normal,1965,0,1782360607.48223,0.0019719600677490234
165619,normal,49,0,1782360607.4841642,0.0019342899322509766
165620,normal,681,0,1782360607.4864092,0.0022449493408203125
165621,normal,828,2,1782360607.4881787,0.0017695426940917969
165622,normal,1033,0,1782360607.4902837,0.0021049976348876953
165623,normal,645,0,1782360607.492162,0.0018782615661621094
165624,normal,1390,0,1782360607.4941947,0.002032756805419922
165625,normal,3599,0,1782360607.496399,0.0022041797637939453
165626,normal,1074,0,1782360607.4981422,0.001743316650390625
165627,normal,2322,0,1782360607.5004542,0.0023119449615478516
165628,normal,3232,1,1782360607.5022316,0.0017774105072021484
165629,normal,3210,1,1782360607.5048053,0.002573728561401367
165630,normal,3018,0,1782360607.5064118,0.0016064643859863281
165631,normal,2089,0,1782360607.5082946,0.001882791519165039
165632,normal,2409,0,1782360607.5104332,0.0021386146545410156
165633,normal,2449,0,1782360607.512517,0.0020837783813476562
165634,normal,1254,0,1782360607.5143316,0.0018146038055419922
165635,normal,2073,0,1782360607.5163004,0.001968860626220703
165636,normal,3203,1,1782360607.5182827,0.0019822120666503906
165637,normal,3104,1,1782360607.5203032,0.002020597457885742
165638,normal,1073,0,1782360607.5225558,0.0022525787353515625
165639,normal,2340,0,1782360607.524367,0.0018112659454345703
165640,normal,2153,0,1782360607.5262725,0.0019054412841796875
165641,normal,2514,0,1782360607.5284684,0.0021958351135253906
165642,normal,462,0,1782360607.530457,0.001988649368286133
165643,normal,2563,0,1782360607.5321872,0.001730203628540039
165644,normal,2325,0,1782360607.534389,0.0022017955780029297
165645,normal,908,2,1782360607.5366156,0.002226591110229492
165646,normal,380,0,1782360607.5388145,0.002198934555053711
165647,normal,924,2,1782360607.5404215,0.0016069412231445312
165648,normal,247,0,1782360607.5426064,0.0021848678588867188
165649,normal,661,0,1782360607.5444818,0.0018754005432128906
165650,normal,2595,0,1782360607.5462687,0.001786947250366211
165651,normal,1354,1,1782360607.5485594,0.0022907257080078125
165652,normal,735,0,1782360607.5502524,0.0016930103302001953
165653,normal,2128,0,1782360607.552406,0.002153635025024414
165654,normal,2933,0,1782360607.5550325,0.0026264190673828125
165655,normal,1885,0,1782360607.5561652,0.0011327266693115234
165656,normal,2712,0,1782360607.5583715,0.0022063255310058594
165657,normal,448,0,1782360607.5603251,0.001953601837158203
165658,normal,3602,0,1782360607.562362,0.0020368099212646484
165659,normal,3225,1,1782360607.5642662,0.0019042491912841797
165660,normal,2571,0,1782360607.566478,0.0022118091583251953
165661,normal,3656,0,1782360607.5682356,0.0017576217651367188
165662,normal,265,0,1782360607.570449,0.0022134780883789062
165663,normal,1544,0,1782360607.572555,0.0021059513092041016
165664,normal,2979,0,1782360607.5745893,0.0020341873168945312
165665,normal,2568,0,1782360607.5763502,0.0017609596252441406
165666,normal,3278,1,1782360607.5784807,0.0021305084228515625
165667,normal,370,0,1782360607.5803525,0.0018718242645263672
165668,normal,1591,0,1782360607.582475,0.0021224021911621094
165669,normal,3144,1,1782360607.5841973,0.0017223358154296875
165670,normal,3235,1,1782360607.5863695,0.002172231674194336
165671,normal,1744,0,1782360607.5881357,0.001766204833984375
165672,normal,2196,0,1782360607.5903752,0.0022394657135009766
165673,normal,232,0,1782360607.5921588,0.001783609390258789
165674,normal,3563,0,1782360607.5946536,0.00249481201171875
165675,normal,2882,0,1782360607.5962713,0.0016176700592041016
165676,normal,2212,0,1782360607.5984442,0.0021729469299316406
165677,normal,2381,0,1782360607.6001694,0.0017251968383789062
165678,normal,1761,0,1782360607.6024206,0.002251148223876953
165679,normal,1862,0,1782360607.604188,0.0017673969268798828
165680,normal,2461,0,1782360607.6068153,0.0026273727416992188
165681,normal,2100,0,1782360607.6084054,0.0015900135040283203
165682,normal,3679,0,1782360607.610195,0.0017895698547363281
165683,normal,824,2,1782360607.6124656,0.0022706985473632812
165684,normal,122,0,1782360607.6142783,0.0018126964569091797
165685,normal,1676,0,1782360607.6164637,0.002185344696044922
165686,normal,442,0,1782360607.618236,0.0017724037170410156
165687,normal,608,0,1782360607.6204557,0.002219676971435547
165688,normal,1843,0,1782360607.622227,0.0017712116241455078
165689,normal,2244,0,1782360607.6246462,0.0024192333221435547
165690,normal,1991,0,1782360607.626777,0.002130746841430664
165691,normal,905,2,1782360607.6285489,0.0017719268798828125
165692,normal,3136,1,1782360607.6302526,0.0017037391662597656
165693,normal,1863,0,1782360607.6324494,0.002196788787841797
165694,normal,1817,0,1782360607.6343324,0.0018830299377441406
165695,normal,1964,0,1782360607.636443,0.0021104812622070312
165696,normal,71,0,1782360607.638304,0.0018610954284667969
165697,normal,2430,0,1782360607.6402469,0.0019428730010986328
165698,normal,3478,0,1782360607.6422083,0.0019614696502685547
165699,normal,1251,0,1782360607.6442146,0.0020062923431396484
165700,normal,432,0,1782360607.6463327,0.0021181106567382812
165701,normal,2385,0,1782360607.6482174,0.0018846988677978516
165702,normal,589,0,1782360607.6507387,0.0025212764739990234
165703,normal,2428,0,1782360607.6527722,0.0020334720611572266
165704,normal,898,2,1782360607.6541111,0.001338958740234375
165705,normal,726,0,1782360607.6561384,0.002027273178100586
165706,normal,420,0,1782360607.6580565,0.0019180774688720703
165707,normal,712,0,1782360607.6605308,0.0024743080139160156
165708,normal,914,2,1782360607.6623654,0.0018346309661865234
165709,normal,2935,0,1782360607.664226,0.0018606185913085938
165710,normal,1950,0,1782360607.6664102,0.002184152603149414
165711,normal,446,0,1782360607.6684263,0.0020160675048828125
165712,normal,2342,0,1782360607.670179,0.001752614974975586
165713,normal,1283,0,1782360607.672184,0.0020051002502441406
165714,normal,1012,2,1782360607.6747105,0.002526521682739258
165715,normal,3201,1,1782360607.6762073,0.0014967918395996094
165716,normal,2166,0,1782360607.6781611,0.0019538402557373047
165717,normal,902,2,1782360607.680537,0.0023758411407470703
165718,normal,3248,1,1782360607.6821775,0.0016405582427978516
165719,normal,391,0,1782360607.6841252,0.001947641372680664
165720,normal,2884,0,1782360607.6862798,0.0021545886993408203
165721,normal,1785,0,1782360607.68811,0.0018303394317626953
165722,normal,1030,0,1782360607.6902869,0.0021767616271972656
165723,normal,3060,1,1782360607.6922822,0.0019953250885009766
165724,normal,934,2,1782360607.6941466,0.0018644332885742188
165725,normal,2766,0,1782360607.6965966,0.0024499893188476562
165726,normal,237,0,1782360607.6987226,0.002125978469848633
165727,normal,2327,0,1782360607.7008312,0.0021085739135742188
165728,normal,1281,0,1782360607.70228,0.0014488697052001953
165729,normal,2487,0,1782360607.7044861,0.002206087112426758
165730,normal,1848,0,1782360607.706269,0.0017828941345214844
165731,normal,34,0,1782360607.7085402,0.0022711753845214844
165732,normal,941,2,1782360607.710532,0.001991748809814453
165733,normal,1182,0,1782360607.7122915,0.0017595291137695312
165734,normal,1995,0,1782360607.7141793,0.0018877983093261719
165735,normal,937,2,1782360607.716343,0.0021636486053466797
165736,normal,3655,0,1782360607.7181838,0.001840829849243164
165737,normal,3454,0,1782360607.7201743,0.0019905567169189453
165738,normal,3620,0,1782360607.7222323,0.0020580291748046875
165739,normal,1184,0,1782360607.7241554,0.0019230842590332031
165740,normal,1111,0,1782360607.7262826,0.0021271705627441406
165741,normal,2994,0,1782360607.7282722,0.001989603042602539
165742,normal,1620,0,1782360607.7301533,0.0018811225891113281
165743,normal,2464,0,1782360607.7322922,0.002138853073120117
165744,normal,1594,0,1782360607.7343416,0.0020494461059570312
165745,normal,2787,0,1782360607.7362168,0.001875162124633789
165746,normal,381,0,1782360607.7382832,0.002066373825073242
165747,normal,612,0,1782360607.7403326,0.0020494461059570312
165748,normal,2081,0,1782360607.742107,0.0017743110656738281
165749,normal,1549,0,1782360607.7442782,0.0021712779998779297
165750,normal,52,0,1782360607.7462904,0.0020122528076171875
165751,normal,1948,0,1782360607.7481866,0.0018961429595947266
165752,normal,404,0,1782360607.7502022,0.0020155906677246094
165753,normal,2725,0,1782360607.7523031,0.0021009445190429688
165754,normal,2921,0,1782360607.7541633,0.0018601417541503906
165755,normal,3183,1,1782360607.756198,0.0020346641540527344
165756,normal,2187,0,1782360607.7584743,0.0022764205932617188
165757,normal,2154,0,1782360607.7601364,0.0016620159149169922
165758,normal,2358,0,1782360607.762278,0.002141714096069336
165759,normal,3092,1,1782360607.7642639,0.001985788345336914
165760,normal,2601,0,1782360607.766177,0.0019130706787109375
165761,normal,3578,0,1782360607.768135,0.001958131790161133
165762,normal,971,2,1782360607.7702734,0.002138376235961914
165763,normal,747,0,1782360607.7722523,0.0019788742065429688
165764,normal,1288,0,1782360607.7741394,0.0018870830535888672
165765,normal,1603,0,1782360607.7763112,0.002171754837036133
165766,normal,1593,0,1782360607.77832,0.0020089149475097656
165767,normal,3369,1,1782360607.7801886,0.0018684864044189453
165768,normal,2588,0,1782360607.7823055,0.0021169185638427734
165769,normal,350,0,1782360607.7842908,0.001985311508178711
165770,normal,3329,1,1782360607.7862577,0.0019669532775878906
165771,normal,3257,1,1782360607.7884817,0.002223968505859375
165772,normal,575,0,1782360607.7902422,0.0017604827880859375
165773,normal,1573,0,1782360607.7922354,0.0019931793212890625
165774,normal,3129,1,1782360607.7944558,0.0022203922271728516
165775,normal,857,2,1782360607.796296,0.0018401145935058594
165776,normal,1013,2,1782360607.7982175,0.0019216537475585938
165777,normal,3178,1,1782360607.8002982,0.002080678939819336
165778,normal,2600,0,1782360607.8022616,0.001963376998901367
165779,normal,2993,0,1782360607.8043191,0.0020575523376464844
165780,normal,2459,0,1782360607.8062577,0.0019385814666748047
165781,normal,1749,0,1782360607.8084285,0.0021708011627197266
165782,normal,3081,1,1782360607.8100958,0.0016672611236572266
165783,normal,1347,1,1782360607.8123193,0.002223491668701172
165784,normal,251,0,1782360607.8141418,0.0018224716186523438
165785,normal,1499,0,1782360607.8165858,0.002444028854370117
165786,normal,3078,1,1782360607.818226,0.00164031982421875
165787,normal,2249,0,1782360607.8207612,0.002535104751586914
165788,normal,3477,0,1782360607.8229468,0.0021855831146240234
165789,normal,1933,0,1782360607.8246522,0.0017054080963134766
165790,normal,3302,1,1782360607.8263402,0.0016880035400390625
165791,normal,2056,0,1782360607.8284638,0.002123594284057617
165792,normal,2497,0,1782360607.8302364,0.0017726421356201172
165793,normal,2999,0,1782360607.8322651,0.0020287036895751953
165794,normal,478,0,1782360607.834292,0.002026796340942383
165795,normal,2685,0,1782360607.8365216,0.0022296905517578125
165796,normal,324,0,1782360607.8381498,0.0016281604766845703
165797,normal,1282,0,1782360607.8403049,0.0021550655364990234
165798,normal,2869,0,1782360607.842311,0.002006053924560547
165799,normal,204,0,1782360607.8441286,0.0018177032470703125
165800,normal,307,0,1782360607.8464448,0.0023162364959716797
165801,normal,2070,0,1782360607.8481357,0.0016908645629882812
165802,normal,3151,1,1782360607.8502297,0.0020940303802490234
165803,normal,2164,0,1782360607.8521256,0.001895904541015625
165804,normal,2456,0,1782360607.8542385,0.002112865447998047
165805,normal,2845,0,1782360607.8564394,0.0022008419036865234
165806,normal,686,0,1782360607.8586597,0.0022203922271728516
165807,normal,3328,1,1782360607.8606064,0.0019466876983642578
165808,normal,2978,0,1782360607.862205,0.0015985965728759766
165809,normal,692,0,1782360607.864421,0.002215862274169922
165810,normal,3603,0,1782360607.8663297,0.0019087791442871094
165811,normal,2022,0,1782360607.868225,0.0018954277038574219
165812,normal,718,0,1782360607.8701248,0.00189971923828125
165813,normal,1518,0,1782360607.8726544,0.002529621124267578
165814,normal,2049,0,1782360607.8742795,0.00162506103515625
165815,normal,2707,0,1782360607.8764596,0.0021800994873046875
165816,normal,3049,1,1782360607.8783157,0.001856088638305664
165817,normal,2927,0,1782360607.8802805,0.0019648075103759766
165818,normal,238,0,1782360607.8823686,0.0020880699157714844
165819,normal,689,0,1782360607.884255,0.0018863677978515625
165820,normal,2394,0,1782360607.8861113,0.0018563270568847656
165821,normal,371,0,1782360607.888111,0.0019998550415039062
165822,normal,35,0,1782360607.8902385,0.002127408981323242
165823,normal,2492,0,1782360607.8921707,0.0019321441650390625
165824,normal,1410,0,1782360607.8942897,0.0021190643310546875
165825,normal,740,0,1782360607.8962514,0.0019617080688476562
165826,normal,3097,1,1782360607.8981264,0.0018749237060546875
165827,normal,2802,0,1782360607.9004385,0.002312183380126953
165828,normal,1359,1,1782360607.9028435,0.002404928207397461
165829,normal,1612,0,1782360607.9045136,0.0016701221466064453
165830,normal,846,2,1782360607.9061334,0.0016198158264160156
165831,normal,3227,1,1782360607.9082797,0.0021462440490722656
165832,normal,2839,0,1782360607.910189,0.0019092559814453125
165833,normal,2122,0,1782360607.9121928,0.002003908157348633
165834,normal,3229,1,1782360607.9143946,0.0022017955780029297
165835,normal,985,2,1782360607.9162965,0.001901865005493164
165836,normal,1936,0,1782360607.9183393,0.0020427703857421875
165837,normal,2592,0,1782360607.9204674,0.002128124237060547
165838,normal,2788,0,1782360607.9221048,0.0016374588012695312
165839,normal,3083,1,1782360607.9243817,0.002276897430419922
165840,normal,1351,1,1782360607.9265516,0.0021698474884033203
165841,normal,798,2,1782360607.9281473,0.0015957355499267578
165842,normal,2781,0,1782360607.9301183,0.001971006393432617
165843,normal,3135,1,1782360607.932257,0.0021386146545410156
165844,normal,1927,0,1782360607.9341176,0.0018606185913085938
165845,normal,2829,0,1782360607.93619,0.0020723342895507812
165846,normal,2659,0,1782360607.938296,0.002106189727783203
165847,normal,1779,0,1782360607.9401722,0.0018761157989501953
165848,normal,2137,0,1782360607.9421356,0.001963376998901367
165849,normal,1114,0,1782360607.9442492,0.0021135807037353516
165850,normal,675,0,1782360607.9461477,0.0018985271453857422
165851,normal,1899,0,1782360607.9483006,0.0021529197692871094
165852,normal,334,0,1782360607.950317,0.002016305923461914
165853,normal,3378,1,1782360607.9521747,0.001857757568359375
165854,normal,2835,0,1782360607.9541745,0.0019998550415039062
165855,normal,3630,0,1782360607.9562879,0.00211334228515625
165856,normal,234,0,1782360607.9582746,0.0019867420196533203
165857,normal,56,0,1782360607.9603882,0.0021135807037353516
165858,normal,3616,0,1782360607.9622824,0.001894235610961914
165859,normal,690,0,1782360607.9642494,0.0019669532775878906
165860,normal,2535,0,1782360607.9661853,0.0019359588623046875
165861,normal,773,2,1782360607.968267,0.002081632614135742
165862,normal,1670,0,1782360607.9701233,0.0018563270568847656
165863,normal,2823,0,1782360607.972296,0.002172708511352539
165864,normal,3000,0,1782360607.975098,0.0028018951416015625
165865,normal,2977,0,1782360607.9760385,0.0009405612945556641
165866,normal,2118,0,1782360607.9784186,0.0023801326751708984
165867,normal,2225,0,1782360607.980323,0.0019044876098632812
165868,normal,3120,1,1782360607.9822073,0.0018842220306396484
165869,normal,1145,0,1782360607.9842012,0.001993894577026367
165870,normal,3170,1,1782360607.986428,0.0022268295288085938
165871,normal,3523,0,1782360607.9884524,0.002024412155151367
165872,normal,3475,0,1782360607.99046,0.0020074844360351562
165873,normal,576,0,1782360607.99235,0.0018901824951171875
165874,normal,1783,0,1782360607.9941828,0.001832723617553711
165875,normal,3293,1,1782360607.9964237,0.002240896224975586
165876,normal,956,2,1782360607.9983552,0.0019314289093017578
165877,normal,1625,0,1782360608.0001073,0.0017521381378173828
165878,normal,579,0,1782360608.0022483,0.0021409988403320312
165879,normal,1501,0,1782360608.0042164,0.0019681453704833984
165880,normal,53,0,1782360608.0061836,0.001967191696166992
165881,normal,3395,1,1782360608.008404,0.0022203922271728516
165882,normal,925,2,1782360608.0104504,0.002046346664428711
165883,normal,1207,0,1782360608.0122075,0.0017571449279785156
165884,normal,3224,1,1782360608.01414,0.001932382583618164
165885,normal,3372,1,1782360608.016255,0.002115011215209961
165886,normal,194,0,1782360608.0181313,0.0018763542175292969
165887,normal,818,2,1782360608.0203145,0.002183198928833008
165888,normal,1308,0,1782360608.0227144,0.002399921417236328
165889,normal,2344,0,1782360608.0242288,0.001514434814453125
165890,normal,2794,0,1782360608.0261748,0.0019459724426269531
165891,normal,1,0,1782360608.0284762,0.002301454544067383
165892,normal,1519,0,1782360608.0302858,0.0018095970153808594
165893,normal,2690,0,1782360608.0322368,0.001950979232788086
165894,normal,1891,0,1782360608.034309,0.0020720958709716797
165895,normal,721,0,1782360608.0361602,0.0018513202667236328
165896,normal,1556,0,1782360608.0382714,0.002111196517944336
165897,normal,1823,0,1782360608.0406146,0.0023431777954101562
165898,normal,1911,0,1782360608.042783,0.002168416976928711
165899,normal,1027,2,1782360608.044278,0.0014948844909667969
165900,normal,250,0,1782360608.0465446,0.0022666454315185547
165901,normal,2807,0,1782360608.0485263,0.0019817352294921875
165902,normal,1712,0,1782360608.050247,0.0017206668853759766
165903,normal,2797,0,1782360608.052237,0.001990079879760742
165904,normal,567,0,1782360608.054103,0.0018658638000488281
165905,normal,1360,1,1782360608.0562472,0.002144336700439453
165906,normal,1357,1,1782360608.0582874,0.0020401477813720703
165907,normal,2047,0,1782360608.0603523,0.002064943313598633
165908,normal,228,0,1782360608.062165,0.0018126964569091797
165909,normal,1923,0,1782360608.0643263,0.002161264419555664
165910,normal,1379,1,1782360608.0668726,0.0025463104248046875
165911,normal,2229,0,1782360608.0688717,0.0019991397857666016
165912,normal,2858,0,1782360608.0701203,0.0012485980987548828
165913,normal,3561,0,1782360608.072211,0.0020906925201416016
165914,normal,840,2,1782360608.0741582,0.001947164535522461
165915,normal,2720,0,1782360608.076575,0.002416849136352539
165916,normal,2255,0,1782360608.0783756,0.001800537109375
165917,normal,2391,0,1782360608.0803673,0.001991748809814453
165918,normal,1811,0,1782360608.0825715,0.0022041797637939453
165919,normal,249,0,1782360608.0843654,0.0017938613891601562
165920,normal,3598,0,1782360608.0863101,0.0019447803497314453
165921,normal,154,0,1782360608.0882816,0.0019714832305908203
165922,normal,1931,0,1782360608.0903063,0.0020246505737304688
165923,normal,2678,0,1782360608.0925055,0.0021991729736328125
165924,normal,135,0,1782360608.0946283,0.0021228790283203125
165925,normal,524,0,1782360608.096299,0.0016705989837646484
165926,normal,2012,0,1782360608.098128,0.0018291473388671875
165927,normal,2419,0,1782360608.100246,0.0021178722381591797
165928,normal,2261,0,1782360608.1021705,0.0019245147705078125
165929,normal,983,2,1782360608.1042607,0.0020902156829833984
165930,normal,850,2,1782360608.1062484,0.0019876956939697266
165931,normal,2130,0,1782360608.108123,0.001874685287475586
165932,normal,1809,0,1782360608.110239,0.002115964889526367
165933,normal,2297,0,1782360608.1122854,0.002046346664428711
165934,normal,379,0,1782360608.114222,0.0019366741180419922
165935,normal,378,0,1782360608.116252,0.002029895782470703
165936,normal,257,0,1782360608.1183712,0.002119302749633789
165937,normal,1633,0,1782360608.1205244,0.002153158187866211
165938,normal,296,0,1782360608.122344,0.001819610595703125
165939,normal,226,0,1782360608.1244915,0.0021474361419677734
165940,normal,866,2,1782360608.1263757,0.0018842220306396484
165941,normal,93,0,1782360608.128417,0.002041339874267578
165942,normal,1285,0,1782360608.1305137,0.0020966529846191406
165943,normal,2617,0,1782360608.1321611,0.0016474723815917969
165944,normal,1427,0,1782360608.134202,0.002040863037109375
165945,normal,3644,0,1782360608.1362882,0.002086162567138672
165946,normal,647,0,1782360608.1382835,0.0019953250885009766
165947,normal,97,0,1782360608.1402967,0.0020132064819335938
165948,normal,1835,0,1782360608.14243,0.0021333694458007812
165949,normal,703,0,1782360608.14432,0.001889944076538086
165950,normal,2736,0,1782360608.1463826,0.002062559127807617
165951,normal,3473,0,1782360608.1483126,0.0019299983978271484
165952,normal,2581,0,1782360608.1500945,0.0017819404602050781
165953,normal,1515,0,1782360608.1527107,0.0026161670684814453
165954,normal,3459,0,1782360608.1548007,0.002089977264404297
165955,normal,6,0,1782360608.1561959,0.0013952255249023438
165956,normal,76,0,1782360608.1583931,0.002197265625
165957,normal,715,0,1782360608.160315,0.0019218921661376953
165958,normal,3521,0,1782360608.1621976,0.0018825531005859375
165959,normal,2421,0,1782360608.1642761,0.002078533172607422
165960,normal,1678,0,1782360608.1664684,0.002192258834838867
165961,normal,1233,0,1782360608.1682658,0.0017974376678466797
165962,normal,1688,0,1782360608.1711102,0.0028443336486816406
165963,normal,142,0,1782360608.172198,0.0010879039764404297
165964,normal,1228,0,1782360608.174094,0.001895904541015625
165965,normal,2856,0,1782360608.1762688,0.002174854278564453
165966,normal,3622,0,1782360608.1784,0.002131223678588867
165967,normal,256,0,1782360608.1801407,0.0017406940460205078
165968,normal,3236,1,1782360608.1821227,0.001981973648071289
165969,normal,1866,0,1782360608.1841393,0.0020165443420410156
165970,normal,3550,0,1782360608.186257,0.002117633819580078
165971,normal,733,0,1782360608.1881104,0.0018534660339355469
165972,normal,1657,0,1782360608.190333,0.0022225379943847656
165973,normal,2217,0,1782360608.1922731,0.0019402503967285156
165974,normal,2495,0,1782360608.1942506,0.0019774436950683594
165975,normal,1479,0,1782360608.1963778,0.0021271705627441406
165976,normal,335,0,1782360608.1982942,0.0019164085388183594
165977,normal,2504,0,1782360608.200361,0.0020668506622314453
165978,normal,1345,1,1782360608.2023818,0.0020208358764648438
165979,normal,571,0,1782360608.2042043,0.0018224716186523438
165980,normal,1394,0,1782360608.2062848,0.0020804405212402344
165981,normal,2818,0,1782360608.2085116,0.0022268295288085938
165982,normal,2498,0,1782360608.2101507,0.0016391277313232422
165983,normal,2811,0,1782360608.212324,0.002173185348510742
165984,normal,3312,1,1782360608.2143998,0.0020759105682373047
165985,normal,3317,1,1782360608.2162478,0.001847982406616211
165986,normal,130,0,1782360608.2181394,0.0018916130065917969
165987,normal,2755,0,1782360608.220452,0.0023126602172851562
165988,normal,1172,0,1782360608.2221262,0.0016741752624511719
165989,normal,1580,0,1782360608.2242656,0.0021393299102783203
165990,normal,3331,1,1782360608.2262008,0.0019352436065673828
165991,normal,584,0,1782360608.2281702,0.0019693374633789062
165992,normal,2139,0,1782360608.2300918,0.0019216537475585938
165993,normal,1298,0,1782360608.2329266,0.002834796905517578
165994,normal,842,2,1782360608.2345934,0.0016667842864990234
165995,normal,2695,0,1782360608.2363138,0.001720428466796875
165996,normal,2543,0,1782360608.238319,0.0020051002502441406
165997,normal,2967,0,1782360608.2401779,0.0018589496612548828
165998,normal,1057,0,1782360608.242223,0.002045154571533203
165999,normal,3319,1,1782360608.2444634,0.002240419387817383
166000,normal,479,0,1782360608.246456,0.001992464065551758
166001,normal,856,2,1782360608.2483704,0.0019145011901855469
166002,normal,1175,0,1782360608.2503378,0.0019674301147460938
166003,normal,499,0,1782360608.2524505,0.0021126270294189453
166004,normal,585,0,1782360608.2543805,0.0019299983978271484
166005,normal,1108,0,1782360608.2563121,0.0019316673278808594
166006,normal,796,2,1782360608.2581003,0.0017881393432617188
166007,normal,3447,0,1782360608.260247,0.0021467208862304688
166008,normal,885,2,1782360608.262226,0.0019791126251220703
166009,normal,3101,1,1782360608.2641191,0.0018930435180664062
166010,normal,2893,0,1782360608.2669902,0.0028710365295410156
166011,normal,887,2,1782360608.2683718,0.0013816356658935547
166012,normal,855,2,1782360608.2702596,0.0018877983093261719
166013,normal,2684,0,1782360608.2722259,0.001966238021850586
166014,normal,3699,0,1782360608.274345,0.0021190643310546875
166015,normal,2151,0,1782360608.2762127,0.0018677711486816406
166016,normal,2949,0,1782360608.2786818,0.0024690628051757812
166017,normal,2393,0,1782360608.2803285,0.0016467571258544922
166018,normal,183,0,1782360608.2824302,0.0021016597747802734
166019,normal,2458,0,1782360608.2846963,0.0022661685943603516
166020,normal,2629,0,1782360608.286313,0.0016167163848876953
166021,normal,2989,0,1782360608.2882094,0.0018963813781738281
166022,normal,2539,0,1782360608.290119,0.001909494400024414
166023,normal,1389,0,1782360608.2927332,0.002614259719848633
166024,normal,1369,1,1782360608.2943537,0.0016205310821533203
166025,normal,1021,2,1782360608.2963164,0.0019626617431640625
166026,normal,739,0,1782360608.298439,0.002122640609741211
166027,normal,2704,0,1782360608.3002272,0.0017881393432617188
166028,normal,2361,0,1782360608.3021297,0.0019025802612304688
166029,normal,1765,0,1782360608.3042645,0.0021347999572753906
166030,normal,3126,1,1782360608.3061235,0.0018589496612548828
166031,normal,1548,0,1782360608.308266,0.0021424293518066406
166032,normal,316,0,1782360643.375245,0.0
166033,normal,2283,0,1782360643.3771517,0.0019066333770751953
166034,normal,3221,1,1782360643.379148,0.001996278762817383
166035,normal,3154,1,1782360643.381141,0.001992940902709961
166036,normal,2939,0,1782360643.383236,0.0020949840545654297
166037,normal,3125,1,1782360643.3853223,0.0020864009857177734
166038,normal,1882,0,1782360643.3871453,0.0018229484558105469
166039,normal,3393,1,1782360643.389247,0.0021016597747802734
166040,normal,701,0,1782360643.3912616,0.002014636993408203
166041,normal,3424,0,1782360643.3931983,0.0019366741180419922
166042,normal,1956,0,1782360643.395323,0.002124786376953125
166043,normal,2217,0,1782360643.397284,0.0019609928131103516
166044,normal,1013,2,1782360643.399404,0.0021200180053710938
166045,normal,399,0,1782360643.4012783,0.0018742084503173828
166046,normal,3104,1,1782360643.4035451,0.0022668838500976562
166047,normal,1109,0,1782360643.4054234,0.0018782615661621094
166048,normal,1813,0,1782360643.407379,0.0019555091857910156
166049,normal,245,0,1782360643.40942,0.0020411014556884766
166050,normal,515,0,1782360643.4113815,0.0019614696502685547
166051,normal,1041,0,1782360643.4133887,0.0020072460174560547
166052,normal,2370,0,1782360643.4155076,0.002118825912475586
166053,normal,2514,0,1782360643.4172432,0.001735687255859375
166054,normal,2473,0,1782360643.4195485,0.002305269241333008
166055,normal,46,0,1782360643.4213042,0.0017557144165039062
166056,normal,954,2,1782360643.4233854,0.002081155776977539
166057,normal,1789,0,1782360643.4254026,0.0020172595977783203
166058,normal,2164,0,1782360643.4275625,0.0021598339080810547
166059,normal,63,0,1782360643.4292457,0.0016832351684570312
166060,normal,1563,0,1782360643.43155,0.0023043155670166016
166061,normal,841,2,1782360643.4333925,0.001842498779296875
166062,normal,3668,0,1782360643.4352765,0.0018839836120605469
166063,normal,195,0,1782360643.4374979,0.002221345901489258
166064,normal,2909,0,1782360643.4394848,0.001986980438232422
166065,normal,2814,0,1782360643.4412618,0.0017769336700439453
166066,normal,3633,0,1782360643.4435096,0.0022478103637695312
166067,normal,2209,0,1782360643.4453876,0.0018780231475830078
166068,normal,2788,0,1782360643.4472916,0.0019040107727050781
166069,normal,3629,0,1782360643.4494948,0.002203226089477539
166070,normal,1859,0,1782360643.4515069,0.002012014389038086
166071,normal,3001,0,1782360643.45327,0.0017631053924560547
166072,normal,2744,0,1782360643.4555068,0.0022368431091308594
166073,normal,1376,1,1782360643.4575386,0.0020318031311035156
166074,normal,2505,0,1782360643.4592946,0.0017559528350830078
166075,normal,2966,0,1782360643.4614959,0.0022013187408447266
166076,normal,1668,0,1782360643.4633796,0.0018837451934814453
166077,normal,3455,0,1782360643.4652724,0.0018928050994873047
166078,normal,2970,0,1782360643.46754,0.002267599105834961
166079,normal,625,0,1782360643.4693851,0.0018451213836669922
166080,normal,1268,0,1782360643.4713004,0.0019152164459228516
166081,normal,1683,0,1782360643.4734952,0.0021948814392089844
166082,normal,882,2,1782360643.4753852,0.001889944076538086
166083,normal,2549,0,1782360643.4772472,0.0018620491027832031
166084,normal,498,0,1782360643.479542,0.002294778823852539
166085,normal,2907,0,1782360643.481385,0.0018429756164550781
166086,normal,231,0,1782360643.4832768,0.0018918514251708984
166087,normal,391,0,1782360643.4854972,0.0022203922271728516
166088,normal,1396,0,1782360643.487405,0.0019078254699707031
166089,normal,2722,0,1782360643.4892123,0.0018072128295898438
166090,normal,1766,0,1782360643.4915097,0.0022974014282226562
166091,normal,1756,0,1782360643.493404,0.001894235610961914
166092,normal,3460,0,1782360643.4952748,0.001870870590209961
166093,normal,2466,0,1782360643.4975026,0.002227783203125
166094,normal,1330,1,1782360643.499385,0.0018825531005859375
166095,normal,694,0,1782360643.5012527,0.001867532730102539
166096,normal,3095,1,1782360643.50354,0.0022873878479003906
166097,normal,1914,0,1782360643.505402,0.0018620491027832031
166098,normal,3605,0,1782360643.5072737,0.0018715858459472656
166099,normal,3033,0,1782360643.509497,0.0022232532501220703
166100,normal,2239,0,1782360643.5115116,0.002014636993408203
166101,normal,608,0,1782360643.5132573,0.0017457008361816406
166102,normal,2737,0,1782360643.5155072,0.0022499561309814453
166103,normal,1991,0,1782360643.517387,0.0018796920776367188
166104,normal,2134,0,1782360643.5192745,0.0018875598907470703
166105,normal,2668,0,1782360643.5214984,0.002223968505859375
166106,normal,1736,0,1782360643.5235045,0.002006053924560547
166107,normal,1964,0,1782360643.525262,0.0017576217651367188
166108,normal,2063,0,1782360643.5276592,0.0023970603942871094
166109,normal,1275,0,1782360643.5293841,0.0017249584197998047
166110,normal,1285,0,1782360643.5314374,0.0020532608032226562
166111,normal,2211,0,1782360643.533363,0.0019257068634033203
166112,normal,894,2,1782360643.5355012,0.0021381378173828125
166113,normal,593,0,1782360643.5372505,0.001749277114868164
166114,normal,1616,0,1782360643.5395389,0.002288341522216797
166115,normal,2135,0,1782360643.5413845,0.0018455982208251953
166116,normal,2165,0,1782360643.5432694,0.0018849372863769531
166117,normal,425,0,1782360643.5455093,0.0022399425506591797
166118,normal,2277,0,1782360643.547506,0.001996755599975586
166119,normal,1998,0,1782360643.549273,0.0017669200897216797
166120,normal,2930,0,1782360643.5514972,0.0022242069244384766
166121,normal,888,2,1782360643.5533783,0.0018811225891113281
166122,normal,1474,0,1782360643.5552592,0.0018808841705322266
166123,normal,2724,0,1782360643.557509,0.0022497177124023438
166124,normal,24,0,1782360643.5593703,0.0018613338470458984
166125,normal,2665,0,1782360643.5612798,0.001909494400024414
166126,normal,3634,0,1782360643.5634983,0.002218484878540039
166127,normal,693,0,1782360643.565502,0.0020036697387695312
166128,normal,3478,0,1782360643.5672746,0.0017726421356201172
166129,normal,974,2,1782360643.5695364,0.0022618770599365234
166130,normal,1982,0,1782360643.5713766,0.0018401145935058594
166131,normal,724,0,1782360643.573351,0.001974344253540039
166132,normal,1617,0,1782360643.5753458,0.0019948482513427734
166133,normal,862,2,1782360643.577421,0.0020751953125
166134,normal,800,2,1782360643.579236,0.0018150806427001953
166135,normal,2131,0,1782360643.581363,0.002126932144165039
166136,normal,1936,0,1782360643.583388,0.002025127410888672
166137,normal,3170,1,1782360643.585263,0.0018749237060546875
166138,normal,1457,0,1782360643.5873349,0.002071857452392578
166139,normal,3590,0,1782360643.589377,0.002042055130004883
166140,normal,790,2,1782360643.5912304,0.0018534660339355469
166141,normal,782,2,1782360643.5933738,0.002143383026123047
166142,normal,2707,0,1782360643.5953348,0.0019609928131103516
166143,normal,49,0,1782360643.597375,0.0020401477813720703
166144,normal,3374,1,1782360643.599231,0.001856088638305664
166145,normal,455,0,1782360643.601416,0.0021851062774658203
166146,normal,1870,0,1782360643.6032283,0.0018122196197509766
166147,normal,1689,0,1782360643.6053717,0.002143383026123047
166148,normal,3567,0,1782360643.6073697,0.0019979476928710938
166149,normal,588,0,1782360643.6092603,0.0018906593322753906
166150,normal,1193,0,1782360643.6113331,0.0020728111267089844
166151,normal,2287,0,1782360643.613506,0.0021729469299316406
166152,normal,2677,0,1782360643.6152484,0.0017423629760742188
166153,normal,3518,0,1782360643.6175058,0.0022573471069335938
166154,normal,3064,1,1782360643.6194928,0.001986980438232422
166155,normal,301,0,1782360643.6212862,0.0017933845520019531
166156,normal,1770,0,1782360643.6235073,0.0022211074829101562
166157,normal,1821,0,1782360643.6255,0.0019927024841308594
166158,normal,3146,1,1782360643.6272504,0.0017504692077636719
166159,normal,3105,1,1782360643.629509,0.0022585391998291016
166160,normal,795,2,1782360643.6313648,0.0018558502197265625
166161,normal,643,0,1782360643.6332757,0.0019109249114990234
166162,normal,504,0,1782360643.6354952,0.0022194385528564453
166163,normal,2043,0,1782360643.6374924,0.001997232437133789
166164,normal,1036,0,1782360643.6392543,0.0017619132995605469
166165,normal,3051,1,1782360643.6414018,0.0021474361419677734
166166,normal,1624,0,1782360643.6435447,0.0021429061889648438
166167,normal,3120,1,1782360643.6452837,0.0017390251159667969
166168,normal,2007,0,1782360643.6475022,0.002218484878540039
166169,normal,1514,0,1782360643.649495,0.0019927024841308594
166170,normal,3193,1,1782360643.651243,0.0017480850219726562
166171,normal,20,0,1782360643.6533732,0.002130270004272461
166172,normal,353,0,1782360643.6555033,0.0021300315856933594
166173,normal,917,2,1782360643.657402,0.0018987655639648438
166174,normal,1224,0,1782360643.659245,0.0018429756164550781
166175,normal,2766,0,1782360643.6616125,0.0023674964904785156
166176,normal,3530,0,1782360643.6632588,0.001646280288696289
166177,normal,103,0,1782360643.665369,0.0021102428436279297
166178,normal,2533,0,1782360643.6673865,0.002017498016357422
166179,normal,3306,1,1782360643.669268,0.0018813610076904297
166180,normal,721,0,1782360643.6713784,0.0021104812622070312
166181,normal,413,0,1782360643.6733782,0.0019998550415039062
166182,normal,2330,0,1782360643.6752818,0.001903533935546875
166183,normal,1439,0,1782360643.6773388,0.0020570755004882812
166184,normal,576,0,1782360643.6793993,0.002060413360595703
166185,normal,3656,0,1782360643.6812484,0.0018491744995117188
166186,normal,1896,0,1782360643.683379,0.0021305084228515625
166187,normal,328,0,1782360643.6853764,0.0019974708557128906
166188,normal,2177,0,1782360643.687285,0.0019085407257080078
166189,normal,1898,0,1782360643.6893399,0.002054929733276367
166190,normal,2548,0,1782360643.6914017,0.0020618438720703125
166191,normal,777,2,1782360643.6932342,0.0018324851989746094
166192,normal,1502,0,1782360643.6953745,0.0021402835845947266
166193,normal,1164,0,1782360643.6973803,0.0020058155059814453
166194,normal,456,0,1782360643.6992714,0.0018911361694335938
166195,normal,2133,0,1782360643.7013373,0.002065896987915039
166196,normal,2811,0,1782360643.703402,0.0020647048950195312
166197,normal,3688,0,1782360643.7052372,0.0018351078033447266
166198,normal,804,2,1782360643.7073767,0.002139568328857422
166199,normal,1260,0,1782360643.709376,0.001999378204345703
166200,normal,2547,0,1782360643.7112627,0.001886606216430664
166201,normal,2633,0,1782360643.7133431,0.0020804405212402344
166202,normal,2259,0,1782360643.7153769,0.002033710479736328
166203,normal,2730,0,1782360643.7172356,0.0018587112426757812
166204,normal,577,0,1782360643.7193685,0.002132892608642578
166205,normal,3083,1,1782360643.721374,0.0020055770874023438
166206,normal,2630,0,1782360643.7232692,0.0018951892852783203
166207,normal,988,2,1782360643.725397,0.0021278858184814453
166208,normal,2152,0,1782360643.7273912,0.0019941329956054688
166209,normal,2176,0,1782360643.7292345,0.0018432140350341797
166210,normal,2628,0,1782360643.7313774,0.0021429061889648438
166211,normal,3251,1,1782360643.7333648,0.001987457275390625
166212,normal,3470,0,1782360643.735221,0.001856088638305664
166213,normal,957,2,1782360643.7373812,0.002160310745239258
166214,normal,481,0,1782360643.7393522,0.001971006393432617
166215,normal,2591,0,1782360643.7412503,0.001898050308227539
166216,normal,1738,0,1782360643.7433698,0.0021195411682128906
166217,normal,3118,1,1782360643.7453597,0.0019898414611816406
166218,normal,1895,0,1782360643.7472293,0.0018696784973144531
166219,normal,500,0,1782360643.7493305,0.0021011829376220703
166220,normal,3448,0,1782360643.7513578,0.002027273178100586
166221,normal,2147,0,1782360643.753235,0.0018773078918457031
166222,normal,1764,0,1782360643.7553308,0.0020956993103027344
166223,normal,1919,0,1782360643.7573574,0.0020265579223632812
166224,normal,2464,0,1782360643.7592363,0.001878976821899414
166225,normal,3122,1,1782360643.7613332,0.002096891403198242
166226,normal,3386,1,1782360643.7633574,0.0020241737365722656
166227,normal,439,0,1782360643.7652242,0.0018668174743652344
166228,normal,2156,0,1782360643.767267,0.0020427703857421875
166229,normal,947,2,1782360643.769369,0.002101898193359375
166230,normal,2833,0,1782360643.7712288,0.001859903335571289
166231,normal,704,0,1782360643.7733676,0.002138853073120117
166232,normal,3628,0,1782360643.775373,0.002005338668823242
166233,normal,1782,0,1782360643.7772343,0.0018613338470458984
166234,normal,274,0,1782360643.779372,0.0021376609802246094
166235,normal,247,0,1782360643.7813547,0.0019826889038085938
166236,normal,458,0,1782360643.7832305,0.0018758773803710938
166237,normal,2717,0,1782360643.785331,0.0021004676818847656
166238,normal,3110,1,1782360643.7873538,0.0020227432250976562
166239,normal,2612,0,1782360643.7892277,0.0018739700317382812
166240,normal,1101,0,1782360643.7913682,0.002140522003173828
166241,normal,644,0,1782360643.793352,0.001983642578125
166242,normal,1469,0,1782360643.795226,0.0018742084503173828
166243,normal,857,2,1782360643.7973335,0.002107381820678711
166244,normal,786,2,1782360643.7993488,0.002015352249145508
166245,normal,2770,0,1782360643.8012338,0.0018849372863769531
166246,normal,3576,0,1782360643.8033326,0.0020987987518310547
166247,normal,411,0,1782360643.8053458,0.0020132064819335938
166248,normal,3691,0,1782360643.8073158,0.001970052719116211
166249,normal,686,0,1782360643.809221,0.001905202865600586
166250,normal,1083,0,1782360643.811384,0.002162933349609375
166251,normal,2046,0,1782360643.8136497,0.0022656917572021484
166252,normal,68,0,1782360643.8153508,0.0017011165618896484
166253,normal,2223,0,1782360643.8173227,0.0019719600677490234
166254,normal,3066,1,1782360643.819334,0.0020112991333007812
166255,normal,2397,0,1782360643.8212125,0.001878499984741211
166256,normal,2078,0,1782360643.823373,0.0021605491638183594
166257,normal,3199,1,1782360643.8252096,0.001836538314819336
166258,normal,2471,0,1782360643.8273299,0.0021202564239501953
166259,normal,1040,0,1782360643.829289,0.001959085464477539
166260,normal,2768,0,1782360643.8313406,0.0020515918731689453
166261,normal,2,0,1782360643.8332555,0.00191497802734375
166262,normal,1927,0,1782360643.8354003,0.0021448135375976562
166263,normal,1470,0,1782360643.8372166,0.0018162727355957031
166264,normal,1450,0,1782360643.8393397,0.002123117446899414
166265,normal,996,2,1782360643.8414247,0.002084970474243164
166266,normal,3417,0,1782360643.843248,0.0018231868743896484
166267,normal,15,0,1782360643.8455532,0.002305269241333008
166268,normal,3243,1,1782360643.8473935,0.001840353012084961
166269,normal,3418,0,1782360643.8493402,0.0019466876983642578
166270,normal,1854,0,1782360643.851222,0.0018818378448486328
166271,normal,393,0,1782360643.8534722,0.002250194549560547
166272,normal,621,0,1782360643.8552287,0.001756429672241211
166273,normal,2899,0,1782360643.8573406,0.0021119117736816406
166274,normal,2910,0,1782360643.859451,0.0021104812622070312
166275,normal,3503,0,1782360643.8613482,0.0018970966339111328
166276,normal,750,0,1782360643.8632216,0.0018734931945800781
166277,normal,2774,0,1782360643.8654716,0.0022499561309814453
166278,normal,1576,0,1782360643.8672216,0.0017499923706054688
166279,normal,92,0,1782360643.86949,0.0022683143615722656
166280,normal,2688,0,1782360643.8713677,0.0018777847290039062
166281,normal,620,0,1782360643.8732285,0.0018608570098876953
166282,normal,2781,0,1782360643.8753858,0.0021572113037109375
166283,normal,1445,0,1782360643.8774428,0.0020570755004882812
166284,normal,3506,0,1782360643.8793402,0.0018973350524902344
166285,normal,3619,0,1782360643.8812282,0.0018880367279052734
166286,normal,1993,0,1782360643.883477,0.0022487640380859375
166287,normal,1800,0,1782360643.8852308,0.0017538070678710938
166288,normal,1795,0,1782360643.887483,0.0022521018981933594
166289,normal,3081,1,1782360643.889438,0.0019550323486328125
166290,normal,1475,0,1782360643.8913393,0.001901388168334961
166291,normal,1229,0,1782360643.893255,0.0019156932830810547
166292,normal,3174,1,1782360643.89551,0.002254962921142578
166293,normal,1822,0,1782360643.8972282,0.001718282699584961
166294,normal,2288,0,1782360643.899345,0.002116680145263672
166295,normal,1924,0,1782360643.901455,0.002110004425048828
166296,normal,3524,0,1782360643.9033554,0.0019004344940185547
166297,normal,1463,0,1782360643.9052253,0.0018699169158935547
166298,normal,1225,0,1782360643.907478,0.002252817153930664
166299,normal,2854,0,1782360643.9092457,0.0017676353454589844
166300,normal,2971,0,1782360643.9113493,0.002103567123413086
166301,normal,1509,0,1782360643.9134488,0.0020995140075683594
166302,normal,3147,1,1782360643.9153588,0.0019099712371826172
166303,normal,2818,0,1782360643.9172227,0.0018639564514160156
166304,normal,248,0,1782360643.919486,0.002263307571411133
166305,normal,3240,1,1782360643.9212475,0.0017614364624023438
166306,normal,2104,0,1782360643.9233513,0.0021038055419921875
166307,normal,1633,0,1782360643.9254837,0.002132415771484375
166308,normal,3441,0,1782360643.9272254,0.001741647720336914
166309,normal,1484,0,1782360643.9293416,0.0021162033081054688
166310,normal,317,0,1782360643.9314568,0.0021152496337890625
166311,normal,2694,0,1782360643.933254,0.0017971992492675781
166312,normal,2352,0,1782360643.9353776,0.002123594284057617
166313,normal,941,2,1782360643.937454,0.002076387405395508
166314,normal,1699,0,1782360643.93934,0.001886129379272461
166315,normal,2417,0,1782360643.9412222,0.0018820762634277344
166316,normal,3380,1,1782360643.9434805,0.00225830078125
166317,normal,126,0,1782360643.9452503,0.0017697811126708984
166318,normal,1246,0,1782360643.9473436,0.0020933151245117188
166319,normal,3264,1,1782360643.9494538,0.0021102428436279297
166320,normal,751,0,1782360643.9512482,0.0017943382263183594
166321,normal,2238,0,1782360643.9533434,0.0020952224731445312
166322,normal,846,2,1782360643.955456,0.0021126270294189453
166323,normal,1444,0,1782360643.9572513,0.0017952919006347656
166324,normal,2845,0,1782360643.9593432,0.0020918846130371094
166325,normal,1742,0,1782360643.9614713,0.002128124237060547
166326,normal,450,0,1782360643.963254,0.0017826557159423828
166327,normal,3338,1,1782360643.9653375,0.0020835399627685547
166328,normal,1561,0,1782360643.967486,0.0021483898162841797
166329,normal,663,0,1782360643.9692557,0.0017697811126708984
166330,normal,2072,0,1782360643.9713657,0.002110004425048828
166331,normal,831,2,1782360643.97347,0.0021042823791503906
166332,normal,3520,0,1782360643.975271,0.0018010139465332031
166333,normal,161,0,1782360643.9773855,0.002114534378051758
166334,normal,3571,0,1782360643.9793763,0.001990795135498047
166335,normal,79,0,1782360643.9812665,0.0018901824951171875
166336,normal,1476,0,1782360643.9833796,0.0021131038665771484
166337,normal,2481,0,1782360643.9853685,0.0019888877868652344
166338,normal,3588,0,1782360643.9872663,0.0018978118896484375
166339,normal,288,0,1782360643.989394,0.0021276473999023438
166340,normal,326,0,1782360643.9913878,0.001993894577026367
166341,normal,1343,1,1782360643.9932327,0.0018448829650878906
166342,normal,908,2,1782360643.9953804,0.002147674560546875
166343,normal,2497,0,1782360643.997388,0.0020074844360351562
166344,normal,2927,0,1782360643.9992697,0.0018818378448486328
166345,normal,3004,0,1782360644.0013463,0.0020766258239746094
166346,normal,3399,1,1782360644.0033948,0.002048492431640625
166347,normal,441,0,1782360644.0052378,0.0018429756164550781
166348,normal,2942,0,1782360644.0073829,0.002145051956176758
166349,normal,3429,0,1782360644.0093887,0.0020058155059814453
166350,normal,1113,0,1782360644.0112803,0.0018916130065917969
166351,normal,1984,0,1782360644.0133796,0.002099275588989258
166352,normal,2326,0,1782360644.015501,0.002121448516845703
166353,normal,2214,0,1782360644.0172586,0.0017576217651367188
166354,normal,564,0,1782360644.0193684,0.0021097660064697266
166355,normal,94,0,1782360644.0214887,0.0021202564239501953
166356,normal,2234,0,1782360644.0232499,0.0017611980438232422
166357,normal,1446,0,1782360644.0253506,0.002100706100463867
166358,normal,3076,1,1782360644.0274389,0.002088308334350586
166359,normal,3171,1,1782360644.0292177,0.0017788410186767578
166360,normal,1242,0,1782360644.0313358,0.0021181106567382812
166361,normal,1004,2,1782360644.0333517,0.002015829086303711
166362,normal,3025,0,1782360644.0352163,0.0018646717071533203
166363,normal,2795,0,1782360644.0373425,0.0021262168884277344
166364,normal,262,0,1782360644.0393362,0.0019936561584472656
166365,normal,2812,0,1782360644.04136,0.0020236968994140625
166366,normal,3644,0,1782360644.0432107,0.0018508434295654297
166367,normal,2108,0,1782360644.0453742,0.002163410186767578
166368,normal,1140,0,1782360644.0472243,0.001850128173828125
166369,normal,2776,0,1782360644.049336,0.002111673355102539
166370,normal,792,2,1782360644.0513558,0.0020198822021484375
166371,normal,536,0,1782360644.0532115,0.001855611801147461
166372,normal,3632,0,1782360644.0553696,0.0021581649780273438
166373,normal,1574,0,1782360644.0573409,0.0019712448120117188
166374,normal,3113,1,1782360644.0593376,0.001996755599975586
166375,normal,1803,0,1782360644.0612128,0.001875162124633789
166376,normal,2844,0,1782360644.0633738,0.0021610260009765625
166377,normal,1262,0,1782360644.0652132,0.0018393993377685547
166378,normal,1638,0,1782360644.0673635,0.002150297164916992
166379,normal,3683,0,1782360644.0693097,0.0019462108612060547
166380,normal,1030,0,1782360644.0712006,0.0018908977508544922
166381,normal,546,0,1782360644.0733752,0.0021746158599853516
166382,normal,2739,0,1782360644.0754871,0.0021119117736816406
166383,normal,1581,0,1782360644.077253,0.0017659664154052734
166384,normal,2631,0,1782360644.079552,0.0022988319396972656
166385,normal,3073,1,1782360644.0813618,0.001809835433959961
166386,normal,3364,1,1782360644.083417,0.0020551681518554688
166387,normal,3182,1,1782360644.0853724,0.0019555091857910156
166388,normal,3328,1,1782360644.087483,0.0021104812622070312
166389,normal,1236,0,1782360644.089259,0.001775979995727539
166390,normal,742,0,1782360644.0915518,0.0022928714752197266
166391,normal,1488,0,1782360644.0933578,0.001806020736694336
166392,normal,8,0,1782360644.0954232,0.002065420150756836
166393,normal,1387,0,1782360644.0973697,0.0019464492797851562
166394,normal,1432,0,1782360644.0994778,0.0021080970764160156
166395,normal,1009,2,1782360644.10137,0.0018923282623291016
166396,normal,1144,0,1782360644.1034112,0.0020411014556884766
166397,normal,1883,0,1782360644.1055405,0.0021293163299560547
166398,normal,2846,0,1782360644.1072848,0.0017442703247070312
166399,normal,3624,0,1782360644.109507,0.002222299575805664
166400,normal,1522,0,1782360644.1114786,0.0019714832305908203
166401,normal,3160,1,1782360644.1132562,0.00177764892578125
166402,normal,2400,0,1782360644.1155546,0.0022983551025390625
166403,normal,83,0,1782360644.1173506,0.0017960071563720703
166404,normal,3176,1,1782360644.1192772,0.0019266605377197266
166405,normal,1969,0,1782360644.121372,0.002094745635986328
166406,normal,1320,1,1782360644.1234872,0.0021152496337890625
166407,normal,1511,0,1782360644.1252608,0.0017735958099365234
166408,normal,2891,0,1782360644.127553,0.002292156219482422
166409,normal,1017,2,1782360644.1293814,0.0018284320831298828
166410,normal,2686,0,1782360644.1314266,0.002045154571533203
166411,normal,1205,0,1782360644.1333704,0.001943826675415039
166412,normal,2555,0,1782360644.1354809,0.0021104812622070312
166413,normal,118,0,1782360644.1373715,0.0018906593322753906
166414,normal,3452,0,1782360644.139278,0.0019063949584960938
166415,normal,408,0,1782360644.1415102,0.0022323131561279297
166416,normal,3189,1,1782360644.1432905,0.0017802715301513672
166417,normal,3036,0,1782360644.145509,0.002218484878540039
166418,normal,2356,0,1782360644.147479,0.001970052719116211
166419,normal,1153,0,1782360644.1492774,0.001798391342163086
166420,normal,2025,0,1782360644.1515455,0.002268075942993164
166421,normal,544,0,1782360644.1533663,0.0018208026885986328
166422,normal,423,0,1782360644.1554317,0.002065420150756836
166423,normal,311,0,1782360644.1573596,0.0019278526306152344
166424,normal,753,0,1782360644.159468,0.002108335494995117
166425,normal,105,0,1782360644.1613765,0.0019085407257080078
166426,normal,2250,0,1782360644.1634114,0.002034902572631836
166427,normal,74,0,1782360644.1655068,0.002095460891723633
166428,normal,1266,0,1782360644.1673007,0.0017938613891601562
166429,normal,2225,0,1782360644.1693687,0.002068042755126953
166430,normal,1933,0,1782360644.171457,0.002088308334350586
166431,normal,3029,0,1782360644.1733642,0.0019071102142333984
166432,normal,968,2,1782360644.175274,0.0019097328186035156
166433,normal,541,0,1782360644.1775048,0.0022308826446533203
166434,normal,2904,0,1782360644.1792989,0.0017940998077392578
166435,normal,354,0,1782360644.1814997,0.0022008419036865234
166436,normal,228,0,1782360644.1833863,0.001886606216430664
166437,normal,1775,0,1782360644.1852503,0.0018639564514160156
166438,normal,1112,0,1782360644.1875427,0.0022923946380615234
166439,normal,110,0,1782360644.1893704,0.0018277168273925781
166440,normal,2989,0,1782360644.1912835,0.0019130706787109375
166441,normal,2503,0,1782360644.1935053,0.002221822738647461
166442,normal,1619,0,1782360644.195377,0.0018718242645263672
166443,normal,2731,0,1782360644.1974177,0.0020406246185302734
166444,normal,428,0,1782360644.1993823,0.001964569091796875
166445,normal,1096,0,1782360644.201453,0.0020706653594970703
166446,normal,351,0,1782360644.2033885,0.0019354820251464844
166447,normal,2594,0,1782360644.2054021,0.002013683319091797
166448,normal,3231,1,1782360644.2075682,0.0021660327911376953
166449,normal,2329,0,1782360644.2092474,0.0016791820526123047
166450,normal,2342,0,1782360644.2115407,0.0022933483123779297
166451,normal,216,0,1782360644.213495,0.001954317092895508
166452,normal,1620,0,1782360644.215275,0.0017800331115722656
166453,normal,1952,0,1782360644.2173674,0.0020923614501953125
166454,normal,2589,0,1782360644.2194855,0.0021181106567382812
166455,normal,1897,0,1782360644.22125,0.001764535903930664
166456,normal,1166,0,1782360644.2235374,0.0022873878479003906
166457,normal,2962,0,1782360644.2253773,0.0018398761749267578
166458,normal,1014,2,1782360644.2273512,0.001973867416381836
166459,normal,2450,0,1782360644.2293417,0.0019905567169189453
166460,normal,880,2,1782360644.2313783,0.002036571502685547
166461,normal,1874,0,1782360644.233244,0.0018656253814697266
166462,normal,1177,0,1782360644.2353792,0.0021352767944335938
166463,normal,710,0,1782360644.2373729,0.0019936561584472656
166464,normal,180,0,1782360644.239262,0.0018892288208007812
166465,normal,2675,0,1782360644.2413397,0.0020775794982910156
166466,normal,2454,0,1782360644.2433717,0.002032041549682617
166467,normal,261,0,1782360644.2452419,0.0018701553344726562
166468,normal,234,0,1782360644.24738,0.0021381378173828125
166469,normal,861,2,1782360644.2493615,0.001981496810913086
166470,normal,3489,0,1782360644.251276,0.0019145011901855469
166471,normal,3270,1,1782360644.2533393,0.002063274383544922
166472,normal,1466,0,1782360644.2553585,0.002019166946411133
166473,normal,45,0,1782360644.2573514,0.001992940902709961
166474,normal,489,0,1782360644.2592692,0.0019178390502929688
166475,normal,3614,0,1782360644.261393,0.0021238327026367188
166476,normal,2885,0,1782360644.263263,0.0018699169158935547
166477,normal,3235,1,1782360644.265338,0.0020749568939208984
166478,normal,539,0,1782360644.2673728,0.002034902572631836
166479,normal,2120,0,1782360644.26924,0.001867055892944336
166480,normal,2716,0,1782360644.2713776,0.0021376609802246094
166481,normal,1473,0,1782360644.2733784,0.0020008087158203125
166482,normal,120,0,1782360644.2752688,0.001890420913696289
166483,normal,3309,1,1782360644.277339,0.002070188522338867
166484,normal,729,0,1782360644.279369,0.0020301342010498047
166485,normal,387,0,1782360644.2812397,0.0018706321716308594
166486,normal,67,0,1782360644.2833803,0.002140522003173828
166487,normal,3434,0,1782360644.2853816,0.0020012855529785156
166488,normal,1408,0,1782360644.2872622,0.001880645751953125
166489,normal,3382,1,1782360644.2893407,0.002078533172607422
166490,normal,2174,0,1782360644.2913473,0.00200653076171875
166491,normal,1175,0,1782360644.2933593,0.002012014389038086
166492,normal,3068,1,1782360644.2952788,0.0019195079803466797
166493,normal,3144,1,1782360644.2973816,0.0021028518676757812
166494,normal,883,2,1782360644.299261,0.0018794536590576172
166495,normal,3038,0,1782360644.3013382,0.0020771026611328125
166496,normal,375,0,1782360644.3033566,0.002018451690673828
166497,normal,2054,0,1782360644.3053393,0.0019826889038085938
166498,normal,1737,0,1782360644.3072665,0.0019271373748779297
166499,normal,1832,0,1782360644.309376,0.002109527587890625
166500,normal,3427,0,1782360644.311231,0.0018548965454101562
166501,normal,2125,0,1782360644.3132257,0.0019948482513427734
166502,normal,3043,0,1782360644.3152587,0.0020329952239990234
166503,normal,918,2,1782360644.3174245,0.0021657943725585938
166504,normal,3507,0,1782360644.3191972,0.0017726421356201172
166505,normal,2955,0,1782360644.3213673,0.002170085906982422
166506,normal,1332,1,1782360644.3231966,0.001829385757446289
166507,normal,237,0,1782360644.325394,0.002197265625
166508,normal,2407,0,1782360644.327367,0.0019731521606445312
166509,normal,3130,1,1782360644.3293517,0.0019845962524414062
166510,normal,2282,0,1782360644.3312366,0.0018849372863769531
166511,normal,1325,1,1782360644.3333447,0.0021080970764160156
166512,normal,1600,0,1782360644.3352818,0.0019371509552001953
166513,normal,2785,0,1782360644.337336,0.0020542144775390625
166514,normal,1968,0,1782360644.3393683,0.0020322799682617188
166515,normal,2753,0,1782360644.341233,0.0018646717071533203
166516,normal,3027,0,1782360644.3433616,0.00212860107421875
166517,normal,1667,0,1782360644.3453157,0.0019540786743164062
166518,normal,1282,0,1782360644.347499,0.002183198928833008
166519,normal,1310,0,1782360644.349345,0.0018460750579833984
166520,normal,866,2,1782360644.3512156,0.0018706321716308594
166521,normal,819,2,1782360644.3531675,0.0019519329071044922
166522,normal,596,0,1782360644.3551407,0.0019731521606445312
166523,normal,333,0,1782360644.3572204,0.0020797252655029297
166524,normal,1599,0,1782360644.3591318,0.0019114017486572266
166525,normal,3244,1,1782360644.361396,0.002264261245727539
166526,normal,382,0,1782360644.3633847,0.001988649368286133
166527,normal,1806,0,1782360644.3652194,0.0018346309661865234
166528,normal,662,0,1782360644.3674324,0.002213001251220703
166529,normal,1198,0,1782360644.3693364,0.0019040107727050781
166530,normal,1805,0,1782360644.3712063,0.0018699169158935547
166531,normal,3332,1,1782360644.3734365,0.0022301673889160156
166532,normal,2480,0,1782360644.3753629,0.001926422119140625
166533,normal,873,2,1782360644.3772144,0.0018515586853027344
166534,normal,2087,0,1782360644.379439,0.0022246837615966797
166535,normal,1186,0,1782360644.3813393,0.0019001960754394531
166536,normal,2979,0,1782360644.3832135,0.0018742084503173828
166537,normal,2092,0,1782360644.3854408,0.002227306365966797
166538,normal,2336,0,1782360644.3873394,0.0018985271453857422
166539,normal,1691,0,1782360644.3892179,0.001878499984741211
166540,normal,1309,0,1782360644.3914008,0.0021829605102539062
166541,normal,2009,0,1782360644.393339,0.0019381046295166016
166542,normal,2859,0,1782360644.3952112,0.0018723011016845703
166543,normal,3241,1,1782360644.397366,0.002154827117919922
166544,normal,296,0,1782360644.3993363,0.0019702911376953125
166545,normal,2887,0,1782360644.401201,0.0018646717071533203
166546,normal,872,2,1782360644.403368,0.0021669864654541016
166547,normal,1888,0,1782360644.4053392,0.0019712448120117188
166548,normal,874,2,1782360644.407195,0.0018558502197265625
166549,normal,1856,0,1782360644.4093719,0.0021767616271972656
166550,normal,2585,0,1782360644.4113476,0.0019757747650146484
166551,normal,922,2,1782360644.414257,0.002909421920776367
166552,normal,2673,0,1782360644.415364,0.0011069774627685547
166553,normal,569,0,1782360644.4174056,0.0020415782928466797
166554,normal,1280,0,1782360644.4193566,0.001950979232788086
166555,normal,90,0,1782360644.4211886,0.0018320083618164062
166556,normal,567,0,1782360644.4233499,0.002161264419555664
166557,normal,3495,0,1782360644.4252608,0.0019109249114990234
166558,normal,3293,1,1782360644.4274604,0.0021996498107910156
166559,normal,3449,0,1782360644.4292345,0.0017740726470947266
166560,normal,820,2,1782360644.4311905,0.0019559860229492188
166561,normal,3485,0,1782360644.4334679,0.002277374267578125
166562,normal,1346,1,1782360644.435341,0.001873016357421875
166563,normal,3474,0,1782360644.4372454,0.0019044876098632812
166564,normal,886,2,1782360644.4392722,0.002026796340942383
166565,normal,2251,0,1782360644.441365,0.0020928382873535156
166566,normal,2205,0,1782360644.4431698,0.0018048286437988281
166567,normal,2526,0,1782360644.44515,0.0019800662994384766
166568,normal,1367,1,1782360644.4471405,0.0019905567169189453
166569,normal,165,0,1782360644.4491906,0.002050161361694336
166570,normal,3549,0,1782360644.4511318,0.0019412040710449219
166571,normal,697,0,1782360644.4531465,0.002014636993408203
166572,normal,2802,0,1782360644.4551864,0.0020399093627929688
166573,normal,895,2,1782360644.4571316,0.0019452571868896484
166574,normal,3137,1,1782360644.4591618,0.0020301342010498047
166575,normal,1119,0,1782360644.4611824,0.002020597457885742
166576,normal,2180,0,1782360644.4631279,0.00194549560546875
166577,normal,1487,0,1782360644.4651623,0.002034425735473633
166578,normal,1394,0,1782360644.467181,0.0020186901092529297
166579,normal,2008,0,1782360644.4691293,0.0019483566284179688
166580,normal,1711,0,1782360644.4711928,0.0020635128021240234
166581,normal,3513,0,1782360644.473135,0.0019421577453613281
166582,normal,2301,0,1782360644.4751759,0.002040863037109375
166583,normal,506,0,1782360644.477168,0.0019922256469726562
166584,normal,2916,0,1782360644.4792194,0.0020513534545898438
166585,normal,2382,0,1782360644.48113,0.0019104480743408203
166586,normal,3142,1,1782360644.4831698,0.0020399093627929688
166587,normal,994,2,1782360644.4851794,0.0020096302032470703
166588,normal,1311,0,1782360644.4871297,0.0019502639770507812
166589,normal,3089,1,1782360644.489164,0.002034425735473633
166590,normal,1863,0,1782360644.4911795,0.002015352249145508
166591,normal,668,0,1782360644.4931276,0.0019481182098388672
166592,normal,438,0,1782360644.495192,0.0020644664764404297
166593,normal,3322,1,1782360644.4971333,0.0019412040710449219
166594,normal,2552,0,1782360644.4991696,0.0020363330841064453
166595,normal,2583,0,1782360644.5011642,0.001994609832763672
166596,normal,1826,0,1782360644.5031796,0.002015352249145508
166597,normal,674,0,1782360644.5051289,0.001949310302734375
166598,normal,2574,0,1782360644.5071824,0.002053499221801758
166599,normal,312,0,1782360644.509182,0.0019996166229248047
166600,normal,1362,1,1782360644.511131,0.0019490718841552734
166601,normal,691,0,1782360644.513175,0.0020439624786376953
166602,normal,3320,1,1782360644.5151818,0.0020067691802978516
166603,normal,533,0,1782360644.5171454,0.0019636154174804688
166604,normal,3039,0,1782360644.5192003,0.002054929733276367
166605,normal,1079,0,1782360644.5211453,0.0019450187683105469
166606,normal,2358,0,1782360644.5231714,0.002026081085205078
166607,normal,374,0,1782360644.52517,0.0019986629486083984
166608,normal,122,0,1782360644.5271811,0.0020110607147216797
166609,normal,3390,1,1782360644.5291293,0.0019481182098388672
166610,normal,290,0,1782360644.5311642,0.002034902572631836
166611,normal,1241,0,1782360644.5331807,0.0020165443420410156
166612,normal,1045,0,1782360644.5351334,0.0019526481628417969
166613,normal,2253,0,1782360644.5371675,0.0020341873168945312
166614,normal,2943,0,1782360644.539184,0.0020165443420410156
166615,normal,813,2,1782360644.5411274,0.001943349838256836
166616,normal,1658,0,1782360644.5431635,0.0020360946655273438
166617,normal,130,0,1782360644.5452354,0.002071857452392578
166618,normal,864,2,1782360644.5471327,0.0018973350524902344
166619,normal,1034,0,1782360644.549164,0.0020313262939453125
166620,normal,1512,0,1782360644.551181,0.0020170211791992188
166621,normal,3492,0,1782360644.553128,0.0019469261169433594
166622,normal,1005,2,1782360644.5551622,0.0020341873168945312
166623,normal,1935,0,1782360644.5572174,0.0020551681518554688
166624,normal,638,0,1782360644.5591304,0.0019130706787109375
166625,normal,22,0,1782360644.5611644,0.0020339488983154297
166626,normal,815,2,1782360644.5631783,0.0020139217376708984
166627,normal,1884,0,1782360644.5651412,0.001962900161743164
166628,normal,1579,0,1782360644.5671642,0.002022981643676758
166629,normal,2284,0,1782360644.5691793,0.0020151138305664062
166630,normal,1571,0,1782360644.5711465,0.001967191696166992
166631,normal,1983,0,1782360644.5731645,0.002017974853515625
166632,normal,2607,0,1782360644.5751793,0.0020148754119873047
166633,normal,3141,1,1782360644.5771282,0.0019488334655761719
166634,normal,999,2,1782360644.5791638,0.0020356178283691406
166635,normal,390,0,1782360644.5811825,0.0020186901092529297
166636,normal,3454,0,1782360644.583129,0.0019464492797851562
166637,normal,824,2,1782360644.585162,0.0020329952239990234
166638,normal,998,2,1782360644.5871792,0.0020172595977783203
166639,normal,1438,0,1782360644.5891302,0.001950979232788086
166640,normal,3551,0,1782360644.5911624,0.0020322799682617188
166641,normal,2387,0,1782360644.5931764,0.0020139217376708984
166642,normal,1693,0,1782360644.5951672,0.001990795135498047
166643,normal,2267,0,1782360644.5971794,0.0020122528076171875
166644,normal,1049,0,1782360644.59918,0.002000570297241211
166645,normal,3102,1,1782360644.601131,0.001950979232788086
166646,normal,1586,0,1782360644.6031678,0.0020368099212646484
166647,normal,3625,0,1782360644.6051776,0.002009868621826172
166648,normal,2064,0,1782360644.6071284,0.0019507408142089844
166649,normal,2061,0,1782360644.6091602,0.0020318031311035156
166650,normal,3708,0,1782360644.6111782,0.002017974853515625
166651,normal,361,0,1782360644.6131284,0.0019502639770507812
166652,normal,2959,0,1782360644.6151612,0.002032756805419922
166653,normal,1582,0,1782360644.6172385,0.002077341079711914
166654,normal,897,2,1782360644.6191318,0.0018932819366455078
166655,normal,3071,1,1782360644.621183,0.002051115036010742
166656,normal,2765,0,1782360644.6231956,0.0020127296447753906
166657,normal,626,0,1782360644.6251283,0.0019326210021972656
166658,normal,318,0,1782360644.6271613,0.0020329952239990234
166659,normal,89,0,1782360644.6291788,0.002017498016357422
166660,normal,1819,0,1782360644.6311285,0.0019497871398925781
166661,normal,1159,0,1782360644.6331704,0.0020418167114257812
166662,normal,3085,1,1782360644.6351898,0.0020194053649902344
166663,normal,526,0,1782360644.6371279,0.0019381046295166016
166664,normal,3297,1,1782360644.6391606,0.002032756805419922
166665,normal,1839,0,1782360644.6411984,0.0020377635955810547
166666,normal,3663,0,1782360644.6431305,0.0019321441650390625
166667,normal,2877,0,1782360644.6452203,0.0020897388458251953
166668,normal,2805,0,1782360644.6471329,0.0019125938415527344
166669,normal,2333,0,1782360644.6491704,0.002037525177001953
166670,normal,783,2,1782360644.6511543,0.0019838809967041016
166671,normal,1190,0,1782360644.6532342,0.0020799636840820312
166672,normal,1842,0,1782360644.6551363,0.0019021034240722656
166673,normal,329,0,1782360644.6571586,0.002022266387939453
166674,normal,1893,0,1782360644.6591775,0.0020189285278320312
166675,normal,1744,0,1782360644.6611316,0.0019540786743164062
166676,normal,1500,0,1782360644.6631584,0.002026796340942383
166677,normal,436,0,1782360644.6651793,0.0020208358764648438
166678,normal,1974,0,1782360644.667128,0.0019488334655761719
166679,normal,1938,0,1782360644.6691775,0.0020494461059570312
166680,normal,3705,0,1782360644.671154,0.001976490020751953
166681,normal,654,0,1782360644.6731725,0.002018451690673828
166682,normal,289,0,1782360644.6751723,0.0019998550415039062
166683,normal,3401,1,1782360644.677179,0.0020067691802978516
166684,normal,148,0,1782360644.6791275,0.0019483566284179688
166685,normal,1892,0,1782360644.6811645,0.00203704833984375
166686,normal,1643,0,1782360644.683178,0.0020134449005126953
166687,normal,214,0,1782360644.6851277,0.0019497871398925781
166688,normal,619,0,1782360644.6871846,0.0020568370819091797
166689,normal,1688,0,1782360644.6892207,0.0020360946655273438
166690,normal,1592,0,1782360644.691166,0.0019452571868896484
166691,normal,1356,1,1782360644.6931534,0.001987457275390625
166692,normal,2751,0,1782360644.6952474,0.0020940303802490234
166693,normal,3352,1,1782360644.6971307,0.0018832683563232422
166694,normal,713,0,1782360644.6991596,0.002028942108154297
166695,normal,3040,0,1782360644.701184,0.002024412155151367
166696,normal,2275,0,1782360644.703136,0.0019519329071044922
166697,normal,1566,0,1782360644.7051537,0.0020177364349365234
166698,normal,81,0,1782360644.7071881,0.002034425735473633
166699,normal,570,0,1782360644.7091928,0.0020046234130859375
166700,normal,2847,0,1782360644.7111585,0.001965761184692383
166701,normal,2004,0,1782360644.7131999,0.002041339874267578
166702,normal,1906,0,1782360644.7151368,0.0019369125366210938
166703,normal,398,0,1782360644.717155,0.0020182132720947266
166704,normal,280,0,1782360644.719186,0.002031087875366211
166705,normal,429,0,1782360644.7211714,0.001985311508178711
166706,normal,580,0,1782360644.7231622,0.001990795135498047
166707,normal,1505,0,1782360644.7251287,0.0019664764404296875
166708,normal,2348,0,1782360644.7271695,0.002040863037109375
166709,normal,586,0,1782360644.7291613,0.001991748809814453
166710,normal,1760,0,1782360644.731182,0.0020208358764648438
166711,normal,1458,0,1782360644.7331283,0.0019462108612060547
166712,normal,2122,0,1782360644.7351613,0.0020329952239990234
166713,normal,718,0,1782360644.7371771,0.002015829086303711
166714,normal,1973,0,1782360644.739128,0.001950979232788086
166715,normal,2216,0,1782360644.7411592,0.002031087875366211
166716,normal,2369,0,1782360644.743177,0.0020177364349365234
166717,normal,2571,0,1782360644.7451396,0.0019626617431640625
166718,normal,2364,0,1782360644.747182,0.0020422935485839844
166719,normal,2829,0,1782360644.7491825,0.002000570297241211
166720,normal,3067,1,1782360644.751133,0.0019505023956298828
166721,normal,3359,1,1782360644.7531722,0.002039194107055664
166722,normal,2249,0,1782360644.755182,0.002009868621826172
166723,normal,218,0,1782360644.757131,0.0019490718841552734
166724,normal,1028,2,1782360644.759166,0.002034902572631836
166725,normal,2506,0,1782360644.761198,0.002032041549682617
166726,normal,3366,1,1782360644.763131,0.0019328594207763672
166727,normal,1298,0,1782360644.7651625,0.002031564712524414
166728,normal,3238,1,1782360644.7672026,0.0020401477813720703
166729,normal,3158,1,1782360644.769127,0.001924276351928711
166730,normal,566,0,1782360644.7711825,0.002055644989013672
166731,normal,1326,1,1782360644.7732286,0.0020461082458496094
166732,normal,2419,0,1782360644.775132,0.0019032955169677734
166733,normal,3379,1,1782360644.777161,0.002028942108154297
166734,normal,1953,0,1782360644.7791817,0.0020208358764648438
166735,normal,3288,1,1782360644.7811291,0.0019474029541015625
166736,normal,3324,1,1782360644.783162,0.0020329952239990234
166737,normal,1988,0,1782360644.7851791,0.0020170211791992188
166738,normal,102,0,1782360644.7871385,0.0019593238830566406
166739,normal,150,0,1782360644.789164,0.002025604248046875
166740,normal,516,0,1782360644.7911887,0.0020246505737304688
166741,normal,3635,0,1782360644.7931283,0.001939535140991211
166742,normal,3106,1,1782360644.7951622,0.0020339488983154297
166743,normal,1955,0,1782360644.797145,0.0019826889038085938
166744,normal,2226,0,1782360644.7991934,0.002048492431640625
166745,normal,1386,0,1782360644.8011546,0.001961231231689453
166746,normal,2232,0,1782360644.803188,0.0020334720611572266
166747,normal,2554,0,1782360644.8051298,0.001941680908203125
166748,normal,1368,1,1782360644.8071606,0.0020308494567871094
166749,normal,2010,0,1782360644.8091786,0.002017974853515625
166750,normal,2784,0,1782360644.8111303,0.0019516944885253906
166751,normal,1975,0,1782360644.8131616,0.0020313262939453125
166752,normal,2678,0,1782360644.8151777,0.0020160675048828125
166753,normal,3311,1,1782360644.8171341,0.001956462860107422
166754,normal,732,0,1782360644.8191602,0.002026081085205078
166755,normal,331,0,1782360644.8212073,0.0020470619201660156
166756,normal,2049,0,1782360644.8231401,0.0019328594207763672
166757,normal,2953,0,1782360644.825162,0.00202178955078125
166758,normal,1151,0,1782360644.827331,0.0021691322326660156
166759,normal,3214,1,1782360644.8291304,0.0017993450164794922
166760,normal,2033,0,1782360644.8311708,0.002040386199951172
166761,normal,2839,0,1782360644.8331692,0.001998424530029297
166762,normal,1364,1,1782360644.8351934,0.0020241737365722656
166763,normal,3155,1,1782360644.837153,0.001959562301635742
166764,normal,1831,0,1782360644.8391895,0.002036571502685547
166765,normal,2896,0,1782360644.8411312,0.001941680908203125
166766,normal,3178,1,1782360644.8431592,0.0020279884338378906
166767,normal,1393,0,1782360644.8452175,0.002058267593383789
166768,normal,2107,0,1782360644.847154,0.0019364356994628906
166769,normal,1932,0,1782360644.8491614,0.0020074844360351562
166770,normal,2895,0,1782360644.8511796,0.0020182132720947266
166771,normal,279,0,1782360644.8531284,0.0019488334655761719
166772,normal,3061,1,1782360644.8551583,0.002029895782470703
166773,normal,794,2,1782360644.8571959,0.002037525177001953
166774,normal,1477,0,1782360644.8591313,0.0019354820251464844
166775,normal,3305,1,1782360644.8611581,0.002026796340942383
166776,normal,1746,0,1782360644.8631694,0.0020112991333007812
166777,normal,2518,0,1782360644.86517,0.002000570297241211
166778,normal,3072,1,1782360644.867157,0.001986980438232422
166779,normal,2384,0,1782360644.869187,0.0020301342010498047
166780,normal,2148,0,1782360644.8711283,0.0019412040710449219
166781,normal,2640,0,1782360644.8731544,0.002026081085205078
166782,normal,3186,1,1782360644.8751302,0.0019757747650146484
166783,normal,943,2,1782360644.877189,0.002058744430541992
166784,normal,1662,0,1782360644.8791473,0.0019583702087402344
166785,normal,689,0,1782360644.8811867,0.0020394325256347656
166786,normal,902,2,1782360644.8831716,0.001984834671020508
166787,normal,521,0,1782360644.8851566,0.0019850730895996094
166788,normal,696,0,1782360644.8871684,0.0020117759704589844
166789,normal,771,0,1782360644.8891768,0.0020084381103515625
166790,normal,2422,0,1782360644.8911602,0.0019834041595458984
166791,normal,43,0,1782360644.8931727,0.002012491226196289
166792,normal,520,0,1782360644.8951392,0.0019664764404296875
166793,normal,2244,0,1782360644.8971593,0.002020120620727539
166794,normal,242,0,1782360644.8991718,0.002012491226196289
166795,normal,1669,0,1782360644.901141,0.0019690990447998047
166796,normal,3464,0,1782360644.9031506,0.0020096302032470703
166797,normal,1263,0,1782360644.9051886,0.0020380020141601562
166798,normal,547,0,1782360644.9071708,0.0019822120666503906
166799,normal,3544,0,1782360644.9091656,0.0019948482513427734
166800,normal,3685,0,1782360644.9111729,0.0020072460174560547
166801,normal,1,0,1782360644.9131706,0.001997709274291992
166802,normal,154,0,1782360644.915162,0.0019915103912353516
166803,normal,1557,0,1782360644.917173,0.002010822296142578
166804,normal,3542,0,1782360644.9192052,0.0020322799682617188
166805,normal,2975,0,1782360644.9212568,0.0020515918731689453
166806,normal,2021,0,1782360644.9233334,0.0020766258239746094
166807,normal,1708,0,1782360644.9252808,0.0019474029541015625
166808,normal,1948,0,1782360644.9275353,0.002254486083984375
166809,normal,945,2,1782360644.9292705,0.0017352104187011719
166810,normal,3291,1,1782360644.9314132,0.002142667770385742
166811,normal,7,0,1782360644.933509,0.002095937728881836
166812,normal,2995,0,1782360644.935283,0.001773834228515625
166813,normal,2835,0,1782360644.9375427,0.0022597312927246094
166814,normal,756,0,1782360644.9394116,0.0018689632415771484
166815,normal,2841,0,1782360644.9412618,0.001850128173828125
166816,normal,363,0,1782360644.9431927,0.0019309520721435547
166817,normal,2485,0,1782360644.9453673,0.0021746158599853516
166818,normal,2098,0,1782360644.9472058,0.0018384456634521484
166819,normal,1810,0,1782360644.94937,0.002164125442504883
166820,normal,939,2,1782360644.951334,0.001964092254638672
166821,normal,1943,0,1782360644.9532197,0.0018856525421142578
166822,normal,490,0,1782360644.9553478,0.002128124237060547
166823,normal,1088,0,1782360644.957321,0.0019731521606445312
166824,normal,1532,0,1782360644.9592042,0.0018832683563232422
166825,normal,1493,0,1782360644.9613695,0.0021653175354003906
166826,normal,466,0,1782360644.9633129,0.001943349838256836
166827,normal,1701,0,1782360644.9652622,0.001949310302734375
166828,normal,1747,0,1782360644.9673457,0.0020835399627685547
166829,normal,1428,0,1782360644.9693282,0.001982450485229492
166830,normal,1618,0,1782360644.9712021,0.0018739700317382812
166831,normal,992,2,1782360644.9733684,0.002166271209716797
166832,normal,3044,0,1782360644.9753294,0.0019609928131103516
166833,normal,3595,0,1782360644.9772558,0.001926422119140625
166834,normal,1231,0,1782360644.979345,0.002089262008666992
166835,normal,3562,0,1782360644.981324,0.0019788742065429688
166836,normal,140,0,1782360644.9832041,0.0018801689147949219
166837,normal,3648,0,1782360644.9853692,0.002165079116821289
166838,normal,2296,0,1782360644.9873383,0.0019690990447998047
166839,normal,479,0,1782360644.989261,0.001922607421875
166840,normal,2542,0,1782360644.9913464,0.002085447311401367
166841,normal,1026,2,1782360644.993345,0.0019986629486083984
166842,normal,507,0,1782360644.995206,0.0018610954284667969
166843,normal,3361,1,1782360644.9973958,0.00218963623046875
166844,normal,1507,0,1782360644.9993343,0.0019385814666748047
166845,normal,236,0,1782360645.0011933,0.0018589496612548828
166846,normal,132,0,1782360645.0033803,0.002187013626098633
166847,normal,2291,0,1782360645.0053265,0.0019462108612060547
166848,normal,2662,0,1782360645.0071943,0.0018677711486816406
166849,normal,2780,0,1782360645.0093842,0.0021898746490478516
166850,normal,3103,1,1782360645.0113246,0.0019404888153076172
166851,normal,1305,0,1782360645.013254,0.0019292831420898438
166852,normal,175,0,1782360645.0157075,0.0024535655975341797
166853,normal,3477,0,1782360645.0171862,0.0014786720275878906
166854,normal,2345,0,1782360645.0192475,0.0020613670349121094
166855,normal,3343,1,1782360645.021146,0.0018985271453857422
166856,normal,1818,0,1782360645.0231838,0.0020377635955810547
166857,normal,1443,0,1782360645.0251713,0.001987457275390625
166858,normal,1069,0,1782360645.0271933,0.0020220279693603516
166859,normal,1792,0,1782360645.0291362,0.0019428730010986328
166860,normal,1875,0,1782360645.0311887,0.0020525455474853516
166861,normal,2139,0,1782360645.0331767,0.001987934112548828
166862,normal,1876,0,1782360645.0351336,0.001956939697265625
166863,normal,1365,1,1782360645.0371578,0.0020241737365722656
166864,normal,2742,0,1782360645.039258,0.002100229263305664
166865,normal,3490,0,1782360645.0411353,0.0018773078918457031
166866,normal,3408,0,1782360645.0433884,0.0022530555725097656
166867,normal,698,0,1782360645.0451584,0.00177001953125
166868,normal,2790,0,1782360645.0471652,0.0020067691802978516
166869,normal,1958,0,1782360645.0491498,0.0019845962524414062
166870,normal,3247,1,1782360645.051194,0.002044200897216797
166871,normal,1837,0,1782360645.0531359,0.0019419193267822266
166872,normal,2350,0,1782360645.0552258,0.002089977264404297
166873,normal,3101,1,1782360645.0571277,0.001901865005493164
166874,normal,1504,0,1782360645.05915,0.002022266387939453
166875,normal,3426,0,1782360645.0611887,0.002038717269897461
166876,normal,1131,0,1782360645.0631785,0.0019898414611816406
166877,normal,2103,0,1782360645.0651739,0.0019953250885009766
166878,normal,2015,0,1782360645.0672107,0.0020368099212646484
166879,normal,3483,0,1782360645.069137,0.001926422119140625
166880,normal,1901,0,1782360645.071149,0.002012014389038086
166881,normal,255,0,1782360645.0732074,0.002058267593383789
166882,normal,3254,1,1782360645.0751288,0.0019214153289794922
166883,normal,415,0,1782360645.077155,0.0020263195037841797
166884,normal,981,2,1782360645.0792284,0.0020732879638671875
166885,normal,3350,1,1782360645.081134,0.001905679702758789
166886,normal,1713,0,1782360645.0831516,0.002017498016357422
166887,normal,1739,0,1782360645.0852044,0.002052783966064453
166888,normal,100,0,1782360645.0871294,0.0019249916076660156
166889,normal,1449,0,1782360645.0891542,0.0020248889923095703
166890,normal,3696,0,1782360645.0912044,0.002050161361694336
166891,normal,1694,0,1782360645.0931342,0.0019297599792480469
166892,normal,2524,0,1782360645.0951478,0.002013683319091797
166893,normal,2373,0,1782360645.0972042,0.0020563602447509766
166894,normal,743,0,1782360645.0991397,0.0019354820251464844
166895,normal,2486,0,1782360645.1011438,0.0020041465759277344
166896,normal,1479,0,1782360645.1032202,0.002076387405395508
166897,normal,789,2,1782360645.1051283,0.0019080638885498047
166898,normal,164,0,1782360645.1071572,0.002028942108154297
166899,normal,1654,0,1782360645.1092021,0.0020449161529541016
166900,normal,2000,0,1782360645.1111383,0.001936197280883789
166901,normal,979,2,1782360645.1131465,0.002008199691772461
166902,normal,2340,0,1782360645.1152334,0.0020868778228759766
166903,normal,2546,0,1782360645.117127,0.0018935203552246094
166904,normal,2685,0,1782360645.1191547,0.002027750015258789
166905,normal,2040,0,1782360645.1212122,0.0020575523376464844
166906,normal,2162,0,1782360645.1231263,0.0019140243530273438
166907,normal,2865,0,1782360645.125154,0.002027750015258789
166908,normal,745,0,1782360645.1272058,0.002051830291748047
166909,normal,887,2,1782360645.1291265,0.0019207000732421875
166910,normal,1417,0,1782360645.131153,0.0020265579223632812
166911,normal,1257,0,1782360645.1331873,0.0020341873168945312
166912,normal,2144,0,1782360645.1351702,0.0019829273223876953
166913,normal,256,0,1782360645.137155,0.001984834671020508
166914,normal,2762,0,1782360645.1392093,0.0020542144775390625
166915,normal,3643,0,1782360645.1411295,0.0019202232360839844
166916,normal,445,0,1782360645.143168,0.0020384788513183594
166917,normal,3376,1,1782360645.1452084,0.002040386199951172
166918,normal,12,0,1782360645.1471303,0.0019218921661376953
166919,normal,1864,0,1782360645.1491628,0.0020325183868408203
166920,normal,142,0,1782360645.1512458,0.0020830631256103516
166921,normal,658,0,1782360645.153128,0.0018820762634277344
166922,normal,1709,0,1782360645.155155,0.0020270347595214844
166923,normal,1216,0,1782360645.1571953,0.002040386199951172
166924,normal,1472,0,1782360645.1591275,0.0019321441650390625
166925,normal,1685,0,1782360645.1611571,0.0020296573638916016
166926,normal,1503,0,1782360645.1631963,0.002039194107055664
166927,normal,2017,0,1782360645.165131,0.0019347667694091797
166928,normal,1908,0,1782360645.167155,0.002023935317993164
166929,normal,2557,0,1782360645.1691911,0.0020360946655273438
166930,normal,1687,0,1782360645.17113,0.0019388198852539062
166931,normal,1940,0,1782360645.173158,0.0020279884338378906
166932,normal,36,0,1782360645.1751785,0.002020597457885742
166933,normal,3697,0,1782360645.1771703,0.001991748809814453
166934,normal,1222,0,1782360645.1791558,0.0019855499267578125
166935,normal,2254,0,1782360645.1812403,0.002084493637084961
166936,normal,720,0,1782360645.183128,0.0018877983093261719
166937,normal,3099,1,1782360645.1851513,0.0020232200622558594
166938,normal,1336,1,1782360645.187202,0.002050638198852539
166939,normal,2474,0,1782360645.1891387,0.0019366741180419922
166940,normal,2830,0,1782360645.1911573,0.0020186901092529297
166941,normal,1797,0,1782360645.1932006,0.0020432472229003906
166942,normal,1838,0,1782360645.1951246,0.0019240379333496094
166943,normal,238,0,1782360645.1971548,0.0020301342010498047
166944,normal,2341,0,1782360645.199199,0.002044200897216797
166945,normal,3115,1,1782360645.2011266,0.0019276142120361328
166946,normal,300,0,1782360645.203154,0.0020275115966796875
166947,normal,896,2,1782360645.2051978,0.0020437240600585938
166948,normal,1128,0,1782360645.2071257,0.0019278526306152344
166949,normal,3215,1,1782360645.2091541,0.0020284652709960938
166950,normal,3195,1,1782360645.2111971,0.002043008804321289
166951,normal,1651,0,1782360645.2131264,0.0019292831420898438
166952,normal,1733,0,1782360645.215153,0.0020265579223632812
166953,normal,549,0,1782360645.217198,0.0020449161529541016
166954,normal,2203,0,1782360645.2191255,0.0019276142120361328
166955,normal,1249,0,1782360645.221164,0.0020384788513183594
166956,normal,321,0,1782360645.2232068,0.0020427703857421875
166957,normal,1853,0,1782360645.225138,0.0019311904907226562
166958,normal,1195,0,1782360645.2271392,0.0020012855529785156
166959,normal,1024,2,1782360645.2291846,0.0020453929901123047
166960,normal,778,2,1782360645.231165,0.001980304718017578
166961,normal,3132,1,1782360645.2331557,0.001990795135498047
166962,normal,307,0,1782360645.2351758,0.002020120620727539
166963,normal,635,0,1782360645.237167,0.0019910335540771484
166964,normal,543,0,1782360645.2391586,0.001991748809814453
166965,normal,2433,0,1782360645.2411911,0.0020325183868408203
166966,normal,185,0,1782360645.2431266,0.0019354820251464844
166967,normal,2890,0,1782360645.2451556,0.002028942108154297
166968,normal,377,0,1782360645.2471833,0.002027750015258789
166969,normal,1970,0,1782360645.249164,0.0019807815551757812
166970,normal,3219,1,1782360645.251155,0.001990795135498047
166971,normal,970,2,1782360645.2531862,0.0020313262939453125
166972,normal,1288,0,1782360645.255164,0.001977682113647461
166973,normal,167,0,1782360645.2571547,0.001990795135498047
166974,normal,3707,0,1782360645.259196,0.002041339874267578
166975,normal,1539,0,1782360645.2611256,0.0019295215606689453
166976,normal,589,0,1782360645.263154,0.0020284652709960938
166977,normal,1535,0,1782360645.2651906,0.002036571502685547
166978,normal,1117,0,1782360645.2671864,0.0019958019256591797
166979,normal,1398,0,1782360645.2691464,0.0019600391387939453
166980,normal,1904,0,1782360645.271214,0.00206756591796875
166981,normal,2797,0,1782360645.273125,0.0019109249114990234
166982,normal,2661,0,1782360645.2751603,0.002035379409790039
166983,normal,867,2,1782360645.277198,0.0020377635955810547
166984,normal,2670,0,1782360645.2791252,0.0019271373748779297
166985,normal,1946,0,1782360645.2811565,0.0020313262939453125
166986,normal,2960,0,1782360645.2831912,0.0020346641540527344
166987,normal,223,0,1782360645.2851264,0.0019352436065673828
166988,normal,1501,0,1782360645.2871575,0.002031087875366211
166989,normal,2605,0,1782360645.289188,0.0020303726196289062
166990,normal,1934,0,1782360645.291175,0.001986980438232422
166991,normal,1877,0,1782360645.2931573,0.001982450485229492
166992,normal,2624,0,1782360645.2951436,0.001986265182495117
166993,normal,3642,0,1782360645.2971864,0.0020427703857421875
166994,normal,1784,0,1782360645.2991781,0.001991748809814453
166995,normal,3543,0,1782360645.3011847,0.00200653076171875
166996,normal,2395,0,1782360645.3031847,0.002000093460083008
166997,normal,754,0,1782360645.3051589,0.0019741058349609375
166998,normal,3508,0,1782360645.3071969,0.0020380020141601562
166999,normal,2697,0,1782360645.3091252,0.0019283294677734375
167000,normal,2919,0,1782360645.311297,0.002171754837036133
167001,normal,829,2,1782360645.3131952,0.0018982887268066406
167002,normal,868,2,1782360645.315163,0.0019676685333251953
167003,normal,910,2,1782360645.3171535,0.0019905567169189453
167004,normal,1965,0,1782360645.3191876,0.0020341873168945312
167005,normal,1461,0,1782360645.3211837,0.0019960403442382812
167006,normal,2645,0,1782360645.3231637,0.0019800662994384766
167007,normal,342,0,1782360645.3251798,0.0020160675048828125
167008,normal,1543,0,1782360645.3271334,0.001953601837158203
167009,normal,1210,0,1782360645.3291576,0.0020241737365722656
167010,normal,2196,0,1782360645.331178,0.0020203590393066406
167011,normal,2658,0,1782360645.3331275,0.0019495487213134766
167012,normal,3547,0,1782360645.3351567,0.0020291805267333984
167013,normal,912,2,1782360645.3371873,0.002030611038208008
167014,normal,752,0,1782360645.3391294,0.0019421577453613281
167015,normal,1628,0,1782360645.3411555,0.002026081085205078
167016,normal,716,0,1782360645.3431673,0.0020117759704589844
167017,normal,1245,0,1782360645.345179,0.0020117759704589844
167018,normal,2620,0,1782360645.3471577,0.001978635787963867
167019,normal,1728,0,1782360645.3493106,0.0021529197692871094
167020,normal,2421,0,1782360645.3511746,0.0018639564514160156
167021,normal,2269,0,1782360645.3531792,0.0020046234130859375
167022,normal,759,0,1782360645.3551843,0.0020051002502441406
167023,normal,3114,1,1782360645.3571346,0.0019502639770507812
167024,normal,1663,0,1782360645.359161,0.0020263195037841797
167025,normal,3266,1,1782360645.361171,0.0020101070404052734
167026,normal,2058,0,1782360645.3631692,0.0019981861114501953
167027,normal,671,0,1782360645.3651564,0.0019872188568115234
167028,normal,3249,1,1782360645.3671784,0.0020220279693603516
167029,normal,3499,0,1782360645.3691862,0.002007722854614258
167030,normal,779,2,1782360645.3711607,0.0019745826721191406
167031,normal,682,0,1782360645.37317,0.002009153366088867
167032,normal,1347,1,1782360645.3751726,0.002002716064453125
167033,normal,2502,0,1782360645.3771622,0.001989603042602539
167034,normal,2642,0,1782360645.3791707,0.0020084381103515625
167035,normal,1042,0,1782360645.381171,0.0020003318786621094
167036,normal,768,0,1782360645.383159,0.001987934112548828
167037,normal,3197,1,1782360645.3851721,0.0020132064819335938
167038,normal,3611,0,1782360645.387129,0.001956939697265625
167039,normal,1729,0,1782360645.389155,0.0020258426666259766
167040,normal,3129,1,1782360645.391169,0.00201416015625
167041,normal,2826,0,1782360645.393179,0.002009868621826172
167042,normal,1976,0,1782360645.3951523,0.001973390579223633
167043,normal,3156,1,1782360645.3971858,0.0020334720611572266
167044,normal,1967,0,1782360645.3991406,0.001954793930053711
167045,normal,3700,0,1782360645.401155,0.0020143985748291016
167046,normal,540,0,1782360645.4031723,0.0020172595977783203
167047,normal,905,2,1782360645.405179,0.0020067691802978516
167048,normal,1213,0,1782360645.4071517,0.001972675323486328
167049,normal,141,0,1782360645.4091856,0.0020339488983154297
167050,normal,3252,1,1782360645.4111302,0.0019445419311523438
167051,normal,2671,0,1782360645.4131532,0.002022981643676758
167052,normal,2831,0,1782360645.4151778,0.0020246505737304688
167053,normal,997,2,1782360645.41714,0.0019621849060058594
167054,normal,2325,0,1782360645.4191391,0.0019991397857666016
167055,normal,1714,0,1782360645.421185,0.002045869827270508
167056,normal,160,0,1782360645.4231718,0.0019867420196533203
167057,normal,528,0,1782360645.4251497,0.0019779205322265625
167058,normal,3097,1,1782360645.427179,0.0020294189453125
167059,normal,1642,0,1782360645.4291685,0.0019893646240234375
167060,normal,1549,0,1782360645.4311526,0.001984119415283203
167061,normal,2027,0,1782360645.4331682,0.0020155906677246094
167062,normal,2268,0,1782360645.435171,0.002002716064453125
167063,normal,1845,0,1782360645.43715,0.0019791126251220703
167064,normal,1637,0,1782360645.4391677,0.0020177364349365234
167065,normal,1930,0,1782360645.441195,0.002027273178100586
167066,normal,1902,0,1782360645.4431398,0.0019447803497314453
167067,normal,1652,0,1782360645.4451845,0.002044677734375
167068,normal,1905,0,1782360645.4471712,0.0019867420196533203
167069,normal,1082,0,1782360645.4491541,0.0019829273223876953
167070,normal,2786,0,1782360645.4511704,0.002016305923461914
167071,normal,661,0,1782360645.4531746,0.0020041465759277344
167072,normal,320,0,1782360645.4551554,0.0019807815551757812
167073,normal,3014,0,1782360645.4571686,0.0020132064819335938
167074,normal,3047,1,1782360645.4591677,0.0019991397857666016
167075,normal,551,0,1782360645.4611552,0.001987457275390625
167076,normal,3348,1,1782360645.463129,0.001973867416381836
167077,normal,1537,0,1782360645.465172,0.002043008804321289
167078,normal,275,0,1782360645.4671519,0.001979827880859375
167079,normal,2863,0,1782360645.4691722,0.0020203590393066406
167080,normal,3258,1,1782360645.4711778,0.0020055770874023438
167081,normal,2528,0,1782360645.4731479,0.001970052719116211
167082,normal,3375,1,1782360645.475167,0.002019166946411133
167083,normal,2708,0,1782360645.4771914,0.002024412155151367
167084,normal,3569,0,1782360645.4791355,0.0019440650939941406
167085,normal,2561,0,1782360645.481183,0.0020475387573242188
167086,normal,1990,0,1782360645.4831936,0.0020105838775634766
167087,normal,1732,0,1782360645.4851706,0.0019769668579101562
167088,normal,3286,1,1782360645.4871724,0.0020017623901367188
167089,normal,57,0,1782360645.4891677,0.0019953250885009766
167090,normal,987,2,1782360645.4911535,0.001985788345336914
167091,normal,707,0,1782360645.493213,0.002059459686279297
167092,normal,2735,0,1782360645.4951677,0.001954793930053711
167093,normal,264,0,1782360645.497154,0.001986265182495117
167094,normal,3579,0,1782360645.4991698,0.002015829086303711
167095,normal,2893,0,1782360645.5011702,0.0020003318786621094
167096,normal,2265,0,1782360645.5031438,0.0019736289978027344
167097,normal,770,0,1782360645.5051682,0.002024412155151367
167098,normal,3278,1,1782360645.5071676,0.001999378204345703
167099,normal,923,2,1782360645.5091484,0.0019807815551757812
167100,normal,3473,0,1782360645.5111654,0.0020170211791992188
167101,normal,3371,1,1782360645.5131905,0.002025127410888672
167102,normal,1700,0,1782360645.515152,0.0019614696502685547
167103,normal,602,0,1782360645.5171952,0.0020432472229003906
167104,normal,3676,0,1782360645.519126,0.0019307136535644531
167105,normal,1429,0,1782360645.5211523,0.0020263195037841797
167106,normal,2586,0,1782360645.5231283,0.00197601318359375
167107,normal,271,0,1782360645.525167,0.002038717269897461
167108,normal,2318,0,1782360645.527164,0.0019969940185546875
167109,normal,748,0,1782360645.5291688,0.002004861831665039
167110,normal,2398,0,1782360645.5311718,0.0020029544830322266
167111,normal,1000,2,1782360645.5332572,0.002085447311401367
167112,normal,2778,0,1782360645.535149,0.0018918514251708984
167113,normal,615,0,1782360645.5371325,0.0019834041595458984
167114,normal,70,0,1782360645.5391755,0.002043008804321289
167115,normal,2651,0,1782360645.5414078,0.0022323131561279297
167116,normal,3131,1,1782360645.5432048,0.0017969608306884766
167117,normal,3709,0,1782360645.545346,0.002141237258911133
167118,normal,417,0,1782360645.5472515,0.0019054412841796875
167119,normal,1605,0,1782360645.5493689,0.0021173954010009766
167120,normal,863,2,1782360645.5513048,0.0019359588623046875
167121,normal,2446,0,1782360645.5532553,0.0019505023956298828
167122,normal,2991,0,1782360645.5553613,0.0021059513092041016
167123,normal,1931,0,1782360645.557303,0.001941680908203125
167124,normal,2922,0,1782360645.5592527,0.0019497871398925781
167125,normal,993,2,1782360645.5613604,0.0021076202392578125
167126,normal,1513,0,1782360645.5632975,0.0019371509552001953
167127,normal,3257,1,1782360645.5652514,0.0019538402557373047
167128,normal,123,0,1782360645.5673604,0.002109050750732422
167129,normal,1108,0,1782360645.5693178,0.001957416534423828
167130,normal,965,2,1782360645.5712652,0.0019474029541015625
167131,normal,3389,1,1782360645.5733588,0.0020935535430908203
167132,normal,1410,0,1782360645.5753057,0.0019469261169433594
167133,normal,1506,0,1782360645.577222,0.0019164085388183594
167134,normal,206,0,1782360645.579358,0.0021359920501708984
167135,normal,1972,0,1782360645.5813022,0.0019440650939941406
167136,normal,1303,0,1782360645.5832608,0.001958608627319336
167137,normal,2002,0,1782360645.585359,0.0020983219146728516
167138,normal,3133,1,1782360645.5872998,0.0019407272338867188
167139,normal,2252,0,1782360645.589264,0.001964092254638672
167140,normal,3304,1,1782360645.5913668,0.0021028518676757812
167141,normal,3091,1,1782360645.593297,0.00193023681640625
167142,normal,982,2,1782360645.595246,0.0019490718841552734
167143,normal,153,0,1782360645.5973575,0.0021114349365234375
167144,normal,3321,1,1782360645.5992947,0.0019371509552001953
167145,normal,1307,0,1782360645.6012642,0.001969575881958008
167146,normal,3172,1,1782360645.6033585,0.002094268798828125
167147,normal,1612,0,1782360645.6052964,0.0019378662109375
167148,normal,1221,0,1782360645.6072605,0.001964092254638672
167149,normal,1670,0,1782360645.6093569,0.002096414566040039
167150,normal,3319,1,1782360645.6113007,0.001943826675415039
167151,normal,40,0,1782360645.613233,0.001932382583618164
167152,normal,951,2,1782360645.6159675,0.0027344226837158203
167153,normal,2231,0,1782360645.617258,0.0012905597686767578
167154,normal,739,0,1782360645.619407,0.002148866653442383
167155,normal,464,0,1782360645.621457,0.002050161361694336
167156,normal,1686,0,1782360645.6235034,0.002046346664428711
167157,normal,885,2,1782360645.625286,0.0017826557159423828
167158,normal,3667,0,1782360645.6274018,0.0021157264709472656
167159,normal,2727,0,1782360645.6294646,0.0020627975463867188
167160,normal,3062,1,1782360645.6311903,0.0017256736755371094
167161,normal,1406,0,1782360645.6334271,0.0022368431091308594
167162,normal,3647,0,1782360645.6352186,0.0017914772033691406
167163,normal,2837,0,1782360645.6374402,0.0022215843200683594
167164,normal,3191,1,1782360645.6391973,0.0017571449279785156
167165,normal,3048,1,1782360645.641334,0.002136707305908203
167166,normal,2923,0,1782360645.6432576,0.0019235610961914062
167167,normal,2437,0,1782360645.6453707,0.0021131038665771484
167168,normal,3100,1,1782360645.6472023,0.0018315315246582031
167169,normal,840,2,1782360645.6493762,0.002173900604248047
167170,normal,3218,1,1782360645.6512935,0.0019173622131347656
167171,normal,2221,0,1782360645.6533508,0.002057313919067383
167172,normal,1541,0,1782360645.6552536,0.0019028186798095703
167173,normal,1256,0,1782360645.657372,0.002118349075317383
167174,normal,2115,0,1782360645.6592484,0.0018763542175292969
167175,normal,3150,1,1782360645.6613972,0.002148866653442383
167176,normal,3578,0,1782360645.6632483,0.0018510818481445312
167177,normal,1682,0,1782360645.6653469,0.002098560333251953
167178,normal,2016,0,1782360645.667258,0.001911163330078125
167179,normal,229,0,1782360645.6694336,0.002175569534301758
167180,normal,3274,1,1782360645.6712425,0.0018088817596435547
167181,normal,647,0,1782360645.6733575,0.002115011215209961
167182,normal,2544,0,1782360645.6752436,0.001886129379272461
167183,normal,811,2,1782360645.677352,0.002108335494995117
167184,normal,2461,0,1782360645.67925,0.001898050308227539
167185,normal,3037,0,1782360645.681346,0.002095937728881836
167186,normal,232,0,1782360645.683302,0.0019559860229492188
167187,normal,3699,0,1782360645.6853426,0.0020406246185302734
167188,normal,3308,1,1782360645.6872616,0.0019190311431884766
167189,normal,2705,0,1782360645.68927,0.0020084381103515625
167190,normal,2118,0,1782360645.6911905,0.001920461654663086
167191,normal,555,0,1782360645.6931674,0.0019769668579101562
167192,normal,3568,0,1782360645.6952033,0.002035856246948242
167193,normal,1912,0,1782360645.6971946,0.00199127197265625
167194,normal,2151,0,1782360645.6992707,0.0020761489868164062
167195,normal,2029,0,1782360645.7012594,0.001988649368286133
167196,normal,495,0,1782360645.7031772,0.0019178390502929688
167197,normal,3694,0,1782360645.7053668,0.00218963623046875
167198,normal,3533,0,1782360645.7072737,0.0019068717956542969
167199,normal,2799,0,1782360645.709177,0.0019032955169677734
167200,normal,3181,1,1782360645.7113626,0.0021855831146240234
167201,normal,977,2,1782360645.7133095,0.0019469261169433594
167202,normal,906,2,1782360645.715189,0.0018794536590576172
167203,normal,623,0,1782360645.7174122,0.0022232532501220703
167204,normal,2581,0,1782360645.7193406,0.0019283294677734375
167205,normal,3501,0,1782360645.7212605,0.0019199848175048828
167206,normal,16,0,1782360645.723546,0.002285480499267578
167207,normal,747,0,1782360645.725415,0.0018689632415771484
167208,normal,2429,0,1782360645.727418,0.0020029544830322266
167209,normal,793,2,1782360645.7294176,0.0019996166229248047
167210,normal,2918,0,1782360645.7315083,0.0020906925201416016
167211,normal,3351,1,1782360645.73324,0.0017316341400146484
167212,normal,2319,0,1782360645.7355077,0.0022678375244140625
167213,normal,1796,0,1782360645.73741,0.0019023418426513672
167214,normal,2798,0,1782360645.7393718,0.0019617080688476562
167215,normal,2993,0,1782360645.7414212,0.0020494461059570312
167216,normal,2094,0,1782360645.7435093,0.0020880699157714844
167217,normal,3494,0,1782360645.7452755,0.001766204833984375
167218,normal,2361,0,1782360645.7475111,0.0022356510162353516
167219,normal,442,0,1782360645.749404,0.0018928050994873047
167220,normal,3314,1,1782360645.751389,0.0019850730895996094
167221,normal,474,0,1782360645.7534192,0.0020301342010498047
167222,normal,2862,0,1782360645.7555122,0.002093076705932617
167223,normal,3124,1,1782360645.7572787,0.0017664432525634766
167224,normal,1752,0,1782360645.7595627,0.0022840499877929688
167225,normal,1986,0,1782360645.7613997,0.001837015151977539
167226,normal,2496,0,1782360645.7633927,0.001992940902709961
167227,normal,891,2,1782360645.765424,0.0020313262939453125
167228,normal,3505,0,1782360645.767546,0.0021219253540039062
167229,normal,1422,0,1782360645.7692456,0.001699686050415039
167230,normal,733,0,1782360645.7714558,0.0022101402282714844
167231,normal,2912,0,1782360645.7733238,0.0018680095672607422
167232,normal,3652,0,1782360645.7753515,0.002027750015258789
167233,normal,3658,0,1782360645.777332,0.0019805431365966797
167234,normal,3119,1,1782360645.7793274,0.0019953250885009766
167235,normal,1161,0,1782360645.7813544,0.0020270347595214844
167236,normal,2427,0,1782360645.7832801,0.0019257068634033203
167237,normal,3069,1,1782360645.7853515,0.002071380615234375
167238,normal,1181,0,1782360645.7873478,0.001996278762817383
167239,normal,194,0,1782360645.7893586,0.002010822296142578
167240,normal,2149,0,1782360645.7912557,0.0018970966339111328
167241,normal,196,0,1782360645.793358,0.002102375030517578
167242,normal,1313,0,1782360645.7952003,0.0018422603607177734
167243,normal,565,0,1782360645.797365,0.002164602279663086
167244,normal,2681,0,1782360645.799271,0.0019061565399169922
167245,normal,465,0,1782360645.8015943,0.002323150634765625
167246,normal,810,2,1782360645.8034153,0.0018210411071777344
167247,normal,2359,0,1782360645.8054054,0.001990079879760742
167248,normal,1846,0,1782360645.8074152,0.002009868621826172
167249,normal,1754,0,1782360645.8095052,0.002089977264404297
167250,normal,2990,0,1782360645.8112726,0.0017673969268798828
167251,normal,1237,0,1782360645.8135107,0.002238035202026367
167252,normal,3031,0,1782360645.8154106,0.0018999576568603516
167253,normal,2324,0,1782360645.817385,0.001974344253540039
167254,normal,3657,0,1782360645.8194263,0.002041339874267578
167255,normal,1063,0,1782360645.8215055,0.0020792484283447266
167256,normal,184,0,1782360645.8232777,0.001772165298461914
167257,normal,2322,0,1782360645.8255126,0.002234935760498047
167258,normal,2775,0,1782360645.8272827,0.00177001953125
167259,normal,3284,1,1782360645.829383,0.002100229263305664
167260,normal,2415,0,1782360645.8312802,0.0018973350524902344
167261,normal,1939,0,1782360645.8335063,0.002226114273071289
167262,normal,201,0,1782360645.8352392,0.0017328262329101562
167263,normal,3236,1,1782360645.837447,0.0022077560424804688
167264,normal,2550,0,1782360645.8392653,0.0018184185028076172
167265,normal,1176,0,1782360645.8414438,0.0021784305572509766
167266,normal,497,0,1782360645.843273,0.0018291473388671875
167267,normal,1929,0,1782360645.8453631,0.0020902156829833984
167268,normal,2085,0,1782360645.8472285,0.001865386962890625
167269,normal,3358,1,1782360645.8493755,0.0021469593048095703
167270,normal,3521,0,1782360645.8512602,0.0018846988677978516
167271,normal,1076,0,1782360645.8533726,0.0021123886108398438
167272,normal,2188,0,1782360645.8553107,0.0019381046295166016
167273,normal,1680,0,1782360645.857345,0.002034425735473633
167274,normal,1661,0,1782360645.859265,0.0019199848175048828
167275,normal,925,2,1782360645.8614223,0.0021572113037109375
167276,normal,2365,0,1782360645.8632553,0.0018329620361328125
167277,normal,2723,0,1782360645.865376,0.0021207332611083984
167278,normal,666,0,1782360645.8673162,0.0019402503967285156
167279,normal,845,2,1782360645.8693478,0.002031564712524414
167280,normal,2346,0,1782360645.8712661,0.0019183158874511719
167281,normal,2243,0,1782360645.8734245,0.0021584033966064453
167282,normal,1290,0,1782360645.8752542,0.0018296241760253906
167283,normal,1025,2,1782360645.8773856,0.0021314620971679688
167284,normal,3531,0,1782360645.8793223,0.0019366741180419922
167285,normal,285,0,1782360645.8813536,0.0020313262939453125
167286,normal,2720,0,1782360645.8832738,0.0019202232360839844
167287,normal,1169,0,1782360645.8854368,0.002162933349609375
167288,normal,851,2,1782360645.8872533,0.0018165111541748047
167289,normal,1447,0,1782360645.8893778,0.0021245479583740234
167290,normal,2447,0,1782360645.8913295,0.0019516944885253906
167291,normal,337,0,1782360645.8933535,0.002023935317993164
167292,normal,225,0,1782360645.8952663,0.001912832260131836
167293,normal,190,0,1782360645.8974364,0.002170085906982422
167294,normal,356,0,1782360645.8992572,0.0018208026885986328
167295,normal,1578,0,1782360645.9013789,0.0021216869354248047
167296,normal,193,0,1782360645.9033334,0.0019545555114746094
167297,normal,3639,0,1782360645.905353,0.002019643783569336
167298,normal,2733,0,1782360645.907267,0.0019140243530273438
167299,normal,3475,0,1782360645.9094546,0.002187490463256836
167300,normal,3674,0,1782360645.9112508,0.0017962455749511719
167301,normal,1520,0,1782360645.913379,0.002128124237060547
167302,normal,1094,0,1782360645.9153426,0.0019636154174804688
167303,normal,381,0,1782360645.917353,0.002010345458984375
167304,normal,338,0,1782360645.9192638,0.0019109249114990234
167305,normal,776,2,1782360645.921449,0.0021851062774658203
167306,normal,2285,0,1782360645.923227,0.0017781257629394531
167307,normal,1632,0,1782360645.9251487,0.0019216537475585938
167308,normal,807,2,1782360645.9271636,0.0020148754119873047
167309,normal,3497,0,1782360645.9291494,0.001985788345336914
167310,normal,525,0,1782360645.9311647,0.002015352249145508
167311,normal,3406,0,1782360645.9331627,0.0019979476928710938
167312,normal,2639,0,1782360645.9351535,0.001990795135498047
167313,normal,2195,0,1782360645.9371693,0.002015829086303711
167314,normal,1996,0,1782360645.9391553,0.0019860267639160156
167315,normal,1053,0,1782360645.9411514,0.0019960403442382812
167316,normal,1342,1,1782360645.943166,0.002014636993408203
167317,normal,1254,0,1782360645.945166,0.002000093460083008
167318,normal,1534,0,1782360645.947151,0.001984834671020508
167319,normal,2080,0,1782360645.9491646,0.002013683319091797
167320,normal,3593,0,1782360645.95116,0.0019953250885009766
167321,normal,3392,1,1782360645.953147,0.001986980438232422
167322,normal,367,0,1782360645.9551682,0.002021312713623047
167323,normal,2019,0,1782360645.9571645,0.001996278762817383
167324,normal,2951,0,1782360645.9591508,0.001986265182495117
167325,normal,2968,0,1782360645.9611855,0.0020346641540527344
167326,normal,3467,0,1782360645.9631555,0.001970052719116211
167327,normal,1454,0,1782360645.9651449,0.0019893646240234375
167328,normal,3419,0,1782360645.9671679,0.002022981643676758
167329,normal,3206,1,1782360645.9691658,0.0019979476928710938
167330,normal,559,0,1782360645.9711523,0.0019865036010742188
167331,normal,3139,1,1782360645.9731712,0.0020189285278320312
167332,normal,1482,0,1782360645.9751468,0.001975536346435547
167333,normal,3020,0,1782360645.977152,0.002005338668823242
167334,normal,3315,1,1782360645.9791324,0.001980304718017578
167335,normal,1452,0,1782360645.9811714,0.0020389556884765625
167336,normal,287,0,1782360645.9831424,0.001971006393432617
167337,normal,852,2,1782360645.9851696,0.002027273178100586
167338,normal,991,2,1782360645.987171,0.0020012855529785156
167339,normal,93,0,1782360645.9891438,0.0019729137420654297
167340,normal,2355,0,1782360645.9911747,0.0020308494567871094
167341,normal,482,0,1782360645.9931805,0.0020058155059814453
167342,normal,1812,0,1782360645.9951453,0.0019648075103759766
167343,normal,1538,0,1782360645.9971697,0.002024412155151367
167344,normal,3096,1,1782360645.9991772,0.0020074844360351562
167345,normal,1807,0,1782360646.0011525,0.0019752979278564453
167346,normal,1836,0,1782360646.0031695,0.0020170211791992188
167347,normal,2719,0,1782360646.0051692,0.0019996166229248047
167348,normal,2309,0,1782360646.0071456,0.001976490020751953
167349,normal,3698,0,1782360646.0091665,0.0020208358764648438
167350,normal,1540,0,1782360646.011175,0.0020084381103515625
167351,normal,2026,0,1782360646.013143,0.0019681453704833984
167352,normal,1060,0,1782360646.0151703,0.002027273178100586
167353,normal,1745,0,1782360646.0171735,0.002003192901611328
167354,normal,1423,0,1782360646.0191445,0.001971006393432617
167355,normal,2462,0,1782360646.0211828,0.002038240432739258
167356,normal,2827,0,1782360646.0231752,0.001992464065551758
167357,normal,1483,0,1782360646.025155,0.001979827880859375
167358,normal,2608,0,1782360646.0271704,0.002015352249145508
167359,normal,2924,0,1782360646.0291858,0.002015352249145508
167360,normal,657,0,1782360646.0311306,0.0019447803497314453
167361,normal,2559,0,1782360646.0331855,0.002054929733276367
167362,normal,1650,0,1782360646.0351713,0.001985788345336914
167363,normal,1963,0,1782360646.0371556,0.0019843578338623047
167364,normal,1590,0,1782360646.0391765,0.0020208358764648438
167365,normal,3626,0,1782360646.0411742,0.001997709274291992
167366,normal,1366,1,1782360646.0431545,0.001980304718017578
167367,normal,3060,1,1782360646.0451834,0.002028942108154297
167368,normal,1548,0,1782360646.0472019,0.002018451690673828
167369,normal,1529,0,1782360646.0491643,0.001962423324584961
167370,normal,2299,0,1782360646.05119,0.002025604248046875
167371,normal,2372,0,1782360646.0532076,0.0020177364349365234
167372,normal,2056,0,1782360646.0551486,0.0019409656524658203
167373,normal,603,0,1782360646.0571692,0.002020597457885742
167374,normal,1363,1,1782360646.0591679,0.0019986629486083984
167375,normal,217,0,1782360646.0611444,0.001976490020751953
167376,normal,1340,1,1782360646.0631676,0.0020232200622558594
167377,normal,53,0,1782360646.0651746,0.002007007598876953
167378,normal,1748,0,1782360646.067147,0.0019724369049072266
167379,normal,875,2,1782360646.0691707,0.0020236968994140625
167380,normal,1345,1,1782360646.0711699,0.0019991397857666016
167381,normal,641,0,1782360646.073146,0.0019762516021728516
167382,normal,404,0,1782360646.0751698,0.0020236968994140625
167383,normal,2401,0,1782360646.0771728,0.0020029544830322266
167384,normal,1372,1,1782360646.0791504,0.001977682113647461
167385,normal,3422,0,1782360646.081169,0.002018451690673828
167386,normal,1961,0,1782360646.083172,0.002003192901611328
167387,normal,1887,0,1782360646.0851486,0.001976490020751953
167388,normal,1409,0,1782360646.0871687,0.002020120620727539
167389,normal,799,2,1782360646.089172,0.002003192901611328
167390,normal,1516,0,1782360646.0911434,0.0019714832305908203
167391,normal,3168,1,1782360646.0931687,0.0020253658294677734
167392,normal,1379,1,1782360646.0951757,0.002007007598876953
167393,normal,3585,0,1782360646.097145,0.0019693374633789062
167394,normal,64,0,1782360646.099169,0.002023935317993164
167395,normal,3413,0,1782360646.1011717,0.002002716064453125
167396,normal,2908,0,1782360646.1031528,0.001981019973754883
167397,normal,973,2,1782360646.1051679,0.0020151138305664062
167398,normal,2745,0,1782360646.1071687,0.0020008087158203125
167399,normal,2076,0,1782360646.1091433,0.0019745826721191406
167400,normal,200,0,1782360646.1111689,0.002025604248046875
167401,normal,2406,0,1782360646.1131666,0.001997709274291992
167402,normal,3056,1,1782360646.1151476,0.001981019973754883
167403,normal,2636,0,1782360646.1171768,0.0020291805267333984
167404,normal,198,0,1782360646.1191764,0.0019996166229248047
167405,normal,1809,0,1782360646.1211429,0.0019664764404296875
167406,normal,2500,0,1782360646.1231704,0.0020275115966796875
167407,normal,571,0,1782360646.125168,0.001997709274291992
167408,normal,2302,0,1782360646.127147,0.0019788742065429688
167409,normal,937,2,1782360646.1291668,0.0020198822021484375
167410,normal,1136,0,1782360646.1311667,0.0019998550415039062
167411,normal,1147,0,1782360646.133144,0.001977205276489258
167412,normal,606,0,1782360646.1351678,0.002023935317993164
167413,normal,3564,0,1782360646.1371677,0.0019998550415039062
167414,normal,725,0,1782360646.1391413,0.0019736289978027344
167415,normal,2066,0,1782360646.141168,0.002026796340942383
167416,normal,2187,0,1782360646.1431744,0.0020062923431396484
167417,normal,1202,0,1782360646.1451418,0.0019674301147460938
167418,normal,2604,0,1782360646.1471677,0.0020258426666259766
167419,normal,372,0,1782360646.1491754,0.002007722854614258
167420,normal,958,2,1782360646.1511402,0.0019648075103759766
167421,normal,2809,0,1782360646.1532037,0.0020635128021240234
167422,normal,961,2,1782360646.1551769,0.0019731521606445312
167423,normal,3437,0,1782360646.1571581,0.0019812583923339844
167424,normal,2925,0,1782360646.1591706,0.002012491226196289
167425,normal,2999,0,1782360646.161173,0.0020024776458740234
167426,normal,427,0,1782360646.16315,0.0019769668579101562
167427,normal,2872,0,1782360646.1651704,0.0020203590393066406
167428,normal,3638,0,1782360646.1671731,0.002002716064453125
167429,normal,462,0,1782360646.1691408,0.0019676685333251953
167430,normal,395,0,1782360646.1711848,0.0020439624786376953
167431,normal,1296,0,1782360646.1732233,0.0020384788513183594
167432,normal,2521,0,1782360646.1751413,0.0019180774688720703
167433,normal,471,0,1782360646.1771696,0.002028226852416992
167434,normal,3596,0,1782360646.179176,0.00200653076171875
167435,normal,127,0,1782360646.1811404,0.0019643306732177734
167436,normal,1568,0,1782360646.1831684,0.0020279884338378906
167437,normal,2247,0,1782360646.1851816,0.0020132064819335938
167438,normal,2851,0,1782360646.18714,0.0019583702087402344
167439,normal,2543,0,1782360646.189166,0.002026081085205078
167440,normal,1397,0,1782360646.1911685,0.0020024776458740234
167441,normal,1322,1,1782360646.1931403,0.001971721649169922
167442,normal,2006,0,1782360646.1951745,0.0020341873168945312
167443,normal,1139,0,1782360646.1971672,0.0019927024841308594
167444,normal,3496,0,1782360646.1991403,0.0019731521606445312
167445,normal,2599,0,1782360646.2011747,0.002034425735473633
167446,normal,2800,0,1782360646.2032049,0.0020301342010498047
167447,normal,212,0,1782360646.205125,0.0019202232360839844
167448,normal,2469,0,1782360646.207184,0.0020589828491210938
167449,normal,171,0,1782360646.2091713,0.0019872188568115234
167450,normal,3589,0,1782360646.2111425,0.0019712448120117188
167451,normal,2463,0,1782360646.2131655,0.002022981643676758
167452,normal,1022,2,1782360646.2151806,0.0020151138305664062
167453,normal,3438,0,1782360646.2174985,0.0023179054260253906
167454,normal,3269,1,1782360646.2193332,0.0018346309661865234
167455,normal,1074,0,1782360646.22136,0.002026796340942383
167456,normal,2952,0,1782360646.2232087,0.0018486976623535156
167457,normal,2972,0,1782360646.2253258,0.002117156982421875
167458,normal,2472,0,1782360646.2274778,0.002151966094970703
167459,normal,1979,0,1782360646.2292113,0.001733541488647461
167460,normal,1542,0,1782360646.2312024,0.0019910335540771484
167461,normal,3476,0,1782360646.2333524,0.0021500587463378906
167462,normal,2443,0,1782360646.235216,0.0018634796142578125
167463,normal,1554,0,1782360646.2373204,0.002104520797729492
167464,normal,2621,0,1782360646.2393558,0.002035379409790039
167465,normal,3411,0,1782360646.2412035,0.0018477439880371094
167466,normal,1648,0,1782360646.2433228,0.002119302749633789
167467,normal,2328,0,1782360646.2454019,0.002079010009765625
167468,normal,1061,0,1782360646.2472036,0.0018017292022705078
167469,normal,1980,0,1782360646.2493212,0.002117633819580078
167470,normal,2206,0,1782360646.2513545,0.002033233642578125
167471,normal,3463,0,1782360646.2532046,0.001850128173828125
167472,normal,1448,0,1782360646.2553196,0.002115011215209961
167473,normal,2803,0,1782360646.257354,0.002034425735473633
167474,normal,3522,0,1782360646.259219,0.0018649101257324219
167475,normal,104,0,1782360646.2613204,0.002101421356201172
167476,normal,2044,0,1782360646.2633739,0.002053499221801758
167477,normal,3179,1,1782360646.265224,0.001850128173828125
167478,normal,1302,0,1782360646.2673218,0.0020978450775146484
167479,normal,2314,0,1782360646.2693775,0.002055644989013672
167480,normal,2760,0,1782360646.271222,0.001844644546508789
167481,normal,632,0,1782360646.2733386,0.0021164417266845703
167482,normal,2653,0,1782360646.2752645,0.0019259452819824219
167483,normal,946,2,1782360646.2773592,0.002094745635986328
167484,normal,2551,0,1782360646.279209,0.0018496513366699219
167485,normal,378,0,1782360646.2813852,0.0021762847900390625
167486,normal,1289,0,1782360646.2832243,0.0018391609191894531
167487,normal,115,0,1782360646.2853215,0.0020971298217773438
167488,normal,2420,0,1782360646.2873874,0.002065896987915039
167489,normal,3383,1,1782360646.2892244,0.001837015151977539
167490,normal,3620,0,1782360646.29133,0.002105712890625
167491,normal,1546,0,1782360646.2933545,0.002024412155151367
167492,normal,3601,0,1782360646.2952228,0.0018682479858398438
167493,normal,2477,0,1782360646.2973318,0.002109050750732422
167494,normal,1149,0,1782360646.299391,0.0020592212677001953
167495,normal,2568,0,1782360646.3012753,0.0018842220306396484
167496,normal,3686,0,1782360646.303324,0.0020487308502197266
167497,normal,3445,0,1782360646.3053615,0.002037525177001953
167498,normal,1212,0,1782360646.3072305,0.0018689632415771484
167499,normal,1779,0,1782360646.3093212,0.0020906925201416016
167500,normal,2412,0,1782360646.311542,0.0022208690643310547
167501,normal,858,2,1782360646.3133872,0.0018451213836669922
167502,normal,84,0,1782360646.315212,0.0018248558044433594
167503,normal,1734,0,1782360646.3173537,0.002141714096069336
167504,normal,2513,0,1782360646.3192813,0.0019276142120361328
167505,normal,2710,0,1782360646.3212883,0.002007007598876953
167506,normal,2438,0,1782360646.3236084,0.0023200511932373047
167507,normal,3664,0,1782360646.325384,0.001775503158569336
167508,normal,2293,0,1782360646.327338,0.0019540786743164062
167509,normal,2623,0,1782360646.3295481,0.0022101402282714844
167510,normal,1725,0,1782360646.331282,0.0017337799072265625
167511,normal,50,0,1782360646.3333936,0.002111673355102539
167512,normal,860,2,1782360646.3356035,0.002209901809692383
167513,normal,75,0,1782360646.3374104,0.0018069744110107422
167514,normal,1465,0,1782360646.3393853,0.001974821090698242
167515,normal,2114,0,1782360646.341608,0.002222776412963867
167516,normal,2227,0,1782360646.343277,0.0016689300537109375
167517,normal,749,0,1782360646.3455403,0.002263307571411133
167518,normal,856,2,1782360646.34745,0.0019097328186035156
167519,normal,2059,0,1782360646.3492777,0.0018277168273925781
167520,normal,3163,1,1782360646.3512673,0.001989603042602539
167521,normal,2579,0,1782360646.3535488,0.0022814273834228516
167522,normal,87,0,1782360646.3553925,0.0018436908721923828
167523,normal,3540,0,1782360646.3573616,0.0019690990447998047
167524,normal,2721,0,1782360646.359541,0.002179384231567383
167525,normal,3045,1,1782360646.3613806,0.0018396377563476562
167526,normal,38,0,1782360646.3633742,0.0019936561584472656
167527,normal,2517,0,1782360646.3655632,0.0021889209747314453
167528,normal,1115,0,1782360646.3673863,0.0018231868743896484
167529,normal,1672,0,1782360646.369374,0.0019876956939697266
167530,normal,1178,0,1782360646.3713758,0.0020017623901367188
167531,normal,2197,0,1782360646.3734307,0.002054929733276367
167532,normal,3606,0,1782360646.3754191,0.0019884109497070312
167533,normal,1023,2,1782360646.3772404,0.001821279525756836
167534,normal,2138,0,1782360646.37956,0.0023195743560791016
167535,normal,475,0,1782360646.381249,0.0016889572143554688
167536,normal,2740,0,1782360646.383541,0.002292156219482422
167537,normal,1630,0,1782360646.385373,0.0018320083618164062
167538,normal,2992,0,1782360646.3873684,0.0019953250885009766
167539,normal,3042,0,1782360646.3895912,0.002222776412963867
167540,normal,3655,0,1782360646.391406,0.0018148422241210938
167541,normal,2573,0,1782360646.3933856,0.0019795894622802734
167542,normal,3184,1,1782360646.3953738,0.0019881725311279297
167543,normal,2949,0,1782360646.3974257,0.002051830291748047
167544,normal,3471,0,1782360646.3993864,0.00196075439453125
167545,normal,2050,0,1782360646.4016175,0.002231121063232422
167546,normal,3457,0,1782360646.4034083,0.001790761947631836
167547,normal,2689,0,1782360646.405421,0.0020127296447753906
167548,normal,11,0,1782360646.4073763,0.001955270767211914
167549,normal,1824,0,1782360646.4094253,0.002048969268798828
167550,normal,2867,0,1782360646.4113736,0.0019483566284179688
167551,normal,2337,0,1782360646.4136195,0.0022459030151367188
167552,normal,1928,0,1782360646.4154003,0.0017807483673095703
167553,normal,1333,1,1782360646.4173849,0.0019845962524414062
167554,normal,1424,0,1782360646.4193845,0.0019996166229248047
167555,normal,2157,0,1782360646.4214115,0.0020270347595214844
167556,normal,2246,0,1782360646.4233706,0.001959085464477539
167557,normal,764,0,1782360646.4255698,0.0021991729736328125
167558,normal,2300,0,1782360646.4273505,0.0017807483673095703
167559,normal,3272,1,1782360646.4293766,0.002026081085205078
167560,normal,1173,0,1782360646.4312534,0.0018768310546875
167561,normal,3028,0,1782360646.4335642,0.0023107528686523438
167562,normal,2377,0,1782360646.4352536,0.0016894340515136719
167563,normal,3164,1,1782360646.437567,0.002313375473022461
167564,normal,3005,0,1782360646.4392607,0.0016937255859375
167565,normal,3230,1,1782360646.4413674,0.0021066665649414062
167566,normal,1971,0,1782360646.443565,0.0021975040435791016
167567,normal,1659,0,1782360646.4453714,0.001806497573852539
167568,normal,2577,0,1782360646.447374,0.002002716064453125
167569,normal,241,0,1782360646.4495673,0.0021932125091552734
167570,normal,463,0,1782360646.4513462,0.0017788410186767578
167571,normal,2442,0,1782360646.453365,0.0020189285278320312
167572,normal,379,0,1782360646.4554555,0.0020904541015625
167573,normal,2796,0,1782360646.4573457,0.0018901824951171875
167574,normal,2504,0,1782360646.4593728,0.0020270347595214844
167575,normal,3659,0,1782360646.461569,0.0021963119506835938
167576,normal,501,0,1782360646.4633477,0.0017786026000976562
167577,normal,2954,0,1782360646.4653645,0.002016782760620117
167578,normal,1886,0,1782360646.4673753,0.002010822296142578
167579,normal,2888,0,1782360646.4693522,0.0019769668579101562
167580,normal,3127,1,1782360646.471372,0.002019643783569336
167581,normal,1830,0,1782360646.4735823,0.002210378646850586
167582,normal,2034,0,1782360646.4753687,0.0017864704132080078
167583,normal,1772,0,1782360646.477364,0.0019953250885009766
167584,normal,805,2,1782360646.479369,0.002004861831665039
167585,normal,3592,0,1782360646.4813502,0.0019812583923339844
167586,normal,1478,0,1782360646.483372,0.00202178955078125
167587,normal,1865,0,1782360646.4855793,0.0022072792053222656
167588,normal,1133,0,1782360646.4873428,0.0017635822296142578
167589,normal,446,0,1782360646.4893656,0.0020227432250976562
167590,normal,134,0,1782360646.491395,0.0020294189453125
167591,normal,3015,0,1782360646.4933448,0.0019497871398925781
167592,normal,2945,0,1782360646.4953685,0.0020236968994140625
167593,normal,3112,1,1782360646.4975822,0.002213716506958008
167594,normal,3360,1,1782360646.4993446,0.00176239013671875
167595,normal,1567,0,1782360646.5013652,0.002020597457885742
167596,normal,2374,0,1782360646.5033758,0.0020105838775634766
167597,normal,488,0,1782360646.5053399,0.001964092254638672
167598,normal,1230,0,1782360646.5072525,0.0019125938415527344
167599,normal,3281,1,1782360646.5095613,0.0023088455200195312
167600,normal,2948,0,1782360646.5113752,0.0018138885498046875
167601,normal,765,0,1782360646.5133646,0.0019893646240234375
167602,normal,2113,0,1782360646.5153725,0.0020079612731933594
167603,normal,1660,0,1782360646.5173469,0.001974344253540039
167604,normal,2911,0,1782360646.519369,0.0020220279693603516
167605,normal,2892,0,1782360646.5215664,0.0021975040435791016
167606,normal,1456,0,1782360646.5233693,0.0018029212951660156
167607,normal,1613,0,1782360646.525367,0.001997709274291992
167608,normal,2782,0,1782360646.5273762,0.002009153366088867
167609,normal,249,0,1782360646.5293386,0.001962423324584961
167610,normal,3444,0,1782360646.531369,0.0020303726196289062
167611,normal,3265,1,1782360646.533586,0.0022170543670654297
167612,normal,594,0,1782360646.5353467,0.001760721206665039
167613,normal,3440,0,1782360646.5373657,0.0020189285278320312
167614,normal,3580,0,1782360646.539415,0.0020492076873779297
167615,normal,1911,0,1782360646.5413418,0.0019268989562988281
167616,normal,1515,0,1782360646.5433497,0.0020079612731933594
167617,normal,1442,0,1782360646.545502,0.0021522045135498047
167618,normal,2921,0,1782360646.54731,0.00180816650390625
167619,normal,2169,0,1782360646.549332,0.00202178955078125
167620,normal,3349,1,1782360646.5514703,0.002138376235961914
167621,normal,2100,0,1782360646.5532422,0.0017719268798828125
167622,normal,1459,0,1782360646.5553343,0.002092123031616211
167623,normal,879,2,1782360646.5573354,0.002001047134399414
167624,normal,2792,0,1782360646.5594707,0.0021352767944335938
167625,normal,2931,0,1782360646.5612102,0.001739501953125
167626,normal,409,0,1782360646.5634649,0.0022547245025634766
167627,normal,2383,0,1782360646.5652413,0.0017764568328857422
167628,normal,407,0,1782360646.5673404,0.0020990371704101562
167629,normal,722,0,1782360646.5693762,0.002035856246948242
167630,normal,955,2,1782360646.571264,0.0018877983093261719
167631,normal,2729,0,1782360646.5733297,0.0020656585693359375
167632,normal,2298,0,1782360646.575456,0.0021262168884277344
167633,normal,1148,0,1782360646.577249,0.0017931461334228516
167634,normal,2712,0,1782360646.5793777,0.00212860107421875
167635,normal,2130,0,1782360646.5814216,0.0020439624786376953
167636,normal,2335,0,1782360646.5832481,0.0018265247344970703
167637,normal,42,0,1782360646.585373,0.002124786376953125
167638,normal,2529,0,1782360646.5874546,0.002081632614135742
167639,normal,2957,0,1782360646.5892491,0.001794576644897461
167640,normal,1008,2,1782360646.591368,0.002118825912475586
167641,normal,2022,0,1782360646.5934207,0.002052783966064453
167642,normal,2986,0,1782360646.595247,0.0018262863159179688
167643,normal,1046,0,1782360646.5973814,0.0021343231201171875
167644,normal,3409,0,1782360646.599422,0.0020406246185302734
167645,normal,3121,1,1782360646.6012485,0.0018265247344970703
167646,normal,600,0,1782360646.6033776,0.002129077911376953
167647,normal,146,0,1782360646.6053846,0.002007007598876953
167648,normal,2511,0,1782360646.6072474,0.0018627643585205078
167649,normal,823,2,1782360646.6093776,0.002130270004272461
167650,normal,2150,0,1782360646.6114223,0.002044677734375
167651,normal,1081,0,1782360646.6132464,0.0018241405487060547
167652,normal,562,0,1782360646.6153421,0.0020956993103027344
167653,normal,1007,2,1782360646.617462,0.002119779586791992
167654,normal,2736,0,1782360646.619244,0.0017821788787841797
167655,normal,2255,0,1782360646.6213665,0.0021224021911621094
167656,normal,953,2,1782360646.6233826,0.0020160675048828125
167657,normal,3087,1,1782360646.625304,0.0019214153289794922
167658,normal,537,0,1782360646.6273448,0.002040863037109375
167659,normal,558,0,1782360646.6293974,0.0020525455474853516
167660,normal,2484,0,1782360646.631391,0.0019936561584472656
167661,normal,1570,0,1782360646.6332455,0.0018544197082519531
167662,normal,2938,0,1782360646.63539,0.0021445751190185547
167663,normal,893,2,1782360646.6372476,0.0018575191497802734
167664,normal,3631,0,1782360646.6393604,0.002112865447998047
167665,normal,3458,0,1782360646.641292,0.0019316673278808594
167666,normal,396,0,1782360646.6433713,0.0020792484283447266
167667,normal,844,2,1782360646.6452339,0.0018625259399414062
167668,normal,3481,0,1782360646.647292,0.0020580291748046875
167669,normal,1602,0,1782360646.6492286,0.0019366741180419922
167670,normal,928,2,1782360646.6513352,0.0021066665649414062
167671,normal,2482,0,1782360646.6532393,0.0019040107727050781
167672,normal,2426,0,1782360646.6552215,0.0019822120666503906
167673,normal,3370,1,1782360646.6571968,0.0019752979278564453
167674,normal,13,0,1782360646.65923,0.002033233642578125
167675,normal,2200,0,1782360646.6611552,0.0019252300262451172
167676,normal,1721,0,1782360646.6632757,0.002120494842529297
167677,normal,3277,1,1782360646.665184,0.0019083023071289062
167678,normal,1634,0,1782360646.6671743,0.0019903182983398438
167679,normal,2669,0,1782360646.669205,0.002030611038208008
167680,normal,848,2,1782360646.671234,0.002028942108154297
167681,normal,2754,0,1782360646.6731806,0.0019466876983642578
167682,normal,1560,0,1782360646.6752343,0.0020537376403808594
167683,normal,2405,0,1782360646.6771889,0.0019545555114746094
167684,normal,2145,0,1782360646.6791549,0.0019659996032714844
167685,normal,963,2,1782360646.6812134,0.0020585060119628906
167686,normal,3312,1,1782360646.683201,0.0019876956939697266
167687,normal,513,0,1782360646.6851737,0.001972675323486328
167688,normal,2748,0,1782360646.6872363,0.002062559127807617
167689,normal,2929,0,1782360646.6891906,0.001954317092895508
167690,normal,971,2,1782360646.6911786,0.001987934112548828
167691,normal,2037,0,1782360646.693157,0.0019783973693847656
167692,normal,2940,0,1782360646.6951578,0.0020008087158203125
167693,normal,3065,1,1782360646.697171,0.0020132064819335938
167694,normal,2603,0,1782360646.6991875,0.0020165443420410156
167695,normal,3234,1,1782360646.7012012,0.002013683319091797
167696,normal,179,0,1782360646.7031844,0.001983165740966797
167697,normal,780,2,1782360646.7052336,0.0020492076873779297
167698,normal,1247,0,1782360646.7071853,0.0019516944885253906
167699,normal,1278,0,1782360646.7091677,0.001982450485229492
167700,normal,650,0,1782360646.7111864,0.0020186901092529297
167701,normal,614,0,1782360646.7131991,0.0020127296447753906
167702,normal,302,0,1782360646.7151709,0.001971721649169922
167703,normal,3126,1,1782360646.7172337,0.0020627975463867188
167704,normal,3682,0,1782360646.7191875,0.0019538402557373047
167705,normal,65,0,1782360646.721193,0.0020055770874023438
167706,normal,3070,1,1782360646.723235,0.0020418167114257812
167707,normal,2690,0,1782360646.7251878,0.0019528865814208984
167708,normal,2598,0,1782360646.7271757,0.001987934112548828
167709,normal,467,0,1782360646.729187,0.0020112991333007812
167710,normal,3466,0,1782360646.7311995,0.002012491226196289
167711,normal,1098,0,1782360646.7331746,0.0019750595092773438
167712,normal,976,2,1782360646.7352347,0.0020601749420166016
167713,normal,2592,0,1782360646.7371883,0.001953601837158203
167714,normal,2967,0,1782360646.7391706,0.0019822120666503906
167715,normal,1916,0,1782360646.7412379,0.0020673274993896484
167716,normal,2390,0,1782360646.7431874,0.0019495487213134766
167717,normal,1646,0,1782360646.745169,0.001981496810913086
167718,normal,1404,0,1782360646.7471883,0.0020194053649902344
167719,normal,1259,0,1782360646.7492075,0.002019166946411133
167720,normal,3423,0,1782360646.7511704,0.001962900161743164
167721,normal,3704,0,1782360646.7532334,0.0020630359649658203
167722,normal,2654,0,1782360646.755187,0.001953601837158203
167723,normal,1184,0,1782360646.7571719,0.001984834671020508
167724,normal,3545,0,1782360646.7591915,0.002019643783569336
167725,normal,222,0,1782360646.7611983,0.0020067691802978516
167726,normal,1180,0,1782360646.7631717,0.001973390579223633
167727,normal,1596,0,1782360646.7652338,0.002062082290649414
167728,normal,3436,0,1782360646.767186,0.0019521713256835938
167729,normal,143,0,1782360646.7691693,0.0019834041595458984
167730,normal,628,0,1782360646.7711918,0.0020225048065185547
167731,normal,1425,0,1782360646.7731977,0.0020058155059814453
167732,normal,2363,0,1782360646.7751713,0.0019736289978027344
167733,normal,376,0,1782360646.777234,0.0020627975463867188
167734,normal,1134,0,1782360646.7791865,0.0019524097442626953
167735,normal,983,2,1782360646.7811773,0.001990795135498047
167736,normal,1716,0,1782360646.7832205,0.0020432472229003906
167737,normal,554,0,1782360646.7851985,0.0019779205322265625
167738,normal,1418,0,1782360646.7871685,0.001970052719116211
167739,normal,1358,1,1782360646.789228,0.002059459686279297
167740,normal,633,0,1782360646.7911844,0.001956462860107422
167741,normal,119,0,1782360646.7931685,0.001984119415283203
167742,normal,676,0,1782360646.7952285,0.0020599365234375
167743,normal,59,0,1782360646.7971866,0.001958131790161133
167744,normal,2545,0,1782360646.7991686,0.001981973648071289
167745,normal,3248,1,1782360646.8012147,0.0020461082458496094
167746,normal,931,2,1782360646.8032,0.001985311508178711
167747,normal,1730,0,1782360646.8051715,0.0019714832305908203
167748,normal,145,0,1782360646.8073492,0.002177715301513672
167749,normal,2096,0,1782360646.8091552,0.001806020736694336
167750,normal,188,0,1782360646.8111727,0.002017498016357422
167751,normal,2575,0,1782360646.8131917,0.0020189285278320312
167752,normal,220,0,1782360646.8152013,0.0020096302032470703
167753,normal,2726,0,1782360646.8172417,0.002040386199951172
167754,normal,1039,0,1782360646.8193822,0.002140522003173828
167755,normal,3353,1,1782360646.8213656,0.0019834041595458984
167756,normal,282,0,1782360646.8231993,0.0018336772918701172
167757,normal,1851,0,1782360646.8253682,0.002168893814086914
167758,normal,1095,0,1782360646.8272157,0.0018475055694580078
167759,normal,3609,0,1782360646.8291752,0.001959562301635742
167760,normal,1360,1,1782360646.83134,0.0021648406982421875
167761,normal,859,2,1782360646.8332033,0.001863241195678711
167762,normal,3509,0,1782360646.8353443,0.0021409988403320312
167763,normal,2994,0,1782360646.8371878,0.0018434524536132812
167764,normal,712,0,1782360646.8393342,0.002146482467651367
167765,normal,470,0,1782360646.8411975,0.001863241195678711
167766,normal,1300,0,1782360646.8433335,0.0021359920501708984
167767,normal,2385,0,1782360646.8452075,0.0018739700317382812
167768,normal,202,0,1782360646.8473735,0.0021660327911376953
167769,normal,915,2,1782360646.8491874,0.0018138885498046875
167770,normal,1861,0,1782360646.8513355,0.002148151397705078
167771,normal,1058,0,1782360646.853211,0.0018754005432128906
167772,normal,550,0,1782360646.8551896,0.001978635787963867
167773,normal,1217,0,1782360646.8573484,0.0021588802337646484
167774,normal,2163,0,1782360646.8591957,0.0018472671508789062
167775,normal,2332,0,1782360646.861356,0.002160310745239258
167776,normal,2884,0,1782360646.8631759,0.0018198490142822266
167777,normal,432,0,1782360646.865187,0.0020110607147216797
167778,normal,3331,1,1782360646.867167,0.0019800662994384766
167779,normal,34,0,1782360646.86932,0.0021529197692871094
167780,normal,2801,0,1782360646.8711658,0.0018458366394042969
167781,normal,335,0,1782360646.8733,0.0021343231201171875
167782,normal,2853,0,1782360646.8751564,0.0018563270568847656
167783,normal,2031,0,1782360646.8771753,0.0020189285278320312
167784,normal,2894,0,1782360646.8792796,0.0021042823791503906
167785,normal,1858,0,1782360646.8811545,0.0018749237060546875
167786,normal,2978,0,1782360646.883163,0.0020084381103515625
167787,normal,3009,0,1782360646.885211,0.002048015594482422
167788,normal,670,0,1782360646.8871875,0.001976490020751953
167789,normal,2855,0,1782360646.8891654,0.0019779205322265625
167790,normal,677,0,1782360646.8911884,0.002022981643676758
167791,normal,2632,0,1782360646.8932009,0.002012491226196289
167792,normal,1873,0,1782360646.8951733,0.0019724369049072266
167793,normal,842,2,1782360646.897245,0.0020716190338134766
167794,normal,254,0,1782360646.8992124,0.0019674301147460938
167795,normal,2167,0,1782360646.9011595,0.001947164535522461
167796,normal,1785,0,1782360646.9032187,0.0020592212677001953
167797,normal,1344,1,1782360646.9051867,0.001967906951904297
167798,normal,2914,0,1782360646.9071736,0.001986980438232422
167799,normal,2304,0,1782360646.9092274,0.0020537376403808594
167800,normal,1985,0,1782360646.9111893,0.001961946487426758
167801,normal,2706,0,1782360646.913173,0.001983642578125
167802,normal,2409,0,1782360646.915221,0.002048015594482422
167803,normal,605,0,1782360646.9171982,0.001977205276489258
167804,normal,2073,0,1782360646.9191768,0.001978635787963867
167805,normal,389,0,1782360646.9213212,0.002144336700439453
167806,normal,2606,0,1782360646.9231553,0.0018341541290283203
167807,normal,3535,0,1782360646.925183,0.002027750015258789
167808,normal,3675,0,1782360646.9273503,0.002167224884033203
167809,normal,1704,0,1782360646.9291697,0.0018193721771240234
167810,normal,3484,0,1782360646.9311745,0.002004861831665039
167811,normal,459,0,1782360646.933251,0.002076387405395508
167812,normal,2140,0,1782360646.9351957,0.0019447803497314453
167813,normal,1414,0,1782360646.937184,0.0019884109497070312
167814,normal,1695,0,1782360646.9391856,0.002001523971557617
167815,normal,3294,1,1782360646.941228,0.0020422935485839844
167816,normal,2391,0,1782360646.9431732,0.0019452571868896484
167817,normal,1203,0,1782360646.9452195,0.002046346664428711
167818,normal,3000,0,1782360646.9471881,0.0019686222076416016
167819,normal,410,0,1782360646.9491715,0.0019834041595458984
167820,normal,3187,1,1782360646.9511993,0.002027750015258789
167821,normal,3599,0,1782360646.953189,0.001989603042602539
167822,normal,215,0,1782360646.9551716,0.0019826889038085938
167823,normal,483,0,1782360646.9572332,0.002061605453491211
167824,normal,1530,0,1782360646.9592,0.001966714859008789
167825,normal,2189,0,1782360646.9611695,0.001969575881958008
167826,normal,1735,0,1782360646.9633274,0.002157926559448242
167827,normal,2698,0,1782360646.965157,0.0018296241760253906
167828,normal,2602,0,1782360646.9671886,0.002031564712524414
167829,normal,648,0,1782360646.9693167,0.002128124237060547
167830,normal,1351,1,1782360646.9711578,0.0018410682678222656
167831,normal,2491,0,1782360646.973171,0.0020132064819335938
167832,normal,1084,0,1782360646.97524,0.0020689964294433594
167833,normal,1671,0,1782360646.977188,0.0019481182098388672
167834,normal,268,0,1782360646.9791665,0.0019783973693847656
167835,normal,96,0,1782360646.9813182,0.0021517276763916016
167836,normal,3204,1,1782360646.9831545,0.0018362998962402344
167837,normal,978,2,1782360646.9851713,0.002016782760620117
167838,normal,1926,0,1782360646.9872344,0.0020630359649658203
167839,normal,1087,0,1782360646.9891863,0.0019519329071044922
167840,normal,524,0,1782360646.9911697,0.0019834041595458984
167841,normal,1204,0,1782360646.993197,0.002027273178100586
167842,normal,3339,1,1782360646.9951966,0.0019996166229248047
167843,normal,131,0,1782360646.9971666,0.001970052719116211
167844,normal,3594,0,1782360646.9992368,0.002070188522338867
167845,normal,3203,1,1782360647.0012207,0.0019838809967041016
167846,normal,2961,0,1782360647.0031672,0.0019464492797851562
167847,normal,14,0,1782360647.0051966,0.0020294189453125
167848,normal,1492,0,1782360647.0071971,0.002000570297241211
167849,normal,1611,0,1782360647.0091655,0.0019683837890625
167850,normal,2483,0,1782360647.0113318,0.002166271209716797
167851,normal,1182,0,1782360647.0131543,0.0018224716186523438
167852,normal,1044,0,1782360647.0151756,0.002021312713623047
167853,normal,1077,0,1782360647.017189,0.0020134449005126953
167854,normal,612,0,1782360647.0191982,0.002009153366088867
167855,normal,1174,0,1782360647.0211709,0.001972675323486328
167856,normal,583,0,1782360647.0232234,0.0020525455474853516
167857,normal,3500,0,1782360647.0251863,0.001962900161743164
167858,normal,3681,0,1782360647.0271676,0.0019812583923339844
167859,normal,2969,0,1782360647.0293517,0.002184152603149414
167860,normal,3548,0,1782360647.031157,0.0018053054809570312
167861,normal,3090,1,1782360647.0331697,0.0020127296447753906
167862,normal,1921,0,1782360647.0352345,0.0020647048950195312
167863,normal,3035,0,1782360647.0371873,0.0019528865814208984
167864,normal,2213,0,1782360647.0391688,0.001981496810913086
167865,normal,2023,0,1782360647.041191,0.002022266387939453
167866,normal,2042,0,1782360647.0432003,0.002009153366088867
167867,normal,847,2,1782360647.04517,0.0019698143005371094
167868,normal,3217,1,1782360647.0472336,0.0020635128021240234
167869,normal,1799,0,1782360647.0491567,0.0019230842590332031
167870,normal,426,0,1782360647.05117,0.0020134449005126953
167871,normal,1555,0,1782360647.0532568,0.002086639404296875
167872,normal,3207,1,1782360647.055201,0.0019443035125732422
167873,normal,1292,0,1782360647.0571616,0.0019605159759521484
167874,normal,3612,0,1782360647.0592208,0.0020592212677001953
167875,normal,2241,0,1782360647.0612366,0.002015829086303711
167876,normal,121,0,1782360647.0631628,0.0019261837005615234
167877,normal,2806,0,1782360647.0651884,0.002025604248046875
167878,normal,514,0,1782360647.0672007,0.0020122528076171875
167879,normal,2537,0,1782360647.0691698,0.0019690990447998047
167880,normal,159,0,1782360647.0712292,0.002059459686279297
167881,normal,1679,0,1782360647.0731878,0.001958608627319336
167882,normal,2950,0,1782360647.0751712,0.0019834041595458984
167883,normal,3074,1,1782360647.0773175,0.0021462440490722656
167884,normal,2767,0,1782360647.0791576,0.0018401145935058594
167885,normal,35,0,1782360647.0811715,0.0020139217376708984
167886,normal,639,0,1782360647.0833197,0.002148151397705078
167887,normal,1726,0,1782360647.0851579,0.0018382072448730469
167888,normal,1194,0,1782360647.0871775,0.002019643783569336
167889,normal,599,0,1782360647.0891867,0.002009153366088867
167890,normal,1673,0,1782360647.091198,0.0020112991333007812
167891,normal,1284,0,1782360647.0931766,0.001978635787963867
167892,normal,2944,0,1782360647.0953238,0.002147197723388672
167893,normal,1359,1,1782360647.0971549,0.0018310546875
167894,normal,2378,0,1782360647.0991704,0.0020155906677246094
167895,normal,2071,0,1782360647.1013143,0.00214385986328125
167896,normal,1804,0,1782360647.1031559,0.0018415451049804688
167897,normal,1591,0,1782360647.1051698,0.0020139217376708984
167898,normal,509,0,1782360647.1072345,0.0020647048950195312
167899,normal,1420,0,1782360647.1091871,0.0019526481628417969
167900,normal,2432,0,1782360647.1111696,0.001982450485229492
167901,normal,3621,0,1782360647.1131892,0.002019643783569336
167902,normal,88,0,1782360647.1151986,0.0020093917846679688
167903,normal,469,0,1782360647.1171703,0.001971721649169922
167904,normal,86,0,1782360647.1193213,0.002151012420654297
167905,normal,911,2,1782360647.1211565,0.0018351078033447266
167906,normal,1762,0,1782360647.1231759,0.0020194053649902344
167907,normal,2714,0,1782360647.1251855,0.0020096302032470703
167908,normal,2679,0,1782360647.1271973,0.0020117759704589844
167909,normal,578,0,1782360647.1291711,0.001973867416381836
167910,normal,2820,0,1782360647.131238,0.0020668506622314453
167911,normal,151,0,1782360647.1331983,0.001960277557373047
167912,normal,787,2,1782360647.1351564,0.001958131790161133
167913,normal,773,2,1782360647.137223,0.0020666122436523438
167914,normal,2380,0,1782360647.1391916,0.0019686222076416016
167915,normal,2718,0,1782360647.1411686,0.0019769668579101562
167916,normal,1960,0,1782360647.143191,0.0020225048065185547
167917,normal,2619,0,1782360647.1451995,0.0020084381103515625
167918,normal,221,0,1782360647.1471717,0.001972198486328125
167919,normal,1185,0,1782360647.1492345,0.0020627975463867188
167920,normal,1640,0,1782360647.1511877,0.001953125
167921,normal,3558,0,1782360647.1531665,0.0019788742065429688
167922,normal,511,0,1782360647.1553154,0.002148866653442383
167923,normal,1595,0,1782360647.1573899,0.0020744800567626953
167924,normal,157,0,1782360647.1592505,0.0018606185913085938
167925,normal,1989,0,1782360647.1613135,0.0020630359649658203
167926,normal,1251,0,1782360647.1632428,0.0019292831420898438
167927,normal,325,0,1782360647.1653783,0.0021355152130126953
167928,normal,250,0,1782360647.167199,0.0018205642700195312
167929,normal,226,0,1782360647.169438,0.0022389888763427734
167930,normal,3661,0,1782360647.1713,0.0018620491027832031
167931,normal,17,0,1782360647.1731925,0.0018925666809082031
167932,normal,1710,0,1782360647.1753747,0.0021822452545166016
167933,normal,2876,0,1782360647.1772301,0.0018553733825683594
167934,normal,2083,0,1782360647.179191,0.0019609928131103516
167935,normal,298,0,1782360647.1814444,0.002253293991088867
167936,normal,1255,0,1782360647.1832068,0.00176239013671875
167937,normal,3488,0,1782360647.1851943,0.001987457275390625
167938,normal,2627,0,1782360647.1874464,0.0022521018981933594
167939,normal,1598,0,1782360647.1892512,0.0018048286437988281
167940,normal,1168,0,1782360647.1912327,0.001981496810913086
167941,normal,1718,0,1782360647.193368,0.0021352767944335938
167942,normal,3,0,1782360647.1952477,0.0018796920776367188
167943,normal,560,0,1782360647.19719,0.0019423961639404297
167944,normal,1871,0,1782360647.199451,0.002260923385620117
167945,normal,2366,0,1782360647.201222,0.0017709732055664062
167946,normal,3166,1,1782360647.2031965,0.0019745826721191406
167947,normal,211,0,1782360647.2053714,0.002174854278564453
167948,normal,431,0,1782360647.2072103,0.0018389225006103516
167949,normal,1722,0,1782360647.2091963,0.0019860267639160156
167950,normal,3259,1,1782360647.211294,0.002097606658935547
167951,normal,349,0,1782360647.2133524,0.0020585060119628906
167952,normal,1531,0,1782360647.2151887,0.0018362998962402344
167953,normal,2682,0,1782360647.217367,0.002178192138671875
167954,normal,323,0,1782360647.2192082,0.0018413066864013672
167955,normal,683,0,1782360647.2211888,0.0019805431365966797
167956,normal,397,0,1782360647.2234447,0.0022559165954589844
167957,normal,2963,0,1782360647.2252104,0.0017657279968261719
167958,normal,2525,0,1782360647.227388,0.0021774768829345703
167959,normal,1207,0,1782360647.2291863,0.001798391342163086
167960,normal,108,0,1782360647.2312071,0.0020208358764648438
167961,normal,2964,0,1782360647.2331886,0.001981496810913086
167962,normal,1608,0,1782360647.235366,0.0021774768829345703
167963,normal,152,0,1782360647.2372012,0.0018351078033447266
167964,normal,133,0,1782360647.2393727,0.0021715164184570312
167965,normal,2531,0,1782360647.2411897,0.0018169879913330078
167966,normal,3690,0,1782360647.2433748,0.0021851062774658203
167967,normal,1583,0,1782360647.245189,0.001814126968383789
167968,normal,1550,0,1782360647.247457,0.002268075942993164
167969,normal,332,0,1782360647.2492843,0.001827239990234375
167970,normal,3185,1,1782360647.25119,0.001905679702758789
167971,normal,114,0,1782360647.253368,0.0021779537200927734
167972,normal,440,0,1782360647.255211,0.0018432140350341797
167973,normal,1435,0,1782360647.2571907,0.0019795894622802734
167974,normal,369,0,1782360647.2594614,0.0022706985473632812
167975,normal,884,2,1782360647.2612092,0.0017478466033935547
167976,normal,3575,0,1782360647.263371,0.002161741256713867
167977,normal,1389,0,1782360647.2651892,0.0018181800842285156
167978,normal,1977,0,1782360647.2673764,0.0021872520446777344
167979,normal,2878,0,1782360647.2691972,0.0018208026885986328
167980,normal,2901,0,1782360647.271409,0.0022118091583251953
167981,normal,2875,0,1782360647.2732065,0.0017974376678466797
167982,normal,2692,0,1782360647.2753751,0.0021686553955078125
167983,normal,3394,1,1782360647.2771907,0.0018155574798583984
167984,normal,336,0,1782360647.2793772,0.0021865367889404297
167985,normal,587,0,1782360647.2811892,0.001811981201171875
167986,normal,3336,1,1782360647.283387,0.002197742462158203
167987,normal,1636,0,1782360647.2852077,0.0018208026885986328
167988,normal,1910,0,1782360647.2873862,0.0021784305572509766
167989,normal,3378,1,1782360647.2891889,0.001802682876586914
167990,normal,775,2,1782360647.2913747,0.002185821533203125
167991,normal,2375,0,1782360647.2931876,0.0018129348754882812
167992,normal,2534,0,1782360647.2953947,0.002207040786743164
167993,normal,2248,0,1782360647.2972019,0.0018072128295898438
167994,normal,1954,0,1782360647.2993715,0.0021696090698242188
167995,normal,744,0,1782360647.3011897,0.0018181800842285156
167996,normal,1160,0,1782360647.303374,0.0021843910217285156
167997,normal,3034,0,1782360647.305189,0.0018148422241210938
167998,normal,3428,0,1782360647.3074005,0.0022115707397460938
167999,normal,1086,0,1782360647.309214,0.001813650131225586
168000,normal,3479,0,1782360647.3114185,0.002204418182373047
168001,normal,1433,0,1782360647.3132463,0.0018277168273925781
168002,normal,653,0,1782360647.3153865,0.0021402835845947266
168003,normal,1248,0,1782360647.3172765,0.001889944076538086
168004,normal,1240,0,1782360647.319396,0.0021195411682128906
168005,normal,1172,0,1782360647.321252,0.001856088638305664
168006,normal,1899,0,1782360647.3233964,0.002144336700439453
168007,normal,306,0,1782360647.3255575,0.0021610260009765625
168008,normal,2560,0,1782360647.3272722,0.0017147064208984375
168009,normal,3084,1,1782360647.3295465,0.0022742748260498047
168010,normal,1103,0,1782360647.3314872,0.0019407272338867188
168011,normal,2184,0,1782360647.3334084,0.0019211769104003906
168012,normal,3565,0,1782360647.3353882,0.001979827880859375
168013,normal,944,2,1782360647.3375542,0.0021660327911376953
168014,normal,1757,0,1782360647.3392718,0.0017175674438476562
168015,normal,3198,1,1782360647.3413854,0.0021135807037353516
168016,normal,1751,0,1782360647.3434515,0.0020661354064941406
168017,normal,1769,0,1782360647.345329,0.0018775463104248047
168018,normal,2388,0,1782360647.3473864,0.002057313919067383
168019,normal,2105,0,1782360647.349376,0.001989603042602539
168020,normal,3680,0,1782360647.351268,0.00189208984375
168021,normal,2527,0,1782360647.353454,0.0021860599517822266
168022,normal,734,0,1782360647.3553927,0.0019385814666748047
168023,normal,2436,0,1782360647.3572464,0.0018537044525146484
168024,normal,1055,0,1782360647.3593469,0.0021004676818847656
168025,normal,3250,1,1782360647.3614004,0.002053499221801758
168026,normal,822,2,1782360647.363254,0.0018537044525146484
168027,normal,1999,0,1782360647.3654215,0.0021674633026123047
168028,normal,3703,0,1782360647.367367,0.00194549560546875
168029,normal,3283,1,1782360647.3692448,0.0018777847290039062
168030,normal,3559,0,1782360647.371381,0.00213623046875
168031,normal,505,0,1782360647.3734899,0.0021088123321533203
168032,normal,2932,0,1782360647.375243,0.001753091812133789
168033,normal,1894,0,1782360647.3773818,0.002138853073120117
168034,normal,1852,0,1782360647.379439,0.002057313919067383
168035,normal,3650,0,1782360647.3812394,0.0018002986907958984
168036,normal,1601,0,1782360647.3834217,0.0021822452545166016
168037,normal,837,2,1782360647.3854575,0.002035856246948242
168038,normal,719,0,1782360647.3875837,0.0021262168884277344
168039,normal,881,2,1782360647.3893502,0.0017664432525634766
168040,normal,1381,1,1782360647.3914967,0.002146482467651367
168041,normal,2444,0,1782360647.3939686,0.002471923828125
168042,normal,2381,0,1782360647.3952563,0.001287698745727539
168043,normal,2810,0,1782360647.3972082,0.0019519329071044922
168044,normal,1811,0,1782360647.3992732,0.002064943313598633
168045,normal,1370,1,1782360647.4011054,0.0018322467803955078
168046,normal,2562,0,1782360647.4031725,0.002067089080810547
168047,normal,1609,0,1782360647.4051888,0.002016305923461914
168048,normal,27,0,1782360647.4071457,0.001956939697265625
168049,normal,3660,0,1782360647.4091842,0.0020384788513183594
168050,normal,3355,1,1782360647.4111743,0.001990079879760742
168051,normal,1107,0,1782360647.413174,0.0019996166229248047
168052,normal,156,0,1782360647.4152265,0.0020525455474853516
168053,normal,30,0,1782360647.4172864,0.0020599365234375
168054,normal,3010,0,1782360647.4193184,0.002032041549682617
168055,normal,1533,0,1782360647.4214075,0.0020890235900878906
168056,normal,416,0,1782360647.4234874,0.0020799636840820312
168057,normal,3279,1,1782360647.425222,0.0017344951629638672
168058,normal,2475,0,1782360647.4274137,0.002191781997680664
168059,normal,755,0,1782360647.42936,0.0019462108612060547
168060,normal,2154,0,1782360647.431318,0.001958131790161133
168061,normal,2310,0,1782360647.4334097,0.002091646194458008
168062,normal,2866,0,1782360647.4353657,0.0019559860229492188
168063,normal,412,0,1782360647.4373634,0.001997709274291992
168064,normal,2982,0,1782360647.4394183,0.002054929733276367
168065,normal,496,0,1782360647.4413292,0.0019109249114990234
168066,normal,2787,0,1782360647.4434383,0.002109050750732422
168067,normal,1011,2,1782360647.4453123,0.0018739700317382812
168068,normal,2763,0,1782360647.4477937,0.0024814605712890625
168069,normal,2821,0,1782360647.4498467,0.0020530223846435547
168070,normal,305,0,1782360647.451396,0.0015492439270019531
168071,normal,52,0,1782360647.4534967,0.002100706100463867
168072,normal,692,0,1782360647.455355,0.0018582344055175781
168073,normal,2077,0,1782360647.4574804,0.0021255016326904297
168074,normal,368,0,1782360647.4594567,0.0019762516021728516
168075,normal,1645,0,1782360647.4613097,0.0018529891967773438
168076,normal,352,0,1782360647.4632857,0.00197601318359375
168077,normal,2048,0,1782360647.4654152,0.0021295547485351562
168078,normal,2448,0,1782360647.4672847,0.0018694400787353516
168079,normal,2393,0,1782360647.469398,0.00211334228515625
168080,normal,3615,0,1782360647.4712083,0.001810312271118164
168081,normal,2357,0,1782360647.4734209,0.0022125244140625
168082,normal,667,0,1782360647.4752853,0.0018644332885742188
168083,normal,284,0,1782360647.4773126,0.002027273178100586
168084,normal,1966,0,1782360647.4793327,0.002020120620727539
168085,normal,3566,0,1782360647.4813948,0.002062082290649414
168086,normal,178,0,1782360647.4833508,0.0019559860229492188
168087,normal,3623,0,1782360647.4853005,0.0019497871398925781
168088,normal,3225,1,1782360647.4874082,0.0021076202392578125
168089,normal,3519,0,1782360647.4893246,0.0019164085388183594
168090,normal,2935,0,1782360647.4913335,0.0020089149475097656
168091,normal,3706,0,1782360647.4934351,0.0021016597747802734
168092,normal,990,2,1782360647.4954128,0.001977682113647461
168093,normal,2128,0,1782360647.4972613,0.001848459243774414
168094,normal,2700,0,1782360647.4994104,0.0021491050720214844
168095,normal,2852,0,1782360647.5014338,0.002023458480834961
168096,normal,3227,1,1782360647.5033274,0.0018935203552246094
168097,normal,3290,1,1782360647.5054047,0.002077341079711914
168098,normal,1349,1,1782360647.507405,0.0020003318786621094
168099,normal,1405,0,1782360647.5092914,0.0018863677978515625
168100,normal,763,0,1782360647.5114622,0.0021708011627197266
168101,normal,3282,1,1782360647.5133526,0.001890420913696289
168102,normal,3702,0,1782360647.515456,0.0021033287048339844
168103,normal,1219,0,1782360647.5174134,0.001957416534423828
168104,normal,3245,1,1782360647.5195575,0.0021440982818603516
168105,normal,2351,0,1782360647.521374,0.0018165111541748047
168106,normal,909,2,1782360647.5234954,0.002121448516845703
168107,normal,3377,1,1782360647.525438,0.0019426345825195312
168108,normal,672,0,1782360647.527319,0.0018808841705322266
168109,normal,1572,0,1782360647.5294027,0.0020837783813476562
168110,normal,345,0,1782360647.53139,0.0019872188568115234
168111,normal,3323,1,1782360647.533285,0.0018949508666992188
168112,normal,1675,0,1782360647.5354886,0.002203702926635742
168113,normal,1907,0,1782360647.5372221,0.001733541488647461
168114,normal,1868,0,1782360647.5392773,0.0020551681518554688
168115,normal,1239,0,1782360647.5413687,0.0020914077758789062
168116,normal,1765,0,1782360647.543394,0.0020253658294677734
168117,normal,1480,0,1782360647.54596,0.0025658607482910156
168118,normal,871,2,1782360647.5474007,0.0014407634735107422
168119,normal,1125,0,1782360647.5493712,0.001970529556274414
168120,normal,2305,0,1782360647.5512896,0.0019183158874511719
168121,normal,1416,0,1782360647.5533915,0.002101898193359375
168122,normal,2237,0,1782360647.5553985,0.002007007598876953
168123,normal,3213,1,1782360647.557459,0.0020606517791748047
168124,normal,519,0,1782360647.5593488,0.0018897056579589844
168125,normal,494,0,1782360647.56142,0.0020711421966552734
168126,normal,1027,2,1782360647.5634024,0.001982450485229492
168127,normal,949,2,1782360647.5653071,0.0019047260284423828
168128,normal,1920,0,1782360647.5674014,0.002094268798828125
168129,normal,561,0,1782360647.569394,0.0019927024841308594
168130,normal,3201,1,1782360647.5713909,0.001996755599975586
168131,normal,629,0,1782360647.5733187,0.0019278526306152344
168132,normal,1793,0,1782360647.575344,0.0020253658294677734
168133,normal,3511,0,1782360647.57741,0.002065896987915039
168134,normal,3608,0,1782360647.57959,0.0021800994873046875
168135,normal,406,0,1782360647.5814648,0.001874685287475586
168136,normal,1676,0,1782360647.5833478,0.0018830299377441406
168137,normal,1110,0,1782360647.5854907,0.0021429061889648438
168138,normal,209,0,1782360647.5875967,0.0021059513092041016
168139,normal,2402,0,1782360647.589391,0.0017943382263183594
168140,normal,3175,1,1782360647.5913494,0.0019583702087402344
168141,normal,2222,0,1782360647.5932744,0.0019249916076660156
168142,normal,1070,0,1782360647.5953605,0.002086162567138672
168143,normal,741,0,1782360647.5973785,0.002017974853515625
168144,normal,461,0,1782360647.5993097,0.0019311904907226562
168145,normal,2003,0,1782360647.601387,0.002077341079711914
168146,normal,1436,0,1782360647.603393,0.002006053924560547
168147,normal,1206,0,1782360647.6052916,0.0018985271453857422
168148,normal,3159,1,1782360647.6073995,0.002107858657836914
168149,normal,2168,0,1782360647.6094239,0.002024412155151367
168150,normal,1702,0,1782360647.6113546,0.0019307136535644531
168151,normal,2807,0,1782360647.6133041,0.0019495487213134766
168152,normal,2728,0,1782360647.6154,0.002095937728881836
168153,normal,174,0,1782360647.617318,0.0019178390502929688
168154,normal,3407,0,1782360647.6194339,0.002115964889526367
168155,normal,1610,0,1782360647.6214445,0.0020105838775634766
168156,normal,2416,0,1782360647.623279,0.0018346309661865234
168157,normal,2928,0,1782360647.6253872,0.0021080970764160156
168158,normal,2540,0,1782360647.6273901,0.0020029544830322266
168159,normal,3313,1,1782360647.629299,0.0019087791442871094
168160,normal,3296,1,1782360647.6314037,0.0021047592163085938
168161,normal,1987,0,1782360647.6334095,0.0020058155059814453
168162,normal,2111,0,1782360647.6353118,0.0019023418426513672
168163,normal,1593,0,1782360647.6375308,0.002218961715698242
168164,normal,2601,0,1782360647.639289,0.0017580986022949219
168165,normal,3654,0,1782360647.6412828,0.001993894577026367
168166,normal,3462,0,1782360647.643374,0.0020911693572998047
168167,normal,3021,0,1782360647.6453695,0.001995563507080078
168168,normal,2998,0,1782360647.6472814,0.0019118785858154297
168169,normal,493,0,1782360647.6493902,0.0021088123321533203
168170,normal,294,0,1782360647.651315,0.001924753189086914
168171,normal,2823,0,1782360647.6533437,0.0020287036895751953
168172,normal,1623,0,1782360647.6554182,0.0020744800567626953
168173,normal,2946,0,1782360647.6574059,0.0019876956939697266
168174,normal,1093,0,1782360647.6592062,0.0018002986907958984
168175,normal,1468,0,1782360647.6614182,0.002212047576904297
168176,normal,2816,0,1782360647.6634135,0.0019953250885009766
168177,normal,54,0,1782360647.6652844,0.001870870590209961
168178,normal,2913,0,1782360647.667396,0.002111673355102539
168179,normal,2185,0,1782360647.6694033,0.0020072460174560547
168180,normal,2656,0,1782360647.6713421,0.0019388198852539062
168181,normal,2757,0,1782360647.673414,0.002071857452392578
168182,normal,3011,0,1782360647.675433,0.0020189285278320312
168183,normal,2441,0,1782360647.6774132,0.001980304718017578
168184,normal,1031,0,1782360647.6795282,0.002115011215209961
168185,normal,2236,0,1782360647.6815052,0.0019769668579101562
168186,normal,2843,0,1782360647.6834066,0.001901388168334961
168187,normal,334,0,1782360647.6853578,0.0019512176513671875
168188,normal,3453,0,1782360647.6873114,0.001953601837158203
168189,normal,492,0,1782360647.6892767,0.0019652843475341797
168190,normal,1816,0,1782360647.6913671,0.0020904541015625
168191,normal,2229,0,1782360647.6934574,0.0020902156829833984
168192,normal,2101,0,1782360647.6951883,0.0017309188842773438
168193,normal,1218,0,1782360647.6973805,0.002192258834838867
168194,normal,1431,0,1782360647.6993802,0.0019996166229248047
168195,normal,347,0,1782360647.7013116,0.0019314289093017578
168196,normal,2576,0,1782360647.7034652,0.002153635025024414
168197,normal,3640,0,1782360647.7054868,0.0020215511322021484
168198,normal,0,0,1782360647.7072804,0.0017936229705810547
168199,normal,362,0,1782360647.7094667,0.002186298370361328
168200,normal,1264,0,1782360647.7113674,0.0019006729125976562
168201,normal,443,0,1782360647.7132955,0.001928091049194336
168202,normal,1057,0,1782360647.7153974,0.002101898193359375
168203,normal,3398,1,1782360647.7174563,0.0020589828491210938
168204,normal,1829,0,1782360647.7195063,0.0020499229431152344
168205,normal,1525,0,1782360647.7212913,0.0017850399017333984
168206,normal,3019,0,1782360647.723392,0.002100706100463867
168207,normal,1384,0,1782360647.725299,0.0019068717956542969
168208,normal,2312,0,1782360647.7274137,0.0021147727966308594
168209,normal,3372,1,1782360647.7292821,0.0018684864044189453
168210,normal,2634,0,1782360647.7313032,0.0020210742950439453
168211,normal,1781,0,1782360647.7334065,0.0021033287048339844
168212,normal,640,0,1782360647.7354174,0.002010822296142578
168213,normal,933,2,1782360647.737299,0.0018815994262695312
168214,normal,3310,1,1782360647.7392864,0.001987457275390625
168215,normal,2053,0,1782360647.741542,0.002255678176879883
168216,normal,3162,1,1782360647.7432797,0.0017375946044921875
168217,normal,2411,0,1782360647.745449,0.002169370651245117
168218,normal,47,0,1782360647.7474666,0.002017498016357422
168219,normal,182,0,1782360647.7493258,0.0018591880798339844
168220,normal,1400,0,1782360647.7513855,0.0020596981048583984
168221,normal,3528,0,1782360647.7534044,0.0020189285278320312
168222,normal,579,0,1782360647.755331,0.0019266605377197266
168223,normal,2170,0,1782360647.7574456,0.002114534378051758
168224,normal,1314,0,1782360647.7594578,0.0020122528076171875
168225,normal,2386,0,1782360647.7614267,0.001968860626220703
168226,normal,664,0,1782360647.7633734,0.0019466876983642578
168227,normal,2327,0,1782360647.765394,0.002020597457885742
168228,normal,757,0,1782360647.7675643,0.0021703243255615234
168229,normal,2093,0,1782360647.7696083,0.0020439624786376953
168230,normal,2308,0,1782360647.7714233,0.0018150806427001953
168231,normal,3517,0,1782360647.7733922,0.001968860626220703
168232,normal,2240,0,1782360647.7753654,0.0019731521606445312
168233,normal,2414,0,1782360647.777465,0.002099752426147461
168234,normal,2290,0,1782360647.7793527,0.0018875598907470703
168235,normal,1526,0,1782360647.7818491,0.002496480941772461
168236,normal,796,2,1782360647.7832263,0.001377105712890625
168237,normal,224,0,1782360647.785404,0.002177715301513672
168238,normal,258,0,1782360647.7873073,0.0019032955169677734
168239,normal,454,0,1782360647.7894185,0.002111196517944336
168240,normal,1003,2,1782360647.7912955,0.0018770694732666016
168241,normal,1524,0,1782360647.7934127,0.002117156982421875
168242,normal,2856,0,1782360647.795425,0.0020122528076171875
168243,normal,1415,0,1782360647.7972965,0.0018715858459472656
168244,normal,1189,0,1782360647.7994292,0.0021326541900634766
168245,normal,73,0,1782360647.8014061,0.0019769668579101562
168246,normal,3354,1,1782360647.80329,0.0018837451934814453
168247,normal,2873,0,1782360647.805396,0.002106189727783203
168248,normal,2588,0,1782360647.8073888,0.0019927024841308594
168249,normal,1066,0,1782360647.809288,0.0018992424011230469
168250,normal,2286,0,1782360647.8113968,0.0021088123321533203
168251,normal,204,0,1782360647.8134294,0.0020325183868408203
168252,normal,3504,0,1782360647.8154178,0.0019884109497070312
168253,normal,116,0,1782360647.817323,0.001905202865600586
168254,normal,784,2,1782360647.819422,0.0020990371704101562
168255,normal,26,0,1782360647.8213332,0.001911163330078125
168256,normal,2204,0,1782360647.823392,0.002058744430541992
168257,normal,3077,1,1782360647.8253844,0.001992464065551758
168258,normal,3679,0,1782360647.8272855,0.0019011497497558594
168259,normal,959,2,1782360647.8293974,0.0021119117736816406
168260,normal,1197,0,1782360647.831445,0.0020475387573242188
168261,normal,827,2,1782360647.8333695,0.0019245147705078125
168262,normal,1860,0,1782360647.8354807,0.002111196517944336
168263,normal,3022,0,1782360647.8373861,0.0019054412841796875
168264,normal,2020,0,1782360647.8394234,0.0020372867584228516
168265,normal,3622,0,1782360647.841353,0.0019295215606689453
168266,normal,3673,0,1782360647.8434823,0.0021293163299560547
168267,normal,659,0,1782360647.8453617,0.0018794536590576172
168268,normal,1271,0,1782360647.8473098,0.0019481182098388672
168269,normal,1684,0,1782360647.8493838,0.002074003219604492
168270,normal,585,0,1782360647.8511903,0.001806497573852539
168271,normal,2331,0,1782360647.8533962,0.0022058486938476562
168272,normal,136,0,1782360647.855458,0.0020618438720703125
168273,normal,359,0,1782360647.8572724,0.0018143653869628906
168274,normal,2449,0,1782360647.859384,0.002111673355102539
168275,normal,812,2,1782360647.8613892,0.0020051002502441406
168276,normal,1021,2,1782360647.8632765,0.0018873214721679688
168277,normal,1731,0,1782360647.8657813,0.0025048255920410156
168278,normal,2339,0,1782360647.8674703,0.0016889572143554688
168279,normal,419,0,1782360647.8693242,0.00185394287109375
168280,normal,2618,0,1782360647.8713932,0.0020689964294433594
168281,normal,1385,0,1782360647.8733985,0.002005338668823242
168282,normal,903,2,1782360647.875286,0.0018875598907470703
168283,normal,2172,0,1782360647.8774579,0.002171754837036133
168284,normal,1551,0,1782360647.879418,0.0019600391387939453
168285,normal,2208,0,1782360647.8812783,0.0018603801727294922
168286,normal,3602,0,1782360647.8833973,0.0021190643310546875
168287,normal,25,0,1782360647.8854032,0.0020058155059814453
168288,normal,3285,1,1782360647.8873131,0.0019099712371826172
168289,normal,2771,0,1782360647.889426,0.002112865447998047
168290,normal,172,0,1782360647.8915033,0.002077341079711914
168291,normal,3391,1,1782360647.8933332,0.0018298625946044922
168292,normal,2317,0,1782360647.8954153,0.0020821094512939453
168293,normal,1951,0,1782360647.8974679,0.0020525455474853516
168294,normal,2478,0,1782360647.8993962,0.0019283294677734375
168295,normal,2900,0,1782360647.9014523,0.002056121826171875
168296,normal,18,0,1782360647.9033096,0.0018572807312011719
168297,normal,3329,1,1782360647.9054446,0.002135038375854492
168298,normal,1787,0,1782360647.907565,0.002120494842529297
168299,normal,832,2,1782360647.9094126,0.0018475055694580078
168300,normal,2271,0,1782360647.9112885,0.0018758773803710938
168301,normal,678,0,1782360647.9148903,0.0036017894744873047
168302,normal,2987,0,1782360647.9152396,0.00034928321838378906
168303,normal,340,0,1782360647.917256,0.0020165443420410156
168304,normal,3400,1,1782360647.9192984,0.0020422935485839844
168305,normal,373,0,1782360647.9214225,0.0021240711212158203
168306,normal,91,0,1782360647.923303,0.0018804073333740234
168307,normal,1817,0,1782360647.9253695,0.0020666122436523438
168308,normal,3617,0,1782360647.927389,0.0020194053649902344
168309,normal,627,0,1782360647.929336,0.001947164535522461
168310,normal,1304,0,1782360647.93143,0.0020940303802490234
168311,normal,3229,1,1782360647.9333434,0.001913309097290039
168312,normal,2445,0,1782360647.9352734,0.0019299983978271484
168313,normal,575,0,1782360647.9374137,0.0021402835845947266
168314,normal,2090,0,1782360647.9394555,0.0020418167114257812
168315,normal,838,2,1782360647.941356,0.0019004344940185547
168316,normal,3161,1,1782360647.9434166,0.0020606517791748047
168317,normal,1925,0,1782360647.9453547,0.0019381046295166016
168318,normal,2260,0,1782360647.9472985,0.001943826675415039
168319,normal,1545,0,1782360647.94942,0.002121448516845703
168320,normal,1052,0,1782360647.9514184,0.001998424530029297
168321,normal,3200,1,1782360647.953305,0.001886606216430664
168322,normal,3442,0,1782360647.955429,0.0021240711212158203
168323,normal,1519,0,1782360647.9574187,0.001989603042602539
168324,normal,1755,0,1782360647.9593463,0.0019276142120361328
168325,normal,383,0,1782360647.961419,0.0020728111267089844
168326,normal,451,0,1782360647.9633825,0.001963376998901367
168327,normal,1062,0,1782360647.9652832,0.0019006729125976562
168328,normal,2266,0,1782360647.9673736,0.0020904541015625
168329,normal,1124,0,1782360647.9693923,0.0020186901092529297
168330,normal,2713,0,1782360647.9712985,0.0019061565399169922
168331,normal,366,0,1782360647.9734108,0.0021123886108398438
168332,normal,1434,0,1782360647.9756386,0.002227783203125
168333,normal,2219,0,1782360647.9772785,0.0016398429870605469
168334,normal,3152,1,1782360647.9794235,0.002145051956176758
168335,normal,1798,0,1782360647.981444,0.0020203590393066406
168336,normal,1430,0,1782360647.9833055,0.001861572265625
168337,normal,1111,0,1782360647.9853919,0.0020864009857177734
168338,normal,802,2,1782360647.9873674,0.001975536346435547
168339,normal,3539,0,1782360647.9893034,0.0019359588623046875
168340,normal,281,0,1782360647.9915059,0.0022025108337402344
168341,normal,2758,0,1782360647.9932861,0.0017802715301513672
168342,normal,1580,0,1782360647.9953434,0.002057313919067383
168343,normal,1412,0,1782360647.9974947,0.0021512508392333984
168344,normal,1299,0,1782360647.9995975,0.0021028518676757812
168345,normal,2738,0,1782360648.00125,0.0016524791717529297
168346,normal,1587,0,1782360648.003444,0.002193927764892578
168347,normal,746,0,1782360648.005498,0.002053976058959961
168348,normal,3194,1,1782360648.007288,0.0017900466918945312
168349,normal,1944,0,1782360648.0093834,0.002095460891723633
168350,normal,1301,0,1782360648.0113356,0.0019521713256835938
168351,normal,3385,1,1782360648.0132773,0.001941680908203125
168352,normal,1947,0,1782360648.0155268,0.002249479293823242
168353,normal,71,0,1782360648.0173192,0.0017924308776855469
168354,normal,3456,0,1782360648.0196898,0.002370595932006836
168355,normal,3287,1,1782360648.021426,0.0017361640930175781
168356,normal,2769,0,1782360648.0233345,0.0019085407257080078
168357,normal,1012,2,1782360648.0254192,0.0020847320556640625
168358,normal,1261,0,1782360648.027843,0.0024237632751464844
168359,normal,1337,1,1782360648.029564,0.0017209053039550781
168360,normal,3529,0,1782360648.0313408,0.0017769336700439453
168361,normal,2218,0,1782360648.0334432,0.002102375030517578
168362,normal,581,0,1782360648.0353532,0.0019099712371826172
168363,normal,1621,0,1782360648.037313,0.0019598007202148438
168364,normal,2347,0,1782360648.039437,0.0021240711212158203
168365,normal,2590,0,1782360648.0413983,0.001961231231689453
168366,normal,1143,0,1782360648.043365,0.001966714859008789
168367,normal,1142,0,1782360648.0452967,0.0019316673278808594
168368,normal,304,0,1782360648.0474145,0.0021178722381591797
168369,normal,189,0,1782360648.0493066,0.00189208984375
168370,normal,609,0,1782360648.0513062,0.0019996166229248047
168371,normal,3138,1,1782360648.0532687,0.001962423324584961
168372,normal,1880,0,1782360648.0554605,0.002191781997680664
168373,normal,1481,0,1782360648.0573506,0.0018901824951171875
168374,normal,1950,0,1782360648.0592263,0.0018756389617919922
168375,normal,1777,0,1782360648.0613678,0.0021414756774902344
168376,normal,56,0,1782360648.0633276,0.0019598007202148438
168377,normal,502,0,1782360648.065228,0.0019004344940185547
168378,normal,1338,1,1782360648.0673664,0.002138376235961914
168379,normal,1909,0,1782360648.0693877,0.002021312713623047
168380,normal,3560,0,1782360648.0712535,0.0018658638000488281
168381,normal,1778,0,1782360648.0732226,0.0019690990447998047
168382,normal,2220,0,1782360648.0755794,0.0023567676544189453
168383,normal,1494,0,1782360648.0773194,0.0017399787902832031
168384,normal,1855,0,1782360648.07924,0.0019207000732421875
168385,normal,113,0,1782360648.0812912,0.002051115036010742
168386,normal,2089,0,1782360648.0834284,0.0021371841430664062
168387,normal,2276,0,1782360648.085311,0.0018825531005859375
168388,normal,1223,0,1782360648.0874014,0.0020904541015625
168389,normal,3432,0,1782360648.089414,0.002012491226196289
168390,normal,527,0,1782360648.091294,0.0018801689147949219
168391,normal,1486,0,1782360648.093415,0.0021209716796875
168392,normal,3054,1,1782360648.0954103,0.0019953250885009766
168393,normal,2684,0,1782360648.0973432,0.0019328594207763672
168394,normal,60,0,1782360648.0994549,0.002111673355102539
168395,normal,655,0,1782360648.1013548,0.0018999576568603516
168396,normal,1232,0,1782360648.103316,0.001961231231689453
168397,normal,1126,0,1782360648.105345,0.002028942108154297
168398,normal,681,0,1782360648.1074831,0.0021381378173828125
168399,normal,1227,0,1782360648.1092644,0.0017812252044677734
168400,normal,360,0,1782360648.1114023,0.002137899398803711
168401,normal,1157,0,1782360648.1133928,0.0019905567169189453
168402,normal,2746,0,1782360648.1153224,0.0019295215606689453
168403,normal,251,0,1782360648.1174126,0.0020902156829833984
168404,normal,2680,0,1782360648.1194096,0.0019969940185546875
168405,normal,2848,0,1782360648.1212983,0.0018887519836425781
168406,normal,2051,0,1782360648.1234097,0.0021114349365234375
168407,normal,2672,0,1782360648.125474,0.002064228057861328
168408,normal,3273,1,1782360648.1273403,0.0018663406372070312
168409,normal,1741,0,1782360648.1294057,0.002065420150756836
168410,normal,1564,0,1782360648.1313987,0.001992940902709961
168411,normal,3527,0,1782360648.133387,0.0019884109497070312
168412,normal,2303,0,1782360648.1352859,0.0018987655639648438
168413,normal,3630,0,1782360648.1374097,0.0021238327026367188
168414,normal,239,0,1782360648.139327,0.0019173622131347656
168415,normal,3223,1,1782360648.1414313,0.0021042823791503906
168416,normal,2703,0,1782360648.143446,0.002014636993408203
168417,normal,1978,0,1782360648.1453366,0.0018906593322753906
168418,normal,1353,1,1782360648.1474178,0.002081155776977539
168419,normal,191,0,1782360648.1494122,0.0019943714141845703
168420,normal,2245,0,1782360648.1513116,0.0018994808197021484
168421,normal,3583,0,1782360648.1533968,0.0020852088928222656
168422,normal,2584,0,1782360648.1553564,0.001959562301635742
168423,normal,2035,0,1782360648.15728,0.0019235610961914062
168424,normal,3088,1,1782360648.1594708,0.002190828323364258
168425,normal,656,0,1782360648.1614192,0.0019483566284179688
168426,normal,2725,0,1782360648.16335,0.0019309520721435547
168427,normal,952,2,1782360648.165404,0.002053976058959961
168428,normal,3552,0,1782360648.1675842,0.0021800994873046875
168429,normal,1269,0,1782360648.169572,0.001987934112548828
168430,normal,2129,0,1782360648.1713681,0.0017960071563720703
168431,normal,3525,0,1782360648.1734557,0.0020875930786132812
168432,normal,447,0,1782360648.1752732,0.001817464828491211
168433,normal,1179,0,1782360648.1773884,0.0021152496337890625
168434,normal,1038,0,1782360648.1793435,0.0019550323486328125
168435,normal,384,0,1782360648.1814272,0.0020837783813476562
168436,normal,1294,0,1782360648.1832747,0.0018475055694580078
168437,normal,117,0,1782360648.185388,0.00211334228515625
168438,normal,1122,0,1782360648.1872737,0.0018856525421142578
168439,normal,2659,0,1782360648.1893847,0.0021109580993652344
168440,normal,684,0,1782360648.1914058,0.0020210742950439453
168441,normal,2926,0,1782360648.1933928,0.001986980438232422
168442,normal,791,2,1782360648.195394,0.0020012855529785156
168443,normal,1281,0,1782360648.197559,0.002165079116821289
168444,normal,1881,0,1782360648.1992102,0.0016510486602783203
168445,normal,2903,0,1782360648.201399,0.0021889209747314453
168446,normal,435,0,1782360648.2034085,0.0020093917846679688
168447,normal,2881,0,1782360648.2052884,0.0018799304962158203
168448,normal,1763,0,1782360648.2076237,0.0023353099822998047
168449,normal,1064,0,1782360648.2092597,0.0016360282897949219
168450,normal,3094,1,1782360648.2113974,0.0021376609802246094
168451,normal,1150,0,1782360648.2132864,0.0018889904022216797
168452,normal,468,0,1782360648.215396,0.002109527587890625
168453,normal,21,0,1782360648.217295,0.0018990039825439453
168454,normal,380,0,1782360648.219393,0.00209808349609375
168455,normal,717,0,1782360648.2213817,0.001988649368286133
168456,normal,3026,0,1782360648.2233267,0.0019450187683105469
168457,normal,1945,0,1782360648.2254086,0.0020818710327148438
168458,normal,3151,1,1782360648.2273836,0.0019750595092773438
168459,normal,2155,0,1782360648.2296941,0.002310514450073242
168460,normal,512,0,1782360648.2314534,0.0017592906951904297
168461,normal,1840,0,1782360648.2333844,0.0019309520721435547
168462,normal,2262,0,1782360648.235411,0.0020265579223632812
168463,normal,1518,0,1782360648.2374134,0.0020024776458740234
168464,normal,964,2,1782360648.2392788,0.001865386962890625
168465,normal,1942,0,1782360648.2412498,0.001971006393432617
168466,normal,4,0,1782360648.243346,0.0020961761474609375
168467,normal,1607,0,1782360648.245445,0.0020990371704101562
168468,normal,1331,1,1782360648.2473834,0.0019383430480957031
168469,normal,3550,0,1782360648.2493904,0.002007007598876953
168470,normal,2773,0,1782360648.2515013,0.0021109580993652344
168471,normal,1328,1,1782360648.2532437,0.0017423629760742188
168472,normal,48,0,1782360648.255219,0.0019752979278564453
168473,normal,3368,1,1782360648.2574017,0.0021827220916748047
168474,normal,934,2,1782360648.259325,0.0019233226776123047
168475,normal,1035,0,1782360648.261446,0.0021209716796875
168476,normal,1724,0,1782360648.2634254,0.001979351043701172
168477,normal,3613,0,1782360648.265229,0.0018036365509033203
168478,normal,1773,0,1782360648.2673612,0.0021321773529052734
168479,normal,430,0,1782360648.2693071,0.0019459724426269531
168480,normal,3017,0,1782360648.2716963,0.002389192581176758
168481,normal,2146,0,1782360648.2732985,0.0016021728515625
168482,normal,2005,0,1782360648.2753975,0.0020990371704101562
168483,normal,2755,0,1782360648.277307,0.001909494400024414
168484,normal,219,0,1782360648.2794404,0.0021333694458007812
168485,normal,112,0,1782360648.2813783,0.0019378662109375
168486,normal,2988,0,1782360648.2833006,0.0019223690032958984
168487,normal,1995,0,1782360648.285428,0.002127408981323242
168488,normal,1018,2,1782360648.2874079,0.001979827880859375
168489,normal,932,2,1782360648.2892976,0.0018897056579589844
168490,normal,3384,1,1782360648.2914927,0.002195119857788086
168491,normal,2468,0,1782360648.2932594,0.0017666816711425781
168492,normal,1158,0,1782360648.2954237,0.0021643638610839844
168493,normal,2734,0,1782360648.297297,0.0018732547760009766
168494,normal,1740,0,1782360648.2994082,0.002111196517944336
168495,normal,839,2,1782360648.3013346,0.001926422119140625
168496,normal,1508,0,1782360648.3034253,0.0020906925201416016
168497,normal,3363,1,1782360648.3054118,0.0019865036010742188
168498,normal,1808,0,1782360648.3073313,0.0019195079803466797
168499,normal,208,0,1782360648.3095853,0.002254009246826172
168500,normal,3669,0,1782360648.3112984,0.0017130374908447266
168501,normal,685,0,1782360648.3132474,0.0019490718841552734
168502,normal,772,2,1782360648.3153374,0.002089977264404297
168503,normal,3046,1,1782360648.3173382,0.0020008087158203125
168504,normal,1373,1,1782360648.3192666,0.0019283294677734375
168505,normal,877,2,1782360648.3212585,0.0019919872283935547
168506,normal,1335,1,1782360648.323264,0.002005338668823242
168507,normal,2836,0,1782360648.3253126,0.0020487308502197266
168508,normal,2879,0,1782360648.3272555,0.0019428730010986328
168509,normal,740,0,1782360648.3293135,0.0020580291748046875
168510,normal,2323,0,1782360648.3313498,0.0020363330841064453
168511,normal,401,0,1782360648.3333964,0.0020465850830078125
168512,normal,2644,0,1782360648.3355658,0.002169370651245117
168513,normal,2210,0,1782360648.3372252,0.001659393310546875
168514,normal,3177,1,1782360648.3393586,0.0021333694458007812
168515,normal,1657,0,1782360648.3414173,0.002058744430541992
168516,normal,3421,0,1782360648.3433046,0.0018873214721679688
168517,normal,1559,0,1782360648.3452575,0.0019528865814208984
168518,normal,246,0,1782360648.3472521,0.001994609832763672
168519,normal,1090,0,1782360648.3492966,0.0020444393157958984
168520,normal,23,0,1782360648.3512142,0.0019176006317138672
168521,normal,2075,0,1782360648.3534324,0.0022182464599609375
168522,normal,3677,0,1782360648.3552709,0.0018384456634521484
168523,normal,1192,0,1782360648.3572495,0.001978635787963867
168524,normal,645,0,1782360648.3591614,0.0019118785858154297
168525,normal,1994,0,1782360648.361248,0.002086639404296875
168526,normal,2082,0,1782360648.3632538,0.0020058155059814453
168527,normal,2343,0,1782360648.3655932,0.0023393630981445312
168528,normal,1455,0,1782360648.3674614,0.0018682479858398438
168529,normal,3678,0,1782360648.369406,0.0019445419311523438
168530,normal,2789,0,1782360648.3711836,0.00177764892578125
168531,normal,618,0,1782360648.3731494,0.001965761184692383
168532,normal,2980,0,1782360648.3751638,0.0020143985748291016
168533,normal,2470,0,1782360648.3771539,0.001990079879760742
168534,normal,453,0,1782360648.379351,0.0021970272064208984
168535,normal,936,2,1782360648.3813696,0.0020186901092529297
168536,normal,1395,0,1782360648.3832974,0.0019278526306152344
168537,normal,531,0,1782360648.3852842,0.0019867420196533203
168538,normal,2126,0,1782360648.3872793,0.001995086669921875
168539,normal,2934,0,1782360648.389295,0.002015829086303711
168540,normal,766,0,1782360648.3912864,0.00199127197265625
168541,normal,19,0,1782360648.393535,0.002248525619506836
168542,normal,1753,0,1782360648.3953714,0.001836538314819336
168543,normal,3292,1,1782360648.3973823,0.002010822296142578
168544,normal,3327,1,1782360648.3993917,0.0020093917846679688
168545,normal,1106,0,1782360648.4014294,0.0020377635955810547
168546,normal,920,2,1782360648.4032967,0.0018672943115234375
168547,normal,2224,0,1782360648.4056182,0.002321481704711914
168548,normal,1719,0,1782360648.4074237,0.0018055438995361328
168549,normal,1850,0,1782360648.4092019,0.0017781257629394531
168550,normal,1962,0,1782360648.4114995,0.002297639846801758
168551,normal,2538,0,1782360648.4135346,0.0020351409912109375
168552,normal,128,0,1782360648.4152002,0.0016655921936035156
168553,normal,617,0,1782360648.4172752,0.0020749568939208984
168554,normal,2516,0,1782360648.419188,0.001912832260131836
168555,normal,61,0,1782360648.4213023,0.0021142959594726562
168556,normal,33,0,1782360648.4234173,0.002115011215209961
168557,normal,3577,0,1782360648.425289,0.0018715858459472656
168558,normal,3246,1,1782360648.4272988,0.002009868621826172
168559,normal,3057,1,1782360648.4292939,0.001995086669921875
168560,normal,405,0,1782360648.4313877,0.002093791961669922
168561,normal,1253,0,1782360648.4332857,0.001898050308227539
168562,normal,227,0,1782360648.4353538,0.002068042755126953
168563,normal,402,0,1782360648.4374382,0.002084493637084961
168564,normal,929,2,1782360648.4392786,0.001840353012084961
168565,normal,39,0,1782360648.441258,0.001979351043701172
168566,normal,3433,0,1782360648.4432123,0.001954317092895508
168567,normal,3532,0,1782360648.4453146,0.002102375030517578
168568,normal,2062,0,1782360648.4472814,0.001966714859008789
168569,normal,3468,0,1782360648.4493477,0.002066373825073242
168570,normal,1388,0,1782360648.4511874,0.0018396377563476562
168571,normal,2660,0,1782360648.4531715,0.001984119415283203
168572,normal,1653,0,1782360648.4552789,0.002107381820678711
168573,normal,3486,0,1782360648.4572778,0.0019989013671875
168574,normal,2905,0,1782360648.4592738,0.0019960403442382812
168575,normal,3651,0,1782360648.4612784,0.0020046234130859375
168576,normal,1891,0,1782360648.4632738,0.0019953250885009766
168577,normal,3491,0,1782360648.4652915,0.0020177364349365234
168578,normal,2161,0,1782360648.467291,0.0019996166229248047
168579,normal,1085,0,1782360648.4693403,0.0020492076873779297
168580,normal,2501,0,1782360648.4713013,0.0019609928131103516
168581,normal,582,0,1782360648.473272,0.0019707679748535156
168582,normal,283,0,1782360648.4752767,0.0020046234130859375
168583,normal,3553,0,1782360648.477271,0.0019943714141845703
168584,normal,986,2,1782360648.479272,0.0020008087158203125
168585,normal,1355,1,1782360648.481269,0.0019969940185546875
168586,normal,418,0,1782360648.4832933,0.002024412155151367
168587,normal,1341,1,1782360648.4853456,0.00205230712890625
168588,normal,422,0,1782360648.487424,0.0020782947540283203
168589,normal,613,0,1782360648.4893076,0.0018837451934814453
168590,normal,3123,1,1782360648.4912884,0.0019807815551757812
168591,normal,1575,0,1782360648.4932873,0.0019989013671875
168592,normal,403,0,1782360648.4952974,0.0020101070404052734
168593,normal,2430,0,1782360648.4972863,0.0019888877868652344
168594,normal,51,0,1782360648.499169,0.001882791519165039
168595,normal,3439,0,1782360648.501273,0.0021038055419921875
168596,normal,3041,0,1782360648.5033193,0.002046346664428711
168597,normal,1547,0,1782360648.5053694,0.002050161361694336
168598,normal,1265,0,1782360648.5073602,0.001990795135498047
168599,normal,324,0,1782360648.509297,0.0019366741180419922
168600,normal,3157,1,1782360648.5114179,0.0021209716796875
168601,normal,3600,0,1782360648.5135846,0.002166748046875
168602,normal,2127,0,1782360648.5152586,0.0016739368438720703
168603,normal,1981,0,1782360648.5174518,0.0021932125091552734
168604,normal,1132,0,1782360648.5193381,0.0018863677978515625
168605,normal,1100,0,1782360648.5213675,0.0020294189453125
168606,normal,3242,1,1782360648.523276,0.0019085407257080078
168607,normal,1403,0,1782360648.525264,0.001987934112548828
168608,normal,3563,0,1782360648.5272677,0.0020036697387695312
168609,normal,3117,1,1782360648.529394,0.0021262168884277344
168610,normal,2215,0,1782360648.5313134,0.0019195079803466797
168611,normal,101,0,1782360648.5332644,0.001950979232788086
168612,normal,2515,0,1782360648.5352883,0.002023935317993164
168613,normal,2057,0,1782360648.5372682,0.001979827880859375
168614,normal,3603,0,1782360648.5392714,0.002003192901611328
168615,normal,545,0,1782360648.5418673,0.0025959014892578125
168616,normal,3262,1,1782360648.5432982,0.0014309883117675781
168617,normal,898,2,1782360648.5453072,0.0020089149475097656
168618,normal,595,0,1782360648.5473073,0.002000093460083008
168619,normal,339,0,1782360648.5493107,0.0020034313201904297
168620,normal,2192,0,1782360648.5513098,0.0019991397857666016
168621,normal,1138,0,1782360648.5533485,0.002038717269897461
168622,normal,2613,0,1782360648.5553288,0.001980304718017578
168623,normal,3526,0,1782360648.557381,0.0020520687103271484
168624,normal,3637,0,1782360648.5592818,0.0019009113311767578
168625,normal,3461,0,1782360648.561291,0.002009153366088867
168626,normal,2622,0,1782360648.5633018,0.002010822296142578
168627,normal,3397,1,1782360648.5652921,0.0019903182983398438
168628,normal,821,2,1782360648.5673106,0.002018451690673828
168629,normal,1498,0,1782360648.5694284,0.0021178722381591797
168630,normal,2410,0,1782360648.5714157,0.0019872188568115234
168631,normal,1399,0,1782360648.5733812,0.0019655227661132812
168632,normal,1495,0,1782360648.5753837,0.0020024776458740234
168633,normal,10,0,1782360648.577291,0.0019073486328125
168634,normal,244,0,1782360648.5793884,0.0020973682403564453
168635,normal,2898,0,1782360648.5811937,0.0018053054809570312
168636,normal,1997,0,1782360648.5836236,0.002429962158203125
168637,normal,1665,0,1782360648.5854201,0.0017964839935302734
168638,normal,2079,0,1782360648.5872612,0.0018410682678222656
168639,normal,1235,0,1782360648.5896122,0.002351045608520508
168640,normal,2764,0,1782360648.591509,0.0018968582153320312
168641,normal,3267,1,1782360648.5933394,0.0018303394317626953
168642,normal,563,0,1782360648.5952733,0.0019338130950927734
168643,normal,1655,0,1782360648.5972807,0.0020074844360351562
168644,normal,834,2,1782360648.5993032,0.0020225048065185547
168645,normal,1183,0,1782360648.6012976,0.0019943714141845703
168646,normal,817,2,1782360648.6032944,0.001996755599975586
168647,normal,2367,0,1782360648.605301,0.00200653076171875
168648,normal,1562,0,1782360648.6072874,0.0019865036010742188
168649,normal,2849,0,1782360648.6092966,0.002009153366088867
168650,normal,2434,0,1782360648.6113205,0.002023935317993164
168651,normal,3557,0,1782360648.6134624,0.0021419525146484375
168652,normal,41,0,1782360648.61534,0.0018775463104248047
168653,normal,2028,0,1782360648.6172976,0.0019576549530029297
168654,normal,2069,0,1782360648.620011,0.002713441848754883
168655,normal,2182,0,1782360648.621209,0.00119781494140625
168656,normal,263,0,1782360648.6233213,0.0021123886108398438
168657,normal,313,0,1782360648.6253424,0.0020210742950439453
168658,normal,267,0,1782360648.627352,0.0020096302032470703
168659,normal,597,0,1782360648.6292722,0.0019202232360839844
168660,normal,969,2,1782360648.6312666,0.0019943714141845703
168661,normal,3196,1,1782360648.633274,0.0020074844360351562
168662,normal,3598,0,1782360648.6352816,0.0020074844360351562
168663,normal,3414,0,1782360648.637271,0.0019893646240234375
168664,normal,1043,0,1782360648.6392782,0.0020072460174560547
168665,normal,1121,0,1782360648.6412873,0.002009153366088867
168666,normal,3416,0,1782360648.643285,0.001997709274291992
168667,normal,1703,0,1782360648.6452832,0.0019981861114501953
168668,normal,2791,0,1782360648.6473336,0.0020503997802734375
168669,normal,1323,1,1782360648.6492748,0.0019412040710449219
168670,normal,2228,0,1782360648.6512535,0.001978635787963867
168671,normal,2137,0,1782360648.6531963,0.0019428730010986328
168672,normal,2235,0,1782360648.6552775,0.002081155776977539
168673,normal,2012,0,1782360648.657281,0.0020034313201904297
168674,normal,738,0,1782360648.6593008,0.0020198822021484375
168675,normal,76,0,1782360648.6613176,0.002016782760620117
168676,normal,303,0,1782360648.663328,0.002010345458984375
168677,normal,972,2,1782360648.6653306,0.002002716064453125
168678,normal,1092,0,1782360648.6673074,0.0019767284393310547
168679,normal,3687,0,1782360648.6692772,0.0019698143005371094
168680,normal,2822,0,1782360648.6712863,0.002009153366088867
168681,normal,611,0,1782360648.6732905,0.0020041465759277344
168682,normal,3555,0,1782360648.675263,0.0019724369049072266
168683,normal,1208,0,1782360648.6772432,0.001980304718017578
168684,normal,2985,0,1782360648.6792572,0.0020139217376708984
168685,normal,1692,0,1782360648.6812596,0.0020024776458740234
168686,normal,2112,0,1782360648.6833572,0.002097606658935547
168687,normal,2635,0,1782360648.6852949,0.0019376277923583984
168688,normal,1666,0,1782360648.6872373,0.0019423961639404297
168689,normal,1674,0,1782360648.6893911,0.0021538734436035156
168690,normal,2832,0,1782360648.691293,0.001901865005493164
168691,normal,3326,1,1782360648.6933897,0.0020966529846191406
168692,normal,3333,1,1782360648.695353,0.001963376998901367
168693,normal,2132,0,1782360648.697422,0.0020689964294433594
168694,normal,1162,0,1782360648.6992626,0.0018405914306640625
168695,normal,901,2,1782360648.7012534,0.001990795135498047
168696,normal,518,0,1782360648.7032506,0.001997232437133789
168697,normal,252,0,1782360648.7052462,0.001995563507080078
168698,normal,2394,0,1782360648.707417,0.0021708011627197266
168699,normal,344,0,1782360648.7091618,0.0017447471618652344
168700,normal,760,0,1782360648.7112422,0.0020804405212402344
168701,normal,2440,0,1782360648.7132628,0.002020597457885742
168702,normal,2261,0,1782360648.715244,0.0019812583923339844
168703,normal,3420,0,1782360648.7172897,0.0020456314086914062
168704,normal,3298,1,1782360648.7193694,0.0020797252655029297
168705,normal,477,0,1782360648.721295,0.0019257068634033203
168706,normal,1649,0,1782360648.7233658,0.0020706653594970703
168707,normal,2292,0,1782360648.725395,0.0020291805267333984
168708,normal,322,0,1782360648.7272692,0.0018742084503173828
168709,normal,1626,0,1782360648.7292676,0.001998424530029297
168710,normal,631,0,1782360648.731283,0.002015352249145508
168711,normal,1270,0,1782360648.7332637,0.0019807815551757812
168712,normal,1771,0,1782360648.7354476,0.0021839141845703125
168713,normal,2556,0,1782360648.7372603,0.0018126964569091797
168714,normal,2307,0,1782360648.7392497,0.0019893646240234375
168715,normal,3337,1,1782360648.741251,0.0020012855529785156
168716,normal,2578,0,1782360648.7432632,0.0020122528076171875
168717,normal,1350,1,1782360648.74526,0.001996755599975586
168718,normal,2564,0,1782360648.747262,0.0020020008087158203
168719,normal,573,0,1782360648.7492628,0.0020008087158203125
168720,normal,2212,0,1782360648.7512639,0.002001047134399414
168721,normal,3537,0,1782360648.753282,0.0020182132720947266
168722,normal,2194,0,1782360648.7552931,0.0020110607147216797
168723,normal,2702,0,1782360648.7572696,0.001976490020751953
168724,normal,2439,0,1782360648.759348,0.0020782947540283203
168725,normal,1048,0,1782360648.761403,0.0020551681518554688
168726,normal,1099,0,1782360648.7632673,0.0018641948699951172
168727,normal,808,2,1782360648.7653432,0.0020759105682373047
168728,normal,2817,0,1782360648.7673979,0.0020546913146972656
168729,normal,2207,0,1782360648.7693624,0.001964569091796875
168730,normal,1287,0,1782360648.771252,0.0018894672393798828
168731,normal,276,0,1782360648.7733092,0.002057313919067383
168732,normal,1523,0,1782360648.7753015,0.0019922256469726562
168733,normal,2956,0,1782360648.7773237,0.002022266387939453
168734,normal,2160,0,1782360648.779369,0.0020453929901123047
168735,normal,2647,0,1782360648.781373,0.002003908157348633
168736,normal,3058,1,1782360648.783384,0.0020110607147216797
168737,normal,2871,0,1782360648.785166,0.0017819404602050781
168738,normal,1681,0,1782360648.7872086,0.002042531967163086
168739,normal,444,0,1782360648.7894306,0.0022220611572265625
168740,normal,3226,1,1782360648.791408,0.0019774436950683594
168741,normal,3459,0,1782360648.7934875,0.002079486846923828
168742,normal,292,0,1782360648.7953506,0.0018630027770996094
168743,normal,1123,0,1782360648.7973268,0.0019762516021728516
168744,normal,3472,0,1782360648.7993405,0.002013683319091797
168745,normal,2403,0,1782360648.8013458,0.002005338668823242
168746,normal,2941,0,1782360648.8038378,0.0024919509887695312
168747,normal,308,0,1782360648.805216,0.0013782978057861328
168748,normal,2389,0,1782360648.8072674,0.0020513534545898438
168749,normal,2756,0,1782360648.8092933,0.0020258426666259766
168750,normal,1802,0,1782360648.8112786,0.001985311508178711
168751,normal,400,0,1782360648.8132732,0.001994609832763672
168752,normal,2353,0,1782360648.8152814,0.002008199691772461
168753,normal,2868,0,1782360648.8172727,0.00199127197265625
168754,normal,2566,0,1782360648.8192742,0.002001523971557617
168755,normal,3335,1,1782360648.8212805,0.0020062923431396484
168756,normal,3209,1,1782360648.8233294,0.002048969268798828
168757,normal,646,0,1782360648.8252878,0.0019583702087402344
168758,normal,472,0,1782360648.8272774,0.001989603042602539
168759,normal,1369,1,1782360648.8292727,0.0019953250885009766
168760,normal,1047,0,1782360648.8312705,0.001997709274291992
168761,normal,1889,0,1782360648.8332767,0.0020062923431396484
168762,normal,3387,1,1782360648.835271,0.0019941329956054688
168763,normal,3280,1,1782360648.8372986,0.002027750015258789
168764,normal,2487,0,1782360648.8393226,0.002023935317993164
168765,normal,166,0,1782360648.8414674,0.0021448135375976562
168766,normal,420,0,1782360648.8432844,0.0018169879913330078
168767,normal,1528,0,1782360648.845277,0.0019927024841308594
168768,normal,2933,0,1782360648.8473227,0.0020456314086914062
168769,normal,3007,0,1782360648.8492715,0.0019488334655761719
168770,normal,1957,0,1782360648.8512669,0.0019953250885009766
168771,normal,2981,0,1782360648.8531606,0.001893758773803711
168772,normal,2379,0,1782360648.8552504,0.0020897388458251953
168773,normal,205,0,1782360648.8573015,0.002051115036010742
168774,normal,3584,0,1782360648.8593273,0.0020258426666259766
168775,normal,2097,0,1782360648.8613214,0.0019941329956054688
168776,normal,2257,0,1782360648.86342,0.002098560333251953
168777,normal,2428,0,1782360648.865325,0.0019049644470214844
168778,normal,350,0,1782360648.867416,0.002090930938720703
168779,normal,2824,0,1782360648.8692367,0.0018208026885986328
168780,normal,1780,0,1782360648.8714168,0.0021800994873046875
168781,normal,2996,0,1782360648.8733938,0.0019769668579101562
168782,normal,1401,0,1782360648.8752522,0.0018584728240966797
168783,normal,921,2,1782360648.877163,0.0019106864929199219
168784,normal,1629,0,1782360648.8792515,0.0020885467529296875
168785,normal,1426,0,1782360648.881255,0.0020034313201904297
168786,normal,930,2,1782360648.8832731,0.0020182132720947266
168787,normal,2857,0,1782360648.8853402,0.002067089080810547
168788,normal,1065,0,1782360648.887285,0.0019447803497314453
168789,normal,1191,0,1782360648.8892505,0.0019655227661132812
168790,normal,1900,0,1782360648.8912473,0.001996755599975586
168791,normal,736,0,1782360648.8932567,0.0020093917846679688
168792,normal,1019,2,1782360648.8954182,0.0021615028381347656
168793,normal,2508,0,1782360648.8976483,0.0022301673889160156
168794,normal,1790,0,1782360648.899291,0.0016427040100097656
168795,normal,437,0,1782360648.9013069,0.002015829086303711
168796,normal,530,0,1782360648.9033155,0.002008676528930664
168797,normal,2263,0,1782360648.9053113,0.0019958019256591797
168798,normal,2759,0,1782360648.90731,0.0019986629486083984
168799,normal,3692,0,1782360648.9094083,0.0020983219146728516
168800,normal,809,2,1782360648.911328,0.0019197463989257812
168801,normal,3205,1,1782360648.9132934,0.0019652843475341797
168802,normal,2882,0,1782360648.9153025,0.002009153366088867
168803,normal,803,2,1782360648.917305,0.0020024776458740234
168804,normal,967,2,1782360648.9193127,0.002007722854614258
168805,normal,1252,0,1782360648.9213202,0.0020074844360351562
168806,normal,3003,0,1782360648.9234133,0.002093076705932617
168807,normal,1552,0,1782360648.9253685,0.001955270767211914
168808,normal,2676,0,1782360648.9274106,0.002042055130004883
168809,normal,3180,1,1782360648.9293058,0.0018951892852783203
168810,normal,1776,0,1782360648.9314377,0.002131938934326172
168811,normal,2973,0,1782360648.9335387,0.0021009445190429688
168812,normal,1015,2,1782360648.9355712,0.0020325183868408203
168813,normal,1020,2,1782360648.9373043,0.0017330646514892578
168814,normal,1497,0,1782360648.9394498,0.002145528793334961
168815,normal,257,0,1782360648.9414687,0.0020189285278320312
168816,normal,1749,0,1782360648.9433918,0.0019230842590332031
168817,normal,703,0,1782360648.94535,0.001958131790161133
168818,normal,3149,1,1782360648.9473674,0.002017498016357422
168819,normal,2476,0,1782360648.9493003,0.0019328594207763672
168820,normal,1759,0,1782360648.9514225,0.002122163772583008
168821,normal,1743,0,1782360648.9533446,0.0019221305847167969
168822,normal,3107,1,1782360648.9554315,0.0020868778228759766
168823,normal,3447,0,1782360648.957318,0.001886606216430664
168824,normal,1129,0,1782360648.959424,0.0021059513092041016
168825,normal,1814,0,1782360648.9613028,0.0018787384033203125
168826,normal,1941,0,1782360648.9635775,0.002274751663208008
168827,normal,2691,0,1782360648.965472,0.0018944740295410156
168828,normal,3050,1,1782360648.9673045,0.0018324851989746094
168829,normal,2614,0,1782360648.969481,0.002176523208618164
168830,normal,3430,0,1782360648.9712303,0.001749277114868164
168831,normal,1146,0,1782360648.9734569,0.002226591110229492
168832,normal,1293,0,1782360648.9753716,0.0019147396087646484
168833,normal,29,0,1782360648.9773993,0.002027750015258789
168834,normal,1717,0,1782360648.979348,0.0019485950469970703
168835,normal,3075,1,1782360648.9814286,0.002080678939819336
168836,normal,1089,0,1782360648.983387,0.0019583702087402344
168837,normal,788,2,1782360648.985322,0.0019350051879882812
168838,normal,1073,0,1782360648.9874141,0.002092123031616211
168839,normal,3053,1,1782360648.989387,0.0019729137420654297
168840,normal,173,0,1782360648.9913316,0.0019445419311523438
168841,normal,1033,0,1782360648.9934566,0.0021250247955322266
168842,normal,855,2,1782360648.995452,0.0019953250885009766
168843,normal,601,0,1782360648.9973514,0.0018994808197021484
168844,normal,687,0,1782360648.9994524,0.0021009445190429688
168845,normal,1569,0,1782360649.0014083,0.0019559860229492188
168846,normal,286,0,1782360649.0033295,0.0019211769104003906
168847,normal,878,2,1782360649.0054169,0.0020873546600341797
168848,normal,3148,1,1782360649.007399,0.0019822120666503906
168849,normal,3228,1,1782360649.0093236,0.0019245147705078125
168850,normal,1510,0,1782360649.0114455,0.0021219253540039062
168851,normal,1120,0,1782360649.0133138,0.0018682479858398438
168852,normal,147,0,1782360649.0154412,0.002127408981323242
168853,normal,2201,0,1782360649.017349,0.0019078254699707031
168854,normal,2507,0,1782360649.019467,0.0021181106567382812
168855,normal,2344,0,1782360649.0213435,0.0018763542175292969
168856,normal,774,2,1782360649.0234356,0.002092123031616211
168857,normal,2279,0,1782360649.0253801,0.0019445419311523438
168858,normal,1841,0,1782360649.027312,0.001931905746459961
168859,normal,3318,1,1782360649.0294123,0.002100229263305664
168860,normal,1272,0,1782360649.0313976,0.001985311508178711
168861,normal,2280,0,1782360649.0332947,0.0018970966339111328
168862,normal,31,0,1782360649.0354757,0.0021810531616210938
168863,normal,2498,0,1782360649.037466,0.0019903182983398438
168864,normal,1283,0,1782360649.0393527,0.001886606216430664
168865,normal,1544,0,1782360649.0414534,0.002100706100463867
168866,normal,1201,0,1782360649.043376,0.001922607421875
168867,normal,2014,0,1782360649.045442,0.0020661354064941406
168868,normal,1697,0,1782360649.0475001,0.0020580291748046875
168869,normal,388,0,1782360649.0492294,0.0017292499542236328
168870,normal,1006,2,1782360649.0514274,0.0021979808807373047
168871,normal,3301,1,1782360649.0533075,0.0018801689147949219
168872,normal,557,0,1782360649.055316,0.0020084381103515625
168873,normal,1527,0,1782360649.0574827,0.002166748046875
168874,normal,1171,0,1782360649.0593102,0.0018274784088134766
168875,normal,904,2,1782360649.0613186,0.0020084381103515625
168876,normal,1274,0,1782360649.0633078,0.001989126205444336
168877,normal,2256,0,1782360649.0653553,0.0020475387573242188
168878,normal,3239,1,1782360649.067546,0.0021905899047851562
168879,normal,210,0,1782360649.0695055,0.001959562301635742
168880,normal,3451,0,1782360649.0714245,0.0019190311431884766
168881,normal,1635,0,1782360649.0732236,0.0017991065979003906
168882,normal,1352,1,1782360649.0754352,0.0022115707397460938
168883,normal,1791,0,1782360649.0772169,0.0017817020416259766
168884,normal,2338,0,1782360649.0792193,0.0020024776458740234
168885,normal,3591,0,1782360649.0813873,0.002167940139770508
168886,normal,731,0,1782360649.0832283,0.0018410682678222656
168887,normal,2772,0,1782360649.0854728,0.0022444725036621094
168888,normal,3649,0,1782360649.0872993,0.0018265247344970703
168889,normal,2530,0,1782360649.0894308,0.0021314620971679688
168890,normal,634,0,1782360649.091361,0.00193023681640625
168891,normal,3299,1,1782360649.093582,0.0022208690643310547
168892,normal,3373,1,1782360649.09519,0.001608133316040039
168893,normal,2541,0,1782360649.097419,0.002228975296020508
168894,normal,2861,0,1782360649.0992777,0.0018587112426757812
168895,normal,3276,1,1782360649.1013858,0.0021080970764160156
168896,normal,1319,1,1782360649.1032867,0.0019009113311767578
168897,normal,3604,0,1782360649.1053824,0.0020956993103027344
168898,normal,1091,0,1782360649.107368,0.0019855499267578125
168899,normal,2567,0,1782360649.1092844,0.0019164085388183594
168900,normal,3059,1,1782360649.1115549,0.0022704601287841797
168901,normal,3093,1,1782360649.1134129,0.0018579959869384766
168902,normal,1815,0,1782360649.115249,0.0018360614776611328
168903,normal,1097,0,1782360649.117575,0.0023260116577148438
168904,normal,548,0,1782360649.1193063,0.0017313957214355469
168905,normal,1130,0,1782360649.121396,0.0020897388458251953
168906,normal,1677,0,1782360649.1232452,0.0018491744995117188
168907,normal,2349,0,1782360649.1253147,0.0020694732666015625
168908,normal,1833,0,1782360649.127372,0.002057313919067383
168909,normal,1316,0,1782360649.1293044,0.001932382583618164
168910,normal,3410,0,1782360649.131277,0.001972675323486328
168911,normal,956,2,1782360649.1332767,0.0019996166229248047
168912,normal,2001,0,1782360649.1352656,0.0019888877868652344
168913,normal,1383,0,1782360649.1372657,0.002000093460083008
168914,normal,797,2,1782360649.1392975,0.0020318031311035156
168915,normal,1878,0,1782360649.1413221,0.0020246505737304688
168916,normal,2274,0,1782360649.1433372,0.0020151138305664062
168917,normal,2752,0,1782360649.145326,0.001988649368286133
168918,normal,2423,0,1782360649.147202,0.0018761157989501953
168919,normal,3233,1,1782360649.1493056,0.002103567123413086
168920,normal,940,2,1782360649.1513186,0.002012968063354492
168921,normal,942,2,1782360649.1533387,0.002020120620727539
168922,normal,2055,0,1782360649.1553178,0.0019791126251220703
168923,normal,365,0,1782360649.1572433,0.0019254684448242188
168924,normal,348,0,1782360649.1591825,0.0019392967224121094
168925,normal,1348,1,1782360649.161263,0.0020804405212402344
168926,normal,192,0,1782360649.1632638,0.0020008087158203125
168927,normal,2825,0,1782360649.165264,0.002000093460083008
168928,normal,1589,0,1782360649.1672704,0.00200653076171875
168929,normal,2106,0,1782360649.1692812,0.002010822296142578
168930,normal,2013,0,1782360649.171272,0.001990795135498047
168931,normal,3365,1,1782360649.1733427,0.0020706653594970703
168932,normal,2198,0,1782360649.1752768,0.001934051513671875
168933,normal,1277,0,1782360649.177251,0.001974344253540039
168934,normal,604,0,1782360649.1791828,0.0019316673278808594
168935,normal,2315,0,1782360649.1812723,0.0020895004272460938
168936,normal,1032,0,1782360649.1832802,0.0020079612731933594
168937,normal,1467,0,1782360649.1852646,0.0019843578338623047
168938,normal,233,0,1782360649.1873078,0.0020432472229003906
168939,normal,3701,0,1782360649.1893182,0.002010345458984375
168940,normal,3582,0,1782360649.1913335,0.002015352249145508
168941,normal,935,2,1782360649.193345,0.002011537551879883
168942,normal,32,0,1782360649.1952767,0.0019316673278808594
168943,normal,3523,0,1782360649.1972659,0.001989126205444336
168944,normal,2915,0,1782360649.1991835,0.0019176006317138672
168945,normal,833,2,1782360649.2012758,0.0020923614501953125
168946,normal,1915,0,1782360649.2032526,0.0019767284393310547
168947,normal,3263,1,1782360649.2052574,0.002004861831665039
168948,normal,2490,0,1782360649.2072532,0.0019958019256591797
168949,normal,3212,1,1782360649.2093182,0.002064943313598633
168950,normal,2376,0,1782360649.2113214,0.002003192901611328
168951,normal,913,2,1782360649.2133071,0.001985788345336914
168952,normal,590,0,1782360649.2154136,0.0021064281463623047
168953,normal,1051,0,1782360649.2173998,0.001986265182495117
168954,normal,1016,2,1782360649.219375,0.0019750595092773438
168955,normal,2321,0,1782360649.2217612,0.002386331558227539
168956,normal,3502,0,1782360649.2233157,0.0015544891357421875
168957,normal,3140,1,1782360649.2254016,0.0020859241485595703
168958,normal,1698,0,1782360649.22726,0.0018584728240966797
168959,normal,825,2,1782360649.2292652,0.0020051002502441406
168960,normal,2191,0,1782360649.2311714,0.0019061565399169922
168961,normal,394,0,1782360649.2332492,0.002077817916870117
168962,normal,3347,1,1782360649.2353618,0.0021126270294189453
168963,normal,826,2,1782360649.2371695,0.0018076896667480469
168964,normal,1067,0,1782360649.239248,0.002078533172607422
168965,normal,2625,0,1782360649.2412515,0.0020034313201904297
168966,normal,651,0,1782360649.2432413,0.0019898414611816406
168967,normal,2864,0,1782360649.2452705,0.0020291805267333984
168968,normal,705,0,1782360649.2473786,0.0021080970764160156
168969,normal,850,2,1782360649.2492876,0.001909017562866211
168970,normal,714,0,1782360649.2513542,0.0020666122436523438
168971,normal,1118,0,1782360649.2533019,0.001947641372680664
168972,normal,1234,0,1782360649.2552795,0.001977682113647461
168973,normal,2011,0,1782360649.2572665,0.001986980438232422
168974,normal,828,2,1782360649.2592711,0.0020046234130859375
168975,normal,2052,0,1782360649.2612648,0.0019936561584472656
168976,normal,870,2,1782360649.2634685,0.002203702926635742
168977,normal,1664,0,1782360649.2652488,0.0017802715301513672
168978,normal,1072,0,1782360649.2672532,0.002004384994506836
168979,normal,269,0,1782360649.269265,0.0020117759704589844
168980,normal,355,0,1782360649.2712681,0.002003192901611328
168981,normal,1010,2,1782360649.2732668,0.0019986629486083984
168982,normal,3086,1,1782360649.275266,0.0019991397857666016
168983,normal,610,0,1782360649.2772617,0.0019958019256591797
168984,normal,1215,0,1782360649.2792788,0.0020170211791992188
168985,normal,3128,1,1782360649.2813017,0.002022981643676758
168986,normal,2595,0,1782360649.283298,0.001996278762817383
168987,normal,486,0,1782360649.28527,0.0019719600677490234
168988,normal,814,2,1782360649.287529,0.0022590160369873047
168989,normal,3300,1,1782360649.2892964,0.0017673969268798828
168990,normal,1075,0,1782360649.2913487,0.00205230712890625
168991,normal,3403,0,1782360649.2933643,0.0020155906677246094
168992,normal,2278,0,1782360649.2953835,0.002019166946411133
168993,normal,2360,0,1782360649.2971835,0.0018000602722167969
168994,normal,3261,1,1782360649.2992156,0.002032041549682617
168995,normal,1639,0,1782360649.3013086,0.002093076705932617
168996,normal,293,0,1782360649.3032591,0.0019505023956298828
168997,normal,2179,0,1782360649.3053498,0.0020906925201416016
168998,normal,82,0,1782360649.3073637,0.0020139217376708984
168999,normal,37,0,1782360649.3094158,0.0020520687103271484
169000,normal,3514,0,1782360649.3113418,0.0019259452819824219
169001,normal,3641,0,1782360649.313254,0.0019123554229736328
169002,normal,2117,0,1782360649.31541,0.002155780792236328
169003,normal,2493,0,1782360649.3172288,0.0018188953399658203
169004,normal,1297,0,1782360649.3192155,0.0019867420196533203
169005,normal,806,2,1782360649.3211935,0.0019779205322265625
169006,normal,2451,0,1782360649.3232646,0.0020711421966552734
169007,normal,240,0,1782360649.3251445,0.0018799304962158203
169008,normal,2413,0,1782360649.3272283,0.0020837783813476562
169009,normal,3224,1,1782360649.329435,0.0022068023681640625
169010,normal,230,0,1782360649.331253,0.001817941665649414
169011,normal,2178,0,1782360649.3333104,0.002057313919067383
169012,normal,2747,0,1782360649.335714,0.002403736114501953
169013,normal,370,0,1782360649.3371696,0.001455545425415039
169014,normal,3610,0,1782360649.339277,0.002107381820678711
169015,normal,1156,0,1782360649.3412952,0.0020182132720947266
169016,normal,2906,0,1782360649.343301,0.0020058155059814453
169017,normal,715,0,1782360649.3454468,0.0021457672119140625
169018,normal,278,0,1782360649.3472717,0.0018248558044433594
169019,normal,2086,0,1782360649.3493145,0.0020427703857421875
169020,normal,385,0,1782360649.3512566,0.0019421577453613281
169021,normal,364,0,1782360649.353289,0.0020322799682617188
169022,normal,1489,0,1782360649.3553505,0.002061605453491211
169023,normal,2611,0,1782360649.357322,0.0019714832305908203
169024,normal,1382,0,1782360649.3592749,0.0019528865814208984
169025,normal,3367,1,1782360649.3612773,0.0020024776458740234
169026,normal,3689,0,1782360649.3632722,0.0019948482513427734
169027,normal,3341,1,1782360649.3652713,0.0019991397857666016
169028,normal,2499,0,1782360649.3672755,0.0020041465759277344
169029,normal,665,0,1782360649.3692813,0.0020058155059814453
169030,normal,2886,0,1782360649.3713167,0.002035379409790039
169031,normal,1625,0,1782360649.3735874,0.0022706985473632812
169032,normal,2655,0,1782360649.375196,0.0016086101531982422
169033,normal,2273,0,1782360649.377273,0.0020771026611328125
169034,normal,2030,0,1782360649.3792982,0.002025127410888672
169035,normal,273,0,1782360649.381299,0.0020008087158203125
169036,normal,137,0,1782360649.3832548,0.001955747604370117
169037,normal,2297,0,1782360649.385255,0.0020003318786621094
169038,normal,1279,0,1782360649.3872523,0.001997232437133789
169039,normal,1857,0,1782360649.3892522,0.0019998550415039062
169040,normal,989,2,1782360649.3913083,0.002056121826171875
169041,normal,265,0,1782360649.3933408,0.0020325183868408203
169042,normal,2761,0,1782360649.395333,0.0019922256469726562
169043,normal,1104,0,1782360649.3974056,0.002072572708129883
169044,normal,3646,0,1782360649.3992786,0.001873016357421875
169045,normal,2295,0,1782360649.4013846,0.0021059513092041016
169046,normal,2024,0,1782360649.4032433,0.0018587112426757812
169047,normal,2399,0,1782360649.4053662,0.0021228790283203125
169048,normal,2183,0,1782360649.407407,0.002040863037109375
169049,normal,2750,0,1782360649.4092352,0.0018281936645507812
169050,normal,346,0,1782360649.4112494,0.00201416015625
169051,normal,508,0,1782360649.4132469,0.0019974708557128906
169052,normal,1380,1,1782360649.415254,0.0020072460174560547
169053,normal,2638,0,1782360649.4173045,0.0020503997802734375
169054,normal,1696,0,1782360649.4193053,0.0020008087158203125
169055,normal,572,0,1782360649.4212513,0.0019459724426269531
169056,normal,2233,0,1782360649.4232492,0.0019979476928710938
169057,normal,2558,0,1782360649.4252481,0.0019989013671875
169058,normal,2036,0,1782360649.4272559,0.002007722854614258
169059,normal,183,0,1782360649.4296012,0.0023453235626220703
169060,normal,1105,0,1782360649.4315755,0.001974344253540039
169061,normal,542,0,1782360649.4332764,0.0017008781433105469
169062,normal,1794,0,1782360649.4352975,0.0020210742950439453
169063,normal,2334,0,1782360649.4373038,0.0020062923431396484
169064,normal,1137,0,1782360649.4392965,0.0019927024841308594
169065,normal,199,0,1782360649.4413066,0.0020101070404052734
169066,normal,1421,0,1782360649.4434876,0.0021810531616210938
169067,normal,3404,0,1782360649.445224,0.0017364025115966797
169068,normal,2435,0,1782360649.4472907,0.0020666122436523438
169069,normal,926,2,1782360649.449294,0.0020034313201904297
169070,normal,3220,1,1782360649.4512858,0.001991748809814453
169071,normal,3695,0,1782360649.453307,0.0020210742950439453
169072,normal,499,0,1782360649.4556115,0.002304553985595703
169073,normal,129,0,1782360649.4573982,0.0017867088317871094
169074,normal,44,0,1782360649.4593766,0.0019783973693847656
169075,normal,2572,0,1782360649.4613764,0.0019998550415039062
169076,normal,3111,1,1782360649.463382,0.0020055770874023438
169077,normal,2242,0,1782360649.4653745,0.001992464065551758
169078,normal,2081,0,1782360649.4675975,0.0022230148315429688
169079,normal,995,2,1782360649.469328,0.0017304420471191406
169080,normal,865,2,1782360649.4713445,0.0020165443420410156
169081,normal,853,2,1782360649.473731,0.0023865699768066406
169082,normal,2850,0,1782360649.4757085,0.0019774436950683594
169083,normal,3192,1,1782360649.477347,0.0016384124755859375
169084,normal,1603,0,1782360649.4792402,0.0018932819366455078
169085,normal,3431,0,1782360649.481274,0.002033710479736328
169086,normal,6,0,1782360649.4832568,0.0019829273223876953
169087,normal,2362,0,1782360649.4852805,0.0020236968994140625
169088,normal,3586,0,1782360649.487297,0.0020165443420410156
169089,normal,1441,0,1782360649.48928,0.0019829273223876953
169090,normal,2084,0,1782360649.4913082,0.002028226852416992
169091,normal,2870,0,1782360649.4932652,0.001956939697265625
169092,normal,938,2,1782360649.4952881,0.002022981643676758
169093,normal,2626,0,1782360649.4973145,0.0020263195037841797
169094,normal,785,2,1782360649.4993355,0.0020210742950439453
169095,normal,892,2,1782360649.501323,0.001987457275390625
169096,normal,2652,0,1782360649.5032485,0.0019254684448242188
169097,normal,2457,0,1782360649.5052233,0.001974821090698242
169098,normal,1848,0,1782360649.5073156,0.0020923614501953125
169099,normal,723,0,1782360649.5093377,0.0020220279693603516
169100,normal,679,0,1782360649.5113354,0.001997709274291992
169101,normal,2615,0,1782360649.5132613,0.0019259452819824219
169102,normal,2842,0,1782360649.5152647,0.0020034313201904297
169103,normal,3369,1,1782360649.5172775,0.0020127296447753906
169104,normal,1329,1,1782360649.519273,0.001995563507080078
169105,normal,1116,0,1782360649.521267,0.001993894577026367
169106,normal,2404,0,1782360649.5232832,0.002016305923461914
169107,normal,3412,0,1782360649.5251913,0.0019080638885498047
169108,normal,2808,0,1782360649.5272841,0.0020928382873535156
169109,normal,1056,0,1782360649.5293307,0.0020465850830078125
169110,normal,3388,1,1782360649.531309,0.001978158950805664
169111,normal,2088,0,1782360649.533273,0.001964092254638672
169112,normal,1419,0,1782360649.5352776,0.0020046234130859375
169113,normal,2587,0,1782360649.5372732,0.001995563507080078
169114,normal,688,0,1782360649.5392675,0.0019943714141845703
169115,normal,1141,0,1782360649.5412712,0.0020036697387695312
169116,normal,485,0,1782360649.5432856,0.0020143985748291016
169117,normal,1226,0,1782360649.5453212,0.0020356178283691406
169118,normal,2674,0,1782360649.5476284,0.0023071765899658203
169119,normal,2732,0,1782360649.549241,0.0016126632690429688
169120,normal,266,0,1782360649.551283,0.0020418167114257812
169121,normal,2609,0,1782360649.5532892,0.0020062923431396484
169122,normal,2523,0,1782360649.5552855,0.001996278762817383
169123,normal,72,0,1782360649.557258,0.0019724369049072266
169124,normal,2230,0,1782360649.55926,0.0020020008087158203
169125,normal,2657,0,1782360649.5612528,0.001992940902709961
169126,normal,1706,0,1782360649.5632794,0.0020265579223632812
169127,normal,673,0,1782360649.5653355,0.002056121826171875
169128,normal,616,0,1782360649.5673199,0.0019843578338623047
169129,normal,1318,0,1782360649.569323,0.002003192901611328
169130,normal,2646,0,1782360649.5713875,0.0020644664764404297
169131,normal,2570,0,1782360649.5734372,0.002049684524536133
169132,normal,2272,0,1782360649.575331,0.001893758773803711
169133,normal,1200,0,1782360649.577365,0.0020339488983154297
169134,normal,1029,2,1782360649.5794156,0.002050638198852539
169135,normal,3402,0,1782360649.581401,0.0019855499267578125
169136,normal,1577,0,1782360649.5831747,0.0017735958099365234
169137,normal,2311,0,1782360649.5852675,0.0020928382873535156
169138,normal,2683,0,1782360649.5872695,0.0020020008087158203
169139,normal,2777,0,1782360649.5892808,0.0020112991333007812
169140,normal,3079,1,1782360649.5914605,0.0021796226501464844
169141,normal,341,0,1782360649.5932732,0.0018126964569091797
169142,normal,1903,0,1782360649.5952673,0.0019941329956054688
169143,normal,927,2,1782360649.597267,0.0019996166229248047
169144,normal,213,0,1782360649.5992606,0.0019936561584472656
169145,normal,2175,0,1782360649.6019,0.0026395320892333984
169146,normal,3173,1,1782360649.6034293,0.0015292167663574219
169147,normal,297,0,1782360649.6053584,0.0019290447235107422
169148,normal,1250,0,1782360649.607321,0.0019626617431640625
169149,normal,534,0,1782360649.6093063,0.001985311508178711
169150,normal,2509,0,1782360649.611301,0.001994609832763672
169151,normal,1361,1,1782360649.6133907,0.0020897388458251953
169152,normal,816,2,1782360649.6152394,0.0018486976623535156
169153,normal,2874,0,1782360649.617324,0.0020847320556640625
169154,normal,1937,0,1782360649.619303,0.0019788742065429688
169155,normal,3487,0,1782360649.6212935,0.0019905567169189453
169156,normal,1228,0,1782360649.6233199,0.0020263195037841797
169157,normal,2522,0,1782360649.625226,0.0019061565399169922
169158,normal,1054,0,1782360649.6273186,0.002092599868774414
169159,normal,2159,0,1782360649.6296148,0.0022962093353271484
169160,normal,107,0,1782360649.6313674,0.001752614974975586
169161,normal,1411,0,1782360649.6333826,0.0020151138305664062
169162,normal,2643,0,1782360649.6353986,0.0020160675048828125
169163,normal,2488,0,1782360649.6373858,0.0019872188568115234
169164,normal,2512,0,1782360649.639384,0.0019981861114501953
169165,normal,1959,0,1782360649.6413403,0.0019562244415283203
169166,normal,2539,0,1782360649.6434288,0.0020885467529296875
169167,normal,2060,0,1782360649.6453896,0.00196075439453125
169168,normal,3498,0,1782360649.6473963,0.0020067691802978516
169169,normal,1627,0,1782360649.649186,0.0017895698547363281
169170,normal,55,0,1782360649.6514094,0.002223491668701172
169171,normal,3573,0,1782360649.6534276,0.0020182132720947266
169172,normal,1720,0,1782360649.6551824,0.0017547607421875
169173,normal,2431,0,1782360649.6572504,0.002068042755126953
169174,normal,3425,0,1782360649.6592836,0.002033233642578125
169175,normal,1917,0,1782360649.6612544,0.0019707679748535156
169176,normal,552,0,1782360649.6633866,0.0021321773529052734
169177,normal,1390,0,1782360649.6653,0.001913309097290039
169178,normal,3188,1,1782360649.6672943,0.0019943714141845703
169179,normal,3255,1,1782360649.6692743,0.0019800662994384766
169180,normal,295,0,1782360649.671321,0.0020465850830078125
169181,normal,1844,0,1782360649.6733353,0.0020143985748291016
169182,normal,1584,0,1782360649.6752818,0.0019464492797851562
169183,normal,357,0,1782360649.6773624,0.002080678939819336
169184,normal,3134,1,1782360649.6792505,0.0018880367279052734
169185,normal,2699,0,1782360649.6813307,0.002080202102661133
169186,normal,2860,0,1782360649.683338,0.0020072460174560547
169187,normal,272,0,1782360649.68528,0.0019421577453613281
169188,normal,2664,0,1782360649.6872382,0.001958131790161133
169189,normal,2519,0,1782360649.689272,0.002033710479736328
169190,normal,854,2,1782360649.6912916,0.002019643783569336
169191,normal,1375,1,1782360649.6932096,0.0019180774688720703
169192,normal,1869,0,1782360649.6952927,0.0020830631256103516
169193,normal,149,0,1782360649.6972075,0.0019147396087646484
169194,normal,3556,0,1782360649.6992688,0.0020613670349121094
169195,normal,2456,0,1782360649.7013016,0.002032756805419922
169196,normal,1291,0,1782360649.7031932,0.0018916130065917969
169197,normal,919,2,1782360649.7054193,0.002226114273071289
169198,normal,2880,0,1782360649.7073019,0.0018825531005859375
169199,normal,3570,0,1782360649.709293,0.0019910335540771484
169200,normal,3289,1,1782360649.7112787,0.001985788345336914
169201,normal,3344,1,1782360649.7132945,0.002015829086303711
169202,normal,452,0,1782360649.7152827,0.0019881725311279297
169203,normal,277,0,1782360649.7172906,0.0020079612731933594
169204,normal,3574,0,1782360649.719336,0.0020453929901123047
169205,normal,1885,0,1782360649.7213354,0.001999378204345703
169206,normal,3002,0,1782360649.7233465,0.0020110607147216797
169207,normal,2965,0,1782360649.7253628,0.002016305923461914
169208,normal,2142,0,1782360649.7272897,0.0019268989562988281
169209,normal,2565,0,1782360649.7292945,0.002004861831665039
169210,normal,310,0,1782360649.7312953,0.0020008087158203125
169211,normal,109,0,1782360649.7333143,0.0020189285278320312
169212,normal,457,0,1782360649.7351925,0.0018782615661621094
169213,normal,433,0,1782360649.7372725,0.0020799636840820312
169214,normal,2492,0,1782360649.7392557,0.001983165740966797
169215,normal,315,0,1782360649.7413225,0.0020668506622314453
169216,normal,1825,0,1782360649.7433538,0.0020313262939453125
169217,normal,2193,0,1782360649.7453427,0.0019888877868652344
169218,normal,2637,0,1782360649.7472458,0.0019030570983886719
169219,normal,3469,0,1782360649.7493947,0.002148866653442383
169220,normal,2110,0,1782360649.7515244,0.002129793167114258
169221,normal,3342,1,1782360649.7534504,0.0019259452819824219
169222,normal,1801,0,1782360649.7554634,0.002012968063354492
169223,normal,652,0,1782360649.757271,0.0018076896667480469
169224,normal,1001,2,1782360649.7592745,0.0020034313201904297
169225,normal,125,0,1782360649.761269,0.001994609832763672
169226,normal,2306,0,1782360649.7632535,0.0019843578338623047
169227,normal,1615,0,1782360649.7653084,0.002054929733276367
169228,normal,448,0,1782360649.7673528,0.0020444393157958984
169229,normal,144,0,1782360649.7691767,0.0018239021301269531
169230,normal,962,2,1782360649.7712588,0.0020821094512939453
169231,normal,762,0,1782360649.7732677,0.0020089149475097656
169232,normal,2974,0,1782360649.7752514,0.001983642578125
169233,normal,636,0,1782360649.7773438,0.0020923614501953125
169234,normal,1037,0,1782360649.779435,0.0020911693572998047
169235,normal,3303,1,1782360649.7813015,0.0018665790557861328
169236,normal,1407,0,1782360649.7835307,0.0022292137145996094
169237,normal,2813,0,1782360649.7854028,0.0018720626831054688
169238,normal,1154,0,1782360649.7871797,0.0017769336700439453
169239,normal,1923,0,1782360649.789296,0.0021162033081054688
169240,normal,3493,0,1782360649.7912962,0.0020003318786621094
169241,normal,3222,1,1782360649.7932785,0.0019822120666503906
169242,normal,3443,0,1782360649.7955837,0.002305269241333008
169243,normal,2704,0,1782360649.7973561,0.0017724037170410156
169244,normal,2834,0,1782360649.7991233,0.0017671585083007812
169245,normal,1879,0,1782360649.8012707,0.0021474361419677734
169246,normal,1339,1,1782360649.8032725,0.0020017623901367188
169247,normal,1849,0,1782360649.8052833,0.002010822296142578
169248,normal,843,2,1782360649.8072696,0.001986265182495117
169249,normal,2479,0,1782360649.8092754,0.0020058155059814453
169250,normal,1163,0,1782360649.8112884,0.002012968063354492
169251,normal,699,0,1782360649.813251,0.0019626617431640625
169252,normal,1078,0,1782360649.81532,0.0020689964294433594
169253,normal,386,0,1782360649.81729,0.001970052719116211
169254,normal,3536,0,1782360649.8195274,0.0022373199462890625
169255,normal,3561,0,1782360649.822401,0.002873659133911133
169256,normal,1521,0,1782360649.8231955,0.0007944107055664062
169257,normal,535,0,1782360649.8253236,0.002128124237060547
169258,normal,2794,0,1782360649.8273208,0.001997232437133789
169259,normal,1377,1,1782360649.8292553,0.0019345283508300781
169260,normal,243,0,1782360649.831135,0.0018796920776367188
169261,normal,3546,0,1782360649.8331316,0.0019965171813964844
169262,normal,5,0,1782360649.8352103,0.0020787715911865234
169263,normal,1114,0,1782360649.8372567,0.002046346664428711
169264,normal,2141,0,1782360649.8392599,0.002003192901611328
169265,normal,3013,0,1782360649.8413897,0.002129793167114258
169266,normal,1604,0,1782360649.8433616,0.0019719600677490234
169267,normal,1786,0,1782360649.8452458,0.0018842220306396484
169268,normal,2294,0,1782360649.8472524,0.00200653076171875
169269,normal,3346,1,1782360649.849461,0.002208709716796875
169270,normal,1238,0,1782360649.8514464,0.001985311508178711
169271,normal,503,0,1782360649.8534346,0.0019881725311279297
169272,normal,1536,0,1782360649.855362,0.0019273757934570312
169273,normal,3554,0,1782360649.8575764,0.0022144317626953125
169274,normal,1059,0,1782360649.8596604,0.002084016799926758
169275,normal,135,0,1782360649.8613997,0.0017392635345458984
169276,normal,2181,0,1782360649.863707,0.002307415008544922
169277,normal,2600,0,1782360649.8654943,0.0017871856689453125
169278,normal,270,0,1782360649.8671312,0.0016369819641113281
169279,normal,690,0,1782360649.8691695,0.002038240432739258
169280,normal,1866,0,1782360649.87119,0.002020597457885742
169281,normal,3465,0,1782360649.8731997,0.0020096302032470703
169282,normal,3232,1,1782360649.8752217,0.0020220279693603516
169283,normal,3260,1,1782360649.8772511,0.0020294189453125
169284,normal,3078,1,1782360649.8792474,0.001996278762817383
169285,normal,163,0,1782360649.8814213,0.002173900604248047
169286,normal,2067,0,1782360649.8833208,0.0018994808197021484
169287,normal,3116,1,1782360649.8853502,0.0020294189453125
169288,normal,476,0,1782360649.887305,0.001954793930053711
169289,normal,3665,0,1782360649.889241,0.0019359588623046875
169290,normal,3268,1,1782360649.8912327,0.001991748809814453
169291,normal,818,2,1782360649.8933325,0.002099752426147461
169292,normal,2580,0,1782360649.8952425,0.0019099712371826172
169293,normal,371,0,1782360649.8973694,0.002126932144165039
169294,normal,948,2,1782360649.8993597,0.0019903182983398438
169295,normal,2977,0,1782360649.9012518,0.00189208984375
169296,normal,2663,0,1782360649.9034457,0.002193927764892578
169297,normal,2569,0,1782360649.90546,0.00201416015625
169298,normal,1267,0,1782360649.907436,0.00197601318359375
169299,normal,1440,0,1782360649.909405,0.0019690990447998047
169300,normal,2119,0,1782360649.9113984,0.001993417739868164
169301,normal,680,0,1782360649.913232,0.0018336772918701172
169302,normal,1402,0,1782360649.9153793,0.002147197723388672
169303,normal,1327,1,1782360649.917345,0.001965761184692383
169304,normal,2666,0,1782360649.9192283,0.0018832683563232422
169305,normal,1258,0,1782360649.921334,0.002105712890625
169306,normal,2779,0,1782360649.9234192,0.0020852088928222656
169307,normal,77,0,1782360649.9255097,0.0020904541015625
169308,normal,3516,0,1782360649.9274259,0.0019161701202392578
169309,normal,1767,0,1782360649.9294655,0.002039670944213867
169310,normal,781,2,1782360649.9314327,0.001967191696166992
169311,normal,111,0,1782360649.9335356,0.0021028518676757812
169312,normal,2858,0,1782360649.9355512,0.0020155906677246094
169313,normal,3302,1,1782360649.9373205,0.0017693042755126953
169314,normal,1243,0,1782360649.9394288,0.002108335494995117
169315,normal,66,0,1782360649.941579,0.002150297164916992
169316,normal,510,0,1782360649.9435697,0.0019905567169189453
169317,normal,2958,0,1782360649.9452422,0.001672506332397461
169318,normal,319,0,1782360649.947346,0.0021038055419921875
169319,normal,3357,1,1782360649.9492517,0.001905679702758789
169320,normal,3136,1,1782360649.9513328,0.002081155776977539
169321,normal,3211,1,1782360649.9533117,0.0019788742065429688
169322,normal,1209,0,1782360649.9554026,0.002090930938720703
169323,normal,3672,0,1782360649.9574995,0.002096891403198242
169324,normal,1306,0,1782360649.9595737,0.0020742416381835938
169325,normal,801,2,1782360649.961326,0.0017521381378173828
169326,normal,889,2,1782360649.9635375,0.0022115707397460938
169327,normal,330,0,1782360649.9652417,0.0017042160034179688
169328,normal,2711,0,1782360649.9673185,0.002076864242553711
169329,normal,2819,0,1782360649.9696414,0.0023229122161865234
169330,normal,3208,1,1782360649.9719594,0.0023179054260253906
169331,normal,798,2,1782360649.9735036,0.0015442371368408203
169332,normal,2199,0,1782360649.9753237,0.0018200874328613281
169333,normal,3446,0,1782360649.977436,0.0021123886108398438
169334,normal,291,0,1782360649.979271,0.001834869384765625
169335,normal,3480,0,1782360649.981354,0.0020830631256103516
169336,normal,3237,1,1782360649.9833956,0.0020415782928466797
169337,normal,1308,0,1782360649.9857006,0.0023050308227539062
169338,normal,1276,0,1782360649.987384,0.0016834735870361328
169339,normal,1690,0,1782360649.989445,0.0020608901977539062
169340,normal,980,2,1782360649.9912796,0.0018346309661865234
169341,normal,737,0,1782360649.9933748,0.0020952224731445312
169342,normal,568,0,1782360649.9953754,0.002000570297241211
169343,normal,3356,1,1782360649.9972756,0.0019001960754394531
169344,normal,708,0,1782360649.9992905,0.0020148754119873047
169345,normal,1872,0,1782360650.001643,0.002352476119995117
169346,normal,3340,1,1782360650.0034122,0.0017693042755126953
169347,normal,553,0,1782360650.0055573,0.002145051956176758
169348,normal,2582,0,1782360650.007525,0.0019676685333251953
169349,normal,2095,0,1782360650.009359,0.0018339157104492188
169350,normal,1783,0,1782360650.0115006,0.002141714096069336
169351,normal,78,0,1782360650.013972,0.002471446990966797
169352,normal,1071,0,1782360650.0154386,0.001466512680053711
169353,normal,2424,0,1782360650.017629,0.0021903514862060547
169354,normal,1890,0,1782360650.0194082,0.001779317855834961
169355,normal,1334,1,1782360650.021905,0.0024967193603515625
169356,normal,3108,1,1782360650.023812,0.0019071102142333984
169357,normal,1761,0,1782360650.02537,0.0015578269958496094
169358,normal,2532,0,1782360650.0272508,0.0018808841705322266
169359,normal,1378,1,1782360650.0292354,0.0019845962524414062
169360,normal,3381,1,1782360650.031391,0.0021555423736572266
169361,normal,2897,0,1782360650.033193,0.001802206039428711
169362,normal,1918,0,1782360650.035389,0.0021958351135253906
169363,normal,3024,0,1782360650.037382,0.001992940902709961
169364,normal,3512,0,1782360650.0392537,0.0018718242645263672
169365,normal,1135,0,1782360650.041434,0.002180337905883789
169366,normal,2520,0,1782360650.043561,0.002126932144165039
169367,normal,473,0,1782360650.0452833,0.0017223358154296875
169368,normal,487,0,1782360650.0474918,0.0022084712982177734
169369,normal,637,0,1782360650.0496206,0.0021288394927978516
169370,normal,2743,0,1782360650.0514772,0.0018565654754638672
169371,normal,1614,0,1782360650.0535965,0.002119302749633789
169372,normal,2649,0,1782360650.0555246,0.001928091049194336
169373,normal,2597,0,1782360650.057277,0.0017523765563964844
169374,normal,1273,0,1782360650.0596366,0.002359628677368164
169375,normal,2136,0,1782360650.0613346,0.0016980171203613281
169376,normal,260,0,1782360650.0634282,0.0020935535430908203
169377,normal,517,0,1782360650.065303,0.0018749237060546875
169378,normal,95,0,1782360650.067396,0.0020928382873535156
169379,normal,960,2,1782360650.069267,0.0018711090087890625
169380,normal,203,0,1782360650.0712757,0.002008676528930664
169381,normal,735,0,1782360650.0733714,0.0020956993103027344
169382,normal,1788,0,1782360650.0752296,0.0018582344055175781
169383,normal,1556,0,1782360650.0772421,0.002012491226196289
169384,normal,3415,0,1782360650.0793574,0.0021152496337890625
169385,normal,711,0,1782360650.0812447,0.0018873214721679688
169386,normal,449,0,1782360650.0833633,0.0021185874938964844
169387,normal,607,0,1782360650.0853305,0.001967191696166992
169388,normal,2452,0,1782360650.087271,0.0019404888153076172
169389,normal,1437,0,1782360650.089618,0.0023469924926757812
169390,normal,1145,0,1782360650.0914555,0.0018374919891357422
169391,normal,3362,1,1782360650.0934403,0.001984834671020508
169392,normal,2121,0,1782360650.095486,0.0020456314086914062
169393,normal,62,0,1782360650.0973642,0.0018782615661621094
169394,normal,3082,1,1782360650.099245,0.0018808841705322266
169395,normal,1490,0,1782360650.1013443,0.002099275588989258
169396,normal,1451,0,1782360650.1033423,0.0019979476928710938
169397,normal,3645,0,1782360650.1053853,0.002043008804321289
169398,normal,2489,0,1782360650.107815,0.0024297237396240234
169399,normal,2467,0,1782360650.10941,0.0015950202941894531
169400,normal,1357,1,1782360650.11149,0.0020799636840820312
169401,normal,1427,0,1782360650.1132784,0.0017883777618408203
169402,normal,1371,1,1782360650.1153657,0.0020873546600341797
169403,normal,598,0,1782360650.1173048,0.0019390583038330078
169404,normal,1597,0,1782360650.1193337,0.002028942108154297
169405,normal,1585,0,1782360650.1213403,0.00200653076171875
169406,normal,460,0,1782360650.1232705,0.00193023681640625
169407,normal,3216,1,1782360650.1253288,0.002058267593383789
169408,normal,3653,0,1782360650.1273565,0.002027750015258789
169409,normal,622,0,1782360650.1297421,0.0023856163024902344
169410,normal,2186,0,1782360650.1322832,0.002541065216064453
169411,normal,3165,1,1782360650.1336756,0.001392364501953125
169412,normal,2091,0,1782360650.135287,0.001611471176147461
169413,normal,1862,0,1782360650.1374733,0.002186298370361328
169414,normal,3670,0,1782360650.1395626,0.002089262008666992
169415,normal,2465,0,1782360650.1415336,0.001971006393432617
169416,normal,158,0,1782360650.1434515,0.0019178390502929688
169417,normal,584,0,1782360650.1454809,0.0020294189453125
169418,normal,2741,0,1782360650.1477895,0.0023086071014404297
169419,normal,1827,0,1782360650.1493828,0.0015933513641357422
169420,normal,532,0,1782360650.1519482,0.0025653839111328125
169421,normal,2018,0,1782360650.1534963,0.0015480518341064453
169422,normal,1315,0,1782360650.1555278,0.002031564712524414
169423,normal,1317,0,1782360650.1572938,0.0017659664154052734
169424,normal,556,0,1782360650.1591992,0.0019054412841796875
169425,normal,187,0,1782360650.161388,0.0021886825561523438
169426,normal,1758,0,1782360650.1634088,0.0020208358764648438
169427,normal,3684,0,1782360650.1652212,0.0018124580383300781
169428,normal,2749,0,1782360650.167326,0.0021047592163085938
169429,normal,835,2,1782360650.1693301,0.0020041465759277344
169430,normal,523,0,1782360650.171222,0.0018918514251708984
169431,normal,1324,1,1782360650.1735277,0.002305746078491211
169432,normal,3616,0,1782360650.1761065,0.0025787353515625
169433,normal,1565,0,1782360650.1775339,0.0014274120330810547
169434,normal,2289,0,1782360650.1793628,0.001828908920288086
169435,normal,2281,0,1782360650.1814408,0.0020780563354492188
169436,normal,2687,0,1782360650.1833167,0.0018758773803710938
169437,normal,3662,0,1782360650.1852434,0.0019266605377197266
169438,normal,3080,1,1782360650.187394,0.0021505355834960938
169439,normal,3092,1,1782360650.1894991,0.002105236053466797
169440,normal,3049,1,1782360650.1914911,0.0019919872283935547
169441,normal,1828,0,1782360650.1933458,0.0018546581268310547
169442,normal,1768,0,1782360650.1954117,0.002065896987915039
169443,normal,1820,0,1782360650.1972837,0.0018720626831054688
169444,normal,726,0,1782360650.1993806,0.002096891403198242
169445,normal,2593,0,1782360650.2012894,0.0019087791442871094
169446,normal,592,0,1782360650.2033753,0.0020859241485595703
169447,normal,2793,0,1782360650.2053747,0.001999378204345703
169448,normal,2936,0,1782360650.2079797,0.002604961395263672
169449,normal,529,0,1782360650.209569,0.0015892982482910156
169450,normal,2889,0,1782360650.211565,0.0019960403442382812
169451,normal,522,0,1782360650.2133949,0.0018298625946044922
169452,normal,2258,0,1782360650.215467,0.0020720958709716797
169453,normal,2102,0,1782360650.2174966,0.0020296573638916016
169454,normal,1485,0,1782360650.2193499,0.0018532276153564453
169455,normal,480,0,1782360650.2212086,0.0018587112426757812
169456,normal,769,0,1782360650.2237263,0.0025177001953125
169457,normal,1392,0,1782360650.2253363,0.0016100406646728516
169458,normal,1286,0,1782360650.2275276,0.002191305160522461
169459,normal,309,0,1782360650.2293146,0.001786947250366211
169460,normal,3202,1,1782360650.232254,0.002939462661743164
169461,normal,3012,0,1782360650.23376,0.0015060901641845703
169462,normal,1847,0,1782360650.2354655,0.0017054080963134766
169463,normal,574,0,1782360650.2372406,0.0017750263214111328
169464,normal,85,0,1782360650.2392075,0.0019669532775878906
169465,normal,2320,0,1782360650.241345,0.002137422561645508
169466,normal,1188,0,1782360650.2432277,0.001882791519165039
169467,normal,3006,0,1782360650.2453449,0.002117156982421875
169468,normal,1214,0,1782360650.2473495,0.0020046234130859375
169469,normal,1750,0,1782360650.2492445,0.0018949508666992188
169470,normal,3063,1,1782360650.251273,0.0020284652709960938
169471,normal,2693,0,1782360650.2534728,0.002199888229370117
169472,normal,1647,0,1782360650.255326,0.0018532276153564453
169473,normal,702,0,1782360650.2575364,0.002210378646850586
169474,normal,2883,0,1782360650.259602,0.0020656585693359375
169475,normal,2171,0,1782360650.26145,0.001847982406616211
169476,normal,2459,0,1782360650.263615,0.0021648406982421875
169477,normal,3693,0,1782360650.265353,0.0017380714416503906
169478,normal,700,0,1782360650.2673638,0.002010822296142578
169479,normal,1413,0,1782360650.2696185,0.0022547245025634766
169480,normal,181,0,1782360650.2713857,0.0017671585083007812
169481,normal,358,0,1782360650.273438,0.00205230712890625
169482,normal,1102,0,1782360650.275296,0.0018579959869384766
169483,normal,2047,0,1782360650.2772927,0.001996755599975586
169484,normal,2494,0,1782360650.2792275,0.0019347667694091797
169485,normal,2828,0,1782360650.2813148,0.0020873546600341797
169486,normal,1152,0,1782360650.283388,0.002073049545288086
169487,normal,1656,0,1782360650.2852323,0.0018444061279296875
169488,normal,1496,0,1782360650.2873425,0.0021102428436279297
169489,normal,2158,0,1782360650.2893443,0.0020017623901367188
169490,normal,2123,0,1782360650.2912374,0.0018930435180664062
169491,normal,2976,0,1782360650.2933424,0.0021049976348876953
169492,normal,1321,1,1782360650.2959487,0.0026063919067382812
169493,normal,168,0,1782360650.297403,0.0014543533325195312
169494,normal,1949,0,1782360650.2996309,0.002227783203125
169495,normal,3618,0,1782360650.301236,0.0016050338745117188
169496,normal,2074,0,1782360650.3033445,0.0021085739135742188
169497,normal,1922,0,1782360650.3052447,0.0019001960754394531
169498,normal,966,2,1782360650.3073475,0.0021028518676757812
169499,normal,3345,1,1782360650.3092375,0.001889944076538086
169500,normal,2535,0,1782360650.3117492,0.002511739730834961
169501,normal,434,0,1782360650.3135052,0.0017559528350830078
169502,normal,709,0,1782360650.3153572,0.0018520355224609375
169503,normal,730,0,1782360650.317302,0.0019447803497314453
169504,normal,1823,0,1782360650.319295,0.001992940902709961
169505,normal,2696,0,1782360650.3212483,0.0019533634185791016
169506,normal,197,0,1782360650.323201,0.0019526481628417969
169507,normal,3253,1,1782360650.3252025,0.002001523971557617
169508,normal,2153,0,1782360650.3276215,0.002418994903564453
169509,normal,649,0,1782360650.3294213,0.0017998218536376953
169510,normal,2648,0,1782360650.3312554,0.0018341541290283203
169511,normal,138,0,1782360650.3332493,0.001993894577026367
169512,normal,421,0,1782360650.3353019,0.0020525455474853516
169513,normal,2629,0,1782360650.3372712,0.0019693374633789062
169514,normal,2099,0,1782360650.339337,0.002065896987915039
169515,normal,3143,1,1782360650.3414683,0.002131223678588867
169516,normal,314,0,1782360650.3436186,0.002150297164916992
169517,normal,876,2,1782360650.345365,0.0017464160919189453
169518,normal,1080,0,1782360650.347282,0.0019168853759765625
169519,normal,139,0,1782360650.3495378,0.0022559165954589844
169520,normal,3627,0,1782360650.3516212,0.002083301544189453
169521,normal,1068,0,1782360650.354098,0.002476930618286133
169522,normal,1573,0,1782360650.3553314,0.0012333393096923828
169523,normal,1588,0,1782360650.3574123,0.0020809173583984375
169524,normal,642,0,1782360650.359308,0.0018956661224365234
169525,normal,235,0,1782360650.3612514,0.001943349838256836
169526,normal,591,0,1782360650.3633173,0.002065896987915039
169527,normal,2715,0,1782360650.3651893,0.0018720626831054688
169528,normal,124,0,1782360650.3671877,0.001998424530029297
169529,normal,2143,0,1782360650.3692014,0.002013683319091797
169530,normal,1712,0,1782360650.3713143,0.002112865447998047
169531,normal,3055,1,1782360650.373194,0.0018796920776367188
169532,normal,9,0,1782360650.3752458,0.002051830291748047
169533,normal,2313,0,1782360650.3774273,0.002181529998779297
169534,normal,1155,0,1782360650.379263,0.0018355846405029297
169535,normal,3581,0,1782360650.3812933,0.0020303726196289062
169536,normal,3666,0,1782360650.3833947,0.002101421356201172
169537,normal,99,0,1782360650.3854976,0.0021028518676757812
169538,normal,2596,0,1782360650.387504,0.00200653076171875
169539,normal,392,0,1782360650.3894637,0.001959562301635742
169540,normal,2371,0,1782360650.3917406,0.002276897430419922
169541,normal,3510,0,1782360650.3933825,0.001641988754272461
169542,normal,3008,0,1782360650.3952043,0.001821756362915039
169543,normal,3636,0,1782360650.3973558,0.0021514892578125
169544,normal,3395,1,1782360650.399255,0.0018992424011230469
169545,normal,2070,0,1782360650.4013634,0.002108335494995117
169546,normal,2536,0,1782360650.4035568,0.002193450927734375
169547,normal,2984,0,1782360650.4057202,0.002163410186767578
169548,normal,1374,1,1782360650.407295,0.0015747547149658203
169549,normal,2392,0,1782360650.4093866,0.002091646194458008
169550,normal,3572,0,1782360650.4112654,0.0018787384033203125
169551,normal,1462,0,1782360650.4133272,0.0020618438720703125
169552,normal,170,0,1782360650.4153352,0.0020079612731933594
169553,normal,2041,0,1782360650.4172316,0.0018963813781738281
169554,normal,3190,1,1782360650.4193306,0.0020990371704101562
169555,normal,2783,0,1782360650.421328,0.0019974708557128906
169556,normal,2563,0,1782360650.4237041,0.002376079559326172
169557,normal,1644,0,1782360650.425233,0.0015287399291992188
169558,normal,3325,1,1782360650.42739,0.0021572113037109375
169559,normal,1992,0,1782360650.4292805,0.001890420913696289
169560,normal,2116,0,1782360650.4313083,0.002027750015258789
169561,normal,669,0,1782360650.4338117,0.0025033950805664062
169562,normal,177,0,1782360650.4354074,0.0015957355499267578
169563,normal,2617,0,1782360650.4375079,0.0021004676818847656
169564,normal,2425,0,1782360650.4394789,0.001971006393432617
169565,normal,1558,0,1782360650.4414048,0.0019259452819824219
169566,normal,1867,0,1782360650.4434385,0.002033710479736328
169567,normal,1594,0,1782360650.4453435,0.0019049644470214844
169568,normal,2701,0,1782360650.447208,0.0018644332885742188
169569,normal,630,0,1782360650.4493303,0.0021224021911621094
169570,normal,2408,0,1782360650.4514937,0.002163410186767578
169571,normal,1553,0,1782360650.4535398,0.0020461082458496094
169572,normal,869,2,1782360650.455372,0.0018322467803955078
169573,normal,343,0,1782360650.4575388,0.002166748046875
169574,normal,675,0,1782360650.4595828,0.0020439624786376953
169575,normal,538,0,1782360650.4613833,0.001800537109375
169576,normal,2039,0,1782360650.4635108,0.002127408981323242
169577,normal,3405,0,1782360650.4653125,0.0018017292022705078
169578,normal,984,2,1782360650.4675639,0.0022513866424560547
169579,normal,2109,0,1782360650.4695055,0.001941680908203125
169580,normal,3515,0,1782360650.4716208,0.0021152496337890625
169581,normal,1220,0,1782360650.4734309,0.0018100738525390625
169582,normal,2068,0,1782360650.4753594,0.001928567886352539
169583,normal,3541,0,1782360650.4772763,0.0019168853759765625
169584,normal,2917,0,1782360650.479416,0.002139568328857422
169585,normal,914,2,1782360650.481414,0.0019981861114501953
169586,normal,2920,0,1782360650.4837506,0.0023365020751953125
169587,normal,1167,0,1782360650.4854443,0.0016937255859375
169588,normal,1295,0,1782360650.4873846,0.0019402503967285156
169589,normal,1606,0,1782360650.4892209,0.0018362998962402344
169590,normal,916,2,1782360650.4913464,0.0021255016326904297
169591,normal,1354,1,1782360650.493318,0.001971721649169922
169592,normal,3597,0,1782360650.4952357,0.0019176006317138672
169593,normal,69,0,1782360650.4973526,0.0021169185638427734
169594,normal,3023,0,1782360650.4999125,0.0025599002838134766
169595,normal,1211,0,1782360650.501329,0.0014164447784423828
169596,normal,424,0,1782360650.503535,0.002206087112426758
169597,normal,3210,1,1782360650.5053782,0.0018432140350341797
169598,normal,2709,0,1782360650.5073593,0.001981019973754883
169599,normal,1678,0,1782360650.5093012,0.0019419193267822266
169600,normal,1622,0,1782360650.511368,0.0020668506622314453
169601,normal,836,2,1782360650.513243,0.0018749237060546875
169602,normal,1453,0,1782360650.5155013,0.00225830078125
169603,normal,2418,0,1782360650.5174577,0.001956462860107422
169604,normal,3167,1,1782360650.5192635,0.0018057823181152344
169605,normal,830,2,1782360650.5213718,0.002108335494995117
169606,normal,169,0,1782360650.5234048,0.0020329952239990234
169607,normal,1460,0,1782360650.5252962,0.0018913745880126953
169608,normal,2983,0,1782360650.5278113,0.002515077590942383
169609,normal,3334,1,1782360650.5292883,0.0014770030975341797
169610,normal,2553,0,1782360650.5314589,0.002170562744140625
169611,normal,1705,0,1782360650.5334687,0.002009868621826172
169612,normal,2173,0,1782360650.5354755,0.0020067691802978516
169613,normal,1050,0,1782360650.5373666,0.0018911361694335938
169614,normal,3671,0,1782360650.539337,0.0019702911376953125
169615,normal,2869,0,1782360650.54133,0.0019931793212890625
169616,normal,1641,0,1782360650.5432568,0.0019266605377197266
169617,normal,2038,0,1782360650.5452697,0.002012968063354492
169618,normal,2840,0,1782360650.5476305,0.002360820770263672
169619,normal,3587,0,1782360650.5493882,0.0017576217651367188
169620,normal,695,0,1782360650.5513043,0.0019161701202392578
169621,normal,2368,0,1782360650.5532365,0.0019321441650390625
169622,normal,2510,0,1782360650.5554059,0.002169370651245117
169623,normal,3016,0,1782360650.5578096,0.002403736114501953
169624,normal,2264,0,1782360650.559212,0.0014023780822753906
169625,normal,849,2,1782360650.5612242,0.0020122528076171875
169626,normal,900,2,1782360650.5632074,0.001983165740966797
169627,normal,3032,0,1782360650.5652192,0.0020117759704589844
169628,normal,2166,0,1782360650.5672505,0.0020313262939453125
169629,normal,1165,0,1782360650.569239,0.0019884109497070312
169630,normal,2616,0,1782360650.571415,0.002176046371459961
169631,normal,706,0,1782360650.573225,0.0018100738525390625
169632,normal,985,2,1782360650.575335,0.002110004425048828
169633,normal,1835,0,1782360650.5773695,0.002034425735473633
169634,normal,3330,1,1782360650.5793884,0.0020189285278320312
169635,normal,660,0,1782360650.5813835,0.001995086669921875
169636,normal,2458,0,1782360650.5834231,0.002039670944213867
169637,normal,1312,0,1782360650.5852695,0.0018463134765625
169638,normal,975,2,1782360650.5871985,0.0019290447235107422
169639,normal,80,0,1782360650.5893753,0.0021767616271972656
169640,normal,1127,0,1782360650.5913172,0.0019419193267822266
169641,normal,3098,1,1782360650.5938272,0.00251007080078125
169642,normal,1715,0,1782360650.595511,0.0016837120056152344
169643,normal,3030,0,1782360650.597278,0.0017671585083007812
169644,normal,1843,0,1782360650.5991476,0.0018694400787353516
169645,normal,2065,0,1782360650.6011925,0.0020449161529541016
169646,normal,3316,1,1782360650.6032183,0.0020258426666259766
169647,normal,758,0,1782360650.6052039,0.0019855499267578125
169648,normal,727,0,1782360650.6072881,0.0020842552185058594
169649,normal,950,2,1782360650.6094794,0.002191305160522461
169650,normal,259,0,1782360650.6111922,0.001712799072265625
169651,normal,1774,0,1782360650.613206,0.002013683319091797
169652,normal,767,0,1782360650.615189,0.001983165740966797
169653,normal,2270,0,1782360650.6172936,0.002104520797729492
169654,normal,28,0,1782360650.6192558,0.0019621849060058594
169655,normal,3135,1,1782360650.6211832,0.0019273757934570312
169656,normal,2838,0,1782360650.6235664,0.0023832321166992188
169657,normal,1727,0,1782360650.6254413,0.0018749237060546875
169658,normal,3153,1,1782360650.6272612,0.0018198490142822266
169659,normal,3271,1,1782360650.6294851,0.002223968505859375
169660,normal,414,0,1782360650.6313543,0.00186920166015625
169661,normal,1723,0,1782360650.6335394,0.0021851062774658203
169662,normal,3275,1,1782360650.6355453,0.0020058155059814453
169663,normal,2124,0,1782360650.6377673,0.0022220611572265625
169664,normal,1391,0,1782360650.639398,0.0016307830810546875
169665,normal,3450,0,1782360650.641495,0.002096891403198242
169666,normal,2032,0,1782360650.6437097,0.002214670181274414
169667,normal,1913,0,1782360650.6456122,0.0019025802612304688
169668,normal,1196,0,1782360650.6475546,0.0019423961639404297
169669,normal,2455,0,1782360650.6493528,0.0017981529235839844
169670,normal,1471,0,1782360650.6512756,0.0019228458404541016
169671,normal,97,0,1782360650.6533177,0.002042055130004883
169672,normal,2354,0,1782360650.6553001,0.001982450485229492
169673,normal,2316,0,1782360650.6572092,0.001909017562866211
169674,normal,3317,1,1782360650.6592326,0.002023458480834961
169675,normal,58,0,1782360650.6614356,0.0022029876708984375
169676,normal,478,0,1782360650.6634107,0.0019750595092773438
169677,normal,2815,0,1782360650.6654563,0.0020456314086914062
169678,normal,106,0,1782360650.6674142,0.0019578933715820312
169679,normal,2641,0,1782360650.6695018,0.0020875930786132812
169680,normal,3169,1,1782360650.6715672,0.002065420150756836
169681,normal,1499,0,1782360650.6735914,0.0020241737365722656
169682,normal,162,0,1782360650.6753497,0.0017583370208740234
169683,normal,3052,1,1782360650.6775367,0.002187013626098633
169684,normal,3109,1,1782360650.6793594,0.0018227100372314453
169685,normal,1187,0,1782360650.681511,0.0021514892578125
169686,normal,3295,1,1782360650.6832964,0.0017855167388916016
169687,normal,1464,0,1782360650.685417,0.002120494842529297
169688,normal,890,2,1782360650.6872966,0.0018796920776367188
169689,normal,1517,0,1782360650.6893456,0.002048969268798828
169690,normal,2902,0,1782360650.691499,0.0021533966064453125
169691,normal,1707,0,1782360650.6932533,0.0017542839050292969
169692,normal,2453,0,1782360650.6952558,0.0020024776458740234
169693,normal,1170,0,1782360650.697443,0.0021872520446777344
169694,normal,3018,0,1782360650.69924,0.0017969608306884766
169695,normal,3482,0,1782360650.701334,0.0020940303802490234
169696,normal,2202,0,1782360650.7033398,0.0020058155059814453
169697,normal,3183,1,1782360650.706064,0.002724170684814453
169698,normal,3396,1,1782360650.7076092,0.0015451908111572266
169699,normal,728,0,1782360650.709463,0.0018537044525146484
169700,normal,253,0,1782360650.7112966,0.0018336772918701172
169701,normal,2695,0,1782360650.713563,0.002266407012939453
169702,normal,3145,1,1782360650.7153733,0.001810312271118164
169703,normal,1199,0,1782360650.7172499,0.0018765926361083984
169704,normal,761,0,1782360650.719454,0.0022041797637939453
169705,normal,2997,0,1782360650.7215993,0.0021452903747558594
169706,normal,2190,0,1782360650.7232544,0.0016551017761230469
169707,normal,2947,0,1782360650.7253742,0.002119779586791992
169708,normal,1631,0,1782360650.72739,0.002015829086303711
169709,normal,3435,0,1782360650.7293055,0.0019154548645019531
169710,normal,2610,0,1782360650.7314203,0.0021147727966308594
169711,normal,624,0,1782360650.7334688,0.002048492431640625
169712,normal,1491,0,1782360650.7353003,0.0018315315246582031
169713,normal,299,0,1782360650.737427,0.0021266937255859375
169714,normal,3256,1,1782360650.7393932,0.001966238021850586
169715,normal,924,2,1782360650.74128,0.0018868446350097656
169716,normal,327,0,1782360650.743611,0.0023310184478759766
169717,normal,2804,0,1782360650.745472,0.0018608570098876953
169718,normal,2667,0,1782360650.7472222,0.0017502307891845703
169719,normal,2495,0,1782360650.7494252,0.0022029876708984375
169720,normal,98,0,1782360650.7515485,0.0021233558654785156
169721,normal,2396,0,1782360650.7534456,0.0018970966339111328
169722,normal,3307,1,1782360650.7555356,0.002089977264404297
169723,normal,155,0,1782360650.757559,0.002023458480834961
169724,normal,207,0,1782360650.7593508,0.0017917156219482422
169725,normal,176,0,1782360650.7614064,0.002055644989013672
169726,normal,484,0,1782360650.763535,0.00212860107421875
169727,normal,899,2,1782360650.7654397,0.0019047260284423828
169728,normal,2460,0,1782360650.7675648,0.0021250247955322266
169729,normal,186,0,1782360650.7695923,0.0020275115966796875
169730,normal,1834,0,1782360650.7714252,0.0018329620361328125
169731,normal,1233,0,1782360650.7733543,0.0019290447235107422
169732,normal,1244,0,1782360650.7753642,0.002009868621826172
169733,normal,491,0,1782360650.777177,0.0018129348754882812
169734,normal,1002,2,1782360650.779607,0.002429962158203125
169735,normal,2045,0,1782360650.781877,0.0022699832916259766
169736,normal,3534,0,1782360650.783428,0.001550912857055664
169737,normal,3607,0,1782360650.7853246,0.0018966197967529297
169738,normal,3538,0,1782360650.7873309,0.0020062923431396484
169739,normal,2937,0,1782360650.7892444,0.0019135475158691406
169740,normal,907,2,1782360650.791493,0.002248525619506836
169741,normal,2650,0,1782360650.793343,0.001850128173828125
169742,normal,1853,0,1782360685.9742317,0.0
169743,normal,1989,0,1782360685.9762785,0.002046823501586914
169744,normal,1447,0,1782360685.9783106,0.002032041549682617
169745,normal,3614,0,1782360685.980456,0.002145528793334961
169746,normal,130,0,1782360685.9822912,0.0018351078033447266
169747,normal,1120,0,1782360685.9845731,0.0022819042205810547
169748,normal,1969,0,1782360685.9863677,0.001794576644897461
169749,normal,1896,0,1782360685.9887307,0.002362966537475586
169750,normal,966,2,1782360685.9902666,0.0015358924865722656
169751,normal,1217,0,1782360685.992608,0.0023415088653564453
169752,normal,2699,0,1782360685.9943798,0.001771688461303711
169753,normal,1012,2,1782360685.9965925,0.0022127628326416016
169754,normal,1418,0,1782360685.9984503,0.001857757568359375
169755,normal,1964,0,1782360686.000612,0.002161741256713867
169756,normal,267,0,1782360686.0025072,0.0018951892852783203
169757,normal,790,2,1782360686.004344,0.0018367767333984375
169758,normal,970,2,1782360686.0064304,0.0020864009857177734
169759,normal,1847,0,1782360686.0082936,0.001863241195678711
169760,normal,2324,0,1782360686.0104518,0.0021581649780273438
169761,normal,2087,0,1782360686.012313,0.0018610954284667969
169762,normal,3485,0,1782360686.0144448,0.002131938934326172
169763,normal,1651,0,1782360686.0163023,0.0018575191497802734
169764,normal,2884,0,1782360686.018431,0.00212860107421875
169765,normal,1577,0,1782360686.0203018,0.001870870590209961
169766,normal,2618,0,1782360686.022442,0.0021402835845947266
169767,normal,700,0,1782360686.0243187,0.0018765926361083984
169768,normal,938,2,1782360686.0264344,0.0021157264709472656
169769,normal,1862,0,1782360686.0282993,0.0018649101257324219
169770,normal,2622,0,1782360686.030429,0.0021295547485351562
169771,normal,2660,0,1782360686.0322926,0.001863718032836914
169772,normal,665,0,1782360686.034437,0.002144336700439453
169773,normal,997,2,1782360686.036324,0.0018870830535888672
169774,normal,3709,0,1782360686.0384233,0.002099275588989258
169775,normal,3563,0,1782360686.0403018,0.001878499984741211
169776,normal,585,0,1782360686.0424745,0.002172708511352539
169777,normal,1802,0,1782360686.0442939,0.0018193721771240234
169778,normal,2015,0,1782360686.0464404,0.002146482467651367
169779,normal,3411,0,1782360686.0482767,0.0018362998962402344
169780,normal,857,2,1782360686.0504518,0.0021750926971435547
169781,normal,1558,0,1782360686.0523355,0.0018837451934814453
169782,normal,1846,0,1782360686.0544295,0.0020940303802490234
169783,normal,490,0,1782360686.056333,0.001903533935546875
169784,normal,792,2,1782360686.0582767,0.0019435882568359375
169785,normal,2547,0,1782360686.0604475,0.0021708011627197266
169786,normal,898,2,1782360686.0622602,0.0018126964569091797
169787,normal,3299,1,1782360686.0644822,0.0022220611572265625
169788,normal,2449,0,1782360686.0662975,0.0018153190612792969
169789,normal,3213,1,1782360686.0684307,0.0021331310272216797
169790,normal,3414,0,1782360686.0703278,0.0018970966339111328
169791,normal,1555,0,1782360686.0724294,0.0021016597747802734
169792,normal,3639,0,1782360686.0743425,0.0019130706787109375
169793,normal,1105,0,1782360686.076301,0.001958608627319336
169794,normal,350,0,1782360686.0784352,0.002134084701538086
169795,normal,1406,0,1782360686.0802717,0.001836538314819336
169796,normal,846,2,1782360686.08246,0.0021882057189941406
169797,normal,1303,0,1782360686.0842814,0.0018215179443359375
169798,normal,1821,0,1782360686.086462,0.0021805763244628906
169799,normal,2419,0,1782360686.08832,0.0018579959869384766
169800,normal,433,0,1782360686.0904298,0.0021097660064697266
169801,normal,1010,2,1782360686.092291,0.0018613338470458984
169802,normal,3110,1,1782360686.094462,0.0021708011627197266
169803,normal,2227,0,1782360686.0963128,0.0018508434295654297
169804,normal,1764,0,1782360686.0984316,0.002118825912475586
169805,normal,2837,0,1782360686.1003203,0.0018887519836425781
169806,normal,260,0,1782360686.1024296,0.0021092891693115234
169807,normal,2803,0,1782360686.1043375,0.0019078254699707031
169808,normal,652,0,1782360686.106301,0.0019636154174804688
169809,normal,3125,1,1782360686.1084437,0.002142667770385742
169810,normal,1248,0,1782360686.1102715,0.0018277168273925781
169811,normal,3116,1,1782360686.1124644,0.002192974090576172
169812,normal,2111,0,1782360686.1142848,0.0018203258514404297
169813,normal,131,0,1782360686.1164327,0.0021479129791259766
169814,normal,294,0,1782360686.1183178,0.0018851757049560547
169815,normal,2371,0,1782360686.1204264,0.0021085739135742188
169816,normal,353,0,1782360686.1222951,0.0018687248229980469
169817,normal,14,0,1782360686.1244562,0.0021610260009765625
169818,normal,2791,0,1782360686.126282,0.0018258094787597656
169819,normal,208,0,1782360686.1284397,0.0021576881408691406
169820,normal,2398,0,1782360686.1303043,0.0018646717071533203
169821,normal,2070,0,1782360686.1324599,0.0021555423736572266
169822,normal,2788,0,1782360686.13428,0.0018200874328613281
169823,normal,3349,1,1782360686.1364543,0.00217437744140625
169824,normal,2649,0,1782360686.138313,0.0018587112426757812
169825,normal,538,0,1782360686.1404328,0.002119779586791992
169826,normal,859,2,1782360686.1423268,0.0018939971923828125
169827,normal,1500,0,1782360686.1444302,0.0021033287048339844
169828,normal,2546,0,1782360686.1463032,0.001873016357421875
169829,normal,2893,0,1782360686.148464,0.002160787582397461
169830,normal,1512,0,1782360686.1502845,0.0018205642700195312
169831,normal,3701,0,1782360686.1524622,0.002177715301513672
169832,normal,1754,0,1782360686.1543126,0.0018503665924072266
169833,normal,281,0,1782360686.156432,0.002119302749633789
169834,normal,1636,0,1782360686.1582932,0.0018613338470458984
169835,normal,1243,0,1782360686.1603124,0.002019166946411133
169836,normal,1461,0,1782360686.1624534,0.0021409988403320312
169837,normal,1004,2,1782360686.164262,0.0018086433410644531
169838,normal,1694,0,1782360686.1663022,0.0020401477813720703
169839,normal,2096,0,1782360686.1684294,0.0021271705627441406
169840,normal,3679,0,1782360686.1702952,0.0018658638000488281
169841,normal,1617,0,1782360686.1724465,0.0021512508392333984
169842,normal,1480,0,1782360686.174452,0.0020055770874023438
169843,normal,2943,0,1782360686.1762643,0.0018122196197509766
169844,normal,903,2,1782360686.1784666,0.002202272415161133
169845,normal,1313,0,1782360686.1802833,0.0018167495727539062
169846,normal,115,0,1782360686.18246,0.0021767616271972656
169847,normal,3565,0,1782360686.1843197,0.0018596649169921875
169848,normal,884,2,1782360686.18643,0.0021102428436279297
169849,normal,2222,0,1782360686.1883113,0.0018813610076904297
169850,normal,2325,0,1782360686.1904743,0.002162933349609375
169851,normal,342,0,1782360686.1922894,0.0018150806427001953
169852,normal,2229,0,1782360686.1944325,0.0021431446075439453
169853,normal,279,0,1782360686.1963224,0.001889944076538086
169854,normal,3081,1,1782360686.1984296,0.0021071434020996094
169855,normal,1370,1,1782360686.2002714,0.0018417835235595703
169856,normal,64,0,1782360686.2024746,0.002203226089477539
169857,normal,1139,0,1782360686.204283,0.0018084049224853516
169858,normal,2311,0,1782360686.2064865,0.0022034645080566406
169859,normal,715,0,1782360686.2083027,0.0018162727355957031
169860,normal,1419,0,1782360686.2104678,0.002165079116821289
169861,normal,51,0,1782360686.2122705,0.001802682876586914
169862,normal,3310,1,1782360686.2144656,0.002195119857788086
169863,normal,1159,0,1782360686.2162805,0.0018148422241210938
169864,normal,2890,0,1782360686.2184577,0.0021772384643554688
169865,normal,722,0,1782360686.220331,0.0018732547760009766
169866,normal,600,0,1782360686.222455,0.0021240711212158203
169867,normal,2579,0,1782360686.2242975,0.001842498779296875
169868,normal,3120,1,1782360686.226443,0.002145528793334961
169869,normal,2671,0,1782360686.2282865,0.0018434524536132812
169870,normal,530,0,1782360686.230467,0.0021805763244628906
169871,normal,30,0,1782360686.2323012,0.0018341541290283203
169872,normal,609,0,1782360686.234442,0.0021407604217529297
169873,normal,3339,1,1782360686.2362797,0.0018377304077148438
169874,normal,3321,1,1782360686.2384531,0.0021734237670898438
169875,normal,659,0,1782360686.2402823,0.0018291473388671875
169876,normal,1874,0,1782360686.24246,0.002177715301513672
169877,normal,3610,0,1782360686.2443209,0.0018608570098876953
169878,normal,1665,0,1782360686.2464285,0.0021076202392578125
169879,normal,1742,0,1782360686.2483308,0.0019023418426513672
169880,normal,1080,0,1782360686.2503037,0.0019729137420654297
169881,normal,2601,0,1782360686.252458,0.0021543502807617188
169882,normal,2702,0,1782360686.254285,0.0018270015716552734
169883,normal,2414,0,1782360686.2564545,0.002169370651245117
169884,normal,1657,0,1782360686.2582796,0.001825094223022461
169885,normal,244,0,1782360686.2604659,0.002186298370361328
169886,normal,3093,1,1782360686.2623212,0.0018553733825683594
169887,normal,3455,0,1782360686.264431,0.0021097660064697266
169888,normal,768,0,1782360686.2663648,0.0019338130950927734
169889,normal,2663,0,1782360686.2683122,0.0019474029541015625
169890,normal,2497,0,1782360686.270447,0.0021347999572753906
169891,normal,794,2,1782360686.2723162,0.00186920166015625
169892,normal,1794,0,1782360686.2744303,0.0021140575408935547
169893,normal,848,2,1782360686.276317,0.001886606216430664
169894,normal,452,0,1782360686.2784197,0.0021028518676757812
169895,normal,218,0,1782360686.2803073,0.0018875598907470703
169896,normal,1502,0,1782360686.2824538,0.002146482467651367
169897,normal,3289,1,1782360686.2843037,0.0018498897552490234
169898,normal,1828,0,1782360686.2864504,0.0021467208862304688
169899,normal,2968,0,1782360686.2889564,0.0025060176849365234
169900,normal,340,0,1782360686.2902644,0.0013079643249511719
169901,normal,552,0,1782360686.2924652,0.0022008419036865234
169902,normal,940,2,1782360686.2944255,0.001960277557373047
169903,normal,3108,1,1782360686.2963097,0.0018842220306396484
169904,normal,3283,1,1782360686.298461,0.0021512508392333984
169905,normal,3072,1,1782360686.3002794,0.0018184185028076172
169906,normal,2922,0,1782360686.302458,0.002178668975830078
169907,normal,729,0,1782360686.3043044,0.0018463134765625
169908,normal,645,0,1782360686.3064253,0.0021209716796875
169909,normal,1164,0,1782360686.30829,0.0018646717071533203
169910,normal,1762,0,1782360686.310476,0.0021860599517822266
169911,normal,855,2,1782360686.3122735,0.0017974376678466797
169912,normal,2459,0,1782360686.3144853,0.0022118091583251953
169913,normal,3671,0,1782360686.3163111,0.0018258094787597656
169914,normal,866,2,1782360686.318427,0.002115964889526367
169915,normal,2675,0,1782360686.3203049,0.0018777847290039062
169916,normal,1156,0,1782360686.3224938,0.0021889209747314453
169917,normal,1661,0,1782360686.3243182,0.0018243789672851562
169918,normal,3662,0,1782360686.326471,0.0021529197692871094
169919,normal,2271,0,1782360686.3283536,0.0018825531005859375
169920,normal,1470,0,1782360686.3304288,0.0020751953125
169921,normal,392,0,1782360686.332306,0.0018770694732666016
169922,normal,1093,0,1782360686.3344562,0.002150297164916992
169923,normal,648,0,1782360686.3362818,0.001825571060180664
169924,normal,1977,0,1782360686.3384628,0.0021810531616210938
169925,normal,3626,0,1782360686.3403227,0.001859903335571289
169926,normal,1879,0,1782360686.342425,0.002102375030517578
169927,normal,2157,0,1782360686.3443036,0.001878499984741211
169928,normal,597,0,1782360686.3464518,0.002148151397705078
169929,normal,1253,0,1782360686.3483508,0.0018990039825439453
169930,normal,335,0,1782360686.350452,0.0021011829376220703
169931,normal,2909,0,1782360686.3522918,0.0018398761749267578
169932,normal,263,0,1782360686.3544888,0.0021970272064208984
169933,normal,3706,0,1782360686.356264,0.0017752647399902344
169934,normal,2155,0,1782360686.3584635,0.002199411392211914
169935,normal,242,0,1782360686.360281,0.001817464828491211
169936,normal,2339,0,1782360686.362467,0.0021860599517822266
169937,normal,3241,1,1782360686.36432,0.0018529891967773438
169938,normal,32,0,1782360686.3664372,0.002117156982421875
169939,normal,1320,1,1782360686.368334,0.0018968582153320312
169940,normal,2987,0,1782360686.3702993,0.0019652843475341797
169941,normal,2817,0,1782360686.372466,0.002166748046875
169942,normal,3402,0,1782360686.3742785,0.0018124580383300781
169943,normal,2017,0,1782360686.3764646,0.0021860599517822266
169944,normal,843,2,1782360686.3782785,0.0018138885498046875
169945,normal,1347,1,1782360686.3804643,0.002185821533203125
169946,normal,3560,0,1782360686.3823302,0.0018658638000488281
169947,normal,2080,0,1782360686.3844318,0.0021016597747802734
169948,normal,2746,0,1782360686.3862963,0.0018644332885742188
169949,normal,2555,0,1782360686.3884597,0.002163410186767578
169950,normal,1125,0,1782360686.390318,0.0018582344055175781
169951,normal,3187,1,1782360686.3924432,0.002125263214111328
169952,normal,1668,0,1782360686.3943322,0.0018889904022216797
169953,normal,2404,0,1782360686.396435,0.0021028518676757812
169954,normal,2953,0,1782360686.3983512,0.0019161701202392578
169955,normal,3035,0,1782360686.4003026,0.001951456069946289
169956,normal,1887,0,1782360686.402476,0.0021734237670898438
169957,normal,638,0,1782360686.4042778,0.0018017292022705078
169958,normal,1777,0,1782360686.4064727,0.0021948814392089844
169959,normal,2784,0,1782360686.4083366,0.0018639564514160156
169960,normal,171,0,1782360686.4104455,0.0021088123321533203
169961,normal,3138,1,1782360686.4123359,0.001890420913696289
169962,normal,2554,0,1782360686.414434,0.00209808349609375
169963,normal,2518,0,1782360686.4163096,0.0018756389617919922
169964,normal,3119,1,1782360686.418463,0.0021533966064453125
169965,normal,1842,0,1782360686.4203036,0.0018405914306640625
169966,normal,532,0,1782360686.4223652,0.002061605453491211
169967,normal,3386,1,1782360686.4243498,0.0019845962524414062
169968,normal,3420,0,1782360686.426428,0.0020782947540283203
169969,normal,3487,0,1782360686.4283004,0.0018723011016845703
169970,normal,1187,0,1782360686.4304485,0.002148151397705078
169971,normal,1142,0,1782360686.4322789,0.0018303394317626953
169972,normal,99,0,1782360686.4344625,0.002183675765991211
169973,normal,3616,0,1782360686.4363303,0.0018677711486816406
169974,normal,1858,0,1782360686.4384267,0.002096414566040039
169975,normal,2190,0,1782360686.4403646,0.0019378662109375
169976,normal,1492,0,1782360686.4423058,0.0019412040710449219
169977,normal,1808,0,1782360686.4444451,0.0021393299102783203
169978,normal,334,0,1782360686.4462729,0.0018277168273925781
169979,normal,3036,0,1782360686.448457,0.002184152603149414
169980,normal,1798,0,1782360686.4502883,0.0018312931060791016
169981,normal,3636,0,1782360686.4524276,0.0021393299102783203
169982,normal,1351,1,1782360686.454324,0.0018963813781738281
169983,normal,2225,0,1782360686.456427,0.002103090286254883
169984,normal,1373,1,1782360686.458298,0.001870870590209961
169985,normal,1358,1,1782360686.460456,0.002157926559448242
169986,normal,1175,0,1782360686.462279,0.0018231868743896484
169987,normal,563,0,1782360686.464454,0.002174854278564453
169988,normal,3660,0,1782360686.466323,0.0018689632415771484
169989,normal,3415,0,1782360686.468424,0.0021011829376220703
169990,normal,1590,0,1782360686.4703324,0.0019083023071289062
169991,normal,1304,0,1782360686.4722946,0.0019621849060058594
169992,normal,889,2,1782360686.4744592,0.002164602279663086
169993,normal,1428,0,1782360686.4762728,0.001813650131225586
169994,normal,1725,0,1782360686.4784777,0.00220489501953125
169995,normal,1519,0,1782360686.4802783,0.001800537109375
169996,normal,3065,1,1782360686.4824307,0.0021524429321289062
169997,normal,2552,0,1782360686.4843223,0.0018916130065917969
169998,normal,3372,1,1782360686.4864228,0.0021004676818847656
169999,normal,202,0,1782360686.4882805,0.001857757568359375
170000,normal,1533,0,1782360686.4904602,0.0021796226501464844
170001,normal,1664,0,1782360686.4922848,0.0018246173858642578
170002,normal,2338,0,1782360686.4942691,0.0019843578338623047
170003,normal,3592,0,1782360686.4963527,0.0020835399627685547
170004,normal,3666,0,1782360686.4983156,0.001962900161743164
170005,normal,1995,0,1782360686.5002766,0.0019609928131103516
170006,normal,3529,0,1782360686.5023062,0.0020296573638916016
170007,normal,1237,0,1782360686.5043,0.001993894577026367
170008,normal,1504,0,1782360686.5062685,0.0019683837890625
170009,normal,672,0,1782360686.5082986,0.0020301342010498047
170010,normal,3444,0,1782360686.5102973,0.0019986629486083984
170011,normal,2570,0,1782360686.512274,0.0019767284393310547
170012,normal,1167,0,1782360686.5142424,0.0019683837890625
170013,normal,668,0,1782360686.5163248,0.002082347869873047
170014,normal,591,0,1782360686.5182402,0.0019154548645019531
170015,normal,1030,0,1782360686.5203545,0.0021142959594726562
170016,normal,1400,0,1782360686.5223014,0.0019469261169433594
170017,normal,3553,0,1782360686.5242736,0.001972198486328125
170018,normal,705,0,1782360686.5263102,0.002036571502685547
170019,normal,2334,0,1782360686.5282934,0.001983165740966797
170020,normal,3055,1,1782360686.5303037,0.002010345458984375
170021,normal,1334,1,1782360686.5322835,0.001979827880859375
170022,normal,2443,0,1782360686.5343258,0.0020422935485839844
170023,normal,1997,0,1782360686.536274,0.0019481182098388672
170024,normal,2277,0,1782360686.538298,0.002023935317993164
170025,normal,2853,0,1782360686.54032,0.0020220279693603516
170026,normal,2290,0,1782360686.5422673,0.0019474029541015625
170027,normal,1735,0,1782360686.544352,0.0020847320556640625
170028,normal,1713,0,1782360686.5463006,0.0019485950469970703
170029,normal,1469,0,1782360686.5482929,0.0019922256469726562
170030,normal,1832,0,1782360686.5504591,0.002166271209716797
170031,normal,247,0,1782360686.552273,0.0018138885498046875
170032,normal,3131,1,1782360686.5544407,0.0021677017211914062
170033,normal,3151,1,1782360686.5563169,0.0018761157989501953
170034,normal,718,0,1782360686.558484,0.002167224884033203
170035,normal,651,0,1782360686.5602932,0.0018091201782226562
170036,normal,2316,0,1782360686.5624776,0.0021843910217285156
170037,normal,865,2,1782360686.5643172,0.0018396377563476562
170038,normal,3518,0,1782360686.5664551,0.002137899398803711
170039,normal,2410,0,1782360686.5683289,0.0018737316131591797
170040,normal,1803,0,1782360686.5704927,0.0021638870239257812
170041,normal,3481,0,1782360686.5723715,0.0018787384033203125
170042,normal,2589,0,1782360686.5743616,0.001990079879760742
170043,normal,217,0,1782360686.576643,0.0022814273834228516
170044,normal,1626,0,1782360686.5783982,0.0017552375793457031
170045,normal,368,0,1782360686.5804524,0.0020542144775390625
170046,normal,3318,1,1782360686.5826318,0.002179384231567383
170047,normal,2198,0,1782360686.5843832,0.0017514228820800781
170048,normal,1128,0,1782360686.586461,0.002077817916870117
170049,normal,2940,0,1782360686.588629,0.002167940139770508
170050,normal,2123,0,1782360686.5903823,0.0017533302307128906
170051,normal,1227,0,1782360686.5924747,0.0020923614501953125
170052,normal,3389,1,1782360686.5944533,0.001978635787963867
170053,normal,2868,0,1782360686.5964909,0.002037525177001953
170054,normal,1381,1,1782360686.5984652,0.001974344253540039
170055,normal,1551,0,1782360686.6006362,0.002171039581298828
170056,normal,3114,1,1782360686.6023788,0.0017426013946533203
170057,normal,3037,0,1782360686.6044528,0.002074003219604492
170058,normal,2348,0,1782360686.6066236,0.0021708011627197266
170059,normal,1408,0,1782360686.6084127,0.001789093017578125
170060,normal,639,0,1782360686.6104765,0.002063751220703125
170061,normal,3296,1,1782360686.6124547,0.001978158950805664
170062,normal,3359,1,1782360686.6144927,0.0020380020141601562
170063,normal,3262,1,1782360686.616454,0.001961231231689453
170064,normal,3629,0,1782360686.6186366,0.0021827220916748047
170065,normal,3608,0,1782360686.6203935,0.001756906509399414
170066,normal,1007,2,1782360686.622474,0.0020804405212402344
170067,normal,941,2,1782360686.6244528,0.0019788742065429688
170068,normal,2421,0,1782360686.6264918,0.0020389556884765625
170069,normal,1022,2,1782360686.6284497,0.0019578933715820312
170070,normal,2060,0,1782360686.6306295,0.002179861068725586
170071,normal,3063,1,1782360686.6323898,0.001760244369506836
170072,normal,2079,0,1782360686.634457,0.0020673274993896484
170073,normal,2502,0,1782360686.636628,0.0021708011627197266
170074,normal,1812,0,1782360686.6383722,0.0017442703247070312
170075,normal,779,2,1782360686.6404853,0.0021131038665771484
170076,normal,1726,0,1782360686.642446,0.00196075439453125
170077,normal,2781,0,1782360686.6444852,0.002039194107055664
170078,normal,471,0,1782360686.6464438,0.001958608627319336
170079,normal,2210,0,1782360686.6486413,0.0021975040435791016
170080,normal,2141,0,1782360686.6503959,0.0017545223236083984
170081,normal,378,0,1782360686.6524935,0.002097606658935547
170082,normal,3584,0,1782360686.6544588,0.0019652843475341797
170083,normal,860,2,1782360686.6564865,0.002027750015258789
170084,normal,3267,1,1782360686.658477,0.0019905567169189453
170085,normal,1797,0,1782360686.6604552,0.001978158950805664
170086,normal,3618,0,1782360686.6624894,0.0020341873168945312
170087,normal,3649,0,1782360686.6644511,0.0019617080688476562
170088,normal,1333,1,1782360686.666642,0.002190828323364258
170089,normal,1910,0,1782360686.6683803,0.0017383098602294922
170090,normal,2505,0,1782360686.6704755,0.0020952224731445312
170091,normal,18,0,1782360686.6724532,0.001977682113647461
170092,normal,3062,1,1782360686.674489,0.002035856246948242
170093,normal,1025,2,1782360686.6764593,0.0019702911376953125
170094,normal,3500,0,1782360686.6786299,0.002170562744140625
170095,normal,134,0,1782360686.6803749,0.001744985580444336
170096,normal,2735,0,1782360686.6824453,0.0020704269409179688
170097,normal,799,2,1782360686.6846488,0.0022034645080566406
170098,normal,2364,0,1782360686.6864066,0.0017578601837158203
170099,normal,3503,0,1782360686.6884437,0.00203704833984375
170100,normal,1483,0,1782360686.6906419,0.0021982192993164062
170101,normal,2468,0,1782360686.6924162,0.0017743110656738281
170102,normal,125,0,1782360686.6943424,0.0019261837005615234
170103,normal,2512,0,1782360686.696657,0.0023145675659179688
170104,normal,1206,0,1782360686.6983314,0.0016744136810302734
170105,normal,1915,0,1782360686.7006483,0.0023169517517089844
170106,normal,3256,1,1782360686.7024467,0.001798391342163086
170107,normal,811,2,1782360686.7045078,0.002061128616333008
170108,normal,2842,0,1782360686.70636,0.001852273941040039
170109,normal,2961,0,1782360686.708659,0.0022988319396972656
170110,normal,818,2,1782360686.7103221,0.0016632080078125
170111,normal,2619,0,1782360686.7126527,0.0023305416107177734
170112,normal,510,0,1782360686.7144454,0.0017926692962646484
170113,normal,2067,0,1782360686.7164912,0.002045869827270508
170114,normal,457,0,1782360686.7184596,0.0019683837890625
170115,normal,3602,0,1782360686.72061,0.002150297164916992
170116,normal,3590,0,1782360686.7224376,0.0018277168273925781
170117,normal,601,0,1782360686.724445,0.0020074844360351562
170118,normal,760,0,1782360686.7266183,0.002173185348510742
170119,normal,1586,0,1782360686.7284164,0.0017981529235839844
170120,normal,39,0,1782360686.7304435,0.0020270347595214844
170121,normal,73,0,1782360686.7326434,0.002199888229370117
170122,normal,2632,0,1782360686.7348588,0.0022153854370117188
170123,normal,2447,0,1782360686.7364514,0.0015926361083984375
170124,normal,1991,0,1782360686.7387097,0.00225830078125
170125,normal,1961,0,1782360686.7403219,0.0016121864318847656
170126,normal,1113,0,1782360686.7430663,0.002744436264038086
170127,normal,1751,0,1782360686.7443326,0.0012662410736083984
170128,normal,2214,0,1782360686.7464962,0.0021636486053466797
170129,normal,1405,0,1782360686.7484825,0.001986265182495117
170130,normal,1541,0,1782360686.7506523,0.0021698474884033203
170131,normal,875,2,1782360686.7523887,0.0017364025115966797
170132,normal,3182,1,1782360686.7544084,0.002019643783569336
170133,normal,3403,0,1782360686.7566488,0.002240419387817383
170134,normal,2489,0,1782360686.7583897,0.0017409324645996094
170135,normal,241,0,1782360686.7604153,0.002025604248046875
170136,normal,246,0,1782360686.7626402,0.0022249221801757812
170137,normal,1442,0,1782360686.7643263,0.00168609619140625
170138,normal,1677,0,1782360686.7666454,0.0023190975189208984
170139,normal,2952,0,1782360686.76846,0.0018146038055419922
170140,normal,53,0,1782360686.770498,0.0020380020141601562
170141,normal,1388,0,1782360686.772455,0.001956939697265625
170142,normal,969,2,1782360686.7746346,0.0021796226501464844
170143,normal,1390,0,1782360686.7763643,0.001729726791381836
170144,normal,2263,0,1782360686.778471,0.0021066665649414062
170145,normal,1505,0,1782360686.7806504,0.002179384231567383
170146,normal,3588,0,1782360686.7823856,0.0017352104187011719
170147,normal,2072,0,1782360686.784456,0.0020704269409179688
170148,normal,863,2,1782360686.786649,0.002192974090576172
170149,normal,1511,0,1782360686.7883255,0.0016765594482421875
170150,normal,3459,0,1782360686.7906303,0.0023047924041748047
170151,normal,1836,0,1782360686.7924764,0.0018460750579833984
170152,normal,1540,0,1782360686.7944996,0.0020232200622558594
170153,normal,1365,1,1782360686.7964234,0.0019237995147705078
170154,normal,2541,0,1782360686.7986443,0.0022208690643310547
170155,normal,1443,0,1782360686.8003774,0.0017330646514892578
170156,normal,166,0,1782360686.802471,0.0020935535430908203
170157,normal,1958,0,1782360686.8053665,0.0028955936431884766
170158,normal,1535,0,1782360686.8064191,0.0010526180267333984
170159,normal,26,0,1782360686.8084512,0.002032041549682617
170160,normal,1771,0,1782360686.8106596,0.0022084712982177734
170161,normal,1605,0,1782360686.8123283,0.001668691635131836
170162,normal,197,0,1782360686.8146489,0.002320528030395508
170163,normal,3404,0,1782360686.8164582,0.0018093585968017578
170164,normal,851,2,1782360686.818378,0.0019197463989257812
170165,normal,2109,0,1782360686.8204112,0.002033233642578125
170166,normal,781,2,1782360686.8226364,0.002225160598754883
170167,normal,2145,0,1782360686.8243551,0.001718759536743164
170168,normal,555,0,1782360686.8264174,0.0020623207092285156
170169,normal,2801,0,1782360686.8286383,0.0022208690643310547
170170,normal,2998,0,1782360686.8304,0.0017616748809814453
170171,normal,871,2,1782360686.8324769,0.002076864242553711
170172,normal,3315,1,1782360686.8346522,0.0021753311157226562
170173,normal,195,0,1782360686.836373,0.0017209053039550781
170174,normal,1662,0,1782360686.838471,0.0020978450775146484
170175,normal,2390,0,1782360686.8406475,0.002176523208618164
170176,normal,505,0,1782360686.8423848,0.001737356185913086
170177,normal,2432,0,1782360686.844461,0.0020761489868164062
170178,normal,1936,0,1782360686.84663,0.0021691322326660156
170179,normal,2452,0,1782360686.8484325,0.0018024444580078125
170180,normal,3535,0,1782360686.8504505,0.002017974853515625
170181,normal,1396,0,1782360686.8526962,0.002245664596557617
170182,normal,1584,0,1782360686.8543265,0.0016303062438964844
170183,normal,1027,2,1782360686.8566008,0.0022742748260498047
170184,normal,3216,1,1782360686.8584514,0.0018506050109863281
170185,normal,2734,0,1782360686.8604984,0.0020470619201660156
170186,normal,3197,1,1782360686.862403,0.0019044876098632812
170187,normal,2511,0,1782360686.8646357,0.002232789993286133
170188,normal,3464,0,1782360686.8663628,0.0017271041870117188
170189,normal,339,0,1782360686.86847,0.0021071434020996094
170190,normal,767,0,1782360686.8706465,0.002176523208618164
170191,normal,2014,0,1782360686.8723602,0.0017137527465820312
170192,normal,2977,0,1782360686.8744774,0.002117156982421875
170193,normal,524,0,1782360686.876635,0.0021576881408691406
170194,normal,942,2,1782360686.8783567,0.0017216205596923828
170195,normal,1660,0,1782360686.8804946,0.002137899398803711
170196,normal,2988,0,1782360686.8826401,0.002145528793334961
170197,normal,2894,0,1782360686.8843768,0.0017366409301757812
170198,normal,413,0,1782360686.8864586,0.0020818710327148438
170199,normal,230,0,1782360686.8883598,0.0019011497497558594
170200,normal,2399,0,1782360686.890565,0.0022051334381103516
170201,normal,1316,0,1782360686.8922856,0.0017206668853759766
170202,normal,2887,0,1782360686.8943288,0.0020432472229003906
170203,normal,1729,0,1782360686.8962424,0.0019135475158691406
170204,normal,3659,0,1782360686.8983529,0.0021104812622070312
170205,normal,3028,0,1782360686.900296,0.0019431114196777344
170206,normal,2483,0,1782360686.9022717,0.0019757747650146484
170207,normal,2133,0,1782360686.904269,0.001997232437133789
170208,normal,3484,0,1782360686.9063194,0.0020503997802734375
170209,normal,1116,0,1782360686.9082408,0.0019214153289794922
170210,normal,3311,1,1782360686.9103532,0.0021123886108398438
170211,normal,1172,0,1782360686.9123006,0.0019474029541015625
170212,normal,717,0,1782360686.9142761,0.001975536346435547
170213,normal,2100,0,1782360686.9163089,0.002032756805419922
170214,normal,3253,1,1782360686.91829,0.001981019973754883
170215,normal,1163,0,1782360686.9202847,0.0019948482513427734
170216,normal,1387,0,1782360686.922239,0.001954317092895508
170217,normal,1236,0,1782360686.9243193,0.002080202102661133
170218,normal,1973,0,1782360686.9262364,0.001917123794555664
170219,normal,2048,0,1782360686.928327,0.0020906925201416016
170220,normal,1560,0,1782360686.9303062,0.0019791126251220703
170221,normal,345,0,1782360686.932273,0.001966714859008789
170222,normal,1990,0,1782360686.934268,0.001995086669921875
170223,normal,2698,0,1782360686.9363012,0.002033233642578125
170224,normal,1009,2,1782360686.9382696,0.0019683837890625
170225,normal,2158,0,1782360686.9403148,0.002045154571533203
170226,normal,2870,0,1782360686.9423018,0.001986980438232422
170227,normal,3227,1,1782360686.9442408,0.0019390583038330078
170228,normal,827,2,1782360686.9463215,0.002080678939819336
170229,normal,822,2,1782360686.9482887,0.001967191696166992
170230,normal,3089,1,1782360686.9502711,0.001982450485229492
170231,normal,158,0,1782360686.9522882,0.0020170211791992188
170232,normal,1066,0,1782360686.9542882,0.002000093460083008
170233,normal,337,0,1782360686.95627,0.0019817352294921875
170234,normal,3476,0,1782360686.9582648,0.0019948482513427734
170235,normal,402,0,1782360686.960443,0.002178192138671875
170236,normal,2588,0,1782360686.9622407,0.0017976760864257812
170237,normal,1667,0,1782360686.9643183,0.0020775794982910156
170238,normal,595,0,1782360686.9662898,0.0019714832305908203
170239,normal,2883,0,1782360686.9682631,0.001973390579223633
170240,normal,2240,0,1782360686.970318,0.002054929733276367
170241,normal,3538,0,1782360686.9722943,0.0019762516021728516
170242,normal,1280,0,1782360686.974261,0.001966714859008789
170243,normal,2444,0,1782360686.9763188,0.002057790756225586
170244,normal,636,0,1782360686.978291,0.001972198486328125
170245,normal,1000,2,1782360686.980269,0.0019779205322265625
170246,normal,46,0,1782360686.982238,0.0019690990447998047
170247,normal,3199,1,1782360686.9843132,0.0020751953125
170248,normal,543,0,1782360686.9862392,0.0019259452819824219
170249,normal,603,0,1782360686.988324,0.0020847320556640625
170250,normal,1452,0,1782360686.9902961,0.001972198486328125
170251,normal,1453,0,1782360686.992244,0.0019478797912597656
170252,normal,2668,0,1782360686.9943159,0.002071857452392578
170253,normal,1670,0,1782360686.9962862,0.0019702911376953125
170254,normal,2918,0,1782360686.9982615,0.0019752979278564453
170255,normal,2486,0,1782360687.0003262,0.0020647048950195312
170256,normal,1440,0,1782360687.002289,0.001962900161743164
170257,normal,744,0,1782360687.0042646,0.001975536346435547
170258,normal,1323,1,1782360687.0063386,0.002074003219604492
170259,normal,3644,0,1782360687.008331,0.001992464065551758
170260,normal,1013,2,1782360687.0102417,0.0019106864929199219
170261,normal,3432,0,1782360687.0123067,0.002064943313598633
170262,normal,3495,0,1782360687.0142877,0.001981019973754883
170263,normal,502,0,1782360687.0162585,0.0019707679748535156
170264,normal,2510,0,1782360687.0183184,0.0020599365234375
170265,normal,1308,0,1782360687.0202885,0.001970052719116211
170266,normal,3132,1,1782360687.0222688,0.001980304718017578
170267,normal,2667,0,1782360687.024252,0.001983165740966797
170268,normal,2471,0,1782360687.0262892,0.0020372867584228516
170269,normal,1776,0,1782360687.0282571,0.001967906951904297
170270,normal,186,0,1782360687.0303237,0.0020666122436523438
170271,normal,1652,0,1782360687.0322895,0.001965761184692383
170272,normal,103,0,1782360687.0342712,0.0019817352294921875
170273,normal,1769,0,1782360687.036321,0.002049684524536133
170274,normal,3708,0,1782360687.0382924,0.0019714832305908203
170275,normal,2199,0,1782360687.0402713,0.0019788742065429688
170276,normal,1114,0,1782360687.0422823,0.0020110607147216797
170277,normal,3536,0,1782360687.0443132,0.0020308494567871094
170278,normal,98,0,1782360687.046253,0.0019397735595703125
170279,normal,1612,0,1782360687.048315,0.002062082290649414
170280,normal,2802,0,1782360687.0502899,0.001974821090698242
170281,normal,2569,0,1782360687.0522633,0.001973390579223633
170282,normal,1234,0,1782360687.0543225,0.0020592212677001953
170283,normal,2053,0,1782360687.056291,0.0019686222076416016
170284,normal,2586,0,1782360687.0582612,0.001970052719116211
170285,normal,3390,1,1782360687.0603192,0.0020580291748046875
170286,normal,2879,0,1782360687.0622897,0.001970529556274414
170287,normal,929,2,1782360687.0642614,0.001971721649169922
170288,normal,1301,0,1782360687.0663197,0.002058267593383789
170289,normal,2460,0,1782360687.068293,0.001973390579223633
170290,normal,1414,0,1782360687.0702631,0.001970052719116211
170291,normal,1322,1,1782360687.0723188,0.002055644989013672
170292,normal,1263,0,1782360687.07429,0.0019712448120117188
170293,normal,1203,0,1782360687.0762713,0.0019812583923339844
170294,normal,2789,0,1782360687.0782564,0.0019850730895996094
170295,normal,273,0,1782360687.0802934,0.00203704833984375
170296,normal,145,0,1782360687.0823443,0.0020508766174316406
170297,normal,2341,0,1782360687.084263,0.001918792724609375
170298,normal,2420,0,1782360687.086294,0.0020308494567871094
170299,normal,690,0,1782360687.0882602,0.001966238021850586
170300,normal,7,0,1782360687.0903134,0.0020532608032226562
170301,normal,2748,0,1782360687.0922892,0.0019757747650146484
170302,normal,972,2,1782360687.0942535,0.0019643306732177734
170303,normal,3418,0,1782360687.0963209,0.0020673274993896484
170304,normal,3259,1,1782360687.0982873,0.0019664764404296875
170305,normal,1714,0,1782360687.100268,0.0019805431365966797
170306,normal,425,0,1782360687.1023116,0.0020437240600585938
170307,normal,2648,0,1782360687.1042905,0.0019788742065429688
170308,normal,1352,1,1782360687.1062655,0.0019750595092773438
170309,normal,1773,0,1782360687.1083298,0.002064228057861328
170310,normal,2888,0,1782360687.1103024,0.001972675323486328
170311,normal,2001,0,1782360687.1122699,0.0019674301147460938
170312,normal,456,0,1782360687.114238,0.0019681453704833984
170313,normal,1845,0,1782360687.1163125,0.0020744800567626953
170314,normal,3400,1,1782360687.1182377,0.0019252300262451172
170315,normal,1863,0,1782360687.12032,0.002082347869873047
170316,normal,1785,0,1782360687.1222882,0.0019681453704833984
170317,normal,904,2,1782360687.1242604,0.001972198486328125
170318,normal,888,2,1782360687.1263216,0.002061128616333008
170319,normal,667,0,1782360687.1282911,0.001969575881958008
170320,normal,963,2,1782360687.1302707,0.0019795894622802734
170321,normal,3172,1,1782360687.1322923,0.0020215511322021484
170322,normal,3425,0,1782360687.1342905,0.0019981861114501953
170323,normal,1424,0,1782360687.1362624,0.0019719600677490234
170324,normal,81,0,1782360687.13832,0.0020575523376464844
170325,normal,89,0,1782360687.1402876,0.0019676685333251953
170326,normal,2025,0,1782360687.1422606,0.0019729137420654297
170327,normal,301,0,1782360687.1443233,0.0020627975463867188
170328,normal,1298,0,1782360687.146295,0.001971721649169922
170329,normal,3320,1,1782360687.1482604,0.0019652843475341797
170330,normal,2563,0,1782360687.1503224,0.002062082290649414
170331,normal,3084,1,1782360687.1522894,0.0019669532775878906
170332,normal,441,0,1782360687.1542702,0.0019807815551757812
170333,normal,853,2,1782360687.1563246,0.002054452896118164
170334,normal,409,0,1782360687.1582875,0.001962900161743164
170335,normal,437,0,1782360687.160248,0.0019605159759521484
170336,normal,3512,0,1782360687.162321,0.002073049545288086
170337,normal,3312,1,1782360687.164289,0.001967906951904297
170338,normal,1106,0,1782360687.1662471,0.001958131790161133
170339,normal,1302,0,1782360687.168322,0.0020749568939208984
170340,normal,1060,0,1782360687.1702895,0.0019674301147460938
170341,normal,602,0,1782360687.1722703,0.0019807815551757812
170342,normal,3506,0,1782360687.1742704,0.002000093460083008
170343,normal,3112,1,1782360687.1762915,0.0020210742950439453
170344,normal,990,2,1782360687.178249,0.001957416534423828
170345,normal,3528,0,1782360687.1803238,0.0020749568939208984
170346,normal,797,2,1782360687.1822882,0.0019643306732177734
170347,normal,411,0,1782360687.184269,0.0019807815551757812
170348,normal,949,2,1782360687.1862807,0.0020117759704589844
170349,normal,2232,0,1782360687.1882875,0.0020067691802978516
170350,normal,2540,0,1782360687.190269,0.001981496810913086
170351,normal,1049,0,1782360687.1922388,0.0019698143005371094
170352,normal,1372,1,1782360687.194305,0.0020661354064941406
170353,normal,2160,0,1782360687.196239,0.001934051513671875
170354,normal,2063,0,1782360687.198326,0.002087116241455078
170355,normal,2312,0,1782360687.2002897,0.0019636154174804688
170356,normal,564,0,1782360687.2022715,0.0019817352294921875
170357,normal,2073,0,1782360687.2042773,0.0020058155059814453
170358,normal,2392,0,1782360687.206316,0.002038717269897461
170359,normal,3019,0,1782360687.2082782,0.0019621849060058594
170360,normal,363,0,1782360687.210308,0.002029895782470703
170361,normal,2332,0,1782360687.2122905,0.001982450485229492
170362,normal,957,2,1782360687.214276,0.0019855499267578125
170363,normal,399,0,1782360687.2162697,0.0019936561584472656
170364,normal,3368,1,1782360687.2183266,0.0020568370819091797
170365,normal,113,0,1782360687.2202384,0.0019118785858154297
170366,normal,912,2,1782360687.222355,0.0021164417266845703
170367,normal,2308,0,1782360687.2243094,0.0019545555114746094
170368,normal,3335,1,1782360687.2262726,0.0019631385803222656
170369,normal,438,0,1782360687.22827,0.0019974708557128906
170370,normal,3130,1,1782360687.2303245,0.002054452896118164
170371,normal,3381,1,1782360687.2322383,0.0019137859344482422
170372,normal,2289,0,1782360687.2343183,0.0020799636840820312
170373,normal,2839,0,1782360687.2363248,0.00200653076171875
170374,normal,508,0,1782360687.2382748,0.0019500255584716797
170375,normal,1294,0,1782360687.24027,0.001995086669921875
170376,normal,321,0,1782360687.2423236,0.0020537376403808594
170377,normal,1530,0,1782360687.2442446,0.001920938491821289
170378,normal,1328,1,1782360687.2463467,0.0021021366119384766
170379,normal,664,0,1782360687.2483044,0.0019576549530029297
170380,normal,3642,0,1782360687.2502759,0.0019714832305908203
170381,normal,1778,0,1782360687.2522695,0.0019936561584472656
170382,normal,3544,0,1782360687.2543244,0.002054929733276367
170383,normal,2790,0,1782360687.2562442,0.0019197463989257812
170384,normal,2407,0,1782360687.258332,0.002087831497192383
170385,normal,979,2,1782360687.2605298,0.002197742462158203
170386,normal,1239,0,1782360687.262297,0.0017671585083007812
170387,normal,1839,0,1782360687.2644956,0.0021986961364746094
170388,normal,2391,0,1782360687.2663267,0.0018310546875
170389,normal,1196,0,1782360687.2684443,0.002117633819580078
170390,normal,1722,0,1782360687.2703147,0.0018703937530517578
170391,normal,2908,0,1782360687.27233,0.002015352249145508
170392,normal,374,0,1782360687.2744498,0.002119779586791992
170393,normal,2670,0,1782360687.2763147,0.0018649101257324219
170394,normal,2820,0,1782360687.278455,0.0021402835845947266
170395,normal,829,2,1782360687.2802877,0.001832723617553711
170396,normal,3399,1,1782360687.2824538,0.0021660327911376953
170397,normal,426,0,1782360687.2843323,0.001878499984741211
170398,normal,3049,1,1782360687.2864432,0.0021109580993652344
170399,normal,390,0,1782360687.2883143,0.0018711090087890625
170400,normal,404,0,1782360687.29046,0.0021457672119140625
170401,normal,2442,0,1782360687.2922883,0.0018281936645507812
170402,normal,1944,0,1782360687.2944567,0.002168416976928711
170403,normal,348,0,1782360687.296321,0.0018641948699951172
170404,normal,29,0,1782360687.2984636,0.002142667770385742
170405,normal,1086,0,1782360687.3002863,0.0018227100372314453
170406,normal,338,0,1782360687.3024824,0.002196073532104492
170407,normal,1039,0,1782360687.3042898,0.0018074512481689453
170408,normal,1118,0,1782360687.3064563,0.0021665096282958984
170409,normal,469,0,1782360687.308317,0.0018606185913085938
170410,normal,2779,0,1782360687.3104675,0.0021505355834960938
170411,normal,68,0,1782360687.3122878,0.0018203258514404297
170412,normal,2777,0,1782360687.3144596,0.002171754837036133
170413,normal,268,0,1782360687.3163183,0.0018587112426757812
170414,normal,2428,0,1782360687.3184426,0.002124309539794922
170415,normal,1903,0,1782360687.3203402,0.001897573471069336
170416,normal,215,0,1782360687.322446,0.0021059513092041016
170417,normal,2590,0,1782360687.324315,0.0018689632415771484
170418,normal,2487,0,1782360687.326489,0.002173900604248047
170419,normal,1290,0,1782360687.3282876,0.0017986297607421875
170420,normal,2211,0,1782360687.3304615,0.002173900604248047
170421,normal,2287,0,1782360687.3323135,0.0018520355224609375
170422,normal,2942,0,1782360687.334459,0.002145528793334961
170423,normal,484,0,1782360687.336297,0.0018379688262939453
170424,normal,3009,0,1782360687.33846,0.002162933349609375
170425,normal,919,2,1782360687.340315,0.0018551349639892578
170426,normal,233,0,1782360687.3424785,0.002163410186767578
170427,normal,1904,0,1782360687.3443387,0.0018601417541503906
170428,normal,3462,0,1782360687.3464422,0.002103567123413086
170429,normal,1317,0,1782360687.3483398,0.001897573471069336
170430,normal,3551,0,1782360687.3503292,0.0019893646240234375
170431,normal,3486,0,1782360687.352346,0.002016782760620117
170432,normal,955,2,1782360687.3543265,0.0019805431365966797
170433,normal,87,0,1782360687.3564737,0.002147197723388672
170434,normal,3694,0,1782360687.358505,0.0020313262939453125
170435,normal,2230,0,1782360687.3603408,0.0018358230590820312
170436,normal,3652,0,1782360687.3626356,0.002294778823852539
170437,normal,3385,1,1782360687.3643243,0.0016887187957763672
170438,normal,2379,0,1782360687.366811,0.002486705780029297
170439,normal,3329,1,1782360687.3684251,0.0016140937805175781
170440,normal,55,0,1782360687.37033,0.0019049644470214844
170441,normal,2043,0,1782360687.3724184,0.002088308334350586
170442,normal,1602,0,1782360687.3744771,0.002058744430541992
170443,normal,627,0,1782360687.376299,0.001821756362915039
170444,normal,2661,0,1782360687.3783286,0.0020296573638916016
170445,normal,92,0,1782360687.3804662,0.0021376609802246094
170446,normal,1208,0,1782360687.3823254,0.0018591880798339844
170447,normal,3053,1,1782360687.3844202,0.002094745635986328
170448,normal,293,0,1782360687.3864782,0.0020580291748046875
170449,normal,738,0,1782360687.3882997,0.0018215179443359375
170450,normal,3552,0,1782360687.3904371,0.002137422561645508
170451,normal,135,0,1782360687.3924556,0.002018451690673828
170452,normal,2176,0,1782360687.39433,0.0018744468688964844
170453,normal,3408,0,1782360687.396418,0.0020880699157714844
170454,normal,3233,1,1782360687.3984714,0.0020532608032226562
170455,normal,1918,0,1782360687.4003005,0.0018291473388671875
170456,normal,2822,0,1782360687.4024405,0.002140045166015625
170457,normal,3627,0,1782360687.4044547,0.00201416015625
170458,normal,671,0,1782360687.4063265,0.0018718242645263672
170459,normal,2376,0,1782360687.4084184,0.0020918846130371094
170460,normal,124,0,1782360687.4104738,0.0020554065704345703
170461,normal,1811,0,1782360687.4123,0.0018262863159179688
170462,normal,1344,1,1782360687.4144387,0.0021386146545410156
170463,normal,747,0,1782360687.4164543,0.0020155906677246094
170464,normal,773,2,1782360687.4183345,0.0018801689147949219
170465,normal,608,0,1782360687.4204283,0.002093791961669922
170466,normal,1359,1,1782360687.422477,0.0020487308502197266
170467,normal,3206,1,1782360687.4243064,0.001829385757446289
170468,normal,2640,0,1782360687.4265242,0.0022177696228027344
170469,normal,2852,0,1782360687.4284372,0.0019130706787109375
170470,normal,556,0,1782360687.4302976,0.0018603801727294922
170471,normal,1269,0,1782360687.4324467,0.0021491050720214844
170472,normal,3319,1,1782360687.4344764,0.0020296573638916016
170473,normal,691,0,1782360687.4363282,0.001851797103881836
170474,normal,346,0,1782360687.438418,0.0020897388458251953
170475,normal,804,2,1782360687.440475,0.0020570755004882812
170476,normal,477,0,1782360687.4422967,0.001821756362915039
170477,normal,3505,0,1782360687.4444315,0.0021347999572753906
170478,normal,2052,0,1782360687.446455,0.002023458480834961
170479,normal,43,0,1782360687.4483318,0.0018768310546875
170480,normal,714,0,1782360687.4504163,0.002084493637084961
170481,normal,148,0,1782360687.452475,0.002058744430541992
170482,normal,832,2,1782360687.454298,0.0018229484558105469
170483,normal,1345,1,1782360687.456439,0.0021409988403320312
170484,normal,2099,0,1782360687.4584646,0.002025604248046875
170485,normal,2697,0,1782360687.4603312,0.0018665790557861328
170486,normal,2672,0,1782360687.4624593,0.002128124237060547
170487,normal,453,0,1782360687.464478,0.0020186901092529297
170488,normal,1736,0,1782360687.4663,0.0018219947814941406
170489,normal,2479,0,1782360687.468439,0.0021390914916992188
170490,normal,2102,0,1782360687.4704654,0.0020263195037841797
170491,normal,3242,1,1782360687.4723296,0.0018641948699951172
170492,normal,706,0,1782360687.4744172,0.0020875930786132812
170493,normal,478,0,1782360687.4764738,0.002056598663330078
170494,normal,2905,0,1782360687.4782994,0.001825571060180664
170495,normal,1953,0,1782360687.480441,0.002141714096069336
170496,normal,361,0,1782360687.4824533,0.0020122528076171875
170497,normal,1938,0,1782360687.4843307,0.0018773078918457031
170498,normal,2173,0,1782360687.4864728,0.002142190933227539
170499,normal,1611,0,1782360687.4884703,0.0019974708557128906
170500,normal,988,2,1782360687.4907877,0.0023174285888671875
170501,normal,2582,0,1782360687.4923136,0.00152587890625
170502,normal,2064,0,1782360687.4944532,0.002139568328857422
170503,normal,2949,0,1782360687.4962957,0.001842498779296875
170504,normal,2628,0,1782360687.4984844,0.0021886825561523438
170505,normal,2673,0,1782360687.5004187,0.0019342899322509766
170506,normal,2472,0,1782360687.502302,0.0018832683563232422
170507,normal,2881,0,1782360687.5044284,0.002126455307006836
170508,normal,3083,1,1782360687.506453,0.0020246505737304688
170509,normal,2526,0,1782360687.5082974,0.0018444061279296875
170510,normal,1656,0,1782360687.5104747,0.0021772384643554688
170511,normal,3678,0,1782360687.5124428,0.0019681453704833984
170512,normal,1005,2,1782360687.5142817,0.0018389225006103516
170513,normal,1601,0,1782360687.5164554,0.0021736621856689453
170514,normal,2197,0,1782360687.5184267,0.0019712448120117188
170515,normal,3631,0,1782360687.5202775,0.0018508434295654297
170516,normal,1980,0,1782360687.5223947,0.002117156982421875
170517,normal,1591,0,1782360687.5244448,0.002050161361694336
170518,normal,1900,0,1782360687.5262825,0.0018377304077148438
170519,normal,864,2,1782360687.5284286,0.002146005630493164
170520,normal,2556,0,1782360687.5304255,0.0019969940185546875
170521,normal,1270,0,1782360687.5323052,0.0018796920776367188
170522,normal,2934,0,1782360687.5344331,0.0021278858184814453
170523,normal,203,0,1782360687.5365274,0.002094268798828125
170524,normal,2092,0,1782360687.5382721,0.0017447471618652344
170525,normal,1058,0,1782360687.5405097,0.002237558364868164
170526,normal,617,0,1782360687.5423384,0.0018286705017089844
170527,normal,769,0,1782360687.5442696,0.0019311904907226562
170528,normal,2389,0,1782360687.5464463,0.0021767616271972656
170529,normal,2761,0,1782360687.5483963,0.0019500255584716797
170530,normal,2944,0,1782360687.5502532,0.0018568038940429688
170531,normal,3247,1,1782360687.5523193,0.0020661354064941406
170532,normal,3477,0,1782360687.5543013,0.001981973648071289
170533,normal,840,2,1782360687.5562694,0.0019681453704833984
170534,normal,606,0,1782360687.5583167,0.002047300338745117
170535,normal,3066,1,1782360687.5603013,0.0019845962524414062
170536,normal,3393,1,1782360687.5622637,0.001962423324584961
170537,normal,1868,0,1782360687.564311,0.002047300338745117
170538,normal,3279,1,1782360687.5662842,0.0019731521606445312
170539,normal,3214,1,1782360687.5682619,0.001977682113647461
170540,normal,365,0,1782360687.5703099,0.002048015594482422
170541,normal,3684,0,1782360687.5722885,0.001978635787963867
170542,normal,3514,0,1782360687.5742779,0.0019893646240234375
170543,normal,2873,0,1782360687.576331,0.0020530223846435547
170544,normal,2533,0,1782360687.578284,0.001953125
170545,normal,2108,0,1782360687.5802631,0.0019791126251220703
170546,normal,2191,0,1782360687.5823178,0.0020546913146972656
170547,normal,618,0,1782360687.584285,0.001967191696166992
170548,normal,2634,0,1782360687.5862637,0.001978635787963867
170549,normal,2171,0,1782360687.5883076,0.0020439624786376953
170550,normal,2688,0,1782360687.5902858,0.001978158950805664
170551,normal,3018,0,1782360687.5922503,0.001964569091796875
170552,normal,1805,0,1782360687.594312,0.002061605453491211
170553,normal,2146,0,1782360687.5962918,0.001979827880859375
170554,normal,359,0,1782360687.5982516,0.0019598007202148438
170555,normal,2174,0,1782360687.6003056,0.002053976058959961
170556,normal,3685,0,1782360687.60227,0.0019643306732177734
170557,normal,2669,0,1782360687.6042483,0.0019783973693847656
170558,normal,1457,0,1782360687.606305,0.002056598663330078
170559,normal,3015,0,1782360687.608281,0.00197601318359375
170560,normal,2184,0,1782360687.6102629,0.001981973648071289
170561,normal,421,0,1782360687.6123054,0.002042531967163086
170562,normal,2982,0,1782360687.6142972,0.001991748809814453
170563,normal,1264,0,1782360687.616249,0.0019519329071044922
170564,normal,3625,0,1782360687.6183076,0.0020585060119628906
170565,normal,1804,0,1782360687.620277,0.0019693374633789062
170566,normal,3373,1,1782360687.6222608,0.0019838809967041016
170567,normal,633,0,1782360687.6243105,0.002049684524536133
170568,normal,387,0,1782360687.6262903,0.001979827880859375
170569,normal,3380,1,1782360687.6282606,0.0019702911376953125
170570,normal,3336,1,1782360687.6303103,0.002049684524536133
170571,normal,2113,0,1782360687.632275,0.0019648075103759766
170572,normal,1170,0,1782360687.6342459,0.0019707679748535156
170573,normal,1319,1,1782360687.6363044,0.0020585060119628906
170574,normal,3236,1,1782360687.638279,0.0019745826721191406
170575,normal,327,0,1782360687.640262,0.0019829273223876953
170576,normal,2056,0,1782360687.6423132,0.0020513534545898438
170577,normal,299,0,1782360687.6442807,0.0019674301147460938
170578,normal,2283,0,1782360687.6462634,0.0019826889038085938
170579,normal,112,0,1782360687.6483068,0.002043485641479492
170580,normal,2571,0,1782360687.6502788,0.0019719600677490234
170581,normal,961,2,1782360687.6522563,0.0019774436950683594
170582,normal,806,2,1782360687.6543171,0.0020608901977539062
170583,normal,739,0,1782360687.6562827,0.0019655227661132812
170584,normal,1606,0,1782360687.6582303,0.001947641372680664
170585,normal,2131,0,1782360687.660291,0.0020606517791748047
170586,normal,568,0,1782360687.6622598,0.001968860626220703
170587,normal,758,0,1782360687.6642573,0.0019974708557128906
170588,normal,624,0,1782360687.6663158,0.0020585060119628906
170589,normal,2759,0,1782360687.6682558,0.001940011978149414
170590,normal,740,0,1782360687.6702514,0.001995563507080078
170591,normal,786,2,1782360687.672313,0.002061605453491211
170592,normal,3090,1,1782360687.6742628,0.0019497871398925781
170593,normal,1510,0,1782360687.6762514,0.001988649368286133
170594,normal,2314,0,1782360687.678313,0.002061605453491211
170595,normal,1460,0,1782360687.680265,0.0019519329071044922
170596,normal,2082,0,1782360687.6822515,0.0019865036010742188
170597,normal,439,0,1782360687.684313,0.002061605453491211
170598,normal,2201,0,1782360687.6862905,0.0019774436950683594
170599,normal,3466,0,1782360687.6882625,0.0019719600677490234
170600,normal,2500,0,1782360687.690316,0.002053499221801758
170601,normal,1421,0,1782360687.6922734,0.001957416534423828
170602,normal,2117,0,1782360687.6942527,0.001979351043701172
170603,normal,3598,0,1782360687.6963134,0.0020606517791748047
170604,normal,49,0,1782360687.6982658,0.0019524097442626953
170605,normal,3688,0,1782360687.7002492,0.0019834041595458984
170606,normal,2871,0,1782360687.702308,0.002058744430541992
170607,normal,2656,0,1782360687.704293,0.0019850730895996094
170608,normal,2046,0,1782360687.7062578,0.0019648075103759766
170609,normal,2624,0,1782360687.7083206,0.0020627975463867188
170610,normal,3543,0,1782360687.7102778,0.0019571781158447266
170611,normal,926,2,1782360687.7122505,0.001972675323486328
170612,normal,1386,0,1782360687.7143133,0.0020627975463867188
170613,normal,1109,0,1782360687.716292,0.001978635787963867
170614,normal,2274,0,1782360687.7182605,0.0019686222076416016
170615,normal,1,0,1782360687.7203026,0.002042055130004883
170616,normal,1717,0,1782360687.7222834,0.0019807815551757812
170617,normal,796,2,1782360687.7242668,0.0019834041595458984
170618,normal,1632,0,1782360687.7262888,0.0020220279693603516
170619,normal,2363,0,1782360687.7282832,0.0019943714141845703
170620,normal,3377,1,1782360687.7302647,0.001981496810913086
170621,normal,2945,0,1782360687.7323449,0.002080202102661133
170622,normal,615,0,1782360687.7343028,0.0019578933715820312
170623,normal,489,0,1782360687.7362866,0.0019838809967041016
170624,normal,2270,0,1782360687.7382603,0.0019736289978027344
170625,normal,1312,0,1782360687.7402859,0.002025604248046875
170626,normal,1517,0,1782360687.742266,0.0019800662994384766
170627,normal,2322,0,1782360687.7443142,0.0020482540130615234
170628,normal,2880,0,1782360687.7462802,0.0019659996032714844
170629,normal,2273,0,1782360687.7482588,0.001978635787963867
170630,normal,1649,0,1782360687.7503114,0.0020525455474853516
170631,normal,2565,0,1782360687.752283,0.001971721649169922
170632,normal,31,0,1782360687.7542727,0.001989603042602539
170633,normal,3673,0,1782360687.7563071,0.002034425735473633
170634,normal,2636,0,1782360687.7582898,0.0019826889038085938
170635,normal,2936,0,1782360687.76026,0.0019702911376953125
170636,normal,784,2,1782360687.7623122,0.0020520687103271484
170637,normal,289,0,1782360687.7642906,0.0019783973693847656
170638,normal,237,0,1782360687.76626,0.0019693374633789062
170639,normal,1763,0,1782360687.768318,0.0020580291748046875
170640,normal,2754,0,1782360687.7702851,0.001967191696166992
170641,normal,3656,0,1782360687.7722456,0.0019605159759521484
170642,normal,3595,0,1782360687.7742944,0.0020487308502197266
170643,normal,1425,0,1782360687.776278,0.001983642578125
170644,normal,1229,0,1782360687.77826,0.001981973648071289
170645,normal,749,0,1782360687.7802665,0.00200653076171875
170646,normal,1462,0,1782360687.782285,0.002018451690673828
170647,normal,1340,1,1782360687.7842624,0.0019774436950683594
170648,normal,800,2,1782360687.7863197,0.002057313919067383
170649,normal,198,0,1782360687.7882864,0.001966714859008789
170650,normal,2714,0,1782360687.7902627,0.0019762516021728516
170651,normal,1040,0,1782360687.792313,0.0020503997802734375
170652,normal,759,0,1782360687.794278,0.0019648075103759766
170653,normal,2939,0,1782360687.796259,0.001981019973754883
170654,normal,1699,0,1782360687.798288,0.0020291805267333984
170655,normal,2962,0,1782360687.8002794,0.00199127197265625
170656,normal,3630,0,1782360687.8022556,0.0019762516021728516
170657,normal,1547,0,1782360687.804294,0.0020384788513183594
170658,normal,373,0,1782360687.8062587,0.001964569091796875
170659,normal,213,0,1782360687.808246,0.0019872188568115234
170660,normal,3611,0,1782360687.8103209,0.0020749568939208984
170661,normal,3615,0,1782360687.8122633,0.0019423961639404297
170662,normal,1597,0,1782360687.8142548,0.0019915103912353516
170663,normal,3361,1,1782360687.8162894,0.0020346641540527344
170664,normal,2504,0,1782360687.8182714,0.001981973648071289
170665,normal,90,0,1782360687.8202534,0.001981973648071289
170666,normal,1034,0,1782360687.8222902,0.0020368099212646484
170667,normal,2154,0,1782360687.824273,0.0019829273223876953
170668,normal,3440,0,1782360687.8262453,0.001972198486328125
170669,normal,730,0,1782360687.8282998,0.002054452896118164
170670,normal,3186,1,1782360687.8302937,0.001993894577026367
170671,normal,85,0,1782360687.8322523,0.001958608627319336
170672,normal,3413,0,1782360687.8342905,0.002038240432739258
170673,normal,2954,0,1782360687.836267,0.001976490020751953
170674,normal,3249,1,1782360687.838264,0.0019969940185546875
170675,normal,837,2,1782360687.8402572,0.0019931793212890625
170676,normal,358,0,1782360687.8422806,0.002023458480834961
170677,normal,3581,0,1782360687.8442526,0.0019719600677490234
170678,normal,3221,1,1782360687.8463044,0.002051830291748047
170679,normal,1943,0,1782360687.8482833,0.0019788742065429688
170680,normal,3423,0,1782360687.850252,0.0019686222076416016
170681,normal,512,0,1782360687.8523264,0.0020744800567626953
170682,normal,1844,0,1782360687.8542812,0.001954793930053711
170683,normal,915,2,1782360687.856246,0.0019648075103759766
170684,normal,256,0,1782360687.8583097,0.002063751220703125
170685,normal,3384,1,1782360687.8602734,0.0019636154174804688
170686,normal,2378,0,1782360687.862252,0.001978635787963867
170687,normal,3165,1,1782360687.864308,0.002056121826171875
170688,normal,2374,0,1782360687.86627,0.001961946487426758
170689,normal,2756,0,1782360687.8682442,0.0019741058349609375
170690,normal,298,0,1782360687.8703077,0.0020635128021240234
170691,normal,3159,1,1782360687.872275,0.0019674301147460938
170692,normal,2166,0,1782360687.8742516,0.001976490020751953
170693,normal,262,0,1782360687.8762941,0.002042531967163086
170694,normal,777,2,1782360687.878282,0.001987934112548828
170695,normal,2864,0,1782360687.8802495,0.0019674301147460938
170696,normal,3231,1,1782360687.8823156,0.0020661354064941406
170697,normal,2114,0,1782360687.8842747,0.001959085464477539
170698,normal,1309,0,1782360687.8862462,0.0019714832305908203
170699,normal,1209,0,1782360687.8883023,0.002056121826171875
170700,normal,3606,0,1782360687.890291,0.001988649368286133
170701,normal,2385,0,1782360687.8922276,0.0019366741180419922
170702,normal,307,0,1782360687.8942175,0.0019898414611816406
170703,normal,382,0,1782360687.8962896,0.0020720958709716797
170704,normal,1127,0,1782360687.8982158,0.0019261837005615234
170705,normal,1075,0,1782360687.9003098,0.0020940303802490234
170706,normal,2971,0,1782360687.9022577,0.0019478797912597656
170707,normal,1640,0,1782360687.9042459,0.0019881725311279297
170708,normal,1674,0,1782360687.9062967,0.0020508766174316406
170709,normal,383,0,1782360687.9082632,0.0019664764404296875
170710,normal,419,0,1782360687.9102464,0.001983165740966797
170711,normal,161,0,1782360687.9123116,0.0020651817321777344
170712,normal,1906,0,1782360687.9142792,0.0019676685333251953
170713,normal,2058,0,1782360687.9162443,0.001965045928955078
170714,normal,713,0,1782360687.918302,0.002057790756225586
170715,normal,3436,0,1782360687.9202764,0.001974344253540039
170716,normal,1024,2,1782360687.9222434,0.0019669532775878906
170717,normal,1353,1,1782360687.9243004,0.0020570755004882812
170718,normal,2047,0,1782360687.9263046,0.0020041465759277344
170719,normal,1069,0,1782360687.928257,0.0019524097442626953
170720,normal,1306,0,1782360687.9302957,0.002038717269897461
170721,normal,384,0,1782360687.9323778,0.0020821094512939453
170722,normal,880,2,1782360687.9342601,0.001882314682006836
170723,normal,3366,1,1782360687.9362965,0.0020363330841064453
170724,normal,3534,0,1782360687.9382756,0.0019791126251220703
170725,normal,516,0,1782360687.940262,0.0019865036010742188
170726,normal,1848,0,1782360687.9422958,0.002033710479736328
170727,normal,83,0,1782360687.9442718,0.00197601318359375
170728,normal,549,0,1782360687.9462488,0.0019769668579101562
170729,normal,137,0,1782360687.9483109,0.002062082290649414
170730,normal,3417,0,1782360687.9502614,0.0019505023956298828
170731,normal,1902,0,1782360687.9522462,0.001984834671020508
170732,normal,152,0,1782360687.954313,0.0020668506622314453
170733,normal,2776,0,1782360687.9562712,0.001958131790161133
170734,normal,2238,0,1782360687.9582508,0.0019795894622802734
170735,normal,277,0,1782360687.9603076,0.0020568370819091797
170736,normal,2999,0,1782360687.9622607,0.001953125
170737,normal,1168,0,1782360687.9642649,0.0020041465759277344
170738,normal,303,0,1782360687.9663196,0.0020546913146972656
170739,normal,1104,0,1782360687.968257,0.0019373893737792969
170740,normal,1450,0,1782360687.9702477,0.001990795135498047
170741,normal,1792,0,1782360687.9723282,0.0020804405212402344
170742,normal,159,0,1782360687.9742649,0.0019366741180419922
170743,normal,314,0,1782360687.9762516,0.0019867420196533203
170744,normal,400,0,1782360687.9783118,0.0020601749420166016
170745,normal,2179,0,1782360687.980275,0.0019631385803222656
170746,normal,266,0,1782360687.9822543,0.001979351043701172
170747,normal,1813,0,1782360687.9843128,0.0020585060119628906
170748,normal,2301,0,1782360687.986272,0.0019593238830566406
170749,normal,1321,1,1782360687.988248,0.00197601318359375
170750,normal,1297,0,1782360687.9903061,0.0020580291748046875
170751,normal,2358,0,1782360687.9922805,0.001974344253540039
170752,normal,814,2,1782360687.9942648,0.0019843578338623047
170753,normal,2098,0,1782360687.9963145,0.002049684524536133
170754,normal,1633,0,1782360687.9982848,0.0019702911376953125
170755,normal,3648,0,1782360688.0002522,0.0019674301147460938
170756,normal,3211,1,1782360688.002311,0.002058744430541992
170757,normal,2005,0,1782360688.0042975,0.0019865036010742188
170758,normal,2910,0,1782360688.0062613,0.0019638538360595703
170759,normal,3475,0,1782360688.0083094,0.002048015594482422
170760,normal,1968,0,1782360688.0102782,0.001968860626220703
170761,normal,2838,0,1782360688.0122514,0.0019731521606445312
170762,normal,3069,1,1782360688.0142574,0.002006053924560547
170763,normal,2631,0,1782360688.0162609,0.0020034313201904297
170764,normal,192,0,1782360688.018247,0.0019860267639160156
170765,normal,2739,0,1782360688.0202763,0.0020294189453125
170766,normal,2192,0,1782360688.0222821,0.0020058155059814453
170767,normal,3082,1,1782360688.024269,0.001986980438232422
170768,normal,2795,0,1782360688.026315,0.002045869827270508
170769,normal,156,0,1782360688.0282774,0.001962423324584961
170770,normal,1318,0,1782360688.0302649,0.001987457275390625
170771,normal,2867,0,1782360688.0323055,0.0020406246185302734
170772,normal,3155,1,1782360688.0342865,0.001981019973754883
170773,normal,2573,0,1782360688.036243,0.001956462860107422
170774,normal,356,0,1782360688.0383315,0.0020885467529296875
170775,normal,386,0,1782360688.0402622,0.0019307136535644531
170776,normal,2537,0,1782360688.0422513,0.001989126205444336
170777,normal,921,2,1782360688.0443234,0.0020720958709716797
170778,normal,528,0,1782360688.0462618,0.0019383430480957031
170779,normal,575,0,1782360688.048251,0.001989126205444336
170780,normal,1219,0,1782360688.0503116,0.0020606517791748047
170781,normal,1182,0,1782360688.0522614,0.0019497871398925781
170782,normal,765,0,1782360688.0542514,0.001990079879760742
170783,normal,445,0,1782360688.0563104,0.0020589828491210938
170784,normal,3002,0,1782360688.0582612,0.0019507408142089844
170785,normal,1391,0,1782360688.0602484,0.0019872188568115234
170786,normal,778,2,1782360688.062309,0.0020606517791748047
170787,normal,2307,0,1782360688.0642729,0.0019638538360595703
170788,normal,3527,0,1782360688.0662487,0.0019757747650146484
170789,normal,3391,1,1782360688.0682883,0.002039670944213867
170790,normal,1807,0,1782360688.07027,0.0019817352294921875
170791,normal,3166,1,1782360688.0722513,0.0019812583923339844
170792,normal,1871,0,1782360688.0742905,0.002039194107055664
170793,normal,2592,0,1782360688.076291,0.002000570297241211
170794,normal,2061,0,1782360688.0782523,0.001961231231689453
170795,normal,442,0,1782360688.080296,0.0020437240600585938
170796,normal,22,0,1782360688.0822773,0.0019812583923339844
170797,normal,831,2,1782360688.0842507,0.001973390579223633
170798,normal,1979,0,1782360688.0862894,0.002038717269897461
170799,normal,698,0,1782360688.0882537,0.0019643306732177734
170800,normal,968,2,1782360688.0903044,0.002050638198852539
170801,normal,2415,0,1782360688.0924556,0.0021512508392333984
170802,normal,109,0,1782360688.09426,0.001804351806640625
170803,normal,1613,0,1782360688.096263,0.0020029544830322266
170804,normal,3076,1,1782360688.0982895,0.0020265579223632812
170805,normal,1130,0,1782360688.1002655,0.00197601318359375
170806,normal,2929,0,1782360688.1022472,0.0019817352294921875
170807,normal,2572,0,1782360688.1043105,0.002063274383544922
170808,normal,3453,0,1782360688.1062677,0.0019571781158447266
170809,normal,813,2,1782360688.1082473,0.0019795894622802734
170810,normal,2747,0,1782360688.1103096,0.0020623207092285156
170811,normal,3202,1,1782360688.1122587,0.0019490718841552734
170812,normal,75,0,1782360688.1142538,0.001995086669921875
170813,normal,3198,1,1782360688.1163137,0.0020599365234375
170814,normal,61,0,1782360688.1182604,0.0019466876983642578
170815,normal,2861,0,1782360688.1202507,0.0019903182983398438
170816,normal,1451,0,1782360688.122321,0.002070188522338867
170817,normal,214,0,1782360688.12426,0.0019390583038330078
170818,normal,2266,0,1782360688.1262522,0.0019922256469726562
170819,normal,2361,0,1782360688.1283092,0.0020570755004882812
170820,normal,2396,0,1782360688.1302652,0.0019559860229492188
170821,normal,1650,0,1782360688.132249,0.0019838809967041016
170822,normal,257,0,1782360688.1342885,0.0020394325256347656
170823,normal,1354,1,1782360688.136258,0.0019693374633789062
170824,normal,1614,0,1782360688.1382544,0.0019965171813964844
170825,normal,2621,0,1782360688.1403146,0.0020601749420166016
170826,normal,2593,0,1782360688.142262,0.0019474029541015625
170827,normal,2280,0,1782360688.1442487,0.0019867420196533203
170828,normal,3692,0,1782360688.1463087,0.0020599365234375
170829,normal,850,2,1782360688.148261,0.0019524097442626953
170830,normal,3587,0,1782360688.1502473,0.001986265182495117
170831,normal,3140,1,1782360688.1523104,0.0020630359649658203
170832,normal,1131,0,1782360688.1542578,0.0019474029541015625
170833,normal,302,0,1782360688.1562495,0.001991748809814453
170834,normal,362,0,1782360688.1582901,0.0020406246185302734
170835,normal,3308,1,1782360688.160271,0.0019807815551757812
170836,normal,1589,0,1782360688.1622488,0.0019779205322265625
170837,normal,755,0,1782360688.1643145,0.0020656585693359375
170838,normal,1184,0,1782360688.1662614,0.0019469261169433594
170839,normal,2310,0,1782360688.1682951,0.002033710479736328
170840,normal,736,0,1782360688.1702664,0.0019712448120117188
170841,normal,2519,0,1782360688.1722643,0.0019979476928710938
170842,normal,2600,0,1782360688.1742487,0.0019843578338623047
170843,normal,3175,1,1782360688.1763113,0.002062559127807617
170844,normal,586,0,1782360688.1782606,0.001949310302734375
170845,normal,1064,0,1782360688.180248,0.001987457275390625
170846,normal,1258,0,1782360688.1823127,0.0020647048950195312
170847,normal,908,2,1782360688.1842585,0.0019457340240478516
170848,normal,3297,1,1782360688.1862535,0.001995086669921875
170849,normal,3087,1,1782360688.1883104,0.0020568370819091797
170850,normal,3220,1,1782360688.190257,0.0019466876983642578
170851,normal,1423,0,1782360688.1922495,0.001992464065551758
170852,normal,3123,1,1782360688.1943083,0.002058744430541992
170853,normal,3482,0,1782360688.1962576,0.001949310302734375
170854,normal,836,2,1782360688.198247,0.0019893646240234375
170855,normal,1144,0,1782360688.2003202,0.0020732879638671875
170856,normal,1721,0,1782360688.20226,0.0019397735595703125
170857,normal,2946,0,1782360688.2042503,0.0019903182983398438
170858,normal,1048,0,1782360688.2063115,0.002061128616333008
170859,normal,1734,0,1782360688.2082584,0.0019469261169433594
170860,normal,1199,0,1782360688.210249,0.0019905567169189453
170861,normal,1499,0,1782360688.2123084,0.002059459686279297
170862,normal,2484,0,1782360688.2143846,0.0020761489868164062
170863,normal,3250,1,1782360688.2162364,0.001851797103881836
170864,normal,693,0,1782360688.2183137,0.002077341079711914
170865,normal,2319,0,1782360688.2202659,0.0019521713256835938
170866,normal,3071,1,1782360688.2222545,0.001988649368286133
170867,normal,483,0,1782360688.22431,0.0020554065704345703
170868,normal,3263,1,1782360688.2262602,0.0019502639770507812
170869,normal,357,0,1782360688.2282538,0.0019936561584472656
170870,normal,1050,0,1782360688.230312,0.002058267593383789
170871,normal,1356,1,1782360688.2322555,0.001943349838256836
170872,normal,3327,1,1782360688.2342682,0.0020127296447753906
170873,normal,3264,1,1782360688.236309,0.002040863037109375
170874,normal,679,0,1782360688.238302,0.001992940902709961
170875,normal,681,0,1782360688.2402666,0.001964569091796875
170876,normal,1286,0,1782360688.2423131,0.0020465850830078125
170877,normal,144,0,1782360688.2442718,0.001958608627319336
170878,normal,839,2,1782360688.246255,0.001983165740966797
170879,normal,3107,1,1782360688.2483125,0.0020575523376464844
170880,normal,286,0,1782360688.2502756,0.0019631385803222656
170881,normal,428,0,1782360688.2522533,0.001977682113647461
170882,normal,1087,0,1782360688.2543085,0.0020551681518554688
170883,normal,3488,0,1782360688.2562711,0.0019626617431640625
170884,normal,1881,0,1782360688.2582579,0.0019867420196533203
170885,normal,2369,0,1782360688.2603102,0.00205230712890625
170886,normal,2343,0,1782360688.2622657,0.0019555091857910156
170887,normal,593,0,1782360688.264247,0.0019812583923339844
170888,normal,3409,0,1782360688.26631,0.0020630359649658203
170889,normal,1232,0,1782360688.2682686,0.001958608627319336
170890,normal,861,2,1782360688.2702503,0.0019817352294921875
170891,normal,455,0,1782360688.2723057,0.0020554065704345703
170892,normal,1837,0,1782360688.2742817,0.00197601318359375
170893,normal,408,0,1782360688.2762494,0.0019676685333251953
170894,normal,3313,1,1782360688.2783241,0.002074718475341797
170895,normal,1111,0,1782360688.2802553,0.0019311904907226562
170896,normal,2960,0,1782360688.2822487,0.001993417739868164
170897,normal,960,2,1782360688.2843118,0.0020630359649658203
170898,normal,2826,0,1782360688.2862585,0.0019466876983642578
170899,normal,1395,0,1782360688.2882545,0.0019960403442382812
170900,normal,211,0,1782360688.2902963,0.0020418167114257812
170901,normal,678,0,1782360688.2922573,0.0019609928131103516
170902,normal,2989,0,1782360688.2942529,0.001995563507080078
170903,normal,1755,0,1782360688.2963104,0.0020575523376464844
170904,normal,1833,0,1782360688.2982676,0.0019571781158447266
170905,normal,3585,0,1782360688.3002534,0.001985788345336914
170906,normal,3474,0,1782360688.3023105,0.0020570755004882812
170907,normal,2659,0,1782360688.3042583,0.0019478797912597656
170908,normal,1247,0,1782360688.3062525,0.0019941329956054688
170909,normal,3510,0,1782360688.3083212,0.002068758010864258
170910,normal,561,0,1782360688.310259,0.0019378662109375
170911,normal,206,0,1782360688.3122537,0.001994609832763672
170912,normal,2267,0,1782360688.3143106,0.0020568370819091797
170913,normal,86,0,1782360688.31634,0.0020294189453125
170914,normal,1870,0,1782360688.318263,0.0019230842590332031
170915,normal,1279,0,1782360688.3203318,0.002068758010864258
170916,normal,2712,0,1782360688.3222554,0.0019235610961914062
170917,normal,3023,0,1782360688.3242908,0.002035379409790039
170918,normal,1522,0,1782360688.3262668,0.00197601318359375
170919,normal,3633,0,1782360688.3282802,0.0020134449005126953
170920,normal,1963,0,1782360688.3302507,0.001970529556274414
170921,normal,2008,0,1782360688.3323128,0.002062082290649414
170922,normal,1718,0,1782360688.3342733,0.0019605159759521484
170923,normal,2101,0,1782360688.336253,0.0019795894622802734
170924,normal,1439,0,1782360688.3382916,0.002038717269897461
170925,normal,2615,0,1782360688.340258,0.001966238021850586
170926,normal,2724,0,1782360688.3422523,0.0019943714141845703
170927,normal,623,0,1782360688.3443131,0.0020608901977539062
170928,normal,1780,0,1782360688.3462653,0.0019521713256835938
170929,normal,3074,1,1782360688.3482547,0.0019893646240234375
170930,normal,2793,0,1782360688.350522,0.0022673606872558594
170931,normal,141,0,1782360688.3523011,0.0017790794372558594
170932,normal,1917,0,1782360688.354448,0.0021469593048095703
170933,normal,2513,0,1782360688.356307,0.0018589496612548828
170934,normal,1864,0,1782360688.358436,0.002129077911376953
170935,normal,180,0,1782360688.3604167,0.0019805431365966797
170936,normal,1758,0,1782360688.3623133,0.0018966197967529297
170937,normal,1240,0,1782360688.3644593,0.002146005630493164
170938,normal,1324,1,1782360688.3663163,0.0018570423126220703
170939,normal,1197,0,1782360688.3682785,0.0019621849060058594
170940,normal,1539,0,1782360688.3704488,0.0021703243255615234
170941,normal,364,0,1782360688.3723056,0.0018568038940429688
170942,normal,1416,0,1782360688.3744793,0.0021736621856689453
170943,normal,460,0,1782360688.3762848,0.0018055438995361328
170944,normal,764,0,1782360688.3784862,0.0022013187408447266
170945,normal,330,0,1782360688.3803024,0.0018162727355957031
170946,normal,2000,0,1782360688.382447,0.0021445751190185547
170947,normal,3564,0,1782360688.3843157,0.0018687248229980469
170948,normal,3235,1,1782360688.3864768,0.0021610260009765625
170949,normal,2875,0,1782360688.3882766,0.0017998218536376953
170950,normal,189,0,1782360688.3904715,0.0021948814392089844
170951,normal,1218,0,1782360688.3923006,0.0018291473388671875
170952,normal,2446,0,1782360688.39445,0.002149343490600586
170953,normal,1412,0,1782360688.396315,0.0018651485443115234
170954,normal,932,2,1782360688.3984768,0.002161741256713867
170955,normal,2321,0,1782360688.4003196,0.0018427371978759766
170956,normal,2209,0,1782360688.402474,0.0021543502807617188
170957,normal,1557,0,1782360688.4043026,0.0018286705017089844
170958,normal,2785,0,1782360688.4064405,0.002137899398803711
170959,normal,481,0,1782360688.4083116,0.0018711090087890625
170960,normal,3280,1,1782360688.4104772,0.002165555953979492
170961,normal,1642,0,1782360688.4123251,0.001847982406616211
170962,normal,1926,0,1782360688.414477,0.002151966094970703
170963,normal,1325,1,1782360688.4163027,0.001825571060180664
170964,normal,315,0,1782360688.418443,0.0021402835845947266
170965,normal,3451,0,1782360688.4202998,0.0018568038940429688
170966,normal,640,0,1782360688.4224463,0.002146482467651367
170967,normal,2874,0,1782360688.424482,0.002035856246948242
170968,normal,1622,0,1782360688.426262,0.001779794692993164
170969,normal,2709,0,1782360688.4284744,0.0022125244140625
170970,normal,2736,0,1782360688.4302778,0.0018033981323242188
170971,normal,2333,0,1782360688.432297,0.002019166946411133
170972,normal,1336,1,1782360688.4344625,0.002165555953979492
170973,normal,194,0,1782360688.436278,0.0018155574798583984
170974,normal,2678,0,1782360688.4384747,0.0021965503692626953
170975,normal,2272,0,1782360688.440299,0.0018243789672851562
170976,normal,900,2,1782360688.4424467,0.002147674560546875
170977,normal,2318,0,1782360688.4443007,0.00185394287109375
170978,normal,2729,0,1782360688.446481,0.002180337905883789
170979,normal,674,0,1782360688.4482787,0.0017976760864257812
170980,normal,974,2,1782360688.4504952,0.0022165775299072266
170981,normal,3667,0,1782360688.4522789,0.001783609390258789
170982,normal,3097,1,1782360688.4544818,0.0022029876708984375
170983,normal,1996,0,1782360688.4562771,0.0017952919006347656
170984,normal,1072,0,1782360688.4584742,0.0021970272064208984
170985,normal,3163,1,1782360688.4602811,0.0018069744110107422
170986,normal,2970,0,1782360688.4624836,0.0022025108337402344
170987,normal,2249,0,1782360688.4643004,0.0018167495727539062
170988,normal,291,0,1782360688.4664414,0.0021409988403320312
170989,normal,3501,0,1782360688.4683044,0.0018630027770996094
170990,normal,494,0,1782360688.4702933,0.0019888877868652344
170991,normal,1525,0,1782360688.4724307,0.002137422561645508
170992,normal,347,0,1782360688.4743004,0.0018696784973144531
170993,normal,828,2,1782360688.4764478,0.0021474361419677734
170994,normal,1126,0,1782360688.4784756,0.002027750015258789
170995,normal,1033,0,1782360688.480278,0.0018024444580078125
170996,normal,1625,0,1782360688.4824896,0.0022115707397460938
170997,normal,3680,0,1782360688.4842744,0.0017848014831542969
170998,normal,2775,0,1782360688.4864643,0.0021898746490478516
170999,normal,2112,0,1782360688.488309,0.001844644546508789
171000,normal,847,2,1782360688.4904332,0.002124309539794922
171001,normal,1088,0,1782360688.492303,0.0018696784973144531
171002,normal,255,0,1782360688.4944658,0.002162933349609375
171003,normal,1704,0,1782360688.4962776,0.0018117427825927734
171004,normal,1256,0,1782360688.4984658,0.0021882057189941406
171005,normal,1169,0,1782360688.5003092,0.0018434524536132812
171006,normal,1409,0,1782360688.502435,0.0021257400512695312
171007,normal,965,2,1782360688.5042953,0.0018603801727294922
171008,normal,2829,0,1782360688.5064642,0.002168893814086914
171009,normal,1646,0,1782360688.508284,0.0018198490142822266
171010,normal,1920,0,1782360688.5104697,0.0021855831146240234
171011,normal,3170,1,1782360688.5123181,0.001848459243774414
171012,normal,2855,0,1782360688.5144384,0.0021202564239501953
171013,normal,2292,0,1782360688.5163171,0.0018787384033203125
171014,normal,3450,0,1782360688.5184672,0.0021500587463378906
171015,normal,1271,0,1782360688.520274,0.0018067359924316406
171016,normal,3570,0,1782360688.5224755,0.002201557159423828
171017,normal,793,2,1782360688.5243108,0.0018353462219238281
171018,normal,3406,0,1782360688.526431,0.0021202564239501953
171019,normal,3288,1,1782360688.5282943,0.001863241195678711
171020,normal,3637,0,1782360688.5304666,0.002172231674194336
171021,normal,518,0,1782360688.5322714,0.0018048286437988281
171022,normal,1398,0,1782360688.5344696,0.0021982192993164062
171023,normal,1538,0,1782360688.536332,0.0018622875213623047
171024,normal,726,0,1782360688.5384312,0.002099275588989258
171025,normal,2794,0,1782360688.540293,0.0018618106842041016
171026,normal,1070,0,1782360688.5424573,0.0021643638610839844
171027,normal,110,0,1782360688.54429,0.001832723617553711
171028,normal,2244,0,1782360688.5464504,0.002160310745239258
171029,normal,3638,0,1782360688.5482905,0.0018401145935058594
171030,normal,389,0,1782360688.5505776,0.002287149429321289
171031,normal,2205,0,1782360688.5523098,0.0017321109771728516
171032,normal,3228,1,1782360688.5544648,0.0021550655364990234
171033,normal,541,0,1782360688.5564282,0.001963376998901367
171034,normal,1592,0,1782360688.5582979,0.0018696784973144531
171035,normal,1211,0,1782360688.560467,0.0021691322326660156
171036,normal,824,2,1782360688.5624304,0.001963376998901367
171037,normal,3356,1,1782360688.5642934,0.0018630027770996094
171038,normal,1753,0,1782360688.5664907,0.002197265625
171039,normal,2403,0,1782360688.5682847,0.0017940998077392578
171040,normal,1675,0,1782360688.5702956,0.002010822296142578
171041,normal,3670,0,1782360688.5724921,0.0021965503692626953
171042,normal,2089,0,1782360688.574291,0.001798868179321289
171043,normal,2279,0,1782360688.5763223,0.0020313262939453125
171044,normal,2812,0,1782360688.5784945,0.002172231674194336
171045,normal,3183,1,1782360688.580278,0.0017833709716796875
171046,normal,1045,0,1782360688.5822992,0.002021312713623047
171047,normal,1153,0,1782360688.584487,0.0021877288818359375
171048,normal,3080,1,1782360688.586281,0.0017940998077392578
171049,normal,3181,1,1782360688.5882962,0.0020151138305664062
171050,normal,2013,0,1782360688.5904903,0.0021941661834716797
171051,normal,588,0,1782360688.592298,0.0018076896667480469
171052,normal,3284,1,1782360688.5942967,0.0019986629486083984
171053,normal,1429,0,1782360688.596492,0.0021953582763671875
171054,normal,2003,0,1782360688.5982811,0.001789093017578125
171055,normal,95,0,1782360688.600298,0.002016782760620117
171056,normal,643,0,1782360688.6024938,0.0021958351135253906
171057,normal,3275,1,1782360688.6042767,0.0017828941345214844
171058,normal,830,2,1782360688.6062975,0.0020208358764648438
171059,normal,2542,0,1782360688.6084888,0.002191305160522461
171060,normal,331,0,1782360688.610292,0.0018031597137451172
171061,normal,380,0,1782360688.6122997,0.002007722854614258
171062,normal,3099,1,1782360688.6144922,0.0021924972534179688
171063,normal,1377,1,1782360688.6162822,0.0017900466918945312
171064,normal,3222,1,1782360688.618297,0.0020148754119873047
171065,normal,367,0,1782360688.6204839,0.0021867752075195312
171066,normal,3371,1,1782360688.6224277,0.001943826675415039
171067,normal,1178,0,1782360688.6242967,0.0018689632415771484
171068,normal,1931,0,1782360688.6264877,0.0021910667419433594
171069,normal,2105,0,1782360688.628282,0.0017943382263183594
171070,normal,1257,0,1782360688.6302965,0.0020143985748291016
171071,normal,2753,0,1782360688.6324954,0.002198934555053711
171072,normal,2610,0,1782360688.6342804,0.0017850399017333984
171073,normal,1570,0,1782360688.6363351,0.0020546913146972656
171074,normal,3548,0,1782360688.638469,0.0021338462829589844
171075,normal,1526,0,1782360688.6404285,0.001959562301635742
171076,normal,394,0,1782360688.64231,0.0018813610076904297
171077,normal,2895,0,1782360688.644311,0.002001047134399414
171078,normal,1593,0,1782360688.6464584,0.0021474361419677734
171079,normal,142,0,1782360688.6482751,0.0018167495727539062
171080,normal,2212,0,1782360688.6504877,0.0022125244140625
171081,normal,1566,0,1782360688.6524343,0.0019466876983642578
171082,normal,3571,0,1782360688.654296,0.001861572265625
171083,normal,3597,0,1782360688.656488,0.0021920204162597656
171084,normal,626,0,1782360688.6584282,0.0019402503967285156
171085,normal,3434,0,1782360688.6602957,0.001867532730102539
171086,normal,3146,1,1782360688.6624656,0.0021698474884033203
171087,normal,2083,0,1782360688.6644268,0.001961231231689453
171088,normal,1684,0,1782360688.666301,0.0018742084503173828
171089,normal,2606,0,1782360688.6684968,0.0021958351135253906
171090,normal,3045,1,1782360688.6702845,0.0017876625061035156
171091,normal,2153,0,1782360688.6722977,0.0020132064819335938
171092,normal,111,0,1782360688.6744945,0.002196788787841797
171093,normal,1908,0,1782360688.6762772,0.0017826557159423828
171094,normal,3658,0,1782360688.6783357,0.0020585060119628906
171095,normal,1678,0,1782360688.6803088,0.0019731521606445312
171096,normal,312,0,1782360688.6824503,0.0021414756774902344
171097,normal,1888,0,1782360688.684302,0.001851797103881836
171098,normal,1774,0,1782360688.6864712,0.0021691322326660156
171099,normal,349,0,1782360688.688427,0.001955747604370117
171100,normal,3628,0,1782360688.690335,0.0019080638885498047
171101,normal,3355,1,1782360688.693416,0.003081083297729492
171102,normal,3304,1,1782360688.6944118,0.000995635986328125
171103,normal,2054,0,1782360688.6962786,0.0018668174743652344
171104,normal,2932,0,1782360688.6984875,0.0022089481353759766
171105,normal,3650,0,1782360688.7002757,0.0017881393432617188
171106,normal,2764,0,1782360688.7023013,0.002025604248046875
171107,normal,1020,2,1782360688.7044976,0.0021963119506835938
171108,normal,91,0,1782360688.7062829,0.0017852783203125
171109,normal,1376,1,1782360688.7083437,0.0020608901977539062
171110,normal,810,2,1782360688.7104602,0.0021164417266845703
171111,normal,2716,0,1782360688.712433,0.0019729137420654297
171112,normal,2509,0,1782360688.7143073,0.0018742084503173828
171113,normal,535,0,1782360688.7164917,0.0021843910217285156
171114,normal,1998,0,1782360688.7183175,0.0018258094787597656
171115,normal,444,0,1782360688.720357,0.0020394325256347656
171116,normal,3180,1,1782360688.7224963,0.0021393299102783203
171117,normal,2439,0,1782360688.7243168,0.0018205642700195312
171118,normal,375,0,1782360688.726486,0.0021691322326660156
171119,normal,525,0,1782360688.7283397,0.0018537044525146484
171120,normal,3239,1,1782360688.7304795,0.0021398067474365234
171121,normal,2869,0,1782360688.732318,0.0018384456634521484
171122,normal,3632,0,1782360688.7345674,0.002249479293823242
171123,normal,856,2,1782360688.7363193,0.0017518997192382812
171124,normal,1857,0,1782360688.7385218,0.0022025108337402344
171125,normal,3079,1,1782360688.740358,0.0018362998962402344
171126,normal,3697,0,1782360688.7424643,0.002106189727783203
171127,normal,2947,0,1782360688.7443295,0.0018651485443115234
171128,normal,820,2,1782360688.7465112,0.0021817684173583984
171129,normal,2231,0,1782360688.7483177,0.001806497573852539
171130,normal,1712,0,1782360688.750482,0.0021643638610839844
171131,normal,677,0,1782360688.752355,0.001873016357421875
171132,normal,274,0,1782360688.7544665,0.0021114349365234375
171133,normal,2493,0,1782360688.756324,0.0018575191497802734
171134,normal,2935,0,1782360688.7585065,0.002182483673095703
171135,normal,584,0,1782360688.7603173,0.0018107891082763672
171136,normal,1690,0,1782360688.7624881,0.0021708011627197266
171137,normal,605,0,1782360688.7643647,0.0018765926361083984
171138,normal,396,0,1782360688.7664664,0.0021016597747802734
171139,normal,2835,0,1782360688.7683263,0.001859903335571289
171140,normal,3657,0,1782360688.7703688,0.002042531967163086
171141,normal,2792,0,1782360688.7724771,0.002108335494995117
171142,normal,476,0,1782360688.774328,0.0018508434295654297
171143,normal,1262,0,1782360688.776496,0.002167940139770508
171144,normal,1882,0,1782360688.778379,0.0018830299377441406
171145,normal,629,0,1782360688.7804868,0.002107858657836914
171146,normal,631,0,1782360688.7823699,0.0018830299377441406
171147,normal,193,0,1782360688.7844744,0.002104520797729492
171148,normal,2733,0,1782360688.786336,0.001861572265625
171149,normal,1985,0,1782360688.788502,0.0021660327911376953
171150,normal,3343,1,1782360688.7903175,0.0018155574798583984
171151,normal,2050,0,1782360688.7924898,0.002172231674194336
171152,normal,2350,0,1782360688.7943704,0.001880645751953125
171153,normal,2435,0,1782360688.7964666,0.0020961761474609375
171154,normal,2566,0,1782360688.798325,0.0018584728240966797
171155,normal,1634,0,1782360688.8005147,0.00218963623046875
171156,normal,567,0,1782360688.802316,0.0018012523651123047
171157,normal,644,0,1782360688.8044972,0.0021812915802001953
171158,normal,1180,0,1782360688.8063672,0.0018699169158935547
171159,normal,1129,0,1782360688.808467,0.002099752426147461
171160,normal,1498,0,1782360688.810355,0.0018880367279052734
171161,normal,1089,0,1782360688.8124962,0.002141237258911133
171162,normal,3225,1,1782360688.8143413,0.0018451213836669922
171163,normal,2604,0,1782360688.8164697,0.0021283626556396484
171164,normal,3334,1,1782360688.8183813,0.0019116401672363281
171165,normal,249,0,1782360688.8204675,0.002086162567138672
171166,normal,2203,0,1782360688.8223538,0.0018863677978515625
171167,normal,1761,0,1782360688.8245246,0.0021708011627197266
171168,normal,1933,0,1782360688.8264353,0.0019106864929199219
171169,normal,910,2,1782360688.8282914,0.001856088638305664
171170,normal,1015,2,1782360688.8305106,0.0022192001342773438
171171,normal,1213,0,1782360688.8323185,0.0018079280853271484
171172,normal,3237,1,1782360688.8344824,0.0021638870239257812
171173,normal,188,0,1782360688.8363686,0.001886129379272461
171174,normal,994,2,1782360688.8384678,0.002099275588989258
171175,normal,1133,0,1782360688.84033,0.0018620491027832031
171176,normal,2351,0,1782360688.8425097,0.002179861068725586
171177,normal,157,0,1782360688.8443165,0.0018067359924316406
171178,normal,1282,0,1782360688.8464925,0.002176046371459961
171179,normal,3034,0,1782360688.8483667,0.0018742084503173828
171180,normal,2136,0,1782360688.8504677,0.0021009445190429688
171181,normal,1235,0,1782360688.85233,0.0018622875213623047
171182,normal,2219,0,1782360688.854356,0.002026081085205078
171183,normal,2010,0,1782360688.856459,0.0021028518676757812
171184,normal,2303,0,1782360688.858352,0.0018930435180664062
171185,normal,3397,1,1782360688.8604913,0.0021393299102783203
171186,normal,1608,0,1782360688.862356,0.0018646717071533203
171187,normal,788,2,1782360688.8644762,0.0021202564239501953
171188,normal,982,2,1782360688.866369,0.0018928050994873047
171189,normal,1786,0,1782360688.8684835,0.002114534378051758
171190,normal,1091,0,1782360688.8703089,0.0018253326416015625
171191,normal,149,0,1782360688.8725078,0.002198934555053711
171192,normal,160,0,1782360688.8743153,0.0018074512481689453
171193,normal,2682,0,1782360688.8764608,0.002145528793334961
171194,normal,2878,0,1782360688.878366,0.001905202865600586
171195,normal,1919,0,1782360688.8804607,0.002094745635986328
171196,normal,3026,0,1782360688.8823104,0.0018496513366699219
171197,normal,809,2,1782360688.8845007,0.0021903514862060547
171198,normal,344,0,1782360688.8863144,0.001813650131225586
171199,normal,58,0,1782360688.8884807,0.002166271209716797
171200,normal,1885,0,1782360688.8903573,0.0018765926361083984
171201,normal,1738,0,1782360688.8924587,0.002101421356201172
171202,normal,3058,1,1782360688.8943431,0.00188446044921875
171203,normal,1265,0,1782360688.896494,0.0021507740020751953
171204,normal,1624,0,1782360688.8983378,0.0018439292907714844
171205,normal,174,0,1782360688.9004664,0.00212860107421875
171206,normal,118,0,1782360688.9023561,0.0018897056579589844
171207,normal,33,0,1782360688.9044695,0.00211334228515625
171208,normal,3162,1,1782360688.9063125,0.0018429756164550781
171209,normal,1305,0,1782360688.9084873,0.002174854278564453
171210,normal,491,0,1782360688.910479,0.001991748809814453
171211,normal,3387,1,1782360688.912315,0.0018358230590820312
171212,normal,45,0,1782360688.914504,0.002189159393310547
171213,normal,3285,1,1782360688.9163141,0.0018100738525390625
171214,normal,1841,0,1782360688.9184709,0.0021567344665527344
171215,normal,1767,0,1782360688.920343,0.0018720626831054688
171216,normal,1401,0,1782360688.9224753,0.002132415771484375
171217,normal,1267,0,1782360688.9243147,0.0018393993377685547
171218,normal,3589,0,1782360688.9265578,0.0022430419921875
171219,normal,557,0,1782360688.9283116,0.0017538070678710938
171220,normal,2121,0,1782360688.9304745,0.002162933349609375
171221,normal,737,0,1782360688.932337,0.0018625259399414062
171222,normal,2346,0,1782360688.9344702,0.0021331310272216797
171223,normal,1587,0,1782360688.936323,0.0018527507781982422
171224,normal,2125,0,1782360688.9384887,0.0021657943725585938
171225,normal,427,0,1782360688.9404655,0.0019767284393310547
171226,normal,1711,0,1782360688.942331,0.0018656253814697266
171227,normal,2387,0,1782360688.944503,0.0021719932556152344
171228,normal,126,0,1782360688.946337,0.0018339157104492188
171229,normal,1422,0,1782360688.9484756,0.0021386146545410156
171230,normal,762,0,1782360688.9503558,0.0018801689147949219
171231,normal,329,0,1782360688.9524596,0.0021038055419921875
171232,normal,3029,0,1782360688.9543533,0.001893758773803711
171233,normal,2336,0,1782360688.956498,0.0021445751190185547
171234,normal,775,2,1782360688.9583147,0.0018167495727539062
171235,normal,3000,0,1782360688.9604704,0.002155780792236328
171236,normal,2103,0,1782360688.9623668,0.0018963813781738281
171237,normal,683,0,1782360688.964463,0.0020961761474609375
171238,normal,1327,1,1782360688.966342,0.001878976821899414
171239,normal,1573,0,1782360688.96849,0.0021479129791259766
171240,normal,2576,0,1782360688.9703364,0.0018465518951416016
171241,normal,2508,0,1782360688.9724693,0.002132892608642578
171242,normal,3443,0,1782360688.9743683,0.0018990039825439453
171243,normal,2762,0,1782360688.9764605,0.002092123031616211
171244,normal,2584,0,1782360688.9783518,0.0018913745880126953
171245,normal,3306,1,1782360688.9804978,0.002146005630493164
171246,normal,3,0,1782360688.9823287,0.0018308162689208984
171247,normal,2305,0,1782360688.9843216,0.001992940902709961
171248,normal,459,0,1782360688.986501,0.002179384231567383
171249,normal,587,0,1782360688.988317,0.0018160343170166016
171250,normal,369,0,1782360688.9904788,0.002161741256713867
171251,normal,3547,0,1782360688.9923644,0.0018856525421142578
171252,normal,844,2,1782360688.9944808,0.0021164417266845703
171253,normal,1360,1,1782360688.9963267,0.0018458366394042969
171254,normal,2437,0,1782360688.9985049,0.002178192138671875
171255,normal,1916,0,1782360689.000324,0.0018191337585449219
171256,normal,410,0,1782360689.0024843,0.002160310745239258
171257,normal,642,0,1782360689.0043569,0.0018725395202636719
171258,normal,101,0,1782360689.0064664,0.002109527587890625
171259,normal,196,0,1782360689.0083268,0.0018603801727294922
171260,normal,1579,0,1782360689.0105083,0.002181529998779297
171261,normal,1911,0,1782360689.0123174,0.0018091201782226562
171262,normal,802,2,1782360689.0144858,0.002168416976928711
171263,normal,3645,0,1782360689.0163558,0.0018699169158935547
171264,normal,1017,2,1782360689.0185034,0.002147674560546875
171265,normal,222,0,1782360689.0202951,0.0017917156219482422
171266,normal,1866,0,1782360689.022478,0.0021829605102539062
171267,normal,1854,0,1782360689.0244653,0.0019872188568115234
171268,normal,500,0,1782360689.0263681,0.0019028186798095703
171269,normal,167,0,1782360689.0285635,0.0021953582763671875
171270,normal,835,2,1782360689.0304027,0.0018391609191894531
171271,normal,1023,2,1782360689.0323288,0.0019261837005615234
171272,normal,1685,0,1782360689.0346158,0.0022869110107421875
171273,normal,1909,0,1782360689.0364285,0.0018126964569091797
171274,normal,239,0,1782360689.0383742,0.0019457340240478516
171275,normal,2086,0,1782360689.0404513,0.0020771026611328125
171276,normal,2642,0,1782360689.042652,0.002200603485107422
171277,normal,2860,0,1782360689.0443168,0.001664876937866211
171278,normal,1430,0,1782360689.0464585,0.002141714096069336
171279,normal,2233,0,1782360689.0484989,0.002040386199951172
171280,normal,432,0,1782360689.0503342,0.0018353462219238281
171281,normal,34,0,1782360689.0524461,0.0021119117736816406
171282,normal,1484,0,1782360689.0544424,0.001996278762817383
171283,normal,2532,0,1782360689.056311,0.0018684864044189453
171284,normal,2306,0,1782360689.0584779,0.0021669864654541016
171285,normal,305,0,1782360689.0604403,0.001962423324584961
171286,normal,3309,1,1782360689.0623107,0.0018703937530517578
171287,normal,1620,0,1782360689.0644457,0.002135038375854492
171288,normal,883,2,1782360689.0664208,0.0019750595092773438
171289,normal,897,2,1782360689.0683417,0.001920938491821289
171290,normal,117,0,1782360689.0704455,0.0021038055419921875
171291,normal,3463,0,1782360689.0724254,0.001979827880859375
171292,normal,2132,0,1782360689.074336,0.0019106864929199219
171293,normal,3154,1,1782360689.076438,0.002101898193359375
171294,normal,1701,0,1782360689.0784597,0.00202178955078125
171295,normal,1107,0,1782360689.080318,0.0018582344055175781
171296,normal,1730,0,1782360689.0824776,0.002159595489501953
171297,normal,1083,0,1782360689.0844264,0.0019488334655761719
171298,normal,566,0,1782360689.0863497,0.0019233226776123047
171299,normal,1827,0,1782360689.088444,0.002094268798828125
171300,normal,3668,0,1782360689.0904422,0.0019981861114501953
171301,normal,3215,1,1782360689.092312,0.0018699169158935547
171302,normal,322,0,1782360689.0944626,0.0021505355834960938
171303,normal,3561,0,1782360689.0964317,0.0019690990447998047
171304,normal,3398,1,1782360689.098352,0.0019202232360839844
171305,normal,3276,1,1782360689.100442,0.002089977264404297
171306,normal,272,0,1782360689.1025221,0.002080202102661133
171307,normal,719,0,1782360689.104315,0.00179290771484375
171308,normal,2643,0,1782360689.1064694,0.0021543502807617188
171309,normal,3068,1,1782360689.1084218,0.0019524097442626953
171310,normal,3204,1,1782360689.1103566,0.0019347667694091797
171311,normal,789,2,1782360689.1124477,0.0020911693572998047
171312,normal,2653,0,1782360689.1144216,0.001973867416381836
171313,normal,2245,0,1782360689.1163535,0.001931905746459961
171314,normal,2951,0,1782360689.1184468,0.0020933151245117188
171315,normal,2411,0,1782360689.120456,0.002009153366088867
171316,normal,991,2,1782360689.1223443,0.001888275146484375
171317,normal,771,0,1782360689.1244483,0.002104043960571289
171318,normal,3075,1,1782360689.1265166,0.0020682811737060547
171319,normal,2246,0,1782360689.1283615,0.0018448829650878906
171320,normal,3479,0,1782360689.130433,0.0020716190338134766
171321,normal,1090,0,1782360689.132425,0.0019919872283935547
171322,normal,323,0,1782360689.134364,0.0019388198852539062
171323,normal,2561,0,1782360689.1364563,0.0020923614501953125
171324,normal,212,0,1782360689.1384428,0.0019865036010742188
171325,normal,689,0,1782360689.1403136,0.001870870590209961
171326,normal,2773,0,1782360689.14246,0.002146482467651367
171327,normal,2431,0,1782360689.1444972,0.00203704833984375
171328,normal,3106,1,1782360689.1463552,0.0018579959869384766
171329,normal,1542,0,1782360689.1484475,0.0020923614501953125
171330,normal,3290,1,1782360689.1504233,0.0019757747650146484
171331,normal,2907,0,1782360689.1523287,0.0019054412841796875
171332,normal,3576,0,1782360689.1544466,0.0021178722381591797
171333,normal,1689,0,1782360689.1564248,0.001978158950805664
171334,normal,308,0,1782360689.1583362,0.0019114017486572266
171335,normal,3653,0,1782360689.1604471,0.0021109580993652344
171336,normal,3537,0,1782360689.1624463,0.0019991397857666016
171337,normal,3300,1,1782360689.1643016,0.0018553733825683594
171338,normal,578,0,1782360689.1664505,0.002148866653442383
171339,normal,1644,0,1782360689.1684296,0.0019791126251220703
171340,normal,252,0,1782360689.1703396,0.0019099712371826172
171341,normal,2393,0,1782360689.1724415,0.002101898193359375
171342,normal,2816,0,1782360689.1744556,0.00201416015625
171343,normal,2941,0,1782360689.1763024,0.0018467903137207031
171344,normal,2912,0,1782360689.17846,0.002157449722290039
171345,normal,1825,0,1782360689.1804247,0.0019648075103759766
171346,normal,702,0,1782360689.1823366,0.0019118785858154297
171347,normal,1697,0,1782360689.184446,0.002109527587890625
171348,normal,3010,0,1782360689.186422,0.00197601318359375
171349,normal,2814,0,1782360689.1883395,0.0019173622131347656
171350,normal,3272,1,1782360689.1904483,0.0021088123321533203
171351,normal,2899,0,1782360689.1924303,0.001981973648071289
171352,normal,1954,0,1782360689.1943347,0.0019044876098632812
171353,normal,2662,0,1782360689.1964471,0.0021123886108398438
171354,normal,1516,0,1782360689.1984425,0.0019953250885009766
171355,normal,3596,0,1782360689.2002969,0.0018544197082519531
171356,normal,1635,0,1782360689.202475,0.002178192138671875
171357,normal,621,0,1782360689.204426,0.001950979232788086
171358,normal,2558,0,1782360689.2063396,0.0019135475158691406
171359,normal,2457,0,1782360689.208444,0.002104520797729492
171360,normal,983,2,1782360689.2104263,0.0019822120666503906
171361,normal,1928,0,1782360689.2123444,0.0019180774688720703
171362,normal,3431,0,1782360689.2144532,0.0021088123321533203
171363,normal,2847,0,1782360689.2164462,0.001992940902709961
171364,normal,1934,0,1782360689.2183025,0.0018563270568847656
171365,normal,3348,1,1782360689.2205012,0.0021986961364746094
171366,normal,548,0,1782360689.2224276,0.001926422119140625
171367,normal,2841,0,1782360689.2243388,0.001911163330078125
171368,normal,79,0,1782360689.2264466,0.002107858657836914
171369,normal,2019,0,1782360689.2284734,0.002026796340942383
171370,normal,128,0,1782360689.2303014,0.0018279552459716797
171371,normal,3316,1,1782360689.2324781,0.0021767616271972656
171372,normal,542,0,1782360689.2344234,0.0019452571868896484
171373,normal,1788,0,1782360689.2363155,0.00189208984375
171374,normal,3478,0,1782360689.2384465,0.0021309852600097656
171375,normal,2721,0,1782360689.2404325,0.0019860267639160156
171376,normal,1669,0,1782360689.2423403,0.0019078254699707031
171377,normal,2293,0,1782360689.24445,0.0021097660064697266
171378,normal,2458,0,1782360689.2465203,0.002070188522338867
171379,normal,581,0,1782360689.2483265,0.0018062591552734375
171380,normal,712,0,1782360689.2504659,0.0021393299102783203
171381,normal,2848,0,1782360689.2524362,0.0019702911376953125
171382,normal,414,0,1782360689.2543445,0.0019083023071289062
171383,normal,899,2,1782360689.2564507,0.002106189727783203
171384,normal,1368,1,1782360689.258451,0.0020003318786621094
171385,normal,1021,2,1782360689.2603078,0.0018568038940429688
171386,normal,170,0,1782360689.2624807,0.0021729469299316406
171387,normal,405,0,1782360689.264423,0.0019421577453613281
171388,normal,998,2,1782360689.2663345,0.0019116401672363281
171389,normal,2035,0,1782360689.2684493,0.0021147727966308594
171390,normal,2498,0,1782360689.2704277,0.0019783973693847656
171391,normal,1081,0,1782360689.2723382,0.0019104480743408203
171392,normal,3007,0,1782360689.274445,0.002106904983520508
171393,normal,2466,0,1782360689.2764387,0.0019936561584472656
171394,normal,2876,0,1782360689.2783089,0.0018701553344726562
171395,normal,2919,0,1782360689.2804837,0.002174854278564453
171396,normal,3705,0,1782360689.2824254,0.001941680908203125
171397,normal,1992,0,1782360689.284315,0.0018897056579589844
171398,normal,2021,0,1782360689.286478,0.002162933349609375
171399,normal,1709,0,1782360689.2884564,0.0019783973693847656
171400,normal,2787,0,1782360689.290315,0.0018584728240966797
171401,normal,2144,0,1782360689.293321,0.0030059814453125
171402,normal,2786,0,1782360689.2943475,0.0010266304016113281
171403,normal,1011,2,1782360689.296451,0.002103567123413086
171404,normal,2517,0,1782360689.2983088,0.001857757568359375
171405,normal,3438,0,1782360689.300381,0.0020720958709716797
171406,normal,1883,0,1782360689.3022816,0.0019006729125976562
171407,normal,1188,0,1782360689.3043563,0.002074718475341797
171408,normal,2302,0,1782360689.3063772,0.0020208358764648438
171409,normal,925,2,1782360689.3082411,0.0018639564514160156
171410,normal,514,0,1782360689.3103766,0.0021355152130126953
171411,normal,3111,1,1782360689.3124435,0.0020668506622314453
171412,normal,753,0,1782360689.314288,0.0018444061279296875
171413,normal,3493,0,1782360689.3164272,0.0021393299102783203
171414,normal,743,0,1782360689.318459,0.0020318031311035156
171415,normal,660,0,1782360689.320352,0.0018930435180664062
171416,normal,939,2,1782360689.3226428,0.0022907257080078125
171417,normal,1930,0,1782360689.3244555,0.0018126964569091797
171418,normal,3559,0,1782360689.326527,0.0020716190338134766
171419,normal,1016,2,1782360689.3284616,0.0019345283508300781
171420,normal,326,0,1782360689.3306553,0.0021936893463134766
171421,normal,986,2,1782360689.3323393,0.001683950424194336
171422,normal,791,2,1782360689.334635,0.0022957324981689453
171423,normal,2995,0,1782360689.3364666,0.0018315315246582031
171424,normal,1174,0,1782360689.3384995,0.0020329952239990234
171425,normal,2182,0,1782360689.3404605,0.0019609928131103516
171426,normal,3572,0,1782360689.3426507,0.002190113067626953
171427,normal,980,2,1782360689.3443394,0.0016887187957763672
171428,normal,2557,0,1782360689.3466399,0.0023005008697509766
171429,normal,2202,0,1782360689.3484874,0.0018475055694580078
171430,normal,3502,0,1782360689.350284,0.001796722412109375
171431,normal,945,2,1782360689.352268,0.0019838809967041016
171432,normal,2578,0,1782360689.3544018,0.0021338462829589844
171433,normal,1079,0,1782360689.3563218,0.0019199848175048828
171434,normal,2564,0,1782360689.3583472,0.0020253658294677734
171435,normal,1275,0,1782360689.3605132,0.0021660327911376953
171436,normal,529,0,1782360689.3622978,0.0017845630645751953
171437,normal,523,0,1782360689.3645284,0.0022306442260742188
171438,normal,1637,0,1782360689.3663085,0.0017800331115722656
171439,normal,2269,0,1782360689.368479,0.002170562744140625
171440,normal,1914,0,1782360689.3703208,0.0018417835235595703
171441,normal,2384,0,1782360689.372429,0.0021080970764160156
171442,normal,2187,0,1782360689.3743052,0.0018763542175292969
171443,normal,2118,0,1782360689.3764997,0.0021944046020507812
171444,normal,2168,0,1782360689.378431,0.0019314289093017578
171445,normal,3410,0,1782360689.3803165,0.0018854141235351562
171446,normal,2778,0,1782360689.3824756,0.00215911865234375
171447,normal,2993,0,1782360689.3844323,0.0019567012786865234
171448,normal,391,0,1782360689.3863056,0.0018732547760009766
171449,normal,1056,0,1782360689.388491,0.002185344696044922
171450,normal,1643,0,1782360689.3904276,0.0019366741180419922
171451,normal,1148,0,1782360689.3923075,0.0018799304962158203
171452,normal,2896,0,1782360689.3944929,0.002185344696044922
171453,normal,2405,0,1782360689.3964279,0.0019350051879882812
171454,normal,2897,0,1782360689.3982904,0.0018625259399414062
171455,normal,1214,0,1782360689.400491,0.002200603485107422
171456,normal,2685,0,1782360689.4024296,0.0019385814666748047
171457,normal,666,0,1782360689.4043164,0.0018868446350097656
171458,normal,1204,0,1782360689.4064686,0.0021522045135498047
171459,normal,1532,0,1782360689.4084353,0.001966714859008789
171460,normal,3439,0,1782360689.4103158,0.0018804073333740234
171461,normal,332,0,1782360689.4124954,0.0021796226501464844
171462,normal,52,0,1782360689.414436,0.0019407272338867188
171463,normal,371,0,1782360689.4163203,0.0018842220306396484
171464,normal,9,0,1782360689.4184701,0.002149820327758789
171465,normal,1549,0,1782360689.420429,0.0019588470458984375
171466,normal,2728,0,1782360689.422299,0.0018699169158935547
171467,normal,1947,0,1782360689.4244864,0.002187490463256836
171468,normal,795,2,1782360689.426429,0.0019426345825195312
171469,normal,2585,0,1782360689.4283228,0.001893758773803711
171470,normal,1723,0,1782360689.430468,0.0021452903747558594
171471,normal,3365,1,1782360689.4324298,0.0019617080688476562
171472,normal,164,0,1782360689.4343202,0.001890420913696289
171473,normal,1872,0,1782360689.436483,0.0021626949310302734
171474,normal,1681,0,1782360689.4384422,0.0019593238830566406
171475,normal,2680,0,1782360689.440321,0.0018787384033203125
171476,normal,2710,0,1782360689.4424667,0.0021457672119140625
171477,normal,2395,0,1782360689.4444313,0.001964569091796875
171478,normal,2002,0,1782360689.446317,0.0018856525421142578
171479,normal,1878,0,1782360689.448492,0.0021750926971435547
171480,normal,2094,0,1782360689.4504328,0.0019407272338867188
171481,normal,3517,0,1782360689.452313,0.0018801689147949219
171482,normal,682,0,1782360689.4544654,0.0021524429321289062
171483,normal,1161,0,1782360689.4564276,0.0019621849060058594
171484,normal,869,2,1782360689.4583092,0.0018815994262695312
171485,normal,3245,1,1782360689.460485,0.0021758079528808594
171486,normal,1901,0,1782360689.4624286,0.0019435882568359375
171487,normal,2285,0,1782360689.4643004,0.0018718242645263672
171488,normal,3174,1,1782360689.466465,0.002164602279663086
171489,normal,3569,0,1782360689.468427,0.001961946487426758
171490,normal,1137,0,1782360689.4703097,0.001882791519165039
171491,normal,3555,0,1782360689.472485,0.0021753311157226562
171492,normal,3603,0,1782360689.474429,0.001943826675415039
171493,normal,3149,1,1782360689.4763072,0.0018782615661621094
171494,normal,1982,0,1782360689.4784925,0.002185344696044922
171495,normal,2353,0,1782360689.480427,0.0019345283508300781
171496,normal,1135,0,1782360689.4822953,0.0018682479858398438
171497,normal,1200,0,1782360689.484493,0.002197742462158203
171498,normal,2627,0,1782360689.4864357,0.0019426345825195312
171499,normal,3593,0,1782360689.4882958,0.0018601417541503906
171500,normal,2095,0,1782360689.4904878,0.0021920204162597656
171501,normal,1173,0,1782360689.4924219,0.001934051513671875
171502,normal,3270,1,1782360689.4943016,0.0018796920776367188
171503,normal,3153,1,1782360689.4964657,0.002164125442504883
171504,normal,2824,0,1782360689.4984298,0.001964092254638672
171505,normal,3104,1,1782360689.5002985,0.0018687248229980469
171506,normal,3539,0,1782360689.5024924,0.002193927764892578
171507,normal,1873,0,1782360689.5044274,0.0019350051879882812
171508,normal,2268,0,1782360689.5062969,0.0018694400787353516
171509,normal,3100,1,1782360689.5084953,0.002198457717895508
171510,normal,878,2,1782360689.510435,0.0019397735595703125
171511,normal,1463,0,1782360689.5123029,0.0018677711486816406
171512,normal,2295,0,1782360689.5144737,0.0021708011627197266
171513,normal,1598,0,1782360689.5164268,0.001953125
171514,normal,2843,0,1782360689.5183043,0.0018775463104248047
171515,normal,3531,0,1782360689.520463,0.002158641815185547
171516,normal,434,0,1782360689.522289,0.0018260478973388672
171517,normal,1743,0,1782360689.5244467,0.0021576881408691406
171518,normal,3605,0,1782360689.5263135,0.0018668174743652344
171519,normal,868,2,1782360689.5284295,0.002115964889526367
171520,normal,2256,0,1782360689.5303,0.0018703937530517578
171521,normal,290,0,1782360689.532463,0.0021631717681884766
171522,normal,1389,0,1782360689.5344284,0.0019652843475341797
171523,normal,3200,1,1782360689.5363238,0.0018954277038574219
171524,normal,3129,1,1782360689.5384629,0.0021390914916992188
171525,normal,2377,0,1782360689.540429,0.001966238021850586
171526,normal,106,0,1782360689.5422986,0.0018694400787353516
171527,normal,2147,0,1782360689.54446,0.0021615028381347656
171528,normal,2193,0,1782360689.5462754,0.0018153190612792969
171529,normal,1599,0,1782360689.5484211,0.0021457672119140625
171530,normal,2161,0,1782360689.5503306,0.001909494400024414
171531,normal,3307,1,1782360689.5524588,0.002128124237060547
171532,normal,48,0,1782360689.5543017,0.0018429756164550781
171533,normal,3001,0,1782360689.5564945,0.0021927356719970703
171534,normal,3011,0,1782360689.5584304,0.0019359588623046875
171535,normal,2966,0,1782360689.5603034,0.001873016357421875
171536,normal,2568,0,1782360689.5624676,0.002164125442504883
171537,normal,1028,2,1782360689.5644352,0.0019676685333251953
171538,normal,1946,0,1782360689.5663037,0.0018684864044189453
171539,normal,1046,0,1782360689.5684876,0.0021839141845703125
171540,normal,2972,0,1782360689.57043,0.0019423961639404297
171541,normal,352,0,1782360689.5723038,0.0018737316131591797
171542,normal,1783,0,1782360689.5745037,0.002199888229370117
171543,normal,3378,1,1782360689.5763237,0.0018200874328613281
171544,normal,2090,0,1782360689.5782893,0.0019655227661132812
171545,normal,3207,1,1782360689.5804875,0.0021982192993164062
171546,normal,3098,1,1782360689.582432,0.0019445419311523438
171547,normal,232,0,1782360689.584308,0.0018758773803710938
171548,normal,885,2,1782360689.5864942,0.002186298370361328
171549,normal,2763,0,1782360689.5884302,0.0019359588623046875
171550,normal,1099,0,1782360689.590305,0.0018749237060546875
171551,normal,1003,2,1782360689.5924637,0.002158641815185547
171552,normal,1653,0,1782360689.59443,0.001966238021850586
171553,normal,1458,0,1782360689.5963051,0.001875162124633789
171554,normal,1454,0,1782360689.5984995,0.0021944046020507812
171555,normal,2228,0,1782360689.6004288,0.0019292831420898438
171556,normal,727,0,1782360689.6023064,0.0018775463104248047
171557,normal,610,0,1782360689.604508,0.002201557159423828
171558,normal,787,2,1782360689.6062768,0.0017688274383544922
171559,normal,551,0,1782360689.6084783,0.002201557159423828
171560,normal,3558,0,1782360689.6103065,0.0018281936645507812
171561,normal,3674,0,1782360689.6124296,0.002123117446899414
171562,normal,2028,0,1782360689.614312,0.001882314682006836
171563,normal,3480,0,1782360689.6164954,0.0021834373474121094
171564,normal,2740,0,1782360689.6184278,0.001932382583618164
171565,normal,1801,0,1782360689.6203084,0.001880645751953125
171566,normal,2782,0,1782360689.6224551,0.0021467208862304688
171567,normal,3205,1,1782360689.6244605,0.002005338668823242
171568,normal,808,2,1782360689.6263015,0.0018410682678222656
171569,normal,3135,1,1782360689.628484,0.002182483673095703
171570,normal,2915,0,1782360689.6304352,0.0019512176513671875
171571,normal,1350,1,1782360689.632307,0.0018718242645263672
171572,normal,1331,1,1782360689.634482,0.002174854278564453
171573,normal,210,0,1782360689.6364338,0.0019519329071044922
171574,normal,2923,0,1782360689.6383033,0.0018694400787353516
171575,normal,2026,0,1782360689.640484,0.002180814743041992
171576,normal,950,2,1782360689.6424344,0.0019502639770507812
171577,normal,558,0,1782360689.6443112,0.0018768310546875
171578,normal,2616,0,1782360689.6464677,0.002156496047973633
171579,normal,1369,1,1782360689.648451,0.0019834041595458984
171580,normal,3516,0,1782360689.6503124,0.0018613338470458984
171581,normal,1623,0,1782360689.6524847,0.002172231674194336
171582,normal,313,0,1782360689.6544375,0.0019528865814208984
171583,normal,150,0,1782360689.6563108,0.0018732547760009766
171584,normal,2925,0,1782360689.6584618,0.002151012420654297
171585,normal,366,0,1782360689.660427,0.0019652843475341797
171586,normal,234,0,1782360689.6623,0.001873016357421875
171587,normal,3094,1,1782360689.6644897,0.00218963623046875
171588,normal,25,0,1782360689.6664267,0.0019369125366210938
171589,normal,1966,0,1782360689.6683261,0.0018994808197021484
171590,normal,936,2,1782360689.6704626,0.0021364688873291016
171591,normal,1912,0,1782360689.6724412,0.001978635787963867
171592,normal,3059,1,1782360689.674322,0.001880645751953125
171593,normal,3655,0,1782360689.6764667,0.0021448135375976562
171594,normal,3575,0,1782360689.6784256,0.0019588470458984375
171595,normal,1115,0,1782360689.6803224,0.0018968582153320312
171596,normal,495,0,1782360689.682466,0.0021436214447021484
171597,normal,2635,0,1782360689.6844292,0.0019631385803222656
171598,normal,3600,0,1782360689.6863196,0.001890420913696289
171599,normal,594,0,1782360689.6884637,0.0021440982818603516
171600,normal,2597,0,1782360689.6904392,0.001975536346435547
171601,normal,1283,0,1782360689.6922996,0.0018603801727294922
171602,normal,2085,0,1782360689.6944647,0.002165079116821289
171603,normal,1149,0,1782360689.696427,0.001962423324584961
171604,normal,3473,0,1782360689.6983263,0.0018992424011230469
171605,normal,2917,0,1782360689.7004652,0.002138853073120117
171606,normal,3513,0,1782360689.7022767,0.0018115043640136719
171607,normal,259,0,1782360689.704471,0.0021944046020507812
171608,normal,533,0,1782360689.7063048,0.0018336772918701172
171609,normal,2723,0,1782360689.7084405,0.002135753631591797
171610,normal,2207,0,1782360689.7103097,0.00186920166015625
171611,normal,751,0,1782360689.712492,0.0021822452545166016
171612,normal,1907,0,1782360689.7144287,0.0019366741180419922
171613,normal,2243,0,1782360689.716307,0.0018782615661621094
171614,normal,1884,0,1782360689.7184658,0.0021588802337646484
171615,normal,153,0,1782360689.7204328,0.0019669532775878906
171616,normal,951,2,1782360689.7223153,0.0018825531005859375
171617,normal,2676,0,1782360689.7244895,0.0021741390228271484
171618,normal,2774,0,1782360689.7264285,0.0019390583038330078
171619,normal,2914,0,1782360689.7283003,0.0018718242645263672
171620,normal,2550,0,1782360689.7304652,0.0021648406982421875
171621,normal,2683,0,1782360689.7324286,0.001963376998901367
171622,normal,1628,0,1782360689.7342973,0.0018687248229980469
171623,normal,3078,1,1782360689.7364857,0.002188444137573242
171624,normal,622,0,1782360689.738431,0.0019452571868896484
171625,normal,2501,0,1782360689.7403076,0.0018765926361083984
171626,normal,2172,0,1782360689.7424636,0.0021560192108154297
171627,normal,2633,0,1782360689.7444358,0.001972198486328125
171628,normal,1851,0,1782360689.7462978,0.0018620491027832031
171629,normal,1707,0,1782360689.748482,0.002184152603149414
171630,normal,774,2,1782360689.7502458,0.0017638206481933594
171631,normal,3268,1,1782360689.7522771,0.0020313262939453125
171632,normal,1829,0,1782360689.7542768,0.0019996166229248047
171633,normal,430,0,1782360689.7563777,0.0021009445190429688
171634,normal,2674,0,1782360689.7582889,0.001911163330078125
171635,normal,2605,0,1782360689.7603853,0.002096414566040039
171636,normal,3519,0,1782360689.762475,0.0020897388458251953
171637,normal,1974,0,1782360689.764287,0.001811981201171875
171638,normal,3412,0,1782360689.7663076,0.002020597457885742
171639,normal,1506,0,1782360689.7683713,0.002063751220703125
171640,normal,1658,0,1782360689.7702909,0.0019195079803466797
171641,normal,2195,0,1782360689.7723005,0.0020096302032470703
171642,normal,3148,1,1782360689.7744036,0.002103090286254883
171643,normal,3497,0,1782360689.7762983,0.0018947124481201172
171644,normal,3051,1,1782360689.7784243,0.002125978469848633
171645,normal,355,0,1782360689.7803898,0.0019655227661132812
171646,normal,1397,0,1782360689.7822998,0.0019099712371826172
171647,normal,1766,0,1782360689.7844148,0.002115011215209961
171648,normal,2780,0,1782360689.7865791,0.0021643638610839844
171649,normal,1019,2,1782360689.7883165,0.001737356185913086
171650,normal,3509,0,1782360689.7903874,0.002070903778076172
171651,normal,1899,0,1782360689.7924354,0.002048015594482422
171652,normal,3022,0,1782360689.7942786,0.0018432140350341797
171653,normal,2846,0,1782360689.7963006,0.0020220279693603516
171654,normal,3357,1,1782360689.798509,0.002208232879638672
171655,normal,2810,0,1782360689.8002598,0.001750946044921875
171656,normal,1645,0,1782360689.8022797,0.0020198822021484375
171657,normal,499,0,1782360689.804436,0.0021562576293945312
171658,normal,3286,1,1782360689.8063264,0.001890420913696289
171659,normal,3328,1,1782360689.8084795,0.002153158187866211
171660,normal,1816,0,1782360689.810498,0.002018451690673828
171661,normal,1141,0,1782360689.8122792,0.0017812252044677734
171662,normal,3394,1,1782360689.814334,0.0020546913146972656
171663,normal,3330,1,1782360689.8164437,0.0021097660064697266
171664,normal,2851,0,1782360689.818277,0.001833200454711914
171665,normal,783,2,1782360689.8203013,0.002024412155151367
171666,normal,466,0,1782360689.8224385,0.0021371841430664062
171667,normal,420,0,1782360689.8242629,0.0018243789672851562
171668,normal,3643,0,1782360689.8262646,0.0020017623901367188
171669,normal,2913,0,1782360689.8282976,0.0020329952239990234
171670,normal,2916,0,1782360689.830246,0.0019483566284179688
171671,normal,1537,0,1782360689.8322499,0.002003908157348633
171672,normal,2298,0,1782360689.8342803,0.0020303726196289062
171673,normal,1063,0,1782360689.8362653,0.0019850730895996094
171674,normal,504,0,1782360689.8382554,0.001990079879760742
171675,normal,1892,0,1782360689.8402548,0.001999378204345703
171676,normal,3096,1,1782360689.8422644,0.0020096302032470703
171677,normal,1967,0,1782360689.844248,0.001983642578125
171678,normal,3169,1,1782360689.8462486,0.002000570297241211
171679,normal,3274,1,1782360689.8482676,0.0020189285278320312
171680,normal,686,0,1782360689.850257,0.0019893646240234375
171681,normal,733,0,1782360689.8522494,0.001992464065551758
171682,normal,905,2,1782360689.854266,0.0020165443420410156
171683,normal,3428,0,1782360689.8562505,0.0019845962524414062
171684,normal,1158,0,1782360689.858248,0.0019974708557128906
171685,normal,417,0,1782360689.8602717,0.0020236968994140625
171686,normal,1789,0,1782360689.8622475,0.0019757747650146484
171687,normal,3545,0,1782360689.8642483,0.0020008087158203125
171688,normal,2417,0,1782360689.8664312,0.0021829605102539062
171689,normal,2402,0,1782360689.868279,0.0018477439880371094
171690,normal,3460,0,1782360689.8704724,0.002193450927734375
171691,normal,2811,0,1782360689.8722856,0.0018131732940673828
171692,normal,65,0,1782360689.8744464,0.002160787582397461
171693,normal,2956,0,1782360689.8764377,0.00199127197265625
171694,normal,1695,0,1782360689.8783183,0.001880645751953125
171695,normal,1193,0,1782360689.88041,0.002091646194458008
171696,normal,958,2,1782360689.8824236,0.002013683319091797
171697,normal,3013,0,1782360689.884316,0.0018923282623291016
171698,normal,604,0,1782360689.8864243,0.002108335494995117
171699,normal,385,0,1782360689.8884249,0.002000570297241211
171700,normal,1260,0,1782360689.8903165,0.0018916130065917969
171701,normal,474,0,1782360689.8924427,0.0021262168884277344
171702,normal,1407,0,1782360689.8951154,0.0026726722717285156
171703,normal,1479,0,1782360689.8963034,0.001188039779663086
171704,normal,3707,0,1782360689.898475,0.0021715164184570312
171705,normal,1341,1,1782360689.9003687,0.001893758773803711
171706,normal,1330,1,1782360689.902382,0.0020132064819335938
171707,normal,2657,0,1782360689.90446,0.0020780563354492188
171708,normal,1831,0,1782360689.9066162,0.0021562576293945312
171709,normal,3134,1,1782360689.908333,0.0017168521881103516
171710,normal,3057,1,1782360689.9104915,0.0021584033966064453
171711,normal,2886,0,1782360689.9126248,0.0021333694458007812
171712,normal,1728,0,1782360689.9143486,0.0017237663269042969
171713,normal,817,2,1782360689.9166403,0.0022916793823242188
171714,normal,1810,0,1782360689.918453,0.0018126964569091797
171715,normal,870,2,1782360689.9205983,0.0021452903747558594
171716,normal,598,0,1782360689.9226215,0.0020232200622558594
171717,normal,1784,0,1782360689.9244516,0.0018301010131835938
171718,normal,821,2,1782360689.9265654,0.002113819122314453
171719,normal,1663,0,1782360689.9284582,0.0018928050994873047
171720,normal,2765,0,1782360689.930593,0.0021347999572753906
171721,normal,3337,1,1782360689.9323492,0.0017561912536621094
171722,normal,2742,0,1782360689.9346452,0.002295970916748047
171723,normal,3654,0,1782360689.9364414,0.0017962455749511719
171724,normal,785,2,1782360689.9387872,0.0023458003997802734
171725,normal,3700,0,1782360689.9403327,0.0015454292297363281
171726,normal,1959,0,1782360689.9427216,0.0023889541625976562
171727,normal,2955,0,1782360689.944659,0.0019373893737792969
171728,normal,1732,0,1782360689.9468765,0.002217531204223633
171729,normal,2401,0,1782360689.9485126,0.0016360282897949219
171730,normal,3447,0,1782360689.9506402,0.0021276473999023438
171731,normal,496,0,1782360689.9526246,0.0019843578338623047
171732,normal,2819,0,1782360689.9547212,0.0020966529846191406
171733,normal,770,0,1782360689.9568853,0.002164125442504883
171734,normal,3515,0,1782360689.9590702,0.0021848678588867188
171735,normal,96,0,1782360689.9607964,0.0017261505126953125
171736,normal,823,2,1782360689.9628081,0.0020117759704589844
171737,normal,688,0,1782360689.964743,0.0019347667694091797
171738,normal,207,0,1782360689.9667227,0.001979827880859375
171739,normal,1752,0,1782360689.9688954,0.002172708511352539
171740,normal,1501,0,1782360689.971088,0.0021924972534179688
171741,normal,2850,0,1782360689.9728134,0.0017254352569580078
171742,normal,2093,0,1782360689.9747639,0.0019505023956298828
171743,normal,580,0,1782360689.9765942,0.0018303394317626953
171744,normal,916,2,1782360689.9786332,0.0020389556884765625
171745,normal,656,0,1782360689.9810615,0.002428293228149414
171746,normal,1927,0,1782360689.9831996,0.0021381378173828125
171747,normal,209,0,1782360689.9843392,0.0011396408081054688
171748,normal,3360,1,1782360689.9864492,0.002110004425048828
171749,normal,513,0,1782360689.98838,0.0019307136535644531
171750,normal,2859,0,1782360689.9905558,0.0021758079528808594
171751,normal,3133,1,1782360689.99282,0.002264261245727539
171752,normal,2963,0,1782360689.9946494,0.001829385757446289
171753,normal,21,0,1782360689.99634,0.0016906261444091797
171754,normal,3287,1,1782360689.998326,0.0019860267639160156
171755,normal,3126,1,1782360690.0004094,0.002083301544189453
171756,normal,3261,1,1782360690.0024102,0.0020008087158203125
171757,normal,1122,0,1782360690.0043745,0.0019643306732177734
171758,normal,1692,0,1782360690.006345,0.001970529556274414
171759,normal,3147,1,1782360690.0084267,0.002081632614135742
171760,normal,1231,0,1782360690.0103567,0.0019299983978271484
171761,normal,2536,0,1782360690.0125678,0.0022110939025878906
171762,normal,2553,0,1782360690.014444,0.0018763542175292969
171763,normal,388,0,1782360690.0165753,0.002131223678588867
171764,normal,614,0,1782360690.0182855,0.0017101764678955078
171765,normal,2997,0,1782360690.020434,0.0021483898162841797
171766,normal,3665,0,1782360690.0222344,0.001800537109375
171767,normal,503,0,1782360690.0243526,0.0021181106567382812
171768,normal,1814,0,1782360690.0263143,0.0019617080688476562
171769,normal,1693,0,1782360690.028252,0.0019376277923583984
171770,normal,1603,0,1782360690.0303726,0.0021207332611083984
171771,normal,238,0,1782360690.0323114,0.0019388198852539062
171772,normal,162,0,1782360690.0343714,0.0020599365234375
171773,normal,2903,0,1782360690.0364273,0.0020558834075927734
171774,normal,2438,0,1782360690.038426,0.0019986629486083984
171775,normal,2456,0,1782360690.0403562,0.00193023681640625
171776,normal,2677,0,1782360690.0424316,0.0020754337310791016
171777,normal,560,0,1782360690.0449731,0.0025415420532226562
171778,normal,3314,1,1782360690.0464175,0.0014443397521972656
171779,normal,3422,0,1782360690.0485463,0.0021288394927978516
171780,normal,3607,0,1782360690.0503795,0.001833200454711914
171781,normal,221,0,1782360690.0523393,0.0019598007202148438
171782,normal,1607,0,1782360690.0544326,0.0020933151245117188
171783,normal,812,2,1782360690.0566044,0.002171754837036133
171784,normal,3344,1,1782360690.0582278,0.001623392105102539
171785,normal,971,2,1782360690.0602853,0.0020575523376464844
171786,normal,300,0,1782360690.0624096,0.002124309539794922
171787,normal,501,0,1782360690.064237,0.0018274784088134766
171788,normal,1838,0,1782360690.0664308,0.0021936893463134766
171789,normal,223,0,1782360690.0683904,0.001959562301635742
171790,normal,2611,0,1782360690.070326,0.001935720443725586
171791,normal,2617,0,1782360690.072462,0.0021359920501708984
171792,normal,3568,0,1782360690.074444,0.001981973648071289
171793,normal,1326,1,1782360690.0764847,0.0020406246185302734
171794,normal,1226,0,1782360690.0783594,0.001874685287475586
171795,normal,2694,0,1782360690.0804567,0.0020973682403564453
171796,normal,2539,0,1782360690.0823836,0.0019268989562988281
171797,normal,1582,0,1782360690.084453,0.0020694732666015625
171798,normal,1679,0,1782360690.08649,0.0020368099212646484
171799,normal,228,0,1782360690.0884016,0.0019116401672363281
171800,normal,3557,0,1782360690.0905247,0.002123117446899414
171801,normal,3483,0,1782360690.0925057,0.001981019973754883
171802,normal,867,2,1782360690.0943785,0.0018727779388427734
171803,normal,2703,0,1782360690.0964725,0.0020940303802490234
171804,normal,1026,2,1782360690.098482,0.0020093917846679688
171805,normal,1528,0,1782360690.1003528,0.001870870590209961
171806,normal,2007,0,1782360690.1024466,0.002093791961669922
171807,normal,2575,0,1782360690.1044447,0.0019981861114501953
171808,normal,226,0,1782360690.1064155,0.0019707679748535156
171809,normal,573,0,1782360690.1085024,0.0020868778228759766
171810,normal,3332,1,1782360690.11052,0.002017498016357422
171811,normal,2992,0,1782360690.1124618,0.0019419193267822266
171812,normal,5,0,1782360690.1144676,0.0020058155059814453
171813,normal,1520,0,1782360690.1165922,0.0021245479583740234
171814,normal,2356,0,1782360690.118546,0.0019538402557373047
171815,normal,2833,0,1782360690.1204607,0.0019147396087646484
171816,normal,2477,0,1782360690.12245,0.0019893646240234375
171817,normal,3194,1,1782360690.1243427,0.0018925666809082031
171818,normal,616,0,1782360690.126366,0.0020232200622558594
171819,normal,3121,1,1782360690.1284592,0.0020933151245117188
171820,normal,2116,0,1782360690.1304085,0.001949310302734375
171821,normal,3669,0,1782360690.1324356,0.0020270347595214844
171822,normal,2038,0,1782360690.1344335,0.0019979476928710938
171823,normal,946,2,1782360690.1363425,0.001909017562866211
171824,normal,545,0,1782360690.138464,0.002121448516845703
171825,normal,1272,0,1782360690.14037,0.0019059181213378906
171826,normal,2151,0,1782360690.1425927,0.002222776412963867
171827,normal,1765,0,1782360690.1443589,0.001766204833984375
171828,normal,4,0,1782360690.146557,0.0021982192993164062
171829,normal,579,0,1782360690.1483605,0.0018033981323242188
171830,normal,462,0,1782360690.1504638,0.0021033287048339844
171831,normal,2077,0,1782360690.1524544,0.0019905567169189453
171832,normal,2178,0,1782360690.154383,0.001928567886352539
171833,normal,3085,1,1782360690.156607,0.002223968505859375
171834,normal,2344,0,1782360690.158356,0.0017490386962890625
171835,normal,3554,0,1782360690.160437,0.002081155776977539
171836,normal,296,0,1782360690.1624622,0.002025127410888672
171837,normal,937,2,1782360690.164442,0.001979827880859375
171838,normal,2429,0,1782360690.1663556,0.0019135475158691406
171839,normal,62,0,1782360690.1684453,0.0020897388458251953
171840,normal,3118,1,1782360690.170472,0.0020265579223632812
171841,normal,1435,0,1782360690.1723647,0.0018928050994873047
171842,normal,540,0,1782360690.1744547,0.002089977264404297
171843,normal,2347,0,1782360690.176503,0.0020482540130615234
171844,normal,2491,0,1782360690.1784797,0.0019767284393310547
171845,normal,3457,0,1782360690.18044,0.001960277557373047
171846,normal,288,0,1782360690.1825275,0.0020875930786132812
171847,normal,2686,0,1782360690.184463,0.0019354820251464844
171848,normal,283,0,1782360690.1863844,0.0019214153289794922
171849,normal,1300,0,1782360690.1887782,0.0023937225341796875
171850,normal,2607,0,1782360690.190501,0.0017228126525878906
171851,normal,879,2,1782360690.1924214,0.001920461654663086
171852,normal,1552,0,1782360690.1948445,0.0024230480194091797
171853,normal,24,0,1782360690.19678,0.0019354820251464844
171854,normal,3033,0,1782360690.1983263,0.0015463829040527344
171855,normal,527,0,1782360690.200434,0.0021076202392578125
171856,normal,1038,0,1782360690.2023532,0.0019192695617675781
171857,normal,2221,0,1782360690.2044556,0.002102375030517578
171858,normal,2259,0,1782360690.2064424,0.0019867420196533203
171859,normal,1448,0,1782360690.208351,0.0019085407257080078
171860,normal,2294,0,1782360690.2104404,0.0020895004272460938
171861,normal,1410,0,1782360690.2124598,0.0020194053649902344
171862,normal,536,0,1782360690.2144034,0.0019435882568359375
171863,normal,805,2,1782360690.2165205,0.002117156982421875
171864,normal,67,0,1782360690.2185018,0.0019812583923339844
171865,normal,2535,0,1782360690.2203498,0.001847982406616211
171866,normal,2004,0,1782360690.2224832,0.0021333694458007812
171867,normal,2027,0,1782360690.2244859,0.002002716064453125
171868,normal,517,0,1782360690.2263567,0.001870870590209961
171869,normal,2545,0,1782360690.228468,0.002111196517944336
171870,normal,280,0,1782360690.2304494,0.001981496810913086
171871,normal,2281,0,1782360690.2323587,0.0019092559814453125
171872,normal,2033,0,1782360690.234452,0.0020933151245117188
171873,normal,136,0,1782360690.2364469,0.0019948482513427734
171874,normal,1976,0,1782360690.2383645,0.0019176006317138672
171875,normal,2614,0,1782360690.2404685,0.002104043960571289
171876,normal,761,0,1782360690.2424743,0.0020058155059814453
171877,normal,1095,0,1782360690.2444286,0.001954317092895508
171878,normal,3405,0,1782360690.2464433,0.002014636993408203
171879,normal,2034,0,1782360690.2484348,0.0019915103912353516
171880,normal,3217,1,1782360690.2503421,0.0019073486328125
171881,normal,1100,0,1782360690.2524483,0.002106189727783203
171882,normal,2188,0,1782360690.2544384,0.001990079879760742
171883,normal,1700,0,1782360690.2563663,0.0019278526306152344
171884,normal,1487,0,1782360690.2585025,0.00213623046875
171885,normal,1983,0,1782360690.2605798,0.002077341079711914
171886,normal,1897,0,1782360690.2623768,0.0017969608306884766
171887,normal,3363,1,1782360690.264468,0.0020911693572998047
171888,normal,2732,0,1782360690.2664747,0.0020067691802978516
171889,normal,2804,0,1782360690.2683501,0.0018754005432128906
171890,normal,114,0,1782360690.2704308,0.002080678939819336
171891,normal,1588,0,1782360690.2724295,0.0019986629486083984
171892,normal,155,0,1782360690.2743647,0.0019352436065673828
171893,normal,1446,0,1782360690.2765005,0.002135753631591797
171894,normal,2418,0,1782360690.278527,0.0020265579223632812
171895,normal,2691,0,1782360690.2804992,0.001972198486328125
171896,normal,574,0,1782360690.2823873,0.0018880367279052734
171897,normal,2223,0,1782360690.2845507,0.002163410186767578
171898,normal,3030,0,1782360690.2864182,0.001867532730102539
171899,normal,3578,0,1782360690.288578,0.0021598339080810547
171900,normal,2183,0,1782360690.2904902,0.0019121170043945312
171901,normal,1259,0,1782360690.2922578,0.0017676353454589844
171902,normal,3021,0,1782360690.2944248,0.0021669864654541016
171903,normal,2286,0,1782360690.296425,0.0020003318786621094
171904,normal,1160,0,1782360690.298355,0.0019299983978271484
171905,normal,2587,0,1782360690.300551,0.0021958351135253906
171906,normal,449,0,1782360690.302447,0.0018961429595947266
171907,normal,547,0,1782360690.3043385,0.0018913745880126953
171908,normal,2902,0,1782360690.3064375,0.0020990371704101562
171909,normal,2049,0,1782360690.3084316,0.0019941329956054688
171910,normal,2375,0,1782360690.310887,0.002455472946166992
171911,normal,1366,1,1782360690.3124995,0.0016124248504638672
171912,normal,1378,1,1782360690.3144712,0.001971721649169922
171913,normal,1266,0,1782360690.3163462,0.0018749237060546875
171914,normal,1166,0,1782360690.3184373,0.0020911693572998047
171915,normal,2807,0,1782360690.320442,0.0020046234130859375
171916,normal,201,0,1782360690.3224797,0.0020377635955810547
171917,normal,2809,0,1782360690.3244474,0.0019676685333251953
171918,normal,2529,0,1782360690.326382,0.0019345283508300781
171919,normal,1138,0,1782360690.328351,0.0019690990447998047
171920,normal,178,0,1782360690.3303783,0.002027273178100586
171921,normal,3686,0,1782360690.332421,0.0020427703857421875
171922,normal,403,0,1782360690.3342972,0.0018761157989501953
171923,normal,3218,1,1782360690.3365042,0.002207040786743164
171924,normal,2278,0,1782360690.3383048,0.001800537109375
171925,normal,304,0,1782360690.340464,0.0021593570709228516
171926,normal,415,0,1782360690.3423505,0.0018863677978515625
171927,normal,2129,0,1782360690.3443904,0.0020399093627929688
171928,normal,225,0,1782360690.3465056,0.0021152496337890625
171929,normal,2858,0,1782360690.3485596,0.002053976058959961
171930,normal,36,0,1782360690.350313,0.0017533302307128906
171931,normal,3507,0,1782360690.3522704,0.001957416534423828
171932,normal,2494,0,1782360690.3545232,0.002252817153930664
171933,normal,2827,0,1782360690.356399,0.0018758773803710938
171934,normal,1615,0,1782360690.3582234,0.0018243789672851562
171935,normal,544,0,1782360690.360347,0.002123594284057617
171936,normal,1739,0,1782360690.3623543,0.0020072460174560547
171937,normal,2297,0,1782360690.3642757,0.0019214153289794922
171938,normal,169,0,1782360690.3663564,0.002080678939819336
171939,normal,1357,1,1782360690.368357,0.002000570297241211
171940,normal,2282,0,1782360690.3702476,0.0018906593322753906
171941,normal,3234,1,1782360690.3723679,0.0021202564239501953
171942,normal,1268,0,1782360690.3744035,0.0020356178283691406
171943,normal,1680,0,1782360690.3762927,0.0018892288208007812
171944,normal,539,0,1782360690.3783948,0.0021021366119384766
171945,normal,2857,0,1782360690.3803523,0.001957416534423828
171946,normal,650,0,1782360690.382289,0.0019366741180419922
171947,normal,3230,1,1782360690.3844187,0.002129793167114258
171948,normal,168,0,1782360690.3864276,0.0020089149475097656
171949,normal,2679,0,1782360690.388244,0.0018162727355957031
171950,normal,105,0,1782360690.3903542,0.0021102428436279297
171951,normal,967,2,1782360690.392363,0.0020089149475097656
171952,normal,1471,0,1782360690.3942573,0.001894235610961914
171953,normal,2261,0,1782360690.3963692,0.0021119117736816406
171954,normal,2042,0,1782360690.3983648,0.001995563507080078
171955,normal,2104,0,1782360690.4002717,0.0019068717956542969
171956,normal,526,0,1782360690.4023852,0.0021135807037353516
171957,normal,77,0,1782360690.4044166,0.0020313262939453125
171958,normal,724,0,1782360690.4062357,0.0018191337585449219
171959,normal,1152,0,1782360690.4083536,0.0021178722381591797
171960,normal,1382,0,1782360690.410362,0.0020084381103515625
171961,normal,3467,0,1782360690.4122233,0.0018613338470458984
171962,normal,2380,0,1782360690.4143484,0.0021250247955322266
171963,normal,2984,0,1782360690.4163702,0.00202178955078125
171964,normal,351,0,1782360690.4182906,0.001920461654663086
171965,normal,1574,0,1782360690.420463,0.0021724700927734375
171966,normal,69,0,1782360690.422384,0.001920938491821289
171967,normal,3298,1,1782360690.42427,0.0018858909606933594
171968,normal,1062,0,1782360690.4263928,0.0021228790283203125
171969,normal,15,0,1782360690.4283462,0.0019533634185791016
171970,normal,3582,0,1782360690.4302397,0.0018935203552246094
171971,normal,1956,0,1782360690.4323432,0.002103567123413086
171972,normal,2514,0,1782360690.4343703,0.0020270347595214844
171973,normal,204,0,1782360690.436275,0.0019047260284423828
171974,normal,1292,0,1782360690.4384093,0.0021343231201171875
171975,normal,2078,0,1782360690.4404483,0.0020389556884765625
171976,normal,2707,0,1782360690.4423356,0.0018873214721679688
171977,normal,576,0,1782360690.4444501,0.002114534378051758
171978,normal,3354,1,1782360690.44643,0.001979827880859375
171979,normal,2156,0,1782360690.4483624,0.001932382583618164
171980,normal,1337,1,1782360690.450465,0.0021026134490966797
171981,normal,3322,1,1782360690.4523444,0.0018794536590576172
171982,normal,757,0,1782360690.4542322,0.0018877983093261719
171983,normal,2658,0,1782360690.4563365,0.0021042823791503906
171984,normal,1464,0,1782360690.4584067,0.002070188522338867
171985,normal,2433,0,1782360690.4602542,0.0018475055694580078
171986,normal,1683,0,1782360690.462344,0.0020897388458251953
171987,normal,984,2,1782360690.4643335,0.001989603042602539
171988,normal,465,0,1782360690.4662352,0.0019016265869140625
171989,normal,2523,0,1782360690.4687028,0.002467632293701172
171990,normal,2326,0,1782360690.470496,0.0017931461334228516
171991,normal,1937,0,1782360690.472281,0.0017850399017333984
171992,normal,1403,0,1782360690.4743454,0.0020644664764404297
171993,normal,23,0,1782360690.4763432,0.001997709274291992
171994,normal,3179,1,1782360690.478247,0.0019037723541259766
171995,normal,1014,2,1782360690.4803894,0.0021424293518066406
171996,normal,1746,0,1782360690.482358,0.0019686222076416016
171997,normal,60,0,1782360690.4842715,0.0019135475158691406
171998,normal,2818,0,1782360690.486339,0.00206756591796875
171999,normal,1567,0,1782360690.4883573,0.0020182132720947266
172000,normal,1284,0,1782360690.490258,0.0019006729125976562
172001,normal,3203,1,1782360690.4923658,0.002107858657836914
172002,normal,2300,0,1782360690.4962652,0.0038993358612060547
172003,normal,1181,0,1782360690.4964564,0.00019121170043945312
172004,normal,894,2,1782360690.4985776,0.0021212100982666016
172005,normal,2528,0,1782360690.5004005,0.0018229484558105469
172006,normal,3499,0,1782360690.5024462,0.0020456314086914062
172007,normal,2185,0,1782360690.5043905,0.0019443035125732422
172008,normal,423,0,1782360690.5064402,0.002049684524536133
172009,normal,881,2,1782360690.5082388,0.0017986297607421875
172010,normal,2603,0,1782360690.5107074,0.002468585968017578
172011,normal,2186,0,1782360690.512501,0.0017936229705810547
172012,normal,1565,0,1782360690.51427,0.0017690658569335938
172013,normal,2464,0,1782360690.5165467,0.0022766590118408203
172014,normal,3292,1,1782360690.5186102,0.0020635128021240234
172015,normal,927,2,1782360690.5202808,0.0016705989837646484
172016,normal,2749,0,1782360690.5223806,0.002099752426147461
172017,normal,1818,0,1782360690.5242724,0.0018918514251708984
172018,normal,975,2,1782360690.5262828,0.002010345458984375
172019,normal,1965,0,1782360690.5283914,0.0021085739135742188
172020,normal,3056,1,1782360690.530366,0.0019745826721191406
172021,normal,3092,1,1782360690.532267,0.0019011497497558594
172022,normal,1249,0,1782360690.534383,0.002115964889526367
172023,normal,745,0,1782360690.5364025,0.0020194053649902344
172024,normal,607,0,1782360690.5383039,0.001901388168334961
172025,normal,3433,0,1782360690.5404577,0.0021538734436035156
172026,normal,54,0,1782360690.5424342,0.001976490020751953
172027,normal,2738,0,1782360690.5442271,0.00179290771484375
172028,normal,1950,0,1782360690.5464208,0.0021936893463134766
172029,normal,3226,1,1782360690.5485008,0.0020799636840820312
172030,normal,2253,0,1782360690.5503209,0.0018200874328613281
172031,normal,1103,0,1782360690.552395,0.0020742416381835938
172032,normal,3278,1,1782360690.5543454,0.0019502639770507812
172033,normal,2030,0,1782360690.5562892,0.001943826675415039
172034,normal,2845,0,1782360690.558344,0.0020546913146972656
172035,normal,1515,0,1782360690.5603435,0.0019996166229248047
172036,normal,1119,0,1782360690.5623448,0.0020012855529785156
172037,normal,3347,1,1782360690.5643516,0.0020067691802978516
172038,normal,1631,0,1782360690.5663753,0.0020236968994140625
172039,normal,2560,0,1782360690.568441,0.0020656585693359375
172040,normal,1233,0,1782360690.5702322,0.001791238784790039
172041,normal,1733,0,1782360690.5724351,0.0022029876708984375
172042,normal,2485,0,1782360690.5743456,0.0019104480743408203
172043,normal,19,0,1782360690.5764122,0.0020666122436523438
172044,normal,1655,0,1782360690.5784187,0.00200653076171875
172045,normal,2856,0,1782360690.5804162,0.0019974708557128906
172046,normal,752,0,1782360690.5823448,0.001928567886352539
172047,normal,1865,0,1782360690.5844004,0.002055644989013672
172048,normal,1186,0,1782360690.5863972,0.001996755599975586
172049,normal,2320,0,1782360690.58849,0.0020928382873535156
172050,normal,2340,0,1782360690.5904589,0.001968860626220703
172051,normal,1343,1,1782360690.5923705,0.0019116401672363281
172052,normal,6,0,1782360690.5944636,0.002093076705932617
172053,normal,1939,0,1782360690.5964437,0.0019800662994384766
172054,normal,3469,0,1782360690.5983517,0.0019080638885498047
172055,normal,1059,0,1782360690.6004539,0.0021021366119384766
172056,normal,360,0,1782360690.6025212,0.0020673274993896484
172057,normal,1427,0,1782360690.6043768,0.001855611801147461
172058,normal,978,2,1782360690.6065168,0.002140045166015625
172059,normal,1223,0,1782360690.6084561,0.0019392967224121094
172060,normal,1123,0,1782360690.6107075,0.0022513866424560547
172061,normal,1362,1,1782360690.6125062,0.0017986297607421875
172062,normal,0,0,1782360690.6145031,0.0019969940185546875
172063,normal,84,0,1782360690.616351,0.0018477439880371094
172064,normal,1047,0,1782360690.6184528,0.002101898193359375
172065,normal,324,0,1782360690.6204371,0.0019843578338623047
172066,normal,680,0,1782360690.6223457,0.0019085407257080078
172067,normal,1978,0,1782360690.6245792,0.0022335052490234375
172068,normal,3127,1,1782360690.6263466,0.0017673969268798828
172069,normal,278,0,1782360690.6284344,0.002087831497192383
172070,normal,1893,0,1782360690.6303446,0.0019102096557617188
172071,normal,269,0,1782360690.6324513,0.0021066665649414062
172072,normal,3192,1,1782360690.6344028,0.001951456069946289
172073,normal,3201,1,1782360690.6364841,0.0020813941955566406
172074,normal,3156,1,1782360690.638555,0.002070903778076172
172075,normal,750,0,1782360690.6405804,0.0020253658294677734
172076,normal,1817,0,1782360690.6422834,0.001703023910522461
172077,normal,3461,0,1782360690.6444542,0.0021708011627197266
172078,normal,735,0,1782360690.6463594,0.001905202865600586
172079,normal,3212,1,1782360690.6484463,0.0020868778228759766
172080,normal,3052,1,1782360690.6506488,0.0022025108337402344
172081,normal,2862,0,1782360690.6523192,0.0016703605651855469
172082,normal,2885,0,1782360690.6543503,0.002031087875366211
172083,normal,1629,0,1782360690.6564658,0.002115488052368164
172084,normal,2130,0,1782360690.6583652,0.0018994808197021484
172085,normal,100,0,1782360690.6604552,0.002089977264404297
172086,normal,699,0,1782360690.6624367,0.001981496810913086
172087,normal,3562,0,1782360690.6642783,0.0018415451049804688
172088,normal,1895,0,1782360690.6664715,0.0021932125091552734
172089,normal,258,0,1782360690.6684628,0.00199127197265625
172090,normal,1673,0,1782360690.6703537,0.0018908977508544922
172091,normal,3664,0,1782360690.6726577,0.0023040771484375
172092,normal,2892,0,1782360690.6744313,0.0017735958099365234
172093,normal,94,0,1782360690.676356,0.001924753189086914
172094,normal,2889,0,1782360690.678561,0.00220489501953125
172095,normal,139,0,1782360690.6804173,0.0018563270568847656
172096,normal,707,0,1782360690.6823616,0.0019443035125732422
172097,normal,782,2,1782360690.6843517,0.001990079879760742
172098,normal,3012,0,1782360690.686499,0.0021474361419677734
172099,normal,2020,0,1782360690.6884356,0.0019364356994628906
172100,normal,2580,0,1782360690.6904767,0.0020411014556884766
172101,normal,1546,0,1782360690.6926887,0.002212047576904297
172102,normal,1082,0,1782360690.6942985,0.00160980224609375
172103,normal,684,0,1782360690.6964583,0.0021598339080810547
172104,normal,2018,0,1782360690.6985888,0.0021305084228515625
172105,normal,554,0,1782360690.700434,0.0018451213836669922
172106,normal,1627,0,1782360690.7025816,0.002147674560546875
172107,normal,3358,1,1782360690.7044296,0.001847982406616211
172108,normal,3586,0,1782360690.7064052,0.001975536346435547
172109,normal,816,2,1782360690.7084289,0.0020236968994140625
172110,normal,620,0,1782360690.7105708,0.0021419525146484375
172111,normal,2170,0,1782360690.7125766,0.0020058155059814453
172112,normal,522,0,1782360690.7142653,0.0016887187957763672
172113,normal,3370,1,1782360690.716467,0.002201557159423828
172114,normal,1194,0,1782360690.7183728,0.0019059181213378906
172115,normal,199,0,1782360690.7203815,0.002008676528930664
172116,normal,2602,0,1782360690.7224534,0.002071857452392578
172117,normal,1921,0,1782360690.7243702,0.0019168853759765625
172118,normal,2646,0,1782360690.7264674,0.0020971298217773438
172119,normal,2474,0,1782360690.7283947,0.0019273757934570312
172120,normal,1708,0,1782360690.7303908,0.0019960403442382812
172121,normal,28,0,1782360690.732363,0.001972198486328125
172122,normal,3043,0,1782360690.7344573,0.002094268798828125
172123,normal,2708,0,1782360690.7363605,0.0019032955169677734
172124,normal,227,0,1782360690.738441,0.0020804405212402344
172125,normal,2388,0,1782360690.740443,0.0020020008087158203
172126,normal,1507,0,1782360690.7423136,0.0018706321716308594
172127,normal,2441,0,1782360690.744623,0.0023093223571777344
172128,normal,2039,0,1782360690.7464528,0.0018298625946044922
172129,normal,2360,0,1782360690.7484126,0.0019598007202148438
172130,normal,3621,0,1782360690.7503874,0.001974821090698242
172131,normal,3305,1,1782360690.7524827,0.0020952224731445312
172132,normal,412,0,1782360690.7543666,0.0018839836120605469
172133,normal,47,0,1782360690.7564638,0.0020971298217773438
172134,normal,2975,0,1782360690.7584684,0.0020046234130859375
172135,normal,1984,0,1782360690.7603824,0.0019140243530273438
172136,normal,2720,0,1782360690.7624304,0.002048015594482422
172137,normal,1686,0,1782360690.7645557,0.002125263214111328
172138,normal,1101,0,1782360690.766507,0.0019512176513671875
172139,normal,1975,0,1782360690.7684178,0.0019109249114990234
172140,normal,3257,1,1782360690.7706394,0.0022215843200683594
172141,normal,896,2,1782360690.7723248,0.0016853809356689453
172142,normal,216,0,1782360690.774461,0.00213623046875
172143,normal,1957,0,1782360690.776618,0.002156972885131836
172144,normal,807,2,1782360690.778362,0.0017440319061279297
172145,normal,3077,1,1782360690.7804654,0.0021033287048339844
172146,normal,1759,0,1782360690.7824652,0.0019998550415039062
172147,normal,407,0,1782360690.7843802,0.00191497802734375
172148,normal,2863,0,1782360690.786492,0.0021119117736816406
172149,normal,2904,0,1782360690.7885592,0.002067089080810547
172150,normal,3005,0,1782360690.7902749,0.0017156600952148438
172151,normal,2355,0,1782360690.7924654,0.0021905899047851562
172152,normal,1255,0,1782360690.7944667,0.0020012855529785156
172153,normal,2148,0,1782360690.7963684,0.0019016265869140625
172154,normal,3244,1,1782360690.7987735,0.0024051666259765625
172155,normal,3277,1,1782360690.8006094,0.0018358230590820312
172156,normal,467,0,1782360690.802336,0.0017266273498535156
172157,normal,1553,0,1782360690.8043768,0.002040863037109375
172158,normal,1212,0,1782360690.8064744,0.002097606658935547
172159,normal,2717,0,1782360690.8083754,0.0019009113311767578
172160,normal,3039,0,1782360690.810491,0.0021157264709472656
172161,normal,1044,0,1782360690.812692,0.0022008419036865234
172162,normal,1568,0,1782360690.8142908,0.0015988349914550781
172163,normal,429,0,1782360690.816468,0.0021772384643554688
172164,normal,1477,0,1782360690.818486,0.002017974853515625
172165,normal,1860,0,1782360690.8203907,0.0019047260284423828
172166,normal,1189,0,1782360690.82251,0.002119302749633789
172167,normal,3014,0,1782360690.824597,0.0020868778228759766
172168,normal,1787,0,1782360690.8264952,0.0018982887268066406
172169,normal,3047,1,1782360690.8283393,0.001844167709350586
172170,normal,931,2,1782360690.8305604,0.0022211074829101562
172171,normal,3050,1,1782360690.8323727,0.0018122196197509766
172172,normal,1544,0,1782360690.834562,0.0021893978118896484
172173,normal,1244,0,1782360690.836659,0.002096891403198242
172174,normal,1363,1,1782360690.8384516,0.0017926692962646484
172175,normal,2143,0,1782360690.8404179,0.001966238021850586
172176,normal,17,0,1782360690.8427036,0.0022857189178466797
172177,normal,2162,0,1782360690.8447368,0.002033233642578125
172178,normal,3042,0,1782360690.846323,0.0015861988067626953
172179,normal,3101,1,1782360690.8484654,0.0021424293518066406
172180,normal,3229,1,1782360690.8502743,0.0018088817596435547
172181,normal,2400,0,1782360690.8524659,0.0021915435791015625
172182,normal,2831,0,1782360690.8544748,0.0020089149475097656
172183,normal,1006,2,1782360690.8563752,0.0019004344940185547
172184,normal,1394,0,1782360690.8584816,0.0021064281463623047
172185,normal,3699,0,1782360690.8603811,0.0018994808197021484
172186,normal,397,0,1782360690.864286,0.0039048194885253906
172187,normal,1288,0,1782360690.8644156,0.00012969970703125
172188,normal,3070,1,1782360690.8665245,0.0021088123321533203
172189,normal,1518,0,1782360690.868435,0.0019104480743408203
172190,normal,3209,1,1782360690.870515,0.002080202102661133
172191,normal,981,2,1782360690.8724644,0.001949310302734375
172192,normal,2088,0,1782360690.874409,0.0019445419311523438
172193,normal,772,2,1782360690.8764508,0.0020418167114257812
172194,normal,596,0,1782360690.8785768,0.002125978469848633
172195,normal,3195,1,1782360690.8803415,0.0017647743225097656
172196,normal,3143,1,1782360690.8824584,0.0021169185638427734
172197,normal,3456,0,1782360690.8844666,0.002008199691772461
172198,normal,893,2,1782360690.8862813,0.0018146038055419922
172199,normal,1146,0,1782360690.8884785,0.002197265625
172200,normal,569,0,1782360690.890486,0.0020074844360351562
172201,normal,1688,0,1782360690.8923926,0.0019066333770751953
172202,normal,1891,0,1782360690.894503,0.0021104812622070312
172203,normal,2990,0,1782360690.896495,0.0019919872283935547
172204,normal,2425,0,1782360690.8984396,0.0019445419311523438
172205,normal,3494,0,1782360690.900409,0.0019693374633789062
172206,normal,3530,0,1782360690.9024796,0.0020706653594970703
172207,normal,3703,0,1782360690.9043784,0.0018987655639648438
172208,normal,2248,0,1782360690.906399,0.002020597457885742
172209,normal,1988,0,1782360690.908479,0.0020799636840820312
172210,normal,695,0,1782360690.9103801,0.0019011497497558594
172211,normal,2051,0,1782360690.9125128,0.0021326541900634766
172212,normal,2705,0,1782360690.9145236,0.002010822296142578
172213,normal,3689,0,1782360690.9164958,0.001972198486328125
172214,normal,933,2,1782360690.9182997,0.0018038749694824219
172215,normal,2823,0,1782360690.9205,0.0022003650665283203
172216,normal,3342,1,1782360690.9224129,0.001912832260131836
172217,normal,3623,0,1782360690.9245028,0.002089977264404297
172218,normal,2559,0,1782360690.9264896,0.0019867420196533203
172219,normal,102,0,1782360690.928394,0.0019044876098632812
172220,normal,599,0,1782360690.9305277,0.002133607864379883
172221,normal,2567,0,1782360690.9325564,0.0020287036895751953
172222,normal,3004,0,1782360690.934555,0.0019986629486083984
172223,normal,1932,0,1782360690.9363756,0.0018205642700195312
172224,normal,104,0,1782360690.938626,0.0022504329681396484
172225,normal,3465,0,1782360690.9403937,0.0017676353454589844
172226,normal,2506,0,1782360690.9427037,0.002310037612915039
172227,normal,181,0,1782360690.944563,0.0018591880798339844
172228,normal,1481,0,1782360690.9463334,0.0017704963684082031
172229,normal,1346,1,1782360690.94846,0.0021266937255859375
172230,normal,3171,1,1782360690.9504364,0.0019762516021728516
172231,normal,2235,0,1782360690.952289,0.0018527507781982422
172232,normal,1285,0,1782360690.954491,0.0022017955780029297
172233,normal,3454,0,1782360690.9563694,0.001878499984741211
172234,normal,2330,0,1782360690.9585702,0.0022008419036865234
172235,normal,485,0,1782360690.9604013,0.0018310546875
172236,normal,2337,0,1782360690.962463,0.002061605453491211
172237,normal,2757,0,1782360690.9643657,0.0019028186798095703
172238,normal,711,0,1782360690.9664652,0.0020995140075683594
172239,normal,2196,0,1782360690.968493,0.002027750015258789
172240,normal,2284,0,1782360690.9709618,0.0024688243865966797
172241,normal,1835,0,1782360690.9724572,0.001495361328125
172242,normal,1563,0,1782360690.9744859,0.0020287036895751953
172243,normal,725,0,1782360690.976371,0.0018851757049560547
172244,normal,3651,0,1782360690.9784832,0.002112150192260742
172245,normal,1513,0,1782360690.9805138,0.002030611038208008
172246,normal,2313,0,1782360690.9824328,0.0019190311431884766
172247,normal,3525,0,1782360690.9845054,0.002072572708129883
172248,normal,3445,0,1782360690.9865558,0.0020503997802734375
172249,normal,72,0,1782360690.9883687,0.0018129348754882812
172250,normal,3367,1,1782360690.99047,0.0021011829376220703
172251,normal,458,0,1782360690.9924781,0.002008199691772461
172252,normal,284,0,1782360690.9944007,0.001922607421875
172253,normal,264,0,1782360690.9965038,0.002103090286254883
172254,normal,1859,0,1782360690.9986887,0.0021848678588867188
172255,normal,2366,0,1782360691.0004575,0.0017688274383544922
172256,normal,3041,0,1782360691.002442,0.0019843578338623047
172257,normal,756,0,1782360691.004528,0.002086162567138672
172258,normal,2996,0,1782360691.0064788,0.0019507408142089844
172259,normal,3491,0,1782360691.0084,0.0019211769104003906
172260,normal,3374,1,1782360691.0104647,0.0020647048950195312
172261,normal,121,0,1782360691.0127318,0.002267122268676758
172262,normal,2127,0,1782360691.0144207,0.0016889572143554688
172263,normal,2150,0,1782360691.0165465,0.0021257400512695312
172264,normal,1820,0,1782360691.0185828,0.0020363330841064453
172265,normal,2524,0,1782360691.0208309,0.002248048782348633
172266,normal,2045,0,1782360691.0224278,0.0015969276428222656
172267,normal,379,0,1782360691.0243669,0.0019390583038330078
172268,normal,282,0,1782360691.0263817,0.0020148754119873047
172269,normal,2163,0,1782360691.028468,0.002086162567138672
172270,normal,3594,0,1782360691.030302,0.0018341541290283203
172271,normal,1715,0,1782360691.0324938,0.002191781997680664
172272,normal,943,2,1782360691.034476,0.0019822120666503906
172273,normal,2299,0,1782360691.0362804,0.001804351806640625
172274,normal,559,0,1782360691.0384934,0.002213001251220703
172275,normal,1261,0,1782360691.0405211,0.002027750015258789
172276,normal,2906,0,1782360691.0424404,0.0019192695617675781
172277,normal,1671,0,1782360691.0445518,0.0021114349365234375
172278,normal,763,0,1782360691.0464761,0.001924276351928711
172279,normal,2538,0,1782360691.0483203,0.001844167709350586
172280,normal,1610,0,1782360691.0505085,0.0021882057189941406
172281,normal,2718,0,1782360691.0525296,0.0020210742950439453
172282,normal,2422,0,1782360691.054439,0.001909494400024414
172283,normal,2825,0,1782360691.0563853,0.0019462108612060547
172284,normal,3702,0,1782360691.0584679,0.0020825862884521484
172285,normal,3504,0,1782360691.0603707,0.0019028186798095703
172286,normal,2986,0,1782360691.0624015,0.0020308494567871094
172287,normal,3046,1,1782360691.0644734,0.002071857452392578
172288,normal,1041,0,1782360691.06638,0.0019066333770751953
172289,normal,2031,0,1782360691.068495,0.002115011215209961
172290,normal,1364,1,1782360691.0704865,0.0019915103912353516
172291,normal,647,0,1782360691.0724483,0.0019617080688476562
172292,normal,3064,1,1782360691.0744798,0.002031564712524414
172293,normal,2715,0,1782360691.0764754,0.001995563507080078
172294,normal,1497,0,1782360691.0783765,0.0019011497497558594
172295,normal,2451,0,1782360691.0804818,0.002105236053466797
172296,normal,2530,0,1782360691.0824778,0.0019960403442382812
172297,normal,2023,0,1782360691.0843925,0.0019147396087646484
172298,normal,108,0,1782360691.0865316,0.0021390914916992188
172299,normal,253,0,1782360691.0885158,0.001984119415283203
172300,normal,1666,0,1782360691.0904317,0.0019159317016601562
172301,normal,2920,0,1782360691.0925515,0.002119779586791992
172302,normal,1445,0,1782360691.0945213,0.0019698143005371094
172303,normal,2424,0,1782360691.0973058,0.0027844905853271484
172304,normal,3448,0,1782360691.098292,0.000986337661743164
172305,normal,2463,0,1782360691.100485,0.002192974090576172
172306,normal,3340,1,1782360691.1023617,0.0018765926361083984
172307,normal,205,0,1782360691.104463,0.002101421356201172
172308,normal,2844,0,1782360691.1064804,0.0020172595977783203
172309,normal,1018,2,1782360691.1084263,0.0019459724426269531
172310,normal,2650,0,1782360691.1103995,0.0019731521606445312
172311,normal,2872,0,1782360691.1125233,0.0021238327026367188
172312,normal,1278,0,1782360691.1143854,0.0018620491027832031
172313,normal,1630,0,1782360691.116481,0.0020956993103027344
172314,normal,1922,0,1782360691.1186469,0.0021657943725585938
172315,normal,1293,0,1782360691.1202927,0.001645803451538086
172316,normal,3161,1,1782360691.1225173,0.0022246837615966797
172317,normal,583,0,1782360691.1244154,0.001898050308227539
172318,normal,2237,0,1782360691.1263363,0.001920938491821289
172319,normal,1417,0,1782360691.1284103,0.002074003219604492
172320,normal,589,0,1782360691.1303828,0.0019724369049072266
172321,normal,448,0,1782360691.13237,0.0019872188568115234
172322,normal,2499,0,1782360691.13439,0.002020120620727539
172323,normal,658,0,1782360691.1363769,0.0019867420196533203
172324,normal,3672,0,1782360691.1383238,0.0019469261169433594
172325,normal,2830,0,1782360691.1402853,0.0019614696502685547
172326,normal,1659,0,1782360691.1423817,0.002096414566040039
172327,normal,565,0,1782360691.1443403,0.001958608627319336
172328,normal,732,0,1782360691.1464827,0.0021424293518066406
172329,normal,431,0,1782360691.1484685,0.001985788345336914
172330,normal,3168,1,1782360691.150419,0.0019505023956298828
172331,normal,1569,0,1782360691.1523836,0.001964569091796875
172332,normal,1029,2,1782360691.1543937,0.0020101070404052734
172333,normal,1641,0,1782360691.1563587,0.001965045928955078
172334,normal,2382,0,1782360691.1583483,0.001989603042602539
172335,normal,1478,0,1782360691.1604853,0.0021369457244873047
172336,normal,2704,0,1782360691.1624072,0.0019218921661376953
172337,normal,924,2,1782360691.1644132,0.002006053924560547
172338,normal,2599,0,1782360691.1663935,0.001980304718017578
172339,normal,1241,0,1782360691.1683352,0.001941680908203125
172340,normal,82,0,1782360691.1703947,0.002059459686279297
172341,normal,3006,0,1782360691.1723945,0.0019998550415039062
172342,normal,1393,0,1782360691.1743553,0.00196075439453125
172343,normal,766,0,1782360691.1763964,0.0020411014556884766
172344,normal,3617,0,1782360691.178413,0.0020165443420410156
172345,normal,3542,0,1782360691.1802745,0.001861572265625
172346,normal,1216,0,1782360691.1824117,0.0021371841430664062
172347,normal,3421,0,1782360691.1844356,0.002023935317993164
172348,normal,1176,0,1782360691.186444,0.0020084381103515625
172349,normal,450,0,1782360691.1883602,0.0019161701202392578
172350,normal,2626,0,1782360691.1904433,0.0020830631256103516
172351,normal,1361,1,1782360691.1923392,0.001895904541015625
172352,normal,16,0,1782360691.1944573,0.0021181106567382812
172353,normal,2849,0,1782360691.1963522,0.0018949508666992188
172354,normal,97,0,1782360691.1983452,0.001992940902709961
172355,normal,977,2,1782360691.2002804,0.0019352436065673828
172356,normal,2973,0,1782360691.2024195,0.0021390914916992188
172357,normal,123,0,1782360691.2042887,0.00186920166015625
172358,normal,165,0,1782360691.2064025,0.002113819122314453
172359,normal,1972,0,1782360691.2084656,0.0020630359649658203
172360,normal,1074,0,1782360691.2102807,0.0018150806427001953
172361,normal,1242,0,1782360691.212491,0.002210378646850586
172362,normal,3232,1,1782360691.2146008,0.0021097660064697266
172363,normal,3533,0,1782360691.2164905,0.0018897056579589844
172364,normal,571,0,1782360691.2185438,0.0020532608032226562
172365,normal,3523,0,1782360691.2205591,0.002015352249145508
172366,normal,577,0,1782360691.222431,0.0018718242645263672
172367,normal,2577,0,1782360691.2244484,0.002017498016357422
172368,normal,1339,1,1782360691.226575,0.002126455307006836
172369,normal,2768,0,1782360691.2286167,0.0020418167114257812
172370,normal,1220,0,1782360691.230481,0.0018641948699951172
172371,normal,2126,0,1782360691.23248,0.0019991397857666016
172372,normal,1002,2,1782360691.234308,0.0018279552459716797
172373,normal,776,2,1782360691.236396,0.0020880699157714844
172374,normal,1057,0,1782360691.2384884,0.0020923614501953125
172375,normal,1548,0,1782360691.2403812,0.0018928050994873047
172376,normal,3490,0,1782360691.2423944,0.0020132064819335938
172377,normal,3591,0,1782360691.2444994,0.0021049976348876953
172378,normal,1096,0,1782360691.2463825,0.0018830299377441406
172379,normal,3350,1,1782360691.2484276,0.002045154571533203
172380,normal,3113,1,1782360691.2504952,0.00206756591796875
172381,normal,1554,0,1782360691.2523785,0.0018832683563232422
172382,normal,654,0,1782360691.2543824,0.002003908157348633
172383,normal,890,2,1782360691.2564826,0.002100229263305664
172384,normal,1486,0,1782360691.2583807,0.001898050308227539
172385,normal,3017,0,1782360691.2603784,0.001997709274291992
172386,normal,2980,0,1782360691.2624998,0.002121448516845703
172387,normal,3117,1,1782360691.2644205,0.0019207000732421875
172388,normal,3008,0,1782360691.266712,0.002291440963745117
172389,normal,3331,1,1782360691.2683942,0.001682281494140625
172390,normal,1145,0,1782360691.2703917,0.0019974708557128906
172391,normal,1534,0,1782360691.2723927,0.002001047134399414
172392,normal,2317,0,1782360691.2744896,0.002096891403198242
172393,normal,1796,0,1782360691.2763717,0.0018820762634277344
172394,normal,1795,0,1782360691.2784727,0.0021009445190429688
172395,normal,1800,0,1782360691.2804947,0.0020220279693603516
172396,normal,2924,0,1782360691.2823825,0.0018877983093261719
172397,normal,2224,0,1782360691.2845652,0.0021827220916748047
172398,normal,2958,0,1782360691.2864316,0.0018663406372070312
172399,normal,2490,0,1782360691.2885854,0.0021538734436035156
172400,normal,2406,0,1782360691.2903907,0.0018053054809570312
172401,normal,1905,0,1782360691.2926614,0.0022706985473632812
172402,normal,3437,0,1782360691.2943554,0.0016939640045166016
172403,normal,1225,0,1782360691.296423,0.00206756591796875
172404,normal,1426,0,1782360691.2986176,0.002194643020629883
172405,normal,553,0,1782360691.3003724,0.0017547607421875
172406,normal,2258,0,1782360691.3024611,0.002088785171508789
172407,normal,3258,1,1782360691.3044643,0.002003192901611328
172408,normal,635,0,1782360691.306367,0.0019025802612304688
172409,normal,1053,0,1782360691.3084774,0.0021104812622070312
172410,normal,2352,0,1782360691.3105464,0.0020689964294433594
172411,normal,2041,0,1782360691.3123827,0.0018362998962402344
172412,normal,2345,0,1782360691.3144608,0.0020780563354492188
172413,normal,488,0,1782360691.3164654,0.0020046234130859375
172414,normal,2216,0,1782360691.318369,0.001903533935546875
172415,normal,637,0,1782360691.3204963,0.002127408981323242
172416,normal,3027,0,1782360691.3228934,0.0023970603942871094
172417,normal,76,0,1782360691.324404,0.0015106201171875
172418,normal,3446,0,1782360691.3264928,0.002088785171508789
172419,normal,2328,0,1782360691.328478,0.001985311508178711
172420,normal,2215,0,1782360691.3302867,0.0018086433410644531
172421,normal,2128,0,1782360691.3324797,0.002192974090576172
172422,normal,333,0,1782360691.3345485,0.002068758010864258
172423,normal,1274,0,1782360691.3364408,0.0018923282623291016
172424,normal,2796,0,1782360691.3384712,0.0020303726196289062
172425,normal,3281,1,1782360691.3404768,0.0020055770874023438
172426,normal,1770,0,1782360691.3422904,0.001813650131225586
172427,normal,1578,0,1782360691.3444903,0.002199888229370117
172428,normal,2991,0,1782360691.346492,0.0020017623901367188
172429,normal,1251,0,1782360691.3485115,0.0020194053649902344
172430,normal,1595,0,1782360691.350407,0.0018954277038574219
172431,normal,2074,0,1782360691.3525946,0.0021877288818359375
172432,normal,1449,0,1782360691.3543744,0.001779794692993164
172433,normal,2016,0,1782360691.3564894,0.002115011215209961
172434,normal,2598,0,1782360691.3584778,0.0019884109497070312
172435,normal,191,0,1782360691.3605585,0.002080678939819336
172436,normal,1117,0,1782360691.3625236,0.001965045928955078
172437,normal,1067,0,1782360691.364448,0.0019245147705078125
172438,normal,370,0,1782360691.3665693,0.0021212100982666016
172439,normal,463,0,1782360691.3687396,0.0021703243255615234
172440,normal,295,0,1782360691.370324,0.0015842914581298828
172441,normal,3124,1,1782360691.372303,0.0019791126251220703
172442,normal,917,2,1782360691.3744612,0.0021581649780273438
172443,normal,418,0,1782360691.3764496,0.0019884109497070312
172444,normal,2836,0,1782360691.3782427,0.0017931461334228516
172445,normal,3682,0,1782360691.3803868,0.0021440982818603516
172446,normal,1151,0,1782360691.3823903,0.0020034313201904297
172447,normal,1222,0,1782360691.3842678,0.0018775463104248047
172448,normal,401,0,1782360691.386448,0.0021800994873046875
172449,normal,2828,0,1782360691.3884752,0.002027273178100586
172450,normal,721,0,1782360691.3903303,0.0018551349639892578
172451,normal,2423,0,1782360691.3925302,0.002199888229370117
172452,normal,1068,0,1782360691.3945186,0.0019884109497070312
172453,normal,2620,0,1782360691.3962772,0.001758575439453125
172454,normal,2394,0,1782360691.398488,0.002210855484008789
172455,normal,3620,0,1782360691.4005039,0.002015829086303711
172456,normal,435,0,1782360691.4023418,0.0018379688262939453
172457,normal,3549,0,1782360691.4045322,0.0021903514862060547
172458,normal,1855,0,1782360691.4064558,0.0019235610961914062
172459,normal,2180,0,1782360691.4082782,0.0018224716186523438
172460,normal,3613,0,1782360691.410464,0.002185821533203125
172461,normal,2120,0,1782360691.412464,0.0019998550415039062
172462,normal,1682,0,1782360691.414286,0.0018219947814941406
172463,normal,2695,0,1782360691.416486,0.0022001266479492188
172464,normal,1374,1,1782360691.4184806,0.001994609832763672
172465,normal,1399,0,1782360691.4203103,0.0018296241760253906
172466,normal,825,2,1782360691.4225483,0.002238035202026367
172467,normal,1482,0,1782360691.4244971,0.0019488334655761719
172468,normal,3158,1,1782360691.4262824,0.0017852783203125
172469,normal,646,0,1782360691.4284704,0.002187967300415039
172470,normal,862,2,1782360691.4304638,0.001993417739868164
172471,normal,3145,1,1782360691.4322815,0.0018177032470703125
172472,normal,673,0,1782360691.43447,0.002188444137573242
172473,normal,3024,0,1782360691.4364946,0.0020246505737304688
172474,normal,3675,0,1782360691.43832,0.0018253326416015625
172475,normal,317,0,1782360691.440726,0.0024061203002929688
172476,normal,2075,0,1782360691.44241,0.001683950424194336
172477,normal,1955,0,1782360691.444297,0.0018870830535888672
172478,normal,3291,1,1782360691.4464962,0.0021991729736328125
172479,normal,2522,0,1782360691.4484773,0.001981019973754883
172480,normal,849,2,1782360691.4502726,0.0017952919006347656
172481,normal,2644,0,1782360691.452465,0.0021924972534179688
172482,normal,2309,0,1782360691.4544637,0.0019986629486083984
172483,normal,2149,0,1782360691.4562898,0.0018260478973388672
172484,normal,2349,0,1782360691.4585195,0.0022296905517578125
172485,normal,1190,0,1782360691.4604862,0.001966714859008789
172486,normal,2771,0,1782360691.4623284,0.0018422603607177734
172487,normal,381,0,1782360691.464583,0.002254486083984375
172488,normal,2596,0,1782360691.4666436,0.0020606517791748047
172489,normal,461,0,1782360691.4683452,0.0017015933990478516
172490,normal,127,0,1782360691.470559,0.002213716506958008
172491,normal,3521,0,1782360691.4725766,0.0020177364349365234
172492,normal,1383,0,1782360691.4743602,0.001783609390258789
172493,normal,1084,0,1782360691.4764764,0.0021162033081054688
172494,normal,176,0,1782360691.4784577,0.0019812583923339844
172495,normal,590,0,1782360691.4802678,0.0018100738525390625
172496,normal,1496,0,1782360691.4824789,0.0022110939025878906
172497,normal,2381,0,1782360691.4845095,0.002030611038208008
172498,normal,3619,0,1782360691.486272,0.0017626285552978516
172499,normal,3188,1,1782360691.4884584,0.002186298370361328
172500,normal,2957,0,1782360691.4904358,0.0019774436950683594
172501,normal,511,0,1782360691.4922771,0.0018413066864013672
172502,normal,2652,0,1782360691.4949005,0.002623319625854492
172503,normal,3622,0,1782360691.4965706,0.0016701221466064453
172504,normal,183,0,1782360691.498288,0.0017173290252685547
172505,normal,854,2,1782360691.500471,0.002183198928833008
172506,normal,2354,0,1782360691.5024724,0.0020012855529785156
172507,normal,1384,0,1782360691.5042827,0.001810312271118164
172508,normal,107,0,1782360691.5065193,0.002236604690551758
172509,normal,3401,1,1782360691.5084627,0.001943349838256836
172510,normal,1431,0,1782360691.5103135,0.0018508434295654297
172511,normal,3016,0,1782360691.5123746,0.002061128616333008
172512,normal,2967,0,1782360691.51447,0.002095460891723633
172513,normal,509,0,1782360691.516282,0.001811981201171875
172514,normal,3424,0,1782360691.518475,0.002192974090576172
172515,normal,3152,1,1782360691.5204678,0.0019927024841308594
172516,normal,393,0,1782360691.5225098,0.002042055130004883
172517,normal,2651,0,1782360691.5245826,0.0020728111267089844
172518,normal,1716,0,1782360691.5265253,0.0019426345825195312
172519,normal,2152,0,1782360691.5283687,0.0018434524536132812
172520,normal,2226,0,1782360691.5305877,0.002218961715698242
172521,normal,2772,0,1782360691.532437,0.0018494129180908203
172522,normal,976,2,1782360691.5343897,0.0019526481628417969
172523,normal,2534,0,1782360691.5366223,0.0022325515747070312
172524,normal,1441,0,1782360691.5386417,0.0020194053649902344
172525,normal,2181,0,1782360691.5403469,0.001705169677734375
172526,normal,1639,0,1782360691.5427244,0.0023775100708007812
172527,normal,3115,1,1782360691.5447102,0.001985788345336914
172528,normal,71,0,1782360691.5464697,0.0017595291137695312
172529,normal,1065,0,1782360691.5482826,0.0018129348754882812
172530,normal,3032,0,1782360691.550399,0.0021164417266845703
172531,normal,1594,0,1782360691.5522623,0.001863241195678711
172532,normal,2365,0,1782360691.5543962,0.0021338462829589844
172533,normal,1793,0,1782360691.5563858,0.001989603042602539
172534,normal,1230,0,1782360691.5582733,0.0018875598907470703
172535,normal,1823,0,1782360691.5603821,0.0021088123321533203
172536,normal,2921,0,1782360691.562489,0.002106904983520508
172537,normal,1433,0,1782360691.5642846,0.0017955303192138672
172538,normal,3190,1,1782360691.5664203,0.002135753631591797
172539,normal,2752,0,1782360691.568433,0.0020127296447753906
172540,normal,670,0,1782360691.5702968,0.001863718032836914
172541,normal,236,0,1782360691.5723665,0.002069711685180664
172542,normal,1834,0,1782360691.5744867,0.0021202564239501953
172543,normal,2453,0,1782360691.5763254,0.00183868408203125
172544,normal,2409,0,1782360691.5785542,0.0022287368774414062
172545,normal,1702,0,1782360691.5804803,0.0019261837005615234
172546,normal,3102,1,1782360691.5822766,0.0017962455749511719
172547,normal,187,0,1782360691.5844727,0.002196073532104492
172548,normal,2175,0,1782360691.5864623,0.001989603042602539
172549,normal,1791,0,1782360691.5882826,0.0018203258514404297
172550,normal,1545,0,1782360691.5904846,0.0022020339965820312
172551,normal,74,0,1782360691.5924854,0.0020008087158203125
172552,normal,1747,0,1782360691.5942934,0.0018079280853271484
172553,normal,3260,1,1782360691.596496,0.002202749252319336
172554,normal,872,2,1782360691.5985074,0.0020112991333007812
172555,normal,1134,0,1782360691.600279,0.001771688461303711
172556,normal,1600,0,1782360691.6024792,0.0022001266479492188
172557,normal,70,0,1782360691.604466,0.0019867420196533203
172558,normal,3246,1,1782360691.6062827,0.0018167495727539062
172559,normal,1198,0,1782360691.6084733,0.0021905899047851562
172560,normal,1672,0,1782360691.6104865,0.0020132064819335938
172561,normal,2769,0,1782360691.6123102,0.0018236637115478516
172562,normal,1654,0,1782360691.6145291,0.002218961715698242
172563,normal,1826,0,1782360691.6165268,0.001997709274291992
172564,normal,1147,0,1782360691.618313,0.0017862319946289062
172565,normal,2208,0,1782360691.6204908,0.002177715301513672
172566,normal,336,0,1782360691.6224778,0.001986980438232422
172567,normal,11,0,1782360691.6242964,0.0018186569213867188
172568,normal,692,0,1782360691.6264668,0.0021703243255615234
172569,normal,2700,0,1782360691.6284647,0.0019979476928710938
172570,normal,2257,0,1782360691.630278,0.0018134117126464844
172571,normal,3164,1,1782360691.6325321,0.002254009246826172
172572,normal,815,2,1782360691.6345057,0.0019736289978027344
172573,normal,229,0,1782360691.6363084,0.001802682876586914
172574,normal,1779,0,1782360691.6385512,0.0022428035736083984
172575,normal,2950,0,1782360691.6405938,0.002042531967163086
172576,normal,694,0,1782360691.642395,0.0018012523651123047
172577,normal,1706,0,1782360691.644505,0.002110004425048828
172578,normal,2037,0,1782360691.6465657,0.0020606517791748047
172579,normal,3449,0,1782360691.6483696,0.0018038749694824219
172580,normal,1940,0,1782360691.6504714,0.002101898193359375
172581,normal,377,0,1782360691.6524413,0.0019698143005371094
172582,normal,2454,0,1782360691.6542704,0.0018291473388671875
172583,normal,1494,0,1782360691.6564603,0.0021898746490478516
172584,normal,989,2,1782360691.6585248,0.0020644664764404297
172585,normal,3435,0,1782360691.66027,0.0017452239990234375
172586,normal,1490,0,1782360691.6624615,0.0021915435791015625
172587,normal,3136,1,1782360691.6644585,0.0019969940185546875
172588,normal,1822,0,1782360691.6662717,0.0018131732940673828
172589,normal,50,0,1782360691.6685028,0.002231121063232422
172590,normal,657,0,1782360691.6706245,0.0021216869354248047
172591,normal,3031,0,1782360691.6723888,0.0017642974853515625
172592,normal,1467,0,1782360691.674708,0.0023190975189208984
172593,normal,2608,0,1782360691.6764603,0.0017523765563964844
172594,normal,521,0,1782360691.6782916,0.0018312931060791016
172595,normal,1473,0,1782360691.680484,0.0021924972534179688
172596,normal,2639,0,1782360691.6824715,0.001987457275390625
172597,normal,1238,0,1782360691.684282,0.0018105506896972656
172598,normal,3139,1,1782360691.6867294,0.002447366714477539
172599,normal,1466,0,1782360691.6884127,0.0016832351684570312
172600,normal,3396,1,1782360691.6902757,0.0018630027770996094
172601,normal,2462,0,1782360691.692462,0.002186298370361328
172602,normal,2798,0,1782360691.6944692,0.0020072460174560547
172603,normal,720,0,1782360691.696442,0.001972675323486328
172604,normal,497,0,1782360691.6985154,0.002073526382446289
172605,normal,2119,0,1782360691.7004657,0.0019502639770507812
172606,normal,220,0,1782360691.702379,0.001913309097290039
172607,normal,987,2,1782360691.7045112,0.0021321773529052734
172608,normal,3150,1,1782360691.7065005,0.0019893646240234375
172609,normal,3271,1,1782360691.7083926,0.00189208984375
172610,normal,992,2,1782360691.7104323,0.002039670944213867
172611,normal,2727,0,1782360691.712763,0.002330780029296875
172612,normal,3458,0,1782360691.7143857,0.0016226768493652344
172613,normal,451,0,1782360691.7164955,0.0021097660064697266
172614,normal,2681,0,1782360691.7185242,0.0020287036895751953
172615,normal,3541,0,1782360691.7204542,0.0019299983978271484
172616,normal,2476,0,1782360691.722366,0.0019118785858154297
172617,normal,287,0,1782360691.7244697,0.002103567123413086
172618,normal,611,0,1782360691.7264128,0.0019431114196777344
172619,normal,2799,0,1782360691.7285576,0.0021448135375976562
172620,normal,1254,0,1782360691.7304547,0.0018970966339111328
172621,normal,2891,0,1782360691.7326035,0.002148866653442383
172622,normal,2036,0,1782360691.734508,0.0019044876098632812
172623,normal,2515,0,1782360691.7363997,0.0018916130065917969
172624,normal,147,0,1782360691.7383745,0.001974821090698242
172625,normal,245,0,1782360691.7405975,0.0022230148315429688
172626,normal,923,2,1782360691.7426474,0.0020499229431152344
172627,normal,1295,0,1782360691.7444873,0.0018398761749267578
172628,normal,2625,0,1782360691.7464538,0.0019664764404296875
172629,normal,3695,0,1782360691.7485182,0.0020644664764404297
172630,normal,930,2,1782360691.7504494,0.0019311904907226562
172631,normal,2213,0,1782360691.7525826,0.0021331310272216797
172632,normal,2315,0,1782360691.754926,0.002343416213989258
172633,normal,1392,0,1782360691.7563455,0.0014195442199707031
172634,normal,2926,0,1782360691.7583828,0.0020372867584228516
172635,normal,3489,0,1782360691.7604976,0.0021147727966308594
172636,normal,842,2,1782360691.762398,0.0019004344940185547
172637,normal,1493,0,1782360691.7645032,0.002105236053466797
172638,normal,2024,0,1782360691.766488,0.001984834671020508
172639,normal,1618,0,1782360691.7683969,0.0019087791442871094
172640,normal,398,0,1782360691.7705112,0.0021142959594726562
172641,normal,2220,0,1782360691.772484,0.0019729137420654297
172642,normal,1008,2,1782360691.7744493,0.0019652843475341797
172643,normal,1032,0,1782360691.7764213,0.0019719600677490234
172644,normal,1071,0,1782360691.7784822,0.0020608901977539062
172645,normal,93,0,1782360691.7803817,0.0018994808197021484
172646,normal,1775,0,1782360691.7824872,0.0021054744720458984
172647,normal,1948,0,1782360691.7844825,0.0019953250885009766
172648,normal,1224,0,1782360691.7863877,0.001905202865600586
172649,normal,1495,0,1782360691.7885299,0.002142190933227539
172650,normal,248,0,1782360691.7904873,0.001957416534423828
172651,normal,2296,0,1782360691.7924786,0.00199127197265625
172652,normal,3441,0,1782360691.7943094,0.0018308162689208984
172653,normal,1710,0,1782360691.7965093,0.002199888229370117
172654,normal,1819,0,1782360691.7984405,0.0019311904907226562
172655,normal,2373,0,1782360691.8002865,0.0018460750579833984
172656,normal,3251,1,1782360691.8024793,0.0021927356719970703
172657,normal,834,2,1782360691.8043814,0.0019021034240722656
172658,normal,468,0,1782360691.806477,0.0020956993103027344
172659,normal,877,2,1782360691.8084962,0.002019166946411133
172660,normal,3640,0,1782360691.8104434,0.001947164535522461
172661,normal,2255,0,1782360691.8124764,0.0020329952239990234
172662,normal,2549,0,1782360691.8146217,0.0021452903747558594
172663,normal,3091,1,1782360691.8163908,0.0017690658569335938
172664,normal,3054,1,1782360691.8186333,0.002242565155029297
172665,normal,2521,0,1782360691.8204095,0.0017762184143066406
172666,normal,993,2,1782360691.822647,0.002237558364868164
172667,normal,3303,1,1782360691.8243985,0.0017514228820800781
172668,normal,3546,0,1782360691.8265798,0.0021812915802001953
172669,normal,2413,0,1782360691.828275,0.0016951560974121094
172670,normal,416,0,1782360691.830473,0.0021979808807373047
172671,normal,1077,0,1782360691.8324711,0.0019981861114501953
172672,normal,3095,1,1782360691.8344097,0.0019385814666748047
172673,normal,2251,0,1782360691.83653,0.0021202564239501953
172674,normal,3282,1,1782360691.8384686,0.0019385814666748047
172675,normal,886,2,1782360691.8403697,0.0019011497497558594
172676,normal,520,0,1782360691.842473,0.0021033287048339844
172677,normal,1245,0,1782360691.844476,0.0020029544830322266
172678,normal,1171,0,1782360691.8467872,0.002311229705810547
172679,normal,57,0,1782360691.8485327,0.001745462417602539
172680,normal,2242,0,1782360691.8505547,0.0020220279693603516
172681,normal,185,0,1782360691.8523765,0.001821756362915039
172682,normal,3520,0,1782360691.854475,0.002098560333251953
172683,normal,709,0,1782360691.8564775,0.0020024776458740234
172684,normal,3612,0,1782360691.8583872,0.0019097328186035156
172685,normal,250,0,1782360691.860487,0.002099752426147461
172686,normal,3442,0,1782360691.8624659,0.0019788742065429688
172687,normal,3419,0,1782360691.864373,0.0019071102142333984
172688,normal,3003,0,1782360691.8664963,0.0021233558654785156
172689,normal,343,0,1782360691.8684855,0.001989126205444336
172690,normal,475,0,1782360691.8704016,0.0019161701202392578
172691,normal,2138,0,1782360691.872612,0.002210378646850586
172692,normal,3522,0,1782360691.874608,0.0019960403442382812
172693,normal,2928,0,1782360691.876359,0.001750946044921875
172694,normal,1604,0,1782360691.878563,0.0022039413452148438
172695,normal,2730,0,1782360691.880445,0.0018820762634277344
172696,normal,2665,0,1782360691.8825788,0.0021338462829589844
172697,normal,63,0,1782360691.8845944,0.0020155906677246094
172698,normal,372,0,1782360691.8867152,0.0021207332611083984
172699,normal,2548,0,1782360691.8883493,0.0016341209411621094
172700,normal,2783,0,1782360691.8907797,0.002430438995361328
172701,normal,354,0,1782360691.8927374,0.0019576549530029297
172702,normal,3193,1,1782360691.8944032,0.0016658306121826172
172703,normal,3346,1,1782360691.8964682,0.002064943313598633
172704,normal,2900,0,1782360691.8984683,0.002000093460083008
172705,normal,3254,1,1782360691.9003773,0.001909017562866211
172706,normal,1375,1,1782360691.9024658,0.0020885467529296875
172707,normal,1971,0,1782360691.904495,0.0020291805267333984
172708,normal,2012,0,1782360691.906388,0.0018930435180664062
172709,normal,2434,0,1782360691.9084764,0.002088308334350586
172710,normal,550,0,1782360691.9104605,0.001984119415283203
172711,normal,472,0,1782360691.912468,0.0020074844360351562
172712,normal,2250,0,1782360691.9144187,0.0019507408142089844
172713,normal,1162,0,1782360691.9165292,0.0021104812622070312
172714,normal,2412,0,1782360691.9184506,0.0019214153289794922
172715,normal,2239,0,1782360691.9204664,0.002015829086303711
172716,normal,2062,0,1782360691.922489,0.0020225048065185547
172717,normal,2068,0,1782360691.924423,0.001934051513671875
172718,normal,1201,0,1782360691.9265633,0.0021402835845947266
172719,normal,1179,0,1782360691.9285164,0.001953125
172720,normal,120,0,1782360691.9303646,0.0018482208251953125
172721,normal,845,2,1782360691.9324892,0.0021245479583740234
172722,normal,1001,2,1782360691.9344816,0.001992464065551758
172723,normal,934,2,1782360691.9363885,0.0019068717956542969
172724,normal,2323,0,1782360691.9384954,0.002106904983520508
172725,normal,2069,0,1782360691.9405468,0.0020513534545898438
172726,normal,2877,0,1782360691.9423938,0.0018470287322998047
172727,normal,1228,0,1782360691.944431,0.0020372867584228516
172728,normal,1727,0,1782360691.9465053,0.0020742416381835938
172729,normal,634,0,1782360691.948423,0.0019176006317138672
172730,normal,1970,0,1782360691.9504886,0.0020656585693359375
172731,normal,3048,1,1782360691.9524815,0.001992940902709961
172732,normal,1527,0,1782360691.954389,0.0019075870513916016
172733,normal,3067,1,1782360691.956484,0.0020949840545654297
172734,normal,3086,1,1782360691.9584813,0.001997232437133789
172735,normal,887,2,1782360691.9604087,0.0019273757934570312
172736,normal,2834,0,1782360691.9624226,0.0020139217376708984
172737,normal,276,0,1782360691.9646204,0.002197742462158203
172738,normal,3265,1,1782360691.966299,0.0016787052154541016
172739,normal,254,0,1782360691.9685094,0.002210378646850586
172740,normal,798,2,1782360691.970522,0.002012491226196289
172741,normal,424,0,1782360691.9723809,0.0018589496612548828
172742,normal,2931,0,1782360691.9744809,0.0020999908447265625
172743,normal,1756,0,1782360691.9764745,0.0019936561584472656
172744,normal,2647,0,1782360691.9783726,0.001898050308227539
172745,normal,292,0,1782360691.9805057,0.0021331310272216797
172746,normal,2076,0,1782360691.9825702,0.0020644664764404297
172747,normal,1310,0,1782360691.9843316,0.0017614364624023438
172748,normal,2637,0,1782360691.9866288,0.0022971630096435547
172749,normal,3109,1,1782360691.9883938,0.0017650127410888672
172750,normal,1894,0,1782360691.9903967,0.0020029544830322266
172751,normal,1571,0,1782360691.9923651,0.0019683837890625
172752,normal,175,0,1782360691.9944093,0.002044200897216797
172753,normal,3579,0,1782360691.9964077,0.001998424530029297
172754,normal,3044,0,1782360691.9983294,0.0019216537475585938
172755,normal,801,2,1782360692.0003529,0.002023458480834961
172756,normal,1861,0,1782360692.0023525,0.0019996166229248047
172757,normal,2882,0,1782360692.0042908,0.0019383430480957031
172758,normal,224,0,1782360692.0063713,0.0020804405212402344
172759,normal,2978,0,1782360692.0083847,0.0020134449005126953
172760,normal,1745,0,1782360692.0102782,0.0018935203552246094
172761,normal,3691,0,1782360692.0123982,0.0021200180053710938
172762,normal,944,2,1782360692.0142882,0.001889944076538086
172763,normal,1748,0,1782360692.0163524,0.002064228057861328
172764,normal,3532,0,1782360692.0187628,0.002410411834716797
172765,normal,2241,0,1782360692.0203679,0.0016050338745117188
172766,normal,3243,1,1782360692.0224009,0.0020329952239990234
172767,normal,2081,0,1782360692.0243633,0.001962423324584961
172768,normal,3173,1,1782360692.0263712,0.0020079612731933594
172769,normal,464,0,1782360692.0283668,0.001995563507080078
172770,normal,3624,0,1782360692.0306058,0.0022389888763427734
172771,normal,1799,0,1782360692.0324044,0.0017986297607421875
172772,normal,1311,0,1782360692.0345554,0.002151012420654297
172773,normal,1703,0,1782360692.036473,0.0019176006317138672
172774,normal,3324,1,1782360692.0382853,0.0018122196197509766
172775,normal,2503,0,1782360692.0405054,0.00222015380859375
172776,normal,913,2,1782360692.0424843,0.0019788742065429688
172777,normal,146,0,1782360692.044387,0.0019028186798095703
172778,normal,1924,0,1782360692.0466983,0.002311229705810547
172779,normal,2436,0,1782360692.048527,0.0018286705017089844
172780,normal,2200,0,1782360692.050338,0.0018110275268554688
172781,normal,1867,0,1782360692.052557,0.002218961715698242
172782,normal,1315,0,1782360692.0544226,0.0018656253814697266
172783,normal,2711,0,1782360692.0564408,0.0020182132720947266
172784,normal,1076,0,1782360692.0583735,0.0019326210021972656
172785,normal,3407,0,1782360692.0607035,0.0023300647735595703
172786,normal,2930,0,1782360692.0624256,0.001722097396850586
172787,normal,2142,0,1782360692.064414,0.0019884109497070312
172788,normal,948,2,1782360692.0666995,0.002285480499267578
172789,normal,895,2,1782360692.0685318,0.0018322467803955078
172790,normal,422,0,1782360692.070504,0.001972198486328125
172791,normal,3219,1,1782360692.0724297,0.0019257068634033203
172792,normal,2359,0,1782360692.0743678,0.0019381046295166016
172793,normal,2983,0,1782360692.076479,0.002111196517944336
172794,normal,1576,0,1782360692.0784876,0.002008676528930664
172795,normal,2445,0,1782360692.0803812,0.0018935203552246094
172796,normal,2107,0,1782360692.0824764,0.0020952224731445312
172797,normal,780,2,1782360692.0844655,0.001989126205444336
172798,normal,685,0,1782360692.086384,0.0019185543060302734
172799,normal,2612,0,1782360692.088503,0.002118825912475586
172800,normal,999,2,1782360692.0905228,0.0020198822021484375
172801,normal,3025,0,1782360692.0924337,0.0019109249114990234
172802,normal,973,2,1782360692.0944862,0.0020525455474853516
172803,normal,1210,0,1782360692.0964813,0.001995086669921875
172804,normal,2247,0,1782360692.098402,0.0019207000732421875
172805,normal,1192,0,1782360692.100561,0.0021588802337646484
172806,normal,3326,1,1782360692.1025307,0.0019698143005371094
172807,normal,3223,1,1782360692.104377,0.0018463134765625
172808,normal,3580,0,1782360692.1064694,0.0020923614501953125
172809,normal,3540,0,1782360692.108478,0.002008676528930664
172810,normal,1191,0,1782360692.110376,0.0018978118896484375
172811,normal,3698,0,1782360692.1124861,0.0021102428436279297
172812,normal,2217,0,1782360692.1144874,0.0020012855529785156
172813,normal,2159,0,1782360692.1163864,0.0018990039825439453
172814,normal,2169,0,1782360692.1183925,0.002006053924560547
172815,normal,632,0,1782360692.120646,0.0022535324096679688
172816,normal,2367,0,1782360692.1222956,0.001649618148803711
172817,normal,8,0,1782360692.1244857,0.002190113067626953
172818,normal,3524,0,1782360692.1264825,0.001996755599975586
172819,normal,3452,0,1782360692.128375,0.0018925666809082031
172820,normal,140,0,1782360692.1304858,0.002110719680786133
172821,normal,1705,0,1782360692.1324792,0.001993417739868164
172822,normal,1042,0,1782360692.134402,0.0019228458404541016
172823,normal,2574,0,1782360692.13655,0.0021479129791259766
172824,normal,2383,0,1782360692.138557,0.002007007598876953
172825,normal,2106,0,1782360692.1405737,0.002016782760620117
172826,normal,2370,0,1782360692.142398,0.0018243789672851562
172827,normal,2815,0,1782360692.144488,0.002089977264404297
172828,normal,275,0,1782360692.1463935,0.0019054412841796875
172829,normal,2948,0,1782360692.1485035,0.002110004425048828
172830,normal,406,0,1782360692.1504788,0.0019752979278564453
172831,normal,2725,0,1782360692.152377,0.001898050308227539
172832,normal,1157,0,1782360692.154479,0.0021021366119384766
172833,normal,1110,0,1782360692.156512,0.0020329952239990234
172834,normal,1355,1,1782360692.1584265,0.0019145011901855469
172835,normal,2594,0,1782360692.1605077,0.002081155776977539
172836,normal,2194,0,1782360692.1625543,0.0020465850830078125
172837,normal,1889,0,1782360692.1644802,0.0019259452819824219
172838,normal,841,2,1782360692.1665525,0.0020723342895507812
172839,normal,953,2,1782360692.1687806,0.0022280216217041016
172840,normal,537,0,1782360692.1705124,0.00173187255859375
172841,normal,2218,0,1782360692.1723933,0.0018808841705322266
172842,normal,1132,0,1782360692.174475,0.002081632614135742
172843,normal,819,2,1782360692.176367,0.00189208984375
172844,normal,1523,0,1782360692.1784797,0.0021126270294189453
172845,normal,1923,0,1782360692.1804914,0.0020117759704589844
172846,normal,1371,1,1782360692.182464,0.0019724369049072266
172847,normal,1741,0,1782360692.1843836,0.0019197463989257812
172848,normal,470,0,1782360692.1864796,0.002095937728881836
172849,normal,2911,0,1782360692.188277,0.0017974376678466797
172850,normal,2937,0,1782360692.1904633,0.002186298370361328
172851,normal,1609,0,1782360692.1925051,0.0020418167114257812
172852,normal,172,0,1782360692.1945179,0.0020127296447753906
172853,normal,2455,0,1782360692.196395,0.0018770694732666016
172854,normal,1583,0,1782360692.1986492,0.0022542476654052734
172855,normal,3177,1,1782360692.2003548,0.0017056465148925781
172856,normal,2482,0,1782360692.2024817,0.002126932144165039
172857,normal,2177,0,1782360692.2044568,0.0019750595092773438
172858,normal,3388,1,1782360692.20638,0.0019230842590332031
172859,normal,3088,1,1782360692.2084804,0.0021004676818847656
172860,normal,486,0,1782360692.210722,0.0022416114807128906
172861,normal,723,0,1782360692.2123387,0.0016167163848876953
172862,normal,3157,1,1782360692.214469,0.002130270004272461
172863,normal,1719,0,1782360692.216479,0.0020101070404052734
172864,normal,663,0,1782360692.218372,0.0018930435180664062
172865,normal,1880,0,1782360692.2204814,0.0021092891693115234
172866,normal,1455,0,1782360692.2224817,0.0020003318786621094
172867,normal,151,0,1782360692.2243793,0.001897573471069336
172868,normal,122,0,1782360692.2265017,0.0021224021911621094
172869,normal,728,0,1782360692.2285051,0.0020034313201904297
172870,normal,1404,0,1782360692.230387,0.0018818378448486328
172871,normal,2430,0,1782360692.232387,0.002000093460083008
172872,normal,1485,0,1782360692.234803,0.002415895462036133
172873,normal,318,0,1782360692.2363842,0.0015811920166015625
172874,normal,3040,0,1782360692.2384799,0.0020956993103027344
172875,normal,3663,0,1782360692.2406,0.0021202564239501953
172876,normal,902,2,1782360692.2424796,0.0018794536590576172
172877,normal,493,0,1782360692.2443993,0.0019197463989257812
172878,normal,2427,0,1782360692.246479,0.0020797252655029297
172879,normal,2304,0,1782360692.2483761,0.0018970966339111328
172880,normal,184,0,1782360692.2505546,0.0021784305572509766
172881,normal,661,0,1782360692.252563,0.0020084381103515625
172882,normal,901,2,1782360692.254449,0.0018858909606933594
172883,normal,3294,1,1782360692.2566547,0.0022058486938476562
172884,normal,838,2,1782360692.258377,0.0017223358154296875
172885,normal,2744,0,1782360692.2604725,0.002095460891723633
172886,normal,1935,0,1782360692.262815,0.0023424625396728516
172887,normal,1559,0,1782360692.264513,0.0016980171203613281
172888,normal,2745,0,1782360692.2663841,0.0018711090087890625
172889,normal,2495,0,1782360692.2684495,0.002065420150756836
172890,normal,1561,0,1782360692.270454,0.002004384994506836
172891,normal,38,0,1782360692.2724411,0.0019872188568115234
172892,normal,2731,0,1782360692.2744846,0.002043485641479492
172893,normal,2084,0,1782360692.276476,0.00199127197265625
172894,normal,44,0,1782360692.278516,0.0020401477813720703
172895,normal,935,2,1782360692.2802505,0.0017344951629638672
172896,normal,3144,1,1782360692.282372,0.002121448516845703
172897,normal,177,0,1782360692.2843573,0.001985311508178711
172898,normal,3224,1,1782360692.2863708,0.0020134449005126953
172899,normal,911,2,1782360692.2884035,0.002032756805419922
172900,normal,3574,0,1782360692.2903767,0.0019731521606445312
172901,normal,2959,0,1782360692.2923849,0.002008199691772461
172902,normal,716,0,1782360692.294527,0.002142190933227539
172903,normal,1348,1,1782360692.2965605,0.0020334720611572266
172904,normal,2450,0,1782360692.29924,0.002679586410522461
172905,normal,1246,0,1782360692.300294,0.0010538101196289062
172906,normal,42,0,1782360692.3024755,0.002181529998779297
172907,normal,3210,1,1782360692.3043797,0.0019042491912841797
172908,normal,2335,0,1782360692.306481,0.0021011829376220703
172909,normal,2011,0,1782360692.3083937,0.001912832260131836
172910,normal,1215,0,1782360692.3103814,0.0019876956939697266
172911,normal,3567,0,1782360692.3124938,0.0021123886108398438
172912,normal,1085,0,1782360692.3144286,0.0019347667694091797
172913,normal,1731,0,1782360692.3165097,0.002081155776977539
172914,normal,2167,0,1782360692.318575,0.0020651817321777344
172915,normal,1951,0,1782360692.3203056,0.0017306804656982422
172916,normal,1564,0,1782360692.3224988,0.0021932125091552734
172917,normal,1437,0,1782360692.3244953,0.0019965171813964844
172918,normal,1436,0,1782360692.3263958,0.0019004344940185547
172919,normal,928,2,1782360692.3284729,0.0020771026611328125
172920,normal,1276,0,1782360692.3304746,0.0020017623901367188
172921,normal,572,0,1782360692.3323798,0.001905202865600586
172922,normal,1782,0,1782360692.334603,0.0022232532501220703
172923,normal,1790,0,1782360692.3365152,0.0019121170043945312
172924,normal,2726,0,1782360692.338448,0.0019328594207763672
172925,normal,2140,0,1782360692.34063,0.0021820068359375
172926,normal,1252,0,1782360692.34255,0.0019199848175048828
172927,normal,2701,0,1782360692.3444862,0.001936197280883789
172928,normal,1521,0,1782360692.346348,0.0018618106842041016
172929,normal,2265,0,1782360692.3487647,0.0024166107177734375
172930,normal,669,0,1782360692.3503513,0.0015866756439208984
172931,normal,1691,0,1782360692.3523338,0.001982450485229492
172932,normal,1580,0,1782360692.3543606,0.002026796340942383
172933,normal,826,2,1782360692.356253,0.0018923282623291016
172934,normal,704,0,1782360692.3583667,0.002113819122314453
172935,normal,3383,1,1782360692.360402,0.002035379409790039
172936,normal,2372,0,1782360692.362332,0.0019299983978271484
172937,normal,1121,0,1782360692.364374,0.0020418167114257812
172938,normal,1035,0,1782360692.366372,0.0019981861114501953
172939,normal,2713,0,1782360692.3682573,0.0018851757049560547
172940,normal,3178,1,1782360692.3704102,0.0021529197692871094
172941,normal,1524,0,1782360692.3727832,0.0023729801177978516
172942,normal,1550,0,1782360692.3744934,0.0017101764678955078
172943,normal,1185,0,1782360692.3763552,0.0018618106842041016
172944,normal,742,0,1782360692.3784418,0.002086639404296875
172945,normal,20,0,1782360692.3802779,0.0018360614776611328
172946,normal,3369,1,1782360692.3824782,0.0022003650665283203
172947,normal,1781,0,1782360692.3843799,0.0019016265869140625
172948,normal,3240,1,1782360692.3864052,0.0020253658294677734
172949,normal,182,0,1782360692.3883185,0.001913309097290039
172950,normal,3020,0,1782360692.3903515,0.0020329952239990234
172951,normal,3704,0,1782360692.3923025,0.001950979232788086
172952,normal,1420,0,1782360692.394427,0.0021245479583740234
172953,normal,2751,0,1782360692.3963885,0.0019614696502685547
172954,normal,1150,0,1782360692.3984246,0.0020360946655273438
172955,normal,2865,0,1782360692.4006393,0.002214670181274414
172956,normal,1411,0,1782360692.402333,0.0016937255859375
172957,normal,1960,0,1782360692.404318,0.0019850730895996094
172958,normal,3269,1,1782360692.4063678,0.002049684524536133
172959,normal,3191,1,1782360692.4084444,0.0020766258239746094
172960,normal,219,0,1782360692.410455,0.0020105838775634766
172961,normal,506,0,1782360692.4124434,0.0019884109497070312
172962,normal,2475,0,1782360692.4144225,0.0019791126251220703
172963,normal,3376,1,1782360692.4165144,0.0020918846130371094
172964,normal,1772,0,1782360692.4187038,0.0021893978118896484
172965,normal,1140,0,1782360692.4203415,0.0016376972198486328
172966,normal,1945,0,1782360692.4223626,0.0020210742950439453
172967,normal,858,2,1782360692.4242637,0.0019011497497558594
172968,normal,891,2,1782360692.4263499,0.002086162567138672
172969,normal,956,2,1782360692.4282799,0.0019299983978271484
172970,normal,2368,0,1782360692.430397,0.002117156982421875
172971,normal,2122,0,1782360692.4323761,0.0019791126251220703
172972,normal,1402,0,1782360692.4342887,0.0019125938415527344
172973,normal,1108,0,1782360692.4362853,0.0019965171813964844
172974,normal,2609,0,1782360692.4383676,0.002082347869873047
172975,normal,2110,0,1782360692.440326,0.0019583702087402344
172976,normal,3176,1,1782360692.4424615,0.0021355152130126953
172977,normal,519,0,1782360692.444421,0.001959562301635742
172978,normal,3073,1,1782360692.4462383,0.0018172264099121094
172979,normal,1489,0,1782360692.4484217,0.0021834373474121094
172980,normal,3333,1,1782360692.45042,0.0019981861114501953
172981,normal,1413,0,1782360692.452325,0.001905202865600586
172982,normal,3338,1,1782360692.4543686,0.002043485641479492
172983,normal,833,2,1782360692.4565578,0.002189159393310547
172984,normal,2327,0,1782360692.4584305,0.0018727779388427734
172985,normal,2854,0,1782360692.4610677,0.002637147903442383
172986,normal,2134,0,1782360692.462212,0.0011444091796875
172987,normal,3293,1,1782360692.464272,0.0020599365234375
172988,normal,655,0,1782360692.4662714,0.001999378204345703
172989,normal,436,0,1782360692.4683495,0.0020780563354492188
172990,normal,2938,0,1782360692.470303,0.001953601837158203
172991,normal,1856,0,1782360692.4723475,0.0020444393157958984
172992,normal,1055,0,1782360692.4743552,0.002007722854614258
172993,normal,3105,1,1782360692.4765785,0.0022232532501220703
172994,normal,2591,0,1782360692.4785666,0.0019881725311279297
172995,normal,662,0,1782360692.4807112,0.0021445751190185547
172996,normal,3511,0,1782360692.4822855,0.0015742778778076172
172997,normal,2260,0,1782360692.4842863,0.0020008087158203125
172998,normal,2124,0,1782360692.4863806,0.002094268798828125
172999,normal,1850,0,1782360692.4882681,0.0018875598907470703
173000,normal,1475,0,1782360692.4904923,0.0022242069244384766
173001,normal,1740,0,1782360692.49256,0.00206756591796875
173002,normal,440,0,1782360692.4944806,0.0019207000732421875
173003,normal,1338,1,1782360692.496812,0.0023314952850341797
173004,normal,3661,0,1782360692.498399,0.0015869140625
173005,normal,3301,1,1782360692.500387,0.001987934112548828
173006,normal,1332,1,1782360692.5023685,0.001981496810913086
173007,normal,3189,1,1782360692.5045083,0.0021398067474365234
173008,normal,2236,0,1782360692.5063348,0.0018265247344970703
173009,normal,1314,0,1782360692.5084453,0.0021104812622070312
173010,normal,2767,0,1782360692.5104017,0.001956462860107422
173011,normal,479,0,1782360692.5123165,0.0019147396087646484
173012,normal,3266,1,1782360692.514532,0.0022156238555908203
173013,normal,1143,0,1782360692.5165625,0.0020303726196289062
173014,normal,2719,0,1782360692.5185485,0.0019860267639160156
173015,normal,3364,1,1782360692.5204258,0.0018773078918457031
173016,normal,316,0,1782360692.5226314,0.0022056102752685547
173017,normal,3238,1,1782360692.5246084,0.0019769668579101562
173018,normal,143,0,1782360692.5264478,0.0018393993377685547
173019,normal,2006,0,1782360692.528588,0.0021402835845947266
173020,normal,1929,0,1782360692.5305076,0.0019195079803466797
173021,normal,1380,1,1782360692.532583,0.0020754337310791016
173022,normal,1476,0,1782360692.534391,0.0018079280853271484
173023,normal,1750,0,1782360692.5363233,0.001932382583618164
173024,normal,37,0,1782360692.538444,0.0021207332611083984
173025,normal,1456,0,1782360692.5405989,0.002154827117919922
173026,normal,2741,0,1782360692.542495,0.0018961429595947266
173027,normal,88,0,1782360692.5444398,0.0019447803497314453
173028,normal,2543,0,1782360692.5464492,0.0020093917846679688
173029,normal,154,0,1782360692.5483968,0.001947641372680664
173030,normal,243,0,1782360692.5503333,0.0019364356994628906
173031,normal,297,0,1782360692.5522687,0.0019354820251464844
173032,normal,1509,0,1782360692.5542674,0.0019986629486083984
173033,normal,2426,0,1782360692.5568335,0.002566099166870117
173034,normal,2595,0,1782360692.5587397,0.0019061565399169922
173035,normal,200,0,1782360692.5603166,0.0015769004821777344
173036,normal,2813,0,1782360692.5628934,0.0025768280029296875
173037,normal,1619,0,1782360692.5643442,0.0014507770538330078
173038,normal,3604,0,1782360692.566302,0.0019578933715820312
173039,normal,3599,0,1782360692.5682652,0.0019631385803222656
173040,normal,1869,0,1782360692.5702603,0.001995086669921875
173041,normal,3167,1,1782360692.5722797,0.0020194053649902344
173042,normal,746,0,1782360692.5743294,0.002049684524536133
173043,normal,2206,0,1782360692.5764124,0.0020830631256103516
173044,normal,2362,0,1782360692.5783808,0.0019683837890625
173045,normal,2467,0,1782360692.5803232,0.0019423961639404297
173046,normal,996,2,1782360692.5823567,0.0020334720611572266
173047,normal,1696,0,1782360692.5843127,0.0019559860229492188
173048,normal,1913,0,1782360692.586251,0.0019383430480957031
173049,normal,3128,1,1782360692.58831,0.0020589828491210938
173050,normal,3498,0,1782360692.59031,0.002000093460083008
173051,normal,12,0,1782360692.5923448,0.0020346641540527344
173052,normal,3635,0,1782360692.594563,0.0022182464599609375
173053,normal,1890,0,1782360692.5966194,0.0020563602447509766
173054,normal,231,0,1782360692.5983918,0.0017724037170410156
173055,normal,592,0,1782360692.600587,0.002195119857788086
173056,normal,1154,0,1782360692.6024783,0.0018913745880126953
173057,normal,3160,1,1782360692.6044545,0.0019762516021728516
173058,normal,2994,0,1782360692.6064785,0.002023935317993164
173059,normal,3185,1,1782360692.6086388,0.002160310745239258
173060,normal,570,0,1782360692.6105828,0.0019440650939941406
173061,normal,2507,0,1782360692.612603,0.002020120620727539
173062,normal,1875,0,1782360692.6143293,0.001726388931274414
173063,normal,376,0,1782360692.6169987,0.0026693344116210938
173064,normal,2291,0,1782360692.618869,0.0018703937530517578
173065,normal,163,0,1782360692.6204016,0.0015325546264648438
173066,normal,697,0,1782360692.6222863,0.0018846988677978516
173067,normal,3184,1,1782360692.6244383,0.002151966094970703
173068,normal,1676,0,1782360692.6262934,0.0018551349639892578
173069,normal,320,0,1782360692.6284487,0.002155303955078125
173070,normal,2469,0,1782360692.6304557,0.002007007598876953
173071,normal,3208,1,1782360692.6323142,0.0018584728240966797
173072,normal,2329,0,1782360692.6344042,0.002089977264404297
173073,normal,1815,0,1782360692.6365833,0.0021791458129882812
173074,normal,235,0,1782360692.6384292,0.0018458366394042969
173075,normal,2480,0,1782360692.640515,0.0020859241485595703
173076,normal,3375,1,1782360692.6426075,0.0020923614501953125
173077,normal,2164,0,1782360692.6444268,0.0018193721771240234
173078,normal,1941,0,1782360692.6464276,0.0020008087158203125
173079,normal,3573,0,1782360692.648478,0.0020503997802734375
173080,normal,1987,0,1782360692.65041,0.001931905746459961
173081,normal,480,0,1782360692.652378,0.0019681453704833984
173082,normal,1575,0,1782360692.6545546,0.002176523208618164
173083,normal,3550,0,1782360692.6563883,0.0018336772918701172
173084,normal,447,0,1782360692.6583514,0.0019631385803222656
173085,normal,270,0,1782360692.660579,0.0022275447845458984
173086,normal,964,2,1782360692.662413,0.0018339157104492188
173087,normal,133,0,1782360692.6644068,0.001993894577026367
173088,normal,625,0,1782360692.6665585,0.0021517276763916016
173089,normal,2654,0,1782360692.6684816,0.0019230842590332031
173090,normal,3248,1,1782360692.670472,0.0019903182983398438
173091,normal,13,0,1782360692.6727014,0.002229452133178711
173092,normal,2496,0,1782360692.6747873,0.0020859241485595703
173093,normal,1289,0,1782360692.6765008,0.0017135143280029297
173094,normal,3060,1,1782360692.6788368,0.0023360252380371094
173095,normal,1760,0,1782360692.6803205,0.0014836788177490234
173096,normal,2416,0,1782360692.6824253,0.0021047592163085938
173097,normal,995,2,1782360692.6844397,0.0020143985748291016
173098,normal,482,0,1782360692.6862936,0.00185394287109375
173099,normal,2139,0,1782360692.688493,0.002199411392211914
173100,normal,319,0,1782360692.6905084,0.002015352249145508
173101,normal,754,0,1782360692.6923194,0.0018110275268554688
173102,normal,1307,0,1782360692.6945124,0.002192974090576172
173103,normal,1806,0,1782360692.6965663,0.002053976058959961
173104,normal,3471,0,1782360692.6983798,0.0018134117126464844
173105,normal,701,0,1782360692.700361,0.0019812583923339844
173106,normal,2832,0,1782360692.702877,0.002516031265258789
173107,normal,3323,1,1782360692.704441,0.00156402587890625
173108,normal,1207,0,1782360692.7064662,0.002025127410888672
173109,normal,2009,0,1782360692.708907,0.0024406909942626953
173110,normal,1852,0,1782360692.7104423,0.0015354156494140625
173111,normal,1949,0,1782360692.7122898,0.0018475055694580078
173112,normal,2641,0,1782360692.7144177,0.0021278858184814453
173113,normal,892,2,1782360692.7162845,0.0018668174743652344
173114,normal,1296,0,1782360692.7184386,0.002154111862182617
173115,normal,3317,1,1782360692.7205644,0.0021257400512695312
173116,normal,328,0,1782360692.722775,0.0022106170654296875
173117,normal,2091,0,1782360692.7243857,0.0016107559204101562
173118,normal,2581,0,1782360692.726481,0.0020952224731445312
173119,normal,3677,0,1782360692.7283897,0.0019087791442871094
173120,normal,116,0,1782360692.7304566,0.0020668506622314453
173121,normal,2057,0,1782360692.7326026,0.002146005630493164
173122,normal,190,0,1782360692.7344472,0.001844644546508789
173123,normal,2525,0,1782360692.7364848,0.002037525177001953
173124,normal,1165,0,1782360692.7386413,0.002156496047973633
173125,normal,2687,0,1782360692.7402818,0.0016405582427978516
173126,normal,1415,0,1782360692.7423317,0.0020499229431152344
173127,normal,1465,0,1782360692.7444458,0.0021140575408935547
173128,normal,1698,0,1782360692.7463052,0.001859426498413086
173129,normal,2055,0,1782360692.7485118,0.002206563949584961
173130,normal,2755,0,1782360692.7509632,0.0024514198303222656
173131,normal,1638,0,1782360692.7523649,0.001401662826538086
173132,normal,492,0,1782360692.7544038,0.0020389556884765625
173133,normal,2204,0,1782360692.7565997,0.0021958351135253906
173134,normal,962,2,1782360692.7584004,0.0018007755279541016
173135,normal,1824,0,1782360692.760395,0.001994609832763672
173136,normal,2071,0,1782360692.762553,0.002157926559448242
173137,normal,1687,0,1782360692.7643564,0.0018033981323242188
173138,normal,1367,1,1782360692.7665305,0.0021741390228271484
173139,normal,173,0,1782360692.7687578,0.002227306365966797
173140,normal,1508,0,1782360692.7705295,0.001771688461303711
173141,normal,628,0,1782360692.7725587,0.0020291805267333984
173142,normal,1379,1,1782360692.7745674,0.002008676528930664
173143,normal,2638,0,1782360692.7765148,0.0019474029541015625
173144,normal,3696,0,1782360692.778407,0.0018923282623291016
173145,normal,2288,0,1782360692.7804017,0.001994609832763672
173146,normal,952,2,1782360692.7822633,0.001861572265625
173147,normal,2440,0,1782360692.785073,0.002809762954711914
173148,normal,80,0,1782360692.7871654,0.0020923614501953125
173149,normal,2760,0,1782360692.788395,0.0012295246124267578
173150,normal,306,0,1782360692.7904186,0.0020236968994140625
173151,normal,2448,0,1782360692.7924395,0.0020208358764648438
173152,normal,2481,0,1782360692.79437,0.0019304752349853516
173153,normal,2461,0,1782360692.7964861,0.0021162033081054688
173154,normal,2808,0,1782360692.7984734,0.0019872188568115234
173155,normal,1177,0,1782360692.8003254,0.0018520355224609375
173156,normal,310,0,1782360692.8024588,0.0021333694458007812
173157,normal,1840,0,1782360692.8045025,0.0020437240600585938
173158,normal,3392,1,1782360692.8064237,0.0019211769104003906
173159,normal,2985,0,1782360692.8084316,0.0020079612731933594
173160,normal,1051,0,1782360692.810596,0.0021643638610839844
173161,normal,3379,1,1782360692.8124254,0.001829385757446289
173162,normal,3426,0,1782360692.8145754,0.0021500587463378906
173163,normal,2115,0,1782360692.81669,0.002114534378051758
173164,normal,2613,0,1782360692.8185828,0.0018928050994873047
173165,normal,1536,0,1782360692.8205462,0.001963376998901367
173166,normal,2551,0,1782360692.8227553,0.002209186553955078
173167,normal,741,0,1782360692.8243268,0.0015714168548583984
173168,normal,309,0,1782360692.8263826,0.0020558834075927734
173169,normal,3353,1,1782360692.828436,0.0020532608032226562
173170,normal,2254,0,1782360692.8303916,0.001955747604370117
173171,normal,947,2,1782360692.8324685,0.002076864242553711
173172,normal,803,2,1782360692.8346095,0.0021409988403320312
173173,normal,1335,1,1782360692.836363,0.0017535686492919922
173174,normal,3362,1,1782360692.838411,0.002048015594482422
173175,normal,2022,0,1782360692.8403692,0.001958131790161133
173176,normal,3325,1,1782360692.8423424,0.0019731521606445312
173177,normal,1444,0,1782360692.8447435,0.002401113510131836
173178,normal,1596,0,1782360692.846676,0.0019326210021972656
173179,normal,2623,0,1782360692.8483727,0.0016965866088867188
173180,normal,1830,0,1782360692.8504338,0.002061128616333008
173181,normal,3345,1,1782360692.8523283,0.0018944740295410156
173182,normal,2805,0,1782360692.8542736,0.0019452571868896484
173183,normal,515,0,1782360692.85633,0.0020563602447509766
173184,normal,311,0,1782360692.858344,0.00201416015625
173185,normal,907,2,1782360692.8603601,0.0020160675048828125
173186,normal,1205,0,1782360692.8628726,0.0025124549865722656
173187,normal,731,0,1782360692.8642602,0.0013875961303710938
173188,normal,1036,0,1782360692.8663437,0.0020835399627685547
173189,normal,675,0,1782360692.8683386,0.0019948482513427734
173190,normal,2690,0,1782360692.870343,0.002004384994506836
173191,normal,1031,0,1782360692.8723009,0.0019578933715820312
173192,normal,2981,0,1782360692.8742766,0.0019757747650146484
173193,normal,3430,0,1782360692.8762815,0.002004861831665039
173194,normal,3427,0,1782360692.878273,0.0019915103912353516
173195,normal,1488,0,1782360692.8803098,0.0020368099212646484
173196,normal,703,0,1782360692.8824642,0.0021543502807617188
173197,normal,1529,0,1782360692.88443,0.001965761184692383
173198,normal,3137,1,1782360692.8864484,0.002018451690673828
173199,normal,3382,1,1782360692.888507,0.0020585060119628906
173200,normal,2189,0,1782360692.8904026,0.0018956661224365234
173201,normal,1474,0,1782360692.8924804,0.002077817916870117
173202,normal,454,0,1782360692.8946037,0.0021233558654785156
173203,normal,641,0,1782360692.896466,0.0018622875213623047
173204,normal,1299,0,1782360692.8992453,0.002779245376586914
173205,normal,2275,0,1782360692.9004343,0.0011889934539794922
173206,normal,443,0,1782360692.9024608,0.0020265579223632812
173207,normal,1434,0,1782360692.9045942,0.0021333694458007812
173208,normal,3693,0,1782360692.9066186,0.002024412155151367
173209,normal,2562,0,1782360692.9084818,0.001863241195678711
173210,normal,2976,0,1782360692.9103367,0.0018548965454101562
173211,normal,2696,0,1782360692.9124646,0.0021278858184814453
173212,normal,78,0,1782360692.914305,0.001840353012084961
173213,normal,3472,0,1782360692.9163823,0.002077341079711914
173214,normal,653,0,1782360692.9185982,0.002215862274169922
173215,normal,1349,1,1782360692.9203103,0.0017120838165283203
173216,normal,534,0,1782360692.9224172,0.002106904983520508
173217,normal,1744,0,1782360692.924344,0.0019268989562988281
173218,normal,1876,0,1782360692.9263506,0.00200653076171875
173219,normal,1195,0,1782360692.9285157,0.002165079116821289
173220,normal,3470,0,1782360692.930915,0.002399444580078125
173221,normal,734,0,1782360692.9332883,0.002373218536376953
173222,normal,1556,0,1782360692.9347067,0.0014183521270751953
173223,normal,66,0,1782360692.9364712,0.001764535903930664
173224,normal,1962,0,1782360692.9388263,0.0023550987243652344
173225,normal,2645,0,1782360692.940424,0.0015976428985595703
173226,normal,2666,0,1782360692.9425495,0.0021255016326904297
173227,normal,1102,0,1782360692.9443927,0.0018432140350341797
173228,normal,2531,0,1782360692.9465199,0.0021271705627441406
173229,normal,1898,0,1782360692.9488192,0.0022993087768554688
173230,normal,1925,0,1782360692.9502566,0.0014374256134033203
173231,normal,1287,0,1782360692.9522822,0.002025604248046875
173232,normal,1281,0,1782360692.9542751,0.001992940902709961
173233,normal,1877,0,1782360692.9562726,0.0019974708557128906
173234,normal,446,0,1782360692.95836,0.0020873546600341797
173235,normal,2689,0,1782360692.9605043,0.002144336700439453
173236,normal,2386,0,1782360692.9632442,0.0027399063110351562
173237,normal,1986,0,1782360692.9647238,0.0014796257019042969
173238,normal,748,0,1782360692.9663427,0.0016188621520996094
173239,normal,873,2,1782360692.9683769,0.0020341873168945312
173240,normal,1094,0,1782360692.9704316,0.0020546913146972656
173241,normal,920,2,1782360692.9731927,0.0027611255645751953
173242,normal,3252,1,1782360692.9744952,0.001302480697631836
173243,normal,1329,1,1782360692.9763277,0.0018324851989746094
173244,normal,3141,1,1782360692.9784105,0.00208282470703125
173245,normal,906,2,1782360692.980498,0.0020875930786132812
173246,normal,40,0,1782360692.9823654,0.0018672943115234375
173247,normal,2821,0,1782360692.984514,0.0021486282348632812
173248,normal,1647,0,1782360692.986588,0.002074003219604492
173249,normal,676,0,1782360692.9889693,0.0023813247680664062
173250,normal,35,0,1782360692.990471,0.0015015602111816406
173251,normal,630,0,1782360692.9922414,0.0017704963684082031
173252,normal,240,0,1782360692.994494,0.0022525787353515625
173253,normal,909,2,1782360692.9964688,0.001974821090698242
173254,normal,2797,0,1782360692.9982913,0.0018224716186523438
173255,normal,1809,0,1782360693.0004556,0.0021643638610839844
173256,normal,2252,0,1782360693.0024447,0.001989126205444336
173257,normal,1468,0,1782360693.0044286,0.0019838809967041016
173258,normal,3416,0,1782360693.0066526,0.002223968505859375
173259,normal,1616,0,1782360693.008675,0.0020225048065185547
173260,normal,531,0,1782360693.010429,0.0017538070678710938
173261,normal,2706,0,1782360693.0125217,0.0020928382873535156
173262,normal,3609,0,1782360693.0148232,0.002301454544067383
173263,normal,119,0,1782360693.0165179,0.0016946792602539062
173264,normal,2840,0,1782360693.018648,0.0021300315856933594
173265,normal,1432,0,1782360693.0210223,0.002374410629272461
173266,normal,2408,0,1782360693.0226498,0.0016274452209472656
173267,normal,1054,0,1782360693.0244837,0.0018339157104492188
173268,normal,1621,0,1782360693.0267425,0.002258777618408203
173269,normal,1112,0,1782360693.028895,0.0021524429321289062
173270,normal,2901,0,1782360693.0309784,0.0020835399627685547
173271,normal,2137,0,1782360693.0325224,0.0015439987182617188
173272,normal,2520,0,1782360693.034379,0.0018565654754638672
173273,normal,1273,0,1782360693.0362763,0.0018973350524902344
173274,normal,138,0,1782360693.0383675,0.0020911693572998047
173275,normal,3196,1,1782360693.0404115,0.0020439624786376953
173276,normal,2693,0,1782360693.042336,0.0019245147705078125
173277,normal,1768,0,1782360693.044448,0.0021119117736816406
173278,normal,1385,0,1782360693.0463152,0.0018672943115234375
173279,normal,687,0,1782360693.0484505,0.0021352767944335938
173280,normal,2770,0,1782360693.050396,0.00194549560546875
173281,normal,582,0,1782360693.0524304,0.002034425735473633
173282,normal,2737,0,1782360693.0544403,0.002009868621826172
173283,normal,1942,0,1782360693.0565062,0.002065896987915039
173284,normal,918,2,1782360693.0583808,0.001874685287475586
173285,normal,3566,0,1782360693.0604553,0.0020744800567626953
173286,normal,3601,0,1782360693.0623376,0.001882314682006836
173287,normal,1757,0,1782360693.0644398,0.0021021366119384766
173288,normal,3302,1,1782360693.0663223,0.0018825531005859375
173289,normal,1291,0,1782360693.068559,0.002236604690551758
173290,normal,649,0,1782360693.0703945,0.0018355846405029297
173291,normal,3681,0,1782360693.0724885,0.0020940303802490234
173292,normal,2059,0,1782360693.0747216,0.0022330284118652344
173293,normal,10,0,1782360693.076372,0.0016503334045410156
173294,normal,1037,0,1782360693.0784512,0.0020792484283447266
173295,normal,3583,0,1782360693.080419,0.001967906951904297
173296,normal,1124,0,1782360693.0824764,0.002057313919067383
173297,normal,2262,0,1782360693.0843368,0.0018603801727294922
173298,normal,1078,0,1782360693.0864387,0.002101898193359375
173299,normal,251,0,1782360693.0882962,0.0018575191497802734
173300,normal,2331,0,1782360693.0904334,0.0021371841430664062
173301,normal,1250,0,1782360693.0924542,0.0020208358764648438
173302,normal,2800,0,1782360693.0945694,0.0021152496337890625
173303,normal,1952,0,1782360693.0963473,0.0017778873443603516
173304,normal,1572,0,1782360693.0984588,0.0021114349365234375
173305,normal,179,0,1782360693.1003652,0.0019063949584960938
173306,normal,1491,0,1782360693.10249,0.002124786376953125
173307,normal,696,0,1782360693.1046083,0.002118349075317383
173308,normal,2516,0,1782360693.1063368,0.0017285346984863281
173309,normal,882,2,1782360693.108456,0.0021190643310546875
173310,normal,341,0,1782360693.1105013,0.0020453929901123047
173311,normal,1221,0,1782360693.1124542,0.0019528865814208984
173312,normal,3468,0,1782360693.114508,0.0020537376403808594
173313,normal,56,0,1782360693.116501,0.0019931793212890625
173314,normal,3103,1,1782360693.1183143,0.0018131732940673828
173315,normal,612,0,1782360693.1204464,0.0021321773529052734
173316,normal,2097,0,1782360693.1223779,0.0019314289093017578
173317,normal,2655,0,1782360693.1245918,0.0022139549255371094
173318,normal,1581,0,1782360693.126289,0.0016970634460449219
173319,normal,954,2,1782360693.1284125,0.002123594284057617
173320,normal,2397,0,1782360693.1303058,0.0018932819366455078
173321,normal,498,0,1782360693.132379,0.0020732879638671875
173322,normal,2065,0,1782360693.1344113,0.0020322799682617188
173323,normal,2684,0,1782360693.13692,0.0025086402893066406
173324,normal,2974,0,1782360693.1386914,0.0017714500427246094
173325,normal,2,0,1782360693.1404157,0.0017242431640625
173326,normal,1720,0,1782360693.1424377,0.0020220279693603516
173327,normal,1155,0,1782360693.144593,0.002155303955078125
173328,normal,2135,0,1782360693.1465693,0.0019762516021728516
173329,normal,2927,0,1782360693.1483438,0.0017745494842529297
173330,normal,619,0,1782360693.1504774,0.002133607864379883
173331,normal,2264,0,1782360693.152517,0.002039670944213867
173332,normal,710,0,1782360693.1543763,0.0018591880798339844
173333,normal,1472,0,1782360693.1566296,0.002253293991088867
173334,normal,2342,0,1782360693.1584272,0.0017976760864257812
173335,normal,487,0,1782360693.160318,0.0018906593322753906
173336,normal,3429,0,1782360693.1625009,0.0021829605102539062
173337,normal,3641,0,1782360693.1644568,0.0019559860229492188
173338,normal,959,2,1782360693.1663368,0.0018799304962158203
173339,normal,876,2,1782360693.1684172,0.0020804405212402344
173340,normal,132,0,1782360693.1703913,0.0019741058349609375
173341,normal,1843,0,1782360693.172416,0.0020246505737304688
173342,normal,1737,0,1782360693.1743217,0.001905679702758789
173343,normal,1514,0,1782360693.176483,0.002161264419555664
173344,normal,2630,0,1782360693.1789887,0.002505779266357422
173345,normal,3647,0,1782360693.18071,0.0017213821411132812
173346,normal,2032,0,1782360693.182909,0.002198934555053711
173347,normal,1993,0,1782360693.1847665,0.0018575191497802734
173348,normal,2969,0,1782360693.1862843,0.0015177726745605469
173349,normal,1183,0,1782360693.1884024,0.0021181106567382812
173350,normal,2165,0,1782360693.1909873,0.0025849342346191406
173351,normal,2470,0,1782360693.1925771,0.0015897750854492188
173352,normal,2465,0,1782360693.1948016,0.002224445343017578
173353,normal,2898,0,1782360693.1965508,0.001749277114868164
173354,normal,3683,0,1782360693.1987193,0.002168416976928711
173355,normal,1999,0,1782360693.2005196,0.0018002986907958984
173356,normal,3352,1,1782360693.2023263,0.0018067359924316406
173357,normal,2979,0,1782360693.204594,0.002267599105834961
173358,normal,1585,0,1782360693.2064042,0.001810312271118164
173359,normal,1886,0,1782360693.2084181,0.0020139217376708984
173360,normal,1061,0,1782360693.2103424,0.001924276351928711
173361,normal,1438,0,1782360693.2124453,0.0021028518676757812
173362,normal,3508,0,1782360693.2142668,0.0018215179443359375
173363,normal,2933,0,1782360693.21679,0.002523183822631836
173364,normal,395,0,1782360693.218475,0.0016851425170898438
173365,normal,1136,0,1782360693.2204382,0.0019631385803222656
173366,normal,2492,0,1782360693.2227705,0.0023322105407714844
173367,normal,1849,0,1782360693.2246146,0.001844167709350586
173368,normal,2066,0,1782360693.2265854,0.0019707679748535156
173369,normal,1202,0,1782360693.2286227,0.0020372867584228516
173370,normal,1097,0,1782360693.2304358,0.0018131732940673828
173371,normal,2629,0,1782360693.2328007,0.0023648738861083984
173372,normal,325,0,1782360693.2346485,0.0018477439880371094
173373,normal,922,2,1782360693.2368386,0.002190113067626953
173374,normal,2276,0,1782360693.2383919,0.0015532970428466797
173375,normal,2758,0,1782360693.240969,0.002577066421508789
173376,normal,3295,1,1782360693.2428656,0.0018966197967529297
173377,normal,3061,1,1782360693.2444587,0.0015931129455566406
173378,normal,2743,0,1782360693.2464392,0.0019805431365966797
173379,normal,285,0,1782360693.2485957,0.002156496047973633
173380,normal,41,0,1782360693.2503512,0.0017554759979248047
173381,normal,1052,0,1782360693.2526274,0.002276182174682617
173382,normal,3634,0,1782360693.254563,0.001935720443725586
173383,normal,1503,0,1782360693.2564833,0.0019202232360839844
173384,normal,1994,0,1782360693.258373,0.0018897056579589844
173385,normal,3142,1,1782360693.2606,0.0022270679473876953
173386,normal,2806,0,1782360693.2625546,0.0019545555114746094
173387,normal,2544,0,1782360693.2645664,0.0020117759704589844
173388,normal,852,2,1782360693.2666297,0.002063274383544922
173389,normal,1098,0,1782360693.2684283,0.0017986297607421875
173390,normal,3492,0,1782360693.2705317,0.0021033287048339844
173391,normal,3690,0,1782360693.2724767,0.0019450187683105469
173392,normal,708,0,1782360693.2744727,0.0019960403442382812
173393,normal,914,2,1782360693.276531,0.002058267593383789
173394,normal,1043,0,1782360693.2788117,0.002280712127685547
173395,normal,2478,0,1782360693.2805026,0.0016908645629882812
173396,normal,1459,0,1782360693.28258,0.002077341079711914
173397,normal,2488,0,1782360693.2845926,0.0020127296447753906
173398,normal,2044,0,1782360693.2865155,0.0019228458404541016
173399,normal,507,0,1782360693.288405,0.0018894672393798828
173400,normal,271,0,1782360693.2906508,0.0022459030151367188
173401,normal,3255,1,1782360693.2923899,0.0017390251159667969
173402,normal,2664,0,1782360693.2945192,0.0021293163299560547
173403,normal,2583,0,1782360693.296507,0.0019876956939697266
173404,normal,2766,0,1782360693.2984595,0.0019526481628417969
173405,normal,3038,0,1782360693.3003497,0.0018901824951171875
173406,normal,3556,0,1782360693.3027482,0.0023984909057617188
173407,normal,2040,0,1782360693.3044982,0.0017499923706054688
173408,normal,613,0,1782360693.3065329,0.0020346641540527344
173409,normal,2357,0,1782360693.308606,0.002073049545288086
173410,normal,2722,0,1782360693.3105414,0.0019354820251464844
173411,normal,3351,1,1782360693.312595,0.002053499221801758
173412,normal,3676,0,1782360693.3147578,0.002162933349609375
173413,normal,3122,1,1782360693.3163908,0.0016329288482666016
173414,normal,1543,0,1782360693.3188946,0.0025038719177246094
173415,normal,265,0,1782360693.3204987,0.0016040802001953125
173416,normal,562,0,1782360693.3225088,0.0020101070404052734
173417,normal,129,0,1782360693.3245022,0.001993417739868164
173418,normal,1562,0,1782360693.3265874,0.0020852088928222656
173419,normal,3646,0,1782360693.3284736,0.001886129379272461
173420,normal,59,0,1782360693.3304925,0.0020189285278320312
173421,normal,3341,1,1782360693.3328,0.002307415008544922
173422,normal,3577,0,1782360693.3344748,0.0016748905181884766
173423,normal,546,0,1782360693.3364415,0.001966714859008789
173424,normal,3687,0,1782360693.3384793,0.0020377635955810547
173425,normal,2866,0,1782360693.3404405,0.001961231231689453
173426,normal,27,0,1782360693.3425975,0.002156972885131836
173427,normal,985,2,1782360693.3444848,0.0018873214721679688
173428,normal,2527,0,1782360693.3468304,0.002345561981201172
173429,normal,1749,0,1782360693.3484557,0.0016252994537353516
173430,normal,1531,0,1782360693.3504853,0.0020296573638916016
173431,normal,2473,0,1782360693.3528738,0.002388477325439453
173432,normal,2965,0,1782360693.3543591,0.0014853477478027344
173433,normal,2692,0,1782360693.3567393,0.0023801326751708984
173434,normal,2029,0,1782360693.3584075,0.0016682147979736328
173435,normal,1277,0,1782360693.3605833,0.0021758079528808594
173436,normal,2234,0,1782360693.3625214,0.0019381046295166016
173437,normal,473,0,1782360693.364524,0.0020024776458740234
173438,normal,3496,0,1782360693.3667517,0.002227783203125
173439,normal,1981,0,1782360693.3684044,0.0016527175903320312
173440,normal,1724,0,1782360693.3704545,0.002050161361694336
173441,normal,1342,1,1782360693.3724937,0.002039194107055664
173442,normal,874,2,1782360693.3747725,0.0022788047790527344
173443,normal,1092,0,1782360693.3763635,0.0015909671783447266
173444,normal,1648,0,1782360693.3785872,0.0022237300872802734
173445,normal,261,0,1782360693.380379,0.0017917156219482422
173446,normal,3526,0,1782360693.3825796,0.002200603485107422
173447,normal,3395,1,1782360693.384451,0.001871347427368164
173448,normal,1073,0,1782360693.38659,0.0021390914916992188
173449,normal,2964,0,1782360693.3884864,0.0018963813781738281
173450,normal,2750,0,1782360693.3905802,0.002093791961669922
173451,normal,3273,1,1782360693.39292,0.0023398399353027344
173452,normal,2274,0,1782360728.5064118,0.0
173453,normal,2639,0,1782360728.508525,0.0021131038665771484
173454,normal,3090,1,1782360728.5106509,0.002125978469848633
173455,normal,1287,0,1782360728.512367,0.0017161369323730469
173456,normal,663,0,1782360728.5143805,0.0020134449005126953
173457,normal,1686,0,1782360728.516521,0.002140522003173828
173458,normal,1672,0,1782360728.5183756,0.0018546581268310547
173459,normal,993,2,1782360728.5203826,0.002007007598876953
173460,normal,1832,0,1782360728.5223463,0.0019636154174804688
173461,normal,2806,0,1782360728.5244582,0.0021119117736816406
173462,normal,606,0,1782360728.5265322,0.002074003219604492
173463,normal,1423,0,1782360728.5285323,0.002000093460083008
173464,normal,1933,0,1782360728.5304937,0.0019614696502685547
173465,normal,3697,0,1782360728.532493,0.001999378204345703
173466,normal,1824,0,1782360728.5345397,0.0020465850830078125
173467,normal,3642,0,1782360728.536505,0.0019652843475341797
173468,normal,2983,0,1782360728.538804,0.002299070358276367
173469,normal,2020,0,1782360728.5405698,0.0017657279968261719
173470,normal,2551,0,1782360728.542523,0.001953125
173471,normal,3386,1,1782360728.5446978,0.002174854278564453
173472,normal,2432,0,1782360728.5464392,0.0017414093017578125
173473,normal,343,0,1782360728.5485907,0.0021514892578125
173474,normal,155,0,1782360728.5507374,0.0021467208862304688
173475,normal,737,0,1782360728.5525007,0.0017633438110351562
173476,normal,1132,0,1782360728.5546968,0.002196073532104492
173477,normal,2925,0,1782360728.55651,0.0018131732940673828
173478,normal,508,0,1782360728.5584536,0.0019435882568359375
173479,normal,1693,0,1782360728.5608156,0.0023620128631591797
173480,normal,859,2,1782360728.562473,0.0016574859619140625
173481,normal,525,0,1782360728.564583,0.002110004425048828
173482,normal,3687,0,1782360728.5664485,0.001865386962890625
173483,normal,3553,0,1782360728.5687652,0.002316713333129883
173484,normal,847,2,1782360728.5704436,0.001678466796875
173485,normal,900,2,1782360728.572876,0.0024323463439941406
173486,normal,3041,0,1782360728.574656,0.0017800331115722656
173487,normal,418,0,1782360728.5764272,0.0017712116241455078
173488,normal,305,0,1782360728.5787203,0.002293109893798828
173489,normal,2285,0,1782360728.5804205,0.0017001628875732422
173490,normal,417,0,1782360728.5827253,0.0023047924041748047
173491,normal,2415,0,1782360728.5844915,0.001766204833984375
173492,normal,2677,0,1782360728.586775,0.0022835731506347656
173493,normal,1375,1,1782360728.58876,0.001984834671020508
173494,normal,3601,0,1782360728.5904932,0.0017333030700683594
173495,normal,3248,1,1782360728.5927463,0.0022530555725097656
173496,normal,710,0,1782360728.5945938,0.0018475055694580078
173497,normal,2226,0,1782360728.5964391,0.0018453598022460938
173498,normal,394,0,1782360728.598708,0.0022687911987304688
173499,normal,1421,0,1782360728.6005034,0.0017955303192138672
173500,normal,8,0,1782360728.6024668,0.001963376998901367
173501,normal,3038,0,1782360728.6044712,0.002004384994506836
173502,normal,310,0,1782360728.6067061,0.002234935760498047
173503,normal,996,2,1782360728.6084518,0.0017457008361816406
173504,normal,1234,0,1782360728.6107347,0.002282857894897461
173505,normal,3537,0,1782360728.6125276,0.00179290771484375
173506,normal,3288,1,1782360728.6144514,0.0019237995147705078
173507,normal,2922,0,1782360728.616715,0.0022635459899902344
173508,normal,747,0,1782360728.6185465,0.0018315315246582031
173509,normal,2012,0,1782360728.6204405,0.0018939971923828125
173510,normal,1702,0,1782360728.6226997,0.0022592544555664062
173511,normal,1384,0,1782360728.6244965,0.001796722412109375
173512,normal,2880,0,1782360728.6264617,0.0019652843475341797
173513,normal,2776,0,1782360728.6287267,0.0022649765014648438
173514,normal,2154,0,1782360728.6305697,0.0018429756164550781
173515,normal,307,0,1782360728.6324406,0.001870870590209961
173516,normal,2300,0,1782360728.6347232,0.0022826194763183594
173517,normal,2459,0,1782360728.6365016,0.0017783641815185547
173518,normal,1193,0,1782360728.6384592,0.0019576549530029297
173519,normal,3088,1,1782360728.6407373,0.0022780895233154297
173520,normal,3359,1,1782360728.6425357,0.001798391342163086
173521,normal,315,0,1782360728.6444705,0.0019347667694091797
173522,normal,1548,0,1782360728.6468549,0.0023844242095947266
173523,normal,2574,0,1782360728.6484733,0.0016183853149414062
173524,normal,2031,0,1782360728.6508117,0.002338409423828125
173525,normal,1121,0,1782360728.6526332,0.0018215179443359375
173526,normal,474,0,1782360728.6546354,0.002002239227294922
173527,normal,2867,0,1782360728.6566448,0.0020093917846679688
173528,normal,348,0,1782360728.658615,0.0019702911376953125
173529,normal,423,0,1782360728.660482,0.0018668174743652344
173530,normal,3691,0,1782360728.6627696,0.002287626266479492
173531,normal,2572,0,1782360728.664518,0.0017485618591308594
173532,normal,2910,0,1782360728.6664765,0.0019583702087402344
173533,normal,3095,1,1782360728.668659,0.002182483673095703
173534,normal,701,0,1782360728.6706405,0.001981496810913086
173535,normal,3328,1,1782360728.6724806,0.0018401145935058594
173536,normal,2741,0,1782360728.6744385,0.0019578933715820312
173537,normal,1568,0,1782360728.6767457,0.0023071765899658203
173538,normal,609,0,1782360728.6784575,0.0017118453979492188
173539,normal,3369,1,1782360728.6807063,0.0022487640380859375
173540,normal,1219,0,1782360728.6825016,0.0017952919006347656
173541,normal,845,2,1782360728.6846354,0.0021338462829589844
173542,normal,1814,0,1782360728.6864376,0.001802206039428711
173543,normal,620,0,1782360728.6887538,0.0023162364959716797
173544,normal,1334,1,1782360728.6904523,0.0016984939575195312
173545,normal,677,0,1782360728.6927311,0.0022788047790527344
173546,normal,1049,0,1782360728.6944964,0.0017652511596679688
173547,normal,341,0,1782360728.6964738,0.0019774436950683594
173548,normal,1705,0,1782360728.6984463,0.0019724369049072266
173549,normal,1542,0,1782360728.700439,0.0019927024841308594
173550,normal,2779,0,1782360728.7027633,0.002324342727661133
173551,normal,3411,0,1782360728.7044559,0.0016925334930419922
173552,normal,3120,1,1782360728.7067788,0.0023229122161865234
173553,normal,1469,0,1782360728.7085433,0.001764535903930664
173554,normal,3031,0,1782360728.7103794,0.0018360614776611328
173555,normal,353,0,1782360728.7124865,0.0021071434020996094
173556,normal,1351,1,1782360728.7145085,0.0020220279693603516
173557,normal,1103,0,1782360728.7164533,0.0019447803497314453
173558,normal,3236,1,1782360728.7187757,0.0023224353790283203
173559,normal,1740,0,1782360728.7203906,0.0016148090362548828
173560,normal,2628,0,1782360728.7227387,0.002348184585571289
173561,normal,3440,0,1782360728.7243826,0.0016438961029052734
173562,normal,486,0,1782360728.7264307,0.002048015594482422
173563,normal,3099,1,1782360728.728455,0.002024412155151367
173564,normal,337,0,1782360728.730397,0.0019419193267822266
173565,normal,3443,0,1782360728.7327087,0.00231170654296875
173566,normal,816,2,1782360728.7343805,0.0016717910766601562
173567,normal,3645,0,1782360728.736456,0.0020754337310791016
173568,normal,3084,1,1782360728.738371,0.00191497802734375
173569,normal,117,0,1782360728.74074,0.0023691654205322266
173570,normal,3335,1,1782360728.7423792,0.0016391277313232422
173571,normal,3140,1,1782360728.744492,0.002112865447998047
173572,normal,3640,0,1782360728.746451,0.0019588470458984375
173573,normal,636,0,1782360728.7488587,0.0024077892303466797
173574,normal,419,0,1782360728.7504816,0.001622915267944336
173575,normal,2698,0,1782360728.7527714,0.0022897720336914062
173576,normal,2820,0,1782360728.7545314,0.0017600059509277344
173577,normal,2498,0,1782360728.7567034,0.0021719932556152344
173578,normal,2765,0,1782360728.7584388,0.0017354488372802734
173579,normal,2555,0,1782360728.7607365,0.002297639846801758
173580,normal,2053,0,1782360728.7626238,0.0018873214721679688
173581,normal,2557,0,1782360728.7644506,0.0018267631530761719
173582,normal,2022,0,1782360728.7667787,0.002328157424926758
173583,normal,2805,0,1782360728.768545,0.001766204833984375
173584,normal,2055,0,1782360728.7706323,0.0020873546600341797
173585,normal,410,0,1782360728.772471,0.00183868408203125
173586,normal,523,0,1782360728.7746422,0.0021712779998779297
173587,normal,3048,1,1782360728.7764459,0.0018036365509033203
173588,normal,1595,0,1782360728.7786317,0.002185821533203125
173589,normal,2682,0,1782360728.7804801,0.001848459243774414
173590,normal,1980,0,1782360728.782451,0.0019707679748535156
173591,normal,3627,0,1782360728.784782,0.0023310184478759766
173592,normal,944,2,1782360728.786751,0.0019690990447998047
173593,normal,2890,0,1782360728.788442,0.0016908645629882812
173594,normal,2575,0,1782360728.7907522,0.0023102760314941406
173595,normal,3310,1,1782360728.792625,0.0018727779388427734
173596,normal,2652,0,1782360728.7944593,0.0018343925476074219
173597,normal,2430,0,1782360728.7968028,0.002343416213989258
173598,normal,562,0,1782360728.7985249,0.001722097396850586
173599,normal,1905,0,1782360728.8004763,0.001951456069946289
173600,normal,1611,0,1782360728.8026443,0.002167940139770508
173601,normal,2504,0,1782360728.804615,0.0019707679748535156
173602,normal,655,0,1782360728.8064406,0.001825571060180664
173603,normal,3070,1,1782360728.8086379,0.002197265625
173604,normal,1119,0,1782360728.8105946,0.0019567012786865234
173605,normal,3272,1,1782360728.812442,0.0018475055694580078
173606,normal,97,0,1782360728.8146405,0.002198457717895508
173607,normal,3641,0,1782360728.8166127,0.001972198486328125
173608,normal,3309,1,1782360728.8184474,0.0018346309661865234
173609,normal,1972,0,1782360728.8206487,0.0022013187408447266
173610,normal,1397,0,1782360728.8225183,0.0018696784973144531
173611,normal,424,0,1782360728.824437,0.0019185543060302734
173612,normal,1243,0,1782360728.826651,0.002214193344116211
173613,normal,3625,0,1782360728.8284938,0.0018427371978759766
173614,normal,1036,0,1782360728.8304386,0.0019447803497314453
173615,normal,2069,0,1782360728.8326397,0.002201080322265625
173616,normal,463,0,1782360728.8344736,0.0018339157104492188
173617,normal,2485,0,1782360728.8364365,0.001962900161743164
173618,normal,1861,0,1782360728.838813,0.002376556396484375
173619,normal,1752,0,1782360728.8406193,0.0018062591552734375
173620,normal,1303,0,1782360728.8424828,0.0018634796142578125
173621,normal,197,0,1782360728.8449035,0.002420663833618164
173622,normal,1800,0,1782360728.8467379,0.0018343925476074219
173623,normal,800,2,1782360728.8486338,0.001895904541015625
173624,normal,557,0,1782360728.85092,0.002286195755004883
173625,normal,1195,0,1782360728.8525052,0.001585245132446289
173626,normal,3556,0,1782360728.8546982,0.002192974090576172
173627,normal,2253,0,1782360728.8565857,0.0018875598907470703
173628,normal,2281,0,1782360728.858808,0.002222299575805664
173629,normal,3497,0,1782360728.8604734,0.001665353775024414
173630,normal,672,0,1782360728.8628416,0.0023682117462158203
173631,normal,1141,0,1782360728.8644998,0.0016582012176513672
173632,normal,1319,1,1782360728.8668294,0.002329587936401367
173633,normal,109,0,1782360728.8688998,0.0020704269409179688
173634,normal,3219,1,1782360728.8705099,0.0016100406646728516
173635,normal,2884,0,1782360728.872848,0.0023381710052490234
173636,normal,1634,0,1782360728.87472,0.0018720626831054688
173637,normal,2148,0,1782360728.8767426,0.0020225048065185547
173638,normal,913,2,1782360728.878637,0.0018944740295410156
173639,normal,2039,0,1782360728.8809114,0.0022742748260498047
173640,normal,2105,0,1782360728.8825097,0.001598358154296875
173641,normal,3030,0,1782360728.8848145,0.0023047924041748047
173642,normal,2241,0,1782360728.8867176,0.0019030570983886719
173643,normal,3669,0,1782360728.8887298,0.0020122528076171875
173644,normal,2120,0,1782360728.8906393,0.001909494400024414
173645,normal,1184,0,1782360728.8928514,0.002212047576904297
173646,normal,2081,0,1782360728.8946462,0.0017948150634765625
173647,normal,3648,0,1782360728.8966389,0.0019927024841308594
173648,normal,443,0,1782360728.8989227,0.002283811569213867
173649,normal,2094,0,1782360728.9005184,0.0015957355499267578
173650,normal,1019,2,1782360728.9028385,0.0023200511932373047
173651,normal,3433,0,1782360728.904729,0.001890420913696289
173652,normal,322,0,1782360728.9067476,0.0020186901092529297
173653,normal,2335,0,1782360728.9086428,0.0018951892852783203
173654,normal,2377,0,1782360728.9109251,0.002282381057739258
173655,normal,35,0,1782360728.912506,0.001580953598022461
173656,normal,3194,1,1782360728.9148393,0.0023331642150878906
173657,normal,2400,0,1782360728.9167283,0.0018889904022216797
173658,normal,2246,0,1782360728.9187453,0.0020170211791992188
173659,normal,2764,0,1782360728.9206455,0.0019001960754394531
173660,normal,1317,0,1782360728.9229257,0.0022802352905273438
173661,normal,2030,0,1782360728.9245074,0.0015816688537597656
173662,normal,3587,0,1782360728.926719,0.0022115707397460938
173663,normal,3113,1,1782360728.9287288,0.002009868621826172
173664,normal,776,2,1782360728.9307466,0.0020177364349365234
173665,normal,1266,0,1782360728.9326406,0.0018939971923828125
173666,normal,2549,0,1782360728.9348528,0.0022122859954833984
173667,normal,3215,1,1782360728.9366202,0.0017673969268798828
173668,normal,91,0,1782360728.9386332,0.002012968063354492
173669,normal,2913,0,1782360728.94074,0.002106904983520508
173670,normal,952,2,1782360728.9428413,0.0021011829376220703
173671,normal,2235,0,1782360728.9444838,0.001642465591430664
173672,normal,1052,0,1782360728.9469416,0.002457857131958008
173673,normal,1621,0,1782360728.9485078,0.001566171646118164
173674,normal,787,2,1782360728.950841,0.0023331642150878906
173675,normal,3097,1,1782360728.9527273,0.0018863677978515625
173676,normal,1101,0,1782360728.954748,0.002020597457885742
173677,normal,689,0,1782360728.9566433,0.0018954277038574219
173678,normal,2042,0,1782360728.9589386,0.002295255661010742
173679,normal,3350,1,1782360728.9604864,0.0015478134155273438
173680,normal,696,0,1782360728.9628475,0.0023610591888427734
173681,normal,235,0,1782360728.9647303,0.001882791519165039
173682,normal,711,0,1782360728.9668307,0.0021004676818847656
173683,normal,369,0,1782360728.968651,0.0018203258514404297
173684,normal,499,0,1782360728.9707375,0.0020864009857177734
173685,normal,2429,0,1782360728.9726095,0.0018720626831054688
173686,normal,363,0,1782360728.9746368,0.002027273178100586
173687,normal,1490,0,1782360728.9769201,0.002283334732055664
173688,normal,2888,0,1782360728.9785123,0.0015921592712402344
173689,normal,1771,0,1782360728.9808424,0.0023300647735595703
173690,normal,3607,0,1782360728.9827356,0.0018932819366455078
173691,normal,1753,0,1782360728.9846087,0.001873016357421875
173692,normal,275,0,1782360728.9867468,0.0021381378173828125
173693,normal,2603,0,1782360728.9887605,0.002013683319091797
173694,normal,1892,0,1782360728.9908395,0.002079010009765625
173695,normal,1940,0,1782360728.9924965,0.0016570091247558594
173696,normal,1658,0,1782360728.994946,0.002449512481689453
173697,normal,1779,0,1782360728.9965088,0.0015628337860107422
173698,normal,1456,0,1782360728.998843,0.002334117889404297
173699,normal,2523,0,1782360729.000649,0.001806020736694336
173700,normal,2521,0,1782360729.0027225,0.002073526382446289
173701,normal,2469,0,1782360729.0046287,0.0019061565399169922
173702,normal,2342,0,1782360729.0069635,0.0023348331451416016
173703,normal,3059,1,1782360729.0094256,0.002462148666381836
173704,normal,206,0,1782360729.0103989,0.0009732246398925781
173705,normal,2525,0,1782360729.0124724,0.002073526382446289
173706,normal,537,0,1782360729.0144534,0.001981019973754883
173707,normal,3659,0,1782360729.0164025,0.0019490718841552734
173708,normal,294,0,1782360729.0184445,0.002042055130004883
173709,normal,1956,0,1782360729.0205379,0.0020933151245117188
173710,normal,3432,0,1782360729.0225244,0.0019865036010742188
173711,normal,3459,0,1782360729.0244954,0.001971006393432617
173712,normal,2234,0,1782360729.0268235,0.002328157424926758
173713,normal,1628,0,1782360729.028803,0.0019795894622802734
173714,normal,3357,1,1782360729.0309262,0.002123117446899414
173715,normal,1150,0,1782360729.0324419,0.0015156269073486328
173716,normal,2986,0,1782360729.034349,0.0019071102142333984
173717,normal,648,0,1782360729.036539,0.002190113067626953
173718,normal,886,2,1782360729.0384476,0.0019085407257080078
173719,normal,3594,0,1782360729.0405784,0.002130746841430664
173720,normal,326,0,1782360729.0424182,0.0018398761749267578
173721,normal,2444,0,1782360729.0446374,0.0022192001342773438
173722,normal,490,0,1782360729.0464807,0.0018432140350341797
173723,normal,1573,0,1782360729.048646,0.0021653175354003906
173724,normal,2524,0,1782360729.050394,0.0017480850219726562
173725,normal,55,0,1782360729.0526457,0.0022516250610351562
173726,normal,990,2,1782360729.0544145,0.0017688274383544922
173727,normal,2694,0,1782360729.0565913,0.0021767616271972656
173728,normal,2098,0,1782360729.058376,0.0017848014831542969
173729,normal,3474,0,1782360729.0605066,0.0021305084228515625
173730,normal,303,0,1782360729.0624027,0.0018961429595947266
173731,normal,3336,1,1782360729.0648146,0.0024118423461914062
173732,normal,1782,0,1782360729.0664835,0.0016689300537109375
173733,normal,1225,0,1782360729.0683975,0.0019140243530273438
173734,normal,2301,0,1782360729.0706558,0.00225830078125
173735,normal,1102,0,1782360729.0724285,0.0017726421356201172
173736,normal,731,0,1782360729.0744972,0.002068758010864258
173737,normal,338,0,1782360729.0764194,0.0019221305847167969
173738,normal,3150,1,1782360729.0786157,0.0021963119506835938
173739,normal,152,0,1782360729.0805016,0.0018858909606933594
173740,normal,1187,0,1782360729.0824864,0.001984834671020508
173741,normal,1744,0,1782360729.084704,0.002217531204223633
173742,normal,784,2,1782360729.0866532,0.001949310302734375
173743,normal,2678,0,1782360729.088505,0.001851797103881836
173744,normal,1923,0,1782360729.0906103,0.002105236053466797
173745,normal,2192,0,1782360729.0924292,0.0018188953399658203
173746,normal,1994,0,1782360729.0944684,0.002039194107055664
173747,normal,452,0,1782360729.096616,0.002147674560546875
173748,normal,2948,0,1782360729.0983505,0.0017344951629638672
173749,normal,3535,0,1782360729.1004677,0.002117156982421875
173750,normal,556,0,1782360729.1026087,0.0021409988403320312
173751,normal,3439,0,1782360729.1046124,0.0020036697387695312
173752,normal,2619,0,1782360729.1063588,0.0017464160919189453
173753,normal,1332,1,1782360729.1085799,0.0022211074829101562
173754,normal,332,0,1782360729.1103864,0.001806497573852539
173755,normal,482,0,1782360729.11258,0.0021936893463134766
173756,normal,225,0,1782360729.114947,0.0023670196533203125
173757,normal,3207,1,1782360729.1166935,0.0017464160919189453
173758,normal,1935,0,1782360729.1184168,0.0017232894897460938
173759,normal,1919,0,1782360729.120489,0.0020720958709716797
173760,normal,3210,1,1782360729.1223702,0.0018813610076904297
173761,normal,947,2,1782360729.1244936,0.0021233558654785156
173762,normal,1031,0,1782360729.1267495,0.0022559165954589844
173763,normal,1650,0,1782360729.1284413,0.0016918182373046875
173764,normal,1420,0,1782360729.1303508,0.001909494400024414
173765,normal,3423,0,1782360729.1326163,0.002265453338623047
173766,normal,1530,0,1782360729.1344936,0.0018773078918457031
173767,normal,766,0,1782360729.136437,0.001943349838256836
173768,normal,73,0,1782360729.1386557,0.0022187232971191406
173769,normal,2650,0,1782360729.14053,0.0018744468688964844
173770,normal,1597,0,1782360729.1424048,0.001874685287475586
173771,normal,2692,0,1782360729.1448333,0.0024285316467285156
173772,normal,2121,0,1782360729.1470847,0.0022513866424560547
173773,normal,3021,0,1782360729.1485202,0.0014355182647705078
173774,normal,2803,0,1782360729.1504884,0.0019681453704833984
173775,normal,2715,0,1782360729.152495,0.00200653076171875
173776,normal,2616,0,1782360729.1544979,0.0020029544830322266
173777,normal,2959,0,1782360729.1567035,0.0022056102752685547
173778,normal,1553,0,1782360729.158638,0.0019345283508300781
173779,normal,1835,0,1782360729.1605434,0.0019054412841796875
173780,normal,498,0,1782360729.1625035,0.0019600391387939453
173781,normal,2063,0,1782360729.1648374,0.0023338794708251953
173782,normal,2898,0,1782360729.1667173,0.0018799304962158203
173783,normal,1498,0,1782360729.1684675,0.0017502307891845703
173784,normal,895,2,1782360729.1703596,0.00189208984375
173785,normal,2417,0,1782360729.1724267,0.002067089080810547
173786,normal,924,2,1782360729.1746302,0.0022034645080566406
173787,normal,1300,0,1782360729.1764016,0.0017714500427246094
173788,normal,1829,0,1782360729.1784866,0.002084970474243164
173789,normal,2339,0,1782360729.1804795,0.001992940902709961
173790,normal,542,0,1782360729.182418,0.0019385814666748047
173791,normal,1612,0,1782360729.1845808,0.0021626949310302734
173792,normal,3146,1,1782360729.1864474,0.0018665790557861328
173793,normal,163,0,1782360729.1884763,0.002028942108154297
173794,normal,2729,0,1782360729.190387,0.0019106864929199219
173795,normal,3530,0,1782360729.1925442,0.0021572113037109375
173796,normal,1999,0,1782360729.1944761,0.001931905746459961
173797,normal,1493,0,1782360729.1964834,0.0020072460174560547
173798,normal,1798,0,1782360729.1984634,0.0019800662994384766
173799,normal,184,0,1782360729.2003906,0.0019271373748779297
173800,normal,3496,0,1782360729.2025237,0.0021331310272216797
173801,normal,1894,0,1782360729.204402,0.0018782615661621094
173802,normal,2934,0,1782360729.2065165,0.002114534378051758
173803,normal,2638,0,1782360729.2084045,0.0018880367279052734
173804,normal,1462,0,1782360729.2105663,0.002161741256713867
173805,normal,880,2,1782360729.2123961,0.0018298625946044922
173806,normal,1236,0,1782360729.2144969,0.002100706100463867
173807,normal,1451,0,1782360729.2166219,0.0021250247955322266
173808,normal,1953,0,1782360729.2184937,0.0018718242645263672
173809,normal,2507,0,1782360729.2205076,0.0020139217376708984
173810,normal,83,0,1782360729.2228618,0.002354145050048828
173811,normal,2407,0,1782360729.2244968,0.0016350746154785156
173812,normal,3576,0,1782360729.2264745,0.001977682113647461
173813,normal,2391,0,1782360729.2286973,0.002222776412963867
173814,normal,440,0,1782360729.2303631,0.0016658306121826172
173815,normal,971,2,1782360729.2325888,0.002225637435913086
173816,normal,1043,0,1782360729.2343895,0.0018007755279541016
173817,normal,3557,0,1782360729.2366083,0.0022187232971191406
173818,normal,2752,0,1782360729.2385054,0.0018970966339111328
173819,normal,1697,0,1782360729.2406492,0.00214385986328125
173820,normal,2209,0,1782360729.2424626,0.0018134117126464844
173821,normal,3349,1,1782360729.2445848,0.002122163772583008
173822,normal,3344,1,1782360729.246591,0.0020062923431396484
173823,normal,1904,0,1782360729.2484443,0.0018532276153564453
173824,normal,412,0,1782360729.2505794,0.002135038375854492
173825,normal,3047,1,1782360729.2525942,0.0020148754119873047
173826,normal,295,0,1782360729.2543585,0.0017642974853515625
173827,normal,2862,0,1782360729.2565835,0.0022249221801757812
173828,normal,3013,0,1782360729.2583911,0.0018076896667480469
173829,normal,773,2,1782360729.2606363,0.002245187759399414
173830,normal,2641,0,1782360729.2623928,0.001756429672241211
173831,normal,1583,0,1782360729.2645924,0.0021996498107910156
173832,normal,853,2,1782360729.2666974,0.0021049976348876953
173833,normal,3541,0,1782360729.2683616,0.0016641616821289062
173834,normal,2770,0,1782360729.2704484,0.0020868778228759766
173835,normal,850,2,1782360729.2726429,0.0021944046020507812
173836,normal,889,2,1782360729.2746418,0.0019989013671875
173837,normal,1755,0,1782360729.2763863,0.0017445087432861328
173838,normal,3672,0,1782360729.2784514,0.0020651817321777344
173839,normal,2891,0,1782360729.2803578,0.0019063949584960938
173840,normal,1484,0,1782360729.2824955,0.0021376609802246094
173841,normal,2168,0,1782360729.2844648,0.0019693374633789062
173842,normal,1322,1,1782360729.286505,0.0020401477813720703
173843,normal,2746,0,1782360729.2886345,0.0021295547485351562
173844,normal,1712,0,1782360729.290369,0.0017344951629638672
173845,normal,2322,0,1782360729.292614,0.0022449493408203125
173846,normal,868,2,1782360729.2944288,0.0018148422241210938
173847,normal,763,0,1782360729.296624,0.002195119857788086
173848,normal,3633,0,1782360729.2984364,0.0018124580383300781
173849,normal,1288,0,1782360729.3005376,0.0021011829376220703
173850,normal,3376,1,1782360729.3023796,0.0018420219421386719
173851,normal,3683,0,1782360729.3047047,0.0023250579833984375
173852,normal,3494,0,1782360729.3069186,0.0022139549255371094
173853,normal,139,0,1782360729.3084776,0.0015590190887451172
173854,normal,750,0,1782360729.3103561,0.001878499984741211
173855,normal,2078,0,1782360729.3124635,0.002107381820678711
173856,normal,1993,0,1782360729.3144689,0.002005338668823242
173857,normal,448,0,1782360729.3164253,0.001956462860107422
173858,normal,1485,0,1782360729.3185892,0.0021638870239257812
173859,normal,270,0,1782360729.3205671,0.0019779205322265625
173860,normal,1395,0,1782360729.3225067,0.001939535140991211
173861,normal,1290,0,1782360729.3245003,0.0019936561584472656
173862,normal,36,0,1782360729.326594,0.002093791961669922
173863,normal,3037,0,1782360729.328565,0.0019707679748535156
173864,normal,71,0,1782360729.330369,0.0018041133880615234
173865,normal,3143,1,1782360729.3324902,0.0021212100982666016
173866,normal,532,0,1782360729.334393,0.0019028186798095703
173867,normal,1089,0,1782360729.336514,0.0021209716796875
173868,normal,583,0,1782360729.338412,0.001898050308227539
173869,normal,3532,0,1782360729.3406327,0.002220630645751953
173870,normal,199,0,1782360729.3424957,0.0018630027770996094
173871,normal,1895,0,1782360729.344603,0.002107381820678711
173872,normal,224,0,1782360729.3465464,0.001943349838256836
173873,normal,378,0,1782360729.348651,0.002104520797729492
173874,normal,3354,1,1782360729.3504598,0.0018088817596435547
173875,normal,396,0,1782360729.352559,0.002099275588989258
173876,normal,967,2,1782360729.3545606,0.002001523971557617
173877,normal,3546,0,1782360729.3564832,0.001922607421875
173878,normal,3579,0,1782360729.3585172,0.0020339488983154297
173879,normal,3263,1,1782360729.360636,0.002118825912475586
173880,normal,1855,0,1782360729.3626378,0.0020017623901367188
173881,normal,1973,0,1782360729.3644445,0.0018067359924316406
173882,normal,1664,0,1782360729.3666406,0.002196073532104492
173883,normal,2848,0,1782360729.3684766,0.0018360614776611328
173884,normal,1642,0,1782360729.3706381,0.0021615028381347656
173885,normal,265,0,1782360729.3725836,0.00194549560546875
173886,normal,2768,0,1782360729.374628,0.0020444393157958984
173887,normal,2826,0,1782360729.3765082,0.0018801689147949219
173888,normal,1435,0,1782360729.378621,0.002112865447998047
173889,normal,3135,1,1782360729.3806336,0.002012491226196289
173890,normal,2320,0,1782360729.3825626,0.0019290447235107422
173891,normal,2230,0,1782360729.384885,0.0023224353790283203
173892,normal,1760,0,1782360729.3865066,0.0016214847564697266
173893,normal,2423,0,1782360729.388653,0.002146482467651367
173894,normal,2204,0,1782360729.3905373,0.0018842220306396484
173895,normal,3045,1,1782360729.392661,0.0021238327026367188
173896,normal,1346,1,1782360729.3944724,0.0018112659454345703
173897,normal,1844,0,1782360729.3966458,0.0021734237670898438
173898,normal,790,2,1782360729.3986259,0.0019800662994384766
173899,normal,3582,0,1782360729.4005773,0.001951456069946289
173900,normal,3447,0,1782360729.4027114,0.002134084701538086
173901,normal,2532,0,1782360729.4047232,0.0020117759704589844
173902,normal,949,2,1782360729.406626,0.0019028186798095703
173903,normal,3512,0,1782360729.4086552,0.0020291805267333984
173904,normal,2654,0,1782360729.4108126,0.002157449722290039
173905,normal,3125,1,1782360729.4125175,0.0017049312591552734
173906,normal,1413,0,1782360729.4147701,0.0022525787353515625
173907,normal,1241,0,1782360729.416727,0.001956939697265625
173908,normal,1080,0,1782360729.418572,0.0018448829650878906
173909,normal,2319,0,1782360729.4206276,0.002055644989013672
173910,normal,3284,1,1782360729.4226222,0.001994609832763672
173911,normal,954,2,1782360729.424515,0.0018928050994873047
173912,normal,3256,1,1782360729.426655,0.002140045166015625
173913,normal,1348,1,1782360729.4284036,0.0017485618591308594
173914,normal,2707,0,1782360729.4303486,0.0019450187683105469
173915,normal,922,2,1782360729.4324234,0.002074718475341797
173916,normal,2883,0,1782360729.434359,0.001935720443725586
173917,normal,122,0,1782360729.4365194,0.002160310745239258
173918,normal,2690,0,1782360729.438687,0.0021677017211914062
173919,normal,491,0,1782360729.4404182,0.0017311573028564453
173920,normal,3610,0,1782360729.4424343,0.0020160675048828125
173921,normal,239,0,1782360729.4444232,0.0019888877868652344
173922,normal,2591,0,1782360729.4464362,0.002012968063354492
173923,normal,2774,0,1782360729.448377,0.0019407272338867188
173924,normal,1088,0,1782360729.4505742,0.002197265625
173925,normal,3171,1,1782360729.452371,0.001796722412109375
173926,normal,2775,0,1782360729.4544647,0.002093791961669922
173927,normal,1315,0,1782360729.4566238,0.00215911865234375
173928,normal,1497,0,1782360729.4583793,0.0017554759979248047
173929,normal,582,0,1782360729.4606192,0.0022399425506591797
173930,normal,2068,0,1782360729.462443,0.0018239021301269531
173931,normal,2519,0,1782360729.4644902,0.0020470619201660156
173932,normal,3504,0,1782360729.4664254,0.0019352436065673828
173933,normal,2386,0,1782360729.4685965,0.002171039581298828
173934,normal,2311,0,1782360729.4708781,0.002281665802001953
173935,normal,1147,0,1782360729.4729767,0.002098560333251953
173936,normal,1847,0,1782360729.4744844,0.0015077590942382812
173937,normal,126,0,1782360729.4763958,0.0019114017486572266
173938,normal,1157,0,1782360729.478579,0.002183198928833008
173939,normal,1638,0,1782360729.4804504,0.001871347427368164
173940,normal,3448,0,1782360729.4825428,0.0020923614501953125
173941,normal,842,2,1782360729.4845219,0.0019791126251220703
173942,normal,1461,0,1782360729.4867373,0.0022153854370117188
173943,normal,26,0,1782360729.4884782,0.0017409324645996094
173944,normal,78,0,1782360729.490378,0.00189971923828125
173945,normal,193,0,1782360729.4932845,0.0029065608978271484
173946,normal,1897,0,1782360729.4944623,0.0011777877807617188
173947,normal,1081,0,1782360729.496359,0.0018968582153320312
173948,normal,1687,0,1782360729.498614,0.002254962921142578
173949,normal,1273,0,1782360729.5004,0.0017859935760498047
173950,normal,2621,0,1782360729.5026112,0.0022110939025878906
173951,normal,915,2,1782360729.504426,0.0018148422241210938
173952,normal,1362,1,1782360729.5065982,0.002172231674194336
173953,normal,1532,0,1782360729.508446,0.0018477439880371094
173954,normal,1472,0,1782360729.5106535,0.002207517623901367
173955,normal,1252,0,1782360729.512484,0.0018305778503417969
173956,normal,2520,0,1782360729.5144348,0.0019507408142089844
173957,normal,3189,1,1782360729.5166135,0.002178668975830078
173958,normal,1749,0,1782360729.5185223,0.0019087791442871094
173959,normal,2143,0,1782360729.5204315,0.0019092559814453125
173960,normal,2238,0,1782360729.5224674,0.002035856246948242
173961,normal,3437,0,1782360729.5243938,0.001926422119140625
173962,normal,2037,0,1782360729.5264475,0.0020537376403808594
173963,normal,772,2,1782360729.5284634,0.002015829086303711
173964,normal,2685,0,1782360729.5303855,0.0019221305847167969
173965,normal,69,0,1782360729.5324447,0.0020592212677001953
173966,normal,135,0,1782360729.5345337,0.0020890235900878906
173967,normal,2706,0,1782360729.5364017,0.0018680095672607422
173968,normal,517,0,1782360729.5384395,0.0020377635955810547
173969,normal,3091,1,1782360729.5404477,0.002008199691772461
173970,normal,390,0,1782360729.5423725,0.001924753189086914
173971,normal,2024,0,1782360729.5444734,0.0021009445190429688
173972,normal,1875,0,1782360729.5464742,0.0020008087158203125
173973,normal,1773,0,1782360729.5484123,0.0019381046295166016
173974,normal,361,0,1782360729.5504446,0.0020322799682617188
173975,normal,1876,0,1782360729.5524812,0.002036571502685547
173976,normal,1152,0,1782360729.5544043,0.0019230842590332031
173977,normal,4,0,1782360729.5564334,0.0020291805267333984
173978,normal,2494,0,1782360729.558438,0.0020046234130859375
173979,normal,111,0,1782360729.5603719,0.0019338130950927734
173980,normal,2697,0,1782360729.5624533,0.0020813941955566406
173981,normal,3701,0,1782360729.5644813,0.0020279884338378906
173982,normal,531,0,1782360729.566493,0.0020117759704589844
173983,normal,350,0,1782360729.5684328,0.0019397735595703125
173984,normal,250,0,1782360729.5705225,0.0020897388458251953
173985,normal,1967,0,1782360729.5724766,0.0019540786743164062
173986,normal,2819,0,1782360729.5744622,0.0019855499267578125
173987,normal,884,2,1782360729.5764675,0.002005338668823242
173988,normal,1077,0,1782360729.57835,0.0018825531005859375
173989,normal,1022,2,1782360729.5804203,0.002070188522338867
173990,normal,3651,0,1782360729.5824246,0.002004384994506836
173991,normal,1813,0,1782360729.5844386,0.0020139217376708984
173992,normal,767,0,1782360729.586348,0.001909494400024414
173993,normal,205,0,1782360729.5885947,0.0022466182708740234
173994,normal,1084,0,1782360729.5904279,0.001833200454711914
173995,normal,1514,0,1782360729.5927358,0.002307891845703125
173996,normal,1376,1,1782360729.594526,0.0017902851104736328
173997,normal,171,0,1782360729.5966394,0.00211334228515625
173998,normal,2079,0,1782360729.5985444,0.0019049644470214844
173999,normal,1949,0,1782360729.6005595,0.0020151138305664062
174000,normal,3145,1,1782360729.6024039,0.0018444061279296875
174001,normal,2954,0,1782360729.604563,0.00215911865234375
174002,normal,852,2,1782360729.6064358,0.0018727779388427734
174003,normal,454,0,1782360729.6086404,0.0022046566009521484
174004,normal,3255,1,1782360729.6104248,0.0017843246459960938
174005,normal,2260,0,1782360729.6125586,0.0021338462829589844
174006,normal,1169,0,1782360729.6144016,0.0018429756164550781
174007,normal,2091,0,1782360729.616537,0.0021355152130126953
174008,normal,266,0,1782360729.6184454,0.0019083023071289062
174009,normal,3112,1,1782360729.6207185,0.002273082733154297
174010,normal,682,0,1782360729.6225038,0.0017852783203125
174011,normal,2799,0,1782360729.6246336,0.002129793167114258
174012,normal,268,0,1782360729.6265342,0.0019006729125976562
174013,normal,1002,2,1782360729.6284978,0.0019636154174804688
174014,normal,1383,0,1782360729.63061,0.002112150192260742
174015,normal,724,0,1782360729.6324894,0.0018794536590576172
174016,normal,3141,1,1782360729.6345804,0.002090930938720703
174017,normal,1508,0,1782360729.6365619,0.001981496810913086
174018,normal,1955,0,1782360729.6385467,0.001984834671020508
174019,normal,1,0,1782360729.6403992,0.0018525123596191406
174020,normal,1778,0,1782360729.642525,0.0021257400512695312
174021,normal,518,0,1782360729.6448002,0.002275228500366211
174022,normal,740,0,1782360729.6468399,0.002039670944213867
174023,normal,1112,0,1782360729.6485422,0.0017023086547851562
174024,normal,3406,0,1782360729.6506937,0.0021514892578125
174025,normal,216,0,1782360729.6524687,0.0017750263214111328
174026,normal,2522,0,1782360729.6546192,0.0021505355834960938
174027,normal,1671,0,1782360729.656524,0.0019047260284423828
174028,normal,872,2,1782360729.6584773,0.0019533634185791016
174029,normal,1299,0,1782360729.6608996,0.002422332763671875
174030,normal,3183,1,1782360729.6625102,0.0016105175018310547
174031,normal,861,2,1782360729.6644452,0.0019350051879882812
174032,normal,345,0,1782360729.6665652,0.0021200180053710938
174033,normal,1488,0,1782360729.668429,0.001863718032836914
174034,normal,3068,1,1782360729.67052,0.0020911693572998047
174035,normal,968,2,1782360729.6725776,0.0020575523376464844
174036,normal,911,2,1782360729.6744697,0.00189208984375
174037,normal,1443,0,1782360729.676629,0.0021593570709228516
174038,normal,3105,1,1782360729.6784644,0.0018353462219238281
174039,normal,2283,0,1782360729.6805248,0.002060413360595703
174040,normal,3340,1,1782360729.682465,0.0019402503967285156
174041,normal,504,0,1782360729.6846085,0.002143383026123047
174042,normal,2362,0,1782360729.6865125,0.0019040107727050781
174043,normal,668,0,1782360729.688412,0.0018994808197021484
174044,normal,941,2,1782360729.6906352,0.0022232532501220703
174045,normal,3478,0,1782360729.6924825,0.0018472671508789062
174046,normal,3152,1,1782360729.6944227,0.0019402503967285156
174047,normal,758,0,1782360729.6964898,0.002067089080810547
174048,normal,2992,0,1782360729.6983585,0.0018687248229980469
174049,normal,1253,0,1782360729.7004368,0.0020782947540283203
174050,normal,3254,1,1782360729.7024786,0.0020418167114257812
174051,normal,3472,0,1782360729.7043781,0.0018994808197021484
174052,normal,2383,0,1782360729.7065392,0.0021610260009765625
174053,normal,1776,0,1782360729.7084434,0.0019042491912841797
174054,normal,296,0,1782360729.7105782,0.0021347999572753906
174055,normal,17,0,1782360729.7125232,0.0019450187683105469
174056,normal,1328,1,1782360729.7147362,0.002213001251220703
174057,normal,2798,0,1782360729.7165267,0.0017905235290527344
174058,normal,617,0,1782360729.7184412,0.0019145011901855469
174059,normal,2466,0,1782360729.7205935,0.0021522045135498047
174060,normal,1574,0,1782360729.7225664,0.0019729137420654297
174061,normal,3162,1,1782360729.724364,0.0017976760864257812
174062,normal,102,0,1782360729.7264721,0.0021080970764160156
174063,normal,3523,0,1782360729.7284508,0.001978635787963867
174064,normal,3619,0,1782360729.730399,0.0019481182098388672
174065,normal,601,0,1782360729.7327085,0.002309560775756836
174066,normal,3664,0,1782360729.7344005,0.001692056655883789
174067,normal,1218,0,1782360729.7366188,0.0022182464599609375
174068,normal,1307,0,1782360729.7383993,0.0017805099487304688
174069,normal,3259,1,1782360729.7406108,0.0022115707397460938
174070,normal,276,0,1782360729.742893,0.0022821426391601562
174071,normal,2443,0,1782360729.74469,0.0017969608306884766
174072,normal,3552,0,1782360729.746442,0.0017521381378173828
174073,normal,2581,0,1782360729.7483604,0.0019183158874511719
174074,normal,2828,0,1782360729.7504818,0.002121448516845703
174075,normal,1593,0,1782360729.7524695,0.0019876956939697266
174076,normal,1486,0,1782360729.754433,0.001963376998901367
174077,normal,2623,0,1782360729.7567756,0.002342700958251953
174078,normal,594,0,1782360729.7584305,0.0016548633575439453
174079,normal,1947,0,1782360729.7604065,0.00197601318359375
174080,normal,3593,0,1782360729.7627027,0.0022962093353271484
174081,normal,2528,0,1782360729.7644186,0.0017158985137939453
174082,normal,2357,0,1782360729.7666097,0.0021910667419433594
174083,normal,2422,0,1782360729.7684646,0.0018548965454101562
174084,normal,162,0,1782360729.7705119,0.002047300338745117
174085,normal,3693,0,1782360729.7724776,0.001965761184692383
174086,normal,105,0,1782360729.7746012,0.002123594284057617
174087,normal,339,0,1782360729.7768493,0.002248048782348633
174088,normal,293,0,1782360729.7789721,0.0021228790283203125
174089,normal,3521,0,1782360729.78049,0.0015177726745605469
174090,normal,2850,0,1782360729.7825968,0.002106904983520508
174091,normal,1135,0,1782360729.78453,0.0019330978393554688
174092,normal,2295,0,1782360729.7865713,0.002041339874267578
174093,normal,3188,1,1782360729.7886267,0.0020554065704345703
174094,normal,19,0,1782360729.7906249,0.0019981861114501953
174095,normal,3170,1,1782360729.7925744,0.0019495487213134766
174096,normal,2506,0,1782360729.7950237,0.0024492740631103516
174097,normal,492,0,1782360729.7967715,0.0017478466033935547
174098,normal,1229,0,1782360729.7986884,0.0019168853759765625
174099,normal,156,0,1782360729.800624,0.0019354820251464844
174100,normal,1279,0,1782360729.8024316,0.0018076896667480469
174101,normal,1207,0,1782360729.8046556,0.002223968505859375
174102,normal,1053,0,1782360729.8065073,0.001851797103881836
174103,normal,2604,0,1782360729.8087058,0.002198457717895508
174104,normal,2526,0,1782360729.81056,0.0018541812896728516
174105,normal,3202,1,1782360729.8127027,0.002142667770385742
174106,normal,2023,0,1782360729.8144722,0.0017695426940917969
174107,normal,1711,0,1782360729.8167295,0.0022573471069335938
174108,normal,2224,0,1782360729.8186371,0.0019075870513916016
174109,normal,1394,0,1782360729.8206491,0.002012014389038086
174110,normal,3451,0,1782360729.8225646,0.0019154548645019531
174111,normal,3161,1,1782360729.8247178,0.002153158187866211
174112,normal,3079,1,1782360729.826525,0.0018072128295898438
174113,normal,970,2,1782360729.8287659,0.002240896224975586
174114,normal,1382,0,1782360729.83064,0.0018742084503173828
174115,normal,3216,1,1782360729.8325636,0.0019235610961914062
174116,normal,2731,0,1782360729.8346565,0.0020928382873535156
174117,normal,2749,0,1782360729.8365304,0.0018739700317382812
174118,normal,2191,0,1782360729.8385954,0.002064943313598633
174119,normal,804,2,1782360729.8407035,0.0021080970764160156
174120,normal,3469,0,1782360729.842716,0.002012491226196289
174121,normal,921,2,1782360729.8445745,0.0018584728240966797
174122,normal,1698,0,1782360729.8466296,0.0020551681518554688
174123,normal,1070,0,1782360729.848601,0.0019714832305908203
174124,normal,3418,0,1782360729.8505712,0.001970052719116211
174125,normal,3570,0,1782360729.85269,0.002118825912475586
174126,normal,980,2,1782360729.8546934,0.0020034313201904297
174127,normal,170,0,1782360729.8565972,0.0019037723541259766
174128,normal,2416,0,1782360729.8587384,0.002141237258911133
174129,normal,1758,0,1782360729.8607502,0.0020117759704589844
174130,normal,2072,0,1782360729.8625689,0.0018186569213867188
174131,normal,3295,1,1782360729.8647785,0.0022096633911132812
174132,normal,3647,0,1782360729.8674493,0.002670764923095703
174133,normal,3348,1,1782360729.8684313,0.000982046127319336
174134,normal,1732,0,1782360729.8706594,0.0022280216217041016
174135,normal,1158,0,1782360729.8726027,0.001943349838256836
174136,normal,1356,1,1782360729.8745399,0.0019371509552001953
174137,normal,2157,0,1782360729.8767195,0.0021796226501464844
174138,normal,1301,0,1782360729.8785963,0.0018768310546875
174139,normal,2470,0,1782360729.8805232,0.0019268989562988281
174140,normal,3270,1,1782360729.882759,0.002235889434814453
174141,normal,28,0,1782360729.8846586,0.0018994808197021484
174142,normal,3235,1,1782360729.8868442,0.0021855831146240234
174143,normal,263,0,1782360729.888616,0.0017719268798828125
174144,normal,591,0,1782360729.8907259,0.0021097660064697266
174145,normal,833,2,1782360729.892687,0.001961231231689453
174146,normal,3586,0,1782360729.894656,0.001968860626220703
174147,normal,2514,0,1782360729.896437,0.0017809867858886719
174148,normal,1557,0,1782360729.8986406,0.002203702926635742
174149,normal,455,0,1782360729.9005313,0.0018906593322753906
174150,normal,1856,0,1782360729.90273,0.0021986961364746094
174151,normal,402,0,1782360729.904544,0.001814126968383789
174152,normal,2360,0,1782360729.9066365,0.0020923614501953125
174153,normal,841,2,1782360729.9085739,0.0019373893737792969
174154,normal,2306,0,1782360729.9105282,0.001954317092895508
174155,normal,377,0,1782360729.9126492,0.0021209716796875
174156,normal,760,0,1782360729.9151025,0.002453327178955078
174157,normal,2864,0,1782360729.9166324,0.0015299320220947266
174158,normal,2818,0,1782360729.9185433,0.0019109249114990234
174159,normal,1134,0,1782360729.920658,0.0021147727966308594
174160,normal,3665,0,1782360729.922562,0.0019037723541259766
174161,normal,3337,1,1782360729.9246867,0.002124786376953125
174162,normal,484,0,1782360729.926771,0.0020842552185058594
174163,normal,2615,0,1782360729.9285815,0.0018105506896972656
174164,normal,1707,0,1782360729.9306548,0.0020732879638671875
174165,normal,2689,0,1782360729.93265,0.0019953250885009766
174166,normal,1529,0,1782360729.9345741,0.0019240379333496094
174167,normal,2199,0,1782360729.9366877,0.0021135807037353516
174168,normal,2167,0,1782360729.938689,0.0020012855529785156
174169,normal,2757,0,1782360729.9405916,0.0019025802612304688
174170,normal,808,2,1782360729.9425893,0.001997709274291992
174171,normal,698,0,1782360729.9445999,0.0020105838775634766
174172,normal,546,0,1782360729.9466155,0.0020155906677246094
174173,normal,1251,0,1782360729.949093,0.0024776458740234375
174174,normal,3334,1,1782360729.950861,0.001767873764038086
174175,normal,2684,0,1782360729.952438,0.001577138900756836
174176,normal,718,0,1782360729.954659,0.0022208690643310547
174177,normal,3604,0,1782360729.9564984,0.0018393993377685547
174178,normal,1941,0,1782360729.9588802,0.0023818016052246094
174179,normal,3154,1,1782360729.960585,0.0017049312591552734
174180,normal,3185,1,1782360729.9627557,0.002170562744140625
174181,normal,495,0,1782360729.9646177,0.0018620491027832031
174182,normal,335,0,1782360729.966609,0.00199127197265625
174183,normal,2773,0,1782360729.968759,0.0021500587463378906
174184,normal,2463,0,1782360729.970968,0.0022089481353759766
174185,normal,252,0,1782360729.9726233,0.0016553401947021484
174186,normal,1329,1,1782360729.9749026,0.0022792816162109375
174187,normal,951,2,1782360729.9765034,0.0016007423400878906
174188,normal,323,0,1782360729.978756,0.0022525787353515625
174189,normal,1541,0,1782360729.9805965,0.0018405914306640625
174190,normal,814,2,1782360729.9826865,0.002089977264404297
174191,normal,581,0,1782360729.984937,0.0022504329681396484
174192,normal,720,0,1782360729.986494,0.0015571117401123047
174193,normal,2095,0,1782360729.9886863,0.002192258834838867
174194,normal,3052,1,1782360729.990544,0.001857757568359375
174195,normal,2552,0,1782360729.99262,0.0020759105682373047
174196,normal,2622,0,1782360729.9945831,0.0019631385803222656
174197,normal,1378,1,1782360729.9967113,0.002128124237060547
174198,normal,3174,1,1782360729.998712,0.0020008087158203125
174199,normal,161,0,1782360730.000625,0.001912832260131836
174200,normal,1504,0,1782360730.0027049,0.0020799636840820312
174201,normal,2056,0,1782360730.0046482,0.001943349838256836
174202,normal,1839,0,1782360730.006561,0.001912832260131836
174203,normal,1700,0,1782360730.0086963,0.0021352767944335938
174204,normal,2073,0,1782360730.0106251,0.0019288063049316406
174205,normal,3319,1,1782360730.0124307,0.0018055438995361328
174206,normal,2006,0,1782360730.0148258,0.002395153045654297
174207,normal,976,2,1782360730.0164733,0.0016474723815917969
174208,normal,1297,0,1782360730.018706,0.002232789993286133
174209,normal,1902,0,1782360730.0206106,0.0019044876098632812
174210,normal,2111,0,1782360730.0226078,0.001997232437133789
174211,normal,2312,0,1782360730.0245366,0.0019288063049316406
174212,normal,1992,0,1782360730.0266497,0.0021131038665771484
174213,normal,891,2,1782360730.0286322,0.001982450485229492
174214,normal,530,0,1782360730.0305817,0.0019495487213134766
174215,normal,946,2,1782360730.0327334,0.0021517276763916016
174216,normal,2904,0,1782360730.0345798,0.0018463134765625
174217,normal,734,0,1782360730.0366745,0.002094745635986328
174218,normal,223,0,1782360730.0386934,0.0020189285278320312
174219,normal,1167,0,1782360730.0407941,0.002100706100463867
174220,normal,1857,0,1782360730.0425992,0.0018050670623779297
174221,normal,1987,0,1782360730.0447931,0.002193927764892578
174222,normal,3522,0,1782360730.04666,0.0018668174743652344
174223,normal,2631,0,1782360730.0486236,0.0019636154174804688
174224,normal,104,0,1782360730.0506861,0.002062559127807617
174225,normal,2887,0,1782360730.0526268,0.0019407272338867188
174226,normal,2144,0,1782360730.054532,0.001905202865600586
174227,normal,227,0,1782360730.0567715,0.0022394657135009766
174228,normal,3517,0,1782360730.0584574,0.0016858577728271484
174229,normal,1016,2,1782360730.0606318,0.00217437744140625
174230,normal,2782,0,1782360730.0625267,0.0018949508666992188
174231,normal,253,0,1782360730.0646415,0.0021147727966308594
174232,normal,3703,0,1782360730.0666444,0.0020029544830322266
174233,normal,1430,0,1782360730.0689926,0.002348184585571289
174234,normal,1414,0,1782360730.0705597,0.0015671253204345703
174235,normal,2152,0,1782360730.072652,0.0020923614501953125
174236,normal,2284,0,1782360730.0745375,0.0018854141235351562
174237,normal,622,0,1782360730.0766892,0.0021517276763916016
174238,normal,2029,0,1782360730.078554,0.0018646717071533203
174239,normal,1473,0,1782360730.0807753,0.002221345901489258
174240,normal,1944,0,1782360730.0825725,0.0017971992492675781
174241,normal,2118,0,1782360730.0845377,0.0019652843475341797
174242,normal,1212,0,1782360730.0866516,0.002113819122314453
174243,normal,2802,0,1782360730.088656,0.002004384994506836
174244,normal,3507,0,1782360730.0905724,0.0019164085388183594
174245,normal,291,0,1782360730.0926907,0.002118349075317383
174246,normal,406,0,1782360730.0947113,0.002020597457885742
174247,normal,27,0,1782360730.0965652,0.00185394287109375
174248,normal,2608,0,1782360730.098689,0.0021238327026367188
174249,normal,2347,0,1782360730.1007092,0.002020120620727539
174250,normal,977,2,1782360730.1030006,0.002291440963745117
174251,normal,3016,0,1782360730.1045253,0.0015246868133544922
174252,normal,1165,0,1782360730.1066592,0.0021338462829589844
174253,normal,392,0,1782360730.1086054,0.0019462108612060547
174254,normal,2859,0,1782360730.1107357,0.002130270004272461
174255,normal,792,2,1782360730.1126883,0.0019526481628417969
174256,normal,1074,0,1782360730.114649,0.00196075439453125
174257,normal,1220,0,1782360730.1166313,0.0019822120666503906
174258,normal,732,0,1782360730.1188848,0.0022535324096679688
174259,normal,64,0,1782360730.1209302,0.0020453929901123047
174260,normal,1720,0,1782360730.1227243,0.0017940998077392578
174261,normal,2734,0,1782360730.1244345,0.0017101764678955078
174262,normal,1122,0,1782360730.1266427,0.002208232879638672
174263,normal,304,0,1782360730.1285625,0.0019197463989257812
174264,normal,1533,0,1782360730.130603,0.0020406246185302734
174265,normal,681,0,1782360730.1325696,0.0019664764404296875
174266,normal,684,0,1782360730.1346564,0.0020868778228759766
174267,normal,2750,0,1782360730.1365044,0.001847982406616211
174268,normal,3106,1,1782360730.138571,0.0020666122436523438
174269,normal,43,0,1782360730.1406128,0.0020418167114257812
174270,normal,285,0,1782360730.1427486,0.002135753631591797
174271,normal,2872,0,1782360730.1445136,0.0017650127410888672
174272,normal,3383,1,1782360730.1467562,0.002242565155029297
174273,normal,85,0,1782360730.14863,0.0018737316131591797
174274,normal,1056,0,1782360730.1505935,0.0019636154174804688
174275,normal,703,0,1782360730.1526937,0.002100229263305664
174276,normal,764,0,1782360730.1547277,0.0020339488983154297
174277,normal,1079,0,1782360730.156569,0.0018413066864013672
174278,normal,53,0,1782360730.1587062,0.0021371841430664062
174279,normal,2969,0,1782360730.1607451,0.0020389556884765625
174280,normal,1149,0,1782360730.1625888,0.0018436908721923828
174281,normal,526,0,1782360730.1646821,0.0020933151245117188
174282,normal,142,0,1782360730.1667202,0.0020380020141601562
174283,normal,470,0,1782360730.168558,0.0018377304077148438
174284,normal,131,0,1782360730.1709938,0.002435922622680664
174285,normal,3338,1,1782360730.172514,0.0015201568603515625
174286,normal,2824,0,1782360730.1746945,0.0021805763244628906
174287,normal,670,0,1782360730.1766043,0.0019097328186035156
174288,normal,1336,1,1782360730.1785798,0.001975536346435547
174289,normal,77,0,1782360730.1805606,0.0019807815551757812
174290,normal,1232,0,1782360730.1826832,0.002122640609741211
174291,normal,1745,0,1782360730.1847193,0.0020360946655273438
174292,normal,2169,0,1782360730.1865933,0.0018739700317382812
174293,normal,1975,0,1782360730.1887877,0.0021944046020507812
174294,normal,1708,0,1782360730.1906548,0.001867055892944336
174295,normal,3133,1,1782360730.1928551,0.0022003650665283203
174296,normal,2720,0,1782360730.1944916,0.001636505126953125
174297,normal,547,0,1782360730.1968532,0.0023615360260009766
174298,normal,2679,0,1782360730.1984406,0.0015873908996582031
174299,normal,892,2,1782360730.200777,0.0023365020751953125
174300,normal,2995,0,1782360730.2026048,0.0018277168273925781
174301,normal,33,0,1782360730.2046003,0.001995563507080078
174302,normal,1357,1,1782360730.2065554,0.0019550323486328125
174303,normal,3427,0,1782360730.2085657,0.002010345458984375
174304,normal,2080,0,1782360730.2104278,0.0018620491027832031
174305,normal,1475,0,1782360730.2126338,0.002206087112426758
174306,normal,278,0,1782360730.215203,0.0025691986083984375
174307,normal,1812,0,1782360730.21676,0.0015568733215332031
174308,normal,746,0,1782360730.2185612,0.0018012523651123047
174309,normal,1831,0,1782360730.2206454,0.0020842552185058594
174310,normal,3212,1,1782360730.222543,0.001897573471069336
174311,normal,2328,0,1782360730.2247088,0.0021657943725585938
174312,normal,3302,1,1782360730.2269135,0.0022046566009521484
174313,normal,1984,0,1782360730.2284465,0.0015330314636230469
174314,normal,3311,1,1782360730.2306547,0.002208232879638672
174315,normal,3666,0,1782360730.232768,0.00211334228515625
174316,normal,3352,1,1782360730.2345393,0.0017712116241455078
174317,normal,1675,0,1782360730.23673,0.002190828323364258
174318,normal,2333,0,1782360730.238921,0.002190828323364258
174319,normal,2658,0,1782360730.2404485,0.001527547836303711
174320,normal,1505,0,1782360730.2427747,0.0023262500762939453
174321,normal,379,0,1782360730.244686,0.001911163330078125
174322,normal,1891,0,1782360730.2466319,0.0019459724426269531
174323,normal,1803,0,1782360730.2489192,0.0022873878479003906
174324,normal,3087,1,1782360730.250701,0.0017817020416259766
174325,normal,3126,1,1782360730.2524583,0.0017573833465576172
174326,normal,2667,0,1782360730.2545376,0.0020792484283447266
174327,normal,1436,0,1782360730.25645,0.0019123554229736328
174328,normal,3461,0,1782360730.258885,0.002434968948364258
174329,normal,2097,0,1782360730.260716,0.0018310546875
174330,normal,2593,0,1782360730.2626896,0.0019736289978027344
174331,normal,262,0,1782360730.2645657,0.0018761157989501953
174332,normal,1952,0,1782360730.2666376,0.002071857452392578
174333,normal,981,2,1782360730.2684016,0.001764059066772461
174334,normal,1828,0,1782360730.2705297,0.002128124237060547
174335,normal,90,0,1782360730.2725337,0.002003908157348633
174336,normal,3231,1,1782360730.2744703,0.0019366741180419922
174337,normal,1093,0,1782360730.276569,0.002098560333251953
174338,normal,7,0,1782360730.2785945,0.002025604248046875
174339,normal,146,0,1782360730.2804432,0.0018486976623535156
174340,normal,405,0,1782360730.2825232,0.0020799636840820312
174341,normal,3283,1,1782360730.2846122,0.0020890235900878906
174342,normal,2354,0,1782360730.2864704,0.0018582344055175781
174343,normal,2004,0,1782360730.288627,0.002156496047973633
174344,normal,204,0,1782360730.2904983,0.001871347427368164
174345,normal,2905,0,1782360730.2924376,0.0019392967224121094
174346,normal,1559,0,1782360730.2945237,0.002086162567138672
174347,normal,1196,0,1782360730.2965686,0.0020449161529541016
174348,normal,3698,0,1782360730.2986941,0.0021255016326904297
174349,normal,2771,0,1782360730.3005626,0.0018684864044189453
174350,normal,688,0,1782360730.3025968,0.0020341873168945312
174351,normal,585,0,1782360730.3046248,0.0020279884338378906
174352,normal,3169,1,1782360730.3064551,0.0018303394317626953
174353,normal,2491,0,1782360730.3085372,0.0020821094512939453
174354,normal,1267,0,1782360730.3105977,0.002060413360595703
174355,normal,2259,0,1782360730.3124964,0.0018987655639648438
174356,normal,2046,0,1782360730.3146098,0.00211334228515625
174357,normal,1408,0,1782360730.3164651,0.0018553733825683594
174358,normal,3324,1,1782360730.3186204,0.002155303955078125
174359,normal,3544,0,1782360730.3205588,0.0019383430480957031
174360,normal,2704,0,1782360730.3225706,0.0020117759704589844
174361,normal,2594,0,1782360730.3245995,0.002028942108154297
174362,normal,3008,0,1782360730.3265417,0.0019421577453613281
174363,normal,1996,0,1782360730.3285308,0.001989126205444336
174364,normal,329,0,1782360730.3305182,0.001987457275390625
174365,normal,2812,0,1782360730.332543,0.0020246505737304688
174366,normal,2286,0,1782360730.3345993,0.0020563602447509766
174367,normal,3262,1,1782360730.3364952,0.001895904541015625
174368,normal,2447,0,1782360730.3387764,0.00228118896484375
174369,normal,2866,0,1782360730.3407564,0.0019800662994384766
174370,normal,3422,0,1782360730.34257,0.001813650131225586
174371,normal,286,0,1782360730.344929,0.0023589134216308594
174372,normal,3415,0,1782360730.3465776,0.0016486644744873047
174373,normal,2919,0,1782360730.3487213,0.0021436214447021484
174374,normal,3148,1,1782360730.3504999,0.0017786026000976562
174375,normal,1795,0,1782360730.352512,0.002012014389038086
174376,normal,777,2,1782360730.354537,0.002025127410888672
174377,normal,2691,0,1782360730.3565333,0.001996278762817383
174378,normal,1768,0,1782360730.3585389,0.0020055770874023438
174379,normal,358,0,1782360730.3605688,0.002029895782470703
174380,normal,2656,0,1782360730.3625655,0.001996755599975586
174381,normal,1146,0,1782360730.3645282,0.0019626617431640625
174382,normal,2833,0,1782360730.3665175,0.0019893646240234375
174383,normal,2155,0,1782360730.3685222,0.0020046234130859375
174384,normal,3621,0,1782360730.3705075,0.001985311508178711
174385,normal,982,2,1782360730.3730292,0.0025217533111572266
174386,normal,3444,0,1782360730.3745883,0.0015590190887451172
174387,normal,3034,0,1782360730.376528,0.0019397735595703125
174388,normal,3092,1,1782360730.3785336,0.0020055770874023438
174389,normal,3321,1,1782360730.3805428,0.002009153366088867
174390,normal,2412,0,1782360730.3825366,0.001993894577026367
174391,normal,1450,0,1782360730.3845985,0.0020618438720703125
174392,normal,2659,0,1782360730.3867705,0.0021719932556152344
174393,normal,398,0,1782360730.388602,0.0018315315246582031
174394,normal,238,0,1782360730.3905363,0.0019342899322509766
174395,normal,3003,0,1782360730.392698,0.002161741256713867
174396,normal,2458,0,1782360730.3946536,0.0019555091857910156
174397,normal,1679,0,1782360730.3965392,0.0018856525421142578
174398,normal,2717,0,1782360730.3987105,0.0021712779998779297
174399,normal,3403,0,1782360730.400656,0.00194549560546875
174400,normal,2688,0,1782360730.4025578,0.001901865005493164
174401,normal,3000,0,1782360730.404718,0.0021600723266601562
174402,normal,3009,0,1782360730.4069626,0.002244710922241211
174403,normal,1127,0,1782360730.409099,0.0021364688873291016
174404,normal,686,0,1782360730.4104645,0.0013654232025146484
174405,normal,2620,0,1782360730.4126391,0.0021746158599853516
174406,normal,1790,0,1782360730.4145246,0.0018854141235351562
174407,normal,3558,0,1782360730.4167,0.0021753311157226562
174408,normal,180,0,1782360730.4187198,0.0020198822021484375
174409,normal,754,0,1782360730.4206374,0.0019176006317138672
174410,normal,613,0,1782360730.42265,0.0020127296447753906
174411,normal,2245,0,1782360730.4247398,0.0020897388458251953
174412,normal,1501,0,1782360730.426463,0.0017230510711669922
174413,normal,3679,0,1782360730.4290662,0.002603292465209961
174414,normal,3241,1,1782360730.4306853,0.001619100570678711
174415,normal,2517,0,1782360730.432756,0.0020706653594970703
174416,normal,1280,0,1782360730.4345942,0.0018382072448730469
174417,normal,1131,0,1782360730.43674,0.0021457672119140625
174418,normal,3455,0,1782360730.4386137,0.0018737316131591797
174419,normal,1827,0,1782360730.4407482,0.002134561538696289
174420,normal,51,0,1782360730.4430144,0.0022661685943603516
174421,normal,1804,0,1782360730.4444559,0.0014414787292480469
174422,normal,3139,1,1782360730.446684,0.0022280216217041016
174423,normal,1629,0,1782360730.448651,0.001967191696166992
174424,normal,666,0,1782360730.4505544,0.0019032955169677734
174425,normal,584,0,1782360730.4527152,0.002160787582397461
174426,normal,212,0,1782360730.4546542,0.0019390583038330078
174427,normal,2769,0,1782360730.45657,0.0019156932830810547
174428,normal,2530,0,1782360730.4587383,0.002168416976928711
174429,normal,2544,0,1782360730.460626,0.0018875598907470703
174430,normal,1139,0,1782360730.4625413,0.0019154548645019531
174431,normal,2213,0,1782360730.4646823,0.0021409988403320312
174432,normal,1802,0,1782360730.467485,0.002802610397338867
174433,normal,3178,1,1782360730.4685295,0.0010445117950439453
174434,normal,2630,0,1782360730.4706476,0.0021181106567382812
174435,normal,3138,1,1782360730.4724684,0.0018208026885986328
174436,normal,1202,0,1782360730.4748018,0.002333402633666992
174437,normal,2978,0,1782360730.4765658,0.001764059066772461
174438,normal,3549,0,1782360730.4787147,0.002148866653442383
174439,normal,2990,0,1782360730.4806113,0.0018966197967529297
174440,normal,826,2,1782360730.4826899,0.002078533172607422
174441,normal,1644,0,1782360730.484578,0.0018880367279052734
174442,normal,1199,0,1782360730.48654,0.0019621849060058594
174443,normal,2410,0,1782360730.488655,0.002115011215209961
174444,normal,1404,0,1782360730.4908354,0.002180337905883789
174445,normal,704,0,1782360730.4925177,0.001682281494140625
174446,normal,3062,1,1782360730.4947276,0.002209901809692383
174447,normal,3628,0,1782360730.4967089,0.0019812583923339844
174448,normal,2456,0,1782360730.4986515,0.0019426345825195312
174449,normal,29,0,1782360730.5007641,0.0021126270294189453
174450,normal,186,0,1782360730.502491,0.0017268657684326172
174451,normal,515,0,1782360730.5047727,0.002281665802001953
174452,normal,2082,0,1782360730.5066364,0.001863718032836914
174453,normal,1295,0,1782360730.5086997,0.002063274383544922
174454,normal,2424,0,1782360730.5105255,0.0018258094787597656
174455,normal,1180,0,1782360730.5126445,0.0021190643310546875
174456,normal,1709,0,1782360730.514592,0.0019474029541015625
174457,normal,3681,0,1782360730.5165591,0.001967191696166992
174458,normal,234,0,1782360730.5187018,0.002142667770385742
174459,normal,2958,0,1782360730.5205834,0.0018815994262695312
174460,normal,2276,0,1782360730.5225196,0.001936197280883789
174461,normal,3282,1,1782360730.5246315,0.0021119117736816406
174462,normal,3014,0,1782360730.5266006,0.0019690990447998047
174463,normal,643,0,1782360730.5292847,0.0026841163635253906
174464,normal,2388,0,1782360730.5307536,0.0014688968658447266
174465,normal,958,2,1782360730.5327106,0.001956939697265625
174466,normal,93,0,1782360730.5344386,0.001728057861328125
174467,normal,988,2,1782360730.5366914,0.002252817153930664
174468,normal,2786,0,1782360730.5386024,0.0019109249114990234
174469,normal,347,0,1782360730.5405889,0.0019865036010742188
174470,normal,2868,0,1782360730.5428314,0.002242565155029297
174471,normal,3528,0,1782360730.5444415,0.0016100406646728516
174472,normal,3093,1,1782360730.5466359,0.0021944046020507812
174473,normal,3564,0,1782360730.5485284,0.0018925666809082031
174474,normal,1023,2,1782360730.5507815,0.0022530555725097656
174475,normal,1367,1,1782360730.5526838,0.0019023418426513672
174476,normal,599,0,1782360730.554571,0.0018870830535888672
174477,normal,213,0,1782360730.5566282,0.002057313919067383
174478,normal,3684,0,1782360730.5585403,0.0019121170043945312
174479,normal,2481,0,1782360730.5605586,0.0020182132720947266
174480,normal,3644,0,1782360730.5631194,0.002560853958129883
174481,normal,1966,0,1782360730.5649788,0.001859426498413086
174482,normal,1481,0,1782360730.566545,0.001566171646118164
174483,normal,2809,0,1782360730.5685902,0.002045154571533203
174484,normal,3508,0,1782360730.570587,0.001996755599975586
174485,normal,1428,0,1782360730.5727897,0.002202749252319336
174486,normal,1695,0,1782360730.57475,0.001960277557373047
174487,normal,2203,0,1782360730.5767097,0.0019598007202148438
174488,normal,2965,0,1782360730.5786002,0.001890420913696289
174489,normal,3176,1,1782360730.5809982,0.0023980140686035156
174490,normal,3029,0,1782360730.582906,0.0019078254699707031
174491,normal,108,0,1782360730.5846486,0.0017426013946533203
174492,normal,1544,0,1782360730.586589,0.0019404888153076172
174493,normal,2452,0,1782360730.58852,0.0019309520721435547
174494,normal,2353,0,1782360730.5906274,0.002107381820678711
174495,normal,87,0,1782360730.5924563,0.001828908920288086
174496,normal,3111,1,1782360730.5946345,0.002178192138671875
174497,normal,898,2,1782360730.5964646,0.0018301010131835938
174498,normal,1094,0,1782360730.598515,0.0020503997802734375
174499,normal,2394,0,1782360730.6004314,0.0019164085388183594
174500,normal,1690,0,1782360730.602586,0.0021545886993408203
174501,normal,242,0,1782360730.604532,0.0019459724426269531
174502,normal,1418,0,1782360730.606564,0.002032041549682617
174503,normal,3458,0,1782360730.6085575,0.001993417739868164
174504,normal,1407,0,1782360730.6105647,0.0020072460174560547
174505,normal,851,2,1782360730.612521,0.0019562244415283203
174506,normal,683,0,1782360730.6145597,0.002038717269897461
174507,normal,1917,0,1782360730.6165693,0.0020096302032470703
174508,normal,1547,0,1782360730.6185224,0.001953125
174509,normal,1511,0,1782360730.6205072,0.001984834671020508
174510,normal,1665,0,1782360730.622526,0.0020186901092529297
174511,normal,2086,0,1782360730.624518,0.0019919872283935547
174512,normal,2184,0,1782360730.626542,0.0020241737365722656
174513,normal,72,0,1782360730.6285036,0.0019614696502685547
174514,normal,1603,0,1782360730.6307123,0.002208709716796875
174515,normal,1689,0,1782360730.6326072,0.0018949508666992188
174516,normal,1137,0,1782360730.6346977,0.0020904541015625
174517,normal,114,0,1782360730.6365337,0.0018360614776611328
174518,normal,2018,0,1782360730.6386466,0.002112865447998047
174519,normal,2955,0,1782360730.6406054,0.0019588470458984375
174520,normal,2076,0,1782360730.642577,0.0019714832305908203
174521,normal,320,0,1782360730.6447642,0.0021872520446777344
174522,normal,1639,0,1782360730.6467752,0.0020110607147216797
174523,normal,1441,0,1782360730.6484556,0.0016803741455078125
174524,normal,1248,0,1782360730.650715,0.002259492874145508
174525,normal,1365,1,1782360730.6527107,0.001995563507080078
174526,normal,3565,0,1782360730.6545234,0.0018126964569091797
174527,normal,2217,0,1782360730.656658,0.002134561538696289
174528,normal,3542,0,1782360730.6585844,0.001926422119140625
174529,normal,966,2,1782360730.660523,0.0019385814666748047
174530,normal,3379,1,1782360730.6627626,0.002239704132080078
174531,normal,2754,0,1782360730.6646898,0.0019271373748779297
174532,normal,2341,0,1782360730.6665952,0.0019054412841796875
174533,normal,3297,1,1782360730.6688013,0.002206087112426758
174534,normal,664,0,1782360730.670645,0.0018436908721923828
174535,normal,259,0,1782360730.6726837,0.002038717269897461
174536,normal,3599,0,1782360730.6746264,0.0019426345825195312
174537,normal,3117,1,1782360730.6767545,0.002128124237060547
174538,normal,441,0,1782360730.6786504,0.001895904541015625
174539,normal,1916,0,1782360730.6805332,0.001882791519165039
174540,normal,3377,1,1782360730.6826427,0.002109527587890625
174541,normal,3603,0,1782360730.6845176,0.0018749237060546875
174542,normal,3567,0,1782360730.6866336,0.002115964889526367
174543,normal,2441,0,1782360730.6887624,0.0021288394927978516
174544,normal,46,0,1782360730.6904256,0.0016632080078125
174545,normal,2838,0,1782360730.6926272,0.002201557159423828
174546,normal,3268,1,1782360730.6945815,0.001954317092895508
174547,normal,618,0,1782360730.6965215,0.001940011978149414
174548,normal,3428,0,1782360730.6988523,0.002330780029296875
174549,normal,2232,0,1782360730.7008746,0.002022266387939453
174550,normal,302,0,1782360730.702501,0.0016264915466308594
174551,normal,1098,0,1782360730.7046425,0.0021414756774902344
174552,normal,1188,0,1782360730.7065716,0.0019290447235107422
174553,normal,488,0,1782360730.7085242,0.0019526481628417969
174554,normal,1799,0,1782360730.7106488,0.0021245479583740234
174555,normal,2437,0,1782360730.7127512,0.002102375030517578
174556,normal,2970,0,1782360730.7145464,0.0017952919006347656
174557,normal,1536,0,1782360730.7166517,0.002105236053466797
174558,normal,3442,0,1782360730.7185767,0.0019249916076660156
174559,normal,552,0,1782360730.7205462,0.001969575881958008
174560,normal,907,2,1782360730.7226872,0.0021409988403320312
174561,normal,2435,0,1782360730.7246232,0.0019359588623046875
174562,normal,182,0,1782360730.7265718,0.0019485950469970703
174563,normal,3602,0,1782360730.72864,0.0020682811737060547
174564,normal,3200,1,1782360730.7306097,0.001969575881958008
174565,normal,56,0,1782360730.7327366,0.002126932144165039
174566,normal,2297,0,1782360730.735136,0.002399444580078125
174567,normal,866,2,1782360730.736509,0.0013730525970458984
174568,normal,1075,0,1782360730.738645,0.0021359920501708984
174569,normal,1129,0,1782360730.7405248,0.0018796920776367188
174570,normal,1324,1,1782360730.742626,0.0021011829376220703
174571,normal,2595,0,1782360730.7445805,0.0019545555114746094
174572,normal,2002,0,1782360730.7467256,0.002145051956176758
174573,normal,3706,0,1782360730.748727,0.002001523971557617
174574,normal,2567,0,1782360730.7506065,0.0018794536590576172
174575,normal,654,0,1782360730.7525246,0.0019180774688720703
174576,normal,3388,1,1782360730.7548301,0.0023055076599121094
174577,normal,1487,0,1782360730.75671,0.0018799304962158203
174578,normal,554,0,1782360730.7587862,0.0020761489868164062
174579,normal,2059,0,1782360730.7607355,0.001949310302734375
174580,normal,2716,0,1782360730.7625742,0.00183868408203125
174581,normal,2896,0,1782360730.7645457,0.0019714832305908203
174582,normal,2129,0,1782360730.766688,0.0021424293518066406
174583,normal,2138,0,1782360730.7685642,0.0018761157989501953
174584,normal,1843,0,1782360730.7705297,0.0019655227661132812
174585,normal,434,0,1782360730.7726948,0.002165079116821289
174586,normal,1035,0,1782360730.7745275,0.001832723617553711
174587,normal,1805,0,1782360730.7767293,0.0022017955780029297
174588,normal,1551,0,1782360730.7786307,0.001901388168334961
174589,normal,1685,0,1782360730.780576,0.0019452571868896484
174590,normal,173,0,1782360730.7827065,0.0021305084228515625
174591,normal,1743,0,1782360730.7847621,0.002055644989013672
174592,normal,2050,0,1782360730.7864523,0.0016901493072509766
174593,normal,2427,0,1782360730.7886844,0.002232074737548828
174594,normal,2810,0,1782360730.7906408,0.001956462860107422
174595,normal,2852,0,1782360730.7925873,0.0019464492797851562
174596,normal,2766,0,1782360730.7948487,0.0022614002227783203
174597,normal,3606,0,1782360730.7964504,0.0016016960144042969
174598,normal,340,0,1782360730.7986941,0.0022437572479248047
174599,normal,839,2,1782360730.800592,0.0018978118896484375
174600,normal,2317,0,1782360730.8026938,0.002101898193359375
174601,normal,2917,0,1782360730.8045466,0.0018527507781982422
174602,normal,1321,1,1782360730.8066876,0.0021409988403320312
174603,normal,444,0,1782360730.808702,0.0020143985748291016
174604,normal,115,0,1782360730.810488,0.0017859935760498047
174605,normal,14,0,1782360730.8127718,0.002283811569213867
174606,normal,1156,0,1782360730.814685,0.001913309097290039
174607,normal,1110,0,1782360730.8167946,0.002109527587890625
174608,normal,2096,0,1782360730.8189104,0.0021157264709472656
174609,normal,1794,0,1782360730.8206873,0.0017769336700439453
174610,normal,2117,0,1782360730.8225408,0.0018534660339355469
174611,normal,404,0,1782360730.824639,0.0020983219146728516
174612,normal,3657,0,1782360730.8265958,0.0019567012786865234
174613,normal,100,0,1782360730.828686,0.0020902156829833984
174614,normal,1411,0,1782360730.8305416,0.001855611801147461
174615,normal,2953,0,1782360730.8326445,0.0021028518676757812
174616,normal,1998,0,1782360730.8345268,0.001882314682006836
174617,normal,2067,0,1782360730.8367498,0.0022230148315429688
174618,normal,3313,1,1782360730.8390968,0.0023469924926757812
174619,normal,437,0,1782360730.8405619,0.0014650821685791016
174620,normal,308,0,1782360730.8426452,0.002083301544189453
174621,normal,1289,0,1782360730.8446264,0.0019812583923339844
174622,normal,66,0,1782360730.8464422,0.0018157958984375
174623,normal,1735,0,1782360730.8487587,0.0023164749145507812
174624,normal,2316,0,1782360730.8505838,0.001825094223022461
174625,normal,812,2,1782360730.8525262,0.0019423961639404297
174626,normal,2565,0,1782360730.8546374,0.002111196517944336
174627,normal,3172,1,1782360730.8566434,0.002006053924560547
174628,normal,3065,1,1782360730.8585446,0.0019011497497558594
174629,normal,2384,0,1782360730.8608353,0.0022907257080078125
174630,normal,1618,0,1782360730.8627133,0.0018780231475830078
174631,normal,2941,0,1782360730.8645923,0.001878976821899414
174632,normal,2784,0,1782360730.8667374,0.002145051956176758
174633,normal,2830,0,1782360730.8686433,0.0019059181213378906
174634,normal,2413,0,1782360730.8707178,0.0020744800567626953
174635,normal,2617,0,1782360730.8727148,0.0019969940185546875
174636,normal,2560,0,1782360730.8745813,0.0018665790557861328
174637,normal,3656,0,1782360730.8764338,0.0018525123596191406
174638,normal,2009,0,1782360730.8786557,0.002221822738647461
174639,normal,99,0,1782360730.880426,0.0017702579498291016
174640,normal,834,2,1782360730.8827362,0.0023102760314941406
174641,normal,25,0,1782360730.8848965,0.002160310745239258
174642,normal,2738,0,1782360730.886505,0.0016083717346191406
174643,normal,3396,1,1782360730.8891296,0.0026247501373291016
174644,normal,2814,0,1782360730.8907924,0.0016627311706542969
174645,normal,283,0,1782360730.8938532,0.0030608177185058594
174646,normal,3489,0,1782360730.894496,0.0006427764892578125
174647,normal,1914,0,1782360730.8968046,0.0023086071014404297
174648,normal,496,0,1782360730.8985755,0.0017709732055664062
174649,normal,1703,0,1782360730.900538,0.001962423324584961
174650,normal,576,0,1782360730.9026244,0.0020864009857177734
174651,normal,1503,0,1782360730.9044504,0.0018260478973388672
174652,normal,1206,0,1782360730.9064908,0.002040386199951172
174653,normal,717,0,1782360730.908563,0.0020720958709716797
174654,normal,3298,1,1782360730.9104533,0.001890420913696289
174655,normal,1977,0,1782360730.9124541,0.0020008087158203125
174656,normal,2582,0,1782360730.9145243,0.002070188522338867
174657,normal,3543,0,1782360730.9164777,0.0019533634185791016
174658,normal,837,2,1782360730.9184585,0.0019807815551757812
174659,normal,608,0,1782360730.920516,0.0020575523376464844
174660,normal,2265,0,1782360730.9224439,0.0019278526306152344
174661,normal,1233,0,1782360730.9247417,0.0022978782653808594
174662,normal,273,0,1782360730.9264007,0.0016589164733886719
174663,normal,2220,0,1782360730.9286096,0.0022089481353759766
174664,normal,3257,1,1782360730.9304051,0.0017955303192138672
174665,normal,3632,0,1782360730.932604,0.002198934555053711
174666,normal,2767,0,1782360730.9343932,0.001789093017578125
174667,normal,675,0,1782360730.936825,0.0024318695068359375
174668,normal,1235,0,1782360730.9386542,0.0018291473388671875
174669,normal,2518,0,1782360730.9404716,0.001817464828491211
174670,normal,2359,0,1782360730.9428005,0.0023288726806640625
174671,normal,3680,0,1782360730.94461,0.0018095970153808594
174672,normal,1826,0,1782360730.946481,0.001870870590209961
174673,normal,2115,0,1782360730.9488275,0.002346515655517578
174674,normal,2647,0,1782360730.9506147,0.0017871856689453125
174675,normal,57,0,1782360730.9526527,0.0020380020141601562
174676,normal,168,0,1782360730.9544683,0.0018155574798583984
174677,normal,1587,0,1782360730.9568996,0.0024313926696777344
174678,normal,2777,0,1782360730.9584744,0.0015747547149658203
174679,normal,3114,1,1782360730.9608018,0.002327442169189453
174680,normal,2968,0,1782360730.9626117,0.001809835433959961
174681,normal,1470,0,1782360730.9644735,0.0018618106842041016
174682,normal,1934,0,1782360730.9667966,0.002323150634765625
174683,normal,1632,0,1782360730.9686108,0.001814126968383789
174684,normal,1046,0,1782360730.9707313,0.002120494842529297
174685,normal,2807,0,1782360730.9726138,0.0018825531005859375
174686,normal,2025,0,1782360730.9749103,0.00229644775390625
174687,normal,3203,1,1782360730.9765935,0.0016832351684570312
174688,normal,1366,1,1782360730.9786263,0.002032756805419922
174689,normal,3049,1,1782360730.9807363,0.002110004425048828
174690,normal,3398,1,1782360730.9827228,0.0019865036010742188
174691,normal,313,0,1782360730.9846213,0.0018985271453857422
174692,normal,1718,0,1782360730.986894,0.0022726058959960938
174693,normal,2539,0,1782360730.988518,0.0016241073608398438
174694,normal,2346,0,1782360730.9906607,0.002142667770385742
174695,normal,124,0,1782360730.9926224,0.0019617080688476562
174696,normal,1144,0,1782360730.994739,0.002116680145263672
174697,normal,2486,0,1782360730.996748,0.0020089149475097656
174698,normal,1565,0,1782360730.9988444,0.002096414566040039
174699,normal,1617,0,1782360731.0004828,0.0016384124755859375
174700,normal,331,0,1782360731.0028024,0.0023195743560791016
174701,normal,665,0,1782360731.0046306,0.0018281936645507812
174702,normal,1714,0,1782360731.006731,0.0021004676818847656
174703,normal,3510,0,1782360731.00848,0.0017490386962890625
174704,normal,2398,0,1782360731.010818,0.002337932586669922
174705,normal,3574,0,1782360731.0124755,0.0016574859619140625
174706,normal,822,2,1782360731.0148132,0.0023376941680908203
174707,normal,3039,0,1782360731.0166209,0.0018076896667480469
174708,normal,2973,0,1782360731.018707,0.002086162567138672
174709,normal,88,0,1782360731.0206246,0.0019176006317138672
174710,normal,359,0,1782360731.0228026,0.0021779537200927734
174711,normal,1445,0,1782360731.0244744,0.0016717910766601562
174712,normal,2186,0,1782360731.0268087,0.0023343563079833984
174713,normal,3516,0,1782360731.0286238,0.0018150806427001953
174714,normal,1330,1,1782360731.0307095,0.0020856857299804688
174715,normal,2831,0,1782360731.0326214,0.0019118785858154297
174716,normal,2870,0,1782360731.034828,0.002206563949584961
174717,normal,1724,0,1782360731.0364754,0.0016474723815917969
174718,normal,1792,0,1782360731.0388184,0.0023429393768310547
174719,normal,1834,0,1782360731.0406222,0.0018038749694824219
174720,normal,1412,0,1782360731.04271,0.002087831497192383
174721,normal,793,2,1782360731.044626,0.0019159317016601562
174722,normal,3702,0,1782360731.0468516,0.002225637435913086
174723,normal,386,0,1782360731.0484838,0.0016322135925292969
174724,normal,1957,0,1782360731.0508308,0.0023469924926757812
174725,normal,3308,1,1782360731.0526333,0.0018024444580078125
174726,normal,888,2,1782360731.0547066,0.0020732879638671875
174727,normal,3361,1,1782360731.0567043,0.001997709274291992
174728,normal,3023,0,1782360731.0598,0.0030956268310546875
174729,normal,1282,0,1782360731.0613816,0.0015816688537597656
174730,normal,2711,0,1782360731.063248,0.0018663406372070312
174731,normal,625,0,1782360731.0651305,0.0018825531005859375
174732,normal,2255,0,1782360731.066847,0.00171661376953125
174733,normal,2442,0,1782360731.069372,0.002524852752685547
174734,normal,1945,0,1782360731.0704832,0.0011112689971923828
174735,normal,2468,0,1782360731.0728247,0.0023415088653564453
174736,normal,998,2,1782360731.0744765,0.001651763916015625
174737,normal,1399,0,1782360731.0768504,0.002373933792114258
174738,normal,1657,0,1782360731.0784755,0.00162506103515625
174739,normal,619,0,1782360731.0809133,0.0024378299713134766
174740,normal,2841,0,1782360731.0828283,0.00191497802734375
174741,normal,856,2,1782360731.0846581,0.0018298625946044922
174742,normal,2527,0,1782360731.0864742,0.0018160343170166016
174743,normal,3128,1,1782360731.088823,0.0023488998413085938
174744,normal,519,0,1782360731.090475,0.0016520023345947266
174745,normal,2671,0,1782360731.092816,0.002341032028198242
174746,normal,563,0,1782360731.094474,0.0016579627990722656
174747,normal,1761,0,1782360731.096936,0.0024619102478027344
174748,normal,1756,0,1782360731.0987458,0.001809835433959961
174749,normal,3341,1,1782360731.1008065,0.0020606517791748047
174750,normal,2044,0,1782360731.102477,0.0016705989837646484
174751,normal,2606,0,1782360731.1047847,0.0023076534271240234
174752,normal,50,0,1782360731.106617,0.0018322467803955078
174753,normal,829,2,1782360731.1086588,0.0020418167114257812
174754,normal,865,2,1782360731.1106114,0.0019526481628417969
174755,normal,529,0,1782360731.1127944,0.0021829605102539062
174756,normal,3025,0,1782360731.114905,0.002110719680786133
174757,normal,3005,0,1782360731.117468,0.002562999725341797
174758,normal,2005,0,1782360731.1197853,0.002317190170288086
174759,normal,1172,0,1782360731.1209342,0.0011489391326904297
174760,normal,2414,0,1782360731.123109,0.002174854278564453
174761,normal,3205,1,1782360731.1253161,0.002207040786743164
174762,normal,2315,0,1782360731.1270602,0.0017440319061279297
174763,normal,3561,0,1782360731.1287732,0.0017130374908447266
174764,normal,240,0,1782360731.1309488,0.002175569534301758
174765,normal,1163,0,1782360731.1331627,0.0022139549255371094
174766,normal,2013,0,1782360731.1351557,0.001992940902709961
174767,normal,3078,1,1782360731.1369197,0.001764059066772461
174768,normal,3392,1,1782360731.1391132,0.002193450927734375
174769,normal,1050,0,1782360731.140821,0.0017077922821044922
174770,normal,1006,2,1782360731.1431668,0.0023458003997802734
174771,normal,2778,0,1782360731.1451697,0.0020029544830322266
174772,normal,483,0,1782360731.1470735,0.0019037723541259766
174773,normal,2089,0,1782360731.1491704,0.002096891403198242
174774,normal,1746,0,1782360731.1511657,0.0019953250885009766
174775,normal,1181,0,1782360731.1533282,0.002162456512451172
174776,normal,1247,0,1782360731.1556275,0.0022993087768554688
174777,normal,1801,0,1782360731.1573095,0.0016820430755615234
174778,normal,962,2,1782360731.1590383,0.0017287731170654297
174779,normal,1337,1,1782360731.1611514,0.0021131038665771484
174780,normal,2379,0,1782360731.1630018,0.0018503665924072266
174781,normal,3362,1,1782360731.165314,0.002312183380126953
174782,normal,1986,0,1782360731.1678874,0.0025734901428222656
174783,normal,2895,0,1782360731.1685612,0.0006737709045410156
174784,normal,62,0,1782360731.1710117,0.0024504661560058594
174785,normal,1124,0,1782360731.173093,0.0020813941955566406
174786,normal,3159,1,1782360731.175255,0.0021619796752929688
174787,normal,3573,0,1782360731.177057,0.0018019676208496094
174788,normal,751,0,1782360731.1789818,0.001924753189086914
174789,normal,3186,1,1782360731.1811128,0.0021309852600097656
174790,normal,1402,0,1782360731.183043,0.00193023681640625
174791,normal,129,0,1782360731.1850042,0.001961231231689453
174792,normal,9,0,1782360731.187367,0.0023627281188964844
174793,normal,3668,0,1782360731.1891506,0.001783609390258789
174794,normal,2282,0,1782360731.190858,0.001707315444946289
174795,normal,1576,0,1782360731.1931548,0.002296924591064453
174796,normal,1538,0,1782360731.1954122,0.0022573471069335938
174797,normal,2448,0,1782360731.1978152,0.0024030208587646484
174798,normal,3226,1,1782360731.1985757,0.0007605552673339844
174799,normal,176,0,1782360731.2007968,0.0022211074829101562
174800,normal,3638,0,1782360731.2032254,0.0024285316467285156
174801,normal,220,0,1782360731.204983,0.0017576217651367188
174802,normal,3121,1,1782360731.207382,0.002398967742919922
174803,normal,1138,0,1782360731.2091553,0.0017733573913574219
174804,normal,1719,0,1782360731.2114441,0.002288818359375
174805,normal,565,0,1782360731.2131402,0.0016961097717285156
174806,normal,414,0,1782360731.2152035,0.002063274383544922
174807,normal,574,0,1782360731.217051,0.0018475055694580078
174808,normal,1860,0,1782360731.2190714,0.0020203590393066406
174809,normal,1646,0,1782360731.2211719,0.0021004676818847656
174810,normal,2674,0,1782360731.2230668,0.0018949508666992188
174811,normal,2382,0,1782360731.2250593,0.001992464065551758
174812,normal,3450,0,1782360731.227194,0.0021347999572753906
174813,normal,210,0,1782360731.2288787,0.0016846656799316406
174814,normal,1942,0,1782360731.2313547,0.0024759769439697266
174815,normal,1823,0,1782360731.233829,0.0024743080139160156
174816,normal,1651,0,1782360731.2346354,0.0008063316345214844
174817,normal,2944,0,1782360731.237038,0.0024025440216064453
174818,normal,2546,0,1782360731.2391248,0.0020868778228759766
174819,normal,1393,0,1782360731.2417526,0.002627849578857422
174820,normal,3317,1,1782360731.2434402,0.0016875267028808594
174821,normal,2150,0,1782360731.2451952,0.0017549991607666016
174822,normal,3271,1,1782360731.2470593,0.0018641948699951172
174823,normal,3251,1,1782360731.2489386,0.0018792152404785156
174824,normal,2972,0,1782360731.2511103,0.002171754837036133
174825,normal,1066,0,1782360731.2530057,0.0018954277038574219
174826,normal,2534,0,1782360731.255142,0.00213623046875
174827,normal,2832,0,1782360731.2569094,0.0017673969268798828
174828,normal,209,0,1782360731.2591124,0.0022029876708984375
174829,normal,2882,0,1782360731.260995,0.0018825531005859375
174830,normal,3524,0,1782360731.263088,0.002093076705932617
174831,normal,110,0,1782360731.265006,0.0019180774688720703
174832,normal,2299,0,1782360731.2670977,0.002091646194458008
174833,normal,1869,0,1782360731.2690542,0.001956462860107422
174834,normal,120,0,1782360731.2710469,0.0019927024841308594
174835,normal,1258,0,1782360731.2733169,0.0022699832916259766
174836,normal,400,0,1782360731.2745137,0.0011968612670898438
174837,normal,409,0,1782360731.2769868,0.002473115921020508
174838,normal,2158,0,1782360731.279774,0.0027871131896972656
174839,normal,2695,0,1782360731.2814045,0.001630544662475586
174840,normal,1715,0,1782360731.2833507,0.0019462108612060547
174841,normal,2202,0,1782360731.2850876,0.0017368793487548828
174842,normal,2205,0,1782360731.2871668,0.0020792484283447266
174843,normal,3436,0,1782360731.2890015,0.0018346309661865234
174844,normal,2193,0,1782360731.2910876,0.002086162567138672
174845,normal,215,0,1782360731.2930105,0.0019228458404541016
174846,normal,1391,0,1782360731.2948017,0.001791238784790039
174847,normal,2045,0,1782360731.2971737,0.0023720264434814453
174848,normal,3286,1,1782360731.2993445,0.0021708011627197266
174849,normal,420,0,1782360731.3015838,0.002239227294921875
174850,normal,1400,0,1782360731.303424,0.0018401145935058594
174851,normal,301,0,1782360731.305751,0.0023272037506103516
174852,normal,2512,0,1782360731.3078823,0.002131223678588867
174853,normal,2139,0,1782360731.3086545,0.0007722377777099609
174854,normal,702,0,1782360731.3110585,0.0024039745330810547
174855,normal,1806,0,1782360731.3138652,0.0028066635131835938
174856,normal,2240,0,1782360731.3146987,0.0008335113525390625
174857,normal,116,0,1782360731.3170383,0.002339601516723633
174858,normal,649,0,1782360731.319156,0.002117633819580078
174859,normal,1596,0,1782360731.3213224,0.0021665096282958984
174860,normal,3276,1,1782360731.3231988,0.0018763542175292969
174861,normal,1928,0,1782360731.324963,0.0017642974853515625
174862,normal,3198,1,1782360731.3270373,0.0020742416381835938
174863,normal,1221,0,1782360731.3289857,0.0019483566284179688
174864,normal,536,0,1782360731.3310409,0.0020551681518554688
174865,normal,1589,0,1782360731.333368,0.0023272037506103516
174866,normal,1962,0,1782360731.335195,0.0018270015716552734
174867,normal,2985,0,1782360731.3371596,0.001964569091796875
174868,normal,1581,0,1782360731.339321,0.002161264419555664
174869,normal,2858,0,1782360731.3417428,0.002421855926513672
174870,normal,939,2,1782360731.3425667,0.000823974609375
174871,normal,2291,0,1782360731.3449616,0.0023949146270751953
174872,normal,1614,0,1782360731.3471932,0.002231597900390625
174873,normal,2106,0,1782360731.349174,0.0019807815551757812
174874,normal,2839,0,1782360731.350487,0.0013129711151123047
174875,normal,3596,0,1782360731.3527336,0.0022466182708740234
174876,normal,1312,0,1782360731.3544054,0.0016717910766601562
174877,normal,753,0,1782360731.3567226,0.002317190170288086
174878,normal,2960,0,1782360731.35894,0.0022172927856445312
174879,normal,2467,0,1782360731.3603778,0.0014379024505615234
174880,normal,1027,2,1782360731.362705,0.0023272037506103516
174881,normal,3347,1,1782360731.3646228,0.0019178390502929688
174882,normal,3695,0,1782360731.367091,0.002468109130859375
174883,normal,3434,0,1782360731.3688025,0.0017116069793701172
174884,normal,366,0,1782360731.371163,0.0023603439331054688
174885,normal,2421,0,1782360731.373242,0.002079010009765625
174886,normal,1822,0,1782360731.3751516,0.0019097328186035156
174887,normal,1884,0,1782360731.3777697,0.002618074417114258
174888,normal,2834,0,1782360731.379893,0.0021233558654785156
174889,normal,3690,0,1782360731.380824,0.0009310245513916016
174890,normal,3073,1,1782360731.3830566,0.0022325515747070312
174891,normal,1880,0,1782360731.3850086,0.0019519329071044922
174892,normal,1449,0,1782360731.387093,0.002084493637084961
174893,normal,2666,0,1782360731.389176,0.00208282470703125
174894,normal,200,0,1782360731.3912654,0.0020895004272460938
174895,normal,2329,0,1782360731.3931277,0.0018622875213623047
174896,normal,22,0,1782360731.3945167,0.0013890266418457031
174897,normal,854,2,1782360731.397106,0.0025892257690429688
174898,normal,2038,0,1782360731.398785,0.0016791820526123047
174899,normal,3538,0,1782360731.4010575,0.002272367477416992
174900,normal,2060,0,1782360731.4038818,0.0028243064880371094
174901,normal,2554,0,1782360731.4046574,0.0007755756378173828
174902,normal,1968,0,1782360731.4070354,0.0023779869079589844
174903,normal,3700,0,1782360731.409197,0.002161741256713867
174904,normal,3389,1,1782360731.411389,0.0021920204162597656
174905,normal,3637,0,1782360731.4132206,0.0018315315246582031
174906,normal,1310,0,1782360731.415157,0.0019364356994628906
174907,normal,103,0,1782360731.4173129,0.002155780792236328
174908,normal,2974,0,1782360731.4199338,0.0026209354400634766
174909,normal,610,0,1782360731.4205725,0.0006387233734130859
174910,normal,1912,0,1782360731.4230542,0.002481698989868164
174911,normal,974,2,1782360731.4250405,0.001986265182495117
174912,normal,1097,0,1782360731.4273438,0.0023033618927001953
174913,normal,3223,1,1782360731.429336,0.0019922256469726562
174914,normal,1076,0,1782360731.4311981,0.0018620491027832031
174915,normal,330,0,1782360731.4324937,0.0012955665588378906
174916,normal,1447,0,1782360731.4357696,0.0032758712768554688
174917,normal,1286,0,1782360731.4377892,0.002019643783569336
174918,normal,2000,0,1782360731.4398165,0.002027273178100586
174919,normal,1620,0,1782360731.4419858,0.002169370651245117
174920,normal,616,0,1782360731.4426303,0.0006444454193115234
174921,normal,2392,0,1782360731.4450977,0.0024673938751220703
174922,normal,312,0,1782360731.446841,0.001743316650390625
174923,normal,543,0,1782360731.4491785,0.0023374557495117188
174924,normal,2103,0,1782360731.4511924,0.0020139217376708984
174925,normal,257,0,1782360731.4531693,0.0019769668579101562
174926,normal,1588,0,1782360731.4550061,0.0018367767333984375
174927,normal,2753,0,1782360731.4567826,0.0017764568328857422
174928,normal,1898,0,1782360731.4591606,0.0023779869079589844
174929,normal,3477,0,1782360731.4612906,0.0021300315856933594
174930,normal,1183,0,1782360731.4635935,0.002302885055541992
174931,normal,3168,1,1782360731.4654994,0.0019059181213378906
174932,normal,3622,0,1782360731.4672284,0.0017290115356445312
174933,normal,1239,0,1782360731.4690096,0.0017812252044677734
174934,normal,986,2,1782360731.471325,0.0023152828216552734
174935,normal,2873,0,1782360731.4735143,0.0021893978118896484
174936,normal,3420,0,1782360731.4752433,0.0017290115356445312
174937,normal,2198,0,1782360731.476491,0.0012476444244384766
174938,normal,92,0,1782360731.4788325,0.0023415088653564453
174939,normal,736,0,1782360731.4804873,0.0016548633575439453
174940,normal,1405,0,1782360731.4828284,0.002341032028198242
174941,normal,831,2,1782360731.484634,0.0018055438995361328
174942,normal,2262,0,1782360731.4866967,0.0020627975463867188
174943,normal,1615,0,1782360731.4886405,0.001943826675415039
174944,normal,1652,0,1782360731.4909356,0.0022950172424316406
174945,normal,513,0,1782360731.4924881,0.001552581787109375
174946,normal,3292,1,1782360731.4948409,0.0023527145385742188
174947,normal,2536,0,1782360731.4969704,0.0021295547485351562
174948,normal,1602,0,1782360731.4986267,0.0016562938690185547
174949,normal,3384,1,1782360731.5006318,0.0020051002502441406
174950,normal,1819,0,1782360731.50295,0.002318143844604492
174951,normal,1750,0,1782360731.5045736,0.0016236305236816406
174952,normal,1506,0,1782360731.5068178,0.002244234085083008
174953,normal,3221,1,1782360731.5086503,0.0018324851989746094
174954,normal,1388,0,1782360731.5107207,0.0020704269409179688
174955,normal,2248,0,1782360731.5126255,0.0019047260284423828
174956,normal,2811,0,1782360731.5149026,0.0022771358489990234
174957,normal,431,0,1782360731.516488,0.0015854835510253906
174958,normal,1747,0,1782360731.5188618,0.0023736953735351562
174959,normal,2426,0,1782360731.520638,0.0017762184143066406
174960,normal,828,2,1782360731.5227358,0.0020978450775146484
174961,normal,2713,0,1782360731.5246398,0.0019040107727050781
174962,normal,667,0,1782360731.526819,0.0021791458129882812
174963,normal,1491,0,1782360731.528487,0.0016679763793945312
174964,normal,3229,1,1782360731.530814,0.00232696533203125
174965,normal,2823,0,1782360731.5326245,0.0018105506896972656
174966,normal,1866,0,1782360731.5347462,0.0021216869354248047
174967,normal,1120,0,1782360731.5366323,0.001886129379272461
174968,normal,84,0,1782360731.539213,0.0025806427001953125
174969,normal,3391,1,1782360731.5410848,0.0018718242645263672
174970,normal,427,0,1782360731.5428483,0.0017635822296142578
174971,normal,873,2,1782360731.5449953,0.0021469593048095703
174972,normal,3704,0,1782360731.5470464,0.002051115036010742
174973,normal,75,0,1782360731.5490093,0.001962900161743164
174974,normal,2411,0,1782360731.5511537,0.002144336700439453
174975,normal,2177,0,1782360731.5530581,0.0019044876098632812
174976,normal,481,0,1782360731.5548506,0.0017924308776855469
174977,normal,1682,0,1782360731.5571284,0.002277851104736328
174978,normal,3063,1,1782360731.5591516,0.0020232200622558594
174979,normal,2219,0,1782360731.560819,0.0016672611236572266
174980,normal,1338,1,1782360731.5631495,0.0023305416107177734
174981,normal,2075,0,1782360731.565167,0.002017498016357422
174982,normal,372,0,1782360731.5671031,0.001936197280883789
174983,normal,3499,0,1782360731.5691361,0.0020329952239990234
174984,normal,178,0,1782360731.571024,0.0018877983093261719
174985,normal,783,2,1782360731.5733502,0.0023262500762939453
174986,normal,1136,0,1782360731.5757775,0.002427339553833008
174987,normal,280,0,1782360731.576566,0.0007884502410888672
174988,normal,3623,0,1782360731.5790126,0.0024466514587402344
174989,normal,1249,0,1782360731.58134,0.002327442169189453
174990,normal,1676,0,1782360731.583513,0.0021729469299316406
174991,normal,1465,0,1782360731.5854568,0.001943826675415039
174992,normal,2116,0,1782360731.5871742,0.0017173290252685547
174993,normal,271,0,1782360731.5884838,0.0013096332550048828
174994,normal,2714,0,1782360731.590821,0.002337217330932617
174995,normal,673,0,1782360731.5927844,0.001963376998901367
174996,normal,2933,0,1782360731.594719,0.0019345283508300781
174997,normal,869,2,1782360731.5964813,0.00176239013671875
174998,normal,818,2,1782360731.598895,0.0024137496948242188
174999,normal,384,0,1782360731.60048,0.0015850067138671875
175000,normal,3214,1,1782360731.6028605,0.00238037109375
175001,normal,3312,1,1782360731.604623,0.0017626285552978516
175002,normal,2885,0,1782360731.6079702,0.003347158432006836
175003,normal,1432,0,1782360731.6087365,0.0007662773132324219
175004,normal,972,2,1782360731.6108649,0.0021283626556396484
175005,normal,3551,0,1782360731.6131318,0.0022668838500976562
175006,normal,587,0,1782360731.615002,0.0018701553344726562
175007,normal,1901,0,1782360731.6171334,0.0021314620971679688
175008,normal,127,0,1782360731.6190224,0.0018889904022216797
175009,normal,514,0,1782360731.6210756,0.0020532608032226562
175010,normal,1186,0,1782360731.623179,0.0021033287048339844
175011,normal,2197,0,1782360731.6251962,0.0020172595977783203
175012,normal,2705,0,1782360731.6273227,0.002126455307006836
175013,normal,468,0,1782360731.6297965,0.0024738311767578125
175014,normal,389,0,1782360731.6315768,0.0017802715301513672
175015,normal,2409,0,1782360731.6332543,0.0016775131225585938
175016,normal,2109,0,1782360731.6351585,0.0019042491912841797
175017,normal,791,2,1782360731.6370356,0.0018770694732666016
175018,normal,615,0,1782360731.63934,0.0023043155670166016
175019,normal,502,0,1782360731.6411383,0.001798391342163086
175020,normal,3480,0,1782360731.6431825,0.002044200897216797
175021,normal,31,0,1782360731.6453507,0.0021681785583496094
175022,normal,1390,0,1782360731.6478052,0.002454519271850586
175023,normal,1981,0,1782360731.6486802,0.0008749961853027344
175024,normal,1930,0,1782360731.6507747,0.0020945072174072266
175025,normal,194,0,1782360731.6529703,0.002195596694946289
175026,normal,3066,1,1782360731.6552594,0.0022890567779541016
175027,normal,376,0,1782360731.657108,0.0018486976623535156
175028,normal,1257,0,1782360731.6593947,0.002286672592163086
175029,normal,3670,0,1782360731.6611922,0.0017974376678466797
175030,normal,1379,1,1782360731.6633189,0.0021266937255859375
175031,normal,2215,0,1782360731.6651342,0.0018153190612792969
175032,normal,185,0,1782360731.6671576,0.002023458480834961
175033,normal,415,0,1782360731.668472,0.001314401626586914
175034,normal,59,0,1782360731.6709156,0.002443552017211914
175035,normal,3042,0,1782360731.6728086,0.0018930435180664062
175036,normal,1525,0,1782360731.6750183,0.0022096633911132812
175037,normal,3490,0,1782360731.6768765,0.0018582344055175781
175038,normal,1444,0,1782360731.6789706,0.0020940303802490234
175039,normal,1630,0,1782360731.6810374,0.0020668506622314453
175040,normal,34,0,1782360731.6830213,0.0019838809967041016
175041,normal,959,2,1782360731.6848934,0.0018720626831054688
175042,normal,2553,0,1782360731.6867354,0.0018420219421386719
175043,normal,1582,0,1782360731.6889865,0.002251148223876953
175044,normal,1572,0,1782360731.6908865,0.0018999576568603516
175045,normal,397,0,1782360731.6928835,0.0019969940185546875
175046,normal,2577,0,1782360731.694837,0.001953601837158203
175047,normal,2367,0,1782360731.6972845,0.002447366714477539
175048,normal,325,0,1782360731.6988997,0.001615285873413086
175049,normal,2791,0,1782360731.7008293,0.0019295215606689453
175050,normal,2578,0,1782360731.7030838,0.002254486083984375
175051,normal,1308,0,1782360731.7049067,0.0018229484558105469
175052,normal,189,0,1782360731.7069852,0.002078533172607422
175053,normal,1810,0,1782360731.7088995,0.0019142627716064453
175054,normal,95,0,1782360731.7108986,0.0019991397857666016
175055,normal,575,0,1782360731.7136583,0.002759695053100586
175056,normal,2982,0,1782360731.7154303,0.0017719268798828125
175057,normal,2141,0,1782360731.7174075,0.001977205276489258
175058,normal,2772,0,1782360731.7192414,0.0018339157104492188
175059,normal,1997,0,1782360731.721246,0.0020046234130859375
175060,normal,1722,0,1782360731.7229846,0.0017385482788085938
175061,normal,857,2,1782360731.7250545,0.0020699501037597656
175062,normal,1605,0,1782360731.7270017,0.001947164535522461
175063,normal,466,0,1782360731.7290916,0.002089977264404297
175064,normal,3519,0,1782360731.7310715,0.001979827880859375
175065,normal,2374,0,1782360731.7329757,0.0019042491912841797
175066,normal,1920,0,1782360731.7349787,0.0020029544830322266
175067,normal,1262,0,1782360731.737351,0.002372264862060547
175068,normal,1115,0,1782360731.7391183,0.0017673969268798828
175069,normal,1848,0,1782360731.740985,0.0018665790557861328
175070,normal,2950,0,1782360731.7428873,0.0019023418426513672
175071,normal,1316,0,1782360731.7450647,0.0021774768829345703
175072,normal,1659,0,1782360731.7470474,0.0019826889038085938
175073,normal,2350,0,1782360731.7493513,0.0023038387298583984
175074,normal,2939,0,1782360731.7511287,0.0017774105072021484
175075,normal,3371,1,1782360731.7527792,0.0016505718231201172
175076,normal,3293,1,1782360731.754789,0.002009868621826172
175077,normal,2014,0,1782360731.7573948,0.0026056766510009766
175078,normal,604,0,1782360731.7593596,0.0019648075103759766
175079,normal,2680,0,1782360731.761276,0.0019164085388183594
175080,normal,1377,1,1782360731.7634046,0.00212860107421875
175081,normal,1668,0,1782360731.7653916,0.001986980438232422
175082,normal,132,0,1782360731.7672825,0.0018908977508544922
175083,normal,1631,0,1782360731.7693083,0.0020258426666259766
175084,normal,2979,0,1782360731.7704115,0.0011031627655029297
175085,normal,2686,0,1782360731.7726219,0.002210378646850586
175086,normal,2835,0,1782360731.77454,0.0019180774688720703
175087,normal,559,0,1782360731.7765148,0.001974821090698242
175088,normal,311,0,1782360731.7795088,0.002994060516357422
175089,normal,3260,1,1782360731.781221,0.0017120838165283203
175090,normal,3234,1,1782360731.7833261,0.002105236053466797
175091,normal,2164,0,1782360731.7851374,0.0018112659454345703
175092,normal,407,0,1782360731.7872972,0.0021598339080810547
175093,normal,2381,0,1782360731.7894332,0.0021359920501708984
175094,normal,1789,0,1782360731.7913003,0.001867055892944336
175095,normal,2540,0,1782360731.7931402,0.0018398761749267578
175096,normal,1250,0,1782360731.7953246,0.0021843910217285156
175097,normal,355,0,1782360731.7977784,0.0024538040161132812
175098,normal,2640,0,1782360731.7998877,0.0021092891693115234
175099,normal,2066,0,1782360731.800514,0.0006263256072998047
175100,normal,2605,0,1782360731.8030617,0.002547740936279297
175101,normal,545,0,1782360731.8054502,0.002388477325439453
175102,normal,2997,0,1782360731.8064198,0.0009696483612060547
175103,normal,2280,0,1782360731.808828,0.002408266067504883
175104,normal,1341,1,1782360731.810415,0.0015869140625
175105,normal,2760,0,1782360731.8125696,0.0021545886993408203
175106,normal,387,0,1782360731.8148322,0.002262592315673828
175107,normal,2173,0,1782360731.816488,0.0016558170318603516
175108,normal,917,2,1782360731.8188338,0.0023458003997802734
175109,normal,165,0,1782360731.8206313,0.0017974376678466797
175110,normal,3032,0,1782360731.822728,0.0020966529846191406
175111,normal,1425,0,1782360731.8246424,0.0019145011901855469
175112,normal,1670,0,1782360731.8266342,0.001991748809814453
175113,normal,1355,1,1782360731.8287244,0.0020902156829833984
175114,normal,1466,0,1782360731.8306417,0.0019173622131347656
175115,normal,3179,1,1782360731.8328097,0.002167940139770508
175116,normal,1654,0,1782360731.8346298,0.0018200874328613281
175117,normal,2648,0,1782360731.8364968,0.001867055892944336
175118,normal,3053,1,1782360731.838908,0.0024111270904541016
175119,normal,1017,2,1782360731.840734,0.0018260478973388672
175120,normal,158,0,1782360731.842589,0.0018548965454101562
175121,normal,1260,0,1782360731.844713,0.0021240711212158203
175122,normal,2428,0,1782360731.8464172,0.0017042160034179688
175123,normal,1458,0,1782360731.8488207,0.0024034976959228516
175124,normal,2501,0,1782360731.8506265,0.0018057823181152344
175125,normal,2998,0,1782360731.8528173,0.002190828323364258
175126,normal,2070,0,1782360731.854607,0.0017898082733154297
175127,normal,1660,0,1782360731.8565779,0.0019707679748535156
175128,normal,1058,0,1782360731.85873,0.0021522045135498047
175129,normal,2541,0,1782360731.8606396,0.001909494400024414
175130,normal,3529,0,1782360731.8629723,0.0023326873779296875
175131,normal,2719,0,1782360731.8647099,0.0017375946044921875
175132,normal,2363,0,1782360731.8666337,0.0019237995147705078
175133,normal,1478,0,1782360731.8688216,0.002187967300415039
175134,normal,149,0,1782360731.870477,0.0016553401947021484
175135,normal,975,2,1782360731.8728027,0.002325773239135742
175136,normal,1291,0,1782360731.8747523,0.0019495487213134766
175137,normal,3364,1,1782360731.8764293,0.0016770362854003906
175138,normal,3118,1,1782360731.878604,0.0021746158599853516
175139,normal,3180,1,1782360731.8806155,0.002011537551879883
175140,normal,2489,0,1782360731.882438,0.0018224716186523438
175141,normal,3201,1,1782360731.8846233,0.002185344696044922
175142,normal,333,0,1782360731.8865285,0.001905202865600586
175143,normal,2474,0,1782360731.8884768,0.0019483566284179688
175144,normal,1521,0,1782360731.8905802,0.0021033287048339844
175145,normal,2584,0,1782360731.8926303,0.002050161361694336
175146,normal,923,2,1782360731.894436,0.0018055438995361328
175147,normal,2976,0,1782360731.896617,0.0021810531616210938
175148,normal,1200,0,1782360731.898657,0.0020401477813720703
175149,normal,1517,0,1782360731.9004288,0.001771688461303711
175150,normal,388,0,1782360731.9026046,0.0021758079528808594
175151,normal,2064,0,1782360731.904614,0.0020093917846679688
175152,normal,1011,2,1782360731.9064543,0.001840353012084961
175153,normal,107,0,1782360731.908595,0.0021407604217529297
175154,normal,269,0,1782360731.9106548,0.0020596981048583984
175155,normal,2077,0,1782360731.9124305,0.0017757415771484375
175156,normal,848,2,1782360731.9146054,0.002174854278564453
175157,normal,674,0,1782360731.9165957,0.0019903182983398438
175158,normal,2660,0,1782360731.9184258,0.0018301010131835938
175159,normal,1454,0,1782360731.9206445,0.0022187232971191406
175160,normal,2325,0,1782360731.9225438,0.0018992424011230469
175161,normal,989,2,1782360731.9244263,0.0018825531005859375
175162,normal,134,0,1782360731.9266114,0.0021851062774658203
175163,normal,3678,0,1782360731.9285986,0.0019872188568115234
175164,normal,1198,0,1782360731.9304354,0.0018367767333984375
175165,normal,1706,0,1782360731.9326196,0.002184152603149414
175166,normal,2916,0,1782360731.9346874,0.0020678043365478516
175167,normal,1619,0,1782360731.9364276,0.0017402172088623047
175168,normal,3147,1,1782360731.938608,0.002180337905883789
175169,normal,2733,0,1782360731.940599,0.0019910335540771484
175170,normal,640,0,1782360731.9424286,0.0018296241760253906
175171,normal,2600,0,1782360731.9446387,0.0022101402282714844
175172,normal,885,2,1782360731.9465249,0.001886129379272461
175173,normal,442,0,1782360731.9484308,0.0019059181213378906
175174,normal,3044,0,1782360731.9506092,0.0021784305572509766
175175,normal,1118,0,1782360731.95271,0.002100706100463867
175176,normal,798,2,1782360731.9544306,0.0017206668853759766
175177,normal,1837,0,1782360731.9566329,0.002202272415161133
175178,normal,1922,0,1782360731.958703,0.002070188522338867
175179,normal,181,0,1782360731.9604294,0.001726388931274414
175180,normal,820,2,1782360731.9626124,0.0021829605102539062
175181,normal,1265,0,1782360731.9645967,0.0019843578338623047
175182,normal,1082,0,1782360731.966432,0.0018353462219238281
175183,normal,3164,1,1782360731.9686308,0.0021986961364746094
175184,normal,2460,0,1782360731.9705446,0.0019137859344482422
175185,normal,3355,1,1782360731.9724283,0.0018837451934814453
175186,normal,550,0,1782360731.974608,0.0021796226501464844
175187,normal,2478,0,1782360731.9765966,0.001988649368286133
175188,normal,2963,0,1782360731.9784276,0.0018310546875
175189,normal,1086,0,1782360731.980604,0.0021762847900390625
175190,normal,2296,0,1782360731.9825847,0.0019807815551757812
175191,normal,3405,0,1782360731.984432,0.0018472671508789062
175192,normal,2233,0,1782360731.9865868,0.002154827117919922
175193,normal,843,2,1782360731.9885945,0.002007722854614258
175194,normal,159,0,1782360731.9904451,0.0018506050109863281
175195,normal,1029,2,1782360731.9925768,0.0021317005157470703
175196,normal,2611,0,1782360731.9945934,0.0020165443420410156
175197,normal,2636,0,1782360731.9964511,0.001857757568359375
175198,normal,3358,1,1782360731.9985757,0.0021245479583740234
175199,normal,3089,1,1782360732.000597,0.002021312713623047
175200,normal,3583,0,1782360732.0024269,0.0018298625946044922
175201,normal,1763,0,1782360732.0046086,0.0021817684173583984
175202,normal,2964,0,1782360732.0065928,0.001984119415283203
175203,normal,3244,1,1782360732.008432,0.0018391609191894531
175204,normal,3122,1,1782360732.0104582,0.0020263195037841797
175205,normal,1254,0,1782360732.012615,0.0021567344665527344
175206,normal,3662,0,1782360732.0144293,0.0018143653869628906
175207,normal,2135,0,1782360732.0166261,0.002196788787841797
175208,normal,509,0,1782360732.018604,0.0019779205322265625
175209,normal,2303,0,1782360732.0204275,0.00182342529296875
175210,normal,2758,0,1782360732.0225296,0.0021021366119384766
175211,normal,258,0,1782360732.024595,0.002065420150756836
175212,normal,1893,0,1782360732.0264277,0.001832723617553711
175213,normal,1025,2,1782360732.028628,0.0022003650665283203
175214,normal,1751,0,1782360732.030607,0.0019788742065429688
175215,normal,1622,0,1782360732.032427,0.0018200874328613281
175216,normal,141,0,1782360732.0346086,0.002181529998779297
175217,normal,3382,1,1782360732.0365949,0.001986265182495117
175218,normal,1862,0,1782360732.0384288,0.0018339157104492188
175219,normal,2396,0,1782360732.0406034,0.0021746158599853516
175220,normal,2419,0,1782360732.0425982,0.0019948482513427734
175221,normal,3269,1,1782360732.044427,0.0018286705017089844
175222,normal,540,0,1782360732.046612,0.0021851062774658203
175223,normal,426,0,1782360732.0486171,0.0020051002502441406
175224,normal,785,2,1782360732.050429,0.001811981201171875
175225,normal,3220,1,1782360732.052633,0.0022039413452148438
175226,normal,2845,0,1782360732.0545447,0.0019116401672363281
175227,normal,1013,2,1782360732.0564272,0.0018825531005859375
175228,normal,1929,0,1782360732.0586116,0.0021843910217285156
175229,normal,1492,0,1782360732.060595,0.0019834041595458984
175230,normal,160,0,1782360732.0624282,0.001833200454711914
175231,normal,1821,0,1782360732.0646064,0.002178192138671875
175232,normal,2054,0,1782360732.066623,0.0020165443420410156
175233,normal,948,2,1782360732.0684266,0.0018036365509033203
175234,normal,2128,0,1782360732.0706127,0.0021860599517822266
175235,normal,2445,0,1782360732.0725954,0.0019826889038085938
175236,normal,469,0,1782360732.0744264,0.0018310546875
175237,normal,2935,0,1782360732.0766325,0.002206087112426758
175238,normal,2340,0,1782360732.0785933,0.00196075439453125
175239,normal,3675,0,1782360732.0804265,0.001833200454711914
175240,normal,3304,1,1782360732.0824823,0.0020558834075927734
175241,normal,590,0,1782360732.0845966,0.0021142959594726562
175242,normal,1867,0,1782360732.0864358,0.0018391609191894531
175243,normal,1535,0,1782360732.0885608,0.0021250247955322266
175244,normal,381,0,1782360732.090632,0.0020711421966552734
175245,normal,589,0,1782360732.09243,0.0017981529235839844
175246,normal,1924,0,1782360732.0946114,0.0021812915802001953
175247,normal,806,2,1782360732.0966344,0.002022981643676758
175248,normal,629,0,1782360732.0984356,0.0018012523651123047
175249,normal,58,0,1782360732.1006377,0.0022020339965820312
175250,normal,3568,0,1782360732.1025274,0.0018897056579589844
175251,normal,2849,0,1782360732.1044288,0.001901388168334961
175252,normal,2214,0,1782360732.1066504,0.0022215843200683594
175253,normal,3653,0,1782360732.1085825,0.0019321441650390625
175254,normal,3509,0,1782360732.1104302,0.0018477439880371094
175255,normal,166,0,1782360732.1126292,0.002198934555053711
175256,normal,1051,0,1782360732.1146407,0.002011537551879883
175257,normal,3083,1,1782360732.1164267,0.0017859935760498047
175258,normal,2840,0,1782360732.118619,0.002192258834838867
175259,normal,3559,0,1782360732.1205983,0.001979351043701172
175260,normal,2372,0,1782360732.1224272,0.001828908920288086
175261,normal,2804,0,1782360732.1246357,0.0022084712982177734
175262,normal,965,2,1782360732.1266563,0.002020597457885742
175263,normal,3024,0,1782360732.1284304,0.0017740726470947266
175264,normal,2681,0,1782360732.1306202,0.0021898746490478516
175265,normal,89,0,1782360732.1325927,0.0019724369049072266
175266,normal,2071,0,1782360732.1344361,0.0018434524536132812
175267,normal,811,2,1782360732.1366346,0.002198457717895508
175268,normal,2490,0,1782360732.1386893,0.0020546913146972656
175269,normal,2961,0,1782360732.1404276,0.0017383098602294922
175270,normal,3279,1,1782360732.142615,0.002187490463256836
175271,normal,2195,0,1782360732.1446197,0.0020046234130859375
175272,normal,3612,0,1782360732.1464365,0.0018167495727539062
175273,normal,1982,0,1782360732.1486373,0.0022008419036865234
175274,normal,1641,0,1782360732.1506593,0.0020220279693603516
175275,normal,1965,0,1782360732.1524296,0.0017702579498291016
175276,normal,3242,1,1782360732.1546183,0.0021886825561523438
175277,normal,925,2,1782360732.156583,0.0019648075103759766
175278,normal,1704,0,1782360732.1584296,0.0018465518951416016
175279,normal,1353,1,1782360732.1606379,0.002208232879638672
175280,normal,733,0,1782360732.1626613,0.002023458480834961
175281,normal,1398,0,1782360732.1644344,0.0017731189727783203
175282,normal,661,0,1782360732.1666162,0.0021817684173583984
175283,normal,2102,0,1782360732.1685972,0.001981019973754883
175284,normal,1276,0,1782360732.1704266,0.001829385757446289
175285,normal,669,0,1782360732.1726353,0.002208709716796875
175286,normal,2815,0,1782360732.1745193,0.0018839836120605469
175287,normal,1073,0,1782360732.1764297,0.0019104480743408203
175288,normal,2751,0,1782360732.1786156,0.002185821533203125
175289,normal,1694,0,1782360732.1805933,0.001977682113647461
175290,normal,1560,0,1782360732.1824272,0.0018339157104492188
175291,normal,1038,0,1782360732.1846347,0.002207517623901367
175292,normal,3397,1,1782360732.1865249,0.0018901824951171875
175293,normal,1989,0,1782360732.1884289,0.0019040107727050781
175294,normal,1979,0,1782360732.190617,0.0021882057189941406
175295,normal,2380,0,1782360732.1926038,0.0019867420196533203
175296,normal,1057,0,1782360732.194431,0.001827239990234375
175297,normal,461,0,1782360732.1966884,0.0022573471069335938
175298,normal,2142,0,1782360732.198646,0.0019576549530029297
175299,normal,901,2,1782360732.200437,0.0017910003662109375
175300,normal,3555,0,1782360732.202617,0.002179861068725586
175301,normal,1372,1,1782360732.2046204,0.0020034313201904297
175302,normal,475,0,1782360732.2064285,0.00180816650390625
175303,normal,1518,0,1782360732.2084856,0.0020570755004882812
175304,normal,487,0,1782360732.2105758,0.0020902156829833984
175305,normal,780,2,1782360732.2124314,0.001855611801147461
175306,normal,2509,0,1782360732.2146235,0.0021920204162597656
175307,normal,832,2,1782360732.2166004,0.0019769668579101562
175308,normal,893,2,1782360732.2184315,0.0018310546875
175309,normal,1512,0,1782360732.2205734,0.0021419525146484375
175310,normal,3004,0,1782360732.2226105,0.00203704833984375
175311,normal,2739,0,1782360732.224428,0.001817464828491211
175312,normal,1516,0,1782360732.2265882,0.002160310745239258
175313,normal,2107,0,1782360732.2285955,0.0020072460174560547
175314,normal,2479,0,1782360732.2304292,0.0018336772918701172
175315,normal,671,0,1782360732.2325978,0.0021686553955078125
175316,normal,598,0,1782360732.234591,0.0019931793212890625
175317,normal,3149,1,1782360732.2364285,0.0018374919891357422
175318,normal,3144,1,1782360732.2385936,0.002165079116821289
175319,normal,838,2,1782360732.2406044,0.002010822296142578
175320,normal,1001,2,1782360732.2424352,0.0018308162689208984
175321,normal,3441,0,1782360732.2446103,0.0021750926971435547
175322,normal,2649,0,1782360732.2465975,0.0019872188568115234
175323,normal,489,0,1782360732.2484307,0.001833200454711914
175324,normal,1142,0,1782360732.250598,0.002167224884033203
175325,normal,516,0,1782360732.2525961,0.0019981861114501953
175326,normal,207,0,1782360732.2544286,0.0018324851989746094
175327,normal,723,0,1782360732.2566197,0.0021910667419433594
175328,normal,2637,0,1782360732.2586,0.001980304718017578
175329,normal,870,2,1782360732.2604296,0.0018296241760253906
175330,normal,203,0,1782360732.2626033,0.0021736621856689453
175331,normal,2420,0,1782360732.2645867,0.0019834041595458984
175332,normal,3402,0,1782360732.2664294,0.0018427371978759766
175333,normal,1616,0,1782360732.269004,0.0025746822357177734
175334,normal,1117,0,1782360732.270593,0.0015888214111328125
175335,normal,881,2,1782360732.2726238,0.0020308494567871094
175336,normal,987,2,1782360732.2745986,0.001974821090698242
175337,normal,744,0,1782360732.2765994,0.0020008087158203125
175338,normal,3320,1,1782360732.2784293,0.0018298625946044922
175339,normal,1727,0,1782360732.2805905,0.002161264419555664
175340,normal,593,0,1782360732.2826142,0.0020236968994140625
175341,normal,1030,0,1782360732.2844357,0.0018215179443359375
175342,normal,433,0,1782360732.2866137,0.0021779537200927734
175343,normal,476,0,1782360732.2886043,0.0019905567169189453
175344,normal,2894,0,1782360732.2904282,0.0018239021301269531
175345,normal,2627,0,1782360732.2928655,0.0024373531341552734
175346,normal,2794,0,1782360732.294579,0.0017135143280029297
175347,normal,2482,0,1782360732.296451,0.0018720626831054688
175348,normal,1850,0,1782360732.2986085,0.002157449722290039
175349,normal,3395,1,1782360732.3005972,0.001988649368286133
175350,normal,2449,0,1782360732.3024275,0.0018303394317626953
175351,normal,3609,0,1782360732.3046222,0.002194643020629883
175352,normal,938,2,1782360732.306603,0.0019807815551757812
175353,normal,2455,0,1782360732.3084557,0.0018527507781982422
175354,normal,1838,0,1782360732.3106081,0.0021524429321289062
175355,normal,3058,1,1782360732.3125956,0.001987457275390625
175356,normal,3655,0,1782360732.3144271,0.0018315315246582031
175357,normal,3153,1,1782360732.3165963,0.0021691322326660156
175358,normal,3315,1,1782360732.3186328,0.002036571502685547
175359,normal,3682,0,1782360732.3204339,0.0018010139465332031
175360,normal,2946,0,1782360732.322605,0.002171039581298828
175361,normal,1688,0,1782360732.324629,0.0020241737365722656
175362,normal,1381,1,1782360732.3264444,0.0018153190612792969
175363,normal,1237,0,1782360732.3285933,0.002148866653442383
175364,normal,2370,0,1782360732.330601,0.002007722854614258
175365,normal,1519,0,1782360732.3324294,0.0018284320831298828
175366,normal,2889,0,1782360732.334627,0.0021975040435791016
175367,normal,926,2,1782360732.3366394,0.002012491226196289
175368,normal,3500,0,1782360732.3384302,0.001790761947631836
175369,normal,3209,1,1782360732.340621,0.002190828323364258
175370,normal,1153,0,1782360732.3424745,0.0018534660339355469
175371,normal,3412,0,1782360732.3445117,0.0020372867584228516
175372,normal,2930,0,1782360732.3464406,0.0019288063049316406
175373,normal,1691,0,1782360732.3489692,0.002528667449951172
175374,normal,943,2,1782360732.3505094,0.0015401840209960938
175375,normal,289,0,1782360732.3526397,0.002130270004272461
175376,normal,188,0,1782360732.3547044,0.0020647048950195312
175377,normal,3445,0,1782360732.3564825,0.0017781257629394531
175378,normal,2599,0,1782360732.358745,0.002262592315673828
175379,normal,2927,0,1782360732.3607783,0.002033233642578125
175380,normal,1590,0,1782360732.3627176,0.0019392967224121094
175381,normal,2368,0,1782360732.3648524,0.0021347999572753906
175382,normal,1543,0,1782360732.3666265,0.0017740726470947266
175383,normal,755,0,1782360732.3687222,0.0020956993103027344
175384,normal,1575,0,1782360732.3706906,0.0019683837890625
175385,normal,2405,0,1782360732.372631,0.0019404888153076172
175386,normal,1111,0,1782360732.374738,0.002106904983520508
175387,normal,2176,0,1782360732.3768365,0.002098560333251953
175388,normal,2104,0,1782360732.3788013,0.0019648075103759766
175389,normal,1974,0,1782360732.3804724,0.0016710758209228516
175390,normal,3264,1,1782360732.383486,0.00301361083984375
175391,normal,858,2,1782360732.385247,0.0017609596252441406
175392,normal,300,0,1782360732.3872745,0.0020275115966796875
175393,normal,3571,0,1782360732.3891437,0.00186920166015625
175394,normal,3238,1,1782360732.391773,0.0026292800903320312
175395,normal,1437,0,1782360732.3939195,0.002146482467651367
175396,normal,2635,0,1782360732.3946981,0.0007786750793457031
175397,normal,3652,0,1782360732.397046,0.0023479461669921875
175398,normal,3378,1,1782360732.3993533,0.0023071765899658203
175399,normal,3275,1,1782360732.4011047,0.0017514228820800781
175400,normal,2693,0,1782360732.4037986,0.0026938915252685547
175401,normal,3608,0,1782360732.4058967,0.00209808349609375
175402,normal,282,0,1782360732.4067175,0.0008208751678466797
175403,normal,781,2,1782360732.4088666,0.0021491050720214844
175404,normal,1807,0,1782360732.4111195,0.002252817153930664
175405,normal,642,0,1782360732.4124913,0.0013718605041503906
175406,normal,3265,1,1782360732.4148235,0.0023322105407714844
175407,normal,2614,0,1782360732.4164898,0.0016663074493408203
175408,normal,821,2,1782360732.4189568,0.002466917037963867
175409,normal,1564,0,1782360732.420635,0.0016782283782958984
175410,normal,1569,0,1782360732.4227285,0.0020935535430908203
175411,normal,691,0,1782360732.4247458,0.0020172595977783203
175412,normal,1361,1,1782360732.4268394,0.0020935535430908203
175413,normal,3163,1,1782360732.4284892,0.0016498565673828125
175414,normal,3353,1,1782360732.4308512,0.0023620128631591797
175415,normal,229,0,1782360732.432634,0.0017828941345214844
175416,normal,3057,1,1782360732.434842,0.0022079944610595703
175417,normal,2010,0,1782360732.4366813,0.0018391609191894531
175418,normal,236,0,1782360732.4389362,0.002254962921142578
175419,normal,1033,0,1782360732.440481,0.0015447139739990234
175420,normal,2903,0,1782360732.4428616,0.0023806095123291016
175421,normal,2607,0,1782360732.444623,0.0017614364624023438
175422,normal,2008,0,1782360732.4467187,0.0020956993103027344
175423,normal,2271,0,1782360732.4487002,0.001981496810913086
175424,normal,1311,0,1782360732.4508817,0.002181529998779297
175425,normal,905,2,1782360732.4525867,0.0017049312591552734
175426,normal,2397,0,1782360732.4544713,0.0018846988677978516
175427,normal,904,2,1782360732.4566154,0.0021440982818603516
175428,normal,3424,0,1782360732.4587274,0.0021119117736816406
175429,normal,2332,0,1782360732.4606266,0.0018992424011230469
175430,normal,1179,0,1782360732.4628575,0.0022308826446533203
175431,normal,1178,0,1782360732.4644823,0.0016248226165771484
175432,normal,2065,0,1782360732.4669557,0.0024733543395996094
175433,normal,218,0,1782360732.4686086,0.0016529560089111328
175434,normal,1269,0,1782360732.4704752,0.0018665790557861328
175435,normal,2742,0,1782360732.4726882,0.002213001251220703
175436,normal,1259,0,1782360732.4746468,0.001958608627319336
175437,normal,1739,0,1782360732.4764752,0.0018284320831298828
175438,normal,3307,1,1782360732.4786363,0.0021610260009765625
175439,normal,3197,1,1782360732.4808168,0.0021805763244628906
175440,normal,2547,0,1782360732.482455,0.001638174057006836
175441,normal,2987,0,1782360732.4846294,0.00217437744140625
175442,normal,40,0,1782360732.4866104,0.001981019973754883
175443,normal,2356,0,1782360732.488433,0.0018224716186523438
175444,normal,2980,0,1782360732.4906547,0.002221822738647461
175445,normal,1323,1,1782360732.492542,0.0018873214721679688
175446,normal,2321,0,1782360732.4944327,0.0018906593322753906
175447,normal,533,0,1782360732.4966292,0.0021965503692626953
175448,normal,497,0,1782360732.4986193,0.001990079879760742
175449,normal,1925,0,1782360732.500432,0.0018126964569091797
175450,normal,446,0,1782360732.5029495,0.0025174617767333984
175451,normal,1024,2,1782360732.5047083,0.0017588138580322266
175452,normal,794,2,1782360732.5068605,0.0021522045135498047
175453,normal,799,2,1782360732.5084817,0.001621246337890625
175454,normal,1939,0,1782360732.5108166,0.0023348331451416016
175455,normal,942,2,1782360732.5124836,0.001667022705078125
175456,normal,1825,0,1782360732.5148048,0.0023212432861328125
175457,normal,2618,0,1782360732.5166223,0.001817464828491211
175458,normal,611,0,1782360732.5189857,0.002363443374633789
175459,normal,472,0,1782360732.520704,0.001718282699584961
175460,normal,3699,0,1782360732.5226119,0.0019078254699707031
175461,normal,2542,0,1782360732.5248232,0.002211332321166992
175462,normal,2440,0,1782360732.5265074,0.0016841888427734375
175463,normal,3322,1,1782360732.5284765,0.0019690990447998047
175464,normal,2816,0,1782360732.5305002,0.0020236968994140625
175465,normal,3503,0,1782360732.5323918,0.0018916130065917969
175466,normal,2256,0,1782360732.5344555,0.002063751220703125
175467,normal,1039,0,1782360732.5364406,0.0019850730895996094
175468,normal,568,0,1782360732.5384548,0.00201416015625
175469,normal,1015,2,1782360732.5404658,0.0020110607147216797
175470,normal,2364,0,1782360732.542754,0.0022881031036376953
175471,normal,2665,0,1782360732.544456,0.0017020702362060547
175472,normal,2048,0,1782360732.5465791,0.002123117446899414
175473,normal,15,0,1782360732.5487034,0.002124309539794922
175474,normal,635,0,1782360732.550569,0.0018656253814697266
175475,normal,2657,0,1782360732.5526822,0.0021131038665771484
175476,normal,357,0,1782360732.5545769,0.0018947124481201172
175477,normal,3330,1,1782360732.5566907,0.002113819122314453
175478,normal,3187,1,1782360732.55856,0.00186920166015625
175479,normal,3273,1,1782360732.560735,0.0021750926971435547
175480,normal,1217,0,1782360732.5625627,0.0018277168273925781
175481,normal,2587,0,1782360732.5646517,0.0020890235900878906
175482,normal,1959,0,1782360732.5665672,0.0019154548645019531
175483,normal,3305,1,1782360732.568693,0.0021257400512695312
175484,normal,3086,1,1782360732.570568,0.001875162124633789
175485,normal,3631,0,1782360732.5726614,0.0020933151245117188
175486,normal,1610,0,1782360732.5745578,0.0018963813781738281
175487,normal,1333,1,1782360732.5766604,0.0021026134490966797
175488,normal,685,0,1782360732.5785778,0.0019173622131347656
175489,normal,1502,0,1782360732.5814996,0.0029218196868896484
175490,normal,3431,0,1782360732.5827334,0.001233816146850586
175491,normal,2330,0,1782360732.584829,0.0020956993103027344
175492,normal,3156,1,1782360732.586547,0.0017178058624267578
175493,normal,2439,0,1782360732.5887642,0.0022172927856445312
175494,normal,61,0,1782360732.590764,0.0019998550415039062
175495,normal,721,0,1782360732.5926259,0.0018618106842041016
175496,normal,3506,0,1782360732.594537,0.001911163330078125
175497,normal,3218,1,1782360732.596752,0.0022149085998535156
175498,normal,1175,0,1782360732.5984862,0.0017342567443847656
175499,normal,112,0,1782360732.6005328,0.0020465850830078125
175500,normal,1563,0,1782360732.6024392,0.0019063949584960938
175501,normal,1910,0,1782360732.6045392,0.0020999908447265625
175502,normal,692,0,1782360732.6066601,0.0021209716796875
175503,normal,3375,1,1782360732.6084833,0.0018231868743896484
175504,normal,445,0,1782360732.6107175,0.002234220504760742
175505,normal,3598,0,1782360732.6124825,0.0017650127410888672
175506,normal,1777,0,1782360732.6145432,0.0020606517791748047
175507,normal,2879,0,1782360732.6165314,0.0019881725311279297
175508,normal,143,0,1782360732.6185267,0.0019953250885009766
175509,normal,2871,0,1782360732.6205747,0.002048015594482422
175510,normal,662,0,1782360732.6226032,0.0020284652709960938
175511,normal,894,2,1782360732.6246133,0.0020101070404052734
175512,normal,464,0,1782360732.6264117,0.001798391342163086
175513,normal,726,0,1782360732.6285393,0.0021276473999023438
175514,normal,148,0,1782360732.6307104,0.002171039581298828
175515,normal,1302,0,1782360732.6326842,0.001973867416381836
175516,normal,1496,0,1782360732.6344872,0.0018029212951660156
175517,normal,567,0,1782360732.6366186,0.0021314620971679688
175518,normal,1580,0,1782360732.6386247,0.002006053924560547
175519,normal,1765,0,1782360732.640574,0.001949310302734375
175520,normal,306,0,1782360732.6426983,0.002124309539794922
175521,normal,2189,0,1782360732.6448696,0.0021712779998779297
175522,normal,3404,0,1782360732.6468523,0.0019826889038085938
175523,normal,3,0,1782360732.648625,0.0017726421356201172
175524,normal,2921,0,1782360732.6507175,0.002092599868774414
175525,normal,39,0,1782360732.6527534,0.002035856246948242
175526,normal,3486,0,1782360732.6545653,0.001811981201171875
175527,normal,1527,0,1782360732.6566012,0.002035856246948242
175528,normal,676,0,1782360732.6584961,0.0018949508666992188
175529,normal,3425,0,1782360732.6606894,0.0021932125091552734
175530,normal,560,0,1782360732.6628058,0.0021164417266845703
175531,normal,2277,0,1782360732.664497,0.0016911029815673828
175532,normal,1767,0,1782360732.6667054,0.0022084712982177734
175533,normal,3206,1,1782360732.668598,0.0018925666809082031
175534,normal,1738,0,1782360732.6707807,0.0021827220916748047
175535,normal,1109,0,1782360732.672796,0.002015352249145508
175536,normal,1748,0,1782360732.6745124,0.0017163753509521484
175537,normal,2418,0,1782360732.6769016,0.002389192581176758
175538,normal,1197,0,1782360732.6784966,0.0015950202941894531
175539,normal,370,0,1782360732.680496,0.001999378204345703
175540,normal,1374,1,1782360732.682527,0.002031087875366211
175541,normal,2938,0,1782360732.6847694,0.0022423267364501953
175542,normal,21,0,1782360732.6868517,0.002082347869873047
175543,normal,3479,0,1782360732.6884327,0.001580953598022461
175544,normal,2908,0,1782360732.69073,0.0022974014282226562
175545,normal,1567,0,1782360732.6927223,0.0019922256469726562
175546,normal,37,0,1782360732.6947007,0.0019783973693847656
175547,normal,2092,0,1782360732.6964831,0.0017824172973632812
175548,normal,623,0,1782360732.698505,0.00202178955078125
175549,normal,3080,1,1782360732.7005758,0.002070903778076172
175550,normal,48,0,1782360732.7025137,0.0019378662109375
175551,normal,1513,0,1782360732.7050376,0.0025238990783691406
175552,normal,2326,0,1782360732.7070515,0.0020139217376708984
175553,normal,1255,0,1782360732.7084513,0.0013997554779052734
175554,normal,2124,0,1782360732.710953,0.0025017261505126953
175555,normal,471,0,1782360732.7126284,0.0016753673553466797
175556,normal,1480,0,1782360732.7148554,0.0022270679473876953
175557,normal,827,2,1782360732.7166421,0.0017867088317871094
175558,normal,1951,0,1782360732.7185442,0.0019021034240722656
175559,normal,408,0,1782360732.7207067,0.002162456512451172
175560,normal,1128,0,1782360732.7224474,0.0017406940460205078
175561,normal,2570,0,1782360732.7245097,0.0020623207092285156
175562,normal,248,0,1782360732.7265244,0.002014636993408203
175563,normal,548,0,1782360732.7286546,0.002130270004272461
175564,normal,237,0,1782360732.730523,0.0018684864044189453
175565,normal,2949,0,1782360732.7326407,0.002117633819580078
175566,normal,174,0,1782360732.7346363,0.001995563507080078
175567,normal,1870,0,1782360732.7366266,0.0019903182983398438
175568,normal,2175,0,1782360732.7387328,0.002106189727783203
175569,normal,3446,0,1782360732.7405481,0.0018153190612792969
175570,normal,1284,0,1782360732.7426598,0.002111673355102539
175571,normal,3671,0,1782360732.7445242,0.0018644332885742188
175572,normal,706,0,1782360732.74661,0.0020856857299804688
175573,normal,1008,2,1782360732.7483919,0.0017819404602050781
175574,normal,538,0,1782360732.7507088,0.0023169517517089844
175575,normal,2496,0,1782360732.752494,0.0017852783203125
175576,normal,1123,0,1782360732.7546904,0.0021963119506835938
175577,normal,2032,0,1782360732.7565453,0.0018548965454101562
175578,normal,447,0,1782360732.7585907,0.0020453929901123047
175579,normal,995,2,1782360732.76059,0.001999378204345703
175580,normal,1809,0,1782360732.7626898,0.002099752426147461
175581,normal,641,0,1782360732.7645235,0.0018336772918701172
175582,normal,3401,1,1782360732.7666261,0.0021026134490966797
175583,normal,169,0,1782360732.7686281,0.0020020008087158203
175584,normal,2590,0,1782360732.7705395,0.0019114017486572266
175585,normal,2988,0,1782360732.772446,0.0019063949584960938
175586,normal,3400,1,1782360732.7747068,0.002260923385620117
175587,normal,566,0,1782360732.7767215,0.002014636993408203
175588,normal,133,0,1782360732.7786727,0.0019512176513671875
175589,normal,2385,0,1782360732.7806563,0.001983642578125
175590,normal,1100,0,1782360732.7826028,0.0019464492797851562
175591,normal,1854,0,1782360732.7845747,0.0019719600677490234
175592,normal,2736,0,1782360732.786604,0.0020291805267333984
175593,normal,2748,0,1782360732.7885108,0.0019068717956542969
175594,normal,1725,0,1782360732.790608,0.0020971298217773438
175595,normal,65,0,1782360732.7928097,0.0022017955780029297
175596,normal,695,0,1782360732.7945063,0.0016965866088867188
175597,normal,1948,0,1782360732.7967424,0.0022361278533935547
175598,normal,652,0,1782360732.7988596,0.002117156982421875
175599,normal,2221,0,1782360732.8007793,0.0019197463989257812
175600,normal,3531,0,1782360732.802623,0.0018436908721923828
175601,normal,3247,1,1782360732.8047113,0.002088308334350586
175602,normal,3287,1,1782360732.8068302,0.002118825912475586
175603,normal,2999,0,1782360732.8085287,0.0016984939575195312
175604,normal,1130,0,1782360732.8106022,0.002073526382446289
175605,normal,3363,1,1782360732.8125026,0.0019004344940185547
175606,normal,687,0,1782360732.8147905,0.0022878646850585938
175607,normal,462,0,1782360732.816513,0.001722574234008789
175608,normal,13,0,1782360732.8185956,0.0020825862884521484
175609,normal,1344,1,1782360732.8204968,0.0019011497497558594
175610,normal,3233,1,1782360732.8226025,0.002105712890625
175611,normal,1960,0,1782360732.8251798,0.0025773048400878906
175612,normal,1729,0,1782360732.8266366,0.0014567375183105469
175613,normal,3545,0,1782360732.828953,0.0023164749145507812
175614,normal,2156,0,1782360732.830494,0.0015408992767333984
175615,normal,1864,0,1782360732.832628,0.002134084701538086
175616,normal,3055,1,1782360732.834635,0.002007007598876953
175617,normal,3370,1,1782360732.8365355,0.0019004344940185547
175618,normal,1609,0,1782360732.838844,0.0023086071014404297
175619,normal,2390,0,1782360732.8406518,0.0018076896667480469
175620,normal,3416,0,1782360732.842439,0.0017871856689453125
175621,normal,1696,0,1782360732.8446326,0.0021936893463134766
175622,normal,2313,0,1782360732.8466334,0.0020008087158203125
175623,normal,3102,1,1782360732.848546,0.0019125938415527344
175624,normal,2813,0,1782360732.850722,0.002176046371459961
175625,normal,1387,0,1782360732.8527331,0.0020110607147216797
175626,normal,2355,0,1782360732.8545284,0.0017952919006347656
175627,normal,191,0,1782360732.8567252,0.002196788787841797
175628,normal,2171,0,1782360732.8586452,0.0019199848175048828
175629,normal,520,0,1782360732.8605716,0.001926422119140625
175630,normal,1818,0,1782360732.8627644,0.0021927356719970703
175631,normal,3618,0,1782360732.8648634,0.0020990371704101562
175632,normal,2918,0,1782360732.866612,0.0017485618591308594
175633,normal,2028,0,1782360732.8685186,0.0019066333770751953
175634,normal,2932,0,1782360732.8721864,0.0036678314208984375
175635,normal,3077,1,1782360732.8731065,0.0009200572967529297
175636,normal,1669,0,1782360732.874598,0.001491546630859375
175637,normal,658,0,1782360732.876529,0.0019309520721435547
175638,normal,1104,0,1782360732.8786445,0.002115488052368164
175639,normal,1797,0,1782360732.8805585,0.0019140243530273438
175640,normal,3580,0,1782360732.882557,0.001998424530029297
175641,normal,2461,0,1782360732.8845475,0.0019905567169189453
175642,normal,3318,1,1782360732.8866951,0.002147674560546875
175643,normal,1969,0,1782360732.888542,0.0018467903137207031
175644,normal,931,2,1782360732.8907151,0.002173185348510742
175645,normal,596,0,1782360732.8926187,0.001903533935546875
175646,normal,2159,0,1782360732.8947666,0.0021479129791259766
175647,normal,365,0,1782360732.896463,0.0016963481903076172
175648,normal,503,0,1782360732.8986964,0.0022335052490234375
175649,normal,3230,1,1782360732.9006064,0.0019099712371826172
175650,normal,3108,1,1782360732.9027717,0.0021653175354003906
175651,normal,1820,0,1782360732.9045444,0.0017726421356201172
175652,normal,1637,0,1782360732.9066427,0.0020983219146728516
175653,normal,368,0,1782360732.9085698,0.0019271373748779297
175654,normal,1558,0,1782360732.910711,0.002141237258911133
175655,normal,2790,0,1782360732.9125645,0.0018534660339355469
175656,normal,324,0,1782360732.9147067,0.002142190933227539
175657,normal,621,0,1782360732.916576,0.00186920166015625
175658,normal,2331,0,1782360732.9187198,0.00214385986328125
175659,normal,2062,0,1782360732.9206324,0.0019125938415527344
175660,normal,2254,0,1782360732.922532,0.00189971923828125
175661,normal,1246,0,1782360732.924642,0.002110004425048828
175662,normal,2800,0,1782360732.9265256,0.0018835067749023438
175663,normal,659,0,1782360732.9286385,0.002112865447998047
175664,normal,2344,0,1782360732.93064,0.002001523971557617
175665,normal,3597,0,1782360732.9325714,0.0019314289093017578
175666,normal,2586,0,1782360732.934739,0.0021677017211914062
175667,normal,631,0,1782360732.9367883,0.0020492076873779297
175668,normal,3569,0,1782360732.9384556,0.0016672611236572266
175669,normal,647,0,1782360732.9406528,0.002197265625
175670,normal,1674,0,1782360732.9426115,0.001958608627319336
175671,normal,317,0,1782360732.9445453,0.0019338130950927734
175672,normal,2378,0,1782360732.946508,0.0019626617431640625
175673,normal,994,2,1782360732.948615,0.0021071434020996094
175674,normal,10,0,1782360732.9505246,0.001909494400024414
175675,normal,1673,0,1782360732.9527764,0.002251863479614258
175676,normal,32,0,1782360732.9545674,0.0017910003662109375
175677,normal,3019,0,1782360732.9567358,0.002168416976928711
175678,normal,1613,0,1782360732.958714,0.001978158950805664
175679,normal,2185,0,1782360732.9608808,0.002166748046875
175680,normal,2942,0,1782360732.96249,0.0016093254089355469
175681,normal,1978,0,1782360732.9648244,0.0023343563079833984
175682,normal,1107,0,1782360732.9667013,0.0018768310546875
175683,normal,727,0,1782360732.968527,0.0018258094787597656
175684,normal,3387,1,1782360732.9706206,0.0020935535430908203
175685,normal,507,0,1782360732.9726143,0.0019936561584472656
175686,normal,3658,0,1782360732.9745054,0.0018911361694335938
175687,normal,1304,0,1782360732.976849,0.0023436546325683594
175688,normal,1730,0,1782360732.9785035,0.0016543865203857422
175689,normal,730,0,1782360732.9805198,0.002016305923461914
175690,normal,2433,0,1782360732.9825032,0.0019834041595458984
175691,normal,1092,0,1782360732.9846258,0.002122640609741211
175692,normal,3061,1,1782360732.9869757,0.002349853515625
175693,normal,2483,0,1782360732.9885354,0.0015597343444824219
175694,normal,297,0,1782360732.9908624,0.00232696533203125
175695,normal,52,0,1782360732.9924777,0.001615285873413086
175696,normal,1012,2,1782360732.994628,0.002150297164916992
175697,normal,1577,0,1782360732.9966805,0.0020525455474853516
175698,normal,1087,0,1782360732.9985168,0.0018362998962402344
175699,normal,2464,0,1782360733.0007021,0.002185344696044922
175700,normal,1477,0,1782360733.002573,0.001870870590209961
175701,normal,458,0,1782360733.004608,0.002034902572631836
175702,normal,316,0,1782360733.0065122,0.0019042491912841797
175703,normal,465,0,1782360733.0086305,0.002118349075317383
175704,normal,2475,0,1782360733.0105336,0.0019030570983886719
175705,normal,2569,0,1782360733.0127177,0.002184152603149414
175706,normal,2785,0,1782360733.01457,0.001852273941040039
175707,normal,1971,0,1782360733.0165656,0.001995563507080078
175708,normal,3351,1,1782360733.0189104,0.002344846725463867
175709,normal,1264,0,1782360733.0212142,0.0023038387298583984
175710,normal,1292,0,1782360733.0226886,0.0014743804931640625
175711,normal,2178,0,1782360733.0244288,0.0017402172088623047
175712,normal,1561,0,1782360733.0266414,0.0022125244140625
175713,normal,2345,0,1782360733.0286853,0.0020439624786376953
175714,normal,1495,0,1782360733.0306566,0.0019712448120117188
175715,normal,196,0,1782360733.0327861,0.0021295547485351562
175716,normal,3581,0,1782360733.034768,0.001981973648071289
175717,normal,3001,0,1782360733.0366125,0.0018444061279296875
175718,normal,3577,0,1782360733.0389097,0.0022971630096435547
175719,normal,1836,0,1782360733.040784,0.0018742084503173828
175720,normal,1976,0,1782360733.0424716,0.001687765121459961
175721,normal,272,0,1782360733.044751,0.0022792816162109375
175722,normal,1520,0,1782360733.0465152,0.0017642974853515625
175723,normal,3339,1,1782360733.048643,0.0021278858184814453
175724,normal,2040,0,1782360733.0506473,0.0020041465759277344
175725,normal,639,0,1782360733.0525312,0.0018839836120605469
175726,normal,1339,1,1782360733.054623,0.002091646194458008
175727,normal,1499,0,1782360733.0566545,0.002031564712524414
175728,normal,82,0,1782360733.0586448,0.0019903182983398438
175729,normal,3381,1,1782360733.060629,0.001984119415283203
175730,normal,1242,0,1782360733.0627477,0.002118825912475586
175731,normal,2875,0,1782360733.0644212,0.0016734600067138672
175732,normal,438,0,1782360733.0667193,0.002298116683959961
175733,normal,3685,0,1782360733.0686128,0.0018935203552246094
175734,normal,2664,0,1782360733.0707648,0.002151966094970703
175735,normal,992,2,1782360733.0724635,0.0016987323760986328
175736,normal,3018,0,1782360733.0746298,0.002166271209716797
175737,normal,3471,0,1782360733.0765731,0.001943349838256836
175738,normal,1161,0,1782360733.0786846,0.0021114349365234375
175739,normal,1274,0,1782360733.080567,0.001882314682006836
175740,normal,1623,0,1782360733.0826924,0.0021255016326904297
175741,normal,2878,0,1782360733.0845747,0.001882314682006836
175742,normal,1018,2,1782360733.086706,0.002131223678588867
175743,normal,11,0,1782360733.0885212,0.0018153190612792969
175744,normal,1592,0,1782360733.0906153,0.0020940303802490234
175745,normal,3107,1,1782360733.0926251,0.002009868621826172
175746,normal,2914,0,1782360733.094521,0.001895904541015625
175747,normal,118,0,1782360733.0966246,0.002103567123413086
175748,normal,2472,0,1782360733.0987005,0.0020759105682373047
175749,normal,249,0,1782360733.1006942,0.0019936561584472656
175750,normal,3495,0,1782360733.102712,0.0020177364349365234
175751,normal,2387,0,1782360733.1045456,0.0018336772918701172
175752,normal,2231,0,1782360733.1066859,0.0021402835845947266
175753,normal,1757,0,1782360733.1085136,0.0018277168273925781
175754,normal,3101,1,1782360733.1106136,0.0020999908447265625
175755,normal,1424,0,1782360733.112502,0.0018885135650634766
175756,normal,284,0,1782360733.1146023,0.002100229263305664
175757,normal,2457,0,1782360733.1167517,0.002149343490600586
175758,normal,3213,1,1782360733.1186216,0.0018699169158935547
175759,normal,3572,0,1782360733.1206138,0.0019922256469726562
175760,normal,2243,0,1782360733.12283,0.0022161006927490234
175761,normal,3550,0,1782360733.1248565,0.0020265579223632812
175762,normal,555,0,1782360733.1266022,0.0017457008361816406
175763,normal,2645,0,1782360733.1288147,0.0022125244140625
175764,normal,1368,1,1782360733.1306338,0.0018191337585449219
175765,normal,1915,0,1782360733.1326292,0.0019953250885009766
175766,normal,1151,0,1782360733.1346014,0.001972198486328125
175767,normal,2797,0,1782360733.1364968,0.0018954277038574219
175768,normal,570,0,1782360733.138601,0.0021042823791503906
175769,normal,2108,0,1782360733.1408596,0.0022585391998291016
175770,normal,2576,0,1782360733.1424127,0.0015530586242675781
175771,normal,765,0,1782360733.1445947,0.0021820068359375
175772,normal,1268,0,1782360733.1465976,0.0020029544830322266
175773,normal,771,0,1782360733.148577,0.001979351043701172
175774,normal,479,0,1782360733.1508646,0.002287626266479492
175775,normal,63,0,1782360733.1525958,0.0017311573028564453
175776,normal,3636,0,1782360733.154835,0.002239227294921875
175777,normal,2074,0,1782360733.1564357,0.0016007423400878906
175778,normal,3705,0,1782360733.1586423,0.002206563949584961
175779,normal,3064,1,1782360733.1605372,0.0018949508666992188
175780,normal,2049,0,1782360733.1627605,0.0022232532501220703
175781,normal,3466,0,1782360733.1648755,0.002115011215209961
175782,normal,3407,0,1782360733.1664493,0.001573801040649414
175783,normal,2247,0,1782360733.1686304,0.0021810531616210938
175784,normal,3502,0,1782360733.1706383,0.0020079612731933594
175785,normal,1014,2,1782360733.1725307,0.0018923282623291016
175786,normal,125,0,1782360733.174578,0.002047300338745117
175787,normal,1261,0,1782360733.1769087,0.002330780029296875
175788,normal,1431,0,1782360733.178643,0.0017342567443847656
175789,normal,656,0,1782360733.1806192,0.0019762516021728516
175790,normal,1463,0,1782360733.1827662,0.0021469593048095703
175791,normal,1021,2,1782360733.1846395,0.0018732547760009766
175792,normal,521,0,1782360733.1865246,0.0018851757049560547
175793,normal,1600,0,1782360733.1890306,0.0025060176849365234
175794,normal,2940,0,1782360733.1907842,0.0017535686492919922
175795,normal,3327,1,1782360733.1926012,0.0018169879913330078
175796,normal,1721,0,1782360733.1949067,0.0023055076599121094
175797,normal,2842,0,1782360733.1970005,0.002093791961669922
175798,normal,2041,0,1782360733.1984756,0.0014750957489013672
175799,normal,2505,0,1782360733.2006824,0.0022068023681640625
175800,normal,3481,0,1782360733.202544,0.001861572265625
175801,normal,2928,0,1782360733.2044957,0.0019516944885253906
175802,normal,2047,0,1782360733.2065237,0.0020279884338378906
175803,normal,1627,0,1782360733.2085054,0.0019817352294921875
175804,normal,3692,0,1782360733.2105901,0.0020847320556640625
175805,normal,3104,1,1782360733.2124856,0.0018954277038574219
175806,normal,1271,0,1782360733.2145793,0.002093791961669922
175807,normal,1653,0,1782360733.2165937,0.0020143985748291016
175808,normal,997,2,1782360733.218602,0.002008199691772461
175809,normal,539,0,1782360733.2204301,0.0018281936645507812
175810,normal,3421,0,1782360733.2225842,0.002154111862182617
175811,normal,3536,0,1782360733.224593,0.002008676528930664
175812,normal,802,2,1782360733.2265618,0.001968860626220703
175813,normal,2651,0,1782360733.2285054,0.0019435882568359375
175814,normal,3151,1,1782360733.2306418,0.0021364688873291016
175815,normal,2149,0,1782360733.2325602,0.0019183158874511719
175816,normal,1680,0,1782360733.2346547,0.0020945072174072266
175817,normal,1201,0,1782360733.2366595,0.002004861831665039
175818,normal,3301,1,1782360733.2385752,0.0019156932830810547
175819,normal,1604,0,1782360733.240693,0.0021178722381591797
175820,normal,2735,0,1782360733.2426105,0.0019173622131347656
175821,normal,541,0,1782360733.2446449,0.002034425735473633
175822,normal,2612,0,1782360733.2465148,0.0018699169158935547
175823,normal,3035,0,1782360733.2486353,0.002120494842529297
175824,normal,1636,0,1782360733.2505271,0.0018918514251708984
175825,normal,1845,0,1782360733.2526426,0.002115488052368164
175826,normal,2513,0,1782360733.2546601,0.002017498016357422
175827,normal,198,0,1782360733.2566426,0.001982450485229492
175828,normal,1556,0,1782360733.258907,0.0022644996643066406
175829,normal,3540,0,1782360733.260567,0.0016598701477050781
175830,normal,1900,0,1782360733.262691,0.0021240711212158203
175831,normal,597,0,1782360733.2645621,0.0018711090087890625
175832,normal,2559,0,1782360733.2667046,0.0021424293518066406
175833,normal,1005,2,1782360733.268523,0.0018184185028076172
175834,normal,228,0,1782360733.2706392,0.0021162033081054688
175835,normal,2796,0,1782360733.2726393,0.002000093460083008
175836,normal,2892,0,1782360733.2747185,0.0020792484283447266
175837,normal,3007,0,1782360733.2765045,0.0017859935760498047
175838,normal,2406,0,1782360733.2787476,0.0022430419921875
175839,normal,399,0,1782360733.2806237,0.0018761157989501953
175840,normal,3346,1,1782360733.2827103,0.002086639404296875
175841,normal,3040,0,1782360733.2847881,0.002077817916870117
175842,normal,3115,1,1782360733.2865045,0.0017163753509521484
175843,normal,836,2,1782360733.288842,0.0023374557495117188
175844,normal,2886,0,1782360733.2907906,0.0019485950469970703
175845,normal,1064,0,1782360733.2924776,0.0016870498657226562
175846,normal,3100,1,1782360733.2946317,0.002154111862182617
175847,normal,2043,0,1782360733.2966225,0.001990795135498047
175848,normal,929,2,1782360733.2984257,0.0018031597137451172
175849,normal,1429,0,1782360733.3008687,0.002443075180053711
175850,normal,1667,0,1782360733.3025188,0.001650094985961914
175851,normal,2699,0,1782360733.30463,0.002111196517944336
175852,normal,318,0,1782360733.306516,0.0018858909606933594
175853,normal,2402,0,1782360733.308648,0.0021321773529052734
175854,normal,1926,0,1782360733.3111057,0.0024576187133789062
175855,normal,288,0,1782360733.3126216,0.0015158653259277344
175856,normal,101,0,1782360733.314734,0.0021123886108398438
175857,normal,192,0,1782360733.3168268,0.0020928382873535156
175858,normal,2434,0,1782360733.3184497,0.001622915267944336
175859,normal,2510,0,1782360733.3206542,0.002204418182373047
175860,normal,1170,0,1782360733.322566,0.0019118785858154297
175861,normal,1811,0,1782360733.324691,0.0021250247955322266
175862,normal,290,0,1782360733.3269513,0.0022602081298828125
175863,normal,1635,0,1782360733.3285236,0.0015723705291748047
175864,normal,1859,0,1782360733.330644,0.0021202564239501953
175865,normal,1932,0,1782360733.3326402,0.001996278762817383
175866,normal,651,0,1782360733.3345702,0.0019299983978271484
175867,normal,1683,0,1782360733.3366911,0.0021209716796875
175868,normal,1515,0,1782360733.3385813,0.0018901824951171875
175869,normal,1931,0,1782360733.3407736,0.002192258834838867
175870,normal,175,0,1782360733.342475,0.00170135498046875
175871,normal,1716,0,1782360733.3447037,0.0022287368774414062
175872,normal,1954,0,1782360733.347203,0.0024993419647216797
175873,normal,3160,1,1782360733.3490744,0.001871347427368164
175874,normal,871,2,1782360733.3505354,0.001461029052734375
175875,normal,2136,0,1782360733.3524826,0.001947164535522461
175876,normal,1350,1,1782360733.3547158,0.002233266830444336
175877,normal,715,0,1782360733.3566747,0.0019588470458984375
175878,normal,2740,0,1782360733.3586266,0.0019519329071044922
175879,normal,1160,0,1782360733.3606997,0.002073049545288086
175880,normal,1737,0,1782360733.3628006,0.0021009445190429688
175881,normal,2703,0,1782360733.364561,0.0017604827880859375
175882,normal,524,0,1782360733.3669415,0.00238037109375
175883,normal,2853,0,1782360733.369048,0.0021066665649414062
175884,normal,961,2,1782360733.37052,0.0014719963073730469
175885,normal,3492,0,1782360733.3726454,0.002125263214111328
175886,normal,979,2,1782360733.374656,0.0020105838775634766
175887,normal,955,2,1782360733.376537,0.0018811225891113281
175888,normal,2211,0,1782360733.3786943,0.0021572113037109375
175889,normal,534,0,1782360733.3807216,0.002027273178100586
175890,normal,3296,1,1782360733.3825774,0.0018558502197265625
175891,normal,221,0,1782360733.3845332,0.001955747604370117
175892,normal,2837,0,1782360733.3867025,0.002169370651245117
175893,normal,2035,0,1782360733.3886914,0.0019888877868652344
175894,normal,1885,0,1782360733.3906446,0.001953125
175895,normal,2585,0,1782360733.392728,0.0020835399627685547
175896,normal,44,0,1782360733.3947139,0.001985788345336914
175897,normal,1244,0,1782360733.3966014,0.0018875598907470703
175898,normal,2662,0,1782360733.3987477,0.0021462440490722656
175899,normal,2701,0,1782360733.4007535,0.0020058155059814453
175900,normal,2563,0,1782360733.4024775,0.0017240047454833984
175901,normal,2201,0,1782360733.4046526,0.0021750926971435547
175902,normal,1907,0,1782360733.4065847,0.0019321441650390625
175903,normal,231,0,1782360733.4086936,0.0021088123321533203
175904,normal,49,0,1782360733.4105754,0.0018818378448486328
175905,normal,3195,1,1782360733.4127467,0.0021712779998779297
175906,normal,2793,0,1782360733.4144819,0.0017352104187011719
175907,normal,1392,0,1782360733.4167578,0.0022759437561035156
175908,normal,1950,0,1782360733.4184747,0.0017168521881103516
175909,normal,2027,0,1782360733.4206576,0.0021829605102539062
175910,normal,255,0,1782360733.4226506,0.001992940902709961
175911,normal,2962,0,1782360733.4245422,0.0018916130065917969
175912,normal,217,0,1782360733.4266596,0.0021173954010009766
175913,normal,1887,0,1782360733.428656,0.0019965171813964844
175914,normal,1453,0,1782360733.430592,0.0019359588623046875
175915,normal,2588,0,1782360733.432619,0.0020270347595214844
175916,normal,2893,0,1782360733.4348485,0.002229452133178711
175917,normal,1438,0,1782360733.436463,0.0016145706176757812
175918,normal,2366,0,1782360733.4387,0.0022368431091308594
175919,normal,2140,0,1782360733.440642,0.0019421577453613281
175920,normal,150,0,1782360733.4424365,0.0017943382263183594
175921,normal,2602,0,1782360733.4446394,0.0022029876708984375
175922,normal,1640,0,1782360733.4466407,0.0020012855529785156
175923,normal,3217,1,1782360733.448526,0.0018851757049560547
175924,normal,3071,1,1782360733.450838,0.002312183380126953
175925,normal,2288,0,1782360733.4526293,0.001791238784790039
175926,normal,2808,0,1782360733.454651,0.00202178955078125
175927,normal,2147,0,1782360733.4567254,0.0020742416381835938
175928,normal,1078,0,1782360733.45871,0.0019845962524414062
175929,normal,2579,0,1782360733.460698,0.001987934112548828
175930,normal,2633,0,1782360733.4626431,0.0019452571868896484
175931,normal,735,0,1782360733.4648376,0.0021944046020507812
175932,normal,3707,0,1782360733.4667606,0.0019230842590332031
175933,normal,478,0,1782360733.4685287,0.0017681121826171875
175934,normal,860,2,1782360733.471817,0.00328826904296875
175935,normal,45,0,1782360733.472658,0.0008409023284912109
175936,normal,1717,0,1782360733.4744792,0.001821279525756836
175937,normal,960,2,1782360733.47658,0.002100706100463867
175938,normal,2451,0,1782360733.478495,0.00191497802734375
175939,normal,1343,1,1782360733.4805417,0.002046823501586914
175940,normal,2267,0,1782360733.4825237,0.001981973648071289
175941,normal,578,0,1782360733.484412,0.001888275146484375
175942,normal,1010,2,1782360733.486521,0.002109050750732422
175943,normal,1222,0,1782360733.4890118,0.0024907588958740234
175944,normal,2194,0,1782360733.4905403,0.0015285015106201172
175945,normal,2266,0,1782360733.4929485,0.002408266067504883
175946,normal,2453,0,1782360733.494542,0.0015933513641357422
175947,normal,819,2,1782360733.4966595,0.002117633819580078
175948,normal,1663,0,1782360733.498556,0.0018963813781738281
175949,normal,1772,0,1782360733.500699,0.0021431446075439453
175950,normal,2036,0,1782360733.5028093,0.0021102428436279297
175951,normal,2846,0,1782360733.504658,0.0018486976623535156
175952,normal,1769,0,1782360733.5066857,0.002027750015258789
175953,normal,2084,0,1782360733.5085561,0.0018703937530517578
175954,normal,1713,0,1782360733.5106964,0.0021402835845947266
175955,normal,2223,0,1782360733.512567,0.0018706321716308594
175956,normal,226,0,1782360733.5146832,0.0021162033081054688
175957,normal,1908,0,1782360733.5165968,0.0019135475158691406
175958,normal,3515,0,1782360733.518878,0.00228118896484375
175959,normal,2924,0,1782360733.5205226,0.0016446113586425781
175960,normal,1173,0,1782360733.522758,0.00223541259765625
175961,normal,183,0,1782360733.5247061,0.0019481182098388672
175962,normal,2725,0,1782360733.5265622,0.001856088638305664
175963,normal,3709,0,1782360733.5285292,0.0019669532775878906
175964,normal,1037,0,1782360733.5310817,0.002552509307861328
175965,normal,614,0,1782360733.5327709,0.0016891956329345703
175966,normal,3060,1,1782360733.534505,0.001734018325805664
175967,normal,0,0,1782360733.5368717,0.002366781234741211
175968,normal,3560,0,1782360733.5389822,0.0021104812622070312
175969,normal,3646,0,1782360733.5405016,0.0015194416046142578
175970,normal,1231,0,1782360733.5427096,0.0022079944610595703
175971,normal,2906,0,1782360733.5444534,0.0017437934875488281
175972,normal,261,0,1782360733.5465472,0.002093791961669922
175973,normal,3676,0,1782360733.5485253,0.001978158950805664
175974,normal,1174,0,1782360733.550523,0.001997709274291992
175975,normal,2874,0,1782360733.5527024,0.002179384231567383
175976,normal,1298,0,1782360733.554483,0.0017805099487304688
175977,normal,2162,0,1782360733.5567322,0.0022492408752441406
175978,normal,2261,0,1782360733.558618,0.0018858909606933594
175979,normal,2134,0,1782360733.5607529,0.0021347999572753906
175980,normal,1736,0,1782360733.5624945,0.001741647720336914
175981,normal,477,0,1782360733.5646243,0.002129793167114258
175982,normal,1754,0,1782360733.5665932,0.001968860626220703
175983,normal,1816,0,1782360733.5687373,0.0021440982818603516
175984,normal,371,0,1782360733.570637,0.00189971923828125
175985,normal,2881,0,1782360733.5727339,0.002096891403198242
175986,normal,2825,0,1782360733.5745218,0.0017879009246826172
175987,normal,877,2,1782360733.5766897,0.002167940139770508
175988,normal,3482,0,1782360733.5785587,0.0018689632415771484
175989,normal,774,2,1782360733.5806937,0.002135038375854492
175990,normal,2609,0,1782360733.5825207,0.0018270015716552734
175991,normal,957,2,1782360733.5845842,0.0020635128021240234
175992,normal,1780,0,1782360733.5865383,0.0019540786743164062
175993,normal,2216,0,1782360733.588703,0.002164602279663086
175994,normal,2558,0,1782360733.5906968,0.001993894577026367
175995,normal,919,2,1782360733.5925415,0.001844644546508789
175996,normal,1796,0,1782360733.5946581,0.002116680145263672
175997,normal,2268,0,1782360733.596543,0.0018849372863769531
175998,normal,1263,0,1782360733.5986555,0.0021123886108398438
175999,normal,862,2,1782360733.6005692,0.0019137859344482422
176000,normal,457,0,1782360733.6027465,0.0021772384643554688
176001,normal,3414,0,1782360733.6049728,0.0022263526916503906
176002,normal,809,2,1782360733.6064854,0.0015125274658203125
176003,normal,3012,0,1782360733.6087217,0.0022363662719726562
176004,normal,2761,0,1782360733.6105936,0.0018718242645263672
176005,normal,1903,0,1782360733.6125898,0.001996278762817383
176006,normal,473,0,1782360733.6146445,0.0020546913146972656
176007,normal,2438,0,1782360733.6165283,0.0018837451934814453
176008,normal,1549,0,1782360733.6186442,0.002115964889526367
176009,normal,190,0,1782360733.6206205,0.0019762516021728516
176010,normal,3015,0,1782360733.6226492,0.0020287036895751953
176011,normal,1570,0,1782360733.624591,0.0019419193267822266
176012,normal,245,0,1782360733.626775,0.0021839141845703125
176013,normal,3487,0,1782360733.6288166,0.0020415782928466797
176014,normal,3158,1,1782360733.6307123,0.0018956661224365234
176015,normal,3374,1,1782360733.6326716,0.0019593238830566406
176016,normal,712,0,1782360733.6346433,0.001971721649169922
176017,normal,3056,1,1782360733.636848,0.0022046566009521484
176018,normal,3261,1,1782360733.6385605,0.0017125606536865234
176019,normal,3306,1,1782360733.640636,0.0020754337310791016
176020,normal,254,0,1782360733.6425228,0.0018868446350097656
176021,normal,709,0,1782360733.6446366,0.002113819122314453
176022,normal,2981,0,1782360733.6468577,0.0022211074829101562
176023,normal,679,0,1782360733.6484282,0.0015704631805419922
176024,normal,2923,0,1782360733.650632,0.002203702926635742
176025,normal,1578,0,1782360733.6525202,0.001888275146484375
176026,normal,739,0,1782360733.6546457,0.0021255016326904297
176027,normal,846,2,1782360733.6569593,0.0023136138916015625
176028,normal,2308,0,1782360733.6587312,0.0017719268798828125
176029,normal,1270,0,1782360733.6606226,0.0018913745880126953
176030,normal,344,0,1782360733.6628783,0.002255678176879883
176031,normal,3533,0,1782360733.6644511,0.0015728473663330078
176032,normal,1522,0,1782360733.6666598,0.002208709716796875
176033,normal,1216,0,1782360733.668573,0.0019130706787109375
176034,normal,2730,0,1782360733.6706862,0.00211334228515625
176035,normal,3624,0,1782360733.6729374,0.002251148223876953
176036,normal,788,2,1782360733.6746914,0.0017540454864501953
176037,normal,3518,0,1782360733.6764393,0.0017478466033935547
176038,normal,3453,0,1782360733.6786463,0.002207040786743164
176039,normal,3303,1,1782360733.680548,0.0019016265869140625
176040,normal,3514,0,1782360733.6826882,0.0021402835845947266
176041,normal,1205,0,1782360733.6845634,0.001875162124633789
176042,normal,1034,0,1782360733.6867893,0.0022258758544921875
176043,normal,796,2,1782360733.6884828,0.0016934871673583984
176044,normal,1154,0,1782360733.6906855,0.002202749252319336
176045,normal,2929,0,1782360733.6929715,0.0022859573364257812
176046,normal,1766,0,1782360733.69536,0.002388477325439453
176047,normal,267,0,1782360733.696536,0.0011761188507080078
176048,normal,1364,1,1782360733.698655,0.002118825912475586
176049,normal,2759,0,1782360733.7004952,0.001840353012084961
176050,normal,3454,0,1782360733.7026048,0.002109527587890625
176051,normal,2272,0,1782360733.7046225,0.0020177364349365234
176052,normal,1606,0,1782360733.7064817,0.0018591880798339844
176053,normal,1113,0,1782360733.7088704,0.0023887157440185547
176054,normal,2629,0,1782360733.7106252,0.0017547607421875
176055,normal,1678,0,1782360733.712989,0.002363920211791992
176056,normal,1459,0,1782360733.714967,0.0019779205322265625
176057,normal,2145,0,1782360733.7166238,0.0016567707061767578
176058,normal,3075,1,1782360733.718545,0.0019211769104003906
176059,normal,1598,0,1782360733.7205188,0.001973867416381836
176060,normal,1095,0,1782360733.7226472,0.0021283626556396484
176061,normal,2644,0,1782360733.7244682,0.0018210411071777344
176062,normal,1285,0,1782360733.726701,0.002232789993286133
176063,normal,1911,0,1782360733.7285404,0.0018393993377685547
176064,normal,3465,0,1782360733.7306306,0.0020902156829833984
176065,normal,1579,0,1782360733.732609,0.0019783973693847656
176066,normal,3694,0,1782360733.7346191,0.0020101070404052734
176067,normal,500,0,1782360733.736701,0.0020818710327148438
176068,normal,2257,0,1782360733.7385318,0.0018308162689208984
176069,normal,375,0,1782360733.7406256,0.002093791961669922
176070,normal,3165,1,1782360733.7424922,0.0018665790557861328
176071,normal,1457,0,1782360733.7463892,0.003896951675415039
176072,normal,3046,1,1782360733.7465441,0.00015497207641601562
176073,normal,2318,0,1782360733.7485151,0.001971006393432617
176074,normal,690,0,1782360733.7506478,0.0021326541900634766
176075,normal,2181,0,1782360733.7525046,0.0018568038940429688
176076,normal,2724,0,1782360733.7544758,0.0019712448120117188
176077,normal,1599,0,1782360733.756565,0.002089262008666992
176078,normal,1417,0,1782360733.7585857,0.002020597457885742
176079,normal,863,2,1782360733.7605171,0.0019314289093017578
176080,normal,2239,0,1782360733.7625947,0.0020775794982910156
176081,normal,3243,1,1782360733.7645683,0.0019736289978027344
176082,normal,1586,0,1782360733.7665887,0.0020203590393066406
176083,normal,3686,0,1782360733.7684913,0.0019025802612304688
176084,normal,1526,0,1782360733.7704887,0.0019974708557128906
176085,normal,3520,0,1782360733.7726054,0.002116680145263672
176086,normal,86,0,1782360733.7744856,0.0018801689147949219
176087,normal,3249,1,1782360733.7767308,0.002245187759399414
176088,normal,933,2,1782360733.7786956,0.0019648075103759766
176089,normal,2500,0,1782360733.7805438,0.0018482208251953125
176090,normal,3157,1,1782360733.782852,0.0023081302642822266
176091,normal,494,0,1782360733.78447,0.0016181468963623047
176092,normal,2511,0,1782360733.786718,0.0022478103637695312
176093,normal,1882,0,1782360733.7886033,0.0018854141235351562
176094,normal,233,0,1782360733.79065,0.0020465850830078125
176095,normal,3488,0,1782360733.7925315,0.0018815994262695312
176096,normal,3408,0,1782360733.7946615,0.0021300315856933594
176097,normal,1460,0,1782360733.7965393,0.0018777847290039062
176098,normal,2700,0,1782360733.7987034,0.002164125442504883
176099,normal,1943,0,1782360733.800618,0.0019145011901855469
176100,normal,2508,0,1782360733.8027215,0.002103567123413086
176101,normal,632,0,1782360733.804735,0.0020134449005126953
176102,normal,1841,0,1782360733.806892,0.002156972885131836
176103,normal,219,0,1782360733.8085558,0.0016639232635498047
176104,normal,1340,1,1782360733.8108613,0.0023055076599121094
176105,normal,153,0,1782360733.81272,0.0018587112426757812
176106,normal,3708,0,1782360733.8145912,0.0018711090087890625
176107,normal,2249,0,1782360733.8164322,0.0018410682678222656
176108,normal,1858,0,1782360733.818636,0.002203702926635742
176109,normal,432,0,1782360733.8205254,0.0018894672393798828
176110,normal,738,0,1782360733.822717,0.0021915435791015625
176111,normal,1209,0,1782360733.8245668,0.0018498897552490234
176112,normal,1534,0,1782360733.8266444,0.0020775794982910156
176113,normal,1060,0,1782360733.828523,0.001878499984741211
176114,normal,1358,1,1782360733.830645,0.002122163772583008
176115,normal,1354,1,1782360733.8325288,0.0018837451934814453
176116,normal,2161,0,1782360733.8350554,0.002526521682739258
176117,normal,2210,0,1782360733.836592,0.0015366077423095703
176118,normal,1626,0,1782360733.8388553,0.002263307571411133
176119,normal,561,0,1782360733.8404512,0.0015959739685058594
176120,normal,2728,0,1782360733.842692,0.0022406578063964844
176121,normal,3534,0,1782360733.8445475,0.001855611801147461
176122,normal,1723,0,1782360733.8466928,0.0021452903747558594
176123,normal,2843,0,1782360733.8486798,0.001986980438232422
176124,normal,1327,1,1782360733.8506176,0.0019378662109375
176125,normal,42,0,1782360733.8525383,0.0019207000732421875
176126,normal,950,2,1782360733.8546865,0.002148151397705078
176127,normal,80,0,1782360733.856573,0.001886606216430664
176128,normal,1230,0,1782360733.858699,0.002125978469848633
176129,normal,797,2,1782360733.8605616,0.0018625259399414062
176130,normal,1888,0,1782360733.8627684,0.0022068023681640625
176131,normal,201,0,1782360733.8646364,0.0018680095672607422
176132,normal,157,0,1782360733.8667612,0.002124786376953125
176133,normal,179,0,1782360733.8685198,0.001758575439453125
176134,normal,41,0,1782360733.8707373,0.002217531204223633
176135,normal,1440,0,1782360733.8725958,0.0018584728240966797
176136,normal,722,0,1782360733.8747735,0.002177715301513672
176137,normal,1293,0,1782360733.8767798,0.0020062923431396484
176138,normal,1283,0,1782360733.8787317,0.0019519329071044922
176139,normal,3365,1,1782360733.880459,0.0017273426055908203
176140,normal,3081,1,1782360733.882773,0.002313852310180664
176141,normal,637,0,1782360733.884766,0.0019931793212890625
176142,normal,1396,0,1782360733.8864775,0.0017113685607910156
176143,normal,1742,0,1782360733.8886414,0.0021638870239257812
176144,normal,2827,0,1782360733.8905294,0.0018880367279052734
176145,normal,849,2,1782360733.8926847,0.002155303955078125
176146,normal,106,0,1782360733.8945377,0.0018529891967773438
176147,normal,1083,0,1782360733.896644,0.0021064281463623047
176148,normal,2126,0,1782360733.8985314,0.0018873214721679688
176149,normal,2327,0,1782360733.9006484,0.0021169185638427734
176150,normal,2952,0,1782360733.9026105,0.0019621849060058594
176151,normal,2206,0,1782360733.9047632,0.002152681350708008
176152,normal,835,2,1782360733.9065437,0.0017805099487304688
176153,normal,3649,0,1782360733.908653,0.0021092891693115234
176154,normal,657,0,1782360733.9105823,0.0019292831420898438
176155,normal,803,2,1782360733.9127314,0.0021491050720214844
176156,normal,2847,0,1782360733.9146261,0.0018947124481201172
176157,normal,3245,1,1782360733.9165673,0.0019412040710449219
176158,normal,1159,0,1782360733.9185236,0.0019562244415283203
176159,normal,2592,0,1782360733.920714,0.0021903514862060547
176160,normal,1728,0,1782360733.9225733,0.001859426498413086
176161,normal,1793,0,1782360733.924691,0.002117633819580078
176162,normal,644,0,1782360733.9265845,0.0018935203552246094
176163,normal,1415,0,1782360733.9287302,0.0021457672119140625
176164,normal,1347,1,1782360733.9304805,0.0017502307891845703
176165,normal,493,0,1782360733.9327478,0.0022673606872558594
176166,normal,3002,0,1782360733.93445,0.0017020702362060547
176167,normal,2781,0,1782360733.9366589,0.0022089481353759766
176168,normal,3253,1,1782360733.9385405,0.0018815994262695312
176169,normal,3380,1,1782360733.9406562,0.0021157264709472656
176170,normal,1666,0,1782360733.9425445,0.001888275146484375
176171,normal,1528,0,1782360733.944686,0.0021414756774902344
176172,normal,1126,0,1782360733.9466093,0.0019233226776123047
176173,normal,1054,0,1782360733.9485712,0.001961946487426758
176174,normal,222,0,1782360733.950831,0.0022597312927246094
176175,normal,1877,0,1782360733.9524608,0.0016298294067382812
176176,normal,1314,0,1782360733.9547045,0.0022437572479248047
176177,normal,1403,0,1782360733.9565954,0.0018908977508544922
176178,normal,1815,0,1782360733.9586833,0.002087831497192383
176179,normal,2399,0,1782360733.960528,0.001844644546508789
176180,normal,1868,0,1782360733.962649,0.0021212100982666016
176181,normal,762,0,1782360733.9645889,0.0019397735595703125
176182,normal,2821,0,1782360733.9666147,0.0020258426666259766
176183,normal,3333,1,1782360733.9686983,0.0020835399627685547
176184,normal,759,0,1782360733.9706583,0.0019600391387939453
176185,normal,2596,0,1782360733.9726257,0.0019674301147460938
176186,normal,932,2,1782360733.9750338,0.0024080276489257812
176187,normal,18,0,1782360733.9765065,0.0014727115631103516
176188,normal,1331,1,1782360733.9787228,0.002216339111328125
176189,normal,909,2,1782360733.9807413,0.002018451690673828
176190,normal,592,0,1782360733.9826355,0.001894235610961914
176191,normal,2208,0,1782360733.984441,0.0018055438995361328
176192,normal,3124,1,1782360733.9866428,0.0022017955780029297
176193,normal,694,0,1782360733.9885266,0.0018837451934814453
176194,normal,2899,0,1782360733.9907002,0.0021736621856689453
176195,normal,1063,0,1782360733.9925923,0.00189208984375
176196,normal,3491,0,1782360733.9945428,0.0019505023956298828
176197,normal,2163,0,1782360733.9965203,0.0019774436950683594
176198,normal,3457,0,1782360733.9986517,0.0021314620971679688
176199,normal,2780,0,1782360734.0005293,0.0018775463104248047
176200,normal,3435,0,1782360734.0030787,0.002549409866333008
176201,normal,2279,0,1782360734.0046275,0.00154876708984375
176202,normal,1228,0,1782360734.0067112,0.0020837783813476562
176203,normal,645,0,1782360734.0086954,0.001984119415283203
176204,normal,991,2,1782360734.0105855,0.0018901824951171875
176205,normal,1961,0,1782360734.0126958,0.0021102428436279297
176206,normal,2646,0,1782360734.0145628,0.001867055892944336
176207,normal,3456,0,1782360734.0167096,0.0021467208862304688
176208,normal,3343,1,1782360734.019035,0.0023255348205566406
176209,normal,1177,0,1782360734.020466,0.0014309883117675781
176210,normal,1071,0,1782360734.022645,0.0021789073944091797
176211,normal,1047,0,1782360734.024538,0.0018930435180664062
176212,normal,20,0,1782360734.0266573,0.002119302749633789
176213,normal,2788,0,1782360734.0285437,0.0018863677978515625
176214,normal,2476,0,1782360734.0307193,0.002175569534301758
176215,normal,2792,0,1782360734.0326407,0.0019214153289794922
176216,normal,2822,0,1782360734.0347037,0.0020630359649658203
176217,normal,1983,0,1782360734.0365639,0.0018601417541503906
176218,normal,3222,1,1782360734.039208,0.002644062042236328
176219,normal,1427,0,1782360734.0413246,0.002116680145263672
176220,normal,564,0,1782360734.0426085,0.001283884048461914
176221,normal,2389,0,1782360734.044523,0.0019145011901855469
176222,normal,1906,0,1782360734.046685,0.0021619796752929688
176223,normal,707,0,1782360734.0486534,0.0019683837890625
176224,normal,505,0,1782360734.0505958,0.0019423961639404297
176225,normal,2855,0,1782360734.0528274,0.002231597900390625
176226,normal,605,0,1782360734.054773,0.0019457340240478516
176227,normal,1189,0,1782360734.0565643,0.001791238784790039
176228,normal,1684,0,1782360734.0588982,0.0023338794708251953
176229,normal,1004,2,1782360734.0607271,0.001828908920288086
176230,normal,2516,0,1782360734.0625758,0.0018486976623535156
176231,normal,3274,1,1782360734.0646448,0.0020689964294433594
176232,normal,2515,0,1782360734.0665238,0.001878976821899414
176233,normal,1890,0,1782360734.0686884,0.002164602279663086
176234,normal,2425,0,1782360734.0705886,0.0019001960754394531
176235,normal,3419,0,1782360734.0732124,0.0026237964630126953
176236,normal,3103,1,1782360734.0744853,0.0012729167938232422
176237,normal,3325,1,1782360734.0767055,0.00222015380859375
176238,normal,3356,1,1782360734.0784862,0.0017807483673095703
176239,normal,2601,0,1782360734.0807524,0.0022661685943603516
176240,normal,2936,0,1782360734.0826461,0.001893758773803711
176241,normal,3511,0,1782360734.0845459,0.00189971923828125
176242,normal,3277,1,1782360734.0866413,0.002095460891723633
176243,normal,2996,0,1782360734.0887158,0.0020744800567626953
176244,normal,2258,0,1782360734.0906081,0.0018923282623291016
176245,normal,2021,0,1782360734.0927696,0.0021615028381347656
176246,normal,2926,0,1782360734.0947087,0.0019390583038330078
176247,normal,2352,0,1782360734.0964344,0.0017256736755371094
176248,normal,287,0,1782360734.09869,0.002255678176879883
176249,normal,1625,0,1782360734.100568,0.0018780231475830078
176250,normal,1106,0,1782360734.102592,0.002023935317993164
176251,normal,336,0,1782360734.104477,0.0018849372863769531
176252,normal,1085,0,1782360734.1067288,0.002251863479614258
176253,normal,1026,2,1782360734.1085956,0.0018668174743652344
176254,normal,650,0,1782360734.1107354,0.0021398067474365234
176255,normal,1359,1,1782360734.112539,0.0018036365509033203
176256,normal,3291,1,1782360734.1146905,0.0021514892578125
176257,normal,2114,0,1782360734.1165419,0.0018513202667236328
176258,normal,2404,0,1782360734.1186907,0.002148866653442383
176259,normal,1656,0,1782360734.1205463,0.001855611801147461
176260,normal,281,0,1782360734.1226933,0.0021469593048095703
176261,normal,2993,0,1782360734.1246135,0.0019202232360839844
176262,normal,830,2,1782360734.1267786,0.002165079116821289
176263,normal,2967,0,1782360734.128601,0.0018224716186523438
176264,normal,130,0,1782360734.1307087,0.0021076202392578125
176265,normal,1566,0,1782360734.1325717,0.0018630027770996094
176266,normal,1985,0,1782360734.134749,0.0021772384643554688
176267,normal,646,0,1782360734.1365278,0.0017788410186767578
176268,normal,801,2,1782360734.138643,0.0021152496337890625
176269,normal,1483,0,1782360734.1405256,0.0018825531005859375
176270,normal,1927,0,1782360734.1426847,0.00215911865234375
176271,normal,1759,0,1782360734.1446187,0.001934051513671875
176272,normal,786,2,1782360734.1465013,0.0018825531005859375
176273,normal,1909,0,1782360734.1487837,0.002282381057739258
176274,normal,768,0,1782360734.150652,0.0018682479858398438
176275,normal,1661,0,1782360734.1528473,0.0021953582763671875
176276,normal,2196,0,1782360734.154682,0.0018346309661865234
176277,normal,906,2,1782360734.1565182,0.0018362998962402344
176278,normal,1970,0,1782360734.1588786,0.0023603439331054688
176279,normal,3050,1,1782360734.1606932,0.0018146038055419922
176280,normal,422,0,1782360734.1624324,0.0017392635345458984
176281,normal,2817,0,1782360734.1645486,0.0021162033081054688
176282,normal,778,2,1782360734.1666443,0.0020956993103027344
176283,normal,3281,1,1782360734.1685686,0.001924276351928711
176284,normal,2545,0,1782360734.1707175,0.002148866653442383
176285,normal,2290,0,1782360734.17253,0.0018124580383300781
176286,normal,1162,0,1782360734.1744244,0.0018944740295410156
176287,normal,3613,0,1782360734.1765237,0.002099275588989258
176288,normal,382,0,1782360734.1785262,0.0020024776458740234
176289,normal,1808,0,1782360734.1808968,0.002370595932006836
176290,normal,2212,0,1782360734.1824515,0.001554727554321289
176291,normal,3026,0,1782360734.1847565,0.0023050308227539062
176292,normal,2957,0,1782360734.186405,0.0016484260559082031
176293,normal,627,0,1782360734.188522,0.002117156982421875
176294,normal,714,0,1782360734.1905622,0.0020401477813720703
176295,normal,1889,0,1782360734.1927404,0.002178192138671875
176296,normal,113,0,1782360734.194765,0.0020246505737304688
176297,normal,1256,0,1782360734.1967058,0.0019407272338867188
176298,normal,3192,1,1782360734.1983979,0.001692056655883789
176299,normal,2170,0,1782360734.20069,0.002292156219482422
176300,normal,2292,0,1782360734.2025614,0.001871347427368164
176301,normal,2242,0,1782360734.2047014,0.002140045166015625
176302,normal,292,0,1782360734.206558,0.0018565654754638672
176303,normal,3592,0,1782360734.2087247,0.002166748046875
176304,normal,3394,1,1782360734.2108598,0.002135038375854492
176305,normal,844,2,1782360734.2125094,0.001649618148803711
176306,normal,2900,0,1782360734.214736,0.002226591110229492
176307,normal,3426,0,1782360734.2167647,0.0020287036895751953
176308,normal,1788,0,1782360734.2185223,0.0017576217651367188
176309,normal,1762,0,1782360734.220691,0.0021686553955078125
176310,normal,154,0,1782360734.2230558,0.0023648738861083984
176311,normal,2338,0,1782360734.2246864,0.001630544662475586
176312,normal,580,0,1782360734.226722,0.0020356178283691406
176313,normal,985,2,1782360734.228748,0.002026081085205078
176314,normal,3266,1,1782360734.2308643,0.0021162033081054688
176315,normal,2033,0,1782360734.2325945,0.001730203628540039
176316,normal,2395,0,1782360734.2345705,0.00197601318359375
176317,normal,1325,1,1782360734.2365236,0.001953125
176318,normal,1643,0,1782360734.2386842,0.0021605491638183594
176319,normal,2083,0,1782360734.2405581,0.0018739700317382812
176320,normal,782,2,1782360734.2426555,0.0020973682403564453
176321,normal,1550,0,1782360734.244655,0.001999378204345703
176322,normal,2278,0,1782360734.2465348,0.0018799304962158203
176323,normal,882,2,1782360734.2487035,0.0021686553955078125
176324,normal,2408,0,1782360734.2506251,0.0019216537475585938
176325,normal,1055,0,1782360734.2525618,0.0019366741180419922
176326,normal,2446,0,1782360734.2547245,0.0021626949310302734
176327,normal,984,2,1782360734.2565386,0.001814126968383789
176328,normal,2269,0,1782360734.2587352,0.0021965503692626953
176329,normal,3240,1,1782360734.2605262,0.0017910003662109375
176330,normal,3258,1,1782360734.262815,0.002288818359375
176331,normal,1072,0,1782360734.2644649,0.0016498565673828125
176332,normal,2943,0,1782360734.2667918,0.00232696533203125
176333,normal,2061,0,1782360734.2685447,0.0017528533935546875
176334,normal,3368,1,1782360734.2707286,0.0021839141845703125
176335,normal,1896,0,1782360734.2724752,0.0017466545104980469
176336,normal,2166,0,1782360734.2747185,0.0022432804107666016
176337,normal,3467,0,1782360734.2764795,0.0017609596252441406
176338,normal,1416,0,1782360734.278771,0.002291440963745117
176339,normal,2499,0,1782360734.2805593,0.0017883777618408203
176340,normal,3626,0,1782360734.2826896,0.002130270004272461
176341,normal,391,0,1782360734.2845585,0.0018689632415771484
176342,normal,1371,1,1782360734.2866595,0.0021009445190429688
176343,normal,3252,1,1782360734.2885408,0.0018813610076904297
176344,normal,151,0,1782360734.2906587,0.0021178722381591797
176345,normal,2529,0,1782360734.2927303,0.0020716190338134766
176346,normal,577,0,1782360734.294639,0.0019087791442871094
176347,normal,1537,0,1782360734.296675,0.002035856246948242
176348,normal,725,0,1782360734.298697,0.0020220279693603516
176349,normal,3498,0,1782360734.3005707,0.0018737316131591797
176350,normal,930,2,1782360734.302757,0.002186298370361328
176351,normal,779,2,1782360734.3044534,0.0016963481903076172
176352,normal,1524,0,1782360734.306644,0.0021905899047851562
176353,normal,3372,1,1782360734.3085275,0.0018835067749023438
176354,normal,136,0,1782360734.3106833,0.002155780792236328
176355,normal,1003,2,1782360734.3127272,0.0020439624786376953
176356,normal,1370,1,1782360734.3145094,0.0017821788787841797
176357,normal,678,0,1782360734.316754,0.002244710922241211
176358,normal,2712,0,1782360734.3185923,0.0018382072448730469
176359,normal,2610,0,1782360734.320718,0.0021257400512695312
176360,normal,3033,0,1782360734.3229012,0.002183198928833008
176361,normal,742,0,1782360734.3245199,0.0016186237335205078
176362,normal,1164,0,1782360734.3268487,0.0023288726806640625
176363,normal,1190,0,1782360734.3288126,0.0019638538360595703
176364,normal,607,0,1782360734.330452,0.0016393661499023438
176365,normal,94,0,1782360734.3326404,0.002188444137573242
176366,normal,3663,0,1782360734.334639,0.0019986629486083984
176367,normal,1764,0,1782360734.3365228,0.0018837451934814453
176368,normal,935,2,1782360734.3388777,0.002354860305786133
176369,normal,1489,0,1782360734.3405252,0.0016474723815917969
176370,normal,1099,0,1782360734.342638,0.002112865447998047
176371,normal,3588,0,1782360734.3445234,0.0018854141235351562
176372,normal,1624,0,1782360734.3466349,0.0021114349365234375
176373,normal,2187,0,1782360734.3490674,0.002432584762573242
176374,normal,485,0,1782360734.3507118,0.0016443729400634766
176375,normal,2304,0,1782360734.352657,0.0019452571868896484
176376,normal,1921,0,1782360734.3548112,0.002154111862182617
176377,normal,3639,0,1782360734.3564603,0.0016491413116455078
176378,normal,2937,0,1782360734.3586953,0.002234935760498047
176379,normal,3131,1,1782360734.3605647,0.0018694400787353516
176380,normal,354,0,1782360734.3626916,0.002126932144165039
176381,normal,2263,0,1782360734.3649983,0.002306699752807617
176382,normal,1699,0,1782360734.366694,0.0016956329345703125
176383,normal,3660,0,1782360734.368536,0.0018420219421386719
176384,normal,98,0,1782360734.370659,0.002123117446899414
176385,normal,1040,0,1782360734.372545,0.0018858909606933594
176386,normal,3204,1,1782360734.3745847,0.002039670944213867
176387,normal,2869,0,1782360734.3766906,0.0021059513092041016
176388,normal,2661,0,1782360734.378646,0.001955270767211914
176389,normal,1306,0,1782360734.3805156,0.0018696784973144531
176390,normal,1059,0,1782360734.3826976,0.0021820068359375
176391,normal,1554,0,1782360734.3848085,0.0021109580993652344
176392,normal,3547,0,1782360734.3872232,0.002414703369140625
176393,normal,934,2,1782360734.3888438,0.0016205310821533203
176394,normal,3390,1,1782360734.390443,0.0015993118286132812
176395,normal,3595,0,1782360734.392653,0.002209901809692383
176396,normal,770,0,1782360734.3947434,0.0020904541015625
176397,normal,626,0,1782360734.3966382,0.0018947124481201172
176398,normal,600,0,1782360734.3986733,0.0020351409912109375
176399,normal,1878,0,1782360734.4008048,0.0021314620971679688
176400,normal,1386,0,1782360734.4027557,0.001950979232788086
176401,normal,1133,0,1782360734.4045355,0.001779794692993164
176402,normal,3539,0,1782360734.4069197,0.002384185791015625
176403,normal,1585,0,1782360734.4085371,0.001617431640625
176404,normal,2099,0,1782360734.4107385,0.0022013187408447266
176405,normal,60,0,1782360734.4125366,0.0017981529235839844
176406,normal,1448,0,1782360734.4144351,0.0018985271453857422
176407,normal,2093,0,1782360734.4164636,0.0020284652709960938
176408,normal,2829,0,1782360734.418459,0.0019953250885009766
176409,normal,1849,0,1782360734.4204385,0.0019795894622802734
176410,normal,3193,1,1782360734.4224818,0.0020432472229003906
176411,normal,1647,0,1782360734.4246862,0.002204418182373047
176412,normal,2487,0,1782360734.4266214,0.0019352436065673828
176413,normal,74,0,1782360734.428524,0.0019025802612304688
176414,normal,2683,0,1782360734.430772,0.002248048782348633
176415,normal,1608,0,1782360734.4325237,0.0017516613006591797
176416,normal,3563,0,1782360734.434651,0.0021271705627441406
176417,normal,708,0,1782360734.4367082,0.002057313919067383
176418,normal,1143,0,1782360734.43865,0.001941680908203125
176419,normal,757,0,1782360734.440679,0.0020291805267333984
176420,normal,277,0,1782360734.442771,0.0020918846130371094
176421,normal,1770,0,1782360734.444514,0.0017430782318115234
176422,normal,1360,1,1782360734.446692,0.0021779537200927734
176423,normal,527,0,1782360734.4486973,0.002005338668823242
176424,normal,2179,0,1782360734.4505649,0.001867532730102539
176425,normal,367,0,1782360734.452706,0.002141237258911133
176426,normal,1215,0,1782360734.454707,0.0020008087158203125
176427,normal,138,0,1782360734.456577,0.0018701553344726562
176428,normal,1584,0,1782360734.458758,0.0021810531616210938
176429,normal,3076,1,1782360734.460543,0.0017848014831542969
176430,normal,940,2,1782360734.4626565,0.0021135807037353516
176431,normal,729,0,1782360734.4645412,0.0018846988677978516
176432,normal,1434,0,1782360734.4666896,0.0021483898162841797
176433,normal,2153,0,1782360734.4685407,0.0018510818481445312
176434,normal,3132,1,1782360734.4706876,0.0021469593048095703
176435,normal,573,0,1782360734.4727502,0.002062559127807617
176436,normal,6,0,1782360734.4746158,0.0018656253814697266
176437,normal,535,0,1782360734.4767275,0.002111673355102539
176438,normal,2471,0,1782360734.4787054,0.0019779205322265625
176439,normal,364,0,1782360734.4805665,0.0018610954284667969
176440,normal,1899,0,1782360734.482745,0.0021784305572509766
176441,normal,603,0,1782360734.4845266,0.0017817020416259766
176442,normal,3473,0,1782360734.4866486,0.0021219253540039062
176443,normal,2877,0,1782360734.488523,0.0018744468688964844
176444,normal,2371,0,1782360734.490655,0.002131938934326172
176445,normal,634,0,1782360734.4926963,0.002041339874267578
176446,normal,467,0,1782360734.4945118,0.0018155574798583984
176447,normal,1009,2,1782360734.4967782,0.002266407012939453
176448,normal,2708,0,1782360734.4986873,0.001909017562866211
176449,normal,2710,0,1782360734.5009615,0.0022742748260498047
176450,normal,628,0,1782360734.5026195,0.0016579627990722656
176451,normal,1881,0,1782360734.5046458,0.0020263195037841797
176452,normal,413,0,1782360734.5067062,0.002060413360595703
176453,normal,2237,0,1782360734.5088491,0.0021429061889648438
176454,normal,2190,0,1782360734.5105968,0.0017476081848144531
176455,normal,916,2,1782360734.5125246,0.0019278526306152344
176456,normal,2861,0,1782360734.5146422,0.002117633819580078
176457,normal,1677,0,1782360734.5164416,0.0017993450164794922
176458,normal,3590,0,1782360734.5187862,0.0023446083068847656
176459,normal,2182,0,1782360734.5205247,0.0017385482788085938
176460,normal,3452,0,1782360734.5227556,0.0022308826446533203
176461,normal,2531,0,1782360734.5245385,0.0017828941345214844
176462,normal,3096,1,1782360734.526657,0.0021185874938964844
176463,normal,3022,0,1782360734.5290055,0.0023484230041503906
176464,normal,2100,0,1782360734.5304873,0.001481771469116211
176465,normal,327,0,1782360734.5328298,0.0023424625396728516
176466,normal,1203,0,1782360734.5344105,0.0015807151794433594
176467,normal,2503,0,1782360734.5365462,0.002135753631591797
176468,normal,2744,0,1782360734.538716,0.0021698474884033203
176469,normal,595,0,1782360734.540476,0.0017600059509277344
176470,normal,2907,0,1782360734.5426888,0.0022127628326416016
176471,normal,749,0,1782360734.5445487,0.001859903335571289
176472,normal,2911,0,1782360734.5464776,0.0019288063049316406
176473,normal,393,0,1782360734.5485003,0.0020227432250976562
176474,normal,1938,0,1782360734.550537,0.0020368099212646484
176475,normal,460,0,1782360734.552534,0.0019969940185546875
176476,normal,1918,0,1782360734.5545318,0.001997709274291992
176477,normal,1467,0,1782360734.5566368,0.0021049976348876953
176478,normal,2789,0,1782360734.5585635,0.0019266605377197266
176479,normal,3067,1,1782360734.5606291,0.0020656585693359375
176480,normal,3410,0,1782360734.562622,0.001992940902709961
176481,normal,383,0,1782360734.5645144,0.0018923282623291016
176482,normal,2722,0,1782360734.5665717,0.002057313919067383
176483,normal,3373,1,1782360734.5687013,0.0021295547485351562
176484,normal,3360,1,1782360734.570604,0.0019028186798095703
176485,normal,430,0,1782360734.5726075,0.0020034313201904297
176486,normal,3600,0,1782360734.5745168,0.0019092559814453125
176487,normal,1471,0,1782360734.5765266,0.002009868621826172
176488,normal,2573,0,1782360734.578636,0.0021092891693115234
176489,normal,3227,1,1782360734.5805259,0.001889944076538086
176490,normal,439,0,1782360734.5825222,0.001996278762817383
176491,normal,1410,0,1782360734.5844235,0.001901388168334961
176492,normal,2625,0,1782360734.586565,0.0021414756774902344
176493,normal,2026,0,1782360734.588448,0.0018830299377441406
176494,normal,1335,1,1782360734.5905216,0.002073526382446289
176495,normal,3246,1,1782360734.592578,0.0020563602447509766
176496,normal,2533,0,1782360734.5945034,0.0019254684448242188
176497,normal,748,0,1782360734.5965664,0.0020630359649658203
176498,normal,1964,0,1782360734.5986104,0.0020439624786376953
176499,normal,2598,0,1782360734.600505,0.0018947124481201172
176500,normal,699,0,1782360734.602483,0.0019779205322265625
176501,normal,638,0,1782360734.6045659,0.00208282470703125
176502,normal,2287,0,1782360734.6064756,0.0019097328186035156
176503,normal,2051,0,1782360734.6085978,0.002122163772583008
176504,normal,2165,0,1782360734.6105866,0.0019888877868652344
176505,normal,624,0,1782360734.612419,0.0018322467803955078
176506,normal,362,0,1782360734.6145418,0.0021228790283203125
176507,normal,3611,0,1782360734.6165464,0.0020046234130859375
176508,normal,2087,0,1782360734.618544,0.001997709274291992
176509,normal,2854,0,1782360734.620693,0.002148866653442383
176510,normal,3123,1,1782360734.6225817,0.0018887519836425781
176511,normal,2502,0,1782360734.6245801,0.001998424530029297
176512,normal,3475,0,1782360734.6267257,0.002145528793334961
176513,normal,2358,0,1782360734.6285362,0.0018105506896972656
176514,normal,2146,0,1782360734.6306548,0.0021185874938964844
176515,normal,1065,0,1782360734.632539,0.0018842220306396484
176516,normal,2876,0,1782360734.6347685,0.002229452133178711
176517,normal,1871,0,1782360734.6365385,0.00177001953125
176518,normal,1105,0,1782360734.6384935,0.0019550323486328125
176519,normal,1833,0,1782360734.640591,0.0020973682403564453
176520,normal,875,2,1782360734.6426914,0.0021004676818847656
176521,normal,2564,0,1782360734.6444745,0.001783132553100586
176522,normal,416,0,1782360734.6466079,0.0021333694458007812
176523,normal,421,0,1782360734.6485224,0.0019145011901855469
176524,normal,3689,0,1782360734.6507263,0.0022039413452148438
176525,normal,3688,0,1782360734.6525443,0.001817941665649414
176526,normal,1645,0,1782360734.654513,0.0019686222076416016
176527,normal,549,0,1782360734.6565049,0.0019919872283935547
176528,normal,334,0,1782360734.6585279,0.002022981643676758
176529,normal,2966,0,1782360734.6605837,0.0020558834075927734
176530,normal,864,2,1782360734.6624424,0.0018587112426757812
176531,normal,2123,0,1782360734.66458,0.0021376609802246094
176532,normal,1277,0,1782360734.6665108,0.0019307136535644531
176533,normal,3290,1,1782360734.668778,0.002267122268676758
176534,normal,1681,0,1782360734.6705196,0.001741647720336914
176535,normal,177,0,1782360734.6738744,0.003354787826538086
176536,normal,1958,0,1782360734.6746354,0.0007610321044921875
176537,normal,1446,0,1782360734.6766188,0.0019834041595458984
176538,normal,1020,2,1782360734.6784735,0.0018546581268310547
176539,normal,3501,0,1782360734.680519,0.0020456314086914062
176540,normal,3615,0,1782360734.6825104,0.00199127197265625
176541,normal,752,0,1782360734.6845884,0.0020780563354492188
176542,normal,3316,1,1782360734.6867273,0.002138853073120117
176543,normal,360,0,1782360734.6885157,0.0017883777618408203
176544,normal,3393,1,1782360734.6905172,0.002001523971557617
176545,normal,2174,0,1782360734.6927803,0.0022630691528320312
176546,normal,1863,0,1782360734.6945071,0.0017268657684326172
176547,normal,1305,0,1782360734.69663,0.0021228790283203125
176548,normal,3069,1,1782360734.6987693,0.0021393299102783203
176549,normal,2227,0,1782360734.7006145,0.0018451213836669922
176550,normal,1692,0,1782360734.702834,0.0022194385528564453
176551,normal,123,0,1782360734.7046053,0.0017714500427246094
176552,normal,2732,0,1782360734.7066336,0.002028226852416992
176553,normal,241,0,1782360734.7085726,0.0019390583038330078
176554,normal,1531,0,1782360734.7106996,0.002126932144165039
176555,normal,1369,1,1782360734.7127655,0.002065896987915039
176556,normal,3250,1,1782360734.71486,0.0020945072174072266
176557,normal,2989,0,1782360734.7164428,0.0015828609466552734
176558,normal,2324,0,1782360734.7186382,0.0021953582763671875
176559,normal,1171,0,1782360734.7205412,0.0019030570983886719
176560,normal,356,0,1782360734.7226572,0.002115964889526367
176561,normal,2085,0,1782360734.7246954,0.002038240432739258
176562,normal,945,2,1782360734.726592,0.0018966197967529297
176563,normal,1936,0,1782360734.7287607,0.0021686553955078125
176564,normal,2984,0,1782360734.7305715,0.0018107891082763672
176565,normal,1275,0,1782360734.73272,0.0021483898162841797
176566,normal,2007,0,1782360734.7352395,0.0025196075439453125
176567,normal,3129,1,1782360734.737248,0.0020084381103515625
176568,normal,1865,0,1782360734.7384627,0.001214742660522461
176569,normal,2495,0,1782360734.7406554,0.0021927356719970703
176570,normal,2492,0,1782360734.7425456,0.0018901824951171875
176571,normal,1474,0,1782360734.744483,0.0019373893737792969
176572,normal,264,0,1782360734.7465935,0.0021104812622070312
176573,normal,2537,0,1782360734.7486129,0.0020194053649902344
176574,normal,435,0,1782360734.7505457,0.0019328594207763672
176575,normal,705,0,1782360734.7527509,0.0022051334381103516
176576,normal,2369,0,1782360734.7547271,0.0019762516021728516
176577,normal,551,0,1782360734.7567186,0.0019915103912353516
176578,normal,510,0,1782360734.7584085,0.001689910888671875
176579,normal,3554,0,1782360734.76049,0.0020813941955566406
176580,normal,1840,0,1782360734.7625878,0.0020978450775146484
176581,normal,2130,0,1782360734.7644022,0.0018143653869628906
176582,normal,274,0,1782360734.7667077,0.0023055076599121094
176583,normal,912,2,1782360734.7684655,0.0017578601837158203
176584,normal,2991,0,1782360734.7704399,0.001974344253540039
176585,normal,3493,0,1782360734.7724636,0.0020236968994140625
176586,normal,456,0,1782360734.774472,0.0020084381103515625
176587,normal,2663,0,1782360734.7766988,0.0022268295288085938
176588,normal,3224,1,1782360734.778531,0.0018322467803955078
176589,normal,2718,0,1782360734.780683,0.002151966094970703
176590,normal,2613,0,1782360734.782433,0.0017499923706054688
176591,normal,1710,0,1782360734.7847056,0.0022726058959960938
176592,normal,172,0,1782360734.7866087,0.0019030570983886719
176593,normal,1166,0,1782360734.7886195,0.002010822296142578
176594,normal,1781,0,1782360734.790756,0.0021364688873291016
176595,normal,3299,1,1782360734.7923887,0.0016326904296875
176596,normal,449,0,1782360734.7946515,0.0022628307342529297
176597,normal,1096,0,1782360734.7965984,0.0019469261169433594
176598,normal,3399,1,1782360734.7985046,0.0019061565399169922
176599,normal,910,2,1782360734.8005626,0.0020580291748046875
176600,normal,230,0,1782360734.8025472,0.0019845962524414062
176601,normal,1211,0,1782360734.8045468,0.0019996166229248047
176602,normal,3191,1,1782360734.8065813,0.002034425735473633
176603,normal,501,0,1782360734.8085253,0.0019440650939941406
176604,normal,81,0,1782360734.8105187,0.001993417739868164
176605,normal,883,2,1782360734.812522,0.002003192901611328
176606,normal,128,0,1782360734.814529,0.002007007598876953
176607,normal,1963,0,1782360734.81654,0.0020110607147216797
176608,normal,1523,0,1782360734.8185189,0.0019788742065429688
176609,normal,713,0,1782360734.820581,0.002062082290649414
176610,normal,2337,0,1782360734.822565,0.001984119415283203
176611,normal,3635,0,1782360734.82459,0.0020248889923095703
176612,normal,395,0,1782360734.8265433,0.0019533634185791016
176613,normal,633,0,1782360734.8285587,0.002015352249145508
176614,normal,1662,0,1782360734.830584,0.0020253658294677734
176615,normal,2349,0,1782360734.8325062,0.0019221305847167969
176616,normal,2229,0,1782360734.834502,0.0019958019256591797
176617,normal,2334,0,1782360734.8365052,0.002003192901611328
176618,normal,1296,0,1782360734.838424,0.001918792724609375
176619,normal,1227,0,1782360734.8406203,0.0021963119506835938
176620,normal,3674,0,1782360734.8424754,0.0018551349639892578
176621,normal,3629,0,1782360734.8445928,0.0021173954010009766
176622,normal,3116,1,1782360734.846643,0.002050161361694336
176623,normal,937,2,1782360734.848771,0.002128124237060547
176624,normal,2696,0,1782360734.8505461,0.0017750263214111328
176625,normal,579,0,1782360734.8526483,0.0021021366119384766
176626,normal,374,0,1782360734.854499,0.0018508434295654297
176627,normal,1886,0,1782360734.8566198,0.0021207332611083984
176628,normal,246,0,1782360734.8584318,0.001811981201171875
176629,normal,1648,0,1782360734.8605118,0.0020799636840820312
176630,normal,2250,0,1782360734.862508,0.001996278762817383
176631,normal,878,2,1782360734.864611,0.0021028518676757812
176632,normal,2787,0,1782360734.8664303,0.0018193721771240234
176633,normal,697,0,1782360734.8685014,0.0020711421966552734
176634,normal,2915,0,1782360734.8705044,0.0020029544830322266
176635,normal,1224,0,1782360734.872501,0.0019965171813964844
176636,normal,2003,0,1782360734.8746119,0.0021109580993652344
176637,normal,3314,1,1782360734.8766494,0.002037525177001953
176638,normal,2863,0,1782360734.8785098,0.0018603801727294922
176639,normal,817,2,1782360734.880642,0.0021321773529052734
176640,normal,3166,1,1782360734.8824055,0.0017635822296142578
176641,normal,2947,0,1782360734.8845313,0.0021257400512695312
176642,normal,2252,0,1782360734.8865378,0.00200653076171875
176643,normal,2857,0,1782360734.8885453,0.0020074844360351562
176644,normal,3142,1,1782360734.8907495,0.0022041797637939453
176645,normal,963,2,1782360734.8925233,0.001773834228515625
176646,normal,3463,0,1782360734.894539,0.002015829086303711
176647,normal,558,0,1782360734.896538,0.0019989013671875
176648,normal,2310,0,1782360734.8985357,0.001997709274291992
176649,normal,1452,0,1782360734.9005303,0.001994609832763672
176650,normal,1401,0,1782360734.9027224,0.0021920204162597656
176651,normal,321,0,1782360734.9046373,0.00191497802734375
176652,normal,2188,0,1782360734.9065259,0.0018885135650634766
176653,normal,1226,0,1782360734.9086125,0.002086639404296875
176654,normal,3526,0,1782360734.91063,0.002017498016357422
176655,normal,3677,0,1782360734.912513,0.0018830299377441406
176656,normal,2589,0,1782360734.914543,0.002029895782470703
176657,normal,2484,0,1782360734.9167488,0.0022058486938476562
176658,normal,3667,0,1782360734.9185581,0.0018093585968017578
176659,normal,825,2,1782360734.9206226,0.0020644664764404297
176660,normal,3155,1,1782360734.9225254,0.0019028186798095703
176661,normal,1389,0,1782360734.9247282,0.002202749252319336
176662,normal,761,0,1782360734.92658,0.001851797103881836
176663,normal,2994,0,1782360734.92853,0.0019500255584716797
176664,normal,2293,0,1782360734.9305084,0.0019783973693847656
176665,normal,3548,0,1782360734.9325154,0.002007007598876953
176666,normal,512,0,1782360734.9345393,0.002023935317993164
176667,normal,401,0,1782360734.9365182,0.0019788742065429688
176668,normal,1409,0,1782360734.9385195,0.0020012855529785156
176669,normal,2373,0,1782360734.9405673,0.0020477771759033203
176670,normal,1326,1,1782360734.9425724,0.0020051002502441406
176671,normal,3010,0,1782360734.9445946,0.002022266387939453
176672,normal,2375,0,1782360734.9466248,0.0020301342010498047
176673,normal,1852,0,1782360734.948479,0.0018541812896728516
176674,normal,24,0,1782360734.950519,0.0020401477813720703
176675,normal,3429,0,1782360734.9525802,0.002061128616333008
176676,normal,3476,0,1782360734.954536,0.001955747604370117
176677,normal,2571,0,1782360734.9566238,0.002087831497192383
176678,normal,232,0,1782360734.9585638,0.001940011978149414
176679,normal,586,0,1782360734.960592,0.002028226852416992
176680,normal,630,0,1782360734.9625154,0.0019233226776123047
176681,normal,3006,0,1782360734.9645452,0.002029895782470703
176682,normal,1494,0,1782360734.966546,0.0020008087158203125
176683,normal,3184,1,1782360734.9685588,0.0020127296447753906
176684,normal,2912,0,1782360734.970571,0.0020122528076171875
176685,normal,1272,0,1782360734.9725873,0.002016305923461914
176686,normal,1439,0,1782360734.9744766,0.0018892288208007812
176687,normal,1851,0,1782360734.9765217,0.002045154571533203
176688,normal,3366,1,1782360734.9785252,0.0020034313201904297
176689,normal,2275,0,1782360734.9805188,0.0019936561584472656
176690,normal,1853,0,1782360734.9825218,0.0020029544830322266
176691,normal,2743,0,1782360734.9845188,0.0019969940185546875
176692,normal,3130,1,1782360734.9865623,0.002043485641479492
176693,normal,2643,0,1782360734.9885936,0.0020313262939453125
176694,normal,243,0,1782360734.990634,0.002040386199951172
176695,normal,1281,0,1782360734.9925673,0.0019333362579345703
176696,normal,3225,1,1782360734.9945393,0.0019719600677490234
176697,normal,147,0,1782360734.9965596,0.0020203590393066406
176698,normal,3285,1,1782360734.998577,0.002017498016357422
176699,normal,5,0,1782360735.000525,0.0019478797912597656
176700,normal,553,0,1782360735.002514,0.0019888877868652344
176701,normal,1204,0,1782360735.00451,0.0019960403442382812
176702,normal,2709,0,1782360735.006497,0.001986980438232422
176703,normal,2465,0,1782360735.0084755,0.001978635787963867
176704,normal,1468,0,1782360735.0105343,0.002058744430541992
176705,normal,3591,0,1782360735.012594,0.0020596981048583984
176706,normal,741,0,1782360735.0145226,0.001928567886352539
176707,normal,824,2,1782360735.0168183,0.0022957324981689453
176708,normal,2493,0,1782360735.018512,0.0016937255859375
176709,normal,3470,0,1782360735.0205796,0.00206756591796875
176710,normal,1872,0,1782360735.0226924,0.002112865447998047
176711,normal,1125,0,1782360735.0245624,0.0018699169158935547
176712,normal,3237,1,1782360735.0264254,0.0018630027770996094
176713,normal,855,2,1782360735.02851,0.0020847320556640625
176714,normal,983,2,1782360735.0305073,0.001997232437133789
176715,normal,3468,0,1782360735.0325737,0.002066373825073242
176716,normal,67,0,1782360735.0345132,0.001939535140991211
176717,normal,3614,0,1782360735.0364993,0.0019860267639160156
176718,normal,3072,1,1782360735.038502,0.002002716064453125
176719,normal,775,2,1782360735.0405002,0.0019981861114501953
176720,normal,1879,0,1782360735.042609,0.0021088123321533203
176721,normal,896,2,1782360735.0447152,0.002106189727783203
176722,normal,1320,1,1782360735.046454,0.0017387866973876953
176723,normal,1775,0,1782360735.0487235,0.0022695064544677734
176724,normal,2676,0,1782360735.050441,0.0017175674438476562
176725,normal,2865,0,1782360735.0525384,0.0020973682403564453
176726,normal,2956,0,1782360735.054535,0.0019965171813964844
176727,normal,2403,0,1782360735.0565403,0.002005338668823242
176728,normal,2568,0,1782360735.0587168,0.002176523208618164
176729,normal,890,2,1782360735.0605965,0.0018796920776367188
176730,normal,3167,1,1782360735.0624287,0.0018322467803955078
176731,normal,3562,0,1782360735.0645134,0.0020847320556640625
176732,normal,411,0,1782360735.066594,0.0020804405212402344
176733,normal,2548,0,1782360735.0684097,0.0018157958984375
176734,normal,1433,0,1782360735.070562,0.0021522045135498047
176735,normal,2001,0,1782360735.0726156,0.0020537376403808594
176736,normal,2361,0,1782360735.074482,0.0018663406372070312
176737,normal,1210,0,1782360735.0765643,0.002082347869873047
176738,normal,1045,0,1782360735.0787241,0.0021598339080810547
176739,normal,2218,0,1782360735.0810611,0.0023369789123535156
176740,normal,3036,0,1782360735.082525,0.0014638900756835938
176741,normal,1591,0,1782360735.0845335,0.0020084381103515625
176742,normal,1734,0,1782360735.0865674,0.0020339488983154297
176743,normal,506,0,1782360735.088722,0.0021545886993408203
176744,normal,2015,0,1782360735.0907974,0.0020754337310791016
176745,normal,1476,0,1782360735.0925686,0.0017712116241455078
176746,normal,1546,0,1782360735.0947928,0.0022242069244384766
176747,normal,16,0,1782360735.0966325,0.0018396377563476562
176748,normal,1208,0,1782360735.0989618,0.0023293495178222656
176749,normal,2675,0,1782360735.101041,0.0020792484283447266
176750,normal,2016,0,1782360735.1026268,0.0015857219696044922
176751,normal,2034,0,1782360735.104538,0.001911163330078125
176752,normal,2851,0,1782360735.1065366,0.0019986629486083984
176753,normal,2897,0,1782360735.1086402,0.002103567123413086
176754,normal,2270,0,1782360735.110545,0.0019047260284423828
176755,normal,12,0,1782360735.1126852,0.0021402835845947266
176756,normal,2236,0,1782360735.1146593,0.0019741058349609375
176757,normal,3326,1,1782360735.1165338,0.0018744468688964844
176758,normal,2653,0,1782360735.118713,0.0021791458129882812
176759,normal,2244,0,1782360735.1207383,0.0020253658294677734
176760,normal,3430,0,1782360735.122619,0.001880645751953125
176761,normal,167,0,1782360735.1246195,0.002000570297241211
176762,normal,1601,0,1782360735.1266336,0.00201416015625
176763,normal,453,0,1782360735.1286013,0.0019676685333251953
176764,normal,2535,0,1782360735.130742,0.0021407604217529297
176765,normal,903,2,1782360735.132766,0.002023935317993164
176766,normal,79,0,1782360735.1345766,0.0018105506896972656
176767,normal,810,2,1782360735.136632,0.0020554065704345703
176768,normal,3654,0,1782360735.1386955,0.0020635128021240234
176769,normal,1385,0,1782360735.140563,0.001867532730102539
176770,normal,2119,0,1782360735.1426945,0.0021314620971679688
176771,normal,1419,0,1782360735.1448205,0.002125978469848633
176772,normal,1552,0,1782360735.1465719,0.0017514228820800781
176773,normal,1733,0,1782360735.1487372,0.0021653175354003906
176774,normal,3137,1,1782360735.1507092,0.0019719600677490234
176775,normal,3294,1,1782360735.1525345,0.0018253326416015625
176776,normal,3119,1,1782360735.1546476,0.0021131038665771484
176777,normal,920,2,1782360735.1566525,0.002004861831665039
176778,normal,680,0,1782360735.1585393,0.0018868446350097656
176779,normal,874,2,1782360735.1606534,0.0021140575408935547
176780,normal,1278,0,1782360735.1627104,0.0020570755004882812
176781,normal,450,0,1782360735.164615,0.0019044876098632812
176782,normal,2323,0,1782360735.1669302,0.0023152828216552734
176783,normal,2624,0,1782360735.1685855,0.0016553401947021484
176784,normal,602,0,1782360735.1706893,0.0021038055419921875
176785,normal,2755,0,1782360735.1725645,0.001875162124633789
176786,normal,47,0,1782360735.1747057,0.002141237258911133
176787,normal,1995,0,1782360735.1765249,0.0018191337585449219
176788,normal,1041,0,1782360735.17864,0.002115011215209961
176789,normal,2132,0,1782360735.1806374,0.0019974708557128906
176790,normal,3462,0,1782360735.1825895,0.0019521713256835938
176791,normal,2172,0,1782360735.184749,0.0021593570709228516
176792,normal,70,0,1782360735.1866014,0.0018525123596191406
176793,normal,756,0,1782360735.1887708,0.002169370651245117
176794,normal,728,0,1782360735.1907399,0.0019690990447998047
176795,normal,789,2,1782360735.1929364,0.0021965503692626953
176796,normal,815,2,1782360735.194515,0.0015785694122314453
176797,normal,3289,1,1782360735.196829,0.0023140907287597656
176798,normal,867,2,1782360735.1987703,0.0019412040710449219
176799,normal,3630,0,1782360735.2005088,0.0017385482788085938
176800,normal,2702,0,1782360735.202632,0.002123117446899414
176801,normal,1044,0,1782360735.2046463,0.0020143985748291016
176802,normal,2057,0,1782360735.2065282,0.0018818378448486328
176803,normal,2113,0,1782360735.2089288,0.002400636672973633
176804,normal,953,2,1782360735.210521,0.0015921592712402344
176805,normal,2737,0,1782360735.2126412,0.0021202564239501953
176806,normal,3181,1,1782360735.2145176,0.0018763542175292969
176807,normal,319,0,1782360735.2166314,0.002113819122314453
176808,normal,1479,0,1782360735.2189724,0.002341032028198242
176809,normal,3228,1,1782360735.2207372,0.0017647743225097656
176810,normal,3483,0,1782360735.2227442,0.002007007598876953
176811,normal,3199,1,1782360735.2246017,0.0018575191497802734
176812,normal,1464,0,1782360735.226532,0.00193023681640625
176813,normal,2222,0,1782360735.2286468,0.0021147727966308594
176814,normal,2655,0,1782360735.230546,0.0018992424011230469
176815,normal,314,0,1782360735.2326868,0.0021407604217529297
176816,normal,459,0,1782360735.2348595,0.002172708511352539
176817,normal,1510,0,1782360735.2364833,0.0016238689422607422
176818,normal,2101,0,1782360735.238655,0.002171754837036133
176819,normal,2583,0,1782360735.2406888,0.002033710479736328
176820,normal,2264,0,1782360735.2425601,0.001871347427368164
176821,normal,3409,0,1782360735.24469,0.002129793167114258
176822,normal,2801,0,1782360735.2468545,0.002164602279663086
176823,normal,3650,0,1782360735.2486968,0.0018422603607177734
176824,normal,1787,0,1782360735.2505975,0.0019006729125976562
176825,normal,1442,0,1782360735.2527661,0.0021686553955078125
176826,normal,2836,0,1782360735.254543,0.0017769336700439453
176827,normal,1913,0,1782360735.2566833,0.0021402835845947266
176828,normal,2431,0,1782360735.2585602,0.0018768310546875
176829,normal,2305,0,1782360735.260921,0.002360820770263672
176830,normal,3661,0,1782360735.2626936,0.0017726421356201172
176831,normal,653,0,1782360735.2647674,0.0020737648010253906
176832,normal,380,0,1782360735.266443,0.0016756057739257812
176833,normal,1701,0,1782360735.268954,0.0025110244750976562
176834,normal,3566,0,1782360735.270743,0.0017888545989990234
176835,normal,1155,0,1782360735.2724574,0.001714468002319336
176836,normal,3020,0,1782360735.2748804,0.0024230480194091797
176837,normal,2011,0,1782360735.276512,0.0016314983367919922
176838,normal,2,0,1782360735.2784443,0.001932382583618164
176839,normal,769,0,1782360735.2806034,0.00215911865234375
176840,normal,1991,0,1782360735.2825189,0.0019154548645019531
176841,normal,1194,0,1782360735.2844825,0.0019636154174804688
176842,normal,1817,0,1782360735.2865396,0.0020570755004882812
176843,normal,511,0,1782360735.2887034,0.0021638870239257812
176844,normal,918,2,1782360735.290634,0.0019304752349853516
176845,normal,3109,1,1782360735.2926412,0.0020072460174560547
176846,normal,2302,0,1782360735.2947285,0.0020873546600341797
176847,normal,3513,0,1782360735.2965312,0.001802682876586914
176848,normal,3367,1,1782360735.298696,0.0021648406982421875
176849,normal,1342,1,1782360735.300728,0.002032041549682617
176850,normal,1873,0,1782360735.302627,0.0018990039825439453
176851,normal,3417,0,1782360735.3046339,0.0020067691802978516
176852,normal,2634,0,1782360735.306505,0.0018711090087890625
176853,normal,1042,0,1782360735.3085442,0.002039194107055664
176854,normal,887,2,1782360735.3105283,0.001984119415283203
176855,normal,3280,1,1782360735.3125408,0.002012491226196289
176856,normal,2343,0,1782360735.31453,0.001989126205444336
176857,normal,3464,0,1782360735.316565,0.0020351409912109375
176858,normal,1182,0,1782360735.3185732,0.002008199691772461
176859,normal,2687,0,1782360735.320796,0.002222776412963867
176860,normal,2951,0,1782360735.3224087,0.0016126632690429688
176861,normal,999,2,1782360735.3246999,0.0022912025451660156
176862,normal,2348,0,1782360735.3264542,0.0017542839050292969
176863,normal,3342,1,1782360735.3286533,0.0021991729736328125
176864,normal,1883,0,1782360735.3306558,0.0020024776458740234
176865,normal,1352,1,1782360735.3325584,0.0019025802612304688
176866,normal,256,0,1782360735.3347251,0.002166748046875
176867,normal,1594,0,1782360735.3367438,0.0020186901092529297
176868,normal,1108,0,1782360735.338769,0.002025127410888672
176869,normal,3332,1,1782360735.3404615,0.0016925334930419922
176870,normal,1785,0,1782360735.3426926,0.002231121063232422
176871,normal,1148,0,1782360735.3446062,0.0019135475158691406
176872,normal,279,0,1782360735.3466432,0.00203704833984375
176873,normal,3208,1,1782360735.3486457,0.0020024776458740234
176874,normal,2497,0,1782360735.3504157,0.00177001953125
176875,normal,2309,0,1782360735.3527327,0.0023169517517089844
176876,normal,208,0,1782360735.3546946,0.001961946487426758
176877,normal,1649,0,1782360735.356457,0.00176239013671875
176878,normal,2642,0,1782360735.3586164,0.0021593570709228516
176879,normal,2122,0,1782360735.3607671,0.0021507740020751953
176880,normal,299,0,1782360735.3626087,0.0018415451049804688
176881,normal,716,0,1782360735.3647578,0.0021491050720214844
176882,normal,351,0,1782360735.366538,0.0017802715301513672
176883,normal,328,0,1782360735.3685243,0.001986265182495117
176884,normal,3043,0,1782360735.3708465,0.0023221969604492188
176885,normal,1633,0,1782360735.3725183,0.0016717910766601562
176886,normal,3585,0,1782360735.3745232,0.002004861831665039
176887,normal,2844,0,1782360735.376437,0.0019137859344482422
176888,normal,3634,0,1782360735.378658,0.0022211074829101562
176889,normal,2783,0,1782360735.380632,0.001973867416381836
176890,normal,2090,0,1782360735.3825822,0.0019502639770507812
176891,normal,1562,0,1782360735.3845277,0.00194549560546875
176892,normal,1223,0,1782360735.386633,0.002105236053466797
176893,normal,214,0,1782360735.3885155,0.0018825531005859375
176894,normal,2550,0,1782360735.3909123,0.002396821975708008
176895,normal,1655,0,1782360735.392746,0.0018336772918701172
176896,normal,571,0,1782360735.394542,0.0017960071563720703
176897,normal,436,0,1782360735.3967528,0.002210855484008789
176898,normal,805,2,1782360735.3984005,0.0016477108001708984
176899,normal,1422,0,1782360735.400528,0.002127408981323242
176900,normal,1571,0,1782360735.4025695,0.0020415782928466797
176901,normal,3485,0,1782360735.4047282,0.002158641815185547
176902,normal,2160,0,1782360735.40666,0.001931905746459961
176903,normal,2088,0,1782360735.4085243,0.0018641948699951172
176904,normal,1294,0,1782360735.4105222,0.0019979476928710938
176905,normal,2909,0,1782360735.4125977,0.0020754337310791016
176906,normal,298,0,1782360735.4146538,0.002056121826171875
176907,normal,1842,0,1782360735.4165459,0.00189208984375
176908,normal,1191,0,1782360735.418691,0.002145051956176758
176909,normal,3098,1,1782360735.4206061,0.0019152164459228516
176910,normal,2183,0,1782360735.4227417,0.0021355152130126953
176911,normal,2562,0,1782360735.4245422,0.001800537109375
176912,normal,3505,0,1782360735.4268224,0.0022802352905273438
176913,normal,2626,0,1782360735.4293368,0.002514362335205078
176914,normal,2289,0,1782360735.430843,0.0015063285827636719
176915,normal,2017,0,1782360735.4325628,0.0017197132110595703
176916,normal,195,0,1782360735.4345334,0.001970529556274414
176917,normal,2668,0,1782360735.4366057,0.0020723342895507812
176918,normal,2200,0,1782360735.4387627,0.002156972885131836
176919,normal,1455,0,1782360735.4407046,0.0019419193267822266
176920,normal,3239,1,1782360735.44258,0.0018754005432128906
176921,normal,2727,0,1782360735.444878,0.002298116683959961
176922,normal,588,0,1782360735.4464421,0.00156402587890625
176923,normal,2721,0,1782360735.4490952,0.0026531219482421875
176924,normal,569,0,1782360735.450815,0.0017197132110595703
176925,normal,3196,1,1782360735.4524503,0.0016353130340576172
176926,normal,1741,0,1782360735.4547641,0.002313852310180664
176927,normal,3525,0,1782360735.4566355,0.001871347427368164
176928,normal,3054,1,1782360735.4585655,0.0019299983978271484
176929,normal,1500,0,1782360735.4606974,0.002131938934326172
176930,normal,1786,0,1782360735.4625356,0.0018382072448730469
176931,normal,2975,0,1782360735.4646602,0.0021245479583740234
176932,normal,1028,2,1782360735.4665434,0.0018832683563232422
176933,normal,964,2,1782360735.4687243,0.002180814743041992
176934,normal,719,0,1782360735.4706135,0.0018892288208007812
176935,normal,3616,0,1782360735.4726365,0.002022981643676758
176936,normal,978,2,1782360735.4746556,0.002019166946411133
176937,normal,247,0,1782360735.476562,0.0019063949584960938
176938,normal,936,2,1782360735.4787035,0.0021414756774902344
176939,normal,2110,0,1782360735.4807837,0.002080202102661133
176940,normal,3643,0,1782360735.4825368,0.001753091812133789
176941,normal,840,2,1782360735.4846303,0.0020935535430908203
176942,normal,3578,0,1782360735.486685,0.0020546913146972656
176943,normal,342,0,1782360735.48856,0.0018749237060546875
176944,normal,1309,0,1782360735.4906895,0.0021295547485351562
176945,normal,3323,1,1782360735.492699,0.0020093917846679688
176946,normal,68,0,1782360735.4947193,0.0020203590393066406
176947,normal,1185,0,1782360735.4965827,0.0018634796142578125
176948,normal,3017,0,1782360735.498721,0.0021381378173828125
176949,normal,1145,0,1782360735.5004523,0.0017313957214355469
176950,normal,2131,0,1782360735.502651,0.0021986961364746094
176951,normal,2307,0,1782360735.5045466,0.0018956661224365234
176952,normal,3449,0,1782360735.5066872,0.002140522003173828
176953,normal,202,0,1782360735.5084915,0.001804351806640625
176954,normal,3300,1,1782360735.5105324,0.002040863037109375
176955,normal,3190,1,1782360735.5127501,0.0022177696228027344
176956,normal,23,0,1782360735.5145488,0.0017986297607421875
176957,normal,2756,0,1782360735.5166268,0.0020780563354492188
176958,normal,1946,0,1782360735.5184083,0.001781463623046875
176959,normal,879,2,1782360735.5207362,0.0023279190063476562
176960,normal,3385,1,1782360735.522534,0.0017976760864257812
176961,normal,3074,1,1782360735.524686,0.0021522045135498047
176962,normal,660,0,1782360735.526382,0.001695871353149414
176963,normal,1062,0,1782360735.5285285,0.002146482467651367
176964,normal,1731,0,1782360735.5305333,0.002004861831665039
176965,normal,2632,0,1782360735.5325446,0.0020112991333007812
176966,normal,3182,1,1782360735.534598,0.002053499221801758
176967,normal,1830,0,1782360735.5364575,0.001859426498413086
176968,normal,2931,0,1782360735.5388377,0.0023801326751708984
176969,normal,428,0,1782360735.5405877,0.0017499923706054688
176970,normal,1061,0,1782360735.5425308,0.0019431114196777344
176971,normal,2795,0,1782360735.5445912,0.002060413360595703
176972,normal,3127,1,1782360735.5466506,0.002059459686279297
176973,normal,1345,1,1782360735.548484,0.0018334388732910156
176974,normal,1426,0,1782360735.5506911,0.002207040786743164
176975,normal,2920,0,1782360735.5525315,0.001840353012084961
176976,normal,2597,0,1782360735.5545242,0.0019927024841308594
176977,normal,2207,0,1782360735.5567334,0.002209186553955078
176978,normal,2336,0,1782360735.5584962,0.0017628669738769531
176979,normal,2228,0,1782360735.5604331,0.0019369125366210938
176980,normal,1783,0,1782360735.5626388,0.0022056102752685547
176981,normal,349,0,1782360735.5646288,0.001990079879760742
176982,normal,3175,1,1782360735.566525,0.0018961429595947266
176983,normal,3211,1,1782360735.5690267,0.0025017261505126953
176984,normal,1937,0,1782360735.5706122,0.0015854835510253906
176985,normal,1988,0,1782360735.5727293,0.002117156982421875
176986,normal,2454,0,1782360735.574537,0.0018076896667480469
176987,normal,385,0,1782360735.57665,0.002112865447998047
176988,normal,973,2,1782360735.578565,0.00191497802734375
176989,normal,1406,0,1782360735.5804923,0.0019273757934570312
176990,normal,3673,0,1782360735.582735,0.0022428035736083984
176991,normal,1774,0,1782360735.5844984,0.0017633438110351562
176992,normal,1539,0,1782360735.5865357,0.0020372867584228516
176993,normal,3605,0,1782360735.5885246,0.0019888877868652344
176994,normal,528,0,1782360735.5905247,0.002000093460083008
176995,normal,2977,0,1782360735.5925379,0.0020132064819335938
176996,normal,373,0,1782360735.5945263,0.0019884109497070312
176997,normal,914,2,1782360735.5966449,0.0021185874938964844
176998,normal,2225,0,1782360735.598565,0.0019202232360839844
176999,normal,3438,0,1782360735.6006055,0.002040386199951172
177000,normal,451,0,1782360735.6024933,0.0018877983093261719
177001,normal,1068,0,1782360735.6046412,0.0021479129791259766
177002,normal,2137,0,1782360735.60658,0.0019388198852539062
177003,normal,3134,1,1782360735.6085129,0.0019328594207763672
177004,normal,743,0,1782360735.610947,0.0024340152740478516
177005,normal,54,0,1782360735.6128423,0.0018954277038574219
177006,normal,2019,0,1782360735.614448,0.0016057491302490234
177007,normal,956,2,1782360735.6168334,0.002385377883911133
177008,normal,1607,0,1782360735.6188686,0.0020351409912109375
177009,normal,211,0,1782360735.6204803,0.0016117095947265625
177010,normal,3027,0,1782360735.6225264,0.0020461082458496094
177011,normal,2436,0,1782360735.6246395,0.0021131038665771484
177012,normal,1091,0,1782360735.6265597,0.0019202232360839844
177013,normal,251,0,1782360735.6286912,0.0021314620971679688
177014,normal,3589,0,1782360735.6306489,0.0019576549530029297
177015,normal,908,2,1782360735.6325343,0.0018854141235351562
177016,normal,1555,0,1782360735.6346574,0.002123117446899414
177017,normal,1990,0,1782360735.636727,0.002069711685180664
177018,normal,899,2,1782360735.6385212,0.0017940998077392578
177019,normal,30,0,1782360735.640772,0.0022509098052978516
177020,normal,346,0,1782360735.6425555,0.0017833709716796875
177021,normal,2376,0,1782360735.6447074,0.002151966094970703
177022,normal,1116,0,1782360735.6465237,0.0018162727355957031
177023,normal,897,2,1782360735.648761,0.0022373199462890625
177024,normal,2401,0,1782360735.6504772,0.0017161369323730469
177025,normal,2901,0,1782360735.652477,0.0019998550415039062
177026,normal,1726,0,1782360735.6546993,0.002222299575805664
177027,normal,3484,0,1782360735.6565154,0.0018160343170166016
177028,normal,144,0,1782360735.658449,0.0019335746765136719
177029,normal,1784,0,1782360735.6605623,0.00211334228515625
177030,normal,1540,0,1782360735.6627514,0.002189159393310547
177031,normal,3329,1,1782360735.6644192,0.0016677379608154297
177032,normal,522,0,1782360735.6666064,0.0021872520446777344
177033,normal,1318,0,1782360735.668412,0.0018055438995361328
177034,normal,187,0,1782360735.670446,0.0020339488983154297
177035,normal,1363,1,1782360735.672704,0.0022580623626708984
177036,normal,2488,0,1782360735.6745255,0.0018215179443359375
177037,normal,1214,0,1782360735.6766913,0.0021657943725585938
177038,normal,2670,0,1782360735.6786537,0.001962423324584961
177039,normal,2673,0,1782360735.6805284,0.001874685287475586
177040,normal,795,2,1782360735.6827552,0.0022268295288085938
177041,normal,260,0,1782360735.6846116,0.0018563270568847656
177042,normal,3082,1,1782360735.6864963,0.0018846988677978516
177043,normal,2273,0,1782360735.6885726,0.002076387405395508
177044,normal,1482,0,1782360735.6906564,0.0020837783813476562
177045,normal,1168,0,1782360735.6923885,0.0017321109771728516
177046,normal,2058,0,1782360735.694515,0.002126455307006836
177047,normal,140,0,1782360735.6966922,0.0021772384643554688
177048,normal,3267,1,1782360735.6984475,0.0017552375793457031
177049,normal,2462,0,1782360735.7007694,0.002321958541870117
177050,normal,2561,0,1782360735.7025247,0.0017552375793457031
177051,normal,2393,0,1782360735.704758,0.002233266830444336
177052,normal,1349,1,1782360735.7065735,0.0018155574798583984
177053,normal,2580,0,1782360735.7086508,0.002077341079711914
177054,normal,3620,0,1782360735.7105105,0.0018596649169921875
177055,normal,1067,0,1782360735.712578,0.00206756591796875
177056,normal,2762,0,1782360735.714806,0.0022280216217041016
177057,normal,2669,0,1782360735.7165332,0.0017271041870117188
177058,normal,3331,1,1782360735.7185104,0.001977205276489258
177059,normal,902,2,1782360735.7206888,0.0021784305572509766
177060,normal,1507,0,1782360735.7224534,0.001764535903930664
177061,normal,3278,1,1782360735.7246366,0.002183198928833008
177062,normal,1032,0,1782360735.7268462,0.0022096633911132812
177063,normal,352,0,1782360735.72838,0.0015337467193603516
177064,normal,2723,0,1782360735.730519,0.0021390914916992188
177065,normal,403,0,1782360735.7325182,0.0019991397857666016
177066,normal,2125,0,1782360735.7346346,0.0021164417266845703
177067,normal,3177,1,1782360735.736899,0.002264261245727539
177068,normal,2365,0,1782360735.7386487,0.0017497539520263672
177069,normal,2556,0,1782360735.7404861,0.0018374919891357422
177070,normal,2566,0,1782360735.7426488,0.0021626949310302734
177071,normal,3460,0,1782360735.744521,0.0018720626831054688
177072,normal,3110,1,1782360735.746528,0.002007007598876953
177073,normal,2151,0,1782360735.7485347,0.0020067691802978516
177074,normal,2763,0,1782360735.7505608,0.002026081085205078
177075,normal,1140,0,1782360735.7527955,0.0022346973419189453
177076,normal,2251,0,1782360735.754446,0.0016505718231201172
177077,normal,807,2,1782360735.7566924,0.002246379852294922
177078,normal,2477,0,1782360735.7584474,0.0017549991607666016
177079,normal,145,0,1782360735.7605355,0.0020880699157714844
177080,normal,1192,0,1782360735.7627017,0.002166271209716797
177081,normal,2473,0,1782360735.7644777,0.001775979995727539
177082,normal,1213,0,1782360735.7667646,0.0022869110107421875
177083,normal,2538,0,1782360735.7685182,0.0017535686492919922
177084,normal,1846,0,1782360735.770608,0.0020897388458251953
177085,normal,3094,1,1782360735.7728324,0.002224445343017578
177086,normal,137,0,1782360735.7753093,0.002476930618286133
177087,normal,1240,0,1782360735.7766874,0.0013780593872070312
177088,normal,2112,0,1782360735.778484,0.001796722412109375
177089,normal,1000,2,1782360735.7807055,0.002221345901489258
177090,normal,3232,1,1782360735.782566,0.0018606185913085938
177091,normal,1048,0,1782360735.7845185,0.0019524097442626953
177092,normal,1874,0,1782360735.7866075,0.0020890235900878906
177093,normal,927,2,1782360735.788537,0.0019295215606689453
177094,normal,2450,0,1782360735.7905786,0.0020415782928466797
177095,normal,745,0,1782360735.7928789,0.002300262451171875
177096,normal,244,0,1782360735.794712,0.001833200454711914
177097,normal,3413,0,1782360735.7964787,0.0017666816711425781
177098,normal,3173,1,1782360735.7985282,0.0020494461059570312
177099,normal,3527,0,1782360735.8005161,0.001987934112548828
177100,normal,480,0,1782360735.8025365,0.0020203590393066406
177101,normal,96,0,1782360735.80472,0.0021834373474121094
177102,normal,2860,0,1782360735.8064935,0.0017735958099365234
177103,normal,2745,0,1782360735.8087142,0.002220630645751953
177104,normal,3085,1,1782360735.8104744,0.001760244369506836
177105,normal,1114,0,1782360735.8125935,0.0021190643310546875
177106,normal,823,2,1782360735.8144517,0.0018582344055175781
177107,normal,1069,0,1782360735.8165991,0.0021474361419677734
177108,normal,3584,0,1782360735.818443,0.0018439292907714844
177109,normal,813,2,1782360735.8206875,0.0022444725036621094
177110,normal,2351,0,1782360735.8225205,0.0018329620361328125
177111,normal,1509,0,1782360735.824752,0.002231597900390625
177112,normal,969,2,1782360735.8265991,0.0018470287322998047
177113,normal,693,0,1782360735.8285744,0.0019752979278564453
177114,normal,76,0,1782360735.830535,0.0019605159759521484
177115,normal,2180,0,1782360735.8324943,0.0019593238830566406
177116,normal,3345,1,1782360735.8347359,0.0022416114807128906
177117,normal,3617,0,1782360735.8365018,0.0017659664154052734
177118,normal,3575,0,1782360735.8385758,0.002074003219604492
177119,normal,1313,0,1782360735.8407385,0.0021626949310302734
177120,normal,1090,0,1782360735.8425379,0.0017993450164794922
177121,normal,3051,1,1782360735.8446124,0.0020744800567626953
177122,normal,1380,1,1782360735.8465369,0.0019245147705078125
177123,normal,1373,1,1782360735.8485327,0.0019958019256591797
177124,normal,2672,0,1782360735.8507082,0.002175569534301758
177125,normal,1007,2,1782360735.8524673,0.0017590522766113281
177126,normal,164,0,1782360735.8545423,0.0020749568939208984
177127,normal,38,0,1782360735.8565605,0.0020182132720947266
177128,normal,2480,0,1782360735.858594,0.0020334720611572266
177129,normal,2747,0,1782360735.8607786,0.002184629440307617
177130,normal,1238,0,1782360735.8624344,0.0016558170318603516
177131,normal,2294,0,1782360735.8647301,0.0022957324981689453
177132,normal,2726,0,1782360735.866501,0.0017709732055664062
177133,normal,2543,0,1782360735.8685822,0.002081155776977539
177134,normal,1791,0,1782360735.8705404,0.001958131790161133
177135,normal,544,0,1782360735.8724627,0.0019223690032958984
177136,normal,928,2,1782360735.8753538,0.002891063690185547
177137,normal,121,0,1782360735.8765414,0.0011875629425048828
177138,normal,119,0,1782360735.8784547,0.001913309097290039
177139,normal,876,2,1782360735.8805926,0.002137899398803711
177140,normal,2133,0,1782360735.8825033,0.0019106864929199219
177141,normal,612,0,1782360735.8845909,0.0020875930786132812
177142,normal,1245,0,1782360735.886517,0.0019261837005615234
177143,normal,1176,0,1782360735.8888206,0.002303600311279297
177144,normal,2314,0,1782360735.890433,0.0016124248504638672
177145,normal,3136,1,1782360735.8926272,0.0021941661834716797
177146,normal,3028,0,1782360735.8948488,0.0022215843200683594
177147,normal,2945,0,1782360735.8964717,0.001622915267944336
177148,normal,2902,0,1782360735.8986359,0.002164125442504883
177149,normal,2052,0,1782360735.9006321,0.001996278762817383
177150,normal,429,0,1782360735.9025156,0.0018835067749023438
177151,normal,572,0,1782360735.904864,0.0023484230041503906
177152,normal,425,0,1782360735.9064453,0.0015811920166015625
177153,normal,2127,0,1782360735.9086413,0.002196073532104492
177154,normal,309,0,1782360735.9105158,0.0018744468688964844
177155,normal,3011,0,1782360735.9126298,0.0021140575408935547
177156,normal,700,0,1782360735.9150772,0.002447366714477539
177157,normal,3696,0,1782360735.9166565,0.00157928466796875
177158,normal,2971,0,1782360735.9188972,0.0022406578063964844
177159,normal,2298,0,1782360735.9205768,0.0016796588897705078
177160,normal,1545,0,1782360735.9225416,0.0019648075103759766
177161,normal,2856,0,1782360735.924656,0.0021142959594726562
177162,normal,1876,0,1782360765.4966042,0.0
177163,normal,2968,0,1782360765.498626,0.00202178955078125
177164,normal,3692,0,1782360765.500614,0.001987934112548828
177165,normal,2193,0,1782360765.502709,0.0020949840545654297
177166,normal,1135,0,1782360765.5046558,0.0019469261169433594
177167,normal,1551,0,1782360765.5066168,0.0019609928131103516
177168,normal,1282,0,1782360765.5086036,0.0019867420196533203
177169,normal,1675,0,1782360765.5106242,0.002020597457885742
177170,normal,1807,0,1782360765.512705,0.0020809173583984375
177171,normal,3096,1,1782360765.514549,0.0018439292907714844
177172,normal,782,2,1782360765.5166867,0.0021376609802246094
177173,normal,1837,0,1782360765.5185957,0.001909017562866211
177174,normal,1815,0,1782360765.5210562,0.002460479736328125
177175,normal,1946,0,1782360765.5228705,0.0018143653869628906
177176,normal,2932,0,1782360765.524712,0.0018415451049804688
177177,normal,1103,0,1782360765.5266535,0.0019414424896240234
177178,normal,1225,0,1782360765.5286493,0.0019958019256591797
177179,normal,1985,0,1782360765.5307899,0.002140522003173828
177180,normal,395,0,1782360765.5326052,0.0018153190612792969
177181,normal,3366,1,1782360765.5346017,0.0019965171813964844
177182,normal,1904,0,1782360765.5366292,0.0020275115966796875
177183,normal,1710,0,1782360765.5386076,0.0019783973693847656
177184,normal,655,0,1782360765.5406287,0.0020210742950439453
177185,normal,946,2,1782360765.5426974,0.002068758010864258
177186,normal,568,0,1782360765.5446017,0.0019042491912841797
177187,normal,3108,1,1782360765.5465975,0.0019958019256591797
177188,normal,2556,0,1782360765.548692,0.0020945072174072266
177189,normal,3093,1,1782360765.5506022,0.0019102096557617188
177190,normal,1066,0,1782360765.5526385,0.0020363330841064453
177191,normal,3114,1,1782360765.5547035,0.002064943313598633
177192,normal,165,0,1782360765.5566344,0.0019309520721435547
177193,normal,963,2,1782360765.5585988,0.0019643306732177734
177194,normal,751,0,1782360765.5606925,0.002093791961669922
177195,normal,988,2,1782360765.5626004,0.0019078254699707031
177196,normal,3064,1,1782360765.5646386,0.002038240432739258
177197,normal,1849,0,1782360765.566702,0.002063274383544922
177198,normal,2880,0,1782360765.568599,0.0018970966339111328
177199,normal,2945,0,1782360765.5705948,0.0019958019256591797
177200,normal,1901,0,1782360765.5726893,0.0020945072174072266
177201,normal,1976,0,1782360765.5746312,0.0019419193267822266
177202,normal,2385,0,1782360765.5766003,0.0019690990447998047
177203,normal,3305,1,1782360765.578698,0.002097606658935547
177204,normal,2284,0,1782360765.5806293,0.0019314289093017578
177205,normal,2311,0,1782360765.5825992,0.0019698143005371094
177206,normal,1040,0,1782360765.5846293,0.0020301342010498047
177207,normal,2715,0,1782360765.586687,0.002057790756225586
177208,normal,1187,0,1782360765.5886025,0.0019154548645019531
177209,normal,3027,0,1782360765.5907147,0.002112150192260742
177210,normal,1725,0,1782360765.5926008,0.001886129379272461
177211,normal,1608,0,1782360765.594639,0.002038240432739258
177212,normal,1404,0,1782360765.5967014,0.0020623207092285156
177213,normal,2324,0,1782360765.5986323,0.0019309520721435547
177214,normal,3583,0,1782360765.6006093,0.0019769668579101562
177215,normal,570,0,1782360765.602649,0.002039670944213867
177216,normal,169,0,1782360765.6046417,0.0019927024841308594
177217,normal,33,0,1782360765.606601,0.0019593238830566406
177218,normal,1052,0,1782360765.6086593,0.002058267593383789
177219,normal,1313,0,1782360765.6106021,0.0019428730010986328
177220,normal,2292,0,1782360765.6126359,0.002033710479736328
177221,normal,903,2,1782360765.6146839,0.002048015594482422
177222,normal,3641,0,1782360765.6165986,0.0019147396087646484
177223,normal,1738,0,1782360765.6186273,0.0020287036895751953
177224,normal,633,0,1782360765.6206262,0.0019989013671875
177225,normal,569,0,1782360765.622602,0.0019757747650146484
177226,normal,2777,0,1782360765.6245975,0.001995563507080078
177227,normal,3596,0,1782360765.6267014,0.0021038055419921875
177228,normal,2255,0,1782360765.6286378,0.0019364356994628906
177229,normal,1729,0,1782360765.630602,0.001964092254638672
177230,normal,2677,0,1782360765.632632,0.0020301342010498047
177231,normal,125,0,1782360765.6346405,0.0020084381103515625
177232,normal,2796,0,1782360765.6366382,0.001997709274291992
177233,normal,1217,0,1782360765.6386275,0.0019893646240234375
177234,normal,3521,0,1782360765.640653,0.0020253658294677734
177235,normal,1041,0,1782360765.642818,0.002165079116821289
177236,normal,2301,0,1782360765.644706,0.0018880367279052734
177237,normal,2293,0,1782360765.6467602,0.0020542144775390625
177238,normal,2706,0,1782360765.6488242,0.0020639896392822266
177239,normal,422,0,1782360765.65065,0.0018258094787597656
177240,normal,1695,0,1782360765.6526453,0.0019953250885009766
177241,normal,3217,1,1782360765.6546204,0.0019750595092773438
177242,normal,2053,0,1782360765.6566997,0.0020792484283447266
177243,normal,2913,0,1782360765.6586466,0.0019469261169433594
177244,normal,3186,1,1782360765.66062,0.001973390579223633
177245,normal,3479,0,1782360765.662692,0.0020720958709716797
177246,normal,1244,0,1782360765.6646433,0.0019512176513671875
177247,normal,2254,0,1782360765.6666458,0.0020024776458740234
177248,normal,171,0,1782360765.6686988,0.0020530223846435547
177249,normal,88,0,1782360765.6706414,0.0019426345825195312
177250,normal,818,2,1782360765.6726177,0.0019762516021728516
177251,normal,3400,1,1782360765.6747067,0.0020890235900878906
177252,normal,574,0,1782360765.676643,0.001936197280883789
177253,normal,3428,0,1782360765.6786177,0.001974821090698242
177254,normal,3031,0,1782360765.6806977,0.0020799636840820312
177255,normal,2955,0,1782360765.6826475,0.0019497871398925781
177256,normal,739,0,1782360765.684615,0.0019674301147460938
177257,normal,3543,0,1782360765.6867888,0.002173900604248047
177258,normal,3684,0,1782360765.6886508,0.0018620491027832031
177259,normal,2870,0,1782360765.6907141,0.002063274383544922
177260,normal,1791,0,1782360765.692745,0.0020308494567871094
177261,normal,2573,0,1782360765.6946924,0.0019474029541015625
177262,normal,1506,0,1782360765.696625,0.0019326210021972656
177263,normal,600,0,1782360765.6987188,0.002093791961669922
177264,normal,424,0,1782360765.7006123,0.0018935203552246094
177265,normal,1119,0,1782360765.7026467,0.002034425735473633
177266,normal,1611,0,1782360765.7046113,0.001964569091796875
177267,normal,935,2,1782360765.706558,0.0019466876983642578
177268,normal,2111,0,1782360765.7086246,0.0020666122436523438
177269,normal,945,2,1782360765.7106576,0.0020329952239990234
177270,normal,2286,0,1782360765.712633,0.0019752979278564453
177271,normal,1311,0,1782360765.7148306,0.002197742462158203
177272,normal,3444,0,1782360765.7167056,0.0018749237060546875
177273,normal,900,2,1782360765.718748,0.002042531967163086
177274,normal,2100,0,1782360765.7208366,0.0020885467529296875
177275,normal,1069,0,1782360765.7227104,0.0018737316131591797
177276,normal,1250,0,1782360765.724944,0.002233743667602539
177277,normal,2765,0,1782360765.7267482,0.0018041133880615234
177278,normal,615,0,1782360765.728823,0.002074718475341797
177279,normal,1888,0,1782360765.7306538,0.0018308162689208984
177280,normal,100,0,1782360765.7328792,0.0022253990173339844
177281,normal,3388,1,1782360765.734714,0.001834869384765625
177282,normal,916,2,1782360765.7368877,0.0021736621856689453
177283,normal,3075,1,1782360765.7387428,0.0018551349639892578
177284,normal,258,0,1782360765.7410398,0.002296924591064453
177285,normal,3341,1,1782360765.742698,0.0016582012176513672
177286,normal,1423,0,1782360765.7448719,0.002173900604248047
177287,normal,3097,1,1782360765.7467327,0.0018608570098876953
177288,normal,3404,0,1782360765.7486928,0.0019600391387939453
177289,normal,2263,0,1782360765.750879,0.002186298370361328
177290,normal,1226,0,1782360765.7527435,0.0018644332885742188
177291,normal,183,0,1782360765.754753,0.0020096302032470703
177292,normal,474,0,1782360765.7566924,0.0019392967224121094
177293,normal,3147,1,1782360765.7586286,0.001936197280883789
177294,normal,307,0,1782360765.760655,0.0020263195037841797
177295,normal,2854,0,1782360765.7626908,0.002035856246948242
177296,normal,2153,0,1782360765.7646265,0.001935720443725586
177297,normal,2846,0,1782360765.7666562,0.0020296573638916016
177298,normal,2982,0,1782360765.7686932,0.00203704833984375
177299,normal,534,0,1782360765.7706285,0.0019352436065673828
177300,normal,2188,0,1782360765.7726562,0.002027750015258789
177301,normal,3709,0,1782360765.774645,0.0019888877868652344
177302,normal,2707,0,1782360765.7767293,0.0020842552185058594
177303,normal,1841,0,1782360765.7786455,0.0019161701202392578
177304,normal,2039,0,1782360765.7807515,0.0021059513092041016
177305,normal,2445,0,1782360765.7827415,0.001990079879760742
177306,normal,2565,0,1782360765.784646,0.0019044876098632812
177307,normal,2662,0,1782360765.7866964,0.0020503997802734375
177308,normal,608,0,1782360765.7886493,0.0019528865814208984
177309,normal,1131,0,1782360765.7907,0.002050638198852539
177310,normal,3074,1,1782360765.7926905,0.0019905567169189453
177311,normal,966,2,1782360765.7946322,0.001941680908203125
177312,normal,2629,0,1782360765.796656,0.0020236968994140625
177313,normal,3578,0,1782360765.7986913,0.002035379409790039
177314,normal,493,0,1782360765.8006518,0.0019605159759521484
177315,normal,2403,0,1782360765.8026466,0.0019948482513427734
177316,normal,2344,0,1782360765.8046896,0.002043008804321289
177317,normal,1388,0,1782360765.806627,0.0019373893737792969
177318,normal,2722,0,1782360765.8086612,0.0020341873168945312
177319,normal,3072,1,1782360765.810691,0.002029895782470703
177320,normal,3602,0,1782360765.8126273,0.001936197280883789
177321,normal,346,0,1782360765.814659,0.0020318031311035156
177322,normal,1747,0,1782360765.8167536,0.0020945072174072266
177323,normal,3228,1,1782360765.8187351,0.001981496810913086
177324,normal,614,0,1782360765.8206446,0.001909494400024414
177325,normal,706,0,1782360765.8226404,0.0019958019256591797
177326,normal,3480,0,1782360765.8247344,0.0020940303802490234
177327,normal,2675,0,1782360765.826645,0.0019104480743408203
177328,normal,1679,0,1782360765.8287406,0.0020956993103027344
177329,normal,2410,0,1782360765.8307455,0.002004861831665039
177330,normal,2694,0,1782360765.832646,0.0019004344940185547
177331,normal,1219,0,1782360765.834743,0.0020971298217773438
177332,normal,756,0,1782360765.8367343,0.00199127197265625
177333,normal,3055,1,1782360765.8386474,0.0019130706787109375
177334,normal,1159,0,1782360765.8406923,0.0020449161529541016
177335,normal,41,0,1782360765.8427331,0.002040863037109375
177336,normal,1795,0,1782360765.8446429,0.0019097328186035156
177337,normal,949,2,1782360765.8467429,0.0020999908447265625
177338,normal,1654,0,1782360765.8487399,0.0019969940185546875
177339,normal,2235,0,1782360765.850645,0.001905202865600586
177340,normal,2031,0,1782360765.8526902,0.002045154571533203
177341,normal,2495,0,1782360765.8547354,0.002045154571533203
177342,normal,1550,0,1782360765.8566463,0.0019109249114990234
177343,normal,2306,0,1782360765.8587437,0.0020973682403564453
177344,normal,2512,0,1782360765.8607357,0.0019919872283935547
177345,normal,1957,0,1782360765.8626397,0.0019040107727050781
177346,normal,2580,0,1782360765.8647566,0.0021169185638427734
177347,normal,607,0,1782360765.866692,0.0019354820251464844
177348,normal,3225,1,1782360765.8687813,0.002089262008666992
177349,normal,1820,0,1782360765.8706343,0.0018529891967773438
177350,normal,1487,0,1782360765.8726377,0.0020034313201904297
177351,normal,504,0,1782360765.8747454,0.0021076202392578125
177352,normal,3477,0,1782360765.8767142,0.001968860626220703
177353,normal,410,0,1782360765.878619,0.0019047260284423828
177354,normal,2480,0,1782360765.8807433,0.002124309539794922
177355,normal,414,0,1782360765.882712,0.0019686222076416016
177356,normal,1853,0,1782360765.8846617,0.0019497871398925781
177357,normal,3619,0,1782360765.8866594,0.001997709274291992
177358,normal,2960,0,1782360765.8886552,0.0019958019256591797
177359,normal,1850,0,1782360765.8906386,0.0019834041595458984
177360,normal,1444,0,1782360765.892632,0.001993417739868164
177361,normal,1491,0,1782360765.8946455,0.0020134449005126953
177362,normal,1165,0,1782360765.8966284,0.0019829273223876953
177363,normal,2281,0,1782360765.8987515,0.002123117446899414
177364,normal,2622,0,1782360765.9007127,0.001961231231689453
177365,normal,3234,1,1782360765.902618,0.001905202865600586
177366,normal,700,0,1782360765.9047554,0.002137422561645508
177367,normal,3283,1,1782360765.9067154,0.0019600391387939453
177368,normal,2261,0,1782360765.9086244,0.001909017562866211
177369,normal,2685,0,1782360765.9109151,0.0022907257080078125
177370,normal,1191,0,1782360765.9127605,0.0018453598022460938
177371,normal,979,2,1782360765.914882,0.002121448516845703
177372,normal,387,0,1782360765.9167037,0.001821756362915039
177373,normal,991,2,1782360765.9186819,0.001978158950805664
177374,normal,3451,0,1782360765.9208784,0.0021965503692626953
177375,normal,3113,1,1782360765.9227104,0.0018320083618164062
177376,normal,669,0,1782360765.9246845,0.0019741058349609375
177377,normal,289,0,1782360765.926883,0.002198457717895508
177378,normal,2530,0,1782360765.9286516,0.0017685890197753906
177379,normal,1136,0,1782360765.930641,0.0019893646240234375
177380,normal,70,0,1782360765.932706,0.0020651817321777344
177381,normal,687,0,1782360765.9346602,0.0019540786743164062
177382,normal,2867,0,1782360765.9366162,0.0019559860229492188
177383,normal,1678,0,1782360765.9386954,0.0020792484283447266
177384,normal,673,0,1782360765.9406419,0.0019464492797851562
177385,normal,2741,0,1782360765.9426389,0.0019969940185546875
177386,normal,2296,0,1782360765.944696,0.0020570755004882812
177387,normal,3261,1,1782360765.9466498,0.0019538402557373047
177388,normal,1852,0,1782360765.948645,0.0019953250885009766
177389,normal,1505,0,1782360765.9507434,0.0020983219146728516
177390,normal,2869,0,1782360765.953403,0.0026595592498779297
177391,normal,1044,0,1782360765.95463,0.0012269020080566406
177392,normal,3643,0,1782360765.956695,0.0020651817321777344
177393,normal,2387,0,1782360765.9586492,0.0019540786743164062
177394,normal,824,2,1782360765.9606142,0.001965045928955078
177395,normal,652,0,1782360765.9626977,0.0020835399627685547
177396,normal,3518,0,1782360765.9646528,0.0019550323486328125
177397,normal,2484,0,1782360765.966912,0.0022592544555664062
177398,normal,3340,1,1782360765.9687111,0.0017991065979003906
177399,normal,1552,0,1782360765.9708726,0.0021615028381347656
177400,normal,1862,0,1782360765.9726975,0.0018248558044433594
177401,normal,3170,1,1782360765.9748752,0.002177715301513672
177402,normal,1137,0,1782360765.9767032,0.0018279552459716797
177403,normal,1556,0,1782360765.9788678,0.002164602279663086
177404,normal,790,2,1782360765.9806535,0.0017857551574707031
177405,normal,2557,0,1782360765.9828641,0.0022106170654296875
177406,normal,494,0,1782360765.9846842,0.0018200874328613281
177407,normal,1932,0,1782360765.9867527,0.0020685195922851562
177408,normal,2236,0,1782360765.9891238,0.002371072769165039
177409,normal,2310,0,1782360765.9907856,0.0016617774963378906
177410,normal,2564,0,1782360765.9929035,0.0021178722381591797
177411,normal,1218,0,1782360765.9947023,0.001798868179321289
177412,normal,68,0,1782360765.9966593,0.001956939697265625
177413,normal,1493,0,1782360765.9987245,0.0020651817321777344
177414,normal,3243,1,1782360766.0006914,0.0019669532775878906
177415,normal,2568,0,1782360766.002688,0.0019965171813964844
177416,normal,3350,1,1782360766.004658,0.001970052719116211
177417,normal,922,2,1782360766.0066888,0.0020308494567871094
177418,normal,2552,0,1782360766.0087144,0.002025604248046875
177419,normal,2702,0,1782360766.0106955,0.001981019973754883
177420,normal,584,0,1782360766.0130904,0.0023949146270751953
177421,normal,1873,0,1782360766.014774,0.0016837120056152344
177422,normal,3316,1,1782360766.0166545,0.0018804073333740234
177423,normal,1575,0,1782360766.0187063,0.002051830291748047
177424,normal,3332,1,1782360766.0210614,0.0023550987243652344
177425,normal,1769,0,1782360766.0227182,0.0016567707061767578
177426,normal,1457,0,1782360766.0247247,0.00200653076171875
177427,normal,3107,1,1782360766.0267062,0.001981496810913086
177428,normal,153,0,1782360766.0286822,0.00197601318359375
177429,normal,2908,0,1782360766.030687,0.002004861831665039
177430,normal,1160,0,1782360766.0327997,0.0021126270294189453
177431,normal,1607,0,1782360766.0345948,0.001795053482055664
177432,normal,21,0,1782360766.0367284,0.002133607864379883
177433,normal,2887,0,1782360766.0386019,0.0018734931945800781
177434,normal,2848,0,1782360766.0407798,0.0021779537200927734
177435,normal,3676,0,1782360766.0426397,0.001859903335571289
177436,normal,2463,0,1782360766.0447752,0.0021355152130126953
177437,normal,3199,1,1782360766.0467596,0.0019843578338623047
177438,normal,2075,0,1782360766.0487645,0.002004861831665039
177439,normal,2712,0,1782360766.0510545,0.002290010452270508
177440,normal,1898,0,1782360766.0527902,0.001735687255859375
177441,normal,2840,0,1782360766.054758,0.001967906951904297
177442,normal,355,0,1782360766.056883,0.0021250247955322266
177443,normal,1955,0,1782360766.0588114,0.0019283294677734375
177444,normal,840,2,1782360766.0607417,0.00193023681640625
177445,normal,1060,0,1782360766.0628524,0.002110719680786133
177446,normal,2393,0,1782360766.0648704,0.002017974853515625
177447,normal,1017,2,1782360766.0668385,0.0019681453704833984
177448,normal,3215,1,1782360766.0688875,0.002048969268798828
177449,normal,1461,0,1782360766.070787,0.0018994808197021484
177450,normal,2058,0,1782360766.0728683,0.0020813941955566406
177451,normal,3367,1,1782360766.0749016,0.002033233642578125
177452,normal,2673,0,1782360766.076801,0.0018994808197021484
177453,normal,1950,0,1782360766.0788596,0.0020585060119628906
177454,normal,3407,0,1782360766.080846,0.0019865036010742188
177455,normal,253,0,1782360766.082884,0.0020380020141601562
177456,normal,598,0,1782360766.0847306,0.0018465518951416016
177457,normal,233,0,1782360766.0868177,0.002087116241455078
177458,normal,16,0,1782360766.088799,0.0019812583923339844
177459,normal,1703,0,1782360766.090788,0.0019888877868652344
177460,normal,539,0,1782360766.0928273,0.0020394325256347656
177461,normal,2868,0,1782360766.0947917,0.0019643306732177734
177462,normal,1614,0,1782360766.0967188,0.0019271373748779297
177463,normal,3354,1,1782360766.0988173,0.002098560333251953
177464,normal,110,0,1782360766.1013358,0.0025184154510498047
177465,normal,2011,0,1782360766.1027968,0.001461029052734375
177466,normal,1743,0,1782360766.104832,0.0020351409912109375
177467,normal,1312,0,1782360766.106793,0.0019609928131103516
177468,normal,439,0,1782360766.1087356,0.0019426345825195312
177469,normal,1897,0,1782360766.110834,0.0020983219146728516
177470,normal,3685,0,1782360766.1129334,0.0020995140075683594
177471,normal,2993,0,1782360766.1146562,0.0017228126525878906
177472,normal,1645,0,1782360766.1168256,0.002169370651245117
177473,normal,2692,0,1782360766.118818,0.001992464065551758
177474,normal,999,2,1782360766.1207478,0.0019297599792480469
177475,normal,3010,0,1782360766.1228523,0.002104520797729492
177476,normal,1998,0,1782360766.1248646,0.0020122528076171875
177477,normal,2302,0,1782360766.126674,0.0018093585968017578
177478,normal,2247,0,1782360766.1288445,0.002170562744140625
177479,normal,1693,0,1782360766.1310155,0.002171039581298828
177480,normal,1882,0,1782360766.133321,0.0023055076599121094
177481,normal,144,0,1782360766.1346824,0.0013613700866699219
177482,normal,2346,0,1782360766.136828,0.002145528793334961
177483,normal,321,0,1782360766.138759,0.0019309520721435547
177484,normal,1488,0,1782360766.1408856,0.0021266937255859375
177485,normal,985,2,1782360766.1429222,0.002036571502685547
177486,normal,2082,0,1782360766.1447635,0.0018413066864013672
177487,normal,163,0,1782360766.147034,0.0022704601287841797
177488,normal,1558,0,1782360766.1487753,0.0017414093017578125
177489,normal,2122,0,1782360766.1511204,0.0023450851440429688
177490,normal,2555,0,1782360766.1532674,0.0021469593048095703
177491,normal,810,2,1782360766.1548946,0.001627206802368164
177492,normal,1824,0,1782360766.1568015,0.0019068717956542969
177493,normal,425,0,1782360766.1588392,0.0020377635955810547
177494,normal,3465,0,1782360766.160891,0.002051830291748047
177495,normal,3265,1,1782360766.1627526,0.001861572265625
177496,normal,2953,0,1782360766.1651864,0.00243377685546875
177497,normal,3173,1,1782360766.1667714,0.0015850067138671875
177498,normal,2844,0,1782360766.1688504,0.002079010009765625
177499,normal,646,0,1782360766.1707864,0.0019359588623046875
177500,normal,1656,0,1782360766.1728501,0.002063751220703125
177501,normal,2730,0,1782360766.174772,0.0019218921661376953
177502,normal,2815,0,1782360766.1768603,0.002088308334350586
177503,normal,17,0,1782360766.1788876,0.002027273178100586
177504,normal,950,2,1782360766.1808004,0.001912832260131836
177505,normal,3206,1,1782360766.1828473,0.002046823501586914
177506,normal,650,0,1782360766.1848245,0.001977205276489258
177507,normal,1407,0,1782360766.1866558,0.0018312931060791016
177508,normal,2359,0,1782360766.188896,0.0022401809692382812
177509,normal,2299,0,1782360766.1908424,0.0019464492797851562
177510,normal,709,0,1782360766.1929326,0.0020902156829833984
177511,normal,1786,0,1782360766.194774,0.0018413066864013672
177512,normal,2083,0,1782360766.1968865,0.0021126270294189453
177513,normal,3062,1,1782360766.198721,0.0018343925476074219
177514,normal,1169,0,1782360766.2008302,0.0021092891693115234
177515,normal,1573,0,1782360766.2028027,0.0019724369049072266
177516,normal,3678,0,1782360766.204731,0.0019283294677734375
177517,normal,3360,1,1782360766.2068048,0.0020737648010253906
177518,normal,2548,0,1782360766.2088766,0.002071857452392578
177519,normal,1268,0,1782360766.210788,0.0019114017486572266
177520,normal,2213,0,1782360766.2129009,0.002112865447998047
177521,normal,1839,0,1782360766.2149444,0.002043485641479492
177522,normal,203,0,1782360766.2168877,0.001943349838256836
177523,normal,3463,0,1782360766.2187948,0.0019071102142333984
177524,normal,2950,0,1782360766.2209446,0.002149820327758789
177525,normal,320,0,1782360766.2228155,0.001870870590209961
177526,normal,2001,0,1782360766.224792,0.001976490020751953
177527,normal,907,2,1782360766.226821,0.002028942108154297
177528,normal,1042,0,1782360766.2287266,0.001905679702758789
177529,normal,3372,1,1782360766.2308211,0.0020945072174072266
177530,normal,3019,0,1782360766.232888,0.0020668506622314453
177531,normal,3161,1,1782360766.234721,0.0018329620361328125
177532,normal,2659,0,1782360766.2368157,0.002094745635986328
177533,normal,3088,1,1782360766.2387896,0.001973867416381836
177534,normal,179,0,1782360766.2407339,0.0019443035125732422
177535,normal,1771,0,1782360766.2432296,0.0024957656860351562
177536,normal,103,0,1782360766.2447963,0.0015666484832763672
177537,normal,1433,0,1782360766.2467444,0.0019481182098388672
177538,normal,905,2,1782360766.2488356,0.0020911693572998047
177539,normal,2691,0,1782360766.2508035,0.001967906951904297
177540,normal,3631,0,1782360766.2527456,0.0019421577453613281
177541,normal,1698,0,1782360766.2549593,0.002213716506958008
177542,normal,1844,0,1782360766.2568197,0.0018603801727294922
177543,normal,711,0,1782360766.2587402,0.001920461654663086
177544,normal,2114,0,1782360766.2608528,0.0021126270294189453
177545,normal,1857,0,1782360766.2628298,0.0019769668579101562
177546,normal,2611,0,1782360766.2648673,0.002037525177001953
177547,normal,3410,0,1782360766.2667854,0.0019180774688720703
177548,normal,2109,0,1782360766.2688477,0.0020623207092285156
177549,normal,689,0,1782360766.2707462,0.0018985271453857422
177550,normal,3585,0,1782360766.2730565,0.0023102760314941406
177551,normal,419,0,1782360766.2752278,0.0021712779998779297
177552,normal,2332,0,1782360766.276691,0.001463174819946289
177553,normal,3083,1,1782360766.27885,0.00215911865234375
177554,normal,1582,0,1782360766.2809079,0.002057790756225586
177555,normal,1473,0,1782360766.282831,0.0019230842590332031
177556,normal,1665,0,1782360766.2848394,0.0020084381103515625
177557,normal,484,0,1782360766.2870283,0.0021889209747314453
177558,normal,2049,0,1782360766.2886477,0.0016193389892578125
177559,normal,2013,0,1782360766.2909727,0.0023250579833984375
177560,normal,1015,2,1782360766.292936,0.001963376998901367
177561,normal,730,0,1782360766.2947636,0.0018274784088134766
177562,normal,2523,0,1782360766.296829,0.002065420150756836
177563,normal,297,0,1782360766.298848,0.0020189285278320312
177564,normal,3390,1,1782360766.3006828,0.001834869384765625
177565,normal,421,0,1782360766.3028762,0.002193450927734375
177566,normal,1557,0,1782360766.3047128,0.001836538314819336
177567,normal,2923,0,1782360766.306846,0.0021331310272216797
177568,normal,2841,0,1782360766.3087757,0.0019297599792480469
177569,normal,265,0,1782360766.3108997,0.0021240711212158203
177570,normal,364,0,1782360766.312746,0.0018463134765625
177571,normal,592,0,1782360766.3149161,0.002170085906982422
177572,normal,1502,0,1782360766.3168287,0.0019125938415527344
177573,normal,3125,1,1782360766.3188522,0.002023458480834961
177574,normal,2716,0,1782360766.3208196,0.0019674301147460938
177575,normal,2925,0,1782360766.322871,0.0020513534545898438
177576,normal,2546,0,1782360766.324805,0.001934051513671875
177577,normal,941,2,1782360766.3268478,0.0020427703857421875
177578,normal,3629,0,1782360766.3288631,0.002015352249145508
177579,normal,1638,0,1782360766.3307793,0.0019161701202392578
177580,normal,2178,0,1782360766.3328834,0.002104043960571289
177581,normal,738,0,1782360766.3348982,0.0020148754119873047
177582,normal,2069,0,1782360766.336791,0.0018928050994873047
177583,normal,3240,1,1782360766.3389463,0.002155303955078125
177584,normal,1209,0,1782360766.3407314,0.0017850399017333984
177585,normal,2837,0,1782360766.3427646,0.002033233642578125
177586,normal,621,0,1782360766.3448653,0.002100706100463867
177587,normal,1270,0,1782360766.3468468,0.001981496810913086
177588,normal,2536,0,1782360766.3487241,0.0018773078918457031
177589,normal,107,0,1782360766.3507602,0.0020360946655273438
177590,normal,2506,0,1782360766.3530757,0.002315521240234375
177591,normal,3658,0,1782360766.3546941,0.0016183853149414062
177592,normal,1574,0,1782360766.3568122,0.0021181106567382812
177593,normal,992,2,1782360766.3587055,0.0018932819366455078
177594,normal,3416,0,1782360766.360731,0.0020253658294677734
177595,normal,3704,0,1782360766.3626363,0.0019054412841796875
177596,normal,65,0,1782360766.364608,0.001971721649169922
177597,normal,797,2,1782360766.3666055,0.0019974708557128906
177598,normal,1421,0,1782360766.368774,0.002168416976928711
177599,normal,1858,0,1782360766.3707075,0.0019335746765136719
177600,normal,2057,0,1782360766.372846,0.002138376235961914
177601,normal,1173,0,1782360766.3747559,0.0019099712371826172
177602,normal,3595,0,1782360766.3768299,0.002074003219604492
177603,normal,3687,0,1782360766.3789062,0.002076387405395508
177604,normal,1931,0,1782360766.3807065,0.0018002986907958984
177605,normal,587,0,1782360766.382899,0.0021924972534179688
177606,normal,2516,0,1782360766.3847687,0.0018696784973144531
177607,normal,750,0,1782360766.3868377,0.0020689964294433594
177608,normal,2549,0,1782360766.3886182,0.0017805099487304688
177609,normal,657,0,1782360766.390763,0.0021448135375976562
177610,normal,2632,0,1782360766.3927588,0.0019958019256591797
177611,normal,912,2,1782360766.3947392,0.001980304718017578
177612,normal,2690,0,1782360766.3966238,0.0018846988677978516
177613,normal,2465,0,1782360766.3987563,0.002132415771484375
177614,normal,1036,0,1782360766.400625,0.0018687248229980469
177615,normal,582,0,1782360766.4027731,0.002148151397705078
177616,normal,1166,0,1782360766.4047606,0.001987457275390625
177617,normal,3512,0,1782360766.4072666,0.0025060176849365234
177618,normal,2946,0,1782360766.408746,0.0014793872833251953
177619,normal,415,0,1782360766.4107726,0.0020265579223632812
177620,normal,2037,0,1782360766.4126306,0.0018579959869384766
177621,normal,745,0,1782360766.4147868,0.0021562576293945312
177622,normal,2678,0,1782360766.416644,0.0018572807312011719
177623,normal,3584,0,1782360766.4189148,0.0022706985473632812
177624,normal,1347,1,1782360766.420686,0.0017712116241455078
177625,normal,1606,0,1782360766.4227672,0.002081155776977539
177626,normal,3419,0,1782360766.4246395,0.0018723011016845703
177627,normal,1397,0,1782360766.4267762,0.002136707305908203
177628,normal,404,0,1782360766.4287906,0.0020143985748291016
177629,normal,3616,0,1782360766.4306586,0.0018680095672607422
177630,normal,95,0,1782360766.4328244,0.0021657943725585938
177631,normal,2669,0,1782360766.43465,0.001825571060180664
177632,normal,3294,1,1782360766.4367938,0.00214385986328125
177633,normal,1974,0,1782360766.4388046,0.002010822296142578
177634,normal,92,0,1782360766.4410934,0.002288818359375
177635,normal,3197,1,1782360766.442726,0.0016324520111083984
177636,normal,2437,0,1782360766.4446366,0.0019106864929199219
177637,normal,3299,1,1782360766.4467702,0.002133607864379883
177638,normal,1636,0,1782360766.4487274,0.0019571781158447266
177639,normal,685,0,1782360766.450699,0.001971721649169922
177640,normal,2248,0,1782360766.4528606,0.0021615028381347656
177641,normal,131,0,1782360766.4548001,0.001939535140991211
177642,normal,710,0,1782360766.4569275,0.002127408981323242
177643,normal,3460,0,1782360766.458674,0.0017464160919189453
177644,normal,562,0,1782360766.4609752,0.0023012161254882812
177645,normal,1053,0,1782360766.462847,0.0018718242645263672
177646,normal,536,0,1782360766.4649498,0.0021028518676757812
177647,normal,1419,0,1782360766.4667306,0.0017807483673095703
177648,normal,2472,0,1782360766.468616,0.0018854141235351562
177649,normal,870,2,1782360766.4706554,0.0020394325256347656
177650,normal,3513,0,1782360766.472636,0.0019805431365966797
177651,normal,3335,1,1782360766.4746847,0.0020487308502197266
177652,normal,310,0,1782360766.4766848,0.002000093460083008
177653,normal,3440,0,1782360766.4786952,0.002010345458984375
177654,normal,2936,0,1782360766.5892792,0.11058402061462402
177655,normal,1328,1,1782360766.5893655,8.630752563476562e-05
177656,normal,516,0,1782360766.5893974,3.1948089599609375e-05
177657,normal,819,2,1782360766.589423,2.5510787963867188e-05
177658,normal,1342,1,1782360766.5894463,2.3365020751953125e-05
177659,normal,1322,1,1782360766.5894687,2.2411346435546875e-05
177660,normal,2926,0,1782360766.5894902,2.1457672119140625e-05
177661,normal,1451,0,1782360766.5895116,2.1457672119140625e-05
177662,normal,1559,0,1782360766.5895333,2.1696090698242188e-05
177663,normal,3532,0,1782360766.5895548,2.1457672119140625e-05
177664,normal,1585,0,1782360766.5895884,3.361701965332031e-05
177665,normal,136,0,1782360766.5896103,2.193450927734375e-05
177666,normal,380,0,1782360766.589636,2.574920654296875e-05
177667,normal,1275,0,1782360766.5896578,2.1696090698242188e-05
177709,normal,2627,0,1782360766.590593,0.0009353160858154297
177710,normal,3588,0,1782360766.5926335,0.002040386199951172
177711,normal,349,0,1782360766.5946937,0.0020601749420166016
177712,normal,1229,0,1782360766.5967464,0.002052783966064453
177713,normal,2842,0,1782360766.5986235,0.0018770694732666016
177714,normal,3546,0,1782360766.6007717,0.002148151397705078
177715,normal,723,0,1782360766.602646,0.0018744468688964844
177716,normal,142,0,1782360766.604656,0.002009868621826172
177717,normal,3446,0,1782360766.6066437,0.0019876956939697266
177718,normal,1601,0,1782360766.6087122,0.0020685195922851562
177719,normal,154,0,1782360766.6107247,0.002012491226196289
177720,normal,3486,0,1782360766.61272,0.0019953250885009766
177721,normal,3487,0,1782360766.6147153,0.0019953250885009766
177722,normal,343,0,1782360766.6165445,0.0018291473388671875
177723,normal,2767,0,1782360766.6186917,0.002147197723388672
177724,normal,3021,0,1782360766.6206937,0.0020020008087158203
177725,normal,2115,0,1782360766.622717,0.0020232200622558594
177726,normal,2875,0,1782360766.6247659,0.002048969268798828
177727,normal,1303,0,1782360766.6265776,0.0018117427825927734
177728,normal,2772,0,1782360766.6286428,0.0020651817321777344
177729,normal,3686,0,1782360766.6306453,0.0020024776458740234
177730,normal,2012,0,1782360766.632641,0.0019958019256591797
177731,normal,2245,0,1782360766.6346426,0.002001523971557617
177732,normal,1024,2,1782360766.6366382,0.001995563507080078
177733,normal,1569,0,1782360766.6387715,0.0021333694458007812
177734,normal,2106,0,1782360766.6405792,0.0018076896667480469
177735,normal,2624,0,1782360766.642648,0.002068758010864258
177736,normal,2521,0,1782360766.644634,0.0019860267639160156
177737,normal,1497,0,1782360766.6466472,0.0020132064819335938
177738,normal,1383,0,1782360766.6488707,0.002223491668701172
177739,normal,2805,0,1782360766.6506095,0.0017387866973876953
177740,normal,495,0,1782360766.65277,0.0021605491638183594
177741,normal,2640,0,1782360766.654602,0.0018320083618164062
177742,normal,2444,0,1782360766.6566432,0.0020411014556884766
177743,normal,1189,0,1782360766.6586356,0.001992464065551758
177744,normal,1012,2,1782360766.6606576,0.0020220279693603516
177745,normal,3500,0,1782360766.6626081,0.0019505023956298828
177746,normal,2143,0,1782360766.6645975,0.0019893646240234375
177747,normal,960,2,1782360766.6666038,0.0020062923431396484
177748,normal,1537,0,1782360766.6685967,0.001992940902709961
177749,normal,2438,0,1782360766.6706529,0.002056121826171875
177750,normal,200,0,1782360766.6726522,0.001999378204345703
177751,normal,1979,0,1782360766.6746452,0.001992940902709961
177752,normal,2196,0,1782360766.6767037,0.0020585060119628906
177753,normal,23,0,1782360766.6786366,0.0019328594207763672
177754,normal,957,2,1782360766.680653,0.0020165443420410156
177755,normal,430,0,1782360766.6826432,0.001990079879760742
177756,normal,830,2,1782360766.6846855,0.0020422935485839844
177757,normal,542,0,1782360766.6867073,0.00202178955078125
177758,normal,1790,0,1782360766.6886094,0.0019021034240722656
177759,normal,403,0,1782360766.6905937,0.0019843578338623047
177760,normal,2029,0,1782360766.6925826,0.0019888877868652344
177761,normal,3485,0,1782360766.6946194,0.0020368099212646484
177762,normal,1221,0,1782360766.696623,0.0020036697387695312
177763,normal,2534,0,1782360766.6986017,0.001978635787963867
177764,normal,111,0,1782360766.7007968,0.002195119857788086
177765,normal,899,2,1782360766.7025528,0.0017559528350830078
177766,normal,1029,2,1782360766.7047956,0.0022428035736083984
177767,normal,3145,1,1782360766.7072196,0.002424001693725586
177768,normal,1842,0,1782360766.708678,0.0014584064483642578
177769,normal,2553,0,1782360766.710762,0.002084016799926758
177770,normal,1586,0,1782360766.712631,0.0018689632415771484
177771,normal,3191,1,1782360766.7147717,0.0021407604217529297
177772,normal,2699,0,1782360766.7167737,0.0020020008087158203
177773,normal,1140,0,1782360766.7188046,0.0020308494567871094
177774,normal,848,2,1782360766.7206492,0.001844644546508789
177775,normal,1023,2,1782360766.722763,0.002113819122314453
177776,normal,1132,0,1782360766.7246327,0.0018696784973144531
177777,normal,2204,0,1782360766.7267807,0.0021479129791259766
177778,normal,3564,0,1782360766.7287796,0.0019989013671875
177779,normal,2356,0,1782360766.7306478,0.0018682479858398438
177780,normal,2467,0,1782360766.7328117,0.0021638870239257812
177781,normal,2535,0,1782360766.7346475,0.0018358230590820312
177782,normal,1561,0,1782360766.7367995,0.002151966094970703
177783,normal,3457,0,1782360766.73891,0.0021104812622070312
177784,normal,1340,1,1782360766.7411416,0.002231597900390625
177785,normal,1860,0,1782360766.7427254,0.0015838146209716797
177786,normal,1999,0,1782360766.744772,0.0020465850830078125
177787,normal,3331,1,1782360766.7466245,0.0018525123596191406
177788,normal,1386,0,1782360766.7488246,0.0022001266479492188
177789,normal,1087,0,1782360766.7507174,0.0018928050994873047
177790,normal,3293,1,1782360766.7528348,0.0021173954010009766
177791,normal,2566,0,1782360766.7548969,0.002062082290649414
177792,normal,2386,0,1782360766.756778,0.0018811225891113281
177793,normal,676,0,1782360766.7586474,0.0018694400787353516
177794,normal,1000,2,1782360766.7608936,0.0022461414337158203
177795,normal,3617,0,1782360766.7628043,0.0019106864929199219
177796,normal,1732,0,1782360766.7648265,0.002022266387939453
177797,normal,2586,0,1782360766.7668955,0.0020689964294433594
177798,normal,2466,0,1782360766.7687953,0.00189971923828125
177799,normal,3253,1,1782360766.7708528,0.0020575523376464844
177800,normal,2260,0,1782360766.7726526,0.0017998218536376953
177801,normal,406,0,1782360766.774889,0.0022363662719726562
177802,normal,1466,0,1782360766.7766242,0.0017352104187011719
177803,normal,1571,0,1782360766.7787848,0.0021605491638183594
177804,normal,2224,0,1782360766.7806776,0.0018928050994873047
177805,normal,3302,1,1782360766.7828581,0.0021805763244628906
177806,normal,1314,0,1782360766.7847495,0.0018913745880126953
177807,normal,1075,0,1782360766.7867112,0.0019617080688476562
177808,normal,2159,0,1782360766.7886136,0.0019023418426513672
177809,normal,3448,0,1782360766.7907274,0.002113819122314453
177810,normal,202,0,1782360766.7926304,0.0019030570983886719
177811,normal,2081,0,1782360766.7947934,0.002162933349609375
177812,normal,1765,0,1782360766.796636,0.0018427371978759766
177813,normal,2551,0,1782360766.7988555,0.0022194385528564453
177814,normal,45,0,1782360766.8007846,0.0019290447235107422
177815,normal,1911,0,1782360766.802653,0.0018684864044189453
177816,normal,3288,1,1782360766.804806,0.0021529197692871094
177817,normal,150,0,1782360766.8065886,0.0017826557159423828
177818,normal,1391,0,1782360766.8086479,0.0020592212677001953
177819,normal,311,0,1782360766.8108172,0.002169370651245117
177820,normal,1512,0,1782360766.8126469,0.0018296241760253906
177821,normal,290,0,1782360766.8148446,0.002197742462158203
177822,normal,802,2,1782360766.816712,0.0018672943115234375
177823,normal,148,0,1782360766.8186224,0.0019104480743408203
177824,normal,636,0,1782360766.8206449,0.0020225048065185547
177825,normal,3227,1,1782360766.8226876,0.0020427703857421875
177826,normal,459,0,1782360766.8246446,0.001956939697265625
177827,normal,2316,0,1782360766.8267963,0.0021517276763916016
177828,normal,2222,0,1782360766.8287485,0.0019521713256835938
177829,normal,1828,0,1782360766.8309786,0.0022301673889160156
177830,normal,2560,0,1782360766.8327804,0.0018017292022705078
177831,normal,3160,1,1782360766.8347328,0.0019524097442626953
177832,normal,1464,0,1782360766.8366508,0.0019180774688720703
177833,normal,2493,0,1782360766.8387346,0.0020837783813476562
177834,normal,1325,1,1782360766.8405564,0.001821756362915039
177835,normal,3401,1,1782360766.8427558,0.002199411392211914
177836,normal,369,0,1782360766.8447733,0.002017498016357422
177837,normal,56,0,1782360766.8467503,0.0019769668579101562
177838,normal,3236,1,1782360766.8488138,0.0020635128021240234
177839,normal,958,2,1782360766.8506038,0.0017900466918945312
177840,normal,823,2,1782360766.852606,0.002002239227294922
177841,normal,135,0,1782360766.8546066,0.002000570297241211
177842,normal,2760,0,1782360766.856602,0.0019953250885009766
177843,normal,1661,0,1782360766.8588169,0.0022149085998535156
177844,normal,1157,0,1782360766.8607209,0.0019040107727050781
177845,normal,193,0,1782360766.862803,0.0020821094512939453
177846,normal,54,0,1782360766.864736,0.0019330978393554688
177847,normal,2607,0,1782360766.8666866,0.0019505023956298828
177848,normal,1892,0,1782360766.8685863,0.00189971923828125
177849,normal,3455,0,1782360766.8706388,0.0020525455474853516
177850,normal,2729,0,1782360766.8727155,0.0020766258239746094
177851,normal,3153,1,1782360766.8745787,0.001863241195678711
177852,normal,3221,1,1782360766.8766239,0.002045154571533203
177853,normal,3656,0,1782360766.878781,0.0021572113037109375
177854,normal,5,0,1782360766.8807404,0.0019593238830566406
177855,normal,2591,0,1782360766.8826354,0.0018949508666992188
177856,normal,333,0,1782360766.8846557,0.0020203590393066406
177857,normal,778,2,1782360766.886646,0.0019903182983398438
177858,normal,1666,0,1782360766.8886328,0.0019867420196533203
177859,normal,2961,0,1782360766.8908339,0.002201080322265625
177860,normal,2515,0,1782360766.8930724,0.0022385120391845703
177861,normal,2372,0,1782360766.8951898,0.0021173954010009766
177862,normal,2986,0,1782360766.896652,0.0014622211456298828
177863,normal,128,0,1782360766.898712,0.0020599365234375
177864,normal,2929,0,1782360766.9006069,0.0018949508666992188
177865,normal,663,0,1782360766.9026837,0.002076864242553711
177866,normal,1827,0,1782360766.90471,0.0020263195037841797
177867,normal,2482,0,1782360766.906939,0.002228975296020508
177868,normal,2995,0,1782360766.9086714,0.0017323493957519531
177869,normal,2323,0,1782360766.911145,0.002473592758178711
177870,normal,1981,0,1782360766.9130604,0.0019154548645019531
177871,normal,1022,2,1782360766.9146938,0.0016334056854248047
177872,normal,3338,1,1782360766.9166262,0.001932382583618164
177873,normal,3604,0,1782360766.9186046,0.0019783973693847656
177874,normal,2807,0,1782360766.9206302,0.002025604248046875
177875,normal,3579,0,1782360766.9228144,0.002184152603149414
177876,normal,2748,0,1782360766.9246423,0.0018279552459716797
177877,normal,3380,1,1782360766.9268394,0.0021970272064208984
177878,normal,2768,0,1782360766.9287195,0.0018801689147949219
177879,normal,1369,1,1782360766.9306507,0.0019311904907226562
177880,normal,1409,0,1782360766.9326875,0.0020368099212646484
177881,normal,2221,0,1782360766.9347074,0.0020198822021484375
177882,normal,1875,0,1782360766.9366798,0.0019724369049072266
177883,normal,3417,0,1782360766.9387617,0.0020818710327148438
177884,normal,3359,1,1782360766.9408367,0.0020749568939208984
177885,normal,1886,0,1782360766.9428682,0.002031564712524414
177886,normal,139,0,1782360766.9447975,0.0019292831420898438
177887,normal,340,0,1782360766.9466536,0.001856088638305664
177888,normal,3087,1,1782360766.9486215,0.001967906951904297
177889,normal,3312,1,1782360766.9506369,0.002015352249145508
177890,normal,2097,0,1782360766.9526398,0.0020029544830322266
177891,normal,807,2,1782360766.954813,0.002173185348510742
177892,normal,2421,0,1782360766.9566545,0.0018415451049804688
177893,normal,2320,0,1782360766.9588754,0.0022208690643310547
177894,normal,2015,0,1782360766.960754,0.001878499984741211
177895,normal,1977,0,1782360766.9627872,0.002033233642578125
177896,normal,3703,0,1782360766.964645,0.001857757568359375
177897,normal,319,0,1782360766.966779,0.002134084701538086
177898,normal,561,0,1782360766.9686382,0.0018591880798339844
177899,normal,1427,0,1782360766.9708107,0.0021724700927734375
177900,normal,869,2,1782360766.9727004,0.0018897056579589844
177901,normal,3,0,1782360766.9750051,0.0023047924041748047
177902,normal,2505,0,1782360766.9766507,0.0016455650329589844
177903,normal,1577,0,1782360766.9787872,0.0021364688873291016
177904,normal,1425,0,1782360766.9806514,0.0018641948699951172
177905,normal,987,2,1782360766.98279,0.0021386146545410156
177906,normal,2014,0,1782360766.9847686,0.001978635787963867
177907,normal,1501,0,1782360766.9867003,0.0019316673278808594
177908,normal,1437,0,1782360766.9888887,0.002188444137573242
177909,normal,572,0,1782360766.9908555,0.001966714859008789
177910,normal,2232,0,1782360766.9928546,0.0019991397857666016
177911,normal,3077,1,1782360766.9947536,0.0018990039825439453
177912,normal,3467,0,1782360766.9968479,0.002094268798828125
177913,normal,1434,0,1782360766.9989142,0.002066373825073242
177914,normal,815,2,1782360767.000863,0.0019488334655761719
177915,normal,902,2,1782360767.0028965,0.0020334720611572266
177916,normal,1604,0,1782360767.0048242,0.0019276142120361328
177917,normal,2347,0,1782360767.0069304,0.002106189727783203
177918,normal,990,2,1782360767.0089297,0.001999378204345703
177919,normal,2047,0,1782360767.0107565,0.0018267631530761719
177920,normal,3018,0,1782360767.0128548,0.0020983219146728516
177921,normal,668,0,1782360767.0147655,0.0019106864929199219
177922,normal,690,0,1782360767.0168512,0.0020856857299804688
177923,normal,1101,0,1782360767.0188818,0.002030611038208008
177924,normal,1099,0,1782360767.020758,0.0018761157989501953
177925,normal,518,0,1782360767.0228417,0.0020837783813476562
177926,normal,1518,0,1782360767.0248196,0.0019779205322265625
177927,normal,3339,1,1782360767.0267575,0.0019378662109375
177928,normal,2630,0,1782360767.0291393,0.0023818016052246094
177929,normal,2897,0,1782360767.0308723,0.0017330646514892578
177930,normal,2994,0,1782360767.0328126,0.0019402503967285156
177931,normal,257,0,1782360767.0348616,0.002048969268798828
177932,normal,1401,0,1782360767.0366557,0.0017940998077392578
177933,normal,2623,0,1782360767.0388832,0.0022275447845458984
177934,normal,3450,0,1782360767.040778,0.0018947124481201172
177935,normal,1761,0,1782360767.043021,0.0022430419921875
177936,normal,2577,0,1782360767.0446734,0.0016524791717529297
177937,normal,1180,0,1782360767.0468566,0.002183198928833008
177938,normal,1801,0,1782360767.0488408,0.001984119415283203
177939,normal,2918,0,1782360767.0507772,0.0019364356994628906
177940,normal,3046,1,1782360767.0528736,0.002096414566040039
177941,normal,375,0,1782360767.0548913,0.0020177364349365234
177942,normal,468,0,1782360767.0567143,0.0018229484558105469
177943,normal,3256,1,1782360767.0588713,0.002156972885131836
177944,normal,3594,0,1782360767.0606804,0.0018091201782226562
177945,normal,249,0,1782360767.0631924,0.0025119781494140625
177946,normal,524,0,1782360767.0651698,0.0019774436950683594
177947,normal,472,0,1782360767.0666826,0.001512765884399414
177948,normal,1204,0,1782360767.0688734,0.002190828323364258
177949,normal,2133,0,1782360767.070776,0.0019025802612304688
177950,normal,2735,0,1782360767.0728672,0.0020911693572998047
177951,normal,71,0,1782360767.07482,0.0019528865814208984
177952,normal,2599,0,1782360767.0769563,0.00213623046875
177953,normal,2581,0,1782360767.078736,0.001779794692993164
177954,normal,2637,0,1782360767.0808377,0.0021016597747802734
177955,normal,1004,2,1782360767.082653,0.0018153190612792969
177956,normal,2563,0,1782360767.0848348,0.0021817684173583984
177957,normal,1717,0,1782360767.0868716,0.0020368099212646484
177958,normal,3474,0,1782360767.088825,0.0019533634185791016
177959,normal,126,0,1782360767.0908673,0.0020422935485839844
177960,normal,3100,1,1782360767.0926979,0.0018305778503417969
177961,normal,821,2,1782360767.0947986,0.002100706100463867
177962,normal,36,0,1782360767.0967145,0.0019159317016601562
177963,normal,2941,0,1782360767.0987527,0.002038240432739258
177964,normal,573,0,1782360767.1008422,0.0020895004272460938
177965,normal,2931,0,1782360767.1027734,0.0019311904907226562
177966,normal,2430,0,1782360767.1046867,0.001913309097290039
177967,normal,2157,0,1782360767.106793,0.002106189727783203
177968,normal,805,2,1782360767.1086745,0.0018815994262695312
177969,normal,1336,1,1782360767.1107936,0.0021190643310546875
177970,normal,3321,1,1782360767.1126547,0.0018610954284667969
177971,normal,3280,1,1782360767.1148887,0.0022339820861816406
177972,normal,1107,0,1782360767.116802,0.001913309097290039
177973,normal,1845,0,1782360767.1188781,0.0020761489868164062
177974,normal,296,0,1782360767.1208515,0.001973390579223633
177975,normal,2754,0,1782360767.1227775,0.0019259452819824219
177976,normal,1089,0,1782360767.1250968,0.0023193359375
177977,normal,2102,0,1782360767.1266851,0.0015883445739746094
177978,normal,2457,0,1782360767.1288774,0.002192258834838867
177979,normal,479,0,1782360767.1308112,0.0019338130950927734
177980,normal,1417,0,1782360767.1328154,0.0020041465759277344
177981,normal,2243,0,1782360767.134768,0.0019526481628417969
177982,normal,591,0,1782360767.136871,0.002103090286254883
177983,normal,1920,0,1782360767.138903,0.0020318031311035156
177984,normal,3613,0,1782360767.1407938,0.0018908977508544922
177985,normal,2187,0,1782360767.1429226,0.0021288394927978516
177986,normal,1320,1,1782360767.1448364,0.0019137859344482422
177987,normal,3664,0,1782360767.1470306,0.0021941661834716797
177988,normal,1360,1,1782360767.1488352,0.0018045902252197266
177989,normal,1239,0,1782360767.1509204,0.0020852088928222656
177990,normal,788,2,1782360767.153887,0.002966642379760742
177991,normal,1259,0,1782360767.1546936,0.0008065700531005859
177992,normal,2363,0,1782360767.1566207,0.0019271373748779297
177993,normal,1600,0,1782360767.1588414,0.002220630645751953
177994,normal,1051,0,1782360767.1607387,0.0018973350524902344
177995,normal,1449,0,1782360767.1626303,0.0018916130065917969
177996,normal,1370,1,1782360767.164739,0.0021085739135742188
177997,normal,606,0,1782360767.1667461,0.0020072460174560547
177998,normal,1602,0,1782360767.1687522,0.002006053924560547
177999,normal,3689,0,1782360767.1712449,0.002492666244506836
178000,normal,1589,0,1782360767.1728156,0.0015707015991210938
178001,normal,3679,0,1782360767.1746874,0.0018718242645263672
178002,normal,214,0,1782360767.1767597,0.0020723342895507812
178003,normal,3163,1,1782360767.1787786,0.0020189285278320312
178004,normal,2160,0,1782360767.1807778,0.0019991397857666016
178005,normal,1962,0,1782360767.1830008,0.0022230148315429688
178006,normal,1598,0,1782360767.1847663,0.0017654895782470703
178007,normal,2592,0,1782360767.1868439,0.0020775794982910156
178008,normal,1579,0,1782360767.1887386,0.0018947124481201172
178009,normal,714,0,1782360767.1908863,0.002147674560546875
178010,normal,635,0,1782360767.1926777,0.0017914772033691406
178011,normal,1287,0,1782360767.195172,0.002494335174560547
178012,normal,373,0,1782360767.1967373,0.0015652179718017578
178013,normal,3094,1,1782360767.1989362,0.002198934555053711
178014,normal,653,0,1782360767.2007775,0.0018413066864013672
178015,normal,3571,0,1782360767.202928,0.0021505355834960938
178016,normal,692,0,1782360767.2049627,0.0020346641540527344
178017,normal,160,0,1782360767.2069578,0.001995086669921875
178018,normal,1077,0,1782360767.2086895,0.0017316341400146484
178019,normal,1247,0,1782360767.2108665,0.002177000045776367
178020,normal,2860,0,1782360767.2128148,0.0019483566284179688
178021,normal,1326,1,1782360767.2147813,0.0019664764404296875
178022,normal,1014,2,1782360767.2168236,0.0020422935485839844
178023,normal,1741,0,1782360767.2188234,0.0019998550415039062
178024,normal,388,0,1782360767.2208066,0.001983165740966797
178025,normal,3081,1,1782360767.222873,0.002066373825073242
178026,normal,2002,0,1782360767.2247696,0.0018966197967529297
178027,normal,2352,0,1782360767.2268505,0.0020809173583984375
178028,normal,2294,0,1782360767.228833,0.001982450485229492
178029,normal,554,0,1782360767.2307706,0.0019376277923583984
178030,normal,2021,0,1782360767.232797,0.0020263195037841797
178031,normal,3103,1,1782360767.2347574,0.0019605159759521484
178032,normal,757,0,1782360767.2367918,0.002034425735473633
178033,normal,3026,0,1782360767.2387216,0.0019297599792480469
178034,normal,97,0,1782360767.240824,0.002102375030517578
178035,normal,1109,0,1782360767.2427864,0.001962423324584961
178036,normal,2400,0,1782360767.2448099,0.002023458480834961
178037,normal,2051,0,1782360767.2467127,0.0019028186798095703
178038,normal,1593,0,1782360767.248789,0.002076387405395508
178039,normal,1859,0,1782360767.250756,0.0019669532775878906
178040,normal,879,2,1782360767.2528265,0.0020704269409179688
178041,normal,3640,0,1782360767.2547638,0.0019373893737792969
178042,normal,846,2,1782360767.256767,0.002003192901611328
178043,normal,137,0,1782360767.2588284,0.0020613670349121094
178044,normal,2168,0,1782360767.2609236,0.0020952224731445312
178045,normal,2138,0,1782360767.2627203,0.001796722412109375
178046,normal,780,2,1782360767.2647905,0.002070188522338867
178047,normal,1083,0,1782360767.2667463,0.001955747604370117
178048,normal,1384,0,1782360767.2687669,0.002020597457885742
178049,normal,445,0,1782360767.2707818,0.0020148754119873047
178050,normal,2395,0,1782360767.2727764,0.001994609832763672
178051,normal,275,0,1782360767.274934,0.0021576881408691406
178052,normal,1436,0,1782360767.276649,0.001714944839477539
178053,normal,969,2,1782360767.2788224,0.0021734237670898438
178054,normal,3155,1,1782360767.280759,0.0019366741180419922
178055,normal,2959,0,1782360767.282815,0.0020558834075927734
178056,normal,1279,0,1782360767.2847311,0.0019161701202392578
178057,normal,10,0,1782360767.2867355,0.002004384994506836
178058,normal,873,2,1782360767.2887926,0.0020570755004882812
178059,normal,2212,0,1782360767.290774,0.001981496810913086
178060,normal,3654,0,1782360767.292784,0.002009868621826172
178061,normal,2405,0,1782360767.2948449,0.0020608901977539062
178062,normal,2458,0,1782360767.2967937,0.0019488334655761719
178063,normal,3023,0,1782360767.2988174,0.0020236968994140625
178064,normal,2490,0,1782360767.3009725,0.0021550655364990234
178065,normal,3397,1,1782360767.302797,0.0018246173858642578
178066,normal,2886,0,1782360767.3048291,0.002032041549682617
178067,normal,1517,0,1782360767.3067784,0.001949310302734375
178068,normal,3036,0,1782360767.3087869,0.0020084381103515625
178069,normal,1138,0,1782360767.3107364,0.0019495487213134766
178070,normal,127,0,1782360767.312805,0.0020685195922851562
178071,normal,1637,0,1782360767.3147242,0.0019192695617675781
178072,normal,3568,0,1782360767.316772,0.0020477771759033203
178073,normal,1245,0,1782360767.3187695,0.0019974708557128906
178074,normal,1317,0,1782360767.3207808,0.0020112991333007812
178075,normal,1381,1,1782360767.3227227,0.0019419193267822266
178076,normal,40,0,1782360767.324792,0.002069234848022461
178077,normal,463,0,1782360767.3267384,0.0019464492797851562
178078,normal,1329,1,1782360767.3292775,0.0025391578674316406
178079,normal,116,0,1782360767.3307915,0.0015139579772949219
178080,normal,1171,0,1782360767.3327386,0.001947164535522461
178081,normal,1298,0,1782360767.3347347,0.0019960403442382812
178082,normal,658,0,1782360767.3368049,0.002070188522338867
178083,normal,1365,1,1782360767.3387446,0.0019397735595703125
178084,normal,1238,0,1782360767.3408568,0.002112150192260742
178085,normal,201,0,1782360767.3426974,0.0018405914306640625
178086,normal,622,0,1782360767.3447888,0.0020914077758789062
178087,normal,2672,0,1782360767.346734,0.0019452571868896484
178088,normal,1770,0,1782360767.3489578,0.0022237300872802734
178089,normal,2158,0,1782360767.3506927,0.0017349720001220703
178090,normal,880,2,1782360767.3528242,0.0021314620971679688
178091,normal,1185,0,1782360767.354681,0.0018568038940429688
178092,normal,262,0,1782360767.356791,0.002110004425048828
178093,normal,2930,0,1782360767.358781,0.001990079879760742
178094,normal,664,0,1782360767.3606837,0.0019025802612304688
178095,normal,1780,0,1782360767.363172,0.002488374710083008
178096,normal,2223,0,1782360767.3650572,0.0018851757049560547
178097,normal,2205,0,1782360767.3666122,0.0015549659729003906
178098,normal,2498,0,1782360767.3687618,0.0021495819091796875
178099,normal,640,0,1782360767.3707979,0.0020360946655273438
178100,normal,623,0,1782360767.3726852,0.0018873214721679688
178101,normal,2163,0,1782360767.3748372,0.002151966094970703
178102,normal,1928,0,1782360767.3767211,0.0018839836120605469
178103,normal,408,0,1782360767.378917,0.0021958351135253906
178104,normal,833,2,1782360767.3806913,0.0017743110656738281
178105,normal,3209,1,1782360767.3830302,0.002338886260986328
178106,normal,83,0,1782360767.385057,0.002026796340942383
178107,normal,1949,0,1782360767.3867762,0.0017192363739013672
178108,normal,2189,0,1782360767.3889036,0.002127408981323242
178109,normal,1377,1,1782360767.3907244,0.0018208026885986328
178110,normal,3192,1,1782360767.392712,0.0019876956939697266
178111,normal,3232,1,1782360767.394836,0.0021238327026367188
178112,normal,989,2,1782360767.3967447,0.0019087791442871094
178113,normal,978,2,1782360767.399033,0.002288341522216797
178114,normal,586,0,1782360767.400685,0.0016520023345947266
178115,normal,2483,0,1782360767.4027739,0.002088785171508789
178116,normal,2762,0,1782360767.4046507,0.0018768310546875
178117,normal,2116,0,1782360767.406787,0.00213623046875
178118,normal,2435,0,1782360767.408652,0.0018651485443115234
178119,normal,2072,0,1782360767.410798,0.002146005630493164
178120,normal,1068,0,1782360767.4127939,0.0019958019256591797
178121,normal,3141,1,1782360767.4147065,0.0019125938415527344
178122,normal,981,2,1782360767.4166353,0.0019288063049316406
178123,normal,1567,0,1782360767.4187818,0.002146482467651367
178124,normal,363,0,1782360767.4206328,0.0018510818481445312
178125,normal,1375,1,1782360767.4227726,0.0021398067474365234
178126,normal,1030,0,1782360767.4248188,0.0020461082458496094
178127,normal,29,0,1782360767.4266503,0.0018315315246582031
178128,normal,3557,0,1782360767.428852,0.0022017955780029297
178129,normal,353,0,1782360767.4306386,0.0017864704132080078
178130,normal,618,0,1782360767.4327981,0.002159595489501953
178131,normal,1355,1,1782360767.4346514,0.0018532276153564453
178132,normal,2411,0,1782360767.436807,0.0021555423736572266
178133,normal,1689,0,1782360767.438624,0.0018169879913330078
178134,normal,6,0,1782360767.4407587,0.0021347999572753906
178135,normal,3634,0,1782360767.442767,0.002008199691772461
178136,normal,528,0,1782360767.4446783,0.0019114017486572266
178137,normal,2954,0,1782360767.4468176,0.0021393299102783203
178138,normal,3569,0,1782360767.448686,0.0018682479858398438
178139,normal,1178,0,1782360767.4508257,0.0021398067474365234
178140,normal,3039,0,1782360767.4527254,0.00189971923828125
178141,normal,3439,0,1782360767.454892,0.0021665096282958984
178142,normal,3003,0,1782360767.456654,0.0017621517181396484
178143,normal,1657,0,1782360767.4588594,0.002205371856689453
178144,normal,443,0,1782360767.4607277,0.0018682479858398438
178145,normal,567,0,1782360767.4626853,0.0019576549530029297
178146,normal,2545,0,1782360767.4647505,0.0020651817321777344
178147,normal,3089,1,1782360767.4667487,0.0019981861114501953
178148,normal,1542,0,1782360767.4685807,0.0018320083618164062
178149,normal,2855,0,1782360767.4708402,0.002259492874145508
178150,normal,789,2,1782360767.4726338,0.0017936229705810547
178151,normal,3334,1,1782360767.474596,0.0019621849060058594
178152,normal,1330,1,1782360767.4766293,0.002033233642578125
178153,normal,2727,0,1782360767.478659,0.0020296573638916016
178154,normal,2491,0,1782360767.4806352,0.0019762516021728516
178155,normal,2781,0,1782360767.483158,0.0025229454040527344
178156,normal,827,2,1782360767.4847217,0.0015635490417480469
178157,normal,887,2,1782360767.486705,0.0019834041595458984
178158,normal,896,2,1782360767.4886975,0.001992464065551758
178159,normal,2459,0,1782360767.4906871,0.001989603042602539
178160,normal,77,0,1782360767.492646,0.0019588470458984375
178161,normal,3262,1,1782360767.4948077,0.002161741256713867
178162,normal,277,0,1782360767.4968333,0.002025604248046875
178163,normal,1768,0,1782360767.4986572,0.0018239021301269531
178164,normal,2537,0,1782360767.5007908,0.002133607864379883
178165,normal,2882,0,1782360767.502802,0.0020110607147216797
178166,normal,2434,0,1782360767.5046842,0.001882314682006836
178167,normal,1978,0,1782360767.5068135,0.0021293163299560547
178168,normal,2191,0,1782360767.5088515,0.0020380020141601562
178169,normal,2066,0,1782360767.5107043,0.0018527507781982422
178170,normal,1236,0,1782360767.5128093,0.0021049976348876953
178171,normal,1546,0,1782360767.5149446,0.0021352767944335938
178172,normal,707,0,1782360767.5172958,0.0023512840270996094
178173,normal,1730,0,1782360767.5187366,0.0014407634735107422
178174,normal,1760,0,1782360767.520794,0.002057313919067383
178175,normal,2144,0,1782360767.5227206,0.0019266605377197266
178176,normal,2396,0,1782360767.5248628,0.002142190933227539
178177,normal,276,0,1782360767.5267737,0.0019109249114990234
178178,normal,1211,0,1782360767.528816,0.0020422935485839844
178179,normal,3109,1,1782360767.5307612,0.0019452571868896484
178180,normal,2117,0,1782360767.5327756,0.0020143985748291016
178181,normal,1067,0,1782360767.5348098,0.0020341873168945312
178182,normal,3281,1,1782360767.536815,0.0020051002502441406
178183,normal,2268,0,1782360767.538679,0.0018639564514160156
178184,normal,306,0,1782360767.5405824,0.001903533935546875
178185,normal,1485,0,1782360767.542799,0.0022165775299072266
178186,normal,1781,0,1782360767.544647,0.001847982406616211
178187,normal,312,0,1782360767.5468113,0.0021643638610839844
178188,normal,3690,0,1782360767.5486443,0.0018329620361328125
178189,normal,2172,0,1782360767.5507703,0.002125978469848633
178190,normal,1495,0,1782360767.5526395,0.00186920166015625
178191,normal,259,0,1782360767.5548036,0.002164125442504883
178192,normal,634,0,1782360767.5566998,0.0018961429595947266
178193,normal,809,2,1782360767.5588312,0.0021314620971679688
178194,normal,1620,0,1782360767.5606427,0.0018115043640136719
178195,normal,354,0,1782360767.562789,0.0021462440490722656
178196,normal,1724,0,1782360767.5646749,0.0018858909606933594
178197,normal,2890,0,1782360767.566814,0.0021390914916992188
178198,normal,3006,0,1782360767.568726,0.0019121170043945312
178199,normal,1220,0,1782360767.5707624,0.0020363330841064453
178200,normal,229,0,1782360767.5726871,0.001924753189086914
178201,normal,43,0,1782360767.5748034,0.0021162033081054688
178202,normal,853,2,1782360767.5766516,0.0018482208251953125
178203,normal,48,0,1782360767.578795,0.002143383026123047
178204,normal,1188,0,1782360767.5806732,0.0018782615661621094
178205,normal,1742,0,1782360767.5827925,0.002119302749633789
178206,normal,73,0,1782360767.584709,0.0019164085388183594
178207,normal,1235,0,1782360767.586778,0.0020689964294433594
178208,normal,3497,0,1782360767.5886297,0.001851797103881836
178209,normal,1617,0,1782360767.5907736,0.00214385986328125
178210,normal,2065,0,1782360767.5926383,0.0018646717071533203
178211,normal,2812,0,1782360767.5948195,0.0021812915802001953
178212,normal,1565,0,1782360767.5966935,0.0018739700317382812
178213,normal,2184,0,1782360767.5988438,0.002150297164916992
178214,normal,2818,0,1782360767.600644,0.0018002986907958984
178215,normal,3393,1,1782360767.6027906,0.002146482467651367
178216,normal,308,0,1782360767.6047006,0.0019099712371826172
178217,normal,1587,0,1782360767.6067598,0.0020592212677001953
178218,normal,288,0,1782360767.6086125,0.0018527507781982422
178219,normal,2889,0,1782360767.6108713,0.002258777618408203
178220,normal,3079,1,1782360767.6126115,0.0017402172088623047
178221,normal,2583,0,1782360767.6148293,0.0022177696228027344
178222,normal,1027,2,1782360767.6166887,0.001859426498413086
178223,normal,1838,0,1782360767.6188307,0.0021419525146484375
178224,normal,1179,0,1782360767.6207647,0.001934051513671875
178225,normal,1691,0,1782360767.6228473,0.0020825862884521484
178226,normal,2969,0,1782360767.6247828,0.0019354820251464844
178227,normal,1470,0,1782360767.626696,0.001913309097290039
178228,normal,1071,0,1782360767.6288583,0.0021622180938720703
178229,normal,2606,0,1782360767.6308448,0.0019865036010742188
178230,normal,1252,0,1782360767.6326046,0.0017597675323486328
178231,normal,898,2,1782360767.6347523,0.002147674560546875
178232,normal,255,0,1782360767.6366143,0.0018620491027832031
178233,normal,3659,0,1782360767.6387618,0.0021474361419677734
178234,normal,434,0,1782360767.6408005,0.002038717269897461
178235,normal,269,0,1782360767.6426067,0.0018062591552734375
178236,normal,1721,0,1782360767.6447573,0.0021505355834960938
178237,normal,983,2,1782360767.6467495,0.0019922256469726562
178238,normal,2987,0,1782360767.6486115,0.0018620491027832031
178239,normal,356,0,1782360767.6509476,0.0023360252380371094
178240,normal,2418,0,1782360767.6528387,0.0018911361694335938
178241,normal,2652,0,1782360767.6547077,0.0018689632415771484
178242,normal,3391,1,1782360767.656615,0.0019073486328125
178243,normal,3126,1,1782360767.6587715,0.002156496047973633
178244,normal,835,2,1782360767.6606371,0.0018656253814697266
178245,normal,3524,0,1782360767.6627936,0.002156496047973633
178246,normal,2935,0,1782360767.6647341,0.0019404888153076172
178247,normal,401,0,1782360767.6666415,0.0019073486328125
178248,normal,2808,0,1782360767.6687882,0.0021467208862304688
178249,normal,2384,0,1782360767.6706467,0.0018584728240966797
178250,normal,52,0,1782360767.6727962,0.0021495819091796875
178251,normal,1351,1,1782360767.6746469,0.0018506050109863281
178252,normal,1947,0,1782360767.6768289,0.0021820068359375
178253,normal,3572,0,1782360767.6786783,0.0018494129180908203
178254,normal,2197,0,1782360767.6807966,0.002118349075317383
178255,normal,3454,0,1782360767.682638,0.0018413066864013672
178256,normal,593,0,1782360767.6849833,0.0023453235626220703
178257,normal,3418,0,1782360767.6872609,0.0022776126861572266
178258,normal,1088,0,1782360767.6886444,0.0013835430145263672
178259,normal,2283,0,1782360767.690777,0.0021326541900634766
178260,normal,856,2,1782360767.692642,0.0018649101257324219
178261,normal,1923,0,1782360767.694821,0.0021789073944091797
178262,normal,2708,0,1782360767.6967065,0.0018856525421142578
178263,normal,2004,0,1782360767.6988416,0.002135038375854492
178264,normal,2165,0,1782360767.7007675,0.0019259452819824219
178265,normal,281,0,1782360767.7027738,0.0020062923431396484
178266,normal,2022,0,1782360767.7046394,0.0018656253814697266
178267,normal,1162,0,1782360767.706887,0.0022475719451904297
178268,normal,1498,0,1782360767.7088077,0.0019207000732421875
178269,normal,145,0,1782360767.7108178,0.0020101070404052734
178270,normal,527,0,1782360767.7128048,0.001986980438232422
178271,normal,2469,0,1782360767.714688,0.0018832683563232422
178272,normal,287,0,1782360767.7167943,0.002106189727783203
178273,normal,7,0,1782360767.718681,0.0018868446350097656
178274,normal,1881,0,1782360767.7208066,0.0021255016326904297
178275,normal,2783,0,1782360767.7227073,0.0019006729125976562
178276,normal,1685,0,1782360767.7248387,0.0021314620971679688
178277,normal,475,0,1782360767.7266786,0.0018398761749267578
178278,normal,1746,0,1782360767.7287915,0.002112865447998047
178279,normal,1701,0,1782360767.7306526,0.0018610954284667969
178280,normal,1213,0,1782360767.7328017,0.0021491050720214844
178281,normal,1699,0,1782360767.7346768,0.001875162124633789
178282,normal,3025,0,1782360767.736906,0.0022292137145996094
178283,normal,954,2,1782360767.738647,0.0017409324645996094
178284,normal,1686,0,1782360767.7407908,0.00214385986328125
178285,normal,1894,0,1782360767.7426326,0.0018417835235595703
178286,normal,2878,0,1782360767.744764,0.0021314620971679688
178287,normal,20,0,1782360767.7467766,0.002012491226196289
178288,normal,2644,0,1782360767.7488291,0.0020525455474853516
178289,normal,1435,0,1782360767.7506068,0.00177764892578125
178290,normal,3017,0,1782360767.7529457,0.002338886260986328
178291,normal,2126,0,1782360767.7551398,0.0021941661834716797
178292,normal,1095,0,1782360767.7567189,0.0015790462493896484
178293,normal,452,0,1782360767.7587135,0.001994609832763672
178294,normal,58,0,1782360767.7607667,0.0020532608032226562
178295,normal,1104,0,1782360767.762764,0.001997232437133789
178296,normal,2016,0,1782360767.7646358,0.0018718242645263672
178297,normal,328,0,1782360767.7666967,0.0020608901977539062
178298,normal,2070,0,1782360767.768703,0.0020062923431396484
178299,normal,1734,0,1782360767.7708077,0.0021047592163085938
178300,normal,1305,0,1782360767.772844,0.0020363330841064453
178301,normal,2041,0,1782360767.774633,0.0017888545989990234
178302,normal,2330,0,1782360767.7766938,0.0020608901977539062
178303,normal,1580,0,1782360767.7786448,0.001950979232788086
178304,normal,1628,0,1782360767.7806518,0.002007007598876953
178305,normal,531,0,1782360767.7826827,0.0020308494567871094
178306,normal,1627,0,1782360767.7846444,0.0019617080688476562
178307,normal,1033,0,1782360767.7866366,0.0019922256469726562
178308,normal,2966,0,1782360767.7886357,0.0019991397857666016
178309,normal,736,0,1782360767.7906792,0.002043485641479492
178310,normal,2660,0,1782360767.7930353,0.0023560523986816406
178311,normal,3222,1,1782360767.7946162,0.001580953598022461
178312,normal,2689,0,1782360767.7968378,0.0022215843200683594
178313,normal,96,0,1782360767.7986586,0.0018208026885986328
178314,normal,3504,0,1782360767.800807,0.0021483898162841797
178315,normal,315,0,1782360767.8027737,0.001966714859008789
178316,normal,793,2,1782360767.8048623,0.0020885467529296875
178317,normal,1995,0,1782360767.806655,0.0017926692962646484
178318,normal,304,0,1782360767.8087983,0.002143383026123047
178319,normal,3680,0,1782360767.8106742,0.0018758773803710938
178320,normal,1055,0,1782360767.812815,0.0021407604217529297
178321,normal,1026,2,1782360767.814964,0.0021491050720214844
178322,normal,14,0,1782360767.816899,0.0019350051879882812
178323,normal,2503,0,1782360767.8187509,0.001851797103881836
178324,normal,84,0,1782360767.8208816,0.002130746841430664
178325,normal,3622,0,1782360767.8228261,0.0019445419311523438
178326,normal,860,2,1782360767.8248513,0.002025127410888672
178327,normal,3642,0,1782360767.826826,0.001974821090698242
178328,normal,926,2,1782360767.8288617,0.0020356178283691406
178329,normal,1778,0,1782360767.830659,0.0017971992492675781
178330,normal,2732,0,1782360767.8328023,0.002143383026123047
178331,normal,2793,0,1782360767.8346431,0.001840829849243164
178332,normal,2060,0,1782360767.836976,0.002332925796508789
178333,normal,3116,1,1782360767.8389332,0.0019571781158447266
178334,normal,583,0,1782360767.8407755,0.0018422603607177734
178335,normal,741,0,1782360767.843026,0.0022504329681396484
178336,normal,1651,0,1782360767.844849,0.0018231868743896484
178337,normal,976,2,1782360767.8480144,0.0031652450561523438
178338,normal,2486,0,1782360767.8488846,0.0008702278137207031
178339,normal,980,2,1782360767.8511398,0.0022552013397216797
178340,normal,1530,0,1782360767.8529167,0.0017769336700439453
178341,normal,651,0,1782360767.8548193,0.0019025802612304688
178342,normal,826,2,1782360767.8567727,0.0019533634185791016
178343,normal,1272,0,1782360767.8587172,0.0019445419311523438
178344,normal,519,0,1782360767.860768,0.0020508766174316406
178345,normal,1134,0,1782360767.862752,0.0019838809967041016
178346,normal,3392,1,1782360767.8647192,0.001967191696166992
178347,normal,2904,0,1782360767.8667312,0.002012014389038086
178348,normal,3528,0,1782360767.8687475,0.002016305923461914
178349,normal,852,2,1782360767.870859,0.0021114349365234375
178350,normal,1578,0,1782360767.8726583,0.0017993450164794922
178351,normal,513,0,1782360767.8747084,0.002050161361694336
178352,normal,1323,1,1782360767.8767042,0.0019958019256591797
178353,normal,217,0,1782360767.8786213,0.001917123794555664
178354,normal,207,0,1782360767.8808038,0.002182483673095703
178355,normal,1482,0,1782360767.882629,0.001825094223022461
178356,normal,1814,0,1782360767.884865,0.0022361278533935547
178357,normal,2983,0,1782360767.8867464,0.0018813610076904297
178358,normal,2446,0,1782360767.8888936,0.002147197723388672
178359,normal,2823,0,1782360767.8906755,0.0017819404602050781
178360,normal,2331,0,1782360767.8928695,0.002193927764892578
178361,normal,2054,0,1782360767.8947158,0.0018463134765625
178362,normal,260,0,1782360767.8968844,0.0021686553955078125
178363,normal,726,0,1782360767.8987188,0.0018343925476074219
178364,normal,728,0,1782360767.9008877,0.002168893814086914
178365,normal,124,0,1782360767.9027069,0.0018191337585449219
178366,normal,3001,0,1782360767.904868,0.0021610260009765625
178367,normal,3322,1,1782360767.9067075,0.0018396377563476562
178368,normal,348,0,1782360767.9088826,0.0021750926971435547
178369,normal,2657,0,1782360767.9107087,0.0018260478973388672
178370,normal,1662,0,1782360767.9128761,0.0021674633026123047
178371,normal,3266,1,1782360767.9146934,0.0018172264099121094
178372,normal,2441,0,1782360767.9168732,0.002179861068725586
178373,normal,3167,1,1782360767.9187422,0.0018689632415771484
178374,normal,2433,0,1782360767.9208655,0.0021233558654785156
178375,normal,3707,0,1782360767.9226995,0.0018339157104492188
178376,normal,3606,0,1782360767.9248626,0.0021631717681884766
178377,normal,1156,0,1782360767.9267015,0.0018389225006103516
178378,normal,1079,0,1782360767.9288876,0.0021860599517822266
178379,normal,2899,0,1782360767.9307008,0.0018131732940673828
178380,normal,2943,0,1782360767.9327056,0.002004861831665039
178381,normal,1304,0,1782360767.934863,0.002157449722290039
178382,normal,1697,0,1782360767.936694,0.0018308162689208984
178383,normal,2251,0,1782360767.9388611,0.002167224884033203
178384,normal,3343,1,1782360767.9407265,0.001865386962890625
178385,normal,1292,0,1782360767.9428704,0.00214385986328125
178386,normal,1262,0,1782360767.9446976,0.001827239990234375
178387,normal,763,0,1782360767.946879,0.0021812915802001953
178388,normal,3307,1,1782360767.9486585,0.0017795562744140625
178389,normal,1599,0,1782360767.9508784,0.0022199153900146484
178390,normal,3152,1,1782360767.9527283,0.0018498897552490234
178391,normal,800,2,1782360767.9548655,0.0021371841430664062
178392,normal,2217,0,1782360767.9566987,0.001833200454711914
178393,normal,1887,0,1782360767.9588888,0.002190113067626953
178394,normal,1532,0,1782360767.9608266,0.0019378662109375
178395,normal,2390,0,1782360767.9627082,0.0018815994262695312
178396,normal,465,0,1782360767.9648614,0.002153158187866211
178397,normal,746,0,1782360767.966657,0.0017955303192138672
178398,normal,1671,0,1782360767.9688919,0.002234935760498047
178399,normal,1408,0,1782360767.970735,0.0018432140350341797
178400,normal,334,0,1782360767.972862,0.002126932144165039
178401,normal,1829,0,1782360767.974706,0.0018439292907714844
178402,normal,2522,0,1782360767.976752,0.0020461082458496094
178403,normal,1674,0,1782360767.9785838,0.0018317699432373047
178404,normal,942,2,1782360767.9808939,0.002310037612915039
178405,normal,2424,0,1782360767.9827628,0.0018689632415771484
178406,normal,1299,0,1782360767.9847488,0.0019860267639160156
178407,normal,2720,0,1782360767.9866128,0.0018639564514160156
178408,normal,3478,0,1782360767.9889026,0.0022897720336914062
178409,normal,1676,0,1782360767.990685,0.0017824172973632812
178410,normal,2137,0,1782360767.9928644,0.002179384231567383
178411,normal,3313,1,1782360767.9947479,0.0018835067749023438
178412,normal,485,0,1782360767.9968748,0.002126932144165039
178413,normal,3489,0,1782360767.9987066,0.0018317699432373047
178414,normal,2397,0,1782360768.0009272,0.002220630645751953
178415,normal,1649,0,1782360768.0026567,0.0017294883728027344
178416,normal,2958,0,1782360768.0049636,0.0023069381713867188
178417,normal,913,2,1782360768.0067525,0.0017888545989990234
178418,normal,211,0,1782360768.0088673,0.0021147727966308594
178419,normal,3519,0,1782360768.010701,0.0018336772918701172
178420,normal,3670,0,1782360768.0128958,0.0021948814392089844
178421,normal,2862,0,1782360768.0147104,0.0018146038055419922
178422,normal,351,0,1782360768.0168643,0.0021538734436035156
178423,normal,2371,0,1782360768.0187635,0.0018992424011230469
178424,normal,2938,0,1782360768.0208743,0.002110719680786133
178425,normal,3422,0,1782360768.022704,0.0018296241760253906
178426,normal,2821,0,1782360768.0249007,0.002196788787841797
178427,normal,3254,1,1782360768.0267003,0.0017995834350585938
178428,normal,917,2,1782360768.0288787,0.0021784305572509766
178429,normal,156,0,1782360768.0307605,0.0018818378448486328
178430,normal,2253,0,1782360768.032871,0.0021104812622070312
178431,normal,1356,1,1782360768.0347023,0.0018312931060791016
178432,normal,904,2,1782360768.0369256,0.0022232532501220703
178433,normal,143,0,1782360768.0387335,0.0018079280853271484
178434,normal,702,0,1782360768.04065,0.0019164085388183594
178435,normal,1002,2,1782360768.0428789,0.002228975296020508
178436,normal,2834,0,1782360768.0446885,0.0018095970153808594
178437,normal,2615,0,1782360768.0468204,0.002131938934326172
178438,normal,2942,0,1782360768.0486357,0.0018153190612792969
178439,normal,1922,0,1782360768.0507004,0.0020647048950195312
178440,normal,3061,1,1782360768.052705,0.0020046234130859375
178441,normal,3555,0,1782360768.0546997,0.001994609832763672
178442,normal,237,0,1782360768.0566957,0.0019960403442382812
178443,normal,3007,0,1782360768.0586967,0.002001047134399414
178444,normal,781,2,1782360768.0606933,0.0019965171813964844
178445,normal,2145,0,1782360768.0626957,0.0020024776458740234
178446,normal,1201,0,1782360768.0646954,0.0019996166229248047
178447,normal,2240,0,1782360768.0666974,0.0020020008087158203
178448,normal,3682,0,1782360768.068696,0.0019986629486083984
178449,normal,1987,0,1782360768.070643,0.0019469261169433594
178450,normal,2998,0,1782360768.0727003,0.002057313919067383
178451,normal,2725,0,1782360768.074641,0.0019407272338867188
178452,normal,2674,0,1782360768.0767584,0.0021173954010009766
178453,normal,1441,0,1782360768.0786355,0.0018770694732666016
178454,normal,3271,1,1782360768.0806983,0.0020627975463867188
178455,normal,1086,0,1782360768.082701,0.002002716064453125
178456,normal,3040,0,1782360768.0846956,0.001994609832763672
178457,normal,3586,0,1782360768.0866365,0.0019409656524658203
178458,normal,1951,0,1782360768.088699,0.002062559127807617
178459,normal,2739,0,1782360768.0906973,0.0019981861114501953
178460,normal,295,0,1782360768.0927002,0.0020029544830322266
178461,normal,2026,0,1782360768.0946884,0.0019881725311279297
178462,normal,3469,0,1782360768.0966883,0.0019998550415039062
178463,normal,2759,0,1782360768.0986927,0.002004384994506836
178464,normal,1516,0,1782360768.1006916,0.0019989013671875
178465,normal,2119,0,1782360768.102697,0.002005338668823242
178466,normal,3179,1,1782360768.104693,0.0019960403442382812
178467,normal,212,0,1782360768.106694,0.002001047134399414
178468,normal,2378,0,1782360768.108688,0.0019941329956054688
178469,normal,597,0,1782360768.1106923,0.0020041465759277344
178470,normal,881,2,1782360768.112693,0.0020008087158203125
178471,normal,1357,1,1782360768.114694,0.002001047134399414
178472,normal,2169,0,1782360768.116691,0.0019969940185546875
178473,normal,90,0,1782360768.1186938,0.002002716064453125
178474,normal,2524,0,1782360768.1206963,0.0020024776458740234
178475,normal,2271,0,1782360768.122708,0.0020117759704589844
178476,normal,2529,0,1782360768.1246223,0.0019142627716064453
178477,normal,1871,0,1782360768.1266332,0.002010822296142578
178478,normal,2304,0,1782360768.1286106,0.0019774436950683594
178479,normal,2734,0,1782360768.130735,0.002124309539794922
178480,normal,15,0,1782360768.1327388,0.002003908157348633
178481,normal,2266,0,1782360768.1345768,0.0018379688262939453
178482,normal,1752,0,1782360768.136739,0.0021622180938720703
178483,normal,76,0,1782360768.1386297,0.0018906593322753906
178484,normal,2336,0,1782360768.1406076,0.0019779205322265625
178485,normal,1952,0,1782360768.1426167,0.002009153366088867
178486,normal,3435,0,1782360768.144738,0.0021212100982666016
178487,normal,2110,0,1782360768.146577,0.0018389225006103516
178488,normal,158,0,1782360768.1487243,0.0021474361419677734
178489,normal,82,0,1782360768.1507306,0.0020062923431396484
178490,normal,119,0,1782360768.1525788,0.0018482208251953125
178491,normal,859,2,1782360768.154719,0.0021402835845947266
178492,normal,1619,0,1782360768.1567264,0.0020072460174560547
178493,normal,3166,1,1782360768.158578,0.0018515586853027344
178494,normal,1846,0,1782360768.1606162,0.002038240432739258
178495,normal,1054,0,1782360768.1627223,0.002106189727783203
178496,normal,2068,0,1782360768.164576,0.0018537044525146484
178497,normal,2948,0,1782360768.16672,0.00214385986328125
178498,normal,2233,0,1782360768.1687381,0.0020182132720947266
178499,normal,1896,0,1782360768.1705813,0.0018432140350341797
178500,normal,2007,0,1782360768.1726198,0.0020384788513183594
178501,normal,1570,0,1782360768.1747246,0.0021047592163085938
178502,normal,2044,0,1782360768.1765776,0.0018529891967773438
178503,normal,2476,0,1782360768.1786194,0.0020418167114257812
178504,normal,1463,0,1782360768.1807253,0.0021059513092041016
178505,normal,120,0,1782360768.1826253,0.0018999576568603516
178506,normal,206,0,1782360768.1847248,0.0020995140075683594
178507,normal,3048,1,1782360768.1867266,0.0020017623901367188
178508,normal,3123,1,1782360768.1885793,0.0018527507781982422
178509,normal,2663,0,1782360768.190741,0.002161741256713867
178510,normal,1900,0,1782360768.1927373,0.001996278762817383
178511,normal,1175,0,1782360768.1945782,0.001840829849243164
178512,normal,2087,0,1782360768.1967206,0.0021424293518066406
178513,normal,80,0,1782360768.1987247,0.0020041465759277344
178514,normal,2256,0,1782360768.200575,0.0018503665924072266
178515,normal,2327,0,1782360768.2027144,0.0021393299102783203
178516,normal,1709,0,1782360768.2047687,0.0020542144775390625
178517,normal,2742,0,1782360768.2065766,0.0018079280853271484
178518,normal,378,0,1782360768.208632,0.0020554065704345703
178519,normal,298,0,1782360768.2107308,0.0020987987518310547
178520,normal,956,2,1782360768.2125783,0.0018475055694580078
178521,normal,1968,0,1782360768.2147245,0.0021462440490722656
178522,normal,2089,0,1782360768.216628,0.001903533935546875
178523,normal,1393,0,1782360768.218607,0.0019788742065429688
178524,normal,3176,1,1782360768.2207477,0.0021407604217529297
178525,normal,2972,0,1782360768.2227275,0.001979827880859375
178526,normal,1123,0,1782360768.2245767,0.0018491744995117188
178527,normal,1702,0,1782360768.2267313,0.0021545886993408203
178528,normal,2048,0,1782360768.228628,0.0018966197967529297
178529,normal,1261,0,1782360768.2306156,0.0019876956939697266
178530,normal,3509,0,1782360768.2327313,0.0021157264709472656
178531,normal,1541,0,1782360768.2346284,0.0018970966339111328
178532,normal,844,2,1782360768.236615,0.0019865036010742188
178533,normal,3378,1,1782360768.2387216,0.0021066665649414062
178534,normal,2314,0,1782360768.240628,0.0019063949584960938
178535,normal,2578,0,1782360768.2426174,0.0019893646240234375
178536,normal,1868,0,1782360768.244731,0.0021135807037353516
178537,normal,972,2,1782360768.2467227,0.001991748809814453
178538,normal,3044,0,1782360768.2486222,0.0018994808197021484
178539,normal,1037,0,1782360768.2507274,0.002105236053466797
178540,normal,1442,0,1782360768.252748,0.002020597457885742
178541,normal,1479,0,1782360768.2546165,0.0018684864044189453
178542,normal,2118,0,1782360768.256926,0.002309560775756836
178543,normal,8,0,1782360768.2587543,0.0018281936645507812
178544,normal,924,2,1782360768.2608783,0.0021240711212158203
178545,normal,1111,0,1782360768.262702,0.0018236637115478516
178546,normal,3498,0,1782360768.2648983,0.0021963119506835938
178547,normal,2415,0,1782360768.2667012,0.0018029212951660156
178548,normal,85,0,1782360768.2688737,0.0021724700927734375
178549,normal,1394,0,1782360768.2706983,0.0018246173858642578
178550,normal,1936,0,1782360768.2729282,0.002229928970336914
178551,normal,437,0,1782360768.2747025,0.0017743110656738281
178552,normal,2038,0,1782360768.2769063,0.002203702926635742
178553,normal,1706,0,1782360768.2787192,0.0018129348754882812
178554,normal,845,2,1782360768.2808666,0.0021474361419677734
178555,normal,12,0,1782360768.2827652,0.0018985271453857422
178556,normal,3408,0,1782360768.2848794,0.0021142959594726562
178557,normal,3285,1,1782360768.286709,0.0018296241760253906
178558,normal,3379,1,1782360768.2889097,0.002200603485107422
178559,normal,3168,1,1782360768.2907012,0.0017914772033691406
178560,normal,3607,0,1782360768.2928715,0.0021703243255615234
178561,normal,2769,0,1782360768.2946804,0.0018088817596435547
178562,normal,1290,0,1782360768.29689,0.0022096633911132812
178563,normal,3242,1,1782360768.298704,0.0018138885498046875
178564,normal,1799,0,1782360768.3008788,0.002174854278564453
178565,normal,2567,0,1782360768.3027077,0.001828908920288086
178566,normal,2298,0,1782360768.3048701,0.002162456512451172
178567,normal,1194,0,1782360768.3067758,0.001905679702758789
178568,normal,3267,1,1782360768.3088791,0.0021033287048339844
178569,normal,3071,1,1782360768.310785,0.0019059181213378906
178570,normal,2713,0,1782360768.312873,0.002087831497192383
178571,normal,1630,0,1782360768.314702,0.0018291473388671875
178572,normal,740,0,1782360768.3168736,0.0021715164184570312
178573,normal,784,2,1782360768.3187003,0.0018267631530761719
178574,normal,1486,0,1782360768.3208792,0.0021789073944091797
178575,normal,2025,0,1782360768.3227022,0.0018229484558105469
178576,normal,1038,0,1782360768.3248684,0.002166271209716797
178577,normal,1945,0,1782360768.3267207,0.001852273941040039
178578,normal,1445,0,1782360768.3288739,0.002153158187866211
178579,normal,2084,0,1782360768.330698,0.0018241405487060547
178580,normal,2042,0,1782360768.3328805,0.002182483673095703
178581,normal,3054,1,1782360768.3347025,0.0018219947814941406
178582,normal,1253,0,1782360768.3368735,0.002171039581298828
178583,normal,803,2,1782360768.3387105,0.001837015151977539
178584,normal,732,0,1782360768.340884,0.0021734237670898438
178585,normal,897,2,1782360768.3427749,0.0018908977508544922
178586,normal,1903,0,1782360768.3448892,0.0021142959594726562
178587,normal,1664,0,1782360768.3467064,0.0018172264099121094
178588,normal,2147,0,1782360768.3490283,0.002321958541870117
178589,normal,3286,1,1782360768.3507047,0.001676321029663086
178590,normal,1525,0,1782360768.352699,0.0019943714141845703
178591,normal,270,0,1782360768.355018,0.002318859100341797
178592,normal,248,0,1782360768.3575275,0.002509593963623047
178593,normal,1733,0,1782360768.3587136,0.0011861324310302734
178594,normal,940,2,1782360768.36098,0.002266407012939453
178595,normal,1241,0,1782360768.362717,0.0017368793487548828
178596,normal,2710,0,1782360768.3650477,0.002330780029296875
178597,normal,2182,0,1782360768.3668435,0.0017957687377929688
178598,normal,3522,0,1782360768.3688824,0.0020389556884765625
178599,normal,1096,0,1782360768.3708427,0.001960277557373047
178600,normal,3196,1,1782360768.3728807,0.0020380020141601562
178601,normal,724,0,1782360768.374717,0.0018362998962402344
178602,normal,2928,0,1782360768.3770547,0.0023376941680908203
178603,normal,1736,0,1782360768.3788524,0.0017976760864257812
178604,normal,433,0,1782360768.380862,0.0020096302032470703
178605,normal,115,0,1782360768.3828566,0.001994609832763672
178606,normal,3358,1,1782360768.385004,0.0021474361419677734
178607,normal,2440,0,1782360768.3867106,0.0017066001892089844
178608,normal,3540,0,1782360768.3889594,0.0022487640380859375
178609,normal,2024,0,1782360768.3908477,0.001888275146484375
178610,normal,1715,0,1782360768.3928812,0.0020334720611572266
178611,normal,3034,0,1782360768.394818,0.0019369125366210938
178612,normal,874,2,1782360768.397014,0.0021958351135253906
178613,normal,1851,0,1782360768.398708,0.0016942024230957031
178614,normal,1776,0,1782360768.4009962,0.0022881031036376953
178615,normal,3535,0,1782360768.4028437,0.0018475055694580078
178616,normal,1989,0,1782360768.4048867,0.002043008804321289
178617,normal,1184,0,1782360768.4068472,0.0019605159759521484
178618,normal,3142,1,1782360768.40906,0.0022127628326416016
178619,normal,1035,0,1782360768.41071,0.001650094985961914
178620,normal,366,0,1782360768.4129994,0.002289295196533203
178621,normal,2517,0,1782360768.4148154,0.0018160343170166016
178622,normal,3492,0,1782360768.4168882,0.0020728111267089844
178623,normal,910,2,1782360768.4188507,0.001962423324584961
178624,normal,3600,0,1782360768.4210644,0.002213716506958008
178625,normal,934,2,1782360768.4227116,0.0016472339630126953
178626,normal,187,0,1782360768.424879,0.0021674633026123047
178627,normal,3344,1,1782360768.4267242,0.0018451213836669922
178628,normal,507,0,1782360768.428879,0.002154827117919922
178629,normal,2924,0,1782360768.4309165,0.002037525177001953
178630,normal,1997,0,1782360768.4330244,0.002107858657836914
178631,normal,394,0,1782360768.4347248,0.0017004013061523438
178632,normal,2665,0,1782360768.4370267,0.002301931381225586
178633,normal,2140,0,1782360768.43894,0.001913309097290039
178634,normal,2052,0,1782360768.4409728,0.002032756805419922
178635,normal,3567,0,1782360768.4429085,0.001935720443725586
178636,normal,3683,0,1782360768.4450889,0.002180337905883789
178637,normal,2176,0,1782360768.446719,0.0016300678253173828
178638,normal,2374,0,1782360768.4489193,0.0022003650665283203
178639,normal,1756,0,1782360768.4508367,0.0019173622131347656
178640,normal,1274,0,1782360768.4528935,0.0020568370819091797
178641,normal,2300,0,1782360768.4548998,0.0020062923431396484
178642,normal,557,0,1782360768.4571965,0.0022966861724853516
178643,normal,2426,0,1782360768.459014,0.001817464828491211
178644,normal,3349,1,1782360768.4607491,0.0017352104187011719
178645,normal,2863,0,1782360768.4630966,0.0023474693298339844
178646,normal,2297,0,1782360768.464723,0.0016264915466308594
178647,normal,3325,1,1782360768.4670453,0.0023221969604492188
178648,normal,3563,0,1782360768.4688604,0.0018150806427001953
178649,normal,1812,0,1782360768.4707184,0.0018579959869384766
178650,normal,1443,0,1782360768.4728837,0.0021653175354003906
178651,normal,157,0,1782360768.474954,0.002070188522338867
178652,normal,2761,0,1782360768.4767158,0.0017619132995605469
178653,normal,3194,1,1782360768.4790435,0.0023276805877685547
178654,normal,505,0,1782360768.4809546,0.001911163330078125
178655,normal,112,0,1782360768.482892,0.0019373893737792969
178656,normal,3699,0,1782360768.4849157,0.0020236968994140625
178657,normal,87,0,1782360768.4870136,0.0020978450775146484
178658,normal,535,0,1782360768.4887164,0.0017027854919433594
178659,normal,3257,1,1782360768.4910595,0.0023431777954101562
178660,normal,1866,0,1782360768.4928718,0.0018122196197509766
178661,normal,3067,1,1782360768.4948912,0.0020194053649902344
178662,normal,3309,1,1782360768.4969242,0.0020329952239990234
178663,normal,2525,0,1782360768.4988813,0.0019571781158447266
178664,normal,3698,0,1782360768.500902,0.002020597457885742
178665,normal,2723,0,1782360768.5027683,0.0018663406372070312
178666,normal,1806,0,1782360768.5050056,0.0022373199462890625
178667,normal,2287,0,1782360768.50679,0.0017843246459960938
178668,normal,3437,0,1782360768.5089173,0.002127408981323242
178669,normal,1070,0,1782360768.5108945,0.001977205276489258
178670,normal,995,2,1782360768.5127683,0.0018737316131591797
178671,normal,252,0,1782360768.5148811,0.002112865447998047
178672,normal,93,0,1782360768.5169923,0.002111196517944336
178673,normal,2838,0,1782360768.5186944,0.0017020702362060547
178674,normal,324,0,1782360768.5209432,0.0022487640380859375
178675,normal,2963,0,1782360768.5227692,0.0018260478973388672
178676,normal,2620,0,1782360768.524772,0.002002716064453125
178677,normal,86,0,1782360768.5268743,0.002102375030517578
178678,normal,1764,0,1782360768.528829,0.001954793930053711
178679,normal,517,0,1782360768.5307527,0.0019235610961914062
178680,normal,2211,0,1782360768.5328882,0.0021355152130126953
178681,normal,279,0,1782360768.5348537,0.0019655227661132812
178682,normal,3445,0,1782360768.5367582,0.0019044876098632812
178683,normal,1847,0,1782360768.5388875,0.0021293163299560547
178684,normal,3655,0,1782360768.5408258,0.0019383430480957031
178685,normal,1783,0,1782360768.5427616,0.001935720443725586
178686,normal,2408,0,1782360768.544892,0.0021305084228515625
178687,normal,890,2,1782360768.5468218,0.0019297599792480469
178688,normal,455,0,1782360768.5487626,0.0019407272338867188
178689,normal,1902,0,1782360768.5508456,0.0020830631256103516
178690,normal,773,2,1782360768.5528848,0.002039194107055664
178691,normal,178,0,1782360768.5547652,0.0018804073333740234
178692,normal,1125,0,1782360768.5568748,0.002109527587890625
178693,normal,1543,0,1782360768.558808,0.0019333362579345703
178694,normal,2911,0,1782360768.5607607,0.0019526481628417969
178695,normal,1635,0,1782360768.562888,0.0021271705627441406
178696,normal,37,0,1782360768.5648925,0.0020046234130859375
178697,normal,2496,0,1782360768.5667605,0.0018680095672607422
178698,normal,3609,0,1782360768.5688744,0.002113819122314453
178699,normal,2766,0,1782360768.570828,0.001953601837158203
178700,normal,3545,0,1782360768.572758,0.0019299983978271484
178701,normal,576,0,1782360768.5748885,0.0021305084228515625
178702,normal,357,0,1782360768.5767815,0.0018930435180664062
178703,normal,3259,1,1782360768.5787566,0.0019750595092773438
178704,normal,3129,1,1782360768.5808887,0.0021321773529052734
178705,normal,2697,0,1782360768.582843,0.001954317092895508
178706,normal,2801,0,1782360768.58476,0.0019168853759765625
178707,normal,915,2,1782360768.5868895,0.0021295547485351562
178708,normal,1007,2,1782360768.5889032,0.002013683319091797
178709,normal,1643,0,1782360768.5907655,0.0018622875213623047
178710,normal,755,0,1782360768.5929012,0.002135753631591797
178711,normal,3599,0,1782360768.5948498,0.0019485950469970703
178712,normal,2239,0,1782360768.5967603,0.0019104480743408203
178713,normal,3319,1,1782360768.5988698,0.002109527587890625
178714,normal,3376,1,1782360768.6009095,0.002039670944213867
178715,normal,2634,0,1782360768.6027548,0.0018453598022460938
178716,normal,2589,0,1782360768.604874,0.0021190643310546875
178717,normal,2354,0,1782360768.6069045,0.002030611038208008
178718,normal,1117,0,1782360768.6087618,0.0018572807312011719
178719,normal,2167,0,1782360768.6108756,0.002113819122314453
178720,normal,2073,0,1782360768.6129055,0.002029895782470703
178721,normal,3233,1,1782360768.6147616,0.001856088638305664
178722,normal,1939,0,1782360768.616879,0.0021173954010009766
178723,normal,624,0,1782360768.618848,0.0019690990447998047
178724,normal,3148,1,1782360768.6207557,0.0019075870513916016
178725,normal,1155,0,1782360768.6228192,0.0020635128021240234
178726,normal,492,0,1782360768.6247897,0.001970529556274414
178727,normal,2951,0,1782360768.6267545,0.0019648075103759766
178728,normal,1039,0,1782360768.628762,0.0020074844360351562
178729,normal,648,0,1782360768.63083,0.002068042755126953
178730,normal,1707,0,1782360768.6327426,0.0019125938415527344
178731,normal,2902,0,1782360768.634775,0.0020322799682617188
178732,normal,1382,0,1782360768.636775,0.002000093460083008
178733,normal,798,2,1782360768.638758,0.0019829273223876953
178734,normal,3423,0,1782360768.6407762,0.0020182132720947266
178735,normal,599,0,1782360768.6426952,0.0019190311431884766
178736,normal,2280,0,1782360768.6448023,0.0021071434020996094
178737,normal,3317,1,1782360768.646739,0.0019366741180419922
178738,normal,850,2,1782360768.6487358,0.001996755599975586
178739,normal,2454,0,1782360768.6507437,0.0020079612731933594
178740,normal,1222,0,1782360768.6528087,0.002064943313598633
178741,normal,2030,0,1782360768.654808,0.001999378204345703
178742,normal,1646,0,1782360768.656742,0.001934051513671875
178743,normal,962,2,1782360768.6588142,0.0020720958709716797
178744,normal,2670,0,1782360768.6608148,0.002000570297241211
178745,normal,2080,0,1782360768.6626172,0.0018024444580078125
178746,normal,1779,0,1782360768.6648595,0.0022423267364501953
178747,normal,389,0,1782360768.66682,0.0019605159759521484
178748,normal,1804,0,1782360768.6687448,0.001924753189086914
178749,normal,2824,0,1782360768.6708438,0.0020990371704101562
178750,normal,164,0,1782360768.6728227,0.0019788742065429688
178751,normal,1826,0,1782360768.6746938,0.0018711090087890625
178752,normal,753,0,1782360768.6766534,0.001959562301635742
178753,normal,1969,0,1782360768.67864,0.0019865036010742188
178754,normal,2404,0,1782360768.6807094,0.0020694732666015625
178755,normal,967,2,1782360768.6826518,0.0019423961639404297
178756,normal,2,0,1782360768.6846502,0.001998424530029297
178757,normal,190,0,1782360768.686797,0.0021467208862304688
178758,normal,3204,1,1782360768.688702,0.001905202865600586
178759,normal,1615,0,1782360768.690827,0.002124786376953125
178760,normal,3032,0,1782360768.6926916,0.0018646717071533203
178761,normal,2218,0,1782360768.6945968,0.001905202865600586
178762,normal,2687,0,1782360768.696619,0.002022266387939453
178763,normal,1822,0,1782360768.6986153,0.001996278762817383
178764,normal,3694,0,1782360768.7006328,0.002017498016357422
178765,normal,703,0,1782360768.702638,0.0020051002502441406
178766,normal,3211,1,1782360768.7047613,0.0021233558654785156
178767,normal,1972,0,1782360768.7067316,0.0019702911376953125
178768,normal,2056,0,1782360768.7088048,0.0020732879638671875
178769,normal,3675,0,1782360768.7106488,0.0018439292907714844
178770,normal,3473,0,1782360768.7127554,0.0021066665649414062
178771,normal,864,2,1782360768.71483,0.0020744800567626953
178772,normal,705,0,1782360768.716658,0.0018281936645507812
178773,normal,2684,0,1782360768.7188282,0.002170085906982422
178774,normal,1446,0,1782360768.720811,0.0019826889038085938
178775,normal,930,2,1782360768.722648,0.001837015151977539
178776,normal,3496,0,1782360768.7246447,0.001996755599975586
178777,normal,1267,0,1782360768.7266548,0.0020101070404052734
178778,normal,3653,0,1782360768.7287774,0.002122640609741211
178779,normal,2120,0,1782360768.7306013,0.0018239021301269531
178780,normal,305,0,1782360768.732789,0.0021877288818359375
178781,normal,1284,0,1782360768.7346447,0.001855611801147461
178782,normal,3189,1,1782360768.7368367,0.0021920204162597656
178783,normal,283,0,1782360768.7388482,0.002011537551879883
178784,normal,590,0,1782360768.740718,0.0018696784973144531
178785,normal,1315,0,1782360768.7428422,0.002124309539794922
178786,normal,2339,0,1782360768.7448068,0.001964569091796875
178787,normal,1640,0,1782360768.7466547,0.001847982406616211
178788,normal,2520,0,1782360768.7488637,0.0022089481353759766
178789,normal,1056,0,1782360768.7508557,0.0019919872283935547
178790,normal,460,0,1782360768.7527735,0.0019178390502929688
178791,normal,3668,0,1782360768.7547574,0.0019838809967041016
178792,normal,2383,0,1782360768.7567585,0.002001047134399414
178793,normal,99,0,1782360768.7586954,0.0019369125366210938
178794,normal,529,0,1782360768.7610238,0.0023283958435058594
178795,normal,476,0,1782360768.762767,0.001743316650390625
178796,normal,2201,0,1782360768.764876,0.0021088123321533203
178797,normal,532,0,1782360768.7666855,0.0018095970153808594
178798,normal,2019,0,1782360768.7688754,0.0021898746490478516
178799,normal,2728,0,1782360768.7706552,0.001779794692993164
178800,normal,3471,0,1782360768.772875,0.0022199153900146484
178801,normal,2267,0,1782360768.7746542,0.0017790794372558594
178802,normal,1856,0,1782360768.7768655,0.002211332321166992
178803,normal,3395,1,1782360768.778653,0.001787424087524414
178804,normal,2379,0,1782360768.780868,0.002215147018432617
178805,normal,1163,0,1782360768.7826598,0.0017917156219482422
178806,normal,3544,0,1782360768.7848675,0.0022077560424804688
178807,normal,2107,0,1782360768.7866545,0.001786947250366211
178808,normal,3466,0,1782360768.7888722,0.0022177696228027344
178809,normal,632,0,1782360768.7906516,0.001779317855834961
178810,normal,3508,0,1782360768.7928665,0.0022149085998535156
178811,normal,3406,0,1782360768.7946885,0.0018219947814941406
178812,normal,247,0,1782360768.7968695,0.0021810531616210938
178813,normal,2676,0,1782360768.7986493,0.001779794692993164
178814,normal,3051,1,1782360768.8008,0.0021507740020751953
178815,normal,22,0,1782360768.802615,0.0018148422241210938
178816,normal,1926,0,1782360768.8048704,0.0022554397583007812
178817,normal,243,0,1782360768.8066547,0.0017843246459960938
178818,normal,299,0,1782360768.8087354,0.002080678939819336
178819,normal,1387,0,1782360768.810718,0.0019826889038085938
178820,normal,3306,1,1782360768.8125794,0.0018613338470458984
178821,normal,1406,0,1782360768.814734,0.0021545886993408203
178822,normal,1133,0,1782360768.8167415,0.0020074844360351562
178823,normal,2646,0,1782360768.8185763,0.001834869384765625
178824,normal,1912,0,1782360768.82074,0.0021636486053466797
178825,normal,502,0,1782360768.8227384,0.001998424530029297
178826,normal,458,0,1782360768.8246133,0.0018749237060546875
178827,normal,3249,1,1782360768.8266356,0.002022266387939453
178828,normal,1681,0,1782360768.8286488,0.0020132064819335938
178829,normal,2449,0,1782360768.8307955,0.0021467208862304688
178830,normal,3369,1,1782360768.8327148,0.0019192695617675781
178831,normal,132,0,1782360768.8347518,0.00203704833984375
178832,normal,908,2,1782360768.8365781,0.0018262863159179688
178833,normal,609,0,1782360768.8387377,0.002159595489501953
178834,normal,1285,0,1782360768.840717,0.001979351043701172
178835,normal,1413,0,1782360768.8425758,0.0018587112426757812
178836,normal,57,0,1782360768.844703,0.0021271705627441406
178837,normal,1944,0,1782360768.8467143,0.0020112991333007812
178838,normal,46,0,1782360768.8485794,0.0018651485443115234
178839,normal,2317,0,1782360768.8506982,0.002118825912475586
178840,normal,713,0,1782360768.8526525,0.001954317092895508
178841,normal,121,0,1782360768.8546615,0.0020089149475097656
178842,normal,699,0,1782360768.8566096,0.0019481182098388672
178843,normal,2598,0,1782360768.8586354,0.0020258426666259766
178844,normal,2939,0,1782360768.860626,0.0019905567169189453
178845,normal,2847,0,1782360768.8626308,0.002004861831665039
178846,normal,977,2,1782360768.8646333,0.0020024776458740234
178847,normal,2733,0,1782360768.8667586,0.002125263214111328
178848,normal,1264,0,1782360768.8686569,0.0018982887268066406
178849,normal,490,0,1782360768.8707733,0.0021164417266845703
178850,normal,3162,1,1782360768.872586,0.0018126964569091797
178851,normal,1513,0,1782360768.874613,0.0020270347595214844
178852,normal,813,2,1782360768.8766017,0.001988649368286133
178853,normal,2206,0,1782360768.8786395,0.0020377635955810547
178854,normal,715,0,1782360768.8807392,0.002099752426147461
178855,normal,2874,0,1782360768.882752,0.0020127296447753906
178856,normal,177,0,1782360768.884577,0.001825094223022461
178857,normal,731,0,1782360768.8867056,0.00212860107421875
178858,normal,151,0,1782360768.8887155,0.002009868621826172
178859,normal,2709,0,1782360768.8905735,0.0018579959869384766
178860,normal,2970,0,1782360768.892733,0.002159595489501953
178861,normal,3164,1,1782360768.894637,0.0019040107727050781
178862,normal,1809,0,1782360768.896633,0.0019958019256591797
178863,normal,3323,1,1782360768.898735,0.0021021366119384766
178864,normal,60,0,1782360768.9007168,0.0019817352294921875
178865,normal,1146,0,1782360768.9025807,0.0018639564514160156
178866,normal,1893,0,1782360768.9046347,0.002053976058959961
178867,normal,1668,0,1782360768.906633,0.0019981861114501953
178868,normal,1456,0,1782360768.908758,0.0021250247955322266
178869,normal,230,0,1782360768.9107184,0.0019605159759521484
178870,normal,1459,0,1782360768.9127529,0.002034425735473633
178871,normal,828,2,1782360768.9145827,0.0018298625946044922
178872,normal,3696,0,1782360768.916661,0.0020782947540283203
178873,normal,2156,0,1782360768.9186115,0.0019505023956298828
178874,normal,3399,1,1782360768.9206064,0.0019948482513427734
178875,normal,1750,0,1782360768.9225943,0.001987934112548828
178876,normal,1802,0,1782360768.924823,0.0022287368774414062
178877,normal,1818,0,1782360768.9265816,0.001758575439453125
178878,normal,1206,0,1782360768.9286284,0.002046823501586914
178879,normal,500,0,1782360768.9307303,0.002101898193359375
178880,normal,3382,1,1782360768.932611,0.001880645751953125
178881,normal,3134,1,1782360768.9346292,0.0020182132720947266
178882,normal,2962,0,1782360768.9366376,0.0020084381103515625
178883,normal,377,0,1782360768.938643,0.002005338668823242
178884,normal,2799,0,1782360768.9406366,0.0019936561584472656
178885,normal,2540,0,1782360768.9426267,0.001990079879760742
178886,normal,3095,1,1782360768.9447489,0.002122163772583008
178887,normal,1658,0,1782360768.946703,0.0019540786743164062
178888,normal,1914,0,1782360768.9487438,0.002040863037109375
178889,normal,454,0,1782360768.9506276,0.0018837451934814453
178890,normal,2499,0,1782360768.952637,0.0020093917846679688
178891,normal,3348,1,1782360768.9546378,0.0020008087158203125
178892,normal,2200,0,1782360768.9568877,0.0022499561309814453
178893,normal,1332,1,1782360768.9589038,0.0020160675048828125
178894,normal,2305,0,1782360768.9608727,0.001968860626220703
178895,normal,914,2,1782360768.9626617,0.001789093017578125
178896,normal,1398,0,1782360768.9648511,0.0021893978118896484
178897,normal,3157,1,1782360768.966745,0.001893758773803711
178898,normal,1152,0,1782360768.9685767,0.0018317699432373047
178899,normal,488,0,1782360768.9708562,0.002279520034790039
178900,normal,3053,1,1782360768.9725826,0.001726388931274414
178901,normal,3605,0,1782360768.9748805,0.0022978782653808594
178902,normal,3277,1,1782360768.976658,0.00177764892578125
178903,normal,3049,1,1782360768.978863,0.00220489501953125
178904,normal,2927,0,1782360768.9806488,0.0017857551574707031
178905,normal,3516,0,1782360768.9828184,0.0021696090698242188
178906,normal,2226,0,1782360768.9846196,0.0018012523651123047
178907,normal,2220,0,1782360768.9866168,0.001997232437133789
178908,normal,232,0,1782360768.9887176,0.002100706100463867
178909,normal,1046,0,1782360768.990655,0.0019373893737792969
178910,normal,2803,0,1782360768.992647,0.0019919872283935547
178911,normal,219,0,1782360768.9947886,0.002141714096069336
178912,normal,1082,0,1782360768.996869,0.0020804405212402344
178913,normal,697,0,1782360768.998692,0.0018229484558105469
178914,normal,1971,0,1782360769.0008702,0.002178192138671875
178915,normal,446,0,1782360769.002653,0.0017826557159423828
178916,normal,1545,0,1782360769.0048563,0.0022034645080566406
178917,normal,209,0,1782360769.006652,0.0017957687377929688
178918,normal,2258,0,1782360769.0088496,0.0021975040435791016
178919,normal,839,2,1782360769.010712,0.0018622875213623047
178920,normal,2747,0,1782360769.0126145,0.0019025802612304688
178921,normal,3626,0,1782360769.014647,0.0020325183868408203
178922,normal,2179,0,1782360769.0166438,0.001996755599975586
178923,normal,2974,0,1782360769.0186424,0.0019986629486083984
178924,normal,3301,1,1782360769.0206487,0.0020062923431396484
178925,normal,1269,0,1782360769.0227108,0.002062082290649414
178926,normal,1130,0,1782360769.024644,0.0019330978393554688
178927,normal,486,0,1782360769.0267012,0.002057313919067383
178928,normal,3056,1,1782360769.028727,0.0020258426666259766
178929,normal,1232,0,1782360769.0306127,0.0018856525421142578
178930,normal,332,0,1782360769.0326445,0.0020318031311035156
178931,normal,3625,0,1782360769.0346985,0.002053976058959961
178932,normal,3140,1,1782360769.0366502,0.0019516944885253906
178933,normal,1043,0,1782360769.0387154,0.0020651817321777344
178934,normal,1757,0,1782360769.0406458,0.0019304752349853516
178935,normal,2696,0,1782360769.0426145,0.0019686222076416016
178936,normal,1301,0,1782360769.0446858,0.002071380615234375
178937,normal,2822,0,1782360769.046757,0.0020711421966552734
178938,normal,2588,0,1782360769.0487537,0.001996755599975586
178939,normal,1353,1,1782360769.0508246,0.002070903778076172
178940,normal,254,0,1782360769.052638,0.0018134117126464844
178941,normal,2407,0,1782360769.0548708,0.002232789993286133
178942,normal,1193,0,1782360769.0569415,0.0020706653594970703
178943,normal,2771,0,1782360769.0587733,0.0018317699432373047
178944,normal,2295,0,1782360769.06066,0.001886606216430664
178945,normal,847,2,1782360769.0628395,0.0021796226501464844
178946,normal,3024,0,1782360769.0646555,0.0018160343170166016
178947,normal,1182,0,1782360769.0668106,0.0021550655364990234
178948,normal,1553,0,1782360769.0688636,0.0020530223846435547
178949,normal,2776,0,1782360769.0707939,0.00193023681640625
178950,normal,3091,1,1782360769.0728858,0.0020918846130371094
178951,normal,2289,0,1782360769.0748458,0.0019600391387939453
178952,normal,2617,0,1782360769.0767715,0.0019257068634033203
178953,normal,1588,0,1782360769.078772,0.002000570297241211
178954,normal,2492,0,1782360769.0808706,0.002098560333251953
178955,normal,1622,0,1782360769.0827398,0.00186920166015625
178956,normal,928,2,1782360769.084885,0.002145051956176758
178957,normal,1013,2,1782360769.086846,0.001961231231689453
178958,normal,944,2,1782360769.088746,0.0018999576568603516
178959,normal,1930,0,1782360769.0908728,0.0021266937255859375
178960,normal,1648,0,1782360769.092853,0.001980304718017578
178961,normal,358,0,1782360769.0947566,0.001903533935546875
178962,normal,868,2,1782360769.0967598,0.002003192901611328
178963,normal,1429,0,1782360769.098788,0.002028226852416992
178964,normal,3671,0,1782360769.1007388,0.0019507408142089844
178965,normal,47,0,1782360769.1028154,0.0020766258239746094
178966,normal,3298,1,1782360769.1048017,0.001986265182495117
178967,normal,760,0,1782360769.1067426,0.0019409656524658203
178968,normal,1591,0,1782360769.1088178,0.0020751953125
178969,normal,911,2,1782360769.1108084,0.0019905567169189453
178970,normal,3210,1,1782360769.112738,0.0019295215606689453
178971,normal,1592,0,1782360769.114809,0.0020711421966552734
178972,normal,63,0,1782360769.1167696,0.0019605159759521484
178973,normal,432,0,1782360769.118744,0.001974344253540039
178974,normal,226,0,1782360769.1208086,0.0020647048950195312
178975,normal,1097,0,1782360769.1228075,0.0019989013671875
178976,normal,721,0,1782360769.1247396,0.0019321441650390625
178977,normal,1277,0,1782360769.126631,0.0018913745880126953
178978,normal,2635,0,1782360769.1286945,0.0020635128021240234
178979,normal,3637,0,1782360769.1307056,0.0020110607147216797
178980,normal,925,2,1782360769.1327305,0.0020248889923095703
178981,normal,3414,0,1782360769.13466,0.0019295215606689453
178982,normal,3650,0,1782360769.1366453,0.001985311508178711
178983,normal,1172,0,1782360769.1387112,0.002065896987915039
178984,normal,2861,0,1782360769.1407073,0.0019960403442382812
178985,normal,2740,0,1782360769.1428127,0.0021054744720458984
178986,normal,675,0,1782360769.144694,0.0018813610076904297
178987,normal,1396,0,1782360769.1468098,0.0021157264709472656
178988,normal,282,0,1782360769.148738,0.001928091049194336
178989,normal,2335,0,1782360769.1508322,0.002094268798828125
178990,normal,947,2,1782360769.152765,0.0019328594207763672
178991,normal,2095,0,1782360769.154743,0.0019779205322265625
178992,normal,2964,0,1782360769.156758,0.0020151138305664062
178993,normal,3239,1,1782360769.158805,0.002046823501586914
178994,normal,272,0,1782360769.1607428,0.0019378662109375
178995,normal,323,0,1782360769.1628265,0.0020837783813476562
178996,normal,1993,0,1782360769.1647677,0.0019412040710449219
178997,normal,2174,0,1782360769.1667411,0.001973390579223633
178998,normal,1390,0,1782360769.168761,0.0020198822021484375
178999,normal,3130,1,1782360769.17084,0.002079010009765625
179000,normal,799,2,1782360769.172743,0.0019030570983886719
179001,normal,1374,1,1782360769.1748376,0.0020945072174072266
179002,normal,2166,0,1782360769.1768022,0.001964569091796875
179003,normal,3320,1,1782360769.1787405,0.0019383430480957031
179004,normal,2098,0,1782360769.1807592,0.0020186901092529297
179005,normal,2431,0,1782360769.1828382,0.002079010009765625
179006,normal,2800,0,1782360769.1847394,0.0019011497497558594
179007,normal,379,0,1782360769.1868398,0.0021004676818847656
179008,normal,906,2,1782360769.1888084,0.0019686222076416016
179009,normal,579,0,1782360769.1907446,0.001936197280883789
179010,normal,3013,0,1782360769.1928277,0.0020830631256103516
179011,normal,2308,0,1782360769.194808,0.001980304718017578
179012,normal,2625,0,1782360769.1967373,0.0019292831420898438
179013,normal,2653,0,1782360769.1988413,0.002104043960571289
179014,normal,1468,0,1782360769.2007682,0.0019268989562988281
179015,normal,1072,0,1782360769.2027423,0.0019741058349609375
179016,normal,994,2,1782360769.204854,0.002111673355102539
179017,normal,2780,0,1782360769.2068496,0.001995563507080078
179018,normal,3559,0,1782360769.20874,0.001890420913696289
179019,normal,2907,0,1782360769.210851,0.0021109580993652344
179020,normal,2921,0,1782360769.2127788,0.0019278526306152344
179021,normal,3614,0,1782360769.2146611,0.001882314682006836
179022,normal,1118,0,1782360769.2168217,0.0021605491638183594
179023,normal,1642,0,1782360769.2188003,0.001978635787963867
179024,normal,3015,0,1782360769.2207422,0.0019419193267822266
179025,normal,3421,0,1782360769.2228622,0.0021200180053710938
179026,normal,1784,0,1782360769.2248049,0.0019426345825195312
179027,normal,3494,0,1782360769.226742,0.0019371509552001953
179028,normal,2055,0,1782360769.2288465,0.002104520797729492
179029,normal,2501,0,1782360769.2308202,0.0019736289978027344
179030,normal,1150,0,1782360769.2327414,0.0019211769104003906
179031,normal,3085,1,1782360769.2348518,0.0021104812622070312
179032,normal,909,2,1782360769.2368195,0.0019676685333251953
179033,normal,1452,0,1782360769.2387447,0.0019252300262451172
179034,normal,605,0,1782360769.2408528,0.0021080970764160156
179035,normal,894,2,1782360769.2428067,0.0019538402557373047
179036,normal,3580,0,1782360769.2447414,0.0019347667694091797
179037,normal,1740,0,1782360769.2468514,0.002110004425048828
179038,normal,274,0,1782360769.2488625,0.0020110607147216797
179039,normal,775,2,1782360769.250742,0.0018794536590576172
179040,normal,851,2,1782360769.2528615,0.0021195411682128906
179041,normal,1731,0,1782360769.2547684,0.0019068717956542969
179042,normal,877,2,1782360769.2567432,0.001974821090698242
179043,normal,3101,1,1782360769.2588642,0.0021209716796875
179044,normal,1327,1,1782360769.2608051,0.0019409656524658203
179045,normal,1677,0,1782360769.262742,0.0019369125366210938
179046,normal,970,2,1782360769.2648807,0.0021386146545410156
179047,normal,1526,0,1782360769.2668056,0.0019249916076660156
179048,normal,482,0,1782360769.2687476,0.0019419193267822266
179049,normal,2814,0,1782360769.2708964,0.002148866653442383
179050,normal,1539,0,1782360769.2728431,0.0019466876983642578
179051,normal,3601,0,1782360769.2747502,0.0019071102142333984
179052,normal,261,0,1782360769.2768984,0.002148151397705078
179053,normal,374,0,1782360769.2788408,0.0019423961639404297
179054,normal,3273,1,1782360769.2807515,0.0019106864929199219
179055,normal,1050,0,1782360769.282888,0.0021364688873291016
179056,normal,2399,0,1782360769.2848907,0.002002716064453125
179057,normal,2831,0,1782360769.2867494,0.0018587112426757812
179058,normal,3111,1,1782360769.2888901,0.0021407604217529297
179059,normal,2452,0,1782360769.2908394,0.001949310302734375
179060,normal,2085,0,1782360769.2927468,0.0019073486328125
179061,normal,3533,0,1782360769.294892,0.0021452903747558594
179062,normal,1953,0,1782360769.296847,0.0019550323486328125
179063,normal,1555,0,1782360769.2987506,0.001903533935546875
179064,normal,3459,0,1782360769.3008745,0.0021238327026367188
179065,normal,2905,0,1782360769.3028445,0.001970052719116211
179066,normal,672,0,1782360769.3047523,0.0019078254699707031
179067,normal,2554,0,1782360769.3068912,0.002138853073120117
179068,normal,245,0,1782360769.3088982,0.002007007598876953
179069,normal,72,0,1782360769.3107648,0.0018665790557861328
179070,normal,309,0,1782360769.3128927,0.0021278858184814453
179071,normal,3603,0,1782360769.314844,0.0019512176513671875
179072,normal,1379,1,1782360769.3167484,0.0019044876098632812
179073,normal,834,2,1782360769.3188946,0.0021462440490722656
179074,normal,2976,0,1782360769.3208544,0.0019598007202148438
179075,normal,3098,1,1782360769.322759,0.0019044876098632812
179076,normal,953,2,1782360769.3248875,0.00212860107421875
179077,normal,1122,0,1782360769.3269045,0.0020170211791992188
179078,normal,545,0,1782360769.328753,0.001848459243774414
179079,normal,1227,0,1782360769.3308578,0.0021047592163085938
179080,normal,2900,0,1782360769.3328493,0.0019915103912353516
179081,normal,1798,0,1782360769.3347516,0.0019023418426513672
179082,normal,3042,0,1782360769.3367946,0.002043008804321289
179083,normal,42,0,1782360769.338766,0.0019714832305908203
179084,normal,161,0,1782360769.340751,0.001984834671020508
179085,normal,3355,1,1782360769.342848,0.0020971298217773438
179086,normal,2572,0,1782360769.3448346,0.0019865036010742188
179087,normal,1063,0,1782360769.3467019,0.0018672943115234375
179088,normal,172,0,1782360769.3489811,0.0022792816162109375
179089,normal,1113,0,1782360769.3506536,0.001672506332397461
179090,normal,919,2,1782360769.3526356,0.001981973648071289
179091,normal,3667,0,1782360769.3546011,0.0019655227661132812
179092,normal,3292,1,1782360769.3568053,0.0022041797637939453
179093,normal,417,0,1782360769.358654,0.0018486976623535156
179094,normal,2881,0,1782360769.3608663,0.0022122859954833984
179095,normal,2752,0,1782360769.3627787,0.0019123554229736328
179096,normal,2249,0,1782360769.3646526,0.0018739700317382812
179097,normal,2471,0,1782360769.3668087,0.0021560192108154297
179098,normal,2600,0,1782360769.3687992,0.0019905567169189453
179099,normal,1500,0,1782360769.370687,0.0018877983093261719
179100,normal,1143,0,1782360769.3728075,0.002120494842529297
179101,normal,1154,0,1782360769.374801,0.001993417739868164
179102,normal,39,0,1782360769.3766527,0.001851797103881836
179103,normal,2207,0,1782360769.3788216,0.002168893814086914
179104,normal,2879,0,1782360769.3807967,0.0019750595092773438
179105,normal,2763,0,1782360769.3826478,0.0018510818481445312
179106,normal,3514,0,1782360769.3848076,0.0021598339080810547
179107,normal,3275,1,1782360769.386798,0.0019903182983398438
179108,normal,959,2,1782360769.3886483,0.0018503665924072266
179109,normal,2872,0,1782360769.390804,0.002155780792236328
179110,normal,1331,1,1782360769.3927987,0.001994609832763672
179111,normal,589,0,1782360769.394652,0.0018532276153564453
179112,normal,734,0,1782360769.396806,0.002154111862182617
179113,normal,1080,0,1782360769.3987978,0.001991748809814453
179114,normal,3430,0,1782360769.4006474,0.0018496513366699219
179115,normal,3608,0,1782360769.4028058,0.0021584033966064453
179116,normal,168,0,1782360769.4047987,0.001992940902709961
179117,normal,1392,0,1782360769.406656,0.0018572807312011719
179118,normal,2857,0,1782360769.4088194,0.002163410186767578
179119,normal,327,0,1782360769.4107964,0.0019769668579101562
179120,normal,3231,1,1782360769.4126463,0.0018498897552490234
179121,normal,3618,0,1782360769.4148252,0.0021789073944091797
179122,normal,938,2,1782360769.4167862,0.0019609928131103516
179123,normal,3700,0,1782360769.4186494,0.001863241195678711
179124,normal,3182,1,1782360769.4208274,0.0021779537200927734
179125,normal,1228,0,1782360769.4227962,0.001968860626220703
179126,normal,2124,0,1782360769.424645,0.0018486976623535156
179127,normal,1861,0,1782360769.4268236,0.002178668975830078
179128,normal,2903,0,1782360769.428813,0.0019893646240234375
179129,normal,1085,0,1782360769.430747,0.001934051513671875
179130,normal,559,0,1782360769.4328363,0.002089262008666992
179131,normal,467,0,1782360769.4347732,0.0019369125366210938
179132,normal,2701,0,1782360769.4367423,0.0019690990447998047
179133,normal,2775,0,1782360769.4388494,0.0021071434020996094
179134,normal,2290,0,1782360769.440814,0.001964569091796875
179135,normal,986,2,1782360769.44268,0.0018658638000488281
179136,normal,2651,0,1782360769.444872,0.0021920204162597656
179137,normal,376,0,1782360769.446775,0.0019030570983886719
179138,normal,2468,0,1782360769.4487386,0.0019636154174804688
179139,normal,2917,0,1782360769.450857,0.002118349075317383
179140,normal,2609,0,1782360769.4528086,0.0019516944885253906
179141,normal,133,0,1782360769.4547434,0.0019347667694091797
179142,normal,984,2,1782360769.4568527,0.0021092891693115234
179143,normal,578,0,1782360769.458806,0.0019533634185791016
179144,normal,469,0,1782360769.4607453,0.0019392967224121094
179145,normal,2005,0,1782360769.4628475,0.0021021366119384766
179146,normal,2920,0,1782360769.4648044,0.001956939697265625
179147,normal,81,0,1782360769.466745,0.0019404888153076172
179148,normal,2638,0,1782360769.4688416,0.0020966529846191406
179149,normal,3562,0,1782360769.4708052,0.0019636154174804688
179150,normal,3427,0,1782360769.4727428,0.0019376277923583984
179151,normal,2448,0,1782360769.474893,0.002150297164916992
179152,normal,3511,0,1782360769.4768147,0.0019216537475585938
179153,normal,3255,1,1782360769.4787412,0.001926422119140625
179154,normal,3230,1,1782360769.4808466,0.0021054744720458984
179155,normal,1291,0,1782360769.4828606,0.0020139217376708984
179156,normal,661,0,1782360769.4847429,0.001882314682006836
179157,normal,1141,0,1782360769.48686,0.002117156982421875
179158,normal,122,0,1782360769.488804,0.0019440650939941406
179159,normal,2797,0,1782360769.4907463,0.0019421577453613281
179160,normal,3137,1,1782360769.492869,0.002122640609741211
179161,normal,767,0,1782360769.4948108,0.0019419193267822266
179162,normal,748,0,1782360769.4967427,0.001931905746459961
179163,normal,1295,0,1782360769.498883,0.0021402835845947266
179164,normal,2413,0,1782360769.5008044,0.0019214153289794922
179165,normal,708,0,1782360769.502748,0.0019435882568359375
179166,normal,3592,0,1782360769.504884,0.0021359920501708984
179167,normal,563,0,1782360769.5068462,0.0019621849060058594
179168,normal,3405,0,1782360769.5088353,0.001989126205444336
179169,normal,256,0,1782360769.510727,0.0018916130065917969
179170,normal,1527,0,1782360769.512892,0.002165079116821289
179171,normal,2230,0,1782360769.5155444,0.002652406692504883
179172,normal,1260,0,1782360769.5167637,0.0012192726135253906
179173,normal,1448,0,1782360769.5189126,0.002148866653442383
179174,normal,1690,0,1782360769.5207963,0.0018837451934814453
179175,normal,3621,0,1782360769.5226107,0.0018143653869628906
179176,normal,3118,1,1782360769.5245988,0.0019881725311279297
179177,normal,2050,0,1782360769.526809,0.0022101402282714844
179178,normal,3611,0,1782360769.5286973,0.001888275146484375
179179,normal,2984,0,1782360769.5307646,0.0020673274993896484
179180,normal,2181,0,1782360769.5327394,0.001974821090698242
179181,normal,3470,0,1782360769.5347316,0.0019922256469726562
179182,normal,3287,1,1782360769.536729,0.0019974708557128906
179183,normal,2978,0,1782360769.5386143,0.0018851757049560547
179184,normal,3560,0,1782360769.5407314,0.002117156982421875
179185,normal,170,0,1782360769.542698,0.0019664764404296875
179186,normal,32,0,1782360769.5446272,0.0019292831420898438
179187,normal,3050,1,1782360769.546698,0.002070903778076172
179188,normal,1535,0,1782360769.5486605,0.001962423324584961
179189,normal,392,0,1782360769.5506568,0.001996278762817383
179190,normal,752,0,1782360769.55266,0.002003192901611328
179191,normal,1212,0,1782360769.5546594,0.001999378204345703
179192,normal,932,2,1782360769.5566616,0.002002239227294922
179193,normal,3106,1,1782360769.5587292,0.00206756591796875
179194,normal,3441,0,1782360769.5607002,0.001971006393432617
179195,normal,2947,0,1782360769.5626945,0.0019943714141845703
179196,normal,515,0,1782360769.5646951,0.002000570297241211
179197,normal,1618,0,1782360769.5666437,0.0019485950469970703
179198,normal,794,2,1782360769.568783,0.0021393299102783203
179199,normal,2242,0,1782360769.5706046,0.0018215179443359375
179200,normal,268,0,1782360769.5726602,0.002055644989013672
179201,normal,3576,0,1782360769.5750577,0.0023975372314453125
179202,normal,1718,0,1782360769.5768647,0.0018069744110107422
179203,normal,66,0,1782360769.5791469,0.0022821426391601562
179204,normal,1126,0,1782360769.5809717,0.0018248558044433594
179205,normal,625,0,1782360769.5827446,0.0017728805541992188
179206,normal,480,0,1782360769.584914,0.002169370651245117
179207,normal,952,2,1782360769.5867226,0.0018086433410644531
179208,normal,3657,0,1782360769.5888016,0.002079010009765625
179209,normal,3219,1,1782360769.5908496,0.002048015594482422
179210,normal,1863,0,1782360769.5927472,0.001897573471069336
179211,normal,449,0,1782360769.5949264,0.0021791458129882812
179212,normal,3171,1,1782360769.5966742,0.0017478466033935547
179213,normal,1684,0,1782360769.5988367,0.002162456512451172
179214,normal,94,0,1782360769.600704,0.0018672943115234375
179215,normal,91,0,1782360769.6028614,0.002157449722290039
179216,normal,829,2,1782360769.604806,0.0019445419311523438
179217,normal,184,0,1782360769.6068301,0.0020241737365722656
179218,normal,3633,0,1782360769.6089406,0.0021104812622070312
179219,normal,2755,0,1782360769.6106763,0.001735687255859375
179220,normal,1986,0,1782360769.6128607,0.0021843910217285156
179221,normal,1759,0,1782360769.6147707,0.0019099712371826172
179222,normal,34,0,1782360769.6168578,0.002087116241455078
179223,normal,2131,0,1782360769.6187837,0.0019259452819824219
179224,normal,280,0,1782360769.6209195,0.002135753631591797
179225,normal,674,0,1782360769.6230364,0.0021169185638427734
179226,normal,2326,0,1782360769.6246932,0.0016567707061767578
179227,normal,540,0,1782360769.6268656,0.0021724700927734375
179228,normal,1190,0,1782360769.628807,0.0019414424896240234
179229,normal,1840,0,1782360769.6306705,0.0018634796142578125
179230,normal,3202,1,1782360769.63284,0.002169370651245117
179231,normal,1389,0,1782360769.6347675,0.0019276142120361328
179232,normal,3574,0,1782360769.6368344,0.0020668506622314453
179233,normal,808,2,1782360769.6388824,0.002048015594482422
179234,normal,667,0,1782360769.6408255,0.0019431114196777344
179235,normal,1371,1,1782360769.6428695,0.0020439624786376953
179236,normal,3387,1,1782360769.6449354,0.002065896987915039
179237,normal,1833,0,1782360769.647011,0.002075672149658203
179238,normal,2621,0,1782360769.6487393,0.0017282962799072266
179239,normal,1994,0,1782360769.6510282,0.002288818359375
179240,normal,971,2,1782360769.6529822,0.0019540786743164062
179241,normal,3218,1,1782360769.6547565,0.0017743110656738281
179242,normal,2743,0,1782360769.6568208,0.002064228057861328
179243,normal,2494,0,1782360769.6587284,0.0019075870513916016
179244,normal,1019,2,1782360769.6608264,0.00209808349609375
179245,normal,2922,0,1782360769.662935,0.0021085739135742188
179246,normal,370,0,1782360769.6646428,0.0017077922821044922
179247,normal,643,0,1782360769.6668189,0.002176046371459961
179248,normal,1956,0,1782360769.6687174,0.0018985271453857422
179249,normal,647,0,1782360769.6708374,0.0021200180053710938
179250,normal,1631,0,1782360769.6733522,0.0025148391723632812
179251,normal,2782,0,1782360769.6750643,0.0017120838165283203
179252,normal,2654,0,1782360769.676704,0.0016396045684814453
179253,normal,1183,0,1782360769.678842,0.0021381378173828125
179254,normal,2208,0,1782360769.6807303,0.001888275146484375
179255,normal,681,0,1782360769.682817,0.002086639404296875
179256,normal,1948,0,1782360769.6848094,0.001992464065551758
179257,normal,2856,0,1782360769.6867323,0.0019228458404541016
179258,normal,3552,0,1782360769.6887536,0.002021312713623047
179259,normal,2262,0,1782360769.6908247,0.0020711421966552734
179260,normal,1447,0,1782360769.6927288,0.0019040107727050781
179261,normal,3235,1,1782360769.6947834,0.0020546913146972656
179262,normal,1533,0,1782360769.6967819,0.001998424530029297
179263,normal,1511,0,1782360769.6989014,0.0021195411682128906
179264,normal,638,0,1782360769.7006855,0.0017840862274169922
179265,normal,1669,0,1782360769.702807,0.002121448516845703
179266,normal,367,0,1782360769.7048368,0.002029895782470703
179267,normal,2543,0,1782360769.7066453,0.0018084049224853516
179268,normal,735,0,1782360769.708919,0.0022737979888916016
179269,normal,644,0,1782360769.7109923,0.0020732879638671875
179270,normal,1151,0,1782360769.712694,0.0017015933990478516
179271,normal,795,2,1782360769.7149904,0.00229644775390625
179272,normal,2666,0,1782360769.717107,0.002116680145263672
179273,normal,555,0,1782360769.7186477,0.0015406608581542969
179274,normal,447,0,1782360769.720757,0.0021092891693115234
179275,normal,1943,0,1782360769.7227533,0.001996278762817383
179276,normal,1031,0,1782360769.7247293,0.00197601318359375
179277,normal,867,2,1782360769.726764,0.0020346641540527344
179278,normal,955,2,1782360769.7287555,0.0019915103912353516
179279,normal,1208,0,1782360769.7307098,0.001954317092895508
179280,normal,3076,1,1782360769.7327788,0.0020689964294433594
179281,normal,2590,0,1782360769.7347934,0.002014636993408203
179282,normal,2871,0,1782360769.7367878,0.0019943714141845703
179283,normal,3370,1,1782360769.738717,0.0019292831420898438
179284,normal,1,0,1782360769.7407846,0.00206756591796875
179285,normal,1266,0,1782360769.7427533,0.0019686222076416016
179286,normal,1112,0,1782360769.7447414,0.0019881725311279297
179287,normal,2547,0,1782360769.7468495,0.0021080970764160156
179288,normal,1276,0,1782360769.748622,0.0017724037170410156
179289,normal,2351,0,1782360769.7507982,0.0021762847900390625
179290,normal,2820,0,1782360769.7527623,0.001964092254638672
179291,normal,210,0,1782360769.7547405,0.001978158950805664
179292,normal,1350,1,1782360769.7568324,0.0020918846130371094
179293,normal,3333,1,1782360769.7588775,0.002045154571533203
179294,normal,3639,0,1782360769.7607787,0.0019011497497558594
179295,normal,2329,0,1782360769.762959,0.002180337905883789
179296,normal,1319,1,1782360769.7647505,0.0017914772033691406
179297,normal,2990,0,1782360769.7668562,0.002105712890625
179298,normal,2357,0,1782360769.768761,0.0019047260284423828
179299,normal,1307,0,1782360769.7708523,0.0020914077758789062
179300,normal,2481,0,1782360769.7727256,0.0018732547760009766
179301,normal,786,2,1782360769.774817,0.0020914077758789062
179302,normal,3520,0,1782360769.7768993,0.002082347869873047
179303,normal,1899,0,1782360769.7788582,0.0019588470458984375
179304,normal,766,0,1782360769.7808077,0.0019495487213134766
179305,normal,641,0,1782360769.782896,0.002088308334350586
179306,normal,3420,0,1782360769.7847784,0.001882314682006836
179307,normal,787,2,1782360769.7868943,0.002115964889526367
179308,normal,138,0,1782360769.7887313,0.001837015151977539
179309,normal,2040,0,1782360769.790844,0.0021126270294189453
179310,normal,2504,0,1782360769.7927382,0.001894235610961914
179311,normal,3009,0,1782360769.7951057,0.0023674964904785156
179312,normal,814,2,1782360769.7967403,0.0016345977783203125
179313,normal,64,0,1782360769.7989094,0.0021691322326660156
179314,normal,3315,1,1782360769.800933,0.002023458480834961
179315,normal,2631,0,1782360769.8030586,0.0021257400512695312
179316,normal,1687,0,1782360769.8047333,0.001674652099609375
179317,normal,626,0,1782360769.8069966,0.002263307571411133
179318,normal,1744,0,1782360769.8088865,0.001889944076538086
179319,normal,1249,0,1782360769.8108623,0.0019757747650146484
179320,normal,3438,0,1782360769.8128407,0.0019783973693847656
179321,normal,477,0,1782360769.8147287,0.0018880367279052734
179322,normal,3542,0,1782360769.8168402,0.0021114349365234375
179323,normal,2090,0,1782360769.8189027,0.002062559127807617
179324,normal,1058,0,1782360769.8207252,0.0018224716186523438
179325,normal,3538,0,1782360769.8228295,0.0021042823791503906
179326,normal,3525,0,1782360769.8248315,0.0020020008087158203
179327,normal,241,0,1782360769.8268383,0.0020067691802978516
179328,normal,3537,0,1782360769.829224,0.002385854721069336
179329,normal,777,2,1782360769.8307476,0.0015234947204589844
179330,normal,1652,0,1782360769.832845,0.0020973682403564453
179331,normal,2885,0,1782360769.834728,0.0018830299377441406
179332,normal,3328,1,1782360769.8368318,0.0021038055419921875
179333,normal,722,0,1782360769.8388183,0.0019865036010742188
179334,normal,38,0,1782360769.840966,0.002147674560546875
179335,normal,3229,1,1782360769.8427372,0.0017712116241455078
179336,normal,2514,0,1782360769.844744,0.0020067691802978516
179337,normal,3415,0,1782360769.8468714,0.002127408981323242
179338,normal,683,0,1782360769.848895,0.0020236968994140625
179339,normal,2819,0,1782360769.851033,0.002137899398803711
179340,normal,872,2,1782360769.852854,0.0018210411071777344
179341,normal,547,0,1782360769.8550222,0.0021681785583496094
179342,normal,791,2,1782360769.8567464,0.0017242431640625
179343,normal,2789,0,1782360769.8589578,0.002211332321166992
179344,normal,3060,1,1782360769.8608434,0.0018856525421142578
179345,normal,1595,0,1782360769.8628106,0.001967191696166992
179346,normal,173,0,1782360769.86509,0.0022792816162109375
179347,normal,2508,0,1782360769.8669076,0.0018177032470703125
179348,normal,2315,0,1782360769.8686793,0.001771688461303711
179349,normal,659,0,1782360769.8709753,0.002295970916748047
179350,normal,2488,0,1782360769.872999,0.0020236968994140625
179351,normal,1813,0,1782360769.8746958,0.0016968250274658203
179352,normal,2533,0,1782360769.876734,0.002038240432739258
179353,normal,1074,0,1782360769.878789,0.002054929733276367
179354,normal,2023,0,1782360769.8807232,0.0019342899322509766
179355,normal,3203,1,1782360769.882755,0.0020318031311035156
179356,normal,1737,0,1782360769.884759,0.002003908157348633
179357,normal,645,0,1782360769.8868918,0.002132892608642578
179358,normal,3589,0,1782360769.8887782,0.0018863677978515625
179359,normal,2402,0,1782360769.890916,0.002137899398803711
179360,normal,1632,0,1782360769.8928814,0.0019652843475341797
179361,normal,1124,0,1782360769.894755,0.0018734931945800781
179362,normal,761,0,1782360769.8968513,0.002096414566040039
179363,normal,3033,0,1782360769.8988729,0.0020215511322021484
179364,normal,2231,0,1782360769.9008303,0.001957416534423828
179365,normal,3066,1,1782360769.902959,0.0021288394927978516
179366,normal,2916,0,1782360769.9046788,0.0017197132110595703
179367,normal,2859,0,1782360769.9068558,0.002177000045776367
179368,normal,3677,0,1782360769.9088588,0.0020029544830322266
179369,normal,2128,0,1782360769.910773,0.0019142627716064453
179370,normal,2340,0,1782360769.9128475,0.0020744800567626953
179371,normal,2758,0,1782360769.91489,0.002042531967163086
179372,normal,3403,0,1782360769.9167764,0.0018863677978515625
179373,normal,3244,1,1782360769.9189653,0.0021889209747314453
179374,normal,3122,1,1782360769.920812,0.0018465518951416016
179375,normal,2362,0,1782360769.9228,0.0019881725311279297
179376,normal,1909,0,1782360769.9247565,0.001956462860107422
179377,normal,2608,0,1782360769.9268656,0.002109050750732422
179378,normal,2647,0,1782360769.928744,0.001878499984741211
179379,normal,1091,0,1782360769.9308612,0.002117156982421875
179380,normal,2705,0,1782360769.9329011,0.0020399093627929688
179381,normal,1128,0,1782360769.9348426,0.0019414424896240234
179382,normal,1536,0,1782360769.9368727,0.0020301342010498047
179383,normal,918,2,1782360769.9389024,0.0020296573638916016
179384,normal,1205,0,1782360769.9407794,0.0018770694732666016
179385,normal,596,0,1782360769.9428768,0.0020973682403564453
179386,normal,785,2,1782360769.944872,0.001995086669921875
179387,normal,1278,0,1782360769.9467435,0.0018715858459472656
179388,normal,3558,0,1782360769.948852,0.0021085739135742188
179389,normal,316,0,1782360769.9508498,0.001997709274291992
179390,normal,1471,0,1782360769.953024,0.0021741390228271484
179391,normal,2244,0,1782360769.9547763,0.0017523765563964844
179392,normal,2470,0,1782360769.957011,0.0022346973419189453
179393,normal,371,0,1782360769.9588916,0.001880645751953125
179394,normal,2750,0,1782360769.9609547,0.0020630359649658203
179395,normal,3337,1,1782360769.9628472,0.0018925666809082031
179396,normal,2234,0,1782360769.9649174,0.002070188522338867
179397,normal,696,0,1782360769.9668908,0.001973390579223633
179398,normal,783,2,1782360769.9688425,0.0019516944885253906
179399,normal,75,0,1782360769.9707391,0.0018966197967529297
179400,normal,684,0,1782360769.9728427,0.002103567123413086
179401,normal,2045,0,1782360769.975043,0.0022003650665283203
179402,normal,670,0,1782360769.976636,0.001592874526977539
179403,normal,964,2,1782360769.9788206,0.002184629440307617
179404,normal,1739,0,1782360769.9808292,0.002008676528930664
179405,normal,3587,0,1782360769.9827242,0.0018949508666992188
179406,normal,3669,0,1782360769.9854066,0.0026824474334716797
179407,normal,2532,0,1782360769.9871635,0.001756906509399414
179408,normal,3534,0,1782360769.9887228,0.0015592575073242188
179409,normal,147,0,1782360769.9908025,0.0020797252655029297
179410,normal,2582,0,1782360769.9928575,0.002054929733276367
179411,normal,3462,0,1782360769.9947748,0.0019173622131347656
179412,normal,1503,0,1782360769.9970996,0.002324819564819336
179413,normal,3004,0,1782360769.9987721,0.001672506332397461
179414,normal,1504,0,1782360770.0008345,0.0020623207092285156
179415,normal,549,0,1782360770.002767,0.0019326210021972656
179416,normal,1480,0,1782360770.0048604,0.0020933151245117188
179417,normal,2062,0,1782360770.006765,0.0019044876098632812
179418,normal,1708,0,1782360770.0088792,0.0021142959594726562
179419,normal,3353,1,1782360770.0110219,0.002142667770385742
179420,normal,743,0,1782360770.0127466,0.0017247200012207031
179421,normal,176,0,1782360770.0149133,0.002166748046875
179422,normal,1782,0,1782360770.016904,0.001990795135498047
179423,normal,1153,0,1782360770.0186987,0.001794576644897461
179424,normal,1064,0,1782360770.020968,0.002269268035888672
179425,normal,3080,1,1782360770.0230103,0.0020422935485839844
179426,normal,162,0,1782360770.0247269,0.00171661376953125
179427,normal,3695,0,1782360770.0269809,0.002254009246826172
179428,normal,1142,0,1782360770.0292826,0.0023016929626464844
179429,normal,1059,0,1782360770.0307045,0.0014219284057617188
179430,normal,620,0,1782360770.0328486,0.0021440982818603516
179431,normal,637,0,1782360770.0348346,0.0019860267639160156
179432,normal,1913,0,1782360770.0367439,0.0019092559814453125
179433,normal,2593,0,1782360770.0388594,0.002115488052368164
179434,normal,2355,0,1782360770.040757,0.001897573471069336
179435,normal,686,0,1782360770.042862,0.0021049976348876953
179436,normal,106,0,1782360770.0447898,0.0019278526306152344
179437,normal,831,2,1782360770.0468838,0.0020940303802490234
179438,normal,2406,0,1782360770.048875,0.00199127197265625
179439,normal,3615,0,1782360770.0507793,0.0019042491912841797
179440,normal,1073,0,1782360770.052862,0.0020825862884521484
179441,normal,3207,1,1782360770.0547924,0.0019304752349853516
179442,normal,1514,0,1782360770.0568962,0.0021038055419921875
179443,normal,1540,0,1782360770.0588446,0.0019483566284179688
179444,normal,2414,0,1782360770.0608747,0.0020301342010498047
179445,normal,3037,0,1782360770.0627398,0.0018651485443115234
179446,normal,457,0,1782360770.0648627,0.0021228790283203125
179447,normal,737,0,1782360770.066776,0.001913309097290039
179448,normal,1230,0,1782360770.0688682,0.002092123031616211
179449,normal,2977,0,1782360770.0708876,0.0020194053649902344
179450,normal,335,0,1782360770.072807,0.0019195079803466797
179451,normal,180,0,1782360770.0749314,0.002124309539794922
179452,normal,1192,0,1782360770.0768545,0.0019230842590332031
179453,normal,1411,0,1782360770.0787048,0.0018503665924072266
179454,normal,2412,0,1782360770.0807521,0.002047300338745117
179455,normal,1805,0,1782360770.082745,0.001992940902709961
179456,normal,3268,1,1782360770.0847363,0.00199127197265625
179457,normal,3297,1,1782360770.086807,0.0020706653594970703
179458,normal,2509,0,1782360770.0888026,0.001995563507080078
179459,normal,2185,0,1782360770.090829,0.0020263195037841797
179460,normal,1338,1,1782360770.092853,0.0020241737365722656
179461,normal,719,0,1782360770.094764,0.0019109249114990234
179462,normal,3110,1,1782360770.0968578,0.002093791961669922
179463,normal,2170,0,1782360770.0987341,0.0018763542175292969
179464,normal,1960,0,1782360770.100815,0.0020809173583984375
179465,normal,2462,0,1782360770.102725,0.0019099712371826172
179466,normal,2550,0,1782360770.1048477,0.002122640609741211
179467,normal,3208,1,1782360770.106817,0.0019693374633789062
179468,normal,882,2,1782360770.10892,0.002103090286254883
179469,normal,855,2,1782360770.1109147,0.001994609832763672
179470,normal,344,0,1782360770.1129029,0.0019881725311279297
179471,normal,503,0,1782360770.1148446,0.001941680908203125
179472,normal,368,0,1782360770.116851,0.00200653076171875
179473,normal,2171,0,1782360770.1189299,0.0020787715911865234
179474,normal,2595,0,1782360770.1208618,0.001931905746459961
179475,normal,2585,0,1782360770.1227312,0.0018694400787353516
179476,normal,2612,0,1782360770.1248212,0.002089977264404297
179477,normal,1254,0,1782360770.1267123,0.0018911361694335938
179478,normal,2934,0,1782360770.1288648,0.0021524429321289062
179479,normal,2774,0,1782360770.1306896,0.0018248558044433594
179480,normal,1472,0,1782360770.13273,0.002040386199951172
179481,normal,2033,0,1782360770.1347375,0.0020074844360351562
179482,normal,2285,0,1782360770.1367254,0.001987934112548828
179483,normal,2006,0,1782360770.139128,0.0024025440216064453
179484,normal,2479,0,1782360770.1408687,0.0017406940460205078
179485,normal,3672,0,1782360770.1427646,0.001895904541015625
179486,normal,4,0,1782360770.1447337,0.0019690990447998047
179487,normal,893,2,1782360770.1467342,0.002000570297241211
179488,normal,3501,0,1782360770.1487393,0.0020051002502441406
179489,normal,601,0,1782360770.1507807,0.002041339874267578
179490,normal,758,0,1782360770.1527348,0.0019540786743164062
179491,normal,1855,0,1782360770.1547673,0.0020325183868408203
179492,normal,2538,0,1782360770.1567461,0.0019788742065429688
179493,normal,2721,0,1782360770.1596417,0.0028955936431884766
179494,normal,3442,0,1782360770.1608503,0.0012085437774658203
179495,normal,2460,0,1782360770.162632,0.0017817020416259766
179496,normal,1376,1,1782360770.1647775,0.002145528793334961
179497,normal,1148,0,1782360770.1669748,0.002197265625
179498,normal,2113,0,1782360770.1688414,0.0018665790557861328
179499,normal,2409,0,1782360770.1707513,0.0019099712371826172
179500,normal,1616,0,1782360770.1728785,0.0021271705627441406
179501,normal,1108,0,1782360770.1747587,0.0018801689147949219
179502,normal,3573,0,1782360770.176835,0.002076387405395508
179503,normal,2061,0,1782360770.1787794,0.0019443035125732422
179504,normal,665,0,1782360770.1809628,0.0021834373474121094
179505,normal,2088,0,1782360770.1828105,0.0018477439880371094
179506,normal,2135,0,1782360770.1848059,0.0019953250885009766
179507,normal,1942,0,1782360770.1868901,0.0020842552185058594
179508,normal,3591,0,1782360770.1891859,0.0022957324981689453
179509,normal,2919,0,1782360770.1907618,0.0015759468078613281
179510,normal,2839,0,1782360770.1926537,0.0018918514251708984
179511,normal,286,0,1782360770.1947503,0.0020966529846191406
179512,normal,3412,0,1782360770.1967576,0.0020072460174560547
179513,normal,3127,1,1782360770.1987765,0.0020189285278320312
179514,normal,240,0,1782360770.2007704,0.001993894577026367
179515,normal,1215,0,1782360770.20277,0.0019996166229248047
179516,normal,1198,0,1782360770.2048242,0.0020542144775390625
179517,normal,1167,0,1782360770.2067568,0.0019326210021972656
179518,normal,3651,0,1782360770.2088041,0.002047300338745117
179519,normal,1612,0,1782360770.2107422,0.0019381046295166016
179520,normal,3666,0,1782360770.2127867,0.0020444393157958984
179521,normal,2510,0,1782360770.2147648,0.001978158950805664
179522,normal,3357,1,1782360770.216794,0.0020291805267333984
179523,normal,2259,0,1782360770.2188125,0.002018451690673828
179524,normal,1991,0,1782360770.2208173,0.002004861831665039
179525,normal,982,2,1782360770.2226574,0.0018401145935058594
179526,normal,892,2,1782360770.2247663,0.0021088123321533203
179527,normal,3541,0,1782360770.2267756,0.0020093917846679688
179528,normal,1400,0,1782360770.228769,0.001993417739868164
179529,normal,2999,0,1782360770.23078,0.002010822296142578
179530,normal,1610,0,1782360770.2327797,0.0019998550415039062
179531,normal,1634,0,1782360770.2347846,0.002004861831665039
179532,normal,1147,0,1782360770.2368064,0.00202178955078125
179533,normal,1116,0,1782360770.2387607,0.001954317092895508
179534,normal,997,2,1782360770.24076,0.001999378204345703
179535,normal,2195,0,1782360770.2427611,0.002001047134399414
179536,normal,2980,0,1782360770.2447572,0.0019960403442382812
179537,normal,1405,0,1782360770.2468126,0.0020554065704345703
179538,normal,1280,0,1782360770.248725,0.0019123554229736328
179539,normal,1954,0,1782360770.2508066,0.002081632614135742
179540,normal,3248,1,1782360770.2527318,0.0019252300262451172
179541,normal,3673,0,1782360770.254846,0.0021142959594726562
179542,normal,2811,0,1782360770.2567952,0.0019490718841552734
179543,normal,3701,0,1782360770.2587028,0.0019075870513916016
179544,normal,811,2,1782360770.2607682,0.002065420150756836
179545,normal,3143,1,1782360770.2627463,0.001978158950805664
179546,normal,1368,1,1782360770.2647371,0.001990795135498047
179547,normal,3139,1,1782360770.266739,0.0020017623901367188
179548,normal,1496,0,1782360770.2687502,0.0020112991333007812
179549,normal,1773,0,1782360770.2707858,0.0020356178283691406
179550,normal,2804,0,1782360770.2726834,0.001897573471069336
179551,normal,2561,0,1782360770.2748075,0.0021240711212158203
179552,normal,325,0,1782360770.276803,0.001995563507080078
179553,normal,769,0,1782360770.2789204,0.0021173954010009766
179554,normal,3702,0,1782360770.2807593,0.0018389225006103516
179555,normal,1420,0,1782360770.2827027,0.001943349838256836
179556,normal,2475,0,1782360770.2848585,0.002155780792236328
179557,normal,2738,0,1782360770.2868083,0.0019497871398925781
179558,normal,3638,0,1782360770.2886465,0.0018382072448730469
179559,normal,2474,0,1782360770.2907374,0.002090930938720703
179560,normal,2507,0,1782360770.2927406,0.002003192901611328
179561,normal,3645,0,1782360770.2947512,0.0020105838775634766
179562,normal,2154,0,1782360770.2968416,0.0020904541015625
179563,normal,3506,0,1782360770.2987463,0.0019047260284423828
179564,normal,1458,0,1782360770.30074,0.0019936561584472656
179565,normal,2845,0,1782360770.302737,0.0019969940185546875
179566,normal,3396,1,1782360770.3047342,0.001997232437133789
179567,normal,656,0,1782360770.3069203,0.0021860599517822266
179568,normal,1048,0,1782360770.3088593,0.0019390583038330078
179569,normal,698,0,1782360770.3108034,0.0019440650939941406
179570,normal,3402,0,1782360770.3126507,0.0018472671508789062
179571,normal,2325,0,1782360770.3147633,0.0021126270294189453
179572,normal,1810,0,1782360770.3167603,0.0019969940185546875
179573,normal,405,0,1782360770.3187659,0.0020055770874023438
179574,normal,682,0,1782360770.32096,0.0021941661834716797
179575,normal,1843,0,1782360770.3227303,0.0017702579498291016
179576,normal,816,2,1782360770.3247504,0.002020120620727539
179577,normal,3324,1,1782360770.3267627,0.0020122528076171875
179578,normal,273,0,1782360770.328761,0.001998424530029297
179579,normal,3304,1,1782360770.3307748,0.002013683319091797
179580,normal,3398,1,1782360770.3328986,0.0021238327026367188
179581,normal,2342,0,1782360770.3348894,0.001990795135498047
179582,normal,27,0,1782360770.336711,0.0018215179443359375
179583,normal,231,0,1782360770.3388176,0.0021066665649414062
179584,normal,3213,1,1782360770.3408694,0.002051830291748047
179585,normal,2419,0,1782360770.342702,0.0018324851989746094
179586,normal,3623,0,1782360770.3447528,0.0020508766174316406
179587,normal,3295,1,1782360770.3469932,0.002240419387817383
179588,normal,1234,0,1782360770.3489635,0.0019702911376953125
179589,normal,2736,0,1782360770.3507528,0.0017893314361572266
179590,normal,2542,0,1782360770.3531137,0.002360820770263672
179591,normal,1788,0,1782360770.3551147,0.002001047134399414
179592,normal,2853,0,1782360770.3568091,0.0016944408416748047
179593,normal,1199,0,1782360770.3588169,0.002007722854614258
179594,normal,2108,0,1782360770.3607378,0.001920938491821289
179595,normal,2655,0,1782360770.3628547,0.0021169185638427734
179596,normal,13,0,1782360770.3648903,0.0020356178283691406
179597,normal,407,0,1782360770.3668845,0.0019941329956054688
179598,normal,2094,0,1782360770.3687797,0.0018951892852783203
179599,normal,329,0,1782360770.3708549,0.0020751953125
179600,normal,1251,0,1782360770.3727913,0.0019364356994628906
179601,normal,3697,0,1782360770.374925,0.002133607864379883
179602,normal,3291,1,1782360770.3768358,0.0019109249114990234
179603,normal,2105,0,1782360770.3787808,0.0019450187683105469
179604,normal,2518,0,1782360770.3807495,0.0019686222076416016
179605,normal,101,0,1782360770.3828876,0.0021381378173828125
179606,normal,2010,0,1782360770.3848133,0.0019257068634033203
179607,normal,1186,0,1782360770.3868427,0.0020294189453125
179608,normal,2141,0,1782360770.3889096,0.0020668506622314453
179609,normal,1576,0,1782360770.390622,0.0017123222351074219
179610,normal,2571,0,1782360770.3928099,0.002187967300415039
179611,normal,1992,0,1782360770.3947952,0.001985311508178711
179612,normal,1339,1,1782360770.3966851,0.001889944076538086
179613,normal,2502,0,1782360770.3987262,0.0020411014556884766
179614,normal,506,0,1782360770.4006433,0.001917123794555664
179615,normal,2275,0,1782360770.4026465,0.002003192901611328
179616,normal,2724,0,1782360770.4046504,0.002003908157348633
179617,normal,2957,0,1782360770.4066992,0.0020487308502197266
179618,normal,3084,1,1782360770.4086323,0.0019330978393554688
179619,normal,381,0,1782360770.4107385,0.002106189727783203
179620,normal,3681,0,1782360770.4126158,0.0018773078918457031
179621,normal,861,2,1782360770.4147143,0.002098560333251953
179622,normal,610,0,1782360770.4165807,0.0018663406372070312
179623,normal,2125,0,1782360770.4186466,0.002065896987915039
179624,normal,336,0,1782360770.4206893,0.0020427703857421875
179625,normal,3151,1,1782360770.4226875,0.0019981861114501953
179626,normal,996,2,1782360770.4247036,0.0020160675048828125
179627,normal,3045,1,1782360770.42665,0.0019464492797851562
179628,normal,1016,2,1782360770.4286385,0.0019884109497070312
179629,normal,2667,0,1782360770.4306374,0.0019989013671875
179630,normal,372,0,1782360770.4326541,0.002016782760620117
179631,normal,35,0,1782360770.4346228,0.0019686222076416016
179632,normal,3433,0,1782360770.436607,0.001984119415283203
179633,normal,105,0,1782360770.4386046,0.001997709274291992
179634,normal,671,0,1782360770.440928,0.0023233890533447266
179635,normal,2017,0,1782360770.442741,0.0018129348754882812
179636,normal,566,0,1782360770.4447105,0.001969575881958008
179637,normal,1825,0,1782360770.4467587,0.0020482540130615234
179638,normal,2569,0,1782360770.4489326,0.002173900604248047
179639,normal,857,2,1782360770.450638,0.0017054080963134766
179640,normal,79,0,1782360770.4527855,0.0021474361419677734
179641,normal,2071,0,1782360770.4548466,0.002061128616333008
179642,normal,3554,0,1782360770.4567678,0.0019211769104003906
179643,normal,2891,0,1782360770.4587607,0.001992940902709961
179644,normal,250,0,1782360770.460739,0.001978158950805664
179645,normal,3258,1,1782360770.4627433,0.002004384994506836
179646,normal,2190,0,1782360770.464738,0.001994609832763672
179647,normal,3464,0,1782360770.4667704,0.0020325183868408203
179648,normal,2142,0,1782360770.4687376,0.001967191696166992
179649,normal,418,0,1782360770.4707448,0.0020072460174560547
179650,normal,318,0,1782360770.4728913,0.002146482467651367
179651,normal,1966,0,1782360770.4747567,0.001865386962890625
179652,normal,3490,0,1782360770.4775019,0.0027451515197753906
179653,normal,390,0,1782360770.4789815,0.0014796257019042969
179654,normal,2559,0,1782360770.4806771,0.0016956329345703125
179655,normal,1603,0,1782360770.4828506,0.0021734237670898438
179656,normal,1309,0,1782360770.4848564,0.0020058155059814453
179657,normal,1753,0,1782360770.486774,0.0019176006317138672
179658,normal,3384,1,1782360770.4889438,0.0021698474884033203
179659,normal,3383,1,1782360770.4908864,0.0019426345825195312
179660,normal,2322,0,1782360770.4927847,0.0018982887268066406
179661,normal,3548,0,1782360770.4947588,0.0019741058349609375
179662,normal,89,0,1782360770.4968722,0.00211334228515625
179663,normal,3300,1,1782360770.4987807,0.0019085407257080078
179664,normal,1494,0,1782360770.5008667,0.0020859241485595703
179665,normal,3481,0,1782360770.5030093,0.002142667770385742
179666,normal,1161,0,1782360770.504851,0.0018417835235595703
179667,normal,483,0,1782360770.5068448,0.0019936561584472656
179668,normal,438,0,1782360770.5088727,0.0020279884338378906
179669,normal,1098,0,1782360770.5109112,0.0020384788513183594
179670,normal,998,2,1782360770.512845,0.0019338130950927734
179671,normal,2526,0,1782360770.5149655,0.002120494842529297
179672,normal,3177,1,1782360770.5170026,0.00203704833984375
179673,normal,2092,0,1782360770.5187716,0.0017690658569335938
179674,normal,2282,0,1782360770.5207546,0.0019829273223876953
179675,normal,213,0,1782360770.5229113,0.0021567344665527344
179676,normal,1583,0,1782360770.5247996,0.001888275146484375
179677,normal,901,2,1782360770.5267859,0.001986265182495117
179678,normal,1877,0,1782360770.5287607,0.001974821090698242
179679,normal,302,0,1782360770.5307384,0.001977682113647461
179680,normal,2778,0,1782360770.532775,0.002036571502685547
179681,normal,1929,0,1782360770.5347633,0.0019884109497070312
179682,normal,471,0,1782360770.5367525,0.001989126205444336
179683,normal,1465,0,1782360770.5387945,0.002042055130004883
179684,normal,2794,0,1782360770.5407186,0.0019240379333496094
179685,normal,921,2,1782360770.5427856,0.002067089080810547
179686,normal,1255,0,1782360770.5448105,0.0020248889923095703
179687,normal,3172,1,1782360770.5467598,0.001949310302734375
179688,normal,1869,0,1782360770.5487652,0.002005338668823242
179689,normal,1207,0,1782360770.5507882,0.002022981643676758
179690,normal,3510,0,1782360770.5527928,0.0020046234130859375
179691,normal,1596,0,1782360770.554725,0.0019321441650390625
179692,normal,251,0,1782360770.556811,0.002086162567138672
179693,normal,1554,0,1782360770.558657,0.0018458366394042969
179694,normal,1915,0,1782360770.560802,0.002145051956176758
179695,normal,1115,0,1782360770.5627592,0.0019571781158447266
179696,normal,2202,0,1782360770.5647583,0.0019991397857666016
179697,normal,1057,0,1782360770.5667617,0.0020034313201904297
179698,normal,3220,1,1782360770.5687678,0.002006053924560547
179699,normal,1499,0,1782360770.5707707,0.0020029544830322266
179700,normal,181,0,1782360770.5727687,0.0019979476928710938
179701,normal,550,0,1782360770.5748012,0.0020325183868408203
179702,normal,464,0,1782360770.5767415,0.0019402503967285156
179703,normal,2423,0,1782360770.5788074,0.002065896987915039
179704,normal,2365,0,1782360770.5808625,0.0020551681518554688
179705,normal,3185,1,1782360770.582765,0.0019025802612304688
179706,normal,841,2,1782360770.5848606,0.002095460891723633
179707,normal,1722,0,1782360770.5868928,0.0020322799682617188
179708,normal,3270,1,1782360770.5888193,0.001926422119140625
179709,normal,234,0,1782360770.5908916,0.0020723342895507812
179710,normal,3570,0,1782360770.5928679,0.0019762516021728516
179711,normal,435,0,1782360770.594869,0.002001047134399414
179712,normal,3014,0,1782360770.59681,0.0019412040710449219
179713,normal,2531,0,1782360770.5988986,0.0020885467529296875
179714,normal,3628,0,1782360770.6008117,0.0019130706787109375
179715,normal,409,0,1782360770.6027958,0.001984119415283203
179716,normal,2511,0,1782360770.6048503,0.002054452896118164
179717,normal,3660,0,1782360770.606904,0.0020537376403808594
179718,normal,552,0,1782360770.6088672,0.0019631385803222656
179719,normal,759,0,1782360770.6110046,0.002137422561645508
179720,normal,2717,0,1782360770.6127872,0.0017826557159423828
179721,normal,386,0,1782360770.6149645,0.0021772384643554688
179722,normal,3413,0,1782360770.6168985,0.001934051513671875
179723,normal,1613,0,1782360770.6189244,0.0020258426666259766
179724,normal,2877,0,1782360770.6208973,0.0019729137420654297
179725,normal,2753,0,1782360770.6230845,0.0021872520446777344
179726,normal,2321,0,1782360770.624884,0.0017993450164794922
179727,normal,1973,0,1782360770.6267738,0.001889944076538086
179728,normal,1751,0,1782360770.6288505,0.0020766258239746094
179729,normal,2303,0,1782360770.6307588,0.0019083023071289062
179730,normal,3308,1,1782360770.6328723,0.0021135807037353516
179731,normal,603,0,1782360770.6349924,0.0021200180053710938
179732,normal,720,0,1782360770.636652,0.0016596317291259766
179733,normal,2451,0,1782360770.6388526,0.002200603485107422
179734,normal,1891,0,1782360770.6408436,0.0019910335540771484
179735,normal,292,0,1782360770.6427572,0.0019135475158691406
179736,normal,1528,0,1782360770.6457365,0.002979278564453125
179737,normal,1093,0,1782360770.6469655,0.0012290477752685547
179738,normal,1885,0,1782360770.6487162,0.0017507076263427734
179739,normal,194,0,1782360770.6508646,0.0021483898162841797
179740,normal,948,2,1782360770.6528614,0.001996755599975586
179741,normal,3069,1,1782360770.654781,0.0019197463989257812
179742,normal,744,0,1782360770.656985,0.0022039413452148438
179743,normal,838,2,1782360770.6589284,0.001943349838256836
179744,normal,3181,1,1782360770.6606548,0.001726388931274414
179745,normal,1422,0,1782360770.6628637,0.0022089481353759766
179746,normal,2074,0,1782360770.6648633,0.0019996166229248047
179747,normal,691,0,1782360770.6667898,0.001926422119140625
179748,normal,3411,0,1782360770.668883,0.0020933151245117188
179749,normal,854,2,1782360770.6708245,0.0019414424896240234
179750,normal,3503,0,1782360770.6730258,0.0022013187408447266
179751,normal,2367,0,1782360770.6748369,0.0018110275268554688
179752,normal,2898,0,1782360770.6769462,0.0021092891693115234
179753,normal,291,0,1782360770.6788104,0.0018641948699951172
179754,normal,44,0,1782360770.6808586,0.0020482540130615234
179755,normal,1265,0,1782360770.6828568,0.0019981861114501953
179756,normal,2883,0,1782360770.6851902,0.002333402633666992
179757,normal,1772,0,1782360770.686857,0.0016667842864990234
179758,normal,24,0,1782360770.688901,0.0020439624786376953
179759,normal,175,0,1782360770.6909478,0.002046823501586914
179760,normal,225,0,1782360770.6930614,0.0021135807037353516
179761,normal,186,0,1782360770.6948082,0.0017468929290771484
179762,normal,2313,0,1782360770.6967938,0.0019855499267578125
179763,normal,2265,0,1782360770.6987627,0.001968860626220703
179764,normal,2541,0,1782360770.7008204,0.002057790756225586
179765,normal,2802,0,1782360770.702657,0.001836538314819336
179766,normal,1996,0,1782360770.7047908,0.0021338462829589844
179767,normal,642,0,1782360770.7067847,0.001993894577026367
179768,normal,2618,0,1782360770.7086506,0.0018658638000488281
179769,normal,891,2,1782360770.7108166,0.0021660327911376953
179770,normal,1865,0,1782360770.712838,0.002021312713623047
179771,normal,1534,0,1782360770.7147589,0.001920938491821289
179772,normal,1352,1,1782360770.7167194,0.0019605159759521484
179773,normal,3636,0,1782360770.7186456,0.0019261837005615234
179774,normal,1520,0,1782360770.7206492,0.0020036697387695312
179775,normal,3169,1,1782360770.7227433,0.0020940303802490234
179776,normal,1372,1,1782360770.724735,0.001991748809814453
179777,normal,3260,1,1782360770.726723,0.001987934112548828
179778,normal,2064,0,1782360770.7286804,0.001957416534423828
179779,normal,26,0,1782360770.7306507,0.0019702911376953125
179780,normal,3193,1,1782360770.732697,0.002046346664428711
179781,normal,2250,0,1782360770.7346454,0.0019483566284179688
179782,normal,3468,0,1782360770.7366776,0.0020322799682617188
179783,normal,1006,2,1782360770.7386277,0.0019500255584716797
179784,normal,3188,1,1782360770.7407117,0.002084016799926758
179785,normal,3488,0,1782360770.7426395,0.0019278526306152344
179786,normal,2375,0,1782360770.744627,0.001987457275390625
179787,normal,2121,0,1782360770.7466207,0.0019936561584472656
179788,normal,3237,1,1782360770.7486365,0.002015829086303711
179789,normal,498,0,1782360770.750642,0.0020055770874023438
179790,normal,3201,1,1782360770.752634,0.0019919872283935547
179791,normal,931,2,1782360770.75469,0.0020558834075927734
179792,normal,3020,0,1782360770.756708,0.002017974853515625
179793,normal,2989,0,1782360770.758761,0.0020530223846435547
179794,normal,951,2,1782360770.7607691,0.002008199691772461
179795,normal,74,0,1782360770.7625933,0.0018241405487060547
179796,normal,2381,0,1782360770.764738,0.0021448135375976562
179797,normal,2809,0,1782360770.7666934,0.001955270767211914
179798,normal,397,0,1782360770.7686,0.0019066333770751953
179799,normal,1959,0,1782360770.7705958,0.0019958019256591797
179800,normal,140,0,1782360770.7725973,0.002001523971557617
179801,normal,694,0,1782360770.7746048,0.0020074844360351562
179802,normal,1727,0,1782360770.7767653,0.0021605491638183594
179803,normal,1273,0,1782360770.7786803,0.00191497802734375
179804,normal,3624,0,1782360770.780715,0.0020346641540527344
179805,normal,2682,0,1782360770.7827258,0.002010822296142578
179806,normal,2198,0,1782360770.7847204,0.001994609832763672
179807,normal,3150,1,1782360770.786738,0.002017498016357422
179808,normal,1867,0,1782360770.7886343,0.0018963813781738281
179809,normal,1980,0,1782360770.790741,0.0021066665649414062
179810,normal,2464,0,1782360770.7927775,0.002036571502685547
179811,normal,2273,0,1782360770.7946565,0.001878976821899414
179812,normal,345,0,1782360770.7966073,0.0019507408142089844
179813,normal,3159,1,1782360770.798596,0.001988649368286133
179814,normal,2186,0,1782360770.8005931,0.001997232437133789
179815,normal,1333,1,1782360770.8027766,0.0021834373474121094
179816,normal,1061,0,1782360770.804602,0.0018253326416015625
179817,normal,1428,0,1782360770.8065922,0.0019903182983398438
179818,normal,1667,0,1782360770.8085873,0.001995086669921875
179819,normal,1410,0,1782360770.8106093,0.0020220279693603516
179820,normal,2817,0,1782360770.812816,0.002206563949584961
179821,normal,400,0,1782360770.8149292,0.00211334228515625
179822,normal,1672,0,1782360770.8166742,0.001744985580444336
179823,normal,2745,0,1782360770.818689,0.0020148754119873047
179824,normal,1399,0,1782360770.8206372,0.0019481182098388672
179825,normal,2700,0,1782360770.8226438,0.00200653076171875
179826,normal,2714,0,1782360770.8246295,0.001985788345336914
179827,normal,3507,0,1782360770.8266914,0.0020618438720703125
179828,normal,1831,0,1782360770.8286393,0.0019478797912597656
179829,normal,2063,0,1782360770.8306358,0.0019965171813964844
179830,normal,1975,0,1782360770.8326154,0.0019795894622802734
179831,normal,3553,0,1782360770.8346245,0.002009153366088867
179832,normal,509,0,1782360770.8366582,0.002033710479736328
179833,normal,326,0,1782360770.838679,0.0020208358764648438
179834,normal,3665,0,1782360770.8408732,0.0021941661834716797
179835,normal,189,0,1782360770.8428354,0.0019621849060058594
179836,normal,2155,0,1782360770.8447766,0.0019412040710449219
179837,normal,1682,0,1782360770.8467183,0.001941680908203125
179838,normal,630,0,1782360770.8487751,0.0020568370819091797
179839,normal,1967,0,1782360770.8507805,0.002005338668823242
179840,normal,1395,0,1782360770.8526416,0.0018610954284667969
179841,normal,3144,1,1782360770.8549016,0.002259969711303711
179842,normal,3342,1,1782360770.8568156,0.0019140243530273438
179843,normal,2093,0,1782360770.8587704,0.001954793930053711
179844,normal,331,0,1782360770.8606155,0.0018451213836669922
179845,normal,937,2,1782360770.862808,0.0021924972534179688
179846,normal,1626,0,1782360770.865073,0.0022649765014648438
179847,normal,3708,0,1782360770.8666837,0.0016107559204101562
179848,normal,182,0,1782360770.868647,0.001963376998901367
179849,normal,1335,1,1782360770.8707376,0.0020904541015625
179850,normal,678,0,1782360770.872612,0.0018744468688964844
179851,normal,1531,0,1782360770.8747563,0.002144336700439453
179852,normal,2912,0,1782360770.8767273,0.001971006393432617
179853,normal,806,2,1782360770.8786018,0.0018744468688964844
179854,normal,965,2,1782360770.880682,0.002080202102661133
179855,normal,2528,0,1782360770.8826976,0.0020155906677246094
179856,normal,602,0,1782360770.8847196,0.0020220279693603516
179857,normal,1884,0,1782360770.8867004,0.0019807815551757812
179858,normal,499,0,1782360770.8886342,0.0019338130950927734
179859,normal,2422,0,1782360770.8906505,0.002016305923461914
179860,normal,2177,0,1782360770.892686,0.002035379409790039
179861,normal,3115,1,1782360770.8947,0.00201416015625
179862,normal,1564,0,1782360770.8967044,0.002004384994506836
179863,normal,3028,0,1782360770.8986068,0.0019023418426513672
179864,normal,3212,1,1782360770.900652,0.002045154571533203
179865,normal,2833,0,1782360770.9026406,0.001988649368286133
179866,normal,1823,0,1782360770.9046407,0.002000093460083008
179867,normal,1984,0,1782360770.906643,0.002002239227294922
179868,normal,3247,1,1782360770.9086475,0.0020046234130859375
179869,normal,2139,0,1782360770.9106798,0.0020322799682617188
179870,normal,3493,0,1782360770.9126568,0.0019769668579101562
179871,normal,1078,0,1782360770.9146175,0.00196075439453125
179872,normal,2601,0,1782360770.9166152,0.001997709274291992
179873,normal,3205,1,1782360770.918614,0.0019986629486083984
179874,normal,342,0,1782360770.9206188,0.002004861831665039
179875,normal,631,0,1782360770.9226167,0.0019979476928710938
179876,normal,2241,0,1782360770.9246252,0.0020084381103515625
179877,normal,149,0,1782360770.9266877,0.002062559127807617
179878,normal,3550,0,1782360770.928839,0.0021512508392333984
179879,normal,1808,0,1782360770.9306092,0.0017702579498291016
179880,normal,875,2,1782360770.932631,0.00202178955078125
179881,normal,2146,0,1782360770.9346416,0.0020105838775634766
179882,normal,1489,0,1782360770.9366279,0.001986265182495117
179883,normal,3112,1,1782360770.9386082,0.001980304718017578
179884,normal,2641,0,1782360770.940599,0.001990795135498047
179885,normal,3030,0,1782360770.9425955,0.0019965171813964844
179886,normal,1008,2,1782360770.9446359,0.002040386199951172
179887,normal,3012,0,1782360770.9466913,0.0020554065704345703
179888,normal,1522,0,1782360770.9486525,0.001961231231689453
179889,normal,2358,0,1782360770.9506478,0.0019953250885009766
179890,normal,55,0,1782360770.952688,0.0020401477813720703
179891,normal,2764,0,1782360770.9546976,0.0020096302032470703
179892,normal,693,0,1782360770.9566257,0.001928091049194336
179893,normal,242,0,1782360770.9587362,0.0021104812622070312
179894,normal,1349,1,1782360770.9606493,0.0019130706787109375
179895,normal,220,0,1782360770.96264,0.001990795135498047
179896,normal,3329,1,1782360770.9646063,0.001966238021850586
179897,normal,3276,1,1782360770.9666023,0.0019960403442382812
179898,normal,768,0,1782360770.9686058,0.0020034313201904297
179899,normal,2353,0,1782360770.9706476,0.0020418167114257812
179900,normal,1921,0,1782360770.972631,0.0019834041595458984
179901,normal,627,0,1782360770.9746208,0.0019898414611816406
179902,normal,3449,0,1782360770.9766204,0.0019996166229248047
179903,normal,1633,0,1782360770.9788184,0.0021979808807373047
179904,normal,2949,0,1782360770.9805717,0.0017533302307128906
179905,normal,3661,0,1782360770.9829373,0.002365589141845703
179906,normal,3597,0,1782360770.9848971,0.0019598007202148438
179907,normal,411,0,1782360770.9867868,0.0018897056579589844
179908,normal,1940,0,1782360770.9888015,0.002014636993408203
179909,normal,2787,0,1782360770.9906123,0.0018107891082763672
179910,normal,223,0,1782360770.9927409,0.00212860107421875
179911,normal,1431,0,1782360770.9947786,0.0020377635955810547
179912,normal,470,0,1782360770.9968863,0.0021076202392578125
179913,normal,2850,0,1782360770.9986439,0.0017576217651367188
179914,normal,961,2,1782360771.0007489,0.0021049976348876953
179915,normal,1378,1,1782360771.0027614,0.002012491226196289
179916,normal,1453,0,1782360771.0047684,0.002007007598876953
179917,normal,2901,0,1782360771.006774,0.0020055770874023438
179918,normal,1237,0,1782360771.0089252,0.0021512508392333984
179919,normal,2018,0,1782360771.0108616,0.0019364356994628906
179920,normal,1484,0,1782360771.0128095,0.0019478797912597656
179921,normal,2914,0,1782360771.0147269,0.0019173622131347656
179922,normal,1905,0,1782360771.0168781,0.0021512508392333984
179923,normal,2401,0,1782360771.018829,0.001950979232788086
179924,normal,1716,0,1782360771.0206478,0.0018186569213867188
179925,normal,3581,0,1782360771.022977,0.0023293495178222656
179926,normal,820,2,1782360771.024862,0.0018849372863769531
179927,normal,779,2,1782360771.026725,0.0018630027770996094
179928,normal,3119,1,1782360771.0289278,0.002202749252319336
179929,normal,571,0,1782360771.0309446,0.002016782760620117
179930,normal,18,0,1782360771.0327258,0.0017812252044677734
179931,normal,3620,0,1782360771.0347595,0.002033710479736328
179932,normal,2829,0,1782360771.0367713,0.0020117759704589844
179933,normal,1490,0,1782360771.0387094,0.0019381046295166016
179934,normal,2749,0,1782360771.0406775,0.0019681453704833984
179935,normal,1364,1,1782360771.0426462,0.0019686222076416016
179936,normal,436,0,1782360771.0446353,0.001989126205444336
179937,normal,1641,0,1782360771.0466115,0.0019762516021728516
179938,normal,3371,1,1782360771.048643,0.002031564712524414
179939,normal,2558,0,1782360771.0506887,0.0020456314086914062
179940,normal,1560,0,1782360771.0527258,0.00203704833984375
179941,normal,3363,1,1782360771.0547237,0.0019979476928710938
179942,normal,558,0,1782360771.0566137,0.001889944076538086
179943,normal,3002,0,1782360771.058703,0.002089262008666992
179944,normal,1344,1,1782360771.06071,0.002007007598876953
179945,normal,2319,0,1782360771.062717,0.002007007598876953
179946,normal,197,0,1782360771.0646982,0.0019812583923339844
179947,normal,822,2,1782360771.0666294,0.0019311904907226562
179948,normal,611,0,1782360771.0686367,0.0020072460174560547
179949,normal,1816,0,1782360771.0706303,0.0019936561584472656
179950,normal,1100,0,1782360771.072636,0.0020055770874023438
179951,normal,3453,0,1782360771.0747097,0.0020737648010253906
179952,normal,1834,0,1782360771.076634,0.001924276351928711
179953,normal,1792,0,1782360771.0787294,0.002095460891723633
179954,normal,2487,0,1782360771.080753,0.0020236968994140625
179955,normal,398,0,1782360771.0826976,0.0019445419311523438
179956,normal,2843,0,1782360771.0846322,0.0019345283508300781
179957,normal,61,0,1782360771.0866287,0.0019965171813964844
179958,normal,2576,0,1782360771.0886228,0.0019941329956054688
179959,normal,2003,0,1782360771.0906181,0.0019953250885009766
179960,normal,548,0,1782360771.0926208,0.002002716064453125
179961,normal,2427,0,1782360771.09468,0.0020592212677001953
179962,normal,413,0,1782360771.0967033,0.0020232200622558594
179963,normal,2348,0,1782360771.0987196,0.002016305923461914
179964,normal,2175,0,1782360771.1007335,0.0020139217376708984
179965,normal,1836,0,1782360771.102689,0.0019555091857910156
179966,normal,3104,1,1782360771.1046472,0.001958131790161133
179967,normal,1547,0,1782360771.1066585,0.0020112991333007812
179968,normal,2626,0,1782360771.1086438,0.001985311508178711
179969,normal,1663,0,1782360771.1105757,0.001931905746459961
179970,normal,2587,0,1782360771.1126103,0.0020346641540527344
179971,normal,2078,0,1782360771.1146066,0.001996278762817383
179972,normal,933,2,1782360771.1167893,0.0021827220916748047
179973,normal,3310,1,1782360771.118679,0.0018897056579589844
179974,normal,1011,2,1782360771.1206822,0.002003192901611328
179975,normal,3364,1,1782360771.1227412,0.0020589828491210938
179976,normal,1321,1,1782360771.1248684,0.0021271705627441406
179977,normal,1439,0,1782360771.1266484,0.0017800331115722656
179978,normal,365,0,1782360771.1286485,0.002000093460083008
179979,normal,2915,0,1782360771.13075,0.002101421356201172
179980,normal,28,0,1782360771.1327145,0.001964569091796875
179981,normal,2237,0,1782360771.13462,0.0019054412841796875
179982,normal,1581,0,1782360771.1365998,0.001979827880859375
179983,normal,1343,1,1782360771.1385968,0.0019969940185546875
179984,normal,523,0,1782360771.1406305,0.002033710479736328
179985,normal,2636,0,1782360771.1426342,0.0020036697387695312
179986,normal,3381,1,1782360771.1445963,0.0019621849060058594
179987,normal,1508,0,1782360771.146594,0.001997709274291992
179988,normal,3133,1,1782360771.1485972,0.002003192901611328
179989,normal,1568,0,1782360771.1506119,0.002014636993408203
179990,normal,3426,0,1782360771.1531773,0.0025653839111328125
179991,normal,3326,1,1782360771.1547074,0.0015301704406738281
179992,normal,3052,1,1782360771.1566522,0.0019447803497314453
179993,normal,3598,0,1782360771.1586347,0.001982450485229492
179994,normal,2450,0,1782360771.1606362,0.002001523971557617
179995,normal,3187,1,1782360771.1626265,0.0019903182983398438
179996,normal,537,0,1782360771.1648877,0.0022611618041992188
179997,normal,3539,0,1782360771.166795,0.0019073486328125
179998,normal,3274,1,1782360771.168772,0.0019769668579101562
179999,normal,3065,1,1782360771.170763,0.0019910335540771484
180000,normal,271,0,1782360771.1728077,0.002044677734375
180001,normal,1005,2,1782360771.1747777,0.001970052719116211
180002,normal,412,0,1782360771.176988,0.0022101402282714844
180003,normal,19,0,1782360771.1788054,0.001817464828491211
180004,normal,3373,1,1782360771.180883,0.0020775794982910156
180005,normal,2425,0,1782360771.182724,0.0018410682678222656
180006,normal,2183,0,1782360771.1848373,0.00211334228515625
180007,normal,1297,0,1782360771.186862,0.0020246505737304688
180008,normal,146,0,1782360771.188627,0.0017650127410888672
180009,normal,771,0,1782360771.1909118,0.0022847652435302734
180010,normal,2896,0,1782360771.1928875,0.0019757747650146484
180011,normal,30,0,1782360771.1947353,0.0018477439880371094
180012,normal,2380,0,1782360771.19696,0.0022246837615966797
180013,normal,2737,0,1782360771.1990018,0.0020418167114257812
180014,normal,2497,0,1782360771.2007234,0.0017216205596923828
180015,normal,3241,1,1782360771.2028415,0.0021181106567382812
180016,normal,2227,0,1782360771.2047698,0.0019283294677734375
180017,normal,1879,0,1782360771.2067597,0.0019898414611816406
180018,normal,514,0,1782360771.2087705,0.002010822296142578
180019,normal,3356,1,1782360771.2107697,0.0019991397857666016
180020,normal,1688,0,1782360771.2127662,0.0019965171813964844
180021,normal,2442,0,1782360771.2147508,0.0019845962524414062
180022,normal,1363,1,1782360771.2167659,0.0020151138305664062
180023,normal,2307,0,1782360771.2188017,0.002035856246948242
180024,normal,108,0,1782360771.2207053,0.001903533935546875
180025,normal,1660,0,1782360771.2228189,0.0021135807037353516
180026,normal,3547,0,1782360771.2246115,0.0017926692962646484
180027,normal,1933,0,1782360771.226792,0.0021805763244628906
180028,normal,3495,0,1782360771.2288013,0.002009153366088867
180029,normal,1700,0,1782360771.2308085,0.0020072460174560547
180030,normal,1294,0,1782360771.232742,0.0019335746765136719
180031,normal,3635,0,1782360771.2348063,0.002064228057861328
180032,normal,774,2,1782360771.2367394,0.0019330978393554688
180033,normal,109,0,1782360771.2387667,0.002027273178100586
180034,normal,2633,0,1782360771.240766,0.001999378204345703
180035,normal,3246,1,1782360771.2427695,0.0020034313201904297
180036,normal,1412,0,1782360771.2447731,0.0020036697387695312
180037,normal,1880,0,1782360771.2467895,0.002016305923461914
180038,normal,2127,0,1782360771.2487903,0.0020008087158203125
180039,normal,1025,2,1782360771.2507489,0.001958608627319336
180040,normal,440,0,1782360771.252764,0.0020151138305664062
180041,normal,3174,1,1782360771.2547574,0.001993417739868164
180042,normal,2034,0,1782360771.2567658,0.0020084381103515625
180043,normal,866,2,1782360771.2587678,0.0020020008087158203
180044,normal,2252,0,1782360771.260764,0.0019960403442382812
180045,normal,204,0,1782360771.2627902,0.0020263195037841797
180046,normal,749,0,1782360771.2647998,0.0020096302032470703
180047,normal,221,0,1782360771.2667422,0.0019423961639404297
180048,normal,1366,1,1782360771.268783,0.002040863037109375
180049,normal,2164,0,1782360771.270816,0.0020329952239990234
180050,normal,2032,0,1782360771.272707,0.0018908977508544922
180051,normal,1105,0,1782360771.2748969,0.0021898746490478516
180052,normal,1625,0,1782360771.2768118,0.00191497802734375
180053,normal,837,2,1782360771.2786534,0.0018415451049804688
180054,normal,825,2,1782360771.2807567,0.0021033287048339844
180055,normal,2210,0,1782360771.2827592,0.0020024776458740234
180056,normal,1047,0,1782360771.284966,0.0022068023681640625
180057,normal,224,0,1782360771.2866752,0.0017092227935791016
180058,normal,1424,0,1782360771.2888117,0.0021364688873291016
180059,normal,553,0,1782360771.290797,0.001985311508178711
180060,normal,772,2,1782360771.2928655,0.0020685195922851562
180061,normal,1705,0,1782360771.2948723,0.0020067691802978516
180062,normal,525,0,1782360771.296737,0.0018646717071533203
180063,normal,235,0,1782360771.2988777,0.0021407604217529297
180064,normal,1416,0,1782360771.3008707,0.001992940902709961
180065,normal,2162,0,1782360771.3026197,0.0017490386962890625
180066,normal,1874,0,1782360771.3047523,0.0021326541900634766
180067,normal,1256,0,1782360771.3067493,0.0019969940185546875
180068,normal,3565,0,1782360771.308759,0.0020096302032470703
180069,normal,195,0,1782360771.3107808,0.00202178955078125
180070,normal,2000,0,1782360771.3127422,0.0019614696502685547
180071,normal,2940,0,1782360771.3147407,0.001998424530029297
180072,normal,1796,0,1782360771.316735,0.0019943714141845703
180073,normal,1937,0,1782360771.3187344,0.001999378204345703
180074,normal,3138,1,1782360771.3213503,0.0026159286499023438
180075,normal,2123,0,1782360771.322809,0.0014586448669433594
180076,normal,2264,0,1782360771.324766,0.001956939697265625
180077,normal,2364,0,1782360771.32676,0.0019941329956054688
180078,normal,1934,0,1782360771.3287785,0.002018451690673828
180079,normal,2683,0,1782360771.3307822,0.0020036697387695312
180080,normal,3362,1,1782360771.3329396,0.002157449722290039
180081,normal,565,0,1782360771.334643,0.0017032623291015625
180082,normal,2539,0,1782360771.3367515,0.0021085739135742188
180083,normal,1821,0,1782360771.3387523,0.0020008087158203125
180084,normal,3269,1,1782360771.340768,0.002015829086303711
180085,normal,423,0,1782360771.3427696,0.002001523971557617
180086,normal,383,0,1782360771.3447695,0.0019998550415039062
180087,normal,3527,0,1782360771.3468516,0.0020821094512939453
180088,normal,754,0,1782360771.3489645,0.002112865447998047
180089,normal,3476,0,1782360771.3507965,0.0018320083618164062
180090,normal,1129,0,1782360771.3528585,0.002062082290649414
180091,normal,1745,0,1782360771.354875,0.0020165443420410156
180092,normal,2584,0,1782360771.3566768,0.0018017292022705078
180093,normal,2382,0,1782360771.3588347,0.002157926559448242
180094,normal,2757,0,1782360771.3612182,0.0023834705352783203
180095,normal,2864,0,1782360771.3636827,0.0024645328521728516
180096,normal,1242,0,1782360771.3646805,0.000997781753540039
180097,normal,662,0,1782360771.3666773,0.001996755599975586
180098,normal,129,0,1782360771.3688538,0.002176523208618164
180099,normal,1748,0,1782360771.3707187,0.0018649101257324219
180100,normal,384,0,1782360771.3726516,0.0019328594207763672
180101,normal,2456,0,1782360771.3747582,0.0021066665649414062
180102,normal,936,2,1782360771.376749,0.001990795135498047
180103,normal,208,0,1782360771.3786922,0.0019431114196777344
180104,normal,886,2,1782360771.380647,0.001954793930053711
180105,normal,2795,0,1782360771.3826425,0.001995563507080078
180106,normal,884,2,1782360771.38464,0.0019974708557128906
180107,normal,416,0,1782360771.3866184,0.0019783973693847656
180108,normal,974,2,1782360771.3886402,0.00202178955078125
180109,normal,628,0,1782360771.3907263,0.002086162567138672
180110,normal,3693,0,1782360771.3926814,0.0019550323486328125
180111,normal,1762,0,1782360771.394701,0.002019643783569336
180112,normal,765,0,1782360771.3966095,0.0019085407257080078
180113,normal,2718,0,1782360771.3986962,0.002086639404296875
180114,normal,1572,0,1782360771.400656,0.0019598007202148438
180115,normal,2194,0,1782360771.402727,0.002070903778076172
180116,normal,2417,0,1782360771.4046583,0.0019314289093017578
180117,normal,473,0,1782360771.4066486,0.0019903182983398438
180118,normal,2229,0,1782360771.4086494,0.0020008087158203125
180119,normal,3429,0,1782360771.4106429,0.001993417739868164
180120,normal,876,2,1782360771.412648,0.0020051002502441406
180121,normal,1597,0,1782360771.4146788,0.0020308494567871094
180122,normal,3385,1,1782360771.4166522,0.001973390579223633
180123,normal,1286,0,1782360771.4187098,0.0020575523376464844
180124,normal,1240,0,1782360771.4206426,0.0019328594207763672
180125,normal,1289,0,1782360771.422633,0.0019903182983398438
180126,normal,359,0,1782360771.4246254,0.001992464065551758
180127,normal,1935,0,1782360771.4266238,0.001998424530029297
180128,normal,2610,0,1782360771.4286177,0.001993894577026367
180129,normal,1878,0,1782360771.4306388,0.0020210742950439453
180130,normal,3073,1,1782360771.4327042,0.002065420150756836
180131,normal,2288,0,1782360771.4346418,0.0019376277923583984
180132,normal,130,0,1782360771.4369757,0.0023338794708251953
180133,normal,3178,1,1782360771.438755,0.001779317855834961
180134,normal,31,0,1782360771.4408789,0.0021238327026367188
180135,normal,1800,0,1782360771.442745,0.0018661022186279297
180136,normal,3282,1,1782360771.444748,0.0020029544830322266
180137,normal,441,0,1782360771.4467638,0.002015829086303711
180138,normal,2731,0,1782360771.4487438,0.0019800662994384766
180139,normal,1726,0,1782360771.4507442,0.0020003318786621094
180140,normal,508,0,1782360771.452777,0.002032756805419922
180141,normal,2645,0,1782360771.4548063,0.0020294189453125
180142,normal,2432,0,1782360771.4568357,0.0020294189453125
180143,normal,2851,0,1782360771.4587615,0.0019257068634033203
180144,normal,1566,0,1782360771.4607542,0.0019927024841308594
180145,normal,617,0,1782360771.4628465,0.0020923614501953125
180146,normal,1415,0,1782360771.4646838,0.0018372535705566406
180147,normal,3648,0,1782360771.4668372,0.0021533966064453125
180148,normal,78,0,1782360771.4688272,0.001990079879760742
180149,normal,1361,1,1782360771.4706984,0.0018711090087890625
180150,normal,939,2,1782360771.4727468,0.002048492431640625
180151,normal,491,0,1782360771.474741,0.0019941329956054688
180152,normal,2784,0,1782360771.476734,0.001992940902709961
180153,normal,3154,1,1782360771.478894,0.0021600723266601562
180154,normal,3296,1,1782360771.4807398,0.0018458366394042969
180155,normal,2992,0,1782360771.4827511,0.0020112991333007812
180156,normal,2129,0,1782360771.4847498,0.0019986629486083984
180157,normal,293,0,1782360771.4867342,0.0019843578338623047
180158,normal,3190,1,1782360771.4889467,0.0022125244140625
180159,normal,858,2,1782360771.4909184,0.001971721649169922
180160,normal,649,0,1782360771.492799,0.001880645751953125
180161,normal,2150,0,1782360771.4946537,0.0018546581268310547
180162,normal,102,0,1782360771.4967601,0.0021064281463623047
180163,normal,2035,0,1782360771.4987643,0.0020041465759277344
180164,normal,1644,0,1782360771.5007548,0.0019905567169189453
180165,normal,2956,0,1782360771.5027838,0.002028942108154297
180166,normal,50,0,1782360771.504773,0.001989126205444336
180167,normal,718,0,1782360771.5066466,0.0018737316131591797
180168,normal,3272,1,1782360771.5086167,0.001970052719116211
180169,normal,2027,0,1782360771.5106316,0.0020148754119873047
180170,normal,1563,0,1782360771.5127594,0.0021278858184814453
180171,normal,1475,0,1782360771.5146751,0.0019156932830810547
180172,normal,3531,0,1782360771.5167544,0.0020792484283447266
180173,normal,1318,0,1782360771.5189278,0.0021734237670898438
180174,normal,3165,1,1782360771.520886,0.001958131790161133
180175,normal,1231,0,1782360771.5228372,0.0019512176513671875
180176,normal,2277,0,1782360771.5247245,0.0018873214721679688
180177,normal,1629,0,1782360771.526745,0.002020597457885742
180178,normal,3105,1,1782360771.5287511,0.002006053924560547
180179,normal,2059,0,1782360771.530731,0.001979827880859375
180180,normal,1872,0,1782360771.5330212,0.0022902488708496094
180181,normal,205,0,1782360771.534867,0.0018458366394042969
180182,normal,801,2,1782360771.5367148,0.0018477439880371094
180183,normal,2519,0,1782360771.5389001,0.002185344696044922
180184,normal,2773,0,1782360771.5410256,0.0021255016326904297
180185,normal,1049,0,1782360771.5427084,0.0016827583312988281
180186,normal,1481,0,1782360771.544747,0.002038717269897461
180187,normal,885,2,1782360771.5467696,0.0020225048065185547
180188,normal,303,0,1782360771.548767,0.0019974708557128906
180189,normal,167,0,1782360771.5507889,0.00202178955078125
180190,normal,2278,0,1782360771.5527763,0.001987457275390625
180191,normal,742,0,1782360771.554774,0.001997709274291992
180192,normal,2704,0,1782360771.5567508,0.0019767284393310547
180193,normal,704,0,1782360771.558776,0.002025127410888672
180194,normal,2104,0,1782360771.5608027,0.002026796340942383
180195,normal,0,0,1782360771.5627174,0.0019147396087646484
180196,normal,1120,0,1782360771.564818,0.0021004676818847656
180197,normal,426,0,1782360771.5667388,0.001920938491821289
180198,normal,564,0,1782360771.5689065,0.0021677017211914062
180199,normal,2788,0,1782360771.5708292,0.001922607421875
180200,normal,2257,0,1782360771.5727646,0.0019354820251464844
180201,normal,461,0,1782360771.5749204,0.002155780792236328
180202,normal,2906,0,1782360771.5767696,0.0018491744995117188
180203,normal,2455,0,1782360771.5789127,0.0021431446075439453
180204,normal,360,0,1782360771.580791,0.0018782615661621094
180205,normal,2333,0,1782360771.5828187,0.002027750015258789
180206,normal,1605,0,1782360771.584648,0.0018291473388671875
180207,normal,1694,0,1782360771.5867937,0.0021457672119140625
180208,normal,2985,0,1782360771.5888057,0.002012014389038086
180209,normal,1316,0,1782360771.590705,0.0018992424011230469
180210,normal,338,0,1782360771.5927336,0.0020287036895751953
180211,normal,3330,1,1782360771.5947342,0.002000570297241211
180212,normal,878,2,1782360771.5966446,0.0019104480743408203
180213,normal,3610,0,1782360771.5987554,0.002110719680786133
180214,normal,2876,0,1782360771.6007602,0.002004861831665039
180215,normal,3577,0,1782360771.6028013,0.0020411014556884766
180216,normal,1758,0,1782360771.6046767,0.0018754005432128906
180217,normal,660,0,1782360771.6068633,0.0021865367889404297
180218,normal,2373,0,1782360771.6086285,0.0017652511596679688
180219,normal,1713,0,1782360771.6107779,0.002149343490600586
180220,normal,3022,0,1782360771.6127744,0.0019965171813964844
180221,normal,49,0,1782360771.61475,0.001975536346435547
180222,normal,1908,0,1782360771.6167407,0.001990795135498047
180223,normal,2209,0,1782360771.6187453,0.0020046234130859375
180224,normal,1793,0,1782360771.6207507,0.002005338668823242
180225,normal,1548,0,1782360771.6228445,0.002093791961669922
180226,normal,2965,0,1782360771.624785,0.0019404888153076172
180227,normal,2361,0,1782360771.6268122,0.002027273178100586
180228,normal,1483,0,1782360771.6287224,0.0019102096557617188
180229,normal,1712,0,1782360771.6308463,0.0021238327026367188
180230,normal,1102,0,1782360771.6326795,0.001833200454711914
180231,normal,67,0,1782360771.634808,0.00212860107421875
180232,normal,2866,0,1782360771.6368706,0.002062559127807617
180233,normal,267,0,1782360771.6387684,0.0018978118896484375
180234,normal,521,0,1782360771.6407716,0.002003192901611328
180235,normal,264,0,1782360771.642748,0.001976490020751953
180236,normal,2791,0,1782360771.6447477,0.0019996166229248047
180237,normal,1455,0,1782360771.6467373,0.001989603042602539
180238,normal,1916,0,1782360771.6488042,0.0020668506622314453
180239,normal,1233,0,1782360771.6506941,0.001889944076538086
180240,normal,817,2,1782360771.6527333,0.002039194107055664
180241,normal,2398,0,1782360771.6547368,0.0020034313201904297
180242,normal,1034,0,1782360771.6567636,0.002026796340942383
180243,normal,192,0,1782360771.6586404,0.0018768310546875
180244,normal,3361,1,1782360771.6613455,0.002705097198486328
180245,normal,1090,0,1782360771.6627886,0.0014431476593017578
180246,normal,1200,0,1782360771.6647756,0.001986980438232422
180247,normal,2461,0,1782360771.6667626,0.001986980438232422
180248,normal,3352,1,1782360771.668765,0.0020024776458740234
180249,normal,2420,0,1782360771.6707273,0.0019621849060058594
180250,normal,2971,0,1782360771.6728373,0.002110004425048828
180251,normal,2967,0,1782360771.674654,0.0018167495727539062
180252,normal,1982,0,1782360771.6767635,0.002109527587890625
180253,normal,1755,0,1782360771.6788244,0.0020608901977539062
180254,normal,227,0,1782360771.680754,0.0019295215606689453
180255,normal,2009,0,1782360771.6827927,0.002038717269897461
180256,normal,466,0,1782360771.684778,0.001985311508178711
180257,normal,2602,0,1782360771.6869392,0.002161264419555664
180258,normal,2679,0,1782360771.688777,0.0018377304077148438
180259,normal,166,0,1782360771.6908395,0.002062559127807617
180260,normal,2816,0,1782360771.6927204,0.0018808841705322266
180261,normal,1176,0,1782360771.6948462,0.0021257400512695312
180262,normal,117,0,1782360771.6968033,0.0019571781158447266
180263,normal,1906,0,1782360771.6987634,0.0019600391387939453
180264,normal,1835,0,1782360771.7008948,0.0021314620971679688
180265,normal,1832,0,1782360771.702828,0.0019330978393554688
180266,normal,497,0,1782360771.704692,0.0018639564514160156
180267,normal,3038,0,1782360771.706801,0.002109050750732422
180268,normal,222,0,1782360771.708932,0.0021309852600097656
180269,normal,3058,1,1782360771.710633,0.0017011165618896484
180270,normal,3284,1,1782360771.712766,0.002132892608642578
180271,normal,1895,0,1782360771.7147849,0.0020189285278320312
180272,normal,1084,0,1782360771.7167487,0.0019638538360595703
180273,normal,3180,1,1782360771.7187781,0.0020294189453125
180274,normal,2650,0,1782360771.720771,0.001992940902709961
180275,normal,266,0,1782360771.7227547,0.001983642578125
180276,normal,2770,0,1782360771.7247798,0.002025127410888672
180277,normal,594,0,1782360771.7268155,0.0020356178283691406
180278,normal,3195,1,1782360771.7287197,0.0019042491912841797
180279,normal,541,0,1782360771.7308176,0.0020978450775146484
180280,normal,3536,0,1782360771.732745,0.0019273757934570312
180281,normal,487,0,1782360771.7347949,0.0020499229431152344
180282,normal,2614,0,1782360771.7367728,0.0019779205322265625
180283,normal,3318,1,1782360771.7388165,0.0020437240600585938
180284,normal,629,0,1782360771.7408652,0.0020487308502197266
180285,normal,3461,0,1782360771.742739,0.0018737316131591797
180286,normal,1081,0,1782360771.7448664,0.002127408981323242
180287,normal,812,2,1782360771.7467723,0.0019059181213378906
180288,normal,2086,0,1782360771.7488732,0.0021009445190429688
180289,normal,3136,1,1782360771.7508764,0.002003192901611328
180290,normal,1670,0,1782360771.7527926,0.0019161701202392578
180291,normal,3502,0,1782360771.754826,0.0020334720611572266
180292,normal,2888,0,1782360771.756921,0.0020949840545654297
180293,normal,3090,1,1782360771.7588522,0.0019311904907226562
180294,normal,1650,0,1782360771.7606816,0.001829385757446289
180295,normal,2274,0,1782360771.7628639,0.0021822452545166016
180296,normal,3377,1,1782360771.7647538,0.001889944076538086
180297,normal,747,0,1782360771.7667909,0.00203704833984375
180298,normal,1334,1,1782360771.7688637,0.0020728111267089844
180299,normal,3575,0,1782360771.770806,0.0019423961639404297
180300,normal,1544,0,1782360771.7729337,0.0021276473999023438
180301,normal,3149,1,1782360771.7748284,0.0018947124481201172
180302,normal,2562,0,1782360771.7769134,0.002084970474243164
180303,normal,3431,0,1782360771.7788079,0.0018944740295410156
180304,normal,1224,0,1782360771.780919,0.002111196517944336
180305,normal,3386,1,1782360771.7827146,0.0017955303192138672
180306,normal,2272,0,1782360771.7848923,0.002177715301513672
180307,normal,347,0,1782360771.7868843,0.0019919872283935547
180308,normal,1354,1,1782360771.7886775,0.0017931461334228516
180309,normal,478,0,1782360771.7908683,0.002190828323364258
180310,normal,2148,0,1782360771.793113,0.002244710922241211
180311,normal,62,0,1782360771.7947283,0.001615285873413086
180312,normal,2101,0,1782360771.7968645,0.00213623046875
180313,normal,2067,0,1782360771.7990427,0.002178192138671875
180314,normal,2835,0,1782360771.8009973,0.0019545555114746094
180315,normal,3425,0,1782360771.8028648,0.001867532730102539
180316,normal,1210,0,1782360771.8049076,0.0020427703857421875
180317,normal,3566,0,1782360771.806851,0.001943349838256836
180318,normal,712,0,1782360771.8089516,0.002100706100463867
180319,normal,1121,0,1782360771.8107522,0.001800537109375
180320,normal,1925,0,1782360771.8128507,0.002098560333251953
180321,normal,420,0,1782360771.8147502,0.0018994808197021484
180322,normal,551,0,1782360771.81686,0.0021097660064697266
180323,normal,393,0,1782360771.8189025,0.002042531967163086
180324,normal,1907,0,1782360771.8206446,0.0017421245574951172
180325,normal,2318,0,1782360771.8228629,0.0022182464599609375
180326,normal,1983,0,1782360771.8246408,0.0017778873443603516
180327,normal,1296,0,1782360771.826849,0.002208232879638672
180328,normal,3035,0,1782360771.829537,0.0026879310607910156
180329,normal,322,0,1782360771.8308394,0.001302480697631836
180330,normal,1337,1,1782360771.832747,0.0019075870513916016
180331,normal,1524,0,1782360771.8348632,0.0021162033081054688
180332,normal,11,0,1782360771.836681,0.0018177032470703125
180333,normal,1735,0,1782360771.83887,0.002189159393310547
180334,normal,2849,0,1782360771.8409853,0.0021152496337890625
180335,normal,2279,0,1782360771.8429065,0.0019211769104003906
180336,normal,560,0,1782360771.8447385,0.0018320083618164062
180337,normal,2161,0,1782360771.8468597,0.0021212100982666016
180338,normal,278,0,1782360771.848783,0.0019233226776123047
180339,normal,2979,0,1782360771.8508816,0.002098560333251953
180340,normal,285,0,1782360771.8528917,0.0020101070404052734
180341,normal,3351,1,1782360771.85491,0.0020182132720947266
180342,normal,889,2,1782360771.8568473,0.0019373893737792969
180343,normal,174,0,1782360771.8589585,0.002111196517944336
180344,normal,2852,0,1782360771.8607485,0.0017900466918945312
180345,normal,975,2,1782360771.862942,0.002193450927734375
180346,normal,1248,0,1782360771.8648274,0.0018854141235351562
180347,normal,1811,0,1782360771.8668966,0.002069234848022461
180348,normal,3652,0,1782360771.8690336,0.0021369457244873047
180349,normal,1696,0,1782360771.8708699,0.0018362998962402344
180350,normal,3663,0,1782360771.8726733,0.0018033981323242188
180351,normal,317,0,1782360771.875103,0.0024297237396240234
180352,normal,1020,2,1782360771.876987,0.0018839836120605469
180353,normal,3124,1,1782360771.8786836,0.0016965866088867188
180354,normal,2389,0,1782360771.8808508,0.002167224884033203
180355,normal,1728,0,1782360771.8828728,0.0020220279693603516
180356,normal,431,0,1782360771.8846962,0.00182342529296875
180357,normal,688,0,1782360771.8868814,0.0021851062774658203
180358,normal,3375,1,1782360771.8888562,0.001974821090698242
180359,normal,2225,0,1782360771.890767,0.0019109249114990234
180360,normal,2996,0,1782360771.8928566,0.0020895004272460938
180361,normal,1749,0,1782360771.8949099,0.0020532608032226562
180362,normal,1639,0,1782360771.896832,0.0019221305847167969
180363,normal,1203,0,1782360771.8989074,0.0020754337310791016
180364,normal,385,0,1782360771.9007742,0.0018668174743652344
180365,normal,1988,0,1782360771.902885,0.002110719680786133
180366,normal,1028,2,1782360771.9047382,0.0018532276153564453
180367,normal,2832,0,1782360771.9069371,0.002198934555053711
180368,normal,3590,0,1782360771.9087822,0.0018451213836669922
180369,normal,1890,0,1782360771.9107652,0.0019829273223876953
180370,normal,3517,0,1782360771.9128773,0.002112150192260742
180371,normal,2269,0,1782360771.9146907,0.0018134117126464844
180372,normal,520,0,1782360771.9168668,0.002176046371459961
180373,normal,2937,0,1782360771.9188704,0.0020036697387695312
180374,normal,2661,0,1782360771.920776,0.0019054412841796875
180375,normal,2328,0,1782360771.9228883,0.0021123886108398438
180376,normal,1403,0,1782360771.9248798,0.0019915103912353516
180377,normal,2485,0,1782360771.9267864,0.0019066333770751953
180378,normal,2376,0,1782360771.9287703,0.0019838809967041016
180379,normal,1476,0,1782360771.9308589,0.0020885467529296875
180380,normal,3263,1,1782360771.9327745,0.0019156932830810547
180381,normal,530,0,1782360771.9348722,0.002097606658935547
180382,normal,1181,0,1782360771.9368675,0.0019953250885009766
180383,normal,1521,0,1782360771.9387906,0.0019230842590332031
180384,normal,2619,0,1782360771.9409149,0.002124309539794922
180385,normal,512,0,1782360771.942947,0.002032041549682617
180386,normal,1246,0,1782360771.9448023,0.0018553733825683594
180387,normal,2291,0,1782360771.9468298,0.0020275115966796875
180388,normal,3556,0,1782360771.9488838,0.002053976058959961
180389,normal,2658,0,1782360771.9507976,0.0019137859344482422
180390,normal,3120,1,1782360771.952924,0.002126455307006836
180391,normal,2910,0,1782360771.9548495,0.0019254684448242188
180392,normal,3688,0,1782360771.9567604,0.0019109249114990234
180393,normal,604,0,1782360771.95886,0.0020995140075683594
180394,normal,2436,0,1782360771.9611385,0.002278566360473633
180395,normal,2391,0,1782360771.9640806,0.0029420852661132812
180396,normal,2952,0,1782360771.9648206,0.00074005126953125
180397,normal,1092,0,1782360771.9669235,0.0021028518676757812
180398,normal,1653,0,1782360771.9688282,0.0019047260284423828
180399,normal,862,2,1782360771.9711132,0.002285003662109375
180400,normal,762,0,1782360771.9727297,0.0016164779663085938
180401,normal,1196,0,1782360771.974908,0.0021784305572509766
180402,normal,1454,0,1782360771.976928,0.0020198822021484375
180403,normal,2894,0,1782360771.9789877,0.0020596981048583984
180404,normal,2008,0,1782360771.980657,0.0016694068908691406
180405,normal,1139,0,1782360771.9827673,0.0021102428436279297
180406,normal,2798,0,1782360771.984702,0.0019347667694091797
180407,normal,3158,1,1782360771.9866433,0.0019412040710449219
180408,normal,2997,0,1782360771.988746,0.0021026134490966797
180409,normal,2698,0,1782360771.990569,0.0018231868743896484
180410,normal,2909,0,1782360771.992638,0.0020689964294433594
180411,normal,3632,0,1782360771.9947383,0.002100229263305664
180412,normal,3070,1,1782360771.9967353,0.0019969940185546875
180413,normal,792,2,1782360771.9989836,0.0022482872009277344
180414,normal,2338,0,1782360772.0008957,0.0019121170043945312
180415,normal,3131,1,1782360772.0027423,0.0018465518951416016
180416,normal,1507,0,1782360772.0046904,0.0019481182098388672
180417,normal,1065,0,1782360772.0067596,0.002069234848022461
180418,normal,871,2,1782360772.0087671,0.0020074844360351562
180419,normal,3132,1,1782360772.01077,0.0020029544830322266
180420,normal,352,0,1782360772.0129323,0.0021622180938720703
180421,normal,1529,0,1782360772.0147104,0.0017781257629394531
180422,normal,2199,0,1782360772.0167398,0.0020294189453125
180423,normal,1673,0,1782360772.018755,0.0020151138305664062
180424,normal,3005,0,1782360772.0207634,0.0020084381103515625
180425,normal,402,0,1782360772.0227728,0.0020093917846679688
180426,normal,238,0,1782360772.0248947,0.0021219253540039062
180427,normal,2544,0,1782360772.0269234,0.0020287036895751953
180428,normal,2688,0,1782360772.0287027,0.001779317855834961
180429,normal,1647,0,1782360772.0308108,0.0021080970764160156
180430,normal,2513,0,1782360772.0328405,0.0020296573638916016
180431,normal,501,0,1782360772.034763,0.001922607421875
180432,normal,2786,0,1782360772.0367143,0.0019512176513671875
180433,normal,3043,0,1782360772.0389576,0.0022432804107666016
180434,normal,1509,0,1782360772.0408,0.001842498779296875
180435,normal,444,0,1782360772.042812,0.002012014389038086
180436,normal,3394,1,1782360772.0449889,0.0021767616271972656
180437,normal,1345,1,1782360772.0470152,0.0020263195037841797
180438,normal,3458,0,1782360772.04871,0.0016949176788330078
180439,normal,1258,0,1782360772.0507696,0.002059459686279297
180440,normal,196,0,1782360772.0527637,0.0019941329956054688
180441,normal,3121,1,1782360772.0547647,0.002001047134399414
180442,normal,1341,1,1782360772.0567763,0.002011537551879883
180443,normal,1308,0,1782360772.058772,0.0019958019256591797
180444,normal,556,0,1782360772.0607677,0.001995563507080078
180445,normal,1177,0,1782360772.0627644,0.001996755599975586
180446,normal,3198,1,1782360772.0647728,0.0020084381103515625
180447,normal,2334,0,1782360772.0668054,0.0020325183868408203
180448,normal,2091,0,1782360772.068816,0.0020105838775634766
180449,normal,1094,0,1782360772.0707562,0.0019402503967285156
180450,normal,2349,0,1782360772.0727167,0.0019605159759521484
180451,normal,185,0,1782360772.0747921,0.0020754337310791016
180452,normal,865,2,1782360772.076811,0.0020189285278320312
180453,normal,1216,0,1782360772.078837,0.0020258426666259766
180454,normal,2895,0,1782360772.0809476,0.002110719680786133
180455,normal,3483,0,1782360772.0826845,0.0017368793487548828
180456,normal,716,0,1782360772.0848835,0.002198934555053711
180457,normal,2933,0,1782360772.086883,0.0019996166229248047
180458,normal,1346,1,1782360772.0887885,0.0019054412841796875
180459,normal,2613,0,1782360772.0908992,0.002110719680786133
180460,normal,428,0,1782360772.0928946,0.0019953250885009766
180461,normal,1723,0,1782360772.0948257,0.0019311904907226562
180462,normal,2473,0,1782360772.0968451,0.0020194053649902344
180463,normal,3499,0,1782360772.0988715,0.0020263195037841797
180464,normal,3432,0,1782360772.1007686,0.0018970966339111328
180465,normal,764,0,1782360772.1028757,0.0021071434020996094
180466,normal,429,0,1782360772.1048658,0.001990079879760742
180467,normal,3059,1,1782360772.1067731,0.0019073486328125
180468,normal,2628,0,1782360772.1088986,0.0021255016326904297
180469,normal,2810,0,1782360772.1109385,0.0020399093627929688
180470,normal,1271,0,1782360772.1131208,0.0021822452545166016
180471,normal,2603,0,1782360772.1147385,0.0016176700592041016
180472,normal,619,0,1782360772.1168816,0.0021431446075439453
180473,normal,1562,0,1782360772.1187901,0.0019085407257080078
180474,normal,2779,0,1782360772.1208649,0.002074718475341797
180475,normal,301,0,1782360772.1228592,0.0019943714141845703
180476,normal,1927,0,1782360772.124758,0.0018987655639648438
180477,normal,2596,0,1782360772.1268475,0.0020895004272460938
180478,normal,2216,0,1782360772.1288795,0.002032041549682617
180479,normal,2369,0,1782360772.1308472,0.0019676685333251953
180480,normal,2944,0,1782360772.132743,0.0018956661224365234
180481,normal,1001,2,1782360772.1350272,0.0022842884063720703
180482,normal,9,0,1782360772.1368246,0.0017974376678466797
180483,normal,2813,0,1782360772.139033,0.0022084712982177734
180484,normal,462,0,1782360772.1408489,0.0018157958984375
180485,normal,1032,0,1782360772.1428683,0.0020194053649902344
180486,normal,3117,1,1782360772.1449583,0.002089977264404297
180487,normal,1467,0,1782360772.1468182,0.001859903335571289
180488,normal,215,0,1782360772.1488645,0.002046346664428711
180489,normal,3484,0,1782360772.150753,0.0018885135650634766
180490,normal,1362,1,1782360772.1528683,0.0021152496337890625
180491,normal,1789,0,1782360772.155084,0.0022156238555908203
180492,normal,2744,0,1782360772.156654,0.001569986343383789
180493,normal,1106,0,1782360772.1588593,0.002205371856689453
180494,normal,2366,0,1782360772.160749,0.0018897056579589844
180495,normal,3224,1,1782360772.1628847,0.002135753631591797
180496,normal,284,0,1782360772.1652231,0.002338409423828125
180497,normal,2112,0,1782360772.16718,0.001956939697265625
180498,normal,3627,0,1782360772.168816,0.0016360282897949219
180499,normal,3515,0,1782360772.170859,0.002043008804321289
180500,normal,1145,0,1782360772.172764,0.0019049644470214844
180501,normal,3646,0,1782360772.174858,0.0020940303802490234
180502,normal,1692,0,1782360772.1768785,0.0020203590393066406
180503,normal,3365,1,1782360772.1790352,0.0021567344665527344
180504,normal,294,0,1782360772.1806548,0.001619577407836914
180505,normal,3389,1,1782360772.1828954,0.0022406578063964844
180506,normal,770,0,1782360772.184754,0.0018584728240966797
180507,normal,1197,0,1782360772.186867,0.0021131038665771484
180508,normal,123,0,1782360772.188875,0.0020079612731933594
180509,normal,1144,0,1782360772.1907864,0.0019114017486572266
180510,normal,2836,0,1782360772.1930113,0.0022249221801757812
180511,normal,3092,1,1782360772.195152,0.0021407604217529297
180512,normal,2756,0,1782360772.1967728,0.0016207695007324219
180513,normal,496,0,1782360772.1989617,0.0021889209747314453
180514,normal,3561,0,1782360772.2008708,0.001909017562866211
180515,normal,3175,1,1782360772.2028182,0.0019474029541015625
180516,normal,1775,0,1782360772.2047849,0.001966714859008789
180517,normal,863,2,1782360772.2070935,0.0023086071014404297
180518,normal,2785,0,1782360772.2088912,0.0017976760864257812
180519,normal,2350,0,1782360772.2109034,0.0020122528076171875
180520,normal,1515,0,1782360772.2128935,0.001990079879760742
180521,normal,2096,0,1782360772.214971,0.0020775794982910156
180522,normal,1348,1,1782360772.2169185,0.0019474029541015625
180523,normal,2429,0,1782360772.218845,0.001926422119140625
180524,normal,3347,1,1782360772.2207634,0.0019185543060302734
180525,normal,1302,0,1782360772.222862,0.002098560333251953
180526,normal,2478,0,1782360772.2248805,0.002018451690673828
180527,normal,3290,1,1782360772.2267854,0.0019049644470214844
180528,normal,2579,0,1782360772.2288704,0.002084970474243164
180529,normal,1045,0,1782360772.2308557,0.001985311508178711
180530,normal,2388,0,1782360772.2327993,0.0019435882568359375
180531,normal,1538,0,1782360772.2349243,0.0021250247955322266
180532,normal,2680,0,1782360772.2369442,0.0020198822021484375
180533,normal,152,0,1782360772.2387803,0.0018360614776611328
180534,normal,2643,0,1782360772.2408543,0.002074003219604492
180535,normal,1202,0,1782360772.2429047,0.0020503997802734375
180536,normal,456,0,1782360772.2448504,0.0019457340240478516
180537,normal,1683,0,1782360772.2467935,0.0019431114196777344
180538,normal,362,0,1782360772.248964,0.002170562744140625
180539,normal,113,0,1782360772.2506552,0.0016911029815673828
180540,normal,883,2,1782360772.2528799,0.0022246837615966797
180541,normal,2394,0,1782360772.2548862,0.0020062923431396484
180542,normal,1149,0,1782360772.2567942,0.0019080638885498047
180543,normal,1990,0,1782360772.2589178,0.002123594284057617
180544,normal,1288,0,1782360772.260879,0.001961231231689453
180545,normal,1584,0,1782360772.2628415,0.001962423324584961
180546,normal,2827,0,1782360772.2647307,0.0018892288208007812
180547,normal,98,0,1782360772.2668774,0.0021467208862304688
180548,normal,3482,0,1782360772.2687752,0.0018978118896484375
180549,normal,588,0,1782360772.2708647,0.0020895004272460938
180550,normal,1293,0,1782360772.2728772,0.002012491226196289
180551,normal,2447,0,1782360772.2747734,0.0018961429595947266
180552,normal,118,0,1782360772.276908,0.002134561538696289
180553,normal,1655,0,1782360772.2788901,0.0019822120666503906
180554,normal,2642,0,1782360772.2812006,0.002310514450073242
180555,normal,639,0,1782360772.282703,0.0015022754669189453
180556,normal,3436,0,1782360772.2848868,0.0021839141845703125
180557,normal,1774,0,1782360772.286795,0.0019080638885498047
180558,normal,3264,1,1782360772.2888055,0.0020105838775634766
180559,normal,1003,2,1782360772.2908642,0.002058744430541992
180560,normal,3472,0,1782360772.2927642,0.0018999576568603516
180561,normal,3289,1,1782360772.2948506,0.0020864009857177734
180562,normal,595,0,1782360772.296882,0.0020313262939453125
180563,normal,2893,0,1782360772.2988358,0.0019538402557373047
180564,normal,448,0,1782360772.3008554,0.002019643783569336
180565,normal,923,2,1782360772.303008,0.002152681350708008
180566,normal,2219,0,1782360772.3048449,0.0018367767333984375
180567,normal,1281,0,1782360772.306994,0.0021491050720214844
180568,normal,2790,0,1782360772.308787,0.0017931461334228516
180569,normal,1785,0,1782360772.3109937,0.002206563949584961
180570,normal,1367,1,1782360772.312855,0.0018613338470458984
180571,normal,1624,0,1782360772.3149538,0.0020987987518310547
180572,normal,1310,0,1782360772.3166773,0.0017235279083251953
180573,normal,1158,0,1782360772.318859,0.0021817684173583984
180574,normal,543,0,1782360772.3208458,0.0019867420196533203
180575,normal,2076,0,1782360772.3228035,0.0019576549530029297
180576,normal,1594,0,1782360772.324917,0.0021135807037353516
180577,normal,1961,0,1782360772.326848,0.0019309520721435547
180578,normal,59,0,1782360772.3287559,0.0019078254699707031
180579,normal,1478,0,1782360772.3308485,0.002092599868774414
180580,normal,849,2,1782360772.3328505,0.0020020008087158203
180581,normal,1763,0,1782360772.335483,0.002632617950439453
180582,normal,3630,0,1782360772.3369763,0.001493215560913086
180583,normal,341,0,1782360772.3388078,0.0018315315246582031
180584,normal,2865,0,1782360772.3408558,0.002048015594482422
180585,normal,2337,0,1782360772.3427885,0.0019326210021972656
180586,normal,2988,0,1782360772.3448598,0.002071380615234375
180587,normal,1918,0,1782360772.3468022,0.0019423961639404297
180588,normal,1414,0,1782360772.349113,0.0023107528686523438
180589,normal,453,0,1782360772.3506975,0.0015845298767089844
180590,normal,3099,1,1782360772.3526254,0.0019278526306152344
180591,normal,1870,0,1782360772.3546958,0.0020704269409179688
180592,normal,680,0,1782360772.3566437,0.0019478797912597656
180593,normal,1623,0,1782360772.3586524,0.002008676528930664
180594,normal,1590,0,1782360772.3608124,0.0021600723266601562
180595,normal,3336,1,1782360772.3628497,0.0020372867584228516
180596,normal,1170,0,1782360772.3646967,0.0018470287322998047
180597,normal,481,0,1782360772.3667166,0.0020198822021484375
180598,normal,3529,0,1782360772.3687453,0.0020287036895751953
180599,normal,3245,1,1782360772.3707004,0.0019550323486328125
180600,normal,2192,0,1782360772.3727646,0.002064228057861328
180601,normal,2616,0,1782360772.375023,0.00225830078125
180602,normal,2973,0,1782360772.3767128,0.001689910888671875
180603,normal,510,0,1782360772.3789403,0.0022275447845458984
180604,normal,313,0,1782360772.3807895,0.0018491744995117188
180605,normal,546,0,1782360772.3830247,0.0022351741790771484
180606,normal,1110,0,1782360772.3848374,0.0018126964569091797
180607,normal,2681,0,1782360772.3867755,0.0019381046295166016
180608,normal,3156,1,1782360772.3887455,0.001970052719116211
180609,normal,729,0,1782360772.3907115,0.0019659996032714844
180610,normal,1324,1,1782360772.392778,0.002066373825073242
180611,normal,3252,1,1782360772.394738,0.0019600391387939453
180612,normal,3475,0,1782360772.3967786,0.0020406246185302734
180613,normal,1714,0,1782360772.3987765,0.0019979476928710938
180614,normal,701,0,1782360772.400766,0.0019893646240234375
180615,normal,2079,0,1782360772.4027474,0.001981496810913086
180616,normal,3705,0,1782360772.4048123,0.002064943313598633
180617,normal,2043,0,1782360772.4067268,0.0019145011901855469
180618,normal,314,0,1782360772.408818,0.0020911693572998047
180619,normal,3649,0,1782360772.4107282,0.0019102096557617188
180620,normal,2991,0,1782360772.4127939,0.0020656585693359375
180621,normal,155,0,1782360772.4146707,0.0018768310546875
180622,normal,929,2,1782360772.4168365,0.0021657943725585938
180623,normal,228,0,1782360772.4186919,0.0018553733825683594
180624,normal,842,2,1782360772.4207633,0.002071380615234375
180625,normal,2180,0,1782360772.4227684,0.0020051002502441406
180626,normal,1797,0,1782360772.4247713,0.0020029544830322266
180627,normal,1963,0,1782360772.4267182,0.0019469261169433594
180628,normal,2830,0,1782360772.4287665,0.0020482540130615234
180629,normal,2453,0,1782360772.4307685,0.0020020008087158203
180630,normal,1787,0,1782360772.4327428,0.001974344253540039
180631,normal,3434,0,1782360772.434816,0.002073049545288086
180632,normal,1777,0,1782360772.436786,0.001970052719116211
180633,normal,2751,0,1782360772.4386811,0.0018951892852783203
180634,normal,1767,0,1782360772.4407644,0.002083301544189453
180635,normal,1817,0,1782360772.4427686,0.0020041465759277344
180636,normal,1440,0,1782360772.4447258,0.0019571781158447266
180637,normal,3047,1,1782360772.4467628,0.00203704833984375
180638,normal,1719,0,1782360772.448786,0.0020232200622558594
180639,normal,2203,0,1782360772.450759,0.0019729137420654297
180640,normal,3456,0,1782360772.4528084,0.0020494461059570312
180641,normal,2703,0,1782360772.4547176,0.0019092559814453125
180642,normal,2228,0,1782360772.4568026,0.002084970474243164
180643,normal,3530,0,1782360772.4587448,0.0019421577453613281
180644,normal,2152,0,1782360772.4607942,0.0020494461059570312
180645,normal,3582,0,1782360772.4626362,0.0018420219421386719
180646,normal,451,0,1782360772.4647534,0.002117156982421875
180647,normal,3011,0,1782360772.4667516,0.0019981861114501953
180648,normal,2792,0,1782360772.4687197,0.0019681453704833984
180649,normal,2341,0,1782360772.4708645,0.0021448135375976562
180650,normal,3549,0,1782360772.4726856,0.0018210411071777344
180651,normal,2214,0,1782360772.474853,0.0021674633026123047
180652,normal,1432,0,1782360772.4768386,0.0019855499267578125
180653,normal,2215,0,1782360772.4787123,0.0018737316131591797
180654,normal,804,2,1782360772.480886,0.0021736621856689453
180655,normal,3063,1,1782360772.4828148,0.0019288063049316406
180656,normal,3279,1,1782360772.484836,0.002021312713623047
180657,normal,3223,1,1782360772.4867718,0.001935720443725586
180658,normal,1402,0,1782360772.4887629,0.0019910335540771484
180659,normal,2020,0,1782360772.4907074,0.0019445419311523438
180660,normal,1830,0,1782360772.4927483,0.002040863037109375
180661,normal,1766,0,1782360772.4947417,0.001993417739868164
180662,normal,427,0,1782360772.496806,0.002064228057861328
180663,normal,1223,0,1782360772.4987974,0.0019915103912353516
180664,normal,1803,0,1782360772.5008724,0.0020749568939208984
180665,normal,3644,0,1782360772.5027542,0.0018818378448486328
180666,normal,2270,0,1782360772.5048528,0.002098560333251953
180667,normal,2575,0,1782360772.5075805,0.0027277469635009766
180668,normal,339,0,1782360772.5090492,0.001468658447265625
180669,normal,526,0,1782360772.5106947,0.0016455650329589844
180670,normal,2527,0,1782360772.5128694,0.0021746158599853516
180671,normal,1754,0,1782360772.5147743,0.0019049644470214844
180672,normal,2975,0,1782360772.5168731,0.0020987987518310547
180673,normal,391,0,1782360772.5189316,0.0020585060119628906
180674,normal,1214,0,1782360772.5208898,0.001958131790161133
180675,normal,1938,0,1782360772.522767,0.0018773078918457031
180676,normal,69,0,1782360772.5248532,0.002086162567138672
180677,normal,1462,0,1782360772.5267692,0.0019159317016601562
180678,normal,246,0,1782360772.528875,0.0021059513092041016
180679,normal,1704,0,1782360772.5308897,0.002014636993408203
180680,normal,3214,1,1782360772.5328267,0.0019369125366210938
180681,normal,1919,0,1782360772.5350096,0.0021829605102539062
180682,normal,216,0,1782360772.5368438,0.0018341541290283203
180683,normal,3443,0,1782360772.5388722,0.0020284652709960938
180684,normal,895,2,1782360772.5409398,0.00206756591796875
180685,normal,585,0,1782360772.5428243,0.00188446044921875
180686,normal,2136,0,1782360772.5448084,0.001984119415283203
180687,normal,25,0,1782360772.5471518,0.002343416213989258
180688,normal,1659,0,1782360772.5489035,0.0017516613006591797
180689,normal,1883,0,1782360772.5506923,0.0017888545989990234
180690,normal,3327,1,1782360772.5530186,0.0023262500762939453
180691,normal,3691,0,1782360772.5549858,0.001967191696166992
180692,normal,114,0,1782360772.5567117,0.001725912094116211
180693,normal,1062,0,1782360772.5588477,0.0021359920501708984
180694,normal,888,2,1782360772.5608652,0.002017498016357422
180695,normal,450,0,1782360772.56282,0.001954793930053711
180696,normal,2343,0,1782360772.5652795,0.0024595260620117188
180697,normal,1680,0,1782360772.5667133,0.0014338493347167969
180698,normal,3068,1,1782360772.5687792,0.002065896987915039
180699,normal,1477,0,1782360772.5707884,0.002009153366088867
180700,normal,1450,0,1782360772.5728047,0.002016305923461914
180701,normal,654,0,1782360772.5747268,0.0019221305847167969
180702,normal,3057,1,1782360772.5768938,0.0021669864654541016
180703,normal,3128,1,1782360772.578818,0.001924276351928711
180704,normal,1018,2,1782360772.5806482,0.0018301010131835938
180705,normal,3086,1,1782360772.5826478,0.0019996166229248047
180706,normal,2360,0,1782360772.5847242,0.002076387405395508
180707,normal,1794,0,1782360772.5866432,0.0019190311431884766
180708,normal,104,0,1782360772.588712,0.002068758010864258
180709,normal,3016,0,1782360772.59061,0.001898050308227539
180710,normal,1469,0,1782360772.5926352,0.002025127410888672
180711,normal,2428,0,1782360772.594625,0.0019898414611816406
180712,normal,1283,0,1782360772.596625,0.002000093460083008
180713,normal,1438,0,1782360772.598621,0.0019958019256591797
180714,normal,2656,0,1782360772.6006327,0.0020117759704589844
180715,normal,399,0,1782360772.602649,0.002016305923461914
180716,normal,1243,0,1782360772.6046493,0.0020003318786621094
180717,normal,3368,1,1782360772.6067019,0.0020525455474853516
180718,normal,1114,0,1782360772.6086223,0.001920461654663086
180719,normal,2639,0,1782360772.610621,0.0019986629486083984
180720,normal,1306,0,1782360772.6126208,0.0019998550415039062
180721,normal,1021,2,1782360772.6146216,0.0020008087158203125
180722,normal,2500,0,1782360772.6166213,0.0019996166229248047
180723,normal,796,2,1782360772.6186569,0.0020356178283691406
180724,normal,3029,0,1782360772.6206799,0.002022981643676758
180725,normal,1848,0,1782360772.622682,0.002002239227294922
180726,normal,1889,0,1782360772.6247022,0.002020120620727539
180727,normal,2173,0,1782360772.6266747,0.0019724369049072266
180728,normal,2392,0,1782360772.6286426,0.001967906951904297
180729,normal,511,0,1782360772.6306396,0.0019969940185546875
180730,normal,3216,1,1782360772.6326518,0.0020122528076171875
180731,normal,968,2,1782360772.634613,0.001961231231689453
180732,normal,2099,0,1782360772.6366055,0.001992464065551758
180733,normal,141,0,1782360772.6386056,0.002000093460083008
180734,normal,1941,0,1782360772.6406815,0.0020759105682373047
180735,normal,3278,1,1782360772.642685,0.0020034313201904297
180736,normal,159,0,1782360772.6446593,0.001974344253540039
180737,normal,2238,0,1782360772.6467097,0.0020503997802734375
180738,normal,1474,0,1782360772.6486526,0.0019428730010986328
180739,normal,3250,1,1782360772.6507084,0.0020558834075927734
180740,normal,3505,0,1782360772.652649,0.0019404888153076172
180741,normal,1358,1,1782360772.654701,0.0020520687103271484
180742,normal,3314,1,1782360772.65674,0.0020389556884765625
180743,normal,927,2,1782360772.6585848,0.0018448829650878906
180744,normal,2668,0,1782360772.6606014,0.0020165443420410156
180745,normal,2377,0,1782360772.6626034,0.0020020008087158203
180746,normal,2719,0,1782360772.6646008,0.0019974708557128906
180747,normal,489,0,1782360772.666688,0.002087116241455078
180748,normal,53,0,1782360772.6686132,0.0019252300262451172
180749,normal,300,0,1782360772.6705995,0.001986265182495117
180750,normal,188,0,1782360772.6726096,0.0020101070404052734
180751,normal,2046,0,1782360772.6746035,0.001993894577026367
180752,normal,361,0,1782360772.6770175,0.0024139881134033203
180753,normal,3251,1,1782360772.6789916,0.0019741058349609375
180754,normal,2036,0,1782360772.6806605,0.0016689300537109375
180755,normal,1609,0,1782360772.6826403,0.001979827880859375
180756,normal,1510,0,1782360772.684637,0.001996755599975586
180757,normal,920,2,1782360772.6866453,0.002008199691772461
180758,normal,1164,0,1782360772.688679,0.002033710479736328
180759,normal,1910,0,1782360772.6907234,0.0020444393157958984
180760,normal,3184,1,1782360772.6926036,0.0018801689147949219
180761,normal,575,0,1782360772.6946208,0.0020172595977783203
180762,normal,2605,0,1782360772.696619,0.0019981861114501953
180763,normal,666,0,1782360772.6986287,0.0020096302032470703
180764,normal,2806,0,1782360772.7006347,0.002006053924560547
180765,normal,2370,0,1782360772.7027912,0.002156496047973633
180766,normal,695,0,1782360772.704795,0.0020036697387695312
180767,normal,522,0,1782360772.7066827,0.0018877983093261719
180768,normal,218,0,1782360772.708704,0.002021312713623047
180769,normal,3374,1,1782360772.710738,0.0020339488983154297
180770,normal,538,0,1782360772.7126727,0.0019347667694091797
180771,normal,1924,0,1782360772.7146494,0.0019767284393310547
180772,normal,1549,0,1782360772.716877,0.0022275447845458984
180773,normal,1430,0,1782360772.718727,0.001850128173828125
180774,normal,3146,1,1782360772.720814,0.0020868778228759766
180775,normal,544,0,1782360772.7228587,0.002044677734375
180776,normal,3662,0,1782360772.724817,0.0019583702087402344
180777,normal,3447,0,1782360772.7267447,0.0019276142120361328
180778,normal,3135,1,1782360772.7287686,0.002023935317993164
180779,normal,1854,0,1782360772.7307472,0.001978635787963867
180780,normal,2077,0,1782360772.7327662,0.0020189285278320312
180781,normal,1621,0,1782360772.734759,0.001992940902709961
180782,normal,3674,0,1782360772.7367554,0.001996278762817383
180783,normal,2312,0,1782360772.7388356,0.002080202102661133
180784,normal,1523,0,1782360772.7407286,0.0018930435180664062
180785,normal,134,0,1782360772.7427812,0.0020525455474853516
180786,normal,2695,0,1782360772.7448092,0.0020279884338378906
180787,normal,244,0,1782360772.7467954,0.001986265182495117
180788,normal,2345,0,1782360772.7486556,0.0018601417541503906
180789,normal,733,0,1782360772.7507687,0.0021131038665771484
180790,normal,2884,0,1782360772.752813,0.0020444393157958984
180791,normal,330,0,1782360772.75478,0.0019669532775878906
180792,normal,337,0,1782360772.7567606,0.0019805431365966797
180793,normal,2570,0,1782360772.7587729,0.0020122528076171875
180794,normal,3551,0,1782360772.7607298,0.001956939697265625
180795,normal,1864,0,1782360772.762783,0.0020532608032226562
180796,normal,51,0,1782360772.7647843,0.0020012855529785156
180797,normal,2130,0,1782360772.766785,0.002000570297241211
180798,normal,725,0,1782360772.7687628,0.0019779205322265625
180799,normal,442,0,1782360772.7708008,0.0020380020141601562
180800,normal,2443,0,1782360772.7728143,0.0020134449005126953
180801,normal,1460,0,1782360772.7746866,0.0018723011016845703
180802,normal,2134,0,1782360772.7767546,0.002068042755126953
180803,normal,836,2,1782360772.7787592,0.0020046234130859375
180804,normal,1010,2,1782360772.7807634,0.0020041465759277344
180805,normal,3311,1,1782360772.7827604,0.0019969940185546875
180806,normal,2309,0,1782360772.7847674,0.002007007598876953
180807,normal,236,0,1782360772.786804,0.002036571502685547
180808,normal,3593,0,1782360772.7887688,0.0019648075103759766
180809,normal,1917,0,1782360772.790857,0.002088308334350586
180810,normal,2892,0,1782360772.7926896,0.0018324851989746094
180811,normal,3008,0,1782360772.7947886,0.0020990371704101562
180812,normal,3303,1,1782360772.7966993,0.0019106864929199219
180813,normal,2825,0,1782360772.79875,0.002050638198852539
180814,normal,943,2,1782360772.8007593,0.0020093917846679688
180815,normal,199,0,1782360772.802755,0.0019958019256591797
180816,normal,3647,0,1782360772.804754,0.0019989013671875
180817,normal,3102,1,1782360772.8068066,0.0020525455474853516
180818,normal,3409,0,1782360772.8087094,0.0019028186798095703
180819,normal,382,0,1782360772.8108425,0.0021331310272216797
180820,normal,3200,1,1782360772.8128033,0.00196075439453125
180821,normal,2648,0,1782360772.8147526,0.001949310302734375
180822,normal,843,2,1782360772.8168433,0.0020906925201416016
180823,normal,3612,0,1782360772.818793,0.0019497871398925781
180824,normal,2649,0,1782360772.8207703,0.001977205276489258
180825,normal,350,0,1782360772.8228102,0.0020399093627929688
180826,normal,3526,0,1782360772.8247263,0.0019161701202392578
180827,normal,2132,0,1782360772.8267453,0.0020189285278320312
180828,normal,1958,0,1782360772.828753,0.002007722854614258
180829,normal,577,0,1782360772.8307402,0.0019872188568115234
180830,normal,2574,0,1782360772.832838,0.0020978450775146484
180831,normal,191,0,1782360772.834645,0.0018069744110107422
180832,normal,3082,1,1782360772.8367436,0.002098560333251953
180833,normal,2439,0,1782360772.8387318,0.0019881725311279297
180834,normal,2594,0,1782360772.8407443,0.002012491226196289
180835,normal,1263,0,1782360772.8432336,0.002489328384399414
180836,normal,2604,0,1782360772.8448775,0.0016438961029052734
180837,normal,832,2,1782360772.8466828,0.0018053054809570312
180838,normal,2726,0,1782360772.8487685,0.0020856857299804688
180839,normal,612,0,1782360772.8507702,0.0020017623901367188
180840,normal,3523,0,1782360772.8527555,0.001985311508178711
180841,normal,1965,0,1782360772.8547914,0.002035856246948242
180842,normal,2276,0,1782360772.8567634,0.0019719600677490234
180843,normal,1168,0,1782360772.8588068,0.002043485641479492
180844,normal,1174,0,1782360772.8607528,0.0019459724426269531
180845,normal,1426,0,1782360772.8627481,0.0019953250885009766
180846,normal,3452,0,1782360772.8647635,0.002015352249145508
180847,normal,2671,0,1782360772.8667676,0.0020041465759277344
180848,normal,2686,0,1782360772.8687723,0.0020046234130859375
180849,normal,1127,0,1782360772.870898,0.0021257400512695312
180850,normal,993,2,1782360772.8728423,0.0019443035125732422
180851,normal,263,0,1782360772.8747153,0.001873016357421875
180852,normal,1380,1,1782360772.876823,0.0021076202392578125
180853,normal,616,0,1782360772.8790107,0.0021877288818359375
180854,normal,239,0,1782360772.880748,0.001737356185913086
180855,normal,1373,1,1782360772.8827543,0.0020062923431396484
180856,normal,1964,0,1782360772.8852158,0.0024614334106445312
180857,normal,2693,0,1782360772.8868585,0.0016427040100097656
180858,normal,2597,0,1782360772.888813,0.0019545555114746094
180859,normal,717,0,1782360772.8910713,0.00225830078125
180860,normal,1359,1,1782360772.893267,0.002195596694946289
180861,normal,2828,0,1782360772.8947165,0.0014495849609375
180862,normal,613,0,1782360772.8968532,0.002136707305908203
180863,normal,1009,2,1782360772.8987994,0.0019462108612060547
180864,normal,2246,0,1782360772.9007711,0.001971721649169922
180865,normal,3226,1,1782360772.9028702,0.0020990371704101562
180866,normal,3424,0,1782360772.9047709,0.0019006729125976562
180867,normal,3078,1,1782360772.9068758,0.0021049976348876953
180868,normal,3491,0,1782360772.9088519,0.00197601318359375
180869,normal,1257,0,1782360772.9108093,0.001957416534423828
180870,normal,580,0,1782360772.9129493,0.002140045166015625
180871,normal,2858,0,1782360772.9149365,0.0019872188568115234
180872,normal,381,0,1782360803.5021687,0.0
180873,normal,240,0,1782360803.5041773,0.002008676528930664
180874,normal,1706,0,1782360803.506276,0.002098560333251953
180875,normal,2245,0,1782360803.508269,0.0019931793212890625
180876,normal,775,2,1782360803.5101986,0.0019295215606689453
180877,normal,491,0,1782360803.5122163,0.0020177364349365234
180878,normal,2297,0,1782360803.514161,0.0019447803497314453
180879,normal,232,0,1782360803.516219,0.002057790756225586
180880,normal,1411,0,1782360803.5183806,0.002161741256713867
180881,normal,2935,0,1782360803.5201745,0.0017938613891601562
180882,normal,1164,0,1782360803.5223596,0.0021851062774658203
180883,normal,3087,1,1782360803.5242462,0.001886606216430664
180884,normal,1967,0,1782360803.5263333,0.002087116241455078
180885,normal,414,0,1782360803.5282164,0.0018830299377441406
180886,normal,3024,0,1782360803.5302458,0.0020294189453125
180887,normal,763,0,1782360803.5321689,0.0019230842590332031
180888,normal,2158,0,1782360803.5341918,0.002022981643676758
180889,normal,357,0,1782360803.5361915,0.0019996166229248047
180890,normal,962,2,1782360803.538147,0.0019555091857910156
180891,normal,2559,0,1782360803.5402029,0.0020558834075927734
180892,normal,1674,0,1782360803.5423565,0.002153635025024414
180893,normal,1084,0,1782360803.5441651,0.0018086433410644531
180894,normal,2645,0,1782360803.5463867,0.0022215843200683594
180895,normal,2186,0,1782360803.5482328,0.0018460750579833984
180896,normal,1517,0,1782360803.550289,0.002056121826171875
180897,normal,489,0,1782360803.5523245,0.0020356178283691406
180898,normal,1441,0,1782360803.5542963,0.001971721649169922
180899,normal,3235,1,1782360803.5561945,0.0018982887268066406
180900,normal,1896,0,1782360803.5584,0.002205371856689453
180901,normal,718,0,1782360803.560322,0.0019221305847167969
180902,normal,3550,0,1782360803.5622847,0.0019626617431640625
180903,normal,1323,1,1782360803.5643458,0.002061128616333008
180904,normal,785,2,1782360803.566315,0.0019690990447998047
180905,normal,1820,0,1782360803.5682976,0.0019826889038085938
180906,normal,547,0,1782360803.5704415,0.00214385986328125
180907,normal,2370,0,1782360803.572334,0.0018925666809082031
180908,normal,1167,0,1782360803.574307,0.0019729137420654297
180909,normal,2171,0,1782360803.5763955,0.0020885467529296875
180910,normal,3641,0,1782360803.5784123,0.002016782760620117
180911,normal,964,2,1782360803.580329,0.001916646957397461
180912,normal,2168,0,1782360803.5823672,0.002038240432739258
180913,normal,461,0,1782360803.584326,0.0019588470458984375
180914,normal,2419,0,1782360803.5863051,0.0019791126251220703
180915,normal,1885,0,1782360803.5883582,0.0020530223846435547
180916,normal,2879,0,1782360803.590312,0.0019538402557373047
180917,normal,334,0,1782360803.5923088,0.001996755599975586
180918,normal,2957,0,1782360803.5944457,0.0021369457244873047
180919,normal,3415,0,1782360803.5963366,0.0018908977508544922
180920,normal,483,0,1782360803.5983148,0.001978158950805664
180921,normal,928,2,1782360803.60045,0.0021352767944335938
180922,normal,1369,1,1782360803.6023118,0.0018618106842041016
180923,normal,1684,0,1782360803.6043177,0.0020058155059814453
180924,normal,1240,0,1782360803.6064494,0.0021317005157470703
180925,normal,420,0,1782360803.6083317,0.001882314682006836
180926,normal,3505,0,1782360803.6103175,0.001985788345336914
180927,normal,3660,0,1782360803.6124518,0.0021343231201171875
180928,normal,2793,0,1782360803.614335,0.0018832683563232422
180929,normal,3325,1,1782360803.616316,0.001981019973754883
180930,normal,133,0,1782360803.6184537,0.0021376609802246094
180931,normal,1491,0,1782360803.6203253,0.0018715858459472656
180932,normal,3134,1,1782360803.6223161,0.001990795135498047
180933,normal,2430,0,1782360803.6244574,0.002141237258911133
180934,normal,3133,1,1782360803.6263347,0.0018773078918457031
180935,normal,3583,0,1782360803.6283574,0.0020227432250976562
180936,normal,415,0,1782360803.6302783,0.001920938491821289
180937,normal,1162,0,1782360803.6325576,0.0022792816162109375
180938,normal,1315,0,1782360803.634208,0.0016503334045410156
180939,normal,584,0,1782360803.6365345,0.002326488494873047
180940,normal,2180,0,1782360803.6382358,0.00170135498046875
180941,normal,2187,0,1782360803.6402965,0.0020606517791748047
180942,normal,377,0,1782360803.6423633,0.0020668506622314453
180943,normal,1781,0,1782360803.644317,0.001953601837158203
180944,normal,706,0,1782360803.64629,0.0019731521606445312
180945,normal,1424,0,1782360803.6483204,0.0020303726196289062
180946,normal,2646,0,1782360803.650402,0.002081632614135742
180947,normal,1054,0,1782360803.6522908,0.0018887519836425781
180948,normal,2117,0,1782360803.6543858,0.0020949840545654297
180949,normal,3160,1,1782360803.6563087,0.0019228458404541016
180950,normal,1644,0,1782360803.6583452,0.002036571502685547
180951,normal,2588,0,1782360803.6603441,0.0019989013671875
180952,normal,19,0,1782360803.6622567,0.0019125938415527344
180953,normal,2260,0,1782360803.664308,0.0020513534545898438
180954,normal,3253,1,1782360803.6663892,0.002081155776977539
180955,normal,815,2,1782360803.6682348,0.0018455982208251953
180956,normal,2823,0,1782360803.6702044,0.001969575881958008
180957,normal,2042,0,1782360803.6724885,0.0022840499877929688
180958,normal,867,2,1782360803.6742232,0.0017347335815429688
180959,normal,1106,0,1782360803.6762886,0.002065420150756836
180960,normal,765,0,1782360803.6783764,0.002087831497192383
180961,normal,2267,0,1782360803.6802766,0.0019001960754394531
180962,normal,710,0,1782360803.682301,0.002024412155151367
180963,normal,2022,0,1782360803.6843135,0.002012491226196289
180964,normal,2708,0,1782360803.6862886,0.0019750595092773438
180965,normal,2494,0,1782360803.6882918,0.002003192901611328
180966,normal,3176,1,1782360803.6902943,0.0020024776458740234
180967,normal,2253,0,1782360803.6922903,0.0019960403442382812
180968,normal,2758,0,1782360803.6942866,0.001996278762817383
180969,normal,1344,1,1782360803.696207,0.001920461654663086
180970,normal,2434,0,1782360803.698556,0.0023488998413085938
180971,normal,325,0,1782360803.7002094,0.001653432846069336
180972,normal,246,0,1782360803.702349,0.002139568328857422
180973,normal,3348,1,1782360803.7042222,0.0018732547760009766
180974,normal,3158,1,1782360803.7064035,0.0021812915802001953
180975,normal,1738,0,1782360803.7083268,0.0019233226776123047
180976,normal,416,0,1782360803.710352,0.002025127410888672
180977,normal,2026,0,1782360803.7123892,0.0020372867584228516
180978,normal,1634,0,1782360803.7145486,0.0021593570709228516
180979,normal,2507,0,1782360803.7163525,0.0018038749694824219
180980,normal,1728,0,1782360803.7183886,0.0020360946655273438
180981,normal,1440,0,1782360803.7205625,0.002173900604248047
180982,normal,2805,0,1782360803.7223501,0.0017876625061035156
180983,normal,1687,0,1782360803.7243927,0.002042531967163086
180984,normal,2010,0,1782360803.7264028,0.0020101070404052734
180985,normal,3282,1,1782360803.7284076,0.002004861831665039
180986,normal,3151,1,1782360803.73039,0.001982450485229492
180987,normal,519,0,1782360803.7325556,0.002165555953979492
180988,normal,1568,0,1782360803.734388,0.0018324851989746094
180989,normal,734,0,1782360803.7363904,0.002002239227294922
180990,normal,3697,0,1782360803.7385862,0.0021958351135253906
180991,normal,3640,0,1782360803.7403495,0.0017633438110351562
180992,normal,3296,1,1782360803.7423894,0.0020399093627929688
180993,normal,2787,0,1782360803.7444103,0.0020208358764648438
180994,normal,2673,0,1782360803.746402,0.001991748809814453
180995,normal,619,0,1782360803.7483897,0.0019876956939697266
180996,normal,2382,0,1782360803.750411,0.002021312713623047
180997,normal,2388,0,1782360803.7524,0.0019888877868652344
180998,normal,2230,0,1782360803.7543857,0.001985788345336914
180999,normal,1707,0,1782360803.7564147,0.002028942108154297
181000,normal,2446,0,1782360803.7584114,0.001996755599975586
181001,normal,2301,0,1782360803.7603326,0.0019211769104003906
181002,normal,3304,1,1782360803.762362,0.0020294189453125
181003,normal,1592,0,1782360803.764243,0.0018808841705322266
181004,normal,866,2,1782360803.7663286,0.0020856857299804688
181005,normal,2334,0,1782360803.7683764,0.0020477771759033203
181006,normal,2546,0,1782360803.7702417,0.001865386962890625
181007,normal,1242,0,1782360803.7723312,0.0020895004272460938
181008,normal,1358,1,1782360803.7743783,0.0020470619201660156
181009,normal,1255,0,1782360803.7762434,0.0018651485443115234
181010,normal,271,0,1782360803.778327,0.0020835399627685547
181011,normal,1826,0,1782360803.780381,0.002053976058959961
181012,normal,444,0,1782360803.7822511,0.0018701553344726562
181013,normal,1459,0,1782360803.7843344,0.002083301544189453
181014,normal,3553,0,1782360803.7863832,0.0020487308502197266
181015,normal,2404,0,1782360803.788258,0.0018749237060546875
181016,normal,2249,0,1782360803.790333,0.0020749568939208984
181017,normal,1655,0,1782360803.7923744,0.002041339874267578
181018,normal,1531,0,1782360803.7942638,0.0018894672393798828
181019,normal,1322,1,1782360803.7963257,0.0020618438720703125
181020,normal,3058,1,1782360803.7983751,0.0020494461059570312
181021,normal,3649,0,1782360803.80024,0.0018649101257324219
181022,normal,216,0,1782360803.8023221,0.0020821094512939453
181023,normal,2005,0,1782360803.8043377,0.0020155906677246094
181024,normal,208,0,1782360803.8062334,0.0018956661224365234
181025,normal,3223,1,1782360803.8083298,0.002096414566040039
181026,normal,2649,0,1782360803.8103826,0.002052783966064453
181027,normal,2401,0,1782360803.8122423,0.0018596649169921875
181028,normal,1093,0,1782360803.8143275,0.0020852088928222656
181029,normal,3266,1,1782360803.8163862,0.002058744430541992
181030,normal,2359,0,1782360803.8182654,0.0018792152404785156
181031,normal,1717,0,1782360803.8203287,0.002063274383544922
181032,normal,1124,0,1782360803.8223524,0.0020236968994140625
181033,normal,456,0,1782360803.8242505,0.001898050308227539
181034,normal,2235,0,1782360803.8263438,0.0020933151245117188
181035,normal,1831,0,1782360803.8283927,0.002048969268798828
181036,normal,368,0,1782360803.8302839,0.0018911361694335938
181037,normal,3244,1,1782360803.8323398,0.0020558834075927734
181038,normal,3584,0,1782360803.8343987,0.0020589828491210938
181039,normal,1223,0,1782360803.8362675,0.0018687248229980469
181040,normal,2965,0,1782360803.8383496,0.0020821094512939453
181041,normal,73,0,1782360803.8403416,0.0019919872283935547
181042,normal,2926,0,1782360803.8422453,0.0019037723541259766
181043,normal,2778,0,1782360803.8443341,0.002088785171508789
181044,normal,1436,0,1782360803.8463387,0.0020046234130859375
181045,normal,3493,0,1782360803.8482466,0.0019078254699707031
181046,normal,3342,1,1782360803.850298,0.0020513534545898438
181047,normal,2841,0,1782360803.852404,0.002106189727783203
181048,normal,3382,1,1782360803.8542595,0.0018553733825683594
181049,normal,205,0,1782360803.8563445,0.002084970474243164
181050,normal,1561,0,1782360803.8584042,0.0020596981048583984
181051,normal,801,2,1782360803.8602448,0.0018405914306640625
181052,normal,2255,0,1782360803.8623352,0.0020904541015625
181053,normal,2295,0,1782360803.8644202,0.002084970474243164
181054,normal,787,2,1782360803.8662448,0.0018246173858642578
181055,normal,138,0,1782360803.8683352,0.0020904541015625
181056,normal,2227,0,1782360803.8704157,0.0020804405212402344
181057,normal,1558,0,1782360803.8722484,0.001832723617553711
181058,normal,2150,0,1782360803.8743353,0.0020868778228759766
181059,normal,62,0,1782360803.8764136,0.0020782947540283203
181060,normal,2995,0,1782360803.8782456,0.0018320083618164062
181061,normal,1425,0,1782360803.8803527,0.0021071434020996094
181062,normal,1282,0,1782360803.882384,0.0020313262939453125
181063,normal,3152,1,1782360803.8842678,0.0018837451934814453
181064,normal,2145,0,1782360803.8863509,0.0020830631256103516
181065,normal,1812,0,1782360803.888428,0.0020771026611328125
181066,normal,242,0,1782360803.890253,0.001825094223022461
181067,normal,1261,0,1782360803.892356,0.0021028518676757812
181068,normal,2629,0,1782360803.8943183,0.001962423324584961
181069,normal,1771,0,1782360803.8964033,0.002084970474243164
181070,normal,1984,0,1782360803.8982286,0.0018253326416015625
181071,normal,1808,0,1782360803.900435,0.0022063255310058594
181072,normal,3164,1,1782360803.9022617,0.0018267631530761719
181073,normal,2024,0,1782360803.9043744,0.0021126270294189453
181074,normal,1789,0,1782360803.9064364,0.002062082290649414
181075,normal,2712,0,1782360803.9082537,0.0018172264099121094
181076,normal,1116,0,1782360803.9103572,0.002103567123413086
181077,normal,3250,1,1782360803.9124393,0.0020821094512939453
181078,normal,1859,0,1782360803.9142528,0.0018134117126464844
181079,normal,2857,0,1782360803.9163575,0.0021047592163085938
181080,normal,971,2,1782360803.918358,0.002000570297241211
181081,normal,2612,0,1782360803.920255,0.0018968582153320312
181082,normal,1619,0,1782360803.922354,0.0020990371704101562
181083,normal,2975,0,1782360803.9243586,0.0020046234130859375
181084,normal,3186,1,1782360803.926251,0.0018923282623291016
181085,normal,2279,0,1782360803.9283514,0.0021004676818847656
181086,normal,1000,2,1782360803.9303553,0.002003908157348633
181087,normal,1328,1,1782360803.9323049,0.0019495487213134766
181088,normal,1937,0,1782360803.9343517,0.002046823501586914
181089,normal,1096,0,1782360803.9363577,0.002006053924560547
181090,normal,2493,0,1782360803.9382517,0.0018939971923828125
181091,normal,1635,0,1782360803.9403505,0.0020987987518310547
181092,normal,327,0,1782360803.9423707,0.002020120620727539
181093,normal,1450,0,1782360803.944251,0.0018804073333740234
181094,normal,1446,0,1782360803.9463484,0.0020973682403564453
181095,normal,535,0,1782360803.9483624,0.0020139217376708984
181096,normal,2126,0,1782360803.9502494,0.0018870830535888672
181097,normal,3088,1,1782360803.9523506,0.0021011829376220703
181098,normal,3059,1,1782360803.9543633,0.0020127296447753906
181099,normal,3032,0,1782360803.9562504,0.0018870830535888672
181100,normal,1300,0,1782360803.9583495,0.0020990371704101562
181101,normal,1611,0,1782360803.9602125,0.0018630027770996094
181102,normal,2619,0,1782360803.9623168,0.0021042823791503906
181103,normal,1807,0,1782360803.9642546,0.0019378662109375
181104,normal,924,2,1782360803.9663687,0.0021140575408935547
181105,normal,3621,0,1782360803.9682305,0.0018618106842041016
181106,normal,641,0,1782360803.9703486,0.0021181106567382812
181107,normal,1977,0,1782360803.9723697,0.0020210742950439453
181108,normal,717,0,1782360803.9742312,0.001861572265625
181109,normal,2257,0,1782360803.9763513,0.0021200180053710938
181110,normal,2252,0,1782360803.9783552,0.002003908157348633
181111,normal,2455,0,1782360803.9802756,0.001920461654663086
181112,normal,3288,1,1782360803.9823613,0.0020856857299804688
181113,normal,3671,0,1782360803.9843771,0.002015829086303711
181114,normal,1879,0,1782360803.986226,0.0018489360809326172
181115,normal,3138,1,1782360803.9883523,0.0021262168884277344
181116,normal,1654,0,1782360803.990376,0.0020236968994140625
181117,normal,1149,0,1782360803.9922252,0.0018491744995117188
181118,normal,1569,0,1782360803.9943585,0.0021333694458007812
181119,normal,1082,0,1782360803.9962797,0.0019211769104003906
181120,normal,1468,0,1782360803.9985273,0.0022475719451904297
181121,normal,1962,0,1782360804.0003405,0.0018131732940673828
181122,normal,2155,0,1782360804.0022106,0.0018701553344726562
181123,normal,2688,0,1782360804.004195,0.0019843578338623047
181124,normal,679,0,1782360804.0062091,0.00201416015625
181125,normal,1401,0,1782360804.008217,0.0020079612731933594
181126,normal,2695,0,1782360804.0103495,0.002132415771484375
181127,normal,3709,0,1782360804.0122056,0.001856088638305664
181128,normal,1396,0,1782360804.0143418,0.00213623046875
181129,normal,994,2,1782360804.016389,0.0020470619201660156
181130,normal,1945,0,1782360804.0188725,0.0024836063385009766
181131,normal,1138,0,1782360804.0205483,0.0016758441925048828
181132,normal,1861,0,1782360804.0223053,0.001756906509399414
181133,normal,3521,0,1782360804.02426,0.001954793930053711
181134,normal,507,0,1782360804.026247,0.001986980438232422
181135,normal,2074,0,1782360804.0283916,0.0021445751190185547
181136,normal,2572,0,1782360804.03031,0.0019183158874511719
181137,normal,2028,0,1782360804.0323238,0.0020139217376708984
181138,normal,214,0,1782360804.034129,0.0018050670623779297
181139,normal,990,2,1782360804.0363743,0.0022454261779785156
181140,normal,2079,0,1782360804.0382094,0.0018351078033447266
181141,normal,48,0,1782360804.0402043,0.0019948482513427734
181142,normal,3185,1,1782360804.042209,0.0020046234130859375
181143,normal,2457,0,1782360804.0442352,0.0020263195037841797
181144,normal,1285,0,1782360804.0462341,0.0019989013671875
181145,normal,1734,0,1782360804.0481687,0.0019345283508300781
181146,normal,58,0,1782360804.0501654,0.001996755599975586
181147,normal,943,2,1782360804.0521646,0.0019991397857666016
181148,normal,1784,0,1782360804.0543296,0.002165079116821289
181149,normal,879,2,1782360804.056323,0.001993417739868164
181150,normal,1795,0,1782360804.058474,0.002151012420654297
181151,normal,3606,0,1782360804.0602047,0.0017306804656982422
181152,normal,2262,0,1782360804.0623033,0.002098560333251953
181153,normal,2103,0,1782360804.0643454,0.002042055130004883
181154,normal,2517,0,1782360804.0662732,0.0019278526306152344
181155,normal,3490,0,1782360804.0682518,0.001978635787963867
181156,normal,2263,0,1782360804.0702567,0.002004861831665039
181157,normal,3557,0,1782360804.0722497,0.001992940902709961
181158,normal,1779,0,1782360804.0744123,0.0021626949310302734
181159,normal,3306,1,1782360804.076307,0.0018947124481201172
181160,normal,406,0,1782360804.0783796,0.002072572708129883
181161,normal,1234,0,1782360804.0804613,0.002081632614135742
181162,normal,3515,0,1782360804.0823553,0.0018939971923828125
181163,normal,1992,0,1782360804.0844138,0.0020585060119628906
181164,normal,3376,1,1782360804.0863879,0.0019741058349609375
181165,normal,909,2,1782360804.0884764,0.0020885467529296875
181166,normal,3035,0,1782360804.090333,0.0018565654754638672
181167,normal,3675,0,1782360804.0922534,0.001920461654663086
181168,normal,1874,0,1782360804.0942488,0.0019953250885009766
181169,normal,175,0,1782360804.0962367,0.001987934112548828
181170,normal,1834,0,1782360804.098375,0.002138376235961914
181171,normal,2178,0,1782360804.1002653,0.0018901824951171875
181172,normal,2639,0,1782360804.1021655,0.0019001960754394531
181173,normal,1934,0,1782360804.1042438,0.0020782947540283203
181174,normal,1075,0,1782360804.1062415,0.001997709274291992
181175,normal,2407,0,1782360804.108866,0.00262451171875
181176,normal,1680,0,1782360804.110493,0.0016269683837890625
181177,normal,3219,1,1782360804.112246,0.001753091812133789
181178,normal,413,0,1782360804.114301,0.002054929733276367
181179,normal,3292,1,1782360804.1162918,0.001990795135498047
181180,normal,394,0,1782360804.1182907,0.0019989013671875
181181,normal,1245,0,1782360804.1204553,0.002164602279663086
181182,normal,614,0,1782360804.1223428,0.0018875598907470703
181183,normal,2670,0,1782360804.1242833,0.0019404888153076172
181184,normal,1125,0,1782360804.1262796,0.001996278762817383
181185,normal,806,2,1782360804.1282823,0.002002716064453125
181186,normal,430,0,1782360804.1303012,0.0020189285278320312
181187,normal,107,0,1782360804.1323576,0.0020563602447509766
181188,normal,1140,0,1782360804.1343553,0.001997709274291992
181189,normal,2886,0,1782360804.136234,0.0018787384033203125
181190,normal,3637,0,1782360804.138464,0.002229928970336914
181191,normal,2008,0,1782360804.1409907,0.0025267601013183594
181192,normal,2137,0,1782360804.1424212,0.001430511474609375
181193,normal,373,0,1782360804.1441803,0.0017590522766113281
181194,normal,1942,0,1782360804.1462374,0.0020570755004882812
181195,normal,1997,0,1782360804.1483276,0.0020902156829833984
181196,normal,254,0,1782360804.1503646,0.00203704833984375
181197,normal,1178,0,1782360804.1523805,0.002015829086303711
181198,normal,2402,0,1782360804.1543822,0.0020017623901367188
181199,normal,1670,0,1782360804.1564617,0.002079486846923828
181200,normal,3569,0,1782360804.158334,0.0018723011016845703
181201,normal,471,0,1782360804.1606102,0.002276182174682617
181202,normal,309,0,1782360804.1625657,0.0019555091857910156
181203,normal,2038,0,1782360804.1643932,0.0018274784088134766
181204,normal,2004,0,1782360804.1664946,0.002101421356201172
181205,normal,1002,2,1782360804.168291,0.0017964839935302734
181206,normal,3103,1,1782360804.170375,0.002084016799926758
181207,normal,3334,1,1782360804.1723883,0.0020132064819335938
181208,normal,2166,0,1782360804.1743832,0.0019948482513427734
181209,normal,936,2,1782360804.1766505,0.0022673606872558594
181210,normal,287,0,1782360804.1782835,0.0016329288482666016
181211,normal,2367,0,1782360804.1802485,0.001965045928955078
181212,normal,2706,0,1782360804.1823194,0.002070903778076172
181213,normal,162,0,1782360804.1842852,0.001965761184692383
181214,normal,3230,1,1782360804.1863422,0.0020570755004882812
181215,normal,1086,0,1782360804.188334,0.001991748809814453
181216,normal,3446,0,1782360804.19044,0.0021059513092041016
181217,normal,1755,0,1782360804.192297,0.0018570423126220703
181218,normal,3434,0,1782360804.1943712,0.0020742416381835938
181219,normal,2375,0,1782360804.1963024,0.0019311904907226562
181220,normal,755,0,1782360804.1984484,0.002146005630493164
181221,normal,132,0,1782360804.2003348,0.0018863677978515625
181222,normal,1066,0,1782360804.2025433,0.0022084712982177734
181223,normal,2475,0,1782360804.2042255,0.001682281494140625
181224,normal,2458,0,1782360804.2064137,0.0021882057189941406
181225,normal,400,0,1782360804.2085664,0.002152681350708008
181226,normal,2742,0,1782360804.2102988,0.0017323493957519531
181227,normal,1816,0,1782360804.2123659,0.002067089080810547
181228,normal,3124,1,1782360804.214365,0.0019991397857666016
181229,normal,3427,0,1782360804.216283,0.0019180774688720703
181230,normal,919,2,1782360804.2184489,0.0021657943725585938
181231,normal,1550,0,1782360804.220455,0.002006053924560547
181232,normal,3123,1,1782360804.2224054,0.0019505023956298828
181233,normal,1892,0,1782360804.2244549,0.0020494461059570312
181234,normal,144,0,1782360804.2266333,0.0021784305572509766
181235,normal,388,0,1782360804.2283673,0.001734018325805664
181236,normal,1646,0,1782360804.230585,0.0022177696228027344
181237,normal,1460,0,1782360804.2324965,0.0019114017486572266
181238,normal,2657,0,1782360804.2344,0.001903533935546875
181239,normal,1438,0,1782360804.236274,0.0018739700317382812
181240,normal,3570,0,1782360804.2383628,0.002088785171508789
181241,normal,1649,0,1782360804.240271,0.0019083023071289062
181242,normal,419,0,1782360804.2425864,0.0023152828216552734
181243,normal,2682,0,1782360804.2442856,0.001699209213256836
181244,normal,885,2,1782360804.2462635,0.0019779205322265625
181245,normal,63,0,1782360804.248355,0.0020914077758789062
181246,normal,2883,0,1782360804.2503593,0.002004384994506836
181247,normal,3225,1,1782360804.25308,0.0027205944061279297
181248,normal,1151,0,1782360804.2545142,0.001434326171875
181249,normal,181,0,1782360804.256306,0.0017917156219482422
181250,normal,2896,0,1782360804.2582753,0.0019693374633789062
181251,normal,1748,0,1782360804.260402,0.0021266937255859375
181252,normal,2405,0,1782360804.2624116,0.0020096302032470703
181253,normal,1061,0,1782360804.264447,0.002035379409790039
181254,normal,417,0,1782360804.2663202,0.0018732547760009766
181255,normal,1577,0,1782360804.2683666,0.002046346664428711
181256,normal,1199,0,1782360804.2702897,0.0019230842590332031
181257,normal,751,0,1782360804.272413,0.0021233558654785156
181258,normal,405,0,1782360804.274425,0.002012014389038086
181259,normal,2174,0,1782360804.276349,0.0019240379333496094
181260,normal,1798,0,1782360804.2784498,0.002100706100463867
181261,normal,3417,0,1782360804.2804096,0.0019598007202148438
181262,normal,674,0,1782360804.282418,0.0020084381103515625
181263,normal,3595,0,1782360804.2849338,0.0025157928466796875
181264,normal,478,0,1782360804.2865,0.001566171646118164
181265,normal,2225,0,1782360804.2881927,0.0016927719116210938
181266,normal,3530,0,1782360804.290438,0.002245187759399414
181267,normal,9,0,1782360804.2924502,0.0020122528076171875
181268,normal,1092,0,1782360804.2943912,0.0019409656524658203
181269,normal,2697,0,1782360804.2964745,0.002083301544189453
181270,normal,1676,0,1782360804.2984033,0.0019288063049316406
181271,normal,516,0,1782360804.3002913,0.0018880367279052734
181272,normal,3472,0,1782360804.3027244,0.0024330615997314453
181273,normal,1704,0,1782360804.3044949,0.0017704963684082031
181274,normal,2801,0,1782360804.3061986,0.0017037391662597656
181275,normal,3078,1,1782360804.30836,0.0021615028381347656
181276,normal,1841,0,1782360804.3103838,0.0020236968994140625
181277,normal,3643,0,1782360804.31232,0.001936197280883789
181278,normal,3318,1,1782360804.3144238,0.0021038055419921875
181279,normal,2548,0,1782360804.3164203,0.0019965171813964844
181280,normal,1673,0,1782360804.3183146,0.001894235610961914
181281,normal,2328,0,1782360804.3204205,0.0021059513092041016
181282,normal,3506,0,1782360804.3223567,0.001936197280883789
181283,normal,1846,0,1782360804.324496,0.0021393299102783203
181284,normal,1203,0,1782360804.326445,0.0019490718841552734
181285,normal,1177,0,1782360804.3283079,0.0018627643585205078
181286,normal,2674,0,1782360804.330326,0.0020182132720947266
181287,normal,1185,0,1782360804.332487,0.0021610260009765625
181288,normal,466,0,1782360804.3344839,0.001996755599975586
181289,normal,3667,0,1782360804.336327,0.0018432140350341797
181290,normal,3514,0,1782360804.3383777,0.002050638198852539
181291,normal,2099,0,1782360804.3404226,0.0020449161529541016
181292,normal,1113,0,1782360804.3423371,0.0019145011901855469
181293,normal,1876,0,1782360804.3444552,0.0021181106567382812
181294,normal,3665,0,1782360804.34646,0.002004861831665039
181295,normal,3091,1,1782360804.3483782,0.0019180774688720703
181296,normal,1566,0,1782360804.3503547,0.001976490020751953
181297,normal,1854,0,1782360804.3522613,0.0019066333770751953
181298,normal,290,0,1782360804.354195,0.0019338130950927734
181299,normal,1832,0,1782360804.3562207,0.002025604248046875
181300,normal,1297,0,1782360804.3581874,0.001966714859008789
181301,normal,588,0,1782360804.3602417,0.0020542144775390625
181302,normal,996,2,1782360804.3623936,0.002151966094970703
181303,normal,1968,0,1782360804.3645425,0.002148866653442383
181304,normal,2474,0,1782360804.366213,0.0016705989837646484
181305,normal,2233,0,1782360804.3683195,0.0021064281463623047
181306,normal,2298,0,1782360804.370308,0.0019884109497070312
181307,normal,1271,0,1782360804.372239,0.0019311904907226562
181308,normal,2123,0,1782360804.3742623,0.0020232200622558594
181309,normal,2020,0,1782360804.3762712,0.0020089149475097656
181310,normal,3122,1,1782360804.3782656,0.0019943714141845703
181311,normal,1426,0,1782360804.3803632,0.002097606658935547
181312,normal,2509,0,1782360804.3823774,0.00201416015625
181313,normal,929,2,1782360804.3843749,0.0019974708557128906
181314,normal,360,0,1782360804.3864717,0.002096891403198242
181315,normal,2786,0,1782360804.3884597,0.001987934112548828
181316,normal,3125,1,1782360804.3904827,0.002022981643676758
181317,normal,2968,0,1782360804.3923812,0.0018985271453857422
181318,normal,1114,0,1782360804.394344,0.001962900161743164
181319,normal,57,0,1782360804.3964665,0.0021224021911621094
181320,normal,3706,0,1782360804.3983822,0.0019156932830810547
181321,normal,2250,0,1782360804.4001753,0.0017931461334228516
181322,normal,888,2,1782360804.4022586,0.002083301544189453
181323,normal,3457,0,1782360804.4042585,0.0019998550415039062
181324,normal,1732,0,1782360804.4063694,0.0021109580993652344
181325,normal,2627,0,1782360804.4081855,0.0018160343170166016
181326,normal,725,0,1782360804.4102726,0.002087116241455078
181327,normal,455,0,1782360804.4121816,0.001909017562866211
181328,normal,2176,0,1782360804.414263,0.0020813941955566406
181329,normal,1076,0,1782360804.4163682,0.002105236053466797
181330,normal,2652,0,1782360804.4187138,0.002345561981201172
181331,normal,1849,0,1782360804.420332,0.0016181468963623047
181332,normal,2089,0,1782360804.4223032,0.0019712448120117188
181333,normal,3136,1,1782360804.4242895,0.001986265182495117
181334,normal,3489,0,1782360804.426294,0.0020046234130859375
181335,normal,3642,0,1782360804.4283063,0.0020122528076171875
181336,normal,3214,1,1782360804.43053,0.0022237300872802734
181337,normal,882,2,1782360804.432244,0.0017139911651611328
181338,normal,3619,0,1782360804.4342,0.0019559860229492188
181339,normal,1256,0,1782360804.4362895,0.0020895004272460938
181340,normal,2342,0,1782360804.4383075,0.002017974853515625
181341,normal,3086,1,1782360804.440307,0.001999378204345703
181342,normal,1267,0,1782360804.4423118,0.002004861831665039
181343,normal,1870,0,1782360804.4444005,0.002088785171508789
181344,normal,828,2,1782360804.4463367,0.001936197280883789
181345,normal,1956,0,1782360804.4483314,0.001994609832763672
181346,normal,2470,0,1782360804.4505258,0.0021944046020507812
181347,normal,1100,0,1782360804.4530096,0.002483844757080078
181348,normal,3568,0,1782360804.4543245,0.0013148784637451172
181349,normal,3385,1,1782360804.4562688,0.0019443035125732422
181350,normal,3171,1,1782360804.4582307,0.001961946487426758
181351,normal,351,0,1782360804.4602866,0.0020558834075927734
181352,normal,1276,0,1782360804.4623697,0.0020830631256103516
181353,normal,156,0,1782360804.4643092,0.001939535140991211
181354,normal,1980,0,1782360804.4663992,0.002089977264404297
181355,normal,3483,0,1782360804.4684074,0.002008199691772461
181356,normal,583,0,1782360804.4703386,0.0019311904907226562
181357,normal,2169,0,1782360804.4727008,0.0023622512817382812
181358,normal,1744,0,1782360804.474728,0.002027273178100586
181359,normal,1420,0,1782360804.4763422,0.0016140937805175781
181360,normal,1575,0,1782360804.4784865,0.002144336700439453
181361,normal,512,0,1782360804.480352,0.001865386962890625
181362,normal,3395,1,1782360804.4823496,0.001997709274291992
181363,normal,190,0,1782360804.4843547,0.0020051002502441406
181364,normal,314,0,1782360804.4863636,0.0020089149475097656
181365,normal,1409,0,1782360804.4883993,0.0020356178283691406
181366,normal,1804,0,1782360804.490325,0.0019257068634033203
181367,normal,2093,0,1782360804.4923792,0.0020542144775390625
181368,normal,3447,0,1782360804.4943519,0.001972675323486328
181369,normal,1599,0,1782360804.4963481,0.001996278762817383
181370,normal,1893,0,1782360804.4983516,0.0020034313201904297
181371,normal,1554,0,1782360804.5003521,0.002000570297241211
181372,normal,3536,0,1782360804.5024486,0.002096414566040039
181373,normal,1006,2,1782360804.504249,0.001800537109375
181374,normal,1385,0,1782360804.506325,0.0020759105682373047
181375,normal,2936,0,1782360804.508325,0.002000093460083008
181376,normal,253,0,1782360804.5103483,0.0020232200622558594
181377,normal,3112,1,1782360804.5124412,0.0020928382873535156
181378,normal,1825,0,1782360804.51424,0.001798868179321289
181379,normal,809,2,1782360804.5163333,0.0020933151245117188
181380,normal,1015,2,1782360804.5182626,0.0019292831420898438
181381,normal,2579,0,1782360804.5203118,0.0020492076873779297
181382,normal,2951,0,1782360804.5223005,0.001988649368286133
181383,normal,170,0,1782360804.5242946,0.0019941329956054688
181384,normal,1384,0,1782360804.5263517,0.0020570755004882812
181385,normal,2990,0,1782360804.5283597,0.0020079612731933594
181386,normal,2090,0,1782360804.530431,0.002071380615234375
181387,normal,533,0,1782360804.532391,0.0019600391387939453
181388,normal,1057,0,1782360804.5346088,0.0022177696228027344
181389,normal,2668,0,1782360804.5367,0.0020911693572998047
181390,normal,1221,0,1782360804.5383234,0.001623392105102539
181391,normal,3436,0,1782360804.540314,0.0019905567169189453
181392,normal,1770,0,1782360804.542206,0.00189208984375
181393,normal,2576,0,1782360804.544288,0.0020818710327148438
181394,normal,3699,0,1782360804.5463808,0.0020928382873535156
181395,normal,1528,0,1782360804.5482824,0.0019016265869140625
181396,normal,1357,1,1782360804.5502822,0.0019998550415039062
181397,normal,3383,1,1782360804.5522735,0.00199127197265625
181398,normal,2634,0,1782360804.5542815,0.0020079612731933594
181399,normal,101,0,1782360804.556948,0.002666473388671875
181400,normal,2270,0,1782360804.5583928,0.0014448165893554688
181401,normal,439,0,1782360804.5603275,0.0019347667694091797
181402,normal,1513,0,1782360804.5622942,0.001966714859008789
181403,normal,2803,0,1782360804.565371,0.003076791763305664
181404,normal,2617,0,1782360804.5662315,0.0008604526519775391
181405,normal,2048,0,1782360804.5684857,0.0022542476654052734
181406,normal,3611,0,1782360804.570317,0.0018312931060791016
181407,normal,2664,0,1782360804.572296,0.0019788742065429688
181408,normal,3540,0,1782360804.5743158,0.0020198822021484375
181409,normal,3155,1,1782360804.5762343,0.0019185543060302734
181410,normal,1418,0,1782360804.5782297,0.0019953250885009766
181411,normal,3678,0,1782360804.5806413,0.0024116039276123047
181412,normal,1986,0,1782360804.582429,0.0017876625061035156
181413,normal,277,0,1782360804.5844285,0.0019996166229248047
181414,normal,3676,0,1782360804.5863364,0.0019078254699707031
181415,normal,200,0,1782360804.588438,0.0021016597747802734
181416,normal,1329,1,1782360804.5905488,0.002110719680786133
181417,normal,311,0,1782360804.5924757,0.0019268989562988281
181418,normal,1494,0,1782360804.5944707,0.001995086669921875
181419,normal,3438,0,1782360804.5962727,0.0018019676208496094
181420,normal,1307,0,1782360804.598236,0.001963376998901367
181421,normal,100,0,1782360804.6002736,0.002037525177001953
181422,normal,3529,0,1782360804.602294,0.0020203590393066406
181423,normal,1407,0,1782360804.6043754,0.0020813941955566406
181424,normal,3482,0,1782360804.6064804,0.0021049976348876953
181425,normal,2655,0,1782360804.608311,0.0018305778503417969
181426,normal,2976,0,1782360804.610315,0.0020041465759277344
181427,normal,433,0,1782360804.6123056,0.0019905567169189453
181428,normal,3239,1,1782360804.6143012,0.001995563507080078
181429,normal,2678,0,1782360804.6163082,0.002007007598876953
181430,normal,820,2,1782360804.61831,0.0020017623901367188
181431,normal,3093,1,1782360804.620363,0.0020530223846435547
181432,normal,1529,0,1782360804.6223764,0.0020134449005126953
181433,normal,1653,0,1782360804.6244142,0.0020377635955810547
181434,normal,957,2,1782360804.6262794,0.0018651485443115234
181435,normal,2952,0,1782360804.628305,0.002025604248046875
181436,normal,2448,0,1782360804.6303494,0.0020444393157958984
181437,normal,1765,0,1782360804.632392,0.002042531967163086
181438,normal,3659,0,1782360804.6343908,0.0019989013671875
181439,normal,3707,0,1782360804.6362727,0.0018818378448486328
181440,normal,1033,0,1782360804.6382911,0.002018451690673828
181441,normal,1792,0,1782360804.640315,0.002023935317993164
181442,normal,482,0,1782360804.6423247,0.0020096302032470703
181443,normal,319,0,1782360804.6443343,0.0020096302032470703
181444,normal,870,2,1782360804.6463377,0.0020034313201904297
181445,normal,2432,0,1782360804.6484203,0.0020825862884521484
181446,normal,3421,0,1782360804.6503263,0.0019059181213378906
181447,normal,3211,1,1782360804.6523185,0.0019922256469726562
181448,normal,3541,0,1782360804.6543121,0.0019936561584472656
181449,normal,1790,0,1782360804.6563256,0.0020134449005126953
181450,normal,2691,0,1782360804.6584005,0.0020749568939208984
181451,normal,3044,0,1782360804.6602752,0.001874685287475586
181452,normal,949,2,1782360804.6624827,0.002207517623901367
181453,normal,3169,1,1782360804.6642358,0.001753091812133789
181454,normal,2555,0,1782360804.666334,0.00209808349609375
181455,normal,503,0,1782360804.6683564,0.0020225048065185547
181456,normal,1660,0,1782360804.6703393,0.0019829273223876953
181457,normal,329,0,1782360804.6723003,0.0019609928131103516
181458,normal,438,0,1782360804.674286,0.0019855499267578125
181459,normal,228,0,1782360804.6762865,0.002000570297241211
181460,normal,1727,0,1782360804.6783354,0.002048969268798828
181461,normal,896,2,1782360804.680382,0.0020465850830078125
181462,normal,1556,0,1782360804.682272,0.001889944076538086
181463,normal,220,0,1782360804.6843917,0.002119779586791992
181464,normal,1888,0,1782360804.6866887,0.002296924591064453
181465,normal,702,0,1782360804.688291,0.0016024112701416016
181466,normal,1878,0,1782360804.6903212,0.0020301342010498047
181467,normal,1272,0,1782360804.692283,0.0019617080688476562
181468,normal,1918,0,1782360804.694331,0.002048015594482422
181469,normal,3224,1,1782360804.6963944,0.0020635128021240234
181470,normal,3407,0,1782360804.6981492,0.0017547607421875
181471,normal,1793,0,1782360804.7001395,0.0019903182983398438
181472,normal,1030,0,1782360804.7021365,0.0019969940185546875
181473,normal,463,0,1782360804.704125,0.0019884109497070312
181474,normal,1274,0,1782360804.7062025,0.0020775794982910156
181475,normal,1573,0,1782360804.7081628,0.001960277557373047
181476,normal,358,0,1782360804.7101529,0.001990079879760742
181477,normal,3511,0,1782360804.7122707,0.0021178722381591797
181478,normal,97,0,1782360804.7142618,0.0019910335540771484
181479,normal,1625,0,1782360804.7164137,0.002151966094970703
181480,normal,3209,1,1782360804.718685,0.0022711753845214844
181481,normal,2232,0,1782360804.7203324,0.0016474723815917969
181482,normal,3691,0,1782360804.722334,0.002001523971557617
181483,normal,1751,0,1782360804.7243075,0.0019736289978027344
181484,normal,1749,0,1782360804.7263122,0.0020046234130859375
181485,normal,2925,0,1782360804.7283134,0.0020012855529785156
181486,normal,1232,0,1782360804.7304716,0.0021581649780273438
181487,normal,371,0,1782360804.7322779,0.0018062591552734375
181488,normal,2788,0,1782360804.734215,0.0019371509552001953
181489,normal,2200,0,1782360804.7362785,0.0020635128021240234
181490,normal,2777,0,1782360804.7382114,0.0019328594207763672
181491,normal,2595,0,1782360804.7403135,0.0021021366119384766
181492,normal,2999,0,1782360804.742316,0.0020024776458740234
181493,normal,2199,0,1782360804.7443998,0.0020837783813476562
181494,normal,3320,1,1782360804.7463522,0.0019524097442626953
181495,normal,2884,0,1782360804.7483466,0.0019943714141845703
181496,normal,247,0,1782360804.7504604,0.002113819122314453
181497,normal,1224,0,1782360804.7530158,0.002555370330810547
181498,normal,2902,0,1782360804.754367,0.0013513565063476562
181499,normal,3162,1,1782360804.7562776,0.0019104480743408203
181500,normal,315,0,1782360804.7582526,0.0019750595092773438
181501,normal,654,0,1782360804.7603538,0.0021011829376220703
181502,normal,2501,0,1782360804.7623918,0.0020380020141601562
181503,normal,2473,0,1782360804.764399,0.0020072460174560547
181504,normal,697,0,1782360804.7663317,0.0019326210021972656
181505,normal,1983,0,1782360804.768463,0.002131223678588867
181506,normal,2393,0,1782360804.7703497,0.0018868446350097656
181507,normal,2386,0,1782360804.7722888,0.0019390583038330078
181508,normal,1509,0,1782360804.7746844,0.0023956298828125
181509,normal,328,0,1782360804.7764947,0.001810312271118164
181510,normal,1852,0,1782360804.778466,0.0019712448120117188
181511,normal,1810,0,1782360804.7803876,0.0019216537475585938
181512,normal,3216,1,1782360804.782379,0.00199127197265625
181513,normal,1415,0,1782360804.7843194,0.0019404888153076172
181514,normal,2819,0,1782360804.7863927,0.0020732879638671875
181515,normal,645,0,1782360804.7887888,0.002396106719970703
181516,normal,1422,0,1782360804.7903297,0.0015408992767333984
181517,normal,462,0,1782360804.792291,0.001961231231689453
181518,normal,2835,0,1782360804.7943656,0.002074718475341797
181519,normal,1620,0,1782360804.7962663,0.0019006729125976562
181520,normal,342,0,1782360804.798348,0.002081632614135742
181521,normal,667,0,1782360804.8003523,0.002004384994506836
181522,normal,3080,1,1782360804.8023536,0.0020012855529785156
181523,normal,276,0,1782360804.8043985,0.0020449161529541016
181524,normal,1973,0,1782360804.8063388,0.0019402503967285156
181525,normal,730,0,1782360804.808332,0.0019931793212890625
181526,normal,1797,0,1782360804.8103244,0.001992464065551758
181527,normal,2533,0,1782360804.8123238,0.001999378204345703
181528,normal,2414,0,1782360804.8144102,0.0020864009857177734
181529,normal,1567,0,1782360804.8162658,0.001855611801147461
181530,normal,1809,0,1782360804.818378,0.002112150192260742
181531,normal,1731,0,1782360804.820344,0.0019659996032714844
181532,normal,15,0,1782360804.822339,0.001995086669921875
181533,normal,1371,1,1782360804.8243802,0.0020411014556884766
181534,normal,2510,0,1782360804.8262103,0.0018301010131835938
181535,normal,1951,0,1782360804.828295,0.0020847320556640625
181536,normal,53,0,1782360804.830291,0.0019960403442382812
181537,normal,2356,0,1782360804.8322856,0.001994609832763672
181538,normal,5,0,1782360804.8343663,0.002080678939819336
181539,normal,2873,0,1782360804.8363895,0.0020232200622558594
181540,normal,284,0,1782360804.8382878,0.0018982887268066406
181541,normal,1987,0,1782360804.8404698,0.0021820068359375
181542,normal,3139,1,1782360804.8424566,0.0019867420196533203
181543,normal,593,0,1782360804.8443894,0.0019328594207763672
181544,normal,1373,1,1782360804.846382,0.001992464065551758
181545,normal,1333,1,1782360804.8484223,0.002040386199951172
181546,normal,2544,0,1782360804.8503685,0.0019462108612060547
181547,normal,1077,0,1782360804.8523967,0.002028226852416992
181548,normal,2874,0,1782360804.8542688,0.0018720626831054688
181549,normal,3127,1,1782360804.8562627,0.001993894577026367
181550,normal,3658,0,1782360804.8582625,0.0019998550415039062
181551,normal,2167,0,1782360804.8604138,0.0021512508392333984
181552,normal,77,0,1782360804.8622077,0.0017938613891601562
181553,normal,2058,0,1782360804.864278,0.0020704269409179688
181554,normal,923,2,1782360804.8662686,0.0019905567169189453
181555,normal,1911,0,1782360804.8682604,0.001991748809814453
181556,normal,1803,0,1782360804.8704336,0.002173185348510742
181557,normal,2531,0,1782360804.8726816,0.002248048782348633
181558,normal,1564,0,1782360804.8743324,0.0016508102416992188
181559,normal,987,2,1782360804.876318,0.0019855499267578125
181560,normal,3029,0,1782360804.8783226,0.0020046234130859375
181561,normal,1134,0,1782360804.8803113,0.001988649368286133
181562,normal,493,0,1782360804.8823104,0.0019991397857666016
181563,normal,149,0,1782360804.8844857,0.0021753311157226562
181564,normal,536,0,1782360804.8862832,0.0017974376678466797
181565,normal,2046,0,1782360804.8882978,0.002014636993408203
181566,normal,1766,0,1782360804.8903012,0.0020034313201904297
181567,normal,1173,0,1782360804.892302,0.0020008087158203125
181568,normal,1226,0,1782360804.8943155,0.0020134449005126953
181569,normal,1019,2,1782360804.8963096,0.0019941329956054688
181570,normal,2592,0,1782360804.898393,0.002083301544189453
181571,normal,2604,0,1782360804.9002485,0.001855611801147461
181572,normal,308,0,1782360804.9023378,0.002089262008666992
181573,normal,2423,0,1782360804.9044695,0.0021317005157470703
181574,normal,2996,0,1782360804.9069843,0.0025148391723632812
181575,normal,1916,0,1782360804.908345,0.0013606548309326172
181576,normal,3295,1,1782360804.9102788,0.0019338130950927734
181577,normal,1060,0,1782360804.9123836,0.0021047592163085938
181578,normal,130,0,1782360804.914375,0.0019915103912353516
181579,normal,2929,0,1782360804.916419,0.0020439624786376953
181580,normal,2767,0,1782360804.9183357,0.001916646957397461
181581,normal,3090,1,1782360804.920473,0.002137422561645508
181582,normal,1716,0,1782360804.9221961,0.0017230510711669922
181583,normal,3099,1,1782360804.9244595,0.002263307571411133
181584,normal,1560,0,1782360804.9265847,0.002125263214111328
181585,normal,600,0,1782360804.9282074,0.0016226768493652344
181586,normal,2871,0,1782360804.9302275,0.002020120620727539
181587,normal,595,0,1782360804.932283,0.0020554065704345703
181588,normal,2928,0,1782360804.9343085,0.002025604248046875
181589,normal,2098,0,1782360804.9363194,0.002010822296142578
181590,normal,3695,0,1782360804.9383218,0.0020024776458740234
181591,normal,1757,0,1782360804.9403074,0.0019855499267578125
181592,normal,3167,1,1782360804.9423137,0.0020062923431396484
181593,normal,3686,0,1782360804.9443169,0.002003192901611328
181594,normal,3663,0,1782360804.9463558,0.0020389556884765625
181595,normal,354,0,1782360804.9483778,0.0020220279693603516
181596,normal,3119,1,1782360804.950391,0.0020132064819335938
181597,normal,1016,2,1782360804.9522667,0.0018756389617919922
181598,normal,1246,0,1782360804.9544318,0.002165079116821289
181599,normal,2733,0,1782360804.9563622,0.0019304752349853516
181600,normal,2396,0,1782360804.9583852,0.002022981643676758
181601,normal,569,0,1782360804.9602933,0.0019080638885498047
181602,normal,2921,0,1782360804.962341,0.0020477771759033203
181603,normal,412,0,1782360804.9642527,0.0019116401672363281
181604,normal,2450,0,1782360804.9663184,0.0020656585693359375
181605,normal,288,0,1782360804.9683151,0.001996755599975586
181606,normal,449,0,1782360804.970323,0.0020079612731933594
181607,normal,2316,0,1782360804.972324,0.0020008087158203125
181608,normal,1512,0,1782360804.9743357,0.0020117759704589844
181609,normal,1487,0,1782360804.9764192,0.0020835399627685547
181610,normal,2017,0,1782360804.9782171,0.0017979145050048828
181611,normal,3470,0,1782360804.980299,0.0020818710327148438
181612,normal,3478,0,1782360804.9823017,0.002002716064453125
181613,normal,2930,0,1782360804.9843004,0.0019986629486083984
181614,normal,105,0,1782360804.9863656,0.0020651817321777344
181615,normal,2608,0,1782360804.9883866,0.0020210742950439453
181616,normal,2905,0,1782360804.9902966,0.0019099712371826172
181617,normal,3669,0,1782360804.9923046,0.0020079612731933594
181618,normal,2924,0,1782360804.9943225,0.002017974853515625
181619,normal,237,0,1782360804.9963882,0.0020656585693359375
181620,normal,1679,0,1782360804.9983015,0.001913309097290039
181621,normal,1340,1,1782360805.0002685,0.0019669532775878906
181622,normal,437,0,1782360805.0022683,0.0019998550415039062
181623,normal,712,0,1782360805.0042803,0.002012014389038086
181624,normal,939,2,1782360805.0063488,0.0020685195922851562
181625,normal,1143,0,1782360805.0083835,0.0020346641540527344
181626,normal,1200,0,1782360805.010377,0.001993417739868164
181627,normal,3269,1,1782360805.0123823,0.002005338668823242
181628,normal,582,0,1782360805.0144136,0.0020313262939453125
181629,normal,1988,0,1782360805.0165606,0.0021469593048095703
181630,normal,2791,0,1782360805.01828,0.0017194747924804688
181631,normal,2369,0,1782360805.0204263,0.0021462440490722656
181632,normal,3321,1,1782360805.0224304,0.0020041465759277344
181633,normal,2881,0,1782360805.0243232,0.0018928050994873047
181634,normal,2985,0,1782360805.0262716,0.0019483566284179688
181635,normal,660,0,1782360805.0282686,0.0019969940185546875
181636,normal,991,2,1782360805.0302677,0.0019991397857666016
181637,normal,3450,0,1782360805.0323627,0.0020949840545654297
181638,normal,1399,0,1782360805.034318,0.001955270767211914
181639,normal,3126,1,1782360805.036263,0.0019450187683105469
181640,normal,2144,0,1782360805.0382595,0.0019965171813964844
181641,normal,316,0,1782360805.040261,0.002001523971557617
181642,normal,3437,0,1782360805.042259,0.0019979476928710938
181643,normal,1761,0,1782360805.0450068,0.002747774124145508
181644,normal,2143,0,1782360805.046435,0.001428365707397461
181645,normal,713,0,1782360805.0483177,0.0018825531005859375
181646,normal,1122,0,1782360805.050318,0.0020003318786621094
181647,normal,113,0,1782360805.0523787,0.0020606517791748047
181648,normal,2961,0,1782360805.0543108,0.0019321441650390625
181649,normal,2757,0,1782360805.0564268,0.002115964889526367
181650,normal,1867,0,1782360805.0584369,0.0020101070404052734
181651,normal,1975,0,1782360805.0602117,0.0017747879028320312
181652,normal,1759,0,1782360805.0622995,0.002087831497192383
181653,normal,3033,0,1782360805.06431,0.0020105838775634766
181654,normal,1527,0,1782360805.0663102,0.002000093460083008
181655,normal,3182,1,1782360805.0683155,0.002005338668823242
181656,normal,2043,0,1782360805.0703752,0.0020596981048583984
181657,normal,1390,0,1782360805.0723689,0.0019936561584472656
181658,normal,1753,0,1782360805.0743513,0.001982450485229492
181659,normal,3410,0,1782360805.0764306,0.0020792484283447266
181660,normal,476,0,1782360805.0789864,0.00255584716796875
181661,normal,131,0,1782360805.080691,0.0017046928405761719
181662,normal,3392,1,1782360805.0821977,0.0015065670013427734
181663,normal,1172,0,1782360805.0842578,0.0020601749420166016
181664,normal,2019,0,1782360805.0863662,0.002108335494995117
181665,normal,1511,0,1782360805.0883625,0.001996278762817383
181666,normal,982,2,1782360805.090381,0.002018451690673828
181667,normal,2888,0,1782360805.092418,0.00203704833984375
181668,normal,1480,0,1782360805.0944405,0.0020225048065185547
181669,normal,331,0,1782360805.0963094,0.0018689632415771484
181670,normal,3424,0,1782360805.0982647,0.001955270767211914
181671,normal,2812,0,1782360805.1004148,0.0021500587463378906
181672,normal,550,0,1782360805.1024082,0.001993417739868164
181673,normal,881,2,1782360805.1045046,0.002096414566040039
181674,normal,817,2,1782360805.1065006,0.0019960403442382812
181675,normal,1004,2,1782360805.1083002,0.0017995834350585938
181676,normal,2338,0,1782360805.110358,0.002057790756225586
181677,normal,2837,0,1782360805.112356,0.0019979476928710938
181678,normal,2280,0,1782360805.1143632,0.0020072460174560547
181679,normal,3496,0,1782360805.1163926,0.0020294189453125
181680,normal,2632,0,1782360805.1183972,0.0020046234130859375
181681,normal,1097,0,1782360805.1202567,0.001859426498413086
181682,normal,1382,0,1782360805.1223166,0.0020599365234375
181683,normal,2701,0,1782360805.1243203,0.0020036697387695312
181684,normal,757,0,1782360805.126324,0.0020036697387695312
181685,normal,2741,0,1782360805.1283355,0.002011537551879883
181686,normal,575,0,1782360805.130386,0.002050638198852539
181687,normal,2283,0,1782360805.1322074,0.001821279525756836
181688,normal,2562,0,1782360805.1342971,0.0020897388458251953
181689,normal,1786,0,1782360805.136299,0.0020017623901367188
181690,normal,3018,0,1782360805.1384027,0.0021038055419921875
181691,normal,3251,1,1782360805.140313,0.0019102096557617188
181692,normal,822,2,1782360805.142332,0.002019166946411133
181693,normal,581,0,1782360805.1443133,0.0019812583923339844
181694,normal,739,0,1782360805.146338,0.0020246505737304688
181695,normal,3212,1,1782360805.1483026,0.001964569091796875
181696,normal,1397,0,1782360805.1502936,0.0019910335540771484
181697,normal,1722,0,1782360805.1523087,0.0020151138305664062
181698,normal,1278,0,1782360805.1543329,0.0020241737365722656
181699,normal,2825,0,1782360805.15635,0.0020170211791992188
181700,normal,1190,0,1782360805.158497,0.002147197723388672
181701,normal,1890,0,1782360805.160345,0.001847982406616211
181702,normal,50,0,1782360805.162427,0.0020818710327148438
181703,normal,1055,0,1782360805.1654162,0.0029892921447753906
181704,normal,3518,0,1782360805.16676,0.0013437271118164062
181705,normal,3193,1,1782360805.168282,0.001522064208984375
181706,normal,3581,0,1782360805.170329,0.0020470619201660156
181707,normal,1594,0,1782360805.1722934,0.0019643306732177734
181708,normal,1250,0,1782360805.1742854,0.0019919872283935547
181709,normal,1260,0,1782360805.1762989,0.0020134449005126953
181710,normal,2339,0,1782360805.1782718,0.0019729137420654297
181711,normal,2439,0,1782360805.1801965,0.001924753189086914
181712,normal,1814,0,1782360805.1821737,0.001977205276489258
181713,normal,585,0,1782360805.1841793,0.0020055770874023438
181714,normal,3227,1,1782360805.1862988,0.0021195411682128906
181715,normal,642,0,1782360805.1887724,0.002473592758178711
181716,normal,1935,0,1782360805.1903646,0.0015921592712402344
181717,normal,2006,0,1782360805.1922936,0.0019290447235107422
181718,normal,2400,0,1782360805.1941786,0.0018849372863769531
181719,normal,2054,0,1782360805.1963208,0.002142190933227539
181720,normal,3402,0,1782360805.1983109,0.001990079879760742
181721,normal,2756,0,1782360805.2005067,0.0021958351135253906
181722,normal,977,2,1782360805.202405,0.0018982887268066406
181723,normal,3107,1,1782360805.2043025,0.001897573471069336
181724,normal,3276,1,1782360805.2062001,0.001897573471069336
181725,normal,3355,1,1782360805.208294,0.002093791961669922
181726,normal,302,0,1782360805.2103097,0.002015829086303711
181727,normal,2213,0,1782360805.212465,0.002155303955078125
181728,normal,2899,0,1782360805.2145236,0.0020585060119628906
181729,normal,180,0,1782360805.2163074,0.0017838478088378906
181730,normal,3526,0,1782360805.2184408,0.0021333694458007812
181731,normal,236,0,1782360805.2204702,0.0020294189453125
181732,normal,225,0,1782360805.2225416,0.002071380615234375
181733,normal,2161,0,1782360805.2244925,0.001950979232788086
181734,normal,367,0,1782360805.226438,0.00194549560546875
181735,normal,1729,0,1782360805.228176,0.0017380714416503906
181736,normal,2465,0,1782360805.2302346,0.0020585060119628906
181737,normal,2276,0,1782360805.2322698,0.0020351409912109375
181738,normal,79,0,1782360805.2345004,0.0022306442260742188
181739,normal,3102,1,1782360805.236402,0.0019016265869140625
181740,normal,199,0,1782360805.2384512,0.0020492076873779297
181741,normal,252,0,1782360805.2402713,0.0018200874328613281
181742,normal,579,0,1782360805.2423306,0.0020592212677001953
181743,normal,3006,0,1782360805.2443123,0.0019817352294921875
181744,normal,2885,0,1782360805.2463799,0.00206756591796875
181745,normal,3313,1,1782360805.248296,0.0019161701202392578
181746,normal,1701,0,1782360805.2503424,0.002046346664428711
181747,normal,1196,0,1782360805.2523613,0.0020189285278320312
181748,normal,1884,0,1782360805.2543883,0.0020270347595214844
181749,normal,3179,1,1782360805.2563796,0.00199127197265625
181750,normal,3461,0,1782360805.2581878,0.00180816650390625
181751,normal,989,2,1782360805.2603228,0.002135038375854492
181752,normal,2506,0,1782360805.2623641,0.002041339874267578
181753,normal,3037,0,1782360805.2643886,0.002024412155151367
181754,normal,2248,0,1782360805.266308,0.0019195079803466797
181755,normal,900,2,1782360805.2682834,0.0019752979278564453
181756,normal,2147,0,1782360805.2702901,0.0020067691802978516
181757,normal,2640,0,1782360805.2723267,0.002036571502685547
181758,normal,2007,0,1782360805.2743208,0.0019941329956054688
181759,normal,1972,0,1782360805.276317,0.0019960403442382812
181760,normal,1335,1,1782360805.2783253,0.0020084381103515625
181761,normal,3307,1,1782360805.280432,0.0021066665649414062
181762,normal,1740,0,1782360805.2822618,0.0018298625946044922
181763,normal,3207,1,1782360805.2842968,0.002034902572631836
181764,normal,2833,0,1782360805.2862926,0.0019958019256591797
181765,normal,451,0,1782360805.2882965,0.002003908157348633
181766,normal,1206,0,1782360805.2903962,0.002099752426147461
181767,normal,2998,0,1782360805.2923596,0.001963376998901367
181768,normal,1218,0,1782360805.2945354,0.0021758079528808594
181769,normal,2441,0,1782360805.296257,0.0017216205596923828
181770,normal,1434,0,1782360805.2983427,0.0020856857299804688
181771,normal,2219,0,1782360805.3002455,0.0019028186798095703
181772,normal,3067,1,1782360805.3023572,0.002111673355102539
181773,normal,1650,0,1782360805.3043113,0.0019540786743164062
181774,normal,2243,0,1782360805.3062906,0.001979351043701172
181775,normal,1095,0,1782360805.3082964,0.0020058155059814453
181776,normal,1062,0,1782360805.3103256,0.0020291805267333984
181777,normal,263,0,1782360805.31239,0.0020644664764404297
181778,normal,2859,0,1782360805.3142774,0.0018873214721679688
181779,normal,374,0,1782360805.3164132,0.002135753631591797
181780,normal,1071,0,1782360805.3183713,0.001958131790161133
181781,normal,1979,0,1782360805.3203254,0.0019540786743164062
181782,normal,2549,0,1782360805.3224616,0.00213623046875
181783,normal,3538,0,1782360805.3243048,0.0018432140350341797
181784,normal,2578,0,1782360805.3264623,0.002157449722290039
181785,normal,2116,0,1782360805.3284962,0.0020339488983154297
181786,normal,3708,0,1782360805.3302248,0.0017285346984863281
181787,normal,3040,0,1782360805.3322897,0.002064943313598633
181788,normal,839,2,1782360805.3342884,0.0019986629486083984
181789,normal,3259,1,1782360805.336287,0.0019986629486083984
181790,normal,2281,0,1782360805.338331,0.0020439624786376953
181791,normal,3682,0,1782360805.3402824,0.001951456069946289
181792,normal,3129,1,1782360805.3422701,0.0019876956939697266
181793,normal,811,2,1782360805.3442698,0.0019996166229248047
181794,normal,2332,0,1782360805.3462772,0.0020074844360351562
181795,normal,2650,0,1782360805.3483796,0.002102375030517578
181796,normal,3228,1,1782360805.3505235,0.00214385986328125
181797,normal,116,0,1782360805.352334,0.0018105506896972656
181798,normal,972,2,1782360805.354208,0.0018739700317382812
181799,normal,2832,0,1782360805.3561912,0.001983165740966797
181800,normal,2468,0,1782360805.3582325,0.002041339874267578
181801,normal,10,0,1782360805.3601906,0.001958131790161133
181802,normal,2420,0,1782360805.362375,0.0021843910217285156
181803,normal,428,0,1782360805.3642619,0.0018868446350097656
181804,normal,2514,0,1782360805.36617,0.0019080638885498047
181805,normal,1995,0,1782360805.368171,0.002001047134399414
181806,normal,1614,0,1782360805.370214,0.002043008804321289
181807,normal,1835,0,1782360805.37218,0.0019659996032714844
181808,normal,3064,1,1782360805.3741868,0.0020067691802978516
181809,normal,2914,0,1782360805.376291,0.0021042823791503906
181810,normal,3069,1,1782360805.3782182,0.0019271373748779297
181811,normal,1216,0,1782360805.380205,0.0019867420196533203
181812,normal,3635,0,1782360805.38248,0.0022749900817871094
181813,normal,3218,1,1782360805.384943,0.002463102340698242
181814,normal,538,0,1782360805.3863437,0.0014007091522216797
181815,normal,3702,0,1782360805.3881776,0.0018339157104492188
181816,normal,1043,0,1782360805.3901246,0.0019469261169433594
181817,normal,3300,1,1782360805.3922186,0.0020940303802490234
181818,normal,950,2,1782360805.3942616,0.002043008804321289
181819,normal,1507,0,1782360805.3962555,0.001993894577026367
181820,normal,2718,0,1782360805.3982794,0.002023935317993164
181821,normal,2377,0,1782360805.4003894,0.002110004425048828
181822,normal,386,0,1782360805.4022238,0.0018343925476074219
181823,normal,3140,1,1782360805.404296,0.0020720958709716797
181824,normal,1615,0,1782360805.4063067,0.002010822296142578
181825,normal,1,0,1782360805.4083967,0.002089977264404297
181826,normal,389,0,1782360805.410398,0.0020012855529785156
181827,normal,559,0,1782360805.4122767,0.0018787384033203125
181828,normal,2779,0,1782360805.4142387,0.001961946487426758
181829,normal,2352,0,1782360805.416268,0.0020294189453125
181830,normal,1769,0,1782360805.4182856,0.002017498016357422
181831,normal,1510,0,1782360805.4214466,0.0031609535217285156
181832,normal,2539,0,1782360805.4222028,0.0007562637329101562
181833,normal,3330,1,1782360805.4242089,0.002006053924560547
181834,normal,280,0,1782360805.4262183,0.0020093917846679688
181835,normal,2467,0,1782360805.428213,0.001994609832763672
181836,normal,1091,0,1782360805.430234,0.0020210742950439453
181837,normal,1746,0,1782360805.4322126,0.001978635787963867
181838,normal,2453,0,1782360805.4342248,0.0020122528076171875
181839,normal,2643,0,1782360805.4363098,0.002084970474243164
181840,normal,1747,0,1782360805.4382038,0.0018939971923828125
181841,normal,2875,0,1782360805.4401855,0.0019817352294921875
181842,normal,686,0,1782360805.4422224,0.0020368099212646484
181843,normal,1259,0,1782360805.444187,0.001964569091796875
181844,normal,1683,0,1782360805.446253,0.0020661354064941406
181845,normal,2303,0,1782360805.4482467,0.0019936561584472656
181846,normal,2647,0,1782360805.450242,0.0019953250885009766
181847,normal,3034,0,1782360805.452194,0.0019519329071044922
181848,normal,894,2,1782360805.4542236,0.0020296573638916016
181849,normal,749,0,1782360805.4562652,0.0020415782928466797
181850,normal,3361,1,1782360805.458167,0.001901865005493164
181851,normal,3331,1,1782360805.460188,0.0020208358764648438
181852,normal,401,0,1782360805.4621527,0.0019648075103759766
181853,normal,2824,0,1782360805.464152,0.001999378204345703
181854,normal,3172,1,1782360805.4662597,0.0021076202392578125
181855,normal,655,0,1782360805.468249,0.0019893646240234375
181856,normal,2269,0,1782360805.4702451,0.0019960403442382812
181857,normal,1198,0,1782360805.472491,0.0022459030151367188
181858,normal,1342,1,1782360805.4743118,0.0018208026885986328
181859,normal,1154,0,1782360805.476316,0.0020041465759277344
181860,normal,1853,0,1782360805.478284,0.001967906951904297
181861,normal,2790,0,1782360805.4803026,0.0020186901092529297
181862,normal,576,0,1782360805.4823027,0.002000093460083008
181863,normal,3391,1,1782360805.4842968,0.0019941329956054688
181864,normal,2752,0,1782360805.4861646,0.0018677711486816406
181865,normal,1682,0,1782360805.488155,0.0019903182983398438
181866,normal,3130,1,1782360805.490201,0.0020461082458496094
181867,normal,3148,1,1782360805.492234,0.0020329952239990234
181868,normal,3586,0,1782360805.4942045,0.001970529556274414
181869,normal,907,2,1782360805.4961452,0.0019407272338867188
181870,normal,151,0,1782360805.4982524,0.0021071434020996094
181871,normal,3400,1,1782360805.5001676,0.0019152164459228516
181872,normal,2537,0,1782360805.5024884,0.0023207664489746094
181873,normal,1296,0,1782360805.5047758,0.0022873878479003906
181874,normal,1020,2,1782360805.5062747,0.0014989376068115234
181875,normal,1489,0,1782360805.508235,0.001960277557373047
181876,normal,1457,0,1782360805.5101712,0.001936197280883789
181877,normal,1188,0,1782360805.5122123,0.0020411014556884766
181878,normal,168,0,1782360805.5143056,0.0020933151245117188
181879,normal,548,0,1782360805.516358,0.00205230712890625
181880,normal,3349,1,1782360805.518234,0.0018761157989501953
181881,normal,1829,0,1782360805.5202177,0.001983642578125
181882,normal,3196,1,1782360805.5221698,0.0019521713256835938
181883,normal,666,0,1782360805.5241842,0.0020143985748291016
181884,normal,1022,2,1782360805.5262227,0.0020384788513183594
181885,normal,1079,0,1782360805.5281835,0.00196075439453125
181886,normal,1508,0,1782360805.5302587,0.0020751953125
181887,normal,65,0,1782360805.5322618,0.002003192901611328
181888,normal,727,0,1782360805.5342562,0.0019943714141845703
181889,normal,3358,1,1782360805.5364323,0.002176046371459961
181890,normal,2,0,1782360805.5388098,0.0023775100708007812
181891,normal,318,0,1782360805.5402539,0.001444101333618164
181892,normal,330,0,1782360805.5421817,0.0019278526306152344
181893,normal,1710,0,1782360805.54431,0.0021283626556396484
181894,normal,80,0,1782360805.5462544,0.0019443035125732422
181895,normal,716,0,1782360805.5482786,0.0020241737365722656
181896,normal,531,0,1782360805.5503774,0.0020987987518310547
181897,normal,2051,0,1782360805.5523787,0.0020012855529785156
181898,normal,3393,1,1782360805.554163,0.0017843246459960938
181899,normal,861,2,1782360805.5563636,0.002200603485107422
181900,normal,590,0,1782360805.5583615,0.0019979476928710938
181901,normal,1579,0,1782360805.560175,0.0018134117126464844
181902,normal,3258,1,1782360805.562145,0.001970052719116211
181903,normal,1603,0,1782360805.5641465,0.002001523971557617
181904,normal,1139,0,1782360805.5661817,0.0020351409912109375
181905,normal,636,0,1782360805.5682244,0.0020427703857421875
181906,normal,3673,0,1782360805.5701847,0.001960277557373047
181907,normal,3455,0,1782360805.5721886,0.002003908157348633
181908,normal,2092,0,1782360805.5742176,0.002028942108154297
181909,normal,1534,0,1782360805.57624,0.0020225048065185547
181910,normal,3328,1,1782360805.5782514,0.0020112991333007812
181911,normal,1875,0,1782360805.5803347,0.002083301544189453
181912,normal,3002,0,1782360805.5822513,0.001916646957397461
181913,normal,1120,0,1782360805.584174,0.001922607421875
181914,normal,3005,0,1782360805.586279,0.0021049976348876953
181915,normal,1702,0,1782360805.588241,0.0019621849060058594
181916,normal,3603,0,1782360805.5902967,0.002055644989013672
181917,normal,1492,0,1782360805.5923753,0.002078533172607422
181918,normal,376,0,1782360805.5941656,0.0017902851104736328
181919,normal,3084,1,1782360805.5961874,0.00202178955078125
181920,normal,3445,0,1782360805.5982451,0.002057790756225586
181921,normal,941,2,1782360805.60018,0.0019347667694091797
181922,normal,26,0,1782360805.6021857,0.0020058155059814453
181923,normal,6,0,1782360805.6042454,0.0020596981048583984
181924,normal,3633,0,1782360805.6062949,0.0020494461059570312
181925,normal,2313,0,1782360805.6081703,0.0018754005432128906
181926,normal,764,0,1782360805.6102092,0.0020389556884765625
181927,normal,1865,0,1782360805.6122007,0.0019915103912353516
181928,normal,2462,0,1782360805.6141906,0.0019898414611816406
181929,normal,1115,0,1782360805.616273,0.002082347869873047
181930,normal,241,0,1782360805.6182516,0.001978635787963867
181931,normal,2690,0,1782360805.6206243,0.00237274169921875
181932,normal,2755,0,1782360805.6221936,0.0015692710876464844
181933,normal,566,0,1782360805.6242268,0.002033233642578125
181934,normal,1840,0,1782360805.6261783,0.001951456069946289
181935,normal,541,0,1782360805.6282418,0.0020635128021240234
181936,normal,2044,0,1782360805.6301847,0.0019428730010986328
181937,normal,887,2,1782360805.6321383,0.001953601837158203
181938,normal,3293,1,1782360805.6342385,0.002100229263305664
181939,normal,1582,0,1782360805.6361923,0.0019538402557373047
181940,normal,1857,0,1782360805.638251,0.002058744430541992
181941,normal,480,0,1782360805.6402607,0.0020096302032470703
181942,normal,3027,0,1782360805.642271,0.002010345458984375
181943,normal,530,0,1782360805.6443377,0.0020666122436523438
181944,normal,3420,0,1782360805.6463964,0.002058744430541992
181945,normal,3319,1,1782360805.6482837,0.0018873214721679688
181946,normal,596,0,1782360805.650237,0.0019533634185791016
181947,normal,2997,0,1782360805.6523776,0.002140522003173828
181948,normal,183,0,1782360805.6542985,0.001920938491821289
181949,normal,1107,0,1782360805.6561348,0.0018362998962402344
181950,normal,1925,0,1782360805.6581914,0.002056598663330078
181951,normal,1366,1,1782360805.6601305,0.0019390583038330078
181952,normal,2317,0,1782360805.6621282,0.001997709274291992
181953,normal,1387,0,1782360805.6643174,0.002189159393310547
181954,normal,2387,0,1782360805.6661282,0.0018107891082763672
181955,normal,474,0,1782360805.668124,0.0019958019256591797
181956,normal,1475,0,1782360805.6702342,0.0021102428436279297
181957,normal,680,0,1782360805.6721735,0.0019392967224121094
181958,normal,2483,0,1782360805.6748645,0.002691030502319336
181959,normal,155,0,1782360805.6764338,0.0015692710876464844
181960,normal,3098,1,1782360805.6781929,0.0017590522766113281
181961,normal,279,0,1782360805.6801708,0.0019779205322265625
181962,normal,364,0,1782360805.6822195,0.0020487308502197266
181963,normal,3662,0,1782360805.6841683,0.0019488334655761719
181964,normal,2014,0,1782360805.6862965,0.002128124237060547
181965,normal,3617,0,1782360805.6883724,0.0020759105682373047
181966,normal,1606,0,1782360805.6901863,0.0018138885498046875
181967,normal,1941,0,1782360805.6921728,0.0019865036010742188
181968,normal,1547,0,1782360805.6942968,0.0021240711212158203
181969,normal,3183,1,1782360805.6961806,0.0018837451934814453
181970,normal,137,0,1782360805.6981928,0.0020122528076171875
181971,normal,608,0,1782360805.7003508,0.002157926559448242
181972,normal,2852,0,1782360805.7022552,0.0019044876098632812
181973,normal,1341,1,1782360805.7042456,0.0019903182983398438
181974,normal,2128,0,1782360805.706259,0.0020134449005126953
181975,normal,685,0,1782360805.7089713,0.002712249755859375
181976,normal,39,0,1782360805.7106924,0.0017211437225341797
181977,normal,3338,1,1782360805.7121615,0.0014691352844238281
181978,normal,2418,0,1782360805.7141554,0.001993894577026367
181979,normal,1128,0,1782360805.7162304,0.0020749568939208984
181980,normal,3077,1,1782360805.7182486,0.0020182132720947266
181981,normal,724,0,1782360805.7202463,0.001997709274291992
181982,normal,2520,0,1782360805.7222784,0.002032041549682617
181983,normal,1536,0,1782360805.7243335,0.0020551681518554688
181984,normal,1903,0,1782360805.7262807,0.001947164535522461
181985,normal,1522,0,1782360805.7281551,0.0018744468688964844
181986,normal,517,0,1782360805.730347,0.002191781997680664
181987,normal,2214,0,1782360805.7323349,0.001987934112548828
181988,normal,2379,0,1782360805.73439,0.0020551681518554688
181989,normal,3668,0,1782360805.7364266,0.002036571502685547
181990,normal,3605,0,1782360805.738231,0.001804351806640625
181991,normal,2654,0,1782360805.7401958,0.0019648075103759766
181992,normal,1726,0,1782360805.7422218,0.002026081085205078
181993,normal,124,0,1782360805.7442038,0.001981973648071289
181994,normal,20,0,1782360805.7462459,0.002042055130004883
181995,normal,682,0,1782360805.748306,0.0020601749420166016
181996,normal,2570,0,1782360805.7502434,0.0019373893737792969
181997,normal,2285,0,1782360805.7522175,0.0019741058349609375
181998,normal,1470,0,1782360805.7542427,0.002025127410888672
181999,normal,3404,0,1782360805.7562122,0.001969575881958008
182000,normal,1275,0,1782360805.75822,0.002007722854614258
182001,normal,3459,0,1782360805.7603054,0.002085447311401367
182002,normal,1672,0,1782360805.7621968,0.0018913745880126953
182003,normal,742,0,1782360805.764224,0.002027273178100586
182004,normal,173,0,1782360805.7670279,0.002803802490234375
182005,normal,3363,1,1782360805.7681792,0.0011513233184814453
182006,normal,3653,0,1782360805.7704182,0.0022389888763427734
182007,normal,1207,0,1782360805.772261,0.0018427371978759766
182008,normal,932,2,1782360805.7741938,0.0019328594207763672
182009,normal,2412,0,1782360805.7762027,0.0020089149475097656
182010,normal,262,0,1782360805.778251,0.0020482540130615234
182011,normal,849,2,1782360805.7801726,0.0019216537475585938
182012,normal,537,0,1782360805.7821608,0.0019881725311279297
182013,normal,1913,0,1782360805.7841883,0.0020275115966796875
182014,normal,264,0,1782360805.7862222,0.0020339488983154297
182015,normal,1442,0,1782360805.7882345,0.0020122528076171875
182016,normal,3610,0,1782360805.7903588,0.002124309539794922
182017,normal,1356,1,1782360805.7923179,0.001959085464477539
182018,normal,2286,0,1782360805.7943323,0.0020143985748291016
182019,normal,1184,0,1782360805.7964702,0.002137899398803711
182020,normal,3010,0,1782360805.7981558,0.0016856193542480469
182021,normal,1612,0,1782360805.800131,0.0019752979278564453
182022,normal,3364,1,1782360805.802158,0.0020270347595214844
182023,normal,3014,0,1782360805.8041246,0.0019664764404296875
182024,normal,1721,0,1782360805.8062358,0.002111196517944336
182025,normal,3074,1,1782360805.8081713,0.0019354820251464844
182026,normal,3687,0,1782360805.810126,0.001954793930053711
182027,normal,1175,0,1782360805.8121243,0.0019981861114501953
182028,normal,94,0,1782360805.8145595,0.0024352073669433594
182029,normal,2908,0,1782360805.81654,0.0019805431365966797
182030,normal,21,0,1782360805.8182716,0.0017316341400146484
182031,normal,3174,1,1782360805.820179,0.0019073486328125
182032,normal,1758,0,1782360805.8221412,0.0019621849060058594
182033,normal,1035,0,1782360805.8241398,0.0019986629486083984
182034,normal,3101,1,1782360805.826428,0.0022881031036376953
182035,normal,469,0,1782360805.8282034,0.001775503158569336
182036,normal,273,0,1782360805.8301501,0.0019466876983642578
182037,normal,3357,1,1782360805.8321807,0.002030611038208008
182038,normal,3683,0,1782360805.83417,0.0019893646240234375
182039,normal,862,2,1782360805.8361685,0.001998424530029297
182040,normal,1472,0,1782360805.8383543,0.002185821533203125
182041,normal,794,2,1782360805.8403435,0.001989126205444336
182042,normal,2581,0,1782360805.8422973,0.0019538402557373047
182043,normal,1715,0,1782360805.844331,0.002033710479736328
182044,normal,1317,0,1782360805.8462987,0.0019676685333251953
182045,normal,2242,0,1782360805.8485074,0.002208709716796875
182046,normal,1713,0,1782360805.850365,0.0018575191497802734
182047,normal,2636,0,1782360805.8522706,0.001905679702758789
182048,normal,2064,0,1782360805.8541448,0.0018742084503173828
182049,normal,2959,0,1782360805.85618,0.0020351409912109375
182050,normal,1262,0,1782360805.8581476,0.0019676685333251953
182051,normal,1697,0,1782360805.8605475,0.002399921417236328
182052,normal,3048,1,1782360805.862535,0.001987457275390625
182053,normal,3677,0,1782360805.864278,0.0017430782318115234
182054,normal,3051,1,1782360805.8665006,0.0022225379943847656
182055,normal,733,0,1782360805.868564,0.002063274383544922
182056,normal,707,0,1782360805.871102,0.0025382041931152344
182057,normal,902,2,1782360805.8723066,0.0012044906616210938
182058,normal,1355,1,1782360805.874371,0.0020644664764404297
182059,normal,1049,0,1782360805.8763123,0.0019412040710449219
182060,normal,1265,0,1782360805.87827,0.0019576549530029297
182061,normal,182,0,1782360805.8804035,0.002133607864379883
182062,normal,2416,0,1782360805.882362,0.0019583702087402344
182063,normal,3297,1,1782360805.88425,0.0018880367279052734
182064,normal,1376,1,1782360805.8863516,0.0021016597747802734
182065,normal,486,0,1782360805.8882425,0.0018908977508544922
182066,normal,488,0,1782360805.8903992,0.0021567344665527344
182067,normal,1454,0,1782360805.892421,0.00202178955078125
182068,normal,721,0,1782360805.8946583,0.0022373199462890625
182069,normal,2751,0,1782360805.896304,0.0016455650329589844
182070,normal,3577,0,1782360805.8983383,0.002034425735473633
182071,normal,695,0,1782360805.900255,0.001916646957397461
182072,normal,2644,0,1782360805.9023778,0.0021228790283203125
182073,normal,2302,0,1782360805.904259,0.0018811225891113281
182074,normal,2100,0,1782360805.906181,0.0019221305847167969
182075,normal,248,0,1782360805.9081829,0.0020017623901367188
182076,normal,43,0,1782360805.9103234,0.002140522003173828
182077,normal,3375,1,1782360805.9122956,0.001972198486328125
182078,normal,1886,0,1782360805.9143207,0.002025127410888672
182079,normal,1443,0,1782360805.9166005,0.0022797584533691406
182080,normal,779,2,1782360805.9182086,0.001608133316040039
182081,normal,2237,0,1782360805.9205613,0.0023527145385742188
182082,normal,2463,0,1782360805.9224145,0.0018532276153564453
182083,normal,2830,0,1782360805.9244123,0.001997709274291992
182084,normal,1833,0,1782360805.9263916,0.001979351043701172
182085,normal,2877,0,1782360805.9285946,0.0022029876708984375
182086,normal,1064,0,1782360805.9302595,0.001664876937866211
182087,normal,652,0,1782360805.932566,0.0023064613342285156
182088,normal,1048,0,1782360805.9343977,0.0018317699432373047
182089,normal,3345,1,1782360805.9364293,0.002031564712524414
182090,normal,3191,1,1782360805.9383948,0.0019655227661132812
182091,normal,2591,0,1782360805.9406095,0.002214670181274414
182092,normal,2065,0,1782360805.9422846,0.0016751289367675781
182093,normal,1083,0,1782360805.944259,0.001974344253540039
182094,normal,326,0,1782360805.9473474,0.0030884742736816406
182095,normal,3657,0,1782360805.9483042,0.0009567737579345703
182096,normal,1688,0,1782360805.950408,0.0021038055419921875
182097,normal,901,2,1782360805.9523308,0.0019228458404541016
182098,normal,391,0,1782360805.9544039,0.002073049545288086
182099,normal,2607,0,1782360805.9562557,0.001851797103881836
182100,normal,1539,0,1782360805.9585533,0.002297639846801758
182101,normal,385,0,1782360805.9602196,0.0016663074493408203
182102,normal,2761,0,1782360805.962371,0.0021514892578125
182103,normal,844,2,1782360805.9643593,0.0019881725311279297
182104,normal,744,0,1782360805.9663703,0.0020110607147216797
182105,normal,624,0,1782360805.9682095,0.0018391609191894531
182106,normal,8,0,1782360805.970419,0.0022094249725341797
182107,normal,3476,0,1782360805.9722066,0.0017876625061035156
182108,normal,484,0,1782360805.9743652,0.002158641815185547
182109,normal,2208,0,1782360805.976333,0.0019676685333251953
182110,normal,3200,1,1782360805.9783678,0.002034902572631836
182111,normal,172,0,1782360805.9802065,0.00183868408203125
182112,normal,2121,0,1782360805.98241,0.0022034645080566406
182113,normal,2727,0,1782360805.984206,0.0017960071563720703
182114,normal,3670,0,1782360805.986367,0.0021610260009765625
182115,normal,1923,0,1782360805.9882448,0.0018777847290039062
182116,normal,2076,0,1782360805.9903693,0.0021245479583740234
182117,normal,2878,0,1782360805.9922078,0.0018384456634521484
182118,normal,2992,0,1782360805.9944005,0.0021927356719970703
182119,normal,3303,1,1782360805.996208,0.0018074512481689453
182120,normal,499,0,1782360805.998366,0.0021581649780273438
182121,normal,1266,0,1782360806.0002465,0.0018804073333740234
182122,normal,834,2,1782360806.0023808,0.0021343231201171875
182123,normal,2828,0,1782360806.0042083,0.0018274784088134766
182124,normal,1236,0,1782360806.0064065,0.0021982192993164062
182125,normal,3085,1,1782360806.0082066,0.0018000602722167969
182126,normal,399,0,1782360806.010371,0.0021643638610839844
182127,normal,3267,1,1782360806.0123482,0.001977205276489258
182128,normal,1837,0,1782360806.0143669,0.0020186901092529297
182129,normal,2203,0,1782360806.016221,0.0018541812896728516
182130,normal,2521,0,1782360806.018412,0.0021910667419433594
182131,normal,362,0,1782360806.020206,0.0017938613891601562
182132,normal,1895,0,1782360806.0223668,0.002160787582397461
182133,normal,3519,0,1782360806.0242815,0.0019147396087646484
182134,normal,3339,1,1782360806.0263665,0.002084970474243164
182135,normal,429,0,1782360806.0282137,0.0018472671508789062
182136,normal,2373,0,1782360806.0304193,0.0022056102752685547
182137,normal,1628,0,1782360806.0324376,0.0020182132720947266
182138,normal,2978,0,1782360806.0342631,0.001825571060180664
182139,normal,2739,0,1782360806.0365639,0.002300739288330078
182140,normal,1938,0,1782360806.0382621,0.0016982555389404297
182141,normal,2810,0,1782360806.0405679,0.002305746078491211
182142,normal,3507,0,1782360806.042404,0.0018360614776611328
182143,normal,66,0,1782360806.0444145,0.0020105838775634766
182144,normal,1210,0,1782360806.0463943,0.001979827880859375
182145,normal,821,2,1782360806.048724,0.002329587936401367
182146,normal,1321,1,1782360806.050259,0.001535177230834961
182147,normal,2556,0,1782360806.053034,0.002774953842163086
182148,normal,2821,0,1782360806.0544026,0.0013685226440429688
182149,normal,2948,0,1782360806.056415,0.002012491226196289
182150,normal,3428,0,1782360806.0583928,0.001977682113647461
182151,normal,3277,1,1782360806.0607688,0.002376079559326172
182152,normal,2782,0,1782360806.0633893,0.0026204586029052734
182153,normal,1961,0,1782360806.0644288,0.0010395050048828125
182154,normal,1709,0,1782360806.0663936,0.0019648075103759766
182155,normal,3644,0,1782360806.068449,0.0020554065704345703
182156,normal,2804,0,1782360806.0704021,0.001953125
182157,normal,3109,1,1782360806.0725288,0.0021266937255859375
182158,normal,3317,1,1782360806.0742605,0.0017316341400146484
182159,normal,2872,0,1782360806.0765343,0.0022737979888916016
182160,normal,1133,0,1782360806.0783947,0.0018603801727294922
182161,normal,522,0,1782360806.0804176,0.002022981643676758
182162,normal,393,0,1782360806.0823975,0.001979827880859375
182163,normal,2527,0,1782360806.084556,0.002158641815185547
182164,normal,3405,0,1782360806.0862613,0.001705169677734375
182165,normal,3422,0,1782360806.0885983,0.0023369789123535156
182166,normal,470,0,1782360806.090401,0.001802682876586914
182167,normal,3638,0,1782360806.092934,0.002532958984375
182168,normal,1656,0,1782360806.0942864,0.001352548599243164
182169,normal,807,2,1782360806.0965655,0.002279043197631836
182170,normal,1243,0,1782360806.0982702,0.0017046928405761719
182171,normal,1901,0,1782360806.1005585,0.002288341522216797
182172,normal,1458,0,1782360806.1024,0.0018415451049804688
182173,normal,2934,0,1782360806.1047838,0.002383708953857422
182174,normal,1467,0,1782360806.1063998,0.0016160011291503906
182175,normal,1439,0,1782360806.108564,0.002164125442504883
182176,normal,3542,0,1782360806.110262,0.0016980171203613281
182177,normal,3556,0,1782360806.1125646,0.0023026466369628906
182178,normal,1919,0,1782360806.1143992,0.0018346309661865234
182179,normal,1050,0,1782360806.117003,0.002603769302368164
182180,normal,1217,0,1782360806.1182659,0.0012629032135009766
182181,normal,2146,0,1782360806.1207068,0.002440929412841797
182182,normal,564,0,1782360806.1222596,0.0015528202056884766
182183,normal,855,2,1782360806.1245534,0.002293825149536133
182184,normal,140,0,1782360806.1264138,0.0018603801727294922
182185,normal,1818,0,1782360806.129046,0.00263214111328125
182186,normal,1258,0,1782360806.1302657,0.0012197494506835938
182187,normal,3234,1,1782360806.1325674,0.0023016929626464844
182188,normal,1364,1,1782360806.1342537,0.0016863346099853516
182189,normal,1010,2,1782360806.1365948,0.002341032028198242
182190,normal,2440,0,1782360806.1384017,0.0018069744110107422
182191,normal,1129,0,1782360806.1411738,0.002772092819213867
182192,normal,2917,0,1782360806.1422708,0.001096963882446289
182193,normal,1559,0,1782360806.144563,0.002292156219482422
182194,normal,353,0,1782360806.1462634,0.0017004013061523438
182195,normal,1541,0,1782360806.148565,0.0023016929626464844
182196,normal,2050,0,1782360806.1504,0.001834869384765625
182197,normal,2675,0,1782360806.1530406,0.0026407241821289062
182198,normal,2765,0,1782360806.1542654,0.0012247562408447266
182199,normal,2368,0,1782360806.1566076,0.00234222412109375
182200,normal,1368,1,1782360806.1582904,0.0016827583312988281
182201,normal,3527,0,1782360806.1602592,0.001968860626220703
182202,normal,2160,0,1782360806.1625533,0.0022940635681152344
182203,normal,2725,0,1782360806.1642604,0.0017070770263671875
182204,normal,2266,0,1782360806.1665905,0.0023300647735595703
182205,normal,2063,0,1782360806.1683993,0.0018088817596435547
182206,normal,226,0,1782360806.1707373,0.002337932586669922
182207,normal,1269,0,1782360806.172262,0.0015246868133544922
182208,normal,880,2,1782360806.174566,0.0023040771484375
182209,normal,1229,0,1782360806.176299,0.0017330646514892578
182210,normal,791,2,1782360806.1782393,0.0019402503967285156
182211,normal,2735,0,1782360806.180472,0.0022325515747070312
182212,normal,3458,0,1782360806.1822119,0.0017399787902832031
182213,normal,384,0,1782360806.1844668,0.002254962921142578
182214,normal,3147,1,1782360806.1862977,0.0018308162689208984
182215,normal,115,0,1782360806.1883705,0.0020728111267089844
182216,normal,1953,0,1782360806.1902137,0.0018432140350341797
182217,normal,2505,0,1782360806.1923919,0.002178192138671875
182218,normal,1616,0,1782360806.1942165,0.0018246173858642578
182219,normal,2628,0,1782360806.1963656,0.0021491050720214844
182220,normal,1750,0,1782360806.1983032,0.0019376277923583984
182221,normal,3655,0,1782360806.2003667,0.0020635128021240234
182222,normal,3020,0,1782360806.2022107,0.0018439292907714844
182223,normal,3426,0,1782360806.2044606,0.0022499561309814453
182224,normal,1909,0,1782360806.206259,0.001798391342163086
182225,normal,1777,0,1782360806.2083788,0.002119779586791992
182226,normal,3205,1,1782360806.2102647,0.0018858909606933594
182227,normal,693,0,1782360806.212407,0.0021424293518066406
182228,normal,2287,0,1782360806.214396,0.0019888877868652344
182229,normal,3274,1,1782360806.2165954,0.002199411392211914
182230,normal,1661,0,1782360806.2182665,0.0016710758209228516
182231,normal,2045,0,1782360806.2206025,0.0023360252380371094
182232,normal,2406,0,1782360806.2224016,0.0017991065979003906
182233,normal,1008,2,1782360806.2248843,0.0024826526641845703
182234,normal,2194,0,1782360806.2264109,0.0015265941619873047
182235,normal,1590,0,1782360806.2286003,0.0021893978118896484
182236,normal,1725,0,1782360806.2302601,0.0016598701477050781
182237,normal,3620,0,1782360806.2325683,0.0023081302642822266
182238,normal,2705,0,1782360806.234401,0.001832723617553711
182239,normal,3314,1,1782360806.2371602,0.002759218215942383
182240,normal,255,0,1782360806.2383027,0.0011425018310546875
182241,normal,2331,0,1782360806.2406044,0.0023016929626464844
182242,normal,1448,0,1782360806.242265,0.0016605854034423828
182243,normal,3150,1,1782360806.24507,0.002804994583129883
182244,normal,3053,1,1782360806.2462573,0.0011873245239257812
182245,normal,3413,0,1782360806.2484884,0.002231121063232422
182246,normal,843,2,1782360806.2502913,0.0018029212951660156
182247,normal,1363,1,1782360806.2524242,0.002132892608642578
182248,normal,1195,0,1782360806.254453,0.0020287036895751953
182249,normal,812,2,1782360806.2563956,0.0019426345825195312
182250,normal,293,0,1782360806.2583783,0.0019826889038085938
182251,normal,3254,1,1782360806.2603085,0.00193023681640625
182252,normal,1960,0,1782360806.2623637,0.0020551681518554688
182253,normal,1362,1,1782360806.2642796,0.0019159317016601562
182254,normal,1303,0,1782360806.2663682,0.0020885467529296875
182255,normal,1538,0,1782360806.2682815,0.001913309097290039
182256,normal,984,2,1782360806.270371,0.0020895004272460938
182257,normal,2138,0,1782360806.2723343,0.001963376998901367
182258,normal,3531,0,1782360806.2742796,0.0019452571868896484
182259,normal,2818,0,1782360806.2763684,0.002088785171508789
182260,normal,72,0,1782360806.278322,0.001953601837158203
182261,normal,2891,0,1782360806.2803679,0.002045869827270508
182262,normal,3252,1,1782360806.2822874,0.0019195079803466797
182263,normal,802,2,1782360806.284365,0.0020775794982910156
182264,normal,460,0,1782360806.2862782,0.001913309097290039
182265,normal,3238,1,1782360806.288368,0.0020897388458251953
182266,normal,1402,0,1782360806.2903254,0.001957416534423828
182267,normal,1488,0,1782360806.292369,0.002043485641479492
182268,normal,366,0,1782360806.2942853,0.0019164085388183594
182269,normal,2907,0,1782360806.2963915,0.002106189727783203
182270,normal,1406,0,1782360806.29828,0.0018885135650634766
182271,normal,2772,0,1782360806.3004193,0.0021393299102783203
182272,normal,3524,0,1782360806.302235,0.0018155574798583984
182273,normal,310,0,1782360806.3044875,0.0022525787353515625
182274,normal,1231,0,1782360806.3062704,0.0017828941345214844
182275,normal,1651,0,1782360806.3081405,0.0018701553344726562
182276,normal,1069,0,1782360806.3104072,0.0022666454315185547
182277,normal,1544,0,1782360806.3122509,0.0018436908721923828
182278,normal,2901,0,1782360806.3143888,0.002137899398803711
182279,normal,3041,0,1782360806.3162572,0.0018684864044189453
182280,normal,1690,0,1782360806.3188732,0.0026159286499023438
182281,normal,458,0,1782360806.3203142,0.0014410018920898438
182282,normal,1404,0,1782360806.3223999,0.0020856857299804688
182283,normal,2259,0,1782360806.324746,0.002346038818359375
182284,normal,3145,1,1782360806.3263135,0.0015676021575927734
182285,normal,762,0,1782360806.3290534,0.0027399063110351562
182286,normal,2318,0,1782360806.3314514,0.0023980140686035156
182287,normal,2552,0,1782360806.3336167,0.0021653175354003906
182288,normal,407,0,1782360806.334424,0.0008072853088378906
182289,normal,1869,0,1782360806.3369129,0.002488851547241211
182290,normal,2353,0,1782360806.3390386,0.0021257400512695312
182291,normal,688,0,1782360806.3408854,0.0018467903137207031
182292,normal,1247,0,1782360806.3428488,0.001963376998901367
182293,normal,3389,1,1782360806.3448431,0.0019943714141845703
182294,normal,425,0,1782360806.346717,0.0018737316131591797
182295,normal,1585,0,1782360806.3488154,0.002098560333251953
182296,normal,350,0,1782360806.350251,0.0014355182647705078
182297,normal,3028,0,1782360806.352329,0.0020780563354492188
182298,normal,2784,0,1782360806.3543398,0.002010822296142578
182299,normal,3166,1,1782360806.3561444,0.0018045902252197266
182300,normal,526,0,1782360806.3581834,0.0020389556884765625
182301,normal,2015,0,1782360806.3603988,0.0022153854370117188
182302,normal,3279,1,1782360806.362202,0.0018031597137451172
182303,normal,83,0,1782360806.3643658,0.0021638870239257812
182304,normal,1180,0,1782360806.3664675,0.0021016597747802734
182305,normal,1694,0,1782360806.369568,0.0031006336212158203
182306,normal,146,0,1782360806.3704185,0.0008504390716552734
182307,normal,2981,0,1782360806.3725235,0.0021049976348876953
182308,normal,1671,0,1782360806.3742573,0.0017337799072265625
182309,normal,1222,0,1782360806.3765302,0.0022728443145751953
182310,normal,82,0,1782360806.3784032,0.001873016357421875
182311,normal,892,2,1782360806.3804238,0.002020597457885742
182312,normal,198,0,1782360806.3823867,0.001962900161743164
182313,normal,2541,0,1782360806.3845472,0.0021605491638183594
182314,normal,2846,0,1782360806.3868086,0.0022614002227783203
182315,normal,3634,0,1782360806.3887775,0.001968860626220703
182316,normal,166,0,1782360806.3907263,0.0019488334655761719
182317,normal,524,0,1782360806.3926566,0.00193023681640625
182318,normal,1658,0,1782360806.3951113,0.0024547576904296875
182319,normal,3452,0,1782360806.3971784,0.002067089080810547
182320,normal,1038,0,1782360806.399657,0.0024785995483398438
182321,normal,3278,1,1782360806.4004328,0.0007758140563964844
182322,normal,2410,0,1782360806.4027915,0.002358675003051758
182323,normal,2918,0,1782360806.4042797,0.0014882087707519531
182324,normal,2826,0,1782360806.406809,0.0025293827056884766
182325,normal,1631,0,1782360806.4086106,0.0018014907836914062
182326,normal,669,0,1782360806.4106328,0.002022266387939453
182327,normal,1144,0,1782360806.4130392,0.0024063587188720703
182328,normal,3627,0,1782360806.415266,0.0022268295288085938
182329,normal,109,0,1782360806.4175375,0.002271413803100586
182330,normal,312,0,1782360806.419259,0.0017216205596923828
182331,normal,3585,0,1782360806.4213698,0.002110719680786133
182332,normal,1675,0,1782360806.4235594,0.00218963623046875
182333,normal,637,0,1782360806.425247,0.0016875267028808594
182334,normal,2763,0,1782360806.4273431,0.0020961761474609375
182335,normal,1007,2,1782360806.429058,0.001714944839477539
182336,normal,278,0,1782360806.4310546,0.0019965171813964844
182337,normal,1737,0,1782360806.4329748,0.0019202232360839844
182338,normal,125,0,1782360806.434836,0.0018610954284667969
182339,normal,106,0,1782360806.4365556,0.0017197132110595703
182340,normal,2357,0,1782360806.4390025,0.002446889877319336
182341,normal,1044,0,1782360806.4407797,0.0017771720886230469
182342,normal,363,0,1782360806.4429116,0.002131938934326172
182343,normal,514,0,1782360806.4448948,0.001983165740966797
182344,normal,2606,0,1782360806.4466288,0.001734018325805664
182345,normal,831,2,1782360806.448593,0.001964092254638672
182346,normal,2095,0,1782360806.4511404,0.0025475025177001953
182347,normal,709,0,1782360806.4534366,0.0022962093353271484
182348,normal,1444,0,1782360806.4544137,0.0009770393371582031
182349,normal,178,0,1782360806.456422,0.0020084381103515625
182350,normal,738,0,1782360806.4587893,0.002367258071899414
182351,normal,2749,0,1782360806.4611435,0.002354145050048828
182352,normal,102,0,1782360806.4634328,0.002289295196533203
182353,normal,2945,0,1782360806.465589,0.0021562576293945312
182354,normal,2967,0,1782360806.4673014,0.0017123222351074219
182355,normal,1486,0,1782360806.4694636,0.0021622180938720703
182356,normal,2273,0,1782360806.4716032,0.002139568328857422
182357,normal,981,2,1782360806.472426,0.0008227825164794922
182358,normal,35,0,1782360806.4746084,0.002182483673095703
182359,normal,1844,0,1782360806.4768655,0.002257108688354492
182360,normal,2540,0,1782360806.4789834,0.0021178722381591797
182361,normal,1819,0,1782360806.4808187,0.0018353462219238281
182362,normal,3512,0,1782360806.4825666,0.0017478466033935547
182363,normal,601,0,1782360806.4848,0.0022335052490234375
182364,normal,2760,0,1782360806.4867816,0.001981496810913086
182365,normal,3656,0,1782360806.4885614,0.001779794692993164
182366,normal,2016,0,1782360806.4907393,0.0021779537200927734
182367,normal,3198,1,1782360806.4927888,0.0020494461059570312
182368,normal,3631,0,1782360806.4946134,0.0018246173858642578
182369,normal,2445,0,1782360806.4967432,0.002129793167114258
182370,normal,1587,0,1782360806.4985635,0.0018203258514404297
182371,normal,1572,0,1782360806.5011375,0.0025739669799804688
182372,normal,683,0,1782360806.5030556,0.0019180774688720703
182373,normal,2538,0,1782360806.5046194,0.0015637874603271484
182374,normal,2511,0,1782360806.5071256,0.002506256103515625
182375,normal,346,0,1782360806.5089815,0.0018558502197265625
182376,normal,1914,0,1782360806.5108407,0.0018591880798339844
182377,normal,2082,0,1782360806.5128462,0.0020055770874023438
182378,normal,1263,0,1782360806.5145612,0.001714944839477539
182379,normal,678,0,1782360806.517042,0.002480745315551758
182380,normal,217,0,1782360806.5190163,0.001974344253540039
182381,normal,1160,0,1782360806.5209472,0.0019309520721435547
182382,normal,1501,0,1782360806.5225403,0.0015931129455566406
182383,normal,3329,1,1782360806.5249717,0.0024313926696777344
182384,normal,1943,0,1782360806.5268817,0.0019099712371826172
182385,normal,1525,0,1782360806.5288491,0.0019674301147460938
182386,normal,2029,0,1782360806.5308483,0.0019991397857666016
182387,normal,86,0,1782360806.5327165,0.0018682479858398438
182388,normal,306,0,1782360806.5347629,0.002046346664428711
182389,normal,3468,0,1782360806.5366313,0.0018684864044189453
182390,normal,1565,0,1782360806.5390174,0.0023860931396484375
182391,normal,2164,0,1782360806.5404196,0.001402139663696289
182392,normal,2422,0,1782360806.5431447,0.0027251243591308594
182393,normal,222,0,1782360806.5450394,0.0018947124481201172
182394,normal,2909,0,1782360806.546917,0.0018775463104248047
182395,normal,320,0,1782360806.5491276,0.0022106170654296875
182396,normal,1126,0,1782360806.551501,0.0023734569549560547
182397,normal,352,0,1782360806.553218,0.0017168521881103516
182398,normal,846,2,1782360806.5556438,0.0024259090423583984
182399,normal,2360,0,1782360806.5563688,0.0007250308990478516
182400,normal,93,0,1782360806.558553,0.002184152603149414
182401,normal,1146,0,1782360806.5611444,0.002591371536254883
182402,normal,933,2,1782360806.5630312,0.0018868446350097656
182403,normal,2542,0,1782360806.564542,0.0015108585357666016
182404,normal,2919,0,1782360806.5669305,0.002388477325439453
182405,normal,2105,0,1782360806.5686188,0.001688241958618164
182406,normal,1907,0,1782360806.5708966,0.002277851104736328
182407,normal,2679,0,1782360806.5727177,0.0018210411071777344
182408,normal,3346,1,1782360806.575386,0.0026683807373046875
182409,normal,3394,1,1782360806.576269,0.0008828639984130859
182410,normal,22,0,1782360806.5781827,0.0019137859344482422
182411,normal,2796,0,1782360806.5802913,0.0021085739135742188
182412,normal,2175,0,1782360806.5825636,0.002272367477416992
182413,normal,442,0,1782360806.5842454,0.0016818046569824219
182414,normal,98,0,1782360806.5870147,0.0027692317962646484
182415,normal,1456,0,1782360806.588796,0.0017812252044677734
182416,normal,1453,0,1782360806.590824,0.0020279884338378906
182417,normal,3054,1,1782360806.5928254,0.002001523971557617
182418,normal,752,0,1782360806.5949664,0.0021409988403320312
182419,normal,1845,0,1782360806.596775,0.0018086433410644531
182420,normal,3240,1,1782360806.598616,0.001840829849243164
182421,normal,3192,1,1782360806.6007662,0.002150297164916992
182422,normal,3106,1,1782360806.6025372,0.0017709732055664062
182423,normal,1677,0,1782360806.6050074,0.002470254898071289
182424,normal,51,0,1782360806.6067905,0.001783132553100586
182425,normal,1337,1,1782360806.6085594,0.0017688274383544922
182426,normal,185,0,1782360806.6110072,0.002447843551635742
182427,normal,690,0,1782360806.6127777,0.0017704963684082031
182428,normal,1910,0,1782360806.6145537,0.001775979995727539
182429,normal,165,0,1782360806.6169214,0.002367734909057617
182430,normal,603,0,1782360806.6187701,0.0018486976623535156
182431,normal,2130,0,1782360806.6208215,0.0020513534545898438
182432,normal,1036,0,1782360806.6228428,0.002021312713623047
182433,normal,2515,0,1782360806.6247065,0.001863718032836914
182434,normal,804,2,1782360806.6268318,0.002125263214111328
182435,normal,2898,0,1782360806.6288245,0.0019927024841308594
182436,normal,692,0,1782360806.6309683,0.00214385986328125
182437,normal,2374,0,1782360806.6328478,0.0018794536590576172
182438,normal,2766,0,1782360806.634791,0.0019431114196777344
182439,normal,2264,0,1782360806.636888,0.0020971298217773438
182440,normal,3466,0,1782360806.6387837,0.0018956661224365234
182441,normal,2306,0,1782360806.641096,0.0023124217987060547
182442,normal,948,2,1782360806.6429048,0.0018086433410644531
182443,normal,506,0,1782360806.645003,0.0020983219146728516
182444,normal,2170,0,1782360806.6467164,0.0017132759094238281
182445,normal,3579,0,1782360806.648846,0.0021295547485351562
182446,normal,2062,0,1782360806.6508949,0.002048969268798828
182447,normal,3231,1,1782360806.6531126,0.0022177696228027344
182448,normal,221,0,1782360806.6548927,0.0017800331115722656
182449,normal,1699,0,1782360806.6569326,0.0020399093627929688
182450,normal,2427,0,1782360806.6591938,0.0022611618041992188
182451,normal,42,0,1782360806.6614344,0.0022406578063964844
182452,normal,2417,0,1782360806.663532,0.002097606658935547
182453,normal,545,0,1782360806.6651351,0.0016031265258789062
182454,normal,16,0,1782360806.667396,0.002260923385620117
182455,normal,1449,0,1782360806.66951,0.002113819122314453
182456,normal,694,0,1782360806.6711767,0.0016667842864990234
182457,normal,938,2,1782360806.6733506,0.002173900604248047
182458,normal,2768,0,1782360806.67433,0.0009794235229492188
182459,normal,71,0,1782360806.6768699,0.0025398731231689453
182460,normal,2311,0,1782360806.6787376,0.0018677711486816406
182461,normal,3502,0,1782360806.68092,0.0021822452545166016
182462,normal,1904,0,1782360806.6828663,0.0019464492797851562
182463,normal,1637,0,1782360806.6848063,0.001940011978149414
182464,normal,3260,1,1782360806.6867323,0.0019259452819824219
182465,normal,875,2,1782360806.6891,0.002367734909057617
182466,normal,1279,0,1782360806.6911745,0.0020744800567626953
182467,normal,1847,0,1782360806.6930323,0.001857757568359375
182468,normal,307,0,1782360806.6944184,0.0013861656188964844
182469,normal,1695,0,1782360806.696788,0.0023696422576904297
182470,normal,2344,0,1782360806.6986992,0.001911163330078125
182471,normal,777,2,1782360806.7010288,0.002329587936401367
182472,normal,2366,0,1782360806.7023084,0.001279592514038086
182473,normal,2601,0,1782360806.7044084,0.0020999908447265625
182474,normal,1543,0,1782360806.7062597,0.0018513202667236328
182475,normal,1838,0,1782360806.7086012,0.0023415088653564453
182476,normal,2113,0,1782360806.7102523,0.0016510486602783203
182477,normal,2637,0,1782360806.7123768,0.0021245479583740234
182478,normal,164,0,1782360806.7142804,0.001903533935546875
182479,normal,1311,0,1782360806.7164187,0.002138376235961914
182480,normal,3226,1,1782360806.7182164,0.0017976760864257812
182481,normal,1500,0,1782360806.7204733,0.0022568702697753906
182482,normal,670,0,1782360806.7222068,0.001733541488647461
182483,normal,464,0,1782360806.7243652,0.0021584033966064453
182484,normal,1542,0,1782360806.7262354,0.0018701553344726562
182485,normal,2702,0,1782360806.7283666,0.002131223678588867
182486,normal,2586,0,1782360806.730206,0.0018393993377685547
182487,normal,2195,0,1782360806.7324395,0.0022335052490234375
182488,normal,1965,0,1782360806.7342076,0.0017681121826171875
182489,normal,2927,0,1782360806.7363582,0.0021505355834960938
182490,normal,1775,0,1782360806.7382445,0.0018863677978515625
182491,normal,921,2,1782360806.7403615,0.0021169185638427734
182492,normal,665,0,1782360806.742206,0.001844644546508789
182493,normal,2363,0,1782360806.7443821,0.002176046371459961
182494,normal,3624,0,1782360806.7462058,0.0018236637115478516
182495,normal,1760,0,1782360806.7483575,0.0021517276763916016
182496,normal,1291,0,1782360806.7502456,0.0018880367279052734
182497,normal,2034,0,1782360806.7523644,0.002118825912475586
182498,normal,1794,0,1782360806.7542062,0.0018417835235595703
182499,normal,951,2,1782360806.7563822,0.002176046371459961
182500,normal,28,0,1782360806.7582061,0.0018239021301269531
182501,normal,292,0,1782360806.760357,0.0021507740020751953
182502,normal,3011,0,1782360806.7622259,0.0018689632415771484
182503,normal,1072,0,1782360806.7643633,0.002137422561645508
182504,normal,2391,0,1782360806.7662044,0.0018410682678222656
182505,normal,2610,0,1782360806.7683794,0.0021750926971435547
182506,normal,2321,0,1782360806.770206,0.0018265247344970703
182507,normal,160,0,1782360806.7723575,0.0021514892578125
182508,normal,1360,1,1782360806.774227,0.0018694400787353516
182509,normal,3582,0,1782360806.7763774,0.0021505355834960938
182510,normal,3180,1,1782360806.7782063,0.001828908920288086
182511,normal,1257,0,1782360806.7803829,0.002176523208618164
182512,normal,1098,0,1782360806.7822053,0.0018224716186523438
182513,normal,1308,0,1782360806.7843556,0.002150297164916992
182514,normal,1929,0,1782360806.7862475,0.0018918514251708984
182515,normal,1957,0,1782360806.7883627,0.0021152496337890625
182516,normal,1633,0,1782360806.7902143,0.0018515586853027344
182517,normal,2711,0,1782360806.7923813,0.0021669864654541016
182518,normal,621,0,1782360806.7942042,0.0018229484558105469
182519,normal,1473,0,1782360806.796359,0.002154827117919922
182520,normal,3600,0,1782360806.7982836,0.0019245147705078125
182521,normal,3281,1,1782360806.8004045,0.0021209716796875
182522,normal,2656,0,1782360806.8022075,0.0018029212951660156
182523,normal,1720,0,1782360806.8044045,0.0021970272064208984
182524,normal,143,0,1782360806.806218,0.0018134117126464844
182525,normal,905,2,1782360806.8083804,0.002162456512451172
182526,normal,556,0,1782360806.8102293,0.0018489360809326172
182527,normal,2839,0,1782360806.8123896,0.002160310745239258
182528,normal,2120,0,1782360806.8142042,0.0018146038055419922
182529,normal,3654,0,1782360806.8164122,0.0022079944610595703
182530,normal,49,0,1782360806.8182044,0.0017921924591064453
182531,normal,1540,0,1782360806.820526,0.002321481704711914
182532,normal,1855,0,1782360806.8222258,0.0016999244689941406
182533,normal,3170,1,1782360806.8243914,0.002165555953979492
182534,normal,3397,1,1782360806.8262458,0.0018544197082519531
182535,normal,3460,0,1782360806.8284097,0.0021638870239257812
182536,normal,3558,0,1782360806.8302052,0.0017955303192138672
182537,normal,3545,0,1782360806.832365,0.0021598339080810547
182538,normal,856,2,1782360806.8342338,0.0018687248229980469
182539,normal,1233,0,1782360806.8363934,0.002159595489501953
182540,normal,944,2,1782360806.838203,0.0018095970153808594
182541,normal,3197,1,1782360806.8404076,0.0022046566009521484
182542,normal,3516,0,1782360806.8422058,0.0017981529235839844
182543,normal,546,0,1782360806.8443685,0.0021626949310302734
182544,normal,424,0,1782360806.846228,0.001859426498413086
182545,normal,633,0,1782360806.8483822,0.0021543502807617188
182546,normal,3023,0,1782360806.8502128,0.0018305778503417969
182547,normal,184,0,1782360806.8523932,0.002180337905883789
182548,normal,891,2,1782360806.8542016,0.0018084049224853516
182549,normal,689,0,1782360806.8563669,0.0021653175354003906
182550,normal,863,2,1782360806.858291,0.0019240379333496094
182551,normal,2294,0,1782360806.8603938,0.0021028518676757812
182552,normal,3554,0,1782360806.8622034,0.0018095970153808594
182553,normal,3115,1,1782360806.864458,0.0022547245025634766
182554,normal,1897,0,1782360806.8662043,0.0017461776733398438
182555,normal,2442,0,1782360806.8683722,0.002167940139770508
182556,normal,260,0,1782360806.8702867,0.0019145011901855469
182557,normal,719,0,1782360806.8723922,0.0021054744720458984
182558,normal,671,0,1782360806.874207,0.0018148422241210938
182559,normal,2622,0,1782360806.8763778,0.0021708011627197266
182560,normal,3039,0,1782360806.8782167,0.0018389225006103516
182561,normal,215,0,1782360806.8803651,0.0021483898162841797
182562,normal,753,0,1782360806.8822923,0.0019271373748779297
182563,normal,1386,0,1782360806.884392,0.002099752426147461
182564,normal,2737,0,1782360806.8862085,0.0018165111541748047
182565,normal,1483,0,1782360806.8884108,0.002202272415161133
182566,normal,623,0,1782360806.890207,0.0017962455749511719
182567,normal,1288,0,1782360806.8923624,0.002155303955078125
182568,normal,3567,0,1782360806.89429,0.0019276142120361328
182569,normal,865,2,1782360806.8963916,0.0021016597747802734
182570,normal,2378,0,1782360806.8982065,0.0018148422241210938
182571,normal,67,0,1782360806.900408,0.002201557159423828
182572,normal,2472,0,1782360806.9022048,0.001796722412109375
182573,normal,1331,1,1782360806.9043622,0.002157449722290039
182574,normal,2516,0,1782360806.9064329,0.0020706653594970703
182575,normal,1621,0,1782360806.9082038,0.0017709732055664062
182576,normal,2333,0,1782360806.9103558,0.002151966094970703
182577,normal,3597,0,1782360806.9124362,0.0020804405212402344
182578,normal,2351,0,1782360806.9142058,0.0017695426940917969
182579,normal,1858,0,1782360806.9163654,0.002159595489501953
182580,normal,347,0,1782360806.9182956,0.00193023681640625
182581,normal,2747,0,1782360806.920407,0.0021114349365234375
182582,normal,3222,1,1782360806.9222062,0.0017991065979003906
182583,normal,1241,0,1782360806.9244525,0.002246379852294922
182584,normal,2653,0,1782360806.926216,0.0017633438110351562
182585,normal,3111,1,1782360806.9283671,0.0021512508392333984
182586,normal,1353,1,1782360806.9302492,0.0018820762634277344
182587,normal,1423,0,1782360806.932389,0.0021398067474365234
182588,normal,3381,1,1782360806.934204,0.0018150806427001953
182589,normal,1042,0,1782360806.9364007,0.0021965503692626953
182590,normal,2449,0,1782360806.9382198,0.0018191337585449219
182591,normal,816,2,1782360806.940414,0.0021941661834716797
182592,normal,2880,0,1782360806.9422963,0.001882314682006836
182593,normal,532,0,1782360806.9443915,0.0020952224731445312
182594,normal,2602,0,1782360806.9462092,0.0018177032470703125
182595,normal,2033,0,1782360806.9484112,0.0022020339965820312
182596,normal,698,0,1782360806.950199,0.0017876625061035156
182597,normal,605,0,1782360806.952379,0.0021800994873046875
182598,normal,1946,0,1782360806.9542282,0.0018491744995117188
182599,normal,2112,0,1782360806.956208,0.001979827880859375
182600,normal,3431,0,1782360806.9583642,0.0021562576293945312
182601,normal,18,0,1782360806.9602294,0.0018651485443115234
182602,normal,2954,0,1782360806.962369,0.002139568328857422
182603,normal,2197,0,1782360806.9642036,0.0018346309661865234
182604,normal,1121,0,1782360806.9665666,0.002362966537475586
182605,normal,1949,0,1782360806.9683378,0.0017712116241455078
182606,normal,210,0,1782360806.970898,0.002560138702392578
182607,normal,3161,1,1782360806.972288,0.0013899803161621094
182608,normal,1580,0,1782360806.9744248,0.0021369457244873047
182609,normal,2715,0,1782360806.9762647,0.0018398761749267578
182610,normal,2864,0,1782360806.9785166,0.002251863479614258
182611,normal,616,0,1782360806.9802542,0.0017375946044921875
182612,normal,3623,0,1782360806.9825194,0.0022652149200439453
182613,normal,2522,0,1782360806.9844205,0.0019011497497558594
182614,normal,2903,0,1782360806.9864101,0.001989603042602539
182615,normal,2335,0,1782360806.9883916,0.001981496810913086
182616,normal,884,2,1782360806.9905448,0.002153158187866211
182617,normal,2411,0,1782360806.9922593,0.001714468002319336
182618,normal,2337,0,1782360806.994521,0.002261638641357422
182619,normal,510,0,1782360806.9963987,0.0018777847290039062
182620,normal,1312,0,1782360806.9984162,0.002017498016357422
182621,normal,1776,0,1782360807.0003033,0.0018870830535888672
182622,normal,3257,1,1782360807.0023835,0.002080202102661133
182623,normal,1153,0,1782360807.004208,0.0018246173858642578
182624,normal,2780,0,1782360807.0063667,0.002158641815185547
182625,normal,85,0,1782360807.008247,0.0018801689147949219
182626,normal,1724,0,1782360807.0103726,0.0021257400512695312
182627,normal,3268,1,1782360807.0122027,0.0018301010131835938
182628,normal,1996,0,1782360807.014378,0.0021753311157226562
182629,normal,2890,0,1782360807.0162077,0.0018296241760253906
182630,normal,2153,0,1782360807.0183659,0.0021581649780273438
182631,normal,61,0,1782360807.0202303,0.0018644332885742188
182632,normal,1823,0,1782360807.0223897,0.0021593570709228516
182633,normal,577,0,1782360807.024211,0.001821279525756836
182634,normal,136,0,1782360807.0264232,0.0022122859954833984
182635,normal,54,0,1782360807.028207,0.0017838478088378906
182636,normal,1571,0,1782360807.0303648,0.0021576881408691406
182637,normal,2497,0,1782360807.0322263,0.001861572265625
182638,normal,609,0,1782360807.034395,0.0021686553955078125
182639,normal,1220,0,1782360807.036204,0.0018091201782226562
182640,normal,3062,1,1782360807.0384085,0.002204418182373047
182641,normal,2049,0,1782360807.0402048,0.0017962455749511719
182642,normal,2849,0,1782360807.0423641,0.0021593570709228516
182643,normal,1400,0,1782360807.0442274,0.001863241195678711
182644,normal,2543,0,1782360807.0463912,0.0021638870239257812
182645,normal,1287,0,1782360807.0482032,0.001811981201171875
182646,normal,635,0,1782360807.0504487,0.0022454261779785156
182647,normal,3068,1,1782360807.052218,0.0017693042755126953
182648,normal,117,0,1782360807.0543683,0.002150297164916992
182649,normal,2980,0,1782360807.0562406,0.0018723011016845703
182650,normal,565,0,1782360807.058398,0.002157449722290039
182651,normal,3299,1,1782360807.060203,0.0018050670623779297
182652,normal,890,2,1782360807.0624578,0.0022547245025634766
182653,normal,141,0,1782360807.064204,0.0017461776733398438
182654,normal,3316,1,1782360807.066368,0.002164125442504883
182655,normal,2551,0,1782360807.0683613,0.0019931793212890625
182656,normal,722,0,1782360807.070395,0.002033710479736328
182657,normal,2845,0,1782360807.0722058,0.0018107891082763672
182658,normal,402,0,1782360807.0744543,0.002248525619506836
182659,normal,1763,0,1782360807.0762217,0.0017673969268798828
182660,normal,2239,0,1782360807.0783675,0.0021457672119140625
182661,normal,2122,0,1782360807.0802805,0.0019130706787109375
182662,normal,917,2,1782360807.0824094,0.0021288394927978516
182663,normal,3548,0,1782360807.0842102,0.0018007755279541016
182664,normal,980,2,1782360807.0864415,0.0022313594818115234
182665,normal,1503,0,1782360807.0882068,0.0017652511596679688
182666,normal,852,2,1782360807.090374,0.002167224884033203
182667,normal,1427,0,1782360807.092227,0.0018529891967773438
182668,normal,2244,0,1782360807.0943909,0.0021638870239257812
182669,normal,1325,1,1782360807.0962045,0.001813650131225586
182670,normal,1145,0,1782360807.098387,0.002182483673095703
182671,normal,2842,0,1782360807.1002047,0.0018177032470703125
182672,normal,120,0,1782360807.1023731,0.002168416976928711
182673,normal,1474,0,1782360807.1042316,0.0018584728240966797
182674,normal,1204,0,1782360807.1063883,0.0021567344665527344
182675,normal,219,0,1782360807.1082027,0.0018143653869628906
182676,normal,1110,0,1782360807.1103911,0.002188444137573242
182677,normal,233,0,1782360807.1122031,0.001811981201171875
182678,normal,1991,0,1782360807.1143668,0.0021636486053466797
182679,normal,1964,0,1782360807.1162777,0.0019109249114990234
182680,normal,3221,1,1782360807.1183972,0.0021195411682128906
182681,normal,3601,0,1782360807.1202052,0.0018079280853271484
182682,normal,2327,0,1782360807.1224127,0.002207517623901367
182683,normal,3463,0,1782360807.1242044,0.0017917156219482422
182684,normal,2868,0,1782360807.126377,0.002172708511352539
182685,normal,544,0,1782360807.1282296,0.0018525123596191406
182686,normal,163,0,1782360807.130385,0.002155303955078125
182687,normal,2037,0,1782360807.1322043,0.0018193721771240234
182688,normal,2723,0,1782360807.1343796,0.0021753311157226562
182689,normal,3517,0,1782360807.1362045,0.0018248558044433594
182690,normal,2456,0,1782360807.138357,0.0021524429321289062
182691,normal,3012,0,1782360807.1404467,0.0020897388458251953
182692,normal,3264,1,1782360807.1422067,0.0017600059509277344
182693,normal,2196,0,1782360807.144358,0.0021512508392333984
182694,normal,3451,0,1782360807.146226,0.0018680095672607422
182695,normal,2893,0,1782360807.1483903,0.0021643638610839844
182696,normal,829,2,1782360807.150204,0.001813650131225586
182697,normal,2292,0,1782360807.1523962,0.002192258834838867
182698,normal,2355,0,1782360807.154208,0.0018117427825927734
182699,normal,1506,0,1782360807.1563582,0.002150297164916992
182700,normal,2894,0,1782360807.1583786,0.0020203590393066406
182701,normal,772,2,1782360807.1602042,0.001825571060180664
182702,normal,121,0,1782360807.162358,0.0021538734436035156
182703,normal,959,2,1782360807.1643794,0.002021312713623047
182704,normal,36,0,1782360807.1662045,0.001825094223022461
182705,normal,832,2,1782360807.1683578,0.0021533966064453125
182706,normal,2844,0,1782360807.1704388,0.0020809173583984375
182707,normal,1576,0,1782360807.172206,0.0017671585083007812
182708,normal,2937,0,1782360807.1743557,0.002149820327758789
182709,normal,1856,0,1782360807.1762745,0.001918792724609375
182710,normal,3625,0,1782360807.1782548,0.001980304718017578
182711,normal,2642,0,1782360807.1802864,0.002031564712524414
182712,normal,626,0,1782360807.1826236,0.002337217330932617
182713,normal,607,0,1782360807.1842515,0.0016279220581054688
182714,normal,427,0,1782360807.1865551,0.002303600311279297
182715,normal,1431,0,1782360807.1884007,0.0018455982208251953
182716,normal,1142,0,1782360807.1904142,0.0020134449005126953
182717,normal,2060,0,1782360807.192393,0.0019788742065429688
182718,normal,2724,0,1782360807.194596,0.0022029876708984375
182719,normal,746,0,1782360807.1962588,0.0016627311706542969
182720,normal,96,0,1782360807.1986022,0.002343416213989258
182721,normal,2984,0,1782360807.2004056,0.0018033981323242188
182722,normal,3563,0,1782360807.2033927,0.0029871463775634766
182723,normal,589,0,1782360807.205232,0.0018391609191894531
182724,normal,3004,0,1782360807.206432,0.0012001991271972656
182725,normal,142,0,1782360807.2084239,0.001991748809814453
182726,normal,3528,0,1782360807.2104115,0.0019876956939697266
182727,normal,1174,0,1782360807.2125316,0.0021200180053710938
182728,normal,553,0,1782360807.214262,0.0017304420471191406
182729,normal,3680,0,1782360807.2165349,0.0022728443145751953
182730,normal,2293,0,1782360807.2184107,0.0018758773803710938
182731,normal,2700,0,1782360807.2202601,0.0018494129180908203
182732,normal,1971,0,1782360807.2225254,0.0022652149200439453
182733,normal,2966,0,1782360807.2243974,0.0018720626831054688
182734,normal,2677,0,1782360807.2264192,0.00202178955078125
182735,normal,3547,0,1782360807.2283902,0.001971006393432617
182736,normal,2326,0,1782360807.230533,0.002142667770385742
182737,normal,1736,0,1782360807.23226,0.0017271041870117188
182738,normal,157,0,1782360807.2345335,0.0022735595703125
182739,normal,2795,0,1782360807.2363935,0.001859903335571289
182740,normal,1428,0,1782360807.238421,0.0020275115966796875
182741,normal,188,0,1782360807.2403896,0.0019686222076416016
182742,normal,918,2,1782360807.2425382,0.0021486282348632812
182743,normal,3065,1,1782360807.2442603,0.001722097396850586
182744,normal,599,0,1782360807.2465386,0.0022783279418945312
182745,normal,3367,1,1782360807.2484112,0.0018725395202636719
182746,normal,1481,0,1782360807.2504253,0.00201416015625
182747,normal,534,0,1782360807.2523901,0.0019648075103759766
182748,normal,477,0,1782360807.2545362,0.002146005630493164
182749,normal,3008,0,1782360807.25626,0.0017237663269042969
182750,normal,2897,0,1782360807.258558,0.002298116683959961
182751,normal,2944,0,1782360807.2603917,0.0018336772918701172
182752,normal,774,2,1782360807.262259,0.0018672943115234375
182753,normal,298,0,1782360807.2645617,0.0023026466369628906
182754,normal,2547,0,1782360807.266399,0.0018372535705566406
182755,normal,2444,0,1782360807.2684147,0.002015829086303711
182756,normal,1326,1,1782360807.270394,0.001979351043701172
182757,normal,1936,0,1782360807.272714,0.002319812774658203
182758,normal,3128,1,1782360807.2742615,0.0015475749969482422
182759,normal,1320,1,1782360807.276597,0.0023355484008789062
182760,normal,2036,0,1782360807.2784214,0.0018243789672851562
182761,normal,2409,0,1782360807.28097,0.002548694610595703
182762,normal,3181,1,1782360807.282398,0.0014278888702392578
182763,normal,3075,1,1782360807.2845273,0.0021293163299560547
182764,normal,2315,0,1782360807.286256,0.0017287731170654297
182765,normal,3082,1,1782360807.2883928,0.002136707305908203
182766,normal,3520,0,1782360807.2905664,0.0021736621856689453
182767,normal,1023,2,1782360807.29226,0.0016934871673583984
182768,normal,3408,0,1782360807.2945626,0.0023026466369628906
182769,normal,1105,0,1782360807.296407,0.0018444061279296875
182770,normal,781,2,1782360807.2984254,0.002018451690673828
182771,normal,2087,0,1782360807.3003945,0.0019690990447998047
182772,normal,2699,0,1782360807.3025277,0.0021331310272216797
182773,normal,1130,0,1782360807.3048322,0.002304553985595703
182774,normal,2662,0,1782360807.3062646,0.0014324188232421875
182775,normal,3456,0,1782360807.3085663,0.0023016929626464844
182776,normal,17,0,1782360807.3102605,0.0016942024230957031
182777,normal,3056,1,1782360807.3125951,0.0023345947265625
182778,normal,2732,0,1782360807.3144002,0.0018050670623779297
182779,normal,2577,0,1782360807.316418,0.0020177364349365234
182780,normal,2722,0,1782360807.318391,0.0019731521606445312
182781,normal,2362,0,1782360807.3206546,0.0022635459899902344
182782,normal,983,2,1782360807.322258,0.0016033649444580078
182783,normal,878,2,1782360807.3245676,0.002309560775756836
182784,normal,1212,0,1782360807.326426,0.0018584728240966797
182785,normal,1046,0,1782360807.3287055,0.002279520034790039
182786,normal,1181,0,1782360807.3302658,0.001560211181640625
182787,normal,3092,1,1782360807.3325655,0.002299785614013672
182788,normal,2397,0,1782360807.3342583,0.0016927719116210938
182789,normal,922,2,1782360807.3366148,0.0023565292358398438
182790,normal,2598,0,1782360807.3384025,0.0017876625061035156
182791,normal,3030,0,1782360807.3404229,0.0020203590393066406
182792,normal,1152,0,1782360807.3423839,0.0019609928131103516
182793,normal,2932,0,1782360807.3445385,0.0021545886993408203
182794,normal,743,0,1782360807.3462608,0.0017223358154296875
182795,normal,1532,0,1782360807.3486176,0.0023567676544189453
182796,normal,197,0,1782360807.3502357,0.0016181468963623047
182797,normal,699,0,1782360807.3522937,0.0020580291748046875
182798,normal,2403,0,1782360807.3542273,0.0019335746765136719
182799,normal,2853,0,1782360807.356387,0.002159595489501953
182800,normal,1219,0,1782360807.3582082,0.001821279525756836
182801,normal,90,0,1782360807.3603609,0.002152681350708008
182802,normal,3409,0,1782360807.3622313,0.0018703937530517578
182803,normal,3188,1,1782360807.3643878,0.002156496047973633
182804,normal,2061,0,1782360807.3662062,0.0018184185028076172
182805,normal,2523,0,1782360807.3684525,0.002246379852294922
182806,normal,594,0,1782360807.3702087,0.0017561912536621094
182807,normal,1693,0,1782360807.3723688,0.0021600723266601562
182808,normal,1552,0,1782360807.37429,0.0019211769104003906
182809,normal,574,0,1782360807.3763704,0.0020804405212402344
182810,normal,3546,0,1782360807.3782063,0.0018358230590820312
182811,normal,158,0,1782360807.3804383,0.002232074737548828
182812,normal,249,0,1782360807.3822548,0.0018165111541748047
182813,normal,3433,0,1782360807.384371,0.0021162033081054688
182814,normal,2626,0,1782360807.3862813,0.0019102096557617188
182815,normal,853,2,1782360807.3884103,0.002129077911376953
182816,normal,153,0,1782360807.3902102,0.0017998218536376953
182817,normal,684,0,1782360807.392535,0.002324819564819336
182818,normal,554,0,1782360807.3942065,0.0016715526580810547
182819,normal,2325,0,1782360807.396361,0.0021545886993408203
182820,normal,1880,0,1782360807.3982484,0.0018873214721679688
182821,normal,2582,0,1782360807.4003901,0.002141714096069336
182822,normal,3618,0,1782360807.4022055,0.0018153190612792969
182823,normal,1773,0,1782360807.4045105,0.0023050308227539062
182824,normal,2587,0,1782360807.4062052,0.0016946792602539062
182825,normal,4,0,1782360807.408369,0.0021638870239257812
182826,normal,567,0,1782360807.4102504,0.0018813610076904297
182827,normal,2689,0,1782360807.4123902,0.0021398067474365234
182828,normal,2939,0,1782360807.4142091,0.0018188953399658203
182829,normal,527,0,1782360807.4164634,0.0022542476654052734
182830,normal,13,0,1782360807.4182072,0.0017437934875488281
182831,normal,2753,0,1782360807.4203696,0.002162456512451172
182832,normal,1118,0,1782360807.422297,0.0019273757934570312
182833,normal,3261,1,1782360807.4243925,0.002095460891723633
182834,normal,2059,0,1782360807.426207,0.0018146038055419922
182835,normal,422,0,1782360807.4284043,0.002197265625
182836,normal,2720,0,1782360807.4302065,0.001802206039428711
182837,normal,985,2,1782360807.432365,0.0021584033966064453
182838,normal,2013,0,1782360807.434281,0.0019161701202392578
182839,normal,3574,0,1782360807.4363892,0.0021080970764160156
182840,normal,2436,0,1782360807.4382105,0.001821279525756836
182841,normal,3335,1,1782360807.4404266,0.0022161006927490234
182842,normal,3480,0,1782360807.442209,0.0017824172973632812
182843,normal,3608,0,1782360807.444365,0.0021560192108154297
182844,normal,3362,1,1782360807.4462914,0.001926422119140625
182845,normal,1131,0,1782360807.4483962,0.0021047592163085938
182846,normal,2500,0,1782360807.450205,0.0018088817596435547
182847,normal,2223,0,1782360807.4524179,0.0022127628326416016
182848,normal,218,0,1782360807.4542017,0.0017838478088378906
182849,normal,1348,1,1782360807.4563646,0.002162933349609375
182850,normal,714,0,1782360807.458241,0.0018763542175292969
182851,normal,2651,0,1782360807.46039,0.0021491050720214844
182852,normal,672,0,1782360807.4622054,0.0018153190612792969
182853,normal,1215,0,1782360807.4644358,0.002230405807495117
182854,normal,1101,0,1782360807.466211,0.0017752647399902344
182855,normal,1963,0,1782360807.4683588,0.002147674560546875
182856,normal,12,0,1782360807.4702682,0.001909494400024414
182857,normal,1678,0,1782360807.4723942,0.002125978469848633
182858,normal,612,0,1782360807.4742024,0.00180816650390625
182859,normal,1805,0,1782360807.476432,0.0022296905517578125
182860,normal,3613,0,1782360807.4782043,0.001772165298461914
182861,normal,3336,1,1782360807.480358,0.002153635025024414
182862,normal,3661,0,1782360807.4822316,0.0018737316131591797
182863,normal,1839,0,1782360807.4843862,0.0021545886993408203
182864,normal,830,2,1782360807.486202,0.0018157958984375
182865,normal,3698,0,1782360807.4884312,0.0022292137145996094
182866,normal,1187,0,1782360807.4902036,0.0017724037170410156
182867,normal,2127,0,1782360807.4923637,0.0021600723266601562
182868,normal,2023,0,1782360807.4942863,0.001922607421875
182869,normal,937,2,1782360807.496388,0.0021016597747802734
182870,normal,2630,0,1782360807.4982028,0.0018148422241210938
182871,normal,3229,1,1782360807.5004315,0.0022287368774414062
182872,normal,793,2,1782360807.5022068,0.0017752647399902344
182873,normal,2964,0,1782360807.504356,0.0021491050720214844
182874,normal,230,0,1782360807.5064564,0.0021004676818847656
182875,normal,2329,0,1782360807.508205,0.0017485618591308594
182876,normal,1581,0,1782360807.5103576,0.002152681350708008
182877,normal,3576,0,1782360807.5122797,0.0019221305847167969
182878,normal,2320,0,1782360807.5143728,0.002093076705932617
182879,normal,193,0,1782360807.5163589,0.0019860267639160156
182880,normal,129,0,1782360807.5182893,0.0019304752349853516
182881,normal,212,0,1782360807.5203302,0.002040863037109375
182882,normal,128,0,1782360807.5228446,0.002514362335205078
182883,normal,333,0,1782360807.5242116,0.0013670921325683594
182884,normal,1099,0,1782360807.5264745,0.0022628307342529297
182885,normal,2558,0,1782360807.52819,0.0017154216766357422
182886,normal,2091,0,1782360807.5303319,0.0021419525146484375
182887,normal,46,0,1782360807.5321608,0.001828908920288086
182888,normal,2633,0,1782360807.5343754,0.002214670181274414
182889,normal,3473,0,1782360807.5362825,0.0019071102142333984
182890,normal,3481,0,1782360807.5386226,0.002340078353881836
182891,normal,3467,0,1782360807.5405173,0.0018947124481201172
182892,normal,1179,0,1782360807.5423112,0.0017938613891601562
182893,normal,74,0,1782360807.544304,0.0019927024841308594
182894,normal,1068,0,1782360807.546321,0.0020170211791992188
182895,normal,708,0,1782360807.548415,0.0020940303802490234
182896,normal,978,2,1782360807.5503216,0.0019066333770751953
182897,normal,3337,1,1782360807.5524096,0.0020880699157714844
182898,normal,2848,0,1782360807.5543187,0.001909017562866211
182899,normal,2211,0,1782360807.5565174,0.0021986961364746094
182900,normal,1877,0,1782360807.558247,0.001729726791381836
182901,normal,299,0,1782360807.560422,0.002174854278564453
182902,normal,758,0,1782360807.5623226,0.0019006729125976562
182903,normal,3175,1,1782360807.5644138,0.0020911693572998047
182904,normal,3552,0,1782360807.5663211,0.0019073486328125
182905,normal,257,0,1782360807.5684183,0.0020971298217773438
182906,normal,606,0,1782360807.5703337,0.0019154548645019531
182907,normal,2365,0,1782360807.572414,0.002080202102661133
182908,normal,1304,0,1782360807.5743337,0.0019197463989257812
182909,normal,2867,0,1782360807.5763931,0.002059459686279297
182910,normal,3177,1,1782360807.578453,0.0020599365234375
182911,normal,993,2,1782360807.5804982,0.002045154571533203
182912,normal,2989,0,1782360807.5822816,0.0017833709716796875
182913,normal,2380,0,1782360807.5844908,0.002209186553955078
182914,normal,1395,0,1782360807.5864205,0.0019297599792480469
182915,normal,421,0,1782360807.588715,0.0022945404052734375
182916,normal,258,0,1782360807.5905957,0.001880645751953125
182917,normal,1305,0,1782360807.5924418,0.0018460750579833984
182918,normal,3003,0,1782360807.594588,0.0021462440490722656
182919,normal,3121,1,1782360807.5962393,0.0016512870788574219
182920,normal,1524,0,1782360807.5984187,0.002179384231567383
182921,normal,3371,1,1782360807.600244,0.0018253326416015625
182922,normal,2580,0,1782360807.602423,0.0021789073944091797
182923,normal,786,2,1782360807.6043448,0.0019218921661376953
182924,normal,3454,0,1782360807.6063242,0.001979351043701172
182925,normal,3353,1,1782360807.6083832,0.0020589828491210938
182926,normal,295,0,1782360807.610299,0.0019159317016601562
182927,normal,435,0,1782360807.6121933,0.001894235610961914
182928,normal,1989,0,1782360807.614295,0.0021016597747802734
182929,normal,2910,0,1782360807.616301,0.002006053924560547
182930,normal,1624,0,1782360807.6183887,0.0020875930786132812
182931,normal,1994,0,1782360807.620348,0.0019593238830566406
182932,normal,270,0,1782360807.6224623,0.0021142959594726562
182933,normal,3017,0,1782360807.6244001,0.0019378662109375
182934,normal,1976,0,1782360807.626379,0.0019788742065429688
182935,normal,2096,0,1782360807.628419,0.0020399093627929688
182936,normal,2466,0,1782360807.630318,0.0018990039825439453
182937,normal,3289,1,1782360807.6324377,0.002119779586791992
182938,normal,3050,1,1782360807.6342933,0.001855611801147461
182939,normal,748,0,1782360807.636383,0.0020897388458251953
182940,normal,3622,0,1782360807.638287,0.0019040107727050781
182941,normal,961,2,1782360807.6404464,0.0021593570709228516
182942,normal,1186,0,1782360807.642373,0.0019266605377197266
182943,normal,3425,0,1782360807.6444445,0.002071380615234375
182944,normal,1782,0,1782360807.6463652,0.0019207000732421875
182945,normal,285,0,1782360807.6485107,0.002145528793334961
182946,normal,3312,1,1782360807.6505547,0.0020439624786376953
182947,normal,108,0,1782360807.6525156,0.0019609928131103516
182948,normal,2774,0,1782360807.654489,0.001973390579223633
182949,normal,3347,1,1782360807.6563358,0.0018467903137207031
182950,normal,940,2,1782360807.6582065,0.0018706321716308594
182951,normal,2275,0,1782360807.6603866,0.0021800994873046875
182952,normal,1920,0,1782360807.6622877,0.0019011497497558594
182953,normal,898,2,1782360807.664615,0.0023272037506103516
182954,normal,3510,0,1782360807.6661954,0.0015804767608642578
182955,normal,3390,1,1782360807.6683712,0.0021758079528808594
182956,normal,2571,0,1782360807.6702967,0.0019254684448242188
182957,normal,1286,0,1782360807.6723714,0.002074718475341797
182958,normal,0,0,1782360807.6747696,0.002398252487182617
182959,normal,213,0,1782360807.676463,0.0016932487487792969
182960,normal,45,0,1782360807.6784945,0.002031564712524414
182961,normal,2067,0,1782360807.6803987,0.0019042491912841797
182962,normal,1334,1,1782360807.6822152,0.0018165111541748047
182963,normal,1623,0,1782360807.6843963,0.0021810531616210938
182964,normal,638,0,1782360807.6863222,0.0019259452819824219
182965,normal,2545,0,1782360807.6882548,0.0019326210021972656
182966,normal,38,0,1782360807.6908293,0.002574443817138672
182967,normal,1469,0,1782360807.6922035,0.0013742446899414062
182968,normal,359,0,1782360807.694371,0.0021674633026123047
182969,normal,1915,0,1782360807.6962898,0.001918792724609375
182970,normal,1950,0,1782360807.698396,0.002106189727783203
182971,normal,973,2,1782360807.7003195,0.0019235610961914062
182972,normal,1330,1,1782360807.7024927,0.002173185348510742
182973,normal,2041,0,1782360807.7044249,0.0019321441650390625
182974,normal,883,2,1782360807.706344,0.0019190311431884766
182975,normal,3651,0,1782360807.7083943,0.0020503997802734375
182976,normal,617,0,1782360807.7104313,0.00203704833984375
182977,normal,3674,0,1782360807.7122073,0.001775979995727539
182978,normal,886,2,1782360807.7144883,0.0022809505462646484
182979,normal,1584,0,1782360807.7165484,0.0020601749420166016
182980,normal,207,0,1782360807.7183313,0.0017828941345214844
182981,normal,644,0,1782360807.7201698,0.0018384456634521484
182982,normal,2425,0,1782360807.722404,0.002234220504760742
182983,normal,159,0,1782360807.7243187,0.0019147396087646484
182984,normal,2345,0,1782360807.7262344,0.0019156932830810547
182985,normal,578,0,1782360807.7284021,0.0021677017211914062
182986,normal,378,0,1782360807.730213,0.0018107891082763672
182987,normal,3513,0,1782360807.732391,0.002178192138671875
182988,normal,2736,0,1782360807.7342908,0.00189971923828125
182989,normal,69,0,1782360807.736312,0.0020210742950439453
182990,normal,114,0,1782360807.7382991,0.0019872188568115234
182991,normal,2330,0,1782360807.7404296,0.0021305084228515625
182992,normal,2513,0,1782360807.7424212,0.0019915103912353516
182993,normal,1520,0,1782360807.7443986,0.0019774436950683594
182994,normal,1251,0,1782360807.7463105,0.0019118785858154297
182995,normal,300,0,1782360807.7483463,0.002035856246948242
182996,normal,1014,2,1782360807.750353,0.0020067691802978516
182997,normal,1617,0,1782360807.7524736,0.002120494842529297
182998,normal,349,0,1782360807.7544038,0.00193023681640625
182999,normal,2802,0,1782360807.7562025,0.0017986297607421875
183000,normal,2156,0,1782360807.7583973,0.0021948814392089844
183001,normal,2190,0,1782360807.760312,0.0019147396087646484
183002,normal,634,0,1782360807.7623045,0.001992464065551758
183003,normal,2738,0,1782360807.7644017,0.0020971298217773438
183004,normal,1985,0,1782360807.7663429,0.0019412040710449219
183005,normal,1230,0,1782360807.7683237,0.0019807815551757812
183006,normal,2593,0,1782360807.7704775,0.0021538734436035156
183007,normal,2557,0,1782360807.7723424,0.0018649101257324219
183008,normal,154,0,1782360807.7742856,0.0019431114196777344
183009,normal,2496,0,1782360807.7763827,0.0020971298217773438
183010,normal,110,0,1782360807.7782955,0.001912832260131836
183011,normal,3072,1,1782360807.7803757,0.002080202102661133
183012,normal,2703,0,1782360807.7823036,0.0019278526306152344
183013,normal,112,0,1782360807.7844524,0.002148866653442383
183014,normal,2385,0,1782360807.786613,0.0021605491638183594
183015,normal,56,0,1782360807.7883105,0.001697540283203125
183016,normal,2340,0,1782360807.7904012,0.0020906925201416016
183017,normal,2942,0,1782360807.7923558,0.0019545555114746094
183018,normal,1462,0,1782360807.7943685,0.0020127296447753906
183019,normal,294,0,1782360807.7962747,0.0019061565399169922
183020,normal,2251,0,1782360807.7983603,0.0020856857299804688
183021,normal,3146,1,1782360807.8003213,0.0019609928131103516
183022,normal,194,0,1782360807.8024657,0.002144336700439453
183023,normal,2304,0,1782360807.8042605,0.0017948150634765625
183024,normal,649,0,1782360807.8065133,0.002252817153930664
183025,normal,836,2,1782360807.8084142,0.0019009113311767578
183026,normal,1821,0,1782360807.810525,0.002110719680786133
183027,normal,1516,0,1782360807.8123605,0.0018355846405029297
183028,normal,3559,0,1782360807.8145142,0.002153635025024414
183029,normal,1359,1,1782360807.8164585,0.0019443035125732422
183030,normal,2762,0,1782360807.8182743,0.0018157958984375
183031,normal,332,0,1782360807.8203576,0.002083301544189453
183032,normal,1374,1,1782360807.822269,0.0019114017486572266
183033,normal,403,0,1782360807.8245075,0.0022385120391845703
183034,normal,2683,0,1782360807.8262963,0.0017888545989990234
183035,normal,3184,1,1782360807.8283572,0.0020608901977539062
183036,normal,1718,0,1782360807.8302672,0.0019099712371826172
183037,normal,2071,0,1782360807.8323588,0.002091646194458008
183038,normal,2085,0,1782360807.8346248,0.00226593017578125
183039,normal,1863,0,1782360807.836434,0.0018091201782226562
183040,normal,3110,1,1782360807.8382823,0.001848459243774414
183041,normal,2324,0,1782360807.8404288,0.002146482467651367
183042,normal,1689,0,1782360807.8423007,0.0018718242645263672
183043,normal,782,2,1782360807.8443768,0.0020761489868164062
183044,normal,2681,0,1782360807.8463016,0.001924753189086914
183045,normal,281,0,1782360807.8484883,0.0021867752075195312
183046,normal,134,0,1782360807.8504474,0.001959085464477539
183047,normal,1850,0,1782360807.8522763,0.001828908920288086
183048,normal,2215,0,1782360807.8543804,0.002104043960571289
183049,normal,2584,0,1782360807.8563874,0.002007007598876953
183050,normal,2341,0,1782360807.858311,0.0019235610961914062
183051,normal,835,2,1782360807.860411,0.0020999908447265625
183052,normal,443,0,1782360807.862377,0.0019659996032714844
183053,normal,2776,0,1782360807.8643196,0.0019426345825195312
183054,normal,1866,0,1782360807.8664143,0.002094745635986328
183055,normal,445,0,1782360807.8690588,0.0026445388793945312
183056,normal,3248,1,1782360807.8709438,0.0018849372863769531
183057,normal,261,0,1782360807.8722844,0.001340627670288086
183058,normal,945,2,1782360807.8743606,0.0020761489868164062
183059,normal,2222,0,1782360807.8767416,0.0023810863494873047
183060,normal,453,0,1782360807.87853,0.0017883777618408203
183061,normal,2596,0,1782360807.8805587,0.0020287036895751953
183062,normal,2553,0,1782360807.8825958,0.00203704833984375
183063,normal,2319,0,1782360807.8843155,0.0017197132110595703
183064,normal,992,2,1782360807.8863022,0.0019867420196533203
183065,normal,613,0,1782360807.888275,0.001972675323486328
183066,normal,2561,0,1782360807.8903935,0.0021185874938964844
183067,normal,174,0,1782360807.8923357,0.0019421577453613281
183068,normal,1899,0,1782360807.8943238,0.0019881725311279297
183069,normal,179,0,1782360807.8963885,0.0020647048950195312
183070,normal,1053,0,1782360807.8982966,0.0019080638885498047
183071,normal,78,0,1782360807.9004273,0.002130746841430664
183072,normal,935,2,1782360807.9023802,0.0019528865814208984
183073,normal,740,0,1782360807.9044669,0.002086639404296875
183074,normal,2923,0,1782360807.9063015,0.0018346309661865234
183075,normal,2490,0,1782360807.908409,0.0021076202392578125
183076,normal,2106,0,1782360807.9103868,0.001977682113647461
183077,normal,622,0,1782360807.9123788,0.0019919872283935547
183078,normal,3157,1,1782360807.9144704,0.002091646194458008
183079,normal,1502,0,1782360807.916195,0.0017244815826416016
183080,normal,704,0,1782360807.9184017,0.0022068023681640625
183081,normal,3199,1,1782360807.9203067,0.0019049644470214844
183082,normal,2987,0,1782360807.9224,0.0020933151245117188
183083,normal,893,2,1782360807.924217,0.0018169879913330078
183084,normal,1917,0,1782360807.9264104,0.002193450927734375
183085,normal,1632,0,1782360807.9283469,0.0019364356994628906
183086,normal,1414,0,1782360807.9303718,0.0020248889923095703
183087,normal,495,0,1782360807.9324164,0.002044677734375
183088,normal,3071,1,1782360807.9342906,0.0018742084503173828
183089,normal,2953,0,1782360807.936379,0.002088308334350586
183090,normal,1381,1,1782360807.938284,0.0019049644470214844
183091,normal,2177,0,1782360807.940285,0.002001047134399414
183092,normal,1686,0,1782360807.942387,0.0021021366119384766
183093,normal,2847,0,1782360807.944342,0.001954793930053711
183094,normal,1394,0,1782360807.9468005,0.0024585723876953125
183095,normal,344,0,1782360807.9482446,0.001444101333618164
183096,normal,1966,0,1782360807.9504008,0.0021562576293945312
183097,normal,2435,0,1782360807.9523637,0.001962900161743164
183098,normal,1354,1,1782360807.9542873,0.0019235610961914062
183099,normal,869,2,1782360807.9563637,0.002076387405395508
183100,normal,1681,0,1782360807.9582722,0.0019085407257080078
183101,normal,447,0,1782360807.960399,0.0021266937255859375
183102,normal,161,0,1782360807.9623985,0.0019996166229248047
183103,normal,1087,0,1782360807.9642448,0.0018463134765625
183104,normal,1294,0,1782360807.9664757,0.0022308826446533203
183105,normal,1830,0,1782360807.9684803,0.0020046234130859375
183106,normal,2461,0,1782360807.970488,0.002007722854614258
183107,normal,3118,1,1782360807.9723504,0.0018622875213623047
183108,normal,1476,0,1782360807.9745514,0.002201080322265625
183109,normal,797,2,1782360807.976504,0.0019526481628417969
183110,normal,410,0,1782360807.9783006,0.0017964839935302734
183111,normal,1451,0,1782360807.9803555,0.002054929733276367
183112,normal,3544,0,1782360807.9822786,0.0019230842590332031
183113,normal,1785,0,1782360807.9843676,0.0020890235900878906
183114,normal,1176,0,1782360807.9864173,0.002049684524536133
183115,normal,459,0,1782360807.9882116,0.0017943382263183594
183116,normal,472,0,1782360807.990357,0.0021452903747558594
183117,normal,1309,0,1782360807.9923587,0.0020017623901367188
183118,normal,1806,0,1782360807.994273,0.0019142627716064453
183119,normal,3689,0,1782360807.9970188,0.0027458667755126953
183120,normal,1295,0,1782360807.9985926,0.001573801040649414
183121,normal,3351,1,1782360808.0002553,0.0016627311706542969
183122,normal,397,0,1782360808.0023715,0.0021162033081054688
183123,normal,2820,0,1782360808.0042844,0.001912832260131836
183124,normal,3153,1,1782360808.006315,0.002030611038208008
183125,normal,3696,0,1782360808.0084624,0.0021474361419677734
183126,normal,1314,0,1782360808.0103242,0.0018618106842041016
183127,normal,1636,0,1782360808.012272,0.001947641372680664
183128,normal,99,0,1782360808.0143743,0.002102375030517578
183129,normal,3242,1,1782360808.016299,0.001924753189086914
183130,normal,2025,0,1782360808.018406,0.002106904983520508
183131,normal,3700,0,1782360808.020358,0.0019521713256835938
183132,normal,1214,0,1782360808.0225906,0.0022325515747070312
183133,normal,1350,1,1782360808.024273,0.001682281494140625
183134,normal,1228,0,1782360808.0264673,0.0021944046020507812
183135,normal,795,2,1782360808.028443,0.0019757747650146484
183136,normal,1981,0,1782360808.030245,0.0018019676208496094
183137,normal,3055,1,1782360808.0325289,0.002283811569213867
183138,normal,1714,0,1782360808.0345066,0.001977682113647461
183139,normal,485,0,1782360808.036335,0.0018284320831298828
183140,normal,1477,0,1782360808.0383544,0.0020194053649902344
183141,normal,1253,0,1782360808.0407994,0.0024449825286865234
183142,normal,2271,0,1782360808.0423322,0.0015327930450439453
183143,normal,335,0,1782360808.0441966,0.0018644332885742188
183144,normal,2238,0,1782360808.046372,0.0021753311157226562
183145,normal,1815,0,1782360808.048285,0.0019130706787109375
183146,normal,2605,0,1782360808.050329,0.0020439624786376953
183147,normal,3308,1,1782360808.0523999,0.002070903778076172
183148,normal,2869,0,1782360808.0543132,0.001913309097290039
183149,normal,627,0,1782360808.056402,0.002088785171508789
183150,normal,1059,0,1782360808.0583062,0.0019042491912841797
183151,normal,2915,0,1782360808.0604424,0.00213623046875
183152,normal,2861,0,1782360808.062386,0.0019435882568359375
183153,normal,610,0,1782360808.064388,0.0020020008087158203
183154,normal,231,0,1782360808.0662782,0.0018901824951171875
183155,normal,322,0,1782360808.0684347,0.002156496047973633
183156,normal,2278,0,1782360808.070361,0.0019261837005615234
183157,normal,1700,0,1782360808.0723147,0.0019538402557373047
183158,normal,1593,0,1782360808.0743325,0.0020177364349365234
183159,normal,41,0,1782360808.0763967,0.002064228057861328
183160,normal,2554,0,1782360808.078309,0.0019123554229736328
183161,normal,3693,0,1782360808.0803218,0.0020127296447753906
183162,normal,3474,0,1782360808.0823016,0.001979827880859375
183163,normal,525,0,1782360808.0843985,0.002096891403198242
183164,normal,3202,1,1782360808.0863204,0.0019218921661376953
183165,normal,2734,0,1782360808.08843,0.002109527587890625
183166,normal,2390,0,1782360808.0904336,0.0020036697387695312
183167,normal,457,0,1782360808.0922887,0.0018551349639892578
183168,normal,1280,0,1782360808.094381,0.0020923614501953125
183169,normal,2489,0,1782360808.0962963,0.0019152164459228516
183170,normal,628,0,1782360808.0982935,0.001997232437133789
183171,normal,2775,0,1782360808.100384,0.0020904541015625
183172,normal,494,0,1782360808.1023934,0.0020093917846679688
183173,normal,826,2,1782360808.1043756,0.0019822120666503906
183174,normal,1208,0,1782360808.1063917,0.0020160675048828125
183175,normal,1281,0,1782360808.108363,0.0019712448120117188
183176,normal,3636,0,1782360808.1103153,0.0019524097442626953
183177,normal,2740,0,1782360808.1123924,0.0020771026611328125
183178,normal,34,0,1782360808.1143425,0.0019500255584716797
183179,normal,2986,0,1782360808.1163852,0.0020427703857421875
183180,normal,975,2,1782360808.1182818,0.0018966197967529297
183181,normal,1922,0,1782360808.1203694,0.0020875930786132812
183182,normal,1109,0,1782360808.1223752,0.0020058155059814453
183183,normal,3356,1,1782360808.1244414,0.0020661354064941406
183184,normal,2066,0,1782360808.126389,0.001947641372680664
183185,normal,1630,0,1782360808.1284633,0.0020742416381835938
183186,normal,2109,0,1782360808.1307173,0.002254009246826172
183187,normal,3217,1,1782360808.1324568,0.001739501953125
183188,normal,999,2,1782360808.134498,0.0020411014556884766
183189,normal,2686,0,1782360808.1364107,0.001912832260131836
183190,normal,3599,0,1782360808.138202,0.001791238784790039
183191,normal,2750,0,1782360808.1403694,0.0021674633026123047
183192,normal,1756,0,1782360808.1422832,0.0019137859344482422
183193,normal,2240,0,1782360808.1445203,0.002237081527709961
183194,normal,1939,0,1782360808.1461916,0.0016713142395019531
183195,normal,1365,1,1782360808.1483562,0.002164602279663086
183196,normal,1514,0,1782360808.150269,0.001912832260131836
183197,normal,30,0,1782360808.1523612,0.002092123031616211
183198,normal,2568,0,1782360808.1545537,0.0021924972534179688
183199,normal,3340,1,1782360808.1563973,0.0018436908721923828
183200,normal,387,0,1782360808.1585,0.0021026134490966797
183201,normal,3498,0,1782360808.1604,0.0018999576568603516
183202,normal,2621,0,1782360808.1622972,0.0018973350524902344
183203,normal,1351,1,1782360808.1643848,0.0020875930786132812
183204,normal,3444,0,1782360808.1662984,0.0019135475158691406
183205,normal,1827,0,1782360808.1694646,0.00316619873046875
183206,normal,3630,0,1782360808.1705284,0.0010638236999511719
183207,normal,286,0,1782360808.1723607,0.0018322467803955078
183208,normal,296,0,1782360808.174186,0.0018253326416015625
183209,normal,2502,0,1782360808.1762474,0.0020613670349121094
183210,normal,1112,0,1782360808.1782439,0.0019965171813964844
183211,normal,3396,1,1782360808.18021,0.001966238021850586
183212,normal,2477,0,1782360808.1825585,0.0023484230041503906
183213,normal,728,0,1782360808.184358,0.0017993450164794922
183214,normal,1377,1,1782360808.186347,0.001989126205444336
183215,normal,3475,0,1782360808.1883142,0.001967191696166992
183216,normal,2512,0,1782360808.1902897,0.001975536346435547
183217,normal,2532,0,1782360808.1923366,0.002046823501586914
183218,normal,732,0,1782360808.1942315,0.0018949508666992188
183219,normal,2895,0,1782360808.196151,0.0019195079803466797
183220,normal,934,2,1782360808.198169,0.002017974853515625
183221,normal,2641,0,1782360808.2002153,0.002046346664428711
183222,normal,2574,0,1782360808.2022436,0.002028226852416992
183223,normal,84,0,1782360808.2042835,0.0020399093627929688
183224,normal,3679,0,1782360808.2062767,0.0019931793212890625
183225,normal,2988,0,1782360808.2083778,0.0021011829376220703
183226,normal,468,0,1782360808.2101622,0.0017843246459960938
183227,normal,167,0,1782360808.2121396,0.0019774436950683594
183228,normal,2569,0,1782360808.2143195,0.002179861068725586
183229,normal,2394,0,1782360808.2163386,0.002019166946411133
183230,normal,343,0,1782360808.2183762,0.002037525177001953
183231,normal,2433,0,1782360808.2202492,0.001873016357421875
183232,normal,859,2,1782360808.2222333,0.001984119415283203
183233,normal,3648,0,1782360808.2242768,0.002043485641479492
183234,normal,282,0,1782360808.226263,0.001986265182495117
183235,normal,323,0,1782360808.2288098,0.0025467872619628906
183236,normal,87,0,1782360808.2301552,0.0013453960418701172
183237,normal,3647,0,1782360808.2321913,0.0020360946655273438
183238,normal,2889,0,1782360808.2341914,0.002000093460083008
183239,normal,766,0,1782360808.2361786,0.0019872188568115234
183240,normal,1127,0,1782360808.2381709,0.0019922256469726562
183241,normal,1685,0,1782360808.2401736,0.002002716064453125
183242,normal,2454,0,1782360808.2421753,0.0020017623901367188
183243,normal,375,0,1782360808.2441652,0.0019898414611816406
183244,normal,68,0,1782360808.2462401,0.0020749568939208984
183245,normal,2843,0,1782360808.248165,0.001924753189086914
183246,normal,656,0,1782360808.2501733,0.0020084381103515625
183247,normal,2152,0,1782360808.252162,0.001988649368286133
183248,normal,1289,0,1782360808.2541926,0.002030611038208008
183249,normal,1551,0,1782360808.256165,0.0019724369049072266
183250,normal,1959,0,1782360808.2581933,0.002028226852416992
183251,normal,1284,0,1782360808.2602417,0.002048492431640625
183252,normal,3159,1,1782360808.2623758,0.002134084701538086
183253,normal,2943,0,1782360808.2641807,0.0018048286437988281
183254,normal,2310,0,1782360808.266307,0.002126455307006836
183255,normal,3443,0,1782360808.2683048,0.001997709274291992
183256,normal,552,0,1782360808.2701635,0.0018587112426757812
183257,normal,1817,0,1782360808.272251,0.0020873546600341797
183258,normal,1555,0,1782360808.2742364,0.0019855499267578125
183259,normal,2684,0,1782360808.2763038,0.0020673274993896484
183260,normal,177,0,1782360808.2783303,0.0020265579223632812
183261,normal,3232,1,1782360808.2803192,0.0019888877868652344
183262,normal,209,0,1782360808.2824113,0.002092123031616211
183263,normal,2055,0,1782360808.2843678,0.001956462860107422
183264,normal,441,0,1782360808.2864943,0.002126455307006836
183265,normal,426,0,1782360808.2882612,0.0017669200897216797
183266,normal,148,0,1782360808.290432,0.0021708011627197266
183267,normal,3561,0,1782360808.2924833,0.0020513534545898438
183268,normal,192,0,1782360808.2941647,0.0016813278198242188
183269,normal,1768,0,1782360808.2962372,0.002072572708129883
183270,normal,2210,0,1782360808.2982368,0.0019996166229248047
183271,normal,2254,0,1782360808.3002965,0.0020596981048583984
183272,normal,195,0,1782360808.3023055,0.0020089149475097656
183273,normal,2603,0,1782360808.3042343,0.0019288063049316406
183274,normal,2600,0,1782360808.306235,0.0020008087158203125
183275,normal,1332,1,1782360808.30824,0.002004861831665039
183276,normal,3681,0,1782360808.310726,0.002485990524291992
183277,normal,274,0,1782360808.3123996,0.0016736984252929688
183278,normal,3083,1,1782360808.3142843,0.0018846988677978516
183279,normal,1302,0,1782360808.3164132,0.0021288394927978516
183280,normal,1493,0,1782360808.3182218,0.0018086433410644531
183281,normal,3061,1,1782360808.3202965,0.002074718475341797
183282,normal,1589,0,1782360808.3223064,0.002009868621826172
183283,normal,2291,0,1782360808.3242269,0.001920461654663086
183284,normal,2212,0,1782360808.3266091,0.0023822784423828125
183285,normal,2364,0,1782360808.3282857,0.0016765594482421875
183286,normal,2728,0,1782360808.330273,0.0019872188568115234
183287,normal,3213,1,1782360808.3322754,0.0020024776458740234
183288,normal,1982,0,1782360808.3342915,0.0020160675048828125
183289,normal,3486,0,1782360808.3362935,0.0020020008087158203
183290,normal,1657,0,1782360808.3382592,0.001965761184692383
183291,normal,1604,0,1782360808.3403375,0.0020782947540283203
183292,normal,573,0,1782360808.3422308,0.0018932819366455078
183293,normal,731,0,1782360808.3444366,0.0022058486938476562
183294,normal,2154,0,1782360808.347061,0.0026242733001708984
183295,normal,272,0,1782360808.3485916,0.0015306472778320312
183296,normal,3294,1,1782360808.350248,0.0016565322875976562
183297,normal,1944,0,1782360808.3525796,0.0023314952850341797
183298,normal,2398,0,1782360808.3543231,0.0017435550689697266
183299,normal,2589,0,1782360808.3566928,0.0023696422576904297
183300,normal,1135,0,1782360808.3586166,0.0019237995147705078
183301,normal,931,2,1782360808.3602138,0.0015971660614013672
183302,normal,1367,1,1782360808.3621383,0.0019245147705078125
183303,normal,25,0,1782360808.3641698,0.002031564712524414
183304,normal,2464,0,1782360808.36616,0.001990079879760742
183305,normal,2567,0,1782360808.3682032,0.0020432472229003906
183306,normal,1496,0,1782360808.3702037,0.002000570297241211
183307,normal,1290,0,1782360808.3721962,0.001992464065551758
183308,normal,1213,0,1782360808.3741894,0.0019931793212890625
183309,normal,965,2,1782360808.3761775,0.0019881725311279297
183310,normal,2073,0,1782360808.378196,0.002018451690673828
183311,normal,1027,2,1782360808.3802273,0.0020313262939453125
183312,normal,3701,0,1782360808.382256,0.0020287036895751953
183313,normal,3690,0,1782360808.384256,0.0019998550415039062
183314,normal,2982,0,1782360808.386175,0.0019190311431884766
183315,normal,3025,0,1782360808.3881938,0.0020189285278320312
183316,normal,1743,0,1782360808.3903499,0.0021560192108154297
183317,normal,1147,0,1782360808.392267,0.001917123794555664
183318,normal,1244,0,1782360808.3942726,0.0020055770874023438
183319,normal,2499,0,1782360808.396164,0.0018913745880126953
183320,normal,118,0,1782360808.3981693,0.002005338668823242
183321,normal,1802,0,1782360808.4001741,0.002004861831665039
183322,normal,850,2,1782360808.4021795,0.002005338668823242
183323,normal,1003,2,1782360808.4041767,0.001997232437133789
183324,normal,2111,0,1782360808.406187,0.002010345458984375
183325,normal,2529,0,1782360808.408207,0.0020198822021484375
183326,normal,3591,0,1782360808.4101908,0.0019838809967041016
183327,normal,761,0,1782360808.4122283,0.002037525177001953
183328,normal,911,2,1782360808.4141989,0.001970529556274414
183329,normal,947,2,1782360808.416164,0.001965045928955078
183330,normal,1662,0,1782360808.4182026,0.002038717269897461
183331,normal,2806,0,1782360808.4201674,0.0019648075103759766
183332,normal,3291,1,1782360808.4221663,0.0019989013671875
183333,normal,3208,1,1782360808.4241648,0.001998424530029297
183334,normal,1549,0,1782360808.426205,0.0020401477813720703
183335,normal,998,2,1782360808.428237,0.002032041549682617
183336,normal,1336,1,1782360808.4304123,0.0021753311157226562
183337,normal,2234,0,1782360808.4321446,0.0017323493957519531
183338,normal,2770,0,1782360808.4341695,0.0020248889923095703
183339,normal,904,2,1782360808.4361727,0.002003192901611328
183340,normal,906,2,1782360808.4381664,0.0019936561584472656
183341,normal,2613,0,1782360808.4401395,0.0019731521606445312
183342,normal,2088,0,1782360808.4421334,0.001993894577026367
183343,normal,2525,0,1782360808.4441333,0.0019998550415039062
183344,normal,2807,0,1782360808.4461868,0.002053499221801758
183345,normal,454,0,1782360808.4482203,0.0020334720611572266
183346,normal,974,2,1782360808.4502246,0.002004384994506836
183347,normal,1482,0,1782360808.4522994,0.002074718475341797
183348,normal,1388,0,1782360808.4542527,0.0019533634185791016
183349,normal,1533,0,1782360808.4563062,0.002053499221801758
183350,normal,1283,0,1782360808.4582322,0.0019259452819824219
183351,normal,571,0,1782360808.4602892,0.0020570755004882812
183352,normal,1063,0,1782360808.462354,0.0020647048950195312
183353,normal,915,2,1782360808.4641504,0.0017964839935302734
183354,normal,3195,1,1782360808.466159,0.002008676528930664
183355,normal,2202,0,1782360808.4681406,0.001981496810913086
183356,normal,2052,0,1782360808.4701478,0.0020072460174560547
183357,normal,3271,1,1782360808.4722629,0.002115011215209961
183358,normal,1248,0,1782360808.4741895,0.0019266605377197266
183359,normal,650,0,1782360808.4761424,0.0019528865814208984
183360,normal,1535,0,1782360808.4781473,0.002004861831665039
183361,normal,3388,1,1782360808.4801474,0.002000093460083008
183362,normal,3615,0,1782360808.482148,0.002000570297241211
183363,normal,448,0,1782360808.4849498,0.0028018951416015625
183364,normal,2371,0,1782360808.486285,0.00133514404296875
183365,normal,3484,0,1782360808.4881957,0.0019106864929199219
183366,normal,2955,0,1782360808.4901805,0.001984834671020508
183367,normal,1752,0,1782360808.4921813,0.0020008087158203125
183368,normal,3323,1,1782360808.4941905,0.002009153366088867
183369,normal,1627,0,1782360808.496444,0.0022535324096679688
183370,normal,2615,0,1782360808.498269,0.001825094223022461
183371,normal,700,0,1782360808.5003223,0.0020532608032226562
183372,normal,3270,1,1782360808.5022967,0.001974344253540039
183373,normal,966,2,1782360808.5042133,0.001916646957397461
183374,normal,889,2,1782360808.5063179,0.002104520797729492
183375,normal,2854,0,1782360808.5085459,0.0022280216217041016
183376,normal,1193,0,1782360808.5104706,0.001924753189086914
183377,normal,2946,0,1782360808.512463,0.001992464065551758
183378,normal,2392,0,1782360808.5144217,0.001958608627319336
183379,normal,2102,0,1782360808.5163379,0.0019161701202392578
183380,normal,1598,0,1782360808.5184479,0.002110004425048828
183381,normal,1663,0,1782360808.5203412,0.0018932819366455078
183382,normal,677,0,1782360808.5225105,0.002169370651245117
183383,normal,440,0,1782360808.524427,0.0019164085388183594
183384,normal,123,0,1782360808.5264194,0.001992464065551758
183385,normal,756,0,1782360808.528186,0.0017666816711425781
183386,normal,805,2,1782360808.5304637,0.0022776126861572266
183387,normal,840,2,1782360808.5324876,0.002023935317993164
183388,normal,955,2,1782360808.5341778,0.0016901493072509766
183389,normal,475,0,1782360808.5362165,0.002038717269897461
183390,normal,2256,0,1782360808.5382838,0.0020673274993896484
183391,normal,3406,0,1782360808.5403311,0.002047300338745117
183392,normal,591,0,1782360808.5423064,0.0019752979278564453
183393,normal,3573,0,1782360808.5443084,0.0020020008087158203
183394,normal,2704,0,1782360808.5462067,0.0018982887268066406
183395,normal,1166,0,1782360808.5482776,0.002070903778076172
183396,normal,2620,0,1782360808.5503192,0.0020415782928466797
183397,normal,2415,0,1782360808.552278,0.0019588470458984375
183398,normal,3246,1,1782360808.554386,0.002107858657836914
183399,normal,705,0,1782360808.556368,0.0019822120666503906
183400,normal,1940,0,1782360808.5581691,0.0018010139465332031
183401,normal,1413,0,1782360808.560335,0.0021657943725585938
183402,normal,2134,0,1782360808.562363,0.0020279884338378906
183403,normal,2181,0,1782360808.5642958,0.0019328594207763672
183404,normal,1505,0,1782360808.5663404,0.002044677734375
183405,normal,597,0,1782360808.5682616,0.0019211769104003906
183406,normal,1292,0,1782360808.570293,0.0020313262939453125
183407,normal,3073,1,1782360808.5722907,0.001997709274291992
183408,normal,2437,0,1782360808.574289,0.001998424530029297
183409,normal,771,0,1782360808.576302,0.002012968063354492
183410,normal,1111,0,1782360808.5783062,0.0020041465759277344
183411,normal,3142,1,1782360808.5803118,0.0020055770874023438
183412,normal,914,2,1782360808.5823443,0.0020325183868408203
183413,normal,3262,1,1782360808.5843732,0.002028942108154297
183414,normal,3368,1,1782360808.5862937,0.001920461654663086
183415,normal,3022,0,1782360808.588286,0.0019922256469726562
183416,normal,245,0,1782360808.5902004,0.0019145011901855469
183417,normal,2072,0,1782360808.5922837,0.002083301544189453
183418,normal,1029,2,1782360808.5941975,0.0019137859344482422
183419,normal,1417,0,1782360808.5963316,0.002134084701538086
183420,normal,1393,0,1782360808.5983572,0.002025604248046875
183421,normal,2870,0,1782360808.600287,0.0019297599792480469
183422,normal,2518,0,1782360808.602396,0.002109050750732422
183423,normal,3287,1,1782360808.6043446,0.0019485950469970703
183424,normal,3322,1,1782360808.6062088,0.0018641948699951172
183425,normal,1039,0,1782360808.608302,0.0020933151245117188
183426,normal,2039,0,1782360808.6103086,0.00200653076171875
183427,normal,643,0,1782360808.6122677,0.001959085464477539
183428,normal,676,0,1782360808.614283,0.002015352249145508
183429,normal,2659,0,1782360808.6162667,0.001983642578125
183430,normal,687,0,1782360808.6182654,0.0019986629486083984
183431,normal,570,0,1782360808.6203725,0.0021071434020996094
183432,normal,1705,0,1782360808.6223526,0.0019800662994384766
183433,normal,1926,0,1782360808.6242583,0.001905679702758789
183434,normal,895,2,1782360808.6265044,0.0022461414337158203
183435,normal,3491,0,1782360808.6285408,0.0020363330841064453
183436,normal,3076,1,1782360808.6304603,0.0019195079803466797
183437,normal,3204,1,1782360808.6323502,0.001889944076538086
183438,normal,379,0,1782360808.6343691,0.0020189285278320312
183439,normal,1578,0,1782360808.6361823,0.0018131732940673828
183440,normal,1052,0,1782360808.638266,0.0020837783813476562
183441,normal,24,0,1782360808.64027,0.002003908157348633
183442,normal,1192,0,1782360808.6423624,0.0020923614501953125
183443,normal,2198,0,1782360808.6442876,0.0019252300262451172
183444,normal,2447,0,1782360808.6462703,0.0019826889038085938
183445,normal,2851,0,1782360808.6481748,0.0019044876098632812
183446,normal,854,2,1782360808.6502557,0.0020809173583984375
183447,normal,2811,0,1782360808.6524737,0.002218008041381836
183448,normal,3419,0,1782360808.6543348,0.0018610954284667969
183449,normal,3639,0,1782360808.6564581,0.0021233558654785156
183450,normal,336,0,1782360808.6585457,0.0020875930786132812
183451,normal,825,2,1782360808.6602411,0.001695394515991211
183452,normal,1659,0,1782360808.6623235,0.002082347869873047
183453,normal,2729,0,1782360808.6643016,0.001978158950805664
183454,normal,1645,0,1782360808.6662157,0.0019140243530273438
183455,normal,3479,0,1782360808.6684136,0.0021979808807373047
183456,normal,1119,0,1782360808.6704416,0.0020279884338378906
183457,normal,3117,1,1782360808.672208,0.0017664432525634766
183458,normal,2040,0,1782360808.6742897,0.002081632614135742
183459,normal,1021,2,1782360808.67629,0.0020003318786621094
183460,normal,81,0,1782360808.678214,0.0019240379333496094
183461,normal,339,0,1782360808.680303,0.0020890235900878906
183462,normal,3283,1,1782360808.682419,0.002115964889526367
183463,normal,3359,1,1782360808.6844208,0.0020017623901367188
183464,normal,1774,0,1782360808.6864154,0.001994609832763672
183465,normal,2663,0,1782360808.6884034,0.001987934112548828
183466,normal,1843,0,1782360808.6903715,0.0019681453704833984
183467,normal,127,0,1782360808.692375,0.0020034313201904297
183468,normal,759,0,1782360808.6942677,0.0018928050994873047
183469,normal,2354,0,1782360808.6962354,0.0019676685333251953
183470,normal,1669,0,1782360808.6983433,0.002107858657836914
183471,normal,3543,0,1782360808.7003486,0.002005338668823242
183472,normal,3366,1,1782360808.7023015,0.0019528865814208984
183473,normal,920,2,1782360808.704388,0.0020864009857177734
183474,normal,2687,0,1782360808.7064614,0.002073526382446289
183475,normal,3398,1,1782360808.708271,0.0018095970153808594
183476,normal,267,0,1782360808.7102683,0.001997232437133789
183477,normal,2148,0,1782360808.7123816,0.00211334228515625
183478,normal,3379,1,1782360808.7148705,0.002488851547241211
183479,normal,321,0,1782360808.7163274,0.0014569759368896484
183480,normal,2716,0,1782360808.7185323,0.00220489501953125
183481,normal,269,0,1782360808.7202523,0.0017199516296386719
183482,normal,3537,0,1782360808.7223682,0.002115964889526367
183483,normal,837,2,1782360808.7243934,0.002025127410888672
183484,normal,1380,1,1782360808.7262917,0.0018982887268066406
183485,normal,658,0,1782360808.728632,0.0023403167724609375
183486,normal,3494,0,1782360808.7301702,0.0015382766723632812
183487,normal,790,2,1782360808.7323127,0.0021424293518066406
183488,normal,1629,0,1782360808.7342176,0.0019049644470214844
183489,normal,1665,0,1782360808.7362826,0.002064943313598633
183490,normal,1900,0,1782360808.738199,0.0019164085388183594
183491,normal,2068,0,1782360808.7403924,0.002193450927734375
183492,normal,1090,0,1782360808.74231,0.0019176006317138672
183493,normal,3309,1,1782360808.7442298,0.0019197463989257812
183494,normal,2035,0,1782360808.7462788,0.002048969268798828
183495,normal,3104,1,1782360808.7483258,0.0020470619201660156
183496,normal,1169,0,1782360808.7502022,0.0018763542175292969
183497,normal,3612,0,1782360808.7522955,0.0020933151245117188
183498,normal,2912,0,1782360808.7542882,0.0019927024841308594
183499,normal,2131,0,1782360808.7561939,0.001905679702758789
183500,normal,497,0,1782360808.7582865,0.002092599868774414
183501,normal,2536,0,1782360808.7603228,0.0020363330841064453
183502,normal,2911,0,1782360808.7622676,0.0019447803497314453
183503,normal,3108,1,1782360808.7645466,0.002279043197631836
183504,normal,3525,0,1782360808.7662916,0.001744985580444336
183505,normal,1745,0,1782360808.7682202,0.001928567886352539
183506,normal,1024,2,1782360808.7713022,0.0030820369720458984
183507,normal,1041,0,1782360808.7723422,0.0010399818420410156
183508,normal,2969,0,1782360808.7741783,0.0018360614776611328
183509,normal,1570,0,1782360808.776262,0.0020837783813476562
183510,normal,587,0,1782360808.7782772,0.0020151138305664062
183511,normal,2216,0,1782360808.7801692,0.00189208984375
183512,normal,1711,0,1782360808.782431,0.002261638641357422
183513,normal,2922,0,1782360808.7843146,0.0018837451934814453
183514,normal,3021,0,1782360808.7862437,0.0019290447235107422
183515,normal,3522,0,1782360808.788396,0.0021522045135498047
183516,normal,2479,0,1782360808.7902825,0.001886606216430664
183517,normal,3344,1,1782360808.7923222,0.002039670944213867
183518,normal,1201,0,1782360808.7942393,0.001917123794555664
183519,normal,3275,1,1782360808.7963028,0.0020635128021240234
183520,normal,1346,1,1782360808.798384,0.002081155776977539
183521,normal,1696,0,1782360808.8001556,0.001771688461303711
183522,normal,479,0,1782360808.802148,0.001992464065551758
183523,normal,3596,0,1782360808.8041353,0.0019872188568115234
183524,normal,1553,0,1782360808.806154,0.0020186901092529297
183525,normal,256,0,1782360808.8083107,0.0021567344665527344
183526,normal,1642,0,1782360808.8101447,0.0018339157104492188
183527,normal,487,0,1782360808.8121297,0.0019850730895996094
183528,normal,111,0,1782360808.8141346,0.002004861831665039
183529,normal,3590,0,1782360808.8161333,0.0019986629486083984
183530,normal,3036,0,1782360808.818497,0.0023636817932128906
183531,normal,1372,1,1782360808.8203301,0.001833200454711914
183532,normal,139,0,1782360808.8222349,0.0019047260284423828
183533,normal,3137,1,1782360808.8242972,0.0020623207092285156
183534,normal,396,0,1782360808.8262064,0.0019092559814453125
183535,normal,1137,0,1782360808.8281949,0.0019884109497070312
183536,normal,3089,1,1782360808.8301873,0.001992464065551758
183537,normal,446,0,1782360808.8321905,0.002003192901611328
183538,normal,2307,0,1782360808.834455,0.0022644996643066406
183539,normal,498,0,1782360808.836226,0.0017709732055664062
183540,normal,659,0,1782360808.8381748,0.0019488334655761719
183541,normal,2184,0,1782360808.8401787,0.002003908157348633
183542,normal,1108,0,1782360808.8421755,0.001996755599975586
183543,normal,954,2,1782360808.8441787,0.002003192901611328
183544,normal,3095,1,1782360808.8461823,0.0020036697387695312
183545,normal,3664,0,1782360808.8482406,0.002058267593383789
183546,normal,3120,1,1782360808.8502092,0.0019686222076416016
183547,normal,2247,0,1782360808.8522067,0.0019974708557128906
183548,normal,3448,0,1782360808.8544724,0.0022656917572021484
183549,normal,523,0,1782360808.8571093,0.0026369094848632812
183550,normal,773,2,1782360808.8582027,0.0010933876037597656
183551,normal,789,2,1782360808.8604167,0.0022139549255371094
183552,normal,3705,0,1782360808.8624747,0.0020580291748046875
183553,normal,500,0,1782360808.864502,0.002027273178100586
183554,normal,3302,1,1782360808.8665433,0.002041339874267578
183555,normal,2482,0,1782360808.8686018,0.0020585060119628906
183556,normal,2892,0,1782360808.8702343,0.0016324520111083984
183557,normal,1058,0,1782360808.8723989,0.002164602279663086
183558,normal,2508,0,1782360808.8744109,0.002012014389038086
183559,normal,2296,0,1782360808.8762937,0.001882791519165039
183560,normal,1117,0,1782360808.8782663,0.001972675323486328
183561,normal,3178,1,1782360808.8804142,0.0021479129791259766
183562,normal,1905,0,1782360808.8823414,0.0019271373748779297
183563,normal,169,0,1782360808.8844311,0.0020897388458251953
183564,normal,2443,0,1782360808.8864198,0.001988649368286133
183565,normal,1045,0,1782360808.8883762,0.001956462860107422
183566,normal,1211,0,1782360808.8903801,0.002003908157348633
183567,normal,3501,0,1782360808.8925056,0.0021255016326904297
183568,normal,2947,0,1782360808.894304,0.001798391342163086
183569,normal,44,0,1782360808.8964045,0.0021004676818847656
183570,normal,103,0,1782360808.8984578,0.0020532608032226562
183571,normal,1523,0,1782360808.9004045,0.0019466876983642578
183572,normal,2563,0,1782360808.902392,0.001987457275390625
183573,normal,3206,1,1782360808.9044683,0.002076387405395508
183574,normal,291,0,1782360808.906295,0.0018267631530761719
183575,normal,1791,0,1782360808.908338,0.002043008804321289
183576,normal,1597,0,1782360808.9104183,0.002080202102661133
183577,normal,2794,0,1782360808.9123173,0.0018990039825439453
183578,normal,2560,0,1782360808.9144192,0.002101898193359375
183579,normal,1557,0,1782360808.9164279,0.002008676528930664
183580,normal,2309,0,1782360808.9183633,0.0019354820251464844
183581,normal,1518,0,1782360808.9203422,0.0019788742065429688
183582,normal,1318,0,1782360808.9224863,0.0021440982818603516
183583,normal,729,0,1782360808.9242249,0.0017385482788085938
183584,normal,838,2,1782360808.926416,0.0021910667419433594
183585,normal,1998,0,1782360808.9284158,0.0019998550415039062
183586,normal,2941,0,1782360808.930314,0.0018982887268066406
183587,normal,3215,1,1782360808.9324126,0.002098560333251953
183588,normal,3628,0,1782360808.9344234,0.002010822296142578
183589,normal,1742,0,1782360808.9363937,0.0019702911376953125
183590,normal,152,0,1782360808.9383879,0.0019941329956054688
183591,normal,598,0,1782360808.9405894,0.002201557159423828
183592,normal,1158,0,1782360808.9422374,0.00164794921875
183593,normal,3488,0,1782360808.944444,0.002206563949584961
183594,normal,3616,0,1782360808.9464436,0.0019996166229248047
183595,normal,1504,0,1782360808.9482982,0.0018546581268310547
183596,normal,1641,0,1782360808.9503148,0.0020165443420410156
183597,normal,2783,0,1782360808.9523954,0.002080678939819336
183598,normal,1225,0,1782360808.9543064,0.0019109249114990234
183599,normal,1873,0,1782360808.95652,0.002213716506958008
183600,normal,398,0,1782360808.9583383,0.0018181800842285156
183601,normal,23,0,1782360808.9604912,0.0021529197692871094
183602,normal,723,0,1782360808.9623773,0.001886129379272461
183603,normal,3384,1,1782360808.964847,0.002469778060913086
183604,normal,796,2,1782360808.9662673,0.0014202594757080078
183605,normal,1104,0,1782360808.9685118,0.0022444725036621094
183606,normal,3580,0,1782360808.9705021,0.0019903182983398438
183607,normal,528,0,1782360808.9723954,0.0018932819366455078
183608,normal,3009,0,1782360808.9743037,0.0019083023071289062
183609,normal,2469,0,1782360808.9763918,0.0020880699157714844
183610,normal,611,0,1782360808.978292,0.0019001960754394531
183611,normal,3097,1,1782360808.980412,0.0021200180053710938
183612,normal,1648,0,1782360808.9825332,0.0021212100982666016
183613,normal,3645,0,1782360808.9842205,0.0016872882843017578
183614,normal,1018,2,1782360808.9863913,0.0021708011627197266
183615,normal,2031,0,1782360808.988393,0.0020017623901367188
183616,normal,2743,0,1782360808.9902954,0.0019023418426513672
183617,normal,1868,0,1782360808.9926274,0.002331972122192383
183618,normal,602,0,1782360808.9948032,0.0021758079528808594
183619,normal,1495,0,1782360808.9963133,0.0015101432800292969
183620,normal,2726,0,1782360808.998403,0.0020897388458251953
183621,normal,1447,0,1782360809.0003989,0.0019958019256591797
183622,normal,1343,1,1782360809.0023093,0.0019104480743408203
183623,normal,3189,1,1782360809.0044148,0.0021054744720458984
183624,normal,3652,0,1782360809.0066028,0.002187967300415039
183625,normal,3403,0,1782360809.0082395,0.0016367435455322266
183626,normal,2698,0,1782360809.0103981,0.002158641815185547
183627,normal,2312,0,1782360809.012426,0.002027750015258789
183628,normal,518,0,1782360809.014332,0.0019061565399169922
183629,normal,3626,0,1782360809.0164318,0.002099752426147461
183630,normal,1609,0,1782360809.018557,0.002125263214111328
183631,normal,2288,0,1782360809.0205345,0.0019774436950683594
183632,normal,3672,0,1782360809.022414,0.0018794536590576172
183633,normal,390,0,1782360809.024504,0.002089977264404297
183634,normal,1908,0,1782360809.0263338,0.0018298625946044922
183635,normal,2486,0,1782360809.0284312,0.0020973682403564453
183636,normal,2172,0,1782360809.030419,0.001987934112548828
183637,normal,864,2,1782360809.032643,0.002223968505859375
183638,normal,1498,0,1782360809.0344214,0.0017783641815185547
183639,normal,1416,0,1782360809.0365033,0.0020818710327148438
183640,normal,473,0,1782360809.03841,0.0019066333770751953
183641,normal,3081,1,1782360809.0405335,0.002123594284057617
183642,normal,631,0,1782360809.042436,0.0019023418426513672
183643,normal,2963,0,1782360809.0442078,0.0017719268798828125
183644,normal,778,2,1782360809.0463896,0.0021817684173583984
183645,normal,968,2,1782360809.0483913,0.0020017623901367188
183646,normal,1703,0,1782360809.0503168,0.0019254684448242188
183647,normal,1471,0,1782360809.05243,0.0021131038665771484
183648,normal,3441,0,1782360809.054407,0.0019769668579101562
183649,normal,1391,0,1782360809.0563095,0.0019025802612304688
183650,normal,848,2,1782360809.0584073,0.0020978450775146484
183651,normal,1419,0,1782360809.060436,0.0020287036895751953
183652,normal,3070,1,1782360809.062403,0.0019669532775878906
183653,normal,876,2,1782360809.064405,0.0020020008087158203
183654,normal,126,0,1782360809.066408,0.0020029544830322266
183655,normal,2865,0,1782360809.0683408,0.0019328594207763672
183656,normal,1610,0,1782360809.0704575,0.002116680145263672
183657,normal,1345,1,1782360809.072478,0.002020597457885742
183658,normal,1883,0,1782360809.074437,0.0019588470458984375
183659,normal,819,2,1782360809.0762854,0.001848459243774414
183660,normal,3578,0,1782360809.078408,0.002122640609741211
183661,normal,317,0,1782360809.0803208,0.001912832260131836
183662,normal,3650,0,1782360809.0824142,0.0020933151245117188
183663,normal,147,0,1782360809.0844145,0.0020003318786621094
183664,normal,681,0,1782360809.086324,0.001909494400024414
183665,normal,648,0,1782360809.088434,0.002110004425048828
183666,normal,2676,0,1782360809.0918365,0.0034024715423583984
183667,normal,769,0,1782360809.0923438,0.000507354736328125
183668,normal,1136,0,1782360809.0943305,0.0019867420196533203
183669,normal,2709,0,1782360809.0964146,0.002084016799926758
183670,normal,970,2,1782360809.0983055,0.0018908977508544922
183671,normal,1078,0,1782360809.1003277,0.002022266387939453
183672,normal,1545,0,1782360809.102413,0.0020852088928222656
183673,normal,2346,0,1782360809.1043417,0.0019288063049316406
183674,normal,2149,0,1782360809.106476,0.0021343231201171875
183675,normal,976,2,1782360809.1083708,0.0018947124481201172
183676,normal,1499,0,1782360809.1104352,0.0020644664764404297
183677,normal,1969,0,1782360809.1123617,0.001926422119140625
183678,normal,1264,0,1782360809.114426,0.002064228057861328
183679,normal,3503,0,1782360809.1163313,0.0019054412841796875
183680,normal,1379,1,1782360809.1184528,0.002121448516845703
183681,normal,2347,0,1782360809.1204119,0.001959085464477539
183682,normal,2305,0,1782360809.1222086,0.001796722412109375
183683,normal,361,0,1782360809.1244218,0.0022132396697998047
183684,normal,3377,1,1782360809.1264646,0.0020427703857421875
183685,normal,1037,0,1782360809.128406,0.0019414424896240234
183686,normal,2526,0,1782360809.1302805,0.0018744468688964844
183687,normal,1947,0,1782360809.132495,0.0022144317626953125
183688,normal,675,0,1782360809.1344166,0.0019216537475585938
183689,normal,2001,0,1782360809.1367297,0.0023131370544433594
183690,normal,2314,0,1782360809.1384447,0.001714944839477539
183691,normal,2027,0,1782360809.1405952,0.0021505355834960938
183692,normal,1595,0,1782360809.1423552,0.0017600059509277344
183693,normal,2798,0,1782360809.1444151,0.0020599365234375
183694,normal,3607,0,1782360809.1462116,0.0017964839935302734
183695,normal,2349,0,1782360809.1484048,0.0021932125091552734
183696,normal,3156,1,1782360809.150443,0.002038240432739258
183697,normal,2840,0,1782360809.1523452,0.0019021034240722656
183698,normal,2994,0,1782360809.1543925,0.002047300338745117
183699,normal,2972,0,1782360809.156392,0.0019996166229248047
183700,normal,1712,0,1782360809.158293,0.0019009113311767578
183701,normal,2476,0,1782360809.1603982,0.002105236053466797
183702,normal,2792,0,1782360809.1625974,0.0021991729736328125
183703,normal,508,0,1782360809.164349,0.0017516613006591797
183704,normal,191,0,1782360809.1664205,0.002071380615234375
183705,normal,3060,1,1782360809.1685073,0.0020868778228759766
183706,normal,1640,0,1782360809.170228,0.0017206668853759766
183707,normal,450,0,1782360809.1724088,0.002180814743041992
183708,normal,2188,0,1782360809.1744182,0.0020093917846679688
183709,normal,1515,0,1782360809.1763191,0.0019009113311767578
183710,normal,1932,0,1782360809.1786323,0.0023131370544433594
183711,normal,3564,0,1782360809.180426,0.0017936229705810547
183712,normal,2913,0,1782360809.1822236,0.0017976760864257812
183713,normal,2429,0,1782360809.1844296,0.002206087112426758
183714,normal,3043,0,1782360809.186436,0.0020062923431396484
183715,normal,3495,0,1782360809.1883535,0.0019176006317138672
183716,normal,1306,0,1782360809.1903424,0.0019888877868652344
183717,normal,1906,0,1782360809.1926425,0.0023000240325927734
183718,normal,2261,0,1782360809.1944292,0.0017867088317871094
183719,normal,1586,0,1782360809.1964226,0.001993417739868164
183720,normal,2183,0,1782360809.1985054,0.00208282470703125
183721,normal,1666,0,1782360809.200348,0.001842498779296875
183722,normal,3555,0,1782360809.2024388,0.002090930938720703
183723,normal,1864,0,1782360809.2044096,0.0019707679748535156
183724,normal,1801,0,1782360809.2062902,0.001880645751953125
183725,normal,2284,0,1782360809.2083986,0.002108335494995117
183726,normal,2666,0,1782360809.2104201,0.0020215511322021484
183727,normal,467,0,1782360809.212401,0.0019807815551757812
183728,normal,2836,0,1782360809.2144048,0.002003908157348633
183729,normal,1626,0,1782360809.2165058,0.0021009445190429688
183730,normal,2231,0,1782360809.2184968,0.0019910335540771484
183731,normal,1159,0,1782360809.2203572,0.0018603801727294922
183732,normal,3471,0,1782360809.2223985,0.002041339874267578
183733,normal,803,2,1782360809.224763,0.0023643970489501953
183734,normal,259,0,1782360809.2267513,0.0019884109497070312
183735,normal,3301,1,1782360809.2285392,0.0017879009246826172
183736,normal,1141,0,1782360809.2304127,0.0018734931945800781
183737,normal,3203,1,1782360809.2323716,0.0019588470458984375
183738,normal,3432,0,1782360809.2345102,0.0021386146545410156
183739,normal,2151,0,1782360809.236313,0.0018029212951660156
183740,normal,1249,0,1782360809.2386556,0.0023424625396728516
183741,normal,874,2,1782360809.2404757,0.0018200874328613281
183742,normal,1299,0,1782360809.242217,0.0017414093017578125
183743,normal,1268,0,1782360809.2444346,0.002217531204223633
183744,normal,3094,1,1782360809.246437,0.0020024776458740234
183745,normal,2616,0,1782360809.2483206,0.0018835067749023438
183746,normal,2503,0,1782360809.2504299,0.0021092891693115234
183747,normal,1074,0,1782360809.2523258,0.001895904541015625
183748,normal,1080,0,1782360809.254433,0.0021071434020996094
183749,normal,2157,0,1782360809.256352,0.0019190311431884766
183750,normal,1898,0,1782360809.2584784,0.002126455307006836
183751,normal,1822,0,1782360809.260221,0.0017426013946533203
183752,normal,283,0,1782360809.2624092,0.0021882057189941406
183753,normal,2159,0,1782360809.264412,0.002002716064453125
183754,normal,3249,1,1782360809.266314,0.0019021034240722656
183755,normal,2979,0,1782360809.2684174,0.0021033287048339844
183756,normal,2566,0,1782360809.270418,0.002000570297241211
183757,normal,2348,0,1782360809.2723694,0.001951456069946289
183758,normal,897,2,1782360809.274506,0.002136707305908203
183759,normal,2229,0,1782360809.2763937,0.0018875598907470703
183760,normal,2983,0,1782360809.278355,0.001961231231689453
183761,normal,2053,0,1782360809.2803338,0.0019788742065429688
183762,normal,3704,0,1782360809.2824674,0.002133607864379883
183763,normal,2193,0,1782360809.284296,0.0018286705017089844
183764,normal,1647,0,1782360809.286411,0.002115011215209961
183765,normal,2564,0,1782360809.2883973,0.001986265182495117
183766,normal,383,0,1782360809.2903395,0.0019421577453613281
183767,normal,2827,0,1782360809.2924695,0.0021300315856933594
183768,normal,37,0,1782360809.2943351,0.0018656253814697266
183769,normal,542,0,1782360809.2964942,0.00215911865234375
183770,normal,735,0,1782360809.2984734,0.0019791126251220703
183771,normal,2882,0,1782360809.3008015,0.002328157424926758
183772,normal,1484,0,1782360809.3022735,0.0014719963073730469
183773,normal,1085,0,1782360809.3045118,0.0022382736206054688
183774,normal,1389,0,1782360809.306475,0.0019631385803222656
183775,normal,1601,0,1782360809.3083527,0.0018777847290039062
183776,normal,201,0,1782360809.3102944,0.001941680908203125
183777,normal,3031,0,1782360809.3123953,0.0021009445190429688
183778,normal,1156,0,1782360809.3142946,0.0018992424011230469
183779,normal,1327,1,1782360809.316516,0.002221345901489258
183780,normal,824,2,1782360809.3183105,0.001794576644897461
183781,normal,2108,0,1782360809.3203955,0.002084970474243164
183782,normal,3462,0,1782360809.322289,0.0018935203552246094
183783,normal,2139,0,1782360809.3244026,0.0021135807037353516
183784,normal,382,0,1782360809.326313,0.0019104480743408203
183785,normal,2618,0,1782360809.3287868,0.0024738311767578125
183786,normal,1882,0,1782360809.3303688,0.0015819072723388672
183787,normal,1421,0,1782360809.3325105,0.002141714096069336
183788,normal,2530,0,1782360809.3344157,0.001905202865600586
183789,normal,783,2,1782360809.336412,0.001996278762817383
183790,normal,301,0,1782360809.338318,0.0019061565399169922
183791,normal,3285,1,1782360809.340433,0.0021147727966308594
183792,normal,2648,0,1782360809.3424377,0.002004861831665039
183793,normal,2376,0,1782360809.3448193,0.002381563186645508
183794,normal,703,0,1782360809.3462274,0.0014081001281738281
183795,normal,59,0,1782360809.3483868,0.0021593570709228516
183796,normal,3233,1,1782360809.3502493,0.0018625259399414062
183797,normal,1778,0,1782360809.3524792,0.002229928970336914
183798,normal,11,0,1782360809.3543453,0.0018661022186279297
183799,normal,2669,0,1782360809.3564584,0.0021131038665771484
183800,normal,3286,1,1782360809.3583438,0.0018854141235351562
183801,normal,3190,1,1782360809.3604224,0.002078533172607422
183802,normal,1490,0,1782360809.362315,0.0018925666809082031
183803,normal,2224,0,1782360809.3647327,0.0024178028106689453
183804,normal,860,2,1782360809.367014,0.00228118896484375
183805,normal,2631,0,1782360809.368294,0.001280069351196289
183806,normal,3499,0,1782360809.370723,0.0024290084838867188
183807,normal,1011,2,1782360809.3733182,0.002595186233520508
183808,normal,1762,0,1782360809.3743644,0.0010461807250976562
183809,normal,3263,1,1782360809.3768246,0.0024602413177490234
183810,normal,1583,0,1782360809.3789582,0.002133607864379883
183811,normal,2585,0,1782360809.3803637,0.001405477523803711
183812,normal,2069,0,1782360809.3823032,0.001939535140991211
183813,normal,2638,0,1782360809.384413,0.0021097660064697266
183814,normal,630,0,1782360809.3862941,0.0018811225891113281
183815,normal,2077,0,1782360809.3883753,0.002081155776977539
183816,normal,2771,0,1782360809.3902867,0.0019114017486572266
183817,normal,910,2,1782360809.3923237,0.00203704833984375
183818,normal,3449,0,1782360809.3942575,0.0019338130950927734
183819,normal,1026,2,1782360809.3963048,0.002047300338745117
183820,normal,2217,0,1782360809.39826,0.001955270767211914
183821,normal,289,0,1782360809.400342,0.0020818710327148438
183822,normal,2962,0,1782360809.4023838,0.0020418167114257812
183823,normal,1860,0,1782360809.4042504,0.0018665790557861328
183824,normal,2535,0,1782360809.406294,0.0020437240600585938
183825,normal,529,0,1782360809.4083192,0.002025127410888672
183826,normal,392,0,1782360809.4102957,0.001976490020751953
183827,normal,858,2,1782360809.4123478,0.0020520687103271484
183828,normal,770,0,1782360809.414354,0.0020062923431396484
183829,normal,543,0,1782360809.416241,0.0018868446350097656
183830,normal,1974,0,1782360809.4182966,0.002055644989013672
183831,normal,187,0,1782360809.4203045,0.0020079612731933594
183832,normal,1600,0,1782360809.422252,0.0019474029541015625
183833,normal,3369,1,1782360809.4243002,0.0020482540130615234
183834,normal,2754,0,1782360809.426311,0.002010822296142578
183835,normal,2056,0,1782360809.4282851,0.0019741058349609375
183836,normal,2658,0,1782360809.430322,0.0020368099212646484
183837,normal,736,0,1782360809.432346,0.0020241737365722656
183838,normal,808,2,1782360809.4342854,0.0019392967224121094
183839,normal,521,0,1782360809.4363015,0.0020160675048828125
183840,normal,877,2,1782360809.4383006,0.0019991397857666016
183841,normal,2789,0,1782360809.440373,0.0020723342895507812
183842,normal,496,0,1782360809.4422703,0.0018973350524902344
183843,normal,2179,0,1782360809.4442961,0.0020258426666259766
183844,normal,3143,1,1782360809.446285,0.0019888877868652344
183845,normal,800,2,1782360809.448347,0.002062082290649414
183846,normal,661,0,1782360809.450484,0.0021369457244873047
183847,normal,3666,0,1782360809.4521904,0.0017063617706298828
183848,normal,1622,0,1782360809.454311,0.002120494842529297
183849,normal,3245,1,1782360809.4563203,0.0020093917846679688
183850,normal,2594,0,1782360809.4582613,0.0019409656524658203
183851,normal,3007,0,1782360809.4602876,0.0020263195037841797
183852,normal,2860,0,1782360809.4622838,0.001996278762817383
183853,normal,1150,0,1782360809.464221,0.0019371509552001953
183854,normal,3105,1,1782360809.4663036,0.0020825862884521484
183855,normal,186,0,1782360809.4683323,0.0020287036895751953
183856,normal,3571,0,1782360809.4702935,0.001961231231689453
183857,normal,1009,2,1782360809.472381,0.0020875930786132812
183858,normal,3272,1,1782360809.4743817,0.002000570297241211
183859,normal,3265,1,1782360809.4762852,0.001903533935546875
183860,normal,3284,1,1782360809.4783332,0.002048015594482422
183861,normal,370,0,1782360809.480383,0.002049684524536133
183862,normal,243,0,1782360809.4823215,0.0019385814666748047
183863,normal,1848,0,1782360809.48431,0.0019884109497070312
183864,normal,1741,0,1782360809.4862897,0.001979827880859375
183865,normal,2707,0,1782360809.488219,0.0019292831420898438
183866,normal,297,0,1782360809.4902809,0.0020618438720703125
183867,normal,189,0,1782360809.4923344,0.002053499221801758
183868,normal,3497,0,1782360809.494274,0.001939535140991211
183869,normal,3604,0,1782360809.4962816,0.002007722854614258
183870,normal,1767,0,1782360809.4982784,0.001996755599975586
183871,normal,2083,0,1782360809.5002782,0.0019998550415039062
183872,normal,720,0,1782360809.5022793,0.002001047134399414
183873,normal,2478,0,1782360809.5049057,0.0026264190673828125
183874,normal,942,2,1782360809.5064094,0.0015037059783935547
183875,normal,92,0,1782360809.5081885,0.0017790794372558594
183876,normal,2614,0,1782360809.5103629,0.00217437744140625
183877,normal,2809,0,1782360809.5122864,0.0019235610961914062
183878,normal,3019,0,1782360809.5143023,0.002015829086303711
183879,normal,2119,0,1782360809.516409,0.0021066665649414062
183880,normal,431,0,1782360809.5182273,0.0018184185028076172
183881,normal,1958,0,1782360809.5203118,0.002084493637084961
183882,normal,2135,0,1782360809.5222917,0.001979827880859375
183883,normal,2721,0,1782360809.5242677,0.00197601318359375
183884,normal,3587,0,1782360809.526314,0.002046346664428711
183885,normal,1189,0,1782360809.5283144,0.0020003318786621094
183886,normal,409,0,1782360809.530338,0.0020236968994140625
183887,normal,265,0,1782360809.5323238,0.001985788345336914
183888,normal,3333,1,1782360809.5343647,0.002040863037109375
183889,normal,3370,1,1782360809.5363016,0.0019369125366210938
183890,normal,1073,0,1782360809.5383916,0.002089977264404297
183891,normal,2000,0,1782360809.54034,0.0019483566284179688
183892,normal,1405,0,1782360809.5423517,0.0020117759704589844
183893,normal,926,2,1782360809.544377,0.0020253658294677734
183894,normal,3401,1,1782360809.5464277,0.002050638198852539
183895,normal,1398,0,1782360809.5482042,0.0017764568328857422
183896,normal,2032,0,1782360809.5503702,0.0021660327911376953
183897,normal,520,0,1782360809.5524485,0.0020782947540283203
183898,normal,833,2,1782360809.5541828,0.0017342567443847656
183899,normal,780,2,1782360809.5562854,0.0021026134490966797
183900,normal,2973,0,1782360809.5582902,0.002004861831665039
183901,normal,2389,0,1782360809.5602875,0.001997232437133789
183902,normal,2452,0,1782360809.5623052,0.0020177364349365234
183903,normal,1339,1,1782360809.5643134,0.002008199691772461
183904,normal,2481,0,1782360809.566255,0.001941680908203125
183905,normal,3063,1,1782360809.568325,0.0020699501037597656
183906,normal,3598,0,1782360809.5704582,0.0021331310272216797
183907,normal,452,0,1782360809.5723956,0.0019373893737792969
183908,normal,76,0,1782360809.5744088,0.0020132064819335938
183909,normal,2241,0,1782360809.5764916,0.00208282470703125
183910,normal,348,0,1782360809.578207,0.0017154216766357422
183911,normal,1927,0,1782360809.5804365,0.002229452133178711
183912,normal,3532,0,1782360809.582363,0.001926422119140625
183913,normal,2395,0,1782360809.5844166,0.0020537376403808594
183914,normal,47,0,1782360809.58637,0.0019533634185791016
183915,normal,2206,0,1782360809.5883837,0.002013683319091797
183916,normal,3280,1,1782360809.590313,0.0019292831420898438
183917,normal,3378,1,1782360809.5924122,0.002099275588989258
183918,normal,3154,1,1782360809.5943146,0.0019023418426513672
183919,normal,3343,1,1782360809.59642,0.0021054744720458984
183920,normal,2350,0,1782360809.5983307,0.0019106864929199219
183921,normal,3015,0,1782360809.6004372,0.0021064281463623047
183922,normal,1667,0,1782360809.6024213,0.001984119415283203
183923,normal,29,0,1782360809.604365,0.001943826675415039
183924,normal,3632,0,1782360809.6064196,0.002054452896118164
183925,normal,3243,1,1782360809.608308,0.0018885135650634766
183926,normal,1970,0,1782360809.6104138,0.002105712890625
183927,normal,2583,0,1782360809.6123116,0.0018978118896484375
183928,normal,1638,0,1782360809.6143143,0.002002716064453125
183929,normal,1103,0,1782360809.616449,0.0021347999572753906
183930,normal,1955,0,1782360809.6183777,0.001928567886352539
183931,normal,549,0,1782360809.620382,0.002004384994506836
183932,normal,2492,0,1782360809.622414,0.002032041549682617
183933,normal,2110,0,1782360809.6244557,0.0020415782928466797
183934,normal,1378,1,1782360809.6263282,0.0018725395202636719
183935,normal,841,2,1782360809.6284258,0.002097606658935547
183936,normal,2125,0,1782360809.630342,0.0019161701202392578
183937,normal,2002,0,1782360809.6324115,0.0020694732666015625
183938,normal,1238,0,1782360809.6343167,0.001905202865600586
183939,normal,2451,0,1782360809.6364117,0.0020949840545654297
183940,normal,2018,0,1782360809.6383722,0.0019605159759521484
183941,normal,2192,0,1782360809.6403892,0.0020170211791992188
183942,normal,2624,0,1782360809.6424665,0.002077341079711914
183943,normal,2573,0,1782360809.644375,0.0019085407257080078
183944,normal,1708,0,1782360809.64651,0.0021347999572753906
183945,normal,2277,0,1782360809.6485853,0.0020754337310791016
183946,normal,847,2,1782360809.6505384,0.001953125
183947,normal,2974,0,1782360809.6523995,0.0018610954284667969
183948,normal,3057,1,1782360809.654515,0.002115488052368164
183949,normal,3016,0,1782360809.6562135,0.0016984939575195312
183950,normal,3116,1,1782360809.6584046,0.0021910667419433594
183951,normal,1132,0,1782360809.6603024,0.0018978118896484375
183952,normal,239,0,1782360809.662646,0.0023436546325683594
183953,normal,1089,0,1782360809.6642146,0.0015685558319091797
183954,normal,2971,0,1782360809.666389,0.00217437744140625
183955,normal,760,0,1782360809.66829,0.0019009113311767578
183956,normal,851,2,1782360809.6703901,0.002100229263305664
183957,normal,3298,1,1782360809.6726453,0.0022552013397216797
183958,normal,2665,0,1782360809.6743484,0.001703023910522461
183959,normal,551,0,1782360809.6764562,0.002107858657836914
183960,normal,3688,0,1782360809.678489,0.002032756805419922
183961,normal,2104,0,1782360809.6802697,0.0017807483673095703
183962,normal,2940,0,1782360809.6824098,0.002140045166015625
183963,normal,871,2,1782360809.684418,0.002008199691772461
183964,normal,2745,0,1782360809.6863241,0.0019061565399169922
183965,normal,1478,0,1782360809.6884634,0.0021393299102783203
183966,normal,2991,0,1782360809.6905012,0.0020377635955810547
183967,normal,2858,0,1782360809.6922116,0.0017104148864746094
183968,normal,204,0,1782360809.6944005,0.0021889209747314453
183969,normal,3477,0,1782360809.6964085,0.0020079612731933594
183970,normal,1596,0,1782360809.6983166,0.0019080638885498047
183971,normal,1519,0,1782360809.7004254,0.0021088123321533203
183972,normal,754,0,1782360809.7023664,0.0019409656524658203
183973,normal,3311,1,1782360809.7046185,0.0022521018981933594
183974,normal,1202,0,1782360809.706301,0.0016825199127197266
183975,normal,1548,0,1782360809.708467,0.0021660327911376953
183976,normal,995,2,1782360809.710488,0.0020210742950439453
183977,normal,2834,0,1782360809.7123048,0.0018167495727539062
183978,normal,3372,1,1782360809.7143993,0.0020945072174072266
183979,normal,1088,0,1782360809.7162905,0.0018911361694335938
183980,normal,509,0,1782360809.7183945,0.002104043960571289
183981,normal,3045,1,1782360809.7203326,0.0019381046295166016
183982,normal,908,2,1782360809.722398,0.002065420150756836
183983,normal,3562,0,1782360809.7244427,0.002044677734375
183984,normal,1562,0,1782360809.726519,0.002076387405395508
183985,normal,2142,0,1782360809.7283447,0.001825571060180664
183986,normal,711,0,1782360809.7302995,0.001954793930053711
183987,normal,2906,0,1782360809.7327304,0.0024309158325195312
183988,normal,2590,0,1782360809.7350008,0.0022704601287841797
183989,normal,1032,0,1782360809.7363315,0.0013306140899658203
183990,normal,3326,1,1782360809.7386467,0.0023152828216552734
183991,normal,2021,0,1782360809.7402716,0.0016248226165771484
183992,normal,3492,0,1782360809.742406,0.0021343231201171875
183993,normal,2173,0,1782360809.7445118,0.0021059513092041016
183994,normal,3416,0,1782360809.7462966,0.0017848014831542969
183995,normal,2671,0,1782360809.7488449,0.0025482177734375
183996,normal,1161,0,1782360809.7502954,0.0014505386352539062
183997,normal,3315,1,1782360809.752425,0.0021295547485351562
183998,normal,2565,0,1782360809.7543268,0.001901865005493164
183999,normal,2011,0,1782360809.7564106,0.0020837783813476562
184000,normal,1445,0,1782360809.7583048,0.001894235610961914
184001,normal,2182,0,1782360809.7604246,0.002119779586791992
184002,normal,1652,0,1782360809.7623334,0.0019087791442871094
184003,normal,663,0,1782360809.7644386,0.002105236053466797
184004,normal,2361,0,1782360809.7664046,0.0019659996032714844
184005,normal,2855,0,1782360809.7684352,0.002030611038208008
184006,normal,2519,0,1782360809.7703097,0.0018744468688964844
184007,normal,1123,0,1782360809.772413,0.0021033287048339844
184008,normal,3290,1,1782360809.7743077,0.0018947124481201172
184009,normal,2931,0,1782360809.7764127,0.0021049976348876953
184010,normal,2114,0,1782360809.7783055,0.0018928050994873047
184011,normal,3201,1,1782360809.7804427,0.0021371841430664062
184012,normal,303,0,1782360809.7823796,0.0019369125366210938
184013,normal,2916,0,1782360809.7844741,0.0020945072174072266
184014,normal,411,0,1782360809.7863255,0.0018513202667236328
184015,normal,1719,0,1782360809.788436,0.0021104812622070312
184016,normal,1361,1,1782360809.7904432,0.0020072460174560547
184017,normal,3594,0,1782360809.7923129,0.0018696784973144531
184018,normal,2218,0,1782360809.7943964,0.0020835399627685547
184019,normal,3173,1,1782360809.796295,0.0018985271453857422
184020,normal,145,0,1782360809.7984118,0.0021169185638427734
184021,normal,2343,0,1782360809.800443,0.002031087875366211
184022,normal,1270,0,1782360809.8022697,0.0018267631530761719
184023,normal,2769,0,1782360809.8044982,0.0022284984588623047
184024,normal,408,0,1782360809.8064034,0.001905202865600586
184025,normal,953,2,1782360809.8084595,0.002056121826171875
184026,normal,913,2,1782360809.8104808,0.002021312713623047
184027,normal,3141,1,1782360809.8122976,0.0018167495727539062
184028,normal,2191,0,1782360809.8144526,0.0021550655364990234
184029,normal,3256,1,1782360809.8165483,0.0020956993103027344
184030,normal,2101,0,1782360809.8182158,0.0016674995422363281
184031,normal,3399,1,1782360809.8203897,0.002173900604248047
184032,normal,2660,0,1782360809.8222919,0.0019021034240722656
184033,normal,1783,0,1782360809.8243964,0.002104520797729492
184034,normal,1842,0,1782360809.8265262,0.002129793167114258
184035,normal,505,0,1782360809.8282928,0.0017666816711425781
184036,normal,338,0,1782360809.8302898,0.0019969940185546875
184037,normal,1613,0,1782360809.8324044,0.002114534378051758
184038,normal,3144,1,1782360809.834294,0.0018897056579589844
184039,normal,632,0,1782360809.836989,0.002694845199584961
184040,normal,2057,0,1782360809.8384871,0.0014982223510742188
184041,normal,227,0,1782360809.8403642,0.0018770694732666016
184042,normal,1497,0,1782360809.8425686,0.002204418182373047
184043,normal,511,0,1782360809.844223,0.0016543865203857422
184044,normal,1664,0,1782360809.8464146,0.0021915435791015625
184045,normal,1347,1,1782360809.8483217,0.0019071102142333984
184046,normal,1928,0,1782360809.8504336,0.0021119117736816406
184047,normal,1031,0,1782360809.8527918,0.0023581981658935547
184048,normal,1070,0,1782360809.8543046,0.001512765884399414
184049,normal,3509,0,1782360809.8563964,0.0020918846130371094
184050,normal,1800,0,1782360809.8583984,0.0020020008087158203
184051,normal,3589,0,1782360809.860308,0.001909494400024414
184052,normal,798,2,1782360809.8624187,0.002110719680786133
184053,normal,792,2,1782360809.8644228,0.0020041465759277344
184054,normal,2413,0,1782360809.866384,0.001961231231689453
184055,normal,275,0,1782360809.8683553,0.0019712448120117188
184056,normal,2336,0,1782360809.8704398,0.002084493637084961
184057,normal,3464,0,1782360809.8728247,0.0023849010467529297
184058,normal,3354,1,1782360809.8749733,0.0021486282348632812
184059,normal,3551,0,1782360809.8764586,0.0014853477478027344
184060,normal,3646,0,1782360809.8785965,0.002137899398803711
184061,normal,2773,0,1782360809.8806472,0.002050638198852539
184062,normal,823,2,1782360809.8824904,0.0018432140350341797
184063,normal,2070,0,1782360809.884532,0.0020415782928466797
184064,normal,3418,0,1782360809.8865597,0.002027750015258789
184065,normal,3575,0,1782360809.8883216,0.0017619132995605469
184066,normal,3247,1,1782360809.8903978,0.0020761489868164062
184067,normal,3026,0,1782360809.8922925,0.0018947124481201172
184068,normal,2993,0,1782360809.8943946,0.0021021366119384766
184069,normal,2133,0,1782360809.8963246,0.0019299983978271484
184070,normal,1227,0,1782360809.8984294,0.0021047592163085938
184071,normal,1370,1,1782360809.9004087,0.001979351043701172
184072,normal,3079,1,1782360809.9023125,0.0019037723541259766
184073,normal,2115,0,1782360809.9044087,0.0020961761474609375
184074,normal,2759,0,1782360809.9064527,0.0020439624786376953
184075,normal,3387,1,1782360809.9084198,0.001967191696166992
184076,normal,664,0,1782360809.9104164,0.0019965171813964844
184077,normal,1698,0,1782360809.9124315,0.0020151138305664062
184078,normal,3703,0,1782360809.9143116,0.0018801689147949219
184079,normal,2692,0,1782360809.9164655,0.0021538734436035156
184080,normal,1780,0,1782360809.9184873,0.00202178955078125
184081,normal,555,0,1782360809.9204266,0.0019392967224121094
184082,normal,741,0,1782360809.922321,0.0018944740295410156
184083,normal,726,0,1782360809.9243994,0.0020782947540283203
184084,normal,3241,1,1782360809.926313,0.0019135475158691406
184085,normal,122,0,1782360809.9284189,0.0021059513092041016
184086,normal,2162,0,1782360809.930419,0.002000093460083008
184087,normal,2498,0,1782360809.932325,0.0019059181213378906
184088,normal,653,0,1782360809.9344347,0.0021097660064697266
184089,normal,1526,0,1782360809.93644,0.002005338668823242
184090,normal,2785,0,1782360809.9383876,0.001947641372680664
184091,normal,1479,0,1782360809.9403481,0.0019605159759521484
184092,normal,14,0,1782360809.9424138,0.0020656585693359375
184093,normal,202,0,1782360809.9443085,0.0018947124481201172
184094,normal,1872,0,1782360809.946414,0.0021054744720458984
184095,normal,3310,1,1782360809.9484642,0.002050161361694336
184096,normal,1102,0,1782360809.9503088,0.001844644546508789
184097,normal,70,0,1782360809.9524424,0.002133607864379883
184098,normal,3135,1,1782360809.9544747,0.0020322799682617188
184099,normal,238,0,1782360809.956745,0.002270221710205078
184100,normal,1338,1,1782360809.9582362,0.0014913082122802734
184101,normal,2205,0,1782360809.960432,0.0021958351135253906
184102,normal,3038,0,1782360809.9623344,0.0019023418426513672
184103,normal,2958,0,1782360809.9644186,0.0020842552185058594
184104,normal,1051,0,1782360809.9664006,0.001981973648071289
184105,normal,380,0,1782360809.9682982,0.001897573471069336
184106,normal,2107,0,1782360809.970435,0.002136707305908203
184107,normal,1254,0,1782360809.9730468,0.002611875534057617
184108,normal,1643,0,1782360809.9742367,0.0011899471282958984
184109,normal,1013,2,1782360809.9765084,0.0022716522216796875
184110,normal,3132,1,1782360809.9783816,0.0018732547760009766
184111,normal,1691,0,1782360809.9804037,0.0020220279693603516
184112,normal,2838,0,1782360809.9824853,0.002081632614135742
184113,normal,1921,0,1782360809.9846153,0.0021300315856933594
184114,normal,250,0,1782360809.9863358,0.001720428466796875
184115,normal,1862,0,1782360809.9886339,0.002298116683959961
184116,normal,3504,0,1782360809.9904509,0.0018169879913330078
184117,normal,629,0,1782360809.9922016,0.0017507076263427734
184118,normal,2534,0,1782360809.9943912,0.00218963623046875
184119,normal,1034,0,1782360809.9963946,0.0020034313201904297
184120,normal,1352,1,1782360809.9982939,0.0018992424011230469
184121,normal,2009,0,1782360810.0004618,0.002167940139770508
184122,normal,2185,0,1782360810.0024111,0.001949310302734375
184123,normal,2189,0,1782360810.0042937,0.0018825531005859375
184124,normal,3684,0,1782360810.0063965,0.0021028518676757812
184125,normal,1993,0,1782360810.0083935,0.0019969940185546875
184126,normal,104,0,1782360810.010352,0.0019583702087402344
184127,normal,206,0,1782360810.012839,0.0024871826171875
184128,normal,2524,0,1782360810.0144532,0.0016140937805175781
184129,normal,818,2,1782360810.0162284,0.0017752647399902344
184130,normal,1537,0,1782360810.018403,0.0021746158599853516
184131,normal,3237,1,1782360810.0204031,0.002000093460083008
184132,normal,423,0,1782360810.0223293,0.0019261837005615234
184133,normal,927,2,1782360810.0246894,0.002360105514526367
184134,normal,539,0,1782360810.0263462,0.0016567707061767578
184135,normal,967,2,1782360810.0283983,0.0020520687103271484
184136,normal,2322,0,1782360810.0303082,0.0019099712371826172
184137,normal,3508,0,1782360810.0324328,0.0021245479583740234
184138,normal,3114,1,1782360810.0343323,0.0018994808197021484
184139,normal,224,0,1782360810.0365467,0.0022144317626953125
184140,normal,2730,0,1782360810.038549,0.002002239227294922
184141,normal,490,0,1782360810.0403464,0.0017974376678466797
184142,normal,1924,0,1782360810.042398,0.0020515918731689453
184143,normal,1403,0,1782360810.0445075,0.002109527587890625
184144,normal,2693,0,1782360810.0463378,0.0018303394317626953
184145,normal,3565,0,1782360810.0484426,0.0021047592163085938
184146,normal,1375,1,1782360810.0506325,0.0021898746490478516
184147,normal,1465,0,1782360810.0524602,0.0018277168273925781
184148,normal,1692,0,1782360810.0544329,0.001972675323486328
184149,normal,2710,0,1782360810.056424,0.0019910335540771484
184150,normal,1461,0,1782360810.058533,0.002109050750732422
184151,normal,572,0,1782360810.0604577,0.001924753189086914
184152,normal,2141,0,1782360810.0623958,0.0019381046295166016
184153,normal,2829,0,1782360810.0642993,0.001903533935546875
184154,normal,504,0,1782360810.0663986,0.002099275588989258
184155,normal,135,0,1782360810.0684178,0.002019166946411133
184156,normal,912,2,1782360810.0703118,0.0018939971923828125
184157,normal,3629,0,1782360810.072404,0.002092123031616211
184158,normal,244,0,1782360810.0744038,0.0019998550415039062
184159,normal,827,2,1782360810.0763016,0.0018978118896484375
184160,normal,2781,0,1782360810.0784445,0.0021429061889648438
184161,normal,1410,0,1782360810.0804677,0.0020232200622558594
184162,normal,3572,0,1782360810.0824199,0.0019521713256835938
184163,normal,2717,0,1782360810.0842855,0.0018656253814697266
184164,normal,3487,0,1782360810.0863907,0.002105236053466797
184165,normal,2484,0,1782360810.0883632,0.0019724369049072266
184166,normal,540,0,1782360810.0902867,0.0019235610961914062
184167,normal,2817,0,1782360810.092492,0.002205371856689453
184168,normal,1171,0,1782360810.094344,0.001851797103881836
184169,normal,1796,0,1782360810.0963907,0.002046823501586914
184170,normal,979,2,1782360810.0984058,0.0020151138305664062
184171,normal,2863,0,1782360810.1003096,0.0019037723541259766
184172,normal,2696,0,1782360810.102416,0.0021064281463623047
184173,normal,1787,0,1782360810.1044285,0.002012491226196289
184174,normal,2080,0,1782360810.1063335,0.0019049644470214844
184175,normal,268,0,1782360810.108441,0.0021076202392578125
184176,normal,1464,0,1782360810.1105285,0.0020873546600341797
184177,normal,657,0,1782360810.1122224,0.0016939640045166016
184178,normal,2938,0,1782360810.1144083,0.002185821533203125
184179,normal,2625,0,1782360810.116414,0.0020058155059814453
184180,normal,960,2,1782360810.118313,0.0018990039825439453
184181,normal,2850,0,1782360810.1204114,0.0020983219146728516
184182,normal,1563,0,1782360810.1224122,0.0020008087158203125
184183,normal,2460,0,1782360810.1243663,0.0019540786743164062
184184,normal,64,0,1782360810.126474,0.0021076202392578125
184185,normal,2685,0,1782360810.1284807,0.0020067691802978516
184186,normal,1952,0,1782360810.1303055,0.0018248558044433594
184187,normal,3440,0,1782360810.1324234,0.0021178722381591797
184188,normal,1412,0,1782360810.1344292,0.0020058155059814453
184189,normal,2694,0,1782360810.1363642,0.0019350051879882812
184190,normal,2495,0,1782360810.1383142,0.0019500255584716797
184191,normal,3194,1,1782360810.1405115,0.002197265625
184192,normal,2504,0,1782360810.1423216,0.0018100738525390625
184193,normal,492,0,1782360810.1444268,0.002105236053466797
184194,normal,2744,0,1782360810.1465523,0.0021255016326904297
184195,normal,2426,0,1782360810.148326,0.0017735958099365234
184196,normal,1408,0,1782360810.1505055,0.0021796226501464844
184197,normal,2719,0,1782360810.152445,0.001939535140991211
184198,normal,1668,0,1782360810.1544,0.0019550323486328125
184199,normal,1313,0,1782360810.1565428,0.002142667770385742
184200,normal,1028,2,1782360810.15856,0.0020172595977783203
184201,normal,586,0,1782360810.160466,0.0019059181213378906
184202,normal,1277,0,1782360810.1623175,0.0018515586853027344
184203,normal,3113,1,1782360810.1644077,0.0020902156829833984
184204,normal,1730,0,1782360810.1663032,0.0018954277038574219
184205,normal,952,2,1782360810.1684036,0.0021004676818847656
184206,normal,604,0,1782360810.1706316,0.0022280216217041016
184207,normal,1990,0,1782360810.1722033,0.0015716552734375
184208,normal,196,0,1782360810.1744003,0.0021970272064208984
184209,normal,2459,0,1782360810.176227,0.0018267631530761719
184210,normal,1209,0,1782360810.1782804,0.0020532608032226562
184211,normal,1392,0,1782360810.180747,0.0024666786193847656
184212,normal,3485,0,1782360810.18246,0.0017130374908447266
184213,normal,1239,0,1782360810.1843402,0.0018801689147949219
184214,normal,3602,0,1782360810.186587,0.002246856689453125
184215,normal,2136,0,1782360810.188326,0.0017387866973876953
184216,normal,324,0,1782360810.1904159,0.002089977264404297
184217,normal,563,0,1782360810.1923141,0.0018982887268066406
184218,normal,868,2,1782360810.1944308,0.002116680145263672
184219,normal,592,0,1782360810.196368,0.0019371509552001953
184220,normal,701,0,1782360810.1984308,0.0020627975463867188
184221,normal,2815,0,1782360810.2004013,0.001970529556274414
184222,normal,2746,0,1782360810.202298,0.0018966197967529297
184223,normal,27,0,1782360810.2044067,0.0021088123321533203
184224,normal,345,0,1782360810.2064173,0.0020105838775634766
184225,normal,1017,2,1782360810.2083266,0.0019092559814453125
184226,normal,639,0,1782360810.2105186,0.0021920204162597656
184227,normal,365,0,1782360810.212504,0.001985311508178711
184228,normal,776,2,1782360810.2142894,0.0017855167388916016
184229,normal,2299,0,1782360810.216479,0.00218963623046875
184230,normal,2920,0,1782360810.218543,0.0020639896392822266
184231,normal,2956,0,1782360810.22027,0.0017268657684326172
184232,normal,32,0,1782360810.222399,0.002129077911376953
184233,normal,2661,0,1782360810.224388,0.0019888877868652344
184234,normal,2635,0,1782360810.2263045,0.001916646957397461
184235,normal,2383,0,1782360810.2284412,0.002136707305908203
184236,normal,91,0,1782360810.2304668,0.002025604248046875
184237,normal,2904,0,1782360810.2324607,0.001993894577026367
184238,normal,2207,0,1782360810.2344537,0.001992940902709961
184239,normal,2003,0,1782360810.2364962,0.002042531967163086
184240,normal,1891,0,1782360810.2383022,0.001806020736694336
184241,normal,560,0,1782360810.2407732,0.0024709701538085938
184242,normal,558,0,1782360810.2429411,0.002167940139770508
184243,normal,562,0,1782360810.2443695,0.001428365707397461
184244,normal,2799,0,1782360810.246512,0.0021424293518066406
184245,normal,750,0,1782360810.2484708,0.0019588470458984375
184246,normal,3593,0,1782360810.2504342,0.001963376998901367
184247,normal,3049,1,1782360810.2523263,0.00189208984375
184248,normal,404,0,1782360810.2544875,0.002161264419555664
184249,normal,2528,0,1782360810.2568007,0.0023131370544433594
184250,normal,1772,0,1782360810.2582054,0.0014047622680664062
184251,normal,1930,0,1782360810.260435,0.0022296905517578125
184252,normal,89,0,1782360810.2623203,0.0018851757049560547
184253,normal,3442,0,1782360810.264411,0.0020906925201416016
184254,normal,356,0,1782360810.266416,0.0020051002502441406
184255,normal,916,2,1782360810.26832,0.0019040107727050781
184256,normal,7,0,1782360810.2704592,0.0021390914916992188
184257,normal,372,0,1782360810.2724385,0.001979351043701172
184258,normal,2485,0,1782360810.27441,0.0019714832305908203
184259,normal,337,0,1782360810.2762265,0.0018165111541748047
184260,normal,2977,0,1782360810.2784226,0.002196073532104492
184261,normal,2084,0,1782360810.2803097,0.0018870830535888672
184262,normal,620,0,1782360810.2824152,0.0021054744720458984
184263,normal,2163,0,1782360810.2844152,0.002000093460083008
184264,normal,2030,0,1782360810.2863066,0.0018913745880126953
184265,normal,3523,0,1782360810.2884538,0.002147197723388672
184266,normal,2132,0,1782360810.2904844,0.002030611038208008
184267,normal,3042,0,1782360810.2925189,0.002034425735473633
184268,normal,1546,0,1782360810.2942376,0.001718759536743164
184269,normal,1155,0,1782360810.2964394,0.0022017955780029297
184270,normal,2124,0,1782360810.2983747,0.0019352436065673828
184271,normal,3533,0,1782360810.3003106,0.0019359588623046875
184272,normal,3236,1,1782360810.3023982,0.0020875930786132812
184273,normal,1430,0,1782360810.3042998,0.0019016265869140625
184274,normal,3685,0,1782360810.3064046,0.0021047592163085938
184275,normal,662,0,1782360810.3085196,0.002115011215209961
184276,normal,3692,0,1782360810.3102577,0.0017380714416503906
184277,normal,1025,2,1782360810.3125224,0.002264738082885742
184278,normal,1067,0,1782360810.3144827,0.001960277557373047
184279,normal,1618,0,1782360810.3163605,0.0018777847290039062
184280,normal,1754,0,1782360810.3185377,0.0021772384643554688
184281,normal,1463,0,1782360810.3203907,0.0018529891967773438
184282,normal,1432,0,1782360810.3225884,0.002197742462158203
184283,normal,2933,0,1782360810.324419,0.0018305778503417969
184284,normal,150,0,1782360810.32641,0.0019910335540771484
184285,normal,223,0,1782360810.3282955,0.0018854141235351562
184286,normal,1607,0,1782360810.3303955,0.0020999908447265625
184287,normal,1252,0,1782360810.3324246,0.0020291805267333984
184288,normal,2372,0,1782360810.3345582,0.002133607864379883
184289,normal,515,0,1782360810.3362055,0.0016472339630126953
184290,normal,1902,0,1782360810.3384042,0.0021986961364746094
184291,normal,1435,0,1782360810.3402905,0.0018863677978515625
184292,normal,903,2,1782360810.3423157,0.002025127410888672
184293,normal,2012,0,1782360810.3448868,0.00257110595703125
184294,normal,2424,0,1782360810.3463578,0.0014710426330566406
184295,normal,1739,0,1782360810.3485527,0.0021948814392089844
184296,normal,88,0,1782360810.3503835,0.0018308162689208984
184297,normal,2866,0,1782360810.3522186,0.0018351078033447266
184298,normal,2488,0,1782360810.3543255,0.002106904983520508
184299,normal,340,0,1782360810.3563137,0.0019881725311279297
184300,normal,1319,1,1782360810.3583186,0.002004861831665039
184301,normal,1047,0,1782360810.3608074,0.002488851547241211
184302,normal,615,0,1782360810.3624287,0.001621246337890625
184303,normal,1298,0,1782360810.3642132,0.0017845630645751953
184304,normal,673,0,1782360810.3664074,0.0021941661834716797
184305,normal,1273,0,1782360810.3684273,0.0020198822021484375
184306,normal,2491,0,1782360810.3703244,0.0018970966339111328
184307,normal,640,0,1782360810.3724358,0.0021114349365234375
184308,normal,2680,0,1782360810.3744748,0.0020389556884765625
184309,normal,1591,0,1782360810.3763545,0.0018796920776367188
184310,normal,1733,0,1782360810.3784347,0.002080202102661133
184311,normal,3013,0,1782360810.3805594,0.002124786376953125
184312,normal,3163,1,1782360810.3830893,0.0025298595428466797
184313,normal,3380,1,1782360810.3845468,0.0014574527740478516
184314,normal,2471,0,1782360810.3864102,0.0018634796142578125
184315,normal,1723,0,1782360810.3888478,0.002437591552734375
184316,normal,745,0,1782360810.39047,0.0016222000122070312
184317,normal,1788,0,1782360810.3927886,0.0023186206817626953
184318,normal,1168,0,1782360810.3946025,0.0018138885498046875
184319,normal,3411,0,1782360810.3962626,0.0016601085662841797
184320,normal,3327,1,1782360810.3984149,0.0021522045135498047
184321,normal,229,0,1782360810.4002976,0.001882791519165039
184322,normal,1824,0,1782360810.402381,0.002083301544189453
184323,normal,2408,0,1782360810.4044008,0.0020198822021484375
184324,normal,2800,0,1782360810.4063275,0.0019266605377197266
184325,normal,235,0,1782360810.4085126,0.0021851062774658203
184326,normal,1165,0,1782360810.410316,0.0018033981323242188
184327,normal,3001,0,1782360810.4123983,0.002082347869873047
184328,normal,119,0,1782360810.4144423,0.0020439624786376953
184329,normal,1183,0,1782360810.4164968,0.002054452896118164
184330,normal,3,0,1782360810.418323,0.0018262863159179688
184331,normal,3534,0,1782360810.4204779,0.002154827117919922
184332,normal,395,0,1782360810.4223874,0.001909494400024414
184333,normal,3453,0,1782360810.4243422,0.001954793930053711
184334,normal,2220,0,1782360810.4264667,0.0021245479583740234
184335,normal,266,0,1782360810.428492,0.0020253658294677734
184336,normal,2672,0,1782360810.4303882,0.0018961429595947266
184337,normal,3168,1,1782360810.43231,0.0019218921661376953
184338,normal,465,0,1782360810.4344094,0.002099275588989258
184339,normal,1894,0,1782360810.4363081,0.0018987655639648438
184340,normal,2731,0,1782360810.4384177,0.002109527587890625
184341,normal,1197,0,1782360810.4404206,0.0020029544830322266
184342,normal,2323,0,1782360810.4423294,0.0019087791442871094
184343,normal,1235,0,1782360810.4444313,0.002101898193359375
184344,normal,899,2,1782360810.4464533,0.0020220279693603516
184345,normal,2308,0,1782360810.4483914,0.0019381046295166016
184346,normal,2950,0,1782360810.4502237,0.0018322467803955078
184347,normal,2165,0,1782360810.452415,0.002191305160522461
184348,normal,2118,0,1782360810.4543087,0.001893758773803711
184349,normal,3332,1,1782360810.456419,0.0021102428436279297
184350,normal,691,0,1782360810.458409,0.001990079879760742
184351,normal,646,0,1782360810.4603066,0.001897573471069336
184352,normal,1383,0,1782360810.4624743,0.0021677017211914062
184353,normal,434,0,1782360810.4645302,0.0020558834075927734
184354,normal,52,0,1782360810.466454,0.0019237995147705078
184355,normal,3305,1,1782360810.468244,0.0017900466918945312
184356,normal,3423,0,1782360810.470442,0.0021979808807373047
184357,normal,3592,0,1782360810.472325,0.0018830299377441406
184358,normal,647,0,1782360810.4743981,0.002073049545288086
184359,normal,211,0,1782360810.4764,0.0020017623901367188
184360,normal,2384,0,1782360810.4782956,0.0018956661224365234
184361,normal,2438,0,1782360810.4804173,0.0021216869354248047
184362,normal,2431,0,1782360810.48249,0.0020728111267089844
184363,normal,1316,0,1782360810.4842386,0.0017485618591308594
184364,normal,2814,0,1782360810.4864788,0.0022401809692382812
184365,normal,2358,0,1782360810.4885962,0.0021173954010009766
184366,normal,814,2,1782360810.4908605,0.002264261245727539
184367,normal,2289,0,1782360810.4922814,0.0014209747314453125
184368,normal,418,0,1782360810.4945066,0.002225160598754883
184369,normal,2201,0,1782360810.4964092,0.0019025802612304688
184370,normal,2713,0,1782360810.4984431,0.0020339488983154297
184371,normal,2265,0,1782360810.5003939,0.0019507408142089844
184372,normal,1191,0,1782360810.5022943,0.0019004344940185547
184373,normal,2487,0,1782360810.5043905,0.0020961761474609375
184374,normal,2900,0,1782360810.5064094,0.0020189285278320312
184375,normal,1293,0,1782360810.5084424,0.0020329952239990234
184376,normal,668,0,1782360810.5102139,0.0017714500427246094
184377,normal,3273,1,1782360810.5123909,0.002177000045776367
184378,normal,2949,0,1782360810.5142944,0.001903533935546875
184379,normal,1871,0,1782360810.5163977,0.0021033287048339844
184380,normal,799,2,1782360810.5187109,0.0023131370544433594
184381,normal,1205,0,1782360810.5207155,0.0020046234130859375
184382,normal,2831,0,1782360810.5223918,0.001676321029663086
184383,normal,1310,0,1782360810.5243988,0.002007007598876953
184384,normal,3324,1,1782360810.5263126,0.0019137859344482422
184385,normal,1466,0,1782360810.5284052,0.002092599868774414
184386,normal,1001,2,1782360810.5304108,0.0020055770874023438
184387,normal,176,0,1782360810.5326412,0.002230405807495117
184388,normal,2597,0,1782360810.5342307,0.0015895366668701172
184389,normal,436,0,1782360810.5363896,0.0021588802337646484
184390,normal,3694,0,1782360810.538302,0.0019123554229736328
184391,normal,969,2,1782360810.5404222,0.0021202564239501953
184392,normal,1065,0,1782360810.5424335,0.0020112991333007812
184393,normal,355,0,1782360810.544511,0.0020775794982910156
184394,normal,2272,0,1782360810.5465078,0.001996755599975586
184395,normal,1799,0,1782360810.548488,0.0019800662994384766
184396,normal,988,2,1782360810.5503795,0.0018916130065917969
184397,normal,1163,0,1782360810.552462,0.0020825862884521484
184398,normal,1005,2,1782360810.5545137,0.0020515918731689453
184399,normal,1608,0,1782360810.5562322,0.0017185211181640625
184400,normal,33,0,1782360810.5586908,0.0024585723876953125
184401,normal,432,0,1782360810.5605128,0.0018219947814941406
184402,normal,3341,1,1782360810.562303,0.0017902851104736328
184403,normal,3096,1,1782360810.5645158,0.0022127628326416016
184404,normal,956,2,1782360810.5665467,0.0020308494567871094
184405,normal,1455,0,1782360810.5684628,0.0019161701202392578
184406,normal,2221,0,1782360810.5703084,0.0018455982208251953
184407,normal,618,0,1782360810.57348,0.0031714439392089844
184408,normal,3539,0,1782360810.574393,0.0009131431579589844
184409,normal,1081,0,1782360810.5763934,0.0020003318786621094
184410,normal,2075,0,1782360810.578405,0.002011537551879883
184411,normal,747,0,1782360810.580315,0.0019102096557617188
184412,normal,2140,0,1782360810.5824087,0.0020935535430908203
184413,normal,3187,1,1782360810.5844078,0.0019991397857666016
184414,normal,2887,0,1782360810.586323,0.0019152164459228516
184415,normal,3386,1,1782360810.5884538,0.002130746841430664
184416,normal,1437,0,1782360810.5904863,0.0020325183868408203
184417,normal,946,2,1782360810.5923216,0.0018353462219238281
184418,normal,857,2,1782360810.594412,0.0020904541015625
184419,normal,2047,0,1782360810.596418,0.0020058155059814453
184420,normal,1301,0,1782360810.598367,0.0019490718841552734
184421,normal,3614,0,1782360810.6004922,0.002125263214111328
184422,normal,3560,0,1782360810.6024737,0.001981496810913086
184423,normal,3535,0,1782360810.6043026,0.001828908920288086
184424,normal,2129,0,1782360810.6064048,0.0021021366119384766
184425,normal,925,2,1782360810.6084118,0.002007007598876953
184426,normal,958,2,1782360810.610315,0.0019032955169677734
184427,normal,2428,0,1782360810.6124268,0.002111673355102539
184428,normal,696,0,1782360810.614431,0.0020041465759277344
184429,normal,2204,0,1782360810.6163287,0.0018978118896484375
184430,normal,873,2,1782360810.6184478,0.0021190643310546875
184431,normal,845,2,1782360810.620519,0.0020711421966552734
184432,normal,2609,0,1782360810.6222231,0.0017042160034179688
184433,normal,715,0,1782360810.6244147,0.0021915435791015625
184434,normal,2081,0,1782360810.6264184,0.0020036697387695312
184435,normal,788,2,1782360810.628314,0.0018956661224365234
184436,normal,963,2,1782360810.6304162,0.0021021366119384766
184437,normal,341,0,1782360810.6324294,0.0020132064819335938
184438,normal,2086,0,1782360810.6343682,0.0019388198852539062
184439,normal,1887,0,1782360810.6364725,0.0021042823791503906
184440,normal,2268,0,1782360810.6384866,0.00201416015625
184441,normal,2550,0,1782360810.6402812,0.001794576644897461
184442,normal,2876,0,1782360810.642433,0.0021517276763916016
184443,normal,2480,0,1782360810.6444523,0.0020194053649902344
184444,normal,1485,0,1782360810.6462858,0.0018334388732910156
184445,normal,502,0,1782360810.648412,0.0021262168884277344
184446,normal,75,0,1782360810.6504362,0.0020241737365722656
184447,normal,3350,1,1782360810.6523094,0.0018732547760009766
184448,normal,767,0,1782360810.6543326,0.0020232200622558594
184449,normal,1639,0,1782360810.656557,0.002224445343017578
184450,normal,1978,0,1782360810.6582756,0.0017185211181640625
184451,normal,2822,0,1782360810.6604843,0.002208709716796875
184452,normal,3373,1,1782360810.662586,0.0021016597747802734
184453,normal,810,2,1782360810.6643574,0.0017714500427246094
184454,normal,1349,1,1782360810.666554,0.0021965503692626953
184455,normal,2667,0,1782360810.6685472,0.0019931793212890625
184456,normal,2623,0,1782360810.670446,0.0018987655639648438
184457,normal,1764,0,1782360810.6723118,0.0018658638000488281
184458,normal,3365,1,1782360810.6744037,0.0020918846130371094
184459,normal,2764,0,1782360810.6763043,0.0019006729125976562
184460,normal,1433,0,1782360810.6784053,0.0021009445190429688
184461,normal,2862,0,1782360810.680649,0.0022437572479248047
184462,normal,1836,0,1782360810.6822033,0.001554250717163086
184463,normal,2808,0,1782360810.6843903,0.002187013626098633
184464,normal,3430,0,1782360810.6863961,0.0020058155059814453
184465,normal,1530,0,1782360810.688204,0.0018079280853271484
184466,normal,2246,0,1782360810.690791,0.002586841583251953
184467,normal,1574,0,1782360810.692459,0.0016682147979736328
184468,normal,3047,1,1782360810.6943398,0.001880645751953125
184469,normal,1954,0,1782360810.6964536,0.002113819122314453
184470,normal,1602,0,1782360810.6984143,0.00196075439453125
184471,normal,1828,0,1782360810.7003117,0.0018973350524902344
184472,normal,1094,0,1782360810.7024145,0.0021028518676757812
184473,normal,513,0,1782360810.7044165,0.0020020008087158203
184474,normal,3439,0,1782360810.7063668,0.0019502639770507812
184475,normal,3465,0,1782360810.7084928,0.002125978469848633
184476,normal,2575,0,1782360810.710391,0.0018982887268066406
184477,normal,651,0,1782360810.712304,0.0019130706787109375
184478,normal,203,0,1782360810.7144082,0.002104043960571289
184479,normal,2097,0,1782360810.7164145,0.0020062923431396484
184480,normal,2078,0,1782360810.7183297,0.0019152164459228516
184481,normal,580,0,1782360810.7205987,0.0022690296173095703
184482,normal,2258,0,1782360810.722465,0.0018663406372070312
184483,normal,3435,0,1782360810.7243006,0.0018355846405029297
184484,normal,1588,0,1782360810.726513,0.0022122859954833984
184485,normal,2228,0,1782360810.728542,0.0020291805267333984
184486,normal,784,2,1782360810.7302618,0.0017197132110595703
184487,normal,3360,1,1782360810.7323885,0.0021266937255859375
184488,normal,1813,0,1782360810.7343867,0.0019981861114501953
184489,normal,1170,0,1782360810.7363057,0.0019190311431884766
184490,normal,2797,0,1782360810.7384377,0.002131938934326172
184491,normal,2748,0,1782360810.7405255,0.002087831497192383
184492,normal,842,2,1782360810.7423623,0.0018367767333984375
184493,normal,1889,0,1782360810.7445507,0.002188444137573242
184494,normal,872,2,1782360810.7463574,0.0018067359924316406
184495,normal,2381,0,1782360810.748412,0.002054452896118164
184496,normal,1056,0,1782360810.7506814,0.0022695064544677734
184497,normal,369,0,1782360810.7527714,0.002089977264404297
184498,normal,1324,1,1782360810.7544627,0.0016913414001464844
184499,normal,1931,0,1782360810.7564516,0.0019888877868652344
184500,normal,986,2,1782360810.7584734,0.00202178955078125
184501,normal,737,0,1782360810.7604265,0.001953125
184502,normal,171,0,1782360810.762329,0.0019025802612304688
184503,normal,1948,0,1782360810.7645242,0.002195119857788086
184504,normal,2282,0,1782360810.7666895,0.0021653175354003906
184505,normal,561,0,1782360810.768212,0.0015225410461425781
184506,normal,3000,0,1782360810.7704294,0.0022172927856445312
184507,normal,1851,0,1782360810.7723265,0.0018970966339111328
184508,normal,1521,0,1782360810.7744071,0.002080678939819336
184509,normal,1012,2,1782360810.7764056,0.001998424530029297
184510,normal,1148,0,1782360810.778318,0.0019123554229736328
184511,normal,305,0,1782360810.780451,0.0021331310272216797
184512,normal,3052,1,1782360810.7824392,0.0019881725311279297
184513,normal,3255,1,1782360810.7844083,0.0019690990447998047
184514,normal,930,2,1782360810.7862387,0.0018303394317626953
184515,normal,2236,0,1782360810.7884235,0.0021848678588867188
184516,normal,813,2,1782360810.7903123,0.0018887519836425781
184517,normal,3100,1,1782360810.7924154,0.002103090286254883
184518,normal,1999,0,1782360810.7944157,0.0020003318786621094
184519,normal,2611,0,1782360810.7963123,0.0018966197967529297
184520,normal,3046,1,1782360810.798455,0.002142667770385742
184521,normal,2960,0,1782360810.8004773,0.002022266387939453
184522,normal,60,0,1782360810.8024056,0.0019283294677734375
184523,normal,3374,1,1782360810.8043158,0.0019102096557617188
184524,normal,3469,0,1782360810.8064544,0.0021386146545410156
184525,normal,313,0,1782360810.8083687,0.0019142627716064453
184526,normal,251,0,1782360810.8103154,0.0019466876983642578
184527,normal,2813,0,1782360810.8124013,0.0020859241485595703
184528,normal,95,0,1782360810.8142421,0.001840829849243164
184529,normal,557,0,1782360810.816296,0.002053976058959961
184530,normal,1194,0,1782360810.818397,0.0021009445190429688
184531,normal,997,2,1782360810.8202386,0.0018415451049804688
184532,normal,2094,0,1782360810.8223732,0.002134561538696289
184533,normal,304,0,1782360810.824475,0.002101898193359375
184534,normal,2209,0,1782360810.8263254,0.0018503665924072266
184535,normal,3352,1,1782360810.8285465,0.0022211074829101562
184536,normal,3165,1,1782360810.8302934,0.0017468929290771484
184537,normal,625,0,1782360810.8324738,0.002180337905883789
184538,normal,1040,0,1782360810.83447,0.001996278762817383
184539,normal,2970,0,1782360810.8363156,0.0018455982208251953
184540,normal,3210,1,1782360810.8381722,0.0018565654754638672
184541,normal,3131,1,1782360810.8403938,0.0022215843200683594
184542,normal,2816,0,1782360810.8422768,0.0018830299377441406
184543,normal,1912,0,1782360810.844416,0.0021390914916992188
184544,normal,1881,0,1782360810.8461804,0.001764535903930664
184545,normal,501,0,1782360810.8482735,0.002093076705932617
184546,normal,3149,1,1782360810.8501594,0.0018858909606933594
184547,normal,1237,0,1782360810.852275,0.002115488052368164
184548,normal,3220,1,1782360810.854776,0.0025010108947753906
184549,normal,3609,0,1782360810.8564215,0.0016455650329589844
184550,normal,40,0,1782360810.858253,0.0018315315246582031
184551,normal,2856,0,1782360810.8605647,0.00231170654296875
184552,normal,3429,0,1782360810.8621945,0.0016298294067382812
184553,normal,1605,0,1782360810.864301,0.0021064281463623047
184554,normal,3066,1,1782360810.8663096,0.002008676528930664
184555,normal,2399,0,1782360810.8682096,0.0018999576568603516
184556,normal,1157,0,1782360810.8707087,0.002499103546142578
184557,normal,1452,0,1782360810.87237,0.0016613006591796875
184558,normal,1811,0,1782360810.8742101,0.0018401145935058594
184559,normal,3500,0,1782360810.8763075,0.0020973682403564453
184560,normal,2274,0,1782360810.8783104,0.0020029544830322266
184561,normal,2300,0,1782360810.8802073,0.0018968582153320312
184562,normal,31,0,1782360810.8823183,0.0021109580993652344
184563,normal,234,0,1782360810.8844104,0.002092123031616211
184564,normal,2714,0,1782360810.8862529,0.001842498779296875
184565,normal,2226,0,1782360810.888324,0.0020711421966552734
184566,normal,768,0,1782360810.8905067,0.0021827220916748047
184567,normal,3412,0,1782360810.8931732,0.002666473388671875
184568,normal,3588,0,1782360810.8943744,0.0012011528015136719
184569,normal,1182,0,1782360810.8964994,0.0021250247955322266
184570,normal,3414,0,1782360810.8986394,0.002140045166015625
184571,normal,568,0,1782360810.900432,0.0017926692962646484
184572,normal,1735,0,1782360810.9025517,0.0021195411682128906
184573,normal,3549,0,1782360810.9044464,0.0018947124481201172
184574,normal,2421,0,1782360810.9062622,0.0018157958984375
184575,normal,2599,0,1782360810.9082882,0.002026081085205078
184576,normal,1429,0,1782360810.9101732,0.0018849372863769531
184577,normal,2290,0,1782360810.9122727,0.0020995140075683594
184578,normal,1933,0,1782360810.914314,0.002041339874267578
184579,normal,55,0,1782360810.9162107,0.0018966197967529297
184580,normal,3566,0,1782360810.9182997,0.0020890235900878906
184581,normal,481,0,1782360810.920298,0.001998424530029297
184582,normal,1977,0,1782360840.8793285,0.0
184583,normal,2747,0,1782360840.8814764,0.0021479129791259766
184584,normal,231,0,1782360840.8833683,0.0018918514251708984
184585,normal,3174,1,1782360840.8853931,0.0020248889923095703
184586,normal,1186,0,1782360840.887312,0.001918792724609375
184587,normal,3006,0,1782360840.8893843,0.0020723342895507812
184588,normal,2636,0,1782360840.8913145,0.00193023681640625
184589,normal,3124,1,1782360840.8933637,0.0020492076873779297
184590,normal,2525,0,1782360840.8952827,0.0019190311431884766
184591,normal,1105,0,1782360840.8973644,0.002081632614135742
184592,normal,3503,0,1782360840.8993149,0.0019505023956298828
184593,normal,865,2,1782360840.9013498,0.002034902572631836
184594,normal,2311,0,1782360840.9033349,0.0019850730895996094
184595,normal,2105,0,1782360840.9053154,0.0019805431365966797
184596,normal,3236,1,1782360840.9073727,0.002057313919067383
184597,normal,978,2,1782360840.9093363,0.0019636154174804688
184598,normal,220,0,1782360840.9113748,0.0020384788513183594
184599,normal,3510,0,1782360840.9133148,0.001940011978149414
184600,normal,2339,0,1782360840.9153626,0.0020477771759033203
184601,normal,482,0,1782360840.9173136,0.001950979232788086
184602,normal,3074,1,1782360840.9193847,0.0020711421966552734
184603,normal,1284,0,1782360840.9213243,0.001939535140991211
184604,normal,1988,0,1782360840.9233708,0.0020465850830078125
184605,normal,3300,1,1782360840.925317,0.0019462108612060547
184606,normal,3468,0,1782360840.927422,0.0021049976348876953
184607,normal,722,0,1782360840.9293125,0.001890420913696289
184608,normal,1722,0,1782360840.9315102,0.002197742462158203
184609,normal,2629,0,1782360840.9333494,0.0018391609191894531
184610,normal,1318,0,1782360840.935341,0.0019915103912353516
184611,normal,2334,0,1782360840.9373481,0.0020072460174560547
184612,normal,1643,0,1782360840.9394934,0.0021452903747558594
184613,normal,2343,0,1782360840.9413197,0.0018262863159179688
184614,normal,2045,0,1782360840.9435217,0.0022020339965820312
184615,normal,808,2,1782360840.945654,0.0021321773529052734
184616,normal,1168,0,1782360840.9473248,0.00167083740234375
184617,normal,1917,0,1782360840.949504,0.0021791458129882812
184618,normal,557,0,1782360840.9516523,0.0021483898162841797
184619,normal,2109,0,1782360840.9533274,0.0016751289367675781
184620,normal,1620,0,1782360840.9554975,0.002170085906982422
184621,normal,1310,0,1782360840.9574919,0.0019943714141845703
184622,normal,2156,0,1782360840.9593587,0.0018668174743652344
184623,normal,2095,0,1782360840.9613147,0.0019559860229492188
184624,normal,1272,0,1782360840.963656,0.0023412704467773438
184625,normal,3035,0,1782360840.9653385,0.0016825199127197266
184626,normal,1205,0,1782360840.9675038,0.0021653175354003906
184627,normal,744,0,1782360840.969643,0.0021393299102783203
184628,normal,2321,0,1782360840.9713352,0.001692056655883789
184629,normal,3079,1,1782360840.973502,0.002166748046875
184630,normal,206,0,1782360840.9756482,0.0021462440490722656
184631,normal,70,0,1782360840.9773357,0.0016875267028808594
184632,normal,953,2,1782360840.979498,0.0021622180938720703
184633,normal,503,0,1782360840.9816427,0.0021448135375976562
184634,normal,2364,0,1782360840.9833372,0.0016944408416748047
184635,normal,1014,2,1782360840.9854944,0.0021572113037109375
184636,normal,2622,0,1782360840.9876502,0.002155780792236328
184637,normal,464,0,1782360840.9893389,0.0016887187957763672
184638,normal,1001,2,1782360840.9914956,0.0021567344665527344
184639,normal,2727,0,1782360840.9936483,0.002152681350708008
184640,normal,3352,1,1782360840.995325,0.001676797866821289
184641,normal,2812,0,1782360840.9975035,0.0021784305572509766
184642,normal,3095,1,1782360840.9997685,0.0022649765014648438
184643,normal,3521,0,1782360841.0013287,0.001560211181640625
184644,normal,2276,0,1782360841.0034912,0.002162456512451172
184645,normal,2715,0,1782360841.0056293,0.0021381378173828125
184646,normal,2268,0,1782360841.0073261,0.0016968250274658203
184647,normal,3547,0,1782360841.0097775,0.0024514198303222656
184648,normal,181,0,1782360841.011327,0.0015494823455810547
184649,normal,937,2,1782360841.0134995,0.0021724700927734375
184650,normal,3263,1,1782360841.0154655,0.0019659996032714844
184651,normal,2242,0,1782360841.017622,0.002156496047973633
184652,normal,1286,0,1782360841.0194204,0.001798391342163086
184653,normal,3535,0,1782360841.0214694,0.002048969268798828
184654,normal,549,0,1782360841.0236378,0.002168416976928711
184655,normal,2068,0,1782360841.0253973,0.0017595291137695312
184656,normal,1166,0,1782360841.0274708,0.002073526382446289
184657,normal,2489,0,1782360841.029596,0.002125263214111328
184658,normal,2776,0,1782360841.031406,0.001809835433959961
184659,normal,2694,0,1782360841.033475,0.0020689964294433594
184660,normal,451,0,1782360841.0356162,0.002141237258911133
184661,normal,193,0,1782360841.037389,0.0017728805541992188
184662,normal,1290,0,1782360841.0394135,0.002024412155151367
184663,normal,1354,1,1782360841.041655,0.0022416114807128906
184664,normal,3037,0,1782360841.0433896,0.0017344951629638672
184665,normal,1786,0,1782360841.0454102,0.002020597457885742
184666,normal,1026,2,1782360841.04738,0.0019698143005371094
184667,normal,2124,0,1782360841.0493326,0.0019526481628417969
184668,normal,1153,0,1782360841.0513296,0.0019969940185546875
184669,normal,1207,0,1782360841.053463,0.0021333694458007812
184670,normal,3691,0,1782360841.0553257,0.0018627643585205078
184671,normal,1923,0,1782360841.0573273,0.002001523971557617
184672,normal,645,0,1782360841.059464,0.002136707305908203
184673,normal,3548,0,1782360841.0613232,0.0018591880798339844
184674,normal,430,0,1782360841.0633264,0.002003192901611328
184675,normal,1851,0,1782360841.0654624,0.0021359920501708984
184676,normal,1987,0,1782360841.0673268,0.0018644332885742188
184677,normal,3075,1,1782360841.069328,0.0020012855529785156
184678,normal,3438,0,1782360841.0713885,0.002060413360595703
184679,normal,577,0,1782360841.0733263,0.0019378662109375
184680,normal,3619,0,1782360841.0753329,0.00200653076171875
184681,normal,3071,1,1782360841.0773895,0.002056598663330078
184682,normal,820,2,1782360841.0793536,0.001964092254638672
184683,normal,43,0,1782360841.0813248,0.0019712448120117188
184684,normal,1422,0,1782360841.0833762,0.0020513534545898438
184685,normal,1763,0,1782360841.085341,0.0019648075103759766
184686,normal,2709,0,1782360841.0873234,0.001982450485229492
184687,normal,1562,0,1782360841.0894406,0.002117156982421875
184688,normal,1567,0,1782360841.0913544,0.0019137859344482422
184689,normal,1036,0,1782360841.0933201,0.001965761184692383
184690,normal,842,2,1782360841.0954409,0.0021207332611083984
184691,normal,1875,0,1782360841.0973225,0.0018815994262695312
184692,normal,72,0,1782360841.0993218,0.001999378204345703
184693,normal,1436,0,1782360841.101486,0.002164125442504883
184694,normal,1968,0,1782360841.103324,0.0018379688262939453
184695,normal,1275,0,1782360841.1053214,0.0019974708557128906
184696,normal,2809,0,1782360841.107377,0.002055644989013672
184697,normal,1442,0,1782360841.1093218,0.0019447803497314453
184698,normal,2273,0,1782360841.1113517,0.002029895782470703
184699,normal,330,0,1782360841.113367,0.002015352249145508
184700,normal,1376,1,1782360841.115323,0.0019559860229492188
184701,normal,3046,1,1782360841.1173563,0.002033233642578125
184702,normal,2647,0,1782360841.1193776,0.002021312713623047
184703,normal,3258,1,1782360841.121324,0.0019464492797851562
184704,normal,729,0,1782360841.1233509,0.002026796340942383
184705,normal,1399,0,1782360841.125366,0.0020151138305664062
184706,normal,1228,0,1782360841.1273246,0.001958608627319336
184707,normal,6,0,1782360841.129352,0.0020275115966796875
184708,normal,1410,0,1782360841.1313667,0.002014636993408203
184709,normal,1231,0,1782360841.1333148,0.0019481182098388672
184710,normal,938,2,1782360841.1353498,0.002034902572631836
184711,normal,2417,0,1782360841.1373663,0.0020165443420410156
184712,normal,3168,1,1782360841.1393204,0.0019540786743164062
184713,normal,3590,0,1782360841.1413524,0.002032041549682617
184714,normal,2011,0,1782360841.1433659,0.0020134449005126953
184715,normal,1644,0,1782360841.1453192,0.0019533634185791016
184716,normal,2923,0,1782360841.14735,0.0020308494567871094
184717,normal,2874,0,1782360841.149369,0.0020189285278320312
184718,normal,2608,0,1782360841.1513178,0.0019488334655761719
184719,normal,1544,0,1782360841.1533573,0.0020394325256347656
184720,normal,1937,0,1782360841.1553664,0.002009153366088867
184721,normal,3597,0,1782360841.1573124,0.0019459724426269531
184722,normal,2597,0,1782360841.159352,0.002039670944213867
184723,normal,579,0,1782360841.1613686,0.0020165443420410156
184724,normal,1304,0,1782360841.163318,0.001949310302734375
184725,normal,632,0,1782360841.1653502,0.0020322799682617188
184726,normal,2541,0,1782360841.167366,0.002015829086303711
184727,normal,2884,0,1782360841.1693175,0.001951456069946289
184728,normal,97,0,1782360841.1713514,0.0020339488983154297
184729,normal,1068,0,1782360841.173366,0.002014636993408203
184730,normal,3120,1,1782360841.1753175,0.001951456069946289
184731,normal,1448,0,1782360841.177351,0.0020334720611572266
184732,normal,276,0,1782360841.179366,0.0020151138305664062
184733,normal,1549,0,1782360841.1813178,0.0019516944885253906
184734,normal,2583,0,1782360841.1833472,0.0020294189453125
184735,normal,1056,0,1782360841.1853657,0.002018451690673828
184736,normal,3655,0,1782360841.1873212,0.0019555091857910156
184737,normal,2955,0,1782360841.1893501,0.002028942108154297
184738,normal,146,0,1782360841.1913655,0.002015352249145508
184739,normal,1007,2,1782360841.193326,0.0019605159759521484
184740,normal,1089,0,1782360841.1953497,0.0020236968994140625
184741,normal,3266,1,1782360841.197366,0.002016305923461914
184742,normal,1050,0,1782360841.1993191,0.001953125
184743,normal,2363,0,1782360841.2013197,0.002000570297241211
184744,normal,954,2,1782360841.2033772,0.0020575523376464844
184745,normal,116,0,1782360841.20532,0.0019426345825195312
184746,normal,529,0,1782360841.2073152,0.0019953250885009766
184747,normal,1795,0,1782360841.2093692,0.002053976058959961
184748,normal,3359,1,1782360841.211318,0.0019488334655761719
184749,normal,1707,0,1782360841.21335,0.002032041549682617
184750,normal,2039,0,1782360841.2153723,0.002022266387939453
184751,normal,1882,0,1782360841.217317,0.0019447803497314453
184752,normal,2846,0,1782360841.2193487,0.002031564712524414
184753,normal,2566,0,1782360841.2213786,0.002029895782470703
184754,normal,2731,0,1782360841.2233202,0.001941680908203125
184755,normal,2987,0,1782360841.2253506,0.0020303726196289062
184756,normal,3420,0,1782360841.2273712,0.002020597457885742
184757,normal,990,2,1782360841.2293174,0.0019462108612060547
184758,normal,3398,1,1782360841.2313592,0.0020418167114257812
184759,normal,3067,1,1782360841.23336,0.0020008087158203125
184760,normal,1862,0,1782360841.2353172,0.0019571781158447266
184761,normal,948,2,1782360841.237349,0.0020318031311035156
184762,normal,2415,0,1782360841.239367,0.002017974853515625
184763,normal,2905,0,1782360841.2413192,0.0019521713256835938
184764,normal,2025,0,1782360841.2433498,0.002030611038208008
184765,normal,1526,0,1782360841.2453666,0.002016782760620117
184766,normal,165,0,1782360841.2473238,0.0019571781158447266
184767,normal,721,0,1782360841.249351,0.002027273178100586
184768,normal,1694,0,1782360841.2513735,0.0020225048065185547
184769,normal,2995,0,1782360841.2533183,0.0019447803497314453
184770,normal,2531,0,1782360841.2553575,0.002039194107055664
184771,normal,2866,0,1782360841.2574246,0.002067089080810547
184772,normal,831,2,1782360841.2593322,0.0019075870513916016
184773,normal,651,0,1782360841.2613225,0.0019903182983398438
184774,normal,2777,0,1782360841.2634318,0.0021092891693115234
184775,normal,690,0,1782360841.2653453,0.0019135475158691406
184776,normal,1280,0,1782360841.2673552,0.002009868621826172
184777,normal,3302,1,1782360841.2693696,0.0020143985748291016
184778,normal,731,0,1782360841.2713265,0.001956939697265625
184779,normal,1759,0,1782360841.2733521,0.002025604248046875
184780,normal,3330,1,1782360841.2753663,0.00201416015625
184781,normal,554,0,1782360841.2773192,0.0019528865814208984
184782,normal,2585,0,1782360841.2793508,0.002031564712524414
184783,normal,222,0,1782360841.2813668,0.0020160675048828125
184784,normal,3234,1,1782360841.2833152,0.0019483566284179688
184785,normal,542,0,1782360841.285352,0.0020368099212646484
184786,normal,137,0,1782360841.2873669,0.0020148754119873047
184787,normal,693,0,1782360841.2893193,0.0019524097442626953
184788,normal,3461,0,1782360841.291351,0.0020318031311035156
184789,normal,3228,1,1782360841.2933757,0.0020246505737304688
184790,normal,3429,0,1782360841.2953203,0.0019445419311523438
184791,normal,151,0,1782360841.2973514,0.002031087875366211
184792,normal,2691,0,1782360841.2993698,0.002018451690673828
184793,normal,694,0,1782360841.301322,0.0019521713256835938
184794,normal,1565,0,1782360841.3033504,0.0020284652709960938
184795,normal,689,0,1782360841.3053727,0.002022266387939453
184796,normal,959,2,1782360841.307321,0.0019483566284179688
184797,normal,2198,0,1782360841.3093853,0.002064228057861328
184798,normal,2718,0,1782360841.3113813,0.0019960403442382812
184799,normal,2818,0,1782360841.3133194,0.0019381046295166016
184800,normal,2820,0,1782360841.3153534,0.0020339488983154297
184801,normal,3562,0,1782360841.317368,0.002014636993408203
184802,normal,837,2,1782360841.3193188,0.0019507408142089844
184803,normal,1016,2,1782360841.3213563,0.002037525177001953
184804,normal,1610,0,1782360841.3233685,0.0020122528076171875
184805,normal,89,0,1782360841.3253186,0.0019500255584716797
184806,normal,564,0,1782360841.3273525,0.0020339488983154297
184807,normal,991,2,1782360841.3293755,0.002022981643676758
184808,normal,415,0,1782360841.3313189,0.001943349838256836
184809,normal,1419,0,1782360841.33335,0.002031087875366211
184810,normal,2881,0,1782360841.3353682,0.0020182132720947266
184811,normal,1368,1,1782360841.3373997,0.002031564712524414
184812,normal,2180,0,1782360841.3393342,0.0019345283508300781
184813,normal,973,2,1782360841.3414068,0.002072572708129883
184814,normal,3145,1,1782360841.34348,0.0020732879638671875
184815,normal,1097,0,1782360841.3454025,0.0019223690032958984
184816,normal,1702,0,1782360841.3474696,0.002067089080810547
184817,normal,497,0,1782360841.3494453,0.0019757747650146484
184818,normal,582,0,1782360841.351369,0.0019235610961914062
184819,normal,3614,0,1782360841.3533468,0.0019779205322265625
184820,normal,2,0,1782360841.3553069,0.0019600391387939453
184821,normal,3666,0,1782360841.357304,0.001997232437133789
184822,normal,1740,0,1782360841.3593495,0.0020453929901123047
184823,normal,2478,0,1782360841.3613067,0.0019571781158447266
184824,normal,1908,0,1782360841.3633049,0.0019981861114501953
184825,normal,470,0,1782360841.3654408,0.0021359920501708984
184826,normal,514,0,1782360841.3673651,0.001924276351928711
184827,normal,2224,0,1782360841.3693368,0.001971721649169922
184828,normal,2138,0,1782360841.371589,0.0022521018981933594
184829,normal,3500,0,1782360841.3734426,0.0018537044525146484
184830,normal,1574,0,1782360841.3757238,0.00228118896484375
184831,normal,2813,0,1782360841.3774893,0.0017654895782470703
184832,normal,2194,0,1782360841.3793268,0.0018374919891357422
184833,normal,616,0,1782360841.3814244,0.002097606658935547
184834,normal,667,0,1782360841.3834975,0.002073049545288086
184835,normal,2265,0,1782360841.3853593,0.0018618106842041016
184836,normal,757,0,1782360841.3874497,0.0020904541015625
184837,normal,2034,0,1782360841.3894002,0.0019505023956298828
184838,normal,2580,0,1782360841.3913896,0.0019893646240234375
184839,normal,1045,0,1782360841.3934088,0.002019166946411133
184840,normal,3107,1,1782360841.3954115,0.002002716064453125
184841,normal,2551,0,1782360841.3974032,0.001991748809814453
184842,normal,550,0,1782360841.399494,0.0020906925201416016
184843,normal,3207,1,1782360841.4015126,0.0020186901092529297
184844,normal,148,0,1782360841.4034548,0.0019421577453613281
184845,normal,1070,0,1782360841.4055493,0.0020945072174072266
184846,normal,3344,1,1782360841.4073448,0.0017955303192138672
184847,normal,1741,0,1782360841.4094539,0.002109050750732422
184848,normal,1536,0,1782360841.4114597,0.0020058155059814453
184849,normal,166,0,1782360841.4133947,0.0019350051879882812
184850,normal,1746,0,1782360841.4154572,0.002062559127807617
184851,normal,3244,1,1782360841.4177086,0.0022513866424560547
184852,normal,1309,0,1782360841.4196208,0.0019121170043945312
184853,normal,3078,1,1782360841.4215,0.0018792152404785156
184854,normal,1813,0,1782360841.4234653,0.0019652843475341797
184855,normal,3200,1,1782360841.425461,0.0019958019256591797
184856,normal,2569,0,1782360841.4274712,0.0020101070404052734
184857,normal,3299,1,1782360841.4295435,0.0020723342895507812
184858,normal,1008,2,1782360841.4314578,0.0019142627716064453
184859,normal,882,2,1782360841.4335313,0.002073526382446289
184860,normal,626,0,1782360841.4354746,0.001943349838256836
184861,normal,2456,0,1782360841.4374778,0.002003192901611328
184862,normal,601,0,1782360841.43954,0.002062082290649414
184863,normal,513,0,1782360841.4414403,0.0019004344940185547
184864,normal,1191,0,1782360841.443431,0.0019905567169189453
184865,normal,1116,0,1782360841.4454198,0.0019888877868652344
184866,normal,3060,1,1782360841.4474833,0.0020635128021240234
184867,normal,510,0,1782360841.4495003,0.0020170211791992188
184868,normal,3332,1,1782360841.4514735,0.0019731521606445312
184869,normal,657,0,1782360841.4534962,0.0020227432250976562
184870,normal,2344,0,1782360841.455485,0.0019888877868652344
184871,normal,1193,0,1782360841.4577143,0.0022292137145996094
184872,normal,3569,0,1782360841.4593837,0.0016694068908691406
184873,normal,3486,0,1782360841.4614687,0.002084970474243164
184874,normal,499,0,1782360841.4634626,0.001993894577026367
184875,normal,2012,0,1782360841.4655514,0.002088785171508789
184876,normal,474,0,1782360841.4674096,0.0018582344055175781
184877,normal,132,0,1782360841.469412,0.0020024776458740234
184878,normal,1859,0,1782360841.4714127,0.002000570297241211
184879,normal,752,0,1782360841.473556,0.002143383026123047
184880,normal,950,2,1782360841.475435,0.001878976821899414
184881,normal,826,2,1782360841.4774258,0.001990795135498047
184882,normal,277,0,1782360841.4794264,0.002000570297241211
184883,normal,1818,0,1782360841.4814196,0.0019931793212890625
184884,normal,3224,1,1782360841.4839263,0.002506732940673828
184885,normal,1927,0,1782360841.4857714,0.0018451213836669922
184886,normal,2723,0,1782360841.4874203,0.0016489028930664062
184887,normal,1647,0,1782360841.4894624,0.002042055130004883
184888,normal,1814,0,1782360841.4914522,0.0019898414611816406
184889,normal,502,0,1782360841.4934595,0.0020072460174560547
184890,normal,2793,0,1782360841.495654,0.002194643020629883
184891,normal,1640,0,1782360841.4975462,0.00189208984375
184892,normal,3545,0,1782360841.4994617,0.0019154548645019531
184893,normal,2490,0,1782360841.501449,0.001987457275390625
184894,normal,909,2,1782360841.5034714,0.002022266387939453
184895,normal,486,0,1782360841.5054643,0.001992940902709961
184896,normal,2919,0,1782360841.5074992,0.002034902572631836
184897,normal,3684,0,1782360841.5095325,0.002033233642578125
184898,normal,700,0,1782360841.5114825,0.0019500255584716797
184899,normal,3000,0,1782360841.5134072,0.001924753189086914
184900,normal,2448,0,1782360841.5158856,0.002478361129760742
184901,normal,304,0,1782360841.5180187,0.0021331310272216797
184902,normal,16,0,1782360841.519392,0.001373291015625
184903,normal,2005,0,1782360841.521367,0.0019750595092773438
184904,normal,360,0,1782360841.5233731,0.002006053924560547
184905,normal,3341,1,1782360841.5253973,0.0020241737365722656
184906,normal,1609,0,1782360841.5274427,0.0020453929901123047
184907,normal,99,0,1782360841.5294502,0.0020074844360351562
184908,normal,615,0,1782360841.5314157,0.0019655227661132812
184909,normal,1386,0,1782360841.533626,0.002210378646850586
184910,normal,2473,0,1782360841.5353332,0.0017070770263671875
184911,normal,802,2,1782360841.537792,0.002458810806274414
184912,normal,1576,0,1782360841.5399687,0.0021767616271972656
184913,normal,2222,0,1782360841.5415323,0.0015635490417480469
184914,normal,2946,0,1782360841.5436037,0.002071380615234375
184915,normal,533,0,1782360841.545516,0.0019123554229736328
184916,normal,812,2,1782360841.5475295,0.0020134449005126953
184917,normal,2255,0,1782360841.549462,0.0019326210021972656
184918,normal,2871,0,1782360841.551949,0.0024869441986083984
184919,normal,556,0,1782360841.5534742,0.0015251636505126953
184920,normal,2837,0,1782360841.5553296,0.0018553733825683594
184921,normal,1359,1,1782360841.5574825,0.0021529197692871094
184922,normal,2845,0,1782360841.5593903,0.0019078254699707031
184923,normal,3641,0,1782360841.5614588,0.0020685195922851562
184924,normal,2423,0,1782360841.563459,0.002000093460083008
184925,normal,3605,0,1782360841.56546,0.002001047134399414
184926,normal,125,0,1782360841.5675068,0.002046823501586914
184927,normal,3652,0,1782360841.569461,0.001954317092895508
184928,normal,3115,1,1782360841.5714498,0.001988649368286133
184929,normal,2485,0,1782360841.5734513,0.002001523971557617
184930,normal,1217,0,1782360841.57554,0.002088785171508789
184931,normal,2739,0,1782360841.5774515,0.0019114017486572266
184932,normal,419,0,1782360841.5795238,0.0020723342895507812
184933,normal,1411,0,1782360841.58147,0.0019462108612060547
184934,normal,2603,0,1782360841.5834742,0.0020041465759277344
184935,normal,52,0,1782360841.5855324,0.002058267593383789
184936,normal,2567,0,1782360841.5874343,0.001901865005493164
184937,normal,105,0,1782360841.5894332,0.0019989013671875
184938,normal,400,0,1782360841.5914187,0.0019855499267578125
184939,normal,537,0,1782360841.5934868,0.002068042755126953
184940,normal,2706,0,1782360841.5955226,0.002035856246948242
184941,normal,2648,0,1782360841.5975344,0.0020117759704589844
184942,normal,14,0,1782360841.5997267,0.002192258834838867
184943,normal,427,0,1782360841.6015167,0.0017900466918945312
184944,normal,3310,1,1782360841.6036088,0.002092123031616211
184945,normal,2487,0,1782360841.6055076,0.0018987655639648438
184946,normal,303,0,1782360841.607584,0.002076387405395508
184947,normal,562,0,1782360841.6096094,0.0020253658294677734
184948,normal,2993,0,1782360841.611427,0.0018177032470703125
184949,normal,2293,0,1782360841.6134043,0.001977205276489258
184950,normal,636,0,1782360841.615404,0.0019996166229248047
184951,normal,2117,0,1782360841.617467,0.0020630359649658203
184952,normal,2657,0,1782360841.6194541,0.0019872188568115234
184953,normal,1871,0,1782360841.6214106,0.001956462860107422
184954,normal,2546,0,1782360841.6234846,0.002074003219604492
184955,normal,2421,0,1782360841.6253195,0.001834869384765625
184956,normal,2491,0,1782360841.6276498,0.002330303192138672
184957,normal,2554,0,1782360841.6297922,0.0021424293518066406
184958,normal,3650,0,1782360841.6314595,0.0016672611236572266
184959,normal,3348,1,1782360841.6334493,0.0019898414611816406
184960,normal,1486,0,1782360841.6354394,0.001990079879760742
184961,normal,1301,0,1782360841.63745,0.0020105838775634766
184962,normal,2733,0,1782360841.6396084,0.0021584033966064453
184963,normal,3366,1,1782360841.6416056,0.001997232437133789
184964,normal,163,0,1782360841.6433659,0.001760244369506836
184965,normal,3675,0,1782360841.6454399,0.002074003219604492
184966,normal,1169,0,1782360841.6474524,0.002012491226196289
184967,normal,2711,0,1782360841.6494472,0.0019948482513427734
184968,normal,2598,0,1782360841.6515036,0.0020563602447509766
184969,normal,3430,0,1782360841.653529,0.0020253658294677734
184970,normal,2029,0,1782360841.655473,0.0019440650939941406
184971,normal,1788,0,1782360841.6573946,0.0019216537475585938
184972,normal,997,2,1782360841.659911,0.0025162696838378906
184973,normal,2973,0,1782360841.6621304,0.0022194385528564453
184974,normal,3058,1,1782360841.663371,0.0012407302856445312
184975,normal,920,2,1782360841.6654842,0.0021131038665771484
184976,normal,1229,0,1782360841.6675103,0.002026081085205078
184977,normal,780,2,1782360841.6695483,0.0020380020141601562
184978,normal,2336,0,1782360841.671605,0.0020568370819091797
184979,normal,2472,0,1782360841.6735117,0.0019066333770751953
184980,normal,1861,0,1782360841.6753774,0.0018656253814697266
184981,normal,2091,0,1782360841.6776204,0.0022430419921875
184982,normal,592,0,1782360841.67982,0.0021996498107910156
184983,normal,340,0,1782360841.6814306,0.0016105175018310547
184984,normal,786,2,1782360841.683415,0.0019843578338623047
184985,normal,608,0,1782360841.6854048,0.0019898414611816406
184986,normal,801,2,1782360841.68739,0.001985311508178711
184987,normal,892,2,1782360841.6894693,0.0020792484283447266
184988,normal,64,0,1782360841.69138,0.0019106864929199219
184989,normal,660,0,1782360841.693454,0.002074003219604492
184990,normal,638,0,1782360841.695426,0.0019719600677490234
184991,normal,307,0,1782360841.697499,0.002073049545288086
184992,normal,1652,0,1782360841.6994412,0.0019421577453613281
184993,normal,815,2,1782360841.7015607,0.0021195411682128906
184994,normal,1723,0,1782360841.703477,0.0019161701202392578
184995,normal,1992,0,1782360841.7054086,0.0019316673278808594
184996,normal,2434,0,1782360841.7075148,0.002106189727783203
184997,normal,979,2,1782360841.7095418,0.0020270347595214844
184998,normal,3612,0,1782360841.711454,0.0019121170043945312
184999,normal,1502,0,1782360841.713484,0.0020301342010498047
185000,normal,2794,0,1782360841.7153459,0.0018618106842041016
185001,normal,3076,1,1782360841.7174718,0.002125978469848633
185002,normal,673,0,1782360841.7194698,0.0019979476928710938
185003,normal,2637,0,1782360841.7214684,0.0019986629486083984
185004,normal,3423,0,1782360841.7233918,0.0019233226776123047
185005,normal,2903,0,1782360841.7255957,0.0022039413452148438
185006,normal,1177,0,1782360841.7274172,0.0018215179443359375
185007,normal,2592,0,1782360841.7294462,0.002028942108154297
185008,normal,1119,0,1782360841.731437,0.001990795135498047
185009,normal,1621,0,1782360841.7334356,0.0019986629486083984
185010,normal,295,0,1782360841.7355127,0.0020771026611328125
185011,normal,3657,0,1782360841.7375243,0.002011537551879883
185012,normal,1687,0,1782360841.7396538,0.0021295547485351562
185013,normal,2026,0,1782360841.7413738,0.0017199516296386719
185014,normal,631,0,1782360841.7434726,0.0020987987518310547
185015,normal,2752,0,1782360841.745517,0.0020444393157958984
185016,normal,2744,0,1782360841.7474053,0.001888275146484375
185017,normal,2778,0,1782360841.7493293,0.0019240379333496094
185018,normal,684,0,1782360841.7514002,0.002070903778076172
185019,normal,2509,0,1782360841.753428,0.002027750015258789
185020,normal,2854,0,1782360841.7555354,0.002107381820678711
185021,normal,1783,0,1782360841.7574563,0.001920938491821289
185022,normal,2403,0,1782360841.759448,0.001991748809814453
185023,normal,822,2,1782360841.761655,0.002207040786743164
185024,normal,1894,0,1782360841.7636404,0.001985311508178711
185025,normal,656,0,1782360841.7654612,0.0018208026885986328
185026,normal,3704,0,1782360841.7675993,0.0021381378173828125
185027,normal,2954,0,1782360841.7694983,0.0018990039825439453
185028,normal,2786,0,1782360841.7713892,0.0018908977508544922
185029,normal,2611,0,1782360841.773315,0.0019257068634033203
185030,normal,2158,0,1782360841.7753124,0.0019974708557128906
185031,normal,284,0,1782360841.77732,0.0020074844360351562
185032,normal,764,0,1782360841.7794187,0.0020987987518310547
185033,normal,1080,0,1782360841.7812974,0.0018787384033203125
185034,normal,2759,0,1782360841.7833002,0.002002716064453125
185035,normal,2486,0,1782360841.7853158,0.0020155906677246094
185036,normal,377,0,1782360841.7873027,0.001986980438232422
185037,normal,2614,0,1782360841.789419,0.0021162033081054688
185038,normal,3358,1,1782360841.7917247,0.002305746078491211
185039,normal,591,0,1782360841.7933838,0.0016591548919677734
185040,normal,257,0,1782360841.7953444,0.0019605159759521484
185041,normal,1578,0,1782360841.7973359,0.0019915103912353516
185042,normal,3679,0,1782360841.7993476,0.0020117759704589844
185043,normal,1852,0,1782360841.8013494,0.0020017623901367188
185044,normal,2710,0,1782360841.8035727,0.0022232532501220703
185045,normal,2340,0,1782360841.8053424,0.0017697811126708984
185046,normal,3085,1,1782360841.8073275,0.0019850730895996094
185047,normal,663,0,1782360841.809338,0.0020105838775634766
185048,normal,3041,0,1782360841.8113453,0.0020072460174560547
185049,normal,3022,0,1782360841.813354,0.002008676528930664
185050,normal,1246,0,1782360841.815423,0.0020689964294433594
185051,normal,1178,0,1782360841.817386,0.001962900161743164
185052,normal,2582,0,1782360841.8193767,0.001990795135498047
185053,normal,535,0,1782360841.8213854,0.002008676528930664
185054,normal,2043,0,1782360841.8236177,0.0022323131561279297
185055,normal,1260,0,1782360841.8261762,0.002558469772338867
185056,normal,2590,0,1782360841.8273523,0.0011761188507080078
185057,normal,1953,0,1782360841.8293257,0.001973390579223633
185058,normal,179,0,1782360841.8313642,0.0020384788513183594
185059,normal,1508,0,1782360841.8334007,0.002036571502685547
185060,normal,3699,0,1782360841.8354132,0.002012491226196289
185061,normal,201,0,1782360841.8374448,0.002031564712524414
185062,normal,1656,0,1782360841.8394856,0.002040863037109375
185063,normal,25,0,1782360841.8414617,0.00197601318359375
185064,normal,1025,2,1782360841.843333,0.001871347427368164
185065,normal,1185,0,1782360841.8455079,0.002174854278564453
185066,normal,1700,0,1782360841.847611,0.002103090286254883
185067,normal,2693,0,1782360841.8493783,0.0017673969268798828
185068,normal,286,0,1782360841.8514214,0.002043008804321289
185069,normal,1346,1,1782360841.853452,0.002030611038208008
185070,normal,287,0,1782360841.85552,0.002068042755126953
185071,normal,3036,0,1782360841.8574753,0.001955270767211914
185072,normal,437,0,1782360841.859423,0.001947641372680664
185073,normal,3011,0,1782360841.8615394,0.0021164417266845703
185074,normal,1102,0,1782360841.863559,0.002019643783569336
185075,normal,1445,0,1782360841.8654435,0.00188446044921875
185076,normal,1911,0,1782360841.867379,0.0019354820251464844
185077,normal,198,0,1782360841.869357,0.001978158950805664
185078,normal,370,0,1782360841.8713527,0.001995563507080078
185079,normal,2089,0,1782360841.873353,0.0020003318786621094
185080,normal,2535,0,1782360841.8753552,0.002002239227294922
185081,normal,1407,0,1782360841.877385,0.0020296573638916016
185082,normal,238,0,1782360841.8793342,0.001949310302734375
185083,normal,3709,0,1782360841.8813348,0.002000570297241211
185084,normal,1030,0,1782360841.8833296,0.0019948482513427734
185085,normal,3400,1,1782360841.8858297,0.0025000572204589844
185086,normal,1428,0,1782360841.887303,0.0014734268188476562
185087,normal,2917,0,1782360841.8893335,0.0020303726196289062
185088,normal,3276,1,1782360841.8913429,0.0020093917846679688
185089,normal,3698,0,1782360841.8933735,0.002030611038208008
185090,normal,3634,0,1782360841.895335,0.0019614696502685547
185091,normal,2466,0,1782360841.8973627,0.002027750015258789
185092,normal,1842,0,1782360841.8993254,0.0019626617431640625
185093,normal,2354,0,1782360841.9014194,0.0020940303802490234
185094,normal,2146,0,1782360841.9034512,0.0020318031311035156
185095,normal,2797,0,1782360841.9055138,0.002062559127807617
185096,normal,3413,0,1782360841.9075403,0.0020265579223632812
185097,normal,3441,0,1782360841.9095273,0.001986980438232422
185098,normal,715,0,1782360841.911493,0.001965761184692383
185099,normal,705,0,1782360841.913306,0.0018129348754882812
185100,normal,1762,0,1782360841.9152958,0.0019898414611816406
185101,normal,2262,0,1782360841.9173038,0.0020079612731933594
185102,normal,1434,0,1782360841.9194756,0.002171754837036133
185103,normal,353,0,1782360841.9213147,0.0018391609191894531
185104,normal,3175,1,1782360841.923297,0.0019822120666503906
185105,normal,1458,0,1782360841.9252946,0.001997709274291992
185106,normal,3437,0,1782360841.9272964,0.0020017623901367188
185107,normal,3372,1,1782360841.930162,0.0028655529022216797
185108,normal,1962,0,1782360841.9315453,0.0013833045959472656
185109,normal,2332,0,1782360841.9333313,0.0017859935760498047
185110,normal,3186,1,1782360841.935329,0.001997709274291992
185111,normal,1201,0,1782360841.9373286,0.0019996166229248047
185112,normal,3481,0,1782360841.939341,0.002012491226196289
185113,normal,2379,0,1782360841.9416418,0.002300739288330078
185114,normal,1405,0,1782360841.943695,0.0020532608032226562
185115,normal,2126,0,1782360841.9453483,0.0016531944274902344
185116,normal,1157,0,1782360841.9473422,0.001993894577026367
185117,normal,3401,1,1782360841.949346,0.002003908157348633
185118,normal,1907,0,1782360841.9513876,0.0020415782928466797
185119,normal,1215,0,1782360841.9539282,0.00254058837890625
185120,normal,932,2,1782360841.9555616,0.0016334056854248047
185121,normal,477,0,1782360841.957481,0.0019192695617675781
185122,normal,708,0,1782360841.9594438,0.001962900161743164
185123,normal,1623,0,1782360841.9614582,0.0020143985748291016
185124,normal,1239,0,1782360841.9635289,0.0020706653594970703
185125,normal,1478,0,1782360841.9655666,0.0020377635955810547
185126,normal,1427,0,1782360841.9674888,0.0019221305847167969
185127,normal,2742,0,1782360841.969338,0.0018491744995117188
185128,normal,102,0,1782360841.9713411,0.002003192901611328
185129,normal,1154,0,1782360841.9733243,0.001983165740966797
185130,normal,1834,0,1782360841.9753413,0.0020170211791992188
185131,normal,2997,0,1782360841.9774277,0.0020864009857177734
185132,normal,2292,0,1782360841.9796119,0.002184152603149414
185133,normal,3056,1,1782360841.981399,0.0017871856689453125
185134,normal,1850,0,1782360841.9833558,0.0019567012786865234
185135,normal,3643,0,1782360841.9853394,0.001983642578125
185136,normal,1482,0,1782360841.987333,0.0019936561584472656
185137,normal,3637,0,1782360841.9893339,0.0020008087158203125
185138,normal,1388,0,1782360841.9913895,0.002055644989013672
185139,normal,401,0,1782360841.9934072,0.0020177364349365234
185140,normal,1825,0,1782360841.9954226,0.002015352249145508
185141,normal,3298,1,1782360841.997401,0.0019783973693847656
185142,normal,2438,0,1782360841.999337,0.0019359588623046875
185143,normal,692,0,1782360842.001388,0.002051115036010742
185144,normal,2323,0,1782360842.0034115,0.002023458480834961
185145,normal,3452,0,1782360842.0054352,0.0020236968994140625
185146,normal,128,0,1782360842.00744,0.002004861831665039
185147,normal,3017,0,1782360842.0093246,0.00188446044921875
185148,normal,852,2,1782360842.0113595,0.002034902572631836
185149,normal,718,0,1782360842.0133612,0.0020017623901367188
185150,normal,2022,0,1782360842.01535,0.0019888877868652344
185151,normal,3549,0,1782360842.017353,0.0020029544830322266
185152,normal,1760,0,1782360842.0193882,0.0020351409912109375
185153,normal,500,0,1782360842.021367,0.0019788742065429688
185154,normal,1969,0,1782360842.0233908,0.0020236968994140625
185155,normal,1877,0,1782360842.0253463,0.0019555091857910156
185156,normal,1503,0,1782360842.0273292,0.0019829273223876953
185157,normal,3141,1,1782360842.0293324,0.002003192901611328
185158,normal,1254,0,1782360842.0313818,0.0020494461059570312
185159,normal,3411,0,1782360842.0333846,0.002002716064453125
185160,normal,819,2,1782360842.0353303,0.0019457340240478516
185161,normal,3576,0,1782360842.037415,0.0020847320556640625
185162,normal,1351,1,1782360842.039372,0.001956939697265625
185163,normal,1015,2,1782360842.0413654,0.001993417739868164
185164,normal,891,2,1782360842.0434341,0.002068758010864258
185165,normal,1437,0,1782360842.0453312,0.0018970966339111328
185166,normal,1297,0,1782360842.0473244,0.0019931793212890625
185167,normal,2310,0,1782360842.0493464,0.0020220279693603516
185168,normal,3029,0,1782360842.0513315,0.0019850730895996094
185169,normal,3287,1,1782360842.053436,0.002104520797729492
185170,normal,2137,0,1782360842.055422,0.0019860267639160156
185171,normal,2766,0,1782360842.0574589,0.0020368099212646484
185172,normal,1389,0,1782360842.059511,0.0020520687103271484
185173,normal,2468,0,1782360842.061414,0.0019030570983886719
185174,normal,204,0,1782360842.063475,0.0020608901977539062
185175,normal,1823,0,1782360842.0654337,0.0019588470458984375
185176,normal,1718,0,1782360842.0674896,0.0020558834075927734
185177,normal,439,0,1782360842.0695355,0.002045869827270508
185178,normal,1101,0,1782360842.071316,0.0017805099487304688
185179,normal,1245,0,1782360842.073303,0.001986980438232422
185180,normal,1456,0,1782360842.0753005,0.0019974708557128906
185181,normal,2465,0,1782360842.077303,0.0020024776458740234
185182,normal,1347,1,1782360842.0794187,0.0021157264709472656
185183,normal,2656,0,1782360842.0813072,0.0018885135650634766
185184,normal,2526,0,1782360842.0833023,0.001995086669921875
185185,normal,1158,0,1782360842.0852993,0.0019969940185546875
185186,normal,1038,0,1782360842.0873008,0.002001523971557617
185187,normal,2167,0,1782360842.0895402,0.0022394657135009766
185188,normal,319,0,1782360842.0916984,0.0021581649780273438
185189,normal,1820,0,1782360842.0933528,0.0016543865203857422
185190,normal,191,0,1782360842.0953372,0.0019843578338623047
185191,normal,2182,0,1782360842.097354,0.002016782760620117
185192,normal,3128,1,1782360842.099485,0.0021309852600097656
185193,normal,3005,0,1782360842.101361,0.0018761157989501953
185194,normal,642,0,1782360842.1038387,0.0024776458740234375
185195,normal,80,0,1782360842.1053846,0.0015459060668945312
185196,normal,2035,0,1782360842.1074526,0.002068042755126953
185197,normal,834,2,1782360842.1094532,0.002000570297241211
185198,normal,3565,0,1782360842.1113553,0.0019021034240722656
185199,normal,305,0,1782360842.113475,0.002119779586791992
185200,normal,28,0,1782360842.1155174,0.0020422935485839844
185201,normal,1156,0,1782360842.1174252,0.0019078254699707031
185202,normal,2802,0,1782360842.119518,0.0020928382873535156
185203,normal,3336,1,1782360842.1214828,0.0019648075103759766
185204,normal,1298,0,1782360842.1236207,0.002137899398803711
185205,normal,2906,0,1782360842.1261337,0.0025129318237304688
185206,normal,899,2,1782360842.1274145,0.0012807846069335938
185207,normal,143,0,1782360842.129448,0.0020334720611572266
185208,normal,3275,1,1782360842.131318,0.0018701553344726562
185209,normal,1645,0,1782360842.1335216,0.0022034645080566406
185210,normal,1590,0,1782360842.1354394,0.0019178390502929688
185211,normal,1216,0,1782360842.137566,0.0021266937255859375
185212,normal,3313,1,1782360842.1395257,0.001959562301635742
185213,normal,3492,0,1782360842.1415634,0.0020377635955810547
185214,normal,2667,0,1782360842.143367,0.0018036365509033203
185215,normal,1775,0,1782360842.145763,0.0023958683013916016
185216,normal,2560,0,1782360842.148046,0.0022830963134765625
185217,normal,737,0,1782360842.1494682,0.0014221668243408203
185218,normal,1529,0,1782360842.1516352,0.0021669864654541016
185219,normal,2186,0,1782360842.153437,0.0018017292022705078
185220,normal,3610,0,1782360842.1555908,0.0021538734436035156
185221,normal,3198,1,1782360842.1575665,0.0019757747650146484
185222,normal,344,0,1782360842.1593826,0.0018160343170166016
185223,normal,2632,0,1782360842.162054,0.002671480178833008
185224,normal,3319,1,1782360842.1633117,0.0012576580047607422
185225,normal,1737,0,1782360842.16534,0.002028226852416992
185226,normal,2848,0,1782360842.167363,0.002022981643676758
185227,normal,2942,0,1782360842.1693509,0.001987934112548828
185228,normal,2099,0,1782360842.1713424,0.0019915103912353516
185229,normal,2493,0,1782360842.1733632,0.0020208358764648438
185230,normal,2333,0,1782360842.1753526,0.0019893646240234375
185231,normal,3402,0,1782360842.177371,0.002018451690673828
185232,normal,211,0,1782360842.1793373,0.001966238021850586
185233,normal,15,0,1782360842.181331,0.0019936561584472656
185234,normal,1822,0,1782360842.183327,0.0019960403442382812
185235,normal,76,0,1782360842.1853545,0.0020275115966796875
185236,normal,3571,0,1782360842.1873968,0.0020422935485839844
185237,normal,466,0,1782360842.1893532,0.001956462860107422
185238,normal,1023,2,1782360842.1913784,0.002025127410888672
185239,normal,73,0,1782360842.1933591,0.0019807815551757812
185240,normal,2238,0,1782360842.1953635,0.002004384994506836
185241,normal,588,0,1782360842.197393,0.0020294189453125
185242,normal,1902,0,1782360842.199346,0.001953125
185243,normal,2540,0,1782360842.2013257,0.0019795894622802734
185244,normal,3221,1,1782360842.2033157,0.001990079879760742
185245,normal,1224,0,1782360842.205315,0.001999378204345703
185246,normal,3068,1,1782360842.2074032,0.0020880699157714844
185247,normal,461,0,1782360842.209398,0.0019948482513427734
185248,normal,3443,0,1782360842.2114224,0.002024412155151367
185249,normal,2704,0,1782360842.2134345,0.002012014389038086
185250,normal,2534,0,1782360842.2154167,0.0019822120666503906
185251,normal,1058,0,1782360842.2174418,0.002025127410888672
185252,normal,78,0,1782360842.2194216,0.001979827880859375
185253,normal,1034,0,1782360842.2214744,0.002052783966064453
185254,normal,2833,0,1782360842.2234879,0.0020134449005126953
185255,normal,3117,1,1782360842.2252853,0.0017974376678466797
185256,normal,2195,0,1782360842.2272985,0.0020132064819335938
185257,normal,1641,0,1782360842.2293038,0.002005338668823242
185258,normal,3469,0,1782360842.2313008,0.0019969940185546875
185259,normal,262,0,1782360842.2333968,0.002095937728881836
185260,normal,2098,0,1782360842.2352934,0.0018966197967529297
185261,normal,406,0,1782360842.237291,0.001997709274291992
185262,normal,2996,0,1782360842.239295,0.002003908157348633
185263,normal,2831,0,1782360842.2412982,0.002003192901611328
185264,normal,1560,0,1782360842.2436876,0.0023894309997558594
185265,normal,2123,0,1782360842.2455907,0.0019030570983886719
185266,normal,2096,0,1782360842.2473788,0.0017881393432617188
185267,normal,3563,0,1782360842.2493517,0.0019729137420654297
185268,normal,2381,0,1782360842.2513456,0.001993894577026367
185269,normal,243,0,1782360842.2533488,0.002003192901611328
185270,normal,480,0,1782360842.2554579,0.002109050750732422
185271,normal,612,0,1782360842.2575343,0.002076387405395508
185272,normal,970,2,1782360842.2593482,0.0018138885498046875
185273,normal,580,0,1782360842.2613387,0.0019905567169189453
185274,normal,1930,0,1782360842.263335,0.001996278762817383
185275,normal,29,0,1782360842.2653465,0.002011537551879883
185276,normal,69,0,1782360842.267353,0.00200653076171875
185277,normal,3434,0,1782360842.269401,0.002048015594482422
185278,normal,1742,0,1782360842.2713938,0.0019927024841308594
185279,normal,1325,1,1782360842.2733722,0.0019783973693847656
185280,normal,2751,0,1782360842.2753708,0.0019986629486083984
185281,normal,420,0,1782360842.2779245,0.002553701400756836
185282,normal,3440,0,1782360842.279985,0.002060413360595703
185283,normal,869,2,1782360842.2813168,0.0013318061828613281
185284,normal,1227,0,1782360842.2833753,0.0020585060119628906
185285,normal,374,0,1782360842.2853942,0.0020189285278320312
185286,normal,2721,0,1782360842.287421,0.002026796340942383
185287,normal,3213,1,1782360842.2894423,0.002021312713623047
185288,normal,1103,0,1782360842.2915335,0.0020911693572998047
185289,normal,2513,0,1782360842.2933624,0.001828908920288086
185290,normal,1950,0,1782360842.2958086,0.0024461746215820312
185291,normal,1646,0,1782360842.2976916,0.0018830299377441406
185292,normal,1057,0,1782360842.2993639,0.0016722679138183594
185293,normal,3473,0,1782360842.3012967,0.0019328594207763672
185294,normal,316,0,1782360842.303281,0.0019843578338623047
185295,normal,3028,0,1782360842.30536,0.002079010009765625
185296,normal,3662,0,1782360842.307358,0.0019979476928710938
185297,normal,74,0,1782360842.3093545,0.0019965171813964844
185298,normal,3297,1,1782360842.3113465,0.0019919872283935547
185299,normal,2548,0,1782360842.3133485,0.0020020008087158203
185300,normal,1580,0,1782360842.3153644,0.002015829086303711
185301,normal,637,0,1782360842.3174083,0.0020439624786376953
185302,normal,2972,0,1782360842.3194149,0.00200653076171875
185303,normal,1604,0,1782360842.321434,0.002019166946411133
185304,normal,2201,0,1782360842.3233662,0.0019321441650390625
185305,normal,2852,0,1782360842.3253322,0.0019659996032714844
185306,normal,1147,0,1782360842.3273973,0.0020651817321777344
185307,normal,217,0,1782360842.329415,0.0020177364349365234
185308,normal,2673,0,1782360842.3316207,0.0022056102752685547
185309,normal,442,0,1782360842.3333154,0.0016946792602539062
185310,normal,946,2,1782360842.335304,0.001988649368286133
185311,normal,1933,0,1782360842.33736,0.0020558834075927734
185312,normal,246,0,1782360842.3393502,0.0019903182983398438
185313,normal,1721,0,1782360842.3413591,0.0020089149475097656
185314,normal,3644,0,1782360842.343355,0.0019958019256591797
185315,normal,2514,0,1782360842.34536,0.0020051002502441406
185316,normal,1264,0,1782360842.3474295,0.0020694732666015625
185317,normal,297,0,1782360842.3493872,0.0019576549530029297
185318,normal,628,0,1782360842.351426,0.002038717269897461
185319,normal,2474,0,1782360842.353342,0.0019161701202392578
185320,normal,1432,0,1782360842.3553383,0.001996278762817383
185321,normal,3199,1,1782360842.3574026,0.002064228057861328
185322,normal,640,0,1782360842.3593965,0.001993894577026367
185323,normal,928,2,1782360842.3616486,0.0022521018981933594
185324,normal,1241,0,1782360842.3633173,0.001668691635131836
185325,normal,3370,1,1782360842.3653615,0.002044200897216797
185326,normal,3464,0,1782360842.3673775,0.0020160675048828125
185327,normal,3399,1,1782360842.3694227,0.002045154571533203
185328,normal,1563,0,1782360842.371368,0.0019452571868896484
185329,normal,2017,0,1782360842.3733425,0.0019745826721191406
185330,normal,2430,0,1782360842.375318,0.001975536346435547
185331,normal,10,0,1782360842.3772905,0.0019724369049072266
185332,normal,620,0,1782360842.3794005,0.002110004425048828
185333,normal,1776,0,1782360842.3813756,0.0019750595092773438
185334,normal,1800,0,1782360842.3833442,0.0019686222076416016
185335,normal,3383,1,1782360842.3854318,0.0020875930786132812
185336,normal,1712,0,1782360842.3874173,0.0019855499267578125
185337,normal,2008,0,1782360842.389387,0.001969575881958008
185338,normal,3705,0,1782360842.391406,0.002019166946411133
185339,normal,1142,0,1782360842.3933635,0.001957416534423828
185340,normal,3665,0,1782360842.3954082,0.002044677734375
185341,normal,738,0,1782360842.397454,0.002045869827270508
185342,normal,2994,0,1782360842.3992991,0.0018451213836669922
185343,normal,391,0,1782360842.4014013,0.0021021366119384766
185344,normal,2576,0,1782360842.4033098,0.0019085407257080078
185345,normal,912,2,1782360842.4052775,0.0019676685333251953
185346,normal,653,0,1782360842.4073021,0.0020246505737304688
185347,normal,789,2,1782360842.4093547,0.0020525455474853516
185348,normal,3385,1,1782360842.4112756,0.001920938491821289
185349,normal,555,0,1782360842.4133484,0.0020728111267089844
185350,normal,3587,0,1782360842.4153142,0.001965761184692383
185351,normal,2285,0,1782360842.417865,0.002550840377807617
185352,normal,908,2,1782360842.41947,0.0016050338745117188
185353,normal,177,0,1782360842.4213605,0.001890420913696289
185354,normal,3422,0,1782360842.4232936,0.0019330978393554688
185355,normal,2615,0,1782360842.4252968,0.002003192901611328
185356,normal,2211,0,1782360842.4273725,0.002075672149658203
185357,normal,3125,1,1782360842.4293978,0.0020253658294677734
185358,normal,255,0,1782360842.4314494,0.0020515918731689453
185359,normal,210,0,1782360842.433329,0.0018796920776367188
185360,normal,37,0,1782360842.4352906,0.0019614696502685547
185361,normal,3157,1,1782360842.437297,0.00200653076171875
185362,normal,1402,0,1782360842.439376,0.002079010009765625
185363,normal,3271,1,1782360842.44132,0.001943826675415039
185364,normal,3410,0,1782360842.4433415,0.0020215511322021484
185365,normal,709,0,1782360842.445404,0.002062559127807617
185366,normal,969,2,1782360842.447306,0.001901865005493164
185367,normal,2301,0,1782360842.4493368,0.0020308494567871094
185368,normal,2791,0,1782360842.451749,0.0024123191833496094
185369,normal,2607,0,1782360842.4540029,0.0022537708282470703
185370,normal,3680,0,1782360842.4552958,0.0012929439544677734
185371,normal,2376,0,1782360842.4573524,0.002056598663330078
185372,normal,2856,0,1782360842.4592886,0.001936197280883789
185373,normal,1708,0,1782360842.4613218,0.002033233642578125
185374,normal,2616,0,1782360842.4634395,0.002117633819580078
185375,normal,2653,0,1782360842.4653766,0.0019371509552001953
185376,normal,768,0,1782360842.4674213,0.002044677734375
185377,normal,1575,0,1782360842.4694374,0.0020160675048828125
185378,normal,2065,0,1782360842.4712906,0.0018532276153564453
185379,normal,1449,0,1782360842.4734054,0.0021147727966308594
185380,normal,3252,1,1782360842.475484,0.002078533172607422
185381,normal,3681,0,1782360842.477497,0.0020132064819335938
185382,normal,3451,0,1782360842.4794672,0.001970052719116211
185383,normal,2345,0,1782360842.4814007,0.0019335746765136719
185384,normal,3648,0,1782360842.4833398,0.0019390583038330078
185385,normal,121,0,1782360842.485322,0.0019822120666503906
185386,normal,301,0,1782360842.4874306,0.0021085739135742188
185387,normal,2639,0,1782360842.48937,0.001939535140991211
185388,normal,2596,0,1782360842.4913838,0.002013683319091797
185389,normal,2426,0,1782360842.4933941,0.002010345458984375
185390,normal,104,0,1782360842.4953249,0.0019307136535644531
185391,normal,521,0,1782360842.4973302,0.002005338668823242
185392,normal,1378,1,1782360842.499397,0.0020668506622314453
185393,normal,2171,0,1782360842.5013292,0.0019321441650390625
185394,normal,517,0,1782360842.5033598,0.002030611038208008
185395,normal,3393,1,1782360842.5053475,0.0019876956939697266
185396,normal,2911,0,1782360842.507303,0.0019555091857910156
185397,normal,75,0,1782360842.5093048,0.0020017623901367188
185398,normal,589,0,1782360842.511554,0.0022492408752441406
185399,normal,2048,0,1782360842.5133715,0.001817464828491211
185400,normal,1889,0,1782360842.5153096,0.0019381046295166016
185401,normal,2210,0,1782360842.5173867,0.0020771026611328125
185402,normal,196,0,1782360842.5193365,0.0019497871398925781
185403,normal,827,2,1782360842.5212975,0.0019609928131103516
185404,normal,1127,0,1782360842.523378,0.0020804405212402344
185405,normal,586,0,1782360842.5252914,0.0019135475158691406
185406,normal,940,2,1782360842.5273733,0.0020818710327148438
185407,normal,1657,0,1782360842.5294228,0.0020494461059570312
185408,normal,750,0,1782360842.5314062,0.0019834041595458984
185409,normal,3264,1,1782360842.5333593,0.001953125
185410,normal,1164,0,1782360842.5354712,0.0021119117736816406
185411,normal,1622,0,1782360842.5375366,0.002065420150756836
185412,normal,2712,0,1782360842.5393093,0.0017726421356201172
185413,normal,3315,1,1782360842.5413513,0.002042055130004883
185414,normal,2000,0,1782360842.543315,0.0019636154174804688
185415,normal,758,0,1782360842.5452776,0.0019626617431640625
185416,normal,3269,1,1782360842.5474102,0.0021326541900634766
185417,normal,3246,1,1782360842.5492902,0.0018799304962158203
185418,normal,3232,1,1782360842.5512784,0.0019881725311279297
185419,normal,2220,0,1782360842.553358,0.0020797252655029297
185420,normal,2312,0,1782360842.5552776,0.0019195079803466797
185421,normal,1069,0,1782360842.5579991,0.002721548080444336
185422,normal,2444,0,1782360842.5595334,0.0015342235565185547
185423,normal,1344,1,1782360842.5613346,0.0018012523651123047
185424,normal,3368,1,1782360842.563304,0.0019693374633789062
185425,normal,3646,0,1782360842.565371,0.002067089080810547
185426,normal,1673,0,1782360842.5672972,0.0019261837005615234
185427,normal,644,0,1782360842.569521,0.0022237300872802734
185428,normal,2734,0,1782360842.5713055,0.0017845630645751953
185429,normal,85,0,1782360842.5732806,0.0019750595092773438
185430,normal,2798,0,1782360842.575355,0.0020744800567626953
185431,normal,3043,0,1782360842.5772946,0.001939535140991211
185432,normal,66,0,1782360842.5793047,0.0020101070404052734
185433,normal,1083,0,1782360842.5815268,0.0022220611572265625
185434,normal,366,0,1782360842.5834396,0.001912832260131836
185435,normal,2886,0,1782360842.5854242,0.0019845962524414062
185436,normal,3042,0,1782360842.587427,0.002002716064453125
185437,normal,1998,0,1782360842.5894487,0.00202178955078125
185438,normal,2476,0,1782360842.5916011,0.0021524429321289062
185439,normal,1498,0,1782360842.5935256,0.0019245147705078125
185440,normal,1693,0,1782360842.5954063,0.001880645751953125
185441,normal,1252,0,1782360842.597329,0.001922607421875
185442,normal,2859,0,1782360842.5993145,0.0019855499267578125
185443,normal,919,2,1782360842.6013818,0.0020673274993896484
185444,normal,3525,0,1782360842.6034844,0.0021026134490966797
185445,normal,1550,0,1782360842.605724,0.002239704132080078
185446,normal,3273,1,1782360842.6074197,0.0016956329345703125
185447,normal,2388,0,1782360842.6093616,0.0019419193267822266
185448,normal,1632,0,1782360842.611361,0.001999378204345703
185449,normal,2134,0,1782360842.613423,0.002062082290649414
185450,normal,58,0,1782360842.6153436,0.001920461654663086
185451,normal,2623,0,1782360842.6173666,0.002022981643676758
185452,normal,372,0,1782360842.6194298,0.002063274383544922
185453,normal,2038,0,1782360842.6213982,0.0019683837890625
185454,normal,3517,0,1782360842.623397,0.0019989013671875
185455,normal,1912,0,1782360842.625391,0.001993894577026367
185456,normal,385,0,1782360842.6273646,0.0019736289978027344
185457,normal,2532,0,1782360842.629393,0.0020284652709960938
185458,normal,703,0,1782360842.631454,0.0020608901977539062
185459,normal,352,0,1782360842.6334002,0.0019462108612060547
185460,normal,3057,1,1782360842.6353457,0.00194549560546875
185461,normal,2050,0,1782360842.6374145,0.002068758010864258
185462,normal,1390,0,1782360842.6393647,0.0019502639770507812
185463,normal,3033,0,1782360842.6413527,0.001987934112548828
185464,normal,224,0,1782360842.643408,0.0020554065704345703
185465,normal,3667,0,1782360842.6453347,0.0019266605377197266
185466,normal,2662,0,1782360842.647319,0.0019843578338623047
185467,normal,476,0,1782360842.649406,0.0020868778228759766
185468,normal,2088,0,1782360842.6513317,0.0019257068634033203
185469,normal,290,0,1782360842.6533144,0.0019826889038085938
185470,normal,2230,0,1782360842.655377,0.002062559127807617
185471,normal,1095,0,1782360842.657351,0.0019741058349609375
185472,normal,652,0,1782360842.6593394,0.0019884109497070312
185473,normal,1443,0,1782360842.661417,0.0020775794982910156
185474,normal,2073,0,1782360842.663338,0.001920938491821289
185475,normal,3476,0,1782360842.6653209,0.0019829273223876953
185476,normal,3118,1,1782360842.6673949,0.002074003219604492
185477,normal,184,0,1782360842.6693432,0.0019483566284179688
185478,normal,2097,0,1782360842.6712832,0.001940011978149414
185479,normal,2290,0,1782360842.6733541,0.002070903778076172
185480,normal,1364,1,1782360842.675289,0.0019347667694091797
185481,normal,2184,0,1782360842.6772904,0.002001523971557617
185482,normal,602,0,1782360842.679445,0.0021545886993408203
185483,normal,2009,0,1782360842.681333,0.0018880367279052734
185484,normal,845,2,1782360842.683361,0.0020279884338378906
185485,normal,2932,0,1782360842.6854568,0.0020956993103027344
185486,normal,2348,0,1782360842.6873918,0.0019350051879882812
185487,normal,1523,0,1782360842.6894336,0.0020418167114257812
185488,normal,1978,0,1782360842.6914225,0.0019888877868652344
185489,normal,2063,0,1782360842.6934173,0.0019948482513427734
185490,normal,3421,0,1782360842.695415,0.001997709274291992
185491,normal,3686,0,1782360842.697313,0.001898050308227539
185492,normal,1672,0,1782360842.6992784,0.0019652843475341797
185493,normal,3471,0,1782360842.7013512,0.0020728111267089844
185494,normal,762,0,1782360842.703352,0.0020008087158203125
185495,normal,1112,0,1782360842.7053113,0.0019593238830566406
185496,normal,1554,0,1782360842.7072744,0.0019631385803222656
185497,normal,2213,0,1782360842.7093523,0.002077817916870117
185498,normal,1387,0,1782360842.7112737,0.0019214153289794922
185499,normal,351,0,1782360842.7133596,0.0020859241485595703
185500,normal,3179,1,1782360842.7160077,0.0026481151580810547
185501,normal,1337,1,1782360842.7174406,0.0014328956604003906
185502,normal,495,0,1782360842.7193046,0.0018639564514160156
185503,normal,261,0,1782360842.7213602,0.002055644989013672
185504,normal,806,2,1782360842.7232914,0.0019311904907226562
185505,normal,1321,1,1782360842.725368,0.0020766258239746094
185506,normal,3551,0,1782360842.7274566,0.0020885467529296875
185507,normal,2282,0,1782360842.729412,0.0019555091857910156
185508,normal,1936,0,1782360842.7312858,0.0018737316131591797
185509,normal,1111,0,1782360842.733357,0.0020711421966552734
185510,normal,2203,0,1782360842.735303,0.0019459724426269531
185511,normal,251,0,1782360842.7373037,0.0020008087158203125
185512,normal,265,0,1782360842.7393913,0.0020875930786132812
185513,normal,2936,0,1782360842.7413445,0.001953125
185514,normal,649,0,1782360842.743317,0.0019724369049072266
185515,normal,2464,0,1782360842.7453797,0.0020627975463867188
185516,normal,3015,0,1782360842.7473502,0.001970529556274414
185517,normal,558,0,1782360842.749942,0.002591848373413086
185518,normal,1377,1,1782360842.751651,0.001708984375
185519,normal,1435,0,1782360842.7532954,0.0016443729400634766
185520,normal,2784,0,1782360842.7552812,0.001985788345336914
185521,normal,1619,0,1782360842.7573717,0.0020904541015625
185522,normal,3086,1,1782360842.7593172,0.00194549560546875
185523,normal,1003,2,1782360842.7613552,0.0020380020141601562
185524,normal,3066,1,1782360842.7634213,0.0020661354064941406
185525,normal,1628,0,1782360842.7654524,0.002031087875366211
185526,normal,3376,1,1782360842.7673447,0.0018923282623291016
185527,normal,2940,0,1782360842.7693682,0.002023458480834961
185528,normal,3249,1,1782360842.7713764,0.002008199691772461
185529,normal,2406,0,1782360842.7734647,0.002088308334350586
185530,normal,886,2,1782360842.7755687,0.002104043960571289
185531,normal,966,2,1782360842.7773614,0.0017926692962646484
185532,normal,3340,1,1782360842.7793698,0.0020084381103515625
185533,normal,1018,2,1782360842.7814255,0.002055644989013672
185534,normal,1789,0,1782360842.783381,0.0019555091857910156
185535,normal,975,2,1782360842.7858775,0.002496480941772461
185536,normal,516,0,1782360842.7873294,0.0014519691467285156
185537,normal,3533,0,1782360842.7892923,0.001962900161743164
185538,normal,1897,0,1782360842.7913306,0.002038240432739258
185539,normal,2142,0,1782360842.7934017,0.0020711421966552734
185540,normal,3573,0,1782360842.7953138,0.0019121170043945312
185541,normal,1412,0,1782360842.797449,0.0021352767944335938
185542,normal,1603,0,1782360842.7993724,0.0019233226776123047
185543,normal,1566,0,1782360842.8013694,0.0019969940185546875
185544,normal,3618,0,1782360842.803304,0.0019345283508300781
185545,normal,2520,0,1782360842.8053765,0.002072572708129883
185546,normal,2966,0,1782360842.8072941,0.0019176006317138672
185547,normal,2934,0,1782360842.8092933,0.0019991397857666016
185548,normal,389,0,1782360842.8114233,0.0021300315856933594
185549,normal,1854,0,1782360842.8133245,0.0019011497497558594
185550,normal,1340,1,1782360842.8153527,0.002028226852416992
185551,normal,1163,0,1782360842.8173807,0.0020279884338378906
185552,normal,1986,0,1782360842.8193157,0.0019350051879882812
185553,normal,2450,0,1782360842.8213232,0.0020074844360351562
185554,normal,1630,0,1782360842.823367,0.0020439624786376953
185555,normal,836,2,1782360842.8252785,0.0019114017486572266
185556,normal,2839,0,1782360842.8273547,0.0020761489868164062
185557,normal,1146,0,1782360842.8292947,0.001940011978149414
185558,normal,1801,0,1782360842.8313296,0.002034902572631836
185559,normal,1079,0,1782360842.8333375,0.0020079612731933594
185560,normal,3522,0,1782360842.8354106,0.002073049545288086
185561,normal,571,0,1782360842.8373463,0.001935720443725586
185562,normal,487,0,1782360842.8393903,0.0020439624786376953
185563,normal,3538,0,1782360842.8414927,0.002102375030517578
185564,normal,2307,0,1782360842.843358,0.001865386962890625
185565,normal,1143,0,1782360842.8453856,0.0020275115966796875
185566,normal,2606,0,1782360842.8474739,0.002088308334350586
185567,normal,2750,0,1782360842.849326,0.0018520355224609375
185568,normal,2725,0,1782360842.8512802,0.001954317092895508
185569,normal,2327,0,1782360842.8533504,0.002070188522338867
185570,normal,2329,0,1782360842.855276,0.0019257068634033203
185571,normal,2795,0,1782360842.8574457,0.0021696090698242188
185572,normal,1408,0,1782360842.8592832,0.0018374919891357422
185573,normal,2501,0,1782360842.8612716,0.0019884109497070312
185574,normal,2214,0,1782360842.8633492,0.0020775794982910156
185575,normal,1118,0,1782360842.8652956,0.0019464492797851562
185576,normal,2539,0,1782360842.867409,0.00211334228515625
185577,normal,1380,1,1782360842.8696885,0.002279520034790039
185578,normal,1863,0,1782360842.871415,0.001726388931274414
185579,normal,1155,0,1782360842.8732889,0.0018739700317382812
185580,normal,3432,0,1782360842.8753612,0.0020723342895507812
185581,normal,3212,1,1782360842.8773236,0.001962423324584961
185582,normal,1701,0,1782360842.879304,0.001980304718017578
185583,normal,1049,0,1782360842.881415,0.0021109580993652344
185584,normal,3039,0,1782360842.8833282,0.001913309097290039
185585,normal,1557,0,1782360842.8852875,0.0019593238830566406
185586,normal,2412,0,1782360842.8873587,0.0020711421966552734
185587,normal,3283,1,1782360842.8893352,0.001976490020751953
185588,normal,3407,0,1782360842.8913016,0.0019664764404296875
185589,normal,3706,0,1782360842.8933103,0.002008676528930664
185590,normal,249,0,1782360842.8954244,0.0021140575408935547
185591,normal,2967,0,1782360842.8973124,0.0018880367279052734
185592,normal,411,0,1782360842.8993108,0.001998424530029297
185593,normal,2275,0,1782360842.9015589,0.002248048782348633
185594,normal,2832,0,1782360842.9040065,0.0024476051330566406
185595,normal,1514,0,1782360842.9053478,0.0013413429260253906
185596,normal,2594,0,1782360842.9073677,0.0020198822021484375
185597,normal,900,2,1782360842.909349,0.0019812583923339844
185598,normal,2244,0,1782360842.9113715,0.0020225048065185547
185599,normal,1675,0,1782360842.9134145,0.002043008804321289
185600,normal,1006,2,1782360842.9154387,0.0020241737365722656
185601,normal,3357,1,1782360842.9174001,0.0019614696502685547
185602,normal,2855,0,1782360842.9193032,0.0019030570983886719
185603,normal,1223,0,1782360842.9214368,0.002133607864379883
185604,normal,3475,0,1782360842.9234061,0.0019693374633789062
185605,normal,1257,0,1782360842.9253368,0.0019307136535644531
185606,normal,3163,1,1782360842.9272826,0.0019457340240478516
185607,normal,216,0,1782360842.9293485,0.002065896987915039
185608,normal,3170,1,1782360842.9313326,0.001984119415283203
185609,normal,2860,0,1782360842.9333324,0.0019998550415039062
185610,normal,2527,0,1782360842.9353137,0.0019812583923339844
185611,normal,3282,1,1782360842.9373875,0.0020737648010253906
185612,normal,939,2,1782360842.9393063,0.001918792724609375
185613,normal,1837,0,1782360842.9413373,0.002031087875366211
185614,normal,1883,0,1782360842.9434283,0.002090930938720703
185615,normal,1041,0,1782360842.9453807,0.0019524097442626953
185616,normal,1985,0,1782360842.9473844,0.0020036697387695312
185617,normal,2359,0,1782360842.9493072,0.0019228458404541016
185618,normal,993,2,1782360842.9513397,0.0020325183868408203
185619,normal,540,0,1782360842.9533927,0.0020530223846435547
185620,normal,1816,0,1782360842.9554315,0.002038717269897461
185621,normal,3458,0,1782360842.957371,0.001939535140991211
185622,normal,3304,1,1782360842.9592793,0.0019083023071289062
185623,normal,1194,0,1782360842.961386,0.0021066665649414062
185624,normal,199,0,1782360842.9633207,0.0019347667694091797
185625,normal,3660,0,1782360842.9653218,0.002001047134399414
185626,normal,8,0,1782360842.9673977,0.0020759105682373047
185627,normal,1392,0,1782360842.969326,0.0019283294677734375
185628,normal,456,0,1782360842.9714582,0.0021321773529052734
185629,normal,2948,0,1782360842.9733443,0.001886129379272461
185630,normal,3497,0,1782360842.9753006,0.0019562244415283203
185631,normal,51,0,1782360842.9772956,0.001995086669921875
185632,normal,605,0,1782360842.9793768,0.002081155776977539
185633,normal,1031,0,1782360842.9813256,0.0019488334655761719
185634,normal,124,0,1782360842.9833632,0.002037525177001953
185635,normal,253,0,1782360842.9857116,0.0023484230041503906
185636,normal,3096,1,1782360842.9873476,0.0016360282897949219
185637,normal,1666,0,1782360842.98932,0.0019724369049072266
185638,normal,1114,0,1782360842.9913971,0.0020771026611328125
185639,normal,897,2,1782360842.9933333,0.001936197280883789
185640,normal,2907,0,1782360842.9952896,0.0019562244415283203
185641,normal,3674,0,1782360842.9973595,0.0020699501037597656
185642,normal,2458,0,1782360842.9992776,0.0019180774688720703
185643,normal,1306,0,1782360843.0013883,0.002110719680786133
185644,normal,2842,0,1782360843.0033855,0.001997232437133789
185645,normal,1317,0,1782360843.0053546,0.0019690990447998047
185646,normal,3092,1,1782360843.0073667,0.002012014389038086
185647,normal,2140,0,1782360843.0094533,0.002086639404296875
185648,normal,1922,0,1782360843.0113869,0.0019335746765136719
185649,normal,2104,0,1782360843.0133765,0.001989603042602539
185650,normal,2807,0,1782360843.0153959,0.0020194053649902344
185651,normal,641,0,1782360843.0174139,0.002017974853515625
185652,normal,1967,0,1782360843.0194156,0.0020017623901367188
185653,normal,1864,0,1782360843.021303,0.0018873214721679688
185654,normal,671,0,1782360843.023278,0.0019750595092773438
185655,normal,2272,0,1782360843.0253623,0.0020842552185058594
185656,normal,3211,1,1782360843.0272965,0.0019342899322509766
185657,normal,1117,0,1782360843.0293238,0.002027273178100586
185658,normal,1797,0,1782360843.0312748,0.001950979232788086
185659,normal,907,2,1782360843.0333598,0.002084970474243164
185660,normal,739,0,1782360843.03529,0.00193023681640625
185661,normal,320,0,1782360843.0373504,0.002060413360595703
185662,normal,2014,0,1782360843.0400367,0.0026862621307373047
185663,normal,1680,0,1782360843.041452,0.001415252685546875
185664,normal,1124,0,1782360843.0433068,0.0018548965454101562
185665,normal,2069,0,1782360843.0453606,0.0020537376403808594
185666,normal,341,0,1782360843.047292,0.0019314289093017578
185667,normal,3231,1,1782360843.0493705,0.002078533172607422
185668,normal,2112,0,1782360843.0514493,0.0020787715911865234
185669,normal,3134,1,1782360843.0534716,0.002022266387939453
185670,normal,472,0,1782360843.0553126,0.0018410682678222656
185671,normal,3052,1,1782360843.0573628,0.002050161361694336
185672,normal,774,2,1782360843.0592985,0.001935720443725586
185673,normal,2511,0,1782360843.0613089,0.002010345458984375
185674,normal,1028,2,1782360843.0633898,0.0020809173583984375
185675,normal,2352,0,1782360843.065355,0.0019652843475341797
185676,normal,2628,0,1782360843.0673208,0.001965761184692383
185677,normal,2564,0,1782360843.0693822,0.0020613670349121094
185678,normal,661,0,1782360843.0713577,0.001975536346435547
185679,normal,2016,0,1782360843.0738602,0.00250244140625
185680,normal,599,0,1782360843.0758095,0.001949310302734375
185681,normal,767,0,1782360843.0772943,0.0014848709106445312
185682,normal,2196,0,1782360843.079349,0.0020546913146972656
185683,normal,1375,1,1782360843.0813112,0.0019621849060058594
185684,normal,3371,1,1782360843.0833027,0.0019915103912353516
185685,normal,3607,0,1782360843.0853524,0.002049684524536133
185686,normal,825,2,1782360843.08744,0.0020875930786132812
185687,normal,83,0,1782360843.0894516,0.002011537551879883
185688,normal,3632,0,1782360843.0913706,0.0019190311431884766
185689,normal,890,2,1782360843.0932975,0.0019268989562988281
185690,normal,2481,0,1782360843.0954173,0.002119779586791992
185691,normal,1691,0,1782360843.0974295,0.0020122528076171875
185692,normal,3673,0,1782360843.0995305,0.0021009445190429688
185693,normal,2384,0,1782360843.1014369,0.0019063949584960938
185694,normal,1005,2,1782360843.103348,0.001911163330078125
185695,normal,3406,0,1782360843.1054065,0.0020585060119628906
185696,normal,2782,0,1782360843.1073062,0.00189971923828125
185697,normal,873,2,1782360843.1093526,0.002046346664428711
185698,normal,1322,1,1782360843.111435,0.002082347869873047
185699,normal,551,0,1782360843.1133838,0.0019488334655761719
185700,normal,469,0,1782360843.1153278,0.0019440650939941406
185701,normal,450,0,1782360843.1173966,0.002068758010864258
185702,normal,213,0,1782360843.1193278,0.0019311904907226562
185703,normal,2261,0,1782360843.1213284,0.002000570297241211
185704,normal,511,0,1782360843.1234047,0.002076387405395508
185705,normal,1591,0,1782360843.1253638,0.001959085464477539
185706,normal,327,0,1782360843.1273038,0.001940011978149414
185707,normal,2145,0,1782360843.1293705,0.0020666122436523438
185708,normal,3323,1,1782360843.1312935,0.0019230842590332031
185709,normal,3375,1,1782360843.1334481,0.0021545886993408203
185710,normal,2181,0,1782360843.1354015,0.0019533634185791016
185711,normal,1204,0,1782360843.1372983,0.0018968582153320312
185712,normal,3050,1,1782360843.139376,0.0020775794982910156
185713,normal,3189,1,1782360843.141358,0.001981973648071289
185714,normal,446,0,1782360843.1433258,0.001967906951904297
185715,normal,1125,0,1782360843.1461935,0.0028676986694335938
185716,normal,2882,0,1782360843.1472955,0.0011019706726074219
185717,normal,2024,0,1782360843.1493642,0.002068758010864258
185718,normal,2644,0,1782360843.1513326,0.0019683837890625
185719,normal,53,0,1782360843.1534233,0.0020906925201416016
185720,normal,115,0,1782360843.1553915,0.0019681453704833984
185721,normal,3502,0,1782360843.1573803,0.0019888877868652344
185722,normal,3065,1,1782360843.1594067,0.0020263195037841797
185723,normal,2291,0,1782360843.161512,0.002105236053466797
185724,normal,1634,0,1782360843.1632876,0.0017757415771484375
185725,normal,2392,0,1782360843.1653512,0.0020635128021240234
185726,normal,2568,0,1782360843.167282,0.0019309520721435547
185727,normal,534,0,1782360843.169388,0.0021059513092041016
185728,normal,2278,0,1782360843.1712875,0.0018994808197021484
185729,normal,2081,0,1782360843.173274,0.0019865036010742188
185730,normal,3012,0,1782360843.1753507,0.0020766258239746094
185731,normal,2572,0,1782360843.1772752,0.0019245147705078125
185732,normal,2659,0,1782360843.1796422,0.0023670196533203125
185733,normal,2823,0,1782360843.1815925,0.0019502639770507812
185734,normal,835,2,1782360843.1833296,0.0017371177673339844
185735,normal,393,0,1782360843.1852932,0.0019636154174804688
185736,normal,2306,0,1782360843.1873608,0.00206756591796875
185737,normal,3187,1,1782360843.1893122,0.001951456069946289
185738,normal,2233,0,1782360843.1914873,0.0021750926971435547
185739,normal,1659,0,1782360843.1933181,0.0018308162689208984
185740,normal,1860,0,1782360843.1953537,0.0020356178283691406
185741,normal,2398,0,1782360843.1972833,0.0019295215606689453
185742,normal,2897,0,1782360843.1993587,0.0020754337310791016
185743,normal,2503,0,1782360843.201327,0.0019683837890625
185744,normal,3147,1,1782360843.2035298,0.002202749252319336
185745,normal,122,0,1782360843.2053714,0.0018415451049804688
185746,normal,192,0,1782360843.2074296,0.002058267593383789
185747,normal,3388,1,1782360843.2093863,0.0019567012786865234
185748,normal,1266,0,1782360843.211388,0.0020017623901367188
185749,normal,2408,0,1782360843.2135928,0.0022046566009521484
185750,normal,1665,0,1782360843.2154417,0.0018489360809326172
185751,normal,1265,0,1782360843.2173266,0.0018849372863769531
185752,normal,1755,0,1782360843.2193544,0.002027750015258789
185753,normal,1879,0,1782360843.2212977,0.001943349838256836
185754,normal,1144,0,1782360843.2233455,0.0020477771759033203
185755,normal,807,2,1782360843.2255163,0.0021708011627197266
185756,normal,2457,0,1782360843.227857,0.0023407936096191406
185757,normal,349,0,1782360843.229353,0.0014958381652832031
185758,normal,574,0,1782360843.2317524,0.002399444580078125
185759,normal,1947,0,1782360843.2335374,0.0017850399017333984
185760,normal,3554,0,1782360843.2363563,0.0028188228607177734
185761,normal,2930,0,1782360843.2374406,0.0010843276977539062
185762,normal,1236,0,1782360843.2398105,0.0023698806762695312
185763,normal,1733,0,1782360843.241445,0.0016345977783203125
185764,normal,244,0,1782360843.2435188,0.0020737648010253906
185765,normal,1271,0,1782360843.2454617,0.0019428730010986328
185766,normal,712,0,1782360843.2474537,0.0019919872283935547
185767,normal,2443,0,1782360843.2494946,0.002040863037109375
185768,normal,2956,0,1782360843.2514777,0.001983165740966797
185769,normal,1695,0,1782360843.2534823,0.0020046234130859375
185770,normal,225,0,1782360843.2555306,0.0020482540130615234
185771,normal,3254,1,1782360843.2576017,0.0020711421966552734
185772,normal,2031,0,1782360843.2594905,0.0018887519836425781
185773,normal,2682,0,1782360843.261449,0.001958608627319336
185774,normal,1148,0,1782360843.2635267,0.0020775794982910156
185775,normal,1808,0,1782360843.2653944,0.0018677711486816406
185776,normal,798,2,1782360843.267423,0.0020284652709960938
185777,normal,1570,0,1782360843.26938,0.0019571781158447266
185778,normal,369,0,1782360843.2712984,0.0019183158874511719
185779,normal,2497,0,1782360843.2734134,0.002115011215209961
185780,normal,2757,0,1782360843.2752726,0.0018591880798339844
185781,normal,795,2,1782360843.2773492,0.0020766258239746094
185782,normal,3664,0,1782360843.2792718,0.001922607421875
185783,normal,691,0,1782360843.2812922,0.0020203590393066406
185784,normal,448,0,1782360843.2833521,0.0020599365234375
185785,normal,1698,0,1782360843.2853086,0.001956462860107422
185786,normal,2383,0,1782360843.2873156,0.002007007598876953
185787,normal,747,0,1782360843.289355,0.0020394325256347656
185788,normal,1440,0,1782360843.2913022,0.001947164535522461
185789,normal,682,0,1782360843.2933028,0.002000570297241211
185790,normal,1945,0,1782360843.2953107,0.0020079612731933594
185791,normal,1059,0,1782360843.297348,0.0020372867584228516
185792,normal,2173,0,1782360843.2993228,0.001974821090698242
185793,normal,1040,0,1782360843.3013563,0.0020334720611572266
185794,normal,1906,0,1782360843.3033,0.0019435882568359375
185795,normal,2561,0,1782360843.3052998,0.0019998550415039062
185796,normal,155,0,1782360843.3073506,0.0020508766174316406
185797,normal,3467,0,1782360843.3093007,0.0019500255584716797
185798,normal,3599,0,1782360843.3113005,0.0019998550415039062
185799,normal,445,0,1782360843.313353,0.0020525455474853516
185800,normal,803,2,1782360843.3153079,0.001954793930053711
185801,normal,1009,2,1782360843.317302,0.0019941329956054688
185802,normal,3204,1,1782360843.3194191,0.002117156982421875
185803,normal,158,0,1782360843.321478,0.002058744430541992
185804,normal,1710,0,1782360843.323353,0.001875162124633789
185805,normal,2067,0,1782360843.325471,0.0021178722381591797
185806,normal,998,2,1782360843.3274553,0.0019843578338623047
185807,normal,79,0,1782360843.3295274,0.0020720958709716797
185808,normal,2240,0,1782360843.3313725,0.0018451213836669922
185809,normal,3111,1,1782360843.3335392,0.002166748046875
185810,normal,1289,0,1782360843.3353655,0.0018262863159179688
185811,normal,1966,0,1782360843.337533,0.0021674633026123047
185812,normal,2961,0,1782360843.3394966,0.0019636154174804688
185813,normal,816,2,1782360843.3413665,0.0018699169158935547
185814,normal,1494,0,1782360843.3435287,0.0021622180938720703
185815,normal,923,2,1782360843.3454762,0.0019474029541015625
185816,normal,1051,0,1782360843.3473668,0.0018906593322753906
185817,normal,2737,0,1782360843.3496294,0.002262592315673828
185818,normal,706,0,1782360843.3513508,0.0017213821411132812
185819,normal,2483,0,1782360843.3533788,0.0020279884338378906
185820,normal,814,2,1782360843.355476,0.0020971298217773438
185821,normal,1172,0,1782360843.3575099,0.0020339488983154297
185822,normal,259,0,1782360843.359356,0.0018460750579833984
185823,normal,3671,0,1782360843.3615394,0.0021834373474121094
185824,normal,2962,0,1782360843.3634248,0.0018854141235351562
185825,normal,2643,0,1782360843.3653557,0.0019309520721435547
185826,normal,3306,1,1782360843.3675432,0.002187490463256836
185827,normal,2945,0,1782360843.3694837,0.0019404888153076172
185828,normal,2001,0,1782360843.3715959,0.002112150192260742
185829,normal,1242,0,1782360843.3735027,0.0019068717956542969
185830,normal,2071,0,1782360843.3757565,0.0022537708282470703
185831,normal,2248,0,1782360843.3774178,0.0016613006591796875
185832,normal,2227,0,1782360843.3797166,0.0022988319396972656
185833,normal,781,2,1782360843.3817542,0.002037525177001953
185834,normal,3217,1,1782360843.3833542,0.001600027084350586
185835,normal,41,0,1782360843.3856103,0.002256155014038086
185836,normal,1027,2,1782360843.3874407,0.0018303394317626953
185837,normal,2749,0,1782360843.3893788,0.0019381046295166016
185838,normal,1357,1,1782360843.391549,0.0021703243255615234
185839,normal,3403,0,1782360843.3934333,0.0018842220306396484
185840,normal,1772,0,1782360843.3954008,0.0019674301147460938
185841,normal,994,2,1782360843.397563,0.0021622180938720703
185842,normal,1072,0,1782360843.399438,0.0018749237060546875
185843,normal,3004,0,1782360843.4013784,0.0019404888153076172
185844,normal,2661,0,1782360843.4035523,0.002173900604248047
185845,normal,160,0,1782360843.405429,0.0018765926361083984
185846,normal,630,0,1782360843.4073627,0.0019338130950927734
185847,normal,2688,0,1782360843.4095564,0.0021936893463134766
185848,normal,1332,1,1782360843.4114354,0.001878976821899414
185849,normal,2625,0,1782360843.413406,0.001970529556274414
185850,normal,1108,0,1782360843.415559,0.002153158187866211
185851,normal,2159,0,1782360843.4174302,0.0018711090087890625
185852,normal,2454,0,1782360843.4193792,0.0019490718841552734
185853,normal,823,2,1782360843.421561,0.0021817684173583984
185854,normal,2058,0,1782360843.4234273,0.0018663406372070312
185855,normal,3255,1,1782360843.4253633,0.0019359588623046875
185856,normal,2082,0,1782360843.427563,0.0021996498107910156
185857,normal,1441,0,1782360843.4294255,0.0018625259399414062
185858,normal,2681,0,1782360843.4313633,0.0019378662109375
185859,normal,1811,0,1782360843.4335716,0.002208232879638672
185860,normal,1602,0,1782360843.4354281,0.0018565654754638672
185861,normal,431,0,1782360843.4373622,0.001934051513671875
185862,normal,1029,2,1782360843.439569,0.0022068023681640625
185863,normal,1539,0,1782360843.441427,0.0018579959869384766
185864,normal,2650,0,1782360843.4433644,0.0019373893737792969
185865,normal,3465,0,1782360843.4455726,0.002208232879638672
185866,normal,1901,0,1782360843.4474218,0.0018491744995117188
185867,normal,68,0,1782360843.4493642,0.0019423961639404297
185868,normal,1764,0,1782360843.451573,0.002208709716796875
185869,normal,194,0,1782360843.4534523,0.0018794536590576172
185870,normal,1881,0,1782360843.45538,0.0019276142120361328
185871,normal,2269,0,1782360843.4576013,0.002221345901489258
185872,normal,203,0,1782360843.459431,0.0018296241760253906
185873,normal,9,0,1782360843.461362,0.0019309520721435547
185874,normal,2577,0,1782360843.4636028,0.002240896224975586
185875,normal,1020,2,1782360843.4654312,0.0018284320831298828
185876,normal,2828,0,1782360843.4674034,0.001972198486328125
185877,normal,1671,0,1782360843.46961,0.002206563949584961
185878,normal,2053,0,1782360843.4714265,0.0018165111541748047
185879,normal,870,2,1782360843.4733632,0.0019366741180419922
185880,normal,553,0,1782360843.4756067,0.002243518829345703
185881,normal,2774,0,1782360843.4774237,0.0018169879913330078
185882,normal,2553,0,1782360843.479362,0.0019383430480957031
185883,normal,1980,0,1782360843.4816108,0.0022487640380859375
185884,normal,3320,1,1782360843.4834137,0.0018029212951660156
185885,normal,1615,0,1782360843.485365,0.0019512176513671875
185886,normal,1062,0,1782360843.4876115,0.0022466182708740234
185887,normal,2152,0,1782360843.4894307,0.0018191337585449219
185888,normal,685,0,1782360843.491362,0.0019314289093017578
185889,normal,3342,1,1782360843.4936147,0.0022525787353515625
185890,normal,996,2,1782360843.4954214,0.0018067359924316406
185891,normal,241,0,1782360843.4973626,0.0019412040710449219
185892,normal,2135,0,1782360843.4996178,0.0022552013397216797
185893,normal,2665,0,1782360843.5014307,0.0018129348754882812
185894,normal,2256,0,1782360843.5033631,0.001932382583618164
185895,normal,390,0,1782360843.505619,0.0022559165954589844
185896,normal,379,0,1782360843.507431,0.001811981201171875
185897,normal,3446,0,1782360843.5093634,0.001932382583618164
185898,normal,2401,0,1782360843.5116212,0.002257823944091797
185899,normal,2361,0,1782360843.513431,0.001809835433959961
185900,normal,2192,0,1782360843.5153618,0.0019307136535644531
185901,normal,967,2,1782360843.5176265,0.002264738082885742
185902,normal,1476,0,1782360843.5194266,0.0018000602722167969
185903,normal,746,0,1782360843.5213614,0.0019347667694091797
185904,normal,1198,0,1782360843.523627,0.0022656917572021484
185905,normal,131,0,1782360843.5254252,0.0017981529235839844
185906,normal,1829,0,1782360843.527362,0.0019369125366210938
185907,normal,1451,0,1782360843.5296302,0.002268075942993164
185908,normal,1420,0,1782360843.5314288,0.0017986297607421875
185909,normal,1446,0,1782360843.5333707,0.0019419193267822266
185910,normal,2642,0,1782360843.5356371,0.002266407012939453
185911,normal,1107,0,1782360843.5374334,0.0017962455749511719
185912,normal,455,0,1782360843.5393653,0.001931905746459961
185913,normal,2469,0,1782360843.5415177,0.0021524429321289062
185914,normal,3416,0,1782360843.5434563,0.0019385814666748047
185915,normal,3195,1,1782360843.5453606,0.0019042491912841797
185916,normal,1826,0,1782360843.5475154,0.002154827117919922
185917,normal,833,2,1782360843.5494545,0.0019390583038330078
185918,normal,851,2,1782360843.5513628,0.0019083023071289062
185919,normal,3546,0,1782360843.5535192,0.002156496047973633
185920,normal,1810,0,1782360843.5554364,0.001917123794555664
185921,normal,3205,1,1782360843.5573483,0.0019118785858154297
185922,normal,2368,0,1782360843.55952,0.002171754837036133
185923,normal,2084,0,1782360843.561524,0.002003908157348633
185924,normal,1066,0,1782360843.5633519,0.0018279552459716797
185925,normal,1928,0,1782360843.5655222,0.0021703243255615234
185926,normal,1805,0,1782360843.5674312,0.001909017562866211
185927,normal,3259,1,1782360843.5693521,0.001920938491821289
185928,normal,788,2,1782360843.5715632,0.0022110939025878906
185929,normal,54,0,1782360843.5734184,0.0018551349639892578
185930,normal,3346,1,1782360843.5753648,0.0019464492797851562
185931,normal,3647,0,1782360843.5776553,0.002290487289428711
185932,normal,2652,0,1782360843.5794592,0.0018038749694824219
185933,normal,3149,1,1782360843.581366,0.0019068717956542969
185934,normal,339,0,1782360843.5835352,0.0021691322326660156
185935,normal,1426,0,1782360843.585441,0.0019059181213378906
185936,normal,1065,0,1782360843.587363,0.0019218921661376953
185937,normal,1474,0,1782360843.5895329,0.0021698474884033203
185938,normal,2047,0,1782360843.5914307,0.0018978118896484375
185939,normal,110,0,1782360843.593361,0.00193023681640625
185940,normal,1660,0,1782360843.595539,0.002178192138671875
185941,normal,3215,1,1782360843.597429,0.001889944076538086
185942,normal,2668,0,1782360843.5993843,0.001955270767211914
185943,normal,1752,0,1782360843.601514,0.002129793167114258
185944,normal,958,2,1782360843.6034288,0.0019147396087646484
185945,normal,3602,0,1782360843.6053653,0.0019364356994628906
185946,normal,3031,0,1782360843.607541,0.0021758079528808594
185947,normal,302,0,1782360843.6094308,0.0018897056579589844
185948,normal,3374,1,1782360843.6113691,0.0019383430480957031
185949,normal,3334,1,1782360843.613544,0.002174854278564453
185950,normal,2516,0,1782360843.6154358,0.0018918514251708984
185951,normal,559,0,1782360843.6173637,0.0019278526306152344
185952,normal,3365,1,1782360843.619546,0.0021822452545166016
185953,normal,1607,0,1782360843.6214216,0.0018756389617919922
185954,normal,3490,0,1782360843.6233618,0.0019402503967285156
185955,normal,2573,0,1782360843.6255133,0.0021514892578125
185956,normal,1126,0,1782360843.627421,0.0019075870513916016
185957,normal,2347,0,1782360843.6293645,0.0019435882568359375
185958,normal,3083,1,1782360843.6315513,0.0021867752075195312
185959,normal,242,0,1782360843.6334276,0.0018763542175292969
185960,normal,67,0,1782360843.635362,0.0019342899322509766
185961,normal,2387,0,1782360843.6375563,0.0021944046020507812
185962,normal,2804,0,1782360843.6394262,0.0018699169158935547
185963,normal,60,0,1782360843.6413631,0.0019369125366210938
185964,normal,12,0,1782360843.6435544,0.002191305160522461
185965,normal,3112,1,1782360843.6454234,0.0018689632415771484
185966,normal,1085,0,1782360843.6473627,0.0019392967224121094
185967,normal,2729,0,1782360843.6495574,0.002194643020629883
185968,normal,227,0,1782360843.6514175,0.0018601417541503906
185969,normal,1553,0,1782360843.6533647,0.001947164535522461
185970,normal,1250,0,1782360843.6555653,0.002200603485107422
185971,normal,396,0,1782360843.6574972,0.001931905746459961
185972,normal,1870,0,1782360843.659353,0.0018558502197265625
185973,normal,2939,0,1782360843.6615703,0.0022172927856445312
185974,normal,2051,0,1782360843.6634266,0.0018563270568847656
185975,normal,49,0,1782360843.6653662,0.001939535140991211
185976,normal,2970,0,1782360843.667572,0.0022058486938476562
185977,normal,1534,0,1782360843.6694226,0.0018506050109863281
185978,normal,3707,0,1782360843.6714132,0.0019905567169189453
185979,normal,3460,0,1782360843.6735995,0.002186298370361328
185980,normal,1589,0,1782360843.6754277,0.0018281936645507812
185981,normal,1706,0,1782360843.6773746,0.0019469261169433594
185982,normal,509,0,1782360843.6795998,0.002225160598754883
185983,normal,2878,0,1782360843.6814241,0.0018243789672851562
185984,normal,633,0,1782360843.6833677,0.0019435882568359375
185985,normal,1697,0,1782360843.685606,0.0022382736206054688
185986,normal,1202,0,1782360843.6874716,0.0018656253814697266
185987,normal,1874,0,1782360843.6893775,0.0019059181213378906
185988,normal,785,2,1782360843.691607,0.002229452133178711
185989,normal,1433,0,1782360843.693423,0.0018160343170166016
185990,normal,1592,0,1782360843.6953673,0.0019443035125732422
185991,normal,1798,0,1782360843.69761,0.002242565155029297
185992,normal,623,0,1782360843.6994238,0.0018138885498046875
185993,normal,1965,0,1782360843.7013655,0.001941680908203125
185994,normal,3016,0,1782360843.703612,0.0022466182708740234
185995,normal,3425,0,1782360843.7054224,0.001810312271118164
185996,normal,1778,0,1782360843.707366,0.0019435882568359375
185997,normal,2304,0,1782360843.7096226,0.002256631851196289
185998,normal,2714,0,1782360843.7114139,0.001791238784790039
185999,normal,754,0,1782360843.7133653,0.001951456069946289
186000,normal,2052,0,1782360843.7156167,0.0022513866424560547
186001,normal,687,0,1782360843.7174149,0.0017981529235839844
186002,normal,272,0,1782360843.7193651,0.0019502639770507812
186003,normal,1642,0,1782360843.7216396,0.0022745132446289062
186004,normal,2150,0,1782360843.723423,0.0017833709716796875
186005,normal,2122,0,1782360843.7253642,0.0019412040710449219
186006,normal,1547,0,1782360843.727622,0.002257823944091797
186007,normal,2395,0,1782360843.7294111,0.001789093017578125
186008,normal,1948,0,1782360843.731462,0.0020508766174316406
186009,normal,1032,0,1782360843.7334447,0.0019826889038085938
186010,normal,1491,0,1782360843.7355175,0.0020728111267089844
186011,normal,1734,0,1782360843.7373667,0.0018491744995117188
186012,normal,3290,1,1782360843.7396297,0.0022630691528320312
186013,normal,1130,0,1782360843.7414122,0.0017824172973632812
186014,normal,1248,0,1782360843.743366,0.0019538402557373047
186015,normal,3526,0,1782360843.7456272,0.0022611618041992188
186016,normal,2920,0,1782360843.747776,0.002148866653442383
186017,normal,2320,0,1782360843.749371,0.0015950202941894531
186018,normal,520,0,1782360843.7516427,0.0022716522216796875
186019,normal,647,0,1782360843.7533107,0.0016679763793945312
186020,normal,1358,1,1782360843.7553992,0.0020885467529296875
186021,normal,3279,1,1782360843.757394,0.0019948482513427734
186022,normal,2414,0,1782360843.7592986,0.0019044876098632812
186023,normal,1055,0,1782360843.761376,0.002077341079711914
186024,normal,2545,0,1782360843.763384,0.002008199691772461
186025,normal,2163,0,1782360843.765329,0.0019447803497314453
186026,normal,697,0,1782360843.7673802,0.0020513534545898438
186027,normal,1174,0,1782360843.7696402,0.002259969711303711
186028,normal,2393,0,1782360843.7714226,0.0017824172973632812
186029,normal,20,0,1782360843.773528,0.0021054744720458984
186030,normal,299,0,1782360843.7753975,0.0018694400787353516
186031,normal,473,0,1782360843.7775185,0.0021209716796875
186032,normal,893,2,1782360843.7793646,0.0018460750579833984
186033,normal,2270,0,1782360843.7815228,0.0021581649780273438
186034,normal,3520,0,1782360843.7833636,0.001840829849243164
186035,normal,1770,0,1782360843.7855184,0.002154827117919922
186036,normal,598,0,1782360843.787367,0.0018486976623535156
186037,normal,2446,0,1782360843.789516,0.002148866653442383
186038,normal,141,0,1782360843.7913644,0.001848459243774414
186039,normal,35,0,1782360843.793526,0.0021615028381347656
186040,normal,1648,0,1782360843.7954342,0.0019083023071289062
186041,normal,3532,0,1782360843.797372,0.0019378662109375
186042,normal,1888,0,1782360843.7995284,0.0021562576293945312
186043,normal,1579,0,1782360843.801481,0.0019526481628417969
186044,normal,357,0,1782360843.803366,0.0018849372863769531
186045,normal,2529,0,1782360843.805657,0.002290964126586914
186046,normal,13,0,1782360843.807433,0.001775979995727539
186047,normal,2670,0,1782360843.8093655,0.0019326210021972656
186048,normal,202,0,1782360843.8115335,0.002167940139770508
186049,normal,3531,0,1782360843.8134243,0.0018908977508544922
186050,normal,1598,0,1782360843.8153656,0.0019412040710449219
186051,normal,2212,0,1782360843.817537,0.0021715164184570312
186052,normal,1548,0,1782360843.8194268,0.0018897056579589844
186053,normal,866,2,1782360843.82137,0.0019431114196777344
186054,normal,1845,0,1782360843.8235414,0.0021715164184570312
186055,normal,46,0,1782360843.825436,0.0018947124481201172
186056,normal,1366,1,1782360843.8273673,0.0019311904907226562
186057,normal,63,0,1782360843.829542,0.0021746158599853516
186058,normal,2077,0,1782360843.8314247,0.001882791519165039
186059,normal,1293,0,1782360843.833364,0.0019392967224121094
186060,normal,968,2,1782360843.8355436,0.0021796226501464844
186061,normal,269,0,1782360843.8374376,0.0018939971923828125
186062,normal,2322,0,1782360843.8393657,0.001928091049194336
186063,normal,274,0,1782360843.841546,0.002180337905883789
186064,normal,2480,0,1782360843.843441,0.0018949508666992188
186065,normal,1000,2,1782360843.8453715,0.0019304752349853516
186066,normal,453,0,1782360843.8475695,0.0021979808807373047
186067,normal,3098,1,1782360843.8494341,0.0018646717071533203
186068,normal,3239,1,1782360843.8513656,0.0019314289093017578
186069,normal,838,2,1782360843.8535526,0.002187013626098633
186070,normal,710,0,1782360843.8554451,0.0018925666809082031
186071,normal,1220,0,1782360843.8573635,0.0019183158874511719
186072,normal,927,2,1782360843.8595538,0.0021903514862060547
186073,normal,2263,0,1782360843.8614252,0.001871347427368164
186074,normal,481,0,1782360843.8633657,0.0019404888153076172
186075,normal,3347,1,1782360843.8655562,0.0021905899047851562
186076,normal,1110,0,1782360843.8674212,0.0018649101257324219
186077,normal,1190,0,1782360843.8693655,0.0019443035125732422
186078,normal,1971,0,1782360843.8715584,0.002192974090576172
186079,normal,2982,0,1782360843.8734174,0.0018589496612548828
186080,normal,2800,0,1782360843.8753674,0.0019500255584716797
186081,normal,1333,1,1782360843.8775618,0.0021944046020507812
186082,normal,1612,0,1782360843.8794215,0.0018596649169921875
186083,normal,669,0,1782360843.881365,0.0019435882568359375
186084,normal,2728,0,1782360843.8835647,0.0021996498107910156
186085,normal,929,2,1782360843.8854196,0.0018548965454101562
186086,normal,552,0,1782360843.8873646,0.0019450187683105469
186087,normal,3102,1,1782360843.8895664,0.0022017955780029297
186088,normal,1924,0,1782360843.8914156,0.0018491744995117188
186089,normal,1975,0,1782360843.8933668,0.0019512176513671875
186090,normal,3544,0,1782360843.8955681,0.0022013187408447266
186091,normal,2235,0,1782360843.8974159,0.0018477439880371094
186092,normal,2440,0,1782360843.8993688,0.0019528865814208984
186093,normal,3457,0,1782360843.9015708,0.0022020339965820312
186094,normal,1509,0,1782360843.9034166,0.0018458366394042969
186095,normal,1782,0,1782360843.9053726,0.0019559860229492188
186096,normal,2357,0,1782360843.9075735,0.0022008419036865234
186097,normal,1958,0,1782360843.9094155,0.0018420219421386719
186098,normal,2370,0,1782360843.9113653,0.0019497871398925781
186099,normal,3450,0,1782360843.913602,0.0022368431091308594
186100,normal,2722,0,1782360843.9154096,0.0018074512481689453
186101,normal,337,0,1782360843.9173663,0.0019567012786865234
186102,normal,1568,0,1782360843.9196029,0.002236604690551758
186103,normal,289,0,1782360843.9214127,0.001809835433959961
186104,normal,2909,0,1782360843.923372,0.0019593238830566406
186105,normal,2394,0,1782360843.9256096,0.002237558364868164
186106,normal,2172,0,1782360843.927415,0.0018053054809570312
186107,normal,1505,0,1782360843.9293659,0.001950979232788086
186108,normal,2062,0,1782360843.931609,0.0022430419921875
186109,normal,1300,0,1782360843.9334114,0.0018024444580078125
186110,normal,2519,0,1782360843.9353669,0.0019555091857910156
186111,normal,300,0,1782360843.93761,0.0022430419921875
186112,normal,1329,1,1782360843.9394178,0.0018079280853271484
186113,normal,3622,0,1782360843.9413652,0.0019474029541015625
186114,normal,3390,1,1782360843.9436166,0.0022513866424560547
186115,normal,1128,0,1782360843.9454064,0.0017898082733154297
186116,normal,3122,1,1782360843.947365,0.001958608627319336
186117,normal,3188,1,1782360843.9496145,0.002249479293823242
186118,normal,1955,0,1782360843.9514072,0.0017926692962646484
186119,normal,1855,0,1782360843.9533668,0.001959562301635742
186120,normal,2234,0,1782360843.9556167,0.0022499561309814453
186121,normal,777,2,1782360843.9573672,0.0017504692077636719
186122,normal,670,0,1782360843.9593606,0.001993417739868164
186123,normal,1078,0,1782360843.9616203,0.0022597312927246094
186124,normal,2692,0,1782360843.963413,0.0017926692962646484
186125,normal,2193,0,1782360843.9653647,0.0019516944885253906
186126,normal,1769,0,1782360843.9676306,0.00226593017578125
186127,normal,3053,1,1782360843.9694076,0.0017769336700439453
186128,normal,283,0,1782360843.9713652,0.0019576549530029297
186129,normal,178,0,1782360843.973645,0.0022797584533691406
186130,normal,2991,0,1782360843.9754045,0.0017595291137695312
186131,normal,1133,0,1782360843.9773645,0.0019600391387939453
186132,normal,1418,0,1782360843.9796267,0.002262115478515625
186133,normal,2252,0,1782360843.9814093,0.0017826557159423828
186134,normal,2687,0,1782360843.9833658,0.001956462860107422
186135,normal,1982,0,1782360843.985628,0.002262115478515625
186136,normal,2129,0,1782360843.98741,0.0017821788787841797
186137,normal,1313,0,1782360843.9893634,0.0019533634185791016
186138,normal,2162,0,1782360843.9916308,0.0022673606872558594
186139,normal,2861,0,1782360843.9934068,0.001775979995727539
186140,normal,1288,0,1782360843.9953668,0.0019600391387939453
186141,normal,2732,0,1782360843.9976356,0.0022687911987304688
186142,normal,1450,0,1782360843.9994013,0.0017657279968261719
186143,normal,3387,1,1782360844.0013943,0.001992940902709961
186144,normal,3534,0,1782360844.003639,0.002244710922241211
186145,normal,1949,0,1782360844.0054028,0.0017638206481933594
186146,normal,3019,0,1782360844.007364,0.001961231231689453
186147,normal,1581,0,1782360844.00964,0.0022759437561035156
186148,normal,3493,0,1782360844.0114088,0.0017688274383544922
186149,normal,3314,1,1782360844.013364,0.001955270767211914
186150,normal,2111,0,1782360844.0153637,0.0019996166229248047
186151,normal,761,0,1782360844.017522,0.0021584033966064453
186152,normal,1639,0,1782360844.0193653,0.0018432140350341797
186153,normal,2528,0,1782360844.0215237,0.0021584033966064453
186154,normal,2703,0,1782360844.0234125,0.0018887519836425781
186155,normal,1714,0,1782360844.025366,0.001953601837158203
186156,normal,1510,0,1782360844.0275252,0.00215911865234375
186157,normal,1173,0,1782360844.0294125,0.0018873214721679688
186158,normal,2685,0,1782360844.0313654,0.0019528865814208984
186159,normal,2254,0,1782360844.0335288,0.002163410186767578
186160,normal,321,0,1782360844.0354133,0.00188446044921875
186161,normal,2574,0,1782360844.0373633,0.0019500255584716797
186162,normal,2610,0,1782360844.0396225,0.0022592544555664062
186163,normal,2876,0,1782360844.041416,0.0017933845520019531
186164,normal,2684,0,1782360844.043364,0.0019481182098388672
186165,normal,2399,0,1782360844.0455344,0.0021703243255615234
186166,normal,438,0,1782360844.0474102,0.0018758773803710938
186167,normal,1268,0,1782360844.0493627,0.0019524097442626953
186168,normal,98,0,1782360844.0515354,0.002172708511352539
186169,normal,1900,0,1782360844.0534263,0.0018908977508544922
186170,normal,404,0,1782360844.0553637,0.0019373893737792969
186171,normal,3439,0,1782360844.0575383,0.0021746158599853516
186172,normal,3088,1,1782360844.0593703,0.0018320083618164062
186173,normal,1749,0,1782360844.0615208,0.0021505355834960938
186174,normal,576,0,1782360844.0633824,0.001861572265625
186175,normal,2803,0,1782360844.0655205,0.0021381378173828125
186176,normal,1913,0,1782360844.0673625,0.0018420219421386719
186177,normal,2500,0,1782360844.069542,0.002179384231567383
186178,normal,3311,1,1782360844.071418,0.0018761157989501953
186179,normal,613,0,1782360844.0733654,0.0019474029541015625
186180,normal,3100,1,1782360844.0755444,0.0021789073944091797
186181,normal,711,0,1782360844.0774264,0.0018820762634277344
186182,normal,2926,0,1782360844.079375,0.0019485950469970703
186183,normal,857,2,1782360844.0813909,0.002015829086303711
186184,normal,233,0,1782360844.0835187,0.0021278858184814453
186185,normal,2720,0,1782360844.0853643,0.0018455982208251953
186186,normal,245,0,1782360844.0875509,0.0021865367889404297
186187,normal,3123,1,1782360844.0894103,0.001859426498413086
186188,normal,1588,0,1782360844.0913668,0.001956462860107422
186189,normal,3026,0,1782360844.0935524,0.0021855831146240234
186190,normal,1973,0,1782360844.0954854,0.0019330978393554688
186191,normal,38,0,1782360844.0973547,0.00186920166015625
186192,normal,2390,0,1782360844.0995994,0.002244710922241211
186193,normal,1997,0,1782360844.1014242,0.0018248558044433594
186194,normal,2101,0,1782360844.1033654,0.0019412040710449219
186195,normal,2697,0,1782360844.1055574,0.0021920204162597656
186196,normal,3127,1,1782360844.1074197,0.0018622875213623047
186197,normal,380,0,1782360844.1093643,0.0019445419311523438
186198,normal,525,0,1782360844.1115594,0.002195119857788086
186199,normal,311,0,1782360844.1134205,0.0018610954284667969
186200,normal,408,0,1782360844.1153646,0.0019440650939941406
186201,normal,1744,0,1782360844.1177359,0.0023713111877441406
186202,normal,239,0,1782360844.1193905,0.0016546249389648438
186203,normal,1170,0,1782360844.1213667,0.0019762516021728516
186204,normal,2549,0,1782360844.123507,0.0021402835845947266
186205,normal,45,0,1782360844.125412,0.0019049644470214844
186206,normal,1160,0,1782360844.127366,0.0019540786743164062
186207,normal,315,0,1782360844.129566,0.002199888229370117
186208,normal,1699,0,1782360844.1314073,0.0018413066864013672
186209,normal,1047,0,1782360844.133365,0.0019576549530029297
186210,normal,1061,0,1782360844.1355686,0.002203702926635742
186211,normal,3101,1,1782360844.137411,0.001842498779296875
186212,normal,681,0,1782360844.1393669,0.001955747604370117
186213,normal,771,0,1782360844.141571,0.0022041797637939453
186214,normal,200,0,1782360844.1434095,0.0018384456634521484
186215,normal,724,0,1782360844.145365,0.0019555091857910156
186216,normal,3661,0,1782360844.1475732,0.002208232879638672
186217,normal,2790,0,1782360844.1494107,0.0018374919891357422
186218,normal,877,2,1782360844.1513677,0.001956939697265625
186219,normal,2976,0,1782360844.1535993,0.002231597900390625
186220,normal,1348,1,1782360844.155405,0.0018057823181152344
186221,normal,3472,0,1782360844.1573718,0.001966714859008789
186222,normal,1353,1,1782360844.1596029,0.002231121063232422
186223,normal,2810,0,1782360844.1614068,0.0018038749694824219
186224,normal,1597,0,1782360844.1633658,0.001959085464477539
186225,normal,1561,0,1782360844.1656058,0.0022399425506591797
186226,normal,154,0,1782360844.1674004,0.001794576644897461
186227,normal,279,0,1782360844.169368,0.0019676685333251953
186228,normal,3131,1,1782360844.171609,0.002240896224975586
186229,normal,2672,0,1782360844.1733983,0.0017893314361572266
186230,normal,944,2,1782360844.175363,0.0019648075103759766
186231,normal,2981,0,1782360844.177611,0.002248048782348633
186232,normal,924,2,1782360844.1794004,0.0017893314361572266
186233,normal,1233,0,1782360844.1813738,0.001973390579223633
186234,normal,3417,0,1782360844.1836128,0.0022389888763427734
186235,normal,2106,0,1782360844.1853962,0.0017833709716796875
186236,normal,2085,0,1782360844.1873744,0.001978158950805664
186237,normal,2902,0,1782360844.1896179,0.002243518829345703
186238,normal,1385,0,1782360844.1913984,0.0017805099487304688
186239,normal,397,0,1782360844.1933646,0.001966238021850586
186240,normal,1042,0,1782360844.195621,0.0022563934326171875
186241,normal,3409,0,1782360844.1975424,0.0019214153289794922
186242,normal,157,0,1782360844.1993647,0.0018222332000732422
186243,normal,2144,0,1782360844.2016137,0.002249002456665039
186244,normal,1653,0,1782360844.2034175,0.0018038749694824219
186245,normal,864,2,1782360844.2053664,0.0019488334655761719
186246,normal,2418,0,1782360844.2076218,0.0022554397583007812
186247,normal,1263,0,1782360844.2093928,0.0017709732055664062
186248,normal,1469,0,1782360844.2113652,0.0019724369049072266
186249,normal,1131,0,1782360844.2136264,0.0022611618041992188
186250,normal,2432,0,1782360844.2157686,0.002142190933227539
186251,normal,720,0,1782360844.2174115,0.0016429424285888672
186252,normal,1719,0,1782360844.2196417,0.0022301673889160156
186253,normal,2119,0,1782360844.2217543,0.0021126270294189453
186254,normal,3317,1,1782360844.2234173,0.0016629695892333984
186255,normal,530,0,1782360844.2257082,0.002290964126586914
186256,normal,2953,0,1782360844.2274995,0.001791238784790039
186257,normal,326,0,1782360844.2293572,0.001857757568359375
186258,normal,2064,0,1782360844.2316346,0.002277374267578125
186259,normal,1151,0,1782360844.2333975,0.0017628669738769531
186260,normal,117,0,1782360844.2353733,0.0019757747650146484
186261,normal,2899,0,1782360844.2376356,0.0022623538970947266
186262,normal,916,2,1782360844.2393923,0.0017566680908203125
186263,normal,804,2,1782360844.2413647,0.0019724369049072266
186264,normal,1893,0,1782360844.2436385,0.0022737979888916016
186265,normal,2386,0,1782360844.2454007,0.0017621517181396484
186266,normal,3638,0,1782360844.247366,0.0019652843475341797
186267,normal,741,0,1782360844.2496462,0.0022802352905273438
186268,normal,50,0,1782360844.2513838,0.0017375946044921875
186269,normal,3404,0,1782360844.2535157,0.002131938934326172
186270,normal,1326,1,1782360844.255366,0.0018503665924072266
186271,normal,1739,0,1782360844.257519,0.0021529197692871094
186272,normal,2027,0,1782360844.2593648,0.0018458366394042969
186273,normal,1974,0,1782360844.2615237,0.0021588802337646484
186274,normal,704,0,1782360844.263392,0.0018682479858398438
186275,normal,3190,1,1782360844.2653685,0.001976490020751953
186276,normal,3360,1,1782360844.2675278,0.0021593570709228516
186277,normal,1774,0,1782360844.2693925,0.0018646717071533203
186278,normal,3625,0,1782360844.2713664,0.001973867416381836
186279,normal,2015,0,1782360844.2735293,0.002162933349609375
186280,normal,2274,0,1782360844.2753868,0.0018575191497802734
186281,normal,195,0,1782360844.2773669,0.0019800662994384766
186282,normal,1235,0,1782360844.2795312,0.0021643638610839844
186283,normal,3150,1,1782360844.281389,0.001857757568359375
186284,normal,1421,0,1782360844.2835228,0.0021338462829589844
186285,normal,1342,1,1782360844.2853763,0.0018534660339355469
186286,normal,3081,1,1782360844.2875178,0.0021414756774902344
186287,normal,844,2,1782360844.2893655,0.0018477439880371094
186288,normal,3636,0,1782360844.2915351,0.0021696090698242188
186289,normal,1963,0,1782360844.2934,0.0018649101257324219
186290,normal,1843,0,1782360844.2953644,0.0019643306732177734
186291,normal,2461,0,1782360844.2975388,0.00217437744140625
186292,normal,3020,0,1782360844.2994032,0.0018644332885742188
186293,normal,3567,0,1782360844.3013632,0.0019600391387939453
186294,normal,2944,0,1782360844.3035412,0.0021779537200927734
186295,normal,1779,0,1782360844.305401,0.001859903335571289
186296,normal,3608,0,1782360844.3073726,0.0019714832305908203
186297,normal,3293,1,1782360844.3095455,0.0021729469299316406
186298,normal,2188,0,1782360844.3114004,0.0018548965454101562
186299,normal,1831,0,1782360844.313372,0.0019714832305908203
186300,normal,2003,0,1782360844.315546,0.0021741390228271484
186301,normal,1587,0,1782360844.3174102,0.0018641948699951172
186302,normal,1512,0,1782360844.319363,0.0019528865814208984
186303,normal,2229,0,1782360844.3216178,0.0022547245025634766
186304,normal,2788,0,1782360844.323386,0.0017681121826171875
186305,normal,2189,0,1782360844.3253665,0.0019805431365966797
186306,normal,3621,0,1782360844.327394,0.0020275115966796875
186307,normal,611,0,1782360844.3295188,0.002124786376953125
186308,normal,1658,0,1782360844.3313656,0.0018467903137207031
186309,normal,42,0,1782360844.3335533,0.0021877288818359375
186310,normal,496,0,1782360844.3354073,0.00185394287109375
186311,normal,1679,0,1782360844.3373659,0.001958608627319336
186312,normal,1479,0,1782360844.3395555,0.00218963623046875
186313,normal,1463,0,1782360844.3414145,0.0018589496612548828
186314,normal,2155,0,1782360844.343367,0.0019526481628417969
186315,normal,3558,0,1782360844.345527,0.0021598339080810547
186316,normal,378,0,1782360844.3481493,0.002622365951538086
186317,normal,3583,0,1782360844.3494136,0.001264333724975586
186318,normal,313,0,1782360844.3517988,0.0023851394653320312
186319,normal,1206,0,1782360844.353413,0.0016143321990966797
186320,normal,2630,0,1782360844.3557432,0.0023300647735595703
186321,normal,1703,0,1782360844.3575082,0.0017650127410888672
186322,normal,911,2,1782360844.3594193,0.001911163330078125
186323,normal,778,2,1782360844.3617392,0.002319812774658203
186324,normal,3487,0,1782360844.3635356,0.0017964839935302734
186325,normal,2427,0,1782360844.3655574,0.00202178955078125
186326,normal,1090,0,1782360844.3677409,0.0021834373474121094
186327,normal,2726,0,1782360844.3694339,0.0016930103302001953
186328,normal,987,2,1782360844.3717787,0.002344846725463867
186329,normal,1439,0,1782360844.3734288,0.001650094985961914
186330,normal,1278,0,1782360844.3757498,0.002321004867553711
186331,normal,309,0,1782360844.3774264,0.0016765594482421875
186332,normal,584,0,1782360844.3795443,0.0021178722381591797
186333,normal,2191,0,1782360844.3817554,0.0022110939025878906
186334,normal,792,2,1782360844.3834348,0.0016794204711914062
186335,normal,392,0,1782360844.3855426,0.002107858657836914
186336,normal,2781,0,1782360844.3878767,0.002334117889404297
186337,normal,655,0,1782360844.3894815,0.0016047954559326172
186338,normal,935,2,1782360844.3915572,0.002075672149658203
186339,normal,3247,1,1782360844.3937607,0.0022034645080566406
186340,normal,2604,0,1782360844.3955219,0.0017611980438232422
186341,normal,136,0,1782360844.3975458,0.002023935317993164
186342,normal,2032,0,1782360844.399758,0.0022122859954833984
186343,normal,423,0,1782360844.401441,0.0016829967498779297
186344,normal,3394,1,1782360844.4035606,0.0021195411682128906
186345,normal,609,0,1782360844.4055579,0.001997232437133789
186346,normal,2707,0,1782360844.407565,0.0020072460174560547
186347,normal,3631,0,1782360844.409541,0.0019757747650146484
186348,normal,730,0,1782360844.411434,0.0018930435180664062
186349,normal,5,0,1782360844.4137483,0.002314329147338867
186350,normal,590,0,1782360844.4154172,0.0016689300537109375
186351,normal,1444,0,1782360844.4177654,0.002348184585571289
186352,normal,1277,0,1782360844.4195182,0.0017528533935546875
186353,normal,1898,0,1782360844.4215453,0.0020270347595214844
186354,normal,1496,0,1782360844.4237714,0.002226114273071289
186355,normal,3537,0,1782360844.4256136,0.0018422603607177734
186356,normal,3309,1,1782360844.427543,0.0019292831420898438
186357,normal,1753,0,1782360844.4298353,0.0022923946380615234
186358,normal,1197,0,1782360844.4314654,0.0016300678253173828
186359,normal,1511,0,1782360844.4337647,0.0022993087768554688
186360,normal,763,0,1782360844.4355676,0.0018029212951660156
186361,normal,1424,0,1782360844.4375746,0.002007007598876953
186362,normal,2979,0,1782360844.4395466,0.0019719600677490234
186363,normal,1751,0,1782360844.4418519,0.002305269241333008
186364,normal,1391,0,1782360844.4435217,0.0016698837280273438
186365,normal,3084,1,1782360844.4455516,0.002029895782470703
186366,normal,3240,1,1782360844.4477627,0.0022110939025878906
186367,normal,3291,1,1782360844.4494886,0.001725912094116211
186368,normal,1873,0,1782360844.4515557,0.002067089080810547
186369,normal,1136,0,1782360844.4537919,0.0022361278533935547
186370,normal,112,0,1782360844.4554193,0.0016274452209472656
186371,normal,1339,1,1782360844.4577646,0.0023453235626220703
186372,normal,1705,0,1782360844.4595523,0.0017876625061035156
186373,normal,1617,0,1782360844.4615674,0.0020151138305664062
186374,normal,2619,0,1782360844.4635475,0.0019800662994384766
186375,normal,2613,0,1782360844.4655967,0.0020492076873779297
186376,normal,2404,0,1782360844.4675744,0.001977682113647461
186377,normal,407,0,1782360844.4695609,0.0019865036010742188
186378,normal,2120,0,1782360844.4716015,0.0020406246185302734
186379,normal,1240,0,1782360844.4735725,0.001971006393432617
186380,normal,964,2,1782360844.475551,0.0019783973693847656
186381,normal,2559,0,1782360844.4776053,0.002054452896118164
186382,normal,796,2,1782360844.4795268,0.0019214153289794922
186383,normal,440,0,1782360844.4815094,0.0019826889038085938
186384,normal,593,0,1782360844.4835503,0.002040863037109375
186385,normal,2705,0,1782360844.4855099,0.001959562301635742
186386,normal,1990,0,1782360844.4875062,0.001996278762817383
186387,normal,3210,1,1782360844.4895527,0.0020465850830078125
186388,normal,91,0,1782360844.491473,0.0019202232360839844
186389,normal,1727,0,1782360844.493511,0.0020380020141601562
186390,normal,354,0,1782360844.4955127,0.0020017623901367188
186391,normal,281,0,1782360844.497407,0.001894235610961914
186392,normal,3682,0,1782360844.4995131,0.002106189727783203
186393,normal,3584,0,1782360844.501559,0.002045869827270508
186394,normal,2890,0,1782360844.5033875,0.0018284320831298828
186395,normal,1670,0,1782360844.5054884,0.0021009445190429688
186396,normal,362,0,1782360844.5076325,0.0021440982818603516
186397,normal,3427,0,1782360844.5095143,0.0018818378448486328
186398,normal,3350,1,1782360844.511551,0.002036571502685547
186399,normal,2389,0,1782360844.5138075,0.002256631851196289
186400,normal,2621,0,1782360844.51551,0.0017025470733642578
186401,normal,765,0,1782360844.5175474,0.0020372867584228516
186402,normal,1757,0,1782360844.519818,0.0022706985473632812
186403,normal,634,0,1782360844.5215375,0.0017194747924804688
186404,normal,1541,0,1782360844.5235507,0.0020132064819335938
186405,normal,1258,0,1782360844.5257623,0.0022115707397460938
186406,normal,1192,0,1782360844.5274234,0.001661062240600586
186407,normal,113,0,1782360844.5297675,0.0023441314697265625
186408,normal,1651,0,1782360844.5315537,0.0017862319946289062
186409,normal,4,0,1782360844.533573,0.002019166946411133
186410,normal,1981,0,1782360844.5355513,0.0019783973693847656
186411,normal,2796,0,1782360844.5378213,0.0022699832916259766
186412,normal,2164,0,1782360844.5395365,0.0017151832580566406
186413,normal,755,0,1782360844.5415537,0.0020172595977783203
186414,normal,1129,0,1782360844.543758,0.0022041797637939453
186415,normal,2335,0,1782360844.5454814,0.0017235279083251953
186416,normal,1916,0,1782360844.5475621,0.002080678939819336
186417,normal,3165,1,1782360844.5498385,0.0022764205932617188
186418,normal,2780,0,1782360844.5515385,0.0016999244689941406
186419,normal,3606,0,1782360844.5535512,0.0020127296447753906
186420,normal,1535,0,1782360844.5557666,0.0022153854370117188
186421,normal,548,0,1782360844.5574179,0.0016512870788574219
186422,normal,3230,1,1782360844.5597618,0.002343893051147461
186423,normal,1920,0,1782360844.5616372,0.0018754005432128906
186424,normal,2779,0,1782360844.5636063,0.0019690990447998047
186425,normal,2523,0,1782360844.5655508,0.0019445419311523438
186426,normal,903,2,1782360844.567832,0.00228118896484375
186427,normal,1401,0,1782360844.5695426,0.001710653305053711
186428,normal,3343,1,1782360844.571547,0.002004384994506836
186429,normal,2620,0,1782360844.5737693,0.002222299575805664
186430,normal,2157,0,1782360844.5754178,0.0016484260559082031
186431,normal,2591,0,1782360844.577763,0.0023453235626220703
186432,normal,2999,0,1782360844.579552,0.0017888545989990234
186433,normal,3695,0,1782360844.5815723,0.0020203590393066406
186434,normal,791,2,1782360844.5835433,0.001971006393432617
186435,normal,1507,0,1782360844.5857723,0.002228975296020508
186436,normal,2055,0,1782360844.5874186,0.001646280288696289
186437,normal,3596,0,1782360844.5897608,0.00234222412109375
186438,normal,1886,0,1782360844.5916483,0.0018875598907470703
186439,normal,717,0,1782360844.5935678,0.0019195079803466797
186440,normal,1274,0,1782360844.59555,0.0019822120666503906
186441,normal,373,0,1782360844.5977683,0.0022182464599609375
186442,normal,490,0,1782360844.5994709,0.0017025470733642578
186443,normal,331,0,1782360844.6015437,0.0020728111267089844
186444,normal,2447,0,1782360844.6037345,0.002190828323364258
186445,normal,3480,0,1782360844.6053948,0.0016603469848632812
186446,normal,3126,1,1782360844.6077707,0.0023758411407470703
186447,normal,2983,0,1782360844.6094792,0.0017085075378417969
186448,normal,1308,0,1782360844.6114347,0.0019555091857910156
186449,normal,594,0,1782360844.613555,0.0021202564239501953
186450,normal,1841,0,1782360844.6154356,0.001880645751953125
186451,normal,992,2,1782360844.6174257,0.001990079879760742
186452,normal,918,2,1782360844.6195421,0.0021164417266845703
186453,normal,745,0,1782360844.6216521,0.002110004425048828
186454,normal,2758,0,1782360844.623608,0.0019559860229492188
186455,normal,1583,0,1782360844.6254551,0.0018470287322998047
186456,normal,1872,0,1782360844.627558,0.0021028518676757812
186457,normal,3219,1,1782360844.6294615,0.001903533935546875
186458,normal,1243,0,1782360844.6314406,0.0019791126251220703
186459,normal,3512,0,1782360844.6337676,0.00232696533203125
186460,normal,106,0,1782360844.6354196,0.0016520023345947266
186461,normal,1010,2,1782360844.637767,0.0023474693298339844
186462,normal,1221,0,1782360844.6395557,0.0017886161804199219
186463,normal,3160,1,1782360844.6415741,0.002018451690673828
186464,normal,223,0,1782360844.6435504,0.0019762516021728516
186465,normal,2701,0,1782360844.645762,0.0022115707397460938
186466,normal,770,0,1782360844.6474166,0.0016546249389648438
186467,normal,1545,0,1782360844.6497607,0.0023441314697265625
186468,normal,425,0,1782360844.6515656,0.0018048286437988281
186469,normal,1098,0,1782360844.6535745,0.0020089149475097656
186470,normal,3048,1,1782360844.6555505,0.00197601318359375
186471,normal,3,0,1782360844.6577785,0.0022280216217041016
186472,normal,275,0,1782360844.659417,0.0016384124755859375
186473,normal,2588,0,1782360844.6617565,0.002339601516723633
186474,normal,1577,0,1782360844.663568,0.0018115043640136719
186475,normal,3672,0,1782360844.665442,0.0018739700317382812
186476,normal,2300,0,1782360844.6675494,0.002107381820678711
186477,normal,258,0,1782360844.6697636,0.002214193344116211
186478,normal,1393,0,1782360844.6714168,0.0016531944274902344
186479,normal,2558,0,1782360844.6737645,0.002347707748413086
186480,normal,1976,0,1782360844.6755571,0.0017926692962646484
186481,normal,3158,1,1782360844.6775723,0.0020151138305664062
186482,normal,2353,0,1782360844.6795502,0.0019779205322265625
186483,normal,3488,0,1782360844.6817765,0.0022263526916503906
186484,normal,1678,0,1782360844.683463,0.0016865730285644531
186485,normal,1504,0,1782360844.6855488,0.0020856857299804688
186486,normal,1053,0,1782360844.6877568,0.0022079944610595703
186487,normal,3615,0,1782360844.689418,0.0016613006591796875
186488,normal,526,0,1782360844.6917703,0.0023522377014160156
186489,normal,1075,0,1782360844.6935923,0.0018219947814941406
186490,normal,3059,1,1782360844.6955733,0.001981019973754883
186491,normal,3316,1,1782360844.6975727,0.001999378204345703
186492,normal,829,2,1782360844.69979,0.0022172927856445312
186493,normal,544,0,1782360844.7014194,0.0016293525695800781
186494,normal,1495,0,1782360844.7037802,0.002360820770263672
186495,normal,3478,0,1782360844.7055516,0.0017714500427246094
186496,normal,850,2,1782360844.7075698,0.0020182132720947266
186497,normal,1792,0,1782360844.7095504,0.0019805431365966797
186498,normal,376,0,1782360844.7117627,0.0022122859954833984
186499,normal,2149,0,1782360844.7134168,0.0016541481018066406
186500,normal,2674,0,1782360844.715769,0.0023522377014160156
186501,normal,1520,0,1782360844.7176027,0.0018336772918701172
186502,normal,1395,0,1782360844.719571,0.0019683837890625
186503,normal,47,0,1782360844.7215495,0.0019783973693847656
186504,normal,2819,0,1782360844.7238023,0.002252817153930664
186505,normal,2170,0,1782360844.7254183,0.0016160011291503906
186506,normal,3248,1,1782360844.7277632,0.002344846725463867
186507,normal,2508,0,1782360844.7296083,0.0018451213836669922
186508,normal,139,0,1782360844.7315733,0.001965045928955078
186509,normal,561,0,1782360844.733549,0.0019757747650146484
186510,normal,3045,1,1782360844.7358065,0.0022573471069335938
186511,normal,617,0,1782360844.7375677,0.0017611980438232422
186512,normal,1626,0,1782360844.7395513,0.001983642578125
186513,normal,1481,0,1782360844.7417712,0.0022199153900146484
186514,normal,3515,0,1782360844.7434173,0.0016460418701171875
186515,normal,1690,0,1782360844.7457507,0.002333402633666992
186516,normal,2169,0,1782360844.7476149,0.0018641948699951172
186517,normal,1487,0,1782360844.749568,0.001953125
186518,normal,2042,0,1782360844.7515447,0.0019767284393310547
186519,normal,2811,0,1782360844.7537808,0.0022361278533935547
186520,normal,2787,0,1782360844.7554166,0.0016357898712158203
186521,normal,3137,1,1782360844.7577584,0.002341747283935547
186522,normal,1559,0,1782360844.759619,0.0018606185913085938
186523,normal,986,2,1782360844.7615654,0.0019464492797851562
186524,normal,1802,0,1782360844.7635436,0.001978158950805664
186525,normal,3491,0,1782360844.7657468,0.002203226089477539
186526,normal,1012,2,1782360844.7674177,0.00167083740234375
186527,normal,2218,0,1782360844.7697554,0.0023376941680908203
186528,normal,2462,0,1782360844.7716248,0.0018694400787353516
186529,normal,2612,0,1782360844.7735722,0.0019474029541015625
186530,normal,267,0,1782360844.7755342,0.001961946487426758
186531,normal,100,0,1782360844.7777584,0.0022242069244384766
186532,normal,1417,0,1782360844.7795105,0.0017521381378173828
186533,normal,3183,1,1782360844.781554,0.002043485641479492
186534,normal,1856,0,1782360844.783822,0.002268075942993164
186535,normal,2990,0,1782360844.785543,0.0017209053039550781
186536,normal,3708,0,1782360844.787546,0.0020029544830322266
186537,normal,77,0,1782360844.789762,0.0022161006927490234
186538,normal,2066,0,1782360844.7914164,0.0016543865203857422
186539,normal,1106,0,1782360844.7937622,0.0023458003997802734
186540,normal,2609,0,1782360844.795555,0.00179290771484375
186541,normal,190,0,1782360844.7975695,0.0020143985748291016
186542,normal,1655,0,1782360844.7995424,0.0019729137420654297
186543,normal,840,2,1782360844.8016474,0.0021049976348876953
186544,normal,164,0,1782360844.8035011,0.0018537044525146484
186545,normal,2743,0,1782360844.8055449,0.0020437240600585938
186546,normal,2264,0,1782360844.807762,0.0022170543670654297
186547,normal,3206,1,1782360844.8094168,0.0016548633575439453
186548,normal,3581,0,1782360844.8117483,0.0023314952850341797
186549,normal,3241,1,1782360844.8136394,0.0018911361694335938
186550,normal,2133,0,1782360844.8155699,0.0019304752349853516
186551,normal,1327,1,1782360844.8175588,0.0019888877868652344
186552,normal,1373,1,1782360844.8197641,0.002205371856689453
186553,normal,906,2,1782360844.821517,0.0017528533935546875
186554,normal,3090,1,1782360844.8239472,0.0024302005767822266
186555,normal,3321,1,1782360844.8256953,0.0017480850219726562
186556,normal,2107,0,1782360844.8275661,0.001870870590209961
186557,normal,1145,0,1782360844.8295376,0.0019714832305908203
186558,normal,2397,0,1782360844.8317573,0.002219676971435547
186559,normal,1431,0,1782360844.8334155,0.0016582012176513672
186560,normal,348,0,1782360844.835762,0.002346515655517578
186561,normal,3586,0,1782360844.8375382,0.0017762184143066406
186562,normal,532,0,1782360844.8395698,0.002031564712524414
186563,normal,107,0,1782360844.8415427,0.0019729137420654297
186564,normal,1631,0,1782360844.8437614,0.0022187232971191406
186565,normal,1627,0,1782360844.8454149,0.001653432846069336
186566,normal,1299,0,1782360844.8477564,0.0023415088653564453
186567,normal,2349,0,1782360844.8495455,0.001789093017578125
186568,normal,1865,0,1782360844.8515701,0.0020246505737304688
186569,normal,1885,0,1782360844.8535426,0.0019724369049072266
186570,normal,1493,0,1782360844.8555512,0.002008676528930664
186571,normal,471,0,1782360844.8574135,0.0018622875213623047
186572,normal,2309,0,1782360844.8597753,0.002361774444580078
186573,normal,646,0,1782360844.8616495,0.0018742084503173828
186574,normal,118,0,1782360844.8635683,0.001918792724609375
186575,normal,1149,0,1782360844.8655462,0.0019779205322265625
186576,normal,1483,0,1782360844.867762,0.002215862274169922
186577,normal,1663,0,1782360844.8695116,0.0017495155334472656
186578,normal,2257,0,1782360844.8715448,0.002033233642578125
186579,normal,2040,0,1782360844.8735998,0.002054929733276367
186580,normal,1365,1,1782360844.875417,0.0018172264099121094
186581,normal,3093,1,1782360844.877544,0.002126932144165039
186582,normal,2505,0,1782360844.8795564,0.002012491226196289
186583,normal,312,0,1782360844.881572,0.0020155906677246094
186584,normal,186,0,1782360844.8835387,0.001966714859008789
186585,normal,57,0,1782360844.8855574,0.0020186901092529297
186586,normal,2952,0,1782360844.8874173,0.001859903335571289
186587,normal,1343,1,1782360844.8895442,0.002126932144165039
186588,normal,1756,0,1782360844.8914256,0.0018813610076904297
186589,normal,3560,0,1782360844.8936324,0.0022068023681640625
186590,normal,1037,0,1782360844.8954444,0.001811981201171875
186591,normal,3628,0,1782360844.8981102,0.0026657581329345703
186592,normal,3540,0,1782360844.899296,0.0011858940124511719
186593,normal,356,0,1782360844.9013686,0.002072572708129883
186594,normal,2365,0,1782360844.9033256,0.001956939697265625
186595,normal,2369,0,1782360844.9053988,0.0020732879638671875
186596,normal,2949,0,1782360844.907302,0.0019030570983886719
186597,normal,1515,0,1782360844.9094534,0.0021514892578125
186598,normal,483,0,1782360844.9113677,0.0019142627716064453
186599,normal,3070,1,1782360844.9133377,0.001970052719116211
186600,normal,3277,1,1782360844.9154253,0.0020875930786132812
186601,normal,2118,0,1782360844.9176486,0.0022232532501220703
186602,normal,2429,0,1782360844.9193134,0.001664876937866211
186603,normal,659,0,1782360844.9213548,0.002041339874267578
186604,normal,405,0,1782360844.9233663,0.002011537551879883
186605,normal,3509,0,1782360844.9253836,0.0020172595977783203
186606,normal,1582,0,1782360844.9274693,0.0020856857299804688
186607,normal,2646,0,1782360844.929468,0.0019986629486083984
186608,normal,2957,0,1782360844.9313822,0.0019142627716064453
186609,normal,2895,0,1782360844.9334679,0.0020856857299804688
186610,normal,1735,0,1782360844.9356132,0.0021452903747558594
186611,normal,2074,0,1782360844.9374826,0.0018694400787353516
186612,normal,1013,2,1782360844.939568,0.002085447311401367
186613,normal,743,0,1782360844.9415169,0.0019488334655761719
186614,normal,205,0,1782360844.9434774,0.0019605159759521484
186615,normal,1396,0,1782360844.9456437,0.002166271209716797
186616,normal,2049,0,1782360844.9475553,0.0019116401672363281
186617,normal,1273,0,1782360844.9494936,0.0019383430480957031
186618,normal,2570,0,1782360844.9516208,0.0021271705627441406
186619,normal,1858,0,1782360844.9534914,0.0018706321716308594
186620,normal,2968,0,1782360844.95595,0.0024585723876953125
186621,normal,3396,1,1782360844.9578545,0.0019044876098632812
186622,normal,2571,0,1782360844.9595551,0.0017006397247314453
186623,normal,3238,1,1782360844.9615605,0.002005338668823242
186624,normal,494,0,1782360844.9634511,0.0018906593322753906
186625,normal,809,2,1782360844.965612,0.002160787582397461
186626,normal,3669,0,1782360844.9675465,0.0019345283508300781
186627,normal,395,0,1782360844.9699702,0.0024237632751464844
186628,normal,1455,0,1782360844.971413,0.0014426708221435547
186629,normal,3624,0,1782360844.973488,0.0020751953125
186630,normal,1291,0,1782360844.9754815,0.001993417739868164
186631,normal,2925,0,1782360844.9773319,0.0018503665924072266
186632,normal,3178,1,1782360844.9794607,0.0021288394927978516
186633,normal,501,0,1782360844.9814026,0.0019419193267822266
186634,normal,3656,0,1782360844.9833927,0.001990079879760742
186635,normal,878,2,1782360844.985378,0.001985311508178711
186636,normal,135,0,1782360844.987512,0.002134084701538086
186637,normal,1477,0,1782360844.98934,0.0018279552459716797
186638,normal,1745,0,1782360844.9914546,0.002114534378051758
186639,normal,3381,1,1782360844.9933348,0.0018801689147949219
186640,normal,308,0,1782360844.9954443,0.002109527587890625
186641,normal,2695,0,1782360844.997333,0.0018887519836425781
186642,normal,2380,0,1782360844.9994755,0.0021424293518066406
186643,normal,3082,1,1782360845.0015728,0.0020973682403564453
186644,normal,3696,0,1782360845.0035956,0.0020227432250976562
186645,normal,2239,0,1782360845.00547,0.0018744468688964844
186646,normal,2977,0,1782360845.0075936,0.002123594284057617
186647,normal,2206,0,1782360845.0095181,0.0019245147705078125
186648,normal,3578,0,1782360845.0115368,0.0020186901092529297
186649,normal,3180,1,1782360845.0134766,0.0019397735595703125
186650,normal,1595,0,1782360845.0155437,0.002067089080810547
186651,normal,2826,0,1782360845.017471,0.0019273757934570312
186652,normal,1525,0,1782360845.0196552,0.002184152603149414
186653,normal,2046,0,1782360845.021395,0.0017397403717041016
186654,normal,2371,0,1782360845.0237498,0.002354860305786133
186655,normal,1664,0,1782360845.0256267,0.0018768310546875
186656,normal,1379,1,1782360845.0275931,0.0019664764404296875
186657,normal,2663,0,1782360845.0294075,0.0018143653869628906
186658,normal,3580,0,1782360845.0316246,0.0022170543670654297
186659,normal,2455,0,1782360845.033631,0.00200653076171875
186660,normal,621,0,1782360845.035339,0.0017080307006835938
186661,normal,2543,0,1782360845.0374074,0.0020682811737060547
186662,normal,34,0,1782360845.0393083,0.0019009113311767578
186663,normal,2250,0,1782360845.0414362,0.0021278858184814453
186664,normal,1584,0,1782360845.0434217,0.0019855499267578125
186665,normal,2314,0,1782360845.0454068,0.0019850730895996094
186666,normal,3151,1,1782360845.0474048,0.0019979476928710938
186667,normal,2425,0,1782360845.0493078,0.0019030570983886719
186668,normal,1765,0,1782360845.0518851,0.0025773048400878906
186669,normal,1804,0,1782360845.0535557,0.0016705989837646484
186670,normal,910,2,1782360845.055507,0.0019512176513671875
186671,normal,3237,1,1782360845.0575514,0.0020444393157958984
186672,normal,3678,0,1782360845.0594637,0.0019123554229736328
186673,normal,359,0,1782360845.0615413,0.0020775794982910156
186674,normal,2070,0,1782360845.0634649,0.0019235610961914062
186675,normal,1162,0,1782360845.0655982,0.0021333694458007812
186676,normal,1960,0,1782360845.0680387,0.0024404525756835938
186677,normal,790,2,1782360845.0693617,0.0013229846954345703
186678,normal,3459,0,1782360845.0715175,0.002155780792236328
186679,normal,1638,0,1782360845.0735524,0.002034902572631836
186680,normal,523,0,1782360845.0754554,0.0019030570983886719
186681,normal,215,0,1782360845.077552,0.0020966529846191406
186682,normal,1084,0,1782360845.0794997,0.001947641372680664
186683,normal,527,0,1782360845.081503,0.002003192901611328
186684,normal,1323,1,1782360845.0834649,0.001961946487426758
186685,normal,144,0,1782360845.0861793,0.002714395523071289
186686,normal,252,0,1782360845.0881257,0.0019464492797851562
186687,normal,3405,0,1782360845.0894372,0.0013115406036376953
186688,normal,2958,0,1782360845.0920649,0.0026276111602783203
186689,normal,2471,0,1782360845.0936313,0.0015664100646972656
186690,normal,2937,0,1782360845.0959833,0.002351999282836914
186691,normal,1138,0,1782360845.097924,0.0019407272338867188
186692,normal,818,2,1782360845.0993977,0.0014736652374267578
186693,normal,3659,0,1782360845.101535,0.002137422561645508
186694,normal,1017,2,1782360845.1035182,0.001983165740966797
186695,normal,2502,0,1782360845.1053514,0.001833200454711914
186696,normal,545,0,1782360845.107564,0.0022125244140625
186697,normal,2515,0,1782360845.1094434,0.0018794536590576172
186698,normal,3598,0,1782360845.111465,0.0020215511322021484
186699,normal,3668,0,1782360845.1135426,0.0020775794982910156
186700,normal,1821,0,1782360845.115548,0.002005338668823242
186701,normal,3172,1,1782360845.117496,0.0019481182098388672
186702,normal,2419,0,1782360845.1196318,0.002135753631591797
186703,normal,150,0,1782360845.1216419,0.0020101070404052734
186704,normal,3296,1,1782360845.1233776,0.001735687255859375
186705,normal,3040,0,1782360845.1256144,0.0022368431091308594
186706,normal,2696,0,1782360845.1276102,0.0019958019256591797
186707,normal,1336,1,1782360845.1295502,0.001940011978149414
186708,normal,1669,0,1782360845.1314704,0.0019202232360839844
186709,normal,624,0,1782360845.1334743,0.002003908157348633
186710,normal,3280,1,1782360845.1354575,0.001983165740966797
186711,normal,1447,0,1782360845.1375575,0.0020999908447265625
186712,normal,1501,0,1782360845.1395419,0.0019843578338623047
186713,normal,61,0,1782360845.1414654,0.0019235610961914062
186714,normal,2975,0,1782360845.1435626,0.0020971298217773438
186715,normal,1150,0,1782360845.1455743,0.0020117759704589844
186716,normal,2452,0,1782360845.1475294,0.0019550323486328125
186717,normal,3653,0,1782360845.1495414,0.002012014389038086
186718,normal,422,0,1782360845.1515348,0.001993417739868164
186719,normal,2037,0,1782360845.153447,0.0019121170043945312
186720,normal,343,0,1782360845.155529,0.0020821094512939453
186721,normal,44,0,1782360845.1575286,0.0019996166229248047
186722,normal,3142,1,1782360845.1594796,0.001950979232788086
186723,normal,468,0,1782360845.161629,0.002149343490600586
186724,normal,2713,0,1782360845.1637223,0.0020933151245117188
186725,normal,1668,0,1782360845.165388,0.0016658306121826172
186726,normal,1517,0,1782360845.1675727,0.002184629440307617
186727,normal,1152,0,1782360845.1695545,0.0019817352294921875
186728,normal,921,2,1782360845.1714442,0.0018897056579589844
186729,normal,1959,0,1782360845.1735187,0.0020744800567626953
186730,normal,1552,0,1782360845.1755059,0.0019872188568115234
186731,normal,1249,0,1782360845.1774676,0.0019617080688476562
186732,normal,846,2,1782360845.179648,0.002180337905883789
186733,normal,2986,0,1782360845.1816566,0.002008676528930664
186734,normal,811,2,1782360845.1836114,0.001954793930053711
186735,normal,2748,0,1782360845.185885,0.0022735595703125
186736,normal,1618,0,1782360845.187471,0.0015859603881835938
186737,normal,3144,1,1782360845.1895072,0.0020363330841064453
186738,normal,454,0,1782360845.1917953,0.0022881031036376953
186739,normal,1506,0,1782360845.1935399,0.0017445087432861328
186740,normal,658,0,1782360845.1954286,0.0018887519836425781
186741,normal,3077,1,1782360845.1975148,0.002086162567138672
186742,normal,1890,0,1782360845.1995015,0.0019867420196533203
186743,normal,3639,0,1782360845.2015934,0.0020918846130371094
186744,normal,375,0,1782360845.2034812,0.0018877983093261719
186745,normal,2148,0,1782360845.2055209,0.002039670944213867
186746,normal,678,0,1782360845.207439,0.0019180774688720703
186747,normal,3034,0,1782360845.2095296,0.0020906925201416016
186748,normal,546,0,1782360845.2117872,0.0022575855255126953
186749,normal,3378,1,1782360845.213855,0.0020678043365478516
186750,normal,417,0,1782360845.2155807,0.0017256736755371094
186751,normal,1488,0,1782360845.2173572,0.0017764568328857422
186752,normal,3670,0,1782360845.2195237,0.0021665096282958984
186753,normal,2537,0,1782360845.2214503,0.0019266605377197266
186754,normal,2279,0,1782360845.2236094,0.00215911865234375
186755,normal,1312,0,1782360845.2255836,0.0019741058349609375
186756,normal,971,2,1782360845.2274342,0.0018506050109863281
186757,normal,498,0,1782360845.2295358,0.0021016597747802734
186758,normal,2671,0,1782360845.2314594,0.0019235610961914062
186759,normal,2317,0,1782360845.2335148,0.0020554065704345703
186760,normal,364,0,1782360845.2357438,0.002228975296020508
186761,normal,2888,0,1782360845.2376266,0.001882791519165039
186762,normal,1636,0,1782360845.2395658,0.0019392967224121094
186763,normal,2373,0,1782360845.2415185,0.0019526481628417969
186764,normal,1684,0,1782360845.2435923,0.0020737648010253906
186765,normal,2873,0,1782360845.2455387,0.0019464492797851562
186766,normal,2857,0,1782360845.2475693,0.002030611038208008
186767,normal,1725,0,1782360845.2498488,0.002279520034790039
186768,normal,2870,0,1782360845.2515085,0.0016596317291259766
186769,normal,2517,0,1782360845.2534876,0.0019791126251220703
186770,normal,3288,1,1782360845.255767,0.002279520034790039
186771,normal,2281,0,1782360845.2576253,0.0018582344055175781
186772,normal,625,0,1782360845.2593634,0.0017380714416503906
186773,normal,87,0,1782360845.2615223,0.0021588802337646484
186774,normal,1120,0,1782360845.2634435,0.0019211769104003906
186775,normal,3025,0,1782360845.2654915,0.002048015594482422
186776,normal,3496,0,1782360845.2674673,0.0019757747650146484
186777,normal,65,0,1782360845.269547,0.0020797252655029297
186778,normal,942,2,1782360845.2713878,0.001840829849243164
186779,normal,1934,0,1782360845.2735672,0.002179384231567383
186780,normal,1400,0,1782360845.275514,0.0019466876983642578
186781,normal,338,0,1782360845.2776437,0.002129793167114258
186782,normal,1555,0,1782360845.2794821,0.0018384456634521484
186783,normal,1938,0,1782360845.2815535,0.002071380615234375
186784,normal,952,2,1782360845.2836142,0.0020606517791748047
186785,normal,2889,0,1782360845.2854357,0.0018215179443359375
186786,normal,1717,0,1782360845.2877307,0.0022950172424316406
186787,normal,2817,0,1782360845.2893927,0.0016620159149169922
186788,normal,1438,0,1782360845.2914624,0.002069711685180664
186789,normal,457,0,1782360845.2935557,0.0020933151245117188
186790,normal,18,0,1782360845.295395,0.0018391609191894531
186791,normal,531,0,1782360845.297547,0.0021522045135498047
186792,normal,3208,1,1782360845.2994635,0.0019164085388183594
186793,normal,1369,1,1782360845.301571,0.002107381820678711
186794,normal,2877,0,1782360845.3036041,0.002033233642578125
186795,normal,2984,0,1782360845.3054495,0.0018453598022460938
186796,normal,1681,0,1782360845.3074958,0.002046346664428711
186797,normal,2449,0,1782360845.3094432,0.0019474029541015625
186798,normal,2241,0,1782360845.3115358,0.002092599868774414
186799,normal,1935,0,1782360845.3133898,0.00185394287109375
186800,normal,3119,1,1782360845.3155591,0.002169370651245117
186801,normal,2303,0,1782360845.3174965,0.0019373893737792969
186802,normal,2391,0,1782360845.3196337,0.0021371841430664062
186803,normal,3600,0,1782360845.3215506,0.0019168853759765625
186804,normal,93,0,1782360845.323552,0.0020012855529785156
186805,normal,751,0,1782360845.3255208,0.001968860626220703
186806,normal,2463,0,1782360845.3275054,0.0019845962524414062
186807,normal,1253,0,1782360845.3295343,0.002028942108154297
186808,normal,614,0,1782360845.3315215,0.0019872188568115234
186809,normal,2094,0,1782360845.3334382,0.001916646957397461
186810,normal,2400,0,1782360845.3356109,0.002172708511352539
186811,normal,2916,0,1782360845.3374903,0.0018794536590576172
186812,normal,1181,0,1782360845.339496,0.0020055770874023438
186813,normal,772,2,1782360845.3417094,0.0022134780883789062
186814,normal,3062,1,1782360845.343647,0.0019376277923583984
186815,normal,463,0,1782360845.3456943,0.002047300338745117
186816,normal,218,0,1782360845.3476977,0.0020034313201904297
186817,normal,1616,0,1782360845.3495934,0.0018956661224365234
186818,normal,3433,0,1782360845.3514204,0.0018270015716552734
186819,normal,3435,0,1782360845.3534312,0.002010822296142578
186820,normal,1225,0,1782360845.3554425,0.0020112991333007812
186821,normal,479,0,1782360845.3573961,0.001953601837158203
186822,normal,2059,0,1782360845.3594596,0.0020635128021240234
186823,normal,2331,0,1782360845.361539,0.0020792484283447266
186824,normal,3130,1,1782360845.3634377,0.0018987655639648438
186825,normal,600,0,1782360845.3655286,0.002090930938720703
186826,normal,570,0,1782360845.3679695,0.002440929412841797
186827,normal,459,0,1782360845.3695104,0.0015408992767333984
186828,normal,2649,0,1782360845.3715436,0.002033233642578125
186829,normal,2260,0,1782360845.373896,0.0023522377014160156
186830,normal,3114,1,1782360845.3753943,0.0014984607696533203
186831,normal,2205,0,1782360845.3775618,0.0021674633026123047
186832,normal,3324,1,1782360845.3795488,0.001986980438232422
186833,normal,1052,0,1782360845.3814569,0.0019080638885498047
186834,normal,1382,0,1782360845.383823,0.0023660659790039062
186835,normal,1,0,1782360845.3853953,0.0015723705291748047
186836,normal,2479,0,1782360845.3875215,0.0021262168884277344
186837,normal,3091,1,1782360845.3894415,0.0019199848175048828
186838,normal,3483,0,1782360845.3915503,0.0021088123321533203
186839,normal,1991,0,1782360845.3934693,0.0019190311431884766
186840,normal,1141,0,1782360845.3955524,0.0020830631256103516
186841,normal,3361,1,1782360845.3975294,0.0019769668579101562
186842,normal,2075,0,1782360845.3994887,0.0019593238830566406
186843,normal,915,2,1782360845.401572,0.002083301544189453
186844,normal,1283,0,1782360845.4035428,0.0019707679748535156
186845,normal,2102,0,1782360845.4058278,0.002285003662109375
186846,normal,3139,1,1782360845.4074807,0.0016529560089111328
186847,normal,742,0,1782360845.4096148,0.002134084701538086
186848,normal,2318,0,1782360845.4116077,0.001992940902709961
186849,normal,3466,0,1782360845.413557,0.001949310302734375
186850,normal,2764,0,1782360845.415357,0.0018000602722167969
186851,normal,2360,0,1782360845.4174485,0.0020914077758789062
186852,normal,2562,0,1782360845.419498,0.0020494461059570312
186853,normal,92,0,1782360845.4216564,0.0021584033966064453
186854,normal,3161,1,1782360845.4235656,0.0019092559814453125
186855,normal,2989,0,1782360845.4256425,0.002076864242553711
186856,normal,3630,0,1782360845.4276338,0.00199127197265625
186857,normal,2864,0,1782360845.4294498,0.0018160343170166016
186858,normal,839,2,1782360845.4317956,0.0023458003997802734
186859,normal,977,2,1782360845.4341161,0.002320528030395508
186860,normal,639,0,1782360845.4355009,0.001384735107421875
186861,normal,447,0,1782360845.437845,0.0023441314697265625
186862,normal,2283,0,1782360845.4394288,0.0015838146209716797
186863,normal,1374,1,1782360845.4416606,0.0022318363189697266
186864,normal,2319,0,1782360845.4435623,0.0019016265869140625
186865,normal,2482,0,1782360845.4459925,0.0024302005767822266
186866,normal,2563,0,1782360845.4474657,0.0014731884002685547
186867,normal,342,0,1782360845.4495604,0.002094745635986328
186868,normal,1115,0,1782360845.45156,0.0019996166229248047
186869,normal,1363,1,1782360845.453471,0.0019109249114990234
186870,normal,1218,0,1782360845.455563,0.002092123031616211
186871,normal,569,0,1782360845.4575489,0.001985788345336914
186872,normal,1799,0,1782360845.4593892,0.001840353012084961
186873,normal,1688,0,1782360845.4615726,0.0021834373474121094
186874,normal,3281,1,1782360845.4636521,0.002079486846923828
186875,normal,871,2,1782360845.465458,0.0018057823181152344
186876,normal,1475,0,1782360845.4675412,0.002083301544189453
186877,normal,3261,1,1782360845.4695342,0.001992940902709961
186878,normal,2061,0,1782360845.4714565,0.0019223690032958984
186879,normal,2792,0,1782360845.4735422,0.0020856857299804688
186880,normal,1785,0,1782360845.475562,0.0020198822021484375
186881,normal,2216,0,1782360845.4775152,0.001953125
186882,normal,1039,0,1782360845.4797673,0.0022521018981933594
186883,normal,1683,0,1782360845.4815369,0.0017695426940917969
186884,normal,3329,1,1782360845.4835126,0.0019757747650146484
186885,normal,1586,0,1782360845.4855216,0.0020089149475097656
186886,normal,1074,0,1782360845.4874895,0.001967906951904297
186887,normal,2767,0,1782360845.4894335,0.0019440650939941406
186888,normal,3064,1,1782360845.4915266,0.002093076705932617
186889,normal,2768,0,1782360845.4936078,0.002081155776977539
186890,normal,387,0,1782360845.4955065,0.0018987655639648438
186891,normal,1564,0,1782360845.4975069,0.0020003318786621094
186892,normal,3386,1,1782360845.499739,0.002232074737548828
186893,normal,1689,0,1782360845.5015526,0.001813650131225586
186894,normal,2378,0,1782360845.5035384,0.001985788345336914
186895,normal,2547,0,1782360845.5054653,0.0019268989562988281
186896,normal,1176,0,1782360845.5075345,0.002069234848022461
186897,normal,3140,1,1782360845.509515,0.0019805431365966797
186898,normal,1064,0,1782360845.5112998,0.0017848014831542969
186899,normal,1522,0,1782360845.513418,0.0021181106567382812
186900,normal,1021,2,1782360845.5152934,0.0018754005432128906
186901,normal,381,0,1782360845.5174415,0.002148151397705078
186902,normal,2277,0,1782360845.5192857,0.001844167709350586
186903,normal,957,2,1782360845.5213196,0.0020339488983154297
186904,normal,3103,1,1782360845.523353,0.0020334720611572266
186905,normal,3097,1,1782360845.5252657,0.0019125938415527344
186906,normal,3651,0,1782360845.527597,0.002331256866455078
186907,normal,2351,0,1782360845.5296526,0.002055644989013672
186908,normal,1099,0,1782360845.5314503,0.0017976760864257812
186909,normal,2631,0,1782360845.5335033,0.0020530223846435547
186910,normal,1844,0,1782360845.5353415,0.0018382072448730469
186911,normal,1195,0,1782360845.5374525,0.0021109580993652344
186912,normal,713,0,1782360845.5393538,0.001901388168334961
186913,normal,3051,1,1782360845.5417733,0.0024194717407226562
186914,normal,3129,1,1782360845.543552,0.0017786026000976562
186915,normal,2730,0,1782360845.5453312,0.001779317855834961
186916,normal,2985,0,1782360845.5480049,0.002673625946044922
186917,normal,854,2,1782360845.5494416,0.0014367103576660156
186918,normal,3463,0,1782360845.5514734,0.0020318031311035156
186919,normal,2147,0,1782360845.5533693,0.001895904541015625
186920,normal,414,0,1782360845.555492,0.002122640609741211
186921,normal,96,0,1782360845.5574296,0.0019376277923583984
186922,normal,435,0,1782360845.5594912,0.002061605453491211
186923,normal,2431,0,1782360845.5613678,0.0018765926361083984
186924,normal,1909,0,1782360845.5641596,0.002791881561279297
186925,normal,2287,0,1782360845.5661662,0.00200653076171875
186926,normal,3013,0,1782360845.567367,0.0012009143829345703
186927,normal,2072,0,1782360845.5699623,0.002595186233520508
186928,normal,2676,0,1782360845.57163,0.0016677379608154297
186929,normal,828,2,1782360845.57401,0.002379894256591797
186930,normal,2913,0,1782360845.5760486,0.002038717269897461
186931,normal,2565,0,1782360845.5774379,0.0013892650604248047
186932,normal,643,0,1782360845.5794275,0.001989603042602539
186933,normal,3568,0,1782360845.5814803,0.002052783966064453
186934,normal,974,2,1782360845.5833445,0.0018641948699951172
186935,normal,606,0,1782360845.5855012,0.0021567344665527344
186936,normal,2851,0,1782360845.587381,0.0018796920776367188
186937,normal,1086,0,1782360845.5894902,0.0021092891693115234
186938,normal,1827,0,1782360845.5913594,0.00186920166015625
186939,normal,3436,0,1782360845.5934544,0.0020949840545654297
186940,normal,1403,0,1782360845.5954046,0.0019502639770507812
186941,normal,3564,0,1782360845.5975294,0.002124786376953125
186942,normal,3351,1,1782360845.5994434,0.0019140243530273438
186943,normal,832,2,1782360845.601515,0.0020716190338134766
186944,normal,980,2,1782360845.6033387,0.0018236637115478516
186945,normal,512,0,1782360845.60553,0.002191305160522461
186946,normal,1729,0,1782360845.6074564,0.001926422119140625
186947,normal,2618,0,1782360845.6094549,0.001998424530029297
186948,normal,2908,0,1782360845.6115093,0.002054452896118164
186949,normal,1397,0,1782360845.6133702,0.0018608570098876953
186950,normal,1404,0,1782360845.6154633,0.002093076705932617
186951,normal,1281,0,1782360845.6173596,0.0018963813781738281
186952,normal,1533,0,1782360845.6194673,0.0021076202392578125
186953,normal,2880,0,1782360845.6213622,0.0018949508666992188
186954,normal,2153,0,1782360845.6234727,0.0021104812622070312
186955,normal,686,0,1782360845.6253765,0.0019037723541259766
186956,normal,1629,0,1782360845.6275241,0.002147674560546875
186957,normal,2036,0,1782360845.629383,0.0018589496612548828
186958,normal,3524,0,1782360845.6314518,0.002068758010864258
186959,normal,2023,0,1782360845.6333427,0.0018908977508544922
186960,normal,568,0,1782360845.6354427,0.0020999908447265625
186961,normal,434,0,1782360845.6373427,0.0018999576568603516
186962,normal,2396,0,1782360845.6394491,0.0021064281463623047
186963,normal,1060,0,1782360845.6414268,0.001977682113647461
186964,normal,881,2,1782360845.643757,0.002330303192138672
186965,normal,2286,0,1782360845.6454268,0.0016696453094482422
186966,normal,2745,0,1782360845.647472,0.002045154571533203
186967,normal,1048,0,1782360845.6493921,0.0019202232360839844
186968,normal,2143,0,1782360845.6514592,0.002067089080810547
186969,normal,1087,0,1782360845.6533194,0.0018601417541503906
186970,normal,2131,0,1782360845.6554272,0.002107858657836914
186971,normal,2772,0,1782360845.6573145,0.0018873214721679688
186972,normal,3138,1,1782360845.6594806,0.0021660327911376953
186973,normal,3136,1,1782360845.6614702,0.001989603042602539
186974,normal,347,0,1782360845.6634634,0.0019931793212890625
186975,normal,2805,0,1782360845.6656275,0.002164125442504883
186976,normal,2883,0,1782360845.667801,0.0021734237670898438
186977,normal,1857,0,1782360845.6693883,0.0015873908996582031
186978,normal,578,0,1782360845.671698,0.0023097991943359375
186979,normal,1349,1,1782360845.6736035,0.0019054412841796875
186980,normal,2904,0,1782360845.6753967,0.0017931461334228516
186981,normal,902,2,1782360845.6774282,0.002031564712524414
186982,normal,2829,0,1782360845.6793103,0.0018820762634277344
186983,normal,3223,1,1782360845.6814187,0.002108335494995117
186984,normal,2912,0,1782360845.6836143,0.002195596694946289
186985,normal,1876,0,1782360845.685359,0.0017447471618652344
186986,normal,237,0,1782360845.6873224,0.001963376998901367
186987,normal,2121,0,1782360845.6894863,0.0021638870239257812
186988,normal,1573,0,1782360845.6913538,0.001867532730102539
186989,normal,2690,0,1782360845.6939738,0.0026199817657470703
186990,normal,3514,0,1782360845.695768,0.0017943382263183594
186991,normal,2337,0,1782360845.6975002,0.0017321109771728516
186992,normal,2915,0,1782360845.6992865,0.0017862319946289062
186993,normal,2770,0,1782360845.701364,0.0020775794982910156
186994,normal,1905,0,1782360845.7033434,0.001979351043701172
186995,normal,1715,0,1782360845.7055075,0.002164125442504883
186996,normal,3676,0,1782360845.707672,0.002164602279663086
186997,normal,3474,0,1782360845.7093568,0.0016846656799316406
186998,normal,3196,1,1782360845.711475,0.0021181106567382812
186999,normal,880,2,1782360845.7133656,0.0018906593322753906
187000,normal,3274,1,1782360845.7154799,0.0021142959594726562
187001,normal,3108,1,1782360845.717385,0.001905202865600586
187002,normal,3326,1,1782360845.7195504,0.0021653175354003906
187003,normal,3629,0,1782360845.721657,0.0021066665649414062
187004,normal,1796,0,1782360845.7234473,0.0017902851104736328
187005,normal,1516,0,1782360845.7254324,0.0019850730895996094
187006,normal,1287,0,1782360845.7276003,0.002167940139770508
187007,normal,725,0,1782360845.7294586,0.0018582344055175781
187008,normal,1556,0,1782360845.731467,0.0020084381103515625
187009,normal,1667,0,1782360845.7338626,0.0023956298828125
187010,normal,679,0,1782360845.7355194,0.0016567707061767578
187011,normal,426,0,1782360845.737384,0.0018646717071533203
187012,normal,3089,1,1782360845.7397268,0.002342700958251953
187013,normal,1832,0,1782360845.741685,0.001958131790161133
187014,normal,1468,0,1782360845.743361,0.0016760826110839844
187015,normal,1696,0,1782360845.7453234,0.001962423324584961
187016,normal,3373,1,1782360845.7474542,0.002130746841430664
187017,normal,2113,0,1782360845.749468,0.0020139217376708984
187018,normal,2416,0,1782360845.75138,0.0019118785858154297
187019,normal,925,2,1782360845.7534654,0.002085447311401367
187020,normal,707,0,1782360845.755463,0.0019974708557128906
187021,normal,3591,0,1782360845.7573512,0.001888275146484375
187022,normal,914,2,1782360845.7594965,0.0021452903747558594
187023,normal,2850,0,1782360845.7614338,0.0019373893737792969
187024,normal,209,0,1782360845.7635744,0.002140522003173828
187025,normal,3055,1,1782360845.7653985,0.0018241405487060547
187026,normal,187,0,1782360845.7675958,0.002197265625
187027,normal,1320,1,1782360845.7694418,0.0018460750579833984
187028,normal,2669,0,1782360845.7714317,0.0019898414611816406
187029,normal,799,2,1782360845.7734497,0.002017974853515625
187030,normal,363,0,1782360845.7754717,0.0020220279693603516
187031,normal,183,0,1782360845.7773678,0.0018961429595947266
187032,normal,1467,0,1782360845.7794738,0.0021059513092041016
187033,normal,2755,0,1782360845.781369,0.0018951892852783203
187034,normal,1593,0,1782360845.7834747,0.002105712890625
187035,normal,841,2,1782360845.7853577,0.0018830299377441406
187036,normal,1356,1,1782360845.787374,0.002016305923461914
187037,normal,3543,0,1782360845.789491,0.0021169185638427734
187038,normal,735,0,1782360845.791471,0.0019800662994384766
187039,normal,368,0,1782360845.7934694,0.001998424530029297
187040,normal,1269,0,1782360845.7953506,0.0018811225891113281
187041,normal,317,0,1782360845.797461,0.0021104812622070312
187042,normal,21,0,1782360845.7993433,0.001882314682006836
187043,normal,399,0,1782360845.801483,0.002139568328857422
187044,normal,699,0,1782360845.803359,0.0018761157989501953
187045,normal,86,0,1782360845.8055534,0.0021944046020507812
187046,normal,1781,0,1782360845.807419,0.0018656253814697266
187047,normal,2313,0,1782360845.8095572,0.0021381378173828125
187048,normal,1077,0,1782360845.811698,0.0021407604217529297
187049,normal,1350,1,1782360845.8133817,0.0016837120056152344
187050,normal,3559,0,1782360845.815476,0.002094268798828125
187051,normal,2847,0,1782360845.8174741,0.0019981861114501953
187052,normal,3654,0,1782360845.8193524,0.0018782615661621094
187053,normal,2139,0,1782360845.8214562,0.0021038055419921875
187054,normal,1849,0,1782360845.8233373,0.0018811225891113281
187055,normal,885,2,1782360845.8254552,0.0021178722381591797
187056,normal,3132,1,1782360845.8276227,0.0021674633026123047
187057,normal,1285,0,1782360845.829459,0.0018362998962402344
187058,normal,3176,1,1782360845.831419,0.0019600391387939453
187059,normal,2355,0,1782360845.8336473,0.002228260040283203
187060,normal,1546,0,1782360845.835539,0.0018918514251708984
187061,normal,1371,1,1782360845.8376048,0.0020656585693359375
187062,normal,1104,0,1782360845.8395836,0.0019788742065429688
187063,normal,2375,0,1782360845.8416567,0.002073049545288086
187064,normal,2863,0,1782360845.8433573,0.0017006397247314453
187065,normal,1302,0,1782360845.8454587,0.002101421356201172
187066,normal,3014,0,1782360845.8473327,0.0018739700317382812
187067,normal,3243,1,1782360845.8494492,0.0021164417266845703
187068,normal,3384,1,1782360845.851718,0.0022687911987304688
187069,normal,1208,0,1782360845.8533287,0.0016107559204101562
187070,normal,2422,0,1782360845.855433,0.0021042823791503906
187071,normal,1624,0,1782360845.857436,0.0020029544830322266
187072,normal,3225,1,1782360845.8593218,0.0018858909606933594
187073,normal,323,0,1782360845.8619225,0.0026006698608398438
187074,normal,3154,1,1782360845.8634899,0.0015673637390136719
187075,normal,1941,0,1782360845.865621,0.002131223678588867
187076,normal,3307,1,1782360845.867539,0.0019178390502929688
187077,normal,2445,0,1782360845.869367,0.0018279552459716797
187078,normal,2453,0,1782360845.8714788,0.0021119117736816406
187079,normal,32,0,1782360845.873386,0.0019071102142333984
187080,normal,2410,0,1782360845.8754745,0.0020885467529296875
187081,normal,3010,0,1782360845.8776155,0.0021409988403320312
187082,normal,1838,0,1782360845.87944,0.0018246173858642578
187083,normal,332,0,1782360845.8814607,0.002020597457885742
187084,normal,2407,0,1782360845.8833444,0.0018837451934814453
187085,normal,982,2,1782360845.8854692,0.002124786376953125
187086,normal,3002,0,1782360845.8873634,0.001894235610961914
187087,normal,976,2,1782360845.8894765,0.0021131038665771484
187088,normal,3270,1,1782360845.8913453,0.0018687248229980469
187089,normal,127,0,1782360845.89347,0.002124786376953125
187090,normal,3594,0,1782360845.8954117,0.001941680908203125
187091,normal,1338,1,1782360845.8974838,0.0020720958709716797
187092,normal,960,2,1782360845.8993618,0.0018780231475830078
187093,normal,1460,0,1782360845.9017735,0.0024116039276123047
187094,normal,1596,0,1782360845.9034595,0.00168609619140625
187095,normal,2862,0,1782360845.905563,0.002103567123413086
187096,normal,1736,0,1782360845.9075603,0.001997232437133789
187097,normal,3539,0,1782360845.9094672,0.0019068717956542969
187098,normal,2246,0,1782360845.9114811,0.0020139217376708984
187099,normal,2258,0,1782360845.9133215,0.001840353012084961
187100,normal,2078,0,1782360845.915494,0.0021724700927734375
187101,normal,3024,0,1782360845.917461,0.0019669532775878906
187102,normal,1004,2,1782360845.9195688,0.002107858657836914
187103,normal,2969,0,1782360845.9215412,0.0019724369049072266
187104,normal,1370,1,1782360845.9235482,0.002007007598876953
187105,normal,109,0,1782360845.9253478,0.0017995834350585938
187106,normal,1884,0,1782360845.9273334,0.0019855499267578125
187107,normal,2724,0,1782360845.9297767,0.0024433135986328125
187108,normal,2552,0,1782360845.9316266,0.0018498897552490234
187109,normal,2237,0,1782360845.933676,0.0020494461059570312
187110,normal,3335,1,1782360845.9354358,0.0017597675323486328
187111,normal,3030,0,1782360845.9374633,0.0020275115966796875
187112,normal,2420,0,1782360845.9394433,0.0019800662994384766
187113,normal,1939,0,1782360845.941567,0.002123594284057617
187114,normal,2827,0,1782360845.9441152,0.0025482177734375
187115,normal,384,0,1782360845.9453826,0.0012674331665039062
187116,normal,250,0,1782360845.9474835,0.0021009445190429688
187117,normal,3369,1,1782360845.9493678,0.0018842220306396484
187118,normal,2840,0,1782360845.9514694,0.0021016597747802734
187119,normal,271,0,1782360845.9533548,0.0018854141235351562
187120,normal,1139,0,1782360845.9554727,0.0021178722381591797
187121,normal,3626,0,1782360845.9573686,0.001895904541015625
187122,normal,805,2,1782360845.9594812,0.0021126270294189453
187123,normal,226,0,1782360845.961402,0.0019207000732421875
187124,normal,2093,0,1782360845.9635198,0.0021178722381591797
187125,normal,1054,0,1782360845.9653945,0.001874685287475586
187126,normal,2593,0,1782360845.9673672,0.001972675323486328
187127,normal,2893,0,1782360845.96947,0.0021028518676757812
187128,normal,2980,0,1782360845.9713597,0.0018897056579589844
187129,normal,1676,0,1782360845.9734716,0.0021119117736816406
187130,normal,1094,0,1782360845.9753652,0.0018935203552246094
187131,normal,2924,0,1782360845.9775326,0.0021674633026123047
187132,normal,159,0,1782360845.979918,0.002385377883911133
187133,normal,860,2,1782360845.9813955,0.0014774799346923828
187134,normal,961,2,1782360845.9833674,0.0019719600677490234
187135,normal,2356,0,1782360845.9855094,0.0021419525146484375
187136,normal,3687,0,1782360845.9873993,0.001889944076538086
187137,normal,3008,0,1782360845.9894588,0.002059459686279297
187138,normal,3453,0,1782360845.9913247,0.0018658638000488281
187139,normal,1182,0,1782360845.9934437,0.0021190643310546875
187140,normal,862,2,1782360845.995507,0.002063274383544922
187141,normal,2853,0,1782360845.9974535,0.0019464492797851562
187142,normal,298,0,1782360845.999371,0.0019176006317138672
187143,normal,1682,0,1782360846.0015557,0.002184629440307617
187144,normal,2302,0,1782360846.0036416,0.0020859241485595703
187145,normal,167,0,1782360846.0057998,0.0021581649780273438
187146,normal,436,0,1782360846.0073967,0.0015969276428222656
187147,normal,402,0,1782360846.00939,0.001993417739868164
187148,normal,1662,0,1782360846.0116844,0.002294301986694336
187149,normal,2575,0,1782360846.013483,0.0017986297607421875
187150,normal,1750,0,1782360846.0153308,0.0018477439880371094
187151,normal,2492,0,1782360846.0174415,0.002110719680786133
187152,normal,2753,0,1782360846.0194378,0.001996278762817383
187153,normal,760,0,1782360846.0213501,0.0019123554229736328
187154,normal,7,0,1782360846.0235984,0.0022482872009277344
187155,normal,3268,1,1782360846.0253224,0.0017240047454833984
187156,normal,2808,0,1782360846.0274394,0.0021169185638427734
187157,normal,48,0,1782360846.0293312,0.0018918514251708984
187158,normal,1685,0,1782360846.0314384,0.0021071434020996094
187159,normal,2951,0,1782360846.0339031,0.002464771270751953
187160,normal,943,2,1782360846.035431,0.0015277862548828125
187161,normal,333,0,1782360846.0375898,0.0021588802337646484
187162,normal,1303,0,1782360846.0394585,0.0018687248229980469
187163,normal,386,0,1782360846.0413654,0.0019068717956542969
187164,normal,1896,0,1782360846.0434856,0.0021202564239501953
187165,normal,314,0,1782360846.0453808,0.0018951892852783203
187166,normal,236,0,1782360846.04751,0.002129077911376953
187167,normal,888,2,1782360846.0497756,0.0022656917572021484
187168,normal,1092,0,1782360846.051361,0.0015854835510253906
187169,normal,1677,0,1782360846.0534499,0.002088785171508789
187170,normal,507,0,1782360846.0554483,0.001998424530029297
187171,normal,3616,0,1782360846.0573456,0.0018973350524902344
187172,normal,3585,0,1782360846.0594714,0.0021257400512695312
187173,normal,2960,0,1782360846.0614073,0.0019359588623046875
187174,normal,3337,1,1782360846.0635264,0.0021190643310546875
187175,normal,2338,0,1782360846.0653799,0.0018534660339355469
187176,normal,989,2,1782360846.0675364,0.002156496047973633
187177,normal,1637,0,1782360846.0702085,0.0026721954345703125
187178,normal,784,2,1782360846.0720675,0.0018589496612548828
187179,normal,3308,1,1782360846.0733545,0.0012869834899902344
187180,normal,1212,0,1782360846.0759845,0.002629995346069336
187181,normal,972,2,1782360846.0776272,0.0016427040100097656
187182,normal,412,0,1782360846.0799067,0.002279520034790039
187183,normal,3555,0,1782360846.0819628,0.002056121826171875
187184,normal,2424,0,1782360846.083435,0.0014722347259521484
187185,normal,1167,0,1782360846.0854316,0.0019965171813964844
187186,normal,2178,0,1782360846.0873487,0.001917123794555664
187187,normal,1996,0,1782360846.0894485,0.002099752426147461
187188,normal,2679,0,1782360846.0914905,0.002042055130004883
187189,normal,1341,1,1782360846.0934165,0.0019259452819824219
187190,normal,1527,0,1782360846.0954807,0.002064228057861328
187191,normal,876,2,1782360846.097481,0.0020003318786621094
187192,normal,2324,0,1782360846.09936,0.001878976821899414
187193,normal,1635,0,1782360846.1014824,0.0021224021911621094
187194,normal,3479,0,1782360846.1035194,0.00203704833984375
187195,normal,3658,0,1782360846.105467,0.001947641372680664
187196,normal,872,2,1782360846.1074622,0.001995086669921875
187197,normal,3251,1,1782360846.1094434,0.0019812583923339844
187198,normal,1614,0,1782360846.1114223,0.0019788742065429688
187199,normal,2435,0,1782360846.1135273,0.0021049976348876953
187200,normal,2702,0,1782360846.1154373,0.0019099712371826172
187201,normal,208,0,1782360846.1175737,0.0021364688873291016
187202,normal,318,0,1782360846.119331,0.0017571449279785156
187203,normal,2885,0,1782360846.12149,0.00215911865234375
187204,normal,1836,0,1782360846.1233785,0.0018885135650634766
187205,normal,1122,0,1782360846.1254866,0.0021080970764160156
187206,normal,2284,0,1782360846.1274786,0.0019919872283935547
187207,normal,3193,1,1782360846.1293776,0.0018990039825439453
187208,normal,1758,0,1782360846.1314964,0.002118825912475586
187209,normal,541,0,1782360846.1335063,0.002009868621826172
187210,normal,2898,0,1782360846.1354673,0.0019609928131103516
187211,normal,2358,0,1782360846.1373715,0.0019042491912841797
187212,normal,3284,1,1782360846.1394682,0.0020966529846191406
187213,normal,3182,1,1782360846.1413574,0.0018892288208007812
187214,normal,2542,0,1782360846.1434658,0.002108335494995117
187215,normal,2641,0,1782360846.1454802,0.0020143985748291016
187216,normal,1625,0,1782360846.1473947,0.0019145011901855469
187217,normal,345,0,1782360846.1499856,0.0025908946990966797
187218,normal,1383,0,1782360846.151413,0.0014274120330810547
187219,normal,1464,0,1782360846.1534505,0.002037525177001953
187220,normal,3456,0,1782360846.1556406,0.002190113067626953
187221,normal,310,0,1782360846.1573677,0.0017271041870117188
187222,normal,3171,1,1782360846.1594932,0.0021255016326904297
187223,normal,1713,0,1782360846.1613965,0.0019032955169677734
187224,normal,484,0,1782360846.163448,0.0020515918731689453
187225,normal,2136,0,1782360846.1653287,0.001880645751953125
187226,normal,2108,0,1782360846.1674473,0.0021185874938964844
187227,normal,1121,0,1782360846.1694486,0.0020012855529785156
187228,normal,2589,0,1782360846.1713889,0.0019402503967285156
187229,normal,1462,0,1782360846.1735501,0.002161264419555664
187230,normal,956,2,1782360846.1754742,0.0019240379333496094
187231,normal,2451,0,1782360846.1775577,0.0020835399627685547
187232,normal,2666,0,1782360846.1796887,0.0021309852600097656
187233,normal,1132,0,1782360846.1814592,0.0017704963684082031
187234,normal,188,0,1782360846.1834414,0.0019822120666503906
187235,normal,2295,0,1782360846.1856852,0.0022437572479248047
187236,normal,688,0,1782360846.187503,0.001817941665649414
187237,normal,1372,1,1782360846.1893322,0.0018291473388671875
187238,normal,3253,1,1782360846.191441,0.0021088123321533203
187239,normal,3642,0,1782360846.193446,0.002004861831665039
187240,normal,1140,0,1782360846.1953278,0.0018818378448486328
187241,normal,1791,0,1782360846.1977959,0.002468109130859375
187242,normal,889,2,1782360846.199481,0.0016851425170898438
187243,normal,2841,0,1782360846.201335,0.00185394287109375
187244,normal,2892,0,1782360846.2034476,0.0021126270294189453
187245,normal,334,0,1782360846.2054503,0.002002716064453125
187246,normal,875,2,1782360846.207354,0.0019037723541259766
187247,normal,2929,0,1782360846.210096,0.0027418136596679688
187248,normal,933,2,1782360846.211533,0.0014371871948242188
187249,normal,1398,0,1782360846.2133584,0.0018253326416015625
187250,normal,1732,0,1782360846.2154791,0.0021207332611083984
187251,normal,855,2,1782360846.2174695,0.0019903182983398438
187252,normal,2197,0,1782360846.219361,0.0018916130065917969
187253,normal,1780,0,1782360846.221647,0.0022859573364257812
187254,normal,229,0,1782360846.2234018,0.0017547607421875
187255,normal,2116,0,1782360846.2254603,0.0020585060119628906
187256,normal,2978,0,1782360846.2273648,0.0019044876098632812
187257,normal,3513,0,1782360846.2294872,0.0021224021911621094
187258,normal,1793,0,1782360846.2313766,0.0018894672393798828
187259,normal,955,2,1782360846.2336276,0.0022509098052978516
187260,normal,868,2,1782360846.23565,0.0020225048065185547
187261,normal,2177,0,1782360846.237552,0.001901865005493164
187262,normal,2103,0,1782360846.2394626,0.0019106864929199219
187263,normal,1777,0,1782360846.2416139,0.0021512508392333984
187264,normal,695,0,1782360846.2435358,0.0019218921661376953
187265,normal,2959,0,1782360846.2453809,0.0018451213836669922
187266,normal,1355,1,1782360846.2477489,0.0023679733276367188
187267,normal,3592,0,1782360846.249683,0.001934051513671875
187268,normal,449,0,1782360846.2514515,0.0017685890197753906
187269,normal,169,0,1782360846.2535348,0.002083301544189453
187270,normal,1724,0,1782360846.2558405,0.002305746078491211
187271,normal,306,0,1782360846.2574944,0.001653909683227539
187272,normal,11,0,1782360846.2594512,0.0019567012786865234
187273,normal,766,0,1782360846.2613258,0.001874685287475586
187274,normal,1918,0,1782360846.2634873,0.0021615028381347656
187275,normal,1255,0,1782360846.2653897,0.0019023418426513672
187276,normal,3692,0,1782360846.2674253,0.0020356178283691406
187277,normal,3023,0,1782360846.2693915,0.001966238021850586
187278,normal,3226,1,1782360846.2714806,0.0020890235900878906
187279,normal,949,2,1782360846.2733939,0.001913309097290039
187280,normal,813,2,1782360846.2755356,0.002141714096069336
187281,normal,904,2,1782360846.2774591,0.0019235610961914062
187282,normal,1473,0,1782360846.2796013,0.002142190933227539
187283,normal,1261,0,1782360846.2813623,0.0017609596252441406
187284,normal,1728,0,1782360846.2834888,0.002126455307006836
187285,normal,3577,0,1782360846.2854435,0.001954793930053711
187286,normal,3027,0,1782360846.2874384,0.0019948482513427734
187287,normal,1316,0,1782360846.2896042,0.0021657943725585938
187288,normal,467,0,1782360846.2913406,0.0017364025115966797
187289,normal,1964,0,1782360846.2934754,0.0021347999572753906
187290,normal,2308,0,1782360846.2954726,0.001997232437133789
187291,normal,1919,0,1782360846.2973602,0.0018875598907470703
187292,normal,922,2,1782360846.2994745,0.0021142959594726562
187293,normal,325,0,1782360846.3014908,0.002016305923461914
187294,normal,3495,0,1782360846.3033783,0.0018875598907470703
187295,normal,2247,0,1782360846.3055017,0.0021233558654785156
187296,normal,367,0,1782360846.3075912,0.0020895004272460938
187297,normal,627,0,1782360846.3093543,0.0017631053924560547
187298,normal,1413,0,1782360846.3113546,0.0020003318786621094
187299,normal,268,0,1782360846.3134723,0.002117633819580078
187300,normal,266,0,1782360846.3153543,0.0018820762634277344
187301,normal,560,0,1782360846.3174658,0.0021114349365234375
187302,normal,3362,1,1782360846.3194704,0.0020046234130859375
187303,normal,3109,1,1782360846.321428,0.0019576549530029297
187304,normal,1429,0,1782360846.323535,0.002106904983520508
187305,normal,3021,0,1782360846.3254483,0.001913309097290039
187306,normal,3152,1,1782360846.327484,0.0020356178283691406
187307,normal,2900,0,1782360846.3293793,0.0018954277038574219
187308,normal,33,0,1782360846.3314843,0.0021049976348876953
187309,normal,3572,0,1782360846.3334572,0.0019729137420654297
187310,normal,733,0,1782360846.3353388,0.0018815994262695312
187311,normal,1956,0,1782360846.3374805,0.002141714096069336
187312,normal,2605,0,1782360846.3393424,0.0018618106842041016
187313,normal,573,0,1782360846.3414698,0.002127408981323242
187314,normal,278,0,1782360846.3436286,0.0021588802337646484
187315,normal,3690,0,1782360846.3454552,0.0018265247344970703
187316,normal,1995,0,1782360846.347434,0.0019788742065429688
187317,normal,1454,0,1782360846.349526,0.0020918846130371094
187318,normal,2872,0,1782360846.3516598,0.0021338462829589844
187319,normal,256,0,1782360846.353451,0.001791238784790039
187320,normal,1726,0,1782360846.355695,0.0022439956665039062
187321,normal,965,2,1782360846.3574297,0.0017347335815429688
187322,normal,716,0,1782360846.3594184,0.001988649368286133
187323,normal,727,0,1782360846.3614821,0.002063751220703125
187324,normal,2266,0,1782360846.3633387,0.0018565654754638672
187325,normal,2635,0,1782360846.3654592,0.002120494842529297
187326,normal,2601,0,1782360846.3678071,0.0023479461669921875
187327,normal,1654,0,1782360846.3693988,0.0015916824340820312
187328,normal,2267,0,1782360846.371381,0.0019822120666503906
187329,normal,1571,0,1782360846.3733733,0.0019922256469726562
187330,normal,3553,0,1782360846.375335,0.0019617080688476562
187331,normal,3105,1,1782360846.3774784,0.002143383026123047
187332,normal,492,0,1782360846.3797636,0.0022852420806884766
187333,normal,2223,0,1782360846.3815138,0.0017502307891845703
187334,normal,2185,0,1782360846.3834832,0.0019693374633789062
187335,normal,2678,0,1782360846.385695,0.0022118091583251953
187336,normal,2773,0,1782360846.3873618,0.0016667842864990234
187337,normal,2858,0,1782360846.3894794,0.002117633819580078
187338,normal,1747,0,1782360846.3914752,0.0019958019256591797
187339,normal,182,0,1782360846.3933575,0.001882314682006836
187340,normal,1878,0,1782360846.3956409,0.002283334732055664
187341,normal,2100,0,1782360846.397465,0.0018241405487060547
187342,normal,3550,0,1782360846.3994575,0.001992464065551758
187343,normal,130,0,1782360846.4013522,0.0018947124481201172
187344,normal,2825,0,1782360846.4034777,0.0021255016326904297
187345,normal,145,0,1782360846.405415,0.0019373893737792969
187346,normal,2477,0,1782360846.407491,0.0020759105682373047
187347,normal,567,0,1782360846.4094598,0.001968860626220703
187348,normal,3424,0,1782360846.411382,0.0019221305847167969
187349,normal,1035,0,1782360846.4134002,0.0020182132720947266
187350,normal,2409,0,1782360846.415492,0.0020918846130371094
187351,normal,3353,1,1782360846.4174004,0.0019083023071289062
187352,normal,775,2,1782360846.4198468,0.002446413040161133
187353,normal,493,0,1782360846.421608,0.0017611980438232422
187354,normal,1848,0,1782360846.4235425,0.0019345283508300781
187355,normal,1806,0,1782360846.4254684,0.0019259452819824219
187356,normal,2467,0,1782360846.427632,0.0021636486053466797
187357,normal,575,0,1782360846.4293847,0.001752614974975586
187358,normal,1002,2,1782360846.4314296,0.0020449161529541016
187359,normal,2253,0,1782360846.4335067,0.0020771026611328125
187360,normal,1500,0,1782360846.4354794,0.001972675323486328
187361,normal,1200,0,1782360846.4374778,0.001998424530029297
187362,normal,1360,1,1782360846.4395978,0.0021200180053710938
187363,normal,1828,0,1782360846.4416533,0.0020554065704345703
187364,normal,2484,0,1782360846.4434314,0.0017781257629394531
187365,normal,1213,0,1782360846.44545,0.0020186901092529297
187366,normal,1551,0,1782360846.4478853,0.0024352073669433594
187367,normal,1730,0,1782360846.4498386,0.0019533634185791016
187368,normal,1459,0,1782360846.45152,0.0016813278198242188
187369,normal,1542,0,1782360846.453605,0.002084970474243164
187370,normal,2021,0,1782360846.4554367,0.0018317699432373047
187371,normal,723,0,1782360846.4575944,0.0021576881408691406
187372,normal,2941,0,1782360846.4594996,0.001905202865600586
187373,normal,1790,0,1782360846.4618785,0.0023789405822753906
187374,normal,853,2,1782360846.463509,0.001630544662475586
187375,normal,3009,0,1782360846.4653478,0.00183868408203125
187376,normal,2495,0,1782360846.467648,0.002300262451171875
187377,normal,2638,0,1782360846.469377,0.0017290115356445312
187378,normal,3327,1,1782360846.4714859,0.0021088123321533203
187379,normal,2128,0,1782360846.4733634,0.0018775463104248047
187380,normal,3579,0,1782360846.4754813,0.0021178722381591797
187381,normal,1256,0,1782360846.4773726,0.0018913745880126953
187382,normal,2326,0,1782360846.479479,0.0021064281463623047
187383,normal,2992,0,1782360846.481573,0.0020940303802490234
187384,normal,103,0,1782360846.4833663,0.0017931461334228516
187385,normal,3627,0,1782360846.4854658,0.0020995140075683594
187386,normal,3623,0,1782360846.4874692,0.0020034313201904297
187387,normal,3505,0,1782360846.4893525,0.0018832683563232422
187388,normal,3408,0,1782360846.4914653,0.002112865447998047
187389,normal,726,0,1782360846.4934654,0.002000093460083008
187390,normal,3389,1,1782360846.4954002,0.0019347667694091797
187391,normal,2922,0,1782360846.4975643,0.002164125442504883
187392,normal,597,0,1782360846.4995322,0.001967906951904297
187393,normal,3328,1,1782360846.5013728,0.0018405914306640625
187394,normal,129,0,1782360846.503501,0.002128124237060547
187395,normal,17,0,1782360846.5054235,0.001922607421875
187396,normal,504,0,1782360846.5073664,0.0019428730010986328
187397,normal,2789,0,1782360846.5094442,0.002077817916870117
187398,normal,2243,0,1782360846.5114453,0.002001047134399414
187399,normal,1180,0,1782360846.5133245,0.0018792152404785156
187400,normal,1957,0,1782360846.515503,0.0021784305572509766
187401,normal,2115,0,1782360846.5175238,0.0020208358764648438
187402,normal,3484,0,1782360846.5194354,0.0019116401672363281
187403,normal,2460,0,1782360846.5216894,0.002254009246826172
187404,normal,1183,0,1782360846.5234737,0.0017843246459960938
187405,normal,2869,0,1782360846.525627,0.002153158187866211
187406,normal,2740,0,1782360846.527444,0.0018169879913330078
187407,normal,2581,0,1782360846.5296862,0.0022423267364501953
187408,normal,522,0,1782360846.5315673,0.0018811225891113281
187409,normal,2556,0,1782360846.5333326,0.0017652511596679688
187410,normal,3184,1,1782360846.5354488,0.0021162033081054688
187411,normal,508,0,1782360846.5373275,0.0018787384033203125
187412,normal,1210,0,1782360846.5394447,0.002117156982421875
187413,normal,2626,0,1782360846.541654,0.0022094249725341797
187414,normal,416,0,1782360846.5433261,0.0016720294952392578
187415,normal,3444,0,1782360846.5454361,0.002110004425048828
187416,normal,2971,0,1782360846.5474389,0.002002716064453125
187417,normal,221,0,1782360846.5493286,0.0018897056579589844
187418,normal,126,0,1782360846.551948,0.002619504928588867
187419,normal,2190,0,1782360846.5534403,0.0014922618865966797
187420,normal,629,0,1782360846.5554626,0.002022266387939453
187421,normal,2141,0,1782360846.5575252,0.002062559127807617
187422,normal,947,2,1782360846.5593567,0.0018315315246582031
187423,normal,1430,0,1782360846.5613573,0.002000570297241211
187424,normal,3265,1,1782360846.5634766,0.002119302749633789
187425,normal,800,2,1782360846.565505,0.0020284652709960938
187426,normal,3693,0,1782360846.5679135,0.0024085044860839844
187427,normal,848,2,1782360846.5693676,0.0014541149139404297
187428,normal,403,0,1782360846.5714684,0.002100706100463867
187429,normal,1484,0,1782360846.5733492,0.0018808841705322266
187430,normal,1835,0,1782360846.5754805,0.002131223678588867
187431,normal,1513,0,1782360846.5774858,0.002005338668823242
187432,normal,489,0,1782360846.5794072,0.0019214153289794922
187433,normal,604,0,1782360846.58155,0.002142667770385742
187434,normal,421,0,1782360846.5833979,0.001847982406616211
187435,normal,931,2,1782360846.5854955,0.002097606658935547
187436,normal,1043,0,1782360846.5880854,0.0025899410247802734
187437,normal,896,2,1782360846.590031,0.00194549560546875
187438,normal,1199,0,1782360846.5913618,0.0013308525085449219
187439,normal,59,0,1782360846.5939915,0.0026297569274902344
187440,normal,3363,1,1782360846.5956113,0.0016198158264160156
187441,normal,1024,2,1782360846.598024,0.002412557601928711
187442,normal,2524,0,1782360846.5998862,0.0018622875213623047
187443,normal,3431,0,1782360846.6014585,0.0015723705291748047
187444,normal,2219,0,1782360846.603334,0.0018754005432128906
187445,normal,180,0,1782360846.6054554,0.002121448516845703
187446,normal,2305,0,1782360846.6074593,0.002003908157348633
187447,normal,2533,0,1782360846.6094065,0.001947164535522461
187448,normal,2538,0,1782360846.6114917,0.0020852088928222656
187449,normal,2849,0,1782360846.6135063,0.002014636993408203
187450,normal,1406,0,1782360846.615363,0.0018565654754638672
187451,normal,2760,0,1782360846.6174595,0.0020966529846191406
187452,normal,1887,0,1782360846.6195023,0.0020427703857421875
187453,normal,2640,0,1782360846.6214402,0.0019378662109375
187454,normal,3523,0,1782360846.6234765,0.0020363330841064453
187455,normal,1839,0,1782360846.6255486,0.0020720958709716797
187456,normal,1611,0,1782360846.6273432,0.001794576644897461
187457,normal,926,2,1782360846.6295338,0.0021905899047851562
187458,normal,3703,0,1782360846.6314197,0.0018858909606933594
187459,normal,3250,1,1782360846.633504,0.0020842552185058594
187460,normal,1262,0,1782360846.6354046,0.0019006729125976562
187461,normal,413,0,1782360846.637458,0.002053499221801758
187462,normal,1600,0,1782360846.6393657,0.0019075870513916016
187463,normal,3601,0,1782360846.6414735,0.002107858657836914
187464,normal,1203,0,1782360846.643473,0.001999378204345703
187465,normal,2413,0,1782360846.645364,0.0018911361694335938
187466,normal,1345,1,1782360846.6474836,0.0021195411682128906
187467,normal,2522,0,1782360846.6494994,0.002015829086303711
187468,normal,3449,0,1782360846.6513963,0.0018968582153320312
187469,normal,1081,0,1782360846.6535592,0.002162933349609375
187470,normal,2579,0,1782360846.6553535,0.0017943382263183594
187471,normal,1661,0,1782360846.6574717,0.0021181106567382812
187472,normal,2867,0,1782360846.6593542,0.0018825531005859375
187473,normal,2342,0,1782360846.6614678,0.0021135807037353516
187474,normal,3700,0,1782360846.6633518,0.0018839836120605469
187475,normal,1100,0,1782360846.6654634,0.002111673355102539
187476,normal,1594,0,1782360846.6675243,0.0020608901977539062
187477,normal,863,2,1782360846.6694477,0.0019233226776123047
187478,normal,174,0,1782360846.6715457,0.00209808349609375
187479,normal,2405,0,1782360846.673488,0.0019421577453613281
187480,normal,2382,0,1782360846.6753774,0.0018894672393798828
187481,normal,2030,0,1782360846.677417,0.002039670944213867
187482,normal,2651,0,1782360846.6792994,0.001882314682006836
187483,normal,3229,1,1782360846.681291,0.001991748809814453
187484,normal,3289,1,1782360846.683302,0.002010822296142578
187485,normal,3354,1,1782360846.685315,0.002012968063354492
187486,normal,1608,0,1782360846.6873574,0.002042531967163086
187487,normal,1305,0,1782360846.6894515,0.0020940303802490234
187488,normal,2938,0,1782360846.6914723,0.0020208358764648438
187489,normal,2217,0,1782360846.693533,0.0020606517791748047
187490,normal,585,0,1782360846.6954763,0.001943349838256836
187491,normal,248,0,1782360846.697492,0.0020155906677246094
187492,normal,2166,0,1782360846.6994233,0.0019314289093017578
187493,normal,2377,0,1782360846.7014976,0.0020742416381835938
187494,normal,2700,0,1782360846.703622,0.0021245479583740234
187495,normal,1214,0,1782360846.7053146,0.0016925334930419922
187496,normal,1613,0,1782360846.7072911,0.001976490020751953
187497,normal,161,0,1782360846.7092893,0.0019981861114501953
187498,normal,2470,0,1782360846.7112896,0.0020003318786621094
187499,normal,19,0,1782360846.713379,0.002089262008666992
187500,normal,228,0,1782360846.715403,0.0020241737365722656
187501,normal,2988,0,1782360846.7173064,0.0019032955169677734
187502,normal,1457,0,1782360846.719295,0.001988649368286133
187503,normal,1530,0,1782360846.721303,0.0020079612731933594
187504,normal,596,0,1782360846.723298,0.001995086669921875
187505,normal,1538,0,1782360846.725787,0.002488851547241211
187506,normal,2964,0,1782360846.7275906,0.0018036365509033203
187507,normal,668,0,1782360846.7294962,0.001905679702758789
187508,normal,2019,0,1782360846.7313654,0.00186920166015625
187509,normal,539,0,1782360846.7333426,0.001977205276489258
187510,normal,3235,1,1782360846.7353606,0.002017974853515625
187511,normal,1704,0,1782360846.7373536,0.001992940902709961
187512,normal,1809,0,1782360846.739828,0.002474546432495117
187513,normal,2083,0,1782360846.7413912,0.0015630722045898438
187514,normal,847,2,1782360846.7433422,0.001950979232788086
187515,normal,3331,1,1782360846.7453356,0.001993417739868164
187516,normal,3278,1,1782360846.7473423,0.0020067691802978516
187517,normal,2298,0,1782360846.749425,0.0020825862884521484
187518,normal,1952,0,1782360846.751324,0.0018990039825439453
187519,normal,810,2,1782360846.7536993,0.002375364303588867
187520,normal,595,0,1782360846.7555623,0.0018630027770996094
187521,normal,2176,0,1782360846.7575054,0.0019431114196777344
187522,normal,1461,0,1782360846.7594633,0.0019578933715820312
187523,normal,288,0,1782360846.761521,0.002057790756225586
187524,normal,3073,1,1782360846.7634888,0.0019676685333251953
187525,normal,2746,0,1782360846.765357,0.0018682479858398438
187526,normal,3701,0,1782360846.7678783,0.0025212764739990234
187527,normal,734,0,1782360846.7695642,0.0016858577728271484
187528,normal,171,0,1782360846.7714365,0.0018723011016845703
187529,normal,3262,1,1782360846.7738101,0.0023736953735351562
187530,normal,1335,1,1782360846.7754626,0.0016524791717529297
187531,normal,444,0,1782360846.7776496,0.002187013626098633
187532,normal,3094,1,1782360846.7793875,0.001737833023071289
187533,normal,1815,0,1782360846.7814546,0.002067089080810547
187534,normal,1067,0,1782360846.7834547,0.002000093460083008
187535,normal,3153,1,1782360846.785428,0.001973390579223633
187536,normal,650,0,1782360846.7874627,0.0020346641540527344
187537,normal,2328,0,1782360846.7894506,0.001987934112548828
187538,normal,1970,0,1782360846.7914484,0.001997709274291992
187539,normal,696,0,1782360846.7934644,0.0020160675048828125
187540,normal,3146,1,1782360846.7954836,0.002019166946411133
187541,normal,1605,0,1782360846.7975254,0.0020418167114257812
187542,normal,2183,0,1782360846.7995481,0.0020227432250976562
187543,normal,3530,0,1782360846.8013952,0.0018470287322998047
187544,normal,698,0,1782360846.8034825,0.0020873546600341797
187545,normal,856,2,1782360846.805532,0.0020494461059570312
187546,normal,1892,0,1782360846.807448,0.0019159317016601562
187547,normal,3267,1,1782360846.8095615,0.0021135807037353516
187548,normal,2499,0,1782360846.8114543,0.0018928050994873047
187549,normal,1711,0,1782360846.8133695,0.0019152164459228516
187550,normal,1071,0,1782360846.8154557,0.002086162567138672
187551,normal,1237,0,1782360846.818903,0.003447294235229492
187552,normal,2385,0,1782360846.8194404,0.0005373954772949219
187553,normal,3080,1,1782360846.8214645,0.0020241737365722656
187554,normal,2362,0,1782360846.8234744,0.002009868621826172
187555,normal,134,0,1782360846.8254714,0.0019969940185546875
187556,normal,1868,0,1782360846.827637,0.002165555953979492
187557,normal,1159,0,1782360846.829455,0.001817941665649414
187558,normal,235,0,1782360846.8314433,0.0019884109497070312
187559,normal,168,0,1782360846.8334482,0.002004861831665039
187560,normal,2132,0,1782360846.8354473,0.0019991397857666016
187561,normal,1232,0,1782360846.8374634,0.0020160675048828125
187562,normal,1946,0,1782360846.8394518,0.0019884109497070312
187563,normal,388,0,1782360846.8415322,0.0020804405212402344
187564,normal,3218,1,1782360846.843533,0.0020008087158203125
187565,normal,1784,0,1782360846.8454747,0.001941680908203125
187566,normal,2536,0,1782360846.8475716,0.002096891403198242
187567,normal,1295,0,1782360846.8494308,0.0018591880798339844
187568,normal,779,2,1782360846.8514862,0.0020554065704345703
187569,normal,1925,0,1782360846.853506,0.0020198822021484375
187570,normal,1951,0,1782360846.8555079,0.0020017623901367188
187571,normal,153,0,1782360846.8574662,0.0019583702087402344
187572,normal,2821,0,1782360846.8594515,0.001985311508178711
187573,normal,1063,0,1782360846.8614492,0.001997709274291992
187574,normal,3318,1,1782360846.8635602,0.0021109580993652344
187575,normal,759,0,1782360846.8655705,0.002010345458984375
187576,normal,3364,1,1782360846.8674576,0.0018870830535888672
187577,normal,3677,0,1782360846.8696098,0.0021522045135498047
187578,normal,3355,1,1782360846.8716505,0.0020406246185302734
187579,normal,1743,0,1782360846.8735917,0.0019412040710449219
187580,normal,1932,0,1782360846.8757083,0.002116680145263672
187581,normal,3447,0,1782360846.877591,0.0018825531005859375
187582,normal,2168,0,1782360846.8794637,0.0018727779388427734
187583,normal,350,0,1782360846.881459,0.0019953250885009766
187584,normal,2658,0,1782360846.8834517,0.0019927024841308594
187585,normal,123,0,1782360846.8854458,0.0019941329956054688
187586,normal,138,0,1782360846.887559,0.0021131038665771484
187587,normal,740,0,1782360846.8894644,0.0019054412841796875
187588,normal,3426,0,1782360846.8914258,0.0019614696502685547
187589,normal,675,0,1782360846.893427,0.002001047134399414
187590,normal,843,2,1782360846.8954184,0.0019915103912353516
187591,normal,1794,0,1782360846.8976939,0.0022754669189453125
187592,normal,1082,0,1782360846.899622,0.001928091049194336
187593,normal,2716,0,1782360846.9016337,0.0020117759704589844
187594,normal,1926,0,1782360846.9036133,0.0019795894622802734
187595,normal,2550,0,1782360846.9055352,0.0019218921661376953
187596,normal,2433,0,1782360846.9074805,0.0019452571868896484
187597,normal,1921,0,1782360846.9094834,0.0020029544830322266
187598,normal,1931,0,1782360846.911477,0.0019936561584472656
187599,normal,3214,1,1782360846.9135554,0.0020782947540283203
187600,normal,3181,1,1782360846.9158251,0.002269744873046875
187601,normal,2843,0,1782360846.9173813,0.0015561580657958984
187602,normal,394,0,1782360846.9194517,0.0020704269409179688
187603,normal,2130,0,1782360846.921459,0.0020072460174560547
187604,normal,2215,0,1782360846.9234977,0.002038717269897461
187605,normal,2901,0,1782360846.9255092,0.002011537551879883
187606,normal,1416,0,1782360846.9274306,0.0019214153289794922
187607,normal,2057,0,1782360846.9294863,0.002055644989013672
187608,normal,2801,0,1782360846.9315436,0.002057313919067383
187609,normal,1033,0,1782360846.9334283,0.0018846988677978516
187610,normal,1465,0,1782360846.9354944,0.0020661354064941406
187611,normal,3061,1,1782360846.9375553,0.0020608901977539062
187612,normal,1972,0,1782360846.9395914,0.0020360946655273438
187613,normal,1230,0,1782360846.941584,0.0019927024841308594
187614,normal,1279,0,1782360846.9435709,0.0019867420196533203
187615,normal,676,0,1782360846.9455345,0.0019636154174804688
187616,normal,2655,0,1782360846.9476056,0.0020711421966552734
187617,normal,219,0,1782360846.9494798,0.0018742084503173828
187618,normal,2512,0,1782360846.951471,0.00199127197265625
187619,normal,1113,0,1782360846.95346,0.0019888877868652344
187620,normal,2799,0,1782360846.9555569,0.002096891403198242
187621,normal,1324,1,1782360846.9574873,0.0019304752349853516
187622,normal,3099,1,1782360846.9597154,0.0022280216217041016
187623,normal,452,0,1782360846.9616108,0.0018954277038574219
187624,normal,263,0,1782360846.9633632,0.0017523765563964844
187625,normal,3047,1,1782360846.9654777,0.002114534378051758
187626,normal,90,0,1782360846.9679754,0.0024976730346679688
187627,normal,3418,0,1782360846.9696476,0.0016722679138183594
187628,normal,108,0,1782360846.9717152,0.00206756591796875
187629,normal,3477,0,1782360846.9735537,0.0018384456634521484
187630,normal,3194,1,1782360846.9754422,0.0018885135650634766
187631,normal,3499,0,1782360846.977536,0.002093791961669922
187632,normal,683,0,1782360846.9795692,0.002033233642578125
187633,normal,3116,1,1782360846.9820535,0.0024843215942382812
187634,normal,2931,0,1782360846.983362,0.001308441162109375
187635,normal,358,0,1782360846.9854548,0.0020928382873535156
187636,normal,2634,0,1782360846.987465,0.0020101070404052734
187637,normal,2557,0,1782360846.9894674,0.0020024776458740234
187638,normal,1276,0,1782360846.991474,0.00200653076171875
187639,normal,3663,0,1782360846.9933634,0.0018894672393798828
187640,normal,1196,0,1782360846.9954581,0.002094745635986328
187641,normal,2033,0,1782360846.997476,0.002017974853515625
187642,normal,1330,1,1782360846.9994857,0.0020096302032470703
187643,normal,3110,1,1782360847.0015574,0.0020716190338134766
187644,normal,2054,0,1782360847.0034719,0.0019145011901855469
187645,normal,3412,0,1782360847.0054548,0.0019829273223876953
187646,normal,2950,0,1782360847.0074508,0.0019960403442382812
187647,normal,3683,0,1782360847.0094566,0.0020058155059814453
187648,normal,995,2,1782360847.011457,0.0020003318786621094
187649,normal,3694,0,1782360847.0134497,0.0019927024841308594
187650,normal,1869,0,1782360847.0155208,0.0020711421966552734
187651,normal,1222,0,1782360847.017534,0.0020132064819335938
187652,normal,2125,0,1782360847.019558,0.002023935317993164
187653,normal,2680,0,1782360847.0214765,0.0019185543060302734
187654,normal,3201,1,1782360847.0234623,0.001985788345336914
187655,normal,583,0,1782360847.0255551,0.0020928382873535156
187656,normal,1731,0,1782360847.0274253,0.0018701553344726562
187657,normal,905,2,1782360847.0294273,0.0020020008087158203
187658,normal,88,0,1782360847.031333,0.001905679702758789
187659,normal,355,0,1782360847.0334246,0.002091646194458008
187660,normal,26,0,1782360847.0355604,0.002135753631591797
187661,normal,2544,0,1782360847.0374262,0.0018658638000488281
187662,normal,3379,1,1782360847.039557,0.002130746841430664
187663,normal,232,0,1782360847.041686,0.002129077911376953
187664,normal,2007,0,1782360847.0435114,0.0018253326416015625
187665,normal,1716,0,1782360847.0457344,0.0022230148315429688
187666,normal,371,0,1782360847.047474,0.001739501953125
187667,normal,1984,0,1782360847.0497031,0.0022292137145996094
187668,normal,1940,0,1782360847.0516248,0.0019216537475585938
187669,normal,3527,0,1782360847.0533407,0.0017158985137939453
187670,normal,3339,1,1782360847.05542,0.0020792484283447266
187671,normal,2584,0,1782360847.0574198,0.0019998550415039062
187672,normal,82,0,1782360847.0594482,0.0020284652709960938
187673,normal,2555,0,1782360847.0616417,0.002193450927734375
187674,normal,2965,0,1782360847.0633805,0.0017387866973876953
187675,normal,2249,0,1782360847.0654335,0.0020530223846435547
187676,normal,2683,0,1782360847.0674505,0.0020170211791992188
187677,normal,985,2,1782360847.069561,0.0021104812622070312
187678,normal,2411,0,1782360847.0719616,0.002400636672973633
187679,normal,3611,0,1782360847.0735953,0.0016336441040039062
187680,normal,2698,0,1782360847.0755408,0.00194549560546875
187681,normal,3640,0,1782360847.0777833,0.002242565155029297
187682,normal,1175,0,1782360847.079387,0.0016036033630371094
187683,normal,1179,0,1782360847.081466,0.002079010009765625
187684,normal,1367,1,1782360847.0834627,0.001996755599975586
187685,normal,3689,0,1782360847.0854635,0.0020008087158203125
187686,normal,383,0,1782360847.0877512,0.002287626266479492
187687,normal,2231,0,1782360847.0895278,0.0017766952514648438
187688,normal,1904,0,1782360847.091426,0.001898050308227539
187689,normal,1319,1,1782360847.093426,0.002000093460083008
187690,normal,3448,0,1782360847.0954454,0.0020194053649902344
187691,normal,3018,0,1782360847.0973518,0.0019063949584960938
187692,normal,3292,1,1782360847.0994534,0.0021016597747802734
187693,normal,1361,1,1782360847.1015353,0.0020818710327148438
187694,normal,1720,0,1782360847.1035097,0.001974344253540039
187695,normal,1853,0,1782360847.1054714,0.0019617080688476562
187696,normal,30,0,1782360847.1075099,0.0020384788513183594
187697,normal,2226,0,1782360847.1104157,0.0029058456420898438
187698,normal,2498,0,1782360847.1117132,0.0012974739074707031
187699,normal,1490,0,1782360847.1133296,0.0016164779663085938
187700,normal,962,2,1782360847.115963,0.002633333206176758
187701,normal,23,0,1782360847.1176412,0.0016782283782958984
187702,normal,207,0,1782360847.1199417,0.0023005008697509766
187703,normal,3498,0,1782360847.1219819,0.0020401477813720703
187704,normal,398,0,1782360847.1236916,0.0017096996307373047
187705,normal,917,2,1782360847.1253433,0.001651763916015625
187706,normal,2044,0,1782360847.1274283,0.002084970474243164
187707,normal,2599,0,1782360847.1294153,0.001986980438232422
187708,normal,3507,0,1782360847.131362,0.0019466876983642578
187709,normal,1362,1,1782360847.1334689,0.002106904983520508
187710,normal,3604,0,1782360847.1354663,0.0019974708557128906
187711,normal,1492,0,1782360847.1373703,0.0019040107727050781
187712,normal,1219,0,1782360847.1394467,0.002076387405395508
187713,normal,2963,0,1782360847.141478,0.0020313262939453125
187714,normal,2294,0,1782360847.1434932,0.0020151138305664062
187715,normal,2251,0,1782360847.1455193,0.002026081085205078
187716,normal,782,2,1782360847.1475487,0.0020294189453125
187717,normal,2645,0,1782360847.1493728,0.0018241405487060547
187718,normal,3688,0,1782360847.151501,0.002128124237060547
187719,normal,1187,0,1782360847.1535108,0.002009868621826172
187720,normal,3173,1,1782360847.1554456,0.0019347667694091797
187721,normal,185,0,1782360847.1575322,0.002086639404296875
187722,normal,2875,0,1782360847.1594472,0.00191497802734375
187723,normal,677,0,1782360847.1614738,0.0020265579223632812
187724,normal,3072,1,1782360847.1633713,0.001897573471069336
187725,normal,2660,0,1782360847.1654513,0.0020799636840820312
187726,normal,2943,0,1782360847.1674728,0.0020215511322021484
187727,normal,2259,0,1782360847.1694586,0.001985788345336914
187728,normal,273,0,1782360847.1714678,0.002009153366088867
187729,normal,728,0,1782360847.173387,0.0019192695617675781
187730,normal,3455,0,1782360847.1755753,0.0021882057189941406
187731,normal,3528,0,1782360847.177494,0.001918792724609375
187732,normal,2316,0,1782360847.1794553,0.001961231231689453
187733,normal,2765,0,1782360847.1814537,0.001998424530029297
187734,normal,3227,1,1782360847.1834507,0.0019969940185546875
187735,normal,2824,0,1782360847.185447,0.001996278762817383
187736,normal,769,0,1782360847.18745,0.0020029544830322266
187737,normal,2187,0,1782360847.18951,0.0020601749420166016
187738,normal,587,0,1782360847.1915326,0.0020225048065185547
187739,normal,2738,0,1782360847.1936102,0.0020775794982910156
187740,normal,1812,0,1782360847.1954596,0.0018494129180908203
187741,normal,3645,0,1782360847.1974597,0.002000093460083008
187742,normal,3162,1,1782360847.1995459,0.002086162567138672
187743,normal,294,0,1782360847.201448,0.0019021034240722656
187744,normal,1773,0,1782360847.2034278,0.001979827880859375
187745,normal,619,0,1782360847.2054217,0.001993894577026367
187746,normal,1738,0,1782360847.207429,0.0020072460174560547
187747,normal,2814,0,1782360847.2094874,0.0020585060119628906
187748,normal,3003,0,1782360847.2115474,0.0020599365234375
187749,normal,173,0,1782360847.2135909,0.002043485641479492
187750,normal,1171,0,1782360847.2155607,0.0019698143005371094
187751,normal,214,0,1782360847.2175567,0.0019960403442382812
187752,normal,2719,0,1782360847.2197065,0.002149820327758789
187753,normal,2475,0,1782360847.221431,0.0017244815826416016
187754,normal,478,0,1782360847.2236202,0.002189159393310547
187755,normal,1674,0,1782360847.2255242,0.0019040107727050781
187756,normal,3557,0,1782360847.2275136,0.0019893646240234375
187757,normal,3202,1,1782360847.2294223,0.0019087791442871094
187758,normal,62,0,1782360847.231419,0.001996755599975586
187759,normal,2161,0,1782360847.2334192,0.002000093460083008
187760,normal,2806,0,1782360847.2354205,0.0020012855529785156
187761,normal,176,0,1782360847.23766,0.0022394657135009766
187762,normal,3702,0,1782360847.239392,0.0017321109771728516
187763,normal,1123,0,1782360847.2414348,0.0020427703857421875
187764,normal,1748,0,1782360847.2434204,0.0019855499267578125
187765,normal,2910,0,1782360847.245423,0.002002716064453125
187766,normal,1189,0,1782360847.2474556,0.0020325183868408203
187767,normal,2020,0,1782360847.2501233,0.002667665481567383
187768,normal,1803,0,1782360847.2516134,0.0014901161193847656
187769,normal,3148,1,1782360847.2533875,0.0017740726470947266
187770,normal,3333,1,1782360847.2554615,0.002074003219604492
187771,normal,2374,0,1782360847.2574584,0.0019969940185546875
187772,normal,2080,0,1782360847.259466,0.0020074844360351562
187773,normal,2041,0,1782360847.2616594,0.002193450927734375
187774,normal,2741,0,1782360847.263489,0.0018296241760253906
187775,normal,95,0,1782360847.2654562,0.001967191696166992
187776,normal,2127,0,1782360847.2674663,0.0020101070404052734
187777,normal,2785,0,1782360847.2694604,0.0019941329956054688
187778,normal,2175,0,1782360847.2714658,0.002005338668823242
187779,normal,3191,1,1782360847.2734756,0.002009868621826172
187780,normal,2822,0,1782360847.2757204,0.002244710922241211
187781,normal,2887,0,1782360847.2775948,0.0018744468688964844
187782,normal,2092,0,1782360847.2796133,0.002018451690673828
187783,normal,2208,0,1782360847.2814925,0.0018792152404785156
187784,normal,2428,0,1782360847.2836194,0.002126932144165039
187785,normal,81,0,1782360847.2855418,0.0019223690032958984
187786,normal,1650,0,1782360847.2876136,0.002071857452392578
187787,normal,1088,0,1782360847.2897785,0.0021648406982421875
187788,normal,1452,0,1782360847.2915542,0.0017757415771484375
187789,normal,3561,0,1782360847.2934942,0.001940011978149414
187790,normal,1267,0,1782360847.295526,0.0020318031311035156
187791,normal,3603,0,1782360847.2977548,0.0022287368774414062
187792,normal,2437,0,1782360847.2993977,0.0016429424285888672
187793,normal,1096,0,1782360847.3014307,0.0020329952239990234
187794,normal,120,0,1782360847.3034267,0.0019960403442382812
187795,normal,1022,2,1782360847.3054724,0.0020456314086914062
187796,normal,2341,0,1782360847.3073692,0.0018968582153320312
187797,normal,3044,0,1782360847.3094618,0.002092599868774414
187798,normal,1519,0,1782360847.311446,0.001984119415283203
187799,normal,2835,0,1782360847.3133643,0.0019183158874511719
187800,normal,894,2,1782360847.315484,0.002119779586791992
187801,normal,2507,0,1782360847.3175173,0.002033233642578125
187802,normal,3257,1,1782360847.31954,0.0020227432250976562
187803,normal,563,0,1782360847.3215184,0.0019783973693847656
187804,normal,27,0,1782360847.323358,0.0018396377563476562
187805,normal,945,2,1782360847.3255043,0.0021462440490722656
187806,normal,1165,0,1782360847.327522,0.0020177364349365234
187807,normal,3155,1,1782360847.3295517,0.0020296573638916016
187808,normal,2228,0,1782360847.3313985,0.0018467903137207031
187809,normal,3001,0,1782360847.3334541,0.002055644989013672
187810,normal,2441,0,1782360847.3354506,0.0019965171813964844
187811,normal,1518,0,1782360847.337367,0.0019164085388183594
187812,normal,292,0,1782360847.3394568,0.0020897388458251953
187813,normal,951,2,1782360847.3413715,0.0019147396087646484
187814,normal,2783,0,1782360847.343454,0.002082347869873047
187815,normal,1296,0,1782360847.3454728,0.0020189285278320312
187816,normal,2918,0,1782360847.3476439,0.002171039581298828
187817,normal,883,2,1782360847.3495529,0.001909017562866211
187818,normal,1915,0,1782360847.3523655,0.002812623977661133
187819,normal,988,2,1782360847.35339,0.001024484634399414
187820,normal,2518,0,1782360847.3554792,0.002089262008666992
187821,normal,2209,0,1782360847.3574724,0.0019931793212890625
187822,normal,3087,1,1782360847.3594568,0.0019843578338623047
187823,normal,3697,0,1782360847.3614562,0.001999378204345703
187824,normal,1425,0,1782360847.363528,0.002071857452392578
187825,normal,3203,1,1782360847.3655365,0.0020084381103515625
187826,normal,2504,0,1782360847.3675447,0.002008199691772461
187827,normal,1979,0,1782360847.3695138,0.0019690990447998047
187828,normal,3245,1,1782360847.3716037,0.002089977264404297
187829,normal,2207,0,1782360847.3734324,0.0018286705017089844
187830,normal,3595,0,1782360847.375544,0.002111673355102539
187831,normal,424,0,1782360847.3774745,0.0019304752349853516
187832,normal,2236,0,1782360847.3794656,0.0019910335540771484
187833,normal,2769,0,1782360847.381459,0.001993417739868164
187834,normal,2595,0,1782360847.3834505,0.0019915103912353516
187835,normal,1234,0,1782360847.3854654,0.0020148754119873047
187836,normal,1989,0,1782360847.3876002,0.0021347999572753906
187837,normal,2775,0,1782360847.3894432,0.0018429756164550781
187838,normal,2844,0,1782360847.3915687,0.0021255016326904297
187839,normal,3349,1,1782360847.3936949,0.0021262168884277344
187840,normal,680,0,1782360847.3955033,0.0018084049224853516
187841,normal,2865,0,1782360847.3977091,0.0022058486938476562
187842,normal,3285,1,1782360847.399737,0.002027750015258789
187843,normal,2947,0,1782360847.4015985,0.001861572265625
187844,normal,1754,0,1782360847.4034927,0.001894235610961914
187845,normal,3506,0,1782360847.4054377,0.0019450187683105469
187846,normal,2868,0,1782360847.4074295,0.001991748809814453
187847,normal,518,0,1782360847.4094245,0.001995086669921875
187848,normal,538,0,1782360847.4117398,0.0023152828216552734
187849,normal,1334,1,1782360847.413353,0.0016131401062011719
187850,normal,3566,0,1782360847.4154294,0.002076387405395508
187851,normal,505,0,1782360847.4174242,0.0019948482513427734
187852,normal,3063,1,1782360847.41942,0.0019958019256591797
187853,normal,1409,0,1782360847.4216452,0.002225160598754883
187854,normal,410,0,1782360847.4236476,0.0020024776458740234
187855,normal,296,0,1782360847.42552,0.0018723011016845703
187856,normal,3620,0,1782360847.427756,0.0022361278533935547
187857,normal,2879,0,1782360847.4295125,0.001756429672241211
187858,normal,3617,0,1782360847.4314797,0.001967191696166992
187859,normal,3177,1,1782360847.4334924,0.0020127296447753906
187860,normal,2894,0,1782360847.4354708,0.0019783973693847656
187861,normal,293,0,1782360847.4376297,0.0021588802337646484
187862,normal,1489,0,1782360847.4397004,0.0020706653594970703
187863,normal,1497,0,1782360847.4414718,0.0017714500427246094
187864,normal,142,0,1782360847.4434521,0.001980304718017578
187865,normal,1453,0,1782360847.4454572,0.0020051002502441406
187866,normal,1572,0,1782360847.4474535,0.001996278762817383
187867,normal,2914,0,1782360847.4494712,0.0020177364349365234
187868,normal,3582,0,1782360847.451481,0.002009868621826172
187869,normal,465,0,1782360847.4534469,0.001965761184692383
187870,normal,984,2,1782360847.4555018,0.002054929733276367
187871,normal,1954,0,1782360847.4574857,0.0019838809967041016
187872,normal,3312,1,1782360847.4594698,0.001984119415283203
187873,normal,2179,0,1782360847.4613967,0.0019268989562988281
187874,normal,607,0,1782360847.463688,0.0022912025451660156
187875,normal,963,2,1782360847.4655905,0.0019025802612304688
187876,normal,2600,0,1782360847.4674714,0.0018808841705322266
187877,normal,2346,0,1782360847.469621,0.0021495819091796875
187878,normal,981,2,1782360847.4716005,0.0019795894622802734
187879,normal,1847,0,1782360847.473383,0.0017824172973632812
187880,normal,719,0,1782360847.4754524,0.0020694732666015625
187881,normal,189,0,1782360847.4775326,0.002080202102661133
187882,normal,2627,0,1782360847.4795518,0.002019166946411133
187883,normal,1091,0,1782360847.4814894,0.0019376277923583984
187884,normal,1211,0,1782360847.4835646,0.0020751953125
187885,normal,1471,0,1782360847.4856067,0.002042055130004883
187886,normal,1134,0,1782360847.487358,0.0017514228820800781
187887,normal,1961,0,1782360847.4894469,0.002088785171508789
187888,normal,382,0,1782360847.4915984,0.0021514892578125
187889,normal,441,0,1782360847.4937253,0.002126932144165039
187890,normal,736,0,1782360847.4957843,0.0020589828491210938
187891,normal,3518,0,1782360847.4974806,0.0016963481903076172
187892,normal,3508,0,1782360847.4995186,0.0020380020141601562
187893,normal,1244,0,1782360847.5015523,0.002033710479736328
187894,normal,212,0,1782360847.5034685,0.0019161701202392578
187895,normal,3222,1,1782360847.5061438,0.002675294876098633
187896,normal,1880,0,1782360847.5074522,0.001308441162109375
187897,normal,3382,1,1782360847.5094597,0.0020074844360351562
187898,normal,2174,0,1782360847.5114734,0.002013683319091797
187899,normal,2838,0,1782360847.5134668,0.001993417739868164
187900,normal,2761,0,1782360847.5154548,0.001987934112548828
187901,normal,3301,1,1782360847.5175576,0.0021028518676757812
187902,normal,1833,0,1782360847.5194585,0.0019009113311767578
187903,normal,2506,0,1782360847.521473,0.0020143985748291016
187904,normal,1307,0,1782360847.523512,0.0020389556884765625
187905,normal,2933,0,1782360847.5255384,0.0020265579223632812
187906,normal,3609,0,1782360847.5274534,0.00191497802734375
187907,normal,1767,0,1782360847.529448,0.001994609832763672
187908,normal,2664,0,1782360847.531448,0.0019998550415039062
187909,normal,2496,0,1782360847.533447,0.0019991397857666016
187910,normal,3395,1,1782360847.5354466,0.0019996166229248047
187911,normal,714,0,1782360847.5374572,0.0020105838775634766
187912,normal,2736,0,1782360847.5395129,0.002055644989013672
187913,normal,664,0,1782360847.5415518,0.0020389556884765625
187914,normal,3552,0,1782360847.5436375,0.0020856857299804688
187915,normal,2299,0,1782360847.5453722,0.0017347335815429688
187916,normal,140,0,1782360847.5474687,0.002096414566040039
187917,normal,2834,0,1782360847.5495427,0.002074003219604492
187918,normal,111,0,1782360847.5513332,0.0017905235290527344
187919,normal,776,2,1782360847.5534172,0.002084016799926758
187920,normal,322,0,1782360847.5554178,0.002000570297241211
187921,normal,1543,0,1782360847.5574937,0.0020759105682373047
187922,normal,1766,0,1782360847.5595522,0.0020585060119628906
187923,normal,3482,0,1782360847.5614927,0.0019404888153076172
187924,normal,941,2,1782360847.5635643,0.0020716190338134766
187925,normal,2288,0,1782360847.5655823,0.002017974853515625
187926,normal,1470,0,1782360847.5678902,0.002307891845703125
187927,normal,821,2,1782360847.5694041,0.0015139579772949219
187928,normal,2488,0,1782360847.571517,0.002112865447998047
187929,normal,2763,0,1782360847.573685,0.002167940139770508
187930,normal,1867,0,1782360847.575517,0.0018320083618164062
187931,normal,2010,0,1782360847.5774412,0.001924276351928711
187932,normal,2199,0,1782360847.5794227,0.001981496810913086
187933,normal,2232,0,1782360847.5814233,0.002000570297241211
187934,normal,172,0,1782360847.5833619,0.0019385814666748047
187935,normal,197,0,1782360847.585648,0.002286195755004883
187936,normal,1532,0,1782360847.58733,0.0016820430755615234
187937,normal,1569,0,1782360847.5894258,0.0020956993103027344
187938,normal,3377,1,1782360847.5914168,0.0019910335540771484
187939,normal,1423,0,1782360847.5934167,0.0019998550415039062
187940,normal,1830,0,1782360847.595943,0.0025262832641601562
187941,normal,672,0,1782360847.5974991,0.0015561580657958984
187942,normal,2297,0,1782360847.5994713,0.001972198486328125
187943,normal,2439,0,1782360847.6016338,0.002162456512451172
187944,normal,460,0,1782360847.6034877,0.00185394287109375
187945,normal,2018,0,1782360847.605458,0.0019702911376953125
187946,normal,71,0,1782360847.6074555,0.0019974708557128906
187947,normal,1109,0,1782360847.6094556,0.002000093460083008
187948,normal,1466,0,1782360847.611902,0.002446413040161133
187949,normal,3294,1,1782360847.6134236,0.0015215873718261719
187950,normal,2633,0,1782360847.6154242,0.002000570297241211
187951,normal,2699,0,1782360847.617425,0.0020008087158203125
187952,normal,2521,0,1782360847.6194348,0.002009868621826172
187953,normal,773,2,1782360847.621448,0.0020132064819335938
187954,normal,3470,0,1782360847.623472,0.002023935317993164
187955,normal,291,0,1782360847.6254563,0.0019843578338623047
187956,normal,2151,0,1782360847.6275268,0.0020704269409179688
187957,normal,3272,1,1782360847.6293852,0.0018584728240966797
187958,normal,3220,1,1782360847.631573,0.0021877288818359375
187959,normal,1824,0,1782360847.6344318,0.002858877182006836
187960,normal,3303,1,1782360847.6357098,0.001277923583984375
187961,normal,830,2,1782360847.637462,0.0017521381378173828
187962,normal,999,2,1782360847.6399336,0.0024716854095458984
187963,normal,3593,0,1782360847.6415522,0.0016186237335205078
187964,normal,2530,0,1782360847.6438687,0.0023164749145507812
187965,normal,1840,0,1782360847.6458602,0.0019915103912353516
187966,normal,858,2,1782360847.6474414,0.0015811920166015625
187967,normal,3054,1,1782360847.6493394,0.001898050308227539
187968,normal,3633,0,1782360847.6514292,0.0020897388458251953
187969,normal,817,2,1782360847.6534107,0.001981496810913086
187970,normal,2245,0,1782360847.6554642,0.002053499221801758
187971,normal,1480,0,1782360847.657476,0.0020117759704589844
187972,normal,3197,1,1782360847.659463,0.001986980438232422
187973,normal,285,0,1782360847.6614711,0.002008199691772461
187974,normal,488,0,1782360847.66344,0.001968860626220703
187975,normal,2076,0,1782360847.6655006,0.0020606517791748047
187976,normal,3164,1,1782360847.6675253,0.0020246505737304688
187977,normal,1943,0,1782360847.6695483,0.002022981643676758
187978,normal,1761,0,1782360847.671456,0.0019078254699707031
187979,normal,84,0,1782360847.6733336,0.0018775463104248047
187980,normal,2602,0,1782360847.6755254,0.002191781997680664
187981,normal,3542,0,1782360847.6774263,0.0019009113311767578
187982,normal,55,0,1782360847.6795397,0.00211334228515625
187983,normal,31,0,1782360847.6815248,0.0019850730895996094
187984,normal,3556,0,1782360847.6834474,0.001922607421875
187985,normal,2330,0,1782360847.6853676,0.0019202232360839844
187986,normal,2315,0,1782360847.6874638,0.0020961761474609375
187987,normal,794,2,1782360847.6894555,0.001991748809814453
187988,normal,824,2,1782360847.6914606,0.0020051002502441406
187989,normal,1910,0,1782360847.6934757,0.0020151138305664062
187990,normal,1314,0,1782360847.6954703,0.001994609832763672
187991,normal,934,2,1782360847.6974783,0.0020079612731933594
187992,normal,3143,1,1782360847.6995862,0.002107858657836914
187993,normal,1011,2,1782360847.7013862,0.0018000602722167969
187994,normal,859,2,1782360847.7034512,0.002064943313598633
187995,normal,230,0,1782360847.7054625,0.0020112991333007812
187996,normal,3391,1,1782360847.7074573,0.0019948482513427734
187997,normal,462,0,1782360847.7094514,0.0019941329956054688
187998,normal,2816,0,1782360847.7114565,0.0020051002502441406
187999,normal,2998,0,1782360847.7135205,0.0020639896392822266
188000,normal,40,0,1782360847.715529,0.0020084381103515625
188001,normal,3069,1,1782360847.717677,0.002148151397705078
188002,normal,536,0,1782360847.7193766,0.0016994476318359375
188003,normal,365,0,1782360847.7214684,0.0020918846130371094
188004,normal,849,2,1782360847.7235234,0.002054929733276367
188005,normal,170,0,1782360847.725446,0.001922607421875
188006,normal,547,0,1782360847.7274327,0.0019867420196533203
188007,normal,1895,0,1782360847.7294354,0.002002716064453125
188008,normal,2204,0,1782360847.7314277,0.0019922256469726562
188009,normal,3397,1,1782360847.7334816,0.002053976058959961
188010,normal,2510,0,1782360847.735538,0.0020563602447509766
188011,normal,3685,0,1782360847.737584,0.0020461082458496094
188012,normal,648,0,1782360847.7395895,0.002005338668823242
188013,normal,2891,0,1782360847.7416332,0.0020437240600585938
188014,normal,2754,0,1782360847.743589,0.001955747604370117
188015,normal,428,0,1782360847.7455933,0.002004384994506836
188016,normal,1384,0,1782360847.747657,0.002063751220703125
188017,normal,1328,1,1782360847.7496307,0.0019736289978027344
188018,normal,1599,0,1782360847.7514472,0.0018165111541748047
188019,normal,1019,2,1782360847.7534215,0.001974344253540039
188020,normal,3159,1,1782360847.7554197,0.0019981861114501953
188021,normal,280,0,1782360847.7574298,0.0020101070404052734
188022,normal,3156,1,1782360847.7596173,0.002187490463256836
188023,normal,36,0,1782360847.7614038,0.0017864704132080078
188024,normal,1768,0,1782360847.763418,0.00201416015625
188025,normal,2675,0,1782360847.7654245,0.00200653076171875
188026,normal,1891,0,1782360847.7674236,0.0019991397857666016
188027,normal,2617,0,1782360847.7694247,0.002001047134399414
188028,normal,3325,1,1782360847.7723598,0.002935171127319336
188029,normal,543,0,1782360847.7736769,0.0013170242309570312
188030,normal,1485,0,1782360847.7754824,0.0018055438995361328
188031,normal,2928,0,1782360847.7774398,0.001957416534423828
188032,normal,1238,0,1782360847.7794404,0.002000570297241211
188033,normal,2325,0,1782360847.7814453,0.002004861831665039
188034,normal,565,0,1782360847.7836347,0.0021893978118896484
188035,normal,753,0,1782360847.7855234,0.0018887519836425781
188036,normal,3233,1,1782360847.787462,0.0019385814666748047
188037,normal,175,0,1782360847.7894604,0.001998424530029297
188038,normal,1472,0,1782360847.7914627,0.002002239227294922
188039,normal,3613,0,1782360847.79347,0.0020072460174560547
188040,normal,732,0,1782360847.795492,0.0020220279693603516
188041,normal,1899,0,1782360847.7976234,0.0021314620971679688
188042,normal,1161,0,1782360847.7997239,0.0021004676818847656
188043,normal,56,0,1782360847.8015845,0.0018606185913085938
188044,normal,3104,1,1782360847.8034856,0.0019011497497558594
188045,normal,1709,0,1782360847.8056378,0.0021522045135498047
188046,normal,485,0,1782360847.8075535,0.0019156932830810547
188047,normal,3414,0,1782360847.8093703,0.0018167495727539062
188048,normal,101,0,1782360847.8119192,0.0025489330291748047
188049,normal,3192,1,1782360847.8135602,0.0016410350799560547
188050,normal,983,2,1782360847.8155422,0.001981973648071289
188051,normal,2830,0,1782360847.8178422,0.0023000240325927734
188052,normal,1044,0,1782360847.8198884,0.0020461082458496094
188053,normal,581,0,1782360847.8214793,0.0015909671783447266
188054,normal,329,0,1782360847.8234663,0.001986980438232422
188055,normal,2221,0,1782360847.8254461,0.001979827880859375
188056,normal,1209,0,1782360847.8273864,0.0019402503967285156
188057,normal,618,0,1782360847.8294785,0.002092123031616211
188058,normal,1944,0,1782360847.8314912,0.0020127296447753906
188059,normal,748,0,1782360847.833458,0.001966714859008789
188060,normal,1073,0,1782360847.8354568,0.0019989013671875
188061,normal,1294,0,1782360847.8374817,0.0020248889923095703
188062,normal,3169,1,1782360847.839501,0.002019166946411133
188063,normal,3516,0,1782360847.8415258,0.0020248889923095703
188064,normal,1771,0,1782360847.8435652,0.0020394325256347656
188065,normal,133,0,1782360847.8453786,0.0018134117126464844
188066,normal,2225,0,1782360847.847498,0.002119302749633789
188067,normal,2762,0,1782360847.8495154,0.002017498016357422
188068,normal,797,2,1782360847.851455,0.001939535140991211
188069,normal,3049,1,1782360847.8535578,0.0021028518676757812
188070,normal,793,2,1782360847.8554406,0.001882791519165039
188071,normal,2896,0,1782360847.8574712,0.002030611038208008
188072,normal,3588,0,1782360847.8594565,0.001985311508178711
188073,normal,3635,0,1782360847.8614714,0.0020148754119873047
188074,normal,2708,0,1782360847.86345,0.001978635787963867
188075,normal,930,2,1782360847.865459,0.0020089149475097656
188076,normal,346,0,1782360847.867556,0.0020971298217773438
188077,normal,3536,0,1782360847.869478,0.0019218921661376953
188078,normal,2086,0,1782360847.8716154,0.002137422561645508
188079,normal,2686,0,1782360847.8734615,0.0018460750579833984
188080,normal,2494,0,1782360847.875453,0.0019915103912353516
188081,normal,2350,0,1782360847.8774598,0.0020067691802978516
188082,normal,3106,1,1782360847.8794572,0.0019974708557128906
188083,normal,475,0,1782360847.8814557,0.001998424530029297
188084,normal,3462,0,1782360847.8834753,0.002019643783569336
188085,normal,254,0,1782360847.885532,0.002056598663330078
188086,normal,0,0,1782360847.887444,0.0019121170043945312
188087,normal,3286,1,1782360847.8895648,0.0021207332611083984
188088,normal,2271,0,1782360847.8915555,0.001990795135498047
188089,normal,2110,0,1782360847.8934119,0.0018563270568847656
188090,normal,610,0,1782360847.895487,0.0020751953125
188091,normal,1633,0,1782360847.8975723,0.0020852088928222656
188092,normal,867,2,1782360847.8993711,0.001798868179321289
188093,normal,3167,1,1782360847.90147,0.0020987987518310547
188094,normal,2002,0,1782360847.9034474,0.0019774436950683594
188095,normal,2160,0,1782360847.9054458,0.001998424530029297
188096,normal,2735,0,1782360847.907596,0.002150297164916992
188097,normal,895,2,1782360847.909539,0.0019428730010986328
188098,normal,2079,0,1782360847.91157,0.002031087875366211
188099,normal,3454,0,1782360847.913691,0.0021209716796875
188100,normal,3032,0,1782360847.9156053,0.0019142627716064453
188101,normal,260,0,1782360847.9175947,0.0019893646240234375
188102,normal,1914,0,1782360847.919763,0.002168416976928711
188103,normal,566,0,1782360847.9217095,0.0019464492797851562
188104,normal,2935,0,1782360847.9233792,0.0016696453094482422
188105,normal,119,0,1782360847.9254365,0.002057313919067383
188106,normal,2974,0,1782360847.927429,0.001992464065551758
188107,normal,787,2,1782360847.9294288,0.0019998550415039062
188108,normal,2815,0,1782360847.9315934,0.002164602279663086
188109,normal,1137,0,1782360847.933446,0.0018525123596191406
188110,normal,39,0,1782360847.9354322,0.001986265182495117
188111,normal,3305,1,1782360847.9374275,0.0019953250885009766
188112,normal,756,0,1782360847.9394393,0.0020117759704589844
188113,normal,282,0,1782360847.9416575,0.0022182464599609375
188114,normal,2090,0,1782360847.9435658,0.0019083023071289062
188115,normal,1251,0,1782360847.9456296,0.002063751220703125
188116,normal,3166,1,1782360847.9476542,0.0020246505737304688
188117,normal,3392,1,1782360847.9495034,0.0018491744995117188
188118,normal,3494,0,1782360847.9526095,0.0031061172485351562
188119,normal,2586,0,1782360847.9534762,0.0008666515350341797
188120,normal,3242,1,1782360847.9554827,0.00200653076171875
188121,normal,1994,0,1782360847.9574752,0.001992464065551758
188122,normal,2114,0,1782360847.959748,0.0022728443145751953
188123,normal,2689,0,1782360847.961453,0.0017049312591552734
188124,normal,2921,0,1782360847.9634562,0.002003192901611328
188125,normal,3295,1,1782360847.9654732,0.0020170211791992188
188126,normal,3256,1,1782360847.9674714,0.0019981861114501953
188127,normal,324,0,1782360847.969475,0.0020036697387695312
188128,normal,3445,0,1782360847.9714882,0.0020132064819335938
188129,normal,240,0,1782360847.9734032,0.00191497802734375
188130,normal,2200,0,1782360847.9754803,0.0020771026611328125
188131,normal,1692,0,1782360847.9774163,0.0019359588623046875
188132,normal,3209,1,1782360847.979491,0.002074718475341797
188133,normal,152,0,1782360847.981473,0.001981973648071289
188134,normal,94,0,1782360847.983746,0.002273082733154297
188135,normal,3649,0,1782360847.985535,0.0017888545989990234
188136,normal,2442,0,1782360847.9876208,0.0020859241485595703
188137,normal,361,0,1782360847.9895167,0.001895904541015625
188138,normal,3529,0,1782360847.9916384,0.0021216869354248047
188139,normal,1414,0,1782360847.993507,0.0018684864044189453
188140,normal,2927,0,1782360847.9953728,0.0018658638000488281
188141,normal,328,0,1782360847.9975133,0.002140522003173828
188142,normal,264,0,1782360847.9995527,0.0020394325256347656
188143,normal,1188,0,1782360848.0014606,0.0019078254699707031
188144,normal,1528,0,1782360848.0036097,0.0021491050720214844
188145,normal,3038,0,1782360848.005738,0.0021283626556396484
188146,normal,654,0,1782360848.007474,0.0017359256744384766
188147,normal,458,0,1782360848.0094912,0.0020172595977783203
188148,normal,3419,0,1782360848.0118299,0.0023386478424072266
188149,normal,147,0,1782360848.014045,0.002215147018432617
188150,normal,2056,0,1782360848.0155523,0.0015072822570800781
188151,normal,3345,1,1782360848.0177903,0.002238035202026367
188152,normal,524,0,1782360848.0194213,0.001631021499633789
188153,normal,3185,1,1782360848.0215397,0.002118349075317383
188154,normal,572,0,1782360848.0235517,0.002012014389038086
188155,normal,1521,0,1782360848.0254836,0.001931905746459961
188156,normal,1292,0,1782360848.0278668,0.0023832321166992188
188157,normal,2165,0,1782360848.0294275,0.0015606880187988281
188158,normal,879,2,1782360848.0313854,0.0019578933715820312
188159,normal,702,0,1782360848.033467,0.002081632614135742
188160,normal,429,0,1782360848.0354521,0.0019850730895996094
188161,normal,114,0,1782360848.037448,0.0019958019256591797
188162,normal,2013,0,1782360848.0394485,0.002000570297241211
188163,normal,1352,1,1782360848.0414667,0.0020182132720947266
188164,normal,443,0,1782360848.0434802,0.0020134449005126953
188165,normal,1331,1,1782360848.0455575,0.002077341079711914
188166,normal,1601,0,1782360848.0475051,0.001947641372680664
188167,normal,2654,0,1782360848.0494528,0.001947641372680664
188168,normal,3575,0,1782360848.0514562,0.0020034313201904297
188169,normal,861,2,1782360848.0534523,0.0019960403442382812
188170,normal,1270,0,1782360848.0554557,0.0020034313201904297
188171,normal,1983,0,1782360848.0574584,0.002002716064453125
188172,normal,2402,0,1782360848.059499,0.0020406246185302734
188173,normal,3511,0,1782360848.0615256,0.0020265579223632812
188174,normal,3007,0,1782360848.0637627,0.002237081527709961
188175,normal,1282,0,1782360848.0654588,0.0016961097717285156
188176,normal,1093,0,1782360848.0674727,0.0020139217376708984
188177,normal,1929,0,1782360848.0694895,0.002016782760620117
188178,normal,1184,0,1782360848.0714886,0.0019991397857666016
188179,normal,2836,0,1782360848.0734262,0.0019376277923583984
188180,normal,506,0,1782360848.0754387,0.002012491226196289
188181,normal,3121,1,1782360848.0774293,0.0019905567169189453
188182,normal,2006,0,1782360848.0795565,0.0021271705627441406
188183,normal,234,0,1782360848.0815356,0.0019791126251220703
188184,normal,1903,0,1782360848.0835202,0.0019845962524414062
188185,normal,2289,0,1782360848.0855446,0.002024412155151367
188186,normal,3428,0,1782360848.0877104,0.0021657943725585938
188187,normal,1846,0,1782360848.0894983,0.0017879009246826172
188188,normal,1394,0,1782360848.091543,0.002044677734375
188189,normal,3322,1,1782360848.093433,0.001889944076538086
188190,normal,1787,0,1782360848.0958087,0.0023758411407470703
188191,normal,2459,0,1782360848.0975094,0.0017006397247314453
188192,normal,432,0,1782360848.099462,0.0019526481628417969
188193,normal,3380,1,1782360848.1015604,0.0020983219146728516
188194,normal,2372,0,1782360848.1034672,0.0019068717956542969
188195,normal,665,0,1782360848.1057196,0.002252340316772461
188196,normal,156,0,1782360848.1074798,0.001760244369506836
188197,normal,2280,0,1782360848.1095047,0.0020248889923095703
188198,normal,3133,1,1782360848.111423,0.0019183158874511719
188199,normal,1942,0,1782360848.1134188,0.0019958019256591797
188200,normal,1558,0,1782360848.1154199,0.002001047134399414
188201,normal,1866,0,1782360848.1179938,0.0025739669799804688
188202,normal,622,0,1782360848.119569,0.0015752315521240234
188203,normal,519,0,1782360848.12139,0.0018210411071777344
188204,normal,666,0,1782360848.1237025,0.0023124217987060547
188205,normal,783,2,1782360848.1254559,0.0017533302307128906
188206,normal,3260,1,1782360848.1274471,0.00199127197265625
188207,normal,3485,0,1782360848.1294487,0.002001523971557617
188208,normal,674,0,1782360848.131458,0.0020093917846679688
188209,normal,1247,0,1782360848.1340108,0.0025527477264404297
188210,normal,1819,0,1782360848.135434,0.0014231204986572266
188211,normal,22,0,1782360848.137457,0.002022981643676758
188212,normal,2296,0,1782360848.1394634,0.00200653076171875
188213,normal,701,0,1782360848.141464,0.002000570297241211
188214,normal,1076,0,1782360848.1434665,0.0020024776458740234
188215,normal,1315,0,1782360848.1455338,0.0020673274993896484
188216,normal,1226,0,1782360848.1474516,0.0019178390502929688
188217,normal,162,0,1782360848.1495175,0.002065896987915039
188218,normal,3574,0,1782360848.1513896,0.0018720626831054688
188219,normal,2004,0,1782360848.153855,0.002465486526489258
188220,normal,3519,0,1782360848.1563177,0.002462625503540039
188221,normal,3338,1,1782360848.15744,0.0011222362518310547
188222,normal,433,0,1782360848.159919,0.002479076385498047
188223,normal,3135,1,1782360848.1617615,0.001842498779296875
188224,normal,418,0,1782360848.1635122,0.0017507076263427734
188225,normal,3442,0,1782360848.166008,0.0024957656860351562
188226,normal,2717,0,1782360848.1677263,0.001718282699584961
188227,normal,3541,0,1782360848.1693385,0.0016121864318847656
188228,normal,3356,1,1782360848.171424,0.002085447311401367
188229,normal,2578,0,1782360848.1734357,0.0020117759704589844
188230,normal,409,0,1782360848.1753314,0.0018956661224365234
188231,normal,1046,0,1782360848.1774883,0.002156972885131836
188232,normal,2436,0,1782360848.1794722,0.0019838809967041016
188233,normal,3113,1,1782360848.1813781,0.0019059181213378906
188234,normal,1649,0,1782360848.1834636,0.002085447311401367
188235,normal,270,0,1782360848.1854787,0.0020151138305664062
188236,normal,1993,0,1782360848.1875021,0.002023458480834961
188237,normal,1259,0,1782360848.1895278,0.002025604248046875
188238,normal,2677,0,1782360848.1915603,0.0020325183868408203
188239,normal,2060,0,1782360848.193391,0.0018308162689208984
188240,normal,1686,0,1782360848.1955051,0.0021140575408935547
188241,normal,2154,0,1782360848.197515,0.002009868621826172
188242,normal,1585,0,1782360848.199448,0.0019330978393554688
188243,normal,936,2,1782360848.201555,0.002106904983520508
188244,normal,2756,0,1782360848.2034504,0.0018954277038574219
188245,normal,3216,1,1782360848.2054663,0.002015829086303711
188246,normal,887,2,1782360848.2074564,0.001990079879760742
188247,normal,24,0,1782360848.2094598,0.0020034313201904297
188248,normal,1135,0,1782360848.2113652,0.0019054412841796875
188249,normal,2366,0,1782360848.21347,0.0021047592163085938
188250,normal,1381,1,1782360848.2154686,0.0019986629486083984
188251,normal,3415,0,1782360848.2175922,0.002123594284057617
188252,normal,635,0,1782360848.219543,0.0019507408142089844
188253,normal,2771,0,1782360848.2215395,0.0019965171813964844
188254,normal,2367,0,1782360848.2234578,0.0019183158874511719
188255,normal,1531,0,1782360848.2254534,0.001995563507080078
188256,normal,3367,1,1782360848.2274516,0.0019981861114501953
188257,normal,3489,0,1782360848.2294564,0.002004861831665039
188258,normal,1524,0,1782360848.2314484,0.0019919872283935547
188259,normal,1999,0,1782360848.2334766,0.002028226852416992
188260,normal,1537,0,1782360848.2355244,0.0020477771759033203
188261,normal,1311,0,1782360848.2379897,0.0024652481079101562
188262,normal,901,2,1782360848.2395217,0.0015320777893066406
188263,normal,749,0,1782360848.2414706,0.0019488334655761719
188264,normal,1499,0,1782360848.2434766,0.002006053924560547
188265,normal,515,0,1782360848.2454937,0.0020170211791992188
188266,normal,884,2,1782360848.2474315,0.0019378662109375
188267,normal,247,0,1782360848.2493372,0.001905679702758789
188268,normal,2624,0,1782360848.2514393,0.0021021366119384766
188269,normal,913,2,1782360848.253466,0.0020265579223632812
188270,normal,2028,0,1782360848.2555273,0.0020613670349121094
188271,normal,3589,0,1782360848.257475,0.001947641372680664
188272,normal,1606,0,1782360848.2595477,0.0020728111267089844
188273,normal,491,0,1782360848.2615907,0.002043008804321289
188274,normal,3501,0,1782360848.2638328,0.0022420883178710938
188275,normal,3570,0,1782360848.265394,0.0015611648559570312
188276,normal,335,0,1782360848.2675705,0.002176523208618164
188277,normal,1415,0,1782360848.2696877,0.002117156982421875
188278,normal,874,2,1782360848.271535,0.0018472671508789062
188279,normal,2087,0,1782360848.2734303,0.0018954277038574219
188280,normal,898,2,1782360848.2754288,0.001998424530029297
188281,normal,1807,0,1782360848.2774215,0.0019927024841308594
188282,normal,528,0,1782360848.279395,0.0019736289978027344
188283,normal,3504,0,1782360848.2816772,0.0022821426391601562
188284,normal,2202,0,1782360848.2833984,0.0017211437225341797
188285,normal,2587,0,1782360848.2854202,0.00202178955078125
188286,normal,662,0,1782360848.2874215,0.0020012855529785156
188287,normal,603,0,1782360848.289427,0.0020055770874023438
188288,normal,149,0,1782360848.2914414,0.0020143985748291016
188289,normal,1817,0,1782360848.2941985,0.0027570724487304688
188290,normal,336,0,1782360848.2957134,0.0015149116516113281
188291,normal,1540,0,1782360848.2973995,0.00168609619140625
188292,normal,3241,1,1782360878.922928,0.0
188293,normal,2883,0,1782360878.9249465,0.002018451690673828
188294,normal,2979,0,1782360878.9269521,0.0020055770874023438
188295,normal,760,0,1782360878.9289048,0.0019526481628417969
188296,normal,2696,0,1782360878.9310257,0.0021209716796875
188297,normal,3440,0,1782360878.933041,0.002015352249145508
188298,normal,2510,0,1782360878.9350069,0.001965761184692383
188299,normal,2198,0,1782360878.9370039,0.0019969940185546875
188300,normal,2837,0,1782360878.9390173,0.0020134449005126953
188301,normal,1300,0,1782360878.9410174,0.002000093460083008
188302,normal,1230,0,1782360878.9431698,0.0021524429321289062
188303,normal,1117,0,1782360878.9451606,0.001990795135498047
188304,normal,103,0,1782360878.9469774,0.0018167495727539062
188305,normal,317,0,1782360878.949118,0.002140522003173828
188306,normal,823,2,1782360878.9511564,0.0020384788513183594
188307,normal,224,0,1782360878.9530241,0.0018677711486816406
188308,normal,3382,1,1782360878.9551947,0.002170562744140625
188309,normal,100,0,1782360878.9571157,0.001920938491821289
188310,normal,2380,0,1782360878.958993,0.0018773078918457031
188311,normal,2508,0,1782360878.9612014,0.0022084712982177734
188312,normal,2205,0,1782360878.9631217,0.0019202232360839844
188313,normal,3517,0,1782360878.96499,0.0018682479858398438
188314,normal,2904,0,1782360878.9671507,0.002160787582397461
188315,normal,3658,0,1782360878.9691372,0.0019865036010742188
188316,normal,3592,0,1782360878.9709928,0.001855611801147461
188317,normal,2605,0,1782360878.973151,0.0021581649780273438
188318,normal,2844,0,1782360878.975155,0.0020041465759277344
188319,normal,1074,0,1782360878.9769905,0.0018353462219238281
188320,normal,2347,0,1782360878.9791493,0.0021588802337646484
188321,normal,2343,0,1782360878.9811702,0.0020208358764648438
188322,normal,1795,0,1782360878.9829924,0.0018222332000732422
188323,normal,867,2,1782360878.9851484,0.0021560192108154297
188324,normal,2991,0,1782360878.9871507,0.002002239227294922
188325,normal,2089,0,1782360878.988992,0.0018413066864013672
188326,normal,2613,0,1782360878.9911532,0.002161264419555664
188327,normal,1871,0,1782360878.9931672,0.0020139217376708984
188328,normal,719,0,1782360878.9949913,0.0018241405487060547
188329,normal,3606,0,1782360878.9971461,0.002154827117919922
188330,normal,1017,2,1782360878.9991515,0.002005338668823242
188331,normal,1296,0,1782360879.000995,0.0018434524536132812
188332,normal,1601,0,1782360879.0031507,0.002155780792236328
188333,normal,3435,0,1782360879.005169,0.0020182132720947266
188334,normal,553,0,1782360879.0069954,0.0018265247344970703
188335,normal,3490,0,1782360879.009117,0.002121448516845703
188336,normal,3611,0,1782360879.011148,0.002031087875366211
188337,normal,797,2,1782360879.0129635,0.0018155574798583984
188338,normal,614,0,1782360879.0151489,0.002185344696044922
188339,normal,2258,0,1782360879.0171545,0.0020055770874023438
188340,normal,2265,0,1782360879.018998,0.0018434524536132812
188341,normal,686,0,1782360879.0210934,0.002095460891723633
188342,normal,2952,0,1782360879.0231545,0.002061128616333008
188343,normal,601,0,1782360879.0249944,0.0018398761749267578
188344,normal,3287,1,1782360879.027151,0.0021567344665527344
188345,normal,2583,0,1782360879.0291505,0.001999378204345703
188346,normal,515,0,1782360879.0309968,0.0018463134765625
188347,normal,101,0,1782360879.033152,0.002155303955078125
188348,normal,2054,0,1782360879.035151,0.0019989013671875
188349,normal,1075,0,1782360879.036994,0.0018429756164550781
188350,normal,771,0,1782360879.0391536,0.002159595489501953
188351,normal,3349,1,1782360879.0412402,0.002086639404296875
188352,normal,2192,0,1782360879.0429912,0.001750946044921875
188353,normal,3654,0,1782360879.0451503,0.00215911865234375
188354,normal,2735,0,1782360879.0472457,0.002095460891723633
188355,normal,113,0,1782360879.0489922,0.0017464160919189453
188356,normal,3346,1,1782360879.0511487,0.002156496047973633
188357,normal,230,0,1782360879.0532472,0.002098560333251953
188358,normal,2745,0,1782360879.0549927,0.001745462417602539
188359,normal,1994,0,1782360879.0571487,0.0021560192108154297
188360,normal,2165,0,1782360879.0592506,0.002101898193359375
188361,normal,729,0,1782360879.0610185,0.001767873764038086
188362,normal,2334,0,1782360879.0631542,0.002135753631591797
188363,normal,2541,0,1782360879.0651991,0.0020449161529541016
188364,normal,2099,0,1782360879.066991,0.0017919540405273438
188365,normal,3669,0,1782360879.0691512,0.0021600723266601562
188366,normal,3605,0,1782360879.071172,0.0020208358764648438
188367,normal,1221,0,1782360879.0729895,0.001817464828491211
188368,normal,1563,0,1782360879.0751457,0.0021562576293945312
188369,normal,1174,0,1782360879.0771523,0.00200653076171875
188370,normal,1199,0,1782360879.0789895,0.0018372535705566406
188371,normal,2186,0,1782360879.0811474,0.002157926559448242
188372,normal,2240,0,1782360879.0831504,0.0020029544830322266
188373,normal,3343,1,1782360879.0849886,0.0018382072448730469
188374,normal,2290,0,1782360879.0871482,0.002159595489501953
188375,normal,574,0,1782360879.089153,0.002004861831665039
188376,normal,2012,0,1782360879.0909903,0.0018372535705566406
188377,normal,1822,0,1782360879.09315,0.002159595489501953
188378,normal,136,0,1782360879.0951521,0.002002239227294922
188379,normal,1424,0,1782360879.0969908,0.00183868408203125
188380,normal,3171,1,1782360879.0991514,0.0021605491638183594
188381,normal,2710,0,1782360879.1011522,0.0020008087158203125
188382,normal,27,0,1782360879.1030314,0.0018792152404785156
188383,normal,2782,0,1782360879.1050317,0.0020003318786621094
188384,normal,419,0,1782360879.1071744,0.002142667770385742
188385,normal,2775,0,1782360879.1089966,0.0018222332000732422
188386,normal,4,0,1782360879.1111493,0.002152681350708008
188387,normal,3703,0,1782360879.1131501,0.0020008087158203125
188388,normal,1816,0,1782360879.1149905,0.001840353012084961
188389,normal,2968,0,1782360879.117099,0.0021085739135742188
188390,normal,24,0,1782360879.1191418,0.0020427703857421875
188391,normal,3393,1,1782360879.1209667,0.0018248558044433594
188392,normal,809,2,1782360879.1231213,0.0021545886993408203
188393,normal,1796,0,1782360879.1250603,0.0019390583038330078
188394,normal,2232,0,1782360879.1269722,0.0019118785858154297
188395,normal,1930,0,1782360879.1289935,0.002021312713623047
188396,normal,166,0,1782360879.1311028,0.0021092891693115234
188397,normal,2417,0,1782360879.132974,0.0018711090087890625
188398,normal,1047,0,1782360879.1351006,0.0021266937255859375
188399,normal,3564,0,1782360879.1371033,0.002002716064453125
188400,normal,422,0,1782360879.1389847,0.0018813610076904297
188401,normal,62,0,1782360879.1411397,0.0021550655364990234
188402,normal,1540,0,1782360879.1431816,0.0020418167114257812
188403,normal,3305,1,1782360879.1449897,0.00180816650390625
188404,normal,2451,0,1782360879.1471395,0.002149820327758789
188405,normal,3682,0,1782360879.1491559,0.002016305923461914
188406,normal,3233,1,1782360879.1509829,0.0018270015716552734
188407,normal,1850,0,1782360879.1531372,0.0021543502807617188
188408,normal,3636,0,1782360879.1551435,0.0020062923431396484
188409,normal,2683,0,1782360879.1569867,0.0018432140350341797
188410,normal,2436,0,1782360879.159141,0.0021543502807617188
188411,normal,383,0,1782360879.1611445,0.0020034313201904297
188412,normal,3420,0,1782360879.1629868,0.0018422603607177734
188413,normal,1428,0,1782360879.1651435,0.0021567344665527344
188414,normal,550,0,1782360879.1671417,0.0019981861114501953
188415,normal,1490,0,1782360879.1689854,0.0018436908721923828
188416,normal,204,0,1782360879.1711347,0.002149343490600586
188417,normal,2100,0,1782360879.1731384,0.0020036697387695312
188418,normal,1869,0,1782360879.174985,0.0018465518951416016
188419,normal,2868,0,1782360879.1771426,0.0021576881408691406
188420,normal,2043,0,1782360879.1791377,0.001995086669921875
188421,normal,704,0,1782360879.180985,0.0018472671508789062
188422,normal,407,0,1782360879.1831415,0.002156496047973633
188423,normal,3276,1,1782360879.1851947,0.0020532608032226562
188424,normal,2251,0,1782360879.1869962,0.0018014907836914062
188425,normal,825,2,1782360879.18915,0.0021538734436035156
188426,normal,2938,0,1782360879.1911407,0.0019905567169189453
188427,normal,1220,0,1782360879.1929955,0.0018548965454101562
188428,normal,3373,1,1782360879.195141,0.002145528793334961
188429,normal,2913,0,1782360879.1971445,0.0020034313201904297
188430,normal,3569,0,1782360879.1989868,0.0018422603607177734
188431,normal,1023,2,1782360879.2011428,0.0021560192108154297
188432,normal,2588,0,1782360879.2031436,0.0020008087158203125
188433,normal,3332,1,1782360879.2051852,0.0020415782928466797
188434,normal,2074,0,1782360879.2069843,0.0017991065979003906
188435,normal,2335,0,1782360879.2091591,0.002174854278564453
188436,normal,3144,1,1782360879.211016,0.0018568038940429688
188437,normal,982,2,1782360879.213265,0.002249002456665039
188438,normal,2161,0,1782360879.2151475,0.0018825531005859375
188439,normal,1513,0,1782360879.217174,0.0020265579223632812
188440,normal,1046,0,1782360879.2191355,0.0019614696502685547
188441,normal,1516,0,1782360879.2210307,0.0018951892852783203
188442,normal,3086,1,1782360879.2230194,0.001988649368286133
188443,normal,390,0,1782360879.2252672,0.0022478103637695312
188444,normal,236,0,1782360879.227392,0.002124786376953125
188445,normal,2989,0,1782360879.2291617,0.0017697811126708984
188446,normal,1682,0,1782360879.2310085,0.0018467903137207031
188447,normal,3684,0,1782360879.233275,0.002266407012939453
188448,normal,3015,0,1782360879.23501,0.0017349720001220703
188449,normal,997,2,1782360879.2372758,0.00226593017578125
188450,normal,1640,0,1782360879.2392142,0.0019383430480957031
188451,normal,2181,0,1782360879.2411573,0.0019431114196777344
188452,normal,1817,0,1782360879.243135,0.001977682113647461
188453,normal,3315,1,1782360879.2452803,0.0021452903747558594
188454,normal,3217,1,1782360879.2470107,0.0017304420471191406
188455,normal,1151,0,1782360879.249279,0.0022683143615722656
188456,normal,3133,1,1782360879.251136,0.0018570423126220703
188457,normal,2070,0,1782360879.253158,0.0020220279693603516
188458,normal,1845,0,1782360879.255135,0.0019769668579101562
188459,normal,697,0,1782360879.2571392,0.0020041465759277344
188460,normal,1016,2,1782360879.2591739,0.0020346641540527344
188461,normal,1063,0,1782360879.2611384,0.001964569091796875
188462,normal,43,0,1782360879.2632697,0.002131223678588867
188463,normal,3436,0,1782360879.265042,0.0017724037170410156
188464,normal,1741,0,1782360879.26729,0.002248048782348633
188465,normal,910,2,1782360879.269138,0.001847982406616211
188466,normal,1459,0,1782360879.2711582,0.002020120620727539
188467,normal,669,0,1782360879.2731462,0.001987934112548828
188468,normal,3614,0,1782360879.2752721,0.002125978469848633
188469,normal,521,0,1782360879.277013,0.0017409324645996094
188470,normal,1851,0,1782360879.2792795,0.002266407012939453
188471,normal,1707,0,1782360879.2811415,0.0018620491027832031
188472,normal,1771,0,1782360879.2831578,0.002016305923461914
188473,normal,3556,0,1782360879.2851353,0.0019774436950683594
188474,normal,3704,0,1782360879.287271,0.002135753631591797
188475,normal,902,2,1782360879.2890112,0.0017402172088623047
188476,normal,1262,0,1782360879.2912817,0.0022704601287841797
188477,normal,3430,0,1782360879.2931392,0.0018575191497802734
188478,normal,2590,0,1782360879.2951577,0.002018451690673828
188479,normal,2830,0,1782360879.297181,0.0020232200622558594
188480,normal,2863,0,1782360879.299273,0.002092123031616211
188481,normal,2772,0,1782360879.3010106,0.0017375946044921875
188482,normal,1058,0,1782360879.30328,0.0022695064544677734
188483,normal,833,2,1782360879.3051515,0.001871347427368164
188484,normal,2687,0,1782360879.307165,0.0020134449005126953
188485,normal,2388,0,1782360879.3091378,0.0019729137420654297
188486,normal,261,0,1782360879.311284,0.0021462440490722656
188487,normal,2424,0,1782360879.313011,0.0017268657684326172
188488,normal,406,0,1782360879.3152764,0.002265453338623047
188489,normal,1681,0,1782360879.317134,0.0018575191497802734
188490,normal,2873,0,1782360879.3191621,0.002028226852416992
188491,normal,2015,0,1782360879.321137,0.001974821090698242
188492,normal,3535,0,1782360879.3232923,0.002155303955078125
188493,normal,3550,0,1782360879.3250122,0.0017199516296386719
188494,normal,2414,0,1782360879.3272774,0.0022652149200439453
188495,normal,975,2,1782360879.3291528,0.0018754005432128906
188496,normal,2668,0,1782360879.3311613,0.0020084381103515625
188497,normal,2813,0,1782360879.333137,0.0019757747650146484
188498,normal,3394,1,1782360879.3352735,0.0021364688873291016
188499,normal,1371,1,1782360879.3370109,0.001737356185913086
188500,normal,2438,0,1782360879.3392773,0.002266407012939453
188501,normal,2058,0,1782360879.3411365,0.0018591880798339844
188502,normal,2048,0,1782360879.343173,0.002036571502685547
188503,normal,2363,0,1782360879.345137,0.0019638538360595703
188504,normal,2053,0,1782360879.3472676,0.002130746841430664
188505,normal,3617,0,1782360879.3492143,0.0019466876983642578
188506,normal,2208,0,1782360879.3509667,0.0017523765563964844
188507,normal,276,0,1782360879.3531845,0.0022177696228027344
188508,normal,765,0,1782360879.355007,0.0018224716186523438
188509,normal,1648,0,1782360879.3571591,0.0021522045135498047
188510,normal,689,0,1782360879.359142,0.0019829273223876953
188511,normal,2063,0,1782360879.3611567,0.002014636993408203
188512,normal,1852,0,1782360879.3631406,0.0019838809967041016
188513,normal,3663,0,1782360879.365287,0.002146482467651367
188514,normal,1883,0,1782360879.367012,0.0017249584197998047
188515,normal,1044,0,1782360879.3692827,0.0022706985473632812
188516,normal,2577,0,1782360879.3711722,0.0018894672393798828
188517,normal,2411,0,1782360879.37316,0.0019876956939697266
188518,normal,966,2,1782360879.375155,0.001995086669921875
188519,normal,1794,0,1782360879.3783798,0.0032248497009277344
188520,normal,2182,0,1782360879.379156,0.0007762908935546875
188521,normal,3226,1,1782360879.381302,0.002146005630493164
188522,normal,759,0,1782360879.3831513,0.0018491744995117188
188523,normal,1087,0,1782360879.3851392,0.001987934112548828
188524,normal,7,0,1782360879.3870676,0.0019283294677734375
188525,normal,2731,0,1782360879.3891466,0.002079010009765625
188526,normal,2393,0,1782360879.3910456,0.0018990039825439453
188527,normal,1773,0,1782360879.3931558,0.0021102428436279297
188528,normal,1166,0,1782360879.3950322,0.0018763542175292969
188529,normal,2661,0,1782360879.3971627,0.0021305084228515625
188530,normal,1786,0,1782360879.3990433,0.001880645751953125
188531,normal,3680,0,1782360879.401155,0.002111673355102539
188532,normal,2002,0,1782360879.4030213,0.0018663406372070312
188533,normal,293,0,1782360879.4051697,0.0021483898162841797
188534,normal,301,0,1782360879.406999,0.001829385757446289
188535,normal,1153,0,1782360879.4091754,0.0021762847900390625
188536,normal,454,0,1782360879.4109998,0.0018243789672851562
188537,normal,39,0,1782360879.4132342,0.0022344589233398438
188538,normal,1121,0,1782360879.415136,0.001901865005493164
188539,normal,2619,0,1782360879.4170053,0.00186920166015625
188540,normal,597,0,1782360879.4192517,0.002246379852294922
188541,normal,585,0,1782360879.4211192,0.001867532730102539
188542,normal,3245,1,1782360879.4231267,0.0020074844360351562
188543,normal,3568,0,1782360879.425164,0.0020372867584228516
188544,normal,2811,0,1782360879.4270597,0.0018956661224365234
188545,normal,786,2,1782360879.4289937,0.001934051513671875
188546,normal,308,0,1782360879.430994,0.0020003318786621094
188547,normal,2818,0,1782360879.4330947,0.002100706100463867
188548,normal,625,0,1782360879.4350092,0.0019145011901855469
188549,normal,132,0,1782360879.4371042,0.0020949840545654297
188550,normal,3558,0,1782360879.439044,0.0019397735595703125
188551,normal,2009,0,1782360879.4410636,0.002019643783569336
188552,normal,2242,0,1782360879.443053,0.0019893646240234375
188553,normal,1917,0,1782360879.4450495,0.0019965171813964844
188554,normal,646,0,1782360879.446973,0.0019235610961914062
188555,normal,2644,0,1782360879.4490998,0.0021266937255859375
188556,normal,1705,0,1782360879.4509742,0.0018744468688964844
188557,normal,1785,0,1782360879.4531243,0.0021500587463378906
188558,normal,828,2,1782360879.4550464,0.0019221305847167969
188559,normal,2960,0,1782360879.4570522,0.0020058155059814453
188560,normal,48,0,1782360879.459098,0.002045869827270508
188561,normal,1896,0,1782360879.4610686,0.001970529556274414
188562,normal,1511,0,1782360879.463064,0.0019953250885009766
188563,normal,2061,0,1782360879.4652634,0.002199411392211914
188564,normal,1255,0,1782360879.466971,0.0017075538635253906
188565,normal,1385,0,1782360879.4690406,0.002069711685180664
188566,normal,3444,0,1782360879.4710286,0.001987934112548828
188567,normal,1335,1,1782360879.4731205,0.0020918846130371094
188568,normal,3419,0,1782360879.4750674,0.0019469261169433594
188569,normal,1464,0,1782360879.4771833,0.002115964889526367
188570,normal,2717,0,1782360879.479073,0.0018897056579589844
188571,normal,1164,0,1782360879.481049,0.00197601318359375
188572,normal,1068,0,1782360879.4831362,0.002087116241455078
188573,normal,138,0,1782360879.4850454,0.0019092559814453125
188574,normal,2787,0,1782360879.4870183,0.0019729137420654297
188575,normal,3434,0,1782360879.489076,0.0020575523376464844
188576,normal,2824,0,1782360879.4910202,0.0019443035125732422
188577,normal,2098,0,1782360879.4931042,0.002084016799926758
188578,normal,2119,0,1782360879.495148,0.0020437240600585938
188579,normal,2743,0,1782360879.4971051,0.0019571781158447266
188580,normal,3204,1,1782360879.4992235,0.002118349075317383
188581,normal,1043,0,1782360879.501043,0.001819610595703125
188582,normal,1062,0,1782360879.5031931,0.0021500587463378906
188583,normal,409,0,1782360879.5050106,0.001817464828491211
188584,normal,3696,0,1782360879.5071902,0.0021796226501464844
188585,normal,2685,0,1782360879.5090153,0.001825094223022461
188586,normal,1225,0,1782360879.5110183,0.0020029544830322266
188587,normal,2196,0,1782360879.513069,0.002050638198852539
188588,normal,946,2,1782360879.5150707,0.0020017623901367188
188589,normal,2901,0,1782360879.5171776,0.002106904983520508
188590,normal,1458,0,1782360879.5190167,0.0018391609191894531
188591,normal,1889,0,1782360879.5210826,0.002065896987915039
188592,normal,385,0,1782360879.5230675,0.001984834671020508
188593,normal,3707,0,1782360879.5249696,0.0019021034240722656
188594,normal,2046,0,1782360879.527265,0.0022954940795898438
188595,normal,1357,1,1782360879.5291462,0.0018811225891113281
188596,normal,745,0,1782360879.5310578,0.0019116401672363281
188597,normal,1377,1,1782360879.5330727,0.0020148754119873047
188598,normal,3414,0,1782360879.5350199,0.001947164535522461
188599,normal,3644,0,1782360879.5370784,0.0020585060119628906
188600,normal,32,0,1782360879.5391538,0.0020754337310791016
188601,normal,3705,0,1782360879.5409944,0.0018405914306640625
188602,normal,1391,0,1782360879.5430787,0.0020842552185058594
188603,normal,191,0,1782360879.5450733,0.001994609832763672
188604,normal,3625,0,1782360879.5470397,0.0019664764404296875
188605,normal,3681,0,1782360879.5490384,0.0019986629486083984
188606,normal,1536,0,1782360879.551059,0.002020597457885742
188607,normal,1149,0,1782360879.553178,0.0021190643310546875
188608,normal,770,0,1782360879.5550642,0.001886129379272461
188609,normal,2591,0,1782360879.5571632,0.0020990371704101562
188610,normal,3244,1,1782360879.559242,0.0020787715911865234
188611,normal,843,2,1782360879.5614908,0.0022487640380859375
188612,normal,3582,0,1782360879.5629888,0.0014979839324951172
188613,normal,2612,0,1782360879.5649135,0.001924753189086914
188614,normal,2124,0,1782360879.5670576,0.0021440982818603516
188615,normal,1688,0,1782360879.5690396,0.001981973648071289
188616,normal,2635,0,1782360879.5710738,0.0020341873168945312
188617,normal,117,0,1782360879.5730217,0.0019478797912597656
188618,normal,2006,0,1782360879.575038,0.002016305923461914
188619,normal,2220,0,1782360879.5770626,0.0020246505737304688
188620,normal,3090,1,1782360879.5789664,0.0019037723541259766
188621,normal,2945,0,1782360879.5809674,0.002001047134399414
188622,normal,238,0,1782360879.5832436,0.002276182174682617
188623,normal,23,0,1782360879.5850203,0.0017766952514648438
188624,normal,1340,1,1782360879.5870867,0.002066373825073242
188625,normal,1496,0,1782360879.5889812,0.0018944740295410156
188626,normal,1807,0,1782360879.5910635,0.002082347869873047
188627,normal,839,2,1782360879.5930529,0.0019893646240234375
188628,normal,1558,0,1782360879.594967,0.0019140243530273438
188629,normal,1314,0,1782360879.5971978,0.0022308826446533203
188630,normal,2464,0,1782360879.5988882,0.0016903877258300781
188631,normal,2648,0,1782360879.600973,0.0020847320556640625
188632,normal,1178,0,1782360879.6030085,0.0020356178283691406
188633,normal,3433,0,1782360879.605004,0.001995563507080078
188634,normal,3201,1,1782360879.606926,0.0019218921661376953
188635,normal,2822,0,1782360879.6089997,0.0020737648010253906
188636,normal,2853,0,1782360879.6111014,0.0021016597747802734
188637,normal,2416,0,1782360879.6129262,0.0018248558044433594
188638,normal,2997,0,1782360879.6150734,0.002147197723388672
188639,normal,1711,0,1782360879.6170392,0.001965761184692383
188640,normal,462,0,1782360879.6190844,0.002045154571533203
188641,normal,1831,0,1782360879.6210535,0.0019690990447998047
188642,normal,2847,0,1782360879.6231203,0.0020668506622314453
188643,normal,674,0,1782360879.6250727,0.0019524097442626953
188644,normal,3432,0,1782360879.6271193,0.0020465850830078125
188645,normal,1921,0,1782360879.629037,0.0019176006317138672
188646,normal,437,0,1782360879.631083,0.0020461082458496094
188647,normal,616,0,1782360879.6330793,0.001996278762817383
188648,normal,1169,0,1782360879.6350045,0.0019252300262451172
188649,normal,2598,0,1782360879.6370778,0.0020732879638671875
188650,normal,211,0,1782360879.6390696,0.001991748809814453
188651,normal,2066,0,1782360879.6410782,0.002008676528930664
188652,normal,1444,0,1782360879.643217,0.002138853073120117
188653,normal,2538,0,1782360879.6451817,0.001964569091796875
188654,normal,2533,0,1782360879.6473806,0.002198934555053711
188655,normal,619,0,1782360879.6490545,0.0016739368438720703
188656,normal,551,0,1782360879.6512585,0.0022039413452148438
188657,normal,226,0,1782360879.6532493,0.001990795135498047
188658,normal,3011,0,1782360879.654963,0.0017137527465820312
188659,normal,3514,0,1782360879.6571155,0.0021524429321289062
188660,normal,3557,0,1782360879.6591167,0.0020012855529785156
188661,normal,929,2,1782360879.6610913,0.0019745826721191406
188662,normal,2995,0,1782360879.6630986,0.0020072460174560547
188663,normal,1799,0,1782360879.665116,0.002017498016357422
188664,normal,886,2,1782360879.6670265,0.0019104480743408203
188665,normal,3580,0,1782360879.6691222,0.0020956993103027344
188666,normal,122,0,1782360879.6714425,0.0023202896118164062
188667,normal,22,0,1782360879.673373,0.0019304752349853516
188668,normal,516,0,1782360879.6750555,0.0016825199127197266
188669,normal,2675,0,1782360879.6771274,0.002071857452392578
188670,normal,1787,0,1782360879.67904,0.0019125938415527344
188671,normal,1355,1,1782360879.6811478,0.002107858657836914
188672,normal,3106,1,1782360879.6832514,0.002103567123413086
188673,normal,2090,0,1782360879.6851032,0.001851797103881836
188674,normal,470,0,1782360879.6870384,0.0019352436065673828
188675,normal,1918,0,1782360879.6891367,0.0020983219146728516
188676,normal,2228,0,1782360879.691052,0.0019152164459228516
188677,normal,984,2,1782360879.693142,0.002089977264404297
188678,normal,2197,0,1782360879.6951652,0.0020232200622558594
188679,normal,2823,0,1782360879.6970773,0.0019121170043945312
188680,normal,591,0,1782360879.699146,0.002068758010864258
188681,normal,1530,0,1782360879.7011485,0.0020024776458740234
188682,normal,2029,0,1782360879.7034464,0.0022978782653808594
188683,normal,1671,0,1782360879.7054217,0.0019752979278564453
188684,normal,1680,0,1782360879.7070436,0.0016219615936279297
188685,normal,2982,0,1782360879.7091467,0.002103090286254883
188686,normal,185,0,1782360879.7110686,0.0019218921661376953
188687,normal,912,2,1782360879.7132401,0.0021715164184570312
188688,normal,2329,0,1782360879.715184,0.001943826675415039
188689,normal,2740,0,1782360879.7170675,0.0018835067749023438
188690,normal,3493,0,1782360879.719144,0.0020766258239746094
188691,normal,2761,0,1782360879.7212908,0.0021467208862304688
188692,normal,94,0,1782360879.7231486,0.001857757568359375
188693,normal,549,0,1782360879.7250912,0.0019426345825195312
188694,normal,1271,0,1782360879.7269468,0.001855611801147461
188695,normal,1456,0,1782360879.7290895,0.002142667770385742
188696,normal,3589,0,1782360879.7311566,0.002067089080810547
188697,normal,1604,0,1782360879.7330334,0.0018768310546875
188698,normal,2158,0,1782360879.7350771,0.0020437240600585938
188699,normal,3342,1,1782360879.7371335,0.0020563602447509766
188700,normal,1938,0,1782360879.7390862,0.0019526481628417969
188701,normal,3495,0,1782360879.7412026,0.0021164417266845703
188702,normal,3169,1,1782360879.7431028,0.0019001960754394531
188703,normal,3277,1,1782360879.7451892,0.0020864009857177734
188704,normal,801,2,1782360879.7469678,0.0017786026000976562
188705,normal,2432,0,1782360879.749174,0.0022063255310058594
188706,normal,1573,0,1782360879.7510662,0.00189208984375
188707,normal,1847,0,1782360879.7531505,0.0020842552185058594
188708,normal,3674,0,1782360879.755129,0.001978635787963867
188709,normal,3319,1,1782360879.7569475,0.0018184185028076172
188710,normal,1353,1,1782360879.7591639,0.002216339111328125
188711,normal,3445,0,1782360879.761163,0.0019991397857666016
188712,normal,2840,0,1782360879.763071,0.0019080638885498047
188713,normal,2665,0,1782360879.7651076,0.002036571502685547
188714,normal,3163,1,1782360879.7671797,0.0020720958709716797
188715,normal,235,0,1782360879.7691011,0.0019214153289794922
188716,normal,2095,0,1782360879.7711508,0.002049684524536133
188717,normal,1912,0,1782360879.7731662,0.002015352249145508
188718,normal,3145,1,1782360879.77506,0.001893758773803711
188719,normal,2254,0,1782360879.777199,0.0021390914916992188
188720,normal,911,2,1782360879.779113,0.0019140243530273438
188721,normal,88,0,1782360879.781469,0.0023560523986816406
188722,normal,2138,0,1782360879.7830062,0.0015370845794677734
188723,normal,3350,1,1782360879.7851803,0.0021741390228271484
188724,normal,1343,1,1782360879.7870882,0.0019078254699707031
188725,normal,822,2,1782360879.789176,0.002087831497192383
188726,normal,1002,2,1782360879.7911527,0.0019767284393310547
188727,normal,2536,0,1782360879.7930515,0.0018987655639648438
188728,normal,1507,0,1782360879.795152,0.0021004676818847656
188729,normal,1224,0,1782360879.7972312,0.0020792484283447266
188730,normal,3153,1,1782360879.799146,0.0019147396087646484
188731,normal,658,0,1782360879.8011312,0.001985311508178711
188732,normal,3442,0,1782360879.8032868,0.0021555423736572266
188733,normal,1667,0,1782360879.8052037,0.0019168853759765625
188734,normal,2539,0,1782360879.8072267,0.002022981643676758
188735,normal,1628,0,1782360879.8090563,0.0018296241760253906
188736,normal,2313,0,1782360879.8112118,0.0021555423736572266
188737,normal,824,2,1782360879.8132856,0.0020737648010253906
188738,normal,1477,0,1782360879.8150675,0.0017819404602050781
188739,normal,2522,0,1782360879.817148,0.0020804405212402344
188740,normal,1258,0,1782360879.8190503,0.0019023418426513672
188741,normal,1977,0,1782360879.8211474,0.0020971298217773438
188742,normal,1055,0,1782360879.8231695,0.0020220279693603516
188743,normal,2248,0,1782360879.825047,0.0018775463104248047
188744,normal,1559,0,1782360879.8271465,0.0020995140075683594
188745,normal,2367,0,1782360879.8290467,0.0019001960754394531
188746,normal,2976,0,1782360879.8311477,0.0021009445190429688
188747,normal,2527,0,1782360879.8334632,0.002315521240234375
188748,normal,3604,0,1782360879.8352892,0.0018260478973388672
188749,normal,2690,0,1782360879.837087,0.0017976760864257812
188750,normal,288,0,1782360879.8391538,0.0020668506622314453
188751,normal,294,0,1782360879.841051,0.0018973350524902344
188752,normal,1856,0,1782360879.843165,0.002113819122314453
188753,normal,2484,0,1782360879.8452399,0.0020749568939208984
188754,normal,3173,1,1782360879.8472695,0.0020296573638916016
188755,normal,2606,0,1782360879.8489714,0.0017018318176269531
188756,normal,336,0,1782360879.8511653,0.002193927764892578
188757,normal,97,0,1782360879.8530614,0.0018961429595947266
188758,normal,999,2,1782360879.8551664,0.0021049976348876953
188759,normal,1102,0,1782360879.8571718,0.002005338668823242
188760,normal,3509,0,1782360879.8590648,0.0018930435180664062
188761,normal,3039,0,1782360879.8611155,0.002050638198852539
188762,normal,673,0,1782360879.8630672,0.0019516944885253906
188763,normal,2134,0,1782360879.864995,0.0019278526306152344
188764,normal,297,0,1782360879.8675737,0.0025787353515625
188765,normal,2021,0,1782360879.8694746,0.0019009113311767578
188766,normal,941,2,1782360879.8709676,0.0014929771423339844
188767,normal,1212,0,1782360879.8731463,0.002178668975830078
188768,normal,493,0,1782360879.8751528,0.00200653076171875
188769,normal,3458,0,1782360879.8770683,0.0019154548645019531
188770,normal,1434,0,1782360879.8791351,0.0020668506622314453
188771,normal,2146,0,1782360879.881226,0.002090930938720703
188772,normal,70,0,1782360879.8831432,0.001917123794555664
188773,normal,3457,0,1782360879.8851404,0.001997232437133789
188774,normal,882,2,1782360879.8871517,0.0020112991333007812
188775,normal,1415,0,1782360879.8892,0.0020482540130615234
188776,normal,3148,1,1782360879.891273,0.002073049545288086
188777,normal,491,0,1782360879.8932605,0.001987457275390625
188778,normal,2935,0,1782360879.895187,0.001926422119140625
188779,normal,1658,0,1782360879.897118,0.0019311904907226562
188780,normal,1955,0,1782360879.8991897,0.0020716190338134766
188781,normal,852,2,1782360879.9010818,0.00189208984375
188782,normal,922,2,1782360879.9032068,0.0021250247955322266
188783,normal,3655,0,1782360879.9051461,0.0019392967224121094
188784,normal,3124,1,1782360879.9071538,0.002007722854614258
188785,normal,3632,0,1782360879.9092257,0.002071857452392578
188786,normal,109,0,1782360879.9111013,0.0018756389617919922
188787,normal,1248,0,1782360879.913186,0.0020847320556640625
188788,normal,3465,0,1782360879.91509,0.0019040107727050781
188789,normal,568,0,1782360879.9171855,0.002095460891723633
188790,normal,3700,0,1782360879.9191577,0.001972198486328125
188791,normal,363,0,1782360879.9210749,0.001917123794555664
188792,normal,53,0,1782360879.92317,0.0020952224731445312
188793,normal,321,0,1782360879.9250662,0.0018961429595947266
188794,normal,1350,1,1782360879.9273276,0.0022614002227783203
188795,normal,3423,0,1782360879.9291725,0.0018448829650878906
188796,normal,1636,0,1782360879.9310923,0.0019197463989257812
188797,normal,346,0,1782360879.9330707,0.0019783973693847656
188798,normal,2706,0,1782360879.9351816,0.0021109580993652344
188799,normal,2389,0,1782360879.9370646,0.0018830299377441406
188800,normal,2212,0,1782360879.939168,0.0021033287048339844
188801,normal,1167,0,1782360879.9411666,0.0019986629486083984
188802,normal,810,2,1782360879.9431744,0.002007722854614258
188803,normal,285,0,1782360879.945149,0.0019745826721191406
188804,normal,1030,0,1782360879.9473002,0.0021512508392333984
188805,normal,502,0,1782360879.9490776,0.0017774105072021484
188806,normal,2809,0,1782360879.9512138,0.00213623046875
188807,normal,1387,0,1782360879.9532235,0.0020096302032470703
188808,normal,2115,0,1782360879.9549646,0.001741170883178711
188809,normal,710,0,1782360879.9571576,0.002192974090576172
188810,normal,3578,0,1782360879.9591508,0.0019931793212890625
188811,normal,3610,0,1782360879.9611828,0.002032041549682617
188812,normal,1089,0,1782360879.9630616,0.0018787384033203125
188813,normal,2586,0,1782360879.9651558,0.002094268798828125
188814,normal,3351,1,1782360879.9670632,0.0019073486328125
188815,normal,1983,0,1782360879.9691486,0.002085447311401367
188816,normal,1388,0,1782360879.971845,0.0026962757110595703
188817,normal,3616,0,1782360879.9732661,0.001421213150024414
188818,normal,670,0,1782360879.9750848,0.0018186569213867188
188819,normal,3041,0,1782360879.977122,0.0020372867584228516
188820,normal,1801,0,1782360879.979247,0.0021250247955322266
188821,normal,1702,0,1782360879.9811747,0.0019276142120361328
188822,normal,3454,0,1782360879.9832711,0.002096414566040039
188823,normal,481,0,1782360879.9852846,0.0020134449005126953
188824,normal,2448,0,1782360879.9869778,0.0016932487487792969
188825,normal,624,0,1782360879.9891508,0.0021729469299316406
188826,normal,2442,0,1782360879.9910638,0.0019130706787109375
188827,normal,399,0,1782360879.9931657,0.002101898193359375
188828,normal,1879,0,1782360879.995471,0.002305269241333008
188829,normal,1518,0,1782360879.9971712,0.0017001628875732422
188830,normal,286,0,1782360879.999146,0.001974821090698242
188831,normal,1206,0,1782360880.001236,0.002089977264404297
188832,normal,2987,0,1782360880.0031486,0.0019125938415527344
188833,normal,455,0,1782360880.0051482,0.0019996166229248047
188834,normal,3665,0,1782360880.0072649,0.002116680145263672
188835,normal,1554,0,1782360880.0090964,0.0018315315246582031
188836,normal,2659,0,1782360880.011081,0.0019845962524414062
188837,normal,2878,0,1782360880.013057,0.00197601318359375
188838,normal,1867,0,1782360880.0151458,0.002088785171508789
188839,normal,1406,0,1782360880.0170166,0.001870870590209961
188840,normal,1987,0,1782360880.0192573,0.0022406578063964844
188841,normal,2726,0,1782360880.0211563,0.0018990039825439453
188842,normal,3019,0,1782360880.023045,0.0018887519836425781
188843,normal,260,0,1782360880.0251548,0.0021097660064697266
188844,normal,2131,0,1782360880.0269876,0.001832723617553711
188845,normal,2892,0,1782360880.0293498,0.0023622512817382812
188846,normal,2977,0,1782360880.031068,0.001718282699584961
188847,normal,460,0,1782360880.0331655,0.0020973682403564453
188848,normal,2426,0,1782360880.035127,0.0019614696502685547
188849,normal,842,2,1782360880.0371258,0.0019989013671875
188850,normal,795,2,1782360880.0390658,0.001940011978149414
188851,normal,1519,0,1782360880.0409508,0.0018849372863769531
188852,normal,3044,0,1782360880.043161,0.0022101402282714844
188853,normal,2292,0,1782360880.0450094,0.001848459243774414
188854,normal,2906,0,1782360880.0470343,0.0020248889923095703
188855,normal,3067,1,1782360880.0491526,0.002118349075317383
188856,normal,3104,1,1782360880.0509365,0.0017838478088378906
188857,normal,3295,1,1782360880.053133,0.0021965503692626953
188858,normal,2922,0,1782360880.05514,0.002007007598876953
188859,normal,2272,0,1782360880.0569808,0.001840829849243164
188860,normal,2215,0,1782360880.0589738,0.001992940902709961
188861,normal,855,2,1782360880.0611706,0.002196788787841797
188862,normal,2285,0,1782360880.0631728,0.002002239227294922
188863,normal,2187,0,1782360880.0649772,0.001804351806640625
188864,normal,2875,0,1782360880.0671318,0.0021545886993408203
188865,normal,1547,0,1782360880.068952,0.0018203258514404297
188866,normal,2111,0,1782360880.0711346,0.002182483673095703
188867,normal,492,0,1782360880.0732088,0.0020742416381835938
188868,normal,2757,0,1782360880.0749762,0.0017673969268798828
188869,normal,3687,0,1782360880.077322,0.0023458003997802734
188870,normal,1467,0,1782360880.0789692,0.0016472339630126953
188871,normal,1422,0,1782360880.0811467,0.0021774768829345703
188872,normal,1927,0,1782360880.0829675,0.0018208026885986328
188873,normal,767,0,1782360880.0851543,0.0021867752075195312
188874,normal,2214,0,1782360880.0869393,0.0017850399017333984
188875,normal,613,0,1782360880.0891154,0.002176046371459961
188876,normal,934,2,1782360880.091118,0.002002716064453125
188877,normal,1880,0,1782360880.0929725,0.0018544197082519531
188878,normal,2808,0,1782360880.0951803,0.0022077560424804688
188879,normal,3375,1,1782360880.097169,0.001988649368286133
188880,normal,2463,0,1782360880.099017,0.001847982406616211
188881,normal,1950,0,1782360880.1010923,0.0020754337310791016
188882,normal,2468,0,1782360880.103366,0.0022735595703125
188883,normal,739,0,1782360880.1050508,0.0016849040985107422
188884,normal,1745,0,1782360880.1070867,0.002035856246948242
188885,normal,3389,1,1782360880.1092882,0.002201557159423828
188886,normal,3524,0,1782360880.1110098,0.0017216205596923828
188887,normal,3356,1,1782360880.1129422,0.001932382583618164
188888,normal,1654,0,1782360880.11511,0.0021677017211914062
188889,normal,1717,0,1782360880.1169367,0.0018267631530761719
188890,normal,2408,0,1782360880.1192744,0.0023376941680908203
188891,normal,1420,0,1782360880.1209419,0.0016674995422363281
188892,normal,1858,0,1782360880.1231225,0.0021805763244628906
188893,normal,2603,0,1782360880.1249356,0.0018131732940673828
188894,normal,1094,0,1782360880.1271093,0.0021736621856689453
188895,normal,2434,0,1782360880.129024,0.0019147396087646484
188896,normal,125,0,1782360880.1312418,0.0022177696228027344
188897,normal,2428,0,1782360880.1331973,0.0019555091857910156
188898,normal,412,0,1782360880.1349497,0.0017523765563964844
188899,normal,1461,0,1782360880.1371143,0.002164602279663086
188900,normal,2269,0,1782360880.1391256,0.0020112991333007812
188901,normal,3620,0,1782360880.1409514,0.0018258094787597656
188902,normal,380,0,1782360880.143234,0.0022826194763183594
188903,normal,561,0,1782360880.145135,0.0019009113311767578
188904,normal,1776,0,1782360880.1469493,0.0018143653869628906
188905,normal,778,2,1782360880.1491191,0.0021698474884033203
188906,normal,398,0,1782360880.1511335,0.0020143985748291016
188907,normal,1383,0,1782360880.1529646,0.0018310546875
188908,normal,3199,1,1782360880.1551206,0.0021560192108154297
188909,normal,790,2,1782360880.157167,0.002046346664428711
188910,normal,618,0,1782360880.1589627,0.0017957687377929688
188911,normal,2175,0,1782360880.1609569,0.0019941329956054688
188912,normal,2638,0,1782360880.163396,0.0024390220642089844
188913,normal,1874,0,1782360880.165515,0.0021190643310546875
188914,normal,2623,0,1782360880.1669548,0.001439809799194336
188915,normal,3590,0,1782360880.1691105,0.002155780792236328
188916,normal,1666,0,1782360880.1709437,0.001833200454711914
188917,normal,2173,0,1782360880.1731427,0.002198934555053711
188918,normal,402,0,1782360880.1751418,0.0019991397857666016
188919,normal,2370,0,1782360880.177056,0.0019142627716064453
188920,normal,1237,0,1782360880.1790273,0.0019712448120117188
188921,normal,447,0,1782360880.1813014,0.002274036407470703
188922,normal,2832,0,1782360880.182952,0.0016505718231201172
188923,normal,443,0,1782360880.1852942,0.00234222412109375
188924,normal,772,2,1782360880.1872797,0.0019855499267578125
188925,normal,441,0,1782360880.1891665,0.0018868446350097656
188926,normal,2843,0,1782360880.1910598,0.0018932819366455078
188927,normal,1520,0,1782360880.1930392,0.001979351043701172
188928,normal,3359,1,1782360880.1949856,0.0019464492797851562
188929,normal,2209,0,1782360880.1969748,0.001989126205444336
188930,normal,2788,0,1782360880.199283,0.0023081302642822266
188931,normal,1827,0,1782360880.200996,0.0017130374908447266
188932,normal,2699,0,1782360880.202894,0.001898050308227539
188933,normal,2472,0,1782360880.2049909,0.002096891403198242
188934,normal,1683,0,1782360880.2069185,0.0019276142120361328
188935,normal,2069,0,1782360880.2091293,0.002210855484008789
188936,normal,3322,1,1782360880.2110338,0.0019044876098632812
188937,normal,1284,0,1782360880.2131073,0.002073526382446289
188938,normal,3026,0,1782360880.2151144,0.002007007598876953
188939,normal,423,0,1782360880.217084,0.001969575881958008
188940,normal,947,2,1782360880.2189462,0.0018622875213623047
188941,normal,3260,1,1782360880.2210722,0.002125978469848633
188942,normal,2306,0,1782360880.223074,0.0020017623901367188
188943,normal,1939,0,1782360880.225045,0.001971006393432617
188944,normal,3640,0,1782360880.2270093,0.0019643306732177734
188945,normal,3156,1,1782360880.229116,0.0021066665649414062
188946,normal,2550,0,1782360880.2310436,0.0019276142120361328
188947,normal,1580,0,1782360880.2329822,0.0019385814666748047
188948,normal,2133,0,1782360880.2350948,0.0021126270294189453
188949,normal,2358,0,1782360880.2369962,0.001901388168334961
188950,normal,2572,0,1782360880.2390702,0.002074003219604492
188951,normal,1933,0,1782360880.2410724,0.002002239227294922
188952,normal,3005,0,1782360880.2429383,0.0018658638000488281
188953,normal,140,0,1782360880.245057,0.002118825912475586
188954,normal,977,2,1782360880.2471056,0.002048492431640625
188955,normal,780,2,1782360880.249005,0.0018994808197021484
188956,normal,1104,0,1782360880.251119,0.002113819122314453
188957,normal,2986,0,1782360880.2531161,0.001997232437133789
188958,normal,3634,0,1782360880.255048,0.001931905746459961
188959,normal,2373,0,1782360880.2570758,0.002027750015258789
188960,normal,95,0,1782360880.2591462,0.0020704269409179688
188961,normal,410,0,1782360880.2610416,0.0018954277038574219
188962,normal,3320,1,1782360880.2630696,0.0020279884338378906
188963,normal,1145,0,1782360880.2651093,0.002039670944213867
188964,normal,3073,1,1782360880.26694,0.0018308162689208984
188965,normal,1283,0,1782360880.2690504,0.0021102428436279297
188966,normal,1330,1,1782360880.2710495,0.0019991397857666016
188967,normal,1886,0,1782360880.2730527,0.002003192901611328
188968,normal,1598,0,1782360880.2749393,0.001886606216430664
188969,normal,3254,1,1782360880.2770483,0.002109050750732422
188970,normal,2207,0,1782360880.2789369,0.0018885135650634766
188971,normal,2176,0,1782360880.2810452,0.002108335494995117
188972,normal,1252,0,1782360880.2832727,0.0022275447845458984
188973,normal,1246,0,1782360880.2853913,0.0021185874938964844
188974,normal,820,2,1782360880.2870102,0.0016188621520996094
188975,normal,2170,0,1782360880.2890592,0.002048969268798828
188976,normal,3313,1,1782360880.2909405,0.0018813610076904297
188977,normal,1606,0,1782360880.2930725,0.002131938934326172
188978,normal,884,2,1782360880.2950726,0.002000093460083008
188979,normal,1542,0,1782360880.297063,0.0019905567169189453
188980,normal,3092,1,1782360880.2989779,0.0019147396087646484
188981,normal,1238,0,1782360880.3010569,0.002079010009765625
188982,normal,634,0,1782360880.3029423,0.0018854141235351562
188983,normal,1150,0,1782360880.3050683,0.002125978469848633
188984,normal,2900,0,1782360880.3070679,0.0019996166229248047
188985,normal,1949,0,1782360880.3089602,0.0018923282623291016
188986,normal,2396,0,1782360880.311104,0.00214385986328125
188987,normal,255,0,1782360880.3130817,0.001977682113647461
188988,normal,357,0,1782360880.3149595,0.0018777847290039062
188989,normal,335,0,1782360880.3172042,0.002244710922241211
188990,normal,943,2,1782360880.3193936,0.0021893978118896484
188991,normal,3193,1,1782360880.3209736,0.0015799999237060547
188992,normal,2783,0,1782360880.3230653,0.002091646194458008
188993,normal,3022,0,1782360880.3250906,0.0020253658294677734
188994,normal,2669,0,1782360880.3270013,0.0019106864929199219
188995,normal,2728,0,1782360880.3291254,0.0021240711212158203
188996,normal,1155,0,1782360880.3311725,0.0020470619201660156
188997,normal,369,0,1782360880.3330584,0.0018858909606933594
188998,normal,3071,1,1782360880.3350766,0.0020182132720947266
188999,normal,2529,0,1782360880.3371553,0.0020787715911865234
189000,normal,3534,0,1782360880.3390765,0.0019211769104003906
189001,normal,2695,0,1782360880.3409712,0.0018947124481201172
189002,normal,1462,0,1782360880.3430495,0.0020782947540283203
189003,normal,1158,0,1782360880.3449311,0.0018815994262695312
189004,normal,2304,0,1782360880.3470817,0.0021505355834960938
189005,normal,2219,0,1782360880.3491263,0.002044677734375
189006,normal,245,0,1782360880.3509789,0.0018525123596191406
189007,normal,2971,0,1782360880.3531075,0.00212860107421875
189008,normal,2203,0,1782360880.355084,0.001976490020751953
189009,normal,1653,0,1782360880.3569999,0.0019159317016601562
189010,normal,2580,0,1782360880.3591285,0.00212860107421875
189011,normal,131,0,1782360880.3611486,0.002020120620727539
189012,normal,2602,0,1782360880.3630166,0.0018680095672607422
189013,normal,75,0,1782360880.3650737,0.0020570755004882812
189014,normal,2086,0,1782360880.3670707,0.0019969940185546875
189015,normal,895,2,1782360880.369007,0.0019364356994628906
189016,normal,1279,0,1782360880.371134,0.002126932144165039
189017,normal,931,2,1782360880.3731344,0.0020003318786621094
189018,normal,1194,0,1782360880.3754551,0.0023207664489746094
189019,normal,818,2,1782360880.3769555,0.0015003681182861328
189020,normal,2720,0,1782360880.3790863,0.002130746841430664
189021,normal,2238,0,1782360880.3809736,0.0018873214721679688
189022,normal,962,2,1782360880.3830879,0.0021142959594726562
189023,normal,3354,1,1782360880.3850946,0.0020067691802978516
189024,normal,837,2,1782360880.3869874,0.0018928050994873047
189025,normal,1940,0,1782360880.3891208,0.0021333694458007812
189026,normal,1602,0,1782360880.3910732,0.0019524097442626953
189027,normal,1268,0,1782360880.3929694,0.0018961429595947266
189028,normal,848,2,1782360880.3950841,0.0021147727966308594
189029,normal,3676,0,1782360880.3971,0.002015829086303711
189030,normal,451,0,1782360880.3991003,0.0020003318786621094
189031,normal,899,2,1782360880.40117,0.002069711685180664
189032,normal,2498,0,1782360880.403199,0.002028942108154297
189033,normal,726,0,1782360880.4050944,0.0018954277038574219
189034,normal,3182,1,1782360880.407199,0.002104520797729492
189035,normal,2294,0,1782360880.4091434,0.0019445419311523438
189036,normal,2657,0,1782360880.4110854,0.0019419193267822266
189037,normal,2225,0,1782360880.4130642,0.0019788742065429688
189038,normal,3701,0,1782360880.4151795,0.0021152496337890625
189039,normal,3180,1,1782360880.417068,0.0018885135650634766
189040,normal,490,0,1782360880.4191735,0.0021054744720458984
189041,normal,2781,0,1782360880.4212608,0.0020873546600341797
189042,normal,1844,0,1782360880.4230392,0.0017783641815185547
189043,normal,666,0,1782360880.4253008,0.002261638641357422
189044,normal,2902,0,1782360880.427173,0.0018720626831054688
189045,normal,1196,0,1782360880.4291673,0.0019943714141845703
189046,normal,1843,0,1782360880.4311545,0.0019872188568115234
189047,normal,1080,0,1782360880.4332933,0.002138853073120117
189048,normal,13,0,1782360880.4351478,0.0018544197082519531
189049,normal,2470,0,1782360880.4371133,0.0019655227661132812
189050,normal,2629,0,1782360880.4391623,0.002048969268798828
189051,normal,2767,0,1782360880.441059,0.0018968582153320312
189052,normal,3471,0,1782360880.4431593,0.002100229263305664
189053,normal,1188,0,1782360880.4452221,0.0020627975463867188
189054,normal,2893,0,1782360880.4470537,0.0018315315246582031
189055,normal,1408,0,1782360880.449152,0.0020983219146728516
189056,normal,1798,0,1782360880.4511557,0.0020036697387695312
189057,normal,3043,0,1782360880.4530575,0.001901865005493164
189058,normal,627,0,1782360880.4552152,0.0021576881408691406
189059,normal,1183,0,1782360880.4572346,0.0020194053649902344
189060,normal,688,0,1782360880.459048,0.0018134117126464844
189061,normal,2056,0,1782360880.4611661,0.0021181106567382812
189062,normal,3263,1,1782360880.4630854,0.0019192695617675781
189063,normal,3061,1,1782360880.464971,0.0018856525421142578
189064,normal,3281,1,1782360880.467173,0.0022020339965820312
189065,normal,1410,0,1782360880.4692974,0.002124309539794922
189066,normal,2810,0,1782360880.471,0.0017025470733642578
189067,normal,2955,0,1782360880.473168,0.002167940139770508
189068,normal,269,0,1782360880.4751828,0.0020148754119873047
189069,normal,1746,0,1782360880.4770727,0.001889944076538086
189070,normal,246,0,1782360880.479183,0.0021102428436279297
189071,normal,662,0,1782360880.4811974,0.0020143985748291016
189072,normal,2937,0,1782360880.4831023,0.0019049644470214844
189073,normal,1439,0,1782360880.4851835,0.002081155776977539
189074,normal,1465,0,1782360880.4871814,0.0019979476928710938
189075,normal,1040,0,1782360880.4892967,0.0021152496337890625
189076,normal,3252,1,1782360880.4914315,0.0021347999572753906
189077,normal,713,0,1782360880.4930015,0.001569986343383789
189078,normal,1267,0,1782360880.49516,0.002158641815185547
189079,normal,1488,0,1782360880.4970303,0.0018701553344726562
189080,normal,272,0,1782360880.4991884,0.0021581649780273438
189081,normal,3020,0,1782360880.5010662,0.0018777847290039062
189082,normal,1973,0,1782360880.5031457,0.002079486846923828
189083,normal,1100,0,1782360880.5051925,0.002046823501586914
189084,normal,1243,0,1782360880.507104,0.0019114017486572266
189085,normal,3437,0,1782360880.509081,0.0019769668579101562
189086,normal,1182,0,1782360880.5113924,0.0023114681243896484
189087,normal,344,0,1782360880.5133944,0.0020020008087158203
189088,normal,1641,0,1782360880.5151162,0.0017218589782714844
189089,normal,3215,1,1782360880.5172849,0.0021686553955078125
189090,normal,209,0,1782360880.519216,0.0019311904907226562
189091,normal,2104,0,1782360880.5209985,0.0017824172973632812
189092,normal,845,2,1782360880.5231776,0.0021791458129882812
189093,normal,2011,0,1782360880.5250869,0.0019092559814453125
189094,normal,2862,0,1782360880.527221,0.002134084701538086
189095,normal,1997,0,1782360880.529136,0.00191497802734375
189096,normal,3424,0,1782360880.5312366,0.002100706100463867
189097,normal,3303,1,1782360880.5330446,0.0018079280853271484
189098,normal,1957,0,1782360880.5351853,0.0021407604217529297
189099,normal,1186,0,1782360880.53709,0.0019047260284423828
189100,normal,2891,0,1782360880.5392,0.002110004425048828
189101,normal,838,2,1782360880.5411127,0.0019125938415527344
189102,normal,1819,0,1782360880.5432315,0.002118825912475586
189103,normal,2356,0,1782360880.5450788,0.0018472671508789062
189104,normal,3609,0,1782360880.5471764,0.002097606658935547
189105,normal,3626,0,1782360880.5490892,0.001912832260131836
189106,normal,1747,0,1782360880.5513556,0.002266407012939453
189107,normal,1911,0,1782360880.5530727,0.0017170906066894531
189108,normal,3042,0,1782360880.5552013,0.00212860107421875
189109,normal,3045,1,1782360880.557089,0.0018877983093261719
189110,normal,2406,0,1782360880.5590017,0.0019125938415527344
189111,normal,3300,1,1782360880.561008,0.0020062923431396484
189112,normal,2108,0,1782360880.5631127,0.0021047592163085938
189113,normal,1039,0,1782360880.5651956,0.00208282470703125
189114,normal,631,0,1782360880.56727,0.0020744800567626953
189115,normal,2096,0,1782360880.5690181,0.0017480850219726562
189116,normal,528,0,1782360880.5712547,0.002236604690551758
189117,normal,1336,1,1782360880.5731015,0.0018467903137207031
189118,normal,2975,0,1782360880.5753536,0.0022521018981933594
189119,normal,859,2,1782360880.5773711,0.002017498016357422
189120,normal,610,0,1782360880.5797915,0.0024204254150390625
189121,normal,203,0,1782360880.5810788,0.001287221908569336
189122,normal,1323,1,1782360880.5830789,0.002000093460083008
189123,normal,1878,0,1782360880.5849519,0.001873016357421875
189124,normal,1969,0,1782360880.5870855,0.002133607864379883
189125,normal,1855,0,1782360880.5891545,0.0020689964294433594
189126,normal,11,0,1782360880.5909653,0.0018107891082763672
189127,normal,1354,1,1782360880.5930557,0.0020904541015625
189128,normal,1614,0,1782360880.5950592,0.0020034313201904297
189129,normal,3368,1,1782360880.596973,0.0019137859344482422
189130,normal,3311,1,1782360880.5996857,0.002712726593017578
189131,normal,3409,0,1782360880.6011088,0.0014231204986572266
189132,normal,2031,0,1782360880.6029668,0.0018579959869384766
189133,normal,2132,0,1782360880.6050756,0.0021088123321533203
189134,normal,802,2,1782360880.6070783,0.002002716064453125
189135,normal,2754,0,1782360880.6089487,0.0018703937530517578
189136,normal,1001,2,1782360880.6112797,0.0023310184478759766
189137,normal,2276,0,1782360880.612973,0.0016932487487792969
189138,normal,3391,1,1782360880.6150935,0.002120494842529297
189139,normal,2443,0,1782360880.6169775,0.0018839836120605469
189140,normal,702,0,1782360880.6190832,0.002105712890625
189141,normal,3372,1,1782360880.6210244,0.0019412040710449219
189142,normal,744,0,1782360880.623356,0.0023317337036132812
189143,normal,1099,0,1782360880.625044,0.0016880035400390625
189144,normal,542,0,1782360880.6271732,0.002129077911376953
189145,normal,1056,0,1782360880.629074,0.0019009113311767578
189146,normal,2645,0,1782360880.6311839,0.0021097660064697266
189147,normal,1004,2,1782360880.6332304,0.0020465850830078125
189148,normal,395,0,1782360880.6351395,0.001909017562866211
189149,normal,2515,0,1782360880.637092,0.0019526481628417969
189150,normal,1584,0,1782360880.6389828,0.0018906593322753906
189151,normal,791,2,1782360880.6410816,0.0020987987518310547
189152,normal,1098,0,1782360880.6430776,0.0019960403442382812
189153,normal,2634,0,1782360880.645035,0.001957416534423828
189154,normal,2084,0,1782360880.6472127,0.002177715301513672
189155,normal,1948,0,1782360880.6490254,0.0018126964569091797
189156,normal,3539,0,1782360880.6511152,0.0020897388458251953
189157,normal,2160,0,1782360880.6529899,0.001874685287475586
189158,normal,659,0,1782360880.6550975,0.0021076202392578125
189159,normal,598,0,1782360880.6569848,0.0018873214721679688
189160,normal,1299,0,1782360880.6591256,0.0021407604217529297
189161,normal,3325,1,1782360880.6611388,0.0020132064819335938
189162,normal,2369,0,1782360880.6630676,0.0019288063049316406
189163,normal,898,2,1782360880.6651285,0.0020608901977539062
189164,normal,775,2,1782360880.667091,0.001962423324584961
189165,normal,3488,0,1782360880.6690238,0.0019328594207763672
189166,normal,87,0,1782360880.6711376,0.002113819122314453
189167,normal,338,0,1782360880.673165,0.0020275115966796875
189168,normal,3257,1,1782360880.6750634,0.0018982887268066406
189169,normal,2888,0,1782360880.677096,0.0020325183868408203
189170,normal,257,0,1782360880.6791017,0.0020058155059814453
189171,normal,3083,1,1782360880.6810055,0.0019037723541259766
189172,normal,212,0,1782360880.6831183,0.002112865447998047
189173,normal,1277,0,1782360880.6851184,0.002000093460083008
189174,normal,2097,0,1782360880.6870122,0.001893758773803711
189175,normal,1537,0,1782360880.6891305,0.002118349075317383
189176,normal,3583,0,1782360880.6911733,0.0020427703857421875
189177,normal,340,0,1782360880.692959,0.0017857551574707031
189178,normal,2466,0,1782360880.6951056,0.002146482467651367
189179,normal,3574,0,1782360880.6971097,0.0020041465759277344
189180,normal,1329,1,1782360880.6989882,0.001878499984741211
189181,normal,1345,1,1782360880.7011595,0.0021712779998779297
189182,normal,1073,0,1782360880.70313,0.001970529556274414
189183,normal,995,2,1782360880.7050524,0.0019223690032958984
189184,normal,3596,0,1782360880.7071238,0.002071380615234375
189185,normal,776,2,1782360880.7091513,0.0020275115966796875
189186,normal,2477,0,1782360880.7110302,0.001878976821899414
189187,normal,1534,0,1782360880.7130973,0.002067089080810547
189188,normal,2949,0,1782360880.71509,0.0019927024841308594
189189,normal,331,0,1782360880.716972,0.0018820762634277344
189190,normal,554,0,1782360880.719168,0.0021958351135253906
189191,normal,1696,0,1782360880.7212377,0.002069711685180664
189192,normal,2204,0,1782360880.7230232,0.0017855167388916016
189193,normal,98,0,1782360880.7252421,0.002218961715698242
189194,normal,2366,0,1782360880.7271922,0.0019500255584716797
189195,normal,2994,0,1782360880.729088,0.001895904541015625
189196,normal,3265,1,1782360880.7312193,0.002131223678588867
189197,normal,3296,1,1782360880.7331576,0.0019383430480957031
189198,normal,3662,0,1782360880.7350981,0.0019404888153076172
189199,normal,146,0,1782360880.7372987,0.002200603485107422
189200,normal,2714,0,1782360880.7390897,0.0017910003662109375
189201,normal,3230,1,1782360880.7411604,0.0020706653594970703
189202,normal,496,0,1782360880.7429614,0.0018010139465332031
189203,normal,337,0,1782360880.7451594,0.0021979808807373047
189204,normal,3697,0,1782360880.7471988,0.0020394325256347656
189205,normal,679,0,1782360880.7489617,0.0017628669738769531
189206,normal,1532,0,1782360880.7511556,0.002193927764892578
189207,normal,2155,0,1782360880.7530575,0.001901865005493164
189208,normal,58,0,1782360880.7550776,0.002020120620727539
189209,normal,1866,0,1782360880.7572653,0.0021877288818359375
189210,normal,2800,0,1782360880.7593822,0.0021169185638427734
189211,normal,348,0,1782360880.761032,0.0016498565673828125
189212,normal,1877,0,1782360880.7631624,0.002130270004272461
189213,normal,667,0,1782360880.7650564,0.0018939971923828125
189214,normal,2454,0,1782360880.7670846,0.002028226852416992
189215,normal,1813,0,1782360880.7691736,0.0020890235900878906
189216,normal,1727,0,1782360880.7711754,0.0020017623901367188
189217,normal,3425,0,1782360880.773012,0.001836538314819336
189218,normal,1414,0,1782360880.7751617,0.002149820327758789
189219,normal,983,2,1782360880.777066,0.0019042491912841797
189220,normal,522,0,1782360880.7790878,0.00202178955078125
189221,normal,2293,0,1782360880.7811768,0.0020890235900878906
189222,normal,2039,0,1782360880.7830813,0.0019044876098632812
189223,normal,3220,1,1782360880.7851317,0.0020503997802734375
189224,normal,1067,0,1782360880.7872102,0.002078533172607422
189225,normal,1256,0,1782360880.7890701,0.001859903335571289
189226,normal,2658,0,1782360880.7913313,0.0022611618041992188
189227,normal,3212,1,1782360880.793402,0.0020706653594970703
189228,normal,3643,0,1782360880.7950265,0.0016245841979980469
189229,normal,1782,0,1782360880.7970273,0.0020008087158203125
189230,normal,2614,0,1782360880.7991002,0.0020728111267089844
189231,normal,2879,0,1782360880.800999,0.0018987655639648438
189232,normal,2260,0,1782360880.8031416,0.002142667770385742
189233,normal,2828,0,1782360880.8051429,0.0020012855529785156
189234,normal,1849,0,1782360880.807036,0.0018930435180664062
189235,normal,444,0,1782360880.809244,0.0022079944610595703
189236,normal,1093,0,1782360880.811002,0.0017580986022949219
189237,normal,1846,0,1782360880.8132427,0.0022406578063964844
189238,normal,3317,1,1782360880.8153448,0.0021021366119384766
189239,normal,20,0,1782360880.8171144,0.0017695426940917969
189240,normal,241,0,1782360880.8191361,0.00202178955078125
189241,normal,3630,0,1782360880.8210425,0.0019063949584960938
189242,normal,2128,0,1782360880.8231647,0.002122163772583008
189243,normal,1295,0,1782360880.825075,0.0019102096557617188
189244,normal,3330,1,1782360880.8271747,0.002099752426147461
189245,normal,3540,0,1782360880.8295012,0.002326488494873047
189246,normal,2688,0,1782360880.8309643,0.001463174819946289
189247,normal,92,0,1782360880.833103,0.0021386146545410156
189248,normal,3143,1,1782360880.8351223,0.0020194053649902344
189249,normal,1065,0,1782360880.837003,0.001880645751953125
189250,normal,2255,0,1782360880.839132,0.002129077911376953
189251,normal,469,0,1782360880.8411276,0.001995563507080078
189252,normal,2514,0,1782360880.8430126,0.0018849372863769531
189253,normal,377,0,1782360880.8451521,0.002139568328857422
189254,normal,1085,0,1782360880.846995,0.0018429756164550781
189255,normal,2677,0,1782360880.849107,0.0021119117736816406
189256,normal,3229,1,1782360880.850996,0.0018889904022216797
189257,normal,50,0,1782360880.85313,0.002134084701538086
189258,normal,330,0,1782360880.855037,0.0019068717956542969
189259,normal,3029,0,1782360880.8571355,0.002098560333251953
189260,normal,905,2,1782360880.8591423,0.0020067691802978516
189261,normal,2751,0,1782360880.860996,0.0018537044525146484
189262,normal,3542,0,1782360880.8631516,0.0021555423736572266
189263,normal,1215,0,1782360880.865196,0.0020444393157958984
189264,normal,3443,0,1782360880.8669825,0.0017864704132080078
189265,normal,2925,0,1782360880.8690937,0.002111196517944336
189266,normal,438,0,1782360880.871095,0.0020012855529785156
189267,normal,756,0,1782360880.8729765,0.0018815994262695312
189268,normal,2346,0,1782360880.8751383,0.002161741256713867
189269,normal,1905,0,1782360880.8771477,0.0020093917846679688
189270,normal,2974,0,1782360880.8790302,0.0018825531005859375
189271,normal,3646,0,1782360880.8812244,0.0021941661834716797
189272,normal,917,2,1782360880.8830762,0.001851797103881836
189273,normal,3652,0,1782360880.885222,0.0021457672119140625
189274,normal,2437,0,1782360880.887071,0.0018489360809326172
189275,normal,2804,0,1782360880.8892264,0.0021555423736572266
189276,normal,547,0,1782360880.891196,0.001969575881958008
189277,normal,487,0,1782360880.8929908,0.0017948150634765625
189278,normal,749,0,1782360880.89509,0.002099275588989258
189279,normal,2926,0,1782360880.896972,0.0018818378448486328
189280,normal,2390,0,1782360880.8990948,0.0021228790283203125
189281,normal,3079,1,1782360880.9011724,0.0020775794982910156
189282,normal,431,0,1782360880.9029844,0.001811981201171875
189283,normal,1141,0,1782360880.9050858,0.002101421356201172
189284,normal,896,2,1782360880.9070842,0.001998424530029297
189285,normal,2582,0,1782360880.9089718,0.0018875598907470703
189286,normal,891,2,1782360880.9114547,0.002482891082763672
189287,normal,427,0,1782360880.9132009,0.0017461776733398438
189288,normal,1399,0,1782360880.915003,0.001802206039428711
189289,normal,2342,0,1782360880.9171023,0.002099275588989258
189290,normal,2501,0,1782360880.9190965,0.0019941329956054688
189291,normal,3477,0,1782360880.9209845,0.0018880367279052734
189292,normal,2310,0,1782360880.9231193,0.0021347999572753906
189293,normal,953,2,1782360880.9252255,0.002106189727783203
189294,normal,1965,0,1782360880.9269927,0.0017671585083007812
189295,normal,2625,0,1782360880.9290977,0.0021049976348876953
189296,normal,1441,0,1782360880.9311075,0.002009868621826172
189297,normal,807,2,1782360880.932989,0.0018813610076904297
189298,normal,1906,0,1782360880.935126,0.0021371841430664062
189299,normal,1812,0,1782360880.9371293,0.002003192901611328
189300,normal,1489,0,1782360880.9390182,0.0018889904022216797
189301,normal,654,0,1782360880.941105,0.002086639404296875
189302,normal,1362,1,1782360880.943112,0.002007007598876953
189303,normal,1235,0,1782360880.9452279,0.002115964889526367
189304,normal,3352,1,1782360880.947431,0.002203226089477539
189305,normal,3136,1,1782360880.9489899,0.0015587806701660156
189306,normal,1261,0,1782360880.951115,0.0021250247955322266
189307,normal,1333,1,1782360880.953032,0.001917123794555664
189308,normal,2869,0,1782360880.9551778,0.0021457672119140625
189309,normal,1757,0,1782360880.957054,0.0018761157989501953
189310,normal,3497,0,1782360880.9592626,0.002208709716796875
189311,normal,2210,0,1782360880.9610221,0.0017595291137695312
189312,normal,1700,0,1782360880.9633434,0.0023212432861328125
189313,normal,3699,0,1782360880.9653175,0.0019741058349609375
189314,normal,864,2,1782360880.9671152,0.0017976760864257812
189315,normal,1637,0,1782360880.9689727,0.0018575191497802734
189316,normal,1346,1,1782360880.971079,0.0021064281463623047
189317,normal,1591,0,1782360880.9730885,0.0020093917846679688
189318,normal,2386,0,1782360880.975,0.0019114017486572266
189319,normal,635,0,1782360880.9771109,0.0021109580993652344
189320,normal,3664,0,1782360880.9791021,0.00199127197265625
189321,normal,3505,0,1782360880.9810054,0.0019032955169677734
189322,normal,732,0,1782360880.9831123,0.002106904983520508
189323,normal,2969,0,1782360880.9851427,0.0020303726196289062
189324,normal,1175,0,1782360880.9870448,0.0019021034240722656
189325,normal,3481,0,1782360880.9891636,0.002118825912475586
189326,normal,1623,0,1782360880.9911227,0.001959085464477539
189327,normal,606,0,1782360880.9929726,0.0018498897552490234
189328,normal,1351,1,1782360880.995146,0.0021734237670898438
189329,normal,1452,0,1782360880.997166,0.0020198822021484375
189330,normal,1108,0,1782360880.9990573,0.0018913745880126953
189331,normal,3708,0,1782360881.001115,0.002057790756225586
189332,normal,2831,0,1782360881.0030894,0.001974344253540039
189333,normal,2803,0,1782360881.0050004,0.0019109249114990234
189334,normal,2328,0,1782360881.0071235,0.002123117446899414
189335,normal,819,2,1782360881.0091126,0.001989126205444336
189336,normal,1163,0,1782360881.0110114,0.0018987655639648438
189337,normal,2795,0,1782360881.0131366,0.002125263214111328
189338,normal,2544,0,1782360881.015089,0.0019524097442626953
189339,normal,475,0,1782360881.0171204,0.0020313262939453125
189340,normal,416,0,1782360881.0189888,0.0018684864044189453
189341,normal,1222,0,1782360881.021132,0.0021431446075439453
189342,normal,2998,0,1782360881.0229943,0.0018622875213623047
189343,normal,59,0,1782360881.025137,0.002142667770385742
189344,normal,1027,2,1782360881.0271626,0.002025604248046875
189345,normal,1347,1,1782360881.0291936,0.002031087875366211
189346,normal,2085,0,1782360881.0309637,0.00177001953125
189347,normal,1429,0,1782360881.033126,0.002162456512451172
189348,normal,764,0,1782360881.0350099,0.0018837451934814453
189349,normal,2594,0,1782360881.0371068,0.002096891403198242
189350,normal,1045,0,1782360881.0390992,0.001992464065551758
189351,normal,358,0,1782360881.0409782,0.001878976821899414
189352,normal,3358,1,1782360881.0430982,0.0021200180053710938
189353,normal,2621,0,1782360881.0451465,0.0020482540130615234
189354,normal,2287,0,1782360881.0470488,0.0019023418426513672
189355,normal,274,0,1782360881.0491548,0.0021059513092041016
189356,normal,3023,0,1782360881.0511765,0.00202178955078125
189357,normal,424,0,1782360881.0530884,0.0019118785858154297
189358,normal,1721,0,1782360881.0552247,0.00213623046875
189359,normal,3341,1,1782360881.0571723,0.001947641372680664
189360,normal,2059,0,1782360881.0591037,0.0019314289093017578
189361,normal,3591,0,1782360881.0611024,0.0019986629486083984
189362,normal,1887,0,1782360881.0631697,0.0020673274993896484
189363,normal,626,0,1782360881.06494,0.0017702579498291016
189364,normal,2516,0,1782360881.067098,0.002157926559448242
189365,normal,590,0,1782360881.0690947,0.001996755599975586
189366,normal,552,0,1782360881.0710988,0.0020041465759277344
189367,normal,2057,0,1782360881.072983,0.0018842220306396484
189368,normal,1437,0,1782360881.075087,0.002104043960571289
189369,normal,2615,0,1782360881.076972,0.0018849372863769531
189370,normal,328,0,1782360881.0790896,0.002117633819580078
189371,normal,1373,1,1782360881.0812178,0.002128124237060547
189372,normal,479,0,1782360881.0834491,0.0022313594818115234
189373,normal,814,2,1782360881.0850306,0.001581430435180664
189374,normal,2950,0,1782360881.0870974,0.0020668506622314453
189375,normal,599,0,1782360881.0889802,0.001882791519165039
189376,normal,2802,0,1782360881.0911105,0.002130270004272461
189377,normal,137,0,1782360881.0931067,0.001996278762817383
189378,normal,2301,0,1782360881.095083,0.0019762516021728516
189379,normal,282,0,1782360881.0971372,0.0020542144775390625
189380,normal,630,0,1782360881.0991113,0.0019741058349609375
189381,normal,334,0,1782360881.1009858,0.0018744468688964844
189382,normal,1359,1,1782360881.1031184,0.0021326541900634766
189383,normal,2139,0,1782360881.1051118,0.001993417739868164
189384,normal,1853,0,1782360881.1069973,0.0018854141235351562
189385,normal,3093,1,1782360881.1091545,0.0021572113037109375
189386,normal,2164,0,1782360881.111115,0.0019605159759521484
189387,normal,2931,0,1782360881.1129918,0.0018768310546875
189388,normal,488,0,1782360881.115276,0.0022842884063720703
189389,normal,200,0,1782360881.1174333,0.0021572113037109375
189390,normal,3262,1,1782360881.1189873,0.0015540122985839844
189391,normal,2676,0,1782360881.1210916,0.0021042823791503906
189392,normal,2352,0,1782360881.123089,0.0019974708557128906
189393,normal,3475,0,1782360881.1250136,0.0019245147705078125
189394,normal,1947,0,1782360881.1271524,0.002138853073120117
189395,normal,108,0,1782360881.1291747,0.002022266387939453
189396,normal,36,0,1782360881.1310391,0.0018644332885742188
189397,normal,2403,0,1782360881.1332717,0.0022325515747070312
189398,normal,777,2,1782360881.1349828,0.001711130142211914
189399,normal,1759,0,1782360881.137374,0.0023910999298095703
189400,normal,2452,0,1782360881.1393619,0.001987934112548828
189401,normal,1203,0,1782360881.1411264,0.001764535903930664
189402,normal,163,0,1782360881.143174,0.0020475387573242188
189403,normal,533,0,1782360881.1450782,0.0019042491912841797
189404,normal,510,0,1782360881.1471262,0.002048015594482422
189405,normal,73,0,1782360881.149009,0.001882791519165039
189406,normal,3511,0,1782360881.151136,0.002126932144165039
189407,normal,699,0,1782360881.1531575,0.0020215511322021484
189408,normal,1612,0,1782360881.1550415,0.0018839836120605469
189409,normal,1327,1,1782360881.1571329,0.0020914077758789062
189410,normal,602,0,1782360881.1591163,0.0019834041595458984
189411,normal,1084,0,1782360881.161001,0.0018846988677978516
189412,normal,3176,1,1782360881.1631193,0.002118349075317383
189413,normal,588,0,1782360881.165126,0.0020067691802978516
189414,normal,2413,0,1782360881.167093,0.0019669532775878906
189415,normal,2405,0,1782360881.1691086,0.0020155906677246094
189416,normal,954,2,1782360881.171105,0.001996278762817383
189417,normal,483,0,1782360881.1729903,0.0018854141235351562
189418,normal,413,0,1782360881.175137,0.0021467208862304688
189419,normal,2034,0,1782360881.177207,0.0020699501037597656
189420,normal,1125,0,1782360881.1803632,0.0031561851501464844
189421,normal,2705,0,1782360881.1810641,0.0007009506225585938
189422,normal,2552,0,1782360881.1830914,0.002027273178100586
189423,normal,2796,0,1782360881.1849735,0.0018820762634277344
189424,normal,1142,0,1782360881.1870887,0.0021152496337890625
189425,normal,768,0,1782360881.1890693,0.0019805431365966797
189426,normal,806,2,1782360881.190954,0.0018846988677978516
189427,normal,2307,0,1782360881.1931047,0.0021507740020751953
189428,normal,80,0,1782360881.1951258,0.0020210742950439453
189429,normal,2713,0,1782360881.197053,0.0019271373748779297
189430,normal,3053,1,1782360881.1990376,0.0019845962524414062
189431,normal,485,0,1782360881.2011652,0.0021276473999023438
189432,normal,40,0,1782360881.20314,0.001974821090698242
189433,normal,586,0,1782360881.2050548,0.0019147396087646484
189434,normal,207,0,1782360881.2071264,0.0020716190338134766
189435,normal,333,0,1782360881.209061,0.0019345283508300781
189436,normal,1891,0,1782360881.2112138,0.0021529197692871094
189437,normal,2311,0,1782360881.2131193,0.0019054412841796875
189438,normal,3134,1,1782360881.21499,0.0018706321716308594
189439,normal,2243,0,1782360881.2170286,0.002038717269897461
189440,normal,3284,1,1782360881.219045,0.002016305923461914
189441,normal,2684,0,1782360881.2211542,0.0021092891693115234
189442,normal,2932,0,1782360881.2231927,0.0020384788513183594
189443,normal,3152,1,1782360881.2250957,0.0019030570983886719
189444,normal,1446,0,1782360881.226942,0.0018463134765625
189445,normal,256,0,1782360881.229068,0.002125978469848633
189446,normal,1242,0,1782360881.2310665,0.001998424530029297
189447,normal,3164,1,1782360881.233205,0.0021386146545410156
189448,normal,3054,1,1782360881.234998,0.00179290771484375
189449,normal,2241,0,1782360881.237165,0.0021669864654541016
189450,normal,529,0,1782360881.2390604,0.0018954277038574219
189451,normal,559,0,1782360881.241166,0.002105712890625
189452,normal,2678,0,1782360881.243185,0.0020189285278320312
189453,normal,735,0,1782360881.2452655,0.0020804405212402344
189454,normal,2137,0,1782360881.247072,0.001806497573852539
189455,normal,90,0,1782360881.2492414,0.002169370651245117
189456,normal,501,0,1782360881.2511377,0.0018963813781738281
189457,normal,1583,0,1782360881.2532537,0.002115964889526367
189458,normal,3629,0,1782360881.2553828,0.002129077911376953
189459,normal,1729,0,1782360881.2571774,0.001794576644897461
189460,normal,961,2,1782360881.2590597,0.001882314682006836
189461,normal,2033,0,1782360881.2611527,0.002093076705932617
189462,normal,636,0,1782360881.2630215,0.0018687248229980469
189463,normal,195,0,1782360881.2650654,0.0020439624786376953
189464,normal,3246,1,1782360881.2672749,0.0022094249725341797
189465,normal,3371,1,1782360881.2694044,0.0021295547485351562
189466,normal,2353,0,1782360881.27104,0.0016355514526367188
189467,normal,1337,1,1782360881.2734935,0.0024535655975341797
189468,normal,3102,1,1782360881.2752686,0.0017750263214111328
189469,normal,3326,1,1782360881.2770877,0.0018191337585449219
189470,normal,3060,1,1782360881.2792215,0.0021338462829589844
189471,normal,2151,0,1782360881.2811246,0.0019030570983886719
189472,normal,3671,0,1782360881.2830832,0.001958608627319336
189473,normal,1051,0,1782360881.285028,0.0019447803497314453
189474,normal,428,0,1782360881.287029,0.002001047134399414
189475,normal,2637,0,1782360881.2890534,0.002024412155151367
189476,normal,2753,0,1782360881.2911024,0.002048969268798828
189477,normal,1123,0,1782360881.2930527,0.0019502639770507812
189478,normal,127,0,1782360881.29526,0.0022072792053222656
189479,normal,1293,0,1782360881.297146,0.001886129379272461
189480,normal,1389,0,1782360881.299171,0.0020248889923095703
189481,normal,3449,0,1782360881.301113,0.0019419193267822266
189482,normal,239,0,1782360881.3031285,0.0020155906677246094
189483,normal,1675,0,1782360881.3051531,0.0020246505737304688
189484,normal,2147,0,1782360881.3071628,0.0020096302032470703
189485,normal,314,0,1782360881.309213,0.002050161361694336
189486,normal,1498,0,1782360881.3109376,0.0017247200012207031
189487,normal,2189,0,1782360881.3132162,0.002278566360473633
189488,normal,1303,0,1782360881.3149312,0.001714944839477539
189489,normal,3101,1,1782360881.317149,0.0022177696228027344
189490,normal,316,0,1782360881.3189774,0.0018284320831298828
189491,normal,3111,1,1782360881.3211682,0.002190828323364258
189492,normal,2183,0,1782360881.322986,0.0018177032470703125
189493,normal,2622,0,1782360881.3251922,0.0022063255310058594
189494,normal,1778,0,1782360881.3271098,0.0019176006317138672
189495,normal,2245,0,1782360881.3290277,0.0019178390502929688
189496,normal,1405,0,1782360881.3311615,0.0021338462829589844
189497,normal,2790,0,1782360881.3331215,0.0019600391387939453
189498,normal,1107,0,1782360881.33503,0.0019085407257080078
189499,normal,3200,1,1782360881.3371947,0.002164602279663086
189500,normal,664,0,1782360881.3391507,0.0019559860229492188
189501,normal,942,2,1782360881.340988,0.0018372535705566406
189502,normal,2093,0,1782360881.3432043,0.002216339111328125
189503,normal,2858,0,1782360881.3451073,0.0019030570983886719
189504,normal,1724,0,1782360881.347029,0.0019216537475585938
189505,normal,2764,0,1782360881.3492525,0.002223491668701172
189506,normal,1013,2,1782360881.3510056,0.001753091812133789
189507,normal,2007,0,1782360881.3530097,0.0020041465759277344
189508,normal,831,2,1782360881.3551347,0.0021250247955322266
189509,normal,1088,0,1782360881.3571246,0.0019898414611816406
189510,normal,1133,0,1782360881.358998,0.0018734931945800781
189511,normal,1384,0,1782360881.361164,0.0021660327911376953
189512,normal,979,2,1782360881.363155,0.001990795135498047
189513,normal,381,0,1782360881.3649697,0.0018148422241210938
189514,normal,836,2,1782360881.3671389,0.0021691322326660156
189515,normal,1615,0,1782360881.369124,0.0019850730895996094
189516,normal,2996,0,1782360881.370972,0.001847982406616211
189517,normal,766,0,1782360881.373145,0.002173185348510742
189518,normal,442,0,1782360881.375121,0.00197601318359375
189519,normal,2496,0,1782360881.376965,0.0018439292907714844
189520,normal,1652,0,1782360881.3792236,0.0022585391998291016
189521,normal,394,0,1782360881.3811607,0.0019371509552001953
189522,normal,2268,0,1782360881.3829954,0.0018346309661865234
189523,normal,312,0,1782360881.385173,0.002177715301513672
189524,normal,1172,0,1782360881.3872871,0.0021140575408935547
189525,normal,3014,0,1782360881.3890193,0.0017321109771728516
189526,normal,2885,0,1782360881.3913603,0.002341032028198242
189527,normal,1860,0,1782360881.3931477,0.001787424087524414
189528,normal,2864,0,1782360881.395172,0.002024412155151367
189529,normal,2771,0,1782360881.3971465,0.001974344253540039
189530,normal,2038,0,1782360881.3992884,0.0021419525146484375
189531,normal,1529,0,1782360881.401016,0.0017275810241699219
189532,normal,2640,0,1782360881.4033663,0.002350330352783203
189533,normal,1789,0,1782360881.4051461,0.001779794692993164
189534,normal,680,0,1782360881.407171,0.0020248889923095703
189535,normal,2881,0,1782360881.409223,0.0020520687103271484
189536,normal,3034,0,1782360881.4112976,0.0020744800567626953
189537,normal,449,0,1782360881.413017,0.0017194747924804688
189538,normal,2229,0,1782360881.415388,0.002371072769165039
189539,normal,733,0,1782360881.4171438,0.0017557144165039062
189540,normal,607,0,1782360881.4191895,0.0020456314086914062
189541,normal,3203,1,1782360881.4212253,0.002035856246948242
189542,normal,482,0,1782360881.4232852,0.0020599365234375
189543,normal,1208,0,1782360881.4250174,0.0017321109771728516
189544,normal,1784,0,1782360881.4272928,0.0022754669189453125
189545,normal,557,0,1782360881.4292822,0.0019893646240234375
189546,normal,2256,0,1782360881.4310179,0.001735687255859375
189547,normal,2978,0,1782360881.4333758,0.002357959747314453
189548,normal,1130,0,1782360881.4351585,0.0017826557159423828
189549,normal,518,0,1782360881.4371727,0.00201416015625
189550,normal,3570,0,1782360881.4392326,0.0020599365234375
189551,normal,675,0,1782360881.441297,0.0020644664764404297
189552,normal,648,0,1782360881.443046,0.0017490386962890625
189553,normal,700,0,1782360881.445383,0.0023369789123535156
189554,normal,473,0,1782360881.4471467,0.0017635822296142578
189555,normal,2664,0,1782360881.4491777,0.002031087875366211
189556,normal,3395,1,1782360881.4511404,0.0019626617431640625
189557,normal,218,0,1782360881.4532306,0.0020902156829833984
189558,normal,3008,0,1782360881.4551458,0.0019152164459228516
189559,normal,1076,0,1782360881.4571812,0.002035379409790039
189560,normal,2415,0,1782360881.4592867,0.0021054744720458984
189561,normal,2609,0,1782360881.4610167,0.0017299652099609375
189562,normal,540,0,1782360881.4632905,0.0022737979888916016
189563,normal,3075,1,1782360881.4652796,0.001989126205444336
189564,normal,717,0,1782360881.4670167,0.0017371177673339844
189565,normal,2589,0,1782360881.4692981,0.0022814273834228516
189566,normal,2655,0,1782360881.4712782,0.0019800662994384766
189567,normal,1072,0,1782360881.4730175,0.0017392635345458984
189568,normal,705,0,1782360881.4752953,0.002277851104736328
189569,normal,904,2,1782360881.4773035,0.002008199691772461
189570,normal,1618,0,1782360881.4790184,0.001714944839477539
189571,normal,1278,0,1782360881.481296,0.0022776126861572266
189572,normal,1890,0,1782360881.483145,0.0018489360809326172
189573,normal,2651,0,1782360881.4851732,0.002028226852416992
189574,normal,1181,0,1782360881.4871566,0.0019834041595458984
189575,normal,2082,0,1782360881.489296,0.0021393299102783203
189576,normal,565,0,1782360881.4910192,0.0017232894897460938
189577,normal,3318,1,1782360881.4933233,0.0023040771484375
189578,normal,1338,1,1782360881.495019,0.0016956329345703125
189579,normal,1963,0,1782360881.4972866,0.002267599105834961
189580,normal,1193,0,1782360881.4990463,0.0017597675323486328
189581,normal,3251,1,1782360881.5012894,0.0022430419921875
189582,normal,1525,0,1782360881.5030181,0.0017287731170654297
189583,normal,1632,0,1782360881.5052872,0.0022690296173095703
189584,normal,2159,0,1782360881.507147,0.001859903335571289
189585,normal,3421,0,1782360881.5091825,0.002035379409790039
189586,normal,1901,0,1782360881.511161,0.001978635787963867
189587,normal,2262,0,1782360881.5132756,0.002114534378051758
189588,normal,1893,0,1782360881.515046,0.0017702579498291016
189589,normal,1475,0,1782360881.5173028,0.0022568702697753906
189590,normal,2912,0,1782360881.5191383,0.0018355846405029297
189591,normal,3099,1,1782360881.5211647,0.0020263195037841797
189592,normal,2512,0,1782360881.5230455,0.0018808841705322266
189593,normal,2142,0,1782360881.5251594,0.002113819122314453
189594,normal,1431,0,1782360881.526972,0.0018126964569091797
189595,normal,1673,0,1782360881.5292122,0.0022401809692382812
189596,normal,928,2,1782360881.5312235,0.0020112991333007812
189597,normal,2990,0,1782360881.5331454,0.0019218921661376953
189598,normal,1539,0,1782360881.5352132,0.0020678043365478516
189599,normal,2427,0,1782360881.5372849,0.0020716190338134766
189600,normal,800,2,1782360881.5390174,0.0017325878143310547
189601,normal,2557,0,1782360881.5412443,0.0022268295288085938
189602,normal,2371,0,1782360881.5432832,0.0020389556884765625
189603,normal,642,0,1782360881.545017,0.0017337799072265625
189604,normal,1936,0,1782360881.547327,0.002310037612915039
189605,normal,3168,1,1782360881.5491447,0.0018177032470703125
189606,normal,3131,1,1782360881.5511715,0.002026796340942383
189607,normal,2732,0,1782360881.5531838,0.0020122528076171875
189608,normal,1661,0,1782360881.5552888,0.0021049976348876953
189609,normal,3694,0,1782360881.5570161,0.0017273426055908203
189610,normal,2616,0,1782360881.5590353,0.002019166946411133
189611,normal,1211,0,1782360881.560992,0.0019567012786865234
189612,normal,605,0,1782360881.5630114,0.0020194053649902344
189613,normal,1742,0,1782360881.5651307,0.002119302749633789
189614,normal,2384,0,1782360881.5671299,0.0019991397857666016
189615,normal,2316,0,1782360881.5691578,0.0020279884338378906
189616,normal,124,0,1782360881.5710754,0.0019176006317138672
189617,normal,206,0,1782360881.5732849,0.0022094249725341797
189618,normal,1999,0,1782360881.575018,0.0017330646514892578
189619,normal,2144,0,1782360881.577231,0.002213001251220703
189620,normal,283,0,1782360881.579145,0.0019140243530273438
189621,normal,1995,0,1782360881.5811708,0.0020258426666259766
189622,normal,446,0,1782360881.5831943,0.002023458480834961
189623,normal,901,2,1782360881.5852847,0.0020904541015625
189624,normal,44,0,1782360881.5870178,0.0017330646514892578
189625,normal,3279,1,1782360881.5892885,0.0022706985473632812
189626,normal,3132,1,1782360881.5911465,0.0018579959869384766
189627,normal,2679,0,1782360881.5931685,0.0020220279693603516
189628,normal,2877,0,1782360881.5952024,0.0020339488983154297
189629,normal,3364,1,1782360881.5972905,0.0020880699157714844
189630,normal,3588,0,1782360881.5990171,0.0017266273498535156
189631,normal,3228,1,1782360881.6012895,0.002272367477416992
189632,normal,657,0,1782360881.6031473,0.001857757568359375
189633,normal,208,0,1782360881.6051755,0.002028226852416992
189634,normal,1941,0,1782360881.607206,0.002030611038208008
189635,normal,1064,0,1782360881.6092873,0.002081155776977539
189636,normal,3480,0,1782360881.6110177,0.0017304420471191406
189637,normal,683,0,1782360881.6133018,0.0022840499877929688
189638,normal,3613,0,1782360881.615026,0.0017242431640625
189639,normal,3027,0,1782360881.617295,0.0022690296173095703
189640,normal,417,0,1782360881.619083,0.0017879009246826172
189641,normal,2865,0,1782360881.6212895,0.002206563949584961
189642,normal,1451,0,1782360881.6230175,0.001728057861328125
189643,normal,2083,0,1782360881.6252916,0.002274036407470703
189644,normal,2712,0,1782360881.6271448,0.0018532276153564453
189645,normal,1820,0,1782360881.6291757,0.0020308494567871094
189646,normal,2150,0,1782360881.6312163,0.0020406246185302734
189647,normal,1961,0,1782360881.633288,0.0020716190338134766
189648,normal,219,0,1782360881.6350179,0.0017299652099609375
189649,normal,1376,1,1782360881.6373007,0.002282857894897461
189650,normal,1455,0,1782360881.639151,0.0018503665924072266
189651,normal,1276,0,1782360881.6411726,0.0020215511322021484
189652,normal,1693,0,1782360881.643221,0.0020482540130615234
189653,normal,708,0,1782360881.6452887,0.0020678043365478516
189654,normal,908,2,1782360881.6470175,0.0017287731170654297
189655,normal,2650,0,1782360881.6492887,0.0022711753845214844
189656,normal,3127,1,1782360881.6511416,0.0018529891967773438
189657,normal,1646,0,1782360881.653174,0.0020322799682617188
189658,normal,1033,0,1782360881.655225,0.002051115036010742
189659,normal,2691,0,1782360881.657276,0.0020508766174316406
189660,normal,1131,0,1782360881.6590178,0.0017418861389160156
189661,normal,1523,0,1782360881.6613762,0.0023584365844726562
189662,normal,3097,1,1782360881.663147,0.0017707347869873047
189663,normal,3692,0,1782360881.665019,0.0018720626831054688
189664,normal,932,2,1782360881.6673737,0.0023546218872070312
189665,normal,2125,0,1782360881.6691444,0.0017707347869873047
189666,normal,3339,1,1782360881.6711712,0.002026796340942383
189667,normal,1185,0,1782360881.6732328,0.002061605453491211
189668,normal,1677,0,1782360881.6752672,0.002034425735473633
189669,normal,993,2,1782360881.6770177,0.0017504692077636719
189670,normal,1266,0,1782360881.6792908,0.002273082733154297
189671,normal,2670,0,1782360881.6810565,0.0017657279968261719
189672,normal,2072,0,1782360881.6833124,0.0022559165954589844
189673,normal,295,0,1782360881.6850405,0.001728057861328125
189674,normal,1544,0,1782360881.6872916,0.002251148223876953
189675,normal,275,0,1782360881.6890242,0.0017325878143310547
189676,normal,3456,0,1782360881.6911516,0.002127408981323242
189677,normal,1407,0,1782360881.693192,0.002040386199951172
189678,normal,3693,0,1782360881.6951604,0.0019683837890625
189679,normal,2028,0,1782360881.697026,0.0018656253814697266
189680,normal,783,2,1782360881.6992552,0.0022292137145996094
189681,normal,3327,1,1782360881.7010179,0.0017626285552978516
189682,normal,2866,0,1782360881.7032883,0.0022704601287841797
189683,normal,148,0,1782360881.7051497,0.0018613338470458984
189684,normal,1657,0,1782360881.7071733,0.0020236968994140625
189685,normal,1728,0,1782360881.7091506,0.001977205276489258
189686,normal,2387,0,1782360881.7112722,0.0021216869354248047
189687,normal,1663,0,1782360881.713019,0.0017466545104980469
189688,normal,2319,0,1782360881.7152855,0.0022666454315185547
189689,normal,135,0,1782360881.7171204,0.001834869384765625
189690,normal,925,2,1782360881.719175,0.0020546913146972656
189691,normal,120,0,1782360881.721149,0.001973867416381836
189692,normal,1365,1,1782360881.7232556,0.0021066665649414062
189693,normal,2020,0,1782360881.7251453,0.0018897056579589844
189694,normal,1417,0,1782360881.7270405,0.0018951892852783203
189695,normal,3290,1,1782360881.729282,0.002241373062133789
189696,normal,1662,0,1782360881.7310162,0.0017342567443847656
189697,normal,471,0,1782360881.73329,0.0022737979888916016
189698,normal,3529,0,1782360881.7350674,0.0017774105072021484
189699,normal,2919,0,1782360881.7373042,0.0022368431091308594
189700,normal,1485,0,1782360881.7390468,0.0017426013946533203
189701,normal,2489,0,1782360881.7412853,0.0022385120391845703
189702,normal,3259,1,1782360881.7430193,0.001734018325805664
189703,normal,3247,1,1782360881.7452977,0.0022783279418945312
189704,normal,972,2,1782360881.7471383,0.0018405914306640625
189705,normal,2785,0,1782360881.7491872,0.002048969268798828
189706,normal,2152,0,1782360881.7511654,0.001978158950805664
189707,normal,640,0,1782360881.7532692,0.0021038055419921875
189708,normal,1367,1,1782360881.755019,0.0017497539520263672
189709,normal,1848,0,1782360881.7572908,0.002271890640258789
189710,normal,2136,0,1782360881.7590604,0.0017695426940917969
189711,normal,54,0,1782360881.7613022,0.002241849899291992
189712,normal,3258,1,1782360881.7630563,0.0017540454864501953
189713,normal,1469,0,1782360881.765292,0.0022356510162353516
189714,normal,2194,0,1782360881.7670164,0.0017244815826416016
189715,normal,2703,0,1782360881.7691436,0.0021271705627441406
189716,normal,2309,0,1782360881.7712812,0.0021376609802246094
189717,normal,2921,0,1782360881.7730174,0.0017361640930175781
189718,normal,2055,0,1782360881.775482,0.0024645328521728516
189719,normal,1915,0,1782360881.7771437,0.0016617774963378906
189720,normal,2908,0,1782360881.7791865,0.0020427703857421875
189721,normal,3379,1,1782360881.7819939,0.0028073787689208984
189722,normal,1297,0,1782360881.7831526,0.0011587142944335938
189723,normal,1861,0,1782360881.785018,0.001865386962890625
189724,normal,1170,0,1782360881.7873254,0.002307415008544922
189725,normal,2385,0,1782360881.789065,0.001739501953125
189726,normal,249,0,1782360881.7912915,0.002226591110229492
189727,normal,1815,0,1782360881.7930677,0.0017762184143066406
189728,normal,2049,0,1782360881.7952836,0.002215862274169922
189729,normal,2433,0,1782360881.7970116,0.001728057861328125
189730,normal,3566,0,1782360881.7992873,0.002275705337524414
189731,normal,3052,1,1782360881.8010478,0.0017604827880859375
189732,normal,1805,0,1782360881.8032856,0.0022377967834472656
189733,normal,2381,0,1782360881.8050742,0.0017886161804199219
189734,normal,2312,0,1782360881.8072858,0.0022115707397460938
189735,normal,3428,0,1782360881.8090177,0.00173187255859375
189736,normal,3181,1,1782360881.8112826,0.0022649765014648438
189737,normal,1712,0,1782360881.8130598,0.0017771720886230469
189738,normal,1686,0,1782360881.8152907,0.0022308826446533203
189739,normal,2845,0,1782360881.8170767,0.0017859935760498047
189740,normal,3192,1,1782360881.8191826,0.0021059513092041016
189741,normal,2930,0,1782360881.8211482,0.0019655227661132812
189742,normal,2564,0,1782360881.82324,0.0020918846130371094
189743,normal,1010,2,1782360881.8251445,0.0019044876098632812
189744,normal,81,0,1782360881.8270195,0.0018749237060546875
189745,normal,869,2,1782360881.8293447,0.002325296401977539
189746,normal,1825,0,1782360881.8311312,0.0017864704132080078
189747,normal,3271,1,1782360881.8331735,0.0020422935485839844
189748,normal,2315,0,1782360881.8351429,0.0019693374633789062
189749,normal,1639,0,1782360881.8372817,0.002138853073120117
189750,normal,3032,0,1782360881.8390226,0.0017409324645996094
189751,normal,3196,1,1782360881.841349,0.0023262500762939453
189752,normal,1302,0,1782360881.8431468,0.0017979145050048828
189753,normal,1943,0,1782360881.8451717,0.0020248889923095703
189754,normal,1620,0,1782360881.847205,0.002033233642578125
189755,normal,2348,0,1782360881.8492692,0.002064228057861328
189756,normal,3516,0,1782360881.8510168,0.0017476081848144531
189757,normal,3120,1,1782360881.8532925,0.002275705337524414
189758,normal,322,0,1782360881.8551333,0.001840829849243164
189759,normal,3095,1,1782360881.85717,0.0020368099212646484
189760,normal,2460,0,1782360881.8592114,0.002041339874267578
189761,normal,1538,0,1782360881.861263,0.0020515918731689453
189762,normal,880,2,1782360881.8630164,0.0017533302307128906
189763,normal,3463,0,1782360881.8652828,0.002266407012939453
189764,normal,1436,0,1782360881.8671222,0.0018393993377685547
189765,normal,3216,1,1782360881.8691728,0.002050638198852539
189766,normal,2325,0,1782360881.8712163,0.002043485641479492
189767,normal,145,0,1782360881.8732598,0.002043485641479492
189768,normal,3012,0,1782360881.8750167,0.001756906509399414
189769,normal,1981,0,1782360881.8772874,0.0022706985473632812
189770,normal,3304,1,1782360881.8791523,0.0018649101257324219
189771,normal,2274,0,1782360881.8810158,0.0018634796142578125
189772,normal,198,0,1782360881.8832836,0.0022678375244140625
189773,normal,3059,1,1782360881.8851235,0.0018398761749267578
189774,normal,2874,0,1782360881.8871787,0.0020551681518554688
189775,normal,620,0,1782360881.8891852,0.00200653076171875
189776,normal,548,0,1782360881.891186,0.0020008087158203125
189777,normal,2738,0,1782360881.8930867,0.0019006729125976562
189778,normal,3085,1,1782360881.895163,0.002076387405395508
189779,normal,1772,0,1782360881.8971848,0.00202178955078125
189780,normal,1468,0,1782360881.8990607,0.0018758773803710938
189781,normal,847,2,1782360881.901162,0.0021011829376220703
189782,normal,1898,0,1782360881.9031446,0.0019826889038085938
189783,normal,83,0,1782360881.9050038,0.0018591880798339844
189784,normal,2226,0,1782360881.9071662,0.002162456512451172
189785,normal,1492,0,1782360881.909145,0.0019788742065429688
189786,normal,2130,0,1782360881.9110029,0.001857757568359375
189787,normal,1482,0,1782360881.913155,0.0021522045135498047
189788,normal,174,0,1782360881.9151516,0.0019965171813964844
189789,normal,1545,0,1782360881.9170098,0.0018582344055175781
189790,normal,497,0,1782360881.919172,0.0021622180938720703
189791,normal,3656,0,1782360881.921137,0.001965045928955078
189792,normal,903,2,1782360881.9229906,0.0018534660339355469
189793,normal,2841,0,1782360881.9253485,0.002357959747314453
189794,normal,2531,0,1782360881.9271379,0.0017893314361572266
189795,normal,2861,0,1782360881.9291732,0.002035379409790039
189796,normal,2859,0,1782360881.9311473,0.0019741058349609375
189797,normal,1501,0,1782360881.933254,0.0021066665649414062
189798,normal,3069,1,1782360881.9350252,0.0017712116241455078
189799,normal,945,2,1782360881.9372904,0.0022652149200439453
189800,normal,1920,0,1782360881.9391353,0.0018448829650878906
189801,normal,2078,0,1782360881.94117,0.0020346641540527344
189802,normal,1565,0,1782360881.9431477,0.001977682113647461
189803,normal,391,0,1782360881.9452672,0.0021195411682128906
189804,normal,721,0,1782360881.947019,0.0017518997192382812
189805,normal,1863,0,1782360881.9493072,0.0022881031036376953
189806,normal,1882,0,1782360881.951154,0.0018467903137207031
189807,normal,2599,0,1782360881.9531713,0.0020172595977783203
189808,normal,1134,0,1782360881.9551454,0.0019741058349609375
189809,normal,2711,0,1782360881.9571981,0.002052783966064453
189810,normal,1304,0,1782360881.9591463,0.0019481182098388672
189811,normal,1396,0,1782360881.9610388,0.0018925666809082031
189812,normal,3484,0,1782360881.9632843,0.0022454261779785156
189813,normal,2973,0,1782360881.9650176,0.0017333030700683594
189814,normal,1837,0,1782360881.9672973,0.0022797584533691406
189815,normal,3151,1,1782360881.969047,0.0017497539520263672
189816,normal,3410,0,1782360881.9712927,0.002245664596557617
189817,normal,1958,0,1782360881.9730442,0.0017514228820800781
189818,normal,3157,1,1782360881.9752855,0.002241373062133789
189819,normal,1325,1,1782360881.9770186,0.0017330646514892578
189820,normal,2008,0,1782360881.979291,0.002272367477416992
189821,normal,3232,1,1782360881.9810889,0.0017979145050048828
189822,normal,1722,0,1782360881.9832911,0.002202272415161133
189823,normal,156,0,1782360881.9850495,0.0017583370208740234
189824,normal,1587,0,1782360881.987284,0.0022344589233398438
189825,normal,2897,0,1782360881.9890172,0.0017333030700683594
189826,normal,541,0,1782360881.9913142,0.002296924591064453
189827,normal,1780,0,1782360881.99314,0.0018258094787597656
189828,normal,2962,0,1782360881.9951801,0.0020401477813720703
189829,normal,1791,0,1782360881.9971695,0.0019893646240234375
189830,normal,3108,1,1782360881.9992611,0.002091646194458008
189831,normal,1069,0,1782360882.0010173,0.0017561912536621094
189832,normal,3543,0,1782360882.0033178,0.0023005008697509766
189833,normal,3007,0,1782360882.00512,0.001802206039428711
189834,normal,2289,0,1782360882.0071747,0.0020546913146972656
189835,normal,3017,0,1782360882.0091445,0.0019698143005371094
189836,normal,1111,0,1782360882.0112607,0.0021162033081054688
189837,normal,2587,0,1782360882.0130205,0.0017597675323486328
189838,normal,2815,0,1782360882.0153222,0.0023016929626464844
189839,normal,784,2,1782360882.0171056,0.0017833709716796875
189840,normal,3253,1,1782360882.0190217,0.0019161701202392578
189841,normal,3623,0,1782360882.0212874,0.0022656917572021484
189842,normal,1833,0,1782360882.023038,0.0017504692077636719
189843,normal,1253,0,1782360882.0252895,0.0022516250610351562
189844,normal,2101,0,1782360882.0270703,0.0017807483673095703
189845,normal,2355,0,1782360882.029282,0.0022118091583251953
189846,normal,1884,0,1782360882.0310173,0.0017352104187011719
189847,normal,2497,0,1782360882.0332859,0.002268552780151367
189848,normal,251,0,1782360882.0351539,0.0018680095672607422
189849,normal,2080,0,1782360882.0371716,0.0020177364349365234
189850,normal,1233,0,1782360882.0391872,0.0020155906677246094
189851,normal,1457,0,1782360882.0412946,0.002107381820678711
189852,normal,1574,0,1782360882.0430164,0.0017218589782714844
189853,normal,1007,2,1782360882.0452917,0.002275228500366211
189854,normal,1397,0,1782360882.047159,0.0018672943115234375
189855,normal,143,0,1782360882.0491729,0.0020139217376708984
189856,normal,1913,0,1782360882.051192,0.002019166946411133
189857,normal,1138,0,1782360882.0532618,0.002069711685180664
189858,normal,1349,1,1782360882.0550165,0.0017547607421875
189859,normal,3030,0,1782360882.057289,0.002272367477416992
189860,normal,1438,0,1782360882.0591393,0.0018503665924072266
189861,normal,781,2,1782360882.061168,0.0020287036895751953
189862,normal,388,0,1782360882.063213,0.002045154571533203
189863,normal,651,0,1782360882.0652328,0.002019643783569336
189864,normal,724,0,1782360882.0671456,0.001912832260131836
189865,normal,1022,2,1782360882.069237,0.0020914077758789062
189866,normal,1818,0,1782360882.0711546,0.0019176006317138672
189867,normal,2780,0,1782360882.0731819,0.002027273178100586
189868,normal,149,0,1782360882.0752013,0.0020194053649902344
189869,normal,3598,0,1782360882.077267,0.0020656585693359375
189870,normal,284,0,1782360882.0790224,0.0017554759979248047
189871,normal,1173,0,1782360882.081348,0.0023255348205566406
189872,normal,3383,1,1782360882.083123,0.0017750263214111328
189873,normal,1575,0,1782360882.0851727,0.002049684524536133
189874,normal,2042,0,1782360882.0871422,0.001969575881958008
189875,normal,503,0,1782360882.0892723,0.0021300315856933594
189876,normal,1524,0,1782360882.0910192,0.0017468929290771484
189877,normal,3546,0,1782360882.093351,0.0023317337036132812
189878,normal,2833,0,1782360882.0951235,0.0017726421356201172
189879,normal,1569,0,1782360882.0970194,0.001895904541015625
189880,normal,1320,1,1782360882.0992875,0.002268075942993164
189881,normal,2465,0,1782360882.1011536,0.0018661022186279297
189882,normal,55,0,1782360882.103178,0.002024412155151367
189883,normal,3096,1,1782360882.1052167,0.002038717269897461
189884,normal,693,0,1782360882.107262,0.002045154571533203
189885,normal,123,0,1782360882.1090202,0.0017583370208740234
189886,normal,2123,0,1782360882.1112885,0.0022683143615722656
189887,normal,3282,1,1782360882.113156,0.001867532730102539
189888,normal,1781,0,1782360882.1151748,0.0020186901092529297
189889,normal,152,0,1782360882.1172192,0.0020444393157958984
189890,normal,853,2,1782360882.1192544,0.0020351409912109375
189891,normal,2420,0,1782360882.1211436,0.0018892288208007812
189892,normal,1881,0,1782360882.1231706,0.0020270347595214844
189893,normal,18,0,1782360882.1252813,0.002110719680786133
189894,normal,292,0,1782360882.1270185,0.0017371177673339844
189895,normal,1152,0,1782360882.129375,0.0023565292358398438
189896,normal,2106,0,1782360882.1311398,0.0017647743225097656
189897,normal,3476,0,1782360882.133184,0.002044200897216797
189898,normal,3286,1,1782360882.1352274,0.002043485641479492
189899,normal,2652,0,1782360882.1372483,0.0020208358764648438
189900,normal,2376,0,1782360882.1391456,0.0018973350524902344
189901,normal,3333,1,1782360882.1412573,0.002111673355102539
189902,normal,2458,0,1782360882.143143,0.0018856525421142578
189903,normal,564,0,1782360882.1451733,0.0020303726196289062
189904,normal,2739,0,1782360882.1472306,0.002057313919067383
189905,normal,2350,0,1782360882.149247,0.002016305923461914
189906,normal,734,0,1782360882.1511586,0.0019116401672363281
189907,normal,578,0,1782360882.1532516,0.002093076705932617
189908,normal,909,2,1782360882.1551468,0.0018951892852783203
189909,normal,1589,0,1782360882.1571724,0.002025604248046875
189910,normal,1291,0,1782360882.1592362,0.002063751220703125
189911,normal,315,0,1782360882.161245,0.0020089149475097656
189912,normal,2261,0,1782360882.1630182,0.0017731189727783203
189913,normal,2324,0,1782360882.1652849,0.0022666454315185547
189914,normal,2528,0,1782360882.1671329,0.001847982406616211
189915,normal,353,0,1782360882.1690183,0.0018854141235351562
189916,normal,466,0,1782360882.1712873,0.0022690296173095703
189917,normal,3659,0,1782360882.1731114,0.0018241405487060547
189918,normal,2956,0,1782360882.1752844,0.0021729469299316406
189919,normal,1597,0,1782360882.177017,0.0017325878143310547
189920,normal,3242,1,1782360882.1792934,0.0022764205932617188
189921,normal,1543,0,1782360882.1810155,0.001722097396850586
189922,normal,128,0,1782360882.1832917,0.002276182174682617
189923,normal,309,0,1782360882.185107,0.0018153190612792969
189924,normal,1025,2,1782360882.1871443,0.0020372867584228516
189925,normal,2440,0,1782360882.1890337,0.0018894672393798828
189926,normal,967,2,1782360882.1913013,0.002267599105834961
189927,normal,1535,0,1782360882.1930213,0.0017199516296386719
189928,normal,2249,0,1782360882.1952958,0.0022745132446289062
189929,normal,3158,1,1782360882.197104,0.00180816650390625
189930,normal,461,0,1782360882.1992948,0.002190828323364258
189931,normal,2077,0,1782360882.201041,0.0017461776733398438
189932,normal,1510,0,1782360882.2033057,0.002264738082885742
189933,normal,2075,0,1782360882.2050178,0.0017120838165283203
189934,normal,2929,0,1782360882.2072797,0.0022618770599365234
189935,normal,949,2,1782360882.209104,0.0018243789672851562
189936,normal,2547,0,1782360882.2112887,0.002184629440307617
189937,normal,432,0,1782360882.2130435,0.0017547607421875
189938,normal,3335,1,1782360882.2152889,0.0022454261779785156
189939,normal,1974,0,1782360882.2170174,0.0017285346984863281
189940,normal,2035,0,1782360882.2193673,0.002349853515625
189941,normal,130,0,1782360882.2211385,0.0017712116241455078
189942,normal,366,0,1782360882.2231688,0.0020303726196289062
189943,normal,835,2,1782360882.2251706,0.0020017623901367188
189944,normal,3248,1,1782360882.2272568,0.002086162567138672
189945,normal,3360,1,1782360882.2290196,0.0017628669738769531
189946,normal,976,2,1782360882.2312756,0.0022559165954589844
189947,normal,1730,0,1782360882.2331252,0.0018496513366699219
189948,normal,2525,0,1782360882.2351768,0.0020515918731689453
189949,normal,1619,0,1782360882.2371848,0.0020079612731933594
189950,normal,1411,0,1782360882.239262,0.002077341079711914
189951,normal,2109,0,1782360882.2410266,0.001764535903930664
189952,normal,991,2,1782360882.243179,0.0021524429321289062
189953,normal,2449,0,1782360882.2452323,0.0020532608032226562
189954,normal,612,0,1782360882.247145,0.0019125938415527344
189955,normal,980,2,1782360882.2492137,0.002068758010864258
189956,normal,832,2,1782360882.251151,0.0019373893737792969
189957,normal,3264,1,1782360882.2530184,0.0018672943115234375
189958,normal,3408,0,1782360882.255296,0.0022776126861572266
189959,normal,47,0,1782360882.2571442,0.0018482208251953125
189960,normal,3362,1,1782360882.2591722,0.0020279884338378906
189961,normal,153,0,1782360882.2611878,0.0020155906677246094
189962,normal,794,2,1782360882.2632918,0.002104043960571289
189963,normal,3478,0,1782360882.265019,0.0017271041870117188
189964,normal,1839,0,1782360882.2673345,0.002315521240234375
189965,normal,2023,0,1782360882.2691572,0.0018227100372314453
189966,normal,3306,1,1782360882.2711747,0.002017498016357422
189967,normal,3507,0,1782360882.2731488,0.0019741058349609375
189968,normal,633,0,1782360882.2752526,0.0021038055419921875
189969,normal,456,0,1782360882.2771537,0.0019011497497558594
189970,normal,2088,0,1782360882.2792268,0.002073049545288086
189971,normal,2507,0,1782360882.2812896,0.0020627975463867188
189972,normal,1859,0,1782360882.283019,0.0017294883728027344
189973,normal,2819,0,1782360882.285293,0.002274036407470703
189974,normal,3155,1,1782360882.2870445,0.0017514228820800781
189975,normal,3460,0,1782360882.2892926,0.002248048782348633
189976,normal,265,0,1782360882.2910755,0.0017828941345214844
189977,normal,247,0,1782360882.2932878,0.0022122859954833984
189978,normal,2959,0,1782360882.2950203,0.0017325878143310547
189979,normal,2264,0,1782360882.297288,0.002267599105834961
189980,normal,937,2,1782360882.2991407,0.0018527507781982422
189981,normal,2556,0,1782360882.3011754,0.0020346641540527344
189982,normal,3466,0,1782360882.3032036,0.002028226852416992
189983,normal,194,0,1782360882.3052788,0.0020751953125
189984,normal,3294,1,1782360882.3070245,0.0017457008361816406
189985,normal,1630,0,1782360882.3093045,0.002279996871948242
189986,normal,1305,0,1782360882.3111396,0.0018351078033447266
189987,normal,1090,0,1782360882.3131747,0.0020351409912109375
189988,normal,1814,0,1782360882.3152096,0.002034902572631836
189989,normal,2639,0,1782360882.3172808,0.0020711421966552734
189990,normal,474,0,1782360882.319017,0.0017361640930175781
189991,normal,2884,0,1782360882.3213596,0.002342700958251953
189992,normal,1719,0,1782360882.3231452,0.0017855167388916016
189993,normal,2326,0,1782360882.3251758,0.002030611038208008
189994,normal,1790,0,1782360882.327227,0.0020513534545898438
189995,normal,926,2,1782360882.3293376,0.0021104812622070312
189996,normal,3207,1,1782360882.3310187,0.0016810894012451172
189997,normal,1627,0,1782360882.3333743,0.0023555755615234375
189998,normal,1200,0,1782360882.3351445,0.0017702579498291016
189999,normal,3179,1,1782360882.3371737,0.0020291805267333984
190000,normal,1748,0,1782360882.339142,0.0019683837890625
190001,normal,3225,1,1782360882.3412735,0.0021314620971679688
190002,normal,3110,1,1782360882.3430197,0.0017461776733398438
190003,normal,875,2,1782360882.3452227,0.0022029876708984375
190004,normal,2505,0,1782360882.347293,0.002070188522338867
190005,normal,2662,0,1782360882.3489826,0.0016896724700927734
190006,normal,1473,0,1782360882.3510094,0.002026796340942383
190007,normal,1744,0,1782360882.353286,0.0022766590118408203
190008,normal,3447,0,1782360882.3550143,0.0017282962799072266
190009,normal,2700,0,1782360882.3572762,0.0022618770599365234
190010,normal,2045,0,1782360882.3591397,0.0018634796142578125
190011,normal,2585,0,1782360882.361012,0.0018723011016845703
190012,normal,758,0,1782360882.363298,0.0022859573364257812
190013,normal,3038,0,1782360882.3651369,0.0018389225006103516
190014,normal,3622,0,1782360882.367021,0.0018842220306396484
190015,normal,3506,0,1782360882.3693068,0.0022857189178466797
190016,normal,77,0,1782360882.3711424,0.0018355846405029297
190017,normal,339,0,1782360882.3731737,0.0020313262939453125
190018,normal,1678,0,1782360882.375232,0.002058267593383789
190019,normal,2567,0,1782360882.3772802,0.0020482540130615234
190020,normal,1571,0,1782360882.3790214,0.001741170883178711
190021,normal,1976,0,1782360882.3814197,0.002398252487182617
190022,normal,1476,0,1782360882.3831706,0.001750946044921875
190023,normal,3487,0,1782360882.3850272,0.0018565654754638672
190024,normal,1522,0,1782360882.3872776,0.0022504329681396484
190025,normal,3025,0,1782360882.3890553,0.00177764892578125
190026,normal,728,0,1782360882.391299,0.0022437572479248047
190027,normal,371,0,1782360882.3930118,0.001712799072265625
190028,normal,632,0,1782360882.395244,0.002232074737548828
190029,normal,2784,0,1782360882.3970165,0.0017726421356201172
190030,normal,99,0,1782360882.3993008,0.0022842884063720703
190031,normal,2079,0,1782360882.4010484,0.0017476081848144531
190032,normal,1792,0,1782360882.4032936,0.002245187759399414
190033,normal,2368,0,1782360882.4051075,0.0018138885498046875
190034,normal,3056,1,1782360882.4072886,0.0021810531616210938
190035,normal,2001,0,1782360882.40902,0.0017313957214355469
190036,normal,3205,1,1782360882.4112935,0.0022735595703125
190037,normal,1197,0,1782360882.4130552,0.0017616748809814453
190038,normal,1139,0,1782360882.415302,0.002246856689453125
190039,normal,2267,0,1782360882.4170296,0.0017275810241699219
190040,normal,1029,2,1782360882.4192905,0.002260923385620117
190041,normal,3526,0,1782360882.4210181,0.0017275810241699219
190042,normal,1270,0,1782360882.4232712,0.0022530555725097656
190043,normal,2330,0,1782360882.4250078,0.0017366409301757812
190044,normal,2224,0,1782360882.4271636,0.002155780792236328
190045,normal,3178,1,1782360882.4290283,0.0018646717071533203
190046,normal,3367,1,1782360882.4312863,0.0022580623626708984
190047,normal,2779,0,1782360882.4330165,0.001730203628540039
190048,normal,3448,0,1782360882.4352891,0.0022726058959960938
190049,normal,2286,0,1782360882.437042,0.0017528533935546875
190050,normal,2067,0,1782360882.4393032,0.0022611618041992188
190051,normal,155,0,1782360882.4410403,0.0017371177673339844
190052,normal,2296,0,1782360882.4432788,0.0022385120391845703
190053,normal,1526,0,1782360882.4450176,0.0017387866973876953
190054,normal,1071,0,1782360882.4473104,0.0022928714752197266
190055,normal,91,0,1782360882.4490647,0.0017542839050292969
190056,normal,1382,0,1782360882.4512975,0.002232789993286133
190057,normal,1908,0,1782360882.4530463,0.001748800277709961
190058,normal,1442,0,1782360882.4552991,0.002252817153930664
190059,normal,526,0,1782360882.457021,0.0017218589782714844
190060,normal,2318,0,1782360882.459289,0.002268075942993164
190061,normal,519,0,1782360882.461045,0.0017559528350830078
190062,normal,711,0,1782360882.4632964,0.0022513866424560547
190063,normal,3091,1,1782360882.4650505,0.0017540454864501953
190064,normal,1767,0,1782360882.4672844,0.0022339820861816406
190065,normal,2167,0,1782360882.469022,0.0017375946044921875
190066,normal,890,2,1782360882.4712846,0.002262592315673828
190067,normal,1053,0,1782360882.4730422,0.0017576217651367188
190068,normal,341,0,1782360882.4753,0.002257823944091797
190069,normal,3523,0,1782360882.4770563,0.0017561912536621094
190070,normal,287,0,1782360882.479292,0.0022356510162353516
190071,normal,569,0,1782360882.4810176,0.0017256736755371094
190072,normal,2871,0,1782360882.4832907,0.002273082733154297
190073,normal,996,2,1782360882.4850435,0.0017528533935546875
190074,normal,418,0,1782360882.4872918,0.0022482872009277344
190075,normal,2566,0,1782360882.489062,0.0017702579498291016
190076,normal,3006,0,1782360882.4912887,0.002226591110229492
190077,normal,3089,1,1782360882.4930174,0.0017287731170654297
190078,normal,1735,0,1782360882.4952836,0.0022661685943603516
190079,normal,2737,0,1782360882.4970834,0.0017998218536376953
190080,normal,1319,1,1782360882.4991732,0.0020897388458251953
190081,normal,1095,0,1782360882.501184,0.002010822296142578
190082,normal,3508,0,1782360882.503264,0.0020799636840820312
190083,normal,220,0,1782360882.505017,0.001753091812133789
190084,normal,1679,0,1782360882.5072863,0.002269268035888672
190085,normal,243,0,1782360882.5091052,0.0018188953399658203
190086,normal,1590,0,1782360882.5112984,0.0021932125091552734
190087,normal,3307,1,1782360882.513072,0.0017735958099365234
190088,normal,2298,0,1782360882.5152855,0.0022134780883789062
190089,normal,621,0,1782360882.5170283,0.0017428398132324219
190090,normal,885,2,1782360882.5193334,0.0023050308227539062
190091,normal,2836,0,1782360882.5211236,0.0017902851104736328
190092,normal,722,0,1782360882.5231743,0.002050638198852539
190093,normal,3,0,1782360882.525194,0.002019643783569336
190094,normal,1570,0,1782360882.527255,0.002061128616333008
190095,normal,177,0,1782360882.529021,0.0017659664154052734
190096,normal,1769,0,1782360882.5313482,0.0023272037506103516
190097,normal,821,2,1782360882.5331075,0.0017592906951904297
190098,normal,2805,0,1782360882.5352814,0.002173900604248047
190099,normal,1656,0,1782360882.5370803,0.001798868179321289
190100,normal,2727,0,1782360882.539284,0.002203702926635742
190101,normal,1650,0,1782360882.5410194,0.0017354488372802734
190102,normal,1572,0,1782360882.5433424,0.0023229122161865234
190103,normal,1059,0,1782360882.5451138,0.0017714500427246094
190104,normal,2643,0,1782360882.5471692,0.0020554065704345703
190105,normal,762,0,1782360882.5491555,0.001986265182495117
190106,normal,2102,0,1782360882.5512612,0.002105712890625
190107,normal,3469,0,1782360882.5530171,0.0017559528350830078
190108,normal,1207,0,1782360882.5552857,0.002268552780151367
190109,normal,3513,0,1782360882.557135,0.0018494129180908203
190110,normal,695,0,1782360882.5591757,0.0020406246185302734
190111,normal,2118,0,1782360882.5610542,0.001878499984741211
190112,normal,2473,0,1782360882.5632825,0.002228260040283203
190113,normal,3119,1,1782360882.5650182,0.001735687255859375
190114,normal,500,0,1782360882.567364,0.0023458003997802734
190115,normal,3094,1,1782360882.5691316,0.0017676353454589844
190116,normal,1287,0,1782360882.571172,0.002040386199951172
190117,normal,1608,0,1782360882.5731423,0.0019702911376953125
190118,normal,858,2,1782360882.5752563,0.0021140575408935547
190119,normal,3293,1,1782360882.5771496,0.0018932819366455078
190120,normal,2736,0,1782360882.5792518,0.0021021366119384766
190121,normal,3198,1,1782360882.5811715,0.0019197463989257812
190122,normal,3599,0,1782360882.5830147,0.0018432140350341797
190123,normal,2941,0,1782360882.5852852,0.0022704601287841797
190124,normal,3292,1,1782360882.587124,0.0018389225006103516
190125,normal,2284,0,1782360882.589172,0.0020477771759033203
190126,normal,2492,0,1782360882.5912178,0.002045869827270508
190127,normal,2399,0,1782360882.5932565,0.002038717269897461
190128,normal,723,0,1782360882.5950174,0.0017609596252441406
190129,normal,2697,0,1782360882.5973577,0.0023403167724609375
190130,normal,2462,0,1782360882.599121,0.0017633438110351562
190131,normal,180,0,1782360882.6011662,0.002045154571533203
190132,normal,2143,0,1782360882.6032228,0.002056598663330078
190133,normal,175,0,1782360882.605266,0.0020432472229003906
190134,normal,3243,1,1782360882.6070168,0.0017507076263427734
190135,normal,2532,0,1782360882.6093686,0.0023517608642578125
190136,normal,1924,0,1782360882.6111312,0.0017626285552978516
190137,normal,1549,0,1782360882.6131651,0.0020339488983154297
190138,normal,3572,0,1782360882.615226,0.0020608901977539062
190139,normal,65,0,1782360882.617264,0.0020380020141601562
190140,normal,2246,0,1782360882.6190207,0.0017566680908203125
190141,normal,2402,0,1782360882.6212988,0.0022780895233154297
190142,normal,2722,0,1782360882.623113,0.001814126968383789
190143,normal,2562,0,1782360882.6252844,0.0021715164184570312
190144,normal,965,2,1782360882.627115,0.0018305778503417969
190145,normal,3142,1,1782360882.6292124,0.0020973682403564453
190146,normal,2378,0,1782360882.6311352,0.0019228458404541016
190147,normal,1198,0,1782360882.6329818,0.0018465518951416016
190148,normal,2667,0,1782360882.6351562,0.00217437744140625
190149,normal,1409,0,1782360882.6369967,0.0018405914306640625
190150,normal,955,2,1782360882.639113,0.0021162033081054688
190151,normal,2218,0,1782360882.6411145,0.002001523971557617
190152,normal,2610,0,1782360882.6429596,0.0018451213836669922
190153,normal,2524,0,1782360882.645111,0.0021514892578125
190154,normal,3455,0,1782360882.6471176,0.00200653076171875
190155,normal,748,0,1782360882.6490886,0.001971006393432617
190156,normal,878,2,1782360882.6510067,0.0019180774688720703
190157,normal,1097,0,1782360882.653108,0.0021011829376220703
190158,normal,2839,0,1782360882.654965,0.0018570423126220703
190159,normal,2237,0,1782360882.65712,0.0021550655364990234
190160,normal,589,0,1782360882.6591241,0.0020041465759277344
190161,normal,573,0,1782360882.6609857,0.001861572265625
190162,normal,788,2,1782360882.6631765,0.002190828323364258
190163,normal,2149,0,1782360882.6649947,0.0018181800842285156
190164,normal,3560,0,1782360882.66711,0.0021152496337890625
190165,normal,3188,1,1782360882.6690254,0.0019154548645019531
190166,normal,2092,0,1782360882.6711156,0.0020902156829833984
190167,normal,3211,1,1782360882.6729593,0.0018436908721923828
190168,normal,1733,0,1782360882.6751823,0.0022230148315429688
190169,normal,3187,1,1782360882.6771152,0.0019328594207763672
190170,normal,3627,0,1782360882.678959,0.0018436908721923828
190171,normal,222,0,1782360882.6811833,0.002224445343017578
190172,normal,2323,0,1782360882.6831162,0.0019328594207763672
190173,normal,981,2,1782360882.6849642,0.001847982406616211
190174,normal,2715,0,1782360882.6871867,0.0022225379943847656
190175,normal,79,0,1782360882.689104,0.0019173622131347656
190176,normal,2980,0,1782360882.690958,0.00185394287109375
190177,normal,165,0,1782360882.6931062,0.002148151397705078
190178,normal,361,0,1782360882.695117,0.002010822296142578
190179,normal,3013,0,1782360882.6969702,0.0018532276153564453
190180,normal,1550,0,1782360882.6992083,0.002238035202026367
190181,normal,258,0,1782360882.7011154,0.0019071102142333984
190182,normal,1265,0,1782360882.702958,0.0018427371978759766
190183,normal,1480,0,1782360882.7051141,0.0021560192108154297
190184,normal,1703,0,1782360882.7071033,0.001989126205444336
190185,normal,2193,0,1782360882.7090669,0.0019636154174804688
190186,normal,769,0,1782360882.711043,0.00197601318359375
190187,normal,3451,0,1782360882.7131155,0.002072572708129883
190188,normal,2300,0,1782360882.7149644,0.0018489360809326172
190189,normal,2742,0,1782360882.7172089,0.0022444725036621094
190190,normal,1228,0,1782360882.719115,0.0019061565399169922
190191,normal,1743,0,1782360882.72096,0.0018448829650878906
190192,normal,2459,0,1782360882.7232018,0.002241849899291992
190193,normal,1582,0,1782360882.7253225,0.0021207332611083984
190194,normal,1645,0,1782360882.7270074,0.0016849040985107422
190195,normal,3170,1,1782360882.7292733,0.00226593017578125
190196,normal,3675,0,1782360882.7310956,0.0018222332000732422
190197,normal,2632,0,1782360882.7332864,0.002190828323364258
190198,normal,1865,0,1782360882.7350612,0.0017747879028320312
190199,normal,1990,0,1782360882.737307,0.0022459030151367188
190200,normal,736,0,1782360882.740095,0.0027878284454345703
190201,normal,2561,0,1782360882.7410164,0.0009214878082275391
190202,normal,57,0,1782360882.7432878,0.002271413803100586
190203,normal,1140,0,1782360882.7450147,0.0017268657684326172
190204,normal,1508,0,1782360882.7472773,0.002262592315673828
190205,normal,970,2,1782360882.7492416,0.0019643306732177734
190206,normal,1714,0,1782360882.7511644,0.0019228458404541016
190207,normal,3117,1,1782360882.7530935,0.0019290447235107422
190208,normal,1779,0,1782360882.7552812,0.0021877288818359375
190209,normal,2305,0,1782360882.7570138,0.0017325878143310547
190210,normal,2575,0,1782360882.759285,0.0022711753845214844
190211,normal,1665,0,1782360882.761231,0.0019459724426269531
190212,normal,649,0,1782360882.763145,0.0019140243530273438
190213,normal,3370,1,1782360882.7652493,0.0021042823791503906
190214,normal,1168,0,1782360882.767283,0.002033710479736328
190215,normal,1368,1,1782360882.769018,0.0017349720001220703
190216,normal,921,2,1782360882.7712812,0.002263307571411133
190217,normal,1706,0,1782360882.7732425,0.001961231231689453
190218,normal,746,0,1782360882.7751575,0.00191497802734375
190219,normal,161,0,1782360882.777271,0.0021135807037353516
190220,normal,2206,0,1782360882.779279,0.0020079612731933594
190221,normal,202,0,1782360882.781016,0.0017371177673339844
190222,normal,2230,0,1782360882.7833695,0.0023534297943115234
190223,normal,1427,0,1782360882.7851121,0.0017426013946533203
190224,normal,421,0,1782360882.787286,0.002173900604248047
190225,normal,8,0,1782360882.7891078,0.001821756362915039
190226,normal,1404,0,1782360882.791279,0.0021712779998779297
190227,normal,1868,0,1782360882.7930164,0.001737356185913086
190228,normal,1689,0,1782360882.7953708,0.0023543834686279297
190229,normal,181,0,1782360882.797103,0.0017321109771728516
190230,normal,2680,0,1782360882.7992883,0.002185344696044922
190231,normal,2503,0,1782360882.8011131,0.0018248558044433594
190232,normal,2409,0,1782360882.8032866,0.0021734237670898438
190233,normal,2162,0,1782360882.8050156,0.0017290115356445312
190234,normal,2499,0,1782360882.8073757,0.002360105514526367
190235,normal,539,0,1782360882.809112,0.0017364025115966797
190236,normal,2734,0,1782360882.8112824,0.0021703243255615234
190237,normal,1054,0,1782360882.8130198,0.001737356185913086
190238,normal,971,2,1782360882.8152995,0.0022797584533691406
190239,normal,463,0,1782360882.8170161,0.00171661376953125
190240,normal,3344,1,1782360882.8193173,0.0023012161254882812
190241,normal,1907,0,1782360882.8212337,0.0019164085388183594
190242,normal,863,2,1782360882.8230162,0.0017824172973632812
190243,normal,1003,2,1782360882.825283,0.0022668838500976562
190244,normal,1316,0,1782360882.8272438,0.00196075439453125
190245,normal,2571,0,1782360882.8291428,0.0018990039825439453
190246,normal,190,0,1782360882.8311672,0.002024412155151367
190247,normal,1418,0,1782360882.8343914,0.0032241344451904297
190248,normal,2792,0,1782360882.835196,0.0008046627044677734
190249,normal,2579,0,1782360882.8373563,0.002160310745239258
190250,normal,1091,0,1782360882.839214,0.001857757568359375
190251,normal,1810,0,1782360882.841272,0.0020580291748046875
190252,normal,1315,0,1782360882.8431604,0.001888275146484375
190253,normal,360,0,1782360882.8451788,0.002018451690673828
190254,normal,2480,0,1782360882.8471394,0.0019605159759521484
190255,normal,1576,0,1782360882.8491838,0.0020444393157958984
190256,normal,916,2,1782360882.8512743,0.0020904541015625
190257,normal,375,0,1782360882.8530202,0.0017459392547607422
190258,normal,1998,0,1782360882.8552864,0.0022661685943603516
190259,normal,1247,0,1782360882.8572314,0.0019450187683105469
190260,normal,1008,2,1782360882.859142,0.0019106864929199219
190261,normal,3668,0,1782360882.8611882,0.0020461082458496094
190262,normal,268,0,1782360882.8632748,0.002086639404296875
190263,normal,2283,0,1782360882.865038,0.0017631053924560547
190264,normal,1503,0,1782360882.8673055,0.002267599105834961
190265,normal,96,0,1782360882.8692198,0.0019142627716064453
190266,normal,2308,0,1782360882.871016,0.0017962455749511719
190267,normal,3470,0,1782360882.873309,0.0022928714752197266
190268,normal,2750,0,1782360882.8752282,0.0019192695617675781
190269,normal,3527,0,1782360882.8771422,0.0019140243530273438
190270,normal,2724,0,1782360882.8791978,0.002055644989013672
190271,normal,3130,1,1782360882.8812716,0.0020737648010253906
190272,normal,727,0,1782360882.8830156,0.0017440319061279297
190273,normal,2560,0,1782360882.88531,0.002294301986694336
190274,normal,2983,0,1782360882.8872247,0.0019147396087646484
190275,normal,3538,0,1782360882.8891425,0.0019178390502929688
190276,normal,2816,0,1782360882.8910484,0.0019059181213378906
190277,normal,2672,0,1782360882.893285,0.002236604690551758
190278,normal,3353,1,1782360882.8950138,0.0017287731170654297
190279,normal,1272,0,1782360882.8973167,0.002302885055541992
190280,normal,217,0,1782360882.8992243,0.0019075870513916016
190281,normal,477,0,1782360882.9011934,0.0019690990447998047
190282,normal,2928,0,1782360882.903166,0.001972675323486328
190283,normal,2435,0,1782360882.9052134,0.002047300338745117
190284,normal,1600,0,1782360882.9071424,0.0019290447235107422
190285,normal,2017,0,1782360882.9092107,0.0020682811737060547
190286,normal,2617,0,1782360882.9112756,0.002064943313598633
190287,normal,799,2,1782360882.9130158,0.0017402172088623047
190288,normal,1018,2,1782360882.9153235,0.0023076534271240234
190289,normal,2746,0,1782360882.9172184,0.0018949508666992188
190290,normal,327,0,1782360882.9191442,0.0019257068634033203
190291,normal,2799,0,1782360882.9212127,0.0020685195922851562
190292,normal,525,0,1782360882.9232724,0.0020596981048583984
190293,normal,1803,0,1782360882.9250135,0.001741170883178711
190294,normal,111,0,1782360882.927326,0.0023124217987060547
190295,normal,2870,0,1782360882.9291022,0.0017762184143066406
190296,normal,382,0,1782360882.9313018,0.0021996498107910156
190297,normal,3586,0,1782360882.9332016,0.00189971923828125
190298,normal,397,0,1782360882.9352968,0.0020952224731445312
190299,normal,2682,0,1782360882.9372313,0.0019345283508300781
190300,normal,716,0,1782360882.939424,0.0021927356719970703
190301,normal,2332,0,1782360882.9419203,0.0024962425231933594
190302,normal,3641,0,1782360882.9430203,0.0011000633239746094
190303,normal,356,0,1782360882.9449837,0.001963376998901367
190304,normal,17,0,1782360882.947142,0.0021581649780273438
190305,normal,1557,0,1782360882.9489293,0.001787424087524414
190306,normal,720,0,1782360882.9510033,0.002074003219604492
190307,normal,2005,0,1782360882.9530828,0.002079486846923828
190308,normal,2364,0,1782360882.9550095,0.0019266605377197266
190309,normal,854,2,1782360882.9571447,0.0021352767944335938
190310,normal,1481,0,1782360882.9589858,0.0018410682678222656
190311,normal,2573,0,1782360882.961031,0.002045154571533203
190312,normal,264,0,1782360882.9630256,0.001994609832763672
190313,normal,3576,0,1782360882.9650097,0.001984119415283203
190314,normal,2257,0,1782360882.9669561,0.0019464492797851562
190315,normal,1932,0,1782360882.9689577,0.002001523971557617
190316,normal,1369,1,1782360882.9709723,0.002014636993408203
190317,normal,2923,0,1782360882.9729779,0.0020055770874023438
190318,normal,1716,0,1782360882.9749632,0.001985311508178711
190319,normal,1370,1,1782360882.976958,0.0019948482513427734
190320,normal,72,0,1782360882.9789515,0.001993417739868164
190321,normal,2807,0,1782360882.9809542,0.002002716064453125
190322,normal,2278,0,1782360882.9829617,0.0020074844360351562
190323,normal,0,0,1782360882.9849823,0.002020597457885742
190324,normal,1758,0,1782360882.987081,0.0020987987518310547
190325,normal,1946,0,1782360882.989073,0.0019919872283935547
190326,normal,2163,0,1782360882.9911997,0.0021266937255859375
190327,normal,978,2,1782360882.993092,0.0018923282623291016
190328,normal,1077,0,1782360882.9951453,0.0020532608032226562
190329,normal,3519,0,1782360882.9971254,0.0019800662994384766
190330,normal,2817,0,1782360882.9993625,0.002237081527709961
190331,normal,3417,0,1782360883.001079,0.00171661376953125
190332,normal,1964,0,1782360883.003345,0.00226593017578125
190333,normal,1734,0,1782360883.005154,0.0018088817596435547
190334,normal,248,0,1782360883.0072358,0.0020818710327148438
190335,normal,1118,0,1782360883.0093074,0.0020716190338134766
190336,normal,2234,0,1782360883.0109715,0.0016641616821289062
190337,normal,684,0,1782360883.012931,0.001959562301635742
190338,normal,849,2,1782360883.015017,0.0020859241485595703
190339,normal,472,0,1782360883.016934,0.0019168853759765625
190340,normal,1360,1,1782360883.0190022,0.0020682811737060547
190341,normal,2087,0,1782360883.021039,0.0020368099212646484
190342,normal,325,0,1782360883.0230372,0.0019981861114501953
190343,normal,1231,0,1782360883.0250897,0.0020525455474853516
190344,normal,172,0,1782360883.0269473,0.0018575191497802734
190345,normal,1622,0,1782360883.0289297,0.001982450485229492
190346,normal,3334,1,1782360883.0309448,0.0020151138305664062
190347,normal,1096,0,1782360883.033043,0.00209808349609375
190348,normal,1273,0,1782360883.035035,0.0019919872283935547
190349,normal,2336,0,1782360883.037043,0.002008199691772461
190350,normal,3369,1,1782360883.039089,0.002045869827270508
190351,normal,1223,0,1782360883.041057,0.0019681453704833984
190352,normal,513,0,1782360883.043107,0.0020499229431152344
190353,normal,205,0,1782360883.0450552,0.0019481182098388672
190354,normal,1082,0,1782360883.0470488,0.0019936561584472656
190355,normal,2852,0,1782360883.0490644,0.0020155906677246094
190356,normal,2542,0,1782360883.051071,0.00200653076171875
190357,normal,1015,2,1782360883.0530303,0.0019593238830566406
190358,normal,1493,0,1782360883.055031,0.0020008087158203125
190359,normal,3236,1,1782360883.0570278,0.001996755599975586
190360,normal,2903,0,1782360883.0590687,0.002040863037109375
190361,normal,1655,0,1782360883.061089,0.0020203590393066406
190362,normal,2360,0,1782360883.0630803,0.00199127197265625
190363,normal,644,0,1782360883.065105,0.0020246505737304688
190364,normal,2271,0,1782360883.0671084,0.0020034313201904297
190365,normal,1750,0,1782360883.0690875,0.0019791126251220703
190366,normal,355,0,1782360883.07112,0.0020325183868408203
190367,normal,868,2,1782360883.0731056,0.0019855499267578125
190368,normal,3612,0,1782360883.0749588,0.0018532276153564453
190369,normal,2490,0,1782360883.0770304,0.0020716190338134766
190370,normal,2185,0,1782360883.0790334,0.0020029544830322266
190371,normal,1567,0,1782360883.0811338,0.0021004676818847656
190372,normal,3473,0,1782360883.0829492,0.0018153190612792969
190373,normal,2915,0,1782360883.0850203,0.0020711421966552734
190374,normal,1857,0,1782360883.0870304,0.0020101070404052734
190375,normal,3138,1,1782360883.0890203,0.0019898414611816406
190376,normal,2113,0,1782360883.0911956,0.0021753311157226562
190377,normal,707,0,1782360883.0930536,0.0018579959869384766
190378,normal,3525,0,1782360883.0952318,0.002178192138671875
190379,normal,2747,0,1782360883.0970366,0.0018048286437988281
190380,normal,2116,0,1782360883.0990562,0.002019643783569336
190381,normal,1400,0,1782360883.1010532,0.0019969940185546875
190382,normal,3653,0,1782360883.1030548,0.002001523971557617
190383,normal,435,0,1782360883.1051774,0.002122640609741211
190384,normal,1978,0,1782360883.1070259,0.001848459243774414
190385,normal,3608,0,1782360883.10904,0.00201416015625
190386,normal,1649,0,1782360883.1111636,0.002123594284057617
190387,normal,3411,0,1782360883.1130078,0.001844167709350586
190388,normal,3202,1,1782360883.115053,0.002045154571533203
190389,normal,3544,0,1782360883.1170964,0.002043485641479492
190390,normal,1260,0,1782360883.1191955,0.0020990371704101562
190391,normal,715,0,1782360883.1211061,0.0019106864929199219
190392,normal,840,2,1782360883.1231215,0.002015352249145508
190393,normal,706,0,1782360883.1251342,0.0020127296447753906
190394,normal,3537,0,1782360883.1272366,0.002102375030517578
190395,normal,252,0,1782360883.129078,0.0018413066864013672
190396,normal,2174,0,1782360883.1311173,0.0020394325256347656
190397,normal,1205,0,1782360883.1333013,0.0021839141845703125
190398,normal,74,0,1782360883.1354063,0.0021049976348876953
190399,normal,144,0,1782360883.1369965,0.0015902519226074219
190400,normal,2418,0,1782360883.13909,0.0020935535430908203
190401,normal,987,2,1782360883.1411664,0.002076387405395508
190402,normal,2382,0,1782360883.1432111,0.002044677734375
190403,normal,3141,1,1782360883.1451511,0.001940011978149414
190404,normal,2827,0,1782360883.1470196,0.0018684864044189453
190405,normal,2860,0,1782360883.1491692,0.0021495819091796875
190406,normal,2064,0,1782360883.1511078,0.0019385814666748047
190407,normal,2419,0,1782360883.1530814,0.0019736289978027344
190408,normal,129,0,1782360883.1550696,0.0019881725311279297
190409,normal,3698,0,1782360883.1570745,0.002004861831665039
190410,normal,1249,0,1782360883.1590402,0.001965761184692383
190411,normal,3584,0,1782360883.1610746,0.002034425735473633
190412,normal,2966,0,1782360883.1631057,0.002031087875366211
190413,normal,1113,0,1782360883.1650276,0.0019218921661376953
190414,normal,952,2,1782360883.167127,0.002099275588989258
190415,normal,805,2,1782360883.1690662,0.0019392967224121094
190416,normal,289,0,1782360883.171347,0.002280712127685547
190417,normal,3065,1,1782360883.1730332,0.0016863346099853516
190418,normal,3633,0,1782360883.175066,0.002032756805419922
190419,normal,2570,0,1782360883.1770627,0.001996755599975586
190420,normal,3562,0,1782360883.1791759,0.0021131038665771484
190421,normal,2211,0,1782360883.181047,0.0018711090087890625
190422,normal,1937,0,1782360883.1830416,0.001994609832763672
190423,normal,2895,0,1782360883.1851192,0.0020775794982910156
190424,normal,677,0,1782360883.1873019,0.0021827220916748047
190425,normal,33,0,1782360883.1890464,0.0017445087432861328
190426,normal,718,0,1782360883.1913178,0.002271413803100586
190427,normal,1127,0,1782360883.1932008,0.0018830299377441406
190428,normal,1754,0,1782360883.1951346,0.0019338130950927734
190429,normal,3602,0,1782360883.1972413,0.0021066665649414062
190430,normal,1057,0,1782360883.199355,0.0021135807037353516
190431,normal,656,0,1782360883.20102,0.0016651153564453125
190432,normal,1687,0,1782360883.2031186,0.002098560333251953
190433,normal,306,0,1782360883.2051342,0.0020155906677246094
190434,normal,3468,0,1782360883.2070296,0.0018954277038574219
190435,normal,3302,1,1782360883.209305,0.0022754669189453125
190436,normal,3048,1,1782360883.2109976,0.0016925334930419922
190437,normal,1050,0,1782360883.2130985,0.0021009445190429688
190438,normal,2520,0,1782360883.2149594,0.0018608570098876953
190439,normal,1894,0,1782360883.217168,0.002208709716796875
190440,normal,609,0,1782360883.2192962,0.002128124237060547
190441,normal,3004,0,1782360883.220994,0.0016977787017822266
190442,normal,1143,0,1782360883.2231534,0.0021593570709228516
190443,normal,1621,0,1782360883.2249646,0.0018112659454345703
190444,normal,531,0,1782360883.22706,0.002095460891723633
190445,normal,2441,0,1782360883.2291057,0.0020456314086914062
190446,normal,2379,0,1782360883.231189,0.002083301544189453
190447,normal,14,0,1782360883.2329428,0.0017538070678710938
190448,normal,2129,0,1782360883.2350569,0.0021140575408935547
190449,normal,104,0,1782360883.2369611,0.0019042491912841797
190450,normal,751,0,1782360883.2390652,0.002104043960571289
190451,normal,201,0,1782360883.2410681,0.0020029544830322266
190452,normal,2320,0,1782360883.2429972,0.0019290447235107422
190453,normal,1592,0,1782360883.2450664,0.002069234848022461
190454,normal,592,0,1782360883.2470858,0.0020194053649902344
190455,normal,3685,0,1782360883.2496002,0.002514362335205078
190456,normal,774,2,1782360883.2514458,0.0018455982208251953
190457,normal,3624,0,1782360883.25292,0.001474142074584961
190458,normal,320,0,1782360883.2550325,0.0021126270294189453
190459,normal,2513,0,1782360883.2569544,0.0019218921661376953
190460,normal,311,0,1782360883.2591486,0.0021941661834716797
190461,normal,1290,0,1782360883.2610688,0.0019202232360839844
190462,normal,2535,0,1782360883.2631354,0.0020666122436523438
190463,normal,3545,0,1782360883.2651544,0.0020189285278320312
190464,normal,560,0,1782360883.2673297,0.0021753311157226562
190465,normal,216,0,1782360883.2692838,0.0019540786743164062
190466,normal,1546,0,1782360883.2710888,0.0018050670623779297
190467,normal,3107,1,1782360883.2729244,0.0018355846405029297
190468,normal,119,0,1782360883.2750568,0.002132415771484375
190469,normal,1919,0,1782360883.2770555,0.0019986629486083984
190470,normal,3376,1,1782360883.2789853,0.0019297599792480469
190471,normal,310,0,1782360883.281063,0.002077817916870117
190472,normal,2947,0,1782360883.2830606,0.0019974708557128906
190473,normal,2010,0,1782360883.284955,0.0018944740295410156
190474,normal,2721,0,1782360883.287098,0.0021429061889648438
190475,normal,1824,0,1782360883.28912,0.0020220279693603516
190476,normal,2693,0,1782360883.2910395,0.0019195079803466797
190477,normal,2273,0,1782360883.2930582,0.0020186901092529297
190478,normal,701,0,1782360883.2950974,0.002039194107055664
190479,normal,3255,1,1782360883.2970014,0.0019040107727050781
190480,normal,998,2,1782360883.299131,0.0021295547485351562
190481,normal,221,0,1782360883.3010817,0.0019507408142089844
190482,normal,957,2,1782360883.3029466,0.0018649101257324219
190483,normal,2716,0,1782360883.305058,0.0021114349365234375
190484,normal,595,0,1782360883.3070664,0.0020084381103515625
190485,normal,28,0,1782360883.3089502,0.0018837451934814453
190486,normal,2281,0,1782360883.3110611,0.0021109580993652344
190487,normal,3667,0,1782360883.3130574,0.001996278762817383
190488,normal,1331,1,1782360883.3149698,0.0019123554229736328
190489,normal,712,0,1782360883.3170245,0.0020546913146972656
190490,normal,964,2,1782360883.3190486,0.0020241737365722656
190491,normal,3400,1,1782360883.320954,0.0019054412841796875
190492,normal,1690,0,1782360883.3230467,0.002092599868774414
190493,normal,1885,0,1782360883.3250523,0.0020055770874023438
190494,normal,3418,0,1782360883.3270178,0.0019655227661132812
190495,normal,694,0,1782360883.3291543,0.0021364688873291016
190496,normal,3126,1,1782360883.3311706,0.002016305923461914
190497,normal,3467,0,1782360883.3331084,0.0019378662109375
190498,normal,2597,0,1782360883.3351955,0.002087116241455078
190499,normal,3571,0,1782360883.3370943,0.0018987655639648438
190500,normal,3274,1,1782360883.33906,0.001965761184692383
190501,normal,3579,0,1782360883.3411696,0.002109527587890625
190502,normal,1500,0,1782360883.343086,0.0019164085388183594
190503,normal,1281,0,1782360883.3450348,0.0019488334655761719
190504,normal,2153,0,1782360883.347144,0.002109050750732422
190505,normal,1432,0,1782360883.3492012,0.002057313919067383
190506,normal,15,0,1782360883.3510354,0.0018341541290283203
190507,normal,1282,0,1782360883.3530781,0.0020427703857421875
190508,normal,546,0,1782360883.3550787,0.002000570297241211
190509,normal,543,0,1782360883.357049,0.0019702911376953125
190510,normal,3618,0,1782360883.3591597,0.002110719680786133
190511,normal,189,0,1782360883.3611386,0.0019788742065429688
190512,normal,2407,0,1782360883.3630111,0.0018725395202636719
190513,normal,1132,0,1782360883.3650231,0.002012014389038086
190514,normal,2555,0,1782360883.3670254,0.002002239227294922
190515,normal,2702,0,1782360883.3690221,0.001996755599975586
190516,normal,3672,0,1782360883.3711174,0.0020952224731445312
190517,normal,665,0,1782360883.3729856,0.0018682479858398438
190518,normal,2944,0,1782360883.3750224,0.0020368099212646484
190519,normal,126,0,1782360883.3770247,0.002002239227294922
190520,normal,499,0,1782360883.3790247,0.002000093460083008
190521,normal,3214,1,1782360883.3812256,0.0022008419036865234
190522,normal,2188,0,1782360883.3830605,0.001834869384765625
190523,normal,405,0,1782360883.3851418,0.0020813941955566406
190524,normal,1651,0,1782360883.3869808,0.0018389225006103516
190525,normal,2357,0,1782360883.389052,0.0020711421966552734
190526,normal,1129,0,1782360883.3911197,0.0020678043365478516
190527,normal,1137,0,1782360883.3929408,0.0018210411071777344
190528,normal,3649,0,1782360883.395175,0.002234220504760742
190529,normal,3666,0,1782360883.3970692,0.001894235610961914
190530,normal,3047,1,1782360883.3990412,0.0019719600677490234
190531,normal,2911,0,1782360883.4010265,0.001985311508178711
190532,normal,393,0,1782360883.4030552,0.0020287036895751953
190533,normal,3129,1,1782360883.4050598,0.0020046234130859375
190534,normal,1311,0,1782360883.407256,0.002196073532104492
190535,normal,1763,0,1782360883.4091997,0.001943826675415039
190536,normal,3237,1,1782360883.4110296,0.0018298625946044922
190537,normal,3077,1,1782360883.4131162,0.002086639404296875
190538,normal,1953,0,1782360883.4152777,0.0021615028381347656
190539,normal,1838,0,1782360883.4169943,0.00171661376953125
190540,normal,1841,0,1782360883.419196,0.002201557159423828
190541,normal,2758,0,1782360883.4213355,0.002139568328857422
190542,normal,3387,1,1782360883.4231217,0.0017862319946289062
190543,normal,3000,0,1782360883.4251368,0.0020151138305664062
190544,normal,3541,0,1782360883.4272892,0.0021524429321289062
190545,normal,1274,0,1782360883.4292002,0.0019109249114990234
190546,normal,2014,0,1782360883.430981,0.0017807483673095703
190547,normal,2398,0,1782360883.4331305,0.0021495819091796875
190548,normal,3461,0,1782360883.435218,0.0020875930786132812
190549,normal,2581,0,1782360883.4370751,0.0018570423126220703
190550,normal,1259,0,1782360883.43916,0.002084970474243164
190551,normal,486,0,1782360883.4410636,0.001903533935546875
190552,normal,1698,0,1782360883.4430866,0.002022981643676758
190553,normal,537,0,1782360883.445384,0.0022974014282226562
190554,normal,1000,2,1782360883.4469557,0.0015716552734375
190555,normal,2537,0,1782360883.4491518,0.002196073532104492
190556,normal,933,2,1782360883.4511623,0.0020105838775634766
190557,normal,3208,1,1782360883.453054,0.0018916130065917969
190558,normal,2951,0,1782360883.4550648,0.002010822296142578
190559,normal,681,0,1782360883.457149,0.0020842552185058594
190560,normal,3450,0,1782360883.4590738,0.001924753189086914
190561,normal,1160,0,1782360883.4613557,0.0022819042205810547
190562,normal,3009,0,1782360883.463005,0.0016493797302246094
190563,normal,458,0,1782360883.465137,0.002131938934326172
190564,normal,2037,0,1782360883.4670925,0.0019555091857910156
190565,normal,1219,0,1782360883.469133,0.002040386199951172
190566,normal,1176,0,1782360883.4710395,0.0019066333770751953
190567,normal,2867,0,1782360883.4731627,0.002123117446899414
190568,normal,3084,1,1782360883.4752076,0.0020449161529541016
190569,normal,861,2,1782360883.4770489,0.0018413066864013672
190570,normal,2649,0,1782360883.4792461,0.002197265625
190571,normal,1445,0,1782360883.4811335,0.0018873214721679688
190572,normal,1783,0,1782360883.4829974,0.0018639564514160156
190573,normal,9,0,1782360883.4851758,0.0021784305572509766
190574,normal,682,0,1782360883.4871347,0.0019588470458984375
190575,normal,2502,0,1782360883.4890358,0.0019011497497558594
190576,normal,2694,0,1782360883.491126,0.0020902156829833984
190577,normal,1372,1,1782360883.4933164,0.0021903514862060547
190578,normal,523,0,1782360883.4950376,0.0017211437225341797
190579,normal,1361,1,1782360883.4972162,0.002178668975830078
190580,normal,3388,1,1782360883.4992828,0.0020666122436523438
190581,normal,2344,0,1782360883.5014236,0.0021407604217529297
190582,normal,2769,0,1782360883.5030198,0.001596212387084961
190583,normal,3504,0,1782360883.5053067,0.0022869110107421875
190584,normal,1344,1,1782360883.507211,0.0019042491912841797
190585,normal,1634,0,1782360883.5090811,0.0018701553344726562
190586,normal,1555,0,1782360883.5111256,0.0020444393157958984
190587,normal,938,2,1782360883.5130262,0.0019006729125976562
190588,normal,1086,0,1782360883.5151184,0.002092123031616211
190589,normal,2519,0,1782360883.517354,0.0022356510162353516
190590,normal,2062,0,1782360883.5189416,0.0015876293182373047
190591,normal,583,0,1782360883.5211086,0.0021669864654541016
190592,normal,1380,1,1782360883.5231125,0.002003908157348633
190593,normal,948,2,1782360883.5250497,0.0019371509552001953
190594,normal,3031,0,1782360883.5275962,0.002546548843383789
190595,normal,3324,1,1782360883.5291066,0.0015103816986083984
190596,normal,1797,0,1782360883.53112,0.0020134449005126953
190597,normal,2607,0,1782360883.5329335,0.0018134117126464844
190598,normal,709,0,1782360883.5350738,0.0021402835845947266
190599,normal,2686,0,1782360883.5370135,0.0019397735595703125
190600,normal,34,0,1782360883.539281,0.0022673606872558594
190601,normal,1195,0,1782360883.5410767,0.0017957687377929688
190602,normal,280,0,1782360883.5429397,0.0018630027770996094
190603,normal,2509,0,1782360883.5450644,0.002124786376953125
190604,normal,3100,1,1782360883.5470703,0.0020058155059814453
190605,normal,3227,1,1782360883.5489635,0.0018932819366455078
190606,normal,877,2,1782360883.551105,0.0021414756774902344
190607,normal,725,0,1782360883.553057,0.0019519329071044922
190608,normal,231,0,1782360883.5549583,0.001901388168334961
190609,normal,2122,0,1782360883.5573742,0.002415895462036133
190610,normal,1588,0,1782360883.5597324,0.0023581981658935547
190611,normal,1723,0,1782360883.5609257,0.0011932849884033203
190612,normal,3066,1,1782360883.563229,0.0023033618927001953
190613,normal,352,0,1782360883.5650232,0.0017940998077392578
190614,normal,793,2,1782360883.5673053,0.0022821426391601562
190615,normal,365,0,1782360883.5691435,0.0018382072448730469
190616,normal,1358,1,1782360883.5710082,0.0018646717071533203
190617,normal,2916,0,1782360883.5730329,0.0020246505737304688
190618,normal,1986,0,1782360883.5749831,0.0019502639770507812
190619,normal,2026,0,1782360883.5771055,0.0021224021911621094
190620,normal,1903,0,1782360883.5790327,0.0019271373748779297
190621,normal,600,0,1782360883.5809932,0.0019605159759521484
190622,normal,1760,0,1782360883.5843236,0.0033304691314697266
190623,normal,944,2,1782360883.5850027,0.00067901611328125
190624,normal,2345,0,1782360883.5872645,0.0022618770599365234
190625,normal,959,2,1782360883.5894449,0.002180337905883789
190626,normal,1800,0,1782360883.591067,0.0016222000122070312
190627,normal,691,0,1782360883.5930924,0.0020253658294677734
190628,normal,1556,0,1782360883.595194,0.0021016597747802734
190629,normal,3068,1,1782360883.5970674,0.0018732547760009766
190630,normal,1737,0,1782360883.5990832,0.002015829086303711
190631,normal,3406,0,1782360883.6011806,0.0020973682403564453
190632,normal,1617,0,1782360883.6030877,0.0019071102142333984
190633,normal,1568,0,1782360883.6052015,0.002113819122314453
190634,normal,2431,0,1782360883.6072428,0.002041339874267578
190635,normal,881,2,1782360883.6090765,0.0018336772918701172
190636,normal,1531,0,1782360883.6111567,0.002080202102661133
190637,normal,3078,1,1782360883.613154,0.001997232437133789
190638,normal,425,0,1782360883.6150591,0.001905202865600586
190639,normal,782,2,1782360883.6170607,0.002001523971557617
190640,normal,3615,0,1782360883.619202,0.002141237258911133
190641,normal,1988,0,1782360883.621128,0.0019261837005615234
190642,normal,3657,0,1782360883.6232617,0.002133607864379883
190643,normal,1552,0,1782360883.625185,0.0019233226776123047
190644,normal,866,2,1782360883.6270888,0.0019037723541259766
190645,normal,115,0,1782360883.6291847,0.002095937728881836
190646,normal,1979,0,1782360883.6312313,0.0020465850830078125
190647,normal,1232,0,1782360883.632981,0.0017497539520263672
190648,normal,192,0,1782360883.635147,0.0021660327911376953
190649,normal,1187,0,1782360883.6371472,0.002000093460083008
190650,normal,3607,0,1782360883.6390572,0.0019099712371826172
190651,normal,102,0,1782360883.6413612,0.0023040771484375
190652,normal,3345,1,1782360883.6431816,0.0018203258514404297
190653,normal,1732,0,1782360883.6452034,0.00202178955078125
190654,normal,2526,0,1782360883.6471343,0.0019309520721435547
190655,normal,3249,1,1782360883.649374,0.002239704132080078
190656,normal,826,2,1782360883.651073,0.0016989707946777344
190657,normal,545,0,1782360883.653349,0.0022759437561035156
190658,normal,3299,1,1782360883.655282,0.0019330978393554688
190659,normal,1504,0,1782360883.6569545,0.001672506332397461
190660,normal,731,0,1782360883.6591349,0.002180337905883789
190661,normal,2073,0,1782360883.6611345,0.0019996166229248047
190662,normal,1870,0,1782360883.6631434,0.0020089149475097656
190663,normal,114,0,1782360883.6650548,0.0019114017486572266
190664,normal,2126,0,1782360883.667074,0.002019166946411133
190665,normal,2475,0,1782360883.6690342,0.001960277557373047
190666,normal,2642,0,1782360883.6711333,0.0020990371704101562
190667,normal,1676,0,1782360883.6736038,0.0024704933166503906
190668,normal,1114,0,1782360883.6753776,0.001773834228515625
190669,normal,757,0,1782360883.6770313,0.0016536712646484375
190670,normal,556,0,1782360883.6791408,0.002109527587890625
190671,normal,1453,0,1782360883.6810455,0.0019047260284423828
190672,normal,3587,0,1782360883.683138,0.0020923614501953125
190673,normal,3172,1,1782360883.68519,0.0020520687103271484
190674,normal,1607,0,1782360883.6872246,0.0020346641540527344
190675,normal,538,0,1782360883.688959,0.0017342567443847656
190676,normal,2748,0,1782360883.6911407,0.0021817684173583984
190677,normal,2723,0,1782360883.6930685,0.0019278526306152344
190678,normal,2302,0,1782360883.6951683,0.002099752426147461
190679,normal,1738,0,1782360883.697357,0.0021886825561523438
190680,normal,754,0,1782360883.6991222,0.0017652511596679688
190681,normal,253,0,1782360883.7011642,0.002042055130004883
190682,normal,2999,0,1782360883.7032123,0.002048015594482422
190683,normal,796,2,1782360883.7050893,0.0018770694732666016
190684,normal,2050,0,1782360883.707297,0.0022077560424804688
190685,normal,1386,0,1782360883.7094457,0.0021486282348632812
190686,normal,813,2,1782360883.711198,0.0017523765563964844
190687,normal,2707,0,1782360883.71307,0.0018718242645263672
190688,normal,2280,0,1782360883.7152767,0.0022068023681640625
190689,normal,3074,1,1782360883.7173145,0.0020377635955810547
190690,normal,584,0,1782360883.7190125,0.0016980171203613281
190691,normal,3135,1,1782360883.7211144,0.002101898193359375
190692,normal,3301,1,1782360883.7229705,0.001856088638305664
190693,normal,2568,0,1782360883.7252557,0.0022852420806884766
190694,normal,343,0,1782360883.7271354,0.0018796920776367188
190695,normal,84,0,1782360883.729135,0.0019996166229248047
190696,normal,3002,0,1782360883.7312138,0.0020787715911865234
190697,normal,2476,0,1782360883.733223,0.002009153366088867
190698,normal,517,0,1782360883.7356296,0.002406597137451172
190699,normal,2478,0,1782360883.7369895,0.0013599395751953125
190700,normal,3503,0,1782360883.73919,0.002200603485107422
190701,normal,3648,0,1782360883.7410903,0.0019001960754394531
190702,normal,1709,0,1782360883.7432005,0.0021102428436279297
190703,normal,1638,0,1782360883.7452002,0.0019996166229248047
190704,normal,495,0,1782360883.7471025,0.0019023418426513672
190705,normal,2909,0,1782360883.7492049,0.002102375030517578
190706,normal,582,0,1782360883.7512472,0.0020422935485839844
190707,normal,1840,0,1782360883.752984,0.0017368793487548828
190708,normal,2718,0,1782360883.7551775,0.002193450927734375
190709,normal,1633,0,1782360883.7571814,0.002003908157348633
190710,normal,3003,0,1782360883.7590742,0.0018928050994873047
190711,normal,3413,0,1782360883.7611814,0.0021071434020996094
190712,normal,2620,0,1782360883.7631867,0.002005338668823242
190713,normal,1993,0,1782360883.7651384,0.0019516944885253906
190714,normal,637,0,1782360883.7672765,0.0021381378173828125
190715,normal,1829,0,1782360883.7692647,0.0019881725311279297
190716,normal,2506,0,1782360883.771088,0.0018231868743896484
190717,normal,2849,0,1782360883.7732058,0.0021178722381591797
190718,normal,107,0,1782360883.7752,0.0019941329956054688
190719,normal,3021,0,1782360883.7770557,0.0018558502197265625
190720,normal,2789,0,1782360883.7791622,0.0021064281463623047
190721,normal,2534,0,1782360883.781161,0.0019989013671875
190722,normal,2791,0,1782360883.783086,0.0019249916076660156
190723,normal,2401,0,1782360883.785266,0.002179861068725586
190724,normal,2920,0,1782360883.7871358,0.0018699169158935547
190725,normal,2456,0,1782360883.7891603,0.002024412155151367
190726,normal,2216,0,1782360883.7912636,0.0021033287048339844
190727,normal,1019,2,1782360883.7933857,0.002122163772583008
190728,normal,2259,0,1782360883.7950647,0.0016789436340332031
190729,normal,263,0,1782360883.797193,0.0021283626556396484
190730,normal,1483,0,1782360883.7993689,0.0021758079528808594
190731,normal,1463,0,1782360883.8009772,0.0016083717346191406
190732,normal,3386,1,1782360883.803155,0.002177715301513672
190733,normal,1239,0,1782360883.8051548,0.0019998550415039062
190734,normal,2299,0,1782360883.8070538,0.0018990039825439453
190735,normal,2752,0,1782360883.8093219,0.002268075942993164
190736,normal,3267,1,1782360883.8112137,0.0018918514251708984
190737,normal,1872,0,1782360883.8130515,0.0018377304077148438
190738,normal,2277,0,1782360883.8151574,0.0021059513092041016
190739,normal,1312,0,1782360883.8171568,0.001999378204345703
190740,normal,1009,2,1782360883.8190653,0.0019085407257080078
190741,normal,3122,1,1782360883.8215723,0.0025069713592529297
190742,normal,2223,0,1782360883.8231065,0.0015342235565185547
190743,normal,3561,0,1782360883.8252766,0.002170085906982422
190744,normal,2766,0,1782360883.8269796,0.001703023910522461
190745,normal,3600,0,1782360883.8291807,0.002201080322265625
190746,normal,3055,1,1782360883.8310778,0.0018970966339111328
190747,normal,1699,0,1782360883.8331966,0.002118825912475586
190748,normal,1192,0,1782360883.8355248,0.002328157424926758
190749,normal,2252,0,1782360883.8370283,0.0015034675598144531
190750,normal,969,2,1782360883.83916,0.0021317005157470703
190751,normal,440,0,1782360883.8411658,0.0020058155059814453
190752,normal,737,0,1782360883.8430834,0.0019176006317138672
190753,normal,1944,0,1782360883.8451917,0.002108335494995117
190754,normal,581,0,1782360883.8473809,0.002189159393310547
190755,normal,3637,0,1782360883.8493416,0.00196075439453125
190756,normal,1390,0,1782360883.8511207,0.0017790794372558594
190757,normal,342,0,1782360883.8532836,0.002162933349609375
190758,normal,3063,1,1782360883.855128,0.0018444061279296875
190759,normal,171,0,1782360883.8572106,0.0020825862884521484
190760,normal,888,2,1782360883.8595333,0.002322673797607422
190761,normal,2551,0,1782360883.8612142,0.0016808509826660156
190762,normal,1042,0,1782360883.8631647,0.0019505023956298828
190763,normal,907,2,1782360883.8653903,0.002225637435913086
190764,normal,1289,0,1782360883.8674896,0.002099275588989258
190765,normal,536,0,1782360883.8690245,0.0015349388122558594
190766,normal,2199,0,1782360883.8710942,0.002069711685180664
190767,normal,2517,0,1782360883.873053,0.0019588470458984375
190768,normal,3347,1,1782360883.875124,0.002070903778076172
190769,normal,2065,0,1782360883.877196,0.0020720958709716797
190770,normal,2233,0,1782360883.8791213,0.0019252300262451172
190771,normal,2423,0,1782360883.8812625,0.002141237258911133
190772,normal,3479,0,1782360883.88321,0.0019474029541015625
190773,normal,1257,0,1782360883.8856924,0.0024824142456054688
190774,normal,1970,0,1782360883.8869934,0.0013010501861572266
190775,normal,1334,1,1782360883.88917,0.002176523208618164
190776,normal,2595,0,1782360883.8910794,0.001909494400024414
190777,normal,2756,0,1782360883.8931856,0.002106189727783203
190778,normal,1012,2,1782360883.8951774,0.001991748809814453
190779,normal,647,0,1782360883.8970776,0.0019001960754394531
190780,normal,1159,0,1782360883.8991883,0.002110719680786133
190781,normal,259,0,1782360883.9011927,0.002004384994506836
190782,normal,2970,0,1782360883.90317,0.0019774436950683594
190783,normal,1494,0,1782360883.9050725,0.0019023418426513672
190784,normal,1959,0,1782360883.9071844,0.0021119117736816406
190785,normal,939,2,1782360883.909072,0.0018875598907470703
190786,normal,1317,0,1782360883.9110782,0.0020062923431396484
190787,normal,242,0,1782360883.913181,0.0021028518676757812
190788,normal,2481,0,1782360883.9150758,0.0018947124481201172
190789,normal,2495,0,1782360883.9171267,0.0020508766174316406
190790,normal,2673,0,1782360883.9192276,0.0021009445190429688
190791,normal,862,2,1782360883.9211676,0.001940011978149414
190792,normal,1309,0,1782360883.9231596,0.0019919872283935547
190793,normal,1718,0,1782360883.9251628,0.002003192901611328
190794,normal,3283,1,1782360883.9270923,0.0019295215606689453
190795,normal,1578,0,1782360883.9292297,0.002137422561645508
190796,normal,19,0,1782360883.931166,0.001936197280883789
190797,normal,3496,0,1782360883.9330635,0.001897573471069336
190798,normal,3289,1,1782360883.9351687,0.002105236053466797
190799,normal,3547,0,1782360883.9371696,0.0020008087158203125
190800,normal,345,0,1782360883.939289,0.0021195411682128906
190801,normal,3650,0,1782360883.9410582,0.0017690658569335938
190802,normal,234,0,1782360883.943309,0.0022509098052978516
190803,normal,186,0,1782360883.945183,0.0018739700317382812
190804,normal,2429,0,1782360883.9473226,0.002139568328857422
190805,normal,629,0,1782360883.9491782,0.001855611801147461
190806,normal,1562,0,1782360883.951211,0.002032756805419922
190807,normal,870,2,1782360883.9531815,0.001970529556274414
190808,normal,2457,0,1782360883.9552555,0.002074003219604492
190809,normal,3551,0,1782360883.956964,0.0017085075378417969
190810,normal,1934,0,1782360883.9591718,0.0022077560424804688
190811,normal,3407,0,1782360883.9611561,0.0019843578338623047
190812,normal,372,0,1782360883.9633586,0.0022025108337402344
190813,normal,291,0,1782360883.9649613,0.0016026496887207031
190814,normal,457,0,1782360883.9671547,0.002193450927734375
190815,normal,1310,0,1782360883.9690514,0.0018966197967529297
190816,normal,1668,0,1782360883.9711535,0.0021021366119384766
190817,normal,354,0,1782360883.9735408,0.0023872852325439453
190818,normal,408,0,1782360883.9754622,0.0019214153289794922
190819,normal,815,2,1782360883.9771717,0.0017094612121582031
190820,normal,1996,0,1782360883.979164,0.0019922256469726562
190821,normal,879,2,1782360883.9810584,0.0018944740295410156
190822,normal,511,0,1782360883.983169,0.002110719680786133
190823,normal,3378,1,1782360883.9852123,0.0020432472229003906
190824,normal,1147,0,1782360883.9874594,0.0022470951080322266
190825,normal,1375,1,1782360883.988982,0.0015225410461425781
190826,normal,811,2,1782360883.99117,0.002187967300415039
190827,normal,2195,0,1782360883.993071,0.0019011497497558594
190828,normal,3628,0,1782360883.9951942,0.002123117446899414
190829,normal,1308,0,1782360883.9971945,0.0020003318786621094
190830,normal,1421,0,1782360883.9991238,0.0019292831420898438
190831,normal,1720,0,1782360884.0012157,0.0020918846130371094
190832,normal,638,0,1782360884.0031948,0.0019791126251220703
190833,normal,3070,1,1782360884.0050883,0.0018935203552246094
190834,normal,2180,0,1782360884.007737,0.002648591995239258
190835,normal,349,0,1782360884.0096262,0.0018892288208007812
190836,normal,476,0,1782360884.0110114,0.0013852119445800781
190837,normal,2914,0,1782360884.013604,0.0025925636291503906
190838,normal,3601,0,1782360884.0152574,0.001653432846069336
190839,normal,2689,0,1782360884.017372,0.002114534378051758
190840,normal,927,2,1782360884.0195334,0.0021615028381347656
190841,normal,1214,0,1782360884.0211663,0.0016329288482666016
190842,normal,789,2,1782360884.0230675,0.0019011497497558594
190843,normal,459,0,1782360884.0251036,0.0020360946655273438
190844,normal,1216,0,1782360884.0271916,0.0020880699157714844
190845,normal,892,2,1782360884.0291684,0.0019767284393310547
190846,normal,3340,1,1782360884.031125,0.0019567012786865234
190847,normal,2768,0,1782360884.0332482,0.002123117446899414
190848,normal,1923,0,1782360884.0351565,0.0019083023071289062
190849,normal,1775,0,1782360884.0370507,0.001894235610961914
190850,normal,2763,0,1782360884.0396962,0.0026454925537109375
190851,normal,575,0,1782360884.0409896,0.0012934207916259766
190852,normal,1156,0,1782360884.0431826,0.002192974090576172
190853,normal,2487,0,1782360884.0452034,0.0020208358764648438
190854,normal,2821,0,1782360884.0469913,0.0017879009246826172
190855,normal,2244,0,1782360884.0491269,0.0021355152130126953
190856,normal,3050,1,1782360884.051099,0.001972198486328125
190857,normal,452,0,1782360884.053108,0.0020089149475097656
190858,normal,3057,1,1782360884.0552104,0.002102375030517578
190859,normal,3312,1,1782360884.0572355,0.002025127410888672
190860,normal,3183,1,1782360884.0591245,0.0018889904022216797
190861,normal,1202,0,1782360884.0610716,0.001947164535522461
190862,normal,223,0,1782360884.063194,0.0021224021911621094
190863,normal,38,0,1782360884.0650778,0.0018837451934814453
190864,normal,1105,0,1782360884.0671768,0.0020990371704101562
190865,normal,116,0,1782360884.069176,0.0019991397857666016
190866,normal,89,0,1782360884.0710826,0.0019066333770751953
190867,normal,990,2,1782360884.0732412,0.002158641815185547
190868,normal,2359,0,1782360884.0753744,0.0021331310272216797
190869,normal,3678,0,1782360884.077064,0.0016896724700927734
190870,normal,3076,1,1782360884.0791938,0.002129793167114258
190871,normal,2701,0,1782360884.08121,0.0020160675048828125
190872,normal,2917,0,1782360884.0831223,0.0019123554229736328
190873,normal,468,0,1782360884.0851715,0.0020492076873779297
190874,normal,1263,0,1782360884.0871646,0.0019931793212890625
190875,normal,792,2,1782360884.0890596,0.0018949508666992188
190876,normal,2047,0,1782360884.09121,0.002150297164916992
190877,normal,3677,0,1782360884.0932415,0.002031564712524414
190878,normal,228,0,1782360884.0950334,0.0017919540405273438
190879,normal,2222,0,1782360884.0971448,0.0021114349365234375
190880,normal,894,2,1782360884.0993295,0.002184629440307617
190881,normal,3499,0,1782360884.101357,0.0020275115966796875
190882,normal,3500,0,1782360884.10308,0.0017230510711669922
190883,normal,2546,0,1782360884.1053507,0.0022706985473632812
190884,normal,2660,0,1782360884.1072266,0.0018758773803710938
190885,normal,1624,0,1782360884.109118,0.0018913745880126953
190886,normal,1751,0,1782360884.1111698,0.002051830291748047
190887,normal,1213,0,1782360884.1130576,0.0018877983093261719
190888,normal,1945,0,1782360884.1151567,0.0020990371704101562
190889,normal,663,0,1782360884.117232,0.0020754337310791016
190890,normal,923,2,1782360884.1189706,0.0017385482788085938
190891,normal,940,2,1782360884.121151,0.002180337905883789
190892,normal,52,0,1782360884.1231527,0.0020017623901367188
190893,normal,403,0,1782360884.1250565,0.0019037723541259766
190894,normal,563,0,1782360884.1275225,0.002465963363647461
190895,normal,1190,0,1782360884.129223,0.0017006397247314453
190896,normal,1366,1,1782360884.1312473,0.0020241737365722656
190897,normal,874,2,1782360884.1330762,0.001828908920288086
190898,normal,1684,0,1782360884.135182,0.002105712890625
190899,normal,1412,0,1782360884.1370711,0.0018892288208007812
190900,normal,860,2,1782360884.1391947,0.002123594284057617
190901,normal,1980,0,1782360884.1413262,0.0021314620971679688
190902,normal,404,0,1782360884.1430407,0.001714468002319336
190903,normal,31,0,1782360884.1452017,0.0021610260009765625
190904,normal,787,2,1782360884.1471791,0.0019774436950683594
190905,normal,742,0,1782360884.1490853,0.0019061565399169922
190906,normal,1,0,1782360884.1511927,0.002107381820678711
190907,normal,1674,0,1782360884.153193,0.0020003318786621094
190908,normal,86,0,1782360884.1552367,0.0020437240600585938
190909,normal,3415,0,1782360884.1572735,0.0020368099212646484
190910,normal,3593,0,1782360884.1599264,0.002652883529663086
190911,normal,1962,0,1782360884.161415,0.0014886856079101562
190912,normal,2898,0,1782360884.1633732,0.001958131790161133
190913,normal,900,2,1782360884.1653142,0.0019409656524658203
190914,normal,2019,0,1782360884.1671755,0.0018613338470458984
190915,normal,150,0,1782360884.1693075,0.002131938934326172
190916,normal,3522,0,1782360884.1710992,0.0017917156219482422
190917,normal,3105,1,1782360884.1730607,0.0019614696502685547
190918,normal,570,0,1782360884.17512,0.002059459686279297
190919,normal,1136,0,1782360884.177162,0.0020418167114257812
190920,normal,1609,0,1782360884.1791296,0.0019676685333251953
190921,normal,3309,1,1782360884.1811428,0.0020132064819335938
190922,normal,3515,0,1782360884.1831865,0.0020437240600585938
190923,normal,3688,0,1782360884.18529,0.002103567123413086
190924,normal,2812,0,1782360884.1872573,0.001967191696166992
190925,normal,2628,0,1782360884.1896515,0.0023941993713378906
190926,normal,2681,0,1782360884.1910307,0.001379251480102539
190927,normal,2025,0,1782360884.1931632,0.002132415771484375
190928,normal,2601,0,1782360884.195182,0.0020189285278320312
190929,normal,3639,0,1782360884.1970837,0.0019016265869140625
190930,normal,2052,0,1782360884.1991854,0.0021016597747802734
190931,normal,1119,0,1782360884.2011695,0.001984119415283203
190932,normal,273,0,1782360884.2030892,0.0019197463989257812
190933,normal,508,0,1782360884.2052007,0.0021114349365234375
190934,normal,2653,0,1782360884.2072194,0.0020186901092529297
190935,normal,2361,0,1782360884.2091253,0.0019059181213378906
190936,normal,2179,0,1782360884.2111735,0.0020482540130615234
190937,normal,2425,0,1782360884.2131732,0.0019996166229248047
190938,normal,2447,0,1782360884.215079,0.0019059181213378906
190939,normal,2838,0,1782360884.2170749,0.0019958019256591797
190940,normal,3250,1,1782360884.219197,0.002122163772583008
190941,normal,1806,0,1782360884.221049,0.0018520355224609375
190942,normal,1749,0,1782360884.2231314,0.002082347869873047
190943,normal,1811,0,1782360884.2254443,0.002312898635864258
190944,normal,1909,0,1782360884.2270818,0.0016374588012695312
190945,normal,3036,0,1782360884.2292051,0.0021233558654785156
190946,normal,857,2,1782360884.2312024,0.001997232437133789
190947,normal,893,2,1782360884.2331328,0.0019304752349853516
190948,normal,3024,0,1782360884.235169,0.0020360946655273438
190949,normal,2488,0,1782360884.237168,0.0019991397857666016
190950,normal,350,0,1782360884.239073,0.0019049644470214844
190951,normal,3098,1,1782360884.2412057,0.0021326541900634766
190952,normal,1753,0,1782360884.2432404,0.0020346641540527344
190953,normal,3139,1,1782360884.2450418,0.0018014907836914062
190954,normal,2889,0,1782360884.2472618,0.0022199153900146484
190955,normal,3150,1,1782360884.2492907,0.002028942108154297
190956,normal,1433,0,1782360884.25153,0.002239227294921875
190957,normal,3686,0,1782360884.2530572,0.0015273094177246094
190958,normal,1594,0,1782360884.2553437,0.0022864341735839844
190959,normal,1425,0,1782360884.2571273,0.001783609390258789
190960,normal,199,0,1782360884.259181,0.0020537376403808594
190961,normal,154,0,1782360884.2610967,0.0019156932830810547
190962,normal,2341,0,1782360884.2630606,0.0019638538360595703
190963,normal,872,2,1782360884.2650623,0.0020017623901367188
190964,normal,69,0,1782360884.2673814,0.0023190975189208984
190965,normal,2171,0,1782360884.2689724,0.0015909671783447266
190966,normal,2253,0,1782360884.271153,0.0021805763244628906
190967,normal,1227,0,1782360884.2730775,0.0019245147705078125
190968,normal,2395,0,1782360884.275053,0.001975536346435547
190969,normal,3275,1,1782360884.277299,0.0022459030151367188
190970,normal,387,0,1782360884.2796445,0.002345561981201172
190971,normal,351,0,1782360884.2810733,0.001428842544555664
190972,normal,35,0,1782360884.2830045,0.0019311904907226562
190973,normal,2793,0,1782360884.2850711,0.0020666122436523438
190974,normal,3489,0,1782360884.2870634,0.0019922256469726562
190975,normal,1324,1,1782360884.289086,0.0020227432250976562
190976,normal,1765,0,1782360884.2912402,0.002154111862182617
190977,normal,484,0,1782360884.2931058,0.0018656253814697266
190978,normal,3532,0,1782360884.2952309,0.0021250247955322266
190979,normal,2961,0,1782360884.2971616,0.0019307136535644531
190980,normal,105,0,1782360884.2990713,0.0019097328186035156
190981,normal,3238,1,1782360884.3011034,0.002032041549682617
190982,normal,2709,0,1782360884.303189,0.0020856857299804688
190983,normal,527,0,1782360884.3050785,0.0018894672393798828
190984,normal,1234,0,1782360884.3075342,0.0024557113647460938
190985,normal,178,0,1782360884.3094933,0.001959085464477539
190986,normal,1616,0,1782360884.3112526,0.0017592906951904297
190987,normal,1739,0,1782360884.3131866,0.001934051513671875
190988,normal,1960,0,1782360884.3151834,0.001996755599975586
190989,normal,1275,0,1782360884.317096,0.0019125938415527344
190990,normal,2213,0,1782360884.3192778,0.0021817684173583984
190991,normal,3491,0,1782360884.3210409,0.0017631053924560547
190992,normal,1713,0,1782360884.323057,0.0020160675048828125
190993,normal,3690,0,1782360884.3250558,0.0019989013671875
190994,normal,3118,1,1782360884.3271134,0.0020575523376464844
190995,normal,985,2,1782360884.329075,0.0019617080688476562
190996,normal,2886,0,1782360884.3310935,0.002018451690673828
190997,normal,668,0,1782360884.3331366,0.002043008804321289
190998,normal,2338,0,1782360884.3351078,0.0019712448120117188
190999,normal,2081,0,1782360884.3373945,0.002286672592163086
191000,normal,2117,0,1782360884.3392158,0.001821279525756836
191001,normal,3390,1,1782360884.340974,0.0017583370208740234
191002,normal,1052,0,1782360884.3431888,0.002214670181274414
191003,normal,1471,0,1782360884.3451982,0.0020093917846679688
191004,normal,3165,1,1782360884.3470855,0.0018873214721679688
191005,normal,1581,0,1782360884.3491952,0.0021097660064697266
191006,normal,392,0,1782360884.3510265,0.0018312931060791016
191007,normal,1586,0,1782360884.3530123,0.001985788345336914
191008,normal,2656,0,1782360884.3551168,0.002104520797729492
191009,normal,738,0,1782360884.3571231,0.0020062923431396484
191010,normal,2354,0,1782360884.35896,0.0018367767333984375
191011,normal,2611,0,1782360884.3610752,0.0021152496337890625
191012,normal,1092,0,1782360884.363098,0.0020227432250976562
191013,normal,1991,0,1782360884.3649738,0.0018758773803710938
191014,normal,1599,0,1782360884.3672254,0.0022516250610351562
191015,normal,1332,1,1782360884.3701003,0.0028748512268066406
191016,normal,3577,0,1782360884.3729956,0.002895355224609375
191017,normal,188,0,1782360884.3730593,6.365776062011719e-05
191018,normal,2217,0,1782360884.3751566,0.0020973682403564453
191019,normal,1374,1,1782360884.377086,0.0019292831420898438
191020,normal,2984,0,1782360884.3790083,0.0019223690032958984
191021,normal,3116,1,1782360884.3809924,0.001984119415283203
191022,normal,2880,0,1782360884.3829672,0.001974821090698242
191023,normal,368,0,1782360884.3849947,0.0020275115966796875
191024,normal,1521,0,1782360884.387172,0.0021772384643554688
191025,normal,3521,0,1782360884.388994,0.0018219947814941406
191026,normal,2647,0,1782360884.3911014,0.002107381820678711
191027,normal,2362,0,1782360884.39305,0.0019485950469970703
191028,normal,2905,0,1782360884.394992,0.0019421577453613281
191029,normal,2578,0,1782360884.397132,0.0021398067474365234
191030,normal,3363,1,1782360884.3993213,0.0021893978118896484
191031,normal,1032,0,1782360884.4011385,0.0018172264099121094
191032,normal,3355,1,1782360884.4032934,0.002154827117919922
191033,normal,489,0,1782360884.4054663,0.0021729469299316406
191034,normal,1669,0,1782360884.407072,0.0016057491302490234
191035,normal,1301,0,1782360884.409269,0.0021970272064208984
191036,normal,3603,0,1782360884.4113476,0.002078533172607422
191037,normal,1929,0,1782360884.4132473,0.00189971923828125
191038,normal,2627,0,1782360884.4150014,0.0017540454864501953
191039,normal,1577,0,1782360884.417195,0.0021936893463134766
191040,normal,3485,0,1782360884.4190938,0.0018987655639648438
191041,normal,183,0,1782360884.4212062,0.0021123886108398438
191042,normal,3651,0,1782360884.4234312,0.0022249221801757812
191043,normal,956,2,1782360884.4249914,0.001560211181640625
191044,normal,1566,0,1782360884.4271865,0.002195119857788086
191045,normal,2692,0,1782360884.4291549,0.0019683837890625
191046,normal,2729,0,1782360884.430981,0.0018260478973388672
191047,normal,2016,0,1782360884.4332569,0.0022759437561035156
191048,normal,169,0,1782360884.4357467,0.002489805221557617
191049,normal,3670,0,1782360884.4371958,0.0014491081237792969
191050,normal,653,0,1782360884.4391155,0.0019197463989257812
191051,normal,142,0,1782360884.4412599,0.002144336700439453
191052,normal,411,0,1782360884.4430454,0.0017855167388916016
191053,normal,2630,0,1782360884.4450321,0.0019867420196533203
191054,normal,214,0,1782360884.4473495,0.0023174285888671875
191055,normal,1014,2,1782360884.4492083,0.0018587112426757812
191056,normal,1005,2,1782360884.451128,0.0019197463989257812
191057,normal,3661,0,1782360884.4531953,0.0020673274993896484
191058,normal,3046,1,1782360884.4551086,0.001913309097290039
191059,normal,3177,1,1782360884.4571,0.00199127197265625
191060,normal,2518,0,1782360884.4592192,0.002119302749633789
191061,normal,60,0,1782360884.4610996,0.0018804073333740234
191062,normal,604,0,1782360884.4632597,0.0021600723266601562
191063,normal,1629,0,1782360884.4651394,0.0018796920776367188
191064,normal,196,0,1782360884.4671009,0.0019614696502685547
191065,normal,3482,0,1782360884.4695451,0.0024442672729492188
191066,normal,2596,0,1782360884.4717195,0.00217437744140625
191067,normal,2032,0,1782360884.4730058,0.0012862682342529297
191068,normal,2291,0,1782360884.4756126,0.0026068687438964844
191069,normal,698,0,1782360884.4771872,0.0015745162963867188
191070,normal,3528,0,1782360884.4791265,0.0019392967224121094
191071,normal,1512,0,1782360884.481453,0.002326488494873047
191072,normal,988,2,1782360884.4832602,0.0018072128295898438
191073,normal,844,2,1782360884.4849904,0.001730203628540039
191074,normal,167,0,1782360884.4872046,0.002214193344116211
191075,normal,3280,1,1782360884.489203,0.001998424530029297
191076,normal,3366,1,1782360884.4911916,0.001988649368286133
191077,normal,994,2,1782360884.4931085,0.0019168853759765625
191078,normal,3645,0,1782360884.4952397,0.002131223678588867
191079,normal,1298,0,1782360884.4972014,0.0019617080688476562
191080,normal,2471,0,1782360884.4991071,0.001905679702758789
191081,normal,139,0,1782360884.5018246,0.0027174949645996094
191082,normal,141,0,1782360884.5030084,0.0011837482452392578
191083,normal,3051,1,1782360884.5052018,0.002193450927734375
191084,normal,2076,0,1782360884.5071678,0.0019659996032714844
191085,normal,1479,0,1782360884.509029,0.0018610954284667969
191086,normal,3439,0,1782360884.5113068,0.002277851104736328
191087,normal,1112,0,1782360884.5131724,0.0018656253814697266
191088,normal,1403,0,1782360884.5151253,0.0019528865814208984
191089,normal,580,0,1782360884.517131,0.0020058155059814453
191090,normal,750,0,1782360884.5192366,0.0021054744720458984
191091,normal,2576,0,1782360884.5211577,0.0019211769104003906
191092,normal,401,0,1782360884.5230422,0.00188446044921875
191093,normal,1210,0,1782360884.5252075,0.0021653175354003906
191094,normal,2127,0,1782360884.5270991,0.0018916130065917969
191095,normal,1954,0,1782360884.5291305,0.0020313262939453125
191096,normal,2633,0,1782360884.531228,0.002097606658935547
191097,normal,118,0,1782360884.5330088,0.0017807483673095703
191098,normal,850,2,1782360884.5352094,0.002200603485107422
191099,normal,1892,0,1782360884.5372636,0.0020542144775390625
191100,normal,2964,0,1782360884.5390844,0.0018208026885986328
191101,normal,182,0,1782360884.5413067,0.002222299575805664
191102,normal,2927,0,1782360884.5431643,0.0018575191497802734
191103,normal,714,0,1782360884.5451257,0.0019614696502685547
191104,normal,1876,0,1782360884.547252,0.0021262168884277344
191105,normal,2024,0,1782360884.5492437,0.001991748809814453
191106,normal,1808,0,1782360884.5510082,0.001764535903930664
191107,normal,3563,0,1782360884.5532205,0.0022122859954833984
191108,normal,3268,1,1782360884.5552077,0.0019872188568115234
191109,normal,3401,1,1782360884.5571804,0.001972675323486328
191110,normal,1191,0,1782360884.559125,0.0019445419311523438
191111,normal,534,0,1782360884.5612488,0.0021238327026367188
191112,normal,1888,0,1782360884.5631049,0.001856088638305664
191113,normal,3285,1,1782360884.5650907,0.001985788345336914
191114,normal,1966,0,1782360884.5670316,0.0019409656524658203
191115,normal,1984,0,1782360884.5691125,0.0020809173583984375
191116,normal,3080,1,1782360884.571053,0.0019404888153076172
191117,normal,544,0,1782360884.5732288,0.0021758079528808594
191118,normal,2851,0,1782360884.5750535,0.0018246173858642578
191119,normal,2511,0,1782360884.5770972,0.0020437240600585938
191120,normal,3518,0,1782360884.5790975,0.0020003318786621094
191121,normal,2177,0,1782360884.581025,0.0019273757934570312
191122,normal,2421,0,1782360884.583101,0.0020761489868164062
191123,normal,1694,0,1782360884.5851505,0.0020494461059570312
191124,normal,1038,0,1782360884.5869317,0.0017812252044677734
191125,normal,2154,0,1782360884.589086,0.0021543502807617188
191126,normal,1060,0,1782360884.5910609,0.001974821090698242
191127,normal,566,0,1782360884.5930495,0.001988649368286133
191128,normal,3222,1,1782360884.5951602,0.002110719680786133
191129,normal,3691,0,1782360884.5971346,0.001974344253540039
191130,normal,1809,0,1782360884.5991237,0.001989126205444336
191131,normal,1951,0,1782360884.601092,0.0019683837890625
191132,normal,1124,0,1782360884.6030293,0.0019371509552001953
191133,normal,3206,1,1782360884.605098,0.002068758010864258
191134,normal,2719,0,1782360884.6071043,0.0020062923431396484
191135,normal,3224,1,1782360884.6090364,0.0019321441650390625
191136,normal,2725,0,1782360884.611232,0.002195596694946289
191137,normal,1083,0,1782360884.613058,0.0018260478973388672
191138,normal,2730,0,1782360884.6151018,0.0020437240600585938
191139,normal,3159,1,1782360884.6169598,0.0018579959869384766
191140,normal,2461,0,1782360884.6190796,0.002119779586791992
191141,normal,936,2,1782360884.6211054,0.0020258426666259766
191142,normal,2704,0,1782360884.6230006,0.0018951892852783203
191143,normal,426,0,1782360884.6253352,0.0023345947265625
191144,normal,655,0,1782360884.627261,0.0019257068634033203
191145,normal,2773,0,1782360884.6295354,0.0022745132446289062
191146,normal,3113,1,1782360884.6311939,0.0016584396362304688
191147,normal,1447,0,1782360884.6331847,0.001990795135498047
191148,normal,2530,0,1782360884.635035,0.0018503665924072266
191149,normal,164,0,1782360884.6371906,0.0021555423736572266
191150,normal,1701,0,1782360884.6391838,0.0019931793212890625
191151,normal,1804,0,1782360884.6409774,0.0017936229705810547
191152,normal,1120,0,1782360884.6430821,0.0021047592163085938
191153,normal,1285,0,1782360884.6450558,0.0019736289978027344
191154,normal,2825,0,1782360884.6471634,0.0021076202392578125
191155,normal,1392,0,1782360884.6490371,0.0018737316131591797
191156,normal,577,0,1782360884.6510675,0.0020303726196289062
191157,normal,1460,0,1782360884.6530647,0.001997232437133789
191158,normal,3189,1,1782360884.655155,0.0020902156829833984
191159,normal,1440,0,1782360884.6572647,0.0021097660064697266
191160,normal,1585,0,1782360884.6590245,0.0017597675323486328
191161,normal,262,0,1782360884.6610873,0.0020627975463867188
191162,normal,1659,0,1782360884.6630733,0.0019860267639160156
191163,normal,2227,0,1782360884.6649768,0.001903533935546875
191164,normal,3673,0,1782360884.6670492,0.0020723342895507812
191165,normal,2340,0,1782360884.6690328,0.001983642578125
191166,normal,2543,0,1782360884.6711133,0.0020804405212402344
191167,normal,93,0,1782360884.6730762,0.001962900161743164
191168,normal,2091,0,1782360884.6750164,0.0019402503967285156
191169,normal,3310,1,1782360884.6771235,0.0021071434020996094
191170,normal,1505,0,1782360884.6791198,0.001996278762817383
191171,normal,2004,0,1782360884.68101,0.0018901824951171875
191172,normal,347,0,1782360884.6830835,0.002073526382446289
191173,normal,1126,0,1782360884.6850774,0.001993894577026367
191174,normal,2327,0,1782360884.687112,0.0020346641540527344
191175,normal,3446,0,1782360884.6892695,0.002157449722290039
191176,normal,773,2,1782360884.690998,0.0017285346984863281
191177,normal,1704,0,1782360884.69319,0.0021920204162597656
191178,normal,1251,0,1782360884.6950715,0.0018813610076904297
191179,normal,1413,0,1782360884.6971507,0.0020792484283447266
191180,normal,1685,0,1782360884.6991425,0.001991748809814453
191181,normal,753,0,1782360884.7010355,0.0018930435180664062
191182,normal,1670,0,1782360884.7030833,0.0020477771759033203
191183,normal,1180,0,1782360884.7050624,0.0019791126251220703
191184,normal,3210,1,1782360884.7069845,0.0019221305847167969
191185,normal,1313,0,1782360884.709171,0.0021865367889404297
191186,normal,963,2,1782360884.7110705,0.0018994808197021484
191187,normal,1229,0,1782360884.713078,0.0020074844360351562
191188,normal,3404,0,1782360884.7150745,0.0019965171813964844
191189,normal,1635,0,1782360884.7171745,0.0020999908447265625
191190,normal,213,0,1782360884.7190459,0.001871347427368164
191191,normal,3195,1,1782360884.7211752,0.0021293163299560547
191192,normal,3278,1,1782360884.7234309,0.002255678176879883
191193,normal,671,0,1782360884.7250848,0.001653909683227539
191194,normal,1967,0,1782360884.7271338,0.002048969268798828
191195,normal,1470,0,1782360884.7293153,0.002181529998779297
191196,normal,3166,1,1782360884.7310774,0.0017621517181396484
191197,normal,3261,1,1782360884.7329707,0.0018932819366455078
191198,normal,2027,0,1782360884.7351542,0.0021834373474121094
191199,normal,494,0,1782360884.7369714,0.0018172264099121094
191200,normal,1610,0,1782360884.7392669,0.0022954940795898438
191201,normal,2953,0,1782360884.7411122,0.0018453598022460938
191202,normal,1985,0,1782360884.7429607,0.001848459243774414
191203,normal,2569,0,1782360884.7451434,0.0021827220916748047
191204,normal,3219,1,1782360884.7470613,0.0019178390502929688
191205,normal,2559,0,1782360884.7489986,0.0019373893737792969
191206,normal,2120,0,1782360884.751804,0.002805471420288086
191207,normal,3001,0,1782360884.7531712,0.0013670921325683594
191208,normal,10,0,1782360884.755027,0.0018558502197265625
191209,normal,1495,0,1782360884.7569737,0.0019466876983642578
191210,normal,279,0,1782360884.759161,0.0021872520446777344
191211,normal,992,2,1782360884.760978,0.0018169879913330078
191212,normal,2948,0,1782360884.7631974,0.0022194385528564453
191213,normal,2060,0,1782360884.7651827,0.001985311508178711
191214,normal,3702,0,1782360884.7670639,0.0018811225891113281
191215,normal,1873,0,1782360884.7690997,0.002035856246948242
191216,normal,2924,0,1782360884.771094,0.0019943714141845703
191217,normal,887,2,1782360884.7730057,0.0019116401672363281
191218,normal,2157,0,1782360884.775197,0.002191305160522461
191219,normal,233,0,1782360884.777118,0.001920938491821289
191220,normal,2439,0,1782360884.7789888,0.001870870590209961
191221,normal,1443,0,1782360884.7814329,0.002444028854370117
191222,normal,1165,0,1782360884.783759,0.0023262500762939453
191223,normal,1394,0,1782360884.7870042,0.003245115280151367
191224,normal,318,0,1782360884.7870653,6.103515625e-05
191225,normal,3081,1,1782360884.7895317,0.002466440200805664
191226,normal,2190,0,1782360884.7911077,0.0015759468078613281
191227,normal,660,0,1782360884.793258,0.002150297164916992
191228,normal,3331,1,1782360884.7950132,0.0017552375793457031
191229,normal,3160,1,1782360884.7970529,0.002039670944213867
191230,normal,514,0,1782360884.7988994,0.0018465518951416016
191231,normal,1020,2,1782360884.8009872,0.002087831497192383
191232,normal,2988,0,1782360884.802902,0.0019147396087646484
191233,normal,593,0,1782360884.8051565,0.002254486083984375
191234,normal,3374,1,1782360884.8069417,0.0017852783203125
191235,normal,2943,0,1782360884.8089442,0.0020024776458740234
191236,normal,643,0,1782360884.8110595,0.0021152496337890625
191237,normal,2201,0,1782360884.8130076,0.0019481182098388672
191238,normal,2168,0,1782360884.8152208,0.0022132396697998047
191239,normal,244,0,1782360884.8169718,0.001750946044921875
191240,normal,779,2,1782360884.8189058,0.001934051513671875
191241,normal,197,0,1782360884.8209858,0.0020799636840820312
191242,normal,1254,0,1782360884.823005,0.002019166946411133
191243,normal,1897,0,1782360884.8249142,0.0019092559814453125
191244,normal,229,0,1782360884.8269987,0.002084493637084961
191245,normal,2749,0,1782360884.829017,0.0020182132720947266
191246,normal,747,0,1782360884.830947,0.0019299983978271484
191247,normal,1217,0,1782360884.8331263,0.002179384231567383
191248,normal,2548,0,1782360884.8349195,0.0017931461334228516
191249,normal,1209,0,1782360884.8370054,0.0020859241485595703
191250,normal,968,2,1782360884.8389053,0.0018999576568603516
191251,normal,1430,0,1782360884.8410275,0.002122163772583008
191252,normal,3109,1,1782360884.8429391,0.0019116401672363281
191253,normal,3492,0,1782360884.8451707,0.002231597900390625
191254,normal,227,0,1782360884.8470137,0.0018429756164550781
191255,normal,323,0,1782360884.849113,0.002099275588989258
191256,normal,3426,0,1782360884.8510556,0.0019426345825195312
191257,normal,1647,0,1782360884.8530807,0.002025127410888672
191258,normal,1144,0,1782360884.8550944,0.002013683319091797
191259,normal,1171,0,1782360884.8569868,0.0018923282623291016
191260,normal,448,0,1782360884.8591554,0.0021686553955078125
191261,normal,2786,0,1782360884.8611827,0.002027273178100586
191262,normal,3398,1,1782360884.8629472,0.001764535903930664
191263,normal,785,2,1782360884.86512,0.002172708511352539
191264,normal,2741,0,1782360884.8670218,0.001901865005493164
191265,normal,3123,1,1782360884.8692482,0.0022263526916503906
191266,normal,873,2,1782360884.8710203,0.001772165298461914
191267,normal,2814,0,1782360884.8731425,0.002122163772583008
191268,normal,2094,0,1782360884.8751595,0.0020170211791992188
191269,normal,396,0,1782360884.8772914,0.002131938934326172
191270,normal,3209,1,1782360884.8791573,0.0018658638000488281
191271,normal,645,0,1782360884.881121,0.0019636154174804688
191272,normal,414,0,1782360884.8831816,0.0020606517791748047
191273,normal,1269,0,1782360884.8851697,0.0019881725311279297
191274,normal,1726,0,1782360884.8869402,0.0017704963684082031
191275,normal,2896,0,1782360884.8891144,0.0021741390228271484
191276,normal,1402,0,1782360884.8910086,0.001894235610961914
191277,normal,3314,1,1782360884.8932514,0.0022428035736083984
191278,normal,2317,0,1782360884.8949366,0.0016851425170898438
191279,normal,384,0,1782360884.8971071,0.002170562744140625
191280,normal,687,0,1782360884.8989356,0.0018284320831298828
191281,normal,1101,0,1782360884.9011135,0.0021779537200927734
191282,normal,2794,0,1782360884.903186,0.002072572708129883
191283,normal,1761,0,1782360884.905328,0.0021419525146484375
191284,normal,3161,1,1782360884.9070437,0.0017156600952148438
191285,normal,958,2,1782360884.9090157,0.0019719600677490234
191286,normal,2806,0,1782360884.9109404,0.001924753189086914
191287,normal,2981,0,1782360884.9131193,0.0021789073944091797
191288,normal,1466,0,1782360884.9150093,0.001889944076538086
191289,normal,3553,0,1782360884.9172213,0.002212047576904297
191290,normal,2842,0,1782360884.9189508,0.0017294883728027344
191291,normal,919,2,1782360884.9211361,0.002185344696044922
191292,normal,2303,0,1782360884.922958,0.001821756362915039
191293,normal,2482,0,1782360884.925154,0.002196073532104492
191294,normal,1356,1,1782360884.9270556,0.0019016265869140625
191295,normal,2854,0,1782360884.9290187,0.0019631385803222656
191296,normal,2250,0,1782360884.9311547,0.0021359920501708984
191297,normal,2946,0,1782360884.933023,0.0018682479858398438
191298,normal,2820,0,1782360884.935031,0.0020079612731933594
191299,normal,2003,0,1782360884.9375298,0.0024988651275634766
191300,normal,808,2,1782360884.9392626,0.0017328262329101562
191301,normal,817,2,1782360884.940992,0.0017294883728027344
191302,normal,741,0,1782360884.9434328,0.0024406909942626953
191303,normal,2044,0,1782360884.9451706,0.001737833023071289
191304,normal,46,0,1782360884.9471834,0.0020127296447753906
191305,normal,676,0,1782360884.9492488,0.002065420150756836
191306,normal,298,0,1782360884.9511058,0.0018570423126220703
191307,normal,1066,0,1782360884.9529397,0.0018339157104492188
191308,normal,1766,0,1782360884.9551125,0.002172708511352539
191309,normal,2967,0,1782360884.9572358,0.0021233558654785156
191310,normal,465,0,1782360884.9590147,0.0017788410186767578
191311,normal,42,0,1782360884.9611804,0.0021657943725585938
191312,normal,433,0,1782360884.9631503,0.0019698143005371094
191313,normal,498,0,1782360884.9650934,0.0019431114196777344
191314,normal,3597,0,1782360884.9675555,0.002462148666381836
191315,normal,3125,1,1782360884.968996,0.0014405250549316406
191316,normal,2337,0,1782360884.970957,0.0019609928131103516
191317,normal,865,2,1782360884.973139,0.0021820068359375
191318,normal,400,0,1782360884.9750338,0.0018947124481201172
191319,normal,3082,1,1782360884.976965,0.0019311904907226562
191320,normal,3412,0,1782360884.9791415,0.002176523208618164
191321,normal,703,0,1782360884.9810553,0.0019137859344482422
191322,normal,2140,0,1782360884.9829855,0.00193023681640625
191323,normal,3647,0,1782360884.9851775,0.0021920204162597656
191324,normal,1395,0,1782360884.9870777,0.0019001960754394531
191325,normal,1515,0,1782360884.9889598,0.0018820762634277344
191326,normal,1236,0,1782360884.9911294,0.0021696090698242188
191327,normal,2172,0,1782360884.9929981,0.0018687248229980469
191328,normal,3595,0,1782360884.994956,0.0019578933715820312
191329,normal,1423,0,1782360884.997135,0.0021789073944091797
191330,normal,1497,0,1782360884.9990578,0.0019228458404541016
191331,normal,915,2,1782360885.0010173,0.001959562301635742
191332,normal,1393,0,1782360885.0032933,0.0022759437561035156
191333,normal,628,0,1782360885.0051217,0.0018284320831298828
191334,normal,3297,1,1782360885.0069768,0.0018551349639892578
191335,normal,2504,0,1782360885.0091534,0.002176523208618164
191336,normal,106,0,1782360885.0110898,0.0019364356994628906
191337,normal,530,0,1782360885.0129247,0.001834869384765625
191338,normal,1061,0,1782360885.015122,0.002197265625
191339,normal,1631,0,1782360885.016985,0.0018630027770996094
191340,normal,571,0,1782360885.0190053,0.0020203590393066406
191341,normal,1643,0,1782360885.0212107,0.002205371856689453
191342,normal,506,0,1782360885.0231004,0.0018897056579589844
191343,normal,2624,0,1782360885.025021,0.0019207000732421875
191344,normal,3337,1,1782360885.0273252,0.0023040771484375
191345,normal,378,0,1782360885.0292923,0.001967191696166992
191346,normal,3328,1,1782360885.0310645,0.001772165298461914
191347,normal,2600,0,1782360885.033125,0.002060413360595703
191348,normal,2826,0,1782360885.035361,0.0022361278533935547
191349,normal,2107,0,1782360885.0369663,0.0016052722930908203
191350,normal,3114,1,1782360885.0391142,0.0021479129791259766
191351,normal,1364,1,1782360885.0410006,0.0018863677978515625
191352,normal,1037,0,1782360885.0429368,0.001936197280883789
191353,normal,3683,0,1782360885.0452192,0.002282381057739258
191354,normal,3010,0,1782360885.0469918,0.0017726421356201172
191355,normal,3221,1,1782360885.0489337,0.0019419193267822266
191356,normal,3438,0,1782360885.0511146,0.002180814743041992
191357,normal,1204,0,1782360885.0529902,0.0018756389617919922
191358,normal,1472,0,1782360885.0557144,0.002724170684814453
191359,normal,1244,0,1782360885.0570745,0.001360177993774414
191360,normal,2574,0,1782360885.0592525,0.0021779537200927734
191361,normal,3531,0,1782360885.0609622,0.0017096996307373047
191362,normal,49,0,1782360885.063131,0.002168893814086914
191363,normal,829,2,1782360885.0650306,0.0018994808197021484
191364,normal,370,0,1782360885.0669744,0.001943826675415039
191365,normal,110,0,1782360885.0693724,0.0023980140686035156
191366,normal,1502,0,1782360885.071073,0.0017006397247314453
191367,normal,3565,0,1782360885.07297,0.0018968582153320312
191368,normal,2894,0,1782360885.0751376,0.0021677017211914062
191369,normal,1416,0,1782360885.0770926,0.0019550323486328125
191370,normal,3396,1,1782360885.078981,0.001888275146484375
191371,normal,650,0,1782360885.0811493,0.002168416976928711
191372,normal,429,0,1782360885.083255,0.002105712890625
191373,normal,1982,0,1782360885.0857024,0.002447366714477539
191374,normal,2374,0,1782360885.0874865,0.0017840862274169922
191375,normal,986,2,1782360885.0891712,0.0016846656799316406
191376,normal,1553,0,1782360885.0912132,0.002042055130004883
191377,normal,623,0,1782360885.0932848,0.0020716190338134766
191378,normal,1611,0,1782360885.0956242,0.0023393630981445312
191379,normal,2882,0,1782360885.097058,0.0014338493347167969
191380,normal,3567,0,1782360885.0989404,0.001882314682006836
191381,normal,692,0,1782360885.101125,0.002184629440307617
191382,normal,240,0,1782360885.102966,0.0018410682678222656
191383,normal,2202,0,1782360885.105311,0.002344846725463867
191384,normal,2412,0,1782360885.1071186,0.0018076896667480469
191385,normal,3316,1,1782360885.1090713,0.0019526481628417969
191386,normal,1122,0,1782360885.1110702,0.0019989013671875
191387,normal,2744,0,1782360885.1131864,0.0021162033081054688
191388,normal,1049,0,1782360885.1152148,0.0020284652709960938
191389,normal,3554,0,1782360885.1169517,0.0017368793487548828
191390,normal,2105,0,1782360885.1191428,0.0021910667419433594
191391,normal,1328,1,1782360885.1209729,0.0018301010131835938
191392,normal,237,0,1782360885.1231434,0.002170562744140625
191393,normal,3552,0,1782360885.125019,0.0018756389617919922
191394,normal,1956,0,1782360885.1269648,0.0019457340240478516
191395,normal,798,2,1782360885.129156,0.002191305160522461
191396,normal,3530,0,1782360885.1310916,0.0019354820251464844
191397,normal,3323,1,1782360885.1330338,0.0019421577453613281
191398,normal,1593,0,1782360885.134999,0.0019652843475341797
191399,normal,277,0,1782360885.1370115,0.002012491226196289
191400,normal,504,0,1782360885.138972,0.0019605159759521484
191401,normal,743,0,1782360885.1411514,0.002179384231567383
191402,normal,1644,0,1782360885.143015,0.0018634796142578125
191403,normal,935,2,1782360885.144957,0.0019421577453613281
191404,normal,803,2,1782360885.1471746,0.002217531204223633
191405,normal,2068,0,1782360885.149097,0.0019223690032958984
191406,normal,579,0,1782360885.151179,0.0020821094512939453
191407,normal,1240,0,1782360885.1529775,0.001798391342163086
191408,normal,2247,0,1782360885.155162,0.002184629440307617
191409,normal,974,2,1782360885.157049,0.0018868446350097656
191410,normal,1398,0,1782360885.158962,0.0019130706787109375
191411,normal,2191,0,1782360885.1611197,0.0021576881408691406
191412,normal,415,0,1782360885.162943,0.0018231868743896484
191413,normal,3510,0,1782360885.165122,0.0021791458129882812
191414,normal,1527,0,1782360885.1671512,0.0020291805267333984
191415,normal,1306,0,1782360885.1690369,0.0018856525421142578
191416,normal,2776,0,1782360885.1710358,0.0019989013671875
191417,normal,1115,0,1782360885.1732488,0.002213001251220703
191418,normal,1672,0,1782360885.1751142,0.001865386962890625
191419,normal,374,0,1782360885.1771843,0.002070188522338867
191420,normal,1560,0,1782360885.1791816,0.001997232437133789
191421,normal,151,0,1782360885.181156,0.001974344253540039
191422,normal,225,0,1782360885.1831243,0.0019683837890625
191423,normal,3381,1,1782360885.185009,0.0018846988677978516
191424,normal,1895,0,1782360885.1869435,0.0019345283508300781
191425,normal,1079,0,1782360885.189123,0.002179384231567383
191426,normal,2798,0,1782360885.1910233,0.0019004344940185547
191427,normal,420,0,1782360885.192955,0.0019316673278808594
191428,normal,1926,0,1782360885.1951125,0.002157449722290039
191429,normal,1450,0,1782360885.1969693,0.0018568038940429688
191430,normal,2654,0,1782360885.1989343,0.001965045928955078
191431,normal,63,0,1782360885.2011762,0.002241849899291992
191432,normal,841,2,1782360885.2035375,0.002361297607421875
191433,normal,2430,0,1782360885.2050738,0.0015363693237304688
191434,normal,1835,0,1782360885.2069545,0.001880645751953125
191435,normal,3298,1,1782360885.2091193,0.0021648406982421875
191436,normal,3146,1,1782360885.2125344,0.0034151077270507812
191437,normal,2521,0,1782360885.2129781,0.0004436969757080078
191438,normal,1078,0,1782360885.2152338,0.002255678176879883
191439,normal,1564,0,1782360885.2170222,0.0017883777618408203
191440,normal,2671,0,1782360885.2192235,0.0022013187408447266
191441,normal,1028,2,1782360885.221192,0.0019683837890625
191442,normal,478,0,1782360885.2230911,0.0018992424011230469
191443,normal,3638,0,1782360885.2251966,0.0021054744720458984
191444,normal,3635,0,1782360885.227198,0.0020012855529785156
191445,normal,445,0,1782360885.2290905,0.0018925666809082031
191446,normal,1664,0,1782360885.2313163,0.0022258758544921875
191447,normal,266,0,1782360885.233817,0.002500772476196289
191448,normal,1828,0,1782360885.235232,0.0014150142669677734
191449,normal,1904,0,1782360885.2373688,0.002136707305908203
191450,normal,509,0,1782360885.2393134,0.0019445419311523438
191451,normal,3272,1,1782360885.2412264,0.0019130706787109375
191452,normal,2608,0,1782360885.2434065,0.0021800994873046875
191453,normal,558,0,1782360885.245051,0.0016443729400634766
191454,normal,3536,0,1782360885.2470653,0.0020143985748291016
191455,normal,1264,0,1782360885.2491708,0.0021054744720458984
191456,normal,2618,0,1782360885.2512534,0.0020825862884521484
191457,normal,1157,0,1782360885.2531307,0.0018773078918457031
191458,normal,134,0,1782360885.255137,0.0020062923431396484
191459,normal,3575,0,1782360885.2572558,0.002118825912475586
191460,normal,1548,0,1782360885.2590888,0.0018329620361328125
191461,normal,2563,0,1782360885.261369,0.0022802352905273438
191462,normal,82,0,1782360885.2632062,0.0018372535705566406
191463,normal,184,0,1782360885.2650728,0.0018665790557861328
191464,normal,2857,0,1782360885.2671888,0.002115964889526367
191465,normal,76,0,1782360885.2692003,0.002011537551879883
191466,normal,3266,1,1782360885.2710996,0.0018992424011230469
191467,normal,159,0,1782360885.2731872,0.0020875930786132812
191468,normal,3174,1,1782360885.2751899,0.002002716064453125
191469,normal,1533,0,1782360885.2770958,0.0019059181213378906
191470,normal,2954,0,1782360885.2792008,0.0021049976348876953
191471,normal,16,0,1782360885.2812607,0.0020599365234375
191472,normal,2540,0,1782360885.2829816,0.0017209053039550781
191473,normal,1697,0,1782360885.2851815,0.002199888229370117
191474,normal,2377,0,1782360885.2871838,0.002002239227294922
191475,normal,2963,0,1782360885.2890775,0.001893758773803711
191476,normal,3128,1,1782360885.2911813,0.0021038055419921875
191477,normal,464,0,1782360885.2932045,0.0020232200622558594
191478,normal,307,0,1782360885.2951343,0.0019297599792480469
191479,normal,2593,0,1782360885.297135,0.0020008087158203125
191480,normal,2103,0,1782360885.299185,0.0020499229431152344
191481,normal,1992,0,1782360885.301118,0.0019328594207763672
191482,normal,2910,0,1782360885.303051,0.0019330978393554688
191483,normal,2231,0,1782360885.305098,0.0020470619201660156
191484,normal,763,0,1782360885.307046,0.0019478797912597656
191485,normal,373,0,1782360885.3090715,0.002025604248046875
191486,normal,3103,1,1782360885.311092,0.0020203590393066406
191487,normal,1916,0,1782360885.3129904,0.0018985271453857422
191488,normal,2848,0,1782360885.3151221,0.0021317005157470703
191489,normal,2887,0,1782360885.3170662,0.0019440650939941406
191490,normal,56,0,1782360885.319075,0.0020089149475097656
191491,normal,2169,0,1782360885.3211443,0.002069234848022461
191492,normal,176,0,1782360885.3230503,0.0019059181213378906
191493,normal,2392,0,1782360885.3251638,0.0021135807037353516
191494,normal,1731,0,1782360885.3269966,0.001832723617553711
191495,normal,2493,0,1782360885.3291607,0.002164125442504883
191496,normal,2770,0,1782360885.3310394,0.0018787384033203125
191497,normal,914,2,1782360885.3330526,0.0020132064819335938
191498,normal,2445,0,1782360885.3350453,0.0019927024841308594
191499,normal,3329,1,1782360885.3370423,0.0019969940185546875
191500,normal,2372,0,1782360885.3390415,0.0019991397857666016
191501,normal,1070,0,1782360885.3411393,0.0020978450775146484
191502,normal,3037,0,1782360885.342917,0.00177764892578125
191503,normal,3695,0,1782360885.3450315,0.002114534378051758
191504,normal,3559,0,1782360885.3470385,0.002007007598876953
191505,normal,3239,1,1782360885.34918,0.0021414756774902344
191506,normal,2993,0,1782360885.3516917,0.002511739730834961
191507,normal,696,0,1782360885.353244,0.0015523433685302734
191508,normal,1006,2,1782360885.3549757,0.0017316341400146484
191509,normal,2835,0,1782360885.3572173,0.0022416114807128906
191510,normal,1321,1,1782360885.3591967,0.001979351043701172
191511,normal,883,2,1782360885.3610878,0.0018911361694335938
191512,normal,1774,0,1782360885.3632245,0.002136707305908203
191513,normal,1474,0,1782360885.3654835,0.0022590160369873047
191514,normal,2899,0,1782360885.3669693,0.0014858245849609375
191515,normal,359,0,1782360885.369065,0.0020956993103027344
191516,normal,960,2,1782360885.3711827,0.002117633819580078
191517,normal,2733,0,1782360885.3730807,0.001898050308227539
191518,normal,827,2,1782360885.3751965,0.0021157264709472656
191519,normal,562,0,1782360885.3772259,0.0020294189453125
191520,normal,3184,1,1782360885.3791232,0.0018973350524902344
191521,normal,2760,0,1782360885.3812,0.002076864242553711
191522,normal,2829,0,1782360885.383247,0.002046823501586914
191523,normal,532,0,1782360885.3863983,0.003151416778564453
191524,normal,2641,0,1782360885.3873277,0.0009293556213378906
191525,normal,386,0,1782360885.3893225,0.0019948482513427734
191526,normal,2178,0,1782360885.391127,0.0018045902252197266
191527,normal,3147,1,1782360885.3933418,0.002214670181274414
191528,normal,2110,0,1782360885.3952289,0.0018870830535888672
191529,normal,2018,0,1782360885.3971298,0.0019009113311767578
191530,normal,319,0,1782360885.399145,0.0020151138305664062
191531,normal,918,2,1782360885.4010015,0.0018565654754638672
191532,normal,678,0,1782360885.4030626,0.002061128616333008
191533,normal,173,0,1782360885.4050095,0.0019469261169433594
191534,normal,1487,0,1782360885.407263,0.0022535324096679688
191535,normal,1245,0,1782360885.4091122,0.0018491744995117188
191536,normal,66,0,1782360885.4111383,0.002026081085205078
191537,normal,1448,0,1782360885.4132602,0.0021219253540039062
191538,normal,2876,0,1782360885.4150655,0.0018053054809570312
191539,normal,1613,0,1782360885.4176342,0.0025687217712402344
191540,normal,3234,1,1782360885.419095,0.0014607906341552734
191541,normal,608,0,1782360885.4210696,0.0019745826721191406
191542,normal,2383,0,1782360885.4231496,0.0020799636840820312
191543,normal,3365,1,1782360885.425008,0.0018584728240966797
191544,normal,1925,0,1782360885.4271684,0.002160310745239258
191545,normal,2708,0,1782360885.429097,0.001928567886352539
191546,normal,267,0,1782360885.4312131,0.0021162033081054688
191547,normal,2166,0,1782360885.4330704,0.0018572807312011719
191548,normal,3452,0,1782360885.4352067,0.00213623046875
191549,normal,2479,0,1782360885.4372056,0.0019989013671875
191550,normal,326,0,1782360885.4389865,0.0017809867858886719
191551,normal,3338,1,1782360885.4411783,0.002191781997680664
191552,normal,3512,0,1782360885.4431906,0.0020122528076171875
191553,normal,29,0,1782360885.44508,0.0018894672393798828
191554,normal,2765,0,1782360885.4471831,0.002103090286254883
191555,normal,3464,0,1782360885.4491806,0.0019974708557128906
191556,normal,1177,0,1782360885.4511228,0.0019421577453613281
191557,normal,1875,0,1782360885.4531658,0.002043008804321289
191558,normal,622,0,1782360885.4553432,0.0021774768829345703
191559,normal,3357,1,1782360885.4569938,0.0016505718231201172
191560,normal,2759,0,1782360885.4590948,0.0021009445190429688
191561,normal,1426,0,1782360885.4612415,0.0021467208862304688
191562,normal,2030,0,1782360885.4630625,0.0018210411071777344
191563,normal,2314,0,1782360885.4651654,0.0021028518676757812
191564,normal,2112,0,1782360885.4671853,0.0020198822021484375
191565,normal,804,2,1782360885.4690833,0.001898050308227539
191566,normal,2275,0,1782360885.4712183,0.002135038375854492
191567,normal,67,0,1782360885.4732432,0.0020248889923095703
191568,normal,1777,0,1782360885.4750662,0.0018229484558105469
191569,normal,2855,0,1782360885.4772499,0.002183675765991211
191570,normal,3194,1,1782360885.479385,0.002135038375854492
191571,normal,3494,0,1782360885.4811738,0.0017888545989990234
191572,normal,2666,0,1782360885.4833562,0.002182483673095703
191573,normal,2040,0,1782360885.485266,0.0019097328186035156
191574,normal,1832,0,1782360885.487199,0.0019330978393554688
191575,normal,1035,0,1782360885.4890642,0.0018651485443115234
191576,normal,1736,0,1782360885.4911642,0.0020999908447265625
191577,normal,112,0,1782360885.493059,0.0018947124481201172
191578,normal,661,0,1782360885.495258,0.0021991729736328125
191579,normal,1339,1,1782360885.4971595,0.001901388168334961
191580,normal,1294,0,1782360885.4990563,0.0018968582153320312
191581,normal,3062,1,1782360885.5010593,0.0020029544830322266
191582,normal,2958,0,1782360885.5030298,0.001970529556274414
191583,normal,71,0,1782360885.5051801,0.002150297164916992
191584,normal,1348,1,1782360885.5073528,0.002172708511352539
191585,normal,439,0,1782360885.5092866,0.0019338130950927734
191586,normal,2145,0,1782360885.511098,0.0018112659454345703
191587,normal,2965,0,1782360885.5131667,0.002068758010864258
191588,normal,1154,0,1782360885.5151873,0.002020597457885742
191589,normal,3240,1,1782360885.5170836,0.0018963813781738281
191590,normal,1642,0,1782360885.5191636,0.0020799636840820312
191591,normal,1826,0,1782360885.521206,0.0020422935485839844
191592,normal,3619,0,1782360885.523085,0.0018792152404785156
191593,normal,846,2,1782360885.525182,0.002096891403198242
191594,normal,1756,0,1782360885.5271947,0.0020127296447753906
191595,normal,1931,0,1782360885.5290937,0.0018990039825439453
191596,normal,2270,0,1782360885.531201,0.0021071434020996094
191597,normal,685,0,1782360885.5331953,0.0019943714141845703
191598,normal,3167,1,1782360885.5352354,0.0020401477813720703
191599,normal,2365,0,1782360885.537606,0.002370595932006836
191600,normal,1024,2,1782360885.5393512,0.0017452239990234375
191601,normal,3431,0,1782360885.5414226,0.002071380615234375
191602,normal,3385,1,1782360885.5431924,0.0017697811126708984
191603,normal,576,0,1782360885.5454292,0.0022368431091308594
191604,normal,1968,0,1782360885.5474448,0.0020155906677246094
191605,normal,1201,0,1782360885.5490105,0.001565694808959961
191606,normal,2349,0,1782360885.5511806,0.002170085906982422
191607,normal,179,0,1782360885.553028,0.0018475055694580078
191608,normal,2000,0,1782360885.5552359,0.0022077560424804688
191609,normal,2469,0,1782360885.557212,0.0019762516021728516
191610,normal,1752,0,1782360885.5591512,0.0019390583038330078
191611,normal,1862,0,1782360885.5612102,0.0020589828491210938
191612,normal,3016,0,1782360885.5631716,0.0019614696502685547
191613,normal,302,0,1782360885.5649889,0.0018172264099121094
191614,normal,3380,1,1782360885.5673552,0.002366304397583008
191615,normal,2850,0,1782360885.568983,0.0016279220581054688
191616,normal,1762,0,1782360885.5712194,0.0022363662719726562
191617,normal,1484,0,1782360885.5730596,0.0018401145935058594
191618,normal,2141,0,1782360885.5750954,0.002035856246948242
191619,normal,389,0,1782360885.5772035,0.0021080970764160156
191620,normal,1935,0,1782360885.5790832,0.0018796920776367188
191621,normal,913,2,1782360885.5811985,0.0021152496337890625
191622,normal,2,0,1782360885.583116,0.0019176006317138672
191623,normal,1972,0,1782360885.5852346,0.0021185874938964844
191624,normal,3058,1,1782360885.5872324,0.001997709274291992
191625,normal,1381,1,1782360885.5889857,0.0017533302307128906
191626,normal,3402,0,1782360885.5911822,0.0021965503692626953
191627,normal,3185,1,1782360885.5931818,0.0019996166229248047
191628,normal,3453,0,1782360885.5950744,0.0018925666809082031
191629,normal,364,0,1782360885.5970736,0.0019991397857666016
191630,normal,1486,0,1782360885.5991895,0.002115964889526367
191631,normal,1288,0,1782360885.601126,0.0019364356994628906
191632,normal,2797,0,1782360885.6033993,0.0022733211517333984
191633,normal,170,0,1782360885.6050804,0.0016810894012451172
191634,normal,1770,0,1782360885.6071894,0.002109050750732422
191635,normal,2331,0,1782360885.6091003,0.0019109249114990234
191636,normal,3403,0,1782360885.611228,0.0021276473999023438
191637,normal,3660,0,1782360885.6130629,0.001834869384765625
191638,normal,270,0,1782360885.6151628,0.0020999908447265625
191639,normal,1725,0,1782360885.6171649,0.0020020008087158203
191640,normal,2263,0,1782360885.6191185,0.001953601837158203
191641,normal,3483,0,1782360885.6212442,0.0021257400512695312
191642,normal,906,2,1782360885.623253,0.0020089149475097656
191643,normal,303,0,1782360885.625049,0.0017960071563720703
191644,normal,1184,0,1782360885.627369,0.002319812774658203
191645,normal,2391,0,1782360885.6294556,0.002086639404296875
191646,normal,3336,1,1782360885.6310651,0.0016095638275146484
191647,normal,1109,0,1782360885.6333177,0.0022525787353515625
191648,normal,3191,1,1782360885.6353137,0.0019960403442382812
191649,normal,3154,1,1782360885.6371245,0.0018107891082763672
191650,normal,1363,1,1782360885.6391695,0.0020449161529541016
191651,normal,3555,0,1782360885.6411786,0.002009153366088867
191652,normal,3190,1,1782360885.6430607,0.0018820762634277344
191653,normal,3549,0,1782360885.6453235,0.0022628307342529297
191654,normal,2801,0,1782360885.647032,0.0017085075378417969
191655,normal,3087,1,1782360885.6490674,0.002035379409790039
191656,normal,3416,0,1782360885.6511674,0.0020999908447265625
191657,normal,168,0,1782360885.6531591,0.001991748809814453
191658,normal,3218,1,1782360885.6555762,0.0024170875549316406
191659,normal,133,0,1782360885.6573935,0.0018172264099121094
191660,normal,973,2,1782360885.6591964,0.0018029212951660156
191661,normal,2584,0,1782360885.6610773,0.0018808841705322266
191662,normal,2422,0,1782360885.6631606,0.002083301544189453
191663,normal,3474,0,1782360885.6651735,0.002012968063354492
191664,normal,1318,0,1782360885.667082,0.0019085407257080078
191665,normal,2200,0,1782360885.6692505,0.002168416976928711
191666,normal,3035,0,1782360885.6711588,0.0019083023071289062
191667,normal,1793,0,1782360885.6731384,0.0019795894622802734
191668,normal,2939,0,1782360885.6751795,0.0020411014556884766
191669,normal,3429,0,1782360885.6771889,0.0020093917846679688
191670,normal,324,0,1782360885.6790917,0.0019028186798095703
191671,normal,1226,0,1782360885.681196,0.0021042823791503906
191672,normal,2553,0,1782360885.6834266,0.0022306442260742188
191673,normal,3689,0,1782360885.685317,0.001890420913696289
191674,normal,467,0,1782360885.687968,0.0026509761810302734
191675,normal,1103,0,1782360885.689392,0.0014240741729736328
191676,normal,2592,0,1782360885.6913955,0.0020034313201904297
191677,normal,1352,1,1782360885.6930656,0.0016701221466064453
191678,normal,950,2,1782360885.6951904,0.002124786376953125
191679,normal,572,0,1782360885.6971943,0.002003908157348633
191680,normal,2698,0,1782360885.6989791,0.0017848014831542969
191681,normal,3291,1,1782360885.7010913,0.002112150192260742
191682,normal,45,0,1782360885.7029073,0.0018160343170166016
191683,normal,25,0,1782360885.7050192,0.0021119117736816406
191684,normal,3548,0,1782360885.707037,0.0020177364349365234
191685,normal,2778,0,1782360885.708992,0.0019550323486328125
191686,normal,2266,0,1782360885.7109776,0.0019855499267578125
191687,normal,2041,0,1782360885.7130678,0.0020902156829833984
191688,normal,3642,0,1782360885.714978,0.0019102096557617188
191689,normal,3361,1,1782360885.717514,0.0025360584259033203
191690,normal,1989,0,1782360885.7191708,0.0016567707061767578
191691,normal,2450,0,1782360885.7210417,0.001870870590209961
191692,normal,30,0,1782360885.7230914,0.002049684524536133
191693,normal,3706,0,1782360885.7250874,0.0019960403442382812
191694,normal,555,0,1782360885.727038,0.0019505023956298828
191695,normal,1541,0,1782360885.7290828,0.0020449161529541016
191696,normal,2339,0,1782360885.731079,0.001996278762817383
191697,normal,3137,1,1782360885.733081,0.0020020008087158203
191698,normal,1081,0,1782360885.7350917,0.0020105838775634766
191699,normal,1899,0,1782360885.73715,0.002058267593383789
191700,normal,1551,0,1782360885.7389317,0.0017817020416259766
191701,normal,989,2,1782360885.7412095,0.002277851104736328
191702,normal,254,0,1782360885.743183,0.001973390579223633
191703,normal,3175,1,1782360885.7450795,0.0018966197967529297
191704,normal,1218,0,1782360885.7471821,0.0021026134490966797
191705,normal,2774,0,1782360885.7491913,0.002009153366088867
191706,normal,1626,0,1782360885.7511208,0.0019295215606689453
191707,normal,2486,0,1782360885.7532392,0.002118349075317383
191708,normal,1326,1,1782360885.7552726,0.0020334720611572266
191709,normal,2663,0,1782360885.7570586,0.0017859935760498047
191710,normal,3392,1,1782360885.7592022,0.0021436214447021484
191711,normal,3288,1,1782360885.7611983,0.0019960403442382812
191712,normal,1922,0,1782360885.7631195,0.0019211769104003906
191713,normal,2872,0,1782360885.7651665,0.0020470619201660156
191714,normal,834,2,1782360885.7671716,0.0020051002502441406
191715,normal,160,0,1782360885.7690814,0.0019097328186035156
191716,normal,3441,0,1782360885.771174,0.002092599868774414
191717,normal,2777,0,1782360885.773272,0.00209808349609375
191718,normal,1691,0,1782360885.775173,0.0019009113311767578
191719,normal,2022,0,1782360885.777194,0.0020210742950439453
191720,normal,2071,0,1782360885.7792995,0.0021054744720458984
191721,normal,1788,0,1782360885.7813082,0.002008676528930664
191722,normal,299,0,1782360885.783133,0.0018248558044433594
191723,normal,5,0,1782360885.7853148,0.0021817684173583984
191724,normal,1286,0,1782360885.787133,0.0018181800842285156
191725,normal,1579,0,1782360885.7891526,0.002019643783569336
191726,normal,2295,0,1782360885.7910233,0.0018706321716308594
191727,normal,876,2,1782360885.7931626,0.0021393299102783203
191728,normal,329,0,1782360885.7950606,0.001898050308227539
191729,normal,2410,0,1782360885.797369,0.002308368682861328
191730,normal,856,2,1782360885.798974,0.0016050338745117188
191731,normal,3594,0,1782360885.8011553,0.0021812915802001953
191732,normal,1596,0,1782360885.8031542,0.0019989013671875
191733,normal,3498,0,1782360885.8050559,0.0019016265869140625
191734,normal,2236,0,1782360885.8072062,0.002150297164916992
191735,normal,2455,0,1782360885.8097746,0.002568483352661133
191736,normal,3573,0,1782360885.8111515,0.0013768672943115234
191737,normal,12,0,1782360885.8130708,0.0019192695617675781
191738,normal,3533,0,1782360885.8151734,0.0021026134490966797
191739,normal,1975,0,1782360885.8170862,0.001912832260131836
191740,normal,1280,0,1782360885.81919,0.0021038055419921875
191741,normal,1135,0,1782360885.8213377,0.002147674560546875
191742,normal,3149,1,1782360885.823082,0.0017442703247070312
191743,normal,3709,0,1782360885.8251598,0.002077817916870117
191744,normal,193,0,1782360885.8271735,0.002013683319091797
191745,normal,1189,0,1782360885.8290873,0.0019137859344482422
191746,normal,2846,0,1782360885.8312054,0.0021181106567382812
191747,normal,1322,1,1782360885.8332174,0.002012014389038086
191748,normal,162,0,1782360885.8351305,0.0019130706787109375
191749,normal,2523,0,1782360885.8371015,0.001971006393432617
191750,normal,2942,0,1782360885.8391838,0.002082347869873047
191751,normal,752,0,1782360885.8413188,0.002135038375854492
191752,normal,1292,0,1782360885.8437963,0.002477407455444336
191753,normal,761,0,1782360885.8451226,0.0013263225555419922
191754,normal,3186,1,1782360885.8473039,0.0021812915802001953
191755,normal,1740,0,1782360885.8493617,0.002057790756225586
191756,normal,3269,1,1782360885.8512876,0.0019259452819824219
191757,normal,1942,0,1782360885.8531997,0.0019121170043945312
191758,normal,615,0,1782360885.8553276,0.0021278858184814453
191759,normal,1514,0,1782360885.8570683,0.0017406940460205078
191760,normal,362,0,1782360885.8590553,0.001986980438232422
191761,normal,232,0,1782360885.861083,0.002027750015258789
191762,normal,3308,1,1782360885.8633547,0.0022716522216796875
191763,normal,3399,1,1782360885.8650155,0.0016608238220214844
191764,normal,1148,0,1782360885.8671374,0.0021219253540039062
191765,normal,1378,1,1782360885.869268,0.0021305084228515625
191766,normal,480,0,1782360885.8710692,0.0018012523651123047
191767,normal,1031,0,1782360885.8733752,0.0023059844970703125
191768,normal,2288,0,1782360885.8749945,0.0016193389892578125
191769,normal,2453,0,1782360885.8771787,0.002184152603149414
191770,normal,3064,1,1782360885.8790805,0.001901865005493164
191771,normal,2404,0,1782360885.8811874,0.002106904983520508
191772,normal,2474,0,1782360885.8830712,0.0018837451934814453
191773,normal,672,0,1782360885.8851805,0.0021092891693115234
191774,normal,147,0,1782360885.8871968,0.002016305923461914
191775,normal,1854,0,1782360885.8890998,0.0019030570983886719
191776,normal,3501,0,1782360885.8912466,0.0021467208862304688
191777,normal,1864,0,1782360885.8930755,0.001828908920288086
191778,normal,1116,0,1782360885.8950868,0.0020112991333007812
191779,normal,85,0,1782360885.897085,0.0019981861114501953
191780,normal,740,0,1782360885.899185,0.0020999908447265625
191781,normal,1341,1,1782360885.9010763,0.0018913745880126953
191782,normal,2397,0,1782360885.903186,0.0021097660064697266
191783,normal,1605,0,1782360885.905202,0.002015829086303711
191784,normal,3472,0,1782360885.907128,0.0019261837005615234
191785,normal,1162,0,1782360885.9094105,0.002282381057739258
191786,normal,2762,0,1782360885.911107,0.0016965866088867188
191787,normal,2907,0,1782360885.9130793,0.001972198486328125
191788,normal,1250,0,1782360885.9152508,0.0021715164184570312
191789,normal,1910,0,1782360885.9171803,0.0019295215606689453
191790,normal,68,0,1782360885.919062,0.0018815994262695312
191791,normal,2135,0,1782360885.9211354,0.002073526382446289
191792,normal,304,0,1782360885.923165,0.0020296573638916016
191793,normal,2604,0,1782360885.925167,0.0020020008087158203
191794,normal,3197,1,1782360885.9271483,0.0019812583923339844
191795,normal,300,0,1782360885.9292524,0.002104043960571289
191796,normal,2957,0,1782360885.9311051,0.0018527507781982422
191797,normal,2918,0,1782360885.9332423,0.0021371841430664062
191798,normal,2933,0,1782360885.9353554,0.0021131038665771484
191799,normal,2940,0,1782360885.9370847,0.0017292499542236328
191800,normal,3231,1,1782360885.939353,0.0022683143615722656
191801,normal,3112,1,1782360885.9412947,0.001941680908203125
191802,normal,1660,0,1782360885.94306,0.0017652511596679688
191803,normal,281,0,1782360885.9451568,0.002096891403198242
191804,normal,78,0,1782360885.9471562,0.001999378204345703
191805,normal,41,0,1782360885.949056,0.00189971923828125
191806,normal,1708,0,1782360885.9511807,0.002124786376953125
191807,normal,3088,1,1782360885.9531555,0.001974821090698242
191808,normal,26,0,1782360885.955057,0.001901388168334961
191809,normal,2636,0,1782360885.9570577,0.0020008087158203125
191810,normal,3427,0,1782360885.9591668,0.002109050750732422
191811,normal,2446,0,1782360885.9615664,0.0023996829986572266
191812,normal,1021,2,1782360885.9630544,0.0014879703521728516
191813,normal,1900,0,1782360885.9652398,0.002185344696044922
191814,normal,332,0,1782360885.96698,0.0017402172088623047
191815,normal,1625,0,1782360885.969169,0.0021889209747314453
191816,normal,1026,2,1782360885.9711978,0.002028942108154297
191817,normal,51,0,1782360885.973098,0.0019001960754394531
191818,normal,61,0,1782360885.9752722,0.0021741390228271484
191819,normal,2972,0,1782360885.9770768,0.0018045902252197266
191820,normal,2184,0,1782360885.9790702,0.001993417739868164
191821,normal,596,0,1782360885.9810784,0.002008199691772461
191822,normal,1106,0,1782360885.9831915,0.0021131038665771484
191823,normal,1241,0,1782360885.9851003,0.0019087791442871094
191824,normal,271,0,1782360885.988193,0.0030927658081054688
191825,normal,376,0,1782360885.9890983,0.0009052753448486328
191826,normal,1506,0,1782360885.9911337,0.002035379409790039
191827,normal,1952,0,1782360885.9937656,0.0026319026947021484
191828,normal,2282,0,1782360885.9953306,0.0015649795532226562
191829,normal,2491,0,1782360885.9972413,0.0019106864929199219
191830,normal,1971,0,1782360885.999295,0.0020537376403808594
191831,normal,1401,0,1782360886.0013123,0.0020172595977783203
191832,normal,3140,1,1782360886.0035744,0.002262115478515625
191833,normal,434,0,1782360886.0050166,0.0014421939849853516
191834,normal,2467,0,1782360886.0071626,0.002146005630493164
191835,normal,2936,0,1782360886.0090601,0.001897573471069336
191836,normal,617,0,1782360886.0110784,0.0020182132720947266
191837,normal,3115,1,1782360886.0132167,0.002138376235961914
191838,normal,535,0,1782360886.0151007,0.0018839836120605469
191839,normal,157,0,1782360886.0171428,0.002042055130004883
191840,normal,3162,1,1782360886.019272,0.0021293163299560547
191841,normal,2631,0,1782360886.0210822,0.0018100738525390625
191842,normal,1561,0,1782360886.0232983,0.0022161006927490234
191843,normal,1830,0,1782360886.0249782,0.0016798973083496094
191844,normal,1842,0,1782360886.027183,0.00220489501953125
191845,normal,1034,0,1782360886.029081,0.001898050308227539
191846,normal,158,0,1782360886.0311964,0.0021152496337890625
191847,normal,755,0,1782360886.0330765,0.0018801689147949219
191848,normal,930,2,1782360886.035104,0.0020275115966796875
191849,normal,1836,0,1782360886.0371974,0.0020933151245117188
191850,normal,920,2,1782360886.0391033,0.0019059181213378906
191851,normal,1307,0,1782360886.0412478,0.0021445751190185547
191852,normal,1146,0,1782360886.043071,0.0018231868743896484
191853,normal,951,2,1782360886.0450654,0.0019943714141845703
191854,normal,450,0,1782360886.0470786,0.0020132064819335938
191855,normal,871,2,1782360886.0491753,0.0020966529846191406
191856,normal,611,0,1782360886.0510914,0.0019161701202392578
191857,normal,641,0,1782360886.0531878,0.002096414566040039
191858,normal,1478,0,1782360886.0551975,0.0020096302032470703
191859,normal,430,0,1782360886.057138,0.0019404888153076172
191860,normal,3033,0,1782360886.059416,0.0022780895233154297
191861,normal,2013,0,1782360886.0611067,0.0016906261444091797
191862,normal,2239,0,1782360886.0630884,0.0019817352294921875
191863,normal,639,0,1782360886.0652716,0.002183198928833008
191864,normal,305,0,1782360886.0671902,0.0019185543060302734
191865,normal,1110,0,1782360886.0690615,0.001871347427368164
191866,normal,3072,1,1782360886.0711699,0.002108335494995117
191867,normal,512,0,1782360886.0731633,0.001993417739868164
191868,normal,187,0,1782360886.0751708,0.0020074844360351562
191869,normal,1764,0,1782360886.0771465,0.0019757747650146484
191870,normal,1802,0,1782360886.079252,0.0021054744720458984
191871,normal,3422,0,1782360886.0811095,0.0018575191497802734
191872,normal,2394,0,1782360886.0832496,0.002140045166015625
191873,normal,453,0,1782360886.0853438,0.002094268798828125
191874,normal,816,2,1782360886.0870845,0.0017406940460205078
191875,normal,603,0,1782360886.0892417,0.0021572113037109375
191876,normal,3520,0,1782360886.0913546,0.002112865447998047
191877,normal,250,0,1782360886.0929744,0.0016198158264160156
191878,normal,1454,0,1782360886.0951588,0.0021843910217285156
191879,normal,3028,0,1782360886.097161,0.002002239227294922
191880,normal,897,2,1782360886.0990634,0.0019023418426513672
191881,normal,3018,0,1782360886.101357,0.0022935867309570312
191882,normal,1695,0,1782360886.1029992,0.0016422271728515625
191883,normal,3348,1,1782360886.1050618,0.002062559127807617
191884,normal,1449,0,1782360886.1071558,0.0020940303802490234
191885,normal,2400,0,1782360886.1091352,0.001979351043701172
191886,normal,3462,0,1782360886.111879,0.002743959426879883
191887,normal,1902,0,1782360886.1133761,0.001497030258178711
191888,normal,1161,0,1782360886.11512,0.0017437934875488281
191889,normal,1834,0,1782360886.1170669,0.0019469261169433594
191890,normal,1603,0,1782360886.1191695,0.0021026134490966797
191891,normal,3235,1,1782360886.121178,0.0020084381103515625
191892,normal,3585,0,1782360886.1231258,0.0019478797912597656
191893,normal,2221,0,1782360886.1252859,0.0021600723266601562
191894,normal,37,0,1782360886.1271331,0.0018472671508789062
191895,normal,3405,0,1782360886.1291597,0.0020265579223632812
191896,normal,1491,0,1782360886.1311693,0.0020096302032470703
191897,normal,2051,0,1782360886.1331804,0.0020110607147216797
191898,normal,3256,1,1782360886.1350973,0.0019168853759765625
191899,normal,567,0,1782360886.1370997,0.0020024776458740234
191900,normal,730,0,1782360886.1396239,0.002524137496948242
191901,normal,3459,0,1782360886.141422,0.0017981529235839844
191902,normal,2485,0,1782360886.1438503,0.002428293228149414
191903,normal,2333,0,1782360886.1453898,0.001539468765258789
191904,normal,2114,0,1782360886.1473,0.0019102096557617188
191905,normal,2235,0,1782360886.149221,0.001920938491821289
191906,normal,520,0,1782360886.1516547,0.00243377685546875
191907,normal,2834,0,1782360886.153199,0.0015442371368408203
191908,normal,594,0,1782360886.1550674,0.0018684864044189453
191909,normal,1768,0,1782360886.157168,0.0021004676818847656
191910,normal,1528,0,1782360886.1590722,0.0019042491912841797
191911,normal,121,0,1782360886.1612995,0.002227306365966797
191912,normal,3377,1,1782360886.1630874,0.0017879009246826172
191913,normal,2554,0,1782360886.1651397,0.00205230712890625
191914,normal,2279,0,1782360886.1672502,0.0021104812622070312
191915,normal,2985,0,1782360886.1692762,0.002026081085205078
191916,normal,507,0,1782360886.1714787,0.0022025108337402344
191917,normal,1499,0,1782360886.1731486,0.0016698837280273438
191918,normal,1128,0,1782360886.1750104,0.0018618106842041016
191919,normal,2545,0,1782360886.1771884,0.0021779537200927734
191920,normal,3213,1,1782360886.1790864,0.001898050308227539
191921,normal,2375,0,1782360886.181194,0.0021076202392578125
191922,normal,3040,0,1782360886.1830864,0.0018923282623291016
191923,normal,1517,0,1782360886.1852083,0.0021219253540039062
191924,normal,3321,1,1782360886.187191,0.0019826889038085938
191925,normal,2483,0,1782360886.1891444,0.0019533634185791016
191926,normal,6,0,1782360886.1911345,0.001990079879760742
191927,normal,3679,0,1782360886.1931822,0.0020477771759033203
191928,normal,652,0,1782360886.1950765,0.001894235610961914
191929,normal,1823,0,1782360886.1970782,0.0020017623901367188
191930,normal,3384,1,1782360886.1991858,0.0021076202392578125
191931,normal,2148,0,1782360886.2010791,0.0018932819366455078
191932,normal,851,2,1782360886.2032156,0.0021364688873291016
191933,normal,3223,1,1782360886.2052522,0.002036571502685547
191934,normal,2494,0,1782360886.2070718,0.001819610595703125
191935,normal,3273,1,1782360886.2092738,0.0022020339965820312
191936,normal,2856,0,1782360886.2110882,0.0018143653869628906
191937,normal,2297,0,1782360886.2130969,0.002008676528930664
191938,normal,1595,0,1782360886.2152164,0.0021195411682128906
191939,normal,924,2,1782360886.217207,0.0019905567169189453
191940,normal,2351,0,1782360886.2190742,0.0018672943115234375
191941,normal,436,0,1782360886.2210839,0.0020096302032470703
191942,normal,1710,0,1782360886.2231832,0.002099275588989258
191943,normal,215,0,1782360886.225394,0.002210855484008789
191944,normal,2558,0,1782360886.2270553,0.0016613006591796875
191945,normal,2121,0,1782360886.2292767,0.002221345901489258
191946,normal,1509,0,1782360886.2311442,0.001867532730102539
191947,normal,3486,0,1782360886.2333097,0.002165555953979492
191948,normal,812,2,1782360886.235201,0.0018911361694335938
191949,normal,3121,1,1782360886.2371526,0.0019516944885253906
191950,normal,210,0,1782360886.2393668,0.002214193344116211
191951,normal,278,0,1782360886.241169,0.001802206039428711
191952,normal,296,0,1782360886.2430613,0.0018923282623291016
191953,normal,2500,0,1782360886.2451618,0.0021004676818847656
191954,normal,690,0,1782360886.2471552,0.001993417739868164
191955,normal,3581,0,1782360886.24906,0.0019047260284423828
191956,normal,1715,0,1782360886.2513916,0.0023317337036132812
191957,normal,290,0,1782360886.2529829,0.0015912055969238281
191958,normal,1342,1,1782360886.2551534,0.002170562744140625
191959,normal,2934,0,1782360886.2570555,0.0019021034240722656
191960,normal,2321,0,1782360886.2591667,0.002111196517944336
191961,normal,1419,0,1782360886.262018,0.002851247787475586
191962,normal,1692,0,1782360886.2633095,0.001291513442993164
191963,normal,2992,0,1782360886.2651207,0.0018112659454345703
191964,normal,64,0,1782360886.267066,0.0019452571868896484
191965,normal,3502,0,1782360886.2691753,0.0021092891693115234
191966,normal,2565,0,1782360886.271215,0.002039670944213867
191967,normal,2444,0,1782360886.273125,0.0019099712371826172
191968,normal,1379,1,1782360886.2753937,0.0022687911987304688
191969,normal,889,2,1782360886.2770882,0.0016944408416748047
191970,normal,2156,0,1782360886.27907,0.0019817352294921875
191971,normal,3397,1,1782360886.2810714,0.002001523971557617
191972,normal,587,0,1782360886.283195,0.002123594284057617
191973,normal,2549,0,1782360886.285107,0.0019118785858154297
191974,normal,3049,1,1782360886.287232,0.0021250247955322266
191975,normal,3270,1,1782360886.2892234,0.0019915103912353516
191976,normal,1036,0,1782360886.2910917,0.0018682479858398438
191977,normal,2036,0,1782360886.2932312,0.002139568328857422
191978,normal,313,0,1782360886.296,0.0027687549591064453
191979,normal,1179,0,1782360886.297465,0.0014650821685791016
191980,normal,2646,0,1782360886.2989855,0.001520395278930664
191981,normal,1041,0,1782360886.3016002,0.002614736557006836
191982,normal,830,2,1782360886.3031783,0.0015780925750732422
191983,normal,1821,0,1782360886.3053498,0.0021715164184570312
191984,normal,1928,0,1782360886.307563,0.0022132396697998047
191985,normal,2890,0,1782360886.309026,0.0014629364013671875
191986,normal,1048,0,1782360886.3111231,0.0020971298217773438
191987,normal,379,0,1782360886.3129525,0.001829385757446289
191988,normal,2626,0,1782360886.3152764,0.0023238658905029297
191989,normal,524,0,1782360886.3170247,0.0017483234405517578
191990,normal,2322,0,1782360886.3190517,0.0020270347595214844
191991,normal,2755,0,1782360886.3210464,0.001994609832763672
191992,normal,367,0,1782360886.3232627,0.002216339111328125
191993,normal,1011,2,1782360886.3255432,0.0022804737091064453
191994,normal,3631,0,1782360886.3270767,0.00153350830078125
191995,normal,505,0,1782360886.3291342,0.0020575523376464844
191996,normal,1755,0,1782360886.3309972,0.0018630027770996094
191997,normal,3621,0,1782360886.3329754,0.001978158950805664
191998,normal,21,0,1782360886.3351533,0.0021779537200927734
191999,normal,1914,0,1782360886.3369882,0.001834869384765625
192000,normal,1435,0,1782360886.3389819,0.0019936561584472656
192001,normal,2674,0,1782360886.3411543,0.0021724700927734375
192002,normal,2924,0,1782360917.686331,0.0
192003,normal,2163,0,1782360917.6883364,0.002005338668823242
192004,normal,1270,0,1782360917.6904037,0.0020673274993896484
192005,normal,1817,0,1782360917.6923056,0.001901865005493164
192006,normal,2888,0,1782360917.6943207,0.0020151138305664062
192007,normal,3173,1,1782360917.6963308,0.0020101070404052734
192008,normal,1870,0,1782360917.6983635,0.002032756805419922
192009,normal,3233,1,1782360917.7003481,0.0019845962524414062
192010,normal,719,0,1782360917.7024055,0.002057313919067383
192011,normal,3642,0,1782360917.7044537,0.0020482540130615234
192012,normal,1862,0,1782360917.706845,0.002391338348388672
192013,normal,1315,0,1782360917.7083437,0.0014986991882324219
192014,normal,1779,0,1782360917.710527,0.002183198928833008
192015,normal,2321,0,1782360917.712612,0.002084970474243164
192016,normal,3337,1,1782360917.714511,0.0018990039825439453
192017,normal,3091,1,1782360917.7165637,0.002052783966064453
192018,normal,1496,0,1782360917.7185037,0.001940011978149414
192019,normal,2870,0,1782360917.7204583,0.0019545555114746094
192020,normal,3561,0,1782360917.7226117,0.0021533966064453125
192021,normal,2308,0,1782360917.7247071,0.002095460891723633
192022,normal,3094,1,1782360917.7265568,0.0018496513366699219
192023,normal,3344,1,1782360917.7286353,0.002078533172607422
192024,normal,2803,0,1782360917.7305481,0.001912832260131836
192025,normal,3151,1,1782360917.732418,0.0018699169158935547
192026,normal,3110,1,1782360917.7347164,0.0022983551025390625
192027,normal,1751,0,1782360917.7364507,0.0017342567443847656
192028,normal,3264,1,1782360917.7385426,0.0020918846130371094
192029,normal,1277,0,1782360917.74049,0.0019474029541015625
192030,normal,1776,0,1782360917.7425575,0.00206756591796875
192031,normal,1352,1,1782360917.7444258,0.0018682479858398438
192032,normal,2838,0,1782360917.7466357,0.002209901809692383
192033,normal,1753,0,1782360917.7484877,0.0018520355224609375
192034,normal,2351,0,1782360917.7505567,0.0020689964294433594
192035,normal,1197,0,1782360917.7524207,0.0018639564514160156
192036,normal,630,0,1782360917.7545598,0.0021390914916992188
192037,normal,3584,0,1782360917.7566926,0.002132892608642578
192038,normal,3661,0,1782360917.7585495,0.0018568038940429688
192039,normal,2102,0,1782360917.7607324,0.0021829605102539062
192040,normal,1670,0,1782360917.7623687,0.0016362667083740234
192041,normal,1347,1,1782360917.764573,0.002204418182373047
192042,normal,981,2,1782360917.766371,0.0017979145050048828
192043,normal,1583,0,1782360917.768544,0.0021729469299316406
192044,normal,1657,0,1782360917.7703853,0.0018413066864013672
192045,normal,3285,1,1782360917.772526,0.0021407604217529297
192046,normal,1155,0,1782360917.7744005,0.0018744468688964844
192047,normal,228,0,1782360917.7765393,0.002138853073120117
192048,normal,3112,1,1782360917.7785535,0.00201416015625
192049,normal,1748,0,1782360917.7804186,0.0018651485443115234
192050,normal,1526,0,1782360917.782572,0.0021533966064453125
192051,normal,1133,0,1782360917.7845373,0.0019652843475341797
192052,normal,714,0,1782360917.7864027,0.001865386962890625
192053,normal,3387,1,1782360917.788543,0.0021402835845947266
192054,normal,706,0,1782360917.7905576,0.002014636993408203
192055,normal,941,2,1782360917.7924137,0.001856088638305664
192056,normal,171,0,1782360917.7945695,0.002155780792236328
192057,normal,486,0,1782360917.796529,0.001959562301635742
192058,normal,800,2,1782360917.7984245,0.0018954277038574219
192059,normal,708,0,1782360917.800533,0.0021085739135742188
192060,normal,1702,0,1782360917.8025553,0.002022266387939453
192061,normal,2603,0,1782360917.8043993,0.0018439292907714844
192062,normal,3246,1,1782360917.8065746,0.0021753311157226562
192063,normal,3667,0,1782360917.808522,0.0019474029541015625
192064,normal,455,0,1782360917.8103755,0.0018534660339355469
192065,normal,3461,0,1782360917.8125386,0.0021631717681884766
192066,normal,1430,0,1782360917.8145475,0.0020089149475097656
192067,normal,3630,0,1782360917.8163915,0.0018439292907714844
192068,normal,2213,0,1782360917.8185675,0.002176046371459961
192069,normal,1060,0,1782360917.8205287,0.001961231231689453
192070,normal,2748,0,1782360917.8223865,0.001857757568359375
192071,normal,678,0,1782360917.8245523,0.0021657943725585938
192072,normal,834,2,1782360917.8265483,0.0019960403442382812
192073,normal,904,2,1782360917.828403,0.0018546581268310547
192074,normal,3296,1,1782360917.8305714,0.002168416976928711
192075,normal,1594,0,1782360917.832535,0.0019636154174804688
192076,normal,2026,0,1782360917.834407,0.0018720626831054688
192077,normal,2068,0,1782360917.8365405,0.0021333694458007812
192078,normal,3501,0,1782360917.8385456,0.0020051002502441406
192079,normal,447,0,1782360917.8403978,0.001852273941040039
192080,normal,3399,1,1782360917.842572,0.0021741390228271484
192081,normal,3376,1,1782360917.8445318,0.0019598007202148438
192082,normal,1117,0,1782360917.8463697,0.0018379688262939453
192083,normal,392,0,1782360917.8485487,0.0021789073944091797
192084,normal,1115,0,1782360917.8506103,0.002061605453491211
192085,normal,3626,0,1782360917.852378,0.0017676353454589844
192086,normal,376,0,1782360917.854578,0.0022001266479492188
192087,normal,982,2,1782360917.8564737,0.0018956661224365234
192088,normal,79,0,1782360917.8583736,0.0018999576568603516
192089,normal,3209,1,1782360917.8604138,0.0020401477813720703
192090,normal,1170,0,1782360917.8623857,0.0019719600677490234
192091,normal,2145,0,1782360917.86434,0.001954317092895508
192092,normal,1348,1,1782360917.8663936,0.002053499221801758
192093,normal,1422,0,1782360917.86838,0.0019865036010742188
192094,normal,2672,0,1782360917.8703358,0.001955747604370117
192095,normal,3270,1,1782360917.8724139,0.0020780563354492188
192096,normal,271,0,1782360917.874379,0.001965045928955078
192097,normal,1414,0,1782360917.876356,0.0019769668579101562
192098,normal,1733,0,1782360917.8783624,0.00200653076171875
192099,normal,3635,0,1782360917.8803322,0.0019698143005371094
192100,normal,1150,0,1782360917.8823464,0.00201416015625
192101,normal,1041,0,1782360917.8843896,0.0020432472229003906
192102,normal,2156,0,1782360917.8865066,0.0021169185638427734
192103,normal,2909,0,1782360917.8883393,0.001832723617553711
192104,normal,661,0,1782360917.890414,0.002074718475341797
192105,normal,2685,0,1782360917.892379,0.001965045928955078
192106,normal,1214,0,1782360917.8943772,0.0019981861114501953
192107,normal,2814,0,1782360917.8964398,0.002062559127807617
192108,normal,117,0,1782360917.8983836,0.001943826675415039
192109,normal,1298,0,1782360917.900355,0.0019714832305908203
192110,normal,2713,0,1782360917.9024153,0.0020601749420166016
192111,normal,2288,0,1782360917.9043794,0.001964092254638672
192112,normal,535,0,1782360917.9063663,0.001986980438232422
192113,normal,292,0,1782360917.9084127,0.002046346664428711
192114,normal,261,0,1782360917.910381,0.0019683837890625
192115,normal,2342,0,1782360917.9123652,0.001984119415283203
192116,normal,1860,0,1782360917.9144163,0.002051115036010742
192117,normal,1715,0,1782360917.9163802,0.0019638538360595703
192118,normal,850,2,1782360917.9183502,0.001970052719116211
192119,normal,1586,0,1782360917.9204009,0.002050638198852539
192120,normal,1508,0,1782360917.922378,0.001977205276489258
192121,normal,3676,0,1782360917.924366,0.001987934112548828
192122,normal,19,0,1782360917.926413,0.0020470619201660156
192123,normal,1877,0,1782360917.9283772,0.001964092254638672
192124,normal,1928,0,1782360917.9303648,0.0019876956939697266
192125,normal,2388,0,1782360917.9324117,0.002046823501586914
192126,normal,3371,1,1782360917.9343796,0.001967906951904297
192127,normal,1824,0,1782360917.936364,0.0019843578338623047
192128,normal,1752,0,1782360917.9384117,0.0020477771759033203
192129,normal,1799,0,1782360917.9403841,0.0019724369049072266
192130,normal,2756,0,1782360917.942355,0.0019707679748535156
192131,normal,2580,0,1782360917.9444103,0.0020554065704345703
192132,normal,1976,0,1782360917.9463778,0.0019674301147460938
192133,normal,181,0,1782360917.9483604,0.0019826889038085938
192134,normal,1183,0,1782360917.950412,0.0020515918731689453
192135,normal,1882,0,1782360917.952379,0.0019669532775878906
192136,normal,3565,0,1782360917.954414,0.002034902572631836
192137,normal,2549,0,1782360917.956384,0.001970052719116211
192138,normal,3083,1,1782360917.958378,0.0019941329956054688
192139,normal,2631,0,1782360917.9603457,0.0019676685333251953
192140,normal,552,0,1782360917.9624128,0.002067089080810547
192141,normal,1521,0,1782360917.9643779,0.001965045928955078
192142,normal,3471,0,1782360917.9663396,0.0019617080688476562
192143,normal,2643,0,1782360917.9683342,0.001994609832763672
192144,normal,312,0,1782360917.9704,0.002065896987915039
192145,normal,3596,0,1782360917.9723399,0.0019397735595703125
192146,normal,421,0,1782360917.9744046,0.0020647048950195312
192147,normal,2045,0,1782360917.9763787,0.0019741058349609375
192148,normal,2334,0,1782360917.9783404,0.0019617080688476562
192149,normal,2190,0,1782360917.9803953,0.002054929733276367
192150,normal,2211,0,1782360917.9823878,0.001992464065551758
192151,normal,2897,0,1782360917.9843395,0.0019516944885253906
192152,normal,372,0,1782360917.9864194,0.0020799636840820312
192153,normal,1211,0,1782360917.9883814,0.001961946487426758
192154,normal,359,0,1782360917.9903755,0.0019941329956054688
192155,normal,2690,0,1782360917.992391,0.0020155906677246094
192156,normal,70,0,1782360917.9943864,0.0019953250885009766
192157,normal,1662,0,1782360917.9963403,0.0019538402557373047
192158,normal,509,0,1782360917.9984052,0.002064943313598633
192159,normal,3673,0,1782360918.0003772,0.0019719600677490234
192160,normal,2239,0,1782360918.0023775,0.0020003318786621094
192161,normal,1296,0,1782360918.004399,0.0020215511322021484
192162,normal,497,0,1782360918.0063891,0.001990079879760742
192163,normal,616,0,1782360918.008339,0.0019497871398925781
192164,normal,3388,1,1782360918.010407,0.002068042755126953
192165,normal,3657,0,1782360918.0123856,0.001978635787963867
192166,normal,2372,0,1782360918.0143785,0.001992940902709961
192167,normal,2292,0,1782360918.0163858,0.0020072460174560547
192168,normal,654,0,1782360918.0183964,0.0020105838775634766
192169,normal,1560,0,1782360918.0203397,0.001943349838256836
192170,normal,884,2,1782360918.022403,0.002063274383544922
192171,normal,1477,0,1782360918.0243776,0.0019745826721191406
192172,normal,1734,0,1782360918.0263789,0.0020012855529785156
192173,normal,2937,0,1782360918.0283813,0.0020024776458740234
192174,normal,84,0,1782360918.0303876,0.0020062923431396484
192175,normal,3651,0,1782360918.032339,0.001951456069946289
192176,normal,1226,0,1782360918.0344043,0.0020651817321777344
192177,normal,2844,0,1782360918.0363808,0.001976490020751953
192178,normal,809,2,1782360918.0383599,0.0019791126251220703
192179,normal,2460,0,1782360918.0403805,0.002020597457885742
192180,normal,1368,1,1782360918.0423884,0.0020079612731933594
192181,normal,45,0,1782360918.0443394,0.001950979232788086
192182,normal,1709,0,1782360918.0464034,0.0020639896392822266
192183,normal,3619,0,1782360918.0483785,0.0019750595092773438
192184,normal,2617,0,1782360918.050372,0.001993417739868164
192185,normal,3086,1,1782360918.0523846,0.0020127296447753906
192186,normal,1952,0,1782360918.0543847,0.002000093460083008
192187,normal,1084,0,1782360918.0563412,0.001956462860107422
192188,normal,189,0,1782360918.0583813,0.0020401477813720703
192189,normal,62,0,1782360918.0603917,0.002010345458984375
192190,normal,555,0,1782360918.0623636,0.0019719600677490234
192191,normal,67,0,1782360918.0643926,0.002028942108154297
192192,normal,947,2,1782360918.0663977,0.0020051002502441406
192193,normal,973,2,1782360918.0683415,0.001943826675415039
192194,normal,2477,0,1782360918.0704045,0.0020630359649658203
192195,normal,2458,0,1782360918.0723784,0.001973867416381836
192196,normal,2583,0,1782360918.0743778,0.001999378204345703
192197,normal,360,0,1782360918.0763855,0.002007722854614258
192198,normal,3687,0,1782360918.0783877,0.002002239227294922
192199,normal,1087,0,1782360918.0803394,0.0019516944885253906
192200,normal,1421,0,1782360918.082407,0.00206756591796875
192201,normal,1512,0,1782360918.0843797,0.001972675323486328
192202,normal,452,0,1782360918.0863402,0.0019605159759521484
192203,normal,3689,0,1782360918.0884056,0.002065420150756836
192204,normal,351,0,1782360918.0903766,0.001971006393432617
192205,normal,1851,0,1782360918.0923643,0.0019876956939697266
192206,normal,1043,0,1782360918.0943837,0.0020194053649902344
192207,normal,575,0,1782360918.096396,0.0020122528076171875
192208,normal,2344,0,1782360918.0983393,0.001943349838256836
192209,normal,2600,0,1782360918.1004066,0.0020673274993896484
192210,normal,2244,0,1782360918.1023786,0.0019719600677490234
192211,normal,439,0,1782360918.1043663,0.0019876956939697266
192212,normal,1266,0,1782360918.1063895,0.0020232200622558594
192213,normal,2667,0,1782360918.108385,0.001995563507080078
192214,normal,46,0,1782360918.110341,0.0019559860229492188
192215,normal,301,0,1782360918.112449,0.002107858657836914
192216,normal,641,0,1782360918.114379,0.0019299983978271484
192217,normal,416,0,1782360918.1163545,0.001975536346435547
192218,normal,3560,0,1782360918.1183887,0.0020341873168945312
192219,normal,1317,0,1782360918.1203783,0.001989603042602539
192220,normal,764,0,1782360918.122371,0.0019927024841308594
192221,normal,1255,0,1782360918.1243923,0.002021312713623047
192222,normal,553,0,1782360918.126385,0.0019927024841308594
192223,normal,1780,0,1782360918.1283412,0.0019562244415283203
192224,normal,3071,1,1782360918.1304033,0.002062082290649414
192225,normal,636,0,1782360918.1323843,0.001981019973754883
192226,normal,864,2,1782360918.1343389,0.0019545555114746094
192227,normal,2266,0,1782360918.1364384,0.0020995140075683594
192228,normal,2749,0,1782360918.1383832,0.0019447803497314453
192229,normal,3263,1,1782360918.1403625,0.001979351043701172
192230,normal,572,0,1782360918.1423938,0.0020313262939453125
192231,normal,1123,0,1782360918.1444335,0.002039670944213867
192232,normal,3022,0,1782360918.1463766,0.0019431114196777344
192233,normal,612,0,1782360918.148696,0.0023193359375
192234,normal,3489,0,1782360918.1503499,0.001653909683227539
192235,normal,3287,1,1782360918.152418,0.002068042755126953
192236,normal,2287,0,1782360918.154406,0.0019881725311279297
192237,normal,3570,0,1782360918.1563697,0.0019636154174804688
192238,normal,1857,0,1782360918.1583612,0.0019915103912353516
192239,normal,735,0,1782360918.1604187,0.0020575523376464844
192240,normal,3531,0,1782360918.1623766,0.0019578933715820312
192241,normal,3377,1,1782360918.1643808,0.0020041465759277344
192242,normal,1463,0,1782360918.1664147,0.0020339488983154297
192243,normal,1039,0,1782360918.1683683,0.001953601837158203
192244,normal,3472,0,1782360918.1703403,0.0019719600677490234
192245,normal,124,0,1782360918.1724055,0.0020651817321777344
192246,normal,2082,0,1782360918.174381,0.001975536346435547
192247,normal,1500,0,1782360918.1763701,0.001989126205444336
192248,normal,1990,0,1782360918.1784294,0.0020592212677001953
192249,normal,721,0,1782360918.18062,0.0021905899047851562
192250,normal,977,2,1782360918.1824594,0.0018393993377685547
192251,normal,258,0,1782360918.1844006,0.0019412040710449219
192252,normal,1640,0,1782360918.186509,0.002108335494995117
192253,normal,2312,0,1782360918.1883614,0.0018525123596191406
192254,normal,2675,0,1782360918.190377,0.0020155906677246094
192255,normal,3393,1,1782360918.1924832,0.002106189727783203
192256,normal,1687,0,1782360918.1943524,0.00186920166015625
192257,normal,3260,1,1782360918.196467,0.002114534378051758
192258,normal,3017,0,1782360918.1986449,0.0021779537200927734
192259,normal,2407,0,1782360918.2005076,0.0018627643585205078
192260,normal,3314,1,1782360918.202531,0.002023458480834961
192261,normal,622,0,1782360918.204416,0.0018849372863769531
192262,normal,3674,0,1782360918.2064393,0.0020232200622558594
192263,normal,1809,0,1782360918.2083924,0.001953125
192264,normal,1723,0,1782360918.2105064,0.0021140575408935547
192265,normal,1267,0,1782360918.2125273,0.0020208358764648438
192266,normal,2399,0,1782360918.2145283,0.002001047134399414
192267,normal,2810,0,1782360918.2163954,0.001867055892944336
192268,normal,2665,0,1782360918.2185082,0.002112865447998047
192269,normal,1683,0,1782360918.2203767,0.0018684864044189453
192270,normal,1865,0,1782360918.2224734,0.0020966529846191406
192271,normal,409,0,1782360918.2243683,0.0018949508666992188
192272,normal,3237,1,1782360918.2264898,0.002121448516845703
192273,normal,2721,0,1782360918.228537,0.002047300338745117
192274,normal,2561,0,1782360918.2304916,0.0019545555114746094
192275,normal,2345,0,1782360918.232466,0.001974344253540039
192276,normal,578,0,1782360918.2345693,0.0021033287048339844
192277,normal,2783,0,1782360918.23646,0.0018906593322753906
192278,normal,679,0,1782360918.2386193,0.0021593570709228516
192279,normal,2774,0,1782360918.240571,0.0019516944885253906
192280,normal,3146,1,1782360918.242555,0.0019838809967041016
192281,normal,3706,0,1782360918.244579,0.0020241737365722656
192282,normal,2727,0,1782360918.246579,0.0019998550415039062
192283,normal,3606,0,1782360918.2484944,0.0019154548645019531
192284,normal,1587,0,1782360918.2505507,0.0020563602447509766
192285,normal,3131,1,1782360918.2525616,0.002010822296142578
192286,normal,928,2,1782360918.254455,0.0018935203552246094
192287,normal,1146,0,1782360918.2566428,0.0021877288818359375
192288,normal,2770,0,1782360918.2584724,0.0018296241760253906
192289,normal,3350,1,1782360918.2606423,0.0021698474884033203
192290,normal,684,0,1782360918.2625241,0.0018818378448486328
192291,normal,972,2,1782360918.2647107,0.0021865367889404297
192292,normal,1461,0,1782360918.2666106,0.0018999576568603516
192293,normal,2847,0,1782360918.2685492,0.0019385814666748047
192294,normal,1839,0,1782360918.2706957,0.002146482467651367
192295,normal,2408,0,1782360918.2725744,0.0018787384033203125
192296,normal,1194,0,1782360918.274357,0.0017826557159423828
192297,normal,3328,1,1782360918.276526,0.002168893814086914
192298,normal,767,0,1782360918.2784405,0.0019145011901855469
192299,normal,2610,0,1782360918.2806003,0.0021598339080810547
192300,normal,3660,0,1782360918.2825308,0.0019304752349853516
192301,normal,2807,0,1782360918.2844377,0.0019068717956542969
192302,normal,1290,0,1782360918.2865343,0.0020966529846191406
192303,normal,440,0,1782360918.2885263,0.0019919872283935547
192304,normal,467,0,1782360918.2905378,0.002011537551879883
192305,normal,730,0,1782360918.2926955,0.0021576881408691406
192306,normal,2827,0,1782360918.2945988,0.0019032955169677734
192307,normal,326,0,1782360918.2964425,0.0018436908721923828
192308,normal,474,0,1782360918.2985659,0.0021233558654785156
192309,normal,1647,0,1782360918.3005407,0.001974821090698242
192310,normal,646,0,1782360918.3025098,0.0019690990447998047
192311,normal,2885,0,1782360918.3046227,0.002112865447998047
192312,normal,3509,0,1782360918.3065317,0.001909017562866211
192313,normal,2923,0,1782360918.308448,0.0019164085388183594
192314,normal,1804,0,1782360918.3105478,0.002099752426147461
192315,normal,1970,0,1782360918.3125532,0.002005338668823242
192316,normal,2060,0,1782360918.31448,0.0019268989562988281
192317,normal,1604,0,1782360918.3164828,0.002002716064453125
192318,normal,1588,0,1782360918.3185484,0.0020656585693359375
192319,normal,919,2,1782360918.320492,0.0019435882568359375
192320,normal,1958,0,1782360918.3229022,0.0024101734161376953
192321,normal,3420,0,1782360918.3246841,0.0017819404602050781
192322,normal,518,0,1782360918.3263636,0.0016794204711914062
192323,normal,1320,1,1782360918.328526,0.002162456512451172
192324,normal,3702,0,1782360918.3305576,0.002031564712524414
192325,normal,101,0,1782360918.332487,0.0019295215606689453
192326,normal,3317,1,1782360918.3344502,0.0019631385803222656
192327,normal,540,0,1782360918.3366323,0.0021820068359375
192328,normal,1071,0,1782360918.3385913,0.001959085464477539
192329,normal,423,0,1782360918.340366,0.0017745494842529297
192330,normal,323,0,1782360918.3427165,0.0023505687713623047
192331,normal,3601,0,1782360918.344526,0.0018095970153808594
192332,normal,2042,0,1782360918.3466825,0.002156496047973633
192333,normal,3302,1,1782360918.3486543,0.001971721649169922
192334,normal,2751,0,1782360918.3504744,0.0018200874328613281
192335,normal,1393,0,1782360918.3526914,0.0022170543670654297
192336,normal,1432,0,1782360918.3546457,0.001954317092895508
192337,normal,1127,0,1782360918.3568916,0.0022459030151367188
192338,normal,3174,1,1782360918.3584356,0.0015439987182617188
192339,normal,2150,0,1782360918.360553,0.0021173954010009766
192340,normal,1855,0,1782360918.3624854,0.001932382583618164
192341,normal,3502,0,1782360918.364595,0.002109527587890625
192342,normal,3036,0,1782360918.3665771,0.0019822120666503906
192343,normal,1083,0,1782360918.3685198,0.0019426345825195312
192344,normal,900,2,1782360918.370624,0.0021042823791503906
192345,normal,1507,0,1782360918.3725786,0.0019545555114746094
192346,normal,499,0,1782360918.3744688,0.0018901824951171875
192347,normal,2855,0,1782360918.3765519,0.0020830631256103516
192348,normal,1557,0,1782360918.3785512,0.001999378204345703
192349,normal,1832,0,1782360918.3805156,0.0019643306732177734
192350,normal,896,2,1782360918.382572,0.0020563602447509766
192351,normal,2153,0,1782360918.3845801,0.002008199691772461
192352,normal,431,0,1782360918.3864152,0.0018351078033447266
192353,normal,1486,0,1782360918.3886447,0.002229452133178711
192354,normal,637,0,1782360918.3905795,0.0019347667694091797
192355,normal,2075,0,1782360918.3924465,0.001867055892944336
192356,normal,1703,0,1782360918.3945448,0.0020983219146728516
192357,normal,3390,1,1782360918.3965347,0.0019898414611816406
192358,normal,433,0,1782360918.3984954,0.00196075439453125
192359,normal,2147,0,1782360918.4005978,0.002102375030517578
192360,normal,2041,0,1782360918.4024324,0.0018346309661865234
192361,normal,980,2,1782360918.4046395,0.002207040786743164
192362,normal,2894,0,1782360918.4064481,0.0018086433410644531
192363,normal,1959,0,1782360918.4085748,0.0021266937255859375
192364,normal,3119,1,1782360918.4103806,0.0018057823181152344
192365,normal,1833,0,1782360918.4125485,0.002167940139770508
192366,normal,1091,0,1782360918.4145088,0.001960277557373047
192367,normal,2279,0,1782360918.416336,0.001827239990234375
192368,normal,320,0,1782360918.4184608,0.002124786376953125
192369,normal,2139,0,1782360918.4205382,0.002077341079711914
192370,normal,2589,0,1782360918.4224668,0.001928567886352539
192371,normal,175,0,1782360918.4245224,0.002055644989013672
192372,normal,116,0,1782360918.4265141,0.001991748809814453
192373,normal,2912,0,1782360918.428351,0.0018367767333984375
192374,normal,2078,0,1782360918.4305265,0.002175569534301758
192375,normal,3354,1,1782360918.4330592,0.0025327205657958984
192376,normal,1169,0,1782360918.4344878,0.0014286041259765625
192377,normal,1629,0,1782360918.4365578,0.0020699501037597656
192378,normal,1651,0,1782360918.438528,0.0019702911376953125
192379,normal,3105,1,1782360918.440363,0.001834869384765625
192380,normal,3207,1,1782360918.4425395,0.002176523208618164
192381,normal,1788,0,1782360918.4446075,0.002068042755126953
192382,normal,1681,0,1782360918.446398,0.0017905235290527344
192383,normal,254,0,1782360918.4485404,0.0021424293518066406
192384,normal,3416,0,1782360918.4505289,0.0019884109497070312
192385,normal,2670,0,1782360918.452373,0.001844167709350586
192386,normal,933,2,1782360918.4545496,0.002176523208618164
192387,normal,916,2,1782360918.4565554,0.0020058155059814453
192388,normal,2507,0,1782360918.4583797,0.0018243789672851562
192389,normal,1004,2,1782360918.460547,0.002167224884033203
192390,normal,3129,1,1782360918.46275,0.0022029876708984375
192391,normal,1556,0,1782360918.4649932,0.0022432804107666016
192392,normal,2920,0,1782360918.466474,0.0014808177947998047
192393,normal,504,0,1782360918.468571,0.002096891403198242
192394,normal,1628,0,1782360918.470513,0.0019421577453613281
192395,normal,510,0,1782360918.4725444,0.0020313262939453125
192396,normal,2630,0,1782360918.4746509,0.0021064281463623047
192397,normal,1200,0,1782360918.4765174,0.0018665790557861328
192398,normal,1176,0,1782360918.4785151,0.001997709274291992
192399,normal,3422,0,1782360918.4808295,0.002314329147338867
192400,normal,2236,0,1782360918.4828475,0.002017974853515625
192401,normal,102,0,1782360918.484537,0.0016894340515136719
192402,normal,1049,0,1782360918.486564,0.0020270347595214844
192403,normal,2917,0,1782360918.4883618,0.0017979145050048828
192404,normal,921,2,1782360918.490548,0.0021860599517822266
192405,normal,3195,1,1782360918.4925628,0.0020148754119873047
192406,normal,3633,0,1782360918.4943879,0.001825094223022461
192407,normal,1132,0,1782360918.4965632,0.0021753311157226562
192408,normal,1416,0,1782360918.4985569,0.0019936561584472656
192409,normal,2177,0,1782360918.5003953,0.0018384456634521484
192410,normal,775,2,1782360918.5026283,0.0022330284118652344
192411,normal,1264,0,1782360918.504622,0.0019936561584472656
192412,normal,236,0,1782360918.5064385,0.0018165111541748047
192413,normal,2377,0,1782360918.5086238,0.002185344696044922
192414,normal,952,2,1782360918.5105789,0.0019550323486328125
192415,normal,2688,0,1782360918.5125213,0.0019423961639404297
192416,normal,1654,0,1782360918.5146887,0.0021674633026123047
192417,normal,2996,0,1782360918.5166368,0.0019481182098388672
192418,normal,2069,0,1782360918.5183814,0.0017445087432861328
192419,normal,3152,1,1782360918.5205576,0.0021762847900390625
192420,normal,250,0,1782360918.522594,0.0020363330841064453
192421,normal,1724,0,1782360918.5244782,0.0018842220306396484
192422,normal,2498,0,1782360918.5266054,0.0021271705627441406
192423,normal,3183,1,1782360918.528579,0.0019736289978027344
192424,normal,1599,0,1782360918.5306196,0.0020406246185302734
192425,normal,2326,0,1782360918.5323956,0.001775979995727539
192426,normal,3430,0,1782360918.5345738,0.002178192138671875
192427,normal,2813,0,1782360918.5364754,0.0019016265869140625
192428,normal,1274,0,1782360918.5385776,0.0021021366119384766
192429,normal,2707,0,1782360918.5406082,0.002030611038208008
192430,normal,3247,1,1782360918.542514,0.0019059181213378906
192431,normal,3304,1,1782360918.544874,0.0023598670959472656
192432,normal,550,0,1782360918.5464973,0.001623392105102539
192433,normal,2369,0,1782360918.5486042,0.002106904983520508
192434,normal,3045,1,1782360918.550485,0.001880645751953125
192435,normal,881,2,1782360918.5526083,0.0021233558654785156
192436,normal,163,0,1782360918.5544643,0.001856088638305664
192437,normal,187,0,1782360918.556562,0.002097606658935547
192438,normal,3197,1,1782360918.5585556,0.0019936561584472656
192439,normal,3562,0,1782360918.5605073,0.0019516944885253906
192440,normal,2229,0,1782360918.5626228,0.002115488052368164
192441,normal,2502,0,1782360918.5646582,0.002035379409790039
192442,normal,1040,0,1782360918.5665288,0.0018706321716308594
192443,normal,1417,0,1782360918.568727,0.0021982192993164062
192444,normal,2319,0,1782360918.5707088,0.0019817352294921875
192445,normal,1223,0,1782360918.572466,0.0017571449279785156
192446,normal,2575,0,1782360918.5747094,0.002243518829345703
192447,normal,3204,1,1782360918.5767524,0.002043008804321289
192448,normal,1773,0,1782360918.5785089,0.001756429672241211
192449,normal,259,0,1782360918.5805612,0.00205230712890625
192450,normal,1419,0,1782360918.5825536,0.001992464065551758
192451,normal,3289,1,1782360918.5844593,0.001905679702758789
192452,normal,2459,0,1782360918.5866406,0.0021812915802001953
192453,normal,2898,0,1782360918.5885506,0.0019099712371826172
192454,normal,2709,0,1782360918.590456,0.0019054412841796875
192455,normal,2420,0,1782360918.5925524,0.002096414566040039
192456,normal,737,0,1782360918.594554,0.002001523971557617
192457,normal,2203,0,1782360918.5965245,0.001970529556274414
192458,normal,2214,0,1782360918.5989153,0.0023908615112304688
192459,normal,1717,0,1782360918.6005082,0.001592874526977539
192460,normal,806,2,1782360918.602474,0.001965761184692383
192461,normal,2629,0,1782360918.6044807,0.0020067691802978516
192462,normal,656,0,1782360918.6065595,0.0020787715911865234
192463,normal,2540,0,1782360918.608489,0.0019295215606689453
192464,normal,3162,1,1782360918.6107497,0.0022606849670410156
192465,normal,2976,0,1782360918.6124756,0.001725912094116211
192466,normal,98,0,1782360918.614559,0.002083301544189453
192467,normal,2759,0,1782360918.616465,0.0019061565399169922
192468,normal,1008,2,1782360918.6185727,0.0021076202392578125
192469,normal,197,0,1782360918.6204786,0.0019059181213378906
192470,normal,2964,0,1782360918.622606,0.002127408981323242
192471,normal,532,0,1782360918.6245646,0.001958608627319336
192472,normal,887,2,1782360918.6264722,0.0019075870513916016
192473,normal,232,0,1782360918.6286144,0.002142190933227539
192474,normal,1722,0,1782360918.6309643,0.002349853515625
192475,normal,3591,0,1782360918.6329024,0.0019381046295166016
192476,normal,3544,0,1782360918.6343844,0.0014820098876953125
192477,normal,917,2,1782360918.636547,0.0021626949310302734
192478,normal,1961,0,1782360918.638458,0.0019109249114990234
192479,normal,407,0,1782360918.640617,0.0021588802337646484
192480,normal,4,0,1782360918.6426475,0.002030611038208008
192481,normal,3341,1,1782360918.6444652,0.0018177032470703125
192482,normal,1248,0,1782360918.6466074,0.002142190933227539
192483,normal,912,2,1782360918.6485527,0.0019452571868896484
192484,normal,1036,0,1782360918.650338,0.0017852783203125
192485,normal,3180,1,1782360918.652854,0.002516031265258789
192486,normal,3273,1,1782360918.6545563,0.0017023086547851562
192487,normal,445,0,1782360918.6565573,0.002001047134399414
192488,normal,3703,0,1782360918.6585164,0.001959085464477539
192489,normal,911,2,1782360918.6605096,0.0019931793212890625
192490,normal,75,0,1782360918.6623576,0.001847982406616211
192491,normal,3638,0,1782360918.6644742,0.002116680145263672
192492,normal,3623,0,1782360918.6665115,0.0020372867584228516
192493,normal,106,0,1782360918.6684227,0.001911163330078125
192494,normal,3266,1,1782360918.6706343,0.0022115707397460938
192495,normal,2037,0,1782360918.6727855,0.0021512508392333984
192496,normal,2036,0,1782360918.6744826,0.0016970634460449219
192497,normal,1308,0,1782360918.6765985,0.002115964889526367
192498,normal,3052,1,1782360918.678599,0.002000570297241211
192499,normal,1442,0,1782360918.6804879,0.0018887519836425781
192500,normal,855,2,1782360918.6826417,0.0021538734436035156
192501,normal,1177,0,1782360918.6845822,0.0019404888153076172
192502,normal,2553,0,1782360918.6864784,0.0018961429595947266
192503,normal,2390,0,1782360918.6886103,0.002131938934326172
192504,normal,2160,0,1782360918.6908855,0.002275228500366211
192505,normal,507,0,1782360918.6924407,0.0015552043914794922
192506,normal,3033,0,1782360918.6946077,0.0021669864654541016
192507,normal,430,0,1782360918.6966033,0.001995563507080078
192508,normal,3000,0,1782360918.6984863,0.0018830299377441406
192509,normal,2158,0,1782360918.7005708,0.002084493637084961
192510,normal,3329,1,1782360918.7025764,0.0020055770874023438
192511,normal,3366,1,1782360918.7045243,0.0019478797912597656
192512,normal,2858,0,1782360918.7067075,0.002183198928833008
192513,normal,2652,0,1782360918.7087102,0.002002716064453125
192514,normal,414,0,1782360918.71058,0.0018699169158935547
192515,normal,340,0,1782360918.7124815,0.001901388168334961
192516,normal,2108,0,1782360918.7148442,0.0023627281188964844
192517,normal,2013,0,1782360918.7165368,0.0016925334930419922
192518,normal,1627,0,1782360918.7186139,0.0020771026611328125
192519,normal,851,2,1782360918.7205744,0.0019605159759521484
192520,normal,2363,0,1782360918.7224627,0.001888275146484375
192521,normal,1383,0,1782360918.7246995,0.0022368431091308594
192522,normal,2922,0,1782360918.726477,0.0017774105072021484
192523,normal,1985,0,1782360918.7285583,0.0020813941955566406
192524,normal,1232,0,1782360918.7304597,0.001901388168334961
192525,normal,1916,0,1782360918.7325563,0.0020966529846191406
192526,normal,2545,0,1782360918.734988,0.002431631088256836
192527,normal,920,2,1782360918.7366283,0.00164031982421875
192528,normal,2123,0,1782360918.7386208,0.001992464065551758
192529,normal,2397,0,1782360918.7404764,0.001855611801147461
192530,normal,934,2,1782360918.7425706,0.002094268798828125
192531,normal,905,2,1782360918.744574,0.0020034313201904297
192532,normal,1527,0,1782360918.7465672,0.0019931793212890625
192533,normal,1139,0,1782360918.7493386,0.0027713775634765625
192534,normal,991,2,1782360918.7503781,0.0010395050048828125
192535,normal,397,0,1782360918.752563,0.0021848678588867188
192536,normal,193,0,1782360918.7544773,0.0019142627716064453
192537,normal,3116,1,1782360918.7565615,0.0020842552185058594
192538,normal,150,0,1782360918.758754,0.0021924972534179688
192539,normal,349,0,1782360918.7605042,0.0017502307891845703
192540,normal,2812,0,1782360918.7626092,0.0021049976348876953
192541,normal,1105,0,1782360918.7643735,0.0017642974853515625
192542,normal,2451,0,1782360918.7665052,0.0021317005157470703
192543,normal,309,0,1782360918.768596,0.0020906925201416016
192544,normal,3386,1,1782360918.7705112,0.0019152164459228516
192545,normal,693,0,1782360918.772512,0.0020008087158203125
192546,normal,1268,0,1782360918.7744834,0.0019714832305908203
192547,normal,1062,0,1782360918.7764719,0.0019884109497070312
192548,normal,2969,0,1782360918.778552,0.002080202102661133
192549,normal,2474,0,1782360918.7804708,0.001918792724609375
192550,normal,1279,0,1782360918.7824504,0.0019795894622802734
192551,normal,1744,0,1782360918.7848797,0.0024292469024658203
192552,normal,2204,0,1782360918.7864408,0.0015611648559570312
192553,normal,2496,0,1782360918.788581,0.002140045166015625
192554,normal,1076,0,1782360918.7903862,0.0018053054809570312
192555,normal,1300,0,1782360918.7925637,0.0021774768829345703
192556,normal,2322,0,1782360918.7944717,0.0019080638885498047
192557,normal,436,0,1782360918.7965734,0.0021016597747802734
192558,normal,1859,0,1782360918.7985365,0.0019631385803222656
192559,normal,3451,0,1782360918.8005161,0.0019795894622802734
192560,normal,2378,0,1782360918.8026373,0.0021212100982666016
192561,normal,94,0,1782360918.8045633,0.0019259452819824219
192562,normal,1978,0,1782360918.8064768,0.0019135475158691406
192563,normal,164,0,1782360918.8086138,0.0021369457244873047
192564,normal,1246,0,1782360918.8105497,0.0019359588623046875
192565,normal,3163,1,1782360918.8125355,0.001985788345336914
192566,normal,1205,0,1782360918.8145547,0.002019166946411133
192567,normal,91,0,1782360918.816455,0.0019001960754394531
192568,normal,501,0,1782360918.8184721,0.0020172595977783203
192569,normal,2400,0,1782360918.8205752,0.002103090286254883
192570,normal,263,0,1782360918.8225987,0.002023458480834961
192571,normal,1591,0,1782360918.8244903,0.0018916130065917969
192572,normal,2233,0,1782360918.8266017,0.0021114349365234375
192573,normal,2634,0,1782360918.8286436,0.0020418167114257812
192574,normal,1410,0,1782360918.8304825,0.0018389225006103516
192575,normal,1935,0,1782360918.8325768,0.002094268798828125
192576,normal,252,0,1782360918.834598,0.002021312713623047
192577,normal,3467,0,1782360918.8364975,0.0018994808197021484
192578,normal,1661,0,1782360918.838541,0.002043485641479492
192579,normal,2833,0,1782360918.8406124,0.002071380615234375
192580,normal,606,0,1782360918.8425775,0.001965045928955078
192581,normal,1858,0,1782360918.8444977,0.0019202232360839844
192582,normal,2860,0,1782360918.8466072,0.002109527587890625
192583,normal,2800,0,1782360918.8485038,0.0018966197967529297
192584,normal,573,0,1782360918.850567,0.002063274383544922
192585,normal,2608,0,1782360918.852565,0.0019979476928710938
192586,normal,3440,0,1782360918.8544695,0.0019044876098632812
192587,normal,1866,0,1782360918.8565698,0.002100229263305664
192588,normal,1162,0,1782360918.85869,0.0021202564239501953
192589,normal,16,0,1782360918.8605232,0.001833200454711914
192590,normal,210,0,1782360918.8626473,0.0021240711212158203
192591,normal,1446,0,1782360918.864714,0.0020666122436523438
192592,normal,1466,0,1782360918.8664818,0.001767873764038086
192593,normal,2025,0,1782360918.8687632,0.0022814273834228516
192594,normal,22,0,1782360918.8705432,0.0017800331115722656
192595,normal,986,2,1782360918.8725798,0.002036571502685547
192596,normal,2797,0,1782360918.8746505,0.0020706653594970703
192597,normal,541,0,1782360918.8765795,0.0019290447235107422
192598,normal,1405,0,1782360918.878463,0.0018835067749023438
192599,normal,2238,0,1782360918.8805656,0.0021026134490966797
192600,normal,1711,0,1782360918.882559,0.001993417739868164
192601,normal,3184,1,1782360918.8845513,0.0019922256469726562
192602,normal,1301,0,1782360918.8865576,0.0020062923431396484
192603,normal,235,0,1782360918.888561,0.0020034313201904297
192604,normal,2049,0,1782360918.890459,0.001898050308227539
192605,normal,2519,0,1782360918.892557,0.0020978450775146484
192606,normal,564,0,1782360918.8946526,0.0020956993103027344
192607,normal,1345,1,1782360918.8967345,0.0020818710327148438
192608,normal,213,0,1782360918.8984518,0.0017173290252685547
192609,normal,605,0,1782360918.900566,0.0021142959594726562
192610,normal,2786,0,1782360918.9024663,0.0019001960754394531
192611,normal,485,0,1782360918.9045773,0.0021109580993652344
192612,normal,3135,1,1782360918.9065733,0.0019960403442382812
192613,normal,1100,0,1782360918.9085636,0.0019903182983398438
192614,normal,1369,1,1782360918.910602,0.0020384788513183594
192615,normal,799,2,1782360918.9125676,0.0019655227661132812
192616,normal,286,0,1782360918.9144685,0.0019009113311767578
192617,normal,1334,1,1782360918.9164786,0.0020101070404052734
192618,normal,1106,0,1782360918.9185567,0.0020780563354492188
192619,normal,484,0,1782360918.92048,0.0019233226776123047
192620,normal,560,0,1782360918.9224446,0.001964569091796875
192621,normal,2836,0,1782360918.9245207,0.0020761489868164062
192622,normal,2693,0,1782360918.9263687,0.001847982406616211
192623,normal,1565,0,1782360918.928714,0.0023453235626220703
192624,normal,3331,1,1782360918.9308646,0.0021505355834960938
192625,normal,2063,0,1782360918.932383,0.0015184879302978516
192626,normal,926,2,1782360918.9344463,0.002063274383544922
192627,normal,840,2,1782360918.9365318,0.002085447311401367
192628,normal,2161,0,1782360918.938406,0.0018742084503173828
192629,normal,1516,0,1782360918.9405482,0.002142190933227539
192630,normal,1303,0,1782360918.9424374,0.0018892288208007812
192631,normal,1598,0,1782360918.94449,0.0020525455474853516
192632,normal,78,0,1782360918.9467697,0.0022797584533691406
192633,normal,3356,1,1782360918.9484382,0.0016684532165527344
192634,normal,3595,0,1782360918.9506161,0.0021779537200927734
192635,normal,9,0,1782360918.9525292,0.0019130706787109375
192636,normal,1011,2,1782360918.9546275,0.0020983219146728516
192637,normal,3629,0,1782360918.9564347,0.0018072128295898438
192638,normal,2416,0,1782360918.9585414,0.0021066665649414062
192639,normal,2441,0,1782360918.9605527,0.0020112991333007812
192640,normal,1775,0,1782360918.9624043,0.0018515586853027344
192641,normal,3093,1,1782360918.964558,0.002153635025024414
192642,normal,561,0,1782360918.9668283,0.0022704601287841797
192643,normal,1584,0,1782360918.9683604,0.0015320777893066406
192644,normal,1792,0,1782360918.9705229,0.002162456512451172
192645,normal,1631,0,1782360918.97244,0.001917123794555664
192646,normal,969,2,1782360918.9744616,0.0020215511322021484
192647,normal,3029,0,1782360918.9764767,0.0020151138305664062
192648,normal,2353,0,1782360918.9785817,0.0021049976348876953
192649,normal,103,0,1782360918.980499,0.0019173622131347656
192650,normal,333,0,1782360918.9826431,0.0021440982818603516
192651,normal,2027,0,1782360918.9845996,0.001956462860107422
192652,normal,598,0,1782360918.9864788,0.0018792152404785156
192653,normal,3454,0,1782360918.9885812,0.002102375030517578
192654,normal,1883,0,1782360918.9905818,0.002000570297241211
192655,normal,2454,0,1782360918.9925146,0.0019328594207763672
192656,normal,613,0,1782360918.9946225,0.002107858657836914
192657,normal,632,0,1782360918.9966362,0.002013683319091797
192658,normal,1130,0,1782360918.9984787,0.001842498779296875
192659,normal,1571,0,1782360919.0006,0.002121448516845703
192660,normal,1,0,1782360919.0026386,0.0020384788513183594
192661,normal,1377,1,1782360919.0044768,0.0018382072448730469
192662,normal,1615,0,1782360919.0065737,0.002096891403198242
192663,normal,3707,0,1782360919.0085683,0.001994609832763672
192664,normal,1006,2,1782360919.0104682,0.0018999576568603516
192665,normal,2263,0,1782360919.0126045,0.00213623046875
192666,normal,727,0,1782360919.0146308,0.0020263195037841797
192667,normal,3306,1,1782360919.0165062,0.0018754005432128906
192668,normal,2469,0,1782360919.018657,0.0021507740020751953
192669,normal,1593,0,1782360919.020715,0.0020580291748046875
192670,normal,1910,0,1782360919.0226088,0.001893758773803711
192671,normal,2522,0,1782360919.0245519,0.0019431114196777344
192672,normal,3130,1,1782360919.0267327,0.002180814743041992
192673,normal,1001,2,1782360919.0284882,0.0017554759979248047
192674,normal,2516,0,1782360919.0306866,0.002198457717895508
192675,normal,2961,0,1782360919.032602,0.0019154548645019531
192676,normal,1890,0,1782360919.034694,0.0020918846130371094
192677,normal,3309,1,1782360919.0363612,0.0016672611236572266
192678,normal,1074,0,1782360919.0384836,0.0021224021911621094
192679,normal,883,2,1782360919.0404708,0.0019872188568115234
192680,normal,2556,0,1782360919.0424654,0.001994609832763672
192681,normal,1129,0,1782360919.044597,0.0021314620971679688
192682,normal,946,2,1782360919.04647,0.001873016357421875
192683,normal,830,2,1782360919.0485647,0.002094745635986328
192684,normal,1760,0,1782360919.0510297,0.0024650096893310547
192685,normal,3333,1,1782360919.0525913,0.0015616416931152344
192686,normal,174,0,1782360919.0544941,0.0019028186798095703
192687,normal,627,0,1782360919.056575,0.0020809173583984375
192688,normal,1046,0,1782360919.0584774,0.0019023418426513672
192689,normal,776,2,1782360919.0605788,0.002101421356201172
192690,normal,2968,0,1782360919.0626976,0.002118825912475586
192691,normal,1335,1,1782360919.0646381,0.0019404888153076172
192692,normal,140,0,1782360919.066383,0.0017447471618652344
192693,normal,293,0,1782360919.0685694,0.0021865367889404297
192694,normal,1823,0,1782360919.070476,0.0019066333770751953
192695,normal,2824,0,1782360919.072508,0.002032041549682617
192696,normal,3076,1,1782360919.0745826,0.0020744800567626953
192697,normal,3352,1,1782360919.076504,0.0019214153289794922
192698,normal,1764,0,1782360919.078507,0.0020029544830322266
192699,normal,2550,0,1782360919.0805783,0.002071380615234375
192700,normal,1778,0,1782360919.0823817,0.0018033981323242188
192701,normal,1031,0,1782360919.084805,0.0024232864379882812
192702,normal,3217,1,1782360919.086914,0.002109050750732422
192703,normal,1249,0,1782360919.0883873,0.0014731884002685547
192704,normal,3487,0,1782360919.0905635,0.0021762847900390625
192705,normal,2217,0,1782360919.0926116,0.002048015594482422
192706,normal,3654,0,1782360919.0945358,0.001924276351928711
192707,normal,2845,0,1782360919.0966902,0.0021543502807617188
192708,normal,1147,0,1782360919.098748,0.002057790756225586
192709,normal,291,0,1782360919.100406,0.0016579627990722656
192710,normal,2386,0,1782360919.102843,0.002437114715576172
192711,normal,3670,0,1782360919.1047316,0.0018885135650634766
192712,normal,3564,0,1782360919.1065059,0.0017743110656738281
192713,normal,1914,0,1782360919.1084633,0.001957416534423828
192714,normal,3164,1,1782360919.1105113,0.002048015594482422
192715,normal,1846,0,1782360919.1124792,0.001967906951904297
192716,normal,2697,0,1782360919.1144905,0.0020112991333007812
192717,normal,3652,0,1782360919.116572,0.0020813941955566406
192718,normal,2504,0,1782360919.1184697,0.0018978118896484375
192719,normal,756,0,1782360919.1205022,0.0020325183868408203
192720,normal,1995,0,1782360919.1225827,0.0020804405212402344
192721,normal,3499,0,1782360919.1244204,0.0018377304077148438
192722,normal,526,0,1782360919.1266418,0.002221345901489258
192723,normal,2547,0,1782360919.12865,0.002008199691772461
192724,normal,2939,0,1782360919.1304753,0.0018253326416015625
192725,normal,1282,0,1782360919.132596,0.0021207332611083984
192726,normal,813,2,1782360919.1346357,0.002039670944213867
192727,normal,1035,0,1782360919.1364634,0.0018277168273925781
192728,normal,1856,0,1782360919.1387293,0.00226593017578125
192729,normal,1837,0,1782360919.1405048,0.001775503158569336
192730,normal,11,0,1782360919.1423647,0.001859903335571289
192731,normal,1454,0,1782360919.1444745,0.0021097660064697266
192732,normal,1564,0,1782360919.1464775,0.0020029544830322266
192733,normal,1617,0,1782360919.1483672,0.0018897056579589844
192734,normal,2988,0,1782360919.15051,0.0021429061889648438
192735,normal,1716,0,1782360919.1526408,0.002130746841430664
192736,normal,3470,0,1782360919.15445,0.0018091201782226562
192737,normal,2413,0,1782360919.156605,0.0021550655364990234
192738,normal,1085,0,1782360919.1586096,0.0020046234130859375
192739,normal,460,0,1782360919.1604795,0.0018699169158935547
192740,normal,1922,0,1782360919.16258,0.0021004676818847656
192741,normal,689,0,1782360919.1645675,0.001987457275390625
192742,normal,1007,2,1782360919.1665306,0.0019631385803222656
192743,normal,3167,1,1782360919.1687455,0.0022149085998535156
192744,normal,520,0,1782360919.1704464,0.0017008781433105469
192745,normal,2261,0,1782360919.1726127,0.002166271209716797
192746,normal,1077,0,1782360919.174552,0.0019392967224121094
192747,normal,2434,0,1782360919.176579,0.0020270347595214844
192748,normal,3090,1,1782360919.1784713,0.0018923282623291016
192749,normal,3066,1,1782360919.1805701,0.0020987987518310547
192750,normal,1149,0,1782360919.1825728,0.002002716064453125
192751,normal,871,2,1782360919.184532,0.001959085464477539
192752,normal,1092,0,1782360919.1866431,0.002111196517944336
192753,normal,772,2,1782360919.1886916,0.002048492431640625
192754,normal,136,0,1782360919.1904402,0.0017485618591308594
192755,normal,833,2,1782360919.1927361,0.002295970916748047
192756,normal,610,0,1782360919.1948318,0.0020956993103027344
192757,normal,2079,0,1782360919.1964507,0.0016188621520996094
192758,normal,3649,0,1782360919.1987212,0.0022704601287841797
192759,normal,2280,0,1782360919.200705,0.0019838809967041016
192760,normal,1660,0,1782360919.2025409,0.0018358230590820312
192761,normal,3239,1,1782360919.2045622,0.002021312713623047
192762,normal,3193,1,1782360919.2065647,0.0020024776458740234
192763,normal,3303,1,1782360919.208465,0.0019004344940185547
192764,normal,738,0,1782360919.2106035,0.002138376235961914
192765,normal,1641,0,1782360919.2125733,0.0019698143005371094
192766,normal,1394,0,1782360919.2144623,0.0018889904022216797
192767,normal,820,2,1782360919.2165768,0.002114534378051758
192768,normal,498,0,1782360919.2185595,0.0019826889038085938
192769,normal,3269,1,1782360919.2204928,0.0019333362579345703
192770,normal,1440,0,1782360919.2229686,0.002475738525390625
192771,normal,559,0,1782360919.2245626,0.0015940666198730469
192772,normal,1781,0,1782360919.2264736,0.0019109249114990234
192773,normal,2767,0,1782360919.228581,0.002107381820678711
192774,normal,2486,0,1782360919.2305777,0.001996755599975586
192775,normal,522,0,1782360919.2324827,0.0019049644470214844
192776,normal,2384,0,1782360919.2346594,0.0021767616271972656
192777,normal,818,2,1782360919.2367032,0.0020437240600585938
192778,normal,476,0,1782360919.238382,0.0016789436340332031
192779,normal,6,0,1782360919.2405672,0.0021851062774658203
192780,normal,1948,0,1782360919.2425828,0.0020155906677246094
192781,normal,2471,0,1782360919.2444808,0.001898050308227539
192782,normal,337,0,1782360919.2465801,0.002099275588989258
192783,normal,2194,0,1782360919.2486103,0.0020301342010498047
192784,normal,2872,0,1782360919.250489,0.0018787384033203125
192785,normal,2868,0,1782360919.2525754,0.0020864009857177734
192786,normal,3006,0,1782360919.2546163,0.002040863037109375
192787,normal,2205,0,1782360919.2569425,0.0023262500762939453
192788,normal,3244,1,1782360919.2588205,0.0018780231475830078
192789,normal,2047,0,1782360919.2604227,0.0016021728515625
192790,normal,1550,0,1782360919.262557,0.0021343231201171875
192791,normal,2258,0,1782360919.2644668,0.0019097328186035156
192792,normal,2739,0,1782360919.2665539,0.002087116241455078
192793,normal,1314,0,1782360919.2685187,0.0019648075103759766
192794,normal,2618,0,1782360919.2706897,0.002171039581298828
192795,normal,2016,0,1782360919.2727365,0.002046823501586914
192796,normal,3594,0,1782360919.2744615,0.0017249584197998047
192797,normal,3227,1,1782360919.276563,0.002101421356201172
192798,normal,2207,0,1782360919.278753,0.002190113067626953
192799,normal,2564,0,1782360919.2805262,0.0017731189727783203
192800,normal,204,0,1782360919.2826977,0.0021715164184570312
192801,normal,1663,0,1782360919.284723,0.0020253658294677734
192802,normal,638,0,1782360919.286528,0.0018050670623779297
192803,normal,1061,0,1782360919.2885041,0.00197601318359375
192804,normal,465,0,1782360919.290602,0.0020978450775146484
192805,normal,918,2,1782360919.2925086,0.0019066333770751953
192806,normal,3383,1,1782360919.2946382,0.0021295547485351562
192807,normal,2538,0,1782360919.2966454,0.0020072460174560547
192808,normal,2699,0,1782360919.298497,0.0018515586853027344
192809,normal,2423,0,1782360919.3005145,0.002017498016357422
192810,normal,2956,0,1782360919.3026032,0.002088785171508789
192811,normal,1901,0,1782360919.3044925,0.0018892288208007812
192812,normal,381,0,1782360919.3066201,0.0021276473999023438
192813,normal,998,2,1782360919.3086927,0.002072572708129883
192814,normal,3098,1,1782360919.3103886,0.001695871353149414
192815,normal,3235,1,1782360919.3126,0.002211332321166992
192816,normal,1742,0,1782360919.3145978,0.0019979476928710938
192817,normal,1644,0,1782360919.3165038,0.0019059181213378906
192818,normal,3496,0,1782360919.3188176,0.002313852310180664
192819,normal,1010,2,1782360919.3204234,0.0016057491302490234
192820,normal,2295,0,1782360919.3226047,0.0021812915802001953
192821,normal,2495,0,1782360919.3244972,0.0018925666809082031
192822,normal,3248,1,1782360919.3266041,0.002106904983520508
192823,normal,2099,0,1782360919.3284786,0.0018744468688964844
192824,normal,2491,0,1782360919.3305807,0.0021021366119384766
192825,normal,1790,0,1782360919.3326297,0.002048969268798828
192826,normal,3365,1,1782360919.3345098,0.0018801689147949219
192827,normal,3143,1,1782360919.3365715,0.002061605453491211
192828,normal,2329,0,1782360919.3387375,0.0021660327911376953
192829,normal,672,0,1782360919.340717,0.0019795894622802734
192830,normal,249,0,1782360919.3425605,0.0018434524536132812
192831,normal,2091,0,1782360919.3447528,0.002192258834838867
192832,normal,1189,0,1782360919.3464084,0.00165557861328125
192833,normal,2874,0,1782360919.349522,0.0031137466430664062
192834,normal,2804,0,1782360919.3504002,0.0008780956268310547
192835,normal,1831,0,1782360919.352403,0.002002716064453125
192836,normal,287,0,1782360919.3545036,0.002100706100463867
192837,normal,3219,1,1782360919.3563657,0.0018620491027832031
192838,normal,2119,0,1782360919.3583782,0.002012491226196289
192839,normal,2492,0,1782360919.360601,0.002222776412963867
192840,normal,413,0,1782360919.3624175,0.0018165111541748047
192841,normal,602,0,1782360919.3647816,0.0023641586303710938
192842,normal,2336,0,1782360919.3667054,0.0019237995147705078
192843,normal,1019,2,1782360919.36854,0.0018346309661865234
192844,normal,942,2,1782360919.3703666,0.0018265247344970703
192845,normal,3272,1,1782360919.372564,0.0021975040435791016
192846,normal,2276,0,1782360919.3744657,0.0019016265869140625
192847,normal,1695,0,1782360919.3764126,0.0019469261169433594
192848,normal,1812,0,1782360919.378799,0.002386331558227539
192849,normal,3274,1,1782360919.3804142,0.001615285873413086
192850,normal,3113,1,1782360919.3824768,0.002062559127807617
192851,normal,3427,0,1782360919.3844452,0.0019683837890625
192852,normal,1225,0,1782360919.3864655,0.0020203590393066406
192853,normal,2801,0,1782360919.38843,0.001964569091796875
192854,normal,777,2,1782360919.3907876,0.00235748291015625
192855,normal,0,0,1782360919.3925447,0.0017571449279785156
192856,normal,3199,1,1782360919.394476,0.0019311904907226562
192857,normal,3068,1,1782360919.396697,0.0022211074829101562
192858,normal,988,2,1782360919.3986197,0.001922607421875
192859,normal,3005,0,1782360919.400633,0.0020134449005126953
192860,normal,1153,0,1782360919.402718,0.002084970474243164
192861,normal,1618,0,1782360919.4045343,0.0018162727355957031
192862,normal,466,0,1782360919.406368,0.0018336772918701172
192863,normal,1055,0,1782360919.408562,0.002193927764892578
192864,normal,3230,1,1782360919.4104505,0.0018885135650634766
192865,normal,1836,0,1782360919.4124887,0.002038240432739258
192866,normal,3610,0,1782360919.4148223,0.0023336410522460938
192867,normal,3545,0,1782360919.4164143,0.0015919208526611328
192868,normal,3576,0,1782360919.4184847,0.0020704269409179688
192869,normal,2866,0,1782360919.4203906,0.0019059181213378906
192870,normal,217,0,1782360919.4224749,0.0020842552185058594
192871,normal,659,0,1782360919.4243472,0.0018723011016845703
192872,normal,1179,0,1782360919.4265413,0.0021941661834716797
192873,normal,3455,0,1782360919.4285088,0.0019674301147460938
192874,normal,1939,0,1782360919.4304154,0.0019066333770751953
192875,normal,2830,0,1782360919.4325635,0.002148151397705078
192876,normal,3034,0,1782360919.4344923,0.0019288063049316406
192877,normal,3363,1,1782360919.4363666,0.0018742084503173828
192878,normal,2265,0,1782360919.4385464,0.002179861068725586
192879,normal,432,0,1782360919.4405508,0.002004384994506836
192880,normal,3019,0,1782360919.4424195,0.0018687248229980469
192881,normal,1994,0,1782360919.4444928,0.0020732879638671875
192882,normal,1674,0,1782360919.4464695,0.0019767284393310547
192883,normal,2062,0,1782360919.4484017,0.0019321441650390625
192884,normal,1172,0,1782360919.4505181,0.0021164417266845703
192885,normal,3342,1,1782360919.4524934,0.0019752979278564453
192886,normal,2257,0,1782360919.4543653,0.0018718242645263672
192887,normal,1406,0,1782360919.4565465,0.0021812915802001953
192888,normal,211,0,1782360919.458527,0.0019805431365966797
192889,normal,2660,0,1782360919.4603567,0.0018296241760253906
192890,normal,2155,0,1782360919.4625409,0.002184152603149414
192891,normal,2001,0,1782360919.4645088,0.001967906951904297
192892,normal,1273,0,1782360919.4663832,0.0018744468688964844
192893,normal,1704,0,1782360919.4685757,0.0021924972534179688
192894,normal,3336,1,1782360919.4705234,0.001947641372680664
192895,normal,1825,0,1782360919.4724486,0.0019252300262451172
192896,normal,34,0,1782360919.4745796,0.0021309852600097656
192897,normal,1102,0,1782360919.4765356,0.0019559860229492188
192898,normal,494,0,1782360919.478381,0.0018453598022460938
192899,normal,241,0,1782360919.4805548,0.002173900604248047
192900,normal,3555,0,1782360919.4824932,0.0019383430480957031
192901,normal,1782,0,1782360919.4843628,0.0018696784973144531
192902,normal,3612,0,1782360919.48656,0.002197265625
192903,normal,712,0,1782360919.4885607,0.002000570297241211
192904,normal,2470,0,1782360919.4904182,0.0018575191497802734
192905,normal,3583,0,1782360919.4926414,0.0022232532501220703
192906,normal,1919,0,1782360919.4946609,0.0020194053649902344
192907,normal,2431,0,1782360919.4964771,0.0018162727355957031
192908,normal,909,2,1782360919.4987404,0.002263307571411133
192909,normal,703,0,1782360919.500574,0.0018336772918701172
192910,normal,1125,0,1782360919.502502,0.0019278526306152344
192911,normal,2058,0,1782360919.5045576,0.002055644989013672
192912,normal,2225,0,1782360919.5065176,0.0019600391387939453
192913,normal,2972,0,1782360919.508351,0.0018334388732910156
192914,normal,2599,0,1782360919.5105438,0.0021927356719970703
192915,normal,3234,1,1782360919.5124674,0.0019235610961914062
192916,normal,1058,0,1782360919.5144057,0.0019383430480957031
192917,normal,1531,0,1782360919.5165448,0.0021390914916992188
192918,normal,308,0,1782360919.5184836,0.0019388198852539062
192919,normal,1909,0,1782360919.5203738,0.0018901824951171875
192920,normal,184,0,1782360919.5225477,0.002173900604248047
192921,normal,3165,1,1782360919.5250149,0.0024671554565429688
192922,normal,593,0,1782360919.5265484,0.00153350830078125
192923,normal,2182,0,1782360919.5284152,0.0018668174743652344
192924,normal,3415,0,1782360919.5305536,0.002138376235961914
192925,normal,50,0,1782360919.5323691,0.0018155574798583984
192926,normal,168,0,1782360919.5345695,0.0022003650665283203
192927,normal,2790,0,1782360919.5366035,0.0020339488983154297
192928,normal,279,0,1782360919.5385394,0.0019359588623046875
192929,normal,2662,0,1782360919.5403614,0.0018219947814941406
192930,normal,2435,0,1782360919.5425568,0.0021953582763671875
192931,normal,52,0,1782360919.5443463,0.0017895698547363281
192932,normal,1187,0,1782360919.546534,0.0021877288818359375
192933,normal,3590,0,1782360919.548462,0.0019278526306152344
192934,normal,2574,0,1782360919.5504363,0.001974344253540039
192935,normal,874,2,1782360919.5525525,0.0021162033081054688
192936,normal,1566,0,1782360919.554493,0.0019404888153076172
192937,normal,36,0,1782360919.556414,0.001920938491821289
192938,normal,2076,0,1782360919.5589287,0.0025148391723632812
192939,normal,2327,0,1782360919.5607946,0.0018658638000488281
192940,normal,2283,0,1782360919.562357,0.001562356948852539
192941,normal,149,0,1782360919.564485,0.002128124237060547
192942,normal,1112,0,1782360919.5664203,0.0019352436065673828
192943,normal,3243,1,1782360919.5683773,0.001956939697265625
192944,normal,521,0,1782360919.57054,0.0021626949310302734
192945,normal,531,0,1782360919.572548,0.0020079612731933594
192946,normal,240,0,1782360919.5744624,0.0019145011901855469
192947,normal,2373,0,1782360919.5764637,0.0020012855529785156
192948,normal,2946,0,1782360919.5785155,0.002051830291748047
192949,normal,1820,0,1782360919.5808122,0.0022966861724853516
192950,normal,2210,0,1782360919.582519,0.001706838607788086
192951,normal,3632,0,1782360919.584646,0.002126932144165039
192952,normal,3675,0,1782360919.586405,0.0017590522766113281
192953,normal,1676,0,1782360919.5885558,0.0021507740020751953
192954,normal,253,0,1782360919.5905128,0.001956939697265625
192955,normal,2307,0,1782360919.5924592,0.0019464492797851562
192956,normal,618,0,1782360919.5948203,0.0023610591888427734
192957,normal,2440,0,1782360919.5963898,0.001569509506225586
192958,normal,2395,0,1782360919.5984962,0.0021064281463623047
192959,normal,489,0,1782360919.6003985,0.0019023418426513672
192960,normal,3428,0,1782360919.6024785,0.0020799636840820312
192961,normal,2890,0,1782360919.6050525,0.0025739669799804688
192962,normal,3079,1,1782360919.606408,0.0013556480407714844
192963,normal,1993,0,1782360919.6084979,0.0020897388458251953
192964,normal,1830,0,1782360919.6104014,0.001903533935546875
192965,normal,3279,1,1782360919.612534,0.0021326541900634766
192966,normal,2887,0,1782360919.6144528,0.001918792724609375
192967,normal,2090,0,1782360919.6164455,0.0019927024841308594
192968,normal,788,2,1782360919.6184835,0.0020380020141601562
192969,normal,2328,0,1782360919.620614,0.0021305084228515625
192970,normal,1536,0,1782360919.6223924,0.0017783641815185547
192971,normal,146,0,1782360919.6246166,0.0022242069244384766
192972,normal,2708,0,1782360919.6265423,0.0019257068634033203
192973,normal,2911,0,1782360919.6283891,0.0018467903137207031
192974,normal,313,0,1782360919.6306233,0.002234220504760742
192975,normal,2714,0,1782360919.6325045,0.0018811225891113281
192976,normal,1392,0,1782360919.6343598,0.0018553733825683594
192977,normal,463,0,1782360919.636548,0.0021882057189941406
192978,normal,2691,0,1782360919.6384768,0.0019288063049316406
192979,normal,1582,0,1782360919.640482,0.0020051002502441406
192980,normal,2023,0,1782360919.6426024,0.002120494842529297
192981,normal,939,2,1782360919.6445606,0.001958131790161133
192982,normal,746,0,1782360919.6464834,0.0019228458404541016
192983,normal,709,0,1782360919.6487043,0.0022208690643310547
192984,normal,3166,1,1782360919.650695,0.001990795135498047
192985,normal,1806,0,1782360919.6524606,0.0017654895782470703
192986,normal,3436,0,1782360919.6547081,0.0022475719451904297
192987,normal,141,0,1782360919.6568081,0.0020999908447265625
192988,normal,2169,0,1782360919.6583796,0.0015714168548583984
192989,normal,1498,0,1782360919.6605499,0.0021703243255615234
192990,normal,1275,0,1782360919.6625023,0.0019524097442626953
192991,normal,1379,1,1782360919.6643567,0.0018544197082519531
192992,normal,3409,0,1782360919.666713,0.002356290817260742
192993,normal,1493,0,1782360919.66854,0.0018270015716552734
192994,normal,3426,0,1782360919.6703598,0.0018198490142822266
192995,normal,1148,0,1782360919.6725476,0.0021877288818359375
192996,normal,158,0,1782360919.6744761,0.001928567886352539
192997,normal,1879,0,1782360919.676609,0.002132892608642578
192998,normal,2237,0,1782360919.6789002,0.0022912025451660156
192999,normal,1955,0,1782360919.6803856,0.0014853477478027344
193000,normal,3026,0,1782360919.6823437,0.001958131790161133
193001,normal,3190,1,1782360919.6843634,0.002019643783569336
193002,normal,2879,0,1782360919.6864095,0.0020461082458496094
193003,normal,1152,0,1782360919.6883702,0.00196075439453125
193004,normal,2432,0,1782360919.6905,0.002129793167114258
193005,normal,2484,0,1782360919.692428,0.001928091049194336
193006,normal,1532,0,1782360919.6943169,0.0018887519836425781
193007,normal,2809,0,1782360919.696437,0.0021200180053710938
193008,normal,868,2,1782360919.6983519,0.00191497802734375
193009,normal,2089,0,1782360919.700391,0.002039194107055664
193010,normal,2256,0,1782360919.7026017,0.0022106170654296875
193011,normal,1386,0,1782360919.704485,0.0018832683563232422
193012,normal,446,0,1782360919.7064342,0.001949310302734375
193013,normal,1908,0,1782360919.7085347,0.0021004676818847656
193014,normal,1206,0,1782360919.7105155,0.0019807815551757812
193015,normal,1218,0,1782360919.7128088,0.0022933483123779297
193016,normal,2971,0,1782360919.7148511,0.0020422935485839844
193017,normal,2485,0,1782360919.7163494,0.0014982223510742188
193018,normal,1184,0,1782360919.718504,0.0021545886993408203
193019,normal,906,2,1782360919.7203996,0.0018956661224365234
193020,normal,411,0,1782360919.722536,0.0021364688873291016
193021,normal,1458,0,1782360919.7244213,0.0018851757049560547
193022,normal,1021,2,1782360919.7266915,0.002270221710205078
193023,normal,2142,0,1782360919.7284849,0.0017933845520019531
193024,normal,493,0,1782360919.730501,0.0020160675048828125
193025,normal,890,2,1782360919.7326148,0.002113819122314453
193026,normal,2151,0,1782360919.7345138,0.0018990039825439453
193027,normal,745,0,1782360919.7363453,0.0018315315246582031
193028,normal,2933,0,1782360919.7384837,0.002138376235961914
193029,normal,2010,0,1782360919.7404466,0.001962900161743164
193030,normal,306,0,1782360919.7423735,0.0019268989562988281
193031,normal,2532,0,1782360919.7445269,0.0021533966064453125
193032,normal,1161,0,1782360919.7464685,0.001941680908203125
193033,normal,1954,0,1782360919.7483468,0.0018782615661621094
193034,normal,2499,0,1782360919.7505343,0.002187490463256836
193035,normal,3284,1,1782360919.752519,0.0019845962524414062
193036,normal,266,0,1782360919.754409,0.0018901824951171875
193037,normal,3357,1,1782360919.7565815,0.0021724700927734375
193038,normal,1499,0,1782360919.75836,0.0017783641815185547
193039,normal,2535,0,1782360919.7603624,0.0020024776458740234
193040,normal,2199,0,1782360919.7624533,0.002090930938720703
193041,normal,1374,1,1782360919.764432,0.001978635787963867
193042,normal,508,0,1782360919.7663703,0.0019383430480957031
193043,normal,3319,1,1782360919.768425,0.0020546913146972656
193044,normal,846,2,1782360919.770361,0.0019359588623046875
193045,normal,3106,1,1782360919.7723494,0.0019884109497070312
193046,normal,2375,0,1782360919.7745607,0.002211332321166992
193047,normal,260,0,1782360919.7764072,0.0018465518951416016
193048,normal,2826,0,1782360919.778373,0.001965761184692383
193049,normal,3201,1,1782360919.780471,0.00209808349609375
193050,normal,1714,0,1782360919.7824328,0.0019617080688476562
193051,normal,2839,0,1782360919.7843583,0.0019254684448242188
193052,normal,2120,0,1782360919.7864506,0.0020923614501953125
193053,normal,1452,0,1782360919.7883883,0.0019376277923583984
193054,normal,2674,0,1782360919.7903686,0.001980304718017578
193055,normal,231,0,1782360919.7924879,0.002119302749633789
193056,normal,1880,0,1782360919.79444,0.0019521713256835938
193057,normal,3322,1,1782360919.7964463,0.0020062923431396484
193058,normal,395,0,1782360919.7983751,0.0019288063049316406
193059,normal,1963,0,1782360919.8004103,0.0020351409912109375
193060,normal,2300,0,1782360919.8024058,0.001995563507080078
193061,normal,702,0,1782360919.8043473,0.0019414424896240234
193062,normal,233,0,1782360919.8063796,0.0020322799682617188
193063,normal,1038,0,1782360919.8083515,0.0019719600677490234
193064,normal,1800,0,1782360919.8104427,0.0020911693572998047
193065,normal,1492,0,1782360919.812458,0.002015352249145508
193066,normal,1398,0,1782360919.814403,0.0019450187683105469
193067,normal,2433,0,1782360919.8163993,0.001996278762817383
193068,normal,1480,0,1782360919.8185022,0.0021028518676757812
193069,normal,1116,0,1782360919.8203986,0.0018963813781738281
193070,normal,701,0,1782360919.822521,0.0021224021911621094
193071,normal,1679,0,1782360919.8244474,0.001926422119140625
193072,normal,3466,0,1782360919.8264227,0.0019752979278564453
193073,normal,959,2,1782360919.8284068,0.001984119415283203
193074,normal,2008,0,1782360919.830376,0.0019690990447998047
193075,normal,1025,2,1782360919.832341,0.001965045928955078
193076,normal,2165,0,1782360919.8344443,0.0021033287048339844
193077,normal,1936,0,1782360919.8363655,0.0019211769104003906
193078,normal,1803,0,1782360919.8383865,0.0020210742950439453
193079,normal,3655,0,1782360919.8404398,0.0020532608032226562
193080,normal,3140,1,1782360919.8423464,0.0019066333770751953
193081,normal,380,0,1782360919.8443406,0.0019941329956054688
193082,normal,86,0,1782360919.846296,0.0019555091857910156
193083,normal,2899,0,1782360919.8486092,0.0023131370544433594
193084,normal,642,0,1782360919.8504531,0.0018439292907714844
193085,normal,1111,0,1782360919.8523588,0.001905679702758789
193086,normal,2941,0,1782360919.854406,0.002047300338745117
193087,normal,3063,1,1782360919.8563058,0.00189971923828125
193088,normal,3281,1,1782360919.858328,0.002022266387939453
193089,normal,3229,1,1782360919.8604565,0.0021283626556396484
193090,normal,2259,0,1782360919.8624237,0.001967191696166992
193091,normal,435,0,1782360919.8643193,0.0018956661224365234
193092,normal,1520,0,1782360919.8664148,0.002095460891723633
193093,normal,1793,0,1782360919.8683014,0.001886606216430664
193094,normal,2850,0,1782360919.870453,0.0021514892578125
193095,normal,188,0,1782360919.872523,0.002070188522338867
193096,normal,503,0,1782360919.8743904,0.0018672943115234375
193097,normal,2125,0,1782360919.8765705,0.0021800994873046875
193098,normal,687,0,1782360919.8784754,0.0019049644470214844
193099,normal,1791,0,1782360919.8803892,0.0019137859344482422
193100,normal,740,0,1782360919.8830504,0.0026612281799316406
193101,normal,1761,0,1782360919.8847675,0.0017170906066894531
193102,normal,2356,0,1782360919.8863156,0.0015480518341064453
193103,normal,930,2,1782360919.888544,0.0022284984588623047
193104,normal,338,0,1782360919.890458,0.0019140243530273438
193105,normal,3316,1,1782360919.8923895,0.0019314289093017578
193106,normal,131,0,1782360919.8946168,0.002227306365966797
193107,normal,1207,0,1782360919.8965583,0.0019414424896240234
193108,normal,2174,0,1782360919.8984752,0.0019168853759765625
193109,normal,358,0,1782360919.9004102,0.0019350051879882812
193110,normal,2112,0,1782360919.902439,0.002028942108154297
193111,normal,2628,0,1782360919.904469,0.002029895782470703
193112,normal,2393,0,1782360919.9065769,0.002107858657836914
193113,normal,1798,0,1782360919.9087257,0.002148866653442383
193114,normal,1361,1,1782360919.9105155,0.0017898082733154297
193115,normal,2222,0,1782360919.9124084,0.0018928050994873047
193116,normal,1312,0,1782360919.9145026,0.002094268798828125
193117,normal,2130,0,1782360919.9164054,0.0019028186798095703
193118,normal,808,2,1782360919.9186172,0.0022118091583251953
193119,normal,385,0,1782360919.9204602,0.0018429756164550781
193120,normal,1729,0,1782360919.922444,0.0019838809967041016
193121,normal,866,2,1782360919.924435,0.001990795135498047
193122,normal,547,0,1782360919.9265049,0.0020699501037597656
193123,normal,2577,0,1782360919.928398,0.0018930435180664062
193124,normal,3353,1,1782360919.9305975,0.0021996498107910156
193125,normal,1489,0,1782360919.9325252,0.0019276142120361328
193126,normal,1552,0,1782360919.9344676,0.0019423961639404297
193127,normal,1926,0,1782360919.9363842,0.001916646957397461
193128,normal,469,0,1782360919.9384973,0.0021131038665771484
193129,normal,342,0,1782360919.9403713,0.0018739700317382812
193130,normal,1623,0,1782360919.9424422,0.002070903778076172
193131,normal,3053,1,1782360919.9447327,0.002290487289428711
193132,normal,3081,1,1782360919.9463825,0.0016498565673828125
193133,normal,1815,0,1782360919.9487488,0.002366304397583008
193134,normal,1068,0,1782360919.950614,0.0018651485443115234
193135,normal,3438,0,1782360919.9525092,0.0018951892852783203
193136,normal,2468,0,1782360919.9543548,0.0018455982208251953
193137,normal,1389,0,1782360919.9564643,0.002109527587890625
193138,normal,356,0,1782360919.9583912,0.0019268989562988281
193139,normal,619,0,1782360919.9605162,0.0021250247955322266
193140,normal,2978,0,1782360919.9624248,0.0019085407257080078
193141,normal,3030,0,1782360919.9647481,0.0023233890533447266
193142,normal,3267,1,1782360919.9664588,0.001710653305053711
193143,normal,3293,1,1782360919.9687757,0.0023169517517089844
193144,normal,551,0,1782360919.9706514,0.0018756389617919922
193145,normal,3015,0,1782360919.972509,0.0018575191497802734
193146,normal,1551,0,1782360919.9746091,0.002100229263305664
193147,normal,1619,0,1782360919.9764779,0.0018687248229980469
193148,normal,3556,0,1782360919.9786139,0.0021359920501708984
193149,normal,2636,0,1782360919.9807007,0.0020868778228759766
193150,normal,2057,0,1782360919.9823735,0.0016727447509765625
193151,normal,739,0,1782360919.9845757,0.002202272415161133
193152,normal,457,0,1782360919.9865742,0.001998424530029297
193153,normal,1362,1,1782360919.9887054,0.002131223678588867
193154,normal,2706,0,1782360919.9906218,0.0019164085388183594
193155,normal,1195,0,1782360919.9927025,0.002080678939819336
193156,normal,3397,1,1782360919.994498,0.0017955303192138672
193157,normal,1513,0,1782360919.9965992,0.0021011829376220703
193158,normal,2722,0,1782360919.998596,0.001996755599975586
193159,normal,3443,0,1782360920.0005777,0.0019817352294921875
193160,normal,2003,0,1782360920.002488,0.0019102096557617188
193161,normal,176,0,1782360920.0045717,0.0020837783813476562
193162,normal,478,0,1782360920.006496,0.001924276351928711
193163,normal,3497,0,1782360920.0086243,0.0021283626556396484
193164,normal,73,0,1782360920.0105112,0.0018868446350097656
193165,normal,2925,0,1782360920.0125616,0.0020503997802734375
193166,normal,2323,0,1782360920.0145273,0.001965761184692383
193167,normal,710,0,1782360920.0166283,0.0021009445190429688
193168,normal,2126,0,1782360920.0185251,0.0018968582153320312
193169,normal,2614,0,1782360920.0206995,0.00217437744140625
193170,normal,1272,0,1782360920.0227895,0.002089977264404297
193171,normal,1484,0,1782360920.024517,0.0017275810241699219
193172,normal,2724,0,1782360920.0265546,0.002037525177001953
193173,normal,923,2,1782360920.028574,0.0020194053649902344
193174,normal,3510,0,1782360920.0304825,0.0019085407257080078
193175,normal,3257,1,1782360920.0325608,0.0020782947540283203
193176,normal,1609,0,1782360920.0348222,0.0022614002227783203
193177,normal,2273,0,1782360920.0368478,0.002025604248046875
193178,normal,3578,0,1782360920.0385606,0.001712799072265625
193179,normal,601,0,1782360920.0408974,0.002336740493774414
193180,normal,729,0,1782360920.0426269,0.0017294883728027344
193181,normal,1932,0,1782360920.0447772,0.002150297164916992
193182,normal,2805,0,1782360920.04731,0.002532958984375
193183,normal,2849,0,1782360920.0485966,0.0012865066528320312
193184,normal,3677,0,1782360920.0504787,0.0018820762634277344
193185,normal,822,2,1782360920.0523756,0.0018968582153320312
193186,normal,2005,0,1782360920.0543802,0.0020046234130859375
193187,normal,1331,1,1782360920.0564277,0.0020475387573242188
193188,normal,2982,0,1782360920.0584042,0.001976490020751953
193189,normal,2181,0,1782360920.0603776,0.001973390579223633
193190,normal,2551,0,1782360920.0624485,0.002070903778076172
193191,normal,3482,0,1782360920.064402,0.001953601837158203
193192,normal,3425,0,1782360920.0663822,0.0019800662994384766
193193,normal,2626,0,1782360920.068375,0.001992940902709961
193194,normal,2687,0,1782360920.0704014,0.0020263195037841797
193195,normal,3530,0,1782360920.0724971,0.0020956993103027344
193196,normal,927,2,1782360920.0743263,0.0018291473388671875
193197,normal,592,0,1782360920.0763228,0.0019965171813964844
193198,normal,3249,1,1782360920.0783975,0.002074718475341797
193199,normal,3276,1,1782360920.0804398,0.0020422935485839844
193200,normal,956,2,1782360920.0824924,0.0020525455474853516
193201,normal,3458,0,1782360920.0844722,0.001979827880859375
193202,normal,515,0,1782360920.0866416,0.002169370651245117
193203,normal,1968,0,1782360920.088627,0.0019855499267578125
193204,normal,3577,0,1782360920.0905795,0.0019524097442626953
193205,normal,2297,0,1782360920.092445,0.001865386962890625
193206,normal,1110,0,1782360920.0947776,0.0023326873779296875
193207,normal,2680,0,1782360920.0964608,0.0016832351684570312
193208,normal,1178,0,1782360920.0988054,0.0023446083068847656
193209,normal,3236,1,1782360920.1004472,0.0016417503356933594
193210,normal,1625,0,1782360920.1028152,0.0023679733276367188
193211,normal,2953,0,1782360920.104431,0.001615762710571289
193212,normal,882,2,1782360920.106799,0.0023679733276367188
193213,normal,2417,0,1782360920.108433,0.0016341209411621094
193214,normal,3101,1,1782360920.110799,0.0023660659790039062
193215,normal,1537,0,1782360920.1128619,0.0020627975463867188
193216,normal,2720,0,1782360920.114843,0.001981019973754883
193217,normal,352,0,1782360920.1168456,0.002002716064453125
193218,normal,1357,1,1782360920.118815,0.0019693374633789062
193219,normal,1603,0,1782360920.120701,0.001886129379272461
193220,normal,143,0,1782360920.1227107,0.0020096302032470703
193221,normal,699,0,1782360920.1250625,0.0023517608642578125
193222,normal,2124,0,1782360920.126432,0.001369476318359375
193223,normal,3023,0,1782360920.129354,0.00292205810546875
193224,normal,2426,0,1782360920.1304133,0.0010592937469482422
193225,normal,3024,0,1782360920.1324446,0.0020313262939453125
193226,normal,3449,0,1782360920.1344304,0.001985788345336914
193227,normal,644,0,1782360920.1365237,0.0020933151245117188
193228,normal,570,0,1782360920.1383967,0.001873016357421875
193229,normal,1872,0,1782360920.1407785,0.0023818016052246094
193230,normal,21,0,1782360920.1424897,0.001711130142211914
193231,normal,1576,0,1782360920.1446111,0.002121448516845703
193232,normal,2621,0,1782360920.1466355,0.002024412155151367
193233,normal,987,2,1782360920.148798,0.002162456512451172
193234,normal,697,0,1782360920.150439,0.0016410350799560547
193235,normal,1732,0,1782360920.152794,0.002354860305786133
193236,normal,3330,1,1782360920.1544864,0.0016925334930419922
193237,normal,2818,0,1782360920.1569154,0.0024290084838867188
193238,normal,3271,1,1782360920.1588218,0.0019063949584960938
193239,normal,410,0,1782360920.1608791,0.002057313919067383
193240,normal,546,0,1782360920.1629443,0.0020651817321777344
193241,normal,778,2,1782360920.164612,0.0016677379608154297
193242,normal,2655,0,1782360920.1666424,0.0020303726196289062
193243,normal,3405,0,1782360920.1685688,0.001926422119140625
193244,normal,119,0,1782360920.1706266,0.002057790756225586
193245,normal,539,0,1782360920.1728156,0.0021889209747314453
193246,normal,965,2,1782360920.1744487,0.0016331672668457031
193247,normal,717,0,1782360920.1767647,0.002315998077392578
193248,normal,479,0,1782360920.1784732,0.0017085075378417969
193249,normal,2437,0,1782360920.1807847,0.0023114681243896484
193250,normal,374,0,1782360920.182463,0.0016782283782958984
193251,normal,529,0,1782360920.1848187,0.002355813980102539
193252,normal,3404,0,1782360920.1864312,0.0016124248504638672
193253,normal,63,0,1782360920.188795,0.002363920211791992
193254,normal,3392,1,1782360920.190453,0.0016579627990722656
193255,normal,157,0,1782360920.1928277,0.0023746490478515625
193256,normal,3699,0,1782360920.1944315,0.001603841781616211
193257,normal,321,0,1782360920.1970448,0.0026133060455322266
193258,normal,68,0,1782360920.1984265,0.0013816356658935547
193259,normal,2609,0,1782360920.200594,0.0021674633026123047
193260,normal,566,0,1782360920.2026331,0.002039194107055664
193261,normal,862,2,1782360920.2046204,0.0019872188568115234
193262,normal,700,0,1782360920.2064316,0.0018112659454345703
193263,normal,873,2,1782360920.2088213,0.002389669418334961
193264,normal,3340,1,1782360920.2104304,0.0016090869903564453
193265,normal,1868,0,1782360920.2133899,0.0029594898223876953
193266,normal,3678,0,1782360920.214491,0.0011010169982910156
193267,normal,3020,0,1782360920.2167847,0.002293825149536133
193268,normal,3431,0,1782360920.2184634,0.0016787052154541016
193269,normal,408,0,1782360920.220777,0.0023136138916015625
193270,normal,3210,1,1782360920.222426,0.0016489028930664062
193271,normal,1243,0,1782360920.2248182,0.002392292022705078
193272,normal,1445,0,1782360920.226451,0.0016326904296875
193273,normal,1351,1,1782360920.2288246,0.0023736953735351562
193274,normal,511,0,1782360920.2304347,0.0016100406646728516
193275,normal,770,0,1782360920.2328057,0.002371072769165039
193276,normal,3624,0,1782360920.2344308,0.00162506103515625
193277,normal,3613,0,1782360920.2367795,0.002348661422729492
193278,normal,3410,0,1782360920.2384562,0.001676797866821289
193279,normal,1504,0,1782360920.2408257,0.002369403839111328
193280,normal,705,0,1782360920.2424386,0.0016129016876220703
193281,normal,256,0,1782360920.2447906,0.002351999282836914
193282,normal,1690,0,1782360920.246432,0.0016415119171142578
193283,normal,1329,1,1782360920.2487736,0.0023415088653564453
193284,normal,2481,0,1782360920.250452,0.001678466796875
193285,normal,2528,0,1782360920.2528296,0.0023775100708007812
193286,normal,2560,0,1782360920.2544315,0.0016019344329833984
193287,normal,1736,0,1782360920.256793,0.0023615360260009766
193288,normal,1964,0,1782360920.2584355,0.001642465591430664
193289,normal,178,0,1782360920.260789,0.0023534297943115234
193290,normal,115,0,1782360920.2624636,0.001674652099609375
193291,normal,588,0,1782360920.2649744,0.0025107860565185547
193292,normal,3579,0,1782360920.2668967,0.0019223690032958984
193293,normal,3242,1,1782360920.2687945,0.0018978118896484375
193294,normal,591,0,1782360920.2710946,0.0023000240325927734
193295,normal,3121,1,1782360920.2734034,0.0023088455200195312
193296,normal,3607,0,1782360920.2744424,0.0010390281677246094
193297,normal,1960,0,1782360920.2767982,0.002355813980102539
193298,normal,2341,0,1782360920.278465,0.0016667842864990234
193299,normal,3398,1,1782360920.280821,0.0023560523986816406
193300,normal,3185,1,1782360920.2824347,0.001613616943359375
193301,normal,367,0,1782360920.2847872,0.002352476119995117
193302,normal,2406,0,1782360920.286456,0.0016689300537109375
193303,normal,853,2,1782360920.288827,0.0023708343505859375
193304,normal,731,0,1782360920.2904344,0.0016074180603027344
193305,normal,2517,0,1782360920.2927945,0.002360105514526367
193306,normal,2252,0,1782360920.294428,0.0016336441040039062
193307,normal,1578,0,1782360920.2967894,0.002361297607421875
193308,normal,1201,0,1782360920.298495,0.0017056465148925781
193309,normal,1426,0,1782360920.300812,0.0023169517517089844
193310,normal,2929,0,1782360920.3024352,0.0016231536865234375
193311,normal,1894,0,1782360920.3047857,0.0023505687713623047
193312,normal,2457,0,1782360920.306438,0.0016522407531738281
193313,normal,2446,0,1782360920.308786,0.0023479461669921875
193314,normal,100,0,1782360920.3104527,0.0016667842864990234
193315,normal,2828,0,1782360920.3128333,0.0023806095123291016
193316,normal,2837,0,1782360920.3144305,0.0015971660614013672
193317,normal,1338,1,1782360920.3167982,0.002367734909057617
193318,normal,1188,0,1782360920.3184335,0.0016353130340576172
193319,normal,2578,0,1782360920.320789,0.0023555755615234375
193320,normal,2465,0,1782360920.322458,0.0016689300537109375
193321,normal,1420,0,1782360920.324558,0.0020999908447265625
193322,normal,2829,0,1782360920.326775,0.0022170543670654297
193323,normal,3527,0,1782360920.328466,0.0016908645629882812
193324,normal,3332,1,1782360920.3307848,0.002318859100341797
193325,normal,3196,1,1782360920.3324487,0.0016639232635498047
193326,normal,3155,1,1782360920.3348165,0.002367734909057617
193327,normal,2932,0,1782360920.336831,0.002014636993408203
193328,normal,212,0,1782360920.3386116,0.0017805099487304688
193329,normal,2785,0,1782360920.3408062,0.002194643020629883
193330,normal,3622,0,1782360920.3424299,0.0016236305236816406
193331,normal,845,2,1782360920.34479,0.002360105514526367
193332,normal,3589,0,1782360920.3464556,0.0016655921936035156
193333,normal,315,0,1782360920.348976,0.002520322799682617
193334,normal,1343,1,1782360920.3504305,0.0014545917510986328
193335,normal,3149,1,1782360920.3523803,0.0019497871398925781
193336,normal,750,0,1782360920.3544688,0.0020885467529296875
193337,normal,2585,0,1782360920.356356,0.0018870830535888672
193338,normal,640,0,1782360920.3584874,0.0021314620971679688
193339,normal,451,0,1782360920.3605483,0.0020608901977539062
193340,normal,1777,0,1782360920.36247,0.0019216537475585938
193341,normal,1142,0,1782360920.3645577,0.002087831497192383
193342,normal,892,2,1782360920.3664703,0.0019125938415527344
193343,normal,2452,0,1782360920.3688536,0.0023832321166992188
193344,normal,1852,0,1782360920.3704276,0.0015740394592285156
193345,normal,3621,0,1782360920.3728056,0.0023779869079589844
193346,normal,2856,0,1782360920.3743935,0.0015878677368164062
193347,normal,2114,0,1782360920.376481,0.0020875930786132812
193348,normal,2127,0,1782360920.378448,0.0019669532775878906
193349,normal,3474,0,1782360920.3803794,0.0019314289093017578
193350,normal,1747,0,1782360920.3823924,0.002012968063354492
193351,normal,1371,1,1782360920.384369,0.001976490020751953
193352,normal,2243,0,1782360920.3863566,0.0019876956939697266
193353,normal,2735,0,1782360920.3883626,0.002006053924560547
193354,normal,1768,0,1782360920.390422,0.002059459686279297
193355,normal,1544,0,1782360920.392413,0.001990795135498047
193356,normal,274,0,1782360920.3945723,0.0021593570709228516
193357,normal,999,2,1782360920.3964727,0.0019004344940185547
193358,normal,2093,0,1782360920.3988526,0.002379894256591797
193359,normal,471,0,1782360920.4004073,0.001554727554321289
193360,normal,2712,0,1782360920.4026122,0.00220489501953125
193361,normal,1217,0,1782360920.4044545,0.0018422603607177734
193362,normal,3061,1,1782360920.4065788,0.002124309539794922
193363,normal,311,0,1782360920.4084005,0.001821756362915039
193364,normal,1254,0,1782360920.410755,0.0023543834686279297
193365,normal,1562,0,1782360920.412453,0.0016980171203613281
193366,normal,1774,0,1782360920.4146285,0.002175569534301758
193367,normal,247,0,1782360920.4165335,0.0019049644470214844
193368,normal,2305,0,1782360920.4186485,0.002115011215209961
193369,normal,448,0,1782360920.4204059,0.0017573833465576172
193370,normal,989,2,1782360920.422535,0.002129077911376953
193371,normal,2562,0,1782360920.4246569,0.0021219253540039062
193372,normal,2215,0,1782360920.4264007,0.0017437934875488281
193373,normal,281,0,1782360920.4289167,0.002516031265258789
193374,normal,3268,1,1782360920.43043,0.0015132427215576172
193375,normal,3662,0,1782360920.4326243,0.0021944046020507812
193376,normal,2793,0,1782360920.4348893,0.0022649765014648438
193377,normal,1567,0,1782360920.4368358,0.0019464492797851562
193378,normal,849,2,1782360920.4388213,0.0019855499267578125
193379,normal,3099,1,1782360920.4407923,0.001971006393432617
193380,normal,3126,1,1782360920.4425642,0.0017719268798828125
193381,normal,3345,1,1782360920.4448948,0.0023305416107177734
193382,normal,3160,1,1782360920.4469023,0.0020074844360351562
193383,normal,426,0,1782360920.4486234,0.0017211437225341797
193384,normal,40,0,1782360920.450897,0.0022735595703125
193385,normal,1805,0,1782360920.4531264,0.002229452133178711
193386,normal,1181,0,1782360920.4548292,0.0017027854919433594
193387,normal,3311,1,1782360920.4569316,0.002102375030517578
193388,normal,437,0,1782360920.4588223,0.0018906593322753906
193389,normal,2140,0,1782360920.4606283,0.001806020736694336
193390,normal,2113,0,1782360920.462919,0.0022907257080078125
193391,normal,403,0,1782360920.4648185,0.0018994808197021484
193392,normal,1376,1,1782360920.4667585,0.001940011978149414
193393,normal,2094,0,1782360920.4686203,0.0018618106842041016
193394,normal,2149,0,1782360920.4709113,0.002290964126586914
193395,normal,3488,0,1782360920.472575,0.0016636848449707031
193396,normal,2548,0,1782360920.47486,0.002285003662109375
193397,normal,1843,0,1782360920.4767625,0.0019025802612304688
193398,normal,1905,0,1782360920.4785628,0.0018002986907958984
193399,normal,3250,1,1782360920.4812372,0.0026743412017822266
193400,normal,1326,1,1782360920.4834733,0.0022361278533935547
193401,normal,3364,1,1782360920.4852395,0.001766204833984375
193402,normal,2573,0,1782360920.4872587,0.002019166946411133
193403,normal,1174,0,1782360920.4883635,0.0011048316955566406
193404,normal,2014,0,1782360920.4905403,0.0021767616271972656
193405,normal,590,0,1782360920.4924288,0.0018885135650634766
193406,normal,816,2,1782360920.4949002,0.002471446990966797
193407,normal,3065,1,1782360920.496431,0.0015308856964111328
193408,normal,2514,0,1782360920.4988503,0.0024192333221435547
193409,normal,761,0,1782360920.500795,0.0019445419311523438
193410,normal,1614,0,1782360920.5027277,0.0019328594207763672
193411,normal,825,2,1782360920.50476,0.0020322799682617188
193412,normal,3625,0,1782360920.5065722,0.0018122196197509766
193413,normal,623,0,1782360920.5085628,0.0019905567169189453
193414,normal,1979,0,1782360920.5106835,0.0021207332611083984
193415,normal,698,0,1782360920.512575,0.0018913745880126953
193416,normal,264,0,1782360920.5145733,0.001998424530029297
193417,normal,3581,0,1782360920.516681,0.0021076202392578125
193418,normal,1944,0,1782360920.5185716,0.0018906593322753906
193419,normal,419,0,1782360920.5205607,0.001989126205444336
193420,normal,8,0,1782360920.5226567,0.002095937728881836
193421,normal,3238,1,1782360920.524616,0.0019593238830566406
193422,normal,2740,0,1782360920.526757,0.0021409988403320312
193423,normal,1727,0,1782360920.5290565,0.0022995471954345703
193424,normal,297,0,1782360920.530836,0.0017795562744140625
193425,normal,1984,0,1782360920.5326371,0.0018010139465332031
193426,normal,2893,0,1782360920.534945,0.002307891845703125
193427,normal,3215,1,1782360920.5368543,0.0019092559814453125
193428,normal,3049,1,1782360920.5387495,0.0018951892852783203
193429,normal,3057,1,1782360920.5411239,0.002374410629272461
193430,normal,1134,0,1782360920.542884,0.001760244369506836
193431,normal,794,2,1782360920.5446436,0.0017595291137695312
193432,normal,2624,0,1782360920.5467696,0.002125978469848633
193433,normal,270,0,1782360920.5487173,0.001947641372680664
193434,normal,1476,0,1782360920.5505056,0.0017883777618408203
193435,normal,2053,0,1782360920.552738,0.0022323131561279297
193436,normal,2741,0,1782360920.5547557,0.0020177364349365234
193437,normal,3582,0,1782360920.5567281,0.0019724369049072266
193438,normal,3437,0,1782360920.5587523,0.0020241737365722656
193439,normal,908,2,1782360920.5607579,0.0020055770874023438
193440,normal,2627,0,1782360920.562562,0.0018041133880615234
193441,normal,2948,0,1782360920.565015,0.0024530887603759766
193442,normal,3452,0,1782360920.5666997,0.0016846656799316406
193443,normal,3301,1,1782360920.5686414,0.001941680908203125
193444,normal,554,0,1782360920.57063,0.001988649368286133
193445,normal,2000,0,1782360920.5726485,0.002018451690673828
193446,normal,949,2,1782360920.5748298,0.0021812915802001953
193447,normal,1906,0,1782360920.5772197,0.0023899078369140625
193448,normal,2248,0,1782360920.5794232,0.0022034645080566406
193449,normal,3,0,1782360920.5804758,0.0010526180267333984
193450,normal,577,0,1782360920.5828745,0.0023987293243408203
193451,normal,2931,0,1782360920.5849204,0.002045869827270508
193452,normal,3347,1,1782360920.5866554,0.0017349720001220703
193453,normal,2656,0,1782360920.5886085,0.001953125
193454,normal,1306,0,1782360920.5907564,0.0021479129791259766
193455,normal,964,2,1782360920.5927384,0.001981973648071289
193456,normal,2642,0,1782360920.5951626,0.0024242401123046875
193457,normal,2095,0,1782360920.5972576,0.0020949840545654297
193458,normal,3133,1,1782360920.5992684,0.002010822296142578
193459,normal,1198,0,1782360920.600447,0.0011785030364990234
193460,normal,1505,0,1782360920.60291,0.002463102340698242
193461,normal,502,0,1782360920.6044033,0.001493215560913086
193462,normal,2780,0,1782360920.6064107,0.0020074844360351562
193463,normal,1059,0,1782360920.6087503,0.002339601516723633
193464,normal,925,2,1782360920.610499,0.0017485618591308594
193465,normal,3529,0,1782360920.6124115,0.0019125938415527344
193466,normal,3680,0,1782360920.614722,0.002310514450073242
193467,normal,415,0,1782360920.6164854,0.0017633438110351562
193468,normal,3628,0,1782360920.6183736,0.001888275146484375
193469,normal,608,0,1782360920.62053,0.0021562576293945312
193470,normal,18,0,1782360920.6224246,0.0018947124481201172
193471,normal,3014,0,1782360920.6243691,0.0019445419311523438
193472,normal,3158,1,1782360920.6265311,0.0021619796752929688
193473,normal,3241,1,1782360920.6284575,0.001926422119140625
193474,normal,2815,0,1782360920.630375,0.0019173622131347656
193475,normal,1650,0,1782360920.6325564,0.002181529998779297
193476,normal,1786,0,1782360920.6344247,0.0018682479858398438
193477,normal,83,0,1782360920.6363697,0.0019450187683105469
193478,normal,2296,0,1782360920.638531,0.002161264419555664
193479,normal,2765,0,1782360920.640425,0.0018939971923828125
193480,normal,33,0,1782360920.6423676,0.0019426345825195312
193481,normal,567,0,1782360920.6445343,0.002166748046875
193482,normal,2311,0,1782360920.6464236,0.0018892288208007812
193483,normal,255,0,1782360920.648369,0.00194549560546875
193484,normal,937,2,1782360920.6505296,0.0021605491638183594
193485,normal,3134,1,1782360920.652445,0.0019154548645019531
193486,normal,733,0,1782360920.6543498,0.0019047260284423828
193487,normal,2576,0,1782360920.656445,0.0020952224731445312
193488,normal,3573,0,1782360920.658411,0.0019659996032714844
193489,normal,3457,0,1782360920.6606247,0.002213716506958008
193490,normal,1539,0,1782360920.662525,0.0019001960754394531
193491,normal,2065,0,1782360920.6646256,0.002100706100463867
193492,normal,932,2,1782360920.6663997,0.0017740726470947266
193493,normal,528,0,1782360920.6687558,0.0023560523986816406
193494,normal,2601,0,1782360920.6705399,0.0017840862274169922
193495,normal,2524,0,1782360920.6724436,0.0019037723541259766
193496,normal,1034,0,1782360920.674747,0.0023033618927001953
193497,normal,1237,0,1782360920.6765366,0.0017895698547363281
193498,normal,1546,0,1782360920.6785355,0.0019989013671875
193499,normal,519,0,1782360920.680771,0.0022356510162353516
193500,normal,1327,1,1782360920.6824129,0.0016417503356933594
193501,normal,1143,0,1782360920.684623,0.0022101402282714844
193502,normal,835,2,1782360920.6865273,0.0019042491912841797
193503,normal,2666,0,1782360920.688549,0.00202178955078125
193504,normal,3413,0,1782360920.6904423,0.0018932819366455078
193505,normal,2118,0,1782360920.6927319,0.0022895336151123047
193506,normal,1193,0,1782360920.6946516,0.0019197463989257812
193507,normal,230,0,1782360920.696405,0.0017533302307128906
193508,normal,3069,1,1782360920.6988926,0.002487659454345703
193509,normal,1305,0,1782360920.7005637,0.0016710758209228516
193510,normal,1294,0,1782360920.7024562,0.0018925666809082031
193511,normal,1192,0,1782360920.70475,0.002293825149536133
193512,normal,12,0,1782360920.7065144,0.0017642974853515625
193513,normal,1441,0,1782360920.708441,0.0019266605377197266
193514,normal,1745,0,1782360920.7107744,0.002333402633666992
193515,normal,975,2,1782360920.7124646,0.0016901493072509766
193516,normal,194,0,1782360920.7145684,0.0021038055419921875
193517,normal,1079,0,1782360920.7164998,0.0019314289093017578
193518,normal,1370,1,1782360920.718635,0.0021352767944335938
193519,normal,3477,0,1782360920.7204392,0.0018041133880615234
193520,normal,2537,0,1782360920.7227445,0.002305269241333008
193521,normal,1713,0,1782360920.7246215,0.0018770694732666016
193522,normal,2568,0,1782360920.7264032,0.0017817020416259766
193523,normal,3171,1,1782360920.7287533,0.0023500919342041016
193524,normal,2881,0,1782360920.730499,0.0017457008361816406
193525,normal,2945,0,1782360920.7324424,0.001943349838256836
193526,normal,1113,0,1782360920.7347488,0.0023064613342285156
193527,normal,25,0,1782360920.7364717,0.0017228126525878906
193528,normal,417,0,1782360920.7385623,0.0020906925201416016
193529,normal,218,0,1782360920.7405097,0.0019474029541015625
193530,normal,2325,0,1782360920.7425668,0.0020570755004882812
193531,normal,3025,0,1782360920.7444353,0.0018684864044189453
193532,normal,2981,0,1782360920.7468865,0.002451181411743164
193533,normal,852,2,1782360920.7486062,0.0017197132110595703
193534,normal,3528,0,1782360920.7504344,0.0018281936645507812
193535,normal,3511,0,1782360920.7528043,0.0023698806762695312
193536,normal,3444,0,1782360920.75445,0.001645803451538086
193537,normal,375,0,1782360920.7567658,0.0023157596588134766
193538,normal,2539,0,1782360920.7584002,0.001634359359741211
193539,normal,3540,0,1782360920.760463,0.0020627975463867188
193540,normal,2007,0,1782360920.762511,0.002048015594482422
193541,normal,3419,0,1782360920.7645369,0.0020258426666259766
193542,normal,802,2,1782360920.7664037,0.0018668174743652344
193543,normal,3495,0,1782360920.768495,0.0020914077758789062
193544,normal,2586,0,1782360920.770574,0.002079010009765625
193545,normal,771,0,1782360920.7724047,0.0018305778503417969
193546,normal,3468,0,1782360920.774516,0.0021114349365234375
193547,normal,3060,1,1782360920.7765048,0.001988649368286133
193548,normal,2738,0,1782360920.7784355,0.0019307136535644531
193549,normal,2347,0,1782360920.7805135,0.0020780563354492188
193550,normal,81,0,1782360920.7825346,0.0020210742950439453
193551,normal,1653,0,1782360920.7844412,0.0019066333770751953
193552,normal,1332,1,1782360920.7865028,0.002061605453491211
193553,normal,1731,0,1782360920.7885535,0.002050638198852539
193554,normal,2901,0,1782360920.7904382,0.0018846988677978516
193555,normal,2902,0,1782360920.7925048,0.0020666122436523438
193556,normal,3701,0,1782360920.7946494,0.0021445751190185547
193557,normal,296,0,1782360920.7964,0.0017507076263427734
193558,normal,2527,0,1782360920.798504,0.002104043960571289
193559,normal,104,0,1782360920.8004944,0.0019903182983398438
193560,normal,1646,0,1782360920.802435,0.0019404888153076172
193561,normal,56,0,1782360920.8044984,0.0020635128021240234
193562,normal,2596,0,1782360920.80648,0.001981496810913086
193563,normal,3516,0,1782360920.8084412,0.001961231231689453
193564,normal,1502,0,1782360920.8105264,0.0020852088928222656
193565,normal,1196,0,1782360920.8123858,0.001859426498413086
193566,normal,2096,0,1782360920.8146365,0.00225067138671875
193567,normal,324,0,1782360920.8164248,0.0017883777618408203
193568,normal,1997,0,1782360920.8186328,0.0022079944610595703
193569,normal,2649,0,1782360920.820403,0.0017702579498291016
193570,normal,2848,0,1782360920.8225079,0.0021047592163085938
193571,normal,185,0,1782360920.824521,0.0020132064819335938
193572,normal,1399,0,1782360920.8264618,0.0019407272338867188
193573,normal,1802,0,1782360920.8284998,0.0020380020141601562
193574,normal,1323,1,1782360920.8304873,0.001987457275390625
193575,normal,130,0,1782360920.832437,0.0019497871398925781
193576,normal,2705,0,1782360920.834501,0.0020639896392822266
193577,normal,3381,1,1782360920.8364983,0.001997232437133789
193578,normal,3587,0,1782360920.838436,0.0019376277923583984
193579,normal,1235,0,1782360920.8404977,0.0020618438720703125
193580,normal,365,0,1782360920.8426352,0.002137422561645508
193581,normal,796,2,1782360920.8443995,0.0017642974853515625
193582,normal,967,2,1782360920.8464868,0.0020873546600341797
193583,normal,383,0,1782360920.8486397,0.0021529197692871094
193584,normal,1969,0,1782360920.8504093,0.0017695426940917969
193585,normal,1355,1,1782360920.852512,0.0021026134490966797
193586,normal,827,2,1782360920.8544307,0.001918792724609375
193587,normal,2490,0,1782360920.856535,0.0021042823791503906
193588,normal,1456,0,1782360920.858391,0.001856088638305664
193589,normal,751,0,1782360920.8606315,0.002240419387817383
193590,normal,1708,0,1782360920.8623962,0.0017647743225097656
193591,normal,538,0,1782360920.8645053,0.002109050750732422
193592,normal,2387,0,1782360920.8665416,0.0020363330841064453
193593,normal,2679,0,1782360920.868432,0.001890420913696289
193594,normal,2318,0,1782360920.8705127,0.002080678939819336
193595,normal,517,0,1782360920.8724964,0.001983642578125
193596,normal,773,2,1782360920.8746438,0.0021474361419677734
193597,normal,620,0,1782360920.8763852,0.0017414093017578125
193598,normal,65,0,1782360920.87863,0.002244710922241211
193599,normal,860,2,1782360920.8804367,0.0018067359924316406
193600,normal,2700,0,1782360920.882502,0.002065420150756836
193601,normal,583,0,1782360920.8845325,0.0020303726196289062
193602,normal,1750,0,1782360920.8863978,0.001865386962890625
193603,normal,2085,0,1782360920.8885074,0.002109527587890625
193604,normal,666,0,1782360920.8905377,0.0020303726196289062
193605,normal,783,2,1782360920.8924394,0.0019016265869140625
193606,normal,2429,0,1782360920.8945014,0.002062082290649414
193607,normal,2415,0,1782360920.8965323,0.0020308494567871094
193608,normal,3547,0,1782360920.898432,0.00189971923828125
193609,normal,2645,0,1782360920.9005072,0.0020751953125
193610,normal,1821,0,1782360920.902634,0.0021266937255859375
193611,normal,453,0,1782360920.9044425,0.0018086433410644531
193612,normal,3058,1,1782360920.9065132,0.0020706653594970703
193613,normal,2097,0,1782360920.908532,0.0020186901092529297
193614,normal,24,0,1782360920.9104338,0.001901865005493164
193615,normal,1749,0,1782360920.9125082,0.0020744800567626953
193616,normal,3617,0,1782360920.914632,0.0021238327026367188
193617,normal,1685,0,1782360920.9164462,0.001814126968383789
193618,normal,1540,0,1782360920.918504,0.002057790756225586
193619,normal,139,0,1782360920.9205418,0.0020377635955810547
193620,normal,3493,0,1782360920.9224358,0.0018939971923828125
193621,normal,3433,0,1782360920.924528,0.002092123031616211
193622,normal,978,2,1782360920.9265058,0.0019779205322265625
193623,normal,3402,0,1782360920.928399,0.0018932819366455078
193624,normal,248,0,1782360920.930517,0.0021178722381591797
193625,normal,2510,0,1782360920.93253,0.002012968063354492
193626,normal,3653,0,1782360920.934433,0.0019030570983886719
193627,normal,3476,0,1782360920.936511,0.0020780563354492188
193628,normal,2104,0,1782360920.9386427,0.0021317005157470703
193629,normal,2162,0,1782360920.940402,0.0017592906951904297
193630,normal,1408,0,1782360920.9424963,0.002094268798828125
193631,normal,1253,0,1782360920.9445617,0.002065420150756836
193632,normal,2171,0,1782360920.9464052,0.0018434524536132812
193633,normal,1124,0,1782360920.948498,0.0020928382873535156
193634,normal,3464,0,1782360920.950544,0.0020461082458496094
193635,normal,1109,0,1782360920.952399,0.0018548965454101562
193636,normal,1829,0,1782360920.954496,0.002096891403198242
193637,normal,3566,0,1782360920.9565313,0.002035379409790039
193638,normal,92,0,1782360920.9584384,0.0019071102142333984
193639,normal,2494,0,1782360920.9605198,0.0020813941955566406
193640,normal,3335,1,1782360920.9625318,0.002012014389038086
193641,normal,3505,0,1782360920.964398,0.0018661022186279297
193642,normal,2745,0,1782360920.9665158,0.0021178722381591797
193643,normal,3586,0,1782360920.968641,0.002125263214111328
193644,normal,1469,0,1782360920.9703999,0.0017588138580322266
193645,normal,2723,0,1782360920.9724991,0.002099275588989258
193646,normal,2167,0,1782360920.9745371,0.0020380020141601562
193647,normal,1735,0,1782360920.9764006,0.0018634796142578125
193648,normal,1096,0,1782360920.9785686,0.002167940139770508
193649,normal,1346,1,1782360920.9803889,0.0018203258514404297
193650,normal,3035,0,1782360920.9825451,0.0021562576293945312
193651,normal,2040,0,1782360920.9843824,0.0018372535705566406
193652,normal,2725,0,1782360920.9865255,0.0021431446075439453
193653,normal,2873,0,1782360920.988397,0.001871347427368164
193654,normal,2230,0,1782360920.9905155,0.0021185874938964844
193655,normal,1844,0,1782360920.992535,0.002019643783569336
193656,normal,1807,0,1782360920.9943984,0.001863241195678711
193657,normal,2664,0,1782360920.9965215,0.002123117446899414
193658,normal,105,0,1782360920.9984372,0.0019156932830810547
193659,normal,462,0,1782360921.0005348,0.002097606658935547
193660,normal,1472,0,1782360921.0024188,0.0018839836120605469
193661,normal,3041,0,1782360921.0046935,0.002274751663208008
193662,normal,1675,0,1782360921.0064037,0.0017101764678955078
193663,normal,1103,0,1782360921.0085115,0.002107858657836914
193664,normal,690,0,1782360921.01054,0.0020284652709960938
193665,normal,2715,0,1782360921.0124018,0.0018618106842041016
193666,normal,302,0,1782360921.014506,0.0021042823791503906
193667,normal,1190,0,1782360921.0165358,0.0020296573638916016
193668,normal,1278,0,1782360921.0184014,0.0018656253814697266
193669,normal,3262,1,1782360921.0204973,0.002095937728881836
193670,normal,2958,0,1782360921.0225763,0.002079010009765625
193671,normal,997,2,1782360921.0244012,0.0018248558044433594
193672,normal,2154,0,1782360921.026508,0.002106904983520508
193673,normal,182,0,1782360921.0285397,0.002031564712524414
193674,normal,2914,0,1782360921.0303984,0.0018587112426757812
193675,normal,1321,1,1782360921.0325005,0.0021021366119384766
193676,normal,3343,1,1782360921.0346398,0.0021393299102783203
193677,normal,2776,0,1782360921.0364015,0.0017616748809814453
193678,normal,2286,0,1782360921.0385232,0.0021216869354248047
193679,normal,2615,0,1782360921.0404983,0.0019750595092773438
193680,normal,398,0,1782360921.042398,0.00189971923828125
193681,normal,2821,0,1782360921.0445075,0.002109527587890625
193682,normal,2799,0,1782360921.04651,0.0020024776458740234
193683,normal,574,0,1782360921.0484328,0.0019228458404541016
193684,normal,1409,0,1782360921.0505,0.002067089080810547
193685,normal,126,0,1782360921.0524898,0.0019898414611816406
193686,normal,2940,0,1782360921.0544357,0.0019459724426269531
193687,normal,1448,0,1782360921.0564976,0.0020618438720703125
193688,normal,1212,0,1782360921.0584936,0.0019960403442382812
193689,normal,667,0,1782360921.0604427,0.0019490718841552734
193690,normal,2962,0,1782360921.0624983,0.002055644989013672
193691,normal,3088,1,1782360921.0646462,0.0021479129791259766
193692,normal,812,2,1782360921.0664043,0.0017580986022949219
193693,normal,14,0,1782360921.0684948,0.0020904541015625
193694,normal,2019,0,1782360921.0706475,0.002152681350708008
193695,normal,910,2,1782360921.072407,0.0017595291137695312
193696,normal,1070,0,1782360921.0745137,0.0021066665649414062
193697,normal,3514,0,1782360921.0765193,0.0020055770874023438
193698,normal,2200,0,1782360921.0784302,0.0019109249114990234
193699,normal,790,2,1782360921.080512,0.0020818710327148438
193700,normal,3154,1,1782360921.0826347,0.002122640609741211
193701,normal,549,0,1782360921.0843995,0.0017647743225097656
193702,normal,2376,0,1782360921.0865035,0.002104043960571289
193703,normal,186,0,1782360921.0885298,0.0020263195037841797
193704,normal,2602,0,1782360921.090446,0.0019161701202392578
193705,normal,2572,0,1782360921.0925024,0.0020563602447509766
193706,normal,71,0,1782360921.0946443,0.0021419525146484375
193707,normal,3059,1,1782360921.096399,0.0017547607421875
193708,normal,2993,0,1782360921.098505,0.0021059513092041016
193709,normal,2605,0,1782360921.100547,0.002042055130004883
193710,normal,2202,0,1782360921.1024373,0.0018901824951171875
193711,normal,3307,1,1782360921.104497,0.0020596981048583984
193712,normal,1098,0,1782360921.106549,0.0020520687103271484
193713,normal,2081,0,1782360921.1083972,0.0018482208251953125
193714,normal,1415,0,1782360921.110507,0.0021097660064697266
193715,normal,1167,0,1782360921.1126482,0.002141237258911133
193716,normal,3087,1,1782360921.1144295,0.0017812252044677734
193717,normal,2566,0,1782360921.1163962,0.001966714859008789
193718,normal,711,0,1782360921.1185346,0.002138376235961914
193719,normal,625,0,1782360921.1203985,0.0018639564514160156
193720,normal,962,2,1782360921.1224914,0.0020928382873535156
193721,normal,2663,0,1782360921.124647,0.0021555423736572266
193722,normal,1256,0,1782360921.1264036,0.0017566680908203125
193723,normal,1080,0,1782360921.1284876,0.002084016799926758
193724,normal,791,2,1782360921.1305487,0.002061128616333008
193725,normal,2640,0,1782360921.1324408,0.00189208984375
193726,normal,1475,0,1782360921.134503,0.002062082290649414
193727,normal,3144,1,1782360921.1367395,0.002236604690551758
193728,normal,1712,0,1782360921.138404,0.0016644001007080078
193729,normal,1288,0,1782360921.1405125,0.0021085739135742188
193730,normal,3385,1,1782360921.142639,0.002126455307006836
193731,normal,582,0,1782360921.1443937,0.0017547607421875
193732,normal,1240,0,1782360921.1465132,0.0021195411682128906
193733,normal,530,0,1782360921.148537,0.0020236968994140625
193734,normal,797,2,1782360921.1504061,0.00186920166015625
193735,normal,3563,0,1782360921.153071,0.002664804458618164
193736,normal,1069,0,1782360921.1543815,0.001310586929321289
193737,normal,87,0,1782360921.1565173,0.002135753631591797
193738,normal,1850,0,1782360921.1583793,0.0018620491027832031
193739,normal,877,2,1782360921.1605327,0.0021533966064453125
193740,normal,1950,0,1782360921.162382,0.0018491744995117188
193741,normal,3145,1,1782360921.1645088,0.002126932144165039
193742,normal,2224,0,1782360921.1666472,0.002138376235961914
193743,normal,2084,0,1782360921.1683867,0.001739501953125
193744,normal,596,0,1782360921.1705015,0.0021147727966308594
193745,normal,3597,0,1782360921.1725514,0.0020499229431152344
193746,normal,334,0,1782360921.17438,0.0018286705017089844
193747,normal,995,2,1782360921.1765003,0.0021202564239501953
193748,normal,2650,0,1782360921.1787066,0.0022063255310058594
193749,normal,3525,0,1782360921.1803892,0.0016825199127197266
193750,normal,994,2,1782360921.1825254,0.00213623046875
193751,normal,3108,1,1782360921.184536,0.0020105838775634766
193752,normal,2242,0,1782360921.1863797,0.0018436908721923828
193753,normal,3226,1,1782360921.188518,0.002138376235961914
193754,normal,2249,0,1782360921.190536,0.002017974853515625
193755,normal,983,2,1782360921.1923888,0.0018527507781982422
193756,normal,3240,1,1782360921.194503,0.0021142959594726562
193757,normal,1621,0,1782360921.1965349,0.0020318031311035156
193758,normal,1738,0,1782360921.1984024,0.001867532730102539
193759,normal,1568,0,1782360921.2005122,0.0021097660064697266
193760,normal,1718,0,1782360921.20264,0.0021278858184814453
193761,normal,153,0,1782360921.2044098,0.0017697811126708984
193762,normal,2107,0,1782360921.2063994,0.001989603042602539
193763,normal,179,0,1782360921.2085335,0.002134084701538086
193764,normal,1814,0,1782360921.2106237,0.0020902156829833984
193765,normal,456,0,1782360921.2124262,0.0018024444580078125
193766,normal,2654,0,1782360921.2146163,0.002190113067626953
193767,normal,1554,0,1782360921.2164493,0.0018329620361328125
193768,normal,2092,0,1782360921.2184398,0.0019905567169189453
193769,normal,1756,0,1782360921.2205799,0.002140045166015625
193770,normal,1435,0,1782360921.2224493,0.0018694400787353516
193771,normal,2905,0,1782360921.2244394,0.001990079879760742
193772,normal,3688,0,1782360921.2267082,0.0022687911987304688
193773,normal,3465,0,1782360921.228442,0.0017337799072265625
193774,normal,377,0,1782360921.2304652,0.0020232200622558594
193775,normal,1885,0,1782360921.2325718,0.0021066665649414062
193776,normal,3681,0,1782360921.234439,0.001867055892944336
193777,normal,2425,0,1782360921.2364047,0.001965761184692383
193778,normal,3128,1,1782360921.2385743,0.0021696090698242188
193779,normal,1553,0,1782360921.2404277,0.0018534660339355469
193780,normal,1262,0,1782360921.2424374,0.0020096302032470703
193781,normal,2684,0,1782360921.24471,0.0022726058959960938
193782,normal,3327,1,1782360921.2465055,0.0017955303192138672
193783,normal,3107,1,1782360921.2484717,0.001966238021850586
193784,normal,427,0,1782360921.2507226,0.0022509098052978516
193785,normal,1900,0,1782360921.2524464,0.0017237663269042969
193786,normal,3536,0,1782360921.2544744,0.0020279884338378906
193787,normal,562,0,1782360921.2567527,0.0022783279418945312
193788,normal,2533,0,1782360921.2585318,0.0017790794372558594
193789,normal,3552,0,1782360921.2604167,0.0018849372863769531
193790,normal,2422,0,1782360921.2627165,0.002299785614013672
193791,normal,3369,1,1782360921.2644439,0.0017273426055908203
193792,normal,1163,0,1782360921.2664735,0.0020296573638916016
193793,normal,37,0,1782360921.26871,0.0022363662719726562
193794,normal,39,0,1782360921.2704456,0.001735687255859375
193795,normal,2354,0,1782360921.2724702,0.0020246505737304688
193796,normal,1509,0,1782360921.2747126,0.0022423267364501953
193797,normal,3282,1,1782360921.2764375,0.0017249584197998047
193798,normal,897,2,1782360921.278534,0.002096414566040039
193799,normal,355,0,1782360921.2805727,0.002038717269897461
193800,normal,2361,0,1782360921.282464,0.0018913745880126953
193801,normal,2831,0,1782360921.284401,0.0019369125366210938
193802,normal,3161,1,1782360921.286725,0.0023241043090820312
193803,normal,3360,1,1782360921.2885015,0.0017764568328857422
193804,normal,2103,0,1782360921.290494,0.001992464065551758
193805,normal,2918,0,1782360921.292731,0.002237081527709961
193806,normal,2999,0,1782360921.2944715,0.0017404556274414062
193807,normal,2116,0,1782360921.2964387,0.001967191696166992
193808,normal,2277,0,1782360921.2987127,0.002274036407470703
193809,normal,1309,0,1782360921.3004344,0.0017216205596923828
193810,normal,1934,0,1782360921.3024282,0.001993894577026367
193811,normal,1481,0,1782360921.3045685,0.0021402835845947266
193812,normal,993,2,1782360921.3065357,0.001967191696166992
193813,normal,1173,0,1782360921.3084686,0.0019328594207763672
193814,normal,402,0,1782360921.310724,0.0022554397583007812
193815,normal,2289,0,1782360921.312428,0.0017039775848388672
193816,normal,3157,1,1782360921.3144853,0.002057313919067383
193817,normal,3136,1,1782360921.3165627,0.002077341079711914
193818,normal,1375,1,1782360921.3184273,0.0018646717071533203
193819,normal,3418,0,1782360921.320429,0.0020017623901367188
193820,normal,2757,0,1782360921.322564,0.0021347999572753906
193821,normal,3216,1,1782360921.3244884,0.0019245147705078125
193822,normal,2405,0,1782360921.3264072,0.001918792724609375
193823,normal,2201,0,1782360921.3286192,0.002212047576904297
193824,normal,2176,0,1782360921.3304148,0.0017955303192138672
193825,normal,1247,0,1782360921.3324504,0.0020356178283691406
193826,normal,2221,0,1782360921.3345773,0.002126932144165039
193827,normal,1523,0,1782360921.3365088,0.0019314289093017578
193828,normal,2658,0,1782360921.3383825,0.0018737316131591797
193829,normal,2921,0,1782360921.3406167,0.002234220504760742
193830,normal,3292,1,1782360921.3424208,0.0018041133880615234
193831,normal,1810,0,1782360921.3444426,0.00202178955078125
193832,normal,275,0,1782360921.3465624,0.002119779586791992
193833,normal,382,0,1782360921.3485045,0.0019421577453613281
193834,normal,3198,1,1782360921.3504272,0.001922607421875
193835,normal,639,0,1782360921.352417,0.0019898414611816406
193836,normal,443,0,1782360921.354557,0.002140045166015625
193837,normal,876,2,1782360921.3563924,0.0018353462219238281
193838,normal,2315,0,1782360921.3586226,0.0022301673889160156
193839,normal,378,0,1782360921.3604193,0.001796722412109375
193840,normal,1122,0,1782360921.3624475,0.002028226852416992
193841,normal,2588,0,1782360921.3645623,0.0021147727966308594
193842,normal,2004,0,1782360921.3664808,0.0019185543060302734
193843,normal,1585,0,1782360921.3684585,0.001977682113647461
193844,normal,2806,0,1782360921.3707147,0.002256155014038086
193845,normal,3698,0,1782360921.372435,0.001720428466796875
193846,normal,3206,1,1782360921.3744793,0.002044200897216797
193847,normal,1746,0,1782360921.3767102,0.0022308826446533203
193848,normal,3709,0,1782360921.3784935,0.0017833709716796875
193849,normal,2784,0,1782360921.380391,0.0018973350524902344
193850,normal,147,0,1782360921.3825614,0.002170562744140625
193851,normal,2529,0,1782360921.384466,0.0019044876098632812
193852,normal,2110,0,1782360921.3863976,0.0019316673278808594
193853,normal,1013,2,1782360921.3887074,0.0023097991943359375
193854,normal,2772,0,1782360921.3904185,0.001711130142211914
193855,normal,2653,0,1782360921.3924673,0.0020487308502197266
193856,normal,599,0,1782360921.3946586,0.002191305160522461
193857,normal,307,0,1782360921.3964846,0.0018260478973388672
193858,normal,2128,0,1782360921.398458,0.001973390579223633
193859,normal,38,0,1782360921.4007337,0.002275705337524414
193860,normal,2483,0,1782360921.4024518,0.0017180442810058594
193861,normal,2789,0,1782360921.4044325,0.0019807815551757812
193862,normal,805,2,1782360921.4067307,0.002298116683959961
193863,normal,960,2,1782360921.4084241,0.0016934871673583984
193864,normal,1895,0,1782360921.4104974,0.0020732879638671875
193865,normal,2136,0,1782360921.4125812,0.0020837783813476562
193866,normal,2253,0,1782360921.4145265,0.0019452571868896484
193867,normal,1042,0,1782360921.4164999,0.001973390579223633
193868,normal,295,0,1782360921.4187677,0.0022678375244140625
193869,normal,2475,0,1782360921.4204454,0.0016777515411376953
193870,normal,1210,0,1782360921.4224584,0.002012968063354492
193871,normal,1931,0,1782360921.4247463,0.0022878646850585938
193872,normal,3122,1,1782360921.4265416,0.0017952919006347656
193873,normal,1785,0,1782360921.428395,0.0018534660339355469
193874,normal,2269,0,1782360921.4304826,0.0020875930786132812
193875,normal,3546,0,1782360921.4325476,0.002064943313598633
193876,normal,3012,0,1782360921.4344995,0.0019519329071044922
193877,normal,1291,0,1782360921.4365668,0.0020673274993896484
193878,normal,2466,0,1782360921.4385378,0.001971006393432617
193879,normal,1066,0,1782360921.4405324,0.001994609832763672
193880,normal,3515,0,1782360921.4427717,0.002239227294921875
193881,normal,2445,0,1782360921.4445183,0.0017466545104980469
193882,normal,3315,1,1782360921.4464407,0.0019223690032958984
193883,normal,273,0,1782360921.448764,0.0023233890533447266
193884,normal,1911,0,1782360921.4505482,0.0017840862274169922
193885,normal,839,2,1782360921.4525437,0.001995563507080078
193886,normal,2967,0,1782360921.4545834,0.002039670944213867
193887,normal,859,2,1782360921.4564643,0.0018808841705322266
193888,normal,891,2,1782360921.458406,0.001941680908203125
193889,normal,2802,0,1782360921.4607553,0.002349376678466797
193890,normal,434,0,1782360921.4624772,0.0017218589782714844
193891,normal,2074,0,1782360921.4653382,0.00286102294921875
193892,normal,1574,0,1782360921.4664059,0.0010676383972167969
193893,normal,1229,0,1782360921.4686513,0.0022454261779785156
193894,normal,3097,1,1782360921.470407,0.0017557144165039062
193895,normal,2843,0,1782360921.4725027,0.0020956993103027344
193896,normal,3572,0,1782360921.474565,0.0020623207092285156
193897,normal,120,0,1782360921.4764419,0.0018768310546875
193898,normal,93,0,1782360921.4787493,0.002307415008544922
193899,normal,1783,0,1782360921.4805517,0.0018024444580078125
193900,normal,3648,0,1782360921.4825282,0.001976490020751953
193901,normal,2555,0,1782360921.4847658,0.002237558364868164
193902,normal,1457,0,1782360921.4864805,0.0017147064208984375
193903,normal,2184,0,1782360921.4884083,0.0019278526306152344
193904,normal,2934,0,1782360921.4907598,0.002351522445678711
193905,normal,713,0,1782360921.4924777,0.0017178058624267578
193906,normal,2671,0,1782360921.4944496,0.0019719600677490234
193907,normal,2984,0,1782360921.4967487,0.002299070358276367
193908,normal,2744,0,1782360921.4985538,0.0018050670623779297
193909,normal,3401,1,1782360921.5005238,0.001970052719116211
193910,normal,28,0,1782360921.5027514,0.0022275447845458984
193911,normal,3232,1,1782360921.5044847,0.0017333030700683594
193912,normal,889,2,1782360921.507231,0.0027463436126708984
193913,normal,1634,0,1782360921.5084038,0.001172780990600586
193914,normal,1224,0,1782360921.5106373,0.0022335052490234375
193915,normal,3102,1,1782360921.5124128,0.001775503158569336
193916,normal,1494,0,1782360921.5153642,0.002951383590698242
193917,normal,3486,0,1782360921.5164516,0.0010874271392822266
193918,normal,1953,0,1782360921.5186512,0.0021996498107910156
193919,normal,7,0,1782360921.5205324,0.0018811225891113281
193920,normal,1743,0,1782360921.522576,0.0020437240600585938
193921,normal,1600,0,1782360921.5244014,0.0018253326416015625
193922,normal,2819,0,1782360921.526756,0.0023546218872070312
193923,normal,438,0,1782360921.5285258,0.0017697811126708984
193924,normal,3323,1,1782360921.5304382,0.0019123554229736328
193925,normal,3042,0,1782360921.532758,0.002319812774658203
193926,normal,125,0,1782360921.5345273,0.0017693042755126953
193927,normal,1577,0,1782360921.5366375,0.0021102428436279297
193928,normal,1701,0,1782360921.5385334,0.001895904541015625
193929,normal,3008,0,1782360921.540615,0.002081632614135742
193930,normal,3526,0,1782360921.5424418,0.0018267631530761719
193931,normal,3096,1,1782360921.5449288,0.0024869441986083984
193932,normal,3027,0,1782360921.546426,0.0014972686767578125
193933,normal,1573,0,1782360921.5485654,0.0021393299102783203
193934,normal,2916,0,1782360921.5505295,0.001964092254638672
193935,normal,1570,0,1782360921.5526173,0.002087831497192383
193936,normal,2525,0,1782360921.5544074,0.0017900466918945312
193937,normal,1940,0,1782360921.5567627,0.002355337142944336
193938,normal,2552,0,1782360921.5584555,0.0016927719116210938
193939,normal,3142,1,1782360921.5603912,0.001935720443725586
193940,normal,795,2,1782360921.5627284,0.002337217330932617
193941,normal,3694,0,1782360921.5644407,0.0017123222351074219
193942,normal,2788,0,1782360921.5663905,0.0019497871398925781
193943,normal,976,2,1782360921.5685766,0.0021860599517822266
193944,normal,938,2,1782360921.5704536,0.0018770694732666016
193945,normal,2059,0,1782360921.5723908,0.0019371509552001953
193946,normal,2944,0,1782360921.5745776,0.0021867752075195312
193947,normal,2278,0,1782360921.576461,0.0018835067749023438
193948,normal,2808,0,1782360921.5783904,0.0019292831420898438
193949,normal,74,0,1782360921.5805728,0.002182483673095703
193950,normal,2710,0,1782360921.5824842,0.0019114017486572266
193951,normal,958,2,1782360921.5843925,0.0019083023071289062
193952,normal,2992,0,1782360921.5865703,0.002177715301513672
193953,normal,1378,1,1782360921.588453,0.001882791519165039
193954,normal,322,0,1782360921.5903947,0.001941680908203125
193955,normal,3186,1,1782360921.5925717,0.002177000045776367
193956,normal,1140,0,1782360921.594448,0.0018763542175292969
193957,normal,2414,0,1782360921.5963917,0.0019435882568359375
193958,normal,817,2,1782360921.5985696,0.0021779537200927734
193959,normal,1390,0,1782360921.6004488,0.0018792152404785156
193960,normal,3395,1,1782360921.602391,0.0019421577453613281
193961,normal,2197,0,1782360921.6045737,0.0021827220916748047
193962,normal,1023,2,1782360921.6064563,0.0018825531005859375
193963,normal,3679,0,1782360921.6083915,0.0019352436065673828
193964,normal,2418,0,1782360921.6105664,0.002174854278564453
193965,normal,762,0,1782360921.6124415,0.001875162124633789
193966,normal,109,0,1782360921.6143913,0.0019497871398925781
193967,normal,2317,0,1782360921.6165712,0.002179861068725586
193968,normal,1975,0,1782360921.618452,0.0018808841705322266
193969,normal,316,0,1782360921.620392,0.001940011978149414
193970,normal,3002,0,1782360921.6225705,0.0021784305572509766
193971,normal,2543,0,1782360921.624452,0.0018815994262695312
193972,normal,488,0,1782360921.6263905,0.0019383430480957031
193973,normal,2309,0,1782360921.6285691,0.002178668975830078
193974,normal,2659,0,1782360921.6304471,0.0018780231475830078
193975,normal,1548,0,1782360921.6323888,0.001941680908203125
193976,normal,3338,1,1782360921.6345713,0.002182483673095703
193977,normal,3028,0,1782360921.6364427,0.001871347427368164
193978,normal,1287,0,1782360921.6383908,0.0019481182098388672
193979,normal,2183,0,1782360921.6406112,0.0022203922271728516
193980,normal,113,0,1782360921.64244,0.001828908920288086
193981,normal,2590,0,1782360921.6443899,0.0019497871398925781
193982,normal,1017,2,1782360921.6465795,0.00218963623046875
193983,normal,2746,0,1782360921.648439,0.001859426498413086
193984,normal,3037,0,1782360921.6503918,0.0019528865814208984
193985,normal,2250,0,1782360921.6525822,0.0021903514862060547
193986,normal,389,0,1782360921.6544363,0.0018541812896728516
193987,normal,1612,0,1782360921.656391,0.0019545555114746094
193988,normal,2382,0,1782360921.6585708,0.002179861068725586
193989,normal,3503,0,1782360921.6604426,0.0018718242645263672
193990,normal,2500,0,1782360921.6623912,0.0019485950469970703
193991,normal,648,0,1782360921.6645706,0.002179384231567383
193992,normal,190,0,1782360921.666438,0.001867532730102539
193993,normal,1213,0,1782360921.6683915,0.0019533634185791016
193994,normal,3382,1,1782360921.6705701,0.002178668975830078
193995,normal,1794,0,1782360921.672471,0.0019009113311767578
193996,normal,3339,1,1782360921.6743922,0.0019211769104003906
193997,normal,159,0,1782360921.676567,0.002174854278564453
193998,normal,1719,0,1782360921.6784353,0.0018682479858398438
193999,normal,3358,1,1782360921.680391,0.001955747604370117
194000,normal,3380,1,1782360921.682572,0.002180814743041992
194001,normal,2954,0,1782360921.684447,0.001875162124633789
194002,normal,2857,0,1782360921.686391,0.0019440650939941406
194003,normal,2875,0,1782360921.6885686,0.0021774768829345703
194004,normal,1126,0,1782360921.6904252,0.0018565654754638672
194005,normal,3359,1,1782360921.6923902,0.001965045928955078
194006,normal,2542,0,1782360921.6945686,0.0021784305572509766
194007,normal,1222,0,1782360921.6964283,0.0018596649169921875
194008,normal,1726,0,1782360921.6984582,0.002029895782470703
194009,normal,898,2,1782360921.7008193,0.0023610591888427734
194010,normal,1558,0,1782360921.7025528,0.001733541488647461
194011,normal,339,0,1782360921.7045314,0.001978635787963867
194012,normal,2703,0,1782360921.7071846,0.0026531219482421875
194013,normal,2633,0,1782360921.7084954,0.0013108253479003906
194014,normal,96,0,1782360921.7103798,0.00188446044921875
194015,normal,2594,0,1782360921.7124975,0.002117633819580078
194016,normal,1044,0,1782360921.7144,0.0019025802612304688
194017,normal,137,0,1782360921.7163453,0.0019452571868896484
194018,normal,304,0,1782360921.7185068,0.0021615028381347656
194019,normal,2012,0,1782360921.7204044,0.001897573471069336
194020,normal,2950,0,1782360921.7225323,0.0021278858184814453
194021,normal,3618,0,1782360921.7245688,0.002036571502685547
194022,normal,3639,0,1782360921.7265494,0.0019805431365966797
194023,normal,843,2,1782360921.728389,0.0018396377563476562
194024,normal,2419,0,1782360921.7305098,0.0021207332611083984
194025,normal,674,0,1782360921.732559,0.0020492076873779297
194026,normal,373,0,1782360921.734612,0.0020530223846435547
194027,normal,23,0,1782360921.736498,0.001886129379272461
194028,normal,2717,0,1782360921.7386198,0.0021216869354248047
194029,normal,2391,0,1782360921.7405093,0.0018894672393798828
194030,normal,2245,0,1782360921.7426207,0.0021114349365234375
194031,normal,1114,0,1782360921.7444353,0.0018146038055419922
194032,normal,1889,0,1782360921.7466116,0.0021762847900390625
194033,normal,135,0,1782360921.7485054,0.001893758773803711
194034,normal,1542,0,1782360921.7506125,0.0021071434020996094
194035,normal,3592,0,1782360921.7525096,0.0018970966339111328
194036,normal,49,0,1782360921.75462,0.0021104812622070312
194037,normal,1524,0,1782360921.7565207,0.0019006729125976562
194038,normal,203,0,1782360921.7584267,0.0019059181213378906
194039,normal,406,0,1782360921.7604036,0.0019769668579101562
194040,normal,289,0,1782360921.7625277,0.0021240711212158203
194041,normal,1913,0,1782360921.7645156,0.001987934112548828
194042,normal,1755,0,1782360921.7664328,0.001917123794555664
194043,normal,1977,0,1782360921.768501,0.0020682811737060547
194044,normal,2231,0,1782360921.7706392,0.0021381378173828125
194045,normal,1363,1,1782360921.772557,0.0019178390502929688
194046,normal,3104,1,1782360921.774401,0.0018439292907714844
194047,normal,1381,1,1782360921.7765443,0.002143383026123047
194048,normal,2122,0,1782360921.7784612,0.0019168853759765625
194049,normal,2823,0,1782360921.7805731,0.0021119117736816406
194050,normal,2915,0,1782360921.7823718,0.0017986297607421875
194051,normal,1645,0,1782360921.784629,0.0022573471069335938
194052,normal,1024,2,1782360921.7864285,0.0017993450164794922
194053,normal,506,0,1782360921.7884243,0.0019958019256591797
194054,normal,3507,0,1782360921.7905116,0.0020873546600341797
194055,normal,2895,0,1782360921.7923048,0.0017931461334228516
194056,normal,3448,0,1782360921.7945306,0.0022258758544921875
194057,normal,1104,0,1782360921.7964103,0.0018796920776367188
194058,normal,13,0,1782360921.798487,0.0020766258239746094
194059,normal,2977,0,1782360921.800393,0.0019061565399169922
194060,normal,2763,0,1782360921.8025148,0.0021216869354248047
194061,normal,1028,2,1782360921.804614,0.002099275588989258
194062,normal,42,0,1782360921.806376,0.0017619132995605469
194063,normal,3220,1,1782360921.8084908,0.0021147727966308594
194064,normal,470,0,1782360921.8103669,0.0018761157989501953
194065,normal,1020,2,1782360921.812475,0.0021080970764160156
194066,normal,3500,0,1782360921.8145351,0.0020601749420166016
194067,normal,2834,0,1782360921.8165636,0.0020284652709960938
194068,normal,3252,1,1782360921.8183722,0.0018086433410644531
194069,normal,844,2,1782360921.8204863,0.0021140575408935547
194070,normal,500,0,1782360921.8224008,0.0019145011901855469
194071,normal,2100,0,1782360921.824445,0.002044200897216797
194072,normal,3054,1,1782360921.8264518,0.0020067691802978516
194073,normal,1826,0,1782360921.8283293,0.0018775463104248047
194074,normal,1047,0,1782360921.8304777,0.0021483898162841797
194075,normal,815,2,1782360921.8324242,0.0019464492797851562
194076,normal,112,0,1782360921.8345296,0.0021054744720458984
194077,normal,832,2,1782360921.8364763,0.0019466876983642578
194078,normal,3696,0,1782360921.8387115,0.0022351741790771484
194079,normal,2209,0,1782360921.8406994,0.001987934112548828
194080,normal,3704,0,1782360921.8424742,0.0017747879028320312
194081,normal,2998,0,1782360921.8446891,0.0022149085998535156
194082,normal,3378,1,1782360921.8467357,0.0020465850830078125
194083,normal,20,0,1782360921.84834,0.001604318618774414
194084,normal,425,0,1782360921.8504236,0.0020835399627685547
194085,normal,107,0,1782360921.8523202,0.0018966197967529297
194086,normal,1366,1,1782360921.8544605,0.0021402835845947266
194087,normal,1447,0,1782360921.8565137,0.0020532608032226562
194088,normal,2896,0,1782360921.8583217,0.0018079280853271484
194089,normal,2478,0,1782360921.860427,0.002105236053466797
194090,normal,2314,0,1782360921.8624406,0.002013683319091797
194091,normal,329,0,1782360921.864889,0.0024483203887939453
194092,normal,1261,0,1782360921.8665557,0.0016667842864990234
194093,normal,1260,0,1782360921.8685498,0.0019941329956054688
194094,normal,483,0,1782360921.870734,0.002184152603149414
194095,normal,461,0,1782360921.872365,0.001631021499633789
194096,normal,556,0,1782360921.8746176,0.0022525787353515625
194097,normal,3047,1,1782360921.876413,0.0017955303192138672
194098,normal,769,0,1782360921.8786354,0.002222299575805664
194099,normal,1956,0,1782360921.8806753,0.0020399093627929688
194100,normal,3682,0,1782360921.8823895,0.0017142295837402344
194101,normal,3424,0,1782360921.8844578,0.0020682811737060547
194102,normal,1304,0,1782360921.8864667,0.0020089149475097656
194103,normal,914,2,1782360921.8883972,0.0019304752349853516
194104,normal,2938,0,1782360921.8905404,0.0021431446075439453
194105,normal,741,0,1782360921.892732,0.0021915435791015625
194106,normal,2979,0,1782360921.894561,0.0018291473388671875
194107,normal,2232,0,1782360921.8964984,0.0019373893737792969
194108,normal,2779,0,1782360921.8985996,0.0021011829376220703
194109,normal,586,0,1782360921.9005601,0.0019605159759521484
194110,normal,1233,0,1782360921.9023855,0.0018253326416015625
194111,normal,2428,0,1782360921.9049368,0.0025513172149658203
194112,normal,3288,1,1782360921.9065623,0.0016255378723144531
194113,normal,183,0,1782360921.9084272,0.0018649101257324219
194114,normal,1917,0,1782360921.9107473,0.0023200511932373047
194115,normal,3485,0,1782360921.912728,0.0019807815551757812
194116,normal,422,0,1782360921.9146512,0.0019230842590332031
194117,normal,2930,0,1782360921.9164982,0.0018470287322998047
194118,normal,1605,0,1782360921.9185596,0.0020613670349121094
194119,normal,1002,2,1782360921.9204834,0.0019237995147705078
194120,normal,2952,0,1782360921.9225829,0.0020995140075683594
194121,normal,645,0,1782360921.9249413,0.0023584365844726562
194122,normal,792,2,1782360921.9263554,0.0014140605926513672
194123,normal,600,0,1782360921.9284954,0.002140045166015625
194124,normal,2641,0,1782360921.9304473,0.0019519329071044922
194125,normal,60,0,1782360921.9324665,0.002019166946411133
194126,normal,807,2,1782360921.9344783,0.0020117759704589844
194127,normal,1535,0,1782360921.9364421,0.0019638538360595703
194128,normal,2766,0,1782360921.9385068,0.0020647048950195312
194129,normal,2111,0,1782360921.9403837,0.0018768310546875
194130,normal,3078,1,1782360921.9424748,0.0020911693572998047
194131,normal,537,0,1782360921.9443605,0.0018856525421142578
194132,normal,629,0,1782360921.9465404,0.002179861068725586
194133,normal,2692,0,1782360921.9483976,0.0018572807312011719
194134,normal,2852,0,1782360921.9505196,0.0021219253540039062
194135,normal,2055,0,1782360921.9524872,0.0019676685333251953
194136,normal,393,0,1782360921.9545155,0.002028226852416992
194137,normal,3705,0,1782360921.9563837,0.0018682479858398438
194138,normal,2480,0,1782360921.9585483,0.002164602279663086
194139,normal,2254,0,1782360921.9603672,0.0018188953399658203
194140,normal,524,0,1782360921.9624436,0.002076387405395508
194141,normal,3095,1,1782360921.964445,0.002001523971557617
194142,normal,2689,0,1782360921.9664817,0.002036571502685547
194143,normal,3543,0,1782360921.9684641,0.001982450485229492
194144,normal,314,0,1782360921.970582,0.0021178722381591797
194145,normal,1601,0,1782360921.9726532,0.0020711421966552734
194146,normal,2729,0,1782360921.9748113,0.0021581649780273438
194147,normal,2255,0,1782360921.976703,0.0018916130065917969
194148,normal,1620,0,1782360921.9787338,0.0020308494567871094
194149,normal,2512,0,1782360921.9803293,0.0015954971313476562
194150,normal,3524,0,1782360921.9824421,0.002112865447998047
194151,normal,3532,0,1782360921.9843283,0.001886129379272461
194152,normal,2223,0,1782360921.9865224,0.0021941661834716797
194153,normal,2070,0,1782360921.9883437,0.001821279525756836
194154,normal,1874,0,1782360921.990433,0.002089262008666992
194155,normal,533,0,1782360921.9923258,0.0018928050994873047
194156,normal,346,0,1782360921.9944253,0.0020995140075683594
194157,normal,2324,0,1782360921.996847,0.0024216175079345703
194158,normal,165,0,1782360921.9985366,0.0016896724700927734
194159,normal,144,0,1782360922.0004542,0.0019176006317138672
194160,normal,2886,0,1782360922.002571,0.0021169185638427734
194161,normal,1757,0,1782360922.0043705,0.0017993450164794922
194162,normal,757,0,1782360922.0064816,0.002111196517944336
194163,normal,854,2,1782360922.008401,0.0019192695617675781
194164,normal,487,0,1782360922.0106328,0.0022318363189697266
194165,normal,1333,1,1782360922.012638,0.002005338668823242
194166,normal,1728,0,1782360922.0143669,0.0017287731170654297
194167,normal,2534,0,1782360922.0164523,0.002085447311401367
194168,normal,97,0,1782360922.0184658,0.0020134449005126953
194169,normal,405,0,1782360922.0204027,0.0019369125366210938
194170,normal,1121,0,1782360922.0228286,0.0024259090423583984
194171,normal,631,0,1782360922.0245974,0.0017688274383544922
194172,normal,1119,0,1782360922.0266397,0.0020422935485839844
194173,normal,2657,0,1782360922.0284884,0.0018486976623535156
194174,normal,2046,0,1782360922.0306115,0.002123117446899414
194175,normal,15,0,1782360922.0326264,0.0020148754119873047
194176,normal,1636,0,1782360922.0347848,0.0021584033966064453
194177,normal,603,0,1782360922.0366914,0.0019066333770751953
194178,normal,957,2,1782360922.03851,0.0018186569213867188
194179,normal,69,0,1782360922.0406933,0.002183198928833008
194180,normal,2352,0,1782360922.042836,0.002142667770385742
194181,normal,319,0,1782360922.04449,0.0016541481018066406
194182,normal,2316,0,1782360922.0463526,0.0018625259399414062
194183,normal,1412,0,1782360922.0484397,0.002087116241455078
194184,normal,348,0,1782360922.050384,0.0019443035125732422
194185,normal,3508,0,1782360922.052482,0.0020978450775146484
194186,normal,134,0,1782360922.0543602,0.0018782615661621094
194187,normal,366,0,1782360922.0564718,0.002111673355102539
194188,normal,3636,0,1782360922.058365,0.0018932819366455078
194189,normal,3280,1,1782360922.0605025,0.002137422561645508
194190,normal,1903,0,1782360922.0625508,0.0020482540130615234
194191,normal,1199,0,1782360922.064499,0.0019481182098388672
194192,normal,3379,1,1782360922.0663676,0.0018687248229980469
194193,normal,345,0,1782360922.0685475,0.002179861068725586
194194,normal,587,0,1782360922.0704346,0.0018870830535888672
194195,normal,2903,0,1782360922.0725658,0.002131223678588867
194196,normal,568,0,1782360922.0744908,0.0019249916076660156
194197,normal,1324,1,1782360922.0763862,0.0018954277038574219
194198,normal,2392,0,1782360922.078509,0.0021228790283203125
194199,normal,2011,0,1782360922.0804403,0.0019311904907226562
194200,normal,2396,0,1782360922.082505,0.0020647048950195312
194201,normal,80,0,1782360922.0844204,0.0019154548645019531
194202,normal,1228,0,1782360922.0865178,0.0020973682403564453
194203,normal,2306,0,1782360922.0884752,0.001957416534423828
194204,normal,3001,0,1782360922.090463,0.0019876956939697266
194205,normal,1999,0,1782360922.0924006,0.0019376277923583984
194206,normal,2268,0,1782360922.09446,0.002059459686279297
194207,normal,3389,1,1782360922.0964565,0.0019965171813964844
194208,normal,1089,0,1782360922.0983706,0.0019140243530273438
194209,normal,1424,0,1782360922.1005332,0.0021626949310302734
194210,normal,1391,0,1782360922.1024494,0.0019161701202392578
194211,normal,2613,0,1782360922.104583,0.002133607864379883
194212,normal,2467,0,1782360922.1064405,0.0018575191497802734
194213,normal,1689,0,1782360922.108502,0.0020613670349121094
194214,normal,3043,0,1782360922.110442,0.001940011978149414
194215,normal,2313,0,1782360922.1124103,0.0019683837890625
194216,normal,2678,0,1782360922.1144614,0.002051115036010742
194217,normal,2908,0,1782360922.1163585,0.0018970966339111328
194218,normal,244,0,1782360922.118443,0.002084493637084961
194219,normal,643,0,1782360922.120654,0.0022110939025878906
194220,normal,831,2,1782360922.1225317,0.0018775463104248047
194221,normal,2281,0,1782360922.1245284,0.001996755599975586
194222,normal,350,0,1782360922.1265576,0.0020291805267333984
194223,normal,1319,1,1782360922.1287286,0.002171039581298828
194224,normal,344,0,1782360922.130897,0.002168416976928711
194225,normal,1904,0,1782360922.1324377,0.0015406608581542969
194226,normal,2511,0,1782360922.1344457,0.0020079612731933594
194227,normal,1971,0,1782360922.1363275,0.0018818378448486328
194228,normal,3553,0,1782360922.1384304,0.0021028518676757812
194229,normal,2791,0,1782360922.1406412,0.002210855484008789
194230,normal,2811,0,1782360922.142347,0.0017058849334716797
194231,normal,2686,0,1782360922.144439,0.0020918846130371094
194232,normal,2370,0,1782360922.146329,0.001889944076538086
194233,normal,847,2,1782360922.148435,0.002106189727783203
194234,normal,763,0,1782360922.1507087,0.0022735595703125
194235,normal,325,0,1782360922.1526043,0.0018956661224365234
194236,normal,2218,0,1782360922.1545327,0.0019283294677734375
194237,normal,209,0,1782360922.1565146,0.001981973648071289
194238,normal,1873,0,1782360922.158402,0.0018873214721679688
194239,normal,1203,0,1782360922.1604729,0.002070903778076172
194240,normal,1986,0,1782360922.1623738,0.0019009113311767578
194241,normal,3056,1,1782360922.1647155,0.002341747283935547
194242,normal,318,0,1782360922.166454,0.0017385482788085938
194243,normal,3669,0,1782360922.1684523,0.0019981861114501953
194244,normal,327,0,1782360922.1703582,0.0019059181213378906
194245,normal,51,0,1782360922.172483,0.002124786376953125
194246,normal,1245,0,1782360922.1743824,0.0018994808197021484
194247,normal,2030,0,1782360922.176698,0.002315521240234375
194248,normal,332,0,1782360922.178571,0.001873016357421875
194249,normal,1962,0,1782360922.1804698,0.0018987655639648438
194250,normal,2755,0,1782360922.1825776,0.002107858657836914
194251,normal,2701,0,1782360922.1845002,0.001922607421875
194252,normal,245,0,1782360922.1865306,0.0020303726196289062
194253,normal,2987,0,1782360922.1887202,0.00218963623046875
194254,normal,774,2,1782360922.1906338,0.0019135475158691406
194255,normal,2072,0,1782360922.1925437,0.0019099712371826172
194256,normal,1186,0,1782360922.1943974,0.0018537044525146484
194257,normal,1530,0,1782360922.1966238,0.0022263526916503906
194258,normal,3498,0,1782360922.1986387,0.0020148754119873047
194259,normal,3194,1,1782360922.2004194,0.0017807483673095703
194260,normal,3213,1,1782360922.2024553,0.002035856246948242
194261,normal,368,0,1782360922.2044861,0.0020308494567871094
194262,normal,127,0,1782360922.2064123,0.0019261837005615234
194263,normal,1992,0,1782360922.2084708,0.0020585060119628906
194264,normal,1784,0,1782360922.2104552,0.0019843578338623047
194265,normal,1029,2,1782360922.2123976,0.0019423961639404297
194266,normal,2482,0,1782360922.2145,0.002102375030517578
194267,normal,3222,1,1782360922.2164547,0.001954793930053711
194268,normal,3375,1,1782360922.2186017,0.0021469593048095703
194269,normal,3551,0,1782360922.2203445,0.0017428398132324219
194270,normal,979,2,1782360922.2225332,0.0021886825561523438
194271,normal,1052,0,1782360922.2246246,0.0020914077758789062
194272,normal,2364,0,1782360922.226464,0.0018393993377685547
194273,normal,1608,0,1782360922.2285051,0.0020411014556884766
194274,normal,1297,0,1782360922.230412,0.0019068717956542969
194275,normal,664,0,1782360922.2325082,0.0020961761474609375
194276,normal,3683,0,1782360922.2343836,0.0018754005432128906
194277,normal,2638,0,1782360922.236497,0.00211334228515625
194278,normal,990,2,1782360922.238396,0.0018990039825439453
194279,normal,3067,1,1782360922.2405012,0.002105236053466797
194280,normal,1610,0,1782360922.2425244,0.0020232200622558594
194281,normal,234,0,1782360922.2443721,0.0018477439880371094
194282,normal,1863,0,1782360922.2464654,0.0020933151245117188
194283,normal,1538,0,1782360922.2483654,0.0018999576568603516
194284,normal,1597,0,1782360922.2505121,0.0021467208862304688
194285,normal,2648,0,1782360922.2524393,0.0019271373748779297
194286,normal,3602,0,1782360922.2546973,0.0022580623626708984
194287,normal,2360,0,1782360922.2563787,0.0016813278198242188
194288,normal,2737,0,1782360922.2584937,0.002115011215209961
194289,normal,2172,0,1782360922.2604125,0.001918792724609375
194290,normal,869,2,1782360922.2624338,0.002021312713623047
194291,normal,3534,0,1782360922.2644327,0.0019989013671875
194292,normal,1088,0,1782360922.2663229,0.0018901824951171875
194293,normal,793,2,1782360922.2684693,0.002146482467651367
194294,normal,404,0,1782360922.270543,0.0020737648010253906
194295,normal,1672,0,1782360922.2724946,0.001951456069946289
194296,normal,1891,0,1782360922.2745817,0.002087116241455078
194297,normal,2682,0,1782360922.2765162,0.0019345283508300781
194298,normal,1082,0,1782360922.2786376,0.002121448516845703
194299,normal,3224,1,1782360922.2804046,0.0017669200897216797
194300,normal,1945,0,1782360922.282918,0.002513408660888672
194301,normal,399,0,1782360922.2844987,0.0015807151794433594
194302,normal,2997,0,1782360922.2864351,0.0019364356994628906
194303,normal,3286,1,1782360922.2884288,0.0019936561584472656
194304,normal,2569,0,1782360922.290329,0.0019001960754394531
194305,normal,1669,0,1782360922.2927089,0.002379894256591797
194306,normal,3191,1,1782360922.2943864,0.0016775131225585938
194307,normal,742,0,1782360922.296431,0.002044677734375
194308,normal,3172,1,1782360922.2983258,0.0018947124481201172
194309,normal,2170,0,1782360922.3004317,0.0021059513092041016
194310,normal,1337,1,1782360922.3028014,0.0023696422576904297
194311,normal,3290,1,1782360922.3046503,0.0018489360809326172
194312,normal,3533,0,1782360922.3066926,0.0020422935485839844
194313,normal,1464,0,1782360922.3084476,0.0017549991607666016
194314,normal,3512,0,1782360922.3104405,0.001992940902709961
194315,normal,1884,0,1782360922.3124518,0.0020112991333007812
194316,normal,223,0,1782360922.3143883,0.0019364356994628906
194317,normal,1175,0,1782360922.3166945,0.002306222915649414
194318,normal,160,0,1782360922.3184044,0.0017099380493164062
194319,normal,58,0,1782360922.320446,0.0020415782928466797
194320,normal,1789,0,1782360922.32235,0.0019040107727050781
194321,normal,2752,0,1782360922.3244705,0.002120494842529297
194322,normal,1372,1,1782360922.3264384,0.001967906951904297
194323,normal,2991,0,1782360922.3284583,0.0020198822021484375
194324,normal,2781,0,1782360922.3305104,0.0020520687103271484
194325,normal,473,0,1782360922.3324058,0.0018954277038574219
194326,normal,2647,0,1782360922.3349333,0.002527475357055664
194327,normal,1624,0,1782360922.336552,0.0016186237335205078
194328,normal,2212,0,1782360922.338616,0.0020639896392822266
194329,normal,2884,0,1782360922.340526,0.0019102096557617188
194330,normal,3539,0,1782360922.3425436,0.002017498016357422
194331,normal,924,2,1782360922.3444507,0.0019071102142333984
194332,normal,3658,0,1782360922.346469,0.0020182132720947266
194333,normal,2115,0,1782360922.3485966,0.0021276473999023438
194334,normal,1185,0,1782360922.3505552,0.001958608627319336
194335,normal,206,0,1782360922.353567,0.0030117034912109375
194336,normal,2180,0,1782360922.3543975,0.0008306503295898438
194337,normal,1276,0,1782360922.3564982,0.002100706100463867
194338,normal,3298,1,1782360922.3584373,0.0019390583038330078
194339,normal,1151,0,1782360922.3603675,0.00193023681640625
194340,normal,3103,1,1782360922.362377,0.0020093917846679688
194341,normal,724,0,1782360922.3649876,0.0026106834411621094
194342,normal,3643,0,1782360922.3665497,0.0015621185302734375
194343,normal,1428,0,1782360922.3688362,0.0022864341735839844
194344,normal,3326,1,1782360922.3704178,0.0015816688537597656
194345,normal,1691,0,1782360922.3725507,0.002132892608642578
194346,normal,2299,0,1782360922.3745098,0.001959085464477539
194347,normal,3325,1,1782360922.3764534,0.0019435882568359375
194348,normal,2620,0,1782360922.3788097,0.002356290817260742
194349,normal,3558,0,1782360922.3803704,0.0015606880187988281
194350,normal,2904,0,1782360922.3825433,0.0021729469299316406
194351,normal,1677,0,1782360922.3844113,0.0018680095672607422
194352,normal,2980,0,1782360922.386509,0.002097606658935547
194353,normal,1360,1,1782360922.3883946,0.0018856525421142578
194354,normal,1795,0,1782360922.3905098,0.0021152496337890625
194355,normal,3320,1,1782360922.3926957,0.002185821533203125
194356,normal,237,0,1782360922.3944077,0.0017120838165283203
194357,normal,635,0,1782360922.3964891,0.0020813941955566406
194358,normal,290,0,1782360922.3983834,0.001894235610961914
194359,normal,2986,0,1782360922.4004722,0.002088785171508789
194360,normal,1518,0,1782360922.402526,0.0020537376403808594
194361,normal,2733,0,1782360922.4043767,0.0018508434295654297
194362,normal,192,0,1782360922.4065218,0.002145051956176758
194363,normal,3640,0,1782360922.4083774,0.001855611801147461
194364,normal,695,0,1782360922.410493,0.002115488052368164
194365,normal,2083,0,1782360922.4124088,0.0019159317016601562
194366,normal,133,0,1782360922.4144554,0.0020465850830078125
194367,normal,2637,0,1782360922.41634,0.0018846988677978516
194368,normal,2381,0,1782360922.4184463,0.002106189727783203
194369,normal,1686,0,1782360922.4204853,0.0020389556884765625
194370,normal,3228,1,1782360922.4225829,0.002097606658935547
194371,normal,589,0,1782360922.4243822,0.0017993450164794922
194372,normal,1384,0,1782360922.4265735,0.002191305160522461
194373,normal,2947,0,1782360922.4285796,0.002006053924560547
194374,normal,734,0,1782360922.4305732,0.0019936561584472656
194375,normal,1078,0,1782360922.4324389,0.0018656253814697266
194376,normal,3082,1,1782360922.434551,0.002112150192260742
194377,normal,1622,0,1782360922.436569,0.002017974853515625
194378,normal,1380,1,1782360922.4384909,0.0019218921661376953
194379,normal,1015,2,1782360922.4403398,0.0018489360809326172
194380,normal,732,0,1782360922.4425015,0.002161741256713867
194381,normal,611,0,1782360922.4443383,0.0018367767333984375
194382,normal,2421,0,1782360922.4468112,0.0024728775024414062
194383,normal,2567,0,1782360922.4483435,0.0015323162078857422
194384,normal,3599,0,1782360922.450498,0.0021545886993408203
194385,normal,2955,0,1782360922.4523423,0.001844167709350586
194386,normal,3310,1,1782360922.4543464,0.0020041465759277344
194387,normal,2293,0,1782360922.456874,0.002527475357055664
194388,normal,3123,1,1782360922.4586492,0.0017752647399902344
194389,normal,167,0,1782360922.460524,0.0018749237060546875
194390,normal,2862,0,1782360922.4625723,0.0020482540130615234
194391,normal,3372,1,1782360922.464388,0.0018155574798583984
194392,normal,3294,1,1782360922.4663694,0.001981496810913086
194393,normal,3400,1,1782360922.468551,0.002181529998779297
194394,normal,1957,0,1782360922.4705353,0.0019843578338623047
194395,normal,2216,0,1782360922.4726396,0.0021042823791503906
194396,normal,2166,0,1782360922.4743633,0.0017237663269042969
194397,normal,861,2,1782360922.4765136,0.002150297164916992
194398,normal,513,0,1782360922.478359,0.0018453598022460938
194399,normal,1336,1,1782360922.4805279,0.002168893814086914
194400,normal,1707,0,1782360922.4824038,0.0018758773803710938
194401,normal,2607,0,1782360922.4846416,0.0022377967834472656
194402,normal,3016,0,1782360922.4864717,0.0018301010131835938
194403,normal,1423,0,1782360922.4885776,0.0021059513092041016
194404,normal,857,2,1782360922.490451,0.0018734931945800781
194405,normal,2348,0,1782360922.492659,0.0022079944610595703
194406,normal,490,0,1782360922.4948242,0.002165079116821289
194407,normal,1165,0,1782360922.496582,0.0017578601837158203
194408,normal,3125,1,1782360922.4984448,0.0018627643585205078
194409,normal,1436,0,1782360922.5006611,0.002216339111328125
194410,normal,848,2,1782360922.5027506,0.0020895004272460938
194411,normal,658,0,1782360922.5044038,0.0016531944274902344
194412,normal,2584,0,1782360922.50635,0.0019462108612060547
194413,normal,3346,1,1782360922.5085042,0.002154111862182617
194414,normal,585,0,1782360922.510373,0.0018689632415771484
194415,normal,671,0,1782360922.512539,0.0021657943725585938
194416,normal,2716,0,1782360922.5143764,0.0018374919891357422
194417,normal,3305,1,1782360922.516527,0.0021505355834960938
194418,normal,3256,1,1782360922.518388,0.0018610954284667969
194419,normal,243,0,1782360922.5204167,0.0020287036895751953
194420,normal,974,2,1782360922.5226417,0.0022249221801757812
194421,normal,824,2,1782360922.5245447,0.0019030570983886719
194422,normal,1280,0,1782360922.526353,0.00180816650390625
194423,normal,3645,0,1782360922.5286026,0.0022497177124023438
194424,normal,660,0,1782360922.5304806,0.0018780231475830078
194425,normal,54,0,1782360922.5324826,0.0020020008087158203
194426,normal,2598,0,1782360922.534556,0.0020732879638671875
194427,normal,2719,0,1782360922.5364044,0.001848459243774414
194428,normal,1658,0,1782360922.5383976,0.0019931793212890625
194429,normal,1397,0,1782360922.540557,0.0021593570709228516
194430,normal,1842,0,1782360922.5424392,0.001882314682006836
194431,normal,1886,0,1782360922.5444078,0.0019686222076416016
194432,normal,3684,0,1782360922.5467112,0.0023033618927001953
194433,normal,3408,0,1782360922.5484896,0.0017783641815185547
194434,normal,1737,0,1782360922.55037,0.0018804073333740234
194435,normal,2455,0,1782360922.552546,0.002176046371459961
194436,normal,544,0,1782360922.5543828,0.0018367767333984375
194437,normal,1754,0,1782360922.556363,0.001980304718017578
194438,normal,3192,1,1782360922.5585454,0.0021822452545166016
194439,normal,2018,0,1782360922.560444,0.0018987655639648438
194440,normal,2291,0,1782360922.5624337,0.001989603042602539
194441,normal,2597,0,1782360922.564657,0.0022232532501220703
194442,normal,2394,0,1782360922.5665412,0.0018842220306396484
194443,normal,269,0,1782360922.5684226,0.0018813610076904297
194444,normal,110,0,1782360922.5705757,0.002153158187866211
194445,normal,111,0,1782360922.572419,0.0018432140350341797
194446,normal,3013,0,1782360922.574492,0.002073049545288086
194447,normal,628,0,1782360922.5765445,0.0020525455474853516
194448,normal,201,0,1782360922.5783641,0.001819610595703125
194449,normal,743,0,1782360922.5805438,0.0021796226501464844
194450,normal,2951,0,1782360922.582507,0.0019631385803222656
194451,normal,1787,0,1782360922.584509,0.0020020008087158203
194452,normal,951,2,1782360922.5864563,0.0019474029541015625
194453,normal,2820,0,1782360922.5887458,0.0022895336151123047
194454,normal,2227,0,1782360922.5906239,0.0018780231475830078
194455,normal,3541,0,1782360922.5925093,0.0018854141235351562
194456,normal,1572,0,1782360922.5949314,0.0024220943450927734
194457,normal,1972,0,1782360922.596363,0.0014317035675048828
194458,normal,2006,0,1782360922.5985293,0.002166271209716797
194459,normal,208,0,1782360922.6003473,0.001817941665649414
194460,normal,1943,0,1782360922.602539,0.002191781997680664
194461,normal,753,0,1782360922.6045606,0.0020215511322021484
194462,normal,1032,0,1782360922.6063535,0.00179290771484375
194463,normal,3175,1,1782360922.6085274,0.002173900604248047
194464,normal,2359,0,1782360922.6103451,0.0018177032470703125
194465,normal,277,0,1782360922.6125321,0.002187013626098633
194466,normal,2462,0,1782360922.6149325,0.0024003982543945312
194467,normal,1692,0,1782360922.6165342,0.0016016960144042969
194468,normal,1468,0,1782360922.61852,0.001985788345336914
194469,normal,3513,0,1782360922.620614,0.0020940303802490234
194470,normal,90,0,1782360922.6223786,0.001764535903930664
194471,normal,2861,0,1782360922.624549,0.0021703243255615234
194472,normal,3421,0,1782360922.6264024,0.0018534660339355469
194473,normal,2883,0,1782360922.6283853,0.0019829273223876953
194474,normal,1635,0,1782360922.6307278,0.0023424625396728516
194475,normal,2782,0,1782360922.6325243,0.0017964839935302734
194476,normal,1443,0,1782360922.6343505,0.0018262863159179688
194477,normal,3373,1,1782360922.636537,0.0021865367889404297
194478,normal,3348,1,1782360922.6383872,0.001850128173828125
194479,normal,475,0,1782360922.640385,0.001997709274291992
194480,normal,2728,0,1782360922.6425579,0.0021729469299316406
194481,normal,2138,0,1782360922.6445384,0.0019805431365966797
194482,normal,1616,0,1782360922.6465743,0.002035856246948242
194483,normal,649,0,1782360922.6484542,0.0018799304962158203
194484,normal,704,0,1782360922.6505065,0.00205230712890625
194485,normal,1878,0,1782360922.6525524,0.002045869827270508
194486,normal,872,2,1782360922.6544085,0.001856088638305664
194487,normal,961,2,1782360922.6566284,0.0022199153900146484
194488,normal,1854,0,1782360922.6586895,0.002061128616333008
194489,normal,3550,0,1782360922.6605334,0.0018439292907714844
194490,normal,169,0,1782360922.6623647,0.0018312931060791016
194491,normal,394,0,1782360922.6648266,0.0024619102478027344
194492,normal,3138,1,1782360922.6666236,0.0017969608306884766
194493,normal,2865,0,1782360922.6683855,0.0017619132995605469
194494,normal,2669,0,1782360922.6703608,0.0019752979278564453
194495,normal,2842,0,1782360922.672542,0.0021812915802001953
194496,normal,985,2,1782360922.6744187,0.0018765926361083984
194497,normal,2031,0,1782360922.6763885,0.0019698143005371094
194498,normal,2775,0,1782360922.6785383,0.002149820327758789
194499,normal,2436,0,1782360922.6803787,0.001840353012084961
194500,normal,2479,0,1782360922.6823943,0.0020155906677246094
194501,normal,2439,0,1782360922.6846263,0.002232074737548828
194502,normal,1511,0,1782360922.6865304,0.0019040107727050781
194503,normal,670,0,1782360922.688427,0.0018966197967529297
194504,normal,894,2,1782360922.690542,0.002115011215209961
194505,normal,3362,1,1782360922.692477,0.0019350051879882812
194506,normal,1208,0,1782360922.6944537,0.0019767284393310547
194507,normal,814,2,1782360922.6966605,0.0022068023681640625
194508,normal,2048,0,1782360922.6983895,0.0017290115356445312
194509,normal,387,0,1782360922.7003818,0.0019922256469726562
194510,normal,759,0,1782360922.7025616,0.002179861068725586
194511,normal,2332,0,1782360922.704404,0.001842498779296875
194512,normal,177,0,1782360922.7063956,0.0019915103912353516
194513,normal,1311,0,1782360922.7085783,0.0021827220916748047
194514,normal,1158,0,1782360922.710427,0.0018486976623535156
194515,normal,128,0,1782360922.7124746,0.0020475387573242188
194516,normal,1157,0,1782360922.7145424,0.0020678043365478516
194517,normal,2983,0,1782360922.716375,0.001832723617553711
194518,normal,238,0,1782360922.718366,0.001990795135498047
194519,normal,2098,0,1782360922.7205412,0.0021753311157226562
194520,normal,3442,0,1782360922.7223728,0.0018315315246582031
194521,normal,955,2,1782360922.724397,0.0020241737365722656
194522,normal,3484,0,1782360922.726688,0.002290964126586914
194523,normal,3046,1,1782360922.728506,0.0018181800842285156
194524,normal,1382,0,1782360922.730489,0.0019829273223876953
194525,normal,272,0,1782360922.732621,0.002131938934326172
194526,normal,525,0,1782360922.7344072,0.0017862319946289062
194527,normal,3031,0,1782360922.736398,0.001990795135498047
194528,normal,2536,0,1782360922.7386103,0.0022122859954833984
194529,normal,2208,0,1782360922.7403655,0.0017552375793457031
194530,normal,303,0,1782360922.7425358,0.0021703243255615234
194531,normal,1307,0,1782360922.744359,0.0018231868743896484
194532,normal,1120,0,1782360922.746607,0.002248048782348633
194533,normal,2,0,1782360922.7483947,0.0017876625061035156
194534,normal,3259,1,1782360922.7504983,0.002103567123413086
194535,normal,3214,1,1782360922.75257,0.0020716190338134766
194536,normal,3179,1,1782360922.7543917,0.001821756362915039
194537,normal,657,0,1782360922.7566197,0.0022280216217041016
194538,normal,3374,1,1782360922.7588723,0.0022525787353515625
194539,normal,744,0,1782360922.760447,0.0015747547149658203
194540,normal,2220,0,1782360922.7624047,0.0019576549530029297
194541,normal,251,0,1782360922.7643082,0.001903533935546875
194542,normal,2379,0,1782360922.7663884,0.002080202102661133
194543,normal,1220,0,1782360922.7684438,0.0020554065704345703
194544,normal,1434,0,1782360922.7703493,0.0019054412841796875
194545,normal,2412,0,1782360922.7724254,0.0020761489868164062
194546,normal,2753,0,1782360922.7745676,0.002142190933227539
194547,normal,1947,0,1782360922.7763598,0.0017921924591064453
194548,normal,1437,0,1782360922.7785304,0.002170562744140625
194549,normal,1451,0,1782360922.7806256,0.0020952224731445312
194550,normal,2625,0,1782360922.7826178,0.0019922256469726562
194551,normal,2035,0,1782360922.7844884,0.0018706321716308594
194552,normal,1664,0,1782360922.786641,0.0021524429321289062
194553,normal,1696,0,1782360922.788375,0.001734018325805664
194554,normal,944,2,1782360922.7903795,0.0020046234130859375
194555,normal,3261,1,1782360922.7925625,0.0021829605102539062
194556,normal,428,0,1782360922.794401,0.0018384456634521484
194557,normal,828,2,1782360922.7965484,0.0021474361419677734
194558,normal,61,0,1782360922.7984114,0.0018630027770996094
194559,normal,2726,0,1782360922.8003526,0.0019412040710449219
194560,normal,1827,0,1782360922.8025372,0.002184629440307617
194561,normal,3585,0,1782360922.8043823,0.0018451213836669922
194562,normal,3519,0,1782360922.8065634,0.0021810531616210938
194563,normal,3275,1,1782360922.8085618,0.001998424530029297
194564,normal,3690,0,1782360922.8106568,0.0020949840545654297
194565,normal,3085,1,1782360922.8125598,0.0019030570983886719
194566,normal,3604,0,1782360922.8144474,0.0018875598907470703
194567,normal,1740,0,1782360922.8167362,0.002288818359375
194568,normal,1769,0,1782360922.818521,0.0017848014831542969
194569,normal,3671,0,1782360922.820386,0.0018649101257324219
194570,normal,2730,0,1782360922.8229663,0.002580404281616211
194571,normal,3407,0,1782360922.8246253,0.0016589164733886719
194572,normal,1400,0,1782360922.8265078,0.0018825531005859375
194573,normal,2825,0,1782360922.8288548,0.0023469924926757812
194574,normal,3361,1,1782360922.83104,0.0021851062774658203
194575,normal,736,0,1782360922.8324118,0.0013718605041503906
194576,normal,330,0,1782360922.834552,0.0021402835845947266
194577,normal,156,0,1782360922.836384,0.0018320083618164062
194578,normal,3609,0,1782360922.838393,0.0020089149475097656
194579,normal,1611,0,1782360922.8405657,0.002172708511352539
194580,normal,2676,0,1782360922.8423834,0.0018177032470703125
194581,normal,2304,0,1782360922.8443806,0.001997232437133789
194582,normal,3663,0,1782360922.8465466,0.0021660327911376953
194583,normal,55,0,1782360922.8484354,0.0018887519836425781
194584,normal,565,0,1782360922.850444,0.002008676528930664
194585,normal,364,0,1782360922.8526847,0.0022406578063964844
194586,normal,1741,0,1782360922.8544059,0.0017211437225341797
194587,normal,3412,0,1782360922.8564215,0.0020155906677246094
194588,normal,1108,0,1782360922.8586137,0.002192258834838867
194589,normal,1065,0,1782360922.8604987,0.0018849372863769531
194590,normal,491,0,1782360922.8624816,0.0019829273223876953
194591,normal,3611,0,1782360922.864525,0.002043485641479492
194592,normal,536,0,1782360922.8664217,0.0018966197967529297
194593,normal,3200,1,1782360922.8684013,0.0019795894622802734
194594,normal,449,0,1782360922.870563,0.002161741256713867
194595,normal,725,0,1782360922.8724275,0.0018644332885742188
194596,normal,1501,0,1782360922.8744025,0.0019750595092773438
194597,normal,341,0,1782360922.8767433,0.0023407936096191406
194598,normal,2051,0,1782360922.8783875,0.001644134521484375
194599,normal,459,0,1782360922.8803751,0.0019876956939697266
194600,normal,1342,1,1782360922.8825524,0.0021772384643554688
194601,normal,2963,0,1782360922.884379,0.0018265247344970703
194602,normal,492,0,1782360922.8863893,0.002010345458984375
194603,normal,2179,0,1782360922.8886328,0.002243518829345703
194604,normal,2164,0,1782360922.8906431,0.002010345458984375
194605,normal,789,2,1782360922.8923755,0.0017323493957519531
194606,normal,2247,0,1782360922.8945699,0.0021944046020507812
194607,normal,3265,1,1782360922.8964157,0.0018458366394042969
194608,normal,3475,0,1782360922.8983703,0.0019545555114746094
194609,normal,948,2,1782360922.9005327,0.002162456512451172
194610,normal,2794,0,1782360922.9023497,0.0018169879913330078
194611,normal,214,0,1782360922.9045303,0.0021805763244628906
194612,normal,1840,0,1782360922.906371,0.001840829849243164
194613,normal,3114,1,1782360922.9085805,0.0022094249725341797
194614,normal,543,0,1782360922.910408,0.0018274784088134766
194615,normal,1637,0,1782360922.9127033,0.002295255661010742
194616,normal,47,0,1782360922.9145813,0.0018780231475830078
194617,normal,2024,0,1782360922.9165351,0.0019538402557373047
194618,normal,747,0,1782360922.9184852,0.0019500255584716797
194619,normal,2367,0,1782360922.920655,0.0021698474884033203
194620,normal,2383,0,1782360922.9225707,0.0019156932830810547
194621,normal,2032,0,1782360922.924438,0.0018672943115234375
194622,normal,2366,0,1782360922.9263692,0.0019311904907226562
194623,normal,3666,0,1782360922.9283507,0.001981496810913086
194624,normal,1395,0,1782360922.9305367,0.0021860599517822266
194625,normal,215,0,1782360922.9324167,0.0018799304962158203
194626,normal,2282,0,1782360922.9343665,0.0019497871398925781
194627,normal,571,0,1782360922.936523,0.002156496047973633
194628,normal,597,0,1782360922.9383852,0.0018622875213623047
194629,normal,2515,0,1782360922.9403553,0.001970052719116211
194630,normal,558,0,1782360922.9428,0.002444744110107422
194631,normal,3580,0,1782360922.9447987,0.0019986629486083984
194632,normal,3542,0,1782360922.9466121,0.0018134117126464844
194633,normal,2892,0,1782360922.94847,0.0018579959869384766
194634,normal,2339,0,1782360922.9503593,0.0018892288208007812
194635,normal,2497,0,1782360922.952549,0.00218963623046875
194636,normal,880,2,1782360922.9549286,0.0023796558380126953
194637,normal,246,0,1782360922.9563844,0.0014557838439941406
194638,normal,2066,0,1782360922.9586117,0.002227306365966797
194639,normal,2240,0,1782360922.960705,0.0020933151245117188
194640,normal,384,0,1782360922.9623852,0.001680135726928711
194641,normal,3100,1,1782360922.9644969,0.002111673355102539
194642,normal,82,0,1782360922.966496,0.0019991397857666016
194643,normal,2175,0,1782360922.9683843,0.001888275146484375
194644,normal,2761,0,1782360922.9704976,0.00211334228515625
194645,normal,454,0,1782360922.9725525,0.002054929733276367
194646,normal,1666,0,1782360922.9744227,0.0018701553344726562
194647,normal,870,2,1782360922.9765155,0.0020928382873535156
194648,normal,1438,0,1782360922.9784288,0.001913309097290039
194649,normal,2131,0,1782360922.9807374,0.0023086071014404297
194650,normal,3370,1,1782360922.9825065,0.0017690658569335938
194651,normal,2523,0,1782360922.9846263,0.002119779586791992
194652,normal,996,2,1782360922.9865608,0.0019345283508300781
194653,normal,3208,1,1782360922.9884784,0.0019176006317138672
194654,normal,3308,1,1782360922.9904754,0.0019969940185546875
194655,normal,2264,0,1782360922.992367,0.0018916130065917969
194656,normal,1465,0,1782360922.994553,0.0021860599517822266
194657,normal,3018,0,1782360922.9964757,0.001922607421875
194658,normal,2310,0,1782360922.9986458,0.002170085906982422
194659,normal,1271,0,1782360923.0005558,0.0019099712371826172
194660,normal,3124,1,1782360923.0025768,0.0020210742950439453
194661,normal,1265,0,1782360923.0043757,0.001798868179321289
194662,normal,1796,0,1782360923.0064807,0.0021049976348876953
194663,normal,1871,0,1782360923.0088916,0.002410888671875
194664,normal,424,0,1782360923.0106587,0.0017671585083007812
194665,normal,3627,0,1782360923.0127032,0.0020444393157958984
194666,normal,1595,0,1782360923.0144675,0.0017642974853515625
194667,normal,481,0,1782360923.0165741,0.0021066665649414062
194668,normal,1602,0,1782360923.018495,0.001920938491821289
194669,normal,1453,0,1782360923.0205827,0.0020875930786132812
194670,normal,1579,0,1782360923.023066,0.002483367919921875
194671,normal,1710,0,1782360923.0244823,0.0014162063598632812
194672,normal,1633,0,1782360923.0266085,0.0021262168884277344
194673,normal,943,2,1782360923.0285273,0.001918792724609375
194674,normal,386,0,1782360923.0304863,0.001959085464477539
194675,normal,2970,0,1782360923.032608,0.0021216869354248047
194676,normal,1656,0,1782360923.0345476,0.001939535140991211
194677,normal,3569,0,1782360923.0365093,0.0019617080688476562
194678,normal,2271,0,1782360923.0387192,0.002209901809692383
194679,normal,2913,0,1782360923.040402,0.0016827583312988281
194680,normal,696,0,1782360923.0426145,0.0022125244140625
194681,normal,2052,0,1782360923.0444965,0.0018820762634277344
194682,normal,31,0,1782360923.0466473,0.0021507740020751953
194683,normal,2611,0,1782360923.048534,0.001886606216430664
194684,normal,3396,1,1782360923.050639,0.0021049976348876953
194685,normal,1642,0,1782360923.052624,0.0019850730895996094
194686,normal,2275,0,1782360923.0544953,0.001871347427368164
194687,normal,1156,0,1782360923.056624,0.00212860107421875
194688,normal,1160,0,1782360923.0585673,0.001943349838256836
194689,normal,1519,0,1782360923.06047,0.0019028186798095703
194690,normal,647,0,1782360923.062572,0.002101898193359375
194691,normal,1358,1,1782360923.0645368,0.0019648075103759766
194692,normal,2077,0,1782360923.0664763,0.001939535140991211
194693,normal,3700,0,1782360923.0686605,0.002184152603149414
194694,normal,2374,0,1782360923.0706193,0.0019588470458984375
194695,normal,527,0,1782360923.072581,0.0019617080688476562
194696,normal,3231,1,1782360923.074576,0.0019948482513427734
194697,normal,2840,0,1782360923.0767188,0.0021429061889648438
194698,normal,1449,0,1782360923.078601,0.0018820762634277344
194699,normal,1875,0,1782360923.0805745,0.0019736289978027344
194700,normal,1159,0,1782360923.082722,0.0021474361419677734
194701,normal,1697,0,1782360923.0846336,0.0019116401672363281
194702,normal,2380,0,1782360923.0864675,0.0018339157104492188
194703,normal,3429,0,1782360923.0885775,0.002110004425048828
194704,normal,3620,0,1782360923.090464,0.001886606216430664
194705,normal,1907,0,1782360923.0925794,0.0021152496337890625
194706,normal,634,0,1782360923.094643,0.002063751220703125
194707,normal,1286,0,1782360923.0964677,0.0018246173858642578
194708,normal,354,0,1782360923.098559,0.0020911693572998047
194709,normal,683,0,1782360923.1005235,0.001964569091796875
194710,normal,2143,0,1782360923.1024656,0.0019421577453613281
194711,normal,1045,0,1782360923.1048927,0.0024271011352539062
194712,normal,2762,0,1782360923.1065822,0.0016894340515136719
194713,normal,1478,0,1782360923.1086261,0.0020439624786376953
194714,normal,3672,0,1782360923.1105762,0.0019500255584716797
194715,normal,2582,0,1782360923.112427,0.0018508434295654297
194716,normal,2877,0,1782360923.1146023,0.0021753311157226562
194717,normal,1643,0,1782360923.1164985,0.0018961429595947266
194718,normal,2651,0,1782360923.1186252,0.0021266937255859375
194719,normal,2557,0,1782360923.1207318,0.0021066665649414062
194720,normal,268,0,1782360923.1224833,0.0017514228820800781
194721,normal,2995,0,1782360923.1245742,0.002090930938720703
194722,normal,663,0,1782360923.1264782,0.0019040107727050781
194723,normal,195,0,1782360923.128628,0.002149820327758789
194724,normal,1998,0,1782360923.1305785,0.0019505023956298828
194725,normal,1090,0,1782360923.1328266,0.002248048782348633
194726,normal,242,0,1782360923.1346939,0.0018672943115234375
194727,normal,3300,1,1782360923.1366997,0.0020058155059814453
194728,normal,2186,0,1782360923.1384623,0.0017626285552978516
194729,normal,2385,0,1782360923.1407454,0.0022830963134765625
194730,normal,202,0,1782360923.1425676,0.0018222332000732422
194731,normal,3004,0,1782360923.1449447,0.002377033233642578
194732,normal,662,0,1782360923.146656,0.0017113685607910156
194733,normal,3423,0,1782360923.1487036,0.0020475387573242188
194734,normal,1896,0,1782360923.1506872,0.001983642578125
194735,normal,1251,0,1782360923.1529899,0.0023026466369628906
194736,normal,2073,0,1782360923.1544757,0.0014858245849609375
194737,normal,1093,0,1782360923.1565728,0.0020971298217773438
194738,normal,2698,0,1782360923.1584668,0.0018939971923828125
194739,normal,3453,0,1782360923.1605747,0.002107858657836914
194740,normal,2696,0,1782360923.1624978,0.0019230842590332031
194741,normal,3549,0,1782360923.164599,0.0021011829376220703
194742,normal,922,2,1782360923.1665735,0.0019745826721191406
194743,normal,278,0,1782360923.168466,0.0018925666809082031
194744,normal,963,2,1782360923.170611,0.0021448135375976562
194745,normal,784,2,1782360923.1726372,0.0020263195037841797
194746,normal,858,2,1782360923.1745706,0.0019333362579345703
194747,normal,180,0,1782360923.1765494,0.0019788742065429688
194748,normal,2864,0,1782360923.1785803,0.0020308494567871094
194749,normal,1927,0,1782360923.1805217,0.0019414424896240234
194750,normal,99,0,1782360923.1826482,0.002126455307006836
194751,normal,3523,0,1782360923.184707,0.002058744430541992
194752,normal,3414,0,1782360923.186404,0.0016970634460449219
194753,normal,1648,0,1782360923.1885998,0.0021958351135253906
194754,normal,1316,0,1782360923.190616,0.0020160675048828125
194755,normal,1322,1,1782360923.1925092,0.0018932819366455078
194756,normal,2851,0,1782360923.1946259,0.002116680145263672
194757,normal,41,0,1782360923.1966066,0.0019807815551757812
194758,normal,1485,0,1782360923.198521,0.0019142627716064453
194759,normal,1215,0,1782360923.2006998,0.0021789073944091797
194760,normal,3417,0,1782360923.202536,0.0018362998962402344
194761,normal,294,0,1782360923.2044804,0.0019443035125732422
194762,normal,3644,0,1782360923.2066078,0.002127408981323242
194763,normal,3139,1,1782360923.2085578,0.0019500255584716797
194764,normal,1915,0,1782360923.2104824,0.0019245147705078125
194765,normal,3295,1,1782360923.2126496,0.002167224884033203
194766,normal,3537,0,1782360923.2146294,0.001979827880859375
194767,normal,2508,0,1782360923.2165587,0.0019292831420898438
194768,normal,2290,0,1782360923.2187197,0.0021610260009765625
194769,normal,2071,0,1782360923.2204807,0.0017609596252441406
194770,normal,1592,0,1782360923.2225134,0.002032756805419922
194771,normal,353,0,1782360923.224626,0.0021126270294189453
194772,normal,1164,0,1782360923.2266068,0.0019807815551757812
194773,normal,2206,0,1782360923.228387,0.0017802715301513672
194774,normal,1026,2,1782360923.2305806,0.002193450927734375
194775,normal,2135,0,1782360923.2325675,0.001986980438232422
194776,normal,2362,0,1782360923.2345395,0.0019719600677490234
194777,normal,468,0,1782360923.2367404,0.0022008419036865234
194778,normal,3588,0,1782360923.238539,0.0017986297607421875
194779,normal,1387,0,1782360923.2406402,0.0021011829376220703
194780,normal,2109,0,1782360923.2426338,0.0019936561584472656
194781,normal,1983,0,1782360923.2447114,0.0020775794982910156
194782,normal,3634,0,1782360923.2469578,0.002246379852294922
194783,normal,138,0,1782360923.2484946,0.0015368461608886719
194784,normal,2926,0,1782360923.2505744,0.0020797252655029297
194785,normal,675,0,1782360923.252467,0.0018925666809082031
194786,normal,2683,0,1782360923.254618,0.002151012420654297
194787,normal,2267,0,1782360923.256531,0.0019130706787109375
194788,normal,865,2,1782360923.258491,0.0019600391387939453
194789,normal,1699,0,1782360923.260566,0.0020749568939208984
194790,normal,3251,1,1782360923.2625277,0.0019617080688476562
194791,normal,284,0,1782360923.2644618,0.001934051513671875
194792,normal,2612,0,1782360923.2666173,0.0021555423736572266
194793,normal,624,0,1782360923.2688024,0.0021851062774658203
194794,normal,786,2,1782360923.2705016,0.001699209213256836
194795,normal,76,0,1782360923.2727327,0.002231121063232422
194796,normal,3434,0,1782360923.274609,0.0018763542175292969
194797,normal,2869,0,1782360923.2764928,0.0018837451934814453
194798,normal,3349,1,1782360923.2786086,0.0021157264709472656
194799,normal,1009,2,1782360923.280563,0.0019545555114746094
194800,normal,257,0,1782360923.2825212,0.001958131790161133
194801,normal,1439,0,1782360923.2849462,0.002424955368041992
194802,normal,2673,0,1782360923.2863915,0.0014452934265136719
194803,normal,331,0,1782360923.2884703,0.0020787715911865234
194804,normal,1460,0,1782360923.2905805,0.0021102428436279297
194805,normal,3462,0,1782360923.2925563,0.0019757747650146484
194806,normal,1404,0,1782360923.2944973,0.0019409656524658203
194807,normal,371,0,1782360923.296779,0.002281665802001953
194808,normal,1668,0,1782360923.298769,0.001990079879760742
194809,normal,3212,1,1782360923.3005939,0.0018248558044433594
194810,normal,2272,0,1782360923.3025484,0.0019545555114746094
194811,normal,3575,0,1782360923.3046443,0.002095937728881836
194812,normal,650,0,1782360923.3066082,0.0019638538360595703
194813,normal,391,0,1782360923.308485,0.0018768310546875
194814,normal,288,0,1782360923.3109531,0.002468109130859375
194815,normal,129,0,1782360923.312598,0.0016448497772216797
194816,normal,1514,0,1782360923.3145595,0.0019614696502685547
194817,normal,1295,0,1782360923.3167033,0.00214385986328125
194818,normal,1522,0,1782360923.3189707,0.0022673606872558594
194819,normal,30,0,1782360923.3205948,0.0016241073608398438
194820,normal,2769,0,1782360923.322391,0.0017962455749511719
194821,normal,2919,0,1782360923.3245642,0.002173185348510742
194822,normal,2768,0,1782360923.326502,0.0019378662109375
194823,normal,10,0,1782360923.3285263,0.0020241737365722656
194824,normal,2974,0,1782360923.3304942,0.001967906951904297
194825,normal,2505,0,1782360923.3326068,0.0021126270294189453
194826,normal,1581,0,1782360923.3345358,0.0019290447235107422
194827,normal,77,0,1782360923.3365157,0.001979827880859375
194828,normal,1086,0,1782360923.3387012,0.0021855831146240234
194829,normal,2192,0,1782360923.3406348,0.0019335746765136719
194830,normal,3391,1,1782360923.3425143,0.0018794536590576172
194831,normal,1510,0,1782360923.3446124,0.00209808349609375
194832,normal,2463,0,1782360923.3466287,0.002016305923461914
194833,normal,557,0,1782360923.3486195,0.001990795135498047
194834,normal,2476,0,1782360923.350513,0.0018935203552246094
194835,normal,579,0,1782360923.3525376,0.0020246505737304688
194836,normal,3593,0,1782360923.354524,0.001986265182495117
194837,normal,1462,0,1782360923.3566933,0.002169370651245117
194838,normal,2644,0,1782360923.3586395,0.0019462108612060547
194839,normal,3351,1,1782360923.3605509,0.0019114017486572266
194840,normal,3050,1,1782360923.3626988,0.0021479129791259766
194841,normal,3048,1,1782360923.364478,0.001779317855834961
194842,normal,1606,0,1782360923.3666534,0.0021753311157226562
194843,normal,450,0,1782360923.368499,0.0018455982208251953
194844,normal,1403,0,1782360923.3706284,0.0021293163299560547
194845,normal,162,0,1782360923.372499,0.0018706321716308594
194846,normal,2121,0,1782360923.374498,0.0019989013671875
194847,normal,3080,1,1782360923.376623,0.0021250247955322266
194848,normal,633,0,1782360923.3784952,0.0018723011016845703
194849,normal,1575,0,1782360923.3806574,0.0021622180938720703
194850,normal,2285,0,1782360923.3826337,0.0019762516021728516
194851,normal,64,0,1782360923.3845625,0.0019288063049316406
194852,normal,3641,0,1782360923.3867252,0.0021626949310302734
194853,normal,1204,0,1782360923.3886416,0.0019164085388183594
194854,normal,728,0,1782360923.3904245,0.0017828941345214844
194855,normal,720,0,1782360923.3926358,0.002211332321166992
194856,normal,1613,0,1782360923.3946288,0.001992940902709961
194857,normal,3003,0,1782360923.3964808,0.0018520355224609375
194858,normal,1543,0,1782360923.398582,0.0021011829376220703
194859,normal,2401,0,1782360923.4005978,0.002015829086303711
194860,normal,1981,0,1782360923.4025598,0.001961946487426758
194861,normal,677,0,1782360923.4046206,0.0020608901977539062
194862,normal,390,0,1782360923.406532,0.0019114017486572266
194863,normal,2635,0,1782360923.4086475,0.002115488052368164
194864,normal,782,2,1782360923.4106882,0.0020406246185302734
194865,normal,1767,0,1782360923.4127147,0.0020265579223632812
194866,normal,514,0,1782360923.4149055,0.002190828323364258
194867,normal,3075,1,1782360923.4164402,0.0015347003936767578
194868,normal,262,0,1782360923.4185297,0.0020895004272460938
194869,normal,1671,0,1782360923.4204679,0.0019381046295166016
194870,normal,1431,0,1782360923.4225647,0.002096891403198242
194871,normal,2760,0,1782360923.4247327,0.002167940139770508
194872,normal,1822,0,1782360923.426475,0.0017423629760742188
194873,normal,220,0,1782360923.428565,0.002089977264404297
194874,normal,604,0,1782360923.4305193,0.001954317092895508
194875,normal,2957,0,1782360923.4324644,0.0019450187683105469
194876,normal,2226,0,1782360923.4347024,0.002238035202026367
194877,normal,2442,0,1782360923.4368505,0.002148151397705078
194878,normal,1241,0,1782360923.438565,0.001714468002319336
194879,normal,3291,1,1782360923.440785,0.0022199153900146484
194880,normal,523,0,1782360923.4424624,0.0016775131225585938
194881,normal,2876,0,1782360923.4446092,0.0021467208862304688
194882,normal,3203,1,1782360923.4464915,0.001882314682006836
194883,normal,2563,0,1782360923.4486117,0.0021202564239501953
194884,normal,899,2,1782360923.4505,0.001888275146484375
194885,normal,1626,0,1782360923.452867,0.0023670196533203125
194886,normal,722,0,1782360923.4543996,0.0015325546264648438
194887,normal,3355,1,1782360923.4565635,0.0021638870239257812
194888,normal,1652,0,1782360923.458475,0.0019116401672363281
194889,normal,3605,0,1782360923.4606025,0.002127408981323242
194890,normal,902,2,1782360923.462499,0.0018963813781738281
194891,normal,707,0,1782360923.4647868,0.0022878646850585938
194892,normal,441,0,1782360923.4667604,0.0019736289978027344
194893,normal,2882,0,1782360923.4685752,0.0018148422241210938
194894,normal,2604,0,1782360923.4705539,0.001978635787963867
194895,normal,2731,0,1782360923.4726982,0.002144336700439453
194896,normal,1072,0,1782360923.474577,0.0018787384033203125
194897,normal,170,0,1782360923.4764867,0.0019097328186035156
194898,normal,298,0,1782360923.4789455,0.002458810806274414
194899,normal,1073,0,1782360923.4805949,0.0016493797302246094
194900,normal,3469,0,1782360923.4825683,0.001973390579223633
194901,normal,276,0,1782360923.484712,0.0021436214447021484
194902,normal,1289,0,1782360923.4867547,0.0020427703857421875
194903,normal,754,0,1782360923.488621,0.0018663406372070312
194904,normal,2734,0,1782360923.490383,0.0017619132995605469
194905,normal,615,0,1782360923.492571,0.0021882057189941406
194906,normal,2488,0,1782360923.494496,0.0019249916076660156
194907,normal,3548,0,1782360923.496605,0.0021088123321533203
194908,normal,1022,2,1782360923.4984803,0.0018754005432128906
194909,normal,458,0,1782360923.5005739,0.0020935535430908203
194910,normal,1888,0,1782360923.5025203,0.0019464492797851562
194911,normal,1401,0,1782360923.504495,0.0019745826721191406
194912,normal,418,0,1782360923.5066571,0.0021622180938720703
194913,normal,3177,1,1782360923.508658,0.0020008087158203125
194914,normal,1638,0,1782360923.5105236,0.0018656253814697266
194915,normal,1483,0,1782360923.5125978,0.0020742416381835938
194916,normal,1762,0,1782360923.514612,0.00201416015625
194917,normal,2619,0,1782360923.5165396,0.0019276142120361328
194918,normal,2606,0,1782360923.5187395,0.002199888229370117
194919,normal,1980,0,1782360923.5203996,0.0016601085662841797
194920,normal,1721,0,1782360923.5226035,0.0022039413452148438
194921,normal,2880,0,1782360923.524493,0.0018894672393798828
194922,normal,3297,1,1782360923.5266109,0.0021178722381591797
194923,normal,2461,0,1782360923.5285032,0.0018923282623291016
194924,normal,2294,0,1782360923.5306478,0.0021445751190185547
194925,normal,2822,0,1782360923.5325947,0.0019469261169433594
194926,normal,595,0,1782360923.5345736,0.0019788742065429688
194927,normal,945,2,1782360923.5364888,0.0019152164459228516
194928,normal,1808,0,1782360923.5386012,0.0021123886108398438
194929,normal,2409,0,1782360923.5404887,0.0018875598907470703
194930,normal,2022,0,1782360923.542603,0.0021142959594726562
194931,normal,1561,0,1782360923.5444756,0.0018725395202636719
194932,normal,1051,0,1782360923.5466118,0.00213623046875
194933,normal,2157,0,1782360923.5486095,0.001997709274291992
194934,normal,2021,0,1782360923.5503995,0.0017900466918945312
194935,normal,2404,0,1782360923.5526366,0.002237081527709961
194936,normal,2792,0,1782360923.555225,0.0025882720947265625
194937,normal,3483,0,1782360923.5563962,0.0011713504791259766
194938,normal,1388,0,1782360923.5584683,0.0020720958709716797
194939,normal,1938,0,1782360923.5604541,0.001985788345336914
194940,normal,2189,0,1782360923.5624547,0.002000570297241211
194941,normal,3637,0,1782360923.5644755,0.0020208358764648438
194942,normal,885,2,1782360923.5664937,0.0020182132720947266
194943,normal,3481,0,1782360923.5684736,0.001979827880859375
194944,normal,614,0,1782360923.5705357,0.002062082290649414
194945,normal,867,2,1782360923.572832,0.00229644775390625
194946,normal,1048,0,1782360923.5745971,0.0017650127410888672
194947,normal,1033,0,1782360923.5765903,0.0019931793212890625
194948,normal,152,0,1782360923.578579,0.001988649368286133
194949,normal,1797,0,1782360923.5806892,0.0021102428436279297
194950,normal,132,0,1782360923.5824773,0.0017881393432617188
194951,normal,1097,0,1782360923.5845644,0.002087116241455078
194952,normal,66,0,1782360923.586463,0.0018985271453857422
194953,normal,935,2,1782360923.5885596,0.0020966529846191406
194954,normal,420,0,1782360923.5906336,0.002074003219604492
194955,normal,1407,0,1782360923.5924087,0.0017750263214111328
194956,normal,221,0,1782360923.5945585,0.002149820327758789
194957,normal,2338,0,1782360923.596475,0.0019164085388183594
194958,normal,936,2,1782360923.59856,0.0020852088928222656
194959,normal,1569,0,1782360923.60047,0.0019099712371826172
194960,normal,3708,0,1782360923.6030126,0.0025424957275390625
194961,normal,3111,1,1782360923.6045034,0.0014908313751220703
194962,normal,1541,0,1782360923.6066358,0.002132415771484375
194963,normal,2750,0,1782360923.6084685,0.001832723617553711
194964,normal,1118,0,1782360923.6105707,0.0021021366119384766
194965,normal,216,0,1782360923.6124885,0.0019178390502929688
194966,normal,226,0,1782360923.6146202,0.0021317005157470703
194967,normal,3441,0,1782360923.6167688,0.0021486282348632812
194968,normal,1365,1,1782360923.618418,0.0016491413116455078
194969,normal,1949,0,1782360923.620579,0.0021610260009765625
194970,normal,1876,0,1782360923.6225736,0.001994609832763672
194971,normal,1517,0,1782360923.6245816,0.0020079612731933594
194972,normal,2195,0,1782360923.6264873,0.001905679702758789
194973,normal,328,0,1782360923.628623,0.002135753631591797
194974,normal,2771,0,1782360923.63052,0.0018970966339111328
194975,normal,2835,0,1782360923.6325982,0.0020780563354492188
194976,normal,2798,0,1782360923.6345549,0.0019567012786865234
194977,normal,2622,0,1782360923.636782,0.0022270679473876953
194978,normal,108,0,1782360923.638628,0.0018460750579833984
194979,normal,3218,1,1782360923.640539,0.0019109249114990234
194980,normal,1942,0,1782360923.6426218,0.00208282470703125
194981,normal,1367,1,1782360923.6446266,0.002004861831665039
194982,normal,3211,1,1782360923.6463938,0.0017671585083007812
194983,normal,2298,0,1782360923.6485631,0.002169370651245117
194984,normal,2335,0,1782360923.6505067,0.0019435882568359375
194985,normal,748,0,1782360923.6526983,0.0021915435791015625
194986,normal,1649,0,1782360923.654568,0.0018696784973144531
194987,normal,285,0,1782360923.6566582,0.0020902156829833984
194988,normal,2587,0,1782360923.6586454,0.0019872188568115234
194989,normal,3615,0,1782360923.660472,0.0018265247344970703
194990,normal,1580,0,1782360923.6625743,0.002102375030517578
194991,normal,3074,1,1782360923.6647985,0.0022242069244384766
194992,normal,3614,0,1782360923.6666124,0.0018138885498046875
194993,normal,3038,0,1782360923.6687894,0.002177000045776367
194994,normal,3032,0,1782360923.670543,0.0017535686492919922
194995,normal,819,2,1782360923.6725585,0.0020155906677246094
194996,normal,2358,0,1782360923.674772,0.0022134780883789062
194997,normal,1182,0,1782360923.676536,0.001764059066772461
194998,normal,2033,0,1782360923.6790986,0.0025625228881835938
194999,normal,267,0,1782360923.6804667,0.0013680458068847656
195000,normal,1861,0,1782360923.6825376,0.002070903778076172
195001,normal,2949,0,1782360923.6845074,0.0019698143005371094
195002,normal,3522,0,1782360923.6866288,0.002121448516845703
195003,normal,2907,0,1782360923.6885703,0.0019414424896240234
195004,normal,1136,0,1782360923.690518,0.001947641372680664
195005,normal,1841,0,1782360923.692631,0.0021131038665771484
195006,normal,2148,0,1782360923.6946607,0.0020296573638916016
195007,normal,3450,0,1782360923.6964016,0.0017409324645996094
195008,normal,444,0,1782360923.6986074,0.0022058486938476562
195009,normal,787,2,1782360923.700555,0.001947641372680664
195010,normal,1801,0,1782360923.7024937,0.0019385814666748047
195011,normal,841,2,1782360923.7046971,0.0022034645080566406
195012,normal,172,0,1782360923.7065709,0.0018737316131591797
195013,normal,2056,0,1782360923.7085407,0.0019698143005371094
195014,normal,3092,1,1782360923.7106113,0.0020706653594970703
195015,normal,1099,0,1782360923.7126126,0.0020012855529785156
195016,normal,2274,0,1782360923.7144163,0.0018036365509033203
195017,normal,3535,0,1782360923.7165732,0.002156972885131836
195018,normal,2331,0,1782360923.7183626,0.0017893314361572266
195019,normal,3044,0,1782360923.7205293,0.002166748046875
195020,normal,2219,0,1782360923.72253,0.002000570297241211
195021,normal,2960,0,1782360923.7243748,0.0018448829650878906
195022,normal,2137,0,1782360923.7265806,0.0022058486938476562
195023,normal,2185,0,1782360923.7284732,0.0018925666809082031
195024,normal,118,0,1782360923.7305508,0.0020775794982910156
195025,normal,3459,0,1782360923.7325006,0.0019497871398925781
195026,normal,1231,0,1782360923.734757,0.0022563934326171875
195027,normal,2796,0,1782360923.7364333,0.001676321029663086
195028,normal,1559,0,1782360923.7385552,0.0021219253540039062
195029,normal,1101,0,1782360923.740641,0.0020859241485595703
195030,normal,1258,0,1782360923.7423887,0.0017476081848144531
195031,normal,2702,0,1782360923.7445226,0.0021338462829589844
195032,normal,1989,0,1782360923.7464983,0.0019757747650146484
195033,normal,280,0,1782360923.7483656,0.0018672943115234375
195034,normal,3473,0,1782360923.7507994,0.00243377685546875
195035,normal,3650,0,1782360923.7523596,0.001560211181640625
195036,normal,3072,1,1782360923.754518,0.0021584033966064453
195037,normal,692,0,1782360923.75645,0.001931905746459961
195038,normal,1549,0,1782360923.7585087,0.002058744430541992
195039,normal,3141,1,1782360923.7608607,0.002351999282836914
195040,normal,516,0,1782360923.762487,0.0016262531280517578
195041,normal,3021,0,1782360923.764576,0.0020890235900878906
195042,normal,5,0,1782360923.7666318,0.0020558834075927734
195043,normal,2531,0,1782360923.7683523,0.001720428466796875
195044,normal,2854,0,1782360923.7706442,0.0022919178009033203
195045,normal,2064,0,1782360923.7724571,0.0018129348754882812
195046,normal,1771,0,1782360923.7746186,0.0021615028381347656
195047,normal,2581,0,1782360923.776697,0.0020782947540283203
195048,normal,1075,0,1782360923.7785609,0.0018639564514160156
195049,normal,1413,0,1782360923.7804716,0.0019106864929199219
195050,normal,29,0,1782360923.7825983,0.0021266937255859375
195051,normal,2410,0,1782360923.7845418,0.0019435882568359375
195052,normal,1988,0,1782360923.7864988,0.001956939697265625
195053,normal,1209,0,1782360923.7886097,0.0021109580993652344
195054,normal,357,0,1782360923.7907639,0.002154111862182617
195055,normal,3253,1,1782360923.7926316,0.0018677711486816406
195056,normal,655,0,1782360923.7945619,0.00193023681640625
195057,normal,1330,1,1782360923.7966118,0.0020499229431152344
195058,normal,2191,0,1782360923.7986274,0.0020155906677246094
195059,normal,2284,0,1782360923.8006957,0.0020682811737060547
195060,normal,1281,0,1782360923.8029394,0.0022437572479248047
195061,normal,3109,1,1782360923.8046436,0.0017042160034179688
195062,normal,1145,0,1782360923.8065083,0.0018646717071533203
195063,normal,3411,0,1782360923.8087723,0.0022640228271484375
195064,normal,48,0,1782360923.8106089,0.001836538314819336
195065,normal,676,0,1782360923.812515,0.0019061565399169922
195066,normal,2141,0,1782360923.8145714,0.0020563602447509766
195067,normal,1763,0,1782360923.816465,0.0018935203552246094
195068,normal,886,2,1782360923.8185968,0.002131938934326172
195069,normal,2444,0,1782360923.8205447,0.0019478797912597656
195070,normal,2558,0,1782360923.822486,0.0019412040710449219
195071,normal,1310,0,1782360923.8245726,0.002086639404296875
195072,normal,343,0,1782360923.826557,0.0019843578338623047
195073,normal,1933,0,1782360923.8284292,0.0018723011016845703
195074,normal,1244,0,1782360923.830712,0.002282857894897461
195075,normal,2778,0,1782360923.8325326,0.0018205642700195312
195076,normal,3277,1,1782360923.8344998,0.001967191696166992
195077,normal,2178,0,1782360923.8366213,0.002121448516845703
195078,normal,396,0,1782360923.8386002,0.0019788742065429688
195079,normal,2117,0,1782360923.8405418,0.001941680908203125
195080,normal,2302,0,1782360923.8427124,0.002170562744140625
195081,normal,3521,0,1782360923.844511,0.0017986297607421875
195082,normal,370,0,1782360923.846505,0.001993894577026367
195083,normal,196,0,1782360923.8486245,0.0021195411682128906
195084,normal,227,0,1782360923.8505611,0.0019366741180419922
195085,normal,1678,0,1782360923.852504,0.0019428730010986328
195086,normal,1014,2,1782360923.8546278,0.0021238327026367188
195087,normal,984,2,1782360923.8567784,0.0021505355834960938
195088,normal,842,2,1782360923.8584297,0.0016512870788574219
195089,normal,691,0,1782360923.860604,0.00217437744140625
195090,normal,401,0,1782360923.8625405,0.0019364356994628906
195091,normal,1356,1,1782360923.8644853,0.0019447803497314453
195092,normal,2718,0,1782360923.8666017,0.0021164417266845703
195093,normal,1191,0,1782360923.8685567,0.0019550323486328125
195094,normal,1128,0,1782360923.8705342,0.0019774436950683594
195095,normal,3480,0,1782360923.8726964,0.0021622180938720703
195096,normal,1131,0,1782360923.8745024,0.001806020736694336
195097,normal,1838,0,1782360923.876596,0.0020935535430908203
195098,normal,1064,0,1782360923.878529,0.0019330978393554688
195099,normal,1283,0,1782360923.880623,0.0020940303802490234
195100,normal,3181,1,1782360923.882514,0.0018908977508544922
195101,normal,829,2,1782360923.8846288,0.0021147727966308594
195102,normal,3491,0,1782360923.8865094,0.001880645751953125
195103,normal,2196,0,1782360923.8884788,0.0019693374633789062
195104,normal,1925,0,1782360923.8905816,0.0021028518676757812
195105,normal,1555,0,1782360923.8928733,0.0022916793823242188
195106,normal,2034,0,1782360923.894439,0.001565694808959961
195107,normal,3120,1,1782360923.8967023,0.002263307571411133
195108,normal,1284,0,1782360923.8986185,0.0019161701202392578
195109,normal,3479,0,1782360923.9008474,0.002228975296020508
195110,normal,1589,0,1782360923.902581,0.001733541488647461
195111,normal,1450,0,1782360923.904821,0.0022399425506591797
195112,normal,3384,1,1782360923.9063797,0.0015587806701660156
195113,normal,2449,0,1782360923.908597,0.0022172927856445312
195114,normal,2350,0,1782360923.9105134,0.0019164085388183594
195115,normal,1698,0,1782360923.9124684,0.0019550323486328125
195116,normal,2473,0,1782360923.9147282,0.0022597312927246094
195117,normal,2595,0,1782360923.9163759,0.0016477108001708984
195118,normal,2966,0,1782360923.918567,0.0021910667419433594
195119,normal,1725,0,1782360923.920463,0.0018961429595947266
195120,normal,1835,0,1782360923.9225066,0.002043485641479492
195121,normal,1455,0,1782360923.9248917,0.0023851394653320312
195122,normal,1853,0,1782360923.9266436,0.0017518997192382812
195123,normal,1154,0,1782360923.9286199,0.0019762516021728516
195124,normal,2146,0,1782360923.9306934,0.002073526382446289
195125,normal,3039,0,1782360923.9324841,0.001790761947631836
195126,normal,688,0,1782360923.9345343,0.002050161361694336
195127,normal,970,2,1782360923.9364934,0.001959085464477539
195128,normal,2260,0,1782360923.938615,0.0021216869354248047
195129,normal,3664,0,1782360923.9407187,0.002103567123413086
195130,normal,785,2,1782360923.9424982,0.0017795562744140625
195131,normal,542,0,1782360923.944574,0.0020759105682373047
195132,normal,27,0,1782360923.946566,0.0019919872283935547
195133,normal,1292,0,1782360923.9484844,0.0019183158874511719
195134,normal,1688,0,1782360923.950605,0.002120494842529297
195135,normal,1946,0,1782360923.9525585,0.001953601837158203
195136,normal,1012,2,1782360923.9545655,0.002007007598876953
195137,normal,496,0,1782360923.9567163,0.0021507740020751953
195138,normal,1054,0,1782360923.9584868,0.0017704963684082031
195139,normal,2357,0,1782360923.9605565,0.002069711685180664
195140,normal,2067,0,1782360923.962765,0.0022084712982177734
195141,normal,145,0,1782360923.964457,0.001692056655883789
195142,normal,584,0,1782360923.9667482,0.0022912025451660156
195143,normal,361,0,1782360923.9686334,0.0018851757049560547
195144,normal,1490,0,1782360923.9707568,0.0021233558654785156
195145,normal,155,0,1782360923.9723916,0.001634836196899414
195146,normal,388,0,1782360923.9748409,0.0024492740631103516
195147,normal,2732,0,1782360923.976692,0.0018510818481445312
195148,normal,1996,0,1782360923.9785066,0.0018146038055419922
195149,normal,545,0,1782360923.980573,0.002066373825073242
195150,normal,2228,0,1782360923.9825242,0.0019512176513671875
195151,normal,1694,0,1782360923.984489,0.0019648075103759766
195152,normal,199,0,1782360923.9866018,0.002112865447998047
195153,normal,239,0,1782360923.9885995,0.001997709274291992
195154,normal,895,2,1782360923.9904706,0.0018711090087890625
195155,normal,3403,0,1782360923.9926028,0.0021321773529052734
195156,normal,1811,0,1782360923.9946055,0.002002716064453125
195157,normal,3156,1,1782360923.996577,0.0019714832305908203
195158,normal,2853,0,1782360923.998565,0.001987934112548828
195159,normal,1227,0,1782360924.0004928,0.0019278526306152344
195160,normal,219,0,1782360924.0025146,0.00202178955078125
195161,normal,1547,0,1782360924.0046494,0.0021347999572753906
195162,normal,1081,0,1782360924.0066361,0.0019867420196533203
195163,normal,151,0,1782360924.0085073,0.0018711090087890625
195164,normal,3202,1,1782360924.0105822,0.0020749568939208984
195165,normal,200,0,1782360924.0125504,0.0019681453704833984
195166,normal,781,2,1782360924.0144968,0.0019464492797851562
195167,normal,2187,0,1782360924.0166128,0.002115964889526367
195168,normal,3168,1,1782360924.0185645,0.0019516944885253906
195169,normal,3608,0,1782360924.0205228,0.0019583702087402344
195170,normal,1135,0,1782360924.022712,0.002189159393310547
195171,normal,482,0,1782360924.024546,0.0018339157104492188
195172,normal,915,2,1782360924.026479,0.0019330978393554688
195173,normal,2403,0,1782360924.0285773,0.0020983219146728516
195174,normal,2579,0,1782360924.0305297,0.0019524097442626953
195175,normal,2910,0,1782360924.0324848,0.0019550323486328125
195176,normal,2863,0,1782360924.0346155,0.002130746841430664
195177,normal,1813,0,1782360924.0366113,0.0019958019256591797
195178,normal,3055,1,1782360924.03845,0.00183868408203125
195179,normal,2742,0,1782360924.040489,0.0020389556884765625
195180,normal,3077,1,1782360924.0425143,0.0020253658294677734
195181,normal,1429,0,1782360924.0444114,0.0018970966339111328
195182,normal,749,0,1782360924.0466535,0.0022420883178710938
195183,normal,3517,0,1782360924.0485365,0.0018830299377441406
195184,normal,142,0,1782360924.0504146,0.0018780231475830078
195185,normal,548,0,1782360924.0525956,0.0021810531616210938
195186,normal,1495,0,1782360924.0545266,0.0019309520721435547
195187,normal,1899,0,1782360924.0564787,0.0019521713256835938
195188,normal,2173,0,1782360924.0588093,0.0023305416107177734
195189,normal,1242,0,1782360924.0605013,0.001692056655883789
195190,normal,2975,0,1782360924.0624535,0.0019521713256835938
195191,normal,668,0,1782360924.0648012,0.002347707748413086
195192,normal,3283,1,1782360924.066866,0.0020647048950195312
195193,normal,760,0,1782360924.068689,0.0018231868743896484
195194,normal,1350,1,1782360924.0708442,0.0021550655364990234
195195,normal,651,0,1782360924.0724878,0.0016436576843261719
195196,normal,2443,0,1782360924.0744643,0.001976490020751953
195197,normal,161,0,1782360924.0765796,0.0021152496337890625
195198,normal,2639,0,1782360924.0783727,0.0017931461334228516
195199,normal,803,2,1782360924.0807247,0.002351999282836914
195200,normal,1056,0,1782360924.082467,0.0017423629760742188
195201,normal,669,0,1782360924.0845118,0.002044677734375
195202,normal,3616,0,1782360924.0864604,0.0019485950469970703
195203,normal,2501,0,1782360924.0885637,0.0021033287048339844
195204,normal,1845,0,1782360924.0908952,0.0023314952850341797
195205,normal,715,0,1782360924.0925336,0.0016384124755859375
195206,normal,317,0,1782360924.0947256,0.0021920204162597656
195207,normal,875,2,1782360924.0964863,0.001760721206665039
195208,normal,856,2,1782360924.0984786,0.0019922256469726562
195209,normal,2234,0,1782360924.1006072,0.00212860107421875
195210,normal,3574,0,1782360924.1025515,0.0019443035125732422
195211,normal,1433,0,1782360924.1044888,0.0019373893737792969
195212,normal,2661,0,1782360924.1067984,0.002309560775756836
195213,normal,1665,0,1782360924.1084254,0.0016269683837890625
195214,normal,1912,0,1782360924.1105657,0.0021402835845947266
195215,normal,53,0,1782360924.1124735,0.0019078254699707031
195216,normal,224,0,1782360924.114611,0.002137422561645508
195217,normal,1230,0,1782360924.1164956,0.0018846988677978516
195218,normal,3312,1,1782360924.1187778,0.0022821426391601562
195219,normal,2832,0,1782360924.1206954,0.0019176006317138672
195220,normal,2101,0,1782360924.1226363,0.0019409656524658203
195221,normal,3568,0,1782360924.1245663,0.0019299983978271484
195222,normal,3494,0,1782360924.126526,0.0019598007202148438
195223,normal,173,0,1782360924.1286132,0.002087116241455078
195224,normal,512,0,1782360924.1305091,0.001895904541015625
195225,normal,2754,0,1782360924.1328719,0.0023627281188964844
195226,normal,768,0,1782360924.1346107,0.0017387866973876953
195227,normal,617,0,1782360924.1366036,0.001992940902709961
195228,normal,1816,0,1782360924.138401,0.0017974376678466797
195229,normal,1849,0,1782360924.1406786,0.0022776126861572266
195230,normal,2129,0,1782360924.142742,0.002063274383544922
195231,normal,1503,0,1782360924.1443822,0.00164031982421875
195232,normal,89,0,1782360924.1465752,0.002192974090576172
195233,normal,2616,0,1782360924.148487,0.0019118785858154297
195234,normal,282,0,1782360924.1505396,0.0020525455474853516
195235,normal,1328,1,1782360924.1524851,0.00194549560546875
195236,normal,2235,0,1782360924.154493,0.0020079612731933594
195237,normal,2105,0,1782360924.157025,0.0025320053100585938
195238,normal,2878,0,1782360924.1585464,0.0015213489532470703
195239,normal,1682,0,1782360924.1607378,0.002191305160522461
195240,normal,581,0,1782360924.162603,0.0018651485443115234
195241,normal,907,2,1782360924.164569,0.0019659996032714844
195242,normal,3051,1,1782360924.1666026,0.002033710479736328
195243,normal,2554,0,1782360924.168515,0.0019123554229736328
195244,normal,2521,0,1782360924.1706417,0.0021266937255859375
195245,normal,1770,0,1782360924.172555,0.001913309097290039
195246,normal,1951,0,1782360924.1747215,0.0021665096282958984
195247,normal,1848,0,1782360924.1763823,0.0016608238220214844
195248,normal,1263,0,1782360924.1786137,0.0022313594818115234
195249,normal,3692,0,1782360924.180504,0.001890420913696289
195250,normal,2973,0,1782360924.18261,0.0021059513092041016
195251,normal,2571,0,1782360924.1845067,0.0018966197967529297
195252,normal,1166,0,1782360924.1865244,0.0020177364349365234
195253,normal,2080,0,1782360924.1887825,0.0022580623626708984
195254,normal,2841,0,1782360924.1905057,0.0017232894897460938
195255,normal,1107,0,1782360924.1924882,0.001982450485229492
195256,normal,1758,0,1782360924.1946094,0.0021212100982666016
195257,normal,1037,0,1782360924.1964886,0.0018792152404785156
195258,normal,686,0,1782360924.1986263,0.0021376609802246094
195259,normal,2817,0,1782360924.2005355,0.0019092559814453125
195260,normal,1828,0,1782360924.2028987,0.0023632049560546875
195261,normal,1050,0,1782360924.2044034,0.001504659652709961
195262,normal,3189,1,1782360924.206621,0.002217531204223633
195263,normal,300,0,1782360924.208513,0.00189208984375
195264,normal,2002,0,1782360924.210606,0.002093076705932617
195265,normal,752,0,1782360924.2124739,0.0018677711486816406
195266,normal,1402,0,1782360924.2145765,0.0021026134490966797
195267,normal,2506,0,1782360924.216519,0.0019426345825195312
195268,normal,2371,0,1782360924.2184968,0.001977682113647461
195269,normal,576,0,1782360924.220708,0.0022110939025878906
195270,normal,265,0,1782360924.2224226,0.0017147064208984375
195271,normal,680,0,1782360924.2247057,0.0022830963134765625
195272,normal,665,0,1782360924.2266307,0.0019249916076660156
195273,normal,1067,0,1782360924.228651,0.0020203590393066406
195274,normal,2447,0,1782360924.2305446,0.0018935203552246094
195275,normal,2132,0,1782360924.2326362,0.002091646194458008
195276,normal,3439,0,1782360924.2349446,0.002308368682861328
195277,normal,480,0,1782360924.23642,0.0014753341674804688
195278,normal,3559,0,1782360924.2385654,0.002145528793334961
195279,normal,3504,0,1782360924.240505,0.001939535140991211
195280,normal,283,0,1782360924.2425623,0.002057313919067383
195281,normal,2039,0,1782360924.2445934,0.002031087875366211
195282,normal,901,2,1782360924.2464082,0.0018148422241210938
195283,normal,3010,0,1782360924.2485616,0.0021533966064453125
195284,normal,1881,0,1782360924.2504623,0.0019006729125976562
195285,normal,1982,0,1782360924.252583,0.0021207332611083984
195286,normal,878,2,1782360924.254466,0.0018830299377441406
195287,normal,3170,1,1782360924.257185,0.0027189254760742188
195288,normal,2795,0,1782360924.2585428,0.0013577938079833984
195289,normal,1238,0,1782360924.2608232,0.0022804737091064453
195290,normal,765,0,1782360924.262395,0.0015716552734375
195291,normal,2743,0,1782360924.2645142,0.002119302749633789
195292,normal,1529,0,1782360924.2664812,0.0019669532775878906
195293,normal,1929,0,1782360924.2685988,0.002117633819580078
195294,normal,1396,0,1782360924.270708,0.0021092891693115234
195295,normal,1138,0,1782360924.2725446,0.001836538314819336
195296,normal,3182,1,1782360924.274567,0.002022266387939453
195297,normal,2054,0,1782360924.2765248,0.0019578933715820312
195298,normal,836,2,1782360924.2784812,0.001956462860107422
195299,normal,166,0,1782360924.280583,0.0021016597747802734
195300,normal,1918,0,1782360924.2825348,0.0019519329071044922
195301,normal,607,0,1782360924.2845416,0.0020067691802978516
195302,normal,3506,0,1782360924.286626,0.002084493637084961
195303,normal,1250,0,1782360924.2885282,0.0019021034240722656
195304,normal,3695,0,1782360924.2906399,0.002111673355102539
195305,normal,968,2,1782360924.292696,0.002056121826171875
195306,normal,3223,1,1782360924.294555,0.0018589496612548828
195307,normal,2889,0,1782360924.2964852,0.00193023681640625
195308,normal,1257,0,1782360924.2987833,0.002298116683959961
195309,normal,2061,0,1782360924.3004217,0.0016384124755859375
195310,normal,2330,0,1782360924.302557,0.0021352767944335938
195311,normal,2188,0,1782360924.3046021,0.002045154571533203
195312,normal,2677,0,1782360924.3064537,0.0018515586853027344
195313,normal,1739,0,1782360924.3086982,0.0022444725036621094
195314,normal,3435,0,1782360924.310573,0.0018749237060546875
195315,normal,1302,0,1782360924.3126812,0.0021080970764160156
195316,normal,2017,0,1782360924.3145375,0.0018563270568847656
195317,normal,1339,1,1782360924.31657,0.0020325183868408203
195318,normal,1470,0,1782360924.3188217,0.0022516250610351562
195319,normal,362,0,1782360924.320818,0.001996278762817383
195320,normal,1766,0,1782360924.3226383,0.0018203258514404297
195321,normal,3447,0,1782360924.3260884,0.003450155258178711
195322,normal,3367,1,1782360924.3264756,0.0003871917724609375
195323,normal,2346,0,1782360924.3287156,0.0022399425506591797
195324,normal,1930,0,1782360924.3304172,0.0017015933990478516
195325,normal,3538,0,1782360924.3325431,0.002125978469848633
195326,normal,88,0,1782360924.3349063,0.0023632049560546875
195327,normal,1607,0,1782360924.3363423,0.001435995101928711
195328,normal,3571,0,1782360924.3384774,0.002135038375854492
195329,normal,305,0,1782360924.3405082,0.0020308494567871094
195330,normal,2133,0,1782360924.3424878,0.0019795894622802734
195331,normal,1864,0,1782360924.3444839,0.0019960403442382812
195332,normal,1459,0,1782360924.3466475,0.0021636486053466797
195333,normal,2681,0,1782360924.3486843,0.0020368099212646484
195334,normal,2368,0,1782360924.3504448,0.0017604827880859375
195335,normal,225,0,1782360924.352522,0.0020771026611328125
195336,normal,1937,0,1782360924.3543558,0.0018339157104492188
195337,normal,966,2,1782360924.3564658,0.002110004425048828
195338,normal,299,0,1782360924.358706,0.0022401809692382812
195339,normal,3148,1,1782360924.3605042,0.0017981529235839844
195340,normal,1991,0,1782360924.362507,0.0020029544830322266
195341,normal,1632,0,1782360924.3644197,0.0019125938415527344
195342,normal,3225,1,1782360924.3666332,0.0022134780883789062
195343,normal,2928,0,1782360924.3685064,0.0018732547760009766
195344,normal,3490,0,1782360924.3706164,0.002110004425048828
195345,normal,1965,0,1782360924.3725178,0.001901388168334961
195346,normal,1168,0,1782360924.374471,0.001953125
195347,normal,2695,0,1782360924.3765981,0.0021271705627441406
195348,normal,2009,0,1782360924.3785236,0.0019254684448242188
195349,normal,821,2,1782360924.3805625,0.0020389556884765625
195350,normal,1590,0,1782360924.3825014,0.0019388198852539062
195351,normal,2411,0,1782360924.3846853,0.0021839141845703125
195352,normal,2402,0,1782360924.386493,0.0018076896667480469
195353,normal,2088,0,1782360924.3888905,0.0023975372314453125
195354,normal,2871,0,1782360924.3905005,0.0016100406646728516
195355,normal,2985,0,1782360924.3926005,0.0020999908447265625
195356,normal,1285,0,1782360924.3946905,0.002089977264404297
195357,normal,1234,0,1782360924.3966246,0.001934051513671875
195358,normal,2787,0,1782360924.3984673,0.0018427371978759766
195359,normal,1834,0,1782360924.4005618,0.0020945072174072266
195360,normal,1479,0,1782360924.4025218,0.0019600391387939453
195361,normal,191,0,1782360924.4044409,0.0019190311431884766
195362,normal,2106,0,1782360924.4069135,0.0024726390838623047
195363,normal,198,0,1782360924.4084692,0.0015556812286376953
195364,normal,2453,0,1782360924.4104602,0.0019910335540771484
195365,normal,1444,0,1782360924.4125626,0.002102375030517578
195366,normal,32,0,1782360924.4145296,0.0019669532775878906
195367,normal,3631,0,1782360924.4167633,0.002233743667602539
195368,normal,2942,0,1782360924.4186869,0.0019235610961914062
195369,normal,3299,1,1782360924.4205692,0.001882314682006836
195370,normal,2859,0,1782360924.4226823,0.0021131038665771484
195371,normal,563,0,1782360924.4244795,0.0017971992492675781
195372,normal,2337,0,1782360924.4265366,0.0020570755004882812
195373,normal,1680,0,1782360924.4284954,0.0019588470458984375
195374,normal,3554,0,1782360924.4306111,0.0021157264709472656
195375,normal,1818,0,1782360924.4329157,0.002304553985595703
195376,normal,2270,0,1782360924.4344013,0.001485586166381836
195377,normal,363,0,1782360924.436566,0.0021648406982421875
195378,normal,954,2,1782360924.4385192,0.001953125
195379,normal,1941,0,1782360924.4404857,0.0019664764404296875
195380,normal,2503,0,1782360924.4426076,0.0021219253540039062
195381,normal,3073,1,1782360924.4448986,0.002290964126586914
195382,normal,1373,1,1782360924.4466763,0.00177764892578125
195383,normal,3169,1,1782360924.4485748,0.0018985271453857422
195384,normal,1528,0,1782360924.4505308,0.0019559860229492188
195385,normal,2038,0,1782360924.4525938,0.0020630359649658203
195386,normal,826,2,1782360924.4546142,0.0020203590393066406
195387,normal,3445,0,1782360924.4568324,0.0022182464599609375
195388,normal,2043,0,1782360924.4586117,0.001779317855834961
195389,normal,3518,0,1782360924.4605663,0.0019545555114746094
195390,normal,336,0,1782360924.4627106,0.002144336700439453
195391,normal,1299,0,1782360924.464982,0.002271413803100586
195392,normal,3245,1,1782360924.466459,0.0014770030975341797
195393,normal,929,2,1782360924.4684994,0.002040386199951172
195394,normal,2943,0,1782360924.4705591,0.0020596981048583984
195395,normal,2168,0,1782360924.4724727,0.0019135475158691406
195396,normal,1847,0,1782360924.4745376,0.002064943313598633
195397,normal,122,0,1782360924.4764798,0.0019421577453613281
195398,normal,154,0,1782360924.4785805,0.002100706100463867
195399,normal,59,0,1782360924.4805071,0.0019266605377197266
195400,normal,1973,0,1782360924.4824917,0.0019845962524414062
195401,normal,594,0,1782360924.4846587,0.0021669864654541016
195402,normal,207,0,1782360924.486641,0.0019822120666503906
195403,normal,1000,2,1782360924.4885454,0.0019044876098632812
195404,normal,2846,0,1782360924.49056,0.002014636993408203
195405,normal,1259,0,1782360924.4926052,0.002045154571533203
195406,normal,621,0,1782360924.4945369,0.0019316673278808594
195407,normal,1534,0,1782360924.4966943,0.002157449722290039
195408,normal,682,0,1782360924.4985569,0.0018625259399414062
195409,normal,992,2,1782360924.500399,0.0018422603607177734
195410,normal,1141,0,1782360924.5026143,0.002215147018432617
195411,normal,2570,0,1782360924.5045369,0.001922607421875
195412,normal,2959,0,1782360924.506507,0.001970052719116211
195413,normal,3009,0,1782360924.5086496,0.002142667770385742
195414,normal,57,0,1782360924.5104287,0.0017790794372558594
195415,normal,477,0,1782360924.5127265,0.0022978782653808594
195416,normal,893,2,1782360924.514493,0.0017664432525634766
195417,normal,2301,0,1782360924.516524,0.002031087875366211
195418,normal,766,0,1782360924.5184805,0.001956462860107422
195419,normal,2029,0,1782360924.5205998,0.002119302749633789
195420,normal,1418,0,1782360924.5225255,0.0019257068634033203
195421,normal,2343,0,1782360924.524487,0.0019614696502685547
195422,normal,1897,0,1782360924.5266922,0.0022051334381103516
195423,normal,2935,0,1782360924.5286064,0.0019142627716064453
195424,normal,1706,0,1782360924.5307164,0.002110004425048828
195425,normal,1867,0,1782360924.5325677,0.0018513202667236328
195426,normal,3147,1,1782360924.5344253,0.0018575191497802734
195427,normal,1349,1,1782360924.53663,0.0022046566009521484
195428,normal,2333,0,1782360924.538547,0.001917123794555664
195429,normal,2990,0,1782360924.5403848,0.0018377304077148438
195430,normal,3062,1,1782360924.5425816,0.002196788787841797
195431,normal,3159,1,1782360924.5444798,0.0018982887268066406
195432,normal,2592,0,1782360924.546521,0.0020411014556884766
195433,normal,580,0,1782360924.5486953,0.00217437744140625
195434,normal,3324,1,1782360924.5506058,0.0019104480743408203
195435,normal,85,0,1782360924.5525239,0.0019180774688720703
195436,normal,2349,0,1782360924.5546596,0.002135753631591797
195437,normal,3258,1,1782360924.5568433,0.002183675765991211
195438,normal,2262,0,1782360924.558452,0.0016086101531982422
195439,normal,1819,0,1782360924.560897,0.002445220947265625
195440,normal,2623,0,1782360924.562476,0.0015788078308105469
195441,normal,1063,0,1782360924.564487,0.0020110607147216797
195442,normal,2965,0,1782360924.566483,0.0019960403442382812
195443,normal,1003,2,1782360924.5685632,0.002080202102661133
195444,normal,2711,0,1782360924.5708091,0.0022459030151367188
195445,normal,2526,0,1782360924.5723748,0.001565694808959961
195446,normal,1095,0,1782360924.5745635,0.0021886825561523438
195447,normal,2758,0,1782360924.5765038,0.0019402503967285156
195448,normal,953,2,1782360924.5785656,0.0020618438720703125
195449,normal,569,0,1782360924.580842,0.0022764205932617188
195450,normal,1353,1,1782360924.5826218,0.001779794692993164
195451,normal,1923,0,1782360924.584613,0.00199127197265625
195452,normal,3691,0,1782360924.5865786,0.0019655227661132812
195453,normal,1630,0,1782360924.5883977,0.0018191337585449219
195454,normal,3646,0,1782360924.5905802,0.002182483673095703
195455,normal,2087,0,1782360924.5924942,0.0019140243530273438
195456,normal,755,0,1782360924.5946074,0.0021131038665771484
195457,normal,123,0,1782360924.596643,0.0020356178283691406
195458,normal,2736,0,1782360924.5985956,0.0019526481628417969
195459,normal,3007,0,1782360924.6003802,0.0017845630645751953
195460,normal,347,0,1782360924.6025703,0.002190113067626953
195461,normal,2015,0,1782360924.6044884,0.0019180774688720703
195462,normal,1673,0,1782360924.6065474,0.0020589828491210938
195463,normal,3150,1,1782360924.608493,0.0019457340240478516
195464,normal,1471,0,1782360924.6108031,0.002310037612915039
195465,normal,879,2,1782360924.6126225,0.0018193721771240234
195466,normal,798,2,1782360924.614575,0.0019524097442626953
195467,normal,2513,0,1782360924.6165814,0.00200653076171875
195468,normal,2764,0,1782360924.6185415,0.0019600391387939453
195469,normal,2044,0,1782360924.6205263,0.001984834671020508
195470,normal,3153,1,1782360924.6227975,0.0022711753845214844
195471,normal,121,0,1782360924.624695,0.001897573471069336
195472,normal,2509,0,1782360924.6266136,0.0019185543060302734
195473,normal,3406,0,1782360924.6284788,0.0018651485443115234
195474,normal,1005,2,1782360924.6307206,0.002241849899291992
195475,normal,950,2,1782360924.6326582,0.0019376277923583984
195476,normal,2389,0,1782360924.634502,0.0018436908721923828
195477,normal,2448,0,1782360924.6365652,0.002063274383544922
195478,normal,429,0,1782360924.638477,0.0019118785858154297
195479,normal,1506,0,1782360924.6406016,0.0021245479583740234
195480,normal,1487,0,1782360924.642514,0.0019123554229736328
195481,normal,1016,2,1782360924.644474,0.0019600391387939453
195482,normal,3321,1,1782360924.6465716,0.002097606658935547
195483,normal,1893,0,1782360924.6485453,0.0019736289978027344
195484,normal,1236,0,1782360924.6505303,0.0019850730895996094
195485,normal,3659,0,1782360924.6527324,0.0022020339965820312
195486,normal,3520,0,1782360924.6544838,0.0017514228820800781
195487,normal,2927,0,1782360924.6564662,0.001982450485229492
195488,normal,1341,1,1782360924.6586347,0.002168416976928711
195489,normal,3127,1,1782360924.6605735,0.0019388198852539062
195490,normal,3600,0,1782360924.6625698,0.001996278762817383
195491,normal,2303,0,1782360924.6646147,0.0020449161529541016
195492,normal,1533,0,1782360924.6665034,0.0018887519836425781
195493,normal,3693,0,1782360924.6686182,0.0021147727966308594
195494,normal,3492,0,1782360924.6704967,0.001878499984741211
195495,normal,1482,0,1782360924.6726074,0.002110719680786133
195496,normal,3656,0,1782360924.6745965,0.001989126205444336
195497,normal,1344,1,1782360924.6765227,0.0019261837005615234
195498,normal,681,0,1782360924.6787288,0.002206087112426758
195499,normal,723,0,1782360924.6803882,0.001659393310546875
195500,normal,2530,0,1782360924.6825953,0.002207040786743164
195501,normal,2891,0,1782360924.6845174,0.0019221305847167969
195502,normal,3313,1,1782360924.6864798,0.001962423324584961
195503,normal,229,0,1782360924.688623,0.0021431446075439453
195504,normal,1730,0,1782360924.6905427,0.0019197463989257812
195505,normal,2906,0,1782360924.6925719,0.0020291805267333984
195506,normal,823,2,1782360924.694699,0.0021271705627441406
195507,normal,3205,1,1782360924.6965196,0.0018205642700195312
195508,normal,804,2,1782360924.6985524,0.002032756805419922
195509,normal,2773,0,1782360924.700625,0.002072572708129883
195510,normal,2340,0,1782360924.7025409,0.0019159317016601562
195511,normal,903,2,1782360924.7045486,0.002007722854614258
195512,normal,1269,0,1782360924.7066004,0.002051830291748047
195513,normal,2472,0,1782360924.7085264,0.0019259452819824219
195514,normal,2438,0,1782360924.7104743,0.0019478797912597656
195515,normal,3115,1,1782360924.7125835,0.0021092891693115234
195516,normal,2994,0,1782360924.7147818,0.0021982192993164062
195517,normal,2050,0,1782360924.7164705,0.0016887187957763672
195518,normal,3118,1,1782360924.7187154,0.0022449493408203125
195519,normal,2144,0,1782360924.7207327,0.0020172595977783203
195520,normal,35,0,1782360924.722684,0.0019512176513671875
195521,normal,2086,0,1782360924.7248268,0.0021429061889648438
195522,normal,3557,0,1782360924.7267191,0.0018923282623291016
195523,normal,2427,0,1782360924.7284698,0.0017507076263427734
195524,normal,2591,0,1782360924.7305675,0.002097606658935547
195525,normal,3176,1,1782360924.7325075,0.001940011978149414
195526,normal,1515,0,1782360924.7345707,0.002063274383544922
195527,normal,2493,0,1782360924.736571,0.0020003318786621094
195528,normal,3603,0,1782360924.7384808,0.0019097328186035156
195529,normal,758,0,1782360924.7404594,0.001978635787963867
195530,normal,2398,0,1782360924.742568,0.0021085739135742188
195531,normal,2246,0,1782360924.744471,0.0019030570983886719
195532,normal,1411,0,1782360924.7467685,0.0022974014282226562
195533,normal,1385,0,1782360924.7486272,0.0018587112426757812
195534,normal,43,0,1782360924.7504752,0.001847982406616211
195535,normal,17,0,1782360924.752552,0.002076864242553711
195536,normal,626,0,1782360924.7546027,0.002050638198852539
195537,normal,3221,1,1782360924.7574434,0.002840757369995117
195538,normal,1094,0,1782360924.7585454,0.0011019706726074219
195539,normal,1293,0,1782360924.760712,0.0021665096282958984
195540,normal,2867,0,1782360924.762371,0.0016591548919677734
195541,normal,1171,0,1782360924.7647312,0.002360105514526367
195542,normal,1545,0,1782360924.7664547,0.0017235279083251953
195543,normal,1144,0,1782360924.7684731,0.002018451690673828
195544,normal,2936,0,1782360924.7704828,0.0020096302032470703
195545,normal,2456,0,1782360924.7726448,0.0021619796752929688
195546,normal,913,2,1782360924.774411,0.001766204833984375
195547,normal,3255,1,1782360924.7767756,0.002364635467529297
195548,normal,1325,1,1782360924.778722,0.0019464492797851562
195549,normal,2816,0,1782360924.7804558,0.0017337799072265625
195550,normal,1221,0,1782360924.7827146,0.002258777618408203
195551,normal,2424,0,1782360924.7845168,0.001802206039428711
195552,normal,379,0,1782360924.7865207,0.002003908157348633
195553,normal,95,0,1782360924.7884967,0.00197601318359375
195554,normal,1765,0,1782360924.7908866,0.0023899078369140625
195555,normal,2020,0,1782360924.7925987,0.0017120838165283203
195556,normal,2152,0,1782360924.794611,0.0020122528076171875
195557,normal,2430,0,1782360924.7966294,0.002018451690673828
195558,normal,718,0,1782360924.7990134,0.0023839473724365234
195559,normal,72,0,1782360924.8004935,0.0014801025390625
195560,normal,1887,0,1782360924.8025992,0.002105712890625
195561,normal,1525,0,1782360924.8044965,0.0018973350524902344
195562,normal,3665,0,1782360924.8066034,0.002106904983520508
195563,normal,2559,0,1782360924.808491,0.0018875598907470703
195564,normal,3446,0,1782360924.8105128,0.00202178955078125
195565,normal,1705,0,1782360924.8124788,0.0019659996032714844
195566,normal,2134,0,1782360924.814581,0.0021021366119384766
195567,normal,2365,0,1782360924.8165438,0.001962900161743164
195568,normal,2668,0,1782360924.8185446,0.0020008087158203125
195569,normal,534,0,1782360924.8207102,0.002165555953979492
195570,normal,3334,1,1782360924.8224208,0.001710653305053711
195571,normal,464,0,1782360924.8245153,0.0020945072174072266
195572,normal,3187,1,1782360924.8266897,0.00217437744140625
195573,normal,472,0,1782360924.8284624,0.0017726421356201172
195574,normal,442,0,1782360924.8307178,0.0022554397583007812
195575,normal,810,2,1782360924.832475,0.0017571449279785156
195576,normal,1921,0,1782360924.834613,0.0021381378173828125
195577,normal,1180,0,1782360924.8364117,0.0017986297607421875
195578,normal,1354,1,1782360924.8386075,0.0021958351135253906
195579,normal,495,0,1782360924.8405306,0.0019230842590332031
195580,normal,1216,0,1782360924.8425074,0.0019767284393310547
195581,normal,1474,0,1782360924.844658,0.0021505355834960938
195582,normal,3089,1,1782360924.846477,0.0018191337585449219
195583,normal,1693,0,1782360924.848489,0.002012014389038086
195584,normal,3064,1,1782360924.850603,0.0021140575408935547
195585,normal,335,0,1782360924.8525057,0.0019025802612304688
195586,normal,2747,0,1782360924.8546102,0.002104520797729492
195587,normal,1772,0,1782360924.856536,0.0019257068634033203
195588,normal,2593,0,1782360924.8588986,0.0023627281188964844
195589,normal,2450,0,1782360924.8604155,0.0015168190002441406
195590,normal,412,0,1782360924.8625808,0.0021653175354003906
195591,normal,3463,0,1782360924.8645194,0.0019385814666748047
195592,normal,114,0,1782360924.8664868,0.0019674301147460938
195593,normal,3394,1,1782360924.868567,0.002080202102661133
195594,normal,716,0,1782360924.8704731,0.0019061565399169922
195595,normal,3668,0,1782360924.8725636,0.0020904541015625
195596,normal,1497,0,1782360924.8744786,0.00191497802734375
195597,normal,1340,1,1782360924.8767126,0.0022339820861816406
195598,normal,1030,0,1782360924.878389,0.001676321029663086
195599,normal,2489,0,1782360924.8807006,0.00231170654296875
195600,normal,1563,0,1782360924.882566,0.001865386962890625
195601,normal,3686,0,1782360924.884712,0.002146005630493164
195602,normal,26,0,1782360924.886548,0.0018360614776611328
195603,normal,3254,1,1782360924.88857,0.0020220279693603516
195604,normal,609,0,1782360924.8909535,0.0023834705352783203
195605,normal,1313,0,1782360924.8924563,0.0015027523040771484
195606,normal,3278,1,1782360924.8945725,0.0021162033081054688
195607,normal,2544,0,1782360924.8964717,0.0018992424011230469
195608,normal,1488,0,1782360924.8985784,0.0021066665649414062
195609,normal,694,0,1782360924.9006546,0.0020761489868164062
195610,normal,3178,1,1782360924.902422,0.0017673969268798828
195611,normal,779,2,1782360924.9045637,0.002141714096069336
195612,normal,2159,0,1782360924.906465,0.001901388168334961
195613,normal,3456,0,1782360924.9085653,0.002100229263305664
195614,normal,940,2,1782360924.9104674,0.0019021034240722656
195615,normal,673,0,1782360924.9132261,0.0027587413787841797
195616,normal,3598,0,1782360924.914537,0.0013108253479003906
195617,normal,1902,0,1782360924.9168382,0.0023012161254882812
195618,normal,1966,0,1782360924.9183934,0.0015552043914794922
195619,normal,2320,0,1782360924.9205709,0.0021774768829345703
195620,normal,3188,1,1782360924.9224901,0.0019192695617675781
195621,normal,1667,0,1782360924.9245093,0.002019166946411133
195622,normal,3697,0,1782360924.9266431,0.0021338462829589844
195623,normal,2900,0,1782360924.928611,0.001967906951904297
195624,normal,653,0,1782360924.9303844,0.0017733573913574219
195625,normal,971,2,1782360924.9325776,0.0021932125091552734
195626,normal,3117,1,1782360924.934487,0.001909494400024414
195627,normal,1252,0,1782360924.9366047,0.002117633819580078
195628,normal,2989,0,1782360924.9384983,0.0018935203552246094
195629,normal,2518,0,1782360924.9406586,0.002160310745239258
195630,normal,3318,1,1782360924.9424098,0.0017511844635009766
195631,normal,1364,1,1782360924.9446096,0.002199888229370117
195632,normal,205,0,1782360924.9466314,0.00202178955078125
195633,normal,1639,0,1782360924.9485946,0.0019631385803222656
195634,normal,2241,0,1782360924.9506412,0.0020465850830078125
195635,normal,3460,0,1782360924.952596,0.001954793930053711
195636,normal,1425,0,1782360924.954579,0.001983165740966797
195637,normal,1018,2,1782360924.9565353,0.0019562244415283203
195638,normal,1027,2,1782360924.9585626,0.002027273178100586
195639,normal,1684,0,1782360924.9605572,0.001994609832763672
195640,normal,888,2,1782360924.9624546,0.0018973350524902344
195641,normal,505,0,1782360924.9647174,0.0022628307342529297
195642,normal,3132,1,1782360924.966518,0.001800537109375
195643,normal,3040,0,1782360924.968744,0.002226114273071289
195644,normal,2632,0,1782360924.970401,0.0016570091247558594
195645,normal,3432,0,1782360924.972576,0.002174854278564453
195646,normal,2546,0,1782360924.974577,0.002001047134399414
195647,normal,1720,0,1782360924.9768643,0.0022873878479003906
195648,normal,3137,1,1782360924.9786325,0.0017681121826171875
195649,normal,3567,0,1782360924.980699,0.0020666122436523438
195650,normal,1892,0,1782360924.9825594,0.0018603801727294922
195651,normal,400,0,1782360924.984693,0.002133607864379883
195652,normal,2193,0,1782360924.9864984,0.0018053054809570312
195653,normal,780,2,1782360924.989056,0.0025577545166015625
195654,normal,837,2,1782360924.9904308,0.0013747215270996094
195655,normal,1318,0,1782360924.992533,0.0021021366119384766
195656,normal,44,0,1782360924.9944599,0.0019268989562988281
195657,normal,2487,0,1782360924.9965613,0.002101421356201172
195658,normal,2464,0,1782360924.99851,0.0019485950469970703
195659,normal,2646,0,1782360925.0006392,0.0021293163299560547
195660,normal,3011,0,1782360925.0025423,0.0019030570983886719
195661,normal,726,0,1782360925.004582,0.002039670944213867
195662,normal,2520,0,1782360925.0066316,0.002049684524536133
195663,normal,685,0,1782360925.0084462,0.0018146038055419922
195664,normal,1053,0,1782360925.010618,0.002171754837036133
195665,normal,838,2,1782360925.0124972,0.0018792152404785156
195666,normal,3685,0,1782360925.0147378,0.0022406578063964844
195667,normal,1759,0,1782360925.0164127,0.0016748905181884766
195668,normal,2028,0,1782360925.0186944,0.002281665802001953
195669,normal,811,2,1782360925.0204055,0.001711130142211914
195670,normal,3084,1,1782360925.022633,0.0022275447845458984
195671,normal,2704,0,1782360925.0246723,0.002039194107055664
195672,normal,2541,0,1782360925.0263796,0.001707315444946289
195673,normal,3368,1,1782360925.0285735,0.002193927764892578
195674,normal,1924,0,1782360925.0304754,0.001901865005493164
195675,normal,3478,0,1782360925.0325773,0.002101898193359375
195676,normal,931,2,1782360925.0344927,0.0019154548645019531
195677,normal,2565,0,1782360925.0366383,0.002145528793334961
195678,normal,1473,0,1782360925.038624,0.001985788345336914
195679,normal,2694,0,1782360925.0404766,0.0018525123596191406
195680,normal,2251,0,1782360925.0427892,0.0023126602172851562
195681,normal,1057,0,1782360925.0447533,0.001964092254638672
195682,normal,1869,0,1782360925.046444,0.0016906261444091797
195683,normal,863,2,1782360925.0488064,0.002362489700317383
195684,normal,222,0,1782360925.0505683,0.0017619132995605469
195685,normal,1596,0,1782360925.052576,0.002007722854614258
195686,normal,1137,0,1782360925.0544698,0.001893758773803711
195687,normal,148,0,1782360925.056572,0.0021021366119384766
195688,normal,1967,0,1782360925.058468,0.0018961429595947266
195689,normal,310,0,1782360925.060838,0.0023698806762695312
195690,normal,801,2,1782360925.0623832,0.0015451908111572266
195691,normal,1987,0,1782360925.0645614,0.002178192138671875
195692,normal,1359,1,1782360925.0664608,0.0018994808197021484
195693,normal,1427,0,1782360925.0685694,0.0021085739135742188
195694,normal,1898,0,1782360925.0705554,0.0019860267639160156
195695,normal,1491,0,1782360925.072881,0.0023255348205566406
195696,normal,3647,0,1782360925.0746167,0.001735687255859375
195697,normal,1467,0,1782360925.076829,0.0022122859954833984
195698,normal,1219,0,1782360925.0785427,0.0017137527465820312
195699,normal,2355,0,1782360925.080392,0.0018491744995117188
195700,normal,3070,1,1782360925.0826025,0.0022106170654296875
195701,normal,652,0,1782360925.0845037,0.0019011497497558594
195702,normal,1700,0,1782360925.086693,0.0021893978118896484
195703,normal,1202,0,1782360925.0887063,0.0020132064819335938
195704,normal,2777,0,1782360925.0904741,0.001767873764038086
195705,normal,1920,0,1782360925.0925727,0.002098560333251953
195706,normal,1655,0,1782360925.0944846,0.0019118785858154297
195707,normal,1659,0,1782360925.0966158,0.002131223678588867
195708,normal,369,0,1782360925.0985265,0.0019106864929199219
195709,normal,1974,0,1782360925.1006405,0.0021140575408935547
195710,normal,1239,0,1782360925.1026855,0.0020449161529541016
195711,normal,2198,0,1782360925.1044805,0.001795053482055664
195712,normal,1796,0,1782360956.6593065,0.0
195713,normal,282,0,1782360956.6612697,0.0019631385803222656
195714,normal,2044,0,1782360956.663416,0.0021462440490722656
195715,normal,3023,0,1782360956.6653206,0.0019047260284423828
195716,normal,2982,0,1782360956.6673143,0.0019936561584472656
195717,normal,666,0,1782360956.669342,0.002027750015258789
195718,normal,881,2,1782360956.6712887,0.0019466876983642578
195719,normal,580,0,1782360956.6733086,0.0020198822021484375
195720,normal,3218,1,1782360956.6753042,0.001995563507080078
195721,normal,647,0,1782360956.6772847,0.0019805431365966797
195722,normal,2472,0,1782360956.6793551,0.0020704269409179688
195723,normal,752,0,1782360956.681334,0.0019788742065429688
195724,normal,261,0,1782360956.6833644,0.0020303726196289062
195725,normal,2921,0,1782360956.685337,0.001972675323486328
195726,normal,2889,0,1782360956.687377,0.0020399093627929688
195727,normal,2475,0,1782360956.689434,0.0020570755004882812
195728,normal,2642,0,1782360956.6912909,0.0018568038940429688
195729,normal,1218,0,1782360956.6934822,0.002191305160522461
195730,normal,1732,0,1782360956.695343,0.0018608570098876953
195731,normal,1714,0,1782360956.6974673,0.002124309539794922
195732,normal,3108,1,1782360956.6993666,0.0018992424011230469
195733,normal,2934,0,1782360956.701447,0.0020804405212402344
195734,normal,1366,1,1782360956.7034533,0.0020062923431396484
195735,normal,1580,0,1782360956.7053714,0.0019180774688720703
195736,normal,3641,0,1782360956.707432,0.0020606517791748047
195737,normal,3698,0,1782360956.7093356,0.001903533935546875
195738,normal,2501,0,1782360956.71155,0.0022144317626953125
195739,normal,1950,0,1782360956.7133265,0.0017764568328857422
195740,normal,1232,0,1782360956.7154634,0.0021369457244873047
195741,normal,3138,1,1782360956.7173886,0.0019252300262451172
195742,normal,510,0,1782360956.719441,0.00205230712890625
195743,normal,1275,0,1782360956.7214782,0.0020372867584228516
195744,normal,2202,0,1782360956.7233624,0.0018842220306396484
195745,normal,3206,1,1782360956.7254398,0.002077341079711914
195746,normal,1637,0,1782360956.7274344,0.001994609832763672
195747,normal,1432,0,1782360956.7293603,0.0019259452819824219
195748,normal,3196,1,1782360956.7314172,0.0020568370819091797
195749,normal,449,0,1782360956.7334225,0.002005338668823242
195750,normal,1523,0,1782360956.7354217,0.0019991397857666016
195751,normal,1844,0,1782360956.7374454,0.0020236968994140625
195752,normal,3669,0,1782360956.7394497,0.002004384994506836
195753,normal,2259,0,1782360956.7414227,0.0019729137420654297
195754,normal,688,0,1782360956.7435217,0.0020990371704101562
195755,normal,2155,0,1782360956.7454047,0.0018830299377441406
195756,normal,2042,0,1782360956.7477164,0.00231170654296875
195757,normal,3191,1,1782360956.749336,0.001619577407836914
195758,normal,2738,0,1782360956.7515354,0.002199411392211914
195759,normal,2764,0,1782360956.7535307,0.0019953250885009766
195760,normal,2936,0,1782360956.7555099,0.0019791126251220703
195761,normal,1949,0,1782360956.757501,0.0019910335540771484
195762,normal,277,0,1782360956.759437,0.001936197280883789
195763,normal,3619,0,1782360956.7614572,0.002020120620727539
195764,normal,258,0,1782360956.763538,0.002080678939819336
195765,normal,1146,0,1782360956.7655325,0.001994609832763672
195766,normal,1529,0,1782360956.7675076,0.0019750595092773438
195767,normal,716,0,1782360956.76954,0.0020325183868408203
195768,normal,3335,1,1782360956.7715328,0.0019927024841308594
195769,normal,675,0,1782360956.773502,0.0019693374633789062
195770,normal,3540,0,1782360956.7755427,0.0020406246185302734
195771,normal,364,0,1782360956.77753,0.0019872188568115234
195772,normal,628,0,1782360956.7795074,0.0019774436950683594
195773,normal,141,0,1782360956.7815452,0.0020377635955810547
195774,normal,1648,0,1782360956.7834654,0.0019202232360839844
195775,normal,2136,0,1782360956.7855098,0.0020444393157958984
195776,normal,961,2,1782360956.787553,0.0020432472229003906
195777,normal,344,0,1782360956.789529,0.00197601318359375
195778,normal,560,0,1782360956.7915053,0.0019762516021728516
195779,normal,157,0,1782360956.7935507,0.0020453929901123047
195780,normal,953,2,1782360956.7955294,0.001978635787963867
195781,normal,462,0,1782360956.7975101,0.0019807815551757812
195782,normal,2845,0,1782360956.7994294,0.0019192695617675781
195783,normal,3334,1,1782360956.8016512,0.002221822738647461
195784,normal,2751,0,1782360956.8033383,0.0016870498657226562
195785,normal,3545,0,1782360956.805498,0.002159595489501953
195786,normal,127,0,1782360956.807563,0.0020651817321777344
195787,normal,957,2,1782360956.8094585,0.0018954277038574219
195788,normal,3329,1,1782360956.811432,0.001973390579223633
195789,normal,2490,0,1782360956.8137348,0.002302885055541992
195790,normal,3342,1,1782360956.815336,0.0016012191772460938
195791,normal,3002,0,1782360956.8175068,0.0021708011627197266
195792,normal,2257,0,1782360956.8194685,0.0019617080688476562
195793,normal,496,0,1782360956.821502,0.0020334720611572266
195794,normal,3332,1,1782360956.8233938,0.0018918514251708984
195795,normal,2914,0,1782360956.8254833,0.0020895004272460938
195796,normal,1485,0,1782360956.8273427,0.001859426498413086
195797,normal,1039,0,1782360956.8295174,0.0021746158599853516
195798,normal,3352,1,1782360956.8313456,0.0018281936645507812
195799,normal,958,2,1782360956.833463,0.0021173954010009766
195800,normal,177,0,1782360956.8355174,0.002054452896118164
195801,normal,3596,0,1782360956.837339,0.0018215179443359375
195802,normal,1918,0,1782360956.8394663,0.002127408981323242
195803,normal,1984,0,1782360956.8415217,0.0020554065704345703
195804,normal,1005,2,1782360956.84334,0.0018181800842285156
195805,normal,27,0,1782360956.8454645,0.0021245479583740234
195806,normal,2357,0,1782360956.8475237,0.0020592212677001953
195807,normal,1054,0,1782360956.8493402,0.0018165111541748047
195808,normal,1547,0,1782360956.8514676,0.002127408981323242
195809,normal,55,0,1782360956.8533995,0.001931905746459961
195810,normal,1634,0,1782360956.8553445,0.0019450187683105469
195811,normal,1124,0,1782360956.8574865,0.0021419525146484375
195812,normal,2172,0,1782360956.8595588,0.0020723342895507812
195813,normal,893,2,1782360956.8613353,0.0017764568328857422
195814,normal,238,0,1782360956.8634882,0.0021529197692871094
195815,normal,3107,1,1782360956.8655326,0.0020444393157958984
195816,normal,1597,0,1782360956.86735,0.001817464828491211
195817,normal,211,0,1782360956.8694854,0.0021352767944335938
195818,normal,3508,0,1782360956.8715665,0.002081155776977539
195819,normal,2399,0,1782360956.8733668,0.0018002986907958984
195820,normal,615,0,1782360956.8754842,0.0021173954010009766
195821,normal,1681,0,1782360956.8775647,0.0020804405212402344
195822,normal,900,2,1782360956.8793478,0.001783132553100586
195823,normal,1030,0,1782360956.8814864,0.0021386146545410156
195824,normal,291,0,1782360956.8835702,0.0020837783813476562
195825,normal,3405,0,1782360956.8853433,0.0017731189727783203
195826,normal,2099,0,1782360956.8874843,0.0021409988403320312
195827,normal,2297,0,1782360956.8895688,0.002084493637084961
195828,normal,182,0,1782360956.891344,0.0017752647399902344
195829,normal,3160,1,1782360956.893482,0.002137899398803711
195830,normal,1973,0,1782360956.8954465,0.001964569091796875
195831,normal,2661,0,1782360956.8974907,0.002044200897216797
195832,normal,2216,0,1782360956.8993669,0.0018761157989501953
195833,normal,3548,0,1782360956.9015749,0.0022079944610595703
195834,normal,3217,1,1782360956.9033535,0.0017786026000976562
195835,normal,1674,0,1782360956.905472,0.0021185874938964844
195836,normal,362,0,1782360956.9074285,0.001956462860107422
195837,normal,361,0,1782360956.9094884,0.0020599365234375
195838,normal,2466,0,1782360956.9113693,0.0018808841705322266
195839,normal,1792,0,1782360956.9135988,0.002229452133178711
195840,normal,2070,0,1782360956.9153502,0.0017514228820800781
195841,normal,3314,1,1782360956.9174955,0.0021452903747558594
195842,normal,3683,0,1782360956.9195821,0.002086639404296875
195843,normal,2944,0,1782360956.92135,0.001767873764038086
195844,normal,2488,0,1782360956.923492,0.0021419525146484375
195845,normal,3116,1,1782360956.9255779,0.0020859241485595703
195846,normal,2321,0,1782360956.927346,0.0017681121826171875
195847,normal,34,0,1782360956.9294841,0.0021381378173828125
195848,normal,205,0,1782360956.9316022,0.0021181106567382812
195849,normal,765,0,1782360956.9333465,0.0017442703247070312
195850,normal,1026,2,1782360956.9354851,0.0021386146545410156
195851,normal,2266,0,1782360956.9375272,0.002042055130004883
195852,normal,1358,1,1782360956.9393475,0.0018203258514404297
195853,normal,550,0,1782360956.9414842,0.002136707305908203
195854,normal,2575,0,1782360956.943505,0.0020208358764648438
195855,normal,74,0,1782360956.9453483,0.0018432140350341797
195856,normal,2717,0,1782360956.9474883,0.002140045166015625
195857,normal,2059,0,1782360956.9493322,0.0018439292907714844
195858,normal,490,0,1782360956.9513736,0.002041339874267578
195859,normal,1588,0,1782360956.953463,0.0020895004272460938
195860,normal,3063,1,1782360956.955328,0.0018649101257324219
195861,normal,1749,0,1782360956.9573472,0.002019166946411133
195862,normal,1019,2,1782360956.9593422,0.001995086669921875
195863,normal,2326,0,1782360956.9615364,0.0021941661834716797
195864,normal,96,0,1782360956.9633474,0.0018110275268554688
195865,normal,3655,0,1782360956.9653351,0.0019876956939697266
195866,normal,2398,0,1782360956.9675393,0.0022041797637939453
195867,normal,3172,1,1782360956.969366,0.0018267631530761719
195868,normal,3085,1,1782360956.9713254,0.0019593238830566406
195869,normal,718,0,1782360956.9735417,0.002216339111328125
195870,normal,3678,0,1782360956.9753642,0.0018224716186523438
195871,normal,1011,2,1782360956.9773252,0.0019609928131103516
195872,normal,2989,0,1782360956.979555,0.0022296905517578125
195873,normal,1998,0,1782360956.9813735,0.0018186569213867188
195874,normal,2971,0,1782360956.9833307,0.0019571781158447266
195875,normal,662,0,1782360956.9855487,0.002218008041381836
195876,normal,2421,0,1782360956.9873629,0.001814126968383789
195877,normal,3305,1,1782360956.989326,0.0019631385803222656
195878,normal,1462,0,1782360956.9915583,0.0022323131561279297
195879,normal,2319,0,1782360956.9933498,0.0017914772033691406
195880,normal,312,0,1782360956.9953253,0.001975536346435547
195881,normal,2657,0,1782360956.9975526,0.002227306365966797
195882,normal,338,0,1782360956.9993577,0.0018050670623779297
195883,normal,2736,0,1782360957.0013254,0.0019676685333251953
195884,normal,1289,0,1782360957.003554,0.0022287368774414062
195885,normal,183,0,1782360957.0053627,0.0018086433410644531
195886,normal,3686,0,1782360957.007326,0.0019631385803222656
195887,normal,1891,0,1782360957.0095706,0.002244710922241211
195888,normal,2506,0,1782360957.0113554,0.0017848014831542969
195889,normal,928,2,1782360957.0133445,0.001989126205444336
195890,normal,153,0,1782360957.0155582,0.002213716506958008
195891,normal,219,0,1782360957.0173461,0.0017879009246826172
195892,normal,3130,1,1782360957.0194736,0.002127408981323242
195893,normal,301,0,1782360957.0214105,0.0019369125366210938
195894,normal,2449,0,1782360957.02343,0.002019643783569336
195895,normal,2917,0,1782360957.0253212,0.0018911361694335938
195896,normal,597,0,1782360957.027563,0.002241849899291992
195897,normal,2924,0,1782360957.029341,0.0017778873443603516
195898,normal,419,0,1782360957.0314708,0.002129793167114258
195899,normal,2507,0,1782360957.033415,0.0019443035125732422
195900,normal,1671,0,1782360957.035478,0.0020630359649658203
195901,normal,2731,0,1782360957.0373263,0.0018482208251953125
195902,normal,290,0,1782360957.0395718,0.0022454261779785156
195903,normal,2046,0,1782360957.0413408,0.0017690658569335938
195904,normal,1929,0,1782360957.043475,0.002134084701538086
195905,normal,2301,0,1782360957.0453525,0.0018775463104248047
195906,normal,163,0,1782360957.0473976,0.002045154571533203
195907,normal,2882,0,1782360957.0493226,0.0019249916076660156
195908,normal,477,0,1782360957.051325,0.0020024776458740234
195909,normal,47,0,1782360957.053324,0.0019989013671875
195910,normal,702,0,1782360957.0554717,0.002147674560546875
195911,normal,2318,0,1782360957.0573268,0.0018551349639892578
195912,normal,3478,0,1782360957.0593314,0.0020046234130859375
195913,normal,1740,0,1782360957.0614765,0.002145051956176758
195914,normal,1376,1,1782360957.06333,0.0018534660339355469
195915,normal,1578,0,1782360957.0653296,0.0019996166229248047
195916,normal,1847,0,1782360957.0674706,0.0021409988403320312
195917,normal,3381,1,1782360957.0693312,0.0018606185913085938
195918,normal,2090,0,1782360957.0713239,0.0019927024841308594
195919,normal,212,0,1782360957.0733237,0.0019998550415039062
195920,normal,2568,0,1782360957.0754883,0.002164602279663086
195921,normal,2680,0,1782360957.077325,0.0018367767333984375
195922,normal,552,0,1782360957.079471,0.002146005630493164
195923,normal,3511,0,1782360957.0813377,0.0018665790557861328
195924,normal,979,2,1782360957.0833325,0.0019948482513427734
195925,normal,452,0,1782360957.0854883,0.002155780792236328
195926,normal,3084,1,1782360957.0873384,0.001850128173828125
195927,normal,1404,0,1782360957.089339,0.002000570297241211
195928,normal,830,2,1782360957.0914729,0.0021338462829589844
195929,normal,2108,0,1782360957.0932872,0.0018143653869628906
195930,normal,3137,1,1782360957.0952768,0.001989603042602539
195931,normal,328,0,1782360957.0973809,0.002104043960571289
195932,normal,1933,0,1782360957.0992785,0.001897573471069336
195933,normal,2430,0,1782360957.1013758,0.0020973682403564453
195934,normal,1507,0,1782360957.1032717,0.001895904541015625
195935,normal,2559,0,1782360957.1053793,0.0021076202392578125
195936,normal,2637,0,1782360957.1072762,0.0018968582153320312
195937,normal,624,0,1782360957.1093073,0.002031087875366211
195938,normal,2275,0,1782360957.1113064,0.0019991397857666016
195939,normal,1120,0,1782360957.113276,0.001969575881958008
195940,normal,870,2,1782360957.1154068,0.002130746841430664
195941,normal,2582,0,1782360957.1180546,0.002647876739501953
195942,normal,3309,1,1782360957.1192956,0.0012409687042236328
195943,normal,3135,1,1782360957.1213033,0.002007722854614258
195944,normal,1416,0,1782360957.1233096,0.0020062923431396484
195945,normal,1957,0,1782360957.1252725,0.001962900161743164
195946,normal,3279,1,1782360957.1272957,0.0020232200622558594
195947,normal,1680,0,1782360957.1293201,0.002024412155151367
195948,normal,1081,0,1782360957.1312737,0.001953601837158203
195949,normal,1364,1,1782360957.1332984,0.0020246505737304688
195950,normal,202,0,1782360957.1353095,0.0020110607147216797
195951,normal,237,0,1782360957.1373029,0.001993417739868164
195952,normal,1802,0,1782360957.1392982,0.0019953250885009766
195953,normal,1777,0,1782360957.1413064,0.002008199691772461
195954,normal,439,0,1782360957.143296,0.001989603042602539
195955,normal,2780,0,1782360957.1453683,0.0020723342895507812
195956,normal,3482,0,1782360957.147272,0.0019037723541259766
195957,normal,1411,0,1782360957.149506,0.0022339820861816406
195958,normal,1851,0,1782360957.1514578,0.0019516944885253906
195959,normal,2577,0,1782360957.153402,0.0019443035125732422
195960,normal,1385,0,1782360957.155605,0.0022029876708984375
195961,normal,2822,0,1782360957.157349,0.0017440319061279297
195962,normal,537,0,1782360957.1594377,0.0020885467529296875
195963,normal,420,0,1782360957.1613944,0.0019567012786865234
195964,normal,274,0,1782360957.1633744,0.0019800662994384766
195965,normal,3208,1,1782360957.1654084,0.0020339488983154297
195966,normal,93,0,1782360957.1674962,0.002087831497192383
195967,normal,3501,0,1782360957.1693478,0.0018515586853027344
195968,normal,1939,0,1782360957.1713607,0.002012968063354492
195969,normal,2527,0,1782360957.1733835,0.0020227432250976562
195970,normal,1772,0,1782360957.1753807,0.001997232437133789
195971,normal,3140,1,1782360957.1773846,0.002003908157348633
195972,normal,1393,0,1782360957.1792874,0.0019028186798095703
195973,normal,1902,0,1782360957.1813111,0.0020236968994140625
195974,normal,2907,0,1782360957.183357,0.002045869827270508
195975,normal,2081,0,1782360957.185382,0.0020248889923095703
195976,normal,148,0,1782360957.187388,0.002006053924560547
195977,normal,3297,1,1782360957.1893048,0.0019168853759765625
195978,normal,1013,2,1782360957.1912796,0.001974821090698242
195979,normal,1075,0,1782360957.193311,0.0020313262939453125
195980,normal,3066,1,1782360957.1953044,0.001993417739868164
195981,normal,97,0,1782360957.1973212,0.002016782760620117
195982,normal,3411,0,1782360957.1993196,0.001998424530029297
195983,normal,1271,0,1782360957.201448,0.0021283626556396484
195984,normal,674,0,1782360957.20332,0.0018720626831054688
195985,normal,1920,0,1782360957.2053053,0.001985311508178711
195986,normal,728,0,1782360957.2072978,0.001992464065551758
195987,normal,463,0,1782360957.2092817,0.0019838809967041016
195988,normal,3228,1,1782360957.2113786,0.002096891403198242
195989,normal,251,0,1782360957.2133214,0.0019428730010986328
195990,normal,3100,1,1782360957.2153943,0.0020728111267089844
195991,normal,3349,1,1782360957.2172878,0.0018935203552246094
195992,normal,2031,0,1782360957.2193003,0.002012491226196289
195993,normal,61,0,1782360957.2213502,0.0020499229431152344
195994,normal,1256,0,1782360957.2232583,0.0019080638885498047
195995,normal,231,0,1782360957.2252533,0.001995086669921875
195996,normal,1109,0,1782360957.227252,0.0019986629486083984
195997,normal,3162,1,1782360957.2292478,0.0019958019256591797
195998,normal,733,0,1782360957.231431,0.002183198928833008
195999,normal,266,0,1782360957.2333527,0.0019216537475585938
196000,normal,2811,0,1782360957.2353942,0.0020415782928466797
196001,normal,493,0,1782360957.237472,0.002077817916870117
196002,normal,1445,0,1782360957.2395566,0.002084493637084961
196003,normal,71,0,1782360957.2413423,0.0017857551574707031
196004,normal,1309,0,1782360957.2434297,0.0020873546600341797
196005,normal,1742,0,1782360957.2454019,0.001972198486328125
196006,normal,2210,0,1782360957.2473397,0.0019378662109375
196007,normal,3685,0,1782360957.2492568,0.001917123794555664
196008,normal,89,0,1782360957.2512522,0.0019953250885009766
196009,normal,1626,0,1782360957.2532518,0.0019996166229248047
196010,normal,3418,0,1782360957.2553344,0.0020825862884521484
196011,normal,3428,0,1782360957.2572498,0.0019154548645019531
196012,normal,739,0,1782360957.2592456,0.0019958019256591797
196013,normal,2494,0,1782360957.2612867,0.0020411014556884766
196014,normal,2892,0,1782360957.2632313,0.0019445419311523438
196015,normal,515,0,1782360957.2659721,0.0027408599853515625
196016,normal,2263,0,1782360957.2673702,0.0013980865478515625
196017,normal,1499,0,1782360957.269437,0.0020668506622314453
196018,normal,3571,0,1782360957.271399,0.001961946487426758
196019,normal,1072,0,1782360957.2734,0.002001047134399414
196020,normal,1436,0,1782360957.2754054,0.002005338668823242
196021,normal,2580,0,1782360957.2775722,0.002166748046875
196022,normal,1144,0,1782360957.2794194,0.0018472671508789062
196023,normal,147,0,1782360957.2813988,0.001979351043701172
196024,normal,2679,0,1782360957.2834141,0.002015352249145508
196025,normal,3158,1,1782360957.2854052,0.0019910335540771484
196026,normal,2684,0,1782360957.287412,0.0020067691802978516
196027,normal,2643,0,1782360957.289466,0.002053976058959961
196028,normal,3115,1,1782360957.2914515,0.0019855499267578125
196029,normal,1611,0,1782360957.2934492,0.001997709274291992
196030,normal,2528,0,1782360957.2956173,0.0021681785583496094
196031,normal,790,2,1782360957.2982614,0.002644062042236328
196032,normal,730,0,1782360957.299403,0.0011415481567382812
196033,normal,3338,1,1782360957.3013582,0.001955270767211914
196034,normal,1048,0,1782360957.303408,0.002049684524536133
196035,normal,32,0,1782360957.305443,0.0020351409912109375
196036,normal,3569,0,1782360957.3074663,0.0020232200622558594
196037,normal,3492,0,1782360957.309496,0.0020296573638916016
196038,normal,816,2,1782360957.3115208,0.0020248889923095703
196039,normal,3104,1,1782360957.313523,0.002002239227294922
196040,normal,1775,0,1782360957.3153722,0.0018491744995117188
196041,normal,3258,1,1782360957.3175793,0.002207040786743164
196042,normal,516,0,1782360957.3196912,0.0021119117736816406
196043,normal,1277,0,1782360957.321492,0.0018007755279541016
196044,normal,2087,0,1782360957.3235066,0.002014636993408203
196045,normal,1176,0,1782360957.3254805,0.001973867416381836
196046,normal,2052,0,1782360957.327419,0.0019385814666748047
196047,normal,3275,1,1782360957.329497,0.0020780563354492188
196048,normal,2186,0,1782360957.331957,0.002460002899169922
196049,normal,2145,0,1782360957.3334854,0.0015282630920410156
196050,normal,3266,1,1782360957.335394,0.0019085407257080078
196051,normal,1906,0,1782360957.3374414,0.0020475387573242188
196052,normal,2468,0,1782360957.339453,0.002011537551879883
196053,normal,711,0,1782360957.3414526,0.0019996166229248047
196054,normal,2660,0,1782360957.343437,0.0019843578338623047
196055,normal,2113,0,1782360957.345436,0.0019991397857666016
196056,normal,584,0,1782360957.3474703,0.0020341873168945312
196057,normal,1455,0,1782360957.3494914,0.0020210742950439453
196058,normal,2613,0,1782360957.3514292,0.0019378662109375
196059,normal,2104,0,1782360957.353443,0.002013683319091797
196060,normal,1429,0,1782360957.3555205,0.0020775794982910156
196061,normal,3463,0,1782360957.35745,0.0019295215606689453
196062,normal,2324,0,1782360957.359613,0.002162933349609375
196063,normal,686,0,1782360957.3614342,0.001821279525756836
196064,normal,1765,0,1782360957.3634353,0.002001047134399414
196065,normal,1187,0,1782360957.3655033,0.002068042755126953
196066,normal,3024,0,1782360957.3674095,0.0019061565399169922
196067,normal,3106,1,1782360957.3693867,0.001977205276489258
196068,normal,3566,0,1782360957.3713894,0.002002716064453125
196069,normal,611,0,1782360957.3734095,0.002020120620727539
196070,normal,2662,0,1782360957.375474,0.0020644664764404297
196071,normal,172,0,1782360957.3774576,0.001983642578125
196072,normal,3188,1,1782360957.3794982,0.0020406246185302734
196073,normal,389,0,1782360957.3815463,0.002048015594482422
196074,normal,2566,0,1782360957.383703,0.0021567344665527344
196075,normal,2872,0,1782360957.3854022,0.001699209213256836
196076,normal,2137,0,1782360957.3875062,0.002104043960571289
196077,normal,1602,0,1782360957.3895264,0.002020120620727539
196078,normal,3146,1,1782360957.3914404,0.0019140243530273438
196079,normal,855,2,1782360957.3934054,0.001965045928955078
196080,normal,1561,0,1782360957.3953927,0.0019872188568115234
196081,normal,822,2,1782360957.3973844,0.001991748809814453
196082,normal,2479,0,1782360957.3994439,0.002059459686279297
196083,normal,9,0,1782360957.4013844,0.0019404888153076172
196084,normal,825,2,1782360957.4033747,0.0019903182983398438
196085,normal,43,0,1782360957.4053698,0.001995086669921875
196086,normal,2903,0,1782360957.407373,0.002003192901611328
196087,normal,407,0,1782360957.4100084,0.002635478973388672
196088,normal,3370,1,1782360957.4114532,0.0014448165893554688
196089,normal,3181,1,1782360957.413419,0.001965761184692383
196090,normal,802,2,1782360957.415402,0.0019829273223876953
196091,normal,932,2,1782360957.4174123,0.002010345458984375
196092,normal,1294,0,1782360957.4194143,0.0020020008087158203
196093,normal,2395,0,1782360957.4215503,0.0021359920501708984
196094,normal,3310,1,1782360957.4234216,0.001871347427368164
196095,normal,2187,0,1782360957.4254024,0.0019807815551757812
196096,normal,410,0,1782360957.4274037,0.0020012855529785156
196097,normal,3325,1,1782360957.429406,0.002002239227294922
196098,normal,2724,0,1782360957.4314237,0.0020177364349365234
196099,normal,3003,0,1782360957.4334743,0.002050638198852539
196100,normal,2841,0,1782360957.4354472,0.0019729137420654297
196101,normal,1606,0,1782360957.4374268,0.0019795894622802734
196102,normal,3212,1,1782360957.439625,0.0021982192993164062
196103,normal,169,0,1782360957.4421926,0.0025675296783447266
196104,normal,453,0,1782360957.4434085,0.0012159347534179688
196105,normal,3699,0,1782360957.4454124,0.002003908157348633
196106,normal,536,0,1782360957.4474795,0.002067089080810547
196107,normal,352,0,1782360957.4494996,0.002020120620727539
196108,normal,3185,1,1782360957.4515002,0.002000570297241211
196109,normal,811,2,1782360957.4535744,0.0020742416381835938
196110,normal,2686,0,1782360957.4553814,0.0018069744110107422
196111,normal,1693,0,1782360957.4575067,0.002125263214111328
196112,normal,318,0,1782360957.4597988,0.002292156219482422
196113,normal,1384,0,1782360957.4615164,0.0017175674438476562
196114,normal,233,0,1782360957.4632816,0.0017652511596679688
196115,normal,1670,0,1782360957.465383,0.002101421356201172
196116,normal,1767,0,1782360957.467425,0.002042055130004883
196117,normal,206,0,1782360957.4693365,0.0019114017486572266
196118,normal,332,0,1782360957.4714184,0.0020818710327148438
196119,normal,2969,0,1782360957.4734132,0.0019948482513427734
196120,normal,3020,0,1782360957.475325,0.0019118785858154297
196121,normal,767,0,1782360957.4774332,0.0021080970764160156
196122,normal,3388,1,1782360957.4795756,0.0021424293518066406
196123,normal,2572,0,1782360957.4814072,0.0018315315246582031
196124,normal,152,0,1782360957.4835045,0.0020973682403564453
196125,normal,3438,0,1782360957.4853272,0.0018227100372314453
196126,normal,3449,0,1782360957.4873452,0.002017974853515625
196127,normal,771,0,1782360957.4894838,0.0021386146545410156
196128,normal,2234,0,1782360957.491492,0.002008199691772461
196129,normal,1261,0,1782360957.4935017,0.0020096302032470703
196130,normal,3413,0,1782360957.4953628,0.0018610954284667969
196131,normal,965,2,1782360957.497327,0.0019643306732177734
196132,normal,265,0,1782360957.4994147,0.0020875930786132812
196133,normal,2166,0,1782360957.5014174,0.002002716064453125
196134,normal,109,0,1782360957.503419,0.002001523971557617
196135,normal,3486,0,1782360957.5054257,0.0020067691802978516
196136,normal,856,2,1782360957.507508,0.002082347869873047
196137,normal,3327,1,1782360957.5093155,0.0018074512481689453
196138,normal,355,0,1782360957.5113876,0.0020720958709716797
196139,normal,700,0,1782360957.5133924,0.002004861831665039
196140,normal,3664,0,1782360957.515403,0.0020105838775634766
196141,normal,173,0,1782360957.5173686,0.0019655227661132812
196142,normal,3651,0,1782360957.5194685,0.0020999908447265625
196143,normal,2729,0,1782360957.521415,0.0019464492797851562
196144,normal,2377,0,1782360957.5233476,0.0019326210021972656
196145,normal,2370,0,1782360957.5254393,0.002091646194458008
196146,normal,397,0,1782360957.52747,0.0020308494567871094
196147,normal,150,0,1782360957.5292919,0.001821756362915039
196148,normal,2953,0,1782360957.5313818,0.002089977264404297
196149,normal,2159,0,1782360957.5333855,0.0020036697387695312
196150,normal,2952,0,1782360957.535447,0.0020613670349121094
196151,normal,2583,0,1782360957.5375001,0.0020532608032226562
196152,normal,1771,0,1782360957.5393825,0.001882314682006836
196153,normal,450,0,1782360957.541504,0.002121448516845703
196154,normal,3008,0,1782360957.5435717,0.0020678043365478516
196155,normal,2670,0,1782360957.54545,0.0018782615661621094
196156,normal,599,0,1782360957.5475228,0.0020728111267089844
196157,normal,2846,0,1782360957.549498,0.0019752979278564453
196158,normal,2827,0,1782360957.5515654,0.0020673274993896484
196159,normal,88,0,1782360957.5534573,0.0018918514251708984
196160,normal,2094,0,1782360957.5553892,0.001931905746459961
196161,normal,3647,0,1782360957.5573812,0.0019919872283935547
196162,normal,2462,0,1782360957.5593798,0.0019986629486083984
196163,normal,722,0,1782360957.5614085,0.0020287036895751953
196164,normal,2984,0,1782360957.5634165,0.0020079612731933594
196165,normal,585,0,1782360957.5653791,0.0019626617431640625
196166,normal,3527,0,1782360957.567396,0.002016782760620117
196167,normal,2004,0,1782360957.5693796,0.001983642578125
196168,normal,1406,0,1782360957.5713813,0.0020017623901367188
196169,normal,350,0,1782360957.574082,0.0027005672454833984
196170,normal,374,0,1782360957.575521,0.0014390945434570312
196171,normal,1745,0,1782360957.577437,0.0019159317016601562
196172,normal,432,0,1782360957.5794222,0.001985311508178711
196173,normal,2492,0,1782360957.581334,0.0019118785858154297
196174,normal,772,2,1782360957.5834217,0.0020875930786132812
196175,normal,473,0,1782360957.5856133,0.0021915435791015625
196176,normal,196,0,1782360957.587417,0.0018036365509033203
196177,normal,1219,0,1782360957.5894232,0.0020062923431396484
196178,normal,2322,0,1782360957.5914357,0.002012491226196289
196179,normal,1666,0,1782360957.5934255,0.0019898414611816406
196180,normal,2623,0,1782360957.5954285,0.0020029544830322266
196181,normal,2893,0,1782360957.5974436,0.0020151138305664062
196182,normal,2115,0,1782360957.5994895,0.002045869827270508
196183,normal,3032,0,1782360957.601461,0.0019714832305908203
196184,normal,2690,0,1782360957.6034489,0.001987934112548828
196185,normal,1395,0,1782360957.605503,0.0020542144775390625
196186,normal,616,0,1782360957.6081786,0.0026755332946777344
196187,normal,1258,0,1782360957.6094801,0.0013015270233154297
196188,normal,2563,0,1782360957.6113923,0.0019121170043945312
196189,normal,2511,0,1782360957.61338,0.0019876956939697266
196190,normal,92,0,1782360957.6154542,0.0020742416381835938
196191,normal,2803,0,1782360957.6174066,0.0019524097442626953
196192,normal,468,0,1782360957.6194894,0.00208282470703125
196193,normal,1944,0,1782360957.6214836,0.0019941329956054688
196194,normal,3120,1,1782360957.62358,0.002096414566040039
196195,normal,145,0,1782360957.6253695,0.0017895698547363281
196196,normal,938,2,1782360957.627388,0.002018451690673828
196197,normal,586,0,1782360957.629497,0.002109050750732422
196198,normal,1410,0,1782360957.6316032,0.002106189727783203
196199,normal,365,0,1782360957.6336207,0.002017498016357422
196200,normal,3261,1,1782360957.6355152,0.0018944740295410156
196201,normal,1608,0,1782360957.637485,0.0019698143005371094
196202,normal,1484,0,1782360957.6394486,0.0019636154174804688
196203,normal,1318,0,1782360957.6414454,0.001996755599975586
196204,normal,179,0,1782360957.64347,0.0020246505737304688
196205,normal,3585,0,1782360957.6457253,0.0022552013397216797
196206,normal,3090,1,1782360957.6474035,0.0016782283782958984
196207,normal,1565,0,1782360957.6494634,0.0020599365234375
196208,normal,3155,1,1782360957.6514328,0.0019693374633789062
196209,normal,1283,0,1782360957.6534283,0.001995563507080078
196210,normal,1992,0,1782360957.6554399,0.002011537551879883
196211,normal,2060,0,1782360957.6574526,0.0020127296447753906
196212,normal,912,2,1782360957.6594925,0.0020399093627929688
196213,normal,1697,0,1782360957.6614375,0.0019450187683105469
196214,normal,1820,0,1782360957.6634524,0.0020148754119873047
196215,normal,412,0,1782360957.665438,0.0019855499267578125
196216,normal,844,2,1782360957.6676407,0.002202749252319336
196217,normal,3466,0,1782360957.6694856,0.0018448829650878906
196218,normal,60,0,1782360957.6714513,0.001965761184692383
196219,normal,327,0,1782360957.6734498,0.001998424530029297
196220,normal,1117,0,1782360957.6754577,0.0020079612731933594
196221,normal,1038,0,1782360957.6774244,0.001966714859008789
196222,normal,2242,0,1782360957.6794226,0.0019981861114501953
196223,normal,2967,0,1782360957.6814213,0.0019986629486083984
196224,normal,606,0,1782360957.6834872,0.002065896987915039
196225,normal,3661,0,1782360957.6854212,0.001934051513671875
196226,normal,197,0,1782360957.6874902,0.0020689964294433594
196227,normal,281,0,1782360957.6895394,0.0020492076873779297
196228,normal,1492,0,1782360957.6914418,0.0019023418426513672
196229,normal,3680,0,1782360957.693767,0.002325296401977539
196230,normal,3373,1,1782360957.6953506,0.0015835762023925781
196231,normal,1051,0,1782360957.6973863,0.0020356178283691406
196232,normal,2987,0,1782360957.6993854,0.0019991397857666016
196233,normal,3165,1,1782360957.7013803,0.0019948482513427734
196234,normal,2512,0,1782360957.703488,0.002107858657836914
196235,normal,1180,0,1782360957.7053874,0.0018992424011230469
196236,normal,1919,0,1782360957.7073798,0.001992464065551758
196237,normal,2344,0,1782360957.70938,0.002000093460083008
196238,normal,1600,0,1782360957.7117918,0.0024118423461914062
196239,normal,517,0,1782360957.7136467,0.0018548965454101562
196240,normal,1375,1,1782360957.7154262,0.0017795562744140625
196241,normal,2027,0,1782360957.717442,0.002015829086303711
196242,normal,1091,0,1782360957.7193415,0.0018994808197021484
196243,normal,1213,0,1782360957.7214339,0.0020923614501953125
196244,normal,2961,0,1782360957.72336,0.0019261837005615234
196245,normal,18,0,1782360957.7257168,0.0023567676544189453
196246,normal,82,0,1782360957.7273915,0.001674652099609375
196247,normal,326,0,1782360957.7293777,0.001986265182495117
196248,normal,1255,0,1782360957.7313714,0.0019936561584472656
196249,normal,1925,0,1782360957.7333202,0.0019488334655761719
196250,normal,1899,0,1782360957.7353845,0.002064228057861328
196251,normal,2149,0,1782360957.7376444,0.002259969711303711
196252,normal,1657,0,1782360957.7394414,0.0017969608306884766
196253,normal,1986,0,1782360957.7414756,0.0020341873168945312
196254,normal,3450,0,1782360957.7434723,0.001996755599975586
196255,normal,918,2,1782360957.7454276,0.001955270767211914
196256,normal,3425,0,1782360957.7476475,0.0022199153900146484
196257,normal,2017,0,1782360957.7494483,0.0018007755279541016
196258,normal,2414,0,1782360957.7513845,0.001936197280883789
196259,normal,2996,0,1782360957.7533033,0.001918792724609375
196260,normal,2477,0,1782360957.7552922,0.0019888877868652344
196261,normal,1479,0,1782360957.75727,0.0019779205322265625
196262,normal,2529,0,1782360957.7597985,0.0025284290313720703
196263,normal,2535,0,1782360957.761691,0.0018925666809082031
196264,normal,1967,0,1782360957.7633715,0.0016803741455078125
196265,normal,1506,0,1782360957.7653937,0.002022266387939453
196266,normal,1584,0,1782360957.7674034,0.0020096302032470703
196267,normal,1731,0,1782360957.7693434,0.001940011978149414
196268,normal,2813,0,1782360957.7713804,0.00203704833984375
196269,normal,1974,0,1782360957.7733784,0.0019979476928710938
196270,normal,2223,0,1782360957.7753694,0.0019910335540771484
196271,normal,3491,0,1782360957.7774138,0.0020444393157958984
196272,normal,3353,1,1782360957.7794259,0.002012014389038086
196273,normal,896,2,1782360957.7813537,0.0019278526306152344
196274,normal,2323,0,1782360957.7832909,0.0019371509552001953
196275,normal,2735,0,1782360957.7853818,0.002090930938720703
196276,normal,691,0,1782360957.7873833,0.002001523971557617
196277,normal,260,0,1782360957.789427,0.0020437240600585938
196278,normal,2815,0,1782360957.7914102,0.001983165740966797
196279,normal,593,0,1782360957.793274,0.001863718032836914
196280,normal,1815,0,1782360957.7953715,0.002097606658935547
196281,normal,366,0,1782360957.7973673,0.0019958019256591797
196282,normal,3096,1,1782360957.7993302,0.001962900161743164
196283,normal,2199,0,1782360957.801391,0.0020606517791748047
196284,normal,3080,1,1782360957.8033812,0.0019903182983398438
196285,normal,3081,1,1782360957.8054662,0.002084970474243164
196286,normal,658,0,1782360957.8073664,0.0019001960754394531
196287,normal,1548,0,1782360957.8093598,0.001993417739868164
196288,normal,1940,0,1782360957.8113177,0.0019578933715820312
196289,normal,974,2,1782360957.813354,0.0020363330841064453
196290,normal,2135,0,1782360957.815423,0.0020689964294433594
196291,normal,3649,0,1782360957.8173368,0.0019137859344482422
196292,normal,2269,0,1782360957.8195233,0.0021865367889404297
196293,normal,1192,0,1782360957.8213573,0.0018339157104492188
196294,normal,1562,0,1782360957.8233252,0.001967906951904297
196295,normal,2616,0,1782360957.8253746,0.0020494461059570312
196296,normal,3461,0,1782360957.8273547,0.0019800662994384766
196297,normal,3123,1,1782360957.8292859,0.0019311904907226562
196298,normal,3048,1,1782360957.8313363,0.0020503997802734375
196299,normal,1323,1,1782360957.8333194,0.001983165740966797
196300,normal,370,0,1782360957.8353267,0.0020072460174560547
196301,normal,2340,0,1782360957.8374116,0.002084970474243164
196302,normal,1100,0,1782360957.8394012,0.001989603042602539
196303,normal,382,0,1782360957.8413537,0.0019524097442626953
196304,normal,1849,0,1782360957.8434403,0.002086639404296875
196305,normal,1999,0,1782360957.8456237,0.0021834373474121094
196306,normal,1381,1,1782360957.8473697,0.0017459392547607422
196307,normal,224,0,1782360957.84946,0.0020902156829833984
196308,normal,1641,0,1782360957.85147,0.0020101070404052734
196309,normal,1658,0,1782360957.8533804,0.0019104480743408203
196310,normal,973,2,1782360957.8553395,0.001959085464477539
196311,normal,331,0,1782360957.8573315,0.0019919872283935547
196312,normal,1326,1,1782360957.8592854,0.0019538402557373047
196313,normal,2030,0,1782360957.8613956,0.0021102428436279297
196314,normal,2471,0,1782360957.8633323,0.0019366741180419922
196315,normal,15,0,1782360957.8652744,0.0019421577453613281
196316,normal,3709,0,1782360957.8673098,0.002035379409790039
196317,normal,451,0,1782360957.8693032,0.001993417739868164
196318,normal,1065,0,1782360957.8712811,0.0019779205322265625
196319,normal,3636,0,1782360957.8738186,0.0025374889373779297
196320,normal,1543,0,1782360957.8753946,0.0015759468078613281
196321,normal,2270,0,1782360957.8773172,0.001922607421875
196322,normal,44,0,1782360957.8793592,0.002042055130004883
196323,normal,2723,0,1782360957.8813424,0.001983165740966797
196324,normal,2977,0,1782360957.8833046,0.0019621849060058594
196325,normal,3372,1,1782360957.8855276,0.0022230148315429688
196326,normal,2810,0,1782360957.88738,0.001852273941040039
196327,normal,2227,0,1782360957.8892982,0.0019183158874511719
196328,normal,2146,0,1782360957.8913405,0.0020422935485839844
196329,normal,3368,1,1782360957.8933425,0.0020020008087158203
196330,normal,1340,1,1782360957.895305,0.001962423324584961
196331,normal,2685,0,1782360957.8973444,0.0020394325256347656
196332,normal,1463,0,1782360957.8994205,0.0020761489868164062
196333,normal,2233,0,1782360957.9013412,0.0019207000732421875
196334,normal,890,2,1782360957.9033704,0.0020291805267333984
196335,normal,2740,0,1782360957.905551,0.0021805763244628906
196336,normal,3125,1,1782360957.908185,0.0026340484619140625
196337,normal,442,0,1782360957.9093676,0.00118255615234375
196338,normal,3235,1,1782360957.9113104,0.0019428730010986328
196339,normal,2260,0,1782360957.913249,0.0019385814666748047
196340,normal,3672,0,1782360957.9153748,0.0021257400512695312
196341,normal,1360,1,1782360957.9174273,0.0020525455474853516
196342,normal,2428,0,1782360957.9193928,0.0019655227661132812
196343,normal,1317,0,1782360957.9214363,0.002043485641479492
196344,normal,2088,0,1782360957.923515,0.0020787715911865234
196345,normal,3149,1,1782360957.9253182,0.0018031597137451172
196346,normal,3184,1,1782360957.9275804,0.002262115478515625
196347,normal,528,0,1782360957.9294922,0.0019118785858154297
196348,normal,2853,0,1782360957.9314668,0.0019745826721191406
196349,normal,823,2,1782360957.9335234,0.002056598663330078
196350,normal,905,2,1782360957.9353638,0.001840353012084961
196351,normal,1544,0,1782360957.9373603,0.0019965171813964844
196352,normal,2050,0,1782360957.9394212,0.0020608901977539062
196353,normal,1862,0,1782360957.9414184,0.001997232437133789
196354,normal,3331,1,1782360957.9439075,0.0024890899658203125
196355,normal,2180,0,1782360957.945337,0.0014295578002929688
196356,normal,546,0,1782360957.9473507,0.002013683319091797
196357,normal,740,0,1782360957.9493718,0.0020210742950439453
196358,normal,33,0,1782360957.9514108,0.0020389556884765625
196359,normal,1590,0,1782360957.9533625,0.0019516944885253906
196360,normal,1362,1,1782360957.9553535,0.0019910335540771484
196361,normal,2161,0,1782360957.9573586,0.0020051002502441406
196362,normal,112,0,1782360957.9594324,0.0020737648010253906
196363,normal,2311,0,1782360957.9613414,0.001909017562866211
196364,normal,760,0,1782360957.9634333,0.0020918846130371094
196365,normal,133,0,1782360957.9654558,0.0020225048065185547
196366,normal,1690,0,1782360957.9674473,0.0019915103912353516
196367,normal,1179,0,1782360957.969534,0.002086639404296875
196368,normal,2098,0,1782360957.971385,0.0018510818481445312
196369,normal,964,2,1782360957.9737856,0.002400636672973633
196370,normal,963,2,1782360957.9754581,0.001672506332397461
196371,normal,2410,0,1782360957.9774432,0.0019850730895996094
196372,normal,2291,0,1782360957.9794652,0.0020220279693603516
196373,normal,0,0,1782360957.9814544,0.001989126205444336
196374,normal,2355,0,1782360957.9834144,0.0019600391387939453
196375,normal,1913,0,1782360957.9854083,0.001993894577026367
196376,normal,394,0,1782360957.9874134,0.0020051002502441406
196377,normal,534,0,1782360957.9894533,0.0020399093627929688
196378,normal,42,0,1782360957.99152,0.0020666122436523438
196379,normal,2675,0,1782360957.9934697,0.0019497871398925781
196380,normal,2960,0,1782360957.995555,0.0020852088928222656
196381,normal,232,0,1782360957.9974437,0.0018887519836425781
196382,normal,2191,0,1782360957.9995582,0.002114534378051758
196383,normal,2092,0,1782360958.0014212,0.0018630027770996094
196384,normal,2214,0,1782360958.003523,0.002101898193359375
196385,normal,1330,1,1782360958.0055428,0.002019643783569336
196386,normal,2385,0,1782360958.0075088,0.0019659996032714844
196387,normal,1312,0,1782360958.0094333,0.0019245147705078125
196388,normal,1449,0,1782360958.011418,0.001984834671020508
196389,normal,3042,0,1782360958.0134115,0.001993417739868164
196390,normal,489,0,1782360958.0154068,0.0019953250885009766
196391,normal,1276,0,1782360958.0174508,0.0020439624786376953
196392,normal,3529,0,1782360958.0194016,0.0019507408142089844
196393,normal,3041,0,1782360958.021393,0.0019915103912353516
196394,normal,819,2,1782360958.023388,0.0019948482513427734
196395,normal,3410,0,1782360958.025388,0.002000093460083008
196396,normal,1266,0,1782360958.0274882,0.002100229263305664
196397,normal,1692,0,1782360958.0296197,0.0021314620971679688
196398,normal,1703,0,1782360958.0314622,0.001842498779296875
196399,normal,414,0,1782360958.0333314,0.00186920166015625
196400,normal,2900,0,1782360958.0353792,0.0020477771759033203
196401,normal,2218,0,1782360958.0373683,0.001989126205444336
196402,normal,2543,0,1782360958.039303,0.0019347667694091797
196403,normal,168,0,1782360958.0415049,0.0022017955780029297
196404,normal,673,0,1782360958.0433586,0.0018537044525146484
196405,normal,3293,1,1782360958.0452938,0.0019352436065673828
196406,normal,80,0,1782360958.0473354,0.0020415782928466797
196407,normal,1325,1,1782360958.0493417,0.0020062923431396484
196408,normal,1448,0,1782360958.0513065,0.0019648075103759766
196409,normal,2267,0,1782360958.053376,0.0020694732666015625
196410,normal,2132,0,1782360958.055384,0.0020079612731933594
196411,normal,3103,1,1782360958.057339,0.0019550323486328125
196412,normal,3460,0,1782360958.059368,0.002028942108154297
196413,normal,3609,0,1782360958.0616217,0.0022537708282470703
196414,normal,2121,0,1782360958.0641553,0.0025336742401123047
196415,normal,793,2,1782360958.0653257,0.0011703968048095703
196416,normal,655,0,1782360958.067381,0.0020551681518554688
196417,normal,2963,0,1782360958.0693622,0.0019812583923339844
196418,normal,247,0,1782360958.0714452,0.0020830631256103516
196419,normal,1707,0,1782360958.073449,0.0020036697387695312
196420,normal,2173,0,1782360958.0754254,0.001976490020751953
196421,normal,1467,0,1782360958.0774205,0.001995086669921875
196422,normal,1085,0,1782360958.0792763,0.0018558502197265625
196423,normal,2222,0,1782360958.0816975,0.002421140670776367
196424,normal,2239,0,1782360958.0838304,0.002132892608642578
196425,normal,1308,0,1782360958.0854092,0.0015788078308105469
196426,normal,3056,1,1782360958.0873873,0.001978158950805664
196427,normal,3671,0,1782360958.0893784,0.0019910335540771484
196428,normal,785,2,1782360958.0914307,0.00205230712890625
196429,normal,2817,0,1782360958.093429,0.001998424530029297
196430,normal,2171,0,1782360958.0954218,0.0019927024841308594
196431,normal,864,2,1782360958.0974233,0.002001523971557617
196432,normal,1568,0,1782360958.09942,0.001996755599975586
196433,normal,1210,0,1782360958.1014595,0.0020394325256347656
196434,normal,3247,1,1782360958.1033938,0.0019342899322509766
196435,normal,1905,0,1782360958.105495,0.0021011829376220703
196436,normal,2284,0,1782360958.1075146,0.002019643783569336
196437,normal,747,0,1782360958.1094,0.0018854141235351562
196438,normal,1770,0,1782360958.1115248,0.002124786376953125
196439,normal,1425,0,1782360958.1134737,0.0019488334655761719
196440,normal,3301,1,1782360958.1154637,0.001990079879760742
196441,normal,2625,0,1782360958.1174269,0.0019631385803222656
196442,normal,130,0,1782360958.1193988,0.0019719600677490234
196443,normal,1457,0,1782360958.1213343,0.0019354820251464844
196444,normal,2019,0,1782360958.1233063,0.0019719600677490234
196445,normal,1514,0,1782360958.1253548,0.002048492431640625
196446,normal,721,0,1782360958.1273086,0.0019538402557373047
196447,normal,3357,1,1782360958.1293197,0.0020110607147216797
196448,normal,521,0,1782360958.131325,0.002005338668823242
196449,normal,1184,0,1782360958.1333199,0.0019948482513427734
196450,normal,2698,0,1782360958.1354725,0.002152681350708008
196451,normal,987,2,1782360958.1374187,0.0019462108612060547
196452,normal,2123,0,1782360958.139417,0.0019981861114501953
196453,normal,2041,0,1782360958.1414218,0.002004861831665039
196454,normal,1189,0,1782360958.143443,0.002021312713623047
196455,normal,2203,0,1782360958.1454933,0.002050161361694336
196456,normal,3443,0,1782360958.1474066,0.001913309097290039
196457,normal,3243,1,1782360958.1495059,0.002099275588989258
196458,normal,2451,0,1782360958.1514738,0.001967906951904297
196459,normal,3323,1,1782360958.1534572,0.0019834041595458984
196460,normal,3290,1,1782360958.1555328,0.002075672149658203
196461,normal,1173,0,1782360958.157419,0.001886129379272461
196462,normal,2225,0,1782360958.1594152,0.001996278762817383
196463,normal,68,0,1782360958.1614087,0.001993417739868164
196464,normal,335,0,1782360958.163431,0.002022266387939453
196465,normal,1239,0,1782360958.1655202,0.002089262008666992
196466,normal,3537,0,1782360958.1674979,0.001977682113647461
196467,normal,492,0,1782360958.1695514,0.002053499221801758
196468,normal,3570,0,1782360958.1715117,0.001960277557373047
196469,normal,2219,0,1782360958.1735735,0.0020618438720703125
196470,normal,1216,0,1782360958.175475,0.001901388168334961
196471,normal,3177,1,1782360958.1775296,0.0020546913146972656
196472,normal,2618,0,1782360958.1795719,0.0020422935485839844
196473,normal,2127,0,1782360958.1815166,0.0019447803497314453
196474,normal,1190,0,1782360958.1833882,0.0018715858459472656
196475,normal,2561,0,1782360958.185386,0.001997709274291992
196476,normal,1118,0,1782360958.1874003,0.0020143985748291016
196477,normal,1573,0,1782360958.1893852,0.001984834671020508
196478,normal,2586,0,1782360958.1915166,0.0021314620971679688
196479,normal,2254,0,1782360958.1933234,0.0018067359924316406
196480,normal,3403,0,1782360958.1954038,0.0020804405212402344
196481,normal,921,2,1782360958.1973977,0.001993894577026367
196482,normal,842,2,1782360958.1993911,0.001993417739868164
196483,normal,400,0,1782360958.2020698,0.0026786327362060547
196484,normal,3079,1,1782360958.2036939,0.0016241073608398438
196485,normal,84,0,1782360958.2054238,0.0017299652099609375
196486,normal,2745,0,1782360958.2074363,0.002012491226196289
196487,normal,788,2,1782360958.209432,0.001995563507080078
196488,normal,3132,1,1782360958.2114332,0.0020012855529785156
196489,normal,2634,0,1782360958.213435,0.0020017623901367188
196490,normal,1556,0,1782360958.2156217,0.0021867752075195312
196491,normal,2834,0,1782360958.2173717,0.0017499923706054688
196492,normal,3688,0,1782360958.2194197,0.002048015594482422
196493,normal,1320,1,1782360958.2214167,0.0019969940185546875
196494,normal,2453,0,1782360958.2234201,0.0020034313201904297
196495,normal,1780,0,1782360958.2254295,0.0020093917846679688
196496,normal,3007,0,1782360958.2275033,0.0020737648010253906
196497,normal,3150,1,1782360958.2295036,0.0020003318786621094
196498,normal,3082,1,1782360958.2313943,0.0018906593322753906
196499,normal,2855,0,1782360958.2334695,0.0020751953125
196500,normal,683,0,1782360958.2357347,0.0022652149200439453
196501,normal,2126,0,1782360958.2382705,0.0025358200073242188
196502,normal,2212,0,1782360958.2395275,0.0012569427490234375
196503,normal,2546,0,1782360958.2413301,0.001802682876586914
196504,normal,1487,0,1782360958.24332,0.0019898414611816406
196505,normal,2037,0,1782360958.2455149,0.0021948814392089844
196506,normal,2469,0,1782360958.2474852,0.0019702911376953125
196507,normal,1645,0,1782360958.2494125,0.0019273757934570312
196508,normal,156,0,1782360958.251464,0.0020513534545898438
196509,normal,1836,0,1782360958.2535026,0.002038717269897461
196510,normal,324,0,1782360958.2553341,0.0018315315246582031
196511,normal,1887,0,1782360958.257861,0.0025267601013183594
196512,normal,1558,0,1782360958.2593465,0.001485586166381836
196513,normal,1033,0,1782360958.261468,0.002121448516845703
196514,normal,892,2,1782360958.263582,0.0021140575408935547
196515,normal,1321,1,1782360958.2655003,0.0019183158874511719
196516,normal,1433,0,1782360958.2673507,0.0018503665924072266
196517,normal,315,0,1782360958.2693558,0.0020051002502441406
196518,normal,377,0,1782360958.2713256,0.0019698143005371094
196519,normal,376,0,1782360958.2733958,0.002070188522338867
196520,normal,976,2,1782360958.275433,0.0020372867584228516
196521,normal,755,0,1782360958.2774436,0.0020105838775634766
196522,normal,3692,0,1782360958.279383,0.0019392967224121094
196523,normal,3126,1,1782360958.2813847,0.0020017623901367188
196524,normal,415,0,1782360958.2833889,0.0020041465759277344
196525,normal,2832,0,1782360958.285346,0.0019571781158447266
196526,normal,1043,0,1782360958.2873852,0.002039194107055664
196527,normal,636,0,1782360958.289491,0.002105712890625
196528,normal,1268,0,1782360958.2913268,0.0018358230590820312
196529,normal,3512,0,1782360958.2933636,0.0020368099212646484
196530,normal,1698,0,1782360958.2953682,0.0020046234130859375
196531,normal,3072,1,1782360958.297441,0.0020728111267089844
196532,normal,2850,0,1782360958.29944,0.0019989013671875
196533,normal,1733,0,1782360958.3013802,0.0019402503967285156
196534,normal,2167,0,1782360958.3033254,0.0019452571868896484
196535,normal,1982,0,1782360958.3054292,0.0021038055419921875
196536,normal,623,0,1782360958.307364,0.0019347667694091797
196537,normal,626,0,1782360958.3092947,0.0019307136535644531
196538,normal,2499,0,1782360958.3113348,0.0020401477813720703
196539,normal,883,2,1782360958.3134055,0.0020706653594970703
196540,normal,3302,1,1782360958.3153632,0.0019576549530029297
196541,normal,2055,0,1782360958.317551,0.0021877288818359375
196542,normal,3525,0,1782360958.3201592,0.0026082992553710938
196543,normal,1501,0,1782360958.3212857,0.0011265277862548828
196544,normal,2054,0,1782360958.3234081,0.0021224021911621094
196545,normal,704,0,1782360958.3256576,0.002249479293823242
196546,normal,2165,0,1782360958.3274708,0.0018131732940673828
196547,normal,488,0,1782360958.329394,0.0019233226776123047
196548,normal,522,0,1782360958.3313947,0.002000570297241211
196549,normal,1589,0,1782360958.33339,0.0019953250885009766
196550,normal,1964,0,1782360958.335563,0.0021729469299316406
196551,normal,3563,0,1782360958.3373005,0.0017375946044921875
196552,normal,70,0,1782360958.3393857,0.0020852088928222656
196553,normal,3652,0,1782360958.3413773,0.0019915103912353516
196554,normal,316,0,1782360958.3436189,0.0022416114807128906
196555,normal,605,0,1782360958.3459582,0.0023393630981445312
196556,normal,2863,0,1782360958.3475225,0.0015642642974853516
196557,normal,1688,0,1782360958.3494892,0.001966714859008789
196558,normal,566,0,1782360958.3514206,0.0019314289093017578
196559,normal,1434,0,1782360958.3534625,0.0020418167114257812
196560,normal,2894,0,1782360958.355355,0.0018925666809082031
196561,normal,3494,0,1782360958.3577223,0.002367258071899414
196562,normal,2447,0,1782360958.3594635,0.001741170883178711
196563,normal,956,2,1782360958.361443,0.0019795894622802734
196564,normal,1563,0,1782360958.3634284,0.001985311508178711
196565,normal,687,0,1782360958.3654394,0.0020110607147216797
196566,normal,3487,0,1782360958.3674362,0.001996755599975586
196567,normal,2448,0,1782360958.3697064,0.002270221710205078
196568,normal,639,0,1782360958.3715532,0.0018467903137207031
196569,normal,2354,0,1782360958.3734605,0.0019073486328125
196570,normal,2397,0,1782360958.375551,0.0020904541015625
196571,normal,1031,0,1782360958.3775487,0.001997709274291992
196572,normal,289,0,1782360958.3796937,0.002145051956176758
196573,normal,986,2,1782360958.3816175,0.0019237995147705078
196574,normal,759,0,1782360958.3835258,0.0019083023071289062
196575,normal,409,0,1782360958.3853374,0.0018115043640136719
196576,normal,378,0,1782360958.3874092,0.002071857452392578
196577,normal,2245,0,1782360958.3893876,0.0019783973693847656
196578,normal,2008,0,1782360958.391698,0.0023102760314941406
196579,normal,3114,1,1782360958.393403,0.001705169677734375
196580,normal,2372,0,1782360958.395518,0.002115011215209961
196581,normal,924,2,1782360958.3975186,0.002000570297241211
196582,normal,1633,0,1782360958.399377,0.0018584728240966797
196583,normal,800,2,1782360958.4014127,0.0020356178283691406
196584,normal,434,0,1782360958.4033842,0.0019714832305908203
196585,normal,888,2,1782360958.4053612,0.0019769668579101562
196586,normal,253,0,1782360958.4074256,0.0020644664764404297
196587,normal,2966,0,1782360958.4094179,0.0019922256469726562
196588,normal,2351,0,1782360958.4113913,0.001973390579223633
196589,normal,3054,1,1782360958.4134202,0.002028942108154297
196590,normal,1443,0,1782360958.415316,0.001895904541015625
196591,normal,1474,0,1782360958.4173467,0.002030611038208008
196592,normal,65,0,1782360958.41939,0.0020432472229003906
196593,normal,2346,0,1782360958.42143,0.0020401477813720703
196594,normal,2131,0,1782360958.4233809,0.0019507408142089844
196595,normal,1231,0,1782360958.425334,0.001953125
196596,normal,895,2,1782360958.427342,0.0020079612731933594
196597,normal,787,2,1782360958.4293258,0.0019838809967041016
196598,normal,2170,0,1782360958.4313269,0.002001047134399414
196599,normal,3227,1,1782360958.4333322,0.002005338668823242
196600,normal,2534,0,1782360958.4353428,0.0020105838775634766
196601,normal,1677,0,1782360958.4373643,0.0020215511322021484
196602,normal,3168,1,1782360958.439544,0.0021796226501464844
196603,normal,2467,0,1782360958.441458,0.0019140243530273438
196604,normal,808,2,1782360958.4434469,0.0019888877868652344
196605,normal,181,0,1782360958.4454427,0.0019958019256591797
196606,normal,2325,0,1782360958.44744,0.001997232437133789
196607,normal,1564,0,1782360958.449514,0.002074003219604492
196608,normal,3251,1,1782360958.451426,0.0019121170043945312
196609,normal,3201,1,1782360958.4535067,0.002080678939819336
196610,normal,720,0,1782360958.4554513,0.0019445419311523438
196611,normal,1865,0,1782360958.4574587,0.0020074844360351562
196612,normal,1470,0,1782360958.459517,0.002058267593383789
196613,normal,396,0,1782360958.4614236,0.0019066333770751953
196614,normal,1719,0,1782360958.4634318,0.002008199691772461
196615,normal,1087,0,1782360958.4654107,0.0019788742065429688
196616,normal,952,2,1782360958.4674067,0.0019960403442382812
196617,normal,1010,2,1782360958.469513,0.002106189727783203
196618,normal,1965,0,1782360958.4714956,0.0019826889038085938
196619,normal,3234,1,1782360958.4735305,0.002034902572631836
196620,normal,3505,0,1782360958.4756923,0.002161741256713867
196621,normal,1545,0,1782360958.4774702,0.0017778873443603516
196622,normal,2826,0,1782360958.479615,0.0021448135375976562
196623,normal,3193,1,1782360958.4814444,0.001829385757446289
196624,normal,1694,0,1782360958.4835804,0.0021359920501708984
196625,normal,2954,0,1782360958.485648,0.00206756591796875
196626,normal,3598,0,1782360958.487368,0.0017201900482177734
196627,normal,3259,1,1782360958.4893992,0.002031087875366211
196628,normal,1661,0,1782360958.4913845,0.001985311508178711
196629,normal,1936,0,1782360958.4933877,0.002003192901611328
196630,normal,577,0,1782360958.495462,0.0020742416381835938
196631,normal,2128,0,1782360958.4973958,0.0019338130950927734
196632,normal,3366,1,1782360958.4993842,0.0019884109497070312
196633,normal,2347,0,1782360958.5013838,0.0019996166229248047
196634,normal,53,0,1782360958.5033944,0.0020105838775634766
196635,normal,3040,0,1782360958.5055141,0.002119779586791992
196636,normal,2688,0,1782360958.5078068,0.002292633056640625
196637,normal,401,0,1782360958.5095673,0.0017604827880859375
196638,normal,2941,0,1782360958.5114377,0.0018703937530517578
196639,normal,2215,0,1782360958.5134244,0.0019867420196533203
196640,normal,2300,0,1782360958.5154321,0.002007722854614258
196641,normal,2652,0,1782360958.517424,0.0019919872283935547
196642,normal,337,0,1782360958.5196407,0.0022165775299072266
196643,normal,2739,0,1782360958.5215137,0.001873016357421875
196644,normal,2285,0,1782360958.5233352,0.0018215179443359375
196645,normal,17,0,1782360958.525419,0.0020837783813476562
196646,normal,94,0,1782360958.5274265,0.0020074844360351562
196647,normal,267,0,1782360958.5294306,0.0020041465759277344
196648,normal,2825,0,1782360958.5314562,0.002025604248046875
196649,normal,913,2,1782360958.5335095,0.0020532608032226562
196650,normal,3134,1,1782360958.5353796,0.0018701553344726562
196651,normal,573,0,1782360958.5374544,0.002074718475341797
196652,normal,46,0,1782360958.5396318,0.0021774768829345703
196653,normal,2639,0,1782360958.5422416,0.002609729766845703
196654,normal,3668,0,1782360958.5434248,0.0011832714080810547
196655,normal,632,0,1782360958.545421,0.0019960403442382812
196656,normal,1881,0,1782360958.5474308,0.002009868621826172
196657,normal,1387,0,1782360958.5493972,0.0019664764404296875
196658,normal,749,0,1782360958.5514822,0.002084970474243164
196659,normal,325,0,1782360958.5535078,0.002025604248046875
196660,normal,21,0,1782360958.555523,0.0020151138305664062
196661,normal,2051,0,1782360958.5575495,0.0020265579223632812
196662,normal,418,0,1782360958.5594308,0.0018813610076904297
196663,normal,2473,0,1782360958.5614336,0.002002716064453125
196664,normal,1720,0,1782360958.5635483,0.0021147727966308594
196665,normal,368,0,1782360958.5656402,0.0020918846130371094
196666,normal,703,0,1782360958.567567,0.0019268989562988281
196667,normal,1196,0,1782360958.5694427,0.0018756389617919922
196668,normal,2786,0,1782360958.571435,0.0019922256469726562
196669,normal,252,0,1782360958.5734382,0.002003192901611328
196670,normal,1687,0,1782360958.575414,0.0019757747650146484
196671,normal,1249,0,1782360958.5775151,0.0021011829376220703
196672,normal,2779,0,1782360958.579825,0.0023097991943359375
196673,normal,69,0,1782360958.5813317,0.001506805419921875
196674,normal,1236,0,1782360958.5834568,0.0021250247955322266
196675,normal,2411,0,1782360958.5854342,0.0019774436950683594
196676,normal,2282,0,1782360958.5873656,0.0019314289093017578
196677,normal,3014,0,1782360958.5893483,0.0019826889038085938
196678,normal,3159,1,1782360958.591358,0.0020096302032470703
196679,normal,2856,0,1782360958.5933537,0.0019958019256591797
196680,normal,1,0,1782360958.5954485,0.002094745635986328
196681,normal,569,0,1782360958.597351,0.0019025802612304688
196682,normal,1307,0,1782360958.5994709,0.002119779586791992
196683,normal,3005,0,1782360958.601452,0.0019812583923339844
196684,normal,39,0,1782360958.603447,0.0019948482513427734
196685,normal,1757,0,1782360958.6055255,0.002078533172607422
196686,normal,2752,0,1782360958.6073525,0.0018270015716552734
196687,normal,3203,1,1782360958.6097288,0.0023763179779052734
196688,normal,120,0,1782360958.6114645,0.001735687255859375
196689,normal,1797,0,1782360958.6134667,0.002002239227294922
196690,normal,3589,0,1782360958.6154506,0.0019838809967041016
196691,normal,29,0,1782360958.617524,0.0020732879638671875
196692,normal,2678,0,1782360958.6194296,0.001905679702758789
196693,normal,1245,0,1782360958.6214087,0.0019791126251220703
196694,normal,2847,0,1782360958.623417,0.002008199691772461
196695,normal,275,0,1782360958.6254513,0.002034425735473633
196696,normal,532,0,1782360958.6275277,0.002076387405395508
196697,normal,429,0,1782360958.6294057,0.0018780231475830078
196698,normal,3013,0,1782360958.631541,0.0021352767944335938
196699,normal,165,0,1782360958.6335104,0.0019693374633789062
196700,normal,356,0,1782360958.635545,0.0020346641540527344
196701,normal,2096,0,1782360958.6374438,0.0018987655639648438
196702,normal,668,0,1782360958.6394403,0.0019965171813964844
196703,normal,283,0,1782360958.641578,0.0021376609802246094
196704,normal,3707,0,1782360958.643521,0.0019431114196777344
196705,normal,3613,0,1782360958.6452675,0.0017464160919189453
196706,normal,3414,0,1782360958.6472795,0.002012014389038086
196707,normal,3682,0,1782360958.649279,0.0019996166229248047
196708,normal,2164,0,1782360958.651266,0.001986980438232422
196709,normal,2711,0,1782360958.6533835,0.0021173954010009766
196710,normal,3704,0,1782360958.6552932,0.0019097328186035156
196711,normal,3539,0,1782360958.657279,0.001985788345336914
196712,normal,254,0,1782360958.659282,0.0020029544830322266
196713,normal,1040,0,1782360958.6612716,0.001989603042602539
196714,normal,2772,0,1782360958.6636248,0.002353191375732422
196715,normal,1478,0,1782360958.665506,0.0018811225891113281
196716,normal,3583,0,1782360958.6673944,0.0018885135650634766
196717,normal,207,0,1782360958.6693182,0.0019237995147705078
196718,normal,1766,0,1782360958.6713097,0.0019915103912353516
196719,normal,3387,1,1782360958.673316,0.0020062923431396484
196720,normal,564,0,1782360958.6753228,0.0020067691802978516
196721,normal,2760,0,1782360958.6774707,0.0021479129791259766
196722,normal,2932,0,1782360958.6793382,0.001867532730102539
196723,normal,1882,0,1782360958.6812966,0.0019583702087402344
196724,normal,1643,0,1782360958.683303,0.00200653076171875
196725,normal,1541,0,1782360958.6853166,0.0020134449005126953
196726,normal,250,0,1782360958.6873012,0.0019845962524414062
196727,normal,399,0,1782360958.6893926,0.0020914077758789062
196728,normal,2904,0,1782360958.6913772,0.0019845962524414062
196729,normal,2901,0,1782360958.6933558,0.001978635787963867
196730,normal,3035,0,1782360958.6953437,0.001987934112548828
196731,normal,1000,2,1782360958.697685,0.0023412704467773438
196732,normal,568,0,1782360958.7001493,0.00246429443359375
196733,normal,1202,0,1782360958.7013128,0.001163482666015625
196734,normal,118,0,1782360958.7033648,0.0020520687103271484
196735,normal,540,0,1782360958.7053683,0.0020034313201904297
196736,normal,1299,0,1782360958.7074099,0.0020415782928466797
196737,normal,1357,1,1782360958.7094066,0.001996755599975586
196738,normal,834,2,1782360958.7114944,0.002087831497192383
196739,normal,151,0,1782360958.7133873,0.0018928050994873047
196740,normal,2636,0,1782360958.7153568,0.001969575881958008
196741,normal,1840,0,1782360958.7174268,0.0020699501037597656
196742,normal,549,0,1782360958.7194576,0.0020308494567871094
196743,normal,1538,0,1782360958.7213395,0.0018818378448486328
196744,normal,1426,0,1782360958.7232795,0.001940011978149414
196745,normal,2933,0,1782360958.7252696,0.001990079879760742
196746,normal,3675,0,1782360958.7273383,0.002068758010864258
196747,normal,192,0,1782360958.7293358,0.0019974708557128906
196748,normal,3521,0,1782360958.7313306,0.0019948482513427734
196749,normal,3016,0,1782360958.7333198,0.001989126205444336
196750,normal,1730,0,1782360958.7352998,0.0019800662994384766
196751,normal,3564,0,1782360958.7373674,0.00206756591796875
196752,normal,1830,0,1782360958.739379,0.002011537551879883
196753,normal,887,2,1782360958.7413795,0.002000570297241211
196754,normal,2045,0,1782360958.7433746,0.001995086669921875
196755,normal,1078,0,1782360958.745292,0.0019173622131347656
196756,normal,2741,0,1782360958.7473602,0.0020682811737060547
196757,normal,2594,0,1782360958.7493691,0.0020089149475097656
196758,normal,3214,1,1782360958.7513945,0.0020253658294677734
196759,normal,649,0,1782360958.7534006,0.002006053924560547
196760,normal,2974,0,1782360958.7552786,0.0018780231475830078
196761,normal,1446,0,1782360958.757323,0.0020444393157958984
196762,normal,67,0,1782360958.7593124,0.0019893646240234375
196763,normal,3289,1,1782360958.7613282,0.002015829086303711
196764,normal,2316,0,1782360958.7633178,0.001989603042602539
196765,normal,1728,0,1782360958.765328,0.0020101070404052734
196766,normal,651,0,1782360958.7673285,0.002000570297241211
196767,normal,2460,0,1782360958.7693675,0.0020389556884765625
196768,normal,1508,0,1782360958.7713013,0.0019338130950927734
196769,normal,843,2,1782360958.7732923,0.0019910335540771484
196770,normal,625,0,1782360958.7753122,0.0020198822021484375
196771,normal,2873,0,1782360958.777334,0.00202178955078125
196772,normal,2703,0,1782360958.779388,0.002053976058959961
196773,normal,3238,1,1782360958.7813993,0.0020112991333007812
196774,normal,2902,0,1782360958.783358,0.0019588470458984375
196775,normal,268,0,1782360958.7853289,0.0019707679748535156
196776,normal,499,0,1782360958.78737,0.0020411014556884766
196777,normal,3109,1,1782360958.7893755,0.0020055770874023438
196778,normal,1596,0,1782360958.7912974,0.0019218921661376953
196779,normal,831,2,1782360958.7932982,0.0020008087158203125
196780,normal,506,0,1782360958.7953,0.0020017623901367188
196781,normal,3693,0,1782360958.7972791,0.0019791126251220703
196782,normal,2945,0,1782360958.799419,0.0021398067474365234
196783,normal,3333,1,1782360958.801372,0.001953125
196784,normal,1839,0,1782360958.8034215,0.0020494461059570312
196785,normal,3617,0,1782360958.8054986,0.0020771026611328125
196786,normal,413,0,1782360958.8073692,0.0018706321716308594
196787,normal,106,0,1782360958.8094494,0.002080202102661133
196788,normal,1412,0,1782360958.8114078,0.0019583702087402344
196789,normal,437,0,1782360958.813435,0.002027273178100586
196790,normal,2647,0,1782360958.815542,0.002106904983520508
196791,normal,2101,0,1782360958.8172798,0.001737833023071289
196792,normal,3267,1,1782360958.8192666,0.0019867420196533203
196793,normal,340,0,1782360958.8212667,0.002000093460083008
196794,normal,3222,1,1782360958.823277,0.002010345458984375
196795,normal,2794,0,1782360958.8254154,0.002138376235961914
196796,normal,3452,0,1782360958.827294,0.0018787384033203125
196797,normal,154,0,1782360958.8292825,0.0019884109497070312
196798,normal,333,0,1782360958.8312778,0.0019953250885009766
196799,normal,2951,0,1782360958.8332753,0.0019974708557128906
196800,normal,1801,0,1782360958.83562,0.0023446083068847656
196801,normal,3240,1,1782360958.8378503,0.002230405807495117
196802,normal,1971,0,1782360958.8394215,0.0015711784362792969
196803,normal,596,0,1782360958.8413079,0.0018863677978515625
196804,normal,3615,0,1782360958.8433168,0.0020089149475097656
196805,normal,2748,0,1782360958.84531,0.0019931793212890625
196806,normal,1315,0,1782360958.8473217,0.0020117759704589844
196807,normal,1344,1,1782360958.8495793,0.0022575855255126953
196808,normal,2293,0,1782360958.8513567,0.0017774105072021484
196809,normal,3273,1,1782360958.8533237,0.0019669532775878906
196810,normal,2835,0,1782360958.855307,0.0019834041595458984
196811,normal,1116,0,1782360958.8573086,0.002001523971557617
196812,normal,1204,0,1782360958.8593078,0.0019991397857666016
196813,normal,1259,0,1782360958.8613515,0.0020437240600585938
196814,normal,1825,0,1782360958.8633964,0.0020449161529541016
196815,normal,3442,0,1782360958.8653843,0.001987934112548828
196816,normal,2929,0,1782360958.8673377,0.0019533634185791016
196817,normal,850,2,1782360958.8695447,0.002207040786743164
196818,normal,1500,0,1782360958.872048,0.0025031566619873047
196819,normal,1419,0,1782360958.8733752,0.0013272762298583984
196820,normal,1302,0,1782360958.8753152,0.001940011978149414
196821,normal,2192,0,1782360958.8773072,0.0019919872283935547
196822,normal,2464,0,1782360958.8793774,0.002070188522338867
196823,normal,1691,0,1782360958.8813972,0.0020198822021484375
196824,normal,2861,0,1782360958.883412,0.002014636993408203
196825,normal,270,0,1782360958.8853898,0.0019779205322265625
196826,normal,1076,0,1782360958.8875093,0.0021195411682128906
196827,normal,1678,0,1782360958.8893504,0.0018410682678222656
196828,normal,1155,0,1782360958.8917913,0.002440929412841797
196829,normal,184,0,1782360958.8937776,0.001986265182495117
196830,normal,2504,0,1782360958.8954263,0.0016486644744873047
196831,normal,2243,0,1782360958.8974926,0.002066373825073242
196832,normal,1139,0,1782360958.8994305,0.0019378662109375
196833,normal,2521,0,1782360958.901316,0.0018854141235351562
196834,normal,79,0,1782360958.9032981,0.0019822120666503906
196835,normal,2737,0,1782360958.9053867,0.0020885467529296875
196836,normal,3174,1,1782360958.907384,0.001997232437133789
196837,normal,2352,0,1782360958.9093864,0.0020024776458740234
196838,normal,803,2,1782360958.911371,0.0019845962524414062
196839,normal,715,0,1782360958.9133365,0.0019655227661132812
196840,normal,257,0,1782360958.9153106,0.0019741058349609375
196841,normal,3296,1,1782360958.9173076,0.0019969940185546875
196842,normal,2190,0,1782360958.9201827,0.002875089645385742
196843,normal,3600,0,1782360958.9213536,0.0011708736419677734
196844,normal,2022,0,1782360958.9233367,0.001983165740966797
196845,normal,3239,1,1782360958.9253592,0.0020225048065185547
196846,normal,3276,1,1782360958.9273252,0.0019659996032714844
196847,normal,3351,1,1782360958.929318,0.0019927024841308594
196848,normal,2279,0,1782360958.931332,0.00201416015625
196849,normal,507,0,1782360958.9336858,0.002353668212890625
196850,normal,2709,0,1782360958.9353669,0.0016810894012451172
196851,normal,669,0,1782360958.9373257,0.0019588470458984375
196852,normal,511,0,1782360958.9394114,0.0020856857299804688
196853,normal,3163,1,1782360958.941326,0.0019145011901855469
196854,normal,535,0,1782360958.9432983,0.0019724369049072266
196855,normal,3233,1,1782360958.9452908,0.001992464065551758
196856,normal,781,2,1782360958.9473493,0.0020585060119628906
196857,normal,3369,1,1782360958.9494963,0.0021469593048095703
196858,normal,525,0,1782360958.9514356,0.0019392967224121094
196859,normal,246,0,1782360958.9536262,0.0021905899047851562
196860,normal,904,2,1782360958.9554186,0.0017924308776855469
196861,normal,1483,0,1782360958.9574566,0.0020380020141601562
196862,normal,2459,0,1782360958.9597366,0.002279996871948242
196863,normal,1227,0,1782360958.961319,0.0015823841094970703
196864,normal,685,0,1782360958.9634194,0.0021004676818847656
196865,normal,1976,0,1782360958.9654195,0.002000093460083008
196866,normal,1667,0,1782360958.967305,0.0018854141235351562
196867,normal,1160,0,1782360958.969489,0.002184152603149414
196868,normal,3171,1,1782360958.971319,0.0018298625946044922
196869,normal,2445,0,1782360958.9734216,0.0021026134490966797
196870,normal,402,0,1782360958.9752996,0.0018780231475830078
196871,normal,838,2,1782360958.9776947,0.002395153045654297
196872,normal,1083,0,1782360958.979873,0.002178192138671875
196873,normal,1104,0,1782360958.9814587,0.0015857219696044922
196874,normal,1926,0,1782360958.9834664,0.002007722854614258
196875,normal,3708,0,1782360958.9853036,0.0018372535705566406
196876,normal,2437,0,1782360958.9874225,0.002118825912475586
196877,normal,1927,0,1782360958.9894292,0.0020067691802978516
196878,normal,1930,0,1782360958.991558,0.0021288394927978516
196879,normal,1402,0,1782360958.993337,0.0017788410186767578
196880,normal,519,0,1782360958.995416,0.002079010009765625
196881,normal,2248,0,1782360958.997316,0.0018999576568603516
196882,normal,3049,1,1782360958.9994516,0.002135753631591797
196883,normal,1901,0,1782360959.0014453,0.0019936561584472656
196884,normal,209,0,1782360959.0036387,0.002193450927734375
196885,normal,3057,1,1782360959.0053625,0.0017237663269042969
196886,normal,273,0,1782360959.007529,0.0021665096282958984
196887,normal,3211,1,1782360959.009445,0.0019159317016601562
196888,normal,2774,0,1782360959.0113926,0.001947641372680664
196889,normal,708,0,1782360959.0137177,0.0023250579833984375
196890,normal,3045,1,1782360959.015576,0.0018582344055175781
196891,normal,194,0,1782360959.0173056,0.001729726791381836
196892,normal,1607,0,1782360959.019413,0.002107381820678711
196893,normal,1511,0,1782360959.0213022,0.0018892288208007812
196894,normal,381,0,1782360959.0234075,0.002105236053466797
196895,normal,3070,1,1782360959.0254729,0.002065420150756836
196896,normal,3119,1,1782360959.02763,0.0021572113037109375
196897,normal,1222,0,1782360959.0294445,0.0018143653869628906
196898,normal,1021,2,1782360959.03185,0.0024056434631347656
196899,normal,1843,0,1782360959.0335407,0.0016906261444091797
196900,normal,1813,0,1782360959.0357175,0.0021767616271972656
196901,normal,1168,0,1782360959.0374737,0.0017561912536621094
196902,normal,3242,1,1782360959.039464,0.0019903182983398438
196903,normal,1034,0,1782360959.0414305,0.0019664764404296875
196904,normal,3131,1,1782360959.0435035,0.002073049545288086
196905,normal,1646,0,1782360959.045469,0.0019655227661132812
196906,normal,3473,0,1782360959.0473144,0.0018453598022460938
196907,normal,2314,0,1782360959.049388,0.002073526382446289
196908,normal,2298,0,1782360959.0513194,0.0019314289093017578
196909,normal,2778,0,1782360959.0535452,0.0022258758544921875
196910,normal,1025,2,1782360959.0554864,0.0019412040710449219
196911,normal,3523,0,1782360959.0574687,0.0019822120666503906
196912,normal,2726,0,1782360959.059313,0.0018444061279296875
196913,normal,3561,0,1782360959.061369,0.0020558834075927734
196914,normal,1649,0,1782360959.063322,0.001953125
196915,normal,28,0,1782360959.065513,0.002190828323364258
196916,normal,3391,1,1782360959.067255,0.0017421245574951172
196917,normal,2704,0,1782360959.0693266,0.0020716190338134766
196918,normal,1290,0,1782360959.0713174,0.001990795135498047
196919,normal,3216,1,1782360959.0733378,0.0020203590393066406
196920,normal,1794,0,1782360959.0752838,0.0019459724426269531
196921,normal,1708,0,1782360959.0772972,0.0020134449005126953
196922,normal,1099,0,1782360959.0794122,0.002115011215209961
196923,normal,2622,0,1782360959.081493,0.002080678939819336
196924,normal,766,0,1782360959.0838425,0.0023496150970458984
196925,normal,1615,0,1782360959.08529,0.001447439193725586
196926,normal,1156,0,1782360959.0873504,0.002060413360595703
196927,normal,2407,0,1782360959.0894797,0.0021293163299560547
196928,normal,1050,0,1782360959.0913348,0.0018551349639892578
196929,normal,640,0,1782360959.0934796,0.0021448135375976562
196930,normal,2770,0,1782360959.0953317,0.0018520355224609375
196931,normal,1725,0,1782360959.0974865,0.002154827117919922
196932,normal,3053,1,1782360959.0993297,0.0018432140350341797
196933,normal,443,0,1782360959.101477,0.002147197723388672
196934,normal,725,0,1782360959.1034873,0.002010345458984375
196935,normal,3094,1,1782360959.1053314,0.001844167709350586
196936,normal,2938,0,1782360959.1074836,0.0021522045135498047
196937,normal,2519,0,1782360959.1094859,0.002002239227294922
196938,normal,2182,0,1782360959.1113324,0.0018465518951416016
196939,normal,3127,1,1782360959.113482,0.0021495819091796875
196940,normal,1374,1,1782360959.1155515,0.0020694732666015625
196941,normal,2082,0,1782360959.1173532,0.0018017292022705078
196942,normal,199,0,1782360959.1194808,0.0021276473999023438
196943,normal,1233,0,1782360959.121494,0.0020132064819335938
196944,normal,2687,0,1782360959.1233313,0.0018372535705566406
196945,normal,1329,1,1782360959.125484,0.002152681350708008
196946,normal,2246,0,1782360959.1275496,0.0020656585693359375
196947,normal,395,0,1782360959.1293314,0.0017817020416259766
196948,normal,1789,0,1782360959.1315322,0.0022008419036865234
196949,normal,3605,0,1782360959.133378,0.0018458366394042969
196950,normal,679,0,1782360959.135715,0.0023369789123535156
196951,normal,3677,0,1782360959.13738,0.001664876937866211
196952,normal,3030,0,1782360959.1396103,0.002230405807495117
196953,normal,3068,1,1782360959.141529,0.001918792724609375
196954,normal,2163,0,1782360959.1433535,0.0018243789672851562
196955,normal,3625,0,1782360959.145529,0.002175569534301758
196956,normal,1053,0,1782360959.1473894,0.0018603801727294922
196957,normal,2148,0,1782360959.1494665,0.0020771026611328125
196958,normal,1834,0,1782360959.1514919,0.0020253658294677734
196959,normal,187,0,1782360959.153331,0.0018391609191894531
196960,normal,216,0,1782360959.155489,0.002157926559448242
196961,normal,101,0,1782360959.1574836,0.001994609832763672
196962,normal,2556,0,1782360959.1593287,0.0018451213836669922
196963,normal,308,0,1782360959.1614811,0.0021524429321289062
196964,normal,1181,0,1782360959.163483,0.0020017623901367188
196965,normal,2426,0,1782360959.1653361,0.0018532276153564453
196966,normal,2076,0,1782360959.1674795,0.002143383026123047
196967,normal,3377,1,1782360959.1694863,0.0020067691802978516
196968,normal,1247,0,1782360959.171332,0.0018455982208251953
196969,normal,1428,0,1782360959.1734834,0.0021514892578125
196970,normal,1805,0,1782360959.1754858,0.0020024776458740234
196971,normal,2891,0,1782360959.1773305,0.001844644546508789
196972,normal,2718,0,1782360959.1794815,0.002151012420654297
196973,normal,2542,0,1782360959.1814833,0.0020017623901367188
196974,normal,2366,0,1782360959.1833308,0.0018475055694580078
196975,normal,1014,2,1782360959.1854813,0.0021505355834960938
196976,normal,3634,0,1782360959.1874824,0.002001047134399414
196977,normal,1842,0,1782360959.189323,0.0018405914306640625
196978,normal,1683,0,1782360959.191489,0.0021660327911376953
196979,normal,2169,0,1782360959.1933343,0.0018453598022460938
196980,normal,3324,1,1782360959.1953335,0.0019991397857666016
196981,normal,553,0,1782360959.1974838,0.002150297164916992
196982,normal,2289,0,1782360959.199521,0.0020372867584228516
196983,normal,3183,1,1782360959.2013297,0.0018086433410644531
196984,normal,195,0,1782360959.2034853,0.0021555423736572266
196985,normal,2712,0,1782360959.205488,0.002002716064453125
196986,normal,3121,1,1782360959.2073355,0.0018475055694580078
196987,normal,3628,0,1782360959.2094736,0.0021381378173828125
196988,normal,102,0,1782360959.211487,0.0020134449005126953
196989,normal,3312,1,1782360959.2133286,0.0018415451049804688
196990,normal,1713,0,1782360959.2154865,0.002157926559448242
196991,normal,3161,1,1782360959.2174845,0.0019979476928710938
196992,normal,2408,0,1782360959.2193289,0.0018444061279296875
196993,normal,3383,1,1782360959.221483,0.002154111862182617
196994,normal,56,0,1782360959.223482,0.0019989013671875
196995,normal,2968,0,1782360959.2253327,0.0018508434295654297
196996,normal,3250,1,1782360959.2274842,0.0021514892578125
196997,normal,509,0,1782360959.2294834,0.0019991397857666016
196998,normal,2509,0,1782360959.231371,0.0018875598907470703
196999,normal,1396,0,1782360959.2334776,0.0021066665649414062
197000,normal,2083,0,1782360959.2354805,0.0020029544830322266
197001,normal,2292,0,1782360959.2373312,0.0018506050109863281
197002,normal,1860,0,1782360959.2394872,0.0021560192108154297
197003,normal,1209,0,1782360959.241485,0.0019979476928710938
197004,normal,523,0,1782360959.2433348,0.0018496513366699219
197005,normal,763,0,1782360959.245486,0.0021512508392333984
197006,normal,1193,0,1782360959.2474918,0.0020058155059814453
197007,normal,3143,1,1782360959.2493296,0.0018377304077148438
197008,normal,796,2,1782360959.2515166,0.002187013626098633
197009,normal,2181,0,1782360959.2535,0.0019834041595458984
197010,normal,2277,0,1782360959.2553523,0.001852273941040039
197011,normal,2124,0,1782360959.2574892,0.0021369457244873047
197012,normal,2288,0,1782360959.2594855,0.001996278762817383
197013,normal,2125,0,1782360959.2613316,0.0018460750579833984
197014,normal,2510,0,1782360959.2634804,0.002148866653442383
197015,normal,1991,0,1782360959.265485,0.0020046234130859375
197016,normal,456,0,1782360959.2673316,0.0018465518951416016
197017,normal,2886,0,1782360959.2694814,0.002149820327758789
197018,normal,2824,0,1782360959.271514,0.0020325183868408203
197019,normal,695,0,1782360959.2733288,0.0018148422241210938
197020,normal,1567,0,1782360959.275482,0.002153158187866211
197021,normal,3117,1,1782360959.2774827,0.0020008087158203125
197022,normal,1159,0,1782360959.27933,0.0018472671508789062
197023,normal,1559,0,1782360959.281483,0.0021529197692871094
197024,normal,482,0,1782360959.2834866,0.0020036697387695312
197025,normal,1114,0,1782360959.28533,0.0018434524536132812
197026,normal,2517,0,1782360959.2874835,0.0021533966064453125
197027,normal,1672,0,1782360959.289481,0.0019974708557128906
197028,normal,571,0,1782360959.2913318,0.0018508434295654297
197029,normal,2629,0,1782360959.2934866,0.002154827117919922
197030,normal,2758,0,1782360959.295486,0.001999378204345703
197031,normal,3535,0,1782360959.29733,0.0018439292907714844
197032,normal,3190,1,1782360959.2993312,0.0020012855529785156
197033,normal,3101,1,1782360959.3014865,0.002155303955078125
197034,normal,1089,0,1782360959.303329,0.001842498779296875
197035,normal,2406,0,1782360959.3054845,0.0021555423736572266
197036,normal,2757,0,1782360959.3074841,0.0019996166229248047
197037,normal,3097,1,1782360959.3093307,0.0018465518951416016
197038,normal,256,0,1782360959.3114827,0.002151966094970703
197039,normal,1469,0,1782360959.3134859,0.002003192901611328
197040,normal,863,2,1782360959.3153296,0.0018436908721923828
197041,normal,1372,1,1782360959.3175128,0.002183198928833008
197042,normal,841,2,1782360959.3193786,0.0018658638000488281
197043,normal,2371,0,1782360959.321483,0.0021042823791503906
197044,normal,1368,1,1782360959.3233306,0.0018477439880371094
197045,normal,3612,0,1782360959.3254852,0.0021545886993408203
197046,normal,2849,0,1782360959.3273323,0.0018470287322998047
197047,normal,3306,1,1782360959.3294804,0.002148151397705078
197048,normal,295,0,1782360959.3314834,0.0020029544830322266
197049,normal,3154,1,1782360959.3333306,0.0018472671508789062
197050,normal,2965,0,1782360959.3354845,0.0021538734436035156
197051,normal,644,0,1782360959.3374848,0.0020003318786621094
197052,normal,1273,0,1782360959.3393302,0.0018453598022460938
197053,normal,2898,0,1782360959.3414798,0.0021495819091796875
197054,normal,1921,0,1782360959.3434799,0.002000093460083008
197055,normal,949,2,1782360959.3453317,0.001851797103881836
197056,normal,2762,0,1782360959.347514,0.0021822452545166016
197057,normal,2793,0,1782360959.3493364,0.0018224716186523438
197058,normal,1228,0,1782360959.3513405,0.0020041465759277344
197059,normal,346,0,1782360959.3535244,0.0021839141845703125
197060,normal,3141,1,1782360959.3553948,0.0018703937530517578
197061,normal,1437,0,1782360959.3574793,0.002084493637084961
197062,normal,1398,0,1782360959.3593311,0.001851797103881836
197063,normal,2533,0,1782360959.3614972,0.0021660327911376953
197064,normal,103,0,1782360959.3633316,0.0018343925476074219
197065,normal,2651,0,1782360959.3654823,0.0021507740020751953
197066,normal,3475,0,1782360959.3675003,0.002017974853515625
197067,normal,1133,0,1782360959.3693545,0.0018541812896728516
197068,normal,1763,0,1782360959.3714893,0.0021347999572753906
197069,normal,1512,0,1782360959.373487,0.001997709274291992
197070,normal,2480,0,1782360959.37534,0.0018529891967773438
197071,normal,775,2,1782360959.3774803,0.0021402835845947266
197072,normal,2350,0,1782360959.3794858,0.0020055770874023438
197073,normal,693,0,1782360959.3813386,0.0018527507781982422
197074,normal,2931,0,1782360959.3834813,0.002142667770385742
197075,normal,2838,0,1782360959.385486,0.0020046234130859375
197076,normal,3551,0,1782360959.3873332,0.0018472671508789062
197077,normal,3339,1,1782360959.3894854,0.0021522045135498047
197078,normal,388,0,1782360959.3914833,0.0019979476928710938
197079,normal,1197,0,1782360959.393337,0.0018537044525146484
197080,normal,3241,1,1782360959.3954997,0.0021626949310302734
197081,normal,2550,0,1782360959.397483,0.0019834041595458984
197082,normal,901,2,1782360959.3993473,0.0018641948699951172
197083,normal,3663,0,1782360959.4014857,0.002138376235961914
197084,normal,2278,0,1782360959.4034822,0.0019965171813964844
197085,normal,2337,0,1782360959.405331,0.0018486976623535156
197086,normal,1068,0,1782360959.4074845,0.002153635025024414
197087,normal,903,2,1782360959.4094827,0.0019981861114501953
197088,normal,113,0,1782360959.4113295,0.0018467903137207031
197089,normal,3012,0,1782360959.413481,0.0021514892578125
197090,normal,1177,0,1782360959.415486,0.0020051002502441406
197091,normal,2315,0,1782360959.4173281,0.0018420219421386719
197092,normal,2230,0,1782360959.4194863,0.0021581649780273438
197093,normal,280,0,1782360959.421485,0.0019986629486083984
197094,normal,2710,0,1782360959.4233282,0.0018432140350341797
197095,normal,2727,0,1782360959.4254873,0.00215911865234375
197096,normal,648,0,1782360959.4274848,0.0019974708557128906
197097,normal,2122,0,1782360959.429333,0.0018482208251953125
197098,normal,486,0,1782360959.4314952,0.0021622180938720703
197099,normal,3421,0,1782360959.4335773,0.0020821094512939453
197100,normal,2033,0,1782360959.4353287,0.0017514228820800781
197101,normal,476,0,1782360959.4374866,0.002157926559448242
197102,normal,2976,0,1782360959.439494,0.0020072460174560547
197103,normal,1439,0,1782360959.4413302,0.0018362998962402344
197104,normal,3644,0,1782360959.4434857,0.0021555423736572266
197105,normal,761,0,1782360959.4454834,0.001997709274291992
197106,normal,1863,0,1782360959.4473286,0.0018451213836669922
197107,normal,1534,0,1782360959.4494877,0.00215911865234375
197108,normal,226,0,1782360959.4513369,0.0018491744995117188
197109,normal,2833,0,1782360959.4534822,0.0021452903747558594
197110,normal,2707,0,1782360959.455328,0.0018458366394042969
197111,normal,3376,1,1782360959.4574866,0.002158641815185547
197112,normal,3237,1,1782360959.459361,0.0018744468688964844
197113,normal,2392,0,1782360959.4614823,0.0021212100982666016
197114,normal,1464,0,1782360959.4634876,0.002005338668823242
197115,normal,23,0,1782360959.4653318,0.001844167709350586
197116,normal,3256,1,1782360959.4674833,0.0021514892578125
197117,normal,2274,0,1782360959.4694862,0.0020029544830322266
197118,normal,2890,0,1782360959.471331,0.001844644546508789
197119,normal,533,0,1782360959.4734826,0.0021517276763916016
197120,normal,2100,0,1782360959.4754868,0.0020041465759277344
197121,normal,35,0,1782360959.4773371,0.0018503665924072266
197122,normal,660,0,1782360959.4794905,0.0021533966064453125
197123,normal,2404,0,1782360959.4814875,0.0019969940185546875
197124,normal,2065,0,1782360959.4833329,0.0018453598022460938
197125,normal,3166,1,1782360959.4854884,0.0021555423736572266
197126,normal,2290,0,1782360959.4874837,0.0019953250885009766
197127,normal,3226,1,1782360959.4893322,0.001848459243774414
197128,normal,2380,0,1782360959.4914877,0.0021555423736572266
197129,normal,866,2,1782360959.4934871,0.001999378204345703
197130,normal,1097,0,1782360959.495333,0.0018458366394042969
197131,normal,877,2,1782360959.497488,0.0021550655364990234
197132,normal,3469,0,1782360959.499494,0.002006053924560547
197133,normal,1531,0,1782360959.5013301,0.0018360614776611328
197134,normal,3579,0,1782360959.5034945,0.0021643638610839844
197135,normal,3470,0,1782360959.5054874,0.001992940902709961
197136,normal,1152,0,1782360959.5073307,0.0018432140350341797
197137,normal,3111,1,1782360959.5094945,0.0021638870239257812
197138,normal,1027,2,1782360959.5116572,0.0021626949310302734
197139,normal,1129,0,1782360959.513333,0.0016758441925048828
197140,normal,768,0,1782360959.5154824,0.002149343490600586
197141,normal,3344,1,1782360959.5174913,0.0020089149475097656
197142,normal,90,0,1782360959.519644,0.002152681350708008
197143,normal,1430,0,1782360959.5218084,0.0021643638610839844
197144,normal,1420,0,1782360959.5234988,0.0016903877258300781
197145,normal,2870,0,1782360959.5253816,0.001882791519165039
197146,normal,2878,0,1782360959.527545,0.002163410186767578
197147,normal,2551,0,1782360959.5293932,0.0018482208251953125
197148,normal,1910,0,1782360959.5313652,0.0019719600677490234
197149,normal,2796,0,1782360959.533475,0.0021097660064697266
197150,normal,2909,0,1782360959.5355322,0.002057313919067383
197151,normal,2588,0,1782360959.5373344,0.001802206039428711
197152,normal,1897,0,1782360959.5394819,0.0021474361419677734
197153,normal,105,0,1782360959.5414867,0.002004861831665039
197154,normal,1270,0,1782360959.54333,0.0018432140350341797
197155,normal,51,0,1782360959.5454845,0.0021545886993408203
197156,normal,3611,0,1782360959.54749,0.002005338668823242
197157,normal,1018,2,1782360959.5493321,0.0018422603607177734
197158,normal,1020,2,1782360959.5514863,0.002154111862182617
197159,normal,1533,0,1782360959.5534904,0.0020041465759277344
197160,normal,3284,1,1782360959.5553381,0.0018477439880371094
197161,normal,2105,0,1782360959.5575054,0.002167224884033203
197162,normal,2444,0,1782360959.5594852,0.001979827880859375
197163,normal,3467,0,1782360959.5613322,0.0018470287322998047
197164,normal,2332,0,1782360959.5634797,0.0021474361419677734
197165,normal,2232,0,1782360959.565487,0.0020072460174560547
197166,normal,305,0,1782360959.5673409,0.00185394287109375
197167,normal,1855,0,1782360959.5694811,0.0021402835845947266
197168,normal,3221,1,1782360959.5714862,0.0020051002502441406
197169,normal,3462,0,1782360959.5733333,0.0018470287322998047
197170,normal,1609,0,1782360959.5754826,0.002149343490600586
197171,normal,22,0,1782360959.5774848,0.002002239227294922
197172,normal,2700,0,1782360959.5793326,0.0018477439880371094
197173,normal,469,0,1782360959.5814862,0.002153635025024414
197174,normal,358,0,1782360959.583482,0.0019958019256591797
197175,normal,971,2,1782360959.5853314,0.0018494129180908203
197176,normal,201,0,1782360959.5874863,0.002154827117919922
197177,normal,424,0,1782360959.5894854,0.0019991397857666016
197178,normal,738,0,1782360959.5913324,0.0018470287322998047
197179,normal,3112,1,1782360959.5935035,0.002171039581298828
197180,normal,2505,0,1782360959.5954912,0.0019876956939697266
197181,normal,917,2,1782360959.597334,0.0018427371978759766
197182,normal,1071,0,1782360959.5994902,0.0021562576293945312
197183,normal,2888,0,1782360959.6014853,0.001995086669921875
197184,normal,3426,0,1782360959.6033313,0.0018460750579833984
197185,normal,228,0,1782360959.6054847,0.0021533966064453125
197186,normal,2280,0,1782360959.6074827,0.0019979476928710938
197187,normal,3550,0,1782360959.6093316,0.0018489360809326172
197188,normal,73,0,1782360959.611487,0.002155303955078125
197189,normal,1784,0,1782360959.6134846,0.001997709274291992
197190,normal,3300,1,1782360959.6153316,0.0018470287322998047
197191,normal,2053,0,1782360959.6174893,0.0021576881408691406
197192,normal,1371,1,1782360959.6194987,0.0020093917846679688
197193,normal,792,2,1782360959.6213326,0.0018339157104492188
197194,normal,3608,0,1782360959.6234984,0.0021657943725585938
197195,normal,1108,0,1782360959.6254892,0.001990795135498047
197196,normal,3416,0,1782360959.6273303,0.0018410682678222656
197197,normal,3401,1,1782360959.6294875,0.0021572113037109375
197198,normal,1803,0,1782360959.6314988,0.0020112991333007812
197199,normal,3153,1,1782360959.633343,0.001844167709350586
197200,normal,1889,0,1782360959.635484,0.0021409988403320312
197201,normal,1934,0,1782360959.6374836,0.0019996166229248047
197202,normal,857,2,1782360959.6393335,0.0018498897552490234
197203,normal,320,0,1782360959.6414845,0.002151012420654297
197204,normal,1791,0,1782360959.6434867,0.002002239227294922
197205,normal,1418,0,1782360959.6453297,0.0018429756164550781
197206,normal,995,2,1782360959.6474857,0.0021560192108154297
197207,normal,1313,0,1782360959.649489,0.002003192901611328
197208,normal,1907,0,1782360959.6513295,0.0018405914306640625
197209,normal,1866,0,1782360959.653498,0.002168416976928711
197210,normal,621,0,1782360959.6554885,0.0019905567169189453
197211,normal,1577,0,1782360959.657329,0.0018405914306640625
197212,normal,3198,1,1782360959.659337,0.0020079612731933594
197213,normal,2797,0,1782360959.661493,0.0021560192108154297
197214,normal,804,2,1782360959.663334,0.001840829849243164
197215,normal,1654,0,1782360959.6654897,0.002155780792236328
197216,normal,2837,0,1782360959.667494,0.002004384994506836
197217,normal,2415,0,1782360959.6693351,0.0018410682678222656
197218,normal,1058,0,1782360959.6714914,0.0021562576293945312
197219,normal,2007,0,1782360959.6735015,0.0020101070404052734
197220,normal,1074,0,1782360959.6753347,0.001833200454711914
197221,normal,1515,0,1782360959.6774907,0.0021560192108154297
197222,normal,3637,0,1782360959.6794944,0.0020036697387695312
197223,normal,764,0,1782360959.6813412,0.0018467903137207031
197224,normal,930,2,1782360959.6834912,0.0021500587463378906
197225,normal,3129,1,1782360959.685488,0.001996755599975586
197226,normal,225,0,1782360959.6873379,0.0018498897552490234
197227,normal,3434,0,1782360959.6894956,0.0021576881408691406
197228,normal,3,0,1782360959.6914976,0.0020020008087158203
197229,normal,3445,0,1782360959.6933348,0.0018372535705566406
197230,normal,1032,0,1782360959.695492,0.0021572113037109375
197231,normal,2306,0,1782360959.6974914,0.001999378204345703
197232,normal,448,0,1782360959.6993346,0.0018432140350341797
197233,normal,746,0,1782360959.701494,0.0021593570709228516
197234,normal,2649,0,1782360959.7034922,0.0019981861114501953
197235,normal,2432,0,1782360959.7053363,0.001844167709350586
197236,normal,2310,0,1782360959.7074935,0.0021572113037109375
197237,normal,604,0,1782360959.7094905,0.0019969940185546875
197238,normal,1718,0,1782360959.7113392,0.0018486976623535156
197239,normal,124,0,1782360959.7134945,0.002155303955078125
197240,normal,613,0,1782360959.715491,0.0019965171813964844
197241,normal,3430,0,1782360959.717335,0.0018439292907714844
197242,normal,428,0,1782360959.719495,0.0021600723266601562
197243,normal,1669,0,1782360959.7214956,0.002000570297241211
197244,normal,2014,0,1782360959.723333,0.0018372535705566406
197245,normal,1070,0,1782360959.725493,0.0021600723266601562
197246,normal,1809,0,1782360959.7274933,0.0020003318786621094
197247,normal,99,0,1782360959.7293322,0.0018389225006103516
197248,normal,3199,1,1782360959.7314944,0.0021622180938720703
197249,normal,1265,0,1782360959.7334974,0.0020029544830322266
197250,normal,1673,0,1782360959.735332,0.0018346309661865234
197251,normal,1504,0,1782360959.737494,0.0021619796752929688
197252,normal,1244,0,1782360959.739494,0.002000093460083008
197253,normal,178,0,1782360959.7413332,0.0018391609191894531
197254,normal,2777,0,1782360959.7434928,0.002159595489501953
197255,normal,2384,0,1782360959.7454956,0.002002716064453125
197256,normal,1287,0,1782360959.7473323,0.0018367767333984375
197257,normal,161,0,1782360959.7494934,0.0021610260009765625
197258,normal,1870,0,1782360959.751505,0.002011537551879883
197259,normal,1128,0,1782360959.7533352,0.0018303394317626953
197260,normal,871,2,1782360959.7554927,0.002157449722290039
197261,normal,3060,1,1782360959.7574973,0.0020046234130859375
197262,normal,2068,0,1782360959.7593338,0.001836538314819336
197263,normal,988,2,1782360959.7614887,0.002154827117919922
197264,normal,2585,0,1782360959.763493,0.002004384994506836
197265,normal,269,0,1782360959.7653396,0.0018465518951416016
197266,normal,1845,0,1782360959.7674906,0.002151012420654297
197267,normal,3270,1,1782360959.769491,0.0020003318786621094
197268,normal,1403,0,1782360959.7713726,0.0018815994262695312
197269,normal,2788,0,1782360959.7734795,0.002106904983520508
197270,normal,2433,0,1782360959.7754903,0.002010822296142578
197271,normal,1399,0,1782360959.7773356,0.0018453598022460938
197272,normal,2884,0,1782360959.7794912,0.0021555423736572266
197273,normal,1300,0,1782360959.7814898,0.0019986629486083984
197274,normal,786,2,1782360959.783338,0.0018482208251953125
197275,normal,581,0,1782360959.7854877,0.0021495819091796875
197276,normal,3635,0,1782360959.7875018,0.00201416015625
197277,normal,1955,0,1782360959.78934,0.0018382072448730469
197278,normal,779,2,1782360959.7914858,0.0021457672119140625
197279,normal,1735,0,1782360959.7934914,0.0020055770874023438
197280,normal,2110,0,1782360959.7953312,0.0018398761749267578
197281,normal,1601,0,1782360959.797489,0.0021576881408691406
197282,normal,1343,1,1782360959.7994928,0.002003908157348633
197283,normal,818,2,1782360959.8013327,0.0018398761749267578
197284,normal,582,0,1782360959.8034885,0.002155780792236328
197285,normal,1473,0,1782360959.8054926,0.0020041465759277344
197286,normal,1165,0,1782360959.8073313,0.00183868408203125
197287,normal,2728,0,1782360959.8094866,0.002155303955078125
197288,normal,2570,0,1782360959.8114917,0.0020051002502441406
197289,normal,1096,0,1782360959.813331,0.0018391609191894531
197290,normal,724,0,1782360959.8154907,0.0021598339080810547
197291,normal,3089,1,1782360959.8174927,0.0020020008087158203
197292,normal,2564,0,1782360959.8193338,0.0018410682678222656
197293,normal,2619,0,1782360959.821485,0.0021512508392333984
197294,normal,750,0,1782360959.8234923,0.0020072460174560547
197295,normal,2084,0,1782360959.8253317,0.0018393993377685547
197296,normal,3086,1,1782360959.8274932,0.0021615028381347656
197297,normal,941,2,1782360959.8295531,0.0020599365234375
197298,normal,1134,0,1782360959.8313372,0.0017840862274169922
197299,normal,1695,0,1782360959.8334904,0.002153158187866211
197300,normal,1655,0,1782360959.835555,0.0020647048950195312
197301,normal,554,0,1782360959.8373322,0.0017771720886230469
197302,normal,770,0,1782360959.8394911,0.0021588802337646484
197303,normal,1413,0,1782360959.841493,0.0020017623901367188
197304,normal,2942,0,1782360959.8433306,0.0018377304077148438
197305,normal,1746,0,1782360959.8454924,0.002161741256713867
197306,normal,1636,0,1782360959.8474932,0.0020008087158203125
197307,normal,717,0,1782360959.8493302,0.001837015151977539
197308,normal,1221,0,1782360959.851489,0.0021588802337646484
197309,normal,2502,0,1782360959.8534904,0.0020012855529785156
197310,normal,234,0,1782360959.8553329,0.001842498779296875
197311,normal,1574,0,1782360959.8574874,0.0021545886993408203
197312,normal,1427,0,1782360959.8594894,0.0020020008087158203
197313,normal,619,0,1782360959.8613632,0.0018737316131591797
197314,normal,3584,0,1782360959.863486,0.0021228790283203125
197315,normal,241,0,1782360959.8654933,0.0020072460174560547
197316,normal,1883,0,1782360959.8673406,0.0018472671508789062
197317,normal,3702,0,1782360959.8694875,0.0021469593048095703
197318,normal,223,0,1782360959.871491,0.0020034313201904297
197319,normal,2915,0,1782360959.873334,0.0018429756164550781
197320,normal,3654,0,1782360959.8754878,0.0021538734436035156
197321,normal,744,0,1782360959.8774898,0.0020020008087158203
197322,normal,558,0,1782360959.8793344,0.001844644546508789
197323,normal,421,0,1782360959.8814914,0.002156972885131836
197324,normal,826,2,1782360959.8834877,0.001996278762817383
197325,normal,1112,0,1782360959.8853405,0.0018527507781982422
197326,normal,3209,1,1782360959.8874981,0.0021576881408691406
197327,normal,1379,1,1782360959.8894875,0.0019893646240234375
197328,normal,1350,1,1782360959.8913398,0.001852273941040039
197329,normal,1431,0,1782360959.8934898,0.0021500587463378906
197330,normal,2342,0,1782360959.8955789,0.0020890235900878906
197331,normal,441,0,1782360959.8973339,0.0017549991607666016
197332,normal,705,0,1782360959.8994923,0.0021584033966064453
197333,normal,3285,1,1782360959.9014888,0.0019965171813964844
197334,normal,2335,0,1782360959.903332,0.0018432140350341797
197335,normal,2003,0,1782360959.9054906,0.002158641815185547
197336,normal,2381,0,1782360959.9074981,0.0020074844360351562
197337,normal,641,0,1782360959.9093292,0.0018310546875
197338,normal,3528,0,1782360959.9114926,0.002163410186767578
197339,normal,2681,0,1782360959.9134881,0.001995563507080078
197340,normal,1532,0,1782360959.9153316,0.0018434524536132812
197341,normal,951,2,1782360959.917491,0.0021593570709228516
197342,normal,3223,1,1782360959.9194906,0.0019996166229248047
197343,normal,3631,0,1782360959.9213302,0.0018396377563476562
197344,normal,1712,0,1782360959.923493,0.0021626949310302734
197345,normal,1542,0,1782360959.925489,0.0019960403442382812
197346,normal,2842,0,1782360959.9273534,0.0018644332885742188
197347,normal,3514,0,1782360959.929489,0.0021355152130126953
197348,normal,2220,0,1782360959.9314916,0.002002716064453125
197349,normal,1028,2,1782360959.9333465,0.0018548965454101562
197350,normal,2241,0,1782360959.935488,0.0021414756774902344
197351,normal,1614,0,1782360959.9374938,0.0020058155059814453
197352,normal,2756,0,1782360959.9393349,0.0018410682678222656
197353,normal,1456,0,1782360959.9414883,0.0021533966064453125
197354,normal,1848,0,1782360959.9434922,0.002003908157348633
197355,normal,3025,0,1782360959.9453387,0.0018465518951416016
197356,normal,1438,0,1782360959.9474883,0.0021495819091796875
197357,normal,978,2,1782360959.9493344,0.0018460750579833984
197358,normal,512,0,1782360959.9513118,0.0019774436950683594
197359,normal,914,2,1782360959.9533286,0.002016782760620117
197360,normal,3502,0,1782360959.9552896,0.0019609928131103516
197361,normal,1205,0,1782360959.9572809,0.00199127197265625
197362,normal,650,0,1782360959.959335,0.0020542144775390625
197363,normal,220,0,1782360959.9614894,0.0021543502807617188
197364,normal,954,2,1782360959.9633303,0.001840829849243164
197365,normal,3658,0,1782360959.9654903,0.0021600723266601562
197366,normal,66,0,1782360959.9674957,0.002005338668823242
197367,normal,1549,0,1782360959.969332,0.0018362998962402344
197368,normal,2541,0,1782360959.9714916,0.002159595489501953
197369,normal,3043,0,1782360959.9734924,0.0020008087158203125
197370,normal,2328,0,1782360959.9753342,0.0018417835235595703
197371,normal,54,0,1782360959.9778526,0.0025184154510498047
197372,normal,2573,0,1782360959.9794912,0.001638650894165039
197373,normal,1234,0,1782360959.9813354,0.001844167709350586
197374,normal,2867,0,1782360959.9834938,0.0021584033966064453
197375,normal,1769,0,1782360959.9855003,0.00200653076171875
197376,normal,3599,0,1782360959.9873347,0.0018343925476074219
197377,normal,2609,0,1782360959.9894915,0.0021567344665527344
197378,normal,398,0,1782360959.9914904,0.0019989013671875
197379,normal,2496,0,1782360959.9933302,0.0018398761749267578
197380,normal,3167,1,1782360959.9954948,0.002164602279663086
197381,normal,2773,0,1782360959.9974976,0.002002716064453125
197382,normal,1867,0,1782360960.0002797,0.002782106399536133
197383,normal,2598,0,1782360960.001333,0.0010533332824707031
197384,normal,3437,0,1782360960.003496,0.002162933349609375
197385,normal,176,0,1782360960.0053332,0.0018372535705566406
197386,normal,2486,0,1782360960.0074906,0.002157449722290039
197387,normal,447,0,1782360960.0094981,0.0020074844360351562
197388,normal,2362,0,1782360960.011335,0.0018367767333984375
197389,normal,3336,1,1782360960.0134978,0.002162933349609375
197390,normal,146,0,1782360960.0153308,0.0018329620361328125
197391,normal,561,0,1782360960.0174913,0.0021605491638183594
197392,normal,875,2,1782360960.0193262,0.001834869384765625
197393,normal,1945,0,1782360960.0215044,0.002178192138671875
197394,normal,1571,0,1782360960.02334,0.0018355846405029297
197395,normal,1948,0,1782360960.0254927,0.002152681350708008
197396,normal,778,2,1782360960.027333,0.001840353012084961
197397,normal,1651,0,1782360960.0293348,0.0020017623901367188
197398,normal,1017,2,1782360960.0314934,0.002158641815185547
197399,normal,1482,0,1782360960.0335138,0.0020203590393066406
197400,normal,3578,0,1782360960.0353372,0.00182342529296875
197401,normal,2049,0,1782360960.0374928,0.0021555423736572266
197402,normal,3674,0,1782360960.0394897,0.0019969940185546875
197403,normal,1045,0,1782360960.041332,0.0018422603607177734
197404,normal,2147,0,1782360960.0434852,0.002153158187866211
197405,normal,1689,0,1782360960.0455031,0.002017974853515625
197406,normal,1069,0,1782360960.0473356,0.0018324851989746094
197407,normal,1686,0,1782360960.0494852,0.0021495819091796875
197408,normal,3439,0,1782360960.0514925,0.0020072460174560547
197409,normal,1947,0,1782360960.0533333,0.001840829849243164
197410,normal,2367,0,1782360960.0554848,0.0021514892578125
197411,normal,574,0,1782360960.0574923,0.0020074844360351562
197412,normal,1557,0,1782360960.059336,0.0018436908721923828
197413,normal,3361,1,1782360960.0614948,0.0021588802337646484
197414,normal,472,0,1782360960.063553,0.002058267593383789
197415,normal,753,0,1782360960.0653334,0.0017802715301513672
197416,normal,1877,0,1782360960.0674863,0.0021529197692871094
197417,normal,2970,0,1782360960.0694952,0.0020089149475097656
197418,normal,1536,0,1782360960.0713327,0.0018374919891357422
197419,normal,898,2,1782360960.073487,0.0021543502807617188
197420,normal,2918,0,1782360960.0754936,0.00200653076171875
197421,normal,1524,0,1782360960.0773323,0.00183868408203125
197422,normal,2785,0,1782360960.0793328,0.002000570297241211
197423,normal,2671,0,1782360960.0814917,0.0021588802337646484
197424,normal,2641,0,1782360960.0833292,0.0018374919891357422
197425,normal,262,0,1782360960.0854864,0.0021572113037109375
197426,normal,1401,0,1782360960.0874913,0.002004861831665039
197427,normal,2696,0,1782360960.0893297,0.0018384456634521484
197428,normal,2281,0,1782360960.091488,0.0021581649780273438
197429,normal,3474,0,1782360960.0934918,0.002003908157348633
197430,normal,839,2,1782360960.0953338,0.0018420219421386719
197431,normal,1220,0,1782360960.0974889,0.0021550655364990234
197432,normal,1136,0,1782360960.0994937,0.002004861831665039
197433,normal,2905,0,1782360960.1013381,0.0018444061279296875
197434,normal,2176,0,1782360960.1033506,0.002012491226196289
197435,normal,2947,0,1782360960.1054962,0.002145528793334961
197436,normal,137,0,1782360960.1073315,0.0018353462219238281
197437,normal,3542,0,1782360960.1093338,0.002002239227294922
197438,normal,3399,1,1782360960.1113355,0.0020017623901367188
197439,normal,2071,0,1782360960.113332,0.0019965171813964844
197440,normal,2206,0,1782360960.1153345,0.0020024776458740234
197441,normal,846,2,1782360960.1174886,0.002154111862182617
197442,normal,3346,1,1782360960.1193547,0.0018661022186279297
197443,normal,235,0,1782360960.1223466,0.002991914749145508
197444,normal,3517,0,1782360960.1232996,0.0009529590606689453
197445,normal,3028,0,1782360960.1252878,0.0019881725311279297
197446,normal,1833,0,1782360960.1272838,0.0019960403442382812
197447,normal,1012,2,1782360960.129308,0.0020241737365722656
197448,normal,1252,0,1782360960.1313846,0.0020766258239746094
197449,normal,1132,0,1782360960.1332834,0.0018987655639648438
197450,normal,1342,1,1782360960.135306,0.0020225048065185547
197451,normal,589,0,1782360960.1373188,0.002012968063354492
197452,normal,874,2,1782360960.1392803,0.0019614696502685547
197453,normal,1138,0,1782360960.1412916,0.0020112991333007812
197454,normal,1755,0,1782360960.1433873,0.0020956993103027344
197455,normal,1814,0,1782360960.1452844,0.0018970966339111328
197456,normal,204,0,1782360960.147387,0.0021026134490966797
197457,normal,3058,1,1782360960.149302,0.00191497802734375
197458,normal,239,0,1782360960.151282,0.0019800662994384766
197459,normal,2579,0,1782360960.1533766,0.0020945072174072266
197460,normal,2776,0,1782360960.1552823,0.001905679702758789
197461,normal,2860,0,1782360960.1572819,0.0019996166229248047
197462,normal,3516,0,1782360960.1593783,0.002096414566040039
197463,normal,3587,0,1782360960.1612802,0.001901865005493164
197464,normal,1172,0,1782360960.163279,0.0019989013671875
197465,normal,3684,0,1782360960.1654842,0.0022051334381103516
197466,normal,2272,0,1782360960.1673338,0.0018496513366699219
197467,normal,906,2,1782360960.1693397,0.0020058155059814453
197468,normal,1468,0,1782360960.1713338,0.0019941329956054688
197469,normal,3077,1,1782360960.173487,0.002153158187866211
197470,normal,347,0,1782360960.1753328,0.0018458366394042969
197471,normal,627,0,1782360960.1773322,0.001999378204345703
197472,normal,1167,0,1782360960.179337,0.002004861831665039
197473,normal,1911,0,1782360960.18133,0.001992940902709961
197474,normal,2196,0,1782360960.1834867,0.0021567344665527344
197475,normal,159,0,1782360960.1853335,0.0018467903137207031
197476,normal,57,0,1782360960.187332,0.001998424530029297
197477,normal,1150,0,1782360960.189352,0.002020120620727539
197478,normal,185,0,1782360960.1914968,0.0021448135375976562
197479,normal,1186,0,1782360960.1933334,0.001836538314819336
197480,normal,1119,0,1782360960.1953313,0.0019979476928710938
197481,normal,3254,1,1782360960.1974888,0.002157449722290039
197482,normal,638,0,1782360960.199334,0.0018451213836669922
197483,normal,832,2,1782360960.2014844,0.0021505355834960938
197484,normal,3142,1,1782360960.2033324,0.001847982406616211
197485,normal,2956,0,1782360960.2053344,0.0020020008087158203
197486,normal,3549,0,1782360960.207333,0.0019986629486083984
197487,normal,379,0,1782360960.2094874,0.0021543502807617188
197488,normal,1710,0,1782360960.2113326,0.0018451213836669922
197489,normal,2990,0,1782360960.2134225,0.002089977264404297
197490,normal,2120,0,1782360960.215516,0.0020935535430908203
197491,normal,2571,0,1782360960.2173383,0.0018222332000732422
197492,normal,1622,0,1782360960.219496,0.0021576881408691406
197493,normal,3277,1,1782360960.2213356,0.0018396377563476562
197494,normal,2922,0,1782360960.2233346,0.0019989013671875
197495,normal,164,0,1782360960.2253323,0.001997709274291992
197496,normal,1183,0,1782360960.227489,0.0021567344665527344
197497,normal,1238,0,1782360960.2293334,0.0018444061279296875
197498,normal,2283,0,1782360960.2315233,0.0021898746490478516
197499,normal,1480,0,1782360960.233334,0.0018107891082763672
197500,normal,813,2,1782360960.2354944,0.002160310745239258
197501,normal,3670,0,1782360960.2374892,0.0019948482513427734
197502,normal,3444,0,1782360960.2393308,0.0018415451049804688
197503,normal,2734,0,1782360960.2414994,0.0021686553955078125
197504,normal,1153,0,1782360960.243492,0.001992464065551758
197505,normal,1056,0,1782360960.2453327,0.001840829849243164
197506,normal,1904,0,1782360960.247496,0.0021631717681884766
197507,normal,2339,0,1782360960.249493,0.0019969940185546875
197508,normal,13,0,1782360960.251342,0.0018491744995117188
197509,normal,1490,0,1782360960.2534926,0.0021505355834960938
197510,normal,3365,1,1782360960.2553341,0.0018415451049804688
197511,normal,3490,0,1782360960.2574897,0.0021555423736572266
197512,normal,1908,0,1782360960.259336,0.0018463134765625
197513,normal,919,2,1782360960.2614918,0.002155780792236328
197514,normal,3078,1,1782360960.2633305,0.00183868408203125
197515,normal,2482,0,1782360960.2653337,0.002003192901611328
197516,normal,2935,0,1782360960.267501,0.0021674633026123047
197517,normal,2456,0,1782360960.2693317,0.0018305778503417969
197518,normal,464,0,1782360960.2714972,0.002165555953979492
197519,normal,1324,1,1782360960.273494,0.001996755599975586
197520,normal,255,0,1782360960.2753367,0.0018427371978759766
197521,normal,2303,0,1782360960.2774928,0.0021560192108154297
197522,normal,1668,0,1782360960.2795348,0.002042055130004883
197523,normal,2627,0,1782360960.2813342,0.0017993450164794922
197524,normal,3382,1,1782360960.2834918,0.0021576881408691406
197525,normal,2061,0,1782360960.2854917,0.0019998550415039062
197526,normal,1525,0,1782360960.2873325,0.001840829849243164
197527,normal,1272,0,1782360960.289491,0.0021584033966064453
197528,normal,1931,0,1782360960.2914953,0.002004384994506836
197529,normal,2364,0,1782360960.2933326,0.0018372535705566406
197530,normal,2545,0,1782360960.2954934,0.002160787582397461
197531,normal,1392,0,1782360960.2974977,0.002004384994506836
197532,normal,2427,0,1782360960.2993324,0.0018346309661865234
197533,normal,916,2,1782360960.3014927,0.002160310745239258
197534,normal,1347,1,1782360960.3034904,0.001997709274291992
197535,normal,2361,0,1782360960.3053331,0.0018427371978759766
197536,normal,2612,0,1782360960.3074913,0.0021581649780273438
197537,normal,2162,0,1782360960.3094885,0.001997232437133789
197538,normal,1286,0,1782360960.3113344,0.0018458366394042969
197539,normal,132,0,1782360960.3134906,0.0021562576293945312
197540,normal,1869,0,1782360960.3153362,0.0018455982208251953
197541,normal,155,0,1782360960.3173337,0.0019974708557128906
197542,normal,1242,0,1782360960.319492,0.0021584033966064453
197543,normal,1122,0,1782360960.3214939,0.0020017623901367188
197544,normal,758,0,1782360960.3233304,0.001836538314819336
197545,normal,2064,0,1782360960.3254926,0.0021622180938720703
197546,normal,38,0,1782360960.327496,0.0020034313201904297
197547,normal,3558,0,1782360960.3293312,0.0018351078033447266
197548,normal,2791,0,1782360960.3315089,0.002177715301513672
197549,normal,885,2,1782360960.3334935,0.0019845962524414062
197550,normal,2089,0,1782360960.335336,0.001842498779296875
197551,normal,1747,0,1782360960.3374913,0.002155303955078125
197552,normal,1972,0,1782360960.3394957,0.002004384994506836
197553,normal,3648,0,1782360960.3413298,0.0018341541290283203
197554,normal,300,0,1782360960.3434942,0.0021643638610839844
197555,normal,3139,1,1782360960.3454928,0.0019986629486083984
197556,normal,1880,0,1782360960.3473558,0.0018630027770996094
197557,normal,1061,0,1782360960.3495271,0.0021712779998779297
197558,normal,637,0,1782360960.351304,0.0017769336700439453
197559,normal,3642,0,1782360960.3532841,0.0019800662994384766
197560,normal,1295,0,1782360960.3555202,0.0022361278533935547
197561,normal,3055,1,1782360960.3573315,0.0018112659454345703
197562,normal,3175,1,1782360960.3594806,0.0021491050720214844
197563,normal,2195,0,1782360960.3613372,0.0018565654754638672
197564,normal,1800,0,1782360960.3634934,0.0021562576293945312
197565,normal,3433,0,1782360960.365332,0.0018384456634521484
197566,normal,654,0,1782360960.3674958,0.0021638870239257812
197567,normal,2253,0,1782360960.3695078,0.002012014389038086
197568,normal,1989,0,1782360960.3713355,0.0018277168273925781
197569,normal,2402,0,1782360960.3735058,0.0021703243255615234
197570,normal,2160,0,1782360960.3754978,0.0019919872283935547
197571,normal,2518,0,1782360960.3773344,0.001836538314819336
197572,normal,968,2,1782360960.3794968,0.002162456512451172
197573,normal,2716,0,1782360960.381501,0.0020041465759277344
197574,normal,1739,0,1782360960.3833332,0.0018322467803955078
197575,normal,2158,0,1782360960.3854942,0.0021610260009765625
197576,normal,1620,0,1782360960.3874946,0.0020003318786621094
197577,normal,1623,0,1782360960.3893309,0.0018362998962402344
197578,normal,1185,0,1782360960.3914976,0.002166748046875
197579,normal,3574,0,1782360960.3934963,0.0019986629486083984
197580,normal,1503,0,1782360960.3953424,0.0018460750579833984
197581,normal,215,0,1782360960.3974953,0.0021529197692871094
197582,normal,3681,0,1782360960.399495,0.0019996166229248047
197583,normal,1522,0,1782360960.4013357,0.001840829849243164
197584,normal,481,0,1782360960.403338,0.002002239227294922
197585,normal,1106,0,1782360960.4055095,0.0021715164184570312
197586,normal,494,0,1782360960.4073322,0.0018227100372314453
197587,normal,427,0,1782360960.4094973,0.002165079116821289
197588,normal,2013,0,1782360960.4114919,0.001994609832763672
197589,normal,1305,0,1782360960.413337,0.0018451213836669922
197590,normal,3204,1,1782360960.415498,0.0021610260009765625
197591,normal,3417,0,1782360960.4174943,0.001996278762817383
197592,normal,1630,0,1782360960.4193337,0.0018393993377685547
197593,normal,1828,0,1782360960.4214978,0.002164125442504883
197594,normal,2654,0,1782360960.4235272,0.0020294189453125
197595,normal,2784,0,1782360960.4253347,0.0018074512481689453
197596,normal,3562,0,1782360960.4274976,0.002162933349609375
197597,normal,2638,0,1782360960.4294977,0.002000093460083008
197598,normal,3213,1,1782360960.4313304,0.001832723617553711
197599,normal,95,0,1782360960.4334981,0.0021677017211914062
197600,normal,2333,0,1782360960.4354968,0.0019986629486083984
197601,normal,1498,0,1782360960.4373324,0.0018355846405029297
197602,normal,3576,0,1782360960.4394982,0.0021657943725585938
197603,normal,975,2,1782360960.4414968,0.0019986629486083984
197604,normal,2626,0,1782360960.4433334,0.001836538314819336
197605,normal,2142,0,1782360960.4453413,0.0020079612731933594
197606,normal,2221,0,1782360960.4474967,0.002155303955078125
197607,normal,2906,0,1782360960.449332,0.0018353462219238281
197608,normal,3000,0,1782360960.4514928,0.002160787582397461
197609,normal,1148,0,1782360960.4535046,0.0020117759704589844
197610,normal,2309,0,1782360960.45533,0.0018253326416015625
197611,normal,2808,0,1782360960.457499,0.0021691322326660156
197612,normal,2144,0,1782360960.459494,0.001995086669921875
197613,normal,699,0,1782360960.461331,0.0018367767333984375
197614,normal,588,0,1782360960.4634976,0.002166748046875
197615,normal,809,2,1782360960.4654968,0.0019991397857666016
197616,normal,734,0,1782360960.4673302,0.0018334388732910156
197617,normal,3294,1,1782360960.4694998,0.0021696090698242188
197618,normal,3588,0,1782360960.4715037,0.002003908157348633
197619,normal,1665,0,1782360960.4733303,0.0018265247344970703
197620,normal,2353,0,1782360960.475534,0.002203702926635742
197621,normal,3676,0,1782360960.4773417,0.0018076896667480469
197622,normal,1793,0,1782360960.4794874,0.0021457672119140625
197623,normal,1502,0,1782360960.48134,0.0018525123596191406
197624,normal,1993,0,1782360960.4834938,0.0021538734436035156
197625,normal,384,0,1782360960.4853323,0.0018384456634521484
197626,normal,774,2,1782360960.4875004,0.0021681785583496094
197627,normal,620,0,1782360960.4894962,0.0019958019256591797
197628,normal,3269,1,1782360960.4913418,0.0018455982208251953
197629,normal,2086,0,1782360960.4934998,0.002157926559448242
197630,normal,607,0,1782360960.495494,0.0019941329956054688
197631,normal,1466,0,1782360960.497335,0.0018410682678222656
197632,normal,117,0,1782360960.4994998,0.0021648406982421875
197633,normal,498,0,1782360960.5014935,0.0019936561584472656
197634,normal,2823,0,1782360960.5033348,0.0018413066864013672
197635,normal,3311,1,1782360960.505499,0.002164125442504883
197636,normal,3004,0,1782360960.5074904,0.0019915103912353516
197637,normal,2783,0,1782360960.5093348,0.0018444061279296875
197638,normal,45,0,1782360960.511501,0.002166271209716797
197639,normal,762,0,1782360960.5134966,0.001995563507080078
197640,normal,1414,0,1782360960.5153346,0.0018379688262939453
197641,normal,1540,0,1782360960.5174913,0.0021567344665527344
197642,normal,601,0,1782360960.5194914,0.002000093460083008
197643,normal,371,0,1782360960.521334,0.001842498779296875
197644,normal,1659,0,1782360960.5235016,0.0021677017211914062
197645,normal,2508,0,1782360960.5254962,0.001994609832763672
197646,normal,701,0,1782360960.5273333,0.001837015151977539
197647,normal,3627,0,1782360960.529506,0.002172708511352539
197648,normal,1335,1,1782360960.5315013,0.0019953250885009766
197649,normal,2957,0,1782360960.5333314,0.0018301010131835938
197650,normal,2401,0,1782360960.5355043,0.0021729469299316406
197651,normal,217,0,1782360960.5374873,0.0019829273223876953
197652,normal,2705,0,1782360960.5393322,0.0018448829650878906
197653,normal,899,2,1782360960.5415049,0.002172708511352539
197654,normal,1726,0,1782360960.5434968,0.0019919872283935547
197655,normal,423,0,1782360960.5453303,0.0018334388732910156
197656,normal,3504,0,1782360960.5475018,0.0021715164184570312
197657,normal,2672,0,1782360960.5494943,0.001992464065551758
197658,normal,40,0,1782360960.5513303,0.0018360614776611328
197659,normal,2599,0,1782360960.5535011,0.0021708011627197266
197660,normal,1292,0,1782360960.5554967,0.001995563507080078
197661,normal,757,0,1782360960.5573308,0.0018341541290283203
197662,normal,2725,0,1782360960.5595028,0.0021719932556152344
197663,normal,446,0,1782360960.561494,0.00199127197265625
197664,normal,484,0,1782360960.5633593,0.0018651485443115234
197665,normal,2565,0,1782360960.5655012,0.0021419525146484375
197666,normal,1743,0,1782360960.5675156,0.0020143985748291016
197667,normal,2481,0,1782360960.5693362,0.0018205642700195312
197668,normal,1632,0,1782360960.5715032,0.0021669864654541016
197669,normal,491,0,1782360960.573493,0.0019898414611816406
197670,normal,501,0,1782360960.5753305,0.0018374919891357422
197671,normal,2418,0,1782360960.5775023,0.002171754837036133
197672,normal,2603,0,1782360960.5794964,0.0019941329956054688
197673,normal,1248,0,1782360960.5813308,0.0018343925476074219
197674,normal,3400,1,1782360960.5835228,0.0021920204162597656
197675,normal,503,0,1782360960.5853336,0.0018107891082763672
197676,normal,1009,2,1782360960.5874844,0.0021507740020751953
197677,normal,3288,1,1782360960.5893445,0.0018601417541503906
197678,normal,2256,0,1782360960.5914943,0.002149820327758789
197679,normal,2562,0,1782360960.59333,0.0018355846405029297
197680,normal,1954,0,1782360960.5955026,0.002172708511352539
197681,normal,1002,2,1782360960.5975778,0.0020751953125
197682,normal,433,0,1782360960.5993295,0.0017516613006591797
197683,normal,3440,0,1782360960.6015038,0.00217437744140625
197684,normal,1603,0,1782360960.6034946,0.001990795135498047
197685,normal,1263,0,1782360960.6053314,0.0018367767333984375
197686,normal,937,2,1782360960.6075022,0.0021708011627197266
197687,normal,2143,0,1782360960.6094983,0.0019960403442382812
197688,normal,3074,1,1782360960.6113336,0.0018353462219238281
197689,normal,426,0,1782360960.6135037,0.002170085906982422
197690,normal,322,0,1782360960.6154919,0.0019881725311279297
197691,normal,1363,1,1782360960.6173317,0.0018398761749267578
197692,normal,950,2,1782360960.6195023,0.002170562744140625
197693,normal,3244,1,1782360960.621492,0.001989603042602539
197694,normal,3225,1,1782360960.623333,0.0018410682678222656
197695,normal,1644,0,1782360960.6255019,0.002168893814086914
197696,normal,3632,0,1782360960.627495,0.0019931793212890625
197697,normal,2782,0,1782360960.6293333,0.0018382072448730469
197698,normal,2085,0,1782360960.631493,0.0021598339080810547
197699,normal,1581,0,1782360960.633492,0.0019989013671875
197700,normal,1530,0,1782360960.6353345,0.001842498779296875
197701,normal,2997,0,1782360960.6374974,0.002162933349609375
197702,normal,3590,0,1782360960.639494,0.0019965171813964844
197703,normal,2307,0,1782360960.641328,0.0018341541290283203
197704,normal,221,0,1782360960.6434975,0.002169370651245117
197705,normal,3367,1,1782360960.6454976,0.002000093460083008
197706,normal,50,0,1782360960.6473377,0.0018401145935058594
197707,normal,980,2,1782360960.6495,0.0021622180938720703
197708,normal,1386,0,1782360960.651501,0.002001047134399414
197709,normal,2228,0,1782360960.6533353,0.0018343925476074219
197710,normal,2667,0,1782360960.6555007,0.0021653175354003906
197711,normal,2553,0,1782360960.6575024,0.0020017623901367188
197712,normal,1970,0,1782360960.6593308,0.0018284320831298828
197713,normal,1790,0,1782360960.6615057,0.002174854278564453
197714,normal,2877,0,1782360960.6634963,0.0019905567169189453
197715,normal,138,0,1782360960.665333,0.0018367767333984375
197716,normal,1629,0,1782360960.6675057,0.002172708511352539
197717,normal,1774,0,1782360960.6694984,0.0019927024841308594
197718,normal,1517,0,1782360960.6714003,0.001901865005493164
197719,normal,3017,0,1782360960.673717,0.002316713333129883
197720,normal,889,2,1782360960.675535,0.001817941665649414
197721,normal,1246,0,1782360960.678306,0.002771139144897461
197722,normal,1838,0,1782360960.6792874,0.0009813308715820312
197723,normal,1922,0,1782360960.6813548,0.0020673274993896484
197724,normal,1355,1,1782360960.683491,0.00213623046875
197725,normal,1741,0,1782360960.685387,0.001895904541015625
197726,normal,2465,0,1782360960.6874425,0.002055644989013672
197727,normal,2043,0,1782360960.6892703,0.0018277168273925781
197728,normal,1736,0,1782360960.6914854,0.002215147018432617
197729,normal,1250,0,1782360960.6934042,0.001918792724609375
197730,normal,2450,0,1782360960.6955128,0.0021085739135742188
197731,normal,406,0,1782360960.697528,0.0020151138305664062
197732,normal,3493,0,1782360960.6997337,0.0022058486938476562
197733,normal,2140,0,1782360960.7012856,0.0015518665313720703
197734,normal,3347,1,1782360960.7034066,0.0021209716796875
197735,normal,1452,0,1782360960.7053635,0.001956939697265625
197736,normal,467,0,1782360960.7074583,0.002094745635986328
197737,normal,2139,0,1782360960.709454,0.0019958019256591797
197738,normal,911,2,1782360960.711571,0.0021169185638427734
197739,normal,713,0,1782360960.7134473,0.0018763542175292969
197740,normal,62,0,1782360960.7155464,0.0020990371704101562
197741,normal,1509,0,1782360960.7174451,0.0018987655639648438
197742,normal,575,0,1782360960.7195623,0.002117156982421875
197743,normal,2343,0,1782360960.7215416,0.001979351043701172
197744,normal,1022,2,1782360960.7234797,0.0019381046295166016
197745,normal,2883,0,1782360960.7255726,0.0020928382873535156
197746,normal,1200,0,1782360960.727469,0.0018963813781738281
197747,normal,104,0,1782360960.7295566,0.0020875930786132812
197748,normal,386,0,1782360960.7314615,0.0019049644470214844
197749,normal,2964,0,1782360960.73355,0.0020885467529296875
197750,normal,2074,0,1782360960.735456,0.0019059181213378906
197751,normal,3384,1,1782360960.7375531,0.0020971298217773438
197752,normal,2063,0,1782360960.7394478,0.0018947124481201172
197753,normal,1711,0,1782360960.7414548,0.002007007598876953
197754,normal,1788,0,1782360960.7439508,0.002496004104614258
197755,normal,3618,0,1782360960.74563,0.0016791820526123047
197756,normal,2179,0,1782360960.7476306,0.002000570297241211
197757,normal,1361,1,1782360960.7497325,0.002101898193359375
197758,normal,2549,0,1782360960.7513907,0.0016582012176513672
197759,normal,1783,0,1782360960.7534933,0.0021026134490966797
197760,normal,1846,0,1782360960.7557907,0.0022974014282226562
197761,normal,530,0,1782360960.7573292,0.0015385150909423828
197762,normal,1642,0,1782360960.7594397,0.0021104812622070312
197763,normal,1240,0,1782360960.7615814,0.002141714096069336
197764,normal,684,0,1782360960.7633507,0.0017693042755126953
197765,normal,2168,0,1782360960.7654576,0.002106904983520508
197766,normal,2920,0,1782360960.7673373,0.0018796920776367188
197767,normal,3427,0,1782360960.7694886,0.0021512508392333984
197768,normal,3694,0,1782360960.771445,0.001956462860107422
197769,normal,3496,0,1782360960.7735536,0.0021085739135742188
197770,normal,1217,0,1782360960.7754278,0.0018742084503173828
197771,normal,3431,0,1782360960.7774396,0.0020117759704589844
197772,normal,2011,0,1782360960.779327,0.0018873214721679688
197773,normal,2876,0,1782360960.7814047,0.002077817916870117
197774,normal,1806,0,1782360960.7834802,0.0020754337310791016
197775,normal,743,0,1782360960.7854068,0.0019266605377197266
197776,normal,6,0,1782360960.7875168,0.002110004425048828
197777,normal,868,2,1782360960.7894762,0.0019593238830566406
197778,normal,2830,0,1782360960.7914014,0.0019252300262451172
197779,normal,2749,0,1782360960.7933407,0.0019392967224121094
197780,normal,3422,0,1782360960.7953682,0.0020275115966796875
197781,normal,2500,0,1782360960.797304,0.001935720443725586
197782,normal,1264,0,1782360960.7992897,0.001985788345336914
197783,normal,3197,1,1782360960.8012893,0.0019996166229248047
197784,normal,353,0,1782360960.8033864,0.0020971298217773438
197785,normal,3187,1,1782360960.8053691,0.0019826889038085938
197786,normal,3124,1,1782360960.8073447,0.001975536346435547
197787,normal,603,0,1782360960.8094041,0.002059459686279297
197788,normal,297,0,1782360960.8114297,0.002025604248046875
197789,normal,3459,0,1782360960.8134878,0.0020580291748046875
197790,normal,583,0,1782360960.815458,0.0019702911376953125
197791,normal,955,2,1782360960.8174002,0.0019421577453613281
197792,normal,119,0,1782360960.8192818,0.0018815994262695312
197793,normal,608,0,1782360960.8212752,0.001993417739868164
197794,normal,999,2,1782360960.8232734,0.0019981861114501953
197795,normal,2630,0,1782360960.8254378,0.0021643638610839844
197796,normal,1750,0,1782360960.827275,0.0018372535705566406
197797,normal,2985,0,1782360960.8292654,0.0019903182983398438
197798,normal,940,2,1782360960.8313565,0.0020911693572998047
197799,normal,3345,1,1782360960.833322,0.0019655227661132812
197800,normal,1161,0,1782360960.8356504,0.0023283958435058594
197801,normal,656,0,1782360960.8376,0.0019495487213134766
197802,normal,2911,0,1782360960.8396022,0.002002239227294922
197803,normal,2999,0,1782360960.8413675,0.0017652511596679688
197804,normal,3657,0,1782360960.8434265,0.0020589828491210938
197805,normal,1288,0,1782360960.845418,0.0019915103912353516
197806,normal,997,2,1782360960.8474948,0.002076864242553711
197807,normal,587,0,1782360960.849696,0.002201080322265625
197808,normal,2695,0,1782360960.851378,0.0016820430755615234
197809,normal,1613,0,1782360960.8533955,0.002017498016357422
197810,normal,3362,1,1782360960.8553996,0.0020041465759277344
197811,normal,1518,0,1782360960.8573303,0.0019307136535644531
197812,normal,3200,1,1782360960.8594146,0.0020842552185058594
197813,normal,565,0,1782360960.8615232,0.0021085739135742188
197814,normal,1892,0,1782360960.8635445,0.002021312713623047
197815,normal,483,0,1782360960.8654482,0.0019037723541259766
197816,normal,2174,0,1782360960.8675427,0.0020945072174072266
197817,normal,1319,1,1782360960.869487,0.0019443035125732422
197818,normal,1211,0,1782360960.87177,0.002282857894897461
197819,normal,2114,0,1782360960.873627,0.0018570423126220703
197820,normal,1348,1,1782360960.8754475,0.0018205642700195312
197821,normal,1874,0,1782360960.8777828,0.0023353099822998047
197822,normal,3415,0,1782360960.8797963,0.0020134449005126953
197823,normal,2000,0,1782360960.881404,0.001607656478881836
197824,normal,411,0,1782360960.8833137,0.0019097328186035156
197825,normal,714,0,1782360960.8853743,0.0020606517791748047
197826,normal,1063,0,1782360960.887276,0.0019016265869140625
197827,normal,3547,0,1782360960.8892777,0.0020017623901367188
197828,normal,3687,0,1782360960.8913858,0.0021080970764160156
197829,normal,2025,0,1782360960.8932886,0.0019028186798095703
197830,normal,1696,0,1782360960.8953729,0.0020842552185058594
197831,normal,1093,0,1782360960.8975272,0.0021543502807617188
197832,normal,144,0,1782360960.8994668,0.001939535140991211
197833,normal,1225,0,1782360960.901492,0.0020253658294677734
197834,normal,1064,0,1782360960.9035296,0.002037525177001953
197835,normal,3371,1,1782360960.9053698,0.0018401145935058594
197836,normal,1570,0,1782360960.9074037,0.0020339488983154297
197837,normal,1856,0,1782360960.9094646,0.0020608901977539062
197838,normal,2767,0,1782360960.911399,0.0019342899322509766
197839,normal,3186,1,1782360960.913529,0.0021300315856933594
197840,normal,2018,0,1782360960.9153924,0.0018634796142578125
197841,normal,339,0,1782360960.9173355,0.0019431114196777344
197842,normal,2875,0,1782360960.9194152,0.0020797252655029297
197843,normal,3536,0,1782360960.921421,0.0020058155059814453
197844,normal,2079,0,1782360960.9234061,0.0019850730895996094
197845,normal,321,0,1782360960.9254212,0.0020151138305664062
197846,normal,1586,0,1782360960.9274378,0.0020165443420410156
197847,normal,2526,0,1782360960.9295695,0.0021317005157470703
197848,normal,2363,0,1782360960.9313545,0.0017850399017333984
197849,normal,508,0,1782360960.9333966,0.002042055130004883
197850,normal,1857,0,1782360960.9353175,0.001920938491821289
197851,normal,1852,0,1782360960.9373934,0.0020759105682373047
197852,normal,2828,0,1782360960.9393995,0.002006053924560547
197853,normal,480,0,1782360960.9414208,0.002021312713623047
197854,normal,1380,1,1782360960.9434726,0.002051830291748047
197855,normal,1675,0,1782360960.9454908,0.0020182132720947266
197856,normal,2369,0,1782360960.947523,0.0020322799682617188
197857,normal,3532,0,1782360960.949419,0.001895904541015625
197858,normal,2908,0,1782360960.9514318,0.0020127296447753906
197859,normal,1829,0,1782360960.9534628,0.002031087875366211
197860,normal,3291,1,1782360960.9554656,0.002002716064453125
197861,normal,1724,0,1782360960.9573889,0.0019233226776123047
197862,normal,2730,0,1782360960.9593909,0.0020020008087158203
197863,normal,3441,0,1782360960.9613833,0.001992464065551758
197864,normal,2574,0,1782360960.9635437,0.002160310745239258
197865,normal,1756,0,1782360960.9653828,0.0018391609191894531
197866,normal,375,0,1782360960.967485,0.0021021366119384766
197867,normal,2012,0,1782360960.9695985,0.0021135807037353516
197868,normal,3280,1,1782360960.971785,0.0021865367889404297
197869,normal,872,2,1782360960.9737144,0.0019292831420898438
197870,normal,942,2,1782360960.9755762,0.0018618106842041016
197871,normal,2879,0,1782360960.9774091,0.0018329620361328125
197872,normal,229,0,1782360960.9793704,0.001961231231689453
197873,normal,1953,0,1782360960.981366,0.001995563507080078
197874,normal,3264,1,1782360960.9833677,0.0020017623901367188
197875,normal,756,0,1782360960.985609,0.002241373062133789
197876,normal,1141,0,1782360960.9872887,0.0016796588897705078
197877,normal,1333,1,1782360960.9893632,0.0020744800567626953
197878,normal,3330,1,1782360960.9913654,0.002002239227294922
197879,normal,1715,0,1782360960.9933662,0.0020008087158203125
197880,normal,2446,0,1782360960.995503,0.002136707305908203
197881,normal,1194,0,1782360960.997593,0.002089977264404297
197882,normal,945,2,1782360960.9995692,0.0019762516021728516
197883,normal,134,0,1782360961.0015643,0.001995086669921875
197884,normal,1328,1,1782360961.003316,0.0017516613006591797
197885,normal,1444,0,1782360961.0053983,0.002082347869873047
197886,normal,404,0,1782360961.0074058,0.0020074844360351562
197887,normal,1037,0,1782360961.009399,0.0019931793212890625
197888,normal,2189,0,1782360961.011784,0.0023851394653320312
197889,normal,2516,0,1782360961.0133865,0.0016024112701416016
197890,normal,1824,0,1782360961.0153863,0.0019998550415039062
197891,normal,966,2,1782360961.0173962,0.002009868621826172
197892,normal,633,0,1782360961.0194032,0.002007007598876953
197893,normal,2763,0,1782360961.021409,0.0020058155059814453
197894,normal,614,0,1782360961.0233912,0.0019822120666503906
197895,normal,3375,1,1782360961.0252988,0.0019075870513916016
197896,normal,457,0,1782360961.0274599,0.0021610260009765625
197897,normal,2769,0,1782360961.0294468,0.001986980438232422
197898,normal,307,0,1782360961.031428,0.0019812583923339844
197899,normal,3249,1,1782360961.0338094,0.0023813247680664062
197900,normal,2871,0,1782360961.0354354,0.0016260147094726562
197901,normal,2697,0,1782360961.037614,0.002178668975830078
197902,normal,3606,0,1782360961.0394957,0.0018815994262695312
197903,normal,541,0,1782360961.0415595,0.002063751220703125
197904,normal,1599,0,1782360961.0433059,0.0017464160919189453
197905,normal,458,0,1782360961.0453782,0.0020723342895507812
197906,normal,3522,0,1782360961.0474699,0.002091646194458008
197907,normal,296,0,1782360961.0494268,0.001956939697265625
197908,normal,2819,0,1782360961.0515554,0.00212860107421875
197909,normal,1135,0,1782360961.0535326,0.001977205276489258
197910,normal,383,0,1782360961.0554953,0.0019626617431640625
197911,normal,2949,0,1782360961.0573049,0.0018095970153808594
197912,normal,996,2,1782360961.0595644,0.002259492874145508
197913,normal,213,0,1782360961.0614455,0.0018811225891113281
197914,normal,2390,0,1782360961.0636191,0.0021736621856689453
197915,normal,2857,0,1782360961.065721,0.002101898193359375
197916,normal,926,2,1782360961.0674021,0.0016810894012451172
197917,normal,3359,1,1782360961.0694795,0.002077341079711914
197918,normal,902,2,1782360961.0715094,0.002029895782470703
197919,normal,1267,0,1782360961.0734282,0.001918792724609375
197920,normal,1583,0,1782360961.0758812,0.0024530887603759766
197921,normal,2423,0,1782360961.0774014,0.0015201568603515625
197922,normal,1941,0,1782360961.0793693,0.001967906951904297
197923,normal,129,0,1782360961.0814183,0.002048969268798828
197924,normal,3592,0,1782360961.0834234,0.0020051002502441406
197925,normal,2178,0,1782360961.08541,0.0019867420196533203
197926,normal,1149,0,1782360961.087422,0.0020117759704589844
197927,normal,1617,0,1782360961.0894244,0.0020024776458740234
197928,normal,2138,0,1782360961.0914407,0.002016305923461914
197929,normal,3001,0,1782360961.0934799,0.002039194107055664
197930,normal,1298,0,1782360961.0954137,0.0019338130950927734
197931,normal,544,0,1782360961.0974004,0.0019867420196533203
197932,normal,3255,1,1782360961.099399,0.0019986629486083984
197933,normal,836,2,1782360961.1013985,0.001999378204345703
197934,normal,2682,0,1782360961.1034007,0.002002239227294922
197935,normal,2308,0,1782360961.105446,0.0020453929901123047
197936,normal,288,0,1782360961.1074905,0.0020444393157958984
197937,normal,1721,0,1782360961.109568,0.0020775794982910156
197938,normal,3260,1,1782360961.111348,0.001779794692993164
197939,normal,2913,0,1782360961.113423,0.0020751953125
197940,normal,2804,0,1782360961.115465,0.0020418167114257812
197941,normal,1400,0,1782360961.1173763,0.0019114017486572266
197942,normal,111,0,1782360961.1193945,0.0020182132720947266
197943,normal,2584,0,1782360961.1213694,0.001974821090698242
197944,normal,408,0,1782360961.12345,0.002080678939819336
197945,normal,1591,0,1782360961.1254601,0.0020101070404052734
197946,normal,2831,0,1782360961.1275034,0.0020432472229003906
197947,normal,31,0,1782360961.129551,0.0020475387573242188
197948,normal,3477,0,1782360961.1315324,0.001981496810913086
197949,normal,2865,0,1782360961.1334932,0.00196075439453125
197950,normal,1301,0,1782360961.1354795,0.001986265182495117
197951,normal,2056,0,1782360961.1376173,0.002137899398803711
197952,normal,1377,1,1782360961.1394496,0.0018322467803955078
197953,normal,3660,0,1782360961.1413767,0.0019271373748779297
197954,normal,3263,1,1782360961.1433718,0.001995086669921875
197955,normal,1909,0,1782360961.1453695,0.001997709274291992
197956,normal,1593,0,1782360961.1476061,0.002236604690551758
197957,normal,1206,0,1782360961.1493807,0.0017745494842529297
197958,normal,518,0,1782360961.1513624,0.0019817352294921875
197959,normal,2207,0,1782360961.1533635,0.002001047134399414
197960,normal,264,0,1782360961.155387,0.002023458480834961
197961,normal,2928,0,1782360961.15791,0.002523183822631836
197962,normal,1827,0,1782360961.1594071,0.001497030258178711
197963,normal,1079,0,1782360961.1617327,0.0023255348205566406
197964,normal,1491,0,1782360961.1633618,0.0016291141510009766
197965,normal,1932,0,1782360961.1654315,0.002069711685180664
197966,normal,3519,0,1782360961.167447,0.0020155906677246094
197967,normal,1987,0,1782360961.1694238,0.0019767284393310547
197968,normal,664,0,1782360961.17175,0.0023262500762939453
197969,normal,1956,0,1782360961.1734567,0.0017066001892089844
197970,normal,2669,0,1782360961.1754234,0.001966714859008789
197971,normal,555,0,1782360961.1774166,0.0019931793212890625
197972,normal,2866,0,1782360961.1794288,0.0020122528076171875
197973,normal,3689,0,1782360961.1814258,0.0019969940185546875
197974,normal,1383,0,1782360961.1835015,0.002075672149658203
197975,normal,2077,0,1782360961.1861963,0.002694845199584961
197976,normal,1640,0,1782360961.1877158,0.0015194416046142578
197977,normal,1405,0,1782360961.1895547,0.0018389225006103516
197978,normal,2610,0,1782360961.1916785,0.0021238327026367188
197979,normal,2454,0,1782360961.193839,0.0021605491638183594
197980,normal,1390,0,1782360961.1959395,0.0021004676818847656
197981,normal,1885,0,1782360961.197619,0.0016794204711914062
197982,normal,3088,1,1782360961.1993003,0.0016813278198242188
197983,normal,136,0,1782360961.2014046,0.0021042823791503906
197984,normal,1214,0,1782360961.2033863,0.0019817352294921875
197985,normal,526,0,1782360961.2053554,0.0019690990447998047
197986,normal,3151,1,1782360961.2074459,0.0020904541015625
197987,normal,2005,0,1782360961.2094197,0.001973867416381836
197988,normal,729,0,1782360961.2113402,0.001920461654663086
197989,normal,2489,0,1782360961.213429,0.002088785171508789
197990,normal,801,2,1782360961.2154698,0.002040863037109375
197991,normal,3052,1,1782360961.2174973,0.0020275115966796875
197992,normal,77,0,1782360961.219522,0.0020246505737304688
197993,normal,1131,0,1782360961.2213764,0.0018544197082519531
197994,normal,2231,0,1782360961.2234547,0.0020782947540283203
197995,normal,3091,1,1782360961.2254689,0.00201416015625
197996,normal,2840,0,1782360961.227502,0.002033233642578125
197997,normal,1663,0,1782360961.2294495,0.0019474029541015625
197998,normal,1314,0,1782360961.231309,0.001859426498413086
197999,normal,1229,0,1782360961.2334297,0.0021207332611083984
198000,normal,559,0,1782360961.2353394,0.0019097328186035156
198001,normal,1886,0,1782360961.2374167,0.002077341079711914
198002,normal,3580,0,1782360961.2394197,0.0020029544830322266
198003,normal,894,2,1782360961.2414289,0.002009153366088867
198004,normal,425,0,1782360961.2434347,0.0020058155059814453
198005,normal,1554,0,1782360961.2454848,0.002050161361694336
198006,normal,3379,1,1782360961.2474458,0.0019609928131103516
198007,normal,3673,0,1782360961.2494056,0.0019598007202148438
198008,normal,798,2,1782360961.2514076,0.0020020008087158203
198009,normal,1208,0,1782360961.2534025,0.0019948482513427734
198010,normal,2816,0,1782360961.255316,0.0019135475158691406
198011,normal,1616,0,1782360961.2573974,0.0020813941955566406
198012,normal,3128,1,1782360961.2594717,0.0020742416381835938
198013,normal,2009,0,1782360961.2618895,0.0024178028106689453
198014,normal,1895,0,1782360961.2634745,0.0015850067138671875
198015,normal,2097,0,1782360961.2654307,0.0019562244415283203
198016,normal,3575,0,1782360961.2674382,0.0020074844360351562
198017,normal,1041,0,1782360961.2694054,0.001967191696166992
198018,normal,880,2,1782360961.2713854,0.0019800662994384766
198019,normal,692,0,1782360961.2733684,0.0019829273223876953
198020,normal,1493,0,1782360961.2753701,0.0020017623901367188
198021,normal,1113,0,1782360961.277468,0.0020978450775146484
198022,normal,3148,1,1782360961.2794895,0.0020215511322021484
198023,normal,1169,0,1782360961.2814844,0.0019948482513427734
198024,normal,1587,0,1782360961.283578,0.0020935535430908203
198025,normal,1753,0,1782360961.2856867,0.0021088123321533203
198026,normal,367,0,1782360961.2874656,0.0017788410186767578
198027,normal,2211,0,1782360961.2895617,0.0020961761474609375
198028,normal,862,2,1782360961.2914975,0.001935720443725586
198029,normal,1916,0,1782360961.293459,0.0019614696502685547
198030,normal,1811,0,1782360961.2953835,0.0019245147705078125
198031,normal,551,0,1782360961.2973692,0.001985788345336914
198032,normal,3018,0,1782360961.2993712,0.0020020008087158203
198033,normal,3147,1,1782360961.3015585,0.0021872520446777344
198034,normal,3265,1,1782360961.3033364,0.0017778873443603516
198035,normal,2520,0,1782360961.3053675,0.002031087875366211
198036,normal,2755,0,1782360961.3073683,0.0020008087158203125
198037,normal,1440,0,1782360961.309374,0.0020058155059814453
198038,normal,2273,0,1782360961.3117795,0.002405405044555664
198039,normal,1716,0,1782360961.3136008,0.001821279525756836
198040,normal,294,0,1782360961.3153672,0.0017664432525634766
198041,normal,524,0,1782360961.3174036,0.0020363330841064453
198042,normal,1477,0,1782360961.3194044,0.0020008087158203125
198043,normal,1417,0,1782360961.3215966,0.002192258834838867
198044,normal,2360,0,1782360961.3242698,0.0026731491088867188
198045,normal,3093,1,1782360961.3253758,0.0011060237884521484
198046,normal,485,0,1782360961.327502,0.0021262168884277344
198047,normal,1090,0,1782360961.3294,0.001898050308227539
198048,normal,359,0,1782360961.3314176,0.002017498016357422
198049,normal,2302,0,1782360961.3334365,0.0020189285278320312
198050,normal,2047,0,1782360961.3355687,0.0021321773529052734
198051,normal,2569,0,1782360961.3374286,0.001859903335571289
198052,normal,2287,0,1782360961.3396308,0.002202272415161133
198053,normal,3231,1,1782360961.341553,0.0019221305847167969
198054,normal,2080,0,1782360961.3433878,0.001834869384765625
198055,normal,317,0,1782360961.3456979,0.002310037612915039
198056,normal,1804,0,1782360961.347493,0.001795053482055664
198057,normal,1373,1,1782360961.3494647,0.001971721649169922
198058,normal,3136,1,1782360961.3513448,0.0018801689147949219
198059,normal,1327,1,1782360961.353845,0.0025000572204589844
198060,normal,3378,1,1782360961.3554113,0.0015664100646972656
198061,normal,1778,0,1782360961.3574445,0.002033233642578125
198062,normal,2151,0,1782360961.3595312,0.002086639404296875
198063,normal,2294,0,1782360961.3614573,0.0019261837005615234
198064,normal,1884,0,1782360961.3633568,0.0018994808197021484
198065,normal,1978,0,1782360961.365523,0.002166271209716797
198066,normal,1647,0,1782360961.3672912,0.0017681121826171875
198067,normal,2792,0,1782360961.369419,0.0021278858184814453
198068,normal,1423,0,1782360961.3714273,0.002008199691772461
198069,normal,748,0,1782360961.373351,0.0019237995147705078
198070,normal,794,2,1782360961.3754227,0.0020716190338134766
198071,normal,1526,0,1782360961.3774023,0.0019795894622802734
198072,normal,1494,0,1782360961.37939,0.0019876956939697266
198073,normal,2023,0,1782360961.3814936,0.002103567123413086
198074,normal,972,2,1782360961.383511,0.002017498016357422
198075,normal,1928,0,1782360961.385403,0.0018918514251708984
198076,normal,3480,0,1782360961.3873727,0.0019698143005371094
198077,normal,2605,0,1782360961.3894699,0.0020971298217773438
198078,normal,742,0,1782360961.391399,0.0019290447235107422
198079,normal,3248,1,1782360961.393508,0.002109050750732422
198080,normal,1660,0,1782360961.3954754,0.0019674301147460938
198081,normal,2304,0,1782360961.397314,0.00183868408203125
198082,normal,1098,0,1782360961.3994133,0.002099275588989258
198083,normal,2683,0,1782360961.401404,0.0019905567169189453
198084,normal,1684,0,1782360961.4033108,0.0019068717956542969
198085,normal,3071,1,1782360961.405413,0.0021021366119384766
198086,normal,977,2,1782360961.4074237,0.002010822296142578
198087,normal,3447,0,1782360961.4094265,0.002002716064453125
198088,normal,2589,0,1782360961.4115396,0.0021131038665771484
198089,normal,2057,0,1782360961.4133985,0.0018589496612548828
198090,normal,1296,0,1782360961.4154038,0.002005338668823242
198091,normal,848,2,1782360961.417395,0.00199127197265625
198092,normal,3591,0,1782360961.4193926,0.0019974708557128906
198093,normal,2694,0,1782360961.4214022,0.0020096302032470703
198094,normal,1893,0,1782360961.4234393,0.00203704833984375
198095,normal,436,0,1782360961.425478,0.002038717269897461
198096,normal,3638,0,1782360961.4275062,0.002028226852416992
198097,normal,313,0,1782360961.4295151,0.0020089149475097656
198098,normal,2677,0,1782360961.4314284,0.001913309097290039
198099,normal,417,0,1782360961.4334104,0.001981973648071289
198100,normal,3321,1,1782360961.4354541,0.0020437240600585938
198101,normal,2765,0,1782360961.437375,0.001920938491821289
198102,normal,854,2,1782360961.439373,0.0019979476928710938
198103,normal,1785,0,1782360961.441371,0.0019979476928710938
198104,normal,1701,0,1782360961.4434607,0.0020897388458251953
198105,normal,3046,1,1782360961.445481,0.0020203590393066406
198106,normal,2713,0,1782360961.447453,0.0019719600677490234
198107,normal,1015,2,1782360961.4494605,0.0020074844360351562
198108,normal,1722,0,1782360961.451623,0.002162456512451172
198109,normal,1748,0,1782360961.4535532,0.00193023681640625
198110,normal,2154,0,1782360961.455646,0.0020928382873535156
198111,normal,2532,0,1782360961.4575007,0.0018546581268310547
198112,normal,186,0,1782360961.4593804,0.0018796920776367188
198113,normal,2650,0,1782360961.461377,0.0019965171813964844
198114,normal,2391,0,1782360961.4633808,0.002003908157348633
198115,normal,1924,0,1782360961.4654205,0.002039670944213867
198116,normal,2923,0,1782360961.4674997,0.0020792484283447266
198117,normal,1215,0,1782360961.4692926,0.00179290771484375
198118,normal,171,0,1782360961.4713762,0.0020835399627685547
198119,normal,1310,0,1782360961.4733787,0.0020024776458740234
198120,normal,2442,0,1782360961.4754941,0.002115488052368164
198121,normal,2443,0,1782360961.4776123,0.0021181106567382812
198122,normal,602,0,1782360961.4795773,0.001965045928955078
198123,normal,108,0,1782360961.481551,0.0019736289978027344
198124,normal,1115,0,1782360961.483452,0.0019011497497558594
198125,normal,369,0,1782360961.4854252,0.0019731521606445312
198126,normal,2881,0,1782360961.4874315,0.0020062923431396484
198127,normal,2821,0,1782360961.4894345,0.0020029544830322266
198128,normal,2959,0,1782360961.4916348,0.0022003650665283203
198129,normal,298,0,1782360961.493476,0.0018410682678222656
198130,normal,682,0,1782360961.4954221,0.0019462108612060547
198131,normal,36,0,1782360961.4974182,0.0019960403442382812
198132,normal,160,0,1782360961.4994404,0.002022266387939453
198133,normal,2388,0,1782360961.5015786,0.0021381378173828125
198134,normal,791,2,1782360961.5034535,0.0018749237060546875
198135,normal,935,2,1782360961.5058706,0.0024170875549316406
198136,normal,3412,0,1782360961.5074563,0.0015857219696044922
198137,normal,681,0,1782360961.5095704,0.0021140575408935547
198138,normal,1257,0,1782360961.5114067,0.0018362998962402344
198139,normal,2487,0,1782360961.5135636,0.002156972885131836
198140,normal,1062,0,1782360961.515564,0.0020003318786621094
198141,normal,1751,0,1782360961.5172975,0.001733541488647461
198142,normal,2224,0,1782360961.5198805,0.002583026885986328
198143,normal,2440,0,1782360961.5216172,0.0017366409301757812
198144,normal,594,0,1782360961.523364,0.0017468929290771484
198145,normal,3392,1,1782360961.5255709,0.0022068023681640625
198146,normal,140,0,1782360961.5277753,0.002204418182373047
198147,normal,3455,0,1782360961.5293257,0.001550436019897461
198148,normal,2567,0,1782360961.5313823,0.002056598663330078
198149,normal,2373,0,1782360961.5335038,0.002121448516845703
198150,normal,2264,0,1782360961.5355227,0.0020189285278320312
198151,normal,943,2,1782360961.5373619,0.0018391609191894531
198152,normal,1872,0,1782360961.5394852,0.0021233558654785156
198153,normal,26,0,1782360961.5414433,0.001958131790161133
198154,normal,303,0,1782360961.543533,0.0020897388458251953
198155,normal,1154,0,1782360961.5459323,0.0023992061614990234
198156,normal,2805,0,1782360961.5473998,0.0014674663543701172
198157,normal,2702,0,1782360961.5494401,0.002040386199951172
198158,normal,1717,0,1782360961.5514307,0.0019905567169189453
198159,normal,1178,0,1782360961.5533235,0.0018928050994873047
198160,normal,3340,1,1782360961.5554194,0.002095937728881836
198161,normal,1977,0,1782360961.557419,0.0019996166229248047
198162,normal,3696,0,1782360961.559349,0.0019299983978271484
198163,normal,49,0,1782360961.5614405,0.0020914077758789062
198164,normal,2177,0,1782360961.5635197,0.0020792484283447266
198165,normal,2116,0,1782360961.5653322,0.0018124580383300781
198166,normal,3402,0,1782360961.5674224,0.0020902156829833984
198167,normal,3533,0,1782360961.569415,0.0019927024841308594
198168,normal,1575,0,1782360961.5714185,0.0020034313201904297
198169,normal,1092,0,1782360961.573416,0.0019974708557128906
198170,normal,3278,1,1782360961.5754151,0.0019991397857666016
198171,normal,487,0,1782360961.5774815,0.002066373825073242
198172,normal,1145,0,1782360961.5794952,0.002013683319091797
198173,normal,3010,0,1782360961.581518,0.0020227432250976562
198174,normal,1278,0,1782360961.5834439,0.0019259452819824219
198175,normal,2286,0,1782360961.5854392,0.0019953250885009766
198176,normal,529,0,1782360961.5874393,0.002000093460083008
198177,normal,2844,0,1782360961.5894256,0.001986265182495117
198178,normal,2981,0,1782360961.5914347,0.002009153366088867
198179,normal,391,0,1782360961.5933964,0.0019617080688476562
198180,normal,2644,0,1782360961.5953968,0.0020003318786621094
198181,normal,3064,1,1782360961.5973992,0.0020024776458740234
198182,normal,72,0,1782360961.5995147,0.002115488052368164
198183,normal,3292,1,1782360961.6014001,0.0018854141235351562
198184,normal,3526,0,1782360961.603476,0.0020759105682373047
198185,normal,2436,0,1782360961.6055362,0.0020601749420166016
198186,normal,3643,0,1782360961.6075087,0.0019724369049072266
198187,normal,3073,1,1782360961.6096406,0.002131938934326172
198188,normal,263,0,1782360961.61169,0.0020494461059570312
198189,normal,380,0,1782360961.6134849,0.0017948150634765625
198190,normal,373,0,1782360961.6154642,0.001979351043701172
198191,normal,2548,0,1782360961.6173851,0.001920938491821289
198192,normal,3307,1,1782360961.6193879,0.002002716064453125
198193,normal,1579,0,1782360961.6213837,0.0019958019256591797
198194,normal,1773,0,1782360961.6236484,0.002264738082885742
198195,normal,1958,0,1782360961.625299,0.0016505718231201172
198196,normal,1868,0,1782360961.6273768,0.002077817916870117
198197,normal,3192,1,1782360961.629381,0.0020041465759277344
198198,normal,248,0,1782360961.6313818,0.0020008087158203125
198199,normal,3006,0,1782360961.6334486,0.0020668506622314453
198200,normal,657,0,1782360961.6355417,0.002093076705932617
198201,normal,1157,0,1782360961.637506,0.0019643306732177734
198202,normal,886,2,1782360961.6395547,0.0020487308502197266
198203,normal,1143,0,1782360961.6414604,0.001905679702758789
198204,normal,2252,0,1782360961.6434486,0.0019881725311279297
198205,normal,2750,0,1782360961.645352,0.0019032955169677734
198206,normal,12,0,1782360961.6474404,0.0020885467529296875
198207,normal,37,0,1782360961.6493454,0.0019049644470214844
198208,normal,1253,0,1782360961.6516342,0.002288818359375
198209,normal,3034,0,1782360961.6534693,0.0018351078033447266
198210,normal,392,0,1782360961.6554172,0.0019478797912597656
198211,normal,1935,0,1782360961.6574163,0.0019991397857666016
198212,normal,323,0,1782360961.6594226,0.0020062923431396484
198213,normal,2422,0,1782360961.661439,0.002016305923461914
198214,normal,1552,0,1782360961.6634266,0.0019876956939697266
198215,normal,1871,0,1782360961.6654003,0.0019736289978027344
198216,normal,727,0,1782360961.667441,0.0020406246185302734
198217,normal,962,2,1782360961.6693604,0.0019195079803466797
198218,normal,2668,0,1782360961.6714604,0.0020999908447265625
198219,normal,208,0,1782360961.6733432,0.001882791519165039
198220,normal,372,0,1782360961.675714,0.0023708343505859375
198221,normal,2386,0,1782360961.6775782,0.0018641948699951172
198222,normal,3509,0,1782360961.6794765,0.0018982887268066406
198223,normal,3303,1,1782360961.6815662,0.0020897388458251953
198224,normal,2768,0,1782360961.6835656,0.001999378204345703
198225,normal,1378,1,1782360961.6853716,0.001806020736694336
198226,normal,2383,0,1782360961.6877024,0.002330780029296875
198227,normal,24,0,1782360961.6896267,0.001924276351928711
198228,normal,2141,0,1782360961.691399,0.0017724037170410156
198229,normal,1453,0,1782360961.6934962,0.0020971298217773438
198230,normal,422,0,1782360961.6959286,0.0024323463439941406
198231,normal,3497,0,1782360961.6979065,0.0019779205322265625
198232,normal,3039,0,1782360961.6993854,0.0014789104461669922
198233,normal,189,0,1782360961.7014017,0.002016305923461914
198234,normal,879,2,1782360961.7033207,0.0019190311431884766
198235,normal,2417,0,1782360961.7054229,0.0021021366119384766
198236,normal,1235,0,1782360961.707441,0.0020182132720947266
198237,normal,2021,0,1782360961.7094357,0.001994609832763672
198238,normal,2109,0,1782360961.7113392,0.001903533935546875
198239,normal,709,0,1782360961.7134368,0.002097606658935547
198240,normal,198,0,1782360961.7153738,0.0019369125366210938
198241,normal,1047,0,1782360961.7174988,0.0021250247955322266
198242,normal,1995,0,1782360961.7195215,0.0020227432250976562
198243,normal,1084,0,1782360961.7213542,0.001832723617553711
198244,normal,629,0,1782360961.7234254,0.0020711421966552734
198245,normal,87,0,1782360961.7254653,0.0020399093627929688
198246,normal,1759,0,1782360961.7274032,0.0019378662109375
198247,normal,1983,0,1782360961.7295094,0.002106189727783203
198248,normal,1103,0,1782360961.7314143,0.0019049644470214844
198249,normal,2153,0,1782360961.7334225,0.002008199691772461
198250,normal,795,2,1782360961.7354236,0.002001047134399414
198251,normal,909,2,1782360961.737423,0.001999378204345703
198252,normal,696,0,1782360961.7394242,0.0020012855529785156
198253,normal,279,0,1782360961.7414222,0.0019979476928710938
198254,normal,2539,0,1782360961.7434297,0.0020074844360351562
198255,normal,2247,0,1782360961.7454362,0.00200653076171875
198256,normal,1351,1,1782360961.7474844,0.0020482540130615234
198257,normal,121,0,1782360961.7494571,0.001972675323486328
198258,normal,2558,0,1782360961.7514207,0.0019636154174804688
198259,normal,3092,1,1782360961.753412,0.00199127197265625
198260,normal,218,0,1782360961.7554176,0.0020055770874023438
198261,normal,2299,0,1782360961.7574184,0.0020008087158203125
198262,normal,3386,1,1782360961.7594187,0.0020003318786621094
198263,normal,1768,0,1782360961.761453,0.0020341873168945312
198264,normal,2240,0,1782360961.7634928,0.0020399093627929688
198265,normal,454,0,1782360961.7658312,0.002338409423828125
198266,normal,1476,0,1782360961.767435,0.001603841781616211
198267,normal,2268,0,1782360961.7694366,0.002001523971557617
198268,normal,617,0,1782360961.7714365,0.0019998550415039062
198269,normal,470,0,1782360961.7734542,0.0020177364349365234
198270,normal,2658,0,1782360961.7753906,0.0019364356994628906
198271,normal,1311,0,1782360961.7773862,0.001995563507080078
198272,normal,706,0,1782360961.7794023,0.0020160675048828125
198273,normal,3515,0,1782360961.7814882,0.0020859241485595703
198274,normal,3202,1,1782360961.7835052,0.0020170211791992188
198275,normal,1682,0,1782360961.7854779,0.001972675323486328
198276,normal,1352,1,1782360961.787479,0.002001047134399414
198277,normal,1553,0,1782360961.789594,0.002115011215209961
198278,normal,2338,0,1782360961.7917726,0.002178668975830078
198279,normal,2133,0,1782360961.7933638,0.0015912055969238281
198280,normal,3343,1,1782360961.795604,0.0022401809692382812
198281,normal,1066,0,1782360961.7975793,0.0019752979278564453
198282,normal,2249,0,1782360961.7994316,0.001852273941040039
198283,normal,19,0,1782360961.8013916,0.0019600391387939453
198284,normal,3573,0,1782360961.8034256,0.0020339488983154297
198285,normal,1158,0,1782360961.8054023,0.0019767284393310547
198286,normal,2812,0,1782360961.8076544,0.0022521018981933594
198287,normal,2523,0,1782360961.8093982,0.0017437934875488281
198288,normal,1316,0,1782360961.8113792,0.001981019973754883
198289,normal,1336,1,1782360961.8133807,0.002001523971557617
198290,normal,1174,0,1782360961.8153844,0.0020036697387695312
198291,normal,2851,0,1782360961.8175974,0.002213001251220703
198292,normal,3667,0,1782360961.8196557,0.002058267593383789
198293,normal,784,2,1782360961.8215134,0.001857757568359375
198294,normal,2862,0,1782360961.8235223,0.0020089149475097656
198295,normal,10,0,1782360961.8254375,0.0019152164459228516
198296,normal,2375,0,1782360961.8274353,0.001997709274291992
198297,normal,2217,0,1782360961.829441,0.0020058155059814453
198298,normal,1787,0,1782360961.8314333,0.0019922256469726562
198299,normal,1702,0,1782360961.8336213,0.002187967300415039
198300,normal,907,2,1782360961.8354266,0.0018053054809570312
198301,normal,865,2,1782360961.8374388,0.0020122528076171875
198302,normal,2795,0,1782360961.839435,0.001996278762817383
198303,normal,1415,0,1782360961.841352,0.0019168853759765625
198304,normal,1969,0,1782360961.8434308,0.0020787715911865234
198305,normal,75,0,1782360961.845647,0.002216339111328125
198306,normal,479,0,1782360961.847639,0.0019919872283935547
198307,normal,292,0,1782360961.8500679,0.002428770065307617
198308,normal,1959,0,1782360961.8513753,0.0013074874877929688
198309,normal,1349,1,1782360961.8536189,0.002243518829345703
198310,normal,1007,2,1782360961.855701,0.0020821094512939453
198311,normal,777,2,1782360961.8575997,0.0018987655639648438
198312,normal,1858,0,1782360961.8594985,0.0018987655639648438
198313,normal,2334,0,1782360961.8614962,0.001997709274291992
198314,normal,1282,0,1782360961.8634415,0.0019452571868896484
198315,normal,3075,1,1782360961.865313,0.0018715858459472656
198316,normal,3485,0,1782360961.867421,0.002107858657836914
198317,normal,1354,1,1782360961.8694475,0.0020265579223632812
198318,normal,1341,1,1782360961.8714566,0.002009153366088867
198319,normal,2620,0,1782360961.8733382,0.0018815994262695312
198320,normal,1495,0,1782360961.875425,0.0020868778228759766
198321,normal,1262,0,1782360961.8773227,0.001897573471069336
198322,normal,1576,0,1782360961.879442,0.002119302749633789
198323,normal,329,0,1782360961.8814871,0.002045154571533203
198324,normal,1201,0,1782360961.8835173,0.0020301342010498047
198325,normal,3464,0,1782360961.8853908,0.0018734931945800781
198326,normal,2409,0,1782360961.8874004,0.0020096302032470703
198327,normal,2066,0,1782360961.8894699,0.0020694732666015625
198328,normal,992,2,1782360961.8913972,0.0019273757934570312
198329,normal,1052,0,1782360961.893512,0.0021147727966308594
198330,normal,3026,0,1782360961.895356,0.0018439292907714844
198331,normal,2016,0,1782360961.8975084,0.0021524429321289062
198332,normal,1744,0,1782360961.8994172,0.0019087791442871094
198333,normal,1727,0,1782360961.9013302,0.0019130706787109375
198334,normal,985,2,1782360961.9034111,0.0020809173583984375
198335,normal,3029,0,1782360961.905423,0.0020117759704589844
198336,normal,3229,1,1782360961.907433,0.0020101070404052734
198337,normal,2157,0,1782360961.9094355,0.0020024776458740234
198338,normal,3061,1,1782360961.9114609,0.0020253658294677734
198339,normal,2188,0,1782360961.9134774,0.0020165443420410156
198340,normal,2458,0,1782360961.91542,0.0019426345825195312
198341,normal,677,0,1782360961.9174204,0.0020003318786621094
198342,normal,3156,1,1782360961.9194117,0.00199127197265625
198343,normal,1685,0,1782360961.921417,0.002005338668823242
198344,normal,1293,0,1782360961.9241512,0.0027341842651367188
198345,normal,3610,0,1782360961.9254313,0.001280069351196289
198346,normal,562,0,1782360961.9274578,0.0020265579223632812
198347,normal,3364,1,1782360961.9295065,0.0020487308502197266
198348,normal,1850,0,1782360961.931767,0.002260446548461914
198349,normal,2029,0,1782360961.9333427,0.0015757083892822266
198350,normal,2720,0,1782360961.9354377,0.0020949840545654297
198351,normal,3396,1,1782360961.9374986,0.0020608901977539062
198352,normal,349,0,1782360961.9394188,0.0019202232360839844
198353,normal,3230,1,1782360961.941303,0.0018842220306396484
198354,normal,2317,0,1782360961.9433856,0.0020825862884521484
198355,normal,3593,0,1782360961.9453897,0.0020041465759277344
198356,normal,731,0,1782360961.9474268,0.00203704833984375
198357,normal,2759,0,1782360961.9495625,0.002135753631591797
198358,normal,2943,0,1782360961.9514387,0.0018761157989501953
198359,normal,1281,0,1782360961.9535637,0.0021250247955322266
198360,normal,610,0,1782360961.9554904,0.0019266605377197266
198361,normal,1818,0,1782360961.957638,0.002147674560546875
198362,normal,1835,0,1782360961.959515,0.0018770694732666016
198363,normal,1832,0,1782360961.9614236,0.0019085407257080078
198364,normal,2537,0,1782360961.9635928,0.0021691322326660156
198365,normal,191,0,1782360961.9655628,0.001970052719116211
198366,normal,527,0,1782360961.9672997,0.0017368793487548828
198367,normal,925,2,1782360961.9693863,0.002086639404296875
198368,normal,3435,0,1782360961.9713898,0.0020034313201904297
198369,normal,2150,0,1782360961.9734073,0.002017498016357422
198370,normal,1864,0,1782360961.9755483,0.0021409988403320312
198371,normal,1624,0,1782360961.9774387,0.001890420913696289
198372,normal,52,0,1782360961.9793866,0.0019478797912597656
198373,normal,1946,0,1782360961.9813874,0.0020008087158203125
198374,normal,3646,0,1782360961.9833858,0.001998424530029297
198375,normal,828,2,1782360961.985387,0.0020012855529785156
198376,normal,2365,0,1782360961.988205,0.002817869186401367
198377,normal,1224,0,1782360961.98963,0.001425027847290039
198378,normal,342,0,1782360961.9913495,0.0017194747924804688
198379,normal,1023,2,1782360961.9934258,0.002076387405395508
198380,normal,2799,0,1782360961.99542,0.0019941329956054688
198381,normal,2093,0,1782360961.997341,0.001920938491821289
198382,normal,556,0,1782360961.9995582,0.0022172927856445312
198383,normal,815,2,1782360962.0015533,0.001995086669921875
198384,normal,2229,0,1782360962.0034542,0.0019009113311767578
198385,normal,3656,0,1782360962.0054266,0.0019724369049072266
198386,normal,1391,0,1782360962.0074294,0.002002716064453125
198387,normal,2331,0,1782360962.009433,0.0020036697387695312
198388,normal,1304,0,1782360962.0114362,0.002003192901611328
198389,normal,663,0,1782360962.0135832,0.0021469593048095703
198390,normal,309,0,1782360962.0155282,0.0019450187683105469
198391,normal,927,2,1782360962.017548,0.0020198822021484375
198392,normal,2439,0,1782360962.0195322,0.001984119415283203
198393,normal,1604,0,1782360962.0214863,0.0019540786743164062
198394,normal,1285,0,1782360962.0235097,0.002023458480834961
198395,normal,751,0,1782360962.025553,0.0020432472229003906
198396,normal,1016,2,1782360962.0277276,0.0021746158599853516
198397,normal,1598,0,1782360962.0295398,0.0018122196197509766
198398,normal,310,0,1782360962.0314312,0.0018913745880126953
198399,normal,1631,0,1782360962.0334804,0.0020492076873779297
198400,normal,1137,0,1782360962.0356126,0.0021321773529052734
198401,normal,998,2,1782360962.0374343,0.001821756362915039
198402,normal,3538,0,1782360962.0393968,0.001962423324584961
198403,normal,302,0,1782360962.041312,0.0019152164459228516
198404,normal,2593,0,1782360962.043424,0.0021119117736816406
198405,normal,2073,0,1782360962.0453606,0.0019366741180419922
198406,normal,2356,0,1782360962.0474322,0.0020716190338134766
198407,normal,3356,1,1782360962.0494218,0.001989603042602539
198408,normal,3095,1,1782360962.0513375,0.0019156932830810547
198409,normal,827,2,1782360962.0534592,0.0021216869354248047
198410,normal,2379,0,1782360962.055485,0.0020258426666259766
198411,normal,2547,0,1782360962.0575166,0.002031564712524414
198412,normal,2992,0,1782360962.059393,0.0018763542175292969
198413,normal,1086,0,1782360962.061396,0.0020029544830322266
198414,normal,3050,1,1782360962.0634687,0.0020728111267089844
198415,normal,1060,0,1782360962.0654025,0.0019338130950927734
198416,normal,2194,0,1782360962.0675187,0.0021162033081054688
198417,normal,59,0,1782360962.0693455,0.0018267631530761719
198418,normal,319,0,1782360962.0714042,0.002058744430541992
198419,normal,2988,0,1782360962.0733397,0.0019354820251464844
198420,normal,1447,0,1782360962.0754263,0.002086639404296875
198421,normal,3363,1,1782360962.077332,0.001905679702758789
198422,normal,1334,1,1782360962.0793922,0.0020601749420166016
198423,normal,1807,0,1782360962.0814242,0.002032041549682617
198424,normal,3555,0,1782360962.0834353,0.0020110607147216797
198425,normal,1424,0,1782360962.0856013,0.0021660327911376953
198426,normal,3246,1,1782360962.0873544,0.001753091812133789
198427,normal,3195,1,1782360962.0894158,0.0020613670349121094
198428,normal,3645,0,1782360962.0914211,0.002005338668823242
198429,normal,1990,0,1782360962.0934134,0.0019922256469726562
198430,normal,430,0,1782360962.095416,0.002002716064453125
198431,normal,502,0,1782360962.0974128,0.001996755599975586
198432,normal,387,0,1782360962.0994644,0.0020515918731689453
198433,normal,3534,0,1782360962.1014867,0.002022266387939453
198434,normal,2732,0,1782360962.1035092,0.0020225048065185547
198435,normal,1962,0,1782360962.105435,0.0019257068634033203
198436,normal,3630,0,1782360962.1074522,0.0020172595977783203
198437,normal,2591,0,1782360962.1094284,0.0019762516021728516
198438,normal,2258,0,1782360962.1114283,0.0019998550415039062
198439,normal,2312,0,1782360962.113439,0.002010822296142578
198440,normal,2374,0,1782360962.115394,0.0019550323486328125
198441,normal,1389,0,1782360962.1173983,0.0020041465759277344
198442,normal,1896,0,1782360962.119392,0.0019936561584472656
198443,normal,2103,0,1782360962.1214728,0.0020809173583984375
198444,normal,2800,0,1782360962.1235044,0.002031564712524414
198445,normal,3691,0,1782360962.1253657,0.0018613338470458984
198446,normal,1980,0,1782360962.1274836,0.0021178722381591797
198447,normal,1638,0,1782360962.129597,0.00211334228515625
198448,normal,299,0,1782360962.131712,0.002115011215209961
198449,normal,1481,0,1782360962.1334462,0.0017342567443847656
198450,normal,8,0,1782360962.135507,0.0020608901977539062
198451,normal,76,0,1782360962.1374764,0.0019693374633789062
198452,normal,2296,0,1782360962.1394312,0.001954793930053711
198453,normal,2038,0,1782360962.1414144,0.001983165740966797
198454,normal,1280,0,1782360962.1433425,0.001928091049194336
198455,normal,1059,0,1782360962.1455538,0.002211332321166992
198456,normal,2058,0,1782360962.1475334,0.0019795894622802734
198457,normal,1004,2,1782360962.1494114,0.0018780231475830078
198458,normal,240,0,1782360962.151401,0.001989603042602539
198459,normal,504,0,1782360962.153382,0.001981019973754883
198460,normal,3062,1,1782360962.1553843,0.002002239227294922
198461,normal,878,2,1782360962.1578572,0.0024728775024414062
198462,normal,1465,0,1782360962.1595094,0.0016522407531738281
198463,normal,1764,0,1782360962.1615705,0.002061128616333008
198464,normal,1699,0,1782360962.1635587,0.0019881725311279297
198465,normal,2320,0,1782360962.165346,0.0017871856689453125
198466,normal,1592,0,1782360962.1674223,0.002076387405395508
198467,normal,2664,0,1782360962.1694467,0.002024412155151367
198468,normal,278,0,1782360962.1714363,0.001989603042602539
198469,normal,1566,0,1782360962.1736357,0.002199411392211914
198470,normal,922,2,1782360962.1755197,0.0018839836120605469
198471,normal,3582,0,1782360962.1773272,0.0018074512481689453
198472,normal,631,0,1782360962.1794105,0.002083301544189453
198473,normal,3355,1,1782360962.1814384,0.0020279884338378906
198474,normal,3194,1,1782360962.1834311,0.0019927024841308594
198475,normal,2327,0,1782360962.1854398,0.002008676528930664
198476,normal,2184,0,1782360962.187629,0.002189159393310547
198477,normal,2802,0,1782360962.1895118,0.001882791519165039
198478,normal,3604,0,1782360962.1915393,0.0020275115966796875
198479,normal,3622,0,1782360962.1935446,0.002005338668823242
198480,normal,1044,0,1782360962.195496,0.001951456069946289
198481,normal,3621,0,1782360962.1974778,0.0019817352294921875
198482,normal,243,0,1782360962.199652,0.0021741390228271484
198483,normal,3557,0,1782360962.2015657,0.0019137859344482422
198484,normal,1812,0,1782360962.203604,0.002038240432739258
198485,normal,545,0,1782360962.205406,0.0018019676208496094
198486,normal,1854,0,1782360962.2074928,0.0020868778228759766
198487,normal,2036,0,1782360962.2095647,0.002071857452392578
198488,normal,1535,0,1782360962.2114208,0.001856088638305664
198489,normal,2991,0,1782360962.2133012,0.0018804073333740234
198490,normal,2663,0,1782360962.2155147,0.0022134780883789062
198491,normal,2238,0,1782360962.2174673,0.0019526481628417969
198492,normal,929,2,1782360962.2194357,0.0019683837890625
198493,normal,2864,0,1782360962.2214022,0.0019664764404296875
198494,normal,3457,0,1782360962.223526,0.0021238327026367188
198495,normal,285,0,1782360962.225426,0.0018999576568603516
198496,normal,2341,0,1782360962.2276878,0.0022618770599365234
198497,normal,170,0,1782360962.2294037,0.0017158985137939453
198498,normal,459,0,1782360962.2314644,0.0020606517791748047
198499,normal,3019,0,1782360962.2333658,0.001901388168334961
198500,normal,2645,0,1782360962.2354438,0.0020780563354492188
198501,normal,7,0,1782360962.2373543,0.0019104480743408203
198502,normal,2476,0,1782360962.239437,0.00208282470703125
198503,normal,64,0,1782360962.2414436,0.00200653076171875
198504,normal,1618,0,1782360962.2434478,0.0020041465759277344
198505,normal,2255,0,1782360962.2455156,0.0020678043365478516
198506,normal,1723,0,1782360962.2475634,0.0020477771759033203
198507,normal,4,0,1782360962.249436,0.0018725395202636719
198508,normal,592,0,1782360962.251418,0.0019822120666503906
198509,normal,1890,0,1782360962.2534156,0.0019974708557128906
198510,normal,2515,0,1782360962.2554173,0.0020017623901367188
198511,normal,2497,0,1782360962.2574239,0.00200653076171875
198512,normal,2498,0,1782360962.2594752,0.0020513534545898438
198513,normal,3503,0,1782360962.2614703,0.001995086669921875
198514,normal,2152,0,1782360962.2634945,0.0020241737365722656
198515,normal,1450,0,1782360962.265465,0.001970529556274414
198516,normal,572,0,1782360962.2674286,0.0019636154174804688
198517,normal,2205,0,1782360962.2694278,0.0019991397857666016
198518,normal,2107,0,1782360962.271454,0.0020263195037841797
198519,normal,991,2,1782360962.2733927,0.0019385814666748047
198520,normal,3271,1,1782360962.2753966,0.002003908157348633
198521,normal,3144,1,1782360962.2773943,0.001997709274291992
198522,normal,3245,1,1782360962.2793941,0.0019998550415039062
198523,normal,25,0,1782360962.281561,0.002166748046875
198524,normal,167,0,1782360962.2834823,0.0019214153289794922
198525,normal,2708,0,1782360962.2854974,0.0020151138305664062
198526,normal,2691,0,1782360962.287496,0.0019986629486083984
198527,normal,3232,1,1782360962.2895539,0.002057790756225586
198528,normal,797,2,1782360962.291549,0.001995086669921875
198529,normal,3568,0,1782360962.2936773,0.0021283626556396484
198530,normal,3665,0,1782360962.2955647,0.0018873214721679688
198531,normal,812,2,1782360962.2973013,0.0017366409301757812
198532,normal,1734,0,1782360962.2993808,0.002079486846923828
198533,normal,1207,0,1782360962.301385,0.0020041465759277344
198534,normal,643,0,1782360962.3033826,0.001997709274291992
198535,normal,2400,0,1782360962.3056135,0.0022308826446533203
198536,normal,3453,0,1782360962.3073997,0.0017862319946289062
198537,normal,2854,0,1782360962.3093803,0.0019805431365966797
198538,normal,2761,0,1782360962.3113787,0.001998424530029297
198539,normal,2874,0,1782360962.3133798,0.002001047134399414
198540,normal,990,2,1782360962.3154838,0.002104043960571289
198541,normal,806,2,1782360962.3175724,0.0020885467529296875
198542,normal,143,0,1782360962.3195975,0.002025127410888672
198543,normal,1709,0,1782360962.3215454,0.0019478797912597656
198544,normal,2429,0,1782360962.323513,0.0019676685333251953
198545,normal,1346,1,1782360962.325452,0.0019390583038330078
198546,normal,3395,1,1782360962.3274405,0.0019884109497070312
198547,normal,2396,0,1782360962.329431,0.0019905567169189453
198548,normal,1331,1,1782360962.3314319,0.0020008087158203125
198549,normal,11,0,1782360962.3337588,0.00232696533203125
198550,normal,981,2,1782360962.3353477,0.0015888214111328125
198551,normal,2244,0,1782360962.337412,0.0020644664764404297
198552,normal,563,0,1782360962.3394167,0.0020046234130859375
198553,normal,2119,0,1782360962.3414156,0.0019989013671875
198554,normal,1782,0,1782360962.3434298,0.00201416015625
198555,normal,351,0,1782360962.3453333,0.001903533935546875
198556,normal,3650,0,1782360962.3473942,0.0020608901977539062
198557,normal,200,0,1782360962.3494105,0.002016305923461914
198558,normal,860,2,1782360962.3514202,0.0020096302032470703
198559,normal,2633,0,1782360962.353349,0.0019288063049316406
198560,normal,676,0,1782360962.35534,0.0019910335540771484
198561,normal,2118,0,1782360962.3575156,0.002175569534301758
198562,normal,242,0,1782360962.359382,0.0018663406372070312
198563,normal,513,0,1782360962.3614075,0.002025604248046875
198564,normal,222,0,1782360962.3633904,0.0019829273223876953
198565,normal,497,0,1782360962.3655324,0.0021419525146484375
198566,normal,1914,0,1782360962.3674479,0.0019154548645019531
198567,normal,122,0,1782360962.3696043,0.002156496047973633
198568,normal,1595,0,1782360962.3714597,0.0018553733825683594
198569,normal,3513,0,1782360962.3735044,0.002044677734375
198570,normal,2940,0,1782360962.3758066,0.0023021697998046875
198571,normal,2930,0,1782360962.377777,0.001970529556274414
198572,normal,3348,1,1782360962.3794463,0.001669168472290039
198573,normal,465,0,1782360962.3813264,0.0018801689147949219
198574,normal,824,2,1782360962.3834,0.002073526382446289
198575,normal,1107,0,1782360962.385418,0.002017974853515625
198576,normal,3207,1,1782360962.3873048,0.0018868446350097656
198577,normal,83,0,1782360962.3895495,0.002244710922241211
198578,normal,3067,1,1782360962.3915544,0.002004861831665039
198579,normal,210,0,1782360962.393448,0.001893758773803711
198580,normal,1367,1,1782360962.3955998,0.0021517276763916016
198581,normal,306,0,1782360962.3975136,0.0019137859344482422
198582,normal,2419,0,1782360962.3996494,0.002135753631591797
198583,normal,600,0,1782360962.401388,0.0017385482788085938
198584,normal,2026,0,1782360962.4034562,0.0020682811737060547
198585,normal,2706,0,1782360962.4054797,0.002023458480834961
198586,normal,249,0,1782360962.407397,0.0019173622131347656
198587,normal,2106,0,1782360962.409517,0.0021200180053710938
198588,normal,116,0,1782360962.4113388,0.001821756362915039
198589,normal,2995,0,1782360962.4134212,0.002082347869873047
198590,normal,1968,0,1782360962.415416,0.0019948482513427734
198591,normal,622,0,1782360962.4173315,0.0019154548645019531
198592,normal,3639,0,1782360962.4194086,0.0020771026611328125
198593,normal,2069,0,1782360962.4214199,0.0020112991333007812
198594,normal,98,0,1782360962.4234262,0.0020062923431396484
198595,normal,2897,0,1782360962.4254348,0.002008676528930664
198596,normal,3530,0,1782360962.4274685,0.002033710479736328
198597,normal,1077,0,1782360962.429486,0.002017498016357422
198598,normal,2692,0,1782360962.4314106,0.0019245147705078125
198599,normal,2237,0,1782360962.433407,0.0019965171813964844
198600,normal,3629,0,1782360962.4354212,0.00201416015625
198601,normal,1110,0,1782360962.4374123,0.0019910335540771484
198602,normal,3205,1,1782360962.4394062,0.001993894577026367
198603,normal,1388,0,1782360962.4414427,0.002036571502685547
198604,normal,2544,0,1782360962.4434834,0.0020406246185302734
198605,normal,915,2,1782360962.4458923,0.0024089813232421875
198606,normal,2722,0,1782360962.447376,0.0014836788177490234
198607,normal,2600,0,1782360962.4494271,0.002051115036010742
198608,normal,2455,0,1782360962.4514482,0.0020210742950439453
198609,normal,2102,0,1782360962.453457,0.0020089149475097656
198610,normal,3315,1,1782360962.4553897,0.0019326210021972656
198611,normal,1422,0,1782360962.4573855,0.0019958019256591797
198612,normal,2389,0,1782360962.4593842,0.0019986629486083984
198613,normal,712,0,1782360962.4614453,0.002061128616333008
198614,normal,3021,0,1782360962.4634917,0.002046346664428711
198615,normal,3518,0,1782360962.465362,0.0018703937530517578
198616,normal,2530,0,1782360962.467482,0.0021200180053710938
198617,normal,1105,0,1782360962.4695985,0.0021164417266845703
198618,normal,3322,1,1782360962.471629,0.0020303726196289062
198619,normal,1810,0,1782360962.4734185,0.0017895698547363281
198620,normal,3320,1,1782360962.4755588,0.0021402835845947266
198621,normal,723,0,1782360962.4775343,0.001975536346435547
198622,normal,3069,1,1782360962.4794729,0.0019385814666748047
198623,normal,2604,0,1782360962.4813998,0.0019268989562988281
198624,normal,3594,0,1782360962.483382,0.0019822120666503906
198625,normal,2595,0,1782360962.4853868,0.002004861831665039
198626,normal,936,2,1782360962.487624,0.002237081527709961
198627,normal,2927,0,1782360962.4892964,0.001672506332397461
198628,normal,908,2,1782360962.4913766,0.002080202102661133
198629,normal,1639,0,1782360962.4933803,0.0020036697387695312
198630,normal,3304,1,1782360962.495383,0.002002716064453125
198631,normal,1861,0,1782360962.4978304,0.002447366714477539
198632,normal,2368,0,1782360962.499758,0.0019276142120361328
198633,normal,645,0,1782360962.5013866,0.0016286373138427734
198634,normal,3500,0,1782360962.503616,0.002229452133178711
198635,normal,2701,0,1782360962.5054119,0.0017957687377929688
198636,normal,1182,0,1782360962.5074117,0.0019998550415039062
198637,normal,769,0,1782360962.5094206,0.0020089149475097656
198638,normal,314,0,1782360962.5114229,0.002002239227294922
198639,normal,1459,0,1782360962.5136504,0.0022275447845458984
198640,normal,2979,0,1782360962.5153697,0.0017192363739013672
198641,normal,3295,1,1782360962.5174263,0.002056598663330078
198642,normal,2869,0,1782360962.5194433,0.0020170211791992188
198643,normal,3358,1,1782360962.521451,0.002007722854614258
198644,normal,635,0,1782360962.5234532,0.002002239227294922
198645,normal,2771,0,1782360962.5268795,0.0034263134002685547
198646,normal,345,0,1782360962.5273926,0.0005130767822265625
198647,normal,505,0,1782360962.530251,0.002858400344848633
198648,normal,1662,0,1782360962.5316923,0.0014412403106689453
198649,normal,542,0,1782360962.5333211,0.001628875732421875
198650,normal,100,0,1782360962.5358534,0.0025322437286376953
198651,normal,538,0,1782360962.5375392,0.0016858577728271484
198652,normal,867,2,1782360962.5398984,0.002359151840209961
198653,normal,2336,0,1782360962.541901,0.002002716064453125
198654,normal,363,0,1782360962.54343,0.0015289783477783203
198655,normal,547,0,1782360962.545316,0.0018858909606933594
198656,normal,227,0,1782360962.5474222,0.002106189727783203
198657,normal,3586,0,1782360962.549466,0.0020437240600585938
198658,normal,1550,0,1782360962.5514536,0.0019876956939697266
198659,normal,1527,0,1782360962.5534315,0.0019779205322265625
198660,normal,2617,0,1782360962.5553343,0.0019028186798095703
198661,normal,578,0,1782360962.5574086,0.0020742416381835938
198662,normal,3565,0,1782360962.5594008,0.0019922256469726562
198663,normal,3479,0,1782360962.5614793,0.002078533172607422
198664,normal,63,0,1782360962.563517,0.0020377635955810547
198665,normal,1997,0,1782360962.5654967,0.0019795894622802734
198666,normal,20,0,1782360962.5673933,0.0018966197967529297
198667,normal,286,0,1782360962.569465,0.0020716190338134766
198668,normal,2035,0,1782360962.5714731,0.002008199691772461
198669,normal,1952,0,1782360962.5734167,0.0019435882568359375
198670,normal,126,0,1782360962.5754967,0.0020799636840820312
198671,normal,3666,0,1782360962.5773845,0.0018877983093261719
198672,normal,3407,0,1782360962.5794258,0.002041339874267578
198673,normal,500,0,1782360962.5813305,0.0019047260284423828
198674,normal,135,0,1782360962.5834146,0.002084016799926758
198675,normal,3393,1,1782360962.5853307,0.0019161701202392578
198676,normal,2493,0,1782360962.587425,0.002094268798828125
198677,normal,579,0,1782360962.5894299,0.002004861831665039
198678,normal,897,2,1782360962.5914378,0.0020079612731933594
198679,normal,1125,0,1782360962.5935001,0.0020623207092285156
198680,normal,1198,0,1782360962.595441,0.0019409656524658203
198681,normal,1776,0,1782360962.5975385,0.0020973682403564453
198682,normal,2880,0,1782360962.599418,0.0018794536590576172
198683,normal,1057,0,1782360962.601413,0.001995086669921875
198684,normal,3189,1,1782360962.6034415,0.0020284652709960938
198685,normal,1560,0,1782360962.6053255,0.0018839836120605469
198686,normal,2062,0,1782360962.6074493,0.0021238327026367188
198687,normal,107,0,1782360962.6094873,0.0020380020141601562
198688,normal,1274,0,1782360962.6116438,0.002156496047973633
198689,normal,3520,0,1782360962.613419,0.0017752647399902344
198690,normal,2829,0,1782360962.6154282,0.002009153366088867
198691,normal,2156,0,1782360962.6174445,0.002016305923461914
198692,normal,78,0,1782360962.6194084,0.0019638538360595703
198693,normal,2655,0,1782360962.6213014,0.0018930435180664062
198694,normal,707,0,1782360962.6233838,0.002082347869873047
198695,normal,741,0,1782360962.6253836,0.0019998550415039062
198696,normal,3283,1,1782360962.6274354,0.002051830291748047
198697,normal,1094,0,1782360962.6294885,0.0020530223846435547
198698,normal,1537,0,1782360962.6314871,0.0019986629486083984
198699,normal,1569,0,1782360962.6335683,0.002081155776977539
198700,normal,805,2,1782360962.6354806,0.0019123554229736328
198701,normal,2955,0,1782360962.637686,0.002205371856689453
198702,normal,3389,1,1782360962.639416,0.0017299652099609375
198703,normal,946,2,1782360962.64157,0.002154111862182617
198704,normal,2193,0,1782360962.6436787,0.0021085739135742188
198705,normal,1799,0,1782360962.6453414,0.0016627311706542969
198706,normal,2919,0,1782360962.6473894,0.002048015594482422
198707,normal,474,0,1782360962.6493912,0.0020017623901367188
198708,normal,3145,1,1782360962.651384,0.001992940902709961
198709,normal,3553,0,1782360962.653493,0.0021088123321533203
198710,normal,1762,0,1782360962.6554458,0.0019528865814208984
198711,normal,2631,0,1782360962.6573846,0.0019388198852539062
198712,normal,2665,0,1782360962.659384,0.001999378204345703
198713,normal,2040,0,1782360962.6613822,0.0019981861114501953
198714,normal,1067,0,1782360962.6633863,0.0020041465759277344
198715,normal,1223,0,1782360962.666288,0.0029015541076660156
198716,normal,2425,0,1782360962.6677976,0.0015096664428710938
198717,normal,1729,0,1782360962.6693668,0.0015692710876464844
198718,normal,1994,0,1782360962.67144,0.002073049545288086
198719,normal,690,0,1782360962.673426,0.0019860267639160156
198720,normal,3337,1,1782360962.675439,0.002012968063354492
198721,normal,960,2,1782360962.6775513,0.0021123886108398438
198722,normal,3170,1,1782360962.6795695,0.0020182132720947266
198723,normal,2185,0,1782360962.681336,0.0017664432525634766
198724,normal,3404,0,1782360962.6834238,0.002087831497192383
198725,normal,1260,0,1782360962.6854305,0.0020067691802978516
198726,normal,3180,1,1782360962.6874409,0.002010345458984375
198727,normal,1625,0,1782360962.6894367,0.0019958019256591797
198728,normal,630,0,1782360962.6916108,0.0021741390228271484
198729,normal,967,2,1782360962.6935363,0.0019254684448242188
198730,normal,162,0,1782360962.6954727,0.0019364356994628906
198731,normal,567,0,1782360962.6975496,0.002076864242553711
198732,normal,2522,0,1782360962.6994987,0.0019490718841552734
198733,normal,2632,0,1782360962.7015092,0.0020105838775634766
198734,normal,737,0,1782360962.703536,0.002026796340942383
198735,normal,3624,0,1782360962.705758,0.0022220611572265625
198736,normal,2075,0,1782360962.7075202,0.0017621517181396484
198737,normal,1585,0,1782360962.7094524,0.0019321441650390625
198738,normal,2441,0,1782360962.711523,0.0020706653594970703
198739,normal,849,2,1782360962.7137508,0.002227783203125
198740,normal,2262,0,1782360962.7154305,0.0016796588897705078
198741,normal,149,0,1782360962.7173924,0.001961946487426758
198742,normal,2,0,1782360962.7194364,0.0020439624786376953
198743,normal,2376,0,1782360962.721423,0.0019865036010742188
198744,normal,1199,0,1782360962.723345,0.0019221305847167969
198745,normal,2852,0,1782360962.725431,0.0020859241485595703
198746,normal,697,0,1782360962.7274153,0.0019843578338623047
198747,normal,3328,1,1782360962.729404,0.001988649368286133
198748,normal,2048,0,1782360962.7314453,0.002041339874267578
198749,normal,2200,0,1782360962.733494,0.0020487308502197266
198750,normal,236,0,1782360962.735538,0.0020439624786376953
198751,normal,1001,2,1782360962.73739,0.0018520355224609375
198752,normal,3065,1,1782360962.7393975,0.0020074844360351562
198753,normal,1738,0,1782360962.7414737,0.0020761489868164062
198754,normal,1817,0,1782360962.743401,0.0019273757934570312
198755,normal,1241,0,1782360962.7455118,0.002110719680786133
198756,normal,1873,0,1782360962.7473555,0.0018436908721923828
198757,normal,923,2,1782360962.7494042,0.0020487308502197266
198758,normal,543,0,1782360962.7514253,0.0020210742950439453
198759,normal,3252,1,1782360962.753337,0.0019116401672363281
198760,normal,3253,1,1782360962.7554183,0.0020813941955566406
198761,normal,3436,0,1782360962.757415,0.001996755599975586
198762,normal,1923,0,1782360962.759419,0.002003908157348633
198763,normal,416,0,1782360962.7614346,0.0020155906677246094
198764,normal,431,0,1782360962.7634926,0.0020580291748046875
198765,normal,3031,0,1782360962.7654908,0.0019981861114501953
198766,normal,2789,0,1782360962.767414,0.0019233226776123047
198767,normal,2843,0,1782360962.7694135,0.001999378204345703
198768,normal,1441,0,1782360962.7714112,0.001997709274291992
198769,normal,334,0,1782360962.7734187,0.0020074844360351562
198770,normal,2213,0,1782360962.7754207,0.0020020008087158203
198771,normal,1898,0,1782360962.7774603,0.002039670944213867
198772,normal,672,0,1782360962.7794867,0.0020263195037841797
198773,normal,455,0,1782360962.781487,0.0020003318786621094
198774,normal,2937,0,1782360962.7835045,0.002017498016357422
198775,normal,689,0,1782360962.785357,0.0018525123596191406
198776,normal,2329,0,1782360962.7874243,0.0020673274993896484
198777,normal,1121,0,1782360962.7894228,0.001998424530029297
198778,normal,2197,0,1782360962.7914329,0.0020101070404052734
198779,normal,1519,0,1782360962.7934124,0.0019795894622802734
198780,normal,311,0,1782360962.7953947,0.0019822120666503906
198781,normal,3507,0,1782360962.7973943,0.0019996166229248047
198782,normal,1951,0,1782360962.7994611,0.0020668506622314453
198783,normal,591,0,1782360962.8014185,0.001957416534423828
198784,normal,1055,0,1782360962.803461,0.002042531967163086
198785,normal,2117,0,1782360962.8054855,0.002024412155151367
198786,normal,2491,0,1782360962.8074632,0.001977682113647461
198787,normal,2998,0,1782360962.809781,0.0023179054260253906
198788,normal,2916,0,1782360962.8116796,0.0018985271453857422
198789,normal,3614,0,1782360962.813446,0.0017664432525634766
198790,normal,3210,1,1782360962.8154883,0.0020422935485839844
198791,normal,821,2,1782360962.817403,0.0019147396087646484
198792,normal,557,0,1782360962.8193903,0.0019872188568115234
198793,normal,3659,0,1782360962.821393,0.002002716064453125
198794,normal,2753,0,1782360962.8234522,0.0020592212677001953
198795,normal,2958,0,1782360962.82544,0.0019876956939697266
198796,normal,1191,0,1782360962.827383,0.0019431114196777344
198797,normal,1917,0,1782360962.8293808,0.001997709274291992
198798,normal,3703,0,1782360962.8313923,0.002011537551879883
198799,normal,1572,0,1782360962.833507,0.0021147727966308594
198800,normal,91,0,1782360962.8356104,0.0021033287048339844
198801,normal,2236,0,1782360962.837498,0.0018875598907470703
198802,normal,1164,0,1782360962.8396258,0.0021278858184814453
198803,normal,1489,0,1782360962.8414598,0.0018339157104492188
198804,normal,3607,0,1782360962.843429,0.0019693374633789062
198805,normal,2129,0,1782360962.8454366,0.0020074844360351562
198806,normal,2597,0,1782360962.8474362,0.0019996166229248047
198807,normal,3105,1,1782360962.849594,0.002157926559448242
198808,normal,3268,1,1782360962.851628,0.0020339488983154297
198809,normal,2560,0,1782360962.8534317,0.0018036365509033203
198810,normal,1080,0,1782360962.8554184,0.0019867420196533203
198811,normal,2250,0,1782360962.8574214,0.0020029544830322266
198812,normal,2721,0,1782360962.8594265,0.0020051002502441406
198813,normal,780,2,1782360962.8614302,0.0020036697387695312
198814,normal,131,0,1782360962.863557,0.002126932144165039
198815,normal,3408,0,1782360962.86563,0.0020728111267089844
198816,normal,2948,0,1782360962.867465,0.0018351078033447266
198817,normal,3047,1,1782360962.8695326,0.00206756591796875
198818,normal,190,0,1782360962.8715773,0.002044677734375
198819,normal,1903,0,1782360962.8734658,0.0018885135650634766
198820,normal,745,0,1782360962.8753393,0.0018734931945800781
198821,normal,357,0,1782360962.877859,0.002519845962524414
198822,normal,2039,0,1782360962.8795302,0.0016710758209228516
198823,normal,829,2,1782360962.8814814,0.0019512176513671875
198824,normal,3099,1,1782360962.8837757,0.002294301986694336
198825,normal,2002,0,1782360962.8858802,0.002104520797729492
198826,normal,2235,0,1782360962.8873713,0.0014910697937011719
198827,normal,214,0,1782360962.8894012,0.002029895782470703
198828,normal,2787,0,1782360962.8913915,0.0019903182983398438
198829,normal,1551,0,1782360962.8934956,0.002104043960571289
198830,normal,982,2,1782360962.89547,0.001974344253540039
198831,normal,3341,1,1782360962.8974102,0.0019402503967285156
198832,normal,548,0,1782360962.8995147,0.002104520797729492
198833,normal,3298,1,1782360962.9015338,0.002019166946411133
198834,normal,1279,0,1782360962.90382,0.002286195755004883
198835,normal,287,0,1782360962.9054387,0.0016186237335205078
198836,normal,845,2,1782360962.9074576,0.0020189285278320312
198837,normal,3038,0,1782360962.9094691,0.002011537551879883
198838,normal,1628,0,1782360962.9114473,0.001978158950805664
198839,normal,1461,0,1782360962.913441,0.0019936561584472656
198840,normal,3472,0,1782360962.9153526,0.0019116401672363281
198841,normal,174,0,1782360962.9174428,0.0020902156829833984
198842,normal,3601,0,1782360962.9194517,0.0020089149475097656
198843,normal,3287,1,1782360962.921554,0.002102375030517578
198844,normal,1171,0,1782360962.9233587,0.0018045902252197266
198845,normal,3429,0,1782360962.9254408,0.0020821094512939453
198846,normal,1943,0,1782360962.9274344,0.0019936561584472656
198847,normal,671,0,1782360962.9294322,0.001997709274291992
198848,normal,1337,1,1782360962.931419,0.0019867420196533203
198849,normal,1900,0,1782360962.9334202,0.0020012855529785156
198850,normal,876,2,1782360962.9354734,0.0020532608032226562
198851,normal,2394,0,1782360962.9374866,0.0020132064819335938
198852,normal,2208,0,1782360962.9394877,0.002001047134399414
198853,normal,166,0,1782360962.9414127,0.0019249916076660156
198854,normal,1841,0,1782360962.9434285,0.002015829086303711
198855,normal,2540,0,1782360962.9454353,0.0020067691802978516
198856,normal,1656,0,1782360962.947516,0.002080678939819336
198857,normal,3220,1,1782360962.9494123,0.0018963813781738281
198858,normal,1786,0,1782360962.9514596,0.002047300338745117
198859,normal,1251,0,1782360962.953608,0.0021483898162841797
198860,normal,3476,0,1782360962.9554439,0.0018358230590820312
198861,normal,939,2,1782360962.9576273,0.0021834373474121094
198862,normal,259,0,1782360962.9594274,0.0018000602722167969
198863,normal,970,2,1782360962.9615843,0.002156972885131836
198864,normal,461,0,1782360962.963509,0.001924753189086914
198865,normal,1781,0,1782360962.9655676,0.0020585060119628906
198866,normal,1359,1,1782360962.9678125,0.0022449493408203125
198867,normal,869,2,1782360962.969457,0.0016443729400634766
198868,normal,2420,0,1782360962.9718182,0.002361297607421875
198869,normal,3465,0,1782360962.9736078,0.0017895698547363281
198870,normal,3567,0,1782360962.9753404,0.0017325878143310547
198871,normal,948,2,1782360962.9775224,0.0021820068359375
198872,normal,1486,0,1782360962.9795241,0.0020017623901367188
198873,normal,1505,0,1782360962.981423,0.0018987655639648438
198874,normal,2112,0,1782360962.9837887,0.0023658275604248047
198875,normal,3468,0,1782360962.9854221,0.0016334056854248047
198876,normal,2608,0,1782360962.9875295,0.002107381820678711
198877,normal,125,0,1782360962.989421,0.0018913745880126953
198878,normal,1758,0,1782360962.991519,0.00209808349609375
198879,normal,1831,0,1782360962.9935021,0.001983165740966797
198880,normal,3178,1,1782360962.995788,0.0022859573364257812
198881,normal,495,0,1782360962.9975698,0.0017817020416259766
198882,normal,3471,0,1782360962.9995298,0.0019600391387939453
198883,normal,933,2,1782360963.0015833,0.002053499221801758
198884,normal,3690,0,1782360963.0035777,0.0019943714141845703
198885,normal,341,0,1782360963.00544,0.0018622875213623047
198886,normal,773,2,1782360963.0075426,0.0021026134490966797
198887,normal,2378,0,1782360963.0095673,0.0020246505737304688
198888,normal,3695,0,1782360963.0117812,0.0022139549255371094
198889,normal,2413,0,1782360963.013349,0.001567840576171875
198890,normal,3182,1,1782360963.0155194,0.0021703243255615234
198891,normal,3009,0,1782360963.0174367,0.0019173622131347656
198892,normal,531,0,1782360963.0195417,0.0021049976348876953
198893,normal,2744,0,1782360963.0215433,0.002001523971557617
198894,normal,2313,0,1782360963.0234444,0.0019011497497558594
198895,normal,1254,0,1782360963.0255408,0.002096414566040039
198896,normal,2072,0,1782360963.0275755,0.0020346641540527344
198897,normal,271,0,1782360963.0293715,0.0017960071563720703
198898,normal,514,0,1782360963.031543,0.0021715164184570312
198899,normal,1966,0,1782360963.0336156,0.002072572708129883
198900,normal,618,0,1782360963.0355492,0.0019335746765136719
198901,normal,2646,0,1782360963.0375283,0.0019791126251220703
198902,normal,1676,0,1782360963.0396488,0.002120494842529297
198903,normal,3224,1,1782360963.0414853,0.001836538314819336
198904,normal,776,2,1782360963.0435166,0.0020313262939453125
198905,normal,2134,0,1782360963.04569,0.0021734237670898438
198906,normal,1988,0,1782360963.0477726,0.0020825862884521484
198907,normal,920,2,1782360963.0495455,0.0017728805541992188
198908,normal,598,0,1782360963.051539,0.001993417739868164
198909,normal,2601,0,1782360963.0535128,0.001973867416381836
198910,normal,3179,1,1782360963.0557444,0.002231597900390625
198911,normal,1664,0,1782360963.0574582,0.0017137527465820312
198912,normal,2359,0,1782360963.0595229,0.0020647048950195312
198913,normal,3098,1,1782360963.061423,0.0019001960754394531
198914,normal,2554,0,1782360963.0635364,0.00211334228515625
198915,normal,858,2,1782360963.0654383,0.001901865005493164
198916,normal,3510,0,1782360963.0675402,0.002101898193359375
198917,normal,2513,0,1782360963.0695343,0.0019941329956054688
198918,normal,3559,0,1782360963.0713873,0.0018529891967773438
198919,normal,3027,0,1782360963.0736222,0.002234935760498047
198920,normal,1088,0,1782360963.0756528,0.002030611038208008
198921,normal,1407,0,1782360963.0774465,0.0017936229705810547
198922,normal,1421,0,1782360963.079454,0.0020074844360351562
198923,normal,2747,0,1782360963.0815635,0.002109527587890625
198924,normal,3385,1,1782360963.0833726,0.0018091201782226562
198925,normal,1605,0,1782360963.085618,0.0022454261779785156
198926,normal,3380,1,1782360963.0875983,0.001980304718017578
198927,normal,3319,1,1782360963.0893123,0.0017139911651611328
198928,normal,471,0,1782360963.0915425,0.0022301673889160156
198929,normal,2387,0,1782360963.0935452,0.002002716064453125
198930,normal,3022,0,1782360963.0954385,0.0018932819366455078
198931,normal,789,2,1782360963.0974593,0.0020208358764648438
198932,normal,244,0,1782360963.099546,0.002086639404296875
198933,normal,1082,0,1782360963.101452,0.0019061565399169922
198934,normal,3705,0,1782360963.1035664,0.0021142959594726562
198935,normal,2699,0,1782360963.1056983,0.002131938934326172
198936,normal,851,2,1782360963.107352,0.0016536712646484375
198937,normal,3640,0,1782360963.10954,0.002187967300415039
198938,normal,2733,0,1782360963.1115384,0.001998424530029297
198939,normal,1496,0,1782360963.1134348,0.0018963813781738281
198940,normal,2781,0,1782360963.1155415,0.0021066665649414062
198941,normal,2653,0,1782360963.1175349,0.001993417739868164
198942,normal,1166,0,1782360963.119482,0.001947164535522461
198943,normal,1627,0,1782360963.1215088,0.002026796340942383
198944,normal,390,0,1782360963.1237688,0.002259969711303711
198945,normal,1555,0,1782360963.1268,0.0030312538146972656
198946,normal,2015,0,1782360963.127452,0.0006518363952636719
198947,normal,3318,1,1782360963.1295142,0.0020623207092285156
198948,normal,2635,0,1782360963.1315055,0.00199127197265625
198949,normal,1230,0,1782360963.1334453,0.0019397735595703125
198950,normal,1761,0,1782360963.1355333,0.0020880699157714844
198951,normal,1188,0,1782360963.1374252,0.0018918514251708984
198952,normal,817,2,1782360963.1395419,0.002116680145263672
198953,normal,58,0,1782360963.1416132,0.002071380615234375
198954,normal,3015,0,1782360963.1434958,0.0018825531005859375
198955,normal,2463,0,1782360963.1455355,0.002039670944213867
198956,normal,2001,0,1782360963.1475935,0.0020580291748046875
198957,normal,2348,0,1782360963.1494975,0.0019040107727050781
198958,normal,2689,0,1782360963.1516447,0.002147197723388672
198959,normal,810,2,1782360963.153472,0.001827239990234375
198960,normal,1912,0,1782360963.1556535,0.002181529998779297
198961,normal,3581,0,1782360963.1575031,0.0018496513366699219
198962,normal,661,0,1782360963.1595216,0.002018451690673828
198963,normal,1140,0,1782360963.1614237,0.0019021034240722656
198964,normal,3597,0,1782360963.163521,0.0020973682403564453
198965,normal,2801,0,1782360963.1655383,0.0020172595977783203
198966,normal,1937,0,1782360963.1675167,0.0019783973693847656
198967,normal,1035,0,1782360963.1694372,0.001920461654663086
198968,normal,2895,0,1782360963.1715188,0.002081632614135742
198969,normal,5,0,1782360963.1734233,0.0019044876098632812
198970,normal,1679,0,1782360963.1755214,0.00209808349609375
198971,normal,1497,0,1782360963.1780388,0.0025174617767333984
198972,normal,304,0,1782360963.1794233,0.0013844966888427734
198973,normal,2621,0,1782360963.181862,0.002438783645629883
198974,normal,1338,1,1782360963.1834645,0.0016024112701416016
198975,normal,2452,0,1782360963.185541,0.002076387405395508
198976,normal,1822,0,1782360963.187445,0.0019040107727050781
198977,normal,3595,0,1782360963.1895545,0.002109527587890625
198978,normal,1975,0,1782360963.1916254,0.002070903778076172
198979,normal,3037,0,1782360963.193424,0.0017986297607421875
198980,normal,475,0,1782360963.1953652,0.0019412040710449219
198981,normal,2656,0,1782360963.1974277,0.002062559127807617
198982,normal,3544,0,1782360963.1994483,0.002020597457885742
198983,normal,48,0,1782360963.2014608,0.002012491226196289
198984,normal,1653,0,1782360963.2034073,0.0019464492797851562
198985,normal,2775,0,1782360963.2054896,0.002082347869873047
198986,normal,110,0,1782360963.2080388,0.0025491714477539062
198987,normal,1960,0,1782360963.2096515,0.0016126632690429688
198988,normal,1303,0,1782360963.2113354,0.001683950424194336
198989,normal,3662,0,1782360963.2136266,0.0022912025451660156
198990,normal,989,2,1782360963.2154691,0.001842498779296875
198991,normal,3543,0,1782360963.2177243,0.0022552013397216797
198992,normal,993,2,1782360963.2198339,0.002109527587890625
198993,normal,343,0,1782360963.2213638,0.0015299320220947266
198994,normal,2859,0,1782360963.223331,0.001967191696166992
198995,normal,969,2,1782360963.2254052,0.0020742416381835938
198996,normal,2714,0,1782360963.227317,0.0019118785858154297
198997,normal,1610,0,1782360963.2294288,0.002111673355102539
198998,normal,2485,0,1782360963.231436,0.0020072460174560547
198999,normal,2615,0,1782360963.233313,0.0018770694732666016
199000,normal,3633,0,1782360963.2354178,0.0021047592163085938
199001,normal,2910,0,1782360963.2374341,0.002016305923461914
199002,normal,2606,0,1782360963.2394695,0.002035379409790039
199003,normal,1306,0,1782360963.2413695,0.0018999576568603516
199004,normal,230,0,1782360963.2434797,0.0021102428436279297
199005,normal,3484,0,1782360963.245313,0.001833200454711914
199006,normal,3577,0,1782360963.247463,0.0021500587463378906
199007,normal,2576,0,1782360963.2494588,0.0019958019256591797
199008,normal,1650,0,1782360963.2513964,0.0019376277923583984
199009,normal,2204,0,1782360963.2534497,0.0020532608032226562
199010,normal,2393,0,1782360963.2554755,0.0020258426666259766
199011,normal,3118,1,1782360963.257406,0.0019304752349853516
199012,normal,1471,0,1782360963.259343,0.0019369125366210938
199013,normal,590,0,1782360963.2614393,0.002096414566040039
199014,normal,3531,0,1782360963.263339,0.00189971923828125
199015,normal,1142,0,1782360963.2654333,0.002094268798828125
199016,normal,85,0,1782360963.2674952,0.0020618438720703125
199017,normal,3701,0,1782360963.2694159,0.0019207000732421875
199018,normal,128,0,1782360963.2715006,0.0020847320556640625
199019,normal,284,0,1782360963.2734349,0.0019342899322509766
199020,normal,1996,0,1782360963.2754197,0.001984834671020508
199021,normal,1516,0,1782360963.2774236,0.002003908157348633
199022,normal,1394,0,1782360963.279429,0.002005338668823242
199023,normal,2972,0,1782360963.2814195,0.0019905567169189453
199024,normal,3420,0,1782360963.2834177,0.0019981861114501953
199025,normal,873,2,1782360963.2854502,0.0020325183868408203
199026,normal,3495,0,1782360963.2873614,0.001911163330078125
199027,normal,3394,1,1782360963.2895193,0.002157926559448242
199028,normal,1894,0,1782360963.2914495,0.00193023681640625
199029,normal,1345,1,1782360963.293409,0.001959562301635742
199030,normal,2175,0,1782360963.2954493,0.0020401477813720703
199031,normal,1961,0,1782360963.2975166,0.0020673274993896484
199032,normal,2581,0,1782360963.299359,0.001842498779296875
199033,normal,1126,0,1782360963.3014066,0.0020475387573242188
199034,normal,30,0,1782360963.3034058,0.0019991397857666016
199035,normal,1700,0,1782360963.305433,0.002027273178100586
199036,normal,2578,0,1782360963.307457,0.002023935317993164
199037,normal,1795,0,1782360963.3094704,0.0020134449005126953
199038,normal,336,0,1782360963.3114324,0.001961946487426758
199039,normal,1460,0,1782360963.3134503,0.002017974853515625
199040,normal,847,2,1782360963.315514,0.002063751220703125
199041,normal,891,2,1782360963.3173647,0.0018506050109863281
199042,normal,1042,0,1782360963.3195293,0.002164602279663086
199043,normal,820,2,1782360963.321504,0.001974821090698242
199044,normal,2091,0,1782360963.3233244,0.0018203258514404297
199045,normal,1365,1,1782360963.3254101,0.0020856857299804688
199046,normal,3316,1,1782360963.3274255,0.002015352249145508
199047,normal,41,0,1782360963.3294077,0.0019822120666503906
199048,normal,2939,0,1782360963.331474,0.002066373825073242
199049,normal,3423,0,1782360963.3334148,0.0019407272338867188
199050,normal,2034,0,1782360963.3354213,0.00200653076171875
199051,normal,1938,0,1782360963.3374043,0.0019829273223876953
199052,normal,736,0,1782360963.339411,0.0020067691802978516
199053,normal,1243,0,1782360963.3414943,0.002083301544189453
199054,normal,2503,0,1782360963.3437245,0.0022301673889160156
199055,normal,3044,0,1782360963.3454447,0.0017201900482177734
199056,normal,180,0,1782360963.3473334,0.0018887519836425781
199057,normal,1073,0,1782360963.3495538,0.0022203922271728516
199058,normal,3706,0,1782360963.3513553,0.0018014907836914062
199059,normal,2538,0,1782360963.353494,0.0021386146545410156
199060,normal,2557,0,1782360963.355563,0.0020689964294433594
199061,normal,1915,0,1782360963.3574889,0.0019259452819824219
199062,normal,1024,2,1782360963.3594236,0.0019347667694091797
199063,normal,861,2,1782360963.3615568,0.0021331310272216797
199064,normal,1821,0,1782360963.36357,0.0020132064819335938
199065,normal,2986,0,1782360963.3654654,0.0018954277038574219
199066,normal,3626,0,1782360963.3675609,0.002095460891723633
199067,normal,2899,0,1782360963.3697095,0.0021486282348632812
199068,normal,983,2,1782360963.371523,0.0018134117126464844
199069,normal,2602,0,1782360963.373516,0.0019931793212890625
199070,normal,2607,0,1782360963.375647,0.0021309852600097656
199071,normal,444,0,1782360963.3774772,0.0018301010131835938
199072,normal,405,0,1782360963.3796132,0.0021359920501708984
199073,normal,3122,1,1782360963.3816943,0.002081155776977539
199074,normal,2271,0,1782360963.3837142,0.0020198822021484375
199075,normal,3499,0,1782360963.3855329,0.0018186569213867188
199076,normal,478,0,1782360963.3875475,0.002014636993408203
199077,normal,3524,0,1782360963.3894854,0.0019378662109375
199078,normal,14,0,1782360963.3918438,0.0023584365844726562
199079,normal,719,0,1782360963.3934486,0.0016047954559326172
199080,normal,2978,0,1782360963.3954465,0.0019979476928710938
199081,normal,2536,0,1782360963.397423,0.001976490020751953
199082,normal,539,0,1782360963.399529,0.0021059513092041016
199083,normal,1875,0,1782360963.4013562,0.001827239990234375
199084,normal,2674,0,1782360963.4035246,0.002168416976928711
199085,normal,3326,1,1782360963.4055307,0.002006053924560547
199086,normal,2006,0,1782360963.4074337,0.0019030570983886719
199087,normal,1409,0,1782360963.409567,0.0021333694458007812
199088,normal,1123,0,1782360963.4116185,0.0020513534545898438
199089,normal,884,2,1782360963.4135356,0.001917123794555664
199090,normal,1322,1,1782360963.4154258,0.0018901824951171875
199091,normal,959,2,1782360963.417535,0.0021092891693115234
199092,normal,3059,1,1782360963.4194744,0.0019392967224121094
199093,normal,2405,0,1782360963.4215152,0.002040863037109375
199094,normal,435,0,1782360963.4236405,0.002125263214111328
199095,normal,1823,0,1782360963.4253922,0.0017516613006591797
199096,normal,2457,0,1782360963.4275181,0.002125978469848633
199097,normal,193,0,1782360963.4295387,0.002020597457885742
199098,normal,2820,0,1782360963.4313567,0.001817941665649414
199099,normal,984,2,1782360963.4335446,0.002187967300415039
199100,normal,3113,1,1782360963.4355376,0.001992940902709961
199101,normal,3272,1,1782360963.4374568,0.0019192695617675781
199102,normal,2807,0,1782360963.4395628,0.0021059513092041016
199103,normal,2474,0,1782360963.441621,0.002058267593383789
199104,normal,2434,0,1782360963.4435055,0.00188446044921875
199105,normal,1652,0,1782360963.4455411,0.0020356178283691406
199106,normal,1049,0,1782360963.4475431,0.0020020008087158203
199107,normal,2896,0,1782360963.4494388,0.0018956661224365234
199108,normal,2483,0,1782360963.4515512,0.0021123886108398438
199109,normal,680,0,1782360963.4535434,0.0019922256469726562
199110,normal,735,0,1782360963.4554849,0.0019414424896240234
199111,normal,2887,0,1782360963.4576147,0.002129793167114258
199112,normal,3398,1,1782360963.4596305,0.002015829086303711
199113,normal,1779,0,1782360963.4614646,0.0018341541290283203
199114,normal,3419,0,1782360963.4635804,0.0021157264709472656
199115,normal,2226,0,1782360963.465558,0.001977682113647461
199116,normal,859,2,1782360963.467456,0.001898050308227539
199117,normal,2624,0,1782360963.469568,0.0021119117736816406
199118,normal,1291,0,1782360963.4715357,0.0019676685333251953
199119,normal,2431,0,1782360963.473431,0.0018954277038574219
199120,normal,3282,1,1782360963.4755402,0.002109050750732422
199121,normal,1297,0,1782360963.4776225,0.002082347869873047
199122,normal,726,0,1782360963.4794161,0.0017936229705810547
199123,normal,1339,1,1782360963.481583,0.0021669864654541016
199124,normal,642,0,1782360963.4836242,0.0020411014556884766
199125,normal,944,2,1782360963.4857507,0.002126455307006836
199126,normal,2198,0,1782360963.487743,0.0019922256469726562
199127,normal,1853,0,1782360963.489756,0.0020132064819335938
199128,normal,1370,1,1782360963.4915342,0.0017781257629394531
199129,normal,1095,0,1782360963.4935524,0.0020182132720947266
199130,normal,2032,0,1782360963.4955454,0.001992940902709961
199131,normal,123,0,1782360963.4974325,0.0018870830535888672
199132,normal,2994,0,1782360963.4995337,0.0021011829376220703
199133,normal,2946,0,1782360963.5017605,0.0022268295288085938
199134,normal,570,0,1782360963.5033524,0.0015919208526611328
199135,normal,3087,1,1782360963.5055172,0.0021648406982421875
199136,normal,385,0,1782360963.5075192,0.0020020008087158203
199137,normal,670,0,1782360963.5094242,0.0019049644470214844
199138,normal,1706,0,1782360963.5116322,0.0022079944610595703
199139,normal,1521,0,1782360963.5136216,0.0019893646240234375
199140,normal,2592,0,1782360963.5154881,0.0018665790557861328
199141,normal,1981,0,1782360963.5175734,0.0020852088928222656
199142,normal,2305,0,1782360963.5195553,0.001981973648071289
199143,normal,2926,0,1782360963.5214293,0.0018739700317382812
199144,normal,203,0,1782360963.5235367,0.002107381820678711
199145,normal,1003,2,1782360963.525551,0.0020143985748291016
199146,normal,1151,0,1782360963.5275717,0.002020597457885742
199147,normal,2555,0,1782360963.5296335,0.0020618438720703125
199148,normal,3488,0,1782360963.5315297,0.0018961429595947266
199149,normal,3653,0,1782360963.5334375,0.0019078254699707031
199150,normal,1029,2,1782360963.5355463,0.0021088123321533203
199151,normal,1612,0,1782360963.5375497,0.0020034313201904297
199152,normal,1006,2,1782360963.5394504,0.0019006729125976562
199153,normal,1442,0,1782360963.5416207,0.0021703243255615234
199154,normal,2345,0,1782360963.5437596,0.002138853073120117
199155,normal,1859,0,1782360963.5454395,0.0016798973083496094
199156,normal,2484,0,1782360963.547617,0.0021774768829345703
199157,normal,609,0,1782360963.5496929,0.0020759105682373047
199158,normal,1546,0,1782360963.551456,0.0017631053924560547
199159,normal,16,0,1782360963.5534422,0.001986265182495117
199160,normal,678,0,1782360963.5559318,0.0024895668029785156
199161,normal,1704,0,1782360963.5575175,0.0015857219696044922
199162,normal,2067,0,1782360963.559495,0.0019774436950683594
199163,normal,2818,0,1782360963.561735,0.0022399425506591797
199164,normal,3409,0,1782360963.563838,0.002103090286254883
199165,normal,2111,0,1782360963.565382,0.0015439987182617188
199166,normal,3262,1,1782360963.5675268,0.0021448135375976562
199167,normal,86,0,1782360963.569377,0.001850128173828125
199168,normal,646,0,1782360963.5717294,0.002352476119995117
199169,normal,2743,0,1782360963.5734723,0.0017428398132324219
199170,normal,3458,0,1782360963.575642,0.0021698474884033203
199171,normal,3700,0,1782360963.5774608,0.0018186569213867188
199172,normal,2596,0,1782360963.579692,0.002231121063232422
199173,normal,3602,0,1782360963.5817957,0.0021038055419921875
199174,normal,3152,1,1782360963.5833411,0.0015454292297363281
199175,normal,460,0,1782360963.5855575,0.002216339111328125
199176,normal,1237,0,1782360963.5874555,0.001898050308227539
199177,normal,2950,0,1782360963.5894628,0.0020072460174560547
199178,normal,1284,0,1782360963.5915318,0.0020689964294433594
199179,normal,2024,0,1782360963.5934408,0.001909017562866211
199180,normal,3446,0,1782360963.5955608,0.0021200180053710938
199181,normal,835,2,1782360963.597561,0.002000093460083008
199182,normal,1837,0,1782360963.5997474,0.0021865367889404297
199183,normal,754,0,1782360963.6014388,0.0016913414001464844
199184,normal,1808,0,1782360963.6035526,0.002113819122314453
199185,normal,2925,0,1782360963.6054475,0.0018949508666992188
199186,normal,2640,0,1782360963.6075392,0.002091646194458008
199187,normal,1203,0,1782360963.6095374,0.0019981861114501953
199188,normal,2962,0,1782360963.6114576,0.0019202232360839844
199189,normal,188,0,1782360963.613709,0.0022513866424560547
199190,normal,1356,1,1782360963.6156132,0.0019042491912841797
199191,normal,2848,0,1782360963.617446,0.001832723617553711
199192,normal,175,0,1782360963.6196172,0.0021712779998779297
199193,normal,1353,1,1782360963.621558,0.0019407272338867188
199194,normal,840,2,1782360963.6234512,0.0018932819366455078
199195,normal,1635,0,1782360963.625608,0.0021567344665527344
199196,normal,3603,0,1782360963.627533,0.0019249916076660156
199197,normal,1472,0,1782360963.629433,0.0018999576568603516
199198,normal,3360,1,1782360963.6315336,0.002100706100463867
199199,normal,360,0,1782360963.6335325,0.0019989013671875
199200,normal,1111,0,1782360963.635582,0.0020494461059570312
199201,normal,3556,0,1782360963.6374154,0.0018334388732910156
199202,normal,1754,0,1782360963.639619,0.002203702926635742
199203,normal,2358,0,1782360963.641601,0.001981973648071289
199204,normal,2495,0,1782360963.6435065,0.0019054412841796875
199205,normal,576,0,1782360963.645819,0.0023124217987060547
199206,normal,1382,0,1782360963.6490448,0.0032258033752441406
199207,normal,2265,0,1782360963.6495957,0.0005509853363037109
199208,normal,1435,0,1782360963.6515622,0.0019664764404296875
199209,normal,1488,0,1782360963.6533325,0.0017702579498291016
199210,normal,440,0,1782360963.6555245,0.0021920204162597656
199211,normal,115,0,1782360963.6575203,0.0019958019256591797
199212,normal,853,2,1782360963.6595619,0.0020415782928466797
199213,normal,947,2,1782360963.6614377,0.0018758773803710938
199214,normal,3616,0,1782360963.6635227,0.002084970474243164
199215,normal,2798,0,1782360963.665421,0.0018982887268066406
199216,normal,2614,0,1782360963.6675243,0.0021033287048339844
199217,normal,3498,0,1782360963.6695762,0.002051830291748047
199218,normal,1760,0,1782360963.6715655,0.0019893646240234375
199219,normal,2010,0,1782360963.6735036,0.0019381046295166016
199220,normal,1513,0,1782360963.6756332,0.0021295547485351562
199221,normal,837,2,1782360963.6774452,0.001811981201171875
199222,normal,852,2,1782360963.6795435,0.0020983219146728516
199223,normal,3102,1,1782360963.6815443,0.0020008087158203125
199224,normal,3215,1,1782360963.6834433,0.0018990039825439453
199225,normal,710,0,1782360963.6855474,0.002104043960571289
199226,normal,142,0,1782360963.6875734,0.002026081085205078
199227,normal,2478,0,1782360963.689412,0.00183868408203125
199228,normal,1528,0,1782360963.691527,0.0021147727966308594
199229,normal,1369,1,1782360963.693545,0.0020182132720947266
199230,normal,2766,0,1782360963.6954267,0.0018815994262695312
199231,normal,833,2,1782360963.69755,0.0021233558654785156
199232,normal,1594,0,1782360963.699545,0.0019948482513427734
199233,normal,1130,0,1782360963.7013497,0.0018048286437988281
199234,normal,520,0,1782360963.7035558,0.002206087112426758
199235,normal,2435,0,1782360963.7055683,0.002012491226196289
199236,normal,2719,0,1782360963.7074444,0.0018761157989501953
199237,normal,1826,0,1782360963.7094557,0.0020112991333007812
199238,normal,81,0,1782360963.711822,0.002366304397583008
199239,normal,698,0,1782360963.713443,0.0016210079193115234
199240,normal,403,0,1782360963.7156458,0.002202749252319336
199241,normal,3541,0,1782360963.717545,0.0018992424011230469
199242,normal,612,0,1782360963.7194562,0.001911163330078125
199243,normal,3313,1,1782360963.7215338,0.0020775794982910156
199244,normal,1539,0,1782360963.72395,0.0024161338806152344
199245,normal,2531,0,1782360963.7255182,0.0015683174133300781
199246,normal,2251,0,1782360963.7280693,0.0025510787963867188
199247,normal,3481,0,1782360963.729429,0.001359701156616211
199248,normal,665,0,1782360963.7316093,0.002180337905883789
199249,normal,2524,0,1782360963.733832,0.0022225379943847656
199250,normal,1819,0,1782360963.7353587,0.0015268325805664062
199251,normal,2424,0,1782360963.737537,0.002178192138671875
199252,normal,1162,0,1782360963.739306,0.0017690658569335938
199253,normal,3033,0,1782360963.7415352,0.0022292137145996094
199254,normal,2611,0,1782360963.7433517,0.0018165111541748047
199255,normal,3308,1,1782360963.7455406,0.0021889209747314453
199256,normal,1397,0,1782360963.7475483,0.002007722854614258
199257,normal,1212,0,1782360963.7494454,0.0018970966339111328
199258,normal,1269,0,1782360963.751482,0.002036571502685547
199259,normal,2806,0,1782360963.7534711,0.001989126205444336
199260,normal,783,2,1782360963.7555225,0.0020513534545898438
199261,normal,3554,0,1782360963.7575219,0.001999378204345703
199262,normal,3011,0,1782360963.7595282,0.0020062923431396484
199263,normal,2980,0,1782360963.7613668,0.00183868408203125
199264,normal,139,0,1782360963.7636058,0.0022389888763427734
199265,normal,732,0,1782360963.765551,0.0019452571868896484
199266,normal,1332,1,1782360963.7675278,0.0019767284393310547
199267,normal,1163,0,1782360963.7693427,0.0018148422241210938
199268,normal,3157,1,1782360963.7715533,0.0022106170654296875
199269,normal,3552,0,1782360963.7734478,0.0018944740295410156
199270,normal,2885,0,1782360963.7755642,0.0021164417266845703
199271,normal,2590,0,1782360963.7775383,0.0019741058349609375
199272,normal,2461,0,1782360963.7793589,0.0018205642700195312
199273,normal,1876,0,1782360963.7815554,0.0021965503692626953
199274,normal,595,0,1782360963.7835705,0.0020151138305664062
199275,normal,2020,0,1782360963.785505,0.0019345283508300781
199276,normal,2715,0,1782360963.7876,0.0020949840545654297
199277,normal,2993,0,1782360963.7894769,0.0018768310546875
199278,normal,3133,1,1782360963.7914448,0.001967906951904297
199279,normal,2628,0,1782360963.7935448,0.0020999908447265625
199280,normal,3374,1,1782360963.7955422,0.0019974708557128906
199281,normal,2438,0,1782360963.7974436,0.001901388168334961
199282,normal,1963,0,1782360963.7995746,0.0021309852600097656
199283,normal,2412,0,1782360963.8016195,0.0020449161529541016
199284,normal,1458,0,1782360963.8038843,0.002264738082885742
199285,normal,910,2,1782360963.8053842,0.0014998912811279297
199286,normal,2809,0,1782360963.8075824,0.0021982192993164062
199287,normal,2746,0,1782360963.8094652,0.001882791519165039
199288,normal,1798,0,1782360963.8115826,0.0021173954010009766
199289,normal,1454,0,1782360963.8135357,0.001953125
199290,normal,354,0,1782360963.815425,0.0018892288208007812
199291,normal,2552,0,1782360963.817527,0.0021021366119384766
199292,normal,2514,0,1782360963.8196108,0.0020837783813476562
199293,normal,3451,0,1782360963.8215125,0.0019016265869140625
199294,normal,1036,0,1782360963.8236177,0.002105236053466797
199295,normal,2836,0,1782360963.8257456,0.0021278858184814453
199296,normal,1979,0,1782360963.8276408,0.0018951892852783203
199297,normal,3697,0,1782360963.829789,0.002148151397705078
199298,normal,466,0,1782360963.8314993,0.0017104148864746094
199299,normal,2912,0,1782360963.8337317,0.0022323131561279297
199300,normal,1752,0,1782360963.8354948,0.0017631053924560547
199301,normal,114,0,1782360963.837691,0.0021963119506835938
199302,normal,2095,0,1782360963.8393352,0.001644134521484375
199303,normal,3623,0,1782360963.8415234,0.0021882057189941406
199304,normal,2130,0,1782360963.8435252,0.0020017623901367188
199305,normal,438,0,1782360963.8457935,0.0022683143615722656
199306,normal,1475,0,1782360963.847335,0.0015416145324707031
199307,normal,1170,0,1782360963.8495178,0.0021827220916748047
199308,normal,2790,0,1782360963.8514206,0.0019028186798095703
199309,normal,3317,1,1782360963.8535242,0.002103567123413086
199310,normal,3456,0,1782360963.855816,0.0022916793823242188
199311,normal,2973,0,1782360963.8576481,0.0018322467803955078
199312,normal,3432,0,1782360963.8596182,0.001970052719116211
199313,normal,2261,0,1782360963.8617146,0.002096414566040039
199314,normal,1621,0,1782360963.863346,0.0016314983367919922
199315,normal,652,0,1782360963.8655434,0.002197265625
199316,normal,3506,0,1782360963.867548,0.0020046234130859375
199317,normal,1046,0,1782360963.8694487,0.0019006729125976562
199318,normal,2676,0,1782360963.8717976,0.0023488998413085938
199319,normal,799,2,1782360963.8734932,0.0016956329345703125
199320,normal,276,0,1782360963.8755388,0.0020456314086914062
199321,normal,1878,0,1782360963.8774488,0.0019099712371826172
199322,normal,2666,0,1782360963.8795576,0.0021088123321533203
199323,normal,2839,0,1782360963.8814523,0.0018947124481201172
199324,normal,3173,1,1782360963.8835647,0.0021123886108398438
199325,normal,3454,0,1782360963.885708,0.002143383026123047
199326,normal,2028,0,1782360963.8881001,0.0023920536041259766
199327,normal,2754,0,1782360963.8894167,0.0013165473937988281
199328,normal,3560,0,1782360963.8917494,0.0023326873779296875
199329,normal,2693,0,1782360963.8936183,0.0018689632415771484
199330,normal,2868,0,1782360963.895546,0.0019276142120361328
199331,normal,653,0,1782360963.8976932,0.002147197723388672
199332,normal,2201,0,1782360963.8995614,0.0018682479858398438
199333,normal,814,2,1782360963.9014776,0.0019161701202392578
199334,normal,1195,0,1782360963.9035206,0.002043008804321289
199335,normal,659,0,1782360963.9054227,0.0019021034240722656
199336,normal,1451,0,1782360963.9074688,0.0020461082458496094
199337,normal,2742,0,1782360963.9095483,0.002079486846923828
199338,normal,1226,0,1782360963.9113543,0.001806020736694336
199339,normal,1102,0,1782360963.9135396,0.002185344696044922
199340,normal,2403,0,1782360963.9155304,0.001990795135498047
199341,normal,3169,1,1782360963.9174683,0.0019378662109375
199342,normal,3620,0,1782360963.9196277,0.0021593570709228516
199343,normal,1147,0,1782360963.9216309,0.002003192901611328
199344,normal,245,0,1782360963.923496,0.0018651485443115234
199345,normal,2209,0,1782360963.925456,0.0019600391387939453
199346,normal,2295,0,1782360963.9276068,0.0021507740020751953
199347,normal,2858,0,1782360963.9294162,0.0018093585968017578
199348,normal,272,0,1782360963.9316447,0.0022284984588623047
199349,normal,2330,0,1782360963.9335423,0.001897573471069336
199350,normal,2673,0,1782360963.9354317,0.0018894672393798828
199351,normal,3236,1,1782360963.937539,0.002107381820678711
199352,normal,348,0,1782360963.9395204,0.0019812583923339844
199353,normal,3110,1,1782360963.941441,0.0019207000732421875
199354,normal,1175,0,1782360963.9435472,0.002106189727783203
199355,normal,3051,1,1782360963.9455588,0.002011537551879883
199356,normal,667,0,1782360963.9474654,0.0019066333770751953
199357,normal,782,2,1782360963.9494739,0.0020084381103515625
199358,normal,3076,1,1782360963.9516344,0.0021605491638183594
199359,normal,3397,1,1782360963.9533188,0.001684427261352539
199360,normal,3274,1,1782360963.9554656,0.0021467208862304688
199361,normal,3354,1,1782360963.9574535,0.001987934112548828
199362,normal,3424,0,1782360963.9593449,0.0018913745880126953
199363,normal,3286,1,1782360963.9615557,0.002210855484008789
199364,normal,393,0,1782360963.9635599,0.0020041465759277344
199365,normal,3483,0,1782360963.9655035,0.0019435882568359375
199366,normal,3350,1,1782360963.967548,0.0020444393157958984
199367,normal,3489,0,1782360963.9697669,0.002218961715698242
199368,normal,2648,0,1782360963.9713748,0.0016078948974609375
199369,normal,2659,0,1782360963.973569,0.0021941661834716797
199370,normal,807,2,1782360963.9755783,0.0020093917846679688
199371,normal,1816,0,1782360963.977428,0.0018496513366699219
199372,normal,994,2,1782360963.9795263,0.0020983219146728516
199373,normal,293,0,1782360963.9815323,0.002006053924560547
199374,normal,3257,1,1782360963.9834292,0.0018968582153320312
199375,normal,1737,0,1782360963.9855614,0.0021321773529052734
199376,normal,1510,0,1782360963.9876366,0.0020751953125
199377,normal,1008,2,1782360963.989442,0.0018055438995361328
199378,normal,1520,0,1782360963.9917495,0.002307415008544922
199379,normal,634,0,1782360963.9935732,0.0018236637115478516
199380,normal,2416,0,1782360963.9955513,0.001978158950805664
199381,normal,2525,0,1782360963.9976768,0.0021255016326904297
199382,normal,3219,1,1782360963.9997501,0.0020732879638671875
199383,normal,3083,1,1782360964.0015724,0.0018222332000732422
199384,normal,882,2,1782360964.0035572,0.001984834671020508
199385,normal,931,2,1782360964.005524,0.001966714859008789
199386,normal,1888,0,1782360964.0074196,0.0018956661224365234
199387,normal,1705,0,1782360964.0095289,0.0021092891693115234
199388,normal,2983,0,1782360964.011708,0.0021791458129882812
199389,normal,3299,1,1782360964.013367,0.0016589164733886719
199390,normal,3448,0,1782360964.0155303,0.002163410186767578
199391,normal,934,2,1782360964.0175226,0.0019922256469726562
199392,normal,1408,0,1782360964.0194232,0.0019006729125976562
199393,normal,2587,0,1782360964.0215619,0.0021386146545410156
199394,normal,3679,0,1782360964.0242271,0.002665281295776367
199395,normal,1101,0,1782360964.0255163,0.0012891292572021484
199396,normal,2183,0,1782360964.0275474,0.002031087875366211
199397,normal,445,0,1782360964.0295358,0.0019884109497070312
199398,normal,1127,0,1782360964.0314393,0.001903533935546875
199399,normal,2814,0,1782360964.0335395,0.002100229263305664
199400,normal,158,0,1782360964.0356402,0.002100706100463867
199401,normal,1985,0,1782360964.0374463,0.001806020736694336
199402,normal,1879,0,1782360964.039525,0.0020787715911865234
199403,normal,694,0,1782360964.0415626,0.002037525177001953
199404,normal,3406,0,1782360964.0434523,0.0018897056579589844
199405,normal,3546,0,1782360964.0455642,0.0021119117736816406
199406,normal,1582,0,1782360964.0475652,0.002001047134399414
199407,normal,1619,0,1782360964.0496144,0.0020492076873779297
199408,normal,330,0,1782360964.0515203,0.0019059181213378906
199409,normal,2470,0,1782360964.0537407,0.0022203922271728516
199410,normal,3164,1,1782360964.0555189,0.0017781257629394531
199411,normal,3036,0,1782360964.0576038,0.002084970474243164
199412,normal,2349,0,1782360964.0596044,0.002000570297241211
199413,normal,2975,0,1782360964.0614634,0.0018589496612548828
199414,normal,3281,1,1782360964.063733,0.002269744873046875
199415,normal,2382,0,1782360964.0655627,0.0018296241760253906
199416,normal,3176,1,1782360964.0673525,0.0017898082733154297
199417,normal,3572,0,1782360964.0697243,0.0023717880249023438
199418,normal,2078,0,1782360964.0717134,0.001989126205444336
199419,normal,1942,0,1782360964.0733466,0.0016331672668457031
199420,normal,3390,1,1782360964.0755365,0.0021898746490478516
199421,normal,2276,0,1782360964.0775292,0.0019927024841308594
199422,normal,3367,1,1782360996.320797,0.0
199423,normal,806,2,1782360996.3228564,0.002059459686279297
199424,normal,2892,0,1782360996.324841,0.0019845962524414062
199425,normal,2199,0,1782360996.3268685,0.0020275115966796875
199426,normal,1342,1,1782360996.3290048,0.00213623046875
199427,normal,2705,0,1782360996.3308022,0.0017974376678466797
199428,normal,585,0,1782360996.3328128,0.0020105838775634766
199429,normal,41,0,1782360996.3348086,0.0019958019256591797
199430,normal,2157,0,1782360996.3367553,0.0019466876983642578
199431,normal,2942,0,1782360996.3388357,0.0020804405212402344
199432,normal,549,0,1782360996.3409526,0.0021169185638427734
199433,normal,6,0,1782360996.3428192,0.0018665790557861328
199434,normal,2806,0,1782360996.345043,0.0022237300872802734
199435,normal,2951,0,1782360996.346958,0.00191497802734375
199436,normal,3020,0,1782360996.348994,0.0020360946655273438
199437,normal,1,0,1782360996.3508344,0.001840353012084961
199438,normal,2633,0,1782360996.3529649,0.0021305084228515625
199439,normal,2944,0,1782360996.3548217,0.0018568038940429688
199440,normal,3136,1,1782360996.3569622,0.002140522003173828
199441,normal,1575,0,1782360996.3589652,0.0020029544830322266
199442,normal,2238,0,1782360996.3608258,0.0018606185913085938
199443,normal,2425,0,1782360996.3629637,0.002137899398803711
199444,normal,1122,0,1782360996.3649657,0.0020020008087158203
199445,normal,1990,0,1782360996.366841,0.0018754005432128906
199446,normal,2026,0,1782360996.368944,0.0021028518676757812
199447,normal,1497,0,1782360996.3709767,0.002032756805419922
199448,normal,1934,0,1782360996.3728163,0.0018396377563476562
199449,normal,1138,0,1782360996.375007,0.0021905899047851562
199450,normal,2741,0,1782360996.3769205,0.0019135475158691406
199451,normal,3478,0,1782360996.3788733,0.0019528865814208984
199452,normal,1703,0,1782360996.3809638,0.0020904541015625
199453,normal,253,0,1782360996.3830798,0.002115964889526367
199454,normal,2758,0,1782360996.3848212,0.0017414093017578125
199455,normal,3481,0,1782360996.387008,0.0021867752075195312
199456,normal,982,2,1782360996.388847,0.0018391609191894531
199457,normal,1089,0,1782360996.39095,0.0021028518676757812
199458,normal,170,0,1782360996.392849,0.0018990039825439453
199459,normal,2658,0,1782360996.3949745,0.0021255016326904297
199460,normal,2621,0,1782360996.3968148,0.001840353012084961
199461,normal,3061,1,1782360996.3990066,0.002191781997680664
199462,normal,3490,0,1782360996.4009244,0.0019178390502929688
199463,normal,1000,2,1782360996.4028137,0.0018892288208007812
199464,normal,2193,0,1782360996.4049757,0.0021619796752929688
199465,normal,2617,0,1782360996.4068823,0.0019066333770751953
199466,normal,3474,0,1782360996.4087927,0.0019104480743408203
199467,normal,1772,0,1782360996.410935,0.002142190933227539
199468,normal,1612,0,1782360996.4128847,0.0019497871398925781
199469,normal,446,0,1782360996.4148712,0.0019865036010742188
199470,normal,3601,0,1782360996.4170356,0.0021643638610839844
199471,normal,1708,0,1782360996.4189215,0.0018858909606933594
199472,normal,1617,0,1782360996.4210186,0.0020971298217773438
199473,normal,1100,0,1782360996.422882,0.0018634796142578125
199474,normal,429,0,1782360996.425043,0.0021610260009765625
199475,normal,1929,0,1782360996.4269311,0.0018880367279052734
199476,normal,1086,0,1782360996.4288335,0.0019023418426513672
199477,normal,2921,0,1782360996.4310825,0.002249002456665039
199478,normal,3417,0,1782360996.4328275,0.001744985580444336
199479,normal,104,0,1782360996.4348307,0.002003192901611328
199480,normal,1896,0,1782360996.436986,0.002155303955078125
199481,normal,3034,0,1782360996.4387991,0.0018131732940673828
199482,normal,949,2,1782360996.4407842,0.0019850730895996094
199483,normal,2486,0,1782360996.4428656,0.0020813941955566406
199484,normal,957,2,1782360996.4447718,0.0019061565399169922
199485,normal,1903,0,1782360996.4468246,0.002052783966064453
199486,normal,542,0,1782360996.4488454,0.0020208358764648438
199487,normal,2475,0,1782360996.4507725,0.0019271373748779297
199488,normal,2121,0,1782360996.4528234,0.0020508766174316406
199489,normal,1911,0,1782360996.4548473,0.002023935317993164
199490,normal,1143,0,1782360996.4567535,0.0019061565399169922
199491,normal,1992,0,1782360996.458831,0.0020775794982910156
199492,normal,530,0,1782360996.4608574,0.0020263195037841797
199493,normal,769,0,1782360996.4628274,0.001970052719116211
199494,normal,2062,0,1782360996.4647717,0.0019443035125732422
199495,normal,592,0,1782360996.4668417,0.0020699501037597656
199496,normal,1725,0,1782360996.4687915,0.0019497871398925781
199497,normal,3114,1,1782360996.4707673,0.0019757747650146484
199498,normal,3524,0,1782360996.472855,0.002087831497192383
199499,normal,1824,0,1782360996.4747698,0.0019147396087646484
199500,normal,2668,0,1782360996.476827,0.0020570755004882812
199501,normal,1257,0,1782360996.4788477,0.0020208358764648438
199502,normal,1204,0,1782360996.4807563,0.0019085407257080078
199503,normal,1171,0,1782360996.4828432,0.0020868778228759766
199504,normal,2430,0,1782360996.4848533,0.0020101070404052734
199505,normal,1028,2,1782360996.4867666,0.001913309097290039
199506,normal,1964,0,1782360996.4887774,0.002010822296142578
199507,normal,1311,0,1782360996.4908562,0.0020787715911865234
199508,normal,2848,0,1782360996.4927707,0.0019145011901855469
199509,normal,2900,0,1782360996.4948232,0.0020525455474853516
199510,normal,539,0,1782360996.4968553,0.002032041549682617
199511,normal,346,0,1782360996.4987667,0.0019114017486572266
199512,normal,361,0,1782360996.5008178,0.002051115036010742
199513,normal,3071,1,1782360996.5028205,0.002002716064453125
199514,normal,1353,1,1782360996.504757,0.0019364356994628906
199515,normal,1584,0,1782360996.506827,0.002070188522338867
199516,normal,3653,0,1782360996.5088186,0.0019915103912353516
199517,normal,1026,2,1782360996.5107627,0.0019440650939941406
199518,normal,905,2,1782360996.5130339,0.0022711753845214844
199519,normal,3662,0,1782360996.514886,0.0018520355224609375
199520,normal,968,2,1782360996.516907,0.0020210742950439453
199521,normal,3293,1,1782360996.5188704,0.001963376998901367
199522,normal,1282,0,1782360996.520912,0.0020415782928466797
199523,normal,512,0,1782360996.5228877,0.0019757747650146484
199524,normal,154,0,1782360996.5248623,0.0019745826721191406
199525,normal,2880,0,1782360996.5268443,0.001981973648071289
199526,normal,1119,0,1782360996.5287848,0.0019404888153076172
199527,normal,60,0,1782360996.5307746,0.0019898414611816406
199528,normal,3528,0,1782360996.5328114,0.0020368099212646484
199529,normal,2591,0,1782360996.5348349,0.002023458480834961
199530,normal,1498,0,1782360996.536799,0.001964092254638672
199531,normal,1238,0,1782360996.5388272,0.002028226852416992
199532,normal,2954,0,1782360996.5407977,0.001970529556274414
199533,normal,274,0,1782360996.5427902,0.001992464065551758
199534,normal,3617,0,1782360996.5448456,0.0020554065704345703
199535,normal,2518,0,1782360996.546831,0.001985311508178711
199536,normal,3675,0,1782360996.549009,0.002178192138671875
199537,normal,583,0,1782360996.5508478,0.00183868408203125
199538,normal,64,0,1782360996.5529811,0.0021333694458007812
199539,normal,79,0,1782360996.5548306,0.0018494129180908203
199540,normal,1134,0,1782360996.5570152,0.002184629440307617
199541,normal,599,0,1782360996.5588233,0.00180816650390625
199542,normal,3122,1,1782360996.5609787,0.002155303955078125
199543,normal,2958,0,1782360996.5628564,0.0018777847290039062
199544,normal,2172,0,1782360996.5649803,0.0021238327026367188
199545,normal,2659,0,1782360996.5668297,0.0018494129180908203
199546,normal,1230,0,1782360996.5688424,0.0020127296447753906
199547,normal,3449,0,1782360996.5708263,0.0019838809967041016
199548,normal,853,2,1782360996.5729835,0.0021572113037109375
199549,normal,130,0,1782360996.5748253,0.0018417835235595703
199550,normal,630,0,1782360996.5769784,0.002153158187866211
199551,normal,3295,1,1782360996.578826,0.0018475055694580078
199552,normal,3588,0,1782360996.580974,0.002148151397705078
199553,normal,1310,0,1782360996.5828278,0.0018537044525146484
199554,normal,2080,0,1782360996.58498,0.0021522045135498047
199555,normal,145,0,1782360996.5868254,0.0018453598022460938
199556,normal,3652,0,1782360996.5889876,0.0021622180938720703
199557,normal,2587,0,1782360996.5908265,0.0018389225006103516
199558,normal,3386,1,1782360996.5929797,0.002153158187866211
199559,normal,666,0,1782360996.5948293,0.0018496513366699219
199560,normal,566,0,1782360996.5969887,0.0021593570709228516
199561,normal,985,2,1782360996.5988295,0.001840829849243164
199562,normal,2097,0,1782360996.60098,0.0021505355834960938
199563,normal,1039,0,1782360996.602831,0.0018508434295654297
199564,normal,2503,0,1782360996.6049807,0.002149820327758789
199565,normal,2467,0,1782360996.606825,0.0018444061279296875
199566,normal,3217,1,1782360996.608976,0.0021507740020751953
199567,normal,2509,0,1782360996.6108265,0.0018506050109863281
199568,normal,2241,0,1782360996.612979,0.0021524429321289062
199569,normal,3106,1,1782360996.6148257,0.0018467903137207031
199570,normal,19,0,1782360996.6169794,0.002153635025024414
199571,normal,1180,0,1782360996.618825,0.0018455982208251953
199572,normal,1009,2,1782360996.6209798,0.002154827117919922
199573,normal,117,0,1782360996.6228278,0.001847982406616211
199574,normal,2735,0,1782360996.6249828,0.0021550655364990234
199575,normal,2230,0,1782360996.6268277,0.0018448829650878906
199576,normal,3608,0,1782360996.6289961,0.002168416976928711
199577,normal,693,0,1782360996.6308224,0.0018262863159179688
199578,normal,2389,0,1782360996.6329894,0.0021669864654541016
199579,normal,766,0,1782360996.6348262,0.0018367767333984375
199580,normal,3195,1,1782360996.6369843,0.0021581649780273438
199581,normal,1741,0,1782360996.638826,0.0018415451049804688
199582,normal,3587,0,1782360996.6409807,0.002154827117919922
199583,normal,772,2,1782360996.6428232,0.001842498779296875
199584,normal,1066,0,1782360996.644983,0.0021598339080810547
199585,normal,2901,0,1782360996.6468241,0.0018410682678222656
199586,normal,3409,0,1782360996.648984,0.0021598339080810547
199587,normal,899,2,1782360996.650827,0.0018429756164550781
199588,normal,2259,0,1782360996.6529753,0.0021483898162841797
199589,normal,1162,0,1782360996.6548274,0.0018520355224609375
199590,normal,1150,0,1782360996.6569803,0.0021529197692871094
199591,normal,3013,0,1782360996.658844,0.001863718032836914
199592,normal,1641,0,1782360996.6609879,0.00214385986328125
199593,normal,3438,0,1782360996.6628292,0.0018413066864013672
199594,normal,757,0,1782360996.6648865,0.002057313919067383
199595,normal,3306,1,1782360996.6669846,0.00209808349609375
199596,normal,2123,0,1782360996.6688259,0.0018413066864013672
199597,normal,2789,0,1782360996.6709769,0.002151012420654297
199598,normal,330,0,1782360996.6728373,0.0018603801727294922
199599,normal,614,0,1782360996.6749873,0.0021500587463378906
199600,normal,2220,0,1782360996.6768909,0.001903533935546875
199601,normal,2249,0,1782360996.6789932,0.002102375030517578
199602,normal,1684,0,1782360996.6808238,0.0018305778503417969
199603,normal,2317,0,1782360996.6829777,0.0021538734436035156
199604,normal,3347,1,1782360996.6848269,0.0018491744995117188
199605,normal,2117,0,1782360996.6870065,0.0021796226501464844
199606,normal,76,0,1782360996.6888297,0.0018231868743896484
199607,normal,3302,1,1782360996.690831,0.0020012855529785156
199608,normal,3571,0,1782360996.6929853,0.0021543502807617188
199609,normal,3035,0,1782360996.694827,0.0018417835235595703
199610,normal,1766,0,1782360996.6969824,0.002155303955078125
199611,normal,1633,0,1782360996.6988287,0.0018463134765625
199612,normal,1042,0,1782360996.701087,0.00225830078125
199613,normal,1560,0,1782360996.7027972,0.0017101764678955078
199614,normal,809,2,1782360996.70498,0.0021827220916748047
199615,normal,2566,0,1782360996.706833,0.0018529891967773438
199616,normal,2439,0,1782360996.7090054,0.0021724700927734375
199617,normal,889,2,1782360996.710882,0.0018765926361083984
199618,normal,1615,0,1782360996.7130058,0.0021238327026367188
199619,normal,2036,0,1782360996.714823,0.0018172264099121094
199620,normal,1178,0,1782360996.7170086,0.0021855831146240234
199621,normal,222,0,1782360996.7188578,0.0018491744995117188
199622,normal,2652,0,1782360996.7209842,0.002126455307006836
199623,normal,3190,1,1782360996.7228782,0.0018939971923828125
199624,normal,1034,0,1782360996.725009,0.002130746841430664
199625,normal,767,0,1782360996.7268274,0.0018184185028076172
199626,normal,2798,0,1782360996.7289793,0.002151966094970703
199627,normal,762,0,1782360996.7308586,0.0018792152404785156
199628,normal,790,2,1782360996.7329826,0.0021240711212158203
199629,normal,1194,0,1782360996.734867,0.00188446044921875
199630,normal,2840,0,1782360996.7370124,0.0021452903747558594
199631,normal,1384,0,1782360996.7388346,0.0018222332000732422
199632,normal,710,0,1782360996.7409997,0.002165079116821289
199633,normal,3224,1,1782360996.742851,0.0018513202667236328
199634,normal,2792,0,1782360996.7449846,0.002133607864379883
199635,normal,127,0,1782360996.7468498,0.0018651485443115234
199636,normal,712,0,1782360996.7489994,0.0021495819091796875
199637,normal,323,0,1782360996.7508361,0.0018367767333984375
199638,normal,2213,0,1782360996.753013,0.0021767616271972656
199639,normal,2459,0,1782360996.7548628,0.0018498897552490234
199640,normal,2661,0,1782360996.7569792,0.0021164417266845703
199641,normal,1402,0,1782360996.7588227,0.0018434524536132812
199642,normal,2667,0,1782360996.7610044,0.0021817684173583984
199643,normal,1226,0,1782360996.7628293,0.0018248558044433594
199644,normal,1531,0,1782360996.7650092,0.002179861068725586
199645,normal,2133,0,1782360996.7668583,0.0018491744995117188
199646,normal,2825,0,1782360996.7689824,0.0021240711212158203
199647,normal,3491,0,1782360996.7708266,0.001844167709350586
199648,normal,563,0,1782360996.772967,0.002140522003173828
199649,normal,251,0,1782360996.7748013,0.0018341541290283203
199650,normal,1260,0,1782360996.7769794,0.002178192138671875
199651,normal,1678,0,1782360996.7788413,0.0018618106842041016
199652,normal,1895,0,1782360996.7809825,0.002141237258911133
199653,normal,3171,1,1782360996.7828267,0.001844167709350586
199654,normal,2856,0,1782360996.7849026,0.0020759105682373047
199655,normal,213,0,1782360996.788108,0.003205537796020508
199656,normal,1064,0,1782360996.7888136,0.0007054805755615234
199657,normal,1399,0,1782360996.7908492,0.0020356178283691406
199658,normal,1961,0,1782360996.7927856,0.0019364356994628906
199659,normal,3613,0,1782360996.7947829,0.001997232437133789
199660,normal,3022,0,1782360996.7968378,0.002054929733276367
199661,normal,3175,1,1782360996.7987847,0.0019469261169433594
199662,normal,615,0,1782360996.800786,0.0020012855529785156
199663,normal,1077,0,1782360996.802838,0.0020520687103271484
199664,normal,1420,0,1782360996.8047824,0.0019443035125732422
199665,normal,3593,0,1782360996.806783,0.002000570297241211
199666,normal,3137,1,1782360996.8088548,0.002071857452392578
199667,normal,396,0,1782360996.810782,0.0019271373748779297
199668,normal,2925,0,1782360996.8128605,0.002078533172607422
199669,normal,2060,0,1782360996.814914,0.002053499221801758
199670,normal,1354,1,1782360996.8168442,0.00193023681640625
199671,normal,2112,0,1782360996.8189187,0.0020744800567626953
199672,normal,1213,0,1782360996.8208277,0.001909017562866211
199673,normal,2822,0,1782360996.8227932,0.0019655227661132812
199674,normal,665,0,1782360996.82477,0.0019767284393310547
199675,normal,1613,0,1782360996.8268547,0.0020847320556640625
199676,normal,3113,1,1782360996.8289888,0.002134084701538086
199677,normal,786,2,1782360996.8308866,0.0018978118896484375
199678,normal,2865,0,1782360996.8331566,0.0022699832916259766
199679,normal,1116,0,1782360996.8350587,0.0019021034240722656
199680,normal,3692,0,1782360996.8368077,0.0017490386962890625
199681,normal,338,0,1782360996.8388362,0.0020284652709960938
199682,normal,3480,0,1782360996.8407328,0.0018966197967529297
199683,normal,1195,0,1782360996.8427866,0.0020537376403808594
199684,normal,2884,0,1782360996.8448598,0.0020732879638671875
199685,normal,2688,0,1782360996.846784,0.001924276351928711
199686,normal,3077,1,1782360996.8487957,0.002011537551879883
199687,normal,866,2,1782360996.8508837,0.0020880699157714844
199688,normal,1478,0,1782360996.8527832,0.0018994808197021484
199689,normal,3464,0,1782360996.8547933,0.0020101070404052734
199690,normal,947,2,1782360996.8568053,0.002012014389038086
199691,normal,124,0,1782360996.8587904,0.0019850730895996094
199692,normal,1020,2,1782360996.8608036,0.0020132064819335938
199693,normal,191,0,1782360996.8628995,0.002095937728881836
199694,normal,153,0,1782360996.8647864,0.0018868446350097656
199695,normal,54,0,1782360996.8667982,0.0020117759704589844
199696,normal,1214,0,1782360996.868768,0.0019698143005371094
199697,normal,1285,0,1782360996.870805,0.00203704833984375
199698,normal,541,0,1782360996.872814,0.0020089149475097656
199699,normal,2656,0,1782360996.8747823,0.0019683837890625
199700,normal,2141,0,1782360996.8768458,0.0020635128021240234
199701,normal,2255,0,1782360996.8787985,0.0019526481628417969
199702,normal,3001,0,1782360996.8808045,0.002006053924560547
199703,normal,2769,0,1782360996.8828404,0.002035856246948242
199704,normal,852,2,1782360996.8847816,0.0019412040710449219
199705,normal,913,2,1782360996.8867722,0.0019905567169189453
199706,normal,1885,0,1782360996.8887634,0.00199127197265625
199707,normal,965,2,1782360996.8908396,0.0020761489868164062
199708,normal,2477,0,1782360996.8928533,0.002013683319091797
199709,normal,820,2,1782360996.894867,0.002013683319091797
199710,normal,3447,0,1782360996.8969405,0.002073526382446289
199711,normal,3635,0,1782360996.898874,0.0019335746765136719
199712,normal,1902,0,1782360996.9008713,0.001997232437133789
199713,normal,1105,0,1782360996.9029071,0.002035856246948242
199714,normal,2804,0,1782360996.904869,0.001961946487426758
199715,normal,931,2,1782360996.90682,0.001950979232788086
199716,normal,1037,0,1782360996.9087558,0.001935720443725586
199717,normal,3471,0,1782360996.9107459,0.001990079879760742
199718,normal,2844,0,1782360996.912747,0.002001047134399414
199719,normal,1205,0,1782360996.9148138,0.0020668506622314453
199720,normal,184,0,1782360996.9167566,0.0019428730010986328
199721,normal,3095,1,1782360996.9187498,0.0019931793212890625
199722,normal,540,0,1782360996.9207518,0.0020020008087158203
199723,normal,2932,0,1782360996.9228456,0.002093791961669922
199724,normal,3527,0,1782360996.9250927,0.0022470951080322266
199725,normal,288,0,1782360996.9268768,0.0017840862274169922
199726,normal,2034,0,1782360996.9288323,0.0019555091857910156
199727,normal,3125,1,1782360996.930816,0.001983642578125
199728,normal,1520,0,1782360996.932832,0.0020160675048828125
199729,normal,553,0,1782360996.9349816,0.0021495819091796875
199730,normal,2399,0,1782360996.9369106,0.0019290447235107422
199731,normal,3691,0,1782360996.9388297,0.0019190311431884766
199732,normal,955,2,1782360996.9408083,0.001978635787963867
199733,normal,1104,0,1782360996.9427934,0.0019850730895996094
199734,normal,3231,1,1782360996.9448056,0.0020122528076171875
199735,normal,2027,0,1782360996.9468503,0.002044677734375
199736,normal,1799,0,1782360996.9488726,0.002022266387939453
199737,normal,3592,0,1782360996.950834,0.0019614696502685547
199738,normal,1131,0,1782360996.9528413,0.0020072460174560547
199739,normal,3208,1,1782360996.9551277,0.0022864341735839844
199740,normal,3707,0,1782360996.9572856,0.002157926559448242
199741,normal,1403,0,1782360996.9588292,0.0015435218811035156
199742,normal,2523,0,1782360996.9607856,0.001956462860107422
199743,normal,1374,1,1782360996.9628,0.0020143985748291016
199744,normal,880,2,1782360996.9648232,0.0020232200622558594
199745,normal,898,2,1782360996.9668276,0.002004384994506836
199746,normal,2743,0,1782360996.96884,0.0020122528076171875
199747,normal,3275,1,1782360996.9709995,0.002159595489501953
199748,normal,1674,0,1782360996.9728363,0.0018367767333984375
199749,normal,2864,0,1782360996.9749615,0.002125263214111328
199750,normal,3607,0,1782360996.9769833,0.00202178955078125
199751,normal,1620,0,1782360996.9789975,0.00201416015625
199752,normal,2762,0,1782360996.980902,0.0019044876098632812
199753,normal,3379,1,1782360996.9828336,0.0019316673278808594
199754,normal,3687,0,1782360996.984859,0.0020253658294677734
199755,normal,1097,0,1782360996.986853,0.001993894577026367
199756,normal,2679,0,1782360996.9892535,0.002400636672973633
199757,normal,3236,1,1782360996.9907866,0.0015330314636230469
199758,normal,1316,0,1782360996.9928098,0.0020232200622558594
199759,normal,148,0,1782360996.994799,0.001989126205444336
199760,normal,557,0,1782360996.996802,0.002003192901611328
199761,normal,1207,0,1782360996.998823,0.0020208358764648438
199762,normal,849,2,1782360997.0008197,0.001996755599975586
199763,normal,3642,0,1782360997.002877,0.002057313919067383
199764,normal,3094,1,1782360997.0047889,0.0019118785858154297
199765,normal,1687,0,1782360997.0067754,0.0019865036010742188
199766,normal,2443,0,1782360997.008787,0.002011537551879883
199767,normal,1522,0,1782360997.0109167,0.002129793167114258
199768,normal,1643,0,1782360997.012813,0.0018963813781738281
199769,normal,3482,0,1782360997.015078,0.0022649765014648438
199770,normal,2301,0,1782360997.0168297,0.0017516613006591797
199771,normal,3090,1,1782360997.0188067,0.0019769668579101562
199772,normal,733,0,1782360997.0208983,0.002091646194458008
199773,normal,2747,0,1782360997.0228386,0.0019402503967285156
199774,normal,3249,1,1782360997.024805,0.0019664764404296875
199775,normal,2519,0,1782360997.0267656,0.0019605159759521484
199776,normal,1542,0,1782360997.028848,0.002082347869873047
199777,normal,2030,0,1782360997.0308826,0.0020346641540527344
199778,normal,3004,0,1782360997.0328412,0.001958608627319336
199779,normal,2797,0,1782360997.0348625,0.002021312713623047
199780,normal,776,2,1782360997.036953,0.0020904541015625
199781,normal,2657,0,1782360997.0389748,0.00202178955078125
199782,normal,3656,0,1782360997.0408778,0.0019030570983886719
199783,normal,3360,1,1782360997.0428903,0.002012491226196289
199784,normal,2551,0,1782360997.044979,0.002088785171508789
199785,normal,3476,0,1782360997.0468168,0.0018377304077148438
199786,normal,2556,0,1782360997.0487628,0.0019459724426269531
199787,normal,3148,1,1782360997.050758,0.001995086669921875
199788,normal,1596,0,1782360997.0527852,0.002027273178100586
199789,normal,832,2,1782360997.0548782,0.002093076705932617
199790,normal,198,0,1782360997.0567448,0.0018665790557861328
199791,normal,667,0,1782360997.058782,0.0020372867584228516
199792,normal,586,0,1782360997.0607812,0.0019991397857666016
199793,normal,2031,0,1782360997.0629604,0.0021791458129882812
199794,normal,1120,0,1782360997.0651836,0.0022232532501220703
199795,normal,3262,1,1782360997.0668724,0.0016887187957763672
199796,normal,3657,0,1782360997.0688035,0.0019311904907226562
199797,normal,1487,0,1782360997.0707877,0.001984119415283203
199798,normal,2417,0,1782360997.0728185,0.0020308494567871094
199799,normal,1515,0,1782360997.0747924,0.001973867416381836
199800,normal,314,0,1782360997.07692,0.0021276473999023438
199801,normal,2307,0,1782360997.0788403,0.0019202232360839844
199802,normal,3590,0,1782360997.080783,0.0019426345825195312
199803,normal,668,0,1782360997.0828032,0.0020203590393066406
199804,normal,3305,1,1782360997.0847945,0.00199127197265625
199805,normal,218,0,1782360997.0867987,0.0020041465759277344
199806,normal,2325,0,1782360997.0888908,0.002092123031616211
199807,normal,3047,1,1782360997.09086,0.0019690990447998047
199808,normal,379,0,1782360997.092831,0.001971006393432617
199809,normal,650,0,1782360997.0949137,0.00208282470703125
199810,normal,1350,1,1782360997.0973566,0.0024428367614746094
199811,normal,3139,1,1782360997.0990818,0.0017251968383789062
199812,normal,3105,1,1782360997.100776,0.0016942024230957031
199813,normal,1652,0,1782360997.102871,0.0020949840545654297
199814,normal,3456,0,1782360997.1048403,0.0019693374633789062
199815,normal,3631,0,1782360997.1068513,0.0020110607147216797
199816,normal,494,0,1782360997.1089253,0.002074003219604492
199817,normal,1352,1,1782360997.1108692,0.001943826675415039
199818,normal,3680,0,1782360997.112871,0.0020017623901367188
199819,normal,1468,0,1782360997.1150677,0.002196788787841797
199820,normal,3182,1,1782360997.1169908,0.0019230842590332031
199821,normal,2070,0,1782360997.1188922,0.001901388168334961
199822,normal,61,0,1782360997.1207511,0.0018589496612548828
199823,normal,2258,0,1782360997.1229174,0.002166271209716797
199824,normal,2870,0,1782360997.124885,0.0019676685333251953
199825,normal,1626,0,1782360997.126791,0.0019059181213378906
199826,normal,233,0,1782360997.12879,0.0019989013671875
199827,normal,1764,0,1782360997.1307907,0.0020008087158203125
199828,normal,1867,0,1782360997.1328273,0.002036571502685547
199829,normal,424,0,1782360997.1348298,0.0020024776458740234
199830,normal,2981,0,1782360997.1368258,0.0019960403442382812
199831,normal,2041,0,1782360997.1388416,0.002015829086303711
199832,normal,1292,0,1782360997.140831,0.0019893646240234375
199833,normal,2749,0,1782360997.142769,0.0019381046295166016
199834,normal,1172,0,1782360997.1448455,0.002076387405395508
199835,normal,1169,0,1782360997.146843,0.0019974708557128906
199836,normal,1717,0,1782360997.1488476,0.0020046234130859375
199837,normal,954,2,1782360997.1508386,0.0019910335540771484
199838,normal,3406,0,1782360997.1527581,0.0019195079803466797
199839,normal,1946,0,1782360997.154807,0.002048969268798828
199840,normal,2142,0,1782360997.1567867,0.0019795894622802734
199841,normal,2558,0,1782360997.1587849,0.0019981861114501953
199842,normal,1323,1,1782360997.1607904,0.0020055770874023438
199843,normal,2599,0,1782360997.1627874,0.0019969940185546875
199844,normal,1599,0,1782360997.1648605,0.002073049545288086
199845,normal,2620,0,1782360997.166813,0.0019524097442626953
199846,normal,3043,0,1782360997.1687753,0.001962423324584961
199847,normal,3519,0,1782360997.170773,0.001997709274291992
199848,normal,2699,0,1782360997.172783,0.002009868621826172
199849,normal,2101,0,1782360997.1748295,0.0020465850830078125
199850,normal,1338,1,1782360997.1768324,0.0020029544830322266
199851,normal,2211,0,1782360997.178905,0.002072572708129883
199852,normal,2481,0,1782360997.1808064,0.001901388168334961
199853,normal,223,0,1782360997.1827953,0.0019888877868652344
199854,normal,1072,0,1782360997.184838,0.0020427703857421875
199855,normal,1467,0,1782360997.1867728,0.0019347667694091797
199856,normal,2676,0,1782360997.1887577,0.001984834671020508
199857,normal,1125,0,1782360997.1907582,0.002000570297241211
199858,normal,3484,0,1782360997.1927671,0.0020089149475097656
199859,normal,1031,0,1782360997.1948771,0.002110004425048828
199860,normal,1967,0,1782360997.1968555,0.0019783973693847656
199861,normal,3444,0,1782360997.1988504,0.0019948482513427734
199862,normal,888,2,1782360997.2009063,0.0020558834075927734
199863,normal,3104,1,1782360997.2028365,0.00193023681640625
199864,normal,3584,0,1782360997.204875,0.0020384788513183594
199865,normal,3185,1,1782360997.2068634,0.0019884109497070312
199866,normal,1361,1,1782360997.2088878,0.002024412155151367
199867,normal,2445,0,1782360997.21089,0.002002239227294922
199868,normal,678,0,1782360997.2127597,0.0018696784973144531
199869,normal,192,0,1782360997.214754,0.0019943714141845703
199870,normal,3488,0,1782360997.216752,0.0019979476928710938
199871,normal,1928,0,1782360997.2187653,0.0020132064819335938
199872,normal,2463,0,1782360997.220809,0.0020437240600585938
199873,normal,410,0,1782360997.2227569,0.0019478797912597656
199874,normal,2650,0,1782360997.2247539,0.0019969940185546875
199875,normal,2541,0,1782360997.2267592,0.002005338668823242
199876,normal,1797,0,1782360997.228753,0.001993894577026367
199877,normal,814,2,1782360997.231277,0.0025238990783691406
199878,normal,698,0,1782360997.2330024,0.0017254352569580078
199879,normal,2703,0,1782360997.2348197,0.0018172264099121094
199880,normal,575,0,1782360997.2368116,0.0019919872283935547
199881,normal,2698,0,1782360997.2387917,0.0019800662994384766
199882,normal,3143,1,1782360997.240791,0.001999378204345703
199883,normal,1563,0,1782360997.2429175,0.002126455307006836
199884,normal,1460,0,1782360997.2448885,0.001971006393432617
199885,normal,828,2,1782360997.2468064,0.0019178390502929688
199886,normal,1029,2,1782360997.2487938,0.001987457275390625
199887,normal,1806,0,1782360997.2508013,0.0020074844360351562
199888,normal,3174,1,1782360997.2528012,0.0019998550415039062
199889,normal,2155,0,1782360997.2547808,0.0019795894622802734
199890,normal,875,2,1782360997.2568874,0.0021066665649414062
199891,normal,1305,0,1782360997.2588425,0.0019550323486328125
199892,normal,662,0,1782360997.2608266,0.001984119415283203
199893,normal,2323,0,1782360997.2629218,0.0020952224731445312
199894,normal,3395,1,1782360997.2653015,0.0023796558380126953
199895,normal,50,0,1782360997.2669287,0.001627206802368164
199896,normal,3228,1,1782360997.2687995,0.001870870590209961
199897,normal,1886,0,1782360997.2708154,0.002015829086303711
199898,normal,138,0,1782360997.2728484,0.0020329952239990234
199899,normal,2484,0,1782360997.274852,0.0020036697387695312
199900,normal,3580,0,1782360997.276837,0.0019850730895996094
199901,normal,1783,0,1782360997.2788615,0.002024412155151367
199902,normal,657,0,1782360997.28092,0.0020585060119628906
199903,normal,1532,0,1782360997.2828312,0.001911163330078125
199904,normal,3191,1,1782360997.2851634,0.0023322105407714844
199905,normal,1865,0,1782360997.2870533,0.001889944076538086
199906,normal,945,2,1782360997.2889142,0.0018608570098876953
199907,normal,44,0,1782360997.2909405,0.0020263195037841797
199908,normal,869,2,1782360997.2928796,0.0019390583038330078
199909,normal,1197,0,1782360997.2947888,0.0019092559814453125
199910,normal,596,0,1782360997.2967763,0.001987457275390625
199911,normal,2990,0,1782360997.2988756,0.002099275588989258
199912,normal,2023,0,1782360997.3008277,0.0019521713256835938
199913,normal,1767,0,1782360997.302844,0.002016305923461914
199914,normal,3322,1,1782360997.3048303,0.001986265182495117
199915,normal,1393,0,1782360997.306977,0.0021467208862304688
199916,normal,3460,0,1782360997.3087776,0.001800537109375
199917,normal,804,2,1782360997.3108068,0.0020291805267333984
199918,normal,2442,0,1782360997.3128045,0.001997709274291992
199919,normal,2418,0,1782360997.3148599,0.0020554065704345703
199920,normal,3623,0,1782360997.3168344,0.0019745826721191406
199921,normal,2107,0,1782360997.3187814,0.0019469261169433594
199922,normal,936,2,1782360997.3207717,0.0019903182983398438
199923,normal,2819,0,1782360997.322772,0.0020003318786621094
199924,normal,2791,0,1782360997.325145,0.0023729801177978516
199925,normal,1482,0,1782360997.3268366,0.001691579818725586
199926,normal,3568,0,1782360997.3288023,0.001965761184692383
199927,normal,3014,0,1782360997.330903,0.002100706100463867
199928,normal,1023,2,1782360997.3329911,0.0020880699157714844
199929,normal,1907,0,1782360997.3348145,0.00182342529296875
199930,normal,536,0,1782360997.3369184,0.0021038055419921875
199931,normal,3499,0,1782360997.3388176,0.0018992424011230469
199932,normal,2212,0,1782360997.3409388,0.0021212100982666016
199933,normal,3279,1,1782360997.3428724,0.0019335746765136719
199934,normal,1013,2,1782360997.3450084,0.0021359920501708984
199935,normal,1879,0,1782360997.347011,0.002002716064453125
199936,normal,493,0,1782360997.3490448,0.002033710479736328
199937,normal,1003,2,1782360997.3509195,0.001874685287475586
199938,normal,91,0,1782360997.3528504,0.0019309520721435547
199939,normal,2730,0,1782360997.3549392,0.002088785171508789
199940,normal,1017,2,1782360997.356852,0.001912832260131836
199941,normal,1199,0,1782360997.3589706,0.0021185874938964844
199942,normal,1545,0,1782360997.3608344,0.001863718032836914
199943,normal,2344,0,1782360997.3629148,0.0020804405212402344
199944,normal,3329,1,1782360997.364794,0.0018792152404785156
199945,normal,2537,0,1782360997.3669333,0.0021393299102783203
199946,normal,996,2,1782360997.3692458,0.0023124217987060547
199947,normal,474,0,1782360997.3710158,0.00177001953125
199948,normal,2985,0,1782360997.3728204,0.0018045902252197266
199949,normal,1264,0,1782360997.3749325,0.002112150192260742
199950,normal,1005,2,1782360997.3768003,0.0018677711486816406
199951,normal,368,0,1782360997.3789215,0.0021212100982666016
199952,normal,3674,0,1782360997.3809693,0.0020477771759033203
199953,normal,1660,0,1782360997.3828185,0.0018491744995117188
199954,normal,2785,0,1782360997.384906,0.0020875930786132812
199955,normal,641,0,1782360997.38681,0.0019040107727050781
199956,normal,2018,0,1782360997.3892183,0.002408266067504883
199957,normal,3523,0,1782360997.3909278,0.0017094612121582031
199958,normal,827,2,1782360997.3931494,0.0022215843200683594
199959,normal,2979,0,1782360997.3949926,0.0018432140350341797
199960,normal,2966,0,1782360997.3969624,0.0019698143005371094
199961,normal,2757,0,1782360997.3988833,0.001920938491821289
199962,normal,3512,0,1782360997.400992,0.0021085739135742188
199963,normal,3342,1,1782360997.4028666,0.001874685287475586
199964,normal,622,0,1782360997.4051034,0.0022368431091308594
199965,normal,823,2,1782360997.4069128,0.0018093585968017578
199966,normal,2607,0,1782360997.408912,0.0019991397857666016
199967,normal,538,0,1782360997.4108043,0.0018923282623291016
199968,normal,2991,0,1782360997.412913,0.0021088123321533203
199969,normal,2127,0,1782360997.4151275,0.0022144317626953125
199970,normal,1874,0,1782360997.4170592,0.0019316673278808594
199971,normal,2361,0,1782360997.4189343,0.001875162124633789
199972,normal,681,0,1782360997.4209611,0.002026796340942383
199973,normal,2487,0,1782360997.4228158,0.0018546581268310547
199974,normal,2631,0,1782360997.424923,0.0021071434020996094
199975,normal,169,0,1782360997.4268053,0.001882314682006836
199976,normal,2042,0,1782360997.4289334,0.002128124237060547
199977,normal,871,2,1782360997.4308245,0.0018911361694335938
199978,normal,2368,0,1782360997.4329858,0.002161264419555664
199979,normal,3375,1,1782360997.4348454,0.0018596649169921875
199980,normal,912,2,1782360997.4369588,0.00211334228515625
199981,normal,449,0,1782360997.4387972,0.0018384456634521484
199982,normal,3651,0,1782360997.4409485,0.0021512508392333984
199983,normal,2482,0,1782360997.4428475,0.0018990039825439453
199984,normal,2392,0,1782360997.4449747,0.0021271705627441406
199985,normal,1793,0,1782360997.4468386,0.0018639564514160156
199986,normal,1958,0,1782360997.4489152,0.0020766258239746094
199987,normal,204,0,1782360997.4509394,0.0020241737365722656
199988,normal,1696,0,1782360997.4528258,0.0018863677978515625
199989,normal,1609,0,1782360997.4549446,0.002118825912475586
199990,normal,176,0,1782360997.4568236,0.001878976821899414
199991,normal,2029,0,1782360997.4589398,0.0021162033081054688
199992,normal,568,0,1782360997.460874,0.0019342899322509766
199993,normal,2093,0,1782360997.4629276,0.002053499221801758
199994,normal,2428,0,1782360997.4648037,0.0018761157989501953
199995,normal,1176,0,1782360997.4669254,0.0021216869354248047
199996,normal,2837,0,1782360997.4688094,0.0018839836120605469
199997,normal,3403,0,1782360997.4709783,0.002168893814086914
199998,normal,2163,0,1782360997.4728417,0.0018634796142578125
199999,normal,1847,0,1782360997.4750195,0.002177715301513672
200000,normal,2345,0,1782360997.4768157,0.0017962455749511719
200001,normal,1372,1,1782360997.478981,0.0021653175354003906
200002,normal,38,0,1782360997.4808607,0.0018796920776367188
200003,normal,3188,1,1782360997.4829302,0.0020694732666015625
200004,normal,894,2,1782360997.4847937,0.0018634796142578125
200005,normal,403,0,1782360997.486912,0.002118349075317383
200006,normal,58,0,1782360997.4887993,0.0018873214721679688
200007,normal,1603,0,1782360997.4909954,0.002196073532104492
200008,normal,1291,0,1782360997.4928513,0.0018558502197265625
200009,normal,3117,1,1782360997.494966,0.0021147727966308594
200010,normal,2618,0,1782360997.4968958,0.0019297599792480469
200011,normal,643,0,1782360997.498992,0.0020961761474609375
200012,normal,1247,0,1782360997.500943,0.001950979232788086
200013,normal,1999,0,1782360997.5028615,0.0019185543060302734
200014,normal,3569,0,1782360997.505026,0.002164602279663086
200015,normal,2009,0,1782360997.5069878,0.0019617080688476562
200016,normal,3570,0,1782360997.5087965,0.0018086433410644531
200017,normal,506,0,1782360997.510905,0.0021085739135742188
200018,normal,925,2,1782360997.5127869,0.0018818378448486328
200019,normal,765,0,1782360997.5149076,0.0021207332611083984
200020,normal,3502,0,1782360997.5169349,0.002027273178100586
200021,normal,617,0,1782360997.5188155,0.001880645751953125
200022,normal,695,0,1782360997.5209022,0.002086639404296875
200023,normal,1614,0,1782360997.5229113,0.002009153366088867
200024,normal,2048,0,1782360997.5247865,0.001875162124633789
200025,normal,2200,0,1782360997.527133,0.002346515655517578
200026,normal,1834,0,1782360997.5291443,0.0020112991333007812
200027,normal,2450,0,1782360997.5308547,0.0017104148864746094
200028,normal,835,2,1782360997.533009,0.0021543502807617188
200029,normal,328,0,1782360997.53491,0.0019009113311767578
200030,normal,2905,0,1782360997.5370169,0.002106904983520508
200031,normal,480,0,1782360997.5389357,0.001918792724609375
200032,normal,1889,0,1782360997.541158,0.002222299575805664
200033,normal,472,0,1782360997.542811,0.0016529560089111328
200034,normal,1375,1,1782360997.54501,0.0021991729736328125
200035,normal,464,0,1782360997.546912,0.001901865005493164
200036,normal,2285,0,1782360997.549022,0.002110004425048828
200037,normal,2077,0,1782360997.5509222,0.0019001960754394531
200038,normal,1019,2,1782360997.5530448,0.002122640609741211
200039,normal,397,0,1782360997.554991,0.0019462108612060547
200040,normal,486,0,1782360997.5569234,0.001932382583618164
200041,normal,984,2,1782360997.5590246,0.0021011829376220703
200042,normal,2330,0,1782360997.5613487,0.0023241043090820312
200043,normal,2002,0,1782360997.5631742,0.001825571060180664
200044,normal,1145,0,1782360997.56492,0.0017457008361816406
200045,normal,2950,0,1782360997.5670013,0.0020813941955566406
200046,normal,1714,0,1782360997.5688336,0.0018322467803955078
200047,normal,1158,0,1782360997.571054,0.0022203922271728516
200048,normal,1370,1,1782360997.5730598,0.0020058155059814453
200049,normal,3212,1,1782360997.5749986,0.0019388198852539062
200050,normal,3416,0,1782360997.5770593,0.0020606517791748047
200051,normal,845,2,1782360997.579064,0.0020046234130859375
200052,normal,1439,0,1782360997.5808334,0.0017695426940917969
200053,normal,2217,0,1782360997.5830793,0.0022459030151367188
200054,normal,1182,0,1782360997.5849872,0.0019078254699707031
200055,normal,3473,0,1782360997.586988,0.0020008087158203125
200056,normal,2033,0,1782360997.5888953,0.0019073486328125
200057,normal,502,0,1782360997.5908737,0.0019783973693847656
200058,normal,1576,0,1782360997.592991,0.0021173954010009766
200059,normal,59,0,1782360997.5950558,0.0020647048950195312
200060,normal,834,2,1782360997.5971568,0.0021009445190429688
200061,normal,333,0,1782360997.59904,0.0018832683563232422
200062,normal,2639,0,1782360997.600919,0.001878976821899414
200063,normal,37,0,1782360997.6030366,0.002117633819580078
200064,normal,2366,0,1782360997.604949,0.0019123554229736328
200065,normal,2891,0,1782360997.607039,0.002089977264404297
200066,normal,68,0,1782360997.6090114,0.0019724369049072266
200067,normal,1348,1,1782360997.6109486,0.0019371509552001953
200068,normal,3304,1,1782360997.6131053,0.0021567344665527344
200069,normal,1956,0,1782360997.6148698,0.001764535903930664
200070,normal,1683,0,1782360997.617049,0.0021791458129882812
200071,normal,2300,0,1782360997.6189291,0.0018801689147949219
200072,normal,1640,0,1782360997.621033,0.0021038055419921875
200073,normal,2895,0,1782360997.6229963,0.001963376998901367
200074,normal,633,0,1782360997.6249206,0.001924276351928711
200075,normal,796,2,1782360997.6271636,0.0022430419921875
200076,normal,680,0,1782360997.628845,0.0016813278198242188
200077,normal,2333,0,1782360997.6310341,0.002189159393310547
200078,normal,52,0,1782360997.6330109,0.0019767284393310547
200079,normal,1486,0,1782360997.6349292,0.0019183158874511719
200080,normal,1835,0,1782360997.6370287,0.0020995140075683594
200081,normal,3210,1,1782360997.638954,0.0019252300262451172
200082,normal,1258,0,1782360997.6409326,0.001978635787963867
200083,normal,1611,0,1782360997.6430595,0.002126932144165039
200084,normal,1897,0,1782360997.645027,0.0019674301147460938
200085,normal,2834,0,1782360997.6469698,0.0019428730010986328
200086,normal,460,0,1782360997.6491053,0.0021355152130126953
200087,normal,2974,0,1782360997.6510997,0.0019943714141845703
200088,normal,2700,0,1782360997.6530457,0.0019459724426269531
200089,normal,1528,0,1782360997.654979,0.0019333362579345703
200090,normal,784,2,1782360997.6571524,0.0021734237670898438
200091,normal,2709,0,1782360997.6589286,0.0017762184143066406
200092,normal,1296,0,1782360997.661091,0.002162456512451172
200093,normal,1245,0,1782360997.6629524,0.0018613338470458984
200094,normal,2110,0,1782360997.66491,0.0019576549530029297
200095,normal,1304,0,1782360997.6670058,0.0020956993103027344
200096,normal,55,0,1782360997.669012,0.0020062923431396484
200097,normal,3663,0,1782360997.6708362,0.0018241405487060547
200098,normal,977,2,1782360997.673007,0.0021708011627197266
200099,normal,1721,0,1782360997.6749508,0.001943826675415039
200100,normal,956,2,1782360997.676908,0.0019571781158447266
200101,normal,1705,0,1782360997.6790679,0.0021598339080810547
200102,normal,1822,0,1782360997.6814547,0.002386808395385742
200103,normal,2278,0,1782360997.6829717,0.0015170574188232422
200104,normal,1702,0,1782360997.6850145,0.0020427703857421875
200105,normal,1989,0,1782360997.6869543,0.0019397735595703125
200106,normal,3257,1,1782360997.688827,0.0018727779388427734
200107,normal,3181,1,1782360997.6910334,0.0022063255310058594
200108,normal,2952,0,1782360997.6930451,0.0020117759704589844
200109,normal,1759,0,1782360997.694992,0.0019469261169433594
200110,normal,2531,0,1782360997.6969156,0.0019235610961914062
200111,normal,1736,0,1782360997.699024,0.002108335494995117
200112,normal,711,0,1782360997.7009254,0.001901388168334961
200113,normal,3511,0,1782360997.7030287,0.0021033287048339844
200114,normal,3268,1,1782360997.7049673,0.0019385814666748047
200115,normal,2931,0,1782360997.7069452,0.0019779205322265625
200116,normal,1893,0,1782360997.7090304,0.0020852088928222656
200117,normal,3469,0,1782360997.7109325,0.0019021034240722656
200118,normal,1320,1,1782360997.7131078,0.0021753311157226562
200119,normal,39,0,1782360997.715339,0.002231121063232422
200120,normal,2714,0,1782360997.7169585,0.001619577407836914
200121,normal,3689,0,1782360997.7189162,0.0019576549530029297
200122,normal,1451,0,1782360997.721038,0.0021219253540039062
200123,normal,2359,0,1782360997.72301,0.0019719600677490234
200124,normal,1823,0,1782360997.7250037,0.0019936561584472656
200125,normal,770,0,1782360997.7271574,0.002153635025024414
200126,normal,270,0,1782360997.7290137,0.0018563270568847656
200127,normal,2616,0,1782360997.7309177,0.0019040107727050781
200128,normal,3633,0,1782360997.7331753,0.0022575855255126953
200129,normal,1284,0,1782360997.7349787,0.0018033981323242188
200130,normal,87,0,1782360997.7369819,0.002003192901611328
200131,normal,171,0,1782360997.7390027,0.0020208358764648438
200132,normal,2075,0,1782360997.7409444,0.001941680908203125
200133,normal,3075,1,1782360997.7430303,0.0020859241485595703
200134,normal,2780,0,1782360997.744929,0.0018987655639648438
200135,normal,2364,0,1782360997.7470195,0.0020904541015625
200136,normal,2180,0,1782360997.7489288,0.0019092559814453125
200137,normal,2829,0,1782360997.7510216,0.0020928382873535156
200138,normal,2561,0,1782360997.752994,0.0019724369049072266
200139,normal,2648,0,1782360997.754971,0.0019769668579101562
200140,normal,600,0,1782360997.7570794,0.002108335494995117
200141,normal,505,0,1782360997.7590039,0.0019245147705078125
200142,normal,1407,0,1782360997.7609725,0.0019686222076416016
200143,normal,2764,0,1782360997.7630444,0.002071857452392578
200144,normal,2224,0,1782360997.7650177,0.001973390579223633
200145,normal,2010,0,1782360997.7668862,0.0018684864044189453
200146,normal,3498,0,1782360997.7690578,0.0021715164184570312
200147,normal,2326,0,1782360997.7709262,0.0018684864044189453
200148,normal,3440,0,1782360997.7731771,0.0022509098052978516
200149,normal,2295,0,1782360997.774935,0.0017578601837158203
200150,normal,2875,0,1782360997.7770438,0.0021088123321533203
200151,normal,1581,0,1782360997.7789378,0.0018939971923828125
200152,normal,3441,0,1782360997.7810514,0.0021135807037353516
200153,normal,706,0,1782360997.7830305,0.0019791126251220703
200154,normal,1082,0,1782360997.7849348,0.0019042491912841797
200155,normal,1524,0,1782360997.787026,0.0020911693572998047
200156,normal,1974,0,1782360997.7889717,0.0019457340240478516
200157,normal,3319,1,1782360997.7909245,0.0019528865814208984
200158,normal,2052,0,1782360997.7930622,0.0021376609802246094
200159,normal,2807,0,1782360997.7950208,0.001958608627319336
200160,normal,342,0,1782360997.79693,0.0019092559814453125
200161,normal,3366,1,1782360997.7990465,0.0021164417266845703
200162,normal,1751,0,1782360997.8009953,0.0019488334655761719
200163,normal,944,2,1782360997.802967,0.001971721649169922
200164,normal,3684,0,1782360997.8050146,0.0020475387573242188
200165,normal,221,0,1782360997.806938,0.0019233226776123047
200166,normal,1518,0,1782360997.8090184,0.0020804405212402344
200167,normal,2244,0,1782360997.8109136,0.0018951892852783203
200168,normal,1386,0,1782360997.813087,0.0021734237670898438
200169,normal,2401,0,1782360997.8148804,0.0017933845520019531
200170,normal,354,0,1782360997.8170838,0.0022034645080566406
200171,normal,345,0,1782360997.8191178,0.0020339488983154297
200172,normal,2889,0,1782360997.8209217,0.0018038749694824219
200173,normal,2593,0,1782360997.8231452,0.002223491668701172
200174,normal,2254,0,1782360997.8249054,0.001760244369506836
200175,normal,1269,0,1782360997.827012,0.0021066665649414062
200176,normal,2623,0,1782360997.8290834,0.002071380615234375
200177,normal,2022,0,1782360997.8308237,0.0017402172088623047
200178,normal,1718,0,1782360997.833006,0.0021822452545166016
200179,normal,2570,0,1782360997.8349075,0.0019016265869140625
200180,normal,71,0,1782360997.8370056,0.00209808349609375
200181,normal,2706,0,1782360997.8389518,0.0019462108612060547
200182,normal,2473,0,1782360997.8410063,0.002054452896118164
200183,normal,2390,0,1782360997.8429675,0.001961231231689453
200184,normal,2140,0,1782360997.8449154,0.0019478797912597656
200185,normal,3599,0,1782360997.8470047,0.002089262008666992
200186,normal,1368,1,1782360997.8491695,0.0021648406982421875
200187,normal,3254,1,1782360997.8510637,0.001894235610961914
200188,normal,1381,1,1782360997.852974,0.0019102096557617188
200189,normal,3300,1,1782360997.8550146,0.0020406246185302734
200190,normal,441,0,1782360997.8569078,0.0018932819366455078
200191,normal,3326,1,1782360997.859011,0.002103090286254883
200192,normal,86,0,1782360997.860982,0.001971006393432617
200193,normal,620,0,1782360997.8630018,0.0020198822021484375
200194,normal,3521,0,1782360997.8649316,0.0019297599792480469
200195,normal,1953,0,1782360997.8670118,0.002080202102661133
200196,normal,1222,0,1782360997.8689415,0.0019297599792480469
200197,normal,381,0,1782360997.8710296,0.0020880699157714844
200198,normal,1219,0,1782360997.8729768,0.001947164535522461
200199,normal,2485,0,1782360997.8749955,0.0020186901092529297
200200,normal,2946,0,1782360997.877046,0.002050638198852539
200201,normal,2109,0,1782360997.8789666,0.001920461654663086
200202,normal,3453,0,1782360997.8809245,0.0019578933715820312
200203,normal,3199,1,1782360997.8832262,0.0023016929626464844
200204,normal,23,0,1782360997.8852534,0.002027273178100586
200205,normal,534,0,1782360997.8868346,0.0015811920166015625
200206,normal,572,0,1782360997.8890388,0.0022041797637939453
200207,normal,1152,0,1782360997.890939,0.0019001960754394531
200208,normal,2647,0,1782360997.8929462,0.0020072460174560547
200209,normal,3454,0,1782360997.895079,0.0021326541900634766
200210,normal,3186,1,1782360997.8969018,0.0018229484558105469
200211,normal,2589,0,1782360997.899027,0.002125263214111328
200212,normal,276,0,1782360997.9009671,0.001940011978149414
200213,normal,3622,0,1782360997.9028912,0.0019240379333496094
200214,normal,1782,0,1782360997.9051676,0.0022764205932617188
200215,normal,3602,0,1782360997.9070237,0.001856088638305664
200216,normal,2413,0,1782360997.9089327,0.001909017562866211
200217,normal,3196,1,1782360997.9109912,0.0020585060119628906
200218,normal,664,0,1782360997.9129782,0.001986980438232422
200219,normal,108,0,1782360997.9149132,0.0019350051879882812
200220,normal,743,0,1782360997.917028,0.0021147727966308594
200221,normal,3664,0,1782360997.9188938,0.0018658638000488281
200222,normal,2242,0,1782360997.921076,0.0021822452545166016
200223,normal,2424,0,1782360997.9228687,0.0017926692962646484
200224,normal,2189,0,1782360997.9249852,0.0021164417266845703
200225,normal,1012,2,1782360997.9268255,0.001840353012084961
200226,normal,2222,0,1782360997.9289513,0.0021257400512695312
200227,normal,245,0,1782360997.931054,0.0021028518676757812
200228,normal,101,0,1782360997.9329884,0.0019342899322509766
200229,normal,2243,0,1782360997.9349742,0.001985788345336914
200230,normal,2403,0,1782360997.937032,0.002057790756225586
200231,normal,746,0,1782360997.9389637,0.0019316673278808594
200232,normal,3031,0,1782360997.9409258,0.0019621849060058594
200233,normal,134,0,1782360997.9430435,0.002117633819580078
200234,normal,2354,0,1782360997.945212,0.002168416976928711
200235,normal,2056,0,1782360997.9468265,0.0016145706176757812
200236,normal,1587,0,1782360997.9489894,0.002162933349609375
200237,normal,3033,0,1782360997.9508882,0.0018987655639648438
200238,normal,2718,0,1782360997.952826,0.0019378662109375
200239,normal,1698,0,1782360997.9549513,0.002125263214111328
200240,normal,1227,0,1782360997.9568088,0.0018575191497802734
200241,normal,3659,0,1782360997.9590347,0.0022258758544921875
200242,normal,3019,0,1782360997.9608538,0.0018191337585449219
200243,normal,3259,1,1782360997.963094,0.0022401809692382812
200244,normal,1900,0,1782360997.9649453,0.0018513202667236328
200245,normal,1339,1,1782360997.96716,0.002214670181274414
200246,normal,1429,0,1782360997.9689422,0.0017821788787841797
200247,normal,3442,0,1782360997.9710867,0.0021445751190185547
200248,normal,1073,0,1782360997.9729323,0.0018455982208251953
200249,normal,948,2,1782360997.975028,0.0020956993103027344
200250,normal,2830,0,1782360997.9769187,0.0018906593322753906
200251,normal,2350,0,1782360997.9790668,0.002148151397705078
200252,normal,1412,0,1782360997.9809458,0.001878976821899414
200253,normal,1358,1,1782360997.9830143,0.0020685195922851562
200254,normal,1795,0,1782360997.9849102,0.001895904541015625
200255,normal,3503,0,1782360997.9870136,0.0021033287048339844
200256,normal,3614,0,1782360997.9901838,0.0031702518463134766
200257,normal,625,0,1782360997.9911857,0.0010018348693847656
200258,normal,612,0,1782360997.9931152,0.0019295215606689453
200259,normal,3349,1,1782360997.9948227,0.0017075538635253906
200260,normal,1087,0,1782360997.9969165,0.002093791961669922
200261,normal,3679,0,1782360997.998803,0.0018863677978515625
200262,normal,1303,0,1782360998.0008614,0.0020585060119628906
200263,normal,1654,0,1782360998.0028887,0.002027273178100586
200264,normal,167,0,1782360998.0047762,0.0018875598907470703
200265,normal,531,0,1782360998.0068312,0.002054929733276367
200266,normal,1826,0,1782360998.0089483,0.002117156982421875
200267,normal,1099,0,1782360998.010846,0.001897573471069336
200268,normal,2913,0,1782360998.012936,0.0020902156829833984
200269,normal,1519,0,1782360998.015023,0.0020868778228759766
200270,normal,830,2,1782360998.0168936,0.0018706321716308594
200271,normal,3485,0,1782360998.0188498,0.0019562244415283203
200272,normal,2103,0,1782360998.021007,0.0021572113037109375
200273,normal,1597,0,1782360998.022852,0.0018448829650878906
200274,normal,399,0,1782360998.0249505,0.002098560333251953
200275,normal,2051,0,1782360998.0270393,0.002088785171508789
200276,normal,326,0,1782360998.0288386,0.0017993450164794922
200277,normal,1637,0,1782360998.0309205,0.0020818710327148438
200278,normal,2642,0,1782360998.0329201,0.0019996166229248047
200279,normal,1379,1,1782360998.0347893,0.00186920166015625
200280,normal,991,2,1782360998.0370011,0.0022118091583251953
200281,normal,2191,0,1782360998.039063,0.0020618438720703125
200282,normal,2090,0,1782360998.0408072,0.0017442703247070312
200283,normal,2715,0,1782360998.0429037,0.002096414566040039
200284,normal,3044,0,1782360998.0448728,0.0019690990447998047
200285,normal,2032,0,1782360998.0467944,0.0019216537475585938
200286,normal,2672,0,1782360998.0488696,0.0020751953125
200287,normal,1265,0,1782360998.0509057,0.0020360946655273438
200288,normal,1809,0,1782360998.0528004,0.0018947124481201172
200289,normal,535,0,1782360998.0549126,0.002112150192260742
200290,normal,3604,0,1782360998.0568929,0.001980304718017578
200291,normal,2356,0,1782360998.0587733,0.0018804073333740234
200292,normal,1776,0,1782360998.0608766,0.0021033287048339844
200293,normal,2978,0,1782360998.0629115,0.002034902572631836
200294,normal,1650,0,1782360998.064815,0.001903533935546875
200295,normal,3376,1,1782360998.0668912,0.0020761489868164062
200296,normal,2628,0,1782360998.0689058,0.002014636993408203
200297,normal,882,2,1782360998.0708277,0.0019218921661376953
200298,normal,584,0,1782360998.0728543,0.0020265579223632812
200299,normal,2125,0,1782360998.0748699,0.0020155906677246094
200300,normal,1529,0,1782360998.0768101,0.0019402503967285156
200301,normal,235,0,1782360998.0788753,0.0020651817321777344
200302,normal,1132,0,1782360998.0809293,0.002053976058959961
200303,normal,3002,0,1782360998.0827832,0.00185394287109375
200304,normal,3169,1,1782360998.0848424,0.0020592212677001953
200305,normal,1232,0,1782360998.0868587,0.002016305923461914
200306,normal,1317,0,1782360998.0887713,0.0019125938415527344
200307,normal,3112,1,1782360998.0908732,0.002101898193359375
200308,normal,1543,0,1782360998.092858,0.001984834671020508
200309,normal,3435,0,1782360998.0949044,0.002046346664428711
200310,normal,122,0,1782360998.0967958,0.0018913745880126953
200311,normal,1940,0,1782360998.0988562,0.002060413360595703
200312,normal,3227,1,1782360998.1007915,0.0019352436065673828
200313,normal,1367,1,1782360998.1028585,0.002067089080810547
200314,normal,1848,0,1782360998.104836,0.0019774436950683594
200315,normal,742,0,1782360998.1067915,0.0019555091857910156
200316,normal,1345,1,1782360998.1088462,0.0020546913146972656
200317,normal,14,0,1782360998.1108787,0.0020325183868408203
200318,normal,863,2,1782360998.1128073,0.001928567886352539
200319,normal,2854,0,1782360998.1149025,0.0020952224731445312
200320,normal,238,0,1782360998.1168945,0.0019919872283935547
200321,normal,2666,0,1782360998.118834,0.001939535140991211
200322,normal,1789,0,1782360998.120894,0.0020599365234375
200323,normal,2678,0,1782360998.1229055,0.002011537551879883
200324,normal,1539,0,1782360998.1248038,0.0018982887268066406
200325,normal,1740,0,1782360998.126929,0.002125263214111328
200326,normal,1971,0,1782360998.128916,0.001986980438232422
200327,normal,2683,0,1782360998.1307728,0.0018568038940429688
200328,normal,3364,1,1782360998.1329727,0.002199888229370117
200329,normal,2553,0,1782360998.1349308,0.001958131790161133
200330,normal,2634,0,1782360998.1369426,0.0020117759704589844
200331,normal,1052,0,1782360998.1389415,0.0019989013671875
200332,normal,2327,0,1782360998.1409328,0.00199127197265625
200333,normal,2076,0,1782360998.142884,0.0019512176513671875
200334,normal,2695,0,1782360998.14493,0.002045869827270508
200335,normal,1253,0,1782360998.146945,0.0020151138305664062
200336,normal,577,0,1782360998.1492727,0.0023276805877685547
200337,normal,822,2,1782360998.1509395,0.0016667842864990234
200338,normal,1203,0,1782360998.1529536,0.00201416015625
200339,normal,552,0,1782360998.1549184,0.0019648075103759766
200340,normal,940,2,1782360998.1569438,0.0020253658294677734
200341,normal,839,2,1782360998.1589596,0.002015829086303711
200342,normal,2268,0,1782360998.160971,0.0020112991333007812
200343,normal,660,0,1782360998.1629407,0.0019698143005371094
200344,normal,3351,1,1782360998.164951,0.002010345458984375
200345,normal,1241,0,1782360998.1668973,0.0019462108612060547
200346,normal,2335,0,1782360998.1689544,0.0020570755004882812
200347,normal,2579,0,1782360998.1709664,0.002012014389038086
200348,normal,455,0,1782360998.1728024,0.0018360614776611328
200349,normal,3643,0,1782360998.1749573,0.002154827117919922
200350,normal,1400,0,1782360998.176956,0.0019986629486083984
200351,normal,1185,0,1782360998.1789086,0.0019526481628417969
200352,normal,2315,0,1782360998.1810365,0.0021278858184814453
200353,normal,1771,0,1782360998.1832247,0.0021882057189941406
200354,normal,1025,2,1782360998.1849723,0.0017476081848144531
200355,normal,178,0,1782360998.1868794,0.0019071102142333984
200356,normal,677,0,1782360998.1889484,0.0020689964294433594
200357,normal,495,0,1782360998.1909206,0.001972198486328125
200358,normal,1768,0,1782360998.1928673,0.0019466876983642578
200359,normal,123,0,1782360998.1949692,0.002101898193359375
200360,normal,404,0,1782360998.196855,0.0018858909606933594
200361,normal,12,0,1782360998.1990557,0.002200603485107422
200362,normal,1189,0,1782360998.2008965,0.001840829849243164
200363,normal,1445,0,1782360998.2030206,0.0021240711212158203
200364,normal,1270,0,1782360998.2051244,0.0021038055419921875
200365,normal,2273,0,1782360998.2069967,0.0018723011016845703
200366,normal,3289,1,1782360998.2088926,0.001895904541015625
200367,normal,1634,0,1782360998.2110014,0.0021088123321533203
200368,normal,376,0,1782360998.2129767,0.0019752979278564453
200369,normal,2605,0,1782360998.2148526,0.0018758773803710938
200370,normal,3462,0,1782360998.2169933,0.0021407604217529297
200371,normal,182,0,1782360998.2191796,0.002186298370361328
200372,normal,1067,0,1782360998.2207942,0.0016145706176757812
200373,normal,2245,0,1782360998.2229285,0.0021343231201171875
200374,normal,1248,0,1782360998.224917,0.0019884109497070312
200375,normal,1391,0,1782360998.2268407,0.0019237995147705078
200376,normal,2671,0,1782360998.2288842,0.002043485641479492
200377,normal,2903,0,1782360998.230845,0.00196075439453125
200378,normal,3589,0,1782360998.2328691,0.0020241737365722656
200379,normal,1713,0,1782360998.2349079,0.002038717269897461
200380,normal,305,0,1782360998.2369733,0.002065420150756836
200381,normal,1452,0,1782360998.238826,0.0018527507781982422
200382,normal,2209,0,1782360998.2408397,0.002013683319091797
200383,normal,2929,0,1782360998.2429552,0.002115488052368164
200384,normal,2444,0,1782360998.244837,0.0018818378448486328
200385,normal,867,2,1782360998.246953,0.002115964889526367
200386,normal,2383,0,1782360998.248966,0.002012968063354492
200387,normal,1561,0,1782360998.2508588,0.0018928050994873047
200388,normal,2653,0,1782360998.2529776,0.002118825912475586
200389,normal,1300,0,1782360998.254978,0.0020003318786621094
200390,normal,1091,0,1782360998.2568116,0.0018336772918701172
200391,normal,2846,0,1782360998.2589352,0.002123594284057617
200392,normal,2248,0,1782360998.260916,0.0019807815551757812
200393,normal,2134,0,1782360998.2628126,0.0018966197967529297
200394,normal,47,0,1782360998.265008,0.0021953582763671875
200395,normal,2646,0,1782360998.26697,0.001961946487426758
200396,normal,250,0,1782360998.268904,0.001934051513671875
200397,normal,3163,1,1782360998.271061,0.002156972885131836
200398,normal,1054,0,1782360998.2729168,0.0018558502197265625
200399,normal,1044,0,1782360998.274922,0.0020051002502441406
200400,normal,275,0,1782360998.276848,0.0019261837005615234
200401,normal,1157,0,1782360998.2790186,0.002170562744140625
200402,normal,2831,0,1782360998.2809017,0.0018830299377441406
200403,normal,3049,1,1782360998.2828703,0.0019686222076416016
200404,normal,2930,0,1782360998.2849264,0.002056121826171875
200405,normal,2353,0,1782360998.2868068,0.0018804073333740234
200406,normal,2108,0,1782360998.2889411,0.0021343231201171875
200407,normal,2567,0,1782360998.291001,0.0020599365234375
200408,normal,1387,0,1782360998.292823,0.0018219947814941406
200409,normal,1331,1,1782360998.2949238,0.002100706100463867
200410,normal,1396,0,1782360998.2969213,0.0019974708557128906
200411,normal,1749,0,1782360998.2988057,0.00188446044921875
200412,normal,112,0,1782360998.3009865,0.002180814743041992
200413,normal,2606,0,1782360998.303321,0.0023343563079833984
200414,normal,375,0,1782360998.3048916,0.0015707015991210938
200415,normal,1913,0,1782360998.30692,0.0020284652709960938
200416,normal,1206,0,1782360998.3089347,0.002014636993408203
200417,normal,2660,0,1782360998.3108416,0.0019068717956542969
200418,normal,1785,0,1782360998.3129597,0.0021181106567382812
200419,normal,1941,0,1782360998.3150077,0.002048015594482422
200420,normal,3315,1,1782360998.3168716,0.0018639564514160156
200421,normal,1290,0,1782360998.318811,0.0019392967224121094
200422,normal,3629,0,1782360998.3209188,0.002107858657836914
200423,normal,1685,0,1782360998.3228037,0.0018849372863769531
200424,normal,1380,1,1782360998.3249114,0.0021076202392578125
200425,normal,9,0,1782360998.3269053,0.001993894577026367
200426,normal,3612,0,1782360998.3288114,0.0019061565399169922
200427,normal,1676,0,1782360998.3309212,0.0021097660064697266
200428,normal,2228,0,1782360998.3328888,0.0019676685333251953
200429,normal,3581,0,1782360998.3348913,0.0020024776458740234
200430,normal,2188,0,1782360998.3371131,0.002221822738647461
200431,normal,2257,0,1782360998.3388526,0.001739501953125
200432,normal,3483,0,1782360998.3407907,0.0019381046295166016
200433,normal,3,0,1782360998.3428798,0.0020890235900878906
200434,normal,3219,1,1782360998.34487,0.0019903182983398438
200435,normal,1923,0,1782360998.3468323,0.0019621849060058594
200436,normal,1743,0,1782360998.3491228,0.002290487289428711
200437,normal,794,2,1782360998.3509326,0.001809835433959961
200438,normal,2351,0,1782360998.3528013,0.0018687248229980469
200439,normal,1546,0,1782360998.3548956,0.002094268798828125
200440,normal,714,0,1782360998.3569162,0.002020597457885742
200441,normal,408,0,1782360998.3587768,0.0018606185913085938
200442,normal,2871,0,1782360998.360762,0.0019850730895996094
200443,normal,2801,0,1782360998.3628705,0.0021085739135742188
200444,normal,2386,0,1782360998.3649085,0.0020380020141601562
200445,normal,2953,0,1782360998.366908,0.0019996166229248047
200446,normal,2491,0,1782360998.3689053,0.001997232437133789
200447,normal,752,0,1782360998.3709023,0.0019969940185546875
200448,normal,1894,0,1782360998.372885,0.0019826889038085938
200449,normal,603,0,1782360998.3749528,0.0020678043365478516
200450,normal,2296,0,1782360998.3768594,0.0019066333770751953
200451,normal,591,0,1782360998.3789604,0.0021009445190429688
200452,normal,1046,0,1782360998.380978,0.0020177364349365234
200453,normal,2016,0,1782360998.3827868,0.0018086433410644531
200454,normal,1667,0,1782360998.384947,0.002160310745239258
200455,normal,3537,0,1782360998.386945,0.0019979476928710938
200456,normal,2236,0,1782360998.3889773,0.0020322799682617188
200457,normal,1744,0,1782360998.3909166,0.0019392967224121094
200458,normal,1183,0,1782360998.3928695,0.0019528865814208984
200459,normal,151,0,1782360998.3948982,0.0020287036895751953
200460,normal,1112,0,1782360998.3969095,0.0020112991333007812
200461,normal,579,0,1782360998.398897,0.001987457275390625
200462,normal,3180,1,1782360998.4009173,0.0020203590393066406
200463,normal,1942,0,1782360998.4029033,0.0019860267639160156
200464,normal,2920,0,1782360998.4049835,0.002080202102661133
200465,normal,2851,0,1782360998.4068124,0.001828908920288086
200466,normal,1975,0,1782360998.408881,0.0020685195922851562
200467,normal,1954,0,1782360998.4108636,0.0019826889038085938
200468,normal,1050,0,1782360998.412794,0.0019304752349853516
200469,normal,2221,0,1782360998.414891,0.002096891403198242
200470,normal,2692,0,1782360998.4169152,0.0020241737365722656
200471,normal,1957,0,1782360998.4190776,0.002162456512451172
200472,normal,2349,0,1782360998.4208367,0.0017590522766113281
200473,normal,521,0,1782360998.4228594,0.0020227432250976562
200474,normal,990,2,1782360998.4247892,0.0019297599792480469
200475,normal,2808,0,1782360998.4268694,0.002080202102661133
200476,normal,1653,0,1782360998.42882,0.0019505023956298828
200477,normal,2011,0,1782360998.4307399,0.0019199848175048828
200478,normal,2309,0,1782360998.4327915,0.0020515918731689453
200479,normal,1371,1,1782360998.4348269,0.002035379409790039
200480,normal,914,2,1782360998.4368658,0.0020389556884765625
200481,normal,62,0,1782360998.4388201,0.001954317092895508
200482,normal,65,0,1782360998.4408708,0.002050638198852539
200483,normal,2933,0,1782360998.442856,0.001985311508178711
200484,normal,973,2,1782360998.4448729,0.002016782760620117
200485,normal,3428,0,1782360998.4468825,0.0020096302032470703
200486,normal,2001,0,1782360998.4488819,0.001999378204345703
200487,normal,3636,0,1782360998.4509153,0.0020334720611572266
200488,normal,1925,0,1782360998.452872,0.0019567012786865234
200489,normal,2619,0,1782360998.454763,0.0018908977508544922
200490,normal,2614,0,1782360998.4567528,0.0019898414611816406
200491,normal,1409,0,1782360998.4587538,0.002001047134399414
200492,normal,886,2,1782360998.460801,0.0020470619201660156
200493,normal,3708,0,1782360998.4627833,0.001982450485229492
200494,normal,2435,0,1782360998.4647558,0.0019724369049072266
200495,normal,435,0,1782360998.4667687,0.002012968063354492
200496,normal,143,0,1782360998.4688823,0.0021135807037353516
200497,normal,3553,0,1782360998.4708424,0.0019600391387939453
200498,normal,3316,1,1782360998.4734037,0.002561330795288086
200499,normal,2601,0,1782360998.4749222,0.0015184879302978516
200500,normal,1395,0,1782360998.4769177,0.001995563507080078
200501,normal,1315,0,1782360998.4789083,0.0019905567169189453
200502,normal,3051,1,1782360998.4809005,0.0019922256469726562
200503,normal,1936,0,1782360998.4829028,0.002002239227294922
200504,normal,132,0,1782360998.485031,0.002128124237060547
200505,normal,3504,0,1782360998.486971,0.001940011978149414
200506,normal,2766,0,1782360998.4889107,0.0019397735595703125
200507,normal,2506,0,1782360998.490903,0.0019922256469726562
200508,normal,3574,0,1782360998.492925,0.0020220279693603516
200509,normal,256,0,1782360998.4949007,0.0019757747650146484
200510,normal,3153,1,1782360998.4969046,0.002003908157348633
200511,normal,993,2,1782360998.4989507,0.0020461082458496094
200512,normal,1465,0,1782360998.5009663,0.0020155906677246094
200513,normal,3682,0,1782360998.5029302,0.0019638538360595703
200514,normal,1337,1,1782360998.5049107,0.0019805431365966797
200515,normal,2973,0,1782360998.5074704,0.002559661865234375
200516,normal,1233,0,1782360998.5089986,0.0015282630920410156
200517,normal,3082,1,1782360998.5108871,0.0018885135650634766
200518,normal,3582,0,1782360998.512861,0.001973867416381836
200519,normal,3053,1,1782360998.5149326,0.0020716190338134766
200520,normal,341,0,1782360998.5169346,0.0020020008087158203
200521,normal,587,0,1782360998.518962,0.002027273178100586
200522,normal,2372,0,1782360998.5210028,0.002040863037109375
200523,normal,2726,0,1782360998.5230296,0.002026796340942383
200524,normal,504,0,1782360998.5248897,0.0018601417541503906
200525,normal,1201,0,1782360998.527019,0.0021293163299560547
200526,normal,1728,0,1782360998.5291085,0.0020895004272460938
200527,normal,3241,1,1782360998.5310466,0.0019381046295166016
200528,normal,2025,0,1782360998.5329776,0.0019309520721435547
200529,normal,3172,1,1782360998.5349698,0.0019922256469726562
200530,normal,2965,0,1782360998.5369258,0.0019559860229492188
200531,normal,1063,0,1782360998.5389104,0.0019845962524414062
200532,normal,1825,0,1782360998.5409307,0.0020203590393066406
200533,normal,67,0,1782360998.542949,0.0020182132720947266
200534,normal,1510,0,1782360998.5449703,0.002021312713623047
200535,normal,2740,0,1782360998.5469344,0.001964092254638672
200536,normal,3087,1,1782360998.5489032,0.001968860626220703
200537,normal,618,0,1782360998.5509007,0.0019974708557128906
200538,normal,3237,1,1782360998.5529003,0.0019996166229248047
200539,normal,1289,0,1782360998.5549045,0.0020041465759277344
200540,normal,3632,0,1782360998.5570061,0.0021016597747802734
200541,normal,3700,0,1782360998.5589166,0.0019104480743408203
200542,normal,2229,0,1782360998.5609062,0.001989603042602539
200543,normal,1477,0,1782360998.5628905,0.0019843578338623047
200544,normal,2611,0,1782360998.5649025,0.002012014389038086
200545,normal,2550,0,1782360998.5672097,0.0023071765899658203
200546,normal,797,2,1782360998.5688086,0.0015988349914550781
200547,normal,1965,0,1782360998.5708938,0.0020852088928222656
200548,normal,2404,0,1782360998.5729482,0.002054452896118164
200549,normal,1124,0,1782360998.574889,0.0019407272338867188
200550,normal,688,0,1782360998.5767982,0.0019092559814453125
200551,normal,627,0,1782360998.5788727,0.0020744800567626953
200552,normal,3084,1,1782360998.5809221,0.0020494461059570312
200553,normal,3311,1,1782360998.5829692,0.0020470619201660156
200554,normal,1474,0,1782360998.5849721,0.0020029544830322266
200555,normal,1729,0,1782360998.5869074,0.0019352436065673828
200556,normal,935,2,1782360998.5892055,0.002298116683959961
200557,normal,782,2,1782360998.5917282,0.002522706985473633
200558,normal,1433,0,1782360998.5931253,0.0013971328735351562
200559,normal,432,0,1782360998.5949955,0.0018701553344726562
200560,normal,1794,0,1782360998.5968723,0.0018768310546875
200561,normal,1582,0,1782360998.598869,0.001996755599975586
200562,normal,3514,0,1782360998.6008673,0.0019981861114501953
200563,normal,2287,0,1782360998.6029007,0.0020334720611572266
200564,normal,299,0,1782360998.6048677,0.0019669532775878906
200565,normal,2049,0,1782360998.6068654,0.001997709274291992
200566,normal,2063,0,1782360998.6088717,0.0020062923431396484
200567,normal,2788,0,1782360998.6108985,0.002026796340942383
200568,normal,1781,0,1782360998.6133184,0.0024199485778808594
200569,normal,1526,0,1782360998.6149929,0.0016744136810302734
200570,normal,1084,0,1782360998.616835,0.0018422603607177734
200571,normal,1868,0,1782360998.6189392,0.002104043960571289
200572,normal,3081,1,1782360998.620949,0.002009868621826172
200573,normal,1153,0,1782360998.6230102,0.002061128616333008
200574,normal,3355,1,1782360998.6249704,0.001960277557373047
200575,normal,3115,1,1782360998.626907,0.0019366741180419922
200576,normal,3421,0,1782360998.62895,0.002043008804321289
200577,normal,1850,0,1782360998.6309652,0.0020151138305664062
200578,normal,3650,0,1782360998.632903,0.0019378662109375
200579,normal,2427,0,1782360998.6352859,0.0023827552795410156
200580,normal,2737,0,1782360998.6370273,0.0017414093017578125
200581,normal,1811,0,1782360998.6389916,0.0019643306732177734
200582,normal,1601,0,1782360998.6410067,0.0020151138305664062
200583,normal,1947,0,1782360998.642981,0.001974344253540039
200584,normal,347,0,1782360998.645079,0.0020978450775146484
200585,normal,237,0,1782360998.6470525,0.0019736289978027344
200586,normal,2544,0,1782360998.6489017,0.0018491744995117188
200587,normal,3550,0,1782360998.6508756,0.001973867416381836
200588,normal,1884,0,1782360998.6528594,0.0019838809967041016
200589,normal,497,0,1782360998.6548872,0.002027750015258789
200590,normal,110,0,1782360998.6572013,0.0023140907287597656
200591,normal,2805,0,1782360998.6590738,0.0018725395202636719
200592,normal,411,0,1782360998.6610415,0.0019676685333251953
200593,normal,2150,0,1782360998.6630833,0.0020418167114257812
200594,normal,160,0,1782360998.6650674,0.001984119415283203
200595,normal,258,0,1782360998.6681135,0.0030460357666015625
200596,normal,2251,0,1782360998.6688988,0.0007853507995605469
200597,normal,2759,0,1782360998.6711693,0.0022704601287841797
200598,normal,2803,0,1782360998.6728315,0.0016622543334960938
200599,normal,2984,0,1782360998.674881,0.0020494461059570312
200600,normal,3393,1,1782360998.6768293,0.0019483566284179688
200601,normal,3598,0,1782360998.6788886,0.0020592212677001953
200602,normal,1228,0,1782360998.6811438,0.0022552013397216797
200603,normal,3110,1,1782360998.682947,0.0018031597137451172
200604,normal,1154,0,1782360998.6850526,0.002105712890625
200605,normal,2811,0,1782360998.6870196,0.0019669532775878906
200606,normal,1301,0,1782360998.6889322,0.0019125938415527344
200607,normal,1580,0,1782360998.6909993,0.002067089080810547
200608,normal,2095,0,1782360998.6930606,0.0020613670349121094
200609,normal,2250,0,1782360998.6950464,0.001985788345336914
200610,normal,1499,0,1782360998.6969209,0.0018744468688964844
200611,normal,1694,0,1782360998.6989067,0.001985788345336914
200612,normal,2139,0,1782360998.700772,0.001865386962890625
200613,normal,1569,0,1782360998.7028503,0.0020782947540283203
200614,normal,3382,1,1782360998.7048652,0.0020148754119873047
200615,normal,2885,0,1782360998.706862,0.001996755599975586
200616,normal,2053,0,1782360998.7087905,0.001928567886352539
200617,normal,2454,0,1782360998.7108428,0.00205230712890625
200618,normal,1627,0,1782360998.712821,0.001978158950805664
200619,normal,3167,1,1782360998.7148688,0.0020477771759033203
200620,normal,2166,0,1782360998.716841,0.001972198486328125
200621,normal,3341,1,1782360998.7187917,0.0019507408142089844
200622,normal,2408,0,1782360998.7208443,0.0020525455474853516
200623,normal,2007,0,1782360998.7228403,0.0019960403442382812
200624,normal,2294,0,1782360998.7247941,0.0019538402557373047
200625,normal,3654,0,1782360998.7268322,0.0020380020141601562
200626,normal,473,0,1782360998.728833,0.0020008087158203125
200627,normal,3213,1,1782360998.730782,0.0019490718841552734
200628,normal,636,0,1782360998.7328322,0.002050161361694336
200629,normal,1108,0,1782360998.7348506,0.002018451690673828
200630,normal,555,0,1782360998.7367828,0.0019321441650390625
200631,normal,1106,0,1782360998.7388434,0.0020606517791748047
200632,normal,2275,0,1782360998.740832,0.001988649368286133
200633,normal,2283,0,1782360998.742783,0.001950979232788086
200634,normal,1935,0,1782360998.7448318,0.0020487308502197266
200635,normal,3297,1,1782360998.746856,0.0020241737365722656
200636,normal,3609,0,1782360998.7488143,0.0019583702087402344
200637,normal,938,2,1782360998.7508724,0.0020580291748046875
200638,normal,2218,0,1782360998.7528253,0.0019528865814208984
200639,normal,2812,0,1782360998.7548378,0.002012491226196289
200640,normal,309,0,1782360998.7568166,0.0019788742065429688
200641,normal,1892,0,1782360998.758806,0.0019893646240234375
200642,normal,2911,0,1782360998.7608132,0.0020072460174560547
200643,normal,1118,0,1782360998.7627876,0.001974344253540039
200644,normal,3086,1,1782360998.7648604,0.0020728111267089844
200645,normal,1955,0,1782360998.7668965,0.0020360946655273438
200646,normal,1070,0,1782360998.7687838,0.0018873214721679688
200647,normal,291,0,1782360998.7708435,0.0020596981048583984
200648,normal,214,0,1782360998.7727928,0.001949310302734375
200649,normal,297,0,1782360998.7748768,0.002084016799926758
200650,normal,3600,0,1782360998.7768438,0.0019669532775878906
200651,normal,2340,0,1782360998.778789,0.0019452571868896484
200652,normal,3147,1,1782360998.7808464,0.002057313919067383
200653,normal,2602,0,1782360998.782803,0.0019567012786865234
200654,normal,3016,0,1782360998.7847905,0.001987457275390625
200655,normal,2406,0,1782360998.786822,0.002031564712524414
200656,normal,1237,0,1782360998.7888424,0.0020203590393066406
200657,normal,2912,0,1782360998.790925,0.0020825862884521484
200658,normal,2626,0,1782360998.7928152,0.0018901824951171875
200659,normal,3221,1,1782360998.79497,0.002154827117919922
200660,normal,3658,0,1782360998.7968287,0.0018587112426757812
200661,normal,343,0,1782360998.798932,0.0021033287048339844
200662,normal,2153,0,1782360998.8009763,0.002044200897216797
200663,normal,1209,0,1782360998.8028157,0.0018393993377685547
200664,normal,3641,0,1782360998.8049207,0.0021049976348876953
200665,normal,850,2,1782360998.8069668,0.0020461082458496094
200666,normal,2515,0,1782360998.8088174,0.0018506050109863281
200667,normal,1855,0,1782360998.8109388,0.002121448516845703
200668,normal,1223,0,1782360998.8129723,0.0020334720611572266
200669,normal,1866,0,1782360998.8148184,0.0018460750579833984
200670,normal,2319,0,1782360998.816954,0.0021355152130126953
200671,normal,3501,0,1782360998.818976,0.0020220279693603516
200672,normal,652,0,1782360998.8208117,0.0018358230590820312
200673,normal,1276,0,1782360998.8229067,0.0020949840545654297
200674,normal,462,0,1782360998.8249748,0.002068042755126953
200675,normal,129,0,1782360998.8268101,0.0018353462219238281
200676,normal,768,0,1782360998.8290029,0.0021927356719970703
200677,normal,2562,0,1782360998.8309736,0.0019707679748535156
200678,normal,0,0,1782360998.8328245,0.0018508434295654297
200679,normal,3007,0,1782360998.8349893,0.0021648406982421875
200680,normal,501,0,1782360998.836974,0.0019845962524414062
200681,normal,488,0,1782360998.838821,0.0018470287322998047
200682,normal,156,0,1782360998.840934,0.0021131038665771484
200683,normal,1890,0,1782360998.842973,0.0020389556884765625
200684,normal,2585,0,1782360998.8448193,0.0018463134765625
200685,normal,1250,0,1782360998.846991,0.002171754837036133
200686,normal,1043,0,1782360998.8489692,0.001978158950805664
200687,normal,3067,1,1782360998.8508122,0.0018429756164550781
200688,normal,2533,0,1782360998.8529406,0.0021283626556396484
200689,normal,2169,0,1782360998.8549986,0.0020580291748046875
200690,normal,1215,0,1782360998.8568206,0.0018219947814941406
200691,normal,1996,0,1782360998.8590336,0.002213001251220703
200692,normal,311,0,1782360998.860971,0.0019373893737792969
200693,normal,2225,0,1782360998.86282,0.0018489360809326172
200694,normal,3611,0,1782360998.8649292,0.0021092891693115234
200695,normal,2498,0,1782360998.8669524,0.0020232200622558594
200696,normal,2645,0,1782360998.8688216,0.00186920166015625
200697,normal,2685,0,1782360998.8708026,0.001981019973754883
200698,normal,1462,0,1782360998.8729732,0.002170562744140625
200699,normal,730,0,1782360998.8748176,0.0018444061279296875
200700,normal,260,0,1782360998.8769426,0.0021250247955322266
200701,normal,2711,0,1782360998.8789692,0.0020265579223632812
200702,normal,1827,0,1782360998.8808198,0.0018506050109863281
200703,normal,3706,0,1782360998.8830366,0.002216815948486328
200704,normal,3673,0,1782360998.8849676,0.0019309520721435547
200705,normal,646,0,1782360998.8868172,0.0018496513366699219
200706,normal,700,0,1782360998.8890347,0.002217531204223633
200707,normal,355,0,1782360998.8909886,0.0019538402557373047
200708,normal,3399,1,1782360998.8928168,0.0018281936645507812
200709,normal,423,0,1782360998.894954,0.0021371841430664062
200710,normal,1876,0,1782360998.8969736,0.002019643783569336
200711,normal,551,0,1782360998.8988204,0.0018467903137207031
200712,normal,2384,0,1782360998.9011226,0.0023021697998046875
200713,normal,335,0,1782360998.9028735,0.001750946044921875
200714,normal,1075,0,1782360998.9049377,0.002064228057861328
200715,normal,3577,0,1782360998.9068637,0.0019259452819824219
200716,normal,2940,0,1782360998.908965,0.002101421356201172
200717,normal,80,0,1782360998.9108157,0.0018506050109863281
200718,normal,1735,0,1782360998.9129436,0.0021278858184814453
200719,normal,1719,0,1782360998.9149644,0.0020208358764648438
200720,normal,893,2,1782360998.9168136,0.0018491744995117188
200721,normal,2302,0,1782360998.9189446,0.0021309852600097656
200722,normal,2622,0,1782360998.9209676,0.002022981643676758
200723,normal,1101,0,1782360998.9228163,0.0018486976623535156
200724,normal,736,0,1782360998.9249167,0.0021004676818847656
200725,normal,2227,0,1782360998.926968,0.0020513534545898438
200726,normal,2596,0,1782360998.9289417,0.0019736289978027344
200727,normal,3023,0,1782360998.9308212,0.0018794536590576172
200728,normal,2610,0,1782360998.9329898,0.0021686553955078125
200729,normal,890,2,1782360998.93482,0.0018301010131835938
200730,normal,1916,0,1782360998.9370596,0.002239704132080078
200731,normal,3526,0,1782360998.9389372,0.0018775463104248047
200732,normal,1438,0,1782360998.9408102,0.001873016357421875
200733,normal,1887,0,1782360998.9428954,0.0020852088928222656
200734,normal,2573,0,1782360998.9449387,0.0020432472229003906
200735,normal,802,2,1782360998.9468088,0.0018701553344726562
200736,normal,703,0,1782360998.948909,0.002100229263305664
200737,normal,3434,0,1782360998.9508362,0.0019271373748779297
200738,normal,1435,0,1782360998.952836,0.0019998550415039062
200739,normal,1484,0,1782360998.9548244,0.0019884109497070312
200740,normal,3619,0,1782360998.9568284,0.002003908157348633
200741,normal,987,2,1782360998.9588099,0.001981496810913086
200742,normal,2407,0,1782360998.9608128,0.0020029544830322266
200743,normal,2346,0,1782360998.9628103,0.0019974708557128906
200744,normal,3419,0,1782360998.964949,0.0021386146545410156
200745,normal,1060,0,1782360998.9667835,0.0018346309661865234
200746,normal,2037,0,1782360998.9688728,0.002089262008666992
200747,normal,637,0,1782360998.9708521,0.001979351043701172
200748,normal,2896,0,1782360998.9729347,0.0020825862884521484
200749,normal,2627,0,1782360998.9749272,0.001992464065551758
200750,normal,240,0,1782360998.9768872,0.0019600391387939453
200751,normal,2983,0,1782360998.9788804,0.0019931793212890625
200752,normal,1472,0,1782360998.9810767,0.0021963119506835938
200753,normal,3222,1,1782360998.9828663,0.0017895698547363281
200754,normal,1734,0,1782360998.9847891,0.0019228458404541016
200755,normal,789,2,1782360998.986962,0.0021729469299316406
200756,normal,2003,0,1782360998.9887755,0.0018134117126464844
200757,normal,433,0,1782360998.9909637,0.0021882057189941406
200758,normal,1644,0,1782360998.9929514,0.0019876956939697266
200759,normal,1225,0,1782360998.994807,0.001855611801147461
200760,normal,92,0,1782360998.9967754,0.0019683837890625
200761,normal,3333,1,1782360998.9988341,0.002058744430541992
200762,normal,327,0,1782360999.0008602,0.002026081085205078
200763,normal,2130,0,1782360999.0027883,0.001928091049194336
200764,normal,1628,0,1782360999.0048318,0.002043485641479492
200765,normal,2195,0,1782360999.0067928,0.0019609928131103516
200766,normal,3542,0,1782360999.0088375,0.002044677734375
200767,normal,690,0,1782360999.0108328,0.0019953250885009766
200768,normal,1673,0,1782360999.0128028,0.001970052719116211
200769,normal,970,2,1782360999.0148578,0.002054929733276367
200770,normal,606,0,1782360999.0168245,0.001966714859008789
200771,normal,1065,0,1782360999.0188065,0.001981973648071289
200772,normal,2994,0,1782360999.0208116,0.0020051002502441406
200773,normal,631,0,1782360999.0228353,0.0020236968994140625
200774,normal,2074,0,1782360999.0247939,0.001958608627319336
200775,normal,2088,0,1782360999.026834,0.0020401477813720703
200776,normal,686,0,1782360999.028832,0.0019979476928710938
200777,normal,1254,0,1782360999.0308306,0.0019986629486083984
200778,normal,1544,0,1782360999.0327902,0.001959562301635742
200779,normal,1973,0,1782360999.034816,0.0020258426666259766
200780,normal,483,0,1782360999.03681,0.001993894577026367
200781,normal,2160,0,1782360999.0388265,0.0020165443420410156
200782,normal,3192,1,1782360999.0408263,0.0019998550415039062
200783,normal,791,2,1782360999.0427778,0.001951456069946289
200784,normal,174,0,1782360999.0448103,0.0020325183868408203
200785,normal,2909,0,1782360999.0468156,0.002005338668823242
200786,normal,1266,0,1782360999.0488088,0.0019931793212890625
200787,normal,1812,0,1782360999.0508456,0.0020368099212646484
200788,normal,3021,0,1782360999.0528274,0.0019817352294921875
200789,normal,431,0,1782360999.0547814,0.0019540786743164062
200790,normal,2578,0,1782360999.0568326,0.002051115036010742
200791,normal,1716,0,1782360999.058833,0.0020003318786621094
200792,normal,3041,0,1782360999.0607734,0.0019404888153076172
200793,normal,524,0,1782360999.062854,0.002080678939819336
200794,normal,405,0,1782360999.0648382,0.001984119415283203
200795,normal,100,0,1782360999.0667772,0.0019390583038330078
200796,normal,3076,1,1782360999.0688713,0.0020940303802490234
200797,normal,1411,0,1782360999.0708616,0.0019903182983398438
200798,normal,1308,0,1782360999.0727875,0.0019259452819824219
200799,normal,728,0,1782360999.0748408,0.0020532608032226562
200800,normal,2464,0,1782360999.0768232,0.001982450485229492
200801,normal,3057,1,1782360999.0787773,0.0019540786743164062
200802,normal,3281,1,1782360999.0808282,0.0020508766174316406
200803,normal,759,0,1782360999.0828333,0.0020051002502441406
200804,normal,1784,0,1782360999.084794,0.00196075439453125
200805,normal,3455,0,1782360999.086848,0.002053976058959961
200806,normal,750,0,1782360999.088837,0.0019888877868652344
200807,normal,640,0,1782360999.0907826,0.0019457340240478516
200808,normal,1514,0,1782360999.0928822,0.0020995140075683594
200809,normal,3234,1,1782360999.09483,0.0019478797912597656
200810,normal,1690,0,1782360999.0968006,0.001970529556274414
200811,normal,3678,0,1782360999.0988152,0.002014636993408203
200812,normal,1873,0,1782360999.1008315,0.002016305923461914
200813,normal,1842,0,1782360999.102772,0.0019404888153076172
200814,normal,1141,0,1782360999.1048713,0.002099275588989258
200815,normal,1461,0,1782360999.106819,0.001947641372680664
200816,normal,2820,0,1782360999.1088066,0.0019876956939697266
200817,normal,1328,1,1782360999.1108458,0.002039194107055664
200818,normal,533,0,1782360999.1128323,0.0019865036010742188
200819,normal,1583,0,1782360999.1147745,0.0019421577453613281
200820,normal,1505,0,1782360999.1168425,0.002068042755126953
200821,normal,2670,0,1782360999.1188395,0.0019969940185546875
200822,normal,1210,0,1782360999.120776,0.0019364356994628906
200823,normal,2694,0,1782360999.1228747,0.0020987987518310547
200824,normal,392,0,1782360999.1249404,0.0020656585693359375
200825,normal,2879,0,1782360999.1268272,0.0018868446350097656
200826,normal,2474,0,1782360999.12913,0.0023026466369628906
200827,normal,3505,0,1782360999.130864,0.001734018325805664
200828,normal,2183,0,1782360999.1330276,0.0021636486053466797
200829,normal,289,0,1782360999.1349742,0.0019466876983642578
200830,normal,3369,1,1782360999.1371274,0.002153158187866211
200831,normal,3343,1,1782360999.1388829,0.0017554759979248047
200832,normal,2175,0,1782360999.1411095,0.002226591110229492
200833,normal,1534,0,1782360999.142988,0.001878499984741211
200834,normal,2669,0,1782360999.1450186,0.002030611038208008
200835,normal,1267,0,1782360999.1469855,0.0019669532775878906
200836,normal,324,0,1782360999.1491065,0.0021209716796875
200837,normal,1595,0,1782360999.1508741,0.0017676353454589844
200838,normal,3128,1,1782360999.153128,0.0022537708282470703
200839,normal,1309,0,1782360999.1550658,0.0019378662109375
200840,normal,708,0,1782360999.157026,0.001960277557373047
200841,normal,1856,0,1782360999.1589718,0.0019457340240478516
200842,normal,884,2,1782360999.1611116,0.0021398067474365234
200843,normal,525,0,1782360999.1628702,0.001758575439453125
200844,normal,2126,0,1782360999.1649854,0.0021152496337890625
200845,normal,3359,1,1782360999.1671104,0.0021250247955322266
200846,normal,3546,0,1782360999.168875,0.001764535903930664
200847,normal,1864,0,1782360999.1711264,0.0022513866424560547
200848,normal,2082,0,1782360999.173753,0.002626657485961914
200849,normal,685,0,1782360999.1748645,0.0011115074157714844
200850,normal,1786,0,1782360999.177004,0.002139568328857422
200851,normal,2894,0,1782360999.179097,0.0020928382873535156
200852,normal,2937,0,1782360999.1808712,0.0017743110656738281
200853,normal,3492,0,1782360999.18316,0.002288818359375
200854,normal,1166,0,1782360999.1849608,0.0018007755279541016
200855,normal,3080,1,1782360999.1870136,0.002052783966064453
200856,normal,1732,0,1782360999.1889586,0.0019450187683105469
200857,normal,1998,0,1782360999.1913316,0.0023729801177978516
200858,normal,2781,0,1782360999.192995,0.0016634464263916016
200859,normal,1383,0,1782360999.194987,0.0019919872283935547
200860,normal,818,2,1782360999.197329,0.0023419857025146484
200861,normal,1995,0,1782360999.1988676,0.0015385150909423828
200862,normal,2878,0,1782360999.201167,0.0022995471954345703
200863,normal,2284,0,1782360999.2029645,0.0017974376678466797
200864,normal,2492,0,1782360999.205051,0.0020864009857177734
200865,normal,1274,0,1782360999.206997,0.0019459724426269531
200866,normal,3232,1,1782360999.2090175,0.002020597457885742
200867,normal,3661,0,1782360999.2109833,0.001965761184692383
200868,normal,3583,0,1782360999.2130141,0.0020308494567871094
200869,normal,2575,0,1782360999.2151139,0.002099752426147461
200870,normal,2838,0,1782360999.216875,0.0017611980438232422
200871,normal,2096,0,1782360999.219233,0.002357959747314453
200872,normal,2555,0,1782360999.220984,0.001750946044921875
200873,normal,2584,0,1782360999.2230475,0.0020635128021240234
200874,normal,3265,1,1782360999.2249799,0.001932382583618164
200875,normal,1745,0,1782360999.2270243,0.0020444393157958984
200876,normal,3565,0,1782360999.2289946,0.0019702911376953125
200877,normal,1441,0,1782360999.230873,0.001878499984741211
200878,normal,1016,2,1782360999.2331164,0.0022432804107666016
200879,normal,2814,0,1782360999.2348902,0.001773834228515625
200880,normal,1796,0,1782360999.237379,0.002488851547241211
200881,normal,2100,0,1782360999.2389736,0.00159454345703125
200882,normal,3025,0,1782360999.241004,0.0020303726196289062
200883,normal,885,2,1782360999.2429793,0.0019752979278564453
200884,normal,3184,1,1782360999.2450755,0.0020961761474609375
200885,normal,1332,1,1782360999.2470453,0.0019698143005371094
200886,normal,3634,0,1782360999.2488687,0.00182342529296875
200887,normal,844,2,1782360999.2509806,0.0021119117736816406
200888,normal,3214,1,1782360999.252884,0.0019032955169677734
200889,normal,1018,2,1782360999.2552047,0.0023207664489746094
200890,normal,3411,0,1782360999.256985,0.0017802715301513672
200891,normal,1857,0,1782360999.2590482,0.002063274383544922
200892,normal,529,0,1782360999.2609801,0.001931905746459961
200893,normal,415,0,1782360999.262944,0.0019638538360595703
200894,normal,2577,0,1782360999.265142,0.0021979808807373047
200895,normal,2494,0,1782360999.2668777,0.001735687255859375
200896,normal,787,2,1782360999.2691367,0.0022590160369873047
200897,normal,317,0,1782360999.2708411,0.0017044544219970703
200898,normal,3140,1,1782360999.2728581,0.0020170211791992188
200899,normal,2447,0,1782360999.2749991,0.0021409988403320312
200900,normal,2535,0,1782360999.276856,0.0018568038940429688
200901,normal,2565,0,1782360999.2788491,0.0019931793212890625
200902,normal,2723,0,1782360999.2809892,0.002140045166015625
200903,normal,2185,0,1782360999.2828531,0.0018639564514160156
200904,normal,3529,0,1782360999.2848587,0.0020055770874023438
200905,normal,1661,0,1782360999.286988,0.0021293163299560547
200906,normal,2557,0,1782360999.2888405,0.0018525123596191406
200907,normal,2388,0,1782360999.2908485,0.0020079612731933594
200908,normal,1993,0,1782360999.293004,0.0021555423736572266
200909,normal,3177,1,1782360999.294862,0.0018579959869384766
200910,normal,1434,0,1782360999.2969074,0.0020453929901123047
200911,normal,1594,0,1782360999.2990694,0.0021619796752929688
200912,normal,1869,0,1782360999.3008404,0.0017709732055664062
200913,normal,3422,0,1782360999.3036442,0.002803802490234375
200914,normal,1756,0,1782360999.3048332,0.0011889934539794922
200915,normal,2308,0,1782360999.306827,0.001993894577026367
200916,normal,1149,0,1782360999.308855,0.0020279884338378906
200917,normal,2299,0,1782360999.3111796,0.0023245811462402344
200918,normal,2316,0,1782360999.3128307,0.0016510486602783203
200919,normal,141,0,1782360999.3148263,0.001995563507080078
200920,normal,96,0,1782360999.317012,0.002185821533203125
200921,normal,3070,1,1782360999.3188708,0.0018587112426757812
200922,normal,1314,0,1782360999.3208401,0.0019693374633789062
200923,normal,43,0,1782360999.3230035,0.002163410186767578
200924,normal,2174,0,1782360999.324854,0.0018503665924072266
200925,normal,229,0,1782360999.3273187,0.002464771270751953
200926,normal,3681,0,1782360999.3288474,0.0015287399291992188
200927,normal,1843,0,1782360999.330873,0.002025604248046875
200928,normal,210,0,1782360999.332858,0.0019850730895996094
200929,normal,943,2,1782360999.334999,0.0021409988403320312
200930,normal,1671,0,1782360999.3368478,0.0018486976623535156
200931,normal,788,2,1782360999.3388605,0.0020127296447753906
200932,normal,1242,0,1782360999.3410208,0.002160310745239258
200933,normal,961,2,1782360999.342848,0.001827239990234375
200934,normal,2438,0,1782360999.3455222,0.002674102783203125
200935,normal,1326,1,1782360999.346864,0.0013418197631835938
200936,normal,1630,0,1782360999.3490615,0.0021975040435791016
200937,normal,3132,1,1782360999.350885,0.00182342529296875
200938,normal,3616,0,1782360999.3531454,0.002260446548461914
200939,normal,1773,0,1782360999.3548667,0.0017213821411132812
200940,normal,785,2,1782360999.3571217,0.002254962921142578
200941,normal,3107,1,1782360999.3589542,0.0018324851989746094
200942,normal,559,0,1782360999.36118,0.0022258758544921875
200943,normal,1252,0,1782360999.3628864,0.0017063617706298828
200944,normal,1574,0,1782360999.365134,0.0022475719451904297
200945,normal,1135,0,1782360999.3668764,0.0017423629760742188
200946,normal,72,0,1782360999.369145,0.002268552780151367
200947,normal,2707,0,1782360999.3709447,0.0017998218536376953
200948,normal,3103,1,1782360999.3731768,0.002232074737548828
200949,normal,2888,0,1782360999.3748798,0.001703023910522461
200950,normal,426,0,1782360999.3771365,0.002256631851196289
200951,normal,401,0,1782360999.3790944,0.0019578933715820312
200952,normal,3578,0,1782360999.3809674,0.001873016357421875
200953,normal,718,0,1782360999.3831162,0.002148866653442383
200954,normal,3298,1,1782360999.3850217,0.0019054412841796875
200955,normal,2194,0,1782360999.3868954,0.0018737316131591797
200956,normal,2527,0,1782360999.3891196,0.0022242069244384766
200957,normal,3010,0,1782360999.3908944,0.0017747879028320312
200958,normal,556,0,1782360999.393121,0.002226591110229492
200959,normal,1663,0,1782360999.3950036,0.0018825531005859375
200960,normal,3309,1,1782360999.3970132,0.0020096302032470703
200961,normal,3093,1,1782360999.3989801,0.0019669532775878906
200962,normal,147,0,1782360999.401067,0.0020868778228759766
200963,normal,1747,0,1782360999.403114,0.0020470619201660156
200964,normal,190,0,1782360999.4048913,0.0017771720886230469
200965,normal,3209,1,1782360999.4071343,0.0022430419921875
200966,normal,3292,1,1782360999.4088724,0.0017380714416503906
200967,normal,582,0,1782360999.411137,0.002264738082885742
200968,normal,1906,0,1782360999.4129696,0.0018324851989746094
200969,normal,608,0,1782360999.41505,0.0020804405212402344
200970,normal,1190,0,1782360999.4174376,0.002387523651123047
200971,normal,1202,0,1782360999.419308,0.0018703937530517578
200972,normal,209,0,1782360999.4210804,0.0017724037170410156
200973,normal,3330,1,1782360999.4232824,0.0022020339965820312
200974,normal,2159,0,1782360999.4252045,0.0019221305847167969
200975,normal,1436,0,1782360999.4271016,0.0018970966339111328
200976,normal,2247,0,1782360999.4292798,0.002178192138671875
200977,normal,2939,0,1782360999.4309933,0.0017135143280029297
200978,normal,780,2,1782360999.4330277,0.002034425735473633
200979,normal,1349,1,1782360999.4349916,0.0019638538360595703
200980,normal,3340,1,1782360999.4370534,0.0020618438720703125
200981,normal,1951,0,1782360999.4390378,0.0019843578338623047
200982,normal,3204,1,1782360999.440889,0.0018510818481445312
200983,normal,2869,0,1782360999.443134,0.002245187759399414
200984,normal,1142,0,1782360999.444863,0.0017290115356445312
200985,normal,3332,1,1782360999.447554,0.002691030502319336
200986,normal,3294,1,1782360999.4493415,0.001787424087524414
200987,normal,278,0,1782360999.451182,0.001840353012084961
200988,normal,2177,0,1782360999.4536161,0.002434253692626953
200989,normal,3327,1,1782360999.4552891,0.001672983169555664
200990,normal,1969,0,1782360999.4574635,0.00217437744140625
200991,normal,1297,0,1782360999.4598513,0.0023877620697021484
200992,normal,263,0,1782360999.4617236,0.0018723011016845703
200993,normal,3266,1,1782360999.4633608,0.0016372203826904297
200994,normal,3225,1,1782360999.4652495,0.0018887519836425781
200995,normal,1110,0,1782360999.4671302,0.001880645751953125
200996,normal,1607,0,1782360999.4692523,0.002122163772583008
200997,normal,3676,0,1782360999.471368,0.0021157264709472656
200998,normal,2079,0,1782360999.4732645,0.0018963813781738281
200999,normal,3321,1,1782360999.47519,0.0019254684448242188
201000,normal,2708,0,1782360999.477849,0.0026590824127197266
201001,normal,2571,0,1782360999.4799457,0.0020966529846191406
201002,normal,437,0,1782360999.4809864,0.0010406970977783203
201003,normal,2461,0,1782360999.4831443,0.002157926559448242
201004,normal,2483,0,1782360999.4852676,0.0021233558654785156
201005,normal,10,0,1782360999.487411,0.002143383026123047
201006,normal,2796,0,1782360999.4898624,0.0024514198303222656
201007,normal,3506,0,1782360999.491518,0.00165557861328125
201008,normal,2712,0,1782360999.4932957,0.00177764892578125
201009,normal,672,0,1782360999.4953992,0.002103567123413086
201010,normal,298,0,1782360999.4977593,0.002360105514526367
201011,normal,2423,0,1782360999.499433,0.0016736984252929688
201012,normal,1211,0,1782360999.5016212,0.0021882057189941406
201013,normal,364,0,1782360999.503275,0.0016536712646484375
201014,normal,3415,0,1782360999.505243,0.0019681453704833984
201015,normal,2995,0,1782360999.5078306,0.002587556838989258
201016,normal,332,0,1782360999.5099318,0.0021011829376220703
201017,normal,3510,0,1782360999.5116587,0.0017268657684326172
201018,normal,1554,0,1782360999.5134292,0.0017704963684082031
201019,normal,3396,1,1782360999.515433,0.002003908157348633
201020,normal,2598,0,1782360999.5174634,0.0020303726196289062
201021,normal,489,0,1782360999.5198243,0.002360820770263672
201022,normal,3220,1,1782360999.5219412,0.0021169185638427734
201023,normal,901,2,1782360999.522969,0.001027822494506836
201024,normal,929,2,1782360999.5250814,0.0021123886108398438
201025,normal,783,2,1782360999.5272152,0.0021338462829589844
201026,normal,675,0,1782360999.529226,0.002010822296142578
201027,normal,3595,0,1782360999.5314565,0.002230405807495117
201028,normal,865,2,1782360999.533221,0.001764535903930664
201029,normal,694,0,1782360999.5354052,0.002184152603149414
201030,normal,1803,0,1782360999.5378363,0.002431154251098633
201031,normal,466,0,1782360999.5388708,0.0010344982147216797
201032,normal,1271,0,1782360999.5411022,0.0022313594818115234
201033,normal,1221,0,1782360999.5433598,0.0022575855255126953
201034,normal,2071,0,1782360999.5452492,0.0018894672393798828
201035,normal,414,0,1782360999.5474062,0.002156972885131836
201036,normal,3655,0,1782360999.5498369,0.0024306774139404297
201037,normal,2786,0,1782360999.5519626,0.0021257400512695312
201038,normal,2303,0,1782360999.5530176,0.001055002212524414
201039,normal,1494,0,1782360999.5552983,0.002280712127685547
201040,normal,877,2,1782360999.5571725,0.0018742084503173828
201041,normal,2329,0,1782360999.5591612,0.001988649368286133
201042,normal,1148,0,1782360999.5618916,0.0027303695678710938
201043,normal,1281,0,1782360999.563447,0.0015554428100585938
201044,normal,669,0,1782360999.5651455,0.0016984939575195312
201045,normal,3513,0,1782360999.5672383,0.0020928382873535156
201046,normal,187,0,1782360999.5691295,0.0018911361694335938
201047,normal,3487,0,1782360999.571159,0.0020294189453125
201048,normal,2632,0,1782360999.5739546,0.002795696258544922
201049,normal,1408,0,1782360999.5748837,0.0009291172027587891
201050,normal,1377,1,1782360999.5770817,0.0021979808807373047
201051,normal,793,2,1782360999.5792902,0.0022084712982177734
201052,normal,150,0,1782360999.580996,0.0017058849334716797
201053,normal,2824,0,1782360999.5831933,0.002197265625
201054,normal,1430,0,1782360999.5853324,0.0021390914916992188
201055,normal,1632,0,1782360999.587265,0.0019326210021972656
201056,normal,1170,0,1782360999.5891645,0.0018994808197021484
201057,normal,2235,0,1782360999.5918763,0.002711772918701172
201058,normal,994,2,1782360999.5930307,0.0011544227600097656
201059,normal,2753,0,1782360999.595026,0.0019953250885009766
201060,normal,3694,0,1782360999.5973532,0.0023272037506103516
201061,normal,3475,0,1782360999.5989592,0.001605987548828125
201062,normal,3211,1,1782360999.6011827,0.002223491668701172
201063,normal,1844,0,1782360999.6028736,0.0016908645629882812
201064,normal,3198,1,1782360999.6051335,0.002259969711303711
201065,normal,3258,1,1782360999.6068618,0.0017282962799072266
201066,normal,1688,0,1782360999.609132,0.002270221710205078
201067,normal,3079,1,1782360999.6109793,0.0018472671508789062
201068,normal,676,0,1782360999.6130493,0.0020699501037597656
201069,normal,1057,0,1782360999.6149986,0.001949310302734375
201070,normal,756,0,1782360999.6170695,0.002070903778076172
201071,normal,1839,0,1782360999.6190376,0.0019681453704833984
201072,normal,2697,0,1782360999.6208646,0.0018270015716552734
201073,normal,3667,0,1782360999.6231334,0.0022687911987304688
201074,normal,1357,1,1782360999.624893,0.0017595291137695312
201075,normal,967,2,1782360999.6273897,0.0024967193603515625
201076,normal,1414,0,1782360999.6289678,0.0015780925750732422
201077,normal,1679,0,1782360999.6310484,0.002080678939819336
201078,normal,1931,0,1782360999.6333783,0.0023298263549804688
201079,normal,3561,0,1782360999.6352515,0.0018732547760009766
201080,normal,3436,0,1782360999.6371837,0.0019321441650390625
201081,normal,1792,0,1782360999.639527,0.002343416213989258
201082,normal,2581,0,1782360999.6419702,0.002443075180053711
201083,normal,2728,0,1782360999.642899,0.0009288787841796875
201084,normal,1837,0,1782360999.645121,0.0022220611572265625
201085,normal,201,0,1782360999.6472235,0.002102375030517578
201086,normal,277,0,1782360999.6491897,0.001966238021850586
201087,normal,1635,0,1782360999.6518514,0.0026617050170898438
201088,normal,1140,0,1782360999.6539636,0.002112150192260742
201089,normal,2024,0,1782360999.6550155,0.0010519027709960938
201090,normal,3668,0,1782360999.6573198,0.0023043155670166016
201091,normal,1419,0,1782360999.6591346,0.0018148422241210938
201092,normal,3270,1,1782360999.6610417,0.0019071102142333984
201093,normal,2745,0,1782360999.6632915,0.0022497177124023438
201094,normal,2419,0,1782360999.665254,0.0019626617431640625
201095,normal,1347,1,1782360999.6674144,0.002160310745239258
201096,normal,2928,0,1782360999.669531,0.002116680145263672
201097,normal,2014,0,1782360999.6720169,0.0024857521057128906
201098,normal,574,0,1782360999.6730208,0.0010039806365966797
201099,normal,1080,0,1782360999.6752975,0.0022766590118408203
201100,normal,2877,0,1782360999.6772585,0.0019609928131103516
201101,normal,1739,0,1782360999.67941,0.0021514892578125
201102,normal,2542,0,1782360999.6814208,0.002010822296142578
201103,normal,2146,0,1782360999.6832693,0.001848459243774414
201104,normal,3426,0,1782360999.6851935,0.001924276351928711
201105,normal,1588,0,1782360999.6878545,0.002660989761352539
201106,normal,1551,0,1782360999.688979,0.0011243820190429688
201107,normal,292,0,1782360999.6911824,0.0022034645080566406
201108,normal,2651,0,1782360999.6934988,0.0023164749145507812
201109,normal,2264,0,1782360999.695221,0.001722097396850586
201110,normal,1622,0,1782360999.697082,0.0018610954284667969
201111,normal,527,0,1782360999.6991718,0.0020897388458251953
201112,normal,1137,0,1782360999.7010643,0.0018925666809082031
201113,normal,3109,1,1782360999.703418,0.002353668212890625
201114,normal,367,0,1782360999.7053585,0.0019404888153076172
201115,normal,2020,0,1782360999.7072506,0.00189208984375
201116,normal,1686,0,1782360999.7093084,0.002057790756225586
201117,normal,562,0,1782360999.7113955,0.002087116241455078
201118,normal,833,2,1782360999.713321,0.0019254684448242188
201119,normal,3029,0,1782360999.7154136,0.002092599868774414
201120,normal,2441,0,1782360999.7172139,0.0018002986907958984
201121,normal,1198,0,1782360999.719452,0.002238035202026367
201122,normal,2721,0,1782360999.7207963,0.001344442367553711
201123,normal,2572,0,1782360999.7230783,0.0022819042205810547
201124,normal,3472,0,1782360999.7253666,0.002288341522216797
201125,normal,1808,0,1782360999.7274823,0.0021157264709472656
201126,normal,986,2,1782360999.7287872,0.0013048648834228516
201127,normal,2963,0,1782360999.7313251,0.002537965774536133
201128,normal,1608,0,1782360999.7334416,0.0021164417266845703
201129,normal,2918,0,1782360999.7356255,0.0021839141845703125
201130,normal,1570,0,1782360999.7373173,0.0016918182373046875
201131,normal,1186,0,1782360999.7394216,0.0021042823791503906
201132,normal,1139,0,1782360999.7418764,0.0024547576904296875
201133,normal,516,0,1782360999.7436423,0.0017659664154052734
201134,normal,2312,0,1782360999.7453537,0.0017113685607910156
201135,normal,430,0,1782360999.7475197,0.0021660327911376953
201136,normal,27,0,1782360999.7493148,0.001795053482055664
201137,normal,1256,0,1782360999.7512422,0.0019273757934570312
201138,normal,2710,0,1782360999.7532318,0.001989603042602539
201139,normal,2084,0,1782360999.7551057,0.0018739700317382812
201140,normal,2322,0,1782360999.757416,0.0023102760314941406
201141,normal,2019,0,1782360999.7599294,0.002513408660888672
201142,normal,3507,0,1782360999.7619677,0.002038240432739258
201143,normal,1481,0,1782360999.7630227,0.001055002212524414
201144,normal,3638,0,1782360999.7651584,0.002135753631591797
201145,normal,3154,1,1782360999.767301,0.002142667770385742
201146,normal,3534,0,1782360999.7690563,0.0017552375793457031
201147,normal,1787,0,1782360999.771391,0.0023345947265625
201148,normal,580,0,1782360999.7729475,0.0015566349029541016
201149,normal,648,0,1782360999.7751923,0.002244710922241211
201150,normal,2729,0,1782360999.7768855,0.0016932487487792969
201151,normal,1346,1,1782360999.7791386,0.0022530555725097656
201152,normal,2253,0,1782360999.7808661,0.0017275810241699219
201153,normal,2654,0,1782360999.7830143,0.002148151397705078
201154,normal,487,0,1782360999.7850585,0.002044200897216797
201155,normal,2087,0,1782360999.7870743,0.002015829086303711
201156,normal,1704,0,1782360999.7889092,0.001834869384765625
201157,normal,775,2,1782360999.7911372,0.0022280216217041016
201158,normal,261,0,1782360999.7935686,0.0024313926696777344
201159,normal,729,0,1782360999.7962744,0.002705812454223633
201160,normal,2363,0,1782360999.7970543,0.0007798671722412109
201161,normal,2594,0,1782360999.7990541,0.0019998550415039062
201162,normal,3301,1,1782360999.80197,0.0029158592224121094
201163,normal,515,0,1782360999.8028986,0.0009286403656005859
201164,normal,800,2,1782360999.8050413,0.002142667770385742
201165,normal,440,0,1782360999.8079731,0.002931833267211914
201166,normal,1092,0,1782360999.8088806,0.0009074211120605469
201167,normal,2560,0,1782360999.8110766,0.002196073532104492
201168,normal,183,0,1782360999.8139734,0.0028967857360839844
201169,normal,3378,1,1782360999.814882,0.0009086132049560547
201170,normal,481,0,1782360999.817021,0.002138853073120117
201171,normal,969,2,1782360999.8199852,0.0029642581939697266
201172,normal,1788,0,1782360999.8208945,0.0009093284606933594
201173,normal,2850,0,1782360999.8230355,0.0021409988403320312
201174,normal,1540,0,1782360999.825979,0.0029435157775878906
201175,normal,1078,0,1782360999.8269043,0.0009253025054931641
201176,normal,2507,0,1782360999.82914,0.0022356510162353516
201177,normal,3068,1,1782360999.8313892,0.0022492408752441406
201178,normal,2770,0,1782360999.8331885,0.0017993450164794922
201179,normal,194,0,1782360999.8351772,0.001988649368286133
201180,normal,2858,0,1782360999.8373075,0.002130270004272461
201181,normal,1455,0,1782360999.8392494,0.0019419193267822266
201182,normal,1160,0,1782360999.8414166,0.002167224884033203
201183,normal,2012,0,1782360999.8438761,0.0024595260620117188
201184,normal,99,0,1782360999.8460295,0.0021533966064453125
201185,normal,2426,0,1782360999.8470197,0.000990152359008789
201186,normal,2934,0,1782360999.8492978,0.0022780895233154297
201187,normal,2512,0,1782360999.8512409,0.0019431114196777344
201188,normal,616,0,1782360999.8534074,0.0021665096282958984
201189,normal,353,0,1782360999.8558664,0.0024590492248535156
201190,normal,3064,1,1782360999.8570428,0.0011763572692871094
201191,normal,2980,0,1782360999.8591335,0.0020906925201416016
201192,normal,3387,1,1782360999.861147,0.0020134449005126953
201193,normal,1681,0,1782360999.8632286,0.002081632614135742
201194,normal,1045,0,1782360999.8650477,0.0018191337585449219
201195,normal,1548,0,1782360999.8671324,0.0020847320556640625
201196,normal,2138,0,1782360999.8691735,0.0020411014556884766
201197,normal,3345,1,1782360999.8711607,0.0019872188568115234
201198,normal,3479,0,1782360999.8730664,0.001905679702758789
201199,normal,3564,0,1782360999.8749998,0.0019333362579345703
201200,normal,1427,0,1782360999.8768692,0.0018694400787353516
201201,normal,1525,0,1782360999.8791902,0.002321004867553711
201202,normal,2375,0,1782360999.8809469,0.0017566680908203125
201203,normal,3092,1,1782360999.8831801,0.002233266830444336
201204,normal,2941,0,1782360999.8848755,0.001695394515991211
201205,normal,3085,1,1782360999.8871405,0.0022649765014648438
201206,normal,2119,0,1782360999.888889,0.0017485618591308594
201207,normal,1410,0,1782360999.8911426,0.0022535324096679688
201208,normal,1218,0,1782360999.8929465,0.0018038749694824219
201209,normal,2478,0,1782360999.895176,0.002229452133178711
201210,normal,1432,0,1782360999.8968756,0.001699686050415039
201211,normal,878,2,1782360999.899136,0.002260446548461914
201212,normal,1852,0,1782360999.900876,0.0017399787902832031
201213,normal,2665,0,1782360999.903135,0.0022590160369873047
201214,normal,953,2,1782360999.9049568,0.001821756362915039
201215,normal,1549,0,1782360999.9071648,0.0022079944610595703
201216,normal,2967,0,1782360999.9088793,0.001714468002319336
201217,normal,2151,0,1782360999.9111586,0.0022792816162109375
201218,normal,22,0,1782360999.9128785,0.0017199516296386719
201219,normal,400,0,1782360999.9151478,0.002269268035888672
201220,normal,1443,0,1782360999.9169488,0.0018010139465332031
201221,normal,3705,0,1782360999.9190128,0.0020639896392822266
201222,normal,3677,0,1782360999.920894,0.0018811225891113281
201223,normal,2841,0,1782360999.9231343,0.002240419387817383
201224,normal,3557,0,1782360999.924864,0.001729726791381836
201225,normal,2794,0,1782360999.9271379,0.0022737979888916016
201226,normal,2604,0,1782360999.928994,0.001856088638305664
201227,normal,2845,0,1782360999.931054,0.0020601749420166016
201228,normal,1015,2,1782360999.933,0.0019459724426269531
201229,normal,2274,0,1782360999.935054,0.002053976058959961
201230,normal,709,0,1782360999.9370105,0.001956462860107422
201231,normal,1107,0,1782360999.9388747,0.0018641948699951172
201232,normal,1329,1,1782360999.9411392,0.0022644996643066406
201233,normal,264,0,1782360999.9428785,0.0017392635345458984
201234,normal,73,0,1782360999.9451365,0.0022580623626708984
201235,normal,1755,0,1782360999.9469566,0.0018200874328613281
201236,normal,491,0,1782360999.9490697,0.0021131038665771484
201237,normal,444,0,1782360999.9508758,0.001806020736694336
201238,normal,2085,0,1782360999.9531372,0.0022614002227783203
201239,normal,162,0,1782360999.9548905,0.0017533302307128906
201240,normal,1500,0,1782360999.9571218,0.0022313594818115234
201241,normal,753,0,1782360999.9589508,0.001828908920288086
201242,normal,3012,0,1782360999.961179,0.002228260040283203
201243,normal,761,0,1782360999.962878,0.0016989707946777344
201244,normal,2456,0,1782360999.9651353,0.0022573471069335938
201245,normal,1715,0,1782360999.966878,0.0017426013946533203
201246,normal,1591,0,1782360999.9695277,0.0026497840881347656
201247,normal,349,0,1782360999.9708848,0.0013570785522460938
201248,normal,3253,1,1782360999.9730163,0.0021314620971679688
201249,normal,3261,1,1782360999.9748762,0.001859903335571289
201250,normal,313,0,1782360999.977153,0.002276897430419922
201251,normal,3003,0,1782360999.9788797,0.0017266273498535156
201252,normal,2387,0,1782360999.9810185,0.002138853073120117
201253,normal,2365,0,1782360999.9831555,0.0021369457244873047
201254,normal,1355,1,1782360999.9848616,0.0017061233520507812
201255,normal,20,0,1782360999.987277,0.0024154186248779297
201256,normal,2746,0,1782360999.9889731,0.0016961097717285156
201257,normal,2761,0,1782360999.9910314,0.002058267593383789
201258,normal,458,0,1782360999.9929972,0.001965761184692383
201259,normal,2635,0,1782360999.994975,0.0019779205322265625
201260,normal,924,2,1782360999.9970605,0.002085447311401367
201261,normal,3288,1,1782360999.999003,0.0019423961639404297
201262,normal,3027,0,1782361000.00108,0.0020771026611328125
201263,normal,1668,0,1782361000.0030737,0.0019936561584472656
201264,normal,609,0,1782361000.0048742,0.001800537109375
201265,normal,1875,0,1782361000.007138,0.002263784408569336
201266,normal,1388,0,1782361000.0088778,0.0017397403717041016
201267,normal,1991,0,1782361000.0114305,0.0025527477264404297
201268,normal,2910,0,1782361000.0129812,0.0015506744384765625
201269,normal,1978,0,1782361000.015061,0.0020797252655029297
201270,normal,2586,0,1782361000.0170112,0.0019502639770507812
201271,normal,3430,0,1782361000.0190728,0.002061605453491211
201272,normal,1021,2,1782361000.0210052,0.001932382583618164
201273,normal,3670,0,1782361000.022877,0.0018718242645263672
201274,normal,522,0,1782361000.0251417,0.002264738082885742
201275,normal,1055,0,1782361000.0268857,0.0017440319061279297
201276,normal,13,0,1782361000.0290005,0.0021147727966308594
201277,normal,3695,0,1782361000.0310748,0.0020742416381835938
201278,normal,2286,0,1782361000.0330648,0.001990079879760742
201279,normal,1405,0,1782361000.0359368,0.002871990203857422
201280,normal,3146,1,1782361000.0369751,0.0010383129119873047
201281,normal,1731,0,1782361000.0388727,0.001897573471069336
201282,normal,2470,0,1782361000.0411842,0.0023114681243896484
201283,normal,1113,0,1782361000.0429473,0.0017631053924560547
201284,normal,1952,0,1782361000.04517,0.002222776412963867
201285,normal,704,0,1782361000.0468903,0.0017201900482177734
201286,normal,3683,0,1782361000.0491388,0.002248525619506836
201287,normal,932,2,1782361000.0508761,0.001737356185913086
201288,normal,561,0,1782361000.0535815,0.0027053356170654297
201289,normal,1950,0,1782361000.054935,0.0013535022735595703
201290,normal,3671,0,1782361000.057158,0.0022230148315429688
201291,normal,1447,0,1782361000.0588799,0.0017218589782714844
201292,normal,283,0,1782361000.0611393,0.002259492874145508
201293,normal,2196,0,1782361000.0628886,0.001749277114868164
201294,normal,126,0,1782361000.0651524,0.002263784408569336
201295,normal,2270,0,1782361000.0669355,0.001783132553100586
201296,normal,3459,0,1782361000.068899,0.001963376998901367
201297,normal,152,0,1782361000.07115,0.002251148223876953
201298,normal,3414,0,1782361000.0730999,0.0019497871398925781
201299,normal,2686,0,1782361000.074857,0.0017571449279785156
201300,normal,2081,0,1782361000.0771368,0.0022797584533691406
201301,normal,3011,0,1782361000.0789618,0.001825094223022461
201302,normal,1949,0,1782361000.081154,0.002192258834838867
201303,normal,3410,0,1782361000.0828598,0.0017056465148925781
201304,normal,2684,0,1782361000.085154,0.002294301986694336
201305,normal,3271,1,1782361000.0868773,0.0017232894897460938
201306,normal,514,0,1782361000.0889692,0.0020918846130371094
201307,normal,2724,0,1782361000.0911314,0.0021622180938720703
201308,normal,2625,0,1782361000.0928605,0.0017290115356445312
201309,normal,33,0,1782361000.095255,0.002394437789916992
201310,normal,3111,1,1782361000.0969574,0.0017025470733642578
201311,normal,1048,0,1782361000.0989957,0.002038240432739258
201312,normal,304,0,1782361000.1008518,0.001856088638305664
201313,normal,3229,1,1782361000.1031437,0.0022919178009033203
201314,normal,225,0,1782361000.1048663,0.001722574234008789
201315,normal,966,2,1782361000.1072912,0.002424955368041992
201316,normal,1313,0,1782361000.1090012,0.0017099380493164062
201317,normal,613,0,1782361000.1110444,0.0020432472229003906
201318,normal,2054,0,1782361000.1129916,0.001947164535522461
201319,normal,3284,1,1782361000.1151319,0.0021402835845947266
201320,normal,1287,0,1782361000.1168609,0.0017290115356445312
201321,normal,3354,1,1782361000.1191387,0.002277851104736328
201322,normal,1577,0,1782361000.1209917,0.0018529891967773438
201323,normal,1821,0,1782361000.123046,0.0020542144775390625
201324,normal,624,0,1782361000.125,0.0019540786743164062
201325,normal,120,0,1782361000.1271017,0.0021016597747802734
201326,normal,1426,0,1782361000.1289756,0.0018739700317382812
201327,normal,2597,0,1782361000.1310282,0.0020525455474853516
201328,normal,3161,1,1782361000.1331723,0.0021440982818603516
201329,normal,418,0,1782361000.1348796,0.001707315444946289
201330,normal,1880,0,1782361000.137154,0.0022745132446289062
201331,normal,3036,0,1782361000.1389813,0.001827239990234375
201332,normal,1491,0,1782361000.1410675,0.002086162567138672
201333,normal,992,2,1782361000.1430085,0.0019409656524658203
201334,normal,3102,1,1782361000.1450887,0.002080202102661133
201335,normal,2122,0,1782361000.1469994,0.0019106864929199219
201336,normal,1586,0,1782361000.1488764,0.0018770694732666016
201337,normal,2790,0,1782361000.1511621,0.0022857189178466797
201338,normal,2508,0,1782361000.1528637,0.0017015933990478516
201339,normal,1181,0,1782361000.1551363,0.0022726058959960938
201340,normal,2768,0,1782361000.1569543,0.001817941665649414
201341,normal,619,0,1782361000.1591468,0.0021924972534179688
201342,normal,158,0,1782361000.1608756,0.0017287731170654297
201343,normal,2462,0,1782361000.1631653,0.0022897720336914062
201344,normal,2000,0,1782361000.1648786,0.0017132759094238281
201345,normal,2434,0,1782361000.1670096,0.0021309852600097656
201346,normal,2872,0,1782361000.1690774,0.0020678043365478516
201347,normal,133,0,1782361000.1709907,0.001913309097290039
201348,normal,1997,0,1782361000.1728754,0.0018846988677978516
201349,normal,623,0,1782361000.1751344,0.0022590160369873047
201350,normal,3452,0,1782361000.1768672,0.0017328262329101562
201351,normal,2908,0,1782361000.179135,0.0022678375244140625
201352,normal,3644,0,1782361000.1809938,0.0018587112426757812
201353,normal,3189,1,1782361000.1830432,0.0020494461059570312
201354,normal,2874,0,1782361000.1849906,0.0019474029541015625
201355,normal,3207,1,1782361000.1871552,0.002164602279663086
201356,normal,3205,1,1782361000.188901,0.0017457008361816406
201357,normal,114,0,1782361000.1911283,0.002227306365966797
201358,normal,3377,1,1782361000.193003,0.001874685287475586
201359,normal,2332,0,1782361000.1950433,0.002040386199951172
201360,normal,670,0,1782361000.196991,0.001947641372680664
201361,normal,3461,0,1782361000.1991422,0.0021512508392333984
201362,normal,1579,0,1782361000.2008784,0.0017361640930175781
201363,normal,2208,0,1782361000.2031596,0.00228118896484375
201364,normal,2600,0,1782361000.2050009,0.0018413066864013672
201365,normal,268,0,1782361000.2070374,0.002036571502685547
201366,normal,3666,0,1782361000.2090003,0.001962900161743164
201367,normal,3156,1,1782361000.211142,0.002141714096069336
201368,normal,2282,0,1782361000.2128873,0.0017452239990234375
201369,normal,611,0,1782361000.215133,0.002245664596557617
201370,normal,3179,1,1782361000.216981,0.001847982406616211
201371,normal,137,0,1782361000.219017,0.0020360946655273438
201372,normal,2938,0,1782361000.2208812,0.0018641948699951172
201373,normal,842,2,1782361000.2231402,0.0022590160369873047
201374,normal,2324,0,1782361000.2248962,0.0017559528350830078
201375,normal,3187,1,1782361000.2271376,0.002241373062133789
201376,normal,3157,1,1782361000.228933,0.0017955303192138672
201377,normal,2809,0,1782361000.2311559,0.002222776412963867
201378,normal,1004,2,1782361000.2328756,0.0017197132110595703
201379,normal,1493,0,1782361000.2351396,0.0022640228271484375
201380,normal,1994,0,1782361000.2368968,0.0017571449279785156
201381,normal,995,2,1782361000.2391288,0.002232074737548828
201382,normal,2099,0,1782361000.2409236,0.0017948150634765625
201383,normal,1963,0,1782361000.243134,0.002210378646850586
201384,normal,2993,0,1782361000.2448783,0.0017442703247070312
201385,normal,2964,0,1782361000.247136,0.002257823944091797
201386,normal,2945,0,1782361000.248891,0.0017549991607666016
201387,normal,2436,0,1782361000.2511683,0.0022771358489990234
201388,normal,2636,0,1782361000.2529922,0.0018239021301269531
201389,normal,2975,0,1782361000.255052,0.0020599365234375
201390,normal,1428,0,1782361000.2569995,0.0019474029541015625
201391,normal,1397,0,1782361000.2591376,0.0021381378173828125
201392,normal,2128,0,1782361000.2611353,0.001997709274291992
201393,normal,2568,0,1782361000.2628844,0.0017490386962890625
201394,normal,1279,0,1782361000.2651172,0.002232789993286133
201395,normal,1458,0,1782361000.2668629,0.0017457008361816406
201396,normal,3123,1,1782361000.269113,0.002250194549560547
201397,normal,778,2,1782361000.270942,0.001828908920288086
201398,normal,2717,0,1782361000.2728589,0.0019168853759765625
201399,normal,26,0,1782361000.2749062,0.002047300338745117
201400,normal,2137,0,1782361000.2770727,0.0021665096282958984
201401,normal,3314,1,1782361000.2788424,0.0017697811126708984
201402,normal,1899,0,1782361000.2808845,0.002042055130004883
201403,normal,2547,0,1782361000.2830193,0.0021347999572753906
201404,normal,1770,0,1782361000.2848392,0.0018198490142822266
201405,normal,653,0,1782361000.2870286,0.0021893978118896484
201406,normal,682,0,1782361000.2890203,0.001991748809814453
201407,normal,2510,0,1782361000.2908366,0.0018162727355957031
201408,normal,293,0,1782361000.2930248,0.0021882057189941406
201409,normal,2262,0,1782361000.2950199,0.001995086669921875
201410,normal,1392,0,1782361000.2968688,0.0018489360809326172
201411,normal,1243,0,1782361000.2990422,0.0021734237670898438
201412,normal,3530,0,1782361000.3010187,0.001976490020751953
201413,normal,1449,0,1782361000.3028378,0.0018191337585449219
201414,normal,808,2,1782361000.3050606,0.002222776412963867
201415,normal,468,0,1782361000.30691,0.0018494129180908203
201416,normal,1521,0,1782361000.3089967,0.002086639404296875
201417,normal,727,0,1782361000.3109314,0.0019347667694091797
201418,normal,2521,0,1782361000.3130178,0.0020864009857177734
201419,normal,336,0,1782361000.314838,0.0018200874328613281
201420,normal,2640,0,1782361000.317084,0.0022461414337158203
201421,normal,2742,0,1782361000.3188825,0.001798391342163086
201422,normal,3072,1,1782361000.320994,0.0021114349365234375
201423,normal,1604,0,1782361000.3229227,0.0019288063049316406
201424,normal,1488,0,1782361000.3250208,0.00209808349609375
201425,normal,3264,1,1782361000.326837,0.0018162727355957031
201426,normal,3310,1,1782361000.3290796,0.002242565155029297
201427,normal,1697,0,1782361000.33088,0.0018002986907958984
201428,normal,2744,0,1782361000.333059,0.0021791458129882812
201429,normal,732,0,1782361000.3350873,0.002028226852416992
201430,normal,2663,0,1782361000.3369741,0.0018868446350097656
201431,normal,3338,1,1782361000.338937,0.001962900161743164
201432,normal,3500,0,1782361000.3417902,0.0028531551361083984
201433,normal,3017,0,1782361000.3448792,0.0030889511108398438
201434,normal,1631,0,1782361000.3449662,8.702278137207031e-05
201435,normal,2853,0,1782361000.3469987,0.0020325183868408203
201436,normal,2976,0,1782361000.3488948,0.0018961429595947266
201437,normal,319,0,1782361000.350875,0.0019800662994384766
201438,normal,2394,0,1782361000.3529992,0.002124309539794922
201439,normal,484,0,1782361000.3549557,0.001956462860107422
201440,normal,3433,0,1782361000.3568742,0.0019185543060302734
201441,normal,1302,0,1782361000.359096,0.002221822738647461
201442,normal,1485,0,1782361000.3609557,0.0018596649169921875
201443,normal,2402,0,1782361000.3629246,0.001968860626220703
201444,normal,2882,0,1782361000.3650568,0.0021321773529052734
201445,normal,422,0,1782361000.3670099,0.001953125
201446,normal,2828,0,1782361000.3689313,0.0019214153289794922
201447,normal,85,0,1782361000.3710256,0.002094268798828125
201448,normal,2231,0,1782361000.373027,0.002001523971557617
201449,normal,1523,0,1782361000.3749273,0.0019001960754394531
201450,normal,447,0,1782361000.377036,0.0021088123321533203
201451,normal,2129,0,1782361000.3790257,0.001989603042602539
201452,normal,1979,0,1782361000.3809283,0.0019025802612304688
201453,normal,1094,0,1782361000.3830225,0.002094268798828125
201454,normal,735,0,1782361000.3850229,0.0020003318786621094
201455,normal,202,0,1782361000.3869321,0.0019092559814453125
201456,normal,1566,0,1782361000.3890212,0.0020890235900878906
201457,normal,1088,0,1782361000.3910744,0.0020532608032226562
201458,normal,588,0,1782361000.3928351,0.001760721206665039
201459,normal,3251,1,1782361000.3951387,0.002303600311279297
201460,normal,1621,0,1782361000.3972144,0.002075672149658203
201461,normal,1079,0,1782361000.3989549,0.0017404556274414062
201462,normal,3042,0,1782361000.400924,0.0019690990447998047
201463,normal,1646,0,1782361000.4030004,0.002076387405395508
201464,normal,2451,0,1782361000.4048994,0.0018990039825439453
201465,normal,689,0,1782361000.4070287,0.0021293163299560547
201466,normal,2836,0,1782361000.4090798,0.002051115036010742
201467,normal,3639,0,1782361000.4109979,0.0019180774688720703
201468,normal,2997,0,1782361000.412964,0.001966238021850586
201469,normal,903,2,1782361000.4150445,0.0020804405212402344
201470,normal,638,0,1782361000.416991,0.0019464492797851562
201471,normal,739,0,1782361000.4189074,0.0019164085388183594
201472,normal,3398,1,1782361000.4211247,0.0022172927856445312
201473,normal,2360,0,1782361000.4229038,0.0017790794372558594
201474,normal,644,0,1782361000.42502,0.0021162033081054688
201475,normal,2050,0,1782361000.427052,0.002032041549682617
201476,normal,2855,0,1782361000.4289377,0.0018856525421142578
201477,normal,2530,0,1782361000.4309478,0.0020101070404052734
201478,normal,3069,1,1782361000.4330359,0.0020880699157714844
201479,normal,413,0,1782361000.4350464,0.0020105838775634766
201480,normal,3515,0,1782361000.436954,0.0019075870513916016
201481,normal,868,2,1782361000.439017,0.0020630359649658203
201482,normal,3371,1,1782361000.4409082,0.0018911361694335938
201483,normal,3312,1,1782361000.4430075,0.002099275588989258
201484,normal,902,2,1782361000.4450958,0.002088308334350586
201485,normal,3551,0,1782361000.4468422,0.0017464160919189453
201486,normal,1246,0,1782361000.4490933,0.002251148223876953
201487,normal,3040,0,1782361000.4509811,0.0018877983093261719
201488,normal,163,0,1782361000.4530315,0.0020503997802734375
201489,normal,452,0,1782361000.4549174,0.0018858909606933594
201490,normal,2415,0,1782361000.4570372,0.002119779586791992
201491,normal,3296,1,1782361000.4589012,0.0018639564514160156
201492,normal,2266,0,1782361000.4609988,0.002097606658935547
201493,normal,2488,0,1782361000.4629922,0.001993417739868164
201494,normal,3688,0,1782361000.4649756,0.0019834041595458984
201495,normal,3150,1,1782361000.4670188,0.0020432472229003906
201496,normal,1537,0,1782361000.4691079,0.0020890235900878906
201497,normal,247,0,1782361000.4711823,0.0020744800567626953
201498,normal,3352,1,1782361000.4732711,0.002088785171508789
201499,normal,807,2,1782361000.4749982,0.0017271041870117188
201500,normal,2161,0,1782361000.4771733,0.0021750926971435547
201501,normal,503,0,1782361000.4789894,0.0018160343170166016
201502,normal,1710,0,1782361000.4810963,0.002106904983520508
201503,normal,2924,0,1782361000.4828095,0.0017132759094238281
201504,normal,369,0,1782361000.4849842,0.0021746158599853516
201505,normal,3250,1,1782361000.4869802,0.0019960403442382812
201506,normal,2702,0,1782361000.4892213,0.0022411346435546875
201507,normal,3158,1,1782361000.4908047,0.0015833377838134766
201508,normal,471,0,1782361000.4929726,0.002167940139770508
201509,normal,3048,1,1782361000.4948974,0.001924753189086914
201510,normal,2609,0,1782361000.4969795,0.0020821094512939453
201511,normal,30,0,1782361000.499756,0.002776622772216797
201512,normal,1723,0,1782361000.5011485,0.001392364501953125
201513,normal,409,0,1782361000.5028248,0.001676321029663086
201514,normal,3291,1,1782361000.5049934,0.0021686553955078125
201515,normal,2289,0,1782361000.5069075,0.0019140243530273438
201516,normal,2615,0,1782361000.5091367,0.0022292137145996094
201517,normal,3052,1,1782361000.5112264,0.0020897388458251953
201518,normal,3536,0,1782361000.5128314,0.0016050338745117188
201519,normal,1184,0,1782361000.514983,0.0021514892578125
201520,normal,3450,0,1782361000.5169897,0.0020067691802978516
201521,normal,2073,0,1782361000.5189118,0.0019221305847167969
201522,normal,2767,0,1782361000.5210168,0.0021049976348876953
201523,normal,302,0,1782361000.523061,0.002044200897216797
201524,normal,3239,1,1782361000.524934,0.001873016357421875
201525,normal,2612,0,1782361000.5269973,0.002063274383544922
201526,normal,496,0,1782361000.529212,0.002214670181274414
201527,normal,2861,0,1782361000.5315797,0.002367734909057617
201528,normal,2440,0,1782361000.5329134,0.0013337135314941406
201529,normal,798,2,1782361000.534976,0.002062559127807617
201530,normal,517,0,1782361000.5369446,0.0019686222076416016
201531,normal,3669,0,1782361000.5391352,0.0021905899047851562
201532,normal,3159,1,1782361000.5410438,0.0019085407257080078
201533,normal,1280,0,1782361000.5431507,0.002106904983520508
201534,normal,2680,0,1782361000.5449748,0.0018241405487060547
201535,normal,930,2,1782361000.5473602,0.002385377883911133
201536,normal,962,2,1782361000.5493782,0.002017974853515625
201537,normal,3370,1,1782361000.5508797,0.0015015602111816406
201538,normal,740,0,1782361000.5530214,0.002141714096069336
201539,normal,1069,0,1782361000.5548759,0.0018544197082519531
201540,normal,1163,0,1782361000.5570128,0.0021369457244873047
201541,normal,1798,0,1782361000.559004,0.00199127197265625
201542,normal,2336,0,1782361000.5609024,0.0018982887268066406
201543,normal,2524,0,1782361000.5629919,0.0020895004272460938
201544,normal,918,2,1782361000.5650132,0.002021312713623047
201545,normal,1748,0,1782361000.5669723,0.001959085464477539
201546,normal,741,0,1782361000.5690873,0.002115011215209961
201547,normal,3388,1,1782361000.5710075,0.0019202232360839844
201548,normal,2005,0,1782361000.5729554,0.0019478797912597656
201549,normal,1541,0,1782361000.5750346,0.0020792484283447266
201550,normal,1318,0,1782361000.5770714,0.0020368099212646484
201551,normal,2827,0,1782361000.5789754,0.0019040107727050781
201552,normal,3704,0,1782361000.5808952,0.0019197463989257812
201553,normal,773,2,1782361000.5830257,0.0021305084228515625
201554,normal,1351,1,1782361000.5849254,0.00189971923828125
201555,normal,2563,0,1782361000.5870047,0.0020792484283447266
201556,normal,363,0,1782361000.5890253,0.002020597457885742
201557,normal,2306,0,1782361000.5911078,0.0020825862884521484
201558,normal,427,0,1782361000.5928535,0.0017457008361816406
201559,normal,2277,0,1782361000.5949733,0.002119779586791992
201560,normal,2352,0,1782361000.5968976,0.001924276351928711
201561,normal,1657,0,1782361000.598889,0.0019915103912353516
201562,normal,821,2,1782361000.6009824,0.0020933151245117188
201563,normal,271,0,1782361000.6029177,0.0019352436065673828
201564,normal,3495,0,1782361000.6050582,0.002140522003173828
201565,normal,1665,0,1782361000.60708,0.00202178955078125
201566,normal,195,0,1782361000.6090052,0.0019252300262451172
201567,normal,2347,0,1782361000.6109571,0.0019519329071044922
201568,normal,3119,1,1782361000.6130219,0.0020647048950195312
201569,normal,3331,1,1782361000.6149852,0.001963376998901367
201570,normal,1076,0,1782361000.6169093,0.0019240379333496094
201571,normal,181,0,1782361000.6189804,0.0020711421966552734
201572,normal,3660,0,1782361000.6208866,0.0019061565399169922
201573,normal,2343,0,1782361000.6230276,0.0021409988403320312
201574,normal,892,2,1782361000.6251278,0.002100229263305664
201575,normal,331,0,1782361000.626918,0.0017902851104736328
201576,normal,763,0,1782361000.6291726,0.002254486083984375
201577,normal,811,2,1782361000.631209,0.0020363330841064453
201578,normal,3563,0,1782361000.6329148,0.0017058849334716797
201579,normal,1817,0,1782361000.635186,0.0022711753845214844
201580,normal,2373,0,1782361000.6370993,0.001913309097290039
201581,normal,2778,0,1782361000.638902,0.001802682876586914
201582,normal,570,0,1782361000.6409702,0.0020682811737060547
201583,normal,3278,1,1782361000.642964,0.0019936561584472656
201584,normal,2410,0,1782361000.644876,0.0019121170043945312
201585,normal,734,0,1782361000.6471224,0.002246379852294922
201586,normal,2534,0,1782361000.6488743,0.0017518997192382812
201587,normal,2863,0,1782361000.650976,0.0021016597747802734
201588,normal,1565,0,1782361000.6528778,0.001901865005493164
201589,normal,3223,1,1782361000.65521,0.0023322105407714844
201590,normal,1336,1,1782361000.6574366,0.002226591110229492
201591,normal,1095,0,1782361000.6588736,0.0014369487762451172
201592,normal,1192,0,1782361000.660973,0.0020995140075683594
201593,normal,3273,1,1782361000.6628823,0.0019092559814453125
201594,normal,2554,0,1782361000.6649957,0.00211334228515625
201595,normal,3242,1,1782361000.6670172,0.0020215511322021484
201596,normal,3618,0,1782361000.6690042,0.001986980438232422
201597,normal,300,0,1782361000.670887,0.001882791519165039
201598,normal,3168,1,1782361000.6729865,0.0020995140075683594
201599,normal,719,0,1782361000.6749196,0.0019330978393554688
201600,normal,11,0,1782361000.6770227,0.002103090286254883
201601,normal,1638,0,1782361000.6791794,0.0021567344665527344
201602,normal,2314,0,1782361000.681014,0.0018346309661865234
201603,normal,1173,0,1782361000.683045,0.0020308494567871094
201604,normal,3152,1,1782361000.685068,0.002022981643676758
201605,normal,106,0,1782361000.6869907,0.0019228458404541016
201606,normal,2414,0,1782361000.689038,0.002047300338745117
201607,normal,1662,0,1782361000.6909206,0.0018825531005859375
201608,normal,859,2,1782361000.6933296,0.0024089813232421875
201609,normal,3649,0,1782361000.694997,0.0016674995422363281
201610,normal,2276,0,1782361000.6969943,0.001997232437133789
201611,normal,696,0,1782361000.6989982,0.002003908157348633
201612,normal,1919,0,1782361000.701123,0.002124786376953125
201613,normal,32,0,1782361000.7029207,0.0017976760864257812
201614,normal,2998,0,1782361000.7049797,0.0020589828491210938
201615,normal,3489,0,1782361000.7068942,0.0019145011901855469
201616,normal,532,0,1782361000.7089915,0.0020973682403564453
201617,normal,2370,0,1782361000.7108977,0.0019061565399169922
201618,normal,2064,0,1782361000.7129762,0.002078533172607422
201619,normal,3030,0,1782361000.7149818,0.0020055770874023438
201620,normal,2320,0,1782361000.716913,0.0019311904907226562
201621,normal,1334,1,1782361000.719067,0.002154111862182617
201622,normal,1753,0,1782361000.7211053,0.002038240432739258
201623,normal,456,0,1782361000.72295,0.001844644546508789
201624,normal,1231,0,1782361000.7249277,0.001977682113647461
201625,normal,2288,0,1782361000.72705,0.0021224021911621094
201626,normal,2201,0,1782361000.7289898,0.0019397735595703125
201627,normal,2516,0,1782361000.7309697,0.001979827880859375
201628,normal,2643,0,1782361000.7329779,0.002008199691772461
201629,normal,398,0,1782361000.7348747,0.0018968582153320312
201630,normal,1322,1,1782361000.7370236,0.002148866653442383
201631,normal,3287,1,1782361000.739026,0.0020024776458740234
201632,normal,755,0,1782361000.740932,0.0019059181213378906
201633,normal,2362,0,1782361000.7431767,0.002244710922241211
201634,normal,626,0,1782361000.7449179,0.001741170883178711
201635,normal,1558,0,1782361000.7469883,0.0020704269409179688
201636,normal,3098,1,1782361000.7488801,0.0018918514251708984
201637,normal,2476,0,1782361000.7509882,0.0021080970764160156
201638,normal,724,0,1782361000.7529006,0.0019123554229736328
201639,normal,1164,0,1782361000.755009,0.002108335494995117
201640,normal,1234,0,1782361000.7570395,0.002030611038208008
201641,normal,3337,1,1782361000.7589738,0.0019342899322509766
201642,normal,241,0,1782361000.7610972,0.0021233558654785156
201643,normal,3361,1,1782361000.7630424,0.0019452571868896484
201644,normal,1096,0,1782361000.764955,0.0019125938415527344
201645,normal,1507,0,1782361000.7669578,0.002002716064453125
201646,normal,1047,0,1782361000.7690194,0.002061605453491211
201647,normal,1446,0,1782361000.7708972,0.0018777847290039062
201648,normal,1932,0,1782361000.7729762,0.002079010009765625
201649,normal,2839,0,1782361000.774998,0.00202178955078125
201650,normal,1720,0,1782361000.777114,0.002115964889526367
201651,normal,3533,0,1782361000.778912,0.0017981529235839844
201652,normal,168,0,1782361000.7811751,0.0022630691528320312
201653,normal,348,0,1782361000.7829773,0.001802206039428711
201654,normal,919,2,1782361000.785097,0.0021195411682128906
201655,normal,212,0,1782361000.7870393,0.0019423961639404297
201656,normal,1175,0,1782361000.7891219,0.0020825862884521484
201657,normal,2038,0,1782361000.7909324,0.0018105506896972656
201658,normal,707,0,1782361000.7929678,0.002035379409790039
201659,normal,526,0,1782361000.794881,0.001913309097290039
201660,normal,1707,0,1782361000.7969785,0.0020973682403564453
201661,normal,958,2,1782361000.7991707,0.002192258834838867
201662,normal,2736,0,1782361000.8007984,0.0016276836395263672
201663,normal,654,0,1782361000.8029697,0.0021712779998779297
201664,normal,2290,0,1782361000.8048818,0.0019121170043945312
201665,normal,1699,0,1782361000.806985,0.002103090286254883
201666,normal,215,0,1782361000.8095088,0.0025238990783691406
201667,normal,3558,0,1782361000.8110912,0.0015823841094970703
201668,normal,3335,1,1782361000.812822,0.0017309188842773438
201669,normal,125,0,1782361000.8149793,0.0021572113037109375
201670,normal,3451,0,1782361000.8169715,0.0019922256469726562
201671,normal,2006,0,1782361000.8189154,0.001943826675415039
201672,normal,1733,0,1782361000.8213527,0.0024373531341552734
201673,normal,2755,0,1782361000.822904,0.0015513896942138672
201674,normal,543,0,1782361000.8249729,0.002068758010864258
201675,normal,2847,0,1782361000.827026,0.0020530223846435547
201676,normal,3173,1,1782361000.8289387,0.001912832260131836
201677,normal,2817,0,1782361000.8310146,0.0020759105682373047
201678,normal,500,0,1782361000.8332214,0.0022068023681640625
201679,normal,81,0,1782361000.8350387,0.0018172264099121094
201680,normal,98,0,1782361000.8369267,0.0018880367279052734
201681,normal,287,0,1782361000.8389812,0.002054452896118164
201682,normal,1469,0,1782361000.8411272,0.002146005630493164
201683,normal,3400,1,1782361000.8428662,0.0017390251159667969
201684,normal,864,2,1782361000.8452404,0.0023741722106933594
201685,normal,1883,0,1782361000.8471344,0.0018939971923828125
201686,normal,601,0,1782361000.8488781,0.0017437934875488281
201687,normal,751,0,1782361000.8511488,0.0022706985473632812
201688,normal,1527,0,1782361000.8534012,0.002252340316772461
201689,normal,200,0,1782361000.8548849,0.0014836788177490234
201690,normal,2876,0,1782361000.8569677,0.00208282470703125
201691,normal,3267,1,1782361000.859091,0.0021233558654785156
201692,normal,303,0,1782361000.8608992,0.00180816650390625
201693,normal,2396,0,1782361000.863018,0.002118825912475586
201694,normal,2490,0,1782361000.8649967,0.001978635787963867
201695,normal,810,2,1782361000.8668957,0.0018990039825439453
201696,normal,567,0,1782361000.8690236,0.0021278858184814453
201697,normal,1836,0,1782361000.87105,0.0020263195037841797
201698,normal,3155,1,1782361000.8730433,0.001993417739868164
201699,normal,937,2,1782361000.8749518,0.0019085407257080078
201700,normal,2432,0,1782361000.877,0.0020482540130615234
201701,normal,3573,0,1782361000.8789618,0.0019617080688476562
201702,normal,1841,0,1782361000.880971,0.002009153366088867
201703,normal,872,2,1782361000.8831024,0.0021314620971679688
201704,normal,2338,0,1782361000.8849034,0.0018010139465332031
201705,normal,2106,0,1782361000.8870177,0.0021142959594726562
201706,normal,284,0,1782361000.8890083,0.0019905567169189453
201707,normal,2693,0,1782361000.8909273,0.0019190311431884766
201708,normal,2091,0,1782361000.8929396,0.0020122528076171875
201709,normal,2511,0,1782361000.89504,0.0021004676818847656
201710,normal,3413,0,1782361000.8969893,0.001949310302734375
201711,normal,1801,0,1782361000.8989124,0.0019230842590332031
201712,normal,1730,0,1782361000.900982,0.0020694732666015625
201713,normal,879,2,1782361000.9028933,0.0019114017486572266
201714,normal,1610,0,1782361000.904986,0.002092599868774414
201715,normal,1133,0,1782361000.906985,0.0019991397857666016
201716,normal,454,0,1782361000.908922,0.0019369125366210938
201717,normal,231,0,1782361000.9110625,0.002140522003173828
201718,normal,3468,0,1782361000.913204,0.0021414756774902344
201719,normal,3141,1,1782361000.914841,0.0016369819641113281
201720,normal,2179,0,1782361000.916987,0.002146005630493164
201721,normal,467,0,1782361000.919046,0.0020589828491210938
201722,normal,817,2,1782361000.920886,0.0018401145935058594
201723,normal,3508,0,1782361000.9229763,0.0020902156829833984
201724,normal,3516,0,1782361000.9249697,0.001993417739868164
201725,normal,1356,1,1782361000.9269001,0.0019304752349853516
201726,normal,661,0,1782361000.9289641,0.0020639896392822266
201727,normal,1193,0,1782361000.9310646,0.0021004676818847656
201728,normal,439,0,1782361000.9329488,0.0018842220306396484
201729,normal,1692,0,1782361000.935058,0.0021092891693115234
201730,normal,1033,0,1782361000.9371748,0.002116680145263672
201731,normal,1027,2,1782361000.9389083,0.001733541488647461
201732,normal,1988,0,1782361000.9411812,0.0022728443145751953
201733,normal,2637,0,1782361000.9429984,0.0018172264099121094
201734,normal,166,0,1782361000.9448066,0.00180816650390625
201735,normal,2868,0,1782361000.946947,0.002140522003173828
201736,normal,1127,0,1782361000.948966,0.0020189285278320312
201737,normal,1910,0,1782361000.9510126,0.0020465850830078125
201738,normal,2835,0,1782361000.9527826,0.00177001953125
201739,normal,269,0,1782361000.9549532,0.002170562744140625
201740,normal,1001,2,1782361000.9568722,0.0019190311431884766
201741,normal,267,0,1782361000.9589531,0.0020809173583984375
201742,normal,576,0,1782361000.9615526,0.002599477767944336
201743,normal,3324,1,1782361000.9629862,0.0014336109161376953
201744,normal,737,0,1782361000.9648135,0.001827239990234375
201745,normal,3126,1,1782361000.966968,0.0021545886993408203
201746,normal,873,2,1782361000.9688926,0.0019245147705078125
201747,normal,2043,0,1782361000.9709752,0.0020825862884521484
201748,normal,764,0,1782361000.9730506,0.0020754337310791016
201749,normal,142,0,1782361000.9749148,0.0018641948699951172
201750,normal,3096,1,1782361000.9769719,0.0020570755004882812
201751,normal,56,0,1782361000.978953,0.001981019973754883
201752,normal,3522,0,1782361000.9808562,0.0019032955169677734
201753,normal,5,0,1782361000.9829762,0.0021200180053710938
201754,normal,2173,0,1782361000.9850109,0.0020346641540527344
201755,normal,2371,0,1782361000.9871264,0.002115488052368164
201756,normal,1948,0,1782361000.9889762,0.0018498897552490234
201757,normal,35,0,1782361000.99101,0.002033710479736328
201758,normal,1341,1,1782361000.993958,0.0029480457305908203
201759,normal,1926,0,1782361000.9949012,0.0009431838989257812
201760,normal,3054,1,1782361000.9971063,0.0022051334381103516
201761,normal,48,0,1782361000.9989538,0.0018475055694580078
201762,normal,2094,0,1782361001.0011368,0.0021829605102539062
201763,normal,816,2,1782361001.0031047,0.001967906951904297
201764,normal,94,0,1782361001.004957,0.001852273941040039
201765,normal,2754,0,1782361001.007032,0.0020749568939208984
201766,normal,564,0,1782361001.0092773,0.0022454261779785156
201767,normal,1496,0,1782361001.0110064,0.0017290115356445312
201768,normal,2021,0,1782361001.0128973,0.0018908977508544922
201769,normal,3628,0,1782361001.014983,0.0020856857299804688
201770,normal,257,0,1782361001.0169067,0.0019237995147705078
201771,normal,1111,0,1782361001.0190146,0.002107858657836914
201772,normal,3585,0,1782361001.0210106,0.0019960403442382812
201773,normal,102,0,1782361001.022908,0.0018973350524902344
201774,normal,2291,0,1782361001.0249968,0.002088785171508789
201775,normal,3554,0,1782361001.0270178,0.0020210742950439453
201776,normal,1618,0,1782361001.0289702,0.0019524097442626953
201777,normal,3138,1,1782361001.0310936,0.0021233558654785156
201778,normal,344,0,1782361001.0330343,0.0019407272338867188
201779,normal,211,0,1782361001.034909,0.001874685287475586
201780,normal,1002,2,1782361001.0370634,0.0021543502807617188
201781,normal,1920,0,1782361001.038967,0.001903533935546875
201782,normal,1986,0,1782361001.0411167,0.002149820327758789
201783,normal,161,0,1782361001.0428674,0.0017507076263427734
201784,normal,3586,0,1782361001.04502,0.002152681350708008
201785,normal,989,2,1782361001.0469356,0.0019154548645019531
201786,normal,2783,0,1782361001.0490327,0.0020971298217773438
201787,normal,3567,0,1782361001.0510402,0.0020074844360351562
201788,normal,1689,0,1782361001.052958,0.0019178390502929688
201789,normal,1324,1,1782361001.0550601,0.0021021366119384766
201790,normal,1159,0,1782361001.0570576,0.0019974708557128906
201791,normal,934,2,1782361001.0589104,0.0018527507781982422
201792,normal,909,2,1782361001.0609982,0.002087831497192383
201793,normal,3083,1,1782361001.0629947,0.0019965171813964844
201794,normal,3218,1,1782361001.0649016,0.0019068717956542969
201795,normal,3348,1,1782361001.0669963,0.002094745635986328
201796,normal,3260,1,1782361001.0690422,0.002045869827270508
201797,normal,1898,0,1782361001.0709665,0.001924276351928711
201798,normal,1298,0,1782361001.0731637,0.002197265625
201799,normal,1200,0,1782361001.0749204,0.0017566680908203125
201800,normal,697,0,1782361001.0770528,0.002132415771484375
201801,normal,2214,0,1782361001.078958,0.001905202865600586
201802,normal,2902,0,1782361001.080976,0.002017974853515625
201803,normal,754,0,1782361001.0828834,0.0019073486328125
201804,normal,2058,0,1782361001.0849712,0.002087831497192383
201805,normal,2999,0,1782361001.087029,0.002057790756225586
201806,normal,1413,0,1782361001.088901,0.0018720626831054688
201807,normal,658,0,1782361001.0908816,0.0019805431365966797
201808,normal,2416,0,1782361001.0931323,0.00225067138671875
201809,normal,53,0,1782361001.0949767,0.0018444061279296875
201810,normal,3124,1,1782361001.0970926,0.002115964889526367
201811,normal,3445,0,1782361001.0990858,0.0019931793212890625
201812,normal,3702,0,1782361001.1011152,0.0020294189453125
201813,normal,2479,0,1782361001.1029806,0.001865386962890625
201814,normal,2066,0,1782361001.1049743,0.0019936561584472656
201815,normal,1040,0,1782361001.1068778,0.001903533935546875
201816,normal,1977,0,1782361001.1089702,0.0020923614501953125
201817,normal,301,0,1782361001.111226,0.0022559165954589844
201818,normal,226,0,1782361001.1128013,0.0015752315521240234
201819,normal,805,2,1782361001.1149662,0.0021648406982421875
201820,normal,1805,0,1782361001.1169732,0.002007007598876953
201821,normal,547,0,1782361001.1188922,0.0019190311431884766
201822,normal,2131,0,1782361001.1216245,0.0027322769165039062
201823,normal,3404,0,1782361001.1230004,0.0013759136199951172
201824,normal,3543,0,1782361001.1251352,0.0021347999572753906
201825,normal,1038,0,1782361001.1269176,0.0017824172973632812
201826,normal,3313,1,1782361001.1289709,0.0020532608032226562
201827,normal,1862,0,1782361001.1309097,0.0019388198852539062
201828,normal,77,0,1782361001.1331034,0.0021936893463134766
201829,normal,1275,0,1782361001.135071,0.0019676685333251953
201830,normal,1938,0,1782361001.1369123,0.0018413066864013672
201831,normal,1422,0,1782361001.1389835,0.0020711421966552734
201832,normal,321,0,1782361001.1410024,0.0020189285278320312
201833,normal,272,0,1782361001.1429222,0.0019197463989257812
201834,normal,391,0,1782361001.1450076,0.002085447311401367
201835,normal,498,0,1782361001.1471193,0.002111673355102539
201836,normal,3245,1,1782361001.1490068,0.0018875598907470703
201837,normal,2525,0,1782361001.1509948,0.001987934112548828
201838,normal,3559,0,1782361001.1530776,0.00208282470703125
201839,normal,1401,0,1782361001.1550624,0.001984834671020508
201840,normal,1802,0,1782361001.156974,0.0019116401672363281
201841,normal,135,0,1782361001.159219,0.0022449493408203125
201842,normal,2546,0,1782361001.16105,0.0018310546875
201843,normal,2752,0,1782361001.1630251,0.0019750595092773438
201844,normal,896,2,1782361001.165051,0.0020258426666259766
201845,normal,2176,0,1782361001.1674721,0.002421140670776367
201846,normal,1115,0,1782361001.1689308,0.0014586448669433594
201847,normal,2576,0,1782361001.170977,0.002046346664428711
201848,normal,51,0,1782361001.1728892,0.0019121170043945312
201849,normal,2673,0,1782361001.1749017,0.002012491226196289
201850,normal,3009,0,1782361001.1770139,0.002112150192260742
201851,normal,2802,0,1782361001.1789217,0.0019078254699707031
201852,normal,2409,0,1782361001.1810036,0.0020818710327148438
201853,normal,629,0,1782361001.1830106,0.002007007598876953
201854,normal,2357,0,1782361001.1849582,0.001947641372680664
201855,normal,2962,0,1782361001.1871262,0.002167940139770508
201856,normal,2471,0,1782361001.1889894,0.001863241195678711
201857,normal,519,0,1782361001.1908438,0.0018544197082519531
201858,normal,1656,0,1782361001.193051,0.0022072792053222656
201859,normal,3008,0,1782361001.1950605,0.0020093917846679688
201860,normal,3263,1,1782361001.1970024,0.0019419193267822266
201861,normal,16,0,1782361001.1990094,0.002007007598876953
201862,normal,1680,0,1782361001.2009954,0.0019860267639160156
201863,normal,1288,0,1782361001.2029405,0.0019450187683105469
201864,normal,485,0,1782361001.205035,0.0020945072174072266
201865,normal,3697,0,1782361001.2070396,0.0020046234130859375
201866,normal,2120,0,1782361001.2090652,0.002025604248046875
201867,normal,228,0,1782361001.210953,0.0018877983093261719
201868,normal,3424,0,1782361001.213122,0.002168893814086914
201869,normal,2734,0,1782361001.2148387,0.0017168521881103516
201870,normal,1533,0,1782361001.2170174,0.002178668975830078
201871,normal,325,0,1782361001.21902,0.0020024776458740234
201872,normal,1774,0,1782361001.2209208,0.0019009113311767578
201873,normal,3277,1,1782361001.2230213,0.0021004676818847656
201874,normal,2821,0,1782361001.225033,0.0020117759704589844
201875,normal,2358,0,1782361001.2269685,0.0019354820251464844
201876,normal,621,0,1782361001.229092,0.0021233558654785156
201877,normal,1807,0,1782361001.2311168,0.0020248889923095703
201878,normal,1636,0,1782361001.2329,0.001783132553100586
201879,normal,1394,0,1782361001.2350671,0.002167224884033203
201880,normal,3151,1,1782361001.2370439,0.0019767284393310547
201881,normal,3247,1,1782361001.2389557,0.0019118785858154297
201882,normal,1930,0,1782361001.2410152,0.002059459686279297
201883,normal,1769,0,1782361001.2430127,0.0019974708557128906
201884,normal,3144,1,1782361001.2449088,0.0018961429595947266
201885,normal,2239,0,1782361001.247024,0.0021152496337890625
201886,normal,639,0,1782361001.2492166,0.0021924972534179688
201887,normal,2215,0,1782361001.2509089,0.0016922950744628906
201888,normal,2526,0,1782361001.2531722,0.002263307571411133
201889,normal,1915,0,1782361001.2551014,0.0019292831420898438
201890,normal,3693,0,1782361001.2570887,0.0019872188568115234
201891,normal,921,2,1782361001.2590232,0.0019345283508300781
201892,normal,1937,0,1782361001.2611825,0.0021593570709228516
201893,normal,979,2,1782361001.2631085,0.0019259452819824219
201894,normal,377,0,1782361001.264958,0.0018494129180908203
201895,normal,2449,0,1782361001.2670023,0.0020444393157958984
201896,normal,18,0,1782361001.2689035,0.0019011497497558594
201897,normal,3665,0,1782361001.2710018,0.0020983219146728516
201898,normal,1832,0,1782361001.27325,0.0022482872009277344
201899,normal,2398,0,1782361001.2748263,0.0015761852264404297
201900,normal,407,0,1782361001.2769952,0.002168893814086914
201901,normal,2305,0,1782361001.2789967,0.002001523971557617
201902,normal,119,0,1782361001.280901,0.0019042491912841797
201903,normal,2513,0,1782361001.2833033,0.0024023056030273438
201904,normal,3197,1,1782361001.285303,0.0019998550415039062
201905,normal,461,0,1782361001.2869682,0.0016651153564453125
201906,normal,1168,0,1782361001.2889147,0.0019464492797851562
201907,normal,234,0,1782361001.291039,0.002124309539794922
201908,normal,308,0,1782361001.2929137,0.001874685287475586
201909,normal,1571,0,1782361001.2950356,0.0021219253540039062
201910,normal,69,0,1782361001.297269,0.0022335052490234375
201911,normal,1600,0,1782361001.2988305,0.0015614032745361328
201912,normal,1853,0,1782361001.3009717,0.002141237258911133
201913,normal,2583,0,1782361001.3030236,0.002051830291748047
201914,normal,1917,0,1782361001.3049364,0.001912832260131836
201915,normal,1325,1,1782361001.3070607,0.002124309539794922
201916,normal,2731,0,1782361001.3090658,0.0020051002502441406
201917,normal,417,0,1782361001.3109624,0.0018966197967529297
201918,normal,420,0,1782361001.313047,0.002084493637084961
201919,normal,1161,0,1782361001.3150356,0.001988649368286133
201920,normal,475,0,1782361001.317438,0.0024023056030273438
201921,normal,149,0,1782361001.3194587,0.0020208358764648438
201922,normal,2480,0,1782361001.3209236,0.00146484375
201923,normal,3037,0,1782361001.322994,0.0020704269409179688
201924,normal,1927,0,1782361001.3249176,0.0019235610961914062
201925,normal,3562,0,1782361001.32709,0.0021724700927734375
201926,normal,3344,1,1782361001.3289347,0.001844644546508789
201927,normal,2252,0,1782361001.331195,0.002260446548461914
201928,normal,82,0,1782361001.3331225,0.0019273757934570312
201929,normal,236,0,1782361001.3348293,0.001706838607788086
201930,normal,758,0,1782361001.3373454,0.002516031265258789
201931,normal,384,0,1782361001.3391595,0.001814126968383789
201932,normal,2580,0,1782361001.340843,0.0016834735870361328
201933,normal,2540,0,1782361001.3429987,0.002155780792236328
201934,normal,2397,0,1782361001.3450234,0.0020246505737304688
201935,normal,2015,0,1782361001.3469315,0.0019080638885498047
201936,normal,2458,0,1782361001.3490317,0.002100229263305664
201937,normal,906,2,1782361001.3508759,0.001844167709350586
201938,normal,1987,0,1782361001.353053,0.0021772384643554688
201939,normal,1901,0,1782361001.3549821,0.0019290447235107422
201940,normal,2411,0,1782361001.3571212,0.0021390914916992188
201941,normal,1553,0,1782361001.3589244,0.0018031597137451172
201942,normal,1592,0,1782361001.3610728,0.0021483898162841797
201943,normal,3286,1,1782361001.3630013,0.001928567886352539
201944,normal,83,0,1782361001.3649547,0.0019533634185791016
201945,normal,469,0,1782361001.3670666,0.0021119117736816406
201946,normal,999,2,1782361001.3691077,0.0020411014556884766
201947,normal,3166,1,1782361001.3708882,0.0017805099487304688
201948,normal,3339,1,1782361001.373011,0.0021228790283203125
201949,normal,1321,1,1782361001.375043,0.0020318031311035156
201950,normal,3356,1,1782361001.3769505,0.0019075870513916016
201951,normal,3390,1,1782361001.3790486,0.00209808349609375
201952,normal,2782,0,1782361001.381054,0.002005338668823242
201953,normal,960,2,1782361001.3829582,0.0019042491912841797
201954,normal,1165,0,1782361001.3851216,0.002163410186767578
201955,normal,2982,0,1782361001.3869274,0.0018057823181152344
201956,normal,1424,0,1782361001.3890321,0.0021047592163085938
201957,normal,3201,1,1782361001.3909264,0.001894235610961914
201958,normal,589,0,1782361001.3930404,0.0021140575408935547
201959,normal,2916,0,1782361001.3949227,0.001882314682006836
201960,normal,2457,0,1782361001.3970435,0.0021207332611083984
201961,normal,1335,1,1782361001.3990865,0.002043008804321289
201962,normal,560,0,1782361001.4008875,0.0018010139465332031
201963,normal,2187,0,1782361001.4031177,0.0022301673889160156
201964,normal,2968,0,1782361001.4049747,0.0018570423126220703
201965,normal,2113,0,1782361001.4070466,0.002071857452392578
201966,normal,3425,0,1782361001.4089441,0.001897573471069336
201967,normal,2469,0,1782361001.4110644,0.0021202564239501953
201968,normal,1114,0,1782361001.4129097,0.0018453598022460938
201969,normal,544,0,1782361001.4150136,0.0021038055419921875
201970,normal,550,0,1782361001.4170105,0.0019969940185546875
201971,normal,42,0,1782361001.418976,0.0019655227661132812
201972,normal,3280,1,1782361001.4211392,0.0021631717681884766
201973,normal,2395,0,1782361001.4229574,0.0018181800842285156
201974,normal,3394,1,1782361001.425128,0.002170562744140625
201975,normal,208,0,1782361001.4269803,0.001852273941040039
201976,normal,2500,0,1782361001.4292583,0.0022780895233154297
201977,normal,1578,0,1782361001.4310308,0.0017724037170410156
201978,normal,3276,1,1782361001.4330707,0.0020399093627929688
201979,normal,2190,0,1782361001.435076,0.002005338668823242
201980,normal,1530,0,1782361001.4369557,0.0018796920776367188
201981,normal,1454,0,1782361001.4389274,0.001971721649169922
201982,normal,1188,0,1782361001.4409986,0.0020711421966552734
201983,normal,813,2,1782361001.44289,0.0018913745880126953
201984,normal,255,0,1782361001.4451902,0.002300262451171875
201985,normal,1423,0,1782361001.4468863,0.0016961097717285156
201986,normal,726,0,1782361001.4489803,0.0020940303802490234
201987,normal,394,0,1782361001.4509,0.0019197463989257812
201988,normal,3532,0,1782361001.4530008,0.002100706100463867
201989,normal,829,2,1782361001.454986,0.001985311508178711
201990,normal,2701,0,1782361001.4573588,0.00237274169921875
201991,normal,3699,0,1782361001.4591122,0.0017533302307128906
201992,normal,771,0,1782361001.4608228,0.001710653305053711
201993,normal,1648,0,1782361001.463007,0.002184152603149414
201994,normal,815,2,1782361001.465023,0.0020160675048828125
201995,normal,1036,0,1782361001.466925,0.001901865005493164
201996,normal,2690,0,1782361001.4694562,0.002531290054321289
201997,normal,1649,0,1782361001.47093,0.0014739036560058594
201998,normal,3178,1,1782361001.4730065,0.002076387405395508
201999,normal,84,0,1782361001.4750335,0.0020270347595214844
202000,normal,595,0,1782361001.477024,0.0019905567169189453
202001,normal,3078,1,1782361001.4789336,0.001909494400024414
202002,normal,2158,0,1782361001.481211,0.002277374267578125
202003,normal,3630,0,1782361001.4831872,0.0019762516021728516
202004,normal,2499,0,1782361001.4849434,0.0017561912536621094
202005,normal,197,0,1782361001.4871006,0.0021572113037109375
202006,normal,2725,0,1782361001.4891088,0.002008199691772461
202007,normal,1056,0,1782361001.490976,0.0018672943115234375
202008,normal,2047,0,1782361001.4929276,0.001951456069946289
202009,normal,1724,0,1782361001.4953978,0.002470254898071289
202010,normal,1645,0,1782361001.4970732,0.0016753673553466797
202011,normal,95,0,1782361001.4990141,0.0019409656524658203
202012,normal,1406,0,1782361001.5012228,0.002208709716796875
202013,normal,3427,0,1782361001.5034204,0.0021975040435791016
202014,normal,2132,0,1782361001.504954,0.0015337467193603516
202015,normal,2421,0,1782361001.507009,0.002054929733276367
202016,normal,3626,0,1782361001.5089169,0.0019078254699707031
202017,normal,2886,0,1782361001.5109499,0.0020329952239990234
202018,normal,2674,0,1782361001.5130439,0.0020940303802490234
202019,normal,1035,0,1782361001.5149074,0.0018634796142578125
202020,normal,1984,0,1782361001.5170166,0.0021092891693115234
202021,normal,448,0,1782361001.5190487,0.002032041549682617
202022,normal,2750,0,1782361001.520947,0.0018982887268066406
202023,normal,3566,0,1782361001.5230904,0.002143383026123047
202024,normal,883,2,1782361001.5250883,0.0019979476928710938
202025,normal,594,0,1782361001.526956,0.0018677711486816406
202026,normal,1340,1,1782361001.529029,0.0020728111267089844
202027,normal,7,0,1782361001.5310674,0.0020384788513183594
202028,normal,109,0,1782361001.5329792,0.0019118785858154297
202029,normal,281,0,1782361001.5351086,0.0021293163299560547
202030,normal,1508,0,1782361001.5370193,0.0019106864929199219
202031,normal,2756,0,1782361001.5389366,0.0019173622131347656
202032,normal,1479,0,1782361001.5410438,0.0021071434020996094
202033,normal,1924,0,1782361001.5430431,0.001999378204345703
202034,normal,451,0,1782361001.5449493,0.0019061565399169922
202035,normal,254,0,1782361001.547078,0.00212860107421875
202036,normal,3624,0,1782361001.5491726,0.002094745635986328
202037,normal,1032,0,1782361001.5508487,0.0016760826110839844
202038,normal,1980,0,1782361001.5530257,0.002177000045776367
202039,normal,1471,0,1782361001.555019,0.0019931793212890625
202040,normal,1726,0,1782361001.5569184,0.0018994808197021484
202041,normal,438,0,1782361001.5591283,0.002209901809692383
202042,normal,470,0,1782361001.5609124,0.0017840862274169922
202043,normal,642,0,1782361001.5630863,0.002173900604248047
202044,normal,3596,0,1782361001.5648947,0.0018084049224853516
202045,normal,286,0,1782361001.5671191,0.002224445343017578
202046,normal,523,0,1782361001.5689275,0.0018084049224853516
202047,normal,3365,1,1782361001.571057,0.0021295547485351562
202048,normal,2898,0,1782361001.5730462,0.001989126205444336
202049,normal,2493,0,1782361001.574938,0.0018918514251708984
202050,normal,372,0,1782361001.5769458,0.002007722854614258
202051,normal,273,0,1782361001.5790107,0.002064943313598633
202052,normal,3303,1,1782361001.5809116,0.0019009113311767578
202053,normal,358,0,1782361001.5830166,0.0021049976348876953
202054,normal,3555,0,1782361001.585259,0.0022423267364501953
202055,normal,1024,2,1782361001.5869005,0.0016415119171142578
202056,normal,1970,0,1782361001.5890818,0.0021812915802001953
202057,normal,2269,0,1782361001.591196,0.0021142959594726562
202058,normal,2057,0,1782361001.5933068,0.002110719680786133
202059,normal,140,0,1782361001.5962367,0.0029299259185791016
202060,normal,2630,0,1782361001.5968475,0.0006108283996582031
202061,normal,93,0,1782361001.599156,0.002308368682861328
202062,normal,1126,0,1782361001.601025,0.00186920166015625
202063,normal,1573,0,1782361001.603092,0.0020668506622314453
202064,normal,2181,0,1782361001.604821,0.0017290115356445312
202065,normal,2538,0,1782361001.6070006,0.0021796226501464844
202066,normal,2035,0,1782361001.6090033,0.002002716064453125
202067,normal,3363,1,1782361001.6110861,0.00208282470703125
202068,normal,1585,0,1782361001.6128168,0.0017306804656982422
202069,normal,266,0,1782361001.615008,0.002191305160522461
202070,normal,1624,0,1782361001.6168988,0.0018906593322753906
202071,normal,1589,0,1782361001.618998,0.002099275588989258
202072,normal,2321,0,1782361001.6213777,0.0023796558380126953
202073,normal,1838,0,1782361001.6232133,0.0018355846405029297
202074,normal,1943,0,1782361001.6249802,0.0017669200897216797
202075,normal,518,0,1782361001.627018,0.0020377635955810547
202076,normal,3323,1,1782361001.6289086,0.0018906593322753906
202077,normal,205,0,1782361001.6310172,0.0021085739135742188
202078,normal,2582,0,1782361001.6330326,0.002015352249145508
202079,normal,239,0,1782361001.6353369,0.0023043155670166016
202080,normal,2777,0,1782361001.6368456,0.0015087127685546875
202081,normal,2696,0,1782361001.6390052,0.002159595489501953
202082,normal,1490,0,1782361001.6409166,0.0019114017486572266
202083,normal,838,2,1782361001.6430283,0.002111673355102539
202084,normal,1882,0,1782361001.6450381,0.002009868621826172
202085,normal,2897,0,1782361001.6471877,0.0021495819091796875
202086,normal,974,2,1782361001.649143,0.001955270767211914
202087,normal,1701,0,1782361001.6510377,0.0018947124481201172
202088,normal,322,0,1782361001.6529148,0.0018770694732666016
202089,normal,684,0,1782361001.655157,0.0022423267364501953
202090,normal,2529,0,1782361001.6570334,0.0018763542175292969
202091,normal,2234,0,1782361001.658841,0.0018074512481689453
202092,normal,851,2,1782361001.6613588,0.0025179386138916016
202093,normal,339,0,1782361001.6631582,0.0017993450164794922
202094,normal,1480,0,1782361001.6649208,0.0017626285552978516
202095,normal,1470,0,1782361001.6672087,0.0022878646850585938
202096,normal,2182,0,1782361001.6695447,0.0023360252380371094
202097,normal,1959,0,1782361001.6709116,0.0013668537139892578
202098,normal,316,0,1782361001.6730008,0.002089262008666992
202099,normal,1365,1,1782361001.6750095,0.002008676528930664
202100,normal,219,0,1782361001.6769345,0.0019249916076660156
202101,normal,3646,0,1782361001.6790257,0.0020911693572998047
202102,normal,3116,1,1782361001.6810179,0.0019922256469726562
202103,normal,2429,0,1782361001.6829169,0.0018990039825439453
202104,normal,2496,0,1782361001.6850116,0.002094745635986328
202105,normal,1966,0,1782361001.686974,0.001962423324584961
202106,normal,578,0,1782361001.6890144,0.002040386199951172
202107,normal,1700,0,1782361001.6909332,0.001918792724609375
202108,normal,2826,0,1782361001.6930358,0.0021026134490966797
202109,normal,1820,0,1782361001.6949475,0.0019116401672363281
202110,normal,1675,0,1782361001.6970813,0.0021338462829589844
202111,normal,3457,0,1782361001.699063,0.0019817352294921875
202112,normal,290,0,1782361001.7010524,0.0019893646240234375
202113,normal,294,0,1782361001.7028255,0.0017731189727783203
202114,normal,545,0,1782361001.7050502,0.0022246837615966797
202115,normal,2590,0,1782361001.706941,0.0018906593322753906
202116,normal,1562,0,1782361001.7090492,0.002108335494995117
202117,normal,2272,0,1782361001.7110484,0.0019991397857666016
202118,normal,1415,0,1782361001.7129524,0.0019040107727050781
202119,normal,2775,0,1782361001.7150972,0.0021448135375976562
202120,normal,1109,0,1782361001.7170613,0.001964092254638672
202121,normal,2922,0,1782361001.7189186,0.0018572807312011719
202122,normal,388,0,1782361001.7210174,0.0020987987518310547
202123,normal,3121,1,1782361001.723022,0.0020046234130859375
202124,normal,227,0,1782361001.72492,0.001898050308227539
202125,normal,2505,0,1782361001.7270224,0.002102375030517578
202126,normal,3575,0,1782361001.7290478,0.0020253658294677734
202127,normal,2603,0,1782361001.7309773,0.0019295215606689453
202128,normal,479,0,1782361001.733231,0.0022537708282470703
202129,normal,492,0,1782361001.7349381,0.0017070770263671875
202130,normal,922,2,1782361001.7370355,0.0020973682403564453
202131,normal,528,0,1782361001.738993,0.001957416534423828
202132,normal,2574,0,1782361001.7410061,0.0020132064819335938
202133,normal,3535,0,1782361001.7429175,0.0019114017486572266
202134,normal,976,2,1782361001.7450082,0.0020906925201416016
202135,normal,442,0,1782361001.7470071,0.0019989013671875
202136,normal,593,0,1782361001.7490573,0.002050161361694336
202137,normal,2028,0,1782361001.7508981,0.001840829849243164
202138,normal,635,0,1782361001.7530982,0.0022001266479492188
202139,normal,1421,0,1782361001.7549856,0.0018873214721679688
202140,normal,860,2,1782361001.7570708,0.0020852088928222656
202141,normal,744,0,1782361001.7592118,0.0021409988403320312
202142,normal,477,0,1782361001.7609265,0.0017147064208984375
202143,normal,2065,0,1782361001.7631943,0.0022678375244140625
202144,normal,946,2,1782361001.7650566,0.0018622875213623047
202145,normal,2682,0,1782361001.7668185,0.0017619132995605469
202146,normal,511,0,1782361001.7689993,0.002180814743041992
202147,normal,1286,0,1782361001.7710042,0.002004861831665039
202148,normal,2689,0,1782361001.772905,0.0019009113311767578
202149,normal,1417,0,1782361001.7750974,0.002192258834838867
202150,normal,939,2,1782361001.7769945,0.0018970966339111328
202151,normal,705,0,1782361001.7788963,0.001901865005493164
202152,normal,1512,0,1782361001.7810102,0.002113819122314453
202153,normal,3525,0,1782361001.7829936,0.0019834041595458984
202154,normal,1239,0,1782361001.7857862,0.0027925968170166016
202155,normal,997,2,1782361001.7871115,0.001325368881225586
202156,normal,3308,1,1782361001.7890506,0.0019390583038330078
202157,normal,476,0,1782361001.7908208,0.0017702579498291016
202158,normal,1090,0,1782361001.7930238,0.0022029876708984375
202159,normal,2548,0,1782361001.7950325,0.002008676528930664
202160,normal,1136,0,1782361001.7969787,0.0019462108612060547
202161,normal,1567,0,1782361001.7989902,0.002011537551879883
202162,normal,3216,1,1782361001.801139,0.002148866653442383
202163,normal,2178,0,1782361001.8028471,0.0017080307006835938
202164,normal,843,2,1782361001.8051076,0.002260446548461914
202165,normal,1831,0,1782361001.8070228,0.0019152164459228516
202166,normal,3391,1,1782361001.8089387,0.0019159317016601562
202167,normal,3385,1,1782361001.8110483,0.002109527587890625
202168,normal,2955,0,1782361001.8132498,0.002201557159423828
202169,normal,887,2,1782361001.8151186,0.0018687248229980469
202170,normal,2887,0,1782361001.8169487,0.0018301010131835938
202171,normal,2681,0,1782361001.8191073,0.002158641815185547
202172,normal,1098,0,1782361001.8209672,0.001859903335571289
202173,normal,1535,0,1782361001.8230531,0.0020859241485595703
202174,normal,857,2,1782361001.8249822,0.0019290447235107422
202175,normal,416,0,1782361001.8274257,0.002443552017211914
202176,normal,2341,0,1782361001.8290327,0.0016069412231445312
202177,normal,1605,0,1782361001.8310754,0.0020427703857421875
202178,normal,715,0,1782361001.833057,0.001981496810913086
202179,normal,2972,0,1782361001.8352883,0.0022313594818115234
202180,normal,1760,0,1782361001.8369448,0.0016565322875976562
202181,normal,3346,1,1782361001.839001,0.002056121826171875
202182,normal,2355,0,1782361001.8409069,0.0019059181213378906
202183,normal,262,0,1782361001.843016,0.002109050750732422
202184,normal,2564,0,1782361001.8449306,0.0019147396087646484
202185,normal,1362,1,1782361001.8470123,0.002081632614135742
202186,normal,1939,0,1782361001.8490114,0.0019991397857666016
202187,normal,2522,0,1782361001.8509004,0.0018889904022216797
202188,normal,1093,0,1782361001.853035,0.002134561538696289
202189,normal,3497,0,1782361001.8550758,0.002040863037109375
202190,normal,2662,0,1782361001.8569987,0.0019228458404541016
202191,normal,3074,1,1782361001.8589664,0.0019676685333251953
202192,normal,1849,0,1782361001.8610182,0.002051830291748047
202193,normal,2164,0,1782361001.8629682,0.0019500255584716797
202194,normal,3509,0,1782361001.8650827,0.002114534378051758
202195,normal,252,0,1782361001.8670952,0.002012491226196289
202196,normal,513,0,1782361001.8688364,0.001741170883178711
202197,normal,2205,0,1782361001.8710356,0.0021991729736328125
202198,normal,2154,0,1782361001.8730416,0.002006053924560547
202199,normal,199,0,1782361001.8749511,0.001909494400024414
202200,normal,2996,0,1782361001.8770585,0.002107381820678711
202201,normal,801,2,1782361001.8790593,0.0020008087158203125
202202,normal,874,2,1782361001.880971,0.0019116401672363281
202203,normal,2795,0,1782361001.8830707,0.002099752426147461
202204,normal,671,0,1782361001.8850245,0.0019538402557373047
202205,normal,463,0,1782361001.886916,0.0018913745880126953
202206,normal,2833,0,1782361001.8890111,0.0020952224731445312
202207,normal,3089,1,1782361001.8910193,0.002008199691772461
202208,normal,1877,0,1782361001.8929172,0.0018978118896484375
202209,normal,2298,0,1782361001.895037,0.002119779586791992
202210,normal,3005,0,1782361001.8970754,0.0020384788513183594
202211,normal,3545,0,1782361001.899307,0.002231597900390625
202212,normal,450,0,1782361001.9008656,0.001558542251586914
202213,normal,2960,0,1782361001.9030385,0.0021729469299316406
202214,normal,3640,0,1782361001.9049377,0.0018992424011230469
202215,normal,3446,0,1782361001.907063,0.002125263214111328
202216,normal,3100,1,1782361001.9091244,0.0020613670349121094
202217,normal,280,0,1782361001.9109075,0.001783132553100586
202218,normal,2393,0,1782361001.9130044,0.002096891403198242
202219,normal,1261,0,1782361001.9150715,0.002067089080810547
202220,normal,1706,0,1782361001.9169762,0.0019047260284423828
202221,normal,1464,0,1782361001.919092,0.0021157264709472656
202222,normal,2949,0,1782361001.9211092,0.0020172595977783203
202223,normal,1294,0,1782361001.9229944,0.0018851757049560547
202224,normal,959,2,1782361001.925176,0.002181529998779297
202225,normal,3408,0,1782361001.9270236,0.0018477439880371094
202226,normal,980,2,1782361001.9289904,0.001966714859008789
202227,normal,998,2,1782361001.9311514,0.0021610260009765625
202228,normal,2704,0,1782361001.9329035,0.0017521381378173828
202229,normal,2233,0,1782361001.9350023,0.0020987987518310547
202230,normal,1431,0,1782361001.9369118,0.001909494400024414
202231,normal,3055,1,1782361001.939001,0.002089262008666992
202232,normal,509,0,1782361001.9411519,0.0021507740020751953
202233,normal,3603,0,1782361001.9428163,0.0016644001007080078
202234,normal,2192,0,1782361001.9450107,0.0021944046020507812
202235,normal,1457,0,1782361001.9468985,0.0018877983093261719
202236,normal,2852,0,1782361001.9490001,0.0021016597747802734
202237,normal,3026,0,1782361001.9517243,0.002724170684814453
202238,normal,2339,0,1782361001.9529264,0.0012021064758300781
202239,normal,1921,0,1782361001.9551995,0.002273082733154297
202240,normal,2263,0,1782361001.9568992,0.001699686050415039
202241,normal,63,0,1782361001.9590087,0.002109527587890625
202242,normal,259,0,1782361001.9609184,0.0019097328186035156
202243,normal,1071,0,1782361001.9630315,0.0021131038665771484
202244,normal,1813,0,1782361001.9651349,0.0021033287048339844
202245,normal,1103,0,1782361001.9668643,0.0017294883728027344
202246,normal,2382,0,1782361001.9690125,0.002148151397705078
202247,normal,232,0,1782361001.9709227,0.0019102096557617188
202248,normal,1344,1,1782361001.9730282,0.0021054744720458984
202249,normal,1870,0,1782361001.9750369,0.002008676528930664
202250,normal,459,0,1782361001.9769464,0.001909494400024414
202251,normal,1444,0,1782361001.9790902,0.00214385986328125
202252,normal,217,0,1782361001.9812071,0.0021169185638427734
202253,normal,1085,0,1782361001.9829056,0.0016984939575195312
202254,normal,3358,1,1782361001.9850898,0.002184152603149414
202255,normal,2104,0,1782361001.987169,0.0020792484283447266
202256,normal,2961,0,1782361001.9889,0.0017309188842773438
202257,normal,3176,1,1782361001.9909372,0.0020372867584228516
202258,normal,113,0,1782361001.9933853,0.0024480819702148438
202259,normal,490,0,1782361001.9950216,0.0016362667083740234
202260,normal,107,0,1782361001.996931,0.001909494400024414
202261,normal,2823,0,1782361001.9991844,0.002253293991088867
202262,normal,923,2,1782361002.0011811,0.001996755599975586
202263,normal,17,0,1782361002.0028608,0.0016796588897705078
202264,normal,3458,0,1782361002.005006,0.0021452903747558594
202265,normal,581,0,1782361002.006899,0.0018930435180664062
202266,normal,2149,0,1782361002.00902,0.0021209716796875
202267,normal,425,0,1782361002.0110178,0.001997709274291992
202268,normal,3235,1,1782361002.0129151,0.0018973350524902344
202269,normal,2977,0,1782361002.015017,0.002101898193359375
202270,normal,2311,0,1782361002.0170043,0.0019872188568115234
202271,normal,2559,0,1782361002.018942,0.0019378662109375
202272,normal,548,0,1782361002.0210903,0.002148151397705078
202273,normal,2774,0,1782361002.0230944,0.0020041465759277344
202274,normal,242,0,1782361002.0248625,0.0017681121826171875
202275,normal,3063,1,1782361002.0270238,0.002161264419555664
202276,normal,1174,0,1782361002.0290606,0.0020368099212646484
202277,normal,2842,0,1782361002.0309818,0.0019211769104003906
202278,normal,908,2,1782361002.0331252,0.002143383026123047
202279,normal,1860,0,1782361002.0349908,0.0018656253814697266
202280,normal,3015,0,1782361002.0369403,0.0019495487213134766
202281,normal,1216,0,1782361002.039039,0.002098560333251953
202282,normal,2318,0,1782361002.0410442,0.002005338668823242
202283,normal,3307,1,1782361002.0429475,0.0019032955169677734
202284,normal,2455,0,1782361002.0450654,0.0021178722381591797
202285,normal,3496,0,1782361002.0471315,0.0020661354064941406
202286,normal,128,0,1782361002.048854,0.001722574234008789
202287,normal,2779,0,1782361002.0510178,0.0021636486053466797
202288,normal,1972,0,1782361002.053019,0.0020012855529785156
202289,normal,2156,0,1782361002.054933,0.0019140243530273438
202290,normal,1123,0,1782361002.0570164,0.002083301544189453
202291,normal,1859,0,1782361002.0590296,0.0020132064819335938
202292,normal,3437,0,1782361002.0609756,0.0019459724426269531
202293,normal,2046,0,1782361002.0630028,0.002027273178100586
202294,normal,1658,0,1782361002.0651002,0.0020973682403564453
202295,normal,1619,0,1782361002.0668993,0.0017991065979003906
202296,normal,632,0,1782361002.0690508,0.0021514892578125
202297,normal,1416,0,1782361002.0710454,0.001994609832763672
202298,normal,2267,0,1782361002.072971,0.0019257068634033203
202299,normal,1389,0,1782361002.0749462,0.0019750595092773438
202300,normal,1800,0,1782361002.077015,0.002068758010864258
202301,normal,1262,0,1782361002.0789185,0.001903533935546875
202302,normal,118,0,1782361002.0810323,0.002113819122314453
202303,normal,2818,0,1782361002.0832016,0.002169370651245117
202304,normal,307,0,1782361002.0849106,0.001708984375
202305,normal,2624,0,1782361002.0871623,0.0022516250610351562
202306,normal,799,2,1782361002.0890505,0.001888275146484375
202307,normal,3243,1,1782361002.0910795,0.002028942108154297
202308,normal,412,0,1782361002.0930316,0.0019521713256835938
202309,normal,1330,1,1782361002.0951598,0.002128124237060547
202310,normal,243,0,1782361002.097102,0.0019421577453613281
202311,normal,1011,2,1782361002.098939,0.001837015151977539
202312,normal,781,2,1782361002.1010017,0.0020627975463867188
202313,normal,942,2,1782361002.1028993,0.001897573471069336
202314,normal,1220,0,1782361002.1050005,0.0021011829376220703
202315,normal,2040,0,1782361002.1072447,0.002244234085083008
202316,normal,318,0,1782361002.1088107,0.0015659332275390625
202317,normal,692,0,1782361002.1109917,0.0021810531616210938
202318,normal,3018,0,1782361002.1129959,0.0020041465759277344
202319,normal,1363,1,1782361002.1149,0.0019042491912841797
202320,normal,2116,0,1782361002.1172726,0.0023725032806396484
202321,normal,870,2,1782361002.1192732,0.002000570297241211
202322,normal,2595,0,1782361002.120884,0.0016107559204101562
202323,normal,1343,1,1782361002.1230066,0.002122640609741211
202324,normal,1229,0,1782361002.1250072,0.002000570297241211
202325,normal,2923,0,1782361002.1269066,0.0018994808197021484
202326,normal,897,2,1782361002.1290038,0.0020971298217773438
202327,normal,2246,0,1782361002.1312218,0.002218008041381836
202328,normal,3194,1,1782361002.1328423,0.0016205310821533203
202329,normal,2947,0,1782361002.1350024,0.0021600723266601562
202330,normal,3059,1,1782361002.1370203,0.002017974853515625
202331,normal,1068,0,1782361002.1389284,0.0019080638885498047
202332,normal,1666,0,1782361002.141038,0.002109527587890625
202333,normal,3647,0,1782361002.1430657,0.002027750015258789
202334,normal,916,2,1782361002.144941,0.0018754005432128906
202335,normal,748,0,1782361002.1470149,0.0020737648010253906
202336,normal,1382,0,1782361002.149053,0.002038240432739258
202337,normal,777,2,1782361002.1515157,0.002462625503540039
202338,normal,365,0,1782361002.1534138,0.001898050308227539
202339,normal,1359,1,1782361002.1549125,0.0014986991882324219
202340,normal,193,0,1782361002.1569967,0.0020842552185058594
202341,normal,136,0,1782361002.1589136,0.0019168853759765625
202342,normal,1437,0,1782361002.161071,0.002157449722290039
202343,normal,175,0,1782361002.1630256,0.0019545555114746094
202344,normal,1754,0,1782361002.1650276,0.0020020008087158203
202345,normal,607,0,1782361002.1671994,0.002171754837036133
202346,normal,3549,0,1782361002.1688294,0.0016300678253173828
202347,normal,1277,0,1782361002.1715167,0.002687215805053711
202348,normal,1235,0,1782361002.1731381,0.0016214847564697266
202349,normal,1263,0,1782361002.1748385,0.0017004013061523438
202350,normal,3552,0,1782361002.1769974,0.0021588802337646484
202351,normal,1074,0,1782361002.1790223,0.0020248889923095703
202352,normal,1779,0,1782361002.1809316,0.0019092559814453125
202353,normal,3423,0,1782361002.1830208,0.002089262008666992
202354,normal,165,0,1782361002.1850111,0.0019903182983398438
202355,normal,2378,0,1782361002.1869223,0.001911163330078125
202356,normal,164,0,1782361002.189032,0.0021097660064697266
202357,normal,57,0,1782361002.19109,0.0020580291748046875
202358,normal,1369,1,1782361002.1929975,0.0019073486328125
202359,normal,2460,0,1782361002.19504,0.002042531967163086
202360,normal,3097,1,1782361002.1971667,0.0021266937255859375
202361,normal,2832,0,1782361002.1990697,0.0019030570983886719
202362,normal,803,2,1782361002.20096,0.0018901824951171875
202363,normal,2144,0,1782361002.2031019,0.0021419525146484375
202364,normal,3353,1,1782361002.2049372,0.0018353462219238281
202365,normal,645,0,1782361002.2070107,0.002073526382446289
202366,normal,382,0,1782361002.2090454,0.0020346641540527344
202367,normal,1750,0,1782361002.2109478,0.0019023418426513672
202368,normal,983,2,1782361002.2130358,0.0020880699157714844
202369,normal,1283,0,1782361002.2150583,0.0020225048065185547
202370,normal,2719,0,1782361002.216949,0.0018906593322753906
202371,normal,3099,1,1782361002.2191188,0.0021698474884033203
202372,normal,1240,0,1782361002.2209494,0.0018305778503417969
202373,normal,1968,0,1782361002.2229125,0.0019631385803222656
202374,normal,2348,0,1782361002.2250216,0.002109050750732422
202375,normal,1762,0,1782361002.2270133,0.001991748809814453
202376,normal,2549,0,1782361002.2289133,0.0018999576568603516
202377,normal,2118,0,1782361002.2310307,0.0021173954010009766
202378,normal,2904,0,1782361002.2330742,0.002043485641479492
202379,normal,3238,1,1782361002.2349868,0.0019125938415527344
202380,normal,402,0,1782361002.2371063,0.0021195411682128906
202381,normal,2649,0,1782361002.239017,0.0019106864929199219
202382,normal,2114,0,1782361002.2409499,0.0019328594207763672
202383,normal,78,0,1782361002.243047,0.0020971298217773438
202384,normal,499,0,1782361002.2450643,0.0020172595977783203
202385,normal,647,0,1782361002.2469113,0.0018470287322998047
202386,normal,3130,1,1782361002.249026,0.0021147727966308594
202387,normal,2502,0,1782361002.2510116,0.0019855499267578125
202388,normal,2136,0,1782361002.2529132,0.0019016265869140625
202389,normal,306,0,1782361002.2552152,0.002301931381225586
202390,normal,2969,0,1782361002.2569678,0.001752614974975586
202391,normal,1128,0,1782361002.2592711,0.0023033618927001953
202392,normal,2374,0,1782361002.2609808,0.0017096996307373047
202393,normal,3160,1,1782361002.2632499,0.0022690296173095703
202394,normal,3149,1,1782361002.2649431,0.0016932487487792969
202395,normal,1187,0,1782361002.2671816,0.0022385120391845703
202396,normal,3131,1,1782361002.2691844,0.002002716064453125
202397,normal,1062,0,1782361002.270845,0.0016605854034423828
202398,normal,97,0,1782361002.273,0.0021550655364990234
202399,normal,2369,0,1782361002.2749987,0.0019986629486083984
202400,normal,3703,0,1782361002.2769215,0.0019228458404541016
202401,normal,2917,0,1782361002.2790992,0.002177715301513672
202402,normal,2771,0,1782361002.280982,0.001882791519165039
202403,normal,1664,0,1782361002.2828984,0.0019164085388183594
202404,normal,1006,2,1782361002.2850015,0.002103090286254883
202405,normal,157,0,1782361002.286995,0.001993417739868164
202406,normal,185,0,1782361002.2893867,0.002391815185546875
202407,normal,216,0,1782361002.2912295,0.0018427371978759766
202408,normal,1568,0,1782361002.2930021,0.0017726421356201172
202409,normal,1272,0,1782361002.2949128,0.0019106864929199219
202410,normal,1081,0,1782361002.2970126,0.002099752426147461
202411,normal,713,0,1782361002.2990196,0.002007007598876953
202412,normal,2489,0,1782361002.3009458,0.0019261837005615234
202413,normal,1051,0,1782361002.3033197,0.002373933792114258
202414,normal,702,0,1782361002.3048732,0.0015535354614257812
202415,normal,2520,0,1782361002.3070028,0.0021295547485351562
202416,normal,3560,0,1782361002.3089142,0.0019114017486572266
202417,normal,3274,1,1782361002.3110223,0.0021080970764160156
202418,normal,2098,0,1782361002.312934,0.0019116401672363281
202419,normal,2168,0,1782361002.3151455,0.0022115707397460938
202420,normal,2379,0,1782361002.3172135,0.002068042755126953
202421,normal,1616,0,1782361002.3189087,0.0016951560974121094
202422,normal,1502,0,1782361002.3210797,0.002171039581298828
202423,normal,1758,0,1782361002.3231094,0.0020296573638916016
202424,normal,3368,1,1782361002.325027,0.0019176006317138672
202425,normal,723,0,1782361002.3268445,0.001817464828491211
202426,normal,2545,0,1782361002.3293178,0.0024733543395996094
202427,normal,3056,1,1782361002.33102,0.0017023086547851562
202428,normal,1366,1,1782361002.332998,0.0019779205322265625
202429,normal,3045,1,1782361002.335164,0.0021660327911376953
202430,normal,3193,1,1782361002.3371341,0.001970052719116211
202431,normal,2008,0,1782361002.3389807,0.0018465518951416016
202432,normal,1746,0,1782361002.3410127,0.002032041549682617
202433,normal,88,0,1782361002.342907,0.001894235610961914
202434,normal,565,0,1782361002.3450205,0.0021135807037353516
202435,normal,1908,0,1782361002.3470237,0.002003192901611328
202436,normal,2849,0,1782361002.3489175,0.001893758773803711
202437,normal,2143,0,1782361002.3508646,0.001947164535522461
202438,normal,312,0,1782361002.3530548,0.002190113067626953
202439,normal,180,0,1782361002.3549917,0.0019369125366210938
202440,normal,3548,0,1782361002.35704,0.0020482540130615234
202441,normal,3317,1,1782361002.359103,0.0020630359649658203
202442,normal,900,2,1782361002.360891,0.0017881393432617188
202443,normal,1761,0,1782361002.3630128,0.0021216869354248047
202444,normal,941,2,1782361002.3650641,0.0020513534545898438
202445,normal,2815,0,1782361002.3669848,0.0019207000732421875
202446,normal,3383,1,1782361002.3691263,0.0021414756774902344
202447,normal,1647,0,1782361002.3709962,0.0018699169158935547
202448,normal,1129,0,1782361002.372927,0.0019307136535644531
202449,normal,3142,1,1782361002.3750463,0.002119302749633789
202450,normal,3328,1,1782361002.3770416,0.0019953250885009766
202451,normal,1845,0,1782361002.3789423,0.0019006729125976562
202452,normal,2843,0,1782361002.3810632,0.0021209716796875
202453,normal,819,2,1782361002.383153,0.0020897388458251953
202454,normal,3579,0,1782361002.3848982,0.0017452239990234375
202455,normal,824,2,1782361002.3870225,0.002124309539794922
202456,normal,3407,0,1782361002.3890276,0.0020051002502441406
202457,normal,2466,0,1782361002.3909123,0.0018846988677978516
202458,normal,49,0,1782361002.3930206,0.002108335494995117
202459,normal,2148,0,1782361002.3950288,0.002008199691772461
202460,normal,628,0,1782361002.3969564,0.0019276142120361328
202461,normal,952,2,1782361002.3990886,0.0021321773529052734
202462,normal,2083,0,1782361002.4010751,0.0019865036010742188
202463,normal,2135,0,1782361002.4030175,0.0019423961639404297
202464,normal,1851,0,1782361002.4048872,0.0018696784973144531
202465,normal,1742,0,1782361002.4070425,0.002155303955078125
202466,normal,2862,0,1782361002.4089446,0.0019021034240722656
202467,normal,1059,0,1782361002.4110475,0.0021028518676757812
202468,normal,3372,1,1782361002.4130301,0.0019826889038085938
202469,normal,1102,0,1782361002.4149108,0.001880645751953125
202470,normal,3028,0,1782361002.4170096,0.0020987987518310547
202471,normal,3285,1,1782361002.4192977,0.0022881031036376953
202472,normal,3272,1,1782361002.4208856,0.0015878677368164062
202473,normal,1224,0,1782361002.423085,0.002199411392211914
202474,normal,1466,0,1782361002.4251542,0.002069234848022461
202475,normal,329,0,1782361002.427235,0.002080678939819336
202476,normal,207,0,1782361002.4289067,0.0016717910766601562
202477,normal,673,0,1782361002.4311922,0.002285480499267578
202478,normal,296,0,1782361002.4329777,0.0017855167388916016
202479,normal,2881,0,1782361002.4350328,0.0020551681518554688
202480,normal,2045,0,1782361002.436982,0.0019490718841552734
202481,normal,590,0,1782361002.4389014,0.0019195079803466797
202482,normal,2800,0,1782361002.4409997,0.0020983219146728516
202483,normal,745,0,1782361002.443183,0.002183198928833008
202484,normal,1547,0,1782361002.4448318,0.0016489028930664062
202485,normal,2059,0,1782361002.446993,0.002161264419555664
202486,normal,3283,1,1782361002.448996,0.0020029544830322266
202487,normal,3594,0,1782361002.450907,0.0019109249114990234
202488,normal,1818,0,1782361002.4532702,0.0023632049560546875
202489,normal,651,0,1782361002.4554017,0.0021314620971679688
202490,normal,2055,0,1782361002.4569304,0.0015287399291992188
202491,normal,917,2,1782361002.4590018,0.002071380615234375
202492,normal,1117,0,1782361002.4610183,0.0020165443420410156
202493,normal,2226,0,1782361002.462909,0.0018906593322753906
202494,normal,3373,1,1782361002.465019,0.002110004425048828
202495,normal,1058,0,1782361002.467227,0.0022079944610595703
202496,normal,2675,0,1782361002.468844,0.0016169548034667969
202497,normal,3357,1,1782361002.471005,0.0021610260009765625
202498,normal,25,0,1782361002.473017,0.002012014389038086
202499,normal,2115,0,1782361002.474926,0.001909017562866211
202500,normal,395,0,1782361002.4770455,0.0021195411682128906
202501,normal,2739,0,1782361002.479217,0.0021715164184570312
202502,normal,722,0,1782361002.4810452,0.0018281936645507812
202503,normal,436,0,1782361002.4830475,0.002002239227294922
202504,normal,419,0,1782361002.4850812,0.002033710479736328
202505,normal,1672,0,1782361002.4870172,0.0019359588623046875
202506,normal,2784,0,1782361002.4889488,0.0019316673278808594
202507,normal,2504,0,1782361002.4910333,0.002084493637084961
202508,normal,3696,0,1782361002.493287,0.0022537708282470703
202509,normal,972,2,1782361002.4950392,0.0017521381378173828
202510,normal,573,0,1782361002.4970875,0.0020482540130615234
202511,normal,1909,0,1782361002.4990656,0.001978158950805664
202512,normal,3299,1,1782361002.5011833,0.002117633819580078
202513,normal,3088,1,1782361002.503082,0.0018987655639648438
202514,normal,1693,0,1782361002.5049512,0.00186920166015625
202515,normal,15,0,1782361002.50694,0.001988649368286133
202516,normal,1516,0,1782361002.509021,0.002081155776977539
202517,normal,3134,1,1782361002.5109289,0.0019078254699707031
202518,normal,717,0,1782361002.5130146,0.0020856857299804688
202519,normal,2044,0,1782361002.515017,0.0020024776458740234
202520,normal,3701,0,1782361002.5169113,0.001894235610961914
202521,normal,2069,0,1782361002.5190377,0.002126455307006836
202522,normal,371,0,1782361002.5210774,0.002039670944213867
202523,normal,1327,1,1782361002.5230074,0.0019299983978271484
202524,normal,774,2,1782361002.524875,0.001867532730102539
202525,normal,2465,0,1782361002.5270298,0.002154827117919922
202526,normal,1492,0,1782361002.5289698,0.001940011978149414
202527,normal,826,2,1782361002.5310853,0.002115488052368164
202528,normal,779,2,1782361002.53311,0.0020246505737304688
202529,normal,3248,1,1782361002.5348344,0.0017244815826416016
202530,normal,1555,0,1782361002.5370417,0.0022072792053222656
202531,normal,2376,0,1782361002.5390503,0.002008676528930664
202532,normal,3336,1,1782361002.5409484,0.001898050308227539
202533,normal,2935,0,1782361002.5430553,0.002106904983520508
202534,normal,927,2,1782361002.5450585,0.002003192901611328
202535,normal,2727,0,1782361002.5469716,0.0019130706787109375
202536,normal,2971,0,1782361002.5490632,0.002091646194458008
202537,normal,507,0,1782361002.551021,0.0019578933715820312
202538,normal,36,0,1782361002.5529175,0.0018963813781738281
202539,normal,2536,0,1782361002.5550208,0.0021033287048339844
202540,normal,29,0,1782361002.5570202,0.001999378204345703
202541,normal,1511,0,1782361002.5589156,0.0018954277038574219
202542,normal,1670,0,1782361002.5610595,0.00214385986328125
202543,normal,1691,0,1782361002.5630822,0.0020227432250976562
202544,normal,1293,0,1782361002.565149,0.0020668506622314453
202545,normal,393,0,1782361002.5668507,0.0017015933990478516
202546,normal,1456,0,1782361002.5690432,0.0021924972534179688
202547,normal,571,0,1782361002.570979,0.0019359588623046875
202548,normal,2380,0,1782361002.573036,0.0020568370819091797
202549,normal,34,0,1782361002.575006,0.001970052719116211
202550,normal,2013,0,1782361002.5769064,0.0019004344940185547
202551,normal,2004,0,1782361002.5790057,0.002099275588989258
202552,normal,846,2,1782361002.5811398,0.002134084701538086
202553,normal,2873,0,1782361002.5829089,0.0017690658569335938
202554,normal,1602,0,1782361002.5850918,0.0021829605102539062
202555,normal,380,0,1782361002.5871108,0.0020189285278320312
202556,normal,3494,0,1782361002.5890956,0.001984834671020508
202557,normal,1810,0,1782361002.5910385,0.0019428730010986328
202558,normal,1425,0,1782361002.5931327,0.002094268798828125
202559,normal,2162,0,1782361002.595004,0.001871347427368164
202560,normal,3162,1,1782361002.597102,0.0020978450775146484
202561,normal,3591,0,1782361002.5989678,0.0018658638000488281
202562,normal,520,0,1782361002.6009114,0.0019435882568359375
202563,normal,3050,1,1782361002.602994,0.0020825862884521484
202564,normal,2936,0,1782361002.6050005,0.00200653076171875
202565,normal,390,0,1782361002.6069565,0.0019559860229492188
202566,normal,3145,1,1782361002.6091042,0.002147674560546875
202567,normal,1191,0,1782361002.610989,0.0018849372863769531
202568,normal,2067,0,1782361002.6128974,0.0019083023071289062
202569,normal,1559,0,1782361002.614995,0.002097606658935547
202570,normal,1933,0,1782361002.6177404,0.002745389938354492
202571,normal,1249,0,1782361002.6191134,0.0013730525970458984
202572,normal,721,0,1782361002.6209214,0.0018079280853271484
202573,normal,546,0,1782361002.6230035,0.0020821094512939453
202574,normal,725,0,1782361002.624914,0.0019104480743408203
202575,normal,2751,0,1782361002.6270185,0.002104520797729492
202576,normal,3046,1,1782361002.6290593,0.002040863037109375
202577,normal,2738,0,1782361002.6309624,0.0019030570983886719
202578,normal,3060,1,1782361002.6331506,0.0021882057189941406
202579,normal,116,0,1782361002.6348963,0.0017457008361816406
202580,normal,795,2,1782361002.6370163,0.0021200180053710938
202581,normal,378,0,1782361002.6389318,0.0019154548645019531
202582,normal,230,0,1782361002.6410248,0.002093076705932617
202583,normal,1273,0,1782361002.6429305,0.001905679702758789
202584,normal,2722,0,1782361002.6452334,0.002302885055541992
202585,normal,2816,0,1782361002.6470823,0.0018489360809326172
202586,normal,1130,0,1782361002.648913,0.0018305778503417969
202587,normal,28,0,1782361002.6510901,0.0021772384643554688
202588,normal,1041,0,1782361002.6530917,0.002001523971557617
202589,normal,1593,0,1782361002.6550233,0.0019316673278808594
202590,normal,2297,0,1782361002.6568177,0.0017943382263183594
202591,normal,1780,0,1782361002.6594388,0.002621173858642578
202592,normal,3318,1,1782361002.6610074,0.0015685558319091797
202593,normal,1236,0,1782361002.6629725,0.001965045928955078
202594,normal,2799,0,1782361002.6651428,0.0021703243255615234
202595,normal,3058,1,1782361002.6671946,0.002051830291748047
202596,normal,443,0,1782361002.668862,0.0016674995422363281
202597,normal,904,2,1782361002.6710002,0.0021381378173828125
202598,normal,1981,0,1782361002.672905,0.0019047260284423828
202599,normal,3164,1,1782361002.675008,0.002103090286254883
202600,normal,3648,0,1782361002.6770854,0.002077341079711914
202601,normal,3202,1,1782361002.6789203,0.001834869384765625
202602,normal,2331,0,1782361002.6810138,0.0020935535430908203
202603,normal,2641,0,1782361002.6830058,0.0019919872283935547
202604,normal,2638,0,1782361002.684941,0.0019352436065673828
202605,normal,457,0,1782361002.6869016,0.0019605159759521484
202606,normal,2313,0,1782361002.6890855,0.0021839141845703125
202607,normal,2431,0,1782361002.690943,0.0018575191497802734
202608,normal,3467,0,1782361002.6930149,0.002071857452392578
202609,normal,2310,0,1782361002.6950731,0.002058267593383789
202610,normal,1737,0,1782361002.6969695,0.0018963813781738281
202611,normal,1244,0,1782361002.6991158,0.0021462440490722656
202612,normal,537,0,1782361002.7008822,0.0017664432525634766
202613,normal,351,0,1782361002.7030303,0.002148151397705078
202614,normal,1804,0,1782361002.7049341,0.0019037723541259766
202615,normal,2342,0,1782361002.707043,0.0021088123321533203
202616,normal,1418,0,1782361002.7089663,0.0019233226776123047
202617,normal,3127,1,1782361002.7110512,0.002084970474243164
202618,normal,3690,0,1782361002.7130835,0.0020322799682617188
202619,normal,3412,0,1782361002.714891,0.0018074512481689453
202620,normal,350,0,1782361002.7170389,0.0021479129791259766
202621,normal,1625,0,1782361002.7190154,0.001976490020751953
202622,normal,2592,0,1782361002.7209134,0.001898050308227539
202623,normal,1552,0,1782361002.7230127,0.002099275588989258
202624,normal,179,0,1782361002.7250133,0.002000570297241211
202625,normal,3698,0,1782361002.7269351,0.0019218921661376953
202626,normal,1007,2,1782361002.7290723,0.0021371841430664062
202627,normal,3392,1,1782361002.7313285,0.002256155014038086
202628,normal,1151,0,1782361002.732852,0.0015234947204589844
202629,normal,3200,1,1782361002.7350311,0.0021791458129882812
202630,normal,1922,0,1782361002.7370415,0.002010345458984375
202631,normal,1651,0,1782361002.7389565,0.00191497802734375
202632,normal,31,0,1782361002.7410054,0.002048969268798828
202633,normal,2280,0,1782361002.7430093,0.002003908157348633
202634,normal,2906,0,1782361002.7449062,0.0018968582153320312
202635,normal,2733,0,1782361002.7470853,0.0021791458129882812
202636,normal,1677,0,1782361002.7490754,0.001990079879760742
202637,normal,1061,0,1782361002.7509794,0.0019040107727050781
202638,normal,2495,0,1782361002.7531338,0.0021543502807617188
202639,normal,881,2,1782361002.7551808,0.0020470619201660156
202640,normal,1642,0,1782361002.7571032,0.0019223690032958984
202641,normal,315,0,1782361002.7590077,0.0019044876098632812
202642,normal,1155,0,1782361002.7611306,0.0021228790283203125
202643,normal,1208,0,1782361002.763197,0.002066373825073242
202644,normal,2776,0,1782361002.7648385,0.0016415119171142578
202645,normal,360,0,1782361002.766998,0.002159595489501953
202646,normal,1752,0,1782361002.7688582,0.0018601417541503906
202647,normal,2956,0,1782361002.7708673,0.002009153366088867
202648,normal,679,0,1782361002.7732096,0.00234222412109375
202649,normal,2927,0,1782361002.7748175,0.0016078948974609375
202650,normal,1053,0,1782361002.7770026,0.0021851062774658203
202651,normal,2867,0,1782361002.7790093,0.0020067691802978516
202652,normal,3443,0,1782361002.7809045,0.0018951892852783203
202653,normal,1268,0,1782361002.7833388,0.002434253692626953
202654,normal,3325,1,1782361002.785128,0.0017893314361572266
202655,normal,224,0,1782361002.7869964,0.0018682479858398438
202656,normal,46,0,1782361002.789051,0.0020546913146972656
202657,normal,1727,0,1782361002.7910087,0.0019576549530029297
202658,normal,2543,0,1782361002.7929137,0.0019049644470214844
202659,normal,3402,0,1782361002.7950635,0.002149820327758789
202660,normal,1881,0,1782361002.797988,0.0029244422912597656
202661,normal,295,0,1782361002.798951,0.0009629726409912109
202662,normal,928,2,1782361002.8012016,0.00225067138671875
202663,normal,2334,0,1782361002.802894,0.0016925334930419922
202664,normal,2448,0,1782361002.8050401,0.002146005630493164
202665,normal,2078,0,1782361002.8069286,0.0018885135650634766
202666,normal,1538,0,1782361002.80902,0.0020914077758789062
202667,normal,189,0,1782361002.8109303,0.0019102096557617188
202668,normal,2256,0,1782361002.8130827,0.0021524429321289062
202669,normal,3039,0,1782361002.815383,0.002300262451171875
202670,normal,383,0,1782361002.816956,0.0015730857849121094
202671,normal,1722,0,1782361002.8190088,0.002052783966064453
202672,normal,2184,0,1782361002.821058,0.0020492076873779297
202673,normal,334,0,1782361002.8230243,0.001966238021850586
202674,normal,720,0,1782361002.8248615,0.0018372535705566406
202675,normal,2664,0,1782361002.8271806,0.0023190975189208984
202676,normal,558,0,1782361002.82905,0.0018694400787353516
202677,normal,825,2,1782361002.8310156,0.0019655227661132812
202678,normal,2914,0,1782361002.8329606,0.0019450187683105469
202679,normal,3493,0,1782361002.8352008,0.0022401809692382812
202680,normal,1463,0,1782361002.8370562,0.0018553733825683594
202681,normal,105,0,1782361002.8389258,0.0018696784973144531
202682,normal,3374,1,1782361002.840907,0.0019812583923339844
202683,normal,910,2,1782361002.8430188,0.002111673355102539
202684,normal,1828,0,1782361002.8450265,0.002007722854614258
202685,normal,3165,1,1782361002.8469248,0.0018982887268066406
202686,normal,2532,0,1782361002.849013,0.002088308334350586
202687,normal,3256,1,1782361002.8509939,0.0019807815551757812
202688,normal,3621,0,1782361002.8529282,0.0019342899322509766
202689,normal,2813,0,1782361002.855055,0.002126932144165039
202690,normal,981,2,1782361002.8571012,0.0020461082458496094
202691,normal,3129,1,1782361002.8589146,0.0018134117126464844
202692,normal,357,0,1782361002.8609939,0.0020792484283447266
202693,normal,2017,0,1782361002.8630512,0.002057313919067383
202694,normal,356,0,1782361002.864954,0.0019028186798095703
202695,normal,1590,0,1782361002.8670828,0.0021288394927978516
202696,normal,837,2,1782361002.8690612,0.0019783973693847656
202697,normal,2039,0,1782361002.8709128,0.0018515586853027344
202698,normal,2691,0,1782361002.8730555,0.002142667770385742
202699,normal,1791,0,1782361002.8750358,0.001980304718017578
202700,normal,2089,0,1782361002.8769362,0.0019004344940185547
202701,normal,2810,0,1782361002.8789756,0.0020394325256347656
202702,normal,975,2,1782361002.881058,0.002082347869873047
202703,normal,1364,1,1782361002.883013,0.0019550323486328125
202704,normal,1944,0,1782361002.8848565,0.0018434524536132812
202705,normal,248,0,1782361002.887014,0.002157449722290039
202706,normal,1854,0,1782361002.8889158,0.001901865005493164
202707,normal,1299,0,1782361002.8910148,0.0020990371704101562
202708,normal,1606,0,1782361002.8930259,0.0020110607147216797
202709,normal,3255,1,1782361002.894937,0.001911163330078125
202710,normal,2171,0,1782361002.8970773,0.0021402835845947266
202711,normal,3269,1,1782361002.899088,0.0020105838775634766
202712,normal,320,0,1782361002.9009206,0.001832723617553711
202713,normal,159,0,1782361002.9030695,0.002148866653442383
202714,normal,2102,0,1782361002.9050417,0.001972198486328125
202715,normal,1623,0,1782361002.9069436,0.001901865005493164
202716,normal,2677,0,1782361002.9090538,0.0021102428436279297
202717,normal,1709,0,1782361002.9110074,0.001953601837158203
202718,normal,2202,0,1782361002.91292,0.0019125938415527344
202719,normal,337,0,1782361002.9150088,0.002088785171508789
202720,normal,3244,1,1782361002.9170678,0.0020589828491210938
202721,normal,2293,0,1782361002.9190059,0.0019381046295166016
202722,normal,1010,2,1782361002.9210126,0.0020067691802978516
202723,normal,862,2,1782361002.923147,0.0021343231201171875
202724,normal,2989,0,1782361002.9249713,0.0018243789672851562
202725,normal,2216,0,1782361002.9271486,0.0021772384643554688
202726,normal,831,2,1782361002.929086,0.0019373893737792969
202727,normal,279,0,1782361002.9311068,0.0020208358764648438
202728,normal,1083,0,1782361002.9329948,0.0018880367279052734
202729,normal,683,0,1782361002.9349961,0.0020012855529785156
202730,normal,1495,0,1782361002.9368794,0.0018832683563232422
202731,normal,663,0,1782361002.9390006,0.0021212100982666016
202732,normal,2517,0,1782361002.941001,0.0020003318786621094
202733,normal,3073,1,1782361002.9430346,0.002033710479736328
202734,normal,3572,0,1782361002.9448116,0.0017769336700439453
202735,normal,3024,0,1782361002.9469955,0.0021839141845703125
202736,normal,4,0,1782361002.9488974,0.001901865005493164
202737,normal,950,2,1782361002.9510052,0.002107858657836914
202738,normal,2943,0,1782361002.9536963,0.002691030502319336
202739,normal,2420,0,1782361002.9551573,0.001461029052734375
202740,normal,3418,0,1782361002.95692,0.0017626285552978516
202741,normal,3605,0,1782361002.9591153,0.0021953582763671875
202742,normal,1385,0,1782361002.960916,0.0018007755279541016
202743,normal,2260,0,1782361002.9630227,0.0021066665649414062
202744,normal,554,0,1782361002.9651158,0.002093076705932617
202745,normal,3108,1,1782361002.9669368,0.0018210411071777344
202746,normal,3576,0,1782361002.9690008,0.0020639896392822266
202747,normal,1778,0,1782361002.971016,0.0020151138305664062
202748,normal,3066,1,1782361002.9729152,0.0018992424011230469
202749,normal,352,0,1782361002.9750283,0.0021131038665771484
202750,normal,2472,0,1782361002.977034,0.0020058155059814453
202751,normal,2957,0,1782361002.9789817,0.001947641372680664
202752,normal,836,2,1782361002.9810243,0.002042531967163086
202753,normal,428,0,1782361002.98302,0.0019958019256591797
202754,normal,2279,0,1782361002.9850667,0.0020465850830078125
202755,normal,3439,0,1782361002.9874458,0.002379179000854492
202756,normal,1819,0,1782361002.9890268,0.001580953598022461
202757,normal,421,0,1782361002.9909394,0.0019125938415527344
202758,normal,2197,0,1782361002.9929328,0.001993417739868164
202759,normal,597,0,1782361002.9950557,0.0021228790283203125
202760,normal,3118,1,1782361002.9969754,0.0019197463989257812
202761,normal,3183,1,1782361002.9991045,0.002129077911376953
202762,normal,2893,0,1782361003.0012302,0.0021257400512695312
202763,normal,1251,0,1782361003.0029163,0.00168609619140625
202764,normal,1682,0,1782361003.0053244,0.0024080276489257812
202765,normal,3477,0,1782361003.0073874,0.0020630359649658203
202766,normal,1453,0,1782361003.008912,0.0015246868133544922
202767,normal,2203,0,1782361003.0109951,0.0020830631256103516
202768,normal,634,0,1782361003.0130074,0.0020122528076171875
202769,normal,3615,0,1782361003.014932,0.0019245147705078125
202770,normal,1440,0,1782361003.017022,0.002089977264404297
202771,normal,1378,1,1782361003.0190082,0.001986265182495117
202772,normal,2687,0,1782361003.02091,0.001901865005493164
202773,normal,188,0,1782361003.0230114,0.002101421356201172
202774,normal,1448,0,1782361003.0250518,0.002040386199951172
202775,normal,602,0,1782361003.026991,0.0019390583038330078
202776,normal,2147,0,1782361003.029108,0.002117156982421875
202777,normal,74,0,1782361003.0309737,0.0018656253814697266
202778,normal,699,0,1782361003.0329463,0.001972675323486328
202779,normal,3133,1,1782361003.0350585,0.002112150192260742
202780,normal,2437,0,1782361003.0370743,0.002015829086303711
202781,normal,3006,0,1782361003.03897,0.0018956661224365234
202782,normal,649,0,1782361003.0410006,0.002030611038208008
202783,normal,861,2,1782361003.043041,0.002040386199951172
202784,normal,3091,1,1782361003.044937,0.001895904541015625
202785,normal,749,0,1782361003.0469625,0.002025604248046875
202786,normal,1398,0,1782361003.049054,0.0020914077758789062
202787,normal,3230,1,1782361003.0509434,0.0018894672393798828
202788,normal,508,0,1782361003.0531073,0.0021638870239257812
202789,normal,66,0,1782361003.0549853,0.0018780231475830078
202790,normal,1475,0,1782361003.056915,0.0019297599792480469
202791,normal,2760,0,1782361003.0590138,0.0020987987518310547
202792,normal,1985,0,1782361003.06102,0.002006053924560547
202793,normal,177,0,1782361003.0629153,0.0018954277038574219
202794,normal,121,0,1782361003.0650442,0.0021288394927978516
202795,normal,139,0,1782361003.0670774,0.002033233642578125
202796,normal,1815,0,1782361003.0689902,0.001912832260131836
202797,normal,70,0,1782361003.0710354,0.002045154571533203
202798,normal,3470,0,1782361003.0730712,0.002035856246948242
202799,normal,2367,0,1782361003.074938,0.0018668174743652344
202800,normal,2987,0,1782361003.0770504,0.0021123886108398438
202801,normal,246,0,1782361003.0789735,0.0019230842590332031
202802,normal,569,0,1782361003.0809078,0.0019342899322509766
202803,normal,3226,1,1782361003.083006,0.00209808349609375
202804,normal,1255,0,1782361003.0850134,0.0020074844360351562
202805,normal,920,2,1782361003.0870051,0.001991748809814453
202806,normal,2857,0,1782361003.0889363,0.0019311904907226562
202807,normal,2186,0,1782361003.0911076,0.0021712779998779297
202808,normal,1960,0,1782361003.0930128,0.001905202865600586
202809,normal,847,2,1782361003.0950668,0.002053976058959961
202810,normal,370,0,1782361003.0971715,0.0021047592163085938
202811,normal,2569,0,1782361003.098904,0.0017323493957519531
202812,normal,1295,0,1782361003.1011631,0.0022592544555664062
202813,normal,2265,0,1782361003.103227,0.002063751220703125
202814,normal,1167,0,1782361003.1048226,0.0015957355499267578
202815,normal,2748,0,1782361003.1070085,0.002185821533203125
202816,normal,3538,0,1782361003.108996,0.001987457275390625
202817,normal,1022,2,1782361003.1108947,0.0018987655639648438
202818,normal,310,0,1782361003.1131907,0.002295970916748047
202819,normal,760,0,1782361003.11484,0.0016493797302246094
202820,normal,3466,0,1782361003.1169925,0.0021524429321289062
202821,normal,359,0,1782361003.118892,0.0018994808197021484
202822,normal,111,0,1782361003.1209927,0.002100706100463867
202823,normal,3252,1,1782361003.1236107,0.002618074417114258
202824,normal,2405,0,1782361003.125314,0.0017032623291015625
202825,normal,2223,0,1782361003.126904,0.0015900135040283203
202826,normal,75,0,1782361003.1289864,0.002082347869873047
202827,normal,854,2,1782361003.1309159,0.0019295215606689453
202828,normal,951,2,1782361003.1330228,0.002106904983520508
202829,normal,3038,0,1782361003.134963,0.0019402503967285156
202830,normal,3709,0,1782361003.1372316,0.002268552780151367
202831,normal,3610,0,1782361003.1388252,0.0015935897827148438
202832,normal,840,2,1782361003.1410072,0.0021820068359375
202833,normal,1156,0,1782361003.1429138,0.0019066333770751953
202834,normal,2124,0,1782361003.1450284,0.002114534378051758
202835,normal,2773,0,1782361003.146942,0.0019135475158691406
202836,normal,1442,0,1782361003.1490555,0.0021135807037353516
202837,normal,2992,0,1782361003.1512208,0.0021653175354003906
202838,normal,90,0,1782361003.152893,0.0016722679138183594
202839,normal,1863,0,1782361003.15505,0.002156972885131836
202840,normal,915,2,1782361003.1571438,0.002093791961669922
202841,normal,2613,0,1782361003.1588862,0.0017423629760742188
202842,normal,876,2,1782361003.1609426,0.0020563602447509766
202843,normal,3465,0,1782361003.1633291,0.0023865699768066406
202844,normal,2468,0,1782361003.1649792,0.001650094985961914
202845,normal,858,2,1782361003.1669278,0.0019485950469970703
202846,normal,2959,0,1782361003.169179,0.002251148223876953
202847,normal,1536,0,1782361003.1711063,0.0019273757934570312
202848,normal,1483,0,1782361003.1728637,0.0017573833465576172
202849,normal,3000,0,1782361003.1750078,0.0021440982818603516
202850,normal,1629,0,1782361003.1769145,0.0019066333770751953
202851,normal,3362,1,1782361003.17902,0.0021054744720458984
202852,normal,115,0,1782361003.1810203,0.0020003318786621094
202853,normal,691,0,1782361003.182911,0.0018906593322753906
202854,normal,2092,0,1782361003.1849153,0.002004384994506836
202855,normal,1738,0,1782361003.18701,0.002094745635986328
202856,normal,604,0,1782361003.1889484,0.0019383430480957031
202857,normal,1501,0,1782361003.1911128,0.0021643638610839844
202858,normal,988,2,1782361003.192909,0.0017962455749511719
202859,normal,89,0,1782361003.1950278,0.002118825912475586
202860,normal,1669,0,1782361003.196918,0.0018901824951171875
202861,normal,907,2,1782361003.1990983,0.002180337905883789
202862,normal,2105,0,1782361003.2008898,0.0017914772033691406
202863,normal,1360,1,1782361003.203017,0.0021271705627441406
202864,normal,2948,0,1782361003.2049446,0.0019276142120361328
202865,normal,605,0,1782361003.2069373,0.0019927024841308594
202866,normal,2170,0,1782361003.2089345,0.001997232437133789
202867,normal,2385,0,1782361003.2110388,0.0021042823791503906
202868,normal,3627,0,1782361003.21294,0.0019011497497558594
202869,normal,2539,0,1782361003.2149565,0.0020165443420410156
202870,normal,3065,1,1782361003.2171204,0.0021638870239257812
202871,normal,3606,0,1782361003.218858,0.0017375946044921875
202872,normal,655,0,1782361003.2210047,0.0021467208862304688
202873,normal,2926,0,1782361003.22302,0.002015352249145508
202874,normal,1121,0,1782361003.2249315,0.0019114017486572266
202875,normal,1659,0,1782361003.2270298,0.0020983219146728516
202876,normal,1450,0,1782361003.229021,0.00199127197265625
202877,normal,926,2,1782361003.2309573,0.001936197280883789
202878,normal,1888,0,1782361003.2329605,0.002003192901611328
202879,normal,1476,0,1782361003.235114,0.002153635025024414
202880,normal,1904,0,1782361003.236901,0.001786947250366211
202881,normal,2787,0,1782361003.2389376,0.002036571502685547
202882,normal,3135,1,1782361003.2410438,0.002106189727783203
202883,normal,203,0,1782361003.2429566,0.001912832260131836
202884,normal,1014,2,1782361003.2449036,0.0019469261169433594
202885,normal,1506,0,1782361003.247006,0.002102375030517578
202886,normal,3531,0,1782361003.2489076,0.0019016265869140625
202887,normal,856,2,1782361003.2509074,0.0019998550415039062
202888,normal,3397,1,1782361003.2532265,0.0023190975189208984
202889,normal,285,0,1782361003.2549076,0.0016810894012451172
202890,normal,674,0,1782361003.2570515,0.00214385986328125
202891,normal,1564,0,1782361003.2591693,0.0021178722381591797
202892,normal,3246,1,1782361003.2610269,0.0018575191497802734
202893,normal,2412,0,1782361003.263042,0.0020151138305664062
202894,normal,2919,0,1782361003.265153,0.0021109580993652344
202895,normal,2608,0,1782361003.2670205,0.001867532730102539
202896,normal,971,2,1782361003.2689018,0.0018813610076904297
202897,normal,1373,1,1782361003.270998,0.0020961761474609375
202898,normal,1878,0,1782361003.272898,0.0018999576568603516
202899,normal,1278,0,1782361003.274996,0.00209808349609375
202900,normal,2381,0,1782361003.2771401,0.0021440982818603516
202901,normal,3206,1,1782361003.2788126,0.001672506332397461
202902,normal,2328,0,1782361003.280994,0.0021812915802001953
202903,normal,2207,0,1782361003.2829957,0.0020017623901367188
202904,normal,510,0,1782361003.2849078,0.0019121170043945312
202905,normal,1306,0,1782361003.287845,0.0029370784759521484
202906,normal,1503,0,1782361003.2891169,0.001271963119506836
202907,normal,1872,0,1782361003.2908595,0.0017426013946533203
202908,normal,2206,0,1782361003.2930138,0.0021543502807617188
202909,normal,1473,0,1782361003.2950222,0.0020084381103515625
202910,normal,103,0,1782361003.2969258,0.001903533935546875
202911,normal,610,0,1782361003.2990735,0.002147674560546875
202912,normal,1517,0,1782361003.3011642,0.0020906925201416016
202913,normal,45,0,1782361003.3028255,0.0016613006591796875
202914,normal,453,0,1782361003.305006,0.0021805763244628906
202915,normal,1858,0,1782361003.3070233,0.0020172595977783203
202916,normal,1982,0,1782361003.309019,0.0019958019256591797
202917,normal,1790,0,1782361003.310943,0.0019237995147705078
202918,normal,2167,0,1782361003.3130906,0.002147674560546875
202919,normal,1655,0,1782361003.3150196,0.0019290447235107422
202920,normal,389,0,1782361003.3169942,0.0019745826721191406
202921,normal,3380,1,1782361003.319033,0.002038717269897461
202922,normal,3620,0,1782361003.321047,0.00201416015625
202923,normal,131,0,1782361003.3229058,0.0018587112426757812
202924,normal,3556,0,1782361003.3250747,0.002168893814086914
202925,normal,172,0,1782361003.327243,0.002168416976928711
202926,normal,1891,0,1782361003.32898,0.0017368793487548828
202927,normal,2452,0,1782361003.3310378,0.002057790756225586
202928,normal,3541,0,1782361003.333024,0.001986265182495117
202929,normal,2165,0,1782361003.3351283,0.0021042823791503906
202930,normal,2237,0,1782361003.3369765,0.0018482208251953125
202931,normal,282,0,1782361003.3389215,0.0019450187683105469
202932,normal,1404,0,1782361003.3410175,0.002095937728881836
202933,normal,1712,0,1782361003.3430338,0.002016305923461914
202934,normal,2111,0,1782361003.3449185,0.0018846988677978516
202935,normal,2763,0,1782361003.3470156,0.0020971298217773438
202936,normal,3547,0,1782361003.3489933,0.001977682113647461
202937,normal,3429,0,1782361003.3508568,0.0018634796142578125
202938,normal,2713,0,1782361003.3531482,0.002291440963745117
202939,normal,855,2,1782361003.355076,0.0019278526306152344
202940,normal,1757,0,1782361003.3569944,0.0019183158874511719
202941,normal,3405,0,1782361003.3590052,0.002010822296142578
202942,normal,2304,0,1782361003.361033,0.002027750015258789
202943,normal,1861,0,1782361003.3629527,0.0019197463989257812
202944,normal,1846,0,1782361003.365091,0.002138376235961914
202945,normal,963,2,1782361003.3670952,0.0020041465759277344
202946,normal,220,0,1782361003.3688164,0.0017211437225341797
202947,normal,2514,0,1782361003.371039,0.0022225379943847656
202948,normal,482,0,1782361003.3730397,0.0020008087158203125
202949,normal,2860,0,1782361003.3749392,0.0018994808197021484
202950,normal,186,0,1782361003.3770528,0.0021135807037353516
202951,normal,2859,0,1782361003.379064,0.0020112991333007812
202952,normal,3637,0,1782361003.3809965,0.001932382583618164
202953,normal,1513,0,1782361003.3828578,0.0018613338470458984
202954,normal,3540,0,1782361003.3850205,0.0021626949310302734
202955,normal,2793,0,1782361003.386921,0.0019004344940185547
202956,normal,1763,0,1782361003.3890183,0.0020973682403564453
202957,normal,1049,0,1782361003.3910196,0.0020012855529785156
202958,normal,3432,0,1782361003.3929193,0.00189971923828125
202959,normal,2068,0,1782361003.3950663,0.0021469593048095703
202960,normal,3381,1,1782361003.3970327,0.0019664764404296875
202961,normal,1829,0,1782361003.399081,0.0020482540130615234
202962,normal,2446,0,1782361003.4012122,0.002131223678588867
202963,normal,1179,0,1782361003.402881,0.001668691635131836
202964,normal,2883,0,1782361003.4050395,0.002158641815185547
202965,normal,2061,0,1782361003.4069715,0.001931905746459961
202966,normal,340,0,1782361003.4090064,0.002034902572631836
202967,normal,3334,1,1782361003.4109056,0.0018992424011230469
202968,normal,265,0,1782361003.4130075,0.002101898193359375
202969,normal,3517,0,1782361003.4149723,0.0019648075103759766
202970,normal,2391,0,1782361003.417035,0.0020627975463867188
202971,normal,3203,1,1782361003.4188998,0.0018646717071533203
202972,normal,3240,1,1782361003.4210978,0.0021979808807373047
202973,normal,3062,1,1782361003.4230006,0.0019028186798095703
202974,normal,2145,0,1782361003.425092,0.0020914077758789062
202975,normal,1871,0,1782361003.4271178,0.0020258426666259766
202976,normal,1945,0,1782361003.4290204,0.0019025802612304688
202977,normal,386,0,1782361003.4311135,0.002093076705932617
202978,normal,848,2,1782361003.4330885,0.0019750595092773438
202979,normal,659,0,1782361003.4349048,0.0018162727355957031
202980,normal,2765,0,1782361003.437002,0.0020971298217773438
202981,normal,3290,1,1782361003.4389963,0.0019943714141845703
202982,normal,155,0,1782361003.4409235,0.0019271373748779297
202983,normal,3282,1,1782361003.4430113,0.002087831497192383
202984,normal,2219,0,1782361003.4450004,0.001989126205444336
202985,normal,891,2,1782361003.4468994,0.0018990039825439453
202986,normal,196,0,1782361003.4490023,0.0021028518676757812
202987,normal,24,0,1782361003.4510026,0.0020003318786621094
202988,normal,1962,0,1782361003.4536126,0.0026099681854248047
202989,normal,3518,0,1782361003.4550397,0.0014271736145019531
202990,normal,2377,0,1782361003.4570177,0.0019779205322265625
202991,normal,1147,0,1782361003.45892,0.0019023418426513672
202992,normal,812,2,1782361003.4610138,0.002093791961669922
202993,normal,2337,0,1782361003.463018,0.0020041465759277344
202994,normal,2422,0,1782361003.4649622,0.0019443035125732422
202995,normal,3486,0,1782361003.4670777,0.002115488052368164
202996,normal,3685,0,1782361003.4691546,0.002076864242553711
202997,normal,1212,0,1782361003.4708269,0.0016722679138183594
202998,normal,1833,0,1782361003.473016,0.002189159393310547
202999,normal,2210,0,1782361003.4750533,0.0020372867584228516
203000,normal,3431,0,1782361003.476928,0.001874685287475586
203001,normal,1775,0,1782361003.4790463,0.002118349075317383
203002,normal,3320,1,1782361003.4812684,0.0022220611572265625
203003,normal,2232,0,1782361003.4830422,0.001773834228515625
203004,normal,911,2,1782361003.4850302,0.001987934112548828
203005,normal,173,0,1782361003.4870627,0.0020325183868408203
203006,normal,373,0,1782361003.489075,0.0020122528076171875
203007,normal,1196,0,1782361003.4909337,0.0018587112426757812
203008,normal,244,0,1782361003.4930081,0.0020744800567626953
203009,normal,1711,0,1782361003.4953508,0.002342700958251953
203010,normal,2970,0,1782361003.497017,0.0016660690307617188
203011,normal,3539,0,1782361003.4990427,0.0020258426666259766
203012,normal,1814,0,1782361003.501058,0.002015352249145508
203013,normal,1840,0,1782361003.5031197,0.002061605453491211
203014,normal,1504,0,1782361003.5049796,0.001859903335571289
203015,normal,445,0,1782361003.5069234,0.001943826675415039
203016,normal,144,0,1782361003.5089197,0.001996278762817383
203017,normal,2072,0,1782361003.5110228,0.002103090286254883
203018,normal,598,0,1782361003.5129337,0.0019109249114990234
203019,normal,3686,0,1782361003.5150132,0.002079486846923828
203020,normal,3401,1,1782361003.5170078,0.001994609832763672
203021,normal,1146,0,1782361003.5189173,0.001909494400024414
203022,normal,366,0,1782361003.5210624,0.002145051956176758
203023,normal,2152,0,1782361003.5230868,0.002024412155151367
203024,normal,2588,0,1782361003.5250266,0.0019397735595703125
203025,normal,3350,1,1782361003.5269089,0.001882314682006836
203026,normal,2629,0,1782361003.5290504,0.0021414756774902344
203027,normal,3120,1,1782361003.530951,0.0019006729125976562
203028,normal,478,0,1782361003.5330842,0.0021331310272216797
203029,normal,2716,0,1782361003.5350804,0.001996278762817383
203030,normal,1905,0,1782361003.5369158,0.0018353462219238281
203031,normal,2986,0,1782361003.5390449,0.002129077911376953
203032,normal,964,2,1782361003.5410414,0.0019965171813964844
203033,normal,3448,0,1782361003.5429325,0.0018911361694335938
203034,normal,2655,0,1782361003.545047,0.002114534378051758
203035,normal,1557,0,1782361003.5470583,0.0020112991333007812
203036,normal,1008,2,1782361003.5489974,0.0019390583038330078
203037,normal,895,2,1782361003.551031,0.002033710479736328
203038,normal,406,0,1782361003.5530202,0.001989126205444336
203039,normal,933,2,1782361003.5549202,0.0018999576568603516
203040,normal,1376,1,1782361003.5570185,0.0020983219146728516
203041,normal,2086,0,1782361003.5590208,0.002002239227294922
203042,normal,146,0,1782361003.5609162,0.0018954277038574219
203043,normal,2,0,1782361003.563058,0.002141714096069336
203044,normal,1556,0,1782361003.5650878,0.002029895782470703
203045,normal,1598,0,1782361003.5670192,0.0019314289093017578
203046,normal,3463,0,1782361003.5689378,0.0019185543060302734
203047,normal,1307,0,1782361003.5710387,0.0021009445190429688
203048,normal,656,0,1782361003.572973,0.0019342899322509766
203049,normal,2866,0,1782361003.5750194,0.002046346664428711
203050,normal,1816,0,1782361003.5769122,0.0018928050994873047
203051,normal,2732,0,1782361003.5790076,0.002095460891723633
203052,normal,1695,0,1782361003.580906,0.0018982887268066406
203053,normal,3032,0,1782361003.5831606,0.0022547245025634766
203054,normal,747,0,1782361003.5848968,0.0017361640930175781
203055,normal,2890,0,1782361003.5871053,0.0022084712982177734
203056,normal,2400,0,1782361003.58916,0.0020546913146972656
203057,normal,701,0,1782361003.5909872,0.001827239990234375
203058,normal,362,0,1782361003.5931087,0.002121448516845703
203059,normal,1177,0,1782361003.5950556,0.0019469261169433594
203060,normal,3170,1,1782361003.5970948,0.002039194107055664
203061,normal,2644,0,1782361003.5989745,0.0018796920776367188
203062,normal,1765,0,1782361003.6010005,0.002026081085205078
203063,normal,2281,0,1782361003.6029139,0.001913309097290039
203064,normal,841,2,1782361003.6050003,0.0020864009857177734
203065,normal,249,0,1782361003.6071672,0.0021669864654541016
203066,normal,387,0,1782361003.608849,0.0016818046569824219
203067,normal,687,0,1782361003.6110039,0.002154827117919922
203068,normal,374,0,1782361003.6129932,0.0019893646240234375
203069,normal,1777,0,1782361003.6149068,0.0019135475158691406
203070,normal,1333,1,1782361003.6170986,0.002191781997680664
203071,normal,1390,0,1782361003.619328,0.002229452133178711
203072,normal,1030,0,1782361003.6208825,0.0015544891357421875
203073,normal,1983,0,1782361003.623123,0.002240419387817383
203074,normal,21,0,1782361003.6249447,0.001821756362915039
203075,normal,2261,0,1782361003.6269257,0.001981019973754883
203076,normal,1914,0,1782361003.6290393,0.0021135807037353516
203077,normal,3389,1,1782361003.6310985,0.0020592212677001953
203078,normal,1509,0,1782361003.6331148,0.002016305923461914
203079,normal,1217,0,1782361003.634889,0.0017740726470947266
203080,normal,3625,0,1782361003.637016,0.0021271705627441406
203081,normal,1830,0,1782361003.6389234,0.0019073486328125
203082,normal,2497,0,1782361003.6410313,0.002107858657836914
203083,normal,2240,0,1782361003.6430357,0.002004384994506836
203084,normal,2198,0,1782361003.6449277,0.00189208984375
203085,normal,3672,0,1782361003.647198,0.002270221710205078
203086,normal,2552,0,1782361003.6490283,0.0018303394317626953
203087,normal,3420,0,1782361003.6509225,0.001894235610961914
203088,normal,978,2,1782361003.6531267,0.0022041797637939453
203089,normal,1912,0,1782361003.6550753,0.0019485950469970703
203090,normal,206,0,1782361003.6569424,0.001867055892944336
203091,normal,2988,0,1782361003.6608577,0.003915309906005859
203092,normal,2453,0,1782361003.6609619,0.00010418891906738281
203093,normal,3597,0,1782361003.6629195,0.0019576549530029297
203094,normal,2501,0,1782361003.6650257,0.002106189727783203
203095,normal,2899,0,1782361003.6673136,0.0022878646850585938
203096,normal,40,0,1782361003.6690547,0.001741170883178711
203097,normal,1312,0,1782361003.6709075,0.0018527507781982422
203098,normal,2292,0,1782361003.6730127,0.002105236053466797
203099,normal,1639,0,1782361003.6749194,0.0019066333770751953
203100,normal,2433,0,1782361003.6770403,0.0021209716796875
203101,normal,3384,1,1782361003.6790278,0.001987457275390625
203102,normal,3645,0,1782361003.6809325,0.0019047260284423828
203103,normal,8,0,1782361003.6830242,0.002091646194458008
203104,normal,738,0,1782361003.6850495,0.0020253658294677734
203105,normal,3101,1,1782361003.6869793,0.0019297599792480469
203106,normal,1918,0,1782361003.6891043,0.0021250247955322266
203107,normal,1319,1,1782361003.6910338,0.0019295215606689453
203108,normal,1144,0,1782361003.6929147,0.0018808841705322266
203109,normal,1489,0,1782361003.695059,0.002144336700439453
203110,normal,3544,0,1782361003.6970644,0.002005338668823242
203111,normal,2271,0,1782361003.698989,0.0019245147705078125
203112,normal,792,2,1782361003.701072,0.0020830631256103516
203113,normal,1550,0,1782361003.703019,0.0019469261169433594
203114,normal,434,0,1782361003.7049553,0.0019364356994628906
203115,normal,1259,0,1782361003.7070448,0.0020895004272460938
203116,normal,1459,0,1782361003.7090478,0.0020029544830322266
203117,normal,731,0,1782361003.710946,0.0018982887268066406
203118,normal,3520,0,1782361003.7131083,0.0021622180938720703
203119,normal,3215,1,1782361003.7150884,0.0019800662994384766
203120,normal,1572,0,1782361003.7168462,0.0017578601837158203
203121,normal,1976,0,1782361003.7190287,0.002182483673095703
203122,normal,716,0,1782361003.721019,0.0019903182983398438
203123,normal,2915,0,1782361003.7229207,0.0019016265869140625
203124,normal,465,0,1782361003.7250264,0.002105712890625
203125,normal,2528,0,1782361003.7270582,0.0020318031311035156
203126,normal,385,0,1782361003.7289863,0.001928091049194336
203127,normal,2720,0,1782361003.7311099,0.002123594284057617
203128,normal,3233,1,1782361003.733053,0.0019431114196777344
203129,normal,2772,0,1782361003.734968,0.00191497802734375
203130,normal,2907,0,1782361003.7370632,0.0020952224731445312
203131,normal,2204,0,1782361003.7390516,0.0019884109497070312
203132,normal,1727,0,1782361035.1832879,0.0
203133,normal,3574,0,1782361035.1853058,0.002017974853515625
203134,normal,27,0,1782361035.1872845,0.001978635787963867
203135,normal,991,2,1782361035.18938,0.002095460891723633
203136,normal,2012,0,1782361035.191508,0.002128124237060547
203137,normal,428,0,1782361035.1934624,0.001954317092895508
203138,normal,1450,0,1782361035.1953573,0.0018949508666992188
203139,normal,500,0,1782361035.1974187,0.0020613670349121094
203140,normal,2400,0,1782361035.1994612,0.002042531967163086
203141,normal,3176,1,1782361035.20132,0.0018587112426757812
203142,normal,648,0,1782361035.2035456,0.002225637435913086
203143,normal,2245,0,1782361035.205553,0.0020074844360351562
203144,normal,2649,0,1782361035.2073736,0.0018205642700195312
203145,normal,2928,0,1782361035.2097378,0.0023641586303710938
203146,normal,842,2,1782361035.2114267,0.0016889572143554688
203147,normal,2829,0,1782361035.2137477,0.002321004867553711
203148,normal,796,2,1782361035.2154388,0.0016911029815673828
203149,normal,1897,0,1782361035.2177126,0.0022737979888916016
203150,normal,581,0,1782361035.2193944,0.0016818046569824219
203151,normal,1070,0,1782361035.2217581,0.0023636817932128906
203152,normal,3184,1,1782361035.2234066,0.0016484260559082031
203153,normal,2202,0,1782361035.2257626,0.0023560523986816406
203154,normal,1083,0,1782361035.2273905,0.0016279220581054688
203155,normal,433,0,1782361035.2297063,0.0023157596588134766
203156,normal,1111,0,1782361035.2314277,0.0017213821411132812
203157,normal,3121,1,1782361035.2335107,0.0020830631256103516
203158,normal,3692,0,1782361035.2357082,0.0021975040435791016
203159,normal,2767,0,1782361035.2373996,0.0016913414001464844
203160,normal,3147,1,1782361035.2396195,0.0022199153900146484
203161,normal,2631,0,1782361035.2417047,0.0020852088928222656
203162,normal,691,0,1782361035.2433906,0.0016858577728271484
203163,normal,642,0,1782361035.24561,0.0022194385528564453
203164,normal,513,0,1782361035.2477071,0.0020971298217773438
203165,normal,3599,0,1782361035.2493923,0.0016851425170898438
203166,normal,1225,0,1782361035.2516236,0.0022313594818115234
203167,normal,3602,0,1782361035.2535355,0.0019118785858154297
203168,normal,2373,0,1782361035.2553966,0.0018610954284667969
203169,normal,1691,0,1782361035.2576156,0.002218961715698242
203170,normal,2706,0,1782361035.2595015,0.0018858909606933594
203171,normal,151,0,1782361035.2615373,0.002035856246948242
203172,normal,1035,0,1782361035.263462,0.001924753189086914
203173,normal,1724,0,1782361035.2657316,0.0022695064544677734
203174,normal,1293,0,1782361035.2673924,0.0016608238220214844
203175,normal,93,0,1782361035.2696161,0.0022237300872802734
203176,normal,1780,0,1782361035.2715113,0.0018951892852783203
203177,normal,2324,0,1782361035.273541,0.0020296573638916016
203178,normal,1932,0,1782361035.2754686,0.0019276142120361328
203179,normal,3668,0,1782361035.27774,0.002271413803100586
203180,normal,178,0,1782361035.2794046,0.0016646385192871094
203181,normal,761,0,1782361035.2817118,0.0023071765899658203
203182,normal,1204,0,1782361035.2835097,0.0017979145050048828
203183,normal,2037,0,1782361035.2855496,0.0020399093627929688
203184,normal,1763,0,1782361035.2874749,0.0019252300262451172
203185,normal,2199,0,1782361035.2897692,0.002294301986694336
203186,normal,368,0,1782361035.291417,0.0016477108001708984
203187,normal,274,0,1782361035.2934628,0.002045869827270508
203188,normal,2146,0,1782361035.2957196,0.0022568702697753906
203189,normal,759,0,1782361035.2974768,0.0017571449279785156
203190,normal,2057,0,1782361035.2993615,0.0018846988677978516
203191,normal,1682,0,1782361035.3017762,0.002414703369140625
203192,normal,3691,0,1782361035.3033762,0.001600027084350586
203193,normal,1883,0,1782361035.305787,0.002410888671875
203194,normal,1395,0,1782361035.3075223,0.0017352104187011719
203195,normal,2664,0,1782361035.3095639,0.0020415782928466797
203196,normal,1543,0,1782361035.3115802,0.002016305923461914
203197,normal,2687,0,1782361035.313708,0.0021278858184814453
203198,normal,2322,0,1782361035.3154109,0.0017027854919433594
203199,normal,1072,0,1782361035.317577,0.0021660327911376953
203200,normal,3067,1,1782361035.3197284,0.0021514892578125
203201,normal,2272,0,1782361035.3213987,0.0016703605651855469
203202,normal,3327,1,1782361035.323838,0.002439260482788086
203203,normal,3671,0,1782361035.3255064,0.0016684532165527344
203204,normal,1597,0,1782361035.327547,0.0020406246185302734
203205,normal,315,0,1782361035.3297586,0.0022115707397460938
203206,normal,3393,1,1782361035.3315136,0.0017549991607666016
203207,normal,2820,0,1782361035.3335383,0.0020246505737304688
203208,normal,2846,0,1782361035.3355045,0.001966238021850586
203209,normal,3285,1,1782361035.3377368,0.0022323131561279297
203210,normal,2787,0,1782361035.3393946,0.001657724380493164
203211,normal,799,2,1782361035.3417149,0.0023202896118164062
203212,normal,2608,0,1782361035.343412,0.0016970634460449219
203213,normal,1715,0,1782361035.345736,0.0023241043090820312
203214,normal,371,0,1782361035.3474941,0.0017580986022949219
203215,normal,2897,0,1782361035.3494806,0.0019865036010742188
203216,normal,3214,1,1782361035.35137,0.0018894672393798828
203217,normal,1367,1,1782361035.3534727,0.0021026134490966797
203218,normal,1859,0,1782361035.3555536,0.0020809173583984375
203219,normal,750,0,1782361035.3573694,0.0018157958984375
203220,normal,3245,1,1782361035.359547,0.0021774768829345703
203221,normal,1882,0,1782361035.3613374,0.0017905235290527344
203222,normal,619,0,1782361035.3635142,0.0021767616271972656
203223,normal,1853,0,1782361035.3653972,0.0018830299377441406
203224,normal,870,2,1782361035.3675148,0.002117633819580078
203225,normal,1826,0,1782361035.3693683,0.0018534660339355469
203226,normal,1307,0,1782361035.371536,0.0021677017211914062
203227,normal,2155,0,1782361035.3735557,0.002019643783569336
203228,normal,1408,0,1782361035.375393,0.0018372535705566406
203229,normal,3465,0,1782361035.3777575,0.002364635467529297
203230,normal,1599,0,1782361035.379543,0.0017855167388916016
203231,normal,3079,1,1782361035.3814209,0.0018777847290039062
203232,normal,2722,0,1782361035.3833945,0.0019736289978027344
203233,normal,1578,0,1782361035.3855054,0.0021109580993652344
203234,normal,2822,0,1782361035.3873398,0.0018343925476074219
203235,normal,2828,0,1782361035.3895426,0.002202749252319336
203236,normal,1514,0,1782361035.391327,0.0017843246459960938
203237,normal,1857,0,1782361035.3935025,0.002175569534301758
203238,normal,1816,0,1782361035.3954134,0.0019109249114990234
203239,normal,2319,0,1782361035.3975577,0.002144336700439453
203240,normal,3604,0,1782361035.3993514,0.0017936229705810547
203241,normal,456,0,1782361035.4014935,0.002142190933227539
203242,normal,2618,0,1782361035.403514,0.0020203590393066406
203243,normal,1282,0,1782361035.4053564,0.001842498779296875
203244,normal,1105,0,1782361035.4075487,0.002192258834838867
203245,normal,1321,1,1782361035.4093566,0.0018079280853271484
203246,normal,1784,0,1782361035.411372,0.002015352249145508
203247,normal,1068,0,1782361035.413557,0.0021851062774658203
203248,normal,3376,1,1782361035.4155374,0.001980304718017578
203249,normal,3187,1,1782361035.4173918,0.0018544197082519531
203250,normal,753,0,1782361035.4195588,0.0021669864654541016
203251,normal,2515,0,1782361035.4215348,0.00197601318359375
203252,normal,2738,0,1782361035.4233935,0.0018587112426757812
203253,normal,3306,1,1782361035.4254298,0.0020363330841064453
203254,normal,37,0,1782361035.4279158,0.002485990524291992
203255,normal,1747,0,1782361035.4295433,0.0016274452209472656
203256,normal,3526,0,1782361035.431455,0.0019116401672363281
203257,normal,3510,0,1782361035.4337425,0.002287626266479492
203258,normal,3220,1,1782361035.4353988,0.0016562938690185547
203259,normal,3685,0,1782361035.4375658,0.0021669864654541016
203260,normal,175,0,1782361035.4398592,0.0022933483123779297
203261,normal,1324,1,1782361035.4415338,0.001674652099609375
203262,normal,537,0,1782361035.443438,0.0019042491912841797
203263,normal,1869,0,1782361035.445545,0.002106904983520508
203264,normal,80,0,1782361035.4473767,0.0018317699432373047
203265,normal,1739,0,1782361035.4495041,0.002127408981323242
203266,normal,3153,1,1782361035.4514806,0.001976490020751953
203267,normal,1036,0,1782361035.4533575,0.0018768310546875
203268,normal,2987,0,1782361035.4554768,0.002119302749633789
203269,normal,647,0,1782361035.4574907,0.0020139217376708984
203270,normal,2362,0,1782361035.4593549,0.0018641948699951172
203271,normal,517,0,1782361035.4614494,0.0020945072174072266
203272,normal,2269,0,1782361035.4635527,0.0021033287048339844
203273,normal,1916,0,1782361035.4653282,0.001775503158569336
203274,normal,2064,0,1782361035.4674618,0.002133607864379883
203275,normal,142,0,1782361035.4697337,0.002271890640258789
203276,normal,555,0,1782361035.4713693,0.0016355514526367188
203277,normal,1946,0,1782361035.4735124,0.0021431446075439453
203278,normal,2292,0,1782361035.475552,0.002039670944213867
203279,normal,3201,1,1782361035.4773517,0.0017995834350585938
203280,normal,3243,1,1782361035.4795053,0.002153635025024414
203281,normal,514,0,1782361035.4817443,0.0022389888763427734
203282,normal,2628,0,1782361035.4833593,0.0016150474548339844
203283,normal,710,0,1782361035.4855263,0.0021669864654541016
203284,normal,1686,0,1782361035.4877334,0.002207040786743164
203285,normal,439,0,1782361035.4893553,0.0016219615936279297
203286,normal,2225,0,1782361035.491476,0.0021207332611083984
203287,normal,650,0,1782361035.493763,0.0022869110107421875
203288,normal,2904,0,1782361035.4955544,0.0017914772033691406
203289,normal,1508,0,1782361035.4975562,0.0020017623901367188
203290,normal,314,0,1782361035.499728,0.002171754837036133
203291,normal,3170,1,1782361035.5013933,0.001665353775024414
203292,normal,2978,0,1782361035.5037594,0.0023660659790039062
203293,normal,1939,0,1782361035.5054157,0.0016562938690185547
203294,normal,98,0,1782361035.5077646,0.0023488998413085938
203295,normal,809,2,1782361035.5094645,0.0016999244689941406
203296,normal,1593,0,1782361035.5117273,0.0022628307342529297
203297,normal,789,2,1782361035.513389,0.0016617774963378906
203298,normal,757,0,1782361035.5155632,0.0021741390228271484
203299,normal,3460,0,1782361035.5175269,0.0019636154174804688
203300,normal,2282,0,1782361035.519522,0.001995086669921875
203301,normal,3656,0,1782361035.5216415,0.0021195411682128906
203302,normal,2024,0,1782361035.5235338,0.0018923282623291016
203303,normal,3350,1,1782361035.5254054,0.0018715858459472656
203304,normal,714,0,1782361035.5278134,0.0024080276489257812
203305,normal,3598,0,1782361035.5294185,0.0016050338745117188
203306,normal,2358,0,1782361035.5317593,0.0023407936096191406
203307,normal,374,0,1782361035.5334773,0.0017180442810058594
203308,normal,866,2,1782361035.5357184,0.0022411346435546875
203309,normal,960,2,1782361035.5375216,0.0018031597137451172
203310,normal,1017,2,1782361035.539718,0.0021963119506835938
203311,normal,3004,0,1782361035.5415611,0.0018432140350341797
203312,normal,1974,0,1782361035.543372,0.0018107891082763672
203313,normal,1118,0,1782361035.545785,0.002413034439086914
203314,normal,1557,0,1782361035.5475302,0.0017452239990234375
203315,normal,2918,0,1782361035.549405,0.0018749237060546875
203316,normal,3054,1,1782361035.5518117,0.002406597137451172
203317,normal,3628,0,1782361035.5534909,0.0016791820526123047
203318,normal,1050,0,1782361035.5555515,0.0020606517791748047
203319,normal,1462,0,1782361035.5575762,0.0020246505737304688
203320,normal,3005,0,1782361035.5597038,0.0021276473999023438
203321,normal,662,0,1782361035.561417,0.0017132759094238281
203322,normal,1649,0,1782361035.5638483,0.002431154251098633
203323,normal,2443,0,1782361035.5654113,0.0015630722045898438
203324,normal,26,0,1782361035.5677726,0.002361297607421875
203325,normal,546,0,1782361035.569491,0.001718282699584961
203326,normal,1385,0,1782361035.5717218,0.0022308826446533203
203327,normal,698,0,1782361035.573397,0.0016751289367675781
203328,normal,2175,0,1782361035.5758255,0.0024285316467285156
203329,normal,813,2,1782361035.5774124,0.0015869140625
203330,normal,1585,0,1782361035.579763,0.0023505687713623047
203331,normal,3083,1,1782361035.5814958,0.0017328262329101562
203332,normal,3446,0,1782361035.58373,0.002234220504760742
203333,normal,547,0,1782361035.5853944,0.0016644001007080078
203334,normal,3102,1,1782361035.5877357,0.0023412704467773438
203335,normal,3647,0,1782361035.589526,0.0017902851104736328
203336,normal,835,2,1782361035.5915358,0.002009868621826172
203337,normal,2772,0,1782361035.593611,0.0020751953125
203338,normal,3010,0,1782361035.5955546,0.0019435882568359375
203339,normal,78,0,1782361035.5975223,0.0019676685333251953
203340,normal,2087,0,1782361035.5997436,0.002221345901489258
203341,normal,2016,0,1782361035.6015186,0.0017750263214111328
203342,normal,452,0,1782361035.6035395,0.0020208358764648438
203343,normal,3559,0,1782361035.6056159,0.002076387405395508
203344,normal,2867,0,1782361035.6076295,0.002013683319091797
203345,normal,604,0,1782361035.6095266,0.0018970966339111328
203346,normal,3151,1,1782361035.6117358,0.002209186553955078
203347,normal,28,0,1782361035.6135209,0.0017850399017333984
203348,normal,1629,0,1782361035.6153893,0.0018684864044189453
203349,normal,3200,1,1782361035.617828,0.0024385452270507812
203350,normal,425,0,1782361035.6194117,0.0015838146209716797
203351,normal,2704,0,1782361035.6217694,0.0023577213287353516
203352,normal,65,0,1782361035.623479,0.0017094612121582031
203353,normal,621,0,1782361035.6257217,0.0022428035736083984
203354,normal,1388,0,1782361035.6273906,0.0016689300537109375
203355,normal,1202,0,1782361035.629767,0.0023763179779052734
203356,normal,38,0,1782361035.63151,0.0017430782318115234
203357,normal,1264,0,1782361035.6334589,0.0019488334655761719
203358,normal,3252,1,1782361035.635547,0.0020880699157714844
203359,normal,2006,0,1782361035.637373,0.0018260478973388672
203360,normal,671,0,1782361035.639527,0.002154111862182617
203361,normal,1174,0,1782361035.6413975,0.0018703937530517578
203362,normal,1754,0,1782361035.6437855,0.00238800048828125
203363,normal,678,0,1782361035.645541,0.0017554759979248047
203364,normal,1159,0,1782361035.6473927,0.001851797103881836
203365,normal,2237,0,1782361035.6497102,0.0023174285888671875
203366,normal,1454,0,1782361035.651391,0.0016808509826660156
203367,normal,3090,1,1782361035.6535406,0.0021495819091796875
203368,normal,2975,0,1782361035.6556365,0.002095937728881836
203369,normal,3244,1,1782361035.6573875,0.001750946044921875
203370,normal,2321,0,1782361035.659564,0.002176523208618164
203371,normal,1302,0,1782361035.6616309,0.0020668506622314453
203372,normal,2885,0,1782361035.6633732,0.0017423629760742188
203373,normal,2114,0,1782361035.6655428,0.0021696090698242188
203374,normal,213,0,1782361035.6677117,0.002168893814086914
203375,normal,87,0,1782361035.669393,0.0016813278198242188
203376,normal,3211,1,1782361035.6715782,0.0021851062774658203
203377,normal,1544,0,1782361035.6737416,0.002163410186767578
203378,normal,2149,0,1782361035.6754863,0.0017447471618652344
203379,normal,187,0,1782361035.6774418,0.0019555091857910156
203380,normal,3222,1,1782361035.6794693,0.0020275115966796875
203381,normal,3676,0,1782361035.6819546,0.0024852752685546875
203382,normal,1478,0,1782361035.6838539,0.0018992424011230469
203383,normal,290,0,1782361035.6853807,0.0015268325805664062
203384,normal,3256,1,1782361035.687747,0.002366304397583008
203385,normal,2807,0,1782361035.6893525,0.0016055107116699219
203386,normal,1743,0,1782361035.69155,0.0021975040435791016
203387,normal,1279,0,1782361035.6932983,0.0017483234405517578
203388,normal,2033,0,1782361035.6954439,0.002145528793334961
203389,normal,3053,1,1782361035.6974525,0.002008676528930664
203390,normal,567,0,1782361035.699398,0.00194549560546875
203391,normal,3207,1,1782361035.701383,0.0019850730895996094
203392,normal,3455,0,1782361035.703512,0.0021288394927978516
203393,normal,680,0,1782361035.7053425,0.0018305778503417969
203394,normal,3068,1,1782361035.7072794,0.0019369125366210938
203395,normal,897,2,1782361035.7093499,0.0020704269409179688
203396,normal,7,0,1782361035.7113194,0.001969575881958008
203397,normal,2276,0,1782361035.7133825,0.0020630359649658203
203398,normal,2961,0,1782361035.7153585,0.00197601318359375
203399,normal,1633,0,1782361035.7173016,0.0019431114196777344
203400,normal,1355,1,1782361035.7193613,0.0020596981048583984
203401,normal,44,0,1782361035.7214622,0.0021009445190429688
203402,normal,564,0,1782361035.7233353,0.001873016357421875
203403,normal,3336,1,1782361035.7254417,0.0021064281463623047
203404,normal,2629,0,1782361035.7274404,0.0019986629486083984
203405,normal,30,0,1782361035.7294407,0.0020003318786621094
203406,normal,1392,0,1782361035.7313032,0.0018625259399414062
203407,normal,3003,0,1782361035.733428,0.002124786376953125
203408,normal,3230,1,1782361035.7353175,0.0018894672393798828
203409,normal,2883,0,1782361035.737334,0.0020165443420410156
203410,normal,0,0,1782361035.739482,0.0021479129791259766
203411,normal,1393,0,1782361035.7413476,0.0018656253814697266
203412,normal,533,0,1782361035.7435281,0.0021805763244628906
203413,normal,1043,0,1782361035.7455513,0.0020232200622558594
203414,normal,2559,0,1782361035.7473712,0.0018198490142822266
203415,normal,3612,0,1782361035.7494597,0.0020885467529296875
203416,normal,1275,0,1782361035.7513893,0.0019295215606689453
203417,normal,112,0,1782361035.753295,0.001905679702758789
203418,normal,1115,0,1782361035.7553976,0.0021026134490966797
203419,normal,2911,0,1782361035.757625,0.0022275447845458984
203420,normal,2360,0,1782361035.7594292,0.0018041133880615234
203421,normal,2811,0,1782361035.7615106,0.0020813941955566406
203422,normal,2547,0,1782361035.7638419,0.002331256866455078
203423,normal,1794,0,1782361035.765559,0.0017170906066894531
203424,normal,3390,1,1782361035.7674854,0.001926422119140625
203425,normal,2778,0,1782361035.7695808,0.002095460891723633
203426,normal,892,2,1782361035.7714283,0.0018475055694580078
203427,normal,1421,0,1782361035.7734375,0.002009153366088867
203428,normal,958,2,1782361035.7754064,0.001968860626220703
203429,normal,3546,0,1782361035.777294,0.0018875598907470703
203430,normal,949,2,1782361035.7793982,0.0021042823791503906
203431,normal,921,2,1782361035.781475,0.002076864242553711
203432,normal,3565,0,1782361035.7832966,0.0018215179443359375
203433,normal,3091,1,1782361035.7853968,0.002100229263305664
203434,normal,52,0,1782361035.7874122,0.002015352249145508
203435,normal,2470,0,1782361035.7892926,0.0018804073333740234
203436,normal,538,0,1782361035.7914732,0.0021805763244628906
203437,normal,3464,0,1782361035.793726,0.002252817153930664
203438,normal,849,2,1782361035.7953339,0.0016078948974609375
203439,normal,3240,1,1782361035.7974188,0.002084970474243164
203440,normal,2431,0,1782361035.7994046,0.001985788345336914
203441,normal,1936,0,1782361035.8013086,0.0019040107727050781
203442,normal,674,0,1782361035.803521,0.0022122859954833984
203443,normal,106,0,1782361035.8055122,0.00199127197265625
203444,normal,1891,0,1782361035.807296,0.0017838478088378906
203445,normal,1210,0,1782361035.8094158,0.002119779586791992
203446,normal,1232,0,1782361035.8114257,0.002009868621826172
203447,normal,2693,0,1782361035.8133357,0.0019099712371826172
203448,normal,989,2,1782361035.8153512,0.0020155906677246094
203449,normal,2183,0,1782361035.817459,0.002107858657836914
203450,normal,330,0,1782361035.819328,0.0018689632415771484
203451,normal,2995,0,1782361035.8214047,0.0020766258239746094
203452,normal,1598,0,1782361035.8237526,0.0023479461669921875
203453,normal,1574,0,1782361035.8260267,0.002274036407470703
203454,normal,2960,0,1782361035.8272893,0.001262664794921875
203455,normal,891,2,1782361035.829398,0.0021085739135742188
203456,normal,1668,0,1782361035.8313012,0.0019032955169677734
203457,normal,214,0,1782361035.833455,0.0021538734436035156
203458,normal,1362,1,1782361035.8355134,0.002058267593383789
203459,normal,785,2,1782361035.8373945,0.0018811225891113281
203460,normal,2361,0,1782361035.8395329,0.002138376235961914
203461,normal,697,0,1782361035.841492,0.001959085464477539
203462,normal,10,0,1782361035.8433132,0.001821279525756836
203463,normal,1781,0,1782361035.8457096,0.0023963451385498047
203464,normal,1090,0,1782361035.8474839,0.0017743110656738281
203465,normal,1228,0,1782361035.8495147,0.0020308494567871094
203466,normal,2770,0,1782361035.851374,0.0018591880798339844
203467,normal,2926,0,1782361035.8535218,0.0021479129791259766
203468,normal,1999,0,1782361035.855395,0.0018732547760009766
203469,normal,2566,0,1782361035.857401,0.0020058155059814453
203470,normal,2424,0,1782361035.85982,0.002418994903564453
203471,normal,1270,0,1782361035.8612788,0.001458883285522461
203472,normal,3423,0,1782361035.86347,0.002191305160522461
203473,normal,3566,0,1782361035.8654435,0.001973390579223633
203474,normal,1893,0,1782361035.8673449,0.001901388168334961
203475,normal,3660,0,1782361035.8694115,0.0020666122436523438
203476,normal,729,0,1782361035.8714514,0.0020399093627929688
203477,normal,1665,0,1782361035.8734114,0.0019600391387939453
203478,normal,172,0,1782361035.8754492,0.0020377635955810547
203479,normal,293,0,1782361035.8774111,0.001961946487426758
203480,normal,2252,0,1782361035.8793116,0.0019004344940185547
203481,normal,2255,0,1782361035.881468,0.002156496047973633
203482,normal,1220,0,1782361035.883442,0.001973867416381836
203483,normal,2763,0,1782361035.8854825,0.0020406246185302734
203484,normal,3403,0,1782361035.8873088,0.0018262863159179688
203485,normal,2015,0,1782361035.889454,0.002145051956176758
203486,normal,591,0,1782361035.891371,0.001917123794555664
203487,normal,154,0,1782361035.893437,0.002065896987915039
203488,normal,2161,0,1782361035.8954024,0.0019655227661132812
203489,normal,1545,0,1782361035.8972921,0.0018897056579589844
203490,normal,397,0,1782361035.8994246,0.002132415771484375
203491,normal,894,2,1782361035.901476,0.0020513534545898438
203492,normal,488,0,1782361035.9033298,0.00185394287109375
203493,normal,220,0,1782361035.9055133,0.0021834373474121094
203494,normal,1351,1,1782361035.9075272,0.0020139217376708984
203495,normal,2485,0,1782361035.9094553,0.001928091049194336
203496,normal,925,2,1782361035.9114006,0.0019452571868896484
203497,normal,1137,0,1782361035.9136035,0.0022029876708984375
203498,normal,3191,1,1782361035.9154212,0.0018177032470703125
203499,normal,3286,1,1782361035.9173994,0.001978158950805664
203500,normal,3354,1,1782361035.919396,0.0019965171813964844
203501,normal,652,0,1782361035.921288,0.00189208984375
203502,normal,506,0,1782361035.9235554,0.0022673606872558594
203503,normal,2310,0,1782361035.9253912,0.0018358230590820312
203504,normal,2391,0,1782361035.9272869,0.0018956661224365234
203505,normal,3232,1,1782361035.9293883,0.002101421356201172
203506,normal,3048,1,1782361035.9313934,0.0020051002502441406
203507,normal,2793,0,1782361035.9341838,0.0027904510498046875
203508,normal,2035,0,1782361035.935456,0.0012722015380859375
203509,normal,6,0,1782361035.937425,0.001968860626220703
203510,normal,2036,0,1782361035.939373,0.0019481182098388672
203511,normal,3581,0,1782361035.9413497,0.0019767284393310547
203512,normal,1651,0,1782361035.943499,0.002149343490600586
203513,normal,2236,0,1782361035.945431,0.001931905746459961
203514,normal,2530,0,1782361035.9474041,0.0019731521606445312
203515,normal,981,2,1782361035.9494066,0.0020024776458740234
203516,normal,3181,1,1782361035.9513168,0.0019102096557617188
203517,normal,1677,0,1782361035.9534354,0.0021185874938964844
203518,normal,3071,1,1782361035.9554358,0.0020003318786621094
203519,normal,1497,0,1782361035.957376,0.0019402503967285156
203520,normal,2338,0,1782361035.9594347,0.002058744430541992
203521,normal,130,0,1782361035.9614244,0.001989603042602539
203522,normal,2567,0,1782361035.9634953,0.002070903778076172
203523,normal,899,2,1782361035.9659238,0.0024285316467285156
203524,normal,1182,0,1782361035.9673254,0.001401662826538086
203525,normal,2464,0,1782361035.9694192,0.002093791961669922
203526,normal,310,0,1782361035.9713879,0.0019686222076416016
203527,normal,111,0,1782361035.973508,0.0021200180053710938
203528,normal,1612,0,1782361035.9753993,0.0018913745880126953
203529,normal,1553,0,1782361035.9774902,0.002090930938720703
203530,normal,1876,0,1782361035.979422,0.001931905746459961
203531,normal,2558,0,1782361035.981463,0.002040863037109375
203532,normal,3084,1,1782361035.9835184,0.0020554065704345703
203533,normal,1952,0,1782361035.9854364,0.0019180774688720703
203534,normal,2930,0,1782361035.9872742,0.0018377304077148438
203535,normal,1154,0,1782361035.989394,0.002119779586791992
203536,normal,831,2,1782361035.991421,0.0020270347595214844
203537,normal,2965,0,1782361035.9933465,0.0019254684448242188
203538,normal,1415,0,1782361035.9954295,0.0020830631256103516
203539,normal,120,0,1782361035.9974303,0.0020008087158203125
203540,normal,1925,0,1782361035.999335,0.0019047260284423828
203541,normal,1921,0,1782361036.0014648,0.002129793167114258
203542,normal,2977,0,1782361036.0034835,0.0020186901092529297
203543,normal,2580,0,1782361036.0053856,0.0019021034240722656
203544,normal,2819,0,1782361036.0073428,0.0019571781158447266
203545,normal,1607,0,1782361036.0094354,0.002092599868774414
203546,normal,1088,0,1782361036.0115,0.0020644664764404297
203547,normal,2597,0,1782361036.013432,0.0019321441650390625
203548,normal,2603,0,1782361036.0157208,0.002288818359375
203549,normal,2680,0,1782361036.0174174,0.0016965866088867188
203550,normal,823,2,1782361036.019338,0.001920461654663086
203551,normal,1515,0,1782361036.0214536,0.0021157264709472656
203552,normal,3463,0,1782361036.0233219,0.0018682479858398438
203553,normal,1001,2,1782361036.0254478,0.002125978469848633
203554,normal,2936,0,1782361036.0274534,0.0020055770874023438
203555,normal,447,0,1782361036.0294006,0.001947164535522461
203556,normal,3258,1,1782361036.0314407,0.0020401477813720703
203557,normal,2699,0,1782361036.033419,0.001978158950805664
203558,normal,927,2,1782361036.035318,0.0018990039825439453
203559,normal,1246,0,1782361036.0374346,0.002116680145263672
203560,normal,3276,1,1782361036.0395267,0.002092123031616211
203561,normal,1314,0,1782361036.041579,0.00205230712890625
203562,normal,1813,0,1782361036.0433264,0.0017473697662353516
203563,normal,1648,0,1782361036.045458,0.0021317005157470703
203564,normal,1643,0,1782361036.047351,0.0018928050994873047
203565,normal,754,0,1782361036.0494375,0.002086639404296875
203566,normal,366,0,1782361036.0514095,0.0019719600677490234
203567,normal,2679,0,1782361036.0532975,0.0018880367279052734
203568,normal,1361,1,1782361036.05541,0.0021123886108398438
203569,normal,540,0,1782361036.0574937,0.0020837783813476562
203570,normal,748,0,1782361036.059385,0.0018913745880126953
203571,normal,2001,0,1782361036.0614965,0.0021114349365234375
203572,normal,2843,0,1782361036.0635612,0.0020647048950195312
203573,normal,1178,0,1782361036.0654044,0.0018432140350341797
203574,normal,874,2,1782361036.0675676,0.0021631717681884766
203575,normal,2173,0,1782361036.0695136,0.0019459724426269531
203576,normal,3378,1,1782361036.0714545,0.0019409656524658203
203577,normal,76,0,1782361036.0734527,0.0019981861114501953
203578,normal,522,0,1782361036.0755467,0.0020940303802490234
203579,normal,1926,0,1782361036.0774186,0.0018718242645263672
203580,normal,2427,0,1782361036.079514,0.002095460891723633
203581,normal,1103,0,1782361036.0815291,0.0020151138305664062
203582,normal,1271,0,1782361036.0834258,0.0018966197967529297
203583,normal,2103,0,1782361036.0855129,0.002087116241455078
203584,normal,612,0,1782361036.0875113,0.001998424530029297
203585,normal,3593,0,1782361036.089414,0.0019025802612304688
203586,normal,2959,0,1782361036.0915136,0.002099752426147461
203587,normal,372,0,1782361036.0941246,0.002610921859741211
203588,normal,2020,0,1782361036.0955098,0.0013852119445800781
203589,normal,3589,0,1782361036.0974357,0.0019259452819824219
203590,normal,362,0,1782361036.0995998,0.002164125442504883
203591,normal,352,0,1782361036.101473,0.0018732547760009766
203592,normal,2394,0,1782361036.1034636,0.0019905567169189453
203593,normal,2410,0,1782361036.105698,0.0022344589233398438
203594,normal,3615,0,1782361036.1074731,0.0017750263214111328
203595,normal,1773,0,1782361036.109536,0.0020627975463867188
203596,normal,2381,0,1782361036.1115267,0.001990795135498047
203597,normal,2534,0,1782361036.1134393,0.0019125938415527344
203598,normal,1429,0,1782361036.1154666,0.002027273178100586
203599,normal,2233,0,1782361036.1175559,0.002089262008666992
203600,normal,2382,0,1782361036.119476,0.0019202232360839844
203601,normal,603,0,1782361036.1215444,0.0020682811737060547
203602,normal,389,0,1782361036.12354,0.001995563507080078
203603,normal,1661,0,1782361036.1255329,0.001992940902709961
203604,normal,1998,0,1782361036.1279092,0.0023763179779052734
203605,normal,2007,0,1782361036.12976,0.0018508434295654297
203606,normal,883,2,1782361036.1313438,0.0015838146209716797
203607,normal,195,0,1782361036.1333003,0.001956462860107422
203608,normal,3432,0,1782361036.13538,0.0020797252655029297
203609,normal,486,0,1782361036.1375747,0.002194643020629883
203610,normal,1587,0,1782361036.139387,0.0018122196197509766
203611,normal,2206,0,1782361036.1415417,0.002154827117919922
203612,normal,123,0,1782361036.1435535,0.0020117759704589844
203613,normal,1505,0,1782361036.1453977,0.001844167709350586
203614,normal,41,0,1782361036.1475327,0.002135038375854492
203615,normal,622,0,1782361036.149939,0.0024063587188720703
203616,normal,354,0,1782361036.1514912,0.0015521049499511719
203617,normal,3120,1,1782361036.153707,0.002215862274169922
203618,normal,1889,0,1782361036.1554687,0.0017616748809814453
203619,normal,2840,0,1782361036.1573598,0.0018911361694335938
203620,normal,2998,0,1782361036.1594942,0.0021343231201171875
203621,normal,3140,1,1782361036.1613793,0.0018851757049560547
203622,normal,1476,0,1782361036.1635048,0.0021255016326904297
203623,normal,1479,0,1782361036.1655374,0.0020325183868408203
203624,normal,558,0,1782361036.1674619,0.0019245147705078125
203625,normal,1227,0,1782361036.1696396,0.002177715301513672
203626,normal,367,0,1782361036.1715016,0.0018620491027832031
203627,normal,2851,0,1782361036.1733522,0.0018506050109863281
203628,normal,316,0,1782361036.1754568,0.002104520797729492
203629,normal,1795,0,1782361036.1775305,0.0020737648010253906
203630,normal,1531,0,1782361036.1793375,0.0018069744110107422
203631,normal,1315,0,1782361036.1814332,0.0020956993103027344
203632,normal,973,2,1782361036.183474,0.002040863037109375
203633,normal,3440,0,1782361036.1853528,0.0018787384033203125
203634,normal,1877,0,1782361036.1877675,0.002414703369140625
203635,normal,2042,0,1782361036.1893468,0.00157928466796875
203636,normal,1236,0,1782361036.1914551,0.002108335494995117
203637,normal,3514,0,1782361036.1933765,0.0019214153289794922
203638,normal,1874,0,1782361036.1955392,0.0021626949310302734
203639,normal,863,2,1782361036.1974297,0.001890420913696289
203640,normal,2437,0,1782361036.1995432,0.0021135807037353516
203641,normal,179,0,1782361036.2016027,0.002059459686279297
203642,normal,837,2,1782361036.2033536,0.001750946044921875
203643,normal,361,0,1782361036.2056582,0.002304553985595703
203644,normal,2974,0,1782361036.2076862,0.0020279884338378906
203645,normal,2948,0,1782361036.2096443,0.001958131790161133
203646,normal,3312,1,1782361036.2118015,0.0021572113037109375
203647,normal,1671,0,1782361036.2134871,0.0016856193542480469
203648,normal,2719,0,1782361036.2155213,0.0020341873168945312
203649,normal,875,2,1782361036.2174172,0.001895904541015625
203650,normal,3406,0,1782361036.2195158,0.002098560333251953
203651,normal,2455,0,1782361036.2215242,0.0020084381103515625
203652,normal,1962,0,1782361036.2234201,0.001895904541015625
203653,normal,1243,0,1782361036.2255132,0.002093076705932617
203654,normal,2281,0,1782361036.2274287,0.0019154548645019531
203655,normal,3186,1,1782361036.2300656,0.0026369094848632812
203656,normal,1760,0,1782361036.2318025,0.0017368793487548828
203657,normal,2224,0,1782361036.2334635,0.001661062240600586
203658,normal,1376,1,1782361036.2359824,0.002518892288208008
203659,normal,3655,0,1782361036.2374527,0.001470327377319336
203660,normal,3538,0,1782361036.2393403,0.0018875598907470703
203661,normal,1208,0,1782361036.2414365,0.0020961761474609375
203662,normal,257,0,1782361036.2438204,0.0023839473724365234
203663,normal,3693,0,1782361036.2453244,0.0015039443969726562
203664,normal,637,0,1782361036.2474613,0.0021369457244873047
203665,normal,232,0,1782361036.249459,0.001997709274291992
203666,normal,1976,0,1782361036.2513175,0.0018584728240966797
203667,normal,3305,1,1782361036.2534804,0.002162933349609375
203668,normal,2910,0,1782361036.2556458,0.0021653175354003906
203669,normal,701,0,1782361036.257433,0.0017871856689453125
203670,normal,1248,0,1782361036.259413,0.0019800662994384766
203671,normal,300,0,1782361036.2615647,0.0021517276763916016
203672,normal,3142,1,1782361036.2634063,0.0018415451049804688
203673,normal,455,0,1782361036.2656887,0.002282381057739258
203674,normal,963,2,1782361036.2674878,0.0017991065979003906
203675,normal,328,0,1782361036.2693546,0.0018668174743652344
203676,normal,2516,0,1782361036.2714143,0.0020596981048583984
203677,normal,944,2,1782361036.2734017,0.001987457275390625
203678,normal,1104,0,1782361036.2752979,0.0018961429595947266
203679,normal,1011,2,1782361036.2776282,0.002330303192138672
203680,normal,3006,0,1782361036.280008,0.002379894256591797
203681,normal,2430,0,1782361036.2813747,0.0013666152954101562
203682,normal,802,2,1782361036.283462,0.0020873546600341797
203683,normal,99,0,1782361036.2854757,0.002013683319091797
203684,normal,136,0,1782361036.287324,0.0018482208251953125
203685,normal,1746,0,1782361036.2894344,0.0021104812622070312
203686,normal,1322,1,1782361036.291484,0.002049684524536133
203687,normal,775,2,1782361036.2933648,0.001880645751953125
203688,normal,930,2,1782361036.2955039,0.0021390914916992188
203689,normal,3473,0,1782361036.2974489,0.0019450187683105469
203690,normal,2148,0,1782361036.2994132,0.0019643306732177734
203691,normal,1194,0,1782361036.3014796,0.002066373825073242
203692,normal,688,0,1782361036.3036454,0.0021657943725585938
203693,normal,2176,0,1782361036.3054423,0.0017969608306884766
203694,normal,2117,0,1782361036.3076494,0.002207040786743164
203695,normal,1025,2,1782361036.3096166,0.001967191696166992
203696,normal,1383,0,1782361036.3113308,0.0017142295837402344
203697,normal,3339,1,1782361036.3135552,0.002224445343017578
203698,normal,2268,0,1782361036.3155603,0.0020051002502441406
203699,normal,2962,0,1782361036.3174715,0.001911163330078125
203700,normal,586,0,1782361036.3196054,0.0021338462829589844
203701,normal,3148,1,1782361036.3215609,0.0019555091857910156
203702,normal,33,0,1782361036.3236575,0.0020966529846191406
203703,normal,1261,0,1782361036.3253808,0.0017232894897460938
203704,normal,2670,0,1782361036.3275504,0.0021696090698242188
203705,normal,3578,0,1782361036.329443,0.0018925666809082031
203706,normal,118,0,1782361036.331548,0.0021049976348876953
203707,normal,2562,0,1782361036.3336518,0.0021038055419921875
203708,normal,2696,0,1782361036.3353703,0.0017185211181640625
203709,normal,2714,0,1782361036.3377767,0.0024063587188720703
203710,normal,364,0,1782361036.3394406,0.0016639232635498047
203711,normal,2221,0,1782361036.34149,0.0020494461059570312
203712,normal,3069,1,1782361036.343488,0.0019979476928710938
203713,normal,3600,0,1782361036.3456051,0.002117156982421875
203714,normal,2537,0,1782361036.3474243,0.0018191337585449219
203715,normal,578,0,1782361036.3494177,0.001993417739868164
203716,normal,251,0,1782361036.3513634,0.0019457340240478516
203717,normal,1628,0,1782361036.3533638,0.0020003318786621094
203718,normal,2590,0,1782361036.3553731,0.0020093917846679688
203719,normal,222,0,1782361036.3573666,0.001993417739868164
203720,normal,2089,0,1782361036.3593447,0.001978158950805664
203721,normal,103,0,1782361036.3614068,0.002062082290649414
203722,normal,134,0,1782361036.3633962,0.0019893646240234375
203723,normal,2967,0,1782361036.3653858,0.001989603042602539
203724,normal,664,0,1782361036.3673685,0.0019826889038085938
203725,normal,3135,1,1782361036.3694434,0.0020749568939208984
203726,normal,1796,0,1782361036.3714626,0.002019166946411133
203727,normal,252,0,1782361036.3732927,0.0018301010131835938
203728,normal,189,0,1782361036.3753843,0.002091646194458008
203729,normal,2717,0,1782361036.3772953,0.0019109249114990234
203730,normal,2929,0,1782361036.379299,0.0020036697387695312
203731,normal,3635,0,1782361036.3814583,0.0021593570709228516
203732,normal,2739,0,1782361036.3833244,0.0018661022186279297
203733,normal,3017,0,1782361036.385302,0.001977682113647461
203734,normal,3085,1,1782361036.3873885,0.0020864009857177734
203735,normal,2615,0,1782361036.3893044,0.0019159317016601562
203736,normal,3361,1,1782361036.3919613,0.0026569366455078125
203737,normal,1021,2,1782361036.3935525,0.0015912055969238281
203738,normal,1284,0,1782361036.395374,0.0018215179443359375
203739,normal,508,0,1782361036.3973603,0.001986265182495117
203740,normal,1507,0,1782361036.3994327,0.0020723342895507812
203741,normal,3520,0,1782361036.4013405,0.0019078254699707031
203742,normal,1093,0,1782361036.4034696,0.002129077911376953
203743,normal,3304,1,1782361036.4055808,0.002111196517944336
203744,normal,2588,0,1782361036.4073384,0.0017576217651367188
203745,normal,2156,0,1782361036.4093332,0.0019948482513427734
203746,normal,1267,0,1782361036.411432,0.0020987987518310547
203747,normal,2932,0,1782361036.4133418,0.0019097328186035156
203748,normal,3539,0,1782361036.415361,0.002019166946411133
203749,normal,1918,0,1782361036.4174867,0.0021257400512695312
203750,normal,1312,0,1782361036.4193804,0.001893758773803711
203751,normal,825,2,1782361036.4213686,0.0019881725311279297
203752,normal,2801,0,1782361036.4234972,0.00212860107421875
203753,normal,3515,0,1782361036.4259567,0.0024595260620117188
203754,normal,3367,1,1782361036.4278889,0.0019321441650390625
203755,normal,272,0,1782361036.4293835,0.0014946460723876953
203756,normal,40,0,1782361036.4312885,0.0019049644470214844
203757,normal,218,0,1782361036.4333863,0.0020978450775146484
203758,normal,133,0,1782361036.435458,0.0020716190338134766
203759,normal,1442,0,1782361036.437407,0.0019490718841552734
203760,normal,3384,1,1782361036.4394283,0.002021312713623047
203761,normal,114,0,1782361036.4415433,0.002115011215209961
203762,normal,499,0,1782361036.4434583,0.00191497802734375
203763,normal,2496,0,1782361036.4453256,0.0018672943115234375
203764,normal,12,0,1782361036.4477735,0.002447843551635742
203765,normal,3652,0,1782361036.44981,0.002036571502685547
203766,normal,1010,2,1782361036.4515307,0.0017206668853759766
203767,normal,1644,0,1782361036.4533794,0.0018486976623535156
203768,normal,91,0,1782361036.455441,0.002061605453491211
203769,normal,476,0,1782361036.4574187,0.001977682113647461
203770,normal,3642,0,1782361036.4594283,0.0020096302032470703
203771,normal,3633,0,1782361036.4613817,0.0019533634185791016
203772,normal,3021,0,1782361036.4637918,0.0024101734161376953
203773,normal,1635,0,1782361036.4652953,0.0015034675598144531
203774,normal,2179,0,1782361036.46738,0.0020847320556640625
203775,normal,3545,0,1782361036.4693382,0.001958131790161133
203776,normal,3584,0,1782361036.4714816,0.002143383026123047
203777,normal,1397,0,1782361036.4733334,0.001851797103881836
203778,normal,2383,0,1782361036.4754636,0.002130270004272461
203779,normal,339,0,1782361036.4774928,0.0020291805267333984
203780,normal,2357,0,1782361036.4794512,0.0019583702087402344
203781,normal,516,0,1782361036.4813154,0.0018641948699951172
203782,normal,1528,0,1782361036.4833074,0.0019919872283935547
203783,normal,3172,1,1782361036.4852915,0.001984119415283203
203784,normal,1708,0,1782361036.4872937,0.002002239227294922
203785,normal,1007,2,1782361036.4893906,0.002096891403198242
203786,normal,1683,0,1782361036.491335,0.0019443035125732422
203787,normal,1779,0,1782361036.4934661,0.002131223678588867
203788,normal,2230,0,1782361036.4953594,0.0018932819366455078
203789,normal,2262,0,1782361036.4972913,0.001931905746459961
203790,normal,2315,0,1782361036.4993365,0.002045154571533203
203791,normal,536,0,1782361036.5014284,0.0020918846130371094
203792,normal,403,0,1782361036.5033004,0.0018720626831054688
203793,normal,1983,0,1782361036.505295,0.001994609832763672
203794,normal,2480,0,1782361036.5073888,0.002093791961669922
203795,normal,1923,0,1782361036.5093317,0.0019428730010986328
203796,normal,2544,0,1782361036.511395,0.002063274383544922
203797,normal,1245,0,1782361036.513473,0.0020780563354492188
203798,normal,1149,0,1782361036.5154235,0.0019505023956298828
203799,normal,2010,0,1782361036.5174713,0.0020477771759033203
203800,normal,3129,1,1782361036.5197296,0.00225830078125
203801,normal,1530,0,1782361036.5214417,0.0017120838165283203
203802,normal,2584,0,1782361036.5234246,0.0019829273223876953
203803,normal,2332,0,1782361036.525565,0.0021402835845947266
203804,normal,1929,0,1782361036.5274737,0.0019087791442871094
203805,normal,860,2,1782361036.5292969,0.0018231868743896484
203806,normal,947,2,1782361036.5313852,0.002088308334350586
203807,normal,1526,0,1782361036.533299,0.0019137859344482422
203808,normal,431,0,1782361036.5352929,0.001993894577026367
203809,normal,3169,1,1782361036.5375092,0.002216339111328125
203810,normal,661,0,1782361036.539311,0.0018017292022705078
203811,normal,1640,0,1782361036.541293,0.001981973648071289
203812,normal,2517,0,1782361036.5433857,0.0020928382873535156
203813,normal,3401,1,1782361036.5453172,0.0019314289093017578
203814,normal,24,0,1782361036.5479162,0.002599000930786133
203815,normal,2823,0,1782361036.549518,0.0016019344329833984
203816,normal,415,0,1782361036.5513966,0.001878499984741211
203817,normal,1830,0,1782361036.5533109,0.0019142627716064453
203818,normal,2385,0,1782361036.5554085,0.002097606658935547
203819,normal,676,0,1782361036.5573227,0.0019142627716064453
203820,normal,2875,0,1782361036.5593262,0.0020034313201904297
203821,normal,1299,0,1782361036.5616791,0.0023529529571533203
203822,normal,2512,0,1782361036.5634058,0.0017266273498535156
203823,normal,333,0,1782361036.5653222,0.0019164085388183594
203824,normal,1101,0,1782361036.567406,0.0020837783813476562
203825,normal,3620,0,1782361036.5694118,0.0020058155059814453
203826,normal,3383,1,1782361036.571427,0.002015352249145508
203827,normal,2067,0,1782361036.5734162,0.001989126205444336
203828,normal,2509,0,1782361036.5754929,0.0020766258239746094
203829,normal,2903,0,1782361036.5773847,0.0018918514251708984
203830,normal,430,0,1782361036.5794537,0.0020689964294433594
203831,normal,1413,0,1782361036.5815165,0.0020627975463867188
203832,normal,344,0,1782361036.5842054,0.002688884735107422
203833,normal,1250,0,1782361036.5855224,0.0013170242309570312
203834,normal,421,0,1782361036.5873303,0.0018079280853271484
203835,normal,2330,0,1782361036.589488,0.0021576881408691406
203836,normal,1623,0,1782361036.5914755,0.001987457275390625
203837,normal,2379,0,1782361036.5935187,0.0020432472229003906
203838,normal,219,0,1782361036.595575,0.0020563602447509766
203839,normal,1122,0,1782361036.5975125,0.0019373893737792969
203840,normal,3239,1,1782361036.5993204,0.0018079280853271484
203841,normal,3601,0,1782361036.6015708,0.0022504329681396484
203842,normal,3481,0,1782361036.6035779,0.002007007598876953
203843,normal,2525,0,1782361036.60532,0.0017421245574951172
203844,normal,1289,0,1782361036.6073425,0.0020225048065185547
203845,normal,2712,0,1782361036.6094384,0.002095937728881836
203846,normal,1864,0,1782361036.6114252,0.0019867420196533203
203847,normal,589,0,1782361036.61344,0.0020148754119873047
203848,normal,85,0,1782361036.6154344,0.0019943714141845703
203849,normal,301,0,1782361036.617443,0.002008676528930664
203850,normal,1642,0,1782361036.619432,0.0019888877868652344
203851,normal,967,2,1782361036.6214676,0.0020356178283691406
203852,normal,1364,1,1782361036.6234152,0.001947641372680664
203853,normal,3489,0,1782361036.625501,0.0020856857299804688
203854,normal,803,2,1782361036.6274521,0.0019512176513671875
203855,normal,659,0,1782361036.6293771,0.0019249916076660156
203856,normal,520,0,1782361036.6314614,0.0020842552185058594
203857,normal,1838,0,1782361036.6334755,0.00201416015625
203858,normal,2842,0,1782361036.635703,0.0022275447845458984
203859,normal,3115,1,1782361036.6374674,0.0017642974853515625
203860,normal,1166,0,1782361036.639316,0.0018486976623535156
203861,normal,1742,0,1782361036.6414363,0.0021202564239501953
203862,normal,1689,0,1782361036.643423,0.0019867420196533203
203863,normal,2993,0,1782361036.6454296,0.00200653076171875
203864,normal,207,0,1782361036.6473465,0.0019168853759765625
203865,normal,1147,0,1782361036.6494465,0.0020999908447265625
203866,normal,1700,0,1782361036.65155,0.002103567123413086
203867,normal,152,0,1782361036.653331,0.0017809867858886719
203868,normal,259,0,1782361036.6554387,0.0021076202392578125
203869,normal,3335,1,1782361036.6574123,0.0019736289978027344
203870,normal,957,2,1782361036.659414,0.0020017623901367188
203871,normal,1091,0,1782361036.661454,0.0020399093627929688
203872,normal,2099,0,1782361036.6634312,0.001977205276489258
203873,normal,667,0,1782361036.6657984,0.002367258071899414
203874,normal,3088,1,1782361036.6673462,0.0015478134155273438
203875,normal,2645,0,1782361036.6694314,0.0020852088928222656
203876,normal,2759,0,1782361036.6714382,0.0020067691802978516
203877,normal,3263,1,1782361036.673429,0.001990795135498047
203878,normal,2469,0,1782361036.6753345,0.0019054412841796875
203879,normal,417,0,1782361036.677384,0.0020494461059570312
203880,normal,2072,0,1782361036.6793857,0.0020017623901367188
203881,normal,491,0,1782361036.6814487,0.0020630359649658203
203882,normal,2718,0,1782361036.683399,0.0019502639770507812
203883,normal,2727,0,1782361036.6854582,0.0020592212677001953
203884,normal,1409,0,1782361036.6874645,0.0020062923431396484
203885,normal,2992,0,1782361036.689602,0.002137422561645508
203886,normal,3233,1,1782361036.6917553,0.0021533966064453125
203887,normal,1913,0,1782361036.6934478,0.0016925334930419922
203888,normal,2730,0,1782361036.6955988,0.002151012420654297
203889,normal,2919,0,1782361036.697456,0.0018570423126220703
203890,normal,494,0,1782361036.6995099,0.002053976058959961
203891,normal,511,0,1782361036.7013063,0.0017964839935302734
203892,normal,3362,1,1782361036.7033787,0.0020723342895507812
203893,normal,2841,0,1782361036.7053812,0.0020024776458740234
203894,normal,2620,0,1782361036.7073753,0.0019941329956054688
203895,normal,156,0,1782361036.7094195,0.002044200897216797
203896,normal,951,2,1782361036.7113824,0.001962900161743164
203897,normal,2673,0,1782361036.7133844,0.0020020008087158203
203898,normal,1130,0,1782361036.715383,0.0019986629486083984
203899,normal,165,0,1782361036.7173975,0.0020143985748291016
203900,normal,872,2,1782361036.7198973,0.002499818801879883
203901,normal,1751,0,1782361036.7214413,0.0015439987182617188
203902,normal,459,0,1782361036.723434,0.0019927024841308594
203903,normal,3696,0,1782361036.7253325,0.0018985271453857422
203904,normal,1494,0,1782361036.7274227,0.0020902156829833984
203905,normal,2972,0,1782361036.7294261,0.0020034313201904297
203906,normal,3532,0,1782361036.731621,0.0021948814392089844
203907,normal,2254,0,1782361036.7334056,0.0017845630645751953
203908,normal,3217,1,1782361036.7354186,0.002012968063354492
203909,normal,909,2,1782361036.737418,0.001999378204345703
203910,normal,1575,0,1782361036.7394342,0.002016305923461914
203911,normal,2243,0,1782361036.7414327,0.001998424530029297
203912,normal,2190,0,1782361036.7433448,0.0019121170043945312
203913,normal,941,2,1782361036.745485,0.0021402835845947266
203914,normal,704,0,1782361036.7474146,0.0019295215606689453
203915,normal,1057,0,1782361036.7494538,0.002039194107055664
203916,normal,59,0,1782361036.7516196,0.0021657943725585938
203917,normal,2640,0,1782361036.7541773,0.0025577545166015625
203918,normal,443,0,1782361036.7554464,0.0012691020965576172
203919,normal,1805,0,1782361036.7573981,0.0019516944885253906
203920,normal,1162,0,1782361036.75935,0.0019519329071044922
203921,normal,1000,2,1782361036.761471,0.0021209716796875
203922,normal,1852,0,1782361036.7634752,0.0020041465759277344
203923,normal,1672,0,1782361036.7655084,0.002033233642578125
203924,normal,196,0,1782361036.7674158,0.0019073486328125
203925,normal,888,2,1782361036.7695804,0.002164602279663086
203926,normal,3433,0,1782361036.7714055,0.001825094223022461
203927,normal,2832,0,1782361036.7737246,0.0023190975189208984
203928,normal,2745,0,1782361036.7754147,0.0016901493072509766
203929,normal,382,0,1782361036.7776072,0.0021924972534179688
203930,normal,2333,0,1782361036.7795038,0.0018966197967529297
203931,normal,206,0,1782361036.7815654,0.002061605453491211
203932,normal,2273,0,1782361036.7834685,0.0019030570983886719
203933,normal,2708,0,1782361036.785478,0.0020096302032470703
203934,normal,1592,0,1782361036.787469,0.001990795135498047
203935,normal,3047,1,1782361036.7895179,0.002048969268798828
203936,normal,820,2,1782361036.791517,0.0019991397857666016
203937,normal,2085,0,1782361036.793399,0.0018820762634277344
203938,normal,1022,2,1782361036.795462,0.0020627975463867188
203939,normal,50,0,1782361036.7974446,0.0019826889038085938
203940,normal,864,2,1782361036.7994585,0.0020139217376708984
203941,normal,987,2,1782361036.8014596,0.002001047134399414
203942,normal,440,0,1782361036.803375,0.0019154548645019531
203943,normal,1141,0,1782361036.8054967,0.0021216869354248047
203944,normal,3398,1,1782361036.807396,0.0018992424011230469
203945,normal,256,0,1782361036.8093543,0.0019583702087402344
203946,normal,3499,0,1782361036.8114517,0.0020973682403564453
203947,normal,2952,0,1782361036.8136246,0.0021729469299316406
203948,normal,2112,0,1782361036.8153954,0.0017707347869873047
203949,normal,1517,0,1782361036.8174713,0.0020759105682373047
203950,normal,3337,1,1782361036.8194382,0.0019669532775878906
203951,normal,2994,0,1782361036.8214467,0.0020084381103515625
203952,normal,3282,1,1782361036.8234231,0.001976490020751953
203953,normal,608,0,1782361036.8254294,0.0020062923431396484
203954,normal,3366,1,1782361036.8273354,0.0019059181213378906
203955,normal,2854,0,1782361036.8294773,0.0021419525146484375
203956,normal,180,0,1782361036.83147,0.0019927024841308594
203957,normal,1251,0,1782361036.833545,0.0020749568939208984
203958,normal,209,0,1782361036.836053,0.002507925033569336
203959,normal,2556,0,1782361036.8373394,0.0012865066528320312
203960,normal,3035,0,1782361036.8394215,0.0020821094512939453
203961,normal,1203,0,1782361036.8415139,0.0020923614501953125
203962,normal,357,0,1782361036.8433723,0.0018584728240966797
203963,normal,1435,0,1782361036.8452957,0.0019233226776123047
203964,normal,3541,0,1782361036.8472917,0.0019960403442382812
203965,normal,258,0,1782361036.8494937,0.0022020339965820312
203966,normal,1901,0,1782361036.8513405,0.0018467903137207031
203967,normal,1601,0,1782361036.8532972,0.0019567012786865234
203968,normal,3443,0,1782361036.8552911,0.001993894577026367
203969,normal,3248,1,1782361036.8573816,0.0020904541015625
203970,normal,1858,0,1782361036.85997,0.002588510513305664
203971,normal,3108,1,1782361036.861636,0.0016658306121826172
203972,normal,1216,0,1782361036.8634048,0.0017688274383544922
203973,normal,1814,0,1782361036.8653576,0.0019528865814208984
203974,normal,3530,0,1782361036.867438,0.0020804405212402344
203975,normal,2550,0,1782361036.8693461,0.0019080638885498047
203976,normal,2713,0,1782361036.8715456,0.002199411392211914
203977,normal,2981,0,1782361036.873469,0.0019235610961914062
203978,normal,2715,0,1782361036.875329,0.001859903335571289
203979,normal,1278,0,1782361036.8773284,0.001999378204345703
203980,normal,794,2,1782361036.8794134,0.002084970474243164
203981,normal,1787,0,1782361036.8813326,0.0019192695617675781
203982,normal,2448,0,1782361036.8835194,0.0021867752075195312
203983,normal,771,0,1782361036.885567,0.0020475387573242188
203984,normal,2489,0,1782361036.887456,0.0018889904022216797
203985,normal,2274,0,1782361036.8894663,0.002010345458984375
203986,normal,1824,0,1782361036.8915575,0.0020911693572998047
203987,normal,1738,0,1782361036.893629,0.0020716190338134766
203988,normal,926,2,1782361036.8955295,0.0019004344940185547
203989,normal,3580,0,1782361036.897417,0.0018875598907470703
203990,normal,1675,0,1782361036.8992927,0.0018756389617919922
203991,normal,3277,1,1782361036.9013176,0.0020248889923095703
203992,normal,1244,0,1782361036.9034035,0.0020859241485595703
203993,normal,3308,1,1782361036.9057064,0.002302885055541992
203994,normal,904,2,1782361036.9079468,0.002240419387817383
203995,normal,2240,0,1782361036.9093866,0.001439809799194336
203996,normal,1157,0,1782361036.9113643,0.001977682113647461
203997,normal,1562,0,1782361036.9133363,0.0019719600677490234
203998,normal,1344,1,1782361036.915383,0.002046823501586914
203999,normal,553,0,1782361036.9173064,0.0019233226776123047
204000,normal,321,0,1782361036.919377,0.0020706653594970703
204001,normal,2743,0,1782361036.9213703,0.0019931793212890625
204002,normal,1920,0,1782361036.9233994,0.0020291805267333984
204003,normal,1624,0,1782361036.9254136,0.00201416015625
204004,normal,1026,2,1782361036.9272985,0.0018849372863769531
204005,normal,3543,0,1782361036.929292,0.001993417739868164
204006,normal,1191,0,1782361036.9313674,0.0020754337310791016
204007,normal,780,2,1782361036.933418,0.002050638198852539
204008,normal,1823,0,1782361036.9353762,0.001958131790161133
204009,normal,2053,0,1782361036.9373188,0.0019426345825195312
204010,normal,1054,0,1782361036.9393091,0.0019903182983398438
204011,normal,3190,1,1782361036.941304,0.0019948482513427734
204012,normal,1934,0,1782361036.9433136,0.0020096302032470703
204013,normal,2102,0,1782361036.945323,0.0020093917846679688
204014,normal,1941,0,1782361036.9474587,0.002135753631591797
204015,normal,2090,0,1782361036.9493523,0.0018935203552246094
204016,normal,236,0,1782361036.9515312,0.0021789073944091797
204017,normal,1440,0,1782361036.9533365,0.0018053054809570312
204018,normal,583,0,1782361036.9554214,0.002084970474243164
204019,normal,998,2,1782361036.9574387,0.0020172595977783203
204020,normal,2388,0,1782361036.9594245,0.001985788345336914
204021,normal,765,0,1782361036.9615006,0.0020761489868164062
204022,normal,787,2,1782361036.9633825,0.0018818378448486328
204023,normal,469,0,1782361036.9655552,0.002172708511352539
204024,normal,2336,0,1782361036.9673648,0.0018095970153808594
204025,normal,1912,0,1782361036.9694612,0.002096414566040039
204026,normal,2505,0,1782361036.9715014,0.0020401477813720703
204027,normal,556,0,1782361036.9734309,0.0019295215606689453
204028,normal,241,0,1782361036.9754171,0.001986265182495117
204029,normal,1839,0,1782361036.977405,0.001987934112548828
204030,normal,3695,0,1782361036.9794033,0.0019981861114501953
204031,normal,1138,0,1782361036.981466,0.0020627975463867188
204032,normal,2937,0,1782361036.9834921,0.002026081085205078
204033,normal,1066,0,1782361036.9854968,0.0020046234130859375
204034,normal,732,0,1782361036.9875667,0.0020699501037597656
204035,normal,1449,0,1782361036.9894845,0.0019178390502929688
204036,normal,1405,0,1782361036.9916463,0.002161741256713867
204037,normal,74,0,1782361036.9933937,0.0017473697662353516
204038,normal,198,0,1782361036.9955413,0.002147674560546875
204039,normal,451,0,1782361036.997453,0.0019116401672363281
204040,normal,1982,0,1782361036.9994504,0.0019974708557128906
204041,normal,2115,0,1782361037.0013843,0.0019338130950927734
204042,normal,465,0,1782361037.003295,0.0019106864929199219
204043,normal,2986,0,1782361037.0053155,0.002020597457885742
204044,normal,2592,0,1782361037.0074835,0.002167940139770508
204045,normal,1595,0,1782361037.0093143,0.0018308162689208984
204046,normal,3523,0,1782361037.011313,0.0019986629486083984
204047,normal,3213,1,1782361037.0133362,0.0020232200622558594
204048,normal,551,0,1782361037.0152652,0.0019290447235107422
204049,normal,496,0,1782361037.0174277,0.002162456512451172
204050,normal,1596,0,1782361037.0198507,0.0024230480194091797
204051,normal,2668,0,1782361037.0213974,0.001546621322631836
204052,normal,2386,0,1782361037.0233495,0.0019521713256835938
204053,normal,1257,0,1782361037.0253456,0.0019960403442382812
204054,normal,3123,1,1782361037.0273027,0.0019571781158447266
204055,normal,670,0,1782361037.0293453,0.002042531967163086
204056,normal,539,0,1782361037.0315208,0.002175569534301758
204057,normal,3386,1,1782361037.0333457,0.0018248558044433594
204058,normal,917,2,1782361037.0353339,0.0019881725311279297
204059,normal,2545,0,1782361037.0373394,0.0020055770874023438
204060,normal,3177,1,1782361037.0393045,0.001965045928955078
204061,normal,3645,0,1782361037.0413327,0.002028226852416992
204062,normal,453,0,1782361037.043345,0.0020122528076171875
204063,normal,2417,0,1782361037.0453942,0.0020492076873779297
204064,normal,169,0,1782361037.0473797,0.0019855499267578125
204065,normal,436,0,1782361037.0493648,0.0019850730895996094
204066,normal,1909,0,1782361037.051489,0.002124309539794922
204067,normal,260,0,1782361037.0541415,0.002652406692504883
204068,normal,3157,1,1782361037.0553746,0.0012331008911132812
204069,normal,741,0,1782361037.0572882,0.0019135475158691406
204070,normal,2467,0,1782361037.0593119,0.0020236968994140625
204071,normal,3544,0,1782361037.0614839,0.0021719932556152344
204072,normal,3502,0,1782361037.0634954,0.002011537551879883
204073,normal,385,0,1782361037.0655043,0.0020089149475097656
204074,normal,1581,0,1782361037.067509,0.0020046234130859375
204075,normal,2996,0,1782361037.0696132,0.0021042823791503906
204076,normal,2934,0,1782361037.071383,0.0017697811126708984
204077,normal,3442,0,1782361037.0737858,0.002402782440185547
204078,normal,634,0,1782361037.0756173,0.0018315315246582031
204079,normal,2966,0,1782361037.07749,0.0018727779388427734
204080,normal,703,0,1782361037.0796077,0.002117633819580078
204081,normal,2203,0,1782361037.0813963,0.0017886161804199219
204082,normal,3385,1,1782361037.0835042,0.002107858657836914
204083,normal,1802,0,1782361037.0855162,0.002012014389038086
204084,normal,2674,0,1782361037.0874205,0.0019042491912841797
204085,normal,3264,1,1782361037.090091,0.0026705265045166016
204086,normal,1359,1,1782361037.091392,0.0013010501861572266
204087,normal,386,0,1782361037.0934248,0.002032756805419922
204088,normal,239,0,1782361037.0954592,0.002034425735473633
204089,normal,2100,0,1782361037.0974603,0.002001047134399414
204090,normal,2046,0,1782361037.0994601,0.0019998550415039062
204091,normal,346,0,1782361037.1014662,0.002006053924560547
204092,normal,411,0,1782361037.1034644,0.0019981861114501953
204093,normal,1255,0,1782361037.1054926,0.002028226852416992
204094,normal,1994,0,1782361037.1074653,0.001972675323486328
204095,normal,1018,2,1782361037.109442,0.0019767284393310547
204096,normal,1262,0,1782361037.1114414,0.001999378204345703
204097,normal,3453,0,1782361037.1134465,0.0020051002502441406
204098,normal,2788,0,1782361037.1155121,0.0020656585693359375
204099,normal,895,2,1782361037.11747,0.0019578933715820312
204100,normal,542,0,1782361037.1195014,0.0020313262939453125
204101,normal,2968,0,1782361037.12146,0.001958608627319336
204102,normal,1269,0,1782361037.1234736,0.002013683319091797
204103,normal,2278,0,1782361037.125501,0.002027273178100586
204104,normal,2808,0,1782361037.127334,0.001833200454711914
204105,normal,1049,0,1782361037.1294103,0.0020761489868164062
204106,normal,265,0,1782361037.1314065,0.001996278762817383
204107,normal,2596,0,1782361037.133311,0.0019044876098632812
204108,normal,1348,1,1782361037.1354685,0.002157449722290039
204109,normal,3699,0,1782361037.137479,0.0020105838775634766
204110,normal,2047,0,1782361037.1395018,0.0020227432250976562
204111,normal,3625,0,1782361037.1414409,0.0019390583038330078
204112,normal,919,2,1782361037.143578,0.0021371841430664062
204113,normal,1416,0,1782361037.1456103,0.0020322799682617188
204114,normal,3621,0,1782361037.1474247,0.0018143653869628906
204115,normal,2058,0,1782361037.149554,0.0021293163299560547
204116,normal,1273,0,1782361037.1514704,0.0019164085388183594
204117,normal,3189,1,1782361037.1534874,0.0020170211791992188
204118,normal,3052,1,1782361037.1554284,0.0019409656524658203
204119,normal,245,0,1782361037.1574123,0.0019838809967041016
204120,normal,2870,0,1782361037.159415,0.002002716064453125
204121,normal,1458,0,1782361037.1614952,0.002080202102661133
204122,normal,2635,0,1782361037.1634405,0.0019452571868896484
204123,normal,1753,0,1782361037.1653986,0.001958131790161133
204124,normal,554,0,1782361037.16739,0.0019915103912353516
204125,normal,519,0,1782361037.1694088,0.0020186901092529297
204126,normal,2909,0,1782361037.1713915,0.0019826889038085938
204127,normal,620,0,1782361037.1740463,0.0026547908782958984
204128,normal,2536,0,1782361037.1754797,0.0014333724975585938
204129,normal,2999,0,1782361037.1774368,0.0019571781158447266
204130,normal,3709,0,1782361037.1794376,0.0020008087158203125
204131,normal,380,0,1782361037.1814234,0.001985788345336914
204132,normal,2814,0,1782361037.1834316,0.002008199691772461
204133,normal,2177,0,1782361037.1856053,0.0021736621856689453
204134,normal,812,2,1782361037.1874225,0.0018172264099121094
204135,normal,1032,0,1782361037.1894205,0.0019979476928710938
204136,normal,2654,0,1782361037.1914177,0.001997232437133789
204137,normal,3437,0,1782361037.1934266,0.0020089149475097656
204138,normal,1862,0,1782361037.1954231,0.0019965171813964844
204139,normal,1719,0,1782361037.197432,0.0020089149475097656
204140,normal,3551,0,1782361037.199488,0.0020558834075927734
204141,normal,493,0,1782361037.2014735,0.0019855499267578125
204142,normal,1863,0,1782361037.2034495,0.00197601318359375
204143,normal,1619,0,1782361037.2055418,0.0020923614501953125
204144,normal,3572,0,1782361037.2080967,0.0025548934936523438
204145,normal,912,2,1782361037.2097032,0.0016064643859863281
204146,normal,1334,1,1782361037.211324,0.0016207695007324219
204147,normal,3027,0,1782361037.2134767,0.002152681350708008
204148,normal,3167,1,1782361037.2154744,0.001997709274291992
204149,normal,3150,1,1782361037.2175071,0.002032756805419922
204150,normal,1387,0,1782361037.2195258,0.0020186901092529297
204151,normal,544,0,1782361037.2216146,0.002088785171508789
204152,normal,2139,0,1782361037.2233496,0.0017349720001220703
204153,normal,2777,0,1782361037.225718,0.002368450164794922
204154,normal,3428,0,1782361037.2273831,0.0016651153564453125
204155,normal,36,0,1782361037.2295995,0.002216339111328125
204156,normal,2082,0,1782361037.2313068,0.001707315444946289
204157,normal,1215,0,1782361037.2333791,0.0020723342895507812
204158,normal,1696,0,1782361037.2353663,0.0019872188568115234
204159,normal,2083,0,1782361037.2374585,0.002092123031616211
204160,normal,1817,0,1782361037.239486,0.0020275115966796875
204161,normal,1489,0,1782361037.2413518,0.0018658638000488281
204162,normal,3030,0,1782361037.243321,0.0019690990447998047
204163,normal,3591,0,1782361037.2453375,0.0020165443420410156
204164,normal,3556,0,1782361037.247333,0.001995563507080078
204165,normal,2303,0,1782361037.2493572,0.0020241737365722656
204166,normal,929,2,1782361037.2513974,0.0020401477813720703
204167,normal,60,0,1782361037.2534492,0.002051830291748047
204168,normal,2141,0,1782361037.25531,0.0018608570098876953
204169,normal,3197,1,1782361037.2573197,0.0020096302032470703
204170,normal,2683,0,1782361037.259394,0.0020742416381835938
204171,normal,410,0,1782361037.2613795,0.0019855499267578125
204172,normal,2865,0,1782361037.2634156,0.0020360946655273438
204173,normal,2617,0,1782361037.265326,0.0019104480743408203
204174,normal,3274,1,1782361037.2672856,0.001959562301635742
204175,normal,1538,0,1782361037.2693503,0.0020647048950195312
204176,normal,3588,0,1782361037.2713544,0.0020041465759277344
204177,normal,931,2,1782361037.2733195,0.001965045928955078
204178,normal,3585,0,1782361037.2753515,0.002032041549682617
204179,normal,2251,0,1782361037.277351,0.001999378204345703
204180,normal,3046,1,1782361037.2793632,0.0020122528076171875
204181,normal,1786,0,1782361037.2813418,0.001978635787963867
204182,normal,2344,0,1782361037.2833276,0.001985788345336914
204183,normal,3623,0,1782361037.2852888,0.001961231231689453
204184,normal,1819,0,1782361037.2873356,0.002046823501586914
204185,normal,19,0,1782361037.2894068,0.0020711421966552734
204186,normal,313,0,1782361037.291381,0.0019741058349609375
204187,normal,3503,0,1782361037.2933846,0.0020036697387695312
204188,normal,889,2,1782361037.29538,0.001995563507080078
204189,normal,1167,0,1782361037.2974174,0.0020372867584228516
204190,normal,335,0,1782361037.2995667,0.002149343490600586
204191,normal,826,2,1782361037.3014944,0.0019276142120361328
204192,normal,976,2,1782361037.30346,0.0019655227661132812
204193,normal,3410,0,1782361037.30554,0.002080202102661133
204194,normal,378,0,1782361037.3073373,0.0017971992492675781
204195,normal,135,0,1782361037.309619,0.002281665802001953
204196,normal,2630,0,1782361037.31156,0.0019409656524658203
204197,normal,2068,0,1782361037.3134716,0.0019116401672363281
204198,normal,1717,0,1782361037.3155444,0.0020728111267089844
204199,normal,2280,0,1782361037.3176951,0.0021507740020751953
204200,normal,760,0,1782361037.3195744,0.0018792152404785156
204201,normal,1082,0,1782361037.321405,0.0018305778503417969
204202,normal,3487,0,1782361037.3235562,0.0021512508392333984
204203,normal,3235,1,1782361037.3254325,0.0018763542175292969
204204,normal,409,0,1782361037.3273873,0.001954793930053711
204205,normal,1419,0,1782361037.3294282,0.002040863037109375
204206,normal,3701,0,1782361037.331314,0.0018858909606933594
204207,normal,1386,0,1782361037.3334277,0.0021135807037353516
204208,normal,920,2,1782361037.3355272,0.0020995140075683594
204209,normal,3618,0,1782361037.3373356,0.0018084049224853516
204210,normal,1171,0,1782361037.339457,0.002121448516845703
204211,normal,408,0,1782361037.341413,0.0019559860229492188
204212,normal,2071,0,1782361037.3432972,0.0018842220306396484
204213,normal,887,2,1782361037.3454778,0.0021805763244628906
204214,normal,2483,0,1782361037.3479881,0.0025103092193603516
204215,normal,602,0,1782361037.3494196,0.0014314651489257812
204216,normal,3032,0,1782361037.351372,0.0019524097442626953
204217,normal,2737,0,1782361037.3534226,0.002050638198852539
204218,normal,226,0,1782361037.3553443,0.0019216537475585938
204219,normal,737,0,1782361037.3574836,0.0021393299102783203
204220,normal,550,0,1782361037.359548,0.0020644664764404297
204221,normal,617,0,1782361037.361421,0.001873016357421875
204222,normal,2353,0,1782361037.3633122,0.0018911361694335938
204223,normal,212,0,1782361037.365443,0.002130746841430664
204224,normal,2182,0,1782361037.3673272,0.0018842220306396484
204225,normal,2546,0,1782361037.3694503,0.002123117446899414
204226,normal,945,2,1782361037.3714488,0.001998424530029297
204227,normal,184,0,1782361037.3733678,0.0019190311431884766
204228,normal,3019,0,1782361037.3754578,0.002089977264404297
204229,normal,1943,0,1782361037.3774328,0.0019750595092773438
204230,normal,738,0,1782361037.37934,0.0019071102142333984
204231,normal,818,2,1782361037.3819706,0.0026307106018066406
204232,normal,686,0,1782361037.3839633,0.0019927024841308594
204233,normal,3218,1,1782361037.3852928,0.0013294219970703125
204234,normal,2218,0,1782361037.387409,0.0021162033081054688
204235,normal,1721,0,1782361037.3893895,0.0019805431365966797
204236,normal,398,0,1782361037.3913467,0.0019571781158447266
204237,normal,1808,0,1782361037.393491,0.002144336700439453
204238,normal,3290,1,1782361037.3955226,0.002031564712524414
204239,normal,1875,0,1782361037.397429,0.0019063949584960938
204240,normal,3303,1,1782361037.3994548,0.0020258426666259766
204241,normal,1807,0,1782361037.4014108,0.0019559860229492188
204242,normal,1444,0,1782361037.4034863,0.0020754337310791016
204243,normal,2045,0,1782361037.405743,0.002256631851196289
204244,normal,1464,0,1782361037.4076493,0.0019063949584960938
204245,normal,876,2,1782361037.4095275,0.0018782615661621094
204246,normal,1978,0,1782361037.4114635,0.0019359588623046875
204247,normal,3023,0,1782361037.413448,0.0019845962524414062
204248,normal,660,0,1782361037.415431,0.0019829273223876953
204249,normal,1177,0,1782361037.4175735,0.0021424293518066406
204250,normal,3099,1,1782361037.41955,0.001976490020751953
204251,normal,2346,0,1782361037.4214966,0.0019466876983642578
204252,normal,1906,0,1782361037.423504,0.0020074844360351562
204253,normal,2797,0,1782361037.4255357,0.002031564712524414
204254,normal,2755,0,1782361037.4274406,0.0019049644470214844
204255,normal,392,0,1782361037.4294736,0.0020329952239990234
204256,normal,1748,0,1782361037.4314835,0.002009868621826172
204257,normal,3429,0,1782361037.4334347,0.0019512176513671875
204258,normal,1947,0,1782361037.43538,0.0019452571868896484
204259,normal,423,0,1782361037.4377527,0.00237274169921875
204260,normal,882,2,1782361037.4394188,0.0016660690307617188
204261,normal,1268,0,1782361037.4414384,0.002019643783569336
204262,normal,1812,0,1782361037.4436204,0.0021820068359375
204263,normal,2810,0,1782361037.445393,0.0017726421356201172
204264,normal,2297,0,1782361037.4474478,0.0020546913146972656
204265,normal,474,0,1782361037.4493623,0.0019145011901855469
204266,normal,299,0,1782361037.4514735,0.002111196517944336
204267,normal,3132,1,1782361037.4533112,0.0018377304077148438
204268,normal,483,0,1782361037.4554298,0.0021185874938964844
204269,normal,55,0,1782361037.4573166,0.0018868446350097656
204270,normal,203,0,1782361037.4595118,0.002195119857788086
204271,normal,235,0,1782361037.4614108,0.0018990039825439453
204272,normal,857,2,1782361037.4634256,0.0020148754119873047
204273,normal,2123,0,1782361037.4654093,0.001983642578125
204274,normal,2694,0,1782361037.467527,0.002117633819580078
204275,normal,243,0,1782361037.4696102,0.002083301544189453
204276,normal,1487,0,1782361037.4713466,0.0017364025115966797
204277,normal,101,0,1782361037.4734263,0.0020797252655029297
204278,normal,2997,0,1782361037.475302,0.0018756389617919922
204279,normal,549,0,1782361037.4774141,0.002112150192260742
204280,normal,1426,0,1782361037.479411,0.001996755599975586
204281,normal,2368,0,1782361037.4812996,0.0018887519836425781
204282,normal,3055,1,1782361037.4834204,0.0021207332611083984
204283,normal,3392,1,1782361037.4853644,0.0019440650939941406
204284,normal,1042,0,1782361037.4875023,0.002137899398803711
204285,normal,1608,0,1782361037.4897094,0.002207040786743164
204286,normal,2791,0,1782361037.491383,0.0016736984252929688
204287,normal,2412,0,1782361037.4933116,0.001928567886352539
204288,normal,1685,0,1782361037.4954264,0.0021147727966308594
204289,normal,669,0,1782361037.497403,0.001976490020751953
204290,normal,1659,0,1782361037.4994612,0.002058267593383789
204291,normal,1821,0,1782361037.5013878,0.0019266605377197266
204292,normal,1132,0,1782361037.5034156,0.002027750015258789
204293,normal,58,0,1782361037.5053055,0.001889944076538086
204294,normal,3348,1,1782361037.5074232,0.002117633819580078
204295,normal,685,0,1782361037.5094206,0.0019974708557128906
204296,normal,3179,1,1782361037.5115669,0.0021462440490722656
204297,normal,1277,0,1782361037.5134587,0.0018918514251708984
204298,normal,1081,0,1782361037.515496,0.0020372867584228516
204299,normal,2170,0,1782361037.5173872,0.0018911361694335938
204300,normal,1992,0,1782361037.5195386,0.0021514892578125
204301,normal,2158,0,1782361037.5217042,0.002165555953979492
204302,normal,821,2,1782361037.523449,0.0017447471618652344
204303,normal,1731,0,1782361037.5253978,0.0019488334655761719
204304,normal,1453,0,1782361037.5273972,0.001999378204345703
204305,normal,2207,0,1782361037.5293007,0.001903533935546875
204306,normal,3000,0,1782361037.5314147,0.0021140575408935547
204307,normal,3116,1,1782361037.5336428,0.0022280216217041016
204308,normal,1235,0,1782361037.5357468,0.002104043960571289
204309,normal,873,2,1782361037.5374732,0.001726388931274414
204310,normal,3202,1,1782361037.5399141,0.002440929412841797
204311,normal,3531,0,1782361037.541385,0.001470804214477539
204312,normal,2342,0,1782361037.5442784,0.0028934478759765625
204313,normal,3577,0,1782361037.5455158,0.0012373924255371094
204314,normal,2880,0,1782361037.5477533,0.002237558364868164
204315,normal,599,0,1782361037.549477,0.0017237663269042969
204316,normal,1568,0,1782361037.5513973,0.0019202232360839844
204317,normal,1907,0,1782361037.5533552,0.0019578933715820312
204318,normal,1981,0,1782361037.5553403,0.0019850730895996094
204319,normal,3494,0,1782361037.5574005,0.0020601749420166016
204320,normal,1374,1,1782361037.5594394,0.0020389556884765625
204321,normal,3236,1,1782361037.5613267,0.0018873214721679688
204322,normal,109,0,1782361037.5635777,0.0022509098052978516
204323,normal,2154,0,1782361037.5654836,0.0019059181213378906
204324,normal,1782,0,1782361037.5674937,0.0020101070404052734
204325,normal,900,2,1782361037.569797,0.0023033618927001953
204326,normal,1350,1,1782361037.5713263,0.0015292167663574219
204327,normal,1431,0,1782361037.573355,0.0020287036895751953
204328,normal,1529,0,1782361037.5755165,0.0021615028381347656
204329,normal,2133,0,1782361037.577287,0.0017704963684082031
204330,normal,1726,0,1782361037.5795543,0.0022673606872558594
204331,normal,3313,1,1782361037.5815463,0.0019919872283935547
204332,normal,694,0,1782361037.5834787,0.001932382583618164
204333,normal,3292,1,1782361037.585407,0.0019283294677734375
204334,normal,2433,0,1782361037.5877244,0.0023174285888671875
204335,normal,946,2,1782361037.5893836,0.0016591548919677734
204336,normal,724,0,1782361037.5917342,0.0023505687713623047
204337,normal,2191,0,1782361037.5934389,0.0017046928405761719
204338,normal,3555,0,1782361037.5957484,0.002309560775756836
204339,normal,2120,0,1782361037.5974138,0.001665353775024414
204340,normal,3013,0,1782361037.5995407,0.002126932144165039
204341,normal,2599,0,1782361037.6015222,0.001981496810913086
204342,normal,1084,0,1782361037.6035697,0.0020475387573242188
204343,normal,2503,0,1782361037.6055646,0.0019948482513427734
204344,normal,61,0,1782361037.607381,0.0018165111541748047
204345,normal,1095,0,1782361037.6097515,0.0023703575134277344
204346,normal,2415,0,1782361037.6114988,0.0017473697662353516
204347,normal,2500,0,1782361037.6140828,0.0025839805603027344
204348,normal,1519,0,1782361037.6154225,0.0013396739959716797
204349,normal,804,2,1782361037.617787,0.0023643970489501953
204350,normal,1634,0,1782361037.6193874,0.001600503921508789
204351,normal,2160,0,1782361037.6217582,0.0023708343505859375
204352,normal,928,2,1782361037.6235611,0.0018029212951660156
204353,normal,3226,1,1782361037.6253946,0.0018334388732910156
204354,normal,3056,1,1782361037.6275547,0.0021600723266601562
204355,normal,1086,0,1782361037.6293826,0.0018279552459716797
204356,normal,616,0,1782361037.6317399,0.0023572444915771484
204357,normal,3491,0,1782361037.6334295,0.0016896724700927734
204358,normal,1532,0,1782361037.6357255,0.002295970916748047
204359,normal,2453,0,1782361037.6373825,0.0016570091247558594
204360,normal,2171,0,1782361037.6395557,0.002173185348510742
204361,normal,3435,0,1782361037.6414156,0.001859903335571289
204362,normal,3586,0,1782361037.6437306,0.002315044403076172
204363,normal,880,2,1782361037.645434,0.0017032623291015625
204364,normal,3533,0,1782361037.6477199,0.0022859573364257812
204365,normal,755,0,1782361037.6493845,0.0016646385192871094
204366,normal,3288,1,1782361037.6515293,0.0021448135375976562
204367,normal,1979,0,1782361037.6533856,0.0018563270568847656
204368,normal,2565,0,1782361037.6555028,0.002117156982421875
204369,normal,3198,1,1782361037.6573973,0.0018944740295410156
204370,normal,640,0,1782361037.6595032,0.0021059513092041016
204371,normal,628,0,1782361037.6613526,0.0018494129180908203
204372,normal,1861,0,1782361037.663458,0.0021054744720458984
204373,normal,73,0,1782361037.665393,0.0019350051879882812
204374,normal,689,0,1782361037.6674826,0.0020895004272460938
204375,normal,3215,1,1782361037.6693914,0.0019087791442871094
204376,normal,811,2,1782361037.671389,0.001997709274291992
204377,normal,1391,0,1782361037.6734803,0.0020911693572998047
204378,normal,1477,0,1782361037.6753907,0.0019104480743408203
204379,normal,2494,0,1782361037.67756,0.002169370651245117
204380,normal,1866,0,1782361037.679337,0.0017769336700439453
204381,normal,3670,0,1782361037.6815042,0.002167224884033203
204382,normal,1469,0,1782361037.6833959,0.0018916130065917969
204383,normal,2077,0,1782361037.6855018,0.0021059513092041016
204384,normal,2686,0,1782361037.687403,0.0019011497497558594
204385,normal,1475,0,1782361037.6894822,0.0020792484283447266
204386,normal,2323,0,1782361037.6913712,0.0018889904022216797
204387,normal,2653,0,1782361037.693499,0.0021278858184814453
204388,normal,2162,0,1782361037.695389,0.001889944076538086
204389,normal,454,0,1782361037.697471,0.0020818710327148438
204390,normal,911,2,1782361037.6993985,0.0019276142120361328
204391,normal,2847,0,1782361037.7014964,0.0020978450775146484
204392,normal,810,2,1782361037.703434,0.0019376277923583984
204393,normal,3683,0,1782361037.7055144,0.0020804405212402344
204394,normal,1793,0,1782361037.7073908,0.0018763542175292969
204395,normal,3346,1,1782361037.7094927,0.002101898193359375
204396,normal,3105,1,1782361037.7115223,0.0020296573638916016
204397,normal,2094,0,1782361037.7134426,0.0019202232360839844
204398,normal,1768,0,1782361037.7154534,0.002010822296142578
204399,normal,1432,0,1782361037.7174532,0.0019998550415039062
204400,normal,2426,0,1782361037.7194436,0.0019903182983398438
204401,normal,639,0,1782361037.7214603,0.002016782760620117
204402,normal,2917,0,1782361037.723542,0.002081632614135742
204403,normal,2356,0,1782361037.7256167,0.002074718475341797
204404,normal,429,0,1782361037.7274573,0.0018405914306640625
204405,normal,649,0,1782361037.7295709,0.0021135807037353516
204406,normal,1304,0,1782361037.7314434,0.0018725395202636719
204407,normal,302,0,1782361037.7334538,0.002010345458984375
204408,normal,363,0,1782361037.7355359,0.0020821094512939453
204409,normal,2421,0,1782361037.7373714,0.0018355846405029297
204410,normal,468,0,1782361037.7394817,0.0021102428436279297
204411,normal,2501,0,1782361037.7414167,0.0019350051879882812
204412,normal,2543,0,1782361037.7434824,0.0020656585693359375
204413,normal,309,0,1782361037.7453651,0.001882791519165039
204414,normal,1053,0,1782361037.7475538,0.0021886825561523438
204415,normal,2958,0,1782361037.7493675,0.001813650131225586
204416,normal,2314,0,1782361037.7514815,0.0021140575408935547
204417,normal,3619,0,1782361037.7535403,0.002058744430541992
204418,normal,3257,1,1782361037.7553852,0.0018448829650878906
204419,normal,1389,0,1782361037.757456,0.002070903778076172
204420,normal,1903,0,1782361037.7595465,0.0020904541015625
204421,normal,43,0,1782361037.7613811,0.0018346309661865234
204422,normal,885,2,1782361037.763481,0.002099752426147461
204423,normal,1488,0,1782361037.7655332,0.00205230712890625
204424,normal,2748,0,1782361037.767395,0.0018618106842041016
204425,normal,1988,0,1782361037.7694554,0.002060413360595703
204426,normal,69,0,1782361037.771458,0.0020024776458740234
204427,normal,646,0,1782361037.7733877,0.0019297599792480469
204428,normal,2522,0,1782361037.7754838,0.0020961761474609375
204429,normal,2456,0,1782361037.7773345,0.0018506050109863281
204430,normal,1249,0,1782361037.7795677,0.002233266830444336
204431,normal,104,0,1782361037.7813332,0.0017654895782470703
204432,normal,2740,0,1782361037.7834592,0.002125978469848633
204433,normal,590,0,1782361037.7853541,0.0018949508666992188
204434,normal,208,0,1782361037.7874615,0.002107381820678711
204435,normal,996,2,1782361037.789462,0.002000570297241211
204436,normal,828,2,1782361037.7914617,0.0019996166229248047
204437,normal,924,2,1782361037.793453,0.00199127197265625
204438,normal,121,0,1782361037.7953415,0.0018885135650634766
204439,normal,2906,0,1782361037.7975578,0.002216339111328125
204440,normal,2985,0,1782361037.7993329,0.0017750263214111328
204441,normal,3408,0,1782361037.801468,0.002135038375854492
204442,normal,2619,0,1782361037.8033683,0.0019004344940185547
204443,normal,956,2,1782361037.8054833,0.002115011215209961
204444,normal,1172,0,1782361037.807464,0.0019805431365966797
204445,normal,2658,0,1782361037.80939,0.0019261837005615234
204446,normal,132,0,1782361037.8114882,0.00209808349609375
204447,normal,16,0,1782361037.8134727,0.0019845962524414062
204448,normal,3484,0,1782361037.8153822,0.001909494400024414
204449,normal,2838,0,1782361037.8174825,0.002100229263305664
204450,normal,1438,0,1782361037.8194726,0.001990079879760742
204451,normal,2908,0,1782361037.8214185,0.0019459724426269531
204452,normal,1540,0,1782361037.8234525,0.0020339488983154297
204453,normal,1722,0,1782361037.8255093,0.0020568370819091797
204454,normal,1804,0,1782361037.8274384,0.0019290447235107422
204455,normal,829,2,1782361037.8294494,0.0020110607147216797
204456,normal,295,0,1782361037.831473,0.0020236968994140625
204457,normal,2816,0,1782361037.833436,0.001962900161743164
204458,normal,2900,0,1782361037.835514,0.0020780563354492188
204459,normal,3018,0,1782361037.8374858,0.001971721649169922
204460,normal,3425,0,1782361037.83947,0.001984119415283203
204461,normal,2185,0,1782361037.841418,0.0019481182098388672
204462,normal,706,0,1782361037.8434846,0.0020666122436523438
204463,normal,1996,0,1782361037.8453562,0.0018715858459472656
204464,normal,2486,0,1782361037.847484,0.0021278858184814453
204465,normal,79,0,1782361037.8494995,0.002015352249145508
204466,normal,1970,0,1782361037.8514154,0.0019159317016601562
204467,normal,89,0,1782361037.8534603,0.0020449161529541016
204468,normal,2731,0,1782361037.855505,0.002044677734375
204469,normal,1757,0,1782361037.8574204,0.0019154548645019531
204470,normal,723,0,1782361037.8594515,0.002031087875366211
204471,normal,2374,0,1782361037.8614902,0.002038717269897461
204472,normal,2039,0,1782361037.8633857,0.0018954277038574219
204473,normal,2976,0,1782361037.8654938,0.0021080970764160156
204474,normal,1725,0,1782361037.867495,0.0020012855529785156
204475,normal,2575,0,1782361037.8693895,0.0018944740295410156
204476,normal,2888,0,1782361037.8714833,0.002093791961669922
204477,normal,3416,0,1782361037.8734903,0.002007007598876953
204478,normal,881,2,1782361037.8753643,0.0018739700317382812
204479,normal,2825,0,1782361037.8776104,0.0022461414337158203
204480,normal,3706,0,1782361037.879377,0.0017664432525634766
204481,normal,1798,0,1782361037.8814785,0.0021016597747802734
204482,normal,3622,0,1782361037.883367,0.0018885135650634766
204483,normal,1055,0,1782361037.8854992,0.0021321773529052734
204484,normal,3368,1,1782361037.8873856,0.0018863677978515625
204485,normal,2802,0,1782361037.8894784,0.0020928382873535156
204486,normal,2656,0,1782361037.8915029,0.002024412155151367
204487,normal,768,0,1782361037.8933578,0.0018548965454101562
204488,normal,1064,0,1782361037.8954916,0.0021338462829589844
204489,normal,2511,0,1782361037.8974907,0.0019991397857666016
204490,normal,278,0,1782361037.8993843,0.0018935203552246094
204491,normal,1274,0,1782361037.9014876,0.0021033287048339844
204492,normal,1207,0,1782361037.9035037,0.0020160675048828125
204493,normal,2196,0,1782361037.9053895,0.0018858909606933594
204494,normal,2836,0,1782361037.907479,0.0020895004272460938
204495,normal,373,0,1782361037.9094956,0.0020165443420410156
204496,normal,1564,0,1782361037.9113872,0.0018916130065917969
204497,normal,3267,1,1782361037.9136508,0.0022635459899902344
204498,normal,1179,0,1782361037.9155266,0.0018758773803710938
204499,normal,2553,0,1782361037.9173877,0.0018610954284667969
204500,normal,2403,0,1782361037.9194803,0.002092599868774414
204501,normal,3029,0,1782361037.9215207,0.002040386199951172
204502,normal,1078,0,1782361037.923392,0.001871347427368164
204503,normal,254,0,1782361037.9254794,0.0020873546600341797
204504,normal,3610,0,1782361037.9275184,0.0020389556884765625
204505,normal,2192,0,1782361037.9293664,0.001847982406616211
204506,normal,3688,0,1782361037.9314644,0.00209808349609375
204507,normal,871,2,1782361037.933519,0.002054452896118164
204508,normal,137,0,1782361037.9353666,0.0018477439880371094
204509,normal,2436,0,1782361037.937494,0.002127408981323242
204510,normal,2198,0,1782361037.9395187,0.0020246505737304688
204511,normal,276,0,1782361037.9413636,0.0018448829650878906
204512,normal,2520,0,1782361037.9434936,0.0021300315856933594
204513,normal,20,0,1782361037.945424,0.0019304752349853516
204514,normal,1280,0,1782361037.947357,0.0019328594207763672
204515,normal,766,0,1782361037.949488,0.0021309852600097656
204516,normal,2454,0,1782361037.9515104,0.0020225048065185547
204517,normal,3613,0,1782361037.9533596,0.0018491744995117188
204518,normal,3665,0,1782361037.9553425,0.0019829273223876953
204519,normal,230,0,1782361037.9575362,0.0021936893463134766
204520,normal,869,2,1782361037.9593563,0.0018200874328613281
204521,normal,3439,0,1782361037.961512,0.002155780792236328
204522,normal,2991,0,1782361037.9636009,0.002088785171508789
204523,normal,1860,0,1782361037.9655392,0.0019383430480957031
204524,normal,2371,0,1782361037.9675088,0.001969575881958008
204525,normal,3293,1,1782361037.96983,0.0023212432861328125
204526,normal,113,0,1782361037.9713962,0.001566171646118164
204527,normal,1707,0,1782361037.973725,0.0023288726806640625
204528,normal,552,0,1782361037.9756005,0.0018754005432128906
204529,normal,287,0,1782361037.9775445,0.0019440650939941406
204530,normal,623,0,1782361037.9795113,0.001966714859008789
204531,normal,56,0,1782361037.9818041,0.0022928714752197266
204532,normal,2260,0,1782361037.983416,0.001611948013305664
204533,normal,3653,0,1782361037.9857292,0.0023131370544433594
204534,normal,2812,0,1782361037.9876053,0.0018761157989501953
204535,normal,2034,0,1782361037.9895394,0.001934051513671875
204536,normal,1734,0,1782361037.9915082,0.001968860626220703
204537,normal,1525,0,1782361037.9938002,0.0022919178009033203
204538,normal,3641,0,1782361037.9954548,0.0016546249389648438
204539,normal,2476,0,1782361037.997515,0.0020601749420166016
204540,normal,3449,0,1782361037.9998362,0.0023212432861328125
204541,normal,527,0,1782361038.0014825,0.001646280288696289
204542,normal,1631,0,1782361038.00351,0.0020275115966796875
204543,normal,1551,0,1782361038.0058196,0.002309560775756836
204544,normal,2848,0,1782361038.0074804,0.0016608238220214844
204545,normal,2945,0,1782361038.0095117,0.0020313262939453125
204546,normal,3372,1,1782361038.0118282,0.0023164749145507812
204547,normal,2970,0,1782361038.013483,0.0016548633575439453
204548,normal,159,0,1782361038.0155096,0.0020265579223632812
204549,normal,992,2,1782361038.0177991,0.0022895336151123047
204550,normal,3075,1,1782361038.0194788,0.0016796588897705078
204551,normal,358,0,1782361038.0215316,0.002052783966064453
204552,normal,2902,0,1782361038.0237308,0.0021991729736328125
204553,normal,3490,0,1782361038.0253942,0.0016634464263916016
204554,normal,1886,0,1782361038.0275106,0.0021164417266845703
204555,normal,2983,0,1782361038.029747,0.0022363662719726562
204556,normal,3605,0,1782361038.0314803,0.0017333030700683594
204557,normal,3063,1,1782361038.0335126,0.0020322799682617188
204558,normal,545,0,1782361038.0358808,0.0023682117462158203
204559,normal,1456,0,1782361038.0383012,0.0024204254150390625
204560,normal,2953,0,1782361038.0393863,0.001085042953491211
204561,normal,233,0,1782361038.041713,0.0023267269134521484
204562,normal,2946,0,1782361038.0433826,0.0016696453094482422
204563,normal,1840,0,1782361038.0457053,0.002322673797607422
204564,normal,2660,0,1782361038.04753,0.0018246173858642578
204565,normal,1567,0,1782361038.0495455,0.0020155906677246094
204566,normal,2337,0,1782361038.0515096,0.001964092254638672
204567,normal,3507,0,1782361038.0534747,0.001965045928955078
204568,normal,1762,0,1782361038.0553827,0.0019080638885498047
204569,normal,1622,0,1782361038.05773,0.002347230911254883
204570,normal,1313,0,1782361038.0595372,0.0018072128295898438
204571,normal,597,0,1782361038.061539,0.0020017623901367188
204572,normal,2347,0,1782361038.063509,0.001970052719116211
204573,normal,2542,0,1782361038.0657246,0.0022156238555908203
204574,normal,890,2,1782361038.0674322,0.0017075538635253906
204575,normal,3315,1,1782361038.0695121,0.0020799636840820312
204576,normal,2657,0,1782361038.0717492,0.002237081527709961
204577,normal,1185,0,1782361038.073525,0.0017757415771484375
204578,normal,1678,0,1782361038.0755055,0.0019805431365966797
204579,normal,140,0,1782361038.077757,0.0022513866424560547
204580,normal,1847,0,1782361038.0795243,0.0017673969268798828
204581,normal,1129,0,1782361038.082268,0.0027437210083007812
204582,normal,1764,0,1782361038.0834453,0.0011773109436035156
204583,normal,128,0,1782361038.0857282,0.002282857894897461
204584,normal,2809,0,1782361038.0873828,0.0016546249389648438
204585,normal,2884,0,1782361038.089772,0.002389192581176758
204586,normal,2038,0,1782361038.0914838,0.0017118453979492188
204587,normal,1928,0,1782361038.093511,0.002027273178100586
204588,normal,3061,1,1782361038.095782,0.002270936965942383
204589,normal,1143,0,1782361038.0974844,0.0017023086547851562
204590,normal,2435,0,1782361038.099528,0.0020437240600585938
204591,normal,2826,0,1782361038.1015787,0.002050638198852539
204592,normal,2641,0,1782361038.1033835,0.0018048286437988281
204593,normal,657,0,1782361038.1057456,0.0023620128631591797
204594,normal,3571,0,1782361038.107595,0.0018494129180908203
204595,normal,986,2,1782361038.10954,0.0019450187683105469
204596,normal,1097,0,1782361038.111524,0.001984119415283203
204597,normal,740,0,1782361038.1137917,0.002267599105834961
204598,normal,1637,0,1782361038.1154852,0.0016934871673583984
204599,normal,3550,0,1782361038.117509,0.0020236968994140625
204600,normal,1180,0,1782361038.1198163,0.002307415008544922
204601,normal,22,0,1782361038.121487,0.0016705989837646484
204602,normal,3113,1,1782361038.1235116,0.0020246505737304688
204603,normal,515,0,1782361038.1256435,0.002131938934326172
204604,normal,1039,0,1782361038.1275282,0.0018846988677978516
204605,normal,2428,0,1782361038.1295114,0.001983165740966797
204606,normal,166,0,1782361038.1317186,0.0022072792053222656
204607,normal,1516,0,1782361038.1333852,0.0016665458679199219
204608,normal,1037,0,1782361038.1357267,0.0023415088653564453
204609,normal,2795,0,1782361038.1376116,0.0018849372863769531
204610,normal,1146,0,1782361038.139539,0.0019273757934570312
204611,normal,2429,0,1782361038.141513,0.0019741058349609375
204612,normal,3702,0,1782361038.1437953,0.0022821426391601562
204613,normal,3558,0,1782361038.1454008,0.0016055107116699219
204614,normal,2531,0,1782361038.1475127,0.0021119117736816406
204615,normal,579,0,1782361038.1497953,0.0022826194763183594
204616,normal,2334,0,1782361038.1514764,0.0016810894012451172
204617,normal,3253,1,1782361038.153504,0.0020275115966796875
204618,normal,867,2,1782361038.1558034,0.0022995471954345703
204619,normal,2579,0,1782361038.1573818,0.0015783309936523438
204620,normal,3270,1,1782361038.1597283,0.002346515655517578
204621,normal,2316,0,1782361038.1616066,0.0018782615661621094
204622,normal,1801,0,1782361038.1635382,0.0019316673278808594
204623,normal,2209,0,1782361038.1655111,0.0019729137420654297
204624,normal,3223,1,1782361038.1678178,0.002306699752807617
204625,normal,1695,0,1782361038.1694913,0.0016734600067138672
204626,normal,1706,0,1782361038.1715121,0.0020208358764648438
204627,normal,292,0,1782361038.1738122,0.0023000240325927734
204628,normal,5,0,1782361038.175458,0.001645803451538086
204629,normal,72,0,1782361038.1775236,0.0020656585693359375
204630,normal,2863,0,1782361038.1797996,0.0022759437561035156
204631,normal,393,0,1782361038.1814857,0.00168609619140625
204632,normal,2088,0,1782361038.1835089,0.0020232200622558594
204633,normal,2732,0,1782361038.185825,0.0023162364959716797
204634,normal,492,0,1782361038.187485,0.0016598701477050781
204635,normal,1818,0,1782361038.1895127,0.002027750015258789
204636,normal,2040,0,1782361038.1917875,0.002274751663208008
204637,normal,3262,1,1782361038.1933815,0.0015940666198730469
204638,normal,1188,0,1782361038.1957252,0.0023436546325683594
204639,normal,1360,1,1782361038.1975183,0.0017931461334228516
204640,normal,2367,0,1782361038.1995473,0.002028942108154297
204641,normal,1237,0,1782361038.2015073,0.0019600391387939453
204642,normal,502,0,1782361038.2037268,0.0022194385528564453
204643,normal,3134,1,1782361038.2053812,0.0016543865203857422
204644,normal,3684,0,1782361038.2077222,0.002341032028198242
204645,normal,1792,0,1782361038.2095237,0.0018014907836914062
204646,normal,3643,0,1782361038.2115371,0.0020134449005126953
204647,normal,2672,0,1782361038.2135112,0.0019741058349609375
204648,normal,571,0,1782361038.2157354,0.0022242069244384766
204649,normal,654,0,1782361038.2174838,0.0017483234405517578
204650,normal,1326,1,1782361038.21951,0.0020263195037841797
204651,normal,3603,0,1782361038.2217443,0.002234220504760742
204652,normal,3458,0,1782361038.223545,0.0018007755279541016
204653,normal,1935,0,1782361038.2255113,0.001966238021850586
204654,normal,1709,0,1782361038.2275288,0.002017498016357422
204655,normal,9,0,1782361038.229523,0.0019941329956054688
204656,normal,1579,0,1782361038.2315254,0.0020024776458740234
204657,normal,903,2,1782361038.2337441,0.0022187232971191406
204658,normal,1427,0,1782361038.2355475,0.0018033981323242188
204659,normal,2241,0,1782361038.2375097,0.0019621849060058594
204660,normal,2484,0,1782361038.2397451,0.00223541259765625
204661,normal,2538,0,1782361038.2415404,0.0017952919006347656
204662,normal,148,0,1782361038.2433841,0.0018436908721923828
204663,normal,525,0,1782361038.2457485,0.0023643970489501953
204664,normal,1212,0,1782361038.247486,0.0017375946044921875
204665,normal,2235,0,1782361038.249508,0.00202178955078125
204666,normal,2370,0,1782361038.2517242,0.002216339111328125
204667,normal,3259,1,1782361038.2533774,0.0016531944274902344
204668,normal,242,0,1782361038.2557373,0.0023598670959472656
204669,normal,3146,1,1782361038.2575445,0.0018072128295898438
204670,normal,3705,0,1782361038.2595491,0.0020046234130859375
204671,normal,3388,1,1782361038.2615116,0.001962423324584961
204672,normal,2086,0,1782361038.2637548,0.0022432804107666016
204673,normal,1896,0,1782361038.265486,0.0017311573028564453
204674,normal,852,2,1782361038.267512,0.002026081085205078
204675,normal,3234,1,1782361038.2697604,0.0022482872009277344
204676,normal,886,2,1782361038.2714846,0.0017242431640625
204677,normal,601,0,1782361038.2735126,0.0020279884338378906
204678,normal,716,0,1782361038.275761,0.0022482872009277344
204679,normal,3480,0,1782361038.2774804,0.0017194747924804688
204680,normal,3640,0,1782361038.2795105,0.0020301342010498047
204681,normal,1451,0,1782361038.2817621,0.0022516250610351562
204682,normal,749,0,1782361038.2834885,0.001726388931274414
204683,normal,1533,0,1782361038.285507,0.002018451690673828
204684,normal,2463,0,1782361038.287763,0.002256155014038086
204685,normal,2135,0,1782361038.2894886,0.0017254352569580078
204686,normal,943,2,1782361038.291511,0.0020225048065185547
204687,normal,1139,0,1782361038.2937808,0.002269744873046875
204688,normal,2187,0,1782361038.295489,0.0017082691192626953
204689,normal,2092,0,1782361038.2977495,0.002260446548461914
204690,normal,1989,0,1782361038.299746,0.0019965171813964844
204691,normal,1712,0,1782361038.3013325,0.0015864372253417969
204692,normal,2766,0,1782361038.3032944,0.001961946487426758
204693,normal,1347,1,1782361038.3052962,0.0020017623901367188
204694,normal,3563,0,1782361038.3072822,0.0019860267639160156
204695,normal,3001,0,1782361038.3092825,0.0020003318786621094
204696,normal,2924,0,1782361038.3113177,0.0020351409912109375
204697,normal,937,2,1782361038.3132699,0.0019521713256835938
204698,normal,3511,0,1782361038.3153276,0.002057790756225586
204699,normal,2258,0,1782361038.3172588,0.0019311904907226562
204700,normal,2781,0,1782361038.319481,0.0022220611572265625
204701,normal,3675,0,1782361038.3213282,0.0018472671508789062
204702,normal,2532,0,1782361038.3234951,0.0021669864654541016
204703,normal,3493,0,1782361038.3254201,0.0019249916076660156
204704,normal,1556,0,1782361038.3273284,0.0019083023071289062
204705,normal,2697,0,1782361038.3295004,0.0021719932556152344
204706,normal,3650,0,1782361038.3313894,0.0018889904022216797
204707,normal,2887,0,1782361038.333335,0.00194549560546875
204708,normal,1892,0,1782361038.3355005,0.002165555953979492
204709,normal,827,2,1782361038.3374112,0.0019106864929199219
204710,normal,326,0,1782361038.339331,0.0019197463989257812
204711,normal,1265,0,1782361038.3413482,0.0020172595977783203
204712,normal,2003,0,1782361038.3433886,0.002040386199951172
204713,normal,2969,0,1782361038.345328,0.001939535140991211
204714,normal,2305,0,1782361038.3473504,0.002022266387939453
204715,normal,1617,0,1782361038.3494148,0.0020644664764404297
204716,normal,3697,0,1782361038.35135,0.0019352436065673828
204717,normal,127,0,1782361038.3533075,0.001957416534423828
204718,normal,1885,0,1782361038.3552814,0.001973867416381836
204719,normal,1772,0,1782361038.3572862,0.002004861831665039
204720,normal,2905,0,1782361038.3592882,0.0020020008087158203
204721,normal,1800,0,1782361038.3612869,0.0019986629486083984
204722,normal,2549,0,1782361038.3632882,0.0020012855529785156
204723,normal,962,2,1782361038.3652866,0.001998424530029297
204724,normal,210,0,1782361038.3673267,0.0020401477813720703
204725,normal,2009,0,1782361038.3694835,0.0021567344665527344
204726,normal,1744,0,1782361038.3713598,0.0018763542175292969
204727,normal,3049,1,1782361038.3734736,0.002113819122314453
204728,normal,2294,0,1782361038.3753285,0.0018548965454101562
204729,normal,574,0,1782361038.377487,0.0021584033966064453
204730,normal,964,2,1782361038.3793848,0.0018978118896484375
204731,normal,1276,0,1782361038.3813255,0.0019407272338867188
204732,normal,1425,0,1782361038.383521,0.002195596694946289
204733,normal,2610,0,1782361038.3854084,0.0018873214721679688
204734,normal,174,0,1782361038.3873265,0.0019180774688720703
204735,normal,3689,0,1782361038.3895273,0.0022008419036865234
204736,normal,3043,0,1782361038.3913863,0.0018589496612548828
204737,normal,594,0,1782361038.393326,0.0019397735595703125
204738,normal,3450,0,1782361038.3955266,0.002200603485107422
204739,normal,2839,0,1782361038.397405,0.0018782615661621094
204740,normal,464,0,1782361038.3993301,0.0019252300262451172
204741,normal,3329,1,1782361038.4015296,0.002199411392211914
204742,normal,2359,0,1782361038.4033842,0.0018546581268310547
204743,normal,2222,0,1782361038.4053361,0.0019519329071044922
204744,normal,1247,0,1782361038.4075313,0.002195119857788086
204745,normal,2895,0,1782361038.4094048,0.0018734931945800781
204746,normal,2493,0,1782361038.4113321,0.0019273757934570312
204747,normal,2805,0,1782361038.4135358,0.002203702926635742
204748,normal,2862,0,1782361038.4153774,0.0018415451049804688
204749,normal,2152,0,1782361038.4173293,0.0019519329071044922
204750,normal,2172,0,1782361038.4195356,0.0022063255310058594
204751,normal,3225,1,1782361038.421403,0.0018672943115234375
204752,normal,3014,0,1782361038.4233272,0.001924276351928711
204753,normal,2490,0,1782361038.4255407,0.0022134780883789062
204754,normal,413,0,1782361038.4273875,0.0018467903137207031
204755,normal,2586,0,1782361038.4293299,0.0019423961639404297
204756,normal,1645,0,1782361038.4315414,0.0022115707397460938
204757,normal,1580,0,1782361038.4334013,0.001859903335571289
204758,normal,117,0,1782361038.4353342,0.0019328594207763672
204759,normal,2339,0,1782361038.4375453,0.0022110939025878906
204760,normal,3486,0,1782361038.439366,0.0018208026885986328
204761,normal,2060,0,1782361038.4413278,0.0019617080688476562
204762,normal,1758,0,1782361038.4435465,0.0022187232971191406
204763,normal,3161,1,1782361038.4453907,0.001844167709350586
204764,normal,2372,0,1782361038.447327,0.001936197280883789
204765,normal,1937,0,1782361038.4495504,0.002223491668701172
204766,normal,850,2,1782361038.4513729,0.0018224716186523438
204767,normal,129,0,1782361038.4533281,0.001955270767211914
204768,normal,2581,0,1782361038.4553962,0.002068042755126953
204769,normal,161,0,1782361038.457487,0.002090930938720703
204770,normal,1325,1,1782361038.459328,0.001840829849243164
204771,normal,613,0,1782361038.461555,0.0022270679473876953
204772,normal,3101,1,1782361038.4633775,0.0018224716186523438
204773,normal,745,0,1782361038.465326,0.0019485950469970703
204774,normal,2685,0,1782361038.467557,0.0022308826446533203
204775,normal,575,0,1782361038.4694006,0.0018436908721923828
204776,normal,2048,0,1782361038.4713256,0.0019249916076660156
204777,normal,2528,0,1782361038.4735596,0.0022339820861816406
204778,normal,369,0,1782361038.4753692,0.0018095970153808594
204779,normal,695,0,1782361038.4773269,0.0019576549530029297
204780,normal,707,0,1782361038.479559,0.002232074737548828
204781,normal,3519,0,1782361038.4813924,0.0018334388732910156
204782,normal,3579,0,1782361038.4833293,0.0019369125366210938
204783,normal,615,0,1782361038.4854999,0.002170562744140625
204784,normal,3081,1,1782361038.4873793,0.0018794536590576172
204785,normal,2874,0,1782361038.4893312,0.0019519329071044922
204786,normal,1400,0,1782361038.4915638,0.0022325515747070312
204787,normal,2093,0,1782361038.4933999,0.0018360614776611328
204788,normal,2612,0,1782361038.495328,0.001928091049194336
204789,normal,3529,0,1782361038.4975672,0.002239227294921875
204790,normal,1632,0,1782361038.4993973,0.0018301010131835938
204791,normal,858,2,1782361038.502574,0.0031766891479492188
204792,normal,1399,0,1782361038.503413,0.0008389949798583984
204793,normal,2824,0,1782361038.5053709,0.0019578933715820312
204794,normal,3072,1,1782361038.5073285,0.0019576549530029297
204795,normal,1285,0,1782361038.5095732,0.002244710922241211
204796,normal,1569,0,1782361038.5114164,0.0018432140350341797
204797,normal,978,2,1782361038.513326,0.001909494400024414
204798,normal,1423,0,1782361038.5155747,0.0022487640380859375
204799,normal,1964,0,1782361038.5173733,0.0017986297607421875
204800,normal,679,0,1782361038.5193286,0.001955270767211914
204801,normal,197,0,1782361038.5214796,0.002151012420654297
204802,normal,2785,0,1782361038.523397,0.0019173622131347656
204803,normal,3114,1,1782361038.5253258,0.0019288063049316406
204804,normal,3391,1,1782361038.527615,0.002289295196533203
204805,normal,560,0,1782361038.5293646,0.0017495155334472656
204806,normal,2387,0,1782361038.531331,0.0019664764404296875
204807,normal,1354,1,1782361038.5334854,0.0021543502807617188
204808,normal,2008,0,1782361038.5353882,0.0019028186798095703
204809,normal,1192,0,1782361038.5373263,0.0019381046295166016
204810,normal,1833,0,1782361038.5394883,0.0021619796752929688
204811,normal,2471,0,1782361038.541331,0.0018427371978759766
204812,normal,1908,0,1782361038.54348,0.002148866653442383
204813,normal,1176,0,1782361038.5453327,0.0018527507781982422
204814,normal,2753,0,1782361038.5474842,0.0021514892578125
204815,normal,2508,0,1782361038.5493262,0.0018420219421386719
204816,normal,381,0,1782361038.551493,0.002166748046875
204817,normal,2256,0,1782361038.5534039,0.0019109249114990234
204818,normal,3216,1,1782361038.555324,0.0019202232360839844
204819,normal,1294,0,1782361038.5573375,0.0020134449005126953
204820,normal,3096,1,1782361038.5593884,0.0020508766174316406
204821,normal,1069,0,1782361038.5613291,0.0019407272338867188
204822,normal,3209,1,1782361038.5635,0.0021708011627197266
204823,normal,3703,0,1782361038.5653663,0.0018663406372070312
204824,normal,108,0,1782361038.567335,0.0019686222076416016
204825,normal,2950,0,1782361038.5694997,0.0021648406982421875
204826,normal,63,0,1782361038.5714788,0.0019791126251220703
204827,normal,2982,0,1782361038.5733154,0.001836538314819336
204828,normal,505,0,1782361038.5755026,0.0021872520446777344
204829,normal,2659,0,1782361038.577406,0.0019032955169677734
204830,normal,1481,0,1782361038.5793316,0.0019257068634033203
204831,normal,1199,0,1782361038.5815055,0.002173900604248047
204832,normal,2145,0,1782361038.5833757,0.0018701553344726562
204833,normal,3016,0,1782361038.5853276,0.0019519329071044922
204834,normal,450,0,1782361038.5875058,0.002178192138671875
204835,normal,2776,0,1782361038.5894058,0.0018999576568603516
204836,normal,2311,0,1782361038.591326,0.0019202232360839844
204837,normal,3419,0,1782361038.5933528,0.002026796340942383
204838,normal,611,0,1782361038.595483,0.002130270004272461
204839,normal,3333,1,1782361038.5973263,0.0018432140350341797
204840,normal,2384,0,1782361038.5995119,0.0021855831146240234
204841,normal,217,0,1782361038.601399,0.0018870830535888672
204842,normal,1316,0,1782361038.6033247,0.0019257068634033203
204843,normal,2622,0,1782361038.6055152,0.0021905899047851562
204844,normal,1309,0,1782361038.60737,0.0018546581268310547
204845,normal,933,2,1782361038.609328,0.001958131790161133
204846,normal,2817,0,1782361038.6115148,0.0021867752075195312
204847,normal,3118,1,1782361038.6133778,0.0018630027770996094
204848,normal,2892,0,1782361038.6153383,0.0019605159759521484
204849,normal,3344,1,1782361038.6175146,0.0021762847900390625
204850,normal,3152,1,1782361038.6193767,0.0018620491027832031
204851,normal,416,0,1782361038.6213322,0.0019555091857910156
204852,normal,3482,0,1782361038.6235259,0.0021936893463134766
204853,normal,3260,1,1782361038.6253972,0.001871347427368164
204854,normal,350,0,1782361038.627345,0.0019478797912597656
204855,normal,3208,1,1782361038.62952,0.002174854278564453
204856,normal,3249,1,1782361038.6313725,0.0018525123596191406
204857,normal,2157,0,1782361038.6333263,0.0019538402557373047
204858,normal,2055,0,1782361038.635476,0.002149820327758789
204859,normal,3212,1,1782361038.6374304,0.001954317092895508
204860,normal,1845,0,1782361038.6399758,0.0025453567504882812
204861,normal,3139,1,1782361038.6413093,0.001333475112915039
204862,normal,2180,0,1782361038.643324,0.002014636993408203
204863,normal,1365,1,1782361038.645481,0.0021572113037109375
204864,normal,379,0,1782361038.6473742,0.0018930435180664062
204865,normal,3363,1,1782361038.649473,0.0020987987518310547
204866,normal,2957,0,1782361038.6513293,0.0018563270568847656
204867,normal,1027,2,1782361038.6535292,0.002199888229370117
204868,normal,2834,0,1782361038.6553273,0.0017981529235839844
204869,normal,2414,0,1782361038.6574762,0.002148866653442383
204870,normal,1586,0,1782361038.6593773,0.0019011497497558594
204871,normal,3251,1,1782361038.6614747,0.0020973682403564453
204872,normal,3229,1,1782361038.6633236,0.0018489360809326172
204873,normal,1300,0,1782361038.665534,0.002210378646850586
204874,normal,2852,0,1782361038.6673255,0.0017914772033691406
204875,normal,2468,0,1782361038.6694782,0.002152681350708008
204876,normal,2613,0,1782361038.6713822,0.0019040107727050781
204877,normal,25,0,1782361038.6734793,0.0020971298217773438
204878,normal,1014,2,1782361038.6753242,0.0018448829650878906
204879,normal,57,0,1782361038.6775372,0.002213001251220703
204880,normal,2506,0,1782361038.6793237,0.0017864704132080078
204881,normal,3059,1,1782361038.6814756,0.002151966094970703
204882,normal,2803,0,1782361038.6833878,0.0019121170043945312
204883,normal,158,0,1782361038.6854713,0.0020835399627685547
204884,normal,699,0,1782361038.6873271,0.0018558502197265625
204885,normal,147,0,1782361038.689544,0.002216815948486328
204886,normal,495,0,1782361038.691372,0.0018279552459716797
204887,normal,510,0,1782361038.6933253,0.0019533634185791016
204888,normal,1378,1,1782361038.6955466,0.002221345901489258
204889,normal,1554,0,1782361038.697346,0.0017993450164794922
204890,normal,3109,1,1782361038.6993227,0.0019767284393310547
204891,normal,1341,1,1782361038.701557,0.002234220504760742
204892,normal,432,0,1782361038.703376,0.0018191337585449219
204893,normal,3352,1,1782361038.7053232,0.001947164535522461
204894,normal,3594,0,1782361038.7075527,0.002229452133178711
204895,normal,231,0,1782361038.7093456,0.00179290771484375
204896,normal,979,2,1782361038.7113245,0.0019788742065429688
204897,normal,3700,0,1782361038.713553,0.0022284984588623047
204898,normal,2749,0,1782361038.7153716,0.0018186569213867188
204899,normal,3246,1,1782361038.7173262,0.0019545555114746094
204900,normal,966,2,1782361038.719556,0.002229928970336914
204901,normal,211,0,1782361038.72135,0.0017938613891601562
204902,normal,1295,0,1782361038.7233331,0.001983165740966797
204903,normal,3194,1,1782361038.7255583,0.002225160598754883
204904,normal,185,0,1782361038.7273777,0.0018193721771240234
204905,normal,1482,0,1782361038.729347,0.0019693374633789062
204906,normal,3345,1,1782361038.7315614,0.0022144317626953125
204907,normal,1765,0,1782361038.7333496,0.0017881393432617188
204908,normal,3417,0,1782361038.735325,0.001975536346435547
204909,normal,21,0,1782361038.7375631,0.002238035202026367
204910,normal,2922,0,1782361038.7393749,0.0018117427825927734
204911,normal,1108,0,1782361038.7413356,0.00196075439453125
204912,normal,2217,0,1782361038.7435663,0.0022306442260742188
204913,normal,2587,0,1782361038.7453434,0.0017771720886230469
204914,normal,3576,0,1782361038.747325,0.001981496810913086
204915,normal,377,0,1782361038.7495685,0.002243518829345703
204916,normal,626,0,1782361038.751379,0.0018105506896972656
204917,normal,2607,0,1782361038.7533245,0.00194549560546875
204918,normal,1954,0,1782361038.7554178,0.0020933151245117188
204919,normal,3422,0,1782361038.7573526,0.0019347667694091797
204920,normal,2650,0,1782361038.7593277,0.0019750595092773438
204921,normal,1311,0,1782361038.7615736,0.0022459030151367188
204922,normal,2639,0,1782361038.7633712,0.0017976760864257812
204923,normal,3462,0,1782361038.7653255,0.001954317092895508
204924,normal,250,0,1782361038.7675097,0.002184152603149414
204925,normal,893,2,1782361038.7693512,0.0018415451049804688
204926,normal,3028,0,1782361038.7713642,0.002012968063354492
204927,normal,1240,0,1782361038.7734823,0.0021181106567382812
204928,normal,3340,1,1782361038.775374,0.0018916130065917969
204929,normal,3284,1,1782361038.7773273,0.0019533634185791016
204930,normal,907,2,1782361038.7794838,0.002156496047973633
204931,normal,742,0,1782361038.781348,0.0018641948699951172
204932,normal,485,0,1782361038.7833276,0.0019795894622802734
204933,normal,2800,0,1782361038.7854843,0.0021567344665527344
204934,normal,3195,1,1782361038.7873857,0.001901388168334961
204935,normal,2299,0,1782361038.7893217,0.0019359588623046875
204936,normal,2432,0,1782361038.7914872,0.002165555953979492
204937,normal,2285,0,1782361038.7933474,0.0018601417541503906
204938,normal,577,0,1782361038.79549,0.002142667770385742
204939,normal,736,0,1782361038.7973406,0.0018506050109863281
204940,normal,460,0,1782361038.7994788,0.0021381378173828125
204941,normal,2142,0,1782361038.801333,0.0018541812896728516
204942,normal,2644,0,1782361038.8034945,0.0021615028381347656
204943,normal,271,0,1782361038.8053496,0.0018551349639892578
204944,normal,784,2,1782361038.8073244,0.001974821090698242
204945,normal,1576,0,1782361038.809495,0.002170562744140625
204946,normal,2711,0,1782361038.8113744,0.0018794536590576172
204947,normal,3686,0,1782361038.813323,0.0019485950469970703
204948,normal,1539,0,1782361038.8154995,0.002176523208618164
204949,normal,1193,0,1782361038.8174403,0.0019407272338867188
204950,normal,923,2,1782361038.8193145,0.0018742084503173828
204951,normal,865,2,1782361038.8215,0.0021855831146240234
204952,normal,1641,0,1782361038.8233776,0.0018775463104248047
204953,normal,268,0,1782361038.825325,0.0019474029541015625
204954,normal,822,2,1782361038.8273485,0.002023458480834961
204955,normal,2021,0,1782361038.8294823,0.0021338462829589844
204956,normal,2169,0,1782361038.8313253,0.0018429756164550781
204957,normal,2633,0,1782361038.8335059,0.0021805763244628906
204958,normal,1756,0,1782361038.8353777,0.0018718242645263672
204959,normal,744,0,1782361038.837322,0.0019443035125732422
204960,normal,3149,1,1782361038.8395102,0.0021882057189941406
204961,normal,521,0,1782361038.841361,0.0018508434295654297
204962,normal,1546,0,1782361038.8433266,0.0019655227661132812
204963,normal,1541,0,1782361038.8455102,0.002183675765991211
204964,normal,2062,0,1782361038.8473895,0.0018792152404785156
204965,normal,1750,0,1782361038.8493254,0.0019359588623046875
204966,normal,311,0,1782361038.851516,0.0021905899047851562
204967,normal,918,2,1782361038.853367,0.0018510818481445312
204968,normal,351,0,1782361038.8553228,0.001955747604370117
204969,normal,3651,0,1782361038.8575163,0.002193450927734375
204970,normal,1197,0,1782361038.8593798,0.0018634796142578125
204971,normal,588,0,1782361038.8613248,0.0019450187683105469
204972,normal,3133,1,1782361038.863518,0.0021932125091552734
204973,normal,2239,0,1782361038.8653564,0.0018384456634521484
204974,normal,1445,0,1782361038.867361,0.0020046234130859375
204975,normal,2129,0,1782361038.8695183,0.0021572113037109375
204976,normal,2933,0,1782361038.871459,0.0019407272338867188
204977,normal,1023,2,1782361038.8733141,0.0018551349639892578
204978,normal,1791,0,1782361038.8755207,0.002206563949584961
204979,normal,2097,0,1782361038.8773835,0.0018627643585205078
204980,normal,965,2,1782361038.879336,0.0019526481628417969
204981,normal,2614,0,1782361038.8815246,0.002188444137573242
204982,normal,1375,1,1782361038.8833869,0.0018622875213623047
204983,normal,2589,0,1782361038.8853216,0.0019347667694091797
204984,normal,122,0,1782361038.8875277,0.002206087112426758
204985,normal,2329,0,1782361038.8893585,0.0018308162689208984
204986,normal,3524,0,1782361038.8913255,0.0019669532775878906
204987,normal,1410,0,1782361038.8935277,0.002202272415161133
204988,normal,149,0,1782361038.8953805,0.0018527507781982422
204989,normal,3421,0,1782361038.8973248,0.0019443035125732422
204990,normal,772,2,1782361038.899532,0.0022072792053222656
204991,normal,3469,0,1782361038.901366,0.0018339157104492188
204992,normal,3369,1,1782361038.9033225,0.001956462860107422
204993,normal,1473,0,1782361038.905553,0.0022306442260742188
204994,normal,1486,0,1782361038.9073758,0.0018227100372314453
204995,normal,394,0,1782361038.9093258,0.0019500255584716797
204996,normal,2204,0,1782361038.9115374,0.0022115707397460938
204997,normal,580,0,1782361038.9133482,0.0018107891082763672
204998,normal,709,0,1782361038.9153252,0.0019769668579101562
204999,normal,1058,0,1782361038.9175394,0.002214193344116211
205000,normal,1705,0,1782361038.9193254,0.0017859935760498047
205001,normal,3407,0,1782361038.921471,0.0021457672119140625
205002,normal,193,0,1782361038.9233198,0.0018486976623535156
205003,normal,1521,0,1782361038.925365,0.002045154571533203
205004,normal,3280,1,1782361038.9272864,0.0019214153289794922
205005,normal,434,0,1782361038.9292958,0.0020093917846679688
205006,normal,3074,1,1782361038.9313009,0.0020051002502441406
205007,normal,1855,0,1782361038.9332888,0.001987934112548828
205008,normal,968,2,1782361038.9353294,0.0020406246185302734
205009,normal,2899,0,1782361038.93731,0.0019805431365966797
205010,normal,267,0,1782361038.9392922,0.0019822120666503906
205011,normal,1160,0,1782361038.9413178,0.002025604248046875
205012,normal,1373,1,1782361038.9432354,0.0019176006317138672
205013,normal,273,0,1782361038.9452808,0.0020453929901123047
205014,normal,3476,0,1782361038.9472568,0.00197601318359375
205015,normal,819,2,1782361038.9492776,0.0020208358764648438
205016,normal,2964,0,1782361038.9513016,0.002023935317993164
205017,normal,297,0,1782361038.9532638,0.0019621849060058594
205018,normal,224,0,1782361038.9552863,0.0020225048065185547
205019,normal,2390,0,1782361038.95727,0.001983642578125
205020,normal,2352,0,1782361038.9593213,0.0020513534545898438
205021,normal,1655,0,1782361038.961484,0.0021626949310302734
205022,normal,3448,0,1782361038.9633243,0.001840353012084961
205023,normal,1136,0,1782361038.9654934,0.0021691322326660156
205024,normal,624,0,1782361038.9673607,0.0018672943115234375
205025,normal,3470,0,1782361038.9693274,0.001966714859008789
205026,normal,1110,0,1782361038.971562,0.0022344589233398438
205027,normal,2295,0,1782361038.9733403,0.0017783641815185547
205028,normal,879,2,1782361038.9754763,0.0021359920501708984
205029,normal,2786,0,1782361038.9774103,0.001934051513671875
205030,normal,1887,0,1782361038.9794748,0.0020644664764404297
205031,normal,942,2,1782361038.981324,0.0018491744995117188
205032,normal,651,0,1782361038.9835687,0.002244710922241211
205033,normal,501,0,1782361038.9853396,0.0017709732055664062
205034,normal,2827,0,1782361038.9874754,0.002135753631591797
205035,normal,3086,1,1782361038.9894164,0.0019409656524658203
205036,normal,3321,1,1782361038.9914844,0.002068042755126953
205037,normal,497,0,1782361038.9933245,0.0018401145935058594
205038,normal,3522,0,1782361038.9955714,0.002246856689453125
205039,normal,49,0,1782361038.9973567,0.0017852783203125
205040,normal,641,0,1782361038.9993255,0.001968860626220703
205041,normal,2925,0,1782361039.0014763,0.0021507740020751953
205042,normal,1511,0,1782361039.0033782,0.001901865005493164
205043,normal,1775,0,1782361039.005324,0.0019457340240478516
205044,normal,2028,0,1782361039.0074801,0.0021562576293945312
205045,normal,370,0,1782361039.009336,0.0018558502197265625
205046,normal,3553,0,1782361039.011475,0.0021390914916992188
205047,normal,1844,0,1782361039.013328,0.0018529891967773438
205048,normal,2821,0,1782361039.0154757,0.002147674560546875
205049,normal,851,2,1782361039.0173252,0.0018494129180908203
205050,normal,107,0,1782361039.0194857,0.0021605491638183594
205051,normal,734,0,1782361039.02134,0.0018541812896728516
205052,normal,769,0,1782361039.0234737,0.0021338462829589844
205053,normal,2147,0,1782361039.02533,0.0018563270568847656
205054,normal,2186,0,1782361039.0274718,0.002141714096069336
205055,normal,1281,0,1782361039.0293248,0.0018529891967773438
205056,normal,270,0,1782361039.0315049,0.0021800994873046875
205057,normal,2287,0,1782361039.0333374,0.0018324851989746094
205058,normal,2475,0,1782361039.035481,0.0021436214447021484
205059,normal,3513,0,1782361039.0373363,0.0018553733825683594
205060,normal,838,2,1782361039.0394745,0.0021381378173828125
205061,normal,1356,1,1782361039.0413232,0.0018486976623535156
205062,normal,2397,0,1782361039.0434961,0.0021729469299316406
205063,normal,1664,0,1782361039.0453355,0.0018393993377685547
205064,normal,814,2,1782361039.0474744,0.002138853073120117
205065,normal,1681,0,1782361039.0493429,0.0018684864044189453
205066,normal,817,2,1782361039.051479,0.00213623046875
205067,normal,530,0,1782361039.0533257,0.0018465518951416016
205068,normal,2398,0,1782361039.055512,0.002186298370361328
205069,normal,2210,0,1782361039.0573335,0.0018215179443359375
205070,normal,2548,0,1782361039.0594735,0.002140045166015625
205071,normal,480,0,1782361039.0613472,0.0018737316131591797
205072,normal,2609,0,1782361039.0634737,0.002126455307006836
205073,normal,3062,1,1782361039.0653248,0.0018510818481445312
205074,normal,116,0,1782361039.0675037,0.0021789073944091797
205075,normal,2132,0,1782361039.0693364,0.001832723617553711
205076,normal,507,0,1782361039.0714743,0.002137899398803711
205077,normal,1761,0,1782361039.073353,0.0018787384033203125
205078,normal,1504,0,1782361039.0754776,0.0021245479583740234
205079,normal,733,0,1782361039.0773227,0.0018451213836669922
205080,normal,3022,0,1782361039.0795078,0.0021851062774658203
205081,normal,3020,0,1782361039.0813663,0.0018584728240966797
205082,normal,200,0,1782361039.0833223,0.0019559860229492188
205083,normal,630,0,1782361039.0855105,0.0021882057189941406
205084,normal,1713,0,1782361039.0873408,0.0018303394317626953
205085,normal,2563,0,1782361039.089481,0.0021402835845947266
205086,normal,2449,0,1782361039.0913599,0.0018787384033203125
205087,normal,105,0,1782361039.0934758,0.002115964889526367
205088,normal,1770,0,1782361039.0953238,0.001847982406616211
205089,normal,1949,0,1782361039.0975163,0.0021924972534179688
205090,normal,1828,0,1782361039.0993383,0.0018219947814941406
205091,normal,2477,0,1782361039.101475,0.002136707305908203
205092,normal,365,0,1782361039.1033661,0.0018911361694335938
205093,normal,264,0,1782361039.1054742,0.0021080970764160156
205094,normal,777,2,1782361039.1073232,0.0018489360809326172
205095,normal,3130,1,1782361039.1095207,0.0021975040435791016
205096,normal,2507,0,1782361039.1113522,0.0018315315246582031
205097,normal,2365,0,1782361039.1133313,0.0019791126251220703
205098,normal,3528,0,1782361039.115523,0.002191781997680664
205099,normal,1291,0,1782361039.117343,0.0018198490142822266
205100,normal,2920,0,1782361039.1193247,0.0019817352294921875
205101,normal,2561,0,1782361039.1215267,0.0022020339965820312
205102,normal,487,0,1782361039.1233187,0.0017919540405273438
205103,normal,2111,0,1782361039.1253314,0.0020127296447753906
205104,normal,779,2,1782361039.127527,0.002195596694946289
205105,normal,3080,1,1782361039.1293404,0.0018134117126464844
205106,normal,2267,0,1782361039.1315372,0.002196788787841797
205107,normal,3483,0,1782361039.133376,0.00183868408203125
205108,normal,2593,0,1782361039.1354742,0.0020983219146728516
205109,normal,1441,0,1782361039.1373236,0.0018494129180908203
205110,normal,3138,1,1782361039.1395345,0.002210855484008789
205111,normal,1102,0,1782361039.1413307,0.0017962455749511719
205112,normal,1428,0,1782361039.1434648,0.002134084701538086
205113,normal,1006,2,1782361039.145382,0.001917123794555664
205114,normal,2783,0,1782361039.1474755,0.0020935535430908203
205115,normal,3279,1,1782361039.1493227,0.0018472671508789062
205116,normal,2018,0,1782361039.151539,0.002216339111328125
205117,normal,438,0,1782361039.1533449,0.0018057823181152344
205118,normal,3272,1,1782361039.1554759,0.0021309852600097656
205119,normal,3662,0,1782361039.1573873,0.0019114017486572266
205120,normal,2889,0,1782361039.159474,0.002086639404296875
205121,normal,145,0,1782361039.1613238,0.0018498897552490234
205122,normal,1959,0,1782361039.1635401,0.002216339111328125
205123,normal,437,0,1782361039.1653414,0.0018012523651123047
205124,normal,1128,0,1782361039.1674728,0.0021314620971679688
205125,normal,54,0,1782361039.169392,0.0019192695617675781
205126,normal,2666,0,1782361039.1714773,0.0020852088928222656
205127,normal,3,0,1782361039.173322,0.001844644546508789
205128,normal,3479,0,1782361039.1755478,0.0022258758544921875
205129,normal,1173,0,1782361039.1773417,0.0017938613891601562
205130,normal,304,0,1782361039.1794755,0.0021338462829589844
205131,normal,971,2,1782361039.1813965,0.001920938491821289
205132,normal,2200,0,1782361039.183477,0.0020804405212402344
205133,normal,658,0,1782361039.1853254,0.001848459243774414
205134,normal,1028,2,1782361039.1875494,0.002223968505859375
205135,normal,3547,0,1782361039.1893628,0.0018134117126464844
205136,normal,2768,0,1782361039.191332,0.0019693374633789062
205137,normal,1200,0,1782361039.1935556,0.002223491668701172
205138,normal,3395,1,1782361039.19537,0.0018143653869628906
205139,normal,2669,0,1782361039.1974528,0.00208282470703125
205140,normal,1345,1,1782361039.199449,0.001996278762817383
205141,normal,2242,0,1782361039.202033,0.0025839805603027344
205142,normal,92,0,1782361039.2032988,0.0012657642364501953
205143,normal,2665,0,1782361039.2052886,0.0019898414611816406
205144,normal,2830,0,1782361039.2072706,0.001981973648071289
205145,normal,1904,0,1782361039.2093892,0.0021185874938964844
205146,normal,1472,0,1782361039.2112956,0.0019063949584960938
205147,normal,1308,0,1782361039.2134345,0.002138853073120117
205148,normal,319,0,1782361039.215504,0.0020694732666015625
205149,normal,1352,1,1782361039.2175627,0.002058744430541992
205150,normal,2121,0,1782361039.2194695,0.0019068717956542969
205151,normal,1357,1,1782361039.2214649,0.0019953250885009766
205152,normal,1550,0,1782361039.2233362,0.001871347427368164
205153,normal,3517,0,1782361039.2254298,0.0020935535430908203
205154,normal,2938,0,1782361039.2274399,0.0020101070404052734
205155,normal,3509,0,1782361039.2294452,0.002005338668823242
205156,normal,1614,0,1782361039.2316313,0.0021860599517822266
205157,normal,3527,0,1782361039.2333536,0.0017223358154296875
205158,normal,3307,1,1782361039.2354517,0.00209808349609375
205159,normal,1116,0,1782361039.2374496,0.0019979476928710938
205160,normal,3281,1,1782361039.2394416,0.0019919872283935547
205161,normal,727,0,1782361039.2414393,0.001997709274291992
205162,normal,1195,0,1782361039.2434306,0.00199127197265625
205163,normal,349,0,1782361039.2454317,0.002001047134399414
205164,normal,1418,0,1782361039.247445,0.0020134449005126953
205165,normal,31,0,1782361039.2494745,0.0020294189453125
205166,normal,1187,0,1782361039.2514567,0.0019822120666503906
205167,normal,746,0,1782361039.2534482,0.0019915103912353516
205168,normal,1003,2,1782361039.255436,0.0019876956939697266
205169,normal,1733,0,1782361039.257427,0.0019910335540771484
205170,normal,2462,0,1782361039.2597675,0.002340555191040039
205171,normal,2837,0,1782361039.261396,0.0016283988952636719
205172,normal,448,0,1782361039.2634823,0.0020864009857177734
205173,normal,390,0,1782361039.265519,0.002036571502685547
205174,normal,884,2,1782361039.2677093,0.0021903514862060547
205175,normal,478,0,1782361039.270342,0.0026328563690185547
205176,normal,1372,1,1782361039.2715666,0.001224517822265625
205177,normal,1767,0,1782361039.2733052,0.0017385482788085938
205178,normal,801,2,1782361039.2754123,0.0021071434020996094
205179,normal,1872,0,1782361039.2773433,0.0019309520721435547
205180,normal,2098,0,1782361039.2794225,0.0020792484283447266
205181,normal,2438,0,1782361039.2814987,0.0020761489868164062
205182,normal,1710,0,1782361039.2834399,0.0019412040710449219
205183,normal,1038,0,1782361039.285347,0.0019071102142333984
205184,normal,1286,0,1782361039.2875917,0.002244710922241211
205185,normal,977,2,1782361039.2894104,0.0018186569213867188
205186,normal,3587,0,1782361039.291391,0.0019805431365966797
205187,normal,1076,0,1782361039.2933967,0.0020058155059814453
205188,normal,3420,0,1782361039.2953963,0.0019996166229248047
205189,normal,1107,0,1782361039.297394,0.001997709274291992
205190,normal,1698,0,1782361039.2994375,0.002043485641479492
205191,normal,934,2,1782361039.3014762,0.002038717269897461
205192,normal,3237,1,1782361039.3035066,0.0020303726196289062
205193,normal,3708,0,1782361039.3055196,0.002012968063354492
205194,normal,1152,0,1782361039.3074903,0.0019707679748535156
205195,normal,1353,1,1782361039.3094153,0.0019249916076660156
205196,normal,2402,0,1782361039.3114216,0.0020062923431396484
205197,normal,1987,0,1782361039.313464,0.0020422935485839844
205198,normal,160,0,1782361039.3153875,0.0019235610961914062
205199,normal,1290,0,1782361039.3173835,0.0019960403442382812
205200,normal,3485,0,1782361039.3193827,0.0019991397857666016
205201,normal,312,0,1782361039.3215096,0.002126932144165039
205202,normal,3658,0,1782361039.323501,0.0019915103912353516
205203,normal,2881,0,1782361039.3254964,0.0019953250885009766
205204,normal,2127,0,1782361039.327525,0.0020284652709960938
205205,normal,783,2,1782361039.3295908,0.002065896987915039
205206,normal,3007,0,1782361039.3316526,0.0020618438720703125
205207,normal,3297,1,1782361039.3336265,0.001973867416381836
205208,normal,3124,1,1782361039.33556,0.0019335746765136719
205209,normal,2052,0,1782361039.3374183,0.0018582344055175781
205210,normal,400,0,1782361039.3393884,0.001970052719116211
205211,normal,2845,0,1782361039.341374,0.0019855499267578125
205212,normal,2582,0,1782361039.3434007,0.002026796340942383
205213,normal,1491,0,1782361039.3455975,0.002196788787841797
205214,normal,3042,0,1782361039.347294,0.0016965866088867188
205215,normal,3678,0,1782361039.349399,0.0021049976348876953
205216,normal,3441,0,1782361039.3513365,0.0019373893737792969
205217,normal,1618,0,1782361039.3536413,0.0023047924041748047
205218,normal,1610,0,1782361039.355434,0.0017926692962646484
205219,normal,2688,0,1782361039.3574123,0.0019783973693847656
205220,normal,2521,0,1782361039.3596303,0.002218008041381836
205221,normal,498,0,1782361039.3613627,0.0017323493957519531
205222,normal,2624,0,1782361039.3633273,0.001964569091796875
205223,normal,687,0,1782361039.3653235,0.001996278762817383
205224,normal,332,0,1782361039.367311,0.001987457275390625
205225,normal,1975,0,1782361039.3695095,0.002198457717895508
205226,normal,3542,0,1782361039.3714762,0.001966714859008789
205227,normal,168,0,1782361039.373289,0.0018129348754882812
205228,normal,463,0,1782361039.3752868,0.001997709274291992
205229,normal,898,2,1782361039.3772943,0.0020074844360351562
205230,normal,1144,0,1782361039.3793314,0.00203704833984375
205231,normal,2291,0,1782361039.3812945,0.0019631385803222656
205232,normal,1917,0,1782361039.383303,0.0020084381103515625
205233,normal,3180,1,1782361039.385377,0.002074003219604492
205234,normal,2625,0,1782361039.3873363,0.0019593238830566406
205235,normal,84,0,1782361039.3893213,0.0019850730895996094
205236,normal,115,0,1782361039.3915641,0.0022428035736083984
205237,normal,337,0,1782361039.3934562,0.00189208984375
205238,normal,1417,0,1782361039.3954432,0.001986980438232422
205239,normal,3255,1,1782361039.3974407,0.0019974708557128906
205240,normal,1630,0,1782361039.3994534,0.0020127296447753906
205241,normal,97,0,1782361039.4014988,0.0020453929901123047
205242,normal,3616,0,1782361039.403643,0.0021440982818603516
205243,normal,249,0,1782361039.4054863,0.0018434524536132812
205244,normal,1239,0,1782361039.4073412,0.0018548965454101562
205245,normal,1034,0,1782361039.409478,0.002136707305908203
205246,normal,96,0,1782361039.4115071,0.0020291805267333984
205247,normal,2890,0,1782361039.4133103,0.0018031597137451172
205248,normal,668,0,1782361039.4152648,0.0019545555114746094
205249,normal,2366,0,1782361039.4173002,0.002035379409790039
205250,normal,2499,0,1782361039.4193044,0.0020041465759277344
205251,normal,1615,0,1782361039.4213004,0.0019960403442382812
205252,normal,906,2,1782361039.4233,0.0019996166229248047
205253,normal,1079,0,1782361039.425327,0.0020270347595214844
205254,normal,1960,0,1782361039.4273489,0.00202178955078125
205255,normal,2065,0,1782361039.4293792,0.0020303726196289062
205256,normal,2122,0,1782361039.4313881,0.0020089149475097656
205257,normal,2211,0,1782361039.4333096,0.0019214153289794922
205258,normal,3316,1,1782361039.4353511,0.0020415782928466797
205259,normal,3143,1,1782361039.4373524,0.0020012855529785156
205260,normal,1680,0,1782361039.439392,0.002039670944213867
205261,normal,994,2,1782361039.4414692,0.0020771026611328125
205262,normal,435,0,1782361039.4432924,0.0018231868743896484
205263,normal,1117,0,1782361039.4453688,0.002076387405395508
205264,normal,1955,0,1782361039.4473147,0.0019459724426269531
205265,normal,3649,0,1782361039.4494085,0.002093791961669922
205266,normal,183,0,1782361039.4514039,0.0019953250885009766
205267,normal,42,0,1782361039.453421,0.0020172595977783203
205268,normal,1186,0,1782361039.4554427,0.0020215511322021484
205269,normal,2104,0,1782361039.4575026,0.0020599365234375
205270,normal,3122,1,1782361039.4593558,0.0018532276153564453
205271,normal,2916,0,1782361039.4613965,0.0020406246185302734
205272,normal,1997,0,1782361039.4634047,0.002008199691772461
205273,normal,81,0,1782361039.465317,0.0019123554229736328
205274,normal,3328,1,1782361039.4673874,0.0020704269409179688
205275,normal,2796,0,1782361039.4694023,0.0020148754119873047
205276,normal,2313,0,1782361039.471461,0.002058744430541992
205277,normal,1343,1,1782361039.4739172,0.002456188201904297
205278,normal,2022,0,1782361039.4753647,0.001447439193725586
205279,normal,1566,0,1782361039.4773226,0.0019578933715820312
205280,normal,1436,0,1782361039.479423,0.0021004676818847656
205281,normal,3168,1,1782361039.4814348,0.0020117759704589844
205282,normal,2600,0,1782361039.4832876,0.0018527507781982422
205283,normal,3564,0,1782361039.4853592,0.0020716190338134766
205284,normal,2076,0,1782361039.487387,0.002027750015258789
205285,normal,2343,0,1782361039.4895463,0.0021593570709228516
205286,normal,3413,0,1782361039.4913838,0.0018374919891357422
205287,normal,682,0,1782361039.4934874,0.002103567123413086
205288,normal,3506,0,1782361039.495547,0.0020596981048583984
205289,normal,3171,1,1782361039.4977236,0.002176523208618164
205290,normal,1298,0,1782361039.4993515,0.0016279220581054688
205291,normal,2882,0,1782361039.5015254,0.002173900604248047
205292,normal,3015,0,1782361039.5034661,0.0019407272338867188
205293,normal,3057,1,1782361039.5054896,0.002023458480834961
205294,normal,2025,0,1782361039.5072904,0.0018007755279541016
205295,normal,2134,0,1782361039.509334,0.0020437240600585938
205296,normal,2137,0,1782361039.5113595,0.0020253658294677734
205297,normal,3174,1,1782361039.513654,0.0022945404052734375
205298,normal,3370,1,1782361039.5152817,0.0016276836395263672
205299,normal,795,2,1782361039.5173507,0.0020689964294433594
205300,normal,2750,0,1782361039.5193572,0.00200653076171875
205301,normal,940,2,1782361039.5213578,0.002000570297241211
205302,normal,2306,0,1782361039.52391,0.0025522708892822266
205303,normal,2741,0,1782361039.5253778,0.0014677047729492188
205304,normal,2594,0,1782361039.5276139,0.0022361278533935547
205305,normal,1480,0,1782361039.5294194,0.0018055438995361328
205306,normal,3459,0,1782361039.5313923,0.0019729137420654297
205307,normal,1466,0,1782361039.5334003,0.0020079612731933594
205308,normal,1253,0,1782361039.5353339,0.0019335746765136719
205309,normal,638,0,1782361039.5377436,0.002409696578979492
205310,normal,1161,0,1782361039.5393596,0.0016160011291503906
205311,normal,1518,0,1782361039.541328,0.0019683837890625
205312,normal,1142,0,1782361039.543311,0.001983165740966797
205313,normal,1098,0,1782361039.5453131,0.0020020008087158203
205314,normal,2764,0,1782361039.5473177,0.0020046234130859375
205315,normal,18,0,1782361039.5493996,0.0020818710327148438
205316,normal,1985,0,1782361039.551386,0.0019865036010742188
205317,normal,1045,0,1782361039.5533764,0.0019903182983398438
205318,normal,359,0,1782361039.5556126,0.0022361278533935547
205319,normal,51,0,1782361039.5581372,0.0025246143341064453
205320,normal,663,0,1782361039.5595734,0.0014362335205078125
205321,normal,2725,0,1782361039.5612998,0.001726388931274414
205322,normal,758,0,1782361039.563498,0.0021982192993164062
205323,normal,1165,0,1782361039.565631,0.002132892608642578
205324,normal,2632,0,1782361039.567462,0.0018310546875
205325,normal,1411,0,1782361039.569503,0.0020411014556884766
205326,normal,1646,0,1782361039.5715003,0.001997232437133789
205327,normal,2027,0,1782361039.5733342,0.0018339157104492188
205328,normal,3269,1,1782361039.575281,0.0019466876983642578
205329,normal,1711,0,1782361039.5772724,0.0019915103912353516
205330,normal,2709,0,1782361039.5793493,0.002076864242553711
205331,normal,834,2,1782361039.5813358,0.0019865036010742188
205332,normal,914,2,1782361039.5833058,0.001970052719116211
205333,normal,1448,0,1782361039.5853035,0.001997709274291992
205334,normal,587,0,1782361039.5873828,0.0020792484283447266
205335,normal,461,0,1782361039.5894477,0.002064943313598633
205336,normal,2879,0,1782361039.591487,0.002039194107055664
205337,normal,1126,0,1782361039.593513,0.002026081085205078
205338,normal,788,2,1782361039.5953374,0.0018243789672851562
205339,normal,816,2,1782361039.5974464,0.002109050750732422
205340,normal,1396,0,1782361039.5994601,0.002013683319091797
205341,normal,3009,0,1782361039.6015005,0.002040386199951172
205342,normal,932,2,1782361039.603417,0.0019164085388183594
205343,normal,1328,1,1782361039.605389,0.001972198486328125
205344,normal,3414,0,1782361039.6074114,0.002022266387939453
205345,normal,240,0,1782361039.609323,0.0019116401672363281
205346,normal,2944,0,1782361039.6114068,0.0020837783813476562
205347,normal,980,2,1782361039.6134074,0.002000570297241211
205348,normal,1061,0,1782361039.615429,0.0020215511322021484
205349,normal,1075,0,1782361039.6174233,0.0019943714141845703
205350,normal,482,0,1782361039.6195097,0.0020864009857177734
205351,normal,721,0,1782361039.6213703,0.0018606185913085938
205352,normal,1272,0,1782361039.6233985,0.002028226852416992
205353,normal,1484,0,1782361039.6253164,0.0019178390502929688
205354,normal,2872,0,1782361039.6273904,0.002074003219604492
205355,normal,2535,0,1782361039.629387,0.0019965171813964844
205356,normal,1701,0,1782361039.6313984,0.002011537551879883
205357,normal,2131,0,1782361039.6334758,0.002077341079711914
205358,normal,100,0,1782361039.6357684,0.002292633056640625
205359,normal,3038,0,1782361039.6374907,0.0017223358154296875
205360,normal,471,0,1782361039.639338,0.0018472671508789062
205361,normal,2757,0,1782361039.6414254,0.0020873546600341797
205362,normal,3156,1,1782361039.6434348,0.0020093917846679688
205363,normal,2348,0,1782361039.6452842,0.0018494129180908203
205364,normal,1056,0,1782361039.6473603,0.0020761489868164062
205365,normal,1993,0,1782361039.64936,0.0019996166229248047
205366,normal,446,0,1782361039.651422,0.002062082290649414
205367,normal,961,2,1782361039.653452,0.002029895782470703
205368,normal,2,0,1782361039.655548,0.0020961761474609375
205369,normal,2445,0,1782361039.6575131,0.001965045928955078
205370,normal,982,2,1782361039.6597428,0.0022296905517578125
205371,normal,1370,1,1782361039.6613262,0.0015833377838134766
205372,normal,2894,0,1782361039.6634197,0.0020935535430908203
205373,normal,303,0,1782361039.6655598,0.002140045166015625
205374,normal,1004,2,1782361039.667622,0.0020623207092285156
205375,normal,2054,0,1782361039.669288,0.0016658306121826172
205376,normal,3478,0,1782361039.6713626,0.002074718475341797
205377,normal,735,0,1782361039.6733644,0.0020017623901367188
205378,normal,509,0,1782361039.6754224,0.0020580291748046875
205379,normal,1051,0,1782361039.6774576,0.0020351409912109375
205380,normal,3205,1,1782361039.6793747,0.001917123794555664
205381,normal,531,0,1782361039.681282,0.0019073486328125
205382,normal,1183,0,1782361039.683365,0.0020830631256103516
205383,normal,3674,0,1782361039.6853676,0.0020024776458740234
205384,normal,666,0,1782361039.688216,0.002848386764526367
205385,normal,1019,2,1782361039.689719,0.00150299072265625
205386,normal,1967,0,1782361039.691443,0.0017240047454833984
205387,normal,3681,0,1782361039.6934378,0.0019948482513427734
205388,normal,376,0,1782361039.6954112,0.001973390579223633
205389,normal,1740,0,1782361039.6975226,0.0021114349365234375
205390,normal,2081,0,1782361039.6996367,0.0021140575408935547
205391,normal,2108,0,1782361039.7014663,0.0018296241760253906
205392,normal,3117,1,1782361039.7034192,0.0019528865814208984
205393,normal,143,0,1782361039.7054853,0.0020661354064941406
205394,normal,677,0,1782361039.707429,0.0019435882568359375
205395,normal,144,0,1782361039.70953,0.0021011829376220703
205396,normal,2193,0,1782361039.7115643,0.0020341873168945312
205397,normal,1849,0,1782361039.7136326,0.0020682811737060547
205398,normal,3365,1,1782361039.7154818,0.0018491744995117188
205399,normal,974,2,1782361039.717537,0.0020551681518554688
205400,normal,2447,0,1782361039.7195559,0.0020189285278320312
205401,normal,45,0,1782361039.7214723,0.0019164085388183594
205402,normal,557,0,1782361039.7236958,0.002223491668701172
205403,normal,441,0,1782361039.7255757,0.0018799304962158203
205404,normal,1125,0,1782361039.7275257,0.0019500255584716797
205405,normal,1549,0,1782361039.7295475,0.00202178955078125
205406,normal,1922,0,1782361039.7318556,0.0023081302642822266
205407,normal,1986,0,1782361039.7334611,0.0016055107116699219
205408,normal,1620,0,1782361039.7354372,0.00197601318359375
205409,normal,2780,0,1782361039.7374198,0.0019826889038085938
205410,normal,3536,0,1782361039.7395077,0.002087831497192383
205411,normal,2349,0,1782361039.7414136,0.0019059181213378906
205412,normal,2729,0,1782361039.743448,0.002034425735473633
205413,normal,2059,0,1782361039.7455206,0.002072572708129883
205414,normal,2652,0,1782361039.7473307,0.0018100738525390625
205415,normal,1944,0,1782361039.7495427,0.002212047576904297
205416,normal,3582,0,1782361039.7514951,0.0019524097442626953
205417,normal,2554,0,1782361039.7535448,0.002049684524536133
205418,normal,2286,0,1782361039.7554865,0.001941680908203125
205419,normal,2901,0,1782361039.757499,0.002012491226196289
205420,normal,3326,1,1782361039.7595701,0.0020711421966552734
205421,normal,896,2,1782361039.7615027,0.0019326210021972656
205422,normal,2395,0,1782361039.7636275,0.002124786376953125
205423,normal,2231,0,1782361039.7653904,0.0017628669738769531
205424,normal,3199,1,1782361039.7675202,0.002129793167114258
205425,normal,2257,0,1782361039.7694378,0.0019176006317138672
205426,normal,1033,0,1782361039.7715278,0.002089977264404297
205427,normal,248,0,1782361039.7733462,0.0018184185028076172
205428,normal,1789,0,1782361039.7755377,0.0021915435791015625
205429,normal,2457,0,1782361039.7774107,0.001873016357421875
205430,normal,3704,0,1782361039.7795684,0.0021576881408691406
205431,normal,2044,0,1782361039.7813964,0.0018279552459716797
205432,normal,2667,0,1782361039.7835147,0.002118349075317383
205433,normal,905,2,1782361039.7853384,0.0018236637115478516
205434,normal,1301,0,1782361039.7875152,0.0021767616271972656
205435,normal,999,2,1782361039.789356,0.001840829849243164
205436,normal,244,0,1782361039.7915282,0.002172231674194336
205437,normal,1523,0,1782361039.7934885,0.001960277557373047
205438,normal,2585,0,1782361039.795521,0.0020325183868408203
205439,normal,862,2,1782361039.79752,0.0019989013671875
205440,normal,2138,0,1782361039.7994666,0.0019466876983642578
205441,normal,225,0,1782361039.801462,0.0019953250885009766
205442,normal,2228,0,1782361039.8034403,0.0019783973693847656
205443,normal,124,0,1782361039.8054647,0.002024412155151367
205444,normal,1560,0,1782361039.8075013,0.002036571502685547
205445,normal,2736,0,1782361039.8094091,0.0019078254699707031
205446,normal,1460,0,1782361039.8115134,0.0021042823791503906
205447,normal,1499,0,1782361039.813709,0.002195596694946289
205448,normal,1867,0,1782361039.8154085,0.0016994476318359375
205449,normal,2487,0,1782361039.8176181,0.0022096633911132812
205450,normal,953,2,1782361039.819626,0.0020079612731933594
205451,normal,2296,0,1782361039.821752,0.002125978469848633
205452,normal,2396,0,1782361039.8236396,0.0018875598907470703
205453,normal,2662,0,1782361039.8255968,0.0019571781158447266
205454,normal,2212,0,1782361039.8275023,0.0019054412841796875
205455,normal,23,0,1782361039.8295064,0.0020041465759277344
205456,normal,3314,1,1782361039.8314903,0.0019838809967041016
205457,normal,427,0,1782361039.833411,0.0019207000732421875
205458,normal,2523,0,1782361039.8357446,0.0023336410522460938
205459,normal,2510,0,1782361039.837318,0.001573324203491211
205460,normal,503,0,1782361039.83951,0.0021920204162597656
205461,normal,2703,0,1782361039.8420112,0.002501249313354492
205462,normal,1950,0,1782361039.8433108,0.0012996196746826172
205463,normal,2858,0,1782361039.8457441,0.002433300018310547
205464,normal,868,2,1782361039.8475282,0.0017840862274169922
205465,normal,3575,0,1782361039.8495116,0.0019834041595458984
205466,normal,139,0,1782361039.8516762,0.002164602279663086
205467,normal,1940,0,1782361039.8533583,0.0016820430755615234
205468,normal,1899,0,1782361039.8554435,0.0020852088928222656
205469,normal,1168,0,1782361039.8573623,0.001918792724609375
205470,normal,2853,0,1782361039.8593345,0.001972198486328125
205471,normal,2611,0,1782361039.8616254,0.002290964126586914
205472,normal,2474,0,1782361039.8633897,0.0017642974853515625
205473,normal,2989,0,1782361039.8654196,0.002029895782470703
205474,normal,2074,0,1782361039.8673482,0.001928567886352539
205475,normal,2302,0,1782361039.8694434,0.0020952224731445312
205476,normal,939,2,1782361039.8713465,0.0019030570983886719
205477,normal,843,2,1782361039.8734393,0.0020928382873535156
205478,normal,1594,0,1782361039.875318,0.0018787384033203125
205479,normal,1535,0,1782361039.877446,0.0021278858184814453
205480,normal,126,0,1782361039.8793402,0.001894235610961914
205481,normal,1667,0,1782361039.8814433,0.002103090286254883
205482,normal,1980,0,1782361039.8833208,0.0018775463104248047
205483,normal,702,0,1782361039.8857374,0.0024166107177734375
205484,normal,2277,0,1782361039.887419,0.0016815662384033203
205485,normal,2309,0,1782361039.8895347,0.0021157264709472656
205486,normal,2265,0,1782361039.89153,0.0019953250885009766
205487,normal,2340,0,1782361039.893456,0.0019259452819824219
205488,normal,1611,0,1782361039.895329,0.001873016357421875
205489,normal,2518,0,1782361039.8974264,0.0020973682403564453
205490,normal,3387,1,1782361039.899432,0.0020055770874023438
205491,normal,3242,1,1782361039.901526,0.0020940303802490234
205492,normal,3424,0,1782361039.903647,0.0021209716796875
205493,normal,2247,0,1782361039.9055068,0.001859903335571289
205494,normal,970,2,1782361039.9074993,0.001992464065551758
205495,normal,1951,0,1782361039.9093876,0.001888275146484375
205496,normal,2116,0,1782361039.9117646,0.002377033233642578
205497,normal,1895,0,1782361039.9138417,0.0020771026611328125
205498,normal,2452,0,1782361039.915486,0.0016443729400634766
205499,normal,1447,0,1782361039.9175522,0.0020661354064941406
205500,normal,2109,0,1782361039.9193783,0.0018260478973388672
205501,normal,1446,0,1782361039.9215055,0.0021271705627441406
205502,normal,2927,0,1782361039.9234278,0.0019223690032958984
205503,normal,1119,0,1782361039.9257472,0.0023193359375
205504,normal,2886,0,1782361039.927567,0.0018198490142822266
205505,normal,3289,1,1782361039.9293175,0.0017504692077636719
205506,normal,1461,0,1782361039.9314883,0.0021708011627197266
205507,normal,199,0,1782361039.9333444,0.001856088638305664
205508,normal,2751,0,1782361039.9354393,0.0020949840545654297
205509,normal,762,0,1782361039.937324,0.0018846988677978516
205510,normal,528,0,1782361039.9394438,0.002119779586791992
205511,normal,401,0,1782361039.9413452,0.001901388168334961
205512,normal,1222,0,1782361039.9434943,0.0021491050720214844
205513,normal,2833,0,1782361039.9453988,0.0019044876098632812
205514,normal,990,2,1782361039.9473295,0.0019307136535644531
205515,normal,3037,0,1782361039.949424,0.0020945072174072266
205516,normal,1465,0,1782361039.9513175,0.0018935203552246094
205517,normal,229,0,1782361039.9534218,0.0021042823791503906
205518,normal,1303,0,1782361039.9553294,0.0019075870513916016
205519,normal,2420,0,1782361039.957486,0.002156496047973633
205520,normal,338,0,1782361039.9599035,0.0024175643920898438
205521,normal,839,2,1782361039.9613447,0.0014412403106689453
205522,normal,683,0,1782361039.9633443,0.0019996166229248047
205523,normal,1218,0,1782361039.9652944,0.0019500255584716797
205524,normal,3224,1,1782361039.9673476,0.0020532608032226562
205525,normal,993,2,1782361039.96927,0.0019223690032958984
205526,normal,2163,0,1782361039.971283,0.002012968063354492
205527,normal,2425,0,1782361039.9732993,0.002016305923461914
205528,normal,1266,0,1782361039.9754043,0.0021049976348876953
205529,normal,3319,1,1782361039.977355,0.0019507408142089844
205530,normal,2560,0,1782361039.9793825,0.0020275115966796875
205531,normal,948,2,1782361039.9814444,0.0020618438720703125
205532,normal,1945,0,1782361039.9834917,0.002047300338745117
205533,normal,747,0,1782361039.9853632,0.0018715858459472656
205534,normal,1627,0,1782361039.9874148,0.0020515918731689453
205535,normal,3002,0,1782361039.9895575,0.002142667770385742
205536,normal,342,0,1782361039.9914036,0.0018460750579833984
205537,normal,216,0,1782361039.993289,0.0018854141235351562
205538,normal,2850,0,1782361039.9953427,0.0020537376403808594
205539,normal,3466,0,1782361039.9973905,0.0020477771759033203
205540,normal,3371,1,1782361039.9996226,0.002232074737548828
205541,normal,2216,0,1782361040.0012817,0.0016591548919677734
205542,normal,3324,1,1782361040.0033774,0.0020956993103027344
205543,normal,3093,1,1782361040.0053766,0.0019991397857666016
205544,normal,2113,0,1782361040.0074005,0.002023935317993164
205545,normal,3228,1,1782361040.0098119,0.002411365509033203
205546,normal,2988,0,1782361040.0113592,0.0015473365783691406
205547,normal,2078,0,1782361040.013612,0.002252817153930664
205548,normal,1732,0,1782361040.0153832,0.0017712116241455078
205549,normal,3103,1,1782361040.0173538,0.001970529556274414
205550,normal,2119,0,1782361040.0193286,0.001974821090698242
205551,normal,2084,0,1782361040.0214226,0.0020940303802490234
205552,normal,3518,0,1782361040.0235763,0.002153635025024414
205553,normal,2513,0,1782361040.025713,0.002136707305908203
205554,normal,1030,0,1782361040.0273955,0.0016825199127197266
205555,normal,854,2,1782361040.0292902,0.0018947124481201172
205556,normal,3434,0,1782361040.0314028,0.0021126270294189453
205557,normal,853,2,1782361040.0334034,0.002000570297241211
205558,normal,1797,0,1782361040.0353477,0.0019443035125732422
205559,normal,1911,0,1782361040.0375285,0.002180814743041992
205560,normal,1785,0,1782361040.0395105,0.001981973648071289
205561,normal,1948,0,1782361040.0413902,0.0018796920776367188
205562,normal,3241,1,1782361040.0435438,0.002153635025024414
205563,normal,2602,0,1782361040.0462937,0.002749919891357422
205564,normal,308,0,1782361040.0479481,0.0016543865203857422
205565,normal,3163,1,1782361040.049374,0.0014259815216064453
205566,normal,1636,0,1782361040.0519497,0.0025756359100341797
205567,normal,1377,1,1782361040.0536165,0.0016667842864990234
205568,normal,1694,0,1782361040.0559454,0.0023288726806640625
205569,normal,1463,0,1782361040.057948,0.002002716064453125
205570,normal,1799,0,1782361040.0594342,0.001486063003540039
205571,normal,2951,0,1782361040.0613008,0.0018665790557861328
205572,normal,1843,0,1782361040.0633974,0.0020966529846191406
205573,normal,3097,1,1782361040.0653942,0.001996755599975586
205574,normal,1339,1,1782361040.0674303,0.0020360946655273438
205575,normal,3145,1,1782361040.069355,0.001924753189086914
205576,normal,2069,0,1782361040.0715377,0.0021827220916748047
205577,normal,2799,0,1782361040.073333,0.0017952919006347656
205578,normal,805,2,1782361040.075406,0.002073049545288086
205579,normal,1547,0,1782361040.077384,0.0019779205322265625
205580,normal,3182,1,1782361040.0794916,0.0021076202392578125
205581,normal,2677,0,1782361040.0815144,0.0020227432250976562
205582,normal,324,0,1782361040.0834432,0.0019288063049316406
205583,normal,1048,0,1782361040.0853174,0.0018742084503173828
205584,normal,672,0,1782361040.0874972,0.002179861068725586
205585,normal,2220,0,1782361040.0894012,0.0019040107727050781
205586,normal,3087,1,1782361040.0915174,0.0021162033081054688
205587,normal,1552,0,1782361040.0934076,0.0018901824951171875
205588,normal,1835,0,1782361040.095399,0.00199127197265625
205589,normal,786,2,1782361040.0973365,0.0019376277923583984
205590,normal,1121,0,1782361040.0994306,0.0020940303802490234
205591,normal,2188,0,1782361040.1013377,0.0019071102142333984
205592,normal,228,0,1782361040.1034293,0.002091646194458008
205593,normal,66,0,1782361040.1054366,0.0020072460174560547
205594,normal,1263,0,1782361040.1074471,0.0020105838775634766
205595,normal,1573,0,1782361040.1093676,0.001920461654663086
205596,normal,1342,1,1782361040.1115425,0.002174854278564453
205597,normal,1131,0,1782361040.113333,0.0017905235290527344
205598,normal,3560,0,1782361040.1154199,0.0020868778228759766
205599,normal,1977,0,1782361040.1174188,0.0019989013671875
205600,normal,1099,0,1782361040.1194181,0.001999378204345703
205601,normal,171,0,1782361040.1213264,0.0019083023071289062
205602,normal,1402,0,1782361040.123422,0.002095460891723633
205603,normal,3534,0,1782361040.125401,0.0019791126251220703
205604,normal,426,0,1782361040.1275136,0.0021126270294189453
205605,normal,1737,0,1782361040.1295207,0.002007007598876953
205606,normal,2527,0,1782361040.1313422,0.0018215179443359375
205607,normal,1065,0,1782361040.1334374,0.0020952224731445312
205608,normal,3570,0,1782361040.135479,0.0020415782928466797
205609,normal,598,0,1782361040.1372998,0.0018208026885986328
205610,normal,1420,0,1782361040.1393898,0.002089977264404297
205611,normal,1720,0,1782361040.1413865,0.001996755599975586
205612,normal,2439,0,1782361040.143302,0.0019154548645019531
205613,normal,1513,0,1782361040.1454868,0.0021848678588867188
205614,normal,3457,0,1782361040.147516,0.0020291805267333984
205615,normal,2181,0,1782361040.1494496,0.0019335746765136719
205616,normal,848,2,1782361040.1516974,0.0022478103637695312
205617,normal,2393,0,1782361040.1535733,0.0018758773803710938
205618,normal,2481,0,1782361040.155487,0.0019137859344482422
205619,normal,138,0,1782361040.1574578,0.0019707679748535156
205620,normal,1310,0,1782361040.1596596,0.0022017955780029297
205621,normal,1815,0,1782361040.1614792,0.001819610595703125
205622,normal,606,0,1782361040.1633942,0.00191497802734375
205623,normal,2955,0,1782361040.1653073,0.0019130706787109375
205624,normal,692,0,1782361040.16739,0.00208282470703125
205625,normal,1961,0,1782361040.1693256,0.0019354820251464844
205626,normal,836,2,1782361040.1715617,0.0022361278533935547
205627,normal,1381,1,1782361040.173345,0.0017833709716796875
205628,normal,2773,0,1782361040.1754336,0.0020885467529296875
205629,normal,77,0,1782361040.1773992,0.0019655227661132812
205630,normal,767,0,1782361040.179302,0.0019028186798095703
205631,normal,1323,1,1782361040.181576,0.002274036407470703
205632,normal,102,0,1782361040.1839495,0.0023734569549560547
205633,normal,1524,0,1782361040.185399,0.0014495849609375
205634,normal,3497,0,1782361040.1873274,0.0019283294677734375
205635,normal,289,0,1782361040.1893182,0.001990795135498047
205636,normal,1394,0,1782361040.1913133,0.001995086669921875
205637,normal,1340,1,1782361040.1933115,0.0019981861114501953
205638,normal,1873,0,1782361040.1954997,0.0021882057189941406
205639,normal,1565,0,1782361040.1973665,0.0018668174743652344
205640,normal,1288,0,1782361040.1993008,0.0019342899322509766
205641,normal,3231,1,1782361040.2013054,0.0020046234130859375
205642,normal,718,0,1782361040.2034051,0.002099752426147461
205643,normal,2335,0,1782361040.2053328,0.0019276142120361328
205644,normal,3039,0,1782361040.2073507,0.002017974853515625
205645,normal,1741,0,1782361040.2096438,0.002293109893798828
205646,normal,3175,1,1782361040.211482,0.0018382072448730469
205647,normal,1878,0,1782361040.2134967,0.002014636993408203
205648,normal,2877,0,1782361040.2154245,0.0019278526306152344
205649,normal,2466,0,1782361040.2174604,0.002035856246948242
205650,normal,3356,1,1782361040.219375,0.0019145011901855469
205651,normal,3041,0,1782361040.2215729,0.0021979808807373047
205652,normal,2167,0,1782361040.2235062,0.0019333362579345703
205653,normal,2166,0,1782361040.225471,0.0019648075103759766
205654,normal,3595,0,1782361040.2273319,0.0018608570098876953
205655,normal,1577,0,1782361040.2294626,0.002130746841430664
205656,normal,582,0,1782361040.2314944,0.0020318031311035156
205657,normal,636,0,1782361040.233343,0.001848459243774414
205658,normal,2794,0,1782361040.2352786,0.001935720443725586
205659,normal,3066,1,1782361040.2372694,0.001990795135498047
205660,normal,2226,0,1782361040.239337,0.00206756591796875
205661,normal,1571,0,1782361040.241337,0.002000093460083008
205662,normal,2856,0,1782361040.2433355,0.001998424530029297
205663,normal,283,0,1782361040.2453225,0.001986980438232422
205664,normal,473,0,1782361040.2473078,0.001985311508178711
205665,normal,859,2,1782361040.2493486,0.002040863037109375
205666,normal,1337,1,1782361040.2514715,0.0021228790283203125
205667,normal,665,0,1782361040.253429,0.001957416534423828
205668,normal,3561,0,1782361040.255495,0.0020661354064941406
205669,normal,3488,0,1782361040.2573202,0.001825094223022461
205670,normal,1,0,1782361040.259476,0.002155780792236328
205671,normal,3447,0,1782361040.261489,0.002012968063354492
205672,normal,2963,0,1782361040.2635214,0.0020325183868408203
205673,normal,3682,0,1782361040.2653959,0.0018744468688964844
205674,normal,1329,1,1782361040.267422,0.002026081085205078
205675,normal,1688,0,1782361040.2693384,0.0019164085388183594
205676,normal,2646,0,1782361040.271429,0.0020906925201416016
205677,normal,2555,0,1782361040.2734241,0.001995086669921875
205678,normal,2124,0,1782361040.2753372,0.0019130706787109375
205679,normal,340,0,1782361040.2774374,0.002100229263305664
205680,normal,3100,1,1782361040.2794573,0.0020198822021484375
205681,normal,307,0,1782361040.281524,0.0020666122436523438
205682,normal,2279,0,1782361040.2834811,0.0019571781158447266
205683,normal,3505,0,1782361040.2853324,0.0018513202667236328
205684,normal,1613,0,1782361040.2873254,0.001992940902709961
205685,normal,2404,0,1782361040.289415,0.0020895004272460938
205686,normal,2637,0,1782361040.2914224,0.0020074844360351562
205687,normal,176,0,1782361040.2933266,0.0019042491912841797
205688,normal,1349,1,1782361040.295489,0.002162456512451172
205689,normal,141,0,1782361040.2974985,0.0020093917846679688
205690,normal,790,2,1782361040.2994256,0.0019271373748779297
205691,normal,847,2,1782361040.3015168,0.0020911693572998047
205692,normal,2598,0,1782361040.3034658,0.0019490718841552734
205693,normal,1062,0,1782361040.305345,0.0018792152404785156
205694,normal,3474,0,1782361040.307436,0.002090930938720703
205695,normal,1969,0,1782361040.3094757,0.002039670944213867
205696,normal,715,0,1782361040.3114042,0.001928567886352539
205697,normal,1292,0,1782361040.3133998,0.001995563507080078
205698,normal,331,0,1782361040.3153994,0.0019996166229248047
205699,normal,3454,0,1782361040.3174083,0.0020089149475097656
205700,normal,2327,0,1782361040.3195083,0.0020999908447265625
205701,normal,1963,0,1782361040.3214817,0.001973390579223633
205702,normal,3411,0,1782361040.3234212,0.001939535140991211
205703,normal,3644,0,1782361040.3255706,0.002149343490600586
205704,normal,629,0,1782361040.3277686,0.0021979808807373047
205705,normal,3707,0,1782361040.3296924,0.0019237995147705078
205706,normal,420,0,1782361040.3315084,0.0018160343170166016
205707,normal,2029,0,1782361040.333556,0.0020475387573242188
205708,normal,2689,0,1782361040.3353128,0.001756906509399414
205709,normal,693,0,1782361040.3373988,0.0020859241485595703
205710,normal,1492,0,1782361040.3393934,0.001994609832763672
205711,normal,1229,0,1782361040.341483,0.0020897388458251953
205712,normal,3203,1,1782361040.3433657,0.0018825531005859375
205713,normal,1902,0,1782361040.3453825,0.002016782760620117
205714,normal,2869,0,1782361040.3473833,0.0020008087158203125
205715,normal,261,0,1782361040.3493383,0.0019550323486328125
205716,normal,935,2,1782361040.3513732,0.002034902572631836
205717,normal,2450,0,1782361040.3535383,0.002165079116821289
205718,normal,1320,1,1782361040.3554232,0.0018849372863769531
205719,normal,1749,0,1782361040.3574033,0.0019800662994384766
205720,normal,1510,0,1782361040.359445,0.0020418167114257812
205721,normal,2941,0,1782361040.3613598,0.0019147396087646484
205722,normal,1196,0,1782361040.3633308,0.001971006393432617
205723,normal,1214,0,1782361040.3653316,0.0020008087158203125
205724,normal,1500,0,1782361040.3673213,0.001989603042602539
205725,normal,975,2,1782361040.3695579,0.002236604690551758
205726,normal,1100,0,1782361040.3713562,0.001798391342163086
205727,normal,1455,0,1782361040.3732991,0.0019428730010986328
205728,normal,543,0,1782361040.3753114,0.0020122528076171875
205729,normal,3158,1,1782361040.377311,0.0019996166229248047
205730,normal,673,0,1782361040.379314,0.0020029544830322266
205731,normal,915,2,1782361040.3813376,0.0020236968994140625
205732,normal,3300,1,1782361040.383306,0.0019683837890625
205733,normal,1697,0,1782361040.385346,0.0020399093627929688
205734,normal,1085,0,1782361040.387361,0.0020151138305664062
205735,normal,2707,0,1782361040.3893278,0.001966714859008789
205736,normal,3548,0,1782361040.391325,0.001997232437133789
205737,normal,1112,0,1782361040.39357,0.0022449493408203125
205738,normal,1829,0,1782361040.3954248,0.0018548965454101562
205739,normal,1254,0,1782361040.3974216,0.001996755599975586
205740,normal,2369,0,1782361040.399464,0.0020422935485839844
205741,normal,3166,1,1782361040.4014442,0.001980304718017578
205742,normal,725,0,1782361040.4033408,0.0018966197967529297
205743,normal,1211,0,1782361040.4053063,0.0019655227661132812
205744,normal,2947,0,1782361040.4073694,0.0020630359649658203
205745,normal,2215,0,1782361040.4093757,0.0020062923431396484
205746,normal,94,0,1782361040.411414,0.002038240432739258
205747,normal,296,0,1782361040.413439,0.002025127410888672
205748,normal,2482,0,1782361040.4155135,0.0020744800567626953
205749,normal,2804,0,1782361040.4173903,0.0018768310546875
205750,normal,2032,0,1782361040.4193535,0.0019631385803222656
205751,normal,204,0,1782361040.4219344,0.002580881118774414
205752,normal,2923,0,1782361040.4238193,0.0018849372863769531
205753,normal,356,0,1782361040.425456,0.0016367435455322266
205754,normal,2101,0,1782361040.4274826,0.0020265579223632812
205755,normal,922,2,1782361040.4293764,0.001893758773803711
205756,normal,3351,1,1782361040.431402,0.002025604248046875
205757,normal,288,0,1782361040.433409,0.002007007598876953
205758,normal,1881,0,1782361040.435832,0.0024230480194091797
205759,normal,3669,0,1782361040.437438,0.001605987548828125
205760,normal,2815,0,1782361040.439312,0.0018739700317382812
205761,normal,3192,1,1782361040.4422896,0.002977609634399414
205762,normal,1735,0,1782361040.4433148,0.0010251998901367188
205763,normal,844,2,1782361040.44532,0.0020051002502441406
205764,normal,2676,0,1782361040.4473093,0.0019893646240234375
205765,normal,1407,0,1782361040.4493115,0.002002239227294922
205766,normal,1699,0,1782361040.4513202,0.002008676528930664
205767,normal,3632,0,1782361040.4533615,0.002041339874267578
205768,normal,2701,0,1782361040.4553514,0.0019898414611816406
205769,normal,1604,0,1782361040.4573648,0.0020134449005126953
205770,normal,2578,0,1782361040.4593034,0.0019385814666748047
205771,normal,3294,1,1782361040.4613054,0.0020020008087158203
205772,normal,3011,0,1782361040.463302,0.0019965171813964844
205773,normal,131,0,1782361040.4652987,0.001996755599975586
205774,normal,610,0,1782361040.4672985,0.0019998550415039062
205775,normal,2574,0,1782361040.4693377,0.002039194107055664
205776,normal,3359,1,1782361040.4713671,0.0020294189453125
205777,normal,1666,0,1782361040.4737523,0.0023851394653320312
205778,normal,2389,0,1782361040.4753273,0.0015749931335449219
205779,normal,1052,0,1782361040.4773302,0.0020029544830322266
205780,normal,2013,0,1782361040.4793217,0.0019915103912353516
205781,normal,2460,0,1782361040.4813635,0.0020418167114257812
205782,normal,1109,0,1782361040.4832776,0.0019140243530273438
205783,normal,2270,0,1782361040.48527,0.001992464065551758
205784,normal,1140,0,1782361040.4872756,0.0020055770874023438
205785,normal,2495,0,1782361040.4893582,0.0020825862884521484
205786,normal,67,0,1782361040.4913812,0.002022981643676758
205787,normal,2214,0,1782361040.493328,0.0019469261169433594
205788,normal,1094,0,1782361040.4953938,0.0020656585693359375
205789,normal,585,0,1782361040.4974737,0.0020799636840820312
205790,normal,1626,0,1782361040.499643,0.002169370651245117
205791,normal,2227,0,1782361040.5013182,0.0016751289367675781
205792,normal,2595,0,1782361040.503361,0.0020427703857421875
205793,normal,2752,0,1782361040.505468,0.002106904983520508
205794,normal,327,0,1782361040.5074272,0.0019593238830566406
205795,normal,164,0,1782361040.5092735,0.0018463134765625
205796,normal,3504,0,1782361040.5112686,0.001995086669921875
205797,normal,3382,1,1782361040.5132709,0.002002239227294922
205798,normal,1181,0,1782361040.5153546,0.0020837783813476562
205799,normal,347,0,1782361040.5173848,0.0020301342010498047
205800,normal,712,0,1782361040.5192661,0.0018813610076904297
205801,normal,3131,1,1782361040.521263,0.001996755599975586
205802,normal,221,0,1782361040.5232618,0.0019989013671875
205803,normal,2325,0,1782361040.5252936,0.0020318031311035156
205804,normal,1776,0,1782361040.527755,0.0024614334106445312
205805,normal,3219,1,1782361040.5293386,0.0015835762023925781
205806,normal,504,0,1782361040.5314832,0.0021445751190185547
205807,normal,1638,0,1782361040.5334148,0.0019316673278808594
205808,normal,1327,1,1782361040.5353243,0.001909494400024414
205809,normal,717,0,1782361040.53732,0.001995563507080078
205810,normal,325,0,1782361040.539322,0.0020020008087158203
205811,normal,2744,0,1782361040.5413432,0.002021312713623047
205812,normal,3418,0,1782361040.543765,0.002421855926513672
205813,normal,2130,0,1782361040.5453482,0.001583099365234375
205814,normal,1002,2,1782361040.5473185,0.0019702911376953125
205815,normal,253,0,1782361040.5493402,0.00202178955078125
205816,normal,2000,0,1782361040.5512915,0.0019512176513671875
205817,normal,3554,0,1782361040.553328,0.002036571502685547
205818,normal,800,2,1782361040.5554018,0.0020737648010253906
205819,normal,2583,0,1782361040.5573883,0.0019865036010742188
205820,normal,1459,0,1782361040.5593543,0.0019659996032714844
205821,normal,1346,1,1782361040.5613518,0.0019974708557128906
205822,normal,286,0,1782361040.5639644,0.002612590789794922
205823,normal,645,0,1782361040.566066,0.0021016597747802734
205824,normal,1092,0,1782361040.5673192,0.0012531280517578125
205825,normal,3144,1,1782361040.569719,0.002399921417236328
205826,normal,3045,1,1782361040.571538,0.0018188953399658203
205827,normal,684,0,1782361040.5738137,0.002275705337524414
205828,normal,3162,1,1782361040.5757577,0.0019440650939941406
205829,normal,3188,1,1782361040.5774474,0.0016896724700927734
205830,normal,1846,0,1782361040.5793989,0.001951456069946289
205831,normal,2878,0,1782361040.5812805,0.0018815994262695312
205832,normal,1403,0,1782361040.5832908,0.002010345458984375
205833,normal,2250,0,1782361040.585313,0.002022266387939453
205834,normal,3397,1,1782361040.5873353,0.002022266387939453
205835,normal,2655,0,1782361040.5893116,0.0019762516021728516
205836,normal,3318,1,1782361040.5913212,0.0020096302032470703
205837,normal,3402,0,1782361040.5932996,0.0019783973693847656
205838,normal,1991,0,1782361040.5953445,0.0020449161529541016
205839,normal,1777,0,1782361040.5973697,0.002025127410888672
205840,normal,2232,0,1782361040.5994027,0.0020329952239990234
205841,normal,2023,0,1782361040.6014054,0.002002716064453125
205842,normal,593,0,1782361040.603324,0.0019185543060302734
205843,normal,2682,0,1782361040.60536,0.0020360946655273438
205844,normal,3141,1,1782361040.6073778,0.0020177364349365234
205845,normal,2136,0,1782361040.6094065,0.0020287036895751953
205846,normal,3495,0,1782361040.6113827,0.0019762516021728516
205847,normal,1561,0,1782361040.6133003,0.0019176006317138672
205848,normal,269,0,1782361040.615337,0.002036571502685547
205849,normal,1657,0,1782361040.617415,0.0020780563354492188
205850,normal,3404,0,1782361040.6193357,0.0019207000732421875
205851,normal,1690,0,1782361040.6214159,0.002080202102661133
205852,normal,2246,0,1782361040.6233404,0.0019245147705078125
205853,normal,1958,0,1782361040.6254315,0.0020911693572998047
205854,normal,1020,2,1782361040.6273537,0.0019221305847167969
205855,normal,1338,1,1782361040.629462,0.002108335494995117
205856,normal,3298,1,1782361040.6314652,0.002003192901611328
205857,normal,916,2,1782361040.6334343,0.0019690990447998047
205858,normal,1184,0,1782361040.6353288,0.0018944740295410156
205859,normal,2573,0,1782361040.637419,0.0020902156829833984
205860,normal,2073,0,1782361040.6394174,0.001998424530029297
205861,normal,1096,0,1782361040.6413198,0.0019023418426513672
205862,normal,2465,0,1782361040.6434803,0.0021605491638183594
205863,normal,1774,0,1782361040.6454,0.0019197463989257812
205864,normal,1809,0,1782361040.6476402,0.0022401809692382812
205865,normal,1209,0,1782361040.6493714,0.0017311573028564453
205866,normal,1537,0,1782361040.6514668,0.002095460891723633
205867,normal,807,2,1782361040.653437,0.001970052719116211
205868,normal,2407,0,1782361040.6554606,0.0020236968994140625
205869,normal,1258,0,1782361040.6574152,0.0019545555114746094
205870,normal,2153,0,1782361040.6593142,0.0018990039825439453
205871,normal,954,2,1782361040.6614144,0.002100229263305664
205872,normal,2189,0,1782361040.6633654,0.001950979232788086
205873,normal,1771,0,1782361040.6654932,0.0021278858184814453
205874,normal,71,0,1782361040.6674283,0.0019350051879882812
205875,normal,1483,0,1782361040.669656,0.002227783203125
205876,normal,3592,0,1782361040.6714773,0.001821279525756836
205877,normal,1231,0,1782361040.6736355,0.0021581649780273438
205878,normal,481,0,1782361040.675415,0.0017795562744140625
205879,normal,2118,0,1782361040.6775992,0.002184152603149414
205880,normal,1616,0,1782361040.6794772,0.0018780231475830078
205881,normal,2700,0,1782361040.6814897,0.002012491226196289
205882,normal,2754,0,1782361040.68326,0.0017702579498291016
205883,normal,2623,0,1782361040.6852872,0.002027273178100586
205884,normal,1443,0,1782361040.6872854,0.0019981861114501953
205885,normal,1046,0,1782361040.6893556,0.002070188522338867
205886,normal,518,0,1782361040.691407,0.0020513534545898438
205887,normal,3082,1,1782361040.6933396,0.0019326210021972656
205888,normal,2651,0,1782361040.6952736,0.001934051513671875
205889,normal,3338,1,1782361040.6972845,0.002010822296142578
205890,normal,3278,1,1782361040.6992855,0.002001047134399414
205891,normal,1820,0,1782361040.701596,0.002310514450073242
205892,normal,1653,0,1782361040.703741,0.002145051956176758
205893,normal,2552,0,1782361040.7053978,0.0016567707061767578
205894,normal,399,0,1782361040.7072701,0.0018723011016845703
205895,normal,3380,1,1782361040.709278,0.0020079612731933594
205896,normal,1658,0,1782361040.7113006,0.0020225048065185547
205897,normal,1520,0,1782361040.7132983,0.001997709274291992
205898,normal,720,0,1782361040.7155352,0.0022368431091308594
205899,normal,2070,0,1782361040.7173483,0.0018131732940673828
205900,normal,3325,1,1782361040.7192917,0.001943349838256836
205901,normal,388,0,1782361040.7212985,0.0020067691802978516
205902,normal,190,0,1782361040.723309,0.0020105838775634766
205903,normal,3501,0,1782361040.7253215,0.002012491226196289
205904,normal,861,2,1782361040.7273407,0.002019166946411133
205905,normal,2249,0,1782361040.7296326,0.0022919178009033203
205906,normal,2318,0,1782361040.7314463,0.001813650131225586
205907,normal,1044,0,1782361040.7334428,0.0019965171813964844
205908,normal,2377,0,1782361040.7354493,0.00200653076171875
205909,normal,484,0,1782361040.7374427,0.001993417739868164
205910,normal,1582,0,1782361040.739368,0.0019252300262451172
205911,normal,3614,0,1782361040.7416766,0.0023086071014404297
205912,normal,2769,0,1782361040.7434971,0.0018205642700195312
205913,normal,3331,1,1782361040.7454767,0.0019795894622802734
205914,normal,1759,0,1782361040.747343,0.0018663406372070312
205915,normal,14,0,1782361040.7495186,0.002175569534301758
205916,normal,2411,0,1782361040.751476,0.001957416534423828
205917,normal,1368,1,1782361040.7533317,0.001855611801147461
205918,normal,3590,0,1782361040.7552793,0.001947641372680664
205919,normal,3445,0,1782361040.7572758,0.0019965171813964844
205920,normal,246,0,1782361040.7593405,0.0020647048950195312
205921,normal,1736,0,1782361040.7613323,0.001991748809814453
205922,normal,3374,1,1782361040.7633219,0.001989603042602539
205923,normal,2774,0,1782361040.7653167,0.0019948482513427734
205924,normal,3320,1,1782361040.7673185,0.0020017623901367188
205925,normal,395,0,1782361040.769357,0.0020384788513183594
205926,normal,1124,0,1782361040.7715564,0.002199411392211914
205927,normal,2912,0,1782361040.7733707,0.0018143653869628906
205928,normal,2621,0,1782361040.7753832,0.002012491226196289
205929,normal,1503,0,1782361040.777307,0.0019237995147705078
205930,normal,1919,0,1782361040.779376,0.0020689964294433594
205931,normal,2107,0,1782361040.7814052,0.0020291805267333984
205932,normal,2399,0,1782361040.7834854,0.002080202102661133
205933,normal,462,0,1782361040.7853255,0.0018401145935058594
205934,normal,472,0,1782361040.7873375,0.002012014389038086
205935,normal,1971,0,1782361040.7893543,0.002016782760620117
205936,normal,2647,0,1782361040.7913208,0.0019664764404296875
205937,normal,3092,1,1782361040.793321,0.002000093460083008
205938,normal,2849,0,1782361040.7953951,0.0020742416381835938
205939,normal,2949,0,1782361040.797305,0.0019099712371826172
205940,normal,2051,0,1782361040.7994337,0.00212860107421875
205941,normal,2308,0,1782361040.801645,0.002211332321166992
205942,normal,223,0,1782361040.803346,0.0017008781433105469
205943,normal,3672,0,1782361040.8053956,0.002049684524536133
205944,normal,3461,0,1782361040.8074236,0.0020279884338378906
205945,normal,2873,0,1782361040.8093019,0.0018782615661621094
205946,normal,997,2,1782361040.8113925,0.0020906925201416016
205947,normal,86,0,1782361040.8134234,0.0020308494567871094
205948,normal,1283,0,1782361040.815388,0.001964569091796875
205949,normal,3438,0,1782361040.8174896,0.0021016597747802734
205950,normal,3377,1,1782361040.8195257,0.0020360946655273438
205951,normal,1714,0,1782361040.8214173,0.0018916130065917969
205952,normal,1390,0,1782361040.823468,0.002050638198852539
205953,normal,1332,1,1782361040.8254457,0.001977682113647461
205954,normal,2144,0,1782361040.8273635,0.0019178390502929688
205955,normal,1915,0,1782361040.8294032,0.002039670944213867
205956,normal,952,2,1782361040.8314276,0.002024412155151367
205957,normal,1406,0,1782361040.8333275,0.0018999576568603516
205958,normal,29,0,1782361040.83542,0.0020923614501953125
205959,normal,2320,0,1782361040.837514,0.0020940303802490234
205960,normal,2409,0,1782361040.8394375,0.0019235610961914062
205961,normal,690,0,1782361040.8414958,0.002058267593383789
205962,normal,972,2,1782361040.8435144,0.0020186901092529297
205963,normal,1434,0,1782361040.845529,0.002014636993408203
205964,normal,1755,0,1782361040.8477807,0.0022516250610351562
205965,normal,445,0,1782361040.849376,0.0015952587127685547
205966,normal,3627,0,1782361040.8516393,0.002263307571411133
205967,normal,541,0,1782361040.853599,0.0019598007202148438
205968,normal,774,2,1782361040.8554077,0.0018086433410644531
205969,normal,1163,0,1782361040.8573465,0.0019388198852539062
205970,normal,618,0,1782361040.8592696,0.0019230842590332031
205971,normal,855,2,1782361040.8613026,0.0020329952239990234
205972,normal,3562,0,1782361040.8634596,0.002156972885131836
205973,normal,1071,0,1782361040.8652687,0.0018091201782226562
205974,normal,1219,0,1782361040.8673182,0.0020494461059570312
205975,normal,3323,1,1782361040.8692486,0.0019304752349853516
205976,normal,950,2,1782361040.871271,0.002022266387939453
205977,normal,1498,0,1782361040.8736432,0.002372264862060547
205978,normal,3291,1,1782361040.8754582,0.0018150806427001953
205979,normal,3070,1,1782361040.8774304,0.001972198486328125
205980,normal,2742,0,1782361040.8794498,0.0020194053649902344
205981,normal,320,0,1782361040.8813045,0.0018546581268310547
205982,normal,1718,0,1782361040.8833234,0.0020189285278320312
205983,normal,3024,0,1782361040.8853238,0.0020003318786621094
205984,normal,2331,0,1782361040.887323,0.0019991397857666016
205985,normal,2524,0,1782361040.8895109,0.002187967300415039
205986,normal,157,0,1782361040.8913639,0.0018529891967773438
205987,normal,1650,0,1782361040.893301,0.0019371509552001953
205988,normal,1134,0,1782361040.895299,0.0019979476928710938
205989,normal,2151,0,1782361040.8973122,0.0020132064819335938
205990,normal,2533,0,1782361040.899319,0.0020067691802978516
205991,normal,1170,0,1782361040.9013433,0.002024412155151367
205992,normal,227,0,1782361040.9033182,0.001974821090698242
205993,normal,913,2,1782361040.9053407,0.0020225048065185547
205994,normal,284,0,1782361040.9073582,0.002017498016357422
205995,normal,3540,0,1782361040.9093435,0.001985311508178711
205996,normal,1654,0,1782361040.9113214,0.0019779205322265625
205997,normal,3155,1,1782361040.9135628,0.002241373062133789
205998,normal,2866,0,1782361040.915481,0.0019183158874511719
205999,normal,2648,0,1782361040.917421,0.001940011978149414
206000,normal,1189,0,1782361040.9194329,0.0020117759704589844
206001,normal,1811,0,1782361040.9214582,0.0020253658294677734
206002,normal,2896,0,1782361040.9233775,0.0019192695617675781
206003,normal,194,0,1782361040.9253032,0.0019257068634033203
206004,normal,1730,0,1782361040.9273713,0.002068042755126953
206005,normal,2638,0,1782361040.9293513,0.0019800662994384766
206006,normal,1572,0,1782361040.9314177,0.002066373825073242
206007,normal,2914,0,1782361040.9334245,0.0020067691802978516
206008,normal,2497,0,1782361040.9355063,0.0020818710327148438
206009,normal,2363,0,1782361040.9374018,0.0018954277038574219
206010,normal,1414,0,1782361040.9393563,0.0019545555114746094
206011,normal,3583,0,1782361040.941854,0.0024976730346679688
206012,normal,2451,0,1782361040.943794,0.001940011978149414
206013,normal,1153,0,1782361040.9454777,0.0016837120056152344
206014,normal,1331,1,1782361040.9475377,0.0020599365234375
206015,normal,2263,0,1782361040.9494014,0.001863718032836914
206016,normal,360,0,1782361040.9513872,0.001985788345336914
206017,normal,205,0,1782361040.95339,0.002002716064453125
206018,normal,2351,0,1782361040.9554207,0.0020308494567871094
206019,normal,391,0,1782361040.957638,0.0022172927856445312
206020,normal,2298,0,1782361040.9592946,0.0016565322875976562
206021,normal,728,0,1782361040.9613416,0.0020470619201660156
206022,normal,2758,0,1782361040.9633515,0.002009868621826172
206023,normal,3456,0,1782361040.9652853,0.0019338130950927734
206024,normal,3607,0,1782361040.9673004,0.0020151138305664062
206025,normal,1563,0,1782361040.9693048,0.002004384994506836
206026,normal,2275,0,1782361040.9713187,0.0020139217376708984
206027,normal,1930,0,1782361040.9733155,0.001996755599975586
206028,normal,2197,0,1782361040.9754133,0.0020978450775146484
206029,normal,2096,0,1782361040.9773293,0.0019159317016601562
206030,normal,3310,1,1782361040.9793003,0.001971006393432617
206031,normal,275,0,1782361040.981298,0.001997709274291992
206032,normal,1252,0,1782361040.9833128,0.0020148754119873047
206033,normal,3475,0,1782361040.98532,0.0020072460174560547
206034,normal,4,0,1782361040.9873114,0.00199127197265625
206035,normal,2806,0,1782361040.989371,0.0020596981048583984
206036,normal,1238,0,1782361040.991378,0.002007007598876953
206037,normal,11,0,1782361040.993454,0.0020759105682373047
206038,normal,2954,0,1782361040.9953172,0.001863241195678711
206039,normal,2572,0,1782361040.9973683,0.002051115036010742
206040,normal,3299,1,1782361040.999424,0.002055644989013672
206041,normal,2125,0,1782361041.00131,0.001886129379272461
206042,normal,47,0,1782361041.0033908,0.002080678939819336
206043,normal,1559,0,1782361041.005367,0.0019762516021728516
206044,normal,2159,0,1782361041.0073888,0.00202178955078125
206045,normal,2408,0,1782361041.0094361,0.002047300338745117
206046,normal,1335,1,1782361041.0114653,0.0020291805267333984
206047,normal,2504,0,1782361041.0134172,0.0019519329071044922
206048,normal,1241,0,1782361041.0156565,0.002239227294921875
206049,normal,475,0,1782361041.0175226,0.0018661022186279297
206050,normal,3254,1,1782361041.0194929,0.0019702911376953125
206051,normal,2392,0,1782361041.0214944,0.002001523971557617
206052,normal,1810,0,1782361041.0236037,0.0021092891693115234
206053,normal,2616,0,1782361041.0255933,0.001989603042602539
206054,normal,3631,0,1782361041.0273435,0.0017502307891845703
206055,normal,3626,0,1782361041.0292974,0.0019538402557373047
206056,normal,2746,0,1782361041.0313551,0.002057790756225586
206057,normal,2526,0,1782361041.0333643,0.002009153366088867
206058,normal,569,0,1782361041.0357027,0.002338409423828125
206059,normal,607,0,1782361041.0372777,0.0015749931335449219
206060,normal,2898,0,1782361041.0393584,0.002080678939819336
206061,normal,2935,0,1782361041.0413957,0.0020372867584228516
206062,normal,1590,0,1782361041.0434058,0.0020101070404052734
206063,normal,2301,0,1782361041.0453064,0.0019006729125976562
206064,normal,2174,0,1782361041.0478923,0.002585887908935547
206065,normal,1317,0,1782361041.0494227,0.0015304088592529297
206066,normal,559,0,1782361041.0513408,0.0019180774688720703
206067,normal,609,0,1782361041.0534863,0.002145528793334961
206068,normal,969,2,1782361041.0553284,0.0018420219421386719
206069,normal,959,2,1782361041.0573387,0.002010345458984375
206070,normal,163,0,1782361041.0593705,0.0020318031311035156
206071,normal,681,0,1782361041.0612864,0.0019159317016601562
206072,normal,2601,0,1782361041.0636888,0.0024023056030273438
206073,normal,2440,0,1782361041.0653636,0.0016748905181884766
206074,normal,2792,0,1782361041.0673041,0.0019404888153076172
206075,normal,1854,0,1782361041.0693033,0.0019991397857666016
206076,normal,2973,0,1782361041.0713124,0.002009153366088867
206077,normal,2606,0,1782361041.0733202,0.002007722854614258
206078,normal,1015,2,1782361041.0753572,0.00203704833984375
206079,normal,3636,0,1782361041.0773907,0.0020334720611572266
206080,normal,2259,0,1782361041.0793483,0.0019576549530029297
206081,normal,856,2,1782361041.0813534,0.0020051002502441406
206082,normal,3034,0,1782361041.0836205,0.002267122268676758
206083,normal,1452,0,1782361041.0859714,0.0023508071899414062
206084,normal,1433,0,1782361041.087313,0.0013415813446044922
206085,normal,3638,0,1782361041.0893192,0.0020062923431396484
206086,normal,1512,0,1782361041.0916169,0.002297639846801758
206087,normal,2626,0,1782361041.0933466,0.001729726791381836
206088,normal,1358,1,1782361041.0955374,0.002190828323364258
206089,normal,1822,0,1782361041.0974743,0.0019369125366210938
206090,normal,424,0,1782361041.0993462,0.0018718242645263672
206091,normal,846,2,1782361041.1014364,0.0020902156829833984
206092,normal,1471,0,1782361041.103308,0.0018715858459472656
206093,normal,1371,1,1782361041.1054137,0.002105712890625
206094,normal,3637,0,1782361041.1074615,0.0020477771759033203
206095,normal,1583,0,1782361041.1093392,0.0018777847290039062
206096,normal,2472,0,1782361041.1114593,0.0021200180053710938
206097,normal,3611,0,1782361041.1133409,0.0018815994262695312
206098,normal,1120,0,1782361041.1154323,0.0020914077758789062
206099,normal,173,0,1782361041.1173487,0.0019164085388183594
206100,normal,1522,0,1782361041.1194046,0.0020558834075927734
206101,normal,548,0,1782361041.1215231,0.0021185874938964844
206102,normal,845,2,1782361041.1233819,0.0018587112426757812
206103,normal,1073,0,1782361041.1252816,0.00189971923828125
206104,normal,2441,0,1782361041.1273942,0.0021126270294189453
206105,normal,3444,0,1782361041.1293857,0.0019915103912353516
206106,normal,1230,0,1782361041.1314442,0.0020585060119628906
206107,normal,1175,0,1782361041.1334798,0.0020356178283691406
206108,normal,614,0,1782361041.1352847,0.0018048286437988281
206109,normal,2208,0,1782361041.137328,0.0020432472229003906
206110,normal,1693,0,1782361041.1393135,0.0019855499267578125
206111,normal,2907,0,1782361041.141328,0.002014636993408203
206112,normal,1287,0,1782361041.143311,0.0019829273223876953
206113,normal,3196,1,1782361041.145305,0.001993894577026367
206114,normal,291,0,1782361041.147337,0.002032041549682617
206115,normal,2004,0,1782361041.149389,0.0020520687103271484
206116,normal,3673,0,1782361041.1514065,0.002017498016357422
206117,normal,1972,0,1782361041.1533463,0.0019397735595703125
206118,normal,1008,2,1782361041.155308,0.0019617080688476562
206119,normal,1884,0,1782361041.1573036,0.001995563507080078
206120,normal,422,0,1782361041.1593,0.0019965171813964844
206121,normal,458,0,1782361041.1612947,0.001994609832763672
206122,normal,1509,0,1782361041.1632936,0.0019989013671875
206123,normal,53,0,1782361041.165365,0.002071380615234375
206124,normal,343,0,1782361041.1673636,0.0019986629486083984
206125,normal,3568,0,1782361041.169513,0.002149343490600586
206126,normal,202,0,1782361041.171294,0.0017809867858886719
206127,normal,1242,0,1782361041.1733172,0.0020232200622558594
206128,normal,3296,1,1782361041.175322,0.002004861831665039
206129,normal,633,0,1782361041.1773047,0.0019826889038085938
206130,normal,1379,1,1782361041.1792786,0.001973867416381836
206131,normal,3436,0,1782361041.1812696,0.0019910335540771484
206132,normal,3552,0,1782361041.18327,0.0020003318786621094
206133,normal,3026,0,1782361041.1853325,0.002062559127807617
206134,normal,489,0,1782361041.187396,0.0020635128021240234
206135,normal,2891,0,1782361041.1893601,0.001964092254638672
206136,normal,3173,1,1782361041.1914809,0.0021207332611083984
206137,normal,797,2,1782361041.1934228,0.0019419193267822266
206138,normal,1900,0,1782361041.1954603,0.002037525177001953
206139,normal,2695,0,1782361041.1974058,0.00194549560546875
206140,normal,323,0,1782361041.1994476,0.0020418167114257812
206141,normal,3295,1,1782361041.2015278,0.002080202102661133
206142,normal,419,0,1782361041.2032924,0.001764535903930664
206143,normal,162,0,1782361041.2053027,0.002010345458984375
206144,normal,3342,1,1782361041.207277,0.001974344253540039
206145,normal,263,0,1782361041.209276,0.0019989013671875
206146,normal,3679,0,1782361041.2114053,0.0021293163299560547
206147,normal,1380,1,1782361041.2133396,0.0019342899322509766
206148,normal,3525,0,1782361041.215278,0.0019383430480957031
206149,normal,1600,0,1782361041.2172787,0.0020008087158203125
206150,normal,1728,0,1782361041.219313,0.0020341873168945312
206151,normal,936,2,1782361041.2212842,0.0019712448120117188
206152,normal,643,0,1782361041.2241373,0.0028531551361083984
206153,normal,490,0,1782361041.2256546,0.0015172958374023438
206154,normal,631,0,1782361041.2273762,0.0017216205596923828
206155,normal,763,0,1782361041.2293212,0.0019450187683105469
206156,normal,2345,0,1782361041.2313132,0.0019919872283935547
206157,normal,1041,0,1782361041.2333093,0.0019960403442382812
206158,normal,901,2,1782361041.2354224,0.0021131038665771484
206159,normal,2940,0,1782361041.2374742,0.002051830291748047
206160,normal,3549,0,1782361041.2393177,0.0018434524536132812
206161,normal,3111,1,1782361041.2413144,0.001996755599975586
206162,normal,2857,0,1782361041.2433128,0.001998424530029297
206163,normal,3154,1,1782361041.2453415,0.0020287036895751953
206164,normal,48,0,1782361041.2473238,0.0019822120666503906
206165,normal,2253,0,1782361041.2495158,0.0021920204162597656
206166,normal,3073,1,1782361041.2515213,0.0020055770874023438
206167,normal,2681,0,1782361041.2534313,0.0019099712371826172
206168,normal,2915,0,1782361041.2554162,0.001984834671020508
206169,normal,2419,0,1782361041.25748,0.002063751220703125
206170,normal,2434,0,1782361041.2594085,0.001928567886352539
206171,normal,17,0,1782361041.2614927,0.0020842552185058594
206172,normal,2692,0,1782361041.2636254,0.0021326541900634766
206173,normal,3472,0,1782361041.265482,0.0018565654754638672
206174,normal,3095,1,1782361041.2673566,0.001874685287475586
206175,normal,3025,0,1782361041.2695353,0.002178668975830078
206176,normal,2061,0,1782361041.2716553,0.0021200180053710938
206177,normal,3394,1,1782361041.2733684,0.0017130374908447266
206178,normal,3666,0,1782361041.2753594,0.0019910335540771484
206179,normal,3266,1,1782361041.2773063,0.0019469261169433594
206180,normal,3648,0,1782361041.279341,0.0020346641540527344
206181,normal,3076,1,1782361041.281337,0.0019960403442382812
206182,normal,1692,0,1782361041.2833214,0.0019843578338623047
206183,normal,2860,0,1782361041.2853158,0.0019943714141845703
206184,normal,2106,0,1782361041.287296,0.001980304718017578
206185,normal,3659,0,1782361041.28934,0.0020439624786376953
206186,normal,3012,0,1782361041.2913907,0.002050638198852539
206187,normal,1260,0,1782361041.293406,0.002015352249145508
206188,normal,2418,0,1782361041.295439,0.0020329952239990234
206189,normal,3617,0,1782361041.2973056,0.0018665790557861328
206190,normal,155,0,1782361041.2993662,0.0020606517791748047
206191,normal,3355,1,1782361041.3013768,0.0020105838775634766
206192,normal,1806,0,1782361041.3034153,0.0020384788513183594
206193,normal,1106,0,1782361041.305506,0.0020906925201416016
206194,normal,792,2,1782361041.307298,0.0017919540405273438
206195,normal,2784,0,1782361041.3093476,0.002049684524536133
206196,normal,1234,0,1782361041.311421,0.0020732879638671875
206197,normal,2779,0,1782361041.3133347,0.0019137859344482422
206198,normal,1074,0,1782361041.3154283,0.0020935535430908203
206199,normal,3265,1,1782361041.3174314,0.002003192901611328
206200,normal,1256,0,1782361041.3194509,0.0020194053649902344
206201,normal,632,0,1782361041.321361,0.0019102096557617188
206202,normal,512,0,1782361041.3235507,0.00218963623046875
206203,normal,305,0,1782361041.325332,0.0017812252044677734
206204,normal,2942,0,1782361041.3274233,0.0020914077758789062
206205,normal,3690,0,1782361041.3293943,0.001971006393432617
206206,normal,1224,0,1782361041.3313322,0.0019378662109375
206207,normal,2702,0,1782361041.3334212,0.0020890235900878906
206208,normal,2194,0,1782361041.3354797,0.0020585060119628906
206209,normal,3227,1,1782361041.337398,0.0019183158874511719
206210,normal,215,0,1782361041.339521,0.0021228790283203125
206211,normal,2541,0,1782361041.3415277,0.0020067691802978516
206212,normal,2312,0,1782361041.3433907,0.0018630027770996094
206213,normal,1422,0,1782361041.3453026,0.0019118785858154297
206214,normal,2011,0,1782361041.347337,0.002034425735473633
206215,normal,1430,0,1782361041.3494864,0.002149343490600586
206216,normal,2798,0,1782361041.3513656,0.0018792152404785156
206217,normal,3535,0,1782361041.3533082,0.0019426345825195312
206218,normal,570,0,1782361041.3553064,0.0019981861114501953
206219,normal,2049,0,1782361041.357286,0.0019795894622802734
206220,normal,1133,0,1782361041.3594303,0.002144336700439453
206221,normal,68,0,1782361041.3613508,0.001920461654663086
206222,normal,2350,0,1782361041.3633714,0.002020597457885742
206223,normal,3089,1,1782361041.3654704,0.0020990371704101562
206224,normal,402,0,1782361041.367401,0.0019304752349853516
206225,normal,2026,0,1782361041.3694732,0.0020723342895507812
206226,normal,1439,0,1782361041.371495,0.00202178955078125
206227,normal,2019,0,1782361041.3735063,0.0020112991333007812
206228,normal,1305,0,1782361041.3753266,0.0018203258514404297
206229,normal,3409,0,1782361041.3772862,0.001959562301635742
206230,normal,3630,0,1782361041.379279,0.0019927024841308594
206231,normal,2782,0,1782361041.3812895,0.0020105838775634766
206232,normal,1145,0,1782361041.383457,0.0021674633026123047
206233,normal,298,0,1782361041.385314,0.0018570423126220703
206234,normal,3160,1,1782361041.3872974,0.0019834041595458984
206235,normal,2861,0,1782361041.3892758,0.0019783973693847656
206236,normal,3492,0,1782361041.3912714,0.001995563507080078
206237,normal,2756,0,1782361041.393423,0.0021517276763916016
206238,normal,764,0,1782361041.395477,0.002053976058959961
206239,normal,600,0,1782361041.3974462,0.0019690990447998047
206240,normal,3347,1,1782361041.399571,0.002124786376953125
206241,normal,3516,0,1782361041.4013507,0.001779794692993164
206242,normal,1555,0,1782361041.4033315,0.0019807815551757812
206243,normal,2380,0,1782361041.4053273,0.0019958019256591797
206244,normal,2514,0,1782361041.4073222,0.0019948482513427734
206245,normal,3334,1,1782361041.4095027,0.0021805763244628906
206246,normal,1894,0,1782361041.4114468,0.0019440650939941406
206247,normal,3065,1,1782361041.4133203,0.0018734931945800781
206248,normal,1729,0,1782361041.4153068,0.0019865036010742188
206249,normal,1548,0,1782361041.417313,0.0020062923431396484
206250,normal,2473,0,1782361041.4193177,0.0020046234130859375
206251,normal,1704,0,1782361041.4213383,0.002020597457885742
206252,normal,406,0,1782361041.4233384,0.002000093460083008
206253,normal,266,0,1782361041.425312,0.0019736289978027344
206254,normal,3058,1,1782361041.4274035,0.0020914077758789062
206255,normal,1542,0,1782361041.4293177,0.0019142627716064453
206256,normal,3573,0,1782361041.4313302,0.002012491226196289
206257,normal,1848,0,1782361041.4334507,0.002120494842529297
206258,normal,2971,0,1782361041.4355073,0.002056598663330078
206259,normal,2931,0,1782361041.4374743,0.0019669532775878906
206260,normal,396,0,1782361041.43943,0.001955747604370117
206261,normal,722,0,1782361041.4414499,0.0020198822021484375
206262,normal,3415,0,1782361041.4434125,0.0019626617431640625
206263,normal,317,0,1782361041.4453053,0.0018928050994873047
206264,normal,566,0,1782361041.4474037,0.0020983219146728516
206265,normal,756,0,1782361041.4494112,0.0020074844360351562
206266,normal,1148,0,1782361041.4514089,0.001997709274291992
206267,normal,3375,1,1782361041.453442,0.002033233642578125
206268,normal,2790,0,1782361041.4554677,0.002025604248046875
206269,normal,3664,0,1782361041.4574695,0.0020017623901367188
206270,normal,1670,0,1782361041.4593527,0.0018832683563232422
206271,normal,1856,0,1782361041.4613128,0.0019600391387939453
206272,normal,3221,1,1782361041.4634526,0.0021398067474365234
206273,normal,1931,0,1782361041.4655209,0.0020682811737060547
206274,normal,1156,0,1782361041.467594,0.002073049545288086
206275,normal,1223,0,1782361041.4694264,0.0018324851989746094
206276,normal,1190,0,1782361041.471541,0.002114534378051758
206277,normal,3110,1,1782361041.4734027,0.0018618106842041016
206278,normal,2723,0,1782361041.4754992,0.002096414566040039
206279,normal,2642,0,1782361041.477994,0.00249481201171875
206280,normal,1953,0,1782361041.4795206,0.0015265941619873047
206281,normal,2248,0,1782361041.481336,0.0018155574798583984
206282,normal,2030,0,1782361041.4834428,0.0021066665649414062
206283,normal,2980,0,1782361041.485434,0.00199127197265625
206284,normal,1832,0,1782361041.487347,0.001912832260131836
206285,normal,2871,0,1782361041.4894302,0.002083301544189453
206286,normal,627,0,1782361041.4914455,0.002015352249145508
206287,normal,2317,0,1782361041.4933505,0.0019049644470214844
206288,normal,2855,0,1782361041.4954662,0.0021157264709472656
206289,normal,1647,0,1782361041.497512,0.002045869827270508
206290,normal,2831,0,1782361041.4993303,0.0018181800842285156
206291,normal,815,2,1782361041.5014157,0.002085447311401367
206292,normal,3193,1,1782361041.5034182,0.0020024776458740234
206293,normal,2492,0,1782361041.5053287,0.0019104480743408203
206294,normal,1656,0,1782361041.5074213,0.002092599868774414
206295,normal,877,2,1782361041.5094125,0.00199127197265625
206296,normal,1369,1,1782361041.5114949,0.002082347869873047
206297,normal,2405,0,1782361041.5134068,0.0019118785858154297
206298,normal,878,2,1782361041.5156474,0.0022406578063964844
206299,normal,1837,0,1782361041.517337,0.0016896724700927734
206300,normal,2893,0,1782361041.5194337,0.0020966529846191406
206301,normal,255,0,1782361041.5214946,0.0020608901977539062
206302,normal,2939,0,1782361041.5233028,0.00180816650390625
206303,normal,3159,1,1782361041.5253837,0.0020809173583984375
206304,normal,1834,0,1782361041.5273852,0.002001523971557617
206305,normal,2570,0,1782361041.5293198,0.0019345283508300781
206306,normal,3537,0,1782361041.5316043,0.002284526824951172
206307,normal,32,0,1782361041.5334759,0.0018715858459472656
206308,normal,1468,0,1782361041.5354323,0.001956462860107422
206309,normal,3036,0,1782361041.5376365,0.0022041797637939453
206310,normal,625,0,1782361041.5396607,0.0020241737365722656
206311,normal,2979,0,1782361041.5414817,0.0018210411071777344
206312,normal,1201,0,1782361041.5435784,0.0020966529846191406
206313,normal,3663,0,1782361041.5456452,0.0020668506622314453
206314,normal,1888,0,1782361041.5474885,0.0018432140350341797
206315,normal,3634,0,1782361041.5494337,0.0019452571868896484
206316,normal,3379,1,1782361041.551386,0.0019524097442626953
206317,normal,2491,0,1782361041.553304,0.0019178390502929688
206318,normal,3250,1,1782361041.5554495,0.002145528793334961
206319,normal,1990,0,1782361041.5574799,0.0020303726196289062
206320,normal,2478,0,1782361041.5593836,0.0019037723541259766
206321,normal,3500,0,1782361041.561378,0.0019943714141845703
206322,normal,2859,0,1782361041.5633798,0.0020017623901367188
206323,normal,1938,0,1782361041.5652995,0.0019197463989257812
206324,normal,2675,0,1782361041.5678647,0.002565145492553711
206325,normal,2519,0,1782361041.5693688,0.0015041828155517578
206326,normal,938,2,1782361041.5714076,0.002038717269897461
206327,normal,1995,0,1782361041.5734148,0.0020072460174560547
206328,normal,3396,1,1782361041.5754385,0.0020236968994140625
206329,normal,470,0,1782361041.5774987,0.0020601749420166016
206330,normal,3512,0,1782361041.5794446,0.0019459724426269531
206331,normal,1506,0,1782361041.5816247,0.0021800994873046875
206332,normal,1401,0,1782361041.5838537,0.002228975296020508
206333,normal,1164,0,1782361041.5853512,0.001497507095336914
206334,normal,2444,0,1782361041.5875208,0.0021696090698242188
206335,normal,1009,2,1782361041.5893345,0.001813650131225586
206336,normal,404,0,1782361041.591543,0.0022084712982177734
206337,normal,1924,0,1782361041.5934181,0.001875162124633789
206338,normal,1745,0,1782361041.5954802,0.002062082290649414
206339,normal,3137,1,1782361041.5974653,0.0019850730895996094
206340,normal,3128,1,1782361041.5995634,0.00209808349609375
206341,normal,2734,0,1782361041.6013367,0.0017733573913574219
206342,normal,1024,2,1782361041.604054,0.002717256546020508
206343,normal,793,2,1782361041.6061387,0.0020847320556640625
206344,normal,3608,0,1782361041.6074312,0.0012924671173095703
206345,normal,1609,0,1782361041.6097806,0.002349376678466797
206346,normal,418,0,1782361041.6115584,0.0017778873443603516
206347,normal,238,0,1782361041.6138153,0.0022568702697753906
206348,normal,2105,0,1782361041.6157331,0.0019178390502929688
206349,normal,1966,0,1782361041.617453,0.0017199516296386719
206350,normal,1591,0,1782361041.6193075,0.0018544197082519531
206351,normal,2733,0,1782361041.6214328,0.002125263214111328
206352,normal,2378,0,1782361041.6234326,0.0019998550415039062
206353,normal,2244,0,1782361041.6253061,0.0018734931945800781
206354,normal,383,0,1782361041.627476,0.0021698474884033203
206355,normal,405,0,1782361041.6293414,0.001865386962890625
206356,normal,2406,0,1782361041.6314476,0.002106189727783203
206357,normal,3471,0,1782361041.6333199,0.0018723011016845703
206358,normal,2050,0,1782361041.635315,0.001995086669921875
206359,normal,1898,0,1782361041.6373408,0.0020258426666259766
206360,normal,1333,1,1782361041.6393828,0.002042055130004883
206361,normal,3126,1,1782361041.641415,0.0020322799682617188
206362,normal,908,2,1782361041.6442757,0.002860546112060547
206363,normal,1723,0,1782361041.6452396,0.0009639263153076172
206364,normal,2229,0,1782361041.6473763,0.002136707305908203
206365,normal,782,2,1782361041.6493948,0.002018451690673828
206366,normal,3373,1,1782361041.6513903,0.001995563507080078
206367,normal,336,0,1782361041.653454,0.002063751220703125
206368,normal,2984,0,1782361041.655264,0.001809835433959961
206369,normal,984,2,1782361041.6573002,0.0020363330841064453
206370,normal,1366,1,1782361041.659314,0.002013683319091797
206371,normal,2591,0,1782361041.6613023,0.0019884109497070312
206372,normal,1606,0,1782361041.6633067,0.002004384994506836
206373,normal,1910,0,1782361041.6653175,0.002010822296142578
206374,normal,2195,0,1782361041.6673226,0.0020051002502441406
206375,normal,1639,0,1782361041.6693325,0.002009868621826172
206376,normal,146,0,1782361041.6714222,0.0020897388458251953
206377,normal,653,0,1782361041.6733057,0.0018835067749023438
206378,normal,1151,0,1782361041.675312,0.0020062923431396484
206379,normal,1783,0,1782361041.6773074,0.0019953250885009766
206380,normal,635,0,1782361041.6792939,0.0019865036010742188
206381,normal,2705,0,1782361041.6813161,0.002022266387939453
206382,normal,1169,0,1782361041.6833043,0.0019881725311279297
206383,normal,2376,0,1782361041.6853614,0.0020570755004882812
206384,normal,3247,1,1782361041.687423,0.002061605453491211
206385,normal,2710,0,1782361041.6894624,0.0020394325256347656
206386,normal,3477,0,1782361041.6913044,0.0018420219421386719
206387,normal,3389,1,1782361041.6933558,0.0020513534545898438
206388,normal,1603,0,1782361041.6953459,0.001990079879760742
206389,normal,524,0,1782361041.697307,0.001961231231689453
206390,normal,2014,0,1782361041.699271,0.0019638538360595703
206391,normal,2698,0,1782361041.7012587,0.0019876956939697266
206392,normal,2043,0,1782361041.703266,0.0020072460174560547
206393,normal,1306,0,1782361041.7053125,0.0020465850830078125
206394,normal,64,0,1782361041.707358,0.0020453929901123047
206395,normal,3452,0,1782361041.7094052,0.002047300338745117
206396,normal,1501,0,1782361041.7114394,0.0020341873168945312
206397,normal,1589,0,1782361041.7134142,0.001974821090698242
206398,normal,840,2,1782361041.7154486,0.002034425735473633
206399,normal,534,0,1782361041.7175143,0.0020656585693359375
206400,normal,1702,0,1782361041.7195718,0.0020575523376464844
206401,normal,62,0,1782361041.721553,0.0019812583923339844
206402,normal,656,0,1782361041.723299,0.0017459392547607422
206403,normal,1029,2,1782361041.7253885,0.0020895004272460938
206404,normal,3467,0,1782361041.7272928,0.0019042491912841797
206405,normal,2110,0,1782361041.72938,0.002087116241455078
206406,normal,477,0,1782361041.7315283,0.0021483898162841797
206407,normal,1803,0,1782361041.7333543,0.0018260478973388672
206408,normal,1063,0,1782361041.7353816,0.002027273178100586
206409,normal,3364,1,1782361041.7373831,0.002001523971557617
206410,normal,3451,0,1782361041.7393825,0.001999378204345703
206411,normal,15,0,1782361041.7413874,0.002004861831665039
206412,normal,705,0,1782361041.7441165,0.002729177474975586
206413,normal,1404,0,1782361041.745601,0.0014843940734863281
206414,normal,3405,0,1782361041.747328,0.0017271041870117188
206415,normal,3569,0,1782361041.7493932,0.0020651817321777344
206416,normal,1080,0,1782361041.7513187,0.0019254684448242188
206417,normal,2868,0,1782361041.7533252,0.00200653076171875
206418,normal,773,2,1782361041.7554882,0.002162933349609375
206419,normal,576,0,1782361041.7573822,0.0018939971923828125
206420,normal,2678,0,1782361041.7593126,0.0019304752349853516
206421,normal,1865,0,1782361041.7613163,0.0020036697387695312
206422,normal,2684,0,1782361041.7633235,0.0020072460174560547
206423,normal,675,0,1782361041.7653456,0.0020220279693603516
206424,normal,2663,0,1782361041.767328,0.001982450485229492
206425,normal,1570,0,1782361041.7695355,0.002207517623901367
206426,normal,1077,0,1782361041.7715182,0.0019826889038085938
206427,normal,2943,0,1782361041.7734551,0.0019369125366210938
206428,normal,3033,0,1782361041.77543,0.001974821090698242
206429,normal,3164,1,1782361041.7774608,0.0020308494567871094
206430,normal,596,0,1782361041.7793584,0.001897573471069336
206431,normal,841,2,1782361041.7815452,0.0021867752075195312
206432,normal,529,0,1782361041.7834852,0.001940011978149414
206433,normal,2128,0,1782361041.785444,0.0019588470458984375
206434,normal,2283,0,1782361041.7872865,0.001842498779296875
206435,normal,1474,0,1782361041.7895386,0.0022521018981933594
206436,normal,1005,2,1782361041.7914925,0.0019538402557373047
206437,normal,1135,0,1782361041.793266,0.0017735958099365234
206438,normal,2223,0,1782361041.795275,0.0020089149475097656
206439,normal,191,0,1782361041.797359,0.002084016799926758
206440,normal,1485,0,1782361041.7993383,0.001979351043701172
206441,normal,1363,1,1782361041.801435,0.0020966529846191406
206442,normal,1660,0,1782361041.8033843,0.001949310302734375
206443,normal,70,0,1782361041.8052852,0.0019009113311767578
206444,normal,281,0,1782361041.8073173,0.002032041549682617
206445,normal,2747,0,1782361041.809352,0.0020346641540527344
206446,normal,3094,1,1782361041.8113906,0.002038717269897461
206447,normal,2671,0,1782361041.8135247,0.002134084701538086
206448,normal,1013,2,1782361041.8154097,0.0018849372863769531
206449,normal,2835,0,1782361041.8174305,0.0020208358764648438
206450,normal,1457,0,1782361041.8193855,0.0019550323486328125
206451,normal,2661,0,1782361041.8216164,0.0022308826446533203
206452,normal,1198,0,1782361041.8234267,0.001810312271118164
206453,normal,1703,0,1782361041.8253999,0.0019731521606445312
206454,normal,2765,0,1782361041.827424,0.0020241737365722656
206455,normal,3381,1,1782361041.829337,0.001912832260131836
206456,normal,181,0,1782361041.8314242,0.0020873546600341797
206457,normal,3667,0,1782361041.833317,0.0018928050994873047
206458,normal,384,0,1782361041.8353996,0.0020825862884521484
206459,normal,752,0,1782361041.8374345,0.002034902572631836
206460,normal,153,0,1782361041.8394442,0.0020096302032470703
206461,normal,1684,0,1782361041.8414323,0.0019881725311279297
206462,normal,1155,0,1782361041.8434246,0.0019922256469726562
206463,normal,2290,0,1782361041.8454113,0.0019867420196533203
206464,normal,1496,0,1782361041.8473141,0.0019028186798095703
206465,normal,3399,1,1782361041.8494158,0.0021016597747802734
206466,normal,3606,0,1782361041.8514097,0.001993894577026367
206467,normal,739,0,1782361041.8533432,0.0019335746765136719
206468,normal,2577,0,1782361041.8554745,0.002131223678588867
206469,normal,3104,1,1782361041.857476,0.002001523971557617
206470,normal,1114,0,1782361041.8594286,0.0019526481628417969
206471,normal,1673,0,1782361041.861464,0.002035379409790039
206472,normal,306,0,1782361041.8634171,0.001953125
206473,normal,2818,0,1782361041.865326,0.0019087791442871094
206474,normal,3639,0,1782361041.8674376,0.002111673355102539
206475,normal,3268,1,1782361041.869409,0.0019714832305908203
206476,normal,3302,1,1782361041.8713186,0.001909494400024414
206477,normal,2091,0,1782361041.8734183,0.002099752426147461
206478,normal,526,0,1782361041.8754072,0.0019888877868652344
206479,normal,1502,0,1782361041.877448,0.002040863037109375
206480,normal,449,0,1782361041.8794787,0.002030611038208008
206481,normal,3275,1,1782361041.8815324,0.0020537376403808594
206482,normal,1213,0,1782361041.8834722,0.0019397735595703125
206483,normal,2307,0,1782361041.8856325,0.002160310745239258
206484,normal,234,0,1782361041.8877373,0.0021047592163085938
206485,normal,1012,2,1782361041.889428,0.0016906261444091797
206486,normal,3349,1,1782361041.8914502,0.002022266387939453
206487,normal,910,2,1782361041.8932905,0.001840353012084961
206488,normal,2300,0,1782361041.8953786,0.0020880699157714844
206489,normal,2341,0,1782361041.8973038,0.0019252300262451172
206490,normal,2143,0,1782361041.8993828,0.002079010009765625
206491,normal,2095,0,1782361041.9014997,0.0021169185638427734
206492,normal,375,0,1782361041.903383,0.0018832683563232422
206493,normal,188,0,1782361041.9053788,0.0019958019256591797
206494,normal,1016,2,1782361041.9073818,0.0020029544830322266
206495,normal,3050,1,1782361041.909382,0.0020003318786621094
206496,normal,3661,0,1782361041.9117265,0.002344369888305664
206497,normal,3400,1,1782361041.9135036,0.0017771720886230469
206498,normal,2762,0,1782361041.915552,0.0020482540130615234
206499,normal,2079,0,1782361041.9175704,0.002018451690673828
206500,normal,192,0,1782361041.9193614,0.0017910003662109375
206501,normal,2075,0,1782361041.9214568,0.002095460891723633
206502,normal,719,0,1782361041.9234354,0.001978635787963867
206503,normal,1113,0,1782361041.9253395,0.0019040107727050781
206504,normal,1842,0,1782361041.9276357,0.0022962093353271484
206505,normal,1933,0,1782361041.9294717,0.0018360614776611328
206506,normal,3060,1,1782361041.9313245,0.0018527507781982422
206507,normal,1956,0,1782361041.9334137,0.002089262008666992
206508,normal,1676,0,1782361041.9354303,0.0020165443420410156
206509,normal,2126,0,1782361041.937336,0.001905679702758789
206510,normal,2422,0,1782361041.9394252,0.002089262008666992
206511,normal,262,0,1782361041.9413998,0.0019745826721191406
206512,normal,2643,0,1782361041.9434655,0.0020656585693359375
206513,normal,3624,0,1782361041.945363,0.001897573471069336
206514,normal,334,0,1782361041.9474483,0.0020852088928222656
206515,normal,1040,0,1782361041.9494028,0.0019545555114746094
206516,normal,1968,0,1782361041.9516516,0.0022487640380859375
206517,normal,1625,0,1782361041.9535983,0.0019466876983642578
206518,normal,2288,0,1782361041.9554665,0.0018682479858398438
206519,normal,3185,1,1782361041.9575427,0.0020761489868164062
206520,normal,1674,0,1782361041.9595737,0.002031087875366211
206521,normal,655,0,1782361041.961392,0.0018181800842285156
206522,normal,3238,1,1782361041.9633877,0.0019958019256591797
206523,normal,1905,0,1782361041.9655044,0.002116680145263672
206524,normal,83,0,1782361041.967482,0.001977682113647461
206525,normal,3597,0,1782361041.9694135,0.0019314289093017578
206526,normal,3031,0,1782361041.9715202,0.0021066665649414062
206527,normal,1490,0,1782361041.973491,0.0019707679748535156
206528,normal,563,0,1782361041.9754536,0.0019626617431640625
206529,normal,778,2,1782361041.9773977,0.0019440650939941406
206530,normal,2636,0,1782361041.9793725,0.001974821090698242
206531,normal,3261,1,1782361041.9815257,0.002153158187866211
206532,normal,1687,0,1782361041.983681,0.002155303955078125
206533,normal,2724,0,1782361041.9855745,0.0018935203552246094
206534,normal,832,2,1782361041.9874957,0.0019211769104003906
206535,normal,1605,0,1782361041.9893696,0.0018739700317382812
206536,normal,1319,1,1782361041.991503,0.0021333694458007812
206537,normal,806,2,1782361041.993441,0.0019381046295166016
206538,normal,34,0,1782361041.9960542,0.002613067626953125
206539,normal,479,0,1782361041.9974158,0.0013616085052490234
206540,normal,605,0,1782361041.999328,0.0019121170043945312
206541,normal,3322,1,1782361042.0014403,0.0021123886108398438
206542,normal,3309,1,1782361042.0033438,0.001903533935546875
206543,normal,3657,0,1782361042.0054264,0.0020825862884521484
206544,normal,1534,0,1782361042.0074215,0.001995086669921875
206545,normal,2529,0,1782361042.009313,0.0018916130065917969
206546,normal,1868,0,1782361042.0114174,0.0021042823791503906
206547,normal,700,0,1782361042.013396,0.001978635787963867
206548,normal,1769,0,1782361042.0154176,0.0020215511322021484
206549,normal,3567,0,1782361042.0174124,0.0019948482513427734
206550,normal,770,0,1782361042.019419,0.00200653076171875
206551,normal,2488,0,1782361042.0213306,0.0019116401672363281
206552,normal,2498,0,1782361042.0234213,0.0020906925201416016
206553,normal,1836,0,1782361042.0254197,0.001998424530029297
206554,normal,595,0,1782361042.027324,0.0019042491912841797
206555,normal,2375,0,1782361042.0293896,0.0020656585693359375
206556,normal,2234,0,1782361042.0314934,0.0021038055419921875
206557,normal,2540,0,1782361042.0334947,0.0020012855529785156
206558,normal,2328,0,1782361042.035423,0.0019283294677734375
206559,normal,2568,0,1782361042.0374408,0.0020177364349365234
206560,normal,1790,0,1782361042.0393922,0.001951456069946289
206561,normal,444,0,1782361042.041384,0.001991748809814453
206562,normal,279,0,1782361042.043384,0.002000093460083008
206563,normal,3051,1,1782361042.0452929,0.0019087791442871094
206564,normal,2775,0,1782361042.0474017,0.0021088123321533203
206565,normal,3694,0,1782361042.0494287,0.0020270347595214844
206566,normal,708,0,1782361042.0514593,0.002030611038208008
206567,normal,3040,0,1782361042.0534213,0.001961946487426758
206568,normal,2735,0,1782361042.0555995,0.002178192138671875
206569,normal,294,0,1782361042.0575726,0.0019731521606445312
206570,normal,3301,1,1782361042.0595515,0.0019788742065429688
206571,normal,1059,0,1782361042.0614944,0.0019428730010986328
206572,normal,3317,1,1782361042.0635097,0.002015352249145508
206573,normal,1297,0,1782361042.0654817,0.0019719600677490234
206574,normal,1158,0,1782361042.0673904,0.0019087791442871094
206575,normal,902,2,1782361042.0692954,0.0019049644470214844
206576,normal,2140,0,1782361042.071379,0.0020835399627685547
206577,normal,2539,0,1782361042.0733929,0.0020139217376708984
206578,normal,2634,0,1782361042.0754797,0.0020868778228759766
206579,normal,177,0,1782361042.0773983,0.0019185543060302734
206580,normal,983,2,1782361042.0793812,0.0019829273223876953
206581,normal,3078,1,1782361042.081291,0.0019097328186035156
206582,normal,2264,0,1782361042.083381,0.002089977264404297
206583,normal,467,0,1782361042.0858645,0.0024836063385009766
206584,normal,2063,0,1782361042.0874004,0.0015358924865722656
206585,normal,2423,0,1782361042.0894182,0.0020177364349365234
206586,normal,791,2,1782361042.0914977,0.002079486846923828
206587,normal,2150,0,1782361042.0933518,0.0018541812896728516
206588,normal,1652,0,1782361042.0954297,0.002077817916870117
206589,normal,3341,1,1782361042.0974307,0.002001047134399414
206590,normal,1493,0,1782361042.0993397,0.001909017562866211
206591,normal,1880,0,1782361042.1017816,0.002441883087158203
206592,normal,781,2,1782361042.103442,0.0016603469848632812
206593,normal,955,2,1782361042.1053271,0.0018851757049560547
206594,normal,1825,0,1782361042.1074162,0.0020890235900878906
206595,normal,1330,1,1782361042.10942,0.002003908157348633
206596,normal,1047,0,1782361042.1114366,0.0020165443420410156
206597,normal,1467,0,1782361042.1134043,0.0019676685333251953
206598,normal,3064,1,1782361042.11549,0.0020856857299804688
206599,normal,3183,1,1782361042.1173694,0.0018794536590576172
206600,normal,2355,0,1782361042.1194718,0.002102375030517578
206601,normal,2728,0,1782361042.1221254,0.0026535987854003906
206602,normal,1318,0,1782361042.1239443,0.0018188953399658203
206603,normal,3283,1,1782361042.1253262,0.0013818740844726562
206604,normal,201,0,1782361042.127745,0.0024187564849853516
206605,normal,1123,0,1782361042.1294644,0.0017194747924804688
206606,normal,2442,0,1782361042.1314461,0.0019817352294921875
206607,normal,1087,0,1782361042.1335316,0.002085447311401367
206608,normal,1778,0,1782361042.1354413,0.0019097328186035156
206609,normal,2304,0,1782361042.1372964,0.0018551349639892578
206610,normal,414,0,1782361042.1393952,0.0020987987518310547
206611,normal,1662,0,1782361042.141395,0.0019998550415039062
206612,normal,3427,0,1782361042.1433213,0.0019261837005615234
206613,normal,2261,0,1782361042.145426,0.0021047592163085938
206614,normal,2913,0,1782361042.1473505,0.0019245147705078125
206615,normal,3271,1,1782361042.14943,0.002079486846923828
206616,normal,1127,0,1782361042.1514215,0.0019915103912353516
206617,normal,3127,1,1782361042.1533334,0.0019118785858154297
206618,normal,3431,0,1782361042.1554625,0.002129077911376953
206619,normal,3629,0,1782361042.1574926,0.0020301342010498047
206620,normal,3098,1,1782361042.159518,0.0020253658294677734
206621,normal,644,0,1782361042.1613598,0.0018417835235595703
206622,normal,2604,0,1782361042.1634138,0.002053976058959961
206623,normal,2164,0,1782361042.165386,0.001972198486328125
206624,normal,1973,0,1782361042.1674714,0.002085447311401367
206625,normal,985,2,1782361042.1695197,0.0020482540130615234
206626,normal,1766,0,1782361042.171433,0.001913309097290039
206627,normal,592,0,1782361042.173407,0.0019741058349609375
206628,normal,2760,0,1782361042.1754131,0.002006053924560547
206629,normal,90,0,1782361042.1773338,0.0019207000732421875
206630,normal,1437,0,1782361042.1794178,0.002084016799926758
206631,normal,2459,0,1782361042.1814208,0.0020029544830322266
206632,normal,2876,0,1782361042.1834357,0.0020148754119873047
206633,normal,731,0,1782361042.1853597,0.0019240379333496094
206634,normal,776,2,1782361042.1874924,0.0021326541900634766
206635,normal,565,0,1782361042.1893954,0.0019030570983886719
206636,normal,1150,0,1782361042.1914248,0.0020294189453125
206637,normal,150,0,1782361042.1934214,0.0019965171813964844
206638,normal,353,0,1782361042.19541,0.001988649368286133
206639,normal,2201,0,1782361042.19732,0.0019099712371826172
206640,normal,88,0,1782361042.1994212,0.0021011829376220703
206641,normal,82,0,1782361042.2013426,0.0019214153289794922
206642,normal,3206,1,1782361042.2034833,0.0021407604217529297
206643,normal,1424,0,1782361042.2058966,0.0024132728576660156
206644,normal,3353,1,1782361042.207361,0.0014643669128417969
206645,normal,3107,1,1782361042.209335,0.0019741058349609375
206646,normal,696,0,1782361042.2114305,0.002095460891723633
206647,normal,2569,0,1782361042.2133393,0.0019087791442871094
206648,normal,2571,0,1782361042.2153816,0.0020422935485839844
206649,normal,2771,0,1782361042.2174032,0.0020215511322021484
206650,normal,1621,0,1782361042.219386,0.0019829273223876953
206651,normal,3210,1,1782361042.2213342,0.0019481182098388672
206652,normal,2761,0,1782361042.2234795,0.0021452903747558594
206653,normal,1206,0,1782361042.2253754,0.001895904541015625
206654,normal,1827,0,1782361042.2274728,0.0020973682403564453
206655,normal,1870,0,1782361042.2295294,0.002056598663330078
206656,normal,1558,0,1782361042.2316842,0.002154827117919922
206657,normal,2165,0,1782361042.233388,0.0017037391662597656
206658,normal,523,0,1782361042.235596,0.0022079944610595703
206659,normal,2326,0,1782361042.2374907,0.0018947124481201172
206660,normal,1259,0,1782361042.2395003,0.0020096302032470703
206661,normal,2551,0,1782361042.241362,0.0018618106842041016
206662,normal,2864,0,1782361042.2443566,0.002994537353515625
206663,normal,2416,0,1782361042.2453039,0.0009472370147705078
206664,normal,1217,0,1782361042.2473702,0.002066373825073242
206665,normal,277,0,1782361042.249344,0.001973867416381836
206666,normal,2066,0,1782361042.2513833,0.002039194107055664
206667,normal,35,0,1782361042.2532887,0.0019054412841796875
206668,normal,3178,1,1782361042.25531,0.002021312713623047
206669,normal,1336,1,1782361042.2572753,0.0019652843475341797
206670,normal,2461,0,1782361042.2592711,0.0019958019256591797
206671,normal,3557,0,1782361042.261676,0.002404928207397461
206672,normal,3698,0,1782361042.2636094,0.0019333362579345703
206673,normal,2691,0,1782361042.2653692,0.0017597675323486328
206674,normal,572,0,1782361042.2673175,0.0019483566284179688
206675,normal,3332,1,1782361042.269303,0.0019855499267578125
206676,normal,1841,0,1782361042.271316,0.002012968063354492
206677,normal,1584,0,1782361042.2733612,0.002045154571533203
206678,normal,751,0,1782361042.2755382,0.002177000045776367
206679,normal,1536,0,1782361042.2773497,0.0018115043640136719
206680,normal,3330,1,1782361042.2793095,0.0019598007202148438
206681,normal,562,0,1782361042.2813091,0.0019996166229248047
206682,normal,2721,0,1782361042.2833114,0.002002239227294922
206683,normal,532,0,1782361042.2853186,0.0020072460174560547
206684,normal,237,0,1782361042.2875016,0.0021829605102539062
206685,normal,442,0,1782361042.2895002,0.0019986629486083984
206686,normal,2479,0,1782361042.2914264,0.0019261837005615234
206687,normal,2627,0,1782361042.2934084,0.001981973648071289
206688,normal,568,0,1782361042.2954662,0.002057790756225586
206689,normal,318,0,1782361042.2974372,0.001971006393432617
206690,normal,798,2,1782361042.2993085,0.001871347427368164
206691,normal,3498,0,1782361042.3016527,0.0023441314697265625
206692,normal,3677,0,1782361042.3034706,0.001817941665649414
206693,normal,3343,1,1782361042.3053827,0.0019121170043945312
206694,normal,3106,1,1782361042.3077853,0.0024025440216064453
206695,normal,1831,0,1782361042.3099027,0.0021173954010009766
206696,normal,3008,0,1782361042.311316,0.0014133453369140625
206697,normal,46,0,1782361042.3132594,0.001943349838256836
206698,normal,3521,0,1782361042.3152902,0.0020308494567871094
206699,normal,2956,0,1782361042.3173287,0.0020384788513183594
206700,normal,1382,0,1782361042.3193421,0.0020134449005126953
206701,normal,1221,0,1782361042.3213267,0.0019845962524414062
206702,normal,3680,0,1782361042.3233292,0.0020024776458740234
206703,normal,2557,0,1782361042.3253043,0.0019750595092773438
206704,normal,1965,0,1782361042.3273,0.0019958019256591797
206705,normal,2990,0,1782361042.3293576,0.0020575523376464844
206706,normal,170,0,1782361042.3314066,0.002048969268798828
206707,normal,341,0,1782361042.3335137,0.0021071434020996094
206708,normal,2720,0,1782361042.3353088,0.001795053482055664
206709,normal,3468,0,1782361042.3374476,0.002138853073120117
206710,normal,3646,0,1782361042.339387,0.0019392967224121094
206711,normal,3412,0,1782361042.3415027,0.0021157264709472656
206712,normal,2238,0,1782361042.3435252,0.0020225048065185547
206713,normal,1669,0,1782361042.3453012,0.001775979995727539
206714,normal,2266,0,1782361042.3474169,0.0021157264709472656
206715,normal,2690,0,1782361042.3493397,0.0019228458404541016
206716,normal,186,0,1782361042.3513684,0.0020287036895751953
206717,normal,3430,0,1782361042.3533468,0.0019783973693847656
206718,normal,2031,0,1782361042.3553374,0.0019905567169189453
206719,normal,3077,1,1782361042.3573232,0.001985788345336914
206720,normal,3654,0,1782361042.3593237,0.002000570297241211
206721,normal,1412,0,1782361042.3613956,0.002071857452392578
206722,normal,119,0,1782361042.3633027,0.0019071102142333984
206723,normal,3044,0,1782361042.365299,0.001996278762817383
206724,normal,1850,0,1782361042.3673031,0.0020041465759277344
206725,normal,2184,0,1782361042.36928,0.0019769668579101562
206726,normal,2178,0,1782361042.3713007,0.002020597457885742
206727,normal,3119,1,1782361042.3732986,0.0019979476928710938
206728,normal,2354,0,1782361042.3753545,0.0020558834075927734
206729,normal,2219,0,1782361042.3773794,0.0020248889923095703
206730,normal,247,0,1782361042.3793905,0.0020110607147216797
206731,normal,182,0,1782361042.3814046,0.00201416015625
206732,normal,3136,1,1782361042.3833609,0.0019562244415283203
206733,normal,13,0,1782361042.3853412,0.001980304718017578
206734,normal,2056,0,1782361042.3873382,0.0019969940185546875
206735,normal,355,0,1782361042.3893678,0.0020296573638916016
206736,normal,1984,0,1782361042.3913035,0.001935720443725586
206737,normal,3360,1,1782361042.3932967,0.0019931793212890625
206738,normal,2921,0,1782361042.395291,0.0019943714141845703
206739,normal,2002,0,1782361042.3973594,0.0020682811737060547
206740,normal,2813,0,1782361042.399368,0.002008676528930664
206741,normal,573,0,1782361042.4013464,0.0019783973693847656
206742,normal,1679,0,1782361042.4033613,0.0020148754119873047
206743,normal,282,0,1782361042.4054205,0.0020592212677001953
206744,normal,2293,0,1782361042.4075031,0.0020825862884521484
206745,normal,412,0,1782361042.4095142,0.0020110607147216797
206746,normal,3204,1,1782361042.4114397,0.0019254684448242188
206747,normal,1752,0,1782361042.4133682,0.001928567886352539
206748,normal,125,0,1782361042.41528,0.0019118785858154297
206749,normal,3125,1,1782361042.4172816,0.002001523971557617
206750,normal,1602,0,1782361042.4192724,0.001990795135498047
206751,normal,561,0,1782361042.4214256,0.002153158187866211
206752,normal,2289,0,1782361042.4232867,0.0018610954284667969
206753,normal,1495,0,1782361042.4252574,0.0019707679748535156
206754,normal,2017,0,1782361042.4272685,0.0020110607147216797
206755,normal,466,0,1782361042.4292629,0.0019943714141845703
206756,normal,407,0,1782361042.4314814,0.002218484878540039
206757,normal,1914,0,1782361042.4334538,0.0019724369049072266
206758,normal,2716,0,1782361042.43547,0.002016305923461914
206759,normal,2213,0,1782361042.4376025,0.002132415771484375
206760,normal,833,2,1782361042.4393885,0.0017859935760498047
206761,normal,730,0,1782361042.441325,0.0019364356994628906
206762,normal,1588,0,1782361042.4433308,0.0020058155059814453
206763,normal,1067,0,1782361042.4453275,0.001996755599975586
206764,normal,1205,0,1782361042.4474316,0.002104043960571289
206765,normal,1233,0,1782361042.4494996,0.002068042755126953
206766,normal,2080,0,1782361042.4513137,0.001814126968383789
206767,normal,2446,0,1782361042.4533043,0.0019905567169189453
206768,normal,2041,0,1782361042.4553025,0.0019981861114501953
206769,normal,1942,0,1782361042.4573114,0.0020089149475097656
206770,normal,2205,0,1782361042.4593077,0.001996278762817383
206771,normal,2789,0,1782361042.4612951,0.001987457275390625
206772,normal,1879,0,1782361042.4632668,0.001971721649169922
206773,normal,1927,0,1782361042.4653869,0.0021200180053710938
206774,normal,713,0,1782361042.4673486,0.0019617080688476562
206775,normal,1089,0,1782361042.4693203,0.001971721649169922
206776,normal,1226,0,1782361042.47135,0.0020296573638916016
206777,normal,3358,1,1782361042.4734874,0.002137422561645508
206778,normal,3165,1,1782361042.475431,0.0019435882568359375
206779,normal,1060,0,1782361042.4774067,0.0019757747650146484
206780,normal,3287,1,1782361042.4794548,0.002048015594482422
206781,normal,2458,0,1782361042.481414,0.0019593238830566406
206782,normal,2726,0,1782361042.483281,0.0018668174743652344
206783,normal,1031,0,1782361042.485267,0.0019860267639160156
206784,normal,2271,0,1782361042.4873426,0.002075672149658203
206785,normal,1663,0,1782361042.4893854,0.0020427703857421875
206786,normal,988,2,1782361042.4914143,0.002028942108154297
206787,normal,167,0,1782361042.4933877,0.001973390579223633
206788,normal,280,0,1782361042.4954724,0.0020847320556640625
206789,normal,3273,1,1782361042.4972866,0.001814126968383789
206790,normal,726,0,1782361042.4992785,0.0019919872283935547
206791,normal,8,0,1782361042.5014594,0.002180814743041992
206792,normal,110,0,1782361042.5034835,0.0020241737365722656
206793,normal,1527,0,1782361042.505546,0.002062559127807617
206794,normal,75,0,1782361042.5073931,0.0018470287322998047
206795,normal,345,0,1782361042.509484,0.002090930938720703
206796,normal,1851,0,1782361042.5114954,0.0020112991333007812
206797,normal,387,0,1782361042.513448,0.0019526481628417969
206798,normal,1716,0,1782361042.5158532,0.0024051666259765625
206799,normal,830,2,1782361042.5174243,0.0015711784362792969
206800,normal,3609,0,1782361042.5192811,0.0018568038940429688
206801,normal,1890,0,1782361042.5214653,0.002184152603149414
206802,normal,1296,0,1782361042.5234194,0.0019540786743164062
206803,normal,3496,0,1782361042.5253472,0.0019278526306152344
206804,normal,2284,0,1782361042.5273042,0.001956939697265625
206805,normal,3687,0,1782361042.5293322,0.0020279884338378906
206806,normal,535,0,1782361042.5313354,0.002003192901611328
206807,normal,2413,0,1782361042.5333316,0.001996278762817383
206808,normal,995,2,1782361042.5354815,0.002149820327758789
206809,normal,1384,0,1782361042.5373263,0.0018448829650878906
206810,normal,3112,1,1782361042.5394182,0.0020918846130371094
206811,normal,329,0,1782361042.5414145,0.001996278762817383
206812,normal,2364,0,1782361042.5433292,0.0019147396087646484
206813,normal,3311,1,1782361042.545429,0.002099752426147461
206814,normal,285,0,1782361042.547411,0.001981973648071289
206815,normal,584,0,1782361042.549388,0.0019769668579101562
206816,normal,2168,0,1782361042.5514855,0.002097606658935547
206817,normal,1871,0,1782361042.5535705,0.002084970474243164
206818,normal,1957,0,1782361042.5553393,0.0017688274383544922
206819,normal,3596,0,1782361042.5574315,0.002092123031616211
206820,normal,1470,0,1782361042.5594656,0.0020341873168945312
206821,normal,743,0,1782361042.5612974,0.0018317699432373047
206822,normal,3508,0,1782361042.5633848,0.0020873546600341797
206823,normal,457,0,1782361042.5653868,0.0020020008087158203
206824,normal,322,0,1782361042.5673351,0.0019483566284179688
206825,normal,348,0,1782361042.5695293,0.0021941661834716797
206826,normal,2576,0,1782361042.5714464,0.001917123794555664
206827,normal,824,2,1782361042.5734496,0.002003192901611328
206828,normal,1398,0,1782361042.5755913,0.002141714096069336
206829,normal,2605,0,1782361042.5778234,0.002232074737548828
206830,normal,2844,0,1782361042.579416,0.0015926361083984375
206831,normal,2005,0,1782361042.5815248,0.0021088123321533203
206832,normal,3426,0,1782361042.583625,0.002100229263305664
206833,normal,2564,0,1782361042.5854445,0.0018193721771240234
206834,normal,2401,0,1782361042.5873833,0.0019388198852539062
206835,normal,95,0,1782361042.58938,0.001996755599975586
206836,normal,3357,1,1782361042.5912943,0.0019142627716064453
206837,normal,2502,0,1782361042.5934854,0.0021910667419433594
206838,normal,39,0,1782361042.5954208,0.0019354820251464844
206839,normal,711,0,1782361042.597293,0.0018720626831054688
206840,normal,1788,0,1782361042.599379,0.002086162567138672
206841,normal,808,2,1782361042.60138,0.002001047134399414
206842,normal,3332,1,1782361074.1675699,0.0
206843,normal,388,0,1782361074.1695676,0.001997709274291992
206844,normal,1407,0,1782361074.171577,0.0020093917846679688
206845,normal,67,0,1782361074.1736004,0.002023458480834961
206846,normal,1797,0,1782361074.1755548,0.001954317092895508
206847,normal,2731,0,1782361074.177477,0.0019221305847167969
206848,normal,1439,0,1782361074.1795108,0.0020339488983154297
206849,normal,3285,1,1782361074.1815083,0.0019974708557128906
206850,normal,2142,0,1782361074.1834996,0.00199127197265625
206851,normal,725,0,1782361074.185733,0.0022335052490234375
206852,normal,765,0,1782361074.1874573,0.0017242431640625
206853,normal,3344,1,1782361074.1897705,0.0023131370544433594
206854,normal,1644,0,1782361074.1916356,0.0018651485443115234
206855,normal,3422,0,1782361074.1937718,0.00213623046875
206856,normal,1653,0,1782361074.1954882,0.0017163753509521484
206857,normal,1873,0,1782361074.1978514,0.0023632049560546875
206858,normal,2543,0,1782361074.1994827,0.0016312599182128906
206859,normal,2962,0,1782361074.2015512,0.0020685195922851562
206860,normal,1205,0,1782361074.2034786,0.0019273757934570312
206861,normal,895,2,1782361074.2055528,0.0020742416381835938
206862,normal,1713,0,1782361074.2074652,0.0019123554229736328
206863,normal,1169,0,1782361074.2095582,0.002093076705932617
206864,normal,576,0,1782361074.2115378,0.0019795894622802734
206865,normal,2722,0,1782361074.213784,0.0022461414337158203
206866,normal,2296,0,1782361074.2155356,0.0017516613006591797
206867,normal,452,0,1782361074.217519,0.0019834041595458984
206868,normal,1916,0,1782361074.2195046,0.0019855499267578125
206869,normal,1,0,1782361074.2215357,0.002031087875366211
206870,normal,23,0,1782361074.223571,0.002035379409790039
206871,normal,291,0,1782361074.225493,0.0019218921661376953
206872,normal,3409,0,1782361074.2277122,0.0022192001342773438
206873,normal,2809,0,1782361074.2295008,0.0017886161804199219
206874,normal,2787,0,1782361074.231483,0.0019822120666503906
206875,normal,375,0,1782361074.2335427,0.0020596981048583984
206876,normal,829,2,1782361074.235721,0.0021784305572509766
206877,normal,2302,0,1782361074.2375276,0.001806497573852539
206878,normal,1736,0,1782361074.2397838,0.002256155014038086
206879,normal,2285,0,1782361074.2415752,0.0017914772033691406
206880,normal,3153,1,1782361074.243644,0.002068758010864258
206881,normal,630,0,1782361074.2457838,0.0021398067474365234
206882,normal,1534,0,1782361074.247576,0.0017921924591064453
206883,normal,940,2,1782361074.2496557,0.0020797252655029297
206884,normal,1936,0,1782361074.2517884,0.0021326541900634766
206885,normal,2953,0,1782361074.2535765,0.0017881393432617188
206886,normal,3507,0,1782361074.2556267,0.002050161361694336
206887,normal,982,2,1782361074.257801,0.00217437744140625
206888,normal,1876,0,1782361074.2596016,0.001800537109375
206889,normal,3619,0,1782361074.2616806,0.002079010009765625
206890,normal,3124,1,1782361074.2637992,0.0021185874938964844
206891,normal,1124,0,1782361074.2656028,0.0018036365509033203
206892,normal,1172,0,1782361074.2676585,0.002055644989013672
206893,normal,1885,0,1782361074.2698069,0.0021483898162841797
206894,normal,681,0,1782361074.2715745,0.0017676353454589844
206895,normal,2480,0,1782361074.2736797,0.002105236053466797
206896,normal,1200,0,1782361074.2758052,0.0021255016326904297
206897,normal,3357,1,1782361074.277575,0.0017697811126708984
206898,normal,2819,0,1782361074.279625,0.0020499229431152344
206899,normal,1625,0,1782361074.2817283,0.0021033287048339844
206900,normal,3364,1,1782361074.283572,0.0018436908721923828
206901,normal,2865,0,1782361074.2856996,0.0021276473999023438
206902,normal,1573,0,1782361074.2877727,0.002073049545288086
206903,normal,220,0,1782361074.2895741,0.0018014907836914062
206904,normal,959,2,1782361074.29165,0.0020759105682373047
206905,normal,675,0,1782361074.2937493,0.002099275588989258
206906,normal,1042,0,1782361074.2955735,0.0018241405487060547
206907,normal,161,0,1782361074.2976234,0.0020499229431152344
206908,normal,3505,0,1782361074.2998018,0.0021784305572509766
206909,normal,2375,0,1782361074.3016038,0.0018019676208496094
206910,normal,3013,0,1782361074.3037307,0.002126932144165039
206911,normal,545,0,1782361074.3056211,0.001890420913696289
206912,normal,2,0,1782361074.3077133,0.002092123031616211
206913,normal,2411,0,1782361074.3095267,0.0018134117126464844
206914,normal,3384,1,1782361074.3118055,0.0022788047790527344
206915,normal,1655,0,1782361074.3136327,0.001827239990234375
206916,normal,3038,0,1782361074.3155403,0.0019075870513916016
206917,normal,2972,0,1782361074.3175354,0.001995086669921875
206918,normal,2219,0,1782361074.3195121,0.0019767284393310547
206919,normal,2232,0,1782361074.321498,0.001985788345336914
206920,normal,860,2,1782361074.323565,0.002067089080810547
206921,normal,967,2,1782361074.325515,0.0019500255584716797
206922,normal,1330,1,1782361074.3274992,0.001984119415283203
206923,normal,455,0,1782361074.329536,0.0020368099212646484
206924,normal,2106,0,1782361074.3314612,0.0019252300262451172
206925,normal,499,0,1782361074.333499,0.0020377635955810547
206926,normal,3078,1,1782361074.3354516,0.0019526481628417969
206927,normal,2252,0,1782361074.33747,0.002018451690673828
206928,normal,1336,1,1782361074.3395936,0.002123594284057617
206929,normal,2552,0,1782361074.3414376,0.0018439292907714844
206930,normal,2924,0,1782361074.3435495,0.0021119117736816406
206931,normal,132,0,1782361074.3454432,0.001893758773803711
206932,normal,476,0,1782361074.34754,0.0020966529846191406
206933,normal,2331,0,1782361074.3495305,0.0019905567169189453
206934,normal,1298,0,1782361074.3515058,0.0019752979278564453
206935,normal,2335,0,1782361074.3534927,0.001986980438232422
206936,normal,2344,0,1782361074.3555279,0.0020351409912109375
206937,normal,3612,0,1782361074.3574722,0.0019443035125732422
206938,normal,1084,0,1782361074.3594718,0.0019996166229248047
206939,normal,2159,0,1782361074.3615232,0.0020513534545898438
206940,normal,2881,0,1782361074.3634715,0.0019483566284179688
206941,normal,1390,0,1782361074.3655279,0.0020563602447509766
206942,normal,2713,0,1782361074.367609,0.002081155776977539
206943,normal,3128,1,1782361074.3695073,0.0018982887268066406
206944,normal,1278,0,1782361074.371516,0.002008676528930664
206945,normal,1714,0,1782361074.3735685,0.0020525455474853516
206946,normal,1687,0,1782361074.3755205,0.0019519329071044922
206947,normal,730,0,1782361074.3775344,0.0020139217376708984
206948,normal,2435,0,1782361074.3795187,0.0019843578338623047
206949,normal,1247,0,1782361074.3814924,0.0019736289978027344
206950,normal,3126,1,1782361074.3835254,0.0020329952239990234
206951,normal,2998,0,1782361074.3855567,0.0020313262939453125
206952,normal,1794,0,1782361074.3874996,0.0019428730010986328
206953,normal,599,0,1782361074.3896253,0.0021257400512695312
206954,normal,3573,0,1782361074.3915508,0.0019254684448242188
206955,normal,348,0,1782361074.3935056,0.001954793930053711
206956,normal,1977,0,1782361074.3955197,0.00201416015625
206957,normal,3274,1,1782361074.397518,0.0019981861114501953
206958,normal,2412,0,1782361074.3995354,0.002017498016357422
206959,normal,2689,0,1782361074.4016118,0.002076387405395508
206960,normal,124,0,1782361074.4035687,0.001956939697265625
206961,normal,2879,0,1782361074.4054956,0.0019268989562988281
206962,normal,3157,1,1782361074.407528,0.0020322799682617188
206963,normal,2163,0,1782361074.4095356,0.002007722854614258
206964,normal,3618,0,1782361074.411511,0.0019752979278564453
206965,normal,1266,0,1782361074.4135182,0.0020072460174560547
206966,normal,994,2,1782361074.4155757,0.0020575523376464844
206967,normal,2485,0,1782361074.4174874,0.0019116401672363281
206968,normal,3069,1,1782361074.4195025,0.0020151138305664062
206969,normal,1256,0,1782361074.4215744,0.002071857452392578
206970,normal,2141,0,1782361074.4235098,0.0019354820251464844
206971,normal,458,0,1782361074.4255009,0.0019910335540771484
206972,normal,3461,0,1782361074.4275389,0.0020380020141601562
206973,normal,232,0,1782361074.4295325,0.0019936561584472656
206974,normal,2190,0,1782361074.4315271,0.001994609832763672
206975,normal,1561,0,1782361074.4336023,0.0020751953125
206976,normal,250,0,1782361074.4355063,0.0019040107727050781
206977,normal,2916,0,1782361074.4374878,0.001981496810913086
206978,normal,2696,0,1782361074.4395764,0.0020885467529296875
206979,normal,1215,0,1782361074.441504,0.0019276142120361328
206980,normal,2464,0,1782361074.443523,0.0020189285278320312
206981,normal,256,0,1782361074.4455385,0.0020155906677246094
206982,normal,1691,0,1782361074.447529,0.0019905567169189453
206983,normal,239,0,1782361074.449528,0.0019989013671875
206984,normal,2185,0,1782361074.4516194,0.0020914077758789062
206985,normal,1098,0,1782361074.453504,0.0018846988677978516
206986,normal,3032,0,1782361074.455488,0.0019838809967041016
206987,normal,1296,0,1782361074.4575763,0.002088308334350586
206988,normal,3208,1,1782361074.4595106,0.0019342899322509766
206989,normal,2300,0,1782361074.4614897,0.0019791126251220703
206990,normal,2828,0,1782361074.4635758,0.002086162567138672
206991,normal,2996,0,1782361074.465502,0.0019261837005615234
206992,normal,2653,0,1782361074.4674847,0.0019826889038085938
206993,normal,474,0,1782361074.4695776,0.0020928382873535156
206994,normal,649,0,1782361074.4715009,0.0019233226776123047
206995,normal,1063,0,1782361074.4734864,0.0019855499267578125
206996,normal,3707,0,1782361074.4755743,0.002087831497192383
206997,normal,1759,0,1782361074.4775054,0.0019311904907226562
206998,normal,337,0,1782361074.479493,0.001987457275390625
206999,normal,990,2,1782361074.4815114,0.002018451690673828
207000,normal,3679,0,1782361074.4837928,0.0022814273834228516
207001,normal,314,0,1782361074.4855418,0.0017490386962890625
207002,normal,3498,0,1782361074.4877641,0.002222299575805664
207003,normal,3232,1,1782361074.489536,0.0017719268798828125
207004,normal,526,0,1782361074.4917917,0.002255678176879883
207005,normal,2208,0,1782361074.4937418,0.0019500255584716797
207006,normal,3090,1,1782361074.4955666,0.0018248558044433594
207007,normal,190,0,1782361074.4975646,0.0019979476928710938
207008,normal,786,2,1782361074.499688,0.0021233558654785156
207009,normal,1553,0,1782361074.5015538,0.0018658638000488281
207010,normal,237,0,1782361074.5034814,0.0019276142120361328
207011,normal,3622,0,1782361074.5055075,0.002026081085205078
207012,normal,2630,0,1782361074.507547,0.0020394325256347656
207013,normal,174,0,1782361074.5094984,0.001951456069946289
207014,normal,54,0,1782361074.5115705,0.0020720958709716797
207015,normal,3282,1,1782361074.5134878,0.0019173622131347656
207016,normal,2455,0,1782361074.5154843,0.0019965171813964844
207017,normal,1708,0,1782361074.5175374,0.0020530223846435547
207018,normal,3463,0,1782361074.5194929,0.0019555091857910156
207019,normal,3709,0,1782361074.5215259,0.0020329952239990234
207020,normal,453,0,1782361074.5235214,0.001995563507080078
207021,normal,811,2,1782361074.5255024,0.001981019973754883
207022,normal,401,0,1782361074.5276465,0.0021440982818603516
207023,normal,1875,0,1782361074.5294888,0.0018422603607177734
207024,normal,2149,0,1782361074.5315008,0.002012014389038086
207025,normal,2515,0,1782361074.5335195,0.0020186901092529297
207026,normal,3139,1,1782361074.5355186,0.0019991397857666016
207027,normal,133,0,1782361074.5375018,0.001983165740966797
207028,normal,3133,1,1782361074.5395286,0.002026796340942383
207029,normal,182,0,1782361074.5415225,0.001993894577026367
207030,normal,413,0,1782361074.5434844,0.001961946487426758
207031,normal,1137,0,1782361074.5454886,0.0020041465759277344
207032,normal,2965,0,1782361074.5475748,0.002086162567138672
207033,normal,3218,1,1782361074.5494883,0.0019135475158691406
207034,normal,1034,0,1782361074.551644,0.002155780792236328
207035,normal,3487,0,1782361074.5535138,0.0018696784973144531
207036,normal,168,0,1782361074.555484,0.0019702911376953125
207037,normal,913,2,1782361074.5574887,0.0020046234130859375
207038,normal,179,0,1782361074.559534,0.0020453929901123047
207039,normal,1707,0,1782361074.5615673,0.002033233642578125
207040,normal,1588,0,1782361074.5634928,0.0019254684448242188
207041,normal,298,0,1782361074.5655375,0.002044677734375
207042,normal,2038,0,1782361074.5674849,0.0019474029541015625
207043,normal,2649,0,1782361074.5694942,0.0020093917846679688
207044,normal,2664,0,1782361074.5715373,0.002043008804321289
207045,normal,612,0,1782361074.573491,0.0019538402557373047
207046,normal,221,0,1782361074.5755148,0.0020236968994140625
207047,normal,48,0,1782361074.5776155,0.002100706100463867
207048,normal,1633,0,1782361074.5794768,0.0018613338470458984
207049,normal,1171,0,1782361074.5815194,0.002042531967163086
207050,normal,2802,0,1782361074.5835264,0.002007007598876953
207051,normal,1287,0,1782361074.585483,0.0019567012786865234
207052,normal,1615,0,1782361074.5874882,0.0020051002502441406
207053,normal,3296,1,1782361074.5895624,0.0020742416381835938
207054,normal,435,0,1782361074.5914807,0.0019183158874511719
207055,normal,1127,0,1782361074.5935504,0.002069711685180664
207056,normal,3068,1,1782361074.5955222,0.001971721649169922
207057,normal,63,0,1782361074.5974855,0.001963376998901367
207058,normal,2015,0,1782361074.5995293,0.0020437240600585938
207059,normal,3181,1,1782361074.6015725,0.0020432472229003906
207060,normal,1186,0,1782361074.603518,0.00194549560546875
207061,normal,1761,0,1782361074.6058562,0.0023381710052490234
207062,normal,2048,0,1782361074.607525,0.0016689300537109375
207063,normal,2548,0,1782361074.6094975,0.0019724369049072266
207064,normal,1464,0,1782361074.611799,0.002301454544067383
207065,normal,3180,1,1782361074.6137516,0.0019526481628417969
207066,normal,745,0,1782361074.6155431,0.0017914772033691406
207067,normal,714,0,1782361074.617814,0.002270936965942383
207068,normal,2148,0,1782361074.6196146,0.001800537109375
207069,normal,2550,0,1782361074.6215508,0.001936197280883789
207070,normal,3598,0,1782361074.6241605,0.002609729766845703
207071,normal,564,0,1782361074.6255271,0.0013666152954101562
207072,normal,3383,1,1782361074.6277642,0.002237081527709961
207073,normal,2003,0,1782361074.629614,0.0018498897552490234
207074,normal,368,0,1782361074.631756,0.0021419525146484375
207075,normal,1008,2,1782361074.633534,0.0017778873443603516
207076,normal,2396,0,1782361074.6357453,0.002211332321166992
207077,normal,440,0,1782361074.637532,0.0017867088317871094
207078,normal,2033,0,1782361074.6397834,0.0022513866424560547
207079,normal,965,2,1782361074.6416173,0.0018339157104492188
207080,normal,954,2,1782361074.6438117,0.0021944046020507812
207081,normal,977,2,1782361074.6455314,0.0017197132110595703
207082,normal,3661,0,1782361074.6477442,0.0022127628326416016
207083,normal,3475,0,1782361074.6495304,0.0017862319946289062
207084,normal,812,2,1782361074.651739,0.0022084712982177734
207085,normal,2045,0,1782361074.6536193,0.0018804073333740234
207086,normal,754,0,1782361074.6557484,0.002129077911376953
207087,normal,1046,0,1782361074.657527,0.0017786026000976562
207088,normal,2247,0,1782361074.659998,0.0024709701538085938
207089,normal,1309,0,1782361074.6616185,0.0016205310821533203
207090,normal,1324,1,1782361074.6638105,0.0021920204162597656
207091,normal,1173,0,1782361074.6659343,0.0021238327026367188
207092,normal,3566,0,1782361074.6675308,0.0015964508056640625
207093,normal,2963,0,1782361074.6696374,0.0021066665649414062
207094,normal,3143,1,1782361074.6716247,0.0019872188568115234
207095,normal,1213,0,1782361074.6736088,0.001984119415283203
207096,normal,283,0,1782361074.6755564,0.001947641372680664
207097,normal,753,0,1782361074.6775453,0.0019888877868652344
207098,normal,1093,0,1782361074.6796565,0.002111196517944336
207099,normal,1204,0,1782361074.681575,0.0019185543060302734
207100,normal,1025,2,1782361074.6835501,0.0019750595092773438
207101,normal,3027,0,1782361074.6857133,0.0021631717681884766
207102,normal,2671,0,1782361074.6875484,0.0018351078033447266
207103,normal,1959,0,1782361074.6896276,0.0020792484283447266
207104,normal,2572,0,1782361074.6916559,0.002028226852416992
207105,normal,1191,0,1782361074.6938531,0.002197265625
207106,normal,3513,0,1782361074.6957364,0.0018832683563232422
207107,normal,2155,0,1782361074.697749,0.002012491226196289
207108,normal,3629,0,1782361074.6996198,0.001870870590209961
207109,normal,373,0,1782361074.701764,0.002144336700439453
207110,normal,1393,0,1782361074.7037601,0.0019960403442382812
207111,normal,1895,0,1782361074.705678,0.0019178390502929688
207112,normal,29,0,1782361074.707781,0.002103090286254883
207113,normal,998,2,1782361074.7099628,0.0021817684173583984
207114,normal,85,0,1782361074.7116897,0.0017268657684326172
207115,normal,1587,0,1782361074.7136543,0.001964569091796875
207116,normal,2590,0,1782361074.7157578,0.002103567123413086
207117,normal,3453,0,1782361074.71764,0.0018820762634277344
207118,normal,883,2,1782361074.7197735,0.002133607864379883
207119,normal,405,0,1782361074.7217808,0.0020072460174560547
207120,normal,3312,1,1782361074.7237043,0.0019235610961914062
207121,normal,202,0,1782361074.7258499,0.002145528793334961
207122,normal,736,0,1782361074.7275765,0.0017266273498535156
207123,normal,3613,0,1782361074.729777,0.002200603485107422
207124,normal,3548,0,1782361074.7317002,0.0019230842590332031
207125,normal,241,0,1782361074.7337537,0.002053499221801758
207126,normal,1136,0,1782361074.73562,0.0018663406372070312
207127,normal,1918,0,1782361074.7377367,0.002116680145263672
207128,normal,358,0,1782361074.739752,0.002015352249145508
207129,normal,257,0,1782361074.7417119,0.0019598007202148438
207130,normal,3083,1,1782361074.7436814,0.001969575881958008
207131,normal,2188,0,1782361074.7457526,0.0020711421966552734
207132,normal,198,0,1782361074.7477288,0.0019762516021728516
207133,normal,2196,0,1782361074.7497737,0.0020449161529541016
207134,normal,370,0,1782361074.7517715,0.001997709274291992
207135,normal,75,0,1782361074.753883,0.0021114349365234375
207136,normal,3170,1,1782361074.755851,0.0019681453704833984
207137,normal,2255,0,1782361074.757654,0.0018029212951660156
207138,normal,1998,0,1782361074.7596154,0.0019614696502685547
207139,normal,815,2,1782361074.7617319,0.0021164417266845703
207140,normal,2306,0,1782361074.763748,0.0020160675048828125
207141,normal,2926,0,1782361074.7657268,0.0019788742065429688
207142,normal,3198,1,1782361074.7677429,0.0020160675048828125
207143,normal,519,0,1782361074.76974,0.001997232437133789
207144,normal,2153,0,1782361074.771625,0.0018849372863769531
207145,normal,3571,0,1782361074.7737365,0.0021114349365234375
207146,normal,3432,0,1782361074.7763348,0.002598285675048828
207147,normal,3043,0,1782361074.777833,0.0014982223510742188
207148,normal,1462,0,1782361074.7795138,0.0016808509826660156
207149,normal,1887,0,1782361074.7816427,0.0021288394927978516
207150,normal,3064,1,1782361074.7836502,0.0020074844360351562
207151,normal,2573,0,1782361074.7856016,0.001951456069946289
207152,normal,2718,0,1782361074.7877405,0.002138853073120117
207153,normal,565,0,1782361074.7895281,0.0017876625061035156
207154,normal,2361,0,1782361074.791577,0.002048969268798828
207155,normal,2697,0,1782361074.7936454,0.0020682811737060547
207156,normal,3356,1,1782361074.7956326,0.0019872188568115234
207157,normal,229,0,1782361074.7976565,0.002023935317993164
207158,normal,2403,0,1782361074.799643,0.0019865036010742188
207159,normal,677,0,1782361074.8016834,0.002040386199951172
207160,normal,2348,0,1782361074.803645,0.0019614696502685547
207161,normal,2256,0,1782361074.8056414,0.0019965171813964844
207162,normal,633,0,1782361074.8078763,0.002234935760498047
207163,normal,1833,0,1782361074.8099177,0.002041339874267578
207164,normal,1218,0,1782361074.8117607,0.0018429756164550781
207165,normal,2162,0,1782361074.8135347,0.0017740726470947266
207166,normal,1227,0,1782361074.8157415,0.0022068023681640625
207167,normal,2677,0,1782361074.8177814,0.0020399093627929688
207168,normal,3671,0,1782361074.8197174,0.0019359588623046875
207169,normal,2100,0,1782361074.82184,0.002122640609741211
207170,normal,417,0,1782361074.8238432,0.002003192901611328
207171,normal,1293,0,1782361074.8256943,0.0018510818481445312
207172,normal,864,2,1782361074.8276262,0.001931905746459961
207173,normal,3523,0,1782361074.82975,0.0021238327026367188
207174,normal,3234,1,1782361074.831706,0.0019559860229492188
207175,normal,3424,0,1782361074.83382,0.0021140575408935547
207176,normal,285,0,1782361074.8356032,0.001783132553100586
207177,normal,2378,0,1782361074.8377512,0.0021479129791259766
207178,normal,258,0,1782361074.8397036,0.0019524097442626953
207179,normal,1301,0,1782361074.8416927,0.001989126205444336
207180,normal,2617,0,1782361074.8440902,0.0023975372314453125
207181,normal,551,0,1782361074.845556,0.0014657974243164062
207182,normal,3410,0,1782361074.847783,0.0022270679473876953
207183,normal,350,0,1782361074.8496096,0.0018265247344970703
207184,normal,1271,0,1782361074.85164,0.0020303726196289062
207185,normal,378,0,1782361074.8536339,0.001993894577026367
207186,normal,3330,1,1782361074.8556373,0.0020034313201904297
207187,normal,535,0,1782361074.8577094,0.0020720958709716797
207188,normal,3252,1,1782361074.8596244,0.00191497802734375
207189,normal,2371,0,1782361074.8616073,0.0019829273223876953
207190,normal,3193,1,1782361074.863617,0.0020096302032470703
207191,normal,2622,0,1782361074.8656373,0.0020203590393066406
207192,normal,1024,2,1782361074.8677957,0.0021584033966064453
207193,normal,2178,0,1782361074.8696558,0.0018601417541503906
207194,normal,2237,0,1782361074.8716488,0.001992940902709961
207195,normal,869,2,1782361074.8735754,0.0019266605377197266
207196,normal,3049,1,1782361074.8757713,0.0021958351135253906
207197,normal,1820,0,1782361074.8776457,0.0018744468688964844
207198,normal,3179,1,1782361074.879615,0.0019693374633789062
207199,normal,1291,0,1782361074.881736,0.0021209716796875
207200,normal,412,0,1782361074.8836193,0.0018832683563232422
207201,normal,1704,0,1782361074.8857994,0.0021800994873046875
207202,normal,2291,0,1782361074.8875937,0.0017943382263183594
207203,normal,141,0,1782361074.8897676,0.002173900604248047
207204,normal,2820,0,1782361074.8917465,0.0019788742065429688
207205,normal,38,0,1782361074.8938854,0.002138853073120117
207206,normal,3197,1,1782361074.8957415,0.001856088638305664
207207,normal,1791,0,1782361074.897745,0.0020034313201904297
207208,normal,2956,0,1782361074.8997893,0.0020444393157958984
207209,normal,1682,0,1782361074.901574,0.0017845630645751953
207210,normal,1549,0,1782361074.9037464,0.0021724700927734375
207211,normal,3705,0,1782361074.9056125,0.0018661022186279297
207212,normal,1484,0,1782361074.90772,0.0021076202392578125
207213,normal,1086,0,1782361074.9096878,0.0019676685333251953
207214,normal,1894,0,1782361074.9117362,0.002048492431640625
207215,normal,1338,1,1782361074.913617,0.001880645751953125
207216,normal,756,0,1782361074.9157186,0.0021016597747802734
207217,normal,2990,0,1782361074.9177117,0.0019931793212890625
207218,normal,294,0,1782361074.9201276,0.002415895462036133
207219,normal,881,2,1782361074.921641,0.0015134811401367188
207220,normal,362,0,1782361074.9237583,0.002117156982421875
207221,normal,80,0,1782361074.925711,0.0019526481628417969
207222,normal,1499,0,1782361074.9276526,0.001941680908203125
207223,normal,3276,1,1782361074.929656,0.0020034313201904297
207224,normal,163,0,1782361074.9318328,0.0021767616271972656
207225,normal,2964,0,1782361074.9335413,0.0017085075378417969
207226,normal,434,0,1782361074.9356506,0.0021092891693115234
207227,normal,2305,0,1782361074.9377053,0.0020546913146972656
207228,normal,2395,0,1782361074.9396574,0.0019521713256835938
207229,normal,290,0,1782361074.941688,0.002030611038208008
207230,normal,1503,0,1782361074.9436831,0.001995086669921875
207231,normal,329,0,1782361074.945642,0.0019588470458984375
207232,normal,1356,1,1782361074.9476378,0.0019958019256591797
207233,normal,2985,0,1782361074.9497743,0.0021364688873291016
207234,normal,2432,0,1782361074.9519978,0.002223491668701172
207235,normal,645,0,1782361074.9535954,0.0015976428985595703
207236,normal,3551,0,1782361074.9556491,0.0020537376403808594
207237,normal,1078,0,1782361074.957702,0.002052783966064453
207238,normal,305,0,1782361074.959691,0.001989126205444336
207239,normal,1175,0,1782361074.9617605,0.0020694732666015625
207240,normal,1117,0,1782361074.9637623,0.0020017623901367188
207241,normal,1209,0,1782361074.9657648,0.0020024776458740234
207242,normal,1926,0,1782361074.9675026,0.001737833023071289
207243,normal,627,0,1782361074.9697807,0.0022780895233154297
207244,normal,284,0,1782361074.971827,0.002046346664428711
207245,normal,923,2,1782361074.9735053,0.0016782283782958984
207246,normal,1834,0,1782361074.9755366,0.0020313262939453125
207247,normal,325,0,1782361074.977611,0.0020744800567626953
207248,normal,2601,0,1782361074.9796348,0.0020236968994140625
207249,normal,2557,0,1782361074.9816585,0.0020236968994140625
207250,normal,694,0,1782361074.9836345,0.00197601318359375
207251,normal,3704,0,1782361074.9856298,0.0019953250885009766
207252,normal,3233,1,1782361074.987651,0.002021312713623047
207253,normal,2648,0,1782361074.9897048,0.0020537376403808594
207254,normal,2933,0,1782361074.9917374,0.0020325183868408203
207255,normal,2891,0,1782361074.9936721,0.0019347667694091797
207256,normal,3645,0,1782361074.9956586,0.0019865036010742188
207257,normal,1418,0,1782361074.9976144,0.001955747604370117
207258,normal,1486,0,1782361074.9996934,0.002079010009765625
207259,normal,480,0,1782361075.001642,0.0019485950469970703
207260,normal,139,0,1782361075.0037432,0.0021011829376220703
207261,normal,2212,0,1782361075.0055692,0.0018260478973388672
207262,normal,1800,0,1782361075.007595,0.0020258426666259766
207263,normal,223,0,1782361075.0097096,0.002114534378051758
207264,normal,344,0,1782361075.0116882,0.001978635787963867
207265,normal,448,0,1782361075.0136578,0.001969575881958008
207266,normal,1866,0,1782361075.015678,0.002020120620727539
207267,normal,2393,0,1782361075.0176537,0.0019757747650146484
207268,normal,1953,0,1782361075.0197802,0.002126455307006836
207269,normal,1448,0,1782361075.0215278,0.0017476081848144531
207270,normal,590,0,1782361075.023644,0.0021162033081054688
207271,normal,3543,0,1782361075.0256312,0.0019872188568115234
207272,normal,2294,0,1782361075.0276399,0.002008676528930664
207273,normal,2388,0,1782361075.0298316,0.002191781997680664
207274,normal,1668,0,1782361075.0317218,0.0018901824951171875
207275,normal,2517,0,1782361075.0341325,0.0024106502532958984
207276,normal,2589,0,1782361075.0355918,0.001459360122680664
207277,normal,2646,0,1782361075.0378053,0.0022134780883789062
207278,normal,3123,1,1782361075.0397978,0.001992464065551758
207279,normal,3109,1,1782361075.0417993,0.002001523971557617
207280,normal,1727,0,1782361075.04376,0.00196075439453125
207281,normal,1731,0,1782361075.0457864,0.0020263195037841797
207282,normal,1130,0,1782361075.047633,0.0018465518951416016
207283,normal,3690,0,1782361075.0498087,0.0021758079528808594
207284,normal,2102,0,1782361075.051832,0.0020232200622558594
207285,normal,1600,0,1782361075.053607,0.0017750263214111328
207286,normal,936,2,1782361075.0558417,0.0022346973419189453
207287,normal,2559,0,1782361075.0578885,0.002046823501586914
207288,normal,560,0,1782361075.059886,0.0019974708557128906
207289,normal,660,0,1782361075.061706,0.0018200874328613281
207290,normal,679,0,1782361075.0639782,0.0022721290588378906
207291,normal,955,2,1782361075.0656402,0.0016620159149169922
207292,normal,3371,1,1782361075.0677123,0.0020720958709716797
207293,normal,1816,0,1782361075.0695448,0.0018324851989746094
207294,normal,1413,0,1782361075.0716014,0.002056598663330078
207295,normal,3390,1,1782361075.0736058,0.002004384994506836
207296,normal,920,2,1782361075.0756972,0.0020914077758789062
207297,normal,924,2,1782361075.077693,0.0019958019256591797
207298,normal,3300,1,1782361075.0795996,0.0019066333770751953
207299,normal,1348,1,1782361075.0816061,0.00200653076171875
207300,normal,1973,0,1782361075.0836234,0.0020172595977783203
207301,normal,433,0,1782361075.0857458,0.0021224021911621094
207302,normal,2497,0,1782361075.087921,0.0021750926971435547
207303,normal,151,0,1782361075.089564,0.0016431808471679688
207304,normal,1249,0,1782361075.09164,0.0020759105682373047
207305,normal,3070,1,1782361075.0936208,0.0019807815551757812
207306,normal,1665,0,1782361075.095623,0.002002239227294922
207307,normal,3615,0,1782361075.0976262,0.002003192901611328
207308,normal,3191,1,1782361075.0997345,0.002108335494995117
207309,normal,2836,0,1782361075.1014888,0.0017542839050292969
207310,normal,400,0,1782361075.1036267,0.002137899398803711
207311,normal,59,0,1782361075.1057038,0.0020771026611328125
207312,normal,701,0,1782361075.1075852,0.0018813610076904297
207313,normal,1922,0,1782361075.1097841,0.002198934555053711
207314,normal,3395,1,1782361075.1118054,0.002021312713623047
207315,normal,1062,0,1782361075.1136963,0.0018908977508544922
207316,normal,2161,0,1782361075.115688,0.001991748809814453
207317,normal,371,0,1782361075.1176972,0.002009153366088867
207318,normal,2436,0,1782361075.1198602,0.002162933349609375
207319,normal,2351,0,1782361075.1222692,0.0024089813232421875
207320,normal,3428,0,1782361075.12359,0.0013208389282226562
207321,normal,230,0,1782361075.1257641,0.0021741390228271484
207322,normal,2231,0,1782361075.127576,0.001811981201171875
207323,normal,185,0,1782361075.1297085,0.002132415771484375
207324,normal,2866,0,1782361075.1316519,0.001943349838256836
207325,normal,1524,0,1782361075.1337514,0.0020995140075683594
207326,normal,1943,0,1782361075.135745,0.0019936561584472656
207327,normal,874,2,1782361075.1377351,0.001990079879760742
207328,normal,2668,0,1782361075.1395113,0.0017762184143066406
207329,normal,2425,0,1782361075.1419065,0.002395153045654297
207330,normal,1514,0,1782361075.143838,0.0019314289093017578
207331,normal,3484,0,1782361075.1457338,0.001895904541015625
207332,normal,2118,0,1782361075.1479023,0.002168416976928711
207333,normal,158,0,1782361075.149576,0.0016736984252929688
207334,normal,1701,0,1782361075.1517398,0.0021638870239257812
207335,normal,1917,0,1782361075.15369,0.0019502639770507812
207336,normal,3431,0,1782361075.1555414,0.0018513202667236328
207337,normal,351,0,1782361075.157577,0.0020356178283691406
207338,normal,16,0,1782361075.1595724,0.0019953250885009766
207339,normal,1269,0,1782361075.161624,0.0020515918731689453
207340,normal,2078,0,1782361075.163552,0.001928091049194336
207341,normal,2526,0,1782361075.1657288,0.0021767616271972656
207342,normal,3154,1,1782361075.1675217,0.00179290771484375
207343,normal,1483,0,1782361075.1696873,0.002165555953979492
207344,normal,1777,0,1782361075.1716194,0.0019321441650390625
207345,normal,94,0,1782361075.1736257,0.0020062923431396484
207346,normal,1326,1,1782361075.175556,0.00193023681640625
207347,normal,3417,0,1782361075.1777205,0.002164602279663086
207348,normal,3035,0,1782361075.1795022,0.0017817020416259766
207349,normal,2382,0,1782361075.1818805,0.002378225326538086
207350,normal,553,0,1782361075.1837373,0.0018568038940429688
207351,normal,1128,0,1782361075.1855104,0.0017731189727783203
207352,normal,779,2,1782361075.1877265,0.0022161006927490234
207353,normal,1910,0,1782361075.1897106,0.001984119415283203
207354,normal,2089,0,1782361075.1915042,0.0017936229705810547
207355,normal,962,2,1782361075.1937053,0.002201080322265625
207356,normal,1419,0,1782361075.1956878,0.001982450485229492
207357,normal,1931,0,1782361075.197578,0.0018901824951171875
207358,normal,1026,2,1782361075.199767,0.002189159393310547
207359,normal,3314,1,1782361075.201799,0.0020318031311035156
207360,normal,327,0,1782361075.2037764,0.0019774436950683594
207361,normal,3343,1,1782361075.2058012,0.0020248889923095703
207362,normal,1376,1,1782361075.2076151,0.0018138885498046875
207363,normal,1225,0,1782361075.209499,0.0018837451934814453
207364,normal,208,0,1782361075.211718,0.0022192001342773438
207365,normal,56,0,1782361075.2136564,0.0019383430480957031
207366,normal,2628,0,1782361075.2155657,0.0019092559814453125
207367,normal,3294,1,1782361075.217708,0.0021424293518066406
207368,normal,86,0,1782361075.2196434,0.0019352436065673828
207369,normal,1527,0,1782361075.2216187,0.0019752979278564453
207370,normal,1671,0,1782361075.2239742,0.0023555755615234375
207371,normal,2156,0,1782361075.2257051,0.0017309188842773438
207372,normal,3650,0,1782361075.2278886,0.0021834373474121094
207373,normal,2021,0,1782361075.2295113,0.0016226768493652344
207374,normal,3504,0,1782361075.2315428,0.002031564712524414
207375,normal,937,2,1782361075.233546,0.002003192901611328
207376,normal,2431,0,1782361075.2355359,0.0019898414611816406
207377,normal,3205,1,1782361075.2378309,0.0022950172424316406
207378,normal,2545,0,1782361075.2396452,0.0018143653869628906
207379,normal,2655,0,1782361075.241728,0.00208282470703125
207380,normal,541,0,1782361075.2435584,0.0018303394317626953
207381,normal,3257,1,1782361075.24571,0.0021514892578125
207382,normal,1496,0,1782361075.247572,0.0018620491027832031
207383,normal,3138,1,1782361075.250005,0.0024330615997314453
207384,normal,468,0,1782361075.2517262,0.0017211437225341797
207385,normal,1037,0,1782361075.2536147,0.0018885135650634766
207386,normal,2789,0,1782361075.2558033,0.0021886825561523438
207387,normal,244,0,1782361075.2576592,0.0018558502197265625
207388,normal,2730,0,1782361075.2597673,0.0021080970764160156
207389,normal,3098,1,1782361075.2618122,0.0020449161529541016
207390,normal,2334,0,1782361075.2636929,0.001880645751953125
207391,normal,842,2,1782361075.2655406,0.0018477439880371094
207392,normal,2223,0,1782361075.2677019,0.002161264419555664
207393,normal,2566,0,1782361075.269539,0.0018372535705566406
207394,normal,1886,0,1782361075.2717655,0.0022263526916503906
207395,normal,1190,0,1782361075.2739387,0.002173185348510742
207396,normal,1383,0,1782361075.2757397,0.0018010139465332031
207397,normal,623,0,1782361075.2775617,0.0018219947814941406
207398,normal,1277,0,1782361075.2797437,0.0021820068359375
207399,normal,2782,0,1782361075.2815711,0.0018274784088134766
207400,normal,3602,0,1782361075.2837102,0.0021390914916992188
207401,normal,3067,1,1782361075.285706,0.0019958019256591797
207402,normal,2500,0,1782361075.2876089,0.0019028186798095703
207403,normal,790,2,1782361075.2897804,0.0021715164184570312
207404,normal,91,0,1782361075.291713,0.0019326210021972656
207405,normal,311,0,1782361075.2936296,0.001916646957397461
207406,normal,3563,0,1782361075.2956846,0.002054929733276367
207407,normal,152,0,1782361075.2977335,0.002048969268798828
207408,normal,1787,0,1782361075.2996368,0.0019032955169677734
207409,normal,21,0,1782361075.3017874,0.0021505355834960938
207410,normal,2516,0,1782361075.3037565,0.0019690990447998047
207411,normal,1410,0,1782361075.3055363,0.001779794692993164
207412,normal,2710,0,1782361075.307807,0.0022706985473632812
207413,normal,585,0,1782361075.3097334,0.001926422119140625
207414,normal,2968,0,1782361075.311597,0.001863718032836914
207415,normal,609,0,1782361075.3137426,0.002145528793334961
207416,normal,3081,1,1782361075.3157175,0.001974821090698242
207417,normal,1981,0,1782361075.3177395,0.0020220279693603516
207418,normal,1258,0,1782361075.319572,0.0018324851989746094
207419,normal,360,0,1782361075.3217113,0.0021393299102783203
207420,normal,635,0,1782361075.3235574,0.0018460750579833984
207421,normal,397,0,1782361075.3257146,0.0021572113037109375
207422,normal,300,0,1782361075.3278182,0.002103567123413086
207423,normal,732,0,1782361075.3295903,0.001772165298461914
207424,normal,1974,0,1782361075.3319254,0.002335071563720703
207425,normal,3653,0,1782361075.3335598,0.001634359359741211
207426,normal,1835,0,1782361075.3357344,0.0021746158599853516
207427,normal,3350,1,1782361075.3375885,0.0018541812896728516
207428,normal,1182,0,1782361075.3397276,0.0021390914916992188
207429,normal,603,0,1782361075.3415406,0.0018129348754882812
207430,normal,2312,0,1782361075.3435428,0.002002239227294922
207431,normal,1624,0,1782361075.3456948,0.002151966094970703
207432,normal,2850,0,1782361075.3476098,0.00191497802734375
207433,normal,3494,0,1782361075.34961,0.0020003318786621094
207434,normal,1841,0,1782361075.3517506,0.002140522003173828
207435,normal,271,0,1782361075.3536108,0.0018601417541503906
207436,normal,1072,0,1782361075.3556528,0.002042055130004883
207437,normal,2568,0,1782361075.3580964,0.002443552017211914
207438,normal,1843,0,1782361075.359623,0.0015265941619873047
207439,normal,1321,1,1782361075.3619158,0.0022928714752197266
207440,normal,2001,0,1782361075.3638232,0.0019073486328125
207441,normal,1019,2,1782361075.3657548,0.0019316673278808594
207442,normal,2728,0,1782361075.3676388,0.0018839836120605469
207443,normal,925,2,1782361075.369761,0.002122163772583008
207444,normal,3029,0,1782361075.3716326,0.0018715858459472656
207445,normal,465,0,1782361075.3737876,0.0021550655364990234
207446,normal,2046,0,1782361075.3757813,0.0019936561584472656
207447,normal,408,0,1782361075.3776298,0.001848459243774414
207448,normal,469,0,1782361075.3797548,0.0021250247955322266
207449,normal,390,0,1782361075.381707,0.0019521713256835938
207450,normal,2036,0,1782361075.3835497,0.0018427371978759766
207451,normal,2103,0,1782361075.3861775,0.002627849578857422
207452,normal,3336,1,1782361075.38776,0.0015823841094970703
207453,normal,2813,0,1782361075.3896747,0.0019147396087646484
207454,normal,387,0,1782361075.3916836,0.0020089149475097656
207455,normal,840,2,1782361075.3937185,0.002034902572631836
207456,normal,2765,0,1782361075.395787,0.0020685195922851562
207457,normal,1395,0,1782361075.3977876,0.002000570297241211
207458,normal,2683,0,1782361075.3998375,0.0020499229431152344
207459,normal,3441,0,1782361075.4016225,0.0017850399017333984
207460,normal,2385,0,1782361075.403523,0.0019004344940185547
207461,normal,2414,0,1782361075.405761,0.002238035202026367
207462,normal,108,0,1782361075.4075267,0.0017657279968261719
207463,normal,2752,0,1782361075.4095368,0.0020101070404052734
207464,normal,44,0,1782361075.4116201,0.002083301544189453
207465,normal,3550,0,1782361075.413541,0.001920938491821289
207466,normal,968,2,1782361075.4155083,0.001967191696166992
207467,normal,625,0,1782361075.4175665,0.002058267593383789
207468,normal,823,2,1782361075.420187,0.0026204586029052734
207469,normal,1073,0,1782361075.422026,0.0018389225006103516
207470,normal,1531,0,1782361075.4234731,0.0014472007751464844
207471,normal,2383,0,1782361075.4256911,0.002218008041381836
207472,normal,1341,1,1782361075.427629,0.0019378662109375
207473,normal,1689,0,1782361075.4297183,0.002089262008666992
207474,normal,2468,0,1782361075.4317079,0.001989603042602539
207475,normal,1574,0,1782361075.433721,0.0020132064819335938
207476,normal,3478,0,1782361075.4356332,0.0019121170043945312
207477,normal,288,0,1782361075.4377396,0.0021064281463623047
207478,normal,3108,1,1782361075.4397645,0.0020248889923095703
207479,normal,456,0,1782361075.4416902,0.0019257068634033203
207480,normal,2330,0,1782361075.443905,0.0022149085998535156
207481,normal,780,2,1782361075.445793,0.0018877983093261719
207482,normal,2660,0,1782361075.4476507,0.001857757568359375
207483,normal,514,0,1782361075.4496932,0.002042531967163086
207484,normal,1156,0,1782361075.4517274,0.0020341873168945312
207485,normal,1914,0,1782361075.4536994,0.0019719600677490234
207486,normal,2128,0,1782361075.4558473,0.0021479129791259766
207487,normal,175,0,1782361075.457769,0.0019216537475585938
207488,normal,2483,0,1782361075.4595404,0.0017714500427246094
207489,normal,3467,0,1782361075.461819,0.002278566360473633
207490,normal,3292,1,1782361075.4637742,0.001955270767211914
207491,normal,354,0,1782361075.465782,0.002007722854614258
207492,normal,1803,0,1782361075.4676566,0.001874685287475586
207493,normal,3046,1,1782361075.4697952,0.0021386146545410156
207494,normal,352,0,1782361075.4719126,0.0021173954010009766
207495,normal,134,0,1782361075.473561,0.0016484260559082031
207496,normal,3641,0,1782361075.4757974,0.0022363662719726562
207497,normal,834,2,1782361075.4778414,0.0020439624786376953
207498,normal,395,0,1782361075.479722,0.001880645751953125
207499,normal,3267,1,1782361075.481864,0.0021419525146484375
207500,normal,1317,0,1782361075.4836392,0.0017752647399902344
207501,normal,1334,1,1782361075.4859333,0.0022940635681152344
207502,normal,2249,0,1782361075.487693,0.0017597675323486328
207503,normal,2057,0,1782361075.4897878,0.002094745635986328
207504,normal,808,2,1782361075.4918141,0.0020263195037841797
207505,normal,760,0,1782361075.4936743,0.0018601417541503906
207506,normal,3322,1,1782361075.4955692,0.0018949508666992188
207507,normal,1907,0,1782361075.4975562,0.001986980438232422
207508,normal,632,0,1782361075.4994957,0.001939535140991211
207509,normal,143,0,1782361075.501531,0.0020351409912109375
207510,normal,1426,0,1782361075.5036275,0.0020966529846191406
207511,normal,2000,0,1782361075.505565,0.0019373893737792969
207512,normal,2979,0,1782361075.5076907,0.0021257400512695312
207513,normal,1628,0,1782361075.5097542,0.0020635128021240234
207514,normal,2755,0,1782361075.5115626,0.0018084049224853516
207515,normal,3105,1,1782361075.5137584,0.0021958351135253906
207516,normal,2839,0,1782361075.5156152,0.0018568038940429688
207517,normal,2214,0,1782361075.5177562,0.0021409988403320312
207518,normal,3196,1,1782361075.519764,0.002007722854614258
207519,normal,1388,0,1782361075.5216238,0.001859903335571289
207520,normal,2691,0,1782361075.5236347,0.002010822296142578
207521,normal,2538,0,1782361075.525808,0.0021734237670898438
207522,normal,974,2,1782361075.5277493,0.0019412040710449219
207523,normal,707,0,1782361075.5297523,0.0020029544830322266
207524,normal,1449,0,1782361075.5315406,0.0017883777618408203
207525,normal,1476,0,1782361075.533707,0.002166271209716797
207526,normal,1416,0,1782361075.535611,0.0019040107727050781
207527,normal,184,0,1782361075.5376964,0.002085447311401367
207528,normal,1635,0,1782361075.5401328,0.002436399459838867
207529,normal,1915,0,1782361075.541832,0.001699209213256836
207530,normal,1241,0,1782361075.543574,0.0017421245574951172
207531,normal,173,0,1782361075.5455527,0.001978635787963867
207532,normal,3482,0,1782361075.5477152,0.002162456512451172
207533,normal,1741,0,1782361075.5496447,0.0019295215606689453
207534,normal,3250,1,1782361075.551578,0.0019333362579345703
207535,normal,1946,0,1782361075.5537882,0.0022101402282714844
207536,normal,949,2,1782361075.555637,0.0018486976623535156
207537,normal,1694,0,1782361075.5575442,0.0019073486328125
207538,normal,3107,1,1782361075.559637,0.0020928382873535156
207539,normal,1606,0,1782361075.5616455,0.0020084381103515625
207540,normal,1728,0,1782361075.5635688,0.0019233226776123047
207541,normal,345,0,1782361075.5657015,0.0021326541900634766
207542,normal,2461,0,1782361075.5676827,0.0019812583923339844
207543,normal,225,0,1782361075.569564,0.0018813610076904297
207544,normal,2829,0,1782361075.5716474,0.002083301544189453
207545,normal,3411,0,1782361075.5740325,0.0023851394653320312
207546,normal,3427,0,1782361075.5760922,0.0020596981048583984
207547,normal,2320,0,1782361075.5775177,0.0014255046844482422
207548,normal,361,0,1782361075.5796034,0.0020856857299804688
207549,normal,121,0,1782361075.5817325,0.002129077911376953
207550,normal,1369,1,1782361075.5835912,0.0018587112426757812
207551,normal,611,0,1782361075.585682,0.0020906925201416016
207552,normal,2633,0,1782361075.5877101,0.002028226852416992
207553,normal,3317,1,1782361075.589535,0.0018248558044433594
207554,normal,888,2,1782361075.5917654,0.002230405807495117
207555,normal,776,2,1782361075.5938964,0.0021309852600097656
207556,normal,3284,1,1782361075.5955908,0.0016944408416748047
207557,normal,2873,0,1782361075.5975332,0.0019423961639404297
207558,normal,253,0,1782361075.5995748,0.0020415782928466797
207559,normal,1883,0,1782361075.6015172,0.0019423961639404297
207560,normal,58,0,1782361075.6035645,0.002047300338745117
207561,normal,1257,0,1782361075.6056201,0.002055644989013672
207562,normal,1529,0,1782361075.6075044,0.0018842220306396484
207563,normal,1819,0,1782361075.60956,0.002055644989013672
207564,normal,1548,0,1782361075.611619,0.0020589828491210938
207565,normal,2948,0,1782361075.6135342,0.0019152164459228516
207566,normal,3291,1,1782361075.6155999,0.0020656585693359375
207567,normal,2427,0,1782361075.6176293,0.0020294189453125
207568,normal,2350,0,1782361075.6196551,0.0020258426666259766
207569,normal,2607,0,1782361075.6215098,0.0018546581268310547
207570,normal,111,0,1782361075.6236367,0.002126932144165039
207571,normal,2225,0,1782361075.6255538,0.001917123794555664
207572,normal,985,2,1782361075.6276224,0.0020685195922851562
207573,normal,655,0,1782361075.6295953,0.0019729137420654297
207574,normal,247,0,1782361075.6315134,0.0019180774688720703
207575,normal,600,0,1782361075.6336226,0.0021092891693115234
207576,normal,1951,0,1782361075.635574,0.001951456069946289
207577,normal,178,0,1782361075.6375477,0.0019736289978027344
207578,normal,3388,1,1782361075.6395962,0.002048492431640625
207579,normal,3114,1,1782361075.6415539,0.0019576549530029297
207580,normal,3310,1,1782361075.643559,0.0020051002502441406
207581,normal,118,0,1782361075.6455593,0.0020003318786621094
207582,normal,1196,0,1782361075.6476076,0.0020482540130615234
207583,normal,3281,1,1782361075.649495,0.0018873214721679688
207584,normal,3490,0,1782361075.6516092,0.0021142959594726562
207585,normal,3249,1,1782361075.6535618,0.0019526481628417969
207586,normal,1597,0,1782361075.6555552,0.001993417739868164
207587,normal,467,0,1782361075.6577954,0.0022401809692382812
207588,normal,1813,0,1782361075.6595085,0.0017130374908447266
207589,normal,1546,0,1782361075.6615744,0.002065896987915039
207590,normal,1129,0,1782361075.6636915,0.002117156982421875
207591,normal,1874,0,1782361075.6655264,0.001834869384765625
207592,normal,1636,0,1782361075.6674871,0.00196075439453125
207593,normal,2085,0,1782361075.669543,0.0020558834075927734
207594,normal,2976,0,1782361075.6715984,0.0020554065704345703
207595,normal,1793,0,1782361075.6735246,0.0019261837005615234
207596,normal,1389,0,1782361075.675652,0.002127408981323242
207597,normal,2874,0,1782361075.677593,0.0019409656524658203
207598,normal,1732,0,1782361075.6795754,0.001982450485229492
207599,normal,1545,0,1782361075.6816938,0.002118349075317383
207600,normal,763,0,1782361075.6836407,0.0019469261169433594
207601,normal,2586,0,1782361075.6855357,0.0018949508666992188
207602,normal,2342,0,1782361075.6876466,0.0021109580993652344
207603,normal,3338,1,1782361075.6897366,0.002089977264404297
207604,normal,1183,0,1782361075.6915114,0.0017747879028320312
207605,normal,1091,0,1782361075.6935983,0.0020868778228759766
207606,normal,3640,0,1782361075.6955953,0.0019969940185546875
207607,normal,1596,0,1782361075.6975245,0.0019292831420898438
207608,normal,697,0,1782361075.6996937,0.0021691322326660156
207609,normal,536,0,1782361075.7015188,0.001825094223022461
207610,normal,22,0,1782361075.70355,0.0020313262939453125
207611,normal,2942,0,1782361075.7055411,0.0019910335540771484
207612,normal,531,0,1782361075.707598,0.0020568370819091797
207613,normal,3240,1,1782361075.7095687,0.0019707679748535156
207614,normal,2640,0,1782361075.7117755,0.0022068023681640625
207615,normal,3324,1,1782361075.713557,0.001781463623046875
207616,normal,2389,0,1782361075.71554,0.0019829273223876953
207617,normal,2635,0,1782361075.7176075,0.00206756591796875
207618,normal,3206,1,1782361075.719607,0.0019996166229248047
207619,normal,1569,0,1782361075.7215,0.0018928050994873047
207620,normal,1610,0,1782361075.723702,0.0022020339965820312
207621,normal,1275,0,1782361075.725546,0.0018439292907714844
207622,normal,863,2,1782361075.727497,0.0019512176513671875
207623,normal,820,2,1782361075.7296152,0.0021181106567382812
207624,normal,1033,0,1782361075.7316225,0.0020072460174560547
207625,normal,137,0,1782361075.7335107,0.001888275146484375
207626,normal,1382,0,1782361075.7356393,0.00212860107421875
207627,normal,1634,0,1782361075.7376027,0.001963376998901367
207628,normal,1346,1,1782361075.739525,0.0019223690032958984
207629,normal,3303,1,1782361075.7416396,0.002114534378051758
207630,normal,1611,0,1782361075.7438467,0.002207040786743164
207631,normal,2694,0,1782361075.74608,0.002233266830444336
207632,normal,2551,0,1782361075.7475464,0.001466512680053711
207633,normal,1305,0,1782361075.749609,0.002062559127807617
207634,normal,618,0,1782361075.7515466,0.0019376277923583984
207635,normal,2714,0,1782361075.7536497,0.002103090286254883
207636,normal,1805,0,1782361075.755601,0.0019512176513671875
207637,normal,2681,0,1782361075.7575781,0.001977205276489258
207638,normal,772,2,1782361075.7596366,0.0020585060119628906
207639,normal,2627,0,1782361075.761778,0.0021414756774902344
207640,normal,2082,0,1782361075.7635102,0.0017321109771728516
207641,normal,1812,0,1782361075.7658951,0.0023849010467529297
207642,normal,1650,0,1782361075.7680302,0.002135038375854492
207643,normal,466,0,1782361075.7696738,0.0016436576843261719
207644,normal,3097,1,1782361075.771716,0.0020422935485839844
207645,normal,3632,0,1782361075.7736046,0.0018885135650634766
207646,normal,3407,0,1782361075.775604,0.001999378204345703
207647,normal,204,0,1782361075.7777328,0.0021288394927978516
207648,normal,3076,1,1782361075.7797124,0.0019795894622802734
207649,normal,3147,1,1782361075.781575,0.0018625259399414062
207650,normal,3177,1,1782361075.7836323,0.002057313919067383
207651,normal,231,0,1782361075.7857358,0.002103567123413086
207652,normal,1455,0,1782361075.7875535,0.0018177032470703125
207653,normal,2429,0,1782361075.7896297,0.0020761489868164062
207654,normal,770,0,1782361075.7916844,0.0020546913146972656
207655,normal,1735,0,1782361075.793549,0.0018646717071533203
207656,normal,2555,0,1782361075.7956297,0.002080678939819336
207657,normal,215,0,1782361075.7976553,0.002025604248046875
207658,normal,2501,0,1782361075.7995687,0.001913309097290039
207659,normal,739,0,1782361075.801601,0.0020322799682617188
207660,normal,2816,0,1782361075.8036501,0.0020492076873779297
207661,normal,19,0,1782361075.8057575,0.002107381820678711
207662,normal,2234,0,1782361075.8076007,0.0018432140350341797
207663,normal,2460,0,1782361075.8096473,0.0020465850830078125
207664,normal,807,2,1782361075.8115733,0.0019259452819824219
207665,normal,1747,0,1782361075.813587,0.002013683319091797
207666,normal,3426,0,1782361075.8156261,0.002039194107055664
207667,normal,596,0,1782361075.8175056,0.0018794536590576172
207668,normal,2935,0,1782361075.8196306,0.0021250247955322266
207669,normal,845,2,1782361075.8216424,0.0020117759704589844
207670,normal,1065,0,1782361075.8236196,0.001977205276489258
207671,normal,3298,1,1782361075.8265767,0.0029571056365966797
207672,normal,2928,0,1782361075.8275223,0.0009455680847167969
207673,normal,1150,0,1782361075.829771,0.0022487640380859375
207674,normal,3499,0,1782361075.8317194,0.0019483566284179688
207675,normal,2634,0,1782361075.8335583,0.0018389225006103516
207676,normal,391,0,1782361075.8355098,0.001951456069946289
207677,normal,1061,0,1782361075.8375416,0.0020318031311035156
207678,normal,3256,1,1782361075.839535,0.001993417739868164
207679,normal,2099,0,1782361075.8417468,0.0022118091583251953
207680,normal,1568,0,1782361075.8435402,0.0017933845520019531
207681,normal,2290,0,1782361075.8455367,0.0019965171813964844
207682,normal,2008,0,1782361075.847537,0.0020003318786621094
207683,normal,1631,0,1782361075.8495347,0.001997709274291992
207684,normal,1468,0,1782361075.8520293,0.0024945735931396484
207685,normal,1272,0,1782361075.853832,0.001802682876586914
207686,normal,3610,0,1782361075.8557158,0.0018837451934814453
207687,normal,1422,0,1782361075.857568,0.001852273941040039
207688,normal,2444,0,1782361075.8597245,0.002156496047973633
207689,normal,2151,0,1782361075.8615746,0.001850128173828125
207690,normal,3211,1,1782361075.8638997,0.0023250579833984375
207691,normal,897,2,1782361075.8655314,0.0016317367553710938
207692,normal,658,0,1782361075.867706,0.0021746158599853516
207693,normal,1115,0,1782361075.8695612,0.0018551349639892578
207694,normal,708,0,1782361075.8717291,0.002167940139770508
207695,normal,568,0,1782361075.873576,0.0018467903137207031
207696,normal,3361,1,1782361075.87585,0.002274036407470703
207697,normal,2605,0,1782361075.8776178,0.001767873764038086
207698,normal,1110,0,1782361075.8798215,0.002203702926635742
207699,normal,2197,0,1782361075.8817074,0.0018858909606933594
207700,normal,2959,0,1782361075.8836405,0.0019330978393554688
207701,normal,2837,0,1782361075.8859491,0.0023086071014404297
207702,normal,1921,0,1782361075.887727,0.0017778873443603516
207703,normal,3058,1,1782361075.8895097,0.0017826557159423828
207704,normal,831,2,1782361075.8915586,0.002048969268798828
207705,normal,2261,0,1782361075.8935385,0.001979827880859375
207706,normal,1580,0,1782361075.895597,0.0020585060119628906
207707,normal,1516,0,1782361075.89788,0.0022830963134765625
207708,normal,870,2,1782361075.8999698,0.0020897388458251953
207709,normal,3203,1,1782361075.9015036,0.0015337467193603516
207710,normal,1789,0,1782361075.9036038,0.002100229263305664
207711,normal,521,0,1782361075.9055192,0.0019154548645019531
207712,normal,1367,1,1782361075.9075906,0.002071380615234375
207713,normal,2426,0,1782361075.9095693,0.001978635787963867
207714,normal,1748,0,1782361075.9117618,0.0021924972534179688
207715,normal,2632,0,1782361075.9136398,0.0018780231475830078
207716,normal,2062,0,1782361075.9157376,0.0020978450775146484
207717,normal,159,0,1782361075.9175751,0.0018374919891357422
207718,normal,92,0,1782361075.9197464,0.0021712779998779297
207719,normal,743,0,1782361075.9215205,0.0017740726470947266
207720,normal,2002,0,1782361075.9237826,0.002262115478515625
207721,normal,2682,0,1782361075.925652,0.0018694400787353516
207722,normal,906,2,1782361075.927795,0.0021429061889648438
207723,normal,3,0,1782361075.9295871,0.0017921924591064453
207724,normal,3001,0,1782361075.9317029,0.0021157264709472656
207725,normal,573,0,1782361075.9337897,0.0020868778228759766
207726,normal,3659,0,1782361075.9357371,0.0019474029541015625
207727,normal,3327,1,1782361075.9376018,0.0018646717071533203
207728,normal,3354,1,1782361075.9397507,0.002148866653442383
207729,normal,1132,0,1782361075.9416146,0.0018639564514160156
207730,normal,330,0,1782361075.9438136,0.002198934555053711
207731,normal,222,0,1782361075.9456584,0.0018448829650878906
207732,normal,529,0,1782361075.947568,0.001909494400024414
207733,normal,2922,0,1782361075.9497259,0.002157926559448242
207734,normal,2029,0,1782361075.95165,0.0019240379333496094
207735,normal,425,0,1782361075.9537263,0.002076387405395508
207736,normal,1612,0,1782361075.9556239,0.001897573471069336
207737,normal,1430,0,1782361075.957641,0.0020170211791992188
207738,normal,792,2,1782361075.9595382,0.0018973350524902344
207739,normal,789,2,1782361075.9615514,0.0020132064819335938
207740,normal,1074,0,1782361075.96369,0.0021386146545410156
207741,normal,1126,0,1782361075.9655275,0.0018374919891357422
207742,normal,248,0,1782361075.9675179,0.0019903182983398438
207743,normal,304,0,1782361075.9695945,0.0020766258239746094
207744,normal,3145,1,1782361075.9715757,0.0019812583923339844
207745,normal,45,0,1782361075.973559,0.001983165740966797
207746,normal,2788,0,1782361075.975615,0.002056121826171875
207747,normal,1758,0,1782361075.9776585,0.002043485641479492
207748,normal,2098,0,1782361075.9796238,0.0019652843475341797
207749,normal,1085,0,1782361075.9817162,0.0020923614501953125
207750,normal,2448,0,1782361075.9836488,0.0019326210021972656
207751,normal,2666,0,1782361075.9856288,0.0019800662994384766
207752,normal,2012,0,1782361075.9877205,0.002091646194458008
207753,normal,964,2,1782361075.9897368,0.002016305923461914
207754,normal,418,0,1782361075.9914882,0.0017514228820800781
207755,normal,3305,1,1782361075.9935784,0.0020902156829833984
207756,normal,695,0,1782361075.9957159,0.002137422561645508
207757,normal,171,0,1782361075.9975471,0.0018312931060791016
207758,normal,1018,2,1782361075.9998436,0.00229644775390625
207759,normal,2166,0,1782361076.0015633,0.0017197132110595703
207760,normal,3456,0,1782361076.0036974,0.002134084701538086
207761,normal,192,0,1782361076.0055194,0.0018219947814941406
207762,normal,802,2,1782361076.0077152,0.0021958351135253906
207763,normal,3115,1,1782361076.0098007,0.002085447311401367
207764,normal,1771,0,1782361076.0119169,0.0021162033081054688
207765,normal,1122,0,1782361076.0135746,0.001657724380493164
207766,normal,3522,0,1782361076.0157104,0.002135753631591797
207767,normal,735,0,1782361076.0176287,0.0019183158874511719
207768,normal,785,2,1782361076.0195737,0.0019450187683105469
207769,normal,986,2,1782361076.0217202,0.002146482467651367
207770,normal,3516,0,1782361076.0237567,0.002036571502685547
207771,normal,1540,0,1782361076.0255685,0.0018117427825927734
207772,normal,39,0,1782361076.0277052,0.002136707305908203
207773,normal,3131,1,1782361076.0296438,0.0019385814666748047
207774,normal,3348,1,1782361076.0315711,0.0019273757934570312
207775,normal,1969,0,1782361076.0337727,0.002201557159423828
207776,normal,88,0,1782361076.0356293,0.0018565654754638672
207777,normal,379,0,1782361076.0375714,0.0019421577453613281
207778,normal,597,0,1782361076.039545,0.0019736289978027344
207779,normal,3648,0,1782361076.0417511,0.002206087112426758
207780,normal,1862,0,1782361076.0440147,0.0022635459899902344
207781,normal,862,2,1782361076.046105,0.0020902156829833984
207782,normal,1711,0,1782361076.0475671,0.0014622211456298828
207783,normal,2241,0,1782361076.0497565,0.0021893978118896484
207784,normal,3434,0,1782361076.0515583,0.0018017292022705078
207785,normal,26,0,1782361076.0535524,0.0019941329956054688
207786,normal,1912,0,1782361076.055566,0.002013683319091797
207787,normal,2724,0,1782361076.0577052,0.0021390914916992188
207788,normal,1892,0,1782361076.0597954,0.0020902156829833984
207789,normal,1935,0,1782361076.0616982,0.0019028186798095703
207790,normal,1254,0,1782361076.0635562,0.0018579959869384766
207791,normal,169,0,1782361076.065879,0.0023229122161865234
207792,normal,530,0,1782361076.0679283,0.0020492076873779297
207793,normal,3201,1,1782361076.0697389,0.0018105506896972656
207794,normal,2604,0,1782361076.071765,0.002026081085205078
207795,normal,2732,0,1782361076.0736318,0.0018668174743652344
207796,normal,1162,0,1782361076.0758023,0.002170562744140625
207797,normal,201,0,1782361076.0777814,0.0019791126251220703
207798,normal,380,0,1782361076.0796354,0.00185394287109375
207799,normal,1488,0,1782361076.0818598,0.002224445343017578
207800,normal,3651,0,1782361076.0835228,0.0016629695892333984
207801,normal,995,2,1782361076.0857346,0.0022118091583251953
207802,normal,43,0,1782361076.0875897,0.0018551349639892578
207803,normal,2039,0,1782361076.0897334,0.0021436214447021484
207804,normal,944,2,1782361076.0915854,0.0018520355224609375
207805,normal,2638,0,1782361076.0937426,0.0021572113037109375
207806,normal,2452,0,1782361076.0959127,0.002170085906982422
207807,normal,607,0,1782361076.097544,0.0016312599182128906
207808,normal,490,0,1782361076.0997224,0.0021784305572509766
207809,normal,1268,0,1782361076.1016338,0.0019114017486572266
207810,normal,3080,1,1782361076.1035674,0.0019335746765136719
207811,normal,2603,0,1782361076.1059093,0.0023419857025146484
207812,normal,3562,0,1782361076.1076179,0.0017085075378417969
207813,normal,15,0,1782361076.1097736,0.002155780792236328
207814,normal,1577,0,1782361076.111555,0.001781463623046875
207815,normal,562,0,1782361076.1137877,0.0022325515747070312
207816,normal,293,0,1782361076.1156797,0.00189208984375
207817,normal,676,0,1782361076.117819,0.0021393299102783203
207818,normal,722,0,1782361076.1195595,0.0017404556274414062
207819,normal,3101,1,1782361076.121768,0.0022084712982177734
207820,normal,1351,1,1782361076.1236346,0.0018665790557861328
207821,normal,755,0,1782361076.1256952,0.0020606517791748047
207822,normal,987,2,1782361076.1276917,0.0019965171813964844
207823,normal,1796,0,1782361076.1298225,0.002130746841430664
207824,normal,975,2,1782361076.1317527,0.00193023681640625
207825,normal,2446,0,1782361076.1339293,0.002176523208618164
207826,normal,3644,0,1782361076.13566,0.0017306804656982422
207827,normal,588,0,1782361076.1376834,0.002023458480834961
207828,normal,106,0,1782361076.1396182,0.0019347667694091797
207829,normal,538,0,1782361076.1417506,0.002132415771484375
207830,normal,2093,0,1782361076.1437793,0.0020287036895751953
207831,normal,487,0,1782361076.145614,0.0018346309661865234
207832,normal,3680,0,1782361076.1476119,0.0019979476928710938
207833,normal,200,0,1782361076.1496909,0.002079010009765625
207834,normal,1357,1,1782361076.1516106,0.0019197463989257812
207835,normal,1640,0,1782361076.1535752,0.001964569091796875
207836,normal,261,0,1782361076.15569,0.0021147727966308594
207837,normal,3692,0,1782361076.1576104,0.001920461654663086
207838,normal,2808,0,1782361076.1596055,0.001995086669921875
207839,normal,2947,0,1782361076.1616898,0.0020842552185058594
207840,normal,2365,0,1782361076.16409,0.0024001598358154297
207841,normal,2811,0,1782361076.1658263,0.0017364025115966797
207842,normal,2887,0,1782361076.167553,0.0017266273498535156
207843,normal,2257,0,1782361076.1697009,0.0021479129791259766
207844,normal,2945,0,1782361076.1716294,0.001928567886352539
207845,normal,172,0,1782361076.1735983,0.001968860626220703
207846,normal,1253,0,1782361076.1756816,0.002083301544189453
207847,normal,3063,1,1782361076.177796,0.0021142959594726562
207848,normal,2872,0,1782361076.179557,0.0017611980438232422
207849,normal,2598,0,1782361076.1817005,0.002143383026123047
207850,normal,2817,0,1782361076.1836183,0.0019178390502929688
207851,normal,450,0,1782361076.1856043,0.0019860267639160156
207852,normal,2854,0,1782361076.1876345,0.0020301342010498047
207853,normal,2673,0,1782361076.1896827,0.0020482540130615234
207854,normal,1283,0,1782361076.1916852,0.0020024776458740234
207855,normal,2569,0,1782361076.1937184,0.002033233642578125
207856,normal,1163,0,1782361076.195628,0.001909494400024414
207857,normal,744,0,1782361076.197823,0.002195119857788086
207858,normal,224,0,1782361076.2000954,0.002272367477416992
207859,normal,2123,0,1782361076.201531,0.0014355182647705078
207860,normal,1259,0,1782361076.2036488,0.0021178722381591797
207861,normal,1333,1,1782361076.2057252,0.002076387405395508
207862,normal,2415,0,1782361076.2076163,0.0018911361694335938
207863,normal,3447,0,1782361076.209637,0.002020597457885742
207864,normal,2846,0,1782361076.2118702,0.002233266830444336
207865,normal,1178,0,1782361076.2136738,0.0018036365509033203
207866,normal,557,0,1782361076.2157397,0.002065896987915039
207867,normal,3152,1,1782361076.217903,0.0021631717681884766
207868,normal,1094,0,1782361076.219686,0.001783132553100586
207869,normal,372,0,1782361076.2215624,0.0018763542175292969
207870,normal,1662,0,1782361076.2237136,0.0021512508392333984
207871,normal,3554,0,1782361076.2256272,0.0019135475158691406
207872,normal,3466,0,1782361076.2276318,0.0020046234130859375
207873,normal,1837,0,1782361076.2296507,0.0020189285278320312
207874,normal,2095,0,1782361076.23165,0.001999378204345703
207875,normal,1155,0,1782361076.2336764,0.0020263195037841797
207876,normal,2758,0,1782361076.235762,0.002085447311401367
207877,normal,2376,0,1782361076.2376983,0.0019364356994628906
207878,normal,1572,0,1782361076.2396383,0.001940011978149414
207879,normal,2721,0,1782361076.2417338,0.002095460891723633
207880,normal,1414,0,1782361076.2436955,0.0019617080688476562
207881,normal,1088,0,1782361076.245576,0.0018804073333740234
207882,normal,1604,0,1782361076.2477722,0.0021963119506835938
207883,normal,1536,0,1782361076.249725,0.0019528865814208984
207884,normal,3596,0,1782361076.251695,0.0019698143005371094
207885,normal,3450,0,1782361076.2537,0.0020051002502441406
207886,normal,1355,1,1782361076.2556403,0.0019402503967285156
207887,normal,1192,0,1782361076.2576108,0.001970529556274414
207888,normal,2401,0,1782361076.2597501,0.0021393299102783203
207889,normal,3237,1,1782361076.2616882,0.0019381046295166016
207890,normal,2518,0,1782361076.263613,0.001924753189086914
207891,normal,2941,0,1782361076.2657688,0.002155780792236328
207892,normal,369,0,1782361076.267758,0.001989126205444336
207893,normal,1070,0,1782361076.2696128,0.0018548965454101562
207894,normal,2593,0,1782361076.2716775,0.0020647048950195312
207895,normal,1955,0,1782361076.2736533,0.0019757747650146484
207896,normal,3643,0,1782361076.275658,0.0020046234130859375
207897,normal,3194,1,1782361076.2776322,0.001974344253540039
207898,normal,3658,0,1782361076.2797277,0.002095460891723633
207899,normal,392,0,1782361076.2819185,0.002190828323364258
207900,normal,2740,0,1782361076.2836022,0.0016837120056152344
207901,normal,970,2,1782361076.2856967,0.0020945072174072266
207902,normal,303,0,1782361076.2876136,0.0019168853759765625
207903,normal,437,0,1782361076.2897449,0.002131223678588867
207904,normal,3125,1,1782361076.291639,0.001894235610961914
207905,normal,3259,1,1782361076.2935767,0.0019376277923583984
207906,normal,2204,0,1782361076.295714,0.0021371841430664062
207907,normal,1851,0,1782361076.2976892,0.0019752979278564453
207908,normal,1331,1,1782361076.2996392,0.0019500255584716797
207909,normal,1452,0,1782361076.301762,0.0021228790283203125
207910,normal,2779,0,1782361076.3037431,0.001981019973754883
207911,normal,3420,0,1782361076.3056927,0.0019495487213134766
207912,normal,1670,0,1782361076.3076856,0.001992940902709961
207913,normal,3331,1,1782361076.3097413,0.002055644989013672
207914,normal,602,0,1782361076.311616,0.001874685287475586
207915,normal,3084,1,1782361076.313846,0.0022301673889160156
207916,normal,2848,0,1782361076.3156502,0.0018041133880615234
207917,normal,2905,0,1782361076.3177202,0.0020699501037597656
207918,normal,1007,2,1782361076.3196356,0.0019154548645019531
207919,normal,3544,0,1782361076.3216298,0.0019941329956054688
207920,normal,1719,0,1782361076.3236785,0.0020487308502197266
207921,normal,113,0,1782361076.3257153,0.0020368099212646484
207922,normal,286,0,1782361076.3276172,0.001901865005493164
207923,normal,2054,0,1782361076.3295538,0.0019366741180419922
207924,normal,631,0,1782361076.3317134,0.002159595489501953
207925,normal,1963,0,1782361076.3336148,0.001901388168334961
207926,normal,1695,0,1782361076.336084,0.0024690628051757812
207927,normal,2981,0,1782361076.3377535,0.0016696453094482422
207928,normal,76,0,1782361076.3396828,0.0019292831420898438
207929,normal,1368,1,1782361076.3415997,0.0019168853759765625
207930,normal,1617,0,1782361076.3437333,0.002133607864379883
207931,normal,1459,0,1782361076.345648,0.0019147396087646484
207932,normal,302,0,1782361076.3477123,0.002064228057861328
207933,normal,3381,1,1782361076.349651,0.0019388198852539062
207934,normal,3091,1,1782361076.3515759,0.001924753189086914
207935,normal,2286,0,1782361076.3535404,0.001964569091796875
207936,normal,1447,0,1782361076.3555002,0.0019598007202148438
207937,normal,2803,0,1782361076.3575242,0.002023935317993164
207938,normal,1319,1,1782361076.3595526,0.0020284652709960938
207939,normal,267,0,1782361076.3615983,0.0020456314086914062
207940,normal,2459,0,1782361076.363541,0.0019426345825195312
207941,normal,1996,0,1782361076.3655722,0.0020313262939453125
207942,normal,2624,0,1782361076.3675423,0.001970052719116211
207943,normal,3012,0,1782361076.3700588,0.002516508102416992
207944,normal,1908,0,1782361076.372148,0.002089262008666992
207945,normal,2293,0,1782361076.3735244,0.0013763904571533203
207946,normal,900,2,1782361076.3755212,0.001996755599975586
207947,normal,3258,1,1782361076.3776157,0.0020945072174072266
207948,normal,1035,0,1782361076.379524,0.0019083023071289062
207949,normal,2938,0,1782361076.3817112,0.0021872520446777344
207950,normal,2912,0,1782361076.3836877,0.001976490020751953
207951,normal,1647,0,1782361076.3857539,0.0020661354064941406
207952,normal,1236,0,1782361076.3877282,0.001974344253540039
207953,normal,3226,1,1782361076.3895633,0.0018351078033447266
207954,normal,3553,0,1782361076.3918,0.002236604690551758
207955,normal,910,2,1782361076.3938074,0.0020074844360351562
207956,normal,2577,0,1782361076.3958418,0.002034425735473633
207957,normal,3665,0,1782361076.3978062,0.0019643306732177734
207958,normal,3290,1,1782361076.39961,0.0018038749694824219
207959,normal,84,0,1782361076.4017591,0.0021491050720214844
207960,normal,1453,0,1782361076.4036217,0.0018625259399414062
207961,normal,3178,1,1782361076.4056978,0.0020761489868164062
207962,normal,3524,0,1782361076.4077024,0.0020046234130859375
207963,normal,252,0,1782361076.4096766,0.0019741058349609375
207964,normal,376,0,1782361076.4116867,0.0020101070404052734
207965,normal,2417,0,1782361076.4135532,0.0018665790557861328
207966,normal,1332,1,1782361076.4156497,0.002096414566040039
207967,normal,2173,0,1782361076.4176545,0.002004861831665039
207968,normal,2345,0,1782361076.4196239,0.0019693374633789062
207969,normal,2547,0,1782361076.4216597,0.002035856246948242
207970,normal,1860,0,1782361076.4236386,0.0019788742065429688
207971,normal,35,0,1782361076.4264603,0.002821683883666992
207972,normal,77,0,1782361076.4274747,0.0010144710540771484
207973,normal,398,0,1782361076.4295416,0.0020668506622314453
207974,normal,317,0,1782361076.4314866,0.0019450187683105469
207975,normal,3537,0,1782361076.4336853,0.0021986961364746094
207976,normal,2840,0,1782361076.435549,0.001863718032836914
207977,normal,1586,0,1782361076.4375505,0.002001523971557617
207978,normal,1050,0,1782361076.439638,0.0020873546600341797
207979,normal,1087,0,1782361076.4415152,0.0018773078918457031
207980,normal,482,0,1782361076.4435508,0.0020356178283691406
207981,normal,1505,0,1782361076.4457078,0.002156972885131836
207982,normal,2647,0,1782361076.4476933,0.0019855499267578125
207983,normal,2032,0,1782361076.4495249,0.0018315315246582031
207984,normal,1893,0,1782361076.4517653,0.002240419387817383
207985,normal,384,0,1782361076.4538093,0.0020439624786376953
207986,normal,1593,0,1782361076.4556568,0.0018475055694580078
207987,normal,1234,0,1782361076.4577708,0.0021140575408935547
207988,normal,2422,0,1782361076.4595535,0.0017826557159423828
207989,normal,1145,0,1782361076.4616802,0.0021266937255859375
207990,normal,554,0,1782361076.4635165,0.0018362998962402344
207991,normal,1474,0,1782361076.4654913,0.001974821090698242
207992,normal,2250,0,1782361076.4676185,0.0021271705627441406
207993,normal,893,2,1782361076.469484,0.0018656253814697266
207994,normal,3600,0,1782361076.471657,0.0021729469299316406
207995,normal,2183,0,1782361076.4737012,0.002044200897216797
207996,normal,1166,0,1782361076.4756157,0.0019145011901855469
207997,normal,1147,0,1782361076.4784555,0.002839803695678711
207998,normal,2235,0,1782361076.4798386,0.001383066177368164
207999,normal,79,0,1782361076.4815323,0.0016937255859375
208000,normal,2531,0,1782361076.4837263,0.002193927764892578
208001,normal,3570,0,1782361076.4857068,0.0019805431365966797
208002,normal,2442,0,1782361076.4876552,0.0019483566284179688
208003,normal,2794,0,1782361076.489936,0.0022809505462646484
208004,normal,1648,0,1782361076.4915783,0.0016422271728515625
208005,normal,973,2,1782361076.4937758,0.0021975040435791016
208006,normal,2111,0,1782361076.4955382,0.00176239013671875
208007,normal,2527,0,1782361076.497797,0.002258777618408203
208008,normal,1198,0,1782361076.4997163,0.0019192695617675781
208009,normal,2022,0,1782361076.5017536,0.0020372867584228516
208010,normal,3215,1,1782361076.503635,0.0018813610076904297
208011,normal,3313,1,1782361076.505643,0.0020079612731933594
208012,normal,1738,0,1782361076.507718,0.0020751953125
208013,normal,3567,0,1782361076.5097005,0.001982450485229492
208014,normal,1212,0,1782361076.5118484,0.0021479129791259766
208015,normal,2096,0,1782361076.513714,0.0018656253814697266
208016,normal,2451,0,1782361076.5157282,0.00201416015625
208017,normal,2534,0,1782361076.5176153,0.0018870830535888672
208018,normal,1767,0,1782361076.5196068,0.0019915103912353516
208019,normal,778,2,1782361076.5216982,0.0020914077758789062
208020,normal,3165,1,1782361076.5238945,0.0021963119506835938
208021,normal,2127,0,1782361076.5260415,0.0021469593048095703
208022,normal,570,0,1782361076.5276089,0.0015673637390136719
208023,normal,3130,1,1782361076.5299737,0.0023648738861083984
208024,normal,3568,0,1782361076.5319421,0.0019683837890625
208025,normal,2303,0,1782361076.5342686,0.002326488494873047
208026,normal,651,0,1782361076.535806,0.001537322998046875
208027,normal,795,2,1782361076.5377312,0.0019252300262451172
208028,normal,115,0,1782361076.5395594,0.0018281936645507812
208029,normal,2973,0,1782361076.5416043,0.0020449161529541016
208030,normal,2407,0,1782361076.5435555,0.0019512176513671875
208031,normal,2771,0,1782361076.545607,0.0020515918731689453
208032,normal,1071,0,1782361076.5477438,0.002136707305908203
208033,normal,1972,0,1782361076.5496025,0.0018587112426757812
208034,normal,2198,0,1782361076.5518246,0.0022220611572265625
208035,normal,3341,1,1782361076.5538483,0.0020236968994140625
208036,normal,363,0,1782361076.5556602,0.001811981201171875
208037,normal,1622,0,1782361076.5577602,0.0020999908447265625
208038,normal,3588,0,1782361076.5596976,0.0019373893737792969
208039,normal,3210,1,1782361076.5619037,0.002206087112426758
208040,normal,1289,0,1782361076.5634928,0.001589059829711914
208041,normal,3176,1,1782361076.5655293,0.002036571502685547
208042,normal,1768,0,1782361076.5678527,0.0023233890533447266
208043,normal,2899,0,1782361076.569623,0.0017702579498291016
208044,normal,548,0,1782361076.5717335,0.0021104812622070312
208045,normal,2030,0,1782361076.5735438,0.001810312271118164
208046,normal,1378,1,1782361076.5757134,0.0021696090698242188
208047,normal,3273,1,1782361076.5775404,0.0018270015716552734
208048,normal,1659,0,1782361076.5795896,0.0020492076873779297
208049,normal,3405,0,1782361076.5815532,0.0019636154174804688
208050,normal,1420,0,1782361076.5835314,0.001978158950805664
208051,normal,1999,0,1782361076.5856311,0.002099752426147461
208052,normal,25,0,1782361076.587528,0.0018968582153320312
208053,normal,197,0,1782361076.589614,0.0020859241485595703
208054,normal,3688,0,1782361076.5914927,0.0018787384033203125
208055,normal,216,0,1782361076.593539,0.002046346664428711
208056,normal,1808,0,1782361076.5955398,0.0020008087158203125
208057,normal,2745,0,1782361076.5975375,0.001997709274291992
208058,normal,389,0,1782361076.599545,0.0020074844360351562
208059,normal,3676,0,1782361076.601634,0.0020890235900878906
208060,normal,2810,0,1782361076.60352,0.0018858909606933594
208061,normal,1054,0,1782361076.6056387,0.002118825912475586
208062,normal,2907,0,1782361076.607519,0.0018801689147949219
208063,normal,801,2,1782361076.609632,0.0021131038665771484
208064,normal,508,0,1782361076.6115184,0.0018863677978515625
208065,normal,1850,0,1782361076.61354,0.0020215511322021484
208066,normal,678,0,1782361076.6156135,0.002073526382446289
208067,normal,2075,0,1782361076.617604,0.0019905567169189453
208068,normal,2769,0,1782361076.6195464,0.0019423961639404297
208069,normal,377,0,1782361076.62154,0.0019936561584472656
208070,normal,2502,0,1782361076.6235425,0.0020024776458740234
208071,normal,424,0,1782361076.625541,0.001998424530029297
208072,normal,1919,0,1782361076.6275392,0.0019981861114501953
208073,normal,861,2,1782361076.629569,0.002029895782470703
208074,normal,2747,0,1782361076.6315215,0.0019524097442626953
208075,normal,1049,0,1782361076.6336317,0.0021102428436279297
208076,normal,788,2,1782361076.6355205,0.0018887519836425781
208077,normal,1228,0,1782361076.6376371,0.002116680145263672
208078,normal,3171,1,1782361076.6395216,0.00188446044921875
208079,normal,2958,0,1782361076.6415422,0.002020597457885742
208080,normal,1307,0,1782361076.6435454,0.002003192901611328
208081,normal,2180,0,1782361076.6455379,0.001992464065551758
208082,normal,457,0,1782361076.647542,0.0020041465759277344
208083,normal,1344,1,1782361076.64954,0.0019979476928710938
208084,normal,2398,0,1782361076.6515377,0.001997709274291992
208085,normal,211,0,1782361076.6535394,0.0020017623901367188
208086,normal,1391,0,1782361076.6555376,0.0019981861114501953
208087,normal,993,2,1782361076.6576316,0.0020940303802490234
208088,normal,268,0,1782361076.6595201,0.0018885135650634766
208089,normal,1292,0,1782361076.6616342,0.0021140575408935547
208090,normal,3393,1,1782361076.6635206,0.0018863677978515625
208091,normal,3518,0,1782361076.6656275,0.002106904983520508
208092,normal,1681,0,1782361076.6675184,0.0018908977508544922
208093,normal,2458,0,1782361076.6696386,0.0021202564239501953
208094,normal,2413,0,1782361076.6715188,0.0018801689147949219
208095,normal,2903,0,1782361076.6735415,0.0020227432250976562
208096,normal,322,0,1782361076.6756334,0.0020918846130371094
208097,normal,3501,0,1782361076.6775212,0.0018877983093261719
208098,normal,246,0,1782361076.6796331,0.0021119117736816406
208099,normal,68,0,1782361076.681528,0.0018949508666992188
208100,normal,1429,0,1782361076.6836371,0.002109050750732422
208101,normal,2301,0,1782361076.6855228,0.0018856525421142578
208102,normal,2670,0,1782361076.6876466,0.0021238327026367188
208103,normal,3538,0,1782361076.689827,0.002180337905883789
208104,normal,3349,1,1782361076.6915784,0.0017514228820800781
208105,normal,1295,0,1782361076.6938689,0.002290487289428711
208106,normal,938,2,1782361076.69561,0.001741170883178711
208107,normal,429,0,1782361076.6979017,0.0022916793823242188
208108,normal,32,0,1782361076.6998734,0.001971721649169922
208109,normal,2967,0,1782361076.7015753,0.0017018318176269531
208110,normal,2763,0,1782361076.7037096,0.0021343231201171875
208111,normal,2533,0,1782361076.7058012,0.002091646194458008
208112,normal,3425,0,1782361076.7076194,0.0018181800842285156
208113,normal,1901,0,1782361076.7097595,0.002140045166015625
208114,normal,2254,0,1782361076.7117968,0.0020372867584228516
208115,normal,821,2,1782361076.7135613,0.001764535903930664
208116,normal,2735,0,1782361076.7157743,0.002213001251220703
208117,normal,1664,0,1782361076.717803,0.0020287036895751953
208118,normal,439,0,1782361076.7197242,0.0019211769104003906
208119,normal,2091,0,1782361076.7216244,0.0019001960754394531
208120,normal,868,2,1782361076.7237122,0.002087831497192383
208121,normal,2792,0,1782361076.7256072,0.0018949508666992188
208122,normal,727,0,1782361076.7277603,0.002153158187866211
208123,normal,575,0,1782361076.7295604,0.0018000602722167969
208124,normal,1557,0,1782361076.7317479,0.002187490463256836
208125,normal,933,2,1782361076.7335606,0.0018126964569091797
208126,normal,2832,0,1782361076.7357156,0.0021550655364990234
208127,normal,1303,0,1782361076.73762,0.0019044876098632812
208128,normal,556,0,1782361076.7397654,0.0021452903747558594
208129,normal,2748,0,1782361076.7417233,0.0019578933715820312
208130,normal,1646,0,1782361076.74362,0.0018966197967529297
208131,normal,1270,0,1782361076.7457206,0.002100706100463867
208132,normal,1578,0,1782361076.7475674,0.0018467903137207031
208133,normal,281,0,1782361076.7497554,0.002187967300415039
208134,normal,3118,1,1782361076.7515602,0.0018048286437988281
208135,normal,2918,0,1782361076.7537189,0.002158641815185547
208136,normal,518,0,1782361076.7556071,0.001888275146484375
208137,normal,943,2,1782361076.7577612,0.002154111862182617
208138,normal,1945,0,1782361076.759575,0.001813650131225586
208139,normal,742,0,1782361076.7617571,0.0021822452545166016
208140,normal,1809,0,1782361076.763562,0.0018048286437988281
208141,normal,1897,0,1782361076.765728,0.0021660327911376953
208142,normal,3465,0,1782361076.7676094,0.0018813610076904297
208143,normal,3112,1,1782361076.7697582,0.002148866653442383
208144,normal,741,0,1782361076.7715776,0.0018193721771240234
208145,normal,2949,0,1782361076.7737463,0.0021686553955078125
208146,normal,3144,1,1782361076.7755585,0.0018122196197509766
208147,normal,2843,0,1782361076.777737,0.0021784305572509766
208148,normal,2656,0,1782361076.7796385,0.0019016265869140625
208149,normal,661,0,1782361076.7817612,0.002122640609741211
208150,normal,213,0,1782361076.7835932,0.0018320083618164062
208151,normal,475,0,1782361076.7857482,0.0021550655364990234
208152,normal,2170,0,1782361076.7875595,0.0018112659454345703
208153,normal,979,2,1782361076.7897298,0.0021703243255615234
208154,normal,2596,0,1782361076.7916195,0.0018897056579589844
208155,normal,1592,0,1782361076.7937582,0.0021386146545410156
208156,normal,3061,1,1782361076.7955964,0.0018382072448730469
208157,normal,1237,0,1782361076.7977479,0.0021514892578125
208158,normal,3657,0,1782361076.799565,0.0018172264099121094
208159,normal,1243,0,1782361076.8017385,0.0021734237670898438
208160,normal,2917,0,1782361076.803626,0.0018875598907470703
208161,normal,527,0,1782361076.8057606,0.002134561538696289
208162,normal,1637,0,1782361076.8075957,0.0018351078033447266
208163,normal,3021,0,1782361076.8097365,0.0021407604217529297
208164,normal,2171,0,1782361076.8116286,0.00189208984375
208165,normal,1276,0,1782361076.8137186,0.002089977264404297
208166,normal,109,0,1782361076.815574,0.0018553733825683594
208167,normal,687,0,1782361076.8177192,0.0021452903747558594
208168,normal,1362,1,1782361076.8195155,0.0017962455749511719
208169,normal,270,0,1782361076.821603,0.0020875930786132812
208170,normal,279,0,1782361076.8235784,0.0019752979278564453
208171,normal,757,0,1782361076.825654,0.002075672149658203
208172,normal,2322,0,1782361076.827542,0.0018880367279052734
208173,normal,1560,0,1782361076.8297224,0.002180337905883789
208174,normal,634,0,1782361076.8315167,0.0017943382263183594
208175,normal,1443,0,1782361076.8336043,0.0020875930786132812
208176,normal,1402,0,1782361076.8357213,0.0021169185638427734
208177,normal,3546,0,1782361076.8375142,0.00179290771484375
208178,normal,838,2,1782361076.8396344,0.0021202564239501953
208179,normal,2226,0,1782361076.8415496,0.0019152164459228516
208180,normal,1314,0,1782361076.8437436,0.002193927764892578
208181,normal,1370,1,1782361076.845566,0.0018224716186523438
208182,normal,1360,1,1782361076.8477228,0.0021567344665527344
208183,normal,2936,0,1782361076.8495169,0.0017940998077392578
208184,normal,1052,0,1782361076.851601,0.002084016799926758
208185,normal,2120,0,1782361076.853726,0.0021250247955322266
208186,normal,1299,0,1782361076.8555155,0.0017895698547363281
208187,normal,2790,0,1782361076.8576,0.002084493637084961
208188,normal,1244,0,1782361076.8595755,0.001975536346435547
208189,normal,3519,0,1782361076.8617458,0.0021703243255615234
208190,normal,1089,0,1782361076.8635688,0.0018229484558105469
208191,normal,3452,0,1782361076.8657253,0.002156496047973633
208192,normal,2659,0,1782361076.867545,0.001819610595703125
208193,normal,2584,0,1782361076.8696163,0.002071380615234375
208194,normal,65,0,1782361076.8717432,0.002126932144165039
208195,normal,1224,0,1782361076.8735175,0.0017743110656738281
208196,normal,2043,0,1782361076.875604,0.0020864009857177734
208197,normal,2582,0,1782361076.8776083,0.002004384994506836
208198,normal,1904,0,1782361076.8795536,0.0019452571868896484
208199,normal,2868,0,1782361076.8817067,0.002153158187866211
208200,normal,871,2,1782361076.8835628,0.001856088638305664
208201,normal,2051,0,1782361076.8855588,0.0019960403442382812
208202,normal,761,0,1782361076.8877308,0.0021719932556152344
208203,normal,1343,1,1782361076.889517,0.0017862319946289062
208204,normal,1385,0,1782361076.8915634,0.002046346664428711
208205,normal,2667,0,1782361076.8937478,0.0021843910217285156
208206,normal,1261,0,1782361076.8955162,0.001768350601196289
208207,normal,598,0,1782361076.8976018,0.0020856857299804688
208208,normal,473,0,1782361076.8995945,0.0019927024841308594
208209,normal,515,0,1782361076.9017231,0.00212860107421875
208210,normal,33,0,1782361076.9035156,0.0017924308776855469
208211,normal,1288,0,1782361076.9056017,0.002086162567138672
208212,normal,3636,0,1782361076.9075937,0.0019919872283935547
208213,normal,1692,0,1782361076.9095414,0.001947641372680664
208214,normal,2140,0,1782361076.9116755,0.002134084701538086
208215,normal,2187,0,1782361076.913611,0.0019354820251464844
208216,normal,2937,0,1782361076.91552,0.001909017562866211
208217,normal,2883,0,1782361076.9176135,0.0020935535430908203
208218,normal,3449,0,1782361076.9197297,0.0021162033081054688
208219,normal,3141,1,1782361076.921517,0.0017871856689453125
208220,normal,3275,1,1782361076.9236004,0.0020835399627685547
208221,normal,2354,0,1782361076.9255767,0.0019762516021728516
208222,normal,273,0,1782361076.9275413,0.001964569091796875
208223,normal,301,0,1782361076.9297354,0.0021941661834716797
208224,normal,1570,0,1782361076.931543,0.0018076896667480469
208225,normal,2479,0,1782361076.9336016,0.0020585060119628906
208226,normal,2695,0,1782361076.9357476,0.002146005630493164
208227,normal,1158,0,1782361076.937518,0.0017702579498291016
208228,normal,1911,0,1782361076.9396007,0.00208282470703125
208229,normal,3087,1,1782361076.9416268,0.002026081085205078
208230,normal,1828,0,1782361076.9435577,0.0019309520721435547
208231,normal,3050,1,1782361076.9455569,0.0019991397857666016
208232,normal,2862,0,1782361076.9475424,0.0019855499267578125
208233,normal,854,2,1782361076.9495323,0.0019898414611816406
208234,normal,1663,0,1782361076.951576,0.0020437240600585938
208235,normal,2424,0,1782361076.9535766,0.002000570297241211
208236,normal,2299,0,1782361076.955602,0.0020253658294677734
208237,normal,1406,0,1782361076.9575384,0.0019364356994628906
208238,normal,69,0,1782361076.9597428,0.002204418182373047
208239,normal,866,2,1782361076.9615185,0.0017757415771484375
208240,normal,2759,0,1782361076.9636004,0.0020818710327148438
208241,normal,3167,1,1782361076.9657323,0.002131938934326172
208242,normal,336,0,1782361076.967518,0.0017857551574707031
208243,normal,787,2,1782361076.9696002,0.0020821094512939453
208244,normal,2654,0,1782361076.9717114,0.002111196517944336
208245,normal,3564,0,1782361076.97357,0.0018587112426757812
208246,normal,1077,0,1782361076.9755626,0.001992464065551758
208247,normal,3412,0,1782361076.977728,0.0021653175354003906
208248,normal,594,0,1782361076.9795167,0.0017888545989990234
208249,normal,3163,1,1782361076.981602,0.0020852088928222656
208250,normal,2539,0,1782361076.983596,0.0019941329956054688
208251,normal,1060,0,1782361076.9857259,0.002129793167114258
208252,normal,2602,0,1782361076.987517,0.001791238784790039
208253,normal,2035,0,1782361076.9896,0.00208282470703125
208254,normal,806,2,1782361076.991723,0.002123117446899414
208255,normal,2135,0,1782361076.9935184,0.0017952919006347656
208256,normal,662,0,1782361076.995613,0.002094745635986328
208257,normal,1308,0,1782361076.997547,0.0019338130950927734
208258,normal,2520,0,1782361076.9995105,0.0019636154174804688
208259,normal,2639,0,1782361077.0015404,0.002029895782470703
208260,normal,2849,0,1782361077.0035434,0.0020029544830322266
208261,normal,460,0,1782361077.005541,0.001997709274291992
208262,normal,446,0,1782361077.007576,0.002034902572631836
208263,normal,1079,0,1782361077.0096378,0.0020618438720703125
208264,normal,650,0,1782361077.0115335,0.0018956661224365234
208265,normal,1510,0,1782361077.0135667,0.002033233642578125
208266,normal,1891,0,1782361077.0155447,0.0019779205322265625
208267,normal,114,0,1782361077.0175025,0.0019578933715820312
208268,normal,2739,0,1782361077.0197399,0.0022373199462890625
208269,normal,162,0,1782361077.021507,0.0017671585083007812
208270,normal,951,2,1782361077.023815,0.002307891845703125
208271,normal,47,0,1782361077.0268114,0.0029964447021484375
208272,normal,1983,0,1782361077.0274925,0.0006811618804931641
208273,normal,1762,0,1782361077.0296042,0.002111673355102539
208274,normal,1101,0,1782361077.031465,0.0018608570098876953
208275,normal,339,0,1782361077.033713,0.002248048782348633
208276,normal,2992,0,1782361077.0354717,0.001758575439453125
208277,normal,150,0,1782361077.0374873,0.0020155906677246094
208278,normal,3323,1,1782361077.0394893,0.0020020008087158203
208279,normal,28,0,1782361077.0414886,0.001999378204345703
208280,normal,2860,0,1782361077.0435746,0.0020859241485595703
208281,normal,3082,1,1782361077.0457168,0.002142190933227539
208282,normal,112,0,1782361077.0475044,0.0017876625061035156
208283,normal,3606,0,1782361077.0498955,0.0023910999298095703
208284,normal,767,0,1782361077.0514684,0.0015728473663330078
208285,normal,1605,0,1782361077.0539892,0.0025207996368408203
208286,normal,12,0,1782361077.055597,0.0016078948974609375
208287,normal,3353,1,1782361077.0579126,0.002315521240234375
208288,normal,1847,0,1782361077.0595932,0.001680612564086914
208289,normal,3158,1,1782361077.0616293,0.0020360946655273438
208290,normal,3251,1,1782361077.063752,0.002122640609741211
208291,normal,682,0,1782361077.065747,0.001995086669921875
208292,normal,1267,0,1782361077.067611,0.0018639564514160156
208293,normal,3278,1,1782361077.0697694,0.0021584033966064453
208294,normal,919,2,1782361077.0716054,0.0018360614776611328
208295,normal,803,2,1782361077.0737777,0.002172231674194336
208296,normal,3172,1,1782361077.0755525,0.0017747879028320312
208297,normal,3457,0,1782361077.0777135,0.0021610260009765625
208298,normal,3142,1,1782361077.0795956,0.0018820762634277344
208299,normal,249,0,1782361077.0817568,0.002161264419555664
208300,normal,1411,0,1782361077.0837376,0.0019807815551757812
208301,normal,1316,0,1782361077.0855489,0.0018112659454345703
208302,normal,549,0,1782361077.0877533,0.002204418182373047
208303,normal,1766,0,1782361077.0897405,0.0019872188568115234
208304,normal,3599,0,1782361077.091546,0.0018055438995361328
208305,normal,1187,0,1782361077.0937493,0.002203226089477539
208306,normal,49,0,1782361077.0957565,0.0020072460174560547
208307,normal,2086,0,1782361077.0975506,0.0017940998077392578
208308,normal,1176,0,1782361077.0997717,0.0022211074829101562
208309,normal,1109,0,1782361077.10174,0.0019681453704833984
208310,normal,859,2,1782361077.1035535,0.001813650131225586
208311,normal,1889,0,1782361077.1057553,0.0022017955780029297
208312,normal,1576,0,1782361077.1077437,0.0019884109497070312
208313,normal,908,2,1782361077.1095974,0.0018537044525146484
208314,normal,2536,0,1782361077.1114802,0.001882791519165039
208315,normal,525,0,1782361077.113524,0.0020437240600585938
208316,normal,523,0,1782361077.1155198,0.0019958019256591797
208317,normal,1968,0,1782361077.1175513,0.002031564712524414
208318,normal,748,0,1782361077.11973,0.002178668975830078
208319,normal,1920,0,1782361077.121503,0.0017731189727783203
208320,normal,1242,0,1782361077.1238182,0.002315044403076172
208321,normal,3213,1,1782361077.1255102,0.001692056655883789
208322,normal,696,0,1782361077.127838,0.0023276805877685547
208323,normal,1677,0,1782361077.1294663,0.0016283988952636719
208324,normal,3670,0,1782361077.1318717,0.002405405044555664
208325,normal,2927,0,1782361077.1334913,0.001619577407836914
208326,normal,1679,0,1782361077.135624,0.0021326541900634766
208327,normal,2946,0,1782361077.1378858,0.0022618770599365234
208328,normal,1710,0,1782361077.1398585,0.001972675323486328
208329,normal,1297,0,1782361077.1415298,0.0016713142395019531
208330,normal,333,0,1782361077.1438966,0.002366781234741211
208331,normal,3185,1,1782361077.1456053,0.0017087459564208984
208332,normal,1814,0,1782361077.147628,0.0020227432250976562
208333,normal,886,2,1782361077.1498544,0.0022263526916503906
208334,normal,1522,0,1782361077.1515362,0.0016818046569824219
208335,normal,2951,0,1782361077.1538575,0.0023212432861328125
208336,normal,2211,0,1782361077.1557322,0.001874685287475586
208337,normal,2889,0,1782361077.1576192,0.0018870830535888672
208338,normal,946,2,1782361077.1595192,0.0018999576568603516
208339,normal,1802,0,1782361077.1618643,0.0023450851440429688
208340,normal,539,0,1782361077.1635273,0.0016629695892333984
208341,normal,572,0,1782361077.1658568,0.002329587936401367
208342,normal,591,0,1782361077.1677315,0.001874685287475586
208343,normal,894,2,1782361077.1695435,0.001811981201171875
208344,normal,1151,0,1782361077.1716616,0.0021181106567382812
208345,normal,3391,1,1782361077.1737134,0.002051830291748047
208346,normal,449,0,1782361077.1755464,0.0018329620361328125
208347,normal,3187,1,1782361077.1778605,0.0023140907287597656
208348,normal,2186,0,1782361077.1797366,0.0018761157989501953
208349,normal,459,0,1782361077.1816103,0.0018737316131591797
208350,normal,2676,0,1782361077.183707,0.0020966529846191406
208351,normal,2519,0,1782361077.185838,0.0021309852600097656
208352,normal,2631,0,1782361077.1875238,0.0016858577728271484
208353,normal,3047,1,1782361077.1897962,0.002272367477416992
208354,normal,2070,0,1782361077.1917365,0.0019402503967285156
208355,normal,3675,0,1782361077.19382,0.0020835399627685547
208356,normal,3280,1,1782361077.1957626,0.0019426345825195312
208357,normal,1551,0,1782361077.197639,0.0018763542175292969
208358,normal,3678,0,1782361077.1996372,0.0019981861114501953
208359,normal,3183,1,1782361077.2016215,0.0019843578338623047
208360,normal,601,0,1782361077.203845,0.002223491668701172
208361,normal,1203,0,1782361077.2055585,0.0017135143280029297
208362,normal,1381,1,1782361077.2078073,0.0022487640380859375
208363,normal,3575,0,1782361077.209524,0.00171661376953125
208364,normal,2341,0,1782361077.2119176,0.0023937225341796875
208365,normal,3604,0,1782361077.2136097,0.001692056655883789
208366,normal,2856,0,1782361077.215557,0.0019474029541015625
208367,normal,52,0,1782361077.2177014,0.002144336700439453
208368,normal,2404,0,1782361077.2195456,0.001844167709350586
208369,normal,783,2,1782361077.221694,0.0021483898162841797
208370,normal,2373,0,1782361077.223624,0.0019299983978271484
208371,normal,2841,0,1782361077.225764,0.002140045166015625
208372,normal,2277,0,1782361077.2276375,0.0018734931945800781
208373,normal,2530,0,1782361077.2295496,0.0019121170043945312
208374,normal,1473,0,1782361077.2316394,0.0020897388458251953
208375,normal,64,0,1782361077.233856,0.0022165775299072266
208376,normal,3307,1,1782361077.2355225,0.0016665458679199219
208377,normal,2160,0,1782361077.2377503,0.002227783203125
208378,normal,2814,0,1782361077.2394876,0.001737356185913086
208379,normal,731,0,1782361077.2416434,0.002155780792236328
208380,normal,1967,0,1782361077.2434857,0.0018422603607177734
208381,normal,1438,0,1782361077.2456017,0.002115964889526367
208382,normal,2007,0,1782361077.2475123,0.0019106864929199219
208383,normal,781,2,1782361077.2495265,0.00201416015625
208384,normal,693,0,1782361077.2515728,0.002046346664428711
208385,normal,1415,0,1782361077.2537346,0.002161741256713867
208386,normal,2282,0,1782361077.2555091,0.0017745494842529297
208387,normal,2886,0,1782361077.257732,0.002222776412963867
208388,normal,1500,0,1782361077.2595217,0.0017898082733154297
208389,normal,506,0,1782361077.261794,0.002272367477416992
208390,normal,1361,1,1782361077.2635145,0.001720428466796875
208391,normal,1138,0,1782361077.2657998,0.0022852420806884766
208392,normal,2971,0,1782361077.267595,0.0017952919006347656
208393,normal,3419,0,1782361077.2695403,0.0019452571868896484
208394,normal,2338,0,1782361077.2715735,0.002033233642578125
208395,normal,1554,0,1782361077.2735431,0.001969575881958008
208396,normal,2529,0,1782361077.2755713,0.002028226852416992
208397,normal,2757,0,1782361077.277571,0.0019996166229248047
208398,normal,2215,0,1782361077.2796042,0.002033233642578125
208399,normal,2776,0,1782361077.2815466,0.0019423961639404297
208400,normal,1937,0,1782361077.2836072,0.0020606517791748047
208401,normal,1852,0,1782361077.2855418,0.0019345283508300781
208402,normal,282,0,1782361077.2875724,0.002030611038208008
208403,normal,1599,0,1782361077.2895732,0.0020008087158203125
208404,normal,1956,0,1782361077.2915423,0.0019690990447998047
208405,normal,2195,0,1782361077.293571,0.0020287036895751953
208406,normal,129,0,1782361077.2955706,0.0019996166229248047
208407,normal,346,0,1782361077.2975695,0.0019989013671875
208408,normal,209,0,1782361077.29957,0.002000570297241211
208409,normal,3492,0,1782361077.301571,0.0020008087158203125
208410,normal,199,0,1782361077.3035705,0.0019996166229248047
208411,normal,3117,1,1782361077.3055413,0.0019707679748535156
208412,normal,2009,0,1782361077.3075948,0.002053499221801758
208413,normal,2499,0,1782361077.3095696,0.001974821090698242
208414,normal,3572,0,1782361077.3115396,0.001970052719116211
208415,normal,561,0,1782361077.3136046,0.002064943313598633
208416,normal,310,0,1782361077.315542,0.0019373893737792969
208417,normal,855,2,1782361077.3175716,0.0020296573638916016
208418,normal,3184,1,1782361077.3195918,0.002020120620727539
208419,normal,2074,0,1782361077.3215463,0.0019545555114746094
208420,normal,2858,0,1782361077.3235707,0.002024412155151367
208421,normal,242,0,1782361077.3255758,0.0020051002502441406
208422,normal,14,0,1782361077.327571,0.001995086669921875
208423,normal,2433,0,1782361077.3295703,0.001999378204345703
208424,normal,3212,1,1782361077.3315697,0.001999378204345703
208425,normal,1821,0,1782361077.33357,0.0020003318786621094
208426,normal,1559,0,1782361077.3355703,0.0020003318786621094
208427,normal,2063,0,1782361077.3375707,0.0020003318786621094
208428,normal,3121,1,1782361077.3395698,0.0019991397857666016
208429,normal,2510,0,1782361077.3415422,0.0019724369049072266
208430,normal,2977,0,1782361077.3435712,0.002028942108154297
208431,normal,1609,0,1782361077.345577,0.0020058155059814453
208432,normal,479,0,1782361077.347541,0.001964092254638672
208433,normal,3333,1,1782361077.349781,0.0022399425506591797
208434,normal,810,2,1782361077.3516214,0.001840353012084961
208435,normal,3477,0,1782361077.353533,0.0019116401672363281
208436,normal,275,0,1782361077.355539,0.002006053924560547
208437,normal,2801,0,1782361077.3575718,0.002032756805419922
208438,normal,470,0,1782361077.3597593,0.002187490463256836
208439,normal,90,0,1782361077.3615925,0.001833200454711914
208440,normal,1217,0,1782361077.3637156,0.002123117446899414
208441,normal,3408,0,1782361077.365796,0.0020804405212402344
208442,normal,1320,1,1782361077.3676074,0.0018112659454345703
208443,normal,689,0,1782361077.3697252,0.0021178722381591797
208444,normal,905,2,1782361077.3717158,0.0019905567169189453
208445,normal,3042,0,1782361077.373603,0.0018873214721679688
208446,normal,3486,0,1782361077.3757575,0.0021543502807617188
208447,normal,1620,0,1782361077.3777182,0.00196075439453125
208448,normal,2356,0,1782361077.3796072,0.0018889904022216797
208449,normal,715,0,1782361077.3817563,0.0021491050720214844
208450,normal,726,0,1782361077.383722,0.001965761184692383
208451,normal,1020,2,1782361077.385608,0.0018858909606933594
208452,normal,3559,0,1782361077.3877594,0.0021514892578125
208453,normal,1096,0,1782361077.3897135,0.0019540786743164062
208454,normal,2364,0,1782361077.3916106,0.0018970966339111328
208455,normal,2437,0,1782361077.3937182,0.0021076202392578125
208456,normal,1219,0,1782361077.3957188,0.002000570297241211
208457,normal,567,0,1782361077.3976068,0.0018880367279052734
208458,normal,3220,1,1782361077.3997169,0.002110004425048828
208459,normal,3062,1,1782361077.401721,0.0020041465759277344
208460,normal,3481,0,1782361077.4036052,0.0018842220306396484
208461,normal,3631,0,1782361077.4057214,0.0021162033081054688
208462,normal,3639,0,1782361077.4077132,0.001991748809814453
208463,normal,1685,0,1782361077.4096062,0.0018930435180664062
208464,normal,3297,1,1782361077.4117346,0.0021283626556396484
208465,normal,2055,0,1782361077.413755,0.0020203590393066406
208466,normal,404,0,1782361077.4155996,0.001844644546508789
208467,normal,287,0,1782361077.4177146,0.002115011215209961
208468,normal,1952,0,1782361077.4197128,0.0019981861114501953
208469,normal,1029,2,1782361077.4215918,0.001878976821899414
208470,normal,1690,0,1782361077.4237444,0.002152681350708008
208471,normal,328,0,1782361077.4256964,0.0019519329071044922
208472,normal,394,0,1782361077.427575,0.0018787384033203125
208473,normal,2114,0,1782361077.4297318,0.0021567344665527344
208474,normal,2088,0,1782361077.4317708,0.0020389556884765625
208475,normal,1445,0,1782361077.433575,0.0018041133880615234
208476,normal,1950,0,1782361077.4357243,0.002149343490600586
208477,normal,3150,1,1782361077.437692,0.0019676685333251953
208478,normal,2050,0,1782361077.4395769,0.0018849372863769531
208479,normal,2830,0,1782361077.4417286,0.0021517276763916016
208480,normal,2705,0,1782361077.4436905,0.001961946487426758
208481,normal,396,0,1782361077.445597,0.0019063949584960938
208482,normal,793,2,1782361077.4477296,0.0021326541900634766
208483,normal,1146,0,1782361077.4496992,0.001969575881958008
208484,normal,512,0,1782361077.451576,0.0018768310546875
208485,normal,2498,0,1782361077.453748,0.0021719932556152344
208486,normal,1649,0,1782361077.4557018,0.0019538402557373047
208487,normal,1327,1,1782361077.4575768,0.0018749237060546875
208488,normal,2316,0,1782361077.459733,0.0021562576293945312
208489,normal,1352,1,1782361077.4616983,0.0019652843475341797
208490,normal,2626,0,1782361077.4635944,0.0018961429595947266
208491,normal,1000,2,1782361077.4657326,0.0021381378173828125
208492,normal,1774,0,1782361077.4676592,0.0019266605377197266
208493,normal,471,0,1782361077.4695761,0.0019168853759765625
208494,normal,1878,0,1782361077.471735,0.0021588802337646484
208495,normal,2332,0,1782361077.4736557,0.0019207000732421875
208496,normal,3583,0,1782361077.4755447,0.0018889904022216797
208497,normal,367,0,1782361077.4777253,0.0021805763244628906
208498,normal,3024,0,1782361077.4796565,0.0019311904907226562
208499,normal,559,0,1782361077.4815738,0.0019173622131347656
208500,normal,1781,0,1782361077.48375,0.0021762847900390625
208501,normal,2702,0,1782361077.4867358,0.002985715866088867
208502,normal,2609,0,1782361077.4875336,0.0007977485656738281
208503,normal,830,2,1782361077.4897377,0.0022041797637939453
208504,normal,2675,0,1782361077.4917107,0.0019729137420654297
208505,normal,2167,0,1782361077.493578,0.0018672943115234375
208506,normal,3605,0,1782361077.4955645,0.0019865036010742188
208507,normal,3352,1,1782361077.4975917,0.002027273178100586
208508,normal,1630,0,1782361077.4997408,0.0021491050720214844
208509,normal,1027,2,1782361077.501551,0.0018100738525390625
208510,normal,251,0,1782361077.503731,0.0021800994873046875
208511,normal,1456,0,1782361077.5055406,0.0018095970153808594
208512,normal,3299,1,1782361077.5077384,0.002197742462158203
208513,normal,2629,0,1782361077.5096939,0.0019555091857910156
208514,normal,2542,0,1782361077.5115736,0.0018796920776367188
208515,normal,138,0,1782361077.513745,0.0021715164184570312
208516,normal,2337,0,1782361077.5157206,0.001975536346435547
208517,normal,584,0,1782361077.517578,0.0018572807312011719
208518,normal,2034,0,1782361077.5197258,0.0021479129791259766
208519,normal,2885,0,1782361077.5216985,0.001972675323486328
208520,normal,2687,0,1782361077.5235748,0.0018763542175292969
208521,normal,2578,0,1782361077.525727,0.0021522045135498047
208522,normal,890,2,1782361077.5277364,0.0020093917846679688
208523,normal,2145,0,1782361077.5296116,0.001875162124633789
208524,normal,181,0,1782361077.5317297,0.0021181106567382812
208525,normal,341,0,1782361077.533689,0.0019593238830566406
208526,normal,2107,0,1782361077.5355759,0.0018868446350097656
208527,normal,1743,0,1782361077.5377347,0.0021588802337646484
208528,normal,146,0,1782361077.5395405,0.0018057823181152344
208529,normal,3048,1,1782361077.5417223,0.0021817684173583984
208530,normal,1194,0,1782361077.5436857,0.001963376998901367
208531,normal,262,0,1782361077.5457497,0.0020639896392822266
208532,normal,1552,0,1782361077.5475767,0.0018270015716552734
208533,normal,3591,0,1782361077.5497358,0.00215911865234375
208534,normal,2053,0,1782361077.5516522,0.0019164085388183594
208535,normal,2165,0,1782361077.5535913,0.0019390583038330078
208536,normal,495,0,1782361077.5557234,0.0021321773529052734
208537,normal,3301,1,1782361077.5577545,0.002031087875366211
208538,normal,3156,1,1782361077.5595782,0.0018236637115478516
208539,normal,934,2,1782361077.561726,0.0021479129791259766
208540,normal,1811,0,1782361077.5636468,0.0019207000732421875
208541,normal,2271,0,1782361077.5655777,0.0019309520721435547
208542,normal,1688,0,1782361077.5677247,0.0021469593048095703
208543,normal,3687,0,1782361077.5697217,0.0019969940185546875
208544,normal,3209,1,1782361077.5715764,0.0018546581268310547
208545,normal,516,0,1782361077.5737128,0.0021364688873291016
208546,normal,2988,0,1782361077.575542,0.0018291473388671875
208547,normal,3223,1,1782361077.5777297,0.0021877288818359375
208548,normal,2005,0,1782361077.5795481,0.0018184185028076172
208549,normal,3607,0,1782361077.581737,0.0021889209747314453
208550,normal,217,0,1782361077.5835414,0.001804351806640625
208551,normal,1075,0,1782361077.5857325,0.0021910667419433594
208552,normal,2130,0,1782361077.587634,0.0019016265869140625
208553,normal,948,2,1782361077.5895767,0.0019426345825195312
208554,normal,60,0,1782361077.5917225,0.0021457672119140625
208555,normal,2896,0,1782361077.5937715,0.002048969268798828
208556,normal,2453,0,1782361077.5955749,0.0018033981323242188
208557,normal,463,0,1782361077.5977342,0.0021593570709228516
208558,normal,1718,0,1782361077.5996928,0.001958608627319336
208559,normal,1444,0,1782361077.601597,0.0019042491912841797
208560,normal,3255,1,1782361077.6037333,0.00213623046875
208561,normal,638,0,1782361077.6057343,0.002001047134399414
208562,normal,1359,1,1782361077.6075776,0.0018432140350341797
208563,normal,1458,0,1782361077.6097353,0.0021576881408691406
208564,normal,3055,1,1782361077.611655,0.0019197463989257812
208565,normal,2825,0,1782361077.6136296,0.0019745826721191406
208566,normal,1285,0,1782361077.615637,0.0020074844360351562
208567,normal,1721,0,1782361077.6177082,0.0020711421966552734
208568,normal,3293,1,1782361077.6195896,0.0018813610076904297
208569,normal,2882,0,1782361077.621731,0.0021414756774902344
208570,normal,2549,0,1782361077.6236396,0.0019085407257080078
208571,normal,3329,1,1782361077.6256247,0.0019850730895996094
208572,normal,3708,0,1782361077.627605,0.001980304718017578
208573,normal,3512,0,1782361077.6295717,0.001966714859008789
208574,normal,1855,0,1782361077.631554,0.0019822120666503906
208575,normal,2576,0,1782361077.6336317,0.002077817916870117
208576,normal,1226,0,1782361077.6355245,0.0018928050994873047
208577,normal,629,0,1782361077.637566,0.0020415782928466797
208578,normal,3279,1,1782361077.6395502,0.001984119415283203
208579,normal,642,0,1782361077.641695,0.0021448135375976562
208580,normal,3536,0,1782361077.6435351,0.0018401145935058594
208581,normal,2621,0,1782361077.6455693,0.0020341873168945312
208582,normal,3479,0,1782361077.6476355,0.0020661354064941406
208583,normal,3269,1,1782361077.6495748,0.0019392967224121094
208584,normal,2274,0,1782361077.6517293,0.0021545886993408203
208585,normal,2563,0,1782361077.6537569,0.0020275115966796875
208586,normal,837,2,1782361077.6556284,0.0018715858459472656
208587,normal,2132,0,1782361077.6577423,0.002113819122314453
208588,normal,3617,0,1782361077.659647,0.0019047260284423828
208589,normal,1047,0,1782361077.661576,0.0019290447235107422
208590,normal,1159,0,1782361077.6637254,0.002149343490600586
208591,normal,996,2,1782361077.6656897,0.0019643306732177734
208592,normal,1829,0,1782361077.6675758,0.001886129379272461
208593,normal,733,0,1782361077.669736,0.0021600723266601562
208594,normal,2719,0,1782361077.671705,0.0019690990447998047
208595,normal,238,0,1782361077.6735754,0.0018703937530517578
208596,normal,1454,0,1782361077.6757271,0.0021517276763916016
208597,normal,3129,1,1782361077.6777027,0.001975536346435547
208598,normal,758,0,1782361077.679577,0.0018744468688964844
208599,normal,1472,0,1782361077.6817303,0.002153158187866211
208600,normal,89,0,1782361077.6836572,0.0019268989562988281
208601,normal,3666,0,1782361077.6855755,0.0019183158874511719
208602,normal,884,2,1782361077.6877692,0.0021936893463134766
208603,normal,917,2,1782361077.6896365,0.0018672943115234375
208604,normal,824,2,1782361077.6915743,0.0019378662109375
208605,normal,478,0,1782361077.6937337,0.0021593570709228516
208606,normal,1825,0,1782361077.6956503,0.001916646957397461
208607,normal,2715,0,1782361077.697592,0.001941680908203125
208608,normal,233,0,1782361077.6997473,0.002155303955078125
208609,normal,2006,0,1782361077.7017088,0.0019614696502685547
208610,normal,2117,0,1782361077.7035742,0.001865386962890625
208611,normal,2781,0,1782361077.705731,0.0021567344665527344
208612,normal,2481,0,1782361077.7077236,0.0019927024841308594
208613,normal,2588,0,1782361077.7096145,0.0018908977508544922
208614,normal,2011,0,1782361077.7117302,0.0021157264709472656
208615,normal,2372,0,1782361077.7137017,0.0019714832305908203
208616,normal,2541,0,1782361077.7155728,0.0018711090087890625
208617,normal,2560,0,1782361077.7177255,0.002152681350708008
208618,normal,2989,0,1782361077.7196558,0.00193023681640625
208619,normal,586,0,1782361077.721591,0.0019352436065673828
208620,normal,3560,0,1782361077.7237265,0.0021355152130126953
208621,normal,1858,0,1782361077.725695,0.0019683837890625
208622,normal,2222,0,1782361077.7275748,0.0018799304962158203
208623,normal,2831,0,1782361077.729727,0.0021522045135498047
208624,normal,3365,1,1782361077.731658,0.0019309520721435547
208625,normal,2137,0,1782361077.7336028,0.0019447803497314453
208626,normal,2260,0,1782361077.7357447,0.0021419525146484375
208627,normal,692,0,1782361077.7376392,0.0018944740295410156
208628,normal,1987,0,1782361077.7395408,0.0019016265869140625
208629,normal,3593,0,1782361077.7417345,0.0021936893463134766
208630,normal,2842,0,1782361077.7437203,0.001985788345336914
208631,normal,2369,0,1782361077.7455938,0.0018734931945800781
208632,normal,2193,0,1782361077.747744,0.002150297164916992
208633,normal,2974,0,1782361077.7496378,0.001893758773803711
208634,normal,3041,0,1782361077.751576,0.0019381046295166016
208635,normal,1884,0,1782361077.753748,0.0021719932556152344
208636,normal,1729,0,1782361077.7557194,0.0019714832305908203
208637,normal,571,0,1782361077.7575758,0.0018563270568847656
208638,normal,1753,0,1782361077.7597373,0.0021615028381347656
208639,normal,3694,0,1782361077.7616975,0.001960277557373047
208640,normal,2397,0,1782361077.7635407,0.0018432140350341797
208641,normal,2326,0,1782361077.7657287,0.002187967300415039
208642,normal,1207,0,1782361077.7677214,0.0019927024841308594
208643,normal,497,0,1782361077.7695765,0.0018551349639892578
208644,normal,1095,0,1782361077.7717378,0.002161264419555664
208645,normal,1511,0,1782361077.7736995,0.0019617080688476562
208646,normal,2339,0,1782361077.775548,0.001848459243774414
208647,normal,1492,0,1782361077.7777293,0.0021812915802001953
208648,normal,1798,0,1782361077.7797282,0.0019989013671875
208649,normal,165,0,1782361077.7815742,0.0018460750579833984
208650,normal,1932,0,1782361077.783729,0.002154827117919922
208651,normal,2672,0,1782361077.785697,0.001967906951904297
208652,normal,2585,0,1782361077.787614,0.001917123794555664
208653,normal,2381,0,1782361077.789734,0.002119779586791992
208654,normal,3074,1,1782361077.7917483,0.0020143985748291016
208655,normal,1934,0,1782361077.793577,0.0018286705017089844
208656,normal,3304,1,1782361077.7957351,0.0021581649780273438
208657,normal,2914,0,1782361077.7977026,0.0019674301147460938
208658,normal,3569,0,1782361077.7995756,0.001873016357421875
208659,normal,3669,0,1782361077.8016446,0.0020689964294433594
208660,normal,2986,0,1782361077.803763,0.002118349075317383
208661,normal,647,0,1782361077.805595,0.0018320083618164062
208662,normal,2108,0,1782361077.8077378,0.0021429061889648438
208663,normal,2380,0,1782361077.8096955,0.0019576549530029297
208664,normal,2680,0,1782361077.8115757,0.0018801689147949219
208665,normal,3510,0,1782361077.8137684,0.0021927356719970703
208666,normal,1521,0,1782361077.8157616,0.0019931793212890625
208667,normal,3020,0,1782361077.8175929,0.0018312931060791016
208668,normal,2775,0,1782361077.8197358,0.0021429061889648438
208669,normal,832,2,1782361077.8217664,0.002030611038208008
208670,normal,1421,0,1782361077.823575,0.0018086433410644531
208671,normal,2314,0,1782361077.825739,0.0021638870239257812
208672,normal,2833,0,1782361077.827699,0.0019600391387939453
208673,normal,702,0,1782361077.8295932,0.001894235610961914
208674,normal,3493,0,1782361077.8317235,0.002130270004272461
208675,normal,1431,0,1782361077.833766,0.002042531967163086
208676,normal,1498,0,1782361077.8355935,0.0018274784088134766
208677,normal,3337,1,1782361077.8377352,0.002141714096069336
208678,normal,2546,0,1782361077.8396375,0.0019023418426513672
208679,normal,574,0,1782361077.8415763,0.0019388198852539062
208680,normal,3686,0,1782361077.8437316,0.002155303955078125
208681,normal,2084,0,1782361077.8457704,0.002038717269897461
208682,normal,852,2,1782361077.8475764,0.001806020736694336
208683,normal,3628,0,1782361077.849732,0.0021555423736572266
208684,normal,1286,0,1782361077.8516953,0.001963376998901367
208685,normal,3399,1,1782361077.8535955,0.0019001960754394531
208686,normal,2785,0,1782361077.855742,0.002146482467651367
208687,normal,1214,0,1782361077.8577907,0.0020487308502197266
208688,normal,1168,0,1782361077.8595746,0.0017838478088378906
208689,normal,3071,1,1782361077.8617437,0.0021691322326660156
208690,normal,1100,0,1782361077.86364,0.0018963813781738281
208691,normal,818,2,1782361077.865576,0.0019359588623046875
208692,normal,3326,1,1782361077.8677402,0.002164125442504883
208693,normal,1364,1,1782361077.8697505,0.002010345458984375
208694,normal,2777,0,1782361077.8715742,0.0018236637115478516
208695,normal,177,0,1782361077.8737354,0.002161264419555664
208696,normal,952,2,1782361077.8756878,0.0019524097442626953
208697,normal,2939,0,1782361077.877576,0.001888275146484375
208698,normal,445,0,1782361077.8797383,0.0021622180938720703
208699,normal,3500,0,1782361077.881762,0.0020236968994140625
208700,normal,1896,0,1782361077.8835745,0.0018124580383300781
208701,normal,144,0,1782361077.8857403,0.0021657943725585938
208702,normal,3590,0,1782361077.887655,0.0019147396087646484
208703,normal,1857,0,1782361077.8895755,0.001920461654663086
208704,normal,848,2,1782361077.8917742,0.0021986961364746094
208705,normal,1481,0,1782361077.8937457,0.0019714832305908203
208706,normal,1229,0,1782361077.8955777,0.0018320083618164062
208707,normal,1465,0,1782361077.8977273,0.0021495819091796875
208708,normal,1928,0,1782361077.8996449,0.0019176006317138672
208709,normal,2734,0,1782361077.9015768,0.001931905746459961
208710,normal,3169,1,1782361077.903738,0.002161264419555664
208711,normal,2490,0,1782361077.9057412,0.002003192901611328
208712,normal,2684,0,1782361077.9075775,0.0018362998962402344
208713,normal,309,0,1782361077.9097228,0.0021452903747558594
208714,normal,3483,0,1782361077.911698,0.0019752979278564453
208715,normal,833,2,1782361077.913592,0.0018939971923828125
208716,normal,2346,0,1782361077.9157355,0.002143383026123047
208717,normal,1273,0,1782361077.9176521,0.001916646957397461
208718,normal,1902,0,1782361077.9195764,0.001924276351928711
208719,normal,911,2,1782361077.9217343,0.002157926559448242
208720,normal,385,0,1782361077.9236495,0.0019152164459228516
208721,normal,2092,0,1782361077.9255767,0.0019271373748779297
208722,normal,644,0,1782361077.9277394,0.0021626949310302734
208723,normal,206,0,1782361077.9296496,0.0019102096557617188
208724,normal,1656,0,1782361077.931593,0.001943349838256836
208725,normal,3030,0,1782361077.9337373,0.002144336700439453
208726,normal,2288,0,1782361077.935659,0.0019216537475585938
208727,normal,1639,0,1782361077.9375765,0.0019176006317138672
208728,normal,617,0,1782361077.9397345,0.002157926559448242
208729,normal,432,0,1782361077.94165,0.0019154548645019531
208730,normal,3635,0,1782361077.943577,0.0019271373748779297
208731,normal,1141,0,1782361077.9457355,0.0021584033966064453
208732,normal,3624,0,1782361077.947658,0.001922607421875
208733,normal,3436,0,1782361077.949595,0.0019369125366210938
208734,normal,1003,2,1782361077.951739,0.0021440982818603516
208735,normal,2504,0,1782361077.9536545,0.0019154548645019531
208736,normal,1210,0,1782361077.9555962,0.001941680908203125
208737,normal,3132,1,1782361077.9577448,0.0021486282348632812
208738,normal,1005,2,1782361077.9596984,0.001953601837158203
208739,normal,2524,0,1782361077.9615772,0.0018787384033203125
208740,normal,2213,0,1782361077.9637651,0.002187967300415039
208741,normal,3689,0,1782361077.9657104,0.0019452571868896484
208742,normal,717,0,1782361077.9675782,0.0018677711486816406
208743,normal,3328,1,1782361077.9697464,0.0021681785583496094
208744,normal,1004,2,1782361077.9716997,0.0019533634185791016
208745,normal,1335,1,1782361077.973578,0.0018782615661621094
208746,normal,422,0,1782361077.9757407,0.0021626949310302734
208747,normal,1661,0,1782361077.9777098,0.0019690990447998047
208748,normal,797,2,1782361077.9795747,0.0018649101257324219
208749,normal,2228,0,1782361077.9817429,0.0021681785583496094
208750,normal,3609,0,1782361077.9837003,0.001957416534423828
208751,normal,3086,1,1782361077.9855762,0.0018758773803710938
208752,normal,2357,0,1782361077.9877355,0.0021593570709228516
208753,normal,1012,2,1782361077.9896996,0.001964092254638672
208754,normal,70,0,1782361077.9915414,0.0018417835235595703
208755,normal,898,2,1782361077.9937365,0.002195119857788086
208756,normal,1222,0,1782361077.9957285,0.0019919872283935547
208757,normal,2430,0,1782361077.9975905,0.0018620491027832031
208758,normal,1739,0,1782361077.9997377,0.002147197723388672
208759,normal,3053,1,1782361078.0016925,0.001954793930053711
208760,normal,1980,0,1782361078.0035443,0.001851797103881836
208761,normal,383,0,1782361078.0057397,0.0021953582763671875
208762,normal,207,0,1782361078.007722,0.0019822120666503906
208763,normal,2272,0,1782361078.0095932,0.001871347427368164
208764,normal,892,2,1782361078.0117354,0.002142190933227539
208765,normal,2692,0,1782361078.0137262,0.001990795135498047
208766,normal,195,0,1782361078.0155418,0.0018155574798583984
208767,normal,2017,0,1782361078.0177433,0.002201557159423828
208768,normal,1495,0,1782361078.019698,0.0019545555114746094
208769,normal,2983,0,1782361078.021543,0.0018451213836669922
208770,normal,2268,0,1782361078.0237372,0.0021941661834716797
208771,normal,312,0,1782361078.0257552,0.002017974853515625
208772,normal,2292,0,1782361078.0275755,0.0018203258514404297
208773,normal,2754,0,1782361078.0297363,0.002160787582397461
208774,normal,648,0,1782361078.0316384,0.0019021034240722656
208775,normal,447,0,1782361078.0335765,0.0019381046295166016
208776,normal,1652,0,1782361078.0357547,0.002178192138671875
208777,normal,2269,0,1782361078.037596,0.0018413066864013672
208778,normal,2069,0,1782361078.0397294,0.0021333694458007812
208779,normal,1566,0,1782361078.0415468,0.001817464828491211
208780,normal,2700,0,1782361078.0437932,0.002246379852294922
208781,normal,1304,0,1782361078.0455387,0.001745462417602539
208782,normal,3182,1,1782361078.0477495,0.002210855484008789
208783,normal,1056,0,1782361078.0497499,0.0020003318786621094
208784,normal,3385,1,1782361078.0515766,0.0018267631530761719
208785,normal,2020,0,1782361078.0537314,0.002154827117919922
208786,normal,3386,1,1782361078.0556314,0.0018999576568603516
208787,normal,240,0,1782361078.0575721,0.0019407272338867188
208788,normal,3406,0,1782361078.059743,0.0021708011627197266
208789,normal,2720,0,1782361078.0617568,0.0020139217376708984
208790,normal,3667,0,1782361078.0635724,0.0018155574798583984
208791,normal,1310,0,1782361078.0655944,0.0020220279693603516
208792,normal,3415,0,1782361078.0677698,0.0021753311157226562
208793,normal,2158,0,1782361078.0695715,0.0018017292022705078
208794,normal,646,0,1782361078.0717459,0.00217437744140625
208795,normal,2227,0,1782361078.0737631,0.0020172595977783203
208796,normal,2177,0,1782361078.075595,0.0018317699432373047
208797,normal,614,0,1782361078.0777423,0.0021474361419677734
208798,normal,966,2,1782361078.0796902,0.0019478797912597656
208799,normal,17,0,1782361078.0815737,0.0018835067749023438
208800,normal,1680,0,1782361078.0837507,0.002177000045776367
208801,normal,582,0,1782361078.0857716,0.0020208358764648438
208802,normal,3375,1,1782361078.087578,0.001806497573852539
208803,normal,520,0,1782361078.0898392,0.0022611618041992188
208804,normal,2245,0,1782361078.091645,0.0018057823181152344
208805,normal,1722,0,1782361078.0935755,0.0019304752349853516
208806,normal,939,2,1782361078.0957336,0.0021581649780273438
208807,normal,3214,1,1782361078.0977435,0.002009868621826172
208808,normal,3472,0,1782361078.0995724,0.001828908920288086
208809,normal,2221,0,1782361078.1017373,0.0021648406982421875
208810,normal,2058,0,1782361078.1037354,0.0019981861114501953
208811,normal,809,2,1782361078.1055684,0.0018329620361328125
208812,normal,3404,0,1782361078.1077378,0.002169370651245117
208813,normal,2736,0,1782361078.10975,0.0020122528076171875
208814,normal,885,2,1782361078.1115727,0.0018227100372314453
208815,normal,1264,0,1782361078.113739,0.002166271209716797
208816,normal,3253,1,1782361078.1156282,0.0018892288208007812
208817,normal,2583,0,1782361078.1175392,0.0019109249114990234
208818,normal,1002,2,1782361078.1197367,0.0021975040435791016
208819,normal,1867,0,1782361078.1217487,0.002012014389038086
208820,normal,3186,1,1782361078.1235716,0.0018229484558105469
208821,normal,2900,0,1782361078.1257484,0.0021767616271972656
208822,normal,1345,1,1782361078.1276848,0.0019364356994628906
208823,normal,2362,0,1782361078.1295714,0.001886606216430664
208824,normal,335,0,1782361078.131742,0.002170562744140625
208825,normal,851,2,1782361078.1337442,0.002002239227294922
208826,normal,666,0,1782361078.1356125,0.0018682479858398438
208827,normal,3580,0,1782361078.1377409,0.0021283626556396484
208828,normal,2220,0,1782361078.1396887,0.0019478797912597656
208829,normal,1788,0,1782361078.1415708,0.0018820762634277344
208830,normal,2571,0,1782361078.1437252,0.0021543502807617188
208831,normal,2920,0,1782361078.1456494,0.001924276351928711
208832,normal,2154,0,1782361078.14757,0.001920461654663086
208833,normal,3161,1,1782361078.1497293,0.0021593570709228516
208834,normal,1641,0,1782361078.1516845,0.001955270767211914
208835,normal,2567,0,1782361078.15357,0.0018854141235351562
208836,normal,2440,0,1782361078.1557186,0.0021486282348632812
208837,normal,1526,0,1782361078.1576488,0.00193023681640625
208838,normal,145,0,1782361078.1595695,0.0019207000732421875
208839,normal,2806,0,1782361078.1617362,0.002166748046875
208840,normal,684,0,1782361078.1636844,0.0019481182098388672
208841,normal,685,0,1782361078.1655757,0.0018913745880126953
208842,normal,1591,0,1782361078.1677299,0.002154111862182617
208843,normal,3438,0,1782361078.1696978,0.001967906951904297
208844,normal,1978,0,1782361078.1715715,0.0018737316131591797
208845,normal,2478,0,1782361078.173729,0.002157449722290039
208846,normal,2717,0,1782361078.175686,0.001956939697265625
208847,normal,1726,0,1782361078.1775718,0.0018858909606933594
208848,normal,183,0,1782361078.18,0.002428293228149414
208849,normal,2010,0,1782361078.18177,0.00177001953125
208850,normal,2994,0,1782361078.1838932,0.002123117446899414
208851,normal,1528,0,1782361078.187049,0.0031557083129882812
208852,normal,3059,1,1782361078.187554,0.0005049705505371094
208853,normal,882,2,1782361078.1897151,0.002161264419555664
208854,normal,3006,0,1782361078.1915436,0.0018284320831298828
208855,normal,3362,1,1782361078.1935654,0.00202178955078125
208856,normal,2884,0,1782361078.195626,0.0020606517791748047
208857,normal,2799,0,1782361078.1976788,0.002052783966064453
208858,normal,1038,0,1782361078.199678,0.0019991397857666016
208859,normal,2537,0,1782361078.201684,0.002006053924560547
208860,normal,822,2,1782361078.2039585,0.0022745132446289062
208861,normal,2925,0,1782361078.2058299,0.001871347427368164
208862,normal,835,2,1782361078.2077575,0.0019276142120361328
208863,normal,1558,0,1782361078.2097795,0.0020220279693603516
208864,normal,2662,0,1782361078.2116754,0.001895904541015625
208865,normal,1807,0,1782361078.21389,0.002214670181274414
208866,normal,1906,0,1782361078.2156456,0.0017554759979248047
208867,normal,718,0,1782361078.2177064,0.0020608901977539062
208868,normal,1059,0,1782361078.2196026,0.0018961429595947266
208869,normal,2026,0,1782361078.2217185,0.002115964889526367
208870,normal,875,2,1782361078.223724,0.002005338668823242
208871,normal,2025,0,1782361078.2255373,0.0018134117126464844
208872,normal,2738,0,1782361078.2277048,0.0021674633026123047
208873,normal,2115,0,1782361078.2297187,0.0020139217376708984
208874,normal,2229,0,1782361078.2315545,0.0018358230590820312
208875,normal,2273,0,1782361078.2337093,0.002154827117919922
208876,normal,1409,0,1782361078.2358155,0.002106189727783203
208877,normal,3272,1,1782361078.2375398,0.0017242431640625
208878,normal,3243,1,1782361078.2397082,0.002168416976928711
208879,normal,3509,0,1782361078.241558,0.0018498897552490234
208880,normal,3077,1,1782361078.2439234,0.0023653507232666016
208881,normal,135,0,1782361078.2455754,0.0016520023345947266
208882,normal,1260,0,1782361078.2475936,0.0020182132720947266
208883,normal,639,0,1782361078.249758,0.0021643638610839844
208884,normal,2970,0,1782361078.25191,0.002151966094970703
208885,normal,2495,0,1782361078.253601,0.0016911029815673828
208886,normal,891,2,1782361078.2563643,0.0027632713317871094
208887,normal,2297,0,1782361078.2576737,0.0013093948364257812
208888,normal,347,0,1782361078.2597597,0.0020859241485595703
208889,normal,2975,0,1782361078.2617953,0.0020356178283691406
208890,normal,203,0,1782361078.2636738,0.001878499984741211
208891,normal,2869,0,1782361078.2657988,0.0021250247955322266
208892,normal,2995,0,1782361078.2677684,0.001969575881958008
208893,normal,2071,0,1782361078.269736,0.0019676685333251953
208894,normal,2750,0,1782361078.2718854,0.002149343490600586
208895,normal,524,0,1782361078.2735522,0.0016667842864990234
208896,normal,1491,0,1782361078.2757592,0.002207040786743164
208897,normal,1865,0,1782361078.277638,0.0018787384033203125
208898,normal,1654,0,1782361078.2797627,0.002124786376953125
208899,normal,1478,0,1782361078.2816355,0.0018727779388427734
208900,normal,3389,1,1782361078.2837632,0.0021276473999023438
208901,normal,1133,0,1782361078.2857456,0.001982450485229492
208902,normal,728,0,1782361078.2877207,0.0019750595092773438
208903,normal,766,0,1782361078.2897577,0.00203704833984375
208904,normal,550,0,1782361078.2916107,0.0018529891967773438
208905,normal,2767,0,1782361078.2937946,0.0021839141845703125
208906,normal,1313,0,1782361078.2956862,0.0018916130065917969
208907,normal,2308,0,1782361078.297801,0.0021147727966308594
208908,normal,2544,0,1782361078.2996275,0.0018265247344970703
208909,normal,683,0,1782361078.3017557,0.002128124237060547
208910,normal,3159,1,1782361078.3037612,0.0020055770874023438
208911,normal,2182,0,1782361078.3058238,0.002062559127807617
208912,normal,409,0,1782361078.3077154,0.0018916130065917969
208913,normal,1986,0,1782361078.3098252,0.0021097660064697266
208914,normal,3429,0,1782361078.3117266,0.001901388168334961
208915,normal,399,0,1782361078.3139286,0.0022020339965820312
208916,normal,902,2,1782361078.31587,0.0019414424896240234
208917,normal,441,0,1782361078.3178682,0.0019981861114501953
208918,normal,3460,0,1782361078.3198557,0.001987457275390625
208919,normal,149,0,1782361078.3215277,0.0016720294952392578
208920,normal,2993,0,1782361078.3237176,0.0021898746490478516
208921,normal,1306,0,1782361078.3257174,0.0019998550415039062
208922,normal,1398,0,1782361078.3278494,0.002131938934326172
208923,normal,1804,0,1782361078.329628,0.0017786026000976562
208924,normal,1375,1,1782361078.3317194,0.0020914077758789062
208925,normal,3443,0,1782361078.3336096,0.0018901824951171875
208926,normal,1423,0,1782361078.3357213,0.002111673355102539
208927,normal,130,0,1782361078.3377771,0.0020558834075927734
208928,normal,3545,0,1782361078.3398407,0.0020635128021240234
208929,normal,254,0,1782361078.3416975,0.0018568038940429688
208930,normal,1507,0,1782361078.3439324,0.002234935760498047
208931,normal,2791,0,1782361078.345601,0.001668691635131836
208932,normal,3394,1,1782361078.3477423,0.002141237258911133
208933,normal,721,0,1782361078.3496077,0.001865386962890625
208934,normal,3503,0,1782361078.3516014,0.0019936561584472656
208935,normal,103,0,1782361078.3537402,0.002138853073120117
208936,normal,3316,1,1782361078.3558314,0.0020911693572998047
208937,normal,416,0,1782361078.3574839,0.0016524791717529297
208938,normal,1982,0,1782361078.3596416,0.0021576881408691406
208939,normal,3188,1,1782361078.3616369,0.0019953250885009766
208940,normal,3221,1,1782361078.363734,0.0020971298217773438
208941,normal,2619,0,1782361078.3655891,0.0018551349639892578
208942,normal,3246,1,1782361078.3677018,0.0021126270294189453
208943,normal,595,0,1782361078.3694904,0.0017886161804199219
208944,normal,3444,0,1782361078.3716383,0.0021479129791259766
208945,normal,3023,0,1782361078.3736238,0.0019855499267578125
208946,normal,3378,1,1782361078.3757257,0.002101898193359375
208947,normal,907,2,1782361078.3776104,0.0018846988677978516
208948,normal,343,0,1782361078.3796594,0.002048969268798828
208949,normal,2688,0,1782361078.3815734,0.0019140243530273438
208950,normal,1509,0,1782361078.383651,0.0020775794982910156
208951,normal,2384,0,1782361078.3855999,0.0019488334655761719
208952,normal,2368,0,1782361078.387785,0.0021851062774658203
208953,normal,2875,0,1782361078.3895907,0.0018057823181152344
208954,normal,1742,0,1782361078.3915508,0.0019600391387939453
208955,normal,3231,1,1782361078.3937902,0.0022394657135009766
208956,normal,485,0,1782361078.3956425,0.001852273941040039
208957,normal,1716,0,1782361078.3975277,0.0018851757049560547
208958,normal,461,0,1782361078.3995178,0.001990079879760742
208959,normal,3532,0,1782361078.4015117,0.001993894577026367
208960,normal,1181,0,1782361078.4037023,0.0021905899047851562
208961,normal,1990,0,1782361078.4055338,0.0018315315246582031
208962,normal,2014,0,1782361078.4076443,0.0021104812622070312
208963,normal,3555,0,1782361078.4096415,0.001997232437133789
208964,normal,1238,0,1782361078.4115324,0.0018908977508544922
208965,normal,2861,0,1782361078.413733,0.002200603485107422
208966,normal,3663,0,1782361078.4156249,0.0018918514251708984
208967,normal,2236,0,1782361078.417589,0.001964092254638672
208968,normal,1440,0,1782361078.4194999,0.0019109249114990234
208969,normal,83,0,1782361078.4215531,0.0020532608032226562
208970,normal,2056,0,1782361078.4235342,0.001981019973754883
208971,normal,3403,0,1782361078.4255636,0.0020294189453125
208972,normal,3236,1,1782361078.4275098,0.0019462108612060547
208973,normal,2929,0,1782361078.4295242,0.0020143985748291016
208974,normal,1525,0,1782361078.4316955,0.0021712779998779297
208975,normal,1764,0,1782361078.4336512,0.001955747604370117
208976,normal,1669,0,1782361078.4355319,0.001880645751953125
208977,normal,2780,0,1782361078.4376915,0.002159595489501953
208978,normal,2613,0,1782361078.4396899,0.001998424530029297
208979,normal,2125,0,1782361078.4416034,0.0019135475158691406
208980,normal,1405,0,1782361078.4435534,0.0019500255584716797
208981,normal,2068,0,1782361078.445641,0.0020875930786132812
208982,normal,2324,0,1782361078.4475238,0.001882791519165039
208983,normal,2390,0,1782361078.4496343,0.0021104812622070312
208984,normal,3306,1,1782361078.4516437,0.0020093917846679688
208985,normal,2838,0,1782361078.4535317,0.0018880367279052734
208986,normal,1508,0,1782361078.455725,0.0021932125091552734
208987,normal,1519,0,1782361078.457915,0.002190113067626953
208988,normal,1328,1,1782361078.4595068,0.0015916824340820312
208989,normal,3582,0,1782361078.4616492,0.0021424293518066406
208990,normal,2359,0,1782361078.4637434,0.002094268798828125
208991,normal,2059,0,1782361078.4655056,0.0017621517181396484
208992,normal,1547,0,1782361078.467617,0.0021114349365234375
208993,normal,1230,0,1782361078.4696143,0.001997232437133789
208994,normal,2465,0,1782361078.471544,0.0019297599792480469
208995,normal,2507,0,1782361078.4737086,0.002164602279663086
208996,normal,984,2,1782361078.4757056,0.0019969940185546875
208997,normal,927,2,1782361078.4776995,0.001993894577026367
208998,normal,1815,0,1782361078.4797187,0.002019166946411133
208999,normal,555,0,1782361078.481827,0.002108335494995117
209000,normal,3238,1,1782361078.4835768,0.0017497539520263672
209001,normal,34,0,1782361078.4858036,0.0022268295288085938
209002,normal,1164,0,1782361078.4876919,0.001888275146484375
209003,normal,1469,0,1782361078.4895,0.00180816650390625
209004,normal,320,0,1782361078.4916117,0.002111673355102539
209005,normal,2795,0,1782361078.4936159,0.0020041465759277344
209006,normal,958,2,1782361078.4957285,0.0021126270294189453
209007,normal,1651,0,1782361078.4975007,0.001772165298461914
209008,normal,889,2,1782361078.4996068,0.002106189727783203
209009,normal,1092,0,1782361078.5014927,0.0018858909606933594
209010,normal,1517,0,1782361078.5036125,0.002119779586791992
209011,normal,3015,0,1782361078.5060055,0.002393007278442383
209012,normal,3346,1,1782361078.5076869,0.0016813278198242188
209013,normal,771,0,1782361078.5096118,0.0019249916076660156
209014,normal,3423,0,1782361078.5117977,0.002185821533203125
209015,normal,2279,0,1782361078.513514,0.0017163753509521484
209016,normal,2019,0,1782361078.515656,0.0021419525146484375
209017,normal,2042,0,1782361078.5175335,0.0018775463104248047
209018,normal,3094,1,1782361078.519882,0.0023484230041503906
209019,normal,3368,1,1782361078.5217586,0.0018765926361083984
209020,normal,1991,0,1782361078.5235174,0.0017588138580322266
209021,normal,3473,0,1782361078.5256338,0.0021164417266845703
209022,normal,3597,0,1782361078.5275345,0.0019006729125976562
209023,normal,1433,0,1782361078.5296512,0.002116680145263672
209024,normal,2027,0,1782361078.5315552,0.0019040107727050781
209025,normal,50,0,1782361078.5337327,0.0021774768829345703
209026,normal,3382,1,1782361078.535688,0.001955270767211914
209027,normal,451,0,1782361078.5376217,0.0019338130950927734
209028,normal,1740,0,1782361078.540187,0.002565145492553711
209029,normal,313,0,1782361078.5420527,0.0018658638000488281
209030,normal,3093,1,1782361078.5434873,0.0014345645904541016
209031,normal,3674,0,1782361078.5456886,0.0022013187408447266
209032,normal,8,0,1782361078.5479906,0.002301931381225586
209033,normal,1607,0,1782361078.5497296,0.0017390251159667969
209034,normal,205,0,1782361078.5517476,0.002017974853515625
209035,normal,2475,0,1782361078.553845,0.0020973682403564453
209036,normal,2908,0,1782361078.5555258,0.0016808509826660156
209037,normal,1575,0,1782361078.557715,0.002189159393310547
209038,normal,2505,0,1782361078.5597548,0.0020399093627929688
209039,normal,670,0,1782361078.561682,0.0019271373748779297
209040,normal,72,0,1782361078.5635383,0.0018563270568847656
209041,normal,2978,0,1782361078.5656402,0.002101898193359375
209042,normal,2363,0,1782361078.5675232,0.0018830299377441406
209043,normal,688,0,1782361078.5696604,0.0021371841430664062
209044,normal,749,0,1782361078.5717092,0.0020487308502197266
209045,normal,2224,0,1782361078.5736299,0.0019207000732421875
209046,normal,2644,0,1782361078.5755973,0.0019674301147460938
209047,normal,1311,0,1782361078.577701,0.0021038055419921875
209048,normal,2244,0,1782361078.5795891,0.0018880367279052734
209049,normal,794,2,1782361078.5817332,0.0021440982818603516
209050,normal,2233,0,1782361078.5837462,0.002012968063354492
209051,normal,3396,1,1782361078.5855145,0.001768350601196289
209052,normal,1696,0,1782361078.587653,0.002138376235961914
209053,normal,2669,0,1782361078.5896497,0.001996755599975586
209054,normal,3401,1,1782361078.5915306,0.0018808841705322266
209055,normal,2698,0,1782361078.5935504,0.0020198822021484375
209056,normal,3558,0,1782361078.5956538,0.0021033287048339844
209057,normal,1562,0,1782361078.5975475,0.001893758773803711
209058,normal,3018,0,1782361078.599832,0.002284526824951172
209059,normal,3561,0,1782361078.601519,0.0016870498657226562
209060,normal,941,2,1782361078.603637,0.0021178722381591797
209061,normal,2164,0,1782361078.60552,0.0018830299377441406
209062,normal,1066,0,1782361078.6076427,0.002122640609741211
209063,normal,2266,0,1782361078.609522,0.0018794536590576172
209064,normal,3099,1,1782361078.6116867,0.002164602279663086
209065,normal,2072,0,1782361078.6137142,0.0020275115966796875
209066,normal,2265,0,1782361078.6156461,0.001931905746459961
209067,normal,1824,0,1782361078.6176353,0.001989126205444336
209068,normal,904,2,1782361078.6196916,0.0020563602447509766
209069,normal,724,0,1782361078.6215408,0.0018491744995117188
209070,normal,1686,0,1782361078.6237054,0.002164602279663086
209071,normal,2408,0,1782361078.6256416,0.001936197280883789
209072,normal,2774,0,1782361078.6275089,0.0018672943115234375
209073,normal,1621,0,1782361078.6296248,0.002115964889526367
209074,normal,3225,1,1782361078.6316814,0.002056598663330078
209075,normal,2685,0,1782361078.6336114,0.0019299983978271484
209076,normal,800,2,1782361078.635719,0.0021076202392578125
209077,normal,3200,1,1782361078.6377096,0.0019905567169189453
209078,normal,2217,0,1782361078.6397202,0.0020105838775634766
209079,normal,3552,0,1782361078.6417139,0.0019936561584472656
209080,normal,3439,0,1782361078.643717,0.002003192901611328
209081,normal,746,0,1782361078.6457806,0.0020635128021240234
209082,normal,1678,0,1782361078.647523,0.0017423629760742188
209083,normal,2960,0,1782361078.6496098,0.0020868778228759766
209084,normal,366,0,1782361078.6514955,0.0018856525421142578
209085,normal,604,0,1782361078.6536305,0.002135038375854492
209086,normal,589,0,1782361078.6556883,0.002057790756225586
209087,normal,3277,1,1782361078.6574929,0.0018045902252197266
209088,normal,2796,0,1782361078.6596076,0.0021147727966308594
209089,normal,1131,0,1782361078.6616251,0.002017498016357422
209090,normal,2482,0,1782361078.6635287,0.001903533935546875
209091,normal,3693,0,1782361078.665814,0.0022852420806884766
209092,normal,1349,1,1782361078.6677194,0.0019054412841796875
209093,normal,2764,0,1782361078.669734,0.002014636993408203
209094,normal,78,0,1782361078.6716413,0.0019073486328125
209095,normal,2897,0,1782361078.6736383,0.0019969940185546875
209096,normal,443,0,1782361078.6755323,0.0018939971923828125
209097,normal,3435,0,1782361078.6776452,0.002112865447998047
209098,normal,2580,0,1782361078.6797554,0.0021102428436279297
209099,normal,1872,0,1782361078.681687,0.0019316673278808594
209100,normal,3448,0,1782361078.6835008,0.001813650131225586
209101,normal,1165,0,1782361078.6856158,0.002115011215209961
209102,normal,3440,0,1782361078.6875248,0.001909017562866211
209103,normal,3508,0,1782361078.6896493,0.0021245479583740234
209104,normal,672,0,1782361078.6916513,0.0020020008087158203
209105,normal,2267,0,1782361078.693524,0.0018725395202636719
209106,normal,1055,0,1782361078.6957142,0.0021903514862060547
209107,normal,382,0,1782361078.6976573,0.0019431114196777344
209108,normal,705,0,1782361078.6995296,0.0018723011016845703
209109,normal,365,0,1782361078.7019024,0.00237274169921875
209110,normal,978,2,1782361078.703692,0.0017895698547363281
209111,normal,1475,0,1782361078.7058434,0.0021514892578125
209112,normal,436,0,1782361078.7076383,0.0017948150634765625
209113,normal,255,0,1782361078.7097893,0.002151012420654297
209114,normal,1116,0,1782361078.7115214,0.0017321109771728516
209115,normal,1782,0,1782361078.7136903,0.002168893814086914
209116,normal,477,0,1782361078.7155733,0.0018830299377441406
209117,normal,1280,0,1782361078.7175672,0.001993894577026367
209118,normal,2729,0,1782361078.7195864,0.002019166946411133
209119,normal,414,0,1782361078.721616,0.0020296573638916016
209120,normal,1195,0,1782361078.7236216,0.0020055770874023438
209121,normal,2818,0,1782361078.7255213,0.00189971923828125
209122,normal,2901,0,1782361078.7278848,0.002363443374633789
209123,normal,1642,0,1782361078.7298982,0.0020134449005126953
209124,normal,899,2,1782361078.7315497,0.0016515254974365234
209125,normal,1118,0,1782361078.7338471,0.0022974014282226562
209126,normal,2725,0,1782361078.7355597,0.0017125606536865234
209127,normal,2812,0,1782361078.7377353,0.002175569534301758
209128,normal,2360,0,1782361078.7396195,0.0018842220306396484
209129,normal,1069,0,1782361078.7419372,0.002317667007446289
209130,normal,2513,0,1782361078.7437158,0.0017786026000976562
209131,normal,3587,0,1782361078.7456234,0.0019075870513916016
209132,normal,2443,0,1782361078.7475655,0.0019421577453613281
209133,normal,1081,0,1782361078.7497103,0.0021448135375976562
209134,normal,3224,1,1782361078.751538,0.0018277168273925781
209135,normal,2317,0,1782361078.7537677,0.0022296905517578125
209136,normal,1494,0,1782361078.7557688,0.002001047134399414
209137,normal,1111,0,1782361078.7576342,0.001865386962890625
209138,normal,81,0,1782361078.7596176,0.0019834041595458984
209139,normal,723,0,1782361078.7615228,0.001905202865600586
209140,normal,1097,0,1782361078.7636368,0.0021140575408935547
209141,normal,3325,1,1782361078.7655241,0.0018873214721679688
209142,normal,61,0,1782361078.7676387,0.002114534378051758
209143,normal,306,0,1782361078.7695284,0.0018897056579589844
209144,normal,95,0,1782361078.7717454,0.0022170543670654297
209145,normal,1437,0,1782361078.7736127,0.0018672943115234375
209146,normal,3682,0,1782361078.7758155,0.002202749252319336
209147,normal,544,0,1782361078.7775419,0.001726388931274414
209148,normal,1733,0,1782361078.779681,0.0021390914916992188
209149,normal,1372,1,1782361078.781706,0.002025127410888672
209150,normal,1535,0,1782361078.7834952,0.001789093017578125
209151,normal,62,0,1782361078.7856164,0.0021212100982666016
209152,normal,510,0,1782361078.7876205,0.0020041465759277344
209153,normal,326,0,1782361078.7895963,0.0019757747650146484
209154,normal,2047,0,1782361078.7917116,0.0021152496337890625
209155,normal,1290,0,1782361078.7937112,0.0019996166229248047
209156,normal,1749,0,1782361078.7957277,0.0020165443420410156
209157,normal,1250,0,1782361078.7976909,0.0019631385803222656
209158,normal,3480,0,1782361078.799766,0.0020751953125
209159,normal,3089,1,1782361078.8017354,0.0019693374633789062
209160,normal,2503,0,1782361078.8036587,0.0019233226776123047
209161,normal,2906,0,1782361078.8057234,0.0020647048950195312
209162,normal,3547,0,1782361078.8074987,0.0017752647399902344
209163,normal,605,0,1782361078.809616,0.0021173954010009766
209164,normal,295,0,1782361078.8116257,0.0020096302032470703
209165,normal,227,0,1782361078.8137374,0.002111673355102539
209166,normal,2073,0,1782361078.8154962,0.0017588138580322266
209167,normal,359,0,1782361078.8176093,0.0021131038665771484
209168,normal,2321,0,1782361078.819495,0.0018856525421142578
209169,normal,2374,0,1782361078.8218424,0.0023474693298339844
209170,normal,828,2,1782361078.8237731,0.0019307136535644531
209171,normal,578,0,1782361078.8255646,0.0017914772033691406
209172,normal,1161,0,1782361078.827778,0.0022134780883789062
209173,normal,2957,0,1782361078.8302894,0.002511262893676758
209174,normal,3367,1,1782361078.831522,0.0012326240539550781
209175,normal,3057,1,1782361078.833685,0.002162933349609375
209176,normal,1760,0,1782361078.8354976,0.0018126964569091797
209177,normal,3241,1,1782361078.8375409,0.0020432472229003906
209178,normal,2280,0,1782361078.8396988,0.002157926559448242
209179,normal,1477,0,1782361078.8414962,0.0017974376678466797
209180,normal,528,0,1782361078.843563,0.0020668506622314453
209181,normal,1957,0,1782361078.845467,0.0019040107727050781
209182,normal,2318,0,1782361078.847529,0.0020618438720703125
209183,normal,2761,0,1782361078.8497207,0.002191781997680664
209184,normal,500,0,1782361078.8515685,0.0018477439880371094
209185,normal,3166,1,1782361078.8537388,0.0021703243255615234
209186,normal,3104,1,1782361078.855561,0.0018222332000732422
209187,normal,1868,0,1782361078.8577433,0.0021822452545166016
209188,normal,2270,0,1782361078.860134,0.002390623092651367
209189,normal,3437,0,1782361078.8620539,0.0019199848175048828
209190,normal,502,0,1782361078.8635154,0.0014615058898925781
209191,normal,277,0,1782361078.866066,0.0025506019592285156
209192,normal,1031,0,1782361078.8678045,0.0017385482788085938
209193,normal,3037,0,1782361078.8698738,0.002069234848022461
209194,normal,1699,0,1782361078.8718715,0.001997709274291992
209195,normal,3261,1,1782361078.873535,0.0016634464263916016
209196,normal,991,2,1782361078.8756473,0.0021123886108398438
209197,normal,498,0,1782361078.8776453,0.0019979476928710938
209198,normal,2066,0,1782361078.8795025,0.0018572807312011719
209199,normal,2773,0,1782361078.8816528,0.002150297164916992
209200,normal,2587,0,1782361078.8837857,0.002132892608642578
209201,normal,2439,0,1782361078.8856525,0.0018668174743652344
209202,normal,264,0,1782361078.8875234,0.001870870590209961
209203,normal,402,0,1782361078.8896518,0.0021283626556396484
209204,normal,2133,0,1782361078.8915503,0.0018985271453857422
209205,normal,543,0,1782361078.8938003,0.0022499561309814453
209206,normal,1979,0,1782361078.8956263,0.0018260478973388672
209207,normal,1502,0,1782361078.897683,0.002056598663330078
209208,normal,2487,0,1782361078.899554,0.0018711090087890625
209209,normal,2113,0,1782361078.901716,0.0021619796752929688
209210,normal,1125,0,1782361078.9036818,0.001965761184692383
209211,normal,218,0,1782361078.9056456,0.0019638538360595703
209212,normal,2650,0,1782361078.907684,0.0020384788513183594
209213,normal,1201,0,1782361078.9095426,0.0018584728240966797
209214,normal,493,0,1782361078.9116552,0.0021126270294189453
209215,normal,798,2,1782361078.9136477,0.001992464065551758
209216,normal,236,0,1782361078.9155304,0.001882791519165039
209217,normal,3051,1,1782361078.917717,0.0021865367889404297
209218,normal,1434,0,1782361078.919705,0.001987934112548828
209219,normal,1470,0,1782361078.9215395,0.0018346309661865234
209220,normal,142,0,1782361078.9237447,0.0022051334381103516
209221,normal,1709,0,1782361078.9255214,0.0017766952514648438
209222,normal,2594,0,1782361078.927655,0.002133607864379883
209223,normal,2284,0,1782361078.9295142,0.0018591880798339844
209224,normal,3119,1,1782361078.931652,0.002137899398803711
209225,normal,1119,0,1782361078.9335175,0.001865386962890625
209226,normal,1149,0,1782361078.935704,0.0021865367889404297
209227,normal,3360,1,1782361078.937723,0.0020189285278320312
209228,normal,2768,0,1782361078.9395874,0.0018644332885742188
209229,normal,1970,0,1782361078.9417195,0.0021321773529052734
209230,normal,2172,0,1782361078.9436827,0.0019631385803222656
209231,normal,156,0,1782361078.9455435,0.0018608570098876953
209232,normal,2077,0,1782361078.947686,0.0021424293518066406
209233,normal,909,2,1782361078.9496796,0.0019936561584472656
209234,normal,3088,1,1782361078.9515224,0.0018427371978759766
209235,normal,3017,0,1782361078.9536347,0.0021123886108398438
209236,normal,522,0,1782361078.9556367,0.0020020008087158203
209237,normal,698,0,1782361078.9575758,0.0019390583038330078
209238,normal,2822,0,1782361078.9597301,0.0021543502807617188
209239,normal,2230,0,1782361078.9617093,0.0019791126251220703
209240,normal,1157,0,1782361078.9635932,0.0018839836120605469
209241,normal,2663,0,1782361078.9657986,0.002205371856689453
209242,normal,1737,0,1782361078.9677083,0.0019097328186035156
209243,normal,2737,0,1782361078.9697518,0.002043485641479492
209244,normal,2336,0,1782361078.971721,0.0019690990447998047
209245,normal,483,0,1782361078.9736457,0.001924753189086914
209246,normal,1658,0,1782361078.9755106,0.0018649101257324219
209247,normal,2152,0,1782361078.9776254,0.0021147727966308594
209248,normal,1009,2,1782361078.9796264,0.002001047134399414
209249,normal,1392,0,1782361078.9817302,0.0021038055419921875
209250,normal,3506,0,1782361078.9835143,0.0017840862274169922
209251,normal,1940,0,1782361078.9856274,0.0021131038665771484
209252,normal,2641,0,1782361078.987498,0.0018706321716308594
209253,normal,266,0,1782361078.9896305,0.002132415771484375
209254,normal,1924,0,1782361078.991705,0.0020744800567626953
209255,normal,3036,0,1782361078.99366,0.0019550323486328125
209256,normal,2049,0,1782361078.9957006,0.0020406246185302734
209257,normal,953,2,1782361078.9978037,0.002103090286254883
209258,normal,1899,0,1782361078.9997199,0.0019161701202392578
209259,normal,3514,0,1782361079.001536,0.0018160343170166016
209260,normal,2711,0,1782361079.0036592,0.0021233558654785156
209261,normal,1428,0,1782361079.0055382,0.001878976821899414
209262,normal,1698,0,1782361079.0076904,0.0021522045135498047
209263,normal,3474,0,1782361079.0099268,0.0022363662719726562
209264,normal,2661,0,1782361079.0115333,0.0016064643859863281
209265,normal,2892,0,1782361079.0136356,0.002102375030517578
209266,normal,3462,0,1782361079.0156426,0.002007007598876953
209267,normal,2834,0,1782361079.0175345,0.0018918514251708984
209268,normal,1750,0,1782361079.0195491,0.002014636993408203
209269,normal,593,0,1782361079.021686,0.0021369457244873047
209270,normal,1541,0,1782361079.023535,0.0018489360809326172
209271,normal,484,0,1782361079.0257113,0.0021762847900390625
209272,normal,2611,0,1782361079.027704,0.0019927024841308594
209273,normal,668,0,1782361079.0295312,0.001827239990234375
209274,normal,3576,0,1782361079.031744,0.0022127628326416016
209275,normal,2864,0,1782361079.0337074,0.001963376998901367
209276,normal,3488,0,1782361079.0356457,0.0019383430480957031
209277,normal,1595,0,1782361079.0376353,0.001989603042602539
209278,normal,1564,0,1782361079.0397882,0.0021529197692871094
209279,normal,1763,0,1782361079.0415864,0.0017981529235839844
209280,normal,3079,1,1782361079.0436969,0.0021104812622070312
209281,normal,1520,0,1782361079.045541,0.001844167709350586
209282,normal,713,0,1782361079.0475397,0.0019986629486083984
209283,normal,189,0,1782361079.0495718,0.002032041549682617
209284,normal,2902,0,1782361079.0515926,0.0020208358764648438
209285,normal,2379,0,1782361079.0538301,0.002237558364868164
209286,normal,513,0,1782361079.0556595,0.001829385757446289
209287,normal,3319,1,1782361079.0575404,0.0018808841705322266
209288,normal,957,2,1782361079.059908,0.0023674964904785156
209289,normal,2564,0,1782361079.0619218,0.0020139217376708984
209290,normal,1371,1,1782361079.0636292,0.001707315444946289
209291,normal,166,0,1782361079.0657136,0.002084493637084961
209292,normal,663,0,1782361079.0675614,0.0018477439880371094
209293,normal,2278,0,1782361079.0697381,0.0021767616271972656
209294,normal,3527,0,1782361079.071623,0.0018849372863769531
209295,normal,657,0,1782361079.073729,0.0021059513092041016
209296,normal,3603,0,1782361079.0760746,0.002345561981201172
209297,normal,1601,0,1782361079.0776787,0.0016040802001953125
209298,normal,2065,0,1782361079.0795465,0.0018677711486816406
209299,normal,2708,0,1782361079.0817115,0.002165079116821289
209300,normal,3321,1,1782361079.0835469,0.0018353462219238281
209301,normal,3254,1,1782361079.0857067,0.0021598339080810547
209302,normal,1941,0,1782361079.0875428,0.0018360614776611328
209303,normal,737,0,1782361079.089696,0.002153158187866211
209304,normal,1403,0,1782361079.091522,0.0018260478973388672
209305,normal,686,0,1782361079.0937257,0.002203702926635742
209306,normal,2932,0,1782361079.0955267,0.0018010139465332031
209307,normal,2434,0,1782361079.0976508,0.0021240711212158203
209308,normal,1023,2,1782361079.0996537,0.0020029544830322266
209309,normal,3056,1,1782361079.1015294,0.0018756389617919922
209310,normal,1861,0,1782361079.103683,0.002153635025024414
209311,normal,2295,0,1782361079.1056538,0.0019707679748535156
209312,normal,2358,0,1782361079.1075666,0.001912832260131836
209313,normal,2871,0,1782361079.1097472,0.0021805763244628906
209314,normal,2174,0,1782361079.1116595,0.0019123554229736328
209315,normal,1482,0,1782361079.1135333,0.0018737316131591797
209316,normal,2701,0,1782361079.1156967,0.002163410186767578
209317,normal,1053,0,1782361079.117739,0.0020422935485839844
209318,normal,2387,0,1782361079.1195095,0.0017704963684082031
209319,normal,1263,0,1782361079.121637,0.0021276473999023438
209320,normal,1417,0,1782361079.1237795,0.0021424293518066406
209321,normal,980,2,1782361079.1256328,0.0018532276153564453
209322,normal,2206,0,1782361079.1276255,0.0019927024841308594
209323,normal,997,2,1782361079.1297166,0.0020911693572998047
209324,normal,2581,0,1782361079.1315765,0.001859903335571289
209325,normal,82,0,1782361079.1338854,0.0023088455200195312
209326,normal,3696,0,1782361079.135733,0.0018475055694580078
209327,normal,167,0,1782361079.1377318,0.0019989013671875
209328,normal,1643,0,1782361079.139523,0.001791238784790039
209329,normal,3073,1,1782361079.1417906,0.002267599105834961
209330,normal,1830,0,1782361079.1437037,0.0019130706787109375
209331,normal,988,2,1782361079.1454897,0.0017859935760498047
209332,normal,1539,0,1782361079.1475182,0.0020284652709960938
209333,normal,3060,1,1782361079.1496072,0.0020890235900878906
209334,normal,2240,0,1782361079.151493,0.0018858909606933594
209335,normal,3340,1,1782361079.153614,0.0021209716796875
209336,normal,1667,0,1782361079.15547,0.0018558502197265625
209337,normal,1480,0,1782361079.1574976,0.002027750015258789
209338,normal,3451,0,1782361079.1595001,0.0020024776458740234
209339,normal,1239,0,1782361079.1616561,0.0021560192108154297
209340,normal,226,0,1782361079.1638532,0.0021970272064208984
209341,normal,3620,0,1782361079.165716,0.0018627643585205078
209342,normal,636,0,1782361079.167605,0.0018889904022216797
209343,normal,896,2,1782361079.1698544,0.002249479293823242
209344,normal,1717,0,1782361079.1715224,0.0016679763793945312
209345,normal,423,0,1782361079.1736505,0.002128124237060547
209346,normal,107,0,1782361079.175534,0.0018835067749023438
209347,normal,1300,0,1782361079.1776843,0.002150297164916992
209348,normal,1153,0,1782361079.179837,0.002152681350708008
209349,normal,2184,0,1782361079.181695,0.0018579959869384766
209350,normal,1302,0,1782361079.1836343,0.0019392967224121094
209351,normal,3264,1,1782361079.1855116,0.0018773078918457031
209352,normal,1329,1,1782361079.187638,0.002126455307006836
209353,normal,324,0,1782361079.189645,0.002007007598876953
209354,normal,3376,1,1782361079.1915252,0.0018801689147949219
209355,normal,3085,1,1782361079.193737,0.0022118091583251953
209356,normal,46,0,1782361079.1956053,0.0018682479858398438
209357,normal,3149,1,1782361079.1975386,0.0019333362579345703
209358,normal,2909,0,1782361079.1998541,0.002315521240234375
209359,normal,353,0,1782361079.202205,0.0023508071899414062
209360,normal,700,0,1782361079.2037208,0.0015158653259277344
209361,normal,1632,0,1782361079.2057955,0.002074718475341797
209362,normal,27,0,1782361079.2078528,0.002057313919067383
209363,normal,2716,0,1782361079.2097566,0.0019037723541259766
209364,normal,245,0,1782361079.2117324,0.0019757747650146484
209365,normal,2749,0,1782361079.2137027,0.0019702911376953125
209366,normal,3002,0,1782361079.2155468,0.001844167709350586
209367,normal,2706,0,1782361079.217603,0.002056121826171875
209368,normal,3531,0,1782361079.219645,0.002042055130004883
209369,normal,2094,0,1782361079.2215025,0.0018575191497802734
209370,normal,2827,0,1782361079.2236528,0.002150297164916992
209371,normal,569,0,1782361079.225657,0.0020041465759277344
209372,normal,3418,0,1782361079.227523,0.0018661022186279297
209373,normal,3334,1,1782361079.2296436,0.002120494842529297
209374,normal,2441,0,1782361079.2316518,0.002008199691772461
209375,normal,2060,0,1782361079.2335536,0.001901865005493164
209376,normal,2340,0,1782361079.2357378,0.002184152603149414
209377,normal,323,0,1782361079.2376115,0.0018737316131591797
209378,normal,1864,0,1782361079.2396595,0.002048015594482422
209379,normal,2079,0,1782361079.2415357,0.0018761157989501953
209380,normal,2087,0,1782361079.2437103,0.0021746158599853516
209381,normal,2955,0,1782361079.2456002,0.001889944076538086
209382,normal,1011,2,1782361079.2477503,0.0021500587463378906
209383,normal,3601,0,1782361079.2495213,0.0017709732055664062
209384,normal,1135,0,1782361079.2516565,0.0021352767944335938
209385,normal,1185,0,1782361079.2535303,0.0018737316131591797
209386,normal,1583,0,1782361079.2557101,0.002179861068725586
209387,normal,1942,0,1782361079.2575433,0.001833200454711914
209388,normal,1556,0,1782361079.2596583,0.002115011215209961
209389,normal,3315,1,1782361079.261687,0.0020287036895751953
209390,normal,935,2,1782361079.2635498,0.0018627643585205078
209391,normal,2489,0,1782361079.265771,0.0022211074829101562
209392,normal,3265,1,1782361079.2675197,0.001748800277709961
209393,normal,228,0,1782361079.2696445,0.002124786376953125
209394,normal,2370,0,1782361079.2715225,0.0018780231475830078
209395,normal,3387,1,1782361079.2736475,0.0021250247955322266
209396,normal,3521,0,1782361079.2755144,0.0018668174743652344
209397,normal,2157,0,1782361079.2776902,0.0021758079528808594
209398,normal,3347,1,1782361079.279723,0.002032756805419922
209399,normal,825,2,1782361079.2815762,0.0018532276153564453
209400,normal,1985,0,1782361079.2837515,0.0021753311157226562
209401,normal,3014,0,1782361079.2855542,0.001802682876586914
209402,normal,105,0,1782361079.2875395,0.001985311508178711
209403,normal,1255,0,1782361079.289657,0.002117633819580078
209404,normal,2934,0,1782361079.2917018,0.002044677734375
209405,normal,316,0,1782361079.2935116,0.001809835433959961
209406,normal,110,0,1782361079.295652,0.0021402835845947266
209407,normal,1067,0,1782361079.2977734,0.002121448516845703
209408,normal,3263,1,1782361079.299694,0.0019207000732421875
209409,normal,1927,0,1782361079.3016016,0.0019075870513916016
209410,normal,1427,0,1782361079.3036964,0.002094745635986328
209411,normal,1082,0,1782361079.3055758,0.0018794536590576172
209412,normal,1567,0,1782361079.3077776,0.0022017955780029297
209413,normal,1882,0,1782361079.3096237,0.0018460750579833984
209414,normal,289,0,1782361079.3116546,0.0020308494567871094
209415,normal,2911,0,1782361079.3137238,0.002069234848022461
209416,normal,867,2,1782361079.3157866,0.0020627975463867188
209417,normal,2251,0,1782361079.3175058,0.0017192363739013672
209418,normal,3270,1,1782361079.3195958,0.002089977264404297
209419,normal,3398,1,1782361079.3216267,0.0020308494567871094
209420,normal,2420,0,1782361079.3235128,0.001886129379272461
209421,normal,2287,0,1782361079.3257608,0.002248048782348633
209422,normal,2491,0,1782361079.3275008,0.0017399787902832031
209423,normal,3339,1,1782361079.3296227,0.0021219253540039062
209424,normal,2645,0,1782361079.3314998,0.0018770694732666016
209425,normal,2016,0,1782361079.3336246,0.002124786376953125
209426,normal,3111,1,1782361079.3355393,0.0019147396087646484
209427,normal,710,0,1782361079.3378217,0.002282381057739258
209428,normal,349,0,1782361079.339625,0.0018031597137451172
209429,normal,846,2,1782361079.3418167,0.002191781997680664
209430,normal,1947,0,1782361079.3435507,0.001734018325805664
209431,normal,2124,0,1782361079.3456535,0.0021028518676757812
209432,normal,157,0,1782361079.3475354,0.0018818378448486328
209433,normal,819,2,1782361079.3497167,0.0021812915802001953
209434,normal,3010,0,1782361079.3518806,0.0021638870239257812
209435,normal,1251,0,1782361079.3537927,0.0019121170043945312
209436,normal,1515,0,1782361079.3555229,0.001730203628540039
209437,normal,3541,0,1782361079.3576527,0.002129793167114258
209438,normal,3202,1,1782361079.3595483,0.0018956661224365234
209439,normal,2845,0,1782361079.3616886,0.0021402835845947266
209440,normal,160,0,1782361079.3636885,0.0019998550415039062
209441,normal,1594,0,1782361079.3655326,0.001844167709350586
209442,normal,2997,0,1782361079.3677108,0.002178192138671875
209443,normal,296,0,1782361079.3695598,0.0018489360809326172
209444,normal,128,0,1782361079.3715427,0.0019829273223876953
209445,normal,2876,0,1782361079.3735301,0.001987457275390625
209446,normal,2606,0,1782361079.37552,0.0019898414611816406
209447,normal,2712,0,1782361079.3778539,0.0023338794708251953
209448,normal,1354,1,1782361079.3796275,0.0017735958099365234
209449,normal,971,2,1782361079.3817327,0.002105236053466797
209450,normal,1863,0,1782361079.3836508,0.0019180774688720703
209451,normal,3497,0,1782361079.3857749,0.0021240711212158203
209452,normal,2506,0,1782361079.387533,0.0017580986022949219
209453,normal,3515,0,1782361079.389631,0.00209808349609375
209454,normal,813,2,1782361079.391528,0.0018968582153320312
209455,normal,1832,0,1782361079.3937423,0.0022144317626953125
209456,normal,1923,0,1782361079.3955963,0.00185394287109375
209457,normal,1412,0,1782361079.3977525,0.0021562576293945312
209458,normal,3470,0,1782361079.399704,0.001951456069946289
209459,normal,1216,0,1782361079.4016058,0.001901865005493164
209460,normal,356,0,1782361079.4036365,0.002030611038208008
209461,normal,2665,0,1782361079.406098,0.0024614334106445312
209462,normal,55,0,1782361079.4080515,0.001953601837158203
209463,normal,704,0,1782361079.409636,0.0015845298767089844
209464,normal,2637,0,1782361079.411701,0.002064943313598633
209465,normal,1579,0,1782361079.4135926,0.0018916130065917969
209466,normal,2857,0,1782361079.4157615,0.002168893814086914
209467,normal,2454,0,1782361079.4176168,0.0018553733825683594
209468,normal,73,0,1782361079.4198503,0.0022335052490234375
209469,normal,2391,0,1782361079.421593,0.0017426013946533203
209470,normal,2168,0,1782361079.4234982,0.001905202865600586
209471,normal,1265,0,1782361079.4255536,0.0020554065704345703
209472,normal,1039,0,1782361079.4275703,0.002016782760620117
209473,normal,1571,0,1782361079.43018,0.002609729766845703
209474,normal,1523,0,1782361079.43147,0.0012898445129394531
209475,normal,2242,0,1782361079.4335063,0.0020363330841064453
209476,normal,2144,0,1782361079.4355228,0.0020165443420410156
209477,normal,210,0,1782361079.4375243,0.002001523971557617
209478,normal,1584,0,1782361079.439746,0.0022215843200683594
209479,normal,1318,0,1782361079.4415555,0.0018095970153808594
209480,normal,2636,0,1782361079.4436495,0.0020940303802490234
209481,normal,2119,0,1782361079.4455228,0.0018732547760009766
209482,normal,2239,0,1782361079.447645,0.002122163772583008
209483,normal,13,0,1782361079.4495206,0.0018756389617919922
209484,normal,1933,0,1782361079.4516807,0.0021600723266601562
209485,normal,2980,0,1782361079.453692,0.0020112991333007812
209486,normal,877,2,1782361079.4555774,0.0018854141235351562
209487,normal,2474,0,1782361079.4579582,0.002380847930908203
209488,normal,1598,0,1782361079.459553,0.0015947818756103516
209489,normal,3192,1,1782361079.4616578,0.0021047592163085938
209490,normal,916,2,1782361079.4635434,0.0018856525421142578
209491,normal,654,0,1782361079.4657073,0.0021638870239257812
209492,normal,3363,1,1782361079.467507,0.0017995834350585938
209493,normal,462,0,1782361079.4696348,0.0021278858184814453
209494,normal,969,2,1782361079.4716337,0.0019989013671875
209495,normal,1123,0,1782361079.4735417,0.0019080638885498047
209496,normal,2258,0,1782361079.4757268,0.0021851062774658203
209497,normal,269,0,1782361079.477535,0.00180816650390625
209498,normal,671,0,1782361079.479725,0.0021898746490478516
209499,normal,3164,1,1782361079.4816594,0.0019345283508300781
209500,normal,140,0,1782361079.4839377,0.0022783279418945312
209501,normal,2966,0,1782361079.485562,0.0016243457794189453
209502,normal,2090,0,1782361079.4877272,0.002165079116821289
209503,normal,929,2,1782361079.489659,0.001931905746459961
209504,normal,1463,0,1782361079.491625,0.0019659996032714844
209505,normal,747,0,1782361079.493644,0.0020189285278320312
209506,normal,3351,1,1782361079.4956272,0.001983165740966797
209507,normal,2136,0,1782361079.497501,0.0018737316131591797
209508,normal,186,0,1782361079.4997213,0.0022203922271728516
209509,normal,6,0,1782361079.501517,0.0017957687377929688
209510,normal,1252,0,1782361079.503628,0.0021109580993652344
209511,normal,2143,0,1782361079.505498,0.0018699169158935547
209512,normal,1778,0,1782361079.507624,0.002125978469848633
209513,normal,2262,0,1782361079.5095096,0.0018856525421142578
209514,normal,1446,0,1782361079.5119345,0.002424955368041992
209515,normal,1608,0,1782361079.513591,0.0016565322875976562
209516,normal,2189,0,1782361079.5158558,0.002264738082885742
209517,normal,3248,1,1782361079.5175397,0.001683950424194336
209518,normal,488,0,1782361079.519648,0.002108335494995117
209519,normal,1143,0,1782361079.5215375,0.0018894672393798828
209520,normal,3489,0,1782361079.5236912,0.002153635025024414
209521,normal,3009,0,1782361079.525747,0.0020558834075927734
209522,normal,3660,0,1782361079.5277805,0.0020334720611572266
209523,normal,628,0,1782361079.5295146,0.001734018325805664
209524,normal,1461,0,1782361079.531631,0.0021164417266845703
209525,normal,3594,0,1782361079.5335155,0.00188446044921875
209526,normal,3530,0,1782361079.5356493,0.0021338462829589844
209527,normal,542,0,1782361079.5376565,0.0020072460174560547
209528,normal,3695,0,1782361079.5395732,0.001916646957397461
209529,normal,3007,0,1782361079.5417182,0.002145051956176758
209530,normal,3011,0,1782361079.5436902,0.0019719600677490234
209531,normal,2852,0,1782361079.5456107,0.001920461654663086
209532,normal,2913,0,1782361079.5482366,0.0026259422302246094
209533,normal,620,0,1782361079.5498538,0.0016171932220458984
209534,normal,1581,0,1782361079.5515585,0.0017046928405761719
209535,normal,2289,0,1782361079.5540059,0.002447366714477539
209536,normal,1113,0,1782361079.5557857,0.001779794692993164
209537,normal,504,0,1782361079.5578127,0.0020270347595214844
209538,normal,2428,0,1782361079.559742,0.0019292831420898438
209539,normal,1015,2,1782361079.5616934,0.001951456069946289
209540,normal,2476,0,1782361079.5635061,0.0018126964569091797
209541,normal,1036,0,1782361079.565639,0.002132892608642578
209542,normal,3697,0,1782361079.5676255,0.0019865036010742188
209543,normal,716,0,1782361079.5695248,0.0018992424011230469
209544,normal,426,0,1782361079.5716832,0.0021584033966064453
209545,normal,720,0,1782361079.5736465,0.001963376998901367
209546,normal,872,2,1782361079.5755205,0.0018739700317382812
209547,normal,431,0,1782361079.577547,0.0020265579223632812
209548,normal,1142,0,1782361079.5797172,0.002170085906982422
209549,normal,2888,0,1782361079.5816042,0.0018870830535888672
209550,normal,1112,0,1782361079.5837474,0.0021431446075439453
209551,normal,318,0,1782361079.585568,0.0018205642700195312
209552,normal,1339,1,1782361079.58764,0.0020720958709716797
209553,normal,3283,1,1782361079.5895674,0.0019273757934570312
209554,normal,1366,1,1782361079.59174,0.0021724700927734375
209555,normal,3579,0,1782361079.5936136,0.0018737316131591797
209556,normal,2952,0,1782361079.5955508,0.0019371509552001953
209557,normal,3137,1,1782361079.597651,0.002100229263305664
209558,normal,2522,0,1782361079.5995305,0.0018794536590576172
209559,normal,2760,0,1782361079.6016552,0.002124786376953125
209560,normal,274,0,1782361079.603646,0.001990795135498047
209561,normal,93,0,1782361079.6055257,0.0018796920776367188
209562,normal,3103,1,1782361079.6077046,0.0021789073944091797
209563,normal,2930,0,1782361079.6096945,0.0019898414611816406
209564,normal,2600,0,1782361079.6116352,0.0019407272338867188
209565,normal,1638,0,1782361079.6134732,0.0018379688262939453
209566,normal,517,0,1782361079.6156535,0.002180337905883789
209567,normal,308,0,1782361079.617514,0.0018603801727294922
209568,normal,3110,1,1782361079.6195955,0.002081632614135742
209569,normal,51,0,1782361079.6215117,0.0019161701202392578
209570,normal,1121,0,1782361079.6235158,0.0020041465759277344
209571,normal,3065,1,1782361079.6257381,0.002222299575805664
209572,normal,2746,0,1782361079.627592,0.00185394287109375
209573,normal,3433,0,1782361079.6297605,0.002168416976928711
209574,normal,2399,0,1782361079.631618,0.0018575191497802734
209575,normal,3458,0,1782361079.6336849,0.0020668506622314453
209576,normal,1618,0,1782361079.6355357,0.0018508434295654297
209577,normal,2488,0,1782361079.6377301,0.0021944046020507812
209578,normal,1838,0,1782361079.6395264,0.0017962455749511719
209579,normal,1772,0,1782361079.6416376,0.002111196517944336
209580,normal,2150,0,1782361079.6435146,0.0018770694732666016
209581,normal,592,0,1782361079.6456416,0.002126932144165039
209582,normal,1565,0,1782361079.6476355,0.001993894577026367
209583,normal,3691,0,1782361079.6495912,0.001955747604370117
209584,normal,2402,0,1782361079.6517284,0.0021371841430664062
209585,normal,1518,0,1782361079.65362,0.0018916130065917969
209586,normal,3302,1,1782361079.655652,0.002032041549682617
209587,normal,850,2,1782361079.6577406,0.0020885467529296875
209588,normal,1964,0,1782361079.6597,0.0019593238830566406
209589,normal,2477,0,1782361079.6616845,0.0019845962524414062
209590,normal,2031,0,1782361079.6635191,0.0018346309661865234
209591,normal,1377,1,1782361079.6654685,0.001949310302734375
209592,normal,3625,0,1782361079.667468,0.0019996166229248047
209593,normal,1751,0,1782361079.6694658,0.001997709274291992
209594,normal,659,0,1782361079.6716132,0.0021474361419677734
209595,normal,7,0,1782361079.6734645,0.0018513202667236328
209596,normal,921,2,1782361079.675465,0.002000570297241211
209597,normal,1675,0,1782361079.6774652,0.002000093460083008
209598,normal,3585,0,1782361079.679466,0.0020008087158203125
209599,normal,3311,1,1782361079.6815193,0.0020532608032226562
209600,normal,3702,0,1782361079.6836436,0.002124309539794922
209601,normal,2469,0,1782361079.6857028,0.0020592212677001953
209602,normal,1064,0,1782361079.6876488,0.0019459724426269531
209603,normal,3151,1,1782361079.6896286,0.001979827880859375
209604,normal,2786,0,1782361079.6915321,0.001903533935546875
209605,normal,547,0,1782361079.6935644,0.0020322799682617188
209606,normal,2575,0,1782361079.6955347,0.0019702911376953125
209607,normal,1424,0,1782361079.6975226,0.001987934112548828
209608,normal,3377,1,1782361079.6997306,0.0022079944610595703
209609,normal,1379,1,1782361079.7015357,0.0018050670623779297
209610,normal,616,0,1782361079.7034967,0.0019609928131103516
209611,normal,2283,0,1782361079.7055058,0.002009153366088867
209612,normal,915,2,1782361079.707509,0.002003192901611328
209613,normal,3701,0,1782361079.7095258,0.002016782760620117
209614,normal,1404,0,1782361079.7115197,0.001993894577026367
209615,normal,2496,0,1782361079.7134898,0.001970052719116211
209616,normal,2409,0,1782361079.7155874,0.002097606658935547
209617,normal,2083,0,1782361079.7175553,0.001967906951904297
209618,normal,1041,0,1782361079.7195253,0.001970052719116211
209619,normal,131,0,1782361079.7216125,0.002087116241455078
209620,normal,2800,0,1782361079.7237387,0.0021262168884277344
209621,normal,3502,0,1782361079.7256436,0.0019049644470214844
209622,normal,235,0,1782361079.7276294,0.001985788345336914
209623,normal,577,0,1782361079.729657,0.0020275115966796875
209624,normal,2753,0,1782361079.73159,0.0019330978393554688
209625,normal,1189,0,1782361079.7334871,0.0018970966339111328
209626,normal,2511,0,1782361079.7355616,0.0020744800567626953
209627,normal,2807,0,1782361079.7375617,0.002000093460083008
209628,normal,259,0,1782361079.7395926,0.0020308494567871094
209629,normal,1451,0,1782361079.741628,0.002035379409790039
209630,normal,2950,0,1782361079.7437036,0.002075672149658203
209631,normal,37,0,1782361079.7456322,0.001928567886352539
209632,normal,191,0,1782361079.7474926,0.0018603801727294922
209633,normal,3190,1,1782361079.7494643,0.001971721649169922
209634,normal,3380,1,1782361079.7519045,0.002440214157104492
209635,normal,1989,0,1782361079.7537746,0.0018701553344726562
209636,normal,1965,0,1782361079.7560005,0.0022258758544921875
209637,normal,509,0,1782361079.7575738,0.001573324203491211
209638,normal,3054,1,1782361079.7597365,0.0021626949310302734
209639,normal,1365,1,1782361079.7616162,0.0018796920776367188
209640,normal,2067,0,1782361079.7637575,0.002141237258911133
209641,normal,1779,0,1782361079.7660012,0.0022437572479248047
209642,normal,853,2,1782361079.7675042,0.00150299072265625
209643,normal,3102,1,1782361079.7697024,0.0021982192993164062
209644,normal,2201,0,1782361079.7715507,0.0018482208251953125
209645,normal,2410,0,1782361079.7736943,0.0021436214447021484
209646,normal,805,2,1782361079.7755435,0.0018491744995117188
209647,normal,615,0,1782361079.7776964,0.0021529197692871094
209648,normal,3430,0,1782361079.7795398,0.0018434524536132812
209649,normal,3366,1,1782361079.7816517,0.0021119117736816406
209650,normal,711,0,1782361079.7837424,0.0020906925201416016
209651,normal,2041,0,1782361079.7855263,0.0017838478088378906
209652,normal,40,0,1782361079.787653,0.0021266937255859375
209653,normal,3634,0,1782361079.7896554,0.0020024776458740234
209654,normal,265,0,1782361079.7915256,0.0018701553344726562
209655,normal,1666,0,1782361079.7936559,0.002130270004272461
209656,normal,2076,0,1782361079.7956522,0.001996278762817383
209657,normal,1294,0,1782361079.797572,0.0019197463989257812
209658,normal,2281,0,1782361079.7997422,0.0021703243255615234
209659,normal,3008,0,1782361079.8016512,0.001909017562866211
209660,normal,2919,0,1782361079.8035517,0.0019004344940185547
209661,normal,3222,1,1782361079.8057024,0.0021507740020751953
209662,normal,1188,0,1782361079.8077338,0.0020313262939453125
209663,normal,1971,0,1782361079.8095038,0.00177001953125
209664,normal,2061,0,1782361079.811643,0.0021390914916992188
209665,normal,983,2,1782361079.813638,0.001995086669921875
209666,normal,1962,0,1782361079.8155065,0.0018684864044189453
209667,normal,1930,0,1782361079.8178008,0.002294301986694336
209668,normal,626,0,1782361079.819559,0.0017583370208740234
209669,normal,817,2,1782361079.8217838,0.0022246837615966797
209670,normal,1323,1,1782361079.8236177,0.0018339157104492188
209671,normal,491,0,1782361079.8257568,0.0021390914916992188
209672,normal,849,2,1782361079.8276365,0.0018796920776367188
209673,normal,1485,0,1782361079.8297045,0.002068042755126953
209674,normal,2561,0,1782361079.8317502,0.0020456314086914062
209675,normal,2570,0,1782361079.8336184,0.0018682479858398438
209676,normal,3445,0,1782361079.8356192,0.0020008087158203125
209677,normal,762,0,1782361079.837634,0.0020148754119873047
209678,normal,3656,0,1782361079.8396323,0.0019981861114501953
209679,normal,1106,0,1782361079.841645,0.0020127296447753906
209680,normal,1380,1,1782361079.8437552,0.0021102428436279297
209681,normal,2276,0,1782361079.8454802,0.0017249584197998047
209682,normal,3454,0,1782361079.8476303,0.0021500587463378906
209683,normal,652,0,1782361079.8497899,0.002159595489501953
209684,normal,1102,0,1782361079.8516314,0.0018415451049804688
209685,normal,2509,0,1782361079.8540094,0.0023779869079589844
209686,normal,2991,0,1782361079.8558123,0.0018029212951660156
209687,normal,1099,0,1782361079.8576863,0.0018739700317382812
209688,normal,3245,1,1782361079.8598108,0.0021245479583740234
209689,normal,420,0,1782361079.8616009,0.0017900466918945312
209690,normal,357,0,1782361079.8636413,0.002040386199951172
209691,normal,972,2,1782361079.8656423,0.002001047134399414
209692,normal,2176,0,1782361079.8676403,0.0019979476928710938
209693,normal,1770,0,1782361079.8698866,0.002246379852294922
209694,normal,2658,0,1782361079.8715372,0.0016505718231201172
209695,normal,338,0,1782361079.8738015,0.002264261245727539
209696,normal,1232,0,1782361079.875788,0.0019865036010742188
209697,normal,1457,0,1782361079.8776488,0.0018608570098876953
209698,normal,3033,0,1782361079.879785,0.00213623046875
209699,normal,1221,0,1782361079.8816268,0.0018417835235595703
209700,normal,1103,0,1782361079.883745,0.0021181106567382812
209701,normal,1853,0,1782361079.885636,0.0018911361694335938
209702,normal,2037,0,1782361079.8876483,0.0020122528076171875
209703,normal,579,0,1782361079.8898551,0.0022068023681640625
209704,normal,1673,0,1782361079.8922217,0.0023665428161621094
209705,normal,187,0,1782361079.8936522,0.001430511474609375
209706,normal,2898,0,1782361079.895901,0.0022487640380859375
209707,normal,292,0,1782361079.8978157,0.0019147396087646484
209708,normal,2259,0,1782361079.899647,0.0018312931060791016
209709,normal,1627,0,1782361079.9018464,0.002199411392211914
209710,normal,1312,0,1782361079.9037912,0.0019447803497314453
209711,normal,3120,1,1782361079.9054945,0.0017032623291015625
209712,normal,2347,0,1782361079.9077764,0.0022819042205810547
209713,normal,1723,0,1782361079.9097135,0.0019371509552001953
209714,normal,411,0,1782361079.9117608,0.002047300338745117
209715,normal,153,0,1782361079.9137793,0.002018451690673828
209716,normal,3229,1,1782361079.9156537,0.0018744468688964844
209717,normal,2349,0,1782361079.9177768,0.002123117446899414
209718,normal,492,0,1782361079.9196477,0.001870870590209961
209719,normal,3413,0,1782361079.921771,0.0021233558654785156
209720,normal,3608,0,1782361079.9236567,0.0018856525421142578
209721,normal,1676,0,1782361079.9256985,0.0020418167114257812
209722,normal,1871,0,1782361079.9277678,0.002069234848022461
209723,normal,3652,0,1782361079.9295294,0.0017616748809814453
209724,normal,844,2,1782361079.9317248,0.0021953582763671875
209725,normal,3136,1,1782361079.9337406,0.002015829086303711
209726,normal,3637,0,1782361079.9357102,0.001969575881958008
209727,normal,2625,0,1782361079.9377098,0.0019996166229248047
209728,normal,1836,0,1782361079.9396954,0.0019855499267578125
209729,normal,669,0,1782361079.941619,0.0019235610961914062
209730,normal,3116,1,1782361079.943702,0.0020830631256103516
209731,normal,2194,0,1782361079.945704,0.0020020008087158203
209732,normal,332,0,1782361079.9476216,0.0019176006317138672
209733,normal,263,0,1782361079.9496956,0.002074003219604492
209734,normal,2264,0,1782361079.951655,0.0019593238830566406
209735,normal,1725,0,1782361079.953561,0.0019061565399169922
209736,normal,2064,0,1782361079.955727,0.0021660327911376953
209737,normal,796,2,1782361079.957629,0.001901865005493164
209738,normal,1021,2,1782361079.9596436,0.002014636993408203
209739,normal,99,0,1782361079.9615314,0.0018877983093261719
209740,normal,3039,0,1782361079.9636464,0.002115011215209961
209741,normal,3633,0,1782361079.965629,0.0019826889038085938
209742,normal,1167,0,1782361079.9676547,0.002025604248046875
209743,normal,2595,0,1782361079.9697127,0.0020580291748046875
209744,normal,1810,0,1782361079.9715347,0.0018219947814941406
209745,normal,2304,0,1782361079.9738727,0.002337932586669922
209746,normal,2592,0,1782361079.9756296,0.001756906509399414
209747,normal,2704,0,1782361079.9776905,0.0020608901977539062
209748,normal,1827,0,1782361079.9795966,0.0019061565399169922
209749,normal,3647,0,1782361079.981841,0.0022444725036621094
209750,normal,102,0,1782361079.9834917,0.0016505718231201172
209751,normal,641,0,1782361079.9857686,0.002276897430419922
209752,normal,18,0,1782361079.9877706,0.0020020008087158203
209753,normal,1384,0,1782361079.9896402,0.0018696784973144531
209754,normal,1386,0,1782361079.9917996,0.0021593570709228516
209755,normal,2353,0,1782361079.9937012,0.0019016265869140625
209756,normal,2416,0,1782361079.9958556,0.0021543502807617188
209757,normal,2386,0,1782361079.9976978,0.0018422603607177734
209758,normal,740,0,1782361080.000884,0.0031862258911132812
209759,normal,2028,0,1782361080.001715,0.0008308887481689453
209760,normal,563,0,1782361080.0037591,0.002044200897216797
209761,normal,430,0,1782361080.005653,0.001893758773803711
209762,normal,1006,2,1782361080.0075607,0.0019078254699707031
209763,normal,2770,0,1782361080.0094993,0.0019385814666748047
209764,normal,534,0,1782361080.0115454,0.0020461082458496094
209765,normal,1795,0,1782361080.0137048,0.0021593570709228516
209766,normal,3469,0,1782361080.0155895,0.0018846988677978516
209767,normal,1613,0,1782361080.0177195,0.0021300315856933594
209768,normal,1715,0,1782361080.0195394,0.0018198490142822266
209769,normal,1706,0,1782361080.021641,0.0021016597747802734
209770,normal,2805,0,1782361080.0235157,0.001874685287475586
209771,normal,1845,0,1782361080.0255485,0.002032756805419922
209772,normal,1513,0,1782361080.0278192,0.0022706985473632812
209773,normal,2004,0,1782361080.0298219,0.002002716064453125
209774,normal,1672,0,1782361080.0316145,0.0017926692962646484
209775,normal,2512,0,1782361080.0337317,0.002117156982421875
209776,normal,1705,0,1782361080.0356467,0.00191497802734375
209777,normal,3654,0,1782361080.0374694,0.0018227100372314453
209778,normal,3471,0,1782361080.0395408,0.002071380615234375
209779,normal,2309,0,1782361080.041537,0.001996278762817383
209780,normal,3681,0,1782361080.0437844,0.002247333526611328
209781,normal,3595,0,1782361080.045682,0.001897573471069336
209782,normal,1745,0,1782361080.0475547,0.0018727779388427734
209783,normal,3174,1,1782361080.049523,0.0019683837890625
209784,normal,2867,0,1782361080.051606,0.00208282470703125
209785,normal,2325,0,1782361080.053702,0.0020961761474609375
209786,normal,1506,0,1782361080.0556457,0.0019435882568359375
209787,normal,719,0,1782361080.0577936,0.0021479129791259766
209788,normal,176,0,1782361080.0595968,0.0018031597137451172
209789,normal,1533,0,1782361080.0618527,0.0022559165954589844
209790,normal,1104,0,1782361080.0635946,0.0017418861389160156
209791,normal,1925,0,1782361080.0658095,0.0022149085998535156
209792,normal,3335,1,1782361080.0677547,0.0019452571868896484
209793,normal,2954,0,1782361080.0697618,0.002007007598876953
209794,normal,24,0,1782361080.0717962,0.002034425735473633
209795,normal,3000,0,1782361080.073566,0.0017697811126708984
209796,normal,782,2,1782361080.0757952,0.0022292137145996094
209797,normal,2798,0,1782361080.0777113,0.0019161701202392578
209798,normal,1231,0,1782361080.0795712,0.001859903335571289
209799,normal,2859,0,1782361080.0816312,0.0020599365234375
209800,normal,1184,0,1782361080.0837119,0.002080678939819336
209801,normal,3540,0,1782361080.085649,0.0019371509552001953
209802,normal,1822,0,1782361080.0876412,0.0019922256469726562
209803,normal,511,0,1782361080.0898228,0.002181529998779297
209804,normal,2493,0,1782361080.0915775,0.0017547607421875
209805,normal,96,0,1782361080.093805,0.0022275447845458984
209806,normal,489,0,1782361080.0958445,0.0020394325256347656
209807,normal,1844,0,1782361080.0981648,0.0023202896118164062
209808,normal,2471,0,1782361080.0997412,0.0015764236450195312
209809,normal,3392,1,1782361080.101842,0.002100706100463867
209810,normal,2146,0,1782361080.1036272,0.0017852783203125
209811,normal,1746,0,1782361080.1059852,0.002357959747314453
209812,normal,847,2,1782361080.10776,0.0017747879028320312
209813,normal,3052,1,1782361080.1096373,0.0018773078918457031
209814,normal,280,0,1782361080.112022,0.002384662628173828
209815,normal,3526,0,1782361080.113639,0.0016171932220458984
209816,normal,673,0,1782361080.1158462,0.002207040786743164
209817,normal,260,0,1782361080.1175725,0.001726388931274414
209818,normal,3271,1,1782361080.119813,0.002240419387817383
209819,normal,272,0,1782361080.1216505,0.0018374919891357422
209820,normal,2772,0,1782361080.123745,0.0020945072174072266
209821,normal,1660,0,1782361080.1256971,0.0019521713256835938
209822,normal,4,0,1782361080.127612,0.00191497802734375
209823,normal,680,0,1782361080.1297312,0.0021190643310546875
209824,normal,3199,1,1782361080.1316414,0.0019102096557617188
209825,normal,931,2,1782361080.1336389,0.0019974708557128906
209826,normal,243,0,1782361080.1356425,0.0020036697387695312
209827,normal,164,0,1782361080.1376371,0.001994609832763672
209828,normal,1792,0,1782361080.1397178,0.002080678939819336
209829,normal,1400,0,1782361080.1415985,0.001880645751953125
209830,normal,1347,1,1782361080.1437044,0.0021059513092041016
209831,normal,1083,0,1782361080.1456444,0.001940011978149414
209832,normal,1831,0,1782361080.1477334,0.0020890235900878906
209833,normal,100,0,1782361080.1497371,0.0020036697387695312
209834,normal,2615,0,1782361080.1516552,0.0019180774688720703
209835,normal,1179,0,1782361080.1537077,0.0020525455474853516
209836,normal,2405,0,1782361080.1556985,0.001990795135498047
209837,normal,1325,1,1782361080.1575499,0.0018513202667236328
209838,normal,2418,0,1782361080.1596186,0.002068758010864258
209839,normal,1542,0,1782361080.1616316,0.002012968063354492
209840,normal,956,2,1782361080.163719,0.0020873546600341797
209841,normal,3289,1,1782361080.1655145,0.0017955303192138672
209842,normal,1408,0,1782361080.1677284,0.0022139549255371094
209843,normal,2726,0,1782361080.1695955,0.001867055892944336
209844,normal,2982,0,1782361080.1718247,0.0022292137145996094
209845,normal,712,0,1782361080.173637,0.0018122196197509766
209846,normal,3578,0,1782361080.1757758,0.002138853073120117
209847,normal,1246,0,1782361080.1777396,0.0019638538360595703
209848,normal,1174,0,1782361080.1797583,0.0020186901092529297
209849,normal,2329,0,1782361080.1814857,0.0017273426055908203
209850,normal,1282,0,1782361080.1836343,0.0021486282348632812
209851,normal,1890,0,1782361080.185782,0.002147674560546875
209852,normal,2784,0,1782361080.1876874,0.0019054412841796875
209853,normal,2679,0,1782361080.189643,0.0019555091857910156
209854,normal,2023,0,1782361080.1917696,0.0021266937255859375
209855,normal,2263,0,1782361080.1936445,0.0018749237060546875
209856,normal,2824,0,1782361080.1957593,0.0021147727966308594
209857,normal,2246,0,1782361080.1977665,0.0020072460174560547
209858,normal,533,0,1782361080.200095,0.0023283958435058594
209859,normal,814,2,1782361080.2016327,0.0015377998352050781
209860,normal,1881,0,1782361080.2039256,0.0022928714752197266
209861,normal,606,0,1782361080.2056386,0.0017130374908447266
209862,normal,2169,0,1782361080.2077868,0.002148151397705078
209863,normal,10,0,1782361080.2097976,0.002010822296142578
209864,normal,1703,0,1782361080.2116873,0.0018897056579589844
209865,normal,2438,0,1782361080.2137372,0.0020499229431152344
209866,normal,30,0,1782361080.2160127,0.0022754669189453125
209867,normal,1603,0,1782361080.2175763,0.0015635490417480469
209868,normal,2553,0,1782361080.219763,0.0021867752075195312
209869,normal,410,0,1782361080.2217736,0.0020105838775634766
209870,normal,2610,0,1782361080.2235582,0.0017845630645751953
209871,normal,1177,0,1782361080.2257915,0.002233266830444336
209872,normal,777,2,1782361080.2277062,0.0019147396087646484
209873,normal,1684,0,1782361080.2298589,0.002152681350708008
209874,normal,1585,0,1782361080.2315378,0.0016789436340332031
209875,normal,1206,0,1782361080.2338302,0.0022923946380615234
209876,normal,537,0,1782361080.236298,0.0024678707122802734
209877,normal,1512,0,1782361080.238338,0.0020399093627929688
209878,normal,1623,0,1782361080.2396607,0.0013227462768554688
209879,normal,2783,0,1782361080.2422485,0.0025877952575683594
209880,normal,1460,0,1782361080.2438447,0.001596212387084961
209881,normal,1530,0,1782361080.246194,0.0023491382598876953
209882,normal,334,0,1782361080.2481537,0.0019598007202148438
209883,normal,3402,0,1782361080.2497082,0.0015544891357421875
209884,normal,127,0,1782361080.2517726,0.0020644664764404297
209885,normal,2101,0,1782361080.2536397,0.001867055892944336
209886,normal,873,2,1782361080.255764,0.002124309539794922
209887,normal,3244,1,1782361080.2577813,0.0020172595977783203
209888,normal,1193,0,1782361080.2596757,0.0018944740295410156
209889,normal,101,0,1782361080.2617855,0.0021097660064697266
209890,normal,1493,0,1782361080.2637873,0.0020017623901367188
209891,normal,2492,0,1782361080.2656386,0.0018513202667236328
209892,normal,123,0,1782361080.267775,0.0021364688873291016
209893,normal,1537,0,1782361080.2698169,0.0020418167114257812
209894,normal,386,0,1782361080.2717953,0.0019783973693847656
209895,normal,1068,0,1782361080.2736526,0.0018572807312011719
209896,normal,2844,0,1782361080.2757642,0.002111673355102539
209897,normal,2139,0,1782361080.2776241,0.001859903335571289
209898,normal,799,2,1782361080.2798615,0.0022373199462890625
209899,normal,674,0,1782361080.281726,0.0018644332885742188
209900,normal,3242,1,1782361080.2838063,0.0020804405212402344
209901,normal,2890,0,1782361080.2854986,0.0016922950744628906
209902,normal,3673,0,1782361080.2877848,0.002286195755004883
209903,normal,1818,0,1782361080.2896519,0.001867055892944336
209904,normal,3168,1,1782361080.2917807,0.0021288394927978516
209905,normal,1340,1,1782361080.293778,0.001997232437133789
209906,normal,2579,0,1782361080.2956064,0.0018284320831298828
209907,normal,1322,1,1782361080.2977993,0.002192974090576172
209908,normal,3189,1,1782361080.2998059,0.00200653076171875
209909,normal,1712,0,1782361080.301707,0.0019011497497558594
209910,normal,2044,0,1782361080.3035002,0.0017931461334228516
209911,normal,2202,0,1782361080.3057883,0.0022881031036376953
209912,normal,1399,0,1782361080.3075957,0.0018074512481689453
209913,normal,3533,0,1782361080.309799,0.002203226089477539
209914,normal,2893,0,1782361080.3117807,0.0019817352294921875
209915,normal,3495,0,1782361080.3136084,0.0018277168273925781
209916,normal,2462,0,1782361080.3158295,0.0022211074829101562
209917,normal,364,0,1782361080.3177116,0.0018820762634277344
209918,normal,2565,0,1782361080.3197672,0.002055644989013672
209919,normal,1849,0,1782361080.3215535,0.0017862319946289062
209920,normal,1880,0,1782361080.3238084,0.002254962921142578
209921,normal,1350,1,1782361080.3256104,0.0018019676208496094
209922,normal,3239,1,1782361080.3277442,0.0021338462829589844
209923,normal,2652,0,1782361080.3296528,0.0019085407257080078
209924,normal,407,0,1782361080.3316302,0.0019774436950683594
209925,normal,1090,0,1782361080.333649,0.0020186901092529297
209926,normal,1757,0,1782361080.3356483,0.001999378204345703
209927,normal,1202,0,1782361080.3377478,0.0020995140075683594
209928,normal,2298,0,1782361080.3395433,0.0017955303192138672
209929,normal,2394,0,1782361080.3418694,0.0023260116577148438
209930,normal,2109,0,1782361080.343594,0.0017247200012207031
209931,normal,540,0,1782361080.345893,0.0022988319396972656
209932,normal,878,2,1782361080.3478017,0.0019087791442871094
209933,normal,690,0,1782361080.3497996,0.0019979476928710938
209934,normal,2742,0,1782361080.351836,0.0020363330841064453
209935,normal,2895,0,1782361080.3536212,0.0017852783203125
209936,normal,3040,0,1782361080.3556283,0.002007007598876953
209937,normal,876,2,1782361080.3576233,0.001995086669921875
209938,normal,2797,0,1782361080.3596232,0.0019998550415039062
209939,normal,3268,1,1782361080.36176,0.002136707305908203
209940,normal,472,0,1782361080.3634841,0.0017242431640625
209941,normal,2207,0,1782361080.3656437,0.002159595489501953
209942,normal,992,2,1782361080.3676138,0.001970052719116211
209943,normal,1401,0,1782361080.369635,0.002021312713623047
209944,normal,20,0,1782361080.3718586,0.002223491668701172
209945,normal,1051,0,1782361080.373543,0.001684427261352539
209946,normal,219,0,1782361080.3759613,0.0024182796478271484
209947,normal,194,0,1782361080.3777907,0.001829385757446289
209948,normal,1869,0,1782361080.3797872,0.0019965171813964844
209949,normal,125,0,1782361080.3816543,0.001867055892944336
209950,normal,1134,0,1782361080.383793,0.002138853073120117
209951,normal,2470,0,1782361080.385625,0.0018317699432373047
209952,normal,1342,1,1782361080.387795,0.002170085906982422
209953,normal,3140,1,1782361080.389874,0.002079010009765625
209954,normal,1080,0,1782361080.391539,0.0016651153564453125
209955,normal,3496,0,1782361080.3937705,0.0022313594818115234
209956,normal,1582,0,1782361080.395766,0.001995563507080078
209957,normal,2525,0,1782361080.397648,0.0018820762634277344
209958,normal,1211,0,1782361080.3997903,0.002142190933227539
209959,normal,2987,0,1782361080.4017227,0.001932382583618164
209960,normal,2915,0,1782361080.403598,0.0018754005432128906
209961,normal,3320,1,1782361080.4056933,0.0020952224731445312
209962,normal,3655,0,1782361080.4076972,0.002003908157348633
209963,normal,1877,0,1782361080.4096096,0.0019123554229736328
209964,normal,3095,1,1782361080.4116504,0.002040863037109375
209965,normal,880,2,1782361080.4139006,0.002250194549560547
209966,normal,1044,0,1782361080.415595,0.0016944408416748047
209967,normal,1966,0,1782361080.4177585,0.002163410186767578
209968,normal,3684,0,1782361080.4197657,0.0020072460174560547
209969,normal,276,0,1782361080.4215934,0.0018277168273925781
209970,normal,1284,0,1782361080.4236982,0.0021047592163085938
209971,normal,42,0,1782361080.4256208,0.001922607421875
209972,normal,2486,0,1782361080.4278483,0.0022275447845458984
209973,normal,3442,0,1782361080.4296534,0.0018050670623779297
209974,normal,3034,0,1782361080.4318705,0.0022170543670654297
209975,normal,1442,0,1782361080.4337027,0.0018322467803955078
209976,normal,703,0,1782361080.4358964,0.0021936893463134766
209977,normal,3031,0,1782361080.4377131,0.0018167495727539062
209978,normal,1248,0,1782361080.4397824,0.002069234848022461
209979,normal,2310,0,1782361080.442085,0.0023026466369628906
209980,normal,2466,0,1782361080.4440222,0.0019371509552001953
209981,normal,1994,0,1782361080.4458716,0.0018494129180908203
209982,normal,1842,0,1782361080.4478104,0.0019388198852539062
209983,normal,1432,0,1782361080.4498565,0.0020461082458496094
209984,normal,1988,0,1782361080.4518166,0.0019600391387939453
209985,normal,104,0,1782361080.4536848,0.0018682479858398438
209986,normal,2766,0,1782361080.4562812,0.0025963783264160156
209987,normal,2131,0,1782361080.4577372,0.0014560222625732422
209988,normal,1848,0,1782361080.4596431,0.0019059181213378906
209989,normal,1954,0,1782361080.4618301,0.002187013626098633
209990,normal,2122,0,1782361080.4637067,0.0018765926361083984
209991,normal,1806,0,1782361080.465699,0.0019922256469726562
209992,normal,2456,0,1782361080.4678104,0.0021114349365234375
209993,normal,2191,0,1782361080.4696856,0.001875162124633789
209994,normal,2847,0,1782361080.471657,0.0019714832305908203
209995,normal,319,0,1782361080.4738243,0.002167224884033203
209996,normal,3134,1,1782361080.475736,0.0019116401672363281
209997,normal,3025,0,1782361080.4776506,0.0019147396087646484
209998,normal,2311,0,1782361080.4797814,0.002130746841430664
209999,normal,299,0,1782361080.4816713,0.001889944076538086
210000,normal,3626,0,1782361080.483785,0.0021135807037353516
210001,normal,2894,0,1782361080.485784,0.0019991397857666016
210002,normal,3173,1,1782361080.4876797,0.0018956661224365234
210003,normal,653,0,1782361080.4898505,0.0021708011627197266
210004,normal,773,2,1782361080.4918623,0.0020117759704589844
210005,normal,154,0,1782361080.4936461,0.0017838478088378906
210006,normal,2179,0,1782361080.4956872,0.0020411014556884766
210007,normal,1903,0,1782361080.4978368,0.0021495819091796875
210008,normal,315,0,1782361080.4996397,0.0018029212951660156
210009,normal,2608,0,1782361080.5017805,0.0021407604217529297
210010,normal,3589,0,1782361080.503551,0.0017704963684082031
210011,normal,1619,0,1782361080.505684,0.002132892608642578
210012,normal,501,0,1782361080.507699,0.0020151138305664062
210013,normal,1913,0,1782361080.509725,0.002026081085205078
210014,normal,2554,0,1782361080.5116103,0.0018851757049560547
210015,normal,858,2,1782361080.5137413,0.0021309852600097656
210016,normal,608,0,1782361080.5157776,0.0020363330841064453
210017,normal,2940,0,1782361080.5177732,0.001995563507080078
210018,normal,2804,0,1782361080.5195215,0.0017483234405517578
210019,normal,3122,1,1782361080.5217066,0.0021851062774658203
210020,normal,1905,0,1782361080.5237906,0.002084016799926758
210021,normal,3542,0,1782361080.525597,0.001806497573852539
210022,normal,2313,0,1782361080.52763,0.0020329952239990234
210023,normal,699,0,1782361080.5295455,0.0019154548645019531
210024,normal,1154,0,1782361080.531621,0.0020754337310791016
210025,normal,1358,1,1782361080.5336325,0.002011537551879883
210026,normal,3369,1,1782361080.535652,0.0020194053649902344
210027,normal,759,0,1782361080.5376136,0.0019617080688476562
210028,normal,3219,1,1782361080.5396385,0.0020248889923095703
210029,normal,494,0,1782361080.5416121,0.0019736289978027344
210030,normal,193,0,1782361080.543654,0.0020418167114257812
210031,normal,729,0,1782361080.5458918,0.0022377967834472656
210032,normal,1683,0,1782361080.5475423,0.0016505718231201172
210033,normal,1043,0,1782361080.5499089,0.0023665428161621094
210034,normal,664,0,1782361080.5517175,0.0018086433410644531
210035,normal,403,0,1782361080.5536983,0.0019807815551757812
210036,normal,999,2,1782361080.5556002,0.001901865005493164
210037,normal,355,0,1782361080.5576808,0.002080678939819336
210038,normal,3092,1,1782361080.5596316,0.0019507408142089844
210039,normal,342,0,1782361080.5618782,0.0022466182708740234
210040,normal,2248,0,1782361080.563687,0.0018088817596435547
210041,normal,2447,0,1782361080.5657635,0.002076387405395508
210042,normal,2392,0,1782361080.5676389,0.0018754005432128906
210043,normal,196,0,1782361080.5697887,0.002149820327758789
210044,normal,3491,0,1782361080.5716772,0.0018885135650634766
210045,normal,1028,2,1782361080.5738368,0.002159595489501953
210046,normal,2126,0,1782361080.5757327,0.001895904541015625
210047,normal,768,0,1782361080.5776417,0.001909017562866211
210048,normal,1105,0,1782361080.5796874,0.0020456314086914062
210049,normal,2643,0,1782361080.5820243,0.0023369789123535156
210050,normal,3100,1,1782361080.5843456,0.0023212432861328125
210051,normal,3127,1,1782361080.5855486,0.0012030601501464844
210052,normal,3162,1,1782361080.5881615,0.0026128292083740234
210053,normal,3535,0,1782361080.5899465,0.0017850399017333984
210054,normal,2406,0,1782361080.592181,0.0022344589233398438
210055,normal,3355,1,1782361080.5942516,0.0020706653594970703
210056,normal,1948,0,1782361080.5956764,0.0014247894287109375
210057,normal,947,2,1782361080.5977685,0.002092123031616211
210058,normal,381,0,1782361080.5997684,0.0019998550415039062
210059,normal,1995,0,1782361080.6016266,0.0018582344055175781
210060,normal,1014,2,1782361080.6037793,0.002152681350708008
210061,normal,2052,0,1782361080.605793,0.002013683319091797
210062,normal,3621,0,1782361080.6076512,0.0018582344055175781
210063,normal,421,0,1782361080.609774,0.0021228790283203125
210064,normal,2205,0,1782361080.6117728,0.0019986629486083984
210065,normal,942,2,1782361080.6136801,0.0019073486328125
210066,normal,3529,0,1782361080.6158354,0.002155303955078125
210067,normal,1076,0,1782361080.6177416,0.0019061565399169922
210068,normal,3228,1,1782361080.6197748,0.002033233642578125
210069,normal,583,0,1782361080.6217842,0.0020093917846679688
210070,normal,1180,0,1782361080.6237037,0.0019195079803466797
210071,normal,3295,1,1782361080.6258368,0.0021331310272216797
210072,normal,2741,0,1782361080.6277578,0.001920938491821289
210073,normal,1387,0,1782361080.629656,0.0018982887268066406
210074,normal,3468,0,1782361080.6322093,0.002553224563598633
210075,normal,3698,0,1782361080.6336172,0.0014078617095947266
210076,normal,3586,0,1782361080.635653,0.002035856246948242
210077,normal,2514,0,1782361080.6375122,0.0018591880798339844
210078,normal,307,0,1782361080.6396286,0.0021164417266845703
210079,normal,3455,0,1782361080.6416328,0.0020041465759277344
210080,normal,1208,0,1782361080.643659,0.0020263195037841797
210081,normal,1929,0,1782361080.6458282,0.0021691322326660156
210082,normal,1898,0,1782361080.6478465,0.0020182132720947266
210083,normal,1840,0,1782361080.6495585,0.0017120838165283203
210084,normal,3175,1,1782361080.65178,0.002221345901489258
210085,normal,764,0,1782361080.6536448,0.0018649101257324219
210086,normal,826,2,1782361080.6557753,0.0021305084228515625
210087,normal,3286,1,1782361080.6576421,0.0018668174743652344
210088,normal,3700,0,1782361080.6597784,0.00213623046875
210089,normal,2445,0,1782361080.661706,0.0019276142120361328
210090,normal,1776,0,1782361080.663854,0.0021479129791259766
210091,normal,1888,0,1782361080.6657133,0.001859426498413086
210092,normal,1274,0,1782361080.6677704,0.0020570755004882812
210093,normal,1160,0,1782361080.6695647,0.0017943382263183594
210094,normal,1645,0,1782361080.6718166,0.002251863479614258
210095,normal,1783,0,1782361080.6735597,0.0017430782318115234
210096,normal,3672,0,1782361080.6758003,0.0022406578063964844
210097,normal,36,0,1782361080.6776407,0.001840353012084961
210098,normal,496,0,1782361080.6796925,0.002051830291748047
210099,normal,3397,1,1782361080.6817708,0.0020782947540283203
210100,normal,3623,0,1782361080.6838303,0.002059459686279297
210101,normal,1563,0,1782361080.6856155,0.0017852783203125
210102,normal,1373,1,1782361080.6877737,0.0021581649780273438
210103,normal,3345,1,1782361080.6896079,0.0018341541290283203
210104,normal,1629,0,1782361080.691819,0.0022110939025878906
210105,normal,415,0,1782361080.6938252,0.0020062923431396484
210106,normal,613,0,1782361080.6957893,0.001964092254638672
210107,normal,640,0,1782361080.6976936,0.0019042491912841797
210108,normal,1240,0,1782361080.6996257,0.0019321441650390625
210109,normal,3485,0,1782361080.7016542,0.0020284652709960938
210110,normal,3662,0,1782361080.703512,0.001857757568359375
210111,normal,1532,0,1782361080.7056344,0.0021224021911621094
210112,normal,2693,0,1782361080.707835,0.002200603485107422
210113,normal,2421,0,1782361080.7095072,0.0016722679138183594
210114,normal,1281,0,1782361080.7116306,0.0021233558654785156
210115,normal,2323,0,1782361080.7137582,0.0021276473999023438
210116,normal,1854,0,1782361080.715632,0.0018737316131591797
210117,normal,3584,0,1782361080.7176604,0.0020284652709960938
210118,normal,3026,0,1782361080.7197235,0.0020630359649658203
210119,normal,406,0,1782361080.7217243,0.0020008087158203125
210120,normal,2826,0,1782361080.7236376,0.001913309097290039
210121,normal,1144,0,1782361080.7258332,0.002195596694946289
210122,normal,750,0,1782361080.7275298,0.0016965866088867188
210123,normal,428,0,1782361080.7296565,0.0021266937255859375
210124,normal,558,0,1782361080.7316556,0.0019991397857666016
210125,normal,2175,0,1782361080.7335262,0.0018706321716308594
210126,normal,836,2,1782361080.7357495,0.0022232532501220703
210127,normal,2327,0,1782361080.7377324,0.0019829273223876953
210128,normal,1425,0,1782361080.7395148,0.0017824172973632812
210129,normal,2923,0,1782361080.741645,0.002130270004272461
210130,normal,1590,0,1782361080.7436483,0.002003192901611328
210131,normal,1755,0,1782361080.7455385,0.0018901824951171875
210132,normal,116,0,1782361080.747687,0.0021486282348632812
210133,normal,1396,0,1782361080.749655,0.001967906951904297
210134,normal,2040,0,1782361080.7515354,0.0018804073333740234
210135,normal,2723,0,1782361080.7537282,0.0021927356719970703
210136,normal,706,0,1782361080.755647,0.001918792724609375
210137,normal,2778,0,1782361080.7575188,0.0018718242645263672
210138,normal,856,2,1782361080.7599292,0.002410411834716797
210139,normal,2562,0,1782361080.7616313,0.0017020702362060547
210140,normal,2904,0,1782361080.7637734,0.002142190933227539
210141,normal,1700,0,1782361080.7656584,0.0018849372863769531
210142,normal,2623,0,1782361080.7677948,0.0021364688873291016
210143,normal,1702,0,1782361080.7695212,0.001726388931274414
210144,normal,2931,0,1782361080.771638,0.002116680145263672
210145,normal,2209,0,1782361080.7736902,0.00205230712890625
210146,normal,297,0,1782361080.7755938,0.001903533935546875
210147,normal,2707,0,1782361080.7777693,0.002175569534301758
210148,normal,624,0,1782361080.7797348,0.0019655227661132812
210149,normal,2419,0,1782361080.7817678,0.0020329952239990234
210150,normal,3683,0,1782361080.7835386,0.0017707347869873047
210151,normal,1754,0,1782361080.78565,0.0021114349365234375
210152,normal,1001,2,1782361080.7877035,0.002053499221801758
210153,normal,2200,0,1782361080.7897787,0.0020751953125
210154,normal,1030,0,1782361080.7918932,0.002114534378051758
210155,normal,1993,0,1782361080.7935905,0.0016973018646240234
210156,normal,3421,0,1782361080.7957199,0.0021293163299560547
210157,normal,1626,0,1782361080.7977548,0.002034902572631836
210158,normal,2823,0,1782361080.7996173,0.0018625259399414062
210159,normal,1616,0,1782361080.8021727,0.002555370330810547
210160,normal,2423,0,1782361080.803567,0.0013942718505859375
210161,normal,374,0,1782361080.8058035,0.002236604690551758
210162,normal,961,2,1782361080.8075538,0.0017502307891845703
210163,normal,1693,0,1782361080.8097079,0.002154111862182617
210164,normal,1730,0,1782361080.8115554,0.0018475055694580078
210165,normal,3614,0,1782361080.8137002,0.0021448135375976562
210166,normal,120,0,1782361080.8156998,0.0019996166229248047
210167,normal,552,0,1782361080.8175302,0.0018303394317626953
210168,normal,3699,0,1782361080.8197262,0.002196073532104492
210169,normal,3539,0,1782361080.8215344,0.00180816650390625
210170,normal,427,0,1782361080.823657,0.002122640609741211
210171,normal,97,0,1782361080.8255253,0.0018682479858398438
210172,normal,2315,0,1782361080.8276558,0.0021305084228515625
210173,normal,619,0,1782361080.8295224,0.0018665790557861328
210174,normal,66,0,1782361080.8316574,0.002135038375854492
210175,normal,3096,1,1782361080.8337147,0.002057313919067383
210176,normal,1790,0,1782361080.835599,0.0018842220306396484
210177,normal,3358,1,1782361080.837819,0.00222015380859375
210178,normal,117,0,1782361080.839531,0.0017118453979492188
210179,normal,2690,0,1782361080.8416867,0.002155780792236328
210180,normal,331,0,1782361080.8436072,0.001920461654663086
210181,normal,1489,0,1782361080.845642,0.002034902572631836
210182,normal,1436,0,1782361080.8475022,0.0018601417541503906
210183,normal,1765,0,1782361080.8496304,0.002128124237060547
210184,normal,122,0,1782361080.851615,0.0019845962524414062
210185,normal,3288,1,1782361080.8535469,0.001931905746459961
210186,normal,3646,0,1782361080.855534,0.0019872188568115234
210187,normal,3668,0,1782361080.8577545,0.0022203922271728516
210188,normal,3135,1,1782361080.8595743,0.0018198490142822266
210189,normal,87,0,1782361080.8616014,0.0020270347595214844
210190,normal,1152,0,1782361080.8635936,0.0019922256469726562
210191,normal,2599,0,1782361080.8655565,0.001962900161743164
210192,normal,148,0,1782361080.8677886,0.002232074737548828
210193,normal,2855,0,1782361080.8696523,0.001863718032836914
210194,normal,1501,0,1782361080.8714917,0.0018393993377685547
210195,normal,903,2,1782361080.8735166,0.0020248889923095703
210196,normal,2743,0,1782361080.8755767,0.0020601749420166016
210197,normal,2129,0,1782361080.877531,0.001954317092895508
210198,normal,879,2,1782361080.8798182,0.002287149429321289
210199,normal,2494,0,1782361080.8815038,0.0016856193542480469
210200,normal,147,0,1782361080.8836298,0.002125978469848633
210201,normal,2815,0,1782361080.8855007,0.001870870590209961
210202,normal,2253,0,1782361080.887633,0.002132415771484375
210203,normal,2535,0,1782361080.889972,0.002338886260986328
210204,normal,2614,0,1782361080.8916397,0.0016677379608154297
210205,normal,2105,0,1782361080.8937566,0.0021169185638427734
210206,normal,1479,0,1782361080.8957953,0.002038717269897461
210207,normal,1032,0,1782361080.8975177,0.0017223358154296875
210208,normal,839,2,1782361080.899697,0.002179384231567383
210209,normal,960,2,1782361080.9015331,0.0018360614776611328
210210,normal,53,0,1782361080.9036977,0.002164602279663086
210211,normal,1057,0,1782361080.9059615,0.002263784408569336
210212,normal,1900,0,1782361080.9075625,0.0016009807586669922
210213,normal,3664,0,1782361080.9096415,0.002079010009765625
210214,normal,2081,0,1782361080.9116483,0.0020067691802978516
210215,normal,1363,1,1782361080.9135268,0.001878499984741211
210216,normal,180,0,1782361080.9156919,0.002165079116821289
210217,normal,1752,0,1782361080.91772,0.002028226852416992
210218,normal,2699,0,1782361080.919637,0.0019168853759765625
210219,normal,1197,0,1782361080.921733,0.002095937728881836
210220,normal,3677,0,1782361080.9236934,0.0019605159759521484
210221,normal,1769,0,1782361080.9258146,0.0021212100982666016
210222,normal,2969,0,1782361080.9281604,0.0023458003997802734
210223,normal,637,0,1782361080.9295952,0.0014348030090332031
210224,normal,2121,0,1782361080.9319353,0.002340078353881836
210225,normal,610,0,1782361080.9338117,0.0018763542175292969
210226,normal,2467,0,1782361080.9358027,0.0019910335540771484
210227,normal,464,0,1782361080.937846,0.0020432472229003906
210228,normal,945,2,1782361080.9397418,0.001895904541015625
210229,normal,2508,0,1782361080.9416583,0.0019164085388183594
210230,normal,1879,0,1782361080.9435122,0.00185394287109375
210231,normal,816,2,1782361080.9456348,0.002122640609741211
210232,normal,643,0,1782361080.9476352,0.0020003318786621094
210233,normal,2733,0,1782361080.94954,0.0019047260284423828
210234,normal,1975,0,1782361080.9516854,0.002145528793334961
210235,normal,709,0,1782361080.9536555,0.001970052719116211
210236,normal,3005,0,1782361080.9555209,0.001865386962890625
210237,normal,2863,0,1782361080.9576583,0.002137422561645508
210238,normal,1397,0,1782361080.9597082,0.0020499229431152344
210239,normal,1826,0,1782361080.9615943,0.001886129379272461
210240,normal,3262,1,1782361080.9637628,0.002168416976928711
210241,normal,1614,0,1782361080.965646,0.0018832683563232422
210242,normal,3148,1,1782361080.9675503,0.0019042491912841797
210243,normal,2540,0,1782361080.96972,0.0021696090698242188
210244,normal,1170,0,1782361080.9717386,0.0020186901092529297
210245,normal,1139,0,1782361080.9736319,0.0018932819366455078
210246,normal,1045,0,1782361080.9756367,0.002004861831665039
210247,normal,442,0,1782361080.9776604,0.0020236968994140625
210248,normal,2484,0,1782361080.9795244,0.0018639564514160156
210249,normal,2727,0,1782361080.9815345,0.0020101070404052734
210250,normal,3146,1,1782361080.9836855,0.002151012420654297
210251,normal,1490,0,1782361080.9855294,0.0018439292907714844
210252,normal,3476,0,1782361080.9876876,0.0021581649780273438
210253,normal,580,0,1782361080.9896965,0.0020089149475097656
210254,normal,1245,0,1782361080.9916177,0.0019211769104003906
210255,normal,3517,0,1782361080.9936457,0.0020279884338378906
210256,normal,2821,0,1782361080.9956546,0.0020089149475097656
210257,normal,546,0,1782361080.99752,0.001865386962890625
210258,normal,2870,0,1782361080.9996493,0.0021293163299560547
210259,normal,188,0,1782361081.0016534,0.0020041465759277344
210260,normal,3400,1,1782361081.0035448,0.0018913745880126953
210261,normal,3309,1,1782361081.0057359,0.0021910667419433594
210262,normal,2238,0,1782361081.0077283,0.001992464065551758
210263,normal,444,0,1782361081.0095975,0.00186920166015625
210264,normal,738,0,1782361081.01171,0.0021123886108398438
210265,normal,2203,0,1782361081.0136883,0.0019783973693847656
210266,normal,3045,1,1782361081.0155416,0.0018532276153564453
210267,normal,3227,1,1782361081.017701,0.0021593570709228516
210268,normal,3044,0,1782361081.0196412,0.0019402503967285156
210269,normal,3374,1,1782361081.0215192,0.0018780231475830078
210270,normal,922,2,1782361081.0236487,0.0021295547485351562
210271,normal,3204,1,1782361081.0257497,0.0021009445190429688
210272,normal,507,0,1782361081.0276566,0.0019068717956542969
210273,normal,784,2,1782361081.0296962,0.002039670944213867
210274,normal,3072,1,1782361081.03175,0.0020537376403808594
210275,normal,1949,0,1782361081.033597,0.0018470287322998047
210276,normal,622,0,1782361081.0358708,0.0022737979888916016
210277,normal,1823,0,1782361081.0379474,0.0020766258239746094
210278,normal,1856,0,1782361081.0397196,0.001772165298461914
210279,normal,3464,0,1782361081.0417538,0.0020341873168945312
210280,normal,2756,0,1782361081.043774,0.002020120620727539
210281,normal,3525,0,1782361081.045637,0.0018630027770996094
210282,normal,3004,0,1782361081.0477674,0.0021305084228515625
210283,normal,9,0,1782361081.0498476,0.002080202102661133
210284,normal,155,0,1782361081.0516887,0.0018410682678222656
210285,normal,438,0,1782361081.0537612,0.002072572708129883
210286,normal,1223,0,1782361081.0556786,0.0019173622131347656
210287,normal,857,2,1782361081.0575502,0.0018715858459472656
210288,normal,1017,2,1782361081.0596402,0.002089977264404297
210289,normal,2703,0,1782361081.0616825,0.0020422935485839844
210290,normal,2612,0,1782361081.0637949,0.0021123886108398438
210291,normal,2024,0,1782361081.065616,0.0018210411071777344
210292,normal,234,0,1782361081.067847,0.002231121063232422
210293,normal,804,2,1782361081.0695322,0.0016851425170898438
210294,normal,1939,0,1782361081.0718405,0.002308368682861328
210295,normal,2147,0,1782361081.0736578,0.0018172264099121094
210296,normal,1839,0,1782361081.0757878,0.0021300315856933594
210297,normal,1353,1,1782361081.0776522,0.0018644332885742188
210298,normal,74,0,1782361081.0797927,0.002140522003173828
210299,normal,3416,0,1782361081.0814886,0.001695871353149414
210300,normal,3616,0,1782361081.0837789,0.0022902488708496094
210301,normal,2275,0,1782361081.0857816,0.002002716064453125
210302,normal,1315,0,1782361081.0876017,0.0018200874328613281
210303,normal,1148,0,1782361081.0898192,0.002217531204223633
210304,normal,2835,0,1782361081.0917976,0.0019783973693847656
210305,normal,1817,0,1782361081.093595,0.0017974376678466797
210306,normal,2678,0,1782361081.0958183,0.0022232532501220703
210307,normal,2307,0,1782361081.0977879,0.001969575881958008
210308,normal,1786,0,1782361081.0996196,0.0018317699432373047
210309,normal,532,0,1782361081.101846,0.0022263526916503906
210310,normal,1734,0,1782361081.1037295,0.0018835067749023438
210311,normal,3247,1,1782361081.10564,0.0019104480743408203
210312,normal,1504,0,1782361081.1076813,0.002041339874267578
210313,normal,3649,0,1782361081.109766,0.0020847320556640625
210314,normal,1233,0,1782361081.111531,0.0017650127410888672
210315,normal,1801,0,1782361081.113635,0.002104043960571289
210316,normal,2910,0,1782361081.1158385,0.0022034645080566406
210317,normal,1107,0,1782361081.117524,0.0016853809356689453
210318,normal,11,0,1782361081.11991,0.0023860931396484375
210319,normal,1997,0,1782361081.12176,0.0018498897552490234
210320,normal,918,2,1782361081.123703,0.0019431114196777344
210321,normal,2616,0,1782361081.1256077,0.0019047260284423828
210322,normal,2618,0,1782361081.127695,0.0020873546600341797
210323,normal,2556,0,1782361081.1297543,0.0020592212677001953
210324,normal,3113,1,1782361081.131869,0.0021147727966308594
210325,normal,3235,1,1782361081.1337612,0.00189208984375
210326,normal,1744,0,1782361081.1356516,0.001890420913696289
210327,normal,3414,0,1782361081.1375709,0.0019192695617675781
210328,normal,2333,0,1782361081.13978,0.002209186553955078
210329,normal,2319,0,1782361081.1415727,0.0017926692962646484
210330,normal,843,2,1782361081.1438277,0.002254962921142578
210331,normal,2961,0,1782361081.1457794,0.0019516944885253906
210332,normal,1992,0,1782361081.1475003,0.0017209053039550781
210333,normal,2112,0,1782361081.1497302,0.002229928970336914
210334,normal,3266,1,1782361081.151716,0.001985788345336914
210335,normal,3520,0,1782361081.1536078,0.0018918514251708984
210336,normal,2878,0,1782361081.155738,0.002130270004272461
210337,normal,3534,0,1782361081.1576488,0.0019106864929199219
210338,normal,3016,0,1782361081.159545,0.0018961429595947266
210339,normal,1589,0,1782361081.1616952,0.002150297164916992
210340,normal,2597,0,1782361081.1637304,0.0020351409912109375
210341,normal,2853,0,1782361081.165507,0.0017766952514648438
210342,normal,2651,0,1782361081.1676989,0.002191781997680664
210343,normal,3581,0,1782361081.1696863,0.001987457275390625
210344,normal,1497,0,1782361081.1716,0.0019137859344482422
210345,normal,3195,1,1782361081.1736565,0.0020563602447509766
210346,normal,2532,0,1782361081.1756845,0.0020279884338378906
210347,normal,1220,0,1782361081.177637,0.0019526481628417969
210348,normal,2472,0,1782361081.1797404,0.0021033287048339844
210349,normal,1140,0,1782361081.181758,0.002017498016357422
210350,normal,1799,0,1782361081.1835163,0.0017583370208740234
210351,normal,3459,0,1782361081.1857023,0.0021860599517822266
210352,normal,667,0,1782361081.1877222,0.0020198822021484375
210353,normal,1374,1,1782361081.1895587,0.001836538314819336
210354,normal,2104,0,1782361081.1916432,0.002084493637084961
210355,normal,1960,0,1782361081.1936412,0.0019979476928710938
210356,normal,752,0,1782361081.1956515,0.002010345458984375
210357,normal,981,2,1782361081.1976562,0.0020046234130859375
210358,normal,1450,0,1782361081.1996984,0.0020422935485839844
210359,normal,2192,0,1782361081.2016578,0.0019593238830566406
210360,normal,1487,0,1782361081.2036433,0.0019855499267578125
210361,normal,1108,0,1782361081.2058365,0.0021932125091552734
210362,normal,1961,0,1782361081.2075763,0.0017397403717041016
210363,normal,3577,0,1782361081.209706,0.002129793167114258
210364,normal,503,0,1782361081.2117589,0.002052783966064453
210365,normal,1441,0,1782361081.2135894,0.0018305778503417969
210366,normal,41,0,1782361081.2156289,0.0020394325256347656
210367,normal,1120,0,1782361081.21762,0.0019910335540771484
210368,normal,691,0,1782361081.2196178,0.0019979476928710938
210369,normal,1602,0,1782361081.221873,0.0022552013397216797
210370,normal,3373,1,1782361081.2237177,0.001844644546508789
210371,normal,1555,0,1782361081.225655,0.0019373893737792969
210372,normal,2377,0,1782361081.2276297,0.0019745826721191406
210373,normal,505,0,1782361081.229776,0.0021462440490722656
210374,normal,3556,0,1782361081.2323472,0.0025713443756103516
210375,normal,2921,0,1782361081.2340546,0.001707315444946289
210376,normal,2674,0,1782361081.2358515,0.0017969608306884766
210377,normal,2343,0,1782361081.2374983,0.0016467571258544922
210378,normal,2218,0,1782361081.2396402,0.0021419525146484375
210379,normal,932,2,1782361081.2415597,0.0019195079803466797
210380,normal,5,0,1782361081.2437248,0.002165079116821289
210381,normal,734,0,1782361081.2455556,0.0018308162689208984
210382,normal,1958,0,1782361081.2477126,0.002156972885131836
210383,normal,1048,0,1782361081.2495759,0.001863241195678711
210384,normal,1337,1,1782361081.2518647,0.002288818359375
210385,normal,1674,0,1782361081.2534583,0.0015935897827148438
210386,normal,3565,0,1782361081.255778,0.002319812774658203
210387,normal,3574,0,1782361081.2576482,0.0018701553344726562
210388,normal,3557,0,1782361081.2597876,0.0021393299102783203
210389,normal,775,2,1782361081.2616591,0.0018715858459472656
210390,normal,2686,0,1782361081.263847,0.002187967300415039
210391,normal,1720,0,1782361081.2656171,0.00177001953125
210392,normal,2620,0,1782361081.2676964,0.0020792484283447266
210393,normal,1773,0,1782361081.269501,0.0018045902252197266
210394,normal,212,0,1782361081.2725124,0.003011465072631836
210395,normal,2134,0,1782361081.2742374,0.0017249584197998047
210396,normal,887,2,1782361081.2755594,0.001322031021118164
210397,normal,3342,1,1782361081.278279,0.0027196407318115234
210398,normal,3642,0,1782361081.279816,0.0015368461608886719
210399,normal,2216,0,1782361081.282101,0.002285003662109375
210400,normal,3703,0,1782361081.2841318,0.0020308494567871094
210401,normal,486,0,1782361081.285628,0.0014963150024414062
210402,normal,2558,0,1782361081.28778,0.002151966094970703
210403,normal,1859,0,1782361081.28977,0.0019898414611816406
210404,normal,665,0,1782361081.2915287,0.0017588138580322266
210405,normal,3685,0,1782361081.2937756,0.002246856689453125
210406,normal,1780,0,1782361081.29581,0.002034425735473633
210407,normal,2762,0,1782361081.2976859,0.0018758773803710938
210408,normal,3706,0,1782361081.299702,0.0020160675048828125
210409,normal,2352,0,1782361081.3017774,0.0020754337310791016
210410,normal,2457,0,1782361081.3036795,0.0019021034240722656
210411,normal,1013,2,1782361081.3058293,0.002149820327758789
210412,normal,901,2,1782361081.3077486,0.0019192695617675781
210413,normal,1657,0,1782361081.3096318,0.0018832683563232422
210414,normal,1775,0,1782361081.3117561,0.002124309539794922
210415,normal,3549,0,1782361081.3138196,0.0020635128021240234
210416,normal,2400,0,1782361081.3157122,0.0018925666809082031
210417,normal,1944,0,1782361081.3176746,0.001962423324584961
210418,normal,2366,0,1782361081.319718,0.0020432472229003906
210419,normal,1870,0,1782361081.321567,0.0018491744995117188
210420,normal,774,2,1782361081.323659,0.0020918846130371094
210421,normal,2877,0,1782361081.3256886,0.0020296573638916016
210422,normal,170,0,1782361081.3276398,0.0019512176513671875
210423,normal,2210,0,1782361081.3295498,0.0019099712371826172
210424,normal,656,0,1782361081.331687,0.0021371841430664062
210425,normal,1550,0,1782361081.3336213,0.0019342899322509766
210426,normal,1435,0,1782361081.3357537,0.002132415771484375
210427,normal,865,2,1782361081.3376935,0.0019397735595703125
210428,normal,1538,0,1782361081.3396382,0.0019447803497314453
210429,normal,2521,0,1782361081.3416328,0.001994609832763672
210430,normal,419,0,1782361081.343648,0.0020151138305664062
210431,normal,1467,0,1782361081.3456318,0.0019838809967041016
210432,normal,1785,0,1782361081.347649,0.0020172595977783203
210433,normal,393,0,1782361081.349643,0.001993894577026367
210434,normal,3003,0,1782361081.3516595,0.0020165443420410156
210435,normal,841,2,1782361081.3536818,0.002022266387939453
210436,normal,1010,2,1782361081.3557005,0.0020186901092529297
210437,normal,2367,0,1782361081.357792,0.0020914077758789062
210438,normal,1262,0,1782361081.3596141,0.0018222332000732422
210439,normal,1846,0,1782361081.3616521,0.0020380020141601562
210440,normal,2880,0,1782361081.3636978,0.0020456314086914062
210441,normal,2744,0,1782361081.365639,0.0019412040710449219
210442,normal,2984,0,1782361081.3676336,0.001994609832763672
210443,normal,31,0,1782361081.3696277,0.0019941329956054688
210444,normal,827,2,1782361081.371697,0.002069234848022461
210445,normal,3627,0,1782361081.3737254,0.0020284652709960938
210446,normal,926,2,1782361081.3755274,0.0018019676208496094
210447,normal,1784,0,1782361081.3777182,0.002190828323364258
210448,normal,1058,0,1782361081.3797543,0.0020360946655273438
210449,normal,214,0,1782361081.381703,0.0019485950469970703
210450,normal,2657,0,1782361081.3838623,0.0021593570709228516
210451,normal,2116,0,1782361081.3858285,0.001966238021850586
210452,normal,1984,0,1782361081.3875692,0.0017406940460205078
210453,normal,2943,0,1782361081.3896487,0.002079486846923828
210454,normal,2138,0,1782361081.3916426,0.001993894577026367
210455,normal,1279,0,1782361081.3936405,0.0019979476928710938
210456,normal,321,0,1782361081.3956575,0.0020170211791992188
210457,normal,3592,0,1782361081.397702,0.0020444393157958984
210458,normal,1544,0,1782361081.399495,0.00179290771484375
210459,normal,454,0,1782361081.4016414,0.002146482467651367
210460,normal,278,0,1782361081.4037879,0.002146482467651367
210461,normal,1724,0,1782361081.405642,0.0018541812896728516
210462,normal,3066,1,1782361081.407715,0.002073049545288086
210463,normal,621,0,1782361081.4098122,0.0020971298217773438
210464,normal,3638,0,1782361081.4117064,0.001894235610961914
210465,normal,481,0,1782361081.4137988,0.0020923614501953125
210466,normal,751,0,1782361081.4157271,0.0019283294677734375
210467,normal,3511,0,1782361081.4175053,0.0017781257629394531
210468,normal,2243,0,1782361081.4196444,0.0021390914916992188
210469,normal,912,2,1782361081.4218104,0.0021660327911376953
210470,normal,340,0,1782361081.4235623,0.0017518997192382812
210471,normal,2793,0,1782361081.4261124,0.0025501251220703125
210472,normal,1114,0,1782361081.4276726,0.001560211181640625
210473,normal,71,0,1782361081.4297729,0.002100229263305664
210474,normal,2449,0,1782361081.4316385,0.0018656253814697266
210475,normal,1543,0,1782361081.4337804,0.0021419525146484375
210476,normal,3019,0,1782361081.4356837,0.0019032955169677734
210477,normal,1022,2,1782361081.437815,0.002131223678588867
210478,normal,2473,0,1782361081.4397733,0.0019583702087402344
210479,normal,2463,0,1782361081.4417148,0.0019414424896240234
210480,normal,3446,0,1782361081.4438117,0.002096891403198242
210481,normal,126,0,1782361081.445774,0.001962423324584961
210482,normal,976,2,1782361081.4477186,0.0019445419311523438
210483,normal,1394,0,1782361081.4498508,0.0021321773529052734
210484,normal,2181,0,1782361081.4517548,0.0019040107727050781
210485,normal,3155,1,1782361081.4535928,0.0018379688262939453
210486,normal,928,2,1782361081.4558005,0.0022077560424804688
210487,normal,119,0,1782361081.4577317,0.0019311904907226562
210488,normal,587,0,1782361081.4595454,0.001813650131225586
210489,normal,2523,0,1782361081.461625,0.0020797252655029297
210490,normal,2851,0,1782361081.4638417,0.0022165775299072266
210491,normal,57,0,1782361081.465784,0.0019423961639404297
210492,normal,2751,0,1782361081.467732,0.0019478797912597656
210493,normal,2591,0,1782361081.4696453,0.001913309097290039
210494,normal,3379,1,1782361081.471572,0.0019266605377197266
210495,normal,3217,1,1782361081.473511,0.0019390583038330078
210496,normal,963,2,1782361081.4755397,0.0020287036895751953
210497,normal,3075,1,1782361081.4782088,0.002669095993041992
210498,normal,3318,1,1782361081.4797227,0.0015139579772949219
210499,normal,1466,0,1782361081.4819663,0.002243518829345703
210500,normal,950,2,1782361081.4836066,0.00164031982421875
210501,normal,1756,0,1782361081.48585,0.002243518829345703
210502,normal,769,0,1782361081.4878829,0.002032756805419922
210503,normal,1040,0,1782361081.4896832,0.0018002986907958984
210504,normal,1976,0,1782361081.4921312,0.0024480819702148438
210505,normal,0,0,1782361081.493653,0.0015218257904052734
210506,normal,2709,0,1782361081.495809,0.0021560192108154297
210507,normal,98,0,1782361081.4976912,0.0018820762634277344
210508,normal,3207,1,1782361081.4998028,0.002111673355102539
210509,normal,1909,0,1782361081.5016563,0.0018534660339355469
210510,normal,914,2,1782361081.5037937,0.002137422561645508
210511,normal,2013,0,1782361081.5059247,0.0021309852600097656
210512,normal,1235,0,1782361081.507632,0.001707315444946289
210513,normal,930,2,1782361081.5097446,0.0021126270294189453
210514,normal,2944,0,1782361081.5117962,0.0020515918731689453
210515,normal,2574,0,1782361081.513601,0.0018048286437988281
210516,normal,2110,0,1782361081.5157914,0.0021903514862060547
210517,normal,1199,0,1782361081.5178063,0.0020148754119873047
210518,normal,3028,0,1782361081.519615,0.0018086433410644531
210519,normal,2199,0,1782361081.521661,0.0020461082458496094
210520,normal,136,0,1782361081.5237198,0.002058744430541992
210521,normal,3611,0,1782361081.5256839,0.001964092254638672
210522,normal,1016,2,1782361081.5276399,0.0019559860229492188
210523,normal,1471,0,1782361081.5296483,0.0020084381103515625
210524,normal,1938,0,1782361081.53165,0.0020017623901367188
210525,normal,2999,0,1782361081.5337121,0.002062082290649414
210526,normal,3216,1,1782361081.5356212,0.001909017562866211
210527,normal,3022,0,1782361081.537606,0.001984834671020508
210528,normal,3287,1,1782361081.5395257,0.0019197463989257812
210529,normal,3160,1,1782361081.5416148,0.0020890235900878906
210530,normal,566,0,1782361081.543722,0.0021071434020996094
210531,normal,2355,0,1782361081.5455365,0.0018146038055419922
210532,normal,2080,0,1782361081.547718,0.002181529998779297
210533,normal,3308,1,1782361081.5497086,0.0019905567169189453
210534,normal,1697,0,1782361081.551647,0.0019383430480957031
210535,normal,3372,1,1782361081.5537777,0.002130746841430664
210536,normal,2642,0,1782361081.5555441,0.0017664432525634766
210537,normal,3528,0,1782361081.55779,0.0022459030151367188
210538,normal,3260,1,1782361081.5598009,0.002010822296142578
210539,normal,3359,1,1782361081.5615454,0.0017445087432861328
210540,normal,3106,1,1782361081.5636368,0.0020914077758789062
210541,normal,2450,0,1782361081.5656052,0.0019683837890625
210542,normal,3230,1,1782361081.5675695,0.0019643306732177734
210543,normal,791,2,1782361081.569747,0.0021774768829345703
210544,normal,581,0,1782361081.5716395,0.0018925666809082031
210545,normal,2328,0,1782361081.5736225,0.0019829273223876953
210546,normal,2528,0,1782361081.575616,0.001993417739868164
210547,normal,3630,0,1782361081.5776958,0.0020799636840820312
210548,normal,3370,1,1782361081.5798872,0.002191305160522461
210549,normal,2097,0,1782361081.581687,0.0017998218536376953
210550,normal,2018,0,1782361081.583791,0.002104043960571289
210551,normal,989,2,1782361081.5857637,0.001972675323486328
210552,normal,3596,0,1782361113.1032412,0.0
210553,normal,1279,0,1782361113.1053486,0.002107381820678711
210554,normal,3630,0,1782361113.1072223,0.0018737316131591797
210555,normal,2505,0,1782361113.1093378,0.002115488052368164
210556,normal,2087,0,1782361113.1114514,0.0021135807037353516
210557,normal,3223,1,1782361113.1132662,0.0018148422241210938
210558,normal,3090,1,1782361113.1154273,0.0021610260009765625
210559,normal,106,0,1782361113.117348,0.0019207000732421875
210560,normal,2755,0,1782361113.1192348,0.0018868446350097656
210561,normal,1845,0,1782361113.1213663,0.0021314620971679688
210562,normal,2272,0,1782361113.1234486,0.002082347869873047
210563,normal,2428,0,1782361113.1256166,0.002167940139770508
210564,normal,1891,0,1782361113.12729,0.0016734600067138672
210565,normal,109,0,1782361113.1295333,0.0022432804107666016
210566,normal,1890,0,1782361113.1312842,0.001750946044921875
210567,normal,797,2,1782361113.1335015,0.0022172927856445312
210568,normal,1448,0,1782361113.1353443,0.0018427371978759766
210569,normal,1779,0,1782361113.1373131,0.001968860626220703
210570,normal,1511,0,1782361113.139426,0.002112865447998047
210571,normal,1179,0,1782361113.1414711,0.002045154571533203
210572,normal,1341,1,1782361113.1432984,0.001827239990234375
210573,normal,1610,0,1782361113.1453104,0.002012014389038086
210574,normal,2003,0,1782361113.147392,0.002081632614135742
210575,normal,1932,0,1782361113.1492906,0.0018985271453857422
210576,normal,875,2,1782361113.151275,0.0019843578338623047
210577,normal,2337,0,1782361113.1532815,0.00200653076171875
210578,normal,96,0,1782361113.1552615,0.0019800662994384766
210579,normal,2054,0,1782361113.1572652,0.0020036697387695312
210580,normal,318,0,1782361113.1593308,0.0020656585693359375
210581,normal,3069,1,1782361113.161333,0.002002239227294922
210582,normal,898,2,1782361113.163244,0.0019109249114990234
210583,normal,2001,0,1782361113.1652794,0.002035379409790039
210584,normal,3031,0,1782361113.167277,0.001997709274291992
210585,normal,1302,0,1782361113.1692605,0.0019834041595458984
210586,normal,162,0,1782361113.1713266,0.0020661354064941406
210587,normal,3676,0,1782361113.173309,0.001982450485229492
210588,normal,1718,0,1782361113.1752598,0.0019507408142089844
210589,normal,2961,0,1782361113.1773248,0.002064943313598633
210590,normal,3530,0,1782361113.1793203,0.001995563507080078
210591,normal,1594,0,1782361113.1812367,0.0019164085388183594
210592,normal,3391,1,1782361113.1834085,0.002171754837036133
210593,normal,1000,2,1782361113.1852727,0.0018641948699951172
210594,normal,3071,1,1782361113.1872973,0.0020246505737304688
210595,normal,2263,0,1782361113.1893144,0.0020170211791992188
210596,normal,3622,0,1782361113.1912518,0.0019373893737792969
210597,normal,1873,0,1782361113.1932411,0.0019893646240234375
210598,normal,561,0,1782361113.1953447,0.002103567123413086
210599,normal,3339,1,1782361113.197235,0.001890420913696289
210600,normal,1559,0,1782361113.1992543,0.002019166946411133
210601,normal,289,0,1782361113.2012928,0.0020384788513183594
210602,normal,3238,1,1782361113.203233,0.0019402503967285156
210603,normal,3145,1,1782361113.205254,0.0020210742950439453
210604,normal,1609,0,1782361113.2072923,0.002038240432739258
210605,normal,143,0,1782361113.2092326,0.0019402503967285156
210606,normal,1385,0,1782361113.211253,0.0020203590393066406
210607,normal,2616,0,1782361113.2132905,0.002037525177001953
210608,normal,2124,0,1782361113.2152305,0.001940011978149414
210609,normal,3194,1,1782361113.2172515,0.0020210742950439453
210610,normal,2533,0,1782361113.219291,0.0020394325256347656
210611,normal,692,0,1782361113.2212312,0.0019402503967285156
210612,normal,1361,1,1782361113.2232683,0.00203704833984375
210613,normal,1879,0,1782361113.2252905,0.002022266387939453
210614,normal,354,0,1782361113.227232,0.0019414424896240234
210615,normal,220,0,1782361113.2292597,0.002027750015258789
210616,normal,839,2,1782361113.2312906,0.0020308494567871094
210617,normal,1534,0,1782361113.2332304,0.0019397735595703125
210618,normal,1370,1,1782361113.2352526,0.002022266387939453
210619,normal,967,2,1782361113.237293,0.002040386199951172
210620,normal,727,0,1782361113.2392294,0.0019364356994628906
210621,normal,2694,0,1782361113.2412515,0.0020220279693603516
210622,normal,2597,0,1782361113.2432933,0.0020418167114257812
210623,normal,2742,0,1782361113.2452304,0.0019371509552001953
210624,normal,3210,1,1782361113.247252,0.0020215511322021484
210625,normal,2537,0,1782361113.2492905,0.0020384788513183594
210626,normal,1677,0,1782361113.2512295,0.0019390583038330078
210627,normal,3011,0,1782361113.2532556,0.002026081085205078
210628,normal,854,2,1782361113.2552953,0.002039670944213867
210629,normal,3363,1,1782361113.2572305,0.0019352436065673828
210630,normal,3416,0,1782361113.259253,0.0020225048065185547
210631,normal,3130,1,1782361113.2612934,0.002040386199951172
210632,normal,2478,0,1782361113.263229,0.0019354820251464844
210633,normal,1061,0,1782361113.2652519,0.002022981643676758
210634,normal,1889,0,1782361113.2673125,0.0020606517791748047
210635,normal,1298,0,1782361113.2692366,0.0019240379333496094
210636,normal,2677,0,1782361113.2712536,0.0020170211791992188
210637,normal,2873,0,1782361113.273293,0.0020394325256347656
210638,normal,3211,1,1782361113.2752287,0.001935720443725586
210639,normal,892,2,1782361113.2772536,0.0020248889923095703
210640,normal,1100,0,1782361113.2793183,0.0020647048950195312
210641,normal,2595,0,1782361113.2812383,0.0019199848175048828
210642,normal,444,0,1782361113.2832549,0.0020165443420410156
210643,normal,2338,0,1782361113.2852945,0.002039670944213867
210644,normal,1875,0,1782361113.2872298,0.0019352436065673828
210645,normal,272,0,1782361113.2892542,0.002024412155151367
210646,normal,141,0,1782361113.2912924,0.002038240432739258
210647,normal,303,0,1782361113.2932324,0.001940011978149414
210648,normal,2925,0,1782361113.2952604,0.0020279884338378906
210649,normal,3290,1,1782361113.2972965,0.0020360946655273438
210650,normal,3202,1,1782361113.2992313,0.0019347667694091797
210651,normal,606,0,1782361113.3012872,0.0020558834075927734
210652,normal,2302,0,1782361113.30327,0.0019829273223876953
210653,normal,40,0,1782361113.3052402,0.001970052719116211
210654,normal,763,0,1782361113.3072875,0.002047300338745117
210655,normal,3028,0,1782361113.3093374,0.0020499229431152344
210656,normal,2615,0,1782361113.3112853,0.0019478797912597656
210657,normal,722,0,1782361113.3132787,0.001993417739868164
210658,normal,2989,0,1782361113.315441,0.0021622180938720703
210659,normal,714,0,1782361113.3172863,0.0018453598022460938
210660,normal,633,0,1782361113.319404,0.002117633819580078
210661,normal,3463,0,1782361113.3214471,0.0020432472229003906
210662,normal,3626,0,1782361113.3233006,0.0018534660339355469
210663,normal,1853,0,1782361113.3254097,0.002109050750732422
210664,normal,1547,0,1782361113.3274481,0.0020384788513183594
210665,normal,1389,0,1782361113.3292987,0.0018506050109863281
210666,normal,2115,0,1782361113.3314044,0.002105712890625
210667,normal,1390,0,1782361113.3334076,0.002003192901611328
210668,normal,3412,0,1782361113.3352835,0.0018758773803710938
210669,normal,277,0,1782361113.3374023,0.002118825912475586
210670,normal,3684,0,1782361113.339453,0.002050638198852539
210671,normal,2946,0,1782361113.3412998,0.0018467903137207031
210672,normal,2514,0,1782361113.3434005,0.002100706100463867
210673,normal,2606,0,1782361113.3454123,0.0020117759704589844
210674,normal,1374,1,1782361113.3472893,0.0018770694732666016
210675,normal,2244,0,1782361113.3494165,0.0021271705627441406
210676,normal,3350,1,1782361113.351257,0.0018405914306640625
210677,normal,2578,0,1782361113.3532593,0.002002239227294922
210678,normal,2723,0,1782361113.355243,0.001983642578125
210679,normal,2471,0,1782361113.3572583,0.002015352249145508
210680,normal,1142,0,1782361113.359283,0.0020246505737304688
210681,normal,3332,1,1782361113.3614368,0.0021538734436035156
210682,normal,79,0,1782361113.3635383,0.002101421356201172
210683,normal,3033,0,1782361113.3652816,0.001743316650390625
210684,normal,3544,0,1782361113.3674324,0.0021507740020751953
210685,normal,3438,0,1782361113.3695416,0.0021092891693115234
210686,normal,2801,0,1782361113.3712795,0.001737833023071289
210687,normal,3586,0,1782361113.3734322,0.002152681350708008
210688,normal,2333,0,1782361113.3755426,0.0021104812622070312
210689,normal,2367,0,1782361113.3772793,0.0017366409301757812
210690,normal,2082,0,1782361113.3794334,0.002154111862182617
210691,normal,3540,0,1782361113.3814585,0.002025127410888672
210692,normal,961,2,1782361113.3832822,0.0018236637115478516
210693,normal,2488,0,1782361113.38544,0.002157926559448242
210694,normal,2371,0,1782361113.3875496,0.002109527587890625
210695,normal,2169,0,1782361113.3892791,0.0017294883728027344
210696,normal,493,0,1782361113.3914342,0.0021550655364990234
210697,normal,36,0,1782361113.3935518,0.002117633819580078
210698,normal,801,2,1782361113.3952792,0.0017273426055908203
210699,normal,3122,1,1782361113.3974328,0.002153635025024414
210700,normal,1291,0,1782361113.3994734,0.0020406246185302734
210701,normal,76,0,1782361113.4012802,0.0018067359924316406
210702,normal,881,2,1782361113.4034338,0.002153635025024414
210703,normal,2535,0,1782361113.4054594,0.002025604248046875
210704,normal,3538,0,1782361113.4072802,0.0018208026885986328
210705,normal,3461,0,1782361113.4094336,0.0021533966064453125
210706,normal,436,0,1782361113.4114606,0.0020270347595214844
210707,normal,3187,1,1782361113.4132802,0.001819610595703125
210708,normal,2281,0,1782361113.415436,0.002155780792236328
210709,normal,1783,0,1782361113.4174666,0.002030611038208008
210710,normal,1294,0,1782361113.4192996,0.0018329620361328125
210711,normal,1972,0,1782361113.421433,0.0021333694458007812
210712,normal,2502,0,1782361113.4234695,0.002036571502685547
210713,normal,2629,0,1782361113.4253268,0.0018572807312011719
210714,normal,3343,1,1782361113.4274378,0.0021109580993652344
210715,normal,3016,0,1782361113.4294703,0.0020325183868408203
210716,normal,3205,1,1782361113.431285,0.0018146038055419922
210717,normal,2777,0,1782361113.433435,0.0021500587463378906
210718,normal,196,0,1782361113.4354737,0.002038717269897461
210719,normal,1906,0,1782361113.4373176,0.0018439292907714844
210720,normal,1249,0,1782361113.4394708,0.002153158187866211
210721,normal,625,0,1782361113.4413028,0.0018320083618164062
210722,normal,3494,0,1782361113.443451,0.002148151397705078
210723,normal,246,0,1782361113.4452786,0.0018277168273925781
210724,normal,695,0,1782361113.4474788,0.0022001266479492188
210725,normal,1428,0,1782361113.4492798,0.0018010139465332031
210726,normal,1885,0,1782361113.4514585,0.002178668975830078
210727,normal,2197,0,1782361113.4534814,0.002022981643676758
210728,normal,2128,0,1782361113.45528,0.0017986297607421875
210729,normal,1283,0,1782361113.457433,0.0021529197692871094
210730,normal,2581,0,1782361113.459483,0.0020499229431152344
210731,normal,3309,1,1782361113.461272,0.001789093017578125
210732,normal,2785,0,1782361113.463459,0.002187013626098633
210733,normal,2450,0,1782361113.4653292,0.0018701553344726562
210734,normal,1849,0,1782361113.467432,0.0021028518676757812
210735,normal,2300,0,1782361113.4692924,0.0018603801727294922
210736,normal,2764,0,1782361113.47146,0.0021677017211914062
210737,normal,3270,1,1782361113.473271,0.0018107891082763672
210738,normal,3490,0,1782361113.4754565,0.0021855831146240234
210739,normal,2008,0,1782361113.4774427,0.001986265182495117
210740,normal,855,2,1782361113.4792747,0.0018320083618164062
210741,normal,3,0,1782361113.4814265,0.0021517276763916016
210742,normal,3426,0,1782361113.483493,0.0020666122436523438
210743,normal,816,2,1782361113.4852715,0.0017783641815185547
210744,normal,1144,0,1782361113.4874558,0.0021843910217285156
210745,normal,2356,0,1782361113.4894943,0.0020384788513183594
210746,normal,1064,0,1782361113.4912713,0.0017769336700439453
210747,normal,2088,0,1782361113.4934256,0.0021543502807617188
210748,normal,989,2,1782361113.495497,0.002071380615234375
210749,normal,1591,0,1782361113.497275,0.0017781257629394531
210750,normal,3551,0,1782361113.4994283,0.002153158187866211
210751,normal,596,0,1782361113.5014992,0.002070903778076172
210752,normal,2455,0,1782361113.5032787,0.0017795562744140625
210753,normal,338,0,1782361113.5054271,0.0021483898162841797
210754,normal,53,0,1782361113.507501,0.0020737648010253906
210755,normal,2576,0,1782361113.5092714,0.0017704963684082031
210756,normal,3469,0,1782361113.5114257,0.0021543502807617188
210757,normal,1452,0,1782361113.513504,0.0020782947540283203
210758,normal,1339,1,1782361113.515271,0.0017669200897216797
210759,normal,3471,0,1782361113.5172722,0.0020012855529785156
210760,normal,1255,0,1782361113.5195076,0.00223541259765625
210761,normal,3520,0,1782361113.5212727,0.0017650127410888672
210762,normal,2799,0,1782361113.5232134,0.0019407272338867188
210763,normal,1563,0,1782361113.5252538,0.002040386199951172
210764,normal,2432,0,1782361113.527203,0.001949310302734375
210765,normal,1442,0,1782361113.5292237,0.002020597457885742
210766,normal,2530,0,1782361113.5312896,0.002065896987915039
210767,normal,879,2,1782361113.5334313,0.002141714096069336
210768,normal,2712,0,1782361113.5352693,0.0018379688262939453
210769,normal,1634,0,1782361113.5375128,0.002243518829345703
210770,normal,3571,0,1782361113.5392704,0.0017576217651367188
210771,normal,522,0,1782361113.541457,0.0021865367889404297
210772,normal,2861,0,1782361113.5433614,0.0019044876098632812
210773,normal,556,0,1782361113.5454276,0.0020661354064941406
210774,normal,1270,0,1782361113.5472703,0.0018427371978759766
210775,normal,628,0,1782361113.5495193,0.002249002456665039
210776,normal,1969,0,1782361113.5512764,0.0017571449279785156
210777,normal,1809,0,1782361113.5534294,0.0021529197692871094
210778,normal,553,0,1782361113.5555232,0.002093791961669922
210779,normal,1925,0,1782361113.557297,0.001773834228515625
210780,normal,2548,0,1782361113.5597072,0.0024101734161376953
210781,normal,1307,0,1782361113.5613427,0.0016355514526367188
210782,normal,526,0,1782361113.563447,0.0021042823791503906
210783,normal,3248,1,1782361113.5659668,0.002519845962524414
210784,normal,409,0,1782361113.5672784,0.0013115406036376953
210785,normal,290,0,1782361113.5692947,0.002016305923461914
210786,normal,3333,1,1782361113.5714493,0.0021545886993408203
210787,normal,350,0,1782361113.5734487,0.001999378204345703
210788,normal,3244,1,1782361113.5752728,0.0018241405487060547
210789,normal,3018,0,1782361113.577447,0.0021741390228271484
210790,normal,3286,1,1782361113.5794504,0.0020034313201904297
210791,normal,2987,0,1782361113.5812783,0.0018279552459716797
210792,normal,3360,1,1782361113.5834496,0.0021712779998779297
210793,normal,2207,0,1782361113.5854495,0.0019998550415039062
210794,normal,1371,1,1782361113.5872722,0.0018227100372314453
210795,normal,1778,0,1782361113.5894477,0.002175569534301758
210796,normal,1382,0,1782361113.591448,0.0020003318786621094
210797,normal,1303,0,1782361113.5932717,0.0018236637115478516
210798,normal,3387,1,1782361113.595355,0.002083301544189453
210799,normal,1826,0,1782361113.5973685,0.0020134449005126953
210800,normal,2812,0,1782361113.5993807,0.0020122528076171875
210801,normal,2870,0,1782361113.6015399,0.00215911865234375
210802,normal,2940,0,1782361113.6033802,0.001840353012084961
210803,normal,823,2,1782361113.6053953,0.0020151138305664062
210804,normal,405,0,1782361113.6072092,0.0018138885498046875
210805,normal,871,2,1782361113.6093583,0.0021491050720214844
210806,normal,1561,0,1782361113.611354,0.0019958019256591797
210807,normal,3542,0,1782361113.6134558,0.0021016597747802734
210808,normal,1469,0,1782361113.6152825,0.0018267631530761719
210809,normal,620,0,1782361113.6173022,0.002019643783569336
210810,normal,2734,0,1782361113.6193144,0.0020122528076171875
210811,normal,3666,0,1782361113.6213315,0.0020170211791992188
210812,normal,1895,0,1782361113.6232924,0.0019609928131103516
210813,normal,2280,0,1782361113.6252036,0.001911163330078125
210814,normal,3578,0,1782361113.6272888,0.0020852088928222656
210815,normal,502,0,1782361113.6293223,0.0020334720611572266
210816,normal,3499,0,1782361113.6313293,0.002007007598876953
210817,normal,1707,0,1782361113.6332467,0.0019173622131347656
210818,normal,1281,0,1782361113.6352284,0.0019817352294921875
210819,normal,2196,0,1782361113.6372478,0.0020194053649902344
210820,normal,2024,0,1782361113.63924,0.0019922256469726562
210821,normal,2909,0,1782361113.6412423,0.002002239227294922
210822,normal,735,0,1782361113.6433156,0.0020732879638671875
210823,normal,1216,0,1782361113.645259,0.001943349838256836
210824,normal,1683,0,1782361113.647322,0.0020630359649658203
210825,normal,3694,0,1782361113.6492312,0.0019092559814453125
210826,normal,3352,1,1782361113.651223,0.001991748809814453
210827,normal,3052,1,1782361113.6532226,0.0019996166229248047
210828,normal,3320,1,1782361113.6553328,0.0021102428436279297
210829,normal,2894,0,1782361113.6572561,0.0019233226776123047
210830,normal,1869,0,1782361113.6596146,0.0023584365844726562
210831,normal,728,0,1782361113.661268,0.001653432846069336
210832,normal,3133,1,1782361113.6632395,0.0019714832305908203
210833,normal,2137,0,1782361113.6652365,0.0019969940185546875
210834,normal,1463,0,1782361113.667265,0.0020284652709960938
210835,normal,3108,1,1782361113.669199,0.001934051513671875
210836,normal,658,0,1782361113.6711977,0.0019986629486083984
210837,normal,736,0,1782361113.673197,0.001999378204345703
210838,normal,3064,1,1782361113.6753488,0.0021517276763916016
210839,normal,1251,0,1782361113.6773267,0.0019779205322265625
210840,normal,42,0,1782361113.6793385,0.0020117759704589844
210841,normal,2044,0,1782361113.6813133,0.001974821090698242
210842,normal,440,0,1782361113.6833827,0.0020694732666015625
210843,normal,3146,1,1782361113.6853983,0.0020155906677246094
210844,normal,969,2,1782361113.687337,0.0019385814666748047
210845,normal,700,0,1782361113.6893694,0.0020325183868408203
210846,normal,3112,1,1782361113.6914701,0.002100706100463867
210847,normal,2747,0,1782361113.693279,0.0018088817596435547
210848,normal,1062,0,1782361113.695202,0.0019230842590332031
210849,normal,1832,0,1782361113.6972117,0.0020096302032470703
210850,normal,2153,0,1782361113.6991954,0.001983642578125
210851,normal,2664,0,1782361113.7012846,0.002089262008666992
210852,normal,500,0,1782361113.703205,0.001920461654663086
210853,normal,1512,0,1782361113.7052093,0.0020041465759277344
210854,normal,1575,0,1782361113.7071965,0.0019872188568115234
210855,normal,291,0,1782361113.7092018,0.002005338668823242
210856,normal,1574,0,1782361113.7119555,0.002753734588623047
210857,normal,3289,1,1782361113.7133868,0.0014312267303466797
210858,normal,112,0,1782361113.7153065,0.0019197463989257812
210859,normal,198,0,1782361113.7172482,0.001941680908203125
210860,normal,3303,1,1782361113.7192402,0.0019919872283935547
210861,normal,3277,1,1782361113.7212434,0.002003192901611328
210862,normal,3384,1,1782361113.7234159,0.0021724700927734375
210863,normal,2529,0,1782361113.7252991,0.0018832683563232422
210864,normal,2187,0,1782361113.7272353,0.001936197280883789
210865,normal,3485,0,1782361113.7292402,0.002004861831665039
210866,normal,2574,0,1782361113.731249,0.0020089149475097656
210867,normal,3590,0,1782361113.7332368,0.0019876956939697266
210868,normal,954,2,1782361113.7353127,0.0020759105682373047
210869,normal,121,0,1782361113.7373128,0.002000093460083008
210870,normal,122,0,1782361113.7392776,0.0019648075103759766
210871,normal,1829,0,1782361113.741355,0.002077341079711914
210872,normal,2264,0,1782361113.7439601,0.0026051998138427734
210873,normal,2335,0,1782361113.7455595,0.0015993118286132812
210874,normal,2080,0,1782361113.7472236,0.0016641616821289062
210875,normal,3172,1,1782361113.7492049,0.0019812583923339844
210876,normal,2447,0,1782361113.751342,0.0021371841430664062
210877,normal,3398,1,1782361113.7532969,0.001954793930053711
210878,normal,1402,0,1782361113.7553258,0.002028942108154297
210879,normal,2851,0,1782361113.757323,0.001997232437133789
210880,normal,2724,0,1782361113.7593608,0.0020377635955810547
210881,normal,1568,0,1782361113.7613025,0.001941680908203125
210882,normal,972,2,1782361113.763238,0.0019354820251464844
210883,normal,1314,0,1782361113.7653759,0.002137899398803711
210884,normal,125,0,1782361113.7673662,0.0019903182983398438
210885,normal,2601,0,1782361113.769449,0.00208282470703125
210886,normal,1109,0,1782361113.771328,0.001878976821899414
210887,normal,1944,0,1782361113.773346,0.002017974853515625
210888,normal,2083,0,1782361113.7753131,0.001967191696166992
210889,normal,3206,1,1782361113.7772822,0.0019690990447998047
210890,normal,2294,0,1782361113.7797205,0.0024383068084716797
210891,normal,3609,0,1782361113.7812672,0.001546621322631836
210892,normal,1848,0,1782361113.7832663,0.0019991397857666016
210893,normal,2896,0,1782361113.7852726,0.0020062923431396484
210894,normal,745,0,1782361113.7872906,0.002017974853515625
210895,normal,1567,0,1782361113.7892616,0.001971006393432617
210896,normal,2584,0,1782361113.7912824,0.0020208358764648438
210897,normal,3465,0,1782361113.7934098,0.002127408981323242
210898,normal,2710,0,1782361113.7952907,0.0018808841705322266
210899,normal,3084,1,1782361113.7972538,0.0019631385803222656
210900,normal,920,2,1782361113.7992601,0.0020062923431396484
210901,normal,2552,0,1782361113.8012526,0.001992464065551758
210902,normal,1692,0,1782361113.803327,0.0020744800567626953
210903,normal,1498,0,1782361113.805276,0.0019488334655761719
210904,normal,349,0,1782361113.80732,0.002044200897216797
210905,normal,916,2,1782361113.809262,0.0019419193267822266
210906,normal,3601,0,1782361113.8112829,0.0020208358764648438
210907,normal,215,0,1782361113.813294,0.0020110607147216797
210908,normal,2146,0,1782361113.8152375,0.0019435882568359375
210909,normal,3615,0,1782361113.8172252,0.0019876956939697266
210910,normal,2118,0,1782361113.819218,0.0019927024841308594
210911,normal,1727,0,1782361113.821293,0.0020751953125
210912,normal,3643,0,1782361113.8233216,0.0020284652709960938
210913,normal,750,0,1782361113.8253255,0.002003908157348633
210914,normal,216,0,1782361113.8274503,0.002124786376953125
210915,normal,956,2,1782361113.8293102,0.001859903335571289
210916,normal,2990,0,1782361113.831344,0.002033710479736328
210917,normal,427,0,1782361113.8333273,0.0019834041595458984
210918,normal,2878,0,1782361113.8353794,0.0020520687103271484
210919,normal,3229,1,1782361113.8373992,0.0020198822021484375
210920,normal,2547,0,1782361113.8392034,0.0018041133880615234
210921,normal,2074,0,1782361113.8411899,0.0019865036010742188
210922,normal,511,0,1782361113.8431933,0.0020034313201904297
210923,normal,2148,0,1782361113.8452787,0.002085447311401367
210924,normal,3357,1,1782361113.847238,0.0019593238830566406
210925,normal,2122,0,1782361113.8491964,0.0019583702087402344
210926,normal,3077,1,1782361113.8511922,0.0019958019256591797
210927,normal,3048,1,1782361113.853205,0.0020127296447753906
210928,normal,1019,2,1782361113.8554277,0.002222776412963867
210929,normal,1193,0,1782361113.8574855,0.002057790756225586
210930,normal,2830,0,1782361113.8593168,0.0018312931060791016
210931,normal,3371,1,1782361113.8612564,0.001939535140991211
210932,normal,231,0,1782361113.8632598,0.0020034313201904297
210933,normal,2572,0,1782361113.865257,0.001997232437133789
210934,normal,78,0,1782361113.8673549,0.0020978450775146484
210935,normal,3705,0,1782361113.8693404,0.0019855499267578125
210936,normal,2297,0,1782361113.8712628,0.0019223690032958984
210937,normal,918,2,1782361113.873248,0.001985311508178711
210938,normal,3397,1,1782361113.8752487,0.002000570297241211
210939,normal,178,0,1782361113.8772452,0.0019965171813964844
210940,normal,306,0,1782361113.8793113,0.0020661354064941406
210941,normal,92,0,1782361113.88129,0.001978635787963867
210942,normal,17,0,1782361113.8832867,0.001996755599975586
210943,normal,3523,0,1782361113.8853214,0.0020346641540527344
210944,normal,718,0,1782361113.887912,0.002590656280517578
210945,normal,1220,0,1782361113.8897471,0.0018351078033447266
210946,normal,869,2,1782361113.8912337,0.0014865398406982422
210947,normal,3312,1,1782361113.8933172,0.0020835399627685547
210948,normal,135,0,1782361113.8953352,0.002017974853515625
210949,normal,3086,1,1782361113.8973212,0.0019860267639160156
210950,normal,2769,0,1782361113.8993735,0.00205230712890625
210951,normal,649,0,1782361113.9013135,0.001940011978149414
210952,normal,1620,0,1782361113.9032242,0.0019106864929199219
210953,normal,2854,0,1782361113.905419,0.0021948814392089844
210954,normal,876,2,1782361113.907427,0.0020079612731933594
210955,normal,3287,1,1782361113.9092102,0.001783132553100586
210956,normal,604,0,1782361113.9111722,0.001961946487426758
210957,normal,1273,0,1782361113.913267,0.002094745635986328
210958,normal,355,0,1782361113.9152458,0.0019788742065429688
210959,normal,467,0,1782361113.9172497,0.002003908157348633
210960,normal,1950,0,1782361113.9192507,0.002001047134399414
210961,normal,151,0,1782361113.921247,0.001996278762817383
210962,normal,1440,0,1782361113.9232898,0.0020427703857421875
210963,normal,3569,0,1782361113.9253116,0.00202178955078125
210964,normal,2095,0,1782361113.927324,0.002012491226196289
210965,normal,3507,0,1782361113.929322,0.0019979476928710938
210966,normal,1009,2,1782361113.9312618,0.0019397735595703125
210967,normal,1717,0,1782361113.9332917,0.002029895782470703
210968,normal,928,2,1782361113.9353342,0.002042531967163086
210969,normal,2716,0,1782361113.9373174,0.001983165740966797
210970,normal,1093,0,1782361113.9393404,0.002022981643676758
210971,normal,590,0,1782361113.941198,0.001857757568359375
210972,normal,2695,0,1782361113.943247,0.002048969268798828
210973,normal,3142,1,1782361113.945243,0.0019958019256591797
210974,normal,2442,0,1782361113.9472609,0.002017974853515625
210975,normal,1748,0,1782361113.9492586,0.001997709274291992
210976,normal,3222,1,1782361113.9512398,0.0019812583923339844
210977,normal,988,2,1782361113.9533117,0.002071857452392578
210978,normal,1467,0,1782361113.9552548,0.0019431114196777344
210979,normal,2380,0,1782361113.9572194,0.001964569091796875
210980,normal,340,0,1782361113.959264,0.002044677734375
210981,normal,1236,0,1782361113.9612367,0.001972675323486328
210982,normal,861,2,1782361113.9632976,0.0020608901977539062
210983,normal,2995,0,1782361113.9655714,0.0022737979888916016
210984,normal,3441,0,1782361113.9672952,0.0017237663269042969
210985,normal,3686,0,1782361113.9692519,0.0019567012786865234
210986,normal,1081,0,1782361113.9712741,0.002022266387939453
210987,normal,1490,0,1782361113.97331,0.002035856246948242
210988,normal,3226,1,1782361113.9752302,0.0019202232360839844
210989,normal,3663,0,1782361113.9772165,0.001986265182495117
210990,normal,2960,0,1782361113.9792173,0.0020008087158203125
210991,normal,663,0,1782361113.981308,0.0020906925201416016
210992,normal,1850,0,1782361113.9833148,0.0020067691802978516
210993,normal,3458,0,1782361113.9853425,0.002027750015258789
210994,normal,3058,1,1782361113.987401,0.0020585060119628906
210995,normal,670,0,1782361113.9893923,0.00199127197265625
210996,normal,2345,0,1782361113.991356,0.0019636154174804688
210997,normal,3353,1,1782361113.9934306,0.002074718475341797
210998,normal,2292,0,1782361113.9953716,0.0019409656524658203
210999,normal,3315,1,1782361113.9973302,0.001958608627319336
211000,normal,814,2,1782361113.9992096,0.0018794536590576172
211001,normal,2740,0,1782361114.0011983,0.001988649368286133
211002,normal,2284,0,1782361114.003197,0.0019986629486083984
211003,normal,710,0,1782361114.0052922,0.0020952224731445312
211004,normal,2778,0,1782361114.0072234,0.0019311904907226562
211005,normal,1088,0,1782361114.0092125,0.001989126205444336
211006,normal,1085,0,1782361114.0111935,0.001981019973754883
211007,normal,3081,1,1782361114.0132031,0.0020096302032470703
211008,normal,1177,0,1782361114.0153468,0.0021436214447021484
211009,normal,2867,0,1782361114.0175064,0.002159595489501953
211010,normal,2321,0,1782361114.0193367,0.0018303394317626953
211011,normal,1241,0,1782361114.0212965,0.0019598007202148438
211012,normal,1017,2,1782361114.02326,0.0019636154174804688
211013,normal,3411,0,1782361114.025278,0.002017974853515625
211014,normal,2350,0,1782361114.0272753,0.001997232437133789
211015,normal,799,2,1782361114.0294323,0.002156972885131836
211016,normal,2583,0,1782361114.031294,0.0018618106842041016
211017,normal,1787,0,1782361114.0332618,0.0019676685333251953
211018,normal,2250,0,1782361114.035238,0.0019762516021728516
211019,normal,3429,0,1782361114.0372386,0.002000570297241211
211020,normal,1905,0,1782361114.0392644,0.0020258426666259766
211021,normal,2495,0,1782361114.041284,0.002019643783569336
211022,normal,2827,0,1782361114.0433238,0.002039670944213867
211023,normal,1948,0,1782361114.045304,0.001980304718017578
211024,normal,1976,0,1782361114.0472982,0.0019941329956054688
211025,normal,23,0,1782361114.04946,0.002161741256713867
211026,normal,3241,1,1782361114.0519445,0.002484560012817383
211027,normal,1368,1,1782361114.05329,0.0013453960418701172
211028,normal,2351,0,1782361114.055214,0.0019240379333496094
211029,normal,1305,0,1782361114.05727,0.002056121826171875
211030,normal,1447,0,1782361114.0592883,0.0020182132720947266
211031,normal,3373,1,1782361114.061336,0.0020477771759033203
211032,normal,2520,0,1782361114.0633276,0.0019915103912353516
211033,normal,19,0,1782361114.0653245,0.0019969940185546875
211034,normal,681,0,1782361114.0673795,0.002054929733276367
211035,normal,1101,0,1782361114.069281,0.0019016265869140625
211036,normal,329,0,1782361114.0716457,0.002364635467529297
211037,normal,2420,0,1782361114.0732794,0.0016336441040039062
211038,normal,3435,0,1782361114.0754583,0.0021789073944091797
211039,normal,3213,1,1782361114.0774372,0.0019788742065429688
211040,normal,1322,1,1782361114.079426,0.0019888877868652344
211041,normal,1320,1,1782361114.0813103,0.0018842220306396484
211042,normal,3381,1,1782361114.0832307,0.001920461654663086
211043,normal,3302,1,1782361114.0852487,0.002017974853515625
211044,normal,406,0,1782361114.0872996,0.0020508766174316406
211045,normal,829,2,1782361114.0895174,0.0022177696228027344
211046,normal,1836,0,1782361114.0913107,0.0017933845520019531
211047,normal,3158,1,1782361114.0933185,0.002007722854614258
211048,normal,1752,0,1782361114.0952399,0.0019214153289794922
211049,normal,3096,1,1782361114.0973072,0.0020673274993896484
211050,normal,1632,0,1782361114.0992508,0.0019435882568359375
211051,normal,2820,0,1782361114.1012807,0.002029895782470703
211052,normal,3174,1,1782361114.1033168,0.0020360946655273438
211053,normal,519,0,1782361114.1052887,0.0019719600677490234
211054,normal,3160,1,1782361114.1072583,0.001969575881958008
211055,normal,1186,0,1782361114.1092832,0.0020248889923095703
211056,normal,1747,0,1782361114.1114192,0.0021359920501708984
211057,normal,32,0,1782361114.113348,0.0019288063049316406
211058,normal,755,0,1782361114.115267,0.0019190311431884766
211059,normal,1424,0,1782361114.1172557,0.001988649368286133
211060,normal,1097,0,1782361114.1192765,0.0020208358764648438
211061,normal,3421,0,1782361114.1212316,0.0019550323486328125
211062,normal,3408,0,1782361114.1232486,0.0020170211791992188
211063,normal,131,0,1782361114.1252258,0.001977205276489258
211064,normal,2248,0,1782361114.127333,0.0021071434020996094
211065,normal,1154,0,1782361114.12932,0.001986980438232422
211066,normal,219,0,1782361114.131392,0.0020720958709716797
211067,normal,629,0,1782361114.1333141,0.0019221305847167969
211068,normal,2630,0,1782361114.135396,0.0020818710327148438
211069,normal,2334,0,1782361114.1374624,0.002066373825073242
211070,normal,1098,0,1782361114.1392205,0.0017580986022949219
211071,normal,2756,0,1782361114.1412187,0.0019981861114501953
211072,normal,1050,0,1782361114.1431966,0.0019779205322265625
211073,normal,2279,0,1782361114.1452823,0.0020856857299804688
211074,normal,2519,0,1782361114.1472719,0.001989603042602539
211075,normal,3080,1,1782361114.1491952,0.0019233226776123047
211076,normal,1380,1,1782361114.151207,0.0020117759704589844
211077,normal,3344,1,1782361114.1532068,0.0019998550415039062
211078,normal,2091,0,1782361114.155515,0.0023081302642822266
211079,normal,1516,0,1782361114.1575315,0.0020165443420410156
211080,normal,731,0,1782361114.1593082,0.0017766952514648438
211081,normal,990,2,1782361114.1612208,0.0019125938415527344
211082,normal,2689,0,1782361114.1632285,0.002007722854614258
211083,normal,1892,0,1782361114.1662152,0.0029866695404052734
211084,normal,3264,1,1782361114.1672122,0.0009970664978027344
211085,normal,156,0,1782361114.1695106,0.0022983551025390625
211086,normal,2102,0,1782361114.171288,0.0017774105072021484
211087,normal,1044,0,1782361114.173276,0.001987934112548828
211088,normal,530,0,1782361114.1752455,0.001969575881958008
211089,normal,1526,0,1782361114.1772847,0.002039194107055664
211090,normal,1749,0,1782361114.1792471,0.001962423324584961
211091,normal,3183,1,1782361114.181484,0.0022368431091308594
211092,normal,2362,0,1782361114.1833732,0.0018892288208007812
211093,normal,3155,1,1782361114.1853805,0.0020072460174560547
211094,normal,2901,0,1782361114.1873517,0.0019712448120117188
211095,normal,1253,0,1782361114.1893456,0.001993894577026367
211096,normal,2508,0,1782361114.1915643,0.0022187232971191406
211097,normal,2336,0,1782361114.193401,0.0018367767333984375
211098,normal,248,0,1782361114.1952891,0.0018880367279052734
211099,normal,3583,0,1782361114.1972125,0.0019233226776123047
211100,normal,2390,0,1782361114.1992233,0.002010822296142578
211101,normal,3053,1,1782361114.201241,0.0020177364349365234
211102,normal,2984,0,1782361114.2034056,0.002164602279663086
211103,normal,832,2,1782361114.2057407,0.002335071563720703
211104,normal,963,2,1782361114.2072818,0.0015411376953125
211105,normal,1262,0,1782361114.2092574,0.001975536346435547
211106,normal,585,0,1782361114.211273,0.0020155906677246094
211107,normal,2322,0,1782361114.2132678,0.0019948482513427734
211108,normal,137,0,1782361114.2152402,0.0019724369049072266
211109,normal,1334,1,1782361114.2172863,0.0020461082458496094
211110,normal,3057,1,1782361114.2193077,0.002021312713623047
211111,normal,2803,0,1782361114.221313,0.002005338668823242
211112,normal,987,2,1782361114.2233152,0.002002239227294922
211113,normal,1852,0,1782361114.2252736,0.0019583702087402344
211114,normal,3249,1,1782361114.227235,0.0019614696502685547
211115,normal,3671,0,1782361114.229312,0.002076864242553711
211116,normal,946,2,1782361114.2312968,0.001984834671020508
211117,normal,2531,0,1782361114.2333438,0.0020470619201660156
211118,normal,2360,0,1782361114.2352417,0.0018978118896484375
211119,normal,683,0,1782361114.2372365,0.0019948482513427734
211120,normal,2225,0,1782361114.239237,0.002000570297241211
211121,normal,541,0,1782361114.241266,0.002028942108154297
211122,normal,1791,0,1782361114.243271,0.0020051002502441406
211123,normal,1414,0,1782361114.2452376,0.0019664764404296875
211124,normal,232,0,1782361114.2472708,0.002033233642578125
211125,normal,3070,1,1782361114.249315,0.002044200897216797
211126,normal,3681,0,1782361114.251257,0.0019419193267822266
211127,normal,642,0,1782361114.253245,0.0019881725311279297
211128,normal,2727,0,1782361114.25528,0.002034902572631836
211129,normal,2633,0,1782361114.257242,0.001961946487426758
211130,normal,538,0,1782361114.2593367,0.002094745635986328
211131,normal,1219,0,1782361114.261267,0.00193023681640625
211132,normal,1619,0,1782361114.263344,0.0020771026611328125
211133,normal,643,0,1782361114.2652662,0.0019221305847167969
211134,normal,1847,0,1782361114.2672844,0.0020182132720947266
211135,normal,1411,0,1782361114.269335,0.002050638198852539
211136,normal,153,0,1782361114.2712677,0.0019326210021972656
211137,normal,1551,0,1782361114.2732604,0.0019927024841308594
211138,normal,552,0,1782361114.2752204,0.0019600391387939453
211139,normal,936,2,1782361114.277234,0.002013683319091797
211140,normal,811,2,1782361114.2793458,0.002111673355102539
211141,normal,3634,0,1782361114.2812932,0.0019474029541015625
211142,normal,8,0,1782361114.28335,0.0020568370819091797
211143,normal,668,0,1782361114.2854347,0.0020847320556640625
211144,normal,2133,0,1782361114.2874088,0.0019741058349609375
211145,normal,2285,0,1782361114.2893717,0.001962900161743164
211146,normal,1754,0,1782361114.291349,0.001977205276489258
211147,normal,2773,0,1782361114.2933745,0.002025604248046875
211148,normal,630,0,1782361114.2954063,0.0020318031311035156
211149,normal,1184,0,1782361114.2973192,0.001912832260131836
211150,normal,2719,0,1782361114.2992086,0.0018894672393798828
211151,normal,3533,0,1782361114.301205,0.001996278762817383
211152,normal,2324,0,1782361114.3032382,0.002033233642578125
211153,normal,2721,0,1782361114.3053749,0.002136707305908203
211154,normal,3296,1,1782361114.3072379,0.0018630027770996094
211155,normal,3166,1,1782361114.3092246,0.0019867420196533203
211156,normal,2042,0,1782361114.3112118,0.0019872188568115234
211157,normal,3518,0,1782361114.3132136,0.0020017623901367188
211158,normal,1928,0,1782361114.315371,0.002157449722290039
211159,normal,3561,0,1782361114.3174932,0.002122163772583008
211160,normal,2864,0,1782361114.3193452,0.0018520355224609375
211161,normal,1784,0,1782361114.3212967,0.001951456069946289
211162,normal,1086,0,1782361114.3232672,0.001970529556274414
211163,normal,501,0,1782361114.3252735,0.0020062923431396484
211164,normal,494,0,1782361114.327281,0.0020074844360351562
211165,normal,1312,0,1782361114.3294373,0.0021562576293945312
211166,normal,2090,0,1782361114.3312898,0.0018525123596191406
211167,normal,2786,0,1782361114.333266,0.0019762516021728516
211168,normal,789,2,1782361114.3352354,0.0019693374633789062
211169,normal,203,0,1782361114.3372662,0.0020308494567871094
211170,normal,2051,0,1782361114.3392627,0.0019965171813964844
211171,normal,199,0,1782361114.341276,0.0020132064819335938
211172,normal,171,0,1782361114.3433282,0.00205230712890625
211173,normal,1107,0,1782361114.3452876,0.0019593238830566406
211174,normal,1746,0,1782361114.3473065,0.0020189285278320312
211175,normal,2290,0,1782361114.3495464,0.0022399425506591797
211176,normal,807,2,1782361114.3519096,0.0023632049560546875
211177,normal,2772,0,1782361114.3534012,0.001491546630859375
211178,normal,1670,0,1782361114.3553703,0.0019690990447998047
211179,normal,1261,0,1782361114.357258,0.0018877983093261719
211180,normal,1410,0,1782361114.35939,0.002131938934326172
211181,normal,2929,0,1782361114.3613534,0.001963376998901367
211182,normal,2886,0,1782361114.3634388,0.002085447311401367
211183,normal,3191,1,1782361114.3654664,0.0020275115966796875
211184,normal,1560,0,1782361114.3673902,0.0019237995147705078
211185,normal,3111,1,1782361114.3693392,0.0019490718841552734
211186,normal,2952,0,1782361114.371369,0.0020296573638916016
211187,normal,120,0,1782361114.3734972,0.0021283626556396484
211188,normal,2631,0,1782361114.3754323,0.0019350051879882812
211189,normal,324,0,1782361114.377598,0.0021657943725585938
211190,normal,3440,0,1782361114.379352,0.0017540454864501953
211191,normal,535,0,1782361114.3816314,0.0022792816162109375
211192,normal,3156,1,1782361114.3834178,0.0017864704132080078
211193,normal,2114,0,1782361114.3853137,0.001895904541015625
211194,normal,1214,0,1782361114.3877368,0.0024230480194091797
211195,normal,2274,0,1782361114.3893294,0.0015926361083984375
211196,normal,919,2,1782361114.3912156,0.001886129379272461
211197,normal,257,0,1782361114.3932993,0.0020837783813476562
211198,normal,2097,0,1782361114.3953078,0.0020084381103515625
211199,normal,185,0,1782361114.3972354,0.0019276142120361328
211200,normal,1505,0,1782361114.39932,0.002084493637084961
211201,normal,3263,1,1782361114.4013038,0.0019838809967041016
211202,normal,654,0,1782361114.4033375,0.002033710479736328
211203,normal,189,0,1782361114.4053056,0.0019681453704833984
211204,normal,2858,0,1782361114.4072888,0.001983165740966797
211205,normal,3697,0,1782361114.4092288,0.001940011978149414
211206,normal,52,0,1782361114.4112942,0.002065420150756836
211207,normal,1517,0,1782361114.4133487,0.002054452896118164
211208,normal,1876,0,1782361114.4152305,0.0018818378448486328
211209,normal,416,0,1782361114.417513,0.002282381057739258
211210,normal,1858,0,1782361114.4193022,0.0017893314361572266
211211,normal,554,0,1782361114.4212394,0.0019371509552001953
211212,normal,1513,0,1782361114.4232948,0.0020554065704345703
211213,normal,3395,1,1782361114.4253242,0.0020294189453125
211214,normal,2833,0,1782361114.4272208,0.0018966197967529297
211215,normal,475,0,1782361114.4292796,0.002058744430541992
211216,normal,3291,1,1782361114.431276,0.0019965171813964844
211217,normal,1460,0,1782361114.4332564,0.001980304718017578
211218,normal,1157,0,1782361114.4353592,0.0021028518676757812
211219,normal,1397,0,1782361114.4373224,0.0019631385803222656
211220,normal,1729,0,1782361114.4392939,0.0019714832305908203
211221,normal,2683,0,1782361114.4414353,0.0021414756774902344
211222,normal,169,0,1782361114.4435265,0.0020911693572998047
211223,normal,2228,0,1782361114.4452913,0.0017647743225097656
211224,normal,3501,0,1782361114.4474459,0.0021545886993408203
211225,normal,1266,0,1782361114.4493816,0.001935720443725586
211226,normal,1777,0,1782361114.4513035,0.0019218921661376953
211227,normal,3594,0,1782361114.4532716,0.0019681453704833984
211228,normal,3100,1,1782361114.4552693,0.001997709274291992
211229,normal,1439,0,1782361114.4572058,0.0019364356994628906
211230,normal,3595,0,1782361114.4593368,0.0021309852600097656
211231,normal,623,0,1782361114.4613023,0.0019655227661132812
211232,normal,2700,0,1782361114.463203,0.0019006729125976562
211233,normal,533,0,1782361114.4652634,0.002060413360595703
211234,normal,1865,0,1782361114.4672632,0.0019998550415039062
211235,normal,1065,0,1782361114.4692051,0.0019419193267822266
211236,normal,2797,0,1782361114.4718938,0.0026886463165283203
211237,normal,3377,1,1782361114.473358,0.0014641284942626953
211238,normal,3696,0,1782361114.4752526,0.0018947124481201172
211239,normal,1768,0,1782361114.477306,0.0020532608032226562
211240,normal,582,0,1782361114.4792953,0.0019893646240234375
211241,normal,616,0,1782361114.4812353,0.001940011978149414
211242,normal,365,0,1782361114.4834013,0.0021660327911376953
211243,normal,3280,1,1782361114.4853694,0.0019681453704833984
211244,normal,2010,0,1782361114.4872317,0.0018622875213623047
211245,normal,872,2,1782361114.4892907,0.0020589828491210938
211246,normal,371,0,1782361114.4912958,0.0020051002502441406
211247,normal,1434,0,1782361114.493231,0.0019352436065673828
211248,normal,1767,0,1782361114.4952934,0.0020623207092285156
211249,normal,3547,0,1782361114.497342,0.0020487308502197266
211250,normal,3655,0,1782361114.4992487,0.0019066333770751953
211251,normal,3709,0,1782361114.5013006,0.002051830291748047
211252,normal,82,0,1782361114.5034122,0.002111673355102539
211253,normal,1637,0,1782361114.505837,0.0024247169494628906
211254,normal,779,2,1782361114.5074384,0.0016014575958251953
211255,normal,1247,0,1782361114.5092819,0.0018434524536132812
211256,normal,201,0,1782361114.5112784,0.0019965171813964844
211257,normal,1982,0,1782361114.5133276,0.0020492076873779297
211258,normal,1090,0,1782361114.5153537,0.002026081085205078
211259,normal,2009,0,1782361114.5173247,0.001971006393432617
211260,normal,2268,0,1782361114.5194302,0.0021054744720458984
211261,normal,1232,0,1782361114.5212913,0.0018610954284667969
211262,normal,1566,0,1782361114.5236187,0.002327442169189453
211263,normal,3394,1,1782361114.52554,0.0019214153289794922
211264,normal,1056,0,1782361114.5273204,0.0017802715301513672
211265,normal,2431,0,1782361114.5292141,0.001893758773803711
211266,normal,1139,0,1782361114.5312655,0.0020513534545898438
211267,normal,2503,0,1782361114.5332854,0.0020198822021484375
211268,normal,2289,0,1782361114.5352345,0.0019490718841552734
211269,normal,1675,0,1782361114.5372944,0.0020599365234375
211270,normal,3472,0,1782361114.5392935,0.0019991397857666016
211271,normal,2310,0,1782361114.5412276,0.001934051513671875
211272,normal,2709,0,1782361114.5433033,0.002075672149658203
211273,normal,506,0,1782361114.5453296,0.0020263195037841797
211274,normal,1502,0,1782361114.547285,0.0019555091857910156
211275,normal,378,0,1782361114.5493507,0.0020656585693359375
211276,normal,1181,0,1782361114.551304,0.0019533634185791016
211277,normal,132,0,1782361114.5532362,0.0019321441650390625
211278,normal,1711,0,1782361114.5555012,0.0022649765014648438
211279,normal,1140,0,1782361114.5573547,0.0018534660339355469
211280,normal,910,2,1782361114.559297,0.0019423961639404297
211281,normal,1751,0,1782361114.5613124,0.002015352249145508
211282,normal,62,0,1782361114.5632775,0.001965045928955078
211283,normal,2340,0,1782361114.5652456,0.0019681453704833984
211284,normal,894,2,1782361114.567247,0.0020012855529785156
211285,normal,3007,0,1782361114.5693078,0.0020608901977539062
211286,normal,3056,1,1782361114.5712533,0.00194549560546875
211287,normal,3484,0,1782361114.5733118,0.0020585060119628906
211288,normal,228,0,1782361114.5753756,0.002063751220703125
211289,normal,2178,0,1782361114.5772436,0.0018680095672607422
211290,normal,1378,1,1782361114.5793009,0.002057313919067383
211291,normal,1354,1,1782361114.581289,0.0019881725311279297
211292,normal,3163,1,1782361114.5832286,0.001939535140991211
211293,normal,1069,0,1782361114.5853288,0.002100229263305664
211294,normal,226,0,1782361114.5873408,0.002012014389038086
211295,normal,2788,0,1782361114.5894997,0.0021588802337646484
211296,normal,3611,0,1782361114.5912526,0.0017528533935546875
211297,normal,1669,0,1782361114.5932996,0.0020470619201660156
211298,normal,2236,0,1782361114.59526,0.001960277557373047
211299,normal,3656,0,1782361114.597333,0.002073049545288086
211300,normal,1151,0,1782361114.5992746,0.001941680908203125
211301,normal,3216,1,1782361114.6012123,0.0019376277923583984
211302,normal,539,0,1782361114.6032727,0.002060413360595703
211303,normal,1290,0,1782361114.605323,0.0020503997802734375
211304,normal,282,0,1782361114.6072893,0.001966238021850586
211305,normal,975,2,1782361114.6093469,0.0020575523376464844
211306,normal,1164,0,1782361114.6113486,0.0020017623901367188
211307,normal,2040,0,1782361114.6133535,0.002004861831665039
211308,normal,1938,0,1782361114.6155415,0.002187967300415039
211309,normal,1031,0,1782361114.617288,0.0017466545104980469
211310,normal,477,0,1782361114.619381,0.0020928382873535156
211311,normal,1696,0,1782361114.6213527,0.001971721649169922
211312,normal,3208,1,1782361114.6233587,0.002006053924560547
211313,normal,2177,0,1782361114.6252117,0.0018529891967773438
211314,normal,912,2,1782361114.6272688,0.0020570755004882812
211315,normal,1627,0,1782361114.629267,0.0019981861114501953
211316,normal,127,0,1782361114.6312656,0.0019986629486083984
211317,normal,1995,0,1782361114.6333013,0.0020356178283691406
211318,normal,1095,0,1782361114.635269,0.0019676685333251953
211319,normal,3340,1,1782361114.6372056,0.0019366741180419922
211320,normal,1073,0,1782361114.6392684,0.0020627975463867188
211321,normal,509,0,1782361114.6412663,0.0019979476928710938
211322,normal,514,0,1782361114.6438196,0.002553224563598633
211323,normal,698,0,1782361114.645365,0.0015454292297363281
211324,normal,3541,0,1782361114.6473105,0.00194549560546875
211325,normal,1129,0,1782361114.6492314,0.001920938491821289
211326,normal,3647,0,1782361114.6513028,0.002071380615234375
211327,normal,571,0,1782361114.6532953,0.001992464065551758
211328,normal,2182,0,1782361114.655353,0.002057790756225586
211329,normal,1156,0,1782361114.657372,0.0020189285278320312
211330,normal,1666,0,1782361114.659296,0.0019240379333496094
211331,normal,3604,0,1782361114.6612523,0.0019562244415283203
211332,normal,2726,0,1782361114.663293,0.0020406246185302734
211333,normal,1484,0,1782361114.6653047,0.0020117759704589844
211334,normal,3311,1,1782361114.6672325,0.0019278526306152344
211335,normal,451,0,1782361114.6693497,0.002117156982421875
211336,normal,3496,0,1782361114.6713188,0.0019690990447998047
211337,normal,947,2,1782361114.6732588,0.001940011978149414
211338,normal,1222,0,1782361114.6754563,0.0021975040435791016
211339,normal,161,0,1782361114.6778789,0.0024225711822509766
211340,normal,1755,0,1782361114.6795363,0.0016574859619140625
211341,normal,2957,0,1782361114.6812887,0.0017523765563964844
211342,normal,1987,0,1782361114.6832826,0.001993894577026367
211343,normal,175,0,1782361114.6852498,0.001967191696166992
211344,normal,732,0,1782361114.6872814,0.002031564712524414
211345,normal,3203,1,1782361114.6893783,0.002096891403198242
211346,normal,1992,0,1782361114.691417,0.002038717269897461
211347,normal,3409,0,1782361114.6934285,0.002011537551879883
211348,normal,1029,2,1782361114.6954606,0.002032041549682617
211349,normal,558,0,1782361114.6972606,0.0018000602722167969
211350,normal,3636,0,1782361114.6995356,0.0022749900817871094
211351,normal,2860,0,1782361114.7016184,0.00208282470703125
211352,normal,813,2,1782361114.7034724,0.00185394287109375
211353,normal,1697,0,1782361114.7054596,0.0019872188568115234
211354,normal,2055,0,1782361114.7074537,0.0019941329956054688
211355,normal,1074,0,1782361114.7092597,0.001806020736694336
211356,normal,1614,0,1782361114.7113903,0.0021305084228515625
211357,normal,2828,0,1782361114.7134044,0.00201416015625
211358,normal,1936,0,1782361114.7153447,0.0019402503967285156
211359,normal,1929,0,1782361114.717438,0.0020933151245117188
211360,normal,2314,0,1782361114.7194402,0.002002239227294922
211361,normal,1125,0,1782361114.7212906,0.0018503665924072266
211362,normal,2680,0,1782361114.7234073,0.002116680145263672
211363,normal,3228,1,1782361114.7253804,0.0019731521606445312
211364,normal,2022,0,1782361114.727296,0.0019156932830810547
211365,normal,3487,0,1782361114.7294068,0.002110719680786133
211366,normal,2497,0,1782361114.7314286,0.00202178955078125
211367,normal,223,0,1782361114.7332857,0.0018570423126220703
211368,normal,2481,0,1782361114.7353992,0.0021135807037353516
211369,normal,3650,0,1782361114.7373686,0.0019693374633789062
211370,normal,3677,0,1782361114.739711,0.0023424625396728516
211371,normal,293,0,1782361114.7412925,0.001581430435180664
211372,normal,795,2,1782361114.7434084,0.002115964889526367
211373,normal,1819,0,1782361114.7452848,0.0018763542175292969
211374,normal,901,2,1782361114.7474196,0.0021347999572753906
211375,normal,3247,1,1782361114.7493727,0.001953125
211376,normal,1572,0,1782361114.7512994,0.0019266605377197266
211377,normal,2301,0,1782361114.7533956,0.0020961761474609375
211378,normal,721,0,1782361114.7554307,0.0020351409912109375
211379,normal,495,0,1782361114.7573686,0.0019378662109375
211380,normal,3608,0,1782361114.7595131,0.0021445751190185547
211381,normal,3525,0,1782361114.7614055,0.0018923282623291016
211382,normal,1345,1,1782361114.76338,0.0019745826721191406
211383,normal,194,0,1782361114.7654667,0.002086639404296875
211384,normal,2672,0,1782361114.767979,0.002512216567993164
211385,normal,1507,0,1782361114.7692456,0.0012667179107666016
211386,normal,2692,0,1782361114.7713542,0.0021085739135742188
211387,normal,2034,0,1782361114.7733586,0.002004384994506836
211388,normal,330,0,1782361114.7753892,0.002030611038208008
211389,normal,2107,0,1782361114.7773683,0.0019791126251220703
211390,normal,2342,0,1782361114.7793498,0.001981496810913086
211391,normal,1338,1,1782361114.7812345,0.0018846988677978516
211392,normal,2914,0,1782361114.7833703,0.002135753631591797
211393,normal,2848,0,1782361114.786033,0.00266265869140625
211394,normal,1617,0,1782361114.7875473,0.001514434814453125
211395,normal,1949,0,1782361114.789307,0.0017597675323486328
211396,normal,70,0,1782361114.7913668,0.0020596981048583984
211397,normal,3413,0,1782361114.7932537,0.0018868446350097656
211398,normal,3044,0,1782361114.795392,0.002138376235961914
211399,normal,2328,0,1782361114.7975736,0.002181529998779297
211400,normal,1337,1,1782361114.799287,0.0017135143280029297
211401,normal,2607,0,1782361114.8013656,0.002078533172607422
211402,normal,2551,0,1782361114.803359,0.001993417739868164
211403,normal,550,0,1782361114.8052757,0.001916646957397461
211404,normal,3517,0,1782361114.8073924,0.002116680145263672
211405,normal,3117,1,1782361114.80963,0.002237558364868164
211406,normal,300,0,1782361114.811343,0.0017130374908447266
211407,normal,3534,0,1782361114.813472,0.002129077911376953
211408,normal,3003,0,1782361114.8154445,0.0019724369049072266
211409,normal,2759,0,1782361114.8173535,0.001909017562866211
211410,normal,1773,0,1782361114.8196106,0.002257108688354492
211411,normal,2483,0,1782361114.821419,0.0018084049224853516
211412,normal,3400,1,1782361114.8232949,0.0018758773803710938
211413,normal,2110,0,1782361114.8253605,0.0020656585693359375
211414,normal,4,0,1782361114.8272526,0.00189208984375
211415,normal,2188,0,1782361114.8293555,0.0021028518676757812
211416,normal,1352,1,1782361114.8315523,0.002196788787841797
211417,normal,2620,0,1782361114.8337862,0.0022339820861816406
211418,normal,671,0,1782361114.8353493,0.0015630722045898438
211419,normal,2099,0,1782361114.8374352,0.0020859241485595703
211420,normal,2193,0,1782361114.8393817,0.0019464492797851562
211421,normal,1160,0,1782361114.8412833,0.0019016265869140625
211422,normal,2706,0,1782361114.8433712,0.002087831497192383
211423,normal,2640,0,1782361114.845414,0.0020427703857421875
211424,normal,2446,0,1782361114.847311,0.0018970966339111328
211425,normal,1375,1,1782361114.8494568,0.0021457672119140625
211426,normal,605,0,1782361114.851424,0.001967191696166992
211427,normal,3368,1,1782361114.853292,0.0018680095672607422
211428,normal,588,0,1782361114.8553743,0.002082347869873047
211429,normal,3218,1,1782361114.8574088,0.002034425735473633
211430,normal,2033,0,1782361114.8593388,0.0019299983978271484
211431,normal,2666,0,1782361114.8614833,0.0021445751190185547
211432,normal,981,2,1782361114.863286,0.001802682876586914
211433,normal,3029,0,1782361114.865366,0.0020799636840820312
211434,normal,3702,0,1782361114.867302,0.0019359588623046875
211435,normal,3059,1,1782361114.86938,0.0020780563354492188
211436,normal,3566,0,1782361114.8712902,0.0019102096557617188
211437,normal,2,0,1782361114.87342,0.002129793167114258
211438,normal,2619,0,1782361114.87539,0.001970052719116211
211439,normal,3252,1,1782361114.8773625,0.0019724369049072266
211440,normal,914,2,1782361114.8793006,0.0019381046295166016
211441,normal,3116,1,1782361114.8813663,0.0020656585693359375
211442,normal,66,0,1782361114.8832757,0.001909494400024414
211443,normal,1185,0,1782361114.8854,0.002124309539794922
211444,normal,1487,0,1782361114.8874545,0.002054452896118164
211445,normal,3527,0,1782361114.8892603,0.0018057823181152344
211446,normal,3449,0,1782361114.8914955,0.0022351741790771484
211447,normal,1649,0,1782361114.8932695,0.0017740726470947266
211448,normal,457,0,1782361114.8954113,0.002141714096069336
211449,normal,978,2,1782361114.8973355,0.001924276351928711
211450,normal,1461,0,1782361114.8993845,0.002048969268798828
211451,normal,836,2,1782361114.9012382,0.0018537044525146484
211452,normal,99,0,1782361114.9032552,0.0020170211791992188
211453,normal,1299,0,1782361114.9053555,0.002100229263305664
211454,normal,3452,0,1782361114.9073615,0.002006053924560547
211455,normal,815,2,1782361114.9094515,0.002089977264404297
211456,normal,2794,0,1782361114.911434,0.001982450485229492
211457,normal,188,0,1782361114.9133599,0.0019259452819824219
211458,normal,2818,0,1782361114.9155288,0.002168893814086914
211459,normal,899,2,1782361114.9174633,0.0019345283508300781
211460,normal,2838,0,1782361114.9193633,0.0018999576568603516
211461,normal,3105,1,1782361114.9215019,0.0021386146545410156
211462,normal,2493,0,1782361114.9233866,0.0018846988677978516
211463,normal,1058,0,1782361114.9253297,0.0019431114196777344
211464,normal,3262,1,1782361114.9274187,0.0020890235900878906
211465,normal,3192,1,1782361114.9293501,0.0019314289093017578
211466,normal,1301,0,1782361114.9312584,0.0019083023071289062
211467,normal,1012,2,1782361114.933457,0.002198457717895508
211468,normal,1078,0,1782361114.9353626,0.001905679702758789
211469,normal,382,0,1782361114.937235,0.0018725395202636719
211470,normal,1155,0,1782361114.939352,0.0021169185638427734
211471,normal,1658,0,1782361114.9413466,0.001994609832763672
211472,normal,334,0,1782361114.9433591,0.002012491226196289
211473,normal,2954,0,1782361114.9457705,0.002411365509033203
211474,normal,3556,0,1782361114.9473379,0.0015673637390136719
211475,normal,922,2,1782361114.949373,0.0020351409912109375
211476,normal,834,2,1782361114.951265,0.00189208984375
211477,normal,962,2,1782361114.953369,0.0021038055419921875
211478,normal,3050,1,1782361114.9552958,0.0019268989562988281
211479,normal,2004,0,1782361114.9574957,0.002199888229370117
211480,normal,1014,2,1782361114.9593072,0.0018115043640136719
211481,normal,2908,0,1782361114.9612837,0.001976490020751953
211482,normal,2556,0,1782361114.9632921,0.0020084381103515625
211483,normal,2053,0,1782361114.9654188,0.0021266937255859375
211484,normal,1877,0,1782361114.9672637,0.0018448829650878906
211485,normal,1070,0,1782361114.9694088,0.002145051956176758
211486,normal,322,0,1782361114.9714155,0.0020067691802978516
211487,normal,3361,1,1782361114.9732778,0.0018622875213623047
211488,normal,3088,1,1782361114.9754097,0.002131938934326172
211489,normal,1806,0,1782361114.9775572,0.0021474361419677734
211490,normal,1639,0,1782361114.9799063,0.0023491382598876953
211491,normal,601,0,1782361114.981307,0.0014007091522216797
211492,normal,3042,0,1782361114.9833634,0.0020563602447509766
211493,normal,3550,0,1782361114.9852595,0.0018961429595947266
211494,normal,2261,0,1782361114.9874194,0.0021598339080810547
211495,normal,2802,0,1782361114.9894032,0.0019838809967041016
211496,normal,3200,1,1782361114.991341,0.0019378662109375
211497,normal,942,2,1782361114.9934576,0.0021164417266845703
211498,normal,2163,0,1782361114.9954934,0.002035856246948242
211499,normal,285,0,1782361114.9972804,0.001786947250366211
211500,normal,459,0,1782361114.9995577,0.002277374267578125
211501,normal,2094,0,1782361115.0013142,0.001756429672241211
211502,normal,1115,0,1782361115.003569,0.0022547245025634766
211503,normal,2780,0,1782361115.0054712,0.0019023418426513672
211504,normal,3355,1,1782361115.0074377,0.0019664764404296875
211505,normal,1689,0,1782361115.0093138,0.0018761157989501953
211506,normal,1872,0,1782361115.011434,0.0021202564239501953
211507,normal,3704,0,1782361115.013426,0.0019919872283935547
211508,normal,3147,1,1782361115.0157437,0.002317667007446289
211509,normal,652,0,1782361115.017292,0.0015482902526855469
211510,normal,3624,0,1782361115.0193856,0.0020935535430908203
211511,normal,812,2,1782361115.0212672,0.0018815994262695312
211512,normal,357,0,1782361115.023311,0.0020437240600585938
211513,normal,236,0,1782361115.0253897,0.0020787715911865234
211514,normal,1611,0,1782361115.0272982,0.0019085407257080078
211515,normal,939,2,1782361115.0294077,0.002109527587890625
211516,normal,2798,0,1782361115.0314503,0.002042531967163086
211517,normal,321,0,1782361115.033266,0.0018157958984375
211518,normal,2932,0,1782361115.0353975,0.0021314620971679688
211519,normal,1833,0,1782361115.0373752,0.001977682113647461
211520,normal,284,0,1782361115.0392866,0.0019114017486572266
211521,normal,1622,0,1782361115.0414448,0.0021581649780273438
211522,normal,1958,0,1782361115.0433745,0.0019297599792480469
211523,normal,3591,0,1782361115.0453417,0.001967191696166992
211524,normal,2072,0,1782361115.0474062,0.0020644664764404297
211525,normal,424,0,1782361115.0493789,0.001972675323486328
211526,normal,1939,0,1782361115.051356,0.001977205276489258
211527,normal,2994,0,1782361115.053406,0.0020499229431152344
211528,normal,551,0,1782361115.0552669,0.0018608570098876953
211529,normal,2430,0,1782361115.0573633,0.002096414566040039
211530,normal,1973,0,1782361115.0592515,0.001888275146484375
211531,normal,2903,0,1782361115.061427,0.002175569534301758
211532,normal,1533,0,1782361115.0633132,0.001886129379272461
211533,normal,1583,0,1782361115.065455,0.002141714096069336
211534,normal,1406,0,1782361115.067461,0.002006053924560547
211535,normal,1491,0,1782361115.069432,0.001971006393432617
211536,normal,3220,1,1782361115.071501,0.0020689964294433594
211537,normal,3054,1,1782361115.07345,0.0019490718841552734
211538,normal,348,0,1782361115.07543,0.001979827880859375
211539,normal,2500,0,1782361115.077417,0.001986980438232422
211540,normal,1432,0,1782361115.0794685,0.0020515918731689453
211541,normal,2913,0,1782361115.0812492,0.0017807483673095703
211542,normal,661,0,1782361115.0833476,0.0020983219146728516
211543,normal,3338,1,1782361115.085351,0.0020034313201904297
211544,normal,1813,0,1782361115.0873075,0.001956462860107422
211545,normal,3610,0,1782361115.0893898,0.002082347869873047
211546,normal,1713,0,1782361115.091349,0.001959085464477539
211547,normal,3576,0,1782361115.093235,0.001886129379272461
211548,normal,1664,0,1782361115.0953445,0.002109527587890625
211549,normal,269,0,1782361115.097347,0.0020024776458740234
211550,normal,3330,1,1782361115.100052,0.002705097198486328
211551,normal,2836,0,1782361115.1014779,0.0014257431030273438
211552,normal,1435,0,1782361115.1033902,0.0019123554229736328
211553,normal,1055,0,1782361115.1052623,0.0018720626831054688
211554,normal,3230,1,1782361115.1073773,0.002115011215209961
211555,normal,1105,0,1782361115.109379,0.0020017623901367188
211556,normal,2454,0,1782361115.111357,0.0019779205322265625
211557,normal,3269,1,1782361115.1134956,0.0021386146545410156
211558,normal,1263,0,1782361115.1152563,0.001760721206665039
211559,normal,866,2,1782361115.1173697,0.00211334228515625
211560,normal,2506,0,1782361115.1192663,0.0018966197967529297
211561,normal,217,0,1782361115.1213763,0.002110004425048828
211562,normal,2992,0,1782361115.1232655,0.0018892288208007812
211563,normal,529,0,1782361115.125424,0.0021584033966064453
211564,normal,3383,1,1782361115.1273959,0.0019719600677490234
211565,normal,3588,0,1782361115.1292741,0.0018782615661621094
211566,normal,2725,0,1782361115.1314642,0.002190113067626953
211567,normal,2512,0,1782361115.1339326,0.0024683475494384766
211568,normal,752,0,1782361115.1357706,0.0018379688262939453
211569,normal,3083,1,1782361115.1372716,0.0015010833740234375
211570,normal,2524,0,1782361115.1394083,0.002136707305908203
211571,normal,841,2,1782361115.1413162,0.0019078254699707031
211572,normal,159,0,1782361115.1434479,0.0021317005157470703
211573,normal,758,0,1782361115.1454465,0.0019986629486083984
211574,normal,2815,0,1782361115.1474607,0.00201416015625
211575,normal,1196,0,1782361115.1492856,0.0018248558044433594
211576,normal,2075,0,1782361115.1515236,0.002238035202026367
211577,normal,314,0,1782361115.1537337,0.0022101402282714844
211578,normal,2078,0,1782361115.1554983,0.001764535903930664
211579,normal,1455,0,1782361115.157364,0.0018656253814697266
211580,normal,665,0,1782361115.1592362,0.0018723011016845703
211581,normal,1798,0,1782361115.1613538,0.002117633819580078
211582,normal,2046,0,1782361115.1633697,0.002015829086303711
211583,normal,3378,1,1782361115.1652668,0.0018970966339111328
211584,normal,2060,0,1782361115.1673756,0.0021088123321533203
211585,normal,2383,0,1782361115.169378,0.0020024776458740234
211586,normal,2949,0,1782361115.171268,0.001889944076538086
211587,normal,570,0,1782361115.1733944,0.002126455307006836
211588,normal,2417,0,1782361115.1754258,0.0020313262939453125
211589,normal,205,0,1782361115.1773179,0.00189208984375
211590,normal,1482,0,1782361115.1794488,0.0021309852600097656
211591,normal,3612,0,1782361115.181354,0.001905202865600586
211592,normal,1881,0,1782361115.183356,0.0020020008087158203
211593,normal,1686,0,1782361115.1854317,0.002075672149658203
211594,normal,2856,0,1782361115.1874604,0.0020287036895751953
211595,normal,417,0,1782361115.1893337,0.0018732547760009766
211596,normal,2028,0,1782361115.1913552,0.0020215511322021484
211597,normal,1158,0,1782361115.1933768,0.0020215511322021484
211598,normal,1828,0,1782361115.1952767,0.0018999576568603516
211599,normal,826,2,1782361115.197381,0.0021042823791503906
211600,normal,3555,0,1782361115.199387,0.002006053924560547
211601,normal,712,0,1782361115.2012706,0.0018835067749023438
211602,normal,3598,0,1782361115.2034194,0.002148866653442383
211603,normal,20,0,1782361115.20543,0.0020105838775634766
211604,normal,567,0,1782361115.2072613,0.0018312931060791016
211605,normal,1018,2,1782361115.209382,0.0021207332611083984
211606,normal,3175,1,1782361115.2113736,0.0019915103912353516
211607,normal,893,2,1782361115.2132735,0.0018999576568603516
211608,normal,2671,0,1782361115.2154436,0.002170085906982422
211609,normal,1671,0,1782361115.217443,0.001999378204345703
211610,normal,2776,0,1782361115.2193797,0.0019366741180419922
211611,normal,1760,0,1782361115.2213802,0.002000570297241211
211612,normal,2221,0,1782361115.223383,0.002002716064453125
211613,normal,1393,0,1782361115.225294,0.001911163330078125
211614,normal,1821,0,1782361115.2273545,0.002060413360595703
211615,normal,1663,0,1782361115.2293625,0.0020079612731933594
211616,normal,1327,1,1782361115.231239,0.0018765926361083984
211617,normal,3329,1,1782361115.2333558,0.002116680145263672
211618,normal,1662,0,1782361115.2354598,0.002104043960571289
211619,normal,1742,0,1782361115.2373223,0.0018625259399414062
211620,normal,260,0,1782361115.239454,0.0021317005157470703
211621,normal,641,0,1782361115.2415285,0.0020744800567626953
211622,normal,3386,1,1782361115.243353,0.0018243789672851562
211623,normal,1174,0,1782361115.2455385,0.0021855831146240234
211624,normal,2910,0,1782361115.2473626,0.0018241405487060547
211625,normal,738,0,1782361115.2495189,0.0021562576293945312
211626,normal,2222,0,1782361115.2514586,0.0019397735595703125
211627,normal,2311,0,1782361115.2533624,0.0019037723541259766
211628,normal,1930,0,1782361115.255235,0.0018725395202636719
211629,normal,2194,0,1782361115.257356,0.0021209716796875
211630,normal,2348,0,1782361115.2593484,0.001992464065551758
211631,normal,2746,0,1782361115.2613668,0.002018451690673828
211632,normal,1653,0,1782361115.2633593,0.001992464065551758
211633,normal,1182,0,1782361115.2653587,0.001999378204345703
211634,normal,1198,0,1782361115.267239,0.0018804073333740234
211635,normal,599,0,1782361115.269349,0.002110004425048828
211636,normal,1016,2,1782361115.271728,0.0023789405822753906
211637,normal,1931,0,1782361115.2736366,0.0019085407257080078
211638,normal,505,0,1782361115.2753115,0.0016748905181884766
211639,normal,1811,0,1782361115.2773688,0.002057313919067383
211640,normal,1396,0,1782361115.279256,0.0018873214721679688
211641,normal,3512,0,1782361115.2813697,0.0021135807037353516
211642,normal,1774,0,1782361115.2833636,0.001993894577026367
211643,normal,2603,0,1782361115.2854085,0.0020449161529541016
211644,normal,1293,0,1782361115.2874007,0.0019922256469726562
211645,normal,3528,0,1782361115.2893658,0.001965045928955078
211646,normal,3605,0,1782361115.2912517,0.0018858909606933594
211647,normal,777,2,1782361115.2933733,0.0021216869354248047
211648,normal,2304,0,1782361115.2953758,0.0020024776458740234
211649,normal,3667,0,1782361115.2973082,0.001932382583618164
211650,normal,275,0,1782361115.2994103,0.0021021366119384766
211651,normal,2405,0,1782361115.3013988,0.0019884109497070312
211652,normal,2339,0,1782361115.3032775,0.0018787384033203125
211653,normal,2006,0,1782361115.3057265,0.00244903564453125
211654,normal,3185,1,1782361115.3078969,0.0021703243255615234
211655,normal,245,0,1782361115.3093112,0.0014142990112304688
211656,normal,1347,1,1782361115.3113532,0.002042055130004883
211657,normal,3690,0,1782361115.313361,0.002007722854614258
211658,normal,3356,1,1782361115.3153076,0.0019466876983642578
211659,normal,1537,0,1782361115.31744,0.002132415771484375
211660,normal,1874,0,1782361115.3194597,0.002019643783569336
211661,normal,1506,0,1782361115.3213184,0.0018587112426757812
211662,normal,165,0,1782361115.3235252,0.0022068023681640625
211663,normal,2641,0,1782361115.3252554,0.001730203628540039
211664,normal,1335,1,1782361115.3276365,0.0023810863494873047
211665,normal,3091,1,1782361115.3297231,0.002086639404296875
211666,normal,1508,0,1782361115.3314555,0.0017323493957519531
211667,normal,2796,0,1782361115.3334692,0.002013683319091797
211668,normal,367,0,1782361115.3353848,0.0019156932830810547
211669,normal,1953,0,1782361115.3373845,0.0019996166229248047
211670,normal,619,0,1782361115.3392692,0.0018846988677978516
211671,normal,1543,0,1782361115.341458,0.0021889209747314453
211672,normal,1571,0,1782361115.343417,0.0019588470458984375
211673,normal,2016,0,1782361115.3453455,0.001928567886352539
211674,normal,3632,0,1782361115.347443,0.002097606658935547
211675,normal,1063,0,1782361115.3493116,0.0018684864044189453
211676,normal,1272,0,1782361115.351322,0.002010345458984375
211677,normal,3454,0,1782361115.3532753,0.0019533634185791016
211678,normal,944,2,1782361115.3552582,0.0019829273223876953
211679,normal,358,0,1782361115.3572497,0.0019915103912353516
211680,normal,2846,0,1782361115.3593087,0.0020589828491210938
211681,normal,673,0,1782361115.36123,0.0019211769104003906
211682,normal,240,0,1782361115.363225,0.001995086669921875
211683,normal,1425,0,1782361115.36523,0.0020051002502441406
211684,normal,3562,0,1782361115.36854,0.003309965133666992
211685,normal,2323,0,1782361115.3696167,0.0010766983032226562
211686,normal,1128,0,1782361115.3712776,0.0016608238220214844
211687,normal,2316,0,1782361115.3732588,0.0019812583923339844
211688,normal,3443,0,1782361115.3753288,0.0020699501037597656
211689,normal,413,0,1782361115.3772557,0.0019268989562988281
211690,normal,3574,0,1782361115.379235,0.001979351043701172
211691,normal,3535,0,1782361115.3812623,0.002027273178100586
211692,normal,2480,0,1782361115.3832824,0.002020120620727539
211693,normal,774,2,1782361115.3852966,0.00201416015625
211694,normal,3138,1,1782361115.3873355,0.0020389556884765625
211695,normal,3358,1,1782361115.3893929,0.002057313919067383
211696,normal,429,0,1782361115.3913147,0.0019218921661376953
211697,normal,2476,0,1782361115.3933392,0.002024412155151367
211698,normal,1576,0,1782361115.3954074,0.0020682811737060547
211699,normal,14,0,1782361115.3972108,0.0018033981323242188
211700,normal,2569,0,1782361115.3992064,0.001995563507080078
211701,normal,3444,0,1782361115.4011996,0.0019931793212890625
211702,normal,1961,0,1782361115.4033148,0.0021152496337890625
211703,normal,1984,0,1782361115.405234,0.0019192695617675781
211704,normal,2703,0,1782361115.4072015,0.0019674301147460938
211705,normal,1532,0,1782361115.409199,0.0019974708557128906
211706,normal,1304,0,1782361115.4112017,0.002002716064453125
211707,normal,825,2,1782361115.4139953,0.002793550491333008
211708,normal,2414,0,1782361115.4155421,0.0015468597412109375
211709,normal,2458,0,1782361115.4172983,0.0017561912536621094
211710,normal,1785,0,1782361115.419256,0.0019576549530029297
211711,normal,2402,0,1782361115.421249,0.001992940902709961
211712,normal,2969,0,1782361115.4232466,0.001997709274291992
211713,normal,2230,0,1782361115.4254205,0.002173900604248047
211714,normal,597,0,1782361115.4272943,0.0018737316131591797
211715,normal,1020,2,1782361115.429248,0.0019538402557373047
211716,normal,2170,0,1782361115.4312506,0.0020024776458740234
211717,normal,1473,0,1782361115.433247,0.0019965171813964844
211718,normal,3004,0,1782361115.4352434,0.001996278762817383
211719,normal,1048,0,1782361115.437515,0.0022716522216796875
211720,normal,715,0,1782361115.4393775,0.0018625259399414062
211721,normal,1635,0,1782361115.441373,0.001995563507080078
211722,normal,690,0,1782361115.4433584,0.001985311508178711
211723,normal,2945,0,1782361115.4453564,0.0019979476928710938
211724,normal,2084,0,1782361115.4475875,0.002231121063232422
211725,normal,1134,0,1782361115.4494097,0.0018222332000732422
211726,normal,3019,0,1782361115.4512932,0.0018835067749023438
211727,normal,317,0,1782361115.4532201,0.0019268989562988281
211728,normal,1540,0,1782361115.4552264,0.0020062923431396484
211729,normal,3457,0,1782361115.4572217,0.0019953250885009766
211730,normal,2465,0,1782361115.459539,0.002317190170288086
211731,normal,719,0,1782361115.4618266,0.002287626266479492
211732,normal,3276,1,1782361115.4633129,0.0014863014221191406
211733,normal,1395,0,1782361115.4654424,0.0021295547485351562
211734,normal,842,2,1782361115.4676316,0.002189159393310547
211735,normal,749,0,1782361115.4694133,0.0017817020416259766
211736,normal,1641,0,1782361115.471608,0.002194643020629883
211737,normal,3422,0,1782361115.473277,0.001669168472290039
211738,normal,3032,0,1782361115.4752965,0.0020194053649902344
211739,normal,274,0,1782361115.4772298,0.0019333362579345703
211740,normal,1766,0,1782361115.4792933,0.0020635128021240234
211741,normal,2271,0,1782361115.4814134,0.0021200180053710938
211742,normal,97,0,1782361115.483375,0.0019617080688476562
211743,normal,1834,0,1782361115.4853945,0.0020194053649902344
211744,normal,3623,0,1782361115.4873788,0.0019843578338623047
211745,normal,456,0,1782361115.4894652,0.0020864009857177734
211746,normal,1111,0,1782361115.491271,0.0018057823181152344
211747,normal,3502,0,1782361115.4933958,0.002124786376953125
211748,normal,252,0,1782361115.495216,0.0018200874328613281
211749,normal,1080,0,1782361115.4972866,0.0020706653594970703
211750,normal,2766,0,1782361115.4992971,0.0020105838775634766
211751,normal,1650,0,1782361115.5017076,0.002410411834716797
211752,normal,2988,0,1782361115.503215,0.0015075206756591797
211753,normal,3294,1,1782361115.505642,0.0024268627166748047
211754,normal,2449,0,1782361115.5073,0.0016579627990722656
211755,normal,192,0,1782361115.5096438,0.002343893051147461
211756,normal,2206,0,1782361115.5114899,0.0018460750579833984
211757,normal,2269,0,1782361115.5132694,0.0017795562744140625
211758,normal,377,0,1782361115.5154853,0.002215862274169922
211759,normal,3587,0,1782361115.517349,0.001863718032836914
211760,normal,1130,0,1782361115.519416,0.002067089080810547
211761,normal,2389,0,1782361115.5212808,0.0018646717071533203
211762,normal,2299,0,1782361115.5234096,0.0021288394927978516
211763,normal,2663,0,1782361115.5252771,0.001867532730102539
211764,normal,16,0,1782361115.527718,0.002440929412841797
211765,normal,2763,0,1782361115.529317,0.0015988349914550781
211766,normal,3325,1,1782361115.531617,0.0023000240325927734
211767,normal,312,0,1782361115.5333285,0.0017116069793701172
211768,normal,3366,1,1782361115.5355442,0.0022156238555908203
211769,normal,182,0,1782361115.5373297,0.0017855167388916016
211770,normal,3433,0,1782361115.5395653,0.0022356510162353516
211771,normal,3563,0,1782361115.541425,0.0018596649169921875
211772,normal,549,0,1782361115.543471,0.0020461082458496094
211773,normal,1123,0,1782361115.5454514,0.001980304718017578
211774,normal,210,0,1782361115.5475638,0.0021123886108398438
211775,normal,3041,0,1782361115.549349,0.0017852783203125
211776,normal,1325,1,1782361115.5516427,0.0022935867309570312
211777,normal,723,0,1782361115.5534382,0.0017955303192138672
211778,normal,915,2,1782361115.5558457,0.002407550811767578
211779,normal,2632,0,1782361115.5574574,0.0016117095947265625
211780,normal,521,0,1782361115.5596519,0.0021944046020507812
211781,normal,800,2,1782361115.5613258,0.0016739368438720703
211782,normal,2553,0,1782361115.5636353,0.002309560775756836
211783,normal,1357,1,1782361115.5654573,0.0018219947814941406
211784,normal,430,0,1782361115.567488,0.002030611038208008
211785,normal,3659,0,1782361115.5694666,0.001978635787963867
211786,normal,2260,0,1782361115.571637,0.0021703243255615234
211787,normal,2190,0,1782361115.5733273,0.0016903877258300781
211788,normal,2546,0,1782361115.57564,0.0023126602172851562
211789,normal,1480,0,1782361115.577454,0.001814126968383789
211790,normal,2134,0,1782361115.5794883,0.0020341873168945312
211791,normal,523,0,1782361115.5814674,0.0019791126251220703
211792,normal,2650,0,1782361115.5836442,0.0021767616271972656
211793,normal,1121,0,1782361115.5853302,0.00168609619140625
211794,normal,2066,0,1782361115.5876384,0.0023081302642822266
211795,normal,2474,0,1782361115.5894475,0.0018091201782226562
211796,normal,2013,0,1782361115.5914938,0.002046346664428711
211797,normal,2774,0,1782361115.5934455,0.0019516944885253906
211798,normal,2161,0,1782361115.595629,0.0021834373474121094
211799,normal,1324,1,1782361115.5973227,0.0016937255859375
211800,normal,3251,1,1782361115.5997164,0.0023937225341796875
211801,normal,846,2,1782361115.601454,0.0017375946044921875
211802,normal,1133,0,1782361115.6034796,0.002025604248046875
211803,normal,1153,0,1782361115.6054704,0.001990795135498047
211804,normal,478,0,1782361115.6076257,0.002155303955078125
211805,normal,1690,0,1782361115.609364,0.0017383098602294922
211806,normal,3524,0,1782361115.6114395,0.0020754337310791016
211807,normal,704,0,1782361115.6136322,0.0021927356719970703
211808,normal,757,0,1782361115.6153266,0.0016944408416748047
211809,normal,235,0,1782361115.617642,0.0023152828216552734
211810,normal,3385,1,1782361115.6194549,0.0018129348754882812
211811,normal,2730,0,1782361115.6214986,0.0020437240600585938
211812,normal,280,0,1782361115.6234448,0.0019462108612060547
211813,normal,2253,0,1782361115.6256316,0.0021867752075195312
211814,normal,1810,0,1782361115.6273274,0.001695871353149414
211815,normal,3164,1,1782361115.6296427,0.0023152828216552734
211816,normal,964,2,1782361115.6314545,0.0018117427825927734
211817,normal,1445,0,1782361115.6335,0.0020456314086914062
211818,normal,1963,0,1782361115.6354475,0.0019474029541015625
211819,normal,2840,0,1782361115.6376255,0.0021779537200927734
211820,normal,1150,0,1782361115.639357,0.0017316341400146484
211821,normal,2047,0,1782361115.6416054,0.0022482872009277344
211822,normal,1089,0,1782361115.6434565,0.0018510818481445312
211823,normal,3439,0,1782361115.6453247,0.0018682479858398438
211824,normal,3255,1,1782361115.6476507,0.0023260116577148438
211825,normal,2412,0,1782361115.6494532,0.0018024444580078125
211826,normal,1960,0,1782361115.6514945,0.002041339874267578
211827,normal,1180,0,1782361115.6534514,0.001956939697265625
211828,normal,1991,0,1782361115.655624,0.0021724700927734375
211829,normal,1584,0,1782361115.6573281,0.0017042160034179688
211830,normal,2905,0,1782361115.6593366,0.0020084381103515625
211831,normal,1401,0,1782361115.6616244,0.0022878646850585938
211832,normal,2195,0,1782361115.6633475,0.0017230510711669922
211833,normal,992,2,1782361115.6653728,0.0020253658294677734
211834,normal,2757,0,1782361115.6675513,0.0021784305572509766
211835,normal,2644,0,1782361115.669295,0.0017437934875488281
211836,normal,2685,0,1782361115.6712928,0.001997709274291992
211837,normal,2699,0,1782361115.6735463,0.0022535324096679688
211838,normal,2562,0,1782361115.6752949,0.0017485618591308594
211839,normal,1531,0,1782361115.6773286,0.002033710479736328
211840,normal,3196,1,1782361115.6795394,0.002210855484008789
211841,normal,2655,0,1782361115.6813319,0.0017924308776855469
211842,normal,309,0,1782361115.683296,0.001964092254638672
211843,normal,3446,0,1782361115.6855516,0.002255678176879883
211844,normal,2771,0,1782361115.6873066,0.0017549991607666016
211845,normal,2523,0,1782361115.6892986,0.0019919872283935547
211846,normal,573,0,1782361115.6913733,0.002074718475341797
211847,normal,651,0,1782361115.6934323,0.0020589828491210938
211848,normal,3532,0,1782361115.6952868,0.0018544197082519531
211849,normal,2472,0,1782361115.6974065,0.002119779586791992
211850,normal,2062,0,1782361115.6993492,0.0019426345825195312
211851,normal,614,0,1782361115.7013586,0.0020093917846679688
211852,normal,1328,1,1782361115.703451,0.0020923614501953125
211853,normal,1909,0,1782361115.7053478,0.0018968582153320312
211854,normal,2658,0,1782361115.707708,0.002360105514526367
211855,normal,2986,0,1782361115.7094529,0.001744985580444336
211856,normal,2125,0,1782361115.711503,0.002050161361694336
211857,normal,366,0,1782361115.7134695,0.0019664764404296875
211858,normal,1353,1,1782361115.7156184,0.002148866653442383
211859,normal,2092,0,1782361115.7173471,0.0017287731170654297
211860,normal,2923,0,1782361115.7196498,0.0023026466369628906
211861,normal,45,0,1782361115.721451,0.0018012523651123047
211862,normal,1519,0,1782361115.723351,0.0018999576568603516
211863,normal,3123,1,1782361115.7257085,0.00235748291015625
211864,normal,483,0,1782361115.7274537,0.0017452239990234375
211865,normal,1962,0,1782361115.7293513,0.001897573471069336
211866,normal,512,0,1782361115.7316425,0.0022912025451660156
211867,normal,3313,1,1782361115.7334547,0.0018122196197509766
211868,normal,886,2,1782361115.7353542,0.0018994808197021484
211869,normal,2185,0,1782361115.737643,0.002288818359375
211870,normal,393,0,1782361115.7394538,0.0018107891082763672
211871,normal,1608,0,1782361115.7415094,0.002055644989013672
211872,normal,845,2,1782361115.743464,0.0019545555114746094
211873,normal,937,2,1782361115.7456248,0.002160787582397461
211874,normal,31,0,1782361115.74735,0.0017251968383789062
211875,normal,1994,0,1782361115.7496414,0.002291440963745117
211876,normal,197,0,1782361115.7514532,0.0018117427825927734
211877,normal,1521,0,1782361115.7533522,0.0018990039825439453
211878,normal,2473,0,1782361115.7556465,0.002294301986694336
211879,normal,924,2,1782361115.757455,0.0018086433410644531
211880,normal,781,2,1782361115.759511,0.0020558834075927734
211881,normal,2247,0,1782361115.7614706,0.001959562301635742
211882,normal,1827,0,1782361115.7636287,0.0021581649780273438
211883,normal,67,0,1782361115.7653527,0.0017240047454833984
211884,normal,2897,0,1782361115.7674677,0.002115011215209961
211885,normal,769,0,1782361115.7696207,0.0021529197692871094
211886,normal,3101,1,1782361115.7713559,0.0017352104187011719
211887,normal,2635,0,1782361115.7736402,0.0022842884063720703
211888,normal,2550,0,1782361115.7754514,0.0018112659454345703
211889,normal,2282,0,1782361115.7773557,0.0019042491912841797
211890,normal,809,2,1782361115.7797058,0.0023500919342041016
211891,normal,3445,0,1782361115.7814522,0.0017464160919189453
211892,normal,1226,0,1782361115.7835147,0.002062559127807617
211893,normal,60,0,1782361115.7854643,0.0019495487213134766
211894,normal,1868,0,1782361115.7876287,0.0021643638610839844
211895,normal,2819,0,1782361115.7893443,0.0017156600952148438
211896,normal,1954,0,1782361115.7916393,0.0022950172424316406
211897,normal,2907,0,1782361115.7934535,0.001814126968383789
211898,normal,311,0,1782361115.7955146,0.002061128616333008
211899,normal,3109,1,1782361115.7974675,0.0019528865814208984
211900,normal,656,0,1782361115.7996204,0.0021529197692871094
211901,normal,863,2,1782361115.8013563,0.0017359256744384766
211902,normal,868,2,1782361115.8037589,0.0024025440216064453
211903,normal,1952,0,1782361115.8053014,0.0015425682067871094
211904,normal,2589,0,1782361115.8073251,0.0020236968994140625
211905,normal,394,0,1782361115.8092654,0.0019402503967285156
211906,normal,1604,0,1782361115.8113952,0.002129793167114258
211907,normal,2395,0,1782361115.8132534,0.0018582344055175781
211908,normal,3669,0,1782361115.8152819,0.0020284652709960938
211909,normal,857,2,1782361115.817263,0.001981019973754883
211910,normal,2109,0,1782361115.8192523,0.0019893646240234375
211911,normal,1966,0,1782361115.8212872,0.002034902572631836
211912,normal,1126,0,1782361115.823265,0.0019779205322265625
211913,normal,739,0,1782361115.8252335,0.0019683837890625
211914,normal,1691,0,1782361115.8272874,0.002053976058959961
211915,normal,958,2,1782361115.8292544,0.0019669532775878906
211916,normal,1207,0,1782361115.831234,0.0019795894622802734
211917,normal,287,0,1782361115.8333173,0.002083301544189453
211918,normal,3660,0,1782361115.835256,0.0019388198852539062
211919,normal,1217,0,1782361115.837224,0.001967906951904297
211920,normal,566,0,1782361115.8392906,0.0020666122436523438
211921,normal,2496,0,1782361115.8412516,0.0019609928131103516
211922,normal,3515,0,1782361115.843255,0.0020034313201904297
211923,normal,1422,0,1782361115.8452833,0.002028226852416992
211924,normal,1485,0,1782361115.8472672,0.0019838809967041016
211925,normal,2135,0,1782361115.849241,0.001973867416381836
211926,normal,3699,0,1782361115.8512785,0.002037525177001953
211927,normal,2950,0,1782361115.853261,0.001982450485229492
211928,normal,471,0,1782361115.8552392,0.001978158950805664
211929,normal,2440,0,1782361115.8572917,0.0020525455474853516
211930,normal,305,0,1782361115.8592534,0.0019617080688476562
211931,normal,2329,0,1782361115.8612533,0.0019998550415039062
211932,normal,862,2,1782361115.8632884,0.0020351409912109375
211933,normal,1959,0,1782361115.865257,0.0019686222076416016
211934,normal,302,0,1782361115.867441,0.0021839141845703125
211935,normal,2352,0,1782361115.8692822,0.0018413066864013672
211936,normal,262,0,1782361115.8713956,0.00211334228515625
211937,normal,2385,0,1782361115.8732588,0.001863241195678711
211938,normal,1276,0,1782361115.8753123,0.002053499221801758
211939,normal,1539,0,1782361115.8773954,0.0020830631256103516
211940,normal,292,0,1782361115.8793082,0.001912832260131836
211941,normal,3047,1,1782361115.8814466,0.002138376235961914
211942,normal,3115,1,1782361115.8834288,0.0019822120666503906
211943,normal,1693,0,1782361115.8853083,0.0018794536590576172
211944,normal,2899,0,1782361115.887432,0.0021238327026367188
211945,normal,3001,0,1782361115.88943,0.0019979476928710938
211946,normal,2958,0,1782361115.8912985,0.0018684864044189453
211947,normal,3703,0,1782361115.8934474,0.002148866653442383
211948,normal,264,0,1782361115.8954246,0.001977205276489258
211949,normal,3178,1,1782361115.897303,0.001878499984741211
211950,normal,2369,0,1782361115.8994274,0.002124309539794922
211951,normal,3260,1,1782361115.901428,0.002000570297241211
211952,normal,3613,0,1782361115.9032927,0.0018646717071533203
211953,normal,3319,1,1782361115.9054308,0.0021381378173828125
211954,normal,3017,0,1782361115.9074252,0.0019943714141845703
211955,normal,771,0,1782361115.9092894,0.0018641948699951172
211956,normal,1910,0,1782361115.9114292,0.0021398067474365234
211957,normal,3473,0,1782361115.9134283,0.0019991397857666016
211958,normal,1348,1,1782361115.915305,0.0018765926361083984
211959,normal,3516,0,1782361115.9174278,0.0021228790283203125
211960,normal,3221,1,1782361115.9194257,0.0019979476928710938
211961,normal,923,2,1782361115.9213145,0.0018887519836425781
211962,normal,3585,0,1782361115.9234269,0.0021123886108398438
211963,normal,1161,0,1782361115.9254265,0.0019996166229248047
211964,normal,233,0,1782361115.9273067,0.0018801689147949219
211965,normal,2973,0,1782361115.9294252,0.0021185874938964844
211966,normal,2069,0,1782361115.9314358,0.0020105838775634766
211967,normal,1544,0,1782361115.933321,0.0018851757049560547
211968,normal,802,2,1782361115.935281,0.0019600391387939453
211969,normal,2347,0,1782361115.937424,0.0021429061889648438
211970,normal,2377,0,1782361115.9393005,0.0018765926361083984
211971,normal,2436,0,1782361115.941424,0.0021233558654785156
211972,normal,3182,1,1782361115.9434252,0.0020012855529785156
211973,normal,1091,0,1782361115.9452937,0.0018684864044189453
211974,normal,3144,1,1782361115.9474301,0.0021364688873291016
211975,normal,2239,0,1782361115.949429,0.0019989013671875
211976,normal,2064,0,1782361115.9512932,0.0018641948699951172
211977,normal,730,0,1782361115.9534318,0.0021386146545410156
211978,normal,1807,0,1782361115.9556234,0.0021915435791015625
211979,normal,123,0,1782361115.957273,0.001649618148803711
211980,normal,827,2,1782361115.9594429,0.0021698474884033203
211981,normal,677,0,1782361115.961427,0.001984119415283203
211982,normal,1178,0,1782361115.9632924,0.001865386962890625
211983,normal,2784,0,1782361115.965426,0.002133607864379883
211984,normal,1815,0,1782361115.9674408,0.0020148754119873047
211985,normal,2928,0,1782361115.9702616,0.002820730209350586
211986,normal,1674,0,1782361115.9712765,0.0010149478912353516
211987,normal,1208,0,1782361115.9732919,0.002015352249145508
211988,normal,154,0,1782361115.9752843,0.001992464065551758
211989,normal,2180,0,1782361115.9774277,0.002143383026123047
211990,normal,2573,0,1782361115.9794068,0.0019791126251220703
211991,normal,3316,1,1782361115.9812973,0.001890420913696289
211992,normal,1254,0,1782361115.9834259,0.00212860107421875
211993,normal,2251,0,1782361115.985406,0.0019800662994384766
211994,normal,2637,0,1782361115.9872906,0.0018846988677978516
211995,normal,2466,0,1782361115.989428,0.002137422561645508
211996,normal,3683,0,1782361115.9914043,0.0019762516021728516
211997,normal,828,2,1782361115.9932926,0.001888275146484375
211998,normal,806,2,1782361115.9954247,0.0021321773529052734
211999,normal,1436,0,1782361115.9974146,0.0019898414611816406
212000,normal,1431,0,1782361115.9992898,0.001875162124633789
212001,normal,421,0,1782361116.0014238,0.002134084701538086
212002,normal,2283,0,1782361116.0034025,0.001978635787963867
212003,normal,2918,0,1782361116.0052752,0.0018727779388427734
212004,normal,422,0,1782361116.0074203,0.002145051956176758
212005,normal,655,0,1782361116.0093987,0.0019783973693847656
212006,normal,2394,0,1782361116.0112753,0.0018765926361083984
212007,normal,980,2,1782361116.0134244,0.0021491050720214844
212008,normal,1234,0,1782361116.0154297,0.002005338668823242
212009,normal,3212,1,1782361116.017278,0.0018482208251953125
212010,normal,544,0,1782361116.0194325,0.0021545886993408203
212011,normal,2623,0,1782361116.0214279,0.0019953250885009766
212012,normal,3365,1,1782361116.0232773,0.0018494129180908203
212013,normal,2057,0,1782361116.0254228,0.002145528793334961
212014,normal,1466,0,1782361116.0274222,0.001999378204345703
212015,normal,1660,0,1782361116.0292788,0.0018565654754638672
212016,normal,3022,0,1782361116.0314236,0.0021448135375976562
212017,normal,2020,0,1782361116.0334246,0.002001047134399414
212018,normal,1438,0,1782361116.0352912,0.0018665790557861328
212019,normal,1916,0,1782361116.0374334,0.002142190933227539
212020,normal,2795,0,1782361116.0394204,0.001986980438232422
212021,normal,517,0,1782361116.0412803,0.001859903335571289
212022,normal,607,0,1782361116.0434246,0.002144336700439453
212023,normal,3477,0,1782361116.045425,0.0020003318786621094
212024,normal,1646,0,1782361116.047282,0.0018570423126220703
212025,normal,453,0,1782361116.0494251,0.0021431446075439453
212026,normal,2975,0,1782361116.0514252,0.002000093460083008
212027,normal,2970,0,1782361116.0532897,0.0018644332885742188
212028,normal,637,0,1782361116.0554395,0.002149820327758789
212029,normal,1629,0,1782361116.057427,0.001987457275390625
212030,normal,1808,0,1782361116.0592873,0.0018603801727294922
212031,normal,1138,0,1782361116.0614257,0.002138376235961914
212032,normal,921,2,1782361116.0634212,0.001995563507080078
212033,normal,3188,1,1782361116.065287,0.0018658638000488281
212034,normal,1750,0,1782361116.0674477,0.0021605491638183594
212035,normal,950,2,1782361116.0694246,0.0019769668579101562
212036,normal,398,0,1782361116.0712838,0.0018591880798339844
212037,normal,3038,0,1782361116.073425,0.002141237258911133
212038,normal,2175,0,1782361116.075428,0.0020029544830322266
212039,normal,3118,1,1782361116.077321,0.0018930435180664062
212040,normal,241,0,1782361116.0794272,0.002106189727783203
212041,normal,595,0,1782361116.0814278,0.002000570297241211
212042,normal,929,2,1782361116.0832949,0.001867055892944336
212043,normal,80,0,1782361116.085441,0.0021462440490722656
212044,normal,1441,0,1782361116.0874252,0.001984119415283203
212045,normal,2266,0,1782361116.089283,0.001857757568359375
212046,normal,2346,0,1782361116.0914254,0.0021424293518066406
212047,normal,3025,0,1782361116.0934231,0.001997709274291992
212048,normal,434,0,1782361116.0952916,0.0018684864044189453
212049,normal,1756,0,1782361116.0974228,0.002131223678588867
212050,normal,896,2,1782361116.0994248,0.0020020008087158203
212051,normal,1135,0,1782361116.10131,0.0018851757049560547
212052,normal,1416,0,1782361116.103425,0.002115011215209961
212053,normal,344,0,1782361116.1054268,0.0020017623901367188
212054,normal,2171,0,1782361116.1072965,0.0018696784973144531
212055,normal,73,0,1782361116.1094286,0.0021321773529052734
212056,normal,2215,0,1782361116.1114302,0.002001523971557617
212057,normal,971,2,1782361116.1132977,0.001867532730102539
212058,normal,1743,0,1782361116.1154406,0.0021429061889648438
212059,normal,1408,0,1782361116.1174226,0.001981973648071289
212060,normal,385,0,1782361116.119308,0.0018854141235351562
212061,normal,2852,0,1782361116.1214283,0.0021202564239501953
212062,normal,3114,1,1782361116.1234376,0.0020093917846679688
212063,normal,3139,1,1782361116.1252968,0.0018591880798339844
212064,normal,1034,0,1782361116.1274252,0.0021283626556396484
212065,normal,1268,0,1782361116.1294258,0.002000570297241211
212066,normal,2201,0,1782361116.1313002,0.0018744468688964844
212067,normal,917,2,1782361116.1334205,0.0021202564239501953
212068,normal,1623,0,1782361116.135422,0.002001523971557617
212069,normal,2922,0,1782361116.1372695,0.0018475055694580078
212070,normal,646,0,1782361116.139428,0.0021584033966064453
212071,normal,1237,0,1782361116.1414254,0.0019974708557128906
212072,normal,2559,0,1782361116.1433072,0.0018818378448486328
212073,normal,442,0,1782361116.1454244,0.002117156982421875
212074,normal,2600,0,1782361116.1474268,0.0020024776458740234
212075,normal,2676,0,1782361116.149304,0.0018770694732666016
212076,normal,1043,0,1782361116.1514235,0.0021195411682128906
212077,normal,2564,0,1782361116.153444,0.002020597457885742
212078,normal,3442,0,1782361116.1553113,0.0018672943115234375
212079,normal,41,0,1782361116.157422,0.002110719680786133
212080,normal,1265,0,1782361116.1594274,0.002005338668823242
212081,normal,384,0,1782361116.1613007,0.0018732547760009766
212082,normal,2077,0,1782361116.1634262,0.0021255016326904297
212083,normal,2327,0,1782361116.1654267,0.002000570297241211
212084,normal,3089,1,1782361116.1673028,0.0018761157989501953
212085,normal,2403,0,1782361116.1694305,0.0021276473999023438
212086,normal,3693,0,1782361116.1714282,0.001997709274291992
212087,normal,1842,0,1782361116.173303,0.001874685287475586
212088,normal,2392,0,1782361116.175423,0.0021200180053710938
212089,normal,1823,0,1782361116.1774313,0.0020084381103515625
212090,normal,1015,2,1782361116.1793041,0.0018727779388427734
212091,normal,1200,0,1782361116.1814237,0.0021195411682128906
212092,normal,2192,0,1782361116.1834261,0.0020024776458740234
212093,normal,2614,0,1782361116.185299,0.0018727779388427734
212094,normal,803,2,1782361116.187421,0.002122163772583008
212095,normal,2343,0,1782361116.1894298,0.002008676528930664
212096,normal,2587,0,1782361116.1912925,0.0018627643585205078
212097,normal,1321,1,1782361116.1934297,0.0021371841430664062
212098,normal,195,0,1782361116.1954317,0.0020020008087158203
212099,normal,1238,0,1782361116.1972919,0.0018601417541503906
212100,normal,3171,1,1782361116.1994174,0.0021255016326904297
212101,normal,3036,0,1782361116.201431,0.002013683319091797
212102,normal,3369,1,1782361116.2032917,0.0018606185913085938
212103,normal,2086,0,1782361116.2054262,0.002134561538696289
212104,normal,2375,0,1782361116.2074323,0.002006053924560547
212105,normal,2424,0,1782361116.20929,0.001857757568359375
212106,normal,873,2,1782361116.2114394,0.002149343490600586
212107,normal,953,2,1782361116.2134318,0.001992464065551758
212108,normal,3558,0,1782361116.215289,0.0018572807312011719
212109,normal,2108,0,1782361116.2174258,0.002136707305908203
212110,normal,3074,1,1782361116.2194302,0.002004384994506836
212111,normal,3204,1,1782361116.2212908,0.0018606185913085938
212112,normal,2063,0,1782361116.22342,0.002129077911376953
212113,normal,46,0,1782361116.2254303,0.002010345458984375
212114,normal,1072,0,1782361116.2272906,0.0018603801727294922
212115,normal,1922,0,1782361116.2294295,0.002138853073120117
212116,normal,951,2,1782361116.2314303,0.0020008087158203125
212117,normal,2398,0,1782361116.2332928,0.0018625259399414062
212118,normal,2235,0,1782361116.2354276,0.0021347999572753906
212119,normal,1131,0,1782361116.2374313,0.0020036697387695312
212120,normal,1703,0,1782361116.2392743,0.0018429756164550781
212121,normal,445,0,1782361116.241425,0.0021507740020751953
212122,normal,3415,0,1782361116.2434304,0.002005338668823242
212123,normal,170,0,1782361116.2452888,0.0018584728240966797
212124,normal,168,0,1782361116.247423,0.002134084701538086
212125,normal,2150,0,1782361116.249432,0.002009153366088867
212126,normal,2733,0,1782361116.2512696,0.0018374919891357422
212127,normal,1481,0,1782361116.2534227,0.002153158187866211
212128,normal,3389,1,1782361116.2554307,0.0020079612731933594
212129,normal,2898,0,1782361116.2572782,0.0018475055694580078
212130,normal,1106,0,1782361116.2594225,0.002144336700439453
212131,normal,3232,1,1782361116.2614489,0.0020263195037841797
212132,normal,2252,0,1782361116.263276,0.001827239990234375
212133,normal,3673,0,1782361116.2654214,0.0021452903747558594
212134,normal,2312,0,1782361116.2674325,0.0020110607147216797
212135,normal,1350,1,1782361116.2692716,0.0018391609191894531
212136,normal,2174,0,1782361116.271431,0.0021593570709228516
212137,normal,2219,0,1782361116.2734337,0.002002716064453125
212138,normal,1924,0,1782361116.2752762,0.001842498779296875
212139,normal,2866,0,1782361116.2774239,0.002147674560546875
212140,normal,2561,0,1782361116.2794225,0.0019986629486083984
212141,normal,1267,0,1782361116.2812834,0.0018608570098876953
212142,normal,1285,0,1782361116.2834275,0.0021440982818603516
212143,normal,3079,1,1782361116.2854357,0.002008199691772461
212144,normal,1643,0,1782361116.2872772,0.0018415451049804688
212145,normal,2452,0,1782361116.289427,0.002149820327758789
212146,normal,1739,0,1782361116.2914329,0.0020058155059814453
212147,normal,3423,0,1782361116.2932856,0.0018527507781982422
212148,normal,1398,0,1782361116.2954276,0.0021419525146484375
212149,normal,1603,0,1782361116.2974317,0.0020041465759277344
212150,normal,2967,0,1782361116.299288,0.0018563270568847656
212151,normal,3575,0,1782361116.3014276,0.002139568328857422
212152,normal,1545,0,1782361116.303435,0.0020074844360351562
212153,normal,3640,0,1782361116.305289,0.00185394287109375
212154,normal,2320,0,1782361116.3074288,0.0021398067474365234
212155,normal,587,0,1782361116.3094325,0.0020036697387695312
212156,normal,1250,0,1782361116.3113003,0.0018677711486816406
212157,normal,2767,0,1782361116.3132794,0.0019791126251220703
212158,normal,181,0,1782361116.3154263,0.0021469593048095703
212159,normal,3094,1,1782361116.3172927,0.0018663406372070312
212160,normal,50,0,1782361116.3194277,0.002135038375854492
212161,normal,160,0,1782361116.3214266,0.0019989013671875
212162,normal,3179,1,1782361116.3232923,0.0018656253814697266
212163,normal,1667,0,1782361116.3254256,0.0021333694458007812
212164,normal,3631,0,1782361116.3274243,0.0019986629486083984
212165,normal,2374,0,1782361116.3292978,0.0018734931945800781
212166,normal,1132,0,1782361116.3314261,0.0021283626556396484
212167,normal,2325,0,1782361116.3334305,0.002004384994506836
212168,normal,788,2,1782361116.3352904,0.001859903335571289
212169,normal,1795,0,1782361116.3374224,0.002131938934326172
212170,normal,764,0,1782361116.339426,0.0020036697387695312
212171,normal,2232,0,1782361116.341291,0.0018649101257324219
212172,normal,3602,0,1782361116.3434262,0.0021352767944335938
212173,normal,1562,0,1782361116.345428,0.0020017623901367188
212174,normal,993,2,1782361116.347286,0.0018579959869384766
212175,normal,2892,0,1782361116.3494997,0.002213716506958008
212176,normal,2407,0,1782361116.3514233,0.0019235610961914062
212177,normal,1541,0,1782361116.353239,0.0018157958984375
212178,normal,965,2,1782361116.3552952,0.002056121826171875
212179,normal,2388,0,1782361116.3574367,0.0021414756774902344
212180,normal,943,2,1782361116.359275,0.0018384456634521484
212181,normal,2835,0,1782361116.3614283,0.002153158187866211
212182,normal,1041,0,1782361116.3634374,0.002009153366088867
212183,normal,420,0,1782361116.3652976,0.0018601417541503906
212184,normal,925,2,1782361116.3674262,0.00212860107421875
212185,normal,3644,0,1782361116.3694296,0.0020034313201904297
212186,normal,3141,1,1782361116.3713014,0.0018718242645263672
212187,normal,3274,1,1782361116.373428,0.0021266937255859375
212188,normal,487,0,1782361116.3754294,0.0020012855529785156
212189,normal,2162,0,1782361116.3773005,0.0018711090087890625
212190,normal,966,2,1782361116.379426,0.0021255016326904297
212191,normal,1765,0,1782361116.3814259,0.0019998550415039062
212192,normal,3131,1,1782361116.3832998,0.0018739700317382812
212193,normal,310,0,1782361116.3854291,0.0021293163299560547
212194,normal,785,2,1782361116.3873923,0.0019631385803222656
212195,normal,1457,0,1782361116.389315,0.001922607421875
212196,normal,2762,0,1782361116.3914254,0.0021104812622070312
212197,normal,180,0,1782361116.3934302,0.002004861831665039
212198,normal,3027,0,1782361116.395304,0.0018737316131591797
212199,normal,89,0,1782361116.3974264,0.0021224021911621094
212200,normal,1997,0,1782361116.3994384,0.002012014389038086
212201,normal,1799,0,1782361116.4013057,0.0018672943115234375
212202,normal,890,2,1782361116.4034338,0.002128124237060547
212203,normal,1529,0,1782361116.405432,0.0019981861114501953
212204,normal,2638,0,1782361116.40731,0.0018780231475830078
212205,normal,2879,0,1782361116.4094255,0.002115488052368164
212206,normal,167,0,1782361116.4114332,0.002007722854614258
212207,normal,1472,0,1782361116.413299,0.0018658638000488281
212208,normal,1127,0,1782361116.4154258,0.0021266937255859375
212209,normal,1538,0,1782361116.4174325,0.0020067691802978516
212210,normal,63,0,1782361116.4192812,0.0018486976623535156
212211,normal,2814,0,1782361116.4214325,0.0021512508392333984
212212,normal,3638,0,1782361116.4232776,0.0018451213836669922
212213,normal,1927,0,1782361116.425429,0.0021514892578125
212214,normal,1908,0,1782361116.4272835,0.0018544197082519531
212215,normal,2155,0,1782361116.4294426,0.00215911865234375
212216,normal,1500,0,1782361116.4313085,0.0018658638000488281
212217,normal,1520,0,1782361116.4334288,0.0021202564239501953
212218,normal,1388,0,1782361116.4354322,0.0020034313201904297
212219,normal,1831,0,1782361116.4373083,0.0018761157989501953
212220,normal,2467,0,1782361116.4394257,0.0021173954010009766
212221,normal,2423,0,1782361116.441432,0.0020062923431396484
212222,normal,1189,0,1782361116.4432943,0.0018622875213623047
212223,normal,1509,0,1782361116.445428,0.002133607864379883
212224,normal,1898,0,1782361116.447434,0.002006053924560547
212225,normal,2881,0,1782361116.4492936,0.0018596649169921875
212226,normal,211,0,1782361116.4514406,0.0021469593048095703
212227,normal,1227,0,1782361116.4534314,0.001990795135498047
212228,normal,568,0,1782361116.455309,0.0018775463104248047
212229,normal,1252,0,1782361116.4574394,0.0021305084228515625
212230,normal,3103,1,1782361116.4594338,0.0019943714141845703
212231,normal,3078,1,1782361116.4612918,0.0018579959869384766
212232,normal,3478,0,1782361116.4634264,0.002134561538696289
212233,normal,3491,0,1782361116.4654372,0.002010822296142578
212234,normal,645,0,1782361116.4673045,0.0018672943115234375
212235,normal,3322,1,1782361116.4695482,0.0022437572479248047
212236,normal,2602,0,1782361116.4715178,0.001969575881958008
212237,normal,3295,1,1782361116.4733229,0.0018050670623779297
212238,normal,3258,1,1782361116.4753206,0.001997709274291992
212239,normal,1344,1,1782361116.4775317,0.0022110939025878906
212240,normal,34,0,1782361116.4793231,0.0017914772033691406
212241,normal,218,0,1782361116.481319,0.0019958019256591797
212242,normal,3283,1,1782361116.4835284,0.0022094249725341797
212243,normal,3272,1,1782361116.4852934,0.0017650127410888672
212244,normal,2518,0,1782361116.4872546,0.001961231231689453
212245,normal,81,0,1782361116.4892793,0.0020246505737304688
212246,normal,399,0,1782361116.4912283,0.0019490718841552734
212247,normal,617,0,1782361116.4932852,0.0020568370819091797
212248,normal,238,0,1782361116.495256,0.0019707679748535156
212249,normal,1243,0,1782361116.49723,0.0019741058349609375
212250,normal,3014,0,1782361116.499275,0.0020449161529541016
212251,normal,2067,0,1782361116.5012543,0.001979351043701172
212252,normal,1792,0,1782361116.503224,0.001969575881958008
212253,normal,569,0,1782361116.505284,0.0020601749420166016
212254,normal,146,0,1782361116.507253,0.001968860626220703
212255,normal,3055,1,1782361116.5092225,0.001969575881958008
212256,normal,2461,0,1782361116.5112898,0.0020673274993896484
212257,normal,2386,0,1782361116.5132601,0.0019702911376953125
212258,normal,1391,0,1782361116.515226,0.001965761184692383
212259,normal,3132,1,1782361116.517285,0.0020592212677001953
212260,normal,2457,0,1782361116.5192776,0.001992464065551758
212261,normal,3099,1,1782361116.5212257,0.0019481182098388672
212262,normal,3545,0,1782361116.523279,0.0020532608032226562
212263,normal,449,0,1782361116.5252593,0.001980304718017578
212264,normal,3470,0,1782361116.5272138,0.0019545555114746094
212265,normal,2534,0,1782361116.5292583,0.0020444393157958984
212266,normal,1333,1,1782361116.5312588,0.002000570297241211
212267,normal,2492,0,1782361116.53323,0.0019712448120117188
212268,normal,1418,0,1782361116.5352683,0.002038240432739258
212269,normal,395,0,1782361116.5372686,0.0020003318786621094
212270,normal,18,0,1782361116.5392344,0.001965761184692383
212271,normal,61,0,1782361116.5412774,0.002043008804321289
212272,normal,2419,0,1782361116.5432546,0.001977205276489258
212273,normal,1006,2,1782361116.5452461,0.0019915103912353516
212274,normal,877,2,1782361116.5472825,0.0020363330841064453
212275,normal,3310,1,1782361116.5492616,0.0019791126251220703
212276,normal,1937,0,1782361116.5512233,0.0019617080688476562
212277,normal,1079,0,1782361116.5532906,0.0020673274993896484
212278,normal,2592,0,1782361116.5552535,0.001962900161743164
212279,normal,2462,0,1782361116.5572379,0.0019843578338623047
212280,normal,3370,1,1782361116.5592804,0.002042531967163086
212281,normal,2593,0,1782361116.5612495,0.0019690990447998047
212282,normal,2993,0,1782361116.563258,0.0020084381103515625
212283,normal,2667,0,1782361116.5652719,0.0020139217376708984
212284,normal,3337,1,1782361116.5672529,0.001981019973754883
212285,normal,2065,0,1782361116.570272,0.003019094467163086
212286,normal,200,0,1782361116.57126,0.000988006591796875
212287,normal,1430,0,1782361116.5732124,0.0019524097442626953
212288,normal,1835,0,1782361116.575245,0.0020325183868408203
212289,normal,1546,0,1782361116.5772297,0.001984834671020508
212290,normal,3497,0,1782361116.579235,0.002005338668823242
212291,normal,3627,0,1782361116.5812442,0.002009153366088867
212292,normal,985,2,1782361116.5832438,0.0019996166229248047
212293,normal,883,2,1782361116.5852501,0.0020062923431396484
212294,normal,2510,0,1782361116.5874357,0.0021855831146240234
212295,normal,3489,0,1782361116.5892925,0.0018568038940429688
212296,normal,2504,0,1782361116.5914228,0.002130270004272461
212297,normal,3242,1,1782361116.5932999,0.0018770694732666016
212298,normal,1462,0,1782361116.5954287,0.0021288394927978516
212299,normal,298,0,1782361116.5973814,0.0019526481628417969
212300,normal,13,0,1782361116.5992765,0.0018951892852783203
212301,normal,3695,0,1782361116.601425,0.0021483898162841797
212302,normal,1444,0,1782361116.6033857,0.00196075439453125
212303,normal,669,0,1782361116.6052997,0.0019140243530273438
212304,normal,2313,0,1782361116.6074266,0.002126932144165039
212305,normal,3648,0,1782361116.6093838,0.0019571781158447266
212306,normal,374,0,1782361116.6113062,0.0019223690032958984
212307,normal,2059,0,1782361116.613429,0.0021228790283203125
212308,normal,3049,1,1782361116.6154423,0.0020132064819335938
212309,normal,2651,0,1782361116.6172776,0.0018353462219238281
212310,normal,58,0,1782361116.619436,0.0021584033966064453
212311,normal,1655,0,1782361116.6214335,0.0019974708557128906
212312,normal,388,0,1782361116.623307,0.0018734931945800781
212313,normal,150,0,1782361116.625428,0.0021209716796875
212314,normal,1588,0,1782361116.6274366,0.002008676528930664
212315,normal,675,0,1782361116.6293013,0.0018646717071533203
212316,normal,657,0,1782361116.6314278,0.002126455307006836
212317,normal,2722,0,1782361116.6334338,0.002006053924560547
212318,normal,2200,0,1782361116.6353056,0.0018718242645263672
212319,normal,2240,0,1782361116.6374261,0.002120494842529297
212320,normal,3150,1,1782361116.6394458,0.002019643783569336
212321,normal,1685,0,1782361116.6413095,0.001863718032836914
212322,normal,772,2,1782361116.6434286,0.0021190643310546875
212323,normal,666,0,1782361116.6454334,0.002004861831665039
212324,normal,2701,0,1782361116.6472995,0.0018661022186279297
212325,normal,124,0,1782361116.6494265,0.002126932144165039
212326,normal,2822,0,1782361116.651434,0.0020074844360351562
212327,normal,2612,0,1782361116.653319,0.0018849372863769531
212328,normal,761,0,1782361116.65543,0.002111196517944336
212329,normal,362,0,1782361116.657436,0.0020058155059814453
212330,normal,1599,0,1782361116.6593065,0.0018706321716308594
212331,normal,1625,0,1782361116.6614358,0.0021293163299560547
212332,normal,2181,0,1782361116.6634326,0.001996755599975586
212333,normal,1730,0,1782361116.665322,0.0018894672393798828
212334,normal,1162,0,1782361116.6674302,0.0021080970764160156
212335,normal,1724,0,1782361116.6694572,0.0020270347595214844
212336,normal,1654,0,1782361116.6713076,0.0018503665924072266
212337,normal,970,2,1782361116.6734266,0.0021190643310546875
212338,normal,545,0,1782361116.6754344,0.002007722854614258
212339,normal,1672,0,1782361116.6772957,0.0018613338470458984
212340,normal,3085,1,1782361116.6794302,0.002134561538696289
212341,normal,540,0,1782361116.681445,0.002014636993408203
212342,normal,3414,0,1782361116.6833024,0.0018575191497802734
212343,normal,2688,0,1782361116.6854267,0.002124309539794922
212344,normal,1926,0,1782361116.6874466,0.0020198822021484375
212345,normal,412,0,1782361116.6893284,0.0018818378448486328
212346,normal,2715,0,1782361116.6913137,0.001985311508178711
212347,normal,609,0,1782361116.6933112,0.0019974708557128906
212348,normal,2151,0,1782361116.6952677,0.001956462860107422
212349,normal,2036,0,1782361116.6972895,0.00202178955078125
212350,normal,2307,0,1782361116.6992557,0.001966238021850586
212351,normal,576,0,1782361116.7012596,0.002003908157348633
212352,normal,327,0,1782361116.7032907,0.002031087875366211
212353,normal,2189,0,1782361116.7052634,0.001972675323486328
212354,normal,998,2,1782361116.7072542,0.001990795135498047
212355,normal,3374,1,1782361116.7092805,0.0020263195037841797
212356,normal,3637,0,1782361116.7112575,0.0019769668579101562
212357,normal,437,0,1782361116.7132537,0.001996278762817383
212358,normal,1419,0,1782361116.715264,0.002010345458984375
212359,normal,1647,0,1782361116.7172565,0.001992464065551758
212360,normal,368,0,1782361116.7192535,0.0019969940185546875
212361,normal,3199,1,1782361116.721281,0.0020275115966796875
212362,normal,1459,0,1782361116.7232661,0.0019850730895996094
212363,normal,955,2,1782361116.7252622,0.0019960403442382812
212364,normal,2237,0,1782361116.7272825,0.0020203590393066406
212365,normal,2891,0,1782361116.7292523,0.0019698143005371094
212366,normal,1087,0,1782361116.7312543,0.0020020008087158203
212367,normal,791,2,1782361116.7332783,0.002023935317993164
212368,normal,2509,0,1782361116.7352524,0.0019741058349609375
212369,normal,1985,0,1782361116.7372522,0.0019998550415039062
212370,normal,2744,0,1782361116.739297,0.002044677734375
212371,normal,101,0,1782361116.7412488,0.0019519329071044922
212372,normal,2186,0,1782361116.7432518,0.0020029544830322266
212373,normal,3526,0,1782361116.7452958,0.0020439624786376953
212374,normal,3165,1,1782361116.7472525,0.0019567012786865234
212375,normal,3522,0,1782361116.7492518,0.001999378204345703
212376,normal,3402,0,1782361116.7512765,0.0020246505737304688
212377,normal,250,0,1782361116.7532516,0.0019750595092773438
212378,normal,273,0,1782361116.755252,0.0020003318786621094
212379,normal,3707,0,1782361116.757277,0.002025127410888672
212380,normal,1323,1,1782361116.7592487,0.001971721649169922
212381,normal,608,0,1782361116.761252,0.002003192901611328
212382,normal,2843,0,1782361116.7632775,0.002025604248046875
212383,normal,2257,0,1782361116.7652464,0.001968860626220703
212384,normal,3119,1,1782361116.7672548,0.0020084381103515625
212385,normal,470,0,1782361116.7692733,0.002018451690673828
212386,normal,2353,0,1782361116.771263,0.001989603042602539
212387,normal,3675,0,1782361116.7732568,0.001993894577026367
212388,normal,3554,0,1782361116.7752862,0.0020294189453125
212389,normal,2674,0,1782361116.7772498,0.0019636154174804688
212390,normal,379,0,1782361116.7792428,0.001992940902709961
212391,normal,1782,0,1782361116.781278,0.0020351409912109375
212392,normal,1349,1,1782361116.783251,0.0019731521606445312
212393,normal,1818,0,1782361116.7852395,0.0019884109497070312
212394,normal,1558,0,1782361116.7872746,0.0020351409912109375
212395,normal,490,0,1782361116.7892761,0.002001523971557617
212396,normal,446,0,1782361116.791244,0.001967906951904297
212397,normal,2482,0,1782361116.7932737,0.0020296573638916016
212398,normal,2410,0,1782361116.7952635,0.0019898414611816406
212399,normal,3359,1,1782361116.7972438,0.001980304718017578
212400,normal,2256,0,1782361116.799281,0.00203704833984375
212401,normal,2191,0,1782361116.8012514,0.001970529556274414
212402,normal,2888,0,1782361116.8032482,0.001996755599975586
212403,normal,2525,0,1782361116.8052711,0.002022981643676758
212404,normal,805,2,1782361116.807248,0.0019769668579101562
212405,normal,134,0,1782361116.8092427,0.001994609832763672
212406,normal,1968,0,1782361116.8112874,0.002044677734375
212407,normal,3062,1,1782361116.8132527,0.0019652843475341797
212408,normal,1761,0,1782361116.8152459,0.0019931793212890625
212409,normal,402,0,1782361116.817287,0.0020411014556884766
212410,normal,849,2,1782361116.8192499,0.001962900161743164
212411,normal,1082,0,1782361116.8212492,0.001999378204345703
212412,normal,1166,0,1782361116.8232784,0.0020291805267333984
212413,normal,2834,0,1782361116.8252552,0.0019767284393310547
212414,normal,2875,0,1782361116.8272457,0.0019905567169189453
212415,normal,3149,1,1782361116.829275,0.0020291805267333984
212416,normal,1030,0,1782361116.831249,0.0019741058349609375
212417,normal,1297,0,1782361116.8332515,0.0020024776458740234
212418,normal,486,0,1782361116.8352778,0.0020263195037841797
212419,normal,1004,2,1782361116.8372498,0.0019719600677490234
212420,normal,491,0,1782361116.8392515,0.0020017623901367188
212421,normal,1077,0,1782361116.8412793,0.002027750015258789
212422,normal,1897,0,1782361116.843255,0.0019757747650146484
212423,normal,3495,0,1782361116.84525,0.0019948482513427734
212424,normal,281,0,1782361116.8472784,0.0020284652709960938
212425,normal,283,0,1782361116.8492541,0.0019757747650146484
212426,normal,878,2,1782361116.8512511,0.0019969940185546875
212427,normal,555,0,1782361116.8532774,0.0020263195037841797
212428,normal,3396,1,1782361116.8552542,0.0019767284393310547
212429,normal,3621,0,1782361116.8572583,0.0020041465759277344
212430,normal,1356,1,1782361116.8592768,0.002018451690673828
212431,normal,3351,1,1782361116.8612542,0.0019774436950683594
212432,normal,3066,1,1782361116.8632507,0.0019965171813964844
212433,normal,1264,0,1782361116.865293,0.0020422935485839844
212434,normal,254,0,1782361116.8672664,0.001973390579223633
212435,normal,2962,0,1782361116.8692503,0.0019838809967041016
212436,normal,3513,0,1782361116.8712995,0.0020492076873779297
212437,normal,2031,0,1782361116.8732588,0.0019593238830566406
212438,normal,2258,0,1782361116.8752456,0.0019867420196533203
212439,normal,2305,0,1782361116.8772821,0.002036571502685547
212440,normal,1817,0,1782361116.8793008,0.0020186901092529297
212441,normal,2364,0,1782361116.881249,0.0019481182098388672
212442,normal,754,0,1782361116.8832948,0.002045869827270508
212443,normal,1870,0,1782361116.8852484,0.001953601837158203
212444,normal,3159,1,1782361116.8872118,0.001963376998901367
212445,normal,139,0,1782361116.889259,0.002047300338745117
212446,normal,818,2,1782361116.8912544,0.0019953250885009766
212447,normal,3407,0,1782361116.893215,0.0019605159759521484
212448,normal,1542,0,1782361116.895293,0.0020780563354492188
212449,normal,3323,1,1782361116.8972576,0.001964569091796875
212450,normal,2577,0,1782361116.8992543,0.001996755599975586
212451,normal,897,2,1782361116.9012692,0.0020148754119873047
212452,normal,1203,0,1782361116.903254,0.001984834671020508
212453,normal,2081,0,1782361116.9052393,0.001985311508178711
212454,normal,1437,0,1782361116.907278,0.002038717269897461
212455,normal,65,0,1782361116.9092524,0.001974344253540039
212456,normal,2745,0,1782361116.9112577,0.002005338668823242
212457,normal,1812,0,1782361116.9132829,0.002025127410888672
212458,normal,1,0,1782361116.9152505,0.0019676685333251953
212459,normal,2880,0,1782361116.917247,0.0019965171813964844
212460,normal,1715,0,1782361116.9192784,0.0020313262939453125
212461,normal,2101,0,1782361116.9212549,0.001976490020751953
212462,normal,3597,0,1782361116.9232466,0.001991748809814453
212463,normal,2974,0,1782361116.9252737,0.0020270347595214844
212464,normal,337,0,1782361116.9272501,0.001976490020751953
212465,normal,1235,0,1782361116.929248,0.0019979476928710938
212466,normal,83,0,1782361116.9312723,0.0020241737365722656
212467,normal,1033,0,1782361116.9332528,0.0019805431365966797
212468,normal,1122,0,1782361116.9352558,0.0020029544830322266
212469,normal,1094,0,1782361116.937278,0.002022266387939453
212470,normal,2982,0,1782361116.9392488,0.0019707679748535156
212471,normal,2023,0,1782361116.9412508,0.0020020008087158203
212472,normal,973,2,1782361116.943283,0.0020322799682617188
212473,normal,1993,0,1782361116.9452505,0.0019674301147460938
212474,normal,1794,0,1782361116.947249,0.001998424530029297
212475,normal,3317,1,1782361116.9492743,0.0020253658294677734
212476,normal,2242,0,1782361116.9512472,0.0019729137420654297
212477,normal,3392,1,1782361116.9532506,0.0020034313201904297
212478,normal,2287,0,1782361116.9552855,0.002034902572631836
212479,normal,2379,0,1782361116.9572477,0.0019621849060058594
212480,normal,1383,0,1782361116.9592693,0.0020215511322021484
212481,normal,1152,0,1782361116.9612873,0.002017974853515625
212482,normal,679,0,1782361116.963252,0.0019648075103759766
212483,normal,2857,0,1782361116.9652538,0.0020017623901367188
212484,normal,865,2,1782361116.967285,0.002031087875366211
212485,normal,3670,0,1782361116.969252,0.001967191696166992
212486,normal,2566,0,1782361116.971289,0.0020368099212646484
212487,normal,3553,0,1782361116.9732494,0.0019605159759521484
212488,normal,804,2,1782361116.9752476,0.0019981861114501953
212489,normal,172,0,1782361116.9772532,0.0020055770874023438
212490,normal,2823,0,1782361116.9792743,0.0020210742950439453
212491,normal,256,0,1782361116.9812486,0.001974344253540039
212492,normal,1894,0,1782361116.9832492,0.002000570297241211
212493,normal,3293,1,1782361116.985277,0.002027750015258789
212494,normal,268,0,1782361116.9872484,0.0019714832305908203
212495,normal,1205,0,1782361116.98925,0.002001523971557617
212496,normal,1682,0,1782361116.991287,0.00203704833984375
212497,normal,1271,0,1782361116.9932475,0.0019605159759521484
212498,normal,2765,0,1782361116.9952588,0.0020112991333007812
212499,normal,2729,0,1782361116.9972847,0.0020258426666259766
212500,normal,2173,0,1782361116.9992497,0.001965045928955078
212501,normal,2019,0,1782361117.0012577,0.0020079612731933594
212502,normal,3519,0,1782361117.0032775,0.0020198822021484375
212503,normal,3120,1,1782361117.0052457,0.0019681453704833984
212504,normal,2224,0,1782361117.0072522,0.00200653076171875
212505,normal,2397,0,1782361117.0092905,0.002038240432739258
212506,normal,2979,0,1782361117.011245,0.0019545555114746094
212507,normal,1687,0,1782361117.0132349,0.0019898414611816406
212508,normal,2126,0,1782361117.015297,0.002062082290649414
212509,normal,1673,0,1782361117.0172465,0.0019495487213134766
212510,normal,2863,0,1782361117.019242,0.001995563507080078
212511,normal,3476,0,1782361117.0212855,0.002043485641479492
212512,normal,1225,0,1782361117.0232463,0.00196075439453125
212513,normal,3143,1,1782361117.0252411,0.0019948482513427734
212514,normal,2930,0,1782361117.0272715,0.0020303726196289062
212515,normal,2996,0,1782361117.0292437,0.001972198486328125
212516,normal,2443,0,1782361117.031255,0.0020112991333007812
212517,normal,1556,0,1782361117.0332737,0.0020186901092529297
212518,normal,2536,0,1782361117.0352457,0.0019719600677490234
212519,normal,982,2,1782361117.037241,0.0019953250885009766
212520,normal,3403,0,1782361117.0392663,0.0020253658294677734
212521,normal,817,2,1782361117.0412416,0.0019752979278564453
212522,normal,1734,0,1782361117.0432417,0.002000093460083008
212523,normal,3110,1,1782361117.0452719,0.0020301342010498047
212524,normal,726,0,1782361117.0472455,0.0019736289978027344
212525,normal,2999,0,1782361117.0492537,0.002008199691772461
212526,normal,3546,0,1782361117.051279,0.0020253658294677734
212527,normal,1676,0,1782361117.0532465,0.0019674301147460938
212528,normal,820,2,1782361117.0552442,0.001997709274291992
212529,normal,2217,0,1782361117.0572696,0.0020253658294677734
212530,normal,2826,0,1782361117.059244,0.001974344253540039
212531,normal,174,0,1782361117.0612462,0.002002239227294922
212532,normal,1119,0,1782361117.0632935,0.002047300338745117
212533,normal,1701,0,1782361117.0652454,0.0019519329071044922
212534,normal,528,0,1782361117.0672472,0.0020017623901367188
212535,normal,3304,1,1782361117.0692697,0.0020225048065185547
212536,normal,3306,1,1782361117.071251,0.0019812583923339844
212537,normal,1310,0,1782361117.0732496,0.0019986629486083984
212538,normal,3266,1,1782361117.07528,0.0020303726196289062
212539,normal,1495,0,1782361117.077249,0.0019690990447998047
212540,normal,3606,0,1782361117.0792487,0.0019996166229248047
212541,normal,474,0,1782361117.081264,0.002015352249145508
212542,normal,363,0,1782361117.0832503,0.001986265182495117
212543,normal,2157,0,1782361117.085251,0.0020008087158203125
212544,normal,1146,0,1782361117.0873053,0.0020542144775390625
212545,normal,1800,0,1782361117.0892477,0.0019423961639404297
212546,normal,29,0,1782361117.0912704,0.0020227432250976562
212547,normal,3603,0,1782361117.0932715,0.002001047134399414
212548,normal,1720,0,1782361117.095249,0.0019774436950683594
212549,normal,54,0,1782361117.0972567,0.002007722854614258
212550,normal,3035,0,1782361117.099269,0.0020122528076171875
212551,normal,686,0,1782361117.1012447,0.0019757747650146484
212552,normal,790,2,1782361117.1032522,0.0020074844360351562
212553,normal,564,0,1782361117.105275,0.0020227432250976562
212554,normal,1024,2,1782361117.1072493,0.001974344253540039
212555,normal,3137,1,1782361117.1092522,0.0020029544830322266
212556,normal,3068,1,1782361117.1112707,0.002018451690673828
212557,normal,572,0,1782361117.1132486,0.0019779205322265625
212558,normal,44,0,1782361117.1152716,0.002022981643676758
212559,normal,1446,0,1782361117.1174188,0.002147197723388672
212560,normal,2841,0,1782361117.1194813,0.002062559127807617
212561,normal,3580,0,1782361117.121852,0.002370595932006836
212562,normal,439,0,1782361117.1233037,0.001451730728149414
212563,normal,2591,0,1782361117.1253033,0.0019996166229248047
212564,normal,208,0,1782361117.1272323,0.0019290447235107422
212565,normal,2213,0,1782361117.1292737,0.002041339874267578
212566,normal,2738,0,1782361117.1312938,0.002020120620727539
212567,normal,2434,0,1782361117.1332514,0.0019576549530029297
212568,normal,2205,0,1782361117.135354,0.0021026134490966797
212569,normal,1317,0,1782361117.1373043,0.0019502639770507812
212570,normal,1110,0,1782361117.1392508,0.0019464492797851562
212571,normal,1277,0,1782361117.1414123,0.0021615028381347656
212572,normal,3285,1,1782361117.1434379,0.002025604248046875
212573,normal,1429,0,1782361117.145437,0.0019991397857666016
212574,normal,267,0,1782361117.1472514,0.0018143653869628906
212575,normal,900,2,1782361117.149333,0.002081632614135742
212576,normal,536,0,1782361117.151248,0.00191497802734375
212577,normal,1621,0,1782361117.1533628,0.0021147727966308594
212578,normal,1027,2,1782361117.1553082,0.00194549560546875
212579,normal,1170,0,1782361117.1572402,0.001931905746459961
212580,normal,2750,0,1782361117.1593444,0.0021042823791503906
212581,normal,1945,0,1782361117.1617153,0.0023708343505859375
212582,normal,1886,0,1782361117.1632702,0.0015549659729003906
212583,normal,438,0,1782361117.1653864,0.0021162033081054688
212584,normal,3151,1,1782361117.1674156,0.0020291805267333984
212585,normal,1745,0,1782361117.1693997,0.001984119415283203
212586,normal,729,0,1782361117.1715102,0.0021104812622070312
212587,normal,2649,0,1782361117.1734705,0.001960277557373047
212588,normal,3037,0,1782361117.1754153,0.0019447803497314453
212589,normal,3372,1,1782361117.1775532,0.002137899398803711
212590,normal,887,2,1782361117.1795185,0.0019652843475341797
212591,normal,2100,0,1782361117.1816878,0.002169370651245117
212592,normal,706,0,1782361117.1837027,0.0020148754119873047
212593,normal,3568,0,1782361117.1858637,0.0021610260009765625
212594,normal,380,0,1782361117.187317,0.0014531612396240234
212595,normal,513,0,1782361117.189777,0.002460002899169922
212596,normal,2007,0,1782361117.1912684,0.001491546630859375
212597,normal,2599,0,1782361117.193222,0.001953601837158203
212598,normal,1409,0,1782361117.1953843,0.0021622180938720703
212599,normal,3349,1,1782361117.1973336,0.001949310302734375
212600,normal,2955,0,1782361117.1993864,0.002052783966064453
212601,normal,2103,0,1782361117.2013776,0.00199127197265625
212602,normal,1212,0,1782361117.203386,0.0020084381103515625
212603,normal,396,0,1782361117.2054033,0.0020172595977783203
212604,normal,3417,0,1782361117.2073696,0.001966238021850586
212605,normal,55,0,1782361117.2093594,0.0019898414611816406
212606,normal,1535,0,1782361117.2113447,0.001985311508178711
212607,normal,3646,0,1782361117.213348,0.002003192901611328
212608,normal,3480,0,1782361117.2153454,0.0019974708557128906
212609,normal,2618,0,1782361117.2173963,0.0020508766174316406
212610,normal,163,0,1782361117.2194314,0.0020351409912109375
212611,normal,1376,1,1782361117.2214534,0.0020220279693603516
212612,normal,1426,0,1782361117.2233849,0.0019314289093017578
212613,normal,3169,1,1782361117.2253757,0.001990795135498047
212614,normal,1008,2,1782361117.22736,0.0019843578338623047
212615,normal,2096,0,1782361117.2293994,0.0020394325256347656
212616,normal,976,2,1782361117.2313619,0.001962423324584961
212617,normal,1601,0,1782361117.2333362,0.001974344253540039
212618,normal,1308,0,1782361117.2353299,0.0019936561584472656
212619,normal,3589,0,1782361117.2373314,0.002001523971557617
212620,normal,1332,1,1782361117.2395167,0.002185344696044922
212621,normal,336,0,1782361117.2413323,0.0018155574798583984
212622,normal,265,0,1782361117.2433517,0.0020194053649902344
212623,normal,1384,0,1782361117.2455337,0.0021820068359375
212624,normal,480,0,1782361117.2476885,0.002154827117919922
212625,normal,2166,0,1782361117.2496152,0.0019266605377197266
212626,normal,638,0,1782361117.2515059,0.0018906593322753906
212627,normal,792,2,1782361117.2533538,0.001847982406616211
212628,normal,1764,0,1782361117.2553263,0.0019724369049072266
212629,normal,1003,2,1782361117.2573142,0.001987934112548828
212630,normal,891,2,1782361117.259315,0.0020008087158203125
212631,normal,1112,0,1782361117.261532,0.0022170543670654297
212632,normal,635,0,1782361117.2632995,0.0017673969268798828
212633,normal,408,0,1782361117.2653008,0.0020012855529785156
212634,normal,762,0,1782361117.267286,0.001985311508178711
212635,normal,1772,0,1782361117.269301,0.0020148754119873047
212636,normal,2872,0,1782361117.2714472,0.0021462440490722656
212637,normal,822,2,1782361117.2735133,0.0020661354064941406
212638,normal,2885,0,1782361117.275502,0.001988649368286133
212639,normal,2648,0,1782361117.2775085,0.00200653076171875
212640,normal,433,0,1782361117.279383,0.0018744468688964844
212641,normal,1565,0,1782361117.2813754,0.001992464065551758
212642,normal,3076,1,1782361117.2832887,0.001913309097290039
212643,normal,885,2,1782361117.2853777,0.0020890235900878906
212644,normal,400,0,1782361117.2875896,0.0022118091583251953
212645,normal,1863,0,1782361117.289299,0.0017094612121582031
212646,normal,1377,1,1782361117.2914712,0.002172231674194336
212647,normal,2670,0,1782361117.2933404,0.00186920166015625
212648,normal,3460,0,1782361117.2953508,0.002010345458984375
212649,normal,3152,1,1782361117.297358,0.0020072460174560547
212650,normal,1788,0,1782361117.2993433,0.001985311508178711
212651,normal,2557,0,1782361117.3013582,0.0020148754119873047
212652,normal,1404,0,1782361117.3033907,0.0020325183868408203
212653,normal,3219,1,1782361117.3053825,0.001991748809814453
212654,normal,2167,0,1782361117.3072925,0.0019099712371826172
212655,normal,3354,1,1782361117.3097148,0.002422332763671875
212656,normal,2425,0,1782361117.3114731,0.0017583370208740234
212657,normal,1592,0,1782361117.313407,0.0019338130950927734
212658,normal,3680,0,1782361117.3155088,0.002101898193359375
212659,normal,1022,2,1782361117.3174849,0.00197601318359375
212660,normal,2937,0,1782361117.31949,0.0020051002502441406
212661,normal,3190,1,1782361117.3216252,0.0021352767944335938
212662,normal,2567,0,1782361117.3234725,0.0018472671508789062
212663,normal,867,2,1782361117.325271,0.001798391342163086
212664,normal,3539,0,1782361117.3275378,0.0022668838500976562
212665,normal,1552,0,1782361117.3296957,0.002157926559448242
212666,normal,711,0,1782361117.3313391,0.0016434192657470703
212667,normal,1218,0,1782361117.3332713,0.0019321441650390625
212668,normal,3657,0,1782361117.3354864,0.002215147018432617
212669,normal,3537,0,1782361117.3372695,0.001783132553100586
212670,normal,2951,0,1782361117.3393064,0.0020368099212646484
212671,normal,353,0,1782361117.3413,0.0019936561584472656
212672,normal,152,0,1782361117.3432813,0.0019812583923339844
212673,normal,2948,0,1782361117.3454185,0.0021371841430664062
212674,normal,271,0,1782361117.3474348,0.002016305923461914
212675,normal,3267,1,1782361117.3493824,0.001947641372680664
212676,normal,2050,0,1782361117.3513572,0.001974821090698242
212677,normal,2787,0,1782361117.353382,0.0020248889923095703
212678,normal,1233,0,1782361117.3553436,0.0019614696502685547
212679,normal,664,0,1782361117.3573446,0.002001047134399414
212680,normal,724,0,1782361117.3593717,0.0020270347595214844
212681,normal,3504,0,1782361117.3612444,0.0018727779388427734
212682,normal,959,2,1782361117.363259,0.002014636993408203
212683,normal,2158,0,1782361117.3652465,0.001987457275390625
212684,normal,1075,0,1782361117.3672493,0.002002716064453125
212685,normal,824,2,1782361117.3692422,0.001992940902709961
212686,normal,2231,0,1782361117.3712535,0.0020112991333007812
212687,normal,255,0,1782361117.373289,0.0020356178283691406
212688,normal,776,2,1782361117.3752663,0.001977205276489258
212689,normal,3087,1,1782361117.3773313,0.002064943313598633
212690,normal,1893,0,1782361117.3792374,0.0019061565399169922
212691,normal,2570,0,1782361117.381232,0.001994609832763672
212692,normal,3273,1,1782361117.383236,0.002003908157348633
212693,normal,1648,0,1782361117.3852255,0.001989603042602539
212694,normal,2708,0,1782361117.3872325,0.002007007598876953
212695,normal,2924,0,1782361117.389287,0.002054452896118164
212696,normal,3051,1,1782361117.391319,0.002032041549682617
212697,normal,3127,1,1782361117.3933537,0.0020346641540527344
212698,normal,2131,0,1782361117.3952596,0.0019059181213378906
212699,normal,2732,0,1782361117.3972497,0.001990079879760742
212700,normal,667,0,1782361117.3992734,0.0020236968994140625
212701,normal,948,2,1782361117.4012187,0.0019452571868896484
212702,normal,100,0,1782361117.4032238,0.0020051002502441406
212703,normal,2038,0,1782361117.4052107,0.001986980438232422
212704,normal,753,0,1782361117.407308,0.0020973682403564453
212705,normal,3181,1,1782361117.4092941,0.0019860267639160156
212706,normal,1011,2,1782361117.4113278,0.002033710479736328
212707,normal,2142,0,1782361117.413373,0.002045154571533203
212708,normal,1330,1,1782361117.4154508,0.002077817916870117
212709,normal,47,0,1782361117.4172995,0.0018486976623535156
212710,normal,2184,0,1782361117.4193585,0.0020589828491210938
212711,normal,2068,0,1782361117.421439,0.0020804405212402344
212712,normal,2944,0,1782361117.4232128,0.001773834228515625
212713,normal,3299,1,1782361117.425203,0.0019903182983398438
212714,normal,744,0,1782361117.427202,0.0019989013671875
212715,normal,1427,0,1782361117.4292386,0.002036571502685547
212716,normal,1116,0,1782361117.4312458,0.0020072460174560547
212717,normal,1360,1,1782361117.4331958,0.0019500255584716797
212718,normal,1595,0,1782361117.4351993,0.0020034313201904297
212719,normal,1998,0,1782361117.4371967,0.0019974708557128906
212720,normal,1229,0,1782361117.4395242,0.002327442169189453
212721,normal,2807,0,1782361117.4414039,0.0018796920776367188
212722,normal,548,0,1782361117.4433331,0.0019292831420898438
212723,normal,3692,0,1782361117.445354,0.0020208358764648438
212724,normal,1504,0,1782361117.4472556,0.0019016265869140625
212725,normal,563,0,1782361117.4492571,0.002001523971557617
212726,normal,1816,0,1782361117.4512725,0.002015352249145508
212727,normal,2781,0,1782361117.453409,0.0021364688873291016
212728,normal,3314,1,1782361117.4554448,0.002035856246948242
212729,normal,3243,1,1782361117.4572434,0.0017986297607421875
212730,normal,2105,0,1782361117.4592679,0.002024412155151367
212731,normal,2511,0,1782361117.4612682,0.0020003318786621094
212732,normal,88,0,1782361117.4632666,0.001998424530029297
212733,normal,465,0,1782361117.4653072,0.0020406246185302734
212734,normal,2469,0,1782361117.467324,0.002016782760620117
212735,normal,2484,0,1782361117.469289,0.001965045928955078
212736,normal,2255,0,1782361117.4713874,0.0020983219146728516
212737,normal,674,0,1782361117.474126,0.0027387142181396484
212738,normal,1275,0,1782361117.4756157,0.0014896392822265625
212739,normal,3488,0,1782361117.4772165,0.0016007423400878906
212740,normal,454,0,1782361117.479431,0.0022144317626953125
212741,normal,140,0,1782361117.481567,0.0021359920501708984
212742,normal,3689,0,1782361117.483379,0.001811981201171875
212743,normal,864,2,1782361117.4854124,0.0020334720611572266
212744,normal,1420,0,1782361117.4874322,0.0020198822021484375
212745,normal,684,0,1782361117.4893236,0.0018913745880126953
212746,normal,2382,0,1782361117.491365,0.002041339874267578
212747,normal,1824,0,1782361117.4932663,0.001901388168334961
212748,normal,3560,0,1782361117.4952896,0.0020232200622558594
212749,normal,270,0,1782361117.4972746,0.0019850730895996094
212750,normal,3592,0,1782361117.4992564,0.0019817352294921875
212751,normal,2111,0,1782361117.50123,0.0019736289978027344
212752,normal,376,0,1782361117.503256,0.002026081085205078
212753,normal,1223,0,1782361117.505297,0.002040863037109375
212754,normal,1814,0,1782361117.5073304,0.0020334720611572266
212755,normal,3654,0,1782361117.5093365,0.002006053924560547
212756,normal,1192,0,1782361117.5112257,0.0018892288208007812
212757,normal,880,2,1782361117.5133104,0.0020847320556640625
212758,normal,113,0,1782361117.5153,0.001989603042602539
212759,normal,25,0,1782361117.5173419,0.0020418167114257812
212760,normal,1705,0,1782361117.5192368,0.0018949508666992188
212761,normal,2590,0,1782361117.5212438,0.002007007598876953
212762,normal,3456,0,1782361117.5232353,0.0019915103912353516
212763,normal,3345,1,1782361117.525237,0.0020017623901367188
212764,normal,2568,0,1782361117.527233,0.0019958019256591797
212765,normal,2884,0,1782361117.5292406,0.002007722854614258
212766,normal,2540,0,1782361117.5312579,0.0020172595977783203
212767,normal,1884,0,1782361117.5332544,0.0019965171813964844
212768,normal,9,0,1782361117.5353348,0.0020804405212402344
212769,normal,419,0,1782361117.537237,0.0019021034240722656
212770,normal,3382,1,1782361117.5392318,0.0019948482513427734
212771,normal,1900,0,1782361117.5412285,0.001996755599975586
212772,normal,1775,0,1782361117.543229,0.002000570297241211
212773,normal,1165,0,1782361117.545239,0.002009868621826172
212774,normal,1859,0,1782361117.5472662,0.002027273178100586
212775,normal,1549,0,1782361117.5493195,0.0020532608032226562
212776,normal,1840,0,1782361117.551391,0.002071380615234375
212777,normal,68,0,1782361117.553249,0.0018579959869384766
212778,normal,2770,0,1782361117.5552492,0.0020003318786621094
212779,normal,2406,0,1782361117.557267,0.0020177364349365234
212780,normal,3102,1,1782361117.5592248,0.0019578933715820312
212781,normal,347,0,1782361117.5612092,0.0019843578338623047
212782,normal,410,0,1782361117.563211,0.0020017623901367188
212783,normal,1726,0,1782361117.5652425,0.002031564712524414
212784,normal,734,0,1782361117.5673065,0.0020639896392822266
212785,normal,2418,0,1782361117.569299,0.001992464065551758
212786,normal,3521,0,1782361117.5714796,0.0021805763244628906
212787,normal,2291,0,1782361117.5733602,0.001880645751953125
212788,normal,2809,0,1782361117.5754588,0.002098560333251953
212789,normal,3508,0,1782361117.5773268,0.0018680095672607422
212790,normal,1392,0,1782361117.5795128,0.0021860599517822266
212791,normal,602,0,1782361117.5815117,0.0019989013671875
212792,normal,1861,0,1782361117.5832314,0.0017197132110595703
212793,normal,1793,0,1782361117.5853214,0.002089977264404297
212794,normal,1239,0,1782361117.5873113,0.0019898414611816406
212795,normal,136,0,1782361117.5893464,0.0020351409912109375
212796,normal,2751,0,1782361117.591473,0.0021266937255859375
212797,normal,2579,0,1782361117.5933042,0.0018310546875
212798,normal,193,0,1782361117.595305,0.0020008087158203125
212799,normal,2275,0,1782361117.5973155,0.0020105838775634766
212800,normal,1059,0,1782361117.5993066,0.0019910335540771484
212801,normal,2233,0,1782361117.6022158,0.0029091835021972656
212802,normal,263,0,1782361117.6034884,0.0012726783752441406
212803,normal,297,0,1782361117.6053684,0.0018799304962158203
212804,normal,3217,1,1782361117.6073484,0.0019800662994384766
212805,normal,26,0,1782361117.6093476,0.0019991397857666016
212806,normal,1590,0,1782361117.6113539,0.0020062923431396484
212807,normal,2361,0,1782361117.6135693,0.0022153854370117188
212808,normal,793,2,1782361117.6153564,0.0017871856689453125
212809,normal,2045,0,1782361117.617348,0.0019915103912353516
212810,normal,1037,0,1782361117.6193523,0.002004384994506836
212811,normal,2209,0,1782361117.6213598,0.0020074844360351562
212812,normal,1838,0,1782361117.6233668,0.002007007598876953
212813,normal,2542,0,1782361117.6254103,0.002043485641479492
212814,normal,2810,0,1782361117.6275604,0.0021500587463378906
212815,normal,2981,0,1782361117.6294217,0.0018613338470458984
212816,normal,3224,1,1782361117.6314778,0.002056121826171875
212817,normal,1665,0,1782361117.633443,0.0019652843475341797
212818,normal,91,0,1782361117.6353934,0.0019502639770507812
212819,normal,2421,0,1782361117.6376798,0.0022864341735839844
212820,normal,423,0,1782361117.6395037,0.0018239021301269531
212821,normal,1197,0,1782361117.6415222,0.002018451690673828
212822,normal,3113,1,1782361117.6437042,0.0021820068359375
212823,normal,3406,0,1782361117.6454923,0.0017881393432617188
212824,normal,2936,0,1782361117.6474297,0.0019373893737792969
212825,normal,2017,0,1782361117.6492944,0.0018646717071533203
212826,normal,705,0,1782361117.651465,0.002170562744140625
212827,normal,3482,0,1782361117.6534564,0.0019915103912353516
212828,normal,2609,0,1782361117.6553867,0.00193023681640625
212829,normal,2659,0,1782361117.6574636,0.002076864242553711
212830,normal,697,0,1782361117.659465,0.002001523971557617
212831,normal,2183,0,1782361117.661348,0.0018830299377441406
212832,normal,3043,0,1782361117.66347,0.0021219253540039062
212833,normal,903,2,1782361117.6655097,0.002039670944213867
212834,normal,1148,0,1782361117.6673708,0.0018610954284667969
212835,normal,33,0,1782361117.6695285,0.0021576881408691406
212836,normal,503,0,1782361117.6714432,0.0019147396087646484
212837,normal,709,0,1782361117.6734228,0.0019795894622802734
212838,normal,2761,0,1782361117.6754575,0.0020346641540527344
212839,normal,407,0,1782361117.6775565,0.0020990371704101562
212840,normal,243,0,1782361117.679296,0.001739501953125
212841,normal,3227,1,1782361117.6814625,0.0021665096282958984
212842,normal,1843,0,1782361117.6833825,0.0019199848175048828
212843,normal,247,0,1782361117.6854696,0.002087116241455078
212844,normal,2968,0,1782361117.6872983,0.0018286705017089844
212845,normal,1124,0,1782361117.6894765,0.002178192138671875
212846,normal,3297,1,1782361117.6913066,0.0018301010131835938
212847,normal,2681,0,1782361117.693599,0.0022923946380615234
212848,normal,3455,0,1782361117.6954944,0.0018954277038574219
212849,normal,383,0,1782361117.6973596,0.0018651485443115234
212850,normal,301,0,1782361117.6994455,0.0020859241485595703
212851,normal,3362,1,1782361117.7014537,0.002008199691772461
212852,normal,2288,0,1782361117.7033591,0.0019054412841796875
212853,normal,1981,0,1782361117.705472,0.002112865447998047
212854,normal,94,0,1782361117.707552,0.0020799636840820312
212855,normal,3235,1,1782361117.7094536,0.0019016265869140625
212856,normal,952,2,1782361117.7115884,0.0021347999572753906
212857,normal,1280,0,1782361117.7134874,0.0018990039825439453
212858,normal,2966,0,1782361117.7153966,0.0019092559814453125
212859,normal,3082,1,1782361117.71747,0.0020732879638671875
212860,normal,1489,0,1782361117.719506,0.0020360946655273438
212861,normal,1399,0,1782361117.7212753,0.0017693042755126953
212862,normal,3292,1,1782361117.7234447,0.002169370651245117
212863,normal,2456,0,1782361117.7254395,0.0019948482513427734
212864,normal,2106,0,1782361117.7273788,0.0019392967224121094
212865,normal,1979,0,1782361117.7295167,0.002137899398803711
212866,normal,227,0,1782361117.7315228,0.002006053924560547
212867,normal,3176,1,1782361117.733559,0.0020360946655273438
212868,normal,3209,1,1782361117.7355993,0.002040386199951172
212869,normal,147,0,1782361117.7378323,0.0022330284118652344
212870,normal,2381,0,1782361117.7394614,0.0016291141510009766
212871,normal,2491,0,1782361117.7414927,0.0020313262939453125
212872,normal,3701,0,1782361117.7434018,0.001909017562866211
212873,normal,627,0,1782361117.745342,0.0019402503967285156
212874,normal,1199,0,1782361117.747361,0.0020189285278320312
212875,normal,3462,0,1782361117.7497077,0.0023467540740966797
212876,normal,1851,0,1782361117.7512553,0.0015475749969482422
212877,normal,1346,1,1782361117.75344,0.002184629440307617
212878,normal,3347,1,1782361117.7554278,0.001987934112548828
212879,normal,821,2,1782361117.7573426,0.0019147396087646484
212880,normal,581,0,1782361117.7595112,0.0021686553955078125
212881,normal,1433,0,1782361117.7616358,0.0021245479583740234
212882,normal,3335,1,1782361117.763393,0.0017571449279785156
212883,normal,1104,0,1782361117.7656198,0.0022268295288085938
212884,normal,158,0,1782361117.767415,0.0017952919006347656
212885,normal,3039,0,1782361117.7693746,0.001959562301635742
212886,normal,57,0,1782361117.7723305,0.002955913543701172
212887,normal,626,0,1782361117.7734134,0.0010828971862792969
212888,normal,907,2,1782361117.7753894,0.00197601318359375
212889,normal,2711,0,1782361117.7778962,0.002506732940673828
212890,normal,2413,0,1782361117.7793694,0.0014731884002685547
212891,normal,3700,0,1782361117.7814624,0.002093076705932617
212892,normal,49,0,1782361117.7832966,0.0018341541290283203
212893,normal,3281,1,1782361117.7854817,0.0021851062774658203
212894,normal,3706,0,1782361117.787393,0.0019114017486572266
212895,normal,3308,1,1782361117.7894874,0.002094268798828125
212896,normal,3331,1,1782361117.7914736,0.001986265182495117
212897,normal,35,0,1782361117.793413,0.0019392967224121094
212898,normal,2617,0,1782361117.795518,0.0021049976348876953
212899,normal,2642,0,1782361117.7973754,0.0018575191497802734
212900,normal,685,0,1782361117.7994406,0.0020651817321777344
212901,normal,2790,0,1782361117.8017774,0.002336740493774414
212902,normal,1306,0,1782361117.8034406,0.0016632080078125
212903,normal,1630,0,1782361117.8054292,0.001988649368286133
212904,normal,1919,0,1782361117.8075337,0.002104520797729492
212905,normal,2720,0,1782361117.8094754,0.001941680908203125
212906,normal,3628,0,1782361117.8113525,0.0018770694732666016
212907,normal,1210,0,1782361117.8134599,0.002107381820678711
212908,normal,3061,1,1782361117.8155298,0.0020699501037597656
212909,normal,1605,0,1782361117.8174877,0.0019578933715820312
212910,normal,1362,1,1782361117.819429,0.0019412040710449219
212911,normal,359,0,1782361117.8217402,0.002311229705810547
212912,normal,930,2,1782361117.8234072,0.001667022705078125
212913,normal,995,2,1782361117.8254707,0.0020635128021240234
212914,normal,1524,0,1782361117.82787,0.0023992061614990234
212915,normal,1907,0,1782361117.829944,0.002074003219604492
212916,normal,708,0,1782361117.8314393,0.001495361328125
212917,normal,2152,0,1782361117.8337429,0.002303600311279297
212918,normal,986,2,1782361117.835437,0.0016942024230957031
212919,normal,2998,0,1782361117.8374798,0.0020427703857421875
212920,normal,1652,0,1782361117.8395615,0.002081632614135742
212921,normal,3126,1,1782361117.84164,0.002078533172607422
212922,normal,1209,0,1782361117.8434668,0.0018267631530761719
212923,normal,3614,0,1782361117.8454704,0.0020036697387695312
212924,normal,386,0,1782361117.8474011,0.0019307136535644531
212925,normal,579,0,1782361117.8494325,0.0020313262939453125
212926,normal,3239,1,1782361117.8514793,0.002046823501586914
212927,normal,1477,0,1782361117.8532898,0.0018105506896972656
212928,normal,3284,1,1782361117.8554747,0.0021848678588867188
212929,normal,1458,0,1782361117.8574698,0.001995086669921875
212930,normal,547,0,1782361117.8594034,0.0019335746765136719
212931,normal,266,0,1782361117.8614273,0.002023935317993164
212932,normal,1684,0,1782361117.863468,0.0020406246185302734
212933,normal,2076,0,1782361117.8652883,0.0018203258514404297
212934,normal,1803,0,1782361117.8674557,0.0021674633026123047
212935,normal,3173,1,1782361117.8694615,0.0020058155059814453
212936,normal,938,2,1782361117.8714128,0.0019512176513671875
212937,normal,3341,1,1782361117.8734517,0.0020389556884765625
212938,normal,72,0,1782361117.8754766,0.0020248889923095703
212939,normal,415,0,1782361117.8774703,0.0019936561584472656
212940,normal,3186,1,1782361117.8793359,0.0018656253814697266
212941,normal,1607,0,1782361117.8814259,0.002089977264404297
212942,normal,3321,1,1782361117.8833213,0.0018954277038574219
212943,normal,108,0,1782361117.885348,0.002026796340942383
212944,normal,3404,0,1782361117.8873591,0.0020110607147216797
212945,normal,2853,0,1782361117.889235,0.0018758773803710938
212946,normal,1113,0,1782361117.8914547,0.002219676971435547
212947,normal,1351,1,1782361117.8934188,0.001964092254638672
212948,normal,991,2,1782361117.895324,0.001905202865600586
212949,normal,1052,0,1782361117.897519,0.002195119857788086
212950,normal,191,0,1782361117.8996024,0.002083301544189453
212951,normal,2270,0,1782361117.9013135,0.001711130142211914
212952,normal,941,2,1782361117.9034207,0.0021071434020996094
212953,normal,110,0,1782361117.9055245,0.0021038055419921875
212954,normal,2636,0,1782361117.907384,0.001859426498413086
212955,normal,2355,0,1782361117.9092593,0.0018754005432128906
212956,normal,2119,0,1782361117.9113579,0.002098560333251953
212957,normal,2673,0,1782361117.9132426,0.0018846988677978516
212958,normal,1528,0,1782361117.9153664,0.0021238327026367188
212959,normal,237,0,1782361117.917409,0.002042531967163086
212960,normal,2656,0,1782361117.9192433,0.0018343925476074219
212961,normal,1379,1,1782361117.9213572,0.002113819122314453
212962,normal,3399,1,1782361117.9233532,0.0019960403442382812
212963,normal,1978,0,1782361117.9252613,0.0019080638885498047
212964,normal,1036,0,1782361117.9277308,0.0024695396423339844
212965,normal,3674,0,1782361117.9293296,0.0015988349914550781
212966,normal,2604,0,1782361117.931545,0.0022153854370117188
212967,normal,21,0,1782361117.9333086,0.0017635822296142578
212968,normal,713,0,1782361117.935369,0.002060413360595703
212969,normal,3367,1,1782361117.9372702,0.0019011497497558594
212970,normal,733,0,1782361117.939387,0.0021169185638427734
212971,normal,3060,1,1782361117.9414544,0.0020673274993896484
212972,normal,38,0,1782361117.9436057,0.0021512508392333984
212973,normal,882,2,1782361117.9452353,0.0016295909881591797
212974,normal,326,0,1782361117.9473636,0.0021283626556396484
212975,normal,288,0,1782361117.9492776,0.0019140243530273438
212976,normal,3259,1,1782361117.9513814,0.0021038055419921875
212977,normal,1698,0,1782361117.9534233,0.0020418167114257812
212978,normal,2868,0,1782361117.955329,0.001905679702758789
212979,normal,2359,0,1782361117.9574456,0.002116680145263672
212980,normal,1618,0,1782361117.9594083,0.0019626617431640625
212981,normal,1975,0,1782361117.9613419,0.0019335746765136719
212982,normal,2136,0,1782361117.9640586,0.0027167797088623047
212983,normal,2791,0,1782361117.965745,0.0016863346099853516
212984,normal,2865,0,1782361117.9672382,0.001493215560913086
212985,normal,144,0,1782361117.9697819,0.0025436878204345703
212986,normal,2464,0,1782361117.9714737,0.0016918182373046875
212987,normal,2613,0,1782361117.9735115,0.0020377635955810547
212988,normal,3021,0,1782361117.975544,0.0020325183868408203
212989,normal,2318,0,1782361117.977443,0.0018990039825439453
212990,normal,751,0,1782361117.9792607,0.0018177032470703125
212991,normal,3498,0,1782361117.9813688,0.0021080970764160156
212992,normal,1188,0,1782361117.9833646,0.0019958019256591797
212993,normal,688,0,1782361117.9852638,0.0018992424011230469
212994,normal,1642,0,1782361117.9874153,0.0021514892578125
212995,normal,2805,0,1782361117.9893842,0.001968860626220703
212996,normal,2645,0,1782361117.9913657,0.001981496810913086
212997,normal,1159,0,1782361117.9932919,0.0019261837005615234
212998,normal,1657,0,1782361117.9955094,0.002217531204223633
212999,normal,2582,0,1782361117.9974458,0.0019364356994628906
213000,normal,782,2,1782361117.9995635,0.002117633819580078
213001,normal,1099,0,1782361118.0015347,0.0019712448120117188
213002,normal,2653,0,1782361118.0032794,0.0017447471618652344
213003,normal,2079,0,1782361118.0055306,0.002251148223876953
213004,normal,2859,0,1782361118.0074978,0.001967191696166992
213005,normal,2543,0,1782361118.009464,0.001966238021850586
213006,normal,1026,2,1782361118.0114305,0.0019664764404296875
213007,normal,373,0,1782361118.0134692,0.002038717269897461
213008,normal,3168,1,1782361118.0153966,0.0019273757934570312
213009,normal,838,2,1782361118.0174809,0.0020842552185058594
213010,normal,1367,1,1782361118.0194838,0.0020029544830322266
213011,normal,375,0,1782361118.021406,0.0019221305847167969
213012,normal,647,0,1782361118.0233924,0.0019865036010742188
213013,normal,1067,0,1782361118.0255055,0.0021131038665771484
213014,normal,1974,0,1782361118.0274296,0.0019240379333496094
213015,normal,369,0,1782361118.0295398,0.0021102428436279297
213016,normal,1364,1,1782361118.0314803,0.0019404888153076172
213017,normal,1118,0,1782361118.0333807,0.0019004344940185547
213018,normal,485,0,1782361118.035478,0.0020973682403564453
213019,normal,253,0,1782361118.0374815,0.0020034313201904297
213020,normal,2357,0,1782361118.039379,0.0018973350524902344
213021,normal,770,0,1782361118.0414968,0.0021178722381591797
213022,normal,2326,0,1782361118.0435379,0.0020411014556884766
213023,normal,3503,0,1782361118.0456958,0.002157926559448242
213024,normal,176,0,1782361118.047343,0.0016472339630126953
213025,normal,3328,1,1782361118.0495048,0.002161741256713867
213026,normal,2889,0,1782361118.0514061,0.001901388168334961
213027,normal,346,0,1782361118.0535018,0.0020956993103027344
213028,normal,1013,2,1782361118.0554693,0.0019674301147460938
213029,normal,1789,0,1782361118.0573673,0.001898050308227539
213030,normal,7,0,1782361118.0594666,0.002099275588989258
213031,normal,796,2,1782361118.0614846,0.002017974853515625
213032,normal,3548,0,1782361118.0634384,0.0019538402557373047
213033,normal,1934,0,1782361118.0655406,0.0021021366119384766
213034,normal,3288,1,1782361118.0675638,0.0020232200622558594
213035,normal,2741,0,1782361118.0694652,0.001901388168334961
213036,normal,221,0,1782361118.0717099,0.002244710922241211
213037,normal,831,2,1782361118.073399,0.0016891956329345703
213038,normal,639,0,1782361118.0755713,0.002172231674194336
213039,normal,2696,0,1782361118.077555,0.001983642578125
213040,normal,2687,0,1782361118.0795577,0.002002716064453125
213041,normal,115,0,1782361118.0813653,0.0018076896667480469
213042,normal,2035,0,1782361118.0834641,0.0020987987518310547
213043,normal,411,0,1782361118.0854628,0.0019986629486083984
213044,normal,1405,0,1782361118.0873756,0.001912832260131836
213045,normal,760,0,1782361118.0896277,0.0022521018981933594
213046,normal,546,0,1782361118.0914402,0.0018124580383300781
213047,normal,768,0,1782361118.0933623,0.0019221305847167969
213048,normal,974,2,1782361118.0954647,0.002102375030517578
213049,normal,984,2,1782361118.097469,0.002004384994506836
213050,normal,1564,0,1782361118.099806,0.0023369789123535156
213051,normal,3334,1,1782361118.1017075,0.001901388168334961
213052,normal,3257,1,1782361118.103457,0.0017495155334472656
213053,normal,2143,0,1782361118.105385,0.001928091049194336
213054,normal,1656,0,1782361118.1074667,0.002081632614135742
213055,normal,2278,0,1782361118.1094756,0.0020089149475097656
213056,normal,2541,0,1782361118.1113813,0.001905679702758789
213057,normal,3678,0,1782361118.113804,0.002422809600830078
213058,normal,2159,0,1782361118.1153603,0.0015561580657958984
213059,normal,155,0,1782361118.11747,0.0021097660064697266
213060,normal,2018,0,1782361118.1193807,0.0019106864929199219
213061,normal,3012,0,1782361118.1214955,0.0021147727966308594
213062,normal,3045,1,1782361118.1233976,0.0019021034240722656
213063,normal,1550,0,1782361118.1255612,0.0021636486053466797
213064,normal,2295,0,1782361118.1277196,0.0021584033966064453
213065,normal,1245,0,1782361118.129354,0.001634359359741211
213066,normal,1903,0,1782361118.1315358,0.0021817684173583984
213067,normal,524,0,1782361118.1336546,0.002118825912475586
213068,normal,3635,0,1782361118.1353796,0.0017249584197998047
213069,normal,2459,0,1782361118.1374671,0.0020875930786132812
213070,normal,840,2,1782361118.1398711,0.0024039745330810547
213071,normal,476,0,1782361118.1414456,0.0015745162963867188
213072,normal,2147,0,1782361118.1434329,0.0019872188568115234
213073,normal,3505,0,1782361118.145649,0.0022161006927490234
213074,normal,2176,0,1782361118.1477063,0.002057313919067383
213075,normal,3006,0,1782361118.1493425,0.0016362667083740234
213076,normal,2015,0,1782361118.151468,0.0021255016326904297
213077,normal,1010,2,1782361118.1533666,0.0018985271453857422
213078,normal,22,0,1782361118.1554,0.0020334720611572266
213079,normal,1510,0,1782361118.1574888,0.002088785171508789
213080,normal,577,0,1782361118.1593804,0.0018916130065917969
213081,normal,2365,0,1782361118.161478,0.002097606658935547
213082,normal,644,0,1782361118.163477,0.0019989013671875
213083,normal,2203,0,1782361118.165401,0.0019240379333496094
213084,normal,2479,0,1782361118.1675465,0.002145528793334961
213085,normal,2400,0,1782361118.1695693,0.0020227432250976562
213086,normal,77,0,1782361118.171325,0.0017557144165039062
213087,normal,3034,0,1782361118.1734877,0.0021626949310302734
213088,normal,3282,1,1782361118.1755285,0.002040863037109375
213089,normal,1841,0,1782361118.1774461,0.0019176006317138672
213090,normal,1999,0,1782361118.1795678,0.0021216869354248047
213091,normal,1284,0,1782361118.1814764,0.0019085407257080078
213092,normal,2223,0,1782361118.1833942,0.0019178390502929688
213093,normal,1282,0,1782361118.1854835,0.002089262008666992
213094,normal,2983,0,1782361118.1874907,0.0020072460174560547
213095,normal,2391,0,1782361118.1893837,0.0018930435180664062
213096,normal,2303,0,1782361118.1914966,0.002112865447998047
213097,normal,3559,0,1782361118.1935065,0.002009868621826172
213098,normal,746,0,1782361118.195402,0.0018954277038574219
213099,normal,716,0,1782361118.1976085,0.002206563949584961
213100,normal,3318,1,1782361118.1994302,0.001821756362915039
213101,normal,3509,0,1782361118.2013822,0.0019519329071044922
213102,normal,1740,0,1782361118.2034805,0.0020983219146728516
213103,normal,455,0,1782361118.2055185,0.0020380020141601562
213104,normal,3098,1,1782361118.2073967,0.0018782615661621094
213105,normal,1415,0,1782361118.2094917,0.0020949840545654297
213106,normal,3125,1,1782361118.211552,0.0020601749420166016
213107,normal,3427,0,1782361118.2133524,0.001800537109375
213108,normal,1822,0,1782361118.215554,0.002201557159423828
213109,normal,3013,0,1782361118.2174785,0.0019245147705078125
213110,normal,1593,0,1782361118.2193851,0.0019066333770751953
213111,normal,2513,0,1782361118.2215023,0.002117156982421875
213112,normal,1068,0,1782361118.2235358,0.0020334720611572266
213113,normal,2172,0,1782361118.225281,0.0017452239990234375
213114,normal,2943,0,1782361118.2274714,0.0021903514862060547
213115,normal,3072,1,1782361118.2294776,0.0020062923431396484
213116,normal,3254,1,1782361118.2313733,0.0018956661224365234
213117,normal,3510,0,1782361118.2335732,0.002199888229370117
213118,normal,3207,1,1782361118.235492,0.001918792724609375
213119,normal,1173,0,1782361118.2374456,0.001953601837158203
213120,normal,3639,0,1782361118.2396464,0.0022008419036865234
213121,normal,3342,1,1782361118.241511,0.0018646717071533203
213122,normal,2991,0,1782361118.2434626,0.001951456069946289
213123,normal,1737,0,1782361118.24563,0.0021674633026123047
213124,normal,3593,0,1782361118.2476482,0.0020182132720947266
213125,normal,1722,0,1782361118.2492776,0.0016293525695800781
213126,normal,1797,0,1782361118.2514644,0.0021867752075195312
213127,normal,2199,0,1782361118.2534678,0.0020034313201904297
213128,normal,3107,1,1782361118.2553778,0.0019099712371826172
213129,normal,926,2,1782361118.2576485,0.0022706985473632812
213130,normal,3665,0,1782361118.2594268,0.0017783641815185547
213131,normal,532,0,1782361118.261374,0.001947164535522461
213132,normal,999,2,1782361118.2634609,0.0020868778228759766
213133,normal,1888,0,1782361118.2654667,0.0020058155059814453
213134,normal,743,0,1782361118.267446,0.001979351043701172
213135,normal,3468,0,1782361118.2696905,0.0022444725036621094
213136,normal,3009,0,1782361118.2714872,0.001796722412109375
213137,normal,1883,0,1782361118.2736368,0.0021495819091796875
213138,normal,2156,0,1782361118.2753787,0.0017418861389160156
213139,normal,1899,0,1782361118.277494,0.0021152496337890625
213140,normal,3348,1,1782361118.2793918,0.0018978118896484375
213141,normal,1862,0,1782361118.281498,0.002106189727783203
213142,normal,2021,0,1782361118.2835677,0.002069711685180664
213143,normal,1228,0,1782361118.2858286,0.002260923385620117
213144,normal,1288,0,1782361118.287301,0.00147247314453125
213145,normal,660,0,1782361118.289467,0.0021660327911376953
213146,normal,2441,0,1782361118.2913737,0.0019066333770751953
213147,normal,3424,0,1782361118.2934856,0.0021119117736816406
213148,normal,319,0,1782361118.2955,0.0020143985748291016
213149,normal,1577,0,1782361118.2973921,0.00189208984375
213150,normal,1645,0,1782361118.2994993,0.0021071434020996094
213151,normal,844,2,1782361118.3015163,0.0020170211791992188
213152,normal,2752,0,1782361118.303413,0.0018966197967529297
213153,normal,1965,0,1782361118.3054972,0.0020842552185058594
213154,normal,299,0,1782361118.3074796,0.001982450485229492
213155,normal,3529,0,1782361118.3098102,0.0023305416107177734
213156,normal,2748,0,1782361118.3114347,0.0016245841979980469
213157,normal,2498,0,1782361118.3136523,0.002217531204223633
213158,normal,207,0,1782361118.3154488,0.0017964839935302734
213159,normal,2315,0,1782361118.317563,0.0021142959594726562
213160,normal,560,0,1782361118.3194332,0.0018701553344726562
213161,normal,2470,0,1782361118.321358,0.001924753189086914
213162,normal,372,0,1782361118.3235414,0.0021834373474121094
213163,normal,2460,0,1782361118.3255868,0.0020453929901123047
213164,normal,2845,0,1782361118.3275025,0.0019156932830810547
213165,normal,2705,0,1782361118.329508,0.0020055770874023438
213166,normal,244,0,1782361118.3316927,0.002184629440307617
213167,normal,390,0,1782361118.3332896,0.0015969276428222656
213168,normal,103,0,1782361118.3355057,0.0022161006927490234
213169,normal,2165,0,1782361118.3380916,0.002585887908935547
213170,normal,3015,0,1782361118.3394613,0.0013697147369384766
213171,normal,1204,0,1782361118.3417616,0.002300262451171875
213172,normal,1449,0,1782361118.343394,0.0016324520111083984
213173,normal,1167,0,1782361118.3455532,0.00215911865234375
213174,normal,3652,0,1782361118.3474746,0.0019214153289794922
213175,normal,3010,0,1782361118.349404,0.0019295215606689453
213176,normal,1373,1,1782361118.3518674,0.0024633407592773438
213177,normal,534,0,1782361118.3533123,0.0014448165893554688
213178,normal,3040,0,1782361118.3554935,0.0021812915802001953
213179,normal,3246,1,1782361118.3573873,0.001893758773803711
213180,normal,786,2,1782361118.3594937,0.0021064281463623047
213181,normal,904,2,1782361118.3614945,0.0020008087158203125
213182,normal,2862,0,1782361118.3633947,0.0019001960754394531
213183,normal,1046,0,1782361118.3655121,0.0021173954010009766
213184,normal,2293,0,1782361118.3675013,0.001989126205444336
213185,normal,249,0,1782361118.369428,0.0019266605377197266
213186,normal,687,0,1782361118.3715723,0.002144336700439453
213187,normal,3020,0,1782361118.373739,0.002166748046875
213188,normal,1071,0,1782361118.3754911,0.0017521381378173828
213189,normal,1038,0,1782361118.3773994,0.0019083023071289062
213190,normal,117,0,1782361118.3794944,0.0020949840545654297
213191,normal,2953,0,1782361118.381384,0.0018894672393798828
213192,normal,1259,0,1782361118.3834918,0.002107858657836914
213193,normal,3231,1,1782361118.3855095,0.0020177364349365234
213194,normal,126,0,1782361118.387442,0.0019326210021972656
213195,normal,2661,0,1782361118.3898098,0.002367734909057617
213196,normal,1844,0,1782361118.3913393,0.0015294551849365234
213197,normal,2012,0,1782361118.3934946,0.002155303955078125
213198,normal,911,2,1782361118.3954012,0.0019066333770751953
213199,normal,1837,0,1782361118.3975413,0.002140045166015625
213200,normal,694,0,1782361118.3992777,0.0017364025115966797
213201,normal,3641,0,1782361118.4014719,0.0021941661834716797
213202,normal,1901,0,1782361118.4034784,0.00200653076171875
213203,normal,1616,0,1782361118.4054382,0.0019598007202148438
213204,normal,3432,0,1782361118.4075515,0.00211334228515625
213205,normal,2731,0,1782361118.4095287,0.001977205276489258
213206,normal,2056,0,1782361118.411472,0.001943349838256836
213207,normal,2372,0,1782361118.4135907,0.0021185874938964844
213208,normal,1213,0,1782361118.415782,0.002191305160522461
213209,normal,2317,0,1782361118.4173675,0.0015854835510253906
213210,normal,783,2,1782361118.4196928,0.002325296401977539
213211,normal,2652,0,1782361118.4214892,0.0017964839935302734
213212,normal,59,0,1782361118.4234772,0.001987934112548828
213213,normal,1483,0,1782361118.4252753,0.0017981529235839844
213214,normal,1260,0,1782361118.4274669,0.0021915435791015625
213215,normal,945,2,1782361118.4293637,0.0018968582153320312
213216,normal,1060,0,1782361118.4317904,0.002426624298095703
213217,normal,1921,0,1782361118.4333282,0.0015377998352050781
213218,normal,2444,0,1782361118.4354608,0.0021326541900634766
213219,normal,1640,0,1782361118.4373603,0.0018994808197021484
213220,normal,2238,0,1782361118.4394593,0.0020990371704101562
213221,normal,206,0,1782361118.4415255,0.0020661354064941406
213222,normal,778,2,1782361118.4436355,0.002110004425048828
213223,normal,3157,1,1782361118.4455075,0.0018720626831054688
213224,normal,2698,0,1782361118.4477262,0.0022187232971191406
213225,normal,1471,0,1782361118.4493074,0.0015811920166015625
213226,normal,3582,0,1782361118.4514794,0.0021719932556152344
213227,normal,3124,1,1782361118.4533882,0.0019087791442871094
213228,normal,166,0,1782361118.4555109,0.002122640609741211
213229,normal,1145,0,1782361118.4577246,0.002213716506958008
213230,normal,1606,0,1782361118.459514,0.0017893314361572266
213231,normal,2608,0,1782361118.4613652,0.0018513202667236328
213232,normal,3268,1,1782361118.4634686,0.0021033287048339844
213233,normal,3451,0,1782361118.465375,0.0019063949584960938
213234,normal,3662,0,1782361118.4674873,0.0021123886108398438
213235,normal,111,0,1782361118.4694905,0.002003192901611328
213236,normal,3153,1,1782361118.4714296,0.0019390583038330078
213237,normal,3278,1,1782361118.4735498,0.0021202564239501953
213238,normal,1941,0,1782361118.4755025,0.0019526481628417969
213239,normal,2437,0,1782361118.4775426,0.0020401477813720703
213240,normal,1176,0,1782361118.48009,0.0025472640991210938
213241,normal,2332,0,1782361118.4816813,0.0015914440155029297
213242,normal,622,0,1782361118.4834237,0.0017423629760742188
213243,normal,2005,0,1782361118.4857755,0.0023517608642578125
213244,normal,2384,0,1782361118.4875968,0.001821279525756836
213245,normal,3552,0,1782361118.4895325,0.001935720443725586
213246,normal,1555,0,1782361118.4916205,0.0020880699157714844
213247,normal,3195,1,1782361118.4934807,0.0018601417541503906
213248,normal,1342,1,1782361118.4953809,0.0019001960754394531
213249,normal,1581,0,1782361118.4974642,0.002083301544189453
213250,normal,1331,1,1782361118.4994678,0.0020036697387695312
213251,normal,15,0,1782361118.501395,0.0019271373748779297
213252,normal,2575,0,1782361118.5034933,0.0020983219146728516
213253,normal,3658,0,1782361118.505477,0.001983642578125
213254,normal,927,2,1782361118.507376,0.0018990039825439453
213255,normal,895,2,1782361118.5094771,0.0021011829376220703
213256,normal,331,0,1782361118.5115206,0.002043485641479492
213257,normal,304,0,1782361118.5134544,0.0019338130950927734
213258,normal,183,0,1782361118.5155714,0.0021169185638427734
213259,normal,2486,0,1782361118.5174854,0.0019140243530273438
213260,normal,860,2,1782361118.5194123,0.0019268989562988281
213261,normal,3336,1,1782361118.52154,0.0021276473999023438
213262,normal,1951,0,1782361118.5235472,0.0020072460174560547
213263,normal,2849,0,1782361118.525475,0.0019278526306152344
213264,normal,2246,0,1782361118.5272865,0.0018115043640136719
213265,normal,3486,0,1782361118.5294814,0.0021948814392089844
213266,normal,2254,0,1782361118.531398,0.001916646957397461
213267,normal,2494,0,1782361118.5335002,0.0021021366119384766
213268,normal,2330,0,1782361118.5354905,0.0019903182983398438
213269,normal,1802,0,1782361118.537389,0.0018985271453857422
213270,normal,1598,0,1782361118.539507,0.0021178722381591797
213271,normal,1005,2,1782361118.5415096,0.002002716064453125
213272,normal,653,0,1782361118.5434575,0.0019478797912597656
213273,normal,2354,0,1782361118.5454419,0.0019843578338623047
213274,normal,1781,0,1782361118.5474837,0.0020418167114257812
213275,normal,3128,1,1782361118.5493824,0.0018987655639648438
213276,normal,1523,0,1782361118.551487,0.002104520797729492
213277,normal,2296,0,1782361118.5534837,0.001996755599975586
213278,normal,1957,0,1782361118.555378,0.001894235610961914
213279,normal,2448,0,1782361118.557514,0.0021359920501708984
213280,normal,497,0,1782361118.5595539,0.0020399093627929688
213281,normal,737,0,1782361118.56148,0.0019261837005615234
213282,normal,611,0,1782361118.563395,0.00191497802734375
213283,normal,3026,0,1782361118.5655057,0.002110719680786133
213284,normal,3664,0,1782361118.5674324,0.0019266605377197266
213285,normal,798,2,1782361118.5694728,0.002040386199951172
213286,normal,1224,0,1782361118.5714726,0.0019998550415039062
213287,normal,39,0,1782361118.573382,0.0019092559814453125
213288,normal,418,0,1782361118.5754707,0.002088785171508789
213289,normal,142,0,1782361118.5775132,0.002042531967163086
213290,normal,1057,0,1782361118.5794683,0.0019550323486328125
213291,normal,86,0,1782361118.5814853,0.0020170211791992188
213292,normal,591,0,1782361118.5837157,0.002230405807495117
213293,normal,1554,0,1782361118.5854452,0.0017294883728027344
213294,normal,2610,0,1782361118.5876327,0.002187490463256836
213295,normal,3633,0,1782361118.5895138,0.0018811225891113281
213296,normal,1231,0,1782361118.591532,0.0020182132720947266
213297,normal,2049,0,1782361118.5935392,0.0020072460174560547
213298,normal,2850,0,1782361118.595486,0.0019466876983642578
213299,normal,3279,1,1782361118.5973694,0.0018835067749023438
213300,normal,1536,0,1782361118.5994658,0.002096414566040039
213301,normal,574,0,1782361118.6014693,0.0020034313201904297
213302,normal,1421,0,1782361118.6034677,0.001998424530029297
213303,normal,2427,0,1782361118.6054018,0.001934051513671875
213304,normal,740,0,1782361118.6074631,0.0020613670349121094
213305,normal,2422,0,1782361118.6093664,0.0019032955169677734
213306,normal,482,0,1782361118.6114745,0.0021080970764160156
213307,normal,2847,0,1782361118.6134655,0.0019910335540771484
213308,normal,1051,0,1782361118.6162307,0.002765178680419922
213309,normal,542,0,1782361118.617679,0.0014483928680419922
213310,normal,3642,0,1782361118.6194386,0.0017595291137695312
213311,normal,1573,0,1782361118.6213717,0.0019330978393554688
213312,normal,177,0,1782361118.6234772,0.0021054744720458984
213313,normal,3511,0,1782361118.6254818,0.0020046234130859375
213314,normal,1486,0,1782361118.6274426,0.00196075439453125
213315,normal,2501,0,1782361118.6296272,0.002184629440307617
213316,normal,1035,0,1782361118.6314085,0.0017812252044677734
213317,normal,3121,1,1782361118.6333745,0.0019659996032714844
213318,normal,204,0,1782361118.6354887,0.0021142959594726562
213319,normal,3214,1,1782361118.6374974,0.002008676528930664
213320,normal,2876,0,1782361118.6394107,0.001913309097290039
213321,normal,2647,0,1782361118.641644,0.002233266830444336
213322,normal,1114,0,1782361118.6436198,0.0019757747650146484
213323,normal,1278,0,1782361118.645373,0.0017533302307128906
213324,normal,2141,0,1782361118.6475704,0.002197265625
213325,normal,2085,0,1782361118.6495914,0.0020210742950439453
213326,normal,1940,0,1782361118.6513443,0.0017528533935546875
213327,normal,2920,0,1782361118.6536355,0.0022912025451660156
213328,normal,3162,1,1782361118.6557326,0.0020971298217773438
213329,normal,3448,0,1782361118.6574187,0.00168609619140625
213330,normal,2768,0,1782361118.6594865,0.0020678043365478516
213331,normal,1943,0,1782361118.6616492,0.0021626949310302734
213332,normal,1476,0,1782361118.6635447,0.0018954277038574219
213333,normal,3233,1,1782361118.6653748,0.0018301010131835938
213334,normal,1295,0,1782361118.667472,0.0020971298217773438
213335,normal,1719,0,1782361118.6693609,0.0018889904022216797
213336,normal,678,0,1782361118.671479,0.0021181106567382812
213337,normal,759,0,1782361118.6734827,0.0020036697387695312
213338,normal,187,0,1782361118.6753843,0.0019016265869140625
213339,normal,2965,0,1782361118.6774707,0.0020864009857177734
213340,normal,2532,0,1782361118.679487,0.002016305923461914
213341,normal,933,2,1782361118.681416,0.0019290447235107422
213342,normal,3275,1,1782361118.6835582,0.002142190933227539
213343,normal,3450,0,1782361118.685594,0.002035856246948242
213344,normal,397,0,1782361118.687318,0.0017240047454833984
213345,normal,1359,1,1782361118.6895206,0.0022025108337402344
213346,normal,1202,0,1782361118.6922526,0.0027320384979248047
213347,normal,234,0,1782361118.6936061,0.0013535022735595703
213348,normal,2164,0,1782361118.695553,0.0019469261169433594
213349,normal,1867,0,1782361118.6974952,0.0019421577453613281
213350,normal,3167,1,1782361118.6993656,0.0018703937530517578
213351,normal,1710,0,1782361118.7014742,0.0021085739135742188
213352,normal,130,0,1782361118.7034702,0.0019960403442382812
213353,normal,1108,0,1782361118.7053857,0.0019154548645019531
213354,normal,308,0,1782361118.7074864,0.002100706100463867
213355,normal,98,0,1782361118.7095,0.002013683319091797
213356,normal,1183,0,1782361118.7114058,0.001905679702758789
213357,normal,179,0,1782361118.7135148,0.002109050750732422
213358,normal,2521,0,1782361118.7155902,0.0020754337310791016
213359,normal,2445,0,1782361118.7172914,0.0017011165618896484
213360,normal,3237,1,1782361118.7194834,0.0021920204162597656
213361,normal,908,2,1782361118.7214804,0.0019969940185546875
213362,normal,2622,0,1782361118.723378,0.001897573471069336
213363,normal,1525,0,1782361118.725491,0.0021131038665771484
213364,normal,2130,0,1782361118.7275023,0.0020112991333007812
213365,normal,1501,0,1782361118.7294502,0.0019478797912597656
213366,normal,1587,0,1782361118.7314627,0.002012491226196289
213367,normal,2560,0,1782361118.7335658,0.002103090286254883
213368,normal,996,2,1782361118.7353375,0.001771688461303711
213369,normal,2654,0,1782361118.7375028,0.0021653175354003906
213370,normal,2370,0,1782361118.739499,0.001996278762817383
213371,normal,2728,0,1782361118.7414153,0.0019161701202392578
213372,normal,11,0,1782361118.7434762,0.0020608901977539062
213373,normal,488,0,1782361118.745478,0.0020017623901367188
213374,normal,2691,0,1782361118.7473757,0.0018978118896484375
213375,normal,1468,0,1782361118.7494886,0.002112865447998047
213376,normal,510,0,1782361118.751592,0.0021033287048339844
213377,normal,2749,0,1782361118.753325,0.0017330646514892578
213378,normal,518,0,1782361118.7555702,0.002245187759399414
213379,normal,3688,0,1782361118.757596,0.0020258426666259766
213380,normal,702,0,1782361118.7596529,0.0020568370819091797
213381,normal,3135,1,1782361118.761429,0.0017762184143066406
213382,normal,1860,0,1782361118.7637596,0.0023305416107177734
213383,normal,2735,0,1782361118.7654605,0.0017008781433105469
213384,normal,3298,1,1782361118.767381,0.001920461654663086
213385,normal,3629,0,1782361118.7694666,0.0020856857299804688
213386,normal,2893,0,1782361118.7713637,0.0018970966339111328
213387,normal,1825,0,1782361118.7734668,0.002103090286254883
213388,normal,71,0,1782361118.7757201,0.002253293991088867
213389,normal,1553,0,1782361118.7772722,0.0015521049499511719
213390,normal,1776,0,1782361118.7794673,0.002195119857788086
213391,normal,1363,1,1782361118.7814603,0.001992940902709961
213392,normal,2611,0,1782361118.7833638,0.001903533935546875
213393,normal,3431,0,1782361118.7855225,0.002158641815185547
213394,normal,2707,0,1782361118.7876484,0.002125978469848633
213395,normal,906,2,1782361118.789435,0.0017864704132080078
213396,normal,341,0,1782361118.791633,0.0021979808807373047
213397,normal,2545,0,1782361118.7935214,0.0018885135650634766
213398,normal,1955,0,1782361118.7953808,0.001859426498413086
213399,normal,1211,0,1782361118.7974827,0.002101898193359375
213400,normal,3097,1,1782361118.799491,0.002008199691772461
213401,normal,370,0,1782361118.8014386,0.001947641372680664
213402,normal,3261,1,1782361118.8038046,0.0023660659790039062
213403,normal,259,0,1782361118.805333,0.0015282630920410156
213404,normal,2544,0,1782361118.8074787,0.0021457672119140625
213405,normal,2363,0,1782361118.8093765,0.0018978118896484375
213406,normal,932,2,1782361118.8114874,0.0021109580993652344
213407,normal,3483,0,1782361118.8133864,0.0018990039825439453
213408,normal,884,2,1782361118.8154862,0.002099752426147461
213409,normal,1780,0,1782361118.8174787,0.001992464065551758
213410,normal,1413,0,1782361118.8194056,0.0019268989562988281
213411,normal,2539,0,1782361118.8215113,0.002105712890625
213412,normal,2014,0,1782361118.8234944,0.001983165740966797
213413,normal,1316,0,1782361118.8253844,0.001889944076538086
213414,normal,830,2,1782361118.8277884,0.0024039745330810547
213415,normal,1935,0,1782361118.8294594,0.0016710758209228516
213416,normal,3324,1,1782361118.8315144,0.002054929733276367
213417,normal,578,0,1782361118.833478,0.0019636154174804688
213418,normal,1548,0,1782361118.835638,0.0021600723266601562
213419,normal,3250,1,1782361118.8372712,0.0016331672668457031
213420,normal,1246,0,1782361118.8394535,0.0021822452545166016
213421,normal,3300,1,1782361118.8415232,0.002069711685180664
213422,normal,2030,0,1782361118.8434565,0.0019333362579345703
213423,normal,1503,0,1782361118.8456273,0.0021708011627197266
213424,normal,888,2,1782361118.8475611,0.0019338130950927734
213425,normal,1589,0,1782361118.849573,0.0020117759704589844
213426,normal,48,0,1782361118.8512967,0.0017237663269042969
213427,normal,725,0,1782361118.8534718,0.0021750926971435547
213428,normal,632,0,1782361118.8559234,0.002451658248901367
213429,normal,2679,0,1782361118.8575325,0.0016090869903564453
213430,normal,2779,0,1782361118.85981,0.0022776126861572266
213431,normal,2586,0,1782361118.8613358,0.0015256404876708984
213432,normal,2917,0,1782361118.8635437,0.0022079944610595703
213433,normal,3493,0,1782361118.8655674,0.0020236968994140625
213434,normal,2265,0,1782361118.8673916,0.0018241405487060547
213435,normal,589,0,1782361118.8699563,0.002564668655395508
213436,normal,819,2,1782361118.8713207,0.0013644695281982422
213437,normal,184,0,1782361118.8734927,0.0021719932556152344
213438,normal,3607,0,1782361118.875401,0.0019083023071289062
213439,normal,1137,0,1782361118.8774862,0.0020852088928222656
213440,normal,1912,0,1782361118.8793848,0.0018985271453857422
213441,normal,2558,0,1782361118.8814902,0.0021054744720458984
213442,normal,1933,0,1782361118.8835022,0.002012014389038086
213443,normal,2605,0,1782361118.8854027,0.0019004344940185547
213444,normal,1258,0,1782361118.8875322,0.0021295547485351562
213445,normal,1644,0,1782361118.8895237,0.0019915103912353516
213446,normal,75,0,1782361118.8913796,0.0018558502197265625
213447,normal,3184,1,1782361118.8934839,0.0021042823791503906
213448,normal,1700,0,1782361118.8954816,0.001997709274291992
213449,normal,957,2,1782361118.897383,0.001901388168334961
213450,normal,680,0,1782361118.8994844,0.002101421356201172
213451,normal,2120,0,1782361118.9015186,0.0020341873168945312
213452,normal,426,0,1782361118.9034355,0.0019168853759765625
213453,normal,1120,0,1782361118.9058297,0.0023941993713378906
213454,normal,1790,0,1782361118.9073493,0.0015196800231933594
213455,normal,3177,1,1782361118.9094927,0.002143383026123047
213456,normal,2686,0,1782361118.9114058,0.0019130706787109375
213457,normal,3240,1,1782361118.9135385,0.0021326541900634766
213458,normal,345,0,1782361118.9152725,0.001734018325805664
213459,normal,3376,1,1782361118.9174657,0.0021932125091552734
213460,normal,2976,0,1782361118.919468,0.002002239227294922
213461,normal,2116,0,1782361118.921462,0.0019941329956054688
213462,normal,3428,0,1782361118.9235387,0.0020766258239746094
213463,normal,1496,0,1782361118.9255278,0.001989126205444336
213464,normal,1315,0,1782361118.9274995,0.001971721649169922
213465,normal,1708,0,1782361118.929565,0.002065420150756836
213466,normal,2817,0,1782361118.9317408,0.0021758079528808594
213467,normal,3215,1,1782361118.9333346,0.0015938282012939453
213468,normal,95,0,1782361118.935631,0.00229644775390625
213469,normal,1679,0,1782361118.9375944,0.001963376998901367
213470,normal,498,0,1782361118.9394522,0.001857757568359375
213471,normal,3691,0,1782361118.9414623,0.0020101070404052734
213472,normal,2475,0,1782361118.9434562,0.001993894577026367
213473,normal,2202,0,1782361118.9453623,0.0019061565399169922
213474,normal,504,0,1782361118.947774,0.0024116039276123047
213475,normal,3436,0,1782361118.949305,0.0015311241149902344
213476,normal,2782,0,1782361118.9514592,0.002154111862182617
213477,normal,3584,0,1782361118.9533606,0.001901388168334961
213478,normal,1914,0,1782361118.9554634,0.0021028518676757812
213479,normal,1318,0,1782361118.957817,0.002353668212890625
213480,normal,2882,0,1782361118.959536,0.0017189979553222656
213481,normal,1612,0,1782361118.9615664,0.0020303726196289062
213482,normal,443,0,1782361118.963744,0.0021774768829345703
213483,normal,107,0,1782361118.965294,0.0015499591827392578
213484,normal,2396,0,1782361118.9674847,0.002190828323364258
213485,normal,931,2,1782361118.9693863,0.0019016265869140625
213486,normal,1613,0,1782361118.9715064,0.0021200180053710938
213487,normal,2408,0,1782361118.974702,0.003195524215698242
213488,normal,342,0,1782361118.975602,0.0009000301361083984
213489,normal,2149,0,1782361118.977686,0.002084016799926758
213490,normal,1443,0,1782361118.9793406,0.0016546249389648438
213491,normal,2507,0,1782361118.9814818,0.002141237258911133
213492,normal,3467,0,1782361118.9833906,0.0019087791442871094
213493,normal,3148,1,1782361118.985496,0.0021054744720458984
213494,normal,2516,0,1782361118.9874,0.0019040107727050781
213495,normal,164,0,1782361118.989557,0.002156972885131836
213496,normal,129,0,1782361118.991403,0.0018460750579833984
213497,normal,463,0,1782361118.9933982,0.001995086669921875
213498,normal,3570,0,1782361118.9958808,0.0024826526641845703
213499,normal,2241,0,1782361118.9981441,0.002263307571411133
213500,normal,1753,0,1782361118.9994543,0.001310110092163086
213501,normal,212,0,1782361119.0017667,0.0023124217987060547
213502,normal,2754,0,1782361119.0036833,0.001916646957397461
213503,normal,1602,0,1782361119.0054793,0.0017960071563720703
213504,normal,672,0,1782361119.00779,0.0023107528686523438
213505,normal,1731,0,1782361119.0095975,0.0018074512481689453
213506,normal,2358,0,1782361119.0113862,0.0017886161804199219
213507,normal,909,2,1782361119.0134676,0.0020813941955566406
213508,normal,2435,0,1782361119.015449,0.001981496810913086
213509,normal,2585,0,1782361119.0173635,0.0019145011901855469
213510,normal,835,2,1782361119.019492,0.0021283626556396484
213511,normal,1042,0,1782361119.0215003,0.0020084381103515625
213512,normal,2319,0,1782361119.023389,0.0018887519836425781
213513,normal,1762,0,1782361119.025473,0.002084016799926758
213514,normal,2912,0,1782361119.027479,0.0020058155059814453
213515,normal,2555,0,1782361119.029396,0.001917123794555664
213516,normal,2713,0,1782361119.0315466,0.0021505355834960938
213517,normal,1585,0,1782361119.0335696,0.002022981643676758
213518,normal,2931,0,1782361119.035321,0.0017514228820800781
213519,normal,1744,0,1782361119.0374894,0.002168416976928711
213520,normal,508,0,1782361119.0395224,0.0020329952239990234
213521,normal,2890,0,1782361119.041552,0.0020296573638916016
213522,normal,239,0,1782361119.0434651,0.0019130706787109375
213523,normal,90,0,1782361119.0454738,0.002008676528930664
213524,normal,1340,1,1782361119.047379,0.001905202865600586
213525,normal,1796,0,1782361119.0494769,0.0020978450775146484
213526,normal,837,2,1782361119.0514941,0.0020172595977783203
213527,normal,1221,0,1782361119.0533803,0.001886129379272461
213528,normal,3301,1,1782361119.0554917,0.0021114349365234375
213529,normal,3002,0,1782361119.0575001,0.0020084381103515625
213530,normal,1579,0,1782361119.059408,0.0019078254699707031
213531,normal,1084,0,1782361119.0615375,0.0021295547485351562
213532,normal,225,0,1782361119.063517,0.0019795894622802734
213533,normal,598,0,1782361119.0653846,0.001867532730102539
213534,normal,3418,0,1782361119.0674798,0.0020952224731445312
213535,normal,1757,0,1782361119.069483,0.002003192901611328
213536,normal,1190,0,1782361119.0713828,0.00189971923828125
213537,normal,3065,1,1782361119.0734766,0.002093791961669922
213538,normal,1451,0,1782361119.0755038,0.002027273178100586
213539,normal,2426,0,1782361119.0774586,0.001954793930053711
213540,normal,2515,0,1782361119.0798903,0.002431631088256836
213541,normal,2127,0,1782361119.081356,0.0014657974243164062
213542,normal,1805,0,1782361119.083502,0.002146005630493164
213543,normal,3046,1,1782361119.0854,0.001898050308227539
213544,normal,469,0,1782361119.0874953,0.0020952224731445312
213545,normal,1706,0,1782361119.089368,0.0018727779388427734
213546,normal,2678,0,1782361119.0914686,0.0021004676818847656
213547,normal,2160,0,1782361119.0934663,0.001997709274291992
213548,normal,2477,0,1782361119.0953882,0.0019218921661376953
213549,normal,603,0,1782361119.0975688,0.0021805763244628906
213550,normal,2902,0,1782361119.099472,0.0019032955169677734
213551,normal,473,0,1782361119.1014762,0.0020041465759277344
213552,normal,1141,0,1782361119.1035595,0.002083301544189453
213553,normal,1358,1,1782361119.1057463,0.0021867752075195312
213554,normal,392,0,1782361119.10734,0.0015938282012939453
213555,normal,2684,0,1782361119.1096542,0.0023140907287597656
213556,normal,968,2,1782361119.1115985,0.0019443035125732422
213557,normal,51,0,1782361119.1134737,0.001875162124633789
213558,normal,3564,0,1782361119.1154618,0.0019881725311279297
213559,normal,1103,0,1782361119.1174617,0.0019998550415039062
213560,normal,3685,0,1782361119.1193743,0.0019125938415527344
213561,normal,2760,0,1782361119.1214921,0.0021178722381591797
213562,normal,2129,0,1782361119.1235595,0.0020673274993896484
213563,normal,3618,0,1782361119.1252754,0.0017158985137939453
213564,normal,1479,0,1782361119.1274593,0.0021839141845703125
213565,normal,1417,0,1782361119.1294634,0.0020041465759277344
213566,normal,2234,0,1782361119.1313696,0.0019061565399169922
213567,normal,307,0,1782361119.1339512,0.0025815963745117188
213568,normal,276,0,1782361119.1357203,0.0017690658569335938
213569,normal,1769,0,1782361119.1373558,0.0016355514526367188
213570,normal,2571,0,1782361119.1394732,0.0021173954010009766
213571,normal,543,0,1782361119.1414723,0.0019991397857666016
213572,normal,1918,0,1782361119.1433814,0.001909017562866211
213573,normal,3326,1,1782361119.1454892,0.002107858657836914
213574,normal,2517,0,1782361119.1477787,0.0022895336151123047
213575,normal,3474,0,1782361119.1492858,0.0015070438385009766
213576,normal,2625,0,1782361119.1514645,0.002178668975830078
213577,normal,2598,0,1782361119.1534839,0.0020194053649902344
213578,normal,1636,0,1782361119.1553035,0.001819610595703125
213579,normal,133,0,1782361119.15752,0.0022165775299072266
213580,normal,1830,0,1782361119.159634,0.0021140575408935547
213581,normal,3393,1,1782361119.1615312,0.0018970966339111328
213582,normal,464,0,1782361119.1634545,0.0019233226776123047
213583,normal,1493,0,1782361119.1654856,0.002031087875366211
213584,normal,775,2,1782361119.16753,0.0020444393157958984
213585,normal,2565,0,1782361119.1693969,0.0018668174743652344
213586,normal,1759,0,1782361119.171463,0.0020661354064941406
213587,normal,3600,0,1782361119.1737738,0.0023107528686523438
213588,normal,1709,0,1782361119.1754673,0.0016934871673583984
213589,normal,2563,0,1782361119.1775322,0.002064943313598633
213590,normal,1076,0,1782361119.179702,0.0021698474884033203
213591,normal,515,0,1782361119.1817229,0.0020208358764648438
213592,normal,447,0,1782361119.1833777,0.0016548633575439453
213593,normal,1996,0,1782361119.1855133,0.0021355152130126953
213594,normal,1983,0,1782361119.187368,0.0018546581268310547
213595,normal,593,0,1782361119.189473,0.0021049976348876953
213596,normal,2821,0,1782361119.1913953,0.0019223690032958984
213597,normal,2980,0,1782361119.1934838,0.0020885467529296875
213598,normal,583,0,1782361119.1954765,0.0019927024841308594
213599,normal,1329,1,1782361119.1973827,0.0019061565399169922
213600,normal,119,0,1782361119.199478,0.0020952224731445312
213601,normal,1474,0,1782361119.2015316,0.0020537376403808594
213602,normal,3577,0,1782361119.2034504,0.001918792724609375
213603,normal,1311,0,1782361119.2055678,0.0021173954010009766
213604,normal,2895,0,1782361119.207463,0.0018951892852783203
213605,normal,747,0,1782361119.2094097,0.0019466876983642578
213606,normal,2906,0,1782361119.2115285,0.002118825912475586
213607,normal,1494,0,1782361119.2135613,0.002032756805419922
213608,normal,352,0,1782361119.215381,0.001819610595703125
213609,normal,2842,0,1782361119.2174625,0.002081632614135742
213610,normal,1464,0,1782361119.2194948,0.0020322799682617188
213611,normal,636,0,1782361119.2213821,0.0018873214721679688
213612,normal,2212,0,1782361119.2234814,0.002099275588989258
213613,normal,3136,1,1782361119.2254882,0.0020067691802978516
213614,normal,315,0,1782361119.2273939,0.001905679702758789
213615,normal,1741,0,1782361119.2294977,0.0021038055419921875
213616,normal,624,0,1782361119.2315109,0.0020132064819335938
213617,normal,2451,0,1782361119.233475,0.001964092254638672
213618,normal,1092,0,1782361119.2353914,0.0019164085388183594
213619,normal,618,0,1782361119.2374775,0.002086162567138672
213620,normal,3514,0,1782361119.2393866,0.001909017562866211
213621,normal,2837,0,1782361119.2414815,0.0020949840545654297
213622,normal,2662,0,1782361119.2434778,0.001996278762817383
213623,normal,85,0,1782361119.245399,0.0019211769104003906
213624,normal,1195,0,1782361119.2475433,0.002144336700439453
213625,normal,2596,0,1782361119.2495527,0.0020093917846679688
213626,normal,320,0,1782361119.251445,0.0018923282623291016
213627,normal,2887,0,1782361119.253516,0.002070903778076172
213628,normal,148,0,1782361119.2554872,0.0019712448120117188
213629,normal,1163,0,1782361119.257389,0.001901865005493164
213630,normal,1083,0,1782361119.2595177,0.00212860107421875
213631,normal,2453,0,1782361119.2614808,0.0019631385803222656
213632,normal,492,0,1782361119.2633734,0.0018925666809082031
213633,normal,5,0,1782361119.265478,0.002104520797729492
213634,normal,1319,1,1782361119.2675152,0.0020372867584228516
213635,normal,93,0,1782361119.269446,0.0019307136535644531
213636,normal,1820,0,1782361119.271491,0.002045154571533203
213637,normal,2839,0,1782361119.2735577,0.0020666122436523438
213638,normal,1723,0,1782361119.275442,0.0018842220306396484
213639,normal,2643,0,1782361119.2777896,0.002347707748413086
213640,normal,361,0,1782361119.27962,0.0018303394317626953
213641,normal,1021,2,1782361119.2814996,0.0018796920776367188
213642,normal,1846,0,1782361119.2835143,0.002014636993408203
213643,normal,2373,0,1782361119.285398,0.0018837451934814453
213644,normal,425,0,1782361119.2873697,0.001971721649169922
213645,normal,1028,2,1782361119.2894807,0.0021109580993652344
213646,normal,3572,0,1782361119.2916145,0.0021338462829589844
213647,normal,859,2,1782361119.2933831,0.0017685890197753906
213648,normal,1025,2,1782361119.2954783,0.0020952224731445312
213649,normal,676,0,1782361119.2974594,0.001981019973754883
213650,normal,2308,0,1782361119.2993624,0.0019030570983886719
213651,normal,332,0,1782361119.301484,0.0021216869354248047
213652,normal,1518,0,1782361119.3034904,0.0020062923431396484
213653,normal,3008,0,1782361119.3055472,0.0020568370819091797
213654,normal,3447,0,1782361119.3074496,0.0019023418426513672
213655,normal,2399,0,1782361119.309821,0.0023713111877441406
213656,normal,84,0,1782361119.3113234,0.0015025138854980469
213657,normal,3565,0,1782361119.3134937,0.0021703243255615234
213658,normal,1039,0,1782361119.3154817,0.001987934112548828
213659,normal,294,0,1782361119.3173914,0.0019097328186035156
213660,normal,2039,0,1782361119.3196125,0.0022211074829101562
213661,normal,621,0,1782361119.321813,0.002200603485107422
213662,normal,2739,0,1782361119.3232799,0.0014667510986328125
213663,normal,1287,0,1782361119.3254597,0.002179861068725586
213664,normal,640,0,1782361119.3273635,0.0019037723541259766
213665,normal,3225,1,1782361119.3293738,0.002010345458984375
213666,normal,213,0,1782361119.3315108,0.0021369457244873047
213667,normal,479,0,1782361119.3334916,0.0019807815551757812
213668,normal,1191,0,1782361119.3353877,0.0018961429595947266
213669,normal,2138,0,1782361119.3374982,0.0021104812622070312
213670,normal,351,0,1782361119.3395023,0.0020041465759277344
213671,normal,1725,0,1782361119.3413858,0.0018835067749023438
213672,normal,339,0,1782361119.3432808,0.0018949508666992188
213673,normal,3617,0,1782361119.3457618,0.0024809837341308594
213674,normal,2198,0,1782361119.3473537,0.0015919208526611328
213675,normal,3531,0,1782361119.349486,0.002132415771484375
213676,normal,2112,0,1782361119.3515077,0.0020215511322021484
213677,normal,575,0,1782361119.353621,0.00211334228515625
213678,normal,3682,0,1782361119.355347,0.001725912094116211
213679,normal,1040,0,1782361119.3574712,0.002124309539794922
213680,normal,1066,0,1782361119.359398,0.0019266605377197266
213681,normal,114,0,1782361119.3615906,0.0021927356719970703
213682,normal,808,2,1782361119.3635151,0.0019245147705078125
213683,normal,3492,0,1782361119.3655121,0.0019969940185546875
213684,normal,258,0,1782361119.3676398,0.0021276473999023438
213685,normal,3380,1,1782361119.3695097,0.0018699169158935547
213686,normal,794,2,1782361119.371375,0.001865386962890625
213687,normal,773,2,1782361119.3738127,0.002437591552734375
213688,normal,2665,0,1782361119.3759425,0.002129793167114258
213689,normal,2538,0,1782361119.377478,0.0015354156494140625
213690,normal,2032,0,1782361119.379568,0.0020902156829833984
213691,normal,1714,0,1782361119.3814776,0.001909494400024414
213692,normal,659,0,1782361119.3834713,0.0019936561584472656
213693,normal,2669,0,1782361119.3854773,0.002006053924560547
213694,normal,296,0,1782361119.3876045,0.0021271705627441406
213695,normal,2061,0,1782361119.3896463,0.0020418167114257812
213696,normal,343,0,1782361119.391384,0.0017375946044921875
213697,normal,1171,0,1782361119.393507,0.002123117446899414
213698,normal,2439,0,1782361119.3954039,0.0018968582153320312
213699,normal,1326,1,1782361119.397485,0.002081155776977539
213700,normal,3364,1,1782361119.3994863,0.0020012855529785156
213701,normal,3000,0,1782361119.4013877,0.001901388168334961
213702,normal,3193,1,1782361119.4035008,0.0021131038665771484
213703,normal,468,0,1782361119.4054906,0.0019898414611816406
213704,normal,1570,0,1782361119.4074528,0.0019621849060058594
213705,normal,102,0,1782361119.4095051,0.00205230712890625
213706,normal,2668,0,1782361119.4114885,0.0019834041595458984
213707,normal,699,0,1782361119.4133844,0.001895904541015625
213708,normal,1980,0,1782361119.4154842,0.002099752426147461
213709,normal,559,0,1782361119.4175,0.002015829086303711
213710,normal,3134,1,1782361119.4193776,0.0018775463104248047
213711,normal,3327,1,1782361119.421516,0.002138376235961914
213712,normal,3104,1,1782361119.4235585,0.002042531967163086
213713,normal,1615,0,1782361119.425487,0.001928567886352539
213714,normal,3154,1,1782361119.4273963,0.0019092559814453125
213715,normal,648,0,1782361119.4294755,0.0020792484283447266
213716,normal,56,0,1782361119.4314904,0.0020148754119873047
213717,normal,2214,0,1782361119.4333904,0.0018999576568603516
213718,normal,2267,0,1782361119.4354627,0.0020723342895507812
213719,normal,520,0,1782361119.4373655,0.0019028186798095703
213720,normal,24,0,1782361119.4394639,0.0020983219146728516
213721,normal,450,0,1782361119.441624,0.0021600723266601562
213722,normal,2117,0,1782361119.4433472,0.0017232894897460938
213723,normal,1967,0,1782361119.4455445,0.002197265625
213724,normal,458,0,1782361119.4476597,0.0021152496337890625
213725,normal,2829,0,1782361119.449449,0.0017893314361572266
213726,normal,3459,0,1782361119.4516175,0.002168416976928711
213727,normal,748,0,1782361119.4534705,0.0018529891967773438
213728,normal,3573,0,1782361119.4555063,0.002035856246948242
213729,normal,2429,0,1782361119.4576285,0.002122163772583008
213730,normal,2804,0,1782361119.4594574,0.001828908920288086
213731,normal,1871,0,1782361119.4613657,0.0019083023071289062
213732,normal,404,0,1782361119.463462,0.002096414566040039
213733,normal,2227,0,1782361119.4654617,0.0019996166229248047
213734,normal,613,0,1782361119.4676409,0.0021791458129882812
213735,normal,1355,1,1782361119.4692793,0.0016384124755859375
213736,normal,3661,0,1782361119.4714582,0.0021789073944091797
213737,normal,856,2,1782361119.4733596,0.001901388168334961
213738,normal,1735,0,1782361119.4754574,0.0020978450775146484
213739,normal,3500,0,1782361119.4779334,0.0024759769439697266
213740,normal,3543,0,1782361119.4795287,0.0015952587127685547
213741,normal,0,0,1782361119.481447,0.0019183158874511719
213742,normal,2594,0,1782361119.4837153,0.0022683143615722656
213743,normal,1400,0,1782361119.4853,0.001584768295288086
213744,normal,1638,0,1782361119.4874828,0.0021827220916748047
213745,normal,1096,0,1782361119.4894965,0.002013683319091797
213746,normal,2132,0,1782361119.4913878,0.0018913745880126953
213747,normal,3679,0,1782361119.4939122,0.0025243759155273438
213748,normal,209,0,1782361119.49547,0.0015578269958496094
213749,normal,3557,0,1782361119.4973707,0.0019006729125976562
213750,normal,1336,1,1782361119.4994674,0.0020966529846191406
213751,normal,3410,0,1782361119.5014777,0.002010345458984375
213752,normal,1977,0,1782361119.503386,0.0019083023071289062
213753,normal,1839,0,1782361119.5054922,0.002106189727783203
213754,normal,592,0,1782361119.5075622,0.0020699501037597656
213755,normal,2011,0,1782361119.5093381,0.001775979995727539
213756,normal,3419,0,1782361119.5114906,0.0021524429321289062
213757,normal,851,2,1782361119.5139148,0.0024242401123046875
213758,normal,2243,0,1782361119.5161266,0.0022118091583251953
213759,normal,202,0,1782361119.5174415,0.0013148784637451172
213760,normal,3388,1,1782361119.5198734,0.0024318695068359375
213761,normal,1600,0,1782361119.5216935,0.0018200874328613281
213762,normal,2783,0,1782361119.5235486,0.0018551349639892578
213763,normal,2811,0,1782361119.5258107,0.002262115478515625
213764,normal,2877,0,1782361119.5275495,0.0017387866973876953
213765,normal,1681,0,1782361119.529391,0.0018415451049804688
213766,normal,3005,0,1782361119.531553,0.0021619796752929688
213767,normal,1699,0,1782361119.5332808,0.0017278194427490234
213768,normal,2368,0,1782361119.5354557,0.002174854278564453
213769,normal,1313,0,1782361119.5375001,0.0020444393157958984
213770,normal,2956,0,1782361119.5393946,0.0018944740295410156
213771,normal,1915,0,1782361119.541485,0.0020904541015625
213772,normal,2485,0,1782361119.5434666,0.001981496810913086
213773,normal,496,0,1782361119.5453956,0.0019290447235107422
213774,normal,251,0,1782361119.5475326,0.0021369457244873047
213775,normal,1248,0,1782361119.5495577,0.002025127410888672
213776,normal,1001,2,1782361119.5514839,0.0019261837005615234
213777,normal,2140,0,1782361119.5533712,0.0018873214721679688
213778,normal,1680,0,1782361119.5555072,0.0021359920501708984
213779,normal,2657,0,1782361119.557436,0.0019288063049316406
213780,normal,389,0,1782361119.559552,0.002115964889526367
213781,normal,693,0,1782361119.5615425,0.0019905567169189453
213782,normal,1804,0,1782361119.563361,0.0018184185028076172
213783,normal,1801,0,1782361119.5654736,0.0021126270294189453
213784,normal,1633,0,1782361119.5674853,0.0020117759704589844
213785,normal,3189,1,1782361119.569384,0.0018987655639648438
213786,normal,905,2,1782361119.5714872,0.002103090286254883
213787,normal,2627,0,1782361119.57355,0.0020627975463867188
213788,normal,766,0,1782361119.5757136,0.0021636486053466797
213789,normal,1381,1,1782361119.5775037,0.0017900466918945312
213790,normal,3092,1,1782361119.5795033,0.0019996166229248047
213791,normal,833,2,1782361119.5814676,0.0019643306732177734
213792,normal,3198,1,1782361119.5833783,0.0019106864929199219
213793,normal,1896,0,1782361119.5854778,0.0020995140075683594
213794,normal,2808,0,1782361119.5874019,0.0019240379333496094
213795,normal,1450,0,1782361119.5894861,0.0020842552185058594
213796,normal,2588,0,1782361119.5914688,0.0019826889038085938
213797,normal,1986,0,1782361119.5933812,0.0019123554229736328
213798,normal,720,0,1782361119.5955288,0.002147674560546875
213799,normal,2718,0,1782361119.5975423,0.0020134449005126953
213800,normal,1309,0,1782361119.5995147,0.0019724369049072266
213801,normal,2401,0,1782361119.601388,0.0018732547760009766
213802,normal,448,0,1782361119.6034982,0.0021102428436279297
213803,normal,1770,0,1782361119.6053984,0.0019001960754394531
213804,normal,1365,1,1782361119.607465,0.0020666122436523438
213805,normal,934,2,1782361119.6094387,0.0019736289978027344
213806,normal,2813,0,1782361119.6113646,0.0019259452819824219
213807,normal,3599,0,1782361119.6134663,0.0021016597747802734
213808,normal,2273,0,1782361119.6154733,0.002007007598876953
213809,normal,858,2,1782361119.6174355,0.0019621849060058594
213810,normal,3579,0,1782361119.6195934,0.002157926559448242
213811,normal,2070,0,1782361119.6216328,0.0020394325256347656
213812,normal,1175,0,1782361119.6238198,0.002187013626098633
213813,normal,1407,0,1782361119.6253772,0.0015573501586914062
213814,normal,1478,0,1782361119.627546,0.002168893814086914
213815,normal,848,2,1782361119.6294494,0.0019032955169677734
213816,normal,853,2,1782361119.6315885,0.0021390914916992188
213817,normal,977,2,1782361119.6333368,0.0017483234405517578
213818,normal,1624,0,1782361119.6353614,0.0020246505737304688
213819,normal,3253,1,1782361119.6374624,0.0021009445190429688
213820,normal,1988,0,1782361119.6394627,0.0020003318786621094
213821,normal,12,0,1782361119.641515,0.00205230712890625
213822,normal,1527,0,1782361119.6434016,0.001886606216430664
213823,normal,787,2,1782361119.6454613,0.0020596981048583984
213824,normal,87,0,1782361119.6473646,0.0019032955169677734
213825,normal,360,0,1782361119.6494622,0.002097606658935547
213826,normal,1289,0,1782361119.6514661,0.002003908157348633
213827,normal,2697,0,1782361119.6541078,0.0026416778564453125
213828,normal,2939,0,1782361119.6555228,0.0014150142669677734
213829,normal,3437,0,1782361119.6574724,0.0019495487213134766
213830,normal,742,0,1782361119.6592805,0.00180816650390625
213831,normal,2621,0,1782361119.661481,0.0022003650665283203
213832,normal,499,0,1782361119.6634877,0.0020067691802978516
213833,normal,2926,0,1782361119.6655238,0.0020360946655273438
213834,normal,1366,1,1782361119.6674542,0.0019304752349853516
213835,normal,2071,0,1782361119.6693926,0.0019383430480957031
213836,normal,1695,0,1782361119.6713839,0.00199127197265625
213837,normal,2935,0,1782361119.6734993,0.002115488052368164
213838,normal,2682,0,1782361119.675504,0.0020046234130859375
213839,normal,3095,1,1782361119.6773977,0.001893758773803711
213840,normal,2387,0,1782361119.6797101,0.0023124217987060547
213841,normal,214,0,1782361119.681571,0.0018608570098876953
213842,normal,138,0,1782361119.683464,0.0018930435180664062
213843,normal,2104,0,1782361119.6856027,0.0021386146545410156
213844,normal,229,0,1782361119.6876285,0.0020258426666259766
213845,normal,37,0,1782361119.689335,0.0017066001892089844
213846,normal,2704,0,1782361119.6916475,0.0023124217987060547
213847,normal,2037,0,1782361119.6936998,0.00205230712890625
213848,normal,391,0,1782361119.6954436,0.0017437934875488281
213849,normal,1557,0,1782361119.6973772,0.0019335746765136719
213850,normal,3420,0,1782361119.6995993,0.0022220611572265625
213851,normal,1032,0,1782361119.7015278,0.001928567886352539
213852,normal,1387,0,1782361119.7034066,0.0018787384033203125
213853,normal,1372,1,1782361119.705472,0.002065420150756836
213854,normal,3401,1,1782361119.7073615,0.0018894672393798828
213855,normal,1856,0,1782361119.7094893,0.0021278858184814453
213856,normal,1168,0,1782361119.7114873,0.0019979476928710938
213857,normal,1887,0,1782361119.713381,0.001893758773803711
213858,normal,2915,0,1782361119.7154772,0.0020961761474609375
213859,normal,2855,0,1782361119.7174773,0.002000093460083008
213860,normal,2489,0,1782361119.7194118,0.0019345283508300781
213861,normal,381,0,1782361119.7215557,0.00214385986328125
213862,normal,335,0,1782361119.723568,0.0020122528076171875
213863,normal,701,0,1782361119.7253895,0.0018215179443359375
213864,normal,1661,0,1782361119.7274969,0.002107381820678711
213865,normal,1475,0,1782361119.7295284,0.002031564712524414
213866,normal,1470,0,1782361119.7314403,0.0019118785858154297
213867,normal,2816,0,1782361119.73357,0.002129793167114258
213868,normal,2229,0,1782361119.7353582,0.0017881393432617188
213869,normal,1454,0,1782361119.7373848,0.0020265579223632812
213870,normal,414,0,1782361119.7394824,0.002097606658935547
213871,normal,1596,0,1782361119.7416177,0.0021352767944335938
213872,normal,1913,0,1782361119.743392,0.0017743110656738281
213873,normal,2259,0,1782361119.7454948,0.0021028518676757812
213874,normal,3536,0,1782361119.7474968,0.0020020008087158203
213875,normal,2938,0,1782361119.7494123,0.0019154548645019531
213876,normal,2139,0,1782361119.7516134,0.002201080322265625
213877,normal,852,2,1782361119.7533922,0.0017788410186767578
213878,normal,2366,0,1782361119.7553778,0.0019855499267578125
213879,normal,1515,0,1782361119.7574818,0.002104043960571289
213880,normal,461,0,1782361119.7594836,0.0020017623901367188
213881,normal,230,0,1782361119.7613807,0.0018970966339111328
213882,normal,1530,0,1782361119.7634914,0.002110719680786133
213883,normal,1343,1,1782361119.7655344,0.002043008804321289
213884,normal,3197,1,1782361119.7674453,0.0019109249114990234
213885,normal,2904,0,1782361119.7696073,0.0021619796752929688
213886,normal,2211,0,1782361119.771483,0.0018756389617919922
213887,normal,323,0,1782361119.7734072,0.001924276351928711
213888,normal,1947,0,1782361119.775499,0.0020918846130371094
213889,normal,2693,0,1782361119.7775352,0.0020360946655273438
213890,normal,3063,1,1782361119.7793758,0.0018405914306640625
213891,normal,2549,0,1782361119.781496,0.0021202564239501953
213892,normal,2029,0,1782361119.7834756,0.0019795894622802734
213893,normal,2758,0,1782361119.7853763,0.0019006729125976562
213894,normal,1147,0,1782361119.787702,0.002325773239135742
213895,normal,2690,0,1782361119.789446,0.0017440319061279297
213896,normal,1403,0,1782361119.7914615,0.002015352249145508
213897,normal,1626,0,1782361119.793711,0.002249479293823242
213898,normal,105,0,1782361119.7955885,0.0018775463104248047
213899,normal,145,0,1782361119.7976234,0.002034902572631836
213900,normal,2089,0,1782361119.7995534,0.0019299983978271484
213901,normal,600,0,1782361119.801717,0.0021636486053466797
213902,normal,2972,0,1782361119.80328,0.0015630722045898438
213903,normal,1296,0,1782361119.8054762,0.002196073532104492
213904,normal,527,0,1782361119.8074675,0.00199127197265625
213905,normal,2580,0,1782361119.8093655,0.001898050308227539
213906,normal,3653,0,1782361119.8116925,0.00232696533203125
213907,normal,2144,0,1782361119.813343,0.0016505718231201172
213908,normal,2490,0,1782361119.8153598,0.002016782760620117
213909,normal,3708,0,1782361119.8174624,0.0021026134490966797
213910,normal,1274,0,1782361119.8194616,0.0019991397857666016
213911,normal,69,0,1782361119.821398,0.0019364356994628906
213912,normal,1942,0,1782361119.8236227,0.0022246837615966797
213913,normal,843,2,1782361119.825592,0.0019693374633789062
213914,normal,741,0,1782361119.827612,0.0020198822021484375
213915,normal,3030,0,1782361119.829476,0.0018641948699951172
213916,normal,717,0,1782361119.8313892,0.0019130706787109375
213917,normal,3129,1,1782361119.8333933,0.0020041465759277344
213918,normal,2775,0,1782361119.8354964,0.002103090286254883
213919,normal,1453,0,1782361119.8375487,0.00205230712890625
213920,normal,810,2,1782361119.8398628,0.0023140907287597656
213921,normal,2628,0,1782361119.8413014,0.0014386177062988281
213922,normal,3668,0,1782361119.8434634,0.0021619796752929688
213923,normal,1970,0,1782361119.8453722,0.0019087791442871094
213924,normal,1917,0,1782361119.8474898,0.002117633819580078
213925,normal,1499,0,1782361119.8494937,0.002003908157348633
213926,normal,3625,0,1782361119.8513925,0.0018987655639648438
213927,normal,2262,0,1782361119.853478,0.002085447311401367
213928,normal,2216,0,1782361119.8555174,0.0020394325256347656
213929,normal,157,0,1782361119.8574252,0.0019078254699707031
213930,normal,428,0,1782361119.8595088,0.0020835399627685547
213931,normal,1882,0,1782361119.861562,0.0020532608032226562
213932,normal,3672,0,1782361119.8636415,0.002079486846923828
213933,normal,1240,0,1782361119.8654532,0.0018117427825927734
213934,normal,507,0,1782361119.8676555,0.002202272415161133
213935,normal,847,2,1782361119.8694572,0.0018017292022705078
213936,normal,2831,0,1782361119.871487,0.0020296573638916016
213937,normal,3430,0,1782361119.8733442,0.0018572807312011719
213938,normal,3649,0,1782361119.8754735,0.0021293163299560547
213939,normal,2113,0,1782361119.8774376,0.001964092254638672
213940,normal,481,0,1782361119.8796108,0.002173185348510742
213941,normal,3245,1,1782361119.8814194,0.0018086433410644531
213942,normal,2145,0,1782361119.8835726,0.002153158187866211
213943,normal,2073,0,1782361119.8856156,0.002043008804321289
213944,normal,3549,0,1782361119.887376,0.0017604827880859375
213945,normal,190,0,1782361119.889486,0.002110004425048828
213946,normal,594,0,1782361119.8920789,0.002592802047729492
213947,normal,780,2,1782361119.8934643,0.0013854503631591797
213948,normal,1514,0,1782361119.8956847,0.0022203922271728516
213949,normal,2306,0,1782361119.8974674,0.0017826557159423828
213950,normal,2646,0,1782361119.8994634,0.0019960403442382812
213951,normal,1187,0,1782361119.9015954,0.002131938934326172
213952,normal,979,2,1782361119.9034805,0.0018851757049560547
213953,normal,1049,0,1782361119.9058821,0.002401590347290039
213954,normal,452,0,1782361119.9072833,0.0014011859893798828
213955,normal,1269,0,1782361119.9095063,0.0022230148315429688
213956,normal,1733,0,1782361119.9113991,0.0018928050994873047
213957,normal,2277,0,1782361119.9134953,0.0020961761474609375
213958,normal,3106,1,1782361119.915488,0.0019927024841308594
213959,normal,2985,0,1782361119.9173837,0.0018956661224365234
213960,normal,30,0,1782361119.919508,0.002124309539794922
213961,normal,1054,0,1782361119.9214952,0.0019872188568115234
213962,normal,1771,0,1782361119.9234316,0.0019364356994628906
213963,normal,1412,0,1782361119.9255133,0.002081632614135742
213964,normal,650,0,1782361119.9274936,0.001980304718017578
213965,normal,149,0,1782361119.9293814,0.0018877983093261719
213966,normal,1045,0,1782361119.9314818,0.0021004676818847656
213967,normal,3425,0,1782361119.933493,0.0020110607147216797
213968,normal,3453,0,1782361119.9353821,0.0018892288208007812
213969,normal,128,0,1782361119.9375224,0.0021402835845947266
213970,normal,27,0,1782361119.939554,0.002031564712524414
213971,normal,584,0,1782361119.9416037,0.002049684524536133
213972,normal,662,0,1782361119.9433055,0.0017018318176269531
213973,normal,2971,0,1782361119.9455025,0.0021970272064208984
213974,normal,1678,0,1782361119.9474125,0.0019099712371826172
213975,normal,2048,0,1782361119.9495091,0.0020966529846191406
213976,normal,3687,0,1782361119.9514832,0.0019741058349609375
213977,normal,557,0,1782361119.9533668,0.0018835067749023438
213978,normal,870,2,1782361119.9554682,0.002101421356201172
213979,normal,460,0,1782361119.9576008,0.0021326541900634766
213980,normal,1569,0,1782361119.9593515,0.0017507076263427734
213981,normal,631,0,1782361119.9615502,0.0021986961364746094
213982,normal,3256,1,1782361119.9636395,0.002089262008666992
213983,normal,1864,0,1782361119.9654515,0.001811981201171875
213984,normal,610,0,1782361119.9676428,0.002191305160522461
213985,normal,1230,0,1782361119.9694932,0.0018503665924072266
213986,normal,1668,0,1782361119.9715357,0.002042531967163086
213987,normal,2468,0,1782361119.9736953,0.002159595489501953
213988,normal,3434,0,1782361119.975421,0.0017256736755371094
213989,normal,634,0,1782361119.9773762,0.001955270767211914
213990,normal,3067,1,1782361119.9794657,0.0020895004272460938
213991,normal,3201,1,1782361119.9814827,0.0020170211791992188
213992,normal,2714,0,1782361119.9835227,0.0020399093627929688
213993,normal,2309,0,1782361119.9853625,0.0018398761749267578
213994,normal,1704,0,1782361119.9874632,0.002100706100463867
213995,normal,1911,0,1782361119.9893627,0.0018994808197021484
213996,normal,295,0,1782361119.991462,0.002099275588989258
213997,normal,64,0,1782361119.9939187,0.0024566650390625
213998,normal,2025,0,1782361119.995509,0.0015902519226074219
213999,normal,1002,2,1782361119.9974563,0.0019474029541015625
214000,normal,1586,0,1782361119.9997268,0.0022704601287841797
214001,normal,2487,0,1782361120.0012946,0.001567840576171875
214002,normal,767,0,1782361120.0034132,0.0021185874938964844
214003,normal,1866,0,1782361120.00541,0.001996755599975586
214004,normal,1597,0,1782361120.007395,0.0019850730895996094
214005,normal,1659,0,1782361120.0099537,0.0025587081909179688
214006,normal,242,0,1782361120.0114238,0.0014700889587402344
214007,normal,3023,0,1782361120.013473,0.0020492076873779297
214008,normal,3698,0,1782361120.01539,0.0019168853759765625
214009,normal,2916,0,1782361120.017483,0.002093076705932617
214010,normal,2411,0,1782361120.01939,0.0019071102142333984
214011,normal,1292,0,1782361120.0215077,0.002117633819580078
214012,normal,2702,0,1782361120.023563,0.0020551681518554688
214013,normal,2825,0,1782361120.0253396,0.0017766952514648438
214014,normal,2276,0,1782361120.0274906,0.002151012420654297
214015,normal,2737,0,1782361120.0299175,0.0024268627166748047
214016,normal,1053,0,1782361120.0321167,0.0021991729736328125
214017,normal,1492,0,1782361120.0334039,0.001287221908569336
214018,normal,3475,0,1782361120.0359585,0.002554655075073242
214019,normal,3619,0,1782361120.0376134,0.0016548633575439453
214020,normal,1694,0,1782361120.0395432,0.0019297599792480469
214021,normal,1136,0,1782361120.0419502,0.002407073974609375
214022,normal,3307,1,1782361120.0435188,0.0015685558319091797
214023,normal,1854,0,1782361120.045367,0.0018482208251953125
214024,normal,902,2,1782361120.047471,0.002104043960571289
214025,normal,431,0,1782361120.0493639,0.0018928050994873047
214026,normal,1902,0,1782361120.0514624,0.002098560333251953
214027,normal,2298,0,1782361120.0534937,0.0020313262939453125
214028,normal,387,0,1782361120.0554008,0.0019071102142333984
214029,normal,997,2,1782361120.0574877,0.0020868778228759766
214030,normal,316,0,1782361120.0594685,0.0019807815551757812
214031,normal,983,2,1782361120.061402,0.0019335746765136719
214032,normal,1857,0,1782361120.063525,0.0021228790283203125
214033,normal,1964,0,1782361120.0655594,0.002034425735473633
214034,normal,3375,1,1782361120.067472,0.0019125938415527344
214035,normal,1878,0,1782361120.0693693,0.0018973350524902344
214036,normal,2438,0,1782361120.0715134,0.0021440982818603516
214037,normal,586,0,1782361120.0734224,0.001909017562866211
214038,normal,2093,0,1782361120.0755644,0.0021419525146484375
214039,normal,1201,0,1782361120.0775476,0.001983165740966797
214040,normal,2286,0,1782361120.0793648,0.0018172264099121094
214041,normal,2376,0,1782361120.0814912,0.002126455307006836
214042,normal,2526,0,1782361120.0834827,0.0019915103912353516
214043,normal,1971,0,1782361120.0854068,0.0019240379333496094
214044,normal,2977,0,1782361120.0874915,0.0020847320556640625
214045,normal,765,0,1782361120.089501,0.0020093917846679688
214046,normal,889,2,1782361120.0914826,0.0019817352294921875
214047,normal,1522,0,1782361120.0934203,0.0019376277923583984
214048,normal,2220,0,1782361120.0955687,0.0021483898162841797
214049,normal,1456,0,1782361120.0973072,0.0017385482788085938
214050,normal,3620,0,1782361120.0994856,0.0021784305572509766
214051,normal,489,0,1782361120.1014838,0.0019981861114501953
214052,normal,682,0,1782361120.10338,0.0018961429595947266
214053,normal,1582,0,1782361120.1054835,0.002103567123413086
214054,normal,1786,0,1782361120.1074808,0.001997232437133789
214055,normal,3581,0,1782361120.1094167,0.0019359588623046875
214056,normal,2626,0,1782361120.111553,0.00213623046875
214057,normal,2245,0,1782361120.1137037,0.0021507740020751953
214058,normal,1257,0,1782361120.1153023,0.0015985965728759766
214059,normal,1172,0,1782361120.1174986,0.0021963119506835938
214060,normal,2349,0,1782361120.1195192,0.002020597457885742
214061,normal,1631,0,1782361120.121369,0.0018496513366699219
214062,normal,1143,0,1782361120.1234696,0.002100706100463867
214063,normal,756,0,1782361120.1254675,0.0019979476928710938
214064,normal,3616,0,1782361120.1273699,0.0019023418426513672
214065,normal,2941,0,1782361120.129507,0.0021371841430664062
214066,normal,696,0,1782361120.131587,0.0020799636840820312
214067,normal,2997,0,1782361120.1333783,0.001791238784790039
214068,normal,525,0,1782361120.1357162,0.002337932586669922
214069,normal,2058,0,1782361120.1375573,0.0018410682678222656
214070,normal,2874,0,1782361120.139591,0.002033710479736328
214071,normal,2871,0,1782361120.1414638,0.0018727779388427734
214072,normal,2624,0,1782361120.1436398,0.002176046371459961
214073,normal,2226,0,1782361120.145496,0.001856088638305664
214074,normal,1256,0,1782361120.1474202,0.001924276351928711
214075,normal,1716,0,1782361120.1494627,0.002042531967163086
214076,normal,1102,0,1782361120.1513617,0.0018990039825439453
214077,normal,3075,1,1782361120.1534703,0.0021085739135742188
214078,normal,2416,0,1782361120.1555676,0.0020973682403564453
214079,normal,3265,1,1782361120.1574047,0.001837015151977539
214080,normal,104,0,1782361120.1594663,0.002061605453491211
214081,normal,1855,0,1782361120.1614678,0.002001523971557617
214082,normal,2717,0,1782361120.1633625,0.0018947124481201172
214083,normal,2753,0,1782361120.1654694,0.002106904983520508
214084,normal,2942,0,1782361120.1682034,0.002733945846557617
214085,normal,2393,0,1782361120.1696234,0.0014200210571289062
214086,normal,850,2,1782361120.171437,0.001813650131225586
214087,normal,1169,0,1782361120.1734254,0.0019884109497070312
214088,normal,2043,0,1782361120.1755648,0.0021393299102783203
214089,normal,43,0,1782361120.1775002,0.0019354820251464844
214090,normal,10,0,1782361120.1793163,0.0018160343170166016
214091,normal,2978,0,1782361120.1816945,0.002378225326538086
214092,normal,940,2,1782361120.1834633,0.0017688274383544922
214093,normal,1206,0,1782361120.1854029,0.001939535140991211
214094,normal,186,0,1782361120.187381,0.001978158950805664
214095,normal,1651,0,1782361120.1895278,0.0021467208862304688
214096,normal,1904,0,1782361120.1914773,0.0019495487213134766
214097,normal,2378,0,1782361120.1934,0.001922607421875
214098,normal,364,0,1782361120.1956146,0.002214670181274414
214099,normal,784,2,1782361120.1975608,0.0019462108612060547
214100,normal,1956,0,1782361120.1994693,0.0019085407257080078
214101,normal,2528,0,1782361120.2014642,0.0019948482513427734
214102,normal,2911,0,1782361120.2035465,0.002082347869873047
214103,normal,1300,0,1782361120.2054205,0.0018739700317382812
214104,normal,3271,1,1782361120.2075942,0.0021736621856689453
214105,normal,1286,0,1782361120.209755,0.002160787582397461
214106,normal,3405,0,1782361120.2114544,0.0016994476318359375
214107,normal,2736,0,1782361120.2133799,0.0019254684448242188
214108,normal,1736,0,1782361120.21561,0.0022301673889160156
214109,normal,3464,0,1782361120.2175462,0.001936197280883789
214110,normal,2499,0,1782361120.2193885,0.0018422603607177734
214111,normal,2639,0,1782361120.2214675,0.002079010009765625
214112,normal,615,0,1782361120.2233603,0.0018928050994873047
214113,normal,2210,0,1782361120.2254763,0.002115964889526367
214114,normal,2883,0,1782361120.2274458,0.001969575881958008
214115,normal,2463,0,1782361120.2293801,0.0019342899322509766
214116,normal,2041,0,1782361120.2314773,0.0020971298217773438
214117,normal,1497,0,1782361120.2334263,0.0019490718841552734
214118,normal,612,0,1782361120.2354083,0.001981973648071289
214119,normal,116,0,1782361120.2375522,0.00214385986328125
214120,normal,2331,0,1782361120.2395487,0.0019965171813964844
214121,normal,531,0,1782361120.2413127,0.001764059066772461
214122,normal,1721,0,1782361120.243488,0.0021753311157226562
214123,normal,1244,0,1782361120.2455053,0.0020172595977783203
214124,normal,1923,0,1782361120.2474477,0.0019423961639404297
214125,normal,3390,1,1782361120.249587,0.0021393299102783203
214126,normal,1423,0,1782361120.251294,0.001706838607788086
214127,normal,1989,0,1782361120.2534811,0.0021872520446777344
214128,normal,3346,1,1782361120.2553804,0.0018992424011230469
214129,normal,466,0,1782361120.2574885,0.0021080970764160156
214130,normal,3180,1,1782361120.259381,0.0018925666809082031
214131,normal,2002,0,1782361120.2614903,0.0021092891693115234
214132,normal,2934,0,1782361120.263503,0.0020127296447753906
214133,normal,2179,0,1782361120.265412,0.001909017562866211
214134,normal,516,0,1782361120.267609,0.002196788787841797
214135,normal,2218,0,1782361120.269365,0.0017561912536621094
214136,normal,2204,0,1782361120.2713819,0.002016782760620117
214137,normal,2098,0,1782361120.2734838,0.002101898193359375
214138,normal,2249,0,1782361120.2754838,0.002000093460083008
214139,normal,1738,0,1782361120.2773826,0.0018987655639648438
214140,normal,3161,1,1782361120.2794914,0.0021088123321533203
214141,normal,2000,0,1782361120.281543,0.0020515918731689453
214142,normal,3645,0,1782361120.2834358,0.0018928050994873047
214143,normal,2792,0,1782361120.2856092,0.0021734237670898438
214144,normal,2832,0,1782361120.2874749,0.0018656253814697266
214145,normal,3379,1,1782361120.2894027,0.0019278526306152344
214146,normal,1194,0,1782361120.291495,0.0020923614501953125
214147,normal,2341,0,1782361120.2935388,0.0020437240600585938
214148,normal,2963,0,1782361120.2953892,0.0018503665924072266
214149,normal,1702,0,1782361120.2974758,0.002086639404296875
214150,normal,2964,0,1782361120.2994819,0.002006053924560547
214151,normal,1023,2,1782361120.3013742,0.0018923282623291016
214152,normal,3140,1,1782361120.3036249,0.00225067138671875
214153,normal,874,2,1782361120.3054242,0.0017993450164794922
214154,normal,707,0,1782361120.3074362,0.002012014389038086
214155,normal,1242,0,1782361120.3096468,0.0022106170654296875
214156,normal,1117,0,1782361120.3115728,0.0019259452819824219
214157,normal,2415,0,1782361120.3136275,0.0020546913146972656
214158,normal,2806,0,1782361120.3155522,0.001924753189086914
214159,normal,2800,0,1782361120.317749,0.002196788787841797
214160,normal,565,0,1782361120.3192945,0.0015454292297363281
214161,normal,279,0,1782361120.3214686,0.0021741390228271484
214162,normal,1880,0,1782361120.3234656,0.0019969940185546875
214163,normal,2927,0,1782361120.3253648,0.0018992424011230469
214164,normal,2052,0,1782361120.3277547,0.0023899078369140625
214165,normal,2121,0,1782361120.3292758,0.0015211105346679688
214166,normal,313,0,1782361120.331459,0.002183198928833008
214167,normal,2743,0,1782361120.3333626,0.001903533935546875
214168,normal,2404,0,1782361120.3354661,0.002103567123413086
214169,normal,2793,0,1782361120.3374262,0.0019600391387939453
214170,normal,994,2,1782361120.339713,0.0022869110107421875
214171,normal,325,0,1782361120.3416004,0.0018873214721679688
214172,normal,1047,0,1782361120.343511,0.0019106864929199219
214173,normal,2026,0,1782361120.3454912,0.0019800662994384766
214174,normal,3170,1,1782361120.347366,0.0018749237060546875
214175,normal,2947,0,1782361120.3493958,0.0020296573638916016
214176,normal,3651,0,1782361120.3513706,0.001974821090698242
214177,normal,2123,0,1782361120.3535056,0.002135038375854492
214178,normal,3305,1,1782361120.3558636,0.002357959747314453
214179,normal,1712,0,1782361120.3574212,0.0015575885772705078
214180,normal,2433,0,1782361120.359484,0.0020627975463867188
214181,normal,1578,0,1782361120.3613803,0.0018963813781738281
214182,normal,286,0,1782361120.3634863,0.0021059513092041016
214183,normal,1990,0,1782361120.365495,0.002008676528930664
214184,normal,1149,0,1782361120.3674216,0.0019266605377197266
214185,normal,6,0,1782361120.3694832,0.002061605453491211
214186,normal,2660,0,1782361120.3714979,0.002014636993408203
214187,normal,1758,0,1782361120.373412,0.0019140243530273438
214188,normal,1728,0,1782361120.3755033,0.0020914077758789062
214189,normal,949,2,1782361120.377487,0.001983642578125
214190,normal,2959,0,1782361120.3799024,0.0024154186248779297
214191,normal,1732,0,1782361120.3814397,0.001537322998046875
214192,normal,1488,0,1782361120.3836496,0.002209901809692383
214193,normal,462,0,1782361120.3854609,0.0018112659454345703
214194,normal,1465,0,1782361120.3875601,0.002099275588989258
214195,normal,2634,0,1782361120.3893788,0.0018186569213867188
214196,normal,74,0,1782361120.391363,0.001984119415283203
214197,normal,2208,0,1782361120.3935142,0.0021512508392333984
214198,normal,3481,0,1782361120.3955917,0.0020775794982910156
214199,normal,1920,0,1782361120.3974056,0.0018138885498046875
214200,normal,484,0,1782361120.3995814,0.0021758079528808594
214201,normal,435,0,1782361120.4016328,0.0020513534545898438
214202,normal,2409,0,1782361120.4033766,0.0017437934875488281
214203,normal,3236,1,1782361120.4054806,0.002104043960571289
214204,normal,403,0,1782361120.4077752,0.0022945404052734375
214205,normal,1394,0,1782361120.4095216,0.0017464160919189453
214206,normal,2789,0,1782361120.4117205,0.002198934555053711
214207,normal,2844,0,1782361120.413434,0.0017135143280029297
214208,normal,3466,0,1782361120.4154477,0.002013683319091797
214209,normal,118,0,1782361120.4175649,0.002117156982421875
214210,normal,913,2,1782361120.4196093,0.0020444393157958984
214211,normal,703,0,1782361120.4219763,0.0023670196533203125
214212,normal,3506,0,1782361120.423319,0.0013427734375
214213,normal,1386,0,1782361120.4254942,0.0021750926971435547
214214,normal,28,0,1782361120.4274044,0.0019102096557617188
214215,normal,2554,0,1782361120.4295056,0.0021011829376220703
214216,normal,3024,0,1782361120.4315052,0.0019996166229248047
214217,normal,2344,0,1782361120.4333956,0.001890420913696289
214218,normal,3234,1,1782361120.4355059,0.0021102428436279297
214219,normal,472,0,1782361120.4375057,0.0019998550415039062
214220,normal,278,0,1782361120.4394016,0.001895904541015625
214221,normal,1369,1,1782361120.441702,0.002300262451171875
214222,normal,328,0,1782361120.443492,0.0017900466918945312
214223,normal,2900,0,1782361120.4453902,0.0018982887268066406
214224,normal,432,0,1782361120.4474826,0.0020923614501953125
214225,normal,689,0,1782361120.4494812,0.0019986629486083984
214226,normal,2824,0,1782361120.4513805,0.0018992424011230469
214227,normal,441,0,1782361120.4534945,0.0021140575408935547
214228,normal,3567,0,1782361120.4555495,0.002054929733276367
214229,normal,2869,0,1782361120.4577096,0.0021600723266601562
214230,normal,2522,0,1782361120.4594378,0.0017282962799072266
214231,normal,401,0,1782361120.4615047,0.0020668506622314453
214232,normal,173,0,1782361120.4634073,0.0019025802612304688
214233,normal,3093,1,1782361120.4655302,0.0021228790283203125
214234,normal,224,0,1782361120.4674711,0.0019409656524658203
214235,normal,2527,0,1782361120.4693696,0.0018985271453857422
214236,normal,1215,0,1782361120.4714544,0.0020847320556640625
214237,normal,562,0,1782361120.4733999,0.00194549560546875
214238,normal,935,2,1782361120.475446,0.0020461082458496094
214239,normal,1763,0,1782361120.477511,0.002064943313598633
214240,normal,2675,0,1782361120.4795616,0.002050638198852539
214241,normal,2168,0,1782361120.4814882,0.0019266605377197266
214242,normal,356,0,1782361120.4837441,0.0022559165954589844
214243,normal,1007,2,1782361120.4854681,0.0017240047454833984
214244,normal,1946,0,1782361120.487446,0.0019779205322265625
214245,normal,261,0,1782361120.489735,0.002288818359375
214246,normal,580,0,1782361120.4915323,0.0017974376678466797
214247,normal,222,0,1782361120.493366,0.0018336772918701172
214248,normal,2933,0,1782361120.4954705,0.002104520797729492
214249,normal,2027,0,1782361120.4974651,0.001994609832763672
214250,normal,537,0,1782361120.4994016,0.0019364356994628906
214251,normal,1688,0,1782361120.5015326,0.0021309852600097656
214252,normal,2154,0,1782361120.5034592,0.0019266605377197266
214253,normal,3479,0,1782361120.5053606,0.001901388168334961
214254,normal,2919,0,1782361120.5074658,0.002105236053466797
214255,normal,2921,0,1782361120.5094802,0.0020143985748291016
214256,normal,1580,0,1782361120.5118144,0.002334117889404297
214257,normal,960,2,1782361120.513361,0.001546621322631836
214258,normal,691,0,1782361120.5156953,0.0023343563079833984
214259,normal,3073,1,1782361120.51738,0.0016846656799316406
214260,normal,1628,0,1782361120.5194864,0.0021064281463623047
214261,normal,333,0,1782361120.5214946,0.002008199691772461
214262,normal,76,0,1782361152.284476,0.0
214263,normal,2320,0,1782361152.286465,0.0019888877868652344
214264,normal,2490,0,1782361152.2884758,0.002010822296142578
214265,normal,3295,1,1782361152.290525,0.0020492076873779297
214266,normal,3109,1,1782361152.2926438,0.002118825912475586
214267,normal,2516,0,1782361152.2945495,0.001905679702758789
214268,normal,3507,0,1782361152.296523,0.0019736289978027344
214269,normal,3676,0,1782361152.2984374,0.0019142627716064453
214270,normal,895,2,1782361152.300791,0.002353668212890625
214271,normal,1247,0,1782361152.302564,0.0017728805541992188
214272,normal,2137,0,1782361152.3049057,0.002341747283935547
214273,normal,2184,0,1782361152.3065884,0.0016827583312988281
214274,normal,1665,0,1782361152.30882,0.002231597900390625
214275,normal,3543,0,1782361152.3105087,0.0016887187957763672
214276,normal,3552,0,1782361152.3127837,0.0022749900817871094
214277,normal,2341,0,1782361152.3146,0.0018162727355957031
214278,normal,1097,0,1782361152.3165228,0.0019228458404541016
214279,normal,3423,0,1782361152.3186975,0.0021746158599853516
214280,normal,2903,0,1782361152.3206956,0.0019981861114501953
214281,normal,1859,0,1782361152.32253,0.0018343925476074219
214282,normal,2437,0,1782361152.324686,0.0021560192108154297
214283,normal,856,2,1782361152.3267045,0.002018451690673828
214284,normal,1073,0,1782361152.3285334,0.001828908920288086
214285,normal,672,0,1782361152.3306875,0.002154111862182617
214286,normal,1978,0,1782361152.3326986,0.0020110607147216797
214287,normal,2677,0,1782361152.3345282,0.0018296241760253906
214288,normal,237,0,1782361152.3366537,0.0021255016326904297
214289,normal,2791,0,1782361152.3386838,0.0020301342010498047
214290,normal,2555,0,1782361152.3405235,0.0018396377563476562
214291,normal,1388,0,1782361152.3426583,0.0021347999572753906
214292,normal,2322,0,1782361152.344717,0.002058744430541992
214293,normal,983,2,1782361152.3465383,0.001821279525756836
214294,normal,831,2,1782361152.3486218,0.0020835399627685547
214295,normal,2124,0,1782361152.3504894,0.001867532730102539
214296,normal,2719,0,1782361152.3524199,0.0019304752349853516
214297,normal,2586,0,1782361152.3544338,0.0020139217376708984
214298,normal,647,0,1782361152.3564541,0.0020203590393066406
214299,normal,1806,0,1782361152.3584542,0.002000093460083008
214300,normal,1822,0,1782361152.3604293,0.0019750595092773438
214301,normal,2544,0,1782361152.3624856,0.0020563602447509766
214302,normal,2658,0,1782361152.3644562,0.001970529556274414
214303,normal,2360,0,1782361152.3664284,0.001972198486328125
214304,normal,547,0,1782361152.3684528,0.002024412155151367
214305,normal,2296,0,1782361152.3704536,0.0020008087158203125
214306,normal,1637,0,1782361152.3724241,0.001970529556274414
214307,normal,964,2,1782361152.3744507,0.0020265579223632812
214308,normal,2681,0,1782361152.3764567,0.002006053924560547
214309,normal,3643,0,1782361152.3784285,0.001971721649169922
214310,normal,2628,0,1782361152.3804603,0.0020318031311035156
214311,normal,2935,0,1782361152.3824587,0.001998424530029297
214312,normal,3041,0,1782361152.3844247,0.0019659996032714844
214313,normal,950,2,1782361152.3864498,0.002025127410888672
214314,normal,62,0,1782361152.3884792,0.0020294189453125
214315,normal,3058,1,1782361152.3904266,0.0019474029541015625
214316,normal,883,2,1782361152.392454,0.002027273178100586
214317,normal,3175,1,1782361152.394456,0.0020020008087158203
214318,normal,1873,0,1782361152.3973713,0.0029153823852539062
214319,normal,2570,0,1782361152.3984163,0.0010449886322021484
214320,normal,1609,0,1782361152.4004776,0.0020613670349121094
214321,normal,1700,0,1782361152.4024377,0.0019600391387939453
214322,normal,3016,0,1782361152.4044776,0.0020399093627929688
214323,normal,348,0,1782361152.4066148,0.0021371841430664062
214324,normal,1685,0,1782361152.408457,0.0018422603607177734
214325,normal,2103,0,1782361152.4105945,0.002137422561645508
214326,normal,3278,1,1782361152.4124784,0.0018839836120605469
214327,normal,1292,0,1782361152.4145598,0.0020813941955566406
214328,normal,231,0,1782361152.4164798,0.0019199848175048828
214329,normal,2031,0,1782361152.4187407,0.002260923385620117
214330,normal,1770,0,1782361152.4204538,0.0017130374908447266
214331,normal,2506,0,1782361152.4225664,0.0021126270294189453
214332,normal,836,2,1782361152.424479,0.0019125938415527344
214333,normal,2819,0,1782361152.426629,0.0021500587463378906
214334,normal,3439,0,1782361152.4285324,0.0019032955169677734
214335,normal,2729,0,1782361152.4307675,0.0022351741790771484
214336,normal,390,0,1782361152.43252,0.0017523765563964844
214337,normal,2523,0,1782361152.4347556,0.0022356510162353516
214338,normal,1430,0,1782361152.4365566,0.0018010139465332031
214339,normal,3106,1,1782361152.4387393,0.0021827220916748047
214340,normal,2944,0,1782361152.44058,0.0018405914306640625
214341,normal,1484,0,1782361152.4427557,0.0021758079528808594
214342,normal,442,0,1782361152.4445336,0.0017778873443603516
214343,normal,3019,0,1782361152.4467824,0.0022487640380859375
214344,normal,1466,0,1782361152.4486392,0.0018568038940429688
214345,normal,3441,0,1782361152.4505255,0.0018863677978515625
214346,normal,1445,0,1782361152.4526374,0.0021119117736816406
214347,normal,3409,0,1782361152.4544716,0.0018341541290283203
214348,normal,2886,0,1782361152.4565814,0.0021097660064697266
214349,normal,1240,0,1782361152.458516,0.0019345283508300781
214350,normal,3125,1,1782361152.4605887,0.0020728111267089844
214351,normal,2223,0,1782361152.4624681,0.0018794536590576172
214352,normal,2750,0,1782361152.464633,0.0021648406982421875
214353,normal,1983,0,1782361152.4664721,0.0018391609191894531
214354,normal,2644,0,1782361152.4685864,0.0021142959594726562
214355,normal,3208,1,1782361152.470514,0.0019276142120361328
214356,normal,586,0,1782361152.4725854,0.002071380615234375
214357,normal,2765,0,1782361152.474467,0.0018815994262695312
214358,normal,1044,0,1782361152.4766285,0.0021615028381347656
214359,normal,2022,0,1782361152.47851,0.0018813610076904297
214360,normal,2700,0,1782361152.4805841,0.0020742416381835938
214361,normal,2286,0,1782361152.482514,0.0019297599792480469
214362,normal,3493,0,1782361152.4845805,0.0020666122436523438
214363,normal,1561,0,1782361152.4864895,0.001909017562866211
214364,normal,2309,0,1782361152.488705,0.0022153854370117188
214365,normal,1691,0,1782361152.4907002,0.0019953250885009766
214366,normal,2406,0,1782361152.4925473,0.0018470287322998047
214367,normal,16,0,1782361152.4945972,0.0020499229431152344
214368,normal,3369,1,1782361152.4965081,0.0019109249114990234
214369,normal,413,0,1782361152.4985855,0.002077341079711914
214370,normal,1189,0,1782361152.5004737,0.001888275146484375
214371,normal,798,2,1782361152.502586,0.002112150192260742
214372,normal,1772,0,1782361152.5044713,0.0018854141235351562
214373,normal,1614,0,1782361152.5065866,0.0021152496337890625
214374,normal,2035,0,1782361152.508497,0.0019104480743408203
214375,normal,908,2,1782361152.510587,0.002089977264404297
214376,normal,2169,0,1782361152.5124946,0.0019075870513916016
214377,normal,2945,0,1782361152.5145047,0.0020101070404052734
214378,normal,553,0,1782361152.5165877,0.0020830631256103516
214379,normal,1250,0,1782361152.5184784,0.0018906593322753906
214380,normal,3065,1,1782361152.5205884,0.002110004425048828
214381,normal,1916,0,1782361152.522472,0.0018835067749023438
214382,normal,1039,0,1782361152.524585,0.0021131038665771484
214383,normal,677,0,1782361152.5264916,0.0019066333770751953
214384,normal,1414,0,1782361152.5285864,0.002094745635986328
214385,normal,2417,0,1782361152.5304708,0.00188446044921875
214386,normal,1342,1,1782361152.532584,0.0021131038665771484
214387,normal,972,2,1782361152.5344694,0.0018854141235351562
214388,normal,3482,0,1782361152.5365894,0.0021200180053710938
214389,normal,2498,0,1782361152.5384686,0.0018792152404785156
214390,normal,2559,0,1782361152.5405855,0.0021169185638427734
214391,normal,2174,0,1782361152.542473,0.0018875598907470703
214392,normal,3089,1,1782361152.5445921,0.0021190643310546875
214393,normal,2908,0,1782361152.5464697,0.0018775463104248047
214394,normal,1730,0,1782361152.5485868,0.002117156982421875
214395,normal,721,0,1782361152.5504882,0.001901388168334961
214396,normal,562,0,1782361152.5526013,0.0021131038665771484
214397,normal,3481,0,1782361152.5544698,0.0018684864044189453
214398,normal,197,0,1782361152.556586,0.0021162033081054688
214399,normal,862,2,1782361152.558485,0.0018990039825439453
214400,normal,2336,0,1782361152.560586,0.0021009445190429688
214401,normal,1172,0,1782361152.5625176,0.0019316673278808594
214402,normal,735,0,1782361152.5648663,0.002348661422729492
214403,normal,918,2,1782361152.5664828,0.0016164779663085938
214404,normal,3454,0,1782361152.5686038,0.0021209716796875
214405,normal,3537,0,1782361152.570479,0.001875162124633789
214406,normal,324,0,1782361152.5726004,0.002121448516845703
214407,normal,3166,1,1782361152.5744772,0.0018768310546875
214408,normal,385,0,1782361152.5765972,0.0021200180053710938
214409,normal,993,2,1782361152.5784762,0.001878976821899414
214410,normal,1898,0,1782361152.580637,0.002160787582397461
214411,normal,1309,0,1782361152.5824594,0.0018224716186523438
214412,normal,751,0,1782361152.584614,0.0021545886993408203
214413,normal,2298,0,1782361152.5864878,0.0018737316131591797
214414,normal,1236,0,1782361152.588557,0.002069234848022461
214415,normal,3096,1,1782361152.5906286,0.0020716190338134766
214416,normal,1487,0,1782361152.5924919,0.001863241195678711
214417,normal,2626,0,1782361152.5947585,0.0022666454315185547
214418,normal,28,0,1782361152.59655,0.0017914772033691406
214419,normal,2985,0,1782361152.5987234,0.0021734237670898438
214420,normal,1834,0,1782361152.6005282,0.0018048286437988281
214421,normal,3093,1,1782361152.6027474,0.0022192001342773438
214422,normal,239,0,1782361152.6045492,0.0018017292022705078
214423,normal,2147,0,1782361152.6067424,0.0021932125091552734
214424,normal,1331,1,1782361152.6085455,0.0018031597137451172
214425,normal,2277,0,1782361152.6107445,0.002198934555053711
214426,normal,2961,0,1782361152.6125278,0.0017833709716796875
214427,normal,2717,0,1782361152.6147947,0.0022668838500976562
214428,normal,303,0,1782361152.6165388,0.0017440319061279297
214429,normal,1479,0,1782361152.618566,0.002027273178100586
214430,normal,406,0,1782361152.6204772,0.001911163330078125
214431,normal,2083,0,1782361152.6226127,0.0021355152130126953
214432,normal,2394,0,1782361152.6244776,0.0018649101257324219
214433,normal,2654,0,1782361152.6266005,0.0021228790283203125
214434,normal,3598,0,1782361152.6284888,0.001888275146484375
214435,normal,2672,0,1782361152.6305542,0.002065420150756836
214436,normal,1043,0,1782361152.632597,0.0020427703857421875
214437,normal,3443,0,1782361152.6345024,0.0019054412841796875
214438,normal,957,2,1782361152.6365519,0.0020494461059570312
214439,normal,3510,0,1782361152.6385906,0.002038717269897461
214440,normal,450,0,1782361152.640478,0.0018873214721679688
214441,normal,2116,0,1782361152.6425533,0.0020754337310791016
214442,normal,1972,0,1782361152.6445913,0.0020380020141601562
214443,normal,310,0,1782361152.646488,0.0018966197967529297
214444,normal,1239,0,1782361152.648552,0.0020639896392822266
214445,normal,2956,0,1782361152.65059,0.0020380020141601562
214446,normal,1260,0,1782361152.6525085,0.0019185543060302734
214447,normal,3164,1,1782361152.6545587,0.002050161361694336
214448,normal,1871,0,1782361152.65648,0.0019214153289794922
214449,normal,1192,0,1782361152.6585917,0.002111673355102539
214450,normal,1509,0,1782361152.6604517,0.001859903335571289
214451,normal,1628,0,1782361152.6625898,0.0021381378173828125
214452,normal,1669,0,1782361152.664492,0.0019021034240722656
214453,normal,2616,0,1782361152.6665514,0.002059459686279297
214454,normal,1862,0,1782361152.6685884,0.00203704833984375
214455,normal,2771,0,1782361152.6704962,0.0019078254699707031
214456,normal,891,2,1782361152.6725507,0.002054452896118164
214457,normal,1407,0,1782361152.6746023,0.0020515918731689453
214458,normal,1322,1,1782361152.676495,0.0018928050994873047
214459,normal,1946,0,1782361152.6785507,0.002055644989013672
214460,normal,3011,0,1782361152.6804802,0.0019295215606689453
214461,normal,1305,0,1782361152.6825912,0.0021109580993652344
214462,normal,2354,0,1782361152.6844494,0.0018582344055175781
214463,normal,2712,0,1782361152.6865916,0.002142190933227539
214464,normal,3307,1,1782361152.6884944,0.0019028186798095703
214465,normal,940,2,1782361152.6905506,0.002056121826171875
214466,normal,1634,0,1782361152.692475,0.0019245147705078125
214467,normal,2308,0,1782361152.6945927,0.002117633819580078
214468,normal,1536,0,1782361152.6964493,0.0018565654754638672
214469,normal,1738,0,1782361152.698592,0.002142667770385742
214470,normal,2244,0,1782361152.7005055,0.0019135475158691406
214471,normal,2875,0,1782361152.702551,0.0020453929901123047
214472,normal,607,0,1782361152.7045875,0.002036571502685547
214473,normal,3665,0,1782361152.7064738,0.0018863677978515625
214474,normal,93,0,1782361152.7085521,0.0020782947540283203
214475,normal,1079,0,1782361152.710591,0.0020389556884765625
214476,normal,1715,0,1782361152.712512,0.001920938491821289
214477,normal,2304,0,1782361152.714553,0.0020411014556884766
214478,normal,787,2,1782361152.7164783,0.0019252300262451172
214479,normal,2872,0,1782361152.7185898,0.0021114349365234375
214480,normal,3535,0,1782361152.7204492,0.001859426498413086
214481,normal,2458,0,1782361152.7225997,0.0021505355834960938
214482,normal,1875,0,1782361152.7244952,0.0018954277038574219
214483,normal,13,0,1782361152.7265491,0.002053976058959961
214484,normal,3708,0,1782361152.7284749,0.0019257068634033203
214485,normal,1100,0,1782361152.7305887,0.002113819122314453
214486,normal,1252,0,1782361152.7324493,0.0018606185913085938
214487,normal,771,0,1782361152.734592,0.002142667770385742
214488,normal,2531,0,1782361152.7365077,0.0019156932830810547
214489,normal,2395,0,1782361152.738552,0.0020444393157958984
214490,normal,1278,0,1782361152.7405806,0.0020284652709960938
214491,normal,1836,0,1782361152.7425091,0.001928567886352539
214492,normal,2892,0,1782361152.7446113,0.0021021366119384766
214493,normal,32,0,1782361152.7465262,0.00191497802734375
214494,normal,3364,1,1782361152.748568,0.0020418167114257812
214495,normal,1198,0,1782361152.7504678,0.00189971923828125
214496,normal,445,0,1782361152.7526333,0.002165555953979492
214497,normal,3455,0,1782361152.7545276,0.001894235610961914
214498,normal,1977,0,1782361152.756567,0.0020394325256347656
214499,normal,1786,0,1782361152.7585106,0.0019435882568359375
214500,normal,3395,1,1782361152.7605677,0.0020570755004882812
214501,normal,3348,1,1782361152.7624679,0.0019001960754394531
214502,normal,69,0,1782361152.7651148,0.002646923065185547
214503,normal,127,0,1782361152.7664626,0.0013477802276611328
214504,normal,779,2,1782361152.768619,0.002156496047973633
214505,normal,904,2,1782361152.770474,0.0018548965454101562
214506,normal,3009,0,1782361152.7726166,0.002142667770385742
214507,normal,1616,0,1782361152.7746391,0.0020225048065185547
214508,normal,1483,0,1782361152.7766976,0.0020585060119628906
214509,normal,2048,0,1782361152.778558,0.0018603801727294922
214510,normal,1656,0,1782361152.7805812,0.0020232200622558594
214511,normal,3609,0,1782361152.7825518,0.001970529556274414
214512,normal,1207,0,1782361152.7845473,0.001995563507080078
214513,normal,1175,0,1782361152.7865367,0.0019893646240234375
214514,normal,1478,0,1782361152.7885294,0.0019927024841308594
214515,normal,2205,0,1782361152.7905345,0.0020051002502441406
214516,normal,1851,0,1782361152.792519,0.0019845962524414062
214517,normal,2011,0,1782361152.7945557,0.002036571502685547
214518,normal,1480,0,1782361152.7965956,0.0020399093627929688
214519,normal,1296,0,1782361152.7988298,0.002234220504760742
214520,normal,44,0,1782361152.8006268,0.0017969608306884766
214521,normal,1193,0,1782361152.8025029,0.0018761157989501953
214522,normal,2655,0,1782361152.8045287,0.0020258426666259766
214523,normal,37,0,1782361152.806611,0.002082347869873047
214524,normal,1974,0,1782361152.808806,0.0021948814392089844
214525,normal,476,0,1782361152.8105183,0.0017123222351074219
214526,normal,82,0,1782361152.8125315,0.0020132064819335938
214527,normal,1767,0,1782361152.8144994,0.001967906951904297
214528,normal,2955,0,1782361152.8167286,0.0022292137145996094
214529,normal,482,0,1782361152.8185356,0.0018069744110107422
214530,normal,2120,0,1782361152.8207238,0.0021882057189941406
214531,normal,2670,0,1782361152.8225136,0.0017898082733154297
214532,normal,401,0,1782361152.8247473,0.002233743667602539
214533,normal,1314,0,1782361152.8265176,0.0017702579498291016
214534,normal,1335,1,1782361152.8286822,0.002164602279663086
214535,normal,3256,1,1782361152.8305464,0.0018641948699951172
214536,normal,3509,0,1782361152.8325288,0.001982450485229492
214537,normal,1024,2,1782361152.834695,0.002166271209716797
214538,normal,158,0,1782361152.8365276,0.0018324851989746094
214539,normal,72,0,1782361152.838721,0.002193450927734375
214540,normal,952,2,1782361152.840537,0.0018160343170166016
214541,normal,1181,0,1782361152.8426583,0.0021212100982666016
214542,normal,404,0,1782361152.8445387,0.0018804073333740234
214543,normal,600,0,1782361152.846484,0.0019452571868896484
214544,normal,1544,0,1782361152.8486023,0.002118349075317383
214545,normal,2612,0,1782361152.8504827,0.0018804073333740234
214546,normal,764,0,1782361152.8527098,0.0022270679473876953
214547,normal,2167,0,1782361152.8546524,0.0019426345825195312
214548,normal,353,0,1782361152.8566332,0.0019807815551757812
214549,normal,3177,1,1782361152.858687,0.0020537376403808594
214550,normal,3520,0,1782361152.8606248,0.0019378662109375
214551,normal,1573,0,1782361152.8627205,0.0020956993103027344
214552,normal,3447,0,1782361152.86458,0.001859426498413086
214553,normal,2279,0,1782361152.8668146,0.0022346973419189453
214554,normal,356,0,1782361152.8686364,0.001821756362915039
214555,normal,712,0,1782361152.8704853,0.0018489360809326172
214556,normal,3564,0,1782361152.8725984,0.0021131038665771484
214557,normal,3205,1,1782361152.8744867,0.001888275146484375
214558,normal,3429,0,1782361152.8767688,0.0022821426391601562
214559,normal,3097,1,1782361152.8784776,0.0017087459564208984
214560,normal,3592,0,1782361152.8805914,0.002113819122314453
214561,normal,1707,0,1782361152.8824759,0.00188446044921875
214562,normal,2430,0,1782361152.8845081,0.0020322799682617188
214563,normal,678,0,1782361152.8871377,0.002629518508911133
214564,normal,3640,0,1782361152.8888023,0.0016646385192871094
214565,normal,532,0,1782361152.8906202,0.001817941665649414
214566,normal,1137,0,1782361152.8925033,0.0018830299377441406
214567,normal,128,0,1782361152.8947017,0.002198457717895508
214568,normal,2963,0,1782361152.896471,0.0017693042755126953
214569,normal,1913,0,1782361152.8985026,0.002031564712524414
214570,normal,614,0,1782361152.900712,0.0022094249725341797
214571,normal,753,0,1782361152.9024642,0.0017521381378173828
214572,normal,3254,1,1782361152.9046912,0.0022270679473876953
214573,normal,887,2,1782361152.9064486,0.0017573833465576172
214574,normal,3444,0,1782361152.9086967,0.002248048782348633
214575,normal,376,0,1782361152.9105237,0.0018270015716552734
214576,normal,278,0,1782361152.9125164,0.0019927024841308594
214577,normal,601,0,1782361152.914515,0.0019986629486083984
214578,normal,2928,0,1782361152.9165282,0.0020132064819335938
214579,normal,3158,1,1782361152.9184983,0.001970052719116211
214580,normal,2508,0,1782361152.9204962,0.0019979476928710938
214581,normal,412,0,1782361152.9227269,0.0022306442260742188
214582,normal,816,2,1782361152.9250083,0.0022814273834228516
214583,normal,603,0,1782361152.9265387,0.0015304088592529297
214584,normal,3416,0,1782361152.9284468,0.0019080638885498047
214585,normal,122,0,1782361152.9304857,0.0020389556884765625
214586,normal,3532,0,1782361152.9325223,0.002036571502685547
214587,normal,2173,0,1782361152.9345267,0.002004384994506836
214588,normal,2606,0,1782361152.9365885,0.0020618438720703125
214589,normal,2866,0,1782361152.9385555,0.0019669532775878906
214590,normal,54,0,1782361152.9405951,0.002039670944213867
214591,normal,2168,0,1782361152.942591,0.0019958019256591797
214592,normal,2982,0,1782361152.9445395,0.0019485950469970703
214593,normal,160,0,1782361152.9466543,0.0021147727966308594
214594,normal,1732,0,1782361152.9487414,0.002087116241455078
214595,normal,2141,0,1782361152.9505308,0.0017893314361572266
214596,normal,337,0,1782361152.9525278,0.0019969940185546875
214597,normal,142,0,1782361152.9545503,0.0020225048065185547
214598,normal,6,0,1782361152.9565923,0.002042055130004883
214599,normal,3621,0,1782361152.9585478,0.0019555091857910156
214600,normal,2988,0,1782361152.9607072,0.0021593570709228516
214601,normal,123,0,1782361152.9630315,0.002324342727661133
214602,normal,1121,0,1782361152.9644923,0.0014607906341552734
214603,normal,750,0,1782361152.9664986,0.0020062923431396484
214604,normal,1481,0,1782361152.9685066,0.0020079612731933594
214605,normal,2548,0,1782361152.9705226,0.0020160675048828125
214606,normal,757,0,1782361152.972503,0.001980304718017578
214607,normal,2435,0,1782361152.9745147,0.0020117759704589844
214608,normal,782,2,1782361152.976525,0.002010345458984375
214609,normal,572,0,1782361152.9786217,0.0020966529846191406
214610,normal,1055,0,1782361152.9805284,0.0019066333770751953
214611,normal,3463,0,1782361152.9824924,0.001964092254638672
214612,normal,567,0,1782361152.9845312,0.002038717269897461
214613,normal,257,0,1782361152.986509,0.0019779205322265625
214614,normal,1237,0,1782361152.9885187,0.0020096302032470703
214615,normal,1473,0,1782361152.9905236,0.002004861831665039
214616,normal,3611,0,1782361152.9925125,0.0019888877868652344
214617,normal,2537,0,1782361152.994521,0.0020084381103515625
214618,normal,689,0,1782361152.9965556,0.0020346641540527344
214619,normal,2115,0,1782361152.9985073,0.0019516944885253906
214620,normal,612,0,1782361153.0005343,0.0020270347595214844
214621,normal,872,2,1782361153.0025244,0.001990079879760742
214622,normal,31,0,1782361153.0044806,0.0019562244415283203
214623,normal,2693,0,1782361153.0064664,0.001985788345336914
214624,normal,2291,0,1782361153.008484,0.002017498016357422
214625,normal,2621,0,1782361153.0104656,0.0019817352294921875
214626,normal,2396,0,1782361153.0125668,0.0021011829376220703
214627,normal,2852,0,1782361153.0145645,0.001997709274291992
214628,normal,1980,0,1782361153.0165436,0.0019791126251220703
214629,normal,3169,1,1782361153.0185957,0.0020520687103271484
214630,normal,1212,0,1782361153.0205262,0.0019304752349853516
214631,normal,1167,0,1782361153.0225668,0.0020406246185302734
214632,normal,2082,0,1782361153.024534,0.001967191696166992
214633,normal,2282,0,1782361153.0265424,0.0020084381103515625
214634,normal,1800,0,1782361153.0285568,0.0020143985748291016
214635,normal,121,0,1782361153.0317535,0.00319671630859375
214636,normal,3246,1,1782361153.0326223,0.0008687973022460938
214637,normal,1987,0,1782361153.0346322,0.002009868621826172
214638,normal,1102,0,1782361153.0366247,0.001992464065551758
214639,normal,1235,0,1782361153.0386233,0.0019986629486083984
214640,normal,3496,0,1782361153.040599,0.0019757747650146484
214641,normal,1601,0,1782361153.0425022,0.0019030570983886719
214642,normal,2915,0,1782361153.0444665,0.0019643306732177734
214643,normal,1135,0,1782361153.0465226,0.002056121826171875
214644,normal,1832,0,1782361153.0484722,0.0019495487213134766
214645,normal,89,0,1782361153.0504968,0.0020246505737304688
214646,normal,2407,0,1782361153.0527153,0.002218484878540039
214647,normal,435,0,1782361153.0547826,0.0020673274993896484
214648,normal,1303,0,1782361153.0565603,0.00177764892578125
214649,normal,2599,0,1782361153.058555,0.001994609832763672
214650,normal,382,0,1782361153.0605621,0.0020072460174560547
214651,normal,761,0,1782361153.062489,0.0019268989562988281
214652,normal,1148,0,1782361153.0645049,0.002015829086303711
214653,normal,1366,1,1782361153.0664828,0.0019779205322265625
214654,normal,3412,0,1782361153.0687032,0.0022203922271728516
214655,normal,2424,0,1782361153.0705009,0.0017976760864257812
214656,normal,2929,0,1782361153.072536,0.0020351409912109375
214657,normal,592,0,1782361153.0745308,0.0019948482513427734
214658,normal,2744,0,1782361153.076534,0.002003192901611328
214659,normal,914,2,1782361153.0784965,0.001962423324584961
214660,normal,53,0,1782361153.0805163,0.0020198822021484375
214661,normal,1513,0,1782361153.0825393,0.002022981643676758
214662,normal,218,0,1782361153.0845406,0.0020012855529785156
214663,normal,1264,0,1782361153.0865347,0.0019941329956054688
214664,normal,1006,2,1782361153.088527,0.0019922256469726562
214665,normal,3691,0,1782361153.0908346,0.0023076534271240234
214666,normal,922,2,1782361153.0934348,0.0026001930236816406
214667,normal,368,0,1782361153.0945957,0.0011608600616455078
214668,normal,1344,1,1782361153.0966907,0.0020949840545654297
214669,normal,2361,0,1782361153.0985942,0.001903533935546875
214670,normal,250,0,1782361153.1007464,0.0021522045135498047
214671,normal,658,0,1782361153.10264,0.0018935203552246094
214672,normal,3120,1,1782361153.104539,0.0018990039825439453
214673,normal,2608,0,1782361153.1066985,0.002159595489501953
214674,normal,3347,1,1782361153.1085355,0.001837015151977539
214675,normal,1067,0,1782361153.1107507,0.002215147018432617
214676,normal,3038,0,1782361153.1128309,0.002080202102661133
214677,normal,638,0,1782361153.1146502,0.0018193721771240234
214678,normal,485,0,1782361153.1164997,0.0018494129180908203
214679,normal,2119,0,1782361153.1185434,0.0020437240600585938
214680,normal,645,0,1782361153.12065,0.0021066665649414062
214681,normal,850,2,1782361153.1225154,0.001865386962890625
214682,normal,1171,0,1782361153.1246426,0.0021271705627441406
214683,normal,1797,0,1782361153.1265526,0.0019099712371826172
214684,normal,1725,0,1782361153.1285372,0.0019845962524414062
214685,normal,901,2,1782361153.1305566,0.0020194053649902344
214686,normal,3427,0,1782361153.132842,0.002285480499267578
214687,normal,146,0,1782361153.1346228,0.0017807483673095703
214688,normal,2127,0,1782361153.1367218,0.0020990371704101562
214689,normal,1301,0,1782361153.1387272,0.002005338668823242
214690,normal,2640,0,1782361153.140586,0.0018587112426757812
214691,normal,2880,0,1782361153.142658,0.0020720958709716797
214692,normal,396,0,1782361153.1446326,0.0019745826721191406
214693,normal,95,0,1782361153.146625,0.001992464065551758
214694,normal,1052,0,1782361153.1485589,0.0019338130950927734
214695,normal,2050,0,1782361153.1506903,0.0021314620971679688
214696,normal,2685,0,1782361153.1526105,0.0019202232360839844
214697,normal,865,2,1782361153.1545,0.0018894672393798828
214698,normal,1095,0,1782361153.15662,0.0021200180053710938
214699,normal,1425,0,1782361153.1585054,0.0018854141235351562
214700,normal,1713,0,1782361153.1606562,0.0021507740020751953
214701,normal,1476,0,1782361153.1626391,0.0019829273223876953
214702,normal,1728,0,1782361153.1645358,0.0018966197967529297
214703,normal,84,0,1782361153.1665509,0.0020151138305664062
214704,normal,29,0,1782361153.1686215,0.0020706653594970703
214705,normal,743,0,1782361153.170621,0.001999378204345703
214706,normal,1271,0,1782361153.1725395,0.0019185543060302734
214707,normal,1712,0,1782361153.1746469,0.002107381820678711
214708,normal,929,2,1782361153.1765397,0.0018928050994873047
214709,normal,606,0,1782361153.1786497,0.002110004425048828
214710,normal,1746,0,1782361153.1806254,0.0019757747650146484
214711,normal,2475,0,1782361153.1825807,0.001955270767211914
214712,normal,3430,0,1782361153.1846445,0.002063751220703125
214713,normal,3467,0,1782361153.186707,0.002062559127807617
214714,normal,1199,0,1782361153.188605,0.001898050308227539
214715,normal,3648,0,1782361153.190686,0.0020809173583984375
214716,normal,3690,0,1782361153.1926858,0.0019998550415039062
214717,normal,3589,0,1782361153.1946232,0.0019373893737792969
214718,normal,334,0,1782361153.1964939,0.0018706321716308594
214719,normal,3610,0,1782361153.1986322,0.002138376235961914
214720,normal,3324,1,1782361153.200543,0.0019106864929199219
214721,normal,3353,1,1782361153.2026112,0.0020682811737060547
214722,normal,2135,0,1782361153.2045949,0.001983642578125
214723,normal,3000,0,1782361153.2064948,0.0018999576568603516
214724,normal,1948,0,1782361153.208586,0.0020911693572998047
214725,normal,1504,0,1782361153.210692,0.0021059513092041016
214726,normal,1524,0,1782361153.212546,0.0018541812896728516
214727,normal,410,0,1782361153.2146955,0.002149343490600586
214728,normal,2102,0,1782361153.2167292,0.002033710479736328
214729,normal,120,0,1782361153.2187116,0.001982450485229492
214730,normal,2212,0,1782361153.2206354,0.0019237995147705078
214731,normal,521,0,1782361153.22278,0.0021445751190185547
214732,normal,1896,0,1782361153.2246492,0.00186920166015625
214733,normal,2906,0,1782361153.2266023,0.001953125
214734,normal,2140,0,1782361153.2286372,0.002034902572631836
214735,normal,2459,0,1782361153.2305205,0.0018832683563232422
214736,normal,3017,0,1782361153.2326186,0.00209808349609375
214737,normal,165,0,1782361153.2346447,0.002026081085205078
214738,normal,3365,1,1782361153.236539,0.001894235610961914
214739,normal,608,0,1782361153.2385113,0.0019724369049072266
214740,normal,2254,0,1782361153.240611,0.002099752426147461
214741,normal,2389,0,1782361153.242502,0.0018908977508544922
214742,normal,3171,1,1782361153.2446048,0.0021028518676757812
214743,normal,3453,0,1782361153.2467096,0.0021047592163085938
214744,normal,259,0,1782361153.248842,0.002132415771484375
214745,normal,228,0,1782361153.250616,0.0017740726470947266
214746,normal,1590,0,1782361153.2526524,0.0020363330841064453
214747,normal,3102,1,1782361153.2545362,0.0018837451934814453
214748,normal,2264,0,1782361153.256644,0.002107858657836914
214749,normal,3435,0,1782361153.258637,0.001992940902709961
214750,normal,2953,0,1782361153.2607262,0.002089262008666992
214751,normal,2995,0,1782361153.2626207,0.0018944740295410156
214752,normal,2786,0,1782361153.2646413,0.002020597457885742
214753,normal,3508,0,1782361153.2665253,0.0018839836120605469
214754,normal,1632,0,1782361153.2685328,0.0020074844360351562
214755,normal,528,0,1782361153.2708325,0.002299785614013672
214756,normal,1682,0,1782361153.2725358,0.0017032623291015625
214757,normal,2390,0,1782361153.2746773,0.0021414756774902344
214758,normal,927,2,1782361153.2766423,0.001965045928955078
214759,normal,2519,0,1782361153.2785456,0.0019032955169677734
214760,normal,846,2,1782361153.2805998,0.0020542144775390625
214761,normal,1004,2,1782361153.2826478,0.002048015594482422
214762,normal,3519,0,1782361153.28463,0.0019822120666503906
214763,normal,1464,0,1782361153.2872558,0.002625703811645508
214764,normal,2579,0,1782361153.2888486,0.001592874526977539
214765,normal,3148,1,1782361153.2905045,0.0016558170318603516
214766,normal,187,0,1782361153.2924895,0.0019850730895996094
214767,normal,1353,1,1782361153.2946882,0.0021986961364746094
214768,normal,3575,0,1782361153.2965522,0.0018639564514160156
214769,normal,248,0,1782361153.2987149,0.0021626949310302734
214770,normal,2568,0,1782361153.3006375,0.001922607421875
214771,normal,78,0,1782361153.3025348,0.0018973350524902344
214772,normal,546,0,1782361153.3046494,0.002114534378051758
214773,normal,827,2,1782361153.3066905,0.0020411014556884766
214774,normal,2353,0,1782361153.3085344,0.0018439292907714844
214775,normal,2328,0,1782361153.310644,0.002109527587890625
214776,normal,3114,1,1782361153.3130834,0.0024394989013671875
214777,normal,1059,0,1782361153.314693,0.0016095638275146484
214778,normal,3410,0,1782361153.3166983,0.002005338668823242
214779,normal,500,0,1782361153.3187056,0.0020072460174560547
214780,normal,3030,0,1782361153.3206959,0.0019903182983398438
214781,normal,1173,0,1782361153.3226836,0.0019876956939697266
214782,normal,3660,0,1782361153.3246849,0.0020012855529785156
214783,normal,931,2,1782361153.3266065,0.0019216537475585938
214784,normal,3328,1,1782361153.328686,0.002079486846923828
214785,normal,1162,0,1782361153.3306165,0.0019304752349853516
214786,normal,892,2,1782361153.332612,0.001995563507080078
214787,normal,1324,1,1782361153.3345342,0.0019221305847167969
214788,normal,2665,0,1782361153.3365371,0.0020029544830322266
214789,normal,1647,0,1782361153.3385348,0.001997709274291992
214790,normal,1113,0,1782361153.3404956,0.00196075439453125
214791,normal,1675,0,1782361153.3425252,0.0020296573638916016
214792,normal,3230,1,1782361153.344561,0.002035856246948242
214793,normal,2310,0,1782361153.3465812,0.002020120620727539
214794,normal,1979,0,1782361153.3486316,0.0020503997802734375
214795,normal,1905,0,1782361153.3505669,0.0019352436065673828
214796,normal,2564,0,1782361153.352533,0.001966238021850586
214797,normal,3542,0,1782361153.3545516,0.002018451690673828
214798,normal,2865,0,1782361153.356508,0.001956462860107422
214799,normal,3090,1,1782361153.3587203,0.0022122859954833984
214800,normal,2636,0,1782361153.3606515,0.0019311904907226562
214801,normal,2583,0,1782361153.3625536,0.0019021034240722656
214802,normal,3449,0,1782361153.3645213,0.0019676685333251953
214803,normal,3192,1,1782361153.3666236,0.002102375030517578
214804,normal,1985,0,1782361153.3685076,0.0018839836120605469
214805,normal,941,2,1782361153.370495,0.001987457275390625
214806,normal,3349,1,1782361153.37254,0.0020449161529541016
214807,normal,422,0,1782361153.3746743,0.0021343231201171875
214808,normal,945,2,1782361153.3765578,0.0018835067749023438
214809,normal,277,0,1782361153.3786511,0.0020933151245117188
214810,normal,3421,0,1782361153.3806584,0.0020072460174560547
214811,normal,2051,0,1782361153.3828044,0.002146005630493164
214812,normal,2698,0,1782361153.3848193,0.0020148754119873047
214813,normal,400,0,1782361153.3867996,0.001980304718017578
214814,normal,1600,0,1782361153.3886404,0.001840829849243164
214815,normal,3327,1,1782361153.3906357,0.0019953250885009766
214816,normal,1469,0,1782361153.3926373,0.002001523971557617
214817,normal,1391,0,1782361153.3946307,0.001993417739868164
214818,normal,1436,0,1782361153.3967693,0.0021386146545410156
214819,normal,2615,0,1782361153.3985262,0.001756906509399414
214820,normal,3218,1,1782361153.400627,0.002100706100463867
214821,normal,274,0,1782361153.4026392,0.0020122528076171875
214822,normal,2061,0,1782361153.4046254,0.001986265182495117
214823,normal,3668,0,1782361153.4071097,0.0024843215942382812
214824,normal,2643,0,1782361153.4088635,0.0017538070678710938
214825,normal,1950,0,1782361153.4105194,0.0016558170318603516
214826,normal,1209,0,1782361153.4124863,0.0019669532775878906
214827,normal,1050,0,1782361153.4145155,0.0020291805267333984
214828,normal,1754,0,1782361153.4166315,0.002115964889526367
214829,normal,2921,0,1782361153.4186213,0.0019898414611816406
214830,normal,3619,0,1782361153.4208844,0.0022630691528320312
214831,normal,3659,0,1782361153.4225528,0.0016684532165527344
214832,normal,2236,0,1782361153.424524,0.0019712448120117188
214833,normal,162,0,1782361153.4266498,0.0021257400512695312
214834,normal,2409,0,1782361153.4286363,0.0019865036010742188
214835,normal,2239,0,1782361153.4306316,0.0019953250885009766
214836,normal,2219,0,1782361153.4330223,0.002390623092651367
214837,normal,2364,0,1782361153.4348063,0.0017840862274169922
214838,normal,3121,1,1782361153.4367676,0.001961231231689453
214839,normal,1140,0,1782361153.4386582,0.0018906593322753906
214840,normal,2779,0,1782361153.4407787,0.002120494842529297
214841,normal,1263,0,1782361153.442769,0.0019903182983398438
214842,normal,3587,0,1782361153.444849,0.0020799636840820312
214843,normal,3383,1,1782361153.4468026,0.001953601837158203
214844,normal,241,0,1782361153.4487395,0.0019369125366210938
214845,normal,1517,0,1782361153.4506521,0.0019125938415527344
214846,normal,3398,1,1782361153.4526224,0.0019702911376953125
214847,normal,92,0,1782361153.4546392,0.002016782760620117
214848,normal,3337,1,1782361153.4568477,0.0022084712982177734
214849,normal,3472,0,1782361153.4585552,0.0017075538635253906
214850,normal,663,0,1782361153.4606562,0.0021009445190429688
214851,normal,1460,0,1782361153.462616,0.0019598007202148438
214852,normal,3197,1,1782361153.4647043,0.002088308334350586
214853,normal,3130,1,1782361153.4666953,0.0019910335540771484
214854,normal,2027,0,1782361153.4686856,0.0019903182983398438
214855,normal,98,0,1782361153.470659,0.001973390579223633
214856,normal,1222,0,1782361153.4727075,0.002048492431640625
214857,normal,193,0,1782361153.4745455,0.0018379688262939453
214858,normal,132,0,1782361153.4765844,0.0020389556884765625
214859,normal,3333,1,1782361153.4786317,0.002047300338745117
214860,normal,541,0,1782361153.4807272,0.002095460891723633
214861,normal,1056,0,1782361153.4825323,0.0018050670623779297
214862,normal,802,2,1782361153.4847057,0.0021734237670898438
214863,normal,3684,0,1782361153.4867237,0.002017974853515625
214864,normal,2109,0,1782361153.4886298,0.0019061565399169922
214865,normal,3294,1,1782361153.4905474,0.0019176006317138672
214866,normal,1643,0,1782361153.4925346,0.0019872188568115234
214867,normal,3045,1,1782361153.4944925,0.0019578933715820312
214868,normal,440,0,1782361153.49668,0.002187490463256836
214869,normal,2440,0,1782361153.498687,0.002007007598876953
214870,normal,1532,0,1782361153.5006812,0.0019941329956054688
214871,normal,3279,1,1782361153.5026953,0.00201416015625
214872,normal,3203,1,1782361153.504694,0.0019986629486083984
214873,normal,1604,0,1782361153.506499,0.0018050670623779297
214874,normal,1256,0,1782361153.5085793,0.002080202102661133
214875,normal,3360,1,1782361153.5105307,0.001951456069946289
214876,normal,1374,1,1782361153.5126739,0.0021431446075439453
214877,normal,1153,0,1782361153.5146523,0.0019783973693847656
214878,normal,1789,0,1782361153.5165474,0.0018951892852783203
214879,normal,501,0,1782361153.5187392,0.002191781997680664
214880,normal,1011,2,1782361153.520707,0.0019676685333251953
214881,normal,674,0,1782361153.5225089,0.0018019676208496094
214882,normal,1664,0,1782361153.5245576,0.0020487308502197266
214883,normal,2433,0,1782361153.5265603,0.002002716064453125
214884,normal,961,2,1782361153.5285463,0.0019860267639160156
214885,normal,2798,0,1782361153.5305622,0.002015829086303711
214886,normal,1596,0,1782361153.5326128,0.002050638198852539
214887,normal,1334,1,1782361153.5345247,0.0019118785858154297
214888,normal,481,0,1782361153.5365272,0.0020024776458740234
214889,normal,679,0,1782361153.538678,0.0021507740020751953
214890,normal,2217,0,1782361153.5406256,0.001947641372680664
214891,normal,2602,0,1782361153.5426214,0.0019958019256591797
214892,normal,1655,0,1782361153.5447488,0.002127408981323242
214893,normal,2730,0,1782361153.5466206,0.0018718242645263672
214894,normal,1254,0,1782361153.548705,0.002084493637084961
214895,normal,3582,0,1782361153.5508225,0.0021173954010009766
214896,normal,509,0,1782361153.5526962,0.0018737316131591797
214897,normal,2006,0,1782361153.5548284,0.0021321773529052734
214898,normal,1631,0,1782361153.556751,0.001922607421875
214899,normal,276,0,1782361153.5586846,0.0019335746765136719
214900,normal,453,0,1782361153.560808,0.0021233558654785156
214901,normal,1170,0,1782361153.56279,0.001981973648071289
214902,normal,2966,0,1782361153.564529,0.0017390251159667969
214903,normal,911,2,1782361153.566633,0.002104043960571289
214904,normal,3597,0,1782361153.5686333,0.0020003318786621094
214905,normal,1506,0,1782361153.5704987,0.001865386962890625
214906,normal,96,0,1782361153.5726802,0.002181529998779297
214907,normal,2064,0,1782361153.5745206,0.001840353012084961
214908,normal,2260,0,1782361153.576632,0.0021114349365234375
214909,normal,1286,0,1782361153.57863,0.0019979476928710938
214910,normal,2920,0,1782361153.5806315,0.002001523971557617
214911,normal,1899,0,1782361153.5826325,0.002001047134399414
214912,normal,312,0,1782361153.5857096,0.0030770301818847656
214913,normal,80,0,1782361153.58687,0.0011603832244873047
214914,normal,94,0,1782361153.5887134,0.0018434524536132812
214915,normal,2857,0,1782361153.590652,0.0019385814666748047
214916,normal,3040,0,1782361153.5926576,0.0020055770874023438
214917,normal,1015,2,1782361153.5946817,0.0020241737365722656
214918,normal,3066,1,1782361153.5966532,0.0019714832305908203
214919,normal,1270,0,1782361153.5988905,0.0022373199462890625
214920,normal,2478,0,1782361153.6006224,0.00173187255859375
214921,normal,2158,0,1782361153.602637,0.002014636993408203
214922,normal,304,0,1782361153.6046379,0.0020008087158203125
214923,normal,2206,0,1782361153.6066928,0.002054929733276367
214924,normal,2178,0,1782361153.6086843,0.0019915103912353516
214925,normal,1325,1,1782361153.6107016,0.0020172595977783203
214926,normal,1389,0,1782361153.6125998,0.0018982887268066406
214927,normal,2747,0,1782361153.6147497,0.002149820327758789
214928,normal,2474,0,1782361153.6167078,0.001958131790161133
214929,normal,3072,1,1782361153.6185064,0.0017986297607421875
214930,normal,3662,0,1782361153.6205852,0.0020787715911865234
214931,normal,3005,0,1782361153.6231585,0.002573251724243164
214932,normal,1394,0,1782361153.625007,0.001848459243774414
214933,normal,906,2,1782361153.6265213,0.001514434814453125
214934,normal,210,0,1782361153.6284783,0.001956939697265625
214935,normal,471,0,1782361153.6305633,0.002084970474243164
214936,normal,3500,0,1782361153.6325488,0.0019855499267578125
214937,normal,3122,1,1782361153.6345825,0.002033710479736328
214938,normal,688,0,1782361153.6367583,0.0021758079528808594
214939,normal,720,0,1782361153.6386368,0.001878499984741211
214940,normal,3154,1,1782361153.6408563,0.0022194385528564453
214941,normal,949,2,1782361153.642586,0.001729726791381836
214942,normal,3185,1,1782361153.645024,0.002438068389892578
214943,normal,813,2,1782361153.646846,0.0018219947814941406
214944,normal,2003,0,1782361153.6487925,0.0019464492797851562
214945,normal,2968,0,1782361153.6506577,0.0018651485443115234
214946,normal,3638,0,1782361153.6525638,0.0019061565399169922
214947,normal,1901,0,1782361153.6546154,0.0020515918731689453
214948,normal,1739,0,1782361153.6567607,0.0021452903747558594
214949,normal,1291,0,1782361153.6587355,0.001974821090698242
214950,normal,74,0,1782361153.660653,0.0019176006317138672
214951,normal,3538,0,1782361153.6632993,0.002646207809448242
214952,normal,2646,0,1782361153.6645563,0.0012569427490234375
214953,normal,1119,0,1782361153.6666539,0.002097606658935547
214954,normal,1358,1,1782361153.668696,0.002042055130004883
214955,normal,2151,0,1782361153.6707008,0.002004861831665039
214956,normal,1424,0,1782361153.6726062,0.0019054412841796875
214957,normal,2962,0,1782361153.6747074,0.0021011829376220703
214958,normal,1120,0,1782361153.6766937,0.001986265182495117
214959,normal,3516,0,1782361153.678763,0.002069234848022461
214960,normal,1526,0,1782361153.6805594,0.0017964839935302734
214961,normal,2256,0,1782361153.6825936,0.0020341873168945312
214962,normal,2812,0,1782361153.684565,0.0019714832305908203
214963,normal,2255,0,1782361153.6865551,0.001990079879760742
214964,normal,1878,0,1782361153.6888661,0.0023109912872314453
214965,normal,3603,0,1782361153.6906404,0.0017743110656738281
214966,normal,1895,0,1782361153.692618,0.0019774436950683594
214967,normal,1792,0,1782361153.6947455,0.0021276473999023438
214968,normal,1491,0,1782361153.696618,0.0018725395202636719
214969,normal,3667,0,1782361153.6986122,0.0019941329956054688
214970,normal,2868,0,1782361153.700601,0.0019888877868652344
214971,normal,2822,0,1782361153.7025862,0.0019850730895996094
214972,normal,2525,0,1782361153.7045505,0.0019643306732177734
214973,normal,3124,1,1782361153.706547,0.0019965171813964844
214974,normal,1477,0,1782361153.7086034,0.0020563602447509766
214975,normal,140,0,1782361153.7105474,0.0019440650939941406
214976,normal,2209,0,1782361153.7127194,0.0021719932556152344
214977,normal,3211,1,1782361153.7146847,0.0019652843475341797
214978,normal,2434,0,1782361153.716642,0.0019571781158447266
214979,normal,1365,1,1782361153.7186193,0.0019774436950683594
214980,normal,1607,0,1782361153.7207894,0.002170085906982422
214981,normal,3377,1,1782361153.7226844,0.0018949508666992188
214982,normal,2150,0,1782361153.7246952,0.002010822296142578
214983,normal,1437,0,1782361153.726682,0.0019867420196533203
214984,normal,3304,1,1782361153.7289221,0.0022401809692382812
214985,normal,2363,0,1782361153.7308016,0.0018794536590576172
214986,normal,523,0,1782361153.7326562,0.0018546581268310547
214987,normal,739,0,1782361153.7345636,0.0019073486328125
214988,normal,2073,0,1782361153.736849,0.002285480499267578
214989,normal,1065,0,1782361153.7385497,0.0017006397247314453
214990,normal,41,0,1782361153.740604,0.0020542144775390625
214991,normal,3306,1,1782361153.742935,0.0023310184478759766
214992,normal,1505,0,1782361153.7445555,0.0016205310821533203
214993,normal,2625,0,1782361153.7465415,0.0019860267639160156
214994,normal,2630,0,1782361153.7485504,0.0020089149475097656
214995,normal,1805,0,1782361153.7505448,0.0019943714141845703
214996,normal,1041,0,1782361153.7525196,0.001974821090698242
214997,normal,1858,0,1782361153.7552593,0.0027396678924560547
214998,normal,1397,0,1782361153.756795,0.001535654067993164
214999,normal,3137,1,1782361153.7586012,0.0018062591552734375
215000,normal,1105,0,1782361153.760614,0.0020127296447753906
215001,normal,2397,0,1782361153.7632196,0.0026056766510009766
215002,normal,2562,0,1782361153.7645369,0.0013172626495361328
215003,normal,2515,0,1782361153.7666135,0.0020766258239746094
215004,normal,350,0,1782361153.7685127,0.0018992424011230469
215005,normal,3459,0,1782361153.7707846,0.002271890640258789
215006,normal,3512,0,1782361153.772508,0.0017232894897460938
215007,normal,3362,1,1782361153.7745287,0.0020208358764648438
215008,normal,2020,0,1782361153.776509,0.001980304718017578
215009,normal,1261,0,1782361153.7785485,0.0020394325256347656
215010,normal,3382,1,1782361153.7805457,0.001997232437133789
215011,normal,939,2,1782361153.782527,0.0019812583923339844
215012,normal,459,0,1782361153.784518,0.0019910335540771484
215013,normal,2671,0,1782361153.786602,0.002084016799926758
215014,normal,2701,0,1782361153.7885425,0.0019404888153076172
215015,normal,3505,0,1782361153.790565,0.0020225048065185547
215016,normal,3618,0,1782361153.792715,0.0021500587463378906
215017,normal,3661,0,1782361153.7952282,0.0025131702423095703
215018,normal,1347,1,1782361153.7969651,0.0017368793487548828
215019,normal,1749,0,1782361153.7985375,0.0015723705291748047
215020,normal,377,0,1782361153.8006215,0.002084016799926758
215021,normal,137,0,1782361153.8025942,0.001972675323486328
215022,normal,2545,0,1782361153.8047287,0.002134561538696289
215023,normal,1123,0,1782361153.8067055,0.0019767284393310547
215024,normal,2695,0,1782361153.8087542,0.0020487308502197266
215025,normal,2878,0,1782361153.8107347,0.0019805431365966797
215026,normal,2487,0,1782361153.8125603,0.001825571060180664
215027,normal,198,0,1782361153.8148353,0.0022749900817871094
215028,normal,733,0,1782361153.8169105,0.0020751953125
215029,normal,2707,0,1782361153.8186345,0.0017240047454833984
215030,normal,998,2,1782361153.8205838,0.001949310302734375
215031,normal,618,0,1782361153.8225641,0.001980304718017578
215032,normal,2674,0,1782361153.8245595,0.0019953250885009766
215033,normal,2571,0,1782361153.8271554,0.0025959014892578125
215034,normal,3466,0,1782361153.8284903,0.0013349056243896484
215035,normal,1829,0,1782361153.8306189,0.00212860107421875
215036,normal,3319,1,1782361153.8325746,0.001955747604370117
215037,normal,1958,0,1782361153.8346064,0.0020318031311035156
215038,normal,3352,1,1782361153.8365154,0.001909017562866211
215039,normal,3003,0,1782361153.838544,0.0020284652709960938
215040,normal,2418,0,1782361153.8405547,0.002010822296142578
215041,normal,3191,1,1782361153.8425875,0.002032756805419922
215042,normal,364,0,1782361153.844574,0.0019865036010742188
215043,normal,1088,0,1782361153.8465111,0.0019371509552001953
215044,normal,202,0,1782361153.8485467,0.0020356178283691406
215045,normal,12,0,1782361153.850521,0.001974344253540039
215046,normal,407,0,1782361153.852543,0.0020220279693603516
215047,normal,1010,2,1782361153.8545458,0.002002716064453125
215048,normal,1433,0,1782361153.856537,0.00199127197265625
215049,normal,1810,0,1782361153.858441,0.0019040107727050781
215050,normal,2108,0,1782361153.8604848,0.0020437240600585938
215051,normal,2767,0,1782361153.862509,0.0020241737365722656
215052,normal,1906,0,1782361153.8645039,0.0019948482513427734
215053,normal,1563,0,1782361153.8666065,0.0021026134490966797
215054,normal,570,0,1782361153.8686209,0.0020143985748291016
215055,normal,2667,0,1782361153.8705459,0.0019249916076660156
215056,normal,1496,0,1782361153.8728163,0.0022704601287841797
215057,normal,1054,0,1782361153.8746061,0.0017898082733154297
215058,normal,2467,0,1782361153.8766444,0.002038240432739258
215059,normal,2454,0,1782361153.8785255,0.0018811225891113281
215060,normal,1659,0,1782361153.8806918,0.002166271209716797
215061,normal,2439,0,1782361153.8826323,0.0019404888153076172
215062,normal,70,0,1782361153.8846757,0.002043485641479492
215063,normal,1771,0,1782361153.886617,0.0019412040710449219
215064,normal,1048,0,1782361153.8885846,0.0019676685333251953
215065,normal,2398,0,1782361153.8907032,0.0021185874938964844
215066,normal,531,0,1782361153.89251,0.0018067359924316406
215067,normal,2358,0,1782361153.8946514,0.0021414756774902344
215068,normal,3678,0,1782361153.8966317,0.001980304718017578
215069,normal,3392,1,1782361153.8987129,0.002081155776977539
215070,normal,177,0,1782361153.9004931,0.0017802715301513672
215071,normal,19,0,1782361153.9025862,0.002093076705932617
215072,normal,3110,1,1782361153.9045875,0.0020012855529785156
215073,normal,3651,0,1782361153.906588,0.002000570297241211
215074,normal,1300,0,1782361153.9087124,0.002124309539794922
215075,normal,3593,0,1782361153.9107072,0.0019948482513427734
215076,normal,3253,1,1782361153.9127367,0.0020294189453125
215077,normal,3214,1,1782361153.9148805,0.00214385986328125
215078,normal,1223,0,1782361153.916916,0.002035379409790039
215079,normal,1598,0,1782361153.9187224,0.001806497573852539
215080,normal,2629,0,1782361153.920746,0.0020236968994140625
215081,normal,2832,0,1782361153.92281,0.0020639896392822266
215082,normal,1446,0,1782361153.924816,0.0020058155059814453
215083,normal,144,0,1782361153.9266226,0.0018067359924316406
215084,normal,2733,0,1782361153.9285104,0.0018877983093261719
215085,normal,432,0,1782361153.9305966,0.002086162567138672
215086,normal,969,2,1782361153.9325547,0.001958131790161133
215087,normal,2008,0,1782361153.934791,0.0022363662719726562
215088,normal,1780,0,1782361153.9365432,0.0017521381378173828
215089,normal,2661,0,1782361153.9384992,0.0019559860229492188
215090,normal,1846,0,1782361153.940751,0.002251863479614258
215091,normal,1907,0,1782361153.9437733,0.0030221939086914062
215092,normal,2551,0,1782361153.9447362,0.0009629726409912109
215093,normal,3573,0,1782361153.946937,0.0022008419036865234
215094,normal,423,0,1782361153.9493787,0.0024416446685791016
215095,normal,1968,0,1782361153.9509635,0.001584768295288086
215096,normal,1090,0,1782361153.9529984,0.002034902572631836
215097,normal,343,0,1782361153.9559295,0.0029311180114746094
215098,normal,3646,0,1782361153.9568045,0.0008749961853027344
215099,normal,3025,0,1782361153.9590726,0.002268075942993164
215100,normal,1133,0,1782361153.9607515,0.0016789436340332031
215101,normal,1287,0,1782361153.9629269,0.0021753311157226562
215102,normal,1930,0,1782361153.9649572,0.0020303726196289062
215103,normal,296,0,1782361153.9668143,0.0018570423126220703
215104,normal,246,0,1782361153.9688156,0.0020012855529785156
215105,normal,902,2,1782361153.971019,0.0022034645080566406
215106,normal,3129,1,1782361153.9728885,0.0018694400787353516
215107,normal,3331,1,1782361153.9751513,0.0022628307342529297
215108,normal,1242,0,1782361153.9767137,0.001562356948852539
215109,normal,2849,0,1782361153.978633,0.0019192695617675781
215110,normal,2161,0,1782361153.9809675,0.0023345947265625
215111,normal,49,0,1782361153.9827979,0.0018303394317626953
215112,normal,3160,1,1782361153.9847984,0.002000570297241211
215113,normal,170,0,1782361153.9867947,0.001996278762817383
215114,normal,2768,0,1782361153.9888425,0.0020477771759033203
215115,normal,2477,0,1782361153.9908097,0.001967191696166992
215116,normal,101,0,1782361153.9929354,0.0021257400512695312
215117,normal,545,0,1782361153.9948378,0.0019023418426513672
215118,normal,610,0,1782361153.996917,0.0020792484283447266
215119,normal,2952,0,1782361153.9989104,0.001993417739868164
215120,normal,3370,1,1782361154.0013306,0.002420186996459961
215121,normal,3250,1,1782361154.0029516,0.0016210079193115234
215122,normal,313,0,1782361154.0050912,0.002139568328857422
215123,normal,1646,0,1782361154.007561,0.002469778060913086
215124,normal,1201,0,1782361154.009242,0.0016810894012451172
215125,normal,374,0,1782361154.0107367,0.0014946460723876953
215126,normal,590,0,1782361154.012751,0.0020143985748291016
215127,normal,629,0,1782361154.0147965,0.0020453929901123047
215128,normal,2869,0,1782361154.0172186,0.0024220943450927734
215129,normal,669,0,1782361154.0187495,0.0015308856964111328
215130,normal,157,0,1782361154.020858,0.0021085739135742188
215131,normal,46,0,1782361154.0229402,0.0020821094512939453
215132,normal,1150,0,1782361154.0247777,0.0018374919891357422
215133,normal,905,2,1782361154.026788,0.002010345458984375
215134,normal,2821,0,1782361154.0287797,0.001991748809814453
215135,normal,2059,0,1782361154.0308034,0.0020236968994140625
215136,normal,1203,0,1782361154.0326955,0.00189208984375
215137,normal,191,0,1782361154.0346615,0.0019659996032714844
215138,normal,2845,0,1782361154.036863,0.002201557159423828
215139,normal,2813,0,1782361154.0386086,0.001745462417602539
215140,normal,311,0,1782361154.040522,0.0019135475158691406
215141,normal,522,0,1782361154.0427086,0.0021865367889404297
215142,normal,1178,0,1782361154.0448384,0.002129793167114258
215143,normal,430,0,1782361154.0468533,0.0020148754119873047
215144,normal,130,0,1782361154.048874,0.002020597457885742
215145,normal,799,2,1782361154.050657,0.001783132553100586
215146,normal,1826,0,1782361154.05264,0.0019829273223876953
215147,normal,1279,0,1782361154.0545664,0.001926422119140625
215148,normal,3534,0,1782361154.0565455,0.0019791126251220703
215149,normal,3654,0,1782361154.058654,0.0021085739135742188
215150,normal,1274,0,1782361154.0606024,0.0019483566284179688
215151,normal,2257,0,1782361154.0626423,0.0020399093627929688
215152,normal,1400,0,1782361154.064713,0.0020706653594970703
215153,normal,861,2,1782361154.0666234,0.0019104480743408203
215154,normal,1569,0,1782361154.0685353,0.0019118785858154297
215155,normal,196,0,1782361154.0705402,0.002004861831665039
215156,normal,10,0,1782361154.0725276,0.001987457275390625
215157,normal,1160,0,1782361154.074655,0.002127408981323242
215158,normal,800,2,1782361154.0765593,0.0019042491912841797
215159,normal,2883,0,1782361154.078705,0.0021457672119140625
215160,normal,1058,0,1782361154.0806198,0.0019147396087646484
215161,normal,2947,0,1782361154.0826037,0.0019838809967041016
215162,normal,2803,0,1782361154.0845091,0.0019054412841796875
215163,normal,2215,0,1782361154.0864942,0.0019850730895996094
215164,normal,2275,0,1782361154.0885093,0.0020151138305664062
215165,normal,3334,1,1782361154.0907643,0.002254962921142578
215166,normal,1064,0,1782361154.0927675,0.002003192901611328
215167,normal,1703,0,1782361154.0944324,0.001664876937866211
215168,normal,605,0,1782361154.0966187,0.002186298370361328
215169,normal,3391,1,1782361154.0985763,0.0019576549530029297
215170,normal,2009,0,1782361154.1006086,0.0020322799682617188
215171,normal,533,0,1782361154.1024816,0.001873016357421875
215172,normal,2823,0,1782361154.1044755,0.001993894577026367
215173,normal,3642,0,1782361154.1065123,0.0020368099212646484
215174,normal,1996,0,1782361154.1087186,0.0022063255310058594
215175,normal,3273,1,1782361154.1106286,0.0019099712371826172
215176,normal,3468,0,1782361154.1126232,0.001994609832763672
215177,normal,1161,0,1782361154.114819,0.0021958351135253906
215178,normal,472,0,1782361154.1165912,0.001772165298461914
215179,normal,3101,1,1782361154.1187165,0.002125263214111328
215180,normal,1610,0,1782361154.1204927,0.0017762184143066406
215181,normal,1035,0,1782361154.122637,0.002144336700439453
215182,normal,2858,0,1782361154.124484,0.0018470287322998047
215183,normal,992,2,1782361154.1267164,0.0022323131561279297
215184,normal,1294,0,1782361154.128485,0.0017685890197753906
215185,normal,2576,0,1782361154.1304917,0.0020067691802978516
215186,normal,1892,0,1782361154.1326103,0.0021185874938964844
215187,normal,2001,0,1782361154.13449,0.0018796920776367188
215188,normal,2582,0,1782361154.137102,0.002611875534057617
215189,normal,897,2,1782361154.138813,0.001711130142211914
215190,normal,1093,0,1782361154.1405966,0.001783609390258789
215191,normal,2195,0,1782361154.142505,0.0019083023071289062
215192,normal,1681,0,1782361154.1446264,0.002121448516845703
215193,normal,1019,2,1782361154.1465085,0.0018820762634277344
215194,normal,2072,0,1782361154.1489732,0.002464771270751953
215195,normal,1621,0,1782361154.1505182,0.001544952392578125
215196,normal,2107,0,1782361154.1526146,0.002096414566040039
215197,normal,3049,1,1782361154.15449,0.0018754005432128906
215198,normal,384,0,1782361154.156544,0.002053976058959961
215199,normal,339,0,1782361154.1584897,0.0019457340240478516
215200,normal,2054,0,1782361154.1607795,0.0022897720336914062
215201,normal,2388,0,1782361154.1626353,0.0018558502197265625
215202,normal,2381,0,1782361154.164703,0.00206756591796875
215203,normal,1333,1,1782361154.1666126,0.0019097328186035156
215204,normal,2410,0,1782361154.1686168,0.0020041465759277344
215205,normal,2517,0,1782361154.1705222,0.0019054412841796875
215206,normal,1452,0,1782361154.172701,0.002178668975830078
215207,normal,1117,0,1782361154.174597,0.0018961429595947266
215208,normal,1362,1,1782361154.1764936,0.0018966197967529297
215209,normal,713,0,1782361154.1784916,0.0019979476928710938
215210,normal,2896,0,1782361154.1806571,0.002165555953979492
215211,normal,478,0,1782361154.182434,0.0017769336700439453
215212,normal,3006,0,1782361154.1847656,0.0023314952850341797
215213,normal,3565,0,1782361154.18651,0.0017445087432861328
215214,normal,3070,1,1782361154.1886165,0.0021064281463623047
215215,normal,976,2,1782361154.1906579,0.002041339874267578
215216,normal,1790,0,1782361154.1925335,0.0018756389617919922
215217,normal,1811,0,1782361154.1945431,0.0020096302032470703
215218,normal,3471,0,1782361154.1966474,0.0021042823791503906
215219,normal,2520,0,1782361154.1985292,0.0018818378448486328
215220,normal,3433,0,1782361154.2006788,0.0021495819091796875
215221,normal,2099,0,1782361154.2025135,0.0018346309661865234
215222,normal,2782,0,1782361154.204535,0.0020215511322021484
215223,normal,921,2,1782361154.2065444,0.0020093917846679688
215224,normal,3354,1,1782361154.2084727,0.0019283294677734375
215225,normal,2090,0,1782361154.210532,0.0020592212677001953
215226,normal,690,0,1782361154.2125468,0.0020148754119873047
215227,normal,3497,0,1782361154.2145286,0.0019817352294921875
215228,normal,1404,0,1782361154.216717,0.002188444137573242
215229,normal,1354,1,1782361154.218548,0.0018310546875
215230,normal,790,2,1782361154.2205427,0.001994609832763672
215231,normal,2186,0,1782361154.2225304,0.0019876956939697266
215232,normal,2456,0,1782361154.2245193,0.0019888877868652344
215233,normal,474,0,1782361154.2265189,0.0019996166229248047
215234,normal,874,2,1782361154.2287273,0.0022084712982177734
215235,normal,1177,0,1782361154.230537,0.0018095970153808594
215236,normal,1435,0,1782361154.232539,0.0020020008087158203
215237,normal,1704,0,1782361154.234611,0.0020720958709716797
215238,normal,397,0,1782361154.2364898,0.0018787384033203125
215239,normal,2023,0,1782361154.2384834,0.0019936561584472656
215240,normal,2365,0,1782361154.2405233,0.0020399093627929688
215241,normal,1200,0,1782361154.2425938,0.0020704269409179688
215242,normal,1494,0,1782361154.2444863,0.0018925666809082031
215243,normal,2542,0,1782361154.2466261,0.0021398067474365234
215244,normal,884,2,1782361154.2485034,0.0018773078918457031
215245,normal,3156,1,1782361154.2504902,0.0019867420196533203
215246,normal,1003,2,1782361154.2525353,0.002045154571533203
215247,normal,554,0,1782361154.2544553,0.0019199848175048828
215248,normal,1599,0,1782361154.2564356,0.001980304718017578
215249,normal,3706,0,1782361154.2585428,0.0021071434020996094
215250,normal,2949,0,1782361154.2604427,0.0018999576568603516
215251,normal,3394,1,1782361154.2624955,0.002052783966064453
215252,normal,3162,1,1782361154.2645254,0.002029895782470703
215253,normal,719,0,1782361154.2665257,0.0020003318786621094
215254,normal,3521,0,1782361154.2685099,0.001984119415283203
215255,normal,2335,0,1782361154.270536,0.002026081085205078
215256,normal,314,0,1782361154.2727797,0.0022437572479248047
215257,normal,2722,0,1782361154.2745085,0.0017287731170654297
215258,normal,3232,1,1782361154.2765799,0.002071380615234375
215259,normal,1775,0,1782361154.278579,0.0019991397857666016
215260,normal,1499,0,1782361154.2805068,0.0019278526306152344
215261,normal,207,0,1782361154.2824442,0.0019373893737792969
215262,normal,2799,0,1782361154.2845128,0.0020685195922851562
215263,normal,3200,1,1782361154.28643,0.001917123794555664
215264,normal,208,0,1782361154.2886076,0.002177715301513672
215265,normal,1462,0,1782361154.2904308,0.0018231868743896484
215266,normal,3673,0,1782361154.292455,0.0020241737365722656
215267,normal,3265,1,1782361154.2945042,0.0020492076873779297
215268,normal,926,2,1782361154.2964306,0.001926422119140625
215269,normal,930,2,1782361154.2984464,0.002015829086303711
215270,normal,630,0,1782361154.3010273,0.002580881118774414
215271,normal,1686,0,1782361154.3025377,0.0015103816986083984
215272,normal,2052,0,1782361154.3044436,0.0019059181213378906
215273,normal,912,2,1782361154.306506,0.0020623207092285156
215274,normal,3626,0,1782361154.3084702,0.0019643306732177734
215275,normal,3075,1,1782361154.3104548,0.0019845962524414062
215276,normal,2593,0,1782361154.3127205,0.0022656917572021484
215277,normal,756,0,1782361154.3144846,0.001764059066772461
215278,normal,490,0,1782361154.316975,0.002490520477294922
215279,normal,1390,0,1782361154.318548,0.0015728473663330078
215280,normal,1281,0,1782361154.320477,0.0019290447235107422
215281,normal,2036,0,1782361154.3224773,0.0020003318786621094
215282,normal,3343,1,1782361154.3245363,0.0020589828491210938
215283,normal,180,0,1782361154.326498,0.0019617080688476562
215284,normal,1744,0,1782361154.328484,0.0019860267639160156
215285,normal,1402,0,1782361154.330528,0.0020439624786376953
215286,normal,300,0,1782361154.3324714,0.001943349838256836
215287,normal,3143,1,1782361154.3347368,0.002265453338623047
215288,normal,3584,0,1782361154.3371334,0.0023965835571289062
215289,normal,1880,0,1782361154.338518,0.0013844966888427734
215290,normal,3476,0,1782361154.3404372,0.0019192695617675781
215291,normal,204,0,1782361154.3425617,0.0021245479583740234
215292,normal,772,2,1782361154.3444831,0.0019214153289794922
215293,normal,2567,0,1782361154.3464935,0.002010345458984375
215294,normal,1144,0,1782361154.3487556,0.002262115478515625
215295,normal,2125,0,1782361154.3506114,0.0018558502197265625
215296,normal,3008,0,1782361154.3526125,0.002001047134399414
215297,normal,1816,0,1782361154.3545384,0.0019259452819824219
215298,normal,3305,1,1782361154.3564448,0.0019063949584960938
215299,normal,383,0,1782361154.3585815,0.002136707305908203
215300,normal,3425,0,1782361154.3606002,0.0020186901092529297
215301,normal,1108,0,1782361154.362688,0.002087831497192383
215302,normal,1519,0,1782361154.3645487,0.0018606185913085938
215303,normal,559,0,1782361154.3665392,0.0019905567169189453
215304,normal,3402,0,1782361154.3685422,0.0020029544830322266
215305,normal,138,0,1782361154.3705325,0.0019903182983398438
215306,normal,1605,0,1782361154.37278,0.0022475719451904297
215307,normal,511,0,1782361154.3745606,0.0017805099487304688
215308,normal,139,0,1782361154.3764532,0.0018925666809082031
215309,normal,405,0,1782361154.378548,0.002094745635986328
215310,normal,1000,2,1782361154.3804865,0.0019385814666748047
215311,normal,1737,0,1782361154.3824701,0.001983642578125
215312,normal,611,0,1782361154.3845413,0.0020711421966552734
215313,normal,151,0,1782361154.3864796,0.0019383430480957031
215314,normal,2329,0,1782361154.3886027,0.002123117446899414
215315,normal,3312,1,1782361154.3904724,0.0018696784973144531
215316,normal,2214,0,1782361154.3925984,0.002125978469848633
215317,normal,2763,0,1782361154.394451,0.0018525123596191406
215318,normal,3298,1,1782361154.3965304,0.002079486846923828
215319,normal,3375,1,1782361154.3985856,0.0020551681518554688
215320,normal,203,0,1782361154.400692,0.0021064281463623047
215321,normal,2443,0,1782361154.4025657,0.0018737316131591797
215322,normal,2086,0,1782361154.4045482,0.001982450485229492
215323,normal,575,0,1782361154.406467,0.001918792724609375
215324,normal,1061,0,1782361154.4086182,0.0021512508392333984
215325,normal,1456,0,1782361154.4105318,0.0019135475158691406
215326,normal,488,0,1782361154.412433,0.0019011497497558594
215327,normal,563,0,1782361154.4145231,0.0020902156829833984
215328,normal,840,2,1782361154.4164362,0.0019130706787109375
215329,normal,1508,0,1782361154.418429,0.0019927024841308594
215330,normal,1943,0,1782361154.420631,0.0022020339965820312
215331,normal,1992,0,1782361154.4225037,0.0018727779388427734
215332,normal,1265,0,1782361154.4244838,0.0019800662994384766
215333,normal,1556,0,1782361154.4265783,0.0020945072174072266
215334,normal,1629,0,1782361154.4285347,0.001956462860107422
215335,normal,2839,0,1782361154.4305556,0.0020208358764648438
215336,normal,3176,1,1782361154.4325132,0.0019576549530029297
215337,normal,1251,0,1782361154.4345636,0.0020503997802734375
215338,normal,2607,0,1782361154.4365783,0.002014636993408203
215339,normal,888,2,1782361154.4384966,0.0019183158874511719
215340,normal,2587,0,1782361154.4405088,0.0020122528076171875
215341,normal,3286,1,1782361154.4424624,0.001953601837158203
215342,normal,2755,0,1782361154.4445078,0.0020453929901123047
215343,normal,2623,0,1782361154.4465575,0.002049684524536133
215344,normal,2526,0,1782361154.4484503,0.0018928050994873047
215345,normal,2673,0,1782361154.4505064,0.002056121826171875
215346,normal,581,0,1782361154.4524314,0.0019249916076660156
215347,normal,1535,0,1782361154.454437,0.0020055770874023438
215348,normal,2240,0,1782361154.4566524,0.0022153854370117188
215349,normal,943,2,1782361154.4590433,0.0023908615112304688
215350,normal,913,2,1782361154.4605274,0.0014841556549072266
215351,normal,1762,0,1782361154.4625168,0.0019893646240234375
215352,normal,2898,0,1782361154.4644513,0.0019345283508300781
215353,normal,2026,0,1782361154.4664574,0.002006053924560547
215354,normal,2922,0,1782361154.4685578,0.0021004676818847656
215355,normal,1372,1,1782361154.470616,0.002058267593383789
215356,normal,1210,0,1782361154.4724731,0.0018570423126220703
215357,normal,2937,0,1782361154.4745142,0.0020411014556884766
215358,normal,258,0,1782361154.4764621,0.0019478797912597656
215359,normal,2683,0,1782361154.4784558,0.0019936561584472656
215360,normal,2044,0,1782361154.4805346,0.0020787715911865234
215361,normal,515,0,1782361154.4832325,0.0026979446411132812
215362,normal,66,0,1782361154.4844785,0.0012459754943847656
215363,normal,287,0,1782361154.486523,0.0020444393157958984
215364,normal,2873,0,1782361154.4884882,0.0019652843475341797
215365,normal,995,2,1782361154.49052,0.0020318031311035156
215366,normal,2182,0,1782361154.492874,0.0023539066314697266
215367,normal,2376,0,1782361154.4951835,0.002309560775756836
215368,normal,573,0,1782361154.4966147,0.0014312267303466797
215369,normal,2931,0,1782361154.4986522,0.002037525177001953
215370,normal,1132,0,1782361154.5005665,0.0019142627716064453
215371,normal,742,0,1782361154.5026116,0.002045154571533203
215372,normal,2436,0,1782361154.5045857,0.0019741058349609375
215373,normal,968,2,1782361154.506635,0.0020492076873779297
215374,normal,2414,0,1782361154.5087206,0.0020856857299804688
215375,normal,1057,0,1782361154.510527,0.0018062591552734375
215376,normal,910,2,1782361154.5128603,0.002333402633666992
215377,normal,3336,1,1782361154.514703,0.0018427371978759766
215378,normal,1273,0,1782361154.5166137,0.0019106864929199219
215379,normal,1092,0,1782361154.518537,0.0019233226776123047
215380,normal,860,2,1782361154.5204787,0.001941680908203125
215381,normal,835,2,1782361154.5224936,0.0020148754119873047
215382,normal,2649,0,1782361154.5247574,0.002263784408569336
215383,normal,3709,0,1782361154.5264764,0.0017189979553222656
215384,normal,1848,0,1782361154.5286598,0.0021834373474121094
215385,normal,3533,0,1782361154.5306401,0.001980304718017578
215386,normal,145,0,1782361154.532492,0.001851797103881836
215387,normal,1053,0,1782361154.5345879,0.002095937728881836
215388,normal,2339,0,1782361154.5367646,0.0021767616271972656
215389,normal,2351,0,1782361154.53853,0.0017654895782470703
215390,normal,2315,0,1782361154.5407376,0.002207517623901367
215391,normal,1195,0,1782361154.5427015,0.0019638538360595703
215392,normal,349,0,1782361154.5445642,0.0018627643585205078
215393,normal,2319,0,1782361154.5467331,0.002168893814086914
215394,normal,3186,1,1782361154.5486832,0.0019500255584716797
215395,normal,2600,0,1782361154.5505414,0.0018582344055175781
215396,normal,2512,0,1782361154.5524783,0.0019369125366210938
215397,normal,2529,0,1782361154.5545382,0.0020599365234375
215398,normal,2863,0,1782361154.5565193,0.001981019973754883
215399,normal,1640,0,1782361154.5587206,0.0022013187408447266
215400,normal,275,0,1782361154.5606937,0.0019731521606445312
215401,normal,3404,0,1782361154.5625103,0.0018165111541748047
215402,normal,235,0,1782361154.5645318,0.0020215511322021484
215403,normal,2724,0,1782361154.566614,0.0020821094512939453
215404,normal,2025,0,1782361154.5685012,0.0018873214721679688
215405,normal,1219,0,1782361154.5704985,0.001997232437133789
215406,normal,3501,0,1782361154.5727115,0.002213001251220703
215407,normal,25,0,1782361154.574516,0.0018045902252197266
215408,normal,141,0,1782361154.5767004,0.0021843910217285156
215409,normal,433,0,1782361154.5786147,0.0019142627716064453
215410,normal,1869,0,1782361154.580823,0.002208232879638672
215411,normal,454,0,1782361154.5825644,0.0017414093017578125
215412,normal,3426,0,1782361154.5847569,0.0021924972534179688
215413,normal,1184,0,1782361154.586588,0.0018310546875
215414,normal,1817,0,1782361154.5886478,0.0020599365234375
215415,normal,760,0,1782361154.5905237,0.0018758773803710938
215416,normal,1087,0,1782361154.592616,0.0020923614501953125
215417,normal,1796,0,1782361154.5944808,0.0018646717071533203
215418,normal,367,0,1782361154.596583,0.0021021366119384766
215419,normal,2305,0,1782361154.598597,0.00201416015625
215420,normal,227,0,1782361154.6006415,0.0020444393157958984
215421,normal,365,0,1782361154.6024938,0.001852273941040039
215422,normal,2726,0,1782361154.6047704,0.0022766590118408203
215423,normal,1927,0,1782361154.6066277,0.0018572807312011719
215424,normal,3590,0,1782361154.608864,0.0022363662719726562
215425,normal,3399,1,1782361154.6105971,0.0017330646514892578
215426,normal,1329,1,1782361154.612777,0.002179861068725586
215427,normal,3625,0,1782361154.6149075,0.0021305084228515625
215428,normal,3614,0,1782361154.6165202,0.0016126632690429688
215429,normal,1277,0,1782361154.6186237,0.002103567123413086
215430,normal,1619,0,1782361154.620529,0.001905202865600586
215431,normal,1072,0,1782361154.6226103,0.0020813941955566406
215432,normal,2679,0,1782361154.6248257,0.0022153854370117188
215433,normal,236,0,1782361154.6264946,0.0016689300537109375
215434,normal,352,0,1782361154.6286147,0.0021200180053710938
215435,normal,2321,0,1782361154.630627,0.0020122528076171875
215436,normal,1922,0,1782361154.6325195,0.0018925666809082031
215437,normal,1081,0,1782361154.6347227,0.002203226089477539
215438,normal,1981,0,1782361154.6368341,0.0021114349365234375
215439,normal,421,0,1782361154.6385934,0.0017592906951904297
215440,normal,1835,0,1782361154.6406276,0.0020341873168945312
215441,normal,1215,0,1782361154.6426156,0.001987934112548828
215442,normal,1463,0,1782361154.6445446,0.0019290447235107422
215443,normal,2569,0,1782361154.64664,0.002095460891723633
215444,normal,991,2,1782361154.6488466,0.002206563949584961
215445,normal,2463,0,1782361154.6505299,0.0016832351684570312
215446,normal,3252,1,1782361154.6526322,0.002102375030517578
215447,normal,1086,0,1782361154.6546955,0.002063274383544922
215448,normal,3207,1,1782361154.6566072,0.0019116401672363281
215449,normal,3484,0,1782361154.658643,0.002035856246948242
215450,normal,2669,0,1782361154.6606514,0.0020084381103515625
215451,normal,1107,0,1782361154.662658,0.00200653076171875
215452,normal,283,0,1782361154.664533,0.0018749237060546875
215453,normal,1194,0,1782361154.6666443,0.0021114349365234375
215454,normal,230,0,1782361154.6688957,0.0022513866424560547
215455,normal,1014,2,1782361154.6715226,0.0026268959045410156
215456,normal,3503,0,1782361154.6725252,0.0010025501251220703
215457,normal,3213,1,1782361154.6746528,0.0021276473999023438
215458,normal,493,0,1782361154.6764936,0.001840829849243164
215459,normal,1360,1,1782361154.678648,0.0021543502807617188
215460,normal,3465,0,1782361154.6807053,0.002057313919067383
215461,normal,2589,0,1782361154.682636,0.0019307136535644531
215462,normal,1076,0,1782361154.6847181,0.0020821094512939453
215463,normal,2163,0,1782361154.6868582,0.002140045166015625
215464,normal,3526,0,1782361154.6885371,0.0016789436340332031
215465,normal,924,2,1782361154.6909218,0.002384662628173828
215466,normal,2287,0,1782361154.6931775,0.002255678176879883
215467,normal,2063,0,1782361154.6946223,0.0014448165893554688
215468,normal,588,0,1782361154.696889,0.0022666454315185547
215469,normal,1327,1,1782361154.6988544,0.0019655227661132812
215470,normal,525,0,1782361154.700547,0.0016925334930419922
215471,normal,3511,0,1782361154.702702,0.0021550655364990234
215472,normal,266,0,1782361154.704613,0.0019109249114990234
215473,normal,2094,0,1782361154.706592,0.0019791126251220703
215474,normal,2421,0,1782361154.708779,0.002187013626098633
215475,normal,1690,0,1782361154.7107282,0.0019490718841552734
215476,normal,3624,0,1782361154.7125435,0.0018153190612792969
215477,normal,3653,0,1782361154.7147894,0.0022459030151367188
215478,normal,1814,0,1782361154.7166197,0.0018303394317626953
215479,normal,2053,0,1782361154.718543,0.0019233226776123047
215480,normal,3656,0,1782361154.7207835,0.002240419387817383
215481,normal,2987,0,1782361154.7226007,0.0018172264099121094
215482,normal,3285,1,1782361154.7246387,0.0020380020141601562
215483,normal,2603,0,1782361154.726502,0.001863241195678711
215484,normal,2346,0,1782361154.7285297,0.002027750015258789
215485,normal,2942,0,1782361154.7309933,0.0024635791778564453
215486,normal,540,0,1782361154.732536,0.001542806625366211
215487,normal,1204,0,1782361154.7346933,0.0021572113037109375
215488,normal,21,0,1782361154.7365646,0.001871347427368164
215489,normal,1197,0,1782361154.7386582,0.0020935535430908203
215490,normal,3524,0,1782361154.7405128,0.0018546581268310547
215491,normal,1717,0,1782361154.7426436,0.002130746841430664
215492,normal,1246,0,1782361154.74454,0.0018963813781738281
215493,normal,644,0,1782361154.7467496,0.0022096633911132812
215494,normal,3523,0,1782361154.74872,0.0019702911376953125
215495,normal,2143,0,1782361154.750631,0.001911163330078125
215496,normal,3701,0,1782361154.7528095,0.0021784305572509766
215497,normal,762,0,1782361154.7546759,0.0018663406372070312
215498,normal,549,0,1782361154.756713,0.00203704833984375
215499,normal,3341,1,1782361154.7585802,0.0018672943115234375
215500,normal,3280,1,1782361154.760492,0.0019118785858154297
215501,normal,2451,0,1782361154.7624876,0.001995563507080078
215502,normal,161,0,1782361154.7648227,0.002335071563720703
215503,normal,725,0,1782361154.7671146,0.0022919178009033203
215504,normal,363,0,1782361154.7684324,0.001317739486694336
215505,normal,2940,0,1782361154.7704844,0.0020520687103271484
215506,normal,732,0,1782361154.7724562,0.001971721649169922
215507,normal,755,0,1782361154.7744992,0.002043008804321289
215508,normal,1385,0,1782361154.7769322,0.0024330615997314453
215509,normal,1575,0,1782361154.7784925,0.001560211181640625
215510,normal,2318,0,1782361154.7805154,0.002022981643676758
215511,normal,2856,0,1782361154.7825184,0.0020029544830322266
215512,normal,2686,0,1782361154.7845216,0.002003192901611328
215513,normal,1537,0,1782361154.7868092,0.002287626266479492
215514,normal,2464,0,1782361154.7885077,0.0016984939575195312
215515,normal,3174,1,1782361154.7906156,0.002107858657836914
215516,normal,1396,0,1782361154.7926302,0.002014636993408203
215517,normal,3436,0,1782361154.7945073,0.0018770694732666016
215518,normal,388,0,1782361154.7966435,0.00213623046875
215519,normal,499,0,1782361154.7988377,0.0021941661834716797
215520,normal,166,0,1782361154.8008046,0.0019669532775878906
215521,normal,1667,0,1782361154.802551,0.0017464160919189453
215522,normal,1363,1,1782361154.8047462,0.002195119857788086
215523,normal,580,0,1782361154.806634,0.0018877983093261719
215524,normal,2991,0,1782361154.808723,0.0020890235900878906
215525,normal,3184,1,1782361154.810656,0.0019330978393554688
215526,normal,2472,0,1782361154.8125823,0.0019261837005615234
215527,normal,2989,0,1782361154.8146272,0.0020449161529541016
215528,normal,2276,0,1782361154.816625,0.0019979476928710938
215529,normal,2171,0,1782361154.818498,0.0018727779388427734
215530,normal,2153,0,1782361154.820623,0.0021250247955322266
215531,normal,2720,0,1782361154.822537,0.0019140243530273438
215532,normal,752,0,1782361154.8248289,0.0022919178009033203
215533,normal,1426,0,1782361154.8265507,0.0017218589782714844
215534,normal,1340,1,1782361154.8289566,0.002405881881713867
215535,normal,3073,1,1782361154.830823,0.0018663406372070312
215536,normal,909,2,1782361154.832961,0.0021381378173828125
215537,normal,1164,0,1782361154.8347323,0.0017712116241455078
215538,normal,244,0,1782361154.8374863,0.0027539730072021484
215539,normal,3187,1,1782361154.838538,0.0010516643524169922
215540,normal,24,0,1782361154.8407235,0.0021855831146240234
215541,normal,3490,0,1782361154.842511,0.001787424087524414
215542,normal,1451,0,1782361154.844696,0.0021851062774658203
215543,normal,2408,0,1782361154.8467946,0.002098560333251953
215544,normal,670,0,1782361154.8490493,0.0022547245025634766
215545,normal,152,0,1782361154.8506227,0.001573324203491211
215546,normal,1042,0,1782361154.852561,0.0019383430480957031
215547,normal,1606,0,1782361154.854508,0.0019469261169433594
215548,normal,783,2,1782361154.8565812,0.0020732879638671875
215549,normal,418,0,1782361154.8586419,0.0020606517791748047
215550,normal,269,0,1782361154.8604867,0.0018448829650878906
215551,normal,461,0,1782361154.8625948,0.0021080970764160156
215552,normal,1229,0,1782361154.8644989,0.0019040107727050781
215553,normal,1142,0,1782361154.8664773,0.0019783973693847656
215554,normal,3569,0,1782361154.8685513,0.002074003219604492
215555,normal,2588,0,1782361154.8705032,0.0019519329071044922
215556,normal,2489,0,1782361154.8729012,0.0023980140686035156
215557,normal,979,2,1782361154.8745775,0.001676321029663086
215558,normal,1677,0,1782361154.8767467,0.0021691322326660156
215559,normal,224,0,1782361154.878598,0.0018513202667236328
215560,normal,2302,0,1782361154.8808188,0.0022208690643310547
215561,normal,659,0,1782361154.882726,0.0019071102142333984
215562,normal,1047,0,1782361154.8845117,0.0017857551574707031
215563,normal,1522,0,1782361154.8864965,0.001984834671020508
215564,normal,986,2,1782361154.8884993,0.002002716064453125
215565,normal,1801,0,1782361154.890524,0.0020246505737304688
215566,normal,168,0,1782361154.8928685,0.0023446083068847656
215567,normal,3553,0,1782361154.8946903,0.001821756362915039
215568,normal,2345,0,1782361154.8967936,0.0021033287048339844
215569,normal,347,0,1782361154.8987353,0.001941680908203125
215570,normal,1458,0,1782361154.9007106,0.0019752979278564453
215571,normal,3222,1,1782361154.9025986,0.0018880367279052734
215572,normal,1962,0,1782361154.9048963,0.002297639846801758
215573,normal,3464,0,1782361154.9067342,0.0018379688262939453
215574,normal,3027,0,1782361154.908799,0.0020647048950195312
215575,normal,1865,0,1782361154.9107661,0.001967191696166992
215576,normal,420,0,1782361154.9127386,0.0019724369049072266
215577,normal,3627,0,1782361154.9145675,0.001828908920288086
215578,normal,1589,0,1782361154.9169054,0.002337932586669922
215579,normal,11,0,1782361154.9187293,0.0018239021301269531
215580,normal,1854,0,1782361154.9205818,0.0018525123596191406
215581,normal,133,0,1782361154.9229043,0.0023224353790283203
215582,normal,3263,1,1782361154.92473,0.0018258094787597656
215583,normal,3550,0,1782361154.9265833,0.0018532276153564453
215584,normal,2385,0,1782361154.9289281,0.002344846725463867
215585,normal,537,0,1782361154.9307408,0.0018126964569091797
215586,normal,68,0,1782361154.9325883,0.0018475055694580078
215587,normal,494,0,1782361154.9349296,0.0023412704467773438
215588,normal,1587,0,1782361154.9367929,0.001863241195678711
215589,normal,3317,1,1782361154.9385836,0.001790761947631836
215590,normal,1289,0,1782361154.9409091,0.0023255348205566406
215591,normal,2951,0,1782361154.9426537,0.0017445087432861328
215592,normal,655,0,1782361154.9445472,0.0018935203552246094
215593,normal,2783,0,1782361154.9467273,0.0021800994873046875
215594,normal,3514,0,1782361154.9487152,0.001987934112548828
215595,normal,2038,0,1782361154.9505386,0.00182342529296875
215596,normal,2066,0,1782361154.9529247,0.0023860931396484375
215597,normal,2266,0,1782361154.9547231,0.001798391342163086
215598,normal,1833,0,1782361154.9567885,0.002065420150756836
215599,normal,209,0,1782361154.9587288,0.0019402503967285156
215600,normal,3546,0,1782361154.9607453,0.0020165443420410156
215601,normal,3243,1,1782361154.9626048,0.001859426498413086
215602,normal,1947,0,1782361154.9647243,0.0021195411682128906
215603,normal,1020,2,1782361154.9667466,0.002022266387939453
215604,normal,3432,0,1782361154.9688013,0.0020546913146972656
215605,normal,1023,2,1782361154.9707239,0.001922607421875
215606,normal,2954,0,1782361154.9729576,0.002233743667602539
215607,normal,3173,1,1782361154.9745893,0.0016317367553710938
215608,normal,1920,0,1782361154.9768891,0.002299785614013672
215609,normal,1432,0,1782361154.9786913,0.001802206039428711
215610,normal,788,2,1782361154.980539,0.0018477439880371094
215611,normal,3594,0,1782361154.9827056,0.0021665096282958984
215612,normal,2457,0,1782361154.9847293,0.0020236968994140625
215613,normal,1639,0,1782361154.9865448,0.0018155574798583984
215614,normal,2049,0,1782361154.9886878,0.0021429061889648438
215615,normal,2595,0,1782361154.9906898,0.0020020008087158203
215616,normal,1845,0,1782361154.9925263,0.001836538314819336
215617,normal,3118,1,1782361154.9946532,0.002126932144165039
215618,normal,1840,0,1782361154.9966886,0.002035379409790039
215619,normal,2134,0,1782361154.9988058,0.002117156982421875
215620,normal,3559,0,1782361155.0007715,0.001965761184692383
215621,normal,2333,0,1782361155.0028837,0.002112150192260742
215622,normal,3487,0,1782361155.0045655,0.0016818046569824219
215623,normal,1122,0,1782361155.0068834,0.0023179054260253906
215624,normal,623,0,1782361155.0088851,0.0020017623901367188
215625,normal,3142,1,1782361155.0105824,0.0016973018646240234
215626,normal,1543,0,1782361155.0128863,0.0023038387298583984
215627,normal,577,0,1782361155.0147333,0.0018470287322998047
215628,normal,3372,1,1782361155.0165799,0.0018465518951416016
215629,normal,1457,0,1782361155.0188818,0.002301931381225586
215630,normal,134,0,1782361155.0207355,0.0018537044525146484
215631,normal,894,2,1782361155.0225654,0.0018298625946044922
215632,normal,3051,1,1782361155.0248966,0.002331256866455078
215633,normal,299,0,1782361155.0267248,0.0018281936645507812
215634,normal,3074,1,1782361155.0285637,0.0018389225006103516
215635,normal,3629,0,1782361155.0309207,0.002357006072998047
215636,normal,1083,0,1782361155.03264,0.0017192363739013672
215637,normal,2780,0,1782361155.0346107,0.0019707679748535156
215638,normal,3571,0,1782361155.0367239,0.0021131038665771484
215639,normal,2888,0,1782361155.0388007,0.002076864242553711
215640,normal,2846,0,1782361155.0405617,0.0017609596252441406
215641,normal,2204,0,1782361155.0429058,0.0023441314697265625
215642,normal,2605,0,1782361155.0446353,0.0017294883728027344
215643,normal,2627,0,1782361155.0467842,0.002148866653442383
215644,normal,3247,1,1782361155.0487366,0.0019524097442626953
215645,normal,680,0,1782361155.0507202,0.001983642578125
215646,normal,2746,0,1782361155.052784,0.002063751220703125
215647,normal,3212,1,1782361155.0546196,0.0018355846405029297
215648,normal,3100,1,1782361155.0568392,0.002219676971435547
215649,normal,745,0,1782361155.0585039,0.0016646385192871094
215650,normal,1228,0,1782361155.0609033,0.002399444580078125
215651,normal,1183,0,1782361155.0627253,0.0018219947814941406
215652,normal,661,0,1782361155.0645978,0.0018725395202636719
215653,normal,1838,0,1782361155.0671546,0.0025568008422851562
215654,normal,3201,1,1782361155.0687282,0.0015735626220703125
215655,normal,3689,0,1782361155.070823,0.002094745635986328
215656,normal,1034,0,1782361155.0725625,0.001739501953125
215657,normal,270,0,1782361155.0748885,0.0023260116577148438
215658,normal,2241,0,1782361155.0765858,0.0016973018646240234
215659,normal,3608,0,1782361155.078888,0.0023021697998046875
215660,normal,1302,0,1782361155.0807266,0.00183868408203125
215661,normal,848,2,1782361155.0827816,0.002054929733276367
215662,normal,331,0,1782361155.0847282,0.0019466876983642578
215663,normal,1109,0,1782361155.0866458,0.0019176006317138672
215664,normal,2518,0,1782361155.0885315,0.0018856525421142578
215665,normal,3407,0,1782361155.090894,0.002362489700317383
215666,normal,833,2,1782361155.0927365,0.001842498779296875
215667,normal,1935,0,1782361155.0945616,0.001825094223022461
215668,normal,1176,0,1782361155.0968764,0.0023148059844970703
215669,normal,103,0,1782361155.0986493,0.0017728805541992188
215670,normal,928,2,1782361155.1006002,0.001950979232788086
215671,normal,3645,0,1782361155.1026115,0.0020112991333007812
215672,normal,2784,0,1782361155.1048772,0.0022656917572021484
215673,normal,2860,0,1782361155.1065626,0.0016853809356689453
215674,normal,1924,0,1782361155.1087818,0.0022192001342773438
215675,normal,2641,0,1782361155.1105967,0.0018148422241210938
215676,normal,1028,2,1782361155.1126099,0.0020132064819335938
215677,normal,2261,0,1782361155.1145916,0.0019817352294921875
215678,normal,2610,0,1782361155.116885,0.0022933483123779297
215679,normal,1580,0,1782361155.1185064,0.0016214847564697266
215680,normal,35,0,1782361155.1207645,0.0022580623626708984
215681,normal,1994,0,1782361155.122618,0.0018534660339355469
215682,normal,3697,0,1782361155.124601,0.0019829273223876953
215683,normal,3707,0,1782361155.126594,0.0019931793212890625
215684,normal,1635,0,1782361155.1289234,0.0023293495178222656
215685,normal,1166,0,1782361155.1305926,0.001669168472290039
215686,normal,3044,0,1782361155.1327257,0.0021331310272216797
215687,normal,2632,0,1782361155.1348267,0.0021009445190429688
215688,normal,3046,1,1782361155.1368504,0.0020236968994140625
215689,normal,1961,0,1782361155.1387193,0.0018689632415771484
215690,normal,839,2,1782361155.1407194,0.002000093460083008
215691,normal,2484,0,1782361155.1427977,0.0020782947540283203
215692,normal,362,0,1782361155.144601,0.0018033981323242188
215693,normal,3056,1,1782361155.1467652,0.002164125442504883
215694,normal,1724,0,1782361155.1484988,0.001733541488647461
215695,normal,1825,0,1782361155.150887,0.0023882389068603516
215696,normal,660,0,1782361155.1527174,0.0018303394317626953
215697,normal,357,0,1782361155.1548092,0.0020918846130371094
215698,normal,3548,0,1782361155.1566265,0.0018172264099121094
215699,normal,1911,0,1782361155.158881,0.002254486083984375
215700,normal,1959,0,1782361155.1605847,0.0017037391662597656
215701,normal,3238,1,1782361155.1627383,0.002153635025024414
215702,normal,917,2,1782361155.1646054,0.001867055892944336
215703,normal,1371,1,1782361155.1666055,0.002000093460083008
215704,normal,3020,0,1782361155.168606,0.002000570297241211
215705,normal,703,0,1782361155.1705441,0.0019381046295166016
215706,normal,3595,0,1782361155.1725376,0.001993417739868164
215707,normal,3235,1,1782361155.1746886,0.002151012420654297
215708,normal,873,2,1782361155.1766288,0.0019402503967285156
215709,normal,392,0,1782361155.1785526,0.0019237995147705078
215710,normal,805,2,1782361155.180679,0.002126455307006836
215711,normal,1413,0,1782361155.1826525,0.001973390579223633
215712,normal,3547,0,1782361155.1845531,0.0019006729125976562
215713,normal,2017,0,1782361155.1867044,0.0021512508392333984
215714,normal,3022,0,1782361155.1886756,0.0019712448120117188
215715,normal,3133,1,1782361155.1905525,0.0018768310546875
215716,normal,1847,0,1782361155.1926785,0.002125978469848633
215717,normal,3261,1,1782361155.1947184,0.0020399093627929688
215718,normal,3557,0,1782361155.1967819,0.0020635128021240234
215719,normal,3470,0,1782361155.1987233,0.0019414424896240234
215720,normal,3388,1,1782361155.200725,0.0020017623901367188
215721,normal,467,0,1782361155.2027876,0.002062559127807617
215722,normal,342,0,1782361155.2047276,0.001940011978149414
215723,normal,2062,0,1782361155.206722,0.0019943714141845703
215724,normal,1539,0,1782361155.2086575,0.0019354820251464844
215725,normal,1798,0,1782361155.2108383,0.002180814743041992
215726,normal,3549,0,1782361155.212721,0.001882791519165039
215727,normal,705,0,1782361155.2145634,0.0018422603607177734
215728,normal,1993,0,1782361155.2169092,0.0023458003997802734
215729,normal,156,0,1782361155.2187362,0.0018270015716552734
215730,normal,416,0,1782361155.2205634,0.001827239990234375
215731,normal,2000,0,1782361155.2229018,0.002338409423828125
215732,normal,1099,0,1782361155.2247274,0.001825571060180664
215733,normal,1233,0,1782361155.2265642,0.0018367767333984375
215734,normal,315,0,1782361155.2289014,0.002337217330932617
215735,normal,737,0,1782361155.230717,0.0018155574798583984
215736,normal,2088,0,1782361155.2326086,0.0018916130065917969
215737,normal,51,0,1782361155.2347293,0.0021207332611083984
215738,normal,2690,0,1782361155.2367353,0.002006053924560547
215739,normal,1850,0,1782361155.2385817,0.0018463134765625
215740,normal,1705,0,1782361155.2409098,0.002328157424926758
215741,normal,3570,0,1782361155.2427363,0.0018265247344970703
215742,normal,3379,1,1782361155.2445798,0.0018434524536132812
215743,normal,685,0,1782361155.2469099,0.0023300647735595703
215744,normal,1908,0,1782361155.2487373,0.0018274784088134766
215745,normal,302,0,1782361155.2505796,0.0018422603607177734
215746,normal,3281,1,1782361155.2528982,0.0023186206817626953
215747,normal,2513,0,1782361155.254765,0.0018668174743652344
215748,normal,1912,0,1782361155.2567778,0.0020127296447753906
215749,normal,411,0,1782361155.2587507,0.0019729137420654297
215750,normal,2533,0,1782361155.2607353,0.0019845962524414062
215751,normal,3227,1,1782361155.2625663,0.0018310546875
215752,normal,3037,0,1782361155.264909,0.002342700958251953
215753,normal,2592,0,1782361155.2667308,0.001821756362915039
215754,normal,2138,0,1782361155.2685838,0.0018529891967773438
215755,normal,524,0,1782361155.270917,0.0023331642150878906
215756,normal,3601,0,1782361155.2727308,0.0018138885498046875
215757,normal,1082,0,1782361155.2745783,0.0018475055694580078
215758,normal,117,0,1782361155.2769032,0.002324819564819336
215759,normal,1734,0,1782361155.2787285,0.0018253326416015625
215760,normal,2250,0,1782361155.2807896,0.002061128616333008
215761,normal,1976,0,1782361155.2827282,0.0019385814666748047
215762,normal,2299,0,1782361155.2847342,0.002006053924560547
215763,normal,2638,0,1782361155.2865872,0.0018529891967773438
215764,normal,26,0,1782361155.2889087,0.002321481704711914
215765,normal,3209,1,1782361155.2908204,0.0019116401672363281
215766,normal,2462,0,1782361155.2928011,0.0019807815551757812
215767,normal,3311,1,1782361155.2947292,0.001928091049194336
215768,normal,2117,0,1782361155.2967312,0.0020020008087158203
215769,normal,2604,0,1782361155.2985802,0.0018489360809326172
215770,normal,2461,0,1782361155.300907,0.0023267269134521484
215771,normal,2220,0,1782361155.302791,0.0018842220306396484
215772,normal,2699,0,1782361155.3045819,0.001790761947631836
215773,normal,2558,0,1782361155.3067923,0.002210378646850586
215774,normal,59,0,1782361155.3085978,0.0018055438995361328
215775,normal,602,0,1782361155.310839,0.0022411346435546875
215776,normal,3272,1,1782361155.3126135,0.0017745494842529297
215777,normal,960,2,1782361155.3149924,0.0023789405822753906
215778,normal,1378,1,1782361155.3165805,0.0015881061553955078
215779,normal,1839,0,1782361155.318914,0.002333402633666992
215780,normal,2753,0,1782361155.3207302,0.0018162727355957031
215781,normal,2415,0,1782361155.3225813,0.0018510818481445312
215782,normal,1588,0,1782361155.3249197,0.002338409423828125
215783,normal,3163,1,1782361155.3267395,0.0018198490142822266
215784,normal,1369,1,1782361155.3285775,0.0018379688262939453
215785,normal,3052,1,1782361155.3308997,0.0023221969604492188
215786,normal,841,2,1782361155.3327367,0.001837015151977539
215787,normal,3414,0,1782361155.3345819,0.0018451213836669922
215788,normal,3284,1,1782361155.3369117,0.0023298263549804688
215789,normal,2142,0,1782361155.3387678,0.001856088638305664
215790,normal,3167,1,1782361155.3407896,0.00202178955078125
215791,normal,2703,0,1782361155.3427374,0.0019478797912597656
215792,normal,2245,0,1782361155.3447728,0.002035379409790039
215793,normal,595,0,1782361155.34658,0.0018072128295898438
215794,normal,1328,1,1782361155.3489132,0.0023331642150878906
215795,normal,2076,0,1782361155.3505242,0.0016109943389892578
215796,normal,1021,2,1782361155.3525405,0.002016305923461914
215797,normal,2657,0,1782361155.354891,0.0023505687713623047
215798,normal,2899,0,1782361155.3567324,0.0018413066864013672
215799,normal,3458,0,1782361155.358614,0.0018815994262695312
215800,normal,1592,0,1782361155.3607335,0.0021195411682128906
215801,normal,1136,0,1782361155.362612,0.001878499984741211
215802,normal,2549,0,1782361155.3646092,0.001997232437133789
215803,normal,566,0,1782361155.366732,0.002122640609741211
215804,normal,2939,0,1782361155.3687227,0.001990795135498047
215805,normal,317,0,1782361155.3705099,0.0017871856689453125
215806,normal,3641,0,1782361155.3727899,0.002279996871948242
215807,normal,330,0,1782361155.3745918,0.0018019676208496094
215808,normal,1870,0,1782361155.376601,0.002009153366088867
215809,normal,2546,0,1782361155.3785923,0.00199127197265625
215810,normal,693,0,1782361155.3809378,0.002345561981201172
215811,normal,477,0,1782361155.3826337,0.001695871353149414
215812,normal,3013,0,1782361155.384734,0.002100229263305664
215813,normal,1894,0,1782361155.386743,0.002009153366088867
215814,normal,38,0,1782361155.38858,0.001837015151977539
215815,normal,2130,0,1782361155.3908975,0.0023174285888671875
215816,normal,1876,0,1782361155.3927422,0.001844644546508789
215817,normal,2594,0,1782361155.3945675,0.0018253326416015625
215818,normal,797,2,1782361155.3968902,0.002322673797607422
215819,normal,323,0,1782361155.3987293,0.0018391609191894531
215820,normal,1753,0,1782361155.4005806,0.0018513202667236328
215821,normal,2538,0,1782361155.4029047,0.0023241043090820312
215822,normal,3540,0,1782361155.404732,0.001827239990234375
215823,normal,1179,0,1782361155.4065044,0.0017724037170410156
215824,normal,243,0,1782361155.4089038,0.002399444580078125
215825,normal,3297,1,1782361155.4107265,0.0018227100372314453
215826,normal,2675,0,1782361155.4125855,0.0018589496612548828
215827,normal,2556,0,1782361155.4146118,0.0020263195037841797
215828,normal,671,0,1782361155.4167714,0.002159595489501953
215829,normal,3283,1,1782361155.418499,0.0017275810241699219
215830,normal,3007,0,1782361155.4207737,0.002274751663208008
215831,normal,2079,0,1782361155.4226105,0.0018367767333984375
215832,normal,594,0,1782361155.424588,0.0019774436950683594
215833,normal,896,2,1782361155.4267387,0.0021507740020751953
215834,normal,1182,0,1782361155.428739,0.0020003318786621094
215835,normal,1863,0,1782361155.4305086,0.0017695426940917969
215836,normal,807,2,1782361155.4328976,0.0023889541625976562
215837,normal,2705,0,1782361155.4347324,0.001834869384765625
215838,normal,0,0,1782361155.4365675,0.0018351078033447266
215839,normal,496,0,1782361155.4389114,0.002343893051147461
215840,normal,3323,1,1782361155.4407265,0.0018150806427001953
215841,normal,1017,2,1782361155.4425857,0.0018591880798339844
215842,normal,1409,0,1782361155.4449065,0.0023207664489746094
215843,normal,240,0,1782361155.4467342,0.0018277168273925781
215844,normal,2992,0,1782361155.4485672,0.0018329620361328125
215845,normal,3355,1,1782361155.450908,0.0023407936096191406
215846,normal,2238,0,1782361155.4527485,0.0018405914306640625
215847,normal,2331,0,1782361155.4545786,0.0018301010131835938
215848,normal,2013,0,1782361155.4568827,0.0023040771484375
215849,normal,2781,0,1782361155.4587288,0.0018460750579833984
215850,normal,1693,0,1782361155.4605672,0.0018384456634521484
215851,normal,3563,0,1782361155.4629083,0.002341032028198242
215852,normal,1434,0,1782361155.464732,0.0018236637115478516
215853,normal,2611,0,1782361155.466579,0.0018470287322998047
215854,normal,1493,0,1782361155.468894,0.002315044403076172
215855,normal,1206,0,1782361155.470724,0.0018301010131835938
215856,normal,1510,0,1782361155.472576,0.001851797103881836
215857,normal,2301,0,1782361155.474896,0.0023200511932373047
215858,normal,1040,0,1782361155.476759,0.0018630027770996094
215859,normal,3271,1,1782361155.4787793,0.0020203590393066406
215860,normal,2068,0,1782361155.4807425,0.0019631385803222656
215861,normal,1965,0,1782361155.4827414,0.0019989013671875
215862,normal,1154,0,1782361155.4845796,0.0018382072448730469
215863,normal,1928,0,1782361155.4868991,0.0023195743560791016
215864,normal,3193,1,1782361155.4887285,0.001829385757446289
215865,normal,3239,1,1782361155.4905667,0.0018382072448730469
215866,normal,1986,0,1782361155.4929056,0.002338886260986328
215867,normal,2166,0,1782361155.494731,0.0018253326416015625
215868,normal,2994,0,1782361155.4965804,0.0018494129180908203
215869,normal,1988,0,1782361155.4989033,0.0023229122161865234
215870,normal,507,0,1782361155.5007255,0.0018222332000732422
215871,normal,3080,1,1782361155.5025787,0.0018532276153564453
215872,normal,3111,1,1782361155.5049107,0.002331972122192383
215873,normal,2338,0,1782361155.5067308,0.0018200874328613281
215874,normal,2483,0,1782361155.508567,0.0018362998962402344
215875,normal,3515,0,1782361155.5109,0.002332925796508789
215876,normal,2618,0,1782361155.5127535,0.0018534660339355469
215877,normal,880,2,1782361155.5145657,0.0018122196197509766
215878,normal,1155,0,1782361155.5169086,0.0023429393768310547
215879,normal,2870,0,1782361155.5187254,0.0018167495727539062
215880,normal,2188,0,1782361155.520588,0.0018625259399414062
215881,normal,273,0,1782361155.522906,0.002318143844604492
215882,normal,306,0,1782361155.5247319,0.0018258094787597656
215883,normal,3144,1,1782361155.5265672,0.0018353462219238281
215884,normal,754,0,1782361155.5289018,0.0023345947265625
215885,normal,3418,0,1782361155.5307257,0.0018239021301269531
215886,normal,361,0,1782361155.5325642,0.0018384456634521484
215887,normal,776,2,1782361155.5348892,0.0023250579833984375
215888,normal,2249,0,1782361155.5367212,0.0018320083618164062
215889,normal,408,0,1782361155.538579,0.001857757568359375
215890,normal,2704,0,1782361155.5409064,0.002327442169189453
215891,normal,2505,0,1782361155.5425863,0.0016798973083496094
215892,normal,2913,0,1782361155.5449104,0.0023241043090820312
215893,normal,668,0,1782361155.5465882,0.0016777515411376953
215894,normal,1439,0,1782361155.5488975,0.0023093223571777344
215895,normal,1919,0,1782361155.5505779,0.0016803741455078125
215896,normal,3450,0,1782361155.5529048,0.00232696533203125
215897,normal,722,0,1782361155.5547316,0.0018267631530761719
215898,normal,2355,0,1782361155.556582,0.0018503665924072266
215899,normal,1221,0,1782361155.558896,0.0023140907287597656
215900,normal,2575,0,1782361155.560738,0.0018420219421386719
215901,normal,656,0,1782361155.5625787,0.0018405914306640625
215902,normal,3296,1,1782361155.5648997,0.002321004867553711
215903,normal,2884,0,1782361155.5667272,0.0018274784088134766
215904,normal,119,0,1782361155.5685804,0.0018532276153564453
215905,normal,3639,0,1782361155.570909,0.002328634262084961
215906,normal,681,0,1782361155.5727246,0.0018155574798583984
215907,normal,2790,0,1782361155.5745811,0.0018565654754638672
215908,normal,2270,0,1782361155.5769012,0.0023200511932373047
215909,normal,159,0,1782361155.5787256,0.0018243789672851562
215910,normal,3034,0,1782361155.580567,0.0018413066864013672
215911,normal,1921,0,1782361155.5829072,0.0023403167724609375
215912,normal,643,0,1782361155.5847268,0.001819610595703125
215913,normal,548,0,1782361155.586579,0.001852273941040039
215914,normal,3161,1,1782361155.5888965,0.0023174285888671875
215915,normal,1903,0,1782361155.5907283,0.0018317699432373047
215916,normal,1929,0,1782361155.592582,0.0018537044525146484
215917,normal,40,0,1782361155.5948865,0.002304553985595703
215918,normal,261,0,1782361155.5967445,0.0018579959869384766
215919,normal,2037,0,1782361155.5985854,0.001840829849243164
215920,normal,759,0,1782361155.600898,0.0023126602172851562
215921,normal,281,0,1782361155.6027257,0.0018277168273925781
215922,normal,1777,0,1782361155.6045668,0.0018410682678222656
215923,normal,984,2,1782361155.6069002,0.002333402633666992
215924,normal,526,0,1782361155.608727,0.0018267631530761719
215925,normal,3635,0,1782361155.6105797,0.0018527507781982422
215926,normal,838,2,1782361155.612903,0.0023233890533447266
215927,normal,2639,0,1782361155.614727,0.0018239021301269531
215928,normal,1884,0,1782361155.616578,0.0018510818481445312
215929,normal,232,0,1782361155.6188972,0.0023190975189208984
215930,normal,386,0,1782361155.6207254,0.0018281936645507812
215931,normal,3084,1,1782361155.6225667,0.0018413066864013672
215932,normal,1581,0,1782361155.6249025,0.002335786819458008
215933,normal,1960,0,1782361155.6267228,0.0018203258514404297
215934,normal,1502,0,1782361155.6285672,0.0018444061279296875
215935,normal,2493,0,1782361155.630897,0.0023298263549804688
215936,normal,2211,0,1782361155.6327262,0.0018291473388671875
215937,normal,513,0,1782361155.634579,0.0018527507781982422
215938,normal,781,2,1782361155.6367793,0.0022003650665283203
215939,normal,1584,0,1782361155.6387453,0.0019659996032714844
215940,normal,111,0,1782361155.6405838,0.0018384456634521484
215941,normal,58,0,1782361155.6429,0.0023162364959716797
215942,normal,2362,0,1782361155.6447256,0.001825571060180664
215943,normal,370,0,1782361155.6467986,0.002073049545288086
215944,normal,1611,0,1782361155.6487315,0.0019328594207763672
215945,normal,1377,1,1782361155.650725,0.001993417739868164
215946,normal,2122,0,1782361155.6525893,0.0018644332885742188
215947,normal,1624,0,1782361155.6549,0.0023107528686523438
215948,normal,1809,0,1782361155.6569061,0.002006053924560547
215949,normal,333,0,1782361155.6585793,0.0016732215881347656
215950,normal,30,0,1782361155.660908,0.002328634262084961
215951,normal,1345,1,1782361155.6627383,0.0018303394317626953
215952,normal,1864,0,1782361155.6645806,0.0018422603607177734
215953,normal,2817,0,1782361155.6669157,0.002335071563720703
215954,normal,344,0,1782361155.668725,0.0018093585968017578
215955,normal,375,0,1782361155.670794,0.0020689964294433594
215956,normal,2702,0,1782361155.6727386,0.0019445419311523438
215957,normal,1857,0,1782361155.6748824,0.00214385986328125
215958,normal,3178,1,1782361155.6765864,0.0017039775848388672
215959,normal,2136,0,1782361155.6789052,0.002318859100341797
215960,normal,214,0,1782361155.6807327,0.0018274784088134766
215961,normal,3047,1,1782361155.6825802,0.0018475055694580078
215962,normal,2348,0,1782361155.6848173,0.002237081527709961
215963,normal,3693,0,1782361155.6867497,0.001932382583618164
215964,normal,1931,0,1782361155.6885788,0.0018291473388671875
215965,normal,3686,0,1782361155.6909132,0.0023343563079833984
215966,normal,3475,0,1782361155.6927311,0.001817941665649414
215967,normal,3036,0,1782361155.6945796,0.001848459243774414
215968,normal,1016,2,1782361155.6969101,0.0023305416107177734
215969,normal,2196,0,1782361155.6987317,0.0018215179443359375
215970,normal,1422,0,1782361155.7005775,0.0018458366394042969
215971,normal,2715,0,1782361155.7029202,0.002342700958251953
215972,normal,460,0,1782361155.7047315,0.0018112659454345703
215973,normal,3071,1,1782361155.7065797,0.0018482208251953125
215974,normal,3437,0,1782361155.708901,0.0023212432861328125
215975,normal,3411,0,1782361155.710707,0.001806020736694336
215976,normal,1702,0,1782361155.7125795,0.0018725395202636719
215977,normal,234,0,1782361155.714884,0.002304553985595703
215978,normal,3366,1,1782361155.7167482,0.0018641948699951172
215979,normal,403,0,1782361155.7185812,0.0018329620361328125
215980,normal,1454,0,1782361155.7209158,0.0023345947265625
215981,normal,3021,0,1782361155.722732,0.0018162727355957031
215982,normal,2776,0,1782361155.7245648,0.001832723617553711
215983,normal,99,0,1782361155.7269063,0.0023415088653564453
215984,normal,576,0,1782361155.728732,0.0018258094787597656
215985,normal,2986,0,1782361155.7305818,0.0018496513366699219
215986,normal,1860,0,1782361155.7329106,0.0023288726806640625
215987,normal,3442,0,1782361155.7346485,0.001737833023071289
215988,normal,3145,1,1782361155.736908,0.002259492874145508
215989,normal,1149,0,1782361155.7385995,0.001691579818725586
215990,normal,517,0,1782361155.7409055,0.0023059844970703125
215991,normal,789,2,1782361155.7425797,0.0016741752624511719
215992,normal,539,0,1782361155.7449138,0.002334117889404297
215993,normal,2614,0,1782361155.7467372,0.00182342529296875
215994,normal,3326,1,1782361155.7485785,0.0018413066864013672
215995,normal,2401,0,1782361155.7509081,0.002329587936401367
215996,normal,2828,0,1782361155.752828,0.0019197463989257812
215997,normal,2990,0,1782361155.7547991,0.0019712448120117188
215998,normal,2848,0,1782361155.7567406,0.0019414424896240234
215999,normal,3237,1,1782361155.758906,0.0021653175354003906
216000,normal,1272,0,1782361155.7605805,0.001674652099609375
216001,normal,2737,0,1782361155.7629087,0.002328157424926758
216002,normal,1283,0,1782361155.7647326,0.0018239021301269531
216003,normal,698,0,1782361155.766581,0.001848459243774414
216004,normal,2684,0,1782361155.7689362,0.0023550987243652344
216005,normal,1421,0,1782361155.7707376,0.0018014907836914062
216006,normal,2100,0,1782361155.7725823,0.001844644546508789
216007,normal,2844,0,1782361155.774913,0.002330780029296875
216008,normal,3219,1,1782361155.7767305,0.001817464828491211
216009,normal,823,2,1782361155.778579,0.001848459243774414
216010,normal,2509,0,1782361155.7809062,0.0023272037506103516
216011,normal,4,0,1782361155.7828417,0.0019354820251464844
216012,normal,3531,0,1782361155.7847848,0.0019431114196777344
216013,normal,455,0,1782361155.7867548,0.001970052719116211
216014,normal,1130,0,1782361155.7888982,0.002143383026123047
216015,normal,1887,0,1782361155.7905803,0.0016820430755615234
216016,normal,2924,0,1782361155.7929146,0.0023343563079833984
216017,normal,1002,2,1782361155.7947605,0.0018458366394042969
216018,normal,2766,0,1782361155.7967925,0.002032041549682617
216019,normal,653,0,1782361155.7987437,0.0019512176513671875
216020,normal,692,0,1782361155.800912,0.0021681785583496094
216021,normal,2252,0,1782361155.8026006,0.0016887187957763672
216022,normal,1623,0,1782361155.8049176,0.0023169517517089844
216023,normal,1258,0,1782361155.8067539,0.0018362998962402344
216024,normal,2740,0,1782361155.8085802,0.0018262863159179688
216025,normal,104,0,1782361155.8109214,0.0023412704467773438
216026,normal,439,0,1782361155.8127291,0.0018076896667480469
216027,normal,126,0,1782361155.8145828,0.0018537044525146484
216028,normal,3264,1,1782361155.816917,0.002334117889404297
216029,normal,3076,1,1782361155.8187313,0.0018143653869628906
216030,normal,1743,0,1782361155.820582,0.0018506050109863281
216031,normal,2824,0,1782361155.8229153,0.002333402633666992
216032,normal,3098,1,1782361155.824731,0.0018157958984375
216033,normal,2851,0,1782361155.8266027,0.0018715858459472656
216034,normal,3321,1,1782361155.8289216,0.002318859100341797
216035,normal,1129,0,1782361155.8307524,0.0018308162689208984
216036,normal,2909,0,1782361155.832788,0.0020356178283691406
216037,normal,2024,0,1782361155.8347728,0.001984834671020508
216038,normal,3498,0,1782361155.836734,0.001961231231689453
216039,normal,2218,0,1782361155.8385818,0.0018477439880371094
216040,normal,2960,0,1782361155.8409092,0.002327442169189453
216041,normal,3196,1,1782361155.8428824,0.0019731521606445312
216042,normal,320,0,1782361155.8447933,0.0019109249114990234
216043,normal,110,0,1782361155.8467534,0.0019600391387939453
216044,normal,1617,0,1782361155.8487284,0.0019750595092773438
216045,normal,1932,0,1782361155.8507907,0.0020623207092285156
216046,normal,2876,0,1782361155.8527486,0.0019578933715820312
216047,normal,1211,0,1782361155.8548965,0.0021479129791259766
216048,normal,3216,1,1782361155.8565674,0.00167083740234375
216049,normal,2004,0,1782361155.8589108,0.002343416213989258
216050,normal,1823,0,1782361155.8607411,0.0018303394317626953
216051,normal,2760,0,1782361155.8627942,0.0020530223846435547
216052,normal,436,0,1782361155.8647444,0.0019502639770507812
216053,normal,2535,0,1782361155.8670442,0.002299785614013672
216054,normal,2065,0,1782361155.8688188,0.0017745494842529297
216055,normal,1567,0,1782361155.8707478,0.0019290447235107422
216056,normal,2289,0,1782361155.8729267,0.0021789073944091797
216057,normal,985,2,1782361155.8745854,0.0016586780548095703
216058,normal,3491,0,1782361155.8769014,0.002315998077392578
216059,normal,778,2,1782361155.878734,0.001832723617553711
216060,normal,2292,0,1782361155.8805826,0.001848459243774414
216061,normal,3289,1,1782361155.882906,0.0023233890533447266
216062,normal,2792,0,1782361155.884543,0.0016369819641113281
216063,normal,2710,0,1782361155.8865645,0.0020215511322021484
216064,normal,701,0,1782361155.888492,0.0019276142120361328
216065,normal,1562,0,1782361155.8905265,0.002034425735473633
216066,normal,3251,1,1782361155.8924568,0.00193023681640625
216067,normal,91,0,1782361155.8944657,0.0020089149475097656
216068,normal,3692,0,1782361155.8965297,0.0020639896392822266
216069,normal,2524,0,1782361155.8987665,0.0022368431091308594
216070,normal,1336,1,1782361155.9004884,0.0017218589782714844
216071,normal,1500,0,1782361155.9027467,0.00225830078125
216072,normal,3325,1,1782361155.9045022,0.0017554759979248047
216073,normal,1275,0,1782361155.9069064,0.0024042129516601562
216074,normal,2018,0,1782361155.9087303,0.0018239021301269531
216075,normal,869,2,1782361155.910593,0.0018627643585205078
216076,normal,3069,1,1782361155.912795,0.0022020339965820312
216077,normal,3655,0,1782361155.9146242,0.0018291473388671875
216078,normal,1112,0,1782361155.916827,0.002202749252319336
216079,normal,1232,0,1782361155.9186378,0.0018107891082763672
216080,normal,1368,1,1782361155.9207711,0.0021333694458007812
216081,normal,1453,0,1782361155.9225042,0.0017330646514892578
216082,normal,3431,0,1782361155.9247928,0.0022885799407958984
216083,normal,916,2,1782361155.9265218,0.0017290115356445312
216084,normal,3255,1,1782361155.9289045,0.0023827552795410156
216085,normal,1459,0,1782361155.9306026,0.0016980171203613281
216086,normal,666,0,1782361155.9329042,0.0023016929626464844
216087,normal,1842,0,1782361155.9345868,0.0016825199127197266
216088,normal,3568,0,1782361155.9368792,0.0022923946380615234
216089,normal,2809,0,1782361155.9387264,0.0018472671508789062
216090,normal,1474,0,1782361155.9405873,0.0018608570098876953
216091,normal,1026,2,1782361155.9428084,0.0022211074829101562
216092,normal,620,0,1782361155.9446537,0.0018453598022460938
216093,normal,1213,0,1782361155.9466062,0.0019524097442626953
216094,normal,1971,0,1782361155.9485946,0.0019884109497070312
216095,normal,2060,0,1782361155.9509377,0.0023431777954101562
216096,normal,1852,0,1782361155.9525828,0.0016450881958007812
216097,normal,1866,0,1782361155.9549015,0.0023186206817626953
216098,normal,3057,1,1782361155.9567282,0.0018267631530761719
216099,normal,3300,1,1782361155.9585662,0.0018379688262939453
216100,normal,977,2,1782361155.9614155,0.0028493404388427734
216101,normal,1238,0,1782361155.9629283,0.001512765884399414
216102,normal,560,0,1782361155.964523,0.0015947818756103516
216103,normal,2754,0,1782361155.9667437,0.002220630645751953
216104,normal,768,0,1782361155.9685235,0.001779794692993164
216105,normal,1351,1,1782361155.9707406,0.0022170543670654297
216106,normal,1782,0,1782361155.972518,0.0017774105072021484
216107,normal,1311,0,1782361155.9747355,0.002217531204223633
216108,normal,2104,0,1782361155.9765146,0.0017790794372558594
216109,normal,1091,0,1782361155.9787896,0.0022749900817871094
216110,normal,27,0,1782361155.980618,0.0018284320831298828
216111,normal,286,0,1782361155.982486,0.0018680095672607422
216112,normal,2183,0,1782361155.9844854,0.001999378204345703
216113,normal,3077,1,1782361155.9865513,0.002065896987915039
216114,normal,2879,0,1782361155.9884832,0.001931905746459961
216115,normal,3428,0,1782361155.9905248,0.0020415782928466797
216116,normal,2950,0,1782361155.9925199,0.001995086669921875
216117,normal,173,0,1782361155.9944642,0.0019443035125732422
216118,normal,1443,0,1782361155.9965224,0.002058267593383789
216119,normal,2294,0,1782361155.9985173,0.0019948482513427734
216120,normal,794,2,1782361156.0004625,0.0019452571868896484
216121,normal,2247,0,1782361156.002521,0.0020585060119628906
216122,normal,3,0,1782361156.0045178,0.001996755599975586
216123,normal,154,0,1782361156.0064626,0.0019447803497314453
216124,normal,215,0,1782361156.0085063,0.0020437240600585938
216125,normal,448,0,1782361156.0105333,0.0020270347595214844
216126,normal,2442,0,1782361156.0124626,0.0019292831420898438
216127,normal,57,0,1782361156.0145178,0.0020551681518554688
216128,normal,2666,0,1782361156.0165222,0.002004384994506836
216129,normal,3545,0,1782361156.0184643,0.0019421577453613281
216130,normal,3486,0,1782361156.020517,0.002052783966064453
216131,normal,956,2,1782361156.0226517,0.002134561538696289
216132,normal,695,0,1782361156.0244675,0.0018157958984375
216133,normal,1904,0,1782361156.0265112,0.0020437240600585938
216134,normal,1597,0,1782361156.0285342,0.002022981643676758
216135,normal,2170,0,1782361156.0304737,0.001939535140991211
216136,normal,1622,0,1782361156.0325186,0.0020449161529541016
216137,normal,1841,0,1782361156.0347059,0.0021872520446777344
216138,normal,871,2,1782361156.0365417,0.0018358230590820312
216139,normal,938,2,1782361156.0385134,0.001971721649169922
216140,normal,1412,0,1782361156.0405283,0.0020148754119873047
216141,normal,1918,0,1782361156.0424657,0.0019373893737792969
216142,normal,697,0,1782361156.0445201,0.002054452896118164
216143,normal,1951,0,1782361156.0466568,0.002136707305908203
216144,normal,2958,0,1782361156.0485005,0.0018436908721923828
216145,normal,2194,0,1782361156.050509,0.0020084381103515625
216146,normal,1005,2,1782361156.052525,0.0020160675048828125
216147,normal,2332,0,1782361156.0544643,0.0019392967224121094
216148,normal,2772,0,1782361156.0565083,0.0020439624786376953
216149,normal,3529,0,1782361156.0586576,0.002149343490600586
216150,normal,2503,0,1782361156.0604882,0.0018305778503417969
216151,normal,767,0,1782361156.0625894,0.0021011829376220703
216152,normal,981,2,1782361156.0645516,0.0019621849060058594
216153,normal,2553,0,1782361156.06679,0.0022385120391845703
216154,normal,2514,0,1782361156.0685248,0.0017347335815429688
216155,normal,2412,0,1782361156.0710907,0.0025658607482910156
216156,normal,1069,0,1782361156.072522,0.0014312267303466797
216157,normal,1748,0,1782361156.074783,0.0022611618041992188
216158,normal,316,0,1782361156.076687,0.0019040107727050781
216159,normal,2297,0,1782361156.0788906,0.0022034645080566406
216160,normal,694,0,1782361156.080567,0.001676321029663086
216161,normal,1319,1,1782361156.0827777,0.002210855484008789
216162,normal,1926,0,1782361156.0848205,0.0020427703857421875
216163,normal,3647,0,1782361156.0867476,0.0019271373748779297
216164,normal,932,2,1782361156.0885153,0.0017676353454589844
216165,normal,225,0,1782361156.0907316,0.002216339111328125
216166,normal,369,0,1782361156.092544,0.0018124580383300781
216167,normal,2482,0,1782361156.0949254,0.0023813247680664062
216168,normal,2826,0,1782361156.0965662,0.0016407966613769531
216169,normal,3266,1,1782361156.098912,0.0023458003997802734
216170,normal,962,2,1782361156.1006005,0.0016884803771972656
216171,normal,2481,0,1782361156.1029015,0.0023009777069091797
216172,normal,804,2,1782361156.104565,0.0016634464263916016
216173,normal,3117,1,1782361156.1068995,0.0023345947265625
216174,normal,86,0,1782361156.108566,0.0016665458679199219
216175,normal,819,2,1782361156.1109035,0.0023374557495117188
216176,normal,2473,0,1782361156.112727,0.00182342529296875
216177,normal,1837,0,1782361156.1145644,0.0018374919891357422
216178,normal,106,0,1782361156.1167762,0.0022118091583251953
216179,normal,1168,0,1782361156.1187208,0.0019445419311523438
216180,normal,3001,0,1782361156.1205647,0.0018439292907714844
216181,normal,3488,0,1782361156.1229084,0.0023436546325683594
216182,normal,3242,1,1782361156.1247442,0.0018358230590820312
216183,normal,2047,0,1782361156.1265666,0.0018224716186523438
216184,normal,1490,0,1782361156.1289053,0.0023386478424072266
216185,normal,1747,0,1782361156.130721,0.0018157958984375
216186,normal,437,0,1782361156.1326523,0.0019311904907226562
216187,normal,2043,0,1782361156.1345558,0.001903533935546875
216188,normal,2810,0,1782361156.136769,0.0022132396697998047
216189,normal,3417,0,1782361156.138505,0.0017359256744384766
216190,normal,2213,0,1782361156.1407685,0.0022635459899902344
216191,normal,707,0,1782361156.1425915,0.0018229484558105469
216192,normal,700,0,1782361156.1448267,0.0022351741790771484
216193,normal,3699,0,1782361156.146614,0.001787424087524414
216194,normal,1716,0,1782361156.1488833,0.002269268035888672
216195,normal,280,0,1782361156.150537,0.0016536712646484375
216196,normal,8,0,1782361156.1527846,0.0022475719451904297
216197,normal,3403,0,1782361156.1546867,0.0019021034240722656
216198,normal,2488,0,1782361156.1567872,0.0021004676818847656
216199,normal,1262,0,1782361156.1587148,0.0019276142120361328
216200,normal,1022,2,1782361156.160893,0.002178192138671875
216201,normal,3059,1,1782361156.1625645,0.0016715526580810547
216202,normal,2725,0,1782361156.1649146,0.0023500919342041016
216203,normal,3623,0,1782361156.1665287,0.0016140937805175781
216204,normal,706,0,1782361156.1685097,0.001981019973754883
216205,normal,2281,0,1782361156.1707132,0.0022034645080566406
216206,normal,1398,0,1782361156.1724713,0.0017580986022949219
216207,normal,3318,1,1782361156.1745465,0.0020751953125
216208,normal,2814,0,1782361156.1764665,0.0019199848175048828
216209,normal,1957,0,1782361156.178653,0.0021865367889404297
216210,normal,582,0,1782361156.1804683,0.0018153190612792969
216211,normal,395,0,1782361156.1826355,0.002167224884033203
216212,normal,1688,0,1782361156.1845653,0.0019297599792480469
216213,normal,63,0,1782361156.1864908,0.0019254684448242188
216214,normal,2323,0,1782361156.188522,0.0020313262939453125
216215,normal,2233,0,1782361156.1905217,0.0019996166229248047
216216,normal,1295,0,1782361156.1924658,0.0019440650939941406
216217,normal,1245,0,1782361156.1945193,0.002053499221801758
216218,normal,79,0,1782361156.196508,0.001988649368286133
216219,normal,2087,0,1782361156.1985316,0.0020236968994140625
216220,normal,959,2,1782361156.2004652,0.0019335746765136719
216221,normal,2177,0,1782361156.2026534,0.0021882057189941406
216222,normal,55,0,1782361156.2044678,0.0018143653869628906
216223,normal,1074,0,1782361156.2065196,0.002051830291748047
216224,normal,3061,1,1782361156.2086546,0.002135038375854492
216225,normal,2032,0,1782361156.210467,0.0018124580383300781
216226,normal,650,0,1782361156.2125075,0.002040386199951172
216227,normal,2801,0,1782361156.2145176,0.0020101070404052734
216228,normal,143,0,1782361156.2165208,0.002003192901611328
216229,normal,473,0,1782361156.2185178,0.0019969940185546875
216230,normal,3612,0,1782361156.220526,0.002008199691772461
216231,normal,447,0,1782361156.2224689,0.0019428730010986328
216232,normal,749,0,1782361156.2246583,0.0021893978118896484
216233,normal,2689,0,1782361156.2264667,0.0018084049224853516
216234,normal,1673,0,1782361156.2285092,0.002042531967163086
216235,normal,2427,0,1782361156.2305088,0.0019996166229248047
216236,normal,3674,0,1782361156.2326543,0.002145528793334961
216237,normal,1489,0,1782361156.2344663,0.001811981201171875
216238,normal,1952,0,1782361156.2365189,0.0020525455474853516
216239,normal,1893,0,1782361156.238518,0.0019991397857666016
216240,normal,3415,0,1782361156.2404618,0.001943826675415039
216241,normal,3221,1,1782361156.242509,0.0020470619201660156
216242,normal,2836,0,1782361156.2445173,0.0020084381103515625
216243,normal,1627,0,1782361156.2464633,0.0019459724426269531
216244,normal,1956,0,1782361156.2485397,0.002076387405395508
216245,normal,3499,0,1782361156.2506497,0.002110004425048828
216246,normal,855,2,1782361156.2524688,0.0018191337585449219
216247,normal,815,2,1782361156.2545075,0.002038717269897461
216248,normal,22,0,1782361156.256658,0.0021505355834960938
216249,normal,2189,0,1782361156.2584653,0.0018072128295898438
216250,normal,2619,0,1782361156.260521,0.002055644989013672
216251,normal,1341,1,1782361156.262528,0.002007007598876953
216252,normal,3345,1,1782361156.2644644,0.0019364356994628906
216253,normal,2934,0,1782361156.2665188,0.002054452896118164
216254,normal,1881,0,1782361156.2687657,0.002246856689453125
216255,normal,3123,1,1782361156.2704637,0.0016980171203613281
216256,normal,1595,0,1782361156.272522,0.002058267593383789
216257,normal,1141,0,1782361156.2745209,0.0019989013671875
216258,normal,934,2,1782361156.2764661,0.0019452571868896484
216259,normal,2449,0,1782361156.2785192,0.0020530223846435547
216260,normal,2741,0,1782361156.2806292,0.002110004425048828
216261,normal,1381,1,1782361156.2824667,0.0018374919891357422
216262,normal,3397,1,1782361156.2845306,0.0020639896392822266
216263,normal,7,0,1782361156.2866967,0.0021660327911376953
216264,normal,2330,0,1782361156.288467,0.0017702579498291016
216265,normal,39,0,1782361156.2905085,0.0020415782928466797
216266,normal,486,0,1782361156.2925193,0.002010822296142578
216267,normal,3518,0,1782361156.2944665,0.001947164535522461
216268,normal,2761,0,1782361156.2965631,0.0020966529846191406
216269,normal,42,0,1782361156.2985227,0.001959562301635742
216270,normal,2696,0,1782361156.3006577,0.002135038375854492
216271,normal,3309,1,1782361156.302715,0.002057313919067383
216272,normal,3517,0,1782361156.3045852,0.0018701553344726562
216273,normal,626,0,1782361156.3065538,0.0019686222076416016
216274,normal,2656,0,1782361156.3085024,0.0019485950469970703
216275,normal,3340,1,1782361156.310514,0.002011537551879883
216276,normal,1290,0,1782361156.3125212,0.0020072460174560547
216277,normal,1147,0,1782361156.314584,0.0020627975463867188
216278,normal,1217,0,1782361156.316818,0.0022339820861816406
216279,normal,2265,0,1782361156.318607,0.001789093017578125
216280,normal,1711,0,1782361156.3206546,0.0020475387573242188
216281,normal,1507,0,1782361156.3227146,0.0020599365234375
216282,normal,747,0,1782361156.3245184,0.0018038749694824219
216283,normal,1787,0,1782361156.3266196,0.0021011829376220703
216284,normal,205,0,1782361156.328606,0.001986265182495117
216285,normal,1752,0,1782361156.3305078,0.001901865005493164
216286,normal,1085,0,1782361156.3326185,0.002110719680786133
216287,normal,2118,0,1782361156.3346221,0.0020036697387695312
216288,normal,1625,0,1782361156.3365226,0.0019004344940185547
216289,normal,3220,1,1782361156.338517,0.0019943714141845703
216290,normal,2347,0,1782361156.340638,0.0021209716796875
216291,normal,1110,0,1782361156.3425097,0.0018718242645263672
216292,normal,2853,0,1782361156.344606,0.0020961761474609375
216293,normal,1934,0,1782361156.346646,0.0020401477813720703
216294,normal,2633,0,1782361156.3486855,0.0020394325256347656
216295,normal,3026,0,1782361156.3505995,0.0019140243530273438
216296,normal,2101,0,1782361156.3525615,0.001961946487426758
216297,normal,2787,0,1782361156.3545492,0.0019876956939697266
216298,normal,3367,1,1782361156.3564987,0.0019495487213134766
216299,normal,1553,0,1782361156.3586934,0.002194643020629883
216300,normal,2476,0,1782361156.360566,0.0018725395202636719
216301,normal,1156,0,1782361156.3625197,0.0019538402557373047
216302,normal,2144,0,1782361156.3646414,0.0021216869354248047
216303,normal,2885,0,1782361156.3668144,0.0021729469299316406
216304,normal,534,0,1782361156.3686397,0.0018253326416015625
216305,normal,1045,0,1782361156.37116,0.002520322799682617
216306,normal,1323,1,1782361156.3725584,0.001398324966430664
216307,normal,2574,0,1782361156.3745034,0.0019450187683105469
216308,normal,1401,0,1782361156.376589,0.0020856857299804688
216309,normal,1885,0,1782361156.3785238,0.0019347667694091797
216310,normal,290,0,1782361156.3807063,0.002182483673095703
216311,normal,1418,0,1782361156.382698,0.001991748809814453
216312,normal,1830,0,1782361156.3846889,0.001990795135498047
216313,normal,65,0,1782361156.3867178,0.002028942108154297
216314,normal,1879,0,1782361156.388689,0.0019712448120117188
216315,normal,2727,0,1782361156.390587,0.001898050308227539
216316,normal,2882,0,1782361156.3925595,0.0019724369049072266
216317,normal,48,0,1782361156.3945122,0.0019526481628417969
216318,normal,1649,0,1782361156.3966827,0.002170562744140625
216319,normal,297,0,1782361156.398607,0.001924276351928711
216320,normal,238,0,1782361156.4006436,0.002036571502685547
216321,normal,3043,0,1782361156.4027095,0.002065896987915039
216322,normal,3091,1,1782361156.4047096,0.002000093460083008
216323,normal,3339,1,1782361156.4066777,0.0019681453704833984
216324,normal,1620,0,1782361156.4085512,0.0018734931945800781
216325,normal,2794,0,1782361156.4106252,0.002074003219604492
216326,normal,1820,0,1782361156.4126391,0.0020139217376708984
216327,normal,2802,0,1782361156.414685,0.002045869827270508
216328,normal,1431,0,1782361156.4166265,0.0019414424896240234
216329,normal,2688,0,1782361156.4186192,0.0019927024841308594
216330,normal,164,0,1782361156.420612,0.001992940902709961
216331,normal,2527,0,1782361156.4225552,0.0019431114196777344
216332,normal,3195,1,1782361156.424716,0.002160787582397461
216333,normal,305,0,1782361156.426535,0.0018188953399658203
216334,normal,1678,0,1782361156.42875,0.002215147018432617
216335,normal,907,2,1782361156.4307456,0.001995563507080078
216336,normal,2097,0,1782361156.4327874,0.0020418167114257812
216337,normal,1676,0,1782361156.4347482,0.00196075439453125
216338,normal,1501,0,1782361156.4368138,0.0020656585693359375
216339,normal,327,0,1782361156.4385529,0.0017390251159667969
216340,normal,2432,0,1782361156.4406555,0.0021026134490966797
216341,normal,221,0,1782361156.4425247,0.00186920166015625
216342,normal,318,0,1782361156.44461,0.002085447311401367
216343,normal,2752,0,1782361156.4465766,0.0019664764404296875
216344,normal,2491,0,1782361156.4488277,0.002251148223876953
216345,normal,2837,0,1782361156.450491,0.0016632080078125
216346,normal,3270,1,1782361156.4525588,0.0020678043365478516
216347,normal,1143,0,1782361156.4545581,0.001999378204345703
216348,normal,3152,1,1782361156.4565823,0.0020241737365722656
216349,normal,3513,0,1782361156.4586794,0.0020971298217773438
216350,normal,1465,0,1782361156.4608283,0.002148866653442383
216351,normal,1759,0,1782361156.4627485,0.0019202232360839844
216352,normal,1031,0,1782361156.4649255,0.002177000045776367
216353,normal,2645,0,1782361156.4667342,0.0018086433410644531
216354,normal,71,0,1782361156.4685142,0.0017800331115722656
216355,normal,1127,0,1782361156.470595,0.002080678939819336
216356,normal,1293,0,1782361156.4738483,0.003253459930419922
216357,normal,267,0,1782361156.4745965,0.0007481575012207031
216358,normal,3384,1,1782361156.4766214,0.0020248889923095703
216359,normal,2058,0,1782361156.478547,0.0019257068634033203
216360,normal,923,2,1782361156.480449,0.001901865005493164
216361,normal,3704,0,1782361156.4825666,0.002117633819580078
216362,normal,366,0,1782361156.4845593,0.0019927024841308594
216363,normal,1316,0,1782361156.4864578,0.0018985271453857422
216364,normal,2045,0,1782361156.4886017,0.00214385986328125
216365,normal,83,0,1782361156.4905572,0.0019555091857910156
216366,normal,1077,0,1782361156.4925075,0.0019502639770507812
216367,normal,319,0,1782361156.4945593,0.002051830291748047
216368,normal,2774,0,1782361156.4967682,0.0022089481353759766
216369,normal,1338,1,1782361156.4986222,0.00185394287109375
216370,normal,2738,0,1782361156.5006096,0.001987457275390625
216371,normal,1152,0,1782361156.502696,0.0020864009857177734
216372,normal,1241,0,1782361156.5046024,0.0019063949584960938
216373,normal,2420,0,1782361156.506475,0.0018725395202636719
216374,normal,1877,0,1782361156.508947,0.002471923828125
216375,normal,2762,0,1782361156.5106564,0.0017094612121582031
216376,normal,3112,1,1782361156.5125155,0.0018591880798339844
216377,normal,1282,0,1782361156.5146904,0.002174854278564453
216378,normal,3695,0,1782361156.5165894,0.0018990039825439453
216379,normal,3652,0,1782361156.5184965,0.0019071102142333984
216380,normal,263,0,1782361156.520556,0.002059459686279297
216381,normal,2160,0,1782361156.5224774,0.0019214153289794922
216382,normal,2121,0,1782361156.524545,0.00206756591796875
216383,normal,2887,0,1782361156.5265257,0.0019807815551757812
216384,normal,1593,0,1782361156.5285056,0.001979827880859375
216385,normal,555,0,1782361156.530479,0.001973390579223633
216386,normal,112,0,1782361156.5326402,0.002161264419555664
216387,normal,1224,0,1782361156.5346432,0.0020029544830322266
216388,normal,3170,1,1782361156.536679,0.002035856246948242
216389,normal,878,2,1782361156.5386558,0.0019767284393310547
216390,normal,2840,0,1782361156.5405135,0.001857757568359375
216391,normal,393,0,1782361156.5426266,0.0021131038665771484
216392,normal,2598,0,1782361156.544651,0.002024412155151367
216393,normal,3262,1,1782361156.5467052,0.0020542144775390625
216394,normal,271,0,1782361156.548533,0.0018277168273925781
216395,normal,2664,0,1782361156.5506032,0.002070188522338867
216396,normal,2697,0,1782361156.5525227,0.0019195079803466797
216397,normal,332,0,1782361156.5546188,0.0020961761474609375
216398,normal,3267,1,1782361156.5566192,0.0020003318786621094
216399,normal,857,2,1782361156.5587,0.0020809173583984375
216400,normal,640,0,1782361156.5605805,0.0018804073333740234
216401,normal,2552,0,1782361156.5626276,0.0020470619201660156
216402,normal,2293,0,1782361156.5647185,0.002090930938720703
216403,normal,328,0,1782361156.56648,0.0017614364624023438
216404,normal,3371,1,1782361156.5685992,0.002119302749633789
216405,normal,568,0,1782361156.5705948,0.001995563507080078
216406,normal,3190,1,1782361156.572596,0.0020012855529785156
216407,normal,2496,0,1782361156.574614,0.002017974853515625
216408,normal,1068,0,1782361156.5766525,0.0020384788513183594
216409,normal,1760,0,1782361156.5786183,0.001965761184692383
216410,normal,2687,0,1782361156.580692,0.0020737648010253906
216411,normal,335,0,1782361156.5826225,0.0019304752349853516
216412,normal,2175,0,1782361156.5846226,0.002000093460083008
216413,normal,642,0,1782361156.5866156,0.001992940902709961
216414,normal,1348,1,1782361156.5886323,0.002016782760620117
216415,normal,2557,0,1782361156.5905957,0.001963376998901367
216416,normal,475,0,1782361156.5926154,0.002019643783569336
216417,normal,2179,0,1782361156.594591,0.001975536346435547
216418,normal,3380,1,1782361156.5966997,0.0021088123321533203
216419,normal,1910,0,1782361156.5986109,0.001911163330078125
216420,normal,73,0,1782361156.6006577,0.002046823501586914
216421,normal,665,0,1782361156.6027257,0.002068042755126953
216422,normal,2267,0,1782361156.6046464,0.0019207000732421875
216423,normal,1915,0,1782361156.6066453,0.0019989013671875
216424,normal,1608,0,1782361156.6087239,0.002078533172607422
216425,normal,792,2,1782361156.6106524,0.001928567886352539
216426,normal,1455,0,1782361156.61251,0.0018575191497802734
216427,normal,3572,0,1782361156.614586,0.0020761489868164062
216428,normal,1330,1,1782361156.6166,0.0020139217376708984
216429,normal,2337,0,1782361156.618731,0.0021309852600097656
216430,normal,3386,1,1782361156.6204581,0.0017271041870117188
216431,normal,596,0,1782361156.6225753,0.002117156982421875
216432,normal,2111,0,1782361156.624585,0.0020096302032470703
216433,normal,424,0,1782361156.6266,0.0020151138305664062
216434,normal,2818,0,1782361156.6286263,0.0020263195037841797
216435,normal,619,0,1782361156.630761,0.002134561538696289
216436,normal,1518,0,1782361156.6326036,0.0018427371978759766
216437,normal,2039,0,1782361156.6357646,0.0031609535217285156
216438,normal,1220,0,1782361156.6366308,0.0008661746978759766
216439,normal,504,0,1782361156.638587,0.0019562244415283203
216440,normal,975,2,1782361156.640623,0.0020360946655273438
216441,normal,2263,0,1782361156.6426396,0.0020165443420410156
216442,normal,2229,0,1782361156.6446147,0.0019750595092773438
216443,normal,2566,0,1782361156.646867,0.002252340316772461
216444,normal,3528,0,1782361156.64853,0.0016629695892333984
216445,normal,2030,0,1782361156.6506102,0.002080202102661133
216446,normal,542,0,1782361156.6526325,0.002022266387939453
216447,normal,3591,0,1782361156.654475,0.001842498779296875
216448,normal,1096,0,1782361156.6565595,0.002084493637084961
216449,normal,2187,0,1782361156.6586037,0.002044200897216797
216450,normal,3228,1,1782361156.660477,0.0018732547760009766
216451,normal,3677,0,1782361156.662579,0.0021021366119384766
216452,normal,2399,0,1782361156.6645868,0.002007722854614258
216453,normal,2042,0,1782361156.666513,0.0019261837005615234
216454,normal,3082,1,1782361156.6686285,0.002115488052368164
216455,normal,2129,0,1782361156.6707606,0.0021321773529052734
216456,normal,714,0,1782361156.672589,0.0018284320831298828
216457,normal,1641,0,1782361156.674592,0.0020029544830322266
216458,normal,1012,2,1782361156.676742,0.0021500587463378906
216459,normal,1534,0,1782361156.6785471,0.0018050670623779297
216460,normal,2078,0,1782361156.6804788,0.0019316673278808594
216461,normal,2957,0,1782361156.6825583,0.002079486846923828
216462,normal,633,0,1782361156.6846383,0.0020799636840820312
216463,normal,3576,0,1782361156.6866205,0.0019822120666503906
216464,normal,1387,0,1782361156.6886878,0.0020673274993896484
216465,normal,1157,0,1782361156.690631,0.0019431114196777344
216466,normal,3275,1,1782361156.6926117,0.0019807815551757812
216467,normal,2455,0,1782361156.6945662,0.0019545555114746094
216468,normal,3078,1,1782361156.696802,0.0022356510162353516
216469,normal,2460,0,1782361156.6988666,0.0020647048950195312
216470,normal,3663,0,1782361156.7007158,0.0018491744995117188
216471,normal,1230,0,1782361156.702703,0.0019872188568115234
216472,normal,3530,0,1782361156.7045324,0.001829385757446289
216473,normal,2423,0,1782361156.7066498,0.0021173954010009766
216474,normal,1969,0,1782361156.7085958,0.0019459724426269531
216475,normal,3477,0,1782361156.7108223,0.002226591110229492
216476,normal,102,0,1782361156.712596,0.0017735958099365234
216477,normal,829,2,1782361156.7145112,0.0019152164459228516
216478,normal,3504,0,1782361156.7168562,0.0023450851440429688
216479,normal,552,0,1782361156.718598,0.001741647720336914
216480,normal,971,2,1782361156.720618,0.002020120620727539
216481,normal,2469,0,1782361156.7225232,0.001905202865600586
216482,normal,2110,0,1782361156.724629,0.002105712890625
216483,normal,2959,0,1782361156.726544,0.00191497802734375
216484,normal,2324,0,1782361156.7286615,0.002117633819580078
216485,normal,3561,0,1782361156.7306492,0.0019876956939697266
216486,normal,2838,0,1782361156.7327695,0.0021202564239501953
216487,normal,3107,1,1782361156.7346256,0.001856088638305664
216488,normal,3028,0,1782361156.7366185,0.001992940902709961
216489,normal,2501,0,1782361156.7386096,0.0019910335540771484
216490,normal,3276,1,1782361156.7406056,0.0019960403442382812
216491,normal,249,0,1782361156.742706,0.0021004676818847656
216492,normal,2383,0,1782361156.744821,0.002115011215209961
216493,normal,1382,0,1782361156.7465634,0.0017423629760742188
216494,normal,1001,2,1782361156.7486334,0.0020699501037597656
216495,normal,2067,0,1782361156.750719,0.0020856857299804688
216496,normal,2973,0,1782361156.7526078,0.0018887519836425781
216497,normal,1583,0,1782361156.7545955,0.0019876956939697266
216498,normal,1867,0,1782361156.7565923,0.001996755599975586
216499,normal,2946,0,1782361156.7586205,0.002028226852416992
216500,normal,2378,0,1782361156.7607327,0.002112150192260742
216501,normal,1799,0,1782361156.762518,0.0017852783203125
216502,normal,2419,0,1782361156.7647464,0.0022284984588623047
216503,normal,622,0,1782361156.766788,0.0020415782928466797
216504,normal,3566,0,1782361156.7687702,0.0019822120666503906
216505,normal,2375,0,1782361156.7707367,0.0019664764404296875
216506,normal,3525,0,1782361156.7727737,0.00203704833984375
216507,normal,3406,0,1782361156.7745912,0.001817464828491211
216508,normal,2547,0,1782361156.7767525,0.002161264419555664
216509,normal,636,0,1782361156.7785165,0.001764059066772461
216510,normal,3344,1,1782361156.7805827,0.0020661354064941406
216511,normal,3385,1,1782361156.7825885,0.0020058155059814453
216512,normal,43,0,1782361156.7845893,0.0020008087158203125
216513,normal,3387,1,1782361156.7867231,0.0021338462829589844
216514,normal,2448,0,1782361156.7884583,0.0017352104187011719
216515,normal,2369,0,1782361156.7905622,0.0021038055419921875
216516,normal,2662,0,1782361156.7925086,0.0019464492797851562
216517,normal,3574,0,1782361156.7945962,0.0020875930786132812
216518,normal,1266,0,1782361156.7970314,0.0024352073669433594
216519,normal,498,0,1782361156.7985895,0.001558065414428711
216520,normal,849,2,1782361156.8009207,0.002331256866455078
216521,normal,3506,0,1782361156.8025608,0.0016400814056396484
216522,normal,1741,0,1782361156.8046174,0.002056598663330078
216523,normal,2237,0,1782361156.8066218,0.002004384994506836
216524,normal,2492,0,1782361156.8086576,0.002035856246948242
216525,normal,3126,1,1782361156.8108182,0.0021605491638183594
216526,normal,1776,0,1782361156.8125193,0.0017011165618896484
216527,normal,1285,0,1782361156.8146036,0.0020842552185058594
216528,normal,867,2,1782361156.8165555,0.0019519329071044922
216529,normal,3055,1,1782361156.8186212,0.0020656585693359375
216530,normal,360,0,1782361156.820614,0.001992940902709961
216531,normal,1740,0,1782361156.822974,0.0023598670959472656
216532,normal,2145,0,1782361156.8251085,0.002134561538696289
216533,normal,717,0,1782361156.8268635,0.0017549991607666016
216534,normal,903,2,1782361156.8287892,0.0019257068634033203
216535,normal,3079,1,1782361156.830683,0.001893758773803711
216536,normal,769,0,1782361156.8327596,0.0020766258239746094
216537,normal,1249,0,1782361156.8346167,0.0018570423126220703
216538,normal,2413,0,1782361156.8366265,0.002009868621826172
216539,normal,1925,0,1782361156.8385954,0.001968860626220703
216540,normal,2180,0,1782361156.8405998,0.002004384994506836
216541,normal,1630,0,1782361156.8425658,0.0019659996032714844
216542,normal,3556,0,1782361156.8446238,0.0020580291748046875
216543,normal,2967,0,1782361156.8466237,0.0019998550415039062
216544,normal,417,0,1782361156.8486207,0.0019969940185546875
216545,normal,3153,1,1782361156.8506012,0.0019805431365966797
216546,normal,3244,1,1782361156.8526495,0.0020482540130615234
216547,normal,2314,0,1782361156.8546212,0.001971721649169922
216548,normal,1528,0,1782361156.856708,0.0020868778228759766
216549,normal,1742,0,1782361156.858589,0.0018808841705322266
216550,normal,456,0,1782361156.8606277,0.002038717269897461
216551,normal,2300,0,1782361156.8626215,0.001993894577026367
216552,normal,919,2,1782361156.8646245,0.0020029544830322266
216553,normal,298,0,1782361156.8666024,0.0019779205322265625
216554,normal,2084,0,1782361156.8687267,0.002124309539794922
216555,normal,2280,0,1782361156.8704953,0.0017685890197753906
216556,normal,1375,1,1782361156.8726149,0.0021195411682128906
216557,normal,2295,0,1782361156.8746216,0.0020067691802978516
216558,normal,1299,0,1782361156.876622,0.0020003318786621094
216559,normal,307,0,1782361156.878611,0.001989126205444336
216560,normal,1523,0,1782361156.8806186,0.0020074844360351562
216561,normal,826,2,1782361156.882647,0.0020284652709960938
216562,normal,1585,0,1782361156.885517,0.002869844436645508
216563,normal,3451,0,1782361156.886751,0.0012340545654296875
216564,normal,2804,0,1782361156.8884866,0.001735687255859375
216565,normal,786,2,1782361156.8906271,0.002140522003173828
216566,normal,443,0,1782361156.8925571,0.0019299983978271484
216567,normal,1708,0,1782361156.894471,0.0019137859344482422
216568,normal,1416,0,1782361156.8965416,0.0020706653594970703
216569,normal,3135,1,1782361156.8985493,0.002007722854614258
216570,normal,2356,0,1782361156.9005287,0.001979351043701172
216571,normal,2901,0,1782361156.9025376,0.0020089149475097656
216572,normal,2235,0,1782361156.9046817,0.0021440982818603516
216573,normal,1415,0,1782361156.9065325,0.0018508434295654297
216574,normal,624,0,1782361156.9085145,0.001981973648071289
216575,normal,662,0,1782361156.9105859,0.002071380615234375
216576,normal,1084,0,1782361156.9125164,0.0019304752349853516
216577,normal,2829,0,1782361156.9145427,0.0020263195037841797
216578,normal,1214,0,1782361156.9165835,0.002040863037109375
216579,normal,113,0,1782361156.9184623,0.0018787384033203125
216580,normal,3560,0,1782361156.9206083,0.002146005630493164
216581,normal,3600,0,1782361156.9226553,0.0020470619201660156
216582,normal,709,0,1782361156.924539,0.0018837451934814453
216583,normal,426,0,1782361156.9265227,0.001983642578125
216584,normal,2590,0,1782361156.9286413,0.0021185874938964844
216585,normal,1349,1,1782361156.9305875,0.0019462108612060547
216586,normal,192,0,1782361156.932616,0.0020284652709960938
216587,normal,1423,0,1782361156.9346902,0.0020742416381835938
216588,normal,216,0,1782361156.9364822,0.0017919540405273438
216589,normal,2980,0,1782361156.9385304,0.0020482540130615234
216590,normal,2502,0,1782361156.9405265,0.0019960403442382812
216591,normal,355,0,1782361156.9424891,0.0019626617431640625
216592,normal,898,2,1782361156.9445093,0.002020120620727539
216593,normal,495,0,1782361156.9465454,0.0020360946655273438
216594,normal,3698,0,1782361156.9484546,0.0019092559814453125
216595,normal,3315,1,1782361156.9505367,0.0020821094512939453
216596,normal,2563,0,1782361156.9526577,0.0021209716796875
216597,normal,2359,0,1782361156.9545875,0.0019297599792480469
216598,normal,3683,0,1782361156.956836,0.002248525619506836
216599,normal,3400,1,1782361156.9587762,0.0019402503967285156
216600,normal,3422,0,1782361156.960688,0.0019118785858154297
216601,normal,3180,1,1782361156.9626224,0.0019342899322509766
216602,normal,3215,1,1782361156.964642,0.002019643783569336
216603,normal,3141,1,1782361156.9666464,0.002004384994506836
216604,normal,1332,1,1782361156.9690673,0.0024209022521972656
216605,normal,947,2,1782361156.9705427,0.0014753341674804688
216606,normal,3602,0,1782361156.9731693,0.002626657485961914
216607,normal,1243,0,1782361156.974901,0.0017316341400146484
216608,normal,3483,0,1782361156.9767206,0.001819610595703125
216609,normal,1653,0,1782361156.978677,0.001956462860107422
216610,normal,3127,1,1782361156.9806135,0.0019364356994628906
216611,normal,3390,1,1782361156.9826298,0.002016305923461914
216612,normal,711,0,1782361156.9846385,0.002008676528930664
216613,normal,2377,0,1782361156.9866168,0.0019783973693847656
216614,normal,696,0,1782361156.9886043,0.001987457275390625
216615,normal,1208,0,1782361156.9906788,0.0020744800567626953
216616,normal,2438,0,1782361156.9925654,0.001886606216430664
216617,normal,935,2,1782361156.9946392,0.0020737648010253906
216618,normal,1253,0,1782361156.9967854,0.0021462440490722656
216619,normal,1558,0,1782361156.9987354,0.0019500255584716797
216620,normal,3434,0,1782361157.0007684,0.0020329952239990234
216621,normal,3617,0,1782361157.0026774,0.001909017562866211
216622,normal,2055,0,1782361157.004692,0.002014636993408203
216623,normal,149,0,1782361157.0066962,0.0020041465759277344
216624,normal,1695,0,1782361157.008623,0.0019266605377197266
216625,normal,564,0,1782361157.0106027,0.001979827880859375
216626,normal,1680,0,1782361157.0126326,0.002029895782470703
216627,normal,1645,0,1782361157.0145936,0.0019609928131103516
216628,normal,492,0,1782361157.0167096,0.002115964889526367
216629,normal,687,0,1782361157.0187023,0.0019927024841308594
216630,normal,2647,0,1782361157.0206587,0.001956462860107422
216631,normal,1578,0,1782361157.022702,0.0020432472229003906
216632,normal,3240,1,1782361157.024616,0.0019140243530273438
216633,normal,2843,0,1782361157.0267358,0.002119779586791992
216634,normal,1216,0,1782361157.0286336,0.0018978118896484375
216635,normal,2387,0,1782361157.0308063,0.002172708511352539
216636,normal,925,2,1782361157.0325437,0.001737356185913086
216637,normal,3596,0,1782361157.0346582,0.002114534378051758
216638,normal,483,0,1782361157.0367098,0.0020515918731689453
216639,normal,1395,0,1782361157.038687,0.001977205276489258
216640,normal,2248,0,1782361157.0410123,0.002325296401977539
216641,normal,1586,0,1782361157.0425472,0.0015349388122558594
216642,normal,1013,2,1782361157.0445065,0.0019593238830566406
216643,normal,220,0,1782361157.0465124,0.0020058155059814453
216644,normal,2480,0,1782361157.0485625,0.002050161361694336
216645,normal,1049,0,1782361157.0504925,0.0019299983978271484
216646,normal,294,0,1782361157.0527565,0.0022640228271484375
216647,normal,1337,1,1782361157.0546255,0.0018689632415771484
216648,normal,1548,0,1782361157.0566087,0.001983165740966797
216649,normal,2313,0,1782361157.0587118,0.002103090286254883
216650,normal,2978,0,1782361157.060634,0.0019221305847167969
216651,normal,999,2,1782361157.0626059,0.0019719600677490234
216652,normal,2411,0,1782361157.0646927,0.0020868778228759766
216653,normal,359,0,1782361157.0666294,0.0019366741180419922
216654,normal,1420,0,1782361157.068598,0.0019686222076416016
216655,normal,2830,0,1782361157.0707505,0.0021524429321289062
216656,normal,2998,0,1782361157.072691,0.0019404888153076172
216657,normal,3150,1,1782361157.0747976,0.0021066665649414062
216658,normal,951,2,1782361157.0767362,0.0019385814666748047
216659,normal,2342,0,1782361157.0787947,0.0020585060119628906
216660,normal,746,0,1782361157.0805962,0.0018014907836914062
216661,normal,251,0,1782361157.0826392,0.002043008804321289
216662,normal,2996,0,1782361157.0846457,0.00200653076171875
216663,normal,632,0,1782361157.086601,0.001955270767211914
216664,normal,3346,1,1782361157.088594,0.001992940902709961
216665,normal,3605,0,1782361157.0905843,0.0019903182983398438
216666,normal,639,0,1782361157.0926213,0.00203704833984375
216667,normal,3149,1,1782361157.0946794,0.0020580291748046875
216668,normal,2580,0,1782361157.0966408,0.0019614696502685547
216669,normal,3579,0,1782361157.098545,0.0019042491912841797
216670,normal,3116,1,1782361157.1007223,0.0021772384643554688
216671,normal,1321,1,1782361157.1027303,0.0020079612731933594
216672,normal,775,2,1782361157.1046093,0.001878976821899414
216673,normal,2253,0,1782361157.1067266,0.0021173954010009766
216674,normal,2426,0,1782361157.1085863,0.0018596649169921875
216675,normal,2778,0,1782361157.1105797,0.001993417739868164
216676,normal,2577,0,1782361157.1125653,0.0019855499267578125
216677,normal,963,2,1782361157.1147149,0.0021495819091796875
216678,normal,625,0,1782361157.1164908,0.001775979995727539
216679,normal,3299,1,1782361157.1185791,0.002088308334350586
216680,normal,2864,0,1782361157.120597,0.0020177364349365234
216681,normal,3373,1,1782361157.1225665,0.001969575881958008
216682,normal,3182,1,1782361157.12461,0.002043485641479492
216683,normal,2132,0,1782361157.126769,0.00215911865234375
216684,normal,886,2,1782361157.128603,0.0018339157104492188
216685,normal,502,0,1782361157.130782,0.0021789073944091797
216686,normal,2242,0,1782361157.132563,0.0017812252044677734
216687,normal,2971,0,1782361157.1345987,0.0020356178283691406
216688,normal,2368,0,1782361157.1366029,0.0020041465759277344
216689,normal,387,0,1782361157.1386156,0.0020127296447753906
216690,normal,3376,1,1782361157.14078,0.0021643638610839844
216691,normal,2874,0,1782361157.1424742,0.0016942024230957031
216692,normal,3613,0,1782361157.1445873,0.0021131038665771484
216693,normal,1565,0,1782361157.146611,0.0020236968994140625
216694,normal,1191,0,1782361157.148613,0.0020020008087158203
216695,normal,3664,0,1782361157.150628,0.0020151138305664062
216696,normal,3159,1,1782361157.152589,0.0019609928131103516
216697,normal,1722,0,1782361157.1546412,0.0020520687103271484
216698,normal,1542,0,1782361157.1566427,0.002001523971557617
216699,normal,2028,0,1782361157.158791,0.0021483898162841797
216700,normal,2453,0,1782361157.1605744,0.0017833709716796875
216701,normal,2202,0,1782361157.1628401,0.0022656917572021484
216702,normal,727,0,1782361157.164623,0.0017828941345214844
216703,normal,571,0,1782361157.1667192,0.0020961761474609375
216704,normal,2148,0,1782361157.168783,0.002063751220703125
216705,normal,75,0,1782361157.170607,0.0018241405487060547
216706,normal,338,0,1782361157.1727524,0.0021452903747558594
216707,normal,3368,1,1782361157.1748533,0.0021009445190429688
216708,normal,2735,0,1782361157.1766925,0.0018391609191894531
216709,normal,1808,0,1782361157.1786814,0.0019888877868652344
216710,normal,1276,0,1782361157.1808536,0.002172231674194336
216711,normal,3389,1,1782361157.1830149,0.002161264419555664
216712,normal,820,2,1782361157.1845315,0.001516580581665039
216713,normal,1874,0,1782361157.1866012,0.002069711685180664
216714,normal,1218,0,1782361157.188736,0.0021347999572753906
216715,normal,1560,0,1782361157.1905818,0.0018458366394042969
216716,normal,900,2,1782361157.1926212,0.0020394325256347656
216717,normal,942,2,1782361157.1945324,0.001911163330078125
216718,normal,558,0,1782361157.1966155,0.0020830631256103516
216719,normal,875,2,1782361157.1986465,0.002031087875366211
216720,normal,881,2,1782361157.2006364,0.0019898414611816406
216721,normal,3685,0,1782361157.2027104,0.002074003219604492
216722,normal,1180,0,1782361157.2048447,0.0021343231201171875
216723,normal,1174,0,1782361157.206725,0.0018801689147949219
216724,normal,730,0,1782361157.2085161,0.001791238784790039
216725,normal,3024,0,1782361157.2107983,0.0022821426391601562
216726,normal,1008,2,1782361157.212595,0.001796722412109375
216727,normal,1468,0,1782361157.214728,0.0021331310272216797
216728,normal,3241,1,1782361157.21669,0.001961946487426758
216729,normal,2926,0,1782361157.2186515,0.0019614696502685547
216730,normal,3233,1,1782361157.2206378,0.001986265182495117
216731,normal,1652,0,1782361157.2227666,0.0021288394927978516
216732,normal,1151,0,1782361157.2245474,0.0017807483673095703
216733,normal,1861,0,1782361157.2267833,0.002235889434814453
216734,normal,3461,0,1782361157.2286503,0.001867055892944336
216735,normal,465,0,1782361157.230704,0.0020537376403808594
216736,normal,3320,1,1782361157.2326756,0.0019714832305908203
216737,normal,2285,0,1782361157.2347417,0.0020661354064941406
216738,normal,796,2,1782361157.236491,0.001749277114868164
216739,normal,1545,0,1782361157.2386174,0.002126455307006836
216740,normal,3054,1,1782361157.2406318,0.0020143985748291016
216741,normal,265,0,1782361157.2427692,0.002137422561645508
216742,normal,255,0,1782361157.2446303,0.0018610954284667969
216743,normal,2728,0,1782361157.2467637,0.0021333694458007812
216744,normal,2653,0,1782361157.2487166,0.0019528865814208984
216745,normal,1356,1,1782361157.2507133,0.001996755599975586
216746,normal,3157,1,1782361157.2528133,0.0020999908447265625
216747,normal,1756,0,1782361157.2545035,0.0016901493072509766
216748,normal,1025,2,1782361157.2566302,0.0021266937255859375
216749,normal,245,0,1782361157.2586966,0.002066373825073242
216750,normal,336,0,1782361157.260469,0.0017724037170410156
216751,normal,556,0,1782361157.2625945,0.0021255016326904297
216752,normal,784,2,1782361157.264603,0.0020084381103515625
216753,normal,1310,0,1782361157.2665987,0.0019958019256591797
216754,normal,2485,0,1782361157.2687762,0.0021774768829345703
216755,normal,1827,0,1782361157.2706275,0.0018513202667236328
216756,normal,340,0,1782361157.2726955,0.002068042755126953
216757,normal,1576,0,1782361157.2745917,0.0018961429595947266
216758,normal,1883,0,1782361157.2767217,0.0021300315856933594
216759,normal,52,0,1782361157.2786167,0.0018949508666992188
216760,normal,1591,0,1782361157.2806776,0.0020608901977539062
216761,normal,1761,0,1782361157.2827291,0.0020515918731689453
216762,normal,2650,0,1782361157.2845843,0.0018551349639892578
216763,normal,1559,0,1782361157.286597,0.0020127296447753906
216764,normal,2871,0,1782361157.2885938,0.001996755599975586
216765,normal,1973,0,1782361157.2905972,0.0020034313201904297
216766,normal,1802,0,1782361157.2926097,0.002012491226196289
216767,normal,219,0,1782361157.294711,0.002101421356201172
216768,normal,3068,1,1782361157.2965136,0.0018024444580078125
216769,normal,211,0,1782361157.2986066,0.002093076705932617
216770,normal,1124,0,1782361157.300594,0.001987457275390625
216771,normal,2970,0,1782361157.3025973,0.002003192901611328
216772,normal,3229,1,1782361157.3049877,0.0023903846740722656
216773,normal,1225,0,1782361157.3065774,0.0015897750854492188
216774,normal,1308,0,1782361157.3088315,0.002254009246826172
216775,normal,1315,0,1782361157.3105397,0.0017082691192626953
216776,normal,2093,0,1782361157.3126473,0.0021076202392578125
216777,normal,1405,0,1782361157.3146083,0.0019609928131103516
216778,normal,1036,0,1782361157.3166308,0.0020225048065185547
216779,normal,1185,0,1782361157.3187568,0.002125978469848633
216780,normal,2890,0,1782361157.3205621,0.0018053054809570312
216781,normal,876,2,1782361157.3226151,0.0020530223846435547
216782,normal,2855,0,1782361157.324629,0.0020139217376708984
216783,normal,842,2,1782361157.3267272,0.00209808349609375
216784,normal,190,0,1782361157.3285959,0.0018687248229980469
216785,normal,3636,0,1782361157.3306277,0.0020318031311035156
216786,normal,3035,0,1782361157.3326576,0.002029895782470703
216787,normal,5,0,1782361157.3351238,0.0024662017822265625
216788,normal,2071,0,1782361157.336793,0.001669168472290039
216789,normal,997,2,1782361157.3385193,0.001726388931274414
216790,normal,491,0,1782361157.340782,0.002262592315673828
216791,normal,3155,1,1782361157.3427937,0.0020117759704589844
216792,normal,3099,1,1782361157.3447473,0.001953601837158203
216793,normal,3140,1,1782361157.3470943,0.0023469924926757812
216794,normal,1793,0,1782361157.3491533,0.0020589828491210938
216795,normal,3136,1,1782361157.3506172,0.0014638900756835938
216796,normal,1427,0,1782361157.3526268,0.0020096302032470703
216797,normal,920,2,1782361157.3547194,0.002092599868774414
216798,normal,105,0,1782361157.3566158,0.0018963813781738281
216799,normal,2466,0,1782361157.358654,0.002038240432739258
216800,normal,3053,1,1782361157.3606317,0.001977682113647461
216801,normal,1051,0,1782361157.362628,0.001996278762817383
216802,normal,2668,0,1782361157.364488,0.001859903335571289
216803,normal,2943,0,1782361157.3667443,0.0022563934326171875
216804,normal,557,0,1782361157.3688314,0.002087116241455078
216805,normal,1492,0,1782361157.3707304,0.0018990039825439453
216806,normal,2816,0,1782361157.3726718,0.0019414424896240234
216807,normal,379,0,1782361157.3747108,0.0020389556884765625
216808,normal,1393,0,1782361157.3766904,0.0019795894622802734
216809,normal,520,0,1782361157.3788037,0.00211334228515625
216810,normal,3351,1,1782361157.3806844,0.001880645751953125
216811,normal,3634,0,1782361157.3825848,0.0019004344940185547
216812,normal,1159,0,1782361157.3846016,0.002016782760620117
216813,normal,135,0,1782361157.3865309,0.0019292831420898438
216814,normal,446,0,1782361157.3886266,0.0020956993103027344
216815,normal,1060,0,1782361157.3906336,0.002007007598876953
216816,normal,1352,1,1782361157.3926249,0.00199127197265625
216817,normal,326,0,1782361157.394537,0.0019121170043945312
216818,normal,268,0,1782361157.396826,0.0022890567779541016
216819,normal,2021,0,1782361157.398605,0.0017790794372558594
216820,normal,1638,0,1782361157.4008703,0.0022652149200439453
216821,normal,199,0,1782361157.4026287,0.0017583370208740234
216822,normal,2859,0,1782361157.4046297,0.002001047134399414
216823,normal,1902,0,1782361157.4067552,0.0021255016326904297
216824,normal,2226,0,1782361157.4086273,0.0018720626831054688
216825,normal,1116,0,1782361157.4106863,0.0020589828491210938
216826,normal,3675,0,1782361157.4126272,0.0019409656524658203
216827,normal,3462,0,1782361157.4148088,0.002181529998779297
216828,normal,974,2,1782361157.4167287,0.0019199848175048828
216829,normal,3301,1,1782361157.4186475,0.001918792724609375
216830,normal,859,2,1782361157.4207993,0.0021517276763916016
216831,normal,734,0,1782361157.4225929,0.0017936229705810547
216832,normal,2977,0,1782361157.42463,0.00203704833984375
216833,normal,1714,0,1782361157.4266968,0.0020668506622314453
216834,normal,3620,0,1782361157.4285085,0.0018117427825927734
216835,normal,260,0,1782361157.430652,0.002143383026123047
216836,normal,3694,0,1782361157.4326258,0.001973867416381836
216837,normal,828,2,1782361157.4346082,0.001982450485229492
216838,normal,773,2,1782361157.4366784,0.002070188522338867
216839,normal,1188,0,1782361157.4386501,0.001971721649169922
216840,normal,3287,1,1782361157.4406164,0.001966238021850586
216841,normal,3688,0,1782361157.442695,0.002078533172607422
216842,normal,171,0,1782361157.4447222,0.002027273178100586
216843,normal,469,0,1782361157.4465995,0.0018773078918457031
216844,normal,380,0,1782361157.4486492,0.002049684524536133
216845,normal,189,0,1782361157.4507535,0.0021042823791503906
216846,normal,2007,0,1782361157.4524648,0.0017113685607910156
216847,normal,3131,1,1782361157.454591,0.0021262168884277344
216848,normal,2596,0,1782361157.45659,0.0019989013671875
216849,normal,2680,0,1782361157.458595,0.0020051002502441406
216850,normal,3703,0,1782361157.4606884,0.0020933151245117188
216851,normal,2494,0,1782361157.462602,0.0019135475158691406
216852,normal,1546,0,1782361157.4645262,0.001924276351928711
216853,normal,1785,0,1782361157.4665926,0.002066373825073242
216854,normal,1709,0,1782361157.468565,0.0019724369049072266
216855,normal,1384,0,1782361157.4706516,0.002086639404296875
216856,normal,3670,0,1782361157.4727185,0.0020668506622314453
216857,normal,1552,0,1782361157.4747653,0.002046823501586914
216858,normal,3356,1,1782361157.4765863,0.0018210411071777344
216859,normal,2521,0,1782361157.4786959,0.002109527587890625
216860,normal,391,0,1782361157.4806225,0.0019266605377197266
216861,normal,870,2,1782361157.48262,0.0019974708557128906
216862,normal,1128,0,1782361157.48459,0.001970052719116211
216863,normal,1710,0,1782361157.4866295,0.0020394325256347656
216864,normal,765,0,1782361157.4887915,0.0021619796752929688
216865,normal,1671,0,1782361157.4904928,0.00170135498046875
216866,normal,2157,0,1782361157.4926016,0.0021088123321533203
216867,normal,1029,2,1782361157.4946184,0.002016782760620117
216868,normal,1440,0,1782361157.4965465,0.001928091049194336
216869,normal,1615,0,1782361157.4986382,0.002091646194458008
216870,normal,1998,0,1782361157.5005004,0.0018622875213623047
216871,normal,2914,0,1782361157.5027633,0.0022628307342529297
216872,normal,808,2,1782361157.5046527,0.0018894672393798828
216873,normal,574,0,1782361157.5065243,0.0018715858459472656
216874,normal,242,0,1782361157.508626,0.0021016597747802734
216875,normal,114,0,1782361157.5106516,0.002025604248046875
216876,normal,3393,1,1782361157.5125868,0.0019352436065673828
216877,normal,953,2,1782361157.5146902,0.0021033287048339844
216878,normal,1202,0,1782361157.516609,0.001918792724609375
216879,normal,2891,0,1782361157.518579,0.001970052719116211
216880,normal,2983,0,1782361157.520622,0.002043008804321289
216881,normal,817,2,1782361157.522896,0.002274036407470703
216882,normal,2663,0,1782361157.5244231,0.0015270709991455078
216883,normal,529,0,1782361157.5265887,0.002165555953979492
216884,normal,3555,0,1782361157.5285335,0.0019447803497314453
216885,normal,186,0,1782361157.5305622,0.0020287036895751953
216886,normal,1642,0,1782361157.532784,0.002221822738647461
216887,normal,2739,0,1782361157.5345557,0.001771688461303711
216888,normal,1244,0,1782361157.5365987,0.002043008804321289
216889,normal,770,0,1782361157.5384555,0.0018568038940429688
216890,normal,821,2,1782361157.5409381,0.0024826526641845703
216891,normal,2572,0,1782361157.5428805,0.0019423961639404297
216892,normal,2190,0,1782361157.5444996,0.001619100570678711
216893,normal,464,0,1782361157.546628,0.0021283626556396484
216894,normal,1689,0,1782361157.5484896,0.001861572265625
216895,normal,3231,1,1782361157.5505419,0.00205230712890625
216896,normal,3502,0,1782361157.5525804,0.0020384788513183594
216897,normal,1227,0,1782361157.554563,0.0019826889038085938
216898,normal,2969,0,1782361157.5568826,0.0023195743560791016
216899,normal,2176,0,1782361157.5584767,0.0015940666198730469
216900,normal,2820,0,1782361157.5605297,0.0020530223846435547
216901,normal,3456,0,1782361157.5625353,0.0020055770874023438
216902,normal,1954,0,1782361157.5645158,0.0019805431365966797
216903,normal,389,0,1782361157.5665326,0.002016782760620117
216904,normal,3413,0,1782361157.5686424,0.0021097660064697266
216905,normal,2748,0,1782361157.570713,0.0020706653594970703
216906,normal,3012,0,1782361157.5724792,0.001766204833984375
216907,normal,589,0,1782361157.5745995,0.0021202564239501953
216908,normal,2271,0,1782361157.5765455,0.0019459724426269531
216909,normal,824,2,1782361157.5784895,0.0019440650939941406
216910,normal,2284,0,1782361157.5806875,0.0021979808807373047
216911,normal,351,0,1782361157.5825207,0.001833200454711914
216912,normal,980,2,1782361157.5844495,0.0019288063049316406
216913,normal,3138,1,1782361157.5865142,0.0020647048950195312
216914,normal,115,0,1782361157.5887406,0.0022263526916503906
216915,normal,1449,0,1782361157.5904975,0.001756906509399414
216916,normal,1818,0,1782361157.5928025,0.0023050308227539062
216917,normal,1807,0,1782361157.5944989,0.0016963481903076172
216918,normal,3350,1,1782361157.5966103,0.0021114349365234375
216919,normal,3033,0,1782361157.5984974,0.0018870830535888672
216920,normal,2447,0,1782361157.6007302,0.002232789993286133
216921,normal,2841,0,1782361157.6024466,0.0017163753509521484
216922,normal,2468,0,1782361157.6045005,0.002053976058959961
216923,normal,1803,0,1782361157.6066353,0.0021347999572753906
216924,normal,2528,0,1782361157.6084962,0.0018608570098876953
216925,normal,565,0,1782361157.6107583,0.002262115478515625
216926,normal,2842,0,1782361157.6125584,0.0018000602722167969
216927,normal,3474,0,1782361157.614725,0.002166748046875
216928,normal,704,0,1782361157.6166165,0.0018913745880126953
216929,normal,803,2,1782361157.6187303,0.002113819122314453
216930,normal,1516,0,1782361157.6205022,0.0017719268798828125
216931,normal,1941,0,1782361157.6227553,0.0022530555725097656
216932,normal,3086,1,1782361157.6245167,0.0017614364624023438
216933,normal,785,2,1782361157.6266847,0.002167940139770508
216934,normal,1448,0,1782361157.6284368,0.0017521381378173828
216935,normal,1579,0,1782361157.6304903,0.002053499221801758
216936,normal,1280,0,1782361157.6326213,0.0021309852600097656
216937,normal,847,2,1782361157.634596,0.001974821090698242
216938,normal,3681,0,1782361157.6366086,0.002012491226196289
216939,normal,2402,0,1782361157.6384814,0.0018727779388427734
216940,normal,578,0,1782361157.640609,0.0021276473999023438
216941,normal,1163,0,1782361157.6426117,0.002002716064453125
216942,normal,1361,1,1782361157.644541,0.0019292831420898438
216943,normal,1999,0,1782361157.6467066,0.002165555953979492
216944,normal,613,0,1782361157.6486886,0.001981973648071289
216945,normal,1318,0,1782361157.6507518,0.002063274383544922
216946,normal,3274,1,1782361157.652493,0.001741170883178711
216947,normal,1945,0,1782361157.6546462,0.002153158187866211
216948,normal,2343,0,1782361157.656511,0.0018649101257324219
216949,normal,716,0,1782361157.6586454,0.0021343231201171875
216950,normal,3588,0,1782361157.6607382,0.0020928382873535156
216951,normal,973,2,1782361157.6628535,0.0021152496337890625
216952,normal,1594,0,1782361157.6644914,0.0016379356384277344
216953,normal,451,0,1782361157.6666443,0.0021529197692871094
216954,normal,3460,0,1782361157.6685057,0.0018613338470458984
216955,normal,2999,0,1782361157.6706374,0.0021317005157470703
216956,normal,2933,0,1782361157.672654,0.0020165443420410156
216957,normal,3288,1,1782361157.6745195,0.0018656253814697266
216958,normal,2597,0,1782361157.6766894,0.0021698474884033203
216959,normal,282,0,1782361157.678537,0.0018475055694580078
216960,normal,845,2,1782361157.6805418,0.002004861831665039
216961,normal,1313,0,1782361157.6825025,0.00196075439453125
216962,normal,2096,0,1782361157.6844873,0.001984834671020508
216963,normal,2550,0,1782361157.6868906,0.00240325927734375
216964,normal,3188,1,1782361157.6886754,0.0017848014831542969
216965,normal,2497,0,1782361157.6907446,0.002069234848022461
216966,normal,2532,0,1782361157.6925902,0.0018455982208251953
216967,normal,2919,0,1782361157.694816,0.0022258758544921875
216968,normal,2917,0,1782361157.6966069,0.001790761947631836
216969,normal,1949,0,1782361157.6986315,0.0020246505737304688
216970,normal,2465,0,1782361157.7007852,0.002153635025024414
216971,normal,2651,0,1782361157.7025962,0.0018110275268554688
216972,normal,1101,0,1782361157.7045233,0.0019271373748779297
216973,normal,36,0,1782361157.7066028,0.002079486846923828
216974,normal,321,0,1782361157.708583,0.001980304718017578
216975,normal,2900,0,1782361157.7105033,0.0019202232360839844
216976,normal,2591,0,1782361157.7124872,0.0019838809967041016
216977,normal,569,0,1782361157.7145116,0.002024412155151367
216978,normal,3094,1,1782361157.7167106,0.002198934555053711
216979,normal,2902,0,1782361157.7184808,0.0017702579498291016
216980,normal,3604,0,1782361157.7207828,0.002301931381225586
216981,normal,1114,0,1782361157.72245,0.0016672611236572266
216982,normal,1757,0,1782361157.7248178,0.002367734909057617
216983,normal,3291,1,1782361157.7265997,0.0017819404602050781
216984,normal,2193,0,1782361157.7287276,0.0021278858184814453
216985,normal,832,2,1782361157.730558,0.0018303394317626953
216986,normal,45,0,1782361157.7326033,0.0020453929901123047
216987,normal,463,0,1782361157.7345452,0.0019419193267822266
216988,normal,2918,0,1782361157.7366462,0.0021009445190429688
216989,normal,2584,0,1782361157.7387133,0.002067089080810547
216990,normal,2930,0,1782361157.740531,0.0018177032470703125
216991,normal,1721,0,1782361157.7426417,0.002110719680786133
216992,normal,2199,0,1782361157.7446563,0.002014636993408203
216993,normal,512,0,1782361157.7465286,0.0018723011016845703
216994,normal,2131,0,1782361157.7485895,0.0020608901977539062
216995,normal,967,2,1782361157.7506278,0.002038240432739258
216996,normal,285,0,1782361157.7527096,0.0020818710327148438
216997,normal,2770,0,1782361157.7545924,0.001882791519165039
216998,normal,2620,0,1782361157.7566388,0.002046346664428711
216999,normal,2511,0,1782361157.7586887,0.0020499229431152344
217000,normal,2758,0,1782361157.7604992,0.0018105506896972656
217001,normal,129,0,1782361157.7626114,0.002112150192260742
217002,normal,616,0,1782361157.7645433,0.001931905746459961
217003,normal,1257,0,1782361157.7666173,0.002074003219604492
217004,normal,2374,0,1782361157.7686164,0.0019991397857666016
217005,normal,1063,0,1782361157.7705843,0.001967906951904297
217006,normal,1018,2,1782361157.772546,0.0019617080688476562
217007,normal,3204,1,1782361157.774719,0.0021729469299316406
217008,normal,2416,0,1782361157.7766976,0.001978635787963867
217009,normal,795,2,1782361157.7785244,0.0018267631530761719
217010,normal,1098,0,1782361157.7806306,0.002106189727783203
217011,normal,2283,0,1782361157.7826862,0.002055644989013672
217012,normal,2847,0,1782361157.784553,0.0018668174743652344
217013,normal,2185,0,1782361157.7865975,0.0020444393157958984
217014,normal,3473,0,1782361157.788535,0.0019376277923583984
217015,normal,399,0,1782361157.7906003,0.0020651817321777344
217016,normal,3113,1,1782361157.792685,0.0020847320556640625
217017,normal,2200,0,1782361157.7945654,0.0018804073333740234
217018,normal,2317,0,1782361157.7966604,0.0020949840545654297
217019,normal,2340,0,1782361157.7986941,0.002033710479736328
217020,normal,2002,0,1782361157.8006108,0.001916646957397461
217021,normal,2106,0,1782361157.802763,0.0021522045135498047
217022,normal,2384,0,1782361157.804611,0.001847982406616211
217023,normal,2894,0,1782361157.8067176,0.0021066665649414062
217024,normal,3438,0,1782361157.8086293,0.0019116401672363281
217025,normal,1654,0,1782361157.8106523,0.002022981643676758
217026,normal,2056,0,1782361157.812613,0.00196075439453125
217027,normal,2777,0,1782361157.8146057,0.0019927024841308594
217028,normal,167,0,1782361157.8165941,0.0019884109497070312
217029,normal,1698,0,1782361157.8187375,0.002143383026123047
217030,normal,247,0,1782361157.820491,0.0017535686492919922
217031,normal,3313,1,1782361157.8226264,0.0021352767944335938
217032,normal,2541,0,1782361157.8245249,0.0018985271453857422
217033,normal,579,0,1782361157.8265224,0.0019974708557128906
217034,normal,1550,0,1782361157.829056,0.0025336742401123047
217035,normal,1890,0,1782361157.8308465,0.0017905235290527344
217036,normal,2,0,1782361157.832742,0.0018954277038574219
217037,normal,1889,0,1782361157.8347657,0.0020236968994140625
217038,normal,444,0,1782361157.8364773,0.0017116069793701172
217039,normal,1226,0,1782361157.8386388,0.0021615028381347656
217040,normal,3083,1,1782361157.8406441,0.002005338668823242
217041,normal,163,0,1782361157.8426223,0.001978158950805664
217042,normal,2923,0,1782361157.844703,0.002080678939819336
217043,normal,1441,0,1782361157.8466337,0.0019307136535644531
217044,normal,3666,0,1782361157.848548,0.0019142627716064453
217045,normal,452,0,1782361157.8506215,0.002073526382446289
217046,normal,3480,0,1782361157.8526251,0.0020036697387695312
217047,normal,1755,0,1782361157.8546221,0.0019969940185546875
217048,normal,3293,1,1782361157.856799,0.0021767616271972656
217049,normal,863,2,1782361157.858749,0.0019500255584716797
217050,normal,125,0,1782361157.8610985,0.0023496150970458984
217051,normal,1320,1,1782361157.8624973,0.0013988018035888672
217052,normal,3316,1,1782361157.8648055,0.0023081302642822266
217053,normal,272,0,1782361157.8666422,0.0018367767333984375
217054,normal,710,0,1782361157.8686793,0.00203704833984375
217055,normal,2316,0,1782361157.8707287,0.0020494461059570312
217056,normal,3332,1,1782361157.8728688,0.002140045166015625
217057,normal,1555,0,1782361157.8744948,0.0016260147094726562
217058,normal,811,2,1782361157.8766124,0.002117633819580078
217059,normal,2113,0,1782361157.878609,0.0019965171813964844
217060,normal,1577,0,1782361157.8805308,0.0019218921661376953
217061,normal,637,0,1782361157.8826432,0.0021123886108398438
217062,normal,1670,0,1782361157.8844945,0.0018513202667236328
217063,normal,2912,0,1782361157.886635,0.002140522003173828
217064,normal,1944,0,1782361157.8886318,0.001996755599975586
217065,normal,763,0,1782361157.8906553,0.002023458480834961
217066,normal,1511,0,1782361157.8925374,0.0018820762634277344
217067,normal,2091,0,1782361157.8948689,0.0023314952850341797
217068,normal,176,0,1782361157.8965032,0.001634359359741211
217069,normal,3419,0,1782361157.898782,0.0022788047790527344
217070,normal,1768,0,1782361157.9006355,0.0018534660339355469
217071,normal,1989,0,1782361157.90261,0.0019745826721191406
217072,normal,1317,0,1782361157.9046805,0.0020704269409179688
217073,normal,1009,2,1782361157.906614,0.0019335746765136719
217074,normal,2825,0,1782361157.9085824,0.0019683837890625
217075,normal,489,0,1782361157.910523,0.0019404888153076172
217076,normal,3607,0,1782361157.912645,0.002122163772583008
217077,normal,538,0,1782361157.91455,0.0019049644470214844
217078,normal,2713,0,1782361157.916642,0.0020918846130371094
217079,normal,346,0,1782361157.9186502,0.002008199691772461
217080,normal,3032,0,1782361157.9206016,0.001951456069946289
217081,normal,1672,0,1782361157.9227684,0.002166748046875
217082,normal,1824,0,1782361157.924542,0.0017735958099365234
217083,normal,2769,0,1782361157.926622,0.0020799636840820312
217084,normal,419,0,1782361157.9284828,0.0018608570098876953
217085,normal,309,0,1782361157.9306333,0.0021505355834960938
217086,normal,107,0,1782361157.9325118,0.001878499984741211
217087,normal,3248,1,1782361157.934797,0.0022852420806884766
217088,normal,3095,1,1782361157.9366355,0.0018384456634521484
217089,normal,2311,0,1782361157.9386082,0.001972675323486328
217090,normal,1357,1,1782361157.9408557,0.0022475719451904297
217091,normal,2441,0,1782361157.9426854,0.0018296241760253906
217092,normal,3705,0,1782361157.9445336,0.0018482208251953125
217093,normal,131,0,1782361157.9466267,0.002093076705932617
217094,normal,1205,0,1782361157.9487014,0.002074718475341797
217095,normal,449,0,1782361157.9506066,0.001905202865600586
217096,normal,1033,0,1782361157.9526017,0.001995086669921875
217097,normal,609,0,1782361157.954615,0.0020134449005126953
217098,normal,1498,0,1782361157.9566069,0.001991748809814453
217099,normal,1549,0,1782361157.9586558,0.002048969268798828
217100,normal,3004,0,1782361157.9606605,0.0020046234130859375
217101,normal,2742,0,1782361157.9626474,0.001986980438232422
217102,normal,9,0,1782361157.9646347,0.0019872188568115234
217103,normal,1557,0,1782361157.9667225,0.002087831497192383
217104,normal,1602,0,1782361157.9686115,0.0018889904022216797
217105,normal,3290,1,1782361157.9707618,0.002150297164916992
217106,normal,654,0,1782361157.9727244,0.0019626617431640625
217107,normal,793,2,1782361157.9745243,0.0017998218536376953
217108,normal,1,0,1782361157.9765995,0.0020751953125
217109,normal,178,0,1782361157.9786072,0.002007722854614258
217110,normal,1364,1,1782361157.980593,0.001985788345336914
217111,normal,2005,0,1782361157.9827764,0.0021834373474121094
217112,normal,3522,0,1782361157.9845257,0.001749277114868164
217113,normal,3103,1,1782361157.986586,0.002060413360595703
217114,normal,213,0,1782361157.9885888,0.002002716064453125
217115,normal,3189,1,1782361157.9906502,0.0020613670349121094
217116,normal,1392,0,1782361157.9926171,0.0019669532775878906
217117,normal,2192,0,1782361157.9947023,0.0020852088928222656
217118,normal,2404,0,1782361157.9967854,0.0020830631256103516
217119,normal,2046,0,1782361157.9985814,0.0017960071563720703
217120,normal,1075,0,1782361158.0007496,0.0021681785583496094
217121,normal,885,2,1782361158.0026395,0.001889944076538086
217122,normal,2164,0,1782361158.0045867,0.001947164535522461
217123,normal,1408,0,1782361158.0066245,0.0020377635955810547
217124,normal,2162,0,1782361158.0086412,0.002016782760620117
217125,normal,708,0,1782361158.0107665,0.002125263214111328
217126,normal,2708,0,1782361158.0125542,0.0017876625061035156
217127,normal,3551,0,1782361158.014604,0.0020499229431152344
217128,normal,2272,0,1782361158.0166266,0.0020225048065185547
217129,normal,2635,0,1782361158.018616,0.0019893646240234375
217130,normal,256,0,1782361158.0206435,0.0020275115966796875
217131,normal,2745,0,1782361158.022621,0.0019774436950683594
217132,normal,3179,1,1782361158.0245645,0.0019435882568359375
217133,normal,1355,1,1782361158.026689,0.0021245479583740234
217134,normal,2092,0,1782361158.0287366,0.0020475387573242188
217135,normal,2470,0,1782361158.0305207,0.0017840862274169922
217136,normal,434,0,1782361158.0326264,0.002105712890625
217137,normal,81,0,1782361158.0345922,0.001965761184692383
217138,normal,587,0,1782361158.0367827,0.0021905899047851562
217139,normal,1268,0,1782361158.0386891,0.0019063949584960938
217140,normal,1125,0,1782361158.0405962,0.0019071102142333984
217141,normal,2932,0,1782361158.0427384,0.002142190933227539
217142,normal,345,0,1782361158.044634,0.0018956661224365234
217143,normal,288,0,1782361158.0464647,0.0018305778503417969
217144,normal,3181,1,1782361158.0486069,0.002142190933227539
217145,normal,3134,1,1782361158.0506573,0.0020503997802734375
217146,normal,667,0,1782361158.0525916,0.0019342899322509766
217147,normal,1186,0,1782361158.0546057,0.00201416015625
217148,normal,1766,0,1782361158.0567188,0.0021131038665771484
217149,normal,2371,0,1782361158.0586274,0.0019085407257080078
217150,normal,3236,1,1782361158.0606139,0.0019865036010742188
217151,normal,3469,0,1782361158.0626113,0.0019974708557128906
217152,normal,2156,0,1782361158.0647023,0.002090930938720703
217153,normal,1554,0,1782361158.0667624,0.0020601749420166016
217154,normal,2012,0,1782361158.0687847,0.002022266387939453
217155,normal,682,0,1782361158.0705502,0.0017654895782470703
217156,normal,1568,0,1782361158.0725937,0.002043485641479492
217157,normal,147,0,1782361158.0745864,0.0019927024841308594
217158,normal,1482,0,1782361158.0765457,0.0019593238830566406
217159,normal,1255,0,1782361158.079058,0.002512216567993164
217160,normal,1751,0,1782361158.0804515,0.0013935565948486328
217161,normal,1525,0,1782361158.0825052,0.0020537376403808594
217162,normal,194,0,1782361158.0845025,0.001997232437133789
217163,normal,585,0,1782361158.0865128,0.002010345458984375
217164,normal,427,0,1782361158.0886555,0.002142667770385742
217165,normal,810,2,1782361158.0904622,0.0018067359924316406
217166,normal,1769,0,1782361158.0925176,0.0020554065704345703
217167,normal,724,0,1782361158.094709,0.002191305160522461
217168,normal,597,0,1782361158.0965397,0.0018308162689208984
217169,normal,3060,1,1782361158.0986488,0.002109050750732422
217170,normal,1503,0,1782361158.1005027,0.00185394287109375
217171,normal,3567,0,1782361158.102636,0.0021333694458007812
217172,normal,1603,0,1782361158.1046312,0.001995086669921875
217173,normal,329,0,1782361158.1065032,0.0018720626831054688
217174,normal,2112,0,1782361158.108635,0.0021317005157470703
217175,normal,136,0,1782361158.1107054,0.0020704269409179688
217176,normal,879,2,1782361158.1125817,0.0018763542175292969
217177,normal,378,0,1782361158.1147459,0.002164125442504883
217178,normal,1145,0,1782361158.1167233,0.0019774436950683594
217179,normal,818,2,1782361158.1184664,0.0017430782318115234
217180,normal,1070,0,1782361158.1206567,0.0021903514862060547
217181,normal,866,2,1782361158.122591,0.0019342899322509766
217182,normal,1794,0,1782361158.1244996,0.0019085407257080078
217183,normal,1967,0,1782361158.1265094,0.002009868621826172
217184,normal,2948,0,1782361158.128649,0.002139568328857422
217185,normal,2382,0,1782361158.1304994,0.0018503665924072266
217186,normal,510,0,1782361158.1326025,0.002103090286254883
217187,normal,3541,0,1782361158.1347365,0.002134084701538086
217188,normal,2831,0,1782361158.136557,0.0018205642700195312
217189,normal,1723,0,1782361158.1387615,0.002204418182373047
217190,normal,1497,0,1782361158.1407812,0.002019643783569336
217191,normal,3680,0,1782361158.142526,0.0017447471618652344
217192,normal,2694,0,1782361158.1445663,0.002040386199951172
217193,normal,1692,0,1782361158.1465979,0.002031564712524414
217194,normal,933,2,1782361158.1486535,0.002055644989013672
217195,normal,2197,0,1782361158.1504369,0.0017833709716796875
217196,normal,1831,0,1782361158.1524892,0.00205230712890625
217197,normal,61,0,1782361158.1546283,0.0021390914916992188
217198,normal,1304,0,1782361158.1565952,0.0019669532775878906
217199,normal,3224,1,1782361158.158609,0.002013683319091797
217200,normal,3023,0,1782361158.1604815,0.0018725395202636719
217201,normal,1953,0,1782361158.1626463,0.0021648406982421875
217202,normal,3277,1,1782361158.1646214,0.0019750595092773438
217203,normal,1855,0,1782361158.1665556,0.0019342899322509766
217204,normal,3108,1,1782361158.1688292,0.0022735595703125
217205,normal,1955,0,1782361158.1707866,0.001957416534423828
217206,normal,2232,0,1782361158.1728287,0.002042055130004883
217207,normal,2306,0,1782361158.1745625,0.0017337799072265625
217208,normal,1758,0,1782361158.1767805,0.002218008041381836
217209,normal,766,0,1782361158.1787794,0.0019989013671875
217210,normal,780,2,1782361158.1806388,0.001859426498413086
217211,normal,1126,0,1782361158.1828032,0.0021643638610839844
217212,normal,262,0,1782361158.1848786,0.0020754337310791016
217213,normal,2624,0,1782361158.186536,0.0016574859619140625
217214,normal,3585,0,1782361158.188745,0.0022089481353759766
217215,normal,2123,0,1782361158.1907873,0.0020422935485839844
217216,normal,3359,1,1782361158.1926343,0.0018470287322998047
217217,normal,2445,0,1782361158.194783,0.0021486282348632812
217218,normal,3042,0,1782361158.1966472,0.0018641948699951172
217219,normal,2757,0,1782361158.1987195,0.0020723342895507812
217220,normal,1651,0,1782361158.2006872,0.0019676685333251953
217221,normal,2327,0,1782361158.2025192,0.0018320083618164062
217222,normal,1442,0,1782361158.204688,0.002168893814086914
217223,normal,2172,0,1782361158.2066188,0.0019307136535644531
217224,normal,628,0,1782361158.2088215,0.002202749252319336
217225,normal,2303,0,1782361158.2106245,0.0018029212951660156
217226,normal,1307,0,1782361158.2127469,0.0021224021911621094
217227,normal,3452,0,1782361158.2145634,0.0018165111541748047
217228,normal,2976,0,1782361158.2167559,0.0021924972534179688
217229,normal,3081,1,1782361158.2188313,0.0020754337310791016
217230,normal,1784,0,1782361158.220933,0.0021016597747802734
217231,normal,551,0,1782361158.2228625,0.0019295215606689453
217232,normal,2749,0,1782361158.2247422,0.0018796920776367188
217233,normal,2911,0,1782361158.2265177,0.001775503158569336
217234,normal,1666,0,1782361158.2290156,0.0024979114532470703
217235,normal,1626,0,1782361158.230842,0.0018265247344970703
217236,normal,1165,0,1782361158.2324777,0.0016355514526367188
217237,normal,458,0,1782361158.2347248,0.0022470951080322266
217238,normal,844,2,1782361158.2365122,0.001787424087524414
217239,normal,2373,0,1782361158.2385035,0.00199127197265625
217240,normal,3269,1,1782361158.240518,0.002014636993408203
217241,normal,284,0,1782361158.2426848,0.002166748046875
217242,normal,3338,1,1782361158.244457,0.001772165298461914
217243,normal,3448,0,1782361158.246692,0.002234935760498047
217244,normal,3282,1,1782361158.2486055,0.0019135475158691406
217245,normal,621,0,1782361158.2505128,0.0019073486328125
217246,normal,508,0,1782361158.2527237,0.002210855484008789
217247,normal,2429,0,1782361158.254544,0.0018203258514404297
217248,normal,2617,0,1782361158.256552,0.0020079612731933594
217249,normal,2500,0,1782361158.258727,0.0021750926971435547
217250,normal,2732,0,1782361158.260523,0.0017960071563720703
217251,normal,1923,0,1782361158.2626944,0.0021712779998779297
217252,normal,990,2,1782361158.2644613,0.0017669200897216797
217253,normal,2089,0,1782361158.2665124,0.002051115036010742
217254,normal,1267,0,1782361158.2686586,0.0021462440490722656
217255,normal,1429,0,1782361158.2705078,0.0018491744995117188
217256,normal,1613,0,1782361158.2726908,0.0021829605102539062
217257,normal,2366,0,1782361158.274524,0.001833200454711914
217258,normal,3577,0,1782361158.2766585,0.002134561538696289
217259,normal,2795,0,1782361158.2786531,0.001994609832763672
217260,normal,2835,0,1782361158.2805097,0.0018565654754638672
217261,normal,253,0,1782361158.2826517,0.0021419525146484375
217262,normal,822,2,1782361158.2844791,0.0018274784088134766
217263,normal,2216,0,1782361158.286491,0.0020117759704589844
217264,normal,1521,0,1782361158.2885222,0.0020313262939453125
217265,normal,3357,1,1782361158.290497,0.001974821090698242
217266,normal,2736,0,1782361158.2924967,0.0019996166229248047
217267,normal,1306,0,1782361158.2947118,0.002215147018432617
217268,normal,1778,0,1782361158.2965868,0.0018749237060546875
217269,normal,1720,0,1782361158.2986388,0.0020520687103271484
217270,normal,77,0,1782361158.3005278,0.0018889904022216797
217271,normal,748,0,1782361158.3026545,0.0021266937255859375
217272,normal,497,0,1782361158.304564,0.001909494400024414
217273,normal,2764,0,1782361158.306612,0.002048015594482422
217274,normal,1697,0,1782361158.3086183,0.0020062923431396484
217275,normal,1350,1,1782361158.3104854,0.001867055892944336
217276,normal,3310,1,1782361158.3126848,0.002199411392211914
217277,normal,2800,0,1782361158.3147361,0.0020513534545898438
217278,normal,890,2,1782361158.316559,0.0018229484558105469
217279,normal,3378,1,1782361158.3187363,0.0021772384643554688
217280,normal,2905,0,1782361158.320622,0.0018856525421142578
217281,normal,1104,0,1782361158.3224874,0.001865386962890625
217282,normal,2499,0,1782361158.3247423,0.002254962921142578
217283,normal,1547,0,1782361158.3265939,0.0018515586853027344
217284,normal,291,0,1782361158.3285923,0.001998424530029297
217285,normal,1373,1,1782361158.3305144,0.0019221305847167969
217286,normal,3245,1,1782361158.3326492,0.0021347999572753906
217287,normal,88,0,1782361158.3344865,0.0018372535705566406
217288,normal,3119,1,1782361158.3366115,0.0021250247955322266
217289,normal,3632,0,1782361158.3387387,0.0021271705627441406
217290,normal,1288,0,1782361158.3404932,0.0017545223236083984
217291,normal,2251,0,1782361158.3426442,0.002151012420654297
217292,normal,604,0,1782361158.3446178,0.0019736289978027344
217293,normal,3067,1,1782361158.3464873,0.0018694400787353516
217294,normal,3363,1,1782361158.3487225,0.0022351741790771484
217295,normal,2019,0,1782361158.3509183,0.0021958351135253906
217296,normal,3063,1,1782361158.352607,0.0016887187957763672
217297,normal,2979,0,1782361158.3548295,0.0022225379943847656
217298,normal,3092,1,1782361158.3565283,0.0016987323760986328
217299,normal,982,2,1782361158.3586953,0.0021669864654541016
217300,normal,996,2,1782361158.3605237,0.0018284320831298828
217301,normal,2534,0,1782361158.3626463,0.002122640609741211
217302,normal,882,2,1782361158.364634,0.0019876956939697266
217303,normal,852,2,1782361158.3668644,0.002230405807495117
217304,normal,20,0,1782361158.3685212,0.0016567707061767578
217305,normal,457,0,1782361158.3706448,0.002123594284057617
217306,normal,2016,0,1782361158.3725271,0.001882314682006836
217307,normal,3687,0,1782361158.3746881,0.0021610260009765625
217308,normal,3489,0,1782361158.376522,0.0018339157104492188
217309,normal,2981,0,1782361158.3788214,0.0022993087768554688
217310,normal,2210,0,1782361158.3810325,0.0022110939025878906
217311,normal,2274,0,1782361158.3830822,0.002049684524536133
217312,normal,1106,0,1782361158.3852665,0.0021843910217285156
217313,normal,2246,0,1782361158.386823,0.001556396484375
217314,normal,1853,0,1782361158.3888404,0.002017498016357422
217315,normal,292,0,1782361158.3909135,0.002073049545288086
217316,normal,3669,0,1782361158.3930943,0.002180814743041992
217317,normal,470,0,1782361158.3946488,0.0015544891357421875
217318,normal,3633,0,1782361158.3967242,0.0020754337310791016
217319,normal,371,0,1782361158.398646,0.0019218921661376953
217320,normal,2504,0,1782361158.4005144,0.0018682479858398438
217321,normal,2785,0,1782361158.4026303,0.002115964889526367
217322,normal,441,0,1782361158.4046369,0.00200653076171875
217323,normal,2403,0,1782361158.4065359,0.0018990039825439453
217324,normal,3494,0,1782361158.408796,0.0022602081298828125
217325,normal,837,2,1782361158.41061,0.0018138885498046875
217326,normal,675,0,1782361158.412711,0.0021009445190429688
217327,normal,1139,0,1782361158.41469,0.0019791126251220703
217328,normal,1572,0,1782361158.4167533,0.002063274383544922
217329,normal,1297,0,1782361158.4185152,0.0017619132995605469
217330,normal,2808,0,1782361158.4208124,0.0022971630096435547
217331,normal,2126,0,1782361158.4227095,0.0018970966339111328
217332,normal,1196,0,1782361158.4247591,0.002049684524536133
217333,normal,1788,0,1782361158.426736,0.0019769668579101562
217334,normal,3015,0,1782361158.4287455,0.0020093917846679688
217335,normal,2349,0,1782361158.4306395,0.0018939971923828125
217336,normal,1888,0,1782361158.4327664,0.002126932144165039
217337,normal,1030,0,1782361158.4347682,0.0020017623901367188
217338,normal,484,0,1782361158.436631,0.0018627643585205078
217339,normal,2692,0,1782361158.43878,0.0021491050720214844
217340,normal,301,0,1782361158.4407825,0.0020024776458740234
217341,normal,2334,0,1782361158.442681,0.0018985271453857422
217342,normal,2682,0,1782361158.444879,0.0021979808807373047
217343,normal,116,0,1782361158.4465442,0.0016651153564453125
217344,normal,1813,0,1782361158.4487698,0.002225637435913086
217345,normal,2676,0,1782361158.4506354,0.0018656253814697266
217346,normal,2114,0,1782361158.4527702,0.0021347999572753906
217347,normal,200,0,1782361158.45463,0.0018596649169921875
217348,normal,3322,1,1782361158.4567757,0.0021457672119140625
217349,normal,2391,0,1782361158.458814,0.002038240432739258
217350,normal,2539,0,1782361158.4607263,0.0019123554229736328
217351,normal,372,0,1782361158.4627337,0.0020074844360351562
217352,normal,409,0,1782361158.4648254,0.002091646194458008
217353,normal,3702,0,1782361158.4666462,0.0018208026885986328
217354,normal,2751,0,1782361158.4687803,0.002134084701538086
217355,normal,1765,0,1782361158.470815,0.0020346641540527344
217356,normal,2259,0,1782361158.4726286,0.001813650131225586
217357,normal,1359,1,1782361158.4747787,0.0021500587463378906
217358,normal,1538,0,1782361158.4767594,0.0019807815551757812
217359,normal,3457,0,1782361158.4786305,0.0018711090087890625
217360,normal,2243,0,1782361158.4808412,0.0022106170654296875
217361,normal,2033,0,1782361158.4826906,0.0018494129180908203
217362,normal,1644,0,1782361158.4848294,0.002138853073120117
217363,normal,1571,0,1782361158.4866307,0.0018012523651123047
217364,normal,2862,0,1782361158.4889088,0.0022780895233154297
217365,normal,3671,0,1782361158.4907973,0.0018885135650634766
217366,normal,561,0,1782361158.4928136,0.002016305923461914
217367,normal,1696,0,1782361158.494818,0.002004384994506836
217368,normal,1694,0,1782361158.4965239,0.0017058849334716797
217369,normal,2231,0,1782361158.498758,0.002234220504760742
217370,normal,3492,0,1782361158.5006254,0.0018672943115234375
217371,normal,2307,0,1782361158.502746,0.0021207332611083984
217372,normal,1370,1,1782361158.5048423,0.0020961761474609375
217373,normal,2522,0,1782361158.5067184,0.0018761157989501953
217374,normal,3210,1,1782361158.5086436,0.0019252300262451172
217375,normal,1764,0,1782361158.510612,0.0019683837890625
217376,normal,308,0,1782361158.5127413,0.0021293163299560547
217377,normal,598,0,1782361158.5147266,0.001985311508178711
217378,normal,2207,0,1782361158.5167766,0.0020499229431152344
217379,normal,1819,0,1782361158.518761,0.0019843578338623047
217380,normal,2228,0,1782361158.5207088,0.0019478797912597656
217381,normal,2565,0,1782361158.5227435,0.0020346641540527344
217382,normal,181,0,1782361158.5246537,0.0019102096557617188
217383,normal,2029,0,1782361158.5266285,0.001974821090698242
217384,normal,1726,0,1782361158.528633,0.0020046234130859375
217385,normal,3479,0,1782361158.5305917,0.001958608627319336
217386,normal,1417,0,1782361158.5329938,0.002402067184448242
217387,normal,2208,0,1782361158.5347579,0.001764059066772461
217388,normal,2230,0,1782361158.5367625,0.0020046234130859375
217389,normal,97,0,1782361158.5386286,0.0018661022186279297
217390,normal,3408,0,1782361158.5407777,0.0021491050720214844
217391,normal,431,0,1782361158.5426862,0.0019085407257080078
217392,normal,1485,0,1782361158.5445988,0.0019125938415527344
217393,normal,2191,0,1782361158.5466404,0.0020415782928466797
217394,normal,2225,0,1782361158.548782,0.002141714096069336
217395,normal,1403,0,1782361158.5505402,0.0017580986022949219
217396,normal,955,2,1782361158.552524,0.0019838809967041016
217397,normal,1706,0,1782361158.554623,0.0020987987518310547
217398,normal,100,0,1782361158.5566096,0.0019867420196533203
217399,normal,90,0,1782361158.5588982,0.0022885799407958984
217400,normal,1612,0,1782361158.5607011,0.0018029212951660156
217401,normal,1729,0,1782361158.5626469,0.0019457340240478516
217402,normal,1648,0,1782361158.5647433,0.002096414566040039
217403,normal,1475,0,1782361158.5667627,0.0020194053649902344
217404,normal,1231,0,1782361158.568505,0.0017423629760742188
217405,normal,2152,0,1782361158.5705976,0.002092599868774414
217406,normal,3578,0,1782361158.572769,0.0021712779998779297
217407,normal,3536,0,1782361158.5746274,0.0018584728240966797
217408,normal,2425,0,1782361158.5767045,0.0020771026611328125
217409,normal,1939,0,1782361158.5787258,0.002021312713623047
217410,normal,1486,0,1782361158.580616,0.0018901824951171875
217411,normal,1938,0,1782361158.5827203,0.0021042823791503906
217412,normal,1942,0,1782361158.5846775,0.0019571781158447266
217413,normal,1909,0,1782361158.5869339,0.0022563934326171875
217414,normal,23,0,1782361158.588788,0.0018541812896728516
217415,normal,2554,0,1782361158.59078,0.0019919872283935547
217416,normal,536,0,1782361158.5928667,0.002086639404296875
217417,normal,738,0,1782361158.594594,0.0017273426055908203
217418,normal,358,0,1782361158.5968738,0.0022797584533691406
217419,normal,2964,0,1782361158.5985534,0.0016796588897705078
217420,normal,1131,0,1782361158.600703,0.0021495819091796875
217421,normal,2660,0,1782361158.6029966,0.0022935867309570312
217422,normal,381,0,1782361158.6044745,0.001477956771850586
217423,normal,718,0,1782361158.6066399,0.0021653175354003906
217424,normal,516,0,1782361158.6086438,0.002003908157348633
217425,normal,2573,0,1782361158.6105514,0.0019075870513916016
217426,normal,2731,0,1782361158.6126277,0.002076387405395508
217427,normal,1467,0,1782361158.6146414,0.002013683319091797
217428,normal,3478,0,1782361158.6166232,0.0019817352294921875
217429,normal,1872,0,1782361158.6186514,0.002028226852416992
217430,normal,1856,0,1782361158.620713,0.002061605453491211
217431,normal,2357,0,1782361158.6224773,0.0017642974853515625
217432,normal,2854,0,1782361158.624611,0.002133607864379883
217433,normal,466,0,1782361158.6266136,0.002002716064453125
217434,normal,3424,0,1782361158.6286106,0.0019969940185546875
217435,normal,3599,0,1782361158.6306303,0.002019643783569336
217436,normal,1963,0,1782361158.632636,0.0020058155059814453
217437,normal,2797,0,1782361158.6346133,0.001977205276489258
217438,normal,2085,0,1782361158.6367009,0.0020875930786132812
217439,normal,3260,1,1782361158.6387398,0.0020389556884765625
217440,normal,544,0,1782361158.6405408,0.0018010139465332031
217441,normal,2198,0,1782361158.6426356,0.002094745635986328
217442,normal,295,0,1782361158.644627,0.0019915103912353516
217443,normal,2074,0,1782361158.6466842,0.0020570755004882812
217444,normal,583,0,1782361158.6485143,0.0018301010131835938
217445,normal,1138,0,1782361158.6506424,0.002128124237060547
217446,normal,1828,0,1782361158.6526077,0.0019652843475341797
217447,normal,3194,1,1782361158.654539,0.0019314289093017578
217448,normal,1078,0,1782361158.656746,0.0022068023681640625
217449,normal,519,0,1782361158.6585338,0.0017879009246826172
217450,normal,2997,0,1782361158.6606832,0.002149343490600586
217451,normal,518,0,1782361158.6627233,0.0020401477813720703
217452,normal,3401,1,1782361158.6645496,0.0018262863159179688
217453,normal,635,0,1782361158.6667442,0.002194643020629883
217454,normal,14,0,1782361158.6687555,0.0020112991333007812
217455,normal,2379,0,1782361158.6705835,0.0018279552459716797
217456,normal,615,0,1782361158.672618,0.002034425735473633
217457,normal,223,0,1782361158.674603,0.0019850730895996094
217458,normal,3062,1,1782361158.6766376,0.0020346641540527344
217459,normal,1037,0,1782361158.678498,0.0018603801727294922
217460,normal,373,0,1782361158.6807473,0.0022492408752441406
217461,normal,1428,0,1782361158.6824715,0.0017242431640625
217462,normal,2927,0,1782361158.6846123,0.0021407604217529297
217463,normal,550,0,1782361158.686617,0.0020046234130859375
217464,normal,2648,0,1782361158.6886137,0.001996755599975586
217465,normal,2659,0,1782361158.690815,0.0022013187408447266
217466,normal,1940,0,1782361158.6927512,0.001936197280883789
217467,normal,1868,0,1782361158.69464,0.0018887519836425781
217468,normal,3658,0,1782361158.6968195,0.0021796226501464844
217469,normal,3649,0,1782361158.6986365,0.0018169879913330078
217470,normal,2718,0,1782361158.7005286,0.00189208984375
217471,normal,676,0,1782361158.702632,0.0021033287048339844
217472,normal,56,0,1782361158.704634,0.0020020008087158203
217473,normal,1470,0,1782361158.7067459,0.0021119117736816406
217474,normal,966,2,1782361158.7086365,0.0018906593322753906
217475,normal,3198,1,1782361158.7106209,0.0019843578338623047
217476,normal,3202,1,1782361158.7126143,0.001993417739868164
217477,normal,3445,0,1782361158.7145367,0.0019223690032958984
217478,normal,2154,0,1782361158.7166324,0.0020956993103027344
217479,normal,226,0,1782361158.7186465,0.00201416015625
217480,normal,2789,0,1782361158.7206383,0.001991748809814453
217481,normal,3104,1,1782361158.7226188,0.0019805431365966797
217482,normal,2652,0,1782361158.724657,0.002038240432739258
217483,normal,2350,0,1782361158.726594,0.0019369125366210938
217484,normal,806,2,1782361158.7286263,0.0020322799682617188
217485,normal,864,2,1782361158.730612,0.001985788345336914
217486,normal,2290,0,1782361158.7328498,0.0022377967834472656
217487,normal,1541,0,1782361158.7346795,0.0018296241760253906
217488,normal,468,0,1782361158.7366068,0.0019273757934570312
217489,normal,2974,0,1782361158.7387257,0.002118825912475586
217490,normal,150,0,1782361158.7407289,0.002003192901611328
217491,normal,3554,0,1782361158.742488,0.0017590522766113281
217492,normal,2095,0,1782361158.7448554,0.0023674964904785156
217493,normal,2479,0,1782361158.7467487,0.0018932819366455078
217494,normal,1783,0,1782361158.7485223,0.0017735958099365234
217495,normal,1966,0,1782361158.751034,0.002511739730834961
217496,normal,825,2,1782361158.7529826,0.0019485950469970703
217497,normal,2993,0,1782361158.754545,0.001562356948852539
217498,normal,723,0,1782361158.7566097,0.0020647048950195312
217499,normal,2070,0,1782361158.7587419,0.0021321773529052734
217500,normal,646,0,1782361158.7604601,0.001718282699584961
217501,normal,3268,1,1782361158.7625005,0.002040386199951172
217502,normal,47,0,1782361158.764497,0.0019965171813964844
217503,normal,2057,0,1782361158.7665024,0.002005338668823242
217504,normal,2972,0,1782361158.7687948,0.0022923946380615234
217505,normal,3581,0,1782361158.770616,0.001821279525756836
217506,normal,1658,0,1782361158.7727234,0.002107381820678711
217507,normal,830,2,1782361158.7745516,0.0018281936645507812
217508,normal,2965,0,1782361158.7768223,0.0022706985473632812
217509,normal,2536,0,1782361158.7786145,0.0017921924591064453
217510,normal,2386,0,1782361158.7806444,0.002029895782470703
217511,normal,64,0,1782361158.78268,0.0020356178283691406
217512,normal,3223,1,1782361158.7847044,0.002024412155151367
217513,normal,2034,0,1782361158.7865121,0.0018076896667480469
217514,normal,479,0,1782361158.788598,0.0020859241485595703
217515,normal,503,0,1782361158.7906163,0.0020182132720947266
217516,normal,2139,0,1782361158.7926168,0.002000570297241211
217517,normal,1187,0,1782361158.7946165,0.0019996166229248047
217518,normal,169,0,1782361158.7966225,0.002006053924560547
217519,normal,1447,0,1782361158.7986248,0.002002239227294922
217520,normal,3615,0,1782361158.800647,0.002022266387939453
217521,normal,3672,0,1782361158.8026457,0.0019986629486083984
217522,normal,1731,0,1782361158.8046904,0.002044677734375
217523,normal,3199,1,1782361158.8066154,0.0019249916076660156
217524,normal,599,0,1782361158.80861,0.001994609832763672
217525,normal,2691,0,1782361158.8106115,0.002001523971557617
217526,normal,3374,1,1782361158.8126092,0.001997709274291992
217527,normal,1343,1,1782361158.8145132,0.0019040107727050781
217528,normal,2938,0,1782361158.8166122,0.0020990371704101562
217529,normal,1530,0,1782361158.8186588,0.0020465850830078125
217530,normal,1917,0,1782361158.8207135,0.0020546913146972656
217531,normal,1410,0,1782361158.8226576,0.0019440650939941406
217532,normal,3115,1,1782361158.8246264,0.001968860626220703
217533,normal,2444,0,1782361158.826648,0.0020215511322021484
217534,normal,2877,0,1782361158.8286874,0.0020394325256347656
217535,normal,535,0,1782361158.8305938,0.0019063949584960938
217536,normal,3259,1,1782361158.832593,0.0019991397857666016
217537,normal,1094,0,1782361158.8346055,0.002012491226196289
217538,normal,67,0,1782361158.8366373,0.0020318031311035156
217539,normal,1514,0,1782361158.8386846,0.002047300338745117
217540,normal,1735,0,1782361158.840548,0.0018634796142578125
217541,normal,3637,0,1782361158.8426797,0.0021317005157470703
217542,normal,1027,2,1782361158.8446174,0.0019376277923583984
217543,normal,429,0,1782361158.8468173,0.002199888229370117
217544,normal,264,0,1782361158.8486128,0.0017955303192138672
217545,normal,527,0,1782361158.8507118,0.0020990371704101562
217546,normal,3329,1,1782361158.852575,0.001863241195678711
217547,normal,2077,0,1782361158.8546586,0.0020835399627685547
217548,normal,3630,0,1782361158.8565996,0.0019409656524658203
217549,normal,2827,0,1782361158.858593,0.001993417739868164
217550,normal,2560,0,1782361158.8605895,0.0019965171813964844
217551,normal,3446,0,1782361158.8627272,0.0021376609802246094
217552,normal,970,2,1782361158.864497,0.0017697811126708984
217553,normal,641,0,1782361158.8666036,0.0021066665649414062
217554,normal,1701,0,1782361158.868591,0.001987457275390625
217555,normal,1914,0,1782361158.8706124,0.002021312713623047
217556,normal,279,0,1782361158.8729181,0.002305746078491211
217557,normal,3010,0,1782361158.8746786,0.0017604827880859375
217558,normal,2146,0,1782361158.8767695,0.002090930938720703
217559,normal,2916,0,1782361158.8787043,0.0019347667694091797
217560,normal,2312,0,1782361158.8805263,0.0018219947814941406
217561,normal,715,0,1782361158.8826177,0.0020914077758789062
217562,normal,954,2,1782361158.8846257,0.0020079612731933594
217563,normal,3018,0,1782361158.886652,0.0020263195037841797
217564,normal,2714,0,1782361158.8887749,0.0021228790283203125
217565,normal,2631,0,1782361158.8906255,0.0018506050109863281
217566,normal,1399,0,1782361158.8926244,0.0019989013671875
217567,normal,3396,1,1782361158.8945887,0.0019643306732177734
217568,normal,657,0,1782361158.896625,0.0020363330841064453
217569,normal,1298,0,1782361158.8986268,0.0020017623901367188
217570,normal,3330,1,1782361158.9007452,0.002118349075317383
217571,normal,1975,0,1782361158.9030921,0.0023469924926757812
217572,normal,2895,0,1782361158.905033,0.0019409656524658203
217573,normal,487,0,1782361158.906492,0.001458883285522461
217574,normal,2181,0,1782361158.908797,0.0023050308227539062
217575,normal,1804,0,1782361158.9106913,0.001894235610961914
217576,normal,3657,0,1782361158.9128923,0.002201080322265625
217577,normal,2807,0,1782361158.9148276,0.0019352436065673828
217578,normal,812,2,1782361158.9165797,0.0017521381378173828
217579,normal,174,0,1782361158.9186885,0.0021088123321533203
217580,normal,2540,0,1782361158.9206443,0.001955747604370117
217581,normal,188,0,1782361158.922652,0.002007722854614258
217582,normal,2352,0,1782361158.924494,0.0018420219421386719
217583,normal,2642,0,1782361158.9266188,0.002124786376953125
217584,normal,843,2,1782361158.9286134,0.001994609832763672
217585,normal,206,0,1782361158.9306083,0.0019948482513427734
217586,normal,1566,0,1782361158.9326134,0.0020051002502441406
217587,normal,2613,0,1782361158.9346032,0.0019898414611816406
217588,normal,1843,0,1782361158.9366987,0.002095460891723633
217589,normal,1937,0,1782361158.9386978,0.0019991397857666016
217590,normal,1103,0,1782361158.9405348,0.001837015151977539
217591,normal,3085,1,1782361158.9427702,0.00223541259765625
217592,normal,2723,0,1782361158.9446552,0.0018849372863769531
217593,normal,631,0,1782361158.946627,0.001971721649169922
217594,normal,2709,0,1782361158.9487488,0.0021219253540039062
217595,normal,1234,0,1782361158.9508126,0.002063751220703125
217596,normal,1383,0,1782361158.9525228,0.0017101764678955078
217597,normal,428,0,1782361158.9545927,0.0020699501037597656
217598,normal,1812,0,1782361158.9565172,0.0019245147705078125
217599,normal,3303,1,1782361158.9585016,0.0019843578338623047
217600,normal,834,2,1782361158.9605148,0.0020132064819335938
217601,normal,3539,0,1782361158.962722,0.0022072792053222656
217602,normal,3644,0,1782361158.9646215,0.0018994808197021484
217603,normal,1312,0,1782361158.9668012,0.0021796226501464844
217604,normal,946,2,1782361158.9686549,0.0018537044525146484
217605,normal,728,0,1782361158.9705229,0.0018680095672607422
217606,normal,60,0,1782361158.972783,0.0022602081298828125
217607,normal,3183,1,1782361158.9745822,0.0017991065979003906
217608,normal,212,0,1782361158.9766397,0.0020575523376464844
217609,normal,2165,0,1782361158.9787781,0.002138376235961914
217610,normal,155,0,1782361158.9805872,0.0018091201782226562
217611,normal,3206,1,1782361158.9827108,0.002123594284057617
217612,normal,3105,1,1782361158.984547,0.0018360614776611328
217613,normal,33,0,1782361158.9868872,0.0023403167724609375
217614,normal,2041,0,1782361158.9885542,0.001667022705078125
217615,normal,1038,0,1782361158.9906254,0.0020711421966552734
217616,normal,1346,1,1782361158.9928267,0.0022013187408447266
217617,normal,648,0,1782361158.9946964,0.0018696784973144531
217618,normal,2392,0,1782361158.997943,0.0032465457916259766
217619,normal,2344,0,1782361158.9987025,0.0007596015930175781
217620,normal,3088,1,1782361159.0004983,0.0017957687377929688
217621,normal,1662,0,1782361159.002653,0.0021545886993408203
217622,normal,3139,1,1782361159.0047143,0.0020613670349121094
217623,normal,851,2,1782361159.0067441,0.002029895782470703
217624,normal,889,2,1782361159.0085778,0.0018336772918701172
217625,normal,2405,0,1782361159.0107174,0.002139568328857422
217626,normal,2273,0,1782361159.0125847,0.0018672943115234375
217627,normal,2634,0,1782361159.0146573,0.002072572708129883
217628,normal,3151,1,1782361159.016801,0.00214385986328125
217629,normal,684,0,1782361159.018523,0.0017218589782714844
217630,normal,936,2,1782361159.0208285,0.0023055076599121094
217631,normal,2815,0,1782361159.0226092,0.0017807483673095703
217632,normal,2221,0,1782361159.0246444,0.0020351409912109375
217633,normal,15,0,1782361159.0266268,0.001982450485229492
217634,normal,1259,0,1782361159.0286198,0.001992940902709961
217635,normal,398,0,1782361159.0307236,0.0021038055419921875
217636,normal,809,2,1782361159.0324986,0.0017750263214111328
217637,normal,1821,0,1782361159.0346103,0.002111673355102539
217638,normal,1379,1,1782361159.0365868,0.001976490020751953
217639,normal,3048,1,1782361159.0386133,0.0020265579223632812
217640,normal,2203,0,1782361159.0406368,0.002023458480834961
217641,normal,989,2,1782361159.0429175,0.002280712127685547
217642,normal,1118,0,1782361159.044625,0.0017075538635253906
217643,normal,664,0,1782361159.0468633,0.0022382736206054688
217644,normal,1158,0,1782361159.04872,0.0018565654754638672
217645,normal,1488,0,1782361159.0505884,0.0018684864044189453
217646,normal,3014,0,1782361159.0526228,0.002034425735473633
217647,normal,2149,0,1782361159.0545602,0.0019373893737792969
217648,normal,2372,0,1782361159.056622,0.0020618438720703125
217649,normal,1663,0,1782361159.058766,0.00214385986328125
217650,normal,1529,0,1782361159.0605602,0.0017943382263183594
217651,normal,736,0,1782361159.0626001,0.0020399093627929688
217652,normal,2796,0,1782361159.0646017,0.002001523971557617
217653,normal,2543,0,1782361159.0666168,0.0020151138305664062
217654,normal,1540,0,1782361159.0686245,0.002007722854614258
217655,normal,774,2,1782361159.0706403,0.002015829086303711
217656,normal,3558,0,1782361159.072626,0.001985788345336914
217657,normal,1339,1,1782361159.0745764,0.0019502639770507812
217658,normal,34,0,1782361159.0766413,0.002064943313598633
217659,normal,2622,0,1782361159.0785246,0.0018832683563232422
217660,normal,617,0,1782361159.080632,0.002107381820678711
217661,normal,2561,0,1782361159.0827463,0.0021142959594726562
217662,normal,3029,0,1782361159.0846963,0.0019500255584716797
217663,normal,1791,0,1782361159.0867367,0.002040386199951172
217664,normal,1367,1,1782361159.0887203,0.001983642578125
217665,normal,3226,1,1782361159.0906026,0.001882314682006836
217666,normal,1718,0,1782361159.09273,0.002127408981323242
217667,normal,1533,0,1782361159.0946276,0.001897573471069336
217668,normal,3249,1,1782361159.0965745,0.0019469261169433594
217669,normal,1995,0,1782361159.0986388,0.002064228057861328
217670,normal,415,0,1782361159.1006956,0.0020568370819091797
217671,normal,2806,0,1782361159.102678,0.001982450485229492
217672,normal,3165,1,1782361159.1046042,0.0019261837005615234
217673,normal,2773,0,1782361159.106773,0.0021686553955078125
217674,normal,1531,0,1782361159.1085038,0.0017309188842773438
217675,normal,2775,0,1782361159.110611,0.0021071434020996094
217676,normal,649,0,1782361159.1128666,0.002255678176879883
217677,normal,2015,0,1782361159.1146553,0.0017886161804199219
217678,normal,1080,0,1782361159.1168318,0.002176523208618164
217679,normal,185,0,1782361159.1186244,0.0017926692962646484
217680,normal,233,0,1782361159.1206517,0.002027273178100586
217681,normal,2269,0,1782361159.1227002,0.002048492431640625
217682,normal,87,0,1782361159.1247292,0.002028942108154297
217683,normal,1699,0,1782361159.1269515,0.002222299575805664
217684,normal,2907,0,1782361159.128536,0.0015845298767089844
217685,normal,2759,0,1782361159.1306312,0.0020952224731445312
217686,normal,1071,0,1782361159.1326423,0.0020110607147216797
217687,normal,584,0,1782361159.134601,0.0019588470458984375
217688,normal,944,2,1782361159.136625,0.002023935317993164
217689,normal,1660,0,1782361159.1386235,0.001998424530029297
217690,normal,2014,0,1782361159.1406522,0.0020287036895751953
217691,normal,2040,0,1782361159.142642,0.0019898414611816406
217692,normal,414,0,1782361159.144767,0.0021250247955322266
217693,normal,2833,0,1782361159.1465058,0.0017387866973876953
217694,normal,341,0,1782361159.1488688,0.002362966537475586
217695,normal,2105,0,1782361159.1505253,0.0016565322875976562
217696,normal,1472,0,1782361159.1527724,0.0022470951080322266
217697,normal,651,0,1782361159.1546285,0.001856088638305664
217698,normal,3628,0,1782361159.1566815,0.0020530223846435547
217699,normal,3039,0,1782361159.1587243,0.0020427703857421875
217700,normal,1248,0,1782361159.1608286,0.0021042823791503906
217701,normal,1564,0,1782361159.1625843,0.0017557144165039062
217702,normal,85,0,1782361159.1647344,0.0021500587463378906
217703,normal,179,0,1782361159.166743,0.002008676528930664
217704,normal,1661,0,1782361159.1687105,0.0019674301147460938
217705,normal,1551,0,1782361159.170551,0.0018405914306640625
217706,normal,1781,0,1782361159.1727395,0.002188444137573242
217707,normal,2370,0,1782361159.1744943,0.0017547607421875
217708,normal,1727,0,1782361159.1766498,0.0021555423736572266
217709,normal,2850,0,1782361159.178627,0.001977205276489258
217710,normal,3495,0,1782361159.180557,0.0019299983978271484
217711,normal,1326,1,1782361159.1827312,0.0021741390228271484
217712,normal,2380,0,1782361159.1846957,0.001964569091796875
217713,normal,3031,0,1782361159.1865582,0.0018625259399414062
217714,normal,2711,0,1782361159.1887865,0.002228260040283203
217715,normal,3440,0,1782361159.190903,0.0021164417266845703
217716,normal,195,0,1782361159.1927853,0.001882314682006836
217717,normal,1520,0,1782361159.1945238,0.0017385482788085938
217718,normal,1570,0,1782361159.1967297,0.0022058486938476562
217719,normal,3562,0,1782361159.1984382,0.0017085075378417969
217720,normal,2834,0,1782361159.200617,0.0021789073944091797
217721,normal,2278,0,1782361159.202608,0.0019910335540771484
217722,normal,229,0,1782361159.20463,0.00202178955078125
217723,normal,172,0,1782361159.2064967,0.0018668174743652344
217724,normal,322,0,1782361159.2086096,0.002112865447998047
217725,normal,1115,0,1782361159.2104945,0.0018849372863769531
217726,normal,965,2,1782361159.2126102,0.0021157264709472656
217727,normal,3358,1,1782361159.2146492,0.0020389556884765625
217728,normal,1991,0,1782361159.2165325,0.0018832683563232422
217729,normal,2678,0,1782361159.2188232,0.0022907257080078125
217730,normal,2975,0,1782361159.2206173,0.0017940998077392578
217731,normal,425,0,1782361159.222855,0.0022377967834472656
217732,normal,2811,0,1782361159.224486,0.001631021499633789
217733,normal,1461,0,1782361159.226646,0.0021598339080810547
217734,normal,2326,0,1782361159.2285175,0.0018715858459472656
217735,normal,1471,0,1782361159.2306366,0.0021190643310546875
217736,normal,2422,0,1782361159.2327754,0.002138853073120117
217737,normal,3405,0,1782361159.2345548,0.001779317855834961
217738,normal,2075,0,1782361159.236489,0.0019342899322509766
217739,normal,1007,2,1782361159.2386198,0.002130746841430664
217740,normal,2159,0,1782361159.2405117,0.0018918514251708984
217741,normal,289,0,1782361159.2426412,0.0021295547485351562
217742,normal,1032,0,1782361159.244646,0.002004861831665039
217743,normal,686,0,1782361159.2465065,0.0018603801727294922
217744,normal,729,0,1782361159.248632,0.0021255016326904297
217745,normal,1719,0,1782361159.2505395,0.0019075870513916016
217746,normal,791,2,1782361159.252649,0.002109527587890625
217747,normal,2743,0,1782361159.2545254,0.0018763542175292969
217748,normal,2325,0,1782361159.2567203,0.0021948814392089844
217749,normal,1134,0,1782361159.2586792,0.0019588470458984375
217750,normal,2080,0,1782361159.260605,0.0019259452819824219
217751,normal,593,0,1782361159.262732,0.002126932144165039
217752,normal,2910,0,1782361159.2646365,0.0019044876098632812
217753,normal,1668,0,1782361159.2665656,0.0019290447235107422
217754,normal,3234,1,1782361159.2688522,0.002286672592163086
217755,normal,627,0,1782361159.270757,0.0019047260284423828
217756,normal,2128,0,1782361159.2727315,0.0019745826721191406
217757,normal,183,0,1782361159.2746909,0.0019593238830566406
217758,normal,182,0,1782361159.2765458,0.0018548965454101562
217759,normal,2201,0,1782361159.2786276,0.0020818710327148438
217760,normal,1527,0,1782361159.2806969,0.002069234848022461
217761,normal,217,0,1782361159.2824595,0.0017626285552978516
217762,normal,1933,0,1782361159.284486,0.0020265579223632812
217763,normal,2098,0,1782361159.2865121,0.002026081085205078
217764,normal,1774,0,1782361159.288648,0.002135753631591797
217765,normal,3616,0,1782361159.2904706,0.0018227100372314453
217766,normal,591,0,1782361159.2926419,0.0021712779998779297
217767,normal,699,0,1782361159.294536,0.001894235610961914
217768,normal,109,0,1782361159.2967145,0.0021784305572509766
217769,normal,3314,1,1782361159.2987278,0.0020132064819335938
217770,normal,1657,0,1782361159.3005192,0.0017914772033691406
217771,normal,3064,1,1782361159.3026333,0.0021140575408935547
217772,normal,254,0,1782361159.3046997,0.002066373825073242
217773,normal,1733,0,1782361159.3065374,0.0018377304077148438
217774,normal,1674,0,1782361159.3087173,0.002179861068725586
217775,normal,758,0,1782361159.31072,0.002002716064453125
217776,normal,2637,0,1782361159.3124454,0.0017254352569580078
217777,normal,1582,0,1782361159.3145218,0.002076387405395508
217778,normal,1111,0,1782361159.3165133,0.0019915103912353516
217779,normal,2581,0,1782361159.318539,0.002025604248046875
217780,normal,3682,0,1782361159.3206346,0.0020956993103027344
217781,normal,3342,1,1782361159.32264,0.002005338668823242
217782,normal,1750,0,1782361159.3245206,0.001880645751953125
217783,normal,2585,0,1782361159.3266988,0.002178192138671875
217784,normal,3087,1,1782361159.3286989,0.002000093460083008
217785,normal,3292,1,1782361159.3305433,0.0018444061279296875
217786,normal,438,0,1782361159.3326347,0.0020914077758789062
217787,normal,108,0,1782361159.3346298,0.001995086669921875
217788,normal,1636,0,1782361159.3365023,0.0018725395202636719
217789,normal,3700,0,1782361159.338636,0.002133607864379883
217790,normal,2716,0,1782361159.3406308,0.0019948482513427734
217791,normal,744,0,1782361159.3425364,0.001905679702758789
217792,normal,1146,0,1782361159.3447263,0.0021898746490478516
217793,normal,2471,0,1782361159.3469698,0.002243518829345703
217794,normal,899,2,1782361159.348471,0.0015010833740234375
217795,normal,987,2,1782361159.3505256,0.0020546913146972656
217796,normal,1844,0,1782361159.3525887,0.0020630359649658203
217797,normal,2393,0,1782361159.3544989,0.0019102096557617188
217798,normal,2507,0,1782361159.3564432,0.0019443035125732422
217799,normal,3650,0,1782361159.3586535,0.002210378646850586
217800,normal,50,0,1782361159.3604429,0.0017893314361572266
217801,normal,3606,0,1782361159.3627346,0.0022916793823242188
217802,normal,118,0,1782361159.364565,0.0018303394317626953
217803,normal,3302,1,1782361159.3664732,0.0019083023071289062
217804,normal,2609,0,1782361159.368725,0.002251863479614258
217805,normal,3132,1,1782361159.3705828,0.001857757568359375
217806,normal,1633,0,1782361159.3726118,0.002028942108154297
217807,normal,814,2,1782361159.374476,0.0018641948699951172
217808,normal,1882,0,1782361159.3767674,0.002291440963745117
217809,normal,3308,1,1782361159.378528,0.001760721206665039
217810,normal,2881,0,1782361159.3807077,0.0021796226501464844
217811,normal,2227,0,1782361159.3825147,0.0018069744110107422
217812,normal,2925,0,1782361159.3844926,0.0019779205322265625
217813,normal,1574,0,1782361159.386497,0.002004384994506836
217814,normal,2234,0,1782361159.3888302,0.0023331642150878906
217815,normal,652,0,1782361159.3904824,0.0016522407531738281
217816,normal,354,0,1782361159.3926067,0.002124309539794922
217817,normal,1795,0,1782361159.3946068,0.002000093460083008
217818,normal,3147,1,1782361159.3964837,0.0018768310546875
217819,normal,1380,1,1782361159.3989289,0.002445220947265625
217820,normal,731,0,1782361159.400749,0.0018200874328613281
217821,normal,2897,0,1782361159.4025648,0.0018157958984375
217822,normal,2155,0,1782361159.4046202,0.0020554065704345703
217823,normal,3335,1,1782361159.4066334,0.0020132064819335938
217824,normal,543,0,1782361159.4085135,0.0018801689147949219
217825,normal,2069,0,1782361159.410651,0.002137422561645508
217826,normal,2367,0,1782361159.4126196,0.0019686222076416016
217827,normal,1190,0,1782361159.414609,0.0019893646240234375
217828,normal,994,2,1782361159.416466,0.0018570423126220703
217829,normal,3168,1,1782361159.418659,0.002192974090576172
217830,normal,184,0,1782361159.4204698,0.0018107891082763672
217831,normal,740,0,1782361159.4226506,0.002180814743041992
217832,normal,2486,0,1782361159.424537,0.0018863677978515625
217833,normal,858,2,1782361159.4267735,0.002236604690551758
217834,normal,1779,0,1782361159.428588,0.0018143653869628906
217835,normal,1650,0,1782361159.431022,0.0024340152740478516
217836,normal,3622,0,1782361159.432621,0.0015990734100341797
217837,normal,937,2,1782361159.4347124,0.0020914077758789062
217838,normal,1683,0,1782361159.4367857,0.0020732879638671875
217839,normal,2288,0,1782361159.4385893,0.0018036365509033203
217840,normal,3225,1,1782361159.4407215,0.0021321773529052734
217841,normal,148,0,1782361159.442776,0.002054452896118164
217842,normal,3050,1,1782361159.44451,0.001734018325805664
217843,normal,1376,1,1782361159.446691,0.0021810531616210938
217844,normal,1046,0,1782361159.4485867,0.0018956661224365234
217845,normal,3485,0,1782361159.4505072,0.001920461654663086
217846,normal,2262,0,1782361159.4525008,0.0019936561584472656
217847,normal,3527,0,1782361159.4544864,0.0019855499267578125
217848,normal,1997,0,1782361159.4565008,0.0020143985748291016
217849,normal,1687,0,1782361159.4586253,0.0021245479583740234
217850,normal,2224,0,1782361159.4608128,0.002187490463256836
217851,normal,3217,1,1782361159.4626133,0.001800537109375
217852,normal,2400,0,1782361159.464853,0.002239704132080078
217853,normal,505,0,1782361159.4667454,0.0018923282623291016
217854,normal,2431,0,1782361159.4685504,0.0018050670623779297
217855,normal,2756,0,1782361159.4707658,0.0022153854370117188
217856,normal,2788,0,1782361159.4728343,0.0020685195922851562
217857,normal,3002,0,1782361159.4746215,0.0017871856689453125
217858,normal,1269,0,1782361159.4767458,0.002124309539794922
217859,normal,1970,0,1782361159.4786499,0.0019040107727050781
217860,normal,2893,0,1782361159.4805784,0.001928567886352539
217861,normal,2446,0,1782361159.4825442,0.001965761184692383
217862,normal,3258,1,1782361159.4846473,0.002103090286254883
217863,normal,978,2,1782361159.486484,0.0018367767333984375
217864,normal,3580,0,1782361159.4886422,0.0021581649780273438
217865,normal,2861,0,1782361159.4906447,0.0020024776458740234
217866,normal,1897,0,1782361159.4925947,0.0019500255584716797
217867,normal,402,0,1782361159.4947577,0.002162933349609375
217868,normal,530,0,1782361159.4966211,0.0018634796142578125
217869,normal,3679,0,1782361159.4986231,0.0020020008087158203
217870,normal,18,0,1782361159.5006187,0.001995563507080078
217871,normal,2495,0,1782361159.5026155,0.001996755599975586
217872,normal,1964,0,1782361159.5046053,0.0019898414611816406
217873,normal,3696,0,1782361159.5066302,0.0020248889923095703
217874,normal,1444,0,1782361159.5087,0.002069711685180664
217875,normal,2706,0,1782361159.5106254,0.0019254684448242188
217876,normal,2258,0,1782361159.5126867,0.0020613670349121094
217877,normal,3381,1,1782361159.5146835,0.001996755599975586
217878,normal,877,2,1782361159.5166252,0.001941680908203125
217879,normal,3583,0,1782361159.518624,0.0019989013671875
217880,normal,3420,0,1782361159.52062,0.0019960403442382812
217881,normal,3257,1,1782361159.5227063,0.002086162567138672
217882,normal,1495,0,1782361159.524539,0.001832723617553711
217883,normal,1284,0,1782361159.52661,0.002070903778076172
217884,normal,153,0,1782361159.528536,0.0019261837005615234
217885,normal,1982,0,1782361159.5306494,0.00211334228515625
217886,normal,2941,0,1782361159.5326798,0.0020303726196289062
217887,normal,1849,0,1782361159.5346472,0.0019674301147460938
217888,normal,958,2,1782361159.5366414,0.0019941329956054688
217889,normal,1411,0,1782361159.5387354,0.0020940303802490234
217890,normal,2734,0,1782361159.5406115,0.0018761157989501953
217891,normal,853,2,1782361159.542755,0.002143383026123047
217892,normal,2530,0,1782361159.5447721,0.0020172595977783203
217893,normal,2452,0,1782361159.5464969,0.0017247200012207031
217894,normal,1990,0,1782361159.5486064,0.002109527587890625
217895,normal,1386,0,1782361159.5506904,0.002084016799926758
217896,normal,893,2,1782361159.5528238,0.0021333694458007812
217897,normal,2889,0,1782361159.5546856,0.0018618106842041016
217898,normal,2222,0,1782361159.556738,0.00205230712890625
217899,normal,988,2,1782361159.5586114,0.0018734931945800781
217900,normal,3586,0,1782361159.560746,0.002134561538696289
217901,normal,1450,0,1782361159.5627394,0.001993417739868164
217902,normal,2984,0,1782361159.5646338,0.0018944740295410156
217903,normal,683,0,1782361159.5668805,0.0022466182708740234
217904,normal,506,0,1782361159.5687957,0.0019152164459228516
217905,normal,777,2,1782361159.5705824,0.0017867088317871094
217906,normal,124,0,1782361159.5729165,0.002334117889404297
217907,normal,2268,0,1782361159.5746486,0.0017321109771728516
217908,normal,2578,0,1782361159.5766592,0.0020105838775634766
217909,normal,2904,0,1782361159.578589,0.0019297599792480469
217910,normal,801,2,1782361159.5806482,0.0020592212677001953
217911,normal,948,2,1782361159.5827625,0.0021142959594726562
217912,normal,2805,0,1782361159.58453,0.0017676353454589844
217913,normal,1438,0,1782361159.5866127,0.0020825862884521484
217914,normal,2510,0,1782361159.588531,0.0019183158874511719
217915,normal,1891,0,1782361159.590638,0.002106904983520508
217916,normal,1066,0,1782361159.5926602,0.002022266387939453
217917,normal,1512,0,1782361159.5946207,0.0019605159759521484
217918,normal,2081,0,1782361159.5965075,0.0018868446350097656
217919,normal,3146,1,1782361159.5986323,0.002124786376953125
217920,normal,868,2,1782361159.6005309,0.0018985271453857422
217921,normal,1684,0,1782361159.6026402,0.0021092891693115234
217922,normal,1515,0,1782361159.6047804,0.0021402835845947266
217923,normal,514,0,1782361159.606821,0.0020406246185302734
217924,normal,854,2,1782361159.6086056,0.0017845630645751953
217925,normal,2010,0,1782361159.610732,0.002126455307006836
217926,normal,3128,1,1782361159.6125774,0.0018453598022460938
217927,normal,1679,0,1782361159.6147444,0.0021669864654541016
217928,normal,1763,0,1782361159.616631,0.001886606216430664
217929,normal,175,0,1782361159.6185973,0.001966238021850586
217930,normal,2867,0,1782361159.6207886,0.002191305160522461
217931,normal,3631,0,1782361159.6229324,0.00214385986328125
217932,normal,1089,0,1782361159.624729,0.0017964839935302734
217933,normal,2936,0,1782361159.6266854,0.001956462860107422
217934,normal,222,0,1782361159.6289606,0.002275228500366211
217935,normal,1745,0,1782361159.6306,0.0016393661499023438
217936,normal,726,0,1782361159.6327598,0.0021598339080810547
217937,normal,673,0,1782361159.6350338,0.002274036407470703
217938,normal,2133,0,1782361159.637209,0.0021750926971435547
217939,normal,252,0,1782361159.6387331,0.001524209976196289
217940,normal,480,0,1782361159.6409261,0.002192974090576172
217941,normal,3361,1,1782361159.6426053,0.0016791820526123047
217942,normal,1419,0,1782361159.6448572,0.002251863479614258
217943,normal,2721,0,1782361159.6467488,0.0018916130065917969
217944,normal,1886,0,1782361159.6485405,0.0017917156219482422
217945,normal,1618,0,1782361159.650879,0.002338409423828125
217946,normal,1406,0,1782361159.6525404,0.001661539077758789
217947,normal,293,0,1782361159.6546571,0.002116680145263672
217948,normal,3544,0,1782361159.656591,0.0019338130950927734
217949,normal,1936,0,1782361159.6586955,0.002104520797729492
217950,normal,1900,0,1782361159.6604865,0.0017910003662109375
217951,normal,915,2,1782361159.6626306,0.0021440982818603516
217952,normal,702,0,1782361159.6646326,0.0020020008087158203
217953,normal,462,0,1782361159.6666334,0.0020008087158203125
217954,normal,691,0,1782361159.6686583,0.0020248889923095703
217955,normal,2601,0,1782361159.670625,0.001966714859008789
217956,normal,1773,0,1782361159.6726158,0.001990795135498047
217957,normal,1984,0,1782361159.6746328,0.0020170211791992188
217958,normal,17,0,1782361159.6766198,0.001986980438232422
217959,normal,2793,0,1782361159.67862,0.0020003318786621094
217960,normal,2428,0,1782361159.6806417,0.0020215511322021484
217961,normal,1169,0,1782361159.6827054,0.002063751220703125
217962,normal,394,0,1782361159.6845267,0.001821279525756836
217963,normal,1736,0,1782361159.686742,0.0022153854370117188
217964,normal,3172,1,1782361159.6886604,0.0019183158874511719
217965,normal,741,0,1782361159.6905313,0.001870870590209961
217966,normal,1815,0,1782361159.6926296,0.0020983219146728516
217967,normal,1062,0,1782361159.6946964,0.0020668506622314453
217968,normal,325,0,1782361159.696512,0.0018155574798583984
217969,normal,201,0,1782361159.6986086,0.0020966529846191406
217970,normal,634,0,1782361159.7006109,0.002002239227294922
217971,normal,2450,0,1782361159.702612,0.002001047134399414
217972,normal,2732,0,1782361191.1843069,0.0
217973,normal,423,0,1782361191.18634,0.002033233642578125
217974,normal,254,0,1782361191.1883183,0.001978158950805664
217975,normal,1491,0,1782361191.1903033,0.0019850730895996094
217976,normal,12,0,1782361191.1923409,0.002037525177001953
217977,normal,2307,0,1782361191.194511,0.002170085906982422
217978,normal,2212,0,1782361191.196393,0.0018820762634277344
217979,normal,479,0,1782361191.1984494,0.0020563602447509766
217980,normal,1776,0,1782361191.2004771,0.002027750015258789
217981,normal,3110,1,1782361191.2024121,0.0019350051879882812
217982,normal,2923,0,1782361191.2043924,0.001980304718017578
217983,normal,1960,0,1782361191.2067444,0.002351999282836914
217984,normal,1306,0,1782361191.2083263,0.0015819072723388672
217985,normal,2424,0,1782361191.2105103,0.0021839141845703125
217986,normal,3347,1,1782361191.2125404,0.0020301342010498047
217987,normal,682,0,1782361191.2145524,0.002012014389038086
217988,normal,403,0,1782361191.2164805,0.001928091049194336
217989,normal,2656,0,1782361191.2183964,0.0019159317016601562
217990,normal,1005,2,1782361191.2204807,0.0020842552185058594
217991,normal,66,0,1782361191.2224822,0.002001523971557617
217992,normal,414,0,1782361191.224394,0.0019118785858154297
217993,normal,3215,1,1782361191.2265124,0.002118349075317383
217994,normal,1296,0,1782361191.2285094,0.0019969940185546875
217995,normal,1958,0,1782361191.2303967,0.0018873214721679688
217996,normal,1652,0,1782361191.2325127,0.002115964889526367
217997,normal,3059,1,1782361191.2344697,0.001956939697265625
217998,normal,1191,0,1782361191.2363942,0.0019245147705078125
217999,normal,259,0,1782361191.2385054,0.002111196517944336
218000,normal,451,0,1782361191.2404735,0.0019681453704833984
218001,normal,1528,0,1782361191.2423968,0.0019233226776123047
218002,normal,1515,0,1782361191.2445061,0.0021092891693115234
218003,normal,3639,0,1782361191.2465155,0.0020093917846679688
218004,normal,3451,0,1782361191.2484686,0.001953125
218005,normal,758,0,1782361191.2504725,0.002003908157348633
218006,normal,160,0,1782361191.2525208,0.0020482540130615234
218007,normal,813,2,1782361191.2546093,0.0020885467529296875
218008,normal,1672,0,1782361191.256489,0.0018796920776367188
218009,normal,3006,0,1782361191.2584476,0.001958608627319336
218010,normal,1925,0,1782361191.2605338,0.002086162567138672
218011,normal,864,2,1782361191.2624054,0.0018715858459472656
218012,normal,142,0,1782361191.2645888,0.0021834373474121094
218013,normal,3075,1,1782361191.2665343,0.00194549560546875
218014,normal,1875,0,1782361191.2685342,0.0019998550415039062
218015,normal,2730,0,1782361191.2705936,0.002059459686279297
218016,normal,194,0,1782361191.2725341,0.0019404888153076172
218017,normal,2457,0,1782361191.2745304,0.001996278762817383
218018,normal,832,2,1782361191.276592,0.002061605453491211
218019,normal,1926,0,1782361191.278463,0.001870870590209961
218020,normal,1871,0,1782361191.2805002,0.0020372867584228516
218021,normal,1040,0,1782361191.2826,0.002099752426147461
218022,normal,2262,0,1782361191.2844098,0.001809835433959961
218023,normal,2982,0,1782361191.2866168,0.002207040786743164
218024,normal,2079,0,1782361191.288534,0.001917123794555664
218025,normal,3360,1,1782361191.2904136,0.0018796920776367188
218026,normal,1520,0,1782361191.2926083,0.002194643020629883
218027,normal,2206,0,1782361191.294534,0.0019257068634033203
218028,normal,2060,0,1782361191.2963908,0.0018568038940429688
218029,normal,534,0,1782361191.2986016,0.002210855484008789
218030,normal,1795,0,1782361191.3005366,0.0019350051879882812
218031,normal,3093,1,1782361191.3023975,0.0018608570098876953
218032,normal,2755,0,1782361191.3046067,0.002209186553955078
218033,normal,2313,0,1782361191.306502,0.0018954277038574219
218034,normal,2779,0,1782361191.3084512,0.0019490718841552734
218035,normal,1213,0,1782361191.310482,0.0020308494567871094
218036,normal,2467,0,1782361191.312478,0.0019960403442382812
218037,normal,576,0,1782361191.3144543,0.0019762516021728516
218038,normal,3307,1,1782361191.3164983,0.0020439624786376953
218039,normal,3333,1,1782361191.3185475,0.0020492076873779297
218040,normal,3464,0,1782361191.3204048,0.0018572807312011719
218041,normal,317,0,1782361191.3226063,0.002201557159423828
218042,normal,1765,0,1782361191.3244212,0.0018148422241210938
218043,normal,2468,0,1782361191.3266177,0.0021965503692626953
218044,normal,1560,0,1782361191.328366,0.0017483234405517578
218045,normal,1928,0,1782361191.3305607,0.002194643020629883
218046,normal,397,0,1782361191.33239,0.001829385757446289
218047,normal,527,0,1782361191.334614,0.002223968505859375
218048,normal,2890,0,1782361191.3364806,0.0018665790557861328
218049,normal,3409,0,1782361191.3383973,0.001916646957397461
218050,normal,3380,1,1782361191.340605,0.0022077560424804688
218051,normal,2120,0,1782361191.3425567,0.0019516944885253906
218052,normal,1902,0,1782361191.3443909,0.0018341541290283203
218053,normal,969,2,1782361191.3465066,0.0021157264709472656
218054,normal,2864,0,1782361191.3484647,0.001958131790161133
218055,normal,2182,0,1782361191.3503413,0.0018765926361083984
218056,normal,1024,2,1782361191.3525007,0.0021593570709228516
218057,normal,2412,0,1782361191.354437,0.0019364356994628906
218058,normal,2940,0,1782361191.3565037,0.0020666122436523438
218059,normal,101,0,1782361191.3583446,0.001840829849243164
218060,normal,2655,0,1782361191.360555,0.002210378646850586
218061,normal,3018,0,1782361191.3624249,0.0018699169158935547
218062,normal,3707,0,1782361191.3645096,0.0020847320556640625
218063,normal,1355,1,1782361191.3665822,0.002072572708129883
218064,normal,2191,0,1782361191.3683991,0.0018169879913330078
218065,normal,820,2,1782361191.3705072,0.0021080970764160156
218066,normal,920,2,1782361191.372576,0.002068758010864258
218067,normal,384,0,1782361191.374391,0.0018150806427001953
218068,normal,1845,0,1782361191.3765078,0.002116680145263672
218069,normal,763,0,1782361191.3784764,0.0019686222076416016
218070,normal,1711,0,1782361191.3803883,0.0019118785858154297
218071,normal,3447,0,1782361191.3824742,0.0020859241485595703
218072,normal,1150,0,1782361191.3844576,0.0019834041595458984
218073,normal,298,0,1782361191.3865163,0.002058744430541992
218074,normal,2791,0,1782361191.3883562,0.0018398761749267578
218075,normal,2934,0,1782361191.3904674,0.002111196517944336
218076,normal,821,2,1782361191.3923879,0.001920461654663086
218077,normal,3504,0,1782361191.394503,0.0021152496337890625
218078,normal,2302,0,1782361191.3964758,0.001972675323486328
218079,normal,1155,0,1782361191.3983862,0.0019104480743408203
218080,normal,3055,1,1782361191.4005039,0.002117633819580078
218081,normal,2059,0,1782361191.4024582,0.001954317092895508
218082,normal,2990,0,1782361191.4043956,0.0019373893737792969
218083,normal,199,0,1782361191.4065087,0.0021131038665771484
218084,normal,1036,0,1782361191.4083643,0.001855611801147461
218085,normal,3548,0,1782361191.4106007,0.0022363662719726562
218086,normal,1753,0,1782361191.4123554,0.0017547607421875
218087,normal,1525,0,1782361191.4148393,0.002483844757080078
218088,normal,1794,0,1782361191.4163592,0.001519918441772461
218089,normal,3418,0,1782361191.4186087,0.002249479293823242
218090,normal,1434,0,1782361191.4204638,0.0018551349639892578
218091,normal,1397,0,1782361191.422449,0.001985311508178711
218092,normal,1134,0,1782361191.424532,0.00208282470703125
218093,normal,1801,0,1782361191.426546,0.00201416015625
218094,normal,1819,0,1782361191.4284291,0.0018830299377441406
218095,normal,322,0,1782361191.4304738,0.002044677734375
218096,normal,2623,0,1782361191.43255,0.0020761489868164062
218097,normal,2929,0,1782361191.434468,0.0019180774688720703
218098,normal,2136,0,1782361191.4365351,0.002067089080810547
218099,normal,775,2,1782361191.4385529,0.0020177364349365234
218100,normal,3477,0,1782361191.4404185,0.0018656253814697266
218101,normal,150,0,1782361191.4424663,0.0020477771759033203
218102,normal,3515,0,1782361191.444556,0.0020897388458251953
218103,normal,1831,0,1782361191.4464722,0.0019161701202392578
218104,normal,1139,0,1782361191.4485352,0.0020630359649658203
218105,normal,1708,0,1782361191.4505026,0.0019674301147460938
218106,normal,1756,0,1782361191.4524632,0.0019605159759521484
218107,normal,1533,0,1782361191.4544678,0.0020046234130859375
218108,normal,2672,0,1782361191.456655,0.0021872520446777344
218109,normal,1092,0,1782361191.4584696,0.0018146038055419922
218110,normal,1214,0,1782361191.4604707,0.002001047134399414
218111,normal,209,0,1782361191.462648,0.0021772384643554688
218112,normal,2905,0,1782361191.4644706,0.0018227100372314453
218113,normal,1501,0,1782361191.4664717,0.002001047134399414
218114,normal,2233,0,1782361191.4685764,0.0021047592163085938
218115,normal,3250,1,1782361191.47047,0.0018935203552246094
218116,normal,2132,0,1782361191.472477,0.002007007598876953
218117,normal,2643,0,1782361191.4743843,0.0019073486328125
218118,normal,1323,1,1782361191.4766061,0.002221822738647461
218119,normal,2203,0,1782361191.4783554,0.001749277114868164
218120,normal,3113,1,1782361191.4808462,0.0024907588958740234
218121,normal,3107,1,1782361191.4824169,0.0015707015991210938
218122,normal,1446,0,1782361191.4844737,0.0020568370819091797
218123,normal,628,0,1782361191.4865055,0.0020318031311035156
218124,normal,1703,0,1782361191.488451,0.00194549560546875
218125,normal,1578,0,1782361191.490525,0.002074003219604492
218126,normal,280,0,1782361191.4925861,0.002061128616333008
218127,normal,779,2,1782361191.4944668,0.001880645751953125
218128,normal,2315,0,1782361191.4964736,0.0020067691802978516
218129,normal,3258,1,1782361191.498533,0.002059459686279297
218130,normal,1241,0,1782361191.5005524,0.0020194053649902344
218131,normal,3475,0,1782361191.5023944,0.0018420219421386719
218132,normal,2803,0,1782361191.5045276,0.0021331310272216797
218133,normal,2053,0,1782361191.5065482,0.002020597457885742
218134,normal,4,0,1782361191.5085318,0.001983642578125
218135,normal,1237,0,1782361191.510589,0.0020570755004882812
218136,normal,25,0,1782361191.5125504,0.0019614696502685547
218137,normal,477,0,1782361191.5145319,0.001981496810913086
218138,normal,2464,0,1782361191.516538,0.002006053924560547
218139,normal,2875,0,1782361191.5184624,0.0019245147705078125
218140,normal,3122,1,1782361191.5205278,0.002065420150756836
218141,normal,387,0,1782361191.5225933,0.002065420150756836
218142,normal,2753,0,1782361191.5245583,0.001965045928955078
218143,normal,2008,0,1782361191.5265272,0.001968860626220703
218144,normal,3247,1,1782361191.5286014,0.0020742416381835938
218145,normal,1221,0,1782361191.5305498,0.0019483566284179688
218146,normal,2616,0,1782361191.5325284,0.001978635787963867
218147,normal,311,0,1782361191.5346003,0.002071857452392578
218148,normal,143,0,1782361191.536549,0.0019488334655761719
218149,normal,1260,0,1782361191.5384834,0.0019342899322509766
218150,normal,1496,0,1782361191.5405262,0.0020427703857421875
218151,normal,2448,0,1782361191.5424562,0.0019299983978271484
218152,normal,1721,0,1782361191.544526,0.0020699501037597656
218153,normal,3054,1,1782361191.546605,0.002079010009765625
218154,normal,1290,0,1782361191.5485497,0.0019445419311523438
218155,normal,1206,0,1782361191.5504782,0.001928567886352539
218156,normal,858,2,1782361191.5525374,0.0020592212677001953
218157,normal,2532,0,1782361191.554548,0.0020105838775634766
218158,normal,1192,0,1782361191.5565228,0.001974821090698242
218159,normal,1274,0,1782361191.5584722,0.001949310302734375
218160,normal,926,2,1782361191.5605454,0.0020732879638671875
218161,normal,741,0,1782361191.562357,0.0018115043640136719
218162,normal,3366,1,1782361191.5645506,0.0021936893463134766
218163,normal,1757,0,1782361191.5664568,0.0019061565399169922
218164,normal,2835,0,1782361191.568529,0.0020720958709716797
218165,normal,239,0,1782361191.570613,0.002084016799926758
218166,normal,708,0,1782361191.5724676,0.0018546581268310547
218167,normal,1569,0,1782361191.5745254,0.002057790756225586
218168,normal,126,0,1782361191.5766199,0.0020945072174072266
218169,normal,447,0,1782361191.5785506,0.0019307136535644531
218170,normal,3229,1,1782361191.5805302,0.0019795894622802734
218171,normal,1627,0,1782361191.5825753,0.002045154571533203
218172,normal,990,2,1782361191.584429,0.0018537044525146484
218173,normal,3163,1,1782361191.5864742,0.002045154571533203
218174,normal,165,0,1782361191.5884552,0.001981019973754883
218175,normal,686,0,1782361191.5904553,0.002000093460083008
218176,normal,3542,0,1782361191.5925322,0.002076864242553711
218177,normal,2897,0,1782361191.5946283,0.0020961761474609375
218178,normal,544,0,1782361191.5965502,0.0019218921661376953
218179,normal,1350,1,1782361191.5985327,0.001982450485229492
218180,normal,1966,0,1782361191.6005282,0.001995563507080078
218181,normal,2239,0,1782361191.602559,0.0020308494567871094
218182,normal,1202,0,1782361191.6045039,0.0019447803497314453
218183,normal,1730,0,1782361191.606773,0.0022690296173095703
218184,normal,378,0,1782361191.6084561,0.0016832351684570312
218185,normal,2602,0,1782361191.6105325,0.002076387405395508
218186,normal,2401,0,1782361191.6125581,0.002025604248046875
218187,normal,2701,0,1782361191.614422,0.0018639564514160156
218188,normal,2742,0,1782361191.61648,0.0020580291748046875
218189,normal,3190,1,1782361191.6185567,0.0020766258239746094
218190,normal,77,0,1782361191.6204565,0.00189971923828125
218191,normal,2879,0,1782361191.6224546,0.0019981861114501953
218192,normal,2081,0,1782361191.6246374,0.0021827220916748047
218193,normal,2577,0,1782361191.6264653,0.0018279552459716797
218194,normal,2815,0,1782361191.6284585,0.0019931793212890625
218195,normal,350,0,1782361191.6305182,0.0020596981048583984
218196,normal,2116,0,1782361191.6324563,0.0019381046295166016
218197,normal,119,0,1782361191.6344647,0.0020084381103515625
218198,normal,1085,0,1782361191.6364927,0.0020279884338378906
218199,normal,1892,0,1782361191.6383564,0.001863718032836914
218200,normal,3128,1,1782361191.6404994,0.0021429061889648438
218201,normal,2865,0,1782361191.642481,0.0019817352294921875
218202,normal,3613,0,1782361191.644454,0.0019729137420654297
218203,normal,2344,0,1782361191.6464596,0.0020055770874023438
218204,normal,2980,0,1782361191.6484694,0.002009868621826172
218205,normal,2314,0,1782361191.6504502,0.0019807815551757812
218206,normal,2550,0,1782361191.6524856,0.002035379409790039
218207,normal,2869,0,1782361191.6545396,0.002053976058959961
218208,normal,2986,0,1782361191.6564589,0.0019192695617675781
218209,normal,3326,1,1782361191.658356,0.0018970966339111328
218210,normal,2230,0,1782361191.6605318,0.0021758079528808594
218211,normal,3586,0,1782361191.6623597,0.0018279552459716797
218212,normal,3668,0,1782361191.6645207,0.0021610260009765625
218213,normal,2119,0,1782361191.666493,0.001972198486328125
218214,normal,1937,0,1782361191.6683917,0.0018987655639648438
218215,normal,549,0,1782361191.6704748,0.0020830631256103516
218216,normal,156,0,1782361191.6724956,0.0020208358764648438
218217,normal,217,0,1782361191.674389,0.0018932819366455078
218218,normal,1789,0,1782361191.6765099,0.0021209716796875
218219,normal,2237,0,1782361191.6786406,0.002130746841430664
218220,normal,1333,1,1782361191.6810343,0.0023937225341796875
218221,normal,667,0,1782361191.6825957,0.0015614032745361328
218222,normal,2510,0,1782361191.6845005,0.0019047260284423828
218223,normal,2824,0,1782361191.6864047,0.0019042491912841797
218224,normal,3286,1,1782361191.688358,0.0019533634185791016
218225,normal,42,0,1782361191.6903539,0.0019958019256591797
218226,normal,1850,0,1782361191.6923485,0.001994609832763672
218227,normal,2067,0,1782361191.694489,0.002140522003173828
218228,normal,1931,0,1782361191.6965158,0.002026796340942383
218229,normal,1197,0,1782361191.698641,0.002125263214111328
218230,normal,3153,1,1782361191.700395,0.0017540454864501953
218231,normal,2359,0,1782361191.7024033,0.002008199691772461
218232,normal,3208,1,1782361191.7043564,0.001953125
218233,normal,3466,0,1782361191.7062912,0.0019347667694091797
218234,normal,2576,0,1782361191.7083855,0.002094268798828125
218235,normal,1215,0,1782361191.710423,0.002037525177001953
218236,normal,1473,0,1782361191.7125401,0.002117156982421875
218237,normal,245,0,1782361191.7143865,0.0018463134765625
218238,normal,2884,0,1782361191.7164345,0.002048015594482422
218239,normal,1084,0,1782361191.71838,0.00194549560546875
218240,normal,2061,0,1782361191.7204628,0.00208282470703125
218241,normal,2823,0,1782361191.7224534,0.0019905567169189453
218242,normal,2917,0,1782361191.724476,0.0020227432250976562
218243,normal,1004,2,1782361191.7266319,0.002155780792236328
218244,normal,1588,0,1782361191.7283485,0.00171661376953125
218245,normal,2669,0,1782361191.7304385,0.002089977264404297
218246,normal,3005,0,1782361191.7324247,0.001986265182495117
218247,normal,828,2,1782361191.734421,0.001996278762817383
218248,normal,1075,0,1782361191.736508,0.0020868778228759766
218249,normal,2847,0,1782361191.738434,0.0019261837005615234
218250,normal,2486,0,1782361191.7405107,0.0020766258239746094
218251,normal,1045,0,1782361191.742458,0.0019474029541015625
218252,normal,3298,1,1782361191.7444623,0.0020041465759277344
218253,normal,3147,1,1782361191.7465212,0.0020589828491210938
218254,normal,1451,0,1782361191.7484243,0.0019030570983886719
218255,normal,3241,1,1782361191.7504163,0.0019919872283935547
218256,normal,638,0,1782361191.7524085,0.0019922256469726562
218257,normal,3480,0,1782361191.7544734,0.002064943313598633
218258,normal,845,2,1782361191.7565346,0.002061128616333008
218259,normal,2421,0,1782361191.7585342,0.0019996166229248047
218260,normal,411,0,1782361191.7604558,0.0019216537475585938
218261,normal,880,2,1782361191.7626345,0.002178668975830078
218262,normal,1406,0,1782361191.7645514,0.0019168853759765625
218263,normal,772,2,1782361191.7665339,0.001982450485229492
218264,normal,62,0,1782361191.7685711,0.0020372867584228516
218265,normal,465,0,1782361191.7705784,0.0020072460174560547
218266,normal,2845,0,1782361191.7724173,0.0018389225006103516
218267,normal,1938,0,1782361191.7743833,0.0019659996032714844
218268,normal,1386,0,1782361191.7763817,0.001998424530029297
218269,normal,1463,0,1782361191.778461,0.0020792484283447266
218270,normal,3507,0,1782361191.780457,0.0019960403442382812
218271,normal,2325,0,1782361191.7823796,0.001922607421875
218272,normal,3329,1,1782361191.7843776,0.0019979476928710938
218273,normal,1558,0,1782361191.7863789,0.0020012855529785156
218274,normal,2768,0,1782361191.7889063,0.002527475357055664
218275,normal,2862,0,1782361191.7906435,0.0017371177673339844
218276,normal,1122,0,1782361191.7925394,0.001895904541015625
218277,normal,1064,0,1782361191.794437,0.001897573471069336
218278,normal,2326,0,1782361191.7964356,0.0019986629486083984
218279,normal,1736,0,1782361191.7984474,0.0020117759704589844
218280,normal,3282,1,1782361191.8005724,0.0021250247955322266
218281,normal,3044,0,1782361191.8025374,0.001965045928955078
218282,normal,52,0,1782361191.804441,0.001903533935546875
218283,normal,2377,0,1782361191.8063455,0.0019044876098632812
218284,normal,1359,1,1782361191.8084242,0.0020787715911865234
218285,normal,2738,0,1782361191.8104289,0.0020046234130859375
218286,normal,234,0,1782361191.8124835,0.0020546913146972656
218287,normal,1050,0,1782361191.8144073,0.0019237995147705078
218288,normal,1507,0,1782361191.8164747,0.0020673274993896484
218289,normal,253,0,1782361191.8183918,0.001917123794555664
218290,normal,593,0,1782361191.82094,0.0025482177734375
218291,normal,3536,0,1782361191.8231518,0.0022118091583251953
218292,normal,972,2,1782361191.8243344,0.00118255615234375
218293,normal,2733,0,1782361191.8263273,0.001992940902709961
218294,normal,2290,0,1782361191.8283515,0.0020241737365722656
218295,normal,934,2,1782361191.830374,0.0020225048065185547
218296,normal,419,0,1782361191.8324158,0.0020418167114257812
218297,normal,1916,0,1782361191.8344214,0.0020055770874023438
218298,normal,1442,0,1782361191.8364673,0.002045869827270508
218299,normal,29,0,1782361191.8384032,0.0019359588623046875
218300,normal,3414,0,1782361191.840329,0.0019257068634033203
218301,normal,3357,1,1782361191.842486,0.002156972885131836
218302,normal,740,0,1782361191.8445237,0.0020377635955810547
218303,normal,2135,0,1782361191.84656,0.0020363330841064453
218304,normal,2095,0,1782361191.8483973,0.0018372535705566406
218305,normal,2798,0,1782361191.8504102,0.002012968063354492
218306,normal,323,0,1782361191.8524048,0.001994609832763672
218307,normal,1119,0,1782361191.854413,0.002008199691772461
218308,normal,3305,1,1782361191.8567817,0.0023686885833740234
218309,normal,1026,2,1782361191.8582892,0.0015075206756591797
218310,normal,1964,0,1782361191.8603399,0.002050638198852539
218311,normal,1847,0,1782361191.8623397,0.0019998550415039062
218312,normal,1886,0,1782361191.8643253,0.0019855499267578125
218313,normal,3434,0,1782361191.8663385,0.0020132064819335938
218314,normal,671,0,1782361191.868349,0.0020105838775634766
218315,normal,1956,0,1782361191.8704073,0.002058267593383789
218316,normal,2245,0,1782361191.8723438,0.0019364356994628906
218317,normal,318,0,1782361191.8743339,0.001990079879760742
218318,normal,2204,0,1782361191.8763397,0.0020058155059814453
218319,normal,2606,0,1782361191.8784122,0.002072572708129883
218320,normal,975,2,1782361191.8803291,0.0019168853759765625
218321,normal,1839,0,1782361191.8823936,0.0020644664764404297
218322,normal,2514,0,1782361191.884333,0.0019392967224121094
218323,normal,1022,2,1782361191.8863401,0.0020072460174560547
218324,normal,1680,0,1782361191.888393,0.002052783966064453
218325,normal,2693,0,1782361191.8903167,0.0019237995147705078
218326,normal,2071,0,1782361191.892299,0.0019822120666503906
218327,normal,644,0,1782361191.8942947,0.0019958019256591797
218328,normal,102,0,1782361191.896361,0.002066373825073242
218329,normal,208,0,1782361191.8983948,0.002033710479736328
218330,normal,1978,0,1782361191.9004202,0.0020253658294677734
218331,normal,1332,1,1782361191.902528,0.002107858657836914
218332,normal,1957,0,1782361191.9043853,0.0018572807312011719
218333,normal,268,0,1782361191.906409,0.0020236968994140625
218334,normal,2744,0,1782361191.908418,0.0020089149475097656
218335,normal,486,0,1782361191.910429,0.0020110607147216797
218336,normal,2029,0,1782361191.912454,0.0020248889923095703
218337,normal,3545,0,1782361191.9142945,0.0018405914306640625
218338,normal,1438,0,1782361191.9162784,0.0019838809967041016
218339,normal,2380,0,1782361191.9182787,0.0020003318786621094
218340,normal,277,0,1782361191.9204776,0.002198934555053711
218341,normal,819,2,1782361191.9222932,0.0018155574798583984
218342,normal,3643,0,1782361191.924273,0.001979827880859375
218343,normal,1247,0,1782361191.9262772,0.0020041465759277344
218344,normal,2811,0,1782361191.928276,0.0019989013671875
218345,normal,1231,0,1782361191.9309816,0.0027055740356445312
218346,normal,1665,0,1782361191.9326336,0.0016520023345947266
218347,normal,482,0,1782361191.9343455,0.0017118453979492188
218348,normal,1120,0,1782361191.9363258,0.001980304718017578
218349,normal,1362,1,1782361191.9383295,0.0020036697387695312
218350,normal,1098,0,1782361191.9403298,0.0020003318786621094
218351,normal,41,0,1782361191.942529,0.0021991729736328125
218352,normal,1393,0,1782361191.944382,0.0018529891967773438
218353,normal,1181,0,1782361191.946317,0.0019350051879882812
218354,normal,1156,0,1782361191.9483185,0.002001523971557617
218355,normal,2413,0,1782361191.9503303,0.0020117759704589844
218356,normal,2444,0,1782361191.952331,0.0020008087158203125
218357,normal,2950,0,1782361191.9544232,0.002092123031616211
218358,normal,3392,1,1782361191.9563644,0.0019412040710449219
218359,normal,3551,0,1782361191.9583404,0.00197601318359375
218360,normal,3438,0,1782361191.9604716,0.002131223678588867
218361,normal,2491,0,1782361191.9630249,0.002553224563598633
218362,normal,2333,0,1782361191.9646084,0.0015835762023925781
218363,normal,2062,0,1782361191.966337,0.0017285346984863281
218364,normal,1930,0,1782361191.9684248,0.002087831497192383
218365,normal,2076,0,1782361191.9703834,0.001958608627319336
218366,normal,3371,1,1782361191.9724226,0.002039194107055664
218367,normal,2722,0,1782361191.9744983,0.002075672149658203
218368,normal,179,0,1782361191.9763725,0.0018742084503173828
218369,normal,2840,0,1782361191.9786987,0.0023262500762939453
218370,normal,1017,2,1782361191.980785,0.002086162567138672
218371,normal,1744,0,1782361191.9824317,0.0016467571258544922
218372,normal,1201,0,1782361191.9842968,0.0018651485443115234
218373,normal,713,0,1782361191.986283,0.001986265182495117
218374,normal,3401,1,1782361191.9883275,0.0020444393157958984
218375,normal,235,0,1782361191.9903378,0.002010345458984375
218376,normal,1351,1,1782361191.992345,0.0020072460174560547
218377,normal,3667,0,1782361191.994328,0.0019829273223876953
218378,normal,3590,0,1782361191.9963155,0.001987457275390625
218379,normal,1113,0,1782361191.9983685,0.0020530223846435547
218380,normal,3341,1,1782361192.000409,0.002040386199951172
218381,normal,3564,0,1782361192.0023892,0.001980304718017578
218382,normal,3521,0,1782361192.0044165,0.002027273178100586
218383,normal,912,2,1782361192.0063033,0.0018868446350097656
218384,normal,766,0,1782361192.0084336,0.002130270004272461
218385,normal,1915,0,1782361192.0104163,0.0019826889038085938
218386,normal,2014,0,1782361192.012414,0.001997709274291992
218387,normal,2841,0,1782361192.0143774,0.001963376998901367
218388,normal,1927,0,1782361192.016298,0.0019207000732421875
218389,normal,1752,0,1782361192.018356,0.0020580291748046875
218390,normal,182,0,1782361192.020348,0.0019919872283935547
218391,normal,3327,1,1782361192.0223434,0.0019953250885009766
218392,normal,2583,0,1782361192.0244806,0.0021371841430664062
218393,normal,1171,0,1782361192.0266178,0.0021371841430664062
218394,normal,1365,1,1782361192.02849,0.0018723011016845703
218395,normal,3520,0,1782361192.0304368,0.0019466876983642578
218396,normal,733,0,1782361192.0324526,0.002015829086303711
218397,normal,1513,0,1782361192.0344343,0.0019817352294921875
218398,normal,2251,0,1782361192.0364764,0.002042055130004883
218399,normal,776,2,1782361192.0385132,0.0020368099212646484
218400,normal,445,0,1782361192.0408895,0.0023763179779052734
218401,normal,93,0,1782361192.0424082,0.0015187263488769531
218402,normal,1319,1,1782361192.0444613,0.0020530223846435547
218403,normal,1602,0,1782361192.046377,0.0019156932830810547
218404,normal,377,0,1782361192.0484872,0.0021102428436279297
218405,normal,50,0,1782361192.0504067,0.0019195079803466797
218406,normal,2320,0,1782361192.05241,0.002003192901611328
218407,normal,2685,0,1782361192.054407,0.0019969940185546875
218408,normal,2991,0,1782361192.0564775,0.0020706653594970703
218409,normal,3403,0,1782361192.0585196,0.002042055130004883
218410,normal,3699,0,1782361192.060491,0.0019714832305908203
218411,normal,270,0,1782361192.06253,0.0020389556884765625
218412,normal,2403,0,1782361192.0645375,0.0020074844360351562
218413,normal,2484,0,1782361192.066876,0.002338409423828125
218414,normal,2047,0,1782361192.0684803,0.001604318618774414
218415,normal,977,2,1782361192.0706022,0.0021219253540039062
218416,normal,2184,0,1782361192.0724976,0.0018954277038574219
218417,normal,2860,0,1782361192.074554,0.0020563602447509766
218418,normal,1106,0,1782361192.0763836,0.0018296241760253906
218419,normal,884,2,1782361192.0783927,0.002009153366088867
218420,normal,786,2,1782361192.0803158,0.0019230842590332031
218421,normal,2228,0,1782361192.0823119,0.0019960403442382812
218422,normal,1116,0,1782361192.084333,0.0020210742950439453
218423,normal,81,0,1782361192.0862942,0.001961231231689453
218424,normal,1556,0,1782361192.0882893,0.001995086669921875
218425,normal,894,2,1782361192.0902874,0.0019981861114501953
218426,normal,1977,0,1782361192.092312,0.0020246505737304688
218427,normal,1301,0,1782361192.09509,0.0027778148651123047
218428,normal,505,0,1782361192.0965514,0.0014615058898925781
218429,normal,2955,0,1782361192.0983598,0.0018084049224853516
218430,normal,755,0,1782361192.100366,0.0020062923431396484
218431,normal,3225,1,1782361192.1023316,0.0019655227661132812
218432,normal,1481,0,1782361192.104332,0.0020003318786621094
218433,normal,2560,0,1782361192.106508,0.002176046371459961
218434,normal,3517,0,1782361192.1083922,0.0018842220306396484
218435,normal,2570,0,1782361192.1103408,0.0019485950469970703
218436,normal,1861,0,1782361192.1123214,0.0019805431365966797
218437,normal,229,0,1782361192.1143324,0.0020110607147216797
218438,normal,2579,0,1782361192.116325,0.001992464065551758
218439,normal,1980,0,1782361192.1183345,0.0020096302032470703
218440,normal,3074,1,1782361192.1204228,0.002088308334350586
218441,normal,1105,0,1782361192.1223626,0.0019397735595703125
218442,normal,2259,0,1782361192.1243594,0.001996755599975586
218443,normal,726,0,1782361192.1265066,0.002147197723388672
218444,normal,684,0,1782361192.129207,0.002700328826904297
218445,normal,728,0,1782361192.1306283,0.0014214515686035156
218446,normal,1023,2,1782361192.1323113,0.0016829967498779297
218447,normal,1253,0,1782361192.1343193,0.0020079612731933594
218448,normal,2474,0,1782361192.1363912,0.002071857452392578
218449,normal,3645,0,1782361192.1383958,0.0020046234130859375
218450,normal,2435,0,1782361192.1403925,0.001996755599975586
218451,normal,1546,0,1782361192.14242,0.0020275115966796875
218452,normal,980,2,1782361192.144475,0.002054929733276367
218453,normal,2167,0,1782361192.1463892,0.0019142627716064453
218454,normal,1373,1,1782361192.1483781,0.0019888877868652344
218455,normal,2949,0,1782361192.1504176,0.0020394325256347656
218456,normal,1435,0,1782361192.1525304,0.002112865447998047
218457,normal,2825,0,1782361192.1545377,0.0020072460174560547
218458,normal,1898,0,1782361192.1565306,0.001992940902709961
218459,normal,1842,0,1782361192.1583576,0.0018270015716552734
218460,normal,946,2,1782361192.1603115,0.0019538402557373047
218461,normal,1107,0,1782361192.1623857,0.0020742416381835938
218462,normal,2298,0,1782361192.1643999,0.00201416015625
218463,normal,1562,0,1782361192.166402,0.002002239227294922
218464,normal,908,2,1782361192.168403,0.0020008087158203125
218465,normal,1018,2,1782361192.1705537,0.0021507740020751953
218466,normal,2590,0,1782361192.1723373,0.001783609390258789
218467,normal,2647,0,1782361192.174349,0.0020117759704589844
218468,normal,1070,0,1782361192.1763325,0.0019834041595458984
218469,normal,299,0,1782361192.1784935,0.0021610260009765625
218470,normal,3701,0,1782361192.1803439,0.0018503665924072266
218471,normal,1903,0,1782361192.1823132,0.0019693374633789062
218472,normal,1830,0,1782361192.1843154,0.002002239227294922
218473,normal,2908,0,1782361192.1863122,0.001996755599975586
218474,normal,1217,0,1782361192.1885154,0.002203226089477539
218475,normal,2306,0,1782361192.190317,0.0018014907836914062
218476,normal,3270,1,1782361192.192337,0.002020120620727539
218477,normal,3011,0,1782361192.1943936,0.002056598663330078
218478,normal,1414,0,1782361192.1963027,0.001909017562866211
218479,normal,2667,0,1782361192.1982982,0.001995563507080078
218480,normal,2682,0,1782361192.2002962,0.0019979476928710938
218481,normal,736,0,1782361192.202424,0.0021278858184814453
218482,normal,3058,1,1782361192.2043962,0.001972198486328125
218483,normal,2216,0,1782361192.2064552,0.0020589828491210938
218484,normal,294,0,1782361192.2084172,0.001961946487426758
218485,normal,3261,1,1782361192.2104733,0.002056121826171875
218486,normal,1450,0,1782361192.2127285,0.0022552013397216797
218487,normal,3013,0,1782361192.2144387,0.0017101764678955078
218488,normal,579,0,1782361192.2163265,0.0018877983093261719
218489,normal,2386,0,1782361192.2183201,0.0019936561584472656
218490,normal,1089,0,1782361192.2204432,0.002123117446899414
218491,normal,599,0,1782361192.2223887,0.00194549560546875
218492,normal,1112,0,1782361192.2243237,0.0019350051879882812
218493,normal,2736,0,1782361192.2264447,0.0021209716796875
218494,normal,390,0,1782361192.2283185,0.0018737316131591797
218495,normal,856,2,1782361192.2308316,0.0025131702423095703
218496,normal,1307,0,1782361192.232699,0.0018672943115234375
218497,normal,369,0,1782361192.2343721,0.0016732215881347656
218498,normal,865,2,1782361192.236331,0.0019588470458984375
218499,normal,3584,0,1782361192.2384508,0.002119779586791992
218500,normal,1582,0,1782361192.240335,0.0018842220306396484
218501,normal,3557,0,1782361192.2426407,0.002305746078491211
218502,normal,1468,0,1782361192.244346,0.001705169677734375
218503,normal,1825,0,1782361192.2464435,0.002097606658935547
218504,normal,2937,0,1782361192.2483273,0.0018837451934814453
218505,normal,2703,0,1782361192.2504532,0.002125978469848633
218506,normal,400,0,1782361192.2523425,0.0018892288208007812
218507,normal,782,2,1782361192.2545037,0.002161264419555664
218508,normal,1178,0,1782361192.256445,0.0019412040710449219
218509,normal,51,0,1782361192.2585301,0.0020852088928222656
218510,normal,3311,1,1782361192.260422,0.0018918514251708984
218511,normal,3259,1,1782361192.262506,0.002084016799926758
218512,normal,2962,0,1782361192.2645721,0.0020661354064941406
218513,normal,1815,0,1782361192.2665448,0.001972675323486328
218514,normal,533,0,1782361192.2683496,0.0018048286437988281
218515,normal,1108,0,1782361192.2704465,0.002096891403198242
218516,normal,1826,0,1782361192.2723293,0.001882791519165039
218517,normal,204,0,1782361192.2744362,0.002106904983520508
218518,normal,1069,0,1782361192.2764914,0.0020551681518554688
218519,normal,2178,0,1782361192.278811,0.0023195743560791016
218520,normal,1846,0,1782361192.2803776,0.0015666484832763672
218521,normal,964,2,1782361192.2824752,0.002097606658935547
218522,normal,3550,0,1782361192.2843535,0.0018782615661621094
218523,normal,1597,0,1782361192.2864676,0.0021140575408935547
218524,normal,824,2,1782361192.2883463,0.0018787384033203125
218525,normal,2241,0,1782361192.2905204,0.0021741390228271484
218526,normal,2415,0,1782361192.2923975,0.0018770694732666016
218527,normal,2565,0,1782361192.2944198,0.002022266387939453
218528,normal,3562,0,1782361192.2964272,0.0020074844360351562
218529,normal,2232,0,1782361192.2984216,0.0019943714141845703
218530,normal,910,2,1782361192.3003395,0.0019178390502929688
218531,normal,2770,0,1782361192.3024008,0.0020613670349121094
218532,normal,650,0,1782361192.3044808,0.0020799636840820312
218533,normal,2809,0,1782361192.306435,0.001954317092895508
218534,normal,1763,0,1782361192.3083515,0.0019164085388183594
218535,normal,1718,0,1782361192.3104413,0.0020897388458251953
218536,normal,2800,0,1782361192.31237,0.0019288063049316406
218537,normal,3293,1,1782361192.314372,0.0020020008087158203
218538,normal,2392,0,1782361192.3164864,0.0021142959594726562
218539,normal,2697,0,1782361192.3183708,0.00188446044921875
218540,normal,680,0,1782361192.320472,0.0021011829376220703
218541,normal,2420,0,1782361192.3223667,0.0018947124481201172
218542,normal,2396,0,1782361192.3244576,0.002090930938720703
218543,normal,2969,0,1782361192.3263466,0.0018889904022216797
218544,normal,2461,0,1782361192.3284624,0.0021157264709472656
218545,normal,1398,0,1782361192.330439,0.0019767284393310547
218546,normal,1440,0,1782361192.3323753,0.001936197280883789
218547,normal,300,0,1782361192.3346903,0.002315044403076172
218548,normal,1251,0,1782361192.3363454,0.0016551017761230469
218549,normal,1466,0,1782361192.338486,0.002140522003173828
218550,normal,430,0,1782361192.3403609,0.0018749237060546875
218551,normal,2614,0,1782361192.3424728,0.0021119117736816406
218552,normal,3299,1,1782361192.3443372,0.0018644332885742188
218553,normal,3483,0,1782361192.3464386,0.002101421356201172
218554,normal,10,0,1782361192.3484783,0.002039670944213867
218555,normal,2460,0,1782361192.3504496,0.0019712448120117188
218556,normal,3628,0,1782361192.3526034,0.0021538734436035156
218557,normal,396,0,1782361192.3545418,0.0019383430480957031
218558,normal,1676,0,1782361192.356753,0.002211332321166992
218559,normal,2003,0,1782361192.3584678,0.0017147064208984375
218560,normal,2750,0,1782361192.3606064,0.0021386146545410156
218561,normal,2122,0,1782361192.3623452,0.0017387866973876953
218562,normal,243,0,1782361192.3645108,0.002165555953979492
218563,normal,2192,0,1782361192.3664362,0.0019254684448242188
218564,normal,171,0,1782361192.3685777,0.0021414756774902344
218565,normal,2042,0,1782361192.3704693,0.0018916130065917969
218566,normal,2595,0,1782361192.3724253,0.0019559860229492188
218567,normal,2646,0,1782361192.374454,0.0020287036895751953
218568,normal,1976,0,1782361192.376367,0.0019130706787109375
218569,normal,710,0,1782361192.3784673,0.002100229263305664
218570,normal,1624,0,1782361192.3804452,0.0019779205322265625
218571,normal,1246,0,1782361192.3823385,0.0018932819366455078
218572,normal,1157,0,1782361192.3844473,0.0021088123321533203
218573,normal,3102,1,1782361192.3864434,0.0019960403442382812
218574,normal,1869,0,1782361192.3890305,0.0025870800018310547
218575,normal,2529,0,1782361192.390458,0.0014276504516601562
218576,normal,1465,0,1782361192.3924606,0.0020024776458740234
218577,normal,2227,0,1782361192.3943248,0.0018641948699951172
218578,normal,1346,1,1782361192.396452,0.0021271705627441406
218579,normal,523,0,1782361192.3984535,0.002001523971557617
218580,normal,1639,0,1782361192.4004893,0.002035856246948242
218581,normal,850,2,1782361192.4024246,0.0019352436065673828
218582,normal,2432,0,1782361192.4045167,0.002092123031616211
218583,normal,3612,0,1782361192.406343,0.0018262863159179688
218584,normal,2690,0,1782361192.408466,0.002123117446899414
218585,normal,3365,1,1782361192.4104767,0.0020105838775634766
218586,normal,361,0,1782361192.412362,0.0018854141235351562
218587,normal,2470,0,1782361192.414505,0.0021429061889648438
218588,normal,3237,1,1782361192.4164762,0.0019712448120117188
218589,normal,1612,0,1782361192.4183507,0.0018744468688964844
218590,normal,375,0,1782361192.4205334,0.0021827220916748047
218591,normal,2632,0,1782361192.4229007,0.002367258071899414
218592,normal,2610,0,1782361192.4248416,0.0019409656524658203
218593,normal,1485,0,1782361192.4263067,0.0014650821685791016
218594,normal,3173,1,1782361192.428447,0.0021402835845947266
218595,normal,3395,1,1782361192.4303455,0.0018985271453857422
218596,normal,829,2,1782361192.4324973,0.0021517276763916016
218597,normal,1543,0,1782361192.4345133,0.0020160675048828125
218598,normal,2327,0,1782361192.436546,0.002032756805419922
218599,normal,3704,0,1782361192.4384656,0.0019195079803466797
218600,normal,3523,0,1782361192.4405246,0.0020589828491210938
218601,normal,437,0,1782361192.4423342,0.0018095970153808594
218602,normal,3321,1,1782361192.4445374,0.002203226089477539
218603,normal,854,2,1782361192.4464862,0.0019488334655761719
218604,normal,703,0,1782361192.448581,0.002094745635986328
218605,normal,2635,0,1782361192.4504044,0.00182342529296875
218606,normal,181,0,1782361192.4525168,0.0021123886108398438
218607,normal,2960,0,1782361192.4544187,0.001901865005493164
218608,normal,2283,0,1782361192.4564216,0.0020029544830322266
218609,normal,1174,0,1782361192.4588017,0.0023801326751708984
218610,normal,319,0,1782361192.4603717,0.001569986343383789
218611,normal,2676,0,1782361192.4624488,0.0020771026611328125
218612,normal,1965,0,1782361192.4644818,0.0020329952239990234
218613,normal,2311,0,1782361192.4663792,0.0018973350524902344
218614,normal,2557,0,1782361192.4684849,0.002105712890625
218615,normal,812,2,1782361192.4704773,0.001992464065551758
218616,normal,196,0,1782361192.4723573,0.0018799304962158203
218617,normal,1277,0,1782361192.4744942,0.0021369457244873047
218618,normal,1250,0,1782361192.4764826,0.0019884109497070312
218619,normal,3614,0,1782361192.4783354,0.0018527507781982422
218620,normal,1979,0,1782361192.4804628,0.002127408981323242
218621,normal,3512,0,1782361192.4826238,0.0021610260009765625
218622,normal,1911,0,1782361192.4844048,0.0017809867858886719
218623,normal,730,0,1782361192.486588,0.002183198928833008
218624,normal,2063,0,1782361192.4883854,0.0017974376678466797
218625,normal,750,0,1782361192.4904733,0.002087831497192383
218626,normal,826,2,1782361192.4924443,0.001971006393432617
218627,normal,1616,0,1782361192.4946177,0.0021734237670898438
218628,normal,3123,1,1782361192.496351,0.0017333030700683594
218629,normal,2052,0,1782361192.498544,0.002192974090576172
218630,normal,3256,1,1782361192.500455,0.0019109249114990234
218631,normal,1043,0,1782361192.502467,0.002012014389038086
218632,normal,592,0,1782361192.5045004,0.0020334720611572266
218633,normal,756,0,1782361192.506614,0.0021135807037353516
218634,normal,448,0,1782361192.5084395,0.001825571060180664
218635,normal,1527,0,1782361192.5107465,0.0023069381713867188
218636,normal,264,0,1782361192.5125551,0.0018086433410644531
218637,normal,338,0,1782361192.5145411,0.0019860267639160156
218638,normal,2379,0,1782361192.516537,0.0019958019256591797
218639,normal,721,0,1782361192.5187337,0.002196788787841797
218640,normal,3450,0,1782361192.5206182,0.00188446044921875
218641,normal,1959,0,1782361192.5224495,0.0018312931060791016
218642,normal,516,0,1782361192.5245419,0.0020923614501953125
218643,normal,2166,0,1782361192.5264904,0.0019485950469970703
218644,normal,2527,0,1782361192.528348,0.0018575191497802734
218645,normal,1375,1,1782361192.530756,0.0024080276489257812
218646,normal,1256,0,1782361192.5323458,0.0015897750854492188
218647,normal,3683,0,1782361192.5345337,0.002187967300415039
218648,normal,2279,0,1782361192.5364337,0.0018999576568603516
218649,normal,324,0,1782361192.5384622,0.0020284652709960938
218650,normal,1530,0,1782361192.540875,0.0024127960205078125
218651,normal,881,2,1782361192.5426884,0.0018134117126464844
218652,normal,3493,0,1782361192.5445323,0.0018439292907714844
218653,normal,267,0,1782361192.5464213,0.0018889904022216797
218654,normal,3568,0,1782361192.5485141,0.0020928382873535156
218655,normal,1194,0,1782361192.5503225,0.0018084049224853516
218656,normal,688,0,1782361192.552472,0.0021495819091796875
218657,normal,1951,0,1782361192.5545766,0.002104520797729492
218658,normal,1973,0,1782361192.5563614,0.0017848014831542969
218659,normal,3437,0,1782361192.5584579,0.002096414566040039
218660,normal,1447,0,1782361192.5604584,0.002000570297241211
218661,normal,82,0,1782361192.562352,0.0018935203552246094
218662,normal,1317,0,1782361192.564475,0.002123117446899414
218663,normal,2265,0,1782361192.5664854,0.002010345458984375
218664,normal,343,0,1782361192.5683746,0.0018892288208007812
218665,normal,184,0,1782361192.570461,0.0020864009857177734
218666,normal,3175,1,1782361192.5724545,0.001993417739868164
218667,normal,1754,0,1782361192.574633,0.0021784305572509766
218668,normal,551,0,1782361192.576886,0.0022530555725097656
218669,normal,731,0,1782361192.5783744,0.0014884471893310547
218670,normal,968,2,1782361192.5804672,0.0020928382873535156
218671,normal,2346,0,1782361192.5823905,0.0019233226776123047
218672,normal,2978,0,1782361192.5845194,0.0021288394927978516
218673,normal,59,0,1782361192.5864387,0.0019192695617675781
218674,normal,1198,0,1782361192.5885062,0.00206756591796875
218675,normal,634,0,1782361192.5905027,0.0019965171813964844
218676,normal,332,0,1782361192.592392,0.0018892288208007812
218677,normal,1566,0,1782361192.594744,0.002351999282836914
218678,normal,1798,0,1782361192.5964704,0.001726388931274414
218679,normal,510,0,1782361192.598326,0.001855611801147461
218680,normal,3624,0,1782361192.600429,0.002103090286254883
218681,normal,3524,0,1782361192.6024494,0.0020203590393066406
218682,normal,2453,0,1782361192.604392,0.0019426345825195312
218683,normal,1537,0,1782361192.606484,0.0020918846130371094
218684,normal,2046,0,1782361192.6084626,0.001978635787963867
218685,normal,2846,0,1782361192.610367,0.0019044876098632812
218686,normal,889,2,1782361192.6124783,0.002111196517944336
218687,normal,3448,0,1782361192.6145282,0.0020499229431152344
218688,normal,918,2,1782361192.6164274,0.0018992424011230469
218689,normal,2766,0,1782361192.6184273,0.0019998550415039062
218690,normal,1796,0,1782361192.6204886,0.0020613670349121094
218691,normal,57,0,1782361192.6223164,0.0018277168273925781
218692,normal,431,0,1782361192.62449,0.0021736621856689453
218693,normal,3277,1,1782361192.626519,0.002028942108154297
218694,normal,745,0,1782361192.6284316,0.0019125938415527344
218695,normal,3254,1,1782361192.6303768,0.0019452571868896484
218696,normal,1169,0,1782361192.632437,0.0020601749420166016
218697,normal,2214,0,1782361192.6343668,0.0019297599792480469
218698,normal,690,0,1782361192.6367176,0.0023508071899414062
218699,normal,915,2,1782361192.638409,0.0016913414001464844
218700,normal,1432,0,1782361192.6405375,0.00212860107421875
218701,normal,848,2,1782361192.6424077,0.0018701553344726562
218702,normal,3588,0,1782361192.644538,0.002130270004272461
218703,normal,1144,0,1782361192.646383,0.0018451213836669922
218704,normal,621,0,1782361192.6484954,0.0021123886108398438
218705,normal,1303,0,1782361192.6504962,0.0020008087158203125
218706,normal,584,0,1782361192.6523833,0.0018870830535888672
218707,normal,3272,1,1782361192.6545556,0.002172231674194336
218708,normal,580,0,1782361192.65646,0.0019044876098632812
218709,normal,3452,0,1782361192.6585908,0.002130746841430664
218710,normal,3344,1,1782361192.6604033,0.0018124580383300781
218711,normal,1684,0,1782361192.662488,0.0020847320556640625
218712,normal,1833,0,1782361192.6643882,0.0019001960754394531
218713,normal,1935,0,1782361192.666444,0.0020558834075927734
218714,normal,1407,0,1782361192.6684384,0.0019943714141845703
218715,normal,1574,0,1782361192.670321,0.0018825531005859375
218716,normal,1933,0,1782361192.6724796,0.002158641815185547
218717,normal,3202,1,1782361192.674544,0.0020644664764404297
218718,normal,1522,0,1782361192.6763976,0.0018534660339355469
218719,normal,1848,0,1782361192.6785216,0.0021240711212158203
218720,normal,416,0,1782361192.6804569,0.0019352436065673828
218721,normal,483,0,1782361192.6824203,0.001963376998901367
218722,normal,2103,0,1782361192.684433,0.0020127296447753906
218723,normal,752,0,1782361192.6865804,0.0021474361419677734
218724,normal,683,0,1782361192.688433,0.0018525123596191406
218725,normal,3203,1,1782361192.6905513,0.002118349075317383
218726,normal,125,0,1782361192.6923351,0.0017838478088378906
218727,normal,474,0,1782361192.6944516,0.0021164417266845703
218728,normal,3301,1,1782361192.6963196,0.0018680095672607422
218729,normal,3498,0,1782361192.6984344,0.0021147727966308594
218730,normal,3429,0,1782361192.700385,0.0019507408142089844
218731,normal,2273,0,1782361192.7024937,0.0021085739135742188
218732,normal,2975,0,1782361192.704431,0.0019373893737792969
218733,normal,23,0,1782361192.7063181,0.0018870830535888672
218734,normal,438,0,1782361192.7084353,0.002117156982421875
218735,normal,31,0,1782361192.710703,0.002267599105834961
218736,normal,954,2,1782361192.7126462,0.001943349838256836
218737,normal,1275,0,1782361192.7143724,0.0017261505126953125
218738,normal,35,0,1782361192.7164412,0.002068758010864258
218739,normal,357,0,1782361192.718328,0.0018868446350097656
218740,normal,2021,0,1782361192.7204642,0.00213623046875
218741,normal,1391,0,1782361192.722459,0.0019948482513427734
218742,normal,1777,0,1782361192.724459,0.0019998550415039062
218743,normal,3019,0,1782361192.7263403,0.0018813610076904297
218744,normal,1086,0,1782361192.7284515,0.002111196517944336
218745,normal,3593,0,1782361192.7303374,0.0018858909606933594
218746,normal,816,2,1782361192.7324524,0.002115011215209961
218747,normal,296,0,1782361192.7344694,0.0020170211791992188
218748,normal,963,2,1782361192.7363734,0.0019040107727050781
218749,normal,3178,1,1782361192.738496,0.002122640609741211
218750,normal,2939,0,1782361192.7404573,0.001961231231689453
218751,normal,1305,0,1782361192.7423427,0.0018854141235351562
218752,normal,2145,0,1782361192.744712,0.002369403839111328
218753,normal,2006,0,1782361192.7468464,0.0021343231201171875
218754,normal,627,0,1782361192.7483525,0.0015060901641845703
218755,normal,2561,0,1782361192.7504735,0.0021209716796875
218756,normal,2496,0,1782361192.752479,0.0020055770874023438
218757,normal,941,2,1782361192.7543938,0.0019147396087646484
218758,normal,541,0,1782361192.7565403,0.002146482467651367
218759,normal,818,2,1782361192.7584646,0.001924276351928711
218760,normal,674,0,1782361192.7603774,0.001912832260131836
218761,normal,3698,0,1782361192.76265,0.0022726058959960938
218762,normal,1239,0,1782361192.764329,0.0016789436340332031
218763,normal,3510,0,1782361192.766781,0.0024521350860595703
218764,normal,859,2,1782361192.76881,0.002028942108154297
218765,normal,3067,1,1782361192.7705007,0.0016906261444091797
218766,normal,64,0,1782361192.7726018,0.0021011829376220703
218767,normal,2559,0,1782361192.7744794,0.0018775463104248047
218768,normal,3571,0,1782361192.7765176,0.002038240432739258
218769,normal,3249,1,1782361192.7784028,0.0018851757049560547
218770,normal,3112,1,1782361192.780519,0.0021162033081054688
218771,normal,2622,0,1782361192.7825544,0.002035379409790039
218772,normal,2882,0,1782361192.784483,0.001928567886352539
218773,normal,3351,1,1782361192.786437,0.0019540786743164062
218774,normal,1002,2,1782361192.7885203,0.002083301544189453
218775,normal,2828,0,1782361192.790401,0.001880645751953125
218776,normal,540,0,1782361192.7925277,0.0021266937255859375
218777,normal,189,0,1782361192.7945282,0.002000570297241211
218778,normal,3070,1,1782361192.796532,0.0020036697387695312
218779,normal,589,0,1782361192.7983804,0.001848459243774414
218780,normal,2400,0,1782361192.8004918,0.0021114349365234375
218781,normal,2922,0,1782361192.80238,0.001888275146484375
218782,normal,1837,0,1782361192.804546,0.0021660327911376953
218783,normal,260,0,1782361192.8064413,0.0018951892852783203
218784,normal,454,0,1782361192.8084953,0.002053976058959961
218785,normal,3505,0,1782361192.8103895,0.001894235610961914
218786,normal,2070,0,1782361192.812544,0.0021545886993408203
218787,normal,1472,0,1782361192.8143783,0.0018341541290283203
218788,normal,3156,1,1782361192.816489,0.002110719680786133
218789,normal,1385,0,1782361192.818493,0.002003908157348633
218790,normal,1338,1,1782361192.820423,0.0019299983978271484
218791,normal,159,0,1782361192.822516,0.002093076705932617
218792,normal,26,0,1782361192.824588,0.0020720958709716797
218793,normal,3374,1,1782361192.8265295,0.0019414424896240234
218794,normal,933,2,1782361192.8285422,0.0020127296447753906
218795,normal,2110,0,1782361192.8308783,0.0023360252380371094
218796,normal,1209,0,1782361192.8323758,0.001497507095336914
218797,normal,1580,0,1782361192.8344796,0.0021038055419921875
218798,normal,2794,0,1782361192.836483,0.0020034313201904297
218799,normal,3094,1,1782361192.838359,0.0018761157989501953
218800,normal,2508,0,1782361192.8405771,0.002218008041381836
218801,normal,564,0,1782361192.8423598,0.0017826557159423828
218802,normal,1318,0,1782361192.844475,0.0021152496337890625
218803,normal,681,0,1782361192.8463624,0.0018873214721679688
218804,normal,655,0,1782361192.848763,0.002400636672973633
218805,normal,289,0,1782361192.850909,0.002146005630493164
218806,normal,2918,0,1782361192.8524208,0.0015118122100830078
218807,normal,1853,0,1782361192.854485,0.002064228057861328
218808,normal,1298,0,1782361192.856366,0.0018808841705322266
218809,normal,3317,1,1782361192.8584998,0.0021338462829589844
218810,normal,1650,0,1782361192.8606253,0.0021255016326904297
218811,normal,2157,0,1782361192.8624098,0.0017845630645751953
218812,normal,2159,0,1782361192.8644857,0.0020759105682373047
218813,normal,257,0,1782361192.8664856,0.0019998550415039062
218814,normal,1427,0,1782361192.8683724,0.0018868446350097656
218815,normal,2353,0,1782361192.870494,0.002121448516845703
218816,normal,2257,0,1782361192.8726983,0.002204418182373047
218817,normal,346,0,1782361192.8745167,0.0018184185028076172
218818,normal,3104,1,1782361192.8764412,0.0019245147705078125
218819,normal,287,0,1782361192.8785954,0.002154111862182617
218820,normal,1090,0,1782361192.8805113,0.0019159317016601562
218821,normal,2139,0,1782361192.8825986,0.0020873546600341797
218822,normal,1259,0,1782361192.8844776,0.001878976821899414
218823,normal,3303,1,1782361192.8864627,0.0019850730895996094
218824,normal,3457,0,1782361192.888368,0.001905202865600586
218825,normal,1240,0,1782361192.8904815,0.0021135807037353516
218826,normal,1478,0,1782361192.8923538,0.0018723011016845703
218827,normal,1651,0,1782361192.8948298,0.0024759769439697266
218828,normal,1838,0,1782361192.8967068,0.0018770694732666016
218829,normal,3661,0,1782361192.8984585,0.0017516613006591797
218830,normal,1196,0,1782361192.9004185,0.0019600391387939453
218831,normal,3687,0,1782361192.9023988,0.001980304718017578
218832,normal,2928,0,1782361192.9044852,0.0020864009857177734
218833,normal,1460,0,1782361192.9063625,0.0018773078918457031
218834,normal,0,0,1782361192.9083643,0.0020017623901367188
218835,normal,1429,0,1782361192.910459,0.002094745635986328
218836,normal,1093,0,1782361192.9124088,0.0019497871398925781
218837,normal,459,0,1782361192.914423,0.00201416015625
218838,normal,1291,0,1782361192.9164348,0.0020117759704589844
218839,normal,115,0,1782361192.918332,0.0018973350524902344
218840,normal,2387,0,1782361192.9204066,0.0020744800567626953
218841,normal,3708,0,1782361192.9224236,0.0020170211791992188
218842,normal,3634,0,1782361192.9244318,0.002008199691772461
218843,normal,640,0,1782361192.926385,0.001953125
218844,normal,2782,0,1782361192.928403,0.002017974853515625
218845,normal,1738,0,1782361192.930367,0.001964092254638672
218846,normal,295,0,1782361192.9324393,0.0020723342895507812
218847,normal,1467,0,1782361192.934438,0.0019986629486083984
218848,normal,1972,0,1782361192.9363742,0.001936197280883789
218849,normal,1943,0,1782361192.9384418,0.00206756591796875
218850,normal,1962,0,1782361192.940395,0.0019533634185791016
218851,normal,1630,0,1782361192.9423614,0.001966238021850586
218852,normal,1770,0,1782361192.94437,0.002008676528930664
218853,normal,308,0,1782361192.946417,0.0020470619201660156
218854,normal,469,0,1782361192.9483666,0.0019495487213134766
218855,normal,2659,0,1782361192.9504528,0.002086162567138672
218856,normal,2078,0,1782361192.952369,0.0019161701202392578
218857,normal,2370,0,1782361192.9543788,0.002009868621826172
218858,normal,3200,1,1782361192.9564261,0.002047300338745117
218859,normal,1132,0,1782361192.9583676,0.0019414424896240234
218860,normal,9,0,1782361192.9603846,0.0020170211791992188
218861,normal,2608,0,1782361192.9624,0.002015352249145508
218862,normal,700,0,1782361192.9644005,0.002000570297241211
218863,normal,3476,0,1782361192.9663322,0.0019316673278808594
218864,normal,797,2,1782361192.968351,0.0020186901092529297
218865,normal,1294,0,1782361192.9704628,0.0021119117736816406
218866,normal,3662,0,1782361192.9723868,0.0019240379333496094
218867,normal,104,0,1782361192.974414,0.002027273178100586
218868,normal,870,2,1782361192.9765282,0.0021140575408935547
218869,normal,1479,0,1782361192.978425,0.0018968582153320312
218870,normal,3323,1,1782361192.980374,0.0019490718841552734
218871,normal,2091,0,1782361192.9825249,0.0021507740020751953
218872,normal,1783,0,1782361192.9844658,0.0019409656524658203
218873,normal,522,0,1782361192.986396,0.00193023681640625
218874,normal,2810,0,1782361192.9884,0.002003908157348633
218875,normal,3456,0,1782361192.9903347,0.0019347667694091797
218876,normal,2407,0,1782361192.9924047,0.0020699501037597656
218877,normal,1917,0,1782361192.9944394,0.0020346641540527344
218878,normal,697,0,1782361192.9963348,0.0018954277038574219
218879,normal,63,0,1782361192.9983935,0.002058744430541992
218880,normal,3246,1,1782361193.0003915,0.0019979476928710938
218881,normal,1399,0,1782361193.0023303,0.0019388198852539062
218882,normal,1894,0,1782361193.0043542,0.002023935317993164
218883,normal,2989,0,1782361193.0070732,0.0027189254760742188
218884,normal,2981,0,1782361193.0084121,0.001338958740234375
218885,normal,925,2,1782361193.0104194,0.0020072460174560547
218886,normal,472,0,1782361193.0124068,0.001987457275390625
218887,normal,3120,1,1782361193.0143056,0.0018987655639648438
218888,normal,1719,0,1782361193.0164514,0.0021457672119140625
218889,normal,3487,0,1782361193.0185244,0.002073049545288086
218890,normal,2598,0,1782361193.0203464,0.0018219947814941406
218891,normal,3319,1,1782361193.022453,0.0021066665649414062
218892,normal,1857,0,1782361193.0243506,0.001897573471069336
218893,normal,518,0,1782361193.0264678,0.002117156982421875
218894,normal,1167,0,1782361193.0283835,0.0019156932830810547
218895,normal,620,0,1782361193.0305061,0.002122640609741211
218896,normal,734,0,1782361193.0323763,0.0018701553344726562
218897,normal,2034,0,1782361193.0345087,0.002132415771484375
218898,normal,1706,0,1782361193.0363786,0.0018699169158935547
218899,normal,2852,0,1782361193.0387235,0.002344846725463867
218900,normal,360,0,1782361193.040851,0.0021276473999023438
218901,normal,2043,0,1782361193.0424774,0.0016262531280517578
218902,normal,1728,0,1782361193.044297,0.001819610595703125
218903,normal,2689,0,1782361193.0463462,0.0020492076873779297
218904,normal,1330,1,1782361193.0484667,0.002120494842529297
218905,normal,3297,1,1782361193.050351,0.0018842220306396484
218906,normal,3264,1,1782361193.0525074,0.002156496047973633
218907,normal,2620,0,1782361193.0544386,0.0019311904907226562
218908,normal,1808,0,1782361193.0565279,0.002089262008666992
218909,normal,2848,0,1782361193.0583708,0.0018429756164550781
218910,normal,3432,0,1782361193.0605416,0.0021708011627197266
218911,normal,508,0,1782361193.0625043,0.0019626617431640625
218912,normal,1255,0,1782361193.0644717,0.0019674301147460938
218913,normal,418,0,1782361193.0665457,0.002074003219604492
218914,normal,3076,1,1782361193.068384,0.0018382072448730469
218915,normal,2907,0,1782361193.0705202,0.00213623046875
218916,normal,391,0,1782361193.0725586,0.0020384788513183594
218917,normal,3390,1,1782361193.074517,0.0019583702087402344
218918,normal,1880,0,1782361193.0771184,0.0026013851165771484
218919,normal,565,0,1782361193.0784283,0.0013098716735839844
218920,normal,1997,0,1782361193.080419,0.001990795135498047
218921,normal,2263,0,1782361193.0824592,0.0020401477813720703
218922,normal,2776,0,1782361193.0844831,0.002023935317993164
218923,normal,2172,0,1782361193.086468,0.001984834671020508
218924,normal,645,0,1782361193.0885022,0.0020341873168945312
218925,normal,2255,0,1782361193.090492,0.0019898414611816406
218926,normal,3160,1,1782361193.092515,0.002022981643676758
218927,normal,2757,0,1782361193.094474,0.001959085464477539
218928,normal,3570,0,1782361193.0964625,0.0019884109497070312
218929,normal,2624,0,1782361193.0984669,0.002004384994506836
218930,normal,56,0,1782361193.1004636,0.001996755599975586
218931,normal,2793,0,1782361193.102543,0.002079486846923828
218932,normal,3506,0,1782361193.1044116,0.0018684864044189453
218933,normal,1887,0,1782361193.1065192,0.0021076202392578125
218934,normal,3313,1,1782361193.1084692,0.0019500255584716797
218935,normal,2765,0,1782361193.1104739,0.0020046234130859375
218936,normal,1674,0,1782361193.1125185,0.002044677734375
218937,normal,118,0,1782361193.114457,0.0019383430480957031
218938,normal,2985,0,1782361193.1164331,0.0019762516021728516
218939,normal,3640,0,1782361193.1184292,0.0019960403442382812
218940,normal,2948,0,1782361193.1204367,0.0020074844360351562
218941,normal,2090,0,1782361193.1224859,0.0020492076873779297
218942,normal,748,0,1782361193.1245253,0.0020394325256347656
218943,normal,3549,0,1782361193.1264174,0.00189208984375
218944,normal,3287,1,1782361193.1285133,0.002095937728881836
218945,normal,83,0,1782361193.1305976,0.0020842552185058594
218946,normal,2156,0,1782361193.132701,0.0021033287048339844
218947,normal,2953,0,1782361193.1345162,0.0018153190612792969
218948,normal,2563,0,1782361193.1365535,0.0020372867584228516
218949,normal,2130,0,1782361193.138579,0.0020253658294677734
218950,normal,1549,0,1782361193.140464,0.0018851757049560547
218951,normal,1686,0,1782361193.1424463,0.0019822120666503906
218952,normal,1283,0,1782361193.1444309,0.0019845962524414062
218953,normal,2924,0,1782361193.1464283,0.0019974708557128906
218954,normal,1400,0,1782361193.1484826,0.0020542144775390625
218955,normal,3412,0,1782361193.150454,0.0019714832305908203
218956,normal,3574,0,1782361193.1524143,0.001960277557373047
218957,normal,2566,0,1782361193.1544087,0.0019943714141845703
218958,normal,8,0,1782361193.1564057,0.0019969940185546875
218959,normal,1218,0,1782361193.1584122,0.00200653076171875
218960,normal,2268,0,1782361193.1611362,0.0027239322662353516
218961,normal,1131,0,1782361193.162544,0.0014078617095947266
218962,normal,1755,0,1782361193.164461,0.0019168853759765625
218963,normal,288,0,1782361193.1664515,0.0019905567169189453
218964,normal,1992,0,1782361193.1684492,0.001997709274291992
218965,normal,939,2,1782361193.1704526,0.0020034313201904297
218966,normal,2176,0,1782361193.1726139,0.002161264419555664
218967,normal,2155,0,1782361193.174447,0.001833200454711914
218968,normal,1912,0,1782361193.1764476,0.002000570297241211
218969,normal,153,0,1782361193.178445,0.0019974708557128906
218970,normal,2280,0,1782361193.1804478,0.002002716064453125
218971,normal,2956,0,1782361193.182441,0.0019931793212890625
218972,normal,3386,1,1782361193.184445,0.002003908157348633
218973,normal,951,2,1782361193.1865215,0.0020766258239746094
218974,normal,1936,0,1782361193.188485,0.001963376998901367
218975,normal,3284,1,1782361193.1904821,0.001997232437133789
218976,normal,201,0,1782361193.1926246,0.0021424293518066406
218977,normal,1944,0,1782361193.1951296,0.002505064010620117
218978,normal,1104,0,1782361193.1967938,0.0016641616821289062
218979,normal,2336,0,1782361193.1983318,0.0015380382537841797
218980,normal,3064,1,1782361193.200511,0.0021791458129882812
218981,normal,2838,0,1782361193.2025177,0.0020067691802978516
218982,normal,2903,0,1782361193.2045312,0.0020134449005126953
218983,normal,65,0,1782361193.206525,0.001993894577026367
218984,normal,252,0,1782361193.2086587,0.002133607864379883
218985,normal,176,0,1782361193.2103245,0.0016658306121826172
218986,normal,705,0,1782361193.2126777,0.002353191375732422
218987,normal,290,0,1782361193.2149408,0.0022630691528320312
218988,normal,2066,0,1782361193.2164803,0.001539468765258789
218989,normal,1788,0,1782361193.2184439,0.0019636154174804688
218990,normal,1297,0,1782361193.220535,0.0020911693572998047
218991,normal,1487,0,1782361193.2224524,0.0019173622131347656
218992,normal,2746,0,1782361193.2244728,0.0020203590393066406
218993,normal,1037,0,1782361193.2265782,0.0021054744720458984
218994,normal,225,0,1782361193.2285028,0.0019245147705078125
218995,normal,649,0,1782361193.230464,0.001961231231689453
218996,normal,823,2,1782361193.2325873,0.0021233558654785156
218997,normal,2289,0,1782361193.2344253,0.0018379688262939453
218998,normal,2238,0,1782361193.236632,0.0022068023681640625
218999,normal,3496,0,1782361193.238534,0.001901865005493164
219000,normal,1088,0,1782361193.2404916,0.0019576549530029297
219001,normal,2821,0,1782361193.2425795,0.002087831497192383
219002,normal,1143,0,1782361193.2445083,0.0019288063049316406
219003,normal,1844,0,1782361193.2466235,0.0021152496337890625
219004,normal,2724,0,1782361193.2484746,0.0018510818481445312
219005,normal,3092,1,1782361193.2504816,0.002007007598876953
219006,normal,496,0,1782361193.252373,0.0018913745880126953
219007,normal,3342,1,1782361193.2544744,0.002101421356201172
219008,normal,760,0,1782361193.2565095,0.0020351409912109375
219009,normal,837,2,1782361193.2583675,0.0018579959869384766
219010,normal,3144,1,1782361193.2605221,0.0021545886993408203
219011,normal,406,0,1782361193.262544,0.00202178955078125
219012,normal,3627,0,1782361193.2643566,0.0018126964569091797
219013,normal,1999,0,1782361193.266476,0.002119302749633789
219014,normal,2276,0,1782361193.268492,0.0020160675048828125
219015,normal,1389,0,1782361193.2703748,0.001882791519165039
219016,normal,490,0,1782361193.2724812,0.0021064281463623047
219017,normal,393,0,1782361193.2745419,0.0020606517791748047
219018,normal,3040,0,1782361193.2767093,0.0021674633026123047
219019,normal,1062,0,1782361193.2783704,0.001661062240600586
219020,normal,1123,0,1782361193.2805276,0.0021572113037109375
219021,normal,112,0,1782361193.282396,0.0018684864044189453
219022,normal,3244,1,1782361193.2843795,0.0019834041595458984
219023,normal,984,2,1782361193.2864804,0.0021009445190429688
219024,normal,2165,0,1782361193.288365,0.00188446044921875
219025,normal,1813,0,1782361193.2904456,0.002080678939819336
219026,normal,2378,0,1782361193.292503,0.0020575523376464844
219027,normal,2339,0,1782361193.2944527,0.0019495487213134766
219028,normal,2639,0,1782361193.2963982,0.00194549560546875
219029,normal,58,0,1782361193.298589,0.002190828323364258
219030,normal,899,2,1782361193.3005247,0.001935720443725586
219031,normal,3508,0,1782361193.3024368,0.0019121170043945312
219032,normal,3077,1,1782361193.3045983,0.0021615028381347656
219033,normal,1625,0,1782361193.3064427,0.0018444061279296875
219034,normal,2428,0,1782361193.308466,0.0020232200622558594
219035,normal,449,0,1782361193.3106418,0.0021758079528808594
219036,normal,185,0,1782361193.3123255,0.0016837120056152344
219037,normal,2229,0,1782361193.3144388,0.00211334228515625
219038,normal,3197,1,1782361193.3164709,0.002032041549682617
219039,normal,574,0,1782361193.3183687,0.0018978118896484375
219040,normal,1083,0,1782361193.3205173,0.0021486282348632812
219041,normal,3474,0,1782361193.3223574,0.0018401145935058594
219042,normal,3073,1,1782361193.3244681,0.002110719680786133
219043,normal,191,0,1782361193.3263195,0.0018513202667236328
219044,normal,1395,0,1782361193.328471,0.0021514892578125
219045,normal,914,2,1782361193.331021,0.0025501251220703125
219046,normal,370,0,1782361193.3325965,0.001575469970703125
219047,normal,3656,0,1782361193.3344276,0.0018310546875
219048,normal,3052,1,1782361193.3364902,0.002062559127807617
219049,normal,1961,0,1782361193.3383346,0.0018444061279296875
219050,normal,2927,0,1782361193.340496,0.0021615028381347656
219051,normal,328,0,1782361193.3424692,0.0019731521606445312
219052,normal,2356,0,1782361193.3445435,0.0020742416381835938
219053,normal,2316,0,1782361193.3463733,0.0018298625946044922
219054,normal,3234,1,1782361193.3485143,0.0021409988403320312
219055,normal,2588,0,1782361193.3503797,0.001865386962890625
219056,normal,2288,0,1782361193.3524616,0.0020818710327148438
219057,normal,720,0,1782361193.3543196,0.0018579959869384766
219058,normal,3097,1,1782361193.3563807,0.002061128616333008
219059,normal,2671,0,1782361193.3585203,0.002139568328857422
219060,normal,2729,0,1782361193.3603737,0.0018534660339355469
219061,normal,2549,0,1782361193.3624773,0.002103567123413086
219062,normal,878,2,1782361193.3646114,0.002134084701538086
219063,normal,1341,1,1782361193.36708,0.002468585968017578
219064,normal,1320,1,1782361193.3683815,0.0013015270233154297
219065,normal,3625,0,1782361193.3704429,0.0020613670349121094
219066,normal,2665,0,1782361193.372329,0.001886129379272461
219067,normal,61,0,1782361193.3745015,0.0021724700927734375
219068,normal,2805,0,1782361193.376417,0.0019154548645019531
219069,normal,1344,1,1782361193.3785422,0.002125263214111328
219070,normal,1149,0,1782361193.3804169,0.001874685287475586
219071,normal,2256,0,1782361193.382638,0.0022211074829101562
219072,normal,2018,0,1782361193.3843563,0.001718282699584961
219073,normal,2365,0,1782361193.386849,0.002492666244506836
219074,normal,949,2,1782361193.388739,0.0018901824951171875
219075,normal,1164,0,1782361193.3904636,0.0017244815826416016
219076,normal,1539,0,1782361193.3925295,0.002065896987915039
219077,normal,1366,1,1782361193.3944597,0.00193023681640625
219078,normal,853,2,1782361193.3963766,0.0019168853759765625
219079,normal,1641,0,1782361193.3984754,0.0020987987518310547
219080,normal,1609,0,1782361193.400477,0.002001523971557617
219081,normal,2926,0,1782361193.4024074,0.0019304752349853516
219082,normal,1673,0,1782361193.4045255,0.0021181106567382812
219083,normal,3320,1,1782361193.406422,0.0018963813781738281
219084,normal,2681,0,1782361193.4084864,0.0020644664764404297
219085,normal,2660,0,1782361193.4103715,0.0018851757049560547
219086,normal,3370,1,1782361193.4124951,0.002123594284057617
219087,normal,790,2,1782361193.41437,0.0018749237060546875
219088,normal,1817,0,1782361193.4165888,0.0022187232971191406
219089,normal,1557,0,1782361193.4183562,0.0017673969268798828
219090,normal,2799,0,1782361193.4204667,0.0021104812622070312
219091,normal,373,0,1782361193.422339,0.0018723011016845703
219092,normal,220,0,1782361193.4244556,0.002116680145263672
219093,normal,2666,0,1782361193.4266922,0.002236604690551758
219094,normal,1554,0,1782361193.4283135,0.001621246337890625
219095,normal,3008,0,1782361193.430458,0.0021445751190185547
219096,normal,2397,0,1782361193.4323785,0.001920461654663086
219097,normal,97,0,1782361193.4344554,0.002076864242553711
219098,normal,2121,0,1782361193.43646,0.0020046234130859375
219099,normal,2522,0,1782361193.4383352,0.001875162124633789
219100,normal,3406,0,1782361193.4405363,0.002201080322265625
219101,normal,558,0,1782361193.442351,0.0018148422241210938
219102,normal,771,0,1782361193.444506,0.002154827117919922
219103,normal,1594,0,1782361193.446426,0.0019199848175048828
219104,normal,1328,1,1782361193.4486377,0.0022118091583251953
219105,normal,3575,0,1782361193.4507904,0.002152681350708008
219106,normal,3318,1,1782361193.4523666,0.0015761852264404297
219107,normal,3050,1,1782361193.454449,0.002082347869873047
219108,normal,1998,0,1782361193.4563193,0.0018703937530517578
219109,normal,1949,0,1782361193.4584398,0.002120494842529297
219110,normal,2368,0,1782361193.4605181,0.0020782947540283203
219111,normal,3117,1,1782361193.462321,0.0018029212951660156
219112,normal,875,2,1782361193.4644377,0.002116680145263672
219113,normal,2072,0,1782361193.4664383,0.002000570297241211
219114,normal,248,0,1782361193.46855,0.002111673355102539
219115,normal,2181,0,1782361193.4707835,0.0022335052490234375
219116,normal,1422,0,1782361193.4724197,0.0016362667083740234
219117,normal,1140,0,1782361193.47437,0.0019502639770507812
219118,normal,3165,1,1782361193.476445,0.0020749568939208984
219119,normal,1834,0,1782361193.4783373,0.0018923282623291016
219120,normal,919,2,1782361193.4805982,0.002260923385620117
219121,normal,1666,0,1782361193.482349,0.0017507076263427734
219122,normal,2463,0,1782361193.4844534,0.002104520797729492
219123,normal,1749,0,1782361193.486327,0.0018734931945800781
219124,normal,1444,0,1782361193.4884505,0.002123594284057617
219125,normal,3213,1,1782361193.4904642,0.002013683319091797
219126,normal,3615,0,1782361193.4926035,0.0021393299102783203
219127,normal,320,0,1782361193.4944656,0.0018620491027832031
219128,normal,39,0,1782361193.4965289,0.002063274383544922
219129,normal,2375,0,1782361193.4984243,0.0018954277038574219
219130,normal,2032,0,1782361193.5005498,0.0021255016326904297
219131,normal,464,0,1782361193.5025415,0.001991748809814453
219132,normal,2211,0,1782361193.5045063,0.0019648075103759766
219133,normal,581,0,1782361193.5063944,0.0018880367279052734
219134,normal,2974,0,1782361193.5084426,0.0020482540130615234
219135,normal,2147,0,1782361193.5103292,0.001886606216430664
219136,normal,3217,1,1782361193.5124326,0.0021033287048339844
219137,normal,2609,0,1782361193.51471,0.002277374267578125
219138,normal,536,0,1782361193.5166495,0.001939535140991211
219139,normal,3388,1,1782361193.5185883,0.0019388198852539062
219140,normal,525,0,1782361193.520762,0.0021736621856689453
219141,normal,3363,1,1782361193.5225484,0.0017864704132080078
219142,normal,2740,0,1782361193.5253584,0.0028100013732910156
219143,normal,883,2,1782361193.5263872,0.0010287761688232422
219144,normal,1437,0,1782361193.528792,0.0024046897888183594
219145,normal,2498,0,1782361193.5304754,0.0016834735870361328
219146,normal,105,0,1782361193.5325072,0.0020318031311035156
219147,normal,3399,1,1782361193.5343158,0.0018086433410644531
219148,normal,2605,0,1782361193.5364652,0.002149343490600586
219149,normal,1099,0,1782361193.5383282,0.0018630027770996094
219150,normal,275,0,1782361193.5404294,0.0021011829376220703
219151,normal,3544,0,1782361193.5423317,0.0019023418426513672
219152,normal,3302,1,1782361193.5444155,0.0020837783813476562
219153,normal,1016,2,1782361193.5463135,0.001898050308227539
219154,normal,2817,0,1782361193.5484715,0.002157926559448242
219155,normal,2414,0,1782361193.5503643,0.0018928050994873047
219156,normal,2718,0,1782361193.5523446,0.001980304718017578
219157,normal,1051,0,1782361193.5542977,0.001953125
219158,normal,1772,0,1782361193.556301,0.0020034313201904297
219159,normal,1394,0,1782361193.5583475,0.002046346664428711
219160,normal,3043,0,1782361193.5603678,0.0020203590393066406
219161,normal,3149,1,1782361193.5623515,0.001983642578125
219162,normal,2555,0,1782361193.5643485,0.0019969940185546875
219163,normal,1733,0,1782361193.5665038,0.002155303955078125
219164,normal,2080,0,1782361193.5683572,0.0018534660339355469
219165,normal,2009,0,1782361193.5708601,0.002502918243408203
219166,normal,3379,1,1782361193.5723512,0.0014910697937011719
219167,normal,237,0,1782361193.5745044,0.002153158187866211
219168,normal,1148,0,1782361193.5763566,0.001852273941040039
219169,normal,2084,0,1782361193.578353,0.001996278762817383
219170,normal,2773,0,1782361193.5803607,0.002007722854614258
219171,normal,173,0,1782361193.5825098,0.0021491050720214844
219172,normal,2013,0,1782361193.584359,0.0018491744995117188
219173,normal,1811,0,1782361193.5865078,0.002148866653442383
219174,normal,3137,1,1782361193.5883512,0.0018434524536132812
219175,normal,359,0,1782361193.5903506,0.001999378204345703
219176,normal,3289,1,1782361193.5923579,0.0020072460174560547
219177,normal,3600,0,1782361193.5945091,0.0021512508392333984
219178,normal,591,0,1782361193.5963504,0.0018413066864013672
219179,normal,365,0,1782361193.5985067,0.0021562576293945312
219180,normal,3561,0,1782361193.6003768,0.0018701553344726562
219181,normal,1632,0,1782361193.6023493,0.0019724369049072266
219182,normal,2502,0,1782361193.6044395,0.0020902156829833984
219183,normal,207,0,1782361193.6063836,0.0019440650939941406
219184,normal,1382,0,1782361193.6083782,0.001994609832763672
219185,normal,3666,0,1782361193.6103573,0.0019791126251220703
219186,normal,3032,0,1782361193.6125174,0.0021600723266601562
219187,normal,836,2,1782361193.6143534,0.0018360614776611328
219188,normal,1425,0,1782361193.6165082,0.002154827117919922
219189,normal,335,0,1782361193.6183565,0.0018482208251953125
219190,normal,2531,0,1782361193.6203527,0.001996278762817383
219191,normal,1225,0,1782361193.6223626,0.002009868621826172
219192,normal,707,0,1782361193.6245081,0.002145528793334961
219193,normal,874,2,1782361193.626355,0.0018467903137207031
219194,normal,1287,0,1782361193.6285024,0.0021474361419677734
219195,normal,1852,0,1782361193.6303334,0.0018310546875
219196,normal,1279,0,1782361193.632324,0.0019905567169189453
219197,normal,2896,0,1782361193.6343527,0.0020287036895751953
219198,normal,1764,0,1782361193.6364722,0.0021195411682128906
219199,normal,3453,0,1782361193.6383526,0.0018804073333740234
219200,normal,1315,0,1782361193.6405087,0.0021560192108154297
219201,normal,3522,0,1782361193.6423233,0.0018146038055419922
219202,normal,2286,0,1782361193.6443524,0.0020291805267333984
219203,normal,2539,0,1782361193.6465104,0.002157926559448242
219204,normal,2408,0,1782361193.6483202,0.001809835433959961
219205,normal,379,0,1782361193.650353,0.002032756805419922
219206,normal,751,0,1782361193.6523538,0.0020008087158203125
219207,normal,2778,0,1782361193.6545067,0.0021529197692871094
219208,normal,1553,0,1782361193.6563563,0.0018496513366699219
219209,normal,3022,0,1782361193.6585083,0.002151966094970703
219210,normal,345,0,1782361193.660353,0.001844644546508789
219211,normal,1889,0,1782361193.6623547,0.0020017623901367188
219212,normal,2603,0,1782361193.6643546,0.0019998550415039062
219213,normal,2099,0,1782361193.666507,0.0021524429321289062
219214,normal,1068,0,1782361193.6683545,0.0018475055694580078
219215,normal,2278,0,1782361193.6705139,0.0021593570709228516
219216,normal,3376,1,1782361193.6723535,0.0018396377563476562
219217,normal,1483,0,1782361193.6743548,0.0020012855529785156
219218,normal,2704,0,1782361193.6765084,0.002153635025024414
219219,normal,615,0,1782361193.6783524,0.0018439292907714844
219220,normal,2534,0,1782361193.680355,0.002002716064453125
219221,normal,2626,0,1782361193.682352,0.0019969940185546875
219222,normal,1370,1,1782361193.684505,0.0021529197692871094
219223,normal,1219,0,1782361193.6863718,0.0018668174743652344
219224,normal,1510,0,1782361193.6884775,0.002105712890625
219225,normal,3578,0,1782361193.6903422,0.0018646717071533203
219226,normal,2699,0,1782361193.692321,0.0019788742065429688
219227,normal,2992,0,1782361193.69432,0.0019989013671875
219228,normal,2548,0,1782361193.6963546,0.0020346641540527344
219229,normal,3461,0,1782361193.6983197,0.001965045928955078
219230,normal,363,0,1782361193.7003498,0.0020301342010498047
219231,normal,3192,1,1782361193.70232,0.0019702911376953125
219232,normal,1750,0,1782361193.7043226,0.0020024776458740234
219233,normal,1863,0,1782361193.7065833,0.0022606849670410156
219234,normal,1224,0,1782361193.708384,0.0018007755279541016
219235,normal,197,0,1782361193.7104933,0.0021092891693115234
219236,normal,891,2,1782361193.712374,0.001880645751953125
219237,normal,2195,0,1782361193.7145245,0.0021505355834960938
219238,normal,466,0,1782361193.7163446,0.0018200874328613281
219239,normal,278,0,1782361193.7183945,0.0020499229431152344
219240,normal,879,2,1782361193.72039,0.001995563507080078
219241,normal,1687,0,1782361193.7223077,0.0019176006317138672
219242,normal,866,2,1782361193.7244506,0.0021429061889648438
219243,normal,3036,0,1782361193.7263255,0.0018749237060546875
219244,normal,2898,0,1782361193.7283196,0.0019941329956054688
219245,normal,3556,0,1782361193.73032,0.0020003318786621094
219246,normal,2092,0,1782361193.73245,0.0021300315856933594
219247,normal,2607,0,1782361193.7343566,0.0019066333770751953
219248,normal,1897,0,1782361193.7365086,0.002151966094970703
219249,normal,499,0,1782361193.7383535,0.0018448829650878906
219250,normal,78,0,1782361193.7403576,0.0020041465759277344
219251,normal,1579,0,1782361193.74236,0.0020024776458740234
219252,normal,3417,0,1782361193.7445095,0.002149343490600586
219253,normal,1244,0,1782361193.746357,0.0018475055694580078
219254,normal,333,0,1782361193.7485137,0.0021567344665527344
219255,normal,2363,0,1782361193.7503579,0.001844167709350586
219256,normal,5,0,1782361193.7523577,0.0019998550415039062
219257,normal,421,0,1782361193.754357,0.001999378204345703
219258,normal,2465,0,1782361193.756519,0.0021619796752929688
219259,normal,481,0,1782361193.7583575,0.0018384456634521484
219260,normal,218,0,1782361193.760511,0.0021533966064453125
219261,normal,2788,0,1782361193.7623577,0.0018467903137207031
219262,normal,1081,0,1782361193.7643523,0.001994609832763672
219263,normal,608,0,1782361193.7663507,0.001998424530029297
219264,normal,364,0,1782361193.768508,0.0021572113037109375
219265,normal,3534,0,1782361193.7703567,0.0018486976623535156
219266,normal,2849,0,1782361193.7725086,0.002151966094970703
219267,normal,2115,0,1782361193.7743523,0.0018436908721923828
219268,normal,3201,1,1782361193.7763588,0.00200653076171875
219269,normal,3159,1,1782361193.7783585,0.0019996166229248047
219270,normal,3369,1,1782361193.7805085,0.0021500587463378906
219271,normal,3314,1,1782361193.782359,0.0018503665924072266
219272,normal,898,2,1782361193.7845082,0.002149343490600586
219273,normal,1563,0,1782361193.7863607,0.0018525123596191406
219274,normal,1130,0,1782361193.788359,0.0019981861114501953
219275,normal,2144,0,1782361193.7903538,0.0019948482513427734
219276,normal,1618,0,1782361193.792508,0.002154111862182617
219277,normal,2481,0,1782361193.7943587,0.0018508434295654297
219278,normal,895,2,1782361193.7965074,0.0021486282348632812
219279,normal,3119,1,1782361193.798351,0.0018436908721923828
219280,normal,1401,0,1782361193.8003592,0.002008199691772461
219281,normal,258,0,1782361193.8023565,0.001997232437133789
219282,normal,2783,0,1782361193.8045087,0.0021522045135498047
219283,normal,1868,0,1782361193.806362,0.0018532276153564453
219284,normal,2692,0,1782361193.8085122,0.002150297164916992
219285,normal,2430,0,1782361193.8103545,0.0018422603607177734
219286,normal,1076,0,1782361193.81236,0.0020055770874023438
219287,normal,3034,0,1782361193.8143537,0.0019936561584472656
219288,normal,909,2,1782361193.816508,0.0021543502807617188
219289,normal,1034,0,1782361193.8183584,0.0018503665924072266
219290,normal,3459,0,1782361193.8205078,0.002149343490600586
219291,normal,2861,0,1782361193.8223524,0.001844644546508789
219292,normal,2725,0,1782361193.8243606,0.002008199691772461
219293,normal,2037,0,1782361193.8265295,0.002168893814086914
219294,normal,212,0,1782361193.8283556,0.0018260478973388672
219295,normal,271,0,1782361193.8303597,0.0020041465759277344
219296,normal,3602,0,1782361193.8323598,0.002000093460083008
219297,normal,2258,0,1782361193.8345068,0.0021469593048095703
219298,normal,3168,1,1782361193.836358,0.0018513202667236328
219299,normal,1115,0,1782361193.8385065,0.0021483898162841797
219300,normal,2310,0,1782361193.840352,0.0018455982208251953
219301,normal,2658,0,1782361193.84236,0.0020079612731933594
219302,normal,696,0,1782361193.8443599,0.0019998550415039062
219303,normal,2880,0,1782361193.8465073,0.0021474361419677734
219304,normal,3243,1,1782361193.8483613,0.00185394287109375
219305,normal,240,0,1782361193.8505073,0.002146005630493164
219306,normal,2536,0,1782361193.852353,0.0018458366394042969
219307,normal,1159,0,1782361193.8543606,0.0020074844360351562
219308,normal,3176,1,1782361193.8563545,0.001993894577026367
219309,normal,892,2,1782361193.8583372,0.0019826889038085938
219310,normal,2179,0,1782361193.8603325,0.0019953250885009766
219311,normal,3089,1,1782361193.8625054,0.0021729469299316406
219312,normal,842,2,1782361193.8643277,0.0018222332000732422
219313,normal,3535,0,1782361193.8663616,0.0020339488983154297
219314,normal,991,2,1782361193.8683536,0.0019919872283935547
219315,normal,2664,0,1782361193.870459,0.0021054744720458984
219316,normal,2604,0,1782361193.8723612,0.0019021034240722656
219317,normal,1669,0,1782361193.874509,0.0021479129791259766
219318,normal,1314,0,1782361193.8763506,0.0018415451049804688
219319,normal,2199,0,1782361193.878335,0.0019843578338623047
219320,normal,2438,0,1782361193.8804927,0.0021576881408691406
219321,normal,2528,0,1782361193.8823228,0.0018301010131835938
219322,normal,2716,0,1782361193.8843257,0.0020029544830322266
219323,normal,632,0,1782361193.8863187,0.001992940902709961
219324,normal,3090,1,1782361193.8884506,0.002131938934326172
219325,normal,158,0,1782361193.890352,0.001901388168334961
219326,normal,594,0,1782361193.8925083,0.0021562576293945312
219327,normal,426,0,1782361193.894324,0.0018157958984375
219328,normal,1121,0,1782361193.896363,0.0020389556884765625
219329,normal,3232,1,1782361193.898353,0.001990079879760742
219330,normal,468,0,1782361193.900511,0.002157926559448242
219331,normal,3680,0,1782361193.9023767,0.0018656253814697266
219332,normal,2393,0,1782361193.904526,0.002149343490600586
219333,normal,1003,2,1782361193.9063566,0.0018305778503417969
219334,normal,2542,0,1782361193.9083586,0.0020020008087158203
219335,normal,808,2,1782361193.910358,0.001999378204345703
219336,normal,1583,0,1782361193.9125037,0.0021457672119140625
219337,normal,1006,2,1782361193.9143612,0.0018575191497802734
219338,normal,906,2,1782361193.9165115,0.002150297164916992
219339,normal,588,0,1782361193.9183502,0.00183868408203125
219340,normal,1402,0,1782361193.9203625,0.0020122528076171875
219341,normal,3358,1,1782361193.9223554,0.001992940902709961
219342,normal,2826,0,1782361193.9245093,0.0021538734436035156
219343,normal,2506,0,1782361193.926343,0.0018336772918701172
219344,normal,2760,0,1782361193.9285107,0.0021677017211914062
219345,normal,2462,0,1782361193.9303548,0.001844167709350586
219346,normal,38,0,1782361193.9323697,0.0020148754119873047
219347,normal,1714,0,1782361193.9343576,0.001987934112548828
219348,normal,678,0,1782361193.9365098,0.0021522045135498047
219349,normal,2395,0,1782361193.938365,0.0018551349639892578
219350,normal,2822,0,1782361193.9405098,0.0021448135375976562
219351,normal,630,0,1782361193.9423275,0.0018177032470703125
219352,normal,1228,0,1782361193.9443238,0.001996278762817383
219353,normal,3103,1,1782361193.9463599,0.0020360946655273438
219354,normal,3387,1,1782361193.9485059,0.002146005630493164
219355,normal,1352,1,1782361193.9503646,0.0018587112426757812
219356,normal,3580,0,1782361193.9525068,0.002142190933227539
219357,normal,1732,0,1782361193.9543219,0.0018150806427001953
219358,normal,2853,0,1782361193.9563653,0.002043485641479492
219359,normal,714,0,1782361193.9583561,0.001990795135498047
219360,normal,2892,0,1782361193.9605103,0.002154111862182617
219361,normal,1012,2,1782361193.9623654,0.0018551349639892578
219362,normal,108,0,1782361193.964507,0.002141714096069336
219363,normal,3181,1,1782361193.9663525,0.0018453598022460938
219364,normal,1586,0,1782361193.9683645,0.002012014389038086
219365,normal,1509,0,1782361193.9703588,0.0019943714141845703
219366,normal,532,0,1782361193.9725063,0.0021474361419677734
219367,normal,1524,0,1782361193.9743657,0.001859426498413086
219368,normal,3462,0,1782361193.9765065,0.0021407604217529297
219369,normal,230,0,1782361193.9783547,0.0018482208251953125
219370,normal,331,0,1782361193.9803674,0.0020127296447753906
219371,normal,817,2,1782361193.9823642,0.001996755599975586
219372,normal,561,0,1782361193.9845095,0.0021452903747558594
219373,normal,2878,0,1782361193.9863665,0.0018570423126220703
219374,normal,861,2,1782361193.9885054,0.002138853073120117
219375,normal,2385,0,1782361193.990353,0.0018477439880371094
219376,normal,3111,1,1782361193.9923663,0.0020132064819335938
219377,normal,744,0,1782361193.9943562,0.0019898414611816406
219378,normal,2553,0,1782361193.9965065,0.002150297164916992
219379,normal,3273,1,1782361193.9983816,0.001875162124633789
219380,normal,3017,0,1782361194.0005074,0.0021257400512695312
219381,normal,1118,0,1782361194.0023534,0.0018460750579833984
219382,normal,2591,0,1782361194.0043666,0.0020132064819335938
219383,normal,1691,0,1782361194.0063665,0.0019998550415039062
219384,normal,2419,0,1782361194.0084383,0.002071857452392578
219385,normal,2285,0,1782361194.0103824,0.0019440650939941406
219386,normal,117,0,1782361194.0125196,0.0021371841430664062
219387,normal,2137,0,1782361194.014353,0.0018334388732910156
219388,normal,74,0,1782361194.0165222,0.0021691322326660156
219389,normal,1145,0,1782361194.0185146,0.001992464065551758
219390,normal,1568,0,1782361194.0203576,0.0018429756164550781
219391,normal,3343,1,1782361194.0225222,0.002164602279663086
219392,normal,1506,0,1782361194.024514,0.001991748809814453
219393,normal,123,0,1782361194.0263498,0.0018358230590820312
219394,normal,24,0,1782361194.0285327,0.0021829605102539062
219395,normal,501,0,1782361194.0303578,0.001825094223022461
219396,normal,2193,0,1782361194.0325048,0.0021469593048095703
219397,normal,1258,0,1782361194.0343661,0.0018613338470458984
219398,normal,435,0,1782361194.0368333,0.0024671554565429688
219399,normal,1884,0,1782361194.0384932,0.0016598701477050781
219400,normal,746,0,1782361194.0403504,0.0018572807312011719
219401,normal,192,0,1782361194.0423553,0.002004861831665039
219402,normal,47,0,1782361194.0445056,0.002150297164916992
219403,normal,177,0,1782361194.0463684,0.0018627643585205078
219404,normal,3135,1,1782361194.0485094,0.0021409988403320312
219405,normal,974,2,1782361194.050351,0.0018415451049804688
219406,normal,2235,0,1782361194.0523694,0.002018451690673828
219407,normal,2030,0,1782361194.0543587,0.0019893646240234375
219408,normal,1094,0,1782361194.0565052,0.002146482467651367
219409,normal,2708,0,1782361194.0583677,0.0018625259399414062
219410,normal,463,0,1782361194.0605083,0.002140522003173828
219411,normal,3204,1,1782361194.0623548,0.0018465518951416016
219412,normal,2920,0,1782361194.064369,0.00201416015625
219413,normal,3133,1,1782361194.066359,0.001990079879760742
219414,normal,3091,1,1782361194.0685053,0.0021462440490722656
219415,normal,3538,0,1782361194.070356,0.0018506050109863281
219416,normal,2564,0,1782361194.0724177,0.0020618438720703125
219417,normal,1712,0,1782361194.0743825,0.0019648075103759766
219418,normal,1452,0,1782361194.0765095,0.002126932144165039
219419,normal,2077,0,1782361194.078489,0.0019795894622802734
219420,normal,2000,0,1782361194.0804079,0.001918792724609375
219421,normal,2515,0,1782361194.0825171,0.0021092891693115234
219422,normal,2113,0,1782361194.0844908,0.0019736289978027344
219423,normal,2213,0,1782361194.0864124,0.0019216537475585938
219424,normal,600,0,1782361194.0885177,0.002105236053466797
219425,normal,1919,0,1782361194.090491,0.001973390579223633
219426,normal,67,0,1782361194.0924098,0.001918792724609375
219427,normal,3637,0,1782361194.0945234,0.0021135807037353516
219428,normal,110,0,1782361194.096496,0.001972675323486328
219429,normal,1521,0,1782361194.098423,0.0019268989562988281
219430,normal,3306,1,1782361194.100502,0.002079010009765625
219431,normal,1671,0,1782361194.102497,0.001995086669921875
219432,normal,1606,0,1782361194.1044106,0.0019135475158691406
219433,normal,2517,0,1782361194.1065152,0.002104520797729492
219434,normal,1011,2,1782361194.1085322,0.0020170211791992188
219435,normal,2819,0,1782361194.1103683,0.0018360614776611328
219436,normal,2700,0,1782361194.112486,0.002117633819580078
219437,normal,2556,0,1782361194.1144896,0.0020036697387695312
219438,normal,904,2,1782361194.1164122,0.001922607421875
219439,normal,124,0,1782361194.1185315,0.002119302749633789
219440,normal,2187,0,1782361194.120494,0.001962423324584961
219441,normal,2979,0,1782361194.1224127,0.001918792724609375
219442,normal,2406,0,1782361194.124533,0.0021202564239501953
219443,normal,774,2,1782361194.1264966,0.0019636154174804688
219444,normal,358,0,1782361194.1284137,0.001917123794555664
219445,normal,2743,0,1782361194.1305382,0.0021245479583740234
219446,normal,1502,0,1782361194.1325102,0.0019719600677490234
219447,normal,1571,0,1782361194.13441,0.00189971923828125
219448,normal,1759,0,1782361194.13654,0.0021300315856933594
219449,normal,246,0,1782361194.1385043,0.0019643306732177734
219450,normal,2545,0,1782361194.1404178,0.0019135475158691406
219451,normal,368,0,1782361194.1425467,0.0021288394927978516
219452,normal,3221,1,1782361194.1444912,0.0019445419311523438
219453,normal,404,0,1782361194.146413,0.0019218921661376953
219454,normal,3206,1,1782361194.14855,0.0021369457244873047
219455,normal,942,2,1782361194.1504939,0.001943826675415039
219456,normal,1696,0,1782361194.1524138,0.0019199848175048828
219457,normal,3527,0,1782361194.1545472,0.0021333694458007812
219458,normal,1309,0,1782361194.1564896,0.0019423961639404297
219459,normal,1067,0,1782361194.1584115,0.0019218921661376953
219460,normal,3171,1,1782361194.1605482,0.002136707305908203
219461,normal,3442,0,1782361194.1625018,0.001953601837158203
219462,normal,913,2,1782361194.1644146,0.001912832260131836
219463,normal,1918,0,1782361194.1665487,0.002134084701538086
219464,normal,103,0,1782361194.1684961,0.0019474029541015625
219465,normal,1058,0,1782361194.170415,0.001918792724609375
219466,normal,2944,0,1782361194.1725585,0.0021436214447021484
219467,normal,578,0,1782361194.1744967,0.0019381046295166016
219468,normal,1589,0,1782361194.1764183,0.0019216537475585938
219469,normal,491,0,1782361194.1785588,0.002140522003173828
219470,normal,554,0,1782361194.1807656,0.0022068023681640625
219471,normal,2297,0,1782361194.1824005,0.001634836196899414
219472,normal,1635,0,1782361194.1847966,0.002396106719970703
219473,normal,989,2,1782361194.1865287,0.0017321109771728516
219474,normal,1971,0,1782361194.1885579,0.0020291805267333984
219475,normal,2429,0,1782361194.1905298,0.0019719600677490234
219476,normal,3651,0,1782361194.1927323,0.0022025108337402344
219477,normal,2916,0,1782361194.1944003,0.0016679763793945312
219478,normal,2651,0,1782361194.1968143,0.0024139881134033203
219479,normal,2105,0,1782361194.198535,0.0017206668853759766
219480,normal,2269,0,1782361194.2005854,0.0020503997802734375
219481,normal,2995,0,1782361194.2026112,0.0020258426666259766
219482,normal,2900,0,1782361194.204774,0.0021626949310302734
219483,normal,2691,0,1782361194.206406,0.0016322135925292969
219484,normal,2816,0,1782361194.2087557,0.0023496150970458984
219485,normal,186,0,1782361194.2105572,0.0018014907836914062
219486,normal,2449,0,1782361194.2124062,0.0018489360809326172
219487,normal,3027,0,1782361194.2148185,0.0024123191833496094
219488,normal,1470,0,1782361194.2165487,0.001730203628540039
219489,normal,367,0,1782361194.2184043,0.001855611801147461
219490,normal,1311,0,1782361194.2208095,0.0024051666259765625
219491,normal,55,0,1782361194.2225335,0.0017240047454833984
219492,normal,18,0,1782361194.2244046,0.0018711090087890625
219493,normal,3268,1,1782361194.2268143,0.002409696578979492
219494,normal,1860,0,1782361194.2285333,0.0017189979553222656
219495,normal,3501,0,1782361194.2305872,0.002053976058959961
219496,normal,777,2,1782361194.2327013,0.0021140575408935547
219497,normal,2341,0,1782361194.2345335,0.0018322467803955078
219498,normal,1184,0,1782361194.236592,0.0020585060119628906
219499,normal,2964,0,1782361194.2386081,0.0020160675048828125
219500,normal,1014,2,1782361194.2407444,0.00213623046875
219501,normal,1349,1,1782361194.2424033,0.0016589164733886719
219502,normal,572,0,1782361194.2449267,0.0025234222412109375
219503,normal,950,2,1782361194.2465363,0.0016095638275146484
219504,normal,1820,0,1782361194.2485917,0.0020554065704345703
219505,normal,945,2,1782361194.2505293,0.0019376277923583984
219506,normal,3218,1,1782361194.2527409,0.0022115707397460938
219507,normal,3068,1,1782361194.2544074,0.0016665458679199219
219508,normal,3223,1,1782361194.2568226,0.002415180206298828
219509,normal,3648,0,1782361194.2585359,0.0017132759094238281
219510,normal,1690,0,1782361194.2606251,0.002089262008666992
219511,normal,2367,0,1782361194.2625315,0.0019063949584960938
219512,normal,2104,0,1782361194.264745,0.0022134780883789062
219513,normal,1363,1,1782361194.2664087,0.0016636848449707031
219514,normal,3198,1,1782361194.2687523,0.0023436546325683594
219515,normal,1648,0,1782361194.2705479,0.0017955303192138672
219516,normal,694,0,1782361194.2725863,0.0020384788513183594
219517,normal,781,2,1782361194.2745357,0.001949310302734375
219518,normal,1876,0,1782361194.2767425,0.0022068023681640625
219519,normal,3463,0,1782361194.2784035,0.001661062240600586
219520,normal,2581,0,1782361194.2807498,0.0023462772369384766
219521,normal,2797,0,1782361194.282468,0.001718282699584961
219522,normal,1289,0,1782361194.2847528,0.0022847652435302734
219523,normal,2416,0,1782361194.286412,0.0016591548919677734
219524,normal,2323,0,1782361194.2887294,0.0023174285888671875
219525,normal,562,0,1782361194.2904034,0.0016739368438720703
219526,normal,3292,1,1782361194.292751,0.002347707748413086
219527,normal,2129,0,1782361194.2945495,0.001798391342163086
219528,normal,488,0,1782361194.29659,0.0020406246185302734
219529,normal,709,0,1782361194.298542,0.0019519329071044922
219530,normal,2999,0,1782361194.3007298,0.0021877288818359375
219531,normal,944,2,1782361194.3024046,0.0016748905181884766
219532,normal,3531,0,1782361194.3047633,0.002358675003051758
219533,normal,3576,0,1782361194.3065338,0.0017704963684082031
219534,normal,2947,0,1782361194.3085892,0.0020554065704345703
219535,normal,2796,0,1782361194.310528,0.0019388198852539062
219536,normal,1354,1,1782361194.312779,0.0022509098052978516
219537,normal,3465,0,1782361194.3144033,0.0016243457794189453
219538,normal,3700,0,1782361194.3167694,0.0023660659790039062
219539,normal,1032,0,1782361194.3185337,0.0017642974853515625
219540,normal,3174,1,1782361194.3205602,0.0020265579223632812
219541,normal,1342,1,1782361194.3225548,0.001994609832763672
219542,normal,1593,0,1782361194.3247418,0.002187013626098633
219543,normal,947,2,1782361194.3264213,0.0016794204711914062
219544,normal,2253,0,1782361194.3287406,0.0023193359375
219545,normal,2188,0,1782361194.3305407,0.0018000602722167969
219546,normal,2526,0,1782361194.332589,0.0020482540130615234
219547,normal,1316,0,1782361194.3345706,0.0019817352294921875
219548,normal,3503,0,1782361194.3367355,0.0021648406982421875
219549,normal,2097,0,1782361194.3384044,0.0016689300537109375
219550,normal,1097,0,1782361194.3407362,0.0023317337036132812
219551,normal,2075,0,1782361194.342572,0.0018358230590820312
219552,normal,3670,0,1782361194.3445926,0.002020597457885742
219553,normal,2169,0,1782361194.3465724,0.001979827880859375
219554,normal,2600,0,1782361194.3486357,0.002063274383544922
219555,normal,3706,0,1782361194.3504043,0.0017685890197753906
219556,normal,835,2,1782361194.352555,0.0021507740020751953
219557,normal,3402,0,1782361194.3545337,0.001978635787963867
219558,normal,3355,1,1782361194.3564067,0.001873016357421875
219559,normal,1731,0,1782361194.358533,0.0021262168884277344
219560,normal,3010,0,1782361194.3604994,0.0019664764404296875
219561,normal,2168,0,1782361194.3624158,0.0019164085388183594
219562,normal,1066,0,1782361194.3645349,0.0021190643310546875
219563,normal,1656,0,1782361194.3665001,0.0019652843475341797
219564,normal,3095,1,1782361194.3684132,0.0019130706787109375
219565,normal,301,0,1782361194.370542,0.0021288394927978516
219566,normal,161,0,1782361194.3725116,0.001969575881958008
219567,normal,1053,0,1782361194.3744123,0.0019006729125976562
219568,normal,935,2,1782361194.3765411,0.0021288394927978516
219569,normal,2935,0,1782361194.378495,0.0019538402557373047
219570,normal,2680,0,1782361194.3804107,0.0019156932830810547
219571,normal,2240,0,1782361194.382549,0.002138376235961914
219572,normal,1061,0,1782361194.3845,0.001950979232788086
219573,normal,2248,0,1782361194.3864136,0.0019135475158691406
219574,normal,654,0,1782361194.388573,0.0021593570709228516
219575,normal,1152,0,1782361194.3905,0.0019271373748779297
219576,normal,444,0,1782361194.3924131,0.0019130706787109375
219577,normal,3288,1,1782361194.3945749,0.002161741256713867
219578,normal,3436,0,1782361194.3965032,0.0019283294677734375
219579,normal,2523,0,1782361194.3984106,0.0019073486328125
219580,normal,780,2,1782361194.4005523,0.002141714096069336
219581,normal,3467,0,1782361194.4024951,0.0019428730010986328
219582,normal,3255,1,1782361194.404415,0.0019197463989257812
219583,normal,347,0,1782361194.4065528,0.002137899398803711
219584,normal,2889,0,1782361194.4084926,0.0019397735595703125
219585,normal,3065,1,1782361194.4104295,0.0019369125366210938
219586,normal,822,2,1782361194.4125543,0.002124786376953125
219587,normal,502,0,1782361194.4144964,0.0019421577453613281
219588,normal,978,2,1782361194.4164124,0.0019159317016601562
219589,normal,2282,0,1782361194.4185598,0.0021474361419677734
219590,normal,860,2,1782361194.420491,0.0019311904907226562
219591,normal,1787,0,1782361194.4224114,0.001920461654663086
219592,normal,109,0,1782361194.42456,0.0021486282348632812
219593,normal,1029,2,1782361194.4264987,0.0019385814666748047
219594,normal,2535,0,1782361194.428413,0.0019142627716064453
219595,normal,2023,0,1782361194.4305742,0.002161264419555664
219596,normal,3180,1,1782361194.4324949,0.0019207000732421875
219597,normal,2189,0,1782361194.4344144,0.0019195079803466797
219598,normal,994,2,1782361194.4364886,0.0020742416381835938
219599,normal,2487,0,1782361194.438495,0.0020062923431396484
219600,normal,3328,1,1782361194.440414,0.0019190311431884766
219601,normal,54,0,1782361194.4425805,0.0021665096282958984
219602,normal,3423,0,1782361194.4445026,0.0019221305847167969
219603,normal,91,0,1782361194.4464169,0.0019142627716064453
219604,normal,1441,0,1782361194.448592,0.0021750926971435547
219605,normal,1879,0,1782361194.4505336,0.001941680908203125
219606,normal,7,0,1782361194.452409,0.0018754005432128906
219607,normal,2913,0,1782361194.454581,0.0021719932556152344
219608,normal,2657,0,1782361194.4564922,0.001911163330078125
219609,normal,1176,0,1782361194.458372,0.0018799304962158203
219610,normal,206,0,1782361194.460586,0.0022139549255371094
219611,normal,2185,0,1782361194.4624975,0.0019114017486572266
219612,normal,3315,1,1782361194.46441,0.0019125938415527344
219613,normal,1885,0,1782361194.46658,0.0021698474884033203
219614,normal,2720,0,1782361194.4684963,0.0019164085388183594
219615,normal,3078,1,1782361194.4704149,0.0019185543060302734
219616,normal,526,0,1782361194.472487,0.0020720958709716797
219617,normal,1458,0,1782361194.474492,0.0020051002502441406
219618,normal,2202,0,1782361194.4764144,0.0019223690032958984
219619,normal,1508,0,1782361194.478586,0.0021715164184570312
219620,normal,1396,0,1782361194.4804966,0.0019106864929199219
219621,normal,3372,1,1782361194.4824128,0.0019161701202392578
219622,normal,1052,0,1782361194.4844944,0.002081632614135742
219623,normal,1072,0,1782361194.4864964,0.0020020008087158203
219624,normal,3141,1,1782361194.4884155,0.0019190311431884766
219625,normal,1603,0,1782361194.490492,0.0020766258239746094
219626,normal,2833,0,1782361194.492491,0.0019989013671875
219627,normal,658,0,1782361194.4944143,0.0019233226776123047
219628,normal,1946,0,1782361194.496491,0.0020766258239746094
219629,normal,3646,0,1782361194.4984999,0.0020089149475097656
219630,normal,2321,0,1782361194.500415,0.0019152164459228516
219631,normal,366,0,1782361194.502499,0.002084016799926758
219632,normal,2631,0,1782361194.5045006,0.002001523971557617
219633,normal,846,2,1782361194.5064056,0.0019049644470214844
219634,normal,2858,0,1782361194.508491,0.002085447311401367
219635,normal,2933,0,1782361194.5105052,0.00201416015625
219636,normal,1668,0,1782361194.5124142,0.001909017562866211
219637,normal,1158,0,1782361194.514502,0.002087831497192383
219638,normal,2921,0,1782361194.516514,0.002012014389038086
219639,normal,2231,0,1782361194.5184157,0.0019016265869140625
219640,normal,1859,0,1782361194.5205026,0.0020868778228759766
219641,normal,2163,0,1782361194.522509,0.00200653076171875
219642,normal,2045,0,1782361194.524411,0.001901865005493164
219643,normal,852,2,1782361194.5265012,0.0020902156829833984
219644,normal,2338,0,1782361194.5285046,0.0020034313201904297
219645,normal,232,0,1782361194.5304096,0.0019049644470214844
219646,normal,3295,1,1782361194.5325055,0.002095937728881836
219647,normal,2242,0,1782361194.5344865,0.001981019973754883
219648,normal,803,2,1782361194.5363603,0.0018737316131591797
219649,normal,1182,0,1782361194.5388038,0.002443552017211914
219650,normal,1620,0,1782361194.540436,0.0016322135925292969
219651,normal,2663,0,1782361194.5425587,0.002122640609741211
219652,normal,2887,0,1782361194.5445504,0.001991748809814453
219653,normal,1153,0,1782361194.546733,0.002182483673095703
219654,normal,2850,0,1782361194.5484037,0.00167083740234375
219655,normal,948,2,1782361194.550775,0.0023713111877441406
219656,normal,2567,0,1782361194.552536,0.0017609596252441406
219657,normal,2745,0,1782361194.5545876,0.0020515918731689453
219658,normal,857,2,1782361194.5565507,0.0019631385803222656
219659,normal,1073,0,1782361194.5584989,0.0019481182098388672
219660,normal,2707,0,1782361194.5603757,0.0018768310546875
219661,normal,3426,0,1782361194.56256,0.0021843910217285156
219662,normal,1512,0,1782361194.5644999,0.0019397735595703125
219663,normal,2749,0,1782361194.5664403,0.0019404888153076172
219664,normal,148,0,1782361194.5687323,0.0022919178009033203
219665,normal,1059,0,1782361194.5705013,0.0017690658569335938
219666,normal,2627,0,1782361194.5724156,0.0019142627716064453
219667,normal,2628,0,1782361194.574582,0.0021665096282958984
219668,normal,3383,1,1782361194.5765,0.0019178390502929688
219669,normal,3422,0,1782361194.5784225,0.001922607421875
219670,normal,2867,0,1782361194.5804093,0.0019867420196533203
219671,normal,616,0,1782361194.5824974,0.0020880699157714844
219672,normal,3632,0,1782361194.5844102,0.001912832260131836
219673,normal,543,0,1782361194.586531,0.0021207332611083984
219674,normal,425,0,1782361194.588501,0.001970052719116211
219675,normal,1243,0,1782361194.5904112,0.0019102096557617188
219676,normal,2085,0,1782361194.5925305,0.002119302749633789
219677,normal,86,0,1782361194.5945008,0.0019702911376953125
219678,normal,1781,0,1782361194.5964084,0.0019075870513916016
219679,normal,1631,0,1782361194.5985413,0.002132892608642578
219680,normal,2899,0,1782361194.6004927,0.001951456069946289
219681,normal,3529,0,1782361194.602414,0.0019211769104003906
219682,normal,1723,0,1782361194.6044888,0.0020749568939208984
219683,normal,759,0,1782361194.606544,0.0020551681518554688
219684,normal,1697,0,1782361194.608375,0.0018310546875
219685,normal,1851,0,1782361194.6105368,0.002161741256713867
219686,normal,417,0,1782361194.6124973,0.0019605159759521484
219687,normal,2574,0,1782361194.6144128,0.0019154548645019531
219688,normal,2698,0,1782361194.6165462,0.0021333694458007812
219689,normal,1183,0,1782361194.6184978,0.0019516944885253906
219690,normal,2261,0,1782361194.6204126,0.0019147396087646484
219691,normal,673,0,1782361194.6225455,0.002132892608642578
219692,normal,3500,0,1782361194.6245022,0.0019567012786865234
219693,normal,133,0,1782361194.6264129,0.0019106864929199219
219694,normal,800,2,1782361194.6285455,0.0021326541900634766
219695,normal,34,0,1782361194.6304996,0.0019540786743164062
219696,normal,2405,0,1782361194.632405,0.0019054412841796875
219697,normal,3664,0,1782361194.6345546,0.0021495819091796875
219698,normal,2162,0,1782361194.636495,0.0019404888153076172
219699,normal,3611,0,1782361194.6384149,0.0019197463989257812
219700,normal,1552,0,1782361194.6404898,0.0020749568939208984
219701,normal,1262,0,1782361194.6425035,0.002013683319091797
219702,normal,1564,0,1782361194.6443744,0.001870870590209961
219703,normal,410,0,1782361194.6465514,0.002177000045776367
219704,normal,512,0,1782361194.648499,0.001947641372680664
219705,normal,3410,0,1782361194.650415,0.0019159317016601562
219706,normal,262,0,1782361194.6525533,0.002138376235961914
219707,normal,955,2,1782361194.6545024,0.0019490718841552734
219708,normal,3597,0,1782361194.6564088,0.0019063949584960938
219709,normal,2349,0,1782361194.6585755,0.002166748046875
219710,normal,326,0,1782361194.6605005,0.0019249916076660156
219711,normal,1166,0,1782361194.6624093,0.0019087791442871094
219712,normal,17,0,1782361194.664574,0.002164602279663086
219713,normal,3647,0,1782361194.6664941,0.0019202232360839844
219714,normal,1464,0,1782361194.6684434,0.001949310302734375
219715,normal,1195,0,1782361194.67058,0.0021364688873291016
219716,normal,1683,0,1782361194.6724987,0.001918792724609375
219717,normal,2963,0,1782361194.6744118,0.0019130706787109375
219718,normal,3626,0,1782361194.6765814,0.0021696090698242188
219719,normal,3421,0,1782361194.6785011,0.0019197463989257812
219720,normal,1729,0,1782361194.6804125,0.0019114017486572266
219721,normal,1270,0,1782361194.6825833,0.0021708011627197266
219722,normal,2264,0,1782361194.6845105,0.0019271373748779297
219723,normal,1800,0,1782361194.6864097,0.0018992424011230469
219724,normal,2440,0,1782361194.688584,0.00217437744140625
219725,normal,3106,1,1782361194.690491,0.0019068717956542969
219726,normal,3657,0,1782361194.6924126,0.0019216537475585938
219727,normal,3349,1,1782361194.6945856,0.0021729469299316406
219728,normal,3179,1,1782361194.6965003,0.0019147396087646484
219729,normal,586,0,1782361194.6984158,0.0019154548645019531
219730,normal,3194,1,1782361194.7005894,0.0021736621856689453
219731,normal,2820,0,1782361194.7025,0.0019106864929199219
219732,normal,2381,0,1782361194.7044115,0.0019114017486572266
219733,normal,1577,0,1782361194.7066102,0.0021986961364746094
219734,normal,2513,0,1782361194.708499,0.0018887519836425781
219735,normal,382,0,1782361194.7103736,0.001874685287475586
219736,normal,538,0,1782361194.7127268,0.002353191375732422
219737,normal,3253,1,1782361194.714525,0.0017981529235839844
219738,normal,1921,0,1782361194.7165527,0.002027750015258789
219739,normal,995,2,1782361194.7185843,0.002031564712524414
219740,normal,2404,0,1782361194.7207398,0.0021555423736572266
219741,normal,68,0,1782361194.7224042,0.0016644001007080078
219742,normal,1416,0,1782361194.7246273,0.0022230148315429688
219743,normal,2854,0,1782361194.7267418,0.002114534378051758
219744,normal,473,0,1782361194.728404,0.0016622543334960938
219745,normal,2198,0,1782361194.7308168,0.0024127960205078125
219746,normal,2650,0,1782361194.7325325,0.0017156600952148438
219747,normal,2702,0,1782361194.7345872,0.0020546913146972656
219748,normal,315,0,1782361194.7365353,0.0019481182098388672
219749,normal,3226,1,1782361194.738747,0.0022115707397460938
219750,normal,613,0,1782361194.7404041,0.001657247543334961
219751,normal,1766,0,1782361194.7427468,0.002342700958251953
219752,normal,3553,0,1782361194.744437,0.0016901493072509766
219753,normal,612,0,1782361194.7467494,0.0023124217987060547
219754,normal,1891,0,1782361194.748413,0.0016636848449707031
219755,normal,2022,0,1782361194.750877,0.002463817596435547
219756,normal,3240,1,1782361194.7525887,0.0017118453979492188
219757,normal,2696,0,1782361194.7545397,0.001950979232788086
219758,normal,2331,0,1782361194.7567537,0.0022139549255371094
219759,normal,1480,0,1782361194.758404,0.0016503334045410156
219760,normal,1293,0,1782361194.7607656,0.0023615360260009766
219761,normal,2243,0,1782361194.76255,0.0017845630645751953
219762,normal,494,0,1782361194.7645938,0.0020437240600585938
219763,normal,1934,0,1782361194.7665446,0.0019507408142089844
219764,normal,1670,0,1782361194.7687402,0.002195596694946289
219765,normal,2050,0,1782361194.7704117,0.0016715526580810547
219766,normal,3472,0,1782361194.7727644,0.0023527145385742188
219767,normal,2520,0,1782361194.7745364,0.0017719268798828125
219768,normal,1127,0,1782361194.7765925,0.002056121826171875
219769,normal,1057,0,1782361194.7785456,0.001953125
219770,normal,1273,0,1782361194.7807388,0.0021932125091552734
219771,normal,1904,0,1782361194.7824118,0.001672983169555664
219772,normal,2943,0,1782361194.7847555,0.0023436546325683594
219773,normal,1141,0,1782361194.786536,0.0017805099487304688
219774,normal,1353,1,1782361194.7885864,0.0020503997802734375
219775,normal,966,2,1782361194.7905524,0.0019659996032714844
219776,normal,1408,0,1782361194.7927313,0.0021789073944091797
219777,normal,595,0,1782361194.7944052,0.0016739368438720703
219778,normal,1983,0,1782361194.796768,0.0023627281188964844
219779,normal,2644,0,1782361194.798534,0.0017659664154052734
219780,normal,2308,0,1782361194.8005922,0.002058267593383789
219781,normal,3316,1,1782361194.8025563,0.001964092254638672
219782,normal,830,2,1782361194.8047435,0.0021872520446777344
219783,normal,610,0,1782361194.8064036,0.0016601085662841797
219784,normal,3585,0,1782361194.8087769,0.002373218536376953
219785,normal,1550,0,1782361194.810538,0.0017611980438232422
219786,normal,1358,1,1782361194.8125274,0.0019893646240234375
219787,normal,1322,1,1782361194.814573,0.0020456314086914062
219788,normal,1364,1,1782361194.8165338,0.00196075439453125
219789,normal,244,0,1782361194.8185933,0.002059459686279297
219790,normal,1888,0,1782361194.8205783,0.0019850730895996094
219791,normal,3691,0,1782361194.8225343,0.0019559860229492188
219792,normal,2621,0,1782361194.8245044,0.001970052719116211
219793,normal,1667,0,1782361194.826501,0.0019965171813964844
219794,normal,478,0,1782361194.8285038,0.0020029544830322266
219795,normal,2190,0,1782361194.8304212,0.0019173622131347656
219796,normal,3373,1,1782361194.832544,0.0021228790283203125
219797,normal,2292,0,1782361194.8344975,0.0019533634185791016
219798,normal,2093,0,1782361194.8364162,0.001918792724609375
219799,normal,312,0,1782361194.8385391,0.0021228790283203125
219800,normal,424,0,1782361194.8405097,0.001970529556274414
219801,normal,1984,0,1782361194.842419,0.0019092559814453125
219802,normal,1056,0,1782361194.8445454,0.002126455307006836
219803,normal,238,0,1782361194.8464994,0.0019540786743164062
219804,normal,1288,0,1782361194.848416,0.001916646957397461
219805,normal,1504,0,1782361194.8505483,0.0021321773529052734
219806,normal,535,0,1782361194.8525028,0.0019545555114746094
219807,normal,2058,0,1782361194.8544195,0.001916646957397461
219808,normal,1009,2,1782361194.856555,0.0021355152130126953
219809,normal,2763,0,1782361194.8584952,0.0019402503967285156
219810,normal,2871,0,1782361194.8604167,0.0019214153289794922
219811,normal,1007,2,1782361194.8625534,0.002136707305908203
219812,normal,222,0,1782361194.864498,0.0019445419311523438
219813,normal,3053,1,1782361194.866418,0.0019199848175048828
219814,normal,2804,0,1782361194.8685539,0.0021359920501708984
219815,normal,2330,0,1782361194.870471,0.001917123794555664
219816,normal,1339,1,1782361194.872414,0.0019431114196777344
219817,normal,3385,1,1782361194.874558,0.00214385986328125
219818,normal,3099,1,1782361194.8764982,0.0019402503967285156
219819,normal,3532,0,1782361194.878427,0.0019288063049316406
219820,normal,2086,0,1782361194.8805578,0.002130746841430664
219821,normal,2260,0,1782361194.8824966,0.0019388198852539062
219822,normal,2909,0,1782361194.8844168,0.0019202232360839844
219823,normal,3446,0,1782361194.8865707,0.0021538734436035156
219824,normal,3377,1,1782361194.8884952,0.0019245147705078125
219825,normal,2423,0,1782361194.8904183,0.0019230842590332031
219826,normal,3540,0,1782361194.8925734,0.0021550655364990234
219827,normal,582,0,1782361194.8945053,0.001931905746459961
219828,normal,1953,0,1782361194.8964174,0.0019121170043945312
219829,normal,1849,0,1782361194.8985908,0.0021734237670898438
219830,normal,2945,0,1782361194.9005046,0.0019137859344482422
219831,normal,1403,0,1782361194.9024153,0.0019106864929199219
219832,normal,1497,0,1782361194.9045913,0.002176046371459961
219833,normal,1854,0,1782361194.906514,0.001922607421875
219834,normal,353,0,1782361194.908414,0.0018999576568603516
219835,normal,1234,0,1782361194.9105806,0.002166748046875
219836,normal,702,0,1782361194.9125001,0.0019195079803466797
219837,normal,456,0,1782361194.914373,0.0018727779388427734
219838,normal,2511,0,1782361194.9166253,0.002252340316772461
219839,normal,2471,0,1782361194.9185076,0.001882314682006836
219840,normal,85,0,1782361194.920418,0.0019104480743408203
219841,normal,3589,0,1782361194.9225893,0.0021712779998779297
219842,normal,1780,0,1782361194.9245,0.0019106864929199219
219843,normal,2844,0,1782361194.926419,0.0019190311431884766
219844,normal,1033,0,1782361194.92859,0.002171039581298828
219845,normal,3368,1,1782361194.930499,0.001909017562866211
219846,normal,2299,0,1782361194.9324183,0.0019192695617675781
219847,normal,2784,0,1782361194.9346197,0.0022013187408447266
219848,normal,1449,0,1782361194.9364927,0.001873016357421875
219849,normal,2737,0,1782361194.9384165,0.0019237995147705078
219850,normal,999,2,1782361194.9405918,0.0021753311157226562
219851,normal,724,0,1782361194.9425,0.0019083023071289062
219852,normal,1235,0,1782361194.944418,0.0019178390502929688
219853,normal,1636,0,1782361194.9465928,0.002174854278564453
219854,normal,187,0,1782361194.9485042,0.0019114017486572266
219855,normal,2319,0,1782361194.9504182,0.0019140243530273438
219856,normal,916,2,1782361194.9524965,0.0020782947540283203
219857,normal,167,0,1782361194.9544988,0.002002239227294922
219858,normal,2489,0,1782361194.9564223,0.0019235610961914062
219859,normal,227,0,1782361194.9585526,0.002130270004272461
219860,normal,1025,2,1782361194.9605045,0.0019519329071044922
219861,normal,3655,0,1782361194.9624183,0.0019137859344482422
219862,normal,2410,0,1782361194.964493,0.002074718475341797
219863,normal,348,0,1782361194.966502,0.0020089149475097656
219864,normal,659,0,1782361194.968416,0.0019140243530273438
219865,normal,2575,0,1782361194.9706557,0.002239704132080078
219866,normal,3030,0,1782361194.9724956,0.0018398761749267578
219867,normal,3608,0,1782361194.9744165,0.001920938491821289
219868,normal,2970,0,1782361194.9765003,0.0020837783813476562
219869,normal,3525,0,1782361194.9784958,0.001995563507080078
219870,normal,2254,0,1782361194.980417,0.0019211769104003906
219871,normal,2687,0,1782361194.9825037,0.002086639404296875
219872,normal,2734,0,1782361194.9844968,0.0019931793212890625
219873,normal,2866,0,1782361194.9864182,0.0019214153289794922
219874,normal,2998,0,1782361194.9885013,0.0020830631256103516
219875,normal,3191,1,1782361194.9904947,0.001993417739868164
219876,normal,3100,1,1782361194.9924152,0.001920461654663086
219877,normal,3199,1,1782361194.9945083,0.002093076705932617
219878,normal,3484,0,1782361194.9965112,0.0020029544830322266
219879,normal,2712,0,1782361194.9984324,0.0019211769104003906
219880,normal,1767,0,1782361195.0005066,0.0020742416381835938
219881,normal,2645,0,1782361195.0024967,0.001990079879760742
219882,normal,3004,0,1782361195.0044224,0.0019257068634033203
219883,normal,1982,0,1782361195.0065246,0.0021021366119384766
219884,normal,868,2,1782361195.0085049,0.001980304718017578
219885,normal,2208,0,1782361195.0104172,0.0019123554229736328
219886,normal,3555,0,1782361195.0125089,0.002091646194458008
219887,normal,2422,0,1782361195.0145001,0.00199127197265625
219888,normal,1993,0,1782361195.0164156,0.0019154548645019531
219889,normal,602,0,1782361195.0185149,0.002099275588989258
219890,normal,3214,1,1782361195.0204937,0.0019788742065429688
219891,normal,2391,0,1782361195.0224206,0.0019268989562988281
219892,normal,157,0,1782361195.0245194,0.0020987987518310547
219893,normal,1773,0,1782361195.026518,0.0019986629486083984
219894,normal,651,0,1782361195.0285006,0.001982450485229492
219895,normal,3433,0,1782361195.0304923,0.001991748809814453
219896,normal,545,0,1782361195.0325124,0.002020120620727539
219897,normal,329,0,1782361195.0344203,0.0019078254699707031
219898,normal,2902,0,1782361195.0365593,0.0021390914916992188
219899,normal,362,0,1782361195.0384974,0.0019381046295166016
219900,normal,897,2,1782361195.040409,0.0019116401672363281
219901,normal,2490,0,1782361195.0425756,0.0021665096282958984
219902,normal,1208,0,1782361195.044518,0.0019423961639404297
219903,normal,838,2,1782361195.0464158,0.0018978118896484375
219904,normal,2472,0,1782361195.048528,0.002112150192260742
219905,normal,970,2,1782361195.050496,0.0019681453704833984
219906,normal,3702,0,1782361195.052501,0.002004861831665039
219907,normal,2546,0,1782361195.0545328,0.0020318031311035156
219908,normal,669,0,1782361195.0565145,0.0019817352294921875
219909,normal,1013,2,1782361195.0584176,0.0019030570983886719
219910,normal,2831,0,1782361195.0605328,0.0021152496337890625
219911,normal,1162,0,1782361195.0624971,0.0019643306732177734
219912,normal,1806,0,1782361195.0645087,0.002011537551879883
219913,normal,2808,0,1782361195.0665364,0.002027750015258789
219914,normal,2173,0,1782361195.068494,0.0019576549530029297
219915,normal,2149,0,1782361195.0704176,0.0019235610961914062
219916,normal,548,0,1782361195.0727477,0.0023300647735595703
219917,normal,1457,0,1782361195.0744483,0.0017006397247314453
219918,normal,48,0,1782361195.0766144,0.0021660327911376953
219919,normal,2160,0,1782361195.0784461,0.0018317699432373047
219920,normal,3541,0,1782361195.0805955,0.002149343490600586
219921,normal,646,0,1782361195.0825214,0.0019259452819824219
219922,normal,2629,0,1782361195.084789,0.002267599105834961
219923,normal,321,0,1782361195.0863974,0.0016083717346191406
219924,normal,2455,0,1782361195.0885108,0.00211334228515625
219925,normal,203,0,1782361195.0903573,0.0018465518951416016
219926,normal,2399,0,1782361195.0925097,0.0021524429321289062
219927,normal,2441,0,1782361195.0943515,0.0018417835235595703
219928,normal,1890,0,1782361195.0963602,0.002008676528930664
219929,normal,3631,0,1782361195.0983624,0.002002239227294922
219930,normal,3187,1,1782361195.1005318,0.002169370651245117
219931,normal,1030,0,1782361195.102365,0.001833200454711914
219932,normal,2483,0,1782361195.1045194,0.0021543502807617188
219933,normal,2012,0,1782361195.106368,0.0018486976623535156
219934,normal,3024,0,1782361195.108322,0.0019538402557373047
219935,normal,2677,0,1782361195.1103108,0.0019888877868652344
219936,normal,2348,0,1782361195.1124134,0.0021026134490966797
219937,normal,1990,0,1782361195.1143231,0.0019097328186035156
219938,normal,1872,0,1782361195.1163418,0.0020186901092529297
219939,normal,2100,0,1782361195.1185102,0.002168416976928711
219940,normal,2342,0,1782361195.1203227,0.0018124580383300781
219941,normal,2040,0,1782361195.1225054,0.0021827220916748047
219942,normal,3283,1,1782361195.1243207,0.0018153190612792969
219943,normal,3375,1,1782361195.1263645,0.0020437240600585938
219944,normal,689,0,1782361195.1283503,0.001985788345336914
219945,normal,43,0,1782361195.1305025,0.0021522045135498047
219946,normal,553,0,1782361195.1323736,0.0018711090087890625
219947,normal,72,0,1782361195.134506,0.002132415771484375
219948,normal,1065,0,1782361195.1363528,0.0018467903137207031
219949,normal,855,2,1782361195.1383748,0.0020220279693603516
219950,normal,2837,0,1782361195.1403494,0.0019745826721191406
219951,normal,938,2,1782361195.1423523,0.0020029544830322266
219952,normal,873,2,1782361195.1443791,0.002026796340942383
219953,normal,1179,0,1782361195.1465082,0.002129077911376953
219954,normal,1261,0,1782361195.1483529,0.001844644546508789
219955,normal,2661,0,1782361195.150381,0.002028226852416992
219956,normal,701,0,1782361195.1523676,0.0019865036010742188
219957,normal,1087,0,1782361195.1545088,0.002141237258911133
219958,normal,2597,0,1782361195.1563525,0.0018436908721923828
219959,normal,2599,0,1782361195.1585116,0.00215911865234375
219960,normal,2769,0,1782361195.1603596,0.001847982406616211
219961,normal,921,2,1782361195.1623528,0.0019931793212890625
219962,normal,1348,1,1782361195.1643553,0.0020024776458740234
219963,normal,1356,1,1782361195.1665096,0.0021543502807617188
219964,normal,3595,0,1782361195.168388,0.0018782615661621094
219965,normal,3046,1,1782361195.1705437,0.002155780792236328
219966,normal,1896,0,1782361195.1723561,0.0018124580383300781
219967,normal,2994,0,1782361195.1743903,0.0020341873168945312
219968,normal,2026,0,1782361195.1763568,0.0019664764404296875
219969,normal,1722,0,1782361195.1785054,0.0021486282348632812
219970,normal,1701,0,1782361195.180394,0.0018885135650634766
219971,normal,2074,0,1782361195.1825118,0.0021178722381591797
219972,normal,3587,0,1782361195.1843524,0.0018405914306640625
219973,normal,1779,0,1782361195.1863952,0.0020427703857421875
219974,normal,3278,1,1782361195.1884072,0.002012014389038086
219975,normal,1561,0,1782361195.1905143,0.0021071434020996094
219976,normal,3025,0,1782361195.1923969,0.0018825531005859375
219977,normal,2876,0,1782361195.1945164,0.0021195411682128906
219978,normal,1329,1,1782361195.1966307,0.0021142959594726562
219979,normal,2705,0,1782361195.1984918,0.0018610954284667969
219980,normal,2442,0,1782361195.2016602,0.003168344497680664
219981,normal,2126,0,1782361195.2025301,0.0008699893951416016
219982,normal,2762,0,1782361195.2044902,0.0019600391387939453
219983,normal,2480,0,1782361195.2064776,0.001987457275390625
219984,normal,2874,0,1782361195.2082956,0.001817941665649414
219985,normal,749,0,1782361195.2103276,0.002032041549682617
219986,normal,3269,1,1782361195.212407,0.002079486846923828
219987,normal,3304,1,1782361195.214449,0.0020418167114257812
219988,normal,1657,0,1782361195.216452,0.0020029544830322266
219989,normal,3031,0,1782361195.2184825,0.002030611038208008
219990,normal,2857,0,1782361195.2203343,0.001851797103881836
219991,normal,3411,0,1782361195.2224133,0.002079010009765625
219992,normal,3489,0,1782361195.2243547,0.0019414424896240234
219993,normal,2674,0,1782361195.2263696,0.0020148754119873047
219994,normal,2806,0,1782361195.2285197,0.0021500587463378906
219995,normal,2642,0,1782361195.2304995,0.001979827880859375
219996,normal,3567,0,1782361195.2323823,0.001882791519165039
219997,normal,3336,1,1782361195.2343903,0.0020079612731933594
219998,normal,3353,1,1782361195.2364807,0.0020904541015625
219999,normal,1797,0,1782361195.2384617,0.001981019973754883
220000,normal,273,0,1782361195.2404616,0.0019998550415039062
220001,normal,639,0,1782361195.242467,0.002005338668823242
220002,normal,1619,0,1782361195.244604,0.0021371841430664062
220003,normal,764,0,1782361195.246405,0.0018007755279541016
220004,normal,2107,0,1782361195.2485914,0.0021865367889404297
220005,normal,570,0,1782361195.250492,0.0019006729125976562
220006,normal,1230,0,1782361195.252474,0.001981973648071289
220007,normal,1226,0,1782361195.2545912,0.002117156982421875
220008,normal,3001,0,1782361195.2563558,0.001764535903930664
220009,normal,3212,1,1782361195.2591443,0.002788543701171875
220010,normal,2512,0,1782361195.260828,0.0016837120056152344
220011,normal,509,0,1782361195.263106,0.0022780895233154297
220012,normal,3469,0,1782361195.2646487,0.0015425682067871094
220013,normal,1743,0,1782361195.2663145,0.0016658306121826172
220014,normal,3230,1,1782361195.2684302,0.0021157264709472656
220015,normal,537,0,1782361195.2706,0.0021698474884033203
220016,normal,3494,0,1782361195.2726166,0.0020165443420410156
220017,normal,1493,0,1782361195.2743058,0.0016891956329345703
220018,normal,1689,0,1782361195.2764826,0.0021767616271972656
220019,normal,2968,0,1782361195.2784922,0.0020096302032470703
220020,normal,3396,1,1782361195.2803664,0.0018742084503173828
220021,normal,3583,0,1782361195.2824914,0.0021250247955322266
220022,normal,440,0,1782361195.2846014,0.002110004425048828
220023,normal,2930,0,1782361195.2864022,0.0018007755279541016
220024,normal,3233,1,1782361195.2884521,0.0020499229431152344
220025,normal,3404,0,1782361195.2904506,0.001998424530029297
220026,normal,221,0,1782361195.2923377,0.0018870830535888672
220027,normal,339,0,1782361195.2944503,0.0021126270294189453
220028,normal,3511,0,1782361195.2964396,0.0019893646240234375
220029,normal,792,2,1782361195.2983854,0.0019457340240478516
220030,normal,2585,0,1782361195.3005083,0.0021228790283203125
220031,normal,188,0,1782361195.3025448,0.002036571502685547
220032,normal,1335,1,1782361195.3044014,0.0018565654754638672
220033,normal,1482,0,1782361195.3064704,0.0020689964294433594
220034,normal,106,0,1782361195.3084698,0.001999378204345703
220035,normal,1649,0,1782361195.310384,0.0019142627716064453
220036,normal,144,0,1782361195.3124475,0.0020635128021240234
220037,normal,3669,0,1782361195.3144367,0.001989126205444336
220038,normal,2456,0,1782361195.316328,0.0018913745880126953
220039,normal,1454,0,1782361195.318495,0.0021669864654541016
220040,normal,757,0,1782361195.3205128,0.0020177364349365234
220041,normal,1621,0,1782361195.3223925,0.0018796920776367188
220042,normal,495,0,1782361195.3245413,0.002148866653442383
220043,normal,841,2,1782361195.3265746,0.002033233642578125
220044,normal,1623,0,1782361195.3284826,0.0019080638885498047
220045,normal,3598,0,1782361195.3305104,0.002027750015258789
220046,normal,44,0,1782361195.3325853,0.0020749568939208984
220047,normal,1963,0,1782361195.3343306,0.0017452239990234375
220048,normal,998,2,1782361195.3364277,0.0020971298217773438
220049,normal,3280,1,1782361195.3384237,0.0019960403442382812
220050,normal,255,0,1782361195.340517,0.0020933151245117188
220051,normal,1042,0,1782361195.342332,0.0018148422241210938
220052,normal,49,0,1782361195.3444133,0.0020813941955566406
220053,normal,180,0,1782361195.3463218,0.0019085407257080078
220054,normal,3339,1,1782361195.3484182,0.002096414566040039
220055,normal,1835,0,1782361195.350681,0.0022628307342529297
220056,normal,3650,0,1782361195.3527348,0.0020537376403808594
220057,normal,3419,0,1782361195.354455,0.0017201900482177734
220058,normal,2494,0,1782361195.3566415,0.0021865367889404297
220059,normal,2358,0,1782361195.3583183,0.001676797866821289
220060,normal,2942,0,1782361195.3605387,0.0022203922271728516
220061,normal,789,2,1782361195.3624659,0.0019271373748779297
220062,normal,1760,0,1782361195.3645957,0.002129793167114258
220063,normal,2010,0,1782361195.366635,0.0020394325256347656
220064,normal,3413,0,1782361195.3685126,0.0018775463104248047
220065,normal,475,0,1782361195.370426,0.001913309097290039
220066,normal,11,0,1782361195.3727753,0.002349376678466797
220067,normal,313,0,1782361195.3744478,0.001672506332397461
220068,normal,959,2,1782361195.3766875,0.002239704132080078
220069,normal,2987,0,1782361195.3786874,0.0019998550415039062
220070,normal,130,0,1782361195.3805375,0.001850128173828125
220071,normal,3308,1,1782361195.3825772,0.002039670944213867
220072,normal,334,0,1782361195.3845527,0.001975536346435547
220073,normal,442,0,1782361195.38663,0.002077341079711914
220074,normal,1147,0,1782361195.3883395,0.0017094612121582031
220075,normal,1193,0,1782361195.3907497,0.0024101734161376953
220076,normal,603,0,1782361195.392653,0.0019032955169677734
220077,normal,1471,0,1782361195.3944623,0.0018093585968017578
220078,normal,1245,0,1782361195.3968575,0.002395153045654297
220079,normal,3271,1,1782361195.399005,0.0021474361419677734
220080,normal,2731,0,1782361195.4004347,0.0014297962188720703
220081,normal,1576,0,1782361195.4025114,0.0020766258239746094
220082,normal,2756,0,1782361195.404513,0.002001523971557617
220083,normal,1699,0,1782361195.4063745,0.001861572265625
220084,normal,3356,1,1782361195.4085462,0.002171754837036133
220085,normal,1516,0,1782361195.4105422,0.0019960403442382812
220086,normal,2217,0,1782361195.412476,0.0019338130950927734
220087,normal,3207,1,1782361195.4146044,0.0021283626556396484
220088,normal,1567,0,1782361195.4166293,0.0020248889923095703
220089,normal,1724,0,1782361195.4185567,0.0019273757934570312
220090,normal,583,0,1782361195.42051,0.0019533634185791016
220091,normal,3265,1,1782361195.422527,0.0020170211791992188
220092,normal,2592,0,1782361195.424515,0.001987934112548828
220093,normal,2478,0,1782361195.426433,0.0019180774688720703
220094,normal,940,2,1782361195.428693,0.002259969711303711
220095,normal,3582,0,1782361195.4303768,0.0016837120056152344
220096,normal,89,0,1782361195.4325447,0.002167940139770508
220097,normal,1361,1,1782361195.4345496,0.002004861831665039
220098,normal,1968,0,1782361195.4363716,0.0018219947814941406
220099,normal,988,2,1782361195.4385462,0.0021746158599853516
220100,normal,1899,0,1782361195.4405742,0.0020279884338378906
220101,normal,2938,0,1782361195.4424732,0.0018990039825439453
220102,normal,1203,0,1782361195.4446182,0.002145051956176758
220103,normal,1952,0,1782361195.4465866,0.0019683837890625
220104,normal,699,0,1782361195.448437,0.0018503665924072266
220105,normal,2888,0,1782361195.4505293,0.0020923614501953125
220106,normal,1227,0,1782361195.4525285,0.0019991397857666016
220107,normal,2291,0,1782361195.4544325,0.0019040107727050781
220108,normal,3431,0,1782361195.4565494,0.0021169185638427734
220109,normal,3681,0,1782361195.4585967,0.002047300338745117
220110,normal,1950,0,1782361195.4609077,0.0023109912872314453
220111,normal,1109,0,1782361195.4623835,0.0014758110046386719
220112,normal,2352,0,1782361195.4645834,0.002199888229370117
220113,normal,1347,1,1782361195.466545,0.0019617080688476562
220114,normal,3081,1,1782361195.4684408,0.0018956661224365234
220115,normal,717,0,1782361195.4705167,0.0020759105682373047
220116,normal,3105,1,1782361195.4724252,0.0019085407257080078
220117,normal,961,2,1782361195.4744563,0.002031087875366211
220118,normal,718,0,1782361195.4766352,0.0021789073944091797
220119,normal,1205,0,1782361195.4784691,0.0018339157104492188
220120,normal,2247,0,1782361195.4806468,0.002177715301513672
220121,normal,762,0,1782361195.4826252,0.0019783973693847656
220122,normal,2568,0,1782361195.484695,0.002069711685180664
220123,normal,3635,0,1782361195.486509,0.001814126968383789
220124,normal,519,0,1782361195.4887412,0.002232074737548828
220125,normal,434,0,1782361195.4906976,0.001956462860107422
220126,normal,3134,1,1782361195.492445,0.0017473697662353516
220127,normal,2719,0,1782361195.4945068,0.0020618438720703125
220128,normal,799,2,1782361195.4964204,0.0019135475158691406
220129,normal,3238,1,1782361195.4985235,0.002103090286254883
220130,normal,2152,0,1782361195.5006437,0.0021202564239501953
220131,normal,3331,1,1782361195.5023422,0.0016984939575195312
220132,normal,3616,0,1782361195.5045025,0.002160310745239258
220133,normal,3346,1,1782361195.5065172,0.002014636993408203
220134,normal,1628,0,1782361195.5089462,0.0024290084838867188
220135,normal,337,0,1782361195.5106099,0.0016636848449707031
220136,normal,1494,0,1782361195.5127084,0.002098560333251953
220137,normal,1858,0,1782361195.514585,0.0018765926361083984
220138,normal,2582,0,1782361195.5163186,0.001733541488647461
220139,normal,2946,0,1782361195.5184283,0.0021097660064697266
220140,normal,1923,0,1782361195.5204427,0.0020143985748291016
220141,normal,250,0,1782361195.522558,0.0021152496337890625
220142,normal,1823,0,1782361195.5249262,0.0023682117462158203
220143,normal,2694,0,1782361195.5264928,0.0015666484832763672
220144,normal,2309,0,1782361195.528522,0.0020291805267333984
220145,normal,1125,0,1782361195.530535,0.002012968063354492
220146,normal,1114,0,1782361195.5324585,0.0019235610961914062
220147,normal,2654,0,1782361195.534342,0.0018835067749023438
220148,normal,2519,0,1782361195.536361,0.0020189285278320312
220149,normal,1804,0,1782361195.5384178,0.0020568370819091797
220150,normal,1417,0,1782361195.5403776,0.0019598007202148438
220151,normal,2064,0,1782361195.5423508,0.0019731521606445312
220152,normal,575,0,1782361195.544595,0.002244234085083008
220153,normal,3227,1,1782361195.5468826,0.002287626266479492
220154,normal,1015,2,1782361195.5483088,0.0014262199401855469
220155,normal,284,0,1782361195.5503724,0.0020635128021240234
220156,normal,3690,0,1782361195.5527396,0.002367258071899414
220157,normal,1326,1,1782361195.554423,0.0016834735870361328
220158,normal,3211,1,1782361195.5564344,0.0020112991333007812
220159,normal,2571,0,1782361195.5585408,0.0021064281463623047
220160,normal,622,0,1782361195.5604587,0.0019178390502929688
220161,normal,560,0,1782361195.5623577,0.0018990039825439453
220162,normal,2274,0,1782361195.5644329,0.0020751953125
220163,normal,1654,0,1782361195.5664473,0.0020143985748291016
220164,normal,1063,0,1782361195.5683599,0.0019125938415527344
220165,normal,3398,1,1782361195.570458,0.00209808349609375
220166,normal,802,2,1782361195.572434,0.00197601318359375
220167,normal,1792,0,1782361195.574341,0.0019071102142333984
220168,normal,2154,0,1782361195.5764897,0.0021486282348632812
220169,normal,1103,0,1782361195.5785227,0.0020329952239990234
220170,normal,1265,0,1782361195.5804455,0.0019228458404541016
220171,normal,2501,0,1782361195.582434,0.0019884109497070312
220172,normal,2205,0,1782361195.5844865,0.0020525455474853516
220173,normal,1129,0,1782361195.586395,0.0019085407257080078
220174,normal,785,2,1782361195.5885842,0.002189159393310547
220175,normal,3042,0,1782361195.5904846,0.0019004344940185547
220176,normal,2170,0,1782361195.5923188,0.0018341541290283203
220177,normal,2839,0,1782361195.5944555,0.002136707305908203
220178,normal,3569,0,1782361195.5964494,0.001993894577026367
220179,normal,3083,1,1782361195.5983517,0.0019023418426513672
220180,normal,1784,0,1782361195.600463,0.002111196517944336
220181,normal,412,0,1782361195.602461,0.0019981861114501953
220182,normal,2127,0,1782361195.6044223,0.001961231231689453
220183,normal,1126,0,1782361195.6065302,0.002107858657836914
220184,normal,1376,1,1782361195.608437,0.0019068717956542969
220185,normal,2842,0,1782361195.6103349,0.0018978118896484375
220186,normal,1340,1,1782361195.6124763,0.0021414756774902344
220187,normal,2266,0,1782361195.614466,0.001989603042602539
220188,normal,132,0,1782361195.6163373,0.001871347427368164
220189,normal,1581,0,1782361195.6184742,0.0021369457244873047
220190,normal,1420,0,1782361195.6205156,0.002041339874267578
220191,normal,798,2,1782361195.6224635,0.0019478797912597656
220192,normal,3673,0,1782361195.6243558,0.0018923282623291016
220193,normal,931,2,1782361195.6264558,0.0020999908447265625
220194,normal,1751,0,1782361195.6283371,0.0018813610076904297
220195,normal,3672,0,1782361195.6304135,0.002076387405395508
220196,normal,392,0,1782361195.6324298,0.002016305923461914
220197,normal,2094,0,1782361195.6343153,0.0018854141235351562
220198,normal,16,0,1782361195.6364455,0.002130270004272461
220199,normal,3471,0,1782361195.6385167,0.0020711421966552734
220200,normal,2957,0,1782361195.640425,0.0019083023071289062
220201,normal,666,0,1782361195.6425881,0.0021631717681884766
220202,normal,1810,0,1782361195.6448193,0.002231121063232422
220203,normal,1,0,1782361195.6463323,0.0015130043029785156
220204,normal,1238,0,1782361195.6484776,0.0021452903747558594
220205,normal,3381,1,1782361195.6506042,0.0021266937255859375
220206,normal,1995,0,1782361195.6524127,0.0018084049224853516
220207,normal,604,0,1782361195.6544566,0.0020439624786376953
220208,normal,1704,0,1782361195.6564574,0.0020008087158203125
220209,normal,1475,0,1782361195.6583326,0.001875162124633789
220210,normal,2186,0,1782361195.6605225,0.0021898746490478516
220211,normal,2394,0,1782361195.6624756,0.001953125
220212,normal,1658,0,1782361195.6643174,0.0018417835235595703
220213,normal,1713,0,1782361195.6664205,0.002103090286254883
220214,normal,2572,0,1782361195.668427,0.00200653076171875
220215,normal,436,0,1782361195.6705387,0.002111673355102539
220216,normal,2593,0,1782361195.6727302,0.0021915435791015625
220217,normal,1725,0,1782361195.6744277,0.001697540283203125
220218,normal,1101,0,1782361195.6764224,0.001994609832763672
220219,normal,569,0,1782361195.6783218,0.0018994808197021484
220220,normal,3389,1,1782361195.6804397,0.0021178722381591797
220221,normal,470,0,1782361195.6823897,0.0019500255584716797
220222,normal,3189,1,1782361195.6846075,0.0022177696228027344
220223,normal,957,2,1782361195.6864681,0.0018606185913085938
220224,normal,3499,0,1782361195.688315,0.0018467903137207031
220225,normal,2143,0,1782361195.6904655,0.0021505355834960938
220226,normal,2786,0,1782361195.6925106,0.002045154571533203
220227,normal,13,0,1782361195.6945841,0.002073526382446289
220228,normal,887,2,1782361195.6965494,0.0019652843475341797
220229,normal,685,0,1782361195.6985781,0.0020287036895751953
220230,normal,2197,0,1782361195.7004445,0.0018663406372070312
220231,normal,460,0,1782361195.7025743,0.002129793167114258
220232,normal,30,0,1782361195.7045345,0.001960277557373047
220233,normal,3285,1,1782361195.7063954,0.0018608570098876953
220234,normal,213,0,1782361195.7088094,0.0024139881134033203
220235,normal,1906,0,1782361195.710496,0.0016865730285644531
220236,normal,670,0,1782361195.7123604,0.0018644332885742188
220237,normal,314,0,1782361195.7145457,0.002185344696044922
220238,normal,2807,0,1782361195.7164707,0.0019249916076660156
220239,normal,236,0,1782361195.7183459,0.001875162124633789
220240,normal,2389,0,1782361195.7204251,0.0020792484283447266
220241,normal,413,0,1782361195.723685,0.003259897232055664
220242,normal,428,0,1782361195.7243464,0.0006613731384277344
220243,normal,3193,1,1782361195.7264462,0.002099752426147461
220244,normal,1877,0,1782361195.7284508,0.0020046234130859375
220245,normal,3619,0,1782361195.7303352,0.00188446044921875
220246,normal,851,2,1782361195.7324653,0.0021300315856933594
220247,normal,3257,1,1782361195.7345426,0.002077341079711914
220248,normal,2554,0,1782361195.7364237,0.0018811225891113281
220249,normal,1591,0,1782361195.7385197,0.002095937728881836
220250,normal,3276,1,1782361195.74043,0.0019104480743408203
220251,normal,291,0,1782361195.7423978,0.0019676685333251953
220252,normal,1299,0,1782361195.7445154,0.002117633819580078
220253,normal,1280,0,1782361195.7465339,0.002018451690673828
220254,normal,956,2,1782361195.74836,0.0018260478973388672
220255,normal,653,0,1782361195.7504463,0.0020864009857177734
220256,normal,520,0,1782361195.7524557,0.0020093917846679688
220257,normal,1758,0,1782361195.7543466,0.0018908977508544922
220258,normal,136,0,1782361195.7564673,0.0021207332611083984
220259,normal,668,0,1782361195.7584689,0.002001523971557617
220260,normal,1423,0,1782361195.760382,0.0019130706787109375
220261,normal,3195,1,1782361195.7625995,0.002217531204223633
220262,normal,2589,0,1782361195.7644808,0.0018813610076904297
220263,normal,2337,0,1782361195.7663136,0.001832723617553711
220264,normal,2886,0,1782361195.7684433,0.002129793167114258
220265,normal,1540,0,1782361195.7704394,0.0019960403442382812
220266,normal,1661,0,1782361195.7723682,0.0019288063049316406
220267,normal,249,0,1782361195.7743616,0.001993417739868164
220268,normal,676,0,1782361195.776513,0.0021514892578125
220269,normal,2153,0,1782361195.778419,0.0019059181213378906
220270,normal,2662,0,1782361195.780553,0.002134084701538086
220271,normal,2296,0,1782361195.782495,0.0019419193267822266
220272,normal,3382,1,1782361195.784368,0.001873016357421875
220273,normal,1163,0,1782361195.7865038,0.002135753631591797
220274,normal,2164,0,1782361195.7884517,0.0019478797912597656
220275,normal,971,2,1782361195.790342,0.001890420913696289
220276,normal,2967,0,1782361195.7924376,0.002095460891723633
220277,normal,310,0,1782361195.794482,0.0020444393157958984
220278,normal,265,0,1782361195.7964282,0.0019462108612060547
220279,normal,1331,1,1782361195.7984905,0.0020623207092285156
220280,normal,340,0,1782361195.8004904,0.0019998550415039062
220281,normal,2390,0,1782361195.8024898,0.001999378204345703
220282,normal,3620,0,1782361195.8045256,0.002035856246948242
220283,normal,2912,0,1782361195.8066401,0.002114534378051758
220284,normal,2025,0,1782361195.808504,0.0018639564514160156
220285,normal,94,0,1782361195.810335,0.0018308162689208984
220286,normal,1538,0,1782361195.8124542,0.002119302749633789
220287,normal,261,0,1782361195.8143475,0.0018932819366455078
220288,normal,555,0,1782361195.8165195,0.0021719932556152344
220289,normal,601,0,1782361195.8184469,0.0019273757934570312
220290,normal,1662,0,1782361195.820318,0.0018711090087890625
220291,normal,849,2,1782361195.8224192,0.0021011829376220703
220292,normal,480,0,1782361195.8244185,0.001999378204345703
220293,normal,433,0,1782361195.8267891,0.002370595932006836
220294,normal,40,0,1782361195.828493,0.0017039775848388672
220295,normal,223,0,1782361195.8305357,0.002042531967163086
220296,normal,3458,0,1782361195.8324213,0.0018856525421142578
220297,normal,3502,0,1782361195.8344476,0.0020263195037841797
220298,normal,2971,0,1782361195.8364463,0.0019986629486083984
220299,normal,231,0,1782361195.838345,0.0018987655639648438
220300,normal,2584,0,1782361195.8404999,0.002154827117919922
220301,normal,2354,0,1782361195.8425808,0.0020809173583984375
220302,normal,3563,0,1782361195.844318,0.0017371177673339844
220303,normal,982,2,1782361195.8464286,0.002110719680786133
220304,normal,3080,1,1782361195.8484485,0.0020198822021484375
220305,normal,3443,0,1782361195.8503556,0.0019071102142333984
220306,normal,1735,0,1782361195.852693,0.0023374557495117188
220307,normal,1168,0,1782361195.854617,0.0019240379333496094
220308,normal,178,0,1782361195.856435,0.001817941665649414
220309,normal,386,0,1782361195.858448,0.002012968063354492
220310,normal,725,0,1782361195.8605604,0.0021123886108398438
220311,normal,73,0,1782361195.8624501,0.0018897056579589844
220312,normal,1170,0,1782361195.8643486,0.0018985271453857422
220313,normal,2552,0,1782361195.8664346,0.0020859241485595703
220314,normal,1941,0,1782361195.8683274,0.0018928050994873047
220315,normal,1812,0,1782361195.8704762,0.002148866653442383
220316,normal,1345,1,1782361195.8725293,0.0020530223846435547
220317,normal,2044,0,1782361195.8744643,0.0019350051879882812
220318,normal,3393,1,1782361195.876474,0.0020096302032470703
220319,normal,3220,1,1782361195.8786335,0.002159595489501953
220320,normal,3337,1,1782361195.8803394,0.0017058849334716797
220321,normal,422,0,1782361195.8824532,0.002113819122314453
220322,normal,441,0,1782361195.8846567,0.0022034645080566406
220323,normal,1551,0,1782361195.8865554,0.0018987655639648438
220324,normal,530,0,1782361195.8886082,0.002052783966064453
220325,normal,2973,0,1782361195.8905332,0.0019249916076660156
220326,normal,3167,1,1782361195.8924289,0.0018956661224365234
220327,normal,1490,0,1782361195.8945572,0.0021283626556396484
220328,normal,1249,0,1782361195.8965404,0.001983165740966797
220329,normal,642,0,1782361195.8988352,0.002294778823852539
220330,normal,795,2,1782361195.9003115,0.001476287841796875
220331,normal,3361,1,1782361195.9024777,0.002166271209716797
220332,normal,2683,0,1782361195.9043627,0.0018849372863769531
220333,normal,3210,1,1782361195.9064736,0.0021109580993652344
220334,normal,2089,0,1782361195.9084582,0.0019845962524414062
220335,normal,727,0,1782361195.91036,0.001901865005493164
220336,normal,1379,1,1782361195.912476,0.002115964889526367
220337,normal,3679,0,1782361195.9145255,0.0020494461059570312
220338,normal,1799,0,1782361195.9163857,0.0018601417541503906
220339,normal,3604,0,1782361195.9183567,0.001971006393432617
220340,normal,3007,0,1782361195.92047,0.00211334228515625
220341,normal,3703,0,1782361195.9223413,0.001871347427368164
220342,normal,2128,0,1782361195.9244795,0.0021381378173828125
220343,normal,2454,0,1782361195.9264665,0.001986980438232422
220344,normal,2112,0,1782361195.9283626,0.0018961429595947266
220345,normal,2209,0,1782361195.930526,0.002163410186767578
220346,normal,174,0,1782361195.9328368,0.0023107528686523438
220347,normal,2891,0,1782361195.9343383,0.0015015602111816406
220348,normal,3016,0,1782361195.9364781,0.0021398067474365234
220349,normal,862,2,1782361195.9384897,0.002011537551879883
220350,normal,1969,0,1782361195.9403794,0.0018897056579589844
220351,normal,146,0,1782361195.9424503,0.002070903778076172
220352,normal,3609,0,1782361195.9444404,0.001990079879760742
220353,normal,2562,0,1782361195.9463232,0.001882791519165039
220354,normal,1821,0,1782361195.9485006,0.0021774768829345703
220355,normal,1786,0,1782361195.9505084,0.002007722854614258
220356,normal,3408,0,1782361195.9523785,0.0018701553344726562
220357,normal,1836,0,1782361195.9545739,0.0021953582763671875
220358,normal,200,0,1782361195.9565964,0.0020225048065185547
220359,normal,3143,1,1782361195.9585042,0.0019078254699707031
220360,normal,1989,0,1782361195.9603739,0.0018696784973144531
220361,normal,3439,0,1782361195.9625862,0.0022122859954833984
220362,normal,739,0,1782361195.9645598,0.0019736289978027344
220363,normal,618,0,1782361195.9663785,0.0018186569213867188
220364,normal,1678,0,1782361195.9684405,0.002062082290649414
220365,normal,193,0,1782361195.9703333,0.0018928050994873047
220366,normal,2226,0,1782361195.9724343,0.0021009445190429688
220367,normal,2780,0,1782361195.9746146,0.002180337905883789
220368,normal,1874,0,1782361195.9763207,0.0017061233520507812
220369,normal,2244,0,1782361195.9784322,0.0021114349365234375
220370,normal,3063,1,1782361195.980436,0.002003908157348633
220371,normal,1499,0,1782361195.9823275,0.0018913745880126953
220372,normal,2551,0,1782361195.9848135,0.002485990524291992
220373,normal,147,0,1782361195.9865084,0.0016949176788330078
220374,normal,1292,0,1782361195.9884243,0.0019159317016601562
220375,normal,1378,1,1782361195.9906862,0.0022618770599365234
220376,normal,754,0,1782361195.9923496,0.0016634464263916016
220377,normal,1901,0,1782361195.994463,0.00211334228515625
220378,normal,993,2,1782361195.996356,0.0018930435180664062
220379,normal,665,0,1782361195.9985008,0.0021448135375976562
220380,normal,937,2,1782361196.0007885,0.002287626266479492
220381,normal,635,0,1782361196.00243,0.0016415119171142578
220382,normal,2795,0,1782361196.0044506,0.002020597457885742
220383,normal,2668,0,1782361196.0063345,0.0018839836120605469
220384,normal,3188,1,1782361196.008468,0.0021333694458007812
220385,normal,3415,0,1782361196.010487,0.002019166946411133
220386,normal,342,0,1782361196.0123622,0.001875162124633789
220387,normal,2544,0,1782361196.014471,0.0021088123321533203
220388,normal,2215,0,1782361196.0165052,0.0020341873168945312
220389,normal,3274,1,1782361196.0183449,0.0018396377563476562
220390,normal,833,2,1782361196.020865,0.0025200843811035156
220391,normal,2019,0,1782361196.0230656,0.002200603485107422
220392,normal,631,0,1782361196.0243902,0.0013246536254882812
220393,normal,773,2,1782361196.026835,0.002444744110107422
220394,normal,2715,0,1782361196.0286162,0.0017812252044677734
220395,normal,1548,0,1782361196.0304518,0.0018355846405029297
220396,normal,3066,1,1782361196.0328572,0.002405405044555664
220397,normal,2814,0,1782361196.034506,0.0016489028930664062
220398,normal,1304,0,1782361196.0363252,0.0018191337585449219
220399,normal,2851,0,1782361196.03844,0.0021147727966308594
220400,normal,3324,1,1782361196.0404754,0.002035379409790039
220401,normal,205,0,1782361196.0423303,0.0018548965454101562
220402,normal,3037,0,1782361196.0444732,0.0021429061889648438
220403,normal,679,0,1782361196.0464797,0.00200653076171875
220404,normal,1269,0,1782361196.0483618,0.0018820762634277344
220405,normal,1929,0,1782361196.0503452,0.0019834041595458984
220406,normal,979,2,1782361196.052465,0.002119779586791992
220407,normal,1913,0,1782361196.054388,0.0019230842590332031
220408,normal,3267,1,1782361196.0565424,0.0021543502807617188
220409,normal,3224,1,1782361196.0585558,0.0020134449005126953
220410,normal,729,0,1782361196.0603602,0.001804351806640625
220411,normal,1720,0,1782361196.0624764,0.0021162033081054688
220412,normal,1829,0,1782361196.064528,0.0020515918731689453
220413,normal,1727,0,1782361196.0664043,0.0018763542175292969
220414,normal,1774,0,1782361196.068551,0.0021467208862304688
220415,normal,3146,1,1782361196.0704358,0.0018846988677978516
220416,normal,1709,0,1782361196.0726035,0.0021677017211914062
220417,normal,2131,0,1782361196.0744367,0.001833200454711914
220418,normal,2303,0,1782361196.0766397,0.0022029876708984375
220419,normal,183,0,1782361196.0784054,0.0017657279968261719
220420,normal,210,0,1782361196.0806189,0.0022134780883789062
220421,normal,2538,0,1782361196.082613,0.0019941329956054688
220422,normal,3020,0,1782361196.0844846,0.0018715858459472656
220423,normal,439,0,1782361196.0865738,0.002089262008666992
220424,normal,3166,1,1782361196.0885992,0.0020253658294677734
220425,normal,2161,0,1782361196.0904665,0.0018672943115234375
220426,normal,1100,0,1782361196.0925841,0.002117633819580078
220427,normal,1312,0,1782361196.0945828,0.0019986629486083984
220428,normal,274,0,1782361196.096464,0.0018811225891113281
220429,normal,1271,0,1782361196.0985825,0.0021185874938964844
220430,normal,2612,0,1782361196.100635,0.0020525455474853516
220431,normal,498,0,1782361196.1025379,0.0019028186798095703
220432,normal,528,0,1782361196.1046968,0.0021588802337646484
220433,normal,2001,0,1782361196.106493,0.0017962455749511719
220434,normal,3186,1,1782361196.1086078,0.0021147727966308594
220435,normal,131,0,1782361196.110493,0.0018851757049560547
220436,normal,1405,0,1782361196.112547,0.002053976058959961
220437,normal,2617,0,1782361196.1144638,0.0019168853759765625
220438,normal,1598,0,1782361196.1165495,0.0020856857299804688
220439,normal,2951,0,1782361196.11855,0.002000570297241211
220440,normal,552,0,1782361196.1203954,0.0018453598022460938
220441,normal,2272,0,1782361196.1226213,0.0022258758544921875
220442,normal,1737,0,1782361196.1247044,0.0020830631256103516
220443,normal,3519,0,1782361196.1265407,0.0018362998962402344
220444,normal,3649,0,1782361196.128898,0.0023572444915771484
220445,normal,27,0,1782361196.1305106,0.0016126632690429688
220446,normal,1782,0,1782361196.13265,0.0021393299102783203
220447,normal,2133,0,1782361196.1345491,0.0018992424011230469
220448,normal,3245,1,1782361196.1367357,0.0021865367889404297
220449,normal,1343,1,1782361196.13835,0.0016143321990966797
220450,normal,3359,1,1782361196.140543,0.002192974090576172
220451,normal,2648,0,1782361196.1425471,0.0020041465759277344
220452,normal,3114,1,1782361196.1444485,0.001901388168334961
220453,normal,1200,0,1782361196.146743,0.0022945404052734375
220454,normal,1233,0,1782361196.1484568,0.0017137527465820312
220455,normal,1175,0,1782361196.150544,0.002087116241455078
220456,normal,2812,0,1782361196.1524458,0.001901865005493164
220457,normal,3228,1,1782361196.1545467,0.0021009445190429688
220458,normal,2988,0,1782361196.156743,0.0021963119506835938
220459,normal,1600,0,1782361196.158839,0.002095937728881836
220460,normal,3481,0,1782361196.160603,0.001764059066772461
220461,normal,3400,1,1782361196.16236,0.001756906509399414
220462,normal,3441,0,1782361196.1645498,0.0021898746490478516
220463,normal,929,2,1782361196.1665814,0.002031564712524414
220464,normal,2111,0,1782361196.168461,0.0018796920776367188
220465,normal,900,2,1782361196.1707504,0.002289295196533203
220466,normal,1542,0,1782361196.1724803,0.0017299652099609375
220467,normal,2051,0,1782361196.174551,0.0020706653594970703
220468,normal,1410,0,1782361196.1764638,0.001912832260131836
220469,normal,3554,0,1782361196.1785939,0.0021300315856933594
220470,normal,3239,1,1782361196.1804948,0.0019009113311767578
220471,normal,976,2,1782361196.1827497,0.002254962921142578
220472,normal,3492,0,1782361196.1847615,0.0020117759704589844
220473,normal,1413,0,1782361196.1864586,0.0016970634460449219
220474,normal,3087,1,1782361196.1886897,0.002231121063232422
220475,normal,1281,0,1782361196.1905751,0.0018854141235351562
220476,normal,1436,0,1782361196.192484,0.0019087791442871094
220477,normal,154,0,1782361196.1945574,0.002073526382446289
220478,normal,3675,0,1782361196.1968505,0.002293109893798828
220479,normal,3644,0,1782361196.1985972,0.0017466545104980469
220480,normal,3528,0,1782361196.2005482,0.001950979232788086
220481,normal,2411,0,1782361196.2027967,0.002248525619506836
220482,normal,626,0,1782361196.2047677,0.001971006393432617
220483,normal,1824,0,1782361196.2064955,0.0017278194427490234
220484,normal,2069,0,1782361196.208544,0.002048492431640625
220485,normal,3558,0,1782361196.2104695,0.0019254684448242188
220486,normal,1138,0,1782361196.2124662,0.001996755599975586
220487,normal,1856,0,1782361196.2144847,0.002018451690673828
220488,normal,3,0,1782361196.2165875,0.0021028518676757812
220489,normal,1655,0,1782361196.2184634,0.0018758773803710938
220490,normal,3618,0,1782361196.2205484,0.002084970474243164
220491,normal,1907,0,1782361196.2223895,0.0018410682678222656
220492,normal,3325,1,1782361196.2246268,0.0022373199462890625
220493,normal,152,0,1782361196.226658,0.0020313262939453125
220494,normal,2436,0,1782361196.2284667,0.0018086433410644531
220495,normal,1211,0,1782361196.2305405,0.0020737648010253906
220496,normal,1439,0,1782361196.2326097,0.002069234848022461
220497,normal,1222,0,1782361196.2345035,0.001893758773803711
220498,normal,1573,0,1782361196.2366514,0.0021479129791259766
220499,normal,2787,0,1782361196.2385259,0.0018744468688964844
220500,normal,2431,0,1782361196.2404652,0.0019392967224121094
220501,normal,3251,1,1782361196.2424684,0.002003192901611328
220502,normal,2219,0,1782361196.2445858,0.0021173954010009766
220503,normal,1489,0,1782361196.2464633,0.0018775463104248047
220504,normal,890,2,1782361196.248496,0.002032756805419922
220505,normal,149,0,1782361196.2505944,0.0020983219146728516
220506,normal,3692,0,1782361196.2524,0.0018055438995361328
220507,normal,2017,0,1782361196.254742,0.0023419857025146484
220508,normal,2,0,1782361196.2564726,0.0017306804656982422
220509,normal,1705,0,1782361196.2585742,0.0021016597747802734
220510,normal,1505,0,1782361196.2604635,0.0018892288208007812
220511,normal,3139,1,1782361196.2625754,0.0021119117736816406
220512,normal,590,0,1782361196.2644618,0.0018863677978515625
220513,normal,2859,0,1782361196.2664788,0.0020170211791992188
220514,normal,723,0,1782361196.268643,0.002164125442504883
220515,normal,394,0,1782361196.270441,0.0017981529235839844
220516,normal,791,2,1782361196.2726538,0.0022127628326416016
220517,normal,1545,0,1782361196.2745047,0.0018508434295654297
220518,normal,2872,0,1782361196.2765825,0.002077817916870117
220519,normal,3514,0,1782361196.2784674,0.0018849372863769531
220520,normal,1077,0,1782361196.2806432,0.0021758079528808594
220521,normal,2739,0,1782361196.282469,0.0018258094787597656
220522,normal,3262,1,1782361196.2844746,0.0020055770874023438
220523,normal,1285,0,1782361196.286556,0.0020813941955566406
220524,normal,1608,0,1782361196.2884507,0.0018947124481201172
220525,normal,847,2,1782361196.2906847,0.0022339820861816406
220526,normal,2829,0,1782361196.2925217,0.001837015151977539
220527,normal,524,0,1782361196.2946458,0.0021240711212158203
220528,normal,2364,0,1782361196.2965522,0.0019063949584960938
220529,normal,1822,0,1782361196.298769,0.002216815948486328
220530,normal,2530,0,1782361196.300584,0.0018150806427001953
220531,normal,1321,1,1782361196.3027148,0.002130746841430664
220532,normal,87,0,1782361196.3046827,0.001967906951904297
220533,normal,2409,0,1782361196.3063762,0.0016934871673583984
220534,normal,3596,0,1782361196.3085594,0.002183198928833008
220535,normal,1920,0,1782361196.3105586,0.0019991397857666016
220536,normal,3222,1,1782361196.3125596,0.002001047134399414
220537,normal,738,0,1782361196.3146899,0.002130270004272461
220538,normal,563,0,1782361196.3164463,0.001756429672241211
220539,normal,2443,0,1782361196.318541,0.002094745635986328
220540,normal,1369,1,1782361196.3205464,0.002005338668823242
220541,normal,2684,0,1782361196.3225586,0.0020122528076171875
220542,normal,1585,0,1782361196.3248646,0.0023059844970703125
220543,normal,1677,0,1782361196.3265686,0.0017039775848388672
220544,normal,2727,0,1782361196.3287504,0.0021817684173583984
220545,normal,3150,1,1782361196.3306172,0.0018668174743652344
220546,normal,3394,1,1782361196.3324654,0.0018482208251953125
220547,normal,251,0,1782361196.334579,0.0021135807037353516
220548,normal,1622,0,1782361196.3364651,0.001886129379272461
220549,normal,266,0,1782361196.338581,0.002115964889526367
220550,normal,783,2,1782361196.340632,0.0020508766174316406
220551,normal,381,0,1782361196.342524,0.00189208984375
220552,normal,354,0,1782361196.3445318,0.002007722854614258
220553,normal,3677,0,1782361196.3465533,0.0020215511322021484
220554,normal,429,0,1782361196.3486075,0.0020542144775390625
220555,normal,3140,1,1782361196.35042,0.0018124580383300781
220556,normal,1082,0,1782361196.3526938,0.0022737979888916016
220557,normal,2717,0,1782361196.3544583,0.001764535903930664
220558,normal,3660,0,1782361196.3566341,0.0021758079528808594
220559,normal,1498,0,1782361196.358698,0.002063751220703125
220560,normal,1570,0,1782361196.3604455,0.0017476081848144531
220561,normal,3516,0,1782361196.3627455,0.0023000240325927734
220562,normal,529,0,1782361196.3645248,0.001779317855834961
220563,normal,1021,2,1782361196.3663542,0.001829385757446289
220564,normal,1791,0,1782361196.3685443,0.002190113067626953
220565,normal,2004,0,1782361196.3705513,0.002007007598876953
220566,normal,2425,0,1782361196.3724976,0.0019462108612060547
220567,normal,385,0,1782361196.3744614,0.0019638538360595703
220568,normal,902,2,1782361196.3767438,0.002282381057739258
220569,normal,3674,0,1782361196.3784668,0.0017230510711669922
220570,normal,2675,0,1782361196.3806818,0.0022149085998535156
220571,normal,834,2,1782361196.3824515,0.0017697811126708984
220572,normal,1392,0,1782361196.384549,0.0020973682403564453
220573,normal,2475,0,1782361196.3866885,0.002139568328857422
220574,normal,100,0,1782361196.3887208,0.0020322799682617188
220575,normal,1415,0,1782361196.3907213,0.002000570297241211
220576,normal,936,2,1782361196.3924513,0.0017299652099609375
220577,normal,2015,0,1782361196.3946528,0.002201557159423828
220578,normal,1459,0,1782361196.3963943,0.0017414093017578125
220579,normal,2437,0,1782361196.3986938,0.0022995471954345703
220580,normal,840,2,1782361196.400867,0.002173185348510742
220581,normal,1111,0,1782361196.4023263,0.001459360122680664
220582,normal,1827,0,1782361196.4044695,0.0021431446075439453
220583,normal,811,2,1782361196.406484,0.0020143985748291016
220584,normal,297,0,1782361196.4083228,0.0018389225006103516
220585,normal,872,2,1782361196.4104502,0.002127408981323242
220586,normal,1909,0,1782361196.4126253,0.0021750926971435547
220587,normal,3129,1,1782361196.4144845,0.0018591880798339844
220588,normal,2329,0,1782361196.4164977,0.0020132064819335938
220589,normal,784,2,1782361196.4185176,0.0020198822021484375
220590,normal,2618,0,1782361196.4203377,0.0018200874328613281
220591,normal,712,0,1782361196.4227195,0.0023818016052246094
220592,normal,3170,1,1782361196.4244173,0.0016977787017822266
220593,normal,1409,0,1782361196.4264648,0.0020475387573242188
220594,normal,2196,0,1782361196.428592,0.0021271705627441406
220595,normal,1739,0,1782361196.4303575,0.0017654895782470703
220596,normal,3136,1,1782361196.4324996,0.002142190933227539
220597,normal,695,0,1782361196.4346886,0.0021889209747314453
220598,normal,1282,0,1782361196.4366045,0.0019159317016601562
220599,normal,2362,0,1782361196.4383903,0.0017857551574707031
220600,normal,3488,0,1782361196.4405942,0.0022039413452148438
220601,normal,1272,0,1782361196.4426892,0.0020949840545654297
220602,normal,2301,0,1782361196.4443552,0.0016660690307617188
220603,normal,2073,0,1782361196.4465468,0.0021915435791015625
220604,normal,1519,0,1782361196.4485486,0.0020017623901367188
220605,normal,1199,0,1782361196.4504452,0.0018966197967529297
220606,normal,405,0,1782361196.4527402,0.0022950172424316406
220607,normal,2434,0,1782361196.4545126,0.0017724037170410156
220608,normal,514,0,1782361196.456501,0.0019884109497070312
220609,normal,163,0,1782361196.4586217,0.0021207332611083984
220610,normal,1975,0,1782361196.4607632,0.0021414756774902344
220611,normal,1707,0,1782361196.4625893,0.0018260478973388672
220612,normal,1372,1,1782361196.4645233,0.001934051513671875
220613,normal,656,0,1782361196.4667516,0.002228260040283203
220614,normal,2150,0,1782361196.4685783,0.0018267631530761719
220615,normal,1028,2,1782361196.4704974,0.0019190311431884766
220616,normal,896,2,1782361196.47254,0.002042531967163086
220617,normal,517,0,1782361196.4744248,0.0018849372863769531
220618,normal,2180,0,1782361196.4764585,0.002033710479736328
220619,normal,484,0,1782361196.4788349,0.0023763179779052734
220620,normal,2151,0,1782361196.4803467,0.0015118122100830078
220621,normal,151,0,1782361196.4825354,0.0021886825561523438
220622,normal,1495,0,1782361196.484537,0.002001523971557617
220623,normal,1431,0,1782361196.4864414,0.0019044876098632812
220624,normal,885,2,1782361196.4890103,0.002568960189819336
220625,normal,1074,0,1782361196.4906476,0.0016372203826904297
220626,normal,1047,0,1782361196.4924364,0.0017888545989990234
220627,normal,3209,1,1782361196.4947925,0.0023560523986816406
220628,normal,2485,0,1782361196.496454,0.001661539077758789
220629,normal,3543,0,1782361196.498462,0.0020079612731933594
220630,normal,1590,0,1782361196.500586,0.0021240711212158203
220631,normal,2174,0,1782361196.5025897,0.0020036697387695312
220632,normal,458,0,1782361196.504955,0.0023653507232666016
220633,normal,399,0,1782361196.506512,0.0015568733215332031
220634,normal,1419,0,1782361196.50855,0.0020380020141601562
220635,normal,3566,0,1782361196.5104485,0.0018985271453857422
220636,normal,2723,0,1782361196.512478,0.0020296573638916016
220637,normal,3490,0,1782361196.5145838,0.002105712890625
220638,normal,2101,0,1782361196.516484,0.0019001960754394531
220639,normal,2048,0,1782361196.5185497,0.0020656585693359375
220640,normal,2525,0,1782361196.5206292,0.002079486846923828
220641,normal,2747,0,1782361196.5223775,0.0017483234405517578
220642,normal,2596,0,1782361196.5248585,0.0024809837341308594
220643,normal,2250,0,1782361196.5272555,0.0023970603942871094
220644,normal,2246,0,1782361196.5285025,0.0012469291687011719
220645,normal,761,0,1782361196.5308123,0.0023097991943359375
220646,normal,2777,0,1782361196.5328243,0.002012014389038086
220647,normal,2024,0,1782361196.5345395,0.0017151832580566406
220648,normal,3057,1,1782361196.5367987,0.0022592544555664062
220649,normal,1302,0,1782361196.5387177,0.0019190311431884766
220650,normal,1611,0,1782361196.540372,0.0016541481018066406
220651,normal,742,0,1782361196.5425422,0.0021703243255615234
220652,normal,1881,0,1782361196.5445387,0.0019965171813964844
220653,normal,2706,0,1782361196.5464387,0.0018999576568603516
220654,normal,95,0,1782361196.548469,0.0020303726196289062
220655,normal,2961,0,1782361196.550582,0.002112865447998047
220656,normal,3322,1,1782361196.552462,0.0018801689147949219
220657,normal,3231,1,1782361196.5545518,0.0020897388458251953
220658,normal,1932,0,1782361196.556557,0.0020051002502441406
220659,normal,1514,0,1782361196.558499,0.0019421577453613281
220660,normal,3577,0,1782361196.5606484,0.002149343490600586
220661,normal,489,0,1782361196.5627043,0.0020558834075927734
220662,normal,3352,1,1782361196.5643845,0.001680135726928711
220663,normal,1071,0,1782361196.5665817,0.002197265625
220664,normal,92,0,1782361196.568629,0.002047300338745117
220665,normal,371,0,1782361196.5705373,0.0019083023071289062
220666,normal,2652,0,1782361196.5725837,0.002046346664428711
220667,normal,2931,0,1782361196.57455,0.001966238021850586
220668,normal,3486,0,1782361196.5764601,0.0019102096557617188
220669,normal,2911,0,1782361196.5783787,0.0019185543060302734
220670,normal,2038,0,1782361196.5805745,0.0021958351135253906
220671,normal,2613,0,1782361196.5824673,0.0018928050994873047
220672,normal,1404,0,1782361196.5845916,0.002124309539794922
220673,normal,869,2,1782361196.5865955,0.002003908157348633
220674,normal,3449,0,1782361196.5884876,0.00189208984375
220675,normal,99,0,1782361196.5906954,0.0022077560424804688
220676,normal,3424,0,1782361196.5924609,0.0017654895782470703
220677,normal,924,2,1782361196.5945861,0.002125263214111328
220678,normal,2234,0,1782361196.5964565,0.0018703937530517578
220679,normal,1031,0,1782361196.598574,0.0021173954010009766
220680,normal,3427,0,1782361196.6005838,0.002009868621826172
220681,normal,327,0,1782361196.6024644,0.001880645751953125
220682,normal,2492,0,1782361196.6046238,0.0021593570709228516
220683,normal,1761,0,1782361196.6064496,0.0018258094787597656
220684,normal,2984,0,1782361196.6086462,0.0021965503692626953
220685,normal,1681,0,1782361196.6105897,0.0019435882568359375
220686,normal,1511,0,1782361196.6124756,0.0018858909606933594
220687,normal,2334,0,1782361196.614603,0.002127408981323242
220688,normal,3621,0,1782361196.6165478,0.0019447803497314453
220689,normal,1486,0,1782361196.6184487,0.0019009113311767578
220690,normal,1802,0,1782361196.620548,0.002099275588989258
220691,normal,3148,1,1782361196.622549,0.002001047134399414
220692,normal,3630,0,1782361196.624486,0.0019369125366210938
220693,normal,573,0,1782361196.626702,0.0022161006927490234
220694,normal,272,0,1782361196.6285307,0.0018286705017089844
220695,normal,625,0,1782361196.6305554,0.0020246505737304688
220696,normal,356,0,1782361196.6326196,0.002064228057861328
220697,normal,2775,0,1782361196.6347961,0.002176523208618164
220698,normal,175,0,1782361196.6364481,0.0016520023345947266
220699,normal,2863,0,1782361196.638783,0.0023348331451416016
220700,normal,2466,0,1782361196.6406546,0.0018715858459472656
220701,normal,2177,0,1782361196.6423523,0.0016977787017822266
220702,normal,286,0,1782361196.644547,0.002194643020629883
220703,normal,2678,0,1782361196.6465383,0.00199127197265625
220704,normal,2376,0,1782361196.6484425,0.0019042491912841797
220705,normal,46,0,1782361196.6506186,0.002176046371459961
220706,normal,2781,0,1782361196.6525896,0.001971006393432617
220707,normal,967,2,1782361196.6544454,0.0018558502197265625
220708,normal,2586,0,1782361196.6565533,0.002107858657836914
220709,normal,3126,1,1782361196.6585429,0.001989603042602539
220710,normal,542,0,1782361196.6604493,0.0019063949584960938
220711,normal,2142,0,1782361196.663134,0.0026848316192626953
220712,normal,3454,0,1782361196.6644979,0.0013637542724609375
220713,normal,1555,0,1782361196.666556,0.0020580291748046875
220714,normal,3132,1,1782361196.6684473,0.0018913745880126953
220715,normal,1313,0,1782361196.670559,0.002111673355102539
220716,normal,559,0,1782361196.6724775,0.0019185543060302734
220717,normal,3440,0,1782361196.674743,0.002265453338623047
220718,normal,3606,0,1782361196.676483,0.0017399787902832031
220719,normal,844,2,1782361196.6784663,0.0019834041595458984
220720,normal,1276,0,1782361196.680462,0.001995563507080078
220721,normal,1381,1,1782361196.6826108,0.002148866653442383
220722,normal,497,0,1782361196.684481,0.0018701553344726562
220723,normal,888,2,1782361196.6868265,0.002345561981201172
220724,normal,1996,0,1782361196.6886523,0.0018258094787597656
220725,normal,1035,0,1782361196.6904914,0.0018391609191894531
220726,normal,3345,1,1782361196.6927128,0.002221345901489258
220727,normal,965,2,1782361196.694548,0.0018351078033447266
220728,normal,3594,0,1782361196.6964812,0.0019333362579345703
220729,normal,6,0,1782361196.698489,0.002007722854614258
220730,normal,2855,0,1782361196.7007866,0.002297639846801758
220731,normal,2919,0,1782361196.7026157,0.0018291473388671875
220732,normal,2543,0,1782361196.7045596,0.001943826675415039
220733,normal,2020,0,1782361196.7066276,0.002068042755126953
220734,normal,2843,0,1782361196.7087326,0.0021049976348876953
220735,normal,1748,0,1782361196.7104948,0.0017621517181396484
220736,normal,619,0,1782361196.7124672,0.0019724369049072266
220737,normal,571,0,1782361196.7145875,0.0021202564239501953
220738,normal,2495,0,1782361196.716448,0.0018606185913085938
220739,normal,1000,2,1782361196.7185779,0.002129793167114258
220740,normal,1469,0,1782361196.7204192,0.0018413066864013672
220741,normal,2275,0,1782361196.722572,0.0021529197692871094
220742,normal,2615,0,1782361196.7245522,0.0019800662994384766
220743,normal,3061,1,1782361196.7264512,0.0018990039825439453
220744,normal,155,0,1782361196.728593,0.0021419525146484375
220745,normal,3177,1,1782361196.730636,0.0020427703857421875
220746,normal,2726,0,1782361196.7325451,0.0019092559814453125
220747,normal,2764,0,1782361196.734428,0.001882791519165039
220748,normal,15,0,1782361196.736552,0.0021240711212158203
220749,normal,309,0,1782361196.7385037,0.0019516944885253906
220750,normal,2540,0,1782361196.7406363,0.0021326541900634766
220751,normal,3497,0,1782361196.7426596,0.0020232200622558594
220752,normal,1189,0,1782361196.7443926,0.0017330646514892578
220753,normal,3697,0,1782361196.746547,0.0021543502807617188
220754,normal,3572,0,1782361196.7485774,0.0020303726196289062
220755,normal,3573,0,1782361196.7504787,0.001901388168334961
220756,normal,3219,1,1782361196.752465,0.001986265182495117
220757,normal,2497,0,1782361196.7545867,0.0021216869354248047
220758,normal,2118,0,1782361196.756496,0.0019092559814453125
220759,normal,2521,0,1782361196.7584975,0.002001523971557617
220760,normal,585,0,1782361196.7606986,0.002201080322265625
220761,normal,3131,1,1782361196.7623653,0.0016667842864990234
220762,normal,3367,1,1782361196.7645552,0.0021898746490478516
220763,normal,75,0,1782361196.7665575,0.002002239227294922
220764,normal,2479,0,1782361196.7684655,0.0019080638885498047
220765,normal,1357,1,1782361196.7705777,0.002112150192260742
220766,normal,1746,0,1782361196.772743,0.0021653175354003906
220767,normal,2305,0,1782361196.7745113,0.001768350601196289
220768,normal,1785,0,1782361196.7765253,0.0020139217376708984
220769,normal,2883,0,1782361196.7787926,0.0022673606872558594
220770,normal,1484,0,1782361196.7805169,0.0017242431640625
220771,normal,3622,0,1782361196.7824712,0.001954317092895508
220772,normal,3430,0,1782361196.7845876,0.0021164417266845703
220773,normal,1692,0,1782361196.7864935,0.0019059181213378906
220774,normal,2790,0,1782361196.7885523,0.002058744430541992
220775,normal,3164,1,1782361196.7905805,0.002028226852416992
220776,normal,3364,1,1782361196.7924519,0.001871347427368164
220777,normal,3205,1,1782361196.7945986,0.0021467208862304688
220778,normal,471,0,1782361196.796687,0.002088308334350586
220779,normal,1257,0,1782361196.7984,0.0017130374908447266
220780,normal,3115,1,1782361196.80066,0.002259969711303711
220781,normal,3688,0,1782361196.8025775,0.0019176006317138672
220782,normal,3495,0,1782361196.804544,0.0019664764404296875
220783,normal,2427,0,1782361196.8066158,0.002071857452392578
220784,normal,557,0,1782361196.808844,0.002228260040283203
220785,normal,3048,1,1782361196.8105285,0.001684427261352539
220786,normal,3384,1,1782361196.8124595,0.0019309520721435547
220787,normal,810,2,1782361196.8146038,0.002144336700439453
220788,normal,1653,0,1782361196.8164618,0.0018579959869384766
220789,normal,3162,1,1782361196.8184688,0.002007007598876953
220790,normal,1377,1,1782361196.8207943,0.0023255348205566406
220791,normal,3152,1,1782361196.8223517,0.0015573501586914062
220792,normal,3260,1,1782361196.824539,0.0021872520446777344
220793,normal,45,0,1782361196.8265502,0.0020112991333007812
220794,normal,996,2,1782361196.8284583,0.0019080638885498047
220795,normal,1517,0,1782361196.8308887,0.002430438995361328
220796,normal,1133,0,1782361196.832603,0.0017142295837402344
220797,normal,1095,0,1782361196.8344693,0.0018663406372070312
220798,normal,96,0,1782361196.8366601,0.002190828323364258
220799,normal,455,0,1782361196.8384635,0.0018033981323242188
220800,normal,3653,0,1782361196.8405812,0.002117633819580078
220801,normal,79,0,1782361196.8424685,0.0018873214721679688
220802,normal,3579,0,1782361196.8445833,0.0021147727966308594
220803,normal,768,0,1782361196.8466008,0.002017498016357422
220804,normal,256,0,1782361196.8483906,0.0017898082733154297
220805,normal,2881,0,1782361196.8505435,0.0021529197692871094
220806,normal,293,0,1782361196.8524544,0.0019109249114990234
220807,normal,2959,0,1782361196.8544645,0.0020101070404052734
220808,normal,190,0,1782361196.856554,0.0020895004272460938
220809,normal,3350,1,1782361196.8587267,0.002172708511352539
220810,normal,2355,0,1782361196.8606336,0.0019068717956542969
220811,normal,70,0,1782361196.8627243,0.0020906925201416016
220812,normal,1532,0,1782361196.8644533,0.0017290115356445312
220813,normal,211,0,1782361196.8666983,0.0022449493408203125
220814,normal,2450,0,1782361196.8685787,0.0018804073333740234
220815,normal,3378,1,1782361196.870392,0.0018134117126464844
220816,normal,1079,0,1782361196.8725398,0.002147674560546875
220817,normal,985,2,1782361196.8744857,0.0019459724426269531
220818,normal,568,0,1782361196.8765888,0.002103090286254883
220819,normal,2057,0,1782361196.87851,0.0019211769104003906
220820,normal,886,2,1782361196.8807104,0.0022003650665283203
220821,normal,2634,0,1782361196.8824713,0.0017609596252441406
220822,normal,657,0,1782361196.8847215,0.002250194549560547
220823,normal,2673,0,1782361196.886456,0.0017344951629638672
220824,normal,3603,0,1782361196.888405,0.0019490718841552734
220825,normal,2357,0,1782361196.8907578,0.0023527145385742188
220826,normal,2637,0,1782361196.8925297,0.0017719268798828125
220827,normal,242,0,1782361196.894518,0.0019881725311279297
220828,normal,3279,1,1782361196.89646,0.0019421577453613281
220829,normal,3509,0,1782361196.8984804,0.0020203590393066406
220830,normal,2281,0,1782361196.9005263,0.002045869827270508
220831,normal,2477,0,1782361196.9023964,0.0018701553344726562
220832,normal,2533,0,1782361196.904896,0.0024995803833007812
220833,normal,2759,0,1782361196.906351,0.001455068588256836
220834,normal,3335,1,1782361196.9084532,0.0021021366119384766
220835,normal,617,0,1782361196.9104593,0.002006053924560547
220836,normal,2906,0,1782361196.9124503,0.0019910335540771484
220837,normal,3444,0,1782361196.914464,0.002013683319091797
220838,normal,383,0,1782361196.9164643,0.0020003318786621094
220839,normal,1741,0,1782361196.9184132,0.0019488334655761719
220840,normal,567,0,1782361196.920477,0.002063751220703125
220841,normal,2772,0,1782361196.9225237,0.002046823501586914
220842,normal,33,0,1782361196.9243302,0.001806497573852539
220843,normal,1523,0,1782361196.9267185,0.0023882389068603516
220844,normal,3014,0,1782361196.9285903,0.0018718242645263672
220845,normal,2054,0,1782361196.930368,0.00177764892578125
220846,normal,986,2,1782361196.9325588,0.002190828323364258
220847,normal,2966,0,1782361196.9345582,0.001999378204345703
220848,normal,3330,1,1782361196.9364932,0.0019350051879882812
220849,normal,14,0,1782361196.9385304,0.0020372867584228516
220850,normal,139,0,1782361196.9407735,0.0022430419921875
220851,normal,863,2,1782361196.9423842,0.0016107559204101562
220852,normal,3676,0,1782361196.9446285,0.002244234085083008
220853,normal,3038,0,1782361196.9466393,0.002010822296142578
220854,normal,415,0,1782361196.9483528,0.0017135143280029297
220855,normal,1866,0,1782361196.950595,0.0022420883178710938
220856,normal,1020,2,1782361196.9525504,0.0019555091857910156
220857,normal,1531,0,1782361196.9544466,0.0018961429595947266
220858,normal,3425,0,1782361196.9567418,0.002295255661010742
220859,normal,1595,0,1782361196.9585032,0.0017614364624023438
220860,normal,663,0,1782361196.9606545,0.0021512508392333984
220861,normal,1882,0,1782361196.9625182,0.001863718032836914
220862,normal,1055,0,1782361196.964753,0.0022346973419189453
220863,normal,2774,0,1782361196.9665484,0.0017955303192138672
220864,normal,2785,0,1782361196.9685373,0.0019888877868652344
220865,normal,958,2,1782361196.970755,0.0022177696228027344
220866,normal,1426,0,1782361196.9726326,0.0018775463104248047
220867,normal,116,0,1782361196.9744542,0.0018215179443359375
220868,normal,2868,0,1782361196.9765434,0.002089262008666992
220869,normal,283,0,1782361196.9784453,0.001901865005493164
220870,normal,2294,0,1782361196.9805439,0.002098560333251953
220871,normal,753,0,1782361196.9828048,0.002260923385620117
220872,normal,2914,0,1782361196.9843578,0.0015530586242675781
220873,normal,1694,0,1782361196.9865334,0.002175569534301758
220874,normal,1629,0,1782361196.9885378,0.002004384994506836
220875,normal,660,0,1782361196.9904456,0.0019078254699707031
220876,normal,1445,0,1782361196.992998,0.0025522708892822266
220877,normal,1900,0,1782361196.9946046,0.0016067028045654297
220878,normal,825,2,1782361196.9964268,0.0018222332000732422
220879,normal,1267,0,1782361196.998676,0.0022492408752441406
220880,normal,3599,0,1782361197.000455,0.0017788410186767578
220881,normal,1895,0,1782361197.002557,0.0021021366119384766
220882,normal,1180,0,1782361197.0044682,0.001911163330078125
220883,normal,20,0,1782361197.0065904,0.002122163772583008
220884,normal,3623,0,1782361197.008985,0.0023946762084960938
220885,normal,88,0,1782361197.0104282,0.0014431476593017578
220886,normal,1536,0,1782361197.0125477,0.0021195411682128906
220887,normal,1019,2,1782361197.0144598,0.0019121170043945312
220888,normal,1327,1,1782361197.0164583,0.001998424530029297
220889,normal,903,2,1782361197.018584,0.0021257400512695312
220890,normal,69,0,1782361197.0204954,0.0019114017486572266
220891,normal,2087,0,1782361197.0223918,0.0018963813781738281
220892,normal,166,0,1782361197.0245047,0.002112865447998047
220893,normal,652,0,1782361197.026494,0.0019893646240234375
220894,normal,21,0,1782361197.028873,0.0023789405822753906
220895,normal,598,0,1782361197.0312426,0.0023696422576904297
220896,normal,877,2,1782361197.0324633,0.001220703125
220897,normal,2225,0,1782361197.034838,0.0023746490478515625
220898,normal,3108,1,1782361197.036796,0.001958131790161133
220899,normal,127,0,1782361197.0384955,0.0016994476318359375
220900,normal,1046,0,1782361197.0409648,0.002469301223754883
220901,normal,1049,0,1782361197.0426388,0.0016739368438720703
220902,normal,1878,0,1782361197.0443537,0.001714944839477539
220903,normal,2271,0,1782361197.0465403,0.0021865367889404297
220904,normal,2630,0,1782361197.0485375,0.001997232437133789
220905,normal,2452,0,1782361197.0503519,0.0018143653869628906
220906,normal,2670,0,1782361197.0525558,0.0022039413452148438
220907,normal,282,0,1782361197.0545585,0.002002716064453125
220908,normal,352,0,1782361197.0564718,0.001913309097290039
220909,normal,1967,0,1782361197.0584455,0.0019736289978027344
220910,normal,3082,1,1782361197.0605485,0.002103090286254883
220911,normal,2802,0,1782361197.0625045,0.0019559860229492188
220912,normal,1945,0,1782361197.0646431,0.0021386146545410156
220913,normal,2098,0,1782361197.066659,0.002015829086303711
220914,normal,2709,0,1782361197.0683806,0.0017216205596923828
220915,normal,2218,0,1782361197.0705848,0.0022041797637939453
220916,normal,3294,1,1782361197.0724704,0.0018856525421142578
220917,normal,1424,0,1782361197.0744362,0.001965761184692383
220918,normal,1575,0,1782361197.076616,0.002179861068725586
220919,normal,1762,0,1782361197.0784366,0.0018205642700195312
220920,normal,2952,0,1782361197.0802813,0.001844644546508789
220921,normal,2318,0,1782361197.0823295,0.0020482540130615234
220922,normal,2252,0,1782361197.0843277,0.0019981861114501953
220923,normal,351,0,1782361197.0863547,0.0020270347595214844
220924,normal,304,0,1782361197.0883043,0.0019495487213134766
220925,normal,443,0,1782361197.0904438,0.002139568328857422
220926,normal,1054,0,1782361197.0924597,0.002015829086303711
220927,normal,661,0,1782361197.0944715,0.0020117759704589844
220928,normal,1384,0,1782361197.0964887,0.0020172595977783203
220929,normal,141,0,1782361197.0983853,0.0018966197967529297
220930,normal,623,0,1782361197.1004345,0.0020492076873779297
220931,normal,2748,0,1782361197.1023626,0.001928091049194336
220932,normal,882,2,1782361197.104434,0.002071380615234375
220933,normal,3709,0,1782361197.1064312,0.001997232437133789
220934,normal,3088,1,1782361197.1084359,0.0020046234130859375
220935,normal,693,0,1782361197.1104867,0.0020508766174316406
220936,normal,2714,0,1782361197.1124644,0.001977682113647461
220937,normal,3266,1,1782361197.1145222,0.002057790756225586
220938,normal,137,0,1782361197.116335,0.0018126964569091797
220939,normal,281,0,1782361197.118488,0.002153158187866211
220940,normal,113,0,1782361197.1204627,0.0019745826721191406
220941,normal,1421,0,1782361197.1224477,0.0019850730895996094
220942,normal,1663,0,1782361197.1243966,0.0019488334655761719
220943,normal,735,0,1782361197.1264284,0.0020318031311035156
220944,normal,1308,0,1782361197.1284359,0.0020074844360351562
220945,normal,1254,0,1782361197.1305237,0.002087831497192383
220946,normal,3121,1,1782361197.132459,0.0019352436065673828
220947,normal,1360,1,1782361197.1344967,0.0020377635955810547
220948,normal,3641,0,1782361197.1364079,0.001911163330078125
220949,normal,624,0,1782361197.1386547,0.002246856689453125
220950,normal,22,0,1782361197.1403785,0.0017237663269042969
220951,normal,3678,0,1782361197.1424756,0.0020971298217773438
220952,normal,2088,0,1782361197.1445324,0.0020568370819091797
220953,normal,2200,0,1782361197.1464186,0.001886129379272461
220954,normal,3682,0,1782361197.148435,0.0020165443420410156
220955,normal,128,0,1782361197.15043,0.0019948482513427734
220956,normal,3663,0,1782361197.1524231,0.0019931793212890625
220957,normal,1994,0,1782361197.1544225,0.001999378204345703
220958,normal,2488,0,1782361197.1565332,0.002110719680786133
220959,normal,1818,0,1782361197.1583335,0.0018002986907958984
220960,normal,2885,0,1782361197.160433,0.0020995140075683594
220961,normal,987,2,1782361197.162424,0.0019910335540771484
220962,normal,476,0,1782361197.1644235,0.001999378204345703
220963,normal,3526,0,1782361197.1664429,0.0020194053649902344
220964,normal,172,0,1782361197.1688876,0.002444744110107422
220965,normal,3581,0,1782361197.1704571,0.001569509506225586
220966,normal,3348,1,1782361197.1724179,0.00196075439453125
220967,normal,2374,0,1782361197.1744452,0.002027273178100586
220968,normal,1117,0,1782361197.1764421,0.0019969940185546875
220969,normal,3079,1,1782361197.178401,0.0019588470458984375
220970,normal,2287,0,1782361197.1806507,0.0022497177124023438
220971,normal,2941,0,1782361197.1823416,0.0016908645629882812
220972,normal,515,0,1782361197.1844387,0.0020971298217773438
220973,normal,169,0,1782361197.1865003,0.002061605453491211
220974,normal,1371,1,1782361197.1884222,0.0019218921661376953
220975,normal,376,0,1782361197.1904583,0.0020360946655273438
220976,normal,1803,0,1782361197.1926472,0.0021889209747314453
220977,normal,3145,1,1782361197.194554,0.0019068717956542969
220978,normal,2954,0,1782361197.1965468,0.0019927024841308594
220979,normal,3547,0,1782361197.1985354,0.001988649368286133
220980,normal,3291,1,1782361197.2004325,0.0018970966339111328
220981,normal,1682,0,1782361197.2025354,0.0021028518676757812
220982,normal,2958,0,1782361197.2044268,0.0018913745880126953
220983,normal,3460,0,1782361197.2067196,0.0022928714752197266
220984,normal,2175,0,1782361197.208467,0.0017473697662353516
220985,normal,814,2,1782361197.2105107,0.0020437240600585938
220986,normal,1637,0,1782361197.2125297,0.0020189285278320312
220987,normal,247,0,1782361197.214695,0.0021653175354003906
220988,normal,704,0,1782361197.2164028,0.0017077922821044922
220989,normal,3096,1,1782361197.2184205,0.0020177364349365234
220990,normal,3686,0,1782361197.2204206,0.002000093460083008
220991,normal,2901,0,1782361197.2224302,0.0020096302032470703
220992,normal,2832,0,1782361197.2244313,0.002001047134399414
220993,normal,2476,0,1782361197.2265153,0.002084016799926758
220994,normal,547,0,1782361197.2284775,0.0019621849060058594
220995,normal,2031,0,1782361197.2303722,0.0018947124481201172
220996,normal,1883,0,1782361197.232478,0.002105712890625
220997,normal,3539,0,1782361197.23463,0.0021522045135498047
220998,normal,843,2,1782361197.23653,0.0018999576568603516
220999,normal,3142,1,1782361197.2385902,0.0020601749420166016
221000,normal,1747,0,1782361197.2405558,0.0019655227661132812
221001,normal,2138,0,1782361197.2424326,0.0018768310546875
221002,normal,1534,0,1782361197.244621,0.002188444137573242
221003,normal,3428,0,1782361197.246463,0.0018420219421386719
221004,normal,1864,0,1782361197.2486584,0.0021953582763671875
221005,normal,2836,0,1782361197.2503996,0.001741170883178711
221006,normal,2125,0,1782361197.2524498,0.002050161361694336
221007,normal,629,0,1782361197.2544816,0.0020318031311035156
221008,normal,1601,0,1782361197.25642,0.0019383430480957031
221009,normal,1337,1,1782361197.2584515,0.002031564712524414
221010,normal,305,0,1782361197.260452,0.002000570297241211
221011,normal,1793,0,1782361197.2624233,0.0019712448120117188
221012,normal,3340,1,1782361197.2644634,0.0020401477813720703
221013,normal,778,2,1782361197.2664938,0.0020303726196289062
221014,normal,2469,0,1782361197.2683153,0.0018215179443359375
221015,normal,1659,0,1782361197.2704358,0.002120494842529297
221016,normal,2300,0,1782361197.2723444,0.0019085407257080078
221017,normal,3155,1,1782361197.2744348,0.0020904541015625
221018,normal,1456,0,1782361197.2764597,0.0020248889923095703
221019,normal,2068,0,1782361197.278428,0.0019683837890625
221020,normal,372,0,1782361197.2805445,0.0021164417266845703
221021,normal,1268,0,1782361197.282504,0.001959562301635742
221022,normal,1165,0,1782361197.2844,0.001895904541015625
221023,normal,1236,0,1782361197.286472,0.0020720958709716797
221024,normal,2688,0,1782361197.2884562,0.001984119415283203
221025,normal,531,0,1782361197.2904618,0.0020055770874023438
221026,normal,507,0,1782361197.2924352,0.001973390579223633
221027,normal,3405,0,1782361197.2944293,0.0019941329956054688
221028,normal,122,0,1782361197.2964993,0.0020699501037597656
221029,normal,765,0,1782361197.2983713,0.0018720626831054688
221030,normal,3101,1,1782361197.300479,0.0021076202392578125
221031,normal,2458,0,1782361197.3024654,0.0019865036010742188
221032,normal,3109,1,1782361197.3043873,0.0019218921661376953
221033,normal,3169,1,1782361197.3065,0.0021126270294189453
221034,normal,1210,0,1782361197.3084514,0.001951456069946289
221035,normal,2505,0,1782361197.3107145,0.0022630691528320312
221036,normal,1905,0,1782361197.3124957,0.0017812252044677734
221037,normal,2518,0,1782361197.314531,0.002035379409790039
221038,normal,698,0,1782361197.3164365,0.0019054412841796875
221039,normal,609,0,1782361197.3184383,0.0020017623901367188
221040,normal,1124,0,1782361197.3204455,0.0020072460174560547
221041,normal,1503,0,1782361197.322402,0.001956462860107422
221042,normal,2818,0,1782361197.32446,0.0020580291748046875
221043,normal,827,2,1782361197.3265362,0.0020761489868164062
221044,normal,1643,0,1782361197.3283103,0.0017740726470947266
221045,normal,747,0,1782361197.3304245,0.0021142959594726562
221046,normal,3470,0,1782361197.3324232,0.0019986629486083984
221047,normal,1039,0,1782361197.33442,0.001996755599975586
221048,normal,871,2,1782361197.3366287,0.002208709716796875
221049,normal,2221,0,1782361197.3384528,0.0018241405487060547
221050,normal,1638,0,1782361197.3405848,0.002131938934326172
221051,normal,1716,0,1782361197.3424525,0.0018677711486816406
221052,normal,3416,0,1782361197.3444529,0.0020003318786621094
221053,normal,648,0,1782361197.3464453,0.001992464065551758
221054,normal,3045,1,1782361197.3484347,0.0019893646240234375
221055,normal,3420,0,1782361197.3504024,0.0019676685333251953
221056,normal,2500,0,1782361197.3526402,0.0022377967834472656
221057,normal,2870,0,1782361197.354464,0.0018239021301269531
221058,normal,2830,0,1782361197.3564234,0.0019593238830566406
221059,normal,953,2,1782361197.3584483,0.0020248889923095703
221060,normal,263,0,1782361197.360423,0.001974821090698242
221061,normal,815,2,1782361197.3624341,0.0020110607147216797
221062,normal,3281,1,1782361197.3647325,0.0022983551025390625
221063,normal,457,0,1782361197.3668132,0.002080678939819336
221064,normal,485,0,1782361197.3684833,0.0016701221466064453
221065,normal,1154,0,1782361197.3706522,0.002168893814086914
221066,normal,1614,0,1782361197.372554,0.001901865005493164
221067,normal,647,0,1782361197.3744879,0.0019338130950927734
221068,normal,3592,0,1782361197.3765554,0.00206756591796875
221069,normal,2578,0,1782361197.3785052,0.0019497871398925781
221070,normal,1177,0,1782361197.3804398,0.0019345283508300781
221071,normal,611,0,1782361197.3825917,0.002151966094970703
221072,normal,407,0,1782361197.3846312,0.0020394325256347656
221073,normal,3610,0,1782361197.3865838,0.0019526481628417969
221074,normal,2976,0,1782361197.3884676,0.0018837451934814453
221075,normal,202,0,1782361197.3908374,0.0023698806762695312
221076,normal,513,0,1782361197.3923783,0.0015408992767333984
221077,normal,911,2,1782361197.3945518,0.0021734237670898438
221078,normal,1865,0,1782361197.3966887,0.0021369457244873047
221079,normal,3154,1,1782361197.3987515,0.0020627975463867188
221080,normal,2124,0,1782361197.4006374,0.0018858909606933594
221081,normal,2210,0,1782361197.4027045,0.002067089080810547
221082,normal,2270,0,1782361197.404423,0.0017185211181640625
221083,normal,807,2,1782361197.406714,0.002290964126586914
221084,normal,2445,0,1782361197.4085453,0.0018312931060791016
221085,normal,2983,0,1782361197.4108648,0.0023195743560791016
221086,normal,3607,0,1782361197.4124715,0.0016067028045654297
221087,normal,3695,0,1782361197.4145896,0.0021181106567382812
221088,normal,2106,0,1782361197.4163895,0.0017998218536376953
221089,normal,2295,0,1782361197.418428,0.0020384788513183594
221090,normal,3638,0,1782361197.4204676,0.002039670944213867
221091,normal,2524,0,1782361197.4225392,0.0020716190338134766
221092,normal,3023,0,1782361197.4243276,0.0017883777618408203
221093,normal,2625,0,1782361197.4264696,0.0021419525146484375
221094,normal,2638,0,1782361197.4286542,0.002184629440307617
221095,normal,1136,0,1782361197.4305,0.0018458366394042969
221096,normal,3684,0,1782361197.4325573,0.002057313919067383
221097,normal,2751,0,1782361197.4344559,0.0018985271453857422
221098,normal,107,0,1782361197.436554,0.00209808349609375
221099,normal,3468,0,1782361197.4385562,0.002002239227294922
221100,normal,597,0,1782361197.440455,0.0018987655639648438
221101,normal,467,0,1782361197.442588,0.0021331310272216797
221102,normal,893,2,1782361197.4446297,0.0020415782928466797
221103,normal,1910,0,1782361197.4468546,0.0022249221801757812
221104,normal,2910,0,1782361197.448388,0.00153350830078125
221105,normal,521,0,1782361197.4505894,0.0022013187408447266
221106,normal,3009,0,1782361197.4524844,0.0018949508666992188
221107,normal,3397,1,1782361197.4545205,0.0020360946655273438
221108,normal,3552,0,1782361197.4565454,0.0020248889923095703
221109,normal,1605,0,1782361197.4584413,0.001895904541015625
221110,normal,1027,2,1782361197.4605389,0.002097606658935547
221111,normal,1461,0,1782361197.4626474,0.0021085739135742188
221112,normal,1855,0,1782361197.4645054,0.0018579959869384766
221113,normal,307,0,1782361197.466622,0.002116680145263672
221114,normal,2547,0,1782361197.468729,0.002106904983520508
221115,normal,1832,0,1782361197.4705164,0.001787424087524414
221116,normal,1455,0,1782361197.4728372,0.0023207664489746094
221117,normal,2758,0,1782361197.4744911,0.001653909683227539
221118,normal,2873,0,1782361197.4766154,0.002124309539794922
221119,normal,2893,0,1782361197.478507,0.0018916130065917969
221120,normal,3659,0,1782361197.480653,0.002146005630493164
221121,normal,2335,0,1782361197.4823475,0.0016944408416748047
221122,normal,932,2,1782361197.4845345,0.002187013626098633
221123,normal,716,0,1782361197.4865367,0.002002239227294922
221124,normal,691,0,1782361197.4887779,0.0022411346435546875
221125,normal,711,0,1782361197.4903479,0.001569986343383789
221126,normal,1187,0,1782361197.4925458,0.0021979808807373047
221127,normal,2007,0,1782361197.4944327,0.0018868446350097656
221128,normal,867,2,1782361197.4965317,0.0020990371704101562
221129,normal,1679,0,1782361197.49893,0.002398252487182617
221130,normal,2932,0,1782361197.5006254,0.001695394515991211
221131,normal,409,0,1782361197.5025263,0.0019009113311767578
221132,normal,1229,0,1782361197.5048544,0.002328157424926758
221133,normal,3334,1,1782361197.5063748,0.001520395278930664
221134,normal,1433,0,1782361197.5085566,0.0021817684173583984
221135,normal,3652,0,1782361197.5105581,0.002001523971557617
221136,normal,641,0,1782361197.5124626,0.0019044876098632812
221137,normal,1160,0,1782361197.5147572,0.0022945404052734375
221138,normal,2735,0,1782361197.516592,0.001834869384765625
221139,normal,1186,0,1782361197.5183537,0.0017616748809814453
221140,normal,2347,0,1782361197.520542,0.0021882057189941406
221141,normal,2236,0,1782361197.5225544,0.002012491226196289
221142,normal,1295,0,1782361197.5243719,0.001817464828491211
221143,normal,2695,0,1782361197.5265799,0.0022079944610595703
221144,normal,3312,1,1782361197.5286255,0.0020456314086914062
221145,normal,1870,0,1782361197.5305195,0.0018939971923828125
221146,normal,1688,0,1782361197.5324864,0.0019669532775878906
221147,normal,997,2,1782361197.5347621,0.002275705337524414
221148,normal,722,0,1782361197.5371282,0.0023660659790039062
221149,normal,1443,0,1782361197.538646,0.0015177726745605469
221150,normal,3071,1,1782361197.5407531,0.0021071434020996094
221151,normal,1110,0,1782361197.5429046,0.0021514892578125
221152,normal,3455,0,1782361197.544628,0.0017232894897460938
221153,normal,737,0,1782361197.5468423,0.0022144317626953125
221154,normal,215,0,1782361197.548556,0.0017137527465820312
221155,normal,1368,1,1782361197.5504935,0.0019373893737792969
221156,normal,1535,0,1782361197.5525413,0.0020477771759033203
221157,normal,1745,0,1782361197.554439,0.0018978118896484375
221158,normal,1096,0,1782361197.55653,0.002090930938720703
221159,normal,1988,0,1782361197.5585043,0.001974344253540039
221160,normal,2580,0,1782361197.5604649,0.0019605159759521484
221161,normal,1775,0,1782361197.5624723,0.0020074844360351562
221162,normal,228,0,1782361197.5645485,0.0020761489868164062
221163,normal,1592,0,1782361197.5663593,0.0018107891082763672
221164,normal,831,2,1782361197.568592,0.002232789993286133
221165,normal,917,2,1782361197.570647,0.002054929733276367
221166,normal,1252,0,1782361197.5724616,0.0018146038055419922
221167,normal,1220,0,1782361197.5745103,0.0020487308502197266
221168,normal,3479,0,1782361197.5765781,0.0020678043365478516
221169,normal,2761,0,1782361197.578514,0.0019359588623046875
221170,normal,1518,0,1782361197.580538,0.002023935317993164
221171,normal,121,0,1782361197.5826952,0.0021572113037109375
221172,normal,2895,0,1782361197.5843804,0.0016851425170898438
221173,normal,3069,1,1782361197.5865448,0.0021643638610839844
221174,normal,715,0,1782361197.588556,0.0020112991333007812
221175,normal,605,0,1782361197.5904634,0.0019073486328125
221176,normal,303,0,1782361197.5925531,0.0020897388458251953
221177,normal,743,0,1782361197.5945284,0.0019752979278564453
221178,normal,3124,1,1782361197.596476,0.001947641372680664
221179,normal,2183,0,1782361197.5986068,0.002130746841430664
221180,normal,3601,0,1782361197.6006536,0.002046823501586914
221181,normal,1428,0,1782361197.6025095,0.0018558502197265625
221182,normal,3248,1,1782361197.6044595,0.0019500255584716797
221183,normal,302,0,1782361197.606573,0.0021135807037353516
221184,normal,3636,0,1782361197.6084647,0.0018916130065917969
221185,normal,1488,0,1782361197.6105523,0.0020875930786132812
221186,normal,3482,0,1782361197.6125507,0.001998424530029297
221187,normal,292,0,1782361197.6144888,0.0019381046295166016
221188,normal,2426,0,1782361197.6166434,0.0021545886993408203
221189,normal,1647,0,1782361197.6186023,0.0019588470458984375
221190,normal,3116,1,1782361197.620381,0.0017788410186767578
221191,normal,556,0,1782361197.6225994,0.0022182464599609375
221192,normal,2384,0,1782361197.6245968,0.0019974708557128906
221193,normal,2894,0,1782361197.6264439,0.0018470287322998047
221194,normal,2224,0,1782361197.6285434,0.0020995140075683594
221195,normal,1790,0,1782361197.630542,0.0019986629486083984
221196,normal,2402,0,1782361197.6324408,0.0018987655639648438
221197,normal,1102,0,1782361197.634596,0.002155303955078125
221198,normal,2499,0,1782361197.6366887,0.002092599868774414
221199,normal,3039,0,1782361197.6384308,0.0017421245574951172
221200,normal,793,2,1782361197.6407716,0.0023407936096191406
221201,normal,675,0,1782361197.6425707,0.0017991065979003906
221202,normal,1778,0,1782361197.644592,0.002021312713623047
221203,normal,3127,1,1782361197.6466048,0.0020127296447753906
221204,normal,2065,0,1782361197.6487842,0.002179384231567383
221205,normal,1541,0,1782361197.650516,0.00173187255859375
221206,normal,1664,0,1782361197.6524608,0.0019447803497314453
221207,normal,1388,0,1782361197.6545348,0.002074003219604492
221208,normal,1685,0,1782361197.6564386,0.0019037723541259766
221209,normal,1300,0,1782361197.6584427,0.0020041465759277344
221210,normal,2541,0,1782361197.6607454,0.0023026466369628906
221211,normal,1954,0,1782361197.6623788,0.0016334056854248047
221212,normal,3263,1,1782361197.6645374,0.002158641815185547
221213,normal,2372,0,1782361197.666536,0.0019986629486083984
221214,normal,2713,0,1782361197.668443,0.0019068717956542969
221215,normal,503,0,1782361197.6706939,0.0022509098052978516
221216,normal,355,0,1782361197.672924,0.0022301673889160156
221217,normal,226,0,1782361197.6745276,0.0016036033630371094
221218,normal,1908,0,1782361197.6764464,0.001918792724609375
221219,normal,2754,0,1782361197.6785407,0.002094268798828125
221220,normal,770,0,1782361197.6804519,0.001911163330078125
221221,normal,2493,0,1782361197.6825519,0.0020999908447265625
221222,normal,1840,0,1782361197.6846318,0.0020799636840820312
221223,normal,2439,0,1782361197.6866012,0.0019693374633789062
221224,normal,1596,0,1782361197.688447,0.0018458366394042969
221225,normal,3015,0,1782361197.6905935,0.002146482467651367
221226,normal,1185,0,1782361197.6924906,0.0018970966339111328
221227,normal,3098,1,1782361197.6946082,0.002117633819580078
221228,normal,983,2,1782361197.6967092,0.0021009445190429688
221229,normal,1038,0,1782361197.6986265,0.0019173622131347656
221230,normal,1807,0,1782361197.7005332,0.0019066333770751953
221231,normal,787,2,1782361197.7027056,0.0021724700927734375
221232,normal,2011,0,1782361197.704442,0.0017364025115966797
221233,normal,170,0,1782361197.7067163,0.0022742748260498047
221234,normal,2507,0,1782361197.7085016,0.0017852783203125
221235,normal,1702,0,1782361197.7106235,0.0021219253540039062
221236,normal,19,0,1782361197.7127206,0.0020971298217773438
221237,normal,1390,0,1782361197.7145803,0.0018596649169921875
221238,normal,1991,0,1782361197.7163694,0.001789093017578125
221239,normal,1873,0,1782361197.7187319,0.002362489700317383
221240,normal,453,0,1782361197.7206874,0.0019555091857910156
221241,normal,1135,0,1782361197.7223804,0.0016930103302001953
221242,normal,492,0,1782361197.7243547,0.001974344253540039
221243,normal,224,0,1782361197.726477,0.002122163772583008
221244,normal,2619,0,1782361197.7283545,0.0018775463104248047
221245,normal,1981,0,1782361197.7304666,0.002112150192260742
221246,normal,587,0,1782361197.7324572,0.0019905567169189453
221247,normal,2146,0,1782361197.7343423,0.0018851757049560547
221248,normal,3084,1,1782361197.736439,0.0020966529846191406
221249,normal,606,0,1782361197.738461,0.0020220279693603516
221250,normal,3049,1,1782361197.740416,0.0019550323486328125
221251,normal,2201,0,1782361197.7425277,0.002111673355102539
221252,normal,637,0,1782361197.7445273,0.0019996166229248047
221253,normal,349,0,1782361197.7463224,0.001795053482055664
221254,normal,2102,0,1782361197.748486,0.0021636486053466797
221255,normal,2813,0,1782361197.7505038,0.0020177364349365234
221256,normal,2653,0,1782361197.7524338,0.0019299983978271484
221257,normal,1644,0,1782361197.7545204,0.002086639404296875
221258,normal,1599,0,1782361197.7564592,0.0019388198852539062
221259,normal,643,0,1782361197.7584627,0.0020034313201904297
221260,normal,3658,0,1782361197.7604618,0.0019991397857666016
221261,normal,3182,1,1782361197.762606,0.0021440982818603516
221262,normal,3605,0,1782361197.7643595,0.0017535686492919922
221263,normal,3275,1,1782361197.76659,0.0022306442260742188
221264,normal,164,0,1782361197.7685997,0.0020096302032470703
221265,normal,2148,0,1782361197.7705743,0.0019745826721191406
221266,normal,2028,0,1782361197.7724226,0.0018482208251953125
221267,normal,550,0,1782361197.7745738,0.0021512508392333984
221268,normal,3671,0,1782361197.776457,0.0018832683563232422
221269,normal,1816,0,1782361197.7784572,0.002000093460083008
221270,normal,388,0,1782361197.7805765,0.002119302749633789
221271,normal,3685,0,1782361197.7824564,0.0018799304962158203
221272,normal,1001,2,1782361197.7846093,0.0021529197692871094
221273,normal,3072,1,1782361197.7866404,0.002031087875366211
221274,normal,992,2,1782361197.7884314,0.0017910003662109375
221275,normal,3086,1,1782361197.790688,0.002256631851196289
221276,normal,3705,0,1782361197.7925367,0.0018486976623535156
221277,normal,2382,0,1782361197.7944586,0.0019218921661376953
221278,normal,1645,0,1782361197.7965758,0.002117156982421875
221279,normal,2649,0,1782361197.7985926,0.002016782760620117
221280,normal,3184,1,1782361197.8004477,0.0018551349639892578
221281,normal,1700,0,1782361197.802544,0.002096414566040039
221282,normal,1383,0,1782361197.8045833,0.002039194107055664
221283,normal,162,0,1782361197.8064897,0.0019063949584960938
221284,normal,2360,0,1782361197.8085358,0.0020461082458496094
221285,normal,2322,0,1782361197.8105946,0.002058744430541992
221286,normal,1041,0,1782361197.8125203,0.0019257068634033203
221287,normal,1717,0,1782361197.8147078,0.002187490463256836
221288,normal,2965,0,1782361197.8168337,0.002125978469848633
221289,normal,195,0,1782361197.8187783,0.0019445419311523438
221290,normal,3696,0,1782361197.8207078,0.0019295215606689453
221291,normal,1223,0,1782361197.8226488,0.0019409656524658203
221292,normal,3138,1,1782361197.8243196,0.00167083740234375
221293,normal,374,0,1782361197.8264356,0.002115964889526367
221294,normal,2728,0,1782361197.8284276,0.0019919872283935547
221295,normal,3185,1,1782361197.8304567,0.0020291805267333984
221296,normal,1986,0,1782361197.8324404,0.001983642578125
221297,normal,596,0,1782361197.8344145,0.0019741058349609375
221298,normal,2223,0,1782361197.8364294,0.0020148754119873047
221299,normal,1142,0,1782361197.8384216,0.0019922256469726562
221300,normal,539,0,1782361197.8404088,0.0019872188568115234
221301,normal,607,0,1782361197.8425395,0.002130746841430664
221302,normal,1955,0,1782361197.8444588,0.0019192695617675781
221303,normal,1742,0,1782361197.8465228,0.0020639896392822266
221304,normal,2317,0,1782361197.8483644,0.0018415451049804688
221305,normal,1474,0,1782361197.8504457,0.0020813941955566406
221306,normal,3560,0,1782361197.8524525,0.0020067691802978516
221307,normal,432,0,1782361197.8544512,0.0019986629486083984
221308,normal,1584,0,1782361197.8564556,0.002004384994506836
221309,normal,2222,0,1782361197.8585591,0.002103567123413086
221310,normal,2350,0,1782361197.8603399,0.0017807483673095703
221311,normal,1893,0,1782361197.8624125,0.002072572708129883
221312,normal,2641,0,1782361197.8644536,0.0020411014556884766
221313,normal,2109,0,1782361197.8664722,0.0020186901092529297
221314,normal,1715,0,1782361197.8684497,0.0019774436950683594
221315,normal,2877,0,1782361197.870647,0.002197265625
221316,normal,2601,0,1782361197.872495,0.001847982406616211
221317,normal,3546,0,1782361197.8744395,0.0019445419311523438
221318,normal,2117,0,1782361197.876506,0.0020666122436523438
221319,normal,1448,0,1782361197.878456,0.0019500255584716797
221320,normal,928,2,1782361197.8805246,0.0020685195922851562
221321,normal,3485,0,1782361197.8823965,0.0018718242645263672
221322,normal,1151,0,1782361197.8845873,0.002190828323364258
221323,normal,2041,0,1782361197.886438,0.0018506050109863281
221324,normal,2366,0,1782361197.8885176,0.0020797252655029297
221325,normal,1970,0,1782361197.8905165,0.0019989013671875
221326,normal,3693,0,1782361197.8925989,0.002082347869873047
221327,normal,398,0,1782361197.8947175,0.0021185874938964844
221328,normal,1646,0,1782361197.8965993,0.0018818378448486328
221329,normal,3537,0,1782361197.8983757,0.0017764568328857422
221330,normal,1430,0,1782361197.9005475,0.002171754837036133
221331,normal,2537,0,1782361197.902555,0.0020074844360351562
221332,normal,344,0,1782361197.9047477,0.0021927356719970703
221333,normal,1248,0,1782361197.9067342,0.0019865036010742188
221334,normal,1207,0,1782361197.9084609,0.0017266273498535156
221335,normal,3062,1,1782361197.9106314,0.002170562744140625
221336,normal,2587,0,1782361197.9126587,0.002027273178100586
221337,normal,3290,1,1782361197.9145489,0.0018901824951171875
221338,normal,2207,0,1782361197.9168656,0.002316713333129883
221339,normal,2447,0,1782361197.918518,0.0016524791717529297
221340,normal,1710,0,1782361197.9204733,0.001955270767211914
221341,normal,3236,1,1782361197.9225967,0.0021233558654785156
221342,normal,2293,0,1782361197.924537,0.0019402503967285156
221343,normal,1634,0,1782361197.9264789,0.0019419193267822266
221344,normal,981,2,1782361197.9285927,0.002113819122314453
221345,normal,3021,0,1782361197.9305847,0.0019919872283935547
221346,normal,71,0,1782361197.9324732,0.0018885135650634766
221347,normal,2936,0,1782361197.9346092,0.0021359920501708984
221348,normal,2345,0,1782361197.936617,0.002007722854614258
221349,normal,769,0,1782361197.9384584,0.0018415451049804688
221350,normal,546,0,1782361197.9405723,0.002113819122314453
221351,normal,2284,0,1782361197.9425135,0.0019412040710449219
221352,normal,446,0,1782361197.9444537,0.0019402503967285156
221353,normal,1640,0,1782361197.946558,0.0021042823791503906
221354,normal,1615,0,1782361197.9485917,0.002033710479736328
221355,normal,1617,0,1782361197.950519,0.0019273757934570312
221356,normal,2340,0,1782361197.9529333,0.002414226531982422
221357,normal,3633,0,1782361197.9544423,0.001508951187133789
221358,normal,3056,1,1782361197.9565923,0.0021500587463378906
221359,normal,1607,0,1782361197.9584963,0.0019040107727050781
221360,normal,1914,0,1782361197.9606178,0.002121448516845703
221361,normal,1698,0,1782361197.9624424,0.0018246173858642578
221362,normal,219,0,1782361197.9645514,0.002109050750732422
221363,normal,111,0,1782361197.9665477,0.001996278762817383
221364,normal,1242,0,1782361197.9685204,0.001972675323486328
221365,normal,1610,0,1782361197.9706376,0.002117156982421875
221366,normal,2140,0,1782361197.9726286,0.0019910335540771484
221367,normal,3309,1,1782361197.974504,0.0018754005432128906
221368,normal,1367,1,1782361197.9766362,0.0021321773529052734
221369,normal,1544,0,1782361197.978936,0.002299785614013672
221370,normal,1565,0,1782361197.9804158,0.0014798641204833984
221371,normal,2083,0,1782361197.9825783,0.002162456512451172
221372,normal,687,0,1782361197.984651,0.0020728111267089844
221373,normal,796,2,1782361197.9864187,0.0017676353454589844
221374,normal,98,0,1782361197.9884307,0.002012014389038086
221375,normal,2711,0,1782361197.990418,0.0019872188568115234
221376,normal,3591,0,1782361197.9924123,0.0019943714141845703
221377,normal,2904,0,1782361197.994587,0.0021746158599853516
221378,normal,3118,1,1782361197.9967022,0.0021152496337890625
221379,normal,2114,0,1782361197.9983106,0.0016083717346191406
221380,normal,2123,0,1782361198.000531,0.0022203922271728516
221381,normal,1128,0,1782361198.00253,0.0019991397857666016
221382,normal,1726,0,1782361198.0044377,0.0019075870513916016
221383,normal,794,2,1782361198.0069847,0.002547025680541992
221384,normal,2158,0,1782361198.0085144,0.001529693603515625
221385,normal,3235,1,1782361198.0106485,0.002134084701538086
221386,normal,1161,0,1782361198.012602,0.001953601837158203
221387,normal,805,2,1782361198.0145264,0.001924276351928711
221388,normal,2304,0,1782361198.0164597,0.0019333362579345703
221389,normal,2332,0,1782361198.018369,0.0019092559814453125
221390,normal,2789,0,1782361198.020559,0.002190113067626953
221391,normal,3518,0,1782361198.0226443,0.0020852088928222656
221392,normal,2134,0,1782361198.0243876,0.001743316650390625
221393,normal,84,0,1782361198.0264094,0.00202178955078125
221394,normal,1278,0,1782361198.0284436,0.0020341873168945312
221395,normal,2108,0,1782361198.030455,0.002011537551879883
221396,normal,325,0,1782361198.0326176,0.002162456512451172
221397,normal,2993,0,1782361198.0344856,0.0018680095672607422
221398,normal,2594,0,1782361198.03655,0.0020644664764404297
221399,normal,402,0,1782361198.0386143,0.002064228057861328
221400,normal,923,2,1782361198.0403724,0.0017580986022949219
221401,normal,566,0,1782361198.0430996,0.0027272701263427734
221402,normal,2516,0,1782361198.0451465,0.002046823501586914
221403,normal,487,0,1782361198.0464182,0.0012717247009277344
221404,normal,672,0,1782361198.049031,0.0026128292083740234
221405,normal,3407,0,1782361198.0507026,0.0016715526580810547
221406,normal,3035,0,1782361198.0527675,0.002064943313598633
221407,normal,2171,0,1782361198.0546978,0.00193023681640625
221408,normal,905,2,1782361198.0564933,0.0017955303192138672
221409,normal,53,0,1782361198.058342,0.0018486976623535156
221410,normal,214,0,1782361198.060435,0.002093076705932617
221411,normal,1559,0,1782361198.0624328,0.001997709274291992
221412,normal,3689,0,1782361198.0645552,0.0021224021911621094
221413,normal,677,0,1782361198.0664783,0.0019230842590332031
221414,normal,3478,0,1782361198.068556,0.002077817916870117
221415,normal,2141,0,1782361198.0704567,0.0019006729125976562
221416,normal,2473,0,1782361198.0723836,0.0019268989562988281
221417,normal,1948,0,1782361198.074406,0.002022266387939453
221418,normal,168,0,1782361198.0765035,0.002097606658935547
221419,normal,1263,0,1782361198.0783768,0.0018732547760009766
221420,normal,2686,0,1782361198.0803704,0.0019936561584472656
221421,normal,2055,0,1782361198.0823183,0.0019478797912597656
221422,normal,1172,0,1782361198.0843625,0.002044200897216797
221423,normal,3296,1,1782361198.086447,0.002084493637084961
221424,normal,90,0,1782361198.088538,0.002090930938720703
221425,normal,427,0,1782361198.0905538,0.002015829086303711
221426,normal,80,0,1782361198.0925033,0.0019495487213134766
221427,normal,3665,0,1782361198.0944626,0.0019593238830566406
221428,normal,1940,0,1782361198.0965483,0.0020856857299804688
221429,normal,901,2,1782361198.0985074,0.001959085464477539
221430,normal,3003,0,1782361198.1004646,0.0019571781158447266
221431,normal,943,2,1782361198.1025949,0.002130270004272461
221432,normal,1336,1,1782361198.1045976,0.002002716064453125
221433,normal,788,2,1782361198.106505,0.0019073486328125
221434,normal,3012,0,1782361198.1087012,0.0021963119506835938
221435,normal,767,0,1782361198.1104174,0.0017161369323730469
221436,normal,3000,0,1782361198.1125576,0.0021402835845947266
221437,normal,32,0,1782361198.1144545,0.0018968582153320312
221438,normal,1048,0,1782361198.1165812,0.0021266937255859375
221439,normal,60,0,1782361198.1184556,0.0018744468688964844
221440,normal,2741,0,1782361198.120553,0.0020973682403564453
221441,normal,1190,0,1782361198.1226132,0.0020601749420166016
221442,normal,408,0,1782361198.1245267,0.0019135475158691406
221443,normal,2417,0,1782361198.1265779,0.002051115036010742
221444,normal,1805,0,1782361198.1285813,0.0020034313201904297
221445,normal,233,0,1782361198.1304777,0.0018963813781738281
221446,normal,134,0,1782361198.1325996,0.0021219253540039062
221447,normal,3026,0,1782361198.134538,0.0019383430480957031
221448,normal,1642,0,1782361198.1364386,0.0019006729125976562
221449,normal,2035,0,1782361198.1384404,0.0020017623901367188
221450,normal,1387,0,1782361198.1405442,0.0021038055419921875
221451,normal,2996,0,1782361198.1424708,0.0019266605377197266
221452,normal,719,0,1782361198.144693,0.0022220611572265625
221453,normal,3629,0,1782361198.1464722,0.001779317855834961
221454,normal,506,0,1782361198.1486564,0.002184152603149414
221455,normal,1266,0,1782361198.1505024,0.0018460750579833984
221456,normal,664,0,1782361198.1527731,0.0022706985473632812
221457,normal,276,0,1782361198.1544464,0.0016732215881347656
221458,normal,962,2,1782361198.1567726,0.0023262500762939453
221459,normal,3300,1,1782361198.158631,0.0018584728240966797
221460,normal,1500,0,1782361198.1603544,0.0017232894897460938
221461,normal,1734,0,1782361198.162534,0.0021796226501464844
221462,normal,2277,0,1782361198.1645348,0.0020008087158203125
221463,normal,2925,0,1782361198.1664364,0.0019016265869140625
221464,normal,1695,0,1782361198.168582,0.002145528793334961
221465,normal,2383,0,1782361198.1705282,0.0019462108612060547
221466,normal,241,0,1782361198.1725245,0.001996278762817383
221467,normal,922,2,1782361198.174438,0.0019135475158691406
221468,normal,3002,0,1782361198.1765356,0.002097606658935547
221469,normal,3391,1,1782361198.1784437,0.0019080638885498047
221470,normal,3216,1,1782361198.1811867,0.0027430057525634766
221471,normal,2679,0,1782361198.182585,0.001398324966430664
221472,normal,1264,0,1782361198.1843746,0.0017895698547363281
221473,normal,36,0,1782361198.1865423,0.0021677017211914062
221474,normal,2005,0,1782361198.1885467,0.002004384994506836
221475,normal,3530,0,1782361198.1904612,0.0019145011901855469
221476,normal,389,0,1782361198.192699,0.0022377967834472656
221477,normal,1325,1,1782361198.1944973,0.001798391342163086
221478,normal,2504,0,1782361198.1965473,0.0020499229431152344
221479,normal,3196,1,1782361198.1984553,0.0019080638885498047
221480,normal,3033,0,1782361198.2005847,0.0021293163299560547
221481,normal,1044,0,1782361198.2024713,0.001886606216430664
221482,normal,3125,1,1782361198.2045863,0.002115011215209961
221483,normal,145,0,1782361198.206886,0.002299785614013672
221484,normal,2767,0,1782361198.2085073,0.001621246337890625
221485,normal,3172,1,1782361198.2105558,0.002048492431640625
221486,normal,2446,0,1782361198.2126215,0.0020656585693359375
221487,normal,1675,0,1782361198.214589,0.0019676685333251953
221488,normal,960,2,1782361198.2164059,0.0018167495727539062
221489,normal,1828,0,1782361198.2186508,0.0022449493408203125
221490,normal,3642,0,1782361198.2206104,0.001959562301635742
221491,normal,1188,0,1782361198.222434,0.0018236637115478516
221492,normal,1947,0,1782361198.2244363,0.002002239227294922
221493,normal,135,0,1782361198.226429,0.0019927024841308594
221494,normal,1060,0,1782361198.2288094,0.00238037109375
221495,normal,1740,0,1782361198.2303312,0.0015218257904052734
221496,normal,1809,0,1782361198.232457,0.0021257400512695312
221497,normal,2267,0,1782361198.2343216,0.0018646717071533203
221498,normal,114,0,1782361198.2364666,0.002145051956176758
221499,normal,3047,1,1782361198.23846,0.001993417739868164
221500,normal,1693,0,1782361198.240589,0.0021288394927978516
221501,normal,930,2,1782361198.2425425,0.001953601837158203
221502,normal,3491,0,1782361198.2444472,0.0019047260284423828
221503,normal,1411,0,1782361198.2465866,0.0021393299102783203
221504,normal,2049,0,1782361198.2486472,0.0020606517791748047
221505,normal,2096,0,1782361198.2504587,0.0018115043640136719
221506,normal,2509,0,1782361198.25261,0.0021512508392333984
221507,normal,1146,0,1782361198.2545571,0.001947164535522461
221508,normal,1974,0,1782361198.2565114,0.001954317092895508
221509,normal,3694,0,1782361198.2584248,0.001913309097290039
221510,normal,1324,1,1782361198.2607136,0.002288818359375
221511,normal,2343,0,1782361198.2623672,0.0016536712646484375
221512,normal,806,2,1782361198.2645502,0.0021829605102539062
221513,normal,662,0,1782361198.266558,0.002007722854614258
221514,normal,341,0,1782361198.2683797,0.001821756362915039
221515,normal,2194,0,1782361198.2705834,0.002203702926635742
221516,normal,3332,1,1782361198.272597,0.002013683319091797
221517,normal,1843,0,1782361198.274393,0.0017960071563720703
221518,normal,316,0,1782361198.2766018,0.002208709716796875
221519,normal,2710,0,1782361198.278639,0.0020372867584228516
221520,normal,2977,0,1782361198.2804546,0.0018155574798583984
221521,normal,140,0,1782361198.2825527,0.00209808349609375
221522,normal,2752,0,1782361198.2845597,0.002007007598876953
221523,normal,2997,0,1782361198.2864587,0.0018990039825439453
221524,normal,3310,1,1782361198.2885573,0.002098560333251953
221525,normal,1380,1,1782361198.2905898,0.0020325183868408203
221526,normal,2834,0,1782361198.2924197,0.0018298625946044922
221527,normal,3130,1,1782361198.2946258,0.002206087112426758
221528,normal,2771,0,1782361198.2966459,0.002020120620727539
221529,normal,633,0,1782361198.2984157,0.0017697811126708984
221530,normal,1547,0,1782361198.3005767,0.0021610260009765625
221531,normal,839,2,1782361198.302581,0.002004384994506836
221532,normal,3473,0,1782361198.3045092,0.001928091049194336
221533,normal,3242,1,1782361198.3065572,0.002048015594482422
221534,normal,2856,0,1782361198.308554,0.001996755599975586
221535,normal,1212,0,1782361198.3104622,0.0019083023071289062
221536,normal,1173,0,1782361198.3125513,0.0020890235900878906
221537,normal,511,0,1782361198.314685,0.0021338462829589844
221538,normal,216,0,1782361198.3164048,0.0017197132110595703
221539,normal,1008,2,1782361198.3187392,0.0023343563079833984
221540,normal,2636,0,1782361198.3206835,0.0019443035125732422
221541,normal,3654,0,1782361198.322591,0.0019075870513916016
221542,normal,1841,0,1782361198.3245418,0.0019507408142089844
221543,normal,1633,0,1782361198.326813,0.0022711753845214844
221544,normal,2503,0,1782361198.3285677,0.0017547607421875
221545,normal,420,0,1782361198.330449,0.0018813610076904297
221546,normal,306,0,1782361198.332499,0.0020499229431152344
221547,normal,577,0,1782361198.334447,0.0019478797912597656
221548,normal,1768,0,1782361198.3365464,0.0020995140075683594
221549,normal,2312,0,1782361198.3387825,0.0022361278533935547
221550,normal,1814,0,1782361198.3403583,0.0015757083892822266
221551,normal,2633,0,1782361198.342532,0.0021736621856689453
221552,normal,76,0,1782361198.3445325,0.002000570297241211
221553,normal,1080,0,1782361198.3464482,0.0019156932830810547
221554,normal,3151,1,1782361198.348948,0.002499818801879883
221555,normal,380,0,1782361198.3505378,0.0015897750854492188
221556,normal,1942,0,1782361198.352423,0.0018851757049560547
221557,normal,450,0,1782361198.3547833,0.0023603439331054688
221558,normal,801,2,1782361198.356435,0.001651763916015625
221559,normal,2369,0,1782361198.3583326,0.001897573471069336
221560,normal,3559,0,1782361198.3605783,0.002245664596557617
221561,normal,37,0,1782361198.3624735,0.0018951892852783203
221562,normal,1771,0,1782361198.3646424,0.002168893814086914
221563,normal,28,0,1782361198.3666048,0.001962423324584961
221564,normal,2611,0,1782361198.3684852,0.0018804073333740234
221565,normal,1626,0,1782361198.3704474,0.0019621849060058594
221566,normal,1529,0,1782361198.3725588,0.0021114349365234375
221567,normal,330,0,1782361198.3745742,0.002015352249145508
221568,normal,804,2,1782361198.3764598,0.0018856525421142578
221569,normal,1232,0,1782361198.3785021,0.0020422935485839844
221570,normal,3029,0,1782361198.380807,0.0023047924041748047
221571,normal,285,0,1782361198.3824258,0.0016188621520996094
221572,normal,2721,0,1782361198.3846283,0.0022025108337402344
221573,normal,809,2,1782361198.3866553,0.0020270347595214844
221574,normal,3041,0,1782361198.3885493,0.0018939971923828125
221575,normal,1412,0,1782361198.3903315,0.0017821788787841797
221576,normal,2801,0,1782361198.3925374,0.0022058486938476562
221577,normal,2039,0,1782361198.3943484,0.0018110275268554688
221578,normal,2640,0,1782361198.3965995,0.002251148223876953
221579,normal,1078,0,1782361198.3985813,0.0019817352294921875
221580,normal,461,0,1782361198.4005454,0.001964092254638672
221581,normal,1613,0,1782361198.402605,0.0020596981048583984
221582,normal,2558,0,1782361198.4047241,0.0021190643310546875
221583,normal,3362,1,1782361198.4063542,0.0016300678253173828
221584,normal,3617,0,1782361198.4085443,0.002190113067626953
221585,normal,3445,0,1782361198.4107926,0.0022482872009277344
221586,normal,3513,0,1782361198.4125912,0.0017986297607421875
221587,normal,2972,0,1782361198.414623,0.0020318031311035156
221588,normal,2827,0,1782361198.4166434,0.0020203590393066406
221589,normal,2036,0,1782361198.4184074,0.001764059066772461
221590,normal,2388,0,1782361198.4205334,0.002125978469848633
221591,normal,1862,0,1782361198.4224825,0.0019490718841552734
221592,normal,3354,1,1782361198.4248688,0.002386331558227539
221593,normal,1204,0,1782361198.4263544,0.001485586166381836
221594,normal,2433,0,1782361198.4284842,0.002129793167114258
221595,normal,2418,0,1782361198.430522,0.0020377635955810547
221596,normal,1374,1,1782361198.4324737,0.0019516944885253906
221597,normal,2482,0,1782361198.4345813,0.0021076202392578125
221598,normal,3157,1,1782361198.436467,0.0018856525421142578
221599,normal,1334,1,1782361198.4385834,0.0021164417266845703
221600,normal,129,0,1782361198.4405959,0.002012491226196289
221601,normal,1987,0,1782361198.4425135,0.0019176006317138672
221602,normal,1769,0,1782361198.4446065,0.002093076705932617
221603,normal,1477,0,1782361198.446572,0.0019655227661132812
221604,normal,336,0,1782361198.448452,0.0018799304962158203
221605,normal,1922,0,1782361198.4505563,0.0021042823791503906
221606,normal,2002,0,1782361198.452556,0.0019996166229248047
221607,normal,120,0,1782361198.4544551,0.0018992424011230469
221608,normal,3028,0,1782361198.456576,0.0021209716796875
221609,normal,1284,0,1782361198.4586234,0.002047300338745117
221610,normal,2027,0,1782361198.460819,0.002195596694946289
221611,normal,1010,2,1782361198.4623797,0.0015606880187988281
221612,normal,3161,1,1782361198.4645834,0.002203702926635742
221613,normal,3338,1,1782361198.4664931,0.0019097328186035156
221614,normal,269,0,1782361198.4685125,0.0020194053649902344
221615,normal,504,0,1782361198.4705422,0.0020296573638916016
221616,normal,732,0,1782361198.4724433,0.0019011497497558594
221617,normal,2056,0,1782361198.474452,0.002008676528930664
221618,normal,927,2,1782361198.4767,0.002248048782348633
221619,normal,198,0,1782361198.478425,0.0017249584197998047
221620,normal,2371,0,1782361198.4806259,0.0022008419036865234
221621,normal,2082,0,1782361198.482734,0.0021080970764160156
221622,normal,952,2,1782361198.484507,0.0017731189727783203
221623,normal,2398,0,1782361198.48673,0.0022230148315429688
221624,normal,3085,1,1782361198.4884462,0.0017161369323730469
221625,normal,279,0,1782361198.4907568,0.002310514450073242
221626,normal,1216,0,1782361198.4925015,0.0017447471618652344
221627,normal,706,0,1782361198.4946592,0.0021576881408691406
221628,normal,3533,0,1782361198.4963503,0.0016911029815673828
221629,normal,462,0,1782361198.498553,0.002202749252319336
221630,normal,3252,1,1782361198.5005388,0.001985788345336914
221631,normal,1572,0,1782361198.5027592,0.0022203922271728516
221632,normal,1418,0,1782361198.5043502,0.0015909671783447266
221633,normal,1660,0,1782361198.5065303,0.0021800994873046875
221634,normal,3060,1,1782361198.5084345,0.0019042491912841797
221635,normal,2573,0,1782361198.5105338,0.002099275588989258
221636,normal,2451,0,1782361198.5128517,0.0023179054260253906
221637,normal,500,0,1782361198.5146217,0.00177001953125
221638,normal,452,0,1782361198.516517,0.0018951892852783203
221639,normal,493,0,1782361198.5188336,0.002316713333129883
221640,normal,1526,0,1782361198.5203779,0.0015442371368408203
221641,normal,973,2,1782361198.522697,0.0023190975189208984
221642,normal,2033,0,1782361198.5244684,0.0017714500427246094
221643,normal,907,2,1782361198.5265803,0.0021119117736816406
221644,normal,1137,0,1782361198.5285428,0.001962423324584961
221645,normal,1462,0,1782361198.530772,0.0022292137145996094
221646,normal,1939,0,1782361198.5323484,0.0015764236450195312
221647,normal,1091,0,1782361198.5345418,0.002193450927734375
221648,normal,876,2,1782361198.536549,0.0020072460174560547
221649,normal,1492,0,1782361198.5384572,0.0019080638885498047
221650,normal,3183,1,1782361198.5405734,0.0021162033081054688
221651,normal,1286,0,1782361198.5426176,0.002044200897216797
221652,normal,2249,0,1782361198.5445168,0.0018992424011230469
221653,normal,2459,0,1782361198.546574,0.002057313919067383
221654,normal,1985,0,1782361198.5486116,0.002037525177001953
221655,normal,2361,0,1782361198.5511875,0.0025758743286132812
221656,normal,3435,0,1782361198.5526912,0.0015037059783935547
221657,normal,1604,0,1782361198.5545533,0.0018620491027832031
221658,normal,2220,0,1782361198.5569031,0.002349853515625
221659,normal,2324,0,1782361198.5585978,0.0016946792602539062
221660,normal,3158,1,1782361198.560851,0.002253293991088867
221661,normal,3051,1,1782361198.562633,0.0017819404602050781
221662,normal,2328,0,1782361198.5644069,0.001773834228515625
221663,normal,2016,0,1782361198.5665345,0.0021276473999023438
221664,normal,2373,0,1782361198.568437,0.0019025802612304688
221665,normal,1924,0,1782361198.5705247,0.0020875930786132812
221666,normal,1310,0,1782361198.5724664,0.001941680908203125
221667,normal,614,0,1782361198.5744581,0.001991748809814453
221668,normal,1453,0,1782361198.5765517,0.0020935535430908203
221669,normal,636,0,1782361198.5785747,0.002022981643676758
221670,normal,1476,0,1782361198.5804467,0.0018720626831054688
221671,normal,138,0,1782361198.5825107,0.0020639896392822266
221672,normal,395,0,1782361198.5846956,0.0021848678588867188
221673,normal,2569,0,1782361198.5864525,0.001756906509399414
221674,normal,1867,0,1782361198.5886154,0.002162933349609375
221675,normal,2915,0,1782361198.5905464,0.0019309520721435547
221676,normal,2351,0,1782361198.5925038,0.001957416534423828
221677,normal,401,0,1782361198.5945387,0.002034902572631836
221678,normal,692,0,1782361198.5966609,0.002122163772583008
221679,normal,2792,0,1782361198.59839,0.0017292499542236328
221680,normal,3565,0,1782361198.6005433,0.002153158187866211
221681,normal,1587,0,1782361198.6025732,0.002029895782470703
221682,normal,898,2,1782361229.9031074,0.0
221683,normal,1052,0,1782361229.9051123,0.002004861831665039
221684,normal,2338,0,1782361229.9071057,0.001993417739868164
221685,normal,394,0,1782361229.9092004,0.002094745635986328
221686,normal,2667,0,1782361229.9111757,0.0019752979278564453
221687,normal,641,0,1782361229.9132028,0.0020270347595214844
221688,normal,1065,0,1782361229.9152465,0.0020437240600585938
221689,normal,3429,0,1782361229.9171286,0.0018820762634277344
221690,normal,1761,0,1782361229.9196465,0.0025179386138916016
221691,normal,3649,0,1782361229.9211955,0.0015490055084228516
221692,normal,3235,1,1782361229.9232278,0.0020322799682617188
221693,normal,1495,0,1782361229.9252884,0.0020606517791748047
221694,normal,940,2,1782361229.9274817,0.0021932125091552734
221695,normal,3364,1,1782361229.929195,0.0017132759094238281
221696,normal,3534,0,1782361229.9313881,0.0021932125091552734
221697,normal,847,2,1782361229.9333532,0.001965045928955078
221698,normal,2112,0,1782361229.935301,0.0019478797912597656
221699,normal,3489,0,1782361229.9372694,0.0019683837890625
221700,normal,2129,0,1782361229.939153,0.0018835067749023438
221701,normal,828,2,1782361229.9412513,0.0020983219146728516
221702,normal,2491,0,1782361229.9432702,0.0020189285278320312
221703,normal,3481,0,1782361229.9451532,0.0018830299377441406
221704,normal,3397,1,1782361229.9472609,0.0021076202392578125
221705,normal,216,0,1782361229.9492736,0.0020127296447753906
221706,normal,2878,0,1782361229.9511766,0.0019030570983886719
221707,normal,595,0,1782361229.953256,0.0020792484283447266
221708,normal,1302,0,1782361229.955275,0.002019166946411133
221709,normal,461,0,1782361229.9572399,0.0019648075103759766
221710,normal,1027,2,1782361229.9591238,0.0018839836120605469
221711,normal,3343,1,1782361229.9611046,0.0019807815551757812
221712,normal,1039,0,1782361229.9630926,0.001987934112548828
221713,normal,210,0,1782361229.9650865,0.001993894577026367
221714,normal,1087,0,1782361229.9671395,0.0020530223846435547
221715,normal,2264,0,1782361229.969092,0.0019524097442626953
221716,normal,651,0,1782361229.9710803,0.0019884109497070312
221717,normal,2513,0,1782361229.973129,0.0020487308502197266
221718,normal,2574,0,1782361229.9750881,0.001959085464477539
221719,normal,2627,0,1782361229.9770784,0.0019903182983398438
221720,normal,2695,0,1782361229.9791324,0.002053976058959961
221721,normal,322,0,1782361229.9810896,0.0019571781158447266
221722,normal,1248,0,1782361229.9830785,0.0019888877868652344
221723,normal,2899,0,1782361229.985135,0.002056598663330078
221724,normal,1690,0,1782361229.9870913,0.0019562244415283203
221725,normal,1373,1,1782361229.9890814,0.001990079879760742
221726,normal,1665,0,1782361229.9911325,0.002051115036010742
221727,normal,604,0,1782361229.9930902,0.0019576549530029297
221728,normal,2593,0,1782361229.995081,0.001990795135498047
221729,normal,755,0,1782361229.9971323,0.0020513534545898438
221730,normal,3257,1,1782361229.999101,0.0019686222076416016
221731,normal,896,2,1782361230.0010855,0.0019845962524414062
221732,normal,1986,0,1782361230.0031316,0.0020461082458496094
221733,normal,2813,0,1782361230.0051038,0.001972198486328125
221734,normal,931,2,1782361230.007084,0.0019800662994384766
221735,normal,3325,1,1782361230.0091326,0.0020487308502197266
221736,normal,3140,1,1782361230.0110931,0.0019605159759521484
221737,normal,1473,0,1782361230.0130851,0.0019919872283935547
221738,normal,3514,0,1782361230.0151355,0.0020503997802734375
221739,normal,1385,0,1782361230.0170949,0.0019593238830566406
221740,normal,686,0,1782361230.0190947,0.0019998550415039062
221741,normal,856,2,1782361230.0211399,0.002045154571533203
221742,normal,298,0,1782361230.0230882,0.0019483566284179688
221743,normal,1316,0,1782361230.02508,0.001991748809814453
221744,normal,1602,0,1782361230.027131,0.002051115036010742
221745,normal,1792,0,1782361230.0290985,0.0019674301147460938
221746,normal,3464,0,1782361230.0310802,0.0019817352294921875
221747,normal,2916,0,1782361230.0331347,0.002054452896118164
221748,normal,545,0,1782361230.0350876,0.0019528865814208984
221749,normal,436,0,1782361230.037079,0.0019915103912353516
221750,normal,2062,0,1782361230.0391424,0.002063274383544922
221751,normal,2038,0,1782361230.0410893,0.0019469261169433594
221752,normal,471,0,1782361230.043082,0.0019927024841308594
221753,normal,178,0,1782361230.0451348,0.002052783966064453
221754,normal,1842,0,1782361230.0470912,0.001956462860107422
221755,normal,1745,0,1782361230.0490854,0.0019941329956054688
221756,normal,3441,0,1782361230.0511324,0.0020470619201660156
221757,normal,1978,0,1782361230.0530884,0.0019559860229492188
221758,normal,1726,0,1782361230.0550964,0.0020079612731933594
221759,normal,1017,2,1782361230.0571337,0.0020372867584228516
221760,normal,1785,0,1782361230.0590894,0.001955747604370117
221761,normal,187,0,1782361230.0610962,0.0020067691802978516
221762,normal,1793,0,1782361230.063134,0.0020377635955810547
221763,normal,1573,0,1782361230.0650923,0.0019583702087402344
221764,normal,881,2,1782361230.0670855,0.0019931793212890625
221765,normal,1404,0,1782361230.0691297,0.002044200897216797
221766,normal,2100,0,1782361230.071087,0.0019571781158447266
221767,normal,603,0,1782361230.0730808,0.001993894577026367
221768,normal,2699,0,1782361230.0751326,0.002051830291748047
221769,normal,40,0,1782361230.0771024,0.0019698143005371094
221770,normal,1458,0,1782361230.0790832,0.0019807815551757812
221771,normal,3571,0,1782361230.081134,0.0020508766174316406
221772,normal,100,0,1782361230.0830917,0.0019576549530029297
221773,normal,2158,0,1782361230.0851095,0.0020177364349365234
221774,normal,877,2,1782361230.087139,0.0020294189453125
221775,normal,970,2,1782361230.0890894,0.0019505023956298828
221776,normal,2446,0,1782361230.0910795,0.001990079879760742
221777,normal,1353,1,1782361230.093131,0.0020515918731689453
221778,normal,844,2,1782361230.09509,0.0019588470458984375
221779,normal,2225,0,1782361230.0970848,0.0019948482513427734
221780,normal,2261,0,1782361230.0991316,0.002046823501586914
221781,normal,1183,0,1782361230.1010888,0.0019571781158447266
221782,normal,1583,0,1782361230.103084,0.0019953250885009766
221783,normal,157,0,1782361230.1051247,0.0020406246185302734
221784,normal,2251,0,1782361230.1070864,0.0019617080688476562
221785,normal,1725,0,1782361230.1090827,0.001996278762817383
221786,normal,606,0,1782361230.1111271,0.0020444393157958984
221787,normal,1894,0,1782361230.1131046,0.0019774436950683594
221788,normal,421,0,1782361230.1150815,0.0019769668579101562
221789,normal,2395,0,1782361230.11714,0.0020585060119628906
221790,normal,2216,0,1782361230.119084,0.001943826675415039
221791,normal,1781,0,1782361230.1210794,0.001995563507080078
221792,normal,3119,1,1782361230.1231258,0.002046346664428711
221793,normal,2246,0,1782361230.125085,0.0019593238830566406
221794,normal,2309,0,1782361230.1270826,0.0019974708557128906
221795,normal,3329,1,1782361230.129126,0.002043485641479492
221796,normal,2742,0,1782361230.1310859,0.0019598007202148438
221797,normal,941,2,1782361230.1330824,0.0019965171813964844
221798,normal,799,2,1782361230.1351244,0.002042055130004883
221799,normal,2843,0,1782361230.137084,0.001959562301635742
221800,normal,3692,0,1782361230.1390836,0.0019996166229248047
221801,normal,242,0,1782361230.1411233,0.002039670944213867
221802,normal,596,0,1782361230.1430857,0.001962423324584961
221803,normal,538,0,1782361230.145086,0.0020003318786621094
221804,normal,2646,0,1782361230.1471205,0.002034425735473633
221805,normal,2562,0,1782361230.1490932,0.001972675323486328
221806,normal,2333,0,1782361230.1510808,0.0019876956939697266
221807,normal,865,2,1782361230.1531231,0.0020422935485839844
221808,normal,1715,0,1782361230.1551201,0.0019969940185546875
221809,normal,2716,0,1782361230.1570811,0.0019609928131103516
221810,normal,1107,0,1782361230.1591203,0.002039194107055664
221811,normal,65,0,1782361230.1610847,0.0019643306732177734
221812,normal,355,0,1782361230.1630836,0.0019989013671875
221813,normal,1335,1,1782361230.165122,0.0020384788513183594
221814,normal,3387,1,1782361230.1670864,0.0019643306732177734
221815,normal,839,2,1782361230.1690826,0.001996278762817383
221816,normal,3205,1,1782361230.1711304,0.0020477771759033203
221817,normal,2638,0,1782361230.1730843,0.0019538402557373047
221818,normal,2560,0,1782361230.1750953,0.0020110607147216797
221819,normal,1116,0,1782361230.1771417,0.002046346664428711
221820,normal,3622,0,1782361230.179083,0.0019414424896240234
221821,normal,230,0,1782361230.1810796,0.0019965171813964844
221822,normal,1947,0,1782361230.1831217,0.002042055130004883
221823,normal,638,0,1782361230.1851468,0.002025127410888672
221824,normal,196,0,1782361230.1870892,0.0019423961639404297
221825,normal,302,0,1782361230.189124,0.002034902572631836
221826,normal,584,0,1782361230.191086,0.001961946487426758
221827,normal,2619,0,1782361230.193085,0.0019989013671875
221828,normal,406,0,1782361230.195133,0.002048015594482422
221829,normal,3520,0,1782361230.1970878,0.001954793930053711
221830,normal,1856,0,1782361230.199082,0.0019941329956054688
221831,normal,693,0,1782361230.2011242,0.0020422935485839844
221832,normal,1678,0,1782361230.2030869,0.0019626617431640625
221833,normal,1173,0,1782361230.2050982,0.0020112991333007812
221834,normal,1520,0,1782361230.2071233,0.002025127410888672
221835,normal,2675,0,1782361230.2090888,0.0019655227661132812
221836,normal,1623,0,1782361230.211081,0.0019922256469726562
221837,normal,3696,0,1782361230.213123,0.002042055130004883
221838,normal,1014,2,1782361230.2150862,0.0019631385803222656
221839,normal,1787,0,1782361230.2170978,0.002011537551879883
221840,normal,490,0,1782361230.2191222,0.002024412155151367
221841,normal,978,2,1782361230.2210839,0.0019617080688476562
221842,normal,996,2,1782361230.2230818,0.0019979476928710938
221843,normal,1742,0,1782361230.2251453,0.0020635128021240234
221844,normal,695,0,1782361230.2270885,0.0019431114196777344
221845,normal,1619,0,1782361230.229084,0.001995563507080078
221846,normal,1149,0,1782361230.231119,0.002034902572631836
221847,normal,843,2,1782361230.2330947,0.0019757747650146484
221848,normal,737,0,1782361230.2350795,0.001984834671020508
221849,normal,1354,1,1782361230.2371228,0.0020432472229003906
221850,normal,1280,0,1782361230.2390995,0.0019767284393310547
221851,normal,3468,0,1782361230.2410853,0.001985788345336914
221852,normal,1610,0,1782361230.2431214,0.0020360946655273438
221853,normal,2139,0,1782361230.2450867,0.0019652843475341797
221854,normal,1179,0,1782361230.2470796,0.001992940902709961
221855,normal,360,0,1782361230.249132,0.00205230712890625
221856,normal,500,0,1782361230.251089,0.0019571781158447266
221857,normal,3211,1,1782361230.2530856,0.0019965171813964844
221858,normal,2456,0,1782361230.255141,0.0020554065704345703
221859,normal,3517,0,1782361230.257083,0.0019419193267822266
221860,normal,1201,0,1782361230.2590802,0.001997232437133789
221861,normal,516,0,1782361230.2611234,0.0020432472229003906
221862,normal,3568,0,1782361230.263084,0.0019605159759521484
221863,normal,3695,0,1782361230.265079,0.001995086669921875
221864,normal,2289,0,1782361230.2671344,0.0020554065704345703
221865,normal,2157,0,1782361230.2690864,0.0019519329071044922
221866,normal,278,0,1782361230.2710805,0.0019941329956054688
221867,normal,1400,0,1782361230.2731483,0.0020678043365478516
221868,normal,1425,0,1782361230.2750883,0.001940011978149414
221869,normal,1605,0,1782361230.2770882,0.0019998550415039062
221870,normal,581,0,1782361230.2790842,0.0019960403442382812
221871,normal,1085,0,1782361230.2810843,0.002000093460083008
221872,normal,2144,0,1782361230.2830868,0.0020024776458740234
221873,normal,1537,0,1782361230.2851818,0.0020949840545654297
221874,normal,2122,0,1782361230.2870927,0.0019109249114990234
221875,normal,2042,0,1782361230.2890851,0.001992464065551758
221876,normal,9,0,1782361230.2911215,0.0020363330841064453
221877,normal,1141,0,1782361230.2930853,0.0019638538360595703
221878,normal,729,0,1782361230.295082,0.001996755599975586
221879,normal,2244,0,1782361230.2971256,0.002043485641479492
221880,normal,1719,0,1782361230.2990887,0.0019631385803222656
221881,normal,1121,0,1782361230.3010802,0.0019915103912353516
221882,normal,309,0,1782361230.303121,0.002040863037109375
221883,normal,1150,0,1782361230.3051143,0.0019931793212890625
221884,normal,1840,0,1782361230.3070827,0.0019683837890625
221885,normal,3460,0,1782361230.309128,0.0020453929901123047
221886,normal,956,2,1782361230.311097,0.001968860626220703
221887,normal,2507,0,1782361230.3130803,0.0019834041595458984
221888,normal,1264,0,1782361230.3151274,0.0020470619201660156
221889,normal,369,0,1782361230.3170872,0.0019598007202148438
221890,normal,3033,0,1782361230.3190851,0.0019979476928710938
221891,normal,1339,1,1782361230.321124,0.0020389556884765625
221892,normal,3426,0,1782361230.3230865,0.001962423324584961
221893,normal,2555,0,1782361230.3250809,0.0019943714141845703
221894,normal,1738,0,1782361230.327122,0.0020411014556884766
221895,normal,2250,0,1782361230.3290863,0.0019643306732177734
221896,normal,2411,0,1782361230.3310804,0.0019941329956054688
221897,normal,2708,0,1782361230.3331227,0.0020422935485839844
221898,normal,1693,0,1782361230.3350892,0.0019664764404296875
221899,normal,3402,0,1782361230.3370838,0.001994609832763672
221900,normal,975,2,1782361230.3391247,0.002040863037109375
221901,normal,3122,1,1782361230.3410857,0.0019609928131103516
221902,normal,3301,1,1782361230.3430824,0.001996755599975586
221903,normal,2810,0,1782361230.345122,0.002039670944213867
221904,normal,148,0,1782361230.3471224,0.0020003318786621094
221905,normal,2797,0,1782361230.3491213,0.0019989013671875
221906,normal,1740,0,1782361230.3512905,0.0021691322326660156
221907,normal,2524,0,1782361230.3532865,0.0019960403442382812
221908,normal,1564,0,1782361230.3551779,0.0018913745880126953
221909,normal,891,2,1782361230.3573463,0.002168416976928711
221910,normal,3044,0,1782361230.3592117,0.001865386962890625
221911,normal,111,0,1782361230.3614671,0.0022554397583007812
221912,normal,142,0,1782361230.3632,0.0017328262329101562
221913,normal,2381,0,1782361230.3654408,0.002240896224975586
221914,normal,3021,0,1782361230.3671572,0.0017163753509521484
221915,normal,1549,0,1782361230.3694332,0.0022759437561035156
221916,normal,3463,0,1782361230.3714588,0.002025604248046875
221917,normal,1629,0,1782361230.3731976,0.0017387866973876953
221918,normal,2494,0,1782361230.3754582,0.0022606849670410156
221919,normal,2433,0,1782361230.3773656,0.0019073486328125
221920,normal,3092,1,1782361230.3793232,0.0019576549530029297
221921,normal,1481,0,1782361230.3815367,0.0022134780883789062
221922,normal,146,0,1782361230.383348,0.0018112659454345703
221923,normal,841,2,1782361230.3853452,0.001997232437133789
221924,normal,2532,0,1782361230.3874097,0.0020644664764404297
221925,normal,2669,0,1782361230.3893566,0.0019469261169433594
221926,normal,2509,0,1782361230.3913198,0.0019631385803222656
221927,normal,50,0,1782361230.3936484,0.002328634262084961
221928,normal,276,0,1782361230.3957827,0.0021343231201171875
221929,normal,1405,0,1782361230.3972857,0.00150299072265625
221930,normal,193,0,1782361230.400771,0.0034852027893066406
221931,normal,1423,0,1782361230.401127,0.0003561973571777344
221932,normal,254,0,1782361230.4031403,0.0020132064819335938
221933,normal,532,0,1782361230.4052048,0.0020644664764404297
221934,normal,3322,1,1782361230.4072223,0.002017498016357422
221935,normal,119,0,1782361230.40937,0.002147674560546875
221936,normal,55,0,1782361230.411655,0.002285003662109375
221937,normal,1318,0,1782361230.4132006,0.0015456676483154297
221938,normal,2286,0,1782361230.415148,0.0019474029541015625
221939,normal,3382,1,1782361230.4172554,0.002107381820678711
221940,normal,1751,0,1782361230.4192095,0.0019540786743164062
221941,normal,3184,1,1782361230.4212027,0.0019931793212890625
221942,normal,2853,0,1782361230.4232035,0.0020008087158203125
221943,normal,2476,0,1782361230.4252357,0.0020322799682617188
221944,normal,2409,0,1782361230.4270828,0.0018470287322998047
221945,normal,943,2,1782361230.4291856,0.0021028518676757812
221946,normal,950,2,1782361230.4311657,0.0019800662994384766
221947,normal,1774,0,1782361230.4332788,0.0021131038665771484
221948,normal,3406,0,1782361230.4352467,0.001967906951904297
221949,normal,732,0,1782361230.4370508,0.0018041133880615234
221950,normal,239,0,1782361230.4391294,0.002078533172607422
221951,normal,470,0,1782361230.4411414,0.002012014389038086
221952,normal,2949,0,1782361230.4431372,0.0019958019256591797
221953,normal,2721,0,1782361230.445149,0.0020117759704589844
221954,normal,3142,1,1782361230.4471512,0.002002239227294922
221955,normal,1452,0,1782361230.4493103,0.00215911865234375
221956,normal,1626,0,1782361230.4511447,0.0018343925476074219
221957,normal,886,2,1782361230.4532175,0.0020728111267089844
221958,normal,1737,0,1782361230.455161,0.0019435882568359375
221959,normal,1931,0,1782361230.4571922,0.002031087875366211
221960,normal,1063,0,1782361230.4592714,0.0020792484283447266
221961,normal,3693,0,1782361230.4613516,0.002080202102661133
221962,normal,3552,0,1782361230.4631932,0.0018415451049804688
221963,normal,2934,0,1782361230.465249,0.0020558834075927734
221964,normal,2463,0,1782361230.4671867,0.0019376277923583984
221965,normal,3472,0,1782361230.469178,0.00199127197265625
221966,normal,1082,0,1782361230.4711885,0.0020105838775634766
221967,normal,3181,1,1782361230.473106,0.0019173622131347656
221968,normal,1265,0,1782361230.4751039,0.0019979476928710938
221969,normal,1111,0,1782361230.4773173,0.0022134780883789062
221970,normal,14,0,1782361230.4792933,0.00197601318359375
221971,normal,2705,0,1782361230.4812524,0.001959085464477539
221972,normal,1182,0,1782361230.4834156,0.0021631717681884766
221973,normal,1410,0,1782361230.4853115,0.001895904541015625
221974,normal,1755,0,1782361230.4873059,0.0019943714141845703
221975,normal,2863,0,1782361230.4892693,0.001963376998901367
221976,normal,1930,0,1782361230.4914105,0.002141237258911133
221977,normal,22,0,1782361230.49327,0.001859426498413086
221978,normal,3132,1,1782361230.4951,0.0018301010131835938
221979,normal,3204,1,1782361230.4971733,0.0020732879638671875
221980,normal,20,0,1782361230.4990966,0.0019233226776123047
221981,normal,534,0,1782361230.5013204,0.0022237300872802734
221982,normal,914,2,1782361230.5031347,0.0018143653869628906
221983,normal,2444,0,1782361230.505121,0.001986265182495117
221984,normal,1636,0,1782361230.507194,0.002073049545288086
221985,normal,3600,0,1782361230.5091124,0.0019183158874511719
221986,normal,3349,1,1782361230.5118616,0.002749204635620117
221987,normal,1992,0,1782361230.5133574,0.0014958381652832031
221988,normal,3352,1,1782361230.5151737,0.0018162727355957031
221989,normal,2833,0,1782361230.5171432,0.001969575881958008
221990,normal,1601,0,1782361230.519237,0.002093791961669922
221991,normal,1258,0,1782361230.5211484,0.0019114017486572266
221992,normal,2792,0,1782361230.5233195,0.002171039581298828
221993,normal,1683,0,1782361230.525165,0.0018455982208251953
221994,normal,3396,1,1782361230.5272076,0.002042531967163086
221995,normal,172,0,1782361230.5291429,0.0019352436065673828
221996,normal,851,2,1782361230.5312333,0.0020904541015625
221997,normal,1323,1,1782361230.5331628,0.0019295215606689453
221998,normal,610,0,1782361230.5352182,0.0020554065704345703
221999,normal,197,0,1782361230.5372677,0.0020494461059570312
222000,normal,2751,0,1782361230.5392053,0.0019376277923583984
222001,normal,2361,0,1782361230.5413754,0.002170085906982422
222002,normal,1314,0,1782361230.543968,0.0025925636291503906
222003,normal,1230,0,1782361230.545265,0.0012969970703125
222004,normal,1456,0,1782361230.5471032,0.0018382072448730469
222005,normal,3506,0,1782361230.5492418,0.0021386146545410156
222006,normal,3088,1,1782361230.5512207,0.0019788742065429688
222007,normal,343,0,1782361230.5532374,0.002016782760620117
222008,normal,1330,1,1782361230.5553267,0.002089262008666992
222009,normal,1784,0,1782361230.557259,0.001932382583618164
222010,normal,1343,1,1782361230.5592906,0.002031564712524414
222011,normal,2954,0,1782361230.561133,0.0018422603607177734
222012,normal,653,0,1782361230.5633216,0.0021886825561523438
222013,normal,2266,0,1782361230.5653114,0.0019898414611816406
222014,normal,2496,0,1782361230.5673597,0.0020482540130615234
222015,normal,2349,0,1782361230.5692449,0.0018851757049560547
222016,normal,2380,0,1782361230.5712292,0.0019843578338623047
222017,normal,1848,0,1782361230.5733194,0.0020902156829833984
222018,normal,1342,1,1782361230.5752633,0.001943826675415039
222019,normal,2958,0,1782361230.577711,0.002447843551635742
222020,normal,2677,0,1782361230.5791886,0.0014774799346923828
222021,normal,1080,0,1782361230.5812373,0.0020487308502197266
222022,normal,1561,0,1782361230.5831816,0.0019443035125732422
222023,normal,1746,0,1782361230.585271,0.002089262008666992
222024,normal,3052,1,1782361230.587178,0.0019071102142333984
222025,normal,1312,0,1782361230.5891838,0.0020058155059814453
222026,normal,350,0,1782361230.5913177,0.0021338462829589844
222027,normal,1944,0,1782361230.5931756,0.0018579959869384766
222028,normal,2335,0,1782361230.5951552,0.0019795894622802734
222029,normal,1484,0,1782361230.5972328,0.0020775794982910156
222030,normal,2771,0,1782361230.599171,0.0019381046295166016
222031,normal,2570,0,1782361230.601201,0.0020301342010498047
222032,normal,1497,0,1782361230.603272,0.002070903778076172
222033,normal,1675,0,1782361230.605205,0.0019330978393554688
222034,normal,1904,0,1782361230.607156,0.001950979232788086
222035,normal,1695,0,1782361230.6092544,0.0020983219146728516
222036,normal,1333,1,1782361230.6111956,0.0019412040710449219
222037,normal,3398,1,1782361230.6131282,0.0019326210021972656
222038,normal,2779,0,1782361230.6152022,0.002074003219604492
222039,normal,1190,0,1782361230.6171324,0.00193023681640625
222040,normal,419,0,1782361230.6191752,0.0020427703857421875
222041,normal,505,0,1782361230.621282,0.002106904983520508
222042,normal,605,0,1782361230.6232445,0.001962423324584961
222043,normal,770,0,1782361230.6253426,0.00209808349609375
222044,normal,1560,0,1782361230.6272635,0.001920938491821289
222045,normal,2521,0,1782361230.6293511,0.0020875930786132812
222046,normal,1479,0,1782361230.6312156,0.0018644332885742188
222047,normal,971,2,1782361230.63338,0.0021643638610839844
222048,normal,691,0,1782361230.6353524,0.0019724369049072266
222049,normal,463,0,1782361230.6371062,0.0017538070678710938
222050,normal,1575,0,1782361230.6391895,0.002083301544189453
222051,normal,3227,1,1782361230.6411152,0.0019257068634033203
222052,normal,3708,0,1782361230.643199,0.0020837783813476562
222053,normal,1279,0,1782361230.645211,0.002012014389038086
222054,normal,701,0,1782361230.6470945,0.0018835067749023438
222055,normal,674,0,1782361230.6490963,0.0020017623901367188
222056,normal,2197,0,1782361230.651175,0.0020787715911865234
222057,normal,418,0,1782361230.6536162,0.0024411678314208984
222058,normal,2012,0,1782361230.6554995,0.0018832683563232422
222059,normal,1710,0,1782361230.6571999,0.0017004013061523438
222060,normal,1455,0,1782361230.65924,0.0020401477813720703
222061,normal,1901,0,1782361230.6611469,0.0019068717956542969
222062,normal,3228,1,1782361230.663234,0.002087116241455078
222063,normal,181,0,1782361230.665344,0.002110004425048828
222064,normal,1028,2,1782361230.6672564,0.0019123554229736328
222065,normal,1093,0,1782361230.669236,0.0019795894622802734
222066,normal,2793,0,1782361230.6711504,0.0019145011901855469
222067,normal,122,0,1782361230.6731517,0.0020012855529785156
222068,normal,1020,2,1782361230.6752322,0.0020804405212402344
222069,normal,2268,0,1782361230.677191,0.0019588470458984375
222070,normal,908,2,1782361230.6791964,0.002005338668823242
222071,normal,2737,0,1782361230.68125,0.0020537376403808594
222072,normal,924,2,1782361230.6832073,0.0019571781158447266
222073,normal,358,0,1782361230.6858547,0.00264739990234375
222074,normal,3174,1,1782361230.687758,0.0019032955169677734
222075,normal,730,0,1782361230.6891315,0.0013735294342041016
222076,normal,2976,0,1782361230.6912282,0.0020966529846191406
222077,normal,3705,0,1782361230.6931918,0.0019636154174804688
222078,normal,2502,0,1782361230.6953259,0.002134084701538086
222079,normal,2723,0,1782361230.6972861,0.001960277557373047
222080,normal,939,2,1782361230.6992624,0.0019762516021728516
222081,normal,3113,1,1782361230.7011917,0.0019292831420898438
222082,normal,3129,1,1782361230.7033496,0.002157926559448242
222083,normal,2924,0,1782361230.7053397,0.001990079879760742
222084,normal,69,0,1782361230.7071238,0.0017840862274169922
222085,normal,462,0,1782361230.7091086,0.001984834671020508
222086,normal,1885,0,1782361230.7112074,0.0020987987518310547
222087,normal,3691,0,1782361230.7131765,0.0019690990447998047
222088,normal,2461,0,1782361230.7151606,0.001984119415283203
222089,normal,3038,0,1782361230.7172282,0.00206756591796875
222090,normal,3471,0,1782361230.719166,0.0019378662109375
222091,normal,2820,0,1782361230.72118,0.0020139217376708984
222092,normal,13,0,1782361230.723294,0.0021140575408935547
222093,normal,3353,1,1782361230.7252436,0.0019495487213134766
222094,normal,2814,0,1782361230.7272198,0.0019762516021728516
222095,normal,3697,0,1782361230.7291915,0.001971721649169922
222096,normal,2653,0,1782361230.7312446,0.0020530223846435547
222097,normal,3667,0,1782361230.7332244,0.001979827880859375
222098,normal,3098,1,1782361230.7353268,0.002102375030517578
222099,normal,1979,0,1782361230.737247,0.0019202232360839844
222100,normal,2056,0,1782361230.7390974,0.0018503665924072266
222101,normal,3409,0,1782361230.7411602,0.0020627975463867188
222102,normal,1828,0,1782361230.743247,0.0020868778228759766
222103,normal,1673,0,1782361230.7451608,0.0019137859344482422
222104,normal,633,0,1782361230.7471654,0.0020046234130859375
222105,normal,2254,0,1782361230.7492611,0.0020956993103027344
222106,normal,1207,0,1782361230.7512033,0.0019421577453613281
222107,normal,335,0,1782361230.7531369,0.0019335746765136719
222108,normal,3,0,1782361230.7552085,0.0020716190338134766
222109,normal,1935,0,1782361230.757103,0.0018944740295410156
222110,normal,484,0,1782361230.759119,0.0020160675048828125
222111,normal,2098,0,1782361230.7612169,0.0020978450775146484
222112,normal,3015,0,1782361230.763168,0.0019512176513671875
222113,normal,3051,1,1782361230.7651887,0.002020597457885742
222114,normal,2712,0,1782361230.7671578,0.0019690990447998047
222115,normal,2938,0,1782361230.7691236,0.001965761184692383
222116,normal,2558,0,1782361230.7711616,0.0020380020141601562
222117,normal,1472,0,1782361230.773103,0.0019414424896240234
222118,normal,3162,1,1782361230.7750688,0.001965761184692383
222119,normal,3135,1,1782361230.7770967,0.0020279884338378906
222120,normal,1443,0,1782361230.7791603,0.0020635128021240234
222121,normal,195,0,1782361230.7811763,0.0020160675048828125
222122,normal,962,2,1782361230.7831562,0.001979827880859375
222123,normal,1105,0,1782361230.785219,0.0020627975463867188
222124,normal,888,2,1782361230.787228,0.002009153366088867
222125,normal,1688,0,1782361230.789216,0.001987934112548828
222126,normal,3621,0,1782361230.791228,0.002012014389038086
222127,normal,289,0,1782361230.7931812,0.001953125
222128,normal,882,2,1782361230.7952359,0.0020546913146972656
222129,normal,2185,0,1782361230.7972598,0.002023935317993164
222130,normal,1213,0,1782361230.7990732,0.0018134117126464844
222131,normal,3091,1,1782361230.8010983,0.002025127410888672
222132,normal,972,2,1782361230.803097,0.0019986629486083984
222133,normal,2113,0,1782361230.8051343,0.0020372867584228516
222134,normal,2143,0,1782361230.8071158,0.001981496810913086
222135,normal,3116,1,1782361230.8091087,0.001992940902709961
222136,normal,2228,0,1782361230.811072,0.001963376998901367
222137,normal,1408,0,1782361230.8130984,0.0020263195037841797
222138,normal,2986,0,1782361230.815103,0.0020046234130859375
222139,normal,3524,0,1782361230.8178406,0.0027375221252441406
222140,normal,375,0,1782361230.819288,0.001447439193725586
222141,normal,1734,0,1782361230.8211555,0.001867532730102539
222142,normal,779,2,1782361230.823115,0.001959562301635742
222143,normal,3313,1,1782361230.825145,0.002029895782470703
222144,normal,1551,0,1782361230.8271537,0.002008676528930664
222145,normal,3274,1,1782361230.8293176,0.0021638870239257812
222146,normal,621,0,1782361230.8311586,0.0018410682678222656
222147,normal,2601,0,1782361230.8331382,0.0019795894622802734
222148,normal,2623,0,1782361230.835114,0.0019757747650146484
222149,normal,2543,0,1782361230.837142,0.0020279884338378906
222150,normal,3580,0,1782361230.8391442,0.002002239227294922
222151,normal,1884,0,1782361230.841116,0.001971721649169922
222152,normal,976,2,1782361230.843187,0.0020711421966552734
222153,normal,109,0,1782361230.8451798,0.0019927024841308594
222154,normal,2890,0,1782361230.84715,0.0019702911376953125
222155,normal,2492,0,1782361230.8492954,0.0021452903747558594
222156,normal,2325,0,1782361230.8519373,0.002641916275024414
222157,normal,2592,0,1782361230.853458,0.0015206336975097656
222158,normal,2939,0,1782361230.8551676,0.0017096996307373047
222159,normal,2072,0,1782361230.8571217,0.0019540786743164062
222160,normal,3497,0,1782361230.859193,0.002071380615234375
222161,normal,1475,0,1782361230.8611758,0.0019826889038085938
222162,normal,3123,1,1782361230.8632414,0.0020656585693359375
222163,normal,368,0,1782361230.865223,0.001981496810913086
222164,normal,103,0,1782361230.8672478,0.0020248889923095703
222165,normal,7,0,1782361230.869303,0.0020551681518554688
222166,normal,960,2,1782361230.8711767,0.0018737316131591797
222167,normal,872,2,1782361230.8732662,0.0020895004272460938
222168,normal,3145,1,1782361230.875357,0.0020906925201416016
222169,normal,83,0,1782361230.8772914,0.0019345283508300781
222170,normal,1799,0,1782361230.879291,0.0019996166229248047
222171,normal,3089,1,1782361230.8812213,0.00193023681640625
222172,normal,3394,1,1782361230.8831341,0.001912832260131836
222173,normal,3232,1,1782361230.8851538,0.002019643783569336
222174,normal,3668,0,1782361230.887162,0.002008199691772461
222175,normal,3275,1,1782361230.8893907,0.0022287368774414062
222176,normal,980,2,1782361230.8912294,0.00183868408203125
222177,normal,326,0,1782361230.893157,0.0019276142120361328
222178,normal,3112,1,1782361230.895154,0.0019969940185546875
222179,normal,1285,0,1782361230.8972569,0.0021028518676757812
222180,normal,3292,1,1782361230.8991706,0.0019137859344482422
222181,normal,287,0,1782361230.901164,0.001993417739868164
222182,normal,1727,0,1782361230.9033194,0.002155303955078125
222183,normal,2750,0,1782361230.9051623,0.0018429756164550781
222184,normal,2787,0,1782361230.9071424,0.0019800662994384766
222185,normal,3332,1,1782361230.909232,0.0020895004272460938
222186,normal,2155,0,1782361230.9112844,0.0020525455474853516
222187,normal,1823,0,1782361230.9132833,0.0019989013671875
222188,normal,1965,0,1782361230.9151518,0.0018684864044189453
222189,normal,1877,0,1782361230.9172409,0.0020890235900878906
222190,normal,1531,0,1782361230.9191816,0.0019407272338867188
222191,normal,3509,0,1782361230.9212396,0.0020580291748046875
222192,normal,2534,0,1782361230.9231389,0.0018992424011230469
222193,normal,249,0,1782361230.925137,0.0019981861114501953
222194,normal,2503,0,1782361230.9273021,0.002165079116821289
222195,normal,145,0,1782361230.929216,0.0019137859344482422
222196,normal,2614,0,1782361230.9313095,0.0020935535430908203
222197,normal,487,0,1782361230.9332633,0.0019538402557373047
222198,normal,1968,0,1782361230.9353116,0.0020482540130615234
222199,normal,2932,0,1782361230.9374192,0.0021076202392578125
222200,normal,600,0,1782361230.9391255,0.0017063617706298828
222201,normal,71,0,1782361230.9412048,0.0020792484283447266
222202,normal,876,2,1782361230.9431102,0.0019054412841796875
222203,normal,374,0,1782361230.9452548,0.0021445751190185547
222204,normal,1707,0,1782361230.9471455,0.0018906593322753906
222205,normal,3304,1,1782361230.9491093,0.0019638538360595703
222206,normal,2326,0,1782361230.9511936,0.0020842552185058594
222207,normal,3048,1,1782361230.9531069,0.001913309097290039
222208,normal,496,0,1782361230.955598,0.0024912357330322266
222209,normal,1625,0,1782361230.957528,0.0019299983978271484
222210,normal,330,0,1782361230.9592087,0.001680612564086914
222211,normal,1959,0,1782361230.9611557,0.0019469261169433594
222212,normal,2530,0,1782361230.9631572,0.002001523971557617
222213,normal,78,0,1782361230.9651358,0.001978635787963867
222214,normal,2691,0,1782361230.9673257,0.0021898746490478516
222215,normal,342,0,1782361230.9692612,0.0019354820251464844
222216,normal,2657,0,1782361230.9711325,0.001871347427368164
222217,normal,2925,0,1782361230.9731386,0.002006053924560547
222218,normal,1153,0,1782361230.9752388,0.002100229263305664
222219,normal,854,2,1782361230.9771407,0.001901865005493164
222220,normal,668,0,1782361230.9793715,0.0022308826446533203
222221,normal,1419,0,1782361230.9812996,0.001928091049194336
222222,normal,2497,0,1782361230.9833117,0.002012014389038086
222223,normal,565,0,1782361230.9852622,0.0019505023956298828
222224,normal,74,0,1782361230.9873629,0.002100706100463867
222225,normal,3410,0,1782361230.989471,0.0021080970764160156
222226,normal,1633,0,1782361230.991334,0.0018630027770996094
222227,normal,2838,0,1782361230.993206,0.0018720626831054688
222228,normal,2029,0,1782361230.995202,0.0019960403442382812
222229,normal,2801,0,1782361230.9971323,0.00193023681640625
222230,normal,2784,0,1782361230.9992054,0.002073049545288086
222231,normal,3610,0,1782361231.0014915,0.002286195755004883
222232,normal,2151,0,1782361231.0037618,0.002270221710205078
222233,normal,796,2,1782361231.005225,0.001463174819946289
222234,normal,3547,0,1782361231.0072005,0.001975536346435547
222235,normal,365,0,1782361231.009179,0.001978635787963867
222236,normal,2559,0,1782361231.0112674,0.002088308334350586
222237,normal,705,0,1782361231.0132039,0.0019364356994628906
222238,normal,1126,0,1782361231.0151844,0.0019805431365966797
222239,normal,169,0,1782361231.0173004,0.002115964889526367
222240,normal,2138,0,1782361231.0192463,0.0019459724426269531
222241,normal,1870,0,1782361231.021239,0.0019927024841308594
222242,normal,2281,0,1782361231.0232773,0.002038240432739258
222243,normal,3004,0,1782361231.0251381,0.0018608570098876953
222244,normal,262,0,1782361231.0272057,0.00206756591796875
222245,normal,3564,0,1782361231.0293388,0.0021331310272216797
222246,normal,919,2,1782361231.0312555,0.001916646957397461
222247,normal,580,0,1782361231.0332055,0.0019500255584716797
222248,normal,2768,0,1782361231.0352051,0.0019996166229248047
222249,normal,2920,0,1782361231.037197,0.0019919872283935547
222250,normal,1963,0,1782361231.039188,0.001990795135498047
222251,normal,1200,0,1782361231.041203,0.0020151138305664062
222252,normal,3565,0,1782361231.0432057,0.002002716064453125
222253,normal,1589,0,1782361231.045189,0.001983165740966797
222254,normal,2688,0,1782361231.0472765,0.0020875930786132812
222255,normal,2927,0,1782361231.0491476,0.0018711090087890625
222256,normal,1220,0,1782361231.0511696,0.0020220279693603516
222257,normal,1994,0,1782361231.0531535,0.0019838809967041016
222258,normal,3128,1,1782361231.0551517,0.0019981861114501953
222259,normal,3054,1,1782361231.0571978,0.0020461082458496094
222260,normal,1630,0,1782361231.0591888,0.0019910335540771484
222261,normal,1806,0,1782361231.0612087,0.0020198822021484375
222262,normal,1189,0,1782361231.0631137,0.0019049644470214844
222263,normal,1043,0,1782361231.0651407,0.0020270347595214844
222264,normal,3255,1,1782361231.0672112,0.0020704269409179688
222265,normal,1332,1,1782361231.0691245,0.001913309097290039
222266,normal,434,0,1782361231.0711138,0.0019893646240234375
222267,normal,1705,0,1782361231.0732076,0.002093791961669922
222268,normal,3299,1,1782361231.0752215,0.0020139217376708984
222269,normal,3595,0,1782361231.077289,0.00206756591796875
222270,normal,2054,0,1782361231.0793197,0.002030611038208008
222271,normal,1769,0,1782361231.0813081,0.0019884109497070312
222272,normal,1861,0,1782361231.0833693,0.002061128616333008
222273,normal,969,2,1782361231.0853145,0.0019452571868896484
222274,normal,836,2,1782361231.087426,0.0021114349365234375
222275,normal,1490,0,1782361231.0892437,0.0018177032470703125
222276,normal,150,0,1782361231.091394,0.002150297164916992
222277,normal,2156,0,1782361231.0933173,0.0019233226776123047
222278,normal,80,0,1782361231.0952783,0.0019609928131103516
222279,normal,106,0,1782361231.097117,0.00183868408203125
222280,normal,2484,0,1782361231.099198,0.002081155776977539
222281,normal,1886,0,1782361231.101202,0.002003908157348633
222282,normal,349,0,1782361231.1031919,0.0019898414611816406
222283,normal,1378,1,1782361231.1052024,0.0020105838775634766
222284,normal,1824,0,1782361231.1071942,0.001991748809814453
222285,normal,728,0,1782361231.1091073,0.0019130706787109375
222286,normal,3175,1,1782361231.1111953,0.0020880699157714844
222287,normal,2280,0,1782361231.1132927,0.0020973682403564453
222288,normal,1997,0,1782361231.115616,0.0023233890533447266
222289,normal,3182,1,1782361231.117255,0.0016388893127441406
222290,normal,2241,0,1782361231.1192453,0.0019903182983398438
222291,normal,1706,0,1782361231.121148,0.0019028186798095703
222292,normal,1638,0,1782361231.1232386,0.0020904541015625
222293,normal,866,2,1782361231.1252453,0.0020067691802978516
222294,normal,190,0,1782361231.127338,0.002092599868774414
222295,normal,1415,0,1782361231.1291938,0.0018558502197265625
222296,normal,1432,0,1782361231.1312437,0.0020499229431152344
222297,normal,59,0,1782361231.133233,0.0019893646240234375
222298,normal,1478,0,1782361231.1351507,0.0019176006317138672
222299,normal,1058,0,1782361231.1372373,0.002086639404296875
222300,normal,598,0,1782361231.139162,0.001924753189086914
222301,normal,906,2,1782361231.14133,0.002167940139770508
222302,normal,1722,0,1782361231.1432738,0.001943826675415039
222303,normal,2329,0,1782361231.1451871,0.001913309097290039
222304,normal,1868,0,1782361231.1474137,0.002226591110229492
222305,normal,2009,0,1782361231.149946,0.0025322437286376953
222306,normal,2332,0,1782361231.1512759,0.0013298988342285156
222307,normal,1379,1,1782361231.1531332,0.0018572807312011719
222308,normal,1924,0,1782361231.1552315,0.0020983219146728516
222309,normal,741,0,1782361231.1572309,0.001999378204345703
222310,normal,562,0,1782361231.1592956,0.0020647048950195312
222311,normal,2110,0,1782361231.1613283,0.002032756805419922
222312,normal,2518,0,1782361231.1632805,0.0019521713256835938
222313,normal,1637,0,1782361231.1654022,0.0021216869354248047
222314,normal,3323,1,1782361231.167259,0.0018568038940429688
222315,normal,2483,0,1782361231.1691513,0.0018923282623291016
222316,normal,3106,1,1782361231.171571,0.002419710159301758
222317,normal,1167,0,1782361231.1734223,0.0018513202667236328
222318,normal,3062,1,1782361231.1755214,0.0020990371704101562
222319,normal,1743,0,1782361231.1772096,0.001688241958618164
222320,normal,1119,0,1782361231.1793113,0.0021016597747802734
222321,normal,2040,0,1782361231.1813293,0.002017974853515625
222322,normal,952,2,1782361231.1832316,0.0019023418426513672
222323,normal,520,0,1782361231.1858435,0.002611875534057617
222324,normal,3315,1,1782361231.1872232,0.0013797283172607422
222325,normal,785,2,1782361231.1892145,0.00199127197265625
222326,normal,3419,0,1782361231.1912594,0.0020449161529541016
222327,normal,2353,0,1782361231.193268,0.002008676528930664
222328,normal,404,0,1782361231.1952543,0.001986265182495117
222329,normal,2312,0,1782361231.197255,0.002000570297241211
222330,normal,942,2,1782361231.1992497,0.0019948482513427734
222331,normal,1247,0,1782361231.2013154,0.0020656585693359375
222332,normal,3027,0,1782361231.2032394,0.0019240379333496094
222333,normal,1157,0,1782361231.2052107,0.0019712448120117188
222334,normal,1588,0,1782361231.2071419,0.0019311904907226562
222335,normal,3284,1,1782361231.2092533,0.0021114349365234375
222336,normal,710,0,1782361231.2113261,0.0020728111267089844
222337,normal,1714,0,1782361231.2131717,0.0018455982208251953
222338,normal,3101,1,1782361231.2153826,0.002210855484008789
222339,normal,3007,0,1782361231.2171857,0.0018031597137451172
222340,normal,3267,1,1782361231.2192655,0.0020797252655029297
222341,normal,1606,0,1782361231.2213101,0.002044677734375
222342,normal,2867,0,1782361231.2232406,0.0019304752349853516
222343,normal,222,0,1782361231.2252274,0.0019867420196533203
222344,normal,903,2,1782361231.2272184,0.0019910335540771484
222345,normal,586,0,1782361231.229218,0.0019996166229248047
222346,normal,2501,0,1782361231.231282,0.0020639896392822266
222347,normal,837,2,1782361231.233313,0.002031087875366211
222348,normal,1496,0,1782361231.2352247,0.0019116401672363281
222349,normal,1227,0,1782361231.2373388,0.0021140575408935547
222350,normal,1170,0,1782361231.2393937,0.002054929733276367
222351,normal,1304,0,1782361231.2413576,0.0019638538360595703
222352,normal,351,0,1782361231.243241,0.0018835067749023438
222353,normal,1893,0,1782361231.2453523,0.002111196517944336
222354,normal,3679,0,1782361231.2473247,0.0019724369049072266
222355,normal,795,2,1782361231.2492945,0.0019698143005371094
222356,normal,1135,0,1782361231.2512133,0.001918792724609375
222357,normal,102,0,1782361231.2531996,0.001986265182495117
222358,normal,158,0,1782361231.2551079,0.0019083023071289062
222359,normal,2828,0,1782361231.2573519,0.0022439956665039062
222360,normal,1066,0,1782361231.25914,0.0017881393432617188
222361,normal,1336,1,1782361231.2611926,0.0020525455474853516
222362,normal,2722,0,1782361231.263195,0.0020024776458740234
222363,normal,1759,0,1782361231.2651978,0.002002716064453125
222364,normal,2893,0,1782361231.267371,0.002173185348510742
222365,normal,2655,0,1782361231.2697659,0.0023949146270751953
222366,normal,1674,0,1782361231.2713385,0.0015726089477539062
222367,normal,2971,0,1782361231.27314,0.0018014907836914062
222368,normal,114,0,1782361231.2752268,0.0020868778228759766
222369,normal,3629,0,1782361231.2772226,0.0019958019256591797
222370,normal,2964,0,1782361231.2792387,0.0020160675048828125
222371,normal,2093,0,1782361231.2814543,0.0022156238555908203
222372,normal,716,0,1782361231.2832096,0.0017552375793457031
222373,normal,2362,0,1782361231.2852318,0.002022266387939453
222374,normal,2845,0,1782361231.2872474,0.0020155906677246094
222375,normal,0,0,1782361231.28924,0.001992464065551758
222376,normal,1635,0,1782361231.2912436,0.0020036697387695312
222377,normal,778,2,1782361231.2932417,0.0019981861114501953
222378,normal,422,0,1782361231.2953212,0.002079486846923828
222379,normal,3345,1,1782361231.2972877,0.0019664764404296875
222380,normal,1849,0,1782361231.2992854,0.001997709274291992
222381,normal,3687,0,1782361231.3013537,0.0020682811737060547
222382,normal,1236,0,1782361231.3040333,0.002679586410522461
222383,normal,329,0,1782361231.3055162,0.0014829635620117188
222384,normal,3465,0,1782361231.3071527,0.001636505126953125
222385,normal,2219,0,1782361231.3092988,0.002146005630493164
222386,normal,1165,0,1782361231.3113112,0.002012491226196289
222387,normal,1990,0,1782361231.3133378,0.0020265579223632812
222388,normal,1669,0,1782361231.3152494,0.0019116401672363281
222389,normal,16,0,1782361231.317412,0.002162456512451172
222390,normal,552,0,1782361231.3192117,0.0017998218536376953
222391,normal,766,0,1782361231.3216825,0.002470731735229492
222392,normal,1867,0,1782361231.3236778,0.0019953250885009766
222393,normal,692,0,1782361231.3252606,0.0015828609466552734
222394,normal,613,0,1782361231.3271146,0.00185394287109375
222395,normal,3683,0,1782361231.329267,0.0021524429321289062
222396,normal,934,2,1782361231.3312385,0.0019714832305908203
222397,normal,2727,0,1782361231.3332407,0.002002239227294922
222398,normal,883,2,1782361231.3352504,0.0020096302032470703
222399,normal,1518,0,1782361231.337239,0.001988649368286133
222400,normal,894,2,1782361231.3392527,0.002013683319091797
222401,normal,2635,0,1782361231.341262,0.0020093917846679688
222402,normal,313,0,1782361231.3433144,0.00205230712890625
222403,normal,2789,0,1782361231.345307,0.0019927024841308594
222404,normal,1338,1,1782361231.3472788,0.001971721649169922
222405,normal,149,0,1782361231.3492196,0.0019407272338867188
222406,normal,1800,0,1782361231.3512216,0.0020020008087158203
222407,normal,399,0,1782361231.3534496,0.0022280216217041016
222408,normal,1276,0,1782361231.3555112,0.002061605453491211
222409,normal,108,0,1782361231.3573327,0.0018215179443359375
222410,normal,449,0,1782361231.3594186,0.0020859241485595703
222411,normal,3493,0,1782361231.3613317,0.0019130706787109375
222412,normal,1783,0,1782361231.3632832,0.001951456069946289
222413,normal,425,0,1782361231.3653922,0.002109050750732422
222414,normal,3240,1,1782361231.3673823,0.001990079879760742
222415,normal,3208,1,1782361231.3692906,0.0019083023071289062
222416,normal,2070,0,1782361231.3713868,0.0020961761474609375
222417,normal,1713,0,1782361231.3734589,0.0020720958709716797
222418,normal,2022,0,1782361231.375169,0.0017101764678955078
222419,normal,3202,1,1782361231.377362,0.002192974090576172
222420,normal,1172,0,1782361231.3795145,0.0021524429321289062
222421,normal,2590,0,1782361231.3813176,0.0018031597137451172
222422,normal,3120,1,1782361231.3832924,0.001974821090698242
222423,normal,1275,0,1782361231.385423,0.0021305084228515625
222424,normal,3558,0,1782361231.3875465,0.002123594284057617
222425,normal,2466,0,1782361231.389185,0.0016384124755859375
222426,normal,3513,0,1782361231.3913875,0.0022025108337402344
222427,normal,1880,0,1782361231.3932745,0.0018870830535888672
222428,normal,1668,0,1782361231.3953915,0.0021169185638427734
222429,normal,3242,1,1782361231.3973465,0.0019550323486328125
222430,normal,3080,1,1782361231.399243,0.0018966197967529297
222431,normal,2666,0,1782361231.4013464,0.0021033287048339844
222432,normal,3522,0,1782361231.4034123,0.002065896987915039
222433,normal,2284,0,1782361231.405237,0.0018246173858642578
222434,normal,3591,0,1782361231.407414,0.002177000045776367
222435,normal,754,0,1782361231.4094381,0.0020241737365722656
222436,normal,2812,0,1782361231.4113154,0.0018773078918457031
222437,normal,2176,0,1782361231.413568,0.0022525787353515625
222438,normal,3105,1,1782361231.4152455,0.0016775131225585938
222439,normal,1883,0,1782361231.4174912,0.002245664596557617
222440,normal,3576,0,1782361231.419414,0.0019228458404541016
222441,normal,1903,0,1782361231.421369,0.0019550323486328125
222442,normal,163,0,1782361231.4231625,0.0017933845520019531
222443,normal,28,0,1782361231.425355,0.0021924972534179688
222444,normal,160,0,1782361231.427338,0.0019829273223876953
222445,normal,353,0,1782361231.4293368,0.0019989013671875
222446,normal,3317,1,1782361231.4312503,0.0019135475158691406
222447,normal,3282,1,1782361231.433333,0.0020825862884521484
222448,normal,3212,1,1782361231.4352374,0.0019044876098632812
222449,normal,3586,0,1782361231.437332,0.0020945072174072266
222450,normal,2152,0,1782361231.4393663,0.002034425735473633
222451,normal,3642,0,1782361231.4418342,0.0024678707122802734
222452,normal,1804,0,1782361231.4432719,0.0014376640319824219
222453,normal,2817,0,1782361231.4453483,0.002076387405395508
222454,normal,2940,0,1782361231.447244,0.0018956661224365234
222455,normal,77,0,1782361231.4493546,0.002110719680786133
222456,normal,2032,0,1782361231.451361,0.0020062923431396484
222457,normal,967,2,1782361231.4533734,0.002012491226196289
222458,normal,3192,1,1782361231.4553132,0.0019397735595703125
222459,normal,124,0,1782361231.4572618,0.0019485950469970703
222460,normal,2902,0,1782361231.4592648,0.0020029544830322266
222461,normal,2285,0,1782361231.4613605,0.0020956993103027344
222462,normal,2013,0,1782361231.463367,0.00200653076171875
222463,normal,3285,1,1782361231.4652803,0.001913309097290039
222464,normal,1228,0,1782361231.4674325,0.0021522045135498047
222465,normal,3268,1,1782361231.4693727,0.0019402503967285156
222466,normal,2858,0,1782361231.4712656,0.0018928050994873047
222467,normal,3615,0,1782361231.4734237,0.0021581649780273438
222468,normal,622,0,1782361231.4759521,0.0025284290313720703
222469,normal,1873,0,1782361231.4773867,0.0014345645904541016
222470,normal,460,0,1782361231.479436,0.0020492076873779297
222471,normal,1449,0,1782361231.4813564,0.001920461654663086
222472,normal,2258,0,1782361231.483285,0.001928567886352539
222473,normal,1533,0,1782361231.4852886,0.0020036697387695312
222474,normal,1982,0,1782361231.487406,0.0021173954010009766
222475,normal,1246,0,1782361231.4892318,0.0018258094787597656
222476,normal,388,0,1782361231.4914055,0.0021736621856689453
222477,normal,2097,0,1782361231.4932973,0.0018918514251708984
222478,normal,629,0,1782361231.495187,0.0018897056579589844
222479,normal,2168,0,1782361231.4975905,0.0024034976959228516
222480,normal,1571,0,1782361231.499308,0.0017175674438476562
222481,normal,1464,0,1782361231.5013657,0.0020575523376464844
222482,normal,753,0,1782361231.503384,0.002018451690673828
222483,normal,611,0,1782361231.5052586,0.0018744468688964844
222484,normal,1235,0,1782361231.5072775,0.0020189285278320312
222485,normal,2783,0,1782361231.5093775,0.0020999908447265625
222486,normal,170,0,1782361231.5114114,0.0020339488983154297
222487,normal,445,0,1782361231.5133483,0.0019369125366210938
222488,normal,442,0,1782361231.5152595,0.001911163330078125
222489,normal,3297,1,1782361231.5173936,0.002134084701538086
222490,normal,2718,0,1782361231.5192895,0.001895904541015625
222491,normal,3641,0,1782361231.521393,0.002103567123413086
222492,normal,2780,0,1782361231.5233784,0.001985311508178711
222493,normal,1548,0,1782361231.5252917,0.001913309097290039
222494,normal,2383,0,1782361231.5274138,0.002122163772583008
222495,normal,1329,1,1782361231.5293689,0.0019550323486328125
222496,normal,3117,1,1782361231.5312548,0.0018858909606933594
222497,normal,1325,1,1782361231.533364,0.0021092891693115234
222498,normal,2088,0,1782361231.5357778,0.0024137496948242188
222499,normal,784,2,1782361231.5372117,0.0014338493347167969
222500,normal,1331,1,1782361231.5393682,0.002156496047973633
222501,normal,2664,0,1782361231.5412564,0.001888275146484375
222502,normal,1812,0,1782361231.5432863,0.002029895782470703
222503,normal,52,0,1782361231.5453703,0.002084016799926758
222504,normal,575,0,1782361231.5473585,0.0019881725311279297
222505,normal,1421,0,1782361231.5492525,0.0018939971923828125
222506,normal,2161,0,1782361231.5514421,0.00218963623046875
222507,normal,1648,0,1782361231.5533724,0.00193023681640625
222508,normal,1326,1,1782361231.5553744,0.0020020008087158203
222509,normal,3324,1,1782361231.5573606,0.001986265182495117
222510,normal,1964,0,1782361231.5595868,0.002226114273071289
222511,normal,2238,0,1782361231.5614257,0.0018389225006103516
222512,normal,2302,0,1782361231.5632477,0.0018219947814941406
222513,normal,1819,0,1782361231.5653052,0.0020575523376464844
222514,normal,2689,0,1782361231.5672095,0.0019042491912841797
222515,normal,559,0,1782361231.5693023,0.0020928382873535156
222516,normal,3421,0,1782361231.5712326,0.00193023681640625
222517,normal,3333,1,1782361231.5731292,0.0018966197967529297
222518,normal,1498,0,1782361231.5751963,0.002067089080810547
222519,normal,2416,0,1782361231.5772007,0.002004384994506836
222520,normal,2668,0,1782361231.5799007,0.0027000904083251953
222521,normal,174,0,1782361231.581505,0.001604318618774414
222522,normal,414,0,1782361231.5832207,0.0017156600952148438
222523,normal,752,0,1782361231.585257,0.0020363330841064453
222524,normal,2061,0,1782361231.587246,0.0019888877868652344
222525,normal,1810,0,1782361231.5892465,0.002000570297241211
222526,normal,443,0,1782361231.5914102,0.0021636486053466797
222527,normal,2127,0,1782361231.5932617,0.0018515586853027344
222528,normal,1260,0,1782361231.5952263,0.001964569091796875
222529,normal,3407,0,1782361231.5972319,0.0020055770874023438
222530,normal,1512,0,1782361231.5992494,0.002017498016357422
222531,normal,1223,0,1782361231.6012375,0.0019881725311279297
222532,normal,2117,0,1782361231.6034575,0.0022199153900146484
222533,normal,275,0,1782361231.6053586,0.0019011497497558594
222534,normal,1398,0,1782361231.6072953,0.0019366741180419922
222535,normal,558,0,1782361231.6093497,0.002054452896118164
222536,normal,1094,0,1782361231.6113727,0.002022981643676758
222537,normal,656,0,1782361231.613488,0.0021152496337890625
222538,normal,2847,0,1782361231.6153421,0.0018541812896728516
222539,normal,2777,0,1782361231.6173024,0.001960277557373047
222540,normal,481,0,1782361231.619211,0.0019085407257080078
222541,normal,849,2,1782361231.6212192,0.002008199691772461
222542,normal,3176,1,1782361231.6232107,0.0019915103912353516
222543,normal,382,0,1782361231.6254044,0.0021936893463134766
222544,normal,2165,0,1782361231.6276152,0.002210855484008789
222545,normal,464,0,1782361231.6292846,0.0016694068908691406
222546,normal,1459,0,1782361231.6311758,0.0018911361694335938
222547,normal,1794,0,1782361231.6332479,0.0020720958709716797
222548,normal,2184,0,1782361231.6352382,0.0019903182983398438
222549,normal,1591,0,1782361231.6372445,0.0020062923431396484
222550,normal,1259,0,1782361231.6392617,0.0020172595977783203
222551,normal,11,0,1782361231.6412833,0.0020215511322021484
222552,normal,1744,0,1782361231.643333,0.002049684524536133
222553,normal,3277,1,1782361231.645237,0.0019040107727050781
222554,normal,3084,1,1782361231.6472578,0.0020208358764648438
222555,normal,3507,0,1782361231.6492548,0.0019969940185546875
222556,normal,1234,0,1782361231.6513038,0.002048969268798828
222557,normal,1319,1,1782361231.653328,0.0020241737365722656
222558,normal,2616,0,1782361231.6552265,0.0018985271453857422
222559,normal,1104,0,1782361231.6572425,0.0020160675048828125
222560,normal,2393,0,1782361231.659223,0.0019805431365966797
222561,normal,3703,0,1782361231.6612601,0.00203704833984375
222562,normal,2272,0,1782361231.6632645,0.002004384994506836
222563,normal,2961,0,1782361231.6652598,0.0019953250885009766
222564,normal,2303,0,1782361231.6672971,0.0020372867584228516
222565,normal,2960,0,1782361231.6691775,0.0018804073333740234
222566,normal,3121,1,1782361231.6713393,0.002161741256713867
222567,normal,1208,0,1782361231.6731536,0.0018143653869628906
222568,normal,624,0,1782361231.6752353,0.002081632614135742
222569,normal,1306,0,1782361231.6772568,0.0020215511322021484
222570,normal,48,0,1782361231.6792698,0.002012968063354492
222571,normal,3686,0,1782361231.6813233,0.002053499221801758
222572,normal,1938,0,1782361231.6832721,0.0019488334655761719
222573,normal,1697,0,1782361231.6853468,0.002074718475341797
222574,normal,1687,0,1782361231.6871433,0.0017964839935302734
222575,normal,3237,1,1782361231.689259,0.0021157264709472656
222576,normal,2764,0,1782361231.691205,0.0019459724426269531
222577,normal,194,0,1782361231.6932101,0.0020051002502441406
222578,normal,251,0,1782361231.6952188,0.002008676528930664
222579,normal,3321,1,1782361231.6972094,0.0019905567169189453
222580,normal,2079,0,1782361231.6992073,0.0019979476928710938
222581,normal,1972,0,1782361231.7012994,0.002092123031616211
222582,normal,515,0,1782361231.703205,0.001905679702758789
222583,normal,3087,1,1782361231.7052877,0.0020825862884521484
222584,normal,3001,0,1782361231.70741,0.0021224021911621094
222585,normal,444,0,1782361231.7092845,0.0018744468688964844
222586,normal,1739,0,1782361231.7114093,0.002124786376953125
222587,normal,2080,0,1782361231.7133272,0.0019178390502929688
222588,normal,3040,0,1782361231.715299,0.001971721649169922
222589,normal,97,0,1782361231.717462,0.0021631717681884766
222590,normal,2245,0,1782361231.7192302,0.0017681121826171875
222591,normal,1482,0,1782361231.7212088,0.001978635787963867
222592,normal,761,0,1782361231.7231152,0.0019063949584960938
222593,normal,3596,0,1782361231.7252088,0.0020935535430908203
222594,normal,2436,0,1782361231.7273211,0.0021123886108398438
222595,normal,3225,1,1782361231.729119,0.0017979145050048828
222596,normal,1764,0,1782361231.7311993,0.002080202102661133
222597,normal,3492,0,1782361231.7332008,0.002001523971557617
222598,normal,3550,0,1782361231.7352011,0.0020003318786621094
222599,normal,1584,0,1782361231.737338,0.0021369457244873047
222600,normal,3260,1,1782361231.7396212,0.0022830963134765625
222601,normal,1590,0,1782361231.7412457,0.0016245841979980469
222602,normal,1076,0,1782361231.7432442,0.001998424530029297
222603,normal,2318,0,1782361231.7452385,0.0019943714141845703
222604,normal,982,2,1782361231.7472389,0.0020003318786621094
222605,normal,1681,0,1782361231.7492423,0.0020034313201904297
222606,normal,989,2,1782361231.751424,0.0021817684173583984
222607,normal,599,0,1782361231.753188,0.0017638206481933594
222608,normal,2017,0,1782361231.7552338,0.002045869827270508
222609,normal,1487,0,1782361231.7571497,0.0019159317016601562
222610,normal,395,0,1782361231.7592416,0.0020918846130371094
222611,normal,1431,0,1782361231.7612476,0.002006053924560547
222612,normal,1816,0,1782361231.7632587,0.0020110607147216797
222613,normal,3344,1,1782361231.7653246,0.002065896987915039
222614,normal,2468,0,1782361231.767283,0.0019583702087402344
222615,normal,1399,0,1782361231.769276,0.001992940902709961
222616,normal,867,2,1782361231.7714322,0.0021562576293945312
222617,normal,2815,0,1782361231.773887,0.0024547576904296875
222618,normal,1346,1,1782361231.7752852,0.001398324966430664
222619,normal,290,0,1782361231.777218,0.0019328594207763672
222620,normal,3436,0,1782361231.7792277,0.0020096302032470703
222621,normal,1018,2,1782361231.781288,0.0020601749420166016
222622,normal,380,0,1782361231.7833061,0.0020182132720947266
222623,normal,1001,2,1782361231.785334,0.0020279884338378906
222624,normal,657,0,1782361231.7873294,0.0019953250885009766
222625,normal,2909,0,1782361231.7894027,0.0020732879638671875
222626,normal,162,0,1782361231.7913053,0.0019025802612304688
222627,normal,125,0,1782361231.7932317,0.001926422119140625
222628,normal,3658,0,1782361231.7953482,0.0021164417266845703
222629,normal,183,0,1782361231.7974174,0.002069234848022461
222630,normal,437,0,1782361231.7993822,0.0019648075103759766
222631,normal,2919,0,1782361231.8013268,0.0019445419311523438
222632,normal,3320,1,1782361231.8032994,0.001972675323486328
222633,normal,2301,0,1782361231.8053024,0.0020029544830322266
222634,normal,2603,0,1782361231.8072598,0.001957416534423828
222635,normal,140,0,1782361231.8095694,0.002309560775756836
222636,normal,3518,0,1782361231.811282,0.0017125606536865234
222637,normal,1077,0,1782361231.8132365,0.0019545555114746094
222638,normal,3512,0,1782361231.8152912,0.0020546913146972656
222639,normal,1960,0,1782361231.817295,0.002003908157348633
222640,normal,2438,0,1782361231.8192773,0.0019822120666503906
222641,normal,2556,0,1782361231.8212755,0.0019981861114501953
222642,normal,191,0,1782361231.823284,0.0020084381103515625
222643,normal,1055,0,1782361231.8253434,0.002059459686279297
222644,normal,1653,0,1782361231.827183,0.0018396377563476562
222645,normal,411,0,1782361231.8292632,0.002080202102661133
222646,normal,3582,0,1782361231.8312683,0.0020051002502441406
222647,normal,1566,0,1782361231.833285,0.002016782760620117
222648,normal,1474,0,1782361231.8353388,0.0020537376403808594
222649,normal,390,0,1782361231.8372056,0.0018668174743652344
222650,normal,1920,0,1782361231.8393943,0.0021886825561523438
222651,normal,3251,1,1782361231.8411777,0.0017833709716796875
222652,normal,775,2,1782361231.8431816,0.002003908157348633
222653,normal,1488,0,1782361231.845152,0.0019702911376953125
222654,normal,1138,0,1782361231.8472173,0.002065420150756836
222655,normal,325,0,1782361231.8491127,0.0018954277038574219
222656,normal,1696,0,1782361231.851102,0.0019893646240234375
222657,normal,1311,0,1782361231.85315,0.0020477771759033203
222658,normal,1317,0,1782361231.8551567,0.0020067691802978516
222659,normal,2988,0,1782361231.857204,0.002047300338745117
222660,normal,757,0,1782361231.8592029,0.0019989013671875
222661,normal,1371,1,1782361231.8612053,0.0020024776458740234
222662,normal,1596,0,1782361231.8632455,0.0020401477813720703
222663,normal,35,0,1782361231.865332,0.0020864009857177734
222664,normal,2205,0,1782361231.8672068,0.0018749237060546875
222665,normal,2313,0,1782361231.8692348,0.0020279884338378906
222666,normal,265,0,1782361231.8712926,0.002057790756225586
222667,normal,3434,0,1782361231.8732488,0.0019562244415283203
222668,normal,707,0,1782361231.8750987,0.0018498897552490234
222669,normal,1818,0,1782361231.8771205,0.00202178955078125
222670,normal,1614,0,1782361231.8790774,0.001956939697265625
222671,normal,2651,0,1782361231.881117,0.002039670944213867
222672,normal,1347,1,1782361231.8832312,0.0021140575408935547
222673,normal,2220,0,1782361231.8850765,0.0018453598022460938
222674,normal,3303,1,1782361231.8871138,0.0020372867584228516
222675,normal,523,0,1782361231.8891282,0.0020143985748291016
222676,normal,3413,0,1782361231.8910787,0.0019505023956298828
222677,normal,304,0,1782361231.8938496,0.0027709007263183594
222678,normal,2121,0,1782361231.895406,0.001556396484375
222679,normal,650,0,1782361231.8971555,0.0017495155334472656
222680,normal,1466,0,1782361231.8991652,0.0020096302032470703
222681,normal,1592,0,1782361231.9011588,0.0019936561584472656
222682,normal,1035,0,1782361231.9031277,0.001968860626220703
222683,normal,3172,1,1782361231.9051847,0.0020570755004882812
222684,normal,1809,0,1782361231.9074006,0.002215862274169922
222685,normal,2415,0,1782361231.9091256,0.0017249584197998047
222686,normal,2498,0,1782361231.911172,0.002046346664428711
222687,normal,517,0,1782361231.9131525,0.0019805431365966797
222688,normal,3367,1,1782361231.9151208,0.0019683837890625
222689,normal,144,0,1782361231.917122,0.002001047134399414
222690,normal,2746,0,1782361231.9192197,0.0020978450775146484
222691,normal,2316,0,1782361231.9211736,0.0019538402557373047
222692,normal,143,0,1782361231.9231603,0.0019867420196533203
222693,normal,1054,0,1782361231.9251952,0.002034902572631836
222694,normal,915,2,1782361231.9274204,0.002225160598754883
222695,normal,1465,0,1782361231.9299,0.00247955322265625
222696,normal,619,0,1782361231.931132,0.001232147216796875
222697,normal,526,0,1782361231.933146,0.0020139217376708984
222698,normal,2596,0,1782361231.935214,0.002068042755126953
222699,normal,3269,1,1782361231.9372282,0.00201416015625
222700,normal,736,0,1782361231.939215,0.0019867420196533203
222701,normal,317,0,1782361231.9412894,0.0020744800567626953
222702,normal,1250,0,1782361231.9432135,0.0019240379333496094
222703,normal,173,0,1782361231.9450893,0.0018758773803710938
222704,normal,327,0,1782361231.9472988,0.0022094249725341797
222705,normal,2510,0,1782361231.9493613,0.002062559127807617
222706,normal,862,2,1782361231.9510736,0.0017123222351074219
222707,normal,2123,0,1782361231.9531353,0.002061605453491211
222708,normal,571,0,1782361231.9552176,0.002082347869873047
222709,normal,12,0,1782361231.9571033,0.0018856525421142578
222710,normal,129,0,1782361231.9591389,0.0020356178283691406
222711,normal,2725,0,1782361231.9611316,0.0019927024841308594
222712,normal,1692,0,1782361231.9631453,0.002013683319091797
222713,normal,3495,0,1782361231.965269,0.0021238327026367188
222714,normal,3452,0,1782361231.9672167,0.001947641372680664
222715,normal,347,0,1782361231.9693215,0.0021047592163085938
222716,normal,2474,0,1782361231.9713295,0.0020079612731933594
222717,normal,1631,0,1782361231.9732296,0.0019001960754394531
222718,normal,2795,0,1782361231.9752052,0.001975536346435547
222719,normal,227,0,1782361231.9772847,0.002079486846923828
222720,normal,1838,0,1782361231.9792285,0.001943826675415039
222721,normal,493,0,1782361231.9813366,0.0021080970764160156
222722,normal,2418,0,1782361231.9833176,0.001981019973754883
222723,normal,1086,0,1782361231.9852006,0.0018830299377441406
222724,normal,396,0,1782361231.987243,0.0020422935485839844
222725,normal,2105,0,1782361231.9892945,0.0020515918731689453
222726,normal,591,0,1782361231.9911728,0.0018782615661621094
222727,normal,922,2,1782361231.9932632,0.0020904541015625
222728,normal,1917,0,1782361231.9952676,0.002004384994506836
222729,normal,3032,0,1782361231.9973977,0.0021300315856933594
222730,normal,724,0,1782361231.9991567,0.0017590522766113281
222731,normal,1728,0,1782361232.0012422,0.002085447311401367
222732,normal,1852,0,1782361232.003235,0.001992940902709961
222733,normal,3376,1,1782361232.005217,0.001981973648071289
222734,normal,3016,0,1782361232.007263,0.002045869827270508
222735,normal,2300,0,1782361232.0093288,0.002065896987915039
222736,normal,664,0,1782361232.011461,0.0021321773529052734
222737,normal,3416,0,1782361232.0132604,0.0017993450164794922
222738,normal,747,0,1782361232.0152378,0.0019774436950683594
222739,normal,3243,1,1782361232.0172567,0.0020189285278320312
222740,normal,587,0,1782361232.019285,0.002028226852416992
222741,normal,3327,1,1782361232.0212278,0.0019428730010986328
222742,normal,428,0,1782361232.023132,0.0019042491912841797
222743,normal,1038,0,1782361232.0252583,0.0021262168884277344
222744,normal,937,2,1782361232.0271413,0.0018830299377441406
222745,normal,2069,0,1782361232.029343,0.002201557159423828
222746,normal,1984,0,1782361232.031322,0.0019791126251220703
222747,normal,1835,0,1782361232.0332448,0.0019228458404541016
222748,normal,911,2,1782361232.035415,0.002170085906982422
222749,normal,1923,0,1782361232.0373492,0.0019342899322509766
222750,normal,2114,0,1782361232.039321,0.001971721649169922
222751,normal,3350,1,1782361232.0413394,0.002018451690673828
222752,normal,244,0,1782361232.0433912,0.002051830291748047
222753,normal,413,0,1782361232.045385,0.0019936561584472656
222754,normal,1255,0,1782361232.0471287,0.0017437934875488281
222755,normal,759,0,1782361232.0492098,0.002081155776977539
222756,normal,1647,0,1782361232.0512075,0.001997709274291992
222757,normal,2629,0,1782361232.053209,0.002001523971557617
222758,normal,328,0,1782361232.0553687,0.002159595489501953
222759,normal,2249,0,1782361232.0571163,0.0017476081848144531
222760,normal,2914,0,1782361232.0592015,0.0020852088928222656
222761,normal,81,0,1782361232.0612128,0.0020112991333007812
222762,normal,3346,1,1782361232.063204,0.00199127197265625
222763,normal,3519,0,1782361232.0655916,0.002387523651123047
222764,normal,2104,0,1782361232.0675986,0.002007007598876953
222765,normal,3616,0,1782361232.069283,0.001684427261352539
222766,normal,1788,0,1782361232.0712547,0.001971721649169922
222767,normal,3024,0,1782361232.07325,0.0019953250885009766
222768,normal,708,0,1782361232.0752265,0.001976490020751953
222769,normal,1462,0,1782361232.0771797,0.001953125
222770,normal,1517,0,1782361232.079465,0.0022852420806884766
222771,normal,3603,0,1782361232.0812032,0.0017383098602294922
222772,normal,887,2,1782361232.0832415,0.002038240432739258
222773,normal,925,2,1782361232.085261,0.002019643783569336
222774,normal,2582,0,1782361232.087246,0.001984834671020508
222775,normal,1832,0,1782361232.0892487,0.002002716064453125
222776,normal,238,0,1782361232.0912662,0.002017498016357422
222777,normal,489,0,1782361232.0933185,0.00205230712890625
222778,normal,926,2,1782361232.095205,0.001886606216430664
222779,normal,438,0,1782361232.097275,0.0020699501037597656
222780,normal,1522,0,1782361232.0994864,0.002211332321166992
222781,normal,3440,0,1782361232.1019342,0.002447843551635742
222782,normal,2339,0,1782361232.1033056,0.0013713836669921875
222783,normal,1843,0,1782361232.105224,0.0019183158874511719
222784,normal,104,0,1782361232.1071596,0.001935720443725586
222785,normal,1273,0,1782361232.1093197,0.0021600723266601562
222786,normal,231,0,1782361232.111316,0.001996278762817383
222787,normal,246,0,1782361232.1133378,0.00202178955078125
222788,normal,3056,1,1782361232.1153438,0.002006053924560547
222789,normal,126,0,1782361232.1173692,0.0020253658294677734
222790,normal,1660,0,1782361232.1192873,0.0019180774688720703
222791,normal,2149,0,1782361232.121503,0.002215862274169922
222792,normal,2800,0,1782361232.123695,0.002191781997680664
222793,normal,773,2,1782361232.1253657,0.00167083740234375
222794,normal,1269,0,1782361232.1274977,0.002131938934326172
222795,normal,1712,0,1782361232.1293285,0.0018308162689208984
222796,normal,3527,0,1782361232.131278,0.0019495487213134766
222797,normal,1766,0,1782361232.1332726,0.001994609832763672
222798,normal,2577,0,1782361232.135257,0.0019843578338623047
222799,normal,2448,0,1782361232.1373131,0.002056121826171875
222800,normal,2183,0,1782361232.139329,0.002015829086303711
222801,normal,3295,1,1782361232.1412518,0.0019228458404541016
222802,normal,749,0,1782361232.1432917,0.0020399093627929688
222803,normal,1467,0,1782361232.1452737,0.001981973648071289
222804,normal,1362,1,1782361232.1472716,0.0019979476928710938
222805,normal,1750,0,1782361232.149266,0.0019943714141845703
222806,normal,3104,1,1782361232.1512628,0.001996755599975586
222807,normal,2199,0,1782361232.153304,0.002041339874267578
222808,normal,1178,0,1782361232.1552355,0.0019314289093017578
222809,normal,772,2,1782361232.1572576,0.0020220279693603516
222810,normal,3046,1,1782361232.159254,0.0019965171813964844
222811,normal,3186,1,1782361232.161568,0.002313852310180664
222812,normal,2170,0,1782361232.1632977,0.001729726791381836
222813,normal,2180,0,1782361232.165269,0.0019712448120117188
222814,normal,269,0,1782361232.167265,0.0019960403442382812
222815,normal,2879,0,1782361232.1692896,0.0020246505737304688
222816,normal,1615,0,1782361232.171249,0.0019593238830566406
222817,normal,723,0,1782361232.1731546,0.001905679702758789
222818,normal,1795,0,1782361232.1752574,0.0021028518676757812
222819,normal,2025,0,1782361232.1772952,0.0020377635955810547
222820,normal,3009,0,1782361232.1793325,0.0020372867584228516
222821,normal,3137,1,1782361232.1813803,0.0020477771759033203
222822,normal,1263,0,1782361232.1832743,0.0018939971923828125
222823,normal,218,0,1782361232.185387,0.0021126270294189453
222824,normal,2294,0,1782361232.1874483,0.0020613670349121094
222825,normal,47,0,1782361232.1891372,0.0016889572143554688
222826,normal,3543,0,1782361232.1912086,0.002071380615234375
222827,normal,2755,0,1782361232.1932068,0.0019981861114501953
222828,normal,1364,1,1782361232.1952963,0.0020895004272460938
222829,normal,3636,0,1782361232.1971416,0.0018453598022460938
222830,normal,384,0,1782361232.1992085,0.0020668506622314453
222831,normal,540,0,1782361232.2012084,0.0019998550415039062
222832,normal,450,0,1782361232.2032082,0.0019998550415039062
222833,normal,1667,0,1782361232.2055357,0.002327442169189453
222834,normal,2177,0,1782361232.2075367,0.002001047134399414
222835,normal,2948,0,1782361232.20922,0.0016832351684570312
222836,normal,1089,0,1782361232.2112622,0.0020422935485839844
222837,normal,2974,0,1782361232.213251,0.0019888877868652344
222838,normal,1791,0,1782361232.215248,0.0019969940185546875
222839,normal,1532,0,1782361232.217417,0.002168893814086914
222840,normal,3592,0,1782361232.2191832,0.001766204833984375
222841,normal,1256,0,1782361232.22123,0.002046823501586914
222842,normal,1092,0,1782361232.2232456,0.0020155906677246094
222843,normal,2386,0,1782361232.2252128,0.001967191696166992
222844,normal,234,0,1782361232.2271514,0.0019385814666748047
222845,normal,2236,0,1782361232.2294443,0.0022928714752197266
222846,normal,458,0,1782361232.2313204,0.0018761157989501953
222847,normal,2802,0,1782361232.2333784,0.0020580291748046875
222848,normal,3430,0,1782361232.2353642,0.001985788345336914
222849,normal,1356,1,1782361232.237291,0.0019268989562988281
222850,normal,506,0,1782361232.2395406,0.002249479293823242
222851,normal,235,0,1782361232.2414365,0.001895904541015625
222852,normal,3473,0,1782361232.243229,0.0017924308776855469
222853,normal,1720,0,1782361232.2452095,0.0019805431365966797
222854,normal,2471,0,1782361232.24722,0.0020105838775634766
222855,normal,266,0,1782361232.2492151,0.001995086669921875
222856,normal,3467,0,1782361232.251549,0.0023338794708251953
222857,normal,2141,0,1782361232.2538235,0.0022745132446289062
222858,normal,711,0,1782361232.2551825,0.0013589859008789062
222859,normal,1622,0,1782361232.2573223,0.0021398067474365234
222860,normal,1940,0,1782361232.2603755,0.0030531883239746094
222861,normal,3449,0,1782361232.2614183,0.0010428428649902344
222862,normal,2212,0,1782361232.263261,0.0018427371978759766
222863,normal,3103,1,1782361232.2653785,0.0021173954010009766
222864,normal,2450,0,1782361232.2672396,0.0018610954284667969
222865,normal,1958,0,1782361232.2691534,0.0019137859344482422
222866,normal,824,2,1782361232.271151,0.001997709274291992
222867,normal,3614,0,1782361232.273154,0.0020029544830322266
222868,normal,719,0,1782361232.275163,0.0020089149475097656
222869,normal,2912,0,1782361232.2772856,0.002122640609741211
222870,normal,3381,1,1782361232.279289,0.0020034313201904297
222871,normal,3559,0,1782361232.2812445,0.0019555091857910156
222872,normal,1844,0,1782361232.2831852,0.0019407272338867188
222873,normal,2757,0,1782361232.285464,0.0022788047790527344
222874,normal,447,0,1782361232.287135,0.00167083740234375
222875,normal,2026,0,1782361232.289788,0.0026531219482421875
222876,normal,1162,0,1782361232.2911289,0.0013408660888671875
222877,normal,3523,0,1782361232.2934716,0.002342700958251953
222878,normal,1811,0,1782361232.2954662,0.001994609832763672
222879,normal,3134,1,1782361232.2973282,0.0018620491027832031
222880,normal,646,0,1782361232.2993047,0.001976490020751953
222881,normal,1735,0,1782361232.3014977,0.002192974090576172
222882,normal,491,0,1782361232.3031344,0.0016367435455322266
222883,normal,1106,0,1782361232.3054547,0.0023202896118164062
222884,normal,1299,0,1782361232.3072536,0.001798868179321289
222885,normal,3026,0,1782361232.3095343,0.002280712127685547
222886,normal,684,0,1782361232.3112025,0.0016682147979736328
222887,normal,1067,0,1782361232.3133333,0.002130746841430664
222888,normal,1801,0,1782361232.3152032,0.0018699169158935547
222889,normal,1664,0,1782361232.3173435,0.0021402835845947266
222890,normal,2837,0,1782361232.3200514,0.002707958221435547
222891,normal,3095,1,1782361232.321203,0.0011515617370605469
222892,normal,2671,0,1782361232.3233619,0.0021588802337646484
222893,normal,2194,0,1782361232.3253317,0.0019698143005371094
222894,normal,2443,0,1782361232.3273528,0.0020210742950439453
222895,normal,2942,0,1782361232.329333,0.001980304718017578
222896,normal,2044,0,1782361232.331472,0.002138853073120117
222897,normal,2869,0,1782361232.3332043,0.0017323493957519531
222898,normal,175,0,1782361232.335468,0.002263784408569336
222899,normal,3278,1,1782361232.3373373,0.00186920166015625
222900,normal,541,0,1782361232.3393557,0.002018451690673828
222901,normal,492,0,1782361232.341798,0.0024423599243164062
222902,normal,1558,0,1782361232.3431988,0.0014007091522216797
222903,normal,1966,0,1782361232.3455212,0.0023224353790283203
222904,normal,814,2,1782361232.347216,0.0016946792602539062
222905,normal,2233,0,1782361232.3492043,0.0019884109497070312
222906,normal,3487,0,1782361232.351334,0.002129793167114258
222907,normal,3126,1,1782361232.3531842,0.001850128173828125
222908,normal,685,0,1782361232.3554337,0.002249479293823242
222909,normal,2663,0,1782361232.3571892,0.0017554759979248047
222910,normal,3170,1,1782361232.3591733,0.001984119415283203
222911,normal,2005,0,1782361232.3614264,0.0022530555725097656
222912,normal,2538,0,1782361232.3631763,0.0017499923706054688
222913,normal,3670,0,1782361232.3651795,0.002003192901611328
222914,normal,2135,0,1782361232.367436,0.0022563934326171875
222915,normal,2084,0,1782361232.3694386,0.002002716064453125
222916,normal,1392,0,1782361232.371191,0.0017523765563964844
222917,normal,1993,0,1782361232.3733907,0.0021996498107910156
222918,normal,1447,0,1782361232.3751538,0.0017631053924560547
222919,normal,1821,0,1782361232.3771524,0.0019986629486083984
222920,normal,1140,0,1782361232.3793805,0.0022280216217041016
222921,normal,3246,1,1782361232.3811636,0.001783132553100586
222922,normal,1069,0,1782361232.383339,0.0021753311157226562
222923,normal,2178,0,1782361232.3853261,0.0019872188568115234
222924,normal,3011,0,1782361232.387335,0.0020089149475097656
222925,normal,3239,1,1782361232.3891642,0.0018291473388671875
222926,normal,2781,0,1782361232.3914907,0.002326488494873047
222927,normal,1175,0,1782361232.3931696,0.0016789436340332031
222928,normal,110,0,1782361232.3953195,0.002149820327758789
222929,normal,497,0,1782361232.3973353,0.002015829086303711
222930,normal,2563,0,1782361232.3993301,0.0019948482513427734
222931,normal,2277,0,1782361232.401162,0.0018317699432373047
222932,normal,1723,0,1782361232.4034953,0.002333402633666992
222933,normal,2690,0,1782361232.4051852,0.001689910888671875
222934,normal,417,0,1782361232.4073193,0.002134084701538086
222935,normal,991,2,1782361232.409336,0.002016782760620117
222936,normal,821,2,1782361232.4113631,0.0020270347595214844
222937,normal,1375,1,1782361232.413199,0.0018358230590820312
222938,normal,3002,0,1782361232.415511,0.0023119449615478516
222939,normal,1120,0,1782361232.417206,0.0016951560974121094
222940,normal,823,2,1782361232.4193587,0.002152681350708008
222941,normal,1577,0,1782361232.4213736,0.0020148754119873047
222942,normal,424,0,1782361232.4233649,0.00199127197265625
222943,normal,905,2,1782361232.425207,0.0018420219421386719
222944,normal,1898,0,1782361232.4274707,0.002263784408569336
222945,normal,2319,0,1782361232.429209,0.0017383098602294922
222946,normal,2911,0,1782361232.431358,0.0021491050720214844
222947,normal,1444,0,1782361232.4333544,0.001996278762817383
222948,normal,2455,0,1782361232.4352322,0.0018777847290039062
222949,normal,3366,1,1782361232.4371996,0.0019674301147460938
222950,normal,3314,1,1782361232.4394796,0.002279996871948242
222951,normal,2918,0,1782361232.441234,0.0017545223236083984
222952,normal,1402,0,1782361232.4433281,0.0020940303802490234
222953,normal,1204,0,1782361232.445389,0.0020608901977539062
222954,normal,1321,1,1782361232.4473631,0.0019741058349609375
222955,normal,2773,0,1782361232.4493308,0.0019676685333251953
222956,normal,2162,0,1782361232.4517188,0.00238800048828125
222957,normal,2796,0,1782361232.453338,0.001619100570678711
222958,normal,2774,0,1782361232.4553008,0.001962900161743164
222959,normal,1327,1,1782361232.457484,0.002183198928833008
222960,normal,1776,0,1782361232.4592054,0.0017213821411132812
222961,normal,2807,0,1782361232.4614744,0.0022690296173095703
222962,normal,3505,0,1782361232.4633367,0.0018622875213623047
222963,normal,94,0,1782361232.46536,0.0020232200622558594
222964,normal,1103,0,1782361232.4673254,0.0019655227661132812
222965,normal,385,0,1782361232.4694257,0.002100229263305664
222966,normal,3338,1,1782361232.4714708,0.002045154571533203
222967,normal,2709,0,1782361232.473206,0.0017352104187011719
222968,normal,935,2,1782361232.4754708,0.002264738082885742
222969,normal,3094,1,1782361232.477213,0.0017421245574951172
222970,normal,986,2,1782361232.479468,0.0022552013397216797
222971,normal,258,0,1782361232.4813395,0.001871347427368164
222972,normal,203,0,1782361232.4833572,0.0020177364349365234
222973,normal,1878,0,1782361232.4853282,0.001971006393432617
222974,normal,3563,0,1782361232.4874706,0.0021424293518066406
222975,normal,1535,0,1782361232.489205,0.0017342567443847656
222976,normal,2832,0,1782361232.491467,0.002262115478515625
222977,normal,3392,1,1782361232.4933424,0.0018754005432128906
222978,normal,2385,0,1782361232.4953635,0.0020210742950439453
222979,normal,2529,0,1782361232.497337,0.0019736289978027344
222980,normal,3475,0,1782361232.499472,0.0021347999572753906
222981,normal,567,0,1782361232.5012038,0.00173187255859375
222982,normal,5,0,1782361232.503467,0.002263307571411133
222983,normal,2307,0,1782361232.5053036,0.001836538314819336
222984,normal,1779,0,1782361232.5073607,0.0020570755004882812
222985,normal,3177,1,1782361232.5093336,0.0019729137420654297
222986,normal,679,0,1782361232.5114703,0.002136707305908203
222987,normal,2870,0,1782361232.5132058,0.0017354488372802734
222988,normal,1834,0,1782361232.5154672,0.0022614002227783203
222989,normal,1084,0,1782361232.5173934,0.0019261837005615234
222990,normal,1857,0,1782361232.5193598,0.0019664764404296875
222991,normal,2181,0,1782361232.5213335,0.0019736289978027344
222992,normal,15,0,1782361232.5234437,0.0021102428436279297
222993,normal,2358,0,1782361232.5254185,0.001974821090698242
222994,normal,1703,0,1782361232.5272064,0.0017879009246826172
222995,normal,1552,0,1782361232.529548,0.0023415088653564453
222996,normal,2354,0,1782361232.5312705,0.001722574234008789
222997,normal,2377,0,1782361232.5333312,0.0020606517791748047
222998,normal,214,0,1782361232.5355794,0.0022482872009277344
222999,normal,3566,0,1782361232.5372634,0.001683950424194336
223000,normal,998,2,1782361232.5393279,0.0020644664764404297
223001,normal,367,0,1782361232.541585,0.002257108688354492
223002,normal,1376,1,1782361232.5432205,0.0016355514526367188
223003,normal,649,0,1782361232.5453262,0.002105712890625
223004,normal,2990,0,1782361232.5476136,0.0022873878479003906
223005,normal,2320,0,1782361232.5492659,0.0016522407531738281
223006,normal,2073,0,1782361232.5513399,0.002074003219604492
223007,normal,582,0,1782361232.553336,0.0019960403442382812
223008,normal,2881,0,1782361232.555359,0.002022981643676758
223009,normal,2933,0,1782361232.5573332,0.001974344253540039
223010,normal,1303,0,1782361232.5594814,0.002148151397705078
223011,normal,53,0,1782361232.5612054,0.0017240047454833984
223012,normal,1956,0,1782361232.5634685,0.0022630691528320312
223013,normal,907,2,1782361232.5653362,0.0018677711486816406
223014,normal,1210,0,1782361232.5673513,0.0020151138305664062
223015,normal,2322,0,1782361232.5693228,0.0019714832305908203
223016,normal,2046,0,1782361232.5715132,0.0021903514862060547
223017,normal,1439,0,1782361232.5732203,0.0017070770263671875
223018,normal,2421,0,1782361232.5754964,0.002276182174682617
223019,normal,2612,0,1782361232.5772126,0.0017161369323730469
223020,normal,1973,0,1782361232.579477,0.0022644996643066406
223021,normal,1132,0,1782361232.5812001,0.0017230510711669922
223022,normal,3209,1,1782361232.58348,0.0022797584533691406
223023,normal,407,0,1782361232.5852191,0.0017392635345458984
223024,normal,452,0,1782361232.587327,0.002107858657836914
223025,normal,1024,2,1782361232.589374,0.0020470619201660156
223026,normal,1046,0,1782361232.5914435,0.0020694732666015625
223027,normal,780,2,1782361232.5932014,0.0017578601837158203
223028,normal,973,2,1782361232.595485,0.0022835731506347656
223029,normal,1125,0,1782361232.5972087,0.0017237663269042969
223030,normal,3289,1,1782361232.599464,0.0022552013397216797
223031,normal,3503,0,1782361232.6013477,0.0018837451934814453
223032,normal,3164,1,1782361232.6033626,0.0020148754119873047
223033,normal,602,0,1782361232.6053023,0.0019397735595703125
223034,normal,3109,1,1782361232.6074889,0.0021865367889404297
223035,normal,623,0,1782361232.6092353,0.0017464160919189453
223036,normal,2400,0,1782361232.6113257,0.0020904541015625
223037,normal,2221,0,1782361232.6135166,0.002190828323364258
223038,normal,87,0,1782361232.6152284,0.0017118453979492188
223039,normal,2355,0,1782361232.6173282,0.002099752426147461
223040,normal,3029,0,1782361232.6194935,0.0021653175354003906
223041,normal,2087,0,1782361232.6212204,0.0017268657684326172
223042,normal,2734,0,1782361232.6231961,0.0019757747650146484
223043,normal,791,2,1782361232.6255043,0.0023081302642822266
223044,normal,1627,0,1782361232.6272433,0.0017390251159667969
223045,normal,2203,0,1782361232.6293278,0.002084493637084961
223046,normal,2732,0,1782361232.6315086,0.002180814743041992
223047,normal,2039,0,1782361232.6332524,0.0017437934875488281
223048,normal,994,2,1782361232.635354,0.0021016597747802734
223049,normal,3689,0,1782361232.6373632,0.002009153366088867
223050,normal,1206,0,1782361232.6393661,0.0020029544830322266
223051,normal,1815,0,1782361232.6413481,0.001981973648071289
223052,normal,2489,0,1782361232.6433644,0.002016305923461914
223053,normal,3336,1,1782361232.6453745,0.0020101070404052734
223054,normal,1113,0,1782361232.6473312,0.0019567012786865234
223055,normal,2907,0,1782361232.6495142,0.0021829605102539062
223056,normal,2824,0,1782361232.6512105,0.0016963481903076172
223057,normal,3486,0,1782361232.6534715,0.002260923385620117
223058,normal,3390,1,1782361232.655301,0.0018296241760253906
223059,normal,2384,0,1782361232.6573808,0.0020797252655029297
223060,normal,2829,0,1782361232.6593351,0.001954317092895508
223061,normal,2369,0,1782361232.661515,0.002179861068725586
223062,normal,306,0,1782361232.6633015,0.0017864704132080078
223063,normal,1524,0,1782361232.6653285,0.0020270347595214844
223064,normal,3388,1,1782361232.6675217,0.0021932125091552734
223065,normal,3672,0,1782361232.669206,0.0016841888427734375
223066,normal,1617,0,1782361232.6714723,0.002266407012939453
223067,normal,2331,0,1782361232.6732106,0.0017383098602294922
223068,normal,2714,0,1782361232.6754684,0.002257823944091797
223069,normal,825,2,1782361232.6772068,0.0017383098602294922
223070,normal,644,0,1782361232.679464,0.0022573471069335938
223071,normal,2356,0,1782361232.6812065,0.0017423629760742188
223072,normal,1151,0,1782361232.6834695,0.0022630691528320312
223073,normal,647,0,1782361232.685337,0.001867532730102539
223074,normal,3412,0,1782361232.68736,0.002022981643676758
223075,normal,2263,0,1782361232.689208,0.001847982406616211
223076,normal,829,2,1782361232.6914864,0.0022783279418945312
223077,normal,147,0,1782361232.6932685,0.0017821788787841797
223078,normal,2591,0,1782361232.6953316,0.0020630359649658203
223079,normal,286,0,1782361232.6974745,0.0021429061889648438
223080,normal,527,0,1782361232.6992102,0.001735687255859375
223081,normal,964,2,1782361232.701471,0.002260923385620117
223082,normal,433,0,1782361232.7033384,0.0018672943115234375
223083,normal,1628,0,1782361232.7053685,0.0020301342010498047
223084,normal,1985,0,1782361232.707332,0.001963376998901367
223085,normal,2041,0,1782361232.7094743,0.0021424293518066406
223086,normal,2606,0,1782361232.7112055,0.0017311573028564453
223087,normal,1380,1,1782361232.7134707,0.0022652149200439453
223088,normal,722,0,1782361232.7153382,0.001867532730102539
223089,normal,1360,1,1782361232.7173686,0.0020303726196289062
223090,normal,366,0,1782361232.7193377,0.0019690990447998047
223091,normal,130,0,1782361232.7214723,0.002134561538696289
223092,normal,2206,0,1782361232.7232082,0.0017359256744384766
223093,normal,2687,0,1782361232.7254772,0.0022690296173095703
223094,normal,2729,0,1782361232.7274864,0.002009153366088867
223095,normal,954,2,1782361232.7303088,0.002822399139404297
223096,normal,3380,1,1782361232.7311473,0.0008385181427001953
223097,normal,2167,0,1782361232.7331336,0.001986265182495117
223098,normal,2866,0,1782361232.735101,0.0019674301147460938
223099,normal,3532,0,1782361232.7371306,0.0020296573638916016
223100,normal,402,0,1782361232.739139,0.0020084381103515625
223101,normal,1288,0,1782361232.7413192,0.0021800994873046875
223102,normal,3166,1,1782361232.743136,0.0018167495727539062
223103,normal,3684,0,1782361232.7452934,0.002157449722290039
223104,normal,3448,0,1782361232.7471538,0.0018603801727294922
223105,normal,2336,0,1782361232.749297,0.0021431446075439453
223106,normal,1171,0,1782361232.7513394,0.002042531967163086
223107,normal,3037,0,1782361232.7532084,0.0018689632415771484
223108,normal,1352,1,1782361232.7556326,0.0024242401123046875
223109,normal,2208,0,1782361232.7573433,0.001710653305053711
223110,normal,92,0,1782361232.7591984,0.0018551349639892578
223111,normal,2429,0,1782361232.7614634,0.0022649765014648438
223112,normal,1808,0,1782361232.763333,0.0018696784973144531
223113,normal,67,0,1782361232.765409,0.0020759105682373047
223114,normal,3528,0,1782361232.767326,0.001917123794555664
223115,normal,3694,0,1782361232.7694845,0.0021584033966064453
223116,normal,3664,0,1782361232.7712066,0.001722097396850586
223117,normal,2864,0,1782361232.773923,0.0027163028717041016
223118,normal,802,2,1782361232.775215,0.0012919902801513672
223119,normal,499,0,1782361232.7774825,0.002267599105834961
223120,normal,2628,0,1782361232.7792041,0.0017216205596923828
223121,normal,794,2,1782361232.7815003,0.0022962093353271484
223122,normal,977,2,1782361232.7832053,0.0017049312591552734
223123,normal,1708,0,1782361232.7860053,0.00279998779296875
223124,normal,1643,0,1782361232.7872107,0.0012054443359375
223125,normal,1765,0,1782361232.7894843,0.0022735595703125
223126,normal,1936,0,1782361232.7912138,0.0017294883728027344
223127,normal,703,0,1782361232.7933486,0.0021347999572753906
223128,normal,2915,0,1782361232.7953224,0.001973867416381836
223129,normal,141,0,1782361232.79736,0.002037525177001953
223130,normal,2819,0,1782361232.799477,0.002117156982421875
223131,normal,410,0,1782361232.801238,0.0017609596252441406
223132,normal,3548,0,1782361232.8032367,0.0019986629486083984
223133,normal,2243,0,1782361232.8052487,0.002012014389038086
223134,normal,2407,0,1782361232.8071747,0.0019259452819824219
223135,normal,1768,0,1782361232.8092747,0.0020999908447265625
223136,normal,3451,0,1782361232.811292,0.0020172595977783203
223137,normal,786,2,1782361232.8131702,0.0018782615661621094
223138,normal,1955,0,1782361232.8152802,0.002110004425048828
223139,normal,1007,2,1782361232.8172913,0.0020110607147216797
223140,normal,1110,0,1782361232.8191438,0.0018525123596191406
223141,normal,1215,0,1782361232.8212605,0.002116680145263672
223142,normal,3587,0,1782361232.8231487,0.001888275146484375
223143,normal,3169,1,1782361232.8252676,0.002118825912475586
223144,normal,2166,0,1782361232.8271577,0.0018901824951171875
223145,normal,833,2,1782361232.8292754,0.002117633819580078
223146,normal,3389,1,1782361232.8311481,0.0018727779388427734
223147,normal,570,0,1782361232.8332791,0.0021309852600097656
223148,normal,2952,0,1782361232.8352516,0.0019724369049072266
223149,normal,714,0,1782361232.837186,0.0019345283508300781
223150,normal,2799,0,1782361232.8392787,0.002092599868774414
223151,normal,72,0,1782361232.8413312,0.0020525455474853516
223152,normal,1523,0,1782361232.8441403,0.0028090476989746094
223153,normal,1906,0,1782361232.845227,0.0010867118835449219
223154,normal,30,0,1782361232.8474905,0.0022635459899902344
223155,normal,2136,0,1782361232.8492649,0.0017743110656738281
223156,normal,1555,0,1782361232.8511817,0.0019168853759765625
223157,normal,3079,1,1782361232.8532658,0.002084016799926758
223158,normal,618,0,1782361232.8551688,0.0019030570983886719
223159,normal,2889,0,1782361232.8571668,0.0019979476928710938
223160,normal,2636,0,1782361232.8593504,0.002183675765991211
223161,normal,2584,0,1782361232.8612244,0.0018739700317382812
223162,normal,154,0,1782361232.8633351,0.002110719680786133
223163,normal,3335,1,1782361232.8654807,0.002145528793334961
223164,normal,248,0,1782361232.8672526,0.0017719268798828125
223165,normal,303,0,1782361232.869263,0.002010345458984375
223166,normal,1525,0,1782361232.8712668,0.002003908157348633
223167,normal,3197,1,1782361232.873151,0.0018842220306396484
223168,normal,3226,1,1782361232.8751879,0.0020368099212646484
223169,normal,511,0,1782361232.8772292,0.002041339874267578
223170,normal,472,0,1782361232.8792982,0.0020689964294433594
223171,normal,576,0,1782361232.8811493,0.0018510818481445312
223172,normal,3584,0,1782361232.8833761,0.0022268295288085938
223173,normal,1365,1,1782361232.8854332,0.0020570755004882812
223174,normal,2469,0,1782361232.8871877,0.0017545223236083984
223175,normal,2545,0,1782361232.8892705,0.00208282470703125
223176,normal,3249,1,1782361232.8911612,0.0018906593322753906
223177,normal,372,0,1782361232.893297,0.002135753631591797
223178,normal,2535,0,1782361232.8952684,0.0019714832305908203
223179,normal,3581,0,1782361232.8971531,0.0018846988677978516
223180,normal,331,0,1782361232.8992722,0.0021190643310546875
223181,normal,2985,0,1782361232.9013205,0.0020482540130615234
223182,normal,1045,0,1782361232.9031656,0.0018451213836669922
223183,normal,1499,0,1782361232.905245,0.002079486846923828
223184,normal,120,0,1782361232.907269,0.002023935317993164
223185,normal,2767,0,1782361232.90917,0.0019009113311767578
223186,normal,2950,0,1782361232.9112659,0.002095937728881836
223187,normal,593,0,1782361232.9132662,0.0020003318786621094
223188,normal,1945,0,1782361232.9151213,0.0018551349639892578
223189,normal,1209,0,1782361232.9171584,0.00203704833984375
223190,normal,3064,1,1782361232.9192095,0.002051115036010742
223191,normal,1971,0,1782361232.9211097,0.0019001960754394531
223192,normal,3073,1,1782361232.9232297,0.0021200180053710938
223193,normal,513,0,1782361232.9252088,0.0019791126251220703
223194,normal,3395,1,1782361232.9283278,0.0031189918518066406
223195,normal,3545,0,1782361232.9292305,0.0009026527404785156
223196,normal,2806,0,1782361232.931252,0.0020215511322021484
223197,normal,82,0,1782361232.9331553,0.0019032955169677734
223198,normal,282,0,1782361232.935198,0.0020427703857421875
223199,normal,1448,0,1782361232.9372077,0.0020096302032470703
223200,normal,3307,1,1782361232.939259,0.0020513534545898438
223201,normal,3216,1,1782361232.9412394,0.001980304718017578
223202,normal,228,0,1782361232.9432557,0.002016305923461914
223203,normal,544,0,1782361232.9452312,0.001975536346435547
223204,normal,88,0,1782361232.9471836,0.0019524097442626953
223205,normal,423,0,1782361232.949307,0.0021233558654785156
223206,normal,3224,1,1782361232.9510994,0.0017924308776855469
223207,normal,494,0,1782361232.953175,0.002075672149658203
223208,normal,1274,0,1782361232.9552894,0.0021142959594726562
223209,normal,1322,1,1782361232.9571369,0.0018475055694580078
223210,normal,1442,0,1782361232.9592736,0.002136707305908203
223211,normal,4,0,1782361232.9612567,0.001983165740966797
223212,normal,1003,2,1782361232.9631608,0.0019040107727050781
223213,normal,2398,0,1782361232.965274,0.00211334228515625
223214,normal,1851,0,1782361232.9672713,0.001997232437133789
223215,normal,211,0,1782361232.969201,0.0019297599792480469
223216,normal,3502,0,1782361232.971157,0.0019559860229492188
223217,normal,855,2,1782361232.9732897,0.0021326541900634766
223218,normal,3625,0,1782361232.9751945,0.0019047260284423828
223219,normal,2172,0,1782361232.9772797,0.0020852088928222656
223220,normal,2128,0,1782361232.9793103,0.002030611038208008
223221,normal,846,2,1782361232.9812162,0.0019059181213378906
223222,normal,1242,0,1782361232.9832819,0.0020656585693359375
223223,normal,1023,2,1782361232.9852798,0.0019979476928710938
223224,normal,1621,0,1782361232.987194,0.0019142627716064453
223225,normal,405,0,1782361232.9892933,0.002099275588989258
223226,normal,1261,0,1782361232.9913423,0.002048969268798828
223227,normal,731,0,1782361232.993198,0.001855611801147461
223228,normal,1508,0,1782361232.9952834,0.002085447311401367
223229,normal,2552,0,1782361232.9972906,0.0020072460174560547
223230,normal,932,2,1782361232.9992018,0.001911163330078125
223231,normal,1871,0,1782361233.0012908,0.0020890235900878906
223232,normal,1203,0,1782361233.0033634,0.002072572708129883
223233,normal,1929,0,1782361233.0051975,0.0018341541290283203
223234,normal,2975,0,1782361233.0072813,0.0020837783813476562
223235,normal,3458,0,1782361233.0093544,0.002073049545288086
223236,normal,3258,1,1782361233.0111961,0.0018417835235595703
223237,normal,806,2,1782361233.013281,0.002084970474243164
223238,normal,2024,0,1782361233.0153532,0.0020720958709716797
223239,normal,2852,0,1782361233.0171967,0.0018434524536132812
223240,normal,255,0,1782361233.0192964,0.002099752426147461
223241,normal,1717,0,1782361233.0213556,0.0020592212677001953
223242,normal,1869,0,1782361233.0231972,0.0018415451049804688
223243,normal,1446,0,1782361233.0252454,0.0020482540130615234
223244,normal,2868,0,1782361233.0273614,0.002115964889526367
223245,normal,208,0,1782361233.0291967,0.0018353462219238281
223246,normal,483,0,1782361233.0312815,0.0020847320556640625
223247,normal,1221,0,1782361233.0333626,0.002081155776977539
223248,normal,2015,0,1782361233.0351949,0.0018322467803955078
223249,normal,1831,0,1782361233.0372834,0.0020885467529296875
223250,normal,1130,0,1782361233.0393631,0.0020797252655029297
223251,normal,2941,0,1782361233.041201,0.0018379688262939453
223252,normal,995,2,1782361233.0432773,0.0020761489868164062
223253,normal,792,2,1782361233.0452962,0.0020189285278320312
223254,normal,1019,2,1782361233.0471575,0.0018613338470458984
223255,normal,985,2,1782361233.0492837,0.0021262168884277344
223256,normal,1594,0,1782361233.0513644,0.002080678939819336
223257,normal,2186,0,1782361233.0532064,0.0018420219421386719
223258,normal,1181,0,1782361233.0552526,0.0020461082458496094
223259,normal,2959,0,1782361233.0573318,0.0020792484283447266
223260,normal,268,0,1782361233.0591908,0.0018589496612548828
223261,normal,1244,0,1782361233.0612862,0.002095460891723633
223262,normal,2063,0,1782361233.0632932,0.002007007598876953
223263,normal,2630,0,1782361233.0652,0.0019068717956542969
223264,normal,3665,0,1782361233.0672824,0.002082347869873047
223265,normal,3637,0,1782361233.0693004,0.002017974853515625
223266,normal,2451,0,1782361233.0711918,0.0018913745880126953
223267,normal,1914,0,1782361233.0731556,0.0019638538360595703
223268,normal,2434,0,1782361233.075311,0.002155303955078125
223269,normal,3651,0,1782361233.077222,0.001911163330078125
223270,normal,961,2,1782361233.0792816,0.002059459686279297
223271,normal,1005,2,1782361233.081302,0.0020203590393066406
223272,normal,391,0,1782361233.0831916,0.0018897056579589844
223273,normal,910,2,1782361233.0852883,0.0020966529846191406
223274,normal,704,0,1782361233.087285,0.001996755599975586
223275,normal,3161,1,1782361233.0891988,0.0019137859344482422
223276,normal,1580,0,1782361233.0912821,0.002083301544189453
223277,normal,2994,0,1782361233.093287,0.002004861831665039
223278,normal,760,0,1782361233.0951927,0.001905679702758789
223279,normal,1158,0,1782361233.0972807,0.0020880699157714844
223280,normal,2966,0,1782361233.099293,0.0020122528076171875
223281,normal,439,0,1782361233.101193,0.0018999576568603516
223282,normal,577,0,1782361233.1032825,0.0020895004272460938
223283,normal,3700,0,1782361233.1052516,0.0019690990447998047
223284,normal,798,2,1782361233.1071906,0.0019390583038330078
223285,normal,2341,0,1782361233.1092777,0.002087116241455078
223286,normal,949,2,1782361233.1112943,0.0020165443420410156
223287,normal,3245,1,1782361233.1131916,0.0018973350524902344
223288,normal,2947,0,1782361233.115283,0.0020914077758789062
223289,normal,1348,1,1782361233.1172817,0.0019986629486083984
223290,normal,485,0,1782361233.1192026,0.001920938491821289
223291,normal,2844,0,1782361233.1212451,0.002042531967163086
223292,normal,3198,1,1782361233.1231747,0.0019295215606689453
223293,normal,21,0,1782361233.1253107,0.0021359920501708984
223294,normal,2539,0,1782361233.1271632,0.0018525123596191406
223295,normal,139,0,1782361233.1293347,0.0021715164184570312
223296,normal,928,2,1782361233.1311896,0.0018548965454101562
223297,normal,673,0,1782361233.133283,0.0020933151245117188
223298,normal,2963,0,1782361233.1352823,0.001999378204345703
223299,normal,2465,0,1782361233.137191,0.0019087791442871094
223300,normal,3529,0,1782361233.1392837,0.002092599868774414
223301,normal,3424,0,1782361233.1412976,0.0020139217376708984
223302,normal,3217,1,1782361233.1431909,0.0018932819366455078
223303,normal,2347,0,1782361233.1452816,0.0020906925201416016
223304,normal,1782,0,1782361233.1473098,0.002028226852416992
223305,normal,337,0,1782361233.1491919,0.0018820762634277344
223306,normal,539,0,1782361233.151282,0.0020902156829833984
223307,normal,1031,0,1782361233.1532457,0.0019636154174804688
223308,normal,2,0,1782361233.1551988,0.001953125
223309,normal,90,0,1782361233.1572807,0.0020818710327148438
223310,normal,551,0,1782361233.159291,0.002010345458984375
223311,normal,2010,0,1782361233.1611955,0.0019044876098632812
223312,normal,229,0,1782361233.1632824,0.0020868778228759766
223313,normal,3342,1,1782361233.165284,0.002001523971557617
223314,normal,2749,0,1782361233.167194,0.0019099712371826172
223315,normal,2710,0,1782361233.1692924,0.002098560333251953
223316,normal,2573,0,1782361233.171279,0.0019865036010742188
223317,normal,1576,0,1782361233.1731987,0.0019197463989257812
223318,normal,36,0,1782361233.175344,0.0021452903747558594
223319,normal,3266,1,1782361233.177291,0.0019469261169433594
223320,normal,1074,0,1782361233.1791964,0.0019054412841796875
223321,normal,2583,0,1782361233.1813087,0.0021123886108398438
223322,normal,2662,0,1782361233.1833274,0.0020186901092529297
223323,normal,974,2,1782361233.1852074,0.0018799304962158203
223324,normal,3238,1,1782361233.1872854,0.0020780563354492188
223325,normal,3340,1,1782361233.1892002,0.0019147396087646484
223326,normal,683,0,1782361233.1913195,0.002119302749633789
223327,normal,3059,1,1782361233.1931598,0.001840353012084961
223328,normal,2968,0,1782361233.195357,0.002197265625
223329,normal,1214,0,1782361233.1971972,0.0018401145935058594
223330,normal,3453,0,1782361233.1992795,0.002082347869873047
223331,normal,524,0,1782361233.201203,0.0019235610961914062
223332,normal,3646,0,1782361233.2033098,0.0021066665649414062
223333,normal,1461,0,1782361233.2051554,0.0018455982208251953
223334,normal,300,0,1782361233.2073076,0.0021522045135498047
223335,normal,981,2,1782361233.209192,0.00188446044921875
223336,normal,1350,1,1782361233.2112813,0.002089262008666992
223337,normal,1188,0,1782361233.2133327,0.0020513534545898438
223338,normal,2873,0,1782361233.2152011,0.0018684864044189453
223339,normal,2235,0,1782361233.2172468,0.0020456314086914062
223340,normal,569,0,1782361233.2192895,0.0020427703857421875
223341,normal,2648,0,1782361233.2211986,0.001909017562866211
223342,normal,2324,0,1782361233.2231603,0.0019617080688476562
223343,normal,1999,0,1782361233.2253604,0.0022001266479492188
223344,normal,223,0,1782361233.2271907,0.0018303394317626953
223345,normal,1786,0,1782361233.229282,0.0020911693572998047
223346,normal,2352,0,1782361233.2313423,0.002060413360595703
223347,normal,2440,0,1782361233.2331958,0.0018534660339355469
223348,normal,1650,0,1782361233.2352808,0.002084970474243164
223349,normal,43,0,1782361233.2373557,0.0020749568939208984
223350,normal,3312,1,1782361233.239158,0.001802206039428711
223351,normal,3682,0,1782361233.2412796,0.0021216869354248047
223352,normal,1767,0,1782361233.2433472,0.00206756591796875
223353,normal,213,0,1782361233.245196,0.0018489360809326172
223354,normal,1081,0,1782361233.2472794,0.002083301544189453
223355,normal,2640,0,1782361233.249313,0.002033710479736328
223356,normal,2917,0,1782361233.2511985,0.0018854141235351562
223357,normal,2673,0,1782361233.2532816,0.0020830631256103516
223358,normal,2276,0,1782361233.2552435,0.001961946487426758
223359,normal,1952,0,1782361233.2571955,0.0019519329071044922
223360,normal,3403,0,1782361233.2592828,0.0020873546600341797
223361,normal,1015,2,1782361233.2613556,0.0020728111267089844
223362,normal,3535,0,1782361233.2631938,0.0018382072448730469
223363,normal,272,0,1782361233.2652814,0.0020875930786132812
223364,normal,3607,0,1782361233.267236,0.0019545555114746094
223365,normal,2253,0,1782361233.2693136,0.0020775794982910156
223366,normal,348,0,1782361233.2711787,0.0018651485443115234
223367,normal,260,0,1782361233.2733123,0.002133607864379883
223368,normal,1095,0,1782361233.2751923,0.0018799304962158203
223369,normal,3384,1,1782361233.277246,0.0020537376403808594
223370,normal,3459,0,1782361233.2791562,0.0019102096557617188
223371,normal,2048,0,1782361233.2813065,0.002150297164916992
223372,normal,2772,0,1782361233.2831583,0.001851797103881836
223373,normal,1676,0,1782361233.285394,0.0022356510162353516
223374,normal,3130,1,1782361233.28719,0.0017960071563720703
223375,normal,1881,0,1782361233.2892826,0.002092599868774414
223376,normal,2343,0,1782361233.2913682,0.0020856857299804688
223377,normal,1416,0,1782361233.2931926,0.0018243789672851562
223378,normal,1991,0,1782361233.2952874,0.002094745635986328
223379,normal,901,2,1782361233.297368,0.002080678939819336
223380,normal,3311,1,1782361233.2991936,0.001825571060180664
223381,normal,3648,0,1782361233.301285,0.0020914077758789062
223382,normal,2857,0,1782361233.3032765,0.0019915103912353516
223383,normal,2791,0,1782361233.3051915,0.00191497802734375
223384,normal,2310,0,1782361233.3072817,0.0020902156829833984
223385,normal,2359,0,1782361233.309281,0.001999378204345703
223386,normal,1243,0,1782361233.3111951,0.0019140243530273438
223387,normal,1538,0,1782361233.313246,0.0020508766174316406
223388,normal,1672,0,1782361233.3152978,0.002051830291748047
223389,normal,2006,0,1782361233.3171906,0.0018928050994873047
223390,normal,2977,0,1782361233.3192825,0.0020918846130371094
223391,normal,2554,0,1782361233.3212838,0.0020012855529785156
223392,normal,1651,0,1782361233.3231921,0.0019083023071289062
223393,normal,1011,2,1782361233.325283,0.002090930938720703
223394,normal,2232,0,1782361233.3271608,0.0018777847290039062
223395,normal,1337,1,1782361233.3293111,0.002150297164916992
223396,normal,1212,0,1782361233.3311574,0.0018463134765625
223397,normal,76,0,1782361233.3333116,0.002154111862182617
223398,normal,809,2,1782361233.3351936,0.0018820762634277344
223399,normal,2850,0,1782361233.3372958,0.0021021366119384766
223400,normal,1083,0,1782361233.3392806,0.001984834671020508
223401,normal,2836,0,1782361233.341193,0.0019123554229736328
223402,normal,1536,0,1782361233.3432937,0.002100706100463867
223403,normal,1895,0,1782361233.3452451,0.001951456069946289
223404,normal,2052,0,1782361233.3471978,0.0019526481628417969
223405,normal,1395,0,1782361233.3513658,0.004168033599853516
223406,normal,454,0,1782361233.3514109,4.506111145019531e-05
223407,normal,893,2,1782361233.3531225,0.0017116069793701172
223408,normal,1284,0,1782361233.3551297,0.0020072460174560547
223409,normal,3371,1,1782361233.3571594,0.0020296573638916016
223410,normal,1911,0,1782361233.3591037,0.0019443035125732422
223411,normal,346,0,1782361233.361245,0.002141237258911133
223412,normal,3010,0,1782361233.3632743,0.0020294189453125
223413,normal,1969,0,1782361233.365233,0.001958608627319336
223414,normal,3446,0,1782361233.3672798,0.002046823501586914
223415,normal,1928,0,1782361233.3692813,0.002001523971557617
223416,normal,645,0,1782361233.3711972,0.0019159317016601562
223417,normal,2396,0,1782361233.3732786,0.0020813941955566406
223418,normal,217,0,1782361233.3752782,0.0019996166229248047
223419,normal,1814,0,1782361233.3773005,0.002022266387939453
223420,normal,1892,0,1782361233.3791602,0.0018596649169921875
223421,normal,42,0,1782361233.3813293,0.0021691322326660156
223422,normal,3496,0,1782361233.383195,0.0018656253814697266
223423,normal,1550,0,1782361233.38527,0.0020751953125
223424,normal,2125,0,1782361233.3872788,0.002008676528930664
223425,normal,3541,0,1782361233.3891566,0.0018777847290039062
223426,normal,2124,0,1782361233.391278,0.002121448516845703
223427,normal,2215,0,1782361233.3932872,0.002009153366088867
223428,normal,98,0,1782361233.3951898,0.0019025802612304688
223429,normal,1294,0,1782361233.39728,0.0020902156829833984
223430,normal,201,0,1782361233.3992786,0.0019986629486083984
223431,normal,3577,0,1782361233.401193,0.0019142627716064453
223432,normal,1417,0,1782361233.4032743,0.0020813941955566406
223433,normal,3355,1,1782361233.4052632,0.0019888877868652344
223434,normal,1891,0,1782361233.4071918,0.001928567886352539
223435,normal,3076,1,1782361233.4092815,0.0020897388458251953
223436,normal,2408,0,1782361233.4112813,0.0019998550415039062
223437,normal,2273,0,1782361233.413192,0.0019106864929199219
223438,normal,2224,0,1782361233.4152691,0.0020771026611328125
223439,normal,700,0,1782361233.4172575,0.0019884109497070312
223440,normal,2631,0,1782361233.4191923,0.0019347667694091797
223441,normal,2071,0,1782361233.421279,0.002086639404296875
223442,normal,2880,0,1782361233.4232643,0.001985311508178711
223443,normal,2998,0,1782361233.425194,0.0019297599792480469
223444,normal,3373,1,1782361233.4272728,0.0020787715911865234
223445,normal,2490,0,1782361233.4292798,0.002007007598876953
223446,normal,2588,0,1782361233.4311628,0.0018830299377441406
223447,normal,377,0,1782361233.4332738,0.0021109580993652344
223448,normal,918,2,1782361233.4352643,0.0019905567169189453
223449,normal,273,0,1782361233.4371908,0.001926422119140625
223450,normal,1486,0,1782361233.4392738,0.0020830631256103516
223451,normal,288,0,1782361233.4412599,0.0019860267639160156
223452,normal,1778,0,1782361233.4431975,0.0019376277923583984
223453,normal,566,0,1782361233.445165,0.0019674301147460938
223454,normal,3310,1,1782361233.4472973,0.002132415771484375
223455,normal,105,0,1782361233.4491546,0.0018572807312011719
223456,normal,2164,0,1782361233.4511466,0.0019919872283935547
223457,normal,1292,0,1782361233.4533536,0.002207040786743164
223458,normal,3393,1,1782361233.4551842,0.0018305778503417969
223459,normal,2458,0,1782361233.4571476,0.001963376998901367
223460,normal,2437,0,1782361233.4593594,0.0022118091583251953
223461,normal,1351,1,1782361233.461186,0.0018265247344970703
223462,normal,1902,0,1782361233.4631495,0.0019636154174804688
223463,normal,1297,0,1782361233.465375,0.0022253990173339844
223464,normal,2701,0,1782361233.4671535,0.0017786026000976562
223465,normal,1772,0,1782361233.469151,0.0019974708557128906
223466,normal,1803,0,1782361233.4713824,0.0022313594818115234
223467,normal,3039,0,1782361233.473186,0.0018036365509033203
223468,normal,2634,0,1782361233.4751515,0.0019655227661132812
223469,normal,3650,0,1782361233.4774628,0.002311229705810547
223470,normal,2803,0,1782361233.4791527,0.001689910888671875
223471,normal,848,2,1782361233.4811506,0.0019979476928710938
223472,normal,1037,0,1782361233.4833653,0.002214670181274414
223473,normal,835,2,1782361233.4851842,0.0018188953399658203
223474,normal,1117,0,1782361233.487149,0.0019648075103759766
223475,normal,1918,0,1782361233.489369,0.0022199153900146484
223476,normal,1386,0,1782361233.4911842,0.0018153190612792969
223477,normal,431,0,1782361233.4931493,0.001965045928955078
223478,normal,3219,1,1782361233.4953723,0.0022230148315429688
223479,normal,1682,0,1782361233.4971821,0.001809835433959961
223480,normal,818,2,1782361233.499151,0.001968860626220703
223481,normal,3516,0,1782361233.5013754,0.002224445343017578
223482,normal,1951,0,1782361233.5031834,0.0018079280853271484
223483,normal,441,0,1782361233.5051544,0.001971006393432617
223484,normal,535,0,1782361233.5073779,0.002223491668701172
223485,normal,1897,0,1782361233.5091903,0.0018124580383300781
223486,normal,291,0,1782361233.5111487,0.0019583702087402344
223487,normal,2610,0,1782361233.513384,0.00223541259765625
223488,normal,3444,0,1782361233.515187,0.0018029212951660156
223489,normal,3253,1,1782361233.517149,0.001961946487426758
223490,normal,3058,1,1782361233.5191815,0.0020325183868408203
223491,normal,2390,0,1782361233.5211444,0.001962900161743164
223492,normal,3254,1,1782361233.5231476,0.002003192901611328
223493,normal,1657,0,1782361233.525394,0.002246379852294922
223494,normal,3220,1,1782361233.5271833,0.0017893314361572266
223495,normal,2239,0,1782361233.5291495,0.001966238021850586
223496,normal,1579,0,1782361233.5313854,0.002235889434814453
223497,normal,1946,0,1782361233.5331888,0.0018033981323242188
223498,normal,221,0,1782361233.5351503,0.0019614696502685547
223499,normal,1977,0,1782361233.537368,0.0022177696228027344
223500,normal,2622,0,1782361233.539184,0.0018160343170166016
223501,normal,171,0,1782361233.541149,0.0019648075103759766
223502,normal,3562,0,1782361233.5432978,0.002148866653442383
223503,normal,2053,0,1782361233.545151,0.0018532276153564453
223504,normal,3620,0,1782361233.547183,0.002032041549682617
223505,normal,3510,0,1782361233.54931,0.002126932144165039
223506,normal,3597,0,1782361233.551184,0.0018739700317382812
223507,normal,2692,0,1782361233.5531077,0.0019237995147705078
223508,normal,2487,0,1782361233.555167,0.0020592212677001953
223509,normal,3147,1,1782361233.5571358,0.001968860626220703
223510,normal,3415,0,1782361233.5591478,0.002012014389038086
223511,normal,2346,0,1782361233.561301,0.002153158187866211
223512,normal,3097,1,1782361233.5631835,0.0018825531005859375
223513,normal,2506,0,1782361233.565151,0.0019674301147460938
223514,normal,3093,1,1782361233.5673041,0.002153158187866211
223515,normal,2520,0,1782361233.5691845,0.0018804073333740234
223516,normal,3474,0,1782361233.5711503,0.001965761184692383
223517,normal,1882,0,1782361233.5733013,0.002151012420654297
223518,normal,1900,0,1782361233.5751503,0.0018489360809326172
223519,normal,362,0,1782361233.5771534,0.002003192901611328
223520,normal,379,0,1782361233.5793102,0.0021567344665527344
223521,normal,2707,0,1782361233.581186,0.0018758773803710938
223522,normal,3508,0,1782361233.5831482,0.0019621849060058594
223523,normal,2973,0,1782361233.5853124,0.002164125442504883
223524,normal,842,2,1782361233.5871878,0.0018754005432128906
223525,normal,2118,0,1782361233.5891507,0.001962900161743164
223526,normal,1718,0,1782361233.5913253,0.0021746158599853516
223527,normal,1645,0,1782361233.5931811,0.0018558502197265625
223528,normal,2392,0,1782361233.595149,0.001967906951904297
223529,normal,2200,0,1782361233.5973163,0.002167224884033203
223530,normal,648,0,1782361233.5991883,0.0018720626831054688
223531,normal,2953,0,1782361233.60115,0.0019617080688476562
223532,normal,3439,0,1782361233.6033232,0.002173185348510742
223533,normal,2752,0,1782361233.6051853,0.0018620491027832031
223534,normal,2957,0,1782361233.6071475,0.0019621849060058594
223535,normal,1050,0,1782361233.6093197,0.002172231674194336
223536,normal,1056,0,1782361233.611184,0.0018641948699951172
223537,normal,899,2,1782361233.6131523,0.0019683837890625
223538,normal,359,0,1782361233.615325,0.002172708511352539
223539,normal,3293,1,1782361233.6171844,0.001859426498413086
223540,normal,720,0,1782361233.6191487,0.0019643306732177734
223541,normal,1609,0,1782361233.6213005,0.0021517276763916016
223542,normal,33,0,1782361233.6231527,0.001852273941040039
223543,normal,3065,1,1782361233.625149,0.001996278762817383
223544,normal,1168,0,1782361233.6273394,0.0021903514862060547
223545,normal,2018,0,1782361233.629184,0.001844644546508789
223546,normal,1434,0,1782361233.63115,0.0019659996032714844
223547,normal,3008,0,1782361233.6333327,0.0021827220916748047
223548,normal,1679,0,1782361233.6351829,0.001850128173828125
223549,normal,2439,0,1782361233.637149,0.001966238021850586
223550,normal,1581,0,1782361233.6393352,0.0021860599517822266
223551,normal,774,2,1782361233.641183,0.0018477439880371094
223552,normal,60,0,1782361233.6431496,0.001966714859008789
223553,normal,3167,1,1782361233.6452374,0.002087831497192383
223554,normal,1662,0,1782361233.6471496,0.0019121170043945312
223555,normal,3148,1,1782361233.64915,0.0020003318786621094
223556,normal,1530,0,1782361233.6513386,0.0021886825561523438
223557,normal,2002,0,1782361233.6531844,0.0018458366394042969
223558,normal,3666,0,1782361233.6551473,0.001962900161743164
223559,normal,253,0,1782361233.6573398,0.0021924972534179688
223560,normal,488,0,1782361233.659183,0.0018432140350341797
223561,normal,1072,0,1782361233.6611488,0.001965761184692383
223562,normal,2404,0,1782361233.6633441,0.0021953582763671875
223563,normal,3280,1,1782361233.665157,0.0018129348754882812
223564,normal,3330,1,1782361233.6671462,0.001989126205444336
223565,normal,219,0,1782361233.6693459,0.0021996498107910156
223566,normal,393,0,1782361233.6711826,0.0018367767333984375
223567,normal,2427,0,1782361233.6731658,0.001983165740966797
223568,normal,2626,0,1782361233.6753864,0.002220630645751953
223569,normal,1463,0,1782361233.6771567,0.0017702579498291016
223570,normal,2778,0,1782361233.6791394,0.0019826889038085938
223571,normal,63,0,1782361233.6813834,0.0022439956665039062
223572,normal,508,0,1782361233.6831522,0.0017688274383544922
223573,normal,762,0,1782361233.6851366,0.0019843578338623047
223574,normal,1858,0,1782361233.6872742,0.0021376609802246094
223575,normal,381,0,1782361233.6892772,0.0020029544830322266
223576,normal,1361,1,1782361233.6911354,0.0018582344055175781
223577,normal,3613,0,1782361233.6933548,0.0022194385528564453
223578,normal,2108,0,1782361233.6951816,0.0018267631530761719
223579,normal,1559,0,1782361233.6971354,0.0019538402557373047
223580,normal,1506,0,1782361233.6993556,0.00222015380859375
223581,normal,2131,0,1782361233.7011838,0.0018281936645507812
223582,normal,2884,0,1782361233.7031353,0.001951456069946289
223583,normal,616,0,1782361233.7053068,0.0021715164184570312
223584,normal,1519,0,1782361233.7071502,0.0018434524536132812
223585,normal,1454,0,1782361233.709138,0.0019876956939697266
223586,normal,2684,0,1782361233.7113628,0.0022249221801757812
223587,normal,2632,0,1782361233.713183,0.0018200874328613281
223588,normal,252,0,1782361233.715136,0.001953125
223589,normal,2808,0,1782361233.7173011,0.002165079116821289
223590,normal,3043,0,1782361233.7191565,0.0018553733825683594
223591,normal,2859,0,1782361233.7211368,0.001980304718017578
223592,normal,3078,1,1782361233.723369,0.002232074737548828
223593,normal,296,0,1782361233.7251875,0.0018186569213867188
223594,normal,696,0,1782361233.7271345,0.0019469261169433594
223595,normal,3483,0,1782361233.729375,0.002240419387817383
223596,normal,612,0,1782361233.7311845,0.0018095970153808594
223597,normal,3272,1,1782361233.7331347,0.0019502639770507812
223598,normal,547,0,1782361233.7353723,0.002237558364868164
223599,normal,2505,0,1782361233.7371502,0.0017778873443603516
223600,normal,3431,0,1782361233.7391372,0.001986980438232422
223601,normal,2230,0,1782361233.741377,0.0022399425506591797
223602,normal,3652,0,1782361233.743155,0.0017778873443603516
223603,normal,2308,0,1782361233.7451358,0.0019807815551757812
223604,normal,1611,0,1782361233.7473767,0.002240896224975586
223605,normal,2405,0,1782361233.7491505,0.001773834228515625
223606,normal,3068,1,1782361233.7511322,0.0019817352294921875
223607,normal,3557,0,1782361233.7533824,0.002250194549560547
223608,normal,3525,0,1782361233.7551522,0.0017697811126708984
223609,normal,3623,0,1782361233.7571359,0.001983642578125
223610,normal,2642,0,1782361233.759384,0.002248048782348633
223611,normal,2541,0,1782361233.761185,0.0018010139465332031
223612,normal,3573,0,1782361233.763137,0.0019521713256835938
223613,normal,299,0,1782361233.7653866,0.002249479293823242
223614,normal,1721,0,1782361233.7671828,0.0017962455749511719
223615,normal,3479,0,1782361233.7690983,0.0019154548645019531
223616,normal,3569,0,1782361233.771257,0.002158641815185547
223617,normal,2482,0,1782361233.7731524,0.0018954277038574219
223618,normal,1233,0,1782361233.7750971,0.0019447803497314453
223619,normal,525,0,1782361233.7772572,0.0021600723266601562
223620,normal,117,0,1782361233.779148,0.0018908977508544922
223621,normal,2260,0,1782361233.7811341,0.0019860267639160156
223622,normal,1854,0,1782361233.7833073,0.002173185348510742
223623,normal,665,0,1782361233.785186,0.0018787384033203125
223624,normal,137,0,1782361233.7871351,0.0019490718841552734
223625,normal,2092,0,1782361233.7892969,0.002161741256713867
223626,normal,3136,1,1782361233.7911863,0.0018894672393798828
223627,normal,415,0,1782361233.7931356,0.001949310302734375
223628,normal,2420,0,1782361233.7953138,0.002178192138671875
223629,normal,1262,0,1782361233.7971492,0.0018353462219238281
223630,normal,608,0,1782361233.7991555,0.0020062923431396484
223631,normal,3159,1,1782361233.8013034,0.0021479129791259766
223632,normal,2077,0,1782361233.8031843,0.0018808841705322266
223633,normal,2946,0,1782361233.805148,0.0019636154174804688
223634,normal,3599,0,1782361233.8073046,0.0021567344665527344
223635,normal,1112,0,1782361233.8091888,0.0018842220306396484
223636,normal,2895,0,1782361233.8111348,0.0019459724426269531
223637,normal,3417,0,1782361233.8133078,0.0021729469299316406
223638,normal,834,2,1782361233.8151834,0.0018756389617919922
223639,normal,2430,0,1782361233.8171337,0.0019502639770507812
223640,normal,1396,0,1782361233.8193114,0.002177715301513672
223641,normal,152,0,1782361233.8211453,0.0018339157104492188
223642,normal,457,0,1782361233.8231378,0.001992464065551758
223643,normal,1976,0,1782361233.825313,0.0021753311157226562
223644,normal,324,0,1782361233.8271828,0.0018696784973144531
223645,normal,1368,1,1782361233.8291376,0.001954793930053711
223646,normal,1460,0,1782361233.8313158,0.002178192138671875
223647,normal,86,0,1782361233.8331227,0.0018069744110107422
223648,normal,3288,1,1782361233.8351386,0.002015829086303711
223649,normal,3631,0,1782361233.8371632,0.0020246505737304688
223650,normal,801,2,1782361233.8390863,0.0019230842590332031
223651,normal,2378,0,1782361233.8411305,0.002044200897216797
223652,normal,1413,0,1782361233.8431659,0.002035379409790039
223653,normal,1511,0,1782361233.8451366,0.0019707679748535156
223654,normal,2748,0,1782361233.8471444,0.002007722854614258
223655,normal,1500,0,1782361233.8493109,0.0021665096282958984
223656,normal,1493,0,1782361233.8511124,0.0018014907836914062
223657,normal,123,0,1782361233.8530948,0.001982450485229492
223658,normal,1202,0,1782361233.8552105,0.0021157264709472656
223659,normal,95,0,1782361233.857086,0.0018754005432128906
223660,normal,3661,0,1782361233.8591053,0.0020194053649902344
223661,normal,1663,0,1782361233.8611329,0.0020275115966796875
223662,normal,2365,0,1782361233.8630984,0.0019655227661132812
223663,normal,432,0,1782361233.8650973,0.0019989013671875
223664,normal,2587,0,1782361233.867154,0.002056598663330078
223665,normal,2766,0,1782361233.8690834,0.0019295215606689453
223666,normal,2075,0,1782361233.8711252,0.0020418167114257812
223667,normal,2004,0,1782361233.87321,0.0020847320556640625
223668,normal,816,2,1782361233.8750854,0.0018754005432128906
223669,normal,356,0,1782361233.8771825,0.0020971298217773438
223670,normal,1701,0,1782361233.8792214,0.0020389556884765625
223671,normal,2391,0,1782361233.8811097,0.001888275146484375
223672,normal,2147,0,1782361233.8830993,0.001989603042602539
223673,normal,1953,0,1782361233.8851535,0.0020542144775390625
223674,normal,3030,0,1782361233.887086,0.001932382583618164
223675,normal,740,0,1782361233.8891323,0.002046346664428711
223676,normal,3477,0,1782361233.891203,0.0020706653594970703
223677,normal,875,2,1782361233.8930993,0.0018963813781738281
223678,normal,3627,0,1782361233.895098,0.0019986629486083984
223679,normal,2891,0,1782361233.8971558,0.002057790756225586
223680,normal,1134,0,1782361233.899088,0.0019321441650390625
223681,normal,3442,0,1782361233.9011285,0.0020406246185302734
223682,normal,2589,0,1782361233.9031541,0.002025604248046875
223683,normal,694,0,1782361233.905135,0.0019807815551757812
223684,normal,320,0,1782361233.9071512,0.002016305923461914
223685,normal,3247,1,1782361233.9093487,0.0021975040435791016
223686,normal,2334,0,1782361233.911156,0.0018072128295898438
223687,normal,1191,0,1782361233.9131517,0.0019958019256591797
223688,normal,340,0,1782361233.915314,0.0021622180938720703
223689,normal,743,0,1782361233.9174228,0.0021088123321533203
223690,normal,1108,0,1782361233.920467,0.00304412841796875
223691,normal,1309,0,1782361233.921333,0.0008661746978759766
223692,normal,2515,0,1782361233.923301,0.001967906951904297
223693,normal,2379,0,1782361233.9252825,0.001981496810913086
223694,normal,2528,0,1782361233.92721,0.0019276142120361328
223695,normal,501,0,1782361233.9290743,0.0018641948699951172
223696,normal,688,0,1782361233.9311607,0.0020864009857177734
223697,normal,3644,0,1782361233.9332392,0.002078533172607422
223698,normal,3042,0,1782361233.9352767,0.002037525177001953
223699,normal,3114,1,1782361233.937292,0.002015352249145508
223700,normal,3540,0,1782361233.9394178,0.0021257400512695312
223701,normal,274,0,1782361233.941378,0.001960277557373047
223702,normal,1937,0,1782361233.9434872,0.002109050750732422
223703,normal,2650,0,1782361233.9454246,0.0019373893737792969
223704,normal,2394,0,1782361233.9471767,0.0017521381378173828
223705,normal,681,0,1782361233.9493592,0.002182483673095703
223706,normal,1546,0,1782361233.951258,0.0018987655639648438
223707,normal,1910,0,1782361233.9533694,0.0021114349365234375
223708,normal,3521,0,1782361233.9552734,0.0019040107727050781
223709,normal,3082,1,1782361233.9573722,0.0020987987518310547
223710,normal,3455,0,1782361233.9592907,0.0019185543060302734
223711,normal,3647,0,1782361233.9612784,0.0019876956939697266
223712,normal,2978,0,1782361233.9633706,0.002092123031616211
223713,normal,3057,1,1782361233.9652746,0.0019040107727050781
223714,normal,2754,0,1782361233.967478,0.0022034645080566406
223715,normal,3115,1,1782361233.9692652,0.0017871856689453125
223716,normal,840,2,1782361233.971272,0.0020067691802978516
223717,normal,2566,0,1782361233.9733398,0.0020678043365478516
223718,normal,3588,0,1782361233.9752526,0.001912832260131836
223719,normal,769,0,1782361233.9772916,0.0020389556884765625
223720,normal,2148,0,1782361233.9799335,0.002641916275024414
223721,normal,2376,0,1782361233.9814126,0.0014791488647460938
223722,normal,1267,0,1782361233.98358,0.0021674633026123047
223723,normal,3422,0,1782361233.9852905,0.0017104148864746094
223724,normal,706,0,1782361233.9873462,0.002055644989013672
223725,normal,1129,0,1782361233.989848,0.0025017261505126953
223726,normal,2500,0,1782361233.9913094,0.0014615058898925781
223727,normal,2345,0,1782361233.9932272,0.0019178390502929688
223728,normal,1595,0,1782361233.995247,0.002019643783569336
223729,normal,2581,0,1782361233.9971764,0.0019295215606689453
223730,normal,3598,0,1782361233.9992487,0.0020723342895507812
223731,normal,738,0,1782361234.0012546,0.0020058155059814453
223732,normal,1646,0,1782361234.003202,0.0019474029541015625
223733,normal,3296,1,1782361234.0053864,0.0021843910217285156
223734,normal,3149,1,1782361234.0072079,0.0018215179443359375
223735,normal,1624,0,1782361234.0092318,0.002023935317993164
223736,normal,2561,0,1782361234.0112267,0.0019948482513427734
223737,normal,804,2,1782361234.0132282,0.002001523971557617
223738,normal,871,2,1782361234.015144,0.0019159317016601562
223739,normal,530,0,1782361234.0172427,0.002098560333251953
223740,normal,2735,0,1782361234.01921,0.0019674301147460938
223741,normal,1916,0,1782361234.0213213,0.002111196517944336
223742,normal,1941,0,1782361234.023338,0.002016782760620117
223743,normal,49,0,1782361234.0252295,0.0018913745880126953
223744,normal,54,0,1782361234.027236,0.00200653076171875
223745,normal,758,0,1782361234.0292284,0.001992464065551758
223746,normal,2786,0,1782361234.0312128,0.0019843578338623047
223747,normal,1618,0,1782361234.0332043,0.0019915103912353516
223748,normal,2452,0,1782361234.0352006,0.001996278762817383
223749,normal,927,2,1782361234.0372026,0.0020020008087158203
223750,normal,285,0,1782361234.0392187,0.0020160675048828125
223751,normal,1199,0,1782361234.0412967,0.0020780563354492188
223752,normal,1114,0,1782361234.0432289,0.0019321441650390625
223753,normal,1954,0,1782361234.0453415,0.0021126270294189453
223754,normal,3560,0,1782361234.0473912,0.002049684524536133
223755,normal,1817,0,1782361234.0493143,0.0019230842590332031
223756,normal,1397,0,1782361234.0513277,0.0020134449005126953
223757,normal,1271,0,1782361234.053303,0.0019752979278564453
223758,normal,718,0,1782361234.0551205,0.001817464828491211
223759,normal,3605,0,1782361234.0571034,0.0019829273223876953
223760,normal,2094,0,1782361234.0590975,0.0019941329956054688
223761,normal,1825,0,1782361234.0611885,0.002090930938720703
223762,normal,2567,0,1782361234.0631416,0.001953125
223763,normal,1047,0,1782361234.065082,0.0019404888153076172
223764,normal,3663,0,1782361234.067075,0.001992940902709961
223765,normal,958,2,1782361234.0690806,0.0020055770874023438
223766,normal,3556,0,1782361234.0714135,0.002332925796508789
223767,normal,983,2,1782361234.073309,0.0018954277038574219
223768,normal,3659,0,1782361234.075254,0.0019450187683105469
223769,normal,3133,1,1782361234.0772378,0.0019838809967041016
223770,normal,2387,0,1782361234.0791337,0.001895904541015625
223771,normal,116,0,1782361234.0811458,0.002012014389038086
223772,normal,1925,0,1782361234.0831404,0.001994609832763672
223773,normal,2174,0,1782361234.0853593,0.002218961715698242
223774,normal,2457,0,1782361234.0872633,0.0019040107727050781
223775,normal,1021,2,1782361234.0891244,0.0018610954284667969
223776,normal,510,0,1782361234.0912528,0.0021283626556396484
223777,normal,878,2,1782361234.0931334,0.001880645751953125
223778,normal,2406,0,1782361234.095145,0.002011537551879883
223779,normal,2198,0,1782361234.0976057,0.0024607181549072266
223780,normal,815,2,1782361234.0993805,0.0017747879028320312
223781,normal,2140,0,1782361234.1012726,0.00189208984375
223782,normal,632,0,1782361234.1032426,0.001970052719116211
223783,normal,3075,1,1782361234.1052716,0.002028942108154297
223784,normal,2999,0,1782361234.107384,0.0021123886108398438
223785,normal,2665,0,1782361234.1094415,0.0020575523376464844
223786,normal,2679,0,1782361234.111318,0.0018765926361083984
223787,normal,2275,0,1782361234.1131692,0.0018510818481445312
223788,normal,1807,0,1782361234.1152625,0.0020933151245117188
223789,normal,2731,0,1782361234.1172974,0.002034902572631836
223790,normal,3654,0,1782361234.1191583,0.0018608570098876953
223791,normal,1383,0,1782361234.12109,0.0019316673278808594
223792,normal,863,2,1782361234.123091,0.002001047134399414
223793,normal,1296,0,1782361234.125121,0.0020301342010498047
223794,normal,2598,0,1782361234.1271205,0.001999378204345703
223795,normal,2739,0,1782361234.1292088,0.002088308334350586
223796,normal,2569,0,1782361234.131224,0.0020151138305664062
223797,normal,46,0,1782361234.1332357,0.0020117759704589844
223798,normal,1639,0,1782361234.1351533,0.0019176006317138672
223799,normal,1491,0,1782361234.1372972,0.00214385986328125
223800,normal,984,2,1782361234.1392446,0.0019474029541015625
223801,normal,1367,1,1782361234.1412723,0.002027750015258789
223802,normal,1451,0,1782361234.1432447,0.0019724369049072266
223803,normal,1539,0,1782361234.1452854,0.0020406246185302734
223804,normal,904,2,1782361234.1472178,0.001932382583618164
223805,normal,3400,1,1782361234.149332,0.0021142959594726562
223806,normal,2340,0,1782361234.151142,0.001809835433959961
223807,normal,1226,0,1782361234.1532423,0.0021004676818847656
223808,normal,1932,0,1782361234.1552458,0.0020034313201904297
223809,normal,1345,1,1782361234.157233,0.0019872188568115234
223810,normal,2419,0,1782361234.1591446,0.0019116401672363281
223811,normal,2145,0,1782361234.161243,0.0020983219146728516
223812,normal,669,0,1782361234.1632462,0.002003192901611328
223813,normal,2798,0,1782361234.1653106,0.0020644664764404297
223814,normal,1872,0,1782361234.1672258,0.0019152164459228516
223815,normal,176,0,1782361234.169217,0.00199127197265625
223816,normal,3420,0,1782361234.171129,0.0019118785858154297
223817,normal,2835,0,1782361234.1732252,0.0020961761474609375
223818,normal,56,0,1782361234.1752448,0.002019643783569336
223819,normal,2454,0,1782361234.1772747,0.002029895782470703
223820,normal,1154,0,1782361234.1792874,0.0020127296447753906
223821,normal,2432,0,1782361234.1813142,0.002026796340942383
223822,normal,3341,1,1782361234.1832566,0.0019423961639404297
223823,normal,1913,0,1782361234.185288,0.0020313262939453125
223824,normal,2728,0,1782361234.1872354,0.0019474029541015625
223825,normal,909,2,1782361234.1893206,0.0020852088928222656
223826,normal,2247,0,1782361234.1912105,0.001889944076538086
223827,normal,2744,0,1782361234.1932008,0.0019903182983398438
223828,normal,482,0,1782361234.1952019,0.002001047134399414
223829,normal,3365,1,1782361234.1972897,0.002087831497192383
223830,normal,1163,0,1782361234.199343,0.0020532608032226562
223831,normal,2189,0,1782361234.201204,0.0018610954284667969
223832,normal,341,0,1782361234.2033103,0.002106189727783203
223833,normal,787,2,1782361234.2055051,0.0021948814392089844
223834,normal,2854,0,1782361234.2074268,0.0019216537475585938
223835,normal,1526,0,1782361234.2094846,0.002057790756225586
223836,normal,1232,0,1782361234.2114012,0.001916646957397461
223837,normal,1845,0,1782361234.2131531,0.0017518997192382812
223838,normal,966,2,1782361234.215197,0.0020439624786376953
223839,normal,3551,0,1782361234.2171962,0.0019991397857666016
223840,normal,2720,0,1782361234.2192326,0.0020363330841064453
223841,normal,1286,0,1782361234.2213945,0.0021619796752929688
223842,normal,1632,0,1782361234.2231033,0.0017087459564208984
223843,normal,386,0,1782361234.2251813,0.0020780563354492188
223844,normal,1008,2,1782361234.2271817,0.0020003318786621094
223845,normal,2257,0,1782361234.2294908,0.002309083938598633
223846,normal,3575,0,1782361234.231321,0.0018303394317626953
223847,normal,3427,0,1782361234.233384,0.0020627975463867188
223848,normal,1426,0,1782361234.235318,0.001934051513671875
223849,normal,1501,0,1782361234.2372553,0.0019373893737792969
223850,normal,3000,0,1782361234.239239,0.001983642578125
223851,normal,639,0,1782361234.24124,0.002001047134399414
223852,normal,1429,0,1782361234.2431688,0.0019288063049316406
223853,normal,2460,0,1782361234.245492,0.002323150634765625
223854,normal,2218,0,1782361234.2471905,0.0016984939575195312
223855,normal,2441,0,1782361234.249221,0.002030611038208008
223856,normal,2585,0,1782361234.251238,0.0020170211791992188
223857,normal,1527,0,1782361234.2532365,0.001998424530029297
223858,normal,280,0,1782361234.2551837,0.001947164535522461
223859,normal,1428,0,1782361234.2574203,0.002236604690551758
223860,normal,1753,0,1782361234.2593696,0.001949310302734375
223861,normal,3055,1,1782361234.2612882,0.0019185543060302734
223862,normal,1534,0,1782361234.2633345,0.002046346664428711
223863,normal,1099,0,1782361234.2653036,0.0019690990447998047
223864,normal,430,0,1782361234.2673044,0.0020008087158203125
223865,normal,1315,0,1782361234.269539,0.0022346973419189453
223866,normal,3188,1,1782361234.2713835,0.0018444061279296875
223867,normal,2887,0,1782361234.2733774,0.001993894577026367
223868,normal,1796,0,1782361234.2755842,0.0022068023681640625
223869,normal,1216,0,1782361234.2776887,0.002104520797729492
223870,normal,2967,0,1782361234.2793524,0.0016636848449707031
223871,normal,1762,0,1782361234.281219,0.0018665790557861328
223872,normal,73,0,1782361234.2832203,0.0020012855529785156
223873,normal,112,0,1782361234.2853696,0.002149343490600586
223874,normal,1253,0,1782361234.287307,0.0019373893737792969
223875,normal,2305,0,1782361234.2892904,0.0019834041595458984
223876,normal,3326,1,1782361234.291249,0.001958608627319336
223877,normal,1164,0,1782361234.2937975,0.0025484561920166016
223878,normal,257,0,1782361234.2953827,0.001585245132446289
223879,normal,790,2,1782361234.2971473,0.001764535903930664
223880,normal,1177,0,1782361234.2993503,0.0022029876708984375
223881,normal,531,0,1782361234.3012996,0.001949310302734375
223882,normal,1775,0,1782361234.3031702,0.0018706321716308594
223883,normal,3611,0,1782361234.3053477,0.0021774768829345703
223884,normal,3012,0,1782361234.307269,0.0019214153289794922
223885,normal,2192,0,1782361234.309283,0.0020139217376708984
223886,normal,1864,0,1782361234.3114402,0.0021572113037109375
223887,normal,32,0,1782361234.3132803,0.0018401145935058594
223888,normal,1480,0,1782361234.315155,0.001874685287475586
223889,normal,1822,0,1782361234.317328,0.0021729469299316406
223890,normal,2293,0,1782361234.3192627,0.0019347667694091797
223891,normal,3018,0,1782361234.3213274,0.0020647048950195312
223892,normal,3612,0,1782361234.3232834,0.0019559860229492188
223893,normal,1671,0,1782361234.3253825,0.0020990371704101562
223894,normal,480,0,1782361234.3272648,0.001882314682006836
223895,normal,857,2,1782361234.3294203,0.0021555423736572266
223896,normal,2058,0,1782361234.3311863,0.0017659664154052734
223897,normal,948,2,1782361234.3333542,0.002167940139770508
223898,normal,2126,0,1782361234.3352845,0.00193023681640625
223899,normal,601,0,1782361234.337327,0.002042531967163086
223900,normal,475,0,1782361234.3392313,0.0019042491912841797
223901,normal,3549,0,1782361234.3413165,0.0020852088928222656
223902,normal,2540,0,1782361234.3435097,0.0021932125091552734
223903,normal,2983,0,1782361234.3452344,0.0017247200012207031
223904,normal,789,2,1782361234.347285,0.002050638198852539
223905,normal,2256,0,1782361234.3493476,0.002062559127807617
223906,normal,507,0,1782361234.3515031,0.0021555423736572266
223907,normal,560,0,1782361234.3532035,0.0017004013061523438
223908,normal,284,0,1782361234.3553221,0.0021185874938964844
223909,normal,1137,0,1782361234.357288,0.001965761184692383
223910,normal,2119,0,1782361234.3593414,0.002053499221801758
223911,normal,662,0,1782361234.3611195,0.0017781257629394531
223912,normal,2719,0,1782361234.3632298,0.0021102428436279297
223913,normal,3606,0,1782361234.3652196,0.0019898414611816406
223914,normal,3491,0,1782361234.3673246,0.0021049976348876953
223915,normal,1542,0,1782361234.3691092,0.0017845630645751953
223916,normal,2412,0,1782361234.3712075,0.0020983219146728516
223917,normal,448,0,1782361234.373107,0.0018994808197021484
223918,normal,3640,0,1782361234.3752177,0.002110719680786133
223919,normal,3530,0,1782361234.3776484,0.0024306774139404297
223920,normal,3090,1,1782361234.3792126,0.0015642642974853516
223921,normal,3305,1,1782361234.3811336,0.001920938491821289
223922,normal,1445,0,1782361234.3832345,0.0021009445190429688
223923,normal,156,0,1782361234.385142,0.0019075870513916016
223924,normal,3699,0,1782361234.3872752,0.0021331310272216797
223925,normal,522,0,1782361234.3894386,0.002163410186767578
223926,normal,917,2,1782361234.3911202,0.0016815662384033203
223927,normal,1123,0,1782361234.393224,0.0021038055419921875
223928,normal,2703,0,1782361234.3951385,0.0019145011901855469
223929,normal,2604,0,1782361234.3972588,0.0021202564239501953
223930,normal,3234,1,1782361234.3991497,0.0018908977508544922
223931,normal,1689,0,1782361234.4012966,0.0021469593048095703
223932,normal,3391,1,1782361234.403144,0.0018472671508789062
223933,normal,2297,0,1782361234.4052334,0.0020895004272460938
223934,normal,2202,0,1782361234.4077537,0.002520322799682617
223935,normal,2207,0,1782361234.4097164,0.0019626617431640625
223936,normal,2350,0,1782361234.4111075,0.0013911724090576172
223937,normal,200,0,1782361234.4132419,0.0021343231201171875
223938,normal,963,2,1782361234.4152508,0.0020089149475097656
223939,normal,1196,0,1782361234.4172628,0.002012014389038086
223940,normal,1281,0,1782361234.4193583,0.002095460891723633
223941,normal,2146,0,1782361234.4212363,0.0018780231475830078
223942,normal,3210,1,1782361234.4233801,0.00214385986328125
223943,normal,1224,0,1782361234.4253411,0.0019609928131103516
223944,normal,131,0,1782361234.4271557,0.0018146038055419922
223945,normal,3511,0,1782361234.4292264,0.0020706653594970703
223946,normal,2897,0,1782361234.4312553,0.002028942108154297
223947,normal,3187,1,1782361234.4332566,0.0020012855529785156
223948,normal,3673,0,1782361234.4351757,0.0019190311431884766
223949,normal,1366,1,1782361234.437303,0.002127408981323242
223950,normal,1192,0,1782361234.4392586,0.0019555091857910156
223951,normal,3662,0,1782361234.441733,0.0024743080139160156
223952,normal,2511,0,1782361234.443244,0.0015110969543457031
223953,normal,968,2,1782361234.4451456,0.0019016265869140625
223954,normal,2389,0,1782361234.4473703,0.0022246837615966797
223955,normal,2259,0,1782361234.4492652,0.0018949508666992188
223956,normal,3653,0,1782361234.4513648,0.0020995140075683594
223957,normal,1757,0,1782361234.453173,0.00180816650390625
223958,normal,2765,0,1782361234.4553485,0.002175569534301758
223959,normal,2091,0,1782361234.457372,0.002023458480834961
223960,normal,3399,1,1782361234.4592957,0.0019237995147705078
223961,normal,2074,0,1782361234.461337,0.002041339874267578
223962,normal,3633,0,1782361234.4632814,0.0019443035125732422
223963,normal,933,2,1782361234.4652562,0.001974821090698242
223964,normal,498,0,1782361234.467332,0.002075672149658203
223965,normal,1529,0,1782361234.4692733,0.0019414424896240234
223966,normal,2154,0,1782361234.4713898,0.0021164417266845703
223967,normal,2034,0,1782361234.4733148,0.0019249916076660156
223968,normal,3264,1,1782361234.4754467,0.002131938934326172
223969,normal,555,0,1782361234.4772131,0.0017664432525634766
223970,normal,916,2,1782361234.4793625,0.002149343490600586
223971,normal,2875,0,1782361234.4813123,0.0019497871398925781
223972,normal,3386,1,1782361234.4832764,0.001964092254638672
223973,normal,1641,0,1782361234.4853399,0.0020635128021240234
223974,normal,2972,0,1782361234.4872572,0.0019173622131347656
223975,normal,3554,0,1782361234.4893217,0.0020644664764404297
223976,normal,667,0,1782361234.491457,0.0021352767944335938
223977,normal,66,0,1782361234.493254,0.0017969608306884766
223978,normal,2996,0,1782361234.4954069,0.0021529197692871094
223979,normal,2248,0,1782361234.497475,0.002068042755126953
223980,normal,3034,0,1782361234.49932,0.0018451213836669922
223981,normal,2956,0,1782361234.5013218,0.0020017623901367188
223982,normal,2342,0,1782361234.5035312,0.0022094249725341797
223983,normal,370,0,1782361234.5053365,0.0018053054809570312
223984,normal,2776,0,1782361234.5072339,0.0018973350524902344
223985,normal,3337,1,1782361234.5093136,0.0020797252655029297
223986,normal,3070,1,1782361234.5112479,0.0019342899322509766
223987,normal,3354,1,1782361234.5133796,0.0021317005157470703
223988,normal,357,0,1782361234.5152113,0.0018317699432373047
223989,normal,3608,0,1782361234.5173175,0.002106189727783203
223990,normal,3428,0,1782361234.5192142,0.0018966197967529297
223991,normal,1384,0,1782361234.521308,0.002093791961669922
223992,normal,2894,0,1782361234.523983,0.0026750564575195312
223993,normal,1586,0,1782361234.5253482,0.0013651847839355469
223994,normal,2240,0,1782361234.527233,0.0018846988677978516
223995,normal,1545,0,1782361234.5292387,0.0020058155059814453
223996,normal,3025,0,1782361234.5313315,0.0020928382873535156
223997,normal,2575,0,1782361234.5332513,0.0019197463989257812
223998,normal,509,0,1782361234.5356345,0.0023832321166992188
223999,normal,295,0,1782361234.537148,0.0015134811401367188
224000,normal,2003,0,1782361234.5393167,0.0021686553955078125
224001,normal,885,2,1782361234.5412698,0.001953125
224002,normal,79,0,1782361234.5433438,0.002074003219604492
224003,normal,3031,0,1782361234.5452678,0.0019240379333496094
224004,normal,2841,0,1782361234.5475159,0.002248048782348633
224005,normal,579,0,1782361234.5493124,0.0017964839935302734
224006,normal,192,0,1782361234.5513349,0.0020225048065185547
224007,normal,2578,0,1782361234.5532734,0.0019385814666748047
224008,normal,1278,0,1782361234.5553725,0.0020990371704101562
224009,normal,2470,0,1782361234.5575726,0.0022001266479492188
224010,normal,3423,0,1782361234.5594146,0.0018420219421386719
224011,normal,240,0,1782361234.5611918,0.0017771720886230469
224012,normal,583,0,1782361234.5634434,0.0022516250610351562
224013,normal,398,0,1782361234.565398,0.0019545555114746094
224014,normal,2818,0,1782361234.5671887,0.001790761947631836
224015,normal,528,0,1782361234.5693119,0.002123117446899414
224016,normal,307,0,1782361234.5713325,0.002020597457885742
224017,normal,3655,0,1782361234.5732677,0.0019352436065673828
224018,normal,2270,0,1782361234.5752857,0.002017974853515625
224019,normal,2872,0,1782361234.5773687,0.0020830631256103516
224020,normal,1363,1,1782361234.579354,0.001985311508178711
224021,normal,1567,0,1782361234.5818439,0.002489805221557617
224022,normal,3141,1,1782361234.583285,0.0014412403106689453
224023,normal,3146,1,1782361234.585269,0.0019838809967041016
224024,normal,617,0,1782361234.5873837,0.0021147727966308594
224025,normal,1272,0,1782361234.5892026,0.0018188953399658203
224026,normal,293,0,1782361234.5913825,0.002179861068725586
224027,normal,2227,0,1782361234.5932844,0.001901865005493164
224028,normal,3447,0,1782361234.5954025,0.0021181106567382812
224029,normal,537,0,1782361234.5973268,0.001924276351928711
224030,normal,2375,0,1782361234.5992606,0.0019338130950927734
224031,normal,1152,0,1782361234.601367,0.0021064281463623047
224032,normal,3171,1,1782361234.6032581,0.0018911361694335938
224033,normal,2770,0,1782361234.605367,0.0021088123321533203
224034,normal,3445,0,1782361234.6072986,0.0019316673278808594
224035,normal,3074,1,1782361234.609202,0.0019032955169677734
224036,normal,107,0,1782361234.611438,0.0022361278533935547
224037,normal,2214,0,1782361234.6134996,0.002061605453491211
224038,normal,3036,0,1782361234.615181,0.0016813278198242188
224039,normal,920,2,1782361234.6173694,0.002188444137573242
224040,normal,321,0,1782361234.619349,0.0019795894622802734
224041,normal,1933,0,1782361234.6211545,0.0018055438995361328
224042,normal,1062,0,1782361234.623344,0.0021893978118896484
224043,normal,519,0,1782361234.6251466,0.001802682876586914
224044,normal,3020,0,1782361234.6273427,0.002196073532104492
224045,normal,2579,0,1782361234.6292732,0.0019304752349853516
224046,normal,2649,0,1782361234.631448,0.002174854278564453
224047,normal,1355,1,1782361234.6332467,0.0017986297607421875
224048,normal,803,2,1782361234.6354296,0.0021829605102539062
224049,normal,2133,0,1782361234.6373658,0.001936197280883789
224050,normal,2462,0,1782361234.6394238,0.0020580291748046875
224051,normal,1770,0,1782361234.6413465,0.001922607421875
224052,normal,2905,0,1782361234.6434445,0.00209808349609375
224053,normal,3003,0,1782361234.6454253,0.0019807815551757812
224054,normal,3160,1,1782361234.6472495,0.0018241405487060547
224055,normal,3286,1,1782361234.6492543,0.002004861831665039
224056,normal,1544,0,1782361234.6512349,0.0019805431365966797
224057,normal,2856,0,1782361234.6533327,0.0020978450775146484
224058,normal,3533,0,1782361234.655482,0.002149343490600586
224059,normal,2621,0,1782361234.6571455,0.0016634464263916016
224060,normal,2658,0,1782361234.6593335,0.002187967300415039
224061,normal,951,2,1782361234.6612582,0.001924753189086914
224062,normal,652,0,1782361234.6632562,0.0019979476928710938
224063,normal,473,0,1782361234.6660357,0.0027794837951660156
224064,normal,1377,1,1782361234.667491,0.0014553070068359375
224065,normal,2311,0,1782361234.669183,0.001692056655883789
224066,normal,336,0,1782361234.6713424,0.0021593570709228516
224067,normal,880,2,1782361234.6732695,0.0019271373748779297
224068,normal,1289,0,1782361234.6751604,0.0018908977508544922
224069,normal,3574,0,1782361234.6774073,0.002246856689453125
224070,normal,2546,0,1782361234.6791878,0.0017805099487304688
224071,normal,2364,0,1782361234.6814635,0.002275705337524414
224072,normal,315,0,1782361234.6832473,0.0017838478088378906
224073,normal,1607,0,1782361234.685344,0.0020966529846191406
224074,normal,37,0,1782361234.6871738,0.0018298625946044922
224075,normal,2504,0,1782361234.6893716,0.002197742462158203
224076,normal,2327,0,1782361234.6913233,0.0019516944885253906
224077,normal,1401,0,1782361234.6933758,0.0020525455474853516
224078,normal,1390,0,1782361234.6954799,0.002104043960571289
224079,normal,959,2,1782361234.6973183,0.0018384456634521484
224080,normal,2064,0,1782361234.6993446,0.0020263195037841797
224081,normal,2222,0,1782361234.701432,0.0020873546600341797
224082,normal,2388,0,1782361234.703458,0.002026081085205078
224083,normal,3050,1,1782361234.705522,0.0020639896392822266
224084,normal,3369,1,1782361234.7074637,0.001941680908203125
224085,normal,3131,1,1782361234.7091646,0.0017008781433105469
224086,normal,2979,0,1782361234.7115507,0.0023860931396484375
224087,normal,1430,0,1782361234.7134962,0.00194549560546875
224088,normal,2992,0,1782361234.7151623,0.0016660690307617188
224089,normal,333,0,1782361234.7173343,0.0021719932556152344
224090,normal,3678,0,1782361234.7193477,0.0020134449005126953
224091,normal,1866,0,1782361234.72125,0.0019023418426513672
224092,normal,742,0,1782361234.7232869,0.0020368099212646484
224093,normal,2103,0,1782361234.7254245,0.0021376609802246094
224094,normal,1096,0,1782361234.7272818,0.0018572807312011719
224095,normal,2132,0,1782361234.7295206,0.002238750457763672
224096,normal,712,0,1782361234.7314699,0.001949310302734375
224097,normal,572,0,1782361234.7331574,0.0016875267028808594
224098,normal,733,0,1782361234.7352724,0.002115011215209961
224099,normal,2910,0,1782361234.737373,0.002100706100463867
224100,normal,1136,0,1782361234.7393084,0.0019352436065673828
224101,normal,627,0,1782361234.7411704,0.0018620491027832031
224102,normal,1369,1,1782361234.74336,0.00218963623046875
224103,normal,3047,1,1782361234.7453332,0.0019731521606445312
224104,normal,1477,0,1782361234.7472885,0.001955270767211914
224105,normal,1887,0,1782361234.7493608,0.0020723342895507812
224106,normal,1277,0,1782361234.751301,0.0019402503967285156
224107,normal,486,0,1782361234.753257,0.0019559860229492188
224108,normal,204,0,1782361234.7552583,0.0020012855529785156
224109,normal,3462,0,1782361234.7572823,0.002023935317993164
224110,normal,26,0,1782361234.7592602,0.0019779205322265625
224111,normal,3360,1,1782361234.7614136,0.0021533966064453125
224112,normal,3244,1,1782361234.7632196,0.001806020736694336
224113,normal,2762,0,1782361234.7654638,0.002244234085083008
224114,normal,2423,0,1782361234.7673256,0.0018618106842041016
224115,normal,659,0,1782361234.769301,0.0019752979278564453
224116,normal,3143,1,1782361234.7712767,0.0019757747650146484
224117,normal,1813,0,1782361234.7734094,0.0021326541900634766
224118,normal,2608,0,1782361234.7752922,0.001882791519165039
224119,normal,3368,1,1782361234.7772515,0.0019593238830566406
224120,normal,1939,0,1782361234.7793474,0.002095937728881836
224121,normal,245,0,1782361234.7812917,0.0019443035125732422
224122,normal,1846,0,1782361234.7834668,0.0021750926971435547
224123,normal,2229,0,1782361234.785339,0.0018723011016845703
224124,normal,1686,0,1782361234.7874172,0.0020780563354492188
224125,normal,247,0,1782361234.789433,0.002015829086303711
224126,normal,3306,1,1782361234.7928324,0.003399372100830078
224127,normal,177,0,1782361234.7932308,0.00039839744567871094
224128,normal,817,2,1782361234.7954388,0.0022079944610595703
224129,normal,3203,1,1782361234.7974656,0.002026796340942383
224130,normal,1802,0,1782361234.7991512,0.0016856193542480469
224131,normal,1049,0,1782361234.8013382,0.002187013626098633
224132,normal,3241,1,1782361234.8032403,0.0019021034240722656
224133,normal,2877,0,1782361234.8053436,0.0021033287048339844
224134,normal,1830,0,1782361234.8073206,0.0019769668579101562
224135,normal,3356,1,1782361234.8093357,0.0020151138305664062
224136,normal,3262,1,1782361234.8112614,0.0019257068634033203
224137,normal,687,0,1782361234.8133378,0.002076387405395508
224138,normal,1489,0,1782361234.8152432,0.0019054412841796875
224139,normal,2019,0,1782361234.817933,0.002689838409423828
224140,normal,1389,0,1782361234.8193762,0.0014431476593017578
224141,normal,332,0,1782361234.8212664,0.0018901824951171875
224142,normal,3125,1,1782361234.8232684,0.0020020008087158203
224143,normal,3309,1,1782361234.825255,0.0019865036010742188
224144,normal,1574,0,1782361234.8273764,0.002121448516845703
224145,normal,1556,0,1782361234.829246,0.0018696784973144531
224146,normal,3213,1,1782361234.8313582,0.002112150192260742
224147,normal,2516,0,1782361234.833245,0.0018868446350097656
224148,normal,1239,0,1782361234.8353608,0.0021157264709472656
224149,normal,1694,0,1782361234.837168,0.0018072128295898438
224150,normal,2160,0,1782361234.8393753,0.0022072792053222656
224151,normal,2150,0,1782361234.841181,0.0018057823181152344
224152,normal,2410,0,1782361234.8434217,0.0022406578063964844
224153,normal,1219,0,1782361234.8452613,0.0018396377563476562
224154,normal,2670,0,1782361234.8472922,0.0020308494567871094
224155,normal,426,0,1782361234.8495142,0.0022220611572265625
224156,normal,2417,0,1782361234.8520143,0.0025000572204589844
224157,normal,3319,1,1782361234.853278,0.0012636184692382812
224158,normal,3236,1,1782361234.8556206,0.002342700958251953
224159,normal,3005,0,1782361234.8574066,0.0017859935760498047
224160,normal,1879,0,1782361234.8594437,0.00203704833984375
224161,normal,2519,0,1782361234.8614492,0.0020055770874023438
224162,normal,2031,0,1782361234.8634923,0.002043008804321289
224163,normal,2758,0,1782361234.865156,0.0016636848449707031
224164,normal,2526,0,1782361234.8673499,0.002193927764892578
224165,normal,2095,0,1782361234.8693097,0.0019598007202148438
224166,normal,70,0,1782361234.8713233,0.002013683319091797
224167,normal,1649,0,1782361234.8733134,0.001990079879760742
224168,normal,3085,1,1782361234.875331,0.002017498016357422
224169,normal,2865,0,1782361234.8773668,0.002035856246948242
224170,normal,2081,0,1782361234.8794215,0.0020546913146972656
224171,normal,3222,1,1782361234.881513,0.002091646194458008
224172,normal,1836,0,1782361234.8831506,0.0016374588012695312
224173,normal,2745,0,1782361234.8853672,0.0022165775299072266
224174,normal,1057,0,1782361234.8872755,0.0019083023071289062
224175,normal,2414,0,1782361234.8893025,0.0020270347595214844
224176,normal,1391,0,1782361234.89117,0.001867532730102539
224177,normal,2785,0,1782361234.8933752,0.0022051334381103516
224178,normal,3555,0,1782361234.8951871,0.001811981201171875
224179,normal,2572,0,1782361234.8975232,0.0023360252380371094
224180,normal,3111,1,1782361234.8992717,0.0017485618591308594
224181,normal,2023,0,1782361234.9013574,0.0020856857299804688
224182,normal,429,0,1782361234.9031684,0.0018110275268554688
224183,normal,3378,1,1782361234.9053607,0.002192258834838867
224184,normal,1422,0,1782361234.9071653,0.0018045902252197266
224185,normal,3028,0,1782361234.9093587,0.002193450927734375
224186,normal,3669,0,1782361234.9112937,0.0019350051879882812
224187,normal,2435,0,1782361234.9133575,0.002063751220703125
224188,normal,3014,0,1782361234.915342,0.0019845962524414062
224189,normal,1180,0,1782361234.9173584,0.002016305923461914
224190,normal,845,2,1782361234.9191937,0.0018353462219238281
224191,normal,440,0,1782361234.921286,0.0020923614501953125
224192,normal,2522,0,1782361234.923386,0.0020999908447265625
224193,normal,2175,0,1782361234.9251907,0.0018045902252197266
224194,normal,713,0,1782361234.9273531,0.002162456512451172
224195,normal,3590,0,1782361234.9292486,0.0018954277038574219
224196,normal,756,0,1782361234.9313545,0.0021059513092041016
224197,normal,1521,0,1782361234.9334173,0.0020627975463867188
224198,normal,2982,0,1782361234.935316,0.0018987655639648438
224199,normal,477,0,1782361234.9373393,0.0020232200622558594
224200,normal,514,0,1782361234.9394429,0.002103567123413086
224201,normal,1101,0,1782361234.9415872,0.002144336700439453
224202,normal,3347,1,1782361234.9432108,0.0016236305236816406
224203,normal,1470,0,1782361234.945492,0.00228118896484375
224204,normal,3374,1,1782361234.9474266,0.0019345283508300781
224205,normal,807,2,1782361234.9493194,0.0018928050994873047
224206,normal,3276,1,1782361234.951244,0.001924753189086914
224207,normal,573,0,1782361234.9533527,0.0021085739135742188
224208,normal,2565,0,1782361234.9551463,0.0017936229705810547
224209,normal,2991,0,1782361234.9575706,0.0024242401123046875
224210,normal,2874,0,1782361234.9592075,0.0016369819641113281
224211,normal,3645,0,1782361234.9612632,0.002055644989013672
224212,normal,3206,1,1782361234.9631436,0.0018804073333740234
224213,normal,1934,0,1782361234.9653041,0.0021605491638183594
224214,normal,2499,0,1782361234.967203,0.0018987655639648438
224215,normal,261,0,1782361234.9698274,0.00262451171875
224216,normal,2424,0,1782361234.9711826,0.0013551712036132812
224217,normal,1492,0,1782361234.9731472,0.001964569091796875
224218,normal,206,0,1782361234.9752579,0.002110719680786133
224219,normal,34,0,1782361234.9771228,0.0018649101257324219
224220,normal,864,2,1782361234.979152,0.0020291805267333984
224221,normal,1457,0,1782361234.9812472,0.0020952224731445312
224222,normal,2288,0,1782361234.9832819,0.0020346641540527344
224223,normal,1098,0,1782361234.985138,0.001856088638305664
224224,normal,1310,0,1782361234.9872596,0.0021216869354248047
224225,normal,1597,0,1782361234.9892652,0.0020055770874023438
224226,normal,186,0,1782361234.9911752,0.0019099712371826172
224227,normal,640,0,1782361234.993291,0.0021157264709472656
224228,normal,468,0,1782361234.995198,0.0019071102142333984
224229,normal,3157,1,1782361234.997283,0.002084970474243164
224230,normal,1225,0,1782361234.999146,0.0018630027770996094
224231,normal,2753,0,1782361235.0014937,0.002347707748413086
224232,normal,853,2,1782361235.0040405,0.0025467872619628906
224233,normal,1987,0,1782361235.0051265,0.0010859966278076172
224234,normal,2811,0,1782361235.0075092,0.0023827552795410156
224235,normal,2536,0,1782361235.009383,0.0018737316131591797
224236,normal,2413,0,1782361235.0112555,0.0018725395202636719
224237,normal,1403,0,1782361235.0138466,0.0025911331176757812
224238,normal,1115,0,1782361235.015325,0.001478433609008789
224239,normal,2106,0,1782361235.0171227,0.0017976760864257812
224240,normal,1926,0,1782361235.0192392,0.0021164417266845703
224241,normal,1700,0,1782361235.021218,0.0019788742065429688
224242,normal,292,0,1782361235.0233502,0.0021321773529052734
224243,normal,1763,0,1782361235.0253057,0.0019555091857910156
224244,normal,1240,0,1782361235.027218,0.0019123554229736328
224245,normal,1850,0,1782361235.029416,0.0021979808807373047
224246,normal,412,0,1782361235.031518,0.002101898193359375
224247,normal,1565,0,1782361235.0332747,0.0017566680908203125
224248,normal,1388,0,1782361235.035159,0.00188446044921875
224249,normal,184,0,1782361235.0373359,0.0021767616271972656
224250,normal,2697,0,1782361235.0391414,0.0018055438995361328
224251,normal,241,0,1782361235.041282,0.002140522003173828
224252,normal,699,0,1782361235.043287,0.0020051002502441406
224253,normal,2550,0,1782361235.045293,0.002006053924560547
224254,normal,1022,2,1782361235.0472782,0.0019850730895996094
224255,normal,3578,0,1782361235.0493355,0.002057313919067383
224256,normal,2255,0,1782361235.051327,0.0019915103912353516
224257,normal,3331,1,1782361235.0531728,0.0018458366394042969
224258,normal,625,0,1782361235.0551403,0.0019674301147460938
224259,normal,2291,0,1782361235.0571692,0.002028942108154297
224260,normal,697,0,1782361235.059276,0.002106904983520508
224261,normal,2348,0,1782361235.0612679,0.001991748809814453
224262,normal,3071,1,1782361235.0631778,0.0019099712371826172
224263,normal,2037,0,1782361235.0653274,0.0021495819091796875
224264,normal,3570,0,1782361235.067547,0.002219676971435547
224265,normal,1268,0,1782361235.0691414,0.0015943050384521484
224266,normal,155,0,1782361235.071282,0.002140522003173828
224267,normal,3698,0,1782361235.0732877,0.0020058155059814453
224268,normal,680,0,1782361235.0751865,0.0018987655639648438
224269,normal,3542,0,1782361235.077346,0.002159595489501953
224270,normal,2900,0,1782361235.0792696,0.0019235610961914062
224271,normal,1160,0,1782361235.0811467,0.0018770694732666016
224272,normal,2930,0,1782361235.083339,0.002192258834838867
224273,normal,979,2,1782361235.0853412,0.002002239227294922
224274,normal,1553,0,1782361235.087227,0.0018858909606933594
224275,normal,179,0,1782361235.0894349,0.0022077560424804688
224276,normal,3263,1,1782361235.0913239,0.0018889904022216797
224277,normal,890,2,1782361235.093354,0.0020301342010498047
224278,normal,2955,0,1782361235.095216,0.0018620491027832031
224279,normal,1658,0,1782361235.097386,0.0021698474884033203
224280,normal,2282,0,1782361235.0994358,0.0020499229431152344
224281,normal,1193,0,1782361235.1011498,0.0017139911651611328
224282,normal,2234,0,1782361235.103252,0.0021021366119384766
224283,normal,3432,0,1782361235.105142,0.0018901824951171875
224284,normal,2533,0,1782361235.107327,0.0021848678588867188
224285,normal,2855,0,1782361235.109406,0.002079010009765625
224286,normal,3617,0,1782361235.111146,0.0017399787902832031
224287,normal,121,0,1782361235.1133046,0.002158641815185547
224288,normal,1699,0,1782361235.11526,0.001955270767211914
224289,normal,744,0,1782361235.1171935,0.0019335746765136719
224290,normal,2351,0,1782361235.120121,0.002927541732788086
224291,normal,2747,0,1782361235.1215925,0.0014715194702148438
224292,normal,987,2,1782361235.123215,0.0016224384307861328
224293,normal,536,0,1782361235.1253586,0.0021436214447021484
224294,normal,2057,0,1782361235.12734,0.001981496810913086
224295,normal,57,0,1782361235.1292164,0.0018763542175292969
224296,normal,2030,0,1782361235.1312804,0.0020639896392822266
224297,normal,1950,0,1782361235.1334076,0.0021271705627441406
224298,normal,2923,0,1782361235.1351964,0.0017888545989990234
224299,normal,2759,0,1782361235.1374,0.0022034645080566406
224300,normal,1025,2,1782361235.1392605,0.0018606185913085938
224301,normal,1349,1,1782361235.141396,0.0021355152130126953
224302,normal,2373,0,1782361235.1432753,0.0018792152404785156
224303,normal,1943,0,1782361235.1453803,0.0021049976348876953
224304,normal,84,0,1782361235.1474257,0.0020453929901123047
224305,normal,3609,0,1782361235.1495345,0.0021088123321533203
224306,normal,1029,2,1782361235.1519227,0.0023882389068603516
224307,normal,416,0,1782361235.1533413,0.0014185905456542969
224308,normal,1387,0,1782361235.1553988,0.0020575523376464844
224309,normal,2860,0,1782361235.1573353,0.0019364356994628906
224310,normal,2788,0,1782361235.1595006,0.0021653175354003906
224311,normal,1888,0,1782361235.1614594,0.0019588470458984375
224312,normal,3168,1,1782361235.1632483,0.0017888545989990234
224313,normal,1340,1,1782361235.1653478,0.0020995140075683594
224314,normal,1295,0,1782361235.1672442,0.0018963813781738281
224315,normal,319,0,1782361235.1695883,0.0023441314697265625
224316,normal,658,0,1782361235.1712136,0.0016252994537353516
224317,normal,2159,0,1782361235.1734006,0.002187013626098633
224318,normal,256,0,1782361235.1753495,0.0019488334655761719
224319,normal,3351,1,1782361235.1774185,0.0020689964294433594
224320,normal,1320,1,1782361235.179803,0.0023844242095947266
224321,normal,3180,1,1782361235.1811883,0.0013854503631591797
224322,normal,1942,0,1782361235.183273,0.0020847320556640625
224323,normal,3017,0,1782361235.185294,0.0020208358764648438
224324,normal,2213,0,1782361235.18738,0.002086162567138672
224325,normal,2137,0,1782361235.1892643,0.0018842220306396484
224326,normal,1570,0,1782361235.1912882,0.002023935317993164
224327,normal,2736,0,1782361235.1933858,0.002097606658935547
224328,normal,1805,0,1782361235.1951878,0.0018019676208496094
224329,normal,2382,0,1782361235.1974466,0.002258777618408203
224330,normal,2478,0,1782361235.1992655,0.0018188953399658203
224331,normal,1139,0,1782361235.201363,0.002097606658935547
224332,normal,1211,0,1782361235.203166,0.0018029212951660156
224333,normal,1777,0,1782361235.2053614,0.0021953582763671875
224334,normal,2269,0,1782361235.2072773,0.0019159317016601562
224335,normal,2209,0,1782361235.2092965,0.002019166946411133
224336,normal,118,0,1782361235.2114167,0.0021202564239501953
224337,normal,2480,0,1782361235.2133627,0.0019459724426269531
224338,normal,3287,1,1782361235.215262,0.0018992424011230469
224339,normal,3657,0,1782361235.2174265,0.002164602279663086
224340,normal,345,0,1782361235.2191947,0.0017681121826171875
224341,normal,3628,0,1782361235.2213807,0.0021860599517822266
224342,normal,3470,0,1782361235.2232964,0.0019156932830810547
224343,normal,297,0,1782361235.225283,0.0019865036010742188
224344,normal,2201,0,1782361235.2272532,0.0019702911376953125
224345,normal,3404,0,1782361235.2293549,0.0021016597747802734
224346,normal,3626,0,1782361235.2312095,0.0018546581268310547
224347,normal,1013,2,1782361235.2335305,0.002321004867553711
224348,normal,2922,0,1782361235.2353363,0.0018057823181152344
224349,normal,819,2,1782361235.2373602,0.002023935317993164
224350,normal,556,0,1782361235.2394133,0.0020530223846435547
224351,normal,2685,0,1782361235.241447,0.002033710479736328
224352,normal,1197,0,1782361235.2432492,0.001802206039428711
224353,normal,3619,0,1782361235.245507,0.002257823944091797
224354,normal,2970,0,1782361235.247508,0.002001047134399414
224355,normal,1598,0,1782361235.2492046,0.0016965866088867188
224356,normal,479,0,1782361235.2513433,0.0021386146545410156
224357,normal,2083,0,1782361235.2533445,0.0020012855529785156
224358,normal,2179,0,1782361235.2551544,0.001809835433959961
224359,normal,199,0,1782361235.2576182,0.002463817596435547
224360,normal,2680,0,1782361235.259242,0.0016238689422607422
224361,normal,1205,0,1782361235.2613254,0.002083301544189453
224362,normal,3401,1,1782361235.263113,0.0017876625061035156
224363,normal,1004,2,1782361235.2652395,0.002126455307006836
224364,normal,3086,1,1782361235.2674346,0.002195119857788086
224365,normal,3271,1,1782361235.2695167,0.0020821094512939453
224366,normal,1975,0,1782361235.271235,0.001718282699584961
224367,normal,838,2,1782361235.2731266,0.0018916130065917969
224368,normal,185,0,1782361235.2752392,0.0021126270294189453
224369,normal,3189,1,1782361235.277248,0.002008676528930664
224370,normal,3273,1,1782361235.2791378,0.001889944076538086
224371,normal,1000,2,1782361235.2814512,0.002313375473022461
224372,normal,311,0,1782361235.2831564,0.001705169677734375
224373,normal,1874,0,1782361235.2851229,0.0019664764404296875
224374,normal,946,2,1782361235.2872503,0.002127408981323242
224375,normal,782,2,1782361235.289268,0.0020177364349365234
224376,normal,800,2,1782361235.291171,0.0019030570983886719
224377,normal,3256,1,1782361235.293292,0.0021209716796875
224378,normal,1747,0,1782361235.295303,0.0020110607147216797
224379,normal,344,0,1782361235.2971654,0.0018622875213623047
224380,normal,2730,0,1782361235.29925,0.002084493637084961
224381,normal,2226,0,1782361235.3015094,0.002259492874145508
224382,normal,2479,0,1782361235.304013,0.002503633499145508
224383,normal,1186,0,1782361235.3051157,0.0011026859283447266
224384,normal,2014,0,1782361235.3075361,0.0024204254150390625
224385,normal,735,0,1782361235.3093746,0.0018384456634521484
224386,normal,2445,0,1782361235.3114185,0.0020439624786376953
224387,normal,283,0,1782361235.3134952,0.0020766258239746094
224388,normal,3469,0,1782361235.3152554,0.001760244369506836
224389,normal,889,2,1782361235.3171234,0.0018680095672607422
224390,normal,1724,0,1782361235.3192353,0.0021119117736816406
224391,normal,3604,0,1782361235.3211856,0.0019502639770507812
224392,normal,2715,0,1782361235.3233488,0.0021631717681884766
224393,normal,1563,0,1782361235.3252807,0.001931905746459961
224394,normal,392,0,1782361235.3272133,0.0019326210021972656
224395,normal,3201,1,1782361235.329347,0.002133607864379883
224396,normal,310,0,1782361235.3316195,0.0022726058959960938
224397,normal,202,0,1782361235.3333125,0.0016930103302001953
224398,normal,1837,0,1782361235.335148,0.0018355846405029297
224399,normal,3045,1,1782361235.3372793,0.002131223678588867
224400,normal,3138,1,1782361235.3391745,0.0018951892852783203
224401,normal,1970,0,1782361235.3412774,0.0021028518676757812
224402,normal,3643,0,1782361235.3432837,0.0020062923431396484
224403,normal,3163,1,1782361235.3452742,0.0019905567169189453
224404,normal,3488,0,1782361235.3472772,0.0020029544830322266
224405,normal,1030,0,1782361235.3493161,0.0020389556884765625
224406,normal,2686,0,1782361235.3512144,0.0018982887268066406
224407,normal,1169,0,1782361235.3531382,0.0019237995147705078
224408,normal,2683,0,1782361235.3551517,0.0020134449005126953
224409,normal,678,0,1782361235.3570778,0.0019261837005615234
224410,normal,2733,0,1782361235.359132,0.0020542144775390625
224411,normal,2693,0,1782361235.3611252,0.0019931793212890625
224412,normal,2475,0,1782361235.3631842,0.0020589828491210938
224413,normal,3081,1,1782361235.365327,0.002142667770385742
224414,normal,1060,0,1782361235.3673117,0.001984834671020508
224415,normal,2834,0,1782361235.3692317,0.0019199848175048828
224416,normal,1198,0,1782361235.371197,0.0019652843475341797
224417,normal,2096,0,1782361235.3732877,0.0020906925201416016
224418,normal,1855,0,1782361235.3751607,0.001873016357421875
224419,normal,2279,0,1782361235.3773015,0.0021407604217529297
224420,normal,2700,0,1782361235.3792448,0.001943349838256836
224421,normal,2637,0,1782361235.3811274,0.0018825531005859375
224422,normal,1374,1,1782361235.383268,0.0021407604217529297
224423,normal,921,2,1782361235.3852723,0.0020041465759277344
224424,normal,663,0,1782361235.3872838,0.002011537551879883
224425,normal,3660,0,1782361235.3892107,0.0019268989562988281
224426,normal,1600,0,1782361235.3913677,0.002156972885131836
224427,normal,1905,0,1782361235.3932698,0.0019021034240722656
224428,normal,1344,1,1782361235.3953729,0.002103090286254883
224429,normal,1100,0,1782361235.3974414,0.0020685195922851562
224430,normal,3185,1,1782361235.3993442,0.0019028186798095703
224431,normal,2830,0,1782361235.4014325,0.002088308334350586
224432,normal,2051,0,1782361235.40322,0.001787424087524414
224433,normal,45,0,1782361235.4053457,0.0021257400512695312
224434,normal,1790,0,1782361235.4072397,0.0018939971923828125
224435,normal,1604,0,1782361235.4093366,0.002096891403198242
224436,normal,2871,0,1782361235.4115436,0.002207040786743164
224437,normal,594,0,1782361235.4131413,0.0015976428985595703
224438,normal,64,0,1782361235.4152339,0.002092599868774414
224439,normal,2173,0,1782361235.4172323,0.001998424530029297
224440,normal,136,0,1782361235.419331,0.0020987987518310547
224441,normal,224,0,1782361235.4218388,0.0025076866149902344
224442,normal,1237,0,1782361235.4235082,0.0016694068908691406
224443,normal,459,0,1782361235.4252236,0.0017154216766357422
224444,normal,1494,0,1782361235.4273405,0.0021169185638427734
224445,normal,1300,0,1782361235.429245,0.0019044876098632812
224446,normal,1073,0,1782361235.4311569,0.0019118785858154297
224447,normal,2036,0,1782361235.4333096,0.002152681350708008
224448,normal,2618,0,1782361235.435434,0.0021245479583740234
224449,normal,3553,0,1782361235.4372456,0.0018115043640136719
224450,normal,1677,0,1782361235.4393377,0.002092123031616211
224451,normal,1789,0,1782361235.441261,0.0019233226776123047
224452,normal,936,2,1782361235.4433644,0.0021033287048339844
224453,normal,3602,0,1782361235.4453754,0.0020110607147216797
224454,normal,1733,0,1782361235.4472113,0.0018358230590820312
224455,normal,1919,0,1782361235.4493833,0.0021719932556152344
224456,normal,1957,0,1782361235.4512641,0.0018808841705322266
224457,normal,2892,0,1782361235.4534276,0.002163410186767578
224458,normal,189,0,1782361235.455834,0.0024063587188720703
224459,normal,233,0,1782361235.4578037,0.0019698143005371094
224460,normal,1324,1,1782361235.4591773,0.0013735294342041016
224461,normal,895,2,1782361235.4617884,0.0026111602783203125
224462,normal,2821,0,1782361235.4633775,0.001589059829711914
224463,normal,1613,0,1782361235.4657724,0.0023949146270751953
224464,normal,1741,0,1782361235.4677572,0.001984834671020508
224465,normal,912,2,1782361235.4693458,0.001588582992553711
224466,normal,2182,0,1782361235.4711492,0.0018033981323242188
224467,normal,3433,0,1782361235.4733334,0.002184152603149414
224468,normal,215,0,1782361235.4755034,0.002170085906982422
224469,normal,3035,0,1782361235.477225,0.0017216205596923828
224470,normal,870,2,1782361235.4794095,0.0021843910217285156
224471,normal,1504,0,1782361235.4813266,0.001917123794555664
224472,normal,3536,0,1782361235.4833994,0.0020728111267089844
224473,normal,3618,0,1782361235.4858627,0.0024633407592773438
224474,normal,1981,0,1782361235.4873242,0.0014615058898925781
224475,normal,2928,0,1782361235.4891708,0.0018465518951416016
224476,normal,2564,0,1782361235.4914842,0.002313375473022461
224477,normal,427,0,1782361235.4932659,0.0017817020416259766
224478,normal,1691,0,1782361235.4953654,0.0020995140075683594
224479,normal,3199,1,1782361235.497272,0.0019066333770751953
224480,normal,2876,0,1782361235.4993885,0.0021164417266845703
224481,normal,2330,0,1782361235.5011897,0.0018012523651123047
224482,normal,135,0,1782361235.503418,0.002228260040283203
224483,normal,8,0,1782361235.5052927,0.001874685287475586
224484,normal,352,0,1782361235.507353,0.002060413360595703
224485,normal,2306,0,1782361235.5092545,0.001901388168334961
224486,normal,810,2,1782361235.5113645,0.002110004425048828
224487,normal,1502,0,1782361235.5131617,0.0017971992492675781
224488,normal,2101,0,1782361235.5152526,0.002090930938720703
224489,normal,2473,0,1782361235.517383,0.0021305084228515625
224490,normal,1620,0,1782361235.519345,0.001961946487426758
224491,normal,3193,1,1782361235.5214913,0.0021462440490722656
224492,normal,1569,0,1782361235.5232656,0.0017743110656738281
224493,normal,3207,1,1782361235.525289,0.002023458480834961
224494,normal,2295,0,1782361235.5272915,0.0020024776458740234
224495,normal,1974,0,1782361235.5293868,0.0020952224731445312
224496,normal,3567,0,1782361235.531242,0.0018551349639892578
224497,normal,2763,0,1782361235.533342,0.0020999908447265625
224498,normal,1394,0,1782361235.5353394,0.0019974708557128906
224499,normal,3363,1,1782361235.537415,0.002075672149658203
224500,normal,212,0,1782361235.5392356,0.0018205642700195312
224501,normal,2672,0,1782361235.5414293,0.0021936893463134766
224502,normal,1159,0,1782361235.543429,0.0019996166229248047
224503,normal,1659,0,1782361235.5453367,0.0019078254699707031
224504,normal,561,0,1782361235.5476115,0.002274751663208008
224505,normal,953,2,1782361235.5492692,0.001657724380493164
224506,normal,2109,0,1782361235.5514266,0.002157449722290039
224507,normal,3701,0,1782361235.5534701,0.002043485641479492
224508,normal,607,0,1782361235.55515,0.0016798973083496094
224509,normal,1301,0,1782361235.557337,0.002187013626098633
224510,normal,1915,0,1782361235.5593405,0.0020034313201904297
224511,normal,529,0,1782361235.5611494,0.0018088817596435547
224512,normal,2431,0,1782361235.5634243,0.0022749900817871094
224513,normal,3546,0,1782361235.5652363,0.001811981201171875
224514,normal,1088,0,1782361235.5673418,0.0021054744720458984
224515,normal,715,0,1782361235.5692337,0.0018918514251708984
224516,normal,1370,1,1782361235.5713315,0.0020978450775146484
224517,normal,1142,0,1782361235.5739198,0.0025882720947265625
224518,normal,420,0,1782361235.5753598,0.0014400482177734375
224519,normal,2644,0,1782361235.5773785,0.0020186901092529297
224520,normal,2374,0,1782361235.5792449,0.0018663406372070312
224521,normal,3196,1,1782361235.581342,0.0020971298217773438
224522,normal,3194,1,1782361235.583354,0.002012014389038086
224523,normal,3190,1,1782361235.5851994,0.0018453598022460938
224524,normal,739,0,1782361235.5873976,0.0021982192993164062
224525,normal,1704,0,1782361235.589352,0.001954317092895508
224526,normal,2851,0,1782361235.5911705,0.0018186569213867188
224527,normal,869,2,1782361235.5933568,0.002186298370361328
224528,normal,1670,0,1782361235.5953634,0.00200653076171875
224529,normal,765,0,1782361235.5971808,0.001817464828491211
224530,normal,198,0,1782361235.5993724,0.0021915435791015625
224531,normal,1307,0,1782361235.6014564,0.002084016799926758
224532,normal,3375,1,1782361235.603758,0.0023016929626464844
224533,normal,2743,0,1782361235.605762,0.002003908157348633
224534,normal,3358,1,1782361235.6074533,0.0016913414001464844
224535,normal,2883,0,1782361235.6094513,0.0019979476928710938
224536,normal,512,0,1782361235.6113691,0.0019178390502929688
224537,normal,128,0,1782361235.613751,0.0023818016052246094
224538,normal,2422,0,1782361235.615318,0.0015671253204345703
224539,normal,6,0,1782361235.617243,0.0019249916076660156
224540,normal,168,0,1782361235.6193378,0.002094745635986328
224541,normal,3704,0,1782361235.6212494,0.0019116401672363281
224542,normal,992,2,1782361235.623311,0.002061605453491211
224543,normal,957,2,1782361235.6253998,0.002088785171508789
224544,normal,1359,1,1782361235.6273365,0.0019366741180419922
224545,normal,2661,0,1782361235.6293476,0.0020110607147216797
224546,normal,900,2,1782361235.631461,0.00211334228515625
224547,normal,3215,1,1782361235.6337867,0.002325773239135742
224548,normal,672,0,1782361235.635162,0.001375436782836914
224549,normal,745,0,1782361235.6373477,0.0021855831146240234
224550,normal,1503,0,1782361235.639278,0.00193023681640625
224551,normal,2641,0,1782361235.6412761,0.0019981861114501953
224552,normal,3214,1,1782361235.6433625,0.0020864009857177734
224553,normal,3107,1,1782361235.6452625,0.0018999576568603516
224554,normal,748,0,1782361235.6473053,0.0020427703857421875
224555,normal,1078,0,1782361235.649375,0.002069711685180664
224556,normal,2193,0,1782361235.651379,0.0020041465759277344
224557,normal,44,0,1782361235.653166,0.001786947250366211
224558,normal,2659,0,1782361235.6553588,0.0021927356719970703
224559,normal,944,2,1782361235.657249,0.0018901824951171875
224560,normal,3425,0,1782361235.6592798,0.0020308494567871094
224561,normal,2495,0,1782361235.6613655,0.0020856857299804688
224562,normal,585,0,1782361235.6631904,0.0018248558044433594
224563,normal,2187,0,1782361235.6654205,0.0022301673889160156
224564,normal,1372,1,1782361235.667332,0.0019114017486572266
224565,normal,1593,0,1782361235.6693847,0.002052783966064453
224566,normal,1540,0,1782361235.6713085,0.0019237995147705078
224567,normal,1122,0,1782361235.6733868,0.0020782947540283203
224568,normal,997,2,1782361235.6752746,0.0018877983093261719
224569,normal,1754,0,1782361235.6773198,0.002045154571533203
224570,normal,2568,0,1782361235.6793587,0.0020389556884765625
224571,normal,1654,0,1782361235.6812568,0.001898050308227539
224572,normal,3707,0,1782361235.6831594,0.0019025802612304688
224573,normal,1780,0,1782361235.6855013,0.0023419857025146484
224574,normal,879,2,1782361235.6874168,0.0019154548645019531
224575,normal,2008,0,1782361235.689249,0.0018322467803955078
224576,normal,316,0,1782361235.6915758,0.0023267269134521484
224577,normal,727,0,1782361235.6933527,0.0017769336700439453
224578,normal,2298,0,1782361235.6954453,0.002092599868774414
224579,normal,2908,0,1782361235.6973176,0.0018723011016845703
224580,normal,3709,0,1782361235.6994305,0.002112865447998047
224581,normal,2965,0,1782361235.7014909,0.002060413360595703
224582,normal,767,0,1782361235.7032614,0.0017704963684082031
224583,normal,364,0,1782361235.7052503,0.0019888877868652344
224584,normal,1510,0,1782361235.7071493,0.0018990039825439453
224585,normal,2987,0,1782361235.7092562,0.002106904983520508
224586,normal,1313,0,1782361235.711454,0.002197742462158203
224587,normal,2055,0,1782361235.713103,0.0016491413116455078
224588,normal,2549,0,1782361235.715234,0.0021309852600097656
224589,normal,2827,0,1782361235.7171183,0.0018842220306396484
224590,normal,2542,0,1782361235.719236,0.002117633819580078
224591,normal,660,0,1782361235.7215137,0.002277851104736328
224592,normal,3072,1,1782361235.7234898,0.00197601318359375
224593,normal,2357,0,1782361235.7251902,0.0017004013061523438
224594,normal,2453,0,1782361235.7272396,0.0020494461059570312
224595,normal,3308,1,1782361235.7291296,0.001889944076538086
224596,normal,2951,0,1782361235.731244,0.002114534378051758
224597,normal,1483,0,1782361235.7332797,0.0020356178283691406
224598,normal,2134,0,1782361235.7353275,0.0020477771759033203
224599,normal,1865,0,1782361235.7371287,0.0018012523651123047
224600,normal,3127,1,1782361235.7392428,0.0021140575408935547
224601,normal,2016,0,1782361235.7411425,0.00189971923828125
224602,normal,3165,1,1782361235.7431567,0.00201416015625
224603,normal,1644,0,1782361235.7452886,0.002131938934326172
224604,normal,225,0,1782361235.7471979,0.0019092559814453125
224605,normal,2020,0,1782361235.7492845,0.002086639404296875
224606,normal,2537,0,1782361235.7512534,0.001968860626220703
224607,normal,182,0,1782361235.7531474,0.0018939971923828125
224608,normal,3152,1,1782361235.7557564,0.0026090145111083984
224609,normal,2944,0,1782361235.7575908,0.0018343925476074219
224610,normal,3702,0,1782361235.7591288,0.0015380382537841797
224611,normal,3053,1,1782361235.761519,0.002390146255493164
224612,normal,945,2,1782361235.763326,0.0018069744110107422
224613,normal,397,0,1782361235.7655296,0.002203702926635742
224614,normal,1026,2,1782361235.7674983,0.0019686222076416016
224615,normal,826,2,1782361235.7691772,0.0016789436340332031
224616,normal,1381,1,1782361235.7712846,0.002107381820678711
224617,normal,1435,0,1782361235.773132,0.0018475055694580078
224618,normal,2906,0,1782361235.7754235,0.002291440963745117
224619,normal,2617,0,1782361235.777175,0.0017514228820800781
224620,normal,153,0,1782361235.7793067,0.0021317005157470703
224621,normal,3450,0,1782361235.7814639,0.0021572113037109375
224622,normal,2794,0,1782361235.7832391,0.0017752647399902344
224623,normal,2459,0,1782361235.785945,0.002705812454223633
224624,normal,3466,0,1782361235.7871962,0.001251220703125
224625,normal,478,0,1782361235.789352,0.002155780792236328
224626,normal,3531,0,1782361235.7911768,0.0018248558044433594
224627,normal,1118,0,1782361235.793377,0.0022001266479492188
224628,normal,3250,1,1782361235.795276,0.0018990039825439453
224629,normal,127,0,1782361235.7972887,0.0020127296447753906
224630,normal,371,0,1782361235.7993774,0.002088785171508789
224631,normal,19,0,1782361235.8011959,0.0018184185028076172
224632,normal,850,2,1782361235.803344,0.002148151397705078
224633,normal,2605,0,1782361235.805362,0.002017974853515625
224634,normal,1270,0,1782361235.807243,0.0018811225891113281
224635,normal,308,0,1782361235.8092787,0.0020356178283691406
224636,normal,3572,0,1782361235.811365,0.002086162567138672
224637,normal,1731,0,1782361235.8132284,0.0018634796142578125
224638,normal,1287,0,1782361235.81528,0.0020515918731689453
224639,normal,264,0,1782361235.817415,0.002135038375854492
224640,normal,542,0,1782361235.819316,0.0019009113311767578
224641,normal,788,2,1782361235.8212662,0.0019502639770507812
224642,normal,2969,0,1782361235.823394,0.0021278858184814453
224643,normal,314,0,1782361235.825147,0.0017528533935546875
224644,normal,3457,0,1782361235.8272972,0.002150297164916992
224645,normal,2527,0,1782361235.8293133,0.0020160675048828125
224646,normal,1967,0,1782361235.8311415,0.0018281936645507812
224647,normal,2602,0,1782361235.833262,0.002120494842529297
224648,normal,279,0,1782361235.835259,0.0019969940185546875
224649,normal,1245,0,1782361235.8371494,0.001890420913696289
224650,normal,564,0,1782361235.83941,0.0022606849670410156
224651,normal,3154,1,1782361235.8413215,0.0019114017486572266
224652,normal,3706,0,1782361235.843252,0.0019304752349853516
224653,normal,2931,0,1782361235.8452632,0.0020112991333007812
224654,normal,2945,0,1782361235.847427,0.0021636486053466797
224655,normal,923,2,1782361235.8492043,0.0017774105072021484
224656,normal,3063,1,1782361235.8513863,0.0021820068359375
224657,normal,3108,1,1782361235.8533585,0.001972198486328125
224658,normal,2283,0,1782361235.8551362,0.00177764892578125
224659,normal,1907,0,1782361235.8572345,0.0020983219146728516
224660,normal,661,0,1782361235.859239,0.0020046234130859375
224661,normal,750,0,1782361235.8611243,0.0018851757049560547
224662,normal,3690,0,1782361235.8634079,0.0022835731506347656
224663,normal,831,2,1782361235.8651247,0.0017168521881103516
224664,normal,1102,0,1782361235.8672283,0.002103567123413086
224665,normal,2367,0,1782361235.8691137,0.0018854141235351562
224666,normal,1418,0,1782361235.8712294,0.0021157264709472656
224667,normal,1921,0,1782361235.8734348,0.002205371856689453
224668,normal,1820,0,1782361235.8754957,0.0020608901977539062
224669,normal,3500,0,1782361235.8772216,0.001725912094116211
224670,normal,3218,1,1782361235.8792386,0.0020170211791992188
224671,normal,3688,0,1782361235.8811295,0.0018908977508544922
224672,normal,1393,0,1782361235.8832412,0.002111673355102539
224673,normal,2217,0,1782361235.8851395,0.0018982887268066406
224674,normal,2984,0,1782361235.8874714,0.002331972122192383
224675,normal,3456,0,1782361235.8892078,0.0017364025115966797
224676,normal,259,0,1782361235.8912358,0.0020279884338378906
224677,normal,3526,0,1782361235.8931346,0.0018987655639648438
224678,normal,3589,0,1782361235.89526,0.0021255016326904297
224679,normal,10,0,1782361235.8971567,0.0018966197967529297
224680,normal,3158,1,1782361235.899286,0.0021293163299560547
224681,normal,2926,0,1782361235.9013145,0.0020284652709960938
224682,normal,2068,0,1782361235.9031603,0.0018458366394042969
224683,normal,1195,0,1782361235.905255,0.002094745635986328
224684,normal,827,2,1782361235.9074078,0.002152681350708008
224685,normal,17,0,1782361235.9098783,0.0024704933166503906
224686,normal,777,2,1782361235.911173,0.001294851303100586
224687,normal,446,0,1782361235.913508,0.0023348331451416016
224688,normal,2204,0,1782361235.9153774,0.0018694400787353516
224689,normal,2107,0,1782361235.9172912,0.0019137859344482422
224690,normal,1438,0,1782361235.919459,0.002167940139770508
224691,normal,2576,0,1782361235.9213808,0.0019216537475585938
224692,normal,1091,0,1782361235.9231257,0.001744985580444336
224693,normal,267,0,1782361235.9252334,0.0021076202392578125
224694,normal,3291,1,1782361235.9272025,0.0019690990447998047
224695,normal,3480,0,1782361235.9293559,0.0021533966064453125
224696,normal,3561,0,1782361235.9312763,0.001920461654663086
224697,normal,3671,0,1782361235.9331782,0.001901865005493164
224698,normal,2467,0,1782361235.9353178,0.002139568328857422
224699,normal,2531,0,1782361235.9373312,0.0020134449005126953
224700,normal,41,0,1782361235.939492,0.002160787582397461
224701,normal,1127,0,1782361235.9411035,0.001611471176147461
224702,normal,133,0,1782361235.9433682,0.002264738082885742
224703,normal,138,0,1782361235.9452543,0.001886129379272461
224704,normal,3674,0,1782361235.947362,0.0021076202392578125
224705,normal,3454,0,1782361235.9493651,0.002003192901611328
224706,normal,3490,0,1782361235.9511752,0.0018100738525390625
224707,normal,1547,0,1782361235.9533725,0.002197265625
224708,normal,101,0,1782361235.9553924,0.0020198822021484375
224709,normal,690,0,1782361235.9573789,0.0019865036010742188
224710,normal,2142,0,1782361235.9591773,0.001798391342163086
224711,normal,1409,0,1782361235.961353,0.0021758079528808594
224712,normal,1543,0,1782361235.9632542,0.0019011497497558594
224713,normal,2888,0,1782361235.9652739,0.002019643783569336
224714,normal,151,0,1782361235.9673653,0.0020914077758789062
224715,normal,1572,0,1782361235.969253,0.0018877983093261719
224716,normal,1143,0,1782361235.9714139,0.002160787582397461
224717,normal,636,0,1782361235.9733205,0.0019066333770751953
224718,normal,1147,0,1782361235.975426,0.0021054744720458984
224719,normal,3583,0,1782361235.977277,0.0018510818481445312
224720,normal,3178,1,1782361235.9794066,0.0021295547485351562
224721,normal,2711,0,1782361235.981215,0.0018084049224853516
224722,normal,453,0,1782361235.9833493,0.0021343231201171875
224723,normal,1798,0,1782361235.9852467,0.0018973350524902344
224724,normal,709,0,1782361235.987354,0.002107381820678711
224725,normal,1711,0,1782361235.989158,0.0018038749694824219
224726,normal,504,0,1782361235.9914973,0.0023393630981445312
224727,normal,3362,1,1782361235.9932308,0.001733541488647461
224728,normal,1863,0,1782361235.9954588,0.0022280216217041016
224729,normal,3083,1,1782361235.9974234,0.001964569091796875
224730,normal,476,0,1782361235.9995344,0.0021109580993652344
224731,normal,1736,0,1782361236.0012589,0.0017244815826416016
224732,normal,3294,1,1782361236.0035145,0.002255678176879883
224733,normal,3498,0,1782361236.005487,0.0019724369049072266
224734,normal,180,0,1782361236.0072944,0.0018074512481689453
224735,normal,323,0,1782361236.0093467,0.00205230712890625
224736,normal,2514,0,1782361236.0112467,0.0018999576568603516
224737,normal,3348,1,1782361236.013267,0.0020203590393066406
224738,normal,2769,0,1782361236.0154002,0.0021331310272216797
224739,normal,2696,0,1782361236.017242,0.0018417835235595703
224740,normal,1341,1,1782361236.0192628,0.0020208358764648438
224741,normal,1109,0,1782361236.021349,0.002086162567138672
224742,normal,1859,0,1782361236.023241,0.00189208984375
224743,normal,408,0,1782361236.0253048,0.002063751220703125
224744,normal,1702,0,1782361236.0278726,0.002567768096923828
224745,normal,3153,1,1782361236.0293255,0.0014529228210449219
224746,normal,805,2,1782361236.031252,0.001926422119140625
224747,normal,2805,0,1782361236.033331,0.002079010009765625
224748,normal,1453,0,1782361236.0352187,0.0018877983093261719
224749,normal,746,0,1782361236.0372558,0.00203704833984375
224750,normal,1758,0,1782361236.0393858,0.0021300315856933594
224751,normal,2078,0,1782361236.0412674,0.0018815994262695312
224752,normal,626,0,1782361236.043392,0.0021245479583740234
224753,normal,860,2,1782361236.0452635,0.0018715858459472656
224754,normal,161,0,1782361236.0472994,0.002035856246948242
224755,normal,376,0,1782361236.049241,0.001941680908203125
224756,normal,2595,0,1782361236.0513723,0.002131223678588867
224757,normal,631,0,1782361236.0532541,0.0018818378448486328
224758,normal,3411,0,1782361236.055332,0.002077817916870117
224759,normal,1909,0,1782361236.058042,0.002710103988647461
224760,normal,2995,0,1782361236.0594969,0.0014548301696777344
224761,normal,3022,0,1782361236.0614371,0.0019402503967285156
224762,normal,387,0,1782361236.0634634,0.0020263195037841797
224763,normal,3110,1,1782361236.065542,0.002078533172607422
224764,normal,2252,0,1782361236.0674965,0.0019545555114746094
224765,normal,207,0,1782361236.0692487,0.0017521381378173828
224766,normal,2580,0,1782361236.0712616,0.002012968063354492
224767,normal,2761,0,1782361236.0731466,0.0018849372863769531
224768,normal,3437,0,1782361236.0753777,0.002231121063232422
224769,normal,2043,0,1782361236.0772583,0.001880645751953125
224770,normal,237,0,1782361236.079403,0.0021445751190185547
224771,normal,1876,0,1782361236.0813289,0.0019259452819824219
224772,normal,3195,1,1782361236.083399,0.002070188522338867
224773,normal,1989,0,1782361236.0853498,0.0019507408142089844
224774,normal,389,0,1782361236.0878904,0.00254058837890625
224775,normal,2102,0,1782361236.0892644,0.0013740062713623047
224776,normal,3361,1,1782361236.0912702,0.0020058155059814453
224777,normal,2756,0,1782361236.0933738,0.002103567123413086
224778,normal,592,0,1782361236.095263,0.0018892288208007812
224779,normal,2086,0,1782361236.0973632,0.002100229263305664
224780,normal,3677,0,1782361236.099264,0.0019006729125976562
224781,normal,2337,0,1782361236.1012976,0.002033710479736328
224782,normal,2449,0,1782361236.1032846,0.001986980438232422
224783,normal,338,0,1782361236.1054504,0.0021657943725585938
224784,normal,409,0,1782361236.1071663,0.0017158985137939453
224785,normal,1471,0,1782361236.1092618,0.002095460891723633
224786,normal,1912,0,1782361236.1113672,0.0021054744720458984
224787,normal,2328,0,1782361236.1132605,0.0018932819366455078
224788,normal,1283,0,1782361236.1153684,0.002107858657836914
224789,normal,3544,0,1782361236.1172855,0.001917123794555664
224790,normal,2896,0,1782361236.1194255,0.002140045166015625
224791,normal,2694,0,1782361236.1213212,0.0018956661224365234
224792,normal,96,0,1782361236.123485,0.0021638870239257812
224793,normal,2886,0,1782361236.1252246,0.001739501953125
224794,normal,2674,0,1782361236.1273966,0.0021719932556152344
224795,normal,2089,0,1782361236.1292841,0.0018875598907470703
224796,normal,3248,1,1782361236.1313958,0.002111673355102539
224797,normal,236,0,1782361236.1332502,0.0018544197082519531
224798,normal,301,0,1782361236.135351,0.002100706100463867
224799,normal,1603,0,1782361236.1371543,0.0018033981323242188
224800,normal,1756,0,1782361236.1394613,0.0023069381713867188
224801,normal,1328,1,1782361236.1413627,0.001901388168334961
224802,normal,3383,1,1782361236.1433654,0.002002716064453125
224803,normal,3191,1,1782361236.1454387,0.0020732879638671875
224804,normal,1716,0,1782361236.1474118,0.0019731521606445312
224805,normal,263,0,1782361236.1494236,0.0020117759704589844
224806,normal,2611,0,1782361236.151362,0.0019383430480957031
224807,normal,1290,0,1782361236.153581,0.002218961715698242
224808,normal,2790,0,1782361236.1553102,0.0017292499542236328
224809,normal,2962,0,1782361236.1572459,0.001935720443725586
224810,normal,1437,0,1782361236.159344,0.00209808349609375
224811,normal,51,0,1782361236.161155,0.0018110275268554688
224812,normal,85,0,1782361236.1633794,0.002224445343017578
224813,normal,2993,0,1782361236.1654086,0.0020291805267333984
224814,normal,1010,2,1782361236.1671445,0.0017359256744384766
224815,normal,1996,0,1782361236.169336,0.0021915435791015625
224816,normal,3334,1,1782361236.171339,0.0020029544830322266
224817,normal,1185,0,1782361236.1731493,0.001810312271118164
224818,normal,993,2,1782361236.176022,0.0028727054595947266
224819,normal,1841,0,1782361236.1774266,0.0014045238494873047
224820,normal,1414,0,1782361236.1791773,0.0017507076263427734
224821,normal,642,0,1782361236.181355,0.002177715301513672
224822,normal,1128,0,1782361236.1833653,0.002010345458984375
224823,normal,1752,0,1782361236.1851761,0.0018107891082763672
224824,normal,1949,0,1782361236.1874719,0.0022957324981689453
224825,normal,521,0,1782361236.189332,0.0018601417541503906
224826,normal,3372,1,1782361236.191374,0.002042055130004883
224827,normal,654,0,1782361236.1932485,0.0018744468688964844
224828,normal,1634,0,1782361236.1953719,0.0021233558654785156
224829,normal,2726,0,1782361236.197182,0.0018100738525390625
224830,normal,115,0,1782361236.199368,0.0021860599517822266
224831,normal,2321,0,1782361236.2014241,0.002056121826171875
224832,normal,2195,0,1782361236.2031991,0.0017750263214111328
224833,normal,2846,0,1782361236.2053773,0.002178192138671875
224834,normal,3357,1,1782361236.2075074,0.0021300315856933594
224835,normal,2028,0,1782361236.2100286,0.0025212764739990234
224836,normal,2237,0,1782361236.211298,0.0012693405151367188
224837,normal,113,0,1782361236.2135882,0.0022902488708496094
224838,normal,1357,1,1782361236.2154999,0.0019116401672363281
224839,normal,2740,0,1782361236.217375,0.001875162124633789
224840,normal,29,0,1782361236.2195916,0.0022165775299072266
224841,normal,1922,0,1782361236.2214558,0.0018641948699951172
224842,normal,1948,0,1782361236.2231903,0.0017344951629638672
224843,normal,75,0,1782361236.2253406,0.002150297164916992
224844,normal,2741,0,1782361236.2272673,0.0019266605377197266
224845,normal,1148,0,1782361236.229463,0.0021958351135253906
224846,normal,550,0,1782361236.231299,0.0018358230590820312
224847,normal,1514,0,1782361236.2334065,0.0021076202392578125
224848,normal,3139,1,1782361236.2352476,0.0018410682678222656
224849,normal,1282,0,1782361236.2374501,0.0022025108337402344
224850,normal,2809,0,1782361236.239748,0.0022978782653808594
224851,normal,2643,0,1782361236.2411592,0.0014111995697021484
224852,normal,2130,0,1782361236.2433662,0.002207040786743164
224853,normal,1184,0,1782361236.2452662,0.0018999576568603516
224854,normal,2607,0,1782361236.2472844,0.0020182132720947266
224855,normal,2842,0,1782361236.2493603,0.0020759105682373047
224856,normal,725,0,1782361236.2511725,0.0018122196197509766
224857,normal,166,0,1782361236.2533798,0.0022072792053222656
224858,normal,91,0,1782361236.2552955,0.0019156932830810547
224859,normal,2007,0,1782361236.2573845,0.0020890235900878906
224860,normal,2399,0,1782361236.2591722,0.0017876625061035156
224861,normal,3379,1,1782361236.2613661,0.002193927764892578
224862,normal,2488,0,1782361236.2632582,0.00189208984375
224863,normal,1068,0,1782361236.2652786,0.0020203590393066406
224864,normal,588,0,1782361236.2673626,0.002084016799926758
224865,normal,546,0,1782361236.2692976,0.0019350051879882812
224866,normal,3060,1,1782361236.2713354,0.0020377635955810547
224867,normal,3443,0,1782361236.273339,0.0020036697387695312
224868,normal,897,2,1782361236.2753844,0.0020453929901123047
224869,normal,3290,1,1782361236.277313,0.001928567886352539
224870,normal,3639,0,1782361236.2793946,0.002081632614135742
224871,normal,637,0,1782361236.2812688,0.0018742084503173828
224872,normal,822,2,1782361236.2832088,0.001940011978149414
224873,normal,635,0,1782361236.2853558,0.0021469593048095703
224874,normal,2317,0,1782361236.2871573,0.0018014907836914062
224875,normal,2704,0,1782361236.2893565,0.0021991729736328125
224876,normal,2464,0,1782361236.2916465,0.002290010452270508
224877,normal,2839,0,1782361236.2932265,0.0015799999237060547
224878,normal,634,0,1782361236.29544,0.0022134780883789062
224879,normal,2760,0,1782361236.2974186,0.001978635787963867
224880,normal,3223,1,1782361236.2993777,0.001959085464477539
224881,normal,1656,0,1782361236.3012896,0.0019118785858154297
224882,normal,768,0,1782361236.3034585,0.002168893814086914
224883,normal,2035,0,1782361236.3053856,0.0019271373748779297
224884,normal,3230,1,1782361236.3074384,0.002052783966064453
224885,normal,2153,0,1782361236.3092513,0.0018129348754882812
224886,normal,1218,0,1782361236.3112447,0.001993417739868164
224887,normal,3601,0,1782361236.313263,0.0020182132720947266
224888,normal,2937,0,1782361236.315346,0.0020830631256103516
224889,normal,643,0,1782361236.317535,0.0021889209747314453
224890,normal,2840,0,1782361236.3191445,0.0016095638275146484
224891,normal,1079,0,1782361236.3213367,0.002192258834838867
224892,normal,2848,0,1782361236.3232388,0.0019021034240722656
224893,normal,2368,0,1782361236.3252609,0.0020220279693603516
224894,normal,698,0,1782361236.3279223,0.002661466598510742
224895,normal,2929,0,1782361236.3295112,0.0015888214111328125
224896,normal,1071,0,1782361236.331196,0.0016849040985107422
224897,normal,2299,0,1782361236.333352,0.0021560192108154297
224898,normal,401,0,1782361236.335163,0.0018110275268554688
224899,normal,58,0,1782361236.3373706,0.002207517623901367
224900,normal,93,0,1782361236.3393073,0.0019366741180419922
224901,normal,2045,0,1782361236.3414743,0.0021669864654541016
224902,normal,2188,0,1782361236.3431556,0.0016813278198242188
224903,normal,2290,0,1782361236.3453426,0.002187013626098633
224904,normal,938,2,1782361236.3471367,0.0017940998077392578
224905,normal,99,0,1782361236.3492355,0.0020987987518310547
224906,normal,2011,0,1782361236.3513765,0.0021409988403320312
224907,normal,1998,0,1782361236.3531654,0.0017888545989990234
224908,normal,2066,0,1782361236.3552687,0.0021033287048339844
224909,normal,2397,0,1782361236.3572776,0.0020089149475097656
224910,normal,167,0,1782361236.359183,0.0019054412841796875
224911,normal,1760,0,1782361236.3619227,0.0027396678924560547
224912,normal,3144,1,1782361236.3636792,0.001756429672241211
224913,normal,568,0,1782361236.3651254,0.0014462471008300781
224914,normal,1578,0,1782361236.367646,0.0025205612182617188
224915,normal,89,0,1782361236.3693247,0.0016787052154541016
224916,normal,2111,0,1782361236.37165,0.002325296401977539
224917,normal,3632,0,1782361236.373624,0.0019741058349609375
224918,normal,2882,0,1782361236.3752034,0.00157928466796875
224919,normal,2169,0,1782361236.377247,0.0020437240600585938
224920,normal,2645,0,1782361236.3791249,0.0018777847290039062
224921,normal,205,0,1782361236.3813915,0.0022666454315185547
224922,normal,1032,0,1782361236.3831928,0.0018012523651123047
224923,normal,1382,0,1782361236.385212,0.002019166946411133
224924,normal,751,0,1782361236.3873158,0.0021038055419921875
224925,normal,3300,1,1782361236.389196,0.0018801689147949219
224926,normal,1,0,1782361236.3914247,0.0022287368774414062
224927,normal,554,0,1782361236.3931541,0.0017294883728027344
224928,normal,655,0,1782361236.395297,0.0021429061889648438
224929,normal,3259,1,1782361236.3971741,0.0018770694732666016
224930,normal,1044,0,1782361236.3992803,0.002106189727783203
224931,normal,1424,0,1782361236.4011636,0.0018832683563232422
224932,normal,3229,1,1782361236.4033062,0.002142667770385742
224933,normal,1064,0,1782361236.4053845,0.0020782947540283203
224934,normal,1420,0,1782361236.407194,0.0018093585968017578
224935,normal,3318,1,1782361236.4094331,0.002239227294921875
224936,normal,3579,0,1782361236.4112756,0.001842498779296875
224937,normal,861,2,1782361236.4132838,0.002008199691772461
224938,normal,1146,0,1782361236.4152517,0.001967906951904297
224939,normal,1608,0,1782361236.4173603,0.0021085739135742188
224940,normal,2682,0,1782361236.4192612,0.0019009113311767578
224941,normal,312,0,1782361236.4213617,0.0021004676818847656
224942,normal,2231,0,1782361236.4232821,0.001920461654663086
224943,normal,2599,0,1782361236.4253426,0.002060413360595703
224944,normal,1033,0,1782361236.427582,0.0022394657135009766
224945,normal,812,2,1782361236.4292846,0.0017025470733642578
224946,normal,2360,0,1782361236.4312928,0.002008199691772461
224947,normal,2831,0,1782361236.4332917,0.0019989013671875
224948,normal,18,0,1782361236.4354086,0.0021169185638427734
224949,normal,2547,0,1782361236.4371548,0.0017461776733398438
224950,normal,533,0,1782361236.439347,0.002192258834838867
224951,normal,1291,0,1782361236.4413486,0.002001523971557617
224952,normal,1875,0,1782361236.4433498,0.0020012855529785156
224953,normal,1797,0,1782361236.44524,0.0018901824951171875
224954,normal,1862,0,1782361236.4474263,0.002186298370361328
224955,normal,1059,0,1782361236.4492655,0.0018391609191894531
224956,normal,1187,0,1782361236.4514635,0.0021979808807373047
224957,normal,1406,0,1782361236.4535024,0.0020389556884765625
224958,normal,188,0,1782361236.4552712,0.0017688274383544922
224959,normal,518,0,1782361236.4575415,0.002270221710205078
224960,normal,2211,0,1782361236.4594753,0.0019338130950927734
224961,normal,400,0,1782361236.4611602,0.0016849040985107422
224962,normal,830,2,1782361236.463344,0.0021839141845703125
224963,normal,3461,0,1782361236.4653478,0.0020036697387695312
224964,normal,1144,0,1782361236.4671533,0.0018055438995361328
224965,normal,3408,0,1782361236.4693553,0.0022020339965820312
224966,normal,859,2,1782361236.4713376,0.0019822120666503906
224967,normal,2525,0,1782361236.4732473,0.0019097328186035156
224968,normal,3069,1,1782361236.4753394,0.002092123031616211
224969,normal,2493,0,1782361236.4773424,0.0020029544830322266
224970,normal,1231,0,1782361236.4799492,0.0026068687438964844
224971,normal,1732,0,1782361236.4814146,0.0014653205871582031
224972,normal,3504,0,1782361236.4832766,0.0018620491027832031
224973,normal,666,0,1782361236.485146,0.0018694400787353516
224974,normal,2936,0,1782361236.4872649,0.002118825912475586
224975,normal,305,0,1782361236.4893756,0.002110719680786133
224976,normal,3593,0,1782361236.4912097,0.0018341541290283203
224977,normal,1730,0,1782361236.493407,0.002197265625
224978,normal,2481,0,1782361236.49536,0.0019528865814208984
224979,normal,3478,0,1782361236.4971728,0.0018129348754882812
224980,normal,403,0,1782361236.499365,0.002192258834838867
224981,normal,3231,1,1782361236.5013738,0.002008676528930664
224982,normal,1568,0,1782361236.5031857,0.001811981201171875
224983,normal,3675,0,1782361236.5053847,0.002198934555053711
224984,normal,2477,0,1782361236.507477,0.0020923614501953125
224985,normal,1980,0,1782361236.5097196,0.002242565155029297
224986,normal,1899,0,1782361236.5118203,0.002100706100463867
224987,normal,2913,0,1782361236.5134804,0.0016601085662841797
224988,normal,2242,0,1782361236.5154338,0.0019533634185791016
224989,normal,2921,0,1782361236.5175045,0.0020706653594970703
224990,normal,2314,0,1782361236.5196102,0.002105712890625
224991,normal,1042,0,1782361236.5213652,0.0017549991607666016
224992,normal,620,0,1782361236.5231507,0.0017855167388916016
224993,normal,2557,0,1782361236.5253618,0.0022110939025878906
224994,normal,1890,0,1782361236.5272582,0.0018963813781738281
224995,normal,1642,0,1782361236.5294726,0.0022144317626953125
224996,normal,717,0,1782361236.5313094,0.0018367767333984375
224997,normal,2485,0,1782361236.5333383,0.002028942108154297
224998,normal,3499,0,1782361236.5353403,0.0020020008087158203
224999,normal,2278,0,1782361236.5374548,0.002114534378051758
225000,normal,2076,0,1782361236.5398335,0.002378702163696289
225001,normal,548,0,1782361236.5412571,0.0014235973358154297
225002,normal,2403,0,1782361236.5433528,0.0020956993103027344
225003,normal,363,0,1782361236.5451884,0.0018355846405029297
225004,normal,1131,0,1782361236.547368,0.0021796226501464844
225005,normal,2656,0,1782361236.5493662,0.0019981861114501953
225006,normal,159,0,1782361236.5511842,0.001817941665649414
225007,normal,2647,0,1782361236.5533776,0.002193450927734375
225008,normal,2428,0,1782361236.5553875,0.002009868621826172
225009,normal,2548,0,1782361236.5572658,0.0018782615661621094
225010,normal,435,0,1782361236.559363,0.0020971298217773438
225011,normal,2067,0,1782361236.5613625,0.0019996166229248047
225012,normal,281,0,1782361236.5631695,0.0018069744110107422
225013,normal,3183,1,1782361236.565362,0.0021924972534179688
225014,normal,39,0,1782361236.5673594,0.0019974708557128906
225015,normal,1238,0,1782361236.569184,0.0018246173858642578
225016,normal,3023,0,1782361236.5714407,0.002256631851196289
225017,normal,1652,0,1782361236.5733132,0.0018725395202636719
225018,normal,1124,0,1782361236.5753698,0.002056598663330078
225019,normal,1257,0,1782361236.577326,0.0019562244415283203
225020,normal,1829,0,1782361236.579387,0.0020608901977539062
225021,normal,1860,0,1782361236.5811973,0.001810312271118164
225022,normal,3585,0,1782361236.5834024,0.0022051334381103516
225023,normal,2826,0,1782361236.585252,0.0018496513366699219
225024,normal,3118,1,1782361236.587271,0.0020189285278320312
225025,normal,2981,0,1782361236.5892522,0.0019812583923339844
225026,normal,2027,0,1782361236.591438,0.002185821533203125
225027,normal,793,2,1782361236.593286,0.001847982406616211
225028,normal,2304,0,1782361236.5953352,0.0020492076873779297
225029,normal,3405,0,1782361236.5975387,0.0022034645080566406
225030,normal,467,0,1782361236.599321,0.0017821788787841797
225031,normal,1229,0,1782361236.6013846,0.002063751220703125
225032,normal,808,2,1782361236.603499,0.0021142959594726562
225033,normal,1041,0,1782361236.6053846,0.0018856525421142578
225034,normal,999,2,1782361236.607441,0.0020563602447509766
225035,normal,1749,0,1782361236.609248,0.0018069744110107422
225036,normal,2366,0,1782361236.611347,0.0020990371704101562
225037,normal,2196,0,1782361236.6131432,0.0017962455749511719
225038,normal,3539,0,1782361236.6153598,0.0022165775299072266
225039,normal,2472,0,1782361236.617491,0.002131223678588867
225040,normal,557,0,1782361236.6191454,0.0016543865203857422
225041,normal,783,2,1782361236.6213336,0.0021882057189941406
225042,normal,2825,0,1782361236.623245,0.0019114017486572266
225043,normal,734,0,1782361236.6252584,0.0020134449005126953
225044,normal,2508,0,1782361236.6282165,0.002958059310913086
225045,normal,23,0,1782361236.6293814,0.0011649131774902344
225046,normal,609,0,1782361236.631179,0.0017976760864257812
225047,normal,2442,0,1782361236.6333559,0.0021767616271972656
225048,normal,702,0,1782361236.6352587,0.0019028186798095703
225049,normal,1666,0,1782361236.6372914,0.002032756805419922
225050,normal,2724,0,1782361236.63943,0.0021386146545410156
225051,normal,277,0,1782361236.6413138,0.0018837451934814453
225052,normal,1298,0,1782361236.6432443,0.0019304752349853516
225053,normal,502,0,1782361236.6453547,0.0021104812622070312
225054,normal,868,2,1782361236.6471667,0.001811981201171875
225055,normal,2698,0,1782361236.6493702,0.0022034645080566406
225056,normal,3302,1,1782361236.6513927,0.0020225048065185547
225057,normal,2980,0,1782361236.6532314,0.00183868408203125
225058,normal,2706,0,1782361236.6553907,0.0021593570709228516
225059,normal,1036,0,1782361236.6573765,0.001985788345336914
225060,normal,378,0,1782361236.6594083,0.0020318031311035156
225061,normal,1174,0,1782361236.6618469,0.0024385452270507812
225062,normal,1427,0,1782361236.6635087,0.0016617774963378906
225063,normal,3501,0,1782361236.6652389,0.001730203628540039
225064,normal,3281,1,1782361236.667751,0.002512216567993164
225065,normal,1505,0,1782361236.6694462,0.0016951560974121094
225066,normal,2713,0,1782361236.6714613,0.0020151138305664062
225067,normal,2099,0,1782361236.6735263,0.002064943313598633
225068,normal,1433,0,1782361236.6752589,0.0017325878143310547
225069,normal,1161,0,1782361236.677261,0.002002239227294922
225070,normal,3066,1,1782361236.6792417,0.0019805431365966797
225071,normal,1516,0,1782361236.681468,0.0022263526916503906
225072,normal,1241,0,1782361236.683305,0.001837015151977539
225073,normal,3538,0,1782361236.6852276,0.001922607421875
225074,normal,2676,0,1782361236.6873806,0.0021529197692871094
225075,normal,339,0,1782361236.68938,0.001999378204345703
225076,normal,677,0,1782361236.6917994,0.0024194717407226562
225077,normal,3013,0,1782361236.6932917,0.0014922618865966797
225078,normal,2292,0,1782361236.6952765,0.001984834671020508
225079,normal,892,2,1782361236.6972709,0.0019943714141845703
225080,normal,1006,2,1782361236.6993752,0.0021042823791503906
225081,normal,495,0,1782361236.7011733,0.0017981529235839844
225082,normal,1528,0,1782361236.70337,0.002196788787841797
225083,normal,597,0,1782361236.7053778,0.002007722854614258
225084,normal,2315,0,1782361236.7071989,0.0018210411071777344
225085,normal,318,0,1782361236.7094443,0.0022454261779785156
225086,normal,852,2,1782361236.7112591,0.0018148422241210938
225087,normal,2262,0,1782361236.7132797,0.002020597457885742
225088,normal,990,2,1782361236.7152615,0.0019817352294921875
225089,normal,3173,1,1782361236.7173662,0.0021047592163085938
225090,normal,1254,0,1782361236.7191613,0.001795053482055664
225091,normal,2551,0,1782361236.7213852,0.002223968505859375
225092,normal,1585,0,1782361236.72342,0.0020346641540527344
225093,normal,2898,0,1782361236.725238,0.0018181800842285156
225094,normal,1983,0,1782361236.727462,0.002223968505859375
225095,normal,1661,0,1782361236.7293262,0.0018641948699951172
225096,normal,3482,0,1782361236.7313037,0.0019774436950683594
225097,normal,2287,0,1782361236.7332807,0.0019769668579101562
225098,normal,1698,0,1782361236.7353885,0.002107858657836914
225099,normal,2486,0,1782361236.737158,0.0017695426940917969
225100,normal,2163,0,1782361236.7393553,0.002197265625
225101,normal,466,0,1782361236.7413552,0.0019998550415039062
225102,normal,965,2,1782361236.743331,0.0019757747650146484
225103,normal,3680,0,1782361236.7452998,0.001968860626220703
225104,normal,2059,0,1782361236.7474766,0.0021767616271972656
225105,normal,1070,0,1782361236.7493327,0.001856088638305664
225106,normal,902,2,1782361236.751411,0.0020782947540283203
225107,normal,2625,0,1782361236.75357,0.00215911865234375
225108,normal,3377,1,1782361236.7552726,0.0017025470733642578
225109,normal,913,2,1782361236.7574344,0.002161741256713867
225110,normal,3339,1,1782361236.7594404,0.002006053924560547
225111,normal,543,0,1782361236.7611523,0.0017118453979492188
225112,normal,771,0,1782361236.7633426,0.0021903514862060547
225113,normal,3179,1,1782361236.7653453,0.002002716064453125
225114,normal,2401,0,1782361236.7671485,0.0018031597137451172
225115,normal,3151,1,1782361236.7695744,0.0024259090423583984
225116,normal,1587,0,1782361236.7712417,0.0016672611236572266
225117,normal,3594,0,1782361236.7731462,0.0019044876098632812
225118,normal,3438,0,1782361236.7753363,0.002190113067626953
225119,normal,1061,0,1782361236.7772603,0.0019240379333496094
225120,normal,2085,0,1782361236.780063,0.002802610397338867
225121,normal,25,0,1782361236.7815466,0.0014836788177490234
225122,normal,1334,1,1782361236.7833269,0.0017802715301513672
225123,normal,2523,0,1782361236.7851827,0.0018558502197265625
225124,normal,1853,0,1782361236.7873688,0.0021860599517822266
225125,normal,615,0,1782361236.7892742,0.0019054412841796875
225126,normal,763,0,1782361236.7913563,0.0020821094512939453
225127,normal,1685,0,1782361236.793586,0.0022296905517578125
225128,normal,3484,0,1782361236.795252,0.0016660690307617188
225129,normal,3200,1,1782361236.7972603,0.002008199691772461
225130,normal,1048,0,1782361236.7992508,0.0019905567169189453
225131,normal,1145,0,1782361236.8013656,0.0021147727966308594
225132,normal,2344,0,1782361236.803175,0.0018093585968017578
225133,normal,2678,0,1782361236.8054092,0.002234220504760742
225134,normal,3656,0,1782361236.807312,0.0019028186798095703
225135,normal,503,0,1782361236.8093193,0.0020072460174560547
225136,normal,630,0,1782361236.8113394,0.002020120620727539
225137,normal,675,0,1782361236.814096,0.0027565956115722656
225138,normal,62,0,1782361236.8158429,0.0017468929290771484
225139,normal,1709,0,1782361236.8171709,0.0013279914855957031
225140,normal,563,0,1782361236.8198662,0.002695322036743164
225141,normal,3685,0,1782361236.8214185,0.0015523433685302734
225142,normal,1839,0,1782361236.8235848,0.002166271209716797
225143,normal,764,0,1782361236.8256948,0.002110004425048828
225144,normal,373,0,1782361236.8272197,0.0015249252319335938
225145,normal,226,0,1782361236.8293405,0.0021207332611083984
225146,normal,2989,0,1782361236.8313422,0.0020017623901367188
225147,normal,2816,0,1782361236.833464,0.0021216869354248047
225148,normal,1194,0,1782361236.8352137,0.0017497539520263672
225149,normal,3061,1,1782361236.8374126,0.002198934555053711
225150,normal,671,0,1782361236.8392591,0.0018465518951416016
225151,normal,2047,0,1782361236.841443,0.0021839141845703125
225152,normal,1075,0,1782361236.8437746,0.0023314952850341797
225153,normal,2274,0,1782361236.8452485,0.0014739036560058594
225154,normal,2654,0,1782361236.8473587,0.0021102428436279297
225155,normal,628,0,1782361236.8493721,0.0020134449005126953
225156,normal,1468,0,1782361236.851181,0.0018088817596435547
225157,normal,3156,1,1782361236.8533666,0.0021855831146240234
225158,normal,361,0,1782361236.8553734,0.0020067691802978516
225159,normal,797,2,1782361236.8571796,0.0018062591552734375
225160,normal,3102,1,1782361236.8593853,0.0022056102752685547
225161,normal,1293,0,1782361236.8614192,0.0020339488983154297
225162,normal,1827,0,1782361236.8632076,0.0017883777618408203
225163,normal,2943,0,1782361236.8653586,0.002151012420654297
225164,normal,2000,0,1782361236.867363,0.002004384994506836
225165,normal,270,0,1782361236.8691669,0.0018038749694824219
225166,normal,2823,0,1782361236.8713639,0.0021970272064208984
225167,normal,1485,0,1782361236.8733697,0.0020058155059814453
225168,normal,2600,0,1782361236.8751845,0.0018148422241210938
225169,normal,988,2,1782361236.8774297,0.002245187759399414
225170,normal,1436,0,1782361236.8796594,0.0022296905517578125
225171,normal,2363,0,1782361236.881174,0.0015146732330322266
225172,normal,469,0,1782361236.8834112,0.002237081527709961
225173,normal,3096,1,1782361236.8854082,0.0019969940185546875
225174,normal,781,2,1782361236.8871922,0.0017840862274169922
225175,normal,2613,0,1782361236.8893507,0.0021584033966064453
225176,normal,3270,1,1782361236.8914585,0.002107858657836914
225177,normal,3418,0,1782361236.8931499,0.0016913414001464844
225178,normal,3252,1,1782361236.8954384,0.0022885799407958984
225179,normal,3635,0,1782361236.8973286,0.0018901824951171875
225180,normal,2517,0,1782361236.8993487,0.002020120620727539
225181,normal,1411,0,1782361236.9013908,0.002042055130004883
225182,normal,68,0,1782361236.9035714,0.0021805763244628906
225183,normal,574,0,1782361236.9054346,0.001863241195678711
225184,normal,61,0,1782361236.9073756,0.0019409656524658203
225185,normal,1582,0,1782361236.90954,0.0021643638610839844
225186,normal,1034,0,1782361236.9113996,0.0018596649169921875
225187,normal,3537,0,1782361236.9131577,0.0017580986022949219
225188,normal,3265,1,1782361236.9153528,0.002195119857788086
225189,normal,3221,1,1782361236.917153,0.0018000602722167969
225190,normal,1515,0,1782361236.9193444,0.0021915435791015625
225191,normal,2190,0,1782361236.9215422,0.002197742462158203
225192,normal,2594,0,1782361236.9231462,0.0016040802001953125
225193,normal,873,2,1782361236.925338,0.002191781997680664
225194,normal,1908,0,1782361236.927361,0.002022981643676758
225195,normal,2065,0,1782361236.9293,0.0019390583038330078
225196,normal,1509,0,1782361236.9320564,0.002756357192993164
225197,normal,3298,1,1782361236.933551,0.0014946460723876953
225198,normal,3634,0,1782361236.9352627,0.0017116069793701172
225199,normal,1440,0,1782361236.9374027,0.002140045166015625
225200,normal,1308,0,1782361236.9393196,0.0019168853759765625
225201,normal,670,0,1782361236.9412081,0.0018885135650634766
225202,normal,1773,0,1782361236.9434137,0.0022056102752685547
225203,normal,1513,0,1782361236.9453847,0.001971006393432617
225204,normal,578,0,1782361236.9472666,0.0018818378448486328
225205,normal,1217,0,1782361236.949475,0.0022084712982177734
225206,normal,1995,0,1782361236.951255,0.0017800331115722656
225207,normal,3077,1,1782361236.953287,0.0020318031311035156
225208,normal,2115,0,1782361236.9552712,0.0019843578338623047
225209,normal,2633,0,1782361236.9573824,0.002111196517944336
225210,normal,3283,1,1782361236.9591877,0.0018053054809570312
225211,normal,1927,0,1782361236.9618685,0.0026807785034179688
225212,normal,164,0,1782361236.9640462,0.002177715301513672
225213,normal,776,2,1782361236.965603,0.0015568733215332031
225214,normal,874,2,1782361236.967484,0.0018808841705322266
225215,normal,1252,0,1782361236.9693627,0.0018787384033203125
225216,normal,2597,0,1782361236.9715657,0.0022029876708984375
225217,normal,1090,0,1782361236.9733636,0.0017979145050048828
225218,normal,2862,0,1782361236.9753034,0.0019397735595703125
225219,normal,354,0,1782361236.977142,0.00183868408203125
225220,normal,465,0,1782361236.979258,0.002115964889526367
225221,normal,3006,0,1782361236.9814422,0.002184152603149414
225222,normal,2738,0,1782361236.9833188,0.0018765926361083984
225223,normal,3328,1,1782361236.9851694,0.0018506050109863281
225224,normal,2586,0,1782361236.9874701,0.002300739288330078
225225,normal,209,0,1782361236.9892614,0.001791238784790039
225226,normal,1358,1,1782361236.9918835,0.0026221275329589844
225227,normal,3067,1,1782361236.9933531,0.0014696121215820312
225228,normal,689,0,1782361236.9952765,0.0019233226776123047
225229,normal,1684,0,1782361236.9972653,0.0019888877868652344
225230,normal,3261,1,1782361236.999385,0.002119779586791992
225231,normal,820,2,1782361237.0012698,0.0018846988677978516
225232,normal,334,0,1782361237.0033717,0.002101898193359375
225233,normal,2885,0,1782361237.0053797,0.0020079612731933594
225234,normal,2702,0,1782361237.0071962,0.0018165111541748047
225235,normal,1507,0,1782361237.0094614,0.0022652149200439453
225236,normal,3316,1,1782361237.0112593,0.0017979145050048828
225237,normal,3099,1,1782361237.0133564,0.0020971298217773438
225238,normal,2116,0,1782361237.015258,0.0019016265869140625
225239,normal,1988,0,1782361237.0173604,0.002102375030517578
225240,normal,1748,0,1782361237.0191703,0.001809835433959961
225241,normal,2997,0,1782361237.0213625,0.002192258834838867
225242,normal,1016,2,1782361237.0234158,0.0020532608032226562
225243,normal,2370,0,1782361237.0253718,0.0019559860229492188
225244,normal,1133,0,1782361237.0273066,0.0019347667694091797
225245,normal,220,0,1782361237.0292757,0.0019690990447998047
225246,normal,2425,0,1782361237.0311315,0.0018558502197265625
225247,normal,1002,2,1782361237.0331745,0.002043008804321289
225248,normal,451,0,1782361237.0354335,0.0022590160369873047
225249,normal,3515,0,1782361237.0372024,0.0017688274383544922
225250,normal,27,0,1782361237.039245,0.002042531967163086
225251,normal,1962,0,1782361237.041372,0.0021271705627441406
225252,normal,2609,0,1782361237.043259,0.0018868446350097656
225253,normal,811,2,1782361237.045699,0.0024399757385253906
225254,normal,1961,0,1782361237.0473046,0.0016057491302490234
225255,normal,955,2,1782361237.0494504,0.0021457672119140625
225256,normal,2021,0,1782361237.0513413,0.0018908977508544922
225257,normal,1616,0,1782361237.0537345,0.0023932456970214844
225258,normal,3414,0,1782361237.0552213,0.0014867782592773438
225259,normal,2060,0,1782361237.0574124,0.0021910667419433594
225260,normal,1833,0,1782361237.0595453,0.002132892608642578
225261,normal,2265,0,1782361237.0613666,0.001821279525756836
225262,normal,1599,0,1782361237.0632486,0.0018820762634277344
225263,normal,1680,0,1782361237.065355,0.0021064281463623047
225264,normal,929,2,1782361237.0672438,0.0018887519836425781
225265,normal,2050,0,1782361237.0693448,0.0021009445190429688
225266,normal,294,0,1782361237.0716038,0.0022590160369873047
225267,normal,2082,0,1782361237.0731452,0.0015413761138916016
225268,normal,1889,0,1782361237.0753372,0.0021920204162597656
225269,normal,1051,0,1782361237.0772414,0.0019042491912841797
225270,normal,3676,0,1782361237.0793426,0.0021011829376220703
225271,normal,474,0,1782361237.0820062,0.0026636123657226562
225272,normal,1612,0,1782361237.0836046,0.001598358154296875
225273,normal,132,0,1782361237.0851915,0.0015869140625
225274,normal,3041,0,1782361237.0873597,0.0021681785583496094
225275,normal,676,0,1782361237.0892615,0.001901865005493164
225276,normal,250,0,1782361237.0913727,0.002111196517944336
225277,normal,858,2,1782361237.0933259,0.001953125
225278,normal,2323,0,1782361237.0955784,0.0022525787353515625
225279,normal,2296,0,1782361237.0971797,0.0016012191772460938
225280,normal,1166,0,1782361237.099361,0.0021812915802001953
225281,normal,2512,0,1782361237.101376,0.0020151138305664062
225282,normal,243,0,1782361237.103186,0.001809835433959961
225283,normal,455,0,1782361237.1054192,0.002233266830444336
225284,normal,1251,0,1782361237.1076176,0.002198457717895508
225285,normal,1771,0,1782361237.1092086,0.0015909671783447266
225286,normal,3019,0,1782361237.111391,0.002182483673095703
225287,normal,2049,0,1782361237.113267,0.0018758773803710938
225288,normal,3155,1,1782361237.1151714,0.0019044876098632812
225289,normal,2210,0,1782361237.1173456,0.0021741390228271484
225290,normal,232,0,1782361237.1198492,0.002503633499145508
225291,normal,549,0,1782361237.121429,0.0015797615051269531
225292,normal,2620,0,1782361237.1231213,0.0016922950744628906
225293,normal,1222,0,1782361237.1255076,0.002386331558227539
225294,normal,1441,0,1782361237.1273766,0.0018689632415771484
225295,normal,134,0,1782361237.1296835,0.0023069381713867188
225296,normal,614,0,1782361237.1315322,0.0018486976623535156
225297,normal,3370,1,1782361237.1331973,0.0016651153564453125
225298,normal,3279,1,1782361237.1352308,0.0020334720611572266
225299,normal,1176,0,1782361237.1372638,0.0020329952239990234
225300,normal,1541,0,1782361237.1395152,0.0022513866424560547
225301,normal,682,0,1782361237.1412454,0.001730203628540039
225302,normal,1407,0,1782361237.1434205,0.0021750926971435547
225303,normal,2090,0,1782361237.1453235,0.0019030570983886719
225304,normal,1557,0,1782361237.1473663,0.0020427703857421875
225305,normal,2191,0,1782361237.1496003,0.0022339820861816406
225306,normal,2544,0,1782361237.1514363,0.0018360614776611328
225307,normal,24,0,1782361237.1532464,0.0018100738525390625
225308,normal,1155,0,1782361237.1553779,0.0021314620971679688
225309,normal,1249,0,1782361237.1571817,0.0018038749694824219
225310,normal,2271,0,1782361237.1593685,0.0021867752075195312
225311,normal,2267,0,1782361237.1614156,0.0020470619201660156
225312,normal,2804,0,1782361237.1631896,0.0017740726470947266
225313,normal,2426,0,1782361237.1653981,0.0022084712982177734
225314,normal,590,0,1782361237.167292,0.0018939971923828125
225315,normal,2624,0,1782361237.1694589,0.002166748046875
225316,normal,2935,0,1782361237.1711648,0.0017058849334716797
225317,normal,2171,0,1782361237.1733682,0.0022034645080566406
225318,normal,1009,2,1782361237.1751664,0.0017981529235839844
225319,normal,3638,0,1782361237.1773658,0.002199411392211914
225320,normal,3385,1,1782361237.179356,0.0019903182983398438
225321,normal,3494,0,1782361237.1812692,0.0019130706787109375
225322,normal,2447,0,1782361237.183229,0.0019598007202148438
225323,normal,2775,0,1782361237.185452,0.0022230148315429688
225324,normal,2652,0,1782361237.1873732,0.0019211769104003906
225325,normal,1305,0,1782361237.1892338,0.0018606185913085938
225326,normal,271,0,1782361237.191362,0.002128124237060547
225327,normal,3681,0,1782361237.193299,0.0019371509552001953
225328,normal,2903,0,1782361237.195348,0.002048969268798828
225329,normal,3630,0,1782361237.1973374,0.0019893646240234375
225330,normal,1896,0,1782361237.199253,0.0019156932830810547
225331,normal,2782,0,1782361237.2013595,0.0021064281463623047
225332,normal,1655,0,1782361237.203253,0.0018935203552246094
225333,normal,2901,0,1782361237.2055683,0.0023152828216552734
225334,normal,1640,0,1782361237.2072444,0.0016760826110839844
225335,normal,1012,2,1782361237.2095237,0.0022792816162109375
225336,normal,2639,0,1782361237.2116115,0.002087831497192383
225337,normal,1476,0,1782361237.2133791,0.0017676353454589844
225338,normal,2615,0,1782361237.2153986,0.0020194053649902344
225339,normal,813,2,1782361237.217422,0.002023458480834961
225340,normal,1053,0,1782361237.2193308,0.0019087791442871094
225341,normal,3485,0,1782361237.2214868,0.0021560192108154297
225342,normal,2904,0,1782361237.2231557,0.0016689300537109375
225343,normal,2822,0,1782361237.2253475,0.002191781997680664
225344,normal,3435,0,1782361237.227324,0.001976490020751953
225345,normal,726,0,1782361237.2295809,0.0022568702697753906
225346,normal,884,2,1782361237.2312782,0.0016973018646240234
225347,normal,553,0,1782361237.2333443,0.0020661354064941406
225348,normal,947,2,1782361237.2351468,0.0018024444580078125
225349,normal,31,0,1782361237.2373385,0.002191781997680664
225350,normal,1450,0,1782361237.2392735,0.0019350051879882812
225351,normal,721,0,1782361237.242126,0.0028524398803710938
225352,normal,3100,1,1782361237.2433517,0.0012257099151611328
225353,normal,383,0,1782361237.2453592,0.0020074844360351562
225354,normal,2861,0,1782361237.24716,0.0018007755279541016
225355,normal,2849,0,1782361237.2493632,0.002203226089477539
225356,normal,1847,0,1782361237.2513454,0.0019822120666503906
225357,normal,2001,0,1782361237.2534053,0.0020599365234375
225358,normal,1412,0,1782361237.2553208,0.0019154548645019531
225359,normal,3476,0,1782361237.257344,0.0020232200622558594
225360,normal,2371,0,1782361237.2591503,0.0018062591552734375
225361,normal,2033,0,1782361237.2613747,0.002224445343017578
225362,normal,1826,0,1782361237.2631478,0.0017731189727783203
225363,normal,832,2,1782361237.2651694,0.0020215511322021484
225364,normal,3624,0,1782361237.2673068,0.002137422561645508
225365,normal,3124,1,1782361237.2692995,0.0019927024841308594
225366,normal,456,0,1782361237.2711604,0.0018608570098876953
225367,normal,2120,0,1782361237.273216,0.002055644989013672
225368,normal,38,0,1782361237.2759588,0.002742767333984375
225369,normal,1469,0,1782361237.2773895,0.0014307498931884766
225370,normal,930,2,1782361237.279163,0.0017733573913574219
225371,normal,2660,0,1782361237.2816074,0.0024445056915283203
225372,normal,1266,0,1782361237.2832987,0.0016913414001464844
225373,normal,1040,0,1782361237.285425,0.0021262168884277344
225374,normal,2223,0,1782361237.287357,0.0019321441650390625
225375,normal,165,0,1782361237.2891243,0.0017671585083007812
225376,normal,1156,0,1782361237.2911239,0.0019996166229248047
225377,normal,1729,0,1782361237.2931404,0.0020165443420410156
225378,normal,3233,1,1782361237.295295,0.0021545886993408203
225379,normal,589,0,1782361237.2971187,0.0018236637115478516
225380,normal,1562,0,1782361237.2991667,0.002048015594482422
225381,normal,2553,0,1782361237.301187,0.0020203590393066406
225382,normal,2717,0,1782361237.3031814,0.0019943714141845703
225383,normal,2681,0,1782361237.3057566,0.0025751590728759766
225384,normal,2402,0,1782361237.3070862,0.001329660415649414
225385,normal,1554,0,1782361237.3091283,0.002042055130004883
225386,normal,2571,0,1782361237.3112721,0.00214385986328125
225387,normal,1097,0,1782361237.3131003,0.0018281936645507812
225388,normal,3150,1,1782361237.315186,0.0020856857299804688
225389,normal,2372,0,1782361237.3171515,0.0019655227661132812
225390,normal,3049,1,1782361237.3191342,0.0019826889038085938
225391,normal,3359,1,1782361237.3211682,0.0020339488983154297
225392,normal,1405,0,1782361269.1620913,0.0
225393,normal,1128,0,1782361269.1641204,0.0020291805267333984
225394,normal,123,0,1782361269.166084,0.0019636154174804688
225395,normal,1489,0,1782361269.168076,0.0019919872283935547
225396,normal,137,0,1782361269.1700974,0.002021312713623047
225397,normal,704,0,1782361269.1721253,0.0020279884338378906
225398,normal,2540,0,1782361269.1742418,0.0021164417266845703
225399,normal,1861,0,1782361269.1761048,0.0018630027770996094
225400,normal,1459,0,1782361269.1783173,0.0022125244140625
225401,normal,1838,0,1782361269.1801136,0.0017962455749511719
225402,normal,521,0,1782361269.1823018,0.0021882057189941406
225403,normal,528,0,1782361269.1842203,0.0019185543060302734
225404,normal,495,0,1782361269.1863158,0.002095460891723633
225405,normal,84,0,1782361269.1883066,0.001990795135498047
225406,normal,2476,0,1782361269.190337,0.0020303726196289062
225407,normal,933,2,1782361269.192172,0.0018351078033447266
225408,normal,1884,0,1782361269.194439,0.0022668838500976562
225409,normal,447,0,1782361269.196177,0.0017380714416503906
225410,normal,2707,0,1782361269.1984396,0.002262592315673828
225411,normal,1762,0,1782361269.2003393,0.00189971923828125
225412,normal,2155,0,1782361269.2021801,0.001840829849243164
225413,normal,1991,0,1782361269.2044766,0.00229644775390625
225414,normal,3022,0,1782361269.2063282,0.0018515586853027344
225415,normal,1960,0,1782361269.2083325,0.002004384994506836
225416,normal,2556,0,1782361269.210348,0.002015352249145508
225417,normal,719,0,1782361269.2124581,0.0021102428436279297
225418,normal,2343,0,1782361269.2141793,0.0017211437225341797
225419,normal,953,2,1782361269.2163215,0.002142190933227539
225420,normal,4,0,1782361269.2184412,0.002119779586791992
225421,normal,3464,0,1782361269.2203147,0.0018734931945800781
225422,normal,2891,0,1782361269.2221854,0.0018706321716308594
225423,normal,532,0,1782361269.224452,0.0022666454315185547
225424,normal,2065,0,1782361269.226178,0.001725912094116211
225425,normal,1934,0,1782361269.2284677,0.0022897720336914062
225426,normal,2051,0,1782361269.2301989,0.0017311573028564453
225427,normal,2587,0,1782361269.2324462,0.002247333526611328
225428,normal,2112,0,1782361269.2342143,0.0017681121826171875
225429,normal,3428,0,1782361269.2364519,0.002237558364868164
225430,normal,197,0,1782361269.2381783,0.001726388931274414
225431,normal,3104,1,1782361269.24046,0.002281665802001953
225432,normal,721,0,1782361269.2423224,0.0018625259399414062
225433,normal,3293,1,1782361269.2443254,0.0020029544830322266
225434,normal,531,0,1782361269.246335,0.0020096302032470703
225435,normal,561,0,1782361269.2484665,0.0021314620971679688
225436,normal,3626,0,1782361269.2501903,0.0017237663269042969
225437,normal,781,2,1782361269.2524574,0.002267122268676758
225438,normal,931,2,1782361269.2544448,0.001987457275390625
225439,normal,2620,0,1782361269.256335,0.0018901824951171875
225440,normal,510,0,1782361269.2583234,0.0019884109497070312
225441,normal,1775,0,1782361269.2604573,0.0021338462829589844
225442,normal,2708,0,1782361269.262212,0.0017547607421875
225443,normal,2592,0,1782361269.26434,0.0021278858184814453
225444,normal,288,0,1782361269.2663314,0.0019915103912353516
225445,normal,1148,0,1782361269.2683663,0.002034902572631836
225446,normal,3657,0,1782361269.270345,0.001978635787963867
225447,normal,2835,0,1782361269.272495,0.0021500587463378906
225448,normal,206,0,1782361269.2742007,0.0017056465148925781
225449,normal,1623,0,1782361269.2763274,0.0021266937255859375
225450,normal,1174,0,1782361269.2784686,0.002141237258911133
225451,normal,1721,0,1782361269.280254,0.0017852783203125
225452,normal,520,0,1782361269.2823179,0.0020639896392822266
225453,normal,2069,0,1782361269.2844665,0.0021486282348632812
225454,normal,714,0,1782361269.2861762,0.0017096996307373047
225455,normal,1820,0,1782361269.288469,0.0022928714752197266
225456,normal,851,2,1782361269.2903214,0.001852273941040039
225457,normal,3216,1,1782361269.29233,0.002008676528930664
225458,normal,2889,0,1782361269.2943342,0.0020041465759277344
225459,normal,1143,0,1782361269.2963529,0.0020186901092529297
225460,normal,1371,1,1782361269.2981741,0.001821279525756836
225461,normal,382,0,1782361269.300463,0.002288818359375
225462,normal,172,0,1782361269.3023195,0.0018565654754638672
225463,normal,1483,0,1782361269.3043296,0.0020101070404052734
225464,normal,3683,0,1782361269.306195,0.001865386962890625
225465,normal,2454,0,1782361269.3084617,0.0022666454315185547
225466,normal,1115,0,1782361269.3101811,0.0017194747924804688
225467,normal,1707,0,1782361269.312463,0.0022819042205810547
225468,normal,1724,0,1782361269.3143234,0.0018603801727294922
225469,normal,2443,0,1782361269.3163328,0.0020093917846679688
225470,normal,3287,1,1782361269.3183296,0.001996755599975586
225471,normal,585,0,1782361269.3204627,0.0021331310272216797
225472,normal,1952,0,1782361269.322178,0.0017151832580566406
225473,normal,29,0,1782361269.3244627,0.0022847652435302734
225474,normal,1873,0,1782361269.3263423,0.0018796920776367188
225475,normal,2038,0,1782361269.3281987,0.0018563270568847656
225476,normal,3078,1,1782361269.3303342,0.0021355152130126953
225477,normal,2099,0,1782361269.3323262,0.0019919872283935547
225478,normal,2403,0,1782361269.3343623,0.0020360946655273438
225479,normal,2794,0,1782361269.3363285,0.001966238021850586
225480,normal,763,0,1782361269.3384914,0.002162933349609375
225481,normal,237,0,1782361269.3401892,0.0016977787017822266
225482,normal,1214,0,1782361269.3424578,0.002268552780151367
225483,normal,906,2,1782361269.3441727,0.001714944839477539
225484,normal,1716,0,1782361269.3464637,0.002290964126586914
225485,normal,1061,0,1782361269.348189,0.0017254352569580078
225486,normal,1427,0,1782361269.3501878,0.0019986629486083984
225487,normal,2673,0,1782361269.3521483,0.0019605159759521484
225488,normal,592,0,1782361269.3541458,0.0019974708557128906
225489,normal,2418,0,1782361269.356254,0.002108335494995117
225490,normal,2937,0,1782361269.3581173,0.001863241195678711
225491,normal,3017,0,1782361269.3601117,0.0019943714141845703
225492,normal,1975,0,1782361269.3621533,0.0020415782928466797
225493,normal,814,2,1782361269.3640814,0.001928091049194336
225494,normal,239,0,1782361269.3661213,0.0020399093627929688
225495,normal,1041,0,1782361269.368153,0.0020318031311035156
225496,normal,420,0,1782361269.370126,0.0019729137420654297
225497,normal,1318,0,1782361269.37215,0.002023935317993164
225498,normal,3597,0,1782361269.3742855,0.0021355152130126953
225499,normal,3184,1,1782361269.3760822,0.001796722412109375
225500,normal,854,2,1782361269.3781652,0.0020830631256103516
225501,normal,2950,0,1782361269.380173,0.002007722854614258
225502,normal,2138,0,1782361269.3820782,0.001905202865600586
225503,normal,140,0,1782361269.3843024,0.0022242069244384766
225504,normal,3686,0,1782361269.386121,0.0018186569213867188
225505,normal,304,0,1782361269.3884187,0.002297639846801758
225506,normal,2586,0,1782361269.3901348,0.0017161369323730469
225507,normal,895,2,1782361269.3924146,0.0022797584533691406
225508,normal,672,0,1782361269.3941464,0.00173187255859375
225509,normal,2182,0,1782361269.396184,0.002037525177001953
225510,normal,1183,0,1782361269.398412,0.0022280216217041016
225511,normal,2365,0,1782361269.4001477,0.001735687255859375
225512,normal,1375,1,1782361269.4021823,0.0020346641540527344
225513,normal,433,0,1782361269.4044235,0.0022411346435546875
225514,normal,598,0,1782361269.4061453,0.0017218589782714844
225515,normal,3001,0,1782361269.4081836,0.002038240432739258
225516,normal,3550,0,1782361269.410435,0.0022513866424560547
225517,normal,1923,0,1782361269.4121585,0.0017235279083251953
225518,normal,1673,0,1782361269.4141839,0.0020253658294677734
225519,normal,261,0,1782361269.4164152,0.0022313594818115234
225520,normal,1902,0,1782361269.4181464,0.0017311573028564453
225521,normal,2629,0,1782361269.420183,0.002036571502685547
225522,normal,426,0,1782361269.4224253,0.0022423267364501953
225523,normal,3147,1,1782361269.424167,0.001741647720336914
225524,normal,1238,0,1782361269.426143,0.00197601318359375
225525,normal,2347,0,1782361269.4282029,0.0020599365234375
225526,normal,2711,0,1782361269.4301038,0.0019009113311767578
225527,normal,2001,0,1782361269.4321783,0.0020744800567626953
225528,normal,1075,0,1782361269.434168,0.0019898414611816406
225529,normal,3219,1,1782361269.4360793,0.001911163330078125
225530,normal,2712,0,1782361269.438167,0.002087831497192383
225531,normal,360,0,1782361269.4401662,0.0019991397857666016
225532,normal,2373,0,1782361269.4420922,0.0019259452819824219
225533,normal,2760,0,1782361269.444295,0.002202749252319336
225534,normal,3646,0,1782361269.4461188,0.0018239021301269531
225535,normal,3692,0,1782361269.4482756,0.0021567344665527344
225536,normal,257,0,1782361269.450078,0.0018024444580078125
225537,normal,494,0,1782361269.4524136,0.0023355484008789062
225538,normal,2577,0,1782361269.4540913,0.0016777515411376953
225539,normal,2720,0,1782361269.4562962,0.00220489501953125
225540,normal,3614,0,1782361269.458121,0.0018248558044433594
225541,normal,1914,0,1782361269.4602807,0.002159595489501953
225542,normal,1423,0,1782361269.4621854,0.0019047260284423828
225543,normal,1068,0,1782361269.4644158,0.002230405807495117
225544,normal,448,0,1782361269.46613,0.0017142295837402344
225545,normal,962,2,1782361269.4680908,0.00196075439453125
225546,normal,3345,1,1782361269.470419,0.002328157424926758
225547,normal,1048,0,1782361269.472148,0.0017290115356445312
225548,normal,1825,0,1782361269.474183,0.0020351409912109375
225549,normal,541,0,1782361269.476416,0.0022330284118652344
225550,normal,3546,0,1782361269.4781497,0.001733541488647461
225551,normal,3691,0,1782361269.4801815,0.0020318031311035156
225552,normal,2437,0,1782361269.4824278,0.002246379852294922
225553,normal,439,0,1782361269.4841523,0.0017244815826416016
225554,normal,3094,1,1782361269.4861803,0.0020279884338378906
225555,normal,2127,0,1782361269.4884202,0.0022399425506591797
225556,normal,987,2,1782361269.4901488,0.0017285346984863281
225557,normal,644,0,1782361269.4921775,0.0020287036895751953
225558,normal,665,0,1782361269.4944167,0.002239227294921875
225559,normal,2360,0,1782361269.4961479,0.0017311573028564453
225560,normal,2565,0,1782361269.4981818,0.0020339488983154297
225561,normal,157,0,1782361269.500417,0.0022351741790771484
225562,normal,1177,0,1782361269.5021694,0.0017523765563964844
225563,normal,3127,1,1782361269.5041933,0.002023935317993164
225564,normal,468,0,1782361269.5064545,0.0022611618041992188
225565,normal,3521,0,1782361269.5081606,0.0017061233520507812
225566,normal,649,0,1782361269.5102046,0.0020439624786376953
225567,normal,629,0,1782361269.5124142,0.0022096633911132812
225568,normal,3364,1,1782361269.5141478,0.001733541488647461
225569,normal,1659,0,1782361269.516183,0.0020351409912109375
225570,normal,1095,0,1782361269.518423,0.0022401809692382812
225571,normal,3582,0,1782361269.5201159,0.0016927719116210938
225572,normal,1300,0,1782361269.522125,0.002009153366088867
225573,normal,698,0,1782361269.5241935,0.0020685195922851562
225574,normal,576,0,1782361269.5260892,0.0018956661224365234
225575,normal,3267,1,1782361269.5281637,0.0020744800567626953
225576,normal,1856,0,1782361269.530271,0.002107381820678711
225577,normal,2405,0,1782361269.5321212,0.001850128173828125
225578,normal,2996,0,1782361269.5341504,0.0020291805267333984
225579,normal,303,0,1782361269.5361612,0.002010822296142578
225580,normal,2305,0,1782361269.5380774,0.0019161701202392578
225581,normal,2747,0,1782361269.5403595,0.0022821426391601562
225582,normal,1655,0,1782361269.5421479,0.0017883777618408203
225583,normal,1511,0,1782361269.5441267,0.0019788742065429688
225584,normal,655,0,1782361269.546173,0.002046346664428711
225585,normal,177,0,1782361269.548312,0.002138853073120117
225586,normal,1678,0,1782361269.5501304,0.0018184185028076172
225587,normal,486,0,1782361269.5522888,0.0021584033966064453
225588,normal,2537,0,1782361269.554163,0.0018742084503173828
225589,normal,664,0,1782361269.5563135,0.0021505355834960938
225590,normal,1985,0,1782361269.5581634,0.0018498897552490234
225591,normal,1608,0,1782361269.5603528,0.0021893978118896484
225592,normal,130,0,1782361269.5621326,0.001779794692993164
225593,normal,1257,0,1782361269.5643961,0.0022635459899902344
225594,normal,3297,1,1782361269.566226,0.0018298625946044922
225595,normal,1228,0,1782361269.5683246,0.002098560333251953
225596,normal,506,0,1782361269.5702364,0.0019118785858154297
225597,normal,2278,0,1782361269.572407,0.002170562744140625
225598,normal,3013,0,1782361269.5741832,0.0017762184143066406
225599,normal,2819,0,1782361269.5763147,0.0021314620971679688
225600,normal,754,0,1782361269.5782516,0.0019369125366210938
225601,normal,2422,0,1782361269.5803695,0.0021178722381591797
225602,normal,1321,1,1782361269.5821817,0.0018122196197509766
225603,normal,2650,0,1782361269.5844643,0.0022826194763183594
225604,normal,3111,1,1782361269.5861976,0.0017333030700683594
225605,normal,259,0,1782361269.5881777,0.0019800662994384766
225606,normal,1744,0,1782361269.5902565,0.0020787715911865234
225607,normal,3585,0,1782361269.5923758,0.002119302749633789
225608,normal,1916,0,1782361269.5941565,0.0017807483673095703
225609,normal,3179,1,1782361269.596415,0.0022585391998291016
225610,normal,1011,2,1782361269.598191,0.001775979995727539
225611,normal,1062,0,1782361269.6003065,0.002115488052368164
225612,normal,1047,0,1782361269.6022506,0.0019440650939941406
225613,normal,1098,0,1782361269.6043727,0.002122163772583008
225614,normal,2372,0,1782361269.606199,0.0018262863159179688
225615,normal,72,0,1782361269.6084034,0.002204418182373047
225616,normal,1574,0,1782361269.6104553,0.002051830291748047
225617,normal,891,2,1782361269.6123405,0.0018851757049560547
225618,normal,1624,0,1782361269.6143072,0.001966714859008789
225619,normal,944,2,1782361269.6163602,0.0020530223846435547
225620,normal,2692,0,1782361269.6183245,0.0019643306732177734
225621,normal,1595,0,1782361269.620313,0.0019884109497070312
225622,normal,3047,1,1782361269.6222222,0.0019092559814453125
225623,normal,3228,1,1782361269.6244464,0.0022242069244384766
225624,normal,2024,0,1782361269.6263313,0.0018849372863769531
225625,normal,3066,1,1782361269.6283672,0.002035856246948242
225626,normal,1129,0,1782361269.6303337,0.0019664764404296875
225627,normal,1490,0,1782361269.6324522,0.0021185874938964844
225628,normal,970,2,1782361269.6342134,0.0017611980438232422
225629,normal,383,0,1782361269.6364439,0.002230405807495117
225630,normal,1314,0,1782361269.638348,0.0019042491912841797
225631,normal,3559,0,1782361269.6403325,0.0019843578338623047
225632,normal,1469,0,1782361269.6423345,0.0020020008087158203
225633,normal,392,0,1782361269.6444738,0.0021393299102783203
225634,normal,1639,0,1782361269.6462016,0.0017278194427490234
225635,normal,2779,0,1782361269.6483245,0.0021228790283203125
225636,normal,2636,0,1782361269.6504934,0.002168893814086914
225637,normal,455,0,1782361269.65219,0.0016965866088867188
225638,normal,2597,0,1782361269.65447,0.002279996871948242
225639,normal,1814,0,1782361269.656326,0.001856088638305664
225640,normal,3036,0,1782361269.6583664,0.002040386199951172
225641,normal,556,0,1782361269.6603384,0.0019719600677490234
225642,normal,1191,0,1782361269.6624622,0.0021238327026367188
225643,normal,2575,0,1782361269.6641893,0.0017271041870117188
225644,normal,479,0,1782361269.6663365,0.002147197723388672
225645,normal,3266,1,1782361269.6684601,0.002123594284057617
225646,normal,263,0,1782361269.670188,0.0017278194427490234
225647,normal,476,0,1782361269.6724703,0.002282381057739258
225648,normal,1572,0,1782361269.674326,0.001855611801147461
225649,normal,860,2,1782361269.676336,0.0020101070404052734
225650,normal,1546,0,1782361269.6783392,0.002003192901611328
225651,normal,2026,0,1782361269.680327,0.0019876956939697266
225652,normal,2276,0,1782361269.682381,0.002053976058959961
225653,normal,2676,0,1782361269.6843355,0.0019545555114746094
225654,normal,3648,0,1782361269.686475,0.002139568328857422
225655,normal,3063,1,1782361269.6882403,0.0017652511596679688
225656,normal,2721,0,1782361269.6903508,0.0021104812622070312
225657,normal,750,0,1782361269.6923325,0.0019817352294921875
225658,normal,1697,0,1782361269.6943686,0.0020360946655273438
225659,normal,3349,1,1782361269.6963408,0.001972198486328125
225660,normal,3238,1,1782361269.6984618,0.0021209716796875
225661,normal,2826,0,1782361269.7001834,0.0017216205596923828
225662,normal,1813,0,1782361269.702338,0.0021545886993408203
225663,normal,2892,0,1782361269.7044497,0.002111673355102539
225664,normal,297,0,1782361269.7062407,0.0017910003662109375
225665,normal,2818,0,1782361269.708319,0.0020782947540283203
225666,normal,299,0,1782361269.7104928,0.002173900604248047
225667,normal,765,0,1782361269.712183,0.0016901493072509766
225668,normal,13,0,1782361269.714339,0.0021560192108154297
225669,normal,1261,0,1782361269.7164702,0.002131223678588867
225670,normal,270,0,1782361269.7181818,0.0017116069793701172
225671,normal,3021,0,1782361269.7203577,0.0021758079528808594
225672,normal,986,2,1782361269.7223623,0.0020046234130859375
225673,normal,1905,0,1782361269.7242138,0.0018515586853027344
225674,normal,3317,1,1782361269.7263267,0.002112865447998047
225675,normal,3296,1,1782361269.728456,0.0021293163299560547
225676,normal,795,2,1782361269.7301793,0.0017232894897460938
225677,normal,3199,1,1782361269.7324612,0.0022819042205810547
225678,normal,2176,0,1782361269.7342803,0.0018191337585449219
225679,normal,300,0,1782361269.7363348,0.002054452896118164
225680,normal,557,0,1782361269.7383227,0.001987934112548828
225681,normal,3041,0,1782361269.7403202,0.0019974708557128906
225682,normal,3084,1,1782361269.742181,0.0018608570098876953
225683,normal,2965,0,1782361269.74432,0.002138853073120117
225684,normal,59,0,1782361269.7464573,0.002137422561645508
225685,normal,3532,0,1782361269.7481778,0.001720428466796875
225686,normal,1628,0,1782361269.7504625,0.0022847652435302734
225687,normal,2870,0,1782361269.7523205,0.0018579959869384766
225688,normal,1100,0,1782361269.754334,0.0020134449005126953
225689,normal,2787,0,1782361269.756341,0.002007007598876953
225690,normal,1881,0,1782361269.7584548,0.002113819122314453
225691,normal,269,0,1782361269.7601795,0.0017247200012207031
225692,normal,1739,0,1782361269.762461,0.0022814273834228516
225693,normal,2124,0,1782361269.7643275,0.0018665790557861328
225694,normal,1271,0,1782361269.7663386,0.0020110607147216797
225695,normal,3408,0,1782361269.768335,0.0019965171813964844
225696,normal,243,0,1782361269.7704868,0.0021517276763916016
225697,normal,1150,0,1782361269.772195,0.0017082691192626953
225698,normal,3371,1,1782361269.7743154,0.0021202564239501953
225699,normal,993,2,1782361269.7763288,0.0020134449005126953
225700,normal,3346,1,1782361269.778183,0.0018541812896728516
225701,normal,658,0,1782361269.7804775,0.0022945404052734375
225702,normal,999,2,1782361269.7823117,0.0018341541290283203
225703,normal,101,0,1782361269.7843573,0.0020456314086914062
225704,normal,171,0,1782361269.7863173,0.0019600391387939453
225705,normal,3069,1,1782361269.7884624,0.002145051956176758
225706,normal,2931,0,1782361269.790177,0.0017147064208984375
225707,normal,3174,1,1782361269.79247,0.0022928714752197266
225708,normal,3560,0,1782361269.7943645,0.0018944740295410156
225709,normal,2545,0,1782361269.7962265,0.0018620491027832031
225710,normal,2696,0,1782361269.7983172,0.0020906925201416016
225711,normal,1589,0,1782361269.8004642,0.0021469593048095703
225712,normal,3283,1,1782361269.8021772,0.0017130374908447266
225713,normal,3049,1,1782361269.8044682,0.002290964126586914
225714,normal,705,0,1782361269.8063242,0.001856088638305664
225715,normal,2487,0,1782361269.808346,0.00202178955078125
225716,normal,513,0,1782361269.810337,0.0019910335540771484
225717,normal,3262,1,1782361269.812453,0.002115964889526367
225718,normal,221,0,1782361269.8141809,0.0017278194427490234
225719,normal,2431,0,1782361269.8164697,0.002288818359375
225720,normal,1612,0,1782361269.818325,0.0018553733825683594
225721,normal,1004,2,1782361269.8203337,0.002008676528930664
225722,normal,2598,0,1782361269.822337,0.002003192901611328
225723,normal,900,2,1782361269.8243275,0.0019905567169189453
225724,normal,774,2,1782361269.8264074,0.0020799636840820312
225725,normal,3443,0,1782361269.8283346,0.0019271373748779297
225726,normal,1281,0,1782361269.8304763,0.002141714096069336
225727,normal,820,2,1782361269.8321872,0.0017108917236328125
225728,normal,1302,0,1782361269.834331,0.00214385986328125
225729,normal,1370,1,1782361269.8364673,0.00213623046875
225730,normal,1851,0,1782361269.8381803,0.0017130374908447266
225731,normal,2465,0,1782361269.840467,0.002286672592163086
225732,normal,3162,1,1782361269.84236,0.0018930435180664062
225733,normal,1022,2,1782361269.8442223,0.0018622875213623047
225734,normal,372,0,1782361269.8463192,0.002096891403198242
225735,normal,69,0,1782361269.8484688,0.0021495819091796875
225736,normal,325,0,1782361269.8501787,0.0017099380493164062
225737,normal,3342,1,1782361269.8524697,0.002290964126586914
225738,normal,3006,0,1782361269.8543224,0.0018527507781982422
225739,normal,1270,0,1782361269.8563325,0.0020101070404052734
225740,normal,1996,0,1782361269.8583393,0.0020067691802978516
225741,normal,2263,0,1782361269.8604622,0.0021228790283203125
225742,normal,961,2,1782361269.8621821,0.0017199516296386719
225743,normal,3180,1,1782361269.8644733,0.0022912025451660156
225744,normal,3458,0,1782361269.8663154,0.0018420219421386719
225745,normal,497,0,1782361269.8683429,0.0020275115966796875
225746,normal,785,2,1782361269.8703227,0.001979827880859375
225747,normal,306,0,1782361269.8725095,0.0021867752075195312
225748,normal,1338,1,1782361269.8741844,0.0016748905181884766
225749,normal,1671,0,1782361269.876461,0.0022766590118408203
225750,normal,30,0,1782361269.8783257,0.0018646717071533203
225751,normal,2152,0,1782361269.8803744,0.0020487308502197266
225752,normal,2502,0,1782361269.8823378,0.001963376998901367
225753,normal,3072,1,1782361269.8844624,0.0021245479583740234
225754,normal,2611,0,1782361269.8861835,0.0017211437225341797
225755,normal,2906,0,1782361269.8883338,0.002150297164916992
225756,normal,662,0,1782361269.8904686,0.0021347999572753906
225757,normal,3677,0,1782361269.892224,0.0017554759979248047
225758,normal,50,0,1782361269.8943453,0.0021212100982666016
225759,normal,1352,1,1782361269.8964975,0.0021522045135498047
225760,normal,1187,0,1782361269.8981822,0.0016846656799316406
225761,normal,3641,0,1782361269.900479,0.002296924591064453
225762,normal,3431,0,1782361269.9023285,0.0018494129180908203
225763,normal,1407,0,1782361269.904376,0.0020475387573242188
225764,normal,431,0,1782361269.9063375,0.0019614696502685547
225765,normal,1079,0,1782361269.9084516,0.0021140575408935547
225766,normal,2394,0,1782361269.9102113,0.0017597675323486328
225767,normal,2483,0,1782361269.9123554,0.0021440982818603516
225768,normal,2978,0,1782361269.914501,0.002145528793334961
225769,normal,324,0,1782361269.9161959,0.0016949176788330078
225770,normal,3103,1,1782361269.918474,0.0022780895233154297
225771,normal,2146,0,1782361269.9203248,0.0018508434295654297
225772,normal,79,0,1782361269.922188,0.001863241195678711
225773,normal,1753,0,1782361269.9243228,0.0021347999572753906
225774,normal,3148,1,1782361269.9265053,0.002182483673095703
225775,normal,3218,1,1782361269.92823,0.0017247200012207031
225776,normal,2851,0,1782361269.9301634,0.0019333362579345703
225777,normal,2927,0,1782361269.932411,0.0022475719451904297
225778,normal,145,0,1782361269.934183,0.0017719268798828125
225779,normal,281,0,1782361269.9361718,0.0019888877868652344
225780,normal,445,0,1782361269.93842,0.0022482872009277344
225781,normal,1555,0,1782361269.9401855,0.0017654895782470703
225782,normal,2265,0,1782361269.942246,0.002060413360595703
225783,normal,2210,0,1782361269.9443974,0.0021514892578125
225784,normal,2907,0,1782361269.9461792,0.0017817020416259766
225785,normal,3590,0,1782361269.9483073,0.002128124237060547
225786,normal,65,0,1782361269.95026,0.0019526481628417969
225787,normal,1691,0,1782361269.9523327,0.0020728111267089844
225788,normal,1657,0,1782361269.9541583,0.001825571060180664
225789,normal,1458,0,1782361269.956388,0.0022296905517578125
225790,normal,185,0,1782361269.9581773,0.0017893314361572266
225791,normal,1361,1,1782361269.9603076,0.002130270004272461
225792,normal,1056,0,1782361269.9622476,0.001940011978149414
225793,normal,1350,1,1782361269.964332,0.002084493637084961
225794,normal,3389,1,1782361269.966162,0.0018298625946044922
225795,normal,1200,0,1782361269.9683907,0.0022287368774414062
225796,normal,593,0,1782361269.970177,0.0017862319946289062
225797,normal,2550,0,1782361269.9723072,0.002130270004272461
225798,normal,1573,0,1782361269.9742472,0.001940011978149414
225799,normal,3232,1,1782361269.9763343,0.002087116241455078
225800,normal,2469,0,1782361269.9781876,0.0018532276153564453
225801,normal,1324,1,1782361269.9804122,0.0022246837615966797
225802,normal,3336,1,1782361269.9821827,0.0017704963684082031
225803,normal,1963,0,1782361269.984349,0.002166271209716797
225804,normal,3175,1,1782361269.9862463,0.0018973350524902344
225805,normal,2970,0,1782361269.9883626,0.0021162033081054688
225806,normal,161,0,1782361269.9901912,0.0018286705017089844
225807,normal,1941,0,1782361269.9924116,0.0022203922271728516
225808,normal,909,2,1782361269.9941826,0.0017709732055664062
225809,normal,500,0,1782361269.9963353,0.002152681350708008
225810,normal,1026,2,1782361269.9982603,0.0019249916076660156
225811,normal,2778,0,1782361270.000179,0.001918792724609375
225812,normal,965,2,1782361270.002367,0.002187967300415039
225813,normal,1601,0,1782361270.0042486,0.0018815994262695312
225814,normal,2600,0,1782361270.0063324,0.0020837783813476562
225815,normal,2447,0,1782361270.008188,0.001855611801147461
225816,normal,124,0,1782361270.0103881,0.0022001266479492188
225817,normal,1610,0,1782361270.0121782,0.0017900466918945312
225818,normal,435,0,1782361270.0143445,0.002166271209716797
225819,normal,1065,0,1782361270.0162485,0.0019040107727050781
225820,normal,3475,0,1782361270.0183346,0.002086162567138672
225821,normal,2416,0,1782361270.020195,0.0018603801727294922
225822,normal,2653,0,1782361270.0224092,0.002214193344116211
225823,normal,1117,0,1782361270.0241458,0.0017366409301757812
225824,normal,2630,0,1782361270.0263019,0.0021560192108154297
225825,normal,2590,0,1782361270.028178,0.0018761157989501953
225826,normal,207,0,1782361270.0303113,0.0021333694458007812
225827,normal,1633,0,1782361270.0321412,0.0018298625946044922
225828,normal,908,2,1782361270.034359,0.0022177696228027344
225829,normal,3478,0,1782361270.0361307,0.001771688461303711
225830,normal,355,0,1782361270.0383158,0.0021851062774658203
225831,normal,3634,0,1782361270.0401378,0.0018219947814941406
225832,normal,797,2,1782361270.0422904,0.002152681350708008
225833,normal,450,0,1782361270.0441363,0.0018458366394042969
225834,normal,20,0,1782361270.0463235,0.0021872520446777344
225835,normal,2160,0,1782361270.0481403,0.0018167495727539062
225836,normal,1024,2,1782361270.050359,0.0022187232971191406
225837,normal,527,0,1782361270.0521662,0.0018072128295898438
225838,normal,1180,0,1782361270.0542753,0.002109050750732422
225839,normal,277,0,1782361270.0561693,0.0018939971923828125
225840,normal,2898,0,1782361270.0583475,0.002178192138671875
225841,normal,2046,0,1782361270.0601516,0.0018041133880615234
225842,normal,753,0,1782361270.062364,0.0022125244140625
225843,normal,549,0,1782361270.0642202,0.001856088638305664
225844,normal,3243,1,1782361270.0663302,0.002110004425048828
225845,normal,2693,0,1782361270.0681553,0.001825094223022461
225846,normal,367,0,1782361270.0704293,0.002274036407470703
225847,normal,2145,0,1782361270.072184,0.0017547607421875
225848,normal,873,2,1782361270.0743175,0.0021333694458007812
225849,normal,2728,0,1782361270.0762606,0.0019431114196777344
225850,normal,826,2,1782361270.0781825,0.0019218921661376953
225851,normal,3584,0,1782361270.0803282,0.0021457672119140625
225852,normal,620,0,1782361270.082251,0.0019228458404541016
225853,normal,2878,0,1782361270.084339,0.002087831497192383
225854,normal,3476,0,1782361270.0861576,0.0018186569213867188
225855,normal,883,2,1782361270.0884073,0.0022497177124023438
225856,normal,174,0,1782361270.0901842,0.0017769336700439453
225857,normal,3373,1,1782361270.092334,0.002149820327758789
225858,normal,1932,0,1782361270.094251,0.0019168853759765625
225859,normal,3077,1,1782361270.096342,0.0020911693572998047
225860,normal,3632,0,1782361270.0981417,0.0017995834350585938
225861,normal,193,0,1782361270.1004126,0.002270936965942383
225862,normal,889,2,1782361270.102183,0.0017704963684082031
225863,normal,338,0,1782361270.1043072,0.0021240711212158203
225864,normal,119,0,1782361270.1062684,0.001961231231689453
225865,normal,695,0,1782361270.1083655,0.0020971298217773438
225866,normal,2331,0,1782361270.1101751,0.0018095970153808594
225867,normal,769,0,1782361270.112422,0.002246856689453125
225868,normal,499,0,1782361270.1141834,0.0017614364624023438
225869,normal,3652,0,1782361270.116311,0.0021276473999023438
225870,normal,2499,0,1782361270.118251,0.001940011978149414
225871,normal,2207,0,1782361270.1203678,0.002116680145263672
225872,normal,2297,0,1782361270.122163,0.0017952919006347656
225873,normal,2544,0,1782361270.1245031,0.002340078353881836
225874,normal,945,2,1782361270.126185,0.0016818046569824219
225875,normal,2203,0,1782361270.1285005,0.002315521240234375
225876,normal,2010,0,1782361270.130316,0.0018155574798583984
225877,normal,3035,0,1782361270.1323526,0.002036571502685547
225878,normal,3591,0,1782361270.1343284,0.0019757747650146484
225879,normal,2251,0,1782361270.1364977,0.002169370651245117
225880,normal,1258,0,1782361270.1381845,0.0016868114471435547
225881,normal,1155,0,1782361270.1405072,0.002322673797607422
225882,normal,2790,0,1782361270.1423216,0.0018143653869628906
225883,normal,2895,0,1782361270.1442509,0.0019292831420898438
225884,normal,2494,0,1782361270.1463375,0.002086639404296875
225885,normal,1326,1,1782361270.1484401,0.0021026134490966797
225886,normal,2274,0,1782361270.1501791,0.0017390251159667969
225887,normal,437,0,1782361270.1524787,0.0022995471954345703
225888,normal,773,2,1782361270.1543283,0.0018496513366699219
225889,normal,418,0,1782361270.156201,0.0018725395202636719
225890,normal,1369,1,1782361270.158466,0.0022652149200439453
225891,normal,2306,0,1782361270.1603446,0.001878499984741211
225892,normal,2952,0,1782361270.162336,0.0019915103912353516
225893,normal,2902,0,1782361270.164335,0.0019989013671875
225894,normal,1548,0,1782361270.166468,0.002132892608642578
225895,normal,782,2,1782361270.168179,0.001711130142211914
225896,normal,3522,0,1782361270.170477,0.0022978782653808594
225897,normal,2356,0,1782361270.172315,0.0018379688262939453
225898,normal,1742,0,1782361270.1743708,0.0020558834075927734
225899,normal,2551,0,1782361270.1763153,0.0019445419311523438
225900,normal,2570,0,1782361270.1784978,0.002182483673095703
225901,normal,865,2,1782361270.180184,0.00168609619140625
225902,normal,3004,0,1782361270.1825051,0.0023212432861328125
225903,normal,3482,0,1782361270.1843348,0.0018296241760253906
225904,normal,566,0,1782361270.186242,0.0019073486328125
225905,normal,173,0,1782361270.1883323,0.0020902156829833984
225906,normal,622,0,1782361270.1904936,0.002161264419555664
225907,normal,2687,0,1782361270.192185,0.0016913414001464844
225908,normal,1597,0,1782361270.1945255,0.002340555191040039
225909,normal,3494,0,1782361270.1963158,0.0017902851104736328
225910,normal,1576,0,1782361270.1983752,0.002059459686279297
225911,normal,3604,0,1782361270.2003336,0.0019583702087402344
225912,normal,313,0,1782361270.2024965,0.002162933349609375
225913,normal,3658,0,1782361270.204186,0.0016894340515136719
225914,normal,1532,0,1782361270.2065034,0.0023174285888671875
225915,normal,3596,0,1782361270.2083254,0.0018219947814941406
225916,normal,853,2,1782361270.2111328,0.0028073787689208984
225917,normal,278,0,1782361270.2121873,0.001054525375366211
225918,normal,2699,0,1782361270.2144558,0.002268552780151367
225919,normal,2389,0,1782361270.2161849,0.0017290115356445312
225920,normal,582,0,1782361270.2184474,0.002262592315673828
225921,normal,1328,1,1782361270.2203164,0.0018689632415771484
225922,normal,837,2,1782361270.2223792,0.0020627975463867188
225923,normal,2349,0,1782361270.2243369,0.0019576549530029297
225924,normal,1938,0,1782361270.2264433,0.0021064281463623047
225925,normal,2838,0,1782361270.2281797,0.0017364025115966797
225926,normal,2121,0,1782361270.2304597,0.002279996871948242
225927,normal,1874,0,1782361270.2323344,0.001874685287475586
225928,normal,1901,0,1782361270.2341866,0.001852273941040039
225929,normal,427,0,1782361270.2364652,0.002278566360473633
225930,normal,2482,0,1782361270.238345,0.0018796920776367188
225931,normal,1133,0,1782361270.2403672,0.002022266387939453
225932,normal,1073,0,1782361270.2423205,0.0019533634185791016
225933,normal,1989,0,1782361270.2444186,0.00209808349609375
225934,normal,2638,0,1782361270.2462072,0.0017886161804199219
225935,normal,2185,0,1782361270.24845,0.0022428035736083984
225936,normal,70,0,1782361270.2503417,0.0018916130065917969
225937,normal,2652,0,1782361270.2521803,0.00183868408203125
225938,normal,2326,0,1782361270.2544737,0.0022933483123779297
225939,normal,789,2,1782361270.2563367,0.0018630027770996094
225940,normal,996,2,1782361270.2582295,0.0018928050994873047
225941,normal,3386,1,1782361270.2603326,0.002103090286254883
225942,normal,2264,0,1782361270.2624888,0.0021562576293945312
225943,normal,3487,0,1782361270.2641802,0.0016913414001464844
225944,normal,3056,1,1782361270.2664778,0.002297639846801758
225945,normal,2984,0,1782361270.26833,0.001852273941040039
225946,normal,554,0,1782361270.2703648,0.0020346641540527344
225947,normal,2541,0,1782361270.2723298,0.001965045928955078
225948,normal,1581,0,1782361270.2744703,0.002140522003173828
225949,normal,3300,1,1782361270.2761862,0.0017158985137939453
225950,normal,2677,0,1782361270.2784846,0.0022983551025390625
225951,normal,730,0,1782361270.280321,0.0018362998962402344
225952,normal,2350,0,1782361270.282352,0.002031087875366211
225953,normal,2535,0,1782361270.2843301,0.001978158950805664
225954,normal,2135,0,1782361270.2864819,0.0021517276763916016
225955,normal,560,0,1782361270.2881815,0.001699686050415039
225956,normal,3485,0,1782361270.2904875,0.0023059844970703125
225957,normal,579,0,1782361270.292325,0.0018374919891357422
225958,normal,2938,0,1782361270.294361,0.0020360946655273438
225959,normal,1935,0,1782361270.2963312,0.001970052719116211
225960,normal,1895,0,1782361270.2984776,0.002146482467651367
225961,normal,940,2,1782361270.3001807,0.001703023910522461
225962,normal,3511,0,1782361270.3025205,0.0023398399353027344
225963,normal,2470,0,1782361270.3043327,0.0018122196197509766
225964,normal,2475,0,1782361270.3062487,0.0019159317016601562
225965,normal,2887,0,1782361270.30833,0.0020813941955566406
225966,normal,3617,0,1782361270.31047,0.002140045166015625
225967,normal,3562,0,1782361270.3121805,0.0017104148864746094
225968,normal,2359,0,1782361270.3144827,0.0023021697998046875
225969,normal,2047,0,1782361270.3163621,0.0018794536590576172
225970,normal,2130,0,1782361270.3182223,0.0018601417541503906
225971,normal,643,0,1782361270.3203323,0.002110004425048828
225972,normal,1929,0,1782361270.3224738,0.0021414756774902344
225973,normal,2212,0,1782361270.32418,0.0017061233520507812
225974,normal,3255,1,1782361270.3265,0.0023200511932373047
225975,normal,3043,0,1782361270.3283167,0.0018167495727539062
225976,normal,127,0,1782361270.330403,0.0020864009857177734
225977,normal,1088,0,1782361270.3323312,0.001928091049194336
225978,normal,1835,0,1782361270.3345098,0.002178668975830078
225979,normal,2072,0,1782361270.3361847,0.0016748905181884766
225980,normal,3696,0,1782361270.3384871,0.002302408218383789
225981,normal,1925,0,1782361270.3403447,0.0018575191497802734
225982,normal,398,0,1782361270.342413,0.0020682811737060547
225983,normal,3517,0,1782361270.3443186,0.001905679702758789
225984,normal,1001,2,1782361270.3465104,0.002191781997680664
225985,normal,267,0,1782361270.3481867,0.001676321029663086
225986,normal,2345,0,1782361270.3503432,0.002156496047973633
225987,normal,3091,1,1782361270.352329,0.001985788345336914
225988,normal,591,0,1782361270.354342,0.002012968063354492
225989,normal,1613,0,1782361270.3563294,0.001987457275390625
225990,normal,3600,0,1782361270.358449,0.0021195411682128906
225991,normal,2013,0,1782361270.3601825,0.001733541488647461
225992,normal,913,2,1782361270.3624737,0.0022912025451660156
225993,normal,1406,0,1782361270.3643115,0.0018377304077148438
225994,normal,1855,0,1782361270.3661916,0.0018801689147949219
225995,normal,2289,0,1782361270.3684886,0.002296924591064453
225996,normal,3535,0,1782361270.3703325,0.0018439292907714844
225997,normal,3217,1,1782361270.3723538,0.002021312713623047
225998,normal,2192,0,1782361270.3743155,0.0019617080688476562
225999,normal,1827,0,1782361270.3765063,0.002190828323364258
226000,normal,402,0,1782361270.378188,0.0016815662384033203
226001,normal,1631,0,1782361270.3805013,0.002313375473022461
226002,normal,752,0,1782361270.382333,0.0018317699432373047
226003,normal,3135,1,1782361270.3843524,0.0020194053649902344
226004,normal,183,0,1782361270.3863194,0.0019669532775878906
226005,normal,2789,0,1782361270.3885078,0.002188444137573242
226006,normal,2446,0,1782361270.3901868,0.0016789436340332031
226007,normal,1112,0,1782361270.3924785,0.0022916793823242188
226008,normal,1786,0,1782361270.3943255,0.0018470287322998047
226009,normal,2560,0,1782361270.3963695,0.0020439624786376953
226010,normal,3629,0,1782361270.3983428,0.001973390579223633
226011,normal,428,0,1782361270.400452,0.002109050750732422
226012,normal,2918,0,1782361270.4022033,0.0017514228820800781
226013,normal,1763,0,1782361270.4043534,0.0021500587463378906
226014,normal,2596,0,1782361270.4064982,0.0021448135375976562
226015,normal,1876,0,1782361270.408195,0.0016968250274658203
226016,normal,927,2,1782361270.4104939,0.0022988319396972656
226017,normal,925,2,1782361270.4123228,0.001828908920288086
226018,normal,2612,0,1782361270.4143758,0.0020530223846435547
226019,normal,2430,0,1782361270.416351,0.0019752979278564453
226020,normal,810,2,1782361270.4184647,0.0021135807037353516
226021,normal,1390,0,1782361270.4202046,0.0017399787902832031
226022,normal,625,0,1782361270.4223335,0.0021288394927978516
226023,normal,1277,0,1782361270.4245076,0.0021741390228271484
226024,normal,2722,0,1782361270.4262166,0.001708984375
226025,normal,3012,0,1782361270.4284782,0.002261638641357422
226026,normal,3257,1,1782361270.4303653,0.0018870830535888672
226027,normal,2599,0,1782361270.4321957,0.0018303394317626953
226028,normal,2719,0,1782361270.4345753,0.0023796558380126953
226029,normal,2632,0,1782361270.4363225,0.00174713134765625
226030,normal,3164,1,1782361270.4383662,0.0020437240600585938
226031,normal,3108,1,1782361270.4403574,0.00199127197265625
226032,normal,2128,0,1782361270.4424493,0.0020918846130371094
226033,normal,3568,0,1782361270.4442058,0.001756429672241211
226034,normal,3318,1,1782361270.4463408,0.002135038375854492
226035,normal,2738,0,1782361270.4485037,0.002162933349609375
226036,normal,1507,0,1782361270.4501877,0.001683950424194336
226037,normal,1109,0,1782361270.4524903,0.0023026466369628906
226038,normal,209,0,1782361270.454334,0.0018436908721923828
226039,normal,2765,0,1782361270.4563522,0.0020182132720947266
226040,normal,1848,0,1782361270.4583426,0.0019903182983398438
226041,normal,1090,0,1782361270.4604666,0.0021240711212158203
226042,normal,666,0,1782361270.4621785,0.0017118453979492188
226043,normal,2825,0,1782361270.4644823,0.0023038387298583984
226044,normal,2362,0,1782361270.4663398,0.0018575191497802734
226045,normal,1344,1,1782361270.468218,0.0018782615661621094
226046,normal,81,0,1782361270.4703343,0.0021162033081054688
226047,normal,1703,0,1782361270.4724684,0.002134084701538086
226048,normal,729,0,1782361270.4741788,0.0017104148864746094
226049,normal,2739,0,1782361270.4764926,0.002313852310180664
226050,normal,235,0,1782361270.4783258,0.001833200454711914
226051,normal,2823,0,1782361270.4802134,0.0018875598907470703
226052,normal,3275,1,1782361270.4823334,0.0021200180053710938
226053,normal,2488,0,1782361270.484466,0.0021326541900634766
226054,normal,2872,0,1782361270.48618,0.0017139911651611328
226055,normal,617,0,1782361270.4884949,0.0023148059844970703
226056,normal,2987,0,1782361270.4903152,0.0018203258514404297
226057,normal,250,0,1782361270.492345,0.002029895782470703
226058,normal,3045,1,1782361270.4943352,0.001990079879760742
226059,normal,2061,0,1782361270.4965124,0.0021772384643554688
226060,normal,449,0,1782361270.4981844,0.0016720294952392578
226061,normal,2228,0,1782361270.5004835,0.002299070358276367
226062,normal,836,2,1782361270.5023355,0.0018520355224609375
226063,normal,1747,0,1782361270.5043433,0.002007722854614258
226064,normal,2194,0,1782361270.5063357,0.001992464065551758
226065,normal,1246,0,1782361270.508466,0.002130270004272461
226066,normal,3543,0,1782361270.510179,0.0017130374908447266
226067,normal,2859,0,1782361270.512491,0.0023119449615478516
226068,normal,1629,0,1782361270.5143397,0.0018486976623535156
226069,normal,2151,0,1782361270.5163689,0.0020291805267333984
226070,normal,2421,0,1782361270.5183372,0.0019683837890625
226071,normal,634,0,1782361270.520469,0.0021317005157470703
226072,normal,298,0,1782361270.5221796,0.001710653305053711
226073,normal,663,0,1782361270.5244877,0.0023081302642822266
226074,normal,3421,0,1782361270.5263643,0.0018765926361083984
226075,normal,391,0,1782361270.5282004,0.0018360614776611328
226076,normal,2050,0,1782361270.530369,0.0021686553955078125
226077,normal,149,0,1782361270.5324712,0.0021021366119384766
226078,normal,3651,0,1782361270.534203,0.00173187255859375
226079,normal,1201,0,1782361270.536828,0.002624988555908203
226080,normal,1357,1,1782361270.5389087,0.002080678939819336
226081,normal,546,0,1782361270.5402827,0.0013740062713623047
226082,normal,348,0,1782361270.5422244,0.001941680908203125
226083,normal,2649,0,1782361270.5443382,0.002113819122314453
226084,normal,1431,0,1782361270.5461853,0.0018470287322998047
226085,normal,1549,0,1782361270.5483432,0.002157926559448242
226086,normal,3323,1,1782361270.5503614,0.0020182132720947266
226087,normal,3620,0,1782361270.5522015,0.0018401145935058594
226088,normal,3529,0,1782361270.5543244,0.0021228790283203125
226089,normal,12,0,1782361270.5564678,0.002143383026123047
226090,normal,907,2,1782361270.5581794,0.0017116069793701172
226091,normal,484,0,1782361270.5604963,0.0023169517517089844
226092,normal,1708,0,1782361270.5623167,0.0018203258514404297
226093,normal,1741,0,1782361270.5642033,0.001886606216430664
226094,normal,1880,0,1782361270.5663395,0.00213623046875
226095,normal,2258,0,1782361270.568489,0.0021495819091796875
226096,normal,3095,1,1782361270.5709307,0.0024416446685791016
226097,normal,555,0,1782361270.5723178,0.0013871192932128906
226098,normal,2618,0,1782361270.574354,0.0020360946655273438
226099,normal,653,0,1782361270.5762146,0.0018606185913085938
226100,normal,766,0,1782361270.578372,0.002157449722290039
226101,normal,577,0,1782361270.5803187,0.0019466876983642578
226102,normal,2206,0,1782361270.5821795,0.0018608570098876953
226103,normal,55,0,1782361270.5843124,0.002132892608642578
226104,normal,1440,0,1782361270.5864916,0.0021791458129882812
226105,normal,2949,0,1782361270.5881839,0.0016922950744628906
226106,normal,1995,0,1782361270.5903509,0.0021669864654541016
226107,normal,3023,0,1782361270.5923145,0.0019636154174804688
226108,normal,743,0,1782361270.5941775,0.0018630027770996094
226109,normal,3312,1,1782361270.5963395,0.0021619796752929688
226110,normal,1280,0,1782361270.5984967,0.0021572113037109375
226111,normal,3340,1,1782361270.600185,0.001688241958618164
226112,normal,291,0,1782361270.6023698,0.0021848678588867188
226113,normal,16,0,1782361270.6043203,0.0019505023956298828
226114,normal,2023,0,1782361270.6061811,0.0018608570098876953
226115,normal,3536,0,1782361270.6083126,0.0021314620971679688
226116,normal,2961,0,1782361270.6104608,0.002148151397705078
226117,normal,290,0,1782361270.6121857,0.0017249584197998047
226118,normal,2188,0,1782361270.6145208,0.002335071563720703
226119,normal,296,0,1782361270.6163185,0.0017976760864257812
226120,normal,1170,0,1782361270.6181788,0.0018603801727294922
226121,normal,3492,0,1782361270.6203427,0.0021638870239257812
226122,normal,2936,0,1782361270.6224976,0.002154827117919922
226123,normal,3253,1,1782361270.6241846,0.0016870498657226562
226124,normal,2777,0,1782361270.6263628,0.002178192138671875
226125,normal,581,0,1782361270.6282868,0.0019240379333496094
226126,normal,1833,0,1782361270.630157,0.0018701553344726562
226127,normal,2444,0,1782361270.6322496,0.002092599868774414
226128,normal,3060,1,1782361270.634349,0.0020995140075683594
226129,normal,716,0,1782361270.636135,0.0017859935760498047
226130,normal,2302,0,1782361270.6382384,0.0021033287048339844
226131,normal,310,0,1782361270.640285,0.0020465850830078125
226132,normal,2019,0,1782361270.6421275,0.001842498779296875
226133,normal,2317,0,1782361270.6442876,0.0021600723266601562
226134,normal,211,0,1782361270.6462777,0.001990079879760742
226135,normal,2973,0,1782361270.6481433,0.0018656253814697266
226136,normal,633,0,1782361270.6502602,0.0021169185638427734
226137,normal,1050,0,1782361270.6522965,0.0020363330841064453
226138,normal,983,2,1782361270.6541276,0.0018310546875
226139,normal,32,0,1782361270.6562862,0.002158641815185547
226140,normal,1110,0,1782361270.658357,0.0020706653594970703
226141,normal,184,0,1782361270.6601374,0.0017805099487304688
226142,normal,3226,1,1782361270.6622427,0.002105236053466797
226143,normal,3545,0,1782361270.6642954,0.002052783966064453
226144,normal,3390,1,1782361270.6661274,0.0018320083618164062
226145,normal,1864,0,1782361270.668294,0.0021665096282958984
226146,normal,252,0,1782361270.670359,0.002064943313598633
226147,normal,229,0,1782361270.6721385,0.0017795562744140625
226148,normal,2710,0,1782361270.6742306,0.002092123031616211
226149,normal,1383,0,1782361270.6762805,0.0020499229431152344
226150,normal,733,0,1782361270.6781285,0.001847982406616211
226151,normal,3681,0,1782361270.6802132,0.0020847320556640625
226152,normal,1647,0,1782361270.6823528,0.002139568328857422
226153,normal,960,2,1782361270.6841404,0.0017876625061035156
226154,normal,606,0,1782361270.6862333,0.0020928382873535156
226155,normal,1776,0,1782361270.688343,0.0021097660064697266
226156,normal,1033,0,1782361270.6901264,0.0017833709716796875
226157,normal,3367,1,1782361270.692451,0.0023245811462402344
226158,normal,1616,0,1782361270.6942809,0.0018298625946044922
226159,normal,1354,1,1782361270.6961424,0.001861572265625
226160,normal,2868,0,1782361270.6983857,0.0022432804107666016
226161,normal,2423,0,1782361270.7002275,0.0018417835235595703
226162,normal,2091,0,1782361270.7021286,0.0019011497497558594
226163,normal,902,2,1782361270.7044172,0.0022885799407958984
226164,normal,3125,1,1782361270.7062953,0.0018780231475830078
226165,normal,793,2,1782361270.708141,0.0018458366394042969
226166,normal,3663,0,1782361270.710396,0.002254962921142578
226167,normal,670,0,1782361270.7122278,0.0018317699432373047
226168,normal,626,0,1782361270.714153,0.0019252300262451172
226169,normal,2400,0,1782361270.7163374,0.0021843910217285156
226170,normal,2715,0,1782361270.718275,0.0019376277923583984
226171,normal,892,2,1782361270.7201672,0.00189208984375
226172,normal,3246,1,1782361270.7223406,0.0021734237670898438
226173,normal,1749,0,1782361270.724462,0.002121448516845703
226174,normal,2108,0,1782361270.7261646,0.0017025470733642578
226175,normal,2296,0,1782361270.7282763,0.002111673355102539
226176,normal,2086,0,1782361270.7304087,0.002132415771484375
226177,normal,2087,0,1782361270.7321684,0.0017597675323486328
226178,normal,425,0,1782361270.7343287,0.002160310745239258
226179,normal,3557,0,1782361270.7364695,0.0021407604217529297
226180,normal,547,0,1782361270.7381814,0.0017118453979492188
226181,normal,2367,0,1782361270.7403126,0.002131223678588867
226182,normal,694,0,1782361270.7422667,0.0019540786743164062
226183,normal,2685,0,1782361270.7441313,0.0018646717071533203
226184,normal,2217,0,1782361270.7463837,0.002252340316772461
226185,normal,3569,0,1782361270.748311,0.0019273757934570312
226186,normal,1305,0,1782361270.7501764,0.001865386962890625
226187,normal,1392,0,1782361270.7523139,0.002137422561645508
226188,normal,974,2,1782361270.754295,0.0019812583923339844
226189,normal,1781,0,1782361270.7561324,0.0018372535705566406
226190,normal,3244,1,1782361270.7582781,0.0021457672119140625
226191,normal,1562,0,1782361270.7602904,0.0020122528076171875
226192,normal,2288,0,1782361270.7621353,0.0018448829650878906
226193,normal,1494,0,1782361270.764261,0.0021257400512695312
226194,normal,726,0,1782361270.766284,0.002022981643676758
226195,normal,2079,0,1782361270.76813,0.0018460750579833984
226196,normal,1282,0,1782361270.770304,0.002173900604248047
226197,normal,1734,0,1782361270.7723413,0.0020372867584228516
226198,normal,943,2,1782361270.7741299,0.0017886161804199219
226199,normal,2633,0,1782361270.7762747,0.0021448135375976562
226200,normal,1728,0,1782361270.778372,0.0020973682403564453
226201,normal,3165,1,1782361270.7801287,0.0017566680908203125
226202,normal,352,0,1782361270.782342,0.0022132396697998047
226203,normal,3277,1,1782361270.784237,0.0018949508666992188
226204,normal,154,0,1782361270.7861485,0.0019116401672363281
226205,normal,2438,0,1782361270.78825,0.002101421356201172
226206,normal,3642,0,1782361270.7904723,0.002222299575805664
226207,normal,95,0,1782361270.7921565,0.0016841888427734375
226208,normal,745,0,1782361270.794264,0.0021076202392578125
226209,normal,3161,1,1782361270.7962909,0.002026796340942383
226210,normal,1978,0,1782361270.7981305,0.0018396377563476562
226211,normal,3565,0,1782361270.8003278,0.002197265625
226212,normal,779,2,1782361270.8023806,0.002052783966064453
226213,normal,2018,0,1782361270.8041356,0.0017549991607666016
226214,normal,2886,0,1782361270.8064187,0.0022830963134765625
226215,normal,3074,1,1782361270.8082762,0.0018575191497802734
226216,normal,3375,1,1782361270.8101835,0.0019073486328125
226217,normal,934,2,1782361270.8128693,0.0026857852935791016
226218,normal,3595,0,1782361270.8141375,0.001268148422241211
226219,normal,3170,1,1782361270.8162928,0.002155303955078125
226220,normal,3310,1,1782361270.8181617,0.0018689632415771484
226221,normal,597,0,1782361270.8203208,0.00215911865234375
226222,normal,71,0,1782361270.822152,0.0018310546875
226223,normal,722,0,1782361270.8243136,0.002161741256713867
226224,normal,2314,0,1782361270.8263462,0.0020325183868408203
226225,normal,3360,1,1782361270.8281603,0.001814126968383789
226226,normal,2993,0,1782361270.830315,0.002154827117919922
226227,normal,1974,0,1782361270.832327,0.0020117759704589844
226228,normal,496,0,1782361270.834154,0.0018270015716552734
226229,normal,2782,0,1782361270.836312,0.0021581649780273438
226230,normal,2603,0,1782361270.838327,0.0020148754119873047
226231,normal,783,2,1782361270.8401608,0.0018339157104492188
226232,normal,2683,0,1782361270.8423111,0.002150297164916992
226233,normal,336,0,1782361270.8443244,0.0020132064819335938
226234,normal,1748,0,1782361270.8461545,0.0018301010131835938
226235,normal,2242,0,1782361270.8483255,0.002171039581298828
226236,normal,1208,0,1782361270.8502843,0.0019588470458984375
226237,normal,1019,2,1782361270.8521588,0.0018744468688964844
226238,normal,1163,0,1782361270.8543112,0.0021524429321289062
226239,normal,1807,0,1782361270.856317,0.0020058155059814453
226240,normal,867,2,1782361270.858158,0.0018410682678222656
226241,normal,2270,0,1782361270.8603122,0.002154111862182617
226242,normal,1209,0,1782361270.8623247,0.002012491226196289
226243,normal,3671,0,1782361270.864153,0.0018281936645507812
226244,normal,1682,0,1782361270.8663104,0.002157449722290039
226245,normal,1339,1,1782361270.8683164,0.002006053924560547
226246,normal,2751,0,1782361270.8701594,0.0018429756164550781
226247,normal,671,0,1782361270.8722746,0.0021152496337890625
226248,normal,308,0,1782361270.8743222,0.0020475387573242188
226249,normal,489,0,1782361270.8761504,0.0018281936645507812
226250,normal,2214,0,1782361270.878279,0.00212860107421875
226251,normal,990,2,1782361270.880316,0.00203704833984375
226252,normal,3643,0,1782361270.8821578,0.0018417835235595703
226253,normal,693,0,1782361270.8842778,0.0021200180053710938
226254,normal,1182,0,1782361270.8863337,0.0020558834075927734
226255,normal,2920,0,1782361270.8881507,0.0018169879913330078
226256,normal,2583,0,1782361270.8902833,0.0021326541900634766
226257,normal,971,2,1782361270.8923209,0.002037525177001953
226258,normal,1630,0,1782361270.8941517,0.0018308162689208984
226259,normal,1621,0,1782361270.896287,0.0021352767944335938
226260,normal,2149,0,1782361270.8983254,0.0020384788513183594
226261,normal,1830,0,1782361270.900151,0.001825571060180664
226262,normal,3467,0,1782361270.9022753,0.002124309539794922
226263,normal,778,2,1782361270.9043214,0.0020461082458496094
226264,normal,1445,0,1782361270.9061506,0.0018291473388671875
226265,normal,2523,0,1782361270.9082901,0.002139568328857422
226266,normal,2055,0,1782361270.9103239,0.002033710479736328
226267,normal,349,0,1782361270.9121513,0.0018274784088134766
226268,normal,2700,0,1782361270.9142864,0.002135038375854492
226269,normal,3215,1,1782361270.9163225,0.0020360946655273438
226270,normal,2555,0,1782361270.9181623,0.0018398761749267578
226271,normal,875,2,1782361270.920305,0.002142667770385742
226272,normal,305,0,1782361270.9223258,0.0020208358764648438
226273,normal,3093,1,1782361270.9241517,0.0018258094787597656
226274,normal,2348,0,1782361270.9265263,0.0023746490478515625
226275,normal,2310,0,1782361270.9283187,0.0017924308776855469
226276,normal,1556,0,1782361270.930278,0.0019593238830566406
226277,normal,3239,1,1782361270.9323359,0.002057790756225586
226278,normal,1809,0,1782361270.9343166,0.0019807815551757812
226279,normal,711,0,1782361270.9362924,0.0019757747650146484
226280,normal,248,0,1782361270.9383376,0.002045154571533203
226281,normal,2275,0,1782361270.9403367,0.0019991397857666016
226282,normal,1215,0,1782361270.9423537,0.0020170211791992188
226283,normal,2781,0,1782361270.9447327,0.0023789405822753906
226284,normal,2641,0,1782361270.9463117,0.0015790462493896484
226285,normal,568,0,1782361270.9482203,0.0019085407257080078
226286,normal,2221,0,1782361270.9502752,0.002054929733276367
226287,normal,2473,0,1782361270.9523356,0.002060413360595703
226288,normal,490,0,1782361270.954162,0.0018262863159179688
226289,normal,2396,0,1782361270.9563122,0.002150297164916992
226290,normal,2511,0,1782361270.9583101,0.0019979476928710938
226291,normal,1415,0,1782361270.9601545,0.0018444061279296875
226292,normal,3391,1,1782361270.9622822,0.0021276473999023438
226293,normal,1298,0,1782361270.9643466,0.0020644664764404297
226294,normal,3394,1,1782361270.9661522,0.0018055438995361328
226295,normal,3406,0,1782361270.9683156,0.002163410186767578
226296,normal,2071,0,1782361270.9703348,0.002019166946411133
226297,normal,2392,0,1782361270.9721572,0.0018224716186523438
226298,normal,2292,0,1782361270.974324,0.002166748046875
226299,normal,1783,0,1782361270.9763203,0.001996278762817383
226300,normal,2057,0,1782361270.9781504,0.0018301010131835938
226301,normal,1802,0,1782361270.9803152,0.0021648406982421875
226302,normal,1740,0,1782361270.98235,0.002034902572631836
226303,normal,2631,0,1782361270.98416,0.001809835433959961
226304,normal,1018,2,1782361270.986318,0.0021581649780273438
226305,normal,1808,0,1782361270.9883208,0.002002716064453125
226306,normal,1611,0,1782361270.9901505,0.0018296241760253906
226307,normal,27,0,1782361270.9922771,0.0021266937255859375
226308,normal,1810,0,1782361270.994325,0.0020477771759033203
226309,normal,3129,1,1782361270.99616,0.0018351078033447266
226310,normal,1947,0,1782361270.9983244,0.0021643638610839844
226311,normal,361,0,1782361271.0003223,0.0019979476928710938
226312,normal,1862,0,1782361271.0021496,0.001827239990234375
226313,normal,922,2,1782361271.0042887,0.0021390914916992188
226314,normal,2801,0,1782361271.0063257,0.00203704833984375
226315,normal,881,2,1782361271.0081613,0.0018355846405029297
226316,normal,2191,0,1782361271.01033,0.0021686553955078125
226317,normal,2832,0,1782361271.012321,0.0019910335540771484
226318,normal,2064,0,1782361271.01415,0.001828908920288086
226319,normal,3496,0,1782361271.0163016,0.0021517276763916016
226320,normal,3700,0,1782361271.0183263,0.0020246505737304688
226321,normal,1306,0,1782361271.02016,0.0018336772918701172
226322,normal,284,0,1782361271.022319,0.00215911865234375
226323,normal,1561,0,1782361271.0243518,0.002032756805419922
226324,normal,1035,0,1782361271.0261486,0.001796722412109375
226325,normal,607,0,1782361271.0282338,0.0020852088928222656
226326,normal,871,2,1782361271.0302134,0.0019795894622802734
226327,normal,3067,1,1782361271.0322409,0.0020275115966796875
226328,normal,954,2,1782361271.0341773,0.0019364356994628906
226329,normal,2512,0,1782361271.0361814,0.0020041465759277344
226330,normal,37,0,1782361271.0384543,0.0022728443145751953
226331,normal,389,0,1782361271.0401466,0.0016922950744628906
226332,normal,3399,1,1782361271.0423622,0.0022156238555908203
226333,normal,2843,0,1782361271.0441928,0.0018305778503417969
226334,normal,2534,0,1782361271.046295,0.0021021366119384766
226335,normal,2766,0,1782361271.0483274,0.0020325183868408203
226336,normal,600,0,1782361271.0501308,0.0018033981323242188
226337,normal,1301,0,1782361271.052315,0.002184152603149414
226338,normal,3379,1,1782361271.0541484,0.0018334388732910156
226339,normal,2820,0,1782361271.056312,0.0021636486053466797
226340,normal,1958,0,1782361271.05815,0.0018379688262939453
226341,normal,3070,1,1782361271.060314,0.0021638870239257812
226342,normal,2645,0,1782361271.062127,0.0018131732940673828
226343,normal,1591,0,1782361271.0643213,0.0021941661834716797
226344,normal,2538,0,1782361271.0661514,0.0018301010131835938
226345,normal,3405,0,1782361271.0683136,0.0021622180938720703
226346,normal,1420,0,1782361271.0701494,0.0018358230590820312
226347,normal,1693,0,1782361271.072346,0.0021965503692626953
226348,normal,394,0,1782361271.074183,0.001837015151977539
226349,normal,3413,0,1782361271.0763397,0.0021567344665527344
226350,normal,2401,0,1782361271.078173,0.001833200454711914
226351,normal,136,0,1782361271.080301,0.002128124237060547
226352,normal,605,0,1782361271.0821602,0.0018591880798339844
226353,normal,1439,0,1782361271.0843143,0.002154111862182617
226354,normal,2253,0,1782361271.086137,0.0018227100372314453
226355,normal,2922,0,1782361271.0883083,0.0021712779998779297
226356,normal,397,0,1782361271.090128,0.001819610595703125
226357,normal,350,0,1782361271.0923157,0.0021877288818359375
226358,normal,3044,0,1782361271.0941534,0.0018377304077148438
226359,normal,3540,0,1782361271.096326,0.002172708511352539
226360,normal,2368,0,1782361271.0981276,0.0018014907836914062
226361,normal,1446,0,1782361271.100324,0.0021963119506835938
226362,normal,2211,0,1782361271.1021574,0.0018334388732910156
226363,normal,96,0,1782361271.1043084,0.002151012420654297
226364,normal,46,0,1782361271.1061513,0.0018429756164550781
226365,normal,759,0,1782361271.1083133,0.0021619796752929688
226366,normal,1124,0,1782361271.1101282,0.0018148422241210938
226367,normal,2472,0,1782361271.1123204,0.002192258834838867
226368,normal,1296,0,1782361271.1141603,0.0018398761749267578
226369,normal,3498,0,1782361271.1163166,0.0021562576293945312
226370,normal,903,2,1782361271.1181507,0.0018341541290283203
226371,normal,3120,1,1782361271.1203065,0.002155780792236328
226372,normal,3636,0,1782361271.1221397,0.001833200454711914
226373,normal,144,0,1782361271.124323,0.002183198928833008
226374,normal,343,0,1782361271.1261628,0.0018398761749267578
226375,normal,1524,0,1782361271.128307,0.002144336700439453
226376,normal,3307,1,1782361271.1301303,0.0018231868743896484
226377,normal,3136,1,1782361271.1323085,0.002178192138671875
226378,normal,2609,0,1782361271.134138,0.0018296241760253906
226379,normal,275,0,1782361271.1363263,0.0021882057189941406
226380,normal,1508,0,1782361271.138176,0.0018496513366699219
226381,normal,2255,0,1782361271.1402953,0.002119302749633789
226382,normal,3042,0,1782361271.1421225,0.001827239990234375
226383,normal,3563,0,1782361271.1443908,0.0022683143615722656
226384,normal,375,0,1782361271.1461256,0.0017347335815429688
226385,normal,3197,1,1782361271.1481159,0.0019903182983398438
226386,normal,45,0,1782361271.1503124,0.0021965503692626953
226387,normal,2897,0,1782361271.1521275,0.0018150806427001953
226388,normal,1467,0,1782361271.1541307,0.002003192901611328
226389,normal,3688,0,1782361271.156327,0.0021963119506835938
226390,normal,741,0,1782361271.1581368,0.001809835433959961
226391,normal,1363,1,1782361271.1601436,0.0020067691802978516
226392,normal,2951,0,1782361271.1623123,0.0021686553955078125
226393,normal,469,0,1782361271.1641324,0.0018200874328613281
226394,normal,2663,0,1782361271.166135,0.002002716064453125
226395,normal,822,2,1782361271.1683378,0.002202749252319336
226396,normal,2956,0,1782361271.1701367,0.001798868179321289
226397,normal,400,0,1782361271.1721413,0.0020046234130859375
226398,normal,2964,0,1782361271.174325,0.002183675765991211
226399,normal,3455,0,1782361271.176129,0.0018041133880615234
226400,normal,309,0,1782361271.178143,0.0020139217376708984
226401,normal,3644,0,1782361271.1803315,0.002188444137573242
226402,normal,3295,1,1782361271.1821375,0.001806020736694336
226403,normal,3685,0,1782361271.1841438,0.0020062923431396484
226404,normal,2924,0,1782361271.186325,0.0021812915802001953
226405,normal,2287,0,1782361271.1881273,0.001802206039428711
226406,normal,2827,0,1782361271.190145,0.0020177364349365234
226407,normal,3357,1,1782361271.1923332,0.0021882057189941406
226408,normal,1429,0,1782361271.1941373,0.0018041133880615234
226409,normal,1249,0,1782361271.1961422,0.002004861831665039
226410,normal,747,0,1782361271.1983244,0.0021822452545166016
226411,normal,2527,0,1782361271.2001283,0.0018038749694824219
226412,normal,1798,0,1782361271.2021432,0.0020148754119873047
226413,normal,3178,1,1782361271.2043276,0.0021843910217285156
226414,normal,2450,0,1782361271.206138,0.001810312271118164
226415,normal,2798,0,1782361271.2081447,0.0020067691802978516
226416,normal,919,2,1782361271.2103126,0.002167940139770508
226417,normal,1834,0,1782361271.2121265,0.0018138885498046875
226418,normal,1537,0,1782361271.2141426,0.0020160675048828125
226419,normal,2468,0,1782361271.2163296,0.002187013626098633
226420,normal,2979,0,1782361271.218137,0.0018074512481689453
226421,normal,376,0,1782361271.2201407,0.0020036697387695312
226422,normal,637,0,1782361271.2223094,0.0021686553955078125
226423,normal,724,0,1782361271.224129,0.001819610595703125
226424,normal,2667,0,1782361271.2261508,0.00202178955078125
226425,normal,210,0,1782361271.2283397,0.0021889209747314453
226426,normal,421,0,1782361271.2301388,0.0017991065979003906
226427,normal,3481,0,1782361271.232147,0.002008199691772461
226428,normal,1157,0,1782361271.234333,0.0021860599517822266
226429,normal,321,0,1782361271.2361352,0.001802206039428711
226430,normal,283,0,1782361271.2381418,0.00200653076171875
226431,normal,88,0,1782361271.2403255,0.002183675765991211
226432,normal,2569,0,1782361271.242135,0.0018095970153808594
226433,normal,757,0,1782361271.2441492,0.00201416015625
226434,normal,3583,0,1782361271.2463055,0.0021562576293945312
226435,normal,651,0,1782361271.248128,0.0018224716186523438
226436,normal,2873,0,1782361271.2501478,0.0020198822021484375
226437,normal,216,0,1782361271.2523305,0.0021827220916748047
226438,normal,2991,0,1782361271.2541358,0.0018053054809570312
226439,normal,2477,0,1782361271.2561479,0.002012014389038086
226440,normal,537,0,1782361271.2583125,0.002164602279663086
226441,normal,739,0,1782361271.260136,0.00182342529296875
226442,normal,1634,0,1782361271.2621474,0.002011537551879883
226443,normal,2237,0,1782361271.2643244,0.002177000045776367
226444,normal,1526,0,1782361271.2661364,0.001811981201171875
226445,normal,1181,0,1782361271.2681704,0.0020339488983154297
226446,normal,1774,0,1782361271.2703118,0.0021414756774902344
226447,normal,3432,0,1782361271.2721267,0.0018148422241210938
226448,normal,667,0,1782361271.27415,0.0020232200622558594
226449,normal,1897,0,1782361271.276333,0.002183198928833008
226450,normal,1796,0,1782361271.2781355,0.0018024444580078125
226451,normal,128,0,1782361271.2801385,0.0020029544830322266
226452,normal,1479,0,1782361271.282313,0.0021746158599853516
226453,normal,2926,0,1782361271.2841275,0.0018143653869628906
226454,normal,3314,1,1782361271.28615,0.0020225048065185547
226455,normal,241,0,1782361271.2883255,0.002175569534301758
226456,normal,1839,0,1782361271.2901342,0.0018086433410644531
226457,normal,1545,0,1782361271.2921343,0.002000093460083008
226458,normal,1044,0,1782361271.2943149,0.0021805763244628906
226459,normal,533,0,1782361271.2961369,0.0018219947814941406
226460,normal,2533,0,1782361271.2981503,0.0020134449005126953
226461,normal,3365,1,1782361271.3003252,0.002174854278564453
226462,normal,3233,1,1782361271.3021436,0.0018184185028076172
226463,normal,700,0,1782361271.3041492,0.0020055770874023438
226464,normal,3339,1,1782361271.3063252,0.002176046371459961
226465,normal,2929,0,1782361271.3081396,0.0018143653869628906
226466,normal,1169,0,1782361271.3101501,0.0020105838775634766
226467,normal,829,2,1782361271.3123047,0.0021545886993408203
226468,normal,2847,0,1782361271.314139,0.0018341541290283203
226469,normal,2884,0,1782361271.3161585,0.002019643783569336
226470,normal,3031,0,1782361271.3183243,0.0021657943725585938
226471,normal,1615,0,1782361271.3201363,0.001811981201171875
226472,normal,3188,1,1782361271.3221512,0.0020148754119873047
226473,normal,1398,0,1782361271.3243067,0.0021555423736572266
226474,normal,1767,0,1782361271.326152,0.0018453598022460938
226475,normal,517,0,1782361271.328149,0.0019969940185546875
226476,normal,1145,0,1782361271.3303373,0.0021882057189941406
226477,normal,1588,0,1782361271.332139,0.0018017292022705078
226478,normal,3260,1,1782361271.334135,0.0019960403442382812
226479,normal,1366,1,1782361271.3363113,0.0021762847900390625
226480,normal,3322,1,1782361271.338129,0.0018177032470703125
226481,normal,1672,0,1782361271.3401585,0.0020294189453125
226482,normal,2844,0,1782361271.3423362,0.002177715301513672
226483,normal,3497,0,1782361271.3441377,0.0018014907836914062
226484,normal,3014,0,1782361271.346138,0.0020003318786621094
226485,normal,2283,0,1782361271.3483236,0.0021855831146240234
226486,normal,3110,1,1782361271.3501816,0.0018579959869384766
226487,normal,755,0,1782361271.3521903,0.002008676528930664
226488,normal,1190,0,1782361271.3541498,0.001959562301635742
226489,normal,1337,1,1782361271.3560736,0.0019237995147705078
226490,normal,1000,2,1782361271.358091,0.002017498016357422
226491,normal,1425,0,1782361271.3601,0.0020089149475097656
226492,normal,2154,0,1782361271.3621168,0.002016782760620117
226493,normal,735,0,1782361271.3641443,0.0020275115966796875
226494,normal,689,0,1782361271.3662999,0.0021555423736572266
226495,normal,3032,0,1782361271.3681386,0.00183868408203125
226496,normal,1787,0,1782361271.370321,0.002182483673095703
226497,normal,2388,0,1782361271.3721464,0.0018253326416015625
226498,normal,1667,0,1782361271.3743098,0.002163410186767578
226499,normal,2170,0,1782361271.3761406,0.0018308162689208984
226500,normal,1865,0,1782361271.3783088,0.0021681785583496094
226501,normal,2485,0,1782361271.3801367,0.0018279552459716797
226502,normal,1193,0,1782361271.3823216,0.0021848678588867188
226503,normal,2053,0,1782361271.3841615,0.0018398761749267578
226504,normal,2717,0,1782361271.3862998,0.002138376235961914
226505,normal,1122,0,1782361271.3881404,0.0018405914306640625
226506,normal,1844,0,1782361271.3903093,0.002168893814086914
226507,normal,2452,0,1782361271.392136,0.0018267631530761719
226508,normal,1377,1,1782361271.3943105,0.00217437744140625
226509,normal,2279,0,1782361271.3961494,0.0018389225006103516
226510,normal,240,0,1782361271.3983123,0.002162933349609375
226511,normal,958,2,1782361271.4001405,0.0018281936645507812
226512,normal,2383,0,1782361271.402303,0.002162456512451172
226513,normal,3029,0,1782361271.404136,0.0018329620361328125
226514,normal,1142,0,1782361271.4063153,0.002179384231567383
226515,normal,2008,0,1782361271.4081516,0.0018362998962402344
226516,normal,2704,0,1782361271.4103386,0.002187013626098633
226517,normal,734,0,1782361271.4125211,0.002182483673095703
226518,normal,926,2,1782361271.4143195,0.001798391342163086
226519,normal,3133,1,1782361271.4161582,0.00183868408203125
226520,normal,1393,0,1782361271.4181373,0.0019791126251220703
226521,normal,1652,0,1782361271.420319,0.0021817684173583984
226522,normal,165,0,1782361271.4221365,0.001817464828491211
226523,normal,543,0,1782361271.4243114,0.002174854278564453
226524,normal,1964,0,1782361271.4261403,0.001828908920288086
226525,normal,2768,0,1782361271.4282968,0.002156496047973633
226526,normal,1930,0,1782361271.4301553,0.0018584728240966797
226527,normal,2648,0,1782361271.4323032,0.0021479129791259766
226528,normal,612,0,1782361271.4341362,0.0018329620361328125
226529,normal,2380,0,1782361271.4362965,0.002160310745239258
226530,normal,2412,0,1782361271.4381316,0.0018351078033447266
226531,normal,2056,0,1782361271.440312,0.002180337905883789
226532,normal,3528,0,1782361271.442131,0.0018191337585449219
226533,normal,3466,0,1782361271.4442987,0.0021677017211914062
226534,normal,2943,0,1782361271.4461355,0.0018367767333984375
226535,normal,680,0,1782361271.448291,0.0021555423736572266
226536,normal,2758,0,1782361271.4503162,0.002025127410888672
226537,normal,2846,0,1782361271.4521568,0.0018405914306640625
226538,normal,1987,0,1782361271.4543142,0.002157449722290039
226539,normal,17,0,1782361271.456311,0.001996755599975586
226540,normal,2802,0,1782361271.4581409,0.0018298625946044922
226541,normal,1355,1,1782361271.460299,0.0021581649780273438
226542,normal,1394,0,1782361271.4623208,0.00202178955078125
226543,normal,2414,0,1782361271.4641583,0.0018374919891357422
226544,normal,3640,0,1782361271.4663198,0.0021615028381347656
226545,normal,1910,0,1782361271.46816,0.0018401145935058594
226546,normal,3599,0,1782361271.470288,0.002128124237060547
226547,normal,1818,0,1782361271.4721673,0.0018792152404785156
226548,normal,51,0,1782361271.4743211,0.0021538734436035156
226549,normal,1265,0,1782361271.47616,0.0018389225006103516
226550,normal,1356,1,1782361271.4782963,0.00213623046875
226551,normal,131,0,1782361271.4803207,0.002024412155151367
226552,normal,1320,1,1782361271.4821582,0.0018374919891357422
226553,normal,1254,0,1782361271.4843261,0.002167940139770508
226554,normal,768,0,1782361271.4861562,0.0018301010131835938
226555,normal,1939,0,1782361271.4882941,0.002137899398803711
226556,normal,2357,0,1782361271.490175,0.0018808841705322266
226557,normal,523,0,1782361271.4923284,0.0021533966064453125
226558,normal,949,2,1782361271.4941597,0.0018312931060791016
226559,normal,3098,1,1782361271.4961462,0.0019865036010742188
226560,normal,3587,0,1782361271.4983022,0.0021560192108154297
226561,normal,1247,0,1782361271.500136,0.0018336772918701172
226562,normal,3479,0,1782361271.5023174,0.002181529998779297
226563,normal,2092,0,1782361271.5043283,0.002010822296142578
226564,normal,2129,0,1782361271.5061572,0.001828908920288086
226565,normal,1854,0,1782361271.5083148,0.0021576881408691406
226566,normal,3068,1,1782361271.5103076,0.0019927024841308594
226567,normal,2378,0,1782361271.512145,0.0018374919891357422
226568,normal,989,2,1782361271.514315,0.0021698474884033203
226569,normal,1037,0,1782361271.5163178,0.0020029544830322266
226570,normal,2462,0,1782361271.5181534,0.0018355846405029297
226571,normal,2066,0,1782361271.5203314,0.0021779537200927734
226572,normal,3149,1,1782361271.522299,0.0019676685333251953
226573,normal,2111,0,1782361271.5241363,0.0018372535705566406
226574,normal,116,0,1782361271.5263147,0.0021784305572509766
226575,normal,2855,0,1782361271.5283453,0.002030611038208008
226576,normal,2821,0,1782361271.5301404,0.001795053482055664
226577,normal,2808,0,1782361271.532338,0.0021975040435791016
226578,normal,3698,0,1782361271.5343003,0.001962423324584961
226579,normal,1792,0,1782361271.5361357,0.0018353462219238281
226580,normal,3247,1,1782361271.5383189,0.002183198928833008
226581,normal,2325,0,1782361271.540343,0.0020241737365722656
226582,normal,823,2,1782361271.5421286,0.0017855167388916016
226583,normal,2352,0,1782361271.5441518,0.0020232200622558594
226584,normal,3033,0,1782361271.546322,0.0021703243255615234
226585,normal,2983,0,1782361271.5482807,0.001958608627319336
226586,normal,1819,0,1782361271.5501537,0.001873016357421875
226587,normal,1709,0,1782361271.5523074,0.002153635025024414
226588,normal,1252,0,1782361271.5541377,0.0018303394317626953
226589,normal,676,0,1782361271.5563226,0.0021848678588867188
226590,normal,2150,0,1782361271.5583274,0.002004861831665039
226591,normal,2637,0,1782361271.5601554,0.0018279552459716797
226592,normal,3444,0,1782361271.562308,0.002152681350708008
226593,normal,968,2,1782361271.5643094,0.0020012855529785156
226594,normal,1560,0,1782361271.566139,0.0018296241760253906
226595,normal,3397,1,1782361271.5683234,0.0021843910217285156
226596,normal,1875,0,1782361271.5702915,0.0019681453704833984
226597,normal,2195,0,1782361271.5721655,0.0018739700317382812
226598,normal,599,0,1782361271.5741568,0.00199127197265625
226599,normal,54,0,1782361271.576307,0.002150297164916992
226600,normal,409,0,1782361271.5781355,0.0018284320831298828
226601,normal,363,0,1782361271.5803213,0.002185821533203125
226602,normal,2166,0,1782361271.5822842,0.001962900161743164
226603,normal,1519,0,1782361271.5841558,0.0018715858459472656
226604,normal,2126,0,1782361271.5863051,0.002149343490600586
226605,normal,2139,0,1782361271.588307,0.0020017623901367188
226606,normal,2661,0,1782361271.5901368,0.0018298625946044922
226607,normal,2515,0,1782361271.5923185,0.0021817684173583984
226608,normal,2520,0,1782361271.5943203,0.0020017623901367188
226609,normal,3269,1,1782361271.5961556,0.0018353462219238281
226610,normal,1867,0,1782361271.5983076,0.002151966094970703
226611,normal,1817,0,1782361271.6003056,0.0019979476928710938
226612,normal,3434,0,1782361271.602135,0.001829385757446289
226613,normal,3053,1,1782361271.6043215,0.0021865367889404297
226614,normal,821,2,1782361271.6063097,0.0019881725311279297
226615,normal,3250,1,1782361271.6081583,0.0018486976623535156
226616,normal,3679,0,1782361271.6103077,0.002149343490600586
226617,normal,1863,0,1782361271.6123016,0.001993894577026367
226618,normal,141,0,1782361271.6141376,0.0018360614776611328
226619,normal,3666,0,1782361271.6163225,0.0021848678588867188
226620,normal,483,0,1782361271.6182847,0.0019621849060058594
226621,normal,1666,0,1782361271.6201541,0.0018694400787353516
226622,normal,1477,0,1782361271.6223056,0.0021514892578125
226623,normal,805,2,1782361271.6243024,0.001996755599975586
226624,normal,404,0,1782361271.6261356,0.001833200454711914
226625,normal,835,2,1782361271.6283257,0.002190113067626953
226626,normal,1206,0,1782361271.6302843,0.001958608627319336
226627,normal,1600,0,1782361271.6321309,0.0018465518951416016
226628,normal,740,0,1782361271.6343184,0.002187490463256836
226629,normal,1275,0,1782361271.6363368,0.002018451690673828
226630,normal,545,0,1782361271.6381364,0.0017995834350585938
226631,normal,1192,0,1782361271.6403196,0.002183198928833008
226632,normal,2883,0,1782361271.642306,0.0019865036010742188
226633,normal,1409,0,1782361271.644153,0.0018470287322998047
226634,normal,3118,1,1782361271.6463318,0.002178668975830078
226635,normal,1358,1,1782361271.6483173,0.0019855499267578125
226636,normal,1606,0,1782361271.6501532,0.0018358230590820312
226637,normal,640,0,1782361271.6523073,0.002154111862182617
226638,normal,3282,1,1782361271.654302,0.001994609832763672
226639,normal,608,0,1782361271.6561208,0.0018188953399658203
226640,normal,480,0,1782361271.658158,0.0020372867584228516
226641,normal,957,2,1782361271.6603081,0.0021500587463378906
226642,normal,3201,1,1782361271.6621368,0.0018286705017089844
226643,normal,2298,0,1782361271.6642992,0.002162456512451172
226644,normal,9,0,1782361271.6663632,0.0020639896392822266
226645,normal,1803,0,1782361271.6681554,0.0017921924591064453
226646,normal,647,0,1782361271.6703324,0.002177000045776367
226647,normal,792,2,1782361271.6723042,0.001971721649169922
226648,normal,14,0,1782361271.6741376,0.0018334388732910156
226649,normal,2666,0,1782361271.676324,0.002186298370361328
226650,normal,2903,0,1782361271.67834,0.0020160675048828125
226651,normal,1620,0,1782361271.6801567,0.0018167495727539062
226652,normal,2309,0,1782361271.6823382,0.002181529998779297
226653,normal,454,0,1782361271.684306,0.0019676685333251953
226654,normal,2410,0,1782361271.6861417,0.0018358230590820312
226655,normal,3000,0,1782361271.6883216,0.002179861068725586
226656,normal,1637,0,1782361271.690344,0.0020225048065185547
226657,normal,1172,0,1782361271.6921566,0.0018124580383300781
226658,normal,482,0,1782361271.6943338,0.0021772384643554688
226659,normal,3141,1,1782361271.6963198,0.0019860267639160156
226660,normal,2930,0,1782361271.6981378,0.001817941665649414
226661,normal,3524,0,1782361271.7003007,0.002162933349609375
226662,normal,2198,0,1782361271.7023437,0.002043008804321289
226663,normal,1495,0,1782361271.7041597,0.0018160343170166016
226664,normal,2553,0,1782361271.706333,0.002173185348510742
226665,normal,2455,0,1782361271.7083023,0.0019693374633789062
226666,normal,42,0,1782361271.7101383,0.0018360614776611328
226667,normal,63,0,1782361271.7123065,0.0021681785583496094
226668,normal,2959,0,1782361271.7143471,0.0020406246185302734
226669,normal,83,0,1782361271.7161593,0.0018122196197509766
226670,normal,2813,0,1782361271.7183273,0.002167940139770508
226671,normal,1772,0,1782361271.7203045,0.001977205276489258
226672,normal,681,0,1782361271.722139,0.0018343925476074219
226673,normal,3426,0,1782361271.724309,0.002170085906982422
226674,normal,2471,0,1782361271.7263372,0.002028226852416992
226675,normal,542,0,1782361271.7281563,0.0018191337585449219
226676,normal,2384,0,1782361271.7303193,0.002162933349609375
226677,normal,1922,0,1782361271.7322981,0.0019788742065429688
226678,normal,134,0,1782361271.7341387,0.0018405914306640625
226679,normal,1131,0,1782361271.7362847,0.002146005630493164
226680,normal,2115,0,1782361271.7383358,0.002051115036010742
226681,normal,472,0,1782361271.7401576,0.001821756362915039
226682,normal,1,0,1782361271.7423363,0.002178668975830078
226683,normal,1924,0,1782361271.7443092,0.0019729137420654297
226684,normal,3015,0,1782361271.7461402,0.0018310546875
226685,normal,3649,0,1782361271.7483172,0.002177000045776367
226686,normal,2003,0,1782361271.7503328,0.0020155906677246094
226687,normal,369,0,1782361271.752153,0.0018200874328613281
226688,normal,910,2,1782361271.7543404,0.002187490463256836
226689,normal,1860,0,1782361271.7563014,0.0019609928131103516
226690,normal,1702,0,1782361271.7581384,0.001837015151977539
226691,normal,231,0,1782361271.760323,0.002184629440307617
226692,normal,674,0,1782361271.7623043,0.0019812583923339844
226693,normal,2714,0,1782361271.7641532,0.0018489360809326172
226694,normal,3653,0,1782361271.7663147,0.0021615028381347656
226695,normal,502,0,1782361271.7683053,0.0019905567169189453
226696,normal,2427,0,1782361271.770134,0.0018286705017089844
226697,normal,188,0,1782361271.7723002,0.002166271209716797
226698,normal,3368,1,1782361271.774333,0.002032756805419922
226699,normal,2153,0,1782361271.7761664,0.0018334388732910156
226700,normal,2376,0,1782361271.7783222,0.002155780792236328
226701,normal,3325,1,1782361271.7803195,0.001997232437133789
226702,normal,2786,0,1782361271.7821343,0.0018148422241210938
226703,normal,544,0,1782361271.7843258,0.0021915435791015625
226704,normal,1288,0,1782361271.7863152,0.0019893646240234375
226705,normal,3272,1,1782361271.7881548,0.0018396377563476562
226706,normal,1080,0,1782361271.7903402,0.002185344696044922
226707,normal,1491,0,1782361271.792301,0.00196075439453125
226708,normal,3315,1,1782361271.794138,0.001837015151977539
226709,normal,1279,0,1782361271.796324,0.0021860599517822266
226710,normal,3473,0,1782361271.798334,0.002009868621826172
226711,normal,3176,1,1782361271.8001542,0.0018203258514404297
226712,normal,1156,0,1782361271.8023221,0.002167940139770508
226713,normal,105,0,1782361271.8043017,0.0019795894622802734
226714,normal,3664,0,1782361271.8061435,0.0018417835235595703
226715,normal,1402,0,1782361271.8083222,0.002178668975830078
226716,normal,3416,0,1782361271.8103302,0.0020079612731933594
226717,normal,370,0,1782361271.8121617,0.0018315315246582031
226718,normal,819,2,1782361271.8143172,0.0021555423736572266
226719,normal,2518,0,1782361271.816303,0.001985788345336914
226720,normal,2862,0,1782361271.8181374,0.0018343925476074219
226721,normal,2912,0,1782361271.820299,0.0021615028381347656
226722,normal,2037,0,1782361271.8223271,0.002028226852416992
226723,normal,688,0,1782361271.824154,0.0018267631530761719
226724,normal,10,0,1782361271.8263159,0.0021619796752929688
226725,normal,2809,0,1782361271.828306,0.001990079879760742
226726,normal,1714,0,1782361271.8301363,0.0018303394317626953
226727,normal,1278,0,1782361271.8323128,0.002176523208618164
226728,normal,3294,1,1782361271.8343074,0.001994609832763672
226729,normal,24,0,1782361271.8361382,0.0018308162689208984
226730,normal,2025,0,1782361271.8382998,0.0021615028381347656
226731,normal,3194,1,1782361271.8403184,0.0020186901092529297
226732,normal,675,0,1782361271.8421545,0.0018360614776611328
226733,normal,2271,0,1782361271.8443131,0.002158641815185547
226734,normal,3493,0,1782361271.846308,0.0019948482513427734
226735,normal,125,0,1782361271.848138,0.0018301010131835938
226736,normal,329,0,1782361271.8502958,0.0021576881408691406
226737,normal,1447,0,1782361271.8523166,0.0020208358764648438
226738,normal,126,0,1782361271.8541598,0.0018432140350341797
226739,normal,2199,0,1782361271.8563166,0.0021567344665527344
226740,normal,1430,0,1782361271.8583055,0.0019888877868652344
226741,normal,1866,0,1782361271.8601394,0.0018339157104492188
226742,normal,2123,0,1782361271.862307,0.0021677017211914062
226743,normal,1949,0,1782361271.864329,0.0020220279693603516
226744,normal,2837,0,1782361271.8661532,0.0018241405487060547
226745,normal,1202,0,1782361271.8683147,0.0021615028381347656
226746,normal,3030,0,1782361271.8703053,0.0019905567169189453
226747,normal,1389,0,1782361271.8721378,0.0018324851989746094
226748,normal,1373,1,1782361271.8742971,0.0021593570709228516
226749,normal,148,0,1782361271.8763227,0.002025604248046875
226750,normal,3504,0,1782361271.8781545,0.0018317699432373047
226751,normal,1683,0,1782361271.8803496,0.002195119857788086
226752,normal,357,0,1782361271.8823035,0.0019538402557373047
226753,normal,2458,0,1782361271.8841352,0.0018317699432373047
226754,normal,794,2,1782361271.886298,0.0021626949310302734
226755,normal,3113,1,1782361271.888292,0.0019941329956054688
226756,normal,1907,0,1782361271.890154,0.0018618106842041016
226757,normal,567,0,1782361271.8923182,0.0021643638610839844
226758,normal,744,0,1782361271.894304,0.001985788345336914
226759,normal,2981,0,1782361271.8961391,0.0018351078033447266
226760,normal,3577,0,1782361271.8982978,0.002158641815185547
226761,normal,461,0,1782361271.900331,0.002033233642578125
226762,normal,1488,0,1782361271.902157,0.0018260478973388672
226763,normal,702,0,1782361271.904365,0.0022079944610595703
226764,normal,3313,1,1782361271.9063036,0.0019385814666748047
226765,normal,3533,0,1782361271.9081364,0.001832723617553711
226766,normal,151,0,1782361271.9103005,0.002164125442504883
226767,normal,189,0,1782361271.9123173,0.002016782760620117
226768,normal,412,0,1782361271.9141548,0.0018374919891357422
226769,normal,1841,0,1782361271.916347,0.002192258834838867
226770,normal,3071,1,1782361271.9183028,0.001955747604370117
226771,normal,2321,0,1782361271.92014,0.0018372535705566406
226772,normal,1164,0,1782361271.9222987,0.002158641815185547
226773,normal,25,0,1782361271.9243205,0.00202178955078125
226774,normal,3462,0,1782361271.926161,0.0018405914306640625
226775,normal,1449,0,1782361271.9283412,0.0021800994873046875
226776,normal,3436,0,1782361271.9303017,0.0019605159759521484
226777,normal,2627,0,1782361271.9321406,0.0018389225006103516
226778,normal,2077,0,1782361271.9343293,0.0021886825561523438
226779,normal,2261,0,1782361271.9363275,0.0019981861114501953
226780,normal,178,0,1782361271.9381542,0.0018267631530761719
226781,normal,3369,1,1782361271.9403465,0.002192258834838867
226782,normal,1968,0,1782361271.9422984,0.0019519329071044922
226783,normal,1097,0,1782361271.9441383,0.0018398761749267578
226784,normal,1570,0,1782361271.9462988,0.0021605491638183594
226785,normal,1780,0,1782361271.9483385,0.002039670944213867
226786,normal,2976,0,1782361271.9501553,0.0018167495727539062
226787,normal,2780,0,1782361271.9523249,0.0021696090698242188
226788,normal,2532,0,1782361271.9543056,0.0019807815551757812
226789,normal,3470,0,1782361271.9561388,0.001833200454711914
226790,normal,3531,0,1782361271.9582994,0.0021605491638183594
226791,normal,3086,1,1782361271.9603293,0.002029895782470703
226792,normal,1023,2,1782361271.9621558,0.0018265247344970703
226793,normal,2576,0,1782361271.9643319,0.002176046371459961
226794,normal,1736,0,1782361271.966302,0.001970052719116211
226795,normal,3660,0,1782361271.9681356,0.0018336772918701172
226796,normal,2989,0,1782361271.970316,0.002180337905883789
226797,normal,553,0,1782361271.972329,0.002012968063354492
226798,normal,34,0,1782361271.9741375,0.0018086433410644531
226799,normal,1146,0,1782361271.9763012,0.0021636486053466797
226800,normal,3138,1,1782361271.978351,0.0020499229431152344
226801,normal,3168,1,1782361271.9801545,0.0018033981323242188
226802,normal,3480,0,1782361271.982337,0.002182483673095703
226803,normal,2741,0,1782361271.9843042,0.001967191696166992
226804,normal,706,0,1782361271.9861386,0.0018343925476074219
226805,normal,3334,1,1782361271.9883182,0.0021796226501464844
226806,normal,2564,0,1782361271.990335,0.002016782760620117
226807,normal,2282,0,1782361271.992153,0.001817941665649414
226808,normal,1523,0,1782361271.9943414,0.002188444137573242
226809,normal,2098,0,1782361271.996299,0.0019576549530029297
226810,normal,3302,1,1782361271.998137,0.0018379688262939453
226811,normal,1694,0,1782361272.0002992,0.0021622180938720703
226812,normal,552,0,1782361272.0023193,0.002020120620727539
226813,normal,929,2,1782361272.0041583,0.0018389225006103516
226814,normal,573,0,1782361272.0061584,0.002000093460083008
226815,normal,2969,0,1782361272.0083017,0.002143383026123047
226816,normal,3291,1,1782361272.0103226,0.0020208358764648438
226817,normal,2656,0,1782361272.0130796,0.0027570724487304688
226818,normal,2448,0,1782361272.0142756,0.0011959075927734375
226819,normal,2381,0,1782361272.0161214,0.0018458366394042969
226820,normal,1165,0,1782361272.018167,0.0020456314086914062
226821,normal,628,0,1782361272.0201812,0.00201416015625
226822,normal,2382,0,1782361272.0220668,0.0018856525421142578
226823,normal,885,2,1782361272.0243208,0.002254009246826172
226824,normal,3119,1,1782361272.0261714,0.0018506050109863281
226825,normal,68,0,1782361272.0282886,0.002117156982421875
226826,normal,2107,0,1782361272.030155,0.0018663406372070312
226827,normal,3189,1,1782361272.0323188,0.0021638870239257812
226828,normal,1577,0,1782361272.0341358,0.0018169879913330078
226829,normal,2858,0,1782361272.036316,0.0021800994873046875
226830,normal,2962,0,1782361272.0381463,0.0018303394317626953
226831,normal,2769,0,1782361272.0401833,0.00203704833984375
226832,normal,699,0,1782361272.042324,0.0021407604217529297
226833,normal,1648,0,1782361272.0441391,0.0018150806427001953
226834,normal,1756,0,1782361272.046301,0.002161741256713867
226835,normal,1893,0,1782361272.048166,0.0018651485443115234
226836,normal,456,0,1782361272.0503073,0.002141237258911133
226837,normal,1525,0,1782361272.0521698,0.0018625259399414062
226838,normal,2915,0,1782361272.0542927,0.0021228790283203125
226839,normal,1315,0,1782361272.0563014,0.002008676528930664
226840,normal,3299,1,1782361272.0581288,0.0018274784088134766
226841,normal,1290,0,1782361272.0603225,0.0021936893463134766
226842,normal,3361,1,1782361272.062168,0.0018453598022460938
226843,normal,1869,0,1782361272.0642874,0.0021195411682128906
226844,normal,3395,1,1782361272.0661318,0.0018444061279296875
226845,normal,813,2,1782361272.0683217,0.0021898746490478516
226846,normal,661,0,1782361272.0701392,0.001817464828491211
226847,normal,677,0,1782361272.072326,0.0021867752075195312
226848,normal,3298,1,1782361272.0741317,0.0018057823181152344
226849,normal,751,0,1782361272.0763211,0.0021893978118896484
226850,normal,110,0,1782361272.0781558,0.0018346309661865234
226851,normal,788,2,1782361272.0803175,0.002161741256713867
226852,normal,3213,1,1782361272.082159,0.0018415451049804688
226853,normal,3048,1,1782361272.0842934,0.0021343231201171875
226854,normal,190,0,1782361272.0863137,0.0020203590393066406
226855,normal,1351,1,1782361272.0881271,0.0018134117126464844
226856,normal,2607,0,1782361272.0903566,0.002229452133178711
226857,normal,3271,1,1782361272.0921388,0.0017821788787841797
226858,normal,1025,2,1782361272.09431,0.0021712779998779297
226859,normal,2294,0,1782361272.0961463,0.0018362998962402344
226860,normal,242,0,1782361272.0983114,0.002165079116821289
226861,normal,559,0,1782361272.100139,0.0018274784088134766
226862,normal,272,0,1782361272.1023462,0.0022072792053222656
226863,normal,2082,0,1782361272.1041417,0.0017955303192138672
226864,normal,2493,0,1782361272.1063106,0.002168893814086914
226865,normal,1478,0,1782361272.108131,0.0018203258514404297
226866,normal,2608,0,1782361272.1103015,0.002170562744140625
226867,normal,2303,0,1782361272.1121373,0.0018358230590820312
226868,normal,3223,1,1782361272.1143,0.0021626949310302734
226869,normal,58,0,1782361272.116131,0.0018310546875
226870,normal,1379,1,1782361272.1183157,0.002184629440307617
226871,normal,1994,0,1782361272.120169,0.0018532276153564453
226872,normal,3261,1,1782361272.1223075,0.0021386146545410156
226873,normal,2016,0,1782361272.1241338,0.0018262863159179688
226874,normal,268,0,1782361272.126302,0.0021681785583496094
226875,normal,707,0,1782361272.1283154,0.0020134449005126953
226876,normal,3695,0,1782361272.1301532,0.0018377304077148438
226877,normal,3123,1,1782361272.1323566,0.0022034645080566406
226878,normal,3374,1,1782361272.134142,0.0017852783203125
226879,normal,1685,0,1782361272.136315,0.002173185348510742
226880,normal,3341,1,1782361272.1381688,0.0018537044525146484
226881,normal,220,0,1782361272.1403015,0.0021326541900634766
226882,normal,2792,0,1782361272.14214,0.0018384456634521484
226883,normal,2131,0,1782361272.1442986,0.002158641815185547
226884,normal,682,0,1782361272.146128,0.001829385757446289
226885,normal,1886,0,1782361272.1483135,0.0021855831146240234
226886,normal,2880,0,1782361272.1501284,0.0018148422241210938
226887,normal,1038,0,1782361272.1523008,0.0021724700927734375
226888,normal,565,0,1782361272.1541367,0.0018358230590820312
226889,normal,3495,0,1782361272.1563406,0.0022039413452148438
226890,normal,995,2,1782361272.1581275,0.001786947250366211
226891,normal,841,2,1782361272.1603148,0.0021872520446777344
226892,normal,1395,0,1782361272.162181,0.0018661022186279297
226893,normal,728,0,1782361272.1643047,0.0021238327026367188
226894,normal,1951,0,1782361272.1661375,0.001832723617553711
226895,normal,3465,0,1782361272.1682951,0.0021576881408691406
226896,normal,282,0,1782361272.1703153,0.002020120620727539
226897,normal,1883,0,1782361272.1721506,0.0018353462219238281
226898,normal,1365,1,1782361272.1743577,0.002207040786743164
226899,normal,696,0,1782361272.1761546,0.0017969608306884766
226900,normal,3292,1,1782361272.178294,0.0021393299102783203
226901,normal,2602,0,1782361272.1801627,0.0018687248229980469
226902,normal,340,0,1782361272.182323,0.002160310745239258
226903,normal,1034,0,1782361272.1841545,0.0018315315246582031
226904,normal,1096,0,1782361272.186318,0.002163410186767578
226905,normal,3383,1,1782361272.188158,0.0018401145935058594
226906,normal,3172,1,1782361272.190294,0.0021359920501708984
226907,normal,434,0,1782361272.1921687,0.001874685287475586
226908,normal,2595,0,1782361272.1943173,0.0021486282348632812
226909,normal,2705,0,1782361272.196153,0.0018355846405029297
226910,normal,1868,0,1782361272.19833,0.002177000045776367
226911,normal,354,0,1782361272.200154,0.0018241405487060547
226912,normal,2994,0,1782361272.2022932,0.0021390914916992188
226913,normal,1689,0,1782361272.2041786,0.0018854141235351562
226914,normal,1654,0,1782361272.2063146,0.0021359920501708984
226915,normal,2158,0,1782361272.2081525,0.0018379688262939453
226916,normal,2406,0,1782361272.2103329,0.002180337905883789
226917,normal,3156,1,1782361272.2121587,0.0018258094787597656
226918,normal,2525,0,1782361272.2142954,0.002136707305908203
226919,normal,1936,0,1782361272.2161756,0.0018801689147949219
226920,normal,1593,0,1782361272.2183158,0.0021402835845947266
226921,normal,632,0,1782361272.2201576,0.0018417835235595703
226922,normal,738,0,1782361272.2223375,0.002179861068725586
226923,normal,2670,0,1782361272.2241426,0.0018050670623779297
226924,normal,3412,0,1782361272.2262967,0.002154111862182617
226925,normal,2105,0,1782361272.228184,0.0018873214721679688
226926,normal,1422,0,1782361272.2303224,0.002138376235961914
226927,normal,1890,0,1782361272.2321322,0.001809835433959961
226928,normal,3177,1,1782361272.2341545,0.002022266387939453
226929,normal,1451,0,1782361272.2363079,0.0021533966064453125
226930,normal,1437,0,1782361272.2381554,0.0018475055694580078
226931,normal,3693,0,1782361272.2403235,0.0021681785583496094
226932,normal,2460,0,1782361272.2421534,0.0018298625946044922
226933,normal,253,0,1782361272.2442966,0.0021431446075439453
226934,normal,1690,0,1782361272.2461584,0.0018618106842041016
226935,normal,1414,0,1782361272.248316,0.0021576881408691406
226936,normal,2561,0,1782361272.2501552,0.0018391609191894531
226937,normal,2374,0,1782361272.2523665,0.002211332321166992
226938,normal,2850,0,1782361272.2541556,0.001789093017578125
226939,normal,1203,0,1782361272.2561357,0.0019800662994384766
226940,normal,898,2,1782361272.2582996,0.0021638870239257812
226941,normal,2459,0,1782361272.2601283,0.0018286705017089844
226942,normal,2640,0,1782361272.2623117,0.0021834373474121094
226943,normal,3126,1,1782361272.2641973,0.0018856525421142578
226944,normal,2664,0,1782361272.266317,0.0021195411682128906
226945,normal,64,0,1782361272.2681541,0.0018372535705566406
226946,normal,787,2,1782361272.2703586,0.002204418182373047
226947,normal,1453,0,1782361272.2721715,0.0018129348754882812
226948,normal,2679,0,1782361272.2743232,0.0021517276763916016
226949,normal,3079,1,1782361272.2762043,0.0018811225891113281
226950,normal,1173,0,1782361272.2783165,0.002112150192260742
226951,normal,1520,0,1782361272.2801526,0.0018360614776611328
226952,normal,1695,0,1782361272.2822983,0.0021457672119140625
226953,normal,548,0,1782361272.28413,0.0018317699432373047
226954,normal,1196,0,1782361272.2863133,0.002183198928833008
226955,normal,1746,0,1782361272.2882066,0.0018932819366455078
226956,normal,62,0,1782361272.2902977,0.0020911693572998047
226957,normal,2658,0,1782361272.2921531,0.0018553733825683594
226958,normal,3167,1,1782361272.294353,0.002199888229370117
226959,normal,2415,0,1782361272.2961304,0.0017774105072021484
226960,normal,2812,0,1782361272.2983115,0.0021810531616210938
226961,normal,429,0,1782361272.3001533,0.0018417835235595703
226962,normal,1284,0,1782361272.3023176,0.0021643638610839844
226963,normal,1457,0,1782361272.304157,0.0018393993377685547
226964,normal,386,0,1782361272.306175,0.002017974853515625
226965,normal,1204,0,1782361272.3083024,0.002127408981323242
226966,normal,2939,0,1782361272.3101373,0.001834869384765625
226967,normal,656,0,1782361272.3122957,0.0021584033966064453
226968,normal,1428,0,1782361272.3141341,0.0018384456634521484
226969,normal,981,2,1782361272.3163211,0.002187013626098633
226970,normal,1966,0,1782361272.3182116,0.001890420913696289
226971,normal,302,0,1782361272.320316,0.002104520797729492
226972,normal,1316,0,1782361272.3221684,0.001852273941040039
226973,normal,3450,0,1782361272.324333,0.002164602279663086
226974,normal,963,2,1782361272.3261783,0.0018453598022460938
226975,normal,1785,0,1782361272.3282886,0.0021102428436279297
226976,normal,2775,0,1782361272.3302126,0.0019240379333496094
226977,normal,988,2,1782361272.3323264,0.002113819122314453
226978,normal,2193,0,1782361272.3341684,0.0018420219421386719
226979,normal,2888,0,1782361272.3363338,0.0021653175354003906
226980,normal,443,0,1782361272.3381648,0.0018310546875
226981,normal,264,0,1782361272.3402894,0.0021245479583740234
226982,normal,1790,0,1782361272.3422031,0.0019137859344482422
226983,normal,1240,0,1782361272.3443112,0.0021080970764160156
226984,normal,3661,0,1782361272.346153,0.0018417835235595703
226985,normal,857,2,1782361272.3483033,0.002150297164916992
226986,normal,3656,0,1782361272.3501563,0.0018529891967773438
226987,normal,845,2,1782361272.3521194,0.0019631385803222656
226988,normal,3518,0,1782361272.3541133,0.001993894577026367
226989,normal,1937,0,1782361272.3561492,0.002035856246948242
226990,normal,2917,0,1782361272.3582947,0.002145528793334961
226991,normal,319,0,1782361272.360132,0.0018372535705566406
226992,normal,1850,0,1782361272.3623462,0.002214193344116211
226993,normal,701,0,1782361272.364168,0.001821756362915039
226994,normal,2290,0,1782361272.366379,0.0022110939025878906
226995,normal,47,0,1782361272.3682075,0.0018284320831298828
226996,normal,2833,0,1782361272.3701358,0.0019283294677734375
226997,normal,3097,1,1782361272.3723686,0.002232789993286133
226998,normal,1272,0,1782361272.374187,0.0018184185028076172
226999,normal,1040,0,1782361272.3762925,0.0021054744720458984
227000,normal,493,0,1782361272.3783295,0.00203704833984375
227001,normal,150,0,1782361272.3803065,0.0019769668579101562
227002,normal,1750,0,1782361272.3821995,0.0018930435180664062
227003,normal,3319,1,1782361272.3842614,0.0020618438720703125
227004,normal,3401,1,1782361272.3861754,0.0019140243530273438
227005,normal,279,0,1782361272.3884683,0.0022928714752197266
227006,normal,2542,0,1782361272.3902016,0.0017333030700683594
227007,normal,2320,0,1782361272.3923643,0.0021626949310302734
227008,normal,1185,0,1782361272.3941991,0.001834869384765625
227009,normal,3231,1,1782361272.3961563,0.0019571781158447266
227010,normal,317,0,1782361272.3981333,0.0019769668579101562
227011,normal,2589,0,1782361272.4003441,0.002210855484008789
227012,normal,718,0,1782361272.4022017,0.0018575191497802734
227013,normal,1534,0,1782361272.404316,0.0021142959594726562
227014,normal,2763,0,1782361272.4061537,0.0018377304077148438
227015,normal,3409,0,1782361272.4082048,0.002051115036010742
227016,normal,761,0,1782361272.4101322,0.0019273757934570312
227017,normal,1688,0,1782361272.4123173,0.0021851062774658203
227018,normal,387,0,1782361272.4141624,0.0018451213836669922
227019,normal,2737,0,1782361272.4163127,0.002150297164916992
227020,normal,3193,1,1782361272.4181573,0.001844644546508789
227021,normal,1285,0,1782361272.4201863,0.002028942108154297
227022,normal,519,0,1782361272.4221292,0.0019428730010986328
227023,normal,3237,1,1782361272.4243174,0.0021882057189941406
227024,normal,2014,0,1782361272.4261765,0.0018591880798339844
227025,normal,1162,0,1782361272.4283118,0.0021352767944335938
227026,normal,2260,0,1782361272.4301553,0.0018434524536132812
227027,normal,346,0,1782361272.4321754,0.002020120620727539
227028,normal,176,0,1782361272.4341323,0.001956939697265625
227029,normal,1983,0,1782361272.4362912,0.0021588802337646484
227030,normal,2709,0,1782361272.4381506,0.001859426498413086
227031,normal,2528,0,1782361272.440323,0.0021724700927734375
227032,normal,2773,0,1782361272.4421551,0.0018320083618164062
227033,normal,1294,0,1782361272.444163,0.0020079612731933594
227034,normal,1766,0,1782361272.4461362,0.0019731521606445312
227035,normal,2096,0,1782361272.448322,0.002185821533203125
227036,normal,2948,0,1782361272.4501805,0.0018584728240966797
227037,normal,2179,0,1782361272.4523115,0.0021309852600097656
227038,normal,1962,0,1782361272.454156,0.0018444061279296875
227039,normal,2399,0,1782361272.456183,0.0020270347595214844
227040,normal,2785,0,1782361272.458129,0.0019459724426269531
227041,normal,1461,0,1782361272.4603126,0.002183675765991211
227042,normal,200,0,1782361272.4621518,0.0018391609191894531
227043,normal,135,0,1782361272.4642987,0.0021469593048095703
227044,normal,2879,0,1782361272.4661374,0.00183868408203125
227045,normal,775,2,1782361272.4681618,0.002024412155151367
227046,normal,1421,0,1782361272.4701283,0.0019664764404296875
227047,normal,99,0,1782361272.4723144,0.0021860599517822266
227048,normal,3234,1,1782361272.4741895,0.001875162124633789
227049,normal,1226,0,1782361272.476287,0.0020973682403564453
227050,normal,2923,0,1782361272.4781609,0.0018739700317382812
227051,normal,196,0,1782361272.4801593,0.001998424530029297
227052,normal,1745,0,1782361272.4821548,0.001995563507080078
227053,normal,2243,0,1782361272.48429,0.002135038375854492
227054,normal,1397,0,1782361272.4861944,0.0019044876098632812
227055,normal,3456,0,1782361272.4883134,0.0021190643310546875
227056,normal,1419,0,1782361272.4901555,0.0018420219421386719
227057,normal,1712,0,1782361272.4921641,0.002008676528930664
227058,normal,1260,0,1782361272.4941316,0.0019674301147460938
227059,normal,1664,0,1782361272.4963167,0.0021851062774658203
227060,normal,1364,1,1782361272.498199,0.001882314682006836
227061,normal,1501,0,1782361272.5003104,0.0021114349365234375
227062,normal,859,2,1782361272.5021527,0.0018422603607177734
227063,normal,518,0,1782361272.504129,0.0019762516021728516
227064,normal,1822,0,1782361272.5061574,0.0020284652709960938
227065,normal,2486,0,1782361272.508294,0.002136707305908203
227066,normal,2698,0,1782361272.5102043,0.0019102096557617188
227067,normal,462,0,1782361272.5123072,0.0021028518676757812
227068,normal,1083,0,1782361272.5141618,0.0018546581268310547
227069,normal,1961,0,1782361272.5161614,0.0019996166229248047
227070,normal,1642,0,1782361272.518289,0.0021276473999023438
227071,normal,1723,0,1782361272.520158,0.0018689632415771484
227072,normal,1701,0,1782361272.5223107,0.002152681350708008
227073,normal,1410,0,1782361272.524318,0.0020072460174560547
227074,normal,710,0,1782361272.5261583,0.001840353012084961
227075,normal,3453,0,1782361272.528348,0.00218963623046875
227076,normal,260,0,1782361272.5303147,0.001966714859008789
227077,normal,642,0,1782361272.5321548,0.0018401145935058594
227078,normal,444,0,1782361272.53435,0.002195119857788086
227079,normal,285,0,1782361272.536317,0.001967191696166992
227080,normal,2543,0,1782361272.5381563,0.0018391609191894531
227081,normal,2489,0,1782361272.540274,0.002117633819580078
227082,normal,1002,2,1782361272.5423,0.002026081085205078
227083,normal,1998,0,1782361272.544137,0.001837015151977539
227084,normal,3430,0,1782361272.5463006,0.0021636486053466797
227085,normal,2742,0,1782361272.5483198,0.002019166946411133
227086,normal,3279,1,1782361272.5501359,0.0018160343170166016
227087,normal,572,0,1782361272.5523157,0.002179861068725586
227088,normal,3230,1,1782361272.5543153,0.0019996166229248047
227089,normal,2688,0,1782361272.5561354,0.0018200874328613281
227090,normal,3206,1,1782361272.558316,0.0021805763244628906
227091,normal,3650,0,1782361272.5603244,0.0020084381103515625
227092,normal,457,0,1782361272.5621552,0.0018308162689208984
227093,normal,2030,0,1782361272.5643551,0.002199888229370117
227094,normal,2174,0,1782361272.5662882,0.0019330978393554688
227095,normal,1514,0,1782361272.5681558,0.001867532730102539
227096,normal,2039,0,1782361272.570365,0.002209186553955078
227097,normal,2478,0,1782361272.5723152,0.0019502639770507812
227098,normal,2947,0,1782361272.5741613,0.0018460750579833984
227099,normal,2845,0,1782361272.576377,0.0022156238555908203
227100,normal,1730,0,1782361272.5783079,0.0019309520721435547
227101,normal,1569,0,1782361272.580138,0.0018301010131835938
227102,normal,515,0,1782361272.582297,0.00215911865234375
227103,normal,843,2,1782361272.5843186,0.0020215511322021484
227104,normal,1078,0,1782361272.5861554,0.0018367767333984375
227105,normal,1957,0,1782361272.5883572,0.0022017955780029297
227106,normal,1828,0,1782361272.5902889,0.0019316673278808594
227107,normal,2012,0,1782361272.5921602,0.001871347427368164
227108,normal,478,0,1782361272.5943632,0.0022029876708984375
227109,normal,3578,0,1782361272.5963144,0.0019512176513671875
227110,normal,2428,0,1782361272.5981545,0.0018401145935058594
227111,normal,624,0,1782361272.6003518,0.002197265625
227112,normal,1888,0,1782361272.602322,0.0019702911376953125
227113,normal,2144,0,1782361272.6041536,0.0018315315246582031
227114,normal,1544,0,1782361272.606358,0.002204418182373047
227115,normal,3588,0,1782361272.6083176,0.001959562301635742
227116,normal,2344,0,1782361272.610156,0.0018384456634521484
227117,normal,333,0,1782361272.6121285,0.0019724369049072266
227118,normal,2342,0,1782361272.6143591,0.0022306442260742188
227119,normal,2339,0,1782361272.6161191,0.0017600059509277344
227120,normal,1579,0,1782361272.6183596,0.002240419387817383
227121,normal,2559,0,1782361272.6203115,0.0019519329071044922
227122,normal,1386,0,1782361272.6221583,0.0018467903137207031
227123,normal,3351,1,1782361272.624349,0.002190828323364258
227124,normal,2815,0,1782361272.6263118,0.0019626617431640625
227125,normal,1853,0,1782361272.6281404,0.0018286705017089844
227126,normal,571,0,1782361272.630356,0.0022156238555908203
227127,normal,2335,0,1782361272.632313,0.001956939697265625
227128,normal,453,0,1782361272.6341689,0.0018558502197265625
227129,normal,38,0,1782361272.6363766,0.0022077560424804688
227130,normal,2201,0,1782361272.6382997,0.0019230842590332031
227131,normal,3210,1,1782361272.640137,0.0018372535705566406
227132,normal,709,0,1782361272.6423552,0.0022182464599609375
227133,normal,3038,0,1782361272.644317,0.0019617080688476562
227134,normal,2626,0,1782361272.646154,0.001837015151977539
227135,normal,2159,0,1782361272.6483245,0.002170562744140625
227136,normal,2749,0,1782361272.650302,0.0019774436950683594
227137,normal,205,0,1782361272.6521406,0.00183868408203125
227138,normal,619,0,1782361272.6542995,0.0021588802337646484
227139,normal,3463,0,1782361272.6563218,0.002022266387939453
227140,normal,1487,0,1782361272.6581542,0.0018324851989746094
227141,normal,1824,0,1782361272.6603038,0.0021495819091796875
227142,normal,2143,0,1782361272.6621487,0.0018448829650878906
227143,normal,111,0,1782361272.6643167,0.002167940139770508
227144,normal,1795,0,1782361272.666169,0.001852273941040039
227145,normal,1212,0,1782361272.6683178,0.002148866653442383
227146,normal,3609,0,1782361272.6701672,0.0018494129180908203
227147,normal,3447,0,1782361272.6723099,0.002142667770385742
227148,normal,86,0,1782361272.6742942,0.0019843578338623047
227149,normal,87,0,1782361272.6761546,0.0018603801727294922
227150,normal,1052,0,1782361272.6783023,0.002147674560546875
227151,normal,3610,0,1782361272.6803105,0.002008199691772461
227152,normal,2732,0,1782361272.6821384,0.0018279552459716797
227153,normal,2147,0,1782361272.684313,0.0021746158599853516
227154,normal,3701,0,1782361272.6863215,0.0020084381103515625
227155,normal,2852,0,1782361272.6881545,0.0018329620361328125
227156,normal,2584,0,1782361272.6903005,0.002146005630493164
227157,normal,1649,0,1782361272.692318,0.002017498016357422
227158,normal,2073,0,1782361272.6941538,0.0018358230590820312
227159,normal,323,0,1782361272.6963184,0.002164602279663086
227160,normal,411,0,1782361272.6983204,0.0020020008087158203
227161,normal,3415,0,1782361272.7001536,0.001833200454711914
227162,normal,796,2,1782361272.7022965,0.0021429061889648438
227163,normal,2035,0,1782361272.704324,0.0020275115966796875
227164,normal,1840,0,1782361272.7061586,0.0018346309661865234
227165,normal,2701,0,1782361272.7083435,0.0021848678588867188
227166,normal,1988,0,1782361272.7103055,0.001961946487426758
227167,normal,1542,0,1782361272.7121346,0.0018291473388671875
227168,normal,460,0,1782361272.714324,0.0021893978118896484
227169,normal,1235,0,1782361272.7163167,0.0019927024841308594
227170,normal,1760,0,1782361272.718156,0.0018393993377685547
227171,normal,784,2,1782361272.7203329,0.0021767616271972656
227172,normal,2041,0,1782361272.7223163,0.0019834041595458984
227173,normal,2557,0,1782361272.7241693,0.0018529891967773438
227174,normal,2093,0,1782361272.7261765,0.0020072460174560547
227175,normal,2770,0,1782361272.728303,0.002126455307006836
227176,normal,614,0,1782361272.7301395,0.001836538314819336
227177,normal,1811,0,1782361272.7323341,0.002194643020629883
227178,normal,918,2,1782361272.7343142,0.0019800662994384766
227179,normal,164,0,1782361272.7361605,0.0018463134765625
227180,normal,1829,0,1782361272.7383351,0.0021746158599853516
227181,normal,227,0,1782361272.740316,0.0019807815551757812
227182,normal,2757,0,1782361272.7421608,0.0018448829650878906
227183,normal,1071,0,1782361272.7443,0.0021390914916992188
227184,normal,3303,1,1782361272.7463133,0.0020134449005126953
227185,normal,3705,0,1782361272.7481291,0.0018157958984375
227186,normal,2355,0,1782361272.7503085,0.002179384231567383
227187,normal,1474,0,1782361272.7523396,0.002031087875366211
227188,normal,326,0,1782361272.7541387,0.0017991065979003906
227189,normal,613,0,1782361272.7563412,0.0022025108337402344
227190,normal,2125,0,1782361272.7583265,0.001985311508178711
227191,normal,827,2,1782361272.760155,0.0018284320831298828
227192,normal,3327,1,1782361272.7623453,0.0021903514862060547
227193,normal,1770,0,1782361272.764323,0.001977682113647461
227194,normal,3682,0,1782361272.76616,0.001837015151977539
227195,normal,3627,0,1782361272.768298,0.002137899398803711
227196,normal,1677,0,1782361272.7703164,0.002018451690673828
227197,normal,214,0,1782361272.772153,0.001836538314819336
227198,normal,3594,0,1782361272.774347,0.0021941661834716797
227199,normal,223,0,1782361272.7763157,0.0019686222076416016
227200,normal,3155,1,1782361272.778152,0.0018362998962402344
227201,normal,1954,0,1782361272.7803571,0.0022051334381103516
227202,normal,1103,0,1782361272.7823186,0.0019614696502685547
227203,normal,2177,0,1782361272.7841535,0.001834869384765625
227204,normal,2027,0,1782361272.7863529,0.002199411392211914
227205,normal,2324,0,1782361272.7883153,0.001962423324584961
227206,normal,3500,0,1782361272.7901595,0.001844167709350586
227207,normal,1915,0,1782361272.7923555,0.002196073532104492
227208,normal,879,2,1782361272.794315,0.001959562301635742
227209,normal,2622,0,1782361272.7961557,0.0018405914306640625
227210,normal,1625,0,1782361272.7983582,0.0022025108337402344
227211,normal,2516,0,1782361272.8003128,0.0019545555114746094
227212,normal,2935,0,1782361272.8021562,0.0018434524536132812
227213,normal,3181,1,1782361272.8043754,0.0022192001342773438
227214,normal,3411,0,1782361272.8063016,0.0019261837005615234
227215,normal,2674,0,1782361272.8081357,0.0018341541290283203
227216,normal,1087,0,1782361272.8103619,0.002226114273071289
227217,normal,3154,1,1782361272.8123143,0.0019524097442626953
227218,normal,2085,0,1782361272.8141613,0.0018470287322998047
227219,normal,3332,1,1782361272.816363,0.0022017955780029297
227220,normal,3489,0,1782361272.818315,0.0019519329071044922
227221,normal,2,0,1782361272.8201537,0.00183868408203125
227222,normal,316,0,1782361272.822369,0.0022153854370117188
227223,normal,1758,0,1782361272.8243177,0.0019485950469970703
227224,normal,2900,0,1782361272.8261833,0.0018656253814697266
227225,normal,551,0,1782361272.828357,0.0021736621856689453
227226,normal,1149,0,1782361272.8303118,0.001954793930053711
227227,normal,884,2,1782361272.8321633,0.0018515586853027344
227228,normal,22,0,1782361272.8343823,0.002218961715698242
227229,normal,1054,0,1782361272.8363245,0.0019421577453613281
227230,normal,2216,0,1782361272.8381524,0.0018279552459716797
227231,normal,2941,0,1782361272.8403666,0.002214193344116211
227232,normal,3328,1,1782361272.8423164,0.0019497871398925781
227233,normal,2239,0,1782361272.8441517,0.0018353462219238281
227234,normal,2958,0,1782361272.8463,0.002148151397705078
227235,normal,1297,0,1782361272.8483195,0.002019643783569336
227236,normal,3076,1,1782361272.8501544,0.001834869384765625
227237,normal,2680,0,1782361272.8523562,0.0022017955780029297
227238,normal,2776,0,1782361272.8543193,0.0019631385803222656
227239,normal,112,0,1782361272.8561556,0.0018362998962402344
227240,normal,117,0,1782361272.8582978,0.002142190933227539
227241,normal,2682,0,1782361272.8603175,0.002019643783569336
227242,normal,2743,0,1782361272.862161,0.0018434524536132812
227243,normal,3570,0,1782361272.8643575,0.0021965503692626953
227244,normal,385,0,1782361272.8663192,0.0019617080688476562
227245,normal,2417,0,1782361272.868159,0.0018398761749267578
227246,normal,1584,0,1782361272.870302,0.0021429061889648438
227247,normal,791,2,1782361272.8723161,0.00201416015625
227248,normal,3593,0,1782361272.874152,0.0018358230590820312
227249,normal,1085,0,1782361272.8763602,0.002208232879638672
227250,normal,3676,0,1782361272.8783302,0.001970052719116211
227251,normal,92,0,1782361272.880135,0.0018048286437988281
227252,normal,621,0,1782361272.8822973,0.0021622180938720703
227253,normal,1482,0,1782361272.884319,0.00202178955078125
227254,normal,2554,0,1782361272.886155,0.0018358230590820312
227255,normal,2536,0,1782361272.8882978,0.0021429061889648438
227256,normal,2593,0,1782361272.8903172,0.0020194053649902344
227257,normal,2657,0,1782361272.8921561,0.0018389225006103516
227258,normal,2724,0,1782361272.8943007,0.0021445751190185547
227259,normal,3602,0,1782361272.8963184,0.0020177364349365234
227260,normal,1327,1,1782361272.8981538,0.0018353462219238281
227261,normal,801,2,1782361272.9003036,0.002149820327758789
227262,normal,1008,2,1782361272.902319,0.002015352249145508
227263,normal,2390,0,1782361272.9041526,0.0018336772918701172
227264,normal,2044,0,1782361272.9061701,0.002017498016357422
227265,normal,1218,0,1782361272.9083183,0.002148151397705078
227266,normal,3622,0,1782361272.910153,0.0018346309661865234
227267,normal,1505,0,1782361272.9123085,0.0021555423736572266
227268,normal,2312,0,1782361272.9143207,0.0020122528076171875
227269,normal,166,0,1782361272.9161541,0.0018334388732910156
227270,normal,1134,0,1782361272.9183006,0.002146482467651367
227271,normal,645,0,1782361272.9203176,0.0020170211791992188
227272,normal,3059,1,1782361272.9221606,0.0018429756164550781
227273,normal,1506,0,1782361272.9243135,0.0021529197692871094
227274,normal,790,2,1782361272.926317,0.0020034313201904297
227275,normal,1077,0,1782361272.9281523,0.0018353462219238281
227276,normal,1737,0,1782361272.9303296,0.0021772384643554688
227277,normal,132,0,1782361272.9323075,0.0019779205322265625
227278,normal,2074,0,1782361272.93414,0.0018324851989746094
227279,normal,1333,1,1782361272.936299,0.00215911865234375
227280,normal,1471,0,1782361272.9383192,0.002020120620727539
227281,normal,1521,0,1782361272.9401517,0.0018324851989746094
227282,normal,874,2,1782361272.9423208,0.0021691322326660156
227283,normal,1700,0,1782361272.9442852,0.0019643306732177734
227284,normal,2946,0,1782361272.9461606,0.0018754005432128906
227285,normal,160,0,1782361272.94847,0.002309560775756836
227286,normal,1387,0,1782361272.9501376,0.0016674995422363281
227287,normal,3208,1,1782361272.9523125,0.002174854278564453
227288,normal,1503,0,1782361272.9541566,0.001844167709350586
227289,normal,1195,0,1782361272.956319,0.002162456512451172
227290,normal,2500,0,1782361272.9581614,0.0018422603607177734
227291,normal,2000,0,1782361272.9603295,0.0021681785583496094
227292,normal,2464,0,1782361272.962317,0.001987457275390625
227293,normal,1858,0,1782361272.9641547,0.0018377304077148438
227294,normal,2081,0,1782361272.966333,0.002178192138671875
227295,normal,49,0,1782361272.9683163,0.0019834041595458984
227296,normal,1213,0,1782361272.9701557,0.0018393993377685547
227297,normal,2530,0,1782361272.9723346,0.0021789073944091797
227298,normal,2220,0,1782361272.974317,0.001982450485229492
227299,normal,3087,1,1782361272.9761546,0.0018374919891357422
227300,normal,2295,0,1782361272.9783359,0.0021812915802001953
227301,normal,335,0,1782361272.980314,0.001978158950805664
227302,normal,1891,0,1782361272.9821608,0.0018467903137207031
227303,normal,1757,0,1782361272.9843395,0.002178668975830078
227304,normal,1130,0,1782361272.9863157,0.0019762516021728516
227305,normal,2774,0,1782361272.9881544,0.00183868408203125
227306,normal,833,2,1782361272.9903393,0.0021848678588867188
227307,normal,2094,0,1782361272.9923215,0.0019822120666503906
227308,normal,2982,0,1782361272.9941525,0.0018310546875
227309,normal,1943,0,1782361272.9963431,0.0021905899047851562
227310,normal,3618,0,1782361272.9983137,0.001970529556274414
227311,normal,2524,0,1782361273.0001543,0.0018405914306640625
227312,normal,3576,0,1782361273.0023448,0.0021905899047851562
227313,normal,1959,0,1782361273.0043128,0.001967906951904297
227314,normal,463,0,1782361273.0061553,0.001842498779296875
227315,normal,930,2,1782361273.008298,0.002142667770385742
227316,normal,1452,0,1782361273.0103188,0.0020208358764648438
227317,normal,3085,1,1782361273.0121548,0.0018360614776611328
227318,normal,115,0,1782361273.0142999,0.002145051956176758
227319,normal,2304,0,1782361273.0163176,0.0020177364349365234
227320,normal,1059,0,1782361273.0181525,0.001834869384765625
227321,normal,2387,0,1782361273.0202992,0.0021467208862304688
227322,normal,2594,0,1782361273.0223224,0.0020232200622558594
227323,normal,2315,0,1782361273.024161,0.00183868408203125
227324,normal,3144,1,1782361273.0263553,0.0021941661834716797
227325,normal,2466,0,1782361273.0283146,0.0019593238830566406
227326,normal,1578,0,1782361273.0301538,0.0018391609191894531
227327,normal,410,0,1782361273.032355,0.0022013187408447266
227328,normal,1091,0,1782361273.034318,0.001962900161743164
227329,normal,2869,0,1782361273.0362267,0.0019087791442871094
227330,normal,1797,0,1782361273.0382264,0.0019996166229248047
227331,normal,1729,0,1782361273.0403602,0.0021338462829589844
227332,normal,1014,2,1782361273.042154,0.0017938613891601562
227333,normal,3288,1,1782361273.044307,0.0021529197692871094
227334,normal,1779,0,1782361273.046131,0.0018239021301269531
227335,normal,3196,1,1782361273.0483148,0.0021839141845703125
227336,normal,2639,0,1782361273.0502293,0.0019145011901855469
227337,normal,1662,0,1782361273.0523176,0.002088308334350586
227338,normal,1676,0,1782361273.0541294,0.0018117427825927734
227339,normal,3252,1,1782361273.0563867,0.0022573471069335938
227340,normal,3601,0,1782361273.058301,0.0019142627716064453
227341,normal,935,2,1782361273.0601375,0.001836538314819336
227342,normal,3186,1,1782361273.0622983,0.002160787582397461
227343,normal,2849,0,1782361273.0643203,0.0020220279693603516
227344,normal,1640,0,1782361273.066158,0.0018377304077148438
227345,normal,1990,0,1782361273.0683677,0.0022096633911132812
227346,normal,1706,0,1782361273.0703237,0.0019559860229492188
227347,normal,407,0,1782361273.0721536,0.0018298625946044922
227348,normal,2132,0,1782361273.0743139,0.002160310745239258
227349,normal,2655,0,1782361273.076318,0.0020041465759277344
227350,normal,524,0,1782361273.078154,0.0018360614776611328
227351,normal,342,0,1782361273.080385,0.0022308826446533203
227352,normal,1205,0,1782361273.082316,0.0019309520721435547
227353,normal,312,0,1782361273.0841534,0.0018374919891357422
227354,normal,2419,0,1782361273.086296,0.002142667770385742
227355,normal,618,0,1782361273.0883212,0.002025127410888672
227356,normal,2803,0,1782361273.0901542,0.0018329620361328125
227357,normal,258,0,1782361273.0922105,0.0020563602447509766
227358,normal,3655,0,1782361273.0943186,0.0021080970764160156
227359,normal,424,0,1782361273.0961566,0.0018379688262939453
227360,normal,985,2,1782361273.0982988,0.002142190933227539
227361,normal,848,2,1782361273.100319,0.002020120620727539
227362,normal,3515,0,1782361273.1021378,0.0018188953399658203
227363,normal,271,0,1782361273.1043718,0.0022339820861816406
227364,normal,2689,0,1782361273.1063168,0.0019450187683105469
227365,normal,3343,1,1782361273.10815,0.001833200454711914
227366,normal,195,0,1782361273.110159,0.0020089149475097656
227367,normal,2771,0,1782361273.1123207,0.002161741256713867
227368,normal,2189,0,1782361273.1141531,0.0018324851989746094
227369,normal,3703,0,1782361273.1163657,0.0022125244140625
227370,normal,852,2,1782361273.118317,0.0019512176513671875
227371,normal,1119,0,1782361273.1201549,0.0018379688262939453
227372,normal,1804,0,1782361273.1222968,0.0021419525146484375
227373,normal,1396,0,1782361273.124316,0.002019166946411133
227374,normal,3439,0,1782361273.1261618,0.0018458366394042969
227375,normal,3025,0,1782361273.1283,0.0021381378173828125
227376,normal,1345,1,1782361273.130316,0.0020160675048828125
227377,normal,3509,0,1782361273.1321554,0.0018393993377685547
227378,normal,806,2,1782361273.134301,0.002145528793334961
227379,normal,2848,0,1782361273.136319,0.002017974853515625
227380,normal,2097,0,1782361273.138153,0.0018341541290283203
227381,normal,2323,0,1782361273.1403062,0.002153158187866211
227382,normal,3647,0,1782361273.1421344,0.0018281936645507812
227383,normal,1263,0,1782361273.1443083,0.002173900604248047
227384,normal,43,0,1782361273.1461701,0.0018618106842041016
227385,normal,3553,0,1782361273.1483274,0.0021572113037109375
227386,normal,2691,0,1782361273.1501892,0.0018618106842041016
227387,normal,2913,0,1782361273.152327,0.002137899398803711
227388,normal,1992,0,1782361273.154304,0.0019769668579101562
227389,normal,2218,0,1782361273.1561348,0.0018308162689208984
227390,normal,896,2,1782361273.1583116,0.0021767616271972656
227391,normal,1450,0,1782361273.1603146,0.0020029544830322266
227392,normal,2308,0,1782361273.1621604,0.0018458366394042969
227393,normal,890,2,1782361273.1643126,0.0021522045135498047
227394,normal,1663,0,1782361273.1663158,0.002003192901611328
227395,normal,2484,0,1782361273.1681538,0.0018379688262939453
227396,normal,1842,0,1782361273.170318,0.002164125442504883
227397,normal,1773,0,1782361273.172317,0.0019991397857666016
227398,normal,3598,0,1782361273.1743567,0.002039670944213867
227399,normal,3051,1,1782361273.1762538,0.0018970966339111328
227400,normal,2134,0,1782361273.1784365,0.0021827220916748047
227401,normal,1074,0,1782361273.180391,0.0019545555114746094
227402,normal,2413,0,1782361273.1823373,0.0019462108612060547
227403,normal,3061,1,1782361273.1843023,0.001965045928955078
227404,normal,3284,1,1782361273.1861491,0.0018467903137207031
227405,normal,2300,0,1782361273.188079,0.0019299983978271484
227406,normal,2960,0,1782361273.1901174,0.002038240432739258
227407,normal,839,2,1782361273.192089,0.001971721649169922
227408,normal,3571,0,1782361273.1941342,0.002045154571533203
227409,normal,2156,0,1782361273.1961484,0.00201416015625
227410,normal,471,0,1782361273.1982067,0.002058267593383789
227411,normal,512,0,1782361273.200201,0.0019943714141845703
227412,normal,3112,1,1782361273.2022736,0.002072572708129883
227413,normal,2429,0,1782361273.2042556,0.001981973648071289
227414,normal,2908,0,1782361273.2061164,0.0018608570098876953
227415,normal,1632,0,1782361273.2083352,0.0022187232971191406
227416,normal,78,0,1782361273.2101214,0.0017862319946289062
227417,normal,3286,1,1782361273.2122312,0.0021097660064697266
227418,normal,2067,0,1782361273.2142348,0.0020036697387695312
227419,normal,1641,0,1782361273.2161915,0.0019567012786865234
227420,normal,1411,0,1782361273.218234,0.002042531967163086
227421,normal,2735,0,1782361273.2202146,0.0019805431365966797
227422,normal,3607,0,1782361273.2222292,0.002014636993408203
227423,normal,623,0,1782361273.2242184,0.001989126205444336
227424,normal,1126,0,1782361273.226377,0.002158641815185547
227425,normal,1331,1,1782361273.2282484,0.001871347427368164
227426,normal,3166,1,1782361273.2303534,0.0021049976348876953
227427,normal,2834,0,1782361273.2322264,0.001873016357421875
227428,normal,1438,0,1782361273.2340822,0.0018558502197265625
227429,normal,3384,1,1782361273.236656,0.002573728561401367
227430,normal,683,0,1782361273.238372,0.0017161369323730469
227431,normal,2805,0,1782361273.2404156,0.002043485641479492
227432,normal,3372,1,1782361273.2421718,0.0017561912536621094
227433,normal,511,0,1782361273.2442813,0.002109527587890625
227434,normal,955,2,1782361273.2461572,0.0018758773803710938
227435,normal,380,0,1782361273.2488728,0.002715587615966797
227436,normal,1480,0,1782361273.250153,0.0012803077697753906
227437,normal,1846,0,1782361273.252229,0.0020759105682373047
227438,normal,846,2,1782361273.2541463,0.0019173622131347656
227439,normal,939,2,1782361273.2562423,0.002095937728881836
227440,normal,2366,0,1782361273.2581198,0.0018775463104248047
227441,normal,2480,0,1782361273.260247,0.0021271705627441406
227442,normal,504,0,1782361273.262327,0.0020799636840820312
227443,normal,942,2,1782361273.264244,0.001917123794555664
227444,normal,3075,1,1782361273.2663286,0.002084493637084961
227445,normal,610,0,1782361273.2683198,0.00199127197265625
227446,normal,3448,0,1782361273.270132,0.0018122196197509766
227447,normal,3081,1,1782361273.272244,0.0021119117736816406
227448,normal,534,0,1782361273.2743084,0.0020644664764404297
227449,normal,832,2,1782361273.2762363,0.0019278526306152344
227450,normal,3256,1,1782361273.278347,0.002110719680786133
227451,normal,2033,0,1782361273.2803514,0.002004384994506836
227452,normal,1878,0,1782361273.2821987,0.0018472671508789062
227453,normal,2606,0,1782361273.2843544,0.002155780792236328
227454,normal,3510,0,1782361273.2863395,0.0019850730895996094
227455,normal,2070,0,1782361273.2881732,0.0018336772918701172
227456,normal,170,0,1782361273.2903357,0.002162456512451172
227457,normal,368,0,1782361273.2923217,0.0019860267639160156
227458,normal,2284,0,1782361273.2941241,0.0018024444580078125
227459,normal,2316,0,1782361273.2963164,0.002192258834838867
227460,normal,1064,0,1782361273.2985828,0.002266407012939453
227461,normal,2999,0,1782361273.3001876,0.0016047954559326172
227462,normal,1946,0,1782361273.3022826,0.0020949840545654297
227463,normal,378,0,1782361273.3044538,0.0021712779998779297
227464,normal,2385,0,1782361273.306391,0.0019371509552001953
227465,normal,466,0,1782361273.3082974,0.0019063949584960938
227466,normal,2015,0,1782361273.3104389,0.0021414756774902344
227467,normal,3541,0,1782361273.3124366,0.001997709274291992
227468,normal,2695,0,1782361273.3141572,0.0017206668853759766
227469,normal,1322,1,1782361273.3163178,0.0021605491638183594
227470,normal,3417,0,1782361273.3182075,0.0018897056579589844
227471,normal,1166,0,1782361273.3203163,0.0021088123321533203
227472,normal,249,0,1782361273.3224285,0.002112150192260742
227473,normal,3472,0,1782361273.324201,0.0017726421356201172
227474,normal,668,0,1782361273.326302,0.0021009445190429688
227475,normal,1216,0,1782361273.3282995,0.0019974708557128906
227476,normal,886,2,1782361273.3302217,0.0019221305847167969
227477,normal,2944,0,1782361273.3328333,0.0026116371154785156
227478,normal,458,0,1782361273.3344066,0.001573324203491211
227479,normal,446,0,1782361273.3361514,0.0017447471618652344
227480,normal,3525,0,1782361273.3383088,0.002157449722290039
227481,normal,2911,0,1782361273.34023,0.0019211769104003906
227482,normal,601,0,1782361273.3423297,0.002099752426147461
227483,normal,52,0,1782361273.3444247,0.0020949840545654297
227484,normal,1684,0,1782361273.3462844,0.0018596649169921875
227485,normal,2671,0,1782361273.3482165,0.0019321441650390625
227486,normal,75,0,1782361273.350253,0.002036571502685547
227487,normal,436,0,1782361273.352363,0.002110004425048828
227488,normal,3330,1,1782361273.354236,0.0018727779388427734
227489,normal,2617,0,1782361273.3564508,0.0022149085998535156
227490,normal,294,0,1782361273.3583941,0.001943349838256836
227491,normal,2531,0,1782361273.3602118,0.0018177032470703125
227492,normal,80,0,1782361273.3623028,0.002090930938720703
227493,normal,2277,0,1782361273.3644109,0.0021080970764160156
227494,normal,2060,0,1782361273.3664494,0.0020384788513183594
227495,normal,2062,0,1782361273.3684464,0.0019969940185546875
227496,normal,811,2,1782361273.3703494,0.0019030570983886719
227497,normal,21,0,1782361273.3721495,0.0018000602722167969
227498,normal,2219,0,1782361273.3744087,0.0022592544555664062
227499,normal,1993,0,1782361273.3763943,0.0019855499267578125
227500,normal,2761,0,1782361273.3782265,0.0018322467803955078
227501,normal,89,0,1782361273.3802505,0.002023935317993164
227502,normal,2563,0,1782361273.3823264,0.0020759105682373047
227503,normal,2986,0,1782361273.3842037,0.0018773078918457031
227504,normal,3290,1,1782361273.3862767,0.002073049545288086
227505,normal,1262,0,1782361273.3883324,0.002055644989013672
227506,normal,28,0,1782361273.3902245,0.00189208984375
227507,normal,1374,1,1782361273.3923173,0.0020928382873535156
227508,normal,2330,0,1782361273.3943398,0.0020225048065185547
227509,normal,3615,0,1782361273.3962638,0.0019240379333496094
227510,normal,2972,0,1782361273.3982828,0.0020189285278320312
227511,normal,1607,0,1782361273.4003394,0.002056598663330078
227512,normal,3114,1,1782361273.4021668,0.0018274784088134766
227513,normal,3534,0,1782361273.4043713,0.002204418182373047
227514,normal,3362,1,1782361273.4062684,0.0018970966339111328
227515,normal,525,0,1782361273.4083564,0.0020880699157714844
227516,normal,1448,0,1782361273.4101305,0.0017740726470947266
227517,normal,1726,0,1782361273.4123282,0.002197742462158203
227518,normal,979,2,1782361273.4142213,0.0018930435180664062
227519,normal,2605,0,1782361273.4163353,0.0021140575408935547
227520,normal,3514,0,1782361273.4183323,0.0019969940185546875
227521,normal,3566,0,1782361273.4201665,0.0018341541290283203
227522,normal,2517,0,1782361273.4223564,0.0021898746490478516
227523,normal,1484,0,1782361273.4243867,0.0020303726196289062
227524,normal,1933,0,1782361273.426216,0.0018291473388671875
227525,normal,1919,0,1782361273.4283125,0.0020966529846191406
227526,normal,3220,1,1782361273.4303212,0.002008676528930664
227527,normal,381,0,1782361273.432219,0.0018978118896484375
227528,normal,1343,1,1782361273.434312,0.002093076705932617
227529,normal,3157,1,1782361273.4363484,0.0020363330841064453
227530,normal,2436,0,1782361273.438263,0.0019145011901855469
227531,normal,2841,0,1782361273.4403737,0.002110719680786133
227532,normal,442,0,1782361273.442264,0.001890420913696289
227533,normal,1908,0,1782361273.4443095,0.0020453929901123047
227534,normal,3236,1,1782361273.4462316,0.0019221305847167969
227535,normal,2361,0,1782361273.448344,0.0021123886108398438
227536,normal,179,0,1782361273.450215,0.0018711090087890625
227537,normal,539,0,1782361273.4523284,0.00211334228515625
227538,normal,2519,0,1782361273.4543009,0.0019724369049072266
227539,normal,529,0,1782361273.4562628,0.001961946487426758
227540,normal,1273,0,1782361273.4582515,0.001988649368286133
227541,normal,3668,0,1782361273.4603958,0.002144336700439453
227542,normal,384,0,1782361273.4623177,0.0019218921661376953
227543,normal,2136,0,1782361273.4643345,0.002016782760620117
227544,normal,1081,0,1782361273.4664674,0.002132892608642578
227545,normal,966,2,1782361273.468416,0.0019485950469970703
227546,normal,441,0,1782361273.4702492,0.001833200454711914
227547,normal,438,0,1782361273.472314,0.0020647048950195312
227548,normal,3040,0,1782361273.474206,0.00189208984375
227549,normal,1125,0,1782361273.4763103,0.0021042823791503906
227550,normal,1295,0,1782361273.4784698,0.002159595489501953
227551,normal,293,0,1782361273.4802,0.001730203628540039
227552,normal,3203,1,1782361273.4823024,0.002102375030517578
227553,normal,345,0,1782361273.4843128,0.002010345458984375
227554,normal,3684,0,1782361273.4862049,0.00189208984375
227555,normal,1513,0,1782361273.4885294,0.0023245811462402344
227556,normal,2932,0,1782361273.4903207,0.001791238784790039
227557,normal,994,2,1782361273.4923372,0.0020165443420410156
227558,normal,2625,0,1782361273.4943488,0.002011537551879883
227559,normal,3011,0,1782361273.4963248,0.00197601318359375
227560,normal,2681,0,1782361273.4982326,0.0019078254699707031
227561,normal,3,0,1782361273.5003183,0.0020856857299804688
227562,normal,1806,0,1782361273.502347,0.0020287036895751953
227563,normal,3370,1,1782361273.5043995,0.0020525455474853516
227564,normal,2402,0,1782361273.5061336,0.001734018325805664
227565,normal,3573,0,1782361273.5083098,0.0021762847900390625
227566,normal,2223,0,1782361273.510214,0.0019042491912841797
227567,normal,2371,0,1782361273.5123386,0.0021245479583740234
227568,normal,1286,0,1782361273.5142245,0.0018858909606933594
227569,normal,2558,0,1782361273.5164115,0.002187013626098633
227570,normal,2202,0,1782361273.5182416,0.0018301010131835938
227571,normal,1717,0,1782361273.5203605,0.002118825912475586
227572,normal,1473,0,1782361273.5221589,0.001798391342163086
227573,normal,737,0,1782361273.5242753,0.0021164417266845703
227574,normal,3539,0,1782361273.5262306,0.001955270767211914
227575,normal,816,2,1782361273.5280795,0.0018489360809326172
227576,normal,3278,1,1782361273.5303304,0.0022509098052978516
227577,normal,3348,1,1782361273.5322914,0.0019609928131103516
227578,normal,2894,0,1782361273.5343935,0.0021021366119384766
227579,normal,2409,0,1782361273.5362482,0.0018546581268310547
227580,normal,322,0,1782361273.5384893,0.0022411346435546875
227581,normal,1575,0,1782361273.5401824,0.0016930103302001953
227582,normal,26,0,1782361273.5421312,0.0019488334655761719
227583,normal,2272,0,1782361273.5444357,0.002304553985595703
227584,normal,332,0,1782361273.5462716,0.0018358230590820312
227585,normal,218,0,1782361273.5482123,0.0019407272338867188
227586,normal,1436,0,1782361273.550281,0.002068758010864258
227587,normal,2351,0,1782361273.5522957,0.002014636993408203
227588,normal,3396,1,1782361273.554204,0.0019083023071289062
227589,normal,1426,0,1782361273.5562963,0.0020923614501953125
227590,normal,337,0,1782361273.5587277,0.0024313926696777344
227591,normal,1031,0,1782361273.5601196,0.0013918876647949219
227592,normal,2829,0,1782361273.5622633,0.0021436214447021484
227593,normal,2811,0,1782361273.5641136,0.0018503665924072266
227594,normal,7,0,1782361273.5662577,0.0021440982818603516
227595,normal,2375,0,1782361273.5682364,0.001978635787963867
227596,normal,692,0,1782361273.5701127,0.0018763542175292969
227597,normal,2871,0,1782361273.5722554,0.002142667770385742
227598,normal,2806,0,1782361273.5742333,0.0019779205322265625
227599,normal,1470,0,1782361273.5762837,0.0020503997802734375
227600,normal,2165,0,1782361273.578123,0.0018393993377685547
227601,normal,3488,0,1782361273.5802233,0.002100229263305664
227602,normal,804,2,1782361273.582101,0.0018777847290039062
227603,normal,2101,0,1782361273.5842168,0.0021157264709472656
227604,normal,1274,0,1782361273.586209,0.0019922256469726562
227605,normal,3143,1,1782361273.5881608,0.0019516944885253906
227606,normal,1704,0,1782361273.5902534,0.002092599868774414
227607,normal,1791,0,1782361273.5923102,0.0020568370819091797
227608,normal,2397,0,1782361273.5941143,0.0018041133880615234
227609,normal,1801,0,1782361273.596237,0.002122640609741211
227610,normal,2660,0,1782361273.5982752,0.002038240432739258
227611,normal,180,0,1782361273.6000931,0.001817941665649414
227612,normal,3616,0,1782361273.602213,0.002119779586791992
227613,normal,2104,0,1782361273.6042094,0.0019965171813964844
227614,normal,100,0,1782361273.6061785,0.0019690990447998047
227615,normal,1585,0,1782361273.6081736,0.001995086669921875
227616,normal,2857,0,1782361273.610309,0.0021352767944335938
227617,normal,2567,0,1782361273.612145,0.0018360614776611328
227618,normal,505,0,1782361273.6142097,0.0020647048950195312
227619,normal,246,0,1782361273.6162276,0.002017974853515625
227620,normal,1009,2,1782361273.6181083,0.001880645751953125
227621,normal,2957,0,1782361273.620224,0.0021157264709472656
227622,normal,1984,0,1782361273.6222599,0.002035856246948242
227623,normal,727,0,1782361273.6241004,0.0018405914306640625
227624,normal,3209,1,1782361273.62616,0.002059459686279297
227625,normal,2322,0,1782361273.628152,0.0019919872283935547
227626,normal,3137,1,1782361273.6301055,0.001953601837158203
227627,normal,2731,0,1782361273.6321812,0.002075672149658203
227628,normal,2262,0,1782361273.634169,0.001987934112548828
227629,normal,3547,0,1782361273.6360645,0.0018954277038574219
227630,normal,440,0,1782361273.63814,0.0020754337310791016
227631,normal,1715,0,1782361273.6402178,0.002077817916870117
227632,normal,2213,0,1782361273.642272,0.0020542144775390625
227633,normal,1528,0,1782361273.6442642,0.0019922256469726562
227634,normal,1403,0,1782361273.6462219,0.0019576549530029297
227635,normal,2842,0,1782361273.6480837,0.0018618106842041016
227636,normal,2840,0,1782361273.6501591,0.0020754337310791016
227637,normal,2616,0,1782361273.6521635,0.002004384994506836
227638,normal,39,0,1782361273.6541243,0.00196075439453125
227639,normal,1016,2,1782361273.6561766,0.00205230712890625
227640,normal,2669,0,1782361273.6581604,0.0019838809967041016
227641,normal,2546,0,1782361273.6600735,0.0019130706787109375
227642,normal,328,0,1782361273.6621544,0.0020809173583984375
227643,normal,1135,0,1782361273.6641765,0.0020220279693603516
227644,normal,356,0,1782361273.6661174,0.0019409656524658203
227645,normal,956,2,1782361273.6682458,0.0021283626556396484
227646,normal,678,0,1782361273.6701953,0.0019495487213134766
227647,normal,1242,0,1782361273.6721275,0.0019321441650390625
227648,normal,2814,0,1782361273.6742127,0.0020852088928222656
227649,normal,536,0,1782361273.6763022,0.0020895004272460938
227650,normal,690,0,1782361273.6781912,0.0018889904022216797
227651,normal,639,0,1782361273.6801424,0.0019512176513671875
227652,normal,1229,0,1782361273.6824422,0.002299785614013672
227653,normal,247,0,1782361273.6843655,0.0019233226776123047
227654,normal,1999,0,1782361273.6861799,0.0018143653869628906
227655,normal,679,0,1782361273.6882114,0.002031564712524414
227656,normal,2433,0,1782361273.6901126,0.0019011497497558594
227657,normal,1175,0,1782361273.6921875,0.0020749568939208984
227658,normal,85,0,1782361273.6942043,0.002016782760620117
227659,normal,2307,0,1782361273.6961112,0.0019068717956542969
227660,normal,1140,0,1782361273.6981323,0.0020210742950439453
227661,normal,3449,0,1782361273.700297,0.0021648406982421875
227662,normal,2196,0,1782361273.702115,0.001817941665649414
227663,normal,870,2,1782361273.7041981,0.0020830631256103516
227664,normal,1259,0,1782361273.7062278,0.0020296573638916016
227665,normal,2504,0,1782361273.7081642,0.0019364356994628906
227666,normal,3669,0,1782361273.7102199,0.002055644989013672
227667,normal,1725,0,1782361273.7122262,0.0020062923431396484
227668,normal,1207,0,1782361273.7141395,0.001913309097290039
227669,normal,2853,0,1782361273.716215,0.0020754337310791016
227670,normal,652,0,1782361273.7182302,0.002015352249145508
227671,normal,1084,0,1782361273.7201195,0.0018892288208007812
227672,normal,3117,1,1782361273.7221112,0.001991748809814453
227673,normal,3182,1,1782361273.7241988,0.0020875930786132812
227674,normal,2659,0,1782361273.7261071,0.0019083023071289062
227675,normal,3552,0,1782361273.7281966,0.0020895004272460938
227676,normal,2205,0,1782361273.7302039,0.0020072460174560547
227677,normal,2940,0,1782361273.7321362,0.001932382583618164
227678,normal,255,0,1782361273.7342017,0.002065420150756836
227679,normal,3551,0,1782361273.73618,0.0019783973693847656
227680,normal,3027,0,1782361273.7380972,0.001917123794555664
227681,normal,2369,0,1782361273.740194,0.002096891403198242
227682,normal,2187,0,1782361273.7421794,0.001985311508178711
227683,normal,2346,0,1782361273.7441113,0.001931905746459961
227684,normal,1538,0,1782361273.7461262,0.0020148754119873047
227685,normal,1042,0,1782361273.748505,0.0023789405822753906
227686,normal,1313,0,1782361273.7501657,0.0016605854034423828
227687,normal,1502,0,1782361273.7523208,0.0021550655364990234
227688,normal,19,0,1782361273.7542996,0.0019788742065429688
227689,normal,2095,0,1782361273.7561417,0.0018420219421386719
227690,normal,1619,0,1782361273.7582598,0.0021181106567382812
227691,normal,1359,1,1782361273.7602718,0.002012014389038086
227692,normal,2257,0,1782361273.7621999,0.001928091049194336
227693,normal,2148,0,1782361273.76436,0.0021600723266601562
227694,normal,408,0,1782361273.7663224,0.001962423324584961
227695,normal,977,2,1782361273.7682557,0.0019333362579345703
227696,normal,3580,0,1782361273.7703638,0.0021080970764160156
227697,normal,2175,0,1782361273.7724655,0.0021016597747802734
227698,normal,488,0,1782361273.7741609,0.001695394515991211
227699,normal,1485,0,1782361273.7763436,0.0021827220916748047
227700,normal,2332,0,1782361273.778368,0.002024412155151367
227701,normal,3702,0,1782361273.7801666,0.0017986297607421875
227702,normal,2793,0,1782361273.782267,0.0021004676818847656
227703,normal,1892,0,1782361273.784272,0.002004861831665039
227704,normal,1076,0,1782361273.7862058,0.0019338130950927734
227705,normal,3309,1,1782361273.7883275,0.0021216869354248047
227706,normal,1871,0,1782361273.7902656,0.0019381046295166016
227707,normal,222,0,1782361273.7922044,0.0019388198852539062
227708,normal,580,0,1782361273.7942607,0.0020563602447509766
227709,normal,1812,0,1782361273.7962728,0.002012014389038086
227710,normal,825,2,1782361273.798393,0.0021202564239501953
227711,normal,2232,0,1782361273.8001795,0.0017864704132080078
227712,normal,1332,1,1782361273.8024113,0.0022318363189697266
227713,normal,393,0,1782361273.8041692,0.0017578601837158203
227714,normal,330,0,1782361273.8062735,0.0021042823791503906
227715,normal,3363,1,1782361273.8082874,0.0020139217376708984
227716,normal,2142,0,1782361273.810228,0.0019407272338867188
227717,normal,3195,1,1782361273.8123808,0.002152681350708008
227718,normal,2045,0,1782361273.814426,0.002045154571533203
227719,normal,1845,0,1782361273.8163772,0.0019512176513671875
227720,normal,3354,1,1782361273.8182688,0.0018916130065917969
227721,normal,215,0,1782361273.820268,0.0019991397857666016
227722,normal,964,2,1782361273.8222408,0.0019729137420654297
227723,normal,1921,0,1782361273.8242788,0.0020380020141601562
227724,normal,414,0,1782361273.8262944,0.0020155906677246094
227725,normal,3092,1,1782361273.8281434,0.0018489360809326172
227726,normal,3333,1,1782361273.830282,0.0021386146545410156
227727,normal,1596,0,1782361273.832351,0.0020689964294433594
227728,normal,1859,0,1782361273.834618,0.002267122268676758
227729,normal,1241,0,1782361273.8363566,0.0017385482788085938
227730,normal,401,0,1782361273.8382354,0.0018787384033203125
227731,normal,1051,0,1782361273.8403018,0.002066373825073242
227732,normal,3621,0,1782361273.842386,0.0020842552185058594
227733,normal,1105,0,1782361273.8443775,0.0019915103912353516
227734,normal,1114,0,1782361273.846257,0.0018794536590576172
227735,normal,1391,0,1782361273.848303,0.0020461082458496094
227736,normal,1599,0,1782361273.8502696,0.0019664764404296875
227737,normal,1067,0,1782361273.852246,0.001976490020751953
227738,normal,351,0,1782361273.8542619,0.002015829086303711
227739,normal,654,0,1782361273.8562803,0.002018451690673828
227740,normal,3096,1,1782361273.8582184,0.0019381046295166016
227741,normal,2054,0,1782361273.860236,0.002017498016357422
227742,normal,1885,0,1782361273.8622763,0.002040386199951172
227743,normal,1432,0,1782361273.8642385,0.0019621849060058594
227744,normal,2507,0,1782361273.8662932,0.0020546913146972656
227745,normal,3347,1,1782361273.8683243,0.002031087875366211
227746,normal,1953,0,1782361273.8702655,0.0019412040710449219
227747,normal,1013,2,1782361273.8722823,0.002016782760620117
227748,normal,2690,0,1782361273.8742986,0.002016305923461914
227749,normal,2839,0,1782361273.8762457,0.001947164535522461
227750,normal,1444,0,1782361273.878316,0.002070188522338867
227751,normal,2425,0,1782361273.880323,0.002007007598876953
227752,normal,635,0,1782361273.882219,0.0018961429595947266
227753,normal,2953,0,1782361273.8842752,0.002056121826171875
227754,normal,1481,0,1782361273.8862808,0.0020055770874023438
227755,normal,175,0,1782361273.8882384,0.0019576549530029297
227756,normal,3538,0,1782361273.890238,0.0019996166229248047
227757,normal,3211,1,1782361273.892293,0.002054929733276367
227758,normal,1287,0,1782361273.8942251,0.0019321441650390625
227759,normal,2408,0,1782361273.896397,0.0021719932556152344
227760,normal,2754,0,1782361273.8982978,0.0019006729125976562
227761,normal,2562,0,1782361273.9002275,0.0019297599792480469
227762,normal,1342,1,1782361273.9022553,0.002027750015258789
227763,normal,2772,0,1782361273.9042714,0.0020160675048828125
227764,normal,230,0,1782361273.9061987,0.0019273757934570312
227765,normal,2004,0,1782361273.9082823,0.0020835399627685547
227766,normal,2980,0,1782361273.9103274,0.002045154571533203
227767,normal,2241,0,1782361273.9122531,0.0019257068634033203
227768,normal,736,0,1782361273.9143414,0.002088308334350586
227769,normal,1765,0,1782361273.9163187,0.001977205276489258
227770,normal,1782,0,1782361273.9182436,0.0019249916076660156
227771,normal,98,0,1782361273.9202764,0.002032756805419922
227772,normal,1347,1,1782361273.922274,0.001997709274291992
227773,normal,3407,0,1782361273.9242065,0.001932382583618164
227774,normal,2133,0,1782361273.9262137,0.0020072460174560547
227775,normal,2140,0,1782361273.9282875,0.0020737648010253906
227776,normal,256,0,1782361273.9302514,0.0019638538360595703
227777,normal,1982,0,1782361273.9322984,0.0020470619201660156
227778,normal,864,2,1782361273.9342933,0.0019948482513427734
227779,normal,191,0,1782361273.9362743,0.001981019973754883
227780,normal,1197,0,1782361273.9383707,0.002096414566040039
227781,normal,535,0,1782361273.940434,0.002063274383544922
227782,normal,3542,0,1782361273.9422092,0.0017752647399902344
227783,normal,2426,0,1782361273.9442475,0.002038240432739258
227784,normal,1349,1,1782361273.946296,0.002048492431640625
227785,normal,2286,0,1782361273.9482002,0.0019042491912841797
227786,normal,947,2,1782361273.950259,0.002058744430541992
227787,normal,8,0,1782361273.9523177,0.002058744430541992
227788,normal,3530,0,1782361273.954197,0.0018792152404785156
227789,normal,1967,0,1782361273.956256,0.0020589828491210938
227790,normal,2863,0,1782361273.958258,0.0020020008087158203
227791,normal,3320,1,1782361273.960199,0.0019412040710449219
227792,normal,1836,0,1782361273.9623818,0.0021827220916748047
227793,normal,2885,0,1782361273.9643703,0.0019884109497070312
227794,normal,2934,0,1782361273.9663532,0.0019829273223876953
227795,normal,2725,0,1782361273.9681733,0.0018200874328613281
227796,normal,1003,2,1782361273.9702933,0.0021200180053710938
227797,normal,3387,1,1782361273.9722216,0.0019283294677734375
227798,normal,1442,0,1782361273.9742894,0.0020678043365478516
227799,normal,1021,2,1782361273.9763427,0.0020532608032226562
227800,normal,2865,0,1782361273.978265,0.0019223690032958984
227801,normal,1912,0,1782361273.9802544,0.0019893646240234375
227802,normal,108,0,1782361273.982288,0.0020334720611572266
227803,normal,1614,0,1782361273.9842396,0.0019516944885253906
227804,normal,589,0,1782361273.9862812,0.0020415782928466797
227805,normal,2767,0,1782361273.9883049,0.0020236968994140625
227806,normal,133,0,1782361273.9903042,0.001999378204345703
227807,normal,208,0,1782361273.9923155,0.0020112991333007812
227808,normal,1566,0,1782361273.9943461,0.002030611038208008
227809,normal,2424,0,1782361273.9962735,0.0019273757934570312
227810,normal,615,0,1782361273.998322,0.002048492431640625
227811,normal,3435,0,1782361274.0003324,0.002010345458984375
227812,normal,3502,0,1782361274.002134,0.0018017292022705078
227813,normal,3611,0,1782361274.004278,0.00214385986328125
227814,normal,574,0,1782361274.0063066,0.0020287036895751953
227815,normal,2434,0,1782361274.008258,0.001951456069946289
227816,normal,1401,0,1782361274.0103176,0.002059459686279297
227817,normal,1550,0,1782361274.0123436,0.002026081085205078
227818,normal,1675,0,1782361274.0143275,0.0019838809967041016
227819,normal,587,0,1782361274.0161629,0.0018353462219238281
227820,normal,1692,0,1782361274.018296,0.0021331310272216797
227821,normal,1849,0,1782361274.0204048,0.0021088123321533203
227822,normal,1909,0,1782361274.0224993,0.0020945072174072266
227823,normal,1590,0,1782361274.0243657,0.0018663406372070312
227824,normal,1530,0,1782361274.0262206,0.0018548965454101562
227825,normal,1518,0,1782361274.0282726,0.0020520687103271484
227826,normal,2017,0,1782361274.0303428,0.002070188522338867
227827,normal,262,0,1782361274.032282,0.0019392967224121094
227828,normal,3337,1,1782361274.0344768,0.002194643020629883
227829,normal,3281,1,1782361274.036293,0.0018162727355957031
227830,normal,3353,1,1782361274.0381582,0.0018651485443115234
227831,normal,90,0,1782361274.0403454,0.0021872520446777344
227832,normal,419,0,1782361274.0423129,0.0019674301147460938
227833,normal,948,2,1782361274.0442567,0.001943826675415039
227834,normal,590,0,1782361274.0463073,0.002050638198852539
227835,normal,395,0,1782361274.0483124,0.0020051002502441406
227836,normal,3519,0,1782361274.0503907,0.0020782947540283203
227837,normal,686,0,1782361274.0522468,0.001856088638305664
227838,normal,1698,0,1782361274.0543287,0.0020818710327148438
227839,normal,2796,0,1782361274.0562305,0.001901865005493164
227840,normal,501,0,1782361274.0582845,0.002053976058959961
227841,normal,660,0,1782361274.060316,0.002031564712524414
227842,normal,2942,0,1782361274.0622241,0.0019080638885498047
227843,normal,713,0,1782361274.0642812,0.0020570755004882812
227844,normal,1116,0,1782361274.0662975,0.002016305923461914
227845,normal,2353,0,1782361274.068254,0.001956462860107422
227846,normal,1898,0,1782361274.0703292,0.0020751953125
227847,normal,406,0,1782361274.0723586,0.0020294189453125
227848,normal,1510,0,1782361274.0741565,0.0017979145050048828
227849,normal,1381,1,1782361274.0762854,0.0021288394927978516
227850,normal,978,2,1782361274.078306,0.002020597457885742
227851,normal,129,0,1782361274.0802407,0.0019347667694091797
227852,normal,3558,0,1782361274.0822732,0.0020325183868408203
227853,normal,3638,0,1782361274.0842962,0.002022981643676758
227854,normal,2370,0,1782361274.0861225,0.0018262863159179688
227855,normal,388,0,1782361274.0883505,0.0022280216217041016
227856,normal,876,2,1782361274.09032,0.001969575881958008
227857,normal,687,0,1782361274.0921805,0.0018603801727294922
227858,normal,3589,0,1782361274.0943675,0.002187013626098633
227859,normal,1735,0,1782361274.096462,0.0020945072174072266
227860,normal,1617,0,1782361274.098186,0.0017240047454833984
227861,normal,923,2,1782361274.1003501,0.002164125442504883
227862,normal,3675,0,1782361274.1023605,0.002010345458984375
227863,normal,1413,0,1782361274.1042027,0.0018422603607177734
227864,normal,2451,0,1782361274.1062253,0.0020225048065185547
227865,normal,3263,1,1782361274.1083035,0.0020782947540283203
227866,normal,856,2,1782361274.1101217,0.0018181800842285156
227867,normal,287,0,1782361274.11227,0.0021483898162841797
227868,normal,2114,0,1782361274.1143405,0.0020704269409179688
227869,normal,40,0,1782361274.1161468,0.0018062591552734375
227870,normal,118,0,1782361274.1182928,0.002146005630493164
227871,normal,3707,0,1782361274.1202755,0.0019826889038085938
227872,normal,48,0,1782361274.1222386,0.0019631385803222656
227873,normal,1509,0,1782361274.1243029,0.002064228057861328
227874,normal,467,0,1782361274.126657,0.002354145050048828
227875,normal,3225,1,1782361274.128197,0.0015399456024169922
227876,normal,858,2,1782361274.1302924,0.002095460891723633
227877,normal,3512,0,1782361274.1322975,0.0020051002502441406
227878,normal,911,2,1782361274.1342247,0.0019271373748779297
227879,normal,1533,0,1782361274.1362836,0.0020589828491210938
227880,normal,2301,0,1782361274.1383448,0.002061128616333008
227881,normal,3224,1,1782361274.14024,0.0018951892852783203
227882,normal,2966,0,1782361274.1422782,0.002038240432739258
227883,normal,1571,0,1782361274.1442983,0.002020120620727539
227884,normal,3385,1,1782361274.14625,0.0019516944885253906
227885,normal,1382,0,1782361274.1482928,0.0020427703857421875
227886,normal,2791,0,1782361274.1504633,0.002170562744140625
227887,normal,844,2,1782361274.1523285,0.0018651485443115234
227888,normal,1468,0,1782361274.1543055,0.0019769668579101562
227889,normal,3062,1,1782361274.1563025,0.0019969940185546875
227890,normal,594,0,1782361274.158143,0.0018405914306640625
227891,normal,742,0,1782361274.1604393,0.0022962093353271484
227892,normal,1058,0,1782361274.1624095,0.0019702911376953125
227893,normal,226,0,1782361274.1642911,0.0018815994262695312
227894,normal,2975,0,1782361274.1662917,0.002000570297241211
227895,normal,2441,0,1782361274.1685052,0.0022134780883789062
227896,normal,1230,0,1782361274.1703124,0.0018072128295898438
227897,normal,76,0,1782361274.1723604,0.002048015594482422
227898,normal,3153,1,1782361274.174327,0.0019664764404296875
227899,normal,2522,0,1782361274.1762404,0.0019135475158691406
227900,normal,1852,0,1782361274.1783195,0.002079010009765625
227901,normal,2040,0,1782361274.18033,0.0020105838775634766
227902,normal,233,0,1782361274.1821442,0.001814126968383789
227903,normal,767,0,1782361274.184336,0.002191781997680664
227904,normal,1404,0,1782361274.1863372,0.0020012855529785156
227905,normal,2748,0,1782361274.1881392,0.0018019676208496094
227906,normal,1176,0,1782361274.1903508,0.0022115707397460938
227907,normal,780,2,1782361274.1923888,0.0020380020141601562
227908,normal,817,2,1782361274.1942887,0.0018999576568603516
227909,normal,1651,0,1782361274.1963844,0.0020956993103027344
227910,normal,1072,0,1782361274.1982083,0.0018239021301269531
227911,normal,1353,1,1782361274.2003522,0.00214385986328125
227912,normal,2529,0,1782361274.2022858,0.0019335746765136719
227913,normal,1486,0,1782361274.2044005,0.0021147727966308594
227914,normal,31,0,1782361274.2062502,0.0018496513366699219
227915,normal,67,0,1782361274.2083254,0.0020751953125
227916,normal,3418,0,1782361274.2103415,0.0020160675048828125
227917,normal,1045,0,1782361274.2122438,0.0019023418426513672
227918,normal,274,0,1782361274.2143302,0.0020864009857177734
227919,normal,2899,0,1782361274.2163453,0.0020151138305664062
227920,normal,3392,1,1782361274.218238,0.0018928050994873047
227921,normal,2974,0,1782361274.2203531,0.002115011215209961
227922,normal,1497,0,1782361274.2223897,0.002036571502685547
227923,normal,2977,0,1782361274.2242858,0.0018961429595947266
227924,normal,1604,0,1782361274.2263384,0.0020525455474853516
227925,normal,2729,0,1782361274.2283566,0.0020182132720947266
227926,normal,3680,0,1782361274.230236,0.0018794536590576172
227927,normal,2225,0,1782361274.2323432,0.0021071434020996094
227928,normal,1219,0,1782361274.2343526,0.0020093917846679688
227929,normal,2106,0,1782361274.2362568,0.0019042491912841797
227930,normal,973,2,1782361274.2383733,0.0021164417266845703
227931,normal,924,2,1782361274.2405314,0.0021581649780273438
227932,normal,3171,1,1782361274.2422135,0.0016820430755615234
227933,normal,2157,0,1782361274.2443593,0.0021457672119140625
227934,normal,152,0,1782361274.2463708,0.002011537551879883
227935,normal,893,2,1782361274.2482681,0.0018973350524902344
227936,normal,3579,0,1782361274.2503407,0.002072572708129883
227937,normal,575,0,1782361274.2523315,0.001990795135498047
227938,normal,1928,0,1782361274.2542427,0.001911163330078125
227939,normal,2022,0,1782361274.2563756,0.002132892608642578
227940,normal,2333,0,1782361274.2583957,0.002020120620727539
227941,normal,473,0,1782361274.2601693,0.0017735958099365234
227942,normal,3623,0,1782361274.2624302,0.002260923385620117
227943,normal,905,2,1782361274.2644725,0.0020422935485839844
227944,normal,273,0,1782361274.26624,0.0017673969268798828
227945,normal,562,0,1782361274.268483,0.0022430419921875
227946,normal,492,0,1782361274.2703025,0.001819610595703125
227947,normal,1799,0,1782361274.2723863,0.0020837783813476562
227948,normal,3270,1,1782361274.2743332,0.0019469261169433594
227949,normal,2340,0,1782361274.276336,0.002002716064453125
227950,normal,3438,0,1782361274.278237,0.0019011497497558594
227951,normal,2756,0,1782361274.2803483,0.002111196517944336
227952,normal,604,0,1782361274.282326,0.001977682113647461
227953,normal,1367,1,1782361274.2843876,0.002061605453491211
227954,normal,3619,0,1782361274.2861261,0.0017385482788085938
227955,normal,2029,0,1782361274.2883327,0.002206563949584961
227956,normal,2204,0,1782361274.2902176,0.0018849372863769531
227957,normal,1360,1,1782361274.2923343,0.002116680145263672
227958,normal,464,0,1782361274.2946947,0.0023603439331054688
227959,normal,3427,0,1782361274.2962463,0.0015516281127929688
227960,normal,609,0,1782361274.2983818,0.0021355152130126953
227961,normal,3429,0,1782361274.3004587,0.002076864242553711
227962,normal,3400,1,1782361274.302135,0.001676321029663086
227963,normal,3537,0,1782361274.3043401,0.0022051334381103516
227964,normal,2997,0,1782361274.306347,0.0020067691802978516
227965,normal,3130,1,1782361274.3082483,0.001901388168334961
227966,normal,1580,0,1782361274.3104174,0.0021691322326660156
227967,normal,182,0,1782361274.312348,0.0019304752349853516
227968,normal,3469,0,1782361274.314226,0.0018780231475830078
227969,normal,3625,0,1782361274.316338,0.002112150192260742
227970,normal,2501,0,1782361274.3183525,0.0020143985748291016
227971,normal,1454,0,1782361274.3202527,0.0019001960754394531
227972,normal,1311,0,1782361274.3223555,0.0021028518676757812
227973,normal,3251,1,1782361274.3243608,0.002005338668823242
227974,normal,1160,0,1782361274.3262277,0.0018668174743652344
227975,normal,2665,0,1782361274.3282652,0.002037525177001953
227976,normal,1918,0,1782361274.3304937,0.0022284984588623047
227977,normal,485,0,1782361274.332715,0.002221345901489258
227978,normal,1418,0,1782361274.3341691,0.0014541149139404297
227979,normal,2246,0,1782361274.3363292,0.0021600723266601562
227980,normal,3486,0,1782361274.338425,0.0020956993103027344
227981,normal,2967,0,1782361274.3403127,0.0018877983093261719
227982,normal,2764,0,1782361274.3424037,0.002090930938720703
227983,normal,2672,0,1782361274.3444304,0.002026796340942383
227984,normal,2824,0,1782361274.34634,0.001909494400024414
227985,normal,936,2,1782361274.3483472,0.0020072460174560547
227986,normal,44,0,1782361274.3501172,0.00177001953125
227987,normal,1965,0,1782361274.3521194,0.002002239227294922
227988,normal,1268,0,1782361274.354254,0.002134561538696289
227989,normal,3382,1,1782361274.356121,0.001867055892944336
227990,normal,2178,0,1782361274.358253,0.002131938934326172
227991,normal,2875,0,1782361274.360231,0.0019779205322265625
227992,normal,569,0,1782361274.3620992,0.0018682479858398438
227993,normal,2963,0,1782361274.3642325,0.0021333694458007812
227994,normal,481,0,1782361274.3662772,0.002044677734375
227995,normal,2628,0,1782361274.368161,0.0018837451934814453
227996,normal,1027,2,1782361274.3702908,0.002129793167114258
227997,normal,413,0,1782361274.3722074,0.001916646957397461
227998,normal,2933,0,1782361274.3741229,0.0019154548645019531
227999,normal,2162,0,1782361274.3762531,0.002130270004272461
228000,normal,880,2,1782361274.3782856,0.0020325183868408203
228001,normal,2068,0,1782361274.3801427,0.0018570423126220703
228002,normal,3221,1,1782361274.382223,0.002080202102661133
228003,normal,1171,0,1782361274.384244,0.0020210742950439453
228004,normal,2905,0,1782361274.386181,0.0019371509552001953
228005,normal,289,0,1782361274.3882296,0.002048492431640625
228006,normal,1944,0,1782361274.3902485,0.0020189285278320312
228007,normal,1462,0,1782361274.3921113,0.0018627643585205078
228008,normal,2238,0,1782361274.394251,0.0021398067474365234
228009,normal,3403,0,1782361274.3962557,0.0020046234130859375
228010,normal,2122,0,1782361274.3981621,0.0019063949584960938
228011,normal,364,0,1782361274.4015865,0.003424406051635742
228012,normal,2882,0,1782361274.402102,0.0005154609680175781
228013,normal,225,0,1782361274.4041126,0.0020105838775634766
228014,normal,2750,0,1782361274.4062364,0.0021238327026367188
228015,normal,3628,0,1782361274.4082441,0.002007722854614258
228016,normal,487,0,1782361274.4101248,0.001880645751953125
228017,normal,3352,1,1782361274.4122958,0.002171039581298828
228018,normal,1093,0,1782361274.414318,0.002022266387939453
228019,normal,1719,0,1782361274.4171803,0.002862215042114258
228020,normal,802,2,1782361274.4181814,0.001001119613647461
228021,normal,1970,0,1782361274.4203498,0.002168416976928711
228022,normal,1552,0,1782361274.4221516,0.0018017292022705078
228023,normal,2006,0,1782361274.4243531,0.002201557159423828
228024,normal,3442,0,1782361274.4263537,0.002000570297241211
228025,normal,3229,1,1782361274.4282525,0.0018987655639648438
228026,normal,1178,0,1782361274.4303355,0.0020830631256103516
228027,normal,3586,0,1782361274.4323425,0.002007007598876953
228028,normal,1931,0,1782361274.434273,0.0019304752349853516
228029,normal,1496,0,1782361274.4364107,0.0021376609802246094
228030,normal,2514,0,1782361274.4383564,0.0019457340240478516
228031,normal,3635,0,1782361274.4403112,0.001954793930053711
228032,normal,2990,0,1782361274.4423392,0.0020279884338378906
228033,normal,1500,0,1782361274.4443808,0.0020415782928466797
228034,normal,2580,0,1782361274.446361,0.001980304718017578
228035,normal,2910,0,1782361274.4483013,0.0019402503967285156
228036,normal,3065,1,1782361274.4504921,0.002190828323364258
228037,normal,3402,0,1782361274.4521487,0.0016565322875976562
228038,normal,1292,0,1782361274.4543376,0.0021889209747314453
228039,normal,379,0,1782361274.4563265,0.0019888877868652344
228040,normal,2442,0,1782361274.4582403,0.0019137859344482422
228041,normal,2647,0,1782361274.4604554,0.002215147018432617
228042,normal,1005,2,1782361274.4622355,0.0017800331115722656
228043,normal,2807,0,1782361274.4643402,0.0021047592163085938
228044,normal,315,0,1782361274.466228,0.0018877983093261719
228045,normal,3089,1,1782361274.468337,0.002109050750732422
228046,normal,2461,0,1782361274.4703264,0.0019893646240234375
228047,normal,2280,0,1782361274.4723363,0.002009868621826172
228048,normal,146,0,1782361274.4744306,0.002094268798828125
228049,normal,1245,0,1782361274.4764104,0.001979827880859375
228050,normal,2716,0,1782361274.4781568,0.0017464160919189453
228051,normal,657,0,1782361274.4803348,0.0021779537200927734
228052,normal,1210,0,1782361274.4822361,0.001901388168334961
228053,normal,2588,0,1782361274.4843626,0.002126455307006836
228054,normal,187,0,1782361274.486378,0.002015352249145508
228055,normal,2244,0,1782361274.4882739,0.001895904541015625
228056,normal,1568,0,1782361274.490343,0.002069234848022461
228057,normal,1380,1,1782361274.4923387,0.001995563507080078
228058,normal,1086,0,1782361274.4942338,0.0018951892852783203
228059,normal,2226,0,1782361274.4963474,0.0021135807037353516
228060,normal,57,0,1782361274.4983573,0.002009868621826172
228061,normal,636,0,1782361274.500259,0.0019016265869140625
228062,normal,3674,0,1782361274.5024781,0.0022192001342773438
228063,normal,1144,0,1782361274.5042522,0.0017740726470947266
228064,normal,1384,0,1782361274.5063832,0.0021309852600097656
228065,normal,3308,1,1782361274.5083222,0.0019390583038330078
228066,normal,2453,0,1782361274.5103688,0.0020465850830078125
228067,normal,2256,0,1782361274.512223,0.0018541812896728516
228068,normal,2222,0,1782361274.514348,0.0021250247955322266
228069,normal,314,0,1782361274.5163336,0.0019855499267578125
228070,normal,2120,0,1782361274.5182562,0.001922607421875
228071,normal,3548,0,1782361274.520364,0.002107858657836914
228072,normal,3420,0,1782361274.5224059,0.0020418167114257812
228073,normal,3446,0,1782361274.524342,0.001936197280883789
228074,normal,522,0,1782361274.5262544,0.0019123554229736328
228075,normal,595,0,1782361274.5283349,0.0020804405212402344
228076,normal,2248,0,1782361274.53016,0.001825094223022461
228077,normal,1565,0,1782361274.5324173,0.0022573471069335938
228078,normal,2909,0,1782361274.534522,0.0021047592163085938
228079,normal,3151,1,1782361274.536332,0.001809835433959961
228080,normal,2783,0,1782361274.538309,0.001977205276489258
228081,normal,1082,0,1782361274.54034,0.0020308494567871094
228082,normal,1656,0,1782361274.5422132,0.0018732547760009766
228083,normal,1896,0,1782361274.5443347,0.002121448516845703
228084,normal,122,0,1782361274.5467482,0.002413511276245117
228085,normal,723,0,1782361274.5482457,0.001497507095336914
228086,normal,3556,0,1782361274.5503416,0.002095937728881836
228087,normal,3624,0,1782361274.5522718,0.00193023681640625
228088,normal,786,2,1782361274.5542712,0.001999378204345703
228089,normal,212,0,1782361274.556258,0.0019867420196533203
228090,normal,347,0,1782361274.5583656,0.0021076202392578125
228091,normal,1476,0,1782361274.560266,0.0019004344940185547
228092,normal,474,0,1782361274.5623543,0.002088308334350586
228093,normal,1385,0,1782361274.5643475,0.0019931793212890625
228094,normal,3064,1,1782361274.5662873,0.0019397735595703125
228095,normal,1720,0,1782361274.5683405,0.0020532608032226562
228096,normal,950,2,1782361274.5703452,0.0020046234130859375
228097,normal,1986,0,1782361274.572246,0.0019009113311767578
228098,normal,1843,0,1782361274.5743496,0.002103567123413086
228099,normal,228,0,1782361274.576328,0.0019783973693847656
228100,normal,1645,0,1782361274.5781598,0.0018317699432373047
228101,normal,2090,0,1782361274.5803642,0.002204418182373047
228102,normal,3433,0,1782361274.5823865,0.002022266387939453
228103,normal,720,0,1782361274.584343,0.001956462860107422
228104,normal,3491,0,1782361274.5861583,0.0018153190612792969
228105,normal,1793,0,1782361274.588379,0.002220630645751953
228106,normal,2327,0,1782361274.5902743,0.0018954277038574219
228107,normal,3690,0,1782361274.5923703,0.002095937728881836
228108,normal,2169,0,1782361274.5943224,0.0019521713256835938
228109,normal,2509,0,1782361274.5962458,0.0019233226776123047
228110,normal,3140,1,1782361274.5982459,0.002000093460083008
228111,normal,3003,0,1782361274.6003487,0.0021028518676757812
228112,normal,3378,1,1782361274.6022882,0.001939535140991211
228113,normal,1759,0,1782361274.6043947,0.0021064281463623047
228114,normal,1609,0,1782361274.6064494,0.0020546913146972656
228115,normal,142,0,1782361274.6082485,0.0017991065979003906
228116,normal,2269,0,1782361274.6104836,0.0022351741790771484
228117,normal,703,0,1782361274.6123059,0.0018222332000732422
228118,normal,1198,0,1782361274.614454,0.002148151397705078
228119,normal,1670,0,1782361274.6163075,0.0018534660339355469
228120,normal,1043,0,1782361274.6183844,0.002076864242553711
228121,normal,3007,0,1782361274.62022,0.0018355846405029297
228122,normal,1466,0,1782361274.6222422,0.002022266387939453
228123,normal,1137,0,1782361274.6243277,0.002085447311401367
228124,normal,1752,0,1782361274.6262815,0.0019538402557373047
228125,normal,1378,1,1782361274.628349,0.00206756591796875
228126,normal,808,2,1782361274.6303344,0.001985311508178711
228127,normal,1711,0,1782361274.6322227,0.001888275146484375
228128,normal,3146,1,1782361274.6343243,0.0021016597747802734
228129,normal,1151,0,1782361274.636347,0.0020227432250976562
228130,normal,2828,0,1782361274.6387208,0.0023736953735351562
228131,normal,771,0,1782361274.6403794,0.0016586780548095703
228132,normal,920,2,1782361274.642366,0.0019865036010742188
228133,normal,3699,0,1782361274.6442294,0.0018634796142578125
228134,normal,897,2,1782361274.6463377,0.002108335494995117
228135,normal,219,0,1782361274.6483407,0.0020029544830322266
228136,normal,1475,0,1782361274.6502655,0.001924753189086914
228137,normal,2336,0,1782361274.652579,0.0023136138916015625
228138,normal,1060,0,1782361274.6542258,0.0016467571258544922
228139,normal,3052,1,1782361274.6563303,0.002104520797729492
228140,normal,1976,0,1782361274.6582353,0.0019049644470214844
228141,normal,3709,0,1782361274.6603446,0.0021092891693115234
228142,normal,1435,0,1782361274.6622472,0.0019025802612304688
228143,normal,809,2,1782361274.6644511,0.0022039413452148438
228144,normal,2856,0,1782361274.6664503,0.0019991397857666016
228145,normal,1154,0,1782361274.668278,0.0018277168273925781
228146,normal,2245,0,1782361274.6703885,0.0021104812622070312
228147,normal,1794,0,1782361274.6724238,0.002035379409790039
228148,normal,1669,0,1782361274.6742153,0.0017914772033691406
228149,normal,2928,0,1782361274.6766343,0.002418994903564453
228150,normal,3567,0,1782361274.6783645,0.001730203628540039
228151,normal,327,0,1782361274.6801715,0.0018069744110107422
228152,normal,113,0,1782361274.6824658,0.002294301986694336
228153,normal,3020,0,1782361274.684517,0.002051115036010742
228154,normal,818,2,1782361274.6861885,0.0016715526580810547
228155,normal,2684,0,1782361274.6883216,0.0021331310272216797
228156,normal,1917,0,1782361274.690321,0.001999378204345703
228157,normal,2083,0,1782361274.6921291,0.00180816650390625
228158,normal,358,0,1782361274.694332,0.002202749252319336
228159,normal,2395,0,1782361274.6963327,0.0020008087158203125
228160,normal,3503,0,1782361274.6982298,0.0018970966339111328
228161,normal,952,2,1782361274.7003348,0.0021049976348876953
228162,normal,1681,0,1782361274.702337,0.002002239227294922
228163,normal,2007,0,1782361274.7042546,0.0019176006317138672
228164,normal,1276,0,1782361274.7063806,0.002125978469848633
228165,normal,530,0,1782361274.7084055,0.0020248889923095703
228166,normal,975,2,1782361274.710256,0.0018506050109863281
228167,normal,2874,0,1782361274.7123368,0.002080678939819336
228168,normal,2042,0,1782361274.7143807,0.0020439624786376953
228169,normal,3639,0,1782361274.7162716,0.0018908977508544922
228170,normal,3697,0,1782361274.7183979,0.0021262168884277344
228171,normal,758,0,1782361274.7203496,0.0019516944885253906
228172,normal,2571,0,1782361274.722227,0.0018775463104248047
228173,normal,1248,0,1782361274.7243292,0.0021021366119384766
228174,normal,1920,0,1782361274.7263389,0.0020096302032470703
228175,normal,2492,0,1782361274.7282374,0.0018985271453857422
228176,normal,1250,0,1782361274.7303371,0.002099752426147461
228177,normal,1251,0,1782361274.7323456,0.0020084381103515625
228178,normal,2281,0,1782361274.734257,0.0019114017486572266
228179,normal,3451,0,1782361274.7363687,0.002111673355102539
228180,normal,3356,1,1782361274.738387,0.002018451690673828
228181,normal,3028,0,1782361274.7402406,0.0018534660339355469
228182,normal,830,2,1782361274.7423384,0.0020978450775146484
228183,normal,2506,0,1782361274.7443573,0.0020189285278320312
228184,normal,1132,0,1782361274.746359,0.0020017623901367188
228185,normal,2318,0,1782361274.748243,0.0018839836120605469
228186,normal,3054,1,1782361274.7504685,0.0022253990173339844
228187,normal,1563,0,1782361274.7522736,0.0018050670623779297
228188,normal,2034,0,1782361274.754459,0.002185344696044922
228189,normal,1243,0,1782361274.7564201,0.001961231231689453
228190,normal,1372,1,1782361274.758157,0.0017368793487548828
228191,normal,3561,0,1782361274.7602503,0.0020933151245117188
228192,normal,353,0,1782361274.7623737,0.0021233558654785156
228193,normal,168,0,1782361274.7642348,0.0018610954284667969
228194,normal,3612,0,1782361274.7663288,0.0020940303802490234
228195,normal,3667,0,1782361274.7683365,0.002007722854614258
228196,normal,2167,0,1782361274.770235,0.0018985271453857422
228197,normal,1800,0,1782361274.7723114,0.002076387405395508
228198,normal,650,0,1782361274.7743697,0.002058267593383789
228199,normal,847,2,1782361274.7762918,0.0019221305847167969
228200,normal,1686,0,1782361274.7784681,0.0021762847900390625
228201,normal,1346,1,1782361274.780435,0.0019669532775878906
228202,normal,1063,0,1782361274.7823422,0.0019071102142333984
228203,normal,3574,0,1782361274.784208,0.0018658638000488281
228204,normal,403,0,1782361274.786481,0.0022728443145751953
228205,normal,3474,0,1782361274.7882626,0.0017817020416259766
228206,normal,3285,1,1782361274.7902234,0.00196075439453125
228207,normal,3235,1,1782361274.7923253,0.002101898193359375
228208,normal,861,2,1782361274.7942255,0.0019001960754394531
228209,normal,1558,0,1782361274.7963269,0.002101421356201172
228210,normal,1777,0,1782361274.7984452,0.002118349075317383
228211,normal,1325,1,1782361274.8001266,0.0016813278198242188
228212,normal,1255,0,1782361274.802321,0.0021944046020507812
228213,normal,731,0,1782361274.8043227,0.0020017623901367188
228214,normal,1722,0,1782361274.8062248,0.0019021034240722656
228215,normal,2727,0,1782361274.8086298,0.002404928207397461
228216,normal,2971,0,1782361274.810328,0.0016982555389404297
228217,normal,1107,0,1782361274.8121853,0.0018572807312011719
228218,normal,15,0,1782361274.8144155,0.0022301673889160156
228219,normal,186,0,1782361274.816343,0.0019276142120361328
228220,normal,3670,0,1782361274.8182364,0.0018932819366455078
228221,normal,1460,0,1782361274.820342,0.002105712890625
228222,normal,1120,0,1782361274.8223455,0.0020034313201904297
228223,normal,2582,0,1782361274.8244362,0.0020906925201416016
228224,normal,1153,0,1782361274.8262036,0.0017673969268798828
228225,normal,3544,0,1782361274.8283124,0.0021088123321533203
228226,normal,97,0,1782361274.8302312,0.001918792724609375
228227,normal,2231,0,1782361274.8323374,0.002106189727783203
228228,normal,2668,0,1782361274.8343422,0.002004861831665039
228229,normal,1194,0,1782361274.8362558,0.0019135475158691406
228230,normal,2578,0,1782361274.8383877,0.002131938934326172
228231,normal,1094,0,1782361274.8403542,0.0019664764404296875
228232,normal,2291,0,1782361274.8422394,0.0018851757049560547
228233,normal,2334,0,1782361274.844533,0.0022935867309570312
228234,normal,6,0,1782361274.8467503,0.0022172927856445312
228235,normal,3605,0,1782361274.8481884,0.001438140869140625
228236,normal,3191,1,1782361274.850323,0.002134561538696289
228237,normal,2363,0,1782361274.8525774,0.002254486083984375
228238,normal,1158,0,1782361274.8543205,0.0017430782318115234
228239,normal,3321,1,1782361274.8564186,0.00209808349609375
228240,normal,586,0,1782361274.8586588,0.0022401809692382812
228241,normal,3274,1,1782361274.8603172,0.0016584396362304688
228242,normal,855,2,1782361274.8622282,0.0019109249114990234
228243,normal,3564,0,1782361274.8643405,0.0021123886108398438
228244,normal,3665,0,1782361274.8662324,0.0018918514251708984
228245,normal,139,0,1782361274.8683376,0.002105236053466797
228246,normal,162,0,1782361274.870337,0.001999378204345703
228247,normal,2566,0,1782361274.8722425,0.0019054412841796875
228248,normal,1189,0,1782361274.8743396,0.0020971298217773438
228249,normal,1583,0,1782361274.8763397,0.002000093460083008
228250,normal,2028,0,1782361274.878262,0.0019223690032958984
228251,normal,3554,0,1782361274.88037,0.002107858657836914
228252,normal,2490,0,1782361274.882391,0.0020210742950439453
228253,normal,2919,0,1782361274.884253,0.0018620491027832031
228254,normal,1323,1,1782361274.8863497,0.0020966529846191406
228255,normal,2337,0,1782361274.8883777,0.0020279884338378906
228256,normal,1335,1,1782361274.890286,0.0019083023071289062
228257,normal,2377,0,1782361274.8923924,0.0021064281463623047
228258,normal,1559,0,1782361274.8943453,0.0019528865814208984
228259,normal,2184,0,1782361274.8962271,0.0018818378448486328
228260,normal,2229,0,1782361274.8983338,0.0021066665649414062
228261,normal,1564,0,1782361274.9003377,0.002003908157348633
228262,normal,1927,0,1782361274.9022503,0.0019125938415527344
228263,normal,3280,1,1782361274.904349,0.0020987987518310547
228264,normal,192,0,1782361274.9063659,0.002016782760620117
228265,normal,2233,0,1782361274.9082494,0.0018835067749023438
228266,normal,2168,0,1782361274.9104118,0.002162456512451172
228267,normal,2601,0,1782361274.9123409,0.0019290447235107422
228268,normal,1788,0,1782361274.91425,0.001909017562866211
228269,normal,1557,0,1782361274.916338,0.0020880699157714844
228270,normal,3205,1,1782361274.9183536,0.0020155906677246094
228271,normal,3637,0,1782361274.9202344,0.0018808841705322266
228272,normal,868,2,1782361274.9223485,0.0021140575408935547
228273,normal,3131,1,1782361274.9243882,0.002039670944213867
228274,normal,2354,0,1782361274.9262815,0.0018932819366455078
228275,normal,2113,0,1782361274.928377,0.002095460891723633
228276,normal,244,0,1782361274.930259,0.0018820762634277344
228277,normal,3037,0,1782361274.9323363,0.002077341079711914
228278,normal,3508,0,1782361274.9342506,0.0019142627716064453
228279,normal,2163,0,1782361274.9363613,0.002110719680786133
228280,normal,2449,0,1782361274.9382398,0.001878499984741211
228281,normal,1498,0,1782361274.940333,0.002093076705932617
228282,normal,1903,0,1782361274.9423532,0.0020203590393066406
228283,normal,2313,0,1782361274.9441469,0.0017936229705810547
228284,normal,3073,1,1782361274.9463983,0.0022513866424560547
228285,normal,1499,0,1782361274.9484074,0.002009153366088867
228286,normal,2651,0,1782361274.9501758,0.001768350601196289
228287,normal,5,0,1782361274.9524474,0.0022716522216796875
228288,normal,3080,1,1782361274.9544678,0.0020203590393066406
228289,normal,3159,1,1782361274.9562898,0.0018219947814941406
228290,normal,93,0,1782361274.958455,0.0021653175354003906
228291,normal,1646,0,1782361274.960459,0.002003908157348633
228292,normal,3678,0,1782361274.9623158,0.0018568038940429688
228293,normal,147,0,1782361274.964255,0.0019392967224121094
228294,normal,3240,1,1782361274.9663398,0.0020847320556640625
228295,normal,603,0,1782361274.9682326,0.0018928050994873047
228296,normal,2568,0,1782361274.9703772,0.0021445751190185547
228297,normal,254,0,1782361274.9723763,0.0019991397857666016
228298,normal,3581,0,1782361274.9741294,0.001753091812133789
228299,normal,1340,1,1782361274.9763348,0.002205371856689453
228300,normal,430,0,1782361274.9783256,0.001990795135498047
228301,normal,3102,1,1782361274.9802356,0.0019099712371826172
228302,normal,1236,0,1782361274.982492,0.0022563934326171875
228303,normal,2190,0,1782361274.9843817,0.0018897056579589844
228304,normal,1979,0,1782361274.9863217,0.001940011978149414
228305,normal,1029,2,1782361274.988297,0.0019752979278564453
228306,normal,2173,0,1782361274.9903479,0.0020508766174316406
228307,normal,824,2,1782361274.9922352,0.0018873214721679688
228308,normal,2945,0,1782361274.9943647,0.0021295547485351562
228309,normal,3506,0,1782361274.996353,0.0019881725311279297
228310,normal,1553,0,1782361274.998389,0.0020360946655273438
228311,normal,3124,1,1782361275.0001607,0.001771688461303711
228312,normal,451,0,1782361275.0023367,0.002176046371459961
228313,normal,1754,0,1782361275.0042357,0.0018990039825439453
228314,normal,1911,0,1782361275.0063486,0.002112865447998047
228315,normal,992,2,1782361275.0083523,0.0020036697387695312
228316,normal,1950,0,1782361275.010357,0.0020046234130859375
228317,normal,2020,0,1782361275.0123343,0.0019774436950683594
228318,normal,1017,2,1782361275.0143876,0.0020532608032226562
228319,normal,3099,1,1782361275.0166008,0.0022132396697998047
228320,normal,3249,1,1782361275.0183659,0.0017650127410888672
228321,normal,1136,0,1782361275.0204155,0.002049684524536133
228322,normal,2797,0,1782361275.0222013,0.0017857551574707031
228323,normal,2043,0,1782361275.024339,0.0021376609802246094
228324,normal,2985,0,1782361275.0263216,0.0019826889038085938
228325,normal,104,0,1782361275.0282423,0.0019207000732421875
228326,normal,1118,0,1782361275.0303357,0.0020933151245117188
228327,normal,3055,1,1782361275.0323942,0.0020585060119628906
228328,normal,2816,0,1782361275.034297,0.0019028186798095703
228329,normal,3672,0,1782361275.0364108,0.002113819122314453
228330,normal,344,0,1782361275.0384884,0.0020775794982910156
228331,normal,2089,0,1782361275.0401444,0.0016560554504394531
228332,normal,2002,0,1782361275.0423193,0.002174854278564453
228333,normal,2341,0,1782361275.0445201,0.0022008419036865234
228334,normal,2800,0,1782361275.0464625,0.0019423961639404297
228335,normal,11,0,1782361275.0483541,0.0018916130065917969
228336,normal,1227,0,1782361275.0503109,0.0019567012786865234
228337,normal,3242,1,1782361275.0522578,0.0019469261169433594
228338,normal,3082,1,1782361275.0542872,0.0020294189453125
228339,normal,3158,1,1782361275.0562954,0.002008199691772461
228340,normal,2404,0,1782361275.058275,0.0019795894622802734
228341,normal,2861,0,1782361275.0603404,0.002065420150756836
228342,normal,1455,0,1782361275.0622518,0.0019114017486572266
228343,normal,3100,1,1782361275.0641952,0.001943349838256836
228344,normal,1443,0,1782361275.0662942,0.0020990371704101562
228345,normal,491,0,1782361275.0682359,0.001941680908203125
228346,normal,3425,0,1782361275.0702047,0.001968860626220703
228347,normal,1743,0,1782361275.0722437,0.0020389556884765625
228348,normal,749,0,1782361275.0742776,0.0020339488983154297
228349,normal,3326,1,1782361275.0761743,0.0018966197967529297
228350,normal,1504,0,1782361275.0781667,0.001992464065551758
228351,normal,1237,0,1782361275.0802944,0.0021276473999023438
228352,normal,2643,0,1782361275.0822315,0.0019371509552001953
228353,normal,1529,0,1782361275.0842433,0.0020117759704589844
228354,normal,1441,0,1782361275.0862627,0.0020194053649902344
228355,normal,1784,0,1782361275.08821,0.0019474029541015625
228356,normal,1217,0,1782361275.0902374,0.002027273178100586
228357,normal,3207,1,1782361275.0922792,0.0020418167114257812
228358,normal,1161,0,1782361275.0942364,0.0019571781158447266
228359,normal,2137,0,1782361275.0963607,0.002124309539794922
228360,normal,3227,1,1782361275.0982687,0.0019080638885498047
228361,normal,2623,0,1782361275.1003368,0.002068042755126953
228362,normal,232,0,1782361275.1022453,0.0019085407257080078
228363,normal,901,2,1782361275.1042345,0.001989126205444336
228364,normal,2100,0,1782361275.1062062,0.001971721649169922
228365,normal,3139,1,1782361275.1082406,0.002034425735473633
228366,normal,1220,0,1782361275.1102195,0.0019788742065429688
228367,normal,198,0,1782361275.112245,0.002025604248046875
228368,normal,1650,0,1782361275.114248,0.0020029544830322266
228369,normal,799,2,1782361275.116434,0.0021860599517822266
228370,normal,202,0,1782361275.1182966,0.0018625259399414062
228371,normal,2686,0,1782361275.12047,0.0021734237670898438
228372,normal,415,0,1782361275.122397,0.0019268989562988281
228373,normal,1644,0,1782361275.1242745,0.0018775463104248047
228374,normal,3010,0,1782361275.1263242,0.002049684524536133
228375,normal,204,0,1782361275.1283221,0.0019979476928710938
228376,normal,2615,0,1782361275.1301522,0.0018301010131835938
228377,normal,1971,0,1782361275.132253,0.002100706100463867
228378,normal,2102,0,1782361275.134211,0.001958131790161133
228379,normal,1603,0,1782361275.1362314,0.0020203590393066406
228380,normal,803,2,1782361275.1382687,0.0020372867584228516
228381,normal,1267,0,1782361275.1402874,0.0020186901092529297
228382,normal,318,0,1782361275.1422124,0.0019249916076660156
228383,normal,396,0,1782361275.1442406,0.002028226852416992
228384,normal,452,0,1782361275.1462088,0.0019681453704833984
228385,normal,2293,0,1782361275.148079,0.0018701553344726562
228386,normal,3128,1,1782361275.150194,0.002115011215209961
228387,normal,1969,0,1782361275.1524925,0.002298593521118164
228388,normal,1515,0,1782361275.1541352,0.0016427040100097656
228389,normal,997,2,1782361275.156249,0.002113819122314453
228390,normal,748,0,1782361275.158279,0.002029895782470703
228391,normal,937,2,1782361275.1602416,0.0019626617431640625
228392,normal,2860,0,1782361275.1622436,0.0020020008087158203
228393,normal,432,0,1782361275.164316,0.0020723342895507812
228394,normal,1710,0,1782361275.166216,0.0018999576568603516
228395,normal,2904,0,1782361275.1682389,0.002022981643676758
228396,normal,1244,0,1782361275.1702383,0.001999378204345703
228397,normal,770,0,1782361275.1722133,0.0019750595092773438
228398,normal,3461,0,1782361275.1742413,0.0020279884338378906
228399,normal,764,0,1782361275.1764147,0.0021734237670898438
228400,normal,1089,0,1782361275.178228,0.0018131732940673828
228401,normal,1138,0,1782361275.1802866,0.002058744430541992
228402,normal,266,0,1782361275.1823516,0.002064943313598633
228403,normal,2247,0,1782361275.1842399,0.001888275146484375
228404,normal,1007,2,1782361275.1862845,0.002044677734375
228405,normal,3555,0,1782361275.1883185,0.0020339488983154297
228406,normal,3398,1,1782361275.1903212,0.002002716064453125
228407,normal,3009,0,1782361275.1921885,0.0018672943115234375
228408,normal,2267,0,1782361275.1944072,0.0022187232971191406
228409,normal,2197,0,1782361275.1962378,0.0018305778503417969
228410,normal,2572,0,1782361275.1982248,0.001986980438232422
228411,normal,73,0,1782361275.200285,0.0020601749420166016
228412,normal,1264,0,1782361275.2020936,0.0018086433410644531
228413,normal,828,2,1782361275.2042224,0.0021288394927978516
228414,normal,390,0,1782361275.2062957,0.0020732879638671875
228415,normal,1012,2,1782361275.2080953,0.0017995834350585938
228416,normal,3572,0,1782361275.2102418,0.002146482467651367
228417,normal,2678,0,1782361275.2123628,0.0021209716796875
228418,normal,1536,0,1782361275.214233,0.0018701553344726562
228419,normal,366,0,1782361275.2163444,0.0021114349365234375
228420,normal,2432,0,1782361275.2182398,0.0018954277038574219
228421,normal,596,0,1782361275.2202458,0.002006053924560547
228422,normal,2059,0,1782361275.222294,0.0020482540130615234
228423,normal,1618,0,1782361275.224345,0.0020508766174316406
228424,normal,1687,0,1782361275.2261517,0.0018067359924316406
228425,normal,3122,1,1782361275.2283704,0.0022187232971191406
228426,normal,2925,0,1782361275.2303624,0.0019919872283935547
228427,normal,2328,0,1782361275.2322888,0.001926422119140625
228428,normal,627,0,1782361275.234261,0.001972198486328125
228429,normal,772,2,1782361275.2363286,0.00206756591796875
228430,normal,2021,0,1782361275.238174,0.0018453598022460938
228431,normal,2259,0,1782361275.2401652,0.00199127197265625
228432,normal,976,2,1782361275.2423255,0.002160310745239258
228433,normal,2788,0,1782361275.2442255,0.0018999576568603516
228434,normal,508,0,1782361275.2462325,0.002007007598876953
228435,normal,2547,0,1782361275.2483015,0.0020689964294433594
228436,normal,1727,0,1782361275.2501223,0.0018208026885986328
228437,normal,3527,0,1782361275.252249,0.0021266937255859375
228438,normal,2172,0,1782361275.2543275,0.002078533172607422
228439,normal,1127,0,1782361275.2561598,0.0018322467803955078
228440,normal,153,0,1782361275.258248,0.002088308334350586
228441,normal,3190,1,1782361275.2602963,0.0020482540130615234
228442,normal,969,2,1782361275.2622087,0.0019123554229736328
228443,normal,60,0,1782361275.2642562,0.0020475387573242188
228444,normal,334,0,1782361275.2663434,0.002087116241455078
228445,normal,2171,0,1782361275.2683954,0.0020520687103271484
228446,normal,1199,0,1782361275.27011,0.001714468002319336
228447,normal,1036,0,1782361275.2722614,0.0021514892578125
228448,normal,1308,0,1782361275.2742443,0.0019829273223876953
228449,normal,1463,0,1782361275.276244,0.0019996166229248047
228450,normal,611,0,1782361275.278291,0.0020470619201660156
228451,normal,2713,0,1782361275.2802155,0.0019245147705078125
228452,normal,1307,0,1782361275.282256,0.002040386199951172
228453,normal,1388,0,1782361275.2842607,0.002004861831665039
228454,normal,1879,0,1782361275.286236,0.0019752979278564453
228455,normal,3046,1,1782361275.2882423,0.0020062923431396484
228456,normal,2613,0,1782361275.2902482,0.0020058155059814453
228457,normal,732,0,1782361275.2922761,0.0020279884338378906
228458,normal,1638,0,1782361275.294282,0.0020058155059814453
228459,normal,3441,0,1782361275.2962775,0.001995563507080078
228460,normal,967,2,1782361275.2981908,0.001913309097290039
228461,normal,121,0,1782361275.300289,0.00209808349609375
228462,normal,475,0,1782361275.3022752,0.001986265182495117
228463,normal,2574,0,1782361275.3040926,0.001817464828491211
228464,normal,371,0,1782361275.3063004,0.0022077560424804688
228465,normal,2854,0,1782361275.3082185,0.0019180774688720703
228466,normal,2740,0,1782361275.3102896,0.0020711421966552734
228467,normal,1184,0,1782361275.3120935,0.0018038749694824219
228468,normal,2474,0,1782361275.3142424,0.002148866653442383
228469,normal,2463,0,1782361275.316142,0.00189971923828125
228470,normal,1981,0,1782361275.3182282,0.002086162567138672
228471,normal,3457,0,1782361275.3203874,0.00215911865234375
228472,normal,3549,0,1782361275.3222215,0.0018341541290283203
228473,normal,1973,0,1782361275.3242517,0.0020301342010498047
228474,normal,1253,0,1782361275.326423,0.0021712779998779297
228475,normal,3331,1,1782361275.328118,0.0016951560974121094
228476,normal,1057,0,1782361275.3302617,0.0021436214447021484
228477,normal,3050,1,1782361275.3322558,0.0019941329956054688
228478,normal,917,2,1782361275.3342438,0.001987934112548828
228479,normal,3423,0,1782361275.3362348,0.0019910335540771484
228480,normal,1540,0,1782361275.338467,0.002232074737548828
228481,normal,1266,0,1782361275.3401074,0.0016405582427978516
228482,normal,1926,0,1782361275.34234,0.0022325515747070312
228483,normal,2311,0,1782361275.3443236,0.001983642578125
228484,normal,1312,0,1782361275.346244,0.001920461654663086
228485,normal,465,0,1782361275.348241,0.0019969940185546875
228486,normal,2867,0,1782361275.3501937,0.0019526481628417969
228487,normal,3501,0,1782361275.3522089,0.0020151138305664062
228488,normal,984,2,1782361275.3542328,0.002023935317993164
228489,normal,3516,0,1782361275.3563364,0.002103567123413086
228490,normal,756,0,1782361275.358466,0.0021295547485351562
228491,normal,1456,0,1782361275.360619,0.002153158187866211
228492,normal,1239,0,1782361275.3622048,0.0015857219696044922
228493,normal,2733,0,1782361275.3643312,0.002126455307006836
228494,normal,2358,0,1782361275.3663075,0.0019762516021728516
228495,normal,1222,0,1782361275.3684962,0.0021886825561523438
228496,normal,1168,0,1782361275.370494,0.001997709274291992
228497,normal,203,0,1782361275.3725393,0.0020453929901123047
228498,normal,777,2,1782361275.3743277,0.0017883777618408203
228499,normal,2890,0,1782361275.3761413,0.001813650131225586
228500,normal,3132,1,1782361275.3783224,0.0021810531616210938
228501,normal,3608,0,1782361275.380318,0.001995563507080078
228502,normal,3445,0,1782361275.3821683,0.0018503665924072266
228503,normal,1434,0,1782361275.3843307,0.002162456512451172
228504,normal,2208,0,1782361275.3863072,0.001976490020751953
228505,normal,1679,0,1782361275.3882332,0.0019259452819824219
228506,normal,1139,0,1782361275.3903399,0.0021066665649414062
228507,normal,1234,0,1782361275.3923671,0.002027273178100586
228508,normal,904,2,1782361275.394294,0.0019268989562988281
228509,normal,3192,1,1782361275.3963916,0.002097606658935547
228510,normal,107,0,1782361275.398324,0.001932382583618164
228511,normal,2467,0,1782361275.400154,0.0018301010131835938
228512,normal,1567,0,1782361275.4023752,0.0022211074829101562
228513,normal,3026,0,1782361275.4043481,0.0019729137420654297
228514,normal,1972,0,1782361275.4062865,0.0019383430480957031
228515,normal,2604,0,1782361275.4083202,0.002033710479736328
228516,normal,2080,0,1782361275.4103003,0.0019800662994384766
228517,normal,1225,0,1782361275.4122276,0.0019273757934570312
228518,normal,526,0,1782361275.4142354,0.002007722854614258
228519,normal,2723,0,1782361275.4163353,0.0020999908447265625
228520,normal,1551,0,1782361275.4181745,0.0018391609191894531
228521,normal,1310,0,1782361275.4203374,0.002162933349609375
228522,normal,2273,0,1782361275.4223516,0.00201416015625
228523,normal,1857,0,1782361275.4243119,0.001960277557373047
228524,normal,94,0,1782361275.4262288,0.0019168853759765625
228525,normal,1493,0,1782361275.4283369,0.0021080970764160156
228526,normal,74,0,1782361275.4302363,0.0018994808197021484
228527,normal,422,0,1782361275.4323466,0.0021102428436279297
228528,normal,2621,0,1782361275.4343424,0.0019958019256591797
228529,normal,1289,0,1782361275.4361773,0.001834869384765625
228530,normal,3505,0,1782361275.4383845,0.0022072792053222656
228531,normal,3306,1,1782361275.4403908,0.0020062923431396484
228532,normal,3414,0,1782361275.4421847,0.0017938613891601562
228533,normal,3259,1,1782361275.4443624,0.002177715301513672
228534,normal,1598,0,1782361275.446348,0.0019855499267578125
228535,normal,1627,0,1782361275.4482744,0.001926422119140625
228536,normal,2505,0,1782361275.450571,0.0022966861724853516
228537,normal,503,0,1782361275.4522076,0.001636505126953125
228538,normal,1299,0,1782361275.4543426,0.002135038375854492
228539,normal,2498,0,1782361275.4562485,0.0019059181213378906
228540,normal,3471,0,1782361275.4583516,0.002103090286254883
228541,normal,3606,0,1782361275.4603102,0.001958608627319336
228542,normal,941,2,1782361275.4623203,0.0020101070404052734
228543,normal,2614,0,1782361275.4644792,0.0021588802337646484
228544,normal,2379,0,1782361275.466311,0.0018317699432373047
228545,normal,158,0,1782361275.4684415,0.0021305084228515625
228546,normal,807,2,1782361275.4706445,0.0022029876708984375
228547,normal,3377,1,1782361275.4724753,0.0018308162689208984
228548,normal,1831,0,1782361275.4744673,0.0019919872283935547
228549,normal,3039,0,1782361275.4764876,0.0020203590393066406
228550,normal,159,0,1782361275.4783046,0.0018169879913330078
228551,normal,2635,0,1782361275.4804072,0.0021026134490966797
228552,normal,3214,1,1782361275.4823923,0.0019850730895996094
228553,normal,2706,0,1782361275.4842105,0.0018181800842285156
228554,normal,669,0,1782361275.4865317,0.0023212432861328125
228555,normal,3335,1,1782361275.4882734,0.001741647720336914
228556,normal,2581,0,1782361275.4903965,0.002123117446899414
228557,normal,673,0,1782361275.4922805,0.0018839836120605469
228558,normal,1400,0,1782361275.494399,0.0021185874938964844
228559,normal,2200,0,1782361275.496695,0.002295970916748047
228560,normal,2235,0,1782361275.4983704,0.0016753673553466797
228561,normal,3452,0,1782361275.5005362,0.0021657943725585938
228562,normal,3311,1,1782361275.5023124,0.0017762184143066406
228563,normal,866,2,1782361275.5044117,0.002099275588989258
228564,normal,1872,0,1782361275.5063484,0.0019366741180419922
228565,normal,3202,1,1782361275.5082693,0.001920938491821289
228566,normal,1948,0,1782361275.5103786,0.0021092891693115234
228567,normal,1028,2,1782361275.512374,0.0019953250885009766
228568,normal,1424,0,1782361275.5145204,0.002146482467651367
228569,normal,2329,0,1782361275.516271,0.0017507076263427734
228570,normal,3057,1,1782361275.5183897,0.0021185874938964844
228571,normal,3459,0,1782361275.5202987,0.001909017562866211
228572,normal,2407,0,1782361275.5223837,0.002084970474243164
228573,normal,2456,0,1782361275.5243692,0.0019855499267578125
228574,normal,1713,0,1782361275.526257,0.0018877983093261719
228575,normal,2896,0,1782361275.5287135,0.0024564266204833984
228576,normal,1032,0,1782361275.5303547,0.0016412734985351562
228577,normal,23,0,1782361275.5323668,0.002012014389038086
228578,normal,1771,0,1782361275.5342743,0.0019075870513916016
228579,normal,3440,0,1782361275.5364685,0.0021941661834716797
228580,normal,570,0,1782361275.5382357,0.0017671585083007812
228581,normal,708,0,1782361275.540286,0.0020503997802734375
228582,normal,2234,0,1782361275.5421448,0.0018587112426757812
228583,normal,2299,0,1782361275.544318,0.002173185348510742
228584,normal,3016,0,1782361275.5462275,0.001909494400024414
228585,normal,3592,0,1782361275.5483243,0.002096891403198242
228586,normal,1541,0,1782361275.5502498,0.0019254684448242188
228587,normal,1768,0,1782361275.5523093,0.002059459686279297
228588,normal,301,0,1782361275.554432,0.002122640609741211
228589,normal,1066,0,1782361275.5560992,0.0016672611236572266
228590,normal,1293,0,1782361275.5581002,0.002001047134399414
228591,normal,1887,0,1782361275.5604293,0.002329111099243164
228592,normal,292,0,1782361275.5624492,0.0020198822021484375
228593,normal,1955,0,1782361275.5643034,0.0018541812896728516
228594,normal,1186,0,1782361275.5663452,0.0020418167114257812
228595,normal,877,2,1782361275.5681975,0.001852273941040039
228596,normal,2893,0,1782361275.5702791,0.002081632614135742
228597,normal,2864,0,1782361275.5723004,0.002021312713623047
228598,normal,3222,1,1782361275.574574,0.0022735595703125
228599,normal,1718,0,1782361275.5762775,0.001703500747680664
228600,normal,276,0,1782361275.5782259,0.0019483566284179688
228601,normal,1653,0,1782361275.5802293,0.0020034313201904297
228602,normal,3200,1,1782361275.5822434,0.00201416015625
228603,normal,915,2,1782361275.584389,0.002145528793334961
228604,normal,932,2,1782361275.5862489,0.001859903335571289
228605,normal,1980,0,1782361275.588376,0.0021271705627441406
228606,normal,2746,0,1782361275.5903509,0.001974821090698242
228607,normal,3344,1,1782361275.5922194,0.0018684864044189453
228608,normal,1108,0,1782361275.5943131,0.002093791961669922
228609,normal,3329,1,1782361275.5963666,0.002053499221801758
228610,normal,91,0,1782361275.5982385,0.0018718242645263672
228611,normal,102,0,1782361275.6003592,0.0021207332611083984
228612,normal,1416,0,1782361275.6023374,0.001978158950805664
228613,normal,3694,0,1782361275.6042438,0.0019063949584960938
228614,normal,2799,0,1782361275.6063673,0.002123594284057617
228615,normal,18,0,1782361275.6083791,0.0020117759704589844
228616,normal,2866,0,1782361275.6102118,0.001832723617553711
228617,normal,1102,0,1782361275.6125016,0.0022897720336914062
228618,normal,1223,0,1782361275.6141994,0.0016977787017822266
228619,normal,245,0,1782361275.616382,0.002182483673095703
228620,normal,3150,1,1782361275.6192217,0.002839803695678711
228621,normal,3687,0,1782361275.6202939,0.0010721683502197266
228622,normal,3499,0,1782361275.6221485,0.0018546581268310547
228623,normal,3258,1,1782361275.624338,0.0021893978118896484
228624,normal,1099,0,1782361275.6263316,0.0019936561584472656
228625,normal,3507,0,1782361275.6282258,0.001894235610961914
228626,normal,2703,0,1782361275.6303735,0.002147674560546875
228627,normal,1329,1,1782361275.6324062,0.002032756805419922
228628,normal,1906,0,1782361275.6343021,0.001895904541015625
228629,normal,959,2,1782361275.6363993,0.0020971298217773438
228630,normal,459,0,1782361275.6383948,0.001995563507080078
228631,normal,1141,0,1782361275.6405163,0.002121448516845703
228632,normal,3185,1,1782361275.642223,0.0017066001892089844
228633,normal,1111,0,1782361275.6447277,0.0025048255920410156
228634,normal,1733,0,1782361275.6462955,0.001567840576171875
228635,normal,1092,0,1782361275.6482928,0.001997232437133789
228636,normal,1334,1,1782361275.6502624,0.001969575881958008
228637,normal,1113,0,1782361275.6522257,0.001963376998901367
228638,normal,1665,0,1782361275.6540956,0.0018699169158935547
228639,normal,1832,0,1782361275.6560943,0.0019986629486083984
228640,normal,2227,0,1782361275.6581898,0.002095460891723633
228641,normal,2736,0,1782361275.6601882,0.001998424530029297
228642,normal,3484,0,1782361275.6621788,0.0019905567169189453
228643,normal,3404,0,1782361275.6642013,0.0020225048065185547
228644,normal,2075,0,1782361275.6663673,0.0021660327911376953
228645,normal,3289,1,1782361275.6681287,0.0017614364624023438
228646,normal,3513,0,1782361275.6701627,0.0020339488983154297
228647,normal,143,0,1782361275.6724007,0.002238035202026367
228648,normal,899,2,1782361275.674404,0.002003192901611328
228649,normal,2088,0,1782361275.6761272,0.0017232894897460938
228650,normal,1232,0,1782361275.6782522,0.0021250247955322266
228651,normal,2591,0,1782361275.680226,0.001973867416381836
228652,normal,423,0,1782361275.6822727,0.0020465850830078125
228653,normal,1101,0,1782361275.684254,0.0019812583923339844
228654,normal,167,0,1782361275.686486,0.002232074737548828
228655,normal,3633,0,1782361275.6884418,0.001955747604370117
228656,normal,169,0,1782361275.6902215,0.001779794692993164
228657,normal,550,0,1782361275.6923108,0.002089262008666992
228658,normal,2109,0,1782361275.6941705,0.0018596649169921875
228659,normal,3460,0,1782361275.6963005,0.0021300315856933594
228660,normal,862,2,1782361275.6982179,0.0019173622131347656
228661,normal,320,0,1782361275.7002707,0.002052783966064453
228662,normal,1732,0,1782361275.702455,0.0021843910217285156
228663,normal,1015,2,1782361275.7043297,0.001874685287475586
228664,normal,3034,0,1782361275.7062259,0.0018961429595947266
228665,normal,842,2,1782361275.70837,0.0021440982818603516
228666,normal,114,0,1782361275.7103322,0.0019621849060058594
228667,normal,3490,0,1782361275.7123783,0.0020461082458496094
228668,normal,1269,0,1782361275.7149189,0.00254058837890625
228669,normal,1586,0,1782361275.716456,0.0015370845794677734
228670,normal,1636,0,1782361275.7184289,0.0019729137420654297
228671,normal,2005,0,1782361275.7206414,0.0022125244140625
228672,normal,812,2,1782361275.722846,0.0022046566009521484
228673,normal,224,0,1782361275.724398,0.0015518665313720703
228674,normal,869,2,1782361275.7263591,0.001961231231689453
228675,normal,3358,1,1782361275.728415,0.0020558834075927734
228676,normal,2795,0,1782361275.7303236,0.0019085407257080078
228677,normal,1789,0,1782361275.7323399,0.002016305923461914
228678,normal,331,0,1782361275.734457,0.002117156982421875
228679,normal,3654,0,1782361275.7362344,0.0017774105072021484
228680,normal,563,0,1782361275.738432,0.0021975040435791016
228681,normal,725,0,1782361275.7407162,0.0022842884063720703
228682,normal,2836,0,1782361275.742622,0.001905679702758789
228683,normal,3204,1,1782361275.7450593,0.0024373531341552734
228684,normal,3376,1,1782361275.7464628,0.0014035701751708984
228685,normal,2009,0,1782361275.7484837,0.0020208358764648438
228686,normal,1376,1,1782361275.7503836,0.0018999576568603516
228687,normal,1539,0,1782361275.7522743,0.0018906593322753906
228688,normal,470,0,1782361275.754349,0.002074718475341797
228689,normal,776,2,1782361275.7563155,0.0019664764404296875
228690,normal,77,0,1782361275.7586226,0.0023071765899658203
228691,normal,1778,0,1782361275.760391,0.001768350601196289
228692,normal,648,0,1782361275.7624204,0.0020294189453125
228693,normal,1769,0,1782361275.7645738,0.0021533966064453125
228694,normal,1940,0,1782361275.766276,0.0017020702362060547
228695,normal,1751,0,1782361275.7684505,0.0021746158599853516
228696,normal,0,0,1782361275.7704654,0.0020148754119873047
228697,normal,2161,0,1782361275.7722473,0.0017819404602050781
228698,normal,1699,0,1782361275.7744455,0.0021982192993164062
228699,normal,921,2,1782361275.776385,0.001939535140991211
228700,normal,2921,0,1782361275.778366,0.001981019973754883
228701,normal,56,0,1782361275.7802575,0.0018913745880126953
228702,normal,850,2,1782361275.782502,0.0022444725036621094
228703,normal,2718,0,1782361275.7842987,0.001796722412109375
228704,normal,1731,0,1782361275.7863932,0.0020945072174072266
228705,normal,2877,0,1782361275.7883444,0.0019512176513671875
228706,normal,878,2,1782361275.7904046,0.0020601749420166016
228707,normal,2526,0,1782361275.7921937,0.001789093017578125
228708,normal,887,2,1782361275.7944303,0.002236604690551758
228709,normal,691,0,1782361275.796192,0.0017616748809814453
228710,normal,1602,0,1782361275.7984366,0.002244710922241211
228711,normal,1319,1,1782361275.8005345,0.0020978450775146484
228712,normal,834,2,1782361275.8022444,0.0017099380493164062
228713,normal,2481,0,1782361275.8045115,0.002267122268676758
228714,normal,3645,0,1782361275.8064792,0.0019676685333251953
228715,normal,2491,0,1782361275.8083622,0.0018830299377441406
228716,normal,2049,0,1782361275.8104146,0.00205230712890625
228717,normal,2285,0,1782361275.812532,0.0021173954010009766
228718,normal,1309,0,1782361275.8143325,0.001800537109375
228719,normal,3163,1,1782361275.8163292,0.001996755599975586
228720,normal,638,0,1782361275.818384,0.0020546913146972656
228721,normal,2992,0,1782361275.8203282,0.0019443035125732422
228722,normal,980,2,1782361275.8223825,0.0020542144775390625
228723,normal,840,2,1782361275.8245661,0.002183675765991211
228724,normal,1643,0,1782361275.8262923,0.0017261505126953125
228725,normal,3355,1,1782361275.828344,0.002051830291748047
228726,normal,1997,0,1782361275.8304586,0.002114534378051758
228727,normal,3106,1,1782361275.8325412,0.0020825862884521484
228728,normal,584,0,1782361275.8346782,0.0021369457244873047
228729,normal,1554,0,1782361275.8365943,0.0019161701202392578
228730,normal,2398,0,1782361275.838439,0.001844644546508789
228731,normal,2988,0,1782361275.8404999,0.0020608901977539062
228732,normal,894,2,1782361275.842775,0.002275228500366211
228733,normal,1417,0,1782361275.8446174,0.0018422603607177734
228734,normal,631,0,1782361275.8462825,0.0016651153564453125
228735,normal,1152,0,1782361275.8484404,0.002157926559448242
228736,normal,61,0,1782361275.8503697,0.0019292831420898438
228737,normal,3393,1,1782361275.852472,0.002102375030517578
228738,normal,1233,0,1782361275.85438,0.0019078254699707031
228739,normal,2084,0,1782361275.8565667,0.0021867752075195312
228740,normal,1674,0,1782361275.85817,0.0016033649444580078
228741,normal,1231,0,1782361275.8604035,0.0022335052490234375
228742,normal,2110,0,1782361275.8621788,0.0017752647399902344
228743,normal,2457,0,1782361275.864611,0.002432107925415039
228744,normal,3575,0,1782361275.866232,0.0016210079193115234
228745,normal,3241,1,1782361275.8686333,0.0024013519287109375
228746,normal,914,2,1782361275.8704424,0.0018091201782226562
228747,normal,2391,0,1782361275.8724513,0.0020089149475097656
228748,normal,2916,0,1782361275.874647,0.002195596694946289
228749,normal,3173,1,1782361275.8767562,0.0021092891693115234
228750,normal,339,0,1782361275.878687,0.0019307136535644531
228751,normal,416,0,1782361275.8802874,0.001600503921508789
228752,normal,882,2,1782361275.8822098,0.0019223690032958984
228753,normal,2730,0,1782361275.8844376,0.002227783203125
228754,normal,1039,0,1782361275.8863013,0.001863718032836914
228755,normal,2319,0,1782361275.8885784,0.0022771358489990234
228756,normal,2610,0,1782361275.8902721,0.0016937255859375
228757,normal,588,0,1782361275.8926957,0.002423524856567383
228758,normal,3388,1,1782361275.8942478,0.0015521049499511719
228759,normal,1408,0,1782361275.8964288,0.0021810531616210938
228760,normal,2804,0,1782361275.8981848,0.0017559528350830078
228761,normal,2662,0,1782361275.9004319,0.0022470951080322266
228762,normal,762,0,1782361275.9024317,0.0019998550415039062
228763,normal,1049,0,1782361275.9043632,0.0019314289093017578
228764,normal,3105,1,1782361275.9064264,0.002063274383544922
228765,normal,1761,0,1782361275.9084992,0.0020728111267089844
228766,normal,685,0,1782361275.9107609,0.002261638641357422
228767,normal,1106,0,1782361275.9131181,0.0023572444915771484
228768,normal,1348,1,1782361275.9149582,0.0018401145935058594
228769,normal,3437,0,1782361275.9162226,0.001264333724975586
228770,normal,2734,0,1782361275.918488,0.002265453338623047
228771,normal,972,2,1782361275.920915,0.0024268627166748047
228772,normal,1336,1,1782361275.9224336,0.0015187263488769531
228773,normal,1815,0,1782361275.9247377,0.0023040771484375
228774,normal,1211,0,1782361275.9268444,0.0021066665649414062
228775,normal,1123,0,1782361275.9289849,0.002140522003173828
228776,normal,3381,1,1782361275.930268,0.0012831687927246094
228777,normal,2180,0,1782361275.9324422,0.0021741390228271484
228778,normal,3248,1,1782361275.934444,0.0020017623901367188
228779,normal,1899,0,1782361275.9364157,0.001971721649169922
228780,normal,1582,0,1782361275.9384234,0.002007722854614258
228781,normal,2654,0,1782361275.9401953,0.0017719268798828125
228782,normal,2338,0,1782361275.9424214,0.002226114273071289
228783,normal,2215,0,1782361275.9443688,0.0019474029541015625
228784,normal,3689,0,1782361275.9464154,0.0020465850830078125
228785,normal,156,0,1782361275.9481812,0.0017657279968261719
228786,normal,2250,0,1782361275.9504058,0.0022246837615966797
228787,normal,66,0,1782361275.9522824,0.0018765926361083984
228788,normal,120,0,1782361275.9544446,0.0021622180938720703
228789,normal,3324,1,1782361275.9566267,0.0021820068359375
228790,normal,746,0,1782361275.9583342,0.0017075538635253906
228791,normal,3107,1,1782361275.9603765,0.0020422935485839844
228792,normal,377,0,1782361275.9625404,0.0021638870239257812
228793,normal,3424,0,1782361275.9642892,0.001748800277709961
228794,normal,3152,1,1782361275.9664605,0.0021712779998779297
228795,normal,831,2,1782361275.9685907,0.002130270004272461
228796,normal,1399,0,1782361275.9702985,0.0017077922821044922
228797,normal,3422,0,1782361275.9722955,0.0019969940185546875
228798,normal,2745,0,1782361275.9744666,0.002171039581298828
228799,normal,715,0,1782361275.9762158,0.001749277114868164
228800,normal,53,0,1782361275.978539,0.002323150634765625
228801,normal,2078,0,1782361275.9802842,0.0017452239990234375
228802,normal,3090,1,1782361275.9823635,0.0020792484283447266
228803,normal,2164,0,1782361275.9842503,0.0018868446350097656
228804,normal,3019,0,1782361275.986476,0.002225637435913086
228805,normal,1977,0,1782361275.9884038,0.0019278526306152344
228806,normal,1341,1,1782361275.9902418,0.0018379688262939453
228807,normal,2118,0,1782361275.992606,0.0023641586303710938
228808,normal,1517,0,1782361275.9942346,0.0016286373138427734
228809,normal,1661,0,1782361275.9964588,0.0022242069244384766
228810,normal,1531,0,1782361275.9983656,0.0019068717956542969
228811,normal,2224,0,1782361276.0003042,0.0019385814666748047
228812,normal,3005,0,1782361276.0023215,0.0020172595977783203
228813,normal,374,0,1782361276.0044808,0.0021593570709228516
228814,normal,3380,1,1782361276.0062623,0.001781463623046875
228815,normal,3662,0,1782361276.0084426,0.002180337905883789
228816,normal,2579,0,1782361276.0105913,0.0021486282348632812
228817,normal,2117,0,1782361276.0123193,0.001728057861328125
228818,normal,2236,0,1782361276.0144863,0.0021669864654541016
228819,normal,3316,1,1782361276.0165167,0.0020303726196289062
228820,normal,1433,0,1782361276.018271,0.0017542839050292969
228821,normal,1069,0,1782361276.0204048,0.0021338462829589844
228822,normal,295,0,1782361276.0223927,0.001987934112548828
228823,normal,798,2,1782361276.0243738,0.001981019973754883
228824,normal,516,0,1782361276.02618,0.0018062591552734375
228825,normal,2539,0,1782361276.0284257,0.002245664596557617
228826,normal,2752,0,1782361276.0302603,0.0018346309661865234
228827,normal,2549,0,1782361276.0323775,0.002117156982421875
228828,normal,3265,1,1782361276.034497,0.0021195411682128906
228829,normal,2052,0,1782361276.0365891,0.002092123031616211
228830,normal,2642,0,1782361276.0384152,0.0018260478973388672
228831,normal,2646,0,1782361276.0407364,0.0023212432861328125
228832,normal,1053,0,1782361276.042436,0.0016994476318359375
228833,normal,1764,0,1782361276.0447028,0.0022668838500976562
228834,normal,3088,1,1782361276.046608,0.001905202865600586
228835,normal,1956,0,1782361276.048712,0.002104043960571289
228836,normal,1304,0,1782361276.0502853,0.001573324203491211
228837,normal,213,0,1782361276.0526145,0.002329111099243164
228838,normal,2495,0,1782361276.0543685,0.0017540454864501953
228839,normal,498,0,1782361276.0563645,0.0019960403442382812
228840,normal,916,2,1782361276.0583532,0.001988649368286133
228841,normal,1256,0,1782361276.0605958,0.002242565155029297
228842,normal,2744,0,1782361276.0621822,0.0015864372253417969
228843,normal,3603,0,1782361276.0644107,0.0022284984588623047
228844,normal,1362,1,1782361276.0663605,0.0019497871398925781
228845,normal,3526,0,1782361276.0682812,0.0019207000732421875
228846,normal,1006,2,1782361276.070369,0.002087831497192383
228847,normal,155,0,1782361276.0726051,0.0022361278533935547
228848,normal,1882,0,1782361276.0743928,0.0017876625061035156
228849,normal,1368,1,1782361276.076603,0.0022101402282714844
228850,normal,1179,0,1782361276.0785215,0.0019185543060302734
228851,normal,2420,0,1782361276.0807807,0.0022592544555664062
228852,normal,2411,0,1782361276.082411,0.0016303062438964844
228853,normal,477,0,1782361276.0843477,0.0019366741180419922
228854,normal,2240,0,1782361276.0867236,0.0023758411407470703
228855,normal,2076,0,1782361276.0883112,0.0015876293182373047
228856,normal,2697,0,1782361276.090192,0.0018808841705322266
228857,normal,1291,0,1782361276.0928555,0.0026633739471435547
228858,normal,3613,0,1782361276.0943274,0.0014719963073730469
228859,normal,3483,0,1782361276.0961409,0.0018134117126464844
228860,normal,2998,0,1782361276.098534,0.0023932456970214844
228861,normal,1147,0,1782361276.100517,0.0019829273223876953
228862,normal,1283,0,1782361276.1022077,0.0016906261444091797
228863,normal,1870,0,1782361276.104439,0.0022313594818115234
228864,normal,2817,0,1782361276.106375,0.0019359588623046875
228865,normal,3008,0,1782361276.108567,0.0021920204162597656
228866,normal,3245,1,1782361276.1103969,0.0018298625946044922
228867,normal,1847,0,1782361276.1125698,0.0021729469299316406
228868,normal,2183,0,1782361276.114294,0.0017242431640625
228869,normal,3301,1,1782361276.1164508,0.0021567344665527344
228870,normal,2440,0,1782361276.1185312,0.0020804405212402344
228871,normal,1837,0,1782361276.120227,0.001695871353149414
228872,normal,3706,0,1782361276.1224174,0.0021903514862060547
228873,normal,280,0,1782361276.1243243,0.0019068717956542969
228874,normal,2521,0,1782361276.1263702,0.002045869827270508
228875,normal,630,0,1782361276.128556,0.002185821533203125
228876,normal,3631,0,1782361276.1304672,0.001911163330078125
228877,normal,1900,0,1782361276.1324337,0.0019664764404296875
228878,normal,1527,0,1782361276.1344123,0.001978635787963867
228879,normal,3083,1,1782361276.1365643,0.002151966094970703
228880,normal,3212,1,1782361276.1382933,0.0017290115356445312
228881,normal,311,0,1782361276.1402595,0.001966238021850586
228882,normal,3183,1,1782361276.1421828,0.0019233226776123047
228883,normal,2510,0,1782361276.144561,0.002378225326538086
228884,normal,2694,0,1782361276.1464262,0.0018651485443115234
228885,normal,1738,0,1782361276.1485322,0.0021059513092041016
228886,normal,2968,0,1782361276.1505818,0.002049684524536133
228887,normal,1889,0,1782361276.152348,0.001766204833984375
228888,normal,2439,0,1782361276.1545293,0.0021812915802001953
228889,normal,2031,0,1782361276.1562917,0.00176239013671875
228890,normal,3276,1,1782361276.1583376,0.002045869827270508
228891,normal,2011,0,1782361276.1606596,0.002321958541870117
228892,normal,2513,0,1782361276.162408,0.0017485618591308594
228893,normal,1221,0,1782361276.16461,0.0022017955780029297
228894,normal,1492,0,1782361276.1662867,0.001676797866821289
228895,normal,181,0,1782361276.1682534,0.001966714859008789
228896,normal,362,0,1782361276.1703126,0.0020592212677001953
228897,normal,2036,0,1782361276.172322,0.0020093917846679688
228898,normal,2954,0,1782361276.1743045,0.001982450485229492
228899,normal,578,0,1782361276.176433,0.00212860107421875
228900,normal,2249,0,1782361276.178521,0.002087831497192383
228901,normal,3160,1,1782361276.1807864,0.002265453338623047
228902,normal,3187,1,1782361276.1821918,0.001405477523803711
228903,normal,982,2,1782361276.184461,0.002269268035888672
228904,normal,1904,0,1782361276.1861734,0.0017123222351074219
228905,normal,2479,0,1782361276.18844,0.0022666454315185547
228906,normal,2759,0,1782361276.1904187,0.001978635787963867
228907,normal,1594,0,1782361276.1923382,0.0019195079803466797
228908,normal,646,0,1782361276.194228,0.0018897056579589844
228909,normal,1605,0,1782361276.19645,0.0022220611572265625
228910,normal,3659,0,1782361276.1982017,0.0017516613006591797
228911,normal,1823,0,1782361276.2006912,0.0024895668029785156
228912,normal,3268,1,1782361276.2023377,0.0016465187072753906
228913,normal,1464,0,1782361276.2042959,0.001958131790161133
228914,normal,1055,0,1782361276.2064614,0.002165555953979492
228915,normal,3673,0,1782361276.2084155,0.0019540786743164062
228916,normal,1680,0,1782361276.210332,0.0019164085388183594
228917,normal,564,0,1782361276.2123694,0.002037525177001953
228918,normal,863,2,1782361276.2144468,0.002077341079711914
228919,normal,3121,1,1782361276.2163603,0.0019135475158691406
228920,normal,2548,0,1782361276.2193365,0.0029761791229248047
228921,normal,538,0,1782361276.220217,0.0008804798126220703
228922,normal,2784,0,1782361276.2223563,0.0021393299102783203
228923,normal,3273,1,1782361276.224275,0.001918792724609375
228924,normal,1660,0,1782361276.2265956,0.002320528030395508
228925,normal,3109,1,1782361276.2283962,0.001800537109375
228926,normal,2496,0,1782361276.2304628,0.0020666122436523438
228927,normal,199,0,1782361276.2324483,0.0019855499267578125
228928,normal,1755,0,1782361276.2348278,0.0023794174194335938
228929,normal,2619,0,1782361276.2362964,0.001468658447265625
228930,normal,951,2,1782361276.238647,0.0023505687713623047
228931,normal,251,0,1782361276.240288,0.0016410350799560547
228932,normal,2810,0,1782361276.2424405,0.0021524429321289062
228933,normal,2119,0,1782361276.2445667,0.0021262168884277344
228934,normal,417,0,1782361276.246494,0.0019273757934570312
228935,normal,1516,0,1782361276.2482555,0.0017614364624023438
228936,normal,3630,0,1782361276.2505405,0.002285003662109375
228937,normal,912,2,1782361276.2523632,0.0018227100372314453
228938,normal,1826,0,1782361276.2544916,0.0021283626556396484
228939,normal,2573,0,1782361276.2565832,0.002091646194458008
228940,normal,928,2,1782361276.2583554,0.001772165298461914
228941,normal,3254,1,1782361276.260587,0.002231597900390625
228942,normal,35,0,1782361276.2624068,0.0018198490142822266
228943,normal,36,0,1782361276.2643464,0.001939535140991211
228944,normal,359,0,1782361276.2662842,0.0019378662109375
228945,normal,405,0,1782361276.2683558,0.0020716190338134766
228946,normal,2726,0,1782361276.270286,0.00193023681640625
228947,normal,1330,1,1782361276.2727137,0.0024275779724121094
228948,normal,3366,1,1782361276.2748282,0.002114534378051758
228949,normal,307,0,1782361276.2765052,0.0016770362854003906
228950,normal,1317,0,1782361276.2781954,0.0016901493072509766
228951,normal,3338,1,1782361276.2804291,0.002233743667602539
228952,normal,2955,0,1782361276.282204,0.0017747879028320312
228953,normal,3142,1,1782361276.2844317,0.002227783203125
228954,normal,399,0,1782361276.286347,0.0019152164459228516
228955,normal,3520,0,1782361276.288934,0.0025870800018310547
228956,normal,1303,0,1782361276.2911735,0.0022394657135009766
228957,normal,2831,0,1782361276.2926574,0.001483917236328125
228958,normal,1020,2,1782361276.294271,0.001613616943359375
228959,normal,760,0,1782361276.2964547,0.002183675765991211
228960,normal,2364,0,1782361276.29836,0.0019054412841796875
228961,normal,1668,0,1782361276.3003151,0.0019550323486328125
228962,normal,558,0,1782361276.3023345,0.0020194053649902344
228963,normal,2755,0,1782361276.3045154,0.002180814743041992
228964,normal,3454,0,1782361276.306891,0.0023756027221679688
228965,normal,109,0,1782361276.3085978,0.001706838607788086
228966,normal,3704,0,1782361276.3102968,0.0016989707946777344
228967,normal,659,0,1782361276.3123055,0.002008676528930664
228968,normal,2702,0,1782361276.3144386,0.0021331310272216797
228969,normal,3058,1,1782361276.31649,0.0020513534545898438
228970,normal,1877,0,1782361276.3186128,0.0021228790283203125
228971,normal,234,0,1782361276.3205616,0.0019488334655761719
228972,normal,365,0,1782361276.3231487,0.0025870800018310547
228973,normal,697,0,1782361276.3243704,0.0012216567993164062
228974,normal,1104,0,1782361276.3270128,0.002642393112182617
228975,normal,2762,0,1782361276.3288755,0.0018627643585205078
228976,normal,849,2,1782361276.330497,0.0016214847564697266
228977,normal,2753,0,1782361276.3322809,0.0017838478088378906
228978,normal,583,0,1782361276.3345344,0.0022535324096679688
228979,normal,3018,0,1782361276.3366091,0.002074718475341797
228980,normal,800,2,1782361276.3384218,0.0018126964569091797
228981,normal,1030,0,1782361276.3405783,0.002156496047973633
228982,normal,3468,0,1782361276.342173,0.0015947818756103516
228983,normal,509,0,1782361276.3445036,0.0023305416107177734
228984,normal,2634,0,1782361276.3465004,0.001996755599975586
228985,normal,1547,0,1782361276.3482425,0.0017421245574951172
228986,normal,1010,2,1782361276.3502164,0.001973867416381836
228987,normal,163,0,1782361276.3522303,0.0020139217376708984
228988,normal,2914,0,1782361276.35427,0.002039670944213867
228989,normal,1696,0,1782361276.3561754,0.0019054412841796875
228990,normal,991,2,1782361276.3582618,0.0020864009857177734
228991,normal,33,0,1782361276.3602688,0.002007007598876953
228992,normal,2230,0,1782361276.362199,0.00193023681640625
228993,normal,2268,0,1782361276.3641324,0.0019333362579345703
228994,normal,3708,0,1782361276.3661578,0.0020253658294677734
228995,normal,265,0,1782361276.3682008,0.002043008804321289
228996,normal,103,0,1782361276.3702452,0.0020444393157958984
228997,normal,1543,0,1782361276.3722765,0.0020313262939453125
228998,normal,1622,0,1782361276.3742402,0.0019636154174804688
228999,normal,2209,0,1782361276.3763697,0.0021295547485351562
229000,normal,938,2,1782361276.3781652,0.0017955303192138672
229001,normal,82,0,1782361276.3803642,0.002198934555053711
229002,normal,286,0,1782361276.3824067,0.002042531967163086
229003,normal,3002,0,1782361276.3842945,0.0018877983093261719
229004,normal,1894,0,1782361276.386296,0.002001523971557617
229005,normal,2103,0,1782361276.3883348,0.002038717269897461
229006,normal,815,2,1782361276.3901908,0.001856088638305664
229007,normal,3305,1,1782361276.3923757,0.0021848678588867188
229008,normal,2876,0,1782361276.394385,0.0020093917846679688
229009,normal,238,0,1782361276.3962047,0.001819610595703125
229010,normal,1121,0,1782361276.3983302,0.0021255016326904297
229011,normal,1046,0,1782361276.4003189,0.001988649368286133
229012,normal,2644,0,1782361276.4021802,0.0018613338470458984
229013,normal,2675,0,1782361276.404327,0.0021467208862304688
229014,normal,1658,0,1782361276.4063966,0.002069711685180664
229015,normal,236,0,1782361276.4081872,0.0017905235290527344
229016,normal,2497,0,1782361276.4103818,0.002194643020629883
229017,normal,2252,0,1782361276.4124086,0.002026796340942383
229018,normal,3523,0,1782361276.4143143,0.001905679702758789
229019,normal,872,2,1782361276.4161904,0.0018761157989501953
229020,normal,1167,0,1782361276.4183207,0.002130270004272461
229021,normal,717,0,1782361276.4201815,0.0018608570098876953
229022,normal,3359,1,1782361276.4223962,0.002214670181274414
229023,normal,2141,0,1782361276.4243617,0.0019655227661132812
229024,normal,641,0,1782361276.4262137,0.0018520355224609375
229025,normal,1522,0,1782361276.4282393,0.002025604248046875
229026,normal,998,2,1782361276.43034,0.002100706100463867
229027,normal,3134,1,1782361276.4323123,0.001972198486328125
229028,normal,2058,0,1782361276.4342787,0.0019664764404296875
229029,normal,2181,0,1782361276.436414,0.0021352767944335938
229030,normal,3410,0,1782361276.4383068,0.0018928050994873047
229031,normal,106,0,1782361276.4403443,0.002037525177001953
229032,normal,1816,0,1782361276.4424527,0.002108335494995117
229033,normal,1465,0,1782361276.444385,0.001932382583618164
229034,normal,3477,0,1782361276.4462183,0.001833200454711914
229035,normal,2266,0,1782361276.4484787,0.002260446548461914
229036,normal,1805,0,1782361276.4504352,0.001956462860107422
229037,normal,2048,0,1782361276.4524348,0.0019996166229248047
229038,normal,373,0,1782361276.4543695,0.0019347667694091797
229039,normal,194,0,1782361276.456316,0.0019464492797851562
229040,normal,616,0,1782361276.458308,0.0019919872283935547
229041,normal,684,0,1782361276.460505,0.0021970272064208984
229042,normal,602,0,1782361276.4624896,0.0019845962524414062
229043,normal,1159,0,1782361276.4645562,0.0020666122436523438
229044,normal,2822,0,1782361276.466296,0.0017397403717041016
229045,normal,3350,1,1782361276.4681308,0.001834869384765625
229046,normal,41,0,1782361276.470267,0.00213623046875
229047,normal,1188,0,1782361276.472249,0.001981973648071289
229048,normal,1535,0,1782361276.4741395,0.001890420913696289
229049,normal,1913,0,1782361276.4765995,0.002460002899169922
229050,normal,1626,0,1782361276.478704,0.002104520797729492
229051,normal,1512,0,1782361276.480236,0.0015320777893066406
229052,normal,2386,0,1782361276.4823182,0.0020821094512939453
229053,normal,2503,0,1782361276.4844413,0.002123117446899414
229054,normal,2624,0,1782361276.4861693,0.001728057861328125
229055,normal,1412,0,1782361276.48829,0.0021207332611083984
229056,normal,2830,0,1782361276.49043,0.002140045166015625
229057,normal,1635,0,1782361276.4922104,0.0017802715301513672
229058,normal,3198,1,1782361276.494432,0.0022215843200683594
229059,normal,341,0,1782361276.4968297,0.002397775650024414
229060,normal,838,2,1782361276.4983692,0.001539468765258789
229061,normal,2508,0,1782361276.5004456,0.002076387405395508
229062,normal,3264,1,1782361276.5022671,0.0018215179443359375
229063,normal,2116,0,1782361276.5041623,0.0018951892852783203
229064,normal,2254,0,1782361276.5063074,0.002145051956176758
229065,normal,2552,0,1782361276.5082793,0.0019719600677490234
229066,normal,1587,0,1782361276.5101843,0.0019049644470214844
229067,normal,946,2,1782361276.5126255,0.0024411678314208984
229068,normal,3304,1,1782361276.514202,0.0015766620635986328
229069,normal,3115,1,1782361276.5163095,0.002107381820678711
229070,normal,712,0,1782361276.5181644,0.0018548965454101562
229071,normal,888,2,1782361276.5208824,0.0027179718017578125
229072,normal,2445,0,1782361276.5229826,0.002100229263305664
229073,normal,2881,0,1782361276.5241761,0.0011935234069824219
229074,normal,514,0,1782361276.5262625,0.0020864009857177734
229075,normal,1224,0,1782361276.5283732,0.002110719680786133
229076,normal,2186,0,1782361276.5303285,0.001955270767211914
229077,normal,3024,0,1782361276.532443,0.002114534378051758
229078,normal,2032,0,1782361276.534441,0.0019979476928710938
229079,normal,1942,0,1782361276.536721,0.002279996871948242
229080,normal,2393,0,1782361276.5382285,0.0015075206756591797
229081,normal,3116,1,1782361276.540452,0.002223491668701172
229082,normal,201,0,1782361276.5423565,0.0019044876098632812
229083,normal,1472,0,1782361276.5445309,0.00217437744140625
229084,normal,3169,1,1782361276.5463116,0.0017807483673095703
229085,normal,507,0,1782361276.5484462,0.002134561538696289
229086,normal,2435,0,1782361276.5503492,0.0019030570983886719
229087,normal,1945,0,1782361276.5522435,0.001894235610961914
229088,normal,3101,1,1782361276.5543118,0.0020682811737060547
229089,normal,1821,0,1782361276.5563796,0.0020678043365478516
229090,normal,3419,0,1782361276.558439,0.002059459686279297
229091,normal,1705,0,1782361276.5604286,0.001989603042602539
229092,normal,2585,0,1782361276.562697,0.0022683143615722656
229093,normal,1070,0,1782361276.564401,0.0017039775848388672
229094,normal,2901,0,1782361276.5664833,0.002082347869873047
229095,normal,2063,0,1782361276.5686247,0.0021414756774902344
229096,normal,3145,1,1782361276.570268,0.0016431808471679688
229097,normal,540,0,1782361276.5723395,0.0020716190338134766
229098,normal,138,0,1782361276.574907,0.0025675296783447266
229099,normal,1592,0,1782361276.576757,0.0018498897552490234
229100,normal,2995,0,1782361276.5784104,0.001653432846069336
229101,normal,217,0,1782361276.5807333,0.0023229122161865234
229102,normal,220,0,1782361313.1469066,0.0
229103,normal,2678,0,1782361313.1486514,0.0017447471618652344
229104,normal,929,2,1782361313.1508408,0.0021893978118896484
229105,normal,3424,0,1782361313.1525857,0.001744985580444336
229106,normal,3352,1,1782361313.1545842,0.001998424530029297
229107,normal,2630,0,1782361313.156583,0.0019989013671875
229108,normal,1290,0,1782361313.1586072,0.0020241737365722656
229109,normal,1974,0,1782361313.1605806,0.001973390579223633
229110,normal,3620,0,1782361313.1626408,0.0020601749420166016
229111,normal,1996,0,1782361313.1647525,0.002111673355102539
229112,normal,313,0,1782361313.1666274,0.0018749237060546875
229113,normal,2978,0,1782361313.1686394,0.002012014389038086
229114,normal,1489,0,1782361313.1707356,0.0020961761474609375
229115,normal,3708,0,1782361313.1725984,0.0018627643585205078
229116,normal,2185,0,1782361313.1747255,0.0021271705627441406
229117,normal,3251,1,1782361313.176599,0.0018734931945800781
229118,normal,435,0,1782361313.1787097,0.002110719680786133
229119,normal,526,0,1782361313.1806157,0.0019059181213378906
229120,normal,978,2,1782361313.1826048,0.001989126205444336
229121,normal,841,2,1782361313.1847277,0.0021228790283203125
229122,normal,1119,0,1782361313.1866252,0.001897573471069336
229123,normal,3323,1,1782361313.1885993,0.0019741058349609375
229124,normal,1766,0,1782361313.1908262,0.0022268295288085938
229125,normal,2191,0,1782361313.192575,0.001748800277709961
229126,normal,1616,0,1782361313.1948566,0.002281665802001953
229127,normal,98,0,1782361313.196563,0.0017063617706298828
229128,normal,891,2,1782361313.1988516,0.0022885799407958984
229129,normal,62,0,1782361313.2008731,0.0020215511322021484
229130,normal,31,0,1782361313.2026856,0.0018124580383300781
229131,normal,3097,1,1782361313.2050517,0.0023660659790039062
229132,normal,1214,0,1782361313.2066994,0.0016477108001708984
229133,normal,1836,0,1782361313.2088819,0.002182483673095703
229134,normal,3137,1,1782361313.210859,0.001977205276489258
229135,normal,709,0,1782361313.2126858,0.0018267631530761719
229136,normal,3313,1,1782361313.2148252,0.0021393299102783203
229137,normal,322,0,1782361313.216876,0.0020508766174316406
229138,normal,1728,0,1782361313.2186346,0.001758575439453125
229139,normal,807,2,1782361313.220812,0.0021774768829345703
229140,normal,329,0,1782361313.222757,0.0019450187683105469
229141,normal,3192,1,1782361313.2247202,0.0019631385803222656
229142,normal,3111,1,1782361313.2267258,0.0020055770874023438
229143,normal,707,0,1782361313.2286198,0.0018939971923828125
229144,normal,2101,0,1782361313.230627,0.0020072460174560547
229145,normal,1981,0,1782361313.2326856,0.0020585060119628906
229146,normal,382,0,1782361313.234644,0.0019583702087402344
229147,normal,3301,1,1782361313.2366457,0.0020017623901367188
229148,normal,2435,0,1782361313.238638,0.0019922256469726562
229149,normal,2080,0,1782361313.2406166,0.001978635787963867
229150,normal,1959,0,1782361313.2426276,0.0020110607147216797
229151,normal,1679,0,1782361313.2446592,0.002031564712524414
229152,normal,448,0,1782361313.246619,0.0019598007202148438
229153,normal,2052,0,1782361313.2486432,0.0020241737365722656
229154,normal,208,0,1782361313.2506394,0.001996278762817383
229155,normal,647,0,1782361313.2526202,0.0019807815551757812
229156,normal,3221,1,1782361313.2546334,0.0020132064819335938
229157,normal,2297,0,1782361313.256649,0.0020155906677246094
229158,normal,1135,0,1782361313.2587488,0.002099752426147461
229159,normal,1671,0,1782361313.2607074,0.001958608627319336
229160,normal,1607,0,1782361313.262814,0.0021066665649414062
229161,normal,1883,0,1782361313.2647526,0.0019385814666748047
229162,normal,1105,0,1782361313.2667027,0.0019500255584716797
229163,normal,178,0,1782361313.2688148,0.002112150192260742
229164,normal,32,0,1782361313.270755,0.0019402503967285156
229165,normal,303,0,1782361313.2727025,0.0019474029541015625
229166,normal,1983,0,1782361313.274648,0.00194549560546875
229167,normal,1518,0,1782361313.2766237,0.0019757747650146484
229168,normal,2913,0,1782361313.278686,0.0020623207092285156
229169,normal,1969,0,1782361313.2806468,0.00196075439453125
229170,normal,446,0,1782361313.2826226,0.0019757747650146484
229171,normal,1856,0,1782361313.2846467,0.0020241737365722656
229172,normal,455,0,1782361313.286649,0.002002239227294922
229173,normal,3095,1,1782361313.288617,0.001967906951904297
229174,normal,1363,1,1782361313.2906384,0.0020215511322021484
229175,normal,2722,0,1782361313.2926524,0.0020139217376708984
229176,normal,1643,0,1782361313.2946155,0.0019631385803222656
229177,normal,2327,0,1782361313.2966385,0.002022981643676758
229178,normal,1498,0,1782361313.2986166,0.001978158950805664
229179,normal,2221,0,1782361313.3006194,0.002002716064453125
229180,normal,860,2,1782361313.3026323,0.002012968063354492
229181,normal,968,2,1782361313.304643,0.0020105838775634766
229182,normal,1522,0,1782361313.306615,0.001972198486328125
229183,normal,188,0,1782361313.308708,0.0020928382873535156
229184,normal,1610,0,1782361313.310635,0.0019271373748779297
229185,normal,3396,1,1782361313.3126252,0.001990079879760742
229186,normal,3443,0,1782361313.3146381,0.002012968063354492
229187,normal,2999,0,1782361313.3166494,0.0020112991333007812
229188,normal,1469,0,1782361313.3186214,0.0019719600677490234
229189,normal,993,2,1782361313.3206315,0.0020101070404052734
229190,normal,2709,0,1782361313.322686,0.002054452896118164
229191,normal,1530,0,1782361313.324621,0.0019350051879882812
229192,normal,2227,0,1782361313.3266363,0.002015352249145508
229193,normal,635,0,1782361313.328647,0.0020105838775634766
229194,normal,3032,0,1782361313.33062,0.0019731521606445312
229195,normal,691,0,1782361313.3326368,0.002016782760620117
229196,normal,3336,1,1782361313.3348134,0.002176523208618164
229197,normal,509,0,1782361313.33676,0.0019466876983642578
229198,normal,1813,0,1782361313.3386116,0.0018515586853027344
229199,normal,1744,0,1782361313.3407233,0.002111673355102539
229200,normal,3618,0,1782361313.3426507,0.0019273757934570312
229201,normal,1644,0,1782361313.3445804,0.0019297599792480469
229202,normal,186,0,1782361313.3466322,0.002051830291748047
229203,normal,3148,1,1782361313.348697,0.0020647048950195312
229204,normal,2020,0,1782361313.3506203,0.0019233226776123047
229205,normal,3227,1,1782361313.3526082,0.001987934112548828
229206,normal,1852,0,1782361313.3547506,0.0021424293518066406
229207,normal,2090,0,1782361313.3565922,0.0018415451049804688
229208,normal,2322,0,1782361313.358632,0.0020399093627929688
229209,normal,753,0,1782361313.3606358,0.0020036697387695312
229210,normal,915,2,1782361313.3626173,0.001981496810913086
229211,normal,3570,0,1782361313.3646357,0.002018451690673828
229212,normal,1268,0,1782361313.36663,0.0019943714141845703
229213,normal,1940,0,1782361313.3685794,0.001949310302734375
229214,normal,1980,0,1782361313.370631,0.0020515918731689453
229215,normal,657,0,1782361313.3726323,0.0020012855529785156
229216,normal,756,0,1782361313.3745778,0.00194549560546875
229217,normal,3145,1,1782361313.3766353,0.0020575523376464844
229218,normal,940,2,1782361313.3786328,0.0019974708557128906
229219,normal,894,2,1782361313.3805785,0.0019457340240478516
229220,normal,1872,0,1782361313.3826358,0.002057313919067383
229221,normal,1288,0,1782361313.3846245,0.001988649368286133
229222,normal,348,0,1782361313.3865793,0.001954793930053711
229223,normal,1890,0,1782361313.3886385,0.0020592212677001953
229224,normal,2268,0,1782361313.3906326,0.0019941329956054688
229225,normal,3181,1,1782361313.3925767,0.0019440650939941406
229226,normal,913,2,1782361313.3946314,0.0020546913146972656
229227,normal,2552,0,1782361313.3966308,0.001999378204345703
229228,normal,1200,0,1782361313.3985772,0.0019464492797851562
229229,normal,2000,0,1782361313.4006333,0.002056121826171875
229230,normal,1201,0,1782361313.4026933,0.0020599365234375
229231,normal,2095,0,1782361313.4046047,0.0019114017486572266
229232,normal,589,0,1782361313.4066942,0.0020895004272460938
229233,normal,3604,0,1782361313.4086032,0.001909017562866211
229234,normal,3213,1,1782361313.410701,0.0020978450775146484
229235,normal,1716,0,1782361313.4126074,0.0019063949584960938
229236,normal,53,0,1782361313.4146864,0.002079010009765625
229237,normal,1055,0,1782361313.4166064,0.0019199848175048828
229238,normal,264,0,1782361313.418702,0.002095460891723633
229239,normal,1844,0,1782361313.4206195,0.0019176006317138672
229240,normal,3629,0,1782361313.4227285,0.002109050750732422
229241,normal,66,0,1782361313.4246058,0.0018773078918457031
229242,normal,1897,0,1782361313.4266927,0.0020868778228759766
229243,normal,2585,0,1782361313.4286098,0.001917123794555664
229244,normal,1741,0,1782361313.4306915,0.002081632614135742
229245,normal,512,0,1782361313.432599,0.0019075870513916016
229246,normal,590,0,1782361313.434656,0.0020568370819091797
229247,normal,3536,0,1782361313.4366057,0.0019497871398925781
229248,normal,1657,0,1782361313.438694,0.002088308334350586
229249,normal,3600,0,1782361313.4406064,0.0019123554229736328
229250,normal,2643,0,1782361313.4426904,0.002084016799926758
229251,normal,537,0,1782361313.4446042,0.0019137859344482422
229252,normal,3425,0,1782361313.446707,0.0021028518676757812
229253,normal,3429,0,1782361313.4486039,0.0018968582153320312
229254,normal,2007,0,1782361313.4506996,0.0020956993103027344
229255,normal,3053,1,1782361313.4526293,0.0019297599792480469
229256,normal,2568,0,1782361313.4546933,0.0020639896392822266
229257,normal,889,2,1782361313.4566138,0.001920461654663086
229258,normal,1943,0,1782361313.4586916,0.002077817916870117
229259,normal,2161,0,1782361313.4606085,0.0019168853759765625
229260,normal,507,0,1782361313.4627001,0.002091646194458008
229261,normal,3237,1,1782361313.4646096,0.001909494400024414
229262,normal,1645,0,1782361313.4666965,0.0020868778228759766
229263,normal,3286,1,1782361313.4686067,0.0019102096557617188
229264,normal,3337,1,1782361313.4706094,0.002002716064453125
229265,normal,2892,0,1782361313.472685,0.002075672149658203
229266,normal,2749,0,1782361313.4746025,0.0019173622131347656
229267,normal,3494,0,1782361313.4766963,0.002093791961669922
229268,normal,1109,0,1782361313.478616,0.0019197463989257812
229269,normal,1069,0,1782361313.4807343,0.002118349075317383
229270,normal,3515,0,1782361313.4826155,0.0018811225891113281
229271,normal,136,0,1782361313.484652,0.002036571502685547
229272,normal,1278,0,1782361313.4866035,0.001951456069946289
229273,normal,3263,1,1782361313.4887211,0.002117633819580078
229274,normal,1696,0,1782361313.490609,0.0018877983093261719
229275,normal,294,0,1782361313.4926877,0.0020787715911865234
229276,normal,339,0,1782361313.4946077,0.0019199848175048828
229277,normal,2106,0,1782361313.4966917,0.002084016799926758
229278,normal,484,0,1782361313.4986038,0.0019121170043945312
229279,normal,1931,0,1782361313.5007002,0.002096414566040039
229280,normal,1641,0,1782361313.5026157,0.0019154548645019531
229281,normal,2866,0,1782361313.5046983,0.0020825862884521484
229282,normal,3577,0,1782361313.506626,0.0019276142120361328
229283,normal,2922,0,1782361313.5086224,0.0019965171813964844
229284,normal,653,0,1782361313.5106165,0.0019941329956054688
229285,normal,3574,0,1782361313.5126321,0.0020155906677246094
229286,normal,745,0,1782361313.5145702,0.0019381046295166016
229287,normal,2321,0,1782361313.51663,0.0020596981048583984
229288,normal,3122,1,1782361313.5187757,0.0021457672119140625
229289,normal,1907,0,1782361313.5206273,0.0018515586853027344
229290,normal,1368,1,1782361313.52258,0.0019526481628417969
229291,normal,2447,0,1782361313.5246544,0.0020744800567626953
229292,normal,2953,0,1782361313.5266497,0.0019953250885009766
229293,normal,198,0,1782361313.5285852,0.0019354820251464844
229294,normal,862,2,1782361313.5308073,0.0022220611572265625
229295,normal,1751,0,1782361313.5326905,0.0018832683563232422
229296,normal,1180,0,1782361313.5348094,0.002118825912475586
229297,normal,1784,0,1782361313.5368016,0.0019922256469726562
229298,normal,2089,0,1782361313.5386257,0.0018241405487060547
229299,normal,1425,0,1782361313.540629,0.002003192901611328
229300,normal,2426,0,1782361313.5426311,0.002002239227294922
229301,normal,1790,0,1782361313.544625,0.001993894577026367
229302,normal,2275,0,1782361313.5466259,0.0020008087158203125
229303,normal,2944,0,1782361313.5486267,0.0020008087158203125
229304,normal,2065,0,1782361313.5506265,0.0019998550415039062
229305,normal,1878,0,1782361313.55264,0.0020134449005126953
229306,normal,1877,0,1782361313.5546288,0.0019888877868652344
229307,normal,2863,0,1782361313.5566325,0.0020036697387695312
229308,normal,2522,0,1782361313.5586412,0.002008676528930664
229309,normal,1933,0,1782361313.560627,0.001985788345336914
229310,normal,3418,0,1782361313.562626,0.0019989013671875
229311,normal,3086,1,1782361313.5646386,0.0020127296447753906
229312,normal,2606,0,1782361313.5666308,0.0019922256469726562
229313,normal,1848,0,1782361313.5686252,0.0019943714141845703
229314,normal,406,0,1782361313.5706408,0.0020155906677246094
229315,normal,2485,0,1782361313.5726345,0.0019936561584472656
229316,normal,2293,0,1782361313.5746567,0.002022266387939453
229317,normal,3119,1,1782361313.5766304,0.0019736289978027344
229318,normal,396,0,1782361313.5786486,0.0020182132720947266
229319,normal,126,0,1782361313.5806363,0.0019876956939697266
229320,normal,187,0,1782361313.5826337,0.0019974708557128906
229321,normal,155,0,1782361313.584641,0.0020072460174560547
229322,normal,3146,1,1782361313.5866332,0.0019922256469726562
229323,normal,3007,0,1782361313.5886335,0.0020003318786621094
229324,normal,2898,0,1782361313.5906346,0.002001047134399414
229325,normal,1945,0,1782361313.5926368,0.002002239227294922
229326,normal,828,2,1782361313.594635,0.0019981861114501953
229327,normal,1998,0,1782361313.5966349,0.0019998550415039062
229328,normal,1141,0,1782361313.598641,0.002006053924560547
229329,normal,2094,0,1782361313.6006331,0.0019922256469726562
229330,normal,1634,0,1782361313.602638,0.002004861831665039
229331,normal,2794,0,1782361313.6046576,0.002019643783569336
229332,normal,55,0,1782361313.6066113,0.001953601837158203
229333,normal,1771,0,1782361313.6086302,0.0020189285278320312
229334,normal,1379,1,1782361313.6106327,0.0020024776458740234
229335,normal,1619,0,1782361313.6125898,0.0019571781158447266
229336,normal,91,0,1782361313.6146343,0.0020444393157958984
229337,normal,334,0,1782361313.6166358,0.002001523971557617
229338,normal,3201,1,1782361313.6186087,0.0019729137420654297
229339,normal,3261,1,1782361313.6206336,0.0020248889923095703
229340,normal,2387,0,1782361313.6226535,0.0020198822021484375
229341,normal,1617,0,1782361313.6246357,0.0019822120666503906
229342,normal,2032,0,1782361313.6266174,0.0019817352294921875
229343,normal,1256,0,1782361313.6286163,0.0019989013671875
229344,normal,2739,0,1782361313.6306145,0.0019981861114501953
229345,normal,2005,0,1782361313.6326194,0.002004861831665039
229346,normal,2112,0,1782361313.6347852,0.0021657943725585938
229347,normal,1564,0,1782361313.6366515,0.0018663406372070312
229348,normal,58,0,1782361313.6387885,0.0021369457244873047
229349,normal,436,0,1782361313.640657,0.0018684864044189453
229350,normal,2339,0,1782361313.642822,0.002165079116821289
229351,normal,1234,0,1782361313.644661,0.0018389225006103516
229352,normal,1195,0,1782361313.6467454,0.002084493637084961
229353,normal,3292,1,1782361313.6488576,0.002112150192260742
229354,normal,3185,1,1782361313.6506917,0.0018341541290283203
229355,normal,1442,0,1782361313.6528058,0.0021140575408935547
229356,normal,1663,0,1782361313.654779,0.0019731521606445312
229357,normal,1620,0,1782361313.6566956,0.001916646957397461
229358,normal,747,0,1782361313.6588135,0.0021178722381591797
229359,normal,618,0,1782361313.6608684,0.002054929733276367
229360,normal,2990,0,1782361313.6628754,0.002007007598876953
229361,normal,3590,0,1782361313.6647787,0.0019032955169677734
229362,normal,2783,0,1782361313.6668634,0.0020847320556640625
229363,normal,513,0,1782361313.6686938,0.0018303394317626953
229364,normal,1009,2,1782361313.6708121,0.002118349075317383
229365,normal,2363,0,1782361313.6728668,0.0020546913146972656
229366,normal,2632,0,1782361313.6746938,0.0018270015716552734
229367,normal,1770,0,1782361313.6767771,0.002083301544189453
229368,normal,1899,0,1782361313.6787164,0.0019392967224121094
229369,normal,1664,0,1782361313.6806316,0.0019152164459228516
229370,normal,3158,1,1782361313.682652,0.0020203590393066406
229371,normal,2799,0,1782361313.6851954,0.0025434494018554688
229372,normal,830,2,1782361313.686601,0.001405477523803711
229373,normal,1865,0,1782361313.688641,0.0020401477813720703
229374,normal,2334,0,1782361313.6906383,0.001997232437133789
229375,normal,257,0,1782361313.6926408,0.0020024776458740234
229376,normal,2350,0,1782361313.6946406,0.0019998550415039062
229377,normal,1305,0,1782361313.6966577,0.0020170211791992188
229378,normal,3382,1,1782361313.6986117,0.0019540786743164062
229379,normal,3136,1,1782361313.7006373,0.002025604248046875
229380,normal,604,0,1782361313.7026222,0.001984834671020508
229381,normal,204,0,1782361313.704627,0.002004861831665039
229382,normal,2844,0,1782361313.7066379,0.002010822296142578
229383,normal,2341,0,1782361313.7086585,0.002020597457885742
229384,normal,2474,0,1782361313.7106442,0.001985788345336914
229385,normal,2086,0,1782361313.7126458,0.002001523971557617
229386,normal,1764,0,1782361313.7146535,0.002007722854614258
229387,normal,1591,0,1782361313.7166133,0.0019598007202148438
229388,normal,1745,0,1782361313.7186399,0.0020265579223632812
229389,normal,912,2,1782361313.7206588,0.0020189285278320312
229390,normal,203,0,1782361313.7226167,0.0019578933715820312
229391,normal,1253,0,1782361313.7246861,0.0020694732666015625
229392,normal,569,0,1782361313.726614,0.0019278526306152344
229393,normal,2116,0,1782361313.7286496,0.0020356178283691406
229394,normal,3595,0,1782361313.7306423,0.0019927024841308594
229395,normal,2494,0,1782361313.7326262,0.0019838809967041016
229396,normal,466,0,1782361313.7346504,0.0020241737365722656
229397,normal,599,0,1782361313.7367537,0.0021033287048339844
229398,normal,1851,0,1782361313.7386289,0.001875162124633789
229399,normal,1911,0,1782361313.7407002,0.002071380615234375
229400,normal,196,0,1782361313.7426267,0.001926422119140625
229401,normal,713,0,1782361313.7448747,0.002248048782348633
229402,normal,1399,0,1782361313.746686,0.0018112659454345703
229403,normal,2939,0,1782361313.7488186,0.0021326541900634766
229404,normal,3272,1,1782361313.750917,0.0020983219146728516
229405,normal,694,0,1782361313.7526336,0.00171661376953125
229406,normal,2077,0,1782361313.7546198,0.001986265182495117
229407,normal,492,0,1782361313.7566414,0.0020215511322021484
229408,normal,2111,0,1782361313.758581,0.001939535140991211
229409,normal,1583,0,1782361313.760577,0.0019960403442382812
229410,normal,1662,0,1782361313.7625897,0.0020127296447753906
229411,normal,1010,2,1782361313.764587,0.001997232437133789
229412,normal,3054,1,1782361313.766573,0.0019860267639160156
229413,normal,2157,0,1782361313.768593,0.002020120620727539
229414,normal,3026,0,1782361313.770587,0.001993894577026367
229415,normal,1021,2,1782361313.7725766,0.001989603042602539
229416,normal,2900,0,1782361313.7745833,0.0020067691802978516
229417,normal,2802,0,1782361313.7765841,0.0020008087158203125
229418,normal,2730,0,1782361313.7785733,0.001989126205444336
229419,normal,2723,0,1782361313.7805865,0.0020132064819335938
229420,normal,1028,2,1782361313.782585,0.001998424530029297
229421,normal,137,0,1782361313.784574,0.001989126205444336
229422,normal,3168,1,1782361313.7865715,0.0019974708557128906
229423,normal,1065,0,1782361313.78858,0.0020084381103515625
229424,normal,545,0,1782361313.7905703,0.0019903182983398438
229425,normal,1194,0,1782361313.7925792,0.0020089149475097656
229426,normal,1154,0,1782361313.7945852,0.002006053924560547
229427,normal,2673,0,1782361313.7965739,0.001988649368286133
229428,normal,3439,0,1782361313.7985783,0.002004384994506836
229429,normal,2850,0,1782361313.8005795,0.0020012855529785156
229430,normal,2875,0,1782361313.8025715,0.0019919872283935547
229431,normal,1519,0,1782361313.8045862,0.002014636993408203
229432,normal,1302,0,1782361313.8065825,0.001996278762817383
229433,normal,2450,0,1782361313.8085754,0.001992940902709961
229434,normal,3445,0,1782361313.8105814,0.002006053924560547
229435,normal,1993,0,1782361313.8126245,0.002043008804321289
229436,normal,1447,0,1782361313.8146012,0.0019767284393310547
229437,normal,2376,0,1782361313.8166068,0.0020055770874023438
229438,normal,1422,0,1782361313.8186042,0.0019974708557128906
229439,normal,1798,0,1782361313.8205998,0.001995563507080078
229440,normal,3641,0,1782361313.8226037,0.002003908157348633
229441,normal,475,0,1782361313.8245933,0.001989603042602539
229442,normal,2001,0,1782361313.826606,0.0020127296447753906
229443,normal,2471,0,1782361313.8286035,0.0019974708557128906
229444,normal,2586,0,1782361313.830593,0.001989603042602539
229445,normal,572,0,1782361313.8325977,0.0020046234130859375
229446,normal,2015,0,1782361313.8346014,0.0020036697387695312
229447,normal,169,0,1782361313.8366044,0.0020029544830322266
229448,normal,946,2,1782361313.8385954,0.0019910335540771484
229449,normal,2420,0,1782361313.8405995,0.0020041465759277344
229450,normal,82,0,1782361313.842592,0.001992464065551758
229451,normal,3374,1,1782361313.8445897,0.001997709274291992
229452,normal,227,0,1782361313.846611,0.002021312713623047
229453,normal,1221,0,1782361313.8486073,0.001996278762817383
229454,normal,2117,0,1782361313.850592,0.0019845962524414062
229455,normal,1951,0,1782361313.8526075,0.0020155906677246094
229456,normal,3166,1,1782361313.8545928,0.001985311508178711
229457,normal,3022,0,1782361313.8565905,0.001997709274291992
229458,normal,3566,0,1782361313.8586051,0.002014636993408203
229459,normal,2641,0,1782361313.8606048,0.0019996166229248047
229460,normal,356,0,1782361313.8625937,0.0019888877868652344
229461,normal,3171,1,1782361313.8645985,0.002004861831665039
229462,normal,2326,0,1782361313.8665934,0.0019948482513427734
229463,normal,1035,0,1782361313.8685968,0.0020034313201904297
229464,normal,2712,0,1782361313.870603,0.0020062923431396484
229465,normal,333,0,1782361313.872611,0.0020079612731933594
229466,normal,2933,0,1782361313.8745933,0.0019822120666503906
229467,normal,1613,0,1782361313.876601,0.002007722854614258
229468,normal,2076,0,1782361313.8786018,0.0020008087158203125
229469,normal,9,0,1782361313.880591,0.001989126205444336
229470,normal,942,2,1782361313.8826048,0.0020139217376708984
229471,normal,471,0,1782361313.8846045,0.0019996166229248047
229472,normal,3367,1,1782361313.8866067,0.002002239227294922
229473,normal,2,0,1782361313.8886156,0.0020089149475097656
229474,normal,3334,1,1782361313.8905973,0.0019817352294921875
229475,normal,3518,0,1782361313.8925986,0.0020012855529785156
229476,normal,2056,0,1782361313.8946059,0.0020072460174560547
229477,normal,3409,0,1782361313.8966105,0.0020046234130859375
229478,normal,1835,0,1782361313.8986003,0.0019898414611816406
229479,normal,234,0,1782361313.9006047,0.002004384994506836
229480,normal,3448,0,1782361313.9025931,0.0019884109497070312
229481,normal,1555,0,1782361313.9045916,0.001998424530029297
229482,normal,3093,1,1782361313.906607,0.002015352249145508
229483,normal,3433,0,1782361313.908612,0.0020051002502441406
229484,normal,645,0,1782361313.91057,0.0019578933715820312
229485,normal,1126,0,1782361313.9126413,0.002071380615234375
229486,normal,2272,0,1782361313.9145982,0.001956939697265625
229487,normal,1511,0,1782361313.916597,0.0019986629486083984
229488,normal,992,2,1782361313.9186075,0.0020105838775634766
229489,normal,1965,0,1782361313.9206102,0.002002716064453125
229490,normal,2040,0,1782361313.9225929,0.0019826889038085938
229491,normal,1456,0,1782361313.9246109,0.002017974853515625
229492,normal,2203,0,1782361313.9265952,0.0019843578338623047
229493,normal,1859,0,1782361313.9285932,0.0019979476928710938
229494,normal,2575,0,1782361313.930604,0.002010822296142578
229495,normal,3327,1,1782361313.932608,0.002003908157348633
229496,normal,96,0,1782361313.9345925,0.0019845962524414062
229497,normal,3130,1,1782361313.9366002,0.002007722854614258
229498,normal,1900,0,1782361313.9386048,0.0020046234130859375
229499,normal,1081,0,1782361313.940598,0.0019931793212890625
229500,normal,1203,0,1782361313.9426053,0.0020072460174560547
229501,normal,2105,0,1782361313.9446044,0.0019991397857666016
229502,normal,1869,0,1782361313.9465907,0.001986265182495117
229503,normal,2043,0,1782361313.948604,0.0020134449005126953
229504,normal,796,2,1782361313.9505928,0.001988649368286133
229505,normal,1178,0,1782361313.9525914,0.0019986629486083984
229506,normal,3153,1,1782361313.9546056,0.00201416015625
229507,normal,3550,0,1782361313.9565992,0.0019936561584472656
229508,normal,376,0,1782361313.958594,0.0019948482513427734
229509,normal,3204,1,1782361313.9606218,0.002027750015258789
229510,normal,1410,0,1782361313.9626415,0.002019643783569336
229511,normal,1129,0,1782361313.9646106,0.0019690990447998047
229512,normal,129,0,1782361313.9666047,0.0019941329956054688
229513,normal,2418,0,1782361313.9686043,0.0019996166229248047
229514,normal,33,0,1782361313.9705925,0.0019881725311279297
229515,normal,1615,0,1782361313.9726005,0.0020079612731933594
229516,normal,200,0,1782361313.9746115,0.0020110607147216797
229517,normal,3663,0,1782361313.9766116,0.002000093460083008
229518,normal,1999,0,1782361313.9786036,0.0019919872283935547
229519,normal,928,2,1782361313.980603,0.001999378204345703
229520,normal,1768,0,1782361313.9825926,0.001989603042602539
229521,normal,3102,1,1782361313.9846013,0.002008676528930664
229522,normal,1863,0,1782361313.9866061,0.002004861831665039
229523,normal,1172,0,1782361313.9886038,0.001997709274291992
229524,normal,2308,0,1782361313.9906068,0.0020029544830322266
229525,normal,2827,0,1782361313.9925904,0.001983642578125
229526,normal,3155,1,1782361313.994596,0.0020055770874023438
229527,normal,478,0,1782361313.9966018,0.0020058155059814453
229528,normal,1833,0,1782361313.9986002,0.001998424530029297
229529,normal,3405,0,1782361314.000591,0.001990795135498047
229530,normal,2955,0,1782361314.0026145,0.002023458480834961
229531,normal,2997,0,1782361314.0045965,0.001981973648071289
229532,normal,2022,0,1782361314.0065918,0.0019953250885009766
229533,normal,2573,0,1782361314.008621,0.0020291805267333984
229534,normal,1935,0,1782361314.0105891,0.0019681453704833984
229535,normal,2831,0,1782361314.012645,0.0020558834075927734
229536,normal,1761,0,1782361314.0146163,0.0019712448120117188
229537,normal,2608,0,1782361314.0165985,0.0019822120666503906
229538,normal,769,0,1782361314.0185933,0.0019948482513427734
229539,normal,3501,0,1782361314.020604,0.0020105838775634766
229540,normal,1601,0,1782361314.0226028,0.0019989013671875
229541,normal,1738,0,1782361314.024599,0.001996278762817383
229542,normal,305,0,1782361314.0266047,0.0020055770874023438
229543,normal,2380,0,1782361314.0285914,0.0019867420196533203
229544,normal,2848,0,1782361314.0305948,0.0020034313201904297
229545,normal,642,0,1782361314.0326064,0.002011537551879883
229546,normal,3165,1,1782361314.034604,0.001997709274291992
229547,normal,2282,0,1782361314.0365953,0.00199127197265625
229548,normal,2081,0,1782361314.038617,0.0020215511322021484
229549,normal,2165,0,1782361314.0405965,0.0019795894622802734
229550,normal,2384,0,1782361314.042602,0.0020055770874023438
229551,normal,2872,0,1782361314.044602,0.0019998550415039062
229552,normal,1448,0,1782361314.0466013,0.001999378204345703
229553,normal,295,0,1782361314.0485945,0.0019931793212890625
229554,normal,3011,0,1782361314.0506046,0.0020101070404052734
229555,normal,1665,0,1782361314.0525963,0.001991748809814453
229556,normal,3096,1,1782361314.0545938,0.0019974708557128906
229557,normal,1386,0,1782361314.056605,0.0020112991333007812
229558,normal,3631,0,1782361314.058601,0.0019958019256591797
229559,normal,3341,1,1782361314.060596,0.001995086669921875
229560,normal,736,0,1782361314.0626447,0.0020487308502197266
229561,normal,944,2,1782361314.0645988,0.0019540786743164062
229562,normal,108,0,1782361314.0665941,0.0019953250885009766
229563,normal,573,0,1782361314.0686042,0.0020101070404052734
229564,normal,2633,0,1782361314.070603,0.0019986629486083984
229565,normal,2808,0,1782361314.072593,0.001990079879760742
229566,normal,2115,0,1782361314.0746052,0.0020122528076171875
229567,normal,1245,0,1782361314.0766032,0.0019979476928710938
229568,normal,2124,0,1782361314.0785956,0.001992464065551758
229569,normal,3127,1,1782361314.0806124,0.002016782760620117
229570,normal,3580,0,1782361314.0826027,0.0019903182983398438
229571,normal,2614,0,1782361314.0845945,0.001991748809814453
229572,normal,1312,0,1782361314.0866017,0.0020072460174560547
229573,normal,1246,0,1782361314.0886126,0.002010822296142578
229574,normal,2409,0,1782361314.090595,0.001982450485229492
229575,normal,2629,0,1782361314.0926042,0.002009153366088867
229576,normal,3593,0,1782361314.094605,0.0020008087158203125
229577,normal,3554,0,1782361314.0965931,0.0019881725311279297
229578,normal,3397,1,1782361314.098602,0.0020089149475097656
229579,normal,3355,1,1782361314.1005979,0.0019958019256591797
229580,normal,3646,0,1782361314.1026106,0.0020127296447753906
229581,normal,3624,0,1782361314.104612,0.002001523971557617
229582,normal,1757,0,1782361314.1066043,0.0019922256469726562
229583,normal,1729,0,1782361314.1086037,0.001999378204345703
229584,normal,2814,0,1782361314.1106126,0.0020089149475097656
229585,normal,1710,0,1782361314.1128297,0.0022170543670654297
229586,normal,3144,1,1782361314.1146877,0.0018579959869384766
229587,normal,112,0,1782361314.116715,0.002027273178100586
229588,normal,256,0,1782361314.11876,0.002045154571533203
229589,normal,3692,0,1782361314.1206126,0.0018525123596191406
229590,normal,2391,0,1782361314.1226382,0.002025604248046875
229591,normal,84,0,1782361314.1246414,0.002003192901611328
229592,normal,2190,0,1782361314.1266363,0.0019948482513427734
229593,normal,2774,0,1782361314.1286118,0.001975536346435547
229594,normal,1551,0,1782361314.1306071,0.0019953250885009766
229595,normal,1546,0,1782361314.1325715,0.0019643306732177734
229596,normal,2910,0,1782361314.1346064,0.002034902572631836
229597,normal,593,0,1782361314.1365998,0.001993417739868164
229598,normal,222,0,1782361314.1385942,0.0019943714141845703
229599,normal,2789,0,1782361314.1406024,0.002008199691772461
229600,normal,1064,0,1782361314.1426368,0.002034425735473633
229601,normal,1024,2,1782361314.1446016,0.0019648075103759766
229602,normal,2505,0,1782361314.1465912,0.001989603042602539
229603,normal,2818,0,1782361314.1485915,0.0020003318786621094
229604,normal,1765,0,1782361314.1505892,0.001997709274291992
229605,normal,2482,0,1782361314.1526232,0.0020339488983154297
229606,normal,2530,0,1782361314.1546025,0.001979351043701172
229607,normal,3023,0,1782361314.1565967,0.0019941329956054688
229608,normal,3289,1,1782361314.1586092,0.002012491226196289
229609,normal,1711,0,1782361314.1605923,0.001983165740966797
229610,normal,2760,0,1782361314.1625903,0.0019979476928710938
229611,normal,1133,0,1782361314.1646023,0.002012014389038086
229612,normal,1437,0,1782361314.1665893,0.001986980438232422
229613,normal,2125,0,1782361314.1685948,0.0020055770874023438
229614,normal,1698,0,1782361314.1706033,0.0020084381103515625
229615,normal,2154,0,1782361314.1725934,0.001990079879760742
229616,normal,2693,0,1782361314.1745934,0.002000093460083008
229617,normal,2410,0,1782361314.1766028,0.0020093917846679688
229618,normal,3244,1,1782361314.1786044,0.002001523971557617
229619,normal,261,0,1782361314.180602,0.001997709274291992
229620,normal,2294,0,1782361314.1825998,0.001997709274291992
229621,normal,3240,1,1782361314.1845937,0.001993894577026367
229622,normal,1187,0,1782361314.1865938,0.002000093460083008
229623,normal,3269,1,1782361314.1886024,0.002008676528930664
229624,normal,1427,0,1782361314.1906369,0.002034425735473633
229625,normal,3106,1,1782361314.1926017,0.0019648075103759766
229626,normal,3177,1,1782361314.1947012,0.0020995140075683594
229627,normal,3467,0,1782361314.1965935,0.0018923282623291016
229628,normal,2129,0,1782361314.1986,0.00200653076171875
229629,normal,81,0,1782361314.200605,0.002004861831665039
229630,normal,2569,0,1782361314.2026017,0.001996755599975586
229631,normal,2916,0,1782361314.2045913,0.001989603042602539
229632,normal,3233,1,1782361314.206619,0.002027750015258789
229633,normal,2638,0,1782361314.2086062,0.0019872188568115234
229634,normal,2356,0,1782361314.2105782,0.0019719600677490234
229635,normal,2862,0,1782361314.2126079,0.0020296573638916016
229636,normal,586,0,1782361314.2145996,0.001991748809814453
229637,normal,2517,0,1782361314.2165985,0.0019989013671875
229638,normal,2468,0,1782361314.2186053,0.0020067691802978516
229639,normal,2145,0,1782361314.2205956,0.0019903182983398438
229640,normal,2715,0,1782361314.222631,0.002035379409790039
229641,normal,2346,0,1782361314.2246084,0.0019774436950683594
229642,normal,1415,0,1782361314.2265944,0.0019860267639160156
229643,normal,1014,2,1782361314.228594,0.0019996166229248047
229644,normal,2119,0,1782361314.2306056,0.002011537551879883
229645,normal,525,0,1782361314.2325928,0.0019872188568115234
229646,normal,3040,0,1782361314.2345996,0.0020067691802978516
229647,normal,2540,0,1782361314.2366145,0.0020148754119873047
229648,normal,2591,0,1782361314.2386878,0.0020732879638671875
229649,normal,536,0,1782361314.2406013,0.0019135475158691406
229650,normal,3694,0,1782361314.2426121,0.002010822296142578
229651,normal,1639,0,1782361314.2446215,0.0020093917846679688
229652,normal,1592,0,1782361314.2465901,0.0019686222076416016
229653,normal,1614,0,1782361314.2486033,0.0020132064819335938
229654,normal,3615,0,1782361314.250621,0.0020177364349365234
229655,normal,392,0,1782361314.2525928,0.001971721649169922
229656,normal,424,0,1782361314.2546163,0.002023458480834961
229657,normal,781,2,1782361314.2566328,0.0020165443420410156
229658,normal,2766,0,1782361314.2585962,0.001963376998901367
229659,normal,3666,0,1782361314.260602,0.0020058155059814453
229660,normal,2300,0,1782361314.2626033,0.0020012855529785156
229661,normal,1712,0,1782361314.2645926,0.0019893646240234375
229662,normal,1003,2,1782361314.2665927,0.002000093460083008
229663,normal,3343,1,1782361314.2685933,0.002000570297241211
229664,normal,1495,0,1782361314.2706335,0.0020401477813720703
229665,normal,2780,0,1782361314.2726095,0.00197601318359375
229666,normal,1939,0,1782361314.2745974,0.001987934112548828
229667,normal,330,0,1782361314.2766068,0.0020093917846679688
229668,normal,2919,0,1782361314.2786016,0.0019948482513427734
229669,normal,839,2,1782361314.2807033,0.0021016597747802734
229670,normal,2317,0,1782361314.2825983,0.0018949508666992188
229671,normal,3472,0,1782361314.284737,0.002138853073120117
229672,normal,1740,0,1782361314.2866488,0.0019116401672363281
229673,normal,3255,1,1782361314.2886126,0.0019638538360595703
229674,normal,2819,0,1782361314.2906375,0.0020248889923095703
229675,normal,965,2,1782361314.2926264,0.0019888877868652344
229676,normal,52,0,1782361314.2946277,0.0020012855529785156
229677,normal,115,0,1782361314.2966292,0.002001523971557617
229678,normal,166,0,1782361314.2986283,0.0019991397857666016
229679,normal,3206,1,1782361314.3006246,0.001996278762817383
229680,normal,1398,0,1782361314.302593,0.0019683837890625
229681,normal,124,0,1782361314.304629,0.0020360946655273438
229682,normal,2857,0,1782361314.3066242,0.001995086669921875
229683,normal,1550,0,1782361314.3086293,0.0020051002502441406
229684,normal,2149,0,1782361314.3106306,0.0020012855529785156
229685,normal,1894,0,1782361314.3126018,0.0019712448120117188
229686,normal,2465,0,1782361314.3146124,0.0020105838775634766
229687,normal,804,2,1782361314.3166237,0.0020112991333007812
229688,normal,2151,0,1782361314.318621,0.001997232437133789
229689,normal,2637,0,1782361314.3206348,0.0020139217376708984
229690,normal,2057,0,1782361314.3226187,0.0019838809967041016
229691,normal,3552,0,1782361314.324626,0.0020072460174560547
229692,normal,156,0,1782361314.326593,0.0019669532775878906
229693,normal,1563,0,1782361314.3287163,0.0021233558654785156
229694,normal,2230,0,1782361314.3306386,0.0019223690032958984
229695,normal,245,0,1782361314.332638,0.001999378204345703
229696,normal,1731,0,1782361314.3347135,0.0020754337310791016
229697,normal,1458,0,1782361314.3366585,0.0019450187683105469
229698,normal,1371,1,1782361314.3386238,0.0019652843475341797
229699,normal,991,2,1782361314.3406942,0.0020704269409179688
229700,normal,2835,0,1782361314.3426926,0.001998424530029297
229701,normal,1635,0,1782361314.344611,0.0019183158874511719
229702,normal,1030,0,1782361314.3466976,0.002086639404296875
229703,normal,3459,0,1782361314.3486862,0.001988649368286133
229704,normal,2234,0,1782361314.3505976,0.0019114017486572266
229705,normal,641,0,1782361314.3526387,0.0020411014556884766
229706,normal,600,0,1782361314.3547041,0.002065420150756836
229707,normal,522,0,1782361314.3566437,0.001939535140991211
229708,normal,2870,0,1782361314.3587034,0.0020596981048583984
229709,normal,988,2,1782361314.360641,0.0019376277923583984
229710,normal,2567,0,1782361314.362705,0.0020639896392822266
229711,normal,2959,0,1782361314.3646853,0.001980304718017578
229712,normal,404,0,1782361314.3667018,0.0020165443420410156
229713,normal,1031,0,1782361314.368646,0.0019440650939941406
229714,normal,1418,0,1782361314.3706954,0.0020494461059570312
229715,normal,1267,0,1782361314.3727005,0.0020051002502441406
229716,normal,1395,0,1782361314.3746383,0.0019378662109375
229717,normal,2894,0,1782361314.3766994,0.002061128616333008
229718,normal,286,0,1782361314.378695,0.001995563507080078
229719,normal,2393,0,1782361314.3806367,0.001941680908203125
229720,normal,2927,0,1782361314.3826966,0.0020599365234375
229721,normal,128,0,1782361314.3846383,0.001941680908203125
229722,normal,1000,2,1782361314.3866942,0.0020558834075927734
229723,normal,2196,0,1782361314.3886955,0.0020012855529785156
229724,normal,2762,0,1782361314.3907008,0.002005338668823242
229725,normal,832,2,1782361314.392646,0.0019452571868896484
229726,normal,529,0,1782361314.3946974,0.0020513534545898438
229727,normal,50,0,1782361314.3966374,0.001940011978149414
229728,normal,2516,0,1782361314.3986912,0.0020537376403808594
229729,normal,2786,0,1782361314.400698,0.0020067691802978516
229730,normal,102,0,1782361314.402701,0.0020029544830322266
229731,normal,2477,0,1782361314.4046378,0.0019369125366210938
229732,normal,206,0,1782361314.4066968,0.0020589828491210938
229733,normal,2758,0,1782361314.408698,0.0020012855529785156
229734,normal,2484,0,1782361314.4106119,0.0019137859344482422
229735,normal,1913,0,1782361314.412684,0.0020720958709716797
229736,normal,538,0,1782361314.4147072,0.0020232200622558594
229737,normal,383,0,1782361314.4166822,0.0019750595092773438
229738,normal,3318,1,1782361314.4186966,0.0020143985748291016
229739,normal,798,2,1782361314.4206371,0.0019404888153076172
229740,normal,7,0,1782361314.4226909,0.0020537376403808594
229741,normal,3207,1,1782361314.4246962,0.002005338668823242
229742,normal,2904,0,1782361314.426694,0.001997709274291992
229743,normal,316,0,1782361314.4286351,0.0019412040710449219
229744,normal,773,2,1782361314.4306977,0.002062559127807617
229745,normal,419,0,1782361314.4326565,0.0019588470458984375
229746,normal,844,2,1782361314.4346957,0.002039194107055664
229747,normal,1658,0,1782361314.4366374,0.001941680908203125
229748,normal,1754,0,1782361314.438701,0.0020635128021240234
229749,normal,1232,0,1782361314.4406395,0.0019385814666748047
229750,normal,2198,0,1782361314.4427304,0.002090930938720703
229751,normal,1544,0,1782361314.4446387,0.0019083023071289062
229752,normal,3098,1,1782361314.4466927,0.002053976058959961
229753,normal,1683,0,1782361314.448695,0.002002239227294922
229754,normal,2600,0,1782361314.4506354,0.0019404888153076172
229755,normal,3230,1,1782361314.4526904,0.002054929733276367
229756,normal,1473,0,1782361314.4546967,0.0020062923431396484
229757,normal,15,0,1782361314.4566364,0.0019397735595703125
229758,normal,1421,0,1782361314.458693,0.002056598663330078
229759,normal,508,0,1782361314.4606972,0.0020041465759277344
229760,normal,451,0,1782361314.462634,0.0019369125366210938
229761,normal,3320,1,1782361314.4646912,0.0020570755004882812
229762,normal,1475,0,1782361314.4667063,0.0020151138305664062
229763,normal,1011,2,1782361314.4687028,0.0019965171813964844
229764,normal,3015,0,1782361314.470637,0.0019342899322509766
229765,normal,3280,1,1782361314.4726982,0.002061128616333008
229766,normal,2369,0,1782361314.4746366,0.0019383430480957031
229767,normal,2980,0,1782361314.476692,0.0020554065704345703
229768,normal,3670,0,1782361314.478698,0.002006053924560547
229769,normal,405,0,1782361314.4806972,0.0019991397857666016
229770,normal,2464,0,1782361314.482636,0.0019388198852539062
229771,normal,1362,1,1782361314.4846952,0.0020592212677001953
229772,normal,1079,0,1782361314.4866948,0.0019996166229248047
229773,normal,2770,0,1782361314.4886374,0.0019426345825195312
229774,normal,3682,0,1782361314.4906976,0.0020601749420166016
229775,normal,3596,0,1782361314.4926958,0.0019981861114501953
229776,normal,3542,0,1782361314.4946332,0.0019373893737792969
229777,normal,2961,0,1782361314.4966965,0.002063274383544922
229778,normal,201,0,1782361314.4986956,0.0019991397857666016
229779,normal,3674,0,1782361314.5006366,0.0019409656524658203
229780,normal,2307,0,1782361314.5026958,0.0020592212677001953
229781,normal,1099,0,1782361314.5046325,0.0019366741180419922
229782,normal,3410,0,1782361314.5066893,0.0020568370819091797
229783,normal,2068,0,1782361314.5086942,0.002004861831665039
229784,normal,1926,0,1782361314.5106378,0.0019435882568359375
229785,normal,480,0,1782361314.5126917,0.002053976058959961
229786,normal,1409,0,1782361314.5146964,0.0020046234130859375
229787,normal,1375,1,1782361314.5166357,0.0019392967224121094
229788,normal,269,0,1782361314.5186908,0.0020551681518554688
229789,normal,3546,0,1782361314.5206983,0.0020074844360351562
229790,normal,2026,0,1782361314.5226932,0.0019948482513427734
229791,normal,38,0,1782361314.5246317,0.0019385814666748047
229792,normal,3401,1,1782361314.5266964,0.0020647048950195312
229793,normal,3698,0,1782361314.5286093,0.001912832260131836
229794,normal,192,0,1782361314.530695,0.0020856857299804688
229795,normal,225,0,1782361314.5326967,0.0020017623901367188
229796,normal,2256,0,1782361314.5346942,0.0019974708557128906
229797,normal,2174,0,1782361314.5366328,0.0019385814666748047
229798,normal,1073,0,1782361314.5386949,0.002062082290649414
229799,normal,379,0,1782361314.5406983,0.0020034313201904297
229800,normal,3092,1,1782361314.542633,0.0019347667694091797
229801,normal,2353,0,1782361314.5446951,0.002062082290649414
229802,normal,1886,0,1782361314.5466928,0.001997709274291992
229803,normal,2335,0,1782361314.54864,0.001947164535522461
229804,normal,3404,0,1782361314.5506961,0.002056121826171875
229805,normal,3004,0,1782361314.5526366,0.0019404888153076172
229806,normal,3117,1,1782361314.5546906,0.002053976058959961
229807,normal,1504,0,1782361314.5566943,0.0020036697387695312
229808,normal,2223,0,1782361314.5586963,0.0020020008087158203
229809,normal,369,0,1782361314.5606353,0.0019390583038330078
229810,normal,191,0,1782361314.5627093,0.002074003219604492
229811,normal,3392,1,1782361314.5646374,0.001928091049194336
229812,normal,2557,0,1782361314.5667005,0.0020630359649658203
229813,normal,1950,0,1782361314.5686958,0.0019953250885009766
229814,normal,2215,0,1782361314.5706947,0.0019989013671875
229815,normal,2538,0,1782361314.5726364,0.001941680908203125
229816,normal,803,2,1782361314.5746994,0.0020630359649658203
229817,normal,3606,0,1782361314.5766952,0.0019958019256591797
229818,normal,3072,1,1782361314.5786345,0.0019392967224121094
229819,normal,1098,0,1782361314.5807023,0.0020678043365478516
229820,normal,2383,0,1782361314.5826964,0.0019941329956054688
229821,normal,1902,0,1782361314.5846453,0.0019488334655761719
229822,normal,2419,0,1782361314.5866957,0.0020503997802734375
229823,normal,976,2,1782361314.5886397,0.0019440650939941406
229824,normal,2887,0,1782361314.590691,0.0020513534545898438
229825,normal,1496,0,1782361314.5926948,0.0020036697387695312
229826,normal,2946,0,1782361314.5947044,0.0020096302032470703
229827,normal,144,0,1782361314.5966415,0.0019371509552001953
229828,normal,2265,0,1782361314.5988271,0.0021855831146240234
229829,normal,407,0,1782361314.6006358,0.0018086433410644531
229830,normal,3455,0,1782361314.6027005,0.0020647048950195312
229831,normal,638,0,1782361314.6046934,0.001992940902709961
229832,normal,1320,1,1782361314.6066937,0.0020003318786621094
229833,normal,3298,1,1782361314.608633,0.0019392967224121094
229834,normal,3143,1,1782361314.6106937,0.0020606517791748047
229835,normal,2640,0,1782361314.6126144,0.0019207000732421875
229836,normal,2778,0,1782361314.614703,0.0020885467529296875
229837,normal,927,2,1782361314.6166394,0.0019364356994628906
229838,normal,3428,0,1782361314.6187031,0.002063751220703125
229839,normal,2188,0,1782361314.6206412,0.0019381046295166016
229840,normal,667,0,1782361314.6226988,0.0020575523376464844
229841,normal,2864,0,1782361314.6246932,0.0019943714141845703
229842,normal,2622,0,1782361314.6266387,0.00194549560546875
229843,normal,290,0,1782361314.6286955,0.0020568370819091797
229844,normal,1831,0,1782361314.6306353,0.0019397735595703125
229845,normal,2605,0,1782361314.6326916,0.0020563602447509766
229846,normal,1431,0,1782361314.6346402,0.0019485950469970703
229847,normal,105,0,1782361314.6366956,0.0020554065704345703
229848,normal,3529,0,1782361314.638633,0.0019373893737792969
229849,normal,1604,0,1782361314.640695,0.002062082290649414
229850,normal,3100,1,1782361314.642633,0.0019378662109375
229851,normal,2967,0,1782361314.6446989,0.002065896987915039
229852,normal,185,0,1782361314.646695,0.0019960403442382812
229853,normal,2010,0,1782361314.6486957,0.0020008087158203125
229854,normal,437,0,1782361314.6506321,0.0019364356994628906
229855,normal,3512,0,1782361314.6526957,0.0020635128021240234
229856,normal,3126,1,1782361314.6546972,0.002001523971557617
229857,normal,1548,0,1782361314.6566348,0.0019376277923583984
229858,normal,3562,0,1782361314.6586957,0.0020608901977539062
229859,normal,1892,0,1782361314.6606362,0.0019404888153076172
229860,normal,228,0,1782361314.662689,0.002052783966064453
229861,normal,1812,0,1782361314.6646907,0.0020017623901367188
229862,normal,2355,0,1782361314.6666362,0.00194549560546875
229863,normal,2551,0,1782361314.668692,0.0020558834075927734
229864,normal,2684,0,1782361314.6706958,0.0020036697387695312
229865,normal,1826,0,1782361314.672635,0.0019392967224121094
229866,normal,3378,1,1782361314.6746902,0.0020551681518554688
229867,normal,2397,0,1782361314.676697,0.0020067691802978516
229868,normal,1293,0,1782361314.6786356,0.0019385814666748047
229869,normal,2950,0,1782361314.6806927,0.0020570755004882812
229870,normal,2481,0,1782361314.6827123,0.002019643783569336
229871,normal,76,0,1782361314.6846395,0.0019271373748779297
229872,normal,123,0,1782361314.6867137,0.0020742416381835938
229873,normal,1157,0,1782361314.6886363,0.001922607421875
229874,normal,3700,0,1782361314.6906958,0.002059459686279297
229875,normal,3079,1,1782361314.6926339,0.0019381046295166016
229876,normal,1640,0,1782361314.6946936,0.0020596981048583984
229877,normal,563,0,1782361314.6966953,0.0020017623901367188
229878,normal,2604,0,1782361314.6986337,0.0019383430480957031
229879,normal,3161,1,1782361314.7006917,0.0020580291748046875
229880,normal,2679,0,1782361314.7026927,0.002001047134399414
229881,normal,3412,0,1782361314.7046382,0.00194549560546875
229882,normal,479,0,1782361314.7066908,0.0020525455474853516
229883,normal,971,2,1782361314.708696,0.0020051002502441406
229884,normal,3506,0,1782361314.7109504,0.002254486083984375
229885,normal,266,0,1782361314.7128682,0.0019178390502929688
229886,normal,93,0,1782361314.7146277,0.0017595291137695312
229887,normal,733,0,1782361314.7168362,0.0022084712982177734
229888,normal,395,0,1782361314.7186286,0.0017924308776855469
229889,normal,233,0,1782361314.7208157,0.002187013626098633
229890,normal,1606,0,1782361314.7228355,0.0020198822021484375
229891,normal,354,0,1782361314.7246258,0.0017902851104736328
229892,normal,1827,0,1782361314.7267485,0.002122640609741211
229893,normal,3502,0,1782361314.7288196,0.0020711421966552734
229894,normal,3635,0,1782361314.730595,0.001775503158569336
229895,normal,2925,0,1782361314.7327795,0.0021843910217285156
229896,normal,2966,0,1782361314.7345922,0.0018126964569091797
229897,normal,1699,0,1782361314.7366247,0.0020325183868408203
229898,normal,1566,0,1782361314.7386265,0.0020017623901367188
229899,normal,1846,0,1782361314.74064,0.0020134449005126953
229900,normal,476,0,1782361314.742638,0.0019981861114501953
229901,normal,2611,0,1782361314.7446408,0.002002716064453125
229902,normal,3621,0,1782361314.7465641,0.0019233226776123047
229903,normal,2017,0,1782361314.7488377,0.0022735595703125
229904,normal,1169,0,1782361314.7507355,0.0018978118896484375
229905,normal,3549,0,1782361314.752653,0.0019173622131347656
229906,normal,2830,0,1782361314.7546227,0.0019698143005371094
229907,normal,2536,0,1782361314.756576,0.0019533634185791016
229908,normal,2815,0,1782361314.7586362,0.0020601749420166016
229909,normal,3362,1,1782361314.7606332,0.0019969940185546875
229910,normal,2623,0,1782361314.7626987,0.002065420150756836
229911,normal,1408,0,1782361314.7646468,0.0019481182098388672
229912,normal,1146,0,1782361314.7665539,0.0019071102142333984
229913,normal,1580,0,1782361314.7686472,0.0020933151245117188
229914,normal,2518,0,1782361314.770638,0.001990795135498047
229915,normal,279,0,1782361314.7726307,0.0019927024841308594
229916,normal,3709,0,1782361314.7745564,0.0019257068634033203
229917,normal,3491,0,1782361314.776637,0.002080678939819336
229918,normal,1502,0,1782361314.77885,0.002213001251220703
229919,normal,441,0,1782361314.7805593,0.0017092227935791016
229920,normal,3050,1,1782361314.7828472,0.0022878646850585938
229921,normal,2676,0,1782361314.7846236,0.0017764568328857422
229922,normal,3016,0,1782361314.7868378,0.002214193344116211
229923,normal,2626,0,1782361314.7886372,0.0017993450164794922
229924,normal,1183,0,1782361314.7908356,0.002198457717895508
229925,normal,2941,0,1782361314.7926283,0.0017926692962646484
229926,normal,2443,0,1782361314.794855,0.0022268295288085938
229927,normal,1013,2,1782361314.7966228,0.0017676353454589844
229928,normal,2075,0,1782361314.7988327,0.002209901809692383
229929,normal,3124,1,1782361314.8006313,0.0017986297607421875
229930,normal,3655,0,1782361314.8028433,0.002212047576904297
229931,normal,1303,0,1782361314.8046248,0.001781463623046875
229932,normal,873,2,1782361314.8068452,0.0022203922271728516
229933,normal,2446,0,1782361314.808625,0.001779794692993164
229934,normal,2847,0,1782361314.8108373,0.0022122859954833984
229935,normal,1039,0,1782361314.8126404,0.0018031597137451172
229936,normal,3675,0,1782361314.8148422,0.0022017955780029297
229937,normal,887,2,1782361314.8166285,0.0017862319946289062
229938,normal,1139,0,1782361314.818835,0.002206563949584961
229939,normal,2942,0,1782361314.82063,0.001795053482055664
229940,normal,3634,0,1782361314.8228216,0.0021915435791015625
229941,normal,273,0,1782361314.8246253,0.0018036365509033203
229942,normal,605,0,1782361314.8268743,0.002249002456665039
229943,normal,1636,0,1782361314.8286355,0.0017611980438232422
229944,normal,2405,0,1782361314.8308454,0.002209901809692383
229945,normal,1217,0,1782361314.8326292,0.0017838478088378906
229946,normal,966,2,1782361314.8348434,0.002214193344116211
229947,normal,521,0,1782361314.8366315,0.0017881393432617188
229948,normal,957,2,1782361314.8388526,0.0022211074829101562
229949,normal,3129,1,1782361314.8406234,0.0017707347869873047
229950,normal,1805,0,1782361314.8428805,0.002257108688354492
229951,normal,3265,1,1782361314.844626,0.001745462417602539
229952,normal,663,0,1782361314.8468456,0.002219676971435547
229953,normal,1459,0,1782361314.848683,0.0018374919891357422
229954,normal,2473,0,1782361314.8507771,0.0020940303802490234
229955,normal,1545,0,1782361314.8525918,0.0018146038055419922
229956,normal,1158,0,1782361314.8546407,0.002048969268798828
229957,normal,1454,0,1782361314.8566263,0.0019855499267578125
229958,normal,1310,0,1782361314.858633,0.0020067691802978516
229959,normal,3074,1,1782361314.8606482,0.0020151138305664062
229960,normal,2261,0,1782361314.8626266,0.0019783973693847656
229961,normal,2596,0,1782361314.8646283,0.0020017623901367188
229962,normal,2155,0,1782361314.8666387,0.002010345458984375
229963,normal,1465,0,1782361314.8686244,0.001985788345336914
229964,normal,630,0,1782361314.870626,0.002001523971557617
229965,normal,3520,0,1782361314.872643,0.0020170211791992188
229966,normal,2836,0,1782361314.8746278,0.001984834671020508
229967,normal,2180,0,1782361314.8766263,0.001998424530029297
229968,normal,1882,0,1782361314.8786438,0.002017498016357422
229969,normal,2140,0,1782361314.8806252,0.001981496810913086
229970,normal,3118,1,1782361314.8826303,0.0020051002502441406
229971,normal,2039,0,1782361314.8846512,0.0020208358764648438
229972,normal,2288,0,1782361314.8872626,0.002611398696899414
229973,normal,2970,0,1782361314.8886197,0.0013570785522460938
229974,normal,411,0,1782361314.8908179,0.0021982192993164062
229975,normal,1717,0,1782361314.8926387,0.0018208026885986328
229976,normal,1693,0,1782361314.8947835,0.0021448135375976562
229977,normal,1457,0,1782361314.8965988,0.0018153190612792969
229978,normal,3557,0,1782361314.8986309,0.002032041549682617
229979,normal,743,0,1782361314.9006357,0.002004861831665039
229980,normal,616,0,1782361314.9026473,0.002011537551879883
229981,normal,1020,2,1782361314.9045956,0.0019483566284179688
229982,normal,1247,0,1782361314.9066293,0.002033710479736328
229983,normal,788,2,1782361314.9086328,0.0020034313201904297
229984,normal,1016,2,1782361314.9106567,0.002023935317993164
229985,normal,110,0,1782361314.912596,0.0019392967224121094
229986,normal,2746,0,1782361314.914629,0.0020329952239990234
229987,normal,1659,0,1782361314.9166558,0.002026796340942383
229988,normal,1001,2,1782361314.9185936,0.0019378662109375
229989,normal,2069,0,1782361314.920641,0.002047300338745117
229990,normal,1046,0,1782361314.9226272,0.001986265182495117
229991,normal,1629,0,1782361314.9246538,0.0020265579223632812
229992,normal,2207,0,1782361314.9266508,0.0019969940185546875
229993,normal,3063,1,1782361314.9286058,0.0019550323486328125
229994,normal,1937,0,1782361314.9306517,0.002045869827270508
229995,normal,3242,1,1782361314.9326506,0.0019989013671875
229996,normal,2817,0,1782361314.934706,0.0020554065704345703
229997,normal,2229,0,1782361314.9365685,0.0018625259399414062
229998,normal,2127,0,1782361314.93865,0.0020813941955566406
229999,normal,2067,0,1782361314.9406383,0.0019884109497070312
230000,normal,23,0,1782361314.9426367,0.001998424530029297
230001,normal,793,2,1782361314.9446313,0.001994609832763672
230002,normal,3157,1,1782361314.9466262,0.0019948482513427734
230003,normal,1142,0,1782361314.9486332,0.002007007598876953
230004,normal,247,0,1782361314.9506555,0.002022266387939453
230005,normal,2070,0,1782361314.9526024,0.0019469261169433594
230006,normal,575,0,1782361314.9546328,0.0020303726196289062
230007,normal,1058,0,1782361314.9566472,0.0020143985748291016
230008,normal,3314,1,1782361314.9585967,0.0019495487213134766
230009,normal,1954,0,1782361314.9606302,0.0020334720611572266
230010,normal,2416,0,1782361314.962643,0.0020127296447753906
230011,normal,1272,0,1782361314.9646313,0.0019884109497070312
230012,normal,2441,0,1782361314.9666278,0.0019965171813964844
230013,normal,3456,0,1782361314.9687016,0.0020737648010253906
230014,normal,3696,0,1782361314.9705946,0.0018930435180664062
230015,normal,3239,1,1782361314.9726326,0.0020380020141601562
230016,normal,13,0,1782361314.9746413,0.002008676528930664
230017,normal,1313,0,1782361314.9766326,0.00199127197265625
230018,normal,270,0,1782361314.9786384,0.0020058155059814453
230019,normal,3108,1,1782361314.9806428,0.002004384994506836
230020,normal,2985,0,1782361314.9826338,0.0019910335540771484
230021,normal,345,0,1782361314.984634,0.002000093460083008
230022,normal,2714,0,1782361314.9866414,0.0020074844360351562
230023,normal,2589,0,1782361314.9886327,0.00199127197265625
230024,normal,2692,0,1782361314.9906294,0.001996755599975586
230025,normal,2956,0,1782361314.9926414,0.002012014389038086
230026,normal,2893,0,1782361314.9946327,0.00199127197265625
230027,normal,74,0,1782361314.996633,0.0020003318786621094
230028,normal,2366,0,1782361314.9986424,0.0020093917846679688
230029,normal,1361,1,1782361315.0006368,0.0019943714141845703
230030,normal,3084,1,1782361315.0026464,0.0020096302032470703
230031,normal,415,0,1782361315.004633,0.0019865036010742188
230032,normal,1043,0,1782361315.00664,0.002007007598876953
230033,normal,474,0,1782361315.0086298,0.0019898414611816406
230034,normal,760,0,1782361315.0106394,0.0020096302032470703
230035,normal,2162,0,1782361315.012748,0.0021085739135742188
230036,normal,1595,0,1782361315.0146034,0.0018553733825683594
230037,normal,3178,1,1782361315.0167038,0.0021004676818847656
230038,normal,918,2,1782361315.0185978,0.0018939971923828125
230039,normal,1553,0,1782361315.020695,0.0020971298217773438
230040,normal,1166,0,1782361315.022641,0.0019459724426269531
230041,normal,3610,0,1782361315.0246336,0.0019927024841308594
230042,normal,3664,0,1782361315.026641,0.0020072460174560547
230043,normal,2993,0,1782361315.0286415,0.002000570297241211
230044,normal,2401,0,1782361315.0306406,0.0019991397857666016
230045,normal,1419,0,1782361315.0326293,0.001988649368286133
230046,normal,2825,0,1782361315.034639,0.0020096302032470703
230047,normal,2429,0,1782361315.0366309,0.0019919872283935547
230048,normal,1144,0,1782361315.0386293,0.001998424530029297
230049,normal,3478,0,1782361315.0406444,0.0020151138305664062
230050,normal,3521,0,1782361315.0426273,0.0019829273223876953
230051,normal,919,2,1782361315.0446305,0.002003192901611328
230052,normal,1007,2,1782361315.046638,0.0020074844360351562
230053,normal,3601,0,1782361315.048631,0.001992940902709961
230054,normal,1070,0,1782361315.0506306,0.0019996166229248047
230055,normal,54,0,1782361315.0526454,0.0020148754119873047
230056,normal,2738,0,1782361315.0546455,0.002000093460083008
230057,normal,3224,1,1782361315.0566359,0.0019903182983398438
230058,normal,2599,0,1782361315.0586398,0.002003908157348633
230059,normal,2091,0,1782361315.0606346,0.0019948482513427734
230060,normal,1637,0,1782361315.0626292,0.001994609832763672
230061,normal,3217,1,1782361315.0647817,0.0021524429321289062
230062,normal,2290,0,1782361315.066593,0.0018112659454345703
230063,normal,2811,0,1782361315.0686336,0.0020406246185302734
230064,normal,1881,0,1782361315.0706363,0.002002716064453125
230065,normal,1254,0,1782361315.0726423,0.002006053924560547
230066,normal,2854,0,1782361315.0745964,0.0019540786743164062
230067,normal,1474,0,1782361315.0767055,0.002109050750732422
230068,normal,2890,0,1782361315.078629,0.0019235610961914062
230069,normal,1702,0,1782361315.0806303,0.0020012855529785156
230070,normal,3556,0,1782361315.082641,0.0020105838775634766
230071,normal,1529,0,1782361315.0846372,0.001996278762817383
230072,normal,2527,0,1782361315.0865998,0.0019626617431640625
230073,normal,2004,0,1782361315.0886428,0.002043008804321289
230074,normal,1990,0,1782361315.090638,0.001995086669921875
230075,normal,2312,0,1782361315.0926034,0.0019655227661132812
230076,normal,2562,0,1782361315.0946589,0.0020554065704345703
230077,normal,1630,0,1782361315.0965943,0.0019354820251464844
230078,normal,3195,1,1782361315.0986273,0.0020329952239990234
230079,normal,1309,0,1782361315.1006413,0.0020139217376708984
230080,normal,739,0,1782361315.1026366,0.0019953250885009766
230081,normal,2496,0,1782361315.1045926,0.0019559860229492188
230082,normal,2805,0,1782361315.106637,0.0020444393157958984
230083,normal,428,0,1782361315.1086261,0.001989126205444336
230084,normal,2675,0,1782361315.1106358,0.0020096302032470703
230085,normal,3416,0,1782361315.1126487,0.002012968063354492
230086,normal,1521,0,1782361315.1146383,0.001989603042602539
230087,normal,2301,0,1782361315.116798,0.002159595489501953
230088,normal,3220,1,1782361315.1186526,0.0018546581268310547
230089,normal,346,0,1782361315.1208427,0.002190113067626953
230090,normal,2895,0,1782361315.1226416,0.001798868179321289
230091,normal,3044,0,1782361315.124722,0.0020804405212402344
230092,normal,2645,0,1782361315.1266358,0.0019137859344482422
230093,normal,2698,0,1782361315.1286433,0.0020074844360351562
230094,normal,623,0,1782361315.1306424,0.0019991397857666016
230095,normal,2342,0,1782361315.132637,0.001994609832763672
230096,normal,3250,1,1782361315.134645,0.0020079612731933594
230097,normal,768,0,1782361315.1366436,0.0019986629486083984
230098,normal,2911,0,1782361315.1386268,0.001983165740966797
230099,normal,810,2,1782361315.1405947,0.001967906951904297
230100,normal,3361,1,1782361315.142645,0.002050161361694336
230101,normal,2989,0,1782361315.1446202,0.0019752979278564453
230102,normal,1338,1,1782361315.1466377,0.002017498016357422
230103,normal,1982,0,1782361315.1486375,0.0019998550415039062
230104,normal,3592,0,1782361315.1506283,0.001990795135498047
230105,normal,297,0,1782361315.152589,0.00196075439453125
230106,normal,3216,1,1782361315.1546435,0.002054452896118164
230107,normal,176,0,1782361315.1566443,0.0020008087158203125
230108,normal,2241,0,1782361315.1586618,0.002017498016357422
230109,normal,1970,0,1782361315.160706,0.002044200897216797
230110,normal,363,0,1782361315.162695,0.0019888877868652344
230111,normal,3132,1,1782361315.164638,0.0019431114196777344
230112,normal,3627,0,1782361315.1667037,0.0020656585693359375
230113,normal,3483,0,1782361315.1686995,0.0019958019256591797
230114,normal,865,2,1782361315.1706443,0.0019447803497314453
230115,normal,2938,0,1782361315.1726415,0.001997232437133789
230116,normal,2269,0,1782361315.1746383,0.001996755599975586
230117,normal,2099,0,1782361315.1765938,0.0019555091857910156
230118,normal,1830,0,1782361315.1786375,0.0020437240600585938
230119,normal,547,0,1782361315.1806417,0.0020041465759277344
230120,normal,1585,0,1782361315.1825964,0.001954793930053711
230121,normal,2812,0,1782361315.1846426,0.0020461082458496094
230122,normal,44,0,1782361315.1866274,0.001984834671020508
230123,normal,130,0,1782361315.188628,0.002000570297241211
230124,normal,2647,0,1782361315.1906393,0.0020112991333007812
230125,normal,1627,0,1782361315.1926286,0.0019893646240234375
230126,normal,2846,0,1782361315.1946297,0.002001047134399414
230127,normal,979,2,1782361315.1966517,0.0020220279693603516
230128,normal,972,2,1782361315.1985946,0.0019428730010986328
230129,normal,3561,0,1782361315.200629,0.002034425735473633
230130,normal,16,0,1782361315.2026384,0.0020093917846679688
230131,normal,3693,0,1782361315.2046258,0.001987457275390625
230132,normal,3686,0,1782361315.2066286,0.002002716064453125
230133,normal,3434,0,1782361315.2086377,0.002009153366088867
230134,normal,825,2,1782361315.210627,0.0019893646240234375
230135,normal,1108,0,1782361315.2126956,0.0020685195922851562
230136,normal,878,2,1782361315.2147362,0.0020406246185302734
230137,normal,2793,0,1782361315.2166374,0.0019011497497558594
230138,normal,51,0,1782361315.2186952,0.002057790756225586
230139,normal,1329,1,1782361315.2206917,0.0019965171813964844
230140,normal,1053,0,1782361315.222637,0.0019452571868896484
230141,normal,770,0,1782361315.2246943,0.002057313919067383
230142,normal,2542,0,1782361315.2266965,0.002002239227294922
230143,normal,1568,0,1782361315.2286377,0.0019412040710449219
230144,normal,2349,0,1782361315.230689,0.0020513534545898438
230145,normal,2062,0,1782361315.232688,0.0019989013671875
230146,normal,2169,0,1782361315.2346914,0.0020034313201904297
230147,normal,2901,0,1782361315.236633,0.001941680908203125
230148,normal,326,0,1782361315.2386851,0.0020520687103271484
230149,normal,3469,0,1782361315.240693,0.0020079612731933594
230150,normal,2934,0,1782361315.242632,0.0019388198852539062
230151,normal,3115,1,1782361315.244692,0.0020601749420166016
230152,normal,2704,0,1782361315.2467012,0.002009153366088867
230153,normal,1322,1,1782361315.2486334,0.0019321441650390625
230154,normal,3249,1,1782361315.2506905,0.0020570755004882812
230155,normal,2584,0,1782361315.2526958,0.002005338668823242
230156,normal,2732,0,1782361315.2546387,0.0019428730010986328
230157,normal,954,2,1782361315.2566886,0.0020499229431152344
230158,normal,2501,0,1782361315.2586915,0.0020029544830322266
230159,normal,210,0,1782361315.2606373,0.0019457340240478516
230160,normal,1569,0,1782361315.26269,0.002052783966064453
230161,normal,281,0,1782361315.2646892,0.0019991397857666016
230162,normal,535,0,1782361315.2666335,0.0019443035125732422
230163,normal,1265,0,1782361315.268692,0.0020585060119628906
230164,normal,3622,0,1782361315.2706587,0.001966714859008789
230165,normal,2132,0,1782361315.2726324,0.0019736289978027344
230166,normal,1730,0,1782361315.2746892,0.0020568370819091797
230167,normal,324,0,1782361315.2766888,0.0019996166229248047
230168,normal,1508,0,1782361315.278686,0.001997232437133789
230169,normal,2759,0,1782361315.2806838,0.001997709274291992
230170,normal,561,0,1782361315.2826939,0.0020101070404052734
230171,normal,3070,1,1782361315.2846315,0.0019376277923583984
230172,normal,182,0,1782361315.2867033,0.002071857452392578
230173,normal,2610,0,1782361315.2886348,0.0019314289093017578
230174,normal,2487,0,1782361315.290691,0.002056121826171875
230175,normal,2926,0,1782361315.2926874,0.0019965171813964844
230176,normal,122,0,1782361315.2946901,0.002002716064453125
230177,normal,140,0,1782361315.2966506,0.0019605159759521484
230178,normal,1824,0,1782361315.2986863,0.0020356178283691406
230179,normal,2267,0,1782361315.300694,0.002007722854614258
230180,normal,2449,0,1782361315.3026335,0.001939535140991211
230181,normal,1348,1,1782361315.30469,0.0020563602447509766
230182,normal,1562,0,1782361315.306691,0.002001047134399414
230183,normal,577,0,1782361315.308632,0.0019409656524658203
230184,normal,2583,0,1782361315.3106875,0.002055644989013672
230185,normal,911,2,1782361315.3126328,0.0019452571868896484
230186,normal,367,0,1782361315.3146527,0.0020198822021484375
230187,normal,1263,0,1782361315.316648,0.0019953250885009766
230188,normal,2490,0,1782361315.3186843,0.0020363330841064453
230189,normal,658,0,1782361315.3206313,0.0019469261169433594
230190,normal,2345,0,1782361315.3226976,0.002066373825073242
230191,normal,1866,0,1782361315.3246343,0.0019366741180419922
230192,normal,1850,0,1782361315.3266907,0.0020563602447509766
230193,normal,2896,0,1782361315.3286884,0.001997709274291992
230194,normal,2021,0,1782361315.3306956,0.0020072460174560547
230195,normal,1215,0,1782361315.3326368,0.0019412040710449219
230196,normal,3538,0,1782361315.3346884,0.0020515918731689453
230197,normal,570,0,1782361315.33669,0.002001523971557617
230198,normal,614,0,1782361315.338632,0.0019421577453613281
230199,normal,258,0,1782361315.3406937,0.002061605453491211
230200,normal,1102,0,1782361315.3426902,0.0019965171813964844
230201,normal,712,0,1782361315.34463,0.0019397735595703125
230202,normal,2960,0,1782361315.3466544,0.002024412155151367
230203,normal,275,0,1782361315.3488476,0.0021932125091552734
230204,normal,416,0,1782361315.3506472,0.0017995834350585938
230205,normal,2407,0,1782361315.3528504,0.002203226089477539
230206,normal,3082,1,1782361315.3545995,0.0017490386962890625
230207,normal,772,2,1782361315.3567622,0.0021626949310302734
230208,normal,1206,0,1782361315.35859,0.0018277168273925781
230209,normal,2085,0,1782361315.360623,0.0020329952239990234
230210,normal,551,0,1782361315.362625,0.0020020008087158203
230211,normal,2110,0,1782361315.3646367,0.0020117759704589844
230212,normal,2421,0,1782361315.3666255,0.0019888877868652344
230213,normal,3009,0,1782361315.3686574,0.0020318031311035156
230214,normal,881,2,1782361315.3706539,0.0019965171813964844
230215,normal,3109,1,1782361315.3725984,0.0019445419311523438
230216,normal,3614,0,1782361315.374631,0.0020325183868408203
230217,normal,2173,0,1782361315.3766365,0.0020055770874023438
230218,normal,952,2,1782361315.3788142,0.002177715301513672
230219,normal,885,2,1782361315.3806398,0.001825571060180664
230220,normal,505,0,1782361315.3828387,0.002198934555053711
230221,normal,1526,0,1782361315.384689,0.0018503665924072266
230222,normal,2214,0,1782361315.386824,0.0021347999572753906
230223,normal,2434,0,1782361315.3887033,0.0018794536590576172
230224,normal,3194,1,1782361315.390839,0.002135753631591797
230225,normal,718,0,1782361315.392635,0.0017960071563720703
230226,normal,92,0,1782361315.3948376,0.0022025108337402344
230227,normal,3172,1,1782361315.39663,0.0017924308776855469
230228,normal,2539,0,1782361315.3988397,0.0022096633911132812
230229,normal,1262,0,1782361315.4006276,0.0017879009246826172
230230,normal,3420,0,1782361315.4028392,0.0022115707397460938
230231,normal,2295,0,1782361315.4046364,0.0017971992492675781
230232,normal,133,0,1782361315.406845,0.002208709716796875
230233,normal,2002,0,1782361315.4086251,0.0017800331115722656
230234,normal,2874,0,1782361315.4108403,0.002215147018432617
230235,normal,242,0,1782361315.4126859,0.0018455982208251953
230236,normal,2680,0,1782361315.4146333,0.0019474029541015625
230237,normal,157,0,1782361315.4168408,0.002207517623901367
230238,normal,218,0,1782361315.4187193,0.001878499984741211
230239,normal,1661,0,1782361315.4208486,0.0021293163299560547
230240,normal,2667,0,1782361315.4225967,0.0017480850219726562
230241,normal,250,0,1782361315.4246378,0.0020411014556884766
230242,normal,3329,1,1782361315.4266243,0.0019865036010742188
230243,normal,117,0,1782361315.4286323,0.0020079612731933594
230244,normal,3000,0,1782361315.430635,0.002002716064453125
230245,normal,2163,0,1782361315.4326298,0.0019948482513427734
230246,normal,3513,0,1782361315.434662,0.0020322799682617188
230247,normal,823,2,1782361315.4366412,0.0019791126251220703
230248,normal,3589,0,1782361315.4386237,0.001982450485229492
230249,normal,3293,1,1782361315.4406247,0.002001047134399414
230250,normal,792,2,1782361315.4426422,0.002017498016357422
230251,normal,3657,0,1782361315.444624,0.0019817352294921875
230252,normal,748,0,1782361315.4466295,0.0020055770874023438
230253,normal,2182,0,1782361315.4486291,0.0019996166229248047
230254,normal,1860,0,1782361315.4506214,0.0019922256469726562
230255,normal,1578,0,1782361315.452625,0.0020036697387695312
230256,normal,2650,0,1782361315.4546354,0.002010345458984375
230257,normal,321,0,1782361315.4566212,0.001985788345336914
230258,normal,2699,0,1782361315.4586248,0.0020036697387695312
230259,normal,2915,0,1782361315.4606366,0.0020117759704589844
230260,normal,410,0,1782361315.4626224,0.001985788345336914
230261,normal,1127,0,1782361315.4646292,0.0020067691802978516
230262,normal,1082,0,1782361315.4666219,0.0019927024841308594
230263,normal,3113,1,1782361315.4686244,0.0020024776458740234
230264,normal,70,0,1782361315.470623,0.0019986629486083984
230265,normal,1151,0,1782361315.4725897,0.001966714859008789
230266,normal,962,2,1782361315.474624,0.0020341873168945312
230267,normal,1727,0,1782361315.476619,0.001995086669921875
230268,normal,2008,0,1782361315.478622,0.0020029544830322266
230269,normal,2798,0,1782361315.4806285,0.00200653076171875
230270,normal,1988,0,1782361315.4826276,0.0019991397857666016
230271,normal,470,0,1782361315.4846516,0.002023935317993164
230272,normal,587,0,1782361315.4867423,0.0020906925201416016
230273,normal,933,2,1782361315.488585,0.0018427371978759766
230274,normal,555,0,1782361315.4906433,0.002058267593383789
230275,normal,820,2,1782361315.49263,0.0019867420196533203
230276,normal,1871,0,1782361315.4946241,0.0019941329956054688
230277,normal,1994,0,1782361315.4966388,0.002014636993408203
230278,normal,444,0,1782361315.4986317,0.001992940902709961
230279,normal,511,0,1782361315.5006282,0.0019965171813964844
230280,normal,1612,0,1782361315.502709,0.002080678939819336
230281,normal,2595,0,1782361315.504592,0.0018830299377441406
230282,normal,3114,1,1782361315.5066204,0.0020284652709960938
230283,normal,3421,0,1782361315.5086343,0.0020139217376708984
230284,normal,2541,0,1782361315.510627,0.0019927024841308594
230285,normal,343,0,1782361315.5126226,0.001995563507080078
230286,normal,2333,0,1782361315.5146248,0.002002239227294922
230287,normal,310,0,1782361315.5166335,0.002008676528930664
230288,normal,3163,1,1782361315.5186243,0.001990795135498047
230289,normal,14,0,1782361315.5206382,0.0020139217376708984
230290,normal,2512,0,1782361315.5226214,0.001983165740966797
230291,normal,3532,0,1782361315.5246377,0.002016305923461914
230292,normal,1336,1,1782361315.526638,0.0020003318786621094
230293,normal,409,0,1782361315.5286236,0.0019855499267578125
230294,normal,3451,0,1782361315.5306232,0.0019996166229248047
230295,normal,3441,0,1782361315.532592,0.001968860626220703
230296,normal,3608,0,1782361315.5346253,0.002033233642578125
230297,normal,232,0,1782361315.53663,0.0020046234130859375
230298,normal,813,2,1782361315.5386238,0.001993894577026367
230299,normal,2687,0,1782361315.5406299,0.002006053924560547
230300,normal,662,0,1782361315.5426219,0.0019919872283935547
230301,normal,2424,0,1782361315.5446231,0.0020012855529785156
230302,normal,2239,0,1782361315.546658,0.002034902572631836
230303,normal,1995,0,1782361315.5485907,0.0019326210021972656
230304,normal,2555,0,1782361315.550634,0.0020432472229003906
230305,normal,2337,0,1782361315.5526295,0.001995563507080078
230306,normal,3294,1,1782361315.554623,0.001993417739868164
230307,normal,1960,0,1782361315.5566423,0.0020194053649902344
230308,normal,2593,0,1782361315.5586233,0.001981019973754883
230309,normal,494,0,1782361315.5606296,0.0020062923431396484
230310,normal,1819,0,1782361315.5626476,0.002017974853515625
230311,normal,1763,0,1782361315.564629,0.001981496810913086
230312,normal,995,2,1782361315.5666225,0.001993417739868164
230313,normal,1582,0,1782361315.568642,0.0020194053649902344
230314,normal,3436,0,1782361315.5706215,0.0019795894622802734
230315,normal,3034,0,1782361315.5726333,0.0020117759704589844
230316,normal,1842,0,1782361315.5746396,0.0020062923431396484
230317,normal,1936,0,1782361315.5767,0.002060413360595703
230318,normal,239,0,1782361315.578634,0.001934051513671875
230319,normal,2841,0,1782361315.5806413,0.0020072460174560547
230320,normal,3656,0,1782361315.5826223,0.001981019973754883
230321,normal,1384,0,1782361315.5846295,0.0020072460174560547
230322,normal,2396,0,1782361315.58664,0.002010345458984375
230323,normal,1915,0,1782361315.5886219,0.001981973648071289
230324,normal,945,2,1782361315.590627,0.0020051002502441406
230325,normal,3302,1,1782361315.5926394,0.002012491226196289
230326,normal,1932,0,1782361315.5946207,0.0019812583923339844
230327,normal,3279,1,1782361315.5966308,0.0020101070404052734
230328,normal,3702,0,1782361315.5986404,0.0020096302032470703
230329,normal,161,0,1782361315.6006315,0.0019910335540771484
230330,normal,3270,1,1782361315.6026268,0.0019953250885009766
230331,normal,158,0,1782361315.60464,0.0020132064819335938
230332,normal,1925,0,1782361315.6066217,0.0019817352294921875
230333,normal,1801,0,1782361315.608629,0.0020072460174560547
230334,normal,97,0,1782361315.6106534,0.002024412155151367
230335,normal,2365,0,1782361315.6126945,0.0020411014556884766
230336,normal,1484,0,1782361315.6145816,0.0018870830535888672
230337,normal,2208,0,1782361315.616706,0.002124309539794922
230338,normal,778,2,1782361315.6186233,0.0019173622131347656
230339,normal,432,0,1782361315.6206255,0.002002239227294922
230340,normal,1904,0,1782361315.622639,0.0020134449005126953
230341,normal,3321,1,1782361315.6246445,0.0020055770874023438
230342,normal,1887,0,1782361315.6266236,0.0019791126251220703
230343,normal,2597,0,1782361315.6286435,0.0020198822021484375
230344,normal,487,0,1782361315.6306245,0.001981019973754883
230345,normal,502,0,1782361315.6326284,0.002003908157348633
230346,normal,643,0,1782361315.6346502,0.00202178955078125
230347,normal,932,2,1782361315.636591,0.0019407272338867188
230348,normal,463,0,1782361315.6386344,0.002043485641479492
230349,normal,1236,0,1782361315.640636,0.002001523971557617
230350,normal,3160,1,1782361315.6426468,0.002010822296142578
230351,normal,2415,0,1782361315.6446347,0.001987934112548828
230352,normal,109,0,1782361315.6466398,0.0020051002502441406
230353,normal,974,2,1782361315.6486313,0.0019915103912353516
230354,normal,1535,0,1782361315.6506217,0.0019903182983398438
230355,normal,2264,0,1782361315.6526396,0.002017974853515625
230356,normal,384,0,1782361315.6546338,0.0019941329956054688
230357,normal,1810,0,1782361315.6566582,0.002024412155151367
230358,normal,2809,0,1782361315.6586392,0.001981019973754883
230359,normal,2771,0,1782361315.6605854,0.0019462108612060547
230360,normal,320,0,1782361315.6625772,0.001991748809814453
230361,normal,2917,0,1782361315.6645803,0.002003192901611328
230362,normal,1513,0,1782361315.6665697,0.0019893646240234375
230363,normal,2228,0,1782361315.668572,0.002002239227294922
230364,normal,1572,0,1782361315.6706488,0.002076864242553711
230365,normal,1681,0,1782361315.672553,0.0019042491912841797
230366,normal,457,0,1782361315.6746404,0.0020873546600341797
230367,normal,2658,0,1782361315.6766436,0.002003192901611328
230368,normal,2210,0,1782361315.6786401,0.0019965171813964844
230369,normal,1821,0,1782361315.6806421,0.0020020008087158203
230370,normal,3671,0,1782361315.6826456,0.0020034313201904297
230371,normal,2624,0,1782361315.6845503,0.0019047260284423828
230372,normal,212,0,1782361315.6866455,0.0020952224731445312
230373,normal,2625,0,1782361315.6886473,0.0020017623901367188
230374,normal,1515,0,1782361315.6905534,0.0019061565399169922
230375,normal,1355,1,1782361315.6926413,0.002087831497192383
230376,normal,364,0,1782361315.6946611,0.0020198822021484375
230377,normal,1541,0,1782361315.6965542,0.0018930435180664062
230378,normal,863,2,1782361315.6986365,0.002082347869873047
230379,normal,1758,0,1782361315.7006423,0.0020058155059814453
230380,normal,1269,0,1782361315.7025785,0.001936197280883789
230381,normal,352,0,1782361315.7046363,0.002057790756225586
230382,normal,1207,0,1782361315.7066443,0.0020079612731933594
230383,normal,226,0,1782361315.708551,0.0019066333770751953
230384,normal,1686,0,1782361315.71063,0.002079010009765625
230385,normal,3473,0,1782361315.7126405,0.0020105838775634766
230386,normal,2797,0,1782361315.7147682,0.0021276473999023438
230387,normal,953,2,1782361315.716558,0.0017898082733154297
230388,normal,771,0,1782361315.7186508,0.0020928382873535156
230389,normal,1233,0,1782361315.7205539,0.0019030570983886719
230390,normal,34,0,1782361315.722632,0.0020780563354492188
230391,normal,705,0,1782361315.724641,0.002009153366088867
230392,normal,1239,0,1782361315.7265499,0.0019087791442871094
230393,normal,576,0,1782361315.728633,0.0020830631256103516
230394,normal,656,0,1782361315.7308795,0.0022466182708740234
230395,normal,850,2,1782361315.7325706,0.0016911029815673828
230396,normal,534,0,1782361315.734861,0.0022902488708496094
230397,normal,2724,0,1782361315.7366533,0.0017924308776855469
230398,normal,2782,0,1782361315.738753,0.002099752426147461
230399,normal,3235,1,1782361315.7405567,0.0018036365509033203
230400,normal,2469,0,1782361315.7428408,0.0022840499877929688
230401,normal,2460,0,1782361315.7448692,0.0020284652709960938
230402,normal,2329,0,1782361315.7466578,0.0017886161804199219
230403,normal,2869,0,1782361315.7488828,0.0022249221801757812
230404,normal,1647,0,1782361315.750614,0.0017311573028564453
230405,normal,2107,0,1782361315.7530334,0.0024194717407226562
230406,normal,1735,0,1782361315.7547557,0.0017223358154296875
230407,normal,1066,0,1782361315.7568934,0.0021376609802246094
230408,normal,1893,0,1782361315.7586887,0.0017952919006347656
230409,normal,3303,1,1782361315.760946,0.0022573471069335938
230410,normal,1231,0,1782361315.7626865,0.0017404556274414062
230411,normal,3101,1,1782361315.7650778,0.002391338348388672
230412,normal,3571,0,1782361315.7667665,0.0016887187957763672
230413,normal,1296,0,1782361315.7688823,0.0021157264709472656
230414,normal,1286,0,1782361315.77062,0.001737833023071289
230415,normal,300,0,1782361315.7728472,0.0022270679473876953
230416,normal,1632,0,1782361315.7746286,0.001781463623046875
230417,normal,723,0,1782361315.7768235,0.0021948814392089844
230418,normal,1199,0,1782361315.7786586,0.0018351078033447266
230419,normal,3381,1,1782361315.7808301,0.0021715164184570312
230420,normal,172,0,1782361315.7825687,0.0017385482788085938
230421,normal,1581,0,1782361315.7846365,0.0020678043365478516
230422,normal,2889,0,1782361315.7866244,0.001987934112548828
230423,normal,2031,0,1782361315.7885938,0.0019693374633789062
230424,normal,628,0,1782361315.7906406,0.002046823501586914
230425,normal,291,0,1782361315.7926238,0.001983165740966797
230426,normal,3264,1,1782361315.7945895,0.001965761184692383
230427,normal,2459,0,1782361315.7966497,0.0020601749420166016
230428,normal,2914,0,1782361315.7986252,0.001975536346435547
230429,normal,532,0,1782361315.8005948,0.001969575881958008
230430,normal,3599,0,1782361315.8026419,0.0020470619201660156
230431,normal,2928,0,1782361315.8046238,0.001981973648071289
230432,normal,2336,0,1782361315.8065922,0.0019683837890625
230433,normal,1780,0,1782361315.808622,0.0020296573638916016
230434,normal,585,0,1782361315.8106246,0.002002716064453125
230435,normal,845,2,1782361315.8125901,0.0019655227661132812
230436,normal,620,0,1782361315.8146002,0.0020101070404052734
230437,normal,460,0,1782361315.8166292,0.002028942108154297
230438,normal,2382,0,1782361315.8185892,0.0019600391387939453
230439,normal,811,2,1782361315.8206458,0.002056598663330078
230440,normal,754,0,1782361315.8226368,0.0019910335540771484
230441,normal,2876,0,1782361315.824591,0.0019540786743164062
230442,normal,567,0,1782361315.8266382,0.002047300338745117
230443,normal,288,0,1782361315.8286245,0.001986265182495117
230444,normal,1440,0,1782361315.8305895,0.001965045928955078
230445,normal,3174,1,1782361315.832644,0.002054452896118164
230446,normal,1450,0,1782361315.8346314,0.001987457275390625
230447,normal,170,0,1782361315.8366032,0.001971721649169922
230448,normal,1624,0,1782361315.838626,0.0020227432250976562
230449,normal,3524,0,1782361315.840626,0.002000093460083008
230450,normal,3197,1,1782361315.8425894,0.001963376998901367
230451,normal,1357,1,1782361315.8446374,0.002048015594482422
230452,normal,902,2,1782361315.846625,0.0019876956939697266
230453,normal,3533,0,1782361315.8485897,0.001964569091796875
230454,normal,2503,0,1782361315.8506405,0.0020508766174316406
230455,normal,2281,0,1782361315.8526235,0.0019829273223876953
230456,normal,2131,0,1782361315.8545923,0.001968860626220703
230457,normal,1463,0,1782361315.856638,0.0020456314086914062
230458,normal,1118,0,1782361315.8586261,0.0019881725311279297
230459,normal,1439,0,1782361315.86059,0.0019638538360595703
230460,normal,864,2,1782361315.8626401,0.002050161361694336
230461,normal,2083,0,1782361315.8646214,0.0019812583923339844
230462,normal,960,2,1782361315.866591,0.001969575881958008
230463,normal,1873,0,1782361315.868638,0.0020470619201660156
230464,normal,565,0,1782361315.8706248,0.0019867420196533203
230465,normal,1703,0,1782361315.872589,0.0019643306732177734
230466,normal,1147,0,1782361315.8746474,0.002058267593383789
230467,normal,439,0,1782361315.8766267,0.001979351043701172
230468,normal,3514,0,1782361315.8785913,0.001964569091796875
230469,normal,27,0,1782361315.88064,0.0020487308502197266
230470,normal,2735,0,1782361315.8826334,0.001993417739868164
230471,normal,298,0,1782361315.884592,0.001958608627319336
230472,normal,556,0,1782361315.886632,0.0020399093627929688
230473,normal,3256,1,1782361315.8886247,0.0019927024841308594
230474,normal,1404,0,1782361315.89059,0.0019652843475341797
230475,normal,3411,0,1782361315.8926942,0.0021042823791503906
230476,normal,3152,1,1782361315.8945932,0.0018990039825439453
230477,normal,3017,0,1782361315.896592,0.0019986629486083984
230478,normal,2385,0,1782361315.8986447,0.002052783966064453
230479,normal,1171,0,1782361315.9006264,0.0019817352294921875
230480,normal,1506,0,1782361315.9025917,0.0019652843475341797
230481,normal,678,0,1782361315.9046428,0.002051115036010742
230482,normal,3495,0,1782361315.906625,0.0019822120666503906
230483,normal,926,2,1782361315.9085906,0.0019655227661132812
230484,normal,916,2,1782361315.910645,0.002054452896118164
230485,normal,83,0,1782361315.9126234,0.0019783973693847656
230486,normal,782,2,1782361315.914598,0.0019745826721191406
230487,normal,2258,0,1782361315.916649,0.002051115036010742
230488,normal,3363,1,1782361315.9186296,0.0019805431365966797
230489,normal,2170,0,1782361315.920595,0.0019652843475341797
230490,normal,1651,0,1782361315.9226458,0.0020508766174316406
230491,normal,2615,0,1782361315.9246237,0.0019779205322265625
230492,normal,430,0,1782361315.9265943,0.001970529556274414
230493,normal,1407,0,1782361315.928643,0.0020487308502197266
230494,normal,63,0,1782361315.9306455,0.0020024776458740234
230495,normal,278,0,1782361315.9326038,0.0019583702087402344
230496,normal,2048,0,1782361315.934625,0.0020210742950439453
230497,normal,2164,0,1782361315.9366257,0.0020008087158203125
230498,normal,815,2,1782361315.9385908,0.001965045928955078
230499,normal,338,0,1782361315.940625,0.0020341873168945312
230500,normal,2672,0,1782361315.9426239,0.0019989013671875
230501,normal,3625,0,1782361315.9445913,0.0019674301147460938
230502,normal,3430,0,1782361315.9465983,0.002007007598876953
230503,normal,1383,0,1782361315.9487915,0.0021932125091552734
230504,normal,1300,0,1782361315.9508646,0.002073049545288086
230505,normal,368,0,1782361315.9526563,0.0017917156219482422
230506,normal,3049,1,1782361315.9548283,0.0021719932556152344
230507,normal,1849,0,1782361315.956636,0.0018076896667480469
230508,normal,2775,0,1782361315.9587858,0.002149820327758789
230509,normal,1809,0,1782361315.9606905,0.0019047260284423828
230510,normal,1654,0,1782361315.9627986,0.0021080970764160156
230511,normal,3681,0,1782361315.9645946,0.0017960071563720703
230512,normal,2888,0,1782361315.9666932,0.002098560333251953
230513,normal,1005,2,1782361315.9686947,0.002001523971557617
230514,normal,2578,0,1782361315.9706972,0.0020024776458740234
230515,normal,610,0,1782361315.9725907,0.0018935203552246094
230516,normal,193,0,1782361315.9747133,0.002122640609741211
230517,normal,3275,1,1782361315.9766457,0.001932382583618164
230518,normal,2133,0,1782361315.978637,0.00199127197265625
230519,normal,1153,0,1782361315.9806204,0.0019834041595458984
230520,normal,3530,0,1782361315.9826977,0.002077341079711914
230521,normal,1543,0,1782361315.984764,0.002066373825073242
230522,normal,970,2,1782361315.986639,0.0018749237060546875
230523,normal,251,0,1782361315.9887993,0.002160310745239258
230524,normal,1678,0,1782361315.9906368,0.0018374919891357422
230525,normal,3639,0,1782361315.992996,0.002359151840209961
230526,normal,1557,0,1782361315.9946582,0.0016622543334960938
230527,normal,1756,0,1782361315.9968524,0.0021941661834716797
230528,normal,1928,0,1782361315.9988184,0.0019659996032714844
230529,normal,2907,0,1782361316.0006807,0.0018622875213623047
230530,normal,797,2,1782361316.0028555,0.002174854278564453
230531,normal,3654,0,1782361316.0046577,0.001802206039428711
230532,normal,1652,0,1782361316.0068593,0.002201557159423828
230533,normal,2979,0,1782361316.0086446,0.0017852783203125
230534,normal,183,0,1782361316.0106313,0.0019867420196533203
230535,normal,68,0,1782361316.0128145,0.002183198928833008
230536,normal,2457,0,1782361316.0146353,0.0018208026885986328
230537,normal,930,2,1782361316.0166366,0.0020012855529785156
230538,normal,1080,0,1782361316.0187063,0.002069711685180664
230539,normal,989,2,1782361316.020698,0.001991748809814453
230540,normal,1429,0,1782361316.0226839,0.001985788345336914
230541,normal,1742,0,1782361316.0246944,0.0020105838775634766
230542,normal,1179,0,1782361316.026697,0.0020024776458740234
230543,normal,3400,1,1782361316.0286336,0.0019366741180419922
230544,normal,2313,0,1782361316.030698,0.0020644664764404297
230545,normal,274,0,1782361316.0327022,0.0020041465759277344
230546,normal,3028,0,1782361316.0346365,0.0019342899322509766
230547,normal,644,0,1782361316.0367024,0.002065896987915039
230548,normal,1218,0,1782361316.0387022,0.0019998550415039062
230549,normal,1390,0,1782361316.0406346,0.001932382583618164
230550,normal,964,2,1782361316.042701,0.002066373825073242
230551,normal,3464,0,1782361316.0446353,0.0019342899322509766
230552,normal,1700,0,1782361316.0466337,0.001998424530029297
230553,normal,2639,0,1782361316.0487058,0.0020720958709716797
230554,normal,477,0,1782361316.0506976,0.001991748809814453
230555,normal,3376,1,1782361316.052644,0.0019464492797851562
230556,normal,2003,0,1782361316.054704,0.0020599365234375
230557,normal,1235,0,1782361316.056707,0.0020029544830322266
230558,normal,943,2,1782361316.0586379,0.0019309520721435547
230559,normal,94,0,1782361316.060699,0.002061128616333008
230560,normal,859,2,1782361316.062637,0.0019381046295166016
230561,normal,1294,0,1782361316.0646372,0.002000093460083008
230562,normal,2323,0,1782361316.0666983,0.002061128616333008
230563,normal,1377,1,1782361316.0686944,0.0019960403442382812
230564,normal,1143,0,1782361316.0706396,0.0019452571868896484
230565,normal,2408,0,1782361316.0726945,0.002054929733276367
230566,normal,1602,0,1782361316.0746956,0.002001047134399414
230567,normal,408,0,1782361316.076637,0.0019414424896240234
230568,normal,1781,0,1782361316.0786977,0.0020606517791748047
230569,normal,3312,1,1782361316.0806944,0.001996755599975586
230570,normal,2653,0,1782361316.0826344,0.001940011978149414
230571,normal,12,0,1782361316.0846984,0.0020639896392822266
230572,normal,397,0,1782361316.087821,0.003122568130493164
230573,normal,808,2,1782361316.088711,0.0008900165557861328
230574,normal,359,0,1782361316.0907154,0.002004384994506836
230575,normal,1898,0,1782361316.092638,0.001922607421875
230576,normal,1888,0,1782361316.0946941,0.002056121826171875
230577,normal,1101,0,1782361316.0966938,0.0019996166229248047
230578,normal,1287,0,1782361316.0986917,0.0019979476928710938
230579,normal,1114,0,1782361316.1006327,0.0019409656524658203
230580,normal,924,2,1782361316.102692,0.0020592212677001953
230581,normal,1747,0,1782361316.1046915,0.0019996166229248047
230582,normal,3527,0,1782361316.1066349,0.001943349838256836
230583,normal,639,0,1782361316.1086974,0.002062559127807617
230584,normal,423,0,1782361316.110693,0.001995563507080078
230585,normal,2049,0,1782361316.112926,0.0022330284118652344
230586,normal,1467,0,1782361316.1147711,0.0018451213836669922
230587,normal,1967,0,1782361316.1167035,0.001932382583618164
230588,normal,2559,0,1782361316.118639,0.0019354820251464844
230589,normal,977,2,1782361316.1207054,0.002066373825073242
230590,normal,1923,0,1782361316.1226416,0.001936197280883789
230591,normal,1847,0,1782361316.1247253,0.0020837783813476562
230592,normal,2545,0,1782361316.1266403,0.00191497802734375
230593,normal,2943,0,1782361316.128743,0.0021026134490966797
230594,normal,314,0,1782361316.1306407,0.0018978118896484375
230595,normal,1828,0,1782361316.1326995,0.002058744430541992
230596,normal,1586,0,1782361316.1346345,0.0019350051879882812
230597,normal,1749,0,1782361316.1367056,0.0020711421966552734
230598,normal,2193,0,1782361316.1386583,0.0019526481628417969
230599,normal,1622,0,1782361316.1406407,0.001982450485229492
230600,normal,3131,1,1782361316.1426969,0.002056121826171875
230601,normal,1391,0,1782361316.144692,0.001995086669921875
230602,normal,2448,0,1782361316.1466892,0.001997232437133789
230603,normal,2332,0,1782361316.1486397,0.0019505023956298828
230604,normal,19,0,1782361316.1506934,0.0020537376403808594
230605,normal,1304,0,1782361316.1526344,0.0019409656524658203
230606,normal,2534,0,1782361316.154696,0.002061605453491211
230607,normal,67,0,1782361316.1566956,0.0019996166229248047
230608,normal,3602,0,1782361316.1586335,0.0019378662109375
230609,normal,2184,0,1782361316.1606917,0.002058267593383789
230610,normal,3423,0,1782361316.1626978,0.002006053924560547
230611,normal,427,0,1782361316.1646905,0.0019927024841308594
230612,normal,37,0,1782361316.166637,0.0019464492797851562
230613,normal,3332,1,1782361316.168691,0.002053976058959961
230614,normal,888,2,1782361316.1706896,0.0019986629486083984
230615,normal,3226,1,1782361316.1726336,0.0019440650939941406
230616,normal,3036,0,1782361316.174691,0.002057313919067383
230617,normal,1159,0,1782361316.1766891,0.0019981861114501953
230618,normal,80,0,1782361316.178633,0.001943826675415039
230619,normal,318,0,1782361316.1806905,0.0020575523376464844
230620,normal,2285,0,1782361316.1826327,0.0019421577453613281
230621,normal,2263,0,1782361316.184695,0.0020623207092285156
230622,normal,2257,0,1782361316.1867101,0.0020151138305664062
230623,normal,2648,0,1782361316.1886337,0.0019235610961914062
230624,normal,2016,0,1782361316.1906948,0.002061128616333008
230625,normal,3408,0,1782361316.1926885,0.0019936561584472656
230626,normal,2867,0,1782361316.1946924,0.002003908157348633
230627,normal,1063,0,1782361316.1966362,0.001943826675415039
230628,normal,1957,0,1782361316.1987126,0.002076387405395508
230629,normal,2906,0,1782361316.2006338,0.0019211769104003906
230630,normal,3644,0,1782361316.2026932,0.002059459686279297
230631,normal,2803,0,1782361316.2046907,0.0019974708557128906
230632,normal,829,2,1782361316.206632,0.0019412040710449219
230633,normal,2368,0,1782361316.2086911,0.0020592212677001953
230634,normal,1752,0,1782361316.2106893,0.0019981861114501953
230635,normal,1090,0,1782361316.2126923,0.0020029544830322266
230636,normal,3653,0,1782361316.2148347,0.0021424293518066406
230637,normal,1343,1,1782361316.2166357,0.0018010139465332031
230638,normal,3033,0,1782361316.2186983,0.002062559127807617
230639,normal,1173,0,1782361316.220629,0.0019307136535644531
230640,normal,1538,0,1782361316.222689,0.0020599365234375
230641,normal,48,0,1782361316.2246892,0.0020003318786621094
230642,normal,2537,0,1782361316.2266345,0.0019452571868896484
230643,normal,2769,0,1782361316.2286887,0.0020542144775390625
230644,normal,1017,2,1782361316.2306602,0.0019714832305908203
230645,normal,3516,0,1782361316.2328258,0.002165555953979492
230646,normal,341,0,1782361316.2346344,0.0018086433410644531
230647,normal,1468,0,1782361316.2366993,0.002064943313598633
230648,normal,2741,0,1782361316.2386918,0.001992464065551758
230649,normal,442,0,1782361316.2406957,0.002003908157348633
230650,normal,2028,0,1782361316.2426915,0.0019958019256591797
230651,normal,2549,0,1782361316.2446907,0.0019991397857666016
230652,normal,935,2,1782361316.2466938,0.002003192901611328
230653,normal,138,0,1782361316.2486908,0.0019969940185546875
230654,normal,2254,0,1782361316.2507114,0.002020597457885742
230655,normal,209,0,1782361316.252692,0.0019805431365966797
230656,normal,2394,0,1782361316.2546918,0.0019998550415039062
230657,normal,2250,0,1782361316.2566926,0.0020008087158203125
230658,normal,997,2,1782361316.2586908,0.0019981861114501953
230659,normal,917,2,1782361316.2606905,0.0019996166229248047
230660,normal,1507,0,1782361316.2626896,0.0019991397857666016
230661,normal,377,0,1782361316.2646937,0.0020041465759277344
230662,normal,1084,0,1782361316.266691,0.001997232437133789
230663,normal,1382,0,1782361316.2686934,0.0020024776458740234
230664,normal,2395,0,1782361316.270693,0.0019996166229248047
230665,normal,1952,0,1782361316.27269,0.0019969940185546875
230666,normal,1542,0,1782361316.2747276,0.002037525177001953
230667,normal,65,0,1782361316.276725,0.0019974708557128906
230668,normal,2816,0,1782361316.2786307,0.001905679702758789
230669,normal,1138,0,1782361316.2806904,0.0020596981048583984
230670,normal,3697,0,1782361316.2826915,0.002001047134399414
230671,normal,2720,0,1782361316.2846947,0.002003192901611328
230672,normal,3588,0,1782361316.2866533,0.001958608627319336
230673,normal,2237,0,1782361316.2886913,0.0020380020141601562
230674,normal,554,0,1782361316.2906904,0.0019991397857666016
230675,normal,86,0,1782361316.2926886,0.0019981861114501953
230676,normal,757,0,1782361316.2946918,0.002003192901611328
230677,normal,1297,0,1782361316.296689,0.001997232437133789
230678,normal,1709,0,1782361316.2986884,0.001999378204345703
230679,normal,24,0,1782361316.3006933,0.002004861831665039
230680,normal,1547,0,1782361316.3026907,0.0019974708557128906
230681,normal,1025,2,1782361316.3046901,0.001999378204345703
230682,normal,1149,0,1782361316.3067014,0.0020112991333007812
230683,normal,2370,0,1782361316.3087213,0.0020198822021484375
230684,normal,2576,0,1782361316.3106291,0.0019078254699707031
230685,normal,836,2,1782361316.3126924,0.002063274383544922
230686,normal,482,0,1782361316.3146944,0.0020020008087158203
230687,normal,353,0,1782361316.316637,0.0019426345825195312
230688,normal,1243,0,1782361316.3186255,0.0019884109497070312
230689,normal,2671,0,1782361316.320611,0.0019855499267578125
230690,normal,2691,0,1782361316.3227193,0.002108335494995117
230691,normal,453,0,1782361316.324713,0.0019936561584472656
230692,normal,2651,0,1782361316.3265996,0.001886606216430664
230693,normal,764,0,1782361316.3288634,0.002263784408569336
230694,normal,1190,0,1782361316.3306594,0.0017960071563720703
230695,normal,1537,0,1782361316.3328512,0.002191781997680664
230696,normal,3282,1,1782361316.3346834,0.0018322467803955078
230697,normal,3659,0,1782361316.3368506,0.002167224884033203
230698,normal,315,0,1782361316.338659,0.0018084049224853516
230699,normal,3584,0,1782361316.3408642,0.0022051334381103516
230700,normal,2270,0,1782361316.342686,0.001821756362915039
230701,normal,2050,0,1782361316.3448584,0.0021724700927734375
230702,normal,583,0,1782361316.346684,0.001825571060180664
230703,normal,362,0,1782361316.348874,0.002190113067626953
230704,normal,1369,1,1782361316.3505905,0.0017163753509521484
230705,normal,1060,0,1782361316.3526819,0.0020914077758789062
230706,normal,262,0,1782361316.354803,0.0021212100982666016
230707,normal,949,2,1782361316.3566494,0.0018463134765625
230708,normal,2992,0,1782361316.3587968,0.0021474361419677734
230709,normal,1174,0,1782361316.3608162,0.0020194053649902344
230710,normal,2957,0,1782361316.3627043,0.0018880367279052734
230711,normal,2205,0,1782361316.3649156,0.002211332321166992
230712,normal,3623,0,1782361316.3666012,0.0016856193542480469
230713,normal,3575,0,1782361316.368769,0.0021677017211914062
230714,normal,2047,0,1782361316.3706317,0.0018627643585205078
230715,normal,2051,0,1782361316.3727145,0.00208282470703125
230716,normal,809,2,1782361316.3748531,0.0021386146545410156
230717,normal,2361,0,1782361316.3766947,0.0018415451049804688
230718,normal,2364,0,1782361316.378859,0.0021643638610839844
230719,normal,1963,0,1782361316.3806612,0.001802206039428711
230720,normal,722,0,1782361316.3828633,0.0022020339965820312
230721,normal,1746,0,1782361316.3848562,0.001992940902709961
230722,normal,2444,0,1782361316.3866608,0.0018045902252197266
230723,normal,1628,0,1782361316.3888607,0.002199888229370117
230724,normal,1726,0,1782361316.3908548,0.0019941329956054688
230725,normal,2602,0,1782361316.392659,0.0018041133880615234
230726,normal,25,0,1782361316.394866,0.002207040786743164
230727,normal,1769,0,1782361316.3968546,0.001988649368286133
230728,normal,3617,0,1782361316.3986614,0.0018067359924316406
230729,normal,207,0,1782361316.4008656,0.0022041797637939453
230730,normal,1779,0,1782361316.4028656,0.002000093460083008
230731,normal,1723,0,1782361316.4046605,0.0017948150634765625
230732,normal,3379,1,1782361316.406865,0.002204418182373047
230733,normal,847,2,1782361316.408843,0.001978158950805664
230734,normal,1349,1,1782361316.410641,0.0017979145050048828
230735,normal,3,0,1782361316.41286,0.002218961715698242
230736,normal,2852,0,1782361316.4148357,0.0019757747650146484
230737,normal,1713,0,1782361316.4166336,0.0017979145050048828
230738,normal,199,0,1782361316.4188302,0.0021965503692626953
230739,normal,3105,1,1782361316.420851,0.0020208358764648438
230740,normal,3578,0,1782361316.4226568,0.0018057823181152344
230741,normal,3510,0,1782361316.424866,0.002209186553955078
230742,normal,3150,1,1782361316.4266553,0.0017893314361572266
230743,normal,119,0,1782361316.428832,0.0021767616271972656
230744,normal,431,0,1782361316.4306924,0.0018603801727294922
230745,normal,2104,0,1782361316.4328935,0.002201080322265625
230746,normal,777,2,1782361316.4346416,0.0017480850219726562
230747,normal,2871,0,1782361316.4369574,0.0023157596588134766
230748,normal,2054,0,1782361316.438768,0.0018105506896972656
230749,normal,1864,0,1782361316.4406462,0.0018782615661621094
230750,normal,3170,1,1782361316.4427617,0.002115488052368164
230751,normal,1161,0,1782361316.4446368,0.001875162124633789
230752,normal,336,0,1782361316.446691,0.0020542144775390625
230753,normal,2702,0,1782361316.448634,0.0019428730010986328
230754,normal,2716,0,1782361316.450712,0.0020780563354492188
230755,normal,2147,0,1782361316.452637,0.0019249916076660156
230756,normal,2172,0,1782361316.4546902,0.0020532608032226562
230757,normal,903,2,1782361316.4567125,0.002022266387939453
230758,normal,1690,0,1782361316.458637,0.0019245147705078125
230759,normal,1240,0,1782361316.460708,0.002070903778076172
230760,normal,3468,0,1782361316.4626362,0.0019283294677734375
230761,normal,1433,0,1782361316.4648223,0.0021860599517822266
230762,normal,1841,0,1782361316.4666371,0.0018148422241210938
230763,normal,284,0,1782361316.4687064,0.002069234848022461
230764,normal,268,0,1782361316.4706373,0.0019309520721435547
230765,normal,3386,1,1782361316.4726887,0.0020513534545898438
230766,normal,3413,0,1782361316.4747124,0.0020236968994140625
230767,normal,687,0,1782361316.4766848,0.0019724369049072266
230768,normal,1373,1,1782361316.47864,0.001955270767211914
230769,normal,1134,0,1782361316.4806285,0.0019884109497070312
230770,normal,1540,0,1782361316.4826088,0.001980304718017578
230771,normal,3470,0,1782361316.4846058,0.0019969940185546875
230772,normal,1052,0,1782361316.4867282,0.0021224021911621094
230773,normal,3565,0,1782361316.4885943,0.0018661022186279297
230774,normal,394,0,1782361316.4907093,0.002115011215209961
230775,normal,2521,0,1782361316.4927216,0.0020122528076171875
230776,normal,1533,0,1782361316.4945993,0.0018777847290039062
230777,normal,1722,0,1782361316.4967113,0.0021119117736816406
230778,normal,1961,0,1782361316.4987118,0.002000570297241211
230779,normal,518,0,1782361316.500597,0.0018851757049560547
230780,normal,981,2,1782361316.5028856,0.0022885799407958984
230781,normal,701,0,1782361316.504871,0.001985311508178711
230782,normal,2703,0,1782361316.506683,0.0018122196197509766
230783,normal,1486,0,1782361316.5088618,0.002178668975830078
230784,normal,2763,0,1782361316.5108602,0.001998424530029297
230785,normal,1788,0,1782361316.5126796,0.0018193721771240234
230786,normal,357,0,1782361316.5148535,0.002173900604248047
230787,normal,1089,0,1782361316.516855,0.002001523971557617
230788,normal,1093,0,1782361316.5186803,0.0018253326416015625
230789,normal,3630,0,1782361316.52086,0.0021796226501464844
230790,normal,3487,0,1782361316.5228715,0.002011537551879883
230791,normal,566,0,1782361316.5246828,0.0018112659454345703
230792,normal,1045,0,1782361316.52686,0.0021772384643554688
230793,normal,3142,1,1782361316.5288765,0.0020165443420410156
230794,normal,2996,0,1782361316.530693,0.0018165111541748047
230795,normal,1225,0,1782361316.5328631,0.002170085906982422
230796,normal,1284,0,1782361316.5348592,0.0019960403442382812
230797,normal,143,0,1782361316.5366888,0.0018296241760253906
230798,normal,838,2,1782361316.5388672,0.0021784305572509766
230799,normal,2765,0,1782361316.5408585,0.00199127197265625
230800,normal,3437,0,1782361316.5426853,0.0018267631530761719
230801,normal,1979,0,1782361316.5448656,0.002180337905883789
230802,normal,3560,0,1782361316.5468574,0.001991748809814453
230803,normal,30,0,1782361316.5486615,0.0018041133880615234
230804,normal,1778,0,1782361316.5508685,0.002207040786743164
230805,normal,2036,0,1782361316.5528514,0.0019829273223876953
230806,normal,2773,0,1782361316.5546823,0.0018308162689208984
230807,normal,874,2,1782361316.5568686,0.002186298370361328
230808,normal,2462,0,1782361316.5588565,0.001987934112548828
230809,normal,2674,0,1782361316.5606806,0.0018241405487060547
230810,normal,2742,0,1782361316.5628726,0.0021920204162597656
230811,normal,3052,1,1782361316.5646834,0.0018107891082763672
230812,normal,598,0,1782361316.5668495,0.0021660327911376953
230813,normal,3543,0,1782361316.5686955,0.0018460750579833984
230814,normal,299,0,1782361316.5708592,0.0021636486053466797
230815,normal,787,2,1782361316.5726805,0.001821279525756836
230816,normal,3288,1,1782361316.57485,0.0021696090698242188
230817,normal,801,2,1782361316.5766897,0.0018396377563476562
230818,normal,3297,1,1782361316.5788476,0.002157926559448242
230819,normal,704,0,1782361316.5806954,0.0018477439880371094
230820,normal,2211,0,1782361316.5828338,0.002138376235961914
230821,normal,2544,0,1782361316.5846407,0.0018069744110107422
230822,normal,21,0,1782361316.586697,0.0020563602447509766
230823,normal,2991,0,1782361316.588715,0.002017974853515625
230824,normal,790,2,1782361316.5906396,0.0019245147705078125
230825,normal,3333,1,1782361316.5926967,0.0020570755004882812
230826,normal,699,0,1782361316.5947142,0.002017498016357422
230827,normal,2406,0,1782361316.5966384,0.001924276351928711
230828,normal,3519,0,1782361316.5986953,0.0020568370819091797
230829,normal,3344,1,1782361316.6007123,0.0020170211791992188
230830,normal,805,2,1782361316.6026306,0.0019183158874511719
230831,normal,499,0,1782361316.604626,0.0019953250885009766
230832,normal,1048,0,1782361316.6066282,0.002002239227294922
230833,normal,3481,0,1782361316.6086085,0.001980304718017578
230834,normal,3259,1,1782361316.6107097,0.0021011829376220703
230835,normal,3214,1,1782361316.6127162,0.00200653076171875
230836,normal,2566,0,1782361316.614596,0.0018796920776367188
230837,normal,202,0,1782361316.6169498,0.0023539066314697266
230838,normal,223,0,1782361316.6186347,0.0016849040985107422
230839,normal,1258,0,1782361316.62071,0.0020751953125
230840,normal,1676,0,1782361316.622634,0.0019240379333496094
230841,normal,221,0,1782361316.6247046,0.0020706653594970703
230842,normal,765,0,1782361316.626683,0.0019783973693847656
230843,normal,2063,0,1782361316.6286526,0.001969575881958008
230844,normal,2027,0,1782361316.6307032,0.002050638198852539
230845,normal,1334,1,1782361316.6326327,0.0019295215606689453
230846,normal,523,0,1782361316.6346889,0.002056121826171875
230847,normal,3665,0,1782361316.6367075,0.0020186901092529297
230848,normal,1839,0,1782361316.6386476,0.001940011978149414
230849,normal,2318,0,1782361316.6406884,0.002040863037109375
230850,normal,2905,0,1782361316.6427088,0.0020203590393066406
230851,normal,3210,1,1782361316.6446452,0.0019364356994628906
230852,normal,95,0,1782361316.6466856,0.002040386199951172
230853,normal,2392,0,1782361316.6487014,0.002015829086303711
230854,normal,2271,0,1782361316.6506348,0.0019333362579345703
230855,normal,197,0,1782361316.6527064,0.0020716190338134766
230856,normal,3690,0,1782361316.6547062,0.0019998550415039062
230857,normal,2422,0,1782361316.6566365,0.00193023681640625
230858,normal,1748,0,1782361316.6586993,0.0020627975463867188
230859,normal,73,0,1782361316.660713,0.002013683319091797
230860,normal,373,0,1782361316.662632,0.0019190311431884766
230861,normal,1047,0,1782361316.664702,0.0020699501037597656
230862,normal,255,0,1782361316.6667094,0.0020074844360351562
230863,normal,2620,0,1782361316.6686378,0.0019283294677734375
230864,normal,1326,1,1782361316.6706877,0.0020499229431152344
230865,normal,2513,0,1782361316.6727388,0.002051115036010742
230866,normal,1807,0,1782361316.6748478,0.002109050750732422
230867,normal,1589,0,1782361316.6767,0.001852273941040039
230868,normal,1306,0,1782361316.6788547,0.0021545886993408203
230869,normal,967,2,1782361316.6806593,0.0018045902252197266
230870,normal,2511,0,1782361316.682698,0.002038717269897461
230871,normal,488,0,1782361316.684858,0.0021600723266601562
230872,normal,2851,0,1782361316.686643,0.0017848014831542969
230873,normal,1814,0,1782361316.6891675,0.0025246143341064453
230874,normal,1331,1,1782361316.6906345,0.001466989517211914
230875,normal,636,0,1782361316.6927345,0.0020999908447265625
230876,normal,1655,0,1782361316.6946433,0.0019087791442871094
230877,normal,497,0,1782361316.696639,0.0019958019256591797
230878,normal,3486,0,1782361316.6987004,0.0020613670349121094
230879,normal,2804,0,1782361316.7006474,0.0019469261169433594
230880,normal,1091,0,1782361316.702624,0.0019767284393310547
230881,normal,1743,0,1782361316.7047129,0.002088785171508789
230882,normal,1577,0,1782361316.7066343,0.0019214153289794922
230883,normal,1444,0,1782361316.7087002,0.002065896987915039
230884,normal,43,0,1782361316.7106342,0.001934051513671875
230885,normal,2303,0,1782361316.7126334,0.0019991397857666016
230886,normal,3458,0,1782361316.714653,0.002019643783569336
230887,normal,870,2,1782361316.7166915,0.0020384788513183594
230888,normal,3234,1,1782361316.718631,0.001939535140991211
230889,normal,2849,0,1782361316.7207038,0.0020728111267089844
230890,normal,2884,0,1782361316.7226357,0.001931905746459961
230891,normal,3112,1,1782361316.724634,0.0019981861114501953
230892,normal,3650,0,1782361316.7266943,0.002060413360595703
230893,normal,2305,0,1782361316.728687,0.0019927024841308594
230894,normal,1539,0,1782361316.7306323,0.0019452571868896484
230895,normal,1423,0,1782361316.7327209,0.0020885467529296875
230896,normal,464,0,1782361316.7346318,0.0019109249114990234
230897,normal,2745,0,1782361316.7366343,0.0020024776458740234
230898,normal,659,0,1782361316.738632,0.001997709274291992
230899,normal,1164,0,1782361316.740701,0.0020689964294433594
230900,normal,1192,0,1782361316.7426355,0.0019345283508300781
230901,normal,3200,1,1782361316.7448816,0.0022461414337158203
230902,normal,3453,0,1782361316.7466557,0.0017740726470947266
230903,normal,2348,0,1782361316.7487097,0.002053976058959961
230904,normal,386,0,1782361316.750853,0.002143383026123047
230905,normal,159,0,1782361316.7526288,0.0017757415771484375
230906,normal,846,2,1782361316.7548451,0.002216339111328125
230907,normal,3247,1,1782361316.756685,0.0018398761749267578
230908,normal,2613,0,1782361316.758906,0.0022208690643310547
230909,normal,654,0,1782361316.7606816,0.0017757415771484375
230910,normal,842,2,1782361316.762935,0.002253293991088867
230911,normal,1237,0,1782361316.7646823,0.0017473697662353516
230912,normal,472,0,1782361316.7669435,0.0022611618041992188
230913,normal,2009,0,1782361316.7687786,0.0018351078033447266
230914,normal,1927,0,1782361316.7708232,0.002044677734375
230915,normal,1438,0,1782361316.7729387,0.002115488052368164
230916,normal,1420,0,1782361316.7748337,0.0018949508666992188
230917,normal,3317,1,1782361316.7768025,0.001968860626220703
230918,normal,301,0,1782361316.7787678,0.0019652843475341797
230919,normal,528,0,1782361316.7807636,0.0019958019256591797
230920,normal,2592,0,1782361316.7827258,0.0019621849060058594
230921,normal,1356,1,1782361316.7847793,0.002053499221801758
230922,normal,2176,0,1782361316.7867706,0.00199127197265625
230923,normal,1176,0,1782361316.7887137,0.0019431114196777344
230924,normal,2710,0,1782361316.790761,0.002047300338745117
230925,normal,3463,0,1782361316.792806,0.0020449161529541016
230926,normal,2843,0,1782361316.7947168,0.0019109249114990234
230927,normal,280,0,1782361316.7967622,0.0020453929901123047
230928,normal,107,0,1782361316.7988079,0.0020456314086914062
230929,normal,3667,0,1782361316.8006403,0.0018324851989746094
230930,normal,744,0,1782361316.8027618,0.002121448516845703
230931,normal,552,0,1782361316.8047185,0.0019567012786865234
230932,normal,1078,0,1782361316.806758,0.0020394325256347656
230933,normal,1947,0,1782361316.8085918,0.0018339157104492188
230934,normal,2373,0,1782361316.8108177,0.0022258758544921875
230935,normal,2219,0,1782361316.8126535,0.0018358230590820312
230936,normal,26,0,1782361316.8147228,0.002069234848022461
230937,normal,317,0,1782361316.8168645,0.002141714096069336
230938,normal,1462,0,1782361316.8186827,0.0018181800842285156
230939,normal,2543,0,1782361316.820878,0.0021953582763671875
230940,normal,1170,0,1782361316.8226838,0.0018057823181152344
230941,normal,3354,1,1782361316.8248715,0.0021877288818359375
230942,normal,652,0,1782361316.8266823,0.0018107891082763672
230943,normal,1049,0,1782361316.828854,0.002171754837036133
230944,normal,2074,0,1782361316.8306792,0.001825094223022461
230945,normal,2834,0,1782361316.8326938,0.002014636993408203
230946,normal,2431,0,1782361316.8346934,0.0019996166229248047
230947,normal,848,2,1782361316.836691,0.0019974708557128906
230948,normal,3099,1,1782361316.8386307,0.0019397735595703125
230949,normal,3431,0,1782361316.8406909,0.0020601749420166016
230950,normal,3283,1,1782361316.8426929,0.0020020008087158203
230951,normal,3342,1,1782361316.8446314,0.0019385814666748047
230952,normal,3563,0,1782361316.8466928,0.0020613670349121094
230953,normal,2012,0,1782361316.8486924,0.0019996166229248047
230954,normal,2694,0,1782361316.8506362,0.001943826675415039
230955,normal,3375,1,1782361316.8526618,0.002025604248046875
230956,normal,272,0,1782361316.8546898,0.0020279884338378906
230957,normal,3496,0,1782361316.8566303,0.0019404888153076172
230958,normal,243,0,1782361316.8586907,0.002060413360595703
230959,normal,1903,0,1782361316.8606913,0.002000570297241211
230960,normal,374,0,1782361316.8626301,0.0019388198852539062
230961,normal,2367,0,1782361316.8646917,0.002061605453491211
230962,normal,1018,2,1782361316.8666914,0.0019996166229248047
230963,normal,539,0,1782361316.868628,0.0019366741180419922
230964,normal,741,0,1782361316.870692,0.0020639896392822266
230965,normal,413,0,1782361316.87269,0.0019979476928710938
230966,normal,433,0,1782361316.8746314,0.0019414424896240234
230967,normal,2899,0,1782361316.8766918,0.002060413360595703
230968,normal,1130,0,1782361316.8786519,0.0019600391387939453
230969,normal,1050,0,1782361316.8806899,0.0020380020141601562
230970,normal,1117,0,1782361316.882687,0.001997232437133789
230971,normal,3471,0,1782361316.8846617,0.0019745826721191406
230972,normal,3019,0,1782361316.8866894,0.002027750015258789
230973,normal,277,0,1782361316.8886888,0.001999378204345703
230974,normal,1165,0,1782361316.890693,0.0020041465759277344
230975,normal,3231,1,1782361316.8926902,0.001997232437133789
230976,normal,1914,0,1782361316.8947027,0.002012491226196289
230977,normal,3215,1,1782361316.8967252,0.0020225048065185547
230978,normal,1184,0,1782361316.898629,0.0019037723541259766
230979,normal,1128,0,1782361316.900692,0.0020630359649658203
230980,normal,260,0,1782361316.9026916,0.0019996166229248047
230981,normal,2813,0,1782361316.9046066,0.00191497802734375
230982,normal,2403,0,1782361316.9066937,0.002087116241455078
230983,normal,3186,1,1782361316.9086893,0.001995563507080078
230984,normal,1289,0,1782361316.9106297,0.0019404888153076172
230985,normal,2877,0,1782361316.9127147,0.002084970474243164
230986,normal,2280,0,1782361316.9146898,0.0019750595092773438
230987,normal,2019,0,1782361316.9166234,0.0019335746765136719
230988,normal,1910,0,1782361316.9186933,0.0020699501037597656
230989,normal,920,2,1782361316.9206958,0.0020024776458740234
230990,normal,2144,0,1782361316.9226294,0.0019335746765136719
230991,normal,1861,0,1782361316.9246917,0.0020623207092285156
230992,normal,2577,0,1782361316.9266913,0.0019996166229248047
230993,normal,3319,1,1782361316.9286354,0.0019440650939941406
230994,normal,1350,1,1782361316.9306998,0.0020644664764404297
230995,normal,1227,0,1782361316.932655,0.001955270767211914
230996,normal,685,0,1782361316.934688,0.0020329952239990234
230997,normal,90,0,1782361316.9366891,0.002001047134399414
230998,normal,370,0,1782361316.9386897,0.002000570297241211
230999,normal,1493,0,1782361316.9407997,0.002110004425048828
231000,normal,2023,0,1782361316.9426308,0.0018310546875
231001,normal,240,0,1782361316.9446912,0.002060413360595703
231002,normal,2360,0,1782361316.9466312,0.001940011978149414
231003,normal,2025,0,1782361316.948692,0.0020608901977539062
231004,normal,1403,0,1782361316.9506912,0.0019991397857666016
231005,normal,818,2,1782361316.9526303,0.0019390583038330078
231006,normal,3345,1,1782361316.9547036,0.0020732879638671875
231007,normal,3002,0,1782361316.956692,0.0019884109497070312
231008,normal,2276,0,1782361316.9586315,0.001939535140991211
231009,normal,3544,0,1782361316.960704,0.002072572708129883
231010,normal,3135,1,1782361316.9626915,0.001987457275390625
231011,normal,2912,0,1782361316.9646297,0.0019381046295166016
231012,normal,3219,1,1782361316.9667115,0.0020818710327148438
231013,normal,1259,0,1782361316.968695,0.0019834041595458984
231014,normal,1364,1,1782361316.9706073,0.0019123554229736328
231015,normal,1388,0,1782361316.9726906,0.002083301544189453
231016,normal,3218,1,1782361316.9747005,0.002009868621826172
231017,normal,248,0,1782361316.9766374,0.0019369125366210938
231018,normal,3078,1,1782361316.978704,0.0020666122436523438
231019,normal,2607,0,1782361316.9807167,0.0020127296447753906
231020,normal,3330,1,1782361316.9826407,0.0019240379333496094
231021,normal,1264,0,1782361316.9846911,0.0020503997802734375
231022,normal,252,0,1782361316.986701,0.002009868621826172
231023,normal,786,2,1782361316.9886315,0.0019304752349853516
231024,normal,3103,1,1782361316.9907231,0.002091646194458008
231025,normal,2011,0,1782361316.9926364,0.001913309097290039
231026,normal,2238,0,1782361316.9946978,0.0020613670349121094
231027,normal,3167,1,1782361316.996689,0.00199127197265625
231028,normal,986,2,1782361316.998697,0.0020079612731933594
231029,normal,742,0,1782361317.0006313,0.0019342899322509766
231030,normal,3149,1,1782361317.0027053,0.002074003219604492
231031,normal,884,2,1782361317.0047255,0.002020120620727539
231032,normal,3260,1,1782361317.006639,0.0019135475158691406
231033,normal,2181,0,1782361317.008706,0.002067089080810547
231034,normal,2550,0,1782361317.0106356,0.0019295215606689453
231035,normal,2499,0,1782361317.0126526,0.0020170211791992188
231036,normal,3047,1,1782361317.0147011,0.002048492431640625
231037,normal,2526,0,1782361317.0167305,0.0020294189453125
231038,normal,2688,0,1782361317.018702,0.0019714832305908203
231039,normal,2553,0,1782361317.0206864,0.0019843578338623047
231040,normal,1076,0,1782361317.0226996,0.0020132064819335938
231041,normal,1023,2,1782361317.0246131,0.0019135475158691406
231042,normal,1946,0,1782361317.026701,0.002087831497192383
231043,normal,1077,0,1782361317.0286946,0.0019936561584472656
231044,normal,2072,0,1782361317.0306046,0.0019099712371826172
231045,normal,2853,0,1782361317.0327027,0.00209808349609375
231046,normal,1352,1,1782361317.0346959,0.0019931793212890625
231047,normal,2689,0,1782361317.0366082,0.0019123554229736328
231048,normal,3179,1,1782361317.0387073,0.0020990371704101562
231049,normal,2183,0,1782361317.0406992,0.0019919872283935547
231050,normal,2013,0,1782361317.0426064,0.0019071102142333984
231051,normal,2558,0,1782361317.0447056,0.002099275588989258
231052,normal,3507,0,1782361317.0467007,0.001995086669921875
231053,normal,1488,0,1782361317.0486078,0.0019071102142333984
231054,normal,3080,1,1782361317.0507038,0.002095937728881836
231055,normal,2636,0,1782361317.0526872,0.0019834041595458984
231056,normal,2113,0,1782361317.054601,0.0019137859344482422
231057,normal,417,0,1782361317.0566957,0.002094745635986328
231058,normal,2603,0,1782361317.0586863,0.0019905567169189453
231059,normal,3582,0,1782361317.0606003,0.0019140243530273438
231060,normal,3370,1,1782361317.062703,0.0021026134490966797
231061,normal,1257,0,1782361317.0646868,0.0019838809967041016
231062,normal,3583,0,1782361317.0666058,0.0019190311431884766
231063,normal,1668,0,1782361317.0687027,0.002096891403198242
231064,normal,2066,0,1782361317.0707,0.001997232437133789
231065,normal,2201,0,1782361317.0726297,0.0019297599792480469
231066,normal,3164,1,1782361317.074699,0.002069234848022461
231067,normal,1487,0,1782361317.0766847,0.001985788345336914
231068,normal,3645,0,1782361317.0785997,0.00191497802734375
231069,normal,2994,0,1782361317.0807006,0.0021009445190429688
231070,normal,1168,0,1782361317.0826864,0.001985788345336914
231071,normal,1116,0,1782361317.084606,0.0019195079803466797
231072,normal,1528,0,1782361317.0867057,0.002099752426147461
231073,normal,553,0,1782361317.088628,0.0019223690032958984
231074,normal,2379,0,1782361317.0906606,0.0020325183868408203
231075,normal,2152,0,1782361317.0926983,0.0020377635955810547
231076,normal,2199,0,1782361317.0946975,0.0019991397857666016
231077,normal,3523,0,1782361317.0966015,0.0019040107727050781
231078,normal,3632,0,1782361317.0987074,0.0021059513092041016
231079,normal,1497,0,1782361317.1006312,0.0019237995147705078
231080,normal,2717,0,1782361317.1026585,0.002027273178100586
231081,normal,2988,0,1782361317.1046982,0.002039670944213867
231082,normal,246,0,1782361317.10669,0.001991748809814453
231083,normal,761,0,1782361317.1086051,0.0019152164459228516
231084,normal,1789,0,1782361317.110707,0.002101898193359375
231085,normal,3021,0,1782361317.1126268,0.0019197463989257812
231086,normal,2440,0,1782361317.1146603,0.0020334720611572266
231087,normal,2231,0,1782361317.1166987,0.0020384788513183594
231088,normal,1603,0,1782361317.118631,0.0019321441650390625
231089,normal,3134,1,1782361317.1206534,0.0020225048065185547
231090,normal,1792,0,1782361317.1227102,0.0020568370819091797
231091,normal,1818,0,1782361317.1246889,0.001978635787963867
231092,normal,2456,0,1782361317.1266072,0.0019183158874511719
231093,normal,1922,0,1782361317.1287007,0.0020935535430908203
231094,normal,2965,0,1782361317.130693,0.0019922256469726562
231095,normal,2044,0,1782361317.1326046,0.0019116401672363281
231096,normal,3492,0,1782361317.1347084,0.0021038055419921875
231097,normal,10,0,1782361317.1366413,0.0019328594207763672
231098,normal,858,2,1782361317.1386576,0.002016305923461914
231099,normal,2977,0,1782361317.1407075,0.0020499229431152344
231100,normal,1210,0,1782361317.1426053,0.0018978118896484375
231101,normal,3498,0,1782361317.144696,0.0020906925201416016
231102,normal,1687,0,1782361317.1467054,0.0020093917846679688
231103,normal,2579,0,1782361317.148661,0.0019555091857910156
231104,normal,1333,1,1782361317.1506383,0.0019774436950683594
231105,normal,2695,0,1782361317.1527088,0.0020704269409179688
231106,normal,2330,0,1782361317.1547017,0.001992940902709961
231107,normal,2436,0,1782361317.156638,0.001936197280883789
231108,normal,729,0,1782361317.158756,0.0021181106567382812
231109,normal,1534,0,1782361317.1609485,0.0021924972534179688
231110,normal,11,0,1782361317.162951,0.0020024776458740234
231111,normal,1973,0,1782361317.1653233,0.002372264862060547
231112,normal,3444,0,1782361317.1667244,0.0014011859893798828
231113,normal,2324,0,1782361317.1687539,0.0020294189453125
231114,normal,3046,1,1782361317.1706154,0.001861572265625
231115,normal,2411,0,1782361317.1726995,0.002084016799926758
231116,normal,817,2,1782361317.1745982,0.0018987655639648438
231117,normal,899,2,1782361317.1766884,0.0020902156829833984
231118,normal,2700,0,1782361317.178714,0.002025604248046875
231119,normal,1230,0,1782361317.1806283,0.0019142627716064453
231120,normal,2240,0,1782361317.182815,0.0021867752075195312
231121,normal,716,0,1782361317.1847656,0.0019505023956298828
231122,normal,700,0,1782361317.1870053,0.002239704132080078
231123,normal,896,2,1782361317.18892,0.0019147396087646484
231124,normal,749,0,1782361317.1907468,0.0018267631530761719
231125,normal,1503,0,1782361317.1926436,0.0018968582153320312
231126,normal,3349,1,1782361317.1947815,0.002137899398803711
231127,normal,2175,0,1782361317.1966774,0.001895904541015625
231128,normal,1762,0,1782361317.1987762,0.0020987987518310547
231129,normal,2098,0,1782361317.2007942,0.002017974853515625
231130,normal,389,0,1782361317.2027278,0.0019335746765136719
231131,normal,3488,0,1782361317.204737,0.002009153366088867
231132,normal,852,2,1782361317.2067,0.0019631385803222656
231133,normal,3071,1,1782361317.2086105,0.0019104480743408203
231134,normal,3377,1,1782361317.2107015,0.002090930938720703
231135,normal,2726,0,1782361317.2127907,0.002089262008666992
231136,normal,3613,0,1782361317.21474,0.001949310302734375
231137,normal,674,0,1782361317.216819,0.002079010009765625
231138,normal,1673,0,1782361317.2187467,0.0019276142120361328
231139,normal,163,0,1782361317.220795,0.0020482540130615234
231140,normal,541,0,1782361317.2225819,0.001786947250366211
231141,normal,840,2,1782361317.2246034,0.0020215511322021484
231142,normal,901,2,1782361317.2275896,0.0029861927032470703
231143,normal,676,0,1782361317.2289,0.0013103485107421875
231144,normal,2685,0,1782361317.2307851,0.0018851757049560547
231145,normal,1772,0,1782361317.2328556,0.0020704269409179688
231146,normal,1443,0,1782361317.234688,0.0018324851989746094
231147,normal,1837,0,1782361317.23666,0.0019719600677490234
231148,normal,3605,0,1782361317.2391968,0.002536773681640625
231149,normal,3287,1,1782361317.240628,0.0014312267303466797
231150,normal,794,2,1782361317.2427316,0.002103567123413086
231151,normal,2776,0,1782361317.244653,0.0019214153289794922
231152,normal,2642,0,1782361317.2466874,0.002034425735473633
231153,normal,1485,0,1782361317.248698,0.0020105838775634766
231154,normal,127,0,1782361317.2506044,0.0019063949584960938
231155,normal,3611,0,1782361317.2526946,0.0020902156829833984
231156,normal,568,0,1782361317.2546535,0.0019588470458984375
231157,normal,3094,1,1782361317.2565832,0.0019297599792480469
231158,normal,445,0,1782361317.2586389,0.002055644989013672
231159,normal,3326,1,1782361317.260651,0.0020122528076171875
231160,normal,449,0,1782361317.2627506,0.0020995140075683594
231161,normal,1672,0,1782361317.264688,0.0019373893737792969
231162,normal,2868,0,1782361317.2668068,0.002118825912475586
231163,normal,2226,0,1782361317.2689512,0.002144336700439453
231164,normal,237,0,1782361317.270639,0.001687765121459961
231165,normal,1481,0,1782361317.2727902,0.0021512508392333984
231166,normal,2842,0,1782361317.2748058,0.0020155906677246094
231167,normal,1424,0,1782361317.276635,0.0018291473388671875
231168,normal,311,0,1782361317.2787392,0.0021042823791503906
231169,normal,1509,0,1782361317.2806153,0.0018761157989501953
231170,normal,1283,0,1782361317.2827234,0.0021080970764160156
231171,normal,2670,0,1782361317.2846513,0.0019278526306152344
231172,normal,1029,2,1782361317.2868123,0.0021610260009765625
231173,normal,2654,0,1782361317.2890043,0.0021920204162597656
231174,normal,1905,0,1782361317.290771,0.0017666816711425781
231175,normal,1315,0,1782361317.2929301,0.00215911865234375
231176,normal,1219,0,1782361317.294702,0.0017719268798828125
231177,normal,822,2,1782361317.2968738,0.002171754837036133
231178,normal,1829,0,1782361317.298777,0.0019032955169677734
231179,normal,1552,0,1782361317.3006904,0.001913309097290039
231180,normal,2034,0,1782361317.302745,0.0020546913146972656
231181,normal,1773,0,1782361317.3046377,0.0018925666809082031
231182,normal,77,0,1782361317.3066363,0.0019986629486083984
231183,normal,180,0,1782361317.3087041,0.0020678043365478516
231184,normal,3553,0,1782361317.3106198,0.0019156932830810547
231185,normal,8,0,1782361317.3127222,0.002102375030517578
231186,normal,141,0,1782361317.3146517,0.0019295215606689453
231187,normal,1532,0,1782361317.3167353,0.0020835399627685547
231188,normal,3125,1,1782361317.3187034,0.0019681453704833984
231189,normal,3535,0,1782361317.320989,0.002285480499267578
231190,normal,606,0,1782361317.3227108,0.0017218589782714844
231191,normal,3633,0,1782361317.3245988,0.0018880367279052734
231192,normal,3452,0,1782361317.3267775,0.002178668975830078
231193,normal,1949,0,1782361317.3286915,0.0019140243530273438
231194,normal,767,0,1782361317.3307762,0.0020847320556640625
231195,normal,1311,0,1782361317.3328712,0.0020949840545654297
231196,normal,296,0,1782361317.3347113,0.0018401145935058594
231197,normal,1575,0,1782361317.3366034,0.00189208984375
231198,normal,22,0,1782361317.3386993,0.002095937728881836
231199,normal,358,0,1782361317.3407,0.002000570297241211
231200,normal,2402,0,1782361317.3426287,0.0019288063049316406
231201,normal,890,2,1782361317.3447235,0.002094745635986328
231202,normal,2785,0,1782361317.3468626,0.0021390914916992188
231203,normal,2192,0,1782361317.348865,0.0020024776458740234
231204,normal,2788,0,1782361317.3507366,0.0018715858459472656
231205,normal,2138,0,1782361317.352713,0.001976490020751953
231206,normal,244,0,1782361317.3547986,0.002085447311401367
231207,normal,265,0,1782361317.356955,0.002156496047973633
231208,normal,1335,1,1782361317.3587646,0.0018095970153808594
231209,normal,3394,1,1782361317.3606496,0.0018849372863769531
231210,normal,2806,0,1782361317.3627234,0.0020737648010253906
231211,normal,719,0,1782361317.3649917,0.0022683143615722656
231212,normal,1480,0,1782361317.3665638,0.0015721321105957031
231213,normal,2060,0,1782361317.368633,0.002069234848022461
231214,normal,910,2,1782361317.3706248,0.001991748809814453
231215,normal,3128,1,1782361317.3727198,0.0020949840545654297
231216,normal,1806,0,1782361317.3747027,0.0019829273223876953
231217,normal,2546,0,1782361317.3766904,0.0019876956939697266
231218,normal,886,2,1782361317.3786888,0.001998424530029297
231219,normal,1085,0,1782361317.380741,0.0020520687103271484
231220,normal,631,0,1782361317.3827748,0.0020339488983154297
231221,normal,856,2,1782361317.38478,0.0020051002502441406
231222,normal,3238,1,1782361317.38674,0.0019600391387939453
231223,normal,2564,0,1782361317.388589,0.0018489360809326172
231224,normal,3268,1,1782361317.3907106,0.0021216869354248047
231225,normal,2084,0,1782361317.3927145,0.002003908157348633
231226,normal,2772,0,1782361317.3947508,0.0020363330841064453
231227,normal,2475,0,1782361317.3966365,0.0018856525421142578
231228,normal,514,0,1782361317.3986793,0.0020427703857421875
231229,normal,3222,1,1782361317.400658,0.001978635787963867
231230,normal,2932,0,1782361317.4026058,0.0019478797912597656
231231,normal,651,0,1782361317.4046814,0.002075672149658203
231232,normal,3390,1,1782361317.4066968,0.002015352249145508
231233,normal,3440,0,1782361317.4087007,0.002003908157348633
231234,normal,2833,0,1782361317.4107888,0.0020880699157714844
231235,normal,1026,2,1782361317.412701,0.0019121170043945312
231236,normal,3057,1,1782361317.4147413,0.002040386199951172
231237,normal,3419,0,1782361317.416783,0.0020418167114257812
231238,normal,56,0,1782361317.4186947,0.0019116401672363281
231239,normal,2954,0,1782361317.4205961,0.001901388168334961
231240,normal,904,2,1782361317.422717,0.0021209716796875
231241,normal,2045,0,1782361317.4247243,0.0020072460174560547
231242,normal,3628,0,1782361317.426704,0.0019795894622802734
231243,normal,2571,0,1782361317.428877,0.002173185348510742
231244,normal,819,2,1782361317.4305723,0.0016951560974121094
231245,normal,1677,0,1782361317.4326868,0.002114534378051758
231246,normal,3676,0,1782361317.4347217,0.002034902572631836
231247,normal,692,0,1782361317.4365437,0.0018219947814941406
231248,normal,2388,0,1782361317.438634,0.0020902156829833984
231249,normal,1402,0,1782361317.4406385,0.0020046234130859375
231250,normal,684,0,1782361317.4427478,0.0021092891693115234
231251,normal,1104,0,1782361317.4447875,0.002039670944213867
231252,normal,184,0,1782361317.4467287,0.0019412040710449219
231253,normal,2212,0,1782361317.4486299,0.0019011497497558594
231254,normal,1514,0,1782361317.4506156,0.001985788345336914
231255,normal,2998,0,1782361317.4527273,0.002111673355102539
231256,normal,3076,1,1782361317.4546435,0.0019161701202392578
231257,normal,2452,0,1782361317.4566393,0.0019958019256591797
231258,normal,2371,0,1782361317.4586332,0.001993894577026367
231259,normal,611,0,1782361317.4605303,0.0018970966339111328
231260,normal,72,0,1782361317.4626985,0.0021681785583496094
231261,normal,1499,0,1782361317.4647546,0.002056121826171875
231262,normal,1238,0,1782361317.4667284,0.001973867416381836
231263,normal,3254,1,1782361317.4686756,0.001947164535522461
231264,normal,337,0,1782361317.470671,0.0019953250885009766
231265,normal,323,0,1782361317.4726727,0.0020017623901367188
231266,normal,2619,0,1782361317.474972,0.0022993087768554688
231267,normal,3042,0,1782361317.4769788,0.0020067691802978516
231268,normal,2413,0,1782361317.47871,0.0017311573028564453
231269,normal,626,0,1782361317.4807458,0.002035856246948242
231270,normal,135,0,1782361317.4826589,0.0019130706787109375
231271,normal,1725,0,1782361317.4846342,0.0019752979278564453
231272,normal,2800,0,1782361317.4868155,0.0021812915802001953
231273,normal,154,0,1782361317.488706,0.0018906593322753906
231274,normal,2976,0,1782361317.49063,0.0019237995147705078
231275,normal,883,2,1782361317.4926481,0.0020182132720947266
231276,normal,3031,0,1782361317.4946318,0.001983642578125
231277,normal,267,0,1782361317.496633,0.0020012855529785156
231278,normal,1307,0,1782361317.4987147,0.002081632614135742
231279,normal,1140,0,1782361317.5007474,0.002032756805419922
231280,normal,2123,0,1782361317.502767,0.002019643783569336
231281,normal,1177,0,1782361317.504693,0.0019259452819824219
231282,normal,530,0,1782361317.5068612,0.0021681785583496094
231283,normal,533,0,1782361317.5087216,0.0018603801727294922
231284,normal,1796,0,1782361317.5106301,0.0019085407257080078
231285,normal,2292,0,1782361317.5129588,0.002328634262084961
231286,normal,1621,0,1782361317.5147765,0.0018177032470703125
231287,normal,3371,1,1782361317.51665,0.0018734931945800781
231288,normal,2790,0,1782361317.51905,0.002399921417236328
231289,normal,2136,0,1782361317.5210109,0.0019609928131103516
231290,normal,2810,0,1782361317.5226595,0.0016486644744873047
231291,normal,1281,0,1782361317.524765,0.0021054744720458984
231292,normal,1123,0,1782361317.5266209,0.0018558502197265625
231293,normal,114,0,1782361317.5286834,0.002062559127807617
231294,normal,283,0,1782361317.5307472,0.002063751220703125
231295,normal,1103,0,1782361317.5327122,0.001965045928955078
231296,normal,582,0,1782361317.5347435,0.0020313262939453125
231297,normal,3212,1,1782361317.5367703,0.002026796340942383
231298,normal,755,0,1782361317.5388653,0.0020949840545654297
231299,normal,1396,0,1782361317.540841,0.0019757747650146484
231300,normal,3446,0,1782361317.5427911,0.0019500255584716797
231301,normal,3597,0,1782361317.5447068,0.0019156932830810547
231302,normal,402,0,1782361317.546782,0.0020751953125
231303,normal,3154,1,1782361317.5487714,0.0019893646240234375
231304,normal,1694,0,1782361317.5508184,0.0020470619201660156
231305,normal,3393,1,1782361317.5526555,0.001837015151977539
231306,normal,3183,1,1782361317.5547411,0.0020856857299804688
231307,normal,1650,0,1782361317.5567014,0.001960277557373047
231308,normal,292,0,1782361317.558638,0.0019366741180419922
231309,normal,1191,0,1782361317.560629,0.001990795135498047
231310,normal,1346,1,1782361317.5627096,0.002080678939819336
231311,normal,168,0,1782361317.564709,0.001999378204345703
231312,normal,731,0,1782361317.566861,0.002151966094970703
231313,normal,1594,0,1782361317.5686061,0.0017452239990234375
231314,normal,3315,1,1782361317.570699,0.0020928382873535156
231315,normal,2041,0,1782361317.5727053,0.0020062923431396484
231316,normal,1670,0,1782361317.5747006,0.0019953250885009766
231317,normal,2320,0,1782361317.5767033,0.002002716064453125
231318,normal,355,0,1782361317.5787368,0.0020334720611572266
231319,normal,1929,0,1782361317.580734,0.001997232437133789
231320,normal,726,0,1782361317.5827024,0.0019683837890625
231321,normal,434,0,1782361317.5847967,0.002094268798828125
231322,normal,491,0,1782361317.586751,0.001954317092895508
231323,normal,637,0,1782361317.588726,0.0019750595092773438
231324,normal,1332,1,1782361317.590801,0.0020749568939208984
231325,normal,1597,0,1782361317.592591,0.0017900466918945312
231326,normal,20,0,1782361317.5946844,0.0020933151245117188
231327,normal,1478,0,1782361317.5966887,0.002004384994506836
231328,normal,558,0,1782361317.5987344,0.0020456314086914062
231329,normal,2547,0,1782361317.6008155,0.002081155776977539
231330,normal,2588,0,1782361317.6028008,0.001985311508178711
231331,normal,579,0,1782361317.6048386,0.0020377635955810547
231332,normal,1868,0,1782361317.6066537,0.0018150806427001953
231333,normal,2929,0,1782361317.6088002,0.002146482467651367
231334,normal,3035,0,1782361317.6106598,0.0018596649169921875
231335,normal,1559,0,1782361317.612796,0.00213623046875
231336,normal,621,0,1782361317.6148007,0.0020046234130859375
231337,normal,2823,0,1782361317.6166098,0.0018091201782226562
231338,normal,1714,0,1782361317.6187563,0.002146482467651367
231339,normal,1782,0,1782361317.620613,0.0018568038940429688
231340,normal,2565,0,1782361317.622808,0.0021948814392089844
231341,normal,1956,0,1782361317.624599,0.0017910003662109375
231342,normal,1110,0,1782361317.626692,0.002093076705932617
231343,normal,3545,0,1782361317.6287017,0.0020096302032470703
231344,normal,2777,0,1782361317.6307082,0.00200653076171875
231345,normal,3062,1,1782361317.633233,0.002524852752685547
231346,normal,2195,0,1782361317.6347504,0.0015172958374023438
231347,normal,2634,0,1782361317.636736,0.0019855499267578125
231348,normal,3688,0,1782361317.638715,0.0019791126251220703
231349,normal,3497,0,1782361317.640724,0.0020089149475097656
231350,normal,1086,0,1782361317.6428127,0.002088785171508789
231351,normal,160,0,1782361317.6447816,0.001968860626220703
231352,normal,2784,0,1782361317.6465745,0.00179290771484375
231353,normal,1392,0,1782361317.648633,0.0020585060119628906
231354,normal,1598,0,1782361317.6506407,0.002007722854614258
231355,normal,3647,0,1782361317.6525517,0.0019109249114990234
231356,normal,1525,0,1782361317.654587,0.002035379409790039
231357,normal,1561,0,1782361317.6567843,0.002197265625
231358,normal,837,2,1782361317.6587133,0.0019290447235107422
231359,normal,1579,0,1782361317.6606822,0.001968860626220703
231360,normal,702,0,1782361317.6628242,0.0021419525146484375
231361,normal,1277,0,1782361317.6646976,0.0018734931945800781
231362,normal,3432,0,1782361317.6666064,0.0019087791442871094
231363,normal,486,0,1782361317.6688983,0.0022919178009033203
231364,normal,711,0,1782361317.6707556,0.0018572807312011719
231365,normal,934,2,1782361317.6726549,0.0018992424011230469
231366,normal,3372,1,1782361317.6750083,0.0023534297943115234
231367,normal,1325,1,1782361317.6769505,0.0019421577453613281
231368,normal,2880,0,1782361317.6786737,0.0017232894897460938
231369,normal,1340,1,1782361317.680696,0.002022266387939453
231370,normal,3037,0,1782361317.6825705,0.0018744468688964844
231371,normal,2974,0,1782361317.6848264,0.0022559165954589844
231372,normal,1794,0,1782361317.68659,0.0017635822296142578
231373,normal,824,2,1782361317.6885798,0.0019898414611816406
231374,normal,113,0,1782361317.6905894,0.0020096302032470703
231375,normal,3689,0,1782361317.6927288,0.0021393299102783203
231376,normal,1432,0,1782361317.6946306,0.001901865005493164
231377,normal,3322,1,1782361317.6966476,0.0020170211791992188
231378,normal,1520,0,1782361317.6987767,0.002129077911376953
231379,normal,3187,1,1782361317.7005582,0.001781463623046875
231380,normal,380,0,1782361317.7027433,0.0021851062774658203
231381,normal,515,0,1782361317.7047899,0.0020465850830078125
231382,normal,150,0,1782361317.7067564,0.0019664764404296875
231383,normal,2981,0,1782361317.7087722,0.002015829086303711
231384,normal,3586,0,1782361317.710762,0.0019898414611816406
231385,normal,720,0,1782361317.7127116,0.0019495487213134766
231386,normal,1428,0,1782361317.714828,0.0021164417266845703
231387,normal,171,0,1782361317.71677,0.0019419193267822266
231388,normal,730,0,1782361317.718633,0.0018630027770996094
231389,normal,1319,1,1782361317.7206562,0.0020232200622558594
231390,normal,2828,0,1782361317.722712,0.0020558834075927734
231391,normal,958,2,1782361317.724571,0.0018589496612548828
231392,normal,1930,0,1782361317.726691,0.0021200180053710938
231393,normal,3285,1,1782361317.7286963,0.002005338668823242
231394,normal,2859,0,1782361317.730577,0.001880645751953125
231395,normal,2498,0,1782361317.7326038,0.002026796340942383
231396,normal,2386,0,1782361317.734754,0.002150297164916992
231397,normal,1701,0,1782361317.736641,0.0018868446350097656
231398,normal,3141,1,1782361317.7386036,0.0019626617431640625
231399,normal,2291,0,1782361317.7407315,0.0021278858184814453
231400,normal,1799,0,1782361317.742578,0.0018465518951416016
231401,normal,2222,0,1782361317.7447114,0.0021333694458007812
231402,normal,385,0,1782361317.7467446,0.002033233642578125
231403,normal,2414,0,1782361317.7485855,0.001840829849243164
231404,normal,2708,0,1782361317.7506533,0.0020678043365478516
231405,normal,871,2,1782361317.752636,0.0019826889038085938
231406,normal,1275,0,1782361317.7546372,0.0020012855529785156
231407,normal,2150,0,1782361317.7567422,0.0021049976348876953
231408,normal,732,0,1782361317.7587159,0.0019736289978027344
231409,normal,3182,1,1782361317.760632,0.0019161701202392578
231410,normal,2306,0,1782361317.7626398,0.002007722854614258
231411,normal,2489,0,1782361317.764708,0.0020682811737060547
231412,normal,510,0,1782361317.766637,0.0019290447235107422
231413,normal,2984,0,1782361317.7686183,0.0019812583923339844
231414,normal,2156,0,1782361317.7706077,0.0019893646240234375
231415,normal,3572,0,1782361317.7726128,0.0020051002502441406
231416,normal,372,0,1782361317.774643,0.0020301342010498047
231417,normal,2740,0,1782361317.7766113,0.0019683837890625
231418,normal,3474,0,1782361317.7786083,0.0019969940185546875
231419,normal,1072,0,1782361317.7806156,0.0020072460174560547
231420,normal,3290,1,1782361317.782624,0.0020084381103515625
231421,normal,827,2,1782361317.7850292,0.0024051666259765625
231422,normal,194,0,1782361317.7866185,0.0015892982482910156
231423,normal,905,2,1782361317.788618,0.0019996166229248047
231424,normal,2728,0,1782361317.790623,0.002004861831665039
231425,normal,1626,0,1782361317.792623,0.002000093460083008
231426,normal,1308,0,1782361317.7946343,0.0020112991333007812
231427,normal,1816,0,1782361317.7966256,0.00199127197265625
231428,normal,1008,2,1782361317.7986162,0.0019905567169189453
231429,normal,1684,0,1782361317.800621,0.002004861831665039
231430,normal,3373,1,1782361317.802623,0.0020020008087158203
231431,normal,688,0,1782361317.8046553,0.0020322799682617188
231432,normal,99,0,1782361317.8066535,0.0019981861114501953
231433,normal,3462,0,1782361317.8086534,0.0019998550415039062
231434,normal,2302,0,1782361317.8107774,0.0021240711212158203
231435,normal,1985,0,1782361317.812753,0.001975536346435547
231436,normal,3528,0,1782361317.8147264,0.001973390579223633
231437,normal,1150,0,1782361317.8166876,0.001961231231689453
231438,normal,1570,0,1782361317.8187807,0.002093076705932617
231439,normal,2478,0,1782361317.8206165,0.0018358230590820312
231440,normal,597,0,1782361317.822887,0.0022704601287841797
231441,normal,738,0,1782361317.824755,0.0018680095672607422
231442,normal,1120,0,1782361317.8267608,0.0020058155059814453
231443,normal,666,0,1782361317.828907,0.0021462440490722656
231444,normal,309,0,1782361317.830848,0.0019409656524658203
231445,normal,289,0,1782361317.8326223,0.0017743110656738281
231446,normal,489,0,1782361317.8346374,0.0020151138305664062
231447,normal,921,2,1782361317.8366237,0.001986265182495117
231448,normal,938,2,1782361317.838641,0.0020172595977783203
231449,normal,1057,0,1782361317.8406477,0.0020067691802978516
231450,normal,939,2,1782361317.8426507,0.0020029544830322266
231451,normal,79,0,1782361317.844629,0.0019783973693847656
231452,normal,762,0,1782361317.8466392,0.0020101070404052734
231453,normal,1250,0,1782361317.8486478,0.002008676528930664
231454,normal,2160,0,1782361317.8506916,0.0020437240600585938
231455,normal,1795,0,1782361317.8526933,0.0020017623901367188
231456,normal,151,0,1782361317.8546333,0.001940011978149414
231457,normal,312,0,1782361317.8566422,0.0020089149475097656
231458,normal,3415,0,1782361317.8586266,0.0019843578338623047
231459,normal,3065,1,1782361317.8607035,0.002076864242553711
231460,normal,230,0,1782361317.8626328,0.0019292831420898438
231461,normal,3384,1,1782361317.8646793,0.0020465850830078125
231462,normal,1889,0,1782361317.8667018,0.0020225048065185547
231463,normal,557,0,1782361317.868681,0.0019791126251220703
231464,normal,103,0,1782361317.870647,0.0019659996032714844
231465,normal,1056,0,1782361317.8726559,0.0020089149475097656
231466,normal,1880,0,1782361317.874697,0.0020411014556884766
231467,normal,490,0,1782361317.8766372,0.0019402503967285156
231468,normal,1477,0,1782361317.878638,0.0020008087158203125
231469,normal,2532,0,1782361317.880631,0.001992940902709961
231470,normal,3669,0,1782361317.8826606,0.0020296573638916016
231471,normal,727,0,1782361317.8846335,0.0019729137420654297
231472,normal,3133,1,1782361317.8866277,0.0019941329956054688
231473,normal,2251,0,1782361317.8887918,0.002164125442504883
231474,normal,2519,0,1782361317.890726,0.0019342899322509766
231475,normal,344,0,1782361317.8927095,0.0019834041595458984
231476,normal,1083,0,1782361317.8946307,0.0019211769104003906
231477,normal,1374,1,1782361317.8966882,0.0020575523376464844
231478,normal,2631,0,1782361317.8986914,0.002003192901611328
231479,normal,1783,0,1782361317.9007375,0.0020461082458496094
231480,normal,1600,0,1782361317.9027762,0.002038717269897461
231481,normal,2377,0,1782361317.904786,0.002009868621826172
231482,normal,2438,0,1782361317.9067051,0.0019190311431884766
231483,normal,2791,0,1782361317.908791,0.0020859241485595703
231484,normal,689,0,1782361317.9107487,0.0019576549530029297
231485,normal,2886,0,1782361317.9127843,0.0020356178283691406
231486,normal,235,0,1782361317.9147973,0.002012968063354492
231487,normal,613,0,1782361317.916784,0.0019867420196533203
231488,normal,59,0,1782361317.9188771,0.002093076705932617
231489,normal,2908,0,1782361317.920734,0.0018568038940429688
231490,normal,259,0,1782361317.9230008,0.0022668838500976562
231491,normal,219,0,1782361317.9246974,0.0016965866088867188
231492,normal,784,2,1782361317.9267192,0.00202178955078125
231493,normal,1734,0,1782361317.9286141,0.0018949508666992188
231494,normal,680,0,1782361317.9305928,0.001978635787963867
231495,normal,780,2,1782361317.9326944,0.0021016597747802734
231496,normal,1986,0,1782361317.9346397,0.0019452571868896484
231497,normal,646,0,1782361317.936614,0.001974344253540039
231498,normal,2158,0,1782361317.9387052,0.0020911693572998047
231499,normal,3534,0,1782361317.9405751,0.0018699169158935547
231500,normal,868,2,1782361317.942689,0.002113819122314453
231501,normal,3638,0,1782361317.9446871,0.0019981861114501953
231502,normal,1204,0,1782361317.9471447,0.0024576187133789062
231503,normal,2055,0,1782361317.9488049,0.0016601085662841797
231504,normal,1270,0,1782361317.9507356,0.0019307136535644531
231505,normal,3198,1,1782361317.9526222,0.001886606216430664
231506,normal,1224,0,1782361317.9546263,0.0020041465759277344
231507,normal,335,0,1782361317.9567108,0.002084493637084961
231508,normal,3465,0,1782361317.9587166,0.0020058155059814453
231509,normal,2168,0,1782361317.9606216,0.0019049644470214844
231510,normal,1704,0,1782361317.9627242,0.0021026134490966797
231511,normal,3684,0,1782361317.9646156,0.0018913745880126953
231512,normal,900,2,1782361317.9666116,0.0019960403442382812
231513,normal,625,0,1782361317.9687219,0.0021102428436279297
231514,normal,3706,0,1782361317.970895,0.002173185348510742
231515,normal,1038,0,1782361317.9728932,0.0019981861114501953
231516,normal,3012,0,1782361317.974711,0.0018177032470703125
231517,normal,2412,0,1782361317.9767146,0.0020036697387695312
231518,normal,1347,1,1782361317.9787142,0.0019996166229248047
231519,normal,152,0,1782361317.9808137,0.0020995140075683594
231520,normal,3691,0,1782361317.9826436,0.0018298625946044922
231521,normal,2787,0,1782361317.984853,0.0022094249725341797
231522,normal,3591,0,1782361317.9867806,0.0019276142120361328
231523,normal,548,0,1782361317.9886498,0.00186920166015625
231524,normal,2233,0,1782361317.9909823,0.002332448959350586
231525,normal,3229,1,1782361317.9930315,0.0020492076873779297
231526,normal,2249,0,1782361317.994678,0.0016465187072753906
231527,normal,215,0,1782361317.9966314,0.0019533634185791016
231528,normal,2432,0,1782361317.998727,0.0020956993103027344
231529,normal,1071,0,1782361318.0006273,0.0019001960754394531
231530,normal,3414,0,1782361318.0026195,0.0019922256469726562
231531,normal,2682,0,1782361318.0047324,0.002112865447998047
231532,normal,2248,0,1782361318.0066144,0.0018820762634277344
231533,normal,3056,1,1782361318.008621,0.00200653076171875
231534,normal,1855,0,1782361318.010746,0.0021250247955322266
231535,normal,2344,0,1782361318.0126734,0.0019273757934570312
231536,normal,622,0,1782361318.0146964,0.002022981643676758
231537,normal,350,0,1782361318.0167253,0.002028942108154297
231538,normal,366,0,1782361318.018654,0.0019288063049316406
231539,normal,3541,0,1782361318.0207057,0.0020515918731689453
231540,normal,1875,0,1782361318.0227957,0.002089977264404297
231541,normal,2574,0,1782361318.024685,0.0018892288208007812
231542,normal,3485,0,1782361318.0265703,0.0018854141235351562
231543,normal,41,0,1782361318.0286973,0.002126932144165039
231544,normal,2311,0,1782361318.0305877,0.001890420913696289
231545,normal,998,2,1782361318.0325828,0.001995086669921875
231546,normal,2649,0,1782361318.0348227,0.0022399425506591797
231547,normal,615,0,1782361318.0365915,0.0017688274383544922
231548,normal,378,0,1782361318.0386121,0.002020597457885742
231549,normal,1,0,1782361318.0408292,0.0022170543670654297
231550,normal,2508,0,1782361318.0425746,0.001745462417602539
231551,normal,319,0,1782361318.044572,0.0019974708557128906
231552,normal,1453,0,1782361318.0466933,0.0021212100982666016
231553,normal,2398,0,1782361318.0485747,0.0018813610076904297
231554,normal,1251,0,1782361318.0507028,0.002128124237060547
231555,normal,714,0,1782361318.0527167,0.0020139217376708984
231556,normal,955,2,1782361318.0546215,0.0019047260284423828
231557,normal,2328,0,1782361318.0566373,0.002015829086303711
231558,normal,1787,0,1782361318.0587916,0.0021543502807617188
231559,normal,2572,0,1782361318.0606563,0.0018646717071533203
231560,normal,2524,0,1782361318.0626175,0.001961231231689453
231561,normal,923,2,1782361318.0647318,0.0021142959594726562
231562,normal,1916,0,1782361318.0666313,0.0018994808197021484
231563,normal,399,0,1782361318.0685735,0.0019421577453613281
231564,normal,1934,0,1782361318.070695,0.002121448516845703
231565,normal,990,2,1782361318.0725703,0.0018754005432128906
231566,normal,1124,0,1782361318.0747132,0.0021429061889648438
231567,normal,2510,0,1782361318.076672,0.0019588470458984375
231568,normal,2204,0,1782361318.0786526,0.0019805431365966797
231569,normal,462,0,1782361318.0807166,0.0020639896392822266
231570,normal,3175,1,1782361318.0827713,0.0020546913146972656
231571,normal,3579,0,1782361318.0846488,0.0018775463104248047
231572,normal,936,2,1782361318.0866225,0.0019736289978027344
231573,normal,2962,0,1782361318.088798,0.002175569534301758
231574,normal,1416,0,1782361318.0906785,0.0018804073333740234
231575,normal,914,2,1782361318.0926194,0.0019409656524658203
231576,normal,2968,0,1782361318.0946803,0.0020608901977539062
231577,normal,1051,0,1782361318.0965638,0.0018835067749023438
231578,normal,3360,1,1782361318.098685,0.0021212100982666016
231579,normal,438,0,1782361318.1008177,0.0021326541900634766
231580,normal,2627,0,1782361318.102569,0.0017514228820800781
231581,normal,2918,0,1782361318.1045663,0.001997232437133789
231582,normal,1719,0,1782361318.1066852,0.002118825912475586
231583,normal,381,0,1782361318.1085596,0.0018744468688964844
231584,normal,2463,0,1782361318.1109862,0.002426624298095703
231585,normal,559,0,1782361318.1128652,0.001878976821899414
231586,normal,2206,0,1782361318.1146584,0.0017931461334228516
231587,normal,1393,0,1782361318.1165812,0.0019228458404541016
231588,normal,2528,0,1782361318.1187031,0.0021219253540039062
231589,normal,882,2,1782361318.1206071,0.0019040107727050781
231590,normal,851,2,1782361318.1225905,0.0019834041595458984
231591,normal,1211,0,1782361318.1248548,0.002264261245727539
231592,normal,2352,0,1782361318.1266165,0.0017616748809814453
231593,normal,3399,1,1782361318.1285677,0.0019512176513671875
231594,normal,347,0,1782361318.130699,0.002131223678588867
231595,normal,2515,0,1782361318.132598,0.0018990039825439453
231596,normal,2030,0,1782361318.1345987,0.0020008087158203125
231597,normal,2483,0,1782361318.13697,0.0023713111877441406
231598,normal,2718,0,1782361318.1388216,0.0018515586853027344
231599,normal,3427,0,1782361318.1406791,0.0018575191497802734
231600,normal,898,2,1782361318.1427643,0.0020852088928222656
231601,normal,1435,0,1782361318.144674,0.0019097328186035156
231602,normal,2135,0,1782361318.1466856,0.002011537551879883
231603,normal,3547,0,1782361318.1487012,0.0020155906677246094
231604,normal,1107,0,1782361318.1508045,0.0021033287048339844
231605,normal,2878,0,1782361318.1527615,0.001956939697265625
231606,normal,3705,0,1782361318.15475,0.001988649368286133
231607,normal,2425,0,1782361318.1569471,0.0021970272064208984
231608,normal,3025,0,1782361318.1591494,0.002202272415161133
231609,normal,1631,0,1782361318.160637,0.0014874935150146484
231610,normal,450,0,1782361318.1625574,0.001920461654663086
231611,normal,1412,0,1782361318.1646411,0.0020837783813476562
231612,normal,2143,0,1782361318.1666408,0.0019996166229248047
231613,normal,948,2,1782361318.168569,0.0019283294677734375
231614,normal,1695,0,1782361318.1706445,0.0020754337310791016
231615,normal,1372,1,1782361318.1726415,0.0019969940185546875
231616,normal,2309,0,1782361318.1745567,0.0019152164459228516
231617,normal,2635,0,1782361318.1767855,0.0022287368774414062
231618,normal,2748,0,1782361318.1787798,0.0019943714141845703
231619,normal,2931,0,1782361318.1807938,0.0020139217376708984
231620,normal,3266,1,1782361318.1826568,0.0018630027770996094
231621,normal,3531,0,1782361318.1846242,0.0019674301147460938
231622,normal,3306,1,1782361318.186626,0.0020017623901367188
231623,normal,3576,0,1782361318.1886451,0.002019166946411133
231624,normal,668,0,1782361318.190713,0.0020678043365478516
231625,normal,2218,0,1782361318.1926916,0.001978635787963867
231626,normal,3331,1,1782361318.1945853,0.001893758773803711
231627,normal,1815,0,1782361318.1967423,0.002156972885131836
231628,normal,116,0,1782361318.1987371,0.0019948482513427734
231629,normal,633,0,1782361318.20069,0.0019528865814208984
231630,normal,87,0,1782361318.2027574,0.0020673274993896484
231631,normal,447,0,1782361318.2047594,0.0020020008087158203
231632,normal,1536,0,1782361318.2067244,0.001965045928955078
231633,normal,1185,0,1782361318.208936,0.0022115707397460938
231634,normal,1376,1,1782361318.210614,0.0016779899597167969
231635,normal,1707,0,1782361318.212807,0.002192974090576172
231636,normal,2493,0,1782361318.2147353,0.0019283294677734375
231637,normal,650,0,1782361318.216579,0.0018436908721923828
231638,normal,594,0,1782361318.218577,0.0019979476928710938
231639,normal,1977,0,1782361318.2207122,0.0021352767944335938
231640,normal,142,0,1782361318.2226152,0.0019030570983886719
231641,normal,1466,0,1782361318.2246275,0.0020122528076171875
231642,normal,581,0,1782361318.2267568,0.0021293163299560547
231643,normal,205,0,1782361318.228655,0.0018982887268066406
231644,normal,1685,0,1782361318.2306194,0.0019643306732177734
231645,normal,2347,0,1782361318.2327156,0.0020961761474609375
231646,normal,3347,1,1782361318.2346802,0.001964569091796875
231647,normal,3649,0,1782361318.2365775,0.0018973350524902344
231648,normal,710,0,1782361318.23869,0.0021123886108398438
231649,normal,2279,0,1782361318.24057,0.0018801689147949219
231650,normal,1862,0,1782361318.24257,0.0019998550415039062
231651,normal,1971,0,1782361318.2448006,0.0022306442260742188
231652,normal,1006,2,1782361318.2467773,0.0019767284393310547
231653,normal,2598,0,1782361318.248641,0.001863718032836914
231654,normal,774,2,1782361318.2508657,0.0022246837615966797
231655,normal,1968,0,1782361318.252722,0.0018563270568847656
231656,normal,1034,0,1782361318.254755,0.0020329952239990234
231657,normal,2839,0,1782361318.2568605,0.0021054744720458984
231658,normal,3489,0,1782361318.2586918,0.0018312931060791016
231659,normal,2372,0,1782361318.2608502,0.0021584033966064453
231660,normal,3116,1,1782361318.2627418,0.0018916130065917969
231661,normal,2096,0,1782361318.2647395,0.001997709274291992
231662,normal,1918,0,1782361318.2666914,0.0019519329071044922
231663,normal,452,0,1782361318.2687957,0.0021042823791503906
231664,normal,3648,0,1782361318.2706738,0.0018780231475830078
231665,normal,3006,0,1782361318.2726905,0.002016782760620117
231666,normal,1360,1,1782361318.2746818,0.00199127197265625
231667,normal,57,0,1782361318.2766926,0.002010822296142578
231668,normal,3005,0,1782361318.2785983,0.001905679702758789
231669,normal,1145,0,1782361318.281184,0.0025856494903564453
231670,normal,46,0,1782361318.28269,0.0015060901641845703
231671,normal,922,2,1782361318.2846205,0.0019304752349853516
231672,normal,1162,0,1782361318.2866821,0.002061605453491211
231673,normal,574,0,1782361318.288654,0.0019719600677490234
231674,normal,3299,1,1782361318.2906303,0.0019762516021728516
231675,normal,2439,0,1782361318.293004,0.0023736953735351562
231676,normal,2665,0,1782361318.2946522,0.0016481876373291016
231677,normal,3139,1,1782361318.2965705,0.0019183158874511719
231678,normal,153,0,1782361318.2986946,0.0021240711212158203
231679,normal,3449,0,1782361318.3005805,0.0018858909606933594
231680,normal,3525,0,1782361318.3025897,0.002009153366088867
231681,normal,833,2,1782361318.3047054,0.0021157264709472656
231682,normal,3196,1,1782361318.3067148,0.0020093917846679688
231683,normal,189,0,1782361318.3087258,0.0020110607147216797
231684,normal,1015,2,1782361318.310796,0.002070188522338867
231685,normal,1358,1,1782361318.3126578,0.0018618106842041016
231686,normal,3273,1,1782361318.314718,0.0020601749420166016
231687,normal,241,0,1782361318.3167586,0.0020406246185302734
231688,normal,2781,0,1782361318.31862,0.0018613338470458984
231689,normal,1791,0,1782361318.3208728,0.002252817153930664
231690,normal,560,0,1782361318.3227696,0.0018968582153320312
231691,normal,2683,0,1782361318.3245955,0.0018258094787597656
231692,normal,1324,1,1782361318.3268008,0.002205371856689453
231693,normal,1482,0,1782361318.3288834,0.0020825862884521484
231694,normal,78,0,1782361318.3306146,0.0017311573028564453
231695,normal,3503,0,1782361318.3325753,0.00196075439453125
231696,normal,2093,0,1782361318.3346844,0.002109050750732422
231697,normal,164,0,1782361318.3365934,0.001909017562866211
231698,normal,1505,0,1782361318.3385768,0.0019834041595458984
231699,normal,1132,0,1782361318.340701,0.002124309539794922
231700,normal,1609,0,1782361318.342592,0.0018908977508544922
231701,normal,1181,0,1782361318.3445923,0.0020003318786621094
231702,normal,2662,0,1782361318.346716,0.002123594284057617
231703,normal,2951,0,1782361318.3487759,0.0020599365234375
231704,normal,2122,0,1782361318.350748,0.001972198486328125
231705,normal,2213,0,1782361318.3526971,0.0019490718841552734
231706,normal,71,0,1782361318.3546166,0.0019195079803466797
231707,normal,2178,0,1782361318.3566308,0.00201416015625
231708,normal,1491,0,1782361318.3587606,0.002129793167114258
231709,normal,2488,0,1782361318.3606508,0.0018901824951171875
231710,normal,2314,0,1782361318.3625968,0.0019459724426269531
231711,normal,3500,0,1782361318.364729,0.0021321773529052734
231712,normal,120,0,1782361318.3666084,0.0018794536590576172
231713,normal,249,0,1782361318.368608,0.0019996166229248047
231714,normal,3559,0,1782361318.3707376,0.0021295547485351562
231715,normal,1997,0,1782361318.3726113,0.0018737316131591797
231716,normal,2958,0,1782361318.3746343,0.002022981643676758
231717,normal,763,0,1782361318.3767169,0.0020825862884521484
231718,normal,3391,1,1782361318.3785768,0.001859903335571289
231719,normal,3673,0,1782361318.380573,0.001996278762817383
231720,normal,1353,1,1782361318.3827062,0.0021331310272216797
231721,normal,3058,1,1782361318.384719,0.0020127296447753906
231722,normal,1774,0,1782361318.386577,0.0018579959869384766
231723,normal,670,0,1782361318.3887033,0.002126455307006836
231724,normal,1137,0,1782361318.3906152,0.0019118785858154297
231725,normal,1649,0,1782361318.3927674,0.0021522045135498047
231726,normal,785,2,1782361318.3947415,0.0019741058349609375
231727,normal,3484,0,1782361318.3966043,0.0018627643585205078
231728,normal,1068,0,1782361318.3985953,0.0019910335540771484
231729,normal,1397,0,1782361318.4006863,0.002090930938720703
231730,normal,1870,0,1782361318.4025707,0.00188446044921875
231731,normal,2246,0,1782361318.4045637,0.001992940902709961
231732,normal,1896,0,1782361318.4066875,0.0021238327026367188
231733,normal,2202,0,1782361318.4085822,0.0018947124481201172
231734,normal,2618,0,1782361318.410621,0.002038717269897461
231735,normal,634,0,1782361318.412739,0.0021181106567382812
231736,normal,3435,0,1782361318.4146438,0.0019047260284423828
231737,normal,2476,0,1782361318.4166517,0.0020079612731933594
231738,normal,1378,1,1782361318.4188647,0.002213001251220703
231739,normal,681,0,1782361318.4206202,0.0017554759979248047
231740,normal,3120,1,1782361318.4227026,0.002082347869873047
231741,normal,1213,0,1782361318.4247284,0.0020258426666259766
231742,normal,2357,0,1782361318.4266062,0.0018777847290039062
231743,normal,562,0,1782361318.4285457,0.001939535140991211
231744,normal,2860,0,1782361318.4306314,0.0020856857299804688
231745,normal,3258,1,1782361318.4325397,0.0019083023071289062
231746,normal,1924,0,1782361318.4346304,0.0020906925201416016
231747,normal,2858,0,1782361318.4366605,0.0020301342010498047
231748,normal,387,0,1782361318.4385724,0.0019118785858154297
231749,normal,766,0,1782361318.440566,0.0019936561584472656
231750,normal,3359,1,1782361318.442688,0.0021219253540039062
231751,normal,728,0,1782361318.4445667,0.0018787384033203125
231752,normal,149,0,1782361318.4471247,0.002557992935180664
231753,normal,3188,1,1782361318.4488244,0.001699686050415039
231754,normal,1737,0,1782361318.4505782,0.0017538070678710938
231755,normal,2840,0,1782361318.4525683,0.001990079879760742
231756,normal,293,0,1782361318.4546993,0.0021309852600097656
231757,normal,2930,0,1782361318.4565928,0.0018935203552246094
231758,normal,3603,0,1782361318.4586244,0.002031564712524414
231759,normal,3307,1,1782361318.4606853,0.0020608901977539062
231760,normal,682,0,1782361318.462597,0.0019116401672363281
231761,normal,2331,0,1782361318.464569,0.001972198486328125
231762,normal,340,0,1782361318.4666922,0.002123117446899414
231763,normal,2109,0,1782361318.4685783,0.001886129379272461
231764,normal,835,2,1782361318.470585,0.0020067691802978516
231765,normal,2159,0,1782361318.4727092,0.0021240711212158203
231766,normal,1276,0,1782361318.4747355,0.0020263195037841797
231767,normal,2807,0,1782361318.4767404,0.002004861831665039
231768,normal,3626,0,1782361318.478731,0.0019905567169189453
231769,normal,2492,0,1782361318.480633,0.0019021034240722656
231770,normal,3581,0,1782361318.4827054,0.0020723342895507812
231771,normal,2801,0,1782361318.4847705,0.0020651817321777344
231772,normal,2881,0,1782361318.486571,0.001800537109375
231773,normal,2514,0,1782361318.4888878,0.002316713333129883
231774,normal,2458,0,1782361318.491674,0.0027861595153808594
231775,normal,2582,0,1782361318.4928684,0.0011944770812988281
231776,normal,2286,0,1782361318.4947238,0.0018553733825683594
231777,normal,3202,1,1782361318.496938,0.002214193344116211
231778,normal,661,0,1782361318.4989476,0.0020096302032470703
231779,normal,1750,0,1782361318.5006223,0.001674652099609375
231780,normal,2761,0,1782361318.5027494,0.0021271705627441406
231781,normal,2657,0,1782361318.5047483,0.0019989013671875
231782,normal,351,0,1782361318.506714,0.001965761184692383
231783,normal,3340,1,1782361318.5087516,0.002037525177001953
231784,normal,1298,0,1782361318.5107524,0.0020008087158203125
231785,normal,365,0,1782361318.5127032,0.0019507408142089844
231786,normal,3658,0,1782361318.5147564,0.0020532608032226562
231787,normal,2882,0,1782361318.516768,0.002011537551879883
231788,normal,2937,0,1782361318.518752,0.001984119415283203
231789,normal,608,0,1782361318.5207505,0.001998424530029297
231790,normal,498,0,1782361318.5227225,0.0019719600677490234
231791,normal,1964,0,1782361318.5247421,0.002019643783569336
231792,normal,994,2,1782361318.526707,0.0019648075103759766
231793,normal,519,0,1782361318.5286334,0.001926422119140625
231794,normal,3457,0,1782361318.5306504,0.0020170211791992188
231795,normal,3060,1,1782361318.5326445,0.0019941329956054688
231796,normal,925,2,1782361318.5346024,0.0019578933715820312
231797,normal,231,0,1782361318.5366096,0.0020072460174560547
231798,normal,1292,0,1782361318.538711,0.002101421356201172
231799,normal,542,0,1782361318.5406091,0.001898050308227539
231800,normal,3509,0,1782361318.5426133,0.0020041465759277344
231801,normal,2495,0,1782361318.54475,0.002136707305908203
231802,normal,855,2,1782361318.5466073,0.0018572807312011719
231803,normal,1718,0,1782361318.5485806,0.001973390579223633
231804,normal,3107,1,1782361318.5506985,0.0021178722381591797
231805,normal,1490,0,1782361318.5525758,0.0018773078918457031
231806,normal,2729,0,1782361318.554577,0.0020012855529785156
231807,normal,2756,0,1782361318.5566945,0.0021173954010009766
231808,normal,473,0,1782361318.5585802,0.0018856525421142578
231809,normal,106,0,1782361318.5606325,0.00205230712890625
231810,normal,2509,0,1782361318.5628924,0.002259969711303711
231811,normal,2696,0,1782361318.5646274,0.0017349720001220703
231812,normal,2442,0,1782361318.5666168,0.0019893646240234375
231813,normal,2053,0,1782361318.5687156,0.0020987987518310547
231814,normal,2102,0,1782361318.570589,0.0018734931945800781
231815,normal,2299,0,1782361318.5725622,0.0019731521606445312
231816,normal,2277,0,1782361318.5746877,0.0021255016326904297
231817,normal,1706,0,1782361318.576584,0.0018963813781738281
231818,normal,18,0,1782361318.5785935,0.0020093917846679688
231819,normal,725,0,1782361318.5807424,0.002148866653442383
231820,normal,1976,0,1782361318.582634,0.0018916130065917969
231821,normal,1715,0,1782361318.5846741,0.0020401477813720703
231822,normal,3461,0,1782361318.586785,0.0021109580993652344
231823,normal,2166,0,1782361318.5886807,0.0018956661224365234
231824,normal,3555,0,1782361318.590618,0.0019371509552001953
231825,normal,1708,0,1782361318.592834,0.0022161006927490234
231826,normal,2612,0,1782361318.5946815,0.0018475055694580078
231827,normal,679,0,1782361318.5966134,0.001931905746459961
231828,normal,2971,0,1782361318.5986884,0.0020749568939208984
231829,normal,3209,1,1782361318.600559,0.0018706321716308594
231830,normal,791,2,1782361318.6025603,0.0020012855529785156
231831,normal,2354,0,1782361318.6047297,0.002169370651245117
231832,normal,28,0,1782361318.6066144,0.0018846988677978516
231833,normal,3262,1,1782361318.608559,0.0019445419311523438
231834,normal,2253,0,1782361318.6106436,0.0020847320556640625
231835,normal,2506,0,1782361318.6125631,0.0019195079803466797
231836,normal,1625,0,1782361318.6145725,0.0020093917846679688
231837,normal,821,2,1782361318.616998,0.0024254322052001953
231838,normal,3585,0,1782361318.6188455,0.0018475055694580078
231839,normal,2829,0,1782361318.6206322,0.0017867088317871094
231840,normal,236,0,1782361318.6226983,0.0020661354064941406
231841,normal,1884,0,1782361318.6245735,0.001875162124633789
231842,normal,1682,0,1782361318.626623,0.0020494461059570312
231843,normal,2236,0,1782361318.6287146,0.002091646194458008
231844,normal,2924,0,1782361318.6307135,0.0019989013671875
231845,normal,795,2,1782361318.6326077,0.001894235610961914
231846,normal,2963,0,1782361318.634682,0.0020742416381835938
231847,normal,3366,1,1782361318.6365771,0.0018951892852783203
231848,normal,3176,1,1782361318.6385853,0.002008199691772461
231849,normal,1680,0,1782361318.6407084,0.002123117446899414
231850,normal,2486,0,1782361318.642768,0.002059459686279297
231851,normal,2262,0,1782361318.644879,0.002111196517944336
231852,normal,3030,0,1782361318.6466565,0.0017774105072021484
231853,normal,2570,0,1782361318.6486814,0.0020248889923095703
231854,normal,2038,0,1782361318.6506934,0.002012014389038086
231855,normal,2935,0,1782361318.6528025,0.002109050750732422
231856,normal,3010,0,1782361318.65459,0.001787424087524414
231857,normal,1804,0,1782361318.656841,0.002251148223876953
231858,normal,1524,0,1782361318.6587465,0.0019054412841796875
231859,normal,3567,0,1782361318.660656,0.001909494400024414
231860,normal,3225,1,1782361318.6625752,0.0019192695617675781
231861,normal,2697,0,1782361318.6646845,0.0021092891693115234
231862,normal,173,0,1782361318.666722,0.002037525177001953
231863,normal,1220,0,1782361318.6685727,0.0018506050109863281
231864,normal,3199,1,1782361318.6706963,0.002123594284057617
231865,normal,148,0,1782361318.6725876,0.0018913745880126953
231866,normal,1972,0,1782361318.6745863,0.0019986629486083984
231867,normal,671,0,1782361318.6766963,0.002110004425048828
231868,normal,2533,0,1782361318.6785796,0.0018832683563232422
231869,normal,400,0,1782361318.6805704,0.001990795135498047
231870,normal,121,0,1782361318.6827114,0.0021409988403320312
231871,normal,2437,0,1782361318.684621,0.0019097328186035156
231872,normal,3672,0,1782361318.6866412,0.002020120620727539
231873,normal,1436,0,1782361318.6887245,0.002083301544189453
231874,normal,1653,0,1782361318.6905684,0.0018439292907714844
231875,normal,467,0,1782361318.6926167,0.0020482540130615234
231876,normal,139,0,1782361318.694728,0.002111196517944336
231877,normal,909,2,1782361318.696713,0.0019850730895996094
231878,normal,1242,0,1782361318.6986399,0.0019268989562988281
231879,normal,1198,0,1782361318.7006938,0.002053976058959961
231880,normal,2751,0,1782361318.7025826,0.0018887519836425781
231881,normal,2141,0,1782361318.7045896,0.002007007598876953
231882,normal,1642,0,1782361318.706695,0.0021054744720458984
231883,normal,2523,0,1782361318.708588,0.0018928050994873047
231884,normal,1197,0,1782361318.7105923,0.002004384994506836
231885,normal,331,0,1782361318.7127128,0.002120494842529297
231886,normal,39,0,1782361318.7147088,0.0019960403442382812
231887,normal,307,0,1782361318.7165744,0.0018656253814697266
231888,normal,3511,0,1782361318.7186923,0.0021178722381591797
231889,normal,3184,1,1782361318.7205732,0.0018808841705322266
231890,normal,2137,0,1782361318.7225795,0.0020062923431396484
231891,normal,214,0,1782361318.7246945,0.002115011215209961
231892,normal,1500,0,1782361318.7265751,0.001880645751953125
231893,normal,2284,0,1782361318.7286193,0.002044200897216797
231894,normal,1492,0,1782361318.7307525,0.0021331310272216797
231895,normal,1148,0,1782361318.7326405,0.0018880367279052734
231896,normal,3089,1,1782361318.735985,0.0033445358276367188
231897,normal,401,0,1782361318.73662,0.0006349086761474609
231898,normal,3569,0,1782361318.7386138,0.001993894577026367
231899,normal,1366,1,1782361318.7406468,0.0020329952239990234
231900,normal,1955,0,1782361318.7426991,0.00205230712890625
231901,normal,1208,0,1782361318.7445917,0.0018925666809082031
231902,normal,2617,0,1782361318.7466347,0.002043008804321289
231903,normal,2146,0,1782361318.7486584,0.0020236968994140625
231904,normal,2655,0,1782361318.7507482,0.0020897388458251953
231905,normal,571,0,1782361318.7526298,0.0018815994262695312
231906,normal,342,0,1782361318.754648,0.0020182132720947266
231907,normal,500,0,1782361318.7566795,0.002031564712524414
231908,normal,783,2,1782361318.75888,0.0022003650665283203
231909,normal,875,2,1782361318.7606137,0.0017337799072265625
231910,normal,1760,0,1782361318.7626472,0.0020334720611572266
231911,normal,2259,0,1782361318.764764,0.0021169185638427734
231912,normal,2024,0,1782361318.766816,0.002051830291748047
231913,normal,2525,0,1782361318.7685862,0.0017702579498291016
231914,normal,3616,0,1782361318.7707043,0.0021181106567382812
231915,normal,549,0,1782361318.7727008,0.0019965171813964844
231916,normal,2139,0,1782361318.7745664,0.0018656253814697266
231917,normal,3679,0,1782361318.7766035,0.00203704833984375
231918,normal,454,0,1782361318.7786407,0.0020372867584228516
231919,normal,975,2,1782361318.7805674,0.0019266605377197266
231920,normal,2283,0,1782361318.7825603,0.001992940902709961
231921,normal,2719,0,1782361318.784656,0.0020956993103027344
231922,normal,540,0,1782361318.787057,0.0024008750915527344
231923,normal,3041,0,1782361318.7888205,0.0017635822296142578
231924,normal,3245,1,1782361318.7907155,0.0018949508666992188
231925,normal,617,0,1782361318.7925732,0.001857757568359375
231926,normal,61,0,1782361318.7945766,0.0020034313201904297
231927,normal,40,0,1782361318.7966826,0.0021059513092041016
231928,normal,1901,0,1782361318.798637,0.001954317092895508
231929,normal,2428,0,1782361318.8007576,0.0021207332611083984
231930,normal,591,0,1782361318.8026924,0.0019347667694091797
231931,normal,3308,1,1782361318.804579,0.001886606216430664
231932,normal,1100,0,1782361318.8065734,0.0019943714141845703
231933,normal,459,0,1782361318.8086956,0.002122163772583008
231934,normal,1112,0,1782361318.8105938,0.0018982887268066406
231935,normal,2445,0,1782361318.8127992,0.002205371856689453
231936,normal,1125,0,1782361318.8148787,0.002079486846923828
231937,normal,2244,0,1782361318.8166347,0.0017559528350830078
231938,normal,1131,0,1782361318.8186548,0.002020120620727539
231939,normal,2661,0,1782361318.8207924,0.0021376609802246094
231940,normal,2663,0,1782361318.822684,0.0018916130065917969
231941,normal,468,0,1782361318.824578,0.0018939971923828125
231942,normal,1228,0,1782361318.8269005,0.0023224353790283203
231943,normal,686,0,1782361318.8287659,0.001865386962890625
231944,normal,2073,0,1782361318.8306148,0.0018489360809326172
231945,normal,2646,0,1782361318.8330488,0.0024340152740478516
231946,normal,2362,0,1782361318.8351183,0.0020694732666015625
231947,normal,3281,1,1782361318.8366354,0.0015170574188232422
231948,normal,6,0,1782361318.838684,0.0020487308502197266
231949,normal,2315,0,1782361318.8405693,0.0018851757049560547
231950,normal,1975,0,1782361318.8425746,0.002005338668823242
231951,normal,892,2,1782361318.84469,0.002115488052368164
231952,normal,2186,0,1782361318.8465838,0.001893758773803711
231953,normal,1321,1,1782361318.8485699,0.0019860267639160156
231954,normal,1470,0,1782361318.8506796,0.0021097660064697266
231955,normal,1152,0,1782361318.8525898,0.0019102096557617188
231956,normal,2340,0,1782361318.8546252,0.002035379409790039
231957,normal,655,0,1782361318.8567557,0.0021305084228515625
231958,normal,664,0,1782361318.858642,0.0018863677978515625
231959,normal,603,0,1782361318.8605587,0.001916646957397461
231960,normal,2455,0,1782361318.862718,0.0021593570709228516
231961,normal,1381,1,1782361318.8646238,0.001905679702758789
231962,normal,254,0,1782361318.866682,0.002058267593383789
231963,normal,2731,0,1782361318.8687153,0.002033233642578125
231964,normal,2660,0,1782361318.8705766,0.0018613338470458984
231965,normal,721,0,1782361318.8725855,0.0020089149475097656
231966,normal,1196,0,1782361318.874686,0.0021004676818847656
231967,normal,1834,0,1782361318.876586,0.0018999576568603516
231968,normal,1434,0,1782361318.878589,0.0020029544830322266
231969,normal,2737,0,1782361318.8807108,0.0021219253540039062
231970,normal,524,0,1782361318.8826017,0.0018908977508544922
231971,normal,4,0,1782361318.8846955,0.002093791961669922
231972,normal,3104,1,1782361318.8866887,0.0019931793212890625
231973,normal,937,2,1782361318.8885741,0.0018854141235351562
231974,normal,1724,0,1782361318.8905747,0.002000570297241211
231975,normal,3480,0,1782361318.8926835,0.0021088123321533203
231976,normal,1295,0,1782361318.8945749,0.0018913745880126953
231977,normal,2652,0,1782361318.8965716,0.001996755599975586
231978,normal,627,0,1782361318.8987136,0.0021419525146484375
231979,normal,1354,1,1782361318.900624,0.0019104480743408203
231980,normal,1096,0,1782361318.9026494,0.0020253658294677734
231981,normal,125,0,1782361318.904784,0.002134561538696289
231982,normal,2404,0,1782361318.9067433,0.0019593238830566406
231983,normal,3548,0,1782361318.9086246,0.0018813610076904297
231984,normal,1389,0,1782361318.9107933,0.0021686553955078125
231985,normal,648,0,1782361318.912698,0.0019047260284423828
231986,normal,776,2,1782361318.9147422,0.002044200897216797
231987,normal,1523,0,1782361318.9167295,0.0019872188568115234
231988,normal,2374,0,1782361318.9187193,0.0019898414611816406
231989,normal,2940,0,1782361318.920764,0.002044677734375
231990,normal,1697,0,1782361318.9227278,0.0019638538360595703
231991,normal,1328,1,1782361318.9247482,0.0020203590393066406
231992,normal,1660,0,1782361318.9266758,0.0019276142120361328
231993,normal,3151,1,1782361318.9287553,0.002079486846923828
231994,normal,1182,0,1782361318.9306087,0.0018534660339355469
231995,normal,2325,0,1782361318.932693,0.0020842552185058594
231996,normal,2266,0,1782361318.9347246,0.002031564712524414
231997,normal,483,0,1782361318.9366305,0.0019059181213378906
231998,normal,3193,1,1782361318.9385734,0.0019428730010986328
231999,normal,3008,0,1782361318.9406276,0.0020542144775390625
232000,normal,1692,0,1782361318.942625,0.0019974708557128906
232001,normal,1095,0,1782361318.9446118,0.0019867420196533203
232002,normal,1920,0,1782361318.9466107,0.0019989013671875
232003,normal,1059,0,1782361318.948618,0.0020072460174560547
232004,normal,3305,1,1782361318.9505675,0.0019495487213134766
232005,normal,3335,1,1782361318.952619,0.0020515918731689453
232006,normal,2743,0,1782361318.9546497,0.002030611038208008
232007,normal,253,0,1782361318.957078,0.002428293228149414
232008,normal,947,2,1782361318.9586537,0.0015757083892822266
232009,normal,360,0,1782361318.9606364,0.0019826889038085938
232010,normal,826,2,1782361318.9625828,0.0019464492797851562
232011,normal,2666,0,1782361318.96462,0.0020372867584228516
232012,normal,2304,0,1782361318.9666402,0.002020120620727539
232013,normal,580,0,1782361318.9686918,0.0020515918731689453
232014,normal,3417,0,1782361318.9706378,0.0019459724426269531
232015,normal,2885,0,1782361318.9725711,0.0019333362579345703
232016,normal,1359,1,1782361318.9746263,0.0020551681518554688
232017,normal,1736,0,1782361318.9766273,0.002001047134399414
232018,normal,973,2,1782361318.9786518,0.002024412155151367
232019,normal,649,0,1782361318.9805987,0.0019469261169433594
232020,normal,3208,1,1782361318.982649,0.0020503997802734375
232021,normal,1301,0,1782361318.9847646,0.002115488052368164
232022,normal,2187,0,1782361318.9866462,0.0018815994262695312
232023,normal,101,0,1782361318.9887216,0.0020754337310791016
232024,normal,1689,0,1782361318.9906936,0.0019719600677490234
232025,normal,624,0,1782361318.9926097,0.0019161701202392578
232026,normal,3241,1,1782361318.9947984,0.0021886825561523438
232027,normal,999,2,1782361318.9967668,0.0019683837890625
232028,normal,693,0,1782361318.998699,0.0019321441650390625
232029,normal,543,0,1782361319.000589,0.001889944076538086
232030,normal,49,0,1782361319.0027258,0.0021369457244873047
232031,normal,104,0,1782361319.0047038,0.0019779205322265625
232032,normal,3442,0,1782361319.0065925,0.0018887519836425781
232033,normal,2529,0,1782361319.0086226,0.0020301342010498047
232034,normal,3325,1,1782361319.0105758,0.001953125
232035,normal,2909,0,1782361319.0126247,0.002048969268798828
232036,normal,1840,0,1782361319.0146463,0.0020215511322021484
232037,normal,2520,0,1782361319.0165927,0.0019464492797851562
232038,normal,2779,0,1782361319.0186193,0.0020265579223632812
232039,normal,361,0,1782361319.0206494,0.0020301342010498047
232040,normal,1623,0,1782361319.0226476,0.0019981861114501953
232041,normal,263,0,1782361319.024694,0.002046346664428711
232042,normal,1202,0,1782361319.026655,0.0019609928131103516
232043,normal,2046,0,1782361319.0285826,0.0019276142120361328
232044,normal,1075,0,1782361319.0306494,0.0020668506622314453
232045,normal,3300,1,1782361319.0326285,0.0019791126251220703
232046,normal,1342,1,1782361319.0346518,0.0020232200622558594
232047,normal,1854,0,1782361319.036708,0.0020563602447509766
232048,normal,2561,0,1782361319.0385964,0.001888275146484375
232049,normal,1885,0,1782361319.0406106,0.00201416015625
232050,normal,3587,0,1782361319.0426462,0.0020356178283691406
232051,normal,2734,0,1782361319.0446806,0.002034425735473633
232052,normal,3039,0,1782361319.0466166,0.0019359588623046875
232053,normal,2058,0,1782361319.0486486,0.002032041549682617
232054,normal,2247,0,1782361319.0506368,0.0019881725311279297
232055,normal,1483,0,1782361319.0525978,0.0019609928131103516
232056,normal,3339,1,1782361319.054623,0.002025127410888672
232057,normal,1413,0,1782361319.0566483,0.0020253658294677734
232058,normal,2103,0,1782361319.058583,0.0019347667694091797
232059,normal,2479,0,1782361319.0606303,0.002047300338745117
232060,normal,619,0,1782361319.0626385,0.002008199691772461
232061,normal,2179,0,1782361319.0646226,0.001984119415283203
232062,normal,503,0,1782361319.0666857,0.0020630359649658203
232063,normal,501,0,1782361319.0688505,0.0021648406982421875
232064,normal,3508,0,1782361319.070567,0.0017163753509521484
232065,normal,3358,1,1782361319.0726538,0.0020868778228759766
232066,normal,1732,0,1782361319.0746946,0.002040863037109375
232067,normal,669,0,1782361319.0766044,0.0019097328186035156
232068,normal,3568,0,1782361319.078638,0.002033710479736328
232069,normal,3356,1,1782361319.0806372,0.0019991397857666016
232070,normal,3499,0,1782361319.08257,0.0019328594207763672
232071,normal,1472,0,1782361319.0847616,0.0021915435791015625
232072,normal,866,2,1782361319.086619,0.0018572807312011719
232073,normal,3246,1,1782361319.0886292,0.002010345458984375
232074,normal,672,0,1782361319.0907388,0.002109527587890625
232075,normal,531,0,1782361319.0933363,0.0025975704193115234
232076,normal,2209,0,1782361319.0946012,0.001264810562133789
232077,normal,2587,0,1782361319.0967026,0.002101421356201172
232078,normal,1989,0,1782361319.0986347,0.0019321441650390625
232079,normal,493,0,1782361319.100685,0.002050161361694336
232080,normal,1879,0,1782361319.1027493,0.0020644664764404297
232081,normal,2064,0,1782361319.1046119,0.0018625259399414062
232082,normal,425,0,1782361319.1066003,0.0019884109497070312
232083,normal,759,0,1782361319.108621,0.002020597457885742
232084,normal,1966,0,1782361319.1106167,0.0019958019256591797
232085,normal,2035,0,1782361319.11269,0.0020732879638671875
232086,normal,1033,0,1782361319.114591,0.0019009113311767578
232087,normal,950,2,1782361319.1166317,0.002040863037109375
232088,normal,1987,0,1782361319.1185753,0.0019435882568359375
232089,normal,2995,0,1782361319.1205888,0.0020134449005126953
232090,normal,2126,0,1782361319.1229632,0.002374410629272461
232091,normal,2838,0,1782361319.1247926,0.001829385757446289
232092,normal,3169,1,1782361319.126624,0.0018315315246582031
232093,normal,1223,0,1782361319.1286838,0.0020596981048583984
232094,normal,3001,0,1782361319.130614,0.00193023681640625
232095,normal,1401,0,1782361319.132608,0.001993894577026367
232096,normal,2609,0,1782361319.1346798,0.002071857452392578
232097,normal,3357,1,1782361319.1366124,0.0019326210021972656
232098,normal,2845,0,1782361319.1386316,0.002019166946411133
232099,normal,1906,0,1782361319.1406054,0.001973867416381836
232100,normal,3479,0,1782361319.1425886,0.001983165740966797
232101,normal,544,0,1782361319.1446347,0.0020461082458496094
232102,normal,2153,0,1782361319.1466,0.0019652843475341797
232103,normal,2197,0,1782361319.1486123,0.0020122528076171875
232104,normal,1426,0,1782361319.1506515,0.002039194107055664
232105,normal,2706,0,1782361319.1528037,0.0021522045135498047
232106,normal,2033,0,1782361319.1547155,0.0019118785858154297
232107,normal,1212,0,1782361319.1567333,0.0020177364349365234
232108,normal,3203,1,1782361319.1587088,0.001975536346435547
232109,normal,1449,0,1782361319.160716,0.0020072460174560547
232110,normal,146,0,1782361319.1626546,0.0019385814666748047
232111,normal,2754,0,1782361319.1648717,0.0022170543670654297
232112,normal,3140,1,1782361319.16674,0.0018682479858398438
232113,normal,325,0,1782361319.168735,0.001995086669921875
232114,normal,2873,0,1782361319.17063,0.0018949508666992188
232115,normal,3365,1,1782361319.1726944,0.0020644664764404297
232116,normal,2563,0,1782361319.1746538,0.0019593238830566406
232117,normal,1175,0,1782361319.176741,0.002087116241455078
232118,normal,941,2,1782361319.1786134,0.0018725395202636719
232119,normal,2427,0,1782361319.1806355,0.0020220279693603516
232120,normal,1188,0,1782361319.1826165,0.001981019973754883
232121,normal,1721,0,1782361319.1846056,0.001989126205444336
232122,normal,1633,0,1782361319.186643,0.0020372867584228516
232123,normal,2580,0,1782361319.1885974,0.0019545555114746094
232124,normal,2006,0,1782361319.1906266,0.0020291805267333984
232125,normal,2454,0,1782361319.1926856,0.0020589828491210938
232126,normal,1266,0,1782361319.194683,0.0019974708557128906
232127,normal,36,0,1782361319.1966965,0.0020134449005126953
232128,normal,2621,0,1782361319.1986318,0.0019352436065673828
232129,normal,867,2,1782361319.20063,0.0019981861114501953
232130,normal,3061,1,1782361319.2026415,0.002011537551879883
232131,normal,3680,0,1782361319.2047422,0.002100706100463867
232132,normal,1249,0,1782361319.2066867,0.0019445419311523438
232133,normal,3643,0,1782361319.2086158,0.0019290447235107422
232134,normal,3277,1,1782361319.2106836,0.0020678043365478516
232135,normal,390,0,1782361319.2126324,0.0019488334655761719
232136,normal,1853,0,1782361319.2146554,0.002022981643676758
232137,normal,857,2,1782361319.2166898,0.002034425735473633
232138,normal,893,2,1782361319.218703,0.0020132064819335938
232139,normal,1054,0,1782361319.220708,0.002004861831665039
232140,normal,3406,0,1782361319.2226446,0.0019366741180419922
232141,normal,969,2,1782361319.2246096,0.001965045928955078
232142,normal,2855,0,1782361319.2266073,0.001997709274291992
232143,normal,806,2,1782361319.22864,0.002032756805419922
232144,normal,3048,1,1782361319.230651,0.002010822296142578
232145,normal,2171,0,1782361319.2326207,0.0019698143005371094
232146,normal,906,2,1782361319.2347116,0.002090930938720703
232147,normal,3685,0,1782361319.236647,0.0019352436065673828
232148,normal,2945,0,1782361319.2389061,0.0022592544555664062
232149,normal,3024,0,1782361319.2406096,0.001703500747680664
232150,normal,3683,0,1782361319.2426956,0.0020859241485595703
232151,normal,2795,0,1782361319.2446752,0.0019795894622802734
232152,normal,872,2,1782361319.2466278,0.0019526481628417969
232153,normal,29,0,1782361319.2486076,0.001979827880859375
232154,normal,1097,0,1782361319.2505913,0.001983642578125
232155,normal,1400,0,1782361319.2526026,0.0020112991333007812
232156,normal,1919,0,1782361319.2546496,0.0020470619201660156
232157,normal,1909,0,1782361319.2566097,0.0019600391387939453
232158,normal,3077,1,1782361319.2586563,0.0020465850830078125
232159,normal,443,0,1782361319.2606792,0.002022981643676758
232160,normal,1094,0,1782361319.2626476,0.0019683837890625
232161,normal,984,2,1782361319.2646785,0.0020308494567871094
232162,normal,2822,0,1782361319.2666402,0.0019617080688476562
232163,normal,1088,0,1782361319.268703,0.0020627975463867188
232164,normal,1590,0,1782361319.2707644,0.0020613670349121094
232165,normal,89,0,1782361319.2726092,0.0018448829650878906
232166,normal,907,2,1782361319.2745943,0.0019850730895996094
232167,normal,2200,0,1782361319.2766306,0.0020363330841064453
232168,normal,412,0,1782361319.2786343,0.0020036697387695312
232169,normal,3612,0,1782361319.2806249,0.0019905567169189453
232170,normal,2792,0,1782361319.2826207,0.0019958019256591797
232171,normal,853,2,1782361319.2845855,0.0019648075103759766
232172,normal,3003,0,1782361319.2865856,0.002000093460083008
232173,normal,1032,0,1782361319.2886045,0.0020189285278320312
232174,normal,2142,0,1782361319.2906373,0.002032756805419922
232175,normal,1948,0,1782361319.293121,0.002483844757080078
232176,normal,2556,0,1782361319.2947674,0.001646280288696289
232177,normal,3180,1,1782361319.296622,0.0018546581268310547
232178,normal,2865,0,1782361319.2986088,0.0019867420196533203
232179,normal,134,0,1782361319.300631,0.002022266387939453
232180,normal,1675,0,1782361319.3028314,0.0022003650665283203
232181,normal,996,2,1782361319.3047123,0.0018808841705322266
232182,normal,3699,0,1782361319.3067522,0.0020399093627929688
232183,normal,2417,0,1782361319.3086264,0.0018742084503173828
232184,normal,3637,0,1782361319.3106322,0.0020058155059814453
232185,normal,3353,1,1782361319.3127053,0.002073049545288086
232186,normal,2216,0,1782361319.314624,0.001918792724609375
232187,normal,3295,1,1782361319.316614,0.0019898414611816406
232188,normal,1252,0,1782361319.3189442,0.002330303192138672
232189,normal,2616,0,1782361319.3208492,0.0019049644470214844
232190,normal,2837,0,1782361319.3227098,0.0018606185913085938
232191,normal,1430,0,1782361319.324755,0.002045154571533203
232192,normal,1501,0,1782361319.32683,0.0020749568939208984
232193,normal,800,2,1782361319.328675,0.0018451213836669922
232194,normal,3328,1,1782361319.3307364,0.0020613670349121094
232195,normal,959,2,1782361319.3327944,0.0020580291748046875
232196,normal,1938,0,1782361319.334753,0.001958608627319336
232197,normal,3316,1,1782361319.336815,0.002062082290649414
232198,normal,1229,0,1782361319.3385708,0.0017557144165039062
232199,normal,1222,0,1782361319.3407824,0.0022115707397460938
232200,normal,3147,1,1782361319.3428245,0.002042055130004883
232201,normal,607,0,1782361319.3447003,0.0018758773803710938
232202,normal,398,0,1782361319.3467293,0.002028942108154297
232203,normal,1991,0,1782361319.3488193,0.002089977264404297
232204,normal,1962,0,1782361319.3506434,0.0018241405487060547
232205,normal,2134,0,1782361319.352636,0.0019927024841308594
232206,normal,595,0,1782361319.3547864,0.002150297164916992
232207,normal,2378,0,1782361319.3567603,0.001973867416381836
232208,normal,632,0,1782361319.3587353,0.0019750595092773438
232209,normal,2983,0,1782361319.3607826,0.002047300338745117
232210,normal,1556,0,1782361319.3627539,0.0019712448120117188
232211,normal,1596,0,1782361319.3646944,0.0019404888153076172
232212,normal,3083,1,1782361319.3667333,0.0020389556884765625
232213,normal,3660,0,1782361319.368783,0.002049684524536133
232214,normal,3677,0,1782361319.370622,0.0018389225006103516
232215,normal,2491,0,1782361319.372769,0.002147197723388672
232216,normal,3607,0,1782361319.3746848,0.0019156932830810547
232217,normal,1041,0,1782361319.3767045,0.002019643783569336
232218,normal,1351,1,1782361319.3786244,0.0019199848175048828
232219,normal,1720,0,1782361319.380624,0.0019996166229248047
232220,normal,2656,0,1782361319.382656,0.002032041549682617
232221,normal,1825,0,1782361319.3846195,0.001963376998901367
232222,normal,1921,0,1782361319.3866143,0.0019948482513427734
232223,normal,3232,1,1782361319.3886206,0.0020062923431396484
232224,normal,2467,0,1782361319.390715,0.002094268798828125
232225,normal,2242,0,1782361319.3926313,0.0019164085388183594
232226,normal,2821,0,1782361319.3946242,0.001992940902709961
232227,normal,2274,0,1782361319.3965914,0.001967191696166992
232228,normal,2287,0,1782361319.398722,0.0021305084228515625
232229,normal,592,0,1782361319.4006255,0.001903533935546875
232230,normal,2707,0,1782361319.402803,0.0021774768829345703
232231,normal,3475,0,1782361319.404602,0.0017991065979003906
232232,normal,1669,0,1782361319.4066129,0.002010822296142578
232233,normal,1656,0,1782361319.4086928,0.0020799636840820312
232234,normal,2733,0,1782361319.4106452,0.0019524097442626953
232235,normal,2310,0,1782361319.412616,0.0019707679748535156
232236,normal,2948,0,1782361319.4146874,0.002071380615234375
232237,normal,961,2,1782361319.4166033,0.0019159317016601562
232238,normal,1271,0,1782361319.4185863,0.0019829273223876953
232239,normal,546,0,1782361319.4207363,0.0021500587463378906
232240,normal,2753,0,1782361319.4226034,0.001867055892944336
232241,normal,3051,1,1782361319.424581,0.001977682113647461
232242,normal,3661,0,1782361319.4269695,0.002388477325439453
232243,normal,3450,0,1782361319.4286387,0.001669168472290039
232244,normal,3236,1,1782361319.4306326,0.001993894577026367
232245,normal,2358,0,1782361319.4327388,0.002106189727783203
232246,normal,963,2,1782361319.4347851,0.002046346664428711
232247,normal,3069,1,1782361319.4366329,0.0018477439880371094
232248,normal,1345,1,1782361319.4386961,0.002063274383544922
232249,normal,2343,0,1782361319.4406545,0.0019583702087402344
232250,normal,1593,0,1782361319.4427297,0.0020751953125
232251,normal,1549,0,1782361319.4446447,0.00191497802734375
232252,normal,2120,0,1782361319.4465828,0.0019381046295166016
232253,normal,418,0,1782361319.4486485,0.0020656585693359375
232254,normal,3505,0,1782361319.4506226,0.0019741058349609375
232255,normal,596,0,1782361319.452634,0.002011537551879883
232256,normal,1441,0,1782361319.4545786,0.0019445419311523438
232257,normal,3490,0,1782361319.4566505,0.002071857452392578
232258,normal,3517,0,1782361319.4585629,0.0019123554229736328
232259,normal,3564,0,1782361319.4606311,0.0020682811737060547
232260,normal,2986,0,1782361319.4628973,0.0022661685943603516
232261,normal,3407,0,1782361319.4647977,0.0019004344940185547
232262,normal,1912,0,1782361319.4666185,0.0018208026885986328
232263,normal,3191,1,1782361319.4687238,0.002105236053466797
232264,normal,1260,0,1782361319.4705877,0.0018639564514160156
232265,normal,1797,0,1782361319.472588,0.0020003318786621094
232266,normal,2128,0,1782361319.4747005,0.0021123886108398438
232267,normal,1019,2,1782361319.4767108,0.002010345458984375
232268,normal,816,2,1782361319.4786148,0.0019040107727050781
232269,normal,1115,0,1782361319.4806843,0.0020694732666015625
232270,normal,1002,2,1782361319.4825916,0.0019073486328125
232271,normal,1113,0,1782361319.4846835,0.0020918846130371094
232272,normal,2972,0,1782361319.486654,0.001970529556274414
232273,normal,895,2,1782361319.4889178,0.002263784408569336
232274,normal,2826,0,1782361319.4908202,0.0019023418426513672
232275,normal,69,0,1782361319.4927351,0.00191497802734375
232276,normal,1599,0,1782361319.4946911,0.0019559860229492188
232277,normal,2757,0,1782361319.496688,0.001996755599975586
232278,normal,3651,0,1782361319.498769,0.002081155776977539
232279,normal,2014,0,1782361319.5005972,0.0018281936645507812
232280,normal,47,0,1782361319.502825,0.002227783203125
232281,normal,414,0,1782361319.5048552,0.0020301342010498047
232282,normal,3558,0,1782361319.506632,0.0017769336700439453
232283,normal,564,0,1782361319.5090046,0.0023725032806396484
232284,normal,517,0,1782361319.5109675,0.001962900161743164
232285,normal,1274,0,1782361319.5125904,0.001622915267944336
232286,normal,2752,0,1782361319.514593,0.0020024776458740234
232287,normal,1111,0,1782361319.5166283,0.002035379409790039
232288,normal,167,0,1782361319.5186448,0.0020165443420410156
232289,normal,3662,0,1782361319.5205948,0.0019500255584716797
232290,normal,1022,2,1782361319.522634,0.002039194107055664
232291,normal,3081,1,1782361319.524626,0.0019919872283935547
232292,normal,3380,1,1782361319.526608,0.001981973648071289
232293,normal,2982,0,1782361319.5286384,0.0020303726196289062
232294,normal,1406,0,1782361319.5306864,0.002048015594482422
232295,normal,3704,0,1782361319.532633,0.0019466876983642578
232296,normal,2224,0,1782361319.5347047,0.0020716190338134766
232297,normal,1793,0,1782361319.536626,0.0019214153289794922
232298,normal,1838,0,1782361319.5386238,0.001997709274291992
232299,normal,3642,0,1782361319.5406795,0.002055644989013672
232300,normal,3228,1,1782361319.5427043,0.0020248889923095703
232301,normal,1803,0,1782361319.5446231,0.001918792724609375
232302,normal,3267,1,1782361319.5466325,0.0020093917846679688
232303,normal,1638,0,1782361319.548633,0.002000570297241211
232304,normal,2969,0,1782361319.5506065,0.001973390579223633
232305,normal,3173,1,1782361319.5526295,0.002022981643676758
232306,normal,1445,0,1782361319.5546377,0.002008199691772461
232307,normal,2713,0,1782361319.556602,0.0019643306732177734
232308,normal,2973,0,1782361319.558643,0.0020411014556884766
232309,normal,931,2,1782361319.5608842,0.0022411346435546875
232310,normal,17,0,1782361319.5625715,0.0016872882843017578
232311,normal,799,2,1782361319.5646305,0.0020589828491210938
232312,normal,2736,0,1782361319.5666363,0.0020058155059814453
232313,normal,1786,0,1782361319.5686145,0.001978158950805664
232314,normal,849,2,1782361319.5706403,0.0020258426666259766
232315,normal,1209,0,1782361319.5726237,0.0019834041595458984
232316,normal,145,0,1782361319.5746255,0.0020017623901367188
232317,normal,1843,0,1782361319.5767043,0.0020787715911865234
232318,normal,1767,0,1782361319.5786457,0.0019414424896240234
232319,normal,1040,0,1782361319.5806494,0.0020036697387695312
232320,normal,2548,0,1782361319.5826504,0.002001047134399414
232321,normal,3477,0,1782361319.5847278,0.002077341079711914
232322,normal,831,2,1782361319.5867152,0.001987457275390625
232323,normal,1451,0,1782361319.5887225,0.0020072460174560547
232324,normal,132,0,1782361319.5906816,0.001959085464477539
232325,normal,3695,0,1782361319.5925972,0.0019156932830810547
232326,normal,3537,0,1782361319.594613,0.002015829086303711
232327,normal,2952,0,1782361319.5968716,0.0022585391998291016
232328,normal,2232,0,1782361319.5985858,0.0017142295837402344
232329,normal,834,2,1782361319.6006372,0.0020513534545898438
232330,normal,2252,0,1782361319.602684,0.002046823501586914
232331,normal,3253,1,1782361319.6046114,0.0019273757934570312
232332,normal,2820,0,1782361319.6066334,0.0020220279693603516
232333,normal,1476,0,1782361319.6086333,0.0019998550415039062
232334,normal,1452,0,1782361319.61065,0.002016782760620117
232335,normal,1891,0,1782361319.6128056,0.0021555423736572266
232336,normal,3156,1,1782361319.614621,0.0018153190612792969
232337,normal,983,2,1782361319.616587,0.0019659996032714844
232338,normal,1808,0,1782361319.6186242,0.0020372867584228516
232339,normal,3668,0,1782361319.6206257,0.002001523971557617
232340,normal,2668,0,1782361319.6227286,0.0021028518676757812
232341,normal,1291,0,1782361319.6246603,0.0019316673278808594
232342,normal,2400,0,1782361319.6267319,0.0020716190338134766
232343,normal,1908,0,1782361319.6287594,0.0020275115966796875
232344,normal,1992,0,1782361319.6316516,0.0028922557830810547
232345,normal,703,0,1782361319.632701,0.0010492801666259766
232346,normal,1087,0,1782361319.6350534,0.002352476119995117
232347,normal,1189,0,1782361319.637165,0.002111673355102539
232348,normal,2747,0,1782361319.638717,0.0015518665313720703
232349,normal,1608,0,1782361319.640686,0.0019690990447998047
232350,normal,2975,0,1782361319.6426501,0.001964092254638672
232351,normal,328,0,1782361319.6446872,0.00203704833984375
232352,normal,1777,0,1782361319.6467297,0.002042531967163086
232353,normal,897,2,1782361319.648688,0.0019583702087402344
232354,normal,2042,0,1782361319.6509047,0.0022165775299072266
232355,normal,520,0,1782361319.6530178,0.0021131038665771484
232356,normal,1755,0,1782361319.6547914,0.0017735958099365234
232357,normal,481,0,1782361319.6567576,0.001966238021850586
232358,normal,1618,0,1782361319.6586378,0.0018801689147949219
232359,normal,287,0,1782361319.6607697,0.002131938934326172
232360,normal,35,0,1782361319.6626835,0.0019137859344482422
232361,normal,1387,0,1782361319.6651587,0.002475261688232422
232362,normal,2744,0,1782361319.6668925,0.0017337799072265625
232363,normal,1156,0,1782361319.6687624,0.0018699169158935547
232364,normal,677,0,1782361319.6708078,0.0020453929901123047
232365,normal,1282,0,1782361319.6727438,0.0019359588623046875
232366,normal,2472,0,1782361319.6747785,0.0020346641540527344
232367,normal,3619,0,1782361319.6767516,0.0019731521606445312
232368,normal,2947,0,1782361319.67865,0.0018982887268066406
232369,normal,861,2,1782361319.680886,0.0022361278533935547
232370,normal,2664,0,1782361319.6827815,0.0018954277038574219
232371,normal,2594,0,1782361319.684785,0.0020034313201904297
232372,normal,982,2,1782361319.6867318,0.0019469261169433594
232373,normal,1122,0,1782361319.6888468,0.002115011215209961
232374,normal,951,2,1782361319.6908286,0.0019817352294921875
232375,normal,3055,1,1782361319.6928537,0.002025127410888672
232376,normal,1775,0,1782361319.694649,0.0017952919006347656
232377,normal,2225,0,1782361319.6967046,0.002055644989013672
232378,normal,456,0,1782361319.698653,0.0019483566284179688
232379,normal,2920,0,1782361319.700703,0.0020499229431152344
232380,normal,2891,0,1782361319.7027164,0.0020134449005126953
232381,normal,2504,0,1782361319.7046812,0.0019648075103759766
232382,normal,403,0,1782361319.7067077,0.0020265579223632812
232383,normal,1241,0,1782361319.7088933,0.0021855831146240234
232384,normal,1554,0,1782361319.7108264,0.0019330978393554688
232385,normal,3257,1,1782361319.7128837,0.002057313919067383
232386,normal,601,0,1782361319.7148187,0.0019350051879882812
232387,normal,2433,0,1782361319.716949,0.002130270004272461
232388,normal,1917,0,1782361319.7187095,0.0017604827880859375
232389,normal,3466,0,1782361319.7208734,0.0021638870239257812
232390,normal,3403,0,1782361319.7227957,0.0019223690032958984
232391,normal,3068,1,1782361319.7249112,0.002115488052368164
232392,normal,1648,0,1782361319.7267294,0.0018181800842285156
232393,normal,461,0,1782361319.7286315,0.0019021034240722656
232394,normal,3123,1,1782361319.7308333,0.0022017955780029297
232395,normal,179,0,1782361319.7335823,0.0027489662170410156
232396,normal,2381,0,1782361319.7348807,0.0012984275817871094
232397,normal,1611,0,1782361319.7369797,0.0020990371704101562
232398,normal,1155,0,1782361319.7395256,0.0025458335876464844
232399,normal,2029,0,1782361319.7407248,0.0011992454528808594
232400,normal,3223,1,1782361319.7428565,0.0021317005157470703
232401,normal,724,0,1782361319.7449026,0.0020461082458496094
232402,normal,3038,0,1782361319.7474122,0.002509593963623047
232403,normal,1285,0,1782361319.7487657,0.0013535022735595703
232404,normal,3276,1,1782361319.7506359,0.0018701553344726562
232405,normal,3018,0,1782361319.752689,0.0020530223846435547
232406,normal,327,0,1782361319.7546744,0.0019855499267578125
232407,normal,3504,0,1782361319.7567139,0.0020394325256347656
232408,normal,190,0,1782361319.7586539,0.001940011978149414
232409,normal,737,0,1782361319.760742,0.0020880699157714844
232410,normal,1036,0,1782361319.7627351,0.0019931793212890625
232411,normal,2245,0,1782361319.7647676,0.0020325183868408203
232412,normal,3073,1,1782361319.766701,0.0019333362579345703
232413,normal,3075,1,1782361319.7687747,0.0020737648010253906
232414,normal,1394,0,1782361319.770652,0.0018773078918457031
232415,normal,2121,0,1782361319.7726438,0.001991748809814453
232416,normal,812,2,1782361319.774679,0.0020351409912109375
232417,normal,1874,0,1782361319.7766361,0.0019571781158447266
232418,normal,131,0,1782361319.778605,0.001968860626220703
232419,normal,1516,0,1782361319.7806485,0.002043485641479492
232420,normal,1167,0,1782361319.7826893,0.002040863037109375
232421,normal,1411,0,1782361319.7849653,0.0022759437561035156
232422,normal,3284,1,1782361319.786734,0.0017688274383544922
232423,normal,1584,0,1782361319.7887423,0.002008199691772461
232424,normal,1121,0,1782361319.7907503,0.0020079612731933594
232425,normal,42,0,1782361319.7927933,0.002043008804321289
232426,normal,2690,0,1782361319.7947671,0.001973867416381836
232427,normal,1753,0,1782361319.796748,0.0019807815551757812
232428,normal,3088,1,1782361319.7987688,0.0020208358764648438
232429,normal,2390,0,1782361319.8006732,0.0019044876098632812
232430,normal,174,0,1782361319.8026834,0.0020101070404052734
232431,normal,2087,0,1782361319.8047938,0.0021104812622070312
232432,normal,2590,0,1782361319.8068256,0.0020318031311035156
232433,normal,1688,0,1782361319.8087358,0.0019102096557617188
232434,normal,64,0,1782361319.810703,0.001967191696166992
232435,normal,1367,1,1782361319.8127425,0.0020394325256347656
232436,normal,3438,0,1782361319.8149076,0.002165079116821289
232437,normal,1531,0,1782361319.816635,0.0017273426055908203
232438,normal,1942,0,1782361319.8187826,0.002147674560546875
232439,normal,3594,0,1782361319.82076,0.0019774436950683594
232440,normal,2375,0,1782361319.822753,0.001992940902709961
232441,normal,421,0,1782361319.8246555,0.0019025802612304688
232442,normal,3526,0,1782361319.8266065,0.001950979232788086
232443,normal,1565,0,1782361319.8285933,0.0019867420196533203
232444,normal,2167,0,1782361319.8305967,0.0020034313201904297
232445,normal,2079,0,1782361319.8335865,0.0029897689819335938
232446,normal,3274,1,1782361319.8349917,0.0014052391052246094
232447,normal,3067,1,1782361319.8367658,0.0017740726470947266
232448,normal,3310,1,1782361319.83868,0.0019142627716064453
232449,normal,2923,0,1782361319.8406558,0.0019757747650146484
232450,normal,1341,1,1782361319.8428674,0.0022115707397460938
232451,normal,2194,0,1782361319.8447084,0.0018410682678222656
232452,normal,3364,1,1782361319.846848,0.002139568328857422
232453,normal,1510,0,1782361319.8492498,0.0024018287658691406
232454,normal,3087,1,1782361319.8512323,0.001982450485229492
232455,normal,1339,1,1782361319.8531075,0.001875162124633789
232456,normal,2338,0,1782361319.8547552,0.0016477108001708984
232457,normal,3398,1,1782361319.8568337,0.002078533172607422
232458,normal,391,0,1782361319.858822,0.0019884109497070312
232459,normal,393,0,1782361319.8606994,0.0018773078918457031
232460,normal,2936,0,1782361319.8627927,0.0020933151245117188
232461,normal,440,0,1782361319.865013,0.00222015380859375
232462,normal,843,2,1782361319.8674269,0.0024139881134033203
232463,normal,2260,0,1782361319.8689659,0.001538991928100586
232464,normal,1832,0,1782361319.870905,0.0019390583038330078
232465,normal,3707,0,1782361319.8728197,0.0019147396087646484
232466,normal,2255,0,1782361319.8749075,0.002087831497192383
232467,normal,1414,0,1782361319.8769002,0.0019927024841308594
232468,normal,1953,0,1782361319.879272,0.0023717880249023438
232469,normal,1316,0,1782361319.8808289,0.0015568733215332031
232470,normal,1186,0,1782361319.8831813,0.002352476119995117
232471,normal,5,0,1782361319.8849213,0.0017399787902832031
232472,normal,177,0,1782361319.886894,0.001972675323486328
232473,normal,465,0,1782361319.8887005,0.001806497573852539
232474,normal,147,0,1782361319.891364,0.0026636123657226562
232475,normal,1776,0,1782361319.8931394,0.0017752647399902344
232476,normal,3703,0,1782361319.8950927,0.0019533634185791016
232477,normal,1558,0,1782361319.8966856,0.001592874526977539
232478,normal,750,0,1782361319.8987474,0.0020618438720703125
232479,normal,1576,0,1782361319.9006355,0.0018880367279052734
232480,normal,371,0,1782361319.9027588,0.0021233558654785156
232481,normal,1464,0,1782361319.9048815,0.002122640609741211
232482,normal,2727,0,1782361319.9066877,0.0018062591552734375
232483,normal,2097,0,1782361319.908828,0.0021402835845947266
232484,normal,3395,1,1782361319.9106808,0.0018527507781982422
232485,normal,3271,1,1782361319.9127433,0.002062559127807617
232486,normal,3385,1,1782361319.914695,0.0019516944885253906
232487,normal,1588,0,1782361319.916876,0.0021810531616210938
232488,normal,2832,0,1782361319.9188561,0.0019800662994384766
232489,normal,3121,1,1782361319.9207385,0.001882314682006836
232490,normal,2319,0,1782361319.9227262,0.0019876956939697266
232491,normal,3162,1,1782361319.9247499,0.0020236968994140625
232492,normal,877,2,1782361319.9267325,0.0019826889038085938
232493,normal,426,0,1782361319.9288263,0.002093791961669922
232494,normal,2108,0,1782361319.9309509,0.0021245479583740234
232495,normal,2644,0,1782361319.9327695,0.0018186569213867188
232496,normal,2148,0,1782361319.9346948,0.0019252300262451172
232497,normal,2659,0,1782361319.9367826,0.002087831497192383
232498,normal,2217,0,1782361319.938685,0.0019023418426513672
232499,normal,2461,0,1782361319.9408863,0.0022013187408447266
232500,normal,3090,1,1782361319.9428227,0.0019364356994628906
232501,normal,802,2,1782361319.9447417,0.0019190311431884766
232502,normal,876,2,1782361319.9467745,0.002032756805419922
232503,normal,683,0,1782361319.9487667,0.0019922256469726562
232504,normal,2037,0,1782361319.9508626,0.002095937728881836
232505,normal,3190,1,1782361319.9527237,0.0018610954284667969
232506,normal,1571,0,1782361319.954793,0.002069234848022461
232507,normal,1858,0,1782361319.9567099,0.0019168853759765625
232508,normal,2560,0,1782361319.9587786,0.002068758010864258
232509,normal,302,0,1782361319.9607704,0.001991748809814453
232510,normal,1255,0,1782361319.9628363,0.002065896987915039
232511,normal,3014,0,1782361319.964763,0.0019266605377197266
232512,normal,3066,1,1782361319.9668531,0.0020902156829833984
232513,normal,2298,0,1782361319.9688623,0.002009153366088867
232514,normal,2189,0,1782361319.9712903,0.0024280548095703125
232515,normal,1958,0,1782361319.9727714,0.0014810562133789062
232516,normal,789,2,1782361319.9746952,0.0019237995147705078
232517,normal,1876,0,1782361319.9767916,0.002096414566040039
232518,normal,2273,0,1782361319.9787953,0.0020036697387695312
232519,normal,2018,0,1782361319.9807262,0.0019309520721435547
232520,normal,3159,1,1782361319.9828088,0.0020825862884521484
232521,normal,814,2,1782361319.9849124,0.002103567123413086
232522,normal,2535,0,1782361319.986611,0.0016984939575195312
232523,normal,1067,0,1782361319.9888732,0.0022623538970947266
232524,normal,1785,0,1782361319.9908643,0.0019910335540771484
232525,normal,306,0,1782361319.9928215,0.0019571781158447266
232526,normal,3351,1,1782361319.99483,0.0020084381103515625
232527,normal,1062,0,1782361319.9968586,0.0020287036895751953
232528,normal,3652,0,1782361319.9988732,0.002014636993408203
232529,normal,485,0,1782361320.0010192,0.002146005630493164
232530,normal,3291,1,1782361320.0028145,0.0017952919006347656
232531,normal,1314,0,1782361320.0047512,0.0019366741180419922
232532,normal,2497,0,1782361320.0068429,0.002091646194458008
232533,normal,3540,0,1782361320.008801,0.001958131790161133
232534,normal,673,0,1782361320.010863,0.002062082290649414
232535,normal,3447,0,1782361320.012819,0.0019559860229492188
232536,normal,2705,0,1782361320.014706,0.0018868446350097656
232537,normal,1244,0,1782361320.0168746,0.0021686553955078125
232538,normal,1044,0,1782361320.0186174,0.0017428398132324219
232539,normal,3091,1,1782361320.0207186,0.0021011829376220703
232540,normal,2502,0,1782361320.0227861,0.00206756591796875
232541,normal,429,0,1782361320.0247614,0.0019752979278564453
232542,normal,3205,1,1782361320.026692,0.0019304752349853516
232543,normal,1733,0,1782361320.0285783,0.0018863677978515625
232544,normal,1446,0,1782361320.0306585,0.002080202102661133
232545,normal,956,2,1782361320.032599,0.0019404888153076172
232546,normal,229,0,1782361320.0346901,0.0020911693572998047
232547,normal,2423,0,1782361320.0366845,0.0019943714141845703
232548,normal,3388,1,1782361320.039091,0.002406597137451172
232549,normal,1800,0,1782361320.0408924,0.0018012523651123047
232550,normal,629,0,1782361320.0426397,0.0017473697662353516
232551,normal,1494,0,1782361320.0446167,0.0019769668579101562
232552,normal,2289,0,1782361320.046597,0.001980304718017578
232553,normal,1012,2,1782361320.0488203,0.0022232532501220703
232554,normal,697,0,1782361320.051293,0.0024726390838623047
232555,normal,706,0,1782361320.0529335,0.0016405582427978516
232556,normal,2500,0,1782361320.0548985,0.001965045928955078
232557,normal,195,0,1782361320.0567503,0.001851797103881836
232558,normal,2470,0,1782361320.0586336,0.0018832683563232422
232559,normal,2883,0,1782361320.0607007,0.002067089080810547
232560,normal,1037,0,1782361320.0626469,0.0019462108612060547
232561,normal,2061,0,1782361320.064757,0.0021102428436279297
232562,normal,3493,0,1782361320.066938,0.002180814743041992
232563,normal,3252,1,1782361320.0691125,0.0021746158599853516
232564,normal,1978,0,1782361320.0709348,0.0018222332000732422
232565,normal,2399,0,1782361320.0728571,0.0019223690032958984
232566,normal,2711,0,1782361320.074922,0.002064943313598633
232567,normal,985,2,1782361320.076797,0.0018749237060546875
232568,normal,2987,0,1782361320.0789466,0.0021495819091796875
232569,normal,1365,1,1782361320.0811093,0.0021626949310302734
232570,normal,2430,0,1782361320.0829003,0.0017910003662109375
232571,normal,458,0,1782361320.08496,0.0020596981048583984
232572,normal,1279,0,1782361320.0869641,0.0020041465759277344
232573,normal,495,0,1782361320.0888388,0.001874685287475586
232574,normal,3422,0,1782361320.090722,0.0018832683563232422
232575,normal,640,0,1782361320.0933752,0.0026531219482421875
232576,normal,2767,0,1782361320.0948713,0.0014960765838623047
232577,normal,1667,0,1782361320.0969841,0.002112865447998047
232578,normal,1042,0,1782361320.098727,0.0017428398132324219
232579,normal,2628,0,1782361320.1007326,0.0020055770874023438
232580,normal,3460,0,1782361320.1025836,0.0018510818481445312
232581,normal,3020,0,1782361320.1048326,0.002249002456665039
232582,normal,2601,0,1782361320.107037,0.002204418182373047
232583,normal,1811,0,1782361320.1087193,0.001682281494140625
232584,normal,2902,0,1782361320.1106544,0.0019350051879882812
232585,normal,758,0,1782361320.1126325,0.001978158950805664
232586,normal,422,0,1782361320.1146245,0.0019919872283935547
232587,normal,1527,0,1782361320.11672,0.002095460891723633
232588,normal,3029,0,1782361320.1187334,0.0020134449005126953
232589,normal,751,0,1782361320.1207402,0.0020067691802978516
232590,normal,2897,0,1782361320.1227326,0.001992464065551758
232591,normal,612,0,1782361320.124703,0.0019702911376953125
232592,normal,1646,0,1782361320.1266878,0.001984834671020508
232593,normal,3350,1,1782361320.1288564,0.0021686553955078125
232594,normal,3368,1,1782361320.1307786,0.0019221305847167969
232595,normal,1845,0,1782361320.1327856,0.002007007598876953
232596,normal,1106,0,1782361320.1348734,0.002087831497192383
232597,normal,1573,0,1782361320.1366043,0.0017309188842773438
232598,normal,1317,0,1782361320.1386938,0.0020895004272460938
232599,normal,3701,0,1782361320.140731,0.0020372867584228516
232600,normal,1517,0,1782361320.1427474,0.002016305923461914
232601,normal,775,2,1782361320.144745,0.001997709274291992
232602,normal,1823,0,1782361320.146623,0.0018777847290039062
232603,normal,2796,0,1782361320.1486785,0.002055644989013672
232604,normal,304,0,1782361320.150715,0.002036571502685547
232605,normal,3476,0,1782361320.1526875,0.0019724369049072266
232606,normal,1061,0,1782361320.1548057,0.0021181106567382812
232607,normal,1074,0,1782361320.1566348,0.0018291473388671875
232608,normal,588,0,1782361320.1586738,0.0020389556884765625
232609,normal,3598,0,1782361320.1606395,0.001965761184692383
232610,normal,2755,0,1782361320.1626563,0.002016782760620117
232611,normal,2059,0,1782361320.1646748,0.002018451690673828
232612,normal,2669,0,1782361320.1666217,0.0019469261169433594
232613,normal,1323,1,1782361320.1686294,0.002007722854614258
232614,normal,3539,0,1782361320.1707034,0.002074003219604492
232615,normal,2921,0,1782361320.1727016,0.0019981861114501953
232616,normal,1216,0,1782361320.1747081,0.00200653076171875
232617,normal,869,2,1782361320.1767094,0.0020012855529785156
232618,normal,165,0,1782361320.1786892,0.001979827880859375
232619,normal,1280,0,1782361320.1807718,0.0020825862884521484
232620,normal,2531,0,1782361320.1827247,0.0019528865814208984
232621,normal,100,0,1782361320.184858,0.0021333694458007812
232622,normal,3027,0,1782361320.1866248,0.0017666816711425781
232623,normal,1867,0,1782361320.1886368,0.002012014389038086
232624,normal,3013,0,1782361320.1906216,0.001984834671020508
232625,normal,3551,0,1782361320.1925993,0.001977682113647461
232626,normal,1027,2,1782361320.1946223,0.002022981643676758
232627,normal,1691,0,1782361320.196802,0.0021796226501464844
232628,normal,708,0,1782361320.1986976,0.0018956661224365234
232629,normal,2686,0,1782361320.2006767,0.0019791126251220703
232630,normal,609,0,1782361320.2028496,0.0021729469299316406
232631,normal,740,0,1782361320.2048595,0.002009868621826172
232632,normal,695,0,1782361320.2067757,0.0019161701202392578
232633,normal,3248,1,1782361320.2087388,0.0019631385803222656
232634,normal,3383,1,1782361320.211001,0.002262115478515625
232635,normal,696,0,1782361320.2128458,0.0018448829650878906
232636,normal,2581,0,1782361320.214912,0.0020661354064941406
232637,normal,1205,0,1782361320.2166336,0.0017216205596923828
232638,normal,3389,1,1782361320.218708,0.0020744800567626953
232639,normal,527,0,1782361320.2207143,0.0020062923431396484
232640,normal,2316,0,1782361320.2227747,0.002060413360595703
232641,normal,2243,0,1782361320.224679,0.0019042491912841797
232642,normal,216,0,1782361320.2267377,0.002058744430541992
232643,normal,2088,0,1782361320.2286465,0.0019087791442871094
232644,normal,660,0,1782361320.2306254,0.0019788742065429688
232645,normal,854,2,1782361320.2326832,0.002057790756225586
232646,normal,2114,0,1782361320.2347026,0.0020194053649902344
232647,normal,746,0,1782361320.2366142,0.0019116401672363281
232648,normal,2480,0,1782361320.238879,0.002264738082885742
232649,normal,2725,0,1782361320.2409337,0.0020546913146972656
232650,normal,2861,0,1782361320.24271,0.0017764568328857422
232651,normal,908,2,1782361320.2446392,0.0019290447235107422
232652,normal,1004,2,1782361320.247116,0.002476930618286133
232653,normal,2071,0,1782361320.2488852,0.0017690658569335938
232654,normal,162,0,1782361320.2506766,0.0017914772033691406
232655,normal,88,0,1782361320.2527192,0.002042531967163086
232656,normal,0,0,1782361320.2549336,0.0022144317626953125
232657,normal,980,2,1782361320.2566736,0.0017399787902832031
232658,normal,516,0,1782361320.258656,0.001982450485229492
232659,normal,2554,0,1782361320.260715,0.0020589828491210938
232660,normal,3338,1,1782361320.2626996,0.0019845962524414062
232661,normal,85,0,1782361320.2647028,0.002003192901611328
232662,normal,1674,0,1782361320.266753,0.002050161361694336
232663,normal,2389,0,1782361320.2692606,0.0025076866149902344
232664,normal,2177,0,1782361320.270879,0.0016183853149414062
232665,normal,2681,0,1782361320.2727761,0.0018970966339111328
232666,normal,1136,0,1782361320.274763,0.001986980438232422
232667,normal,3573,0,1782361320.2767723,0.002009153366088867
232668,normal,3522,0,1782361320.278767,0.0019948482513427734
232669,normal,2351,0,1782361320.280987,0.0022199153900146484
232670,normal,584,0,1782361320.2828505,0.0018634796142578125
232671,normal,211,0,1782361320.2850833,0.002232789993286133
232672,normal,213,0,1782361320.2869692,0.0018858909606933594
232673,normal,3402,0,1782361320.2888734,0.0019042491912841797
232674,normal,3211,1,1782361320.2907467,0.0018732547760009766
232675,normal,271,0,1782361320.293444,0.0026972293853759766
232676,normal,1479,0,1782361320.2949808,0.0015368461608886719
232677,normal,496,0,1782361320.2970235,0.0020427703857421875
232678,normal,1461,0,1782361320.2988892,0.0018656253814697266
232679,normal,2949,0,1782361320.3009555,0.002066373825073242
232680,normal,224,0,1782361320.3029158,0.001960277557373047
232681,normal,2879,0,1782361320.304884,0.0019681453704833984
232682,normal,3454,0,1782361320.3070989,0.0022149085998535156
232683,normal,3045,1,1782361320.3088903,0.0017914772033691406
232684,normal,1666,0,1782361320.3107264,0.0018360614776611328
232685,normal,2903,0,1782361320.3128169,0.0020904541015625
232686,normal,2235,0,1782361320.314807,0.001990079879760742
232687,normal,2082,0,1782361320.316847,0.0020401477813720703
232688,normal,1092,0,1782361320.3187826,0.0019354820251464844
232689,normal,1370,1,1782361320.3209753,0.0021927356719970703
232690,normal,1318,0,1782361320.3227897,0.0018143653869628906
232691,normal,1941,0,1782361320.3247678,0.001978158950805664
232692,normal,987,2,1782361320.3268712,0.0021033287048339844
232693,normal,1385,0,1782361320.3287737,0.0019025802612304688
232694,normal,2768,0,1782361320.330914,0.0021402835845947266
232695,normal,665,0,1782361320.3330276,0.0021135807037353516
232696,normal,375,0,1782361320.3358667,0.0028390884399414062
232697,normal,285,0,1782361320.3367274,0.0008606910705566406
232698,normal,3059,1,1782361320.3387952,0.0020678043365478516
232699,normal,1739,0,1782361320.3406508,0.001855611801147461
232700,normal,181,0,1782361320.3428276,0.0021767616271972656
232701,normal,1820,0,1782361320.3447146,0.0018870830535888672
232702,normal,111,0,1782361320.3466842,0.001969575881958008
232703,normal,2764,0,1782361320.348768,0.0020837783813476562
232704,normal,2078,0,1782361320.3506763,0.0019083023071289062
232705,normal,60,0,1782361320.352646,0.0019698143005371094
232706,normal,469,0,1782361320.3547044,0.002058267593383789
232707,normal,175,0,1782361320.356641,0.0019366741180419922
232708,normal,3138,1,1782361320.3586922,0.002051115036010742
232709,normal,1330,1,1782361320.3606253,0.0019330978393554688
232710,normal,3309,1,1782361320.3626487,0.002023458480834961
232711,normal,1193,0,1782361320.3646536,0.002004861831665039
232712,normal,717,0,1782361320.3666387,0.0019850730895996094
232713,normal,578,0,1782361320.3686266,0.001987934112548828
232714,normal,879,2,1782361320.370691,0.0020644664764404297
232715,normal,3482,0,1782361320.372645,0.0019538402557373047
232716,normal,1857,0,1782361320.3747015,0.002056598663330078
232717,normal,420,0,1782361320.3767076,0.002006053924560547
232718,normal,1512,0,1782361320.3786974,0.0019898414611816406
232719,normal,1822,0,1782361320.3808322,0.0021347999572753906
232720,normal,3304,1,1782361320.382707,0.0018749237060546875
232721,normal,3348,1,1782361320.3848088,0.0021016597747802734
232722,normal,118,0,1782361320.386808,0.0019991397857666016
232723,normal,1560,0,1782361320.3890092,0.0022013187408447266
232724,normal,2466,0,1782361320.3906186,0.0016093254089355469
232725,normal,735,0,1782361320.3927667,0.002148151397705078
232726,normal,2100,0,1782361320.3946562,0.0018894672393798828
232727,normal,1327,1,1782361320.396775,0.002118825912475586
232728,normal,690,0,1782361320.3987515,0.001976490020751953
232729,normal,1380,1,1782361320.4007757,0.0020241737365722656
232730,normal,779,2,1782361320.402764,0.0019884109497070312
232731,normal,1802,0,1782361320.4047167,0.0019526481628417969
232732,normal,698,0,1782361320.4068875,0.0021708011627197266
232733,normal,2453,0,1782361320.4087615,0.0018739700317382812
232734,normal,217,0,1782361320.4110224,0.002260923385620117
232735,normal,2118,0,1782361320.4127357,0.0017132759094238281
232736,normal,3043,0,1782361320.4148657,0.0021300315856933594
232737,normal,675,0,1782361320.4169254,0.0020596981048583984
232738,normal,3278,1,1782361320.4188142,0.0018887519836425781
232739,normal,2220,0,1782361320.420886,0.002071857452392578
232740,normal,602,0,1782361320.4228,0.0019140243530273438
232741,normal,276,0,1782361320.4247735,0.001973390579223633
232742,normal,1895,0,1782361320.4269135,0.002140045166015625
232743,normal,1337,1,1782361320.4287982,0.0018846988677978516
232744,normal,45,0,1782361320.4308107,0.002012491226196289
232745,normal,715,0,1782361320.432777,0.001966238021850586
232746,normal,282,0,1782361320.4347608,0.0019838809967041016
232747,normal,1759,0,1782361320.4366777,0.0019168853759765625
232748,normal,1567,0,1782361320.4388382,0.0021605491638183594
232749,normal,3687,0,1782361320.44084,0.0020017623901367188
232750,normal,1163,0,1782361320.44268,0.0018398761749267578
232751,normal,550,0,1782361320.445375,0.0026950836181640625
232752,normal,3426,0,1782361320.4467595,0.0013844966888427734
232753,normal,2964,0,1782361320.448797,0.002037525177001953
232754,normal,880,2,1782361320.450635,0.0018379688262939453
232755,normal,3311,1,1782361320.4532006,0.002565622329711914
232756,normal,1574,0,1782361320.4551442,0.0019435882568359375
232757,normal,2856,0,1782361320.45679,0.001645803451538086
232758,normal,1705,0,1782361320.4589498,0.0021598339080810547
232759,normal,388,0,1782361320.4607506,0.0018007755279541016
232760,normal,506,0,1782361320.4628165,0.002065896987915039
232761,normal,3678,0,1782361320.4647715,0.0019550323486328125
232762,normal,1455,0,1782361320.4667802,0.002008676528930664
232763,normal,3640,0,1782361320.468954,0.002173900604248047
232764,normal,2451,0,1782361320.470817,0.0018630027770996094
232765,normal,1273,0,1782361320.4726932,0.0018761157989501953
232766,normal,2278,0,1782361320.4749303,0.002237081527709961
232767,normal,2296,0,1782361320.4769697,0.0020394325256347656
232768,normal,1460,0,1782361320.478713,0.001743316650390625
232769,normal,1160,0,1782361320.4808671,0.002154111862182617
232770,normal,2677,0,1782361320.482833,0.001965761184692383
232771,normal,734,0,1782361320.4849727,0.0021398067474365234
232772,normal,1587,0,1782361320.486967,0.0019943714141845703
232773,normal,349,0,1782361320.4888008,0.0018336772918701172
232774,normal,1944,0,1782361320.4909935,0.0021927356719970703
232775,normal,2092,0,1782361320.4927964,0.0018029212951660156
232776,normal,1817,0,1782361320.4948938,0.0020973682403564453
232777,normal,504,0,1782361320.4966912,0.0017974376678466797
232778,normal,3609,0,1782361320.498789,0.0020978450775146484
232779,normal,238,0,1782361320.5013344,0.0025453567504882812
232780,normal,75,0,1782361320.5027978,0.0014634132385253906
232781,normal,2824,0,1782361320.5047379,0.001940011978149414
232782,normal,3636,0,1782361320.506842,0.002104043960571289
232783,normal,1471,0,1782361320.508739,0.0018970966339111328
232784,normal,3243,1,1782361320.5111966,0.0024576187133789062
232785,normal,2359,0,1782361320.512929,0.0017323493957519531
232786,normal,3110,1,1782361320.5147135,0.0017845630645751953
232787,normal,3387,1,1782361320.5169668,0.002253293991088867
232788,normal,332,0,1782361320.5188224,0.001855611801147461
232789,normal,2130,0,1782361320.520826,0.0020036697387695312
232790,normal,1417,0,1782361320.5229068,0.002080678939819336
232791,normal,308,0,1782361320.5250225,0.0021157264709472656
232792,normal,1226,0,1782361320.526811,0.0017883777618408203
232793,normal,3324,1,1782361320.5289207,0.0021097660064697266
232794,normal,2750,0,1782361320.5309634,0.0020427703857421875
232795,normal,1344,1,1782361320.5326908,0.0017273426055908203
232796,normal,1984,0,1782361320.53483,0.0021393299102783203
232797,normal,3189,1,1782361320.53692,0.002089977264404297
232798,normal,752,0,1782361320.5386565,0.0017364025115966797
232799,normal,2721,0,1782361320.5406928,0.0020363330841064453
232800,normal,1299,0,1782361320.5426855,0.0019927024841308594
232801,normal,3369,1,1782361320.544678,0.001992464065551758
232802,normal,2701,0,1782361320.546746,0.002068042755126953
232803,normal,1261,0,1782361320.548724,0.0019779205322265625
232804,normal,1405,0,1782361320.5506246,0.0019006729125976562
232805,normal,3296,1,1782361320.5526433,0.0020186901092529297
232806,normal,1248,0,1782361320.5546777,0.002034425735473633
232807,normal,3064,1,1782361320.5566812,0.0020034313201904297
232808,normal,3346,1,1782361320.558678,0.001996755599975586
232809,normal,3085,1,1782361320.560677,0.0019991397857666016
232810,normal,2507,0,1782361320.5626485,0.0019714832305908203
232811,normal,1605,0,1782361320.5646827,0.0020341873168945312
232812,normal,1918,0,1782361357.2258425,0.0
232813,normal,2512,0,1782361357.2278178,0.0019752979278564453
232814,normal,2344,0,1782361357.2297757,0.0019578933715820312
232815,normal,1805,0,1782361357.2318163,0.0020406246185302734
232816,normal,3669,0,1782361357.2338312,0.0020148754119873047
232817,normal,3437,0,1782361357.2358158,0.0019845962524414062
232818,normal,521,0,1782361357.237829,0.0020132064819335938
232819,normal,3395,1,1782361357.24019,0.0023610591888427734
232820,normal,2558,0,1782361357.241876,0.0016858577728271484
232821,normal,2332,0,1782361357.2441473,0.002271413803100586
232822,normal,88,0,1782361357.2458293,0.0016820430755615234
232823,normal,302,0,1782361357.2481833,0.0023539066314697266
232824,normal,231,0,1782361357.2500215,0.0018382072448730469
232825,normal,1785,0,1782361357.2520394,0.002017974853515625
232826,normal,1613,0,1782361357.254052,0.002012491226196289
232827,normal,2539,0,1782361357.256149,0.0020971298217773438
232828,normal,1425,0,1782361357.2578912,0.0017421245574951172
232829,normal,3332,1,1782361357.260014,0.0021228790283203125
232830,normal,1198,0,1782361357.2621417,0.0021276473999023438
232831,normal,2734,0,1782361357.2638984,0.0017566680908203125
232832,normal,1155,0,1782361357.2660158,0.0021173954010009766
232833,normal,136,0,1782361357.2681437,0.0021278858184814453
232834,normal,2423,0,1782361357.269888,0.0017442703247070312
232835,normal,3461,0,1782361357.272203,0.002315044403076172
232836,normal,225,0,1782361357.2740157,0.0018126964569091797
232837,normal,2769,0,1782361357.2760377,0.0020220279693603516
232838,normal,589,0,1782361357.2780142,0.001976490020751953
232839,normal,3543,0,1782361357.2800162,0.0020020008087158203
232840,normal,2603,0,1782361357.2820373,0.0020210742950439453
232841,normal,84,0,1782361357.2838836,0.0018463134765625
232842,normal,1133,0,1782361357.2861354,0.002251863479614258
232843,normal,2145,0,1782361357.2878604,0.0017249584197998047
232844,normal,3140,1,1782361357.2899842,0.0021238327026367188
232845,normal,2652,0,1782361357.2920003,0.0020160675048828125
232846,normal,2892,0,1782361357.2939806,0.001980304718017578
232847,normal,2049,0,1782361357.295989,0.0020084381103515625
232848,normal,156,0,1782361357.29798,0.0019910335540771484
232849,normal,908,2,1782361357.2998977,0.0019176006317138672
232850,normal,2045,0,1782361357.3019812,0.0020835399627685547
232851,normal,3658,0,1782361357.3039896,0.0020084381103515625
232852,normal,654,0,1782361357.3058965,0.0019068717956542969
232853,normal,3525,0,1782361357.307989,0.0020923614501953125
232854,normal,2737,0,1782361357.3099928,0.002003908157348633
232855,normal,62,0,1782361357.3118968,0.0019040107727050781
232856,normal,408,0,1782361357.313979,0.0020821094512939453
232857,normal,1014,2,1782361357.3159928,0.0020139217376708984
232858,normal,2280,0,1782361357.3178952,0.0019023418426513672
232859,normal,549,0,1782361357.319984,0.002088785171508789
232860,normal,1896,0,1782361357.3219981,0.00201416015625
232861,normal,56,0,1782361357.3238983,0.0019001960754394531
232862,normal,965,2,1782361357.3259869,0.0020885467529296875
232863,normal,2088,0,1782361357.3279972,0.002010345458984375
232864,normal,3050,1,1782361357.3298988,0.0019016265869140625
232865,normal,2617,0,1782361357.3319921,0.0020933151245117188
232866,normal,1256,0,1782361357.3340027,0.0020105838775634766
232867,normal,2053,0,1782361357.3358986,0.001895904541015625
232868,normal,2380,0,1782361357.337981,0.002082347869873047
232869,normal,2377,0,1782361357.340002,0.0020210742950439453
232870,normal,1429,0,1782361357.341899,0.0018968582153320312
232871,normal,2534,0,1782361357.3439784,0.002079486846923828
232872,normal,3685,0,1782361357.3460078,0.0020294189453125
232873,normal,663,0,1782361357.3478556,0.0018477439880371094
232874,normal,1313,0,1782361357.349833,0.0019774436950683594
232875,normal,914,2,1782361357.3518605,0.0020275115966796875
232876,normal,906,2,1782361357.3537915,0.0019309520721435547
232877,normal,2307,0,1782361357.355844,0.0020525455474853516
232878,normal,828,2,1782361357.3578453,0.0020012855529785156
232879,normal,1510,0,1782361357.3598049,0.001959562301635742
232880,normal,3605,0,1782361357.3618147,0.002009868621826172
232881,normal,670,0,1782361357.363877,0.0020623207092285156
232882,normal,1472,0,1782361357.3660104,0.0021333694458007812
232883,normal,200,0,1782361357.367879,0.0018684864044189453
232884,normal,739,0,1782361357.370072,0.002192974090576172
232885,normal,3396,1,1782361357.3718536,0.0017817020416259766
232886,normal,2379,0,1782361357.3740268,0.002173185348510742
232887,normal,266,0,1782361357.3760743,0.0020475387573242188
232888,normal,357,0,1782361357.3778548,0.0017805099487304688
232889,normal,3608,0,1782361357.3800287,0.002173900604248047
232890,normal,3319,1,1782361357.3820066,0.0019779205322265625
232891,normal,1955,0,1782361357.3838844,0.0018777847290039062
232892,normal,2121,0,1782361357.3861456,0.0022611618041992188
232893,normal,2974,0,1782361357.3880203,0.001874685287475586
232894,normal,809,2,1782361357.3898854,0.0018651485443115234
232895,normal,2572,0,1782361357.3921416,0.002256155014038086
232896,normal,45,0,1782361357.3940628,0.0019211769104003906
232897,normal,1964,0,1782361357.395888,0.0018253326416015625
232898,normal,317,0,1782361357.398156,0.0022678375244140625
232899,normal,1365,1,1782361357.4000661,0.0019102096557617188
232900,normal,507,0,1782361357.401884,0.001817941665649414
232901,normal,2445,0,1782361357.4041584,0.0022742748260498047
232902,normal,2422,0,1782361357.4060454,0.0018870830535888672
232903,normal,1115,0,1782361357.4078598,0.0018143653869628906
232904,normal,642,0,1782361357.4101186,0.002258777618408203
232905,normal,9,0,1782361357.4120364,0.0019178390502929688
232906,normal,345,0,1782361357.413858,0.0018215179443359375
232907,normal,2426,0,1782361357.4161046,0.0022466182708740234
232908,normal,2581,0,1782361357.4180408,0.001936197280883789
232909,normal,826,2,1782361357.4198542,0.0018134117126464844
232910,normal,2105,0,1782361357.422013,0.0021588802337646484
232911,normal,979,2,1782361357.423973,0.0019600391387939453
232912,normal,3606,0,1782361357.425827,0.00185394287109375
232913,normal,1584,0,1782361357.4280043,0.0021772384643554688
232914,normal,3546,0,1782361357.4300334,0.0020291805267333984
232915,normal,2559,0,1782361357.4318464,0.0018129348754882812
232916,normal,298,0,1782361357.4340098,0.002163410186767578
232917,normal,162,0,1782361357.4361477,0.002137899398803711
232918,normal,488,0,1782361357.4378824,0.0017347335815429688
232919,normal,2714,0,1782361357.440137,0.002254486083984375
232920,normal,1583,0,1782361357.4420748,0.0019378662109375
232921,normal,2976,0,1782361357.4440327,0.0019578933715820312
232922,normal,2676,0,1782361357.4460073,0.0019745826721191406
232923,normal,1113,0,1782361357.448155,0.002147674560546875
232924,normal,687,0,1782361357.4498832,0.0017282962799072266
232925,normal,325,0,1782361357.4521308,0.0022475719451904297
232926,normal,2685,0,1782361357.4540856,0.001954793930053711
232927,normal,2977,0,1782361357.456033,0.0019474029541015625
232928,normal,776,2,1782361357.4580069,0.001973867416381836
232929,normal,121,0,1782361357.460142,0.002135038375854492
232930,normal,2518,0,1782361357.4618816,0.0017397403717041016
232931,normal,2490,0,1782361357.4641385,0.0022568702697753906
232932,normal,128,0,1782361357.466012,0.0018734931945800781
232933,normal,1860,0,1782361357.468033,0.0020210742950439453
232934,normal,697,0,1782361357.4700096,0.001976490020751953
232935,normal,1092,0,1782361357.4721413,0.0021317005157470703
232936,normal,338,0,1782361357.473883,0.001741647720336914
232937,normal,2568,0,1782361357.476141,0.0022580623626708984
232938,normal,1623,0,1782361357.4779522,0.0018112659454345703
232939,normal,311,0,1782361357.4798532,0.0019009113311767578
232940,normal,130,0,1782361357.481848,0.0019948482513427734
232941,normal,1778,0,1782361357.484166,0.0023179054260253906
232942,normal,2739,0,1782361357.4858522,0.0016863346099853516
232943,normal,1492,0,1782361357.4878542,0.0020020008087158203
232944,normal,262,0,1782361357.490225,0.0023708343505859375
232945,normal,3425,0,1782361357.4919283,0.0017032623291015625
232946,normal,1821,0,1782361357.4940155,0.002087116241455078
232947,normal,2574,0,1782361357.4961436,0.002128124237060547
232948,normal,2170,0,1782361357.4978828,0.0017392635345458984
232949,normal,1574,0,1782361357.5001442,0.0022614002227783203
232950,normal,675,0,1782361357.5021045,0.001960277557373047
232951,normal,571,0,1782361357.5040317,0.0019271373748779297
232952,normal,429,0,1782361357.506006,0.001974344253540039
232953,normal,1257,0,1782361357.5081456,0.002139568328857422
232954,normal,2730,0,1782361357.5099041,0.001758575439453125
232955,normal,995,2,1782361357.5121422,0.002238035202026367
232956,normal,2864,0,1782361357.5140138,0.0018715858459472656
232957,normal,3522,0,1782361357.5160573,0.002043485641479492
232958,normal,2147,0,1782361357.5178876,0.0018303394317626953
232959,normal,1160,0,1782361357.520148,0.002260446548461914
232960,normal,1350,1,1782361357.5218813,0.0017333030700683594
232961,normal,3071,1,1782361357.5241487,0.0022673606872558594
232962,normal,3186,1,1782361357.5258875,0.0017387866973876953
232963,normal,803,2,1782361357.5281565,0.0022690296173095703
232964,normal,79,0,1782361357.529881,0.0017244815826416016
232965,normal,1513,0,1782361357.5321527,0.0022716522216796875
232966,normal,1175,0,1782361357.5338547,0.0017020702362060547
232967,normal,3081,1,1782361357.5360234,0.0021686553955078125
232968,normal,1987,0,1782361357.5380309,0.0020074844360351562
232969,normal,1675,0,1782361357.5398753,0.0018444061279296875
232970,normal,3472,0,1782361357.5420253,0.0021500587463378906
232971,normal,2717,0,1782361357.54403,0.0020046234130859375
232972,normal,3613,0,1782361357.5458758,0.0018458366394042969
232973,normal,1037,0,1782361357.5480244,0.0021486282348632812
232974,normal,2616,0,1782361357.5500312,0.0020067691802978516
232975,normal,481,0,1782361357.5518758,0.001844644546508789
232976,normal,3371,1,1782361357.5540156,0.0021398067474365234
232977,normal,1140,0,1782361357.556031,0.002015352249145508
232978,normal,1009,2,1782361357.5578752,0.001844167709350586
232979,normal,135,0,1782361357.560023,0.0021479129791259766
232980,normal,1596,0,1782361357.5620313,0.002008199691772461
232981,normal,1668,0,1782361357.5638733,0.0018420219421386719
232982,normal,2396,0,1782361357.5661786,0.002305269241333008
232983,normal,2090,0,1782361357.56803,0.0018515586853027344
232984,normal,1218,0,1782361357.5700426,0.002012491226196289
232985,normal,1867,0,1782361357.5720181,0.001975536346435547
232986,normal,1036,0,1782361357.573985,0.0019669532775878906
232987,normal,2949,0,1782361357.576065,0.0020799636840820312
232988,normal,181,0,1782361357.577983,0.0019178390502929688
232989,normal,1049,0,1782361357.5800087,0.0020258426666259766
232990,normal,3262,1,1782361357.5819871,0.0019783973693847656
232991,normal,2162,0,1782361357.5839798,0.0019927024841308594
232992,normal,856,2,1782361357.5860076,0.002027750015258789
232993,normal,1177,0,1782361357.5879035,0.001895904541015625
232994,normal,2393,0,1782361357.5899773,0.0020737648010253906
232995,normal,605,0,1782361357.5919774,0.002000093460083008
232996,normal,2893,0,1782361357.5939026,0.0019252300262451172
232997,normal,91,0,1782361357.5959795,0.002076864242553711
232998,normal,410,0,1782361357.5980117,0.0020322799682617188
232999,normal,2303,0,1782361357.5999014,0.0018897056579589844
233000,normal,2908,0,1782361357.6019783,0.002076864242553711
233001,normal,263,0,1782361357.6040206,0.0020422935485839844
233002,normal,3676,0,1782361357.6059008,0.0018801689147949219
233003,normal,370,0,1782361357.6079772,0.002076387405395508
233004,normal,2395,0,1782361357.610018,0.002040863037109375
233005,normal,1772,0,1782361357.6118999,0.0018818378448486328
233006,normal,1988,0,1782361357.613979,0.0020792484283447266
233007,normal,1746,0,1782361357.6160185,0.0020394325256347656
233008,normal,1075,0,1782361357.6179008,0.001882314682006836
233009,normal,3152,1,1782361357.6199815,0.002080678939819336
233010,normal,2130,0,1782361357.6220217,0.0020401477813720703
233011,normal,2690,0,1782361357.6239018,0.0018801689147949219
233012,normal,2182,0,1782361357.6259797,0.002077817916870117
233013,normal,541,0,1782361357.6279783,0.0019986629486083984
233014,normal,2579,0,1782361357.6300144,0.0020360946655273438
233015,normal,2555,0,1782361357.6318574,0.0018429756164550781
233016,normal,2002,0,1782361357.6339784,0.0021209716796875
233017,normal,2467,0,1782361357.6359015,0.0019230842590332031
233018,normal,1200,0,1782361357.6379776,0.0020761489868164062
233019,normal,1246,0,1782361357.6399775,0.0019998550415039062
233020,normal,2834,0,1782361357.6419342,0.0019567012786865234
233021,normal,2021,0,1782361357.6439905,0.0020563602447509766
233022,normal,3147,1,1782361357.6460273,0.0020368099212646484
233023,normal,1209,0,1782361357.6479018,0.0018744468688964844
233024,normal,3069,1,1782361357.6499815,0.0020797252655029297
233025,normal,297,0,1782361357.652042,0.002060413360595703
233026,normal,1597,0,1782361357.6538875,0.0018455982208251953
233027,normal,1553,0,1782361357.655963,0.0020754337310791016
233028,normal,819,2,1782361357.6579664,0.0020034313201904297
233029,normal,2756,0,1782361357.6598864,0.0019199848175048828
233030,normal,2037,0,1782361357.6619792,0.0020928382873535156
233031,normal,2915,0,1782361357.6640322,0.0020530223846435547
233032,normal,531,0,1782361357.665977,0.0019447803497314453
233033,normal,2092,0,1782361357.667973,0.0019960403442382812
233034,normal,838,2,1782361357.6699772,0.0020041465759277344
233035,normal,1053,0,1782361357.6718993,0.0019221305847167969
233036,normal,2823,0,1782361357.6739779,0.002078533172607422
233037,normal,752,0,1782361357.6760414,0.0020635128021240234
233038,normal,1884,0,1782361357.6778953,0.00185394287109375
233039,normal,2224,0,1782361357.6799731,0.002077817916870117
233040,normal,1227,0,1782361357.6820514,0.0020782947540283203
233041,normal,3484,0,1782361357.6838973,0.0018458366394042969
233042,normal,3391,1,1782361357.6860292,0.002131938934326172
233043,normal,506,0,1782361357.6880414,0.0020122528076171875
233044,normal,3208,1,1782361357.6898978,0.0018563270568847656
233045,normal,2643,0,1782361357.6919966,0.0020987987518310547
233046,normal,3219,1,1782361357.6940482,0.0020515918731689453
233047,normal,2818,0,1782361357.6958978,0.0018496513366699219
233048,normal,210,0,1782361357.697977,0.0020792484283447266
233049,normal,1134,0,1782361357.699977,0.0019998550415039062
233050,normal,2282,0,1782361357.701897,0.0019199848175048828
233051,normal,842,2,1782361357.7039838,0.0020868778228759766
233052,normal,938,2,1782361357.7059777,0.001993894577026367
233053,normal,1391,0,1782361357.7078965,0.001918792724609375
233054,normal,2272,0,1782361357.7099774,0.0020809173583984375
233055,normal,1585,0,1782361357.7119749,0.0019974708557128906
233056,normal,2878,0,1782361357.7138975,0.001922607421875
233057,normal,2658,0,1782361357.7159762,0.0020787715911865234
233058,normal,3202,1,1782361357.7179806,0.002004384994506836
233059,normal,1740,0,1782361357.7198977,0.001917123794555664
233060,normal,2473,0,1782361357.721984,0.002086162567138672
233061,normal,2325,0,1782361357.7239819,0.0019979476928710938
233062,normal,2663,0,1782361357.7268438,0.0028619766235351562
233063,normal,467,0,1782361357.7278345,0.0009906291961669922
233064,normal,693,0,1782361357.7299697,0.0021352767944335938
233065,normal,459,0,1782361357.7318387,0.0018689632415771484
233066,normal,534,0,1782361357.7339776,0.002138853073120117
233067,normal,3098,1,1782361357.7359707,0.0019931793212890625
233068,normal,3500,0,1782361357.7379353,0.001964569091796875
233069,normal,2710,0,1782361357.7399766,0.002041339874267578
233070,normal,910,2,1782361357.7419858,0.002009153366088867
233071,normal,1652,0,1782361357.7438579,0.0018720626831054688
233072,normal,1393,0,1782361357.7459726,0.0021147727966308594
233073,normal,2005,0,1782361357.7479799,0.0020072460174560547
233074,normal,206,0,1782361357.7498972,0.0019173622131347656
233075,normal,2192,0,1782361357.7519755,0.0020782947540283203
233076,normal,539,0,1782361357.7539728,0.001997232437133789
233077,normal,3302,1,1782361357.755895,0.0019221305847167969
233078,normal,3322,1,1782361357.7579753,0.0020804405212402344
233079,normal,411,0,1782361357.759987,0.0020117759704589844
233080,normal,2782,0,1782361357.7618983,0.001911163330078125
233081,normal,1386,0,1782361357.7639756,0.002077341079711914
233082,normal,371,0,1782361357.7660022,0.0020265579223632812
233083,normal,1572,0,1782361357.7678938,0.0018916130065917969
233084,normal,1360,1,1782361357.770001,0.0021071434020996094
233085,normal,2392,0,1782361357.771976,0.0019750595092773438
233086,normal,879,2,1782361357.7738943,0.0019183158874511719
233087,normal,1608,0,1782361357.7759757,0.0020813941955566406
233088,normal,2505,0,1782361357.7779846,0.0020089149475097656
233089,normal,192,0,1782361357.7799017,0.001917123794555664
233090,normal,1930,0,1782361357.7819784,0.0020766258239746094
233091,normal,577,0,1782361357.7839792,0.0020008087158203125
233092,normal,2955,0,1782361357.785899,0.0019197463989257812
233093,normal,2058,0,1782361357.7879748,0.0020759105682373047
233094,normal,3037,0,1782361357.7899761,0.0020012855529785156
233095,normal,435,0,1782361357.7918897,0.0019135475158691406
233096,normal,331,0,1782361357.7939742,0.002084493637084961
233097,normal,1071,0,1782361357.7959766,0.0020024776458740234
233098,normal,92,0,1782361357.7978964,0.0019197463989257812
233099,normal,123,0,1782361357.7999868,0.0020904541015625
233100,normal,323,0,1782361357.8019757,0.0019888877868652344
233101,normal,1398,0,1782361357.8038971,0.0019214153289794922
233102,normal,741,0,1782361357.8059764,0.0020792484283447266
233103,normal,2611,0,1782361357.8079767,0.0020003318786621094
233104,normal,189,0,1782361357.809897,0.0019202232360839844
233105,normal,329,0,1782361357.811975,0.0020780563354492188
233106,normal,272,0,1782361357.8139777,0.002002716064453125
233107,normal,2471,0,1782361357.815897,0.0019192695617675781
233108,normal,94,0,1782361357.8179724,0.0020754337310791016
233109,normal,1883,0,1782361357.8199801,0.002007722854614258
233110,normal,1808,0,1782361357.821898,0.0019178390502929688
233111,normal,3560,0,1782361357.8239746,0.0020766258239746094
233112,normal,771,0,1782361357.8259807,0.002006053924560547
233113,normal,1351,1,1782361357.8279018,0.0019211769104003906
233114,normal,322,0,1782361357.8299754,0.002073526382446289
233115,normal,2499,0,1782361357.831976,0.002000570297241211
233116,normal,617,0,1782361357.8339746,0.0019986629486083984
233117,normal,1604,0,1782361357.8359747,0.002000093460083008
233118,normal,2936,0,1782361357.8380227,0.002048015594482422
233119,normal,1946,0,1782361357.8398988,0.0018761157989501953
233120,normal,1598,0,1782361357.8419771,0.0020782947540283203
233121,normal,281,0,1782361357.8439765,0.001999378204345703
233122,normal,52,0,1782361357.845899,0.001922607421875
233123,normal,844,2,1782361357.8479755,0.002076387405395508
233124,normal,1546,0,1782361357.849978,0.0020024776458740234
233125,normal,901,2,1782361357.8518977,0.0019197463989257812
233126,normal,2940,0,1782361357.853975,0.002077341079711914
233127,normal,2644,0,1782361357.8559768,0.0020017623901367188
233128,normal,1593,0,1782361357.857899,0.0019221305847167969
233129,normal,3651,0,1782361357.8599741,0.0020751953125
233130,normal,2812,0,1782361357.8619785,0.002004384994506836
233131,normal,1839,0,1782361357.863898,0.0019195079803466797
233132,normal,1008,2,1782361357.865975,0.002076864242553711
233133,normal,3507,0,1782361357.8679771,0.002002239227294922
233134,normal,682,0,1782361357.8698964,0.0019192695617675781
233135,normal,116,0,1782361357.8719733,0.002076864242553711
233136,normal,2852,0,1782361357.873977,0.0020036697387695312
233137,normal,150,0,1782361357.8758957,0.001918792724609375
233138,normal,3172,1,1782361357.8779888,0.002093076705932617
233139,normal,3480,0,1782361357.879977,0.0019881725311279297
233140,normal,2414,0,1782361357.881897,0.0019199848175048828
233141,normal,2350,0,1782361357.8839743,0.002077341079711914
233142,normal,821,2,1782361357.8859756,0.0020012855529785156
233143,normal,1260,0,1782361357.8878984,0.0019228458404541016
233144,normal,1567,0,1782361357.8899753,0.002076864242553711
233145,normal,1874,0,1782361357.8919764,0.002001047134399414
233146,normal,460,0,1782361357.8938951,0.001918792724609375
233147,normal,1131,0,1782361357.8959658,0.0020706653594970703
233148,normal,689,0,1782361357.8980165,0.002050638198852539
233149,normal,554,0,1782361357.8998864,0.0018699169158935547
233150,normal,1590,0,1782361357.9021406,0.0022542476654052734
233151,normal,455,0,1782361357.9040082,0.001867532730102539
233152,normal,2373,0,1782361357.9060278,0.002019643783569336
233153,normal,2444,0,1782361357.9080205,0.0019927024841308594
233154,normal,601,0,1782361357.910145,0.0021245479583740234
233155,normal,1810,0,1782361357.9118817,0.0017366409301757812
233156,normal,464,0,1782361357.9141502,0.002268552780151367
233157,normal,2715,0,1782361357.9160264,0.0018761157989501953
233158,normal,1275,0,1782361357.9180305,0.0020041465759277344
233159,normal,2100,0,1782361357.9200072,0.0019767284393310547
233160,normal,986,2,1782361357.9219983,0.0019910335540771484
233161,normal,977,2,1782361357.9238338,0.0018355846405029297
233162,normal,2199,0,1782361357.92598,0.0021462440490722656
233163,normal,958,2,1782361357.9279623,0.0019822120666503906
233164,normal,1838,0,1782361357.9298365,0.0018742084503173828
233165,normal,2917,0,1782361357.9320197,0.002183198928833008
233166,normal,2634,0,1782361357.9341393,0.0021195411682128906
233167,normal,3539,0,1782361357.935881,0.001741647720336914
233168,normal,2763,0,1782361357.938139,0.0022580623626708984
233169,normal,627,0,1782361357.9400094,0.0018703937530517578
233170,normal,1493,0,1782361357.942039,0.0020296573638916016
233171,normal,1003,2,1782361357.9440067,0.0019676685333251953
233172,normal,1317,0,1782361357.9461422,0.0021355152130126953
233173,normal,3049,1,1782361357.94788,0.001737833023071289
233174,normal,2041,0,1782361357.9501517,0.0022716522216796875
233175,normal,2489,0,1782361357.9518874,0.001735687255859375
233176,normal,3044,0,1782361357.954103,0.0022156238555908203
233177,normal,883,2,1782361357.9558904,0.001787424087524414
233178,normal,75,0,1782361357.958146,0.002255678176879883
233179,normal,2677,0,1782361357.9599173,0.0017712116241455078
233180,normal,3338,1,1782361357.9620087,0.0020914077758789062
233181,normal,2156,0,1782361357.9640198,0.0020110607147216797
233182,normal,2334,0,1782361357.9660285,0.002008676528930664
233183,normal,1405,0,1782361357.9680336,0.0020051002502441406
233184,normal,1819,0,1782361357.9701416,0.0021080970764160156
233185,normal,1830,0,1782361357.971879,0.001737356185913086
233186,normal,607,0,1782361357.97414,0.002260923385620117
233187,normal,2308,0,1782361357.9760246,0.0018846988677978516
233188,normal,2607,0,1782361357.9780312,0.00200653076171875
233189,normal,2403,0,1782361357.9800072,0.00197601318359375
233190,normal,2637,0,1782361357.9821444,0.0021371841430664062
233191,normal,2586,0,1782361357.983882,0.0017375946044921875
233192,normal,3380,1,1782361357.9861453,0.002263307571411133
233193,normal,3485,0,1782361357.988111,0.001965761184692383
233194,normal,1889,0,1782361357.9900322,0.0019211769104003906
233195,normal,2142,0,1782361357.9920077,0.001975536346435547
233196,normal,2456,0,1782361357.9941564,0.0021486282348632812
233197,normal,1033,0,1782361357.995882,0.0017256736755371094
233198,normal,439,0,1782361357.9981403,0.00225830078125
233199,normal,2773,0,1782361358.0000172,0.0018768310546875
233200,normal,1191,0,1782361358.0018818,0.0018646717071533203
233201,normal,1084,0,1782361358.0041435,0.002261638641357422
233202,normal,1157,0,1782361358.0060132,0.0018696784973144531
233203,normal,2139,0,1782361358.0080404,0.002027273178100586
233204,normal,1471,0,1782361358.0100079,0.0019674301147460938
233205,normal,3299,1,1782361358.0121448,0.0021369457244873047
233206,normal,2941,0,1782361358.0138805,0.001735687255859375
233207,normal,807,2,1782361358.0161405,0.002259969711303711
233208,normal,980,2,1782361358.0180101,0.0018696784973144531
233209,normal,874,2,1782361358.0200298,0.002019643783569336
233210,normal,501,0,1782361358.0220084,0.001978635787963867
233211,normal,1290,0,1782361358.024145,0.0021364688873291016
233212,normal,2918,0,1782361358.02588,0.0017352104187011719
233213,normal,138,0,1782361358.0281415,0.0022614002227783203
233214,normal,2464,0,1782361358.030012,0.0018703937530517578
233215,normal,1021,2,1782361358.0320284,0.0020165443420410156
233216,normal,3138,1,1782361358.034027,0.0019986629486083984
233217,normal,268,0,1782361358.0361416,0.002114534378051758
233218,normal,303,0,1782361358.0378807,0.0017390251159667969
233219,normal,1250,0,1782361358.0401385,0.002257823944091797
233220,normal,2969,0,1782361358.0420234,0.0018849372863769531
233221,normal,1968,0,1782361358.0440285,0.0020051002502441406
233222,normal,586,0,1782361358.0460074,0.0019788742065429688
233223,normal,3683,0,1782361358.0481453,0.002137899398803711
233224,normal,761,0,1782361358.0498817,0.0017364025115966797
233225,normal,320,0,1782361358.05214,0.00225830078125
233226,normal,2497,0,1782361358.0540123,0.0018723011016845703
233227,normal,3497,0,1782361358.056028,0.0020155906677246094
233228,normal,2889,0,1782361358.0580091,0.0019812583923339844
233229,normal,2076,0,1782361358.0601425,0.0021333694458007812
233230,normal,705,0,1782361358.0618808,0.0017383098602294922
233231,normal,524,0,1782361358.0641415,0.0022606849670410156
233232,normal,893,2,1782361358.0660098,0.0018682479858398438
233233,normal,1336,1,1782361358.0680304,0.002020597457885742
233234,normal,3324,1,1782361358.0700102,0.001979827880859375
233235,normal,3616,0,1782361358.0721579,0.002147674560546875
233236,normal,1409,0,1782361358.0738807,0.0017228126525878906
233237,normal,347,0,1782361358.0761602,0.002279520034790039
233238,normal,2026,0,1782361358.0780094,0.0018491744995117188
233239,normal,1158,0,1782361358.080029,0.002019643783569336
233240,normal,1277,0,1782361358.082009,0.0019800662994384766
233241,normal,2911,0,1782361358.084151,0.0021419525146484375
233242,normal,1754,0,1782361358.08588,0.0017290115356445312
233243,normal,2341,0,1782361358.0881402,0.0022602081298828125
233244,normal,939,2,1782361358.0900128,0.0018725395202636719
233245,normal,2800,0,1782361358.0920298,0.0020170211791992188
233246,normal,472,0,1782361358.0940104,0.0019805431365966797
233247,normal,1886,0,1782361358.0961132,0.0021028518676757812
233248,normal,2665,0,1782361358.0978816,0.001768350601196289
233249,normal,1636,0,1782361358.1001396,0.0022580623626708984
233250,normal,730,0,1782361358.1020112,0.0018715858459472656
233251,normal,1238,0,1782361358.1040301,0.0020189285278320312
233252,normal,2885,0,1782361358.1060066,0.001976490020751953
233253,normal,1458,0,1782361358.1081429,0.00213623046875
233254,normal,2699,0,1782361358.10988,0.0017371177673339844
233255,normal,3158,1,1782361358.1121547,0.002274751663208008
233256,normal,2265,0,1782361358.1140118,0.0018570423126220703
233257,normal,380,0,1782361358.11603,0.0020182132720947266
233258,normal,282,0,1782361358.1180081,0.001978158950805664
233259,normal,1233,0,1782361358.1201293,0.0021212100982666016
233260,normal,791,2,1782361358.1218803,0.001750946044921875
233261,normal,2788,0,1782361358.1241431,0.0022628307342529297
233262,normal,2269,0,1782361358.1260116,0.0018684864044189453
233263,normal,269,0,1782361358.1280308,0.002019166946411133
233264,normal,2289,0,1782361358.1300082,0.0019774436950683594
233265,normal,1718,0,1782361358.1321406,0.002132415771484375
233266,normal,886,2,1782361358.133919,0.0017783641815185547
233267,normal,141,0,1782361358.1360047,0.0020856857299804688
233268,normal,2855,0,1782361358.1381507,0.002146005630493164
233269,normal,490,0,1782361358.1398792,0.0017285346984863281
233270,normal,3329,1,1782361358.1421607,0.0022814273834228516
233271,normal,3033,0,1782361358.1440108,0.001850128173828125
233272,normal,1469,0,1782361358.1460552,0.0020444393157958984
233273,normal,1455,0,1782361358.1480079,0.0019526481628417969
233274,normal,2111,0,1782361358.1501675,0.002159595489501953
233275,normal,1892,0,1782361358.1519217,0.0017542839050292969
233276,normal,982,2,1782361358.1540062,0.002084493637084961
233277,normal,3392,1,1782361358.1561468,0.002140522003173828
233278,normal,2381,0,1782361358.1579173,0.0017704963684082031
233279,normal,2532,0,1782361358.1600108,0.0020935535430908203
233280,normal,592,0,1782361358.1621578,0.0021469593048095703
233281,normal,1309,0,1782361358.1638799,0.001722097396850586
233282,normal,2196,0,1782361358.1660283,0.0021483898162841797
233283,normal,2514,0,1782361358.1678889,0.0018606185913085938
233284,normal,1015,2,1782361358.170153,0.0022640228271484375
233285,normal,1437,0,1782361358.171897,0.0017440319061279297
233286,normal,3642,0,1782361358.1741421,0.002245187759399414
233287,normal,3170,1,1782361358.17588,0.001737833023071289
233288,normal,1272,0,1782361358.1780076,0.0021276473999023438
233289,normal,3343,1,1782361358.1801448,0.0021371841430664062
233290,normal,2110,0,1782361358.1818805,0.001735687255859375
233291,normal,3092,1,1782361358.184143,0.002262592315673828
233292,normal,1875,0,1782361358.1860175,0.0018744468688964844
233293,normal,612,0,1782361358.1880295,0.002012014389038086
233294,normal,2978,0,1782361358.1900198,0.0019903182983398438
233295,normal,626,0,1782361358.192011,0.00199127197265625
233296,normal,480,0,1782361358.1940303,0.002019166946411133
233297,normal,2962,0,1782361358.1960082,0.0019779205322265625
233298,normal,3001,0,1782361358.1981468,0.0021386146545410156
233299,normal,912,2,1782361358.1998818,0.0017349720001220703
233300,normal,1473,0,1782361358.2021399,0.0022580623626708984
233301,normal,1841,0,1782361358.2040093,0.0018694400787353516
233302,normal,2980,0,1782361358.2060404,0.002031087875366211
233303,normal,1258,0,1782361358.208043,0.002002716064453125
233304,normal,2135,0,1782361358.2100127,0.001969575881958008
233305,normal,1878,0,1782361358.2120047,0.0019919872283935547
233306,normal,2017,0,1782361358.2140095,0.002004861831665039
233307,normal,941,2,1782361358.2160103,0.0020008087158203125
233308,normal,2822,0,1782361358.2180343,0.002023935317993164
233309,normal,525,0,1782361358.220008,0.0019736289978027344
233310,normal,2636,0,1782361358.2221098,0.002101898193359375
233311,normal,2675,0,1782361358.224031,0.0019211769104003906
233312,normal,279,0,1782361358.226005,0.0019741058349609375
233313,normal,414,0,1782361358.2280207,0.0020155906677246094
233314,normal,3406,0,1782361358.2300305,0.002009868621826172
233315,normal,2299,0,1782361358.2320077,0.001977205276489258
233316,normal,1924,0,1782361358.234011,0.002003192901611328
233317,normal,871,2,1782361358.2360306,0.002019643783569336
233318,normal,517,0,1782361358.2380064,0.0019757747650146484
233319,normal,3686,0,1782361358.2400408,0.002034425735473633
233320,normal,865,2,1782361358.2420352,0.0019943714141845703
233321,normal,996,2,1782361358.2440076,0.0019724369049072266
233322,normal,365,0,1782361358.2460117,0.0020041465759277344
233323,normal,1956,0,1782361358.2480292,0.002017498016357422
233324,normal,1855,0,1782361358.2500086,0.001979351043701172
233325,normal,3305,1,1782361358.2520099,0.0020012855529785156
233326,normal,899,2,1782361358.2540405,0.002030611038208008
233327,normal,2829,0,1782361358.2560077,0.001967191696166992
233328,normal,134,0,1782361358.258011,0.0020034313201904297
233329,normal,2588,0,1782361358.2600555,0.0020444393157958984
233330,normal,358,0,1782361358.261988,0.001932382583618164
233331,normal,2583,0,1782361358.2639945,0.00200653076171875
233332,normal,1306,0,1782361358.2660208,0.0020263195037841797
233333,normal,530,0,1782361358.2678688,0.001847982406616211
233334,normal,1923,0,1782361358.2698722,0.0020034313201904297
233335,normal,1638,0,1782361358.2720678,0.002195596694946289
233336,normal,3495,0,1782361358.273817,0.001749277114868164
233337,normal,3674,0,1782361358.2759445,0.002127408981323242
233338,normal,3377,1,1782361358.2778397,0.0018951892852783203
233339,normal,657,0,1782361358.2798102,0.001970529556274414
233340,normal,2540,0,1782361358.2818382,0.0020279884338378906
233341,normal,2006,0,1782361358.28397,0.002131938934326172
233342,normal,3532,0,1782361358.2858107,0.0018405914306640625
233343,normal,1680,0,1782361358.2878356,0.0020248889923095703
233344,normal,1993,0,1782361358.2898939,0.002058267593383789
233345,normal,1314,0,1782361358.2918124,0.0019185543060302734
233346,normal,1278,0,1782361358.2938373,0.0020248889923095703
233347,normal,2604,0,1782361358.295878,0.0020406246185302734
233348,normal,202,0,1782361358.2978098,0.001931905746459961
233349,normal,615,0,1782361358.299837,0.002027273178100586
233350,normal,2758,0,1782361358.3018634,0.0020263195037841797
233351,normal,1894,0,1782361358.303813,0.0019495487213134766
233352,normal,3479,0,1782361358.3058732,0.0020601749420166016
233353,normal,1395,0,1782361358.3078809,0.002007722854614258
233354,normal,3067,1,1782361358.309811,0.00193023681640625
233355,normal,1741,0,1782361358.311836,0.0020248889923095703
233356,normal,1488,0,1782361358.3138664,0.0020303726196289062
233357,normal,895,2,1782361358.3158102,0.001943826675415039
233358,normal,2670,0,1782361358.3178656,0.0020554065704345703
233359,normal,2122,0,1782361358.3198812,0.0020155906677246094
233360,normal,3032,0,1782361358.3218107,0.0019295215606689453
233361,normal,2365,0,1782361358.3238401,0.0020294189453125
233362,normal,2593,0,1782361358.3266568,0.0028166770935058594
233363,normal,3439,0,1782361358.3278124,0.0011556148529052734
233364,normal,768,0,1782361358.3298318,0.0020194053649902344
233365,normal,712,0,1782361358.3318624,0.002030611038208008
233366,normal,2953,0,1782361358.3338323,0.0019698143005371094
233367,normal,2136,0,1782361358.3358564,0.0020241737365722656
233368,normal,1854,0,1782361358.3378613,0.002004861831665039
233369,normal,773,2,1782361358.3398335,0.001972198486328125
233370,normal,2900,0,1782361358.3418627,0.0020291805267333984
233371,normal,2874,0,1782361358.343861,0.001998424530029297
233372,normal,1614,0,1782361358.3458414,0.001980304718017578
233373,normal,143,0,1782361358.347855,0.002013683319091797
233374,normal,515,0,1782361358.3501089,0.0022537708282470703
233375,normal,942,2,1782361358.351886,0.0017771720886230469
233376,normal,60,0,1782361358.354132,0.0022459030151367188
233377,normal,988,2,1782361358.3558702,0.0017383098602294922
233378,normal,390,0,1782361358.357968,0.0020978450775146484
233379,normal,1931,0,1782361358.359985,0.0020170211791992188
233380,normal,2486,0,1782361358.3618975,0.0019123554229736328
233381,normal,57,0,1782361358.3639784,0.0020809173583984375
233382,normal,319,0,1782361358.3660066,0.002028226852416992
233383,normal,2575,0,1782361358.3678975,0.0018908977508544922
233384,normal,270,0,1782361358.3699753,0.002077817916870117
233385,normal,1497,0,1782361358.371983,0.002007722854614258
233386,normal,967,2,1782361358.3738987,0.0019156932830810547
233387,normal,96,0,1782361358.375974,0.0020751953125
233388,normal,3278,1,1782361358.377979,0.0020051002502441406
233389,normal,1769,0,1782361358.379897,0.0019180774688720703
233390,normal,1417,0,1782361358.3821,0.0022029876708984375
233391,normal,1767,0,1782361358.3840795,0.001979351043701172
233392,normal,3307,1,1782361358.3858552,0.0017757415771484375
233393,normal,108,0,1782361358.3879747,0.0021195411682128906
233394,normal,2236,0,1782361358.3899822,0.0020074844360351562
233395,normal,295,0,1782361358.3918986,0.0019164085388183594
233396,normal,552,0,1782361358.3939745,0.0020759105682373047
233397,normal,2040,0,1782361358.39598,0.002005338668823242
233398,normal,2312,0,1782361358.3978975,0.0019176006317138672
233399,normal,2462,0,1782361358.3999777,0.002080202102661133
233400,normal,1720,0,1782361358.4019804,0.002002716064453125
233401,normal,3637,0,1782361358.4038968,0.0019164085388183594
233402,normal,3169,1,1782361358.405976,0.0020792484283447266
233403,normal,3381,1,1782361358.4079788,0.002002716064453125
233404,normal,3493,0,1782361358.4098983,0.0019195079803466797
233405,normal,1378,1,1782361358.4119768,0.002078533172607422
233406,normal,2520,0,1782361358.413979,0.002002239227294922
233407,normal,742,0,1782361358.4158986,0.0019195079803466797
233408,normal,1649,0,1782361358.4179845,0.0020859241485595703
233409,normal,473,0,1782361358.4199793,0.0019948482513427734
233410,normal,144,0,1782361358.4218986,0.0019192695617675781
233411,normal,3209,1,1782361358.4240005,0.002101898193359375
233412,normal,2261,0,1782361358.4259846,0.001984119415283203
233413,normal,930,2,1782361358.4279015,0.0019168853759765625
233414,normal,2783,0,1782361358.4299803,0.0020787715911865234
233415,normal,1086,0,1782361358.4319816,0.0020012855529785156
233416,normal,1866,0,1782361358.4339004,0.001918792724609375
233417,normal,690,0,1782361358.4359818,0.0020813941955566406
233418,normal,1561,0,1782361358.4379861,0.002004384994506836
233419,normal,1679,0,1782361358.4398994,0.001913309097290039
233420,normal,1082,0,1782361358.4419823,0.00208282470703125
233421,normal,1245,0,1782361358.4439807,0.001998424530029297
233422,normal,236,0,1782361358.4459002,0.0019195079803466797
233423,normal,2461,0,1782361358.4479856,0.002085447311401367
233424,normal,3218,1,1782361358.449983,0.001997232437133789
233425,normal,1056,0,1782361358.4518988,0.0019159317016601562
233426,normal,313,0,1782361358.4539807,0.0020818710327148438
233427,normal,2528,0,1782361358.455984,0.0020034313201904297
233428,normal,709,0,1782361358.4579027,0.0019185543060302734
233429,normal,2986,0,1782361358.4599776,0.0020749568939208984
233430,normal,3088,1,1782361358.4619954,0.0020177364349365234
233431,normal,1090,0,1782361358.4639006,0.001905202865600586
233432,normal,456,0,1782361358.4659836,0.0020830631256103516
233433,normal,1440,0,1782361358.4679863,0.002002716064453125
233434,normal,1144,0,1782361358.4698977,0.0019114017486572266
233435,normal,3633,0,1782361358.4719787,0.0020809173583984375
233436,normal,249,0,1782361358.4739828,0.0020041465759277344
233437,normal,184,0,1782361358.4758997,0.0019168853759765625
233438,normal,1117,0,1782361358.4779837,0.002084016799926758
233439,normal,2242,0,1782361358.4799833,0.0019996166229248047
233440,normal,2600,0,1782361358.4819062,0.0019228458404541016
233441,normal,1474,0,1782361358.4839778,0.0020716190338134766
233442,normal,1751,0,1782361358.4859822,0.002004384994506836
233443,normal,1971,0,1782361358.4878962,0.0019140243530273438
233444,normal,3279,1,1782361358.489981,0.0020847320556640625
233445,normal,3289,1,1782361358.491983,0.0020020008087158203
233446,normal,3692,0,1782361358.494067,0.002084016799926758
233447,normal,2975,0,1782361358.4960172,0.0019502639770507812
233448,normal,2062,0,1782361358.498154,0.002136707305908203
233449,normal,800,2,1782361358.499884,0.0017299652099609375
233450,normal,1220,0,1782361358.5021634,0.002279520034790039
233451,normal,2814,0,1782361358.5040176,0.0018541812896728516
233452,normal,492,0,1782361358.5058832,0.0018656253814697266
233453,normal,1915,0,1782361358.5081494,0.0022661685943603516
233454,normal,500,0,1782361358.510018,0.0018687248229980469
233455,normal,2571,0,1782361358.5120406,0.0020225048065185547
233456,normal,2674,0,1782361358.5138993,0.0018587112426757812
233457,normal,3223,1,1782361358.5159822,0.00208282470703125
233458,normal,1715,0,1782361358.5178478,0.0018656253814697266
233459,normal,1023,2,1782361358.5200088,0.0021610260009765625
233460,normal,292,0,1782361358.5221498,0.0021409988403320312
233461,normal,2947,0,1782361358.5238748,0.0017249584197998047
233462,normal,3370,1,1782361358.5261273,0.0022525787353515625
233463,normal,3126,1,1782361358.5279331,0.0018057823181152344
233464,normal,3428,0,1782361358.5298831,0.0019500255584716797
233465,normal,948,2,1782361358.531899,0.002015829086303711
233466,normal,573,0,1782361358.5338724,0.001973390579223633
233467,normal,2781,0,1782361358.5359912,0.002118825912475586
233468,normal,1498,0,1782361358.5378356,0.0018444061279296875
233469,normal,747,0,1782361358.5400314,0.0021958351135253906
233470,normal,1697,0,1782361358.5418124,0.0017809867858886719
233471,normal,3417,0,1782361358.5440211,0.002208709716796875
233472,normal,1491,0,1782361358.5460196,0.001998424530029297
233473,normal,177,0,1782361358.547836,0.0018165111541748047
233474,normal,3009,0,1782361358.5500057,0.0021696090698242188
233475,normal,80,0,1782361358.5519986,0.001992940902709961
233476,normal,1500,0,1782361358.553834,0.0018353462219238281
233477,normal,770,0,1782361358.5560045,0.002170562744140625
233478,normal,2222,0,1782361358.558007,0.0020024776458740234
233479,normal,1761,0,1782361358.5598333,0.0018262863159179688
233480,normal,2297,0,1782361358.5619893,0.0021560192108154297
233481,normal,3385,1,1782361358.5640004,0.0020110607147216797
233482,normal,1010,2,1782361358.5658324,0.0018320083618164062
233483,normal,673,0,1782361358.567989,0.0021567344665527344
233484,normal,754,0,1782361358.57,0.002010822296142578
233485,normal,777,2,1782361358.571834,0.0018341541290283203
233486,normal,1752,0,1782361358.574038,0.0022039413452148438
233487,normal,509,0,1782361358.5760272,0.001989126205444336
233488,normal,3011,0,1782361358.5778341,0.0018069744110107422
233489,normal,293,0,1782361358.5799956,0.0021615028381347656
233490,normal,3675,0,1782361358.5820081,0.002012491226196289
233491,normal,35,0,1782361358.5838335,0.0018253326416015625
233492,normal,2952,0,1782361358.5859876,0.002154111862182617
233493,normal,66,0,1782361358.5879993,0.0020117759704589844
233494,normal,2183,0,1782361358.5898325,0.001833200454711914
233495,normal,2526,0,1782361358.5919912,0.002158641815185547
233496,normal,1795,0,1782361358.5939984,0.0020072460174560547
233497,normal,2193,0,1782361358.5958326,0.0018341541290283203
233498,normal,2431,0,1782361358.597999,0.0021665096282958984
233499,normal,1109,0,1782361358.5999994,0.0020003318786621094
233500,normal,2841,0,1782361358.601832,0.0018324851989746094
233501,normal,6,0,1782361358.6039894,0.002157449722290039
233502,normal,2744,0,1782361358.6060069,0.002017498016357422
233503,normal,2339,0,1782361358.607836,0.0018291473388671875
233504,normal,1215,0,1782361358.609999,0.002162933349609375
233505,normal,1450,0,1782361358.6119857,0.0019867420196533203
233506,normal,2086,0,1782361358.6138327,0.0018470287322998047
233507,normal,369,0,1782361358.615989,0.0021562576293945312
233508,normal,3423,0,1782361358.618005,0.0020160675048828125
233509,normal,528,0,1782361358.619835,0.0018298625946044922
233510,normal,2478,0,1782361358.62199,0.0021550655364990234
233511,normal,1316,0,1782361358.6239996,0.0020096302032470703
233512,normal,1300,0,1782361358.6258342,0.0018346309661865234
233513,normal,3499,0,1782361358.6280003,0.0021660327911376953
233514,normal,1624,0,1782361358.629991,0.001990795135498047
233515,normal,1692,0,1782361358.6318345,0.0018434524536132812
233516,normal,3382,1,1782361358.6339915,0.002156972885131836
233517,normal,264,0,1782361358.636008,0.0020165443420410156
233518,normal,2998,0,1782361358.637833,0.001825094223022461
233519,normal,114,0,1782361358.6399891,0.0021560192108154297
233520,normal,2805,0,1782361358.6419911,0.0020020008087158203
233521,normal,312,0,1782361358.6438344,0.0018432140350341797
233522,normal,466,0,1782361358.6459913,0.002156972885131836
233523,normal,2389,0,1782361358.648027,0.0020356178283691406
233524,normal,2066,0,1782361358.649821,0.0017940998077392578
233525,normal,1182,0,1782361358.6518352,0.00201416015625
233526,normal,239,0,1782361358.6540093,0.0021741390228271484
233527,normal,1073,0,1782361358.655834,0.0018246173858642578
233528,normal,2827,0,1782361358.6580079,0.002173900604248047
233529,normal,2732,0,1782361358.6599884,0.0019805431365966797
233530,normal,2083,0,1782361358.661835,0.0018465518951416016
233531,normal,332,0,1782361358.6639893,0.0021543502807617188
233532,normal,3231,1,1782361358.6660075,0.0020182132720947266
233533,normal,113,0,1782361358.6678324,0.0018248558044433594
233534,normal,1173,0,1782361358.669989,0.0021567344665527344
233535,normal,608,0,1782361358.6720066,0.002017498016357422
233536,normal,594,0,1782361358.6738331,0.0018265247344970703
233537,normal,3553,0,1782361358.675987,0.0021538734436035156
233538,normal,3181,1,1782361358.678007,0.0020198822021484375
233539,normal,2159,0,1782361358.6798816,0.001874685287475586
233540,normal,1699,0,1782361358.6821537,0.0022721290588378906
233541,normal,3680,0,1782361358.6840172,0.0018634796142578125
233542,normal,405,0,1782361358.686069,0.002051830291748047
233543,normal,2983,0,1782361358.6880174,0.0019483566284179688
233544,normal,392,0,1782361358.6901517,0.0021343231201171875
233545,normal,578,0,1782361358.6918852,0.001733541488647461
233546,normal,1024,2,1782361358.694047,0.002161741256713867
233547,normal,133,0,1782361358.6970549,0.0030078887939453125
233548,normal,1976,0,1782361358.697952,0.0008971691131591797
233549,normal,678,0,1782361358.7000902,0.0021381378173828125
233550,normal,241,0,1782361358.7019365,0.0018463134765625
233551,normal,1900,0,1782361358.7040088,0.0020723342895507812
233552,normal,285,0,1782361358.7058766,0.0018677711486816406
233553,normal,919,2,1782361358.7080219,0.0021452903747558594
233554,normal,2195,0,1782361358.7098746,0.0018527507781982422
233555,normal,196,0,1782361358.712024,0.002149343490600586
233556,normal,248,0,1782361358.714039,0.0020151138305664062
233557,normal,3496,0,1782361358.7158463,0.0018072128295898438
233558,normal,3115,1,1782361358.7180417,0.0021953582763671875
233559,normal,2899,0,1782361358.7200284,0.0019867420196533203
233560,normal,2770,0,1782361358.72188,0.0018515586853027344
233561,normal,1237,0,1782361358.7240405,0.0021605491638183594
233562,normal,2707,0,1782361358.7260249,0.0019843578338623047
233563,normal,3442,0,1782361358.7278984,0.0018734931945800781
233564,normal,2972,0,1782361358.730041,0.002142667770385742
233565,normal,968,2,1782361358.73202,0.0019788742065429688
233566,normal,2589,0,1782361358.7338977,0.0018777847290039062
233567,normal,1738,0,1782361358.736054,0.0021562576293945312
233568,normal,1449,0,1782361358.7378724,0.0018184185028076172
233569,normal,781,2,1782361358.7400353,0.002162933349609375
233570,normal,706,0,1782361358.7419014,0.0018661022186279297
233571,normal,2287,0,1782361358.7440314,0.0021300315856933594
233572,normal,34,0,1782361358.7458801,0.0018486976623535156
233573,normal,1648,0,1782361358.7480433,0.0021631717681884766
233574,normal,2672,0,1782361358.750024,0.0019807815551757812
233575,normal,2601,0,1782361358.7518997,0.0018756389617919922
233576,normal,3346,1,1782361358.754048,0.0021483898162841797
233577,normal,3698,0,1782361358.756034,0.001985788345336914
233578,normal,1098,0,1782361358.7578773,0.0018434524536132812
233579,normal,3408,0,1782361358.7600477,0.0021703243255615234
233580,normal,2326,0,1782361358.762031,0.0019834041595458984
233581,normal,1586,0,1782361358.763879,0.001847982406616211
233582,normal,2799,0,1782361358.7660506,0.0021715164184570312
233583,normal,2343,0,1782361358.768032,0.001981496810913086
233584,normal,1325,1,1782361358.7698762,0.001844167709350586
233585,normal,3342,1,1782361358.7720463,0.002170085906982422
233586,normal,991,2,1782361358.7740402,0.001993894577026367
233587,normal,3089,1,1782361358.7758536,0.0018134117126464844
233588,normal,14,0,1782361358.7780306,0.002177000045776367
233589,normal,2119,0,1782361358.7800314,0.0020008087158203125
233590,normal,2247,0,1782361358.7818468,0.0018153190612792969
233591,normal,1688,0,1782361358.784051,0.0022041797637939453
233592,normal,2697,0,1782361358.7860296,0.001978635787963867
233593,normal,243,0,1782361358.787874,0.0018444061279296875
233594,normal,582,0,1782361358.790032,0.002157926559448242
233595,normal,482,0,1782361358.7920308,0.0019989013671875
233596,normal,973,2,1782361358.7938735,0.0018427371978759766
233597,normal,1783,0,1782361358.7960265,0.0021529197692871094
233598,normal,2731,0,1782361358.7980325,0.002006053924560547
233599,normal,638,0,1782361358.7998555,0.0018229484558105469
233600,normal,1403,0,1782361358.8020248,0.002169370651245117
233601,normal,348,0,1782361358.804026,0.002001047134399414
233602,normal,1994,0,1782361358.8058503,0.0018243789672851562
233603,normal,3582,0,1782361358.8080173,0.0021669864654541016
233604,normal,1502,0,1782361358.810023,0.0020058155059814453
233605,normal,3450,0,1782361358.811844,0.0018210411071777344
233606,normal,2510,0,1782361358.8140323,0.0021882057189941406
233607,normal,2030,0,1782361358.816022,0.001989603042602539
233608,normal,765,0,1782361358.8178444,0.0018224716186523438
233609,normal,2429,0,1782361358.8200166,0.002172231674194336
233610,normal,2944,0,1782361358.822019,0.0020024776458740234
233611,normal,3211,1,1782361358.8238728,0.0018537044525146484
233612,normal,478,0,1782361358.8260438,0.002171039581298828
233613,normal,1550,0,1782361358.8278718,0.0018279552459716797
233614,normal,711,0,1782361358.8299985,0.0021266937255859375
233615,normal,457,0,1782361358.8318722,0.0018737316131591797
233616,normal,2384,0,1782361358.8340266,0.0021543502807617188
233617,normal,3433,0,1782361358.8358448,0.0018181800842285156
233618,normal,1615,0,1782361358.838019,0.0021741390228271484
233619,normal,704,0,1782361358.8400328,0.0020139217376708984
233620,normal,606,0,1782361358.8418486,0.0018157958984375
233621,normal,3320,1,1782361358.844026,0.0021774768829345703
233622,normal,1241,0,1782361358.8460252,0.0019991397857666016
233623,normal,1653,0,1782361358.8478446,0.0018193721771240234
233624,normal,1941,0,1782361358.8500192,0.0021746158599853516
233625,normal,261,0,1782361358.8518808,0.001861572265625
233626,normal,3311,1,1782361358.8540297,0.002148866653442383
233627,normal,234,0,1782361358.8558707,0.0018410682678222656
233628,normal,3358,1,1782361358.8580172,0.002146482467651367
233629,normal,3429,0,1782361358.8598442,0.0018270015716552734
233630,normal,3663,0,1782361358.8620145,0.0021703243255615234
233631,normal,3304,1,1782361358.8640254,0.002010822296142578
233632,normal,2895,0,1782361358.865846,0.0018205642700195312
233633,normal,145,0,1782361358.8680172,0.0021712779998779297
233634,normal,987,2,1782361358.870024,0.0020067691802978516
233635,normal,2482,0,1782361358.8718443,0.0018203258514404297
233636,normal,2922,0,1782361358.8740177,0.0021734237670898438
233637,normal,3551,0,1782361358.876036,0.0020182132720947266
233638,normal,758,0,1782361358.8778439,0.0018079280853271484
233639,normal,585,0,1782361358.880024,0.0021800994873046875
233640,normal,3335,1,1782361358.8820176,0.0019936561584472656
233641,normal,2025,0,1782361358.8838718,0.0018541812896728516
233642,normal,3481,0,1782361358.886018,0.0021462440490722656
233643,normal,3206,1,1782361358.8880248,0.0020067691802978516
233644,normal,65,0,1782361358.8898444,0.001819610595703125
233645,normal,2498,0,1782361358.892033,0.0021886825561523438
233646,normal,2844,0,1782361358.8940582,0.002025127410888672
233647,normal,2172,0,1782361358.8958461,0.0017879009246826172
233648,normal,1641,0,1782361358.8980193,0.002173185348510742
233649,normal,1957,0,1782361358.9000244,0.0020051002502441406
233650,normal,2476,0,1782361358.9018445,0.0018200874328613281
233651,normal,2537,0,1782361358.9040256,0.0021810531616210938
233652,normal,1519,0,1782361358.906026,0.0020003318786621094
233653,normal,1660,0,1782361358.907843,0.0018172264099121094
233654,normal,850,2,1782361358.9100251,0.0021820068359375
233655,normal,67,0,1782361358.9118714,0.0018463134765625
233656,normal,1359,1,1782361358.9139977,0.0021262168884277344
233657,normal,208,0,1782361358.9158702,0.0018725395202636719
233658,normal,3008,0,1782361358.9180207,0.0021505355834960938
233659,normal,691,0,1782361358.9198442,0.00182342529296875
233660,normal,3521,0,1782361358.922017,0.0021729469299316406
233661,normal,1981,0,1782361358.9240248,0.002007722854614258
233662,normal,2220,0,1782361358.9258726,0.0018477439880371094
233663,normal,2243,0,1782361358.9282136,0.002341032028198242
233664,normal,3456,0,1782361358.9299376,0.0017240047454833984
233665,normal,1813,0,1782361358.9321446,0.002207040786743164
233666,normal,1442,0,1782361358.9338596,0.001714944839477539
233667,normal,3045,1,1782361358.9361992,0.002339601516723633
233668,normal,3250,1,1782361358.9378843,0.0016851425170898438
233669,normal,3599,0,1782361358.940029,0.0021445751190185547
233670,normal,3014,0,1782361358.94215,0.0021212100982666016
233671,normal,1116,0,1782361358.9438856,0.0017354488372802734
233672,normal,2748,0,1782361358.946147,0.0022614002227783203
233673,normal,1665,0,1782361358.9479618,0.0018148422241210938
233674,normal,37,0,1782361358.9500964,0.002134561538696289
233675,normal,643,0,1782361358.9518907,0.0017943382263183594
233676,normal,3427,0,1782361358.9540472,0.002156496047973633
233677,normal,2695,0,1782361358.955831,0.0017838478088378906
233678,normal,3078,1,1782361358.9580212,0.002190113067626953
233679,normal,735,0,1782361358.9598405,0.0018193721771240234
233680,normal,1308,0,1782361358.961985,0.0021445751190185547
233681,normal,1231,0,1782361358.9638586,0.0018734931945800781
233682,normal,1171,0,1782361358.9660285,0.0021698474884033203
233683,normal,788,2,1782361358.967831,0.0018024444580078125
233684,normal,668,0,1782361358.9699986,0.0021677017211914062
233685,normal,1984,0,1782361358.972003,0.002004384994506836
233686,normal,3619,0,1782361358.9738286,0.001825571060180664
233687,normal,307,0,1782361358.9759946,0.0021660327911376953
233688,normal,2541,0,1782361358.978002,0.0020074844360351562
233689,normal,3325,1,1782361358.9798393,0.0018372535705566406
233690,normal,2821,0,1782361358.9819932,0.0021538734436035156
233691,normal,547,0,1782361358.984004,0.002010822296142578
233692,normal,119,0,1782361358.9858332,0.0018291473388671875
233693,normal,377,0,1782361358.987995,0.002161741256713867
233694,normal,2241,0,1782361358.9900014,0.00200653076171875
233695,normal,3043,0,1782361358.9918349,0.0018334388732910156
233696,normal,2655,0,1782361358.993993,0.0021581649780273438
233697,normal,1087,0,1782361358.9960022,0.002009153366088867
233698,normal,843,2,1782361358.997831,0.001828908920288086
233699,normal,260,0,1782361358.9999986,0.0021674633026123047
233700,normal,3160,1,1782361359.0020022,0.0020036697387695312
233701,normal,2298,0,1782361359.0038326,0.0018303394317626953
233702,normal,1885,0,1782361359.005998,0.0021653175354003906
233703,normal,23,0,1782361359.0080156,0.0020177364349365234
233704,normal,497,0,1782361359.0098314,0.0018157958984375
233705,normal,2495,0,1782361359.0120006,0.0021691322326660156
233706,normal,1536,0,1782361359.013998,0.0019974708557128906
233707,normal,242,0,1782361359.0158327,0.0018346309661865234
233708,normal,2215,0,1782361359.017998,0.0021653175354003906
233709,normal,576,0,1782361359.0200055,0.0020074844360351562
233710,normal,201,0,1782361359.0218306,0.001825094223022461
233711,normal,1460,0,1782361359.023998,0.0021674633026123047
233712,normal,1659,0,1782361359.0259972,0.0019991397857666016
233713,normal,251,0,1782361359.0278316,0.0018343925476074219
233714,normal,1251,0,1782361359.0299985,0.0021669864654541016
233715,normal,153,0,1782361359.0320015,0.0020029544830322266
233716,normal,2416,0,1782361359.033831,0.001829385757446289
233717,normal,2912,0,1782361359.0359988,0.002167940139770508
233718,normal,622,0,1782361359.0380006,0.0020017623901367188
233719,normal,1208,0,1782361359.0398307,0.0018301010131835938
233720,normal,2453,0,1782361359.0419967,0.0021660327911376953
233721,normal,379,0,1782361359.044008,0.0020112991333007812
233722,normal,3360,1,1782361359.0458379,0.0018298625946044922
233723,normal,3441,0,1782361359.0479891,0.0021512508392333984
233724,normal,3271,1,1782361359.0499995,0.002010345458984375
233725,normal,3643,0,1782361359.051833,0.0018334388732910156
233726,normal,2213,0,1782361359.054003,0.002170085906982422
233727,normal,1557,0,1782361359.0559964,0.001993417739868164
233728,normal,3196,1,1782361359.0578284,0.0018320083618164062
233729,normal,1787,0,1782361359.0599966,0.0021681785583496094
233730,normal,2890,0,1782361359.0620105,0.0020139217376708984
233731,normal,644,0,1782361359.0638323,0.001821756362915039
233732,normal,1263,0,1782361359.0659993,0.0021669864654541016
233733,normal,1863,0,1782361359.0680037,0.002004384994506836
233734,normal,232,0,1782361359.069831,0.001827239990234375
233735,normal,1174,0,1782361359.0720563,0.0022253990173339844
233736,normal,440,0,1782361359.0738556,0.0017993450164794922
233737,normal,46,0,1782361359.076011,0.002155303955078125
233738,normal,474,0,1782361359.0778296,0.0018186569213867188
233739,normal,1995,0,1782361359.0799918,0.0021622180938720703
233740,normal,3402,0,1782361359.0818307,0.0018389225006103516
233741,normal,873,2,1782361359.0839896,0.0021588802337646484
233742,normal,2592,0,1782361359.086011,0.002021312713623047
233743,normal,2768,0,1782361359.0878298,0.0018188953399658203
233744,normal,1151,0,1782361359.089997,0.002167224884033203
233745,normal,3056,1,1782361359.0920064,0.0020093917846679688
233746,normal,3300,1,1782361359.093831,0.0018246173858642578
233747,normal,2985,0,1782361359.095985,0.0021538734436035156
233748,normal,1970,0,1782361359.0979815,0.0019965171813964844
233749,normal,866,2,1782361359.0998297,0.0018482208251953125
233750,normal,2362,0,1782361359.1019812,0.0021514892578125
233751,normal,3623,0,1782361359.1040006,0.0020194053649902344
233752,normal,3544,0,1782361359.1058283,0.0018277168273925781
233753,normal,3063,1,1782361359.1079807,0.0021524429321289062
233754,normal,294,0,1782361359.1099968,0.0020160675048828125
233755,normal,3445,0,1782361359.111832,0.0018351078033447266
233756,normal,655,0,1782361359.1139784,0.002146482467651367
233757,normal,2727,0,1782361359.1159809,0.0020024776458740234
233758,normal,2682,0,1782361359.117828,0.0018470287322998047
233759,normal,1481,0,1782361359.1199818,0.0021538734436035156
233760,normal,3345,1,1782361359.121996,0.00201416015625
233761,normal,2516,0,1782361359.1238282,0.0018322467803955078
233762,normal,2755,0,1782361359.1259859,0.0021576881408691406
233763,normal,2197,0,1782361359.1280024,0.0020165443420410156
233764,normal,2428,0,1782361359.1298292,0.0018267631530761719
233765,normal,2302,0,1782361359.131983,0.0021538734436035156
233766,normal,2237,0,1782361359.133996,0.002012968063354492
233767,normal,309,0,1782361359.1358345,0.0018384456634521484
233768,normal,463,0,1782361359.138009,0.0021746158599853516
233769,normal,3618,0,1782361359.140004,0.0019948482513427734
233770,normal,2430,0,1782361359.1418324,0.0018284320831298828
233771,normal,1656,0,1782361359.1441438,0.0023114681243896484
233772,normal,419,0,1782361359.1458309,0.0016870498657226562
233773,normal,2191,0,1782361359.1479962,0.0021653175354003906
233774,normal,2007,0,1782361359.1498282,0.0018320083618164062
233775,normal,51,0,1782361359.1520019,0.0021736621856689453
233776,normal,78,0,1782361359.1538296,0.0018277168273925781
233777,normal,1791,0,1782361359.1559823,0.002152681350708008
233778,normal,1865,0,1782361359.158001,0.0020186901092529297
233779,normal,738,0,1782361359.1598516,0.0018506050109863281
233780,normal,2301,0,1782361359.161977,0.0021255016326904297
233781,normal,3021,0,1782361359.1640327,0.002055644989013672
233782,normal,2106,0,1782361359.1658263,0.0017936229705810547
233783,normal,2549,0,1782361359.1679833,0.002156972885131836
233784,normal,2786,0,1782361359.1698682,0.0018849372863769531
233785,normal,1859,0,1782361359.1718135,0.0019452571868896484
233786,normal,3041,0,1782361359.1737745,0.0019609928131103516
233787,normal,1552,0,1782361359.1758175,0.002043008804321289
233788,normal,3678,0,1782361359.1777995,0.001981973648071289
233789,normal,1958,0,1782361359.1797647,0.0019652843475341797
233790,normal,2566,0,1782361359.181819,0.0020542144775390625
233791,normal,1992,0,1782361359.1837926,0.0019736289978027344
233792,normal,2082,0,1782361359.1857963,0.0020036697387695312
233793,normal,2228,0,1782361359.1877904,0.0019941329956054688
233794,normal,698,0,1782361359.18979,0.0019996166229248047
233795,normal,1446,0,1782361359.1917808,0.001990795135498047
233796,normal,2028,0,1782361359.1937995,0.0020186901092529297
233797,normal,2993,0,1782361359.19579,0.0019905567169189453
233798,normal,2615,0,1782361359.197787,0.0019969940185546875
233799,normal,3188,1,1782361359.1997979,0.002010822296142578
233800,normal,413,0,1782361359.2017977,0.0019998550415039062
233801,normal,1669,0,1782361359.2037952,0.0019974708557128906
233802,normal,1559,0,1782361359.2057986,0.0020034313201904297
233803,normal,1952,0,1782361359.2077985,0.0019998550415039062
233804,normal,160,0,1782361359.2097917,0.0019931793212890625
233805,normal,3367,1,1782361359.2118013,0.0020096302032470703
233806,normal,2551,0,1782361359.2137873,0.0019860267639160156
233807,normal,193,0,1782361359.2157848,0.0019974708557128906
233808,normal,2368,0,1782361359.2178082,0.002023458480834961
233809,normal,600,0,1782361359.2197876,0.001979351043701172
233810,normal,1454,0,1782361359.2217815,0.001993894577026367
233811,normal,2160,0,1782361359.2237942,0.0020127296447753906
233812,normal,511,0,1782361359.2257848,0.0019905567169189453
233813,normal,3362,1,1782361359.227798,0.0020132064819335938
233814,normal,878,2,1782361359.2298012,0.002003192901611328
233815,normal,3635,0,1782361359.2317894,0.0019881725311279297
233816,normal,3197,1,1782361359.23379,0.002000570297241211
233817,normal,3121,1,1782361359.2358108,0.0020208358764648438
233818,normal,599,0,1782361359.2377872,0.001976490020751953
233819,normal,870,2,1782361359.239791,0.0020036697387695312
233820,normal,1161,0,1782361359.2418056,0.002014636993408203
233821,normal,719,0,1782361359.2437897,0.001984119415283203
233822,normal,823,2,1782361359.2457867,0.0019969940185546875
233823,normal,1672,0,1782361359.247801,0.0020143985748291016
233824,normal,3079,1,1782361359.2497888,0.0019876956939697266
233825,normal,1816,0,1782361359.2517953,0.00200653076171875
233826,normal,3596,0,1782361359.2538147,0.0020194053649902344
233827,normal,2203,0,1782361359.2557862,0.0019714832305908203
233828,normal,149,0,1782361359.2577894,0.002003192901611328
233829,normal,2790,0,1782361359.2598016,0.0020122528076171875
233830,normal,3609,0,1782361359.2617917,0.001990079879760742
233831,normal,2230,0,1782361359.2637894,0.001997709274291992
233832,normal,567,0,1782361359.2658532,0.002063751220703125
233833,normal,3337,1,1782361359.267765,0.0019118785858154297
233834,normal,847,2,1782361359.2697911,0.002026081085205078
233835,normal,1528,0,1782361359.271807,0.002015829086303711
233836,normal,1462,0,1782361359.273787,0.0019800662994384766
233837,normal,2689,0,1782361359.2757826,0.001995563507080078
233838,normal,2988,0,1782361359.2778008,0.0020182132720947266
233839,normal,2023,0,1782361359.2797902,0.0019893646240234375
233840,normal,2033,0,1782361359.2817976,0.0020074844360351562
233841,normal,616,0,1782361359.2838075,0.002009868621826172
233842,normal,2067,0,1782361359.285794,0.0019865036010742188
233843,normal,3629,0,1782361359.2877872,0.0019931793212890625
233844,normal,1264,0,1782361359.2897973,0.0020101070404052734
233845,normal,2411,0,1782361359.2917912,0.001993894577026367
233846,normal,1047,0,1782361359.2937863,0.001995086669921875
233847,normal,2354,0,1782361359.2957978,0.002011537551879883
233848,normal,3254,1,1782361359.2977855,0.0019876956939697266
233849,normal,3581,0,1782361359.299784,0.001998424530029297
233850,normal,3096,1,1782361359.3017857,0.0020017623901367188
233851,normal,1407,0,1782361359.3037887,0.0020029544830322266
233852,normal,1034,0,1782361359.3057897,0.002001047134399414
233853,normal,574,0,1782361359.3077939,0.0020041465759277344
233854,normal,3012,0,1782361359.3097947,0.0020008087158203125
233855,normal,609,0,1782361359.3117933,0.0019986629486083984
233856,normal,89,0,1782361359.3137975,0.0020041465759277344
233857,normal,1035,0,1782361359.3157914,0.001993894577026367
233858,normal,1041,0,1782361359.317812,0.002020597457885742
233859,normal,1804,0,1782361359.319805,0.001992940902709961
233860,normal,1266,0,1782361359.321785,0.0019800662994384766
233861,normal,1119,0,1782361359.3237817,0.001996755599975586
233862,normal,1714,0,1782361359.3260145,0.002232789993286133
233863,normal,1533,0,1782361359.32783,0.0018155574798583984
233864,normal,3294,1,1782361359.3299844,0.0021543502807617188
233865,normal,38,0,1782361359.3319824,0.0019979476928710938
233866,normal,432,0,1782361359.3338442,0.0018618106842041016
233867,normal,3510,0,1782361359.3359823,0.0021381378173828125
233868,normal,398,0,1782361359.3379967,0.0020143985748291016
233869,normal,3073,1,1782361359.3398557,0.0018589496612548828
233870,normal,142,0,1782361359.3419988,0.0021431446075439453
233871,normal,2174,0,1782361359.3439987,0.0019998550415039062
233872,normal,2632,0,1782361359.3458302,0.0018315315246582031
233873,normal,29,0,1782361359.347983,0.002152681350708008
233874,normal,861,2,1782361359.3498368,0.00185394287109375
233875,normal,314,0,1782361359.3518112,0.001974344253540039
233876,normal,3039,0,1782361359.3538153,0.0020041465759277344
233877,normal,1364,1,1782361359.3558474,0.002032041549682617
233878,normal,364,0,1782361359.3580084,0.0021610260009765625
233879,normal,3462,0,1782361359.359857,0.0018486976623535156
233880,normal,3469,0,1782361359.3619535,0.002096414566040039
233881,normal,1281,0,1782361359.3638678,0.0019142627716064453
233882,normal,3413,0,1782361359.3658714,0.0020036697387695312
233883,normal,2141,0,1782361359.3679945,0.002123117446899414
233884,normal,1814,0,1782361359.3698776,0.0018830299377441406
233885,normal,614,0,1782361359.3718169,0.0019392967224121094
233886,normal,287,0,1782361359.3740065,0.00218963623046875
233887,normal,3241,1,1782361359.3758328,0.0018262863159179688
233888,normal,2342,0,1782361359.3778608,0.0020279884338378906
233889,normal,2508,0,1782361359.3799968,0.0021359920501708984
233890,normal,1906,0,1782361359.3818724,0.0018756389617919922
233891,normal,112,0,1782361359.383856,0.001983642578125
233892,normal,1289,0,1782361359.3859549,0.0020987987518310547
233893,normal,637,0,1782361359.387853,0.001898050308227539
233894,normal,254,0,1782361359.389818,0.001965045928955078
233895,normal,1737,0,1782361359.3918114,0.001993417739868164
233896,normal,2950,0,1782361359.393888,0.0020766258239746094
233897,normal,1645,0,1782361359.3958104,0.0019223690032958984
233898,normal,2752,0,1782361359.3978167,0.0020062923431396484
233899,normal,3075,1,1782361359.399858,0.002041339874267578
233900,normal,1985,0,1782361359.4018328,0.001974821090698242
233901,normal,132,0,1782361359.403811,0.001978158950805664
233902,normal,471,0,1782361359.4058816,0.0020706653594970703
233903,normal,1061,0,1782361359.4078116,0.0019299983978271484
233904,normal,1734,0,1782361359.4098096,0.0019979476928710938
233905,normal,407,0,1782361359.4120176,0.0022079944610595703
233906,normal,1456,0,1782361359.413849,0.0018315315246582031
233907,normal,1045,0,1782361359.4159677,0.0021185874938964844
233908,normal,155,0,1782361359.4178965,0.0019288063049316406
233909,normal,1402,0,1782361359.4199693,0.0020728111267089844
233910,normal,3124,1,1782361359.4219728,0.0020034313201904297
233911,normal,483,0,1782361359.4238503,0.0018775463104248047
233912,normal,2875,0,1782361359.4258335,0.001983165740966797
233913,normal,110,0,1782361359.4280324,0.002198934555053711
233914,normal,1128,0,1782361359.4298341,0.0018017292022705078
233915,normal,47,0,1782361359.4318292,0.001995086669921875
233916,normal,2602,0,1782361359.4339957,0.0021665096282958984
233917,normal,2201,0,1782361359.4358306,0.001834869384765625
233918,normal,3653,0,1782361359.4380379,0.0022072792053222656
233919,normal,2793,0,1782361359.439996,0.001958131790161133
233920,normal,2517,0,1782361359.4418318,0.0018358230590820312
233921,normal,1480,0,1782361359.4439893,0.002157449722290039
233922,normal,146,0,1782361359.445993,0.0020036697387695312
233923,normal,2179,0,1782361359.4478292,0.0018362998962402344
233924,normal,1565,0,1782361359.4500432,0.0022139549255371094
233925,normal,1786,0,1782361359.4519928,0.0019495487213134766
233926,normal,2284,0,1782361359.4538293,0.001836538314819336
233927,normal,1001,2,1782361359.4559834,0.002154111862182617
233928,normal,1377,1,1782361359.457998,0.002014636993408203
233929,normal,505,0,1782361359.4598324,0.0018343925476074219
233930,normal,1271,0,1782361359.4620023,0.0021698474884033203
233931,normal,815,2,1782361359.463992,0.0019898414611816406
233932,normal,3501,0,1782361359.4658303,0.0018382072448730469
233933,normal,3622,0,1782361359.46799,0.002159595489501953
233934,normal,267,0,1782361359.4699907,0.0020008087158203125
233935,normal,1252,0,1782361359.4718435,0.0018527507781982422
233936,normal,581,0,1782361359.47399,0.002146482467651367
233937,normal,1412,0,1782361359.475998,0.0020079612731933594
233938,normal,3244,1,1782361359.477829,0.0018310546875
233939,normal,97,0,1782361359.4799933,0.0021643638610839844
233940,normal,5,0,1782361359.4819899,0.0019965171813964844
233941,normal,2214,0,1782361359.4838324,0.001842498779296875
233942,normal,3561,0,1782361359.4860582,0.0022258758544921875
233943,normal,3264,1,1782361359.487993,0.0019347667694091797
233944,normal,2868,0,1782361359.4898455,0.0018525123596191406
233945,normal,39,0,1782361359.4920597,0.002214193344116211
233946,normal,749,0,1782361359.4939907,0.0019309520721435547
233947,normal,2260,0,1782361359.495836,0.0018453598022460938
233948,normal,2943,0,1782361359.4979901,0.002154111862182617
233949,normal,3707,0,1782361359.4999874,0.001997232437133789
233950,normal,2161,0,1782361359.5018303,0.0018429756164550781
233951,normal,3463,0,1782361359.5040646,0.002234220504760742
233952,normal,718,0,1782361359.505994,0.0019295215606689453
233953,normal,1189,0,1782361359.5078297,0.0018355846405029297
233954,normal,2103,0,1782361359.510066,0.0022363662719726562
233955,normal,1483,0,1782361359.5119915,0.0019254684448242188
233956,normal,2656,0,1782361359.513845,0.0018534660339355469
233957,normal,667,0,1782361359.5160675,0.0022225379943847656
233958,normal,1815,0,1782361359.517993,0.0019254684448242188
233959,normal,3331,1,1782361359.51983,0.001837015151977539
233960,normal,389,0,1782361359.5220687,0.002238750457763672
233961,normal,1410,0,1782361359.523982,0.001913309097290039
233962,normal,3344,1,1782361359.525836,0.00185394287109375
233963,normal,3556,0,1782361359.5283477,0.002511739730834961
233964,normal,3672,0,1782361359.529827,0.0014793872833251953
233965,normal,3681,0,1782361359.5319936,0.0021665096282958984
233966,normal,1726,0,1782361359.5339146,0.001920938491821289
233967,normal,124,0,1782361359.5359921,0.0020775794982910156
233968,normal,3557,0,1782361359.537855,0.0018627643585205078
233969,normal,2904,0,1782361359.539831,0.00197601318359375
233970,normal,1817,0,1782361359.541998,0.0021669864654541016
233971,normal,2154,0,1782361359.5438316,0.0018336772918701172
233972,normal,74,0,1782361359.5460744,0.0022428035736083984
233973,normal,1059,0,1782361359.5479987,0.001924276351928711
233974,normal,2226,0,1782361359.549861,0.0018622875213623047
233975,normal,1240,0,1782361359.5520258,0.0021648406982421875
233976,normal,2929,0,1782361359.5539982,0.0019724369049072266
233977,normal,2820,0,1782361359.5558562,0.0018579959869384766
233978,normal,3117,1,1782361359.5579984,0.002142190933227539
233979,normal,2240,0,1782361359.5599978,0.001999378204345703
233980,normal,375,0,1782361359.5618308,0.0018329620361328125
233981,normal,1756,0,1782361359.56399,0.0021593570709228516
233982,normal,1327,1,1782361359.5659993,0.002009153366088867
233983,normal,1509,0,1782361359.5678546,0.0018553733825683594
233984,normal,2979,0,1782361359.570035,0.002180337905883789
233985,normal,2246,0,1782361359.572008,0.0019729137420654297
233986,normal,3407,0,1782361359.5738487,0.001840829849243164
233987,normal,872,2,1782361359.5760062,0.002157449722290039
233988,normal,2212,0,1782361359.5780077,0.002001523971557617
233989,normal,2093,0,1782361359.579854,0.0018463134765625
233990,normal,790,2,1782361359.5820005,0.002146482467651367
233991,normal,952,2,1782361359.5840018,0.0020012855529785156
233992,normal,44,0,1782361359.5858555,0.0018537044525146484
233993,normal,1825,0,1782361359.5880017,0.0021462440490722656
233994,normal,15,0,1782361359.5900025,0.0020008087158203125
233995,normal,700,0,1782361359.5918598,0.0018572807312011719
233996,normal,1212,0,1782361359.594007,0.002147197723388672
233997,normal,3195,1,1782361359.5959992,0.0019922256469726562
233998,normal,846,2,1782361359.5978558,0.0018565654754638672
233999,normal,1146,0,1782361359.6000013,0.002145528793334961
234000,normal,1677,0,1782361359.6020036,0.002002239227294922
234001,normal,415,0,1782361359.6038654,0.0018618106842041016
234002,normal,2004,0,1782361359.6058276,0.0019621849060058594
234003,normal,1046,0,1782361359.6078007,0.0019731521606445312
234004,normal,652,0,1782361359.6097822,0.001981496810913086
234005,normal,1293,0,1782361359.6117852,0.0020029544830322266
234006,normal,2733,0,1782361359.6138308,0.0020456314086914062
234007,normal,1294,0,1782361359.615982,0.0021512508392333984
234008,normal,3174,1,1782361359.617832,0.0018498897552490234
234009,normal,2425,0,1782361359.6199841,0.0021522045135498047
234010,normal,1972,0,1782361359.6218328,0.0018486976623535156
234011,normal,2109,0,1782361359.6239843,0.0021514892578125
234012,normal,452,0,1782361359.6259859,0.002001523971557617
234013,normal,2360,0,1782361359.6278362,0.0018503665924072266
234014,normal,597,0,1782361359.6299858,0.0021495819091796875
234015,normal,3064,1,1782361359.6319907,0.002004861831665039
234016,normal,1063,0,1782361359.6338336,0.0018429756164550781
234017,normal,1114,0,1782361359.6359835,0.002149820327758789
234018,normal,3155,1,1782361359.637986,0.0020024776458740234
234019,normal,2378,0,1782361359.6398337,0.0018477439880371094
234020,normal,3645,0,1782361359.6419857,0.002151966094970703
234021,normal,3580,0,1782361359.6439838,0.0019981861114501953
234022,normal,2973,0,1782361359.6458313,0.0018475055694580078
234023,normal,1013,2,1782361359.647983,0.0021517276763916016
234024,normal,518,0,1782361359.649989,0.0020058155059814453
234025,normal,3116,1,1782361359.651845,0.001856088638305664
234026,normal,848,2,1782361359.653832,0.001986980438232422
234027,normal,2372,0,1782361359.6559732,0.002141237258911133
234028,normal,173,0,1782361359.6578443,0.0018711090087890625
234029,normal,1612,0,1782361359.660013,0.0021686553955078125
234030,normal,3162,1,1782361359.6619878,0.001974821090698242
234031,normal,3503,0,1782361359.6638317,0.0018439292907714844
234032,normal,2928,0,1782361359.6659858,0.002154111862182617
234033,normal,3400,1,1782361359.6679878,0.0020020008087158203
234034,normal,1461,0,1782361359.6698384,0.0018506050109863281
234035,normal,2175,0,1782361359.6719964,0.002157926559448242
234036,normal,1980,0,1782361359.6739824,0.0019860267639160156
234037,normal,1118,0,1782361359.6758337,0.0018513202667236328
234038,normal,2522,0,1782361359.6780396,0.0022058486938476562
234039,normal,1091,0,1782361359.679987,0.0019474029541015625
234040,normal,527,0,1782361359.6818347,0.0018477439880371094
234041,normal,1213,0,1782361359.6840405,0.0022058486938476562
234042,normal,3130,1,1782361359.686023,0.001982450485229492
234043,normal,2642,0,1782361359.6878328,0.001809835433959961
234044,normal,1149,0,1782361359.6900463,0.0022134780883789062
234045,normal,1137,0,1782361359.6919923,0.0019459724426269531
234046,normal,2035,0,1782361359.6938355,0.0018432140350341797
234047,normal,1943,0,1782361359.6960323,0.002196788787841797
234048,normal,1183,0,1782361359.6979926,0.001960277557373047
234049,normal,3104,1,1782361359.6998334,0.001840829849243164
234050,normal,1332,1,1782361359.7020488,0.0022153854370117188
234051,normal,3704,0,1782361359.703982,0.0019333362579345703
234052,normal,937,2,1782361359.705833,0.0018508434295654297
234053,normal,3603,0,1782361359.707985,0.002151966094970703
234054,normal,477,0,1782361359.7099876,0.002002716064453125
234055,normal,2290,0,1782361359.711834,0.0018463134765625
234056,normal,361,0,1782361359.713987,0.002153158187866211
234057,normal,1062,0,1782361359.7159812,0.0019941329956054688
234058,normal,1477,0,1782361359.7178328,0.0018515586853027344
234059,normal,423,0,1782361359.7199843,0.0021514892578125
234060,normal,1569,0,1782361359.7219796,0.0019953250885009766
234061,normal,434,0,1782361359.7238326,0.0018529891967773438
234062,normal,917,2,1782361359.726059,0.0022263526916503906
234063,normal,3159,1,1782361359.727986,0.0019271373748779297
234064,normal,1142,0,1782361359.7298315,0.0018453598022460938
234065,normal,900,2,1782361359.731984,0.0021524429321289062
234066,normal,2966,0,1782361359.7339864,0.0020024776458740234
234067,normal,2233,0,1782361359.7358313,0.0018448829650878906
234068,normal,3690,0,1782361359.7379854,0.002154111862182617
234069,normal,126,0,1782361359.7399814,0.0019960403442382812
234070,normal,971,2,1782361359.7418315,0.001850128173828125
234071,normal,3430,0,1782361359.7439845,0.0021529197692871094
234072,normal,2383,0,1782361359.7459872,0.002002716064453125
234073,normal,215,0,1782361359.7478306,0.0018434524536132812
234074,normal,3602,0,1782361359.749991,0.002160310745239258
234075,normal,1315,0,1782361359.7519796,0.001988649368286133
234076,normal,3393,1,1782361359.753831,0.0018513202667236328
234077,normal,1945,0,1782361359.7560701,0.002239227294921875
234078,normal,2997,0,1782361359.7579868,0.001916646957397461
234079,normal,259,0,1782361359.7598312,0.0018444061279296875
234080,normal,3340,1,1782361359.762075,0.0022437572479248047
234081,normal,3696,0,1782361359.7639806,0.001905679702758789
234082,normal,2148,0,1782361359.7658312,0.0018506050109863281
234083,normal,1690,0,1782361359.7680147,0.0021834373474121094
234084,normal,701,0,1782361359.7699802,0.0019655227661132812
234085,normal,1796,0,1782361359.771831,0.0018508434295654297
234086,normal,3187,1,1782361359.773981,0.0021500587463378906
234087,normal,3260,1,1782361359.7759964,0.002015352249145508
234088,normal,2151,0,1782361359.7778323,0.0018358230590820312
234089,normal,148,0,1782361359.779986,0.002153635025024414
234090,normal,2310,0,1782361359.7819817,0.0019958019256591797
234091,normal,2370,0,1782361359.7838302,0.001848459243774414
234092,normal,1582,0,1782361359.7860363,0.002206087112426758
234093,normal,1541,0,1782361359.7879908,0.0019545555114746094
234094,normal,2850,0,1782361359.7898314,0.0018405914306640625
234095,normal,3659,0,1782361359.791982,0.0021505355834960938
234096,normal,1842,0,1782361359.7939763,0.0019943714141845703
234097,normal,1419,0,1782361359.7958324,0.001856088638305664
234098,normal,24,0,1782361359.7979898,0.002157449722290039
234099,normal,2648,0,1782361359.7999825,0.0019927024841308594
234100,normal,2120,0,1782361359.801831,0.001848459243774414
234101,normal,584,0,1782361359.8039818,0.0021507740020751953
234102,normal,550,0,1782361359.805984,0.002002239227294922
234103,normal,1411,0,1782361359.8078313,0.0018472671508789062
234104,normal,3068,1,1782361359.809985,0.002153635025024414
234105,normal,1122,0,1782361359.8119845,0.0019996166229248047
234106,normal,339,0,1782361359.813831,0.0018465518951416016
234107,normal,817,2,1782361359.8159988,0.0021677017211914062
234108,normal,2210,0,1782361359.8179834,0.0019845962524414062
234109,normal,382,0,1782361359.819838,0.0018546581268310547
234110,normal,1979,0,1782361359.8219867,0.0021486282348632812
234111,normal,1835,0,1782361359.8239884,0.0020017623901367188
234112,normal,1691,0,1782361359.825837,0.001848459243774414
234113,normal,1560,0,1782361359.8278391,0.002002239227294922
234114,normal,1836,0,1782361359.8299801,0.0021409988403320312
234115,normal,1705,0,1782361359.831833,0.0018527507781982422
234116,normal,1441,0,1782361359.834007,0.0021741390228271484
234117,normal,851,2,1782361359.8359854,0.0019783973693847656
234118,normal,3072,1,1782361359.837831,0.0018455982208251953
234119,normal,2521,0,1782361359.839995,0.0021638870239257812
234120,normal,2854,0,1782361359.8419878,0.001992940902709961
234121,normal,1658,0,1782361359.8438323,0.0018444061279296875
234122,normal,1760,0,1782361359.8460119,0.0021796226501464844
234123,normal,2188,0,1782361359.8479855,0.0019736289978027344
234124,normal,1243,0,1782361359.8498333,0.0018477439880371094
234125,normal,3564,0,1782361359.851985,0.0021517276763916016
234126,normal,2561,0,1782361359.8539858,0.0020008087158203125
234127,normal,2291,0,1782361359.8558297,0.0018439292907714844
234128,normal,2562,0,1782361359.8579855,0.002155780792236328
234129,normal,2204,0,1782361359.8599837,0.0019981861114501953
234130,normal,1265,0,1782361359.8618317,0.001847982406616211
234131,normal,3288,1,1782361359.8639839,0.0021522045135498047
234132,normal,2450,0,1782361359.8659914,0.0020074844360351562
234133,normal,1426,0,1782361359.867832,0.0018405914306640625
234134,normal,3242,1,1782361359.8699853,0.0021533966064453125
234135,normal,1279,0,1782361359.8719838,0.001998424530029297
234136,normal,636,0,1782361359.8738325,0.0018486976623535156
234137,normal,3368,1,1782361359.876023,0.0021905899047851562
234138,normal,604,0,1782361359.877985,0.001961946487426758
234139,normal,1609,0,1782361359.8798318,0.0018467903137207031
234140,normal,1346,1,1782361359.8819854,0.002153635025024414
234141,normal,2692,0,1782361359.8839874,0.0020020008087158203
234142,normal,1938,0,1782361359.8858325,0.0018451213836669922
234143,normal,656,0,1782361359.8880281,0.002195596694946289
234144,normal,551,0,1782361359.8899815,0.0019533634185791016
234145,normal,1055,0,1782361359.8918324,0.0018508434295654297
234146,normal,1977,0,1782361359.8940296,0.002197265625
234147,normal,3287,1,1782361359.8959932,0.0019636154174804688
234148,normal,3488,0,1782361359.8978302,0.001837015151977539
234149,normal,2463,0,1782361359.8999813,0.002151012420654297
234150,normal,2238,0,1782361359.9019856,0.002004384994506836
234151,normal,1503,0,1782361359.90383,0.0018444061279296875
234152,normal,750,0,1782361359.906037,0.002207040786743164
234153,normal,3283,1,1782361359.9079816,0.0019445419311523438
234154,normal,2268,0,1782361359.9098322,0.0018506050109863281
234155,normal,228,0,1782361359.9120378,0.0022056102752685547
234156,normal,169,0,1782361359.9139864,0.0019485950469970703
234157,normal,2439,0,1782361359.9158328,0.0018463134765625
234158,normal,1959,0,1782361359.9179845,0.0021517276763916016
234159,normal,107,0,1782361359.9199917,0.0020072460174560547
234160,normal,2872,0,1782361359.9218318,0.0018401145935058594
234161,normal,845,2,1782361359.9240432,0.002211332321166992
234162,normal,2530,0,1782361359.9259796,0.0019364356994628906
234163,normal,2081,0,1782361359.927831,0.0018513202667236328
234164,normal,1827,0,1782361359.9300451,0.002214193344116211
234165,normal,853,2,1782361359.9319863,0.0019412040710449219
234166,normal,2971,0,1782361359.9338317,0.0018453598022460938
234167,normal,2794,0,1782361359.9359844,0.002152681350708008
234168,normal,127,0,1782361359.9379873,0.0020029544830322266
234169,normal,1619,0,1782361359.9398293,0.0018420219421386719
234170,normal,1032,0,1782361359.9420512,0.002221822738647461
234171,normal,3666,0,1782361359.9439864,0.0019352436065673828
234172,normal,1439,0,1782361359.945831,0.001844644546508789
234173,normal,2771,0,1782361359.947976,0.002145051956176758
234174,normal,3203,1,1782361359.9498498,0.0018737316131591797
234175,normal,2460,0,1782361359.951897,0.0020470619201660156
234176,normal,2728,0,1782361359.9540188,0.0021219253540039062
234177,normal,3589,0,1782361359.9559894,0.001970529556274414
234178,normal,2808,0,1782361359.9578335,0.001844167709350586
234179,normal,2323,0,1782361359.9600556,0.0022220611572265625
234180,normal,3670,0,1782361359.9619954,0.0019397735595703125
234181,normal,8,0,1782361359.963831,0.0018355846405029297
234182,normal,2507,0,1782361359.9660585,0.0022275447845458984
234183,normal,3547,0,1782361359.9679866,0.001928091049194336
234184,normal,2166,0,1782361359.9698315,0.0018448829650878906
234185,normal,1101,0,1782361359.972065,0.0022335052490234375
234186,normal,3435,0,1782361359.9739864,0.0019214153289794922
234187,normal,489,0,1782361359.9758317,0.0018453598022460938
234188,normal,1221,0,1782361359.9780633,0.002231597900390625
234189,normal,2609,0,1782361359.9799876,0.001924276351928711
234190,normal,2871,0,1782361359.9818335,0.0018458366394042969
234191,normal,118,0,1782361359.9840698,0.0022363662719726562
234192,normal,1043,0,1782361359.9859881,0.0019183158874511719
234193,normal,286,0,1782361359.9878292,0.0018410682678222656
234194,normal,1753,0,1782361359.9900699,0.0022406578063964844
234195,normal,1479,0,1782361359.9919958,0.0019259452819824219
234196,normal,416,0,1782361359.9938388,0.0018429756164550781
234197,normal,1986,0,1782361359.9958327,0.001993894577026367
234198,normal,3621,0,1782361359.9979877,0.0021550655364990234
234199,normal,2924,0,1782361359.999834,0.0018463134765625
234200,normal,2961,0,1782361360.0019965,0.002162456512451172
234201,normal,2833,0,1782361360.003985,0.0019884109497070312
234202,normal,1729,0,1782361360.0058324,0.0018475055694580078
234203,normal,1610,0,1782361360.0079806,0.002148151397705078
234204,normal,354,0,1782361360.0099854,0.002004861831665039
234205,normal,2513,0,1782361360.0118327,0.0018472671508789062
234206,normal,2777,0,1782361360.0139806,0.0021479129791259766
234207,normal,3467,0,1782361360.0159876,0.002007007598876953
234208,normal,3415,0,1782361360.0178323,0.001844644546508789
234209,normal,2740,0,1782361360.019986,0.002153635025024414
234210,normal,2620,0,1782361360.0220015,0.0020155906677246094
234211,normal,1201,0,1782361360.0238316,0.0018301010131835938
234212,normal,3536,0,1782361360.0259914,0.0021598339080810547
234213,normal,2331,0,1782361360.0279856,0.0019941329956054688
234214,normal,3076,1,1782361360.0298367,0.0018510818481445312
234215,normal,763,0,1782361360.0319924,0.002155780792236328
234216,normal,593,0,1782361360.033987,0.001994609832763672
234217,normal,2999,0,1782361360.035833,0.0018458366394042969
234218,normal,3513,0,1782361360.0379882,0.002155303955078125
234219,normal,1370,1,1782361360.039989,0.0020008087158203125
234220,normal,2055,0,1782361360.0418336,0.001844644546508789
234221,normal,1845,0,1782361360.0439892,0.0021555423736572266
234222,normal,1527,0,1782361360.0459874,0.0019981861114501953
234223,normal,2638,0,1782361360.0478325,0.0018451213836669922
234224,normal,943,2,1782361360.0499852,0.002152681350708008
234225,normal,1303,0,1782361360.0519888,0.0020036697387695312
234226,normal,1893,0,1782361360.0538332,0.0018444061279296875
234227,normal,2317,0,1782361360.0559866,0.0021533966064453125
234228,normal,3336,1,1782361360.057988,0.0020012855529785156
234229,normal,2705,0,1782361360.0598319,0.0018439292907714844
234230,normal,3565,0,1782361360.0620053,0.0021734237670898438
234231,normal,1394,0,1782361360.063989,0.001983642578125
234232,normal,1463,0,1782361360.0658329,0.0018439292907714844
234233,normal,2146,0,1782361360.0679862,0.0021533966064453125
234234,normal,1695,0,1782361360.0699875,0.0020012855529785156
234235,normal,1253,0,1782361360.0718331,0.0018455982208251953
234236,normal,1298,0,1782361360.0739934,0.002160310745239258
234237,normal,2856,0,1782361360.0759902,0.001996755599975586
234238,normal,3040,0,1782361360.0779345,0.0019443035125732422
234239,normal,2570,0,1782361360.079835,0.0019004344940185547
234240,normal,2054,0,1782361360.0819895,0.0021545886993408203
234241,normal,1872,0,1782361360.0838373,0.0018477439880371094
234242,normal,2357,0,1782361360.0859919,0.0021545886993408203
234243,normal,3341,1,1782361360.087988,0.0019960403442382812
234244,normal,2449,0,1782361360.0898337,0.0018458366394042969
234245,normal,1184,0,1782361360.0920172,0.0021834373474121094
234246,normal,2452,0,1782361360.0939875,0.0019702911376953125
234247,normal,3679,0,1782361360.0958364,0.0018489360809326172
234248,normal,1143,0,1782361360.0980098,0.0021734237670898438
234249,normal,2039,0,1782361360.1000035,0.0019936561584472656
234250,normal,2089,0,1782361360.1018353,0.0018317699432373047
234251,normal,3432,0,1782361360.1040008,0.002165555953979492
234252,normal,376,0,1782361360.105988,0.0019872188568115234
234253,normal,645,0,1782361360.1078746,0.001886606216430664
234254,normal,1921,0,1782361360.1099937,0.0021190643310546875
234255,normal,3424,0,1782361360.1119893,0.001995563507080078
234256,normal,3272,1,1782361360.1138332,0.0018439292907714844
234257,normal,1910,0,1782361360.115987,0.0021538734436035156
234258,normal,3667,0,1782361360.1179867,0.0019996166229248047
234259,normal,2314,0,1782361360.119832,0.0018453598022460938
234260,normal,934,2,1782361360.1219866,0.0021545886993408203
234261,normal,2252,0,1782361360.1239877,0.002001047134399414
234262,normal,1540,0,1782361360.1258316,0.0018439292907714844
234263,normal,2441,0,1782361360.1282003,0.0023686885833740234
234264,normal,1851,0,1782361360.1299996,0.0017993450164794922
234265,normal,1529,0,1782361360.131836,0.0018362998962402344
234266,normal,2304,0,1782361360.134032,0.002196073532104492
234267,normal,1192,0,1782361360.1359816,0.0019495487213134766
234268,normal,1397,0,1782361360.1378317,0.001850128173828125
234269,normal,1287,0,1782361360.1400363,0.0022046566009521484
234270,normal,2363,0,1782361360.1419907,0.001954317092895508
234271,normal,288,0,1782361360.1438336,0.0018429756164550781
234272,normal,3317,1,1782361360.146053,0.0022194385528564453
234273,normal,504,0,1782361360.1479907,0.0019376277923583984
234274,normal,1588,0,1782361360.1498475,0.0018568038940429688
234275,normal,1640,0,1782361360.1520498,0.002202272415161133
234276,normal,1897,0,1782361360.1539934,0.0019435882568359375
234277,normal,1685,0,1782361360.1558316,0.0018382072448730469
234278,normal,553,0,1782361360.1580427,0.0022110939025878906
234279,normal,406,0,1782361360.1599884,0.0019457340240478516
234280,normal,1286,0,1782361360.1618338,0.0018453598022460938
234281,normal,81,0,1782361360.1640441,0.002210378646850586
234282,normal,2839,0,1782361360.1659942,0.0019500255584716797
234283,normal,503,0,1782361360.1678352,0.0018410682678222656
234284,normal,1132,0,1782361360.1700466,0.002211332321166992
234285,normal,2780,0,1782361360.1719885,0.0019419193267822266
234286,normal,2013,0,1782361360.173835,0.0018465518951416016
234287,normal,2335,0,1782361360.1759882,0.002153158187866211
234288,normal,720,0,1782361360.177996,0.002007722854614258
234289,normal,2080,0,1782361360.179832,0.0018360614776611328
234290,normal,1362,1,1782361360.1820536,0.0022215843200683594
234291,normal,3356,1,1782361360.1839817,0.001928091049194336
234292,normal,3399,1,1782361360.1858332,0.0018515586853027344
234293,normal,3023,0,1782361360.188056,0.002222776412963867
234294,normal,931,2,1782361360.1899908,0.0019347667694091797
234295,normal,836,2,1782361360.1918335,0.0018427371978759766
234296,normal,2198,0,1782361360.194057,0.002223491668701172
234297,normal,755,0,1782361360.1959975,0.0019404888153076172
234298,normal,0,0,1782361360.1978335,0.0018360614776611328
234299,normal,1594,0,1782361360.2000587,0.002225160598754883
234300,normal,1496,0,1782361360.2020001,0.0019414424896240234
234301,normal,485,0,1782361360.203832,0.0018317699432373047
234302,normal,3168,1,1782361360.2060618,0.002229928970336914
234303,normal,1371,1,1782361360.208011,0.0019490718841552734
234304,normal,1683,0,1782361360.2099073,0.0018963813781738281
234305,normal,2721,0,1782361360.2120972,0.0021898746490478516
234306,normal,2446,0,1782361360.213991,0.001893758773803711
234307,normal,1663,0,1782361360.2158353,0.0018444061279296875
234308,normal,686,0,1782361360.2180736,0.0022382736206054688
234309,normal,1430,0,1782361360.2199888,0.0019152164459228516
234310,normal,1367,1,1782361360.2218606,0.0018718242645263672
234311,normal,779,2,1782361360.2240915,0.0022308826446533203
234312,normal,2114,0,1782361360.2259874,0.001895904541015625
234313,normal,2227,0,1782361360.2278645,0.0018770694732666016
234314,normal,1295,0,1782361360.230071,0.002206563949584961
234315,normal,2221,0,1782361360.2319896,0.0019185543060302734
234316,normal,1942,0,1782361360.2338636,0.0018739700317382812
234317,normal,2673,0,1782361360.236073,0.0022094249725341797
234318,normal,1571,0,1782361360.2379892,0.0019161701202392578
234319,normal,877,2,1782361360.23983,0.001840829849243164
234320,normal,1826,0,1782361360.2420623,0.0022323131561279297
234321,normal,1389,0,1782361360.2439878,0.0019254684448242188
234322,normal,3183,1,1782361360.2458332,0.0018453598022460938
234323,normal,1759,0,1782361360.2479856,0.0021524429321289062
234324,normal,1223,0,1782361360.2499828,0.001997232437133789
234325,normal,3378,1,1782361360.2518342,0.0018513202667236328
234326,normal,1788,0,1782361360.2540824,0.0022482872009277344
234327,normal,2576,0,1782361360.2560012,0.001918792724609375
234328,normal,1888,0,1782361360.2578347,0.0018334388732910156
234329,normal,2897,0,1782361360.259988,0.0021533966064453125
234330,normal,1057,0,1782361360.2619915,0.0020034313201904297
234331,normal,2294,0,1782361360.2638528,0.0018613338470458984
234332,normal,1459,0,1782361360.2659864,0.002133607864379883
234333,normal,2810,0,1782361360.2679853,0.0019989013671875
234334,normal,1939,0,1782361360.2698328,0.0018475055694580078
234335,normal,835,2,1782361360.271993,0.0021600723266601562
234336,normal,2337,0,1782361360.2739866,0.0019936561584472656
234337,normal,2933,0,1782361360.2758322,0.0018455982208251953
234338,normal,2118,0,1782361360.2779863,0.002154111862182617
234339,normal,2618,0,1782361360.2799869,0.002000570297241211
234340,normal,868,2,1782361360.2818346,0.0018477439880371094
234341,normal,1060,0,1782361360.2839975,0.002162933349609375
234342,normal,3339,1,1782361360.2859893,0.001991748809814453
234343,normal,2646,0,1782361360.2878313,0.0018420219421386719
234344,normal,1484,0,1782361360.289985,0.002153635025024414
234345,normal,1877,0,1782361360.2919884,0.0020034313201904297
234346,normal,1261,0,1782361360.2938378,0.0018494129180908203
234347,normal,1464,0,1782361360.2959938,0.0021560192108154297
234348,normal,2951,0,1782361360.2979941,0.0020003318786621094
234349,normal,3000,0,1782361360.2998316,0.0018374919891357422
234350,normal,825,2,1782361360.3020039,0.002172231674194336
234351,normal,1432,0,1782361360.3039885,0.0019845962524414062
234352,normal,1494,0,1782361360.3058329,0.0018444061279296875
234353,normal,3301,1,1782361360.3079834,0.0021505355834960938
234354,normal,2324,0,1782361360.30999,0.00200653076171875
234355,normal,2200,0,1782361360.3118305,0.0018405914306640625
234356,normal,299,0,1782361360.3139837,0.002153158187866211
234357,normal,3229,1,1782361360.315988,0.002004384994506836
234358,normal,3190,1,1782361360.317832,0.0018439292907714844
234359,normal,1625,0,1782361360.3200092,0.0021772384643554688
234360,normal,183,0,1782361360.3219855,0.0019762516021728516
234361,normal,1544,0,1782361360.3238318,0.0018463134765625
234362,normal,2923,0,1782361360.3259847,0.0021529197692871094
234363,normal,3563,0,1782361360.327984,0.001999378204345703
234364,normal,760,0,1782361360.3298373,0.0018532276153564453
234365,normal,1654,0,1782361360.3320146,0.0021772384643554688
234366,normal,2629,0,1782361360.3339925,0.0019779205322265625
234367,normal,216,0,1782361360.3358393,0.0018467903137207031
234368,normal,1452,0,1782361360.3380163,0.002177000045776367
234369,normal,2861,0,1782361360.339987,0.0019707679748535156
234370,normal,1803,0,1782361360.341834,0.0018470287322998047
234371,normal,2862,0,1782361360.3440192,0.0021851062774658203
234372,normal,3141,1,1782361360.3459878,0.0019686222076416016
234373,normal,1354,1,1782361360.3478246,0.0018367767333984375
234374,normal,1724,0,1782361360.3498247,0.002000093460083008
234375,normal,728,0,1782361360.3520162,0.0021915435791015625
234376,normal,976,2,1782361360.3538883,0.0018720626831054688
234377,normal,3094,1,1782361360.3559885,0.002100229263305664
234378,normal,1853,0,1782361360.3579943,0.0020058155059814453
234379,normal,2060,0,1782361360.3598692,0.0018749237060546875
234380,normal,2225,0,1782361360.3619955,0.0021262168884277344
234381,normal,1205,0,1782361360.3639941,0.0019986629486083984
234382,normal,2127,0,1782361360.3658426,0.001848459243774414
234383,normal,3105,1,1782361360.3680017,0.00215911865234375
234384,normal,2791,0,1782361360.3700035,0.0020017623901367188
234385,normal,2785,0,1782361360.371863,0.001859426498413086
234386,normal,2681,0,1782361360.3740091,0.0021462440490722656
234387,normal,448,0,1782361360.3760176,0.0020084381103515625
234388,normal,792,2,1782361360.3778365,0.0018188953399658203
234389,normal,1670,0,1782361360.3799963,0.0021598339080810547
234390,normal,2211,0,1782361360.3820007,0.002004384994506836
234391,normal,2003,0,1782361360.383845,0.0018444061279296875
234392,normal,499,0,1782361360.3859973,0.0021522045135498047
234393,normal,59,0,1782361360.3880043,0.002007007598876953
234394,normal,522,0,1782361360.3898687,0.0018644332885742188
234395,normal,1420,0,1782361360.3919933,0.0021245479583740234
234396,normal,1902,0,1782361360.3940074,0.00201416015625
234397,normal,921,2,1782361360.3958538,0.0018463134765625
234398,normal,3178,1,1782361360.3979945,0.0021407604217529297
234399,normal,888,2,1782361360.400005,0.0020105838775634766
234400,normal,1833,0,1782361360.401838,0.0018329620361328125
234401,normal,2661,0,1782361360.404053,0.0022149085998535156
234402,normal,3051,1,1782361360.4060037,0.0019507408142089844
234403,normal,2847,0,1782361360.4078364,0.001832723617553711
234404,normal,1784,0,1782361360.4099998,0.002163410186767578
234405,normal,2519,0,1782361360.412011,0.0020110607147216797
234406,normal,2651,0,1782361360.4138377,0.0018267631530761719
234407,normal,3661,0,1782361360.4160123,0.0021746158599853516
234408,normal,431,0,1782361360.4180236,0.0020112991333007812
234409,normal,2775,0,1782361360.4198384,0.0018148422241210938
234410,normal,1616,0,1782361360.4220088,0.0021703243255615234
234411,normal,2608,0,1782361360.4240031,0.0019943714141845703
234412,normal,3118,1,1782361360.425838,0.001834869384765625
234413,normal,1255,0,1782361360.4280167,0.002178668975830078
234414,normal,1125,0,1782361360.4300127,0.0019960403442382812
234415,normal,36,0,1782361360.4318533,0.0018405914306640625
234416,normal,3097,1,1782361360.4339964,0.0021431446075439453
234417,normal,796,2,1782361360.4360166,0.002020120620727539
234418,normal,618,0,1782361360.4378386,0.0018219947814941406
234419,normal,2104,0,1782361360.4399962,0.0021576881408691406
234420,normal,2207,0,1782361360.4420016,0.002005338668823242
234421,normal,905,2,1782361360.4438457,0.001844167709350586
234422,normal,1239,0,1782361360.4459999,0.002154111862182617
234423,normal,436,0,1782361360.4480033,0.0020034313201904297
234424,normal,220,0,1782361360.4498384,0.0018351078033447266
234425,normal,1723,0,1782361360.4520476,0.002209186553955078
234426,normal,3281,1,1782361360.4540079,0.001960277557373047
234427,normal,653,0,1782361360.4558542,0.0018463134765625
234428,normal,1881,0,1782361360.4580038,0.0021495819091796875
234429,normal,240,0,1782361360.4599946,0.001990795135498047
234430,normal,1713,0,1782361360.461862,0.001867532730102539
234431,normal,2098,0,1782361360.4640234,0.002161264419555664
234432,normal,327,0,1782361360.466031,0.002007722854614258
234433,normal,1768,0,1782361360.4678378,0.0018067359924316406
234434,normal,1193,0,1782361360.4699938,0.0021560192108154297
234435,normal,2509,0,1782361360.4719949,0.002001047134399414
234436,normal,1344,1,1782361360.4738371,0.0018422603607177734
234437,normal,498,0,1782361360.4759943,0.0021572113037109375
234438,normal,2738,0,1782361360.4779994,0.0020051002502441406
234439,normal,1284,0,1782361360.4798377,0.0018382072448730469
234440,normal,2244,0,1782361360.4820101,0.0021724700927734375
234441,normal,984,2,1782361360.4839926,0.001982450485229492
234442,normal,3516,0,1782361360.4858654,0.0018727779388427734
234443,normal,99,0,1782361360.4879923,0.002126932144165039
234444,normal,48,0,1782361360.4899979,0.0020055770874023438
234445,normal,3689,0,1782361360.4918349,0.001837015151977539
234446,normal,3199,1,1782361360.4940102,0.0021753311157226562
234447,normal,2726,0,1782361360.4959927,0.001982450485229492
234448,normal,219,0,1782361360.4978452,0.0018525123596191406
234449,normal,2271,0,1782361360.5000038,0.002158641815185547
234450,normal,2063,0,1782361360.502002,0.0019981861114501953
234451,normal,3534,0,1782361360.503843,0.0018410682678222656
234452,normal,2107,0,1782361360.5059931,0.0021500587463378906
234453,normal,2412,0,1782361360.5079951,0.0020020008087158203
234454,normal,2817,0,1782361360.5098562,0.0018610954284667969
234455,normal,3457,0,1782361360.5119934,0.0021371841430664062
234456,normal,3275,1,1782361360.5139952,0.0020017623901367188
234457,normal,3588,0,1782361360.515852,0.0018568038940429688
234458,normal,3175,1,1782361360.518004,0.002151966094970703
234459,normal,2870,0,1782361360.5199938,0.0019898414611816406
234460,normal,1262,0,1782361360.5218601,0.0018663406372070312
234461,normal,1338,1,1782361360.5239913,0.002131223678588867
234462,normal,86,0,1782361360.525992,0.002000570297241211
234463,normal,1181,0,1782361360.527837,0.0018451213836669922
234464,normal,2,0,1782361360.5299988,0.002161741256713867
234465,normal,2845,0,1782361360.5319917,0.001992940902709961
234466,normal,2078,0,1782361360.5338378,0.0018460750579833984
234467,normal,632,0,1782361360.5359926,0.002154827117919922
234468,normal,2009,0,1782361360.5379918,0.0019991397857666016
234469,normal,743,0,1782361360.539837,0.0018451213836669922
234470,normal,1642,0,1782361360.542007,0.002170085906982422
234471,normal,2457,0,1782361360.5441432,0.00213623046875
234472,normal,3636,0,1782361360.5458357,0.0016925334930419922
234473,normal,555,0,1782361360.548042,0.0022063255310058594
234474,normal,3357,1,1782361360.550014,0.0019719600677490234
234475,normal,570,0,1782361360.5518403,0.0018262863159179688
234476,normal,812,2,1782361360.553991,0.0021507740020751953
234477,normal,1321,1,1782361360.555992,0.0020008087158203125
234478,normal,1007,2,1782361360.5578356,0.0018436908721923828
234479,normal,2032,0,1782361360.5600178,0.0021822452545166016
234480,normal,2907,0,1782361360.5619926,0.001974821090698242
234481,normal,3013,0,1782361360.5638356,0.0018429756164550781
234482,normal,902,2,1782361360.5660052,0.0021696090698242188
234483,normal,3066,1,1782361360.5680056,0.0020003318786621094
234484,normal,154,0,1782361360.5698345,0.001828908920288086
234485,normal,1065,0,1782361360.571991,0.002156496047973633
234486,normal,2599,0,1782361360.573993,0.0020020008087158203
234487,normal,855,2,1782361360.5758355,0.001842498779296875
234488,normal,2059,0,1782361360.5779965,0.0021610260009765625
234489,normal,1468,0,1782361360.580005,0.0020084381103515625
234490,normal,3626,0,1782361360.5818367,0.0018317699432373047
234491,normal,2413,0,1782361360.5839977,0.0021610260009765625
234492,normal,250,0,1782361360.5859947,0.0019969940185546875
234493,normal,2176,0,1782361360.5878336,0.0018389225006103516
234494,normal,631,0,1782361360.5900292,0.002195596694946289
234495,normal,3070,1,1782361360.5920115,0.0019822120666503906
234496,normal,918,2,1782361360.5938363,0.0018248558044433594
234497,normal,1029,2,1782361360.596031,0.002194643020629883
234498,normal,1732,0,1782361360.5979977,0.001966714859008789
234499,normal,3321,1,1782361360.5998342,0.001836538314819336
234500,normal,1522,0,1782361360.6020374,0.002203226089477539
234501,normal,1566,0,1782361360.6039915,0.0019540786743164062
234502,normal,244,0,1782361360.6058338,0.0018422603607177734
234503,normal,3198,1,1782361360.607994,0.002160310745239258
234504,normal,296,0,1782361360.6099946,0.002000570297241211
234505,normal,2578,0,1782361360.6118567,0.0018620491027832031
234506,normal,891,2,1782361360.6140003,0.0021436214447021484
234507,normal,2079,0,1782361360.6159897,0.0019893646240234375
234508,normal,1310,0,1782361360.6178334,0.0018436908721923828
234509,normal,685,0,1782361360.6199884,0.0021550655364990234
234510,normal,2811,0,1782361360.621993,0.0020046234130859375
234511,normal,1909,0,1782361360.6238613,0.0018682479858398438
234512,normal,3677,0,1782361360.6259947,0.0021333694458007812
234513,normal,3200,1,1782361360.62799,0.0019953250885009766
234514,normal,513,0,1782361360.629835,0.0018448829650878906
234515,normal,1996,0,1782361360.6319895,0.0021545886993408203
234516,normal,2385,0,1782361360.633991,0.002001523971557617
234517,normal,1543,0,1782361360.6358333,0.0018422603607177734
234518,normal,1809,0,1782361360.6379924,0.00215911865234375
234519,normal,1097,0,1782361360.6399937,0.0020012855529785156
234520,normal,277,0,1782361360.6418374,0.0018436908721923828
234521,normal,1194,0,1782361360.6440492,0.0022118091583251953
234522,normal,2404,0,1782361360.645999,0.0019497871398925781
234523,normal,2248,0,1782361360.6478348,0.0018358230590820312
234524,normal,3233,1,1782361360.6499927,0.002157926559448242
234525,normal,1504,0,1782361360.651991,0.0019981861114501953
234526,normal,727,0,1782361360.6538355,0.001844644546508789
234527,normal,983,2,1782361360.6559894,0.0021538734436035156
234528,normal,2835,0,1782361360.657991,0.002001523971557617
234529,normal,3535,0,1782361360.6598475,0.0018565654754638672
234530,normal,3258,1,1782361360.6619954,0.0021479129791259766
234531,normal,2529,0,1782361360.6639898,0.0019943714141845703
234532,normal,3585,0,1782361360.6658363,0.0018465518951416016
234533,normal,1719,0,1782361360.6680596,0.0022232532501220703
234534,normal,2073,0,1782361360.6699967,0.0019371509552001953
234535,normal,280,0,1782361360.671853,0.0018563270568847656
234536,normal,1681,0,1782361360.6740644,0.002211332321166992
234537,normal,3518,0,1782361360.6759899,0.0019254684448242188
234538,normal,1542,0,1782361360.6778321,0.0018422603607177734
234539,normal,356,0,1782361360.6799927,0.0021605491638183594
234540,normal,3598,0,1782361360.6820028,0.0020101070404052734
234541,normal,2338,0,1782361360.6838338,0.0018310546875
234542,normal,981,2,1782361360.6860783,0.0022444725036621094
234543,normal,2624,0,1782361360.6879928,0.0019145011901855469
234544,normal,1268,0,1782361360.689844,0.0018510818481445312
234545,normal,3491,0,1782361360.6919947,0.0021507740020751953
234546,normal,2806,0,1782361360.6939874,0.0019927024841308594
234547,normal,841,2,1782361360.6958442,0.0018568038940429688
234548,normal,820,2,1782361360.698001,0.0021567344665527344
234549,normal,1447,0,1782361360.7000012,0.0020003318786621094
234550,normal,1581,0,1782361360.7018347,0.0018334388732910156
234551,normal,3494,0,1782361360.7040753,0.0022406578063964844
234552,normal,1028,2,1782361360.7059956,0.0019202232360839844
234553,normal,2664,0,1782361360.7078369,0.0018413066864013672
234554,normal,1415,0,1782361360.709993,0.0021560192108154297
234555,normal,839,2,1782361360.7120016,0.002008676528930664
234556,normal,3364,1,1782361360.7138352,0.0018336772918701172
234557,normal,3136,1,1782361360.7159913,0.0021560192108154297
234558,normal,2008,0,1782361360.7179995,0.002008199691772461
234559,normal,2877,0,1782361360.7198339,0.0018343925476074219
234560,normal,782,2,1782361360.7219892,0.002155303955078125
234561,normal,1376,1,1782361360.7240078,0.0020186901092529297
234562,normal,1880,0,1782361360.7258666,0.0018587112426757812
234563,normal,3474,0,1782361360.7279944,0.0021278858184814453
234564,normal,2939,0,1782361360.7305963,0.0026018619537353516
234565,normal,1674,0,1782361360.7318375,0.0012412071228027344
234566,normal,916,2,1782361360.7339873,0.002149820327758789
234567,normal,1012,2,1782361360.7359238,0.0019364356994628906
234568,normal,1048,0,1782361360.7378347,0.0019109249114990234
234569,normal,1843,0,1782361360.739997,0.0021622180938720703
234570,normal,520,0,1782361360.7419145,0.0019176006317138672
234571,normal,2831,0,1782361360.7438364,0.0019218921661376953
234572,normal,1318,0,1782361360.7459881,0.0021517276763916016
234573,normal,1834,0,1782361360.7479312,0.0019431114196777344
234574,normal,862,2,1782361360.749835,0.0019037723541259766
234575,normal,1340,1,1782361360.7519982,0.0021631717681884766
234576,normal,3505,0,1782361360.753926,0.0019278526306152344
234577,normal,1951,0,1782361360.7558336,0.0019075870513916016
234578,normal,1963,0,1782361360.757989,0.002155303955078125
234579,normal,767,0,1782361360.7599442,0.001955270767211914
234580,normal,2085,0,1782361360.7618356,0.0018913745880126953
234581,normal,255,0,1782361360.7640038,0.0021681785583496094
234582,normal,3706,0,1782361360.7659369,0.0019330978393554688
234583,normal,2970,0,1782361360.7678344,0.001897573471069336
234584,normal,2047,0,1782361360.7700074,0.0021729469299316406
234585,normal,1225,0,1782361360.7719276,0.0019202232360839844
234586,normal,3163,1,1782361360.773835,0.0019073486328125
234587,normal,1408,0,1782361360.7759953,0.002160310745239258
234588,normal,3182,1,1782361360.777995,0.0019998550415039062
234589,normal,2913,0,1782361360.779835,0.0018398761749267578
234590,normal,3086,1,1782361360.781991,0.0021560192108154297
234591,normal,235,0,1782361360.7839944,0.0020034313201904297
234592,normal,394,0,1782361360.7858338,0.0018393993377685547
234593,normal,713,0,1782361360.7880127,0.0021789073944091797
234594,normal,3103,1,1782361360.7900014,0.001988649368286133
234595,normal,3514,0,1782361360.7918365,0.0018351078033447266
234596,normal,1066,0,1782361360.7939854,0.002148866653442383
234597,normal,3101,1,1782361360.7959898,0.002004384994506836
234598,normal,2500,0,1782361360.7978308,0.0018410682678222656
234599,normal,514,0,1782361360.799996,0.002165079116821289
234600,normal,1655,0,1782361360.8019948,0.0019989013671875
234601,normal,2942,0,1782361360.8038332,0.0018384456634521484
234602,normal,2932,0,1782361360.805988,0.002154827117919922
234603,normal,1602,0,1782361360.8079896,0.002001523971557617
234604,normal,2938,0,1782361360.8098316,0.0018420219421386719
234605,normal,2865,0,1782361360.812018,0.002186298370361328
234606,normal,1112,0,1782361360.813987,0.0019690990447998047
234607,normal,1170,0,1782361360.8158321,0.0018451213836669922
234608,normal,3243,1,1782361360.8179858,0.002153635025024414
234609,normal,629,0,1782361360.8199902,0.002004384994506836
234610,normal,707,0,1782361360.8218322,0.0018420219421386719
234611,normal,1657,0,1782361360.8239863,0.002154111862182617
234612,normal,2914,0,1782361360.82599,0.0020036697387695312
234613,normal,1273,0,1782361360.8278313,0.0018413066864013672
234614,normal,137,0,1782361360.830024,0.0021927356719970703
234615,normal,2956,0,1782361360.8319902,0.001966238021850586
234616,normal,2712,0,1782361360.833832,0.0018417835235595703
234617,normal,2650,0,1782361360.836026,0.002193927764892578
234618,normal,2991,0,1782361360.8380125,0.0019865036010742188
234619,normal,787,2,1782361360.8398392,0.0018267631530761719
234620,normal,1517,0,1782361360.8419886,0.002149343490600586
234621,normal,2194,0,1782361360.843985,0.0019965171813964844
234622,normal,927,2,1782361360.8458374,0.001852273941040039
234623,normal,2186,0,1782361360.8479874,0.0021500587463378906
234624,normal,3255,1,1782361360.8499885,0.002001047134399414
234625,normal,1525,0,1782361360.8518326,0.001844167709350586
234626,normal,421,0,1782361360.854034,0.0022013187408447266
234627,normal,3702,0,1782361360.8559859,0.0019519329071044922
234628,normal,837,2,1782361360.857832,0.0018460750579833984
234629,normal,2963,0,1782361360.8599873,0.002155303955078125
234630,normal,2288,0,1782361360.861984,0.001996755599975586
234631,normal,516,0,1782361360.863833,0.0018489360809326172
234632,normal,3375,1,1782361360.8660412,0.002208232879638672
234633,normal,1879,0,1782361360.8679862,0.0019450187683105469
234634,normal,2848,0,1782361360.8698301,0.0018439292907714844
234635,normal,999,2,1782361360.8720417,0.0022115707397460938
234636,normal,1217,0,1782361360.873983,0.0019412040710449219
234637,normal,2669,0,1782361360.8758316,0.0018486976623535156
234638,normal,198,0,1782361360.8780544,0.002222776412963867
234639,normal,1490,0,1782361360.8799973,0.0019428730010986328
234640,normal,2842,0,1782361360.8818321,0.001834869384765625
234641,normal,1229,0,1782361360.8840466,0.0022144317626953125
234642,normal,3261,1,1782361360.8859901,0.0019435882568359375
234643,normal,1693,0,1782361360.8878329,0.0018427371978759766
234644,normal,2128,0,1782361360.8899844,0.0021514892578125
234645,normal,3373,1,1782361360.8919842,0.0019998550415039062
234646,normal,710,0,1782361360.893832,0.0018477439880371094
234647,normal,1145,0,1782361360.8959846,0.002152681350708008
234648,normal,2275,0,1782361360.8980262,0.0020415782928466797
234649,normal,3394,1,1782361360.8998332,0.0018069744110107422
234650,normal,73,0,1782361360.9019864,0.002153158187866211
234651,normal,3019,0,1782361360.9039893,0.0020029544830322266
234652,normal,1154,0,1782361360.9058328,0.0018434524536132812
234653,normal,3085,1,1782361360.9080567,0.002223968505859375
234654,normal,2577,0,1782361360.909984,0.0019273757934570312
234655,normal,3478,0,1782361360.9118316,0.0018475055694580078
234656,normal,1380,1,1782361360.9140596,0.0022280216217041016
234657,normal,1320,1,1782361360.91599,0.0019304752349853516
234658,normal,2606,0,1782361360.9178343,0.001844167709350586
234659,normal,3654,0,1782361360.9199977,0.002163410186767578
234660,normal,1870,0,1782361360.9219863,0.001988649368286133
234661,normal,2538,0,1782361360.9238348,0.001848459243774414
234662,normal,69,0,1782361360.9259856,0.0021507740020751953
234663,normal,1375,1,1782361360.9279852,0.0019996166229248047
234664,normal,384,0,1782361360.929832,0.0018467903137207031
234665,normal,926,2,1782361360.932067,0.002234935760498047
234666,normal,1822,0,1782361360.9339852,0.0019183158874511719
234667,normal,561,0,1782361360.9358337,0.001848459243774414
234668,normal,3477,0,1782361360.938068,0.002234220504760742
234669,normal,1104,0,1782361360.9399872,0.0019192695617675781
234670,normal,373,0,1782361360.9418352,0.001847982406616211
234671,normal,2138,0,1782361360.9440725,0.0022373199462890625
234672,normal,2605,0,1782361360.945987,0.0019145011901855469
234673,normal,889,2,1782361360.9478238,0.0018367767333984375
234674,normal,3151,1,1782361360.9499164,0.002092599868774414
234675,normal,430,0,1782361360.952048,0.0021317005157470703
234676,normal,649,0,1782361360.9538584,0.001810312271118164
234677,normal,611,0,1782361360.955993,0.002134561538696289
234678,normal,159,0,1782361360.958057,0.0020639896392822266
234679,normal,1982,0,1782361360.959886,0.0018291473388671875
234680,normal,1961,0,1782361360.9619944,0.002108335494995117
234681,normal,945,2,1782361360.963989,0.001994609832763672
234682,normal,546,0,1782361360.9658356,0.0018465518951416016
234683,normal,1401,0,1782361360.9679933,0.0021576881408691406
234684,normal,444,0,1782361360.9699879,0.001994609832763672
234685,normal,2115,0,1782361360.9718344,0.0018465518951416016
234686,normal,903,2,1782361360.973987,0.002152681350708008
234687,normal,1861,0,1782361360.976014,0.002026796340942383
234688,normal,708,0,1782361360.9778318,0.001817941665649414
234689,normal,1374,1,1782361360.9799871,0.002155303955078125
234690,normal,2229,0,1782361360.9819846,0.0019974708557128906
234691,normal,395,0,1782361360.983835,0.0018503665924072266
234692,normal,3026,0,1782361360.9859853,0.002150297164916992
234693,normal,1002,2,1782361360.9879863,0.002001047134399414
234694,normal,2001,0,1782361360.9898314,0.0018451213836669922
234695,normal,2546,0,1782361360.991986,0.0021545886993408203
234696,normal,3566,0,1782361360.9939868,0.0020008087158203125
234697,normal,1745,0,1782361360.995831,0.001844167709350586
234698,normal,2819,0,1782361360.9979925,0.0021615028381347656
234699,normal,875,2,1782361360.9999907,0.0019981861114501953
234700,normal,1319,1,1782361361.0018334,0.0018427371978759766
234701,normal,972,2,1782361361.0039868,0.0021533966064453125
234702,normal,2144,0,1782361361.0059981,0.0020112991333007812
234703,normal,3080,1,1782361361.007833,0.001834869384765625
234704,normal,2898,0,1782361361.009988,0.0021550655364990234
234705,normal,3112,1,1782361361.0118334,0.0018453598022460938
234706,normal,1000,2,1782361361.0139942,0.002160787582397461
234707,normal,2719,0,1782361361.015832,0.0018377304077148438
234708,normal,2014,0,1782361361.0179813,0.002149343490600586
234709,normal,2390,0,1782361361.0198295,0.0018482208251953125
234710,normal,3397,1,1782361361.0219827,0.002153158187866211
234711,normal,3529,0,1782361361.0239894,0.0020067691802978516
234712,normal,3447,0,1782361361.0258305,0.0018410682678222656
234713,normal,2448,0,1782361361.0279856,0.0021550655364990234
234714,normal,1960,0,1782361361.029986,0.0020003318786621094
234715,normal,1123,0,1782361361.031837,0.0018510818481445312
234716,normal,2351,0,1782361361.0339837,0.0021467208862304688
234717,normal,3144,1,1782361361.0359962,0.002012491226196289
234718,normal,628,0,1782361361.0378318,0.0018355846405029297
234719,normal,595,0,1782361361.0399833,0.0021514892578125
234720,normal,1094,0,1782361361.0419853,0.0020020008087158203
234721,normal,2573,0,1782361361.043832,0.0018467903137207031
234722,normal,3443,0,1782361361.0459847,0.002152681350708008
234723,normal,1712,0,1782361361.0479898,0.0020051002502441406
234724,normal,529,0,1782361361.04983,0.0018401145935058594
234725,normal,2048,0,1782361361.0519853,0.002155303955078125
234726,normal,2313,0,1782361361.0539844,0.0019991397857666016
234727,normal,535,0,1782361361.05583,0.0018455982208251953
234728,normal,2653,0,1782361361.0580182,0.0021882057189941406
234729,normal,1307,0,1782361361.0599864,0.0019681453704833984
234730,normal,2916,0,1782361361.061832,0.0018455982208251953
234731,normal,1871,0,1782361361.0639842,0.0021522045135498047
234732,normal,2036,0,1782361361.0659835,0.001999378204345703
234733,normal,1603,0,1782361361.0678318,0.0018482208251953125
234734,normal,3204,1,1782361361.0700243,0.0021924972534179688
234735,normal,1990,0,1782361361.0719888,0.001964569091796875
234736,normal,757,0,1782361361.073832,0.0018432140350341797
234737,normal,1840,0,1782361361.0760286,0.0021965503692626953
234738,normal,963,2,1782361361.0779877,0.001959085464477539
234739,normal,1832,0,1782361361.0798316,0.0018439292907714844
234740,normal,1342,1,1782361361.0819874,0.002155780792236328
234741,normal,1558,0,1782361361.0839887,0.0020012855529785156
234742,normal,1998,0,1782361361.085831,0.0018422603607177734
234743,normal,512,0,1782361361.0880325,0.002201557159423828
234744,normal,3361,1,1782361361.0899854,0.0019528865814208984
234745,normal,2906,0,1782361361.0918312,0.0018458366394042969
234746,normal,1387,0,1782361361.0940356,0.002204418182373047
234747,normal,333,0,1782361361.09599,0.001954317092895508
234748,normal,2399,0,1782361361.097847,0.0018570423126220703
234749,normal,271,0,1782361361.1000388,0.002191781997680664
234750,normal,2751,0,1782361361.1019962,0.001957416534423828
234751,normal,2437,0,1782361361.1038337,0.0018374919891357422
234752,normal,2849,0,1782361361.1059833,0.0021495819091796875
234753,normal,2671,0,1782361361.1079862,0.0020029544830322266
234754,normal,374,0,1782361361.109831,0.0018448829650878906
234755,normal,756,0,1782361361.1120455,0.0022144317626953125
234756,normal,400,0,1782361361.1139953,0.0019497871398925781
234757,normal,2678,0,1782361361.1158323,0.001837015151977539
234758,normal,3221,1,1782361361.1179845,0.0021522045135498047
234759,normal,326,0,1782361361.119979,0.0019943714141845703
234760,normal,2693,0,1782361361.121834,0.0018551349639892578
234761,normal,3024,0,1782361361.1240468,0.0022127628326416016
234762,normal,1130,0,1782361361.1259913,0.0019445419311523438
234763,normal,3025,0,1782361361.127835,0.0018436908721923828
234764,normal,1038,0,1782361361.1299846,0.0021495819091796875
234765,normal,427,0,1782361361.1319792,0.001994609832763672
234766,normal,1700,0,1782361361.1338325,0.0018532276153564453
234767,normal,437,0,1782361361.1360507,0.0022182464599609375
234768,normal,1549,0,1782361361.1379795,0.0019288063049316406
234769,normal,195,0,1782361361.1398308,0.0018513202667236328
234770,normal,3251,1,1782361361.142054,0.0022232532501220703
234771,normal,2935,0,1782361361.1439888,0.0019347667694091797
234772,normal,3313,1,1782361361.1458318,0.0018429756164550781
234773,normal,2251,0,1782361361.1479826,0.0021507740020751953
234774,normal,165,0,1782361361.1499789,0.001996278762817383
234775,normal,961,2,1782361361.151832,0.0018532276153564453
234776,normal,2645,0,1782361361.1539917,0.002159595489501953
234777,normal,598,0,1782361361.1560047,0.002012968063354492
234778,normal,324,0,1782361361.1580076,0.0020029544830322266
234779,normal,2371,0,1782361361.159879,0.001871347427368164
234780,normal,2535,0,1782361361.1621401,0.0022611618041992188
234781,normal,2123,0,1782361361.1638794,0.0017392635345458984
234782,normal,3125,1,1782361361.1661365,0.002257108688354492
234783,normal,1369,1,1782361361.1680856,0.0019490718841552734
234784,normal,2257,0,1782361361.1698537,0.0017681121826171875
234785,normal,1570,0,1782361361.1720934,0.002239704132080078
234786,normal,3177,1,1782361361.1740043,0.0019109249114990234
234787,normal,545,0,1782361361.1758382,0.0018339157104492188
234788,normal,677,0,1782361361.1779864,0.002148151397705078
234789,normal,2394,0,1782361361.1799839,0.0019974708557128906
234790,normal,560,0,1782361361.1818318,0.001847982406616211
234791,normal,2887,0,1782361361.1840708,0.0022389888763427734
234792,normal,2896,0,1782361361.1859803,0.001909494400024414
234793,normal,1763,0,1782361361.1878324,0.0018520355224609375
234794,normal,3166,1,1782361361.1899858,0.0021533966064453125
234795,normal,3277,1,1782361361.1919863,0.002000570297241211
234796,normal,2043,0,1782361361.1938307,0.0018444061279296875
234797,normal,1618,0,1782361361.1959972,0.0021665096282958984
234798,normal,1400,0,1782361361.1979787,0.001981496810913086
234799,normal,2504,0,1782361361.1998332,0.0018544197082519531
234800,normal,2858,0,1782361361.201982,0.002148866653442383
234801,normal,1887,0,1782361361.2039793,0.001997232437133789
234802,normal,1844,0,1782361361.2058327,0.0018534660339355469
234803,normal,3604,0,1782361361.2080798,0.0022470951080322266
234804,normal,3473,0,1782361361.2100081,0.0019283294677734375
234805,normal,442,0,1782361361.2118332,0.001825094223022461
234806,normal,3207,1,1782361361.2139874,0.002154111862182617
234807,normal,1096,0,1782361361.2159863,0.0019989013671875
234808,normal,1347,1,1782361361.2178311,0.0018448829650878906
234809,normal,2216,0,1782361361.219989,0.002157926559448242
234810,normal,2760,0,1782361361.221997,0.0020079612731933594
234811,normal,1020,2,1782361361.223833,0.0018360614776611328
234812,normal,428,0,1782361361.225986,0.0021529197692871094
234813,normal,2762,0,1782361361.2279713,0.001985311508178711
234814,normal,3465,0,1782361361.2298338,0.0018625259399414062
234815,normal,3253,1,1782361361.2319953,0.0021615028381347656
234816,normal,544,0,1782361361.2339993,0.002003908157348633
234817,normal,3351,1,1782361361.2358341,0.001834869384765625
234818,normal,3409,0,1782361361.238069,0.002234935760498047
234819,normal,2087,0,1782361361.2399583,0.0018892288208007812
234820,normal,3123,1,1782361361.2420833,0.0021250247955322266
234821,normal,3558,0,1782361361.2441268,0.002043485641479492
234822,normal,2688,0,1782361361.2458916,0.0017647743225097656
234823,normal,3328,1,1782361361.2477877,0.0018961429595947266
234824,normal,726,0,1782361361.2498567,0.0020689964294433594
234825,normal,441,0,1782361361.2518787,0.0020220279693603516
234826,normal,641,0,1782361361.253882,0.002003192901611328
234827,normal,2750,0,1782361361.2560096,0.0021276473999023438
234828,normal,3567,0,1782361361.258145,0.0021355152130126953
234829,normal,42,0,1782361361.2597938,0.0016486644744873047
234830,normal,2424,0,1782361361.261816,0.002022266387939453
234831,normal,3165,1,1782361361.2639012,0.0020852088928222656
234832,normal,3454,0,1782361361.2659166,0.002015352249145508
234833,normal,797,2,1782361361.2678642,0.001947641372680664
234834,normal,72,0,1782361361.2700381,0.002173900604248047
234835,normal,1330,1,1782361361.271924,0.0018858909606933594
234836,normal,2927,0,1782361361.273983,0.0020589828491210938
234837,normal,2410,0,1782361361.2759888,0.0020058155059814453
234838,normal,486,0,1782361361.2780845,0.0020956993103027344
234839,normal,3593,0,1782361361.2799342,0.0018496513366699219
234840,normal,2155,0,1782361361.2820294,0.0020952224731445312
234841,normal,2306,0,1782361361.2839513,0.0019218921661376953
234842,normal,2359,0,1782361361.286047,0.0020956993103027344
234843,normal,43,0,1782361361.288049,0.0020020008087158203
234844,normal,860,2,1782361361.289952,0.0019030570983886719
234845,normal,3235,1,1782361361.2918622,0.0019102096557617188
234846,normal,2720,0,1782361361.293953,0.0020906925201416016
234847,normal,2774,0,1782361361.2960486,0.0020956993103027344
234848,normal,3330,1,1782361361.2978725,0.0018239021301269531
234849,normal,1068,0,1782361361.3000028,0.002130270004272461
234850,normal,699,0,1782361361.301949,0.0019462108612060547
234851,normal,2909,0,1782361361.3040476,0.002098560333251953
234852,normal,1551,0,1782361361.3060248,0.001977205276489258
234853,normal,2880,0,1782361361.3079987,0.001973867416381836
234854,normal,2459,0,1782361361.3102143,0.0022156238555908203
234855,normal,2190,0,1782361361.312071,0.0018568038940429688
234856,normal,1731,0,1782361361.3142788,0.0022077560424804688
234857,normal,1587,0,1782361361.317167,0.002888202667236328
234858,normal,542,0,1782361361.3178666,0.0006995201110839844
234859,normal,1179,0,1782361361.3200738,0.0022072792053222656
234860,normal,1501,0,1782361361.322389,0.002315044403076172
234861,normal,3628,0,1782361361.3239484,0.0015594959259033203
234862,normal,3249,1,1782361361.325954,0.0020055770874023438
234863,normal,50,0,1782361361.3280013,0.002047300338745117
234864,normal,388,0,1782361361.330071,0.002069711685180664
234865,normal,3010,0,1782361361.3319755,0.0019044876098632812
234866,normal,258,0,1782361361.3338664,0.0018908977508544922
234867,normal,362,0,1782361361.3360267,0.002160310745239258
234868,normal,3420,0,1782361361.3379319,0.001905202865600586
234869,normal,2901,0,1782361361.3400064,0.0020744800567626953
234870,normal,3108,1,1782361361.3420346,0.002028226852416992
234871,normal,1698,0,1782361361.3439317,0.0018970966339111328
234872,normal,1153,0,1782361361.3458385,0.0019068717956542969
234873,normal,798,2,1782361361.3479347,0.0020961761474609375
234874,normal,2095,0,1782361361.3498068,0.0018720626831054688
234875,normal,197,0,1782361361.35187,0.002063274383544922
234876,normal,932,2,1782361361.353862,0.0019919872283935547
234877,normal,3334,1,1782361361.3558638,0.0020017623901367188
234878,normal,343,0,1782361361.357797,0.0019330978393554688
234879,normal,3592,0,1782361361.359818,0.0020210742950439453
234880,normal,2184,0,1782361361.3618186,0.002000570297241211
234881,normal,2150,0,1782361361.3638284,0.002009868621826172
234882,normal,2595,0,1782361361.3657975,0.0019690990447998047
234883,normal,182,0,1782361361.3677862,0.001988649368286133
234884,normal,475,0,1782361361.3699048,0.0021185874938964844
234885,normal,1070,0,1782361361.3719037,0.0019989013671875
234886,normal,1576,0,1782361361.373855,0.001951456069946289
234887,normal,3440,0,1782361361.3759143,0.0020592212677001953
234888,normal,532,0,1782361361.3779058,0.0019915103912353516
234889,normal,1646,0,1782361361.3798954,0.001989603042602539
234890,normal,729,0,1782361361.3820102,0.0021147727966308594
234891,normal,3290,1,1782361361.3840504,0.0020401477813720703
234892,normal,1136,0,1782361361.3859043,0.00185394287109375
234893,normal,1962,0,1782361361.3878229,0.0019185543060302734
234894,normal,3082,1,1782361361.3898802,0.002057313919067383
234895,normal,275,0,1782361361.391805,0.001924753189086914
234896,normal,3386,1,1782361361.3938777,0.0020728111267089844
234897,normal,1457,0,1782361361.3959756,0.0020978450775146484
234898,normal,1324,1,1782361361.3977966,0.0018210411071777344
234899,normal,3248,1,1782361361.3998709,0.0020742416381835938
234900,normal,404,0,1782361361.4018657,0.0019948482513427734
234901,normal,3486,0,1782361361.4037979,0.0019321441650390625
234902,normal,2698,0,1782361361.406001,0.002203226089477539
234903,normal,869,2,1782361361.4080193,0.0020182132720947266
234904,normal,775,2,1782361361.409955,0.001935720443725586
234905,normal,2613,0,1782361361.4118376,0.0018825531005859375
234906,normal,1966,0,1782361361.4140222,0.002184629440307617
234907,normal,90,0,1782361361.4158216,0.0017993450164794922
234908,normal,2501,0,1782361361.4178863,0.0020647048950195312
234909,normal,1934,0,1782361361.4199975,0.002111196517944336
234910,normal,3109,1,1782361361.4219196,0.0019221305847167969
234911,normal,623,0,1782361361.4238024,0.001882791519165039
234912,normal,2884,0,1782361361.4258718,0.0020694732666015625
234913,normal,783,2,1782361361.4278152,0.001943349838256836
234914,normal,11,0,1782361361.4298851,0.0020699501037597656
234915,normal,301,0,1782361361.4320242,0.0021390914916992188
234916,normal,1914,0,1782361361.4340582,0.0020339488983154297
234917,normal,2355,0,1782361361.4358675,0.0018093585968017578
234918,normal,476,0,1782361361.4379644,0.002096891403198242
234919,normal,2169,0,1782361361.4399028,0.0019383430480957031
234920,normal,896,2,1782361361.4418762,0.001973390579223633
234921,normal,695,0,1782361361.443869,0.001992940902709961
234922,normal,170,0,1782361361.4460032,0.002134084701538086
234923,normal,450,0,1782361361.4479604,0.0019571781158447266
234924,normal,523,0,1782361361.4499872,0.002026796340942383
234925,normal,1856,0,1782361361.4519322,0.0019450187683105469
234926,normal,3018,0,1782361361.4541256,0.002193450927734375
234927,normal,596,0,1782361361.455955,0.001829385757446289
234928,normal,1777,0,1782361361.4578125,0.0018575191497802734
234929,normal,2958,0,1782361361.4598963,0.0020837783813476562
234930,normal,2472,0,1782361361.4618971,0.0020008087158203125
234931,normal,801,2,1782361361.463826,0.0019288063049316406
234932,normal,2336,0,1782361361.465887,0.002061128616333008
234933,normal,2255,0,1782361361.467876,0.0019888877868652344
234934,normal,2440,0,1782361361.4698327,0.0019567012786865234
234935,normal,1228,0,1782361361.4719179,0.0020852088928222656
234936,normal,1031,0,1782361361.4739556,0.0020377635955810547
234937,normal,1661,0,1782361361.4758797,0.0019240379333496094
234938,normal,25,0,1782361361.4779024,0.0020227432250976562
234939,normal,3699,0,1782361361.4799426,0.0020401477813720703
234940,normal,3579,0,1782361361.4818547,0.0019121170043945312
234941,normal,3263,1,1782361361.4839396,0.002084970474243164
234942,normal,211,0,1782361361.4859009,0.001961231231689453
234943,normal,502,0,1782361361.4878418,0.0019409656524658203
234944,normal,2612,0,1782361361.489885,0.0020432472229003906
234945,normal,3372,1,1782361361.4919024,0.0020172595977783203
234946,normal,465,0,1782361361.4938297,0.0019273757934570312
234947,normal,53,0,1782361361.495891,0.0020613670349121094
234948,normal,387,0,1782361361.4979181,0.0020270347595214844
234949,normal,2696,0,1782361361.499889,0.0019707679748535156
234950,normal,359,0,1782361361.5018039,0.00191497802734375
234951,normal,1689,0,1782361361.5038767,0.0020728111267089844
234952,normal,924,2,1782361361.5057921,0.0019154548645019531
234953,normal,824,2,1782361361.5077908,0.0019986629486083984
234954,normal,3572,0,1782361361.5098772,0.0020864009857177734
234955,normal,2223,0,1782361361.511818,0.0019407272338867188
234956,normal,33,0,1782361361.5139246,0.0021066665649414062
234957,normal,724,0,1782361361.516166,0.002241373062133789
234958,normal,1291,0,1782361361.5178618,0.001695871353149414
234959,normal,2116,0,1782361361.5198255,0.0019636154174804688
234960,normal,2361,0,1782361361.5219946,0.0021691322326660156
234961,normal,1040,0,1782361361.5238156,0.0018210411071777344
234962,normal,468,0,1782361361.5258749,0.0020592212677001953
234963,normal,1353,1,1782361361.5278592,0.0019843578338623047
234964,normal,3673,0,1782361361.529825,0.001965761184692383
234965,normal,175,0,1782361361.531846,0.0020210742950439453
234966,normal,491,0,1782361361.5339093,0.002063274383544922
234967,normal,1673,0,1782361361.535894,0.0019845962524414062
234968,normal,1621,0,1782361361.537972,0.0020780563354492188
234969,normal,2316,0,1782361361.5399692,0.001997232437133789
234970,normal,2249,0,1782361361.541883,0.0019137859344482422
234971,normal,2126,0,1782361361.5439758,0.0020928382873535156
234972,normal,2019,0,1782361361.5459976,0.00202178955078125
234973,normal,3644,0,1782361361.5477886,0.0017910003662109375
234974,normal,2587,0,1782361361.5498643,0.002075672149658203
234975,normal,2356,0,1782361361.5518405,0.0019762516021728516
234976,normal,3414,0,1782361361.5540912,0.00225067138671875
234977,normal,1276,0,1782361361.5557728,0.0016815662384033203
234978,normal,2458,0,1782361361.5578668,0.0020940303802490234
234979,normal,2387,0,1782361361.5597901,0.0019233226776123047
234980,normal,3649,0,1782361361.5618653,0.0020751953125
234981,normal,2258,0,1782361361.5642178,0.002352476119995117
234982,normal,562,0,1782361361.5659063,0.0016884803771972656
234983,normal,403,0,1782361361.5678809,0.0019745826721191406
234984,normal,3398,1,1782361361.5699356,0.0020546913146972656
234985,normal,1485,0,1782361361.5718246,0.0018889904022216797
234986,normal,3114,1,1782361361.5738807,0.002056121826171875
234987,normal,1801,0,1782361361.5758805,0.0019998550415039062
234988,normal,3132,1,1782361361.5780597,0.0021791458129882812
234989,normal,2056,0,1782361361.5798697,0.0018100738525390625
234990,normal,2454,0,1782361361.5819387,0.0020689964294433594
234991,normal,3083,1,1782361361.5838127,0.0018739700317382812
234992,normal,2765,0,1782361361.5858874,0.002074718475341797
234993,normal,3422,0,1782361361.5878818,0.0019943714141845703
234994,normal,1975,0,1782361361.5898478,0.0019659996032714844
234995,normal,2837,0,1782361361.5918126,0.0019648075103759766
234996,normal,2018,0,1782361361.5938861,0.002073526382446289
234997,normal,1708,0,1782361361.5958793,0.0019931793212890625
234998,normal,2152,0,1782361361.5983796,0.002500295639038086
234999,normal,2639,0,1782361361.6002085,0.001828908920288086
235000,normal,2432,0,1782361361.6017973,0.0015888214111328125
235001,normal,230,0,1782361361.6039433,0.002146005630493164
235002,normal,583,0,1782361361.606145,0.002201557159423828
235003,normal,161,0,1782361361.608002,0.0018570423126220703
235004,normal,3227,1,1782361361.6099336,0.0019316673278808594
235005,normal,2640,0,1782361361.6120272,0.0020935535430908203
235006,normal,3129,1,1782361361.6138358,0.0018086433410644531
235007,normal,366,0,1782361361.6158025,0.001966714859008789
235008,normal,3309,1,1782361361.617915,0.0021123886108398438
235009,normal,3312,1,1782361361.6198332,0.0019183158874511719
235010,normal,2124,0,1782361361.6219037,0.0020704269409179688
235011,normal,3179,1,1782361361.6238768,0.0019731521606445312
235012,normal,117,0,1782361361.6258225,0.0019457340240478516
235013,normal,929,2,1782361361.6278968,0.0020742416381835938
235014,normal,3587,0,1782361361.6299806,0.0020837783813476562
235015,normal,964,2,1782361361.6318955,0.00191497802734375
235016,normal,3194,1,1782361361.6338472,0.0019516944885253906
235017,normal,3107,1,1782361361.6358669,0.002019643783569336
235018,normal,2239,0,1782361361.6378512,0.0019843578338623047
235019,normal,2779,0,1782361361.6398165,0.0019652843475341797
235020,normal,1671,0,1782361361.641956,0.002139568328857422
235021,normal,1311,0,1782361361.643811,0.0018548965454101562
235022,normal,563,0,1782361361.645886,0.0020749568939208984
235023,normal,1042,0,1782361361.6479034,0.002017498016357422
235024,normal,2178,0,1782361361.649839,0.0019354820251464844
235025,normal,813,2,1782361361.651884,0.002045154571533203
235026,normal,2276,0,1782361361.6539118,0.002027750015258789
235027,normal,3120,1,1782361361.6558452,0.0019333362579345703
235028,normal,1219,0,1782361361.6579442,0.0020990371704101562
235029,normal,3387,1,1782361361.6599271,0.0019829273223876953
235030,normal,2866,0,1782361361.661817,0.001889944076538086
235031,normal,1341,1,1782361361.663872,0.002054929733276367
235032,normal,131,0,1782361361.6658924,0.0020203590393066406
235033,normal,1120,0,1782361361.6678028,0.0019104480743408203
235034,normal,1190,0,1782361361.6698732,0.0020704269409179688
235035,normal,3483,0,1782361361.6719437,0.0020704269409179688
235036,normal,1465,0,1782361361.6740015,0.002057790756225586
235037,normal,2967,0,1782361361.6758177,0.0018162727355957031
235038,normal,2702,0,1782361361.6779041,0.0020864009857177734
235039,normal,433,0,1782361361.6798398,0.001935720443725586
235040,normal,947,2,1782361361.6818848,0.0020449161529541016
235041,normal,1312,0,1782361361.6838536,0.001968860626220703
235042,normal,2031,0,1782361361.6858108,0.0019571781158447266
235043,normal,2641,0,1782361361.6877658,0.0019550323486328125
235044,normal,381,0,1782361361.69002,0.0022542476654052734
235045,normal,1499,0,1782361361.6918316,0.0018115043640136719
235046,normal,1949,0,1782361361.6939242,0.002092599868774414
235047,normal,2666,0,1782361361.6960287,0.002104520797729492
235048,normal,2667,0,1782361361.6979556,0.0019268989562988281
235049,normal,810,2,1782361361.6998746,0.0019190311431884766
235050,normal,867,2,1782361361.7019942,0.0021195411682128906
235051,normal,2627,0,1782361361.7039697,0.001975536346435547
235052,normal,1230,0,1782361361.7057714,0.0018017292022705078
235053,normal,1852,0,1782361361.7078662,0.002094745635986328
235054,normal,1162,0,1782361361.7097926,0.001926422119140625
235055,normal,1606,0,1782361361.711871,0.0020782947540283203
235056,normal,1339,1,1782361361.713928,0.0020570755004882812
235057,normal,3201,1,1782361361.7157788,0.0018508434295654297
235058,normal,1917,0,1782361361.7178633,0.002084493637084961
235059,normal,694,0,1782361361.7198298,0.0019664764404296875
235060,normal,3570,0,1782361361.7219062,0.002076387405395508
235061,normal,2894,0,1782361361.7243254,0.0024192333221435547
235062,normal,2259,0,1782361361.7259867,0.0016613006591796875
235063,normal,3042,0,1782361361.7278209,0.0018341541290283203
235064,normal,1348,1,1782361361.7298722,0.0020513534545898438
235065,normal,1927,0,1782361361.7319033,0.002031087875366211
235066,normal,3576,0,1782361361.7338104,0.0019071102142333984
235067,normal,1873,0,1782361361.7359786,0.0021681785583496094
235068,normal,2687,0,1782361361.7379029,0.001924276351928711
235069,normal,443,0,1782361361.7398026,0.00189971923828125
235070,normal,1750,0,1782361361.741878,0.0020754337310791016
235071,normal,1431,0,1782361361.743902,0.002023935317993164
235072,normal,2633,0,1782361361.7458398,0.0019378662109375
235073,normal,647,0,1782361361.7478113,0.0019714832305908203
235074,normal,1997,0,1782361361.7500124,0.002201080322265625
235075,normal,2286,0,1782361361.751868,0.001855611801147461
235076,normal,344,0,1782361361.7538478,0.001979827880859375
235077,normal,227,0,1782361361.7559752,0.002127408981323242
235078,normal,1589,0,1782361361.7578523,0.0018770694732666016
235079,normal,3646,0,1782361361.7600453,0.002192974090576172
235080,normal,1626,0,1782361361.7620459,0.002000570297241211
235081,normal,31,0,1782361361.7639534,0.0019075870513916016
235082,normal,1467,0,1782361361.766036,0.0020825862884521484
235083,normal,2235,0,1782361361.768237,0.002201080322265625
235084,normal,164,0,1782361361.7698667,0.0016295909881591797
235085,normal,1644,0,1782361361.7718143,0.001947641372680664
235086,normal,1850,0,1782361361.773915,0.002100706100463867
235087,normal,2711,0,1782361361.7757993,0.0018842220306396484
235088,normal,2000,0,1782361361.7779157,0.0021164417266845703
235089,normal,2479,0,1782361361.7798777,0.001961946487426758
235090,normal,2074,0,1782361361.7818391,0.0019614696502685547
235091,normal,1575,0,1782361361.7838793,0.0020401477813720703
235092,normal,3090,1,1782361361.7859318,0.0020525455474853516
235093,normal,3314,1,1782361361.787864,0.0019321441650390625
235094,normal,2621,0,1782361361.7899072,0.0020432472229003906
235095,normal,7,0,1782361361.791926,0.0020186901092529297
235096,normal,1147,0,1782361361.7938342,0.0019083023071289062
235097,normal,3682,0,1782361361.7960222,0.002187967300415039
235098,normal,3668,0,1782361361.7979655,0.001943349838256836
235099,normal,1107,0,1782361361.799901,0.0019354820251464844
235100,normal,2409,0,1782361361.8017886,0.0018875598907470703
235101,normal,1716,0,1782361361.8038933,0.0021047592163085938
235102,normal,2954,0,1782361361.805819,0.0019257068634033203
235103,normal,3655,0,1782361361.8078084,0.0019893646240234375
235104,normal,1302,0,1782361361.809898,0.0020895004272460938
235105,normal,3664,0,1782361361.8118446,0.0019466876983642578
235106,normal,2987,0,1782361361.813833,0.0019884109497070312
235107,normal,3509,0,1782361361.8159657,0.0021326541900634766
235108,normal,1978,0,1782361361.8177907,0.001825094223022461
235109,normal,401,0,1782361361.8198733,0.0020825862884521484
235110,normal,915,2,1782361361.8218641,0.001990795135498047
235111,normal,3215,1,1782361361.8237824,0.0019183158874511719
235112,normal,1869,0,1782361361.825895,0.0021126270294189453
235113,normal,237,0,1782361361.8279734,0.0020782947540283203
235114,normal,2920,0,1782361361.829883,0.0019097328186035156
235115,normal,1186,0,1782361361.8318844,0.0020012855529785156
235116,normal,2274,0,1782361361.8339193,0.002034902572631836
235117,normal,276,0,1782361361.8358166,0.0018973350524902344
235118,normal,780,2,1782361361.8379147,0.00209808349609375
235119,normal,764,0,1782361361.8399343,0.002019643783569336
235120,normal,625,0,1782361361.8417969,0.0018625259399414062
235121,normal,2143,0,1782361361.8438718,0.0020749568939208984
235122,normal,3006,0,1782361361.8458574,0.0019855499267578125
235123,normal,1601,0,1782361361.847842,0.0019845962524414062
235124,normal,1899,0,1782361361.8499775,0.0021355152130126953
235125,normal,3691,0,1782361361.8519456,0.0019681453704833984
235126,normal,3569,0,1782361361.8539245,0.0019788742065429688
235127,normal,2483,0,1782361361.8559456,0.0020210742950439453
235128,normal,568,0,1782361361.8580692,0.002123594284057617
235129,normal,1701,0,1782361361.859967,0.0018978118896484375
235130,normal,2101,0,1782361361.8619587,0.001991748809814453
235131,normal,2329,0,1782361361.8638945,0.001935720443725586
235132,normal,3146,1,1782361361.8657813,0.0018868446350097656
235133,normal,2112,0,1782361361.8678741,0.0020928382873535156
235134,normal,3562,0,1782361361.8700213,0.002147197723388672
235135,normal,1304,0,1782361361.8718112,0.0017898082733154297
235136,normal,2442,0,1782361361.8738878,0.0020766258239746094
235137,normal,2070,0,1782361361.8758392,0.001951456069946289
235138,normal,2886,0,1782361361.8778682,0.002028942108154297
235139,normal,265,0,1782361361.8801267,0.0022585391998291016
235140,normal,2352,0,1782361361.8819294,0.001802682876586914
235141,normal,2281,0,1782361361.8838904,0.0019609928131103516
235142,normal,619,0,1782361361.8859007,0.002010345458984375
235143,normal,716,0,1782361361.8878958,0.001995086669921875
235144,normal,633,0,1782361361.8898387,0.0019428730010986328
235145,normal,16,0,1782361361.8918037,0.001965045928955078
235146,normal,2937,0,1782361361.8939292,0.0021255016326904297
235147,normal,3449,0,1782361361.8960185,0.002089262008666992
235148,normal,2068,0,1782361361.8978164,0.0017979145050048828
235149,normal,1639,0,1782361361.8998697,0.0020532608032226562
235150,normal,2989,0,1782361361.9018786,0.0020089149475097656
235151,normal,2591,0,1782361361.9038434,0.0019648075103759766
235152,normal,349,0,1782361361.905894,0.002050638198852539
235153,normal,1343,1,1782361361.908023,0.002129077911376953
235154,normal,766,0,1782361361.9099514,0.0019283294677734375
235155,normal,2614,0,1782361361.9119906,0.002039194107055664
235156,normal,2550,0,1782361361.9139152,0.0019245147705078125
235157,normal,2264,0,1782361361.9159188,0.0020036697387695312
235158,normal,832,2,1782361361.9179013,0.001982450485229492
235159,normal,2704,0,1782361361.9197934,0.00189208984375
235160,normal,2691,0,1782361361.9219246,0.002131223678588867
235161,normal,1127,0,1782361361.9239583,0.002033710479736328
235162,normal,32,0,1782361361.9258916,0.0019333362579345703
235163,normal,2625,0,1782361361.9279082,0.0020165443420410156
235164,normal,3205,1,1782361361.9301097,0.002201557159423828
235165,normal,1025,2,1782361361.9330704,0.002960681915283203
235166,normal,3418,0,1782361361.9338365,0.0007660388946533203
235167,normal,1224,0,1782361361.9357958,0.0019593238830566406
235168,normal,3410,0,1782361361.938054,0.00225830078125
235169,normal,204,0,1782361361.9400768,0.0020227432250976562
235170,normal,1727,0,1782361361.9419672,0.001890420913696289
235171,normal,2828,0,1782361361.9440498,0.0020825862884521484
235172,normal,1296,0,1782361361.9458325,0.0017826557159423828
235173,normal,1762,0,1782361361.94796,0.002127408981323242
235174,normal,3035,0,1782361361.9500158,0.0020558834075927734
235175,normal,2433,0,1782361361.9519727,0.001956939697265625
235176,normal,3127,1,1782361361.9545507,0.0025780200958251953
235177,normal,166,0,1782361361.9558406,0.0012898445129394531
235178,normal,778,2,1782361361.9579227,0.0020821094512939453
235179,normal,2157,0,1782361361.959763,0.001840353012084961
235180,normal,1039,0,1782361361.9617975,0.002034425735473633
235181,normal,2816,0,1782361361.9637742,0.0019767284393310547
235182,normal,1274,0,1782361361.9658055,0.0020313262939453125
235183,normal,3524,0,1782361361.9678152,0.0020096302032470703
235184,normal,1512,0,1782361361.9698172,0.0020020008087158203
235185,normal,2470,0,1782361361.9720178,0.002200603485107422
235186,normal,1211,0,1782361361.9738278,0.0018100738525390625
235187,normal,1556,0,1782361361.9759219,0.0020940303802490234
235188,normal,2761,0,1782361361.9779124,0.0019905567169189453
235189,normal,2202,0,1782361361.9798307,0.0019183158874511719
235190,normal,1282,0,1782361361.9819243,0.0020935535430908203
235191,normal,1390,0,1782361361.9839194,0.001995086669921875
235192,normal,3048,1,1782361361.9858682,0.0019488334655761719
235193,normal,3650,0,1782361361.9880161,0.0021479129791259766
235194,normal,904,2,1782361361.9900188,0.002002716064453125
235195,normal,923,2,1782361361.9918487,0.0018298625946044922
235196,normal,3306,1,1782361361.9939613,0.0021126270294189453
235197,normal,1933,0,1782361361.9959204,0.001959085464477539
235198,normal,2417,0,1782361361.997796,0.0018756389617919922
235199,normal,1345,1,1782361361.9999123,0.0021162033081054688
235200,normal,461,0,1782361362.0019069,0.001994609832763672
235201,normal,3268,1,1782361362.0038905,0.001983642578125
235202,normal,18,0,1782361362.0059788,0.002088308334350586
235203,normal,1793,0,1782361362.0079887,0.002009868621826172
235204,normal,2051,0,1782361362.0099661,0.0019774436950683594
235205,normal,2903,0,1782361362.0119555,0.0019893646240234375
235206,normal,526,0,1782361362.0139623,0.0020067691802978516
235207,normal,238,0,1782361362.0159166,0.001954317092895508
235208,normal,209,0,1782361362.0179632,0.0020465850830078125
235209,normal,1758,0,1782361362.020021,0.002057790756225586
235210,normal,1555,0,1782361362.021808,0.001786947250366211
235211,normal,2747,0,1782361362.0238044,0.0019965171813964844
235212,normal,1929,0,1782361362.0259109,0.0021064281463623047
235213,normal,3583,0,1782361362.0280774,0.0021665096282958984
235214,normal,194,0,1782361362.0298004,0.0017230510711669922
235215,normal,167,0,1782361362.0318966,0.0020961761474609375
235216,normal,3355,1,1782361362.0337968,0.0019001960754394531
235217,normal,680,0,1782361362.0357995,0.002002716064453125
235218,normal,1891,0,1782361362.0382228,0.0024232864379882812
235219,normal,315,0,1782361362.039912,0.0016891956329345703
235220,normal,3363,1,1782361362.0418625,0.0019505023956298828
235221,normal,721,0,1782361362.0439668,0.0021042823791503906
235222,normal,2217,0,1782361362.0457954,0.0018286705017089844
235223,normal,1678,0,1782361362.0478005,0.0020051002502441406
235224,normal,3256,1,1782361362.0498734,0.0020728111267089844
235225,normal,2267,0,1782361362.0517957,0.0019223690032958984
235226,normal,1948,0,1782361362.0540147,0.002218961715698242
235227,normal,1334,1,1782361362.055894,0.0018792152404785156
235228,normal,1185,0,1782361362.0578065,0.0019125938415527344
235229,normal,3545,0,1782361362.0598054,0.0019989013671875
235230,normal,1919,0,1782361362.0618763,0.002070903778076172
235231,normal,190,0,1782361362.0638149,0.0019385814666748047
235232,normal,1323,1,1782361362.0658555,0.0020406246185302734
235233,normal,548,0,1782361362.0679138,0.002058267593383789
235234,normal,2358,0,1782361362.069828,0.0019142627716064453
235235,normal,2556,0,1782361362.072055,0.0022270679473876953
235236,normal,2902,0,1782361362.0745175,0.0024623870849609375
235237,normal,178,0,1782361362.0758395,0.001322031021118164
235238,normal,909,2,1782361362.078077,0.002237558364868164
235239,normal,1089,0,1782361362.079941,0.0018639564514160156
235240,normal,3189,1,1782361362.0818632,0.0019221305847167969
235241,normal,3060,1,1782361362.0844707,0.002607583999633789
235242,normal,1573,0,1782361362.0859716,0.001500844955444336
235243,normal,3153,1,1782361362.0878105,0.0018389225006103516
235244,normal,2250,0,1782361362.0899527,0.002142190933227539
235245,normal,157,0,1782361362.0919468,0.0019941329956054688
235246,normal,1074,0,1782361362.0938735,0.0019266605377197266
235247,normal,3213,1,1782361362.0959454,0.002071857452392578
235248,normal,2181,0,1782361362.097932,0.0019867420196533203
235249,normal,1384,0,1782361362.0998333,0.0019011497497558594
235250,normal,1110,0,1782361362.1019258,0.002092599868774414
235251,normal,21,0,1782361362.1039662,0.002040386199951172
235252,normal,305,0,1782361362.1059024,0.001936197280883789
235253,normal,1829,0,1782361362.1080287,0.0021262168884277344
235254,normal,731,0,1782361362.1099901,0.0019614696502685547
235255,normal,1422,0,1782361362.111815,0.0018248558044433594
235256,normal,646,0,1782361362.1141155,0.0023005008697509766
235257,normal,740,0,1782361362.1160052,0.0018897056579589844
235258,normal,2743,0,1782361362.1179297,0.0019245147705078125
235259,normal,2305,0,1782361362.119986,0.0020563602447509766
235260,normal,425,0,1782361362.1219184,0.001932382583618164
235261,normal,1818,0,1782361362.1238372,0.001918792724609375
235262,normal,2959,0,1782361362.1259367,0.0020995140075683594
235263,normal,1156,0,1782361362.127939,0.002002239227294922
235264,normal,1248,0,1782361362.1298335,0.0018944740295410156
235265,normal,1203,0,1782361362.1319537,0.0021202564239501953
235266,normal,495,0,1782361362.1339543,0.002000570297241211
235267,normal,412,0,1782361362.1358867,0.001932382583618164
235268,normal,226,0,1782361362.1379676,0.0020809173583984375
235269,normal,453,0,1782361362.139908,0.0019404888153076172
235270,normal,2968,0,1782361362.1418247,0.001916646957397461
235271,normal,1633,0,1782361362.1439342,0.002109527587890625
235272,normal,3624,0,1782361362.1459177,0.0019834041595458984
235273,normal,3388,1,1782361362.1478333,0.0019156932830810547
235274,normal,978,2,1782361362.1499553,0.0021219253540039062
235275,normal,3577,0,1782361362.1519709,0.0020155906677246094
235276,normal,684,0,1782361362.154193,0.0022220611572265625
235277,normal,12,0,1782361362.1558666,0.0016736984252929688
235278,normal,355,0,1782361362.1578379,0.0019712448120117188
235279,normal,3349,1,1782361362.1599305,0.002092599868774414
235280,normal,569,0,1782361362.1618073,0.0018768310546875
235281,normal,1903,0,1782361362.1638365,0.0020291805267333984
235282,normal,1730,0,1782361362.165758,0.0019214153289794922
235283,normal,2320,0,1782361362.1679444,0.0021865367889404297
235284,normal,3460,0,1782361362.1699343,0.0019898414611816406
235285,normal,688,0,1782361362.1718996,0.0019652843475341797
235286,normal,2419,0,1782361362.173999,0.0020995140075683594
235287,normal,789,2,1782361362.1759984,0.001999378204345703
235288,normal,962,2,1782361362.1779625,0.001964092254638672
235289,normal,203,0,1782361362.1801424,0.002179861068725586
235290,normal,1453,0,1782361362.181984,0.0018415451049804688
235291,normal,1973,0,1782361362.18388,0.0018961429595947266
235292,normal,2824,0,1782361362.1860614,0.0021812915802001953
235293,normal,1322,1,1782361362.1880395,0.001978158950805664
235294,normal,3236,1,1782361362.1898198,0.0017802715301513672
235295,normal,834,2,1782361362.1919196,0.002099752426147461
235296,normal,2484,0,1782361362.1939142,0.001994609832763672
235297,normal,1766,0,1782361362.1958148,0.0019006729125976562
235298,normal,3652,0,1782361362.1980286,0.002213716506958008
235299,normal,2882,0,1782361362.1999474,0.001918792724609375
235300,normal,3298,1,1782361362.2018125,0.0018651485443115234
235301,normal,2046,0,1782361362.203918,0.0021054744720458984
235302,normal,2295,0,1782361362.2059083,0.0019903182983398438
235303,normal,2860,0,1782361362.2078152,0.0019068717956542969
235304,normal,3506,0,1782361362.2105029,0.002687692642211914
235305,normal,336,0,1782361362.2120738,0.0015709400177001953
235306,normal,187,0,1782361362.2138267,0.0017528533935546875
235307,normal,3366,1,1782361362.2159257,0.0020990371704101562
235308,normal,3359,1,1782361362.2179143,0.001988649368286133
235309,normal,449,0,1782361362.2198281,0.0019137859344482422
235310,normal,508,0,1782361362.2220552,0.0022270679473876953
235311,normal,2108,0,1782361362.2240393,0.001984119415283203
235312,normal,2010,0,1782361362.2258174,0.0017781257629394531
235313,normal,342,0,1782361362.2279274,0.002110004425048828
235314,normal,852,2,1782361362.2299137,0.001986265182495117
235315,normal,575,0,1782361362.2318301,0.0019164085388183594
235316,normal,3662,0,1782361362.2339725,0.0021424293518066406
235317,normal,2322,0,1782361362.23614,0.0021674633026123047
235318,normal,794,2,1782361362.2380252,0.0018851757049560547
235319,normal,2930,0,1782361362.2399333,0.0019080638885498047
235320,normal,1069,0,1782361362.24206,0.0021266937255859375
235321,normal,2802,0,1782361362.2439473,0.0018873214721679688
235322,normal,960,2,1782361362.2459328,0.0019855499267578125
235323,normal,602,0,1782361362.24793,0.001997232437133789
235324,normal,640,0,1782361362.2502081,0.0022780895233154297
235325,normal,2552,0,1782361362.2520201,0.001811981201171875
235326,normal,2657,0,1782361362.2539642,0.0019440650939941406
235327,normal,1355,1,1782361362.256105,0.0021407604217529297
235328,normal,1757,0,1782361362.2583418,0.0022368431091308594
235329,normal,1077,0,1782361362.259865,0.0015232563018798828
235330,normal,2117,0,1782361362.261931,0.002065896987915039
235331,normal,328,0,1782361362.2638159,0.0018849372863769531
235332,normal,998,2,1782361362.265969,0.002153158187866211
235333,normal,3212,1,1782361362.2678397,0.0018706321716308594
235334,normal,205,0,1782361362.2698667,0.0020270347595214844
235335,normal,1141,0,1782361362.272,0.0021333694458007812
235336,normal,291,0,1782361362.2739346,0.0019345283508300781
235337,normal,1862,0,1782361362.2758696,0.0019350051879882812
235338,normal,171,0,1782361362.2780478,0.002178192138671875
235339,normal,2099,0,1782361362.2799575,0.0019097328186035156
235340,normal,19,0,1782361362.2818978,0.0019402503967285156
235341,normal,1868,0,1782361362.2839706,0.0020728111267089844
235342,normal,1095,0,1782361362.2859058,0.0019352436065673828
235343,normal,928,2,1782361362.2878878,0.001981973648071289
235344,normal,703,0,1782361362.290015,0.0021271705627441406
235345,normal,1710,0,1782361362.291883,0.0018680095672607422
235346,normal,2957,0,1782361362.293808,0.0019249916076660156
235347,normal,1635,0,1782361362.2959573,0.002149343490600586
235348,normal,2619,0,1782361362.2978518,0.0018944740295410156
235349,normal,3192,1,1782361362.2998197,0.001967906951904297
235350,normal,2925,0,1782361362.301895,0.0020751953125
235351,normal,247,0,1782361362.3038747,0.001979827880859375
235352,normal,1436,0,1782361362.305827,0.0019521713256835938
235353,normal,3568,0,1782361362.3079796,0.002152681350708008
235354,normal,2527,0,1782361362.3098516,0.0018720626831054688
235355,normal,1662,0,1782361362.3118002,0.0019485950469970703
235356,normal,2319,0,1782361362.313907,0.0021066665649414062
235357,normal,1451,0,1782361362.3158436,0.0019366741180419922
235358,normal,1381,1,1782361362.3177965,0.0019528865814208984
235359,normal,2869,0,1782361362.3199008,0.0021042823791503906
235360,normal,3498,0,1782361362.321875,0.001974344253540039
235361,normal,3326,1,1782361362.3238595,0.0019843578338623047
235362,normal,3029,0,1782361362.326071,0.0022115707397460938
235363,normal,3193,1,1782361362.3279152,0.001844167709350586
235364,normal,1100,0,1782361362.3298476,0.001932382583618164
235365,normal,1935,0,1782361362.3319147,0.002067089080810547
235366,normal,723,0,1782361362.3338587,0.0019440650939941406
235367,normal,3374,1,1782361362.335817,0.0019583702087402344
235368,normal,3099,1,1782361362.338058,0.002240896224975586
235369,normal,2809,0,1782361362.3399422,0.0018842220306396484
235370,normal,2292,0,1782361362.342068,0.0021257400512695312
235371,normal,2253,0,1782361362.3440986,0.002030611038208008
235372,normal,933,2,1782361362.3459878,0.0018892288208007812
235373,normal,681,0,1782361362.347983,0.001995086669921875
235374,normal,1004,2,1782361362.349959,0.00197601318359375
235375,normal,1857,0,1782361362.3519492,0.0019903182983398438
235376,normal,3703,0,1782361362.353955,0.0020058155059814453
235377,normal,805,2,1782361362.3559756,0.002020597457885742
235378,normal,233,0,1782361362.3578968,0.0019211769104003906
235379,normal,163,0,1782361362.359831,0.0019342899322509766
235380,normal,2567,0,1782361362.3618407,0.0020096302032470703
235381,normal,3573,0,1782361362.3638265,0.001985788345336914
235382,normal,3065,1,1782361362.365769,0.0019423961639404297
235383,normal,1067,0,1782361362.3679178,0.002148866653442383
235384,normal,579,0,1782361362.3698022,0.00188446044921875
235385,normal,3620,0,1782361362.3717628,0.0019605159759521484
235386,normal,992,2,1782361362.3738484,0.0020856857299804688
235387,normal,3222,1,1782361362.375833,0.0019845962524414062
235388,normal,3459,0,1782361362.3777733,0.0019402503967285156
235389,normal,218,0,1782361362.3799162,0.0021429061889648438
235390,normal,304,0,1782361362.3819726,0.0020563602447509766
235391,normal,1514,0,1782361362.383882,0.001909494400024414
235392,normal,1416,0,1782361362.3858805,0.001998424530029297
235393,normal,2503,0,1782361362.387869,0.0019884109497070312
235394,normal,1684,0,1782361362.3898091,0.0019402503967285156
235395,normal,1974,0,1782361362.391863,0.002053976058959961
235396,normal,1188,0,1782361362.3938582,0.001995086669921875
235397,normal,2044,0,1782361362.3959446,0.0020864009857177734
235398,normal,1247,0,1782361362.397832,0.0018873214721679688
235399,normal,3431,0,1782361362.3998353,0.0020034313201904297
235400,normal,3185,1,1782361362.4017992,0.0019638538360595703
235401,normal,3444,0,1782361362.4038491,0.0020499229431152344
235402,normal,41,0,1782361362.4058719,0.0020227432250976562
235403,normal,1779,0,1782361362.4080358,0.0021638870239257812
235404,normal,26,0,1782361362.410018,0.0019822120666503906
235405,normal,538,0,1782361362.411901,0.0018830299377441406
235406,normal,1535,0,1782361362.413877,0.00197601318359375
235407,normal,1643,0,1782361362.415883,0.002006053924560547
235408,normal,2493,0,1782361362.4179485,0.002065420150756836
235409,normal,3537,0,1782361362.4198356,0.0018870830535888672
235410,normal,898,2,1782361362.421833,0.0019974708557128906
235411,normal,2466,0,1782361362.423836,0.0020029544830322266
235412,normal,3530,0,1782361362.4258373,0.0020012855529785156
235413,normal,3515,0,1782361362.4278386,0.0020012855529785156
235414,normal,2881,0,1782361362.4299152,0.0020766258239746094
235415,normal,1694,0,1782361362.4318726,0.001957416534423828
235416,normal,3376,1,1782361362.4339275,0.002054929733276367
235417,normal,786,2,1782361362.4359312,0.0020036697387695312
235418,normal,2631,0,1782361362.4377732,0.0018420219421386719
235419,normal,3601,0,1782361362.4399152,0.0021419525146484375
235420,normal,2749,0,1782361362.4423246,0.0024094581604003906
235421,normal,3282,1,1782361362.4438953,0.0015707015991210938
235422,normal,2388,0,1782361362.4459455,0.002050161361694336
235423,normal,1076,0,1782361362.4479058,0.001960277557373047
235424,normal,2718,0,1782361362.4498577,0.0019519329071044922
235425,normal,1770,0,1782361362.451892,0.0020341873168945312
235426,normal,3232,1,1782361362.4539208,0.002028942108154297
235427,normal,2610,0,1782361362.4561188,0.0021979808807373047
235428,normal,2946,0,1782361362.4577954,0.0016765594482421875
235429,normal,2807,0,1782361362.4598682,0.0020728111267089844
235430,normal,3549,0,1782361362.4618127,0.0019445419311523438
235431,normal,2813,0,1782361362.4639058,0.002093076705932617
235432,normal,3594,0,1782361362.4657898,0.0018839836120605469
235433,normal,20,0,1782361362.4678004,0.0020105838775634766
235434,normal,308,0,1782361362.4698744,0.002074003219604492
235435,normal,1396,0,1782361362.4718547,0.001980304718017578
235436,normal,353,0,1782361362.4738722,0.002017498016357422
235437,normal,2075,0,1782361362.475856,0.0019838809967041016
235438,normal,1895,0,1782361362.4778435,0.001987457275390625
235439,normal,1676,0,1782361362.4798114,0.001967906951904297
235440,normal,2348,0,1782361362.4818428,0.0020313262939453125
235441,normal,3531,0,1782361362.4838386,0.0019958019256591797
235442,normal,1925,0,1782361362.4857838,0.0019452571868896484
235443,normal,1534,0,1782361362.487878,0.002094268798828125
235444,normal,2333,0,1782361362.4898946,0.0020165443420410156
235445,normal,95,0,1782361362.491881,0.001986265182495117
235446,normal,3404,0,1782361362.493847,0.0019659996032714844
235447,normal,959,2,1782361362.4958575,0.0020105838775634766
235448,normal,1050,0,1782361362.4978604,0.0020029544830322266
235449,normal,2826,0,1782361362.4998295,0.0019690990447998047
235450,normal,1297,0,1782361362.5018744,0.0020449161529541016
235451,normal,245,0,1782361362.5037775,0.0019030570983886719
235452,normal,3002,0,1782361362.505823,0.0020453929901123047
235453,normal,61,0,1782361362.507909,0.002086162567138672
235454,normal,3137,1,1782361362.5098355,0.001926422119140625
235455,normal,1774,0,1782361362.5118995,0.0020639896392822266
235456,normal,82,0,1782361362.5139596,0.0020601749420166016
235457,normal,884,2,1782361362.5158663,0.0019066333770751953
235458,normal,2386,0,1782361362.5178773,0.0020110607147216797
235459,normal,3523,0,1782361362.5198848,0.0020074844360351562
235460,normal,2515,0,1782361362.5218832,0.001998424530029297
235461,normal,806,2,1782361362.5239322,0.002048969268798828
235462,normal,3436,0,1782361362.52587,0.0019378662109375
235463,normal,876,2,1782361362.5277598,0.0018897056579589844
235464,normal,3234,1,1782361362.5298204,0.0020606517791748047
235465,normal,3632,0,1782361362.5319,0.002079486846923828
235466,normal,3267,1,1782361362.534271,0.002371072769165039
235467,normal,3639,0,1782361362.5358968,0.0016257762908935547
235468,normal,105,0,1782361362.537827,0.00193023681640625
235469,normal,2680,0,1782361362.539775,0.0019478797912597656
235470,normal,3265,1,1782361362.541839,0.0020639896392822266
235471,normal,273,0,1782361362.543824,0.0019850730895996094
235472,normal,659,0,1782361362.5461733,0.002349376678466797
235473,normal,811,2,1782361362.5479352,0.0017619132995605469
235474,normal,93,0,1782361362.5499063,0.001971006393432617
235475,normal,2468,0,1782361362.551975,0.002068758010864258
235476,normal,2772,0,1782361362.5538087,0.0018336772918701172
235477,normal,2469,0,1782361362.555845,0.0020363330841064453
235478,normal,3296,1,1782361362.5578046,0.001959562301635742
235479,normal,3600,0,1782361362.559843,0.0020384788513183594
235480,normal,2630,0,1782361362.562048,0.00220489501953125
235481,normal,3607,0,1782361362.5638828,0.001834869384765625
235482,normal,2091,0,1782361362.5657644,0.0018815994262695312
235483,normal,564,0,1782361362.5678282,0.002063751220703125
235484,normal,1717,0,1782361362.5697808,0.0019526481628417969
235485,normal,1232,0,1782361362.571837,0.002056121826171875
235486,normal,217,0,1782361362.5738468,0.002009868621826172
235487,normal,3055,1,1782361362.5758502,0.0020034313201904297
235488,normal,679,0,1782361362.577845,0.0019948482513427734
235489,normal,2465,0,1782361362.5798585,0.0020134449005126953
235490,normal,956,2,1782361362.5818844,0.0020258426666259766
235491,normal,3237,1,1782361362.5844805,0.002596139907836914
235492,normal,3224,1,1782361362.5862458,0.0017652511596679688
235493,normal,1709,0,1782361362.5877936,0.0015478134155273438
235494,normal,3061,1,1782361362.5900934,0.002299785614013672
235495,normal,1421,0,1782361362.591991,0.001897573471069336
235496,normal,3490,0,1782361362.5941737,0.0021827220916748047
235497,normal,746,0,1782361362.5962567,0.0020830631256103516
235498,normal,1577,0,1782361362.5978518,0.0015950202941894531
235499,normal,536,0,1782361362.5997696,0.0019178390502929688
235500,normal,3148,1,1782361362.60184,0.0020704269409179688
235501,normal,3590,0,1782361362.6038163,0.0019762516021728516
235502,normal,3591,0,1782361362.605787,0.0019707679748535156
235503,normal,3184,1,1782361362.6078467,0.0020596981048583984
235504,normal,3286,1,1782361362.6098344,0.0019876956939697266
235505,normal,829,2,1782361362.6117854,0.001950979232788086
235506,normal,1111,0,1782361362.6138387,0.0020532608032226562
235507,normal,3353,1,1782361362.6158648,0.002026081085205078
235508,normal,1236,0,1782361362.6178498,0.0019850730895996094
235509,normal,2420,0,1782361362.6199138,0.0020639896392822266
235510,normal,3508,0,1782361362.6218407,0.0019268989562988281
235511,normal,2205,0,1782361362.6237838,0.0019431114196777344
235512,normal,1739,0,1782361362.6258776,0.002093791961669922
235513,normal,558,0,1782361362.6278934,0.002015829086303711
235514,normal,386,0,1782361362.6298704,0.0019769668579101562
235515,normal,2996,0,1782361362.631877,0.00200653076171875
235516,normal,179,0,1782361362.6338491,0.001972198486328125
235517,normal,3348,1,1782361362.6357918,0.0019426345825195312
235518,normal,2327,0,1782361362.6378508,0.0020589828491210938
235519,normal,1326,1,1782361362.6398382,0.001987457275390625
235520,normal,2803,0,1782361362.6418095,0.0019712448120117188
235521,normal,3007,0,1782361362.6438503,0.002040863037109375
235522,normal,417,0,1782361362.6458712,0.0020208358764648438
235523,normal,1349,1,1782361362.6478612,0.001990079879760742
235524,normal,3541,0,1782361362.6498666,0.002005338668823242
235525,normal,224,0,1782361362.651909,0.002042531967163086
235526,normal,590,0,1782361362.6537852,0.0018761157989501953
235527,normal,2405,0,1782361362.6558387,0.002053499221801758
235528,normal,496,0,1782361362.6578336,0.0019948482513427734
235529,normal,3276,1,1782361362.6597767,0.0019431114196777344
235530,normal,1800,0,1782361362.6618478,0.0020711421966552734
235531,normal,2485,0,1782361362.663886,0.002038240432739258
235532,normal,2597,0,1782361362.6661344,0.0022482872009277344
235533,normal,3220,1,1782361362.667835,0.0017006397247314453
235534,normal,2102,0,1782361362.6698444,0.0020093917846679688
235535,normal,109,0,1782361362.6717982,0.0019538402557373047
235536,normal,2759,0,1782361362.6738555,0.002057313919067383
235537,normal,147,0,1782361362.675822,0.0019664764404296875
235538,normal,3292,1,1782361362.6777596,0.0019376277923583984
235539,normal,199,0,1782361362.679832,0.0020723342895507812
235540,normal,3615,0,1782361362.6818361,0.0020041465759277344
235541,normal,816,2,1782361362.683828,0.0019919872283935547
235542,normal,2408,0,1782361362.6859372,0.002109050750732422
235543,normal,310,0,1782361362.687874,0.0019369125366210938
235544,normal,1999,0,1782361362.6898878,0.002013683319091797
235545,normal,3700,0,1782361362.691986,0.0020983219146728516
235546,normal,1511,0,1782361362.6938136,0.0018274784088134766
235547,normal,1907,0,1782361362.6958797,0.0020661354064941406
235548,normal,920,2,1782361362.697893,0.0020132064819335938
235549,normal,2523,0,1782361362.699997,0.002104043960571289
235550,normal,1476,0,1782361362.7018087,0.0018117427825927734
235551,normal,2888,0,1782361362.7039542,0.002145528793334961
235552,normal,2921,0,1782361362.7058892,0.0019350051879882812
235553,normal,2283,0,1782361362.7078216,0.001932382583618164
235554,normal,557,0,1782361362.7099361,0.002114534378051758
235555,normal,487,0,1782361362.7118652,0.0019290447235107422
235556,normal,3625,0,1782361362.7138014,0.001936197280883789
235557,normal,566,0,1782361362.7158296,0.002028226852416992
235558,normal,1792,0,1782361362.7178192,0.001989603042602539
235559,normal,822,2,1782361362.719936,0.002116680145263672
235560,normal,2435,0,1782361362.721983,0.0020470619201660156
235561,normal,3270,1,1782361362.723857,0.0018739700317382812
235562,normal,3648,0,1782361362.7257943,0.0019373893737792969
235563,normal,3119,1,1782361362.7278407,0.002046346664428711
235564,normal,1780,0,1782361362.7298305,0.0019898414611816406
235565,normal,1516,0,1782361362.7317884,0.0019578933715820312
235566,normal,3259,1,1782361362.7339575,0.0021691322326660156
235567,normal,3554,0,1782361362.7357857,0.0018281936645507812
235568,normal,1423,0,1782361362.7378204,0.0020346641540527344
235569,normal,1595,0,1782361362.7398303,0.002009868621826172
235570,normal,1991,0,1782361362.7418396,0.0020093917846679688
235571,normal,1164,0,1782361362.7437913,0.0019516944885253906
235572,normal,1600,0,1782361362.7460153,0.002223968505859375
235573,normal,3468,0,1782361362.74802,0.0020046234130859375
235574,normal,3347,1,1782361362.749842,0.0018219947814941406
235575,normal,3052,1,1782361362.7519124,0.0020704269409179688
235576,normal,3384,1,1782361362.753927,0.002014636993408203
235577,normal,2649,0,1782361362.755851,0.0019240379333496094
235578,normal,2488,0,1782361362.7578516,0.002000570297241211
235579,normal,2140,0,1782361362.7600336,0.0021820068359375
235580,normal,2598,0,1782361362.7619019,0.0018682479858398438
235581,normal,1373,1,1782361362.7638726,0.0019707679748535156
235582,normal,3154,1,1782361362.7659833,0.002110719680786133
235583,normal,1562,0,1782361362.7679906,0.0020072460174560547
235584,normal,2296,0,1782361362.769852,0.0018613338470458984
235585,normal,3684,0,1782361362.771823,0.001971006393432617
235586,normal,3470,0,1782361362.7737923,0.0019693374633789062
235587,normal,3176,1,1782361362.7758253,0.0020329952239990234
235588,normal,1775,0,1782361362.7778583,0.0020329952239990234
235589,normal,2206,0,1782361362.7797875,0.0019292831420898438
235590,normal,1388,0,1782361362.781834,0.002046346664428711
235591,normal,1950,0,1782361362.783825,0.0019910335540771484
235592,normal,587,0,1782361362.7857914,0.0019664764404296875
235593,normal,3383,1,1782361362.787866,0.002074718475341797
235594,normal,2596,0,1782361362.7899332,0.002067089080810547
235595,normal,3131,1,1782361362.791848,0.0019147396087646484
235596,normal,1864,0,1782361362.7938433,0.0019953250885009766
235597,normal,3087,1,1782361362.7958636,0.0020203590393066406
235598,normal,1733,0,1782361362.7978272,0.0019636154174804688
235599,normal,1333,1,1782361362.7998743,0.0020470619201660156
235600,normal,1563,0,1782361362.8019066,0.0020322799682617188
235601,normal,1922,0,1782361362.8037765,0.0018699169158935547
235602,normal,2171,0,1782361362.8058453,0.002068758010864258
235603,normal,1568,0,1782361362.8078456,0.0020003318786621094
235604,normal,1944,0,1782361362.8097854,0.0019397735595703125
235605,normal,2795,0,1782361362.8118403,0.002054929733276367
235606,normal,2421,0,1782361362.8139641,0.0021238327026367188
235607,normal,3003,0,1782361362.8158,0.0018358230590820312
235608,normal,949,2,1782361362.8179407,0.0021407604217529297
235609,normal,1664,0,1782361362.819808,0.0018672943115234375
235610,normal,2402,0,1782361362.8217769,0.001968860626220703
235611,normal,3464,0,1782361362.8238285,0.0020515918731689453
235612,normal,3238,1,1782361362.825877,0.002048492431640625
235613,normal,2418,0,1782361362.8277895,0.0019125938415527344
235614,normal,85,0,1782361362.8298435,0.002053976058959961
235615,normal,284,0,1782361362.831864,0.002020597457885742
235616,normal,229,0,1782361362.8338404,0.0019762516021728516
235617,normal,129,0,1782361362.8358855,0.002045154571533203
235618,normal,1520,0,1782361362.8379123,0.002026796340942383
235619,normal,3226,1,1782361362.8398056,0.0018932819366455078
235620,normal,2851,0,1782361362.8418453,0.002039670944213867
235621,normal,1580,0,1782361362.8438587,0.0020134449005126953
235622,normal,911,2,1782361362.8458052,0.0019464492797851562
235623,normal,399,0,1782361362.8478298,0.0020246505737304688
235624,normal,3059,1,1782361362.849819,0.001989126205444336
235625,normal,1165,0,1782361362.851769,0.0019500255584716797
235626,normal,2792,0,1782361362.853876,0.0021071434020996094
235627,normal,1445,0,1782361362.8558862,0.0020101070404052734
235628,normal,2729,0,1782361362.8578284,0.0019421577453613281
235629,normal,391,0,1782361362.8598754,0.0020470619201660156
235630,normal,717,0,1782361362.8618867,0.0020112991333007812
235631,normal,683,0,1782361362.8638933,0.00200653076171875
235632,normal,3273,1,1782361362.8659692,0.0020759105682373047
235633,normal,1138,0,1782361362.8678792,0.0019099712371826172
235634,normal,1478,0,1782361362.869815,0.0019359588623046875
235635,normal,3210,1,1782361362.8718312,0.0020160675048828125
235636,normal,3695,0,1782361362.8738313,0.002000093460083008
235637,normal,1106,0,1782361362.8757684,0.0019371509552001953
235638,normal,2753,0,1782361362.8779085,0.002140045166015625
235639,normal,1628,0,1782361362.879792,0.0018835067749023438
235640,normal,363,0,1782361362.8818135,0.0020215511322021484
235641,normal,2474,0,1782361362.8838162,0.002002716064453125
235642,normal,1634,0,1782361362.8858175,0.0020012855529785156
235643,normal,1515,0,1782361362.8878517,0.0020341873168945312
235644,normal,2057,0,1782361362.8899004,0.0020487308502197266
235645,normal,2764,0,1782361362.891938,0.002037525177001953
235646,normal,559,0,1782361362.8939319,0.001993894577026367
235647,normal,1773,0,1782361362.8958545,0.001922607421875
235648,normal,1820,0,1782361362.897841,0.0019865036010742188
235649,normal,1202,0,1782361362.8997865,0.00194549560546875
235650,normal,207,0,1782361362.9018514,0.002064943313598633
235651,normal,1072,0,1782361362.9038243,0.0019729137420654297
235652,normal,2438,0,1782361362.9058704,0.0020461082458496094
235653,normal,3257,1,1782361362.9078224,0.0019519329071044922
235654,normal,2042,0,1782361362.909941,0.0021185874938964844
235655,normal,1428,0,1782361362.9118235,0.0018825531005859375
235656,normal,859,2,1782361362.9139469,0.0021233558654785156
235657,normal,3458,0,1782361362.9158337,0.0018868446350097656
235658,normal,3016,0,1782361362.9180617,0.0022280216217041016
235659,normal,2015,0,1782361362.9201264,0.0020647048950195312
235660,normal,1627,0,1782361362.921901,0.0017745494842529297
235661,normal,3093,1,1782361362.9240215,0.002120494842529297
235662,normal,2234,0,1782361362.925936,0.0019145011901855469
235663,normal,2982,0,1782361362.927921,0.0019850730895996094
235664,normal,3701,0,1782361362.92984,0.0019190311431884766
235665,normal,1030,0,1782361362.9318392,0.0019991397857666016
235666,normal,3074,1,1782361362.9340136,0.00217437744140625
235667,normal,1916,0,1782361362.9358425,0.001828908920288086
235668,normal,334,0,1782361362.9378924,0.0020499229431152344
235669,normal,985,2,1782361362.9400182,0.0021257400512695312
235670,normal,3412,0,1782361362.9418838,0.0018656253814697266
235671,normal,140,0,1782361362.9439437,0.0020599365234375
235672,normal,664,0,1782361362.945821,0.0018773078918457031
235673,normal,3528,0,1782361362.9477913,0.0019702911376953125
235674,normal,1226,0,1782361362.9501023,0.0023109912872314453
235675,normal,3365,1,1782361362.952154,0.0020515918731689453
235676,normal,3657,0,1782361362.9539006,0.0017466545104980469
235677,normal,3122,1,1782361362.9558632,0.0019626617431640625
235678,normal,1607,0,1782361362.95789,0.002026796340942383
235679,normal,3225,1,1782361362.959865,0.0019750595092773438
235680,normal,3586,0,1782361362.9619107,0.0020456314086914062
235681,normal,715,0,1782361362.9640617,0.002151012420654297
235682,normal,2494,0,1782361362.9658568,0.001795053482055664
235683,normal,2069,0,1782361362.9678047,0.0019478797912597656
235684,normal,1210,0,1782361362.9698713,0.0020666122436523438
235685,normal,887,2,1782361362.9717984,0.0019271373748779297
235686,normal,253,0,1782361362.9738586,0.0020601749420166016
235687,normal,762,0,1782361362.975844,0.001985311508178711
235688,normal,1666,0,1782361362.977789,0.0019450187683105469
235689,normal,2796,0,1782361362.979842,0.0020530223846435547
235690,normal,2185,0,1782361362.9819007,0.002058744430541992
235691,normal,3246,1,1782361362.9838188,0.0019180774688720703
235692,normal,1285,0,1782361362.9858384,0.002019643783569336
235693,normal,1508,0,1782361362.9878294,0.0019910335540771484
235694,normal,2716,0,1782361362.9897935,0.001964092254638672
235695,normal,1967,0,1782361362.991828,0.002034425735473633
235696,normal,2560,0,1782361362.9938262,0.0019981861114501953
235697,normal,3520,0,1782361362.9957786,0.0019524097442626953
235698,normal,3466,0,1782361362.9978926,0.0021140575408935547
235699,normal,1711,0,1782361362.999914,0.002021312713623047
235700,normal,613,0,1782361363.001819,0.0019049644470214844
235701,normal,2965,0,1782361363.0038524,0.0020334720611572266
235702,normal,1139,0,1782361363.0058525,0.002000093460083008
235703,normal,572,0,1782361363.0078354,0.0019829273223876953
235704,normal,3030,0,1782361363.00983,0.001994609832763672
235705,normal,3077,1,1782361363.0118132,0.001983165740966797
235706,normal,49,0,1782361363.013766,0.0019528865814208984
235707,normal,300,0,1782361363.0158486,0.0020825862884521484
235708,normal,3489,0,1782361363.0178902,0.0020415782928466797
235709,normal,3031,0,1782361363.0198047,0.0019145011901855469
235710,normal,2544,0,1782361363.0218701,0.002065420150756836
235711,normal,1085,0,1782361363.0239072,0.00203704833984375
235712,normal,3533,0,1782361363.0260153,0.0021080970764160156
235713,normal,2554,0,1782361363.0278282,0.0018129348754882812
235714,normal,2797,0,1782361363.029868,0.002039670944213867
235715,normal,1435,0,1782361363.0318687,0.0020008087158203125
235716,normal,651,0,1782361363.033866,0.001997232437133789
235717,normal,2165,0,1782361363.0358157,0.0019497871398925781
235718,normal,1651,0,1782361363.0377614,0.0019457340240478516
235719,normal,748,0,1782361363.0398111,0.002049684524536133
235720,normal,2701,0,1782361363.0418403,0.0020291805267333984
235721,normal,1413,0,1782361363.0437834,0.0019431114196777344
235722,normal,3054,1,1782361363.0458155,0.002032041549682617
235723,normal,3106,1,1782361363.047809,0.001993417739868164
235724,normal,493,0,1782361363.0497594,0.0019505023956298828
235725,normal,2746,0,1782361363.0518167,0.002057313919067383
235726,normal,2218,0,1782361363.0540802,0.0022635459899902344
235727,normal,3027,0,1782361363.0558193,0.0017390251159667969
235728,normal,966,2,1782361363.0579486,0.0021293163299560547
235729,normal,106,0,1782361363.0598068,0.0018582344055175781
235730,normal,3167,1,1782361363.061786,0.0019791126251220703
235731,normal,733,0,1782361363.063858,0.0020720958709716797
235732,normal,3084,1,1782361363.065838,0.0019800662994384766
235733,normal,1088,0,1782361363.0678496,0.002011537551879883
235734,normal,2582,0,1782361363.069927,0.002077341079711914
235735,normal,3020,0,1782361363.071763,0.0018360614776611328
235736,normal,3401,1,1782361363.073765,0.0020020008087158203
235737,normal,447,0,1782361363.075874,0.002109050750732422
235738,normal,214,0,1782361363.077795,0.001920938491821289
235739,normal,1206,0,1782361363.079791,0.0019960403442382812
235740,normal,3617,0,1782361363.081892,0.0021009445190429688
235741,normal,458,0,1782361363.0838754,0.0019834041595458984
235742,normal,669,0,1782361363.0858078,0.001932382583618164
235743,normal,3390,1,1782361363.0878859,0.0020780563354492188
235744,normal,372,0,1782361363.0902853,0.002399444580078125
235745,normal,1911,0,1782361363.092297,0.0020117759704589844
235746,normal,2277,0,1782361363.0937643,0.0014672279357910156
235747,normal,40,0,1782361363.0960565,0.002292156219482422
235748,normal,2778,0,1782361363.0979283,0.0018718242645263672
235749,normal,337,0,1782361363.100202,0.0022737979888916016
235750,normal,2321,0,1782361363.1021483,0.0019462108612060547
235751,normal,2020,0,1782361363.10387,0.0017216205596923828
235752,normal,1331,1,1782361363.1058273,0.001957416534423828
235753,normal,2300,0,1782361363.1078305,0.002003192901611328
235754,normal,1064,0,1782361363.1097634,0.0019328594207763672
235755,normal,722,0,1782361363.1118486,0.0020852088928222656
235756,normal,2219,0,1782361363.113837,0.0019884109497070312
235757,normal,621,0,1782361363.1158023,0.0019652843475341797
235758,normal,2187,0,1782361363.1178367,0.002034425735473633
235759,normal,1983,0,1782361363.1198308,0.0019941329956054688
235760,normal,3517,0,1782361363.121796,0.001965045928955078
235761,normal,556,0,1782361363.123884,0.0020880699157714844
235762,normal,98,0,1782361363.1258988,0.0020148754119873047
235763,normal,1928,0,1782361363.1278489,0.0019500255584716797
235764,normal,2406,0,1782361363.1298175,0.0019686222076416016
235765,normal,913,2,1782361363.1318705,0.0020530223846435547
235766,normal,1965,0,1782361363.1343224,0.0024518966674804688
235767,normal,2434,0,1782361363.135819,0.0014965534210205078
235768,normal,1269,0,1782361363.1378496,0.002030611038208008
235769,normal,2256,0,1782361363.1398103,0.00196075439453125
235770,normal,2801,0,1782361363.1418529,0.002042531967163086
235771,normal,772,2,1782361363.1437821,0.0019292831420898438
235772,normal,2158,0,1782361363.145778,0.0019958019256591797
235773,normal,71,0,1782361363.147865,0.002087116241455078
235774,normal,2994,0,1782361363.1497989,0.0019338130950927734
235775,normal,438,0,1782361363.1517918,0.001992940902709961
235776,normal,3416,0,1782361363.153859,0.002067089080810547
235777,normal,3323,1,1782361363.155843,0.001984119415283203
235778,normal,3640,0,1782361363.1578357,0.0019927024841308594
235779,normal,2094,0,1782361363.1597679,0.0019321441650390625
235780,normal,897,2,1782361363.1618414,0.002073526382446289
235781,normal,3405,0,1782361363.1650424,0.003201007843017578
235782,normal,1167,0,1782361363.1657882,0.0007457733154296875
235783,normal,1908,0,1782361363.1677804,0.0019922256469726562
235784,normal,102,0,1782361363.169798,0.002017498016357422
235785,normal,1280,0,1782361363.1719055,0.0021076202392578125
235786,normal,2628,0,1782361363.1738818,0.0019762516021728516
235787,normal,3660,0,1782361363.1758063,0.0019245147705078125
235788,normal,422,0,1782361363.1778617,0.0020554065704345703
235789,normal,1081,0,1782361363.1798172,0.0019555091857910156
235790,normal,1876,0,1782361363.18177,0.0019528865814208984
235791,normal,2072,0,1782361363.1838381,0.002068042755126953
235792,normal,2024,0,1782361363.1857579,0.0019197463989257812
235793,normal,2722,0,1782361363.1878319,0.002074003219604492
235794,normal,1163,0,1782361363.1898122,0.001980304718017578
235795,normal,1554,0,1782361363.1918125,0.0020003318786621094
235796,normal,1299,0,1782361363.1938183,0.0020058155059814453
235797,normal,1204,0,1782361363.1959357,0.0021173954010009766
235798,normal,2594,0,1782361363.197849,0.001913309097290039
235799,normal,378,0,1782361363.199857,0.0020079612731933594
235800,normal,2776,0,1782361363.2018514,0.0019943714141845703
235801,normal,274,0,1782361363.203849,0.001997709274291992
235802,normal,2374,0,1782361363.205876,0.0020270347595214844
235803,normal,3327,1,1782361363.207835,0.0019588470458984375
235804,normal,420,0,1782361363.209762,0.0019271373748779297
235805,normal,1358,1,1782361363.21184,0.002077817916870117
235806,normal,2713,0,1782361363.2137744,0.0019345283508300781
235807,normal,3595,0,1782361363.2157984,0.002023935317993164
235808,normal,1448,0,1782361363.2178113,0.002012968063354492
235809,normal,1539,0,1782361363.219841,0.0020296573638916016
235810,normal,2660,0,1782361363.2217603,0.0019192695617675781
235811,normal,289,0,1782361363.2238307,0.0020704269409179688
235812,normal,3135,1,1782361363.2258062,0.001975536346435547
235813,normal,1755,0,1782361363.2281,0.002293825149536133
235814,normal,1017,2,1782361363.2299936,0.0018935203552246094
235815,normal,1207,0,1782361363.2318814,0.0018877983093261719
235816,normal,2029,0,1782361363.2338195,0.0019381046295166016
235817,normal,1682,0,1782361363.2358198,0.0020003318786621094
235818,normal,894,2,1782361363.2378736,0.0020537376403808594
235819,normal,3143,1,1782361363.2398293,0.001955747604370117
235820,normal,1776,0,1782361363.2419386,0.0021092891693115234
235821,normal,3157,1,1782361363.2438653,0.0019266605377197266
235822,normal,3575,0,1782361363.2458107,0.00194549560546875
235823,normal,1940,0,1782361363.2478156,0.002004861831665039
235824,normal,840,2,1782361363.2498758,0.0020601749420166016
235825,normal,1235,0,1782361363.25182,0.0019443035125732422
235826,normal,759,0,1782361363.254097,0.002276897430419922
235827,normal,2919,0,1782361363.2560358,0.0019388198852539062
235828,normal,125,0,1782361363.257888,0.001852273941040039
235829,normal,2569,0,1782361363.2598808,0.0019927024841308594
235830,normal,3559,0,1782361363.261931,0.002050161361694336
235831,normal,3095,1,1782361363.2638867,0.001955747604370117
235832,normal,2564,0,1782361363.265822,0.0019352436065673828
235833,normal,714,0,1782361363.2681005,0.002278566360473633
235834,normal,484,0,1782361363.2699318,0.0018312931060791016
235835,normal,591,0,1782361363.2718477,0.0019159317016601562
235836,normal,318,0,1782361363.2741501,0.002302408218383789
235837,normal,168,0,1782361363.276233,0.00208282470703125
235838,normal,1335,1,1782361363.2778573,0.0016243457794189453
235839,normal,1357,1,1782361363.2798414,0.001984119415283203
235840,normal,1811,0,1782361363.2818234,0.001981973648071289
235841,normal,340,0,1782361363.283801,0.001977682113647461
235842,normal,1622,0,1782361363.285883,0.0020818710327148438
235843,normal,3310,1,1782361363.2878215,0.0019385814666748047
235844,normal,4,0,1782361363.2898145,0.001992940902709961
235845,normal,1507,0,1782361363.2918737,0.0020592212677001953
235846,normal,1847,0,1782361363.2938166,0.0019428730010986328
235847,normal,3164,1,1782361363.2958446,0.0020279884338378906
235848,normal,1005,2,1782361363.2978966,0.0020520687103271484
235849,normal,409,0,1782361363.2998765,0.001979827880859375
235850,normal,951,2,1782361363.301821,0.0019445419311523438
235851,normal,1505,0,1782361363.303919,0.00209808349609375
235852,normal,3110,1,1782361363.3058586,0.001939535140991211
235853,normal,1521,0,1782361363.3078613,0.002002716064453125
235854,normal,27,0,1782361363.3099053,0.0020439624786376953
235855,normal,1735,0,1782361363.3118248,0.0019195079803466797
235856,normal,2684,0,1782361363.313834,0.002009153366088867
235857,normal,223,0,1782361363.3158543,0.0020203590393066406
235858,normal,935,2,1782361363.3178167,0.001962423324584961
235859,normal,54,0,1782361363.3198297,0.002012968063354492
235860,normal,1905,0,1782361363.3218908,0.002061128616333008
235861,normal,737,0,1782361363.3238313,0.0019404888153076172
235862,normal,769,0,1782361363.3258672,0.002035856246948242
235863,normal,3476,0,1782361363.3278697,0.0020024776458740234
235864,normal,2012,0,1782361363.3298137,0.0019440650939941406
235865,normal,3548,0,1782361363.3318148,0.002001047134399414
235866,normal,3240,1,1782361363.3338807,0.002065896987915039
235867,normal,2945,0,1782361363.3358004,0.0019197463989257812
235868,normal,424,0,1782361363.3378172,0.002016782760620117
235869,normal,172,0,1782361363.3398833,0.0020661354064941406
235870,normal,3369,1,1782361363.341841,0.0019576549530029297
235871,normal,1444,0,1782361363.343846,0.0020051002502441406
235872,normal,2867,0,1782361363.3459036,0.0020575523376464844
235873,normal,954,2,1782361363.3478434,0.0019397735595703125
235874,normal,1083,0,1782361363.3499525,0.002109050750732422
235875,normal,1989,0,1782361363.3519406,0.0019881725311279297
235876,normal,3614,0,1782361363.3538458,0.001905202865600586
235877,normal,1611,0,1782361363.3558118,0.0019659996032714844
235878,normal,2859,0,1782361363.3578668,0.002054929733276367
235879,normal,510,0,1782361363.3597908,0.0019240379333496094
235880,normal,3471,0,1782361363.36186,0.002069234848022461
235881,normal,2016,0,1782361363.3638446,0.0019845962524414062
235882,normal,1176,0,1782361363.3658218,0.001977205276489258
235883,normal,2407,0,1782361363.367829,0.0020072460174560547
235884,normal,751,0,1782361363.3698921,0.0020630359649658203
235885,normal,1392,0,1782361363.3720012,0.002109050750732422
235886,normal,3128,1,1782361363.373986,0.001984834671020508
235887,normal,830,2,1782361363.37593,0.0019440650939941406
235888,normal,1592,0,1782361363.3778522,0.0019221305847167969
235889,normal,28,0,1782361363.3798141,0.001961946487426758
235890,normal,2830,0,1782361363.3818588,0.002044677734375
235891,normal,3150,1,1782361363.383811,0.0019521713256835938
235892,normal,630,0,1782361363.3858337,0.0020227432250976562
235893,normal,246,0,1782361363.387835,0.0020012855529785156
235894,normal,1383,0,1782361363.3897927,0.0019576549530029297
235895,normal,537,0,1782361363.3917863,0.0019936561584472656
235896,normal,540,0,1782361363.3938444,0.0020580291748046875
235897,normal,1765,0,1782361363.3957753,0.0019309520721435547
235898,normal,2052,0,1782361363.3978808,0.0021054744720458984
235899,normal,1254,0,1782361363.399946,0.0020651817321777344
235900,normal,2232,0,1782361363.401866,0.0019199848175048828
235901,normal,732,0,1782361363.4038558,0.0019898414611816406
235902,normal,665,0,1782361363.4058654,0.0020096302032470703
235903,normal,22,0,1782361363.4078317,0.001966238021850586
235904,normal,1831,0,1782361363.4098268,0.001995086669921875
235905,normal,970,2,1782361363.4118853,0.0020585060119628906
235906,normal,854,2,1782361363.4139493,0.0020639896392822266
235907,normal,946,2,1782361363.4158444,0.0018951892852783203
235908,normal,2964,0,1782361363.4178479,0.0020034313201904297
235909,normal,2279,0,1782361363.4198046,0.0019567012786865234
235910,normal,3693,0,1782361363.4218142,0.0020096302032470703
235911,normal,3482,0,1782361363.4238818,0.00206756591796875
235912,normal,469,0,1782361363.4261107,0.002228975296020508
235913,normal,2400,0,1782361363.4280345,0.0019237995147705078
235914,normal,77,0,1782361363.429921,0.0018863677978515625
235915,normal,83,0,1782361363.4318771,0.0019562244415283203
235916,normal,1736,0,1782361363.4338906,0.0020134449005126953
235917,normal,2065,0,1782361363.4359221,0.002031564712524414
235918,normal,3512,0,1782361363.4378264,0.0019042491912841797
235919,normal,1764,0,1782361363.439799,0.001972675323486328
235920,normal,565,0,1782361363.441847,0.002048015594482422
235921,normal,892,2,1782361363.4438214,0.001974344253540039
235922,normal,1172,0,1782361363.445825,0.0020036697387695312
235923,normal,1052,0,1782361363.4479284,0.0021033287048339844
235924,normal,1418,0,1782361363.4498668,0.0019383430480957031
235925,normal,1016,2,1782361363.4519246,0.002057790756225586
235926,normal,174,0,1782361363.4538813,0.0019567012786865234
235927,normal,975,2,1782361363.4558132,0.001931905746459961
235928,normal,2311,0,1782361363.4578784,0.0020651817321777344
235929,normal,666,0,1782361363.4599044,0.002026081085205078
235930,normal,1079,0,1782361363.461956,0.0020515918731689453
235931,normal,1913,0,1782361363.4638631,0.0019071102142333984
235932,normal,1882,0,1782361363.4658897,0.0020265579223632812
235933,normal,2708,0,1782361363.4678707,0.001981019973754883
235934,normal,2137,0,1782361363.469871,0.0020003318786621094
235935,normal,1703,0,1782361363.4722784,0.0024073123931884766
235936,normal,2533,0,1782361363.4738455,0.0015671253204345703
235937,normal,1524,0,1782361363.475855,0.0020096302032470703
235938,normal,3113,1,1782361363.4778543,0.0019991397857666016
235939,normal,1706,0,1782361363.479841,0.0019867420196533203
235940,normal,3597,0,1782361363.4818163,0.0019752979278564453
235941,normal,1434,0,1782361363.4838965,0.002080202102661133
235942,normal,3161,1,1782361363.4858222,0.0019257068634033203
235943,normal,55,0,1782361363.4878218,0.0019996166229248047
235944,normal,2168,0,1782361363.4899309,0.002109050750732422
235945,normal,2754,0,1782361363.491826,0.0018951892852783203
235946,normal,953,2,1782361363.4938266,0.002000570297241211
235947,normal,2832,0,1782361363.4958742,0.0020475387573242188
235948,normal,610,0,1782361363.497809,0.0019347667694091797
235949,normal,1080,0,1782361363.499806,0.0019969940185546875
235950,normal,1406,0,1782361363.5018628,0.0020568370819091797
235951,normal,831,2,1782361363.5038602,0.0019974708557128906
235952,normal,2736,0,1782361363.5058422,0.001981973648071289
235953,normal,2480,0,1782361363.5079062,0.0020639896392822266
235954,normal,3504,0,1782361363.5098495,0.001943349838256836
235955,normal,2723,0,1782361363.5118406,0.0019910335540771484
235956,normal,1749,0,1782361363.6269343,0.11509370803833008
235957,normal,2984,0,1782361363.6269944,6.008148193359375e-05
235958,normal,2149,0,1782361363.6270242,2.9802322387695312e-05
235959,normal,3057,1,1782361363.6270494,2.5272369384765625e-05
235960,normal,3333,1,1782361363.6270742,2.47955322265625e-05
235961,normal,3145,1,1782361363.6270974,2.3126602172851562e-05
235962,normal,1748,0,1782361363.6271193,2.193450927734375e-05
235963,normal,2686,0,1782361363.6271422,2.288818359375e-05
235964,normal,1849,0,1782361363.6271641,2.193450927734375e-05
235965,normal,1579,0,1782361363.6271884,2.4318695068359375e-05
235966,normal,1790,0,1782361363.6272101,2.1696090698242188e-05
235967,normal,3058,1,1782361363.6272328,2.2649765014648438e-05
235968,normal,1518,0,1782361363.6272552,2.2411346435546875e-05
235969,normal,3308,1,1782361363.6272776,2.2411346435546875e-05
236013,normal,3034,0,1782361363.6277797,0.0005021095275878906
236014,normal,3627,0,1782361363.6298196,0.0020399093627929688
236015,normal,30,0,1782361363.6318343,0.002014636993408203
236016,normal,2853,0,1782361363.6339908,0.002156496047973633
236017,normal,1954,0,1782361363.6358879,0.0018970966339111328
236018,normal,3297,1,1782361363.638003,0.0021152496337890625
236019,normal,3611,0,1782361363.6399355,0.001932382583618164
236020,normal,1366,1,1782361363.6418355,0.0018999576568603516
236021,normal,2584,0,1782361363.6440036,0.0021681785583496094
236022,normal,672,0,1782361363.6459656,0.001961946487426758
236023,normal,3647,0,1782361363.6479118,0.0019462108612060547
236024,normal,3315,1,1782361363.6499422,0.0020303726196289062
236025,normal,2050,0,1782361363.651923,0.0019807815551757812
236026,normal,1578,0,1782361363.6538453,0.0019223690032958984
236027,normal,352,0,1782361363.6559393,0.0020940303802490234
236028,normal,3451,0,1782361363.6579015,0.0019621849060058594
236029,normal,1368,1,1782361363.659824,0.0019223690032958984
236030,normal,3389,1,1782361363.6619651,0.002141237258911133
236031,normal,2492,0,1782361363.663928,0.001962900161743164
236032,normal,804,2,1782361363.6658978,0.0019698143005371094
236033,normal,1605,0,1782361363.6679478,0.0020499229431152344
236034,normal,2209,0,1782361363.6698947,0.0019469261169433594
236035,normal,1858,0,1782361363.6718183,0.0019235610961914062
236036,normal,974,2,1782361363.673939,0.0021207332611083984
236037,normal,989,2,1782361363.6758807,0.001941680908203125
236038,normal,3266,1,1782361363.6778154,0.0019347667694091797
236039,normal,858,2,1782361363.679966,0.0021505355834960938
236040,normal,2391,0,1782361363.6819446,0.001978635787963867
236041,normal,2647,0,1782361363.6840017,0.0020570755004882812
236042,normal,2027,0,1782361363.6858664,0.0018646717071533203
236043,normal,1686,0,1782361363.687975,0.0021085739135742188
236044,normal,702,0,1782361363.6898723,0.0018973350524902344
236045,normal,784,2,1782361363.6919284,0.002056121826171875
236046,normal,1270,0,1782361363.693865,0.0019366741180419922
236047,normal,3610,0,1782361363.6959226,0.0020575523376464844
236048,normal,1011,2,1782361363.6978042,0.0018815994262695312
236049,normal,1564,0,1782361363.699956,0.0021517276763916016
236050,normal,849,2,1782361363.7018747,0.001918792724609375
236051,normal,1438,0,1782361363.7040088,0.002134084701538086
236052,normal,1846,0,1782361363.7061813,0.0021724700927734375
236053,normal,368,0,1782361363.7081056,0.001924276351928711
236054,normal,2547,0,1782361363.7103038,0.0021982192993164062
236055,normal,2623,0,1782361363.7124991,0.0021953582763671875
236056,normal,1466,0,1782361363.7138329,0.0013337135314941406
236057,normal,2683,0,1782361363.715983,0.0021500587463378906
236058,normal,1747,0,1782361363.7179892,0.0020062923431396484
236059,normal,101,0,1782361363.7201946,0.002205371856689453
236060,normal,2960,0,1782361363.7219646,0.00177001953125
236061,normal,3421,0,1782361363.7240047,0.0020401477813720703
236062,normal,3638,0,1782361363.7260242,0.0020194053649902344
236063,normal,1382,0,1782361363.727911,0.0018868446350097656
236064,normal,1249,0,1782361363.7305014,0.0025904178619384766
236065,normal,1372,1,1782361363.732185,0.0016834735870361328
236066,normal,1361,1,1782361363.7341228,0.0019378662109375
236067,normal,402,0,1782361363.735891,0.001768350601196289
236068,normal,674,0,1782361363.737874,0.0019829273223876953
236069,normal,383,0,1782361363.7400963,0.002222299575805664
236070,normal,3526,0,1782361363.7419064,0.0018100738525390625
236071,normal,1054,0,1782361363.743898,0.0019915103912353516
236072,normal,2164,0,1782361363.746492,0.002593994140625
236073,normal,774,2,1782361363.748161,0.001669168472290039
236074,normal,397,0,1782361363.749936,0.0017750263214111328
236075,normal,1129,0,1782361363.7518997,0.0019636154174804688
236076,normal,2700,0,1782361363.7540345,0.0021347999572753906
236077,normal,1629,0,1782361363.7559345,0.0018999576568603516
236078,normal,3062,1,1782361363.7578988,0.0019643306732177734
236079,normal,1102,0,1782361363.7602012,0.002302408218383789
236080,normal,1283,0,1782361363.7620244,0.0018231868743896484
236081,normal,885,2,1782361363.763924,0.0018994808197021484
236082,normal,1022,2,1782361363.7659526,0.0020287036895751953
236083,normal,2590,0,1782361363.767879,0.001926422119140625
236084,normal,2367,0,1782361363.7699873,0.002108335494995117
236085,normal,3316,1,1782361363.7720232,0.002035856246948242
236086,normal,799,2,1782361363.7743092,0.0022859573364257812
236087,normal,2767,0,1782361363.7760835,0.0017743110656738281
236088,normal,103,0,1782361363.7780347,0.0019512176513671875
236089,normal,662,0,1782361363.7799788,0.0019440650939941406
236090,normal,346,0,1782361363.7819667,0.001987934112548828
236091,normal,624,0,1782361363.7840564,0.0020897388458251953
236092,normal,1482,0,1782361363.7859476,0.0018911361694335938
236093,normal,3656,0,1782361363.7879577,0.0020101070404052734
236094,normal,3403,0,1782361363.790332,0.002374410629272461
236095,normal,2585,0,1782361363.7920136,0.0016815662384033203
236096,normal,2318,0,1782361363.7939663,0.0019526481628417969
236097,normal,1019,2,1782361363.796544,0.0025777816772460938
236098,normal,1926,0,1782361363.798317,0.0017728805541992188
236099,normal,257,0,1782361363.7999606,0.0016436576843261719
236100,normal,3419,0,1782361363.80196,0.001999378204345703
236101,normal,2876,0,1782361363.803873,0.0019130706787109375
236102,normal,151,0,1782361363.8059945,0.002121448516845703
236103,normal,316,0,1782361363.807914,0.0019195079803466797
236104,normal,1828,0,1782361363.8098555,0.0019414424896240234
236105,normal,1166,0,1782361363.8120472,0.002191781997680664
236106,normal,2376,0,1782361363.8142788,0.002231597900390625
236107,normal,2635,0,1782361363.8162131,0.0019342899322509766
236108,normal,2262,0,1782361363.8183994,0.002186298370361328
236109,normal,2369,0,1782361363.819849,0.0014495849609375
236110,normal,3318,1,1782361363.8220427,0.0021936893463134766
236111,normal,3091,1,1782361363.823951,0.0019083023071289062
236112,normal,1631,0,1782361363.8259645,0.0020134449005126953
236113,normal,2525,0,1782361363.8280034,0.0020389556884765625
236114,normal,1363,1,1782361363.8299391,0.001935720443725586
236115,normal,3687,0,1782361363.831979,0.0020399093627929688
236116,normal,1781,0,1782361363.8339884,0.0020093917846679688
236117,normal,58,0,1782361363.8359902,0.0020017623901367188
236118,normal,2293,0,1782361363.8379664,0.0019762516021728516
236119,normal,2548,0,1782361363.839945,0.001978635787963867
236120,normal,1180,0,1782361363.8419807,0.0020356178283691406
236121,normal,1704,0,1782361363.8440511,0.0020704269409179688
236122,normal,1093,0,1782361363.8459682,0.001917123794555664
236123,normal,1152,0,1782361363.8479543,0.0019860267639160156
236124,normal,2804,0,1782361363.8499281,0.001973867416381836
236125,normal,2745,0,1782361363.851914,0.001985788345336914
236126,normal,2455,0,1782361363.8540576,0.0021436214447021484
236127,normal,2366,0,1782361363.855958,0.0019004344940185547
236128,normal,2397,0,1782361363.8579237,0.001965761184692383
236129,normal,1099,0,1782361363.859987,0.002063274383544922
236130,normal,2543,0,1782361363.8619614,0.001974344253540039
236131,normal,3269,1,1782361363.8640003,0.0020389556884765625
236132,normal,3352,1,1782361363.865945,0.0019447803497314453
236133,normal,658,0,1782361363.867935,0.0019898414611816406
236134,normal,2022,0,1782361363.8698528,0.0019178390502929688
236135,normal,454,0,1782361363.8719943,0.0021414756774902344
236136,normal,2757,0,1782361363.873955,0.00196075439453125
236137,normal,1006,2,1782361363.8759112,0.0019562244415283203
236138,normal,1178,0,1782361363.878054,0.002142667770385742
236139,normal,152,0,1782361363.8800426,0.001988649368286133
236140,normal,13,0,1782361363.8820662,0.0020236968994140625
236141,normal,1301,0,1782361363.8839962,0.0019299983978271484
236142,normal,1696,0,1782361363.8860703,0.002074003219604492
236143,normal,1707,0,1782361363.8879836,0.001913309097290039
236144,normal,827,2,1782361363.8900058,0.002022266387939453
236145,normal,3291,1,1782361363.8919754,0.001969575881958008
236146,normal,3455,0,1782361363.8939044,0.0019290447235107422
236147,normal,2131,0,1782361363.8960354,0.0021309852600097656
236148,normal,278,0,1782361363.897961,0.0019254684448242188
236149,normal,1159,0,1782361363.8998907,0.0019297599792480469
236150,normal,3295,1,1782361363.902113,0.002222299575805664
236151,normal,3694,0,1782361363.904079,0.0019659996032714844
236152,normal,2487,0,1782361363.9058933,0.0018143653869628906
236153,normal,3239,1,1782361363.9082,0.002306699752807617
236154,normal,2992,0,1782361363.9101307,0.0019307136535644531
236155,normal,2231,0,1782361363.9120295,0.0018987655639648438
236156,normal,186,0,1782361363.9140782,0.0020487308502197266
236157,normal,1721,0,1782361363.9163177,0.0022394657135009766
236158,normal,2189,0,1782361363.9182694,0.0019516944885253906
236159,normal,944,2,1782361363.9201238,0.0018544197082519531
236160,normal,2273,0,1782361363.9220378,0.0019140243530273438
236161,normal,2990,0,1782361363.9239795,0.001941680908203125
236162,normal,1196,0,1782361363.9261262,0.0021467208862304688
236163,normal,1305,0,1782361363.9279695,0.0018432140350341797
236164,normal,736,0,1782361363.9298425,0.001873016357421875
236165,normal,2502,0,1782361363.9321241,0.002281665802001953
236166,normal,3100,1,1782361363.933925,0.0018007755279541016
236167,normal,2285,0,1782361363.9358366,0.0019116401672363281
236168,normal,2034,0,1782361363.938063,0.0022263526916503906
236169,normal,1195,0,1782361363.9399147,0.001851797103881836
236170,normal,1108,0,1782361363.9418354,0.0019207000732421875
236171,normal,3022,0,1782361363.9442334,0.0023980140686035156
236172,normal,63,0,1782361363.9459713,0.001737833023071289
236173,normal,3046,1,1782361363.9480906,0.002119302749633789
236174,normal,3354,1,1782361363.9503875,0.002296924591064453
236175,normal,795,2,1782361363.952688,0.0023005008697509766
236176,normal,1591,0,1782361363.954024,0.0013360977172851562
236177,normal,1288,0,1782361363.9558597,0.0018355846405029297
236178,normal,2524,0,1782361363.9580057,0.002146005630493164
236179,normal,2662,0,1782361363.9599032,0.001897573471069336
236180,normal,3550,0,1782361363.9620383,0.002135038375854492
236181,normal,1722,0,1782361363.9640172,0.0019788742065429688
236182,normal,87,0,1782361363.9662874,0.002270221710205078
236183,normal,2245,0,1782361363.9681685,0.0018811225891113281
236184,normal,890,2,1782361363.9699883,0.0018198490142822266
236185,normal,2345,0,1782361363.9718788,0.001890420913696289
236186,normal,2563,0,1782361363.974,0.0021212100982666016
236187,normal,1352,1,1782361363.9759176,0.0019176006317138672
236188,normal,462,0,1782361363.977882,0.0019643306732177734
236189,normal,1743,0,1782361363.9803224,0.0024404525756835938
236190,normal,2836,0,1782361363.9824207,0.0020983219146728516
236191,normal,2064,0,1782361363.98421,0.0017893314361572266
236192,normal,3245,1,1782361363.986138,0.001928091049194336
236193,normal,3448,0,1782361363.988135,0.0019969940185546875
236194,normal,2694,0,1782361363.990031,0.001895904541015625
236195,normal,2133,0,1782361363.9920223,0.00199127197265625
236196,normal,1725,0,1782361363.9941401,0.0021178722381591797
236197,normal,1103,0,1782361363.995926,0.0017857551574707031
236198,normal,1806,0,1782361363.9978898,0.0019638538360595703
236199,normal,445,0,1782361364.0003173,0.0024275779724121094
236200,normal,2905,0,1782361364.0020196,0.0017023086547851562
236201,normal,1404,0,1782361364.0039957,0.00197601318359375
236202,normal,603,0,1782361364.0064783,0.0024826526641845703
236203,normal,519,0,1782361364.0084417,0.001963376998901367
236204,normal,2891,0,1782361364.010086,0.0016443729400634766
236205,normal,2451,0,1782361364.0120955,0.0020093917846679688
236206,normal,1898,0,1782361364.0139797,0.0018842220306396484
236207,normal,936,2,1782361364.0158432,0.0018634796142578125
236208,normal,1798,0,1782361364.018152,0.0023088455200195312
236209,normal,180,0,1782361364.0201297,0.001977682113647461
236210,normal,1,0,1782361364.0222054,0.002075672149658203
236211,normal,3519,0,1782361364.0242953,0.002089977264404297
236212,normal,1848,0,1782361364.026047,0.0017516613006591797
236213,normal,306,0,1782361364.0280726,0.002025604248046875
236214,normal,2709,0,1782361364.0302176,0.002145051956176758
236215,normal,543,0,1782361364.0320928,0.001875162124633789
236216,normal,351,0,1782361364.0341928,0.0020999908447265625
236217,normal,2926,0,1782361364.0368502,0.0026574134826660156
236218,normal,648,0,1782361364.0380857,0.0012354850769042969
236219,normal,588,0,1782361364.0399868,0.0019011497497558594
236220,normal,3705,0,1782361364.042058,0.0020711421966552734
236221,normal,2931,0,1782361364.0441196,0.002061605453491211
236222,normal,696,0,1782361364.045997,0.0018773078918457031
236223,normal,753,0,1782361364.048112,0.002115011215209961
236224,normal,864,2,1782361364.0499175,0.0018055438995361328
236225,normal,1932,0,1782361364.0519862,0.002068758010864258
236226,normal,2981,0,1782361364.0538905,0.0019042491912841797
236227,normal,3574,0,1782361364.056004,0.0021135807037353516
236228,normal,2536,0,1782361364.0578961,0.00189208984375
236229,normal,2125,0,1782361364.0599954,0.002099275588989258
236230,normal,17,0,1782361364.061904,0.0019085407257080078
236231,normal,2113,0,1782361364.0639997,0.0020956993103027344
236232,normal,3631,0,1782361364.065899,0.0018992424011230469
236233,normal,2346,0,1782361364.0680437,0.0021448135375976562
236234,normal,3173,1,1782361364.0698707,0.0018270015716552734
236235,normal,3149,1,1782361364.071975,0.0021042823791503906
236236,normal,252,0,1782361364.07391,0.0019350051879882812
236237,normal,3540,0,1782361364.0759912,0.002081155776977539
236238,normal,3028,0,1782361364.0780272,0.0020360946655273438
236239,normal,2879,0,1782361364.079862,0.001834869384765625
236240,normal,3139,1,1782361364.0820074,0.0021452903747558594
236241,normal,418,0,1782361364.0839117,0.0019042491912841797
236242,normal,1538,0,1782361364.0860522,0.002140522003173828
236243,normal,256,0,1782361364.0878832,0.0018310546875
236244,normal,818,2,1782361364.090035,0.0021517276763916016
236245,normal,1742,0,1782361364.0918858,0.0018508434295654297
236246,normal,1647,0,1782361364.0940099,0.0021240711212158203
236247,normal,1937,0,1782361364.095974,0.001964092254638672
236248,normal,1632,0,1782361364.0980217,0.0020477771759033203
236249,normal,2565,0,1782361364.0999115,0.0018897056579589844
236250,normal,3217,1,1782361364.1020124,0.0021009445190429688
236251,normal,3630,0,1782361364.1039214,0.001909017562866211
236252,normal,2477,0,1782361364.1060452,0.0021238327026367188
236253,normal,2798,0,1782361364.1080117,0.0019664764404296875
236254,normal,882,2,1782361364.1100116,0.0019998550415039062
236255,normal,3612,0,1782361364.112199,0.002187490463256836
236256,normal,1526,0,1782361364.114068,0.0018689632415771484
236257,normal,3017,0,1782361364.115972,0.0019040107727050781
236258,normal,2443,0,1782361364.1180844,0.0021123886108398438
236259,normal,2838,0,1782361364.1199706,0.001886129379272461
236260,normal,1135,0,1782361364.12209,0.0021195411682128906
236261,normal,2401,0,1782361364.1238794,0.0017893314361572266
236262,normal,1912,0,1782361364.1260755,0.002196073532104492
236263,normal,857,2,1782361364.128112,0.002036571502685547
236264,normal,1523,0,1782361364.1298814,0.0017693042755126953
236265,normal,1532,0,1782361364.1319695,0.0020880699157714844
236266,normal,1901,0,1782361364.1338673,0.0018978118896484375
236267,normal,221,0,1782361364.135955,0.002087831497192383
236268,normal,1947,0,1782361364.1378522,0.0018970966339111328
236269,normal,3284,1,1782361364.140312,0.0024597644805908203
236270,normal,2328,0,1782361364.1420014,0.0016894340515136719
236271,normal,3709,0,1782361364.1440163,0.0020148754119873047
236272,normal,1470,0,1782361364.1459403,0.0019240379333496094
236273,normal,692,0,1782361364.1480033,0.0020630359649658203
236274,normal,176,0,1782361364.1499066,0.0019032955169677734
236275,normal,907,2,1782361364.1520665,0.0021598339080810547
236276,normal,639,0,1782361364.1543727,0.002306222915649414
236277,normal,2873,0,1782361364.1560345,0.0016617774963378906
236278,normal,2742,0,1782361364.1579268,0.0018923282623291016
236279,normal,3665,0,1782361364.1603477,0.0024209022521972656
236280,normal,360,0,1782361364.1619253,0.001577615737915039
236281,normal,1026,2,1782361364.1639915,0.0020661354064941406
236282,normal,2097,0,1782361364.1659546,0.0019631385803222656
236283,normal,2447,0,1782361364.168047,0.0020923614501953125
236284,normal,2077,0,1782361364.1699169,0.0018699169158935547
236285,normal,2995,0,1782361364.172001,0.002084016799926758
236286,normal,3156,1,1782361364.1739266,0.0019257068634033203
236287,normal,1292,0,1782361364.1759744,0.0020477771759033203
236288,normal,1234,0,1782361364.1780143,0.0020399093627929688
236289,normal,3411,0,1782361364.1799436,0.0019292831420898438
236290,normal,2315,0,1782361364.1820743,0.002130746841430664
236291,normal,3538,0,1782361364.1841938,0.0021195411682128906
236292,normal,1379,1,1782361364.1867483,0.0025544166564941406
236293,normal,350,0,1782361364.1883554,0.0016071796417236328
236294,normal,671,0,1782361364.189892,0.0015366077423095703
236295,normal,2096,0,1782361364.1923516,0.0024595260620117188
236296,normal,191,0,1782361364.1940074,0.0016558170318603516
236297,normal,2934,0,1782361364.1960828,0.0020754337310791016
236298,normal,676,0,1782361364.1980472,0.0019643306732177734
236299,normal,2177,0,1782361364.1999714,0.001924276351928711
236300,normal,3252,1,1782361364.2020938,0.0021224021911621094
236301,normal,1150,0,1782361364.2041519,0.0020580291748046875
236302,normal,634,0,1782361364.2059522,0.0018002986907958984
236303,normal,635,0,1782361364.2080312,0.002079010009765625
236304,normal,1650,0,1782361364.2100418,0.0020105838775634766
236305,normal,1433,0,1782361364.2124681,0.0024263858795166016
236306,normal,76,0,1782361364.214096,0.0016279220581054688
236307,normal,2741,0,1782361364.2161589,0.0020627975463867188
236308,normal,1617,0,1782361364.2179024,0.0017435550689697266
236309,normal,660,0,1782361364.2201595,0.002257108688354492
236310,normal,3434,0,1782361364.2219665,0.0018069744110107422
236311,normal,70,0,1782361364.2240741,0.0021076202392578125
236312,normal,1329,1,1782361364.2260997,0.002025604248046875
236313,normal,2330,0,1782361364.2281663,0.0020666122436523438
236314,normal,1969,0,1782361364.2301126,0.0019462108612060547
236315,normal,1337,1,1782361364.231978,0.001865386962890625
236316,normal,2061,0,1782361364.2342308,0.002252817153930664
236317,normal,793,2,1782361364.236071,0.001840353012084961
236318,normal,3688,0,1782361364.2382088,0.0021376609802246094
236319,normal,725,0,1782361364.240229,0.002020120620727539
236320,normal,451,0,1782361364.2419696,0.0017406940460205078
236321,normal,2506,0,1782361364.2440598,0.0020902156829833984
236322,normal,1953,0,1782361364.2461288,0.0020689964294433594
236323,normal,3133,1,1782361364.2481377,0.0020089149475097656
236324,normal,3274,1,1782361364.250032,0.001894235610961914
236325,normal,2948,0,1782361364.2521677,0.002135753631591797
236326,normal,3038,0,1782361364.2539265,0.0017588138580322266
236327,normal,1799,0,1782361364.2560494,0.0021228790283203125
236328,normal,3216,1,1782361364.2580502,0.0020008087158203125
236329,normal,1807,0,1782361364.260067,0.002016782760620117
236330,normal,2398,0,1782361364.262116,0.002048969268798828
236331,normal,1187,0,1782361364.2640939,0.0019779205322265625
236332,normal,1148,0,1782361364.2660398,0.0019459724426269531
236333,normal,2725,0,1782361364.2680378,0.0019979476928710938
236334,normal,1126,0,1782361364.2701457,0.002107858657836914
236335,normal,335,0,1782361364.2720141,0.0018684864044189453
236336,normal,3542,0,1782361364.2741385,0.002124309539794922
236337,normal,1105,0,1782361364.2759795,0.0018410682678222656
236338,normal,3438,0,1782361364.2780223,0.0020427703857421875
236339,normal,1728,0,1782361364.2800612,0.0020389556884765625
236340,normal,3285,1,1782361364.2823973,0.0023360252380371094
236341,normal,2511,0,1782361364.283988,0.001590728759765625
236342,normal,3350,1,1782361364.2861557,0.0021677017211914062
236343,normal,1475,0,1782361364.2881722,0.0020165443420410156
236344,normal,1548,0,1782361364.2901635,0.00199127197265625
236345,normal,2163,0,1782361364.2920032,0.0018396377563476562
236346,normal,111,0,1782361364.2941892,0.0021860599517822266
236347,normal,2375,0,1782361364.2959237,0.0017344951629638672
236348,normal,2840,0,1782361364.2981346,0.002210855484008789
236349,normal,3671,0,1782361364.3001382,0.0020036697387695312
236350,normal,1486,0,1782361364.3020813,0.0019431114196777344
236351,normal,814,2,1782361364.3041103,0.002028942108154297
236352,normal,881,2,1782361364.3060884,0.001978158950805664
236353,normal,3280,1,1782361364.3080885,0.002000093460083008
236354,normal,1328,1,1782361364.3101952,0.0021066665649414062
236355,normal,2347,0,1782361364.3122272,0.002032041549682617
236356,normal,2735,0,1782361364.3141387,0.0019114017486572266
236357,normal,3134,1,1782361364.316216,0.002077341079711914
236358,normal,1356,1,1782361364.3184884,0.002272367477416992
236359,normal,3015,0,1782361364.3202102,0.0017218589782714844
236360,normal,2846,0,1782361364.322365,0.002154827117919922
236361,normal,1489,0,1782361364.3239818,0.0016167163848876953
236362,normal,2622,0,1782361364.3262174,0.0022356510162353516
236363,normal,1044,0,1782361364.3281786,0.001961231231689453
236364,normal,1630,0,1782361364.330226,0.002047300338745117
236365,normal,661,0,1782361364.3318772,0.0016512870788574219
236366,normal,2364,0,1782361364.3343332,0.0024559497833251953
236367,normal,222,0,1782361364.3360202,0.0016870498657226562
236368,normal,2475,0,1782361364.3379369,0.001916646957397461
236369,normal,3111,1,1782361364.339991,0.0020542144775390625
236370,normal,330,0,1782361364.342229,0.0022377967834472656
236371,normal,1078,0,1782361364.343998,0.0017690658569335938
236372,normal,2491,0,1782361364.3461077,0.0021097660064697266
236373,normal,1687,0,1782361364.3480875,0.001979827880859375
236374,normal,120,0,1782361364.3504086,0.002321004867553711
236375,normal,1214,0,1782361364.3521945,0.0017859935760498047
236376,normal,993,2,1782361364.353876,0.0016815662384033203
236377,normal,1824,0,1782361364.3566475,0.0027713775634765625
236378,normal,2129,0,1782361364.3581285,0.0014810562133789062
236379,normal,950,2,1782361364.3599253,0.001796722412109375
236380,normal,1506,0,1782361364.3618808,0.0019555091857910156
236381,normal,213,0,1782361364.364039,0.0021581649780273438
236382,normal,957,2,1782361364.366239,0.0022001266479492188
236383,normal,479,0,1782361364.367921,0.0016820430755615234
236384,normal,969,2,1782361364.369978,0.0020568370819091797
236385,normal,2542,0,1782361364.3724082,0.0024302005767822266
236386,normal,3426,0,1782361364.373907,0.0014989376068115234
236387,normal,1222,0,1782361364.3761454,0.0022382736206054688
236388,normal,650,0,1782361364.377912,0.0017666816711425781
236389,normal,3634,0,1782361364.380008,0.002095937728881836
236390,normal,2180,0,1782361364.3823721,0.0023641586303710938
236391,normal,863,2,1782361364.3840516,0.0016794204711914062
236392,normal,2382,0,1782361364.3867478,0.0026962757110595703
236393,normal,2278,0,1782361364.3881063,0.0013585090637207031
236394,normal,1797,0,1782361364.3903716,0.0022652149200439453
236395,normal,321,0,1782361364.3919969,0.0016252994537353516
236396,normal,341,0,1782361364.3942037,0.0022068023681640625
236397,normal,1667,0,1782361364.3960893,0.0018856525421142578
236398,normal,1537,0,1782361364.3985794,0.0024900436401367188
236399,normal,2427,0,1782361364.4000757,0.0014963150024414062
236400,normal,940,2,1782361364.4023724,0.0022966861724853516
236401,normal,104,0,1782361364.4042957,0.0019233226776123047
236402,normal,2340,0,1782361364.4063501,0.002054452896118164
236403,normal,1027,2,1782361364.408333,0.0019829273223876953
236404,normal,745,0,1782361364.4099903,0.001657247543334961
236405,normal,3379,1,1782361364.4121852,0.0021948814392089844
236406,normal,2703,0,1782361364.4143412,0.0021560192108154297
236407,normal,367,0,1782361364.4159229,0.0015816688537597656
236408,normal,1242,0,1782361364.4181294,0.002206563949584961
236409,normal,2910,0,1782361364.4200106,0.0018811225891113281
236410,normal,3697,0,1782361364.4220328,0.002022266387939453
236411,normal,1168,0,1782361364.4240592,0.0020263195037841797
236412,normal,2626,0,1782361364.4261494,0.0020902156829833984
236413,normal,3102,1,1782361364.4279175,0.0017681121826171875
236414,normal,1782,0,1782361364.43019,0.0022726058959960938
236415,normal,1051,0,1782361364.4321065,0.0019164085388183594
236416,normal,1216,0,1782361364.4341795,0.002073049545288086
236417,normal,3,0,1782361364.4360857,0.0019061565399169922
236418,normal,1637,0,1782361364.4382553,0.0021696090698242188
236419,normal,3555,0,1782361364.4399812,0.001725912094116211
236420,normal,10,0,1782361364.4421058,0.0021245479583740234
236421,normal,2654,0,1782361364.4441783,0.002072572708129883
236422,normal,1531,0,1782361364.446201,0.0020227432250976562
236423,normal,925,2,1782361364.4481,0.0018990039825439453
236424,normal,2857,0,1782361364.450232,0.002131938934326172
236425,normal,1771,0,1782361364.4519515,0.0017194747924804688
236426,normal,1267,0,1782361364.4540334,0.0020818710327148438
236427,normal,290,0,1782361364.456173,0.002139568328857422
236428,normal,1802,0,1782361364.457958,0.0017850399017333984
236429,normal,785,2,1782361364.4600708,0.002112865447998047
236430,normal,3228,1,1782361364.462069,0.0019981861114501953
236431,normal,2668,0,1782361364.4640524,0.0019834041595458984
236432,normal,2724,0,1782361364.466063,0.0020105838775634766
236433,normal,1789,0,1782361364.4682038,0.0021407604217529297
236434,normal,808,2,1782361364.4700606,0.0018568038940429688
236435,normal,2167,0,1782361364.4720092,0.0019485950469970703
236436,normal,2787,0,1782361364.473985,0.0019757747650146484
236437,normal,2679,0,1782361364.4760048,0.0020198822021484375
236438,normal,2270,0,1782361364.4781249,0.0021200180053710938
236439,normal,2173,0,1782361364.4799771,0.001852273941040039
236440,normal,2545,0,1782361364.4820206,0.002043485641479492
236441,normal,997,2,1782361364.4840605,0.0020399093627929688
236442,normal,734,0,1782361364.486204,0.002143383026123047
236443,normal,3005,0,1782361364.4881895,0.0019855499267578125
236444,normal,2415,0,1782361364.4900746,0.0018851757049560547
236445,normal,994,2,1782361364.492297,0.002222299575805664
236446,normal,2659,0,1782361364.4939876,0.0016906261444091797
236447,normal,3230,1,1782361364.4960904,0.0021028518676757812
236448,normal,3641,0,1782361364.49816,0.0020694732666015625
236449,normal,185,0,1782361364.5000768,0.0019168853759765625
236450,normal,1414,0,1782361364.5020342,0.001957416534423828
236451,normal,1794,0,1782361364.503969,0.0019347667694091797
236452,normal,1530,0,1782361364.5059893,0.0020203590393066406
236453,normal,3584,0,1782361364.508054,0.0020647048950195312
236454,normal,2263,0,1782361364.5100696,0.0020155906677246094
236455,normal,833,2,1782361364.512161,0.0020914077758789062
236456,normal,2843,0,1782361364.5139744,0.0018134117126464844
236457,normal,2208,0,1782361364.516092,0.002117633819580078
236458,normal,470,0,1782361364.5180497,0.0019576549530029297
236459,normal,3492,0,1782361364.5201054,0.002055644989013672
236460,normal,188,0,1782361364.5221071,0.0020017623901367188
236461,normal,1169,0,1782361364.5242398,0.0021326541900634766
236462,normal,393,0,1782361364.5263202,0.0020804405212402344
236463,normal,122,0,1782361364.5281184,0.0017981529235839844
236464,normal,1744,0,1782361364.5299954,0.0018770694732666016
236465,normal,3578,0,1782361364.53192,0.0019245147705078125
236466,normal,3708,0,1782361364.5338488,0.0019288063049316406
236467,normal,3171,1,1782361364.5360076,0.0021588802337646484
236468,normal,2766,0,1782361364.5379202,0.0019125938415527344
236469,normal,1702,0,1782361364.54008,0.0021598339080810547
236470,normal,922,2,1782361364.541892,0.001811981201171875
236471,normal,802,2,1782361364.5439763,0.0020842552185058594
236472,normal,3047,1,1782361364.5458832,0.0019068717956542969
236473,normal,1124,0,1782361364.5479622,0.002079010009765625
236474,normal,1259,0,1782361364.5500002,0.0020380020141601562
236475,normal,2353,0,1782361364.5521302,0.0021300315856933594
236476,normal,2134,0,1782361364.554769,0.0026388168334960938
236477,normal,3180,1,1782361364.5561526,0.0013835430145263672
236478,normal,3511,0,1782361364.5580287,0.0018761157989501953
236479,normal,1837,0,1782361364.5599895,0.00196075439453125
236480,normal,1443,0,1782361364.5618904,0.0019009113311767578
236481,normal,1890,0,1782361364.563981,0.0020906925201416016
236482,normal,1058,0,1782361364.5658615,0.0018804073333740234
236483,normal,2254,0,1782361364.5679827,0.0021212100982666016
236484,normal,494,0,1782361364.5701094,0.0021266937255859375
236485,normal,3453,0,1782361364.5721312,0.00202178955078125
236486,normal,1018,2,1782361364.5739443,0.0018131732940673828
236487,normal,1121,0,1782361364.576163,0.0022187232971191406
236488,normal,1823,0,1782361364.577901,0.001737833023071289
236489,normal,396,0,1782361364.580142,0.0022411346435546875
236490,normal,3452,0,1782361364.582011,0.0018689632415771484
236491,normal,2706,0,1782361364.5843186,0.0023076534271240234
236492,normal,1495,0,1782361364.5864108,0.002092123031616211
236493,normal,3571,0,1782361364.588473,0.0020623207092285156
236494,normal,2553,0,1782361364.5902116,0.0017385482788085938
236495,normal,2132,0,1782361364.5920541,0.001842498779296875
236496,normal,1599,0,1782361364.5943608,0.002306699752807617
236497,normal,1620,0,1782361364.5961058,0.001744985580444336
236498,normal,1487,0,1782361364.598258,0.0021522045135498047
236499,normal,426,0,1782361364.6000936,0.0018355846405029297
236500,normal,3446,0,1782361364.602445,0.0023512840270996094
236501,normal,2436,0,1782361364.6041265,0.0016815662384033203
236502,normal,115,0,1782361364.6062584,0.002131938934326172
236503,normal,1545,0,1782361364.6080003,0.0017418861389160156
236504,normal,2153,0,1782361364.6103737,0.0023734569549560547
236505,normal,1812,0,1782361364.6126442,0.0022704601287841797
236506,normal,1936,0,1782361364.6140459,0.001401662826538086
236507,normal,2815,0,1782361364.616093,0.0020470619201660156
236508,normal,1904,0,1782361364.6182473,0.0021543502807617188
236509,normal,1920,0,1782361364.6199503,0.001703023910522461
236510,normal,2266,0,1782361364.6221323,0.0021820068359375
236511,normal,2496,0,1782361364.6239886,0.0018563270568847656
236512,normal,2531,0,1782361364.6265635,0.002574920654296875
236513,normal,3303,1,1782361364.6281357,0.0015721321105957031
236514,normal,1385,0,1782361364.6303887,0.0022530555725097656
236515,normal,158,0,1782361364.6319683,0.0015795230865478516
236516,normal,2349,0,1782361364.634101,0.0021326541900634766
236517,normal,2883,0,1782361364.636204,0.002103090286254883
236518,normal,2481,0,1782361364.6379948,0.001790761947631836
236519,normal,2557,0,1782361364.640068,0.0020732879638671875
236520,normal,955,2,1782361364.642563,0.0024950504302978516
236521,normal,2825,0,1782361364.643858,0.001294851303100586
236522,normal,3643,0,1782361400.965176,0.0
236523,normal,1735,0,1782361400.967138,0.001961946487426758
236524,normal,3266,1,1782361400.9692044,0.002066373825073242
236525,normal,3173,1,1782361400.9712007,0.001996278762817383
236526,normal,465,0,1782361400.9731362,0.0019354820251464844
236527,normal,1345,1,1782361400.9751935,0.002057313919067383
236528,normal,2492,0,1782361400.97729,0.002096414566040039
236529,normal,803,2,1782361400.9791214,0.0018315315246582031
236530,normal,2114,0,1782361400.9811716,0.002050161361694336
236531,normal,932,2,1782361400.983167,0.0019953250885009766
236532,normal,873,2,1782361400.9852016,0.0020346641540527344
236533,normal,92,0,1782361400.987324,0.0021224021911621094
236534,normal,1125,0,1782361400.9893413,0.0020172595977783203
236535,normal,2559,0,1782361400.9913769,0.0020356178283691406
236536,normal,305,0,1782361400.9932194,0.001842498779296875
236537,normal,981,2,1782361400.995402,0.0021827220916748047
236538,normal,2046,0,1782361400.9972143,0.0018122196197509766
236539,normal,3188,1,1782361400.9992201,0.0020058155059814453
236540,normal,1319,1,1782361401.0014055,0.002185344696044922
236541,normal,2758,0,1782361401.0032144,0.0018088817596435547
236542,normal,3177,1,1782361401.0053842,0.0021698474884033203
236543,normal,2147,0,1782361401.0072498,0.0018656253814697266
236544,normal,1251,0,1782361401.009383,0.0021331310272216797
236545,normal,2123,0,1782361401.0112224,0.0018393993377685547
236546,normal,880,2,1782361401.0134063,0.0021839141845703125
236547,normal,1511,0,1782361401.0152187,0.0018124580383300781
236548,normal,3534,0,1782361401.017384,0.0021653175354003906
236549,normal,2272,0,1782361401.019246,0.0018620491027832031
236550,normal,143,0,1782361401.021398,0.002151966094970703
236551,normal,1973,0,1782361401.02322,0.0018219947814941406
236552,normal,1964,0,1782361401.0254061,0.0021860599517822266
236553,normal,954,2,1782361401.0272167,0.0018105506896972656
236554,normal,371,0,1782361401.0293841,0.0021674633026123047
236555,normal,968,2,1782361401.0312583,0.0018742084503173828
236556,normal,1214,0,1782361401.0333765,0.0021181106567382812
236557,normal,540,0,1782361401.0352144,0.0018379688262939453
236558,normal,1542,0,1782361401.0374234,0.0022089481353759766
236559,normal,200,0,1782361401.039236,0.0018126964569091797
236560,normal,3039,0,1782361401.0415509,0.0023148059844970703
236561,normal,177,0,1782361401.0433974,0.0018465518951416016
236562,normal,3573,0,1782361401.0454593,0.0020618438720703125
236563,normal,2715,0,1782361401.0473812,0.0019218921661376953
236564,normal,2481,0,1782361401.0495648,0.002183675765991211
236565,normal,1563,0,1782361401.0512588,0.0016939640045166016
236566,normal,1007,2,1782361401.0537395,0.002480745315551758
236567,normal,1927,0,1782361401.0554168,0.0016772747039794922
236568,normal,253,0,1782361401.0574331,0.002016305923461914
236569,normal,1709,0,1782361401.059382,0.0019488334655761719
236570,normal,1255,0,1782361401.0615435,0.0021615028381347656
236571,normal,1281,0,1782361401.063296,0.001752614974975586
236572,normal,1174,0,1782361401.0653815,0.002085447311401367
236573,normal,1300,0,1782361401.0675688,0.0021872520446777344
236574,normal,2925,0,1782361401.069274,0.001705169677734375
236575,normal,3328,1,1782361401.0713859,0.0021119117736816406
236576,normal,1912,0,1782361401.0736146,0.0022287368774414062
236577,normal,536,0,1782361401.0752513,0.0016367435455322266
236578,normal,1531,0,1782361401.0775614,0.002310037612915039
236579,normal,3654,0,1782361401.0794156,0.0018541812896728516
236580,normal,1747,0,1782361401.0812562,0.0018405914306640625
236581,normal,864,2,1782361401.0834885,0.0022323131561279297
236582,normal,1680,0,1782361401.0853791,0.0018906593322753906
236583,normal,1229,0,1782361401.0872245,0.0018453598022460938
236584,normal,360,0,1782361401.089381,0.002156496047973633
236585,normal,1103,0,1782361401.091378,0.0019969940185546875
236586,normal,1213,0,1782361401.0932279,0.0018498897552490234
236587,normal,2176,0,1782361401.0954013,0.0021734237670898438
236588,normal,3504,0,1782361401.097382,0.0019807815551757812
236589,normal,1547,0,1782361401.0992446,0.0018625259399414062
236590,normal,2789,0,1782361401.101383,0.002138376235961914
236591,normal,2944,0,1782361401.103441,0.0020580291748046875
236592,normal,3551,0,1782361401.1052308,0.0017898082733154297
236593,normal,1146,0,1782361401.1073935,0.0021626949310302734
236594,normal,1841,0,1782361401.1093855,0.0019919872283935547
236595,normal,2873,0,1782361401.1112397,0.0018541812896728516
236596,normal,3006,0,1782361401.1133819,0.002142190933227539
236597,normal,2608,0,1782361401.11539,0.002008199691772461
236598,normal,1437,0,1782361401.117233,0.0018429756164550781
236599,normal,765,0,1782361401.1193988,0.0021657943725585938
236600,normal,1711,0,1782361401.1213903,0.0019915103912353516
236601,normal,296,0,1782361401.1232352,0.0018448829650878906
236602,normal,2725,0,1782361401.1254005,0.0021653175354003906
236603,normal,517,0,1782361401.127395,0.0019943714141845703
236604,normal,2055,0,1782361401.129234,0.0018391609191894531
236605,normal,1885,0,1782361401.131398,0.0021638870239257812
236606,normal,3021,0,1782361401.133531,0.0021331310272216797
236607,normal,519,0,1782361401.1352406,0.0017094612121582031
236608,normal,988,2,1782361401.1374025,0.0021619796752929688
236609,normal,2992,0,1782361401.139409,0.00200653076171875
236610,normal,3436,0,1782361401.1412282,0.0018191337585449219
236611,normal,2903,0,1782361401.1433766,0.0021483898162841797
236612,normal,1677,0,1782361401.1454022,0.002025604248046875
236613,normal,3628,0,1782361401.1472301,0.0018279552459716797
236614,normal,270,0,1782361401.149399,0.002168893814086914
236615,normal,1482,0,1782361401.1514049,0.0020058155059814453
236616,normal,82,0,1782361401.1532307,0.0018258094787597656
236617,normal,380,0,1782361401.1553822,0.0021514892578125
236618,normal,729,0,1782361401.1574187,0.002036571502685547
236619,normal,1826,0,1782361401.1592243,0.0018055438995361328
236620,normal,2600,0,1782361401.1613553,0.0021309852600097656
236621,normal,2911,0,1782361401.163598,0.0022428035736083984
236622,normal,660,0,1782361401.1654482,0.001850128173828125
236623,normal,1190,0,1782361401.167283,0.001834869384765625
236624,normal,2942,0,1782361401.1694722,0.002189159393310547
236625,normal,2059,0,1782361401.1712277,0.0017554759979248047
236626,normal,3114,1,1782361401.173401,0.0021734237670898438
236627,normal,978,2,1782361401.1752203,0.0018191337585449219
236628,normal,2835,0,1782361401.1774278,0.002207517623901367
236629,normal,1231,0,1782361401.179232,0.0018041133880615234
236630,normal,1947,0,1782361401.1816342,0.0024023056030273438
236631,normal,844,2,1782361401.1832962,0.0016620159149169922
236632,normal,3059,1,1782361401.1853883,0.002092123031616211
236633,normal,816,2,1782361401.1876361,0.0022478103637695312
236634,normal,2411,0,1782361401.1892219,0.0015857219696044922
236635,normal,473,0,1782361401.191595,0.002373218536376953
236636,normal,2653,0,1782361401.193465,0.0018699169158935547
236637,normal,1425,0,1782361401.195442,0.0019769668579101562
236638,normal,2178,0,1782361401.1973786,0.0019366741180419922
236639,normal,1456,0,1782361401.199573,0.0021944046020507812
236640,normal,2538,0,1782361401.2012513,0.0016782283782958984
236641,normal,2450,0,1782361401.2035353,0.0022840499877929688
236642,normal,2918,0,1782361401.2052395,0.0017042160034179688
236643,normal,1975,0,1782361401.2072215,0.001981973648071289
236644,normal,570,0,1782361401.2092621,0.0020406246185302734
236645,normal,518,0,1782361401.2114582,0.002196073532104492
236646,normal,3476,0,1782361401.2132254,0.0017671585083007812
236647,normal,2283,0,1782361401.2153943,0.002168893814086914
236648,normal,2930,0,1782361401.2174416,0.002047300338745117
236649,normal,1356,1,1782361401.2192261,0.0017845630645751953
236650,normal,2916,0,1782361401.2212834,0.002057313919067383
236651,normal,1526,0,1782361401.2232802,0.001996755599975586
236652,normal,317,0,1782361401.2251859,0.001905679702758789
236653,normal,3703,0,1782361401.2272246,0.002038717269897461
236654,normal,2066,0,1782361401.2292457,0.0020210742950439453
236655,normal,2798,0,1782361401.2311714,0.0019257068634033203
236656,normal,1439,0,1782361401.2332113,0.0020399093627929688
236657,normal,609,0,1782361401.2351987,0.001987457275390625
236658,normal,1216,0,1782361401.237179,0.001980304718017578
236659,normal,855,2,1782361401.239179,0.0019998550415039062
236660,normal,634,0,1782361401.2411702,0.00199127197265625
236661,normal,685,0,1782361401.2432122,0.002042055130004883
236662,normal,747,0,1782361401.2452178,0.0020055770874023438
236663,normal,1061,0,1782361401.2472034,0.0019855499267578125
236664,normal,221,0,1782361401.2492023,0.0019989013671875
236665,normal,965,2,1782361401.2512279,0.002025604248046875
236666,normal,1786,0,1782361401.253172,0.0019440650939941406
236667,normal,1038,0,1782361401.2552598,0.002087831497192383
236668,normal,3413,0,1782361401.2571816,0.0019218921661376953
236669,normal,1327,1,1782361401.259173,0.00199127197265625
236670,normal,1521,0,1782361401.261174,0.002001047134399414
236671,normal,1917,0,1782361401.2632017,0.002027750015258789
236672,normal,2242,0,1782361401.2651682,0.0019664764404296875
236673,normal,157,0,1782361401.2672093,0.0020411014556884766
236674,normal,3437,0,1782361401.2691696,0.001960277557373047
236675,normal,4,0,1782361401.2712047,0.0020351409912109375
236676,normal,2231,0,1782361401.273205,0.0020003318786621094
236677,normal,3399,1,1782361401.2752123,0.0020072460174560547
236678,normal,3383,1,1782361401.2771714,0.001959085464477539
236679,normal,1798,0,1782361401.2792027,0.0020313262939453125
236680,normal,331,0,1782361401.281249,0.002046346664428711
236681,normal,2220,0,1782361401.2831836,0.0019345283508300781
236682,normal,2751,0,1782361401.2851715,0.001987934112548828
236683,normal,2729,0,1782361401.2872012,0.0020296573638916016
236684,normal,680,0,1782361401.2891712,0.001970052719116211
236685,normal,3366,1,1782361401.2911723,0.002001047134399414
236686,normal,71,0,1782361401.2932026,0.0020303726196289062
236687,normal,2161,0,1782361401.2951887,0.0019860267639160156
236688,normal,468,0,1782361401.2972019,0.0020132064819335938
236689,normal,2348,0,1782361401.2991705,0.0019686222076416016
236690,normal,435,0,1782361401.3012345,0.0020639896392822266
236691,normal,2250,0,1782361401.3031688,0.0019342899322509766
236692,normal,1619,0,1782361401.305203,0.0020341873168945312
236693,normal,1741,0,1782361401.3071725,0.001969575881958008
236694,normal,287,0,1782361401.3092027,0.0020301342010498047
236695,normal,444,0,1782361401.3111682,0.0019655227661132812
236696,normal,2843,0,1782361401.31317,0.0020017623901367188
236697,normal,881,2,1782361401.3152041,0.0020341873168945312
236698,normal,250,0,1782361401.3171773,0.0019731521606445312
236699,normal,2955,0,1782361401.3191705,0.0019931793212890625
236700,normal,222,0,1782361401.3211699,0.001999378204345703
236701,normal,2435,0,1782361401.3231966,0.002026796340942383
236702,normal,2130,0,1782361401.3251705,0.001973867416381836
236703,normal,2021,0,1782361401.327265,0.0020945072174072266
236704,normal,2643,0,1782361401.329176,0.0019109249114990234
236705,normal,1794,0,1782361401.331172,0.0019960403442382812
236706,normal,2474,0,1782361401.3331752,0.002003192901611328
236707,normal,562,0,1782361401.335201,0.0020258426666259766
236708,normal,1615,0,1782361401.3371682,0.001967191696166992
236709,normal,125,0,1782361401.3392038,0.0020356178283691406
236710,normal,1258,0,1782361401.3411689,0.001965045928955078
236711,normal,3373,1,1782361401.343166,0.001997232437133789
236712,normal,3326,1,1782361401.3452072,0.0020411014556884766
236713,normal,2626,0,1782361401.3472078,0.002000570297241211
236714,normal,3033,0,1782361401.3492212,0.0020134449005126953
236715,normal,449,0,1782361401.3511846,0.001963376998901367
236716,normal,1351,1,1782361401.35318,0.0019953250885009766
236717,normal,3023,0,1782361401.3552203,0.002040386199951172
236718,normal,2837,0,1782361401.3571718,0.001951456069946289
236719,normal,3645,0,1782361401.3592186,0.002046823501586914
236720,normal,2866,0,1782361401.3612194,0.0020008087158203125
236721,normal,2791,0,1782361401.3631742,0.001954793930053711
236722,normal,2169,0,1782361401.365217,0.0020427703857421875
236723,normal,1681,0,1782361401.3672276,0.0020105838775634766
236724,normal,582,0,1782361401.3692007,0.0019731521606445312
236725,normal,1832,0,1782361401.3712177,0.0020170211791992188
236726,normal,278,0,1782361401.3732147,0.0019969940185546875
236727,normal,2702,0,1782361401.3751748,0.0019600391387939453
236728,normal,304,0,1782361401.3772168,0.002042055130004883
236729,normal,3647,0,1782361401.3792164,0.0019996166229248047
236730,normal,1941,0,1782361401.381173,0.001956462860107422
236731,normal,2872,0,1782361401.3832138,0.002040863037109375
236732,normal,40,0,1782361401.3851786,0.0019648075103759766
236733,normal,2378,0,1782361401.387174,0.0019953250885009766
236734,normal,1577,0,1782361401.3892028,0.002028942108154297
236735,normal,764,0,1782361401.3912177,0.0020148754119873047
236736,normal,218,0,1782361401.39318,0.0019621849060058594
236737,normal,2627,0,1782361401.3952167,0.0020368099212646484
236738,normal,3522,0,1782361401.3972027,0.0019860267639160156
236739,normal,1339,1,1782361401.399172,0.0019693374633789062
236740,normal,257,0,1782361401.4012022,0.0020301342010498047
236741,normal,2723,0,1782361401.4032152,0.002012968063354492
236742,normal,559,0,1782361401.405171,0.001955747604370117
236743,normal,684,0,1782361401.4072177,0.002046823501586914
236744,normal,1545,0,1782361401.4092014,0.001983642578125
236745,normal,2607,0,1782361401.4111786,0.001977205276489258
236746,normal,1005,2,1782361401.4132042,0.002025604248046875
236747,normal,1171,0,1782361401.4152176,0.0020134449005126953
236748,normal,2574,0,1782361401.417183,0.0019652843475341797
236749,normal,2292,0,1782361401.419173,0.001990079879760742
236750,normal,2331,0,1782361401.4212072,0.0020341873168945312
236751,normal,1603,0,1782361401.423175,0.001967906951904297
236752,normal,3359,1,1782361401.4252112,0.0020360946655273438
236753,normal,997,2,1782361401.4271827,0.0019714832305908203
236754,normal,3325,1,1782361401.429204,0.002021312713623047
236755,normal,1361,1,1782361401.4313273,0.0021233558654785156
236756,normal,2182,0,1782361401.4332426,0.0019152164459228516
236757,normal,2977,0,1782361401.4352214,0.0019788742065429688
236758,normal,3344,1,1782361401.4372802,0.002058744430541992
236759,normal,2173,0,1782361401.4392464,0.001966238021850586
236760,normal,3233,1,1782361401.4412005,0.0019540786743164062
236761,normal,810,2,1782361401.4432132,0.0020127296447753906
236762,normal,3529,0,1782361401.4452326,0.0020194053649902344
236763,normal,1064,0,1782361401.4471686,0.0019359588623046875
236764,normal,1378,1,1782361401.449196,0.0020275115966796875
236765,normal,1656,0,1782361401.4512222,0.002026081085205078
236766,normal,3398,1,1782361401.4531684,0.0019462108612060547
236767,normal,3122,1,1782361401.4552426,0.0020742416381835938
236768,normal,1441,0,1782361401.4572296,0.001986980438232422
236769,normal,1802,0,1782361401.4591699,0.0019402503967285156
236770,normal,3011,0,1782361401.4612284,0.0020585060119628906
236771,normal,217,0,1782361401.4632454,0.0020170211791992188
236772,normal,2802,0,1782361401.465182,0.0019366741180419922
236773,normal,1940,0,1782361401.467213,0.0020308494567871094
236774,normal,919,2,1782361401.4692242,0.0020112991333007812
236775,normal,98,0,1782361401.4711719,0.001947641372680664
236776,normal,161,0,1782361401.4732,0.002028226852416992
236777,normal,463,0,1782361401.4752135,0.0020134449005126953
236778,normal,1183,0,1782361401.4771688,0.001955270767211914
236779,normal,867,2,1782361401.4792128,0.0020439624786376953
236780,normal,1718,0,1782361401.4812093,0.0019965171813964844
236781,normal,2437,0,1782361401.4831738,0.001964569091796875
236782,normal,3354,1,1782361401.4852006,0.002026796340942383
236783,normal,2979,0,1782361401.4872139,0.0020132064819335938
236784,normal,2625,0,1782361401.4891756,0.0019617080688476562
236785,normal,2880,0,1782361401.4912112,0.0020356178283691406
236786,normal,1053,0,1782361401.493204,0.001992940902709961
236787,normal,2116,0,1782361401.4951673,0.0019631385803222656
236788,normal,337,0,1782361401.4972098,0.002042531967163086
236789,normal,2201,0,1782361401.4992115,0.0020017623901367188
236790,normal,3265,1,1782361401.5011742,0.0019626617431640625
236791,normal,2587,0,1782361401.5032132,0.0020389556884765625
236792,normal,112,0,1782361401.5052001,0.001986980438232422
236793,normal,2414,0,1782361401.5071676,0.0019674301147460938
236794,normal,2631,0,1782361401.5092132,0.0020456314086914062
236795,normal,2337,0,1782361401.5112116,0.001998424530029297
236796,normal,2484,0,1782361401.5131664,0.001954793930053711
236797,normal,1455,0,1782361401.5152152,0.0020487308502197266
236798,normal,152,0,1782361401.5172114,0.001996278762817383
236799,normal,2935,0,1782361401.5191655,0.0019540786743164062
236800,normal,7,0,1782361401.521169,0.0020034313201904297
236801,normal,1513,0,1782361401.5232491,0.002080202102661133
236802,normal,1765,0,1782361401.525176,0.0019268989562988281
236803,normal,1453,0,1782361401.527213,0.00203704833984375
236804,normal,2581,0,1782361401.5292072,0.0019941329956054688
236805,normal,2826,0,1782361401.5311677,0.0019605159759521484
236806,normal,1518,0,1782361401.5332096,0.0020418167114257812
236807,normal,2278,0,1782361401.5352125,0.0020029544830322266
236808,normal,875,2,1782361401.5371656,0.001953125
236809,normal,2871,0,1782361401.539211,0.0020453929901123047
236810,normal,1722,0,1782361401.5412006,0.001989603042602539
236811,normal,1994,0,1782361401.5431688,0.0019681453704833984
236812,normal,1605,0,1782361401.5452094,0.0020406246185302734
236813,normal,427,0,1782361401.547214,0.0020046234130859375
236814,normal,263,0,1782361401.549167,0.0019528865814208984
236815,normal,1725,0,1782361401.5512123,0.0020453929901123047
236816,normal,441,0,1782361401.5531983,0.0019860267639160156
236817,normal,2078,0,1782361401.5551686,0.0019702911376953125
236818,normal,2431,0,1782361401.5572104,0.0020418167114257812
236819,normal,2621,0,1782361401.5592144,0.002003908157348633
236820,normal,2655,0,1782361401.5611715,0.0019571781158447266
236821,normal,1243,0,1782361401.5632114,0.0020399093627929688
236822,normal,428,0,1782361401.5651994,0.001987934112548828
236823,normal,2486,0,1782361401.5671723,0.0019729137420654297
236824,normal,3649,0,1782361401.5692108,0.0020384788513183594
236825,normal,3432,0,1782361401.5712132,0.0020024776458740234
236826,normal,1364,1,1782361401.5731716,0.0019583702087402344
236827,normal,3169,1,1782361401.5752094,0.0020377635955810547
236828,normal,174,0,1782361401.5772452,0.002035856246948242
236829,normal,3352,1,1782361401.579207,0.0019617080688476562
236830,normal,3346,1,1782361401.5812163,0.0020093917846679688
236831,normal,3470,0,1782361401.5832171,0.0020008087158203125
236832,normal,226,0,1782361401.5851705,0.0019533634185791016
236833,normal,1031,0,1782361401.5871677,0.001997232437133789
236834,normal,1224,0,1782361401.5891774,0.0020096302032470703
236835,normal,1283,0,1782361401.5911644,0.001986980438232422
236836,normal,3020,0,1782361401.59315,0.0019855499267578125
236837,normal,2615,0,1782361401.595208,0.0020580291748046875
236838,normal,2534,0,1782361401.597352,0.0021440982818603516
236839,normal,3158,1,1782361401.5991962,0.001844167709350586
236840,normal,1097,0,1782361401.6013536,0.002157449722290039
236841,normal,1767,0,1782361401.6031997,0.0018460750579833984
236842,normal,2958,0,1782361401.6053793,0.0021796226501464844
236843,normal,3621,0,1782361401.6074405,0.002061128616333008
236844,normal,3667,0,1782361401.6094086,0.0019681453704833984
236845,normal,2152,0,1782361401.6113758,0.001967191696166992
236846,normal,2647,0,1782361401.613749,0.002373218536376953
236847,normal,1428,0,1782361401.615217,0.0014679431915283203
236848,normal,1799,0,1782361401.6173503,0.0021333694458007812
236849,normal,2090,0,1782361401.6194205,0.002070188522338867
236850,normal,1507,0,1782361401.62123,0.0018093585968017578
236851,normal,1579,0,1782361401.6233637,0.0021338462829589844
236852,normal,1389,0,1782361401.6253994,0.0020356178283691406
236853,normal,2566,0,1782361401.6272116,0.0018122196197509766
236854,normal,1551,0,1782361401.6293566,0.002145051956176758
236855,normal,2792,0,1782361401.631374,0.0020172595977783203
236856,normal,3691,0,1782361401.6332297,0.0018558502197265625
236857,normal,964,2,1782361401.635366,0.00213623046875
236858,normal,1074,0,1782361401.6374102,0.002044200897216797
236859,normal,2440,0,1782361401.639208,0.0017979145050048828
236860,normal,159,0,1782361401.6413622,0.002154111862182617
236861,normal,547,0,1782361401.6433861,0.002023935317993164
236862,normal,2619,0,1782361401.6452224,0.0018362998962402344
236863,normal,761,0,1782361401.6473606,0.0021381378173828125
236864,normal,1082,0,1782361401.649422,0.0020613670349121094
236865,normal,3332,1,1782361401.6512287,0.0018067359924316406
236866,normal,247,0,1782361401.6533666,0.002137899398803711
236867,normal,2452,0,1782361401.6554186,0.0020520687103271484
236868,normal,1406,0,1782361401.6572058,0.0017871856689453125
236869,normal,1652,0,1782361401.6593497,0.00214385986328125
236870,normal,3669,0,1782361401.6614306,0.0020809173583984375
236871,normal,2244,0,1782361401.6632047,0.0017740726470947266
236872,normal,879,2,1782361401.665361,0.0021562576293945312
236873,normal,779,2,1782361401.667422,0.002061128616333008
236874,normal,3205,1,1782361401.6692297,0.0018076896667480469
236875,normal,799,2,1782361401.6713622,0.002132415771484375
236876,normal,1991,0,1782361401.6734297,0.00206756591796875
236877,normal,1825,0,1782361401.6752062,0.0017764568328857422
236878,normal,3068,1,1782361401.677352,0.0021457672119140625
236879,normal,1555,0,1782361401.6793234,0.0019714832305908203
236880,normal,749,0,1782361401.6813352,0.0020117759704589844
236881,normal,19,0,1782361401.683244,0.0019087791442871094
236882,normal,2458,0,1782361401.6853397,0.0020956993103027344
236883,normal,1689,0,1782361401.687209,0.00186920166015625
236884,normal,3635,0,1782361401.689363,0.002154111862182617
236885,normal,2858,0,1782361401.691361,0.0019979476928710938
236886,normal,618,0,1782361401.6932077,0.0018467903137207031
236887,normal,635,0,1782361401.6953592,0.0021514892578125
236888,normal,2933,0,1782361401.6973479,0.001988649368286133
236889,normal,1060,0,1782361401.6991942,0.0018463134765625
236890,normal,2207,0,1782361401.7013397,0.002145528793334961
236891,normal,2557,0,1782361401.7032301,0.001890420913696289
236892,normal,1242,0,1782361401.705263,0.002032756805419922
236893,normal,3103,1,1782361401.7071803,0.0019173622131347656
236894,normal,2809,0,1782361401.7092073,0.0020270347595214844
236895,normal,2094,0,1782361401.7113385,0.002131223678588867
236896,normal,455,0,1782361401.713232,0.0018935203552246094
236897,normal,11,0,1782361401.7153528,0.0021207332611083984
236898,normal,604,0,1782361401.7172055,0.0018527507781982422
236899,normal,164,0,1782361401.7193575,0.002151966094970703
236900,normal,3022,0,1782361401.7214549,0.0020973682403564453
236901,normal,122,0,1782361401.723212,0.0017571449279785156
236902,normal,3517,0,1782361401.7253506,0.0021386146545410156
236903,normal,2407,0,1782361401.7273607,0.0020101070404052734
236904,normal,695,0,1782361401.7292058,0.0018451213836669922
236905,normal,1928,0,1782361401.7313635,0.0021576881408691406
236906,normal,2890,0,1782361401.7333574,0.001993894577026367
236907,normal,2884,0,1782361401.7352052,0.0018477439880371094
236908,normal,712,0,1782361401.7373598,0.0021545886993408203
236909,normal,2126,0,1782361401.739356,0.001996278762817383
236910,normal,522,0,1782361401.7412057,0.0018496513366699219
236911,normal,1,0,1782361401.7433577,0.002151966094970703
236912,normal,32,0,1782361401.7453616,0.002003908157348633
236913,normal,1831,0,1782361401.747225,0.0018634796142578125
236914,normal,343,0,1782361401.7493732,0.002148151397705078
236915,normal,2150,0,1782361401.7513485,0.0019752979278564453
236916,normal,2812,0,1782361401.7532284,0.0018799304962158203
236917,normal,3407,0,1782361401.755396,0.0021674633026123047
236918,normal,583,0,1782361401.757338,0.0019421577453613281
236919,normal,2921,0,1782361401.7592256,0.0018875598907470703
236920,normal,3708,0,1782361401.7612383,0.0020127296447753906
236921,normal,135,0,1782361401.7633917,0.0021533966064453125
236922,normal,8,0,1782361401.7652092,0.001817464828491211
236923,normal,1042,0,1782361401.7675648,0.0023555755615234375
236924,normal,3077,1,1782361401.7692106,0.001645803451538086
236925,normal,521,0,1782361401.7713647,0.002154111862182617
236926,normal,1465,0,1782361401.773201,0.0018362998962402344
236927,normal,2988,0,1782361401.7753549,0.0021538734436035156
236928,normal,2749,0,1782361401.7772017,0.0018467903137207031
236929,normal,951,2,1782361401.7793553,0.002153635025024414
236930,normal,3590,0,1782361401.781274,0.001918792724609375
236931,normal,2847,0,1782361401.783392,0.0021178722381591797
236932,normal,1399,0,1782361401.785211,0.0018191337585449219
236933,normal,3079,1,1782361401.7874365,0.0022253990173339844
236934,normal,3210,1,1782361401.7891994,0.0017628669738769531
236935,normal,1494,0,1782361401.7915747,0.002375364303588867
236936,normal,2469,0,1782361401.793381,0.0018062591552734375
236937,normal,2863,0,1782361401.795209,0.0018279552459716797
236938,normal,3129,1,1782361401.797355,0.002146005630493164
236939,normal,3365,1,1782361401.7993538,0.0019989013671875
236940,normal,1328,1,1782361401.8013978,0.0020439624786376953
236941,normal,1390,0,1782361401.8032527,0.0018548965454101562
236942,normal,836,2,1782361401.805405,0.0021522045135498047
236943,normal,782,2,1782361401.80719,0.0017850399017333984
236944,normal,1707,0,1782361401.8093717,0.0021817684173583984
236945,normal,383,0,1782361401.8112087,0.001837015151977539
236946,normal,1305,0,1782361401.8133662,0.002157449722290039
236947,normal,1205,0,1782361401.8152027,0.001836538314819336
236948,normal,2532,0,1782361401.8173661,0.002163410186767578
236949,normal,1162,0,1782361401.819203,0.0018367767333984375
236950,normal,1789,0,1782361401.8213754,0.0021724700927734375
236951,normal,693,0,1782361401.823203,0.0018277168273925781
236952,normal,1602,0,1782361401.8253925,0.0021893978118896484
236953,normal,178,0,1782361401.827203,0.0018105506896972656
236954,normal,1012,2,1782361401.8293684,0.0021653175354003906
236955,normal,2429,0,1782361401.831201,0.001832723617553711
236956,normal,3597,0,1782361401.8333669,0.0021657943725585938
236957,normal,1502,0,1782361401.835203,0.0018360614776611328
236958,normal,627,0,1782361401.8373845,0.002181529998779297
236959,normal,439,0,1782361401.8392036,0.0018191337585449219
236960,normal,862,2,1782361401.841374,0.0021703243255615234
236961,normal,1024,2,1782361401.8432014,0.0018274784088134766
236962,normal,3600,0,1782361401.8453696,0.0021681785583496094
236963,normal,2353,0,1782361401.8472025,0.0018329620361328125
236964,normal,2303,0,1782361401.8493886,0.0021860599517822266
236965,normal,282,0,1782361401.8512025,0.0018138885498046875
236966,normal,2191,0,1782361401.853372,0.0021696090698242188
236967,normal,2906,0,1782361401.8552012,0.0018291473388671875
236968,normal,3061,1,1782361401.8573692,0.002167940139770508
236969,normal,2399,0,1782361401.8592026,0.0018334388732910156
236970,normal,3511,0,1782361401.861377,0.00217437744140625
236971,normal,3403,0,1782361401.8631968,0.0018198490142822266
236972,normal,543,0,1782361401.8653684,0.0021715164184570312
236973,normal,1702,0,1782361401.8671973,0.001828908920288086
236974,normal,2151,0,1782361401.869353,0.002155780792236328
236975,normal,531,0,1782361401.8712144,0.0018613338470458984
236976,normal,2136,0,1782361401.8733563,0.0021419525146484375
236977,normal,2371,0,1782361401.8751957,0.0018393993377685547
236978,normal,718,0,1782361401.8773727,0.002177000045776367
236979,normal,1067,0,1782361401.8792017,0.001828908920288086
236980,normal,3141,1,1782361401.8814251,0.002223491668701172
236981,normal,3612,0,1782361401.8837278,0.0023026466369628906
236982,normal,1809,0,1782361401.8851871,0.001459360122680664
236983,normal,2099,0,1782361401.8871727,0.0019855499267578125
236984,normal,1630,0,1782361401.8892603,0.0020875930786132812
236985,normal,2659,0,1782361401.8912709,0.0020105838775634766
236986,normal,2421,0,1782361401.8932104,0.001939535140991211
236987,normal,2160,0,1782361401.8953946,0.002184152603149414
236988,normal,2506,0,1782361401.897217,0.0018224716186523438
236989,normal,1788,0,1782361401.8993723,0.002155303955078125
236990,normal,2849,0,1782361401.9014106,0.002038240432739258
236991,normal,3250,1,1782361401.9032207,0.0018100738525390625
236992,normal,2801,0,1782361401.9053798,0.00215911865234375
236993,normal,3303,1,1782361401.9072456,0.0018658638000488281
236994,normal,3249,1,1782361401.9093795,0.0021338462829589844
236995,normal,3391,1,1782361401.911215,0.0018355846405029297
236996,normal,1724,0,1782361401.9134152,0.0022001266479492188
236997,normal,1458,0,1782361401.915217,0.0018017292022705078
236998,normal,3381,1,1782361401.917371,0.002154111862182617
236999,normal,786,2,1782361401.9194174,0.002046346664428711
237000,normal,1447,0,1782361401.9212174,0.0018000602722167969
237001,normal,2654,0,1782361401.92338,0.002162456512451172
237002,normal,3648,0,1782361401.9252303,0.0018503665924072266
237003,normal,2302,0,1782361401.9273725,0.002142190933227539
237004,normal,1379,1,1782361401.9292173,0.0018448829650878906
237005,normal,3222,1,1782361401.931499,0.002281665802001953
237006,normal,2288,0,1782361401.933217,0.0017180442810058594
237007,normal,2924,0,1782361401.9353817,0.002164602279663086
237008,normal,1549,0,1782361401.937314,0.001932382583618164
237009,normal,3387,1,1782361401.9393804,0.002066373825073242
237010,normal,2305,0,1782361401.9412172,0.0018367767333984375
237011,normal,3469,0,1782361401.94341,0.0021927356719970703
237012,normal,1684,0,1782361401.9452167,0.0018067359924316406
237013,normal,2595,0,1782361401.9474077,0.0021910667419433594
237014,normal,3339,1,1782361401.9492452,0.0018374919891357422
237015,normal,703,0,1782361401.9515643,0.0023190975189208984
237016,normal,2491,0,1782361401.9532204,0.0016560554504394531
237017,normal,377,0,1782361401.955395,0.0021746158599853516
237018,normal,1054,0,1782361401.9572213,0.0018262863159179688
237019,normal,481,0,1782361401.9593716,0.002150297164916992
237020,normal,2329,0,1782361401.9612508,0.0018792152404785156
237021,normal,3155,1,1782361401.9633024,0.0020515918731689453
237022,normal,1503,0,1782361401.965215,0.0019125938415527344
237023,normal,771,0,1782361401.9674203,0.002205371856689453
237024,normal,1161,0,1782361401.969216,0.0017957687377929688
237025,normal,1875,0,1782361401.9713814,0.0021653175354003906
237026,normal,1419,0,1782361401.973255,0.0018734931945800781
237027,normal,2310,0,1782361401.9753726,0.002117633819580078
237028,normal,3385,1,1782361401.9772148,0.0018422603607177734
237029,normal,220,0,1782361401.979393,0.002178192138671875
237030,normal,1473,0,1782361401.9812174,0.0018243789672851562
237031,normal,1366,1,1782361401.9833724,0.0021550655364990234
237032,normal,3091,1,1782361401.9852602,0.0018877983093261719
237033,normal,638,0,1782361401.9874055,0.0021452903747558594
237034,normal,527,0,1782361401.9892142,0.0018086433410644531
237035,normal,2279,0,1782361401.9913926,0.0021784305572509766
237036,normal,3690,0,1782361401.9932175,0.0018248558044433594
237037,normal,3196,1,1782361401.9953718,0.0021543502807617188
237038,normal,804,2,1782361401.9972656,0.001893758773803711
237039,normal,3157,1,1782361401.999407,0.0021414756774902344
237040,normal,708,0,1782361402.0012152,0.00180816650390625
237041,normal,1335,1,1782361402.0034022,0.002187013626098633
237042,normal,2501,0,1782361402.0052142,0.001811981201171875
237043,normal,2917,0,1782361402.0073724,0.0021581649780273438
237044,normal,2148,0,1782361402.0092702,0.0018978118896484375
237045,normal,338,0,1782361402.0114095,0.0021393299102783203
237046,normal,1951,0,1782361402.0132158,0.0018062591552734375
237047,normal,3197,1,1782361402.0153959,0.0021800994873046875
237048,normal,725,0,1782361402.0172162,0.0018203258514404297
237049,normal,3212,1,1782361402.0193813,0.002165079116821289
237050,normal,2920,0,1782361402.021275,0.001893758773803711
237051,normal,2900,0,1782361402.0234025,0.002127408981323242
237052,normal,2315,0,1782361402.025216,0.001813650131225586
237053,normal,1329,1,1782361402.0273907,0.0021746158599853516
237054,normal,2174,0,1782361402.0292158,0.001825094223022461
237055,normal,1525,0,1782361402.031374,0.0021581649780273438
237056,normal,3336,1,1782361402.0332818,0.0019078254699707031
237057,normal,2210,0,1782361402.0353787,0.002096891403198242
237058,normal,757,0,1782361402.0372186,0.0018398761749267578
237059,normal,2952,0,1782361402.039393,0.00217437744140625
237060,normal,1260,0,1782361402.0412166,0.0018236637115478516
237061,normal,784,2,1782361402.043371,0.0021543502807617188
237062,normal,3553,0,1782361402.0452576,0.001886606216430664
237063,normal,1640,0,1782361402.0474064,0.002148866653442383
237064,normal,3069,1,1782361402.0492158,0.0018093585968017578
237065,normal,3601,0,1782361402.0513935,0.002177715301513672
237066,normal,1400,0,1782361402.0532155,0.0018219947814941406
237067,normal,3709,0,1782361402.055374,0.0021584033966064453
237068,normal,1078,0,1782361402.0572908,0.0019168853759765625
237069,normal,1635,0,1782361402.0594025,0.002111673355102539
237070,normal,2067,0,1782361402.0612154,0.0018129348754882812
237071,normal,499,0,1782361402.0633943,0.0021789073944091797
237072,normal,883,2,1782361402.0652158,0.0018215179443359375
237073,normal,2709,0,1782361402.0673707,0.002154827117919922
237074,normal,384,0,1782361402.0692947,0.0019240379333496094
237075,normal,169,0,1782361402.0714023,0.0021076202392578125
237076,normal,3309,1,1782361402.0732136,0.0018112659454345703
237077,normal,293,0,1782361402.0754006,0.002187013626098633
237078,normal,1398,0,1782361402.0772166,0.0018160343170166016
237079,normal,2344,0,1782361402.079372,0.002155303955078125
237080,normal,2686,0,1782361402.0812998,0.0019278526306152344
237081,normal,959,2,1782361402.083405,0.002105236053466797
237082,normal,1254,0,1782361402.0852158,0.0018107891082763672
237083,normal,3193,1,1782361402.0873928,0.002177000045776367
237084,normal,3442,0,1782361402.089216,0.0018231868743896484
237085,normal,2270,0,1782361402.0913732,0.0021572113037109375
237086,normal,785,2,1782361402.0933049,0.0019316673278808594
237087,normal,2760,0,1782361402.0954068,0.002101898193359375
237088,normal,2765,0,1782361402.0972183,0.0018115043640136719
237089,normal,3124,1,1782361402.0993965,0.002178192138671875
237090,normal,624,0,1782361402.101217,0.0018205642700195312
237091,normal,2901,0,1782361402.1033723,0.002155303955078125
237092,normal,3088,1,1782361402.1053107,0.0019383430480957031
237093,normal,770,0,1782361402.107404,0.0020933151245117188
237094,normal,2934,0,1782361402.109216,0.001811981201171875
237095,normal,485,0,1782361402.1113923,0.0021762847900390625
237096,normal,2745,0,1782361402.1132197,0.0018274784088134766
237097,normal,2741,0,1782361402.115373,0.002153158187866211
237098,normal,2572,0,1782361402.1173148,0.0019419193267822266
237099,normal,3098,1,1782361402.1194074,0.002092599868774414
237100,normal,3566,0,1782361402.1212144,0.0018069744110107422
237101,normal,1712,0,1782361402.1234002,0.002185821533203125
237102,normal,3361,1,1782361402.125216,0.0018157958984375
237103,normal,328,0,1782361402.1273756,0.002159595489501953
237104,normal,2475,0,1782361402.1293204,0.0019447803497314453
237105,normal,141,0,1782361402.1314137,0.0020933151245117188
237106,normal,2727,0,1782361402.1332152,0.0018014907836914062
237107,normal,2324,0,1782361402.1353924,0.0021772384643554688
237108,normal,69,0,1782361402.137222,0.0018296241760253906
237109,normal,2969,0,1782361402.139372,0.0021500587463378906
237110,normal,1094,0,1782361402.1413264,0.001954317092895508
237111,normal,1856,0,1782361402.143405,0.002078533172607422
237112,normal,1405,0,1782361402.1452162,0.0018112659454345703
237113,normal,203,0,1782361402.147391,0.002174854278564453
237114,normal,289,0,1782361402.149216,0.0018248558044433594
237115,normal,3010,0,1782361402.1513734,0.002157449722290039
237116,normal,2556,0,1782361402.1532311,0.001857757568359375
237117,normal,3634,0,1782361402.1553955,0.0021643638610839844
237118,normal,3090,1,1782361402.1572158,0.0018203258514404297
237119,normal,3696,0,1782361402.1594982,0.002282381057739258
237120,normal,3415,0,1782361402.1612163,0.0017180442810058594
237121,normal,3507,0,1782361402.1633806,0.0021643638610839844
237122,normal,3123,1,1782361402.165289,0.0019083023071289062
237123,normal,1509,0,1782361402.1674469,0.002157926559448242
237124,normal,1564,0,1782361402.1692717,0.0018248558044433594
237125,normal,2560,0,1782361402.1715662,0.0022945404052734375
237126,normal,2343,0,1782361402.1732306,0.0016644001007080078
237127,normal,2635,0,1782361402.1753922,0.0021615028381347656
237128,normal,3360,1,1782361402.1772375,0.0018453598022460938
237129,normal,2652,0,1782361402.1792924,0.002054929733276367
237130,normal,678,0,1782361402.1812303,0.0019378662109375
237131,normal,3282,1,1782361402.1835551,0.002324819564819336
237132,normal,359,0,1782361402.1852264,0.0016713142395019531
237133,normal,3465,0,1782361402.1873927,0.002166271209716797
237134,normal,3301,1,1782361402.189232,0.0018393993377685547
237135,normal,1857,0,1782361402.1914275,0.0021953582763671875
237136,normal,22,0,1782361402.1932342,0.0018067359924316406
237137,normal,3427,0,1782361402.1953893,0.0021550655364990234
237138,normal,219,0,1782361402.197201,0.0018117427825927734
237139,normal,147,0,1782361402.1992345,0.0020334720611572266
237140,normal,261,0,1782361402.2013915,0.002156972885131836
237141,normal,3181,1,1782361402.2032,0.0018086433410644531
237142,normal,3002,0,1782361402.205199,0.0019989013671875
237143,normal,2656,0,1782361402.2074215,0.0022225379943847656
237144,normal,1192,0,1782361402.2092032,0.0017817020416259766
237145,normal,2996,0,1782361402.2112005,0.001997232437133789
237146,normal,2570,0,1782361402.2133496,0.0021491050720214844
237147,normal,1981,0,1782361402.2152002,0.0018506050109863281
237148,normal,1474,0,1782361402.2171988,0.0019986629486083984
237149,normal,1372,1,1782361402.219389,0.002190113067626953
237150,normal,260,0,1782361402.2212117,0.0018227100372314453
237151,normal,2061,0,1782361402.2232032,0.0019915103912353516
237152,normal,1806,0,1782361402.2253647,0.0021615028381347656
237153,normal,1535,0,1782361402.2272031,0.0018384456634521484
237154,normal,63,0,1782361402.2292,0.001996755599975586
237155,normal,471,0,1782361402.2314317,0.0022318363189697266
237156,normal,1614,0,1782361402.2331991,0.0017673969268798828
237157,normal,2755,0,1782361402.2351975,0.001998424530029297
237158,normal,789,2,1782361402.2373538,0.0021562576293945312
237159,normal,3292,1,1782361402.2391984,0.001844644546508789
237160,normal,1854,0,1782361402.2411954,0.0019969940185546875
237161,normal,1154,0,1782361402.243351,0.0021555423736572266
237162,normal,3247,1,1782361402.2452,0.0018489360809326172
237163,normal,1035,0,1782361402.2471979,0.0019979476928710938
237164,normal,469,0,1782361402.2493525,0.0021545886993408203
237165,normal,1988,0,1782361402.251199,0.0018465518951416016
237166,normal,3267,1,1782361402.253196,0.0019969940185546875
237167,normal,909,2,1782361402.255387,0.0021910667419433594
237168,normal,935,2,1782361402.2572062,0.0018191337585449219
237169,normal,391,0,1782361402.2592096,0.0020034313201904297
237170,normal,334,0,1782361402.2613482,0.0021386146545410156
237171,normal,2999,0,1782361402.2631974,0.0018491744995117188
237172,normal,415,0,1782361402.2652035,0.002006053924560547
237173,normal,2546,0,1782361402.267353,0.0021495819091796875
237174,normal,1069,0,1782361402.269204,0.0018508434295654297
237175,normal,3154,1,1782361402.2713466,0.002142667770385742
237176,normal,1846,0,1782361402.273392,0.0020453929901123047
237177,normal,2778,0,1782361402.2752063,0.0018143653869628906
237178,normal,3255,1,1782361402.277383,0.0021767616271972656
237179,normal,980,2,1782361402.2792833,0.0019001960754394531
237180,normal,105,0,1782361402.281202,0.001918792724609375
237181,normal,477,0,1782361402.2833602,0.0021581649780273438
237182,normal,210,0,1782361402.2853467,0.0019865036010742188
237183,normal,1076,0,1782361402.2871997,0.0018529891967773438
237184,normal,1109,0,1782361402.289197,0.001997232437133789
237185,normal,1272,0,1782361402.2913578,0.002160787582397461
237186,normal,1480,0,1782361402.2931993,0.0018415451049804688
237187,normal,2869,0,1782361402.2953632,0.0021638870239257812
237188,normal,3537,0,1782361402.29729,0.0019268989562988281
237189,normal,2209,0,1782361402.2991965,0.0019063949584960938
237190,normal,2829,0,1782361402.3011997,0.002003192901611328
237191,normal,2612,0,1782361402.303352,0.0021524429321289062
237192,normal,443,0,1782361402.305199,0.0018467903137207031
237193,normal,2990,0,1782361402.3071988,0.0019998550415039062
237194,normal,1866,0,1782361402.3093615,0.0021626949310302734
237195,normal,3582,0,1782361402.3111973,0.0018358230590820312
237196,normal,2994,0,1782361402.3132012,0.002003908157348633
237197,normal,553,0,1782361402.3154554,0.0022542476654052734
237198,normal,1073,0,1782361402.317188,0.0017325878143310547
237199,normal,576,0,1782361402.3191981,0.0020101070404052734
237200,normal,55,0,1782361402.3213499,0.0021517276763916016
237201,normal,3081,1,1782361402.3231978,0.001847982406616211
237202,normal,18,0,1782361402.3251991,0.0020012855529785156
237203,normal,3308,1,1782361402.32746,0.002260923385620117
237204,normal,1568,0,1782361402.3292058,0.0017457008361816406
237205,normal,1897,0,1782361402.331199,0.0019931793212890625
237206,normal,925,2,1782361402.3333611,0.0021622180938720703
237207,normal,755,0,1782361402.335196,0.001834869384765625
237208,normal,2138,0,1782361402.3373742,0.002178192138671875
237209,normal,1227,0,1782361402.3392105,0.0018362998962402344
237210,normal,1706,0,1782361402.3412004,0.0019898414611816406
237211,normal,655,0,1782361402.3433254,0.0021250247955322266
237212,normal,3051,1,1782361402.3453517,0.0020263195037841797
237213,normal,704,0,1782361402.3472059,0.0018541812896728516
237214,normal,2519,0,1782361402.3495584,0.002352476119995117
237215,normal,1430,0,1782361402.3512285,0.0016701221466064453
237216,normal,1236,0,1782361402.3533707,0.002142190933227539
237217,normal,3658,0,1782361402.3552046,0.0018339157104492188
237218,normal,1096,0,1782361402.3573577,0.002153158187866211
237219,normal,1246,0,1782361402.359202,0.001844167709350586
237220,normal,294,0,1782361402.361358,0.0021560192108154297
237221,normal,166,0,1782361402.3633556,0.001997709274291992
237222,normal,2162,0,1782361402.3652241,0.0018684864044189453
237223,normal,2226,0,1782361402.3673594,0.0021352767944335938
237224,normal,3686,0,1782361402.3693554,0.0019960403442382812
237225,normal,2831,0,1782361402.3712194,0.0018639564514160156
237226,normal,2404,0,1782361402.3733702,0.0021507740020751953
237227,normal,1625,0,1782361402.3753543,0.001984119415283203
237228,normal,2596,0,1782361402.3772154,0.0018610954284667969
237229,normal,2439,0,1782361402.3793583,0.0021429061889648438
237230,normal,3071,1,1782361402.3813832,0.0020248889923095703
237231,normal,2222,0,1782361402.3832169,0.0018336772918701172
237232,normal,1467,0,1782361402.3853576,0.0021407604217529297
237233,normal,2390,0,1782361402.387368,0.002010345458984375
237234,normal,3074,1,1782361402.3892334,0.001865386962890625
237235,normal,192,0,1782361402.3913605,0.0021271705627441406
237236,normal,171,0,1782361402.3933613,0.0020008087158203125
237237,normal,308,0,1782361402.3952153,0.00185394287109375
237238,normal,39,0,1782361402.3973575,0.002142190933227539
237239,normal,1869,0,1782361402.3993556,0.0019981861114501953
237240,normal,3268,1,1782361402.4012015,0.0018458366394042969
237241,normal,3248,1,1782361402.4033577,0.0021562576293945312
237242,normal,592,0,1782361402.4053566,0.0019989013671875
237243,normal,2953,0,1782361402.4072008,0.001844167709350586
237244,normal,2281,0,1782361402.409355,0.002154111862182617
237245,normal,1705,0,1782361402.4113545,0.0019996166229248047
237246,normal,2561,0,1782361402.4132028,0.0018482208251953125
237247,normal,1761,0,1782361402.4153607,0.002157926559448242
237248,normal,3200,1,1782361402.4175644,0.002203702926635742
237249,normal,1934,0,1782361402.4192038,0.0016393661499023438
237250,normal,3310,1,1782361402.4213588,0.0021550655364990234
237251,normal,652,0,1782361402.4232447,0.0018858909606933594
237252,normal,3694,0,1782361402.4253824,0.0021376609802246094
237253,normal,2381,0,1782361402.4272015,0.0018191337585449219
237254,normal,2142,0,1782361402.4293523,0.0021507740020751953
237255,normal,3638,0,1782361402.4312005,0.0018482208251953125
237256,normal,2814,0,1782361402.4333572,0.0021567344665527344
237257,normal,26,0,1782361402.435354,0.001996755599975586
237258,normal,1070,0,1782361402.4372022,0.0018482208251953125
237259,normal,1256,0,1782361402.4393566,0.0021543502807617188
237260,normal,908,2,1782361402.441357,0.0020003318786621094
237261,normal,528,0,1782361402.4432013,0.0018444061279296875
237262,normal,1949,0,1782361402.4453566,0.002155303955078125
237263,normal,2296,0,1782361402.4473593,0.002002716064453125
237264,normal,486,0,1782361402.449201,0.0018417835235595703
237265,normal,3374,1,1782361402.4513578,0.0021567344665527344
237266,normal,461,0,1782361402.4533546,0.001996755599975586
237267,normal,966,2,1782361402.4552,0.0018453598022460938
237268,normal,3599,0,1782361402.4573581,0.0021581649780273438
237269,normal,2384,0,1782361402.4593546,0.0019965171813964844
237270,normal,2478,0,1782361402.461203,0.001848459243774414
237271,normal,378,0,1782361402.4633567,0.002153635025024414
237272,normal,2512,0,1782361402.4654183,0.002061605453491211
237273,normal,1683,0,1782361402.4672027,0.0017843246459960938
237274,normal,2825,0,1782361402.469364,0.002161264419555664
237275,normal,2246,0,1782361402.4713712,0.0020072460174560547
237276,normal,1814,0,1782361402.473258,0.0018868446350097656
237277,normal,1484,0,1782361402.4754024,0.002144336700439453
237278,normal,3348,1,1782361402.4773364,0.001934051513671875
237279,normal,1237,0,1782361402.4794028,0.002066373825073242
237280,normal,746,0,1782361402.4812398,0.001837015151977539
237281,normal,3097,1,1782361402.4834375,0.002197742462158203
237282,normal,2109,0,1782361402.4852245,0.001786947250366211
237283,normal,1140,0,1782361402.4873059,0.0020813941955566406
237284,normal,3146,1,1782361402.4892964,0.0019905567169189453
237285,normal,1663,0,1782361402.4911785,0.0018820762634277344
237286,normal,2118,0,1782361402.493327,0.0021483898162841797
237287,normal,2830,0,1782361402.4953783,0.0020513534545898438
237288,normal,1629,0,1782361402.4974062,0.0020279884338378906
237289,normal,1323,1,1782361402.4993815,0.0019752979278564453
237290,normal,1217,0,1782361402.501535,0.0021533966064453125
237291,normal,3616,0,1782361402.5032566,0.0017216205596923828
237292,normal,1959,0,1782361402.505536,0.002279520034790039
237293,normal,382,0,1782361402.5073726,0.001836538314819336
237294,normal,1669,0,1782361402.5092323,0.0018596649169921875
237295,normal,62,0,1782361402.5113697,0.002137422561645508
237296,normal,2639,0,1782361402.513383,0.0020132064819335938
237297,normal,1824,0,1782361402.5152278,0.0018448829650878906
237298,normal,2056,0,1782361402.5173686,0.0021407604217529297
237299,normal,1750,0,1782361402.5193691,0.002000570297241211
237300,normal,2485,0,1782361402.5212324,0.001863241195678711
237301,normal,340,0,1782361402.5233674,0.002135038375854492
237302,normal,2031,0,1782361402.525406,0.0020384788513183594
237303,normal,1395,0,1782361402.5272272,0.001821279525756836
237304,normal,3108,1,1782361402.529494,0.0022668838500976562
237305,normal,190,0,1782361402.5314322,0.0019381046295166016
237306,normal,2299,0,1782361402.5332234,0.001791238784790039
237307,normal,2319,0,1782361402.5353506,0.0021271705627441406
237308,normal,3486,0,1782361402.5373955,0.0020449161529541016
237309,normal,1210,0,1782361402.5392272,0.0018317699432373047
237310,normal,3261,1,1782361402.5413764,0.0021491050720214844
237311,normal,1641,0,1782361402.5433648,0.0019884109497070312
237312,normal,1257,0,1782361402.5452268,0.0018620491027832031
237313,normal,259,0,1782361402.5473495,0.002122640609741211
237314,normal,1166,0,1782361402.5493999,0.0020503997802734375
237315,normal,3353,1,1782361402.5512273,0.0018274784088134766
237316,normal,2571,0,1782361402.5533738,0.002146482467651367
237317,normal,9,0,1782361402.5553985,0.0020246505737304688
237318,normal,1164,0,1782361402.5572278,0.001829385757446289
237319,normal,2497,0,1782361402.5593526,0.002124786376953125
237320,normal,1466,0,1782361402.561409,0.0020563602447509766
237321,normal,286,0,1782361402.5632284,0.0018193721771240234
237322,normal,1320,1,1782361402.565375,0.0021467208862304688
237323,normal,2997,0,1782361402.567402,0.002026796340942383
237324,normal,927,2,1782361402.5692365,0.0018346309661865234
237325,normal,2265,0,1782361402.5713592,0.002122640609741211
237326,normal,3256,1,1782361402.5734117,0.0020525455474853516
237327,normal,831,2,1782361402.5752294,0.0018177032470703125
237328,normal,3094,1,1782361402.5773673,0.002137899398803711
237329,normal,3673,0,1782361402.5793874,0.002020120620727539
237330,normal,3184,1,1782361402.581236,0.001848459243774414
237331,normal,1610,0,1782361402.5833595,0.002123594284057617
237332,normal,1417,0,1782361402.5854151,0.002055644989013672
237333,normal,1018,2,1782361402.5872295,0.0018143653869628906
237334,normal,2271,0,1782361402.5893629,0.0021333694458007812
237335,normal,140,0,1782361402.5914195,0.002056598663330078
237336,normal,3333,1,1782361402.5932298,0.001810312271118164
237337,normal,2594,0,1782361402.5953634,0.002133607864379883
237338,normal,2954,0,1782361402.5974216,0.002058267593383789
237339,normal,2464,0,1782361402.5992277,0.001806020736694336
237340,normal,1266,0,1782361402.6013818,0.002154111862182617
237341,normal,3349,1,1782361402.603423,0.002041339874267578
237342,normal,2876,0,1782361402.6052282,0.0018050670623779297
237343,normal,2517,0,1782361402.60736,0.0021317005157470703
237344,normal,255,0,1782361402.6094275,0.00206756591796875
237345,normal,696,0,1782361402.6112268,0.0017993450164794922
237346,normal,3495,0,1782361402.6133628,0.0021359920501708984
237347,normal,2375,0,1782361402.6154277,0.002064943313598633
237348,normal,228,0,1782361402.6172276,0.0017998218536376953
237349,normal,3194,1,1782361402.6193602,0.0021326541900634766
237350,normal,2256,0,1782361402.6214452,0.002084970474243164
237351,normal,824,2,1782361402.623229,0.0017838478088378906
237352,normal,2718,0,1782361402.6253612,0.0021321773529052734
237353,normal,2743,0,1782361402.6274307,0.0020694732666015625
237354,normal,2598,0,1782361402.629229,0.001798391342163086
237355,normal,2515,0,1782361402.6313653,0.00213623046875
237356,normal,3541,0,1782361402.6334312,0.002065896987915039
237357,normal,3485,0,1782361402.6352272,0.0017960071563720703
237358,normal,1459,0,1782361402.6373632,0.0021359920501708984
237359,normal,1104,0,1782361402.6393907,0.0020275115966796875
237360,normal,2637,0,1782361402.6412315,0.001840829849243164
237361,normal,142,0,1782361402.6433506,0.0021190643310546875
237362,normal,1142,0,1782361402.6454563,0.002105712890625
237363,normal,3438,0,1782361402.6472309,0.0017745494842529297
237364,normal,1792,0,1782361402.6493769,0.002146005630493164
237365,normal,57,0,1782361402.6514444,0.00206756591796875
237366,normal,1898,0,1782361402.6532261,0.0017817020416259766
237367,normal,17,0,1782361402.6553488,0.002122640609741211
237368,normal,497,0,1782361402.6574628,0.0021140575408935547
237369,normal,2166,0,1782361402.6592338,0.0017709732055664062
237370,normal,1955,0,1782361402.661364,0.002130270004272461
237371,normal,3335,1,1782361402.6634462,0.0020821094512939453
237372,normal,2750,0,1782361402.6652288,0.0017826557159423828
237373,normal,376,0,1782361402.6673505,0.0021216869354248047
237374,normal,2088,0,1782361402.6693614,0.002010822296142578
237375,normal,1026,2,1782361402.6712258,0.0018644332885742188
237376,normal,1209,0,1782361402.6733596,0.0021338462829589844
237377,normal,2768,0,1782361402.6753666,0.002007007598876953
237378,normal,957,2,1782361402.6773684,0.0020017623901367188
237379,normal,600,0,1782361402.6792226,0.0018541812896728516
237380,normal,1301,0,1782361402.6813993,0.0021767616271972656
237381,normal,889,2,1782361402.6832237,0.0018243789672851562
237382,normal,2385,0,1782361402.685355,0.002131223678588867
237383,normal,3229,1,1782361402.6873677,0.0020127296447753906
237384,normal,993,2,1782361402.6892216,0.00185394287109375
237385,normal,3293,1,1782361402.6913576,0.0021359920501708984
237386,normal,2044,0,1782361402.693351,0.001993417739868164
237387,normal,2909,0,1782361402.6952243,0.0018732547760009766
237388,normal,2672,0,1782361402.6973433,0.0021190643310546875
237389,normal,2575,0,1782361402.699372,0.0020287036895751953
237390,normal,2463,0,1782361402.7012236,0.0018515586853027344
237391,normal,1598,0,1782361402.7033684,0.0021448135375976562
237392,normal,3342,1,1782361402.7053564,0.001987934112548828
237393,normal,2480,0,1782361402.707227,0.0018706321716308594
237394,normal,2494,0,1782361402.709346,0.0021190643310546875
237395,normal,2567,0,1782361402.7113636,0.002017498016357422
237396,normal,2391,0,1782361402.7132244,0.0018608570098876953
237397,normal,3078,1,1782361402.715373,0.0021486282348632812
237398,normal,724,0,1782361402.7173617,0.001988649368286133
237399,normal,1145,0,1782361402.7192237,0.0018620491027832031
237400,normal,207,0,1782361402.7213426,0.002118825912475586
237401,normal,1112,0,1782361402.723367,0.002024412155151367
237402,normal,2690,0,1782361402.7252254,0.0018584728240966797
237403,normal,937,2,1782361402.7273693,0.00214385986328125
237404,normal,321,0,1782361402.7293673,0.0019979476928710938
237405,normal,1920,0,1782361402.731224,0.0018568038940429688
237406,normal,1446,0,1782361402.7333453,0.0021212100982666016
237407,normal,2938,0,1782361402.735372,0.002026796340942383
237408,normal,3327,1,1782361402.7372313,0.0018591880798339844
237409,normal,683,0,1782361402.739365,0.0021338462829589844
237410,normal,1607,0,1782361402.7413712,0.002006053924560547
237411,normal,534,0,1782361402.743223,0.001851797103881836
237412,normal,3219,1,1782361402.7453437,0.0021207332611083984
237413,normal,1436,0,1782361402.7473793,0.0020356178283691406
237414,normal,3239,1,1782361402.7492237,0.0018444061279296875
237415,normal,411,0,1782361402.7513645,0.0021407604217529297
237416,normal,1488,0,1782361402.7533758,0.0020112991333007812
237417,normal,1533,0,1782361402.755223,0.0018472671508789062
237418,normal,551,0,1782361402.7572224,0.001999378204345703
237419,normal,502,0,1782361402.7594464,0.002223968505859375
237420,normal,3034,0,1782361402.7612233,0.0017769336700439453
237421,normal,28,0,1782361402.7633653,0.0021419525146484375
237422,normal,3306,1,1782361402.7653463,0.001981019973754883
237423,normal,3027,0,1782361402.767225,0.0018787384033203125
237424,normal,3550,0,1782361402.7693584,0.0021333694458007812
237425,normal,2899,0,1782361402.7713878,0.0020294189453125
237426,normal,1444,0,1782361402.773224,0.0018362998962402344
237427,normal,2605,0,1782361402.7753713,0.002147197723388672
237428,normal,1383,0,1782361402.777399,0.002027750015258789
237429,normal,419,0,1782361402.779225,0.0018260478973388672
237430,normal,3378,1,1782361402.78138,0.002154827117919922
237431,normal,3113,1,1782361402.783389,0.002009153366088867
237432,normal,1046,0,1782361402.7852242,0.0018351078033447266
237433,normal,3602,0,1782361402.7873635,0.0021393299102783203
237434,normal,1784,0,1782361402.7893922,0.0020287036895751953
237435,normal,2620,0,1782361402.7912252,0.0018329620361328125
237436,normal,662,0,1782361402.793345,0.002119779586791992
237437,normal,1023,2,1782361402.7953784,0.0020334720611572266
237438,normal,33,0,1782361402.7972233,0.0018448829650878906
237439,normal,2949,0,1782361402.7993653,0.0021419525146484375
237440,normal,3428,0,1782361402.8013976,0.0020322799682617188
237441,normal,2369,0,1782361402.8032327,0.0018351078033447266
237442,normal,3269,1,1782361402.8053443,0.002111673355102539
237443,normal,2035,0,1782361402.8074045,0.0020601749420166016
237444,normal,2129,0,1782361402.809224,0.0018193721771240234
237445,normal,1039,0,1782361402.811366,0.002142190933227539
237446,normal,3133,1,1782361402.8134005,0.002034425735473633
237447,normal,3585,0,1782361402.8152301,0.0018296241760253906
237448,normal,3400,1,1782361402.8173435,0.00211334228515625
237449,normal,1009,2,1782361402.8194187,0.0020751953125
237450,normal,1385,0,1782361402.821225,0.0018062591552734375
237451,normal,3431,0,1782361402.823364,0.0021390914916992188
237452,normal,2132,0,1782361402.825409,0.0020449161529541016
237453,normal,1355,1,1782361402.8272243,0.0018153190612792969
237454,normal,3041,0,1782361402.8293445,0.0021202564239501953
237455,normal,3095,1,1782361402.8314373,0.0020928382873535156
237456,normal,1714,0,1782361402.833222,0.0017845630645751953
237457,normal,1754,0,1782361402.835364,0.002142190933227539
237458,normal,408,0,1782361402.8373978,0.002033710479736328
237459,normal,3521,0,1782361402.8392212,0.00182342529296875
237460,normal,3584,0,1782361402.8413424,0.0021212100982666016
237461,normal,682,0,1782361402.8434362,0.002093791961669922
237462,normal,1102,0,1782361402.8452184,0.0017821788787841797
237463,normal,3257,1,1782361402.8473613,0.0021429061889648438
237464,normal,905,2,1782361402.8494163,0.002054929733276367
237465,normal,3420,0,1782361402.8512208,0.0018045902252197266
237466,normal,1481,0,1782361402.8533475,0.0021266937255859375
237467,normal,3312,1,1782361402.855447,0.0020995140075683594
237468,normal,1731,0,1782361402.8572202,0.0017731189727783203
237469,normal,3656,0,1782361402.8593643,0.0021440982818603516
237470,normal,2510,0,1782361402.8614197,0.0020554065704345703
237471,normal,1143,0,1782361402.8632236,0.0018038749694824219
237472,normal,1871,0,1782361402.8653717,0.002148151397705078
237473,normal,1207,0,1782361402.867296,0.001924276351928711
237474,normal,2565,0,1782361402.8692186,0.001922607421875
237475,normal,3464,0,1782361402.8713386,0.0021200180053710938
237476,normal,1937,0,1782361402.8734534,0.0021147727966308594
237477,normal,168,0,1782361402.8752198,0.0017664432525634766
237478,normal,100,0,1782361402.877362,0.002142190933227539
237479,normal,1019,2,1782361402.8794222,0.0020601749420166016
237480,normal,347,0,1782361402.8812227,0.001800537109375
237481,normal,3406,0,1782361402.8840263,0.0028035640716552734
237482,normal,1298,0,1782361402.885459,0.001432657241821289
237483,normal,44,0,1782361402.8872247,0.0017657279968261719
237484,normal,616,0,1782361402.8893619,0.0021371841430664062
237485,normal,3127,1,1782361402.8914306,0.002068758010864258
237486,normal,3067,1,1782361402.8931942,0.0017635822296142578
237487,normal,303,0,1782361402.8953466,0.0021524429321289062
237488,normal,1121,0,1782361402.8974595,0.002112865447998047
237489,normal,1942,0,1782361402.8992214,0.0017619132995605469
237490,normal,2603,0,1782361402.9013658,0.002144336700439453
237491,normal,2960,0,1782361402.9033694,0.0020036697387695312
237492,normal,3132,1,1782361402.9052246,0.0018551349639892578
237493,normal,2738,0,1782361402.9073496,0.0021250247955322266
237494,normal,3347,1,1782361402.9094086,0.0020589828491210938
237495,normal,967,2,1782361402.9112236,0.0018150806427001953
237496,normal,2135,0,1782361402.91337,0.0021462440490722656
237497,normal,442,0,1782361402.9153485,0.001978635787963867
237498,normal,3244,1,1782361402.9172275,0.001878976821899414
237499,normal,1218,0,1782361402.9193485,0.0021209716796875
237500,normal,3528,0,1782361402.9213536,0.0020051002502441406
237501,normal,510,0,1782361402.9232247,0.0018711090087890625
237502,normal,2277,0,1782361402.9253678,0.0021431446075439453
237503,normal,1944,0,1782361402.9273531,0.001985311508178711
237504,normal,1732,0,1782361402.9292219,0.0018687248229980469
237505,normal,65,0,1782361402.9313457,0.0021238327026367188
237506,normal,1238,0,1782361402.9333804,0.0020346641540527344
237507,normal,934,2,1782361402.9352243,0.0018439292907714844
237508,normal,1285,0,1782361402.9373672,0.0021429061889648438
237509,normal,1090,0,1782361402.9393566,0.0019893646240234375
237510,normal,208,0,1782361402.9412222,0.0018656253814697266
237511,normal,2862,0,1782361402.943346,0.0021238327026367188
237512,normal,1833,0,1782361402.9453647,0.0020186901092529297
237513,normal,992,2,1782361402.9472227,0.0018579959869384766
237514,normal,2030,0,1782361402.949371,0.0021483898162841797
237515,normal,3245,1,1782361402.9513621,0.0019910335540771484
237516,normal,2975,0,1782361402.9532335,0.001871347427368164
237517,normal,798,2,1782361402.9553454,0.0021119117736816406
237518,normal,3449,0,1782361402.9573648,0.0020194053649902344
237519,normal,457,0,1782361402.959225,0.0018601417541503906
237520,normal,2842,0,1782361402.961368,0.0021431446075439453
237521,normal,2212,0,1782361402.963368,0.0019998550415039062
237522,normal,373,0,1782361402.9652228,0.0018548965454101562
237523,normal,2683,0,1782361402.9673607,0.002137899398803711
237524,normal,778,2,1782361402.9693696,0.0020089149475097656
237525,normal,126,0,1782361402.971227,0.0018572807312011719
237526,normal,350,0,1782361402.97337,0.0021431446075439453
237527,normal,361,0,1782361402.9753716,0.002001523971557617
237528,normal,1493,0,1782361402.9772232,0.0018515586853027344
237529,normal,229,0,1782361402.9793239,0.002100706100463867
237530,normal,1486,0,1782361402.9813573,0.0020334720611572266
237531,normal,3032,0,1782361402.9832053,0.001847982406616211
237532,normal,1360,1,1782361402.9853063,0.0021009445190429688
237533,normal,975,2,1782361402.9873588,0.0020525455474853516
237534,normal,2514,0,1782361402.989205,0.0018460750579833984
237535,normal,1449,0,1782361402.9913225,0.002117633819580078
237536,normal,665,0,1782361402.993354,0.002031564712524414
237537,normal,2500,0,1782361402.9952033,0.0018491744995117188
237538,normal,130,0,1782361402.9973724,0.0021691322326660156
237539,normal,2086,0,1782361402.9993563,0.0019838809967041016
237540,normal,423,0,1782361403.0012054,0.0018491744995117188
237541,normal,3576,0,1782361403.003341,0.0021355152130126953
237542,normal,2569,0,1782361403.0053456,0.0020046234130859375
237543,normal,3277,1,1782361403.0071676,0.0018219947814941406
237544,normal,1628,0,1782361403.0092516,0.002084016799926758
237545,normal,1882,0,1782361403.011282,0.0020303726196289062
237546,normal,2716,0,1782361403.0131629,0.0018808841705322266
237547,normal,3558,0,1782361403.0152466,0.0020837783813476562
237548,normal,1679,0,1782361403.0172198,0.0019731521606445312
237549,normal,2267,0,1782361403.0191748,0.0019550323486328125
237550,normal,666,0,1782361403.0211859,0.0020110607147216797
237551,normal,2413,0,1782361403.0232148,0.002028942108154297
237552,normal,922,2,1782361403.0251656,0.0019507408142089844
237553,normal,1820,0,1782361403.0271926,0.0020270347595214844
237554,normal,2761,0,1782361403.0292509,0.002058267593383789
237555,normal,3384,1,1782361403.0311756,0.001924753189086914
237556,normal,950,2,1782361403.0331867,0.0020110607147216797
237557,normal,2728,0,1782361403.0352082,0.0020215511322021484
237558,normal,1550,0,1782361403.037193,0.001984834671020508
237559,normal,738,0,1782361403.0391846,0.0019915103912353516
237560,normal,3029,0,1782361403.0412245,0.0020399093627929688
237561,normal,2049,0,1782361403.0431721,0.001947641372680664
237562,normal,1147,0,1782361403.0451925,0.0020203590393066406
237563,normal,403,0,1782361403.0472074,0.0020148754119873047
237564,normal,760,0,1782361403.0492103,0.0020029544830322266
237565,normal,2770,0,1782361403.0511868,0.001976490020751953
237566,normal,1560,0,1782361403.0532248,0.0020380020141601562
237567,normal,2012,0,1782361403.0552003,0.001975536346435547
237568,normal,3063,1,1782361403.0571938,0.001993417739868164
237569,normal,1181,0,1782361403.059208,0.00201416015625
237570,normal,2322,0,1782361403.0611773,0.0019693374633789062
237571,normal,2202,0,1782361403.0631883,0.0020110607147216797
237572,normal,2675,0,1782361403.0652273,0.0020389556884765625
237573,normal,2476,0,1782361403.0671659,0.0019385814666748047
237574,normal,1938,0,1782361403.0691597,0.001993894577026367
237575,normal,2089,0,1782361403.0712056,0.002045869827270508
237576,normal,1044,0,1782361403.0731673,0.0019617080688476562
237577,normal,31,0,1782361403.0751867,0.0020194053649902344
237578,normal,620,0,1782361403.0772197,0.0020329952239990234
237579,normal,194,0,1782361403.0791974,0.001977682113647461
237580,normal,186,0,1782361403.081187,0.001989603042602539
237581,normal,180,0,1782361403.0832582,0.0020711421966552734
237582,normal,943,2,1782361403.0852382,0.0019800662994384766
237583,normal,1241,0,1782361403.0871987,0.0019605159759521484
237584,normal,2054,0,1782361403.089246,0.002047300338745117
237585,normal,96,0,1782361403.091207,0.0019609928131103516
237586,normal,829,2,1782361403.0932438,0.0020368099212646484
237587,normal,2860,0,1782361403.0953825,0.0021386146545410156
237588,normal,1674,0,1782361403.0972307,0.0018482208251953125
237589,normal,3323,1,1782361403.0993958,0.002165079116821289
237590,normal,2359,0,1782361403.1012123,0.0018165111541748047
237591,normal,2177,0,1782361403.1033826,0.0021703243255615234
237592,normal,3007,0,1782361403.105211,0.0018284320831298828
237593,normal,1968,0,1782361403.1073856,0.0021746158599853516
237594,normal,3209,1,1782361403.109211,0.0018253326416015625
237595,normal,692,0,1782361403.1113636,0.002152681350708008
237596,normal,811,2,1782361403.1133852,0.0020215511322021484
237597,normal,2943,0,1782361403.1152105,0.0018253326416015625
237598,normal,999,2,1782361403.1173656,0.0021550655364990234
237599,normal,3434,0,1782361403.1193864,0.0020208358764648438
237600,normal,1510,0,1782361403.1212125,0.0018260478973388672
237601,normal,395,0,1782361403.123376,0.002163410186767578
237602,normal,3045,1,1782361403.125239,0.0018630027770996094
237603,normal,2640,0,1782361403.1274152,0.0021762847900390625
237604,normal,1664,0,1782361403.1293736,0.0019583702087402344
237605,normal,792,2,1782361403.1313856,0.002012014389038086
237606,normal,1546,0,1782361403.133222,0.001836538314819336
237607,normal,2941,0,1782361403.135363,0.0021409988403320312
237608,normal,751,0,1782361403.1373868,0.0020236968994140625
237609,normal,3162,1,1782361403.1392243,0.0018374919891357422
237610,normal,1728,0,1782361403.1413648,0.002140522003173828
237611,normal,1091,0,1782361403.1433854,0.002020597457885742
237612,normal,2547,0,1782361403.1452186,0.001833200454711914
237613,normal,2038,0,1782361403.1473637,0.002145051956176758
237614,normal,987,2,1782361403.1493843,0.002020597457885742
237615,normal,1997,0,1782361403.1512263,0.0018420219421386719
237616,normal,1901,0,1782361403.1533637,0.002137422561645508
237617,normal,2589,0,1782361403.1553872,0.002023458480834961
237618,normal,758,0,1782361403.157216,0.001828908920288086
237619,normal,3172,1,1782361403.1593654,0.002149343490600586
237620,normal,2948,0,1782361403.1613858,0.0020203590393066406
237621,normal,1340,1,1782361403.1632373,0.0018515586853027344
237622,normal,1922,0,1782361403.1652803,0.002043008804321289
237623,normal,3083,1,1782361403.167572,0.0022916793823242188
237624,normal,1003,2,1782361403.1694477,0.0018756389617919922
237625,normal,3564,0,1782361403.1713784,0.0019307136535644531
237626,normal,2742,0,1782361403.1735528,0.00217437744140625
237627,normal,2818,0,1782361403.1752474,0.0016946792602539062
237628,normal,2995,0,1782361403.177535,0.002287626266479492
237629,normal,1336,1,1782361403.1794426,0.0019075870513916016
237630,normal,1694,0,1782361403.1814294,0.0019867420196533203
237631,normal,542,0,1782361403.1833837,0.001954317092895508
237632,normal,3509,0,1782361403.1855662,0.002182483673095703
237633,normal,276,0,1782361403.1872485,0.001682281494140625
237634,normal,945,2,1782361403.1895607,0.002312183380126953
237635,normal,3626,0,1782361403.1913772,0.0018165111541748047
237636,normal,973,2,1782361403.1933956,0.002018451690673828
237637,normal,450,0,1782361403.1953743,0.001978635787963867
237638,normal,3013,0,1782361403.197535,0.002160787582397461
237639,normal,2192,0,1782361403.1992493,0.0017142295837402344
237640,normal,2667,0,1782361403.2015338,0.002284526824951172
237641,normal,3587,0,1782361403.2034035,0.0018696784973144531
237642,normal,1403,0,1782361403.2054093,0.0020058155059814453
237643,normal,706,0,1782361403.2073724,0.0019631385803222656
237644,normal,939,2,1782361403.2095327,0.002160310745239258
237645,normal,2208,0,1782361403.2112424,0.0017096996307373047
237646,normal,2255,0,1782361403.2135308,0.002288341522216797
237647,normal,426,0,1782361403.215276,0.0017452239990234375
237648,normal,2460,0,1782361403.2173455,0.0020694732666015625
237649,normal,3070,1,1782361403.219202,0.0018565654754638672
237650,normal,2487,0,1782361403.221369,0.0021669864654541016
237651,normal,1762,0,1782361403.2232046,0.0018355846405029297
237652,normal,3526,0,1782361403.2253513,0.0021467208862304688
237653,normal,3275,1,1782361403.2273746,0.0020232200622558594
237654,normal,1118,0,1782361403.2294202,0.0020456314086914062
237655,normal,3345,1,1782361403.2312462,0.0018260478973388672
237656,normal,239,0,1782361403.233504,0.002257823944091797
237657,normal,1723,0,1782361403.235246,0.0017418861389160156
237658,normal,1974,0,1782361403.2375026,0.002256631851196289
237659,normal,852,2,1782361403.2394154,0.001912832260131836
237660,normal,1412,0,1782361403.2412474,0.0018320083618164062
237661,normal,2516,0,1782361403.2435029,0.0022554397583007812
237662,normal,2076,0,1782361403.2454216,0.001918792724609375
237663,normal,2747,0,1782361403.247401,0.001979351043701172
237664,normal,3640,0,1782361403.2493734,0.0019724369049072266
237665,normal,2257,0,1782361403.251528,0.0021545886993408203
237666,normal,1055,0,1782361403.253247,0.0017189979553222656
237667,normal,2146,0,1782361403.2555046,0.0022575855255126953
237668,normal,323,0,1782361403.2574232,0.0019185543060302734
237669,normal,741,0,1782361403.2593913,0.0019681453704833984
237670,normal,1815,0,1782361403.2613723,0.001981019973754883
237671,normal,199,0,1782361403.2635388,0.0021665096282958984
237672,normal,399,0,1782361403.2652464,0.0017075538635253906
237673,normal,2106,0,1782361403.2675028,0.0022563934326171875
237674,normal,3401,1,1782361403.26943,0.0019271373748779297
237675,normal,2746,0,1782361403.2713943,0.0019643306732177734
237676,normal,1950,0,1782361403.2733688,0.0019745826721191406
237677,normal,2914,0,1782361403.2755296,0.002160787582397461
237678,normal,3118,1,1782361403.277249,0.0017194747924804688
237679,normal,801,2,1782361403.2795377,0.0022885799407958984
237680,normal,2705,0,1782361403.2814398,0.0019021034240722656
237681,normal,3484,0,1782361403.2834003,0.0019605159759521484
237682,normal,1396,0,1782361403.2853897,0.0019893646240234375
237683,normal,134,0,1782361403.2875342,0.0021445751190185547
237684,normal,2223,0,1782361403.2892466,0.0017123222351074219
237685,normal,2291,0,1782361403.2915416,0.0022950172424316406
237686,normal,870,2,1782361403.2934406,0.0018990039825439453
237687,normal,3393,1,1782361403.2954373,0.001996755599975586
237688,normal,1344,1,1782361403.2973738,0.0019364356994628906
237689,normal,3231,1,1782361403.299534,0.002160310745239258
237690,normal,2590,0,1782361403.301258,0.0017240047454833984
237691,normal,1742,0,1782361403.3035426,0.002284526824951172
237692,normal,1202,0,1782361403.3054476,0.0019049644470214844
237693,normal,1497,0,1782361403.3073964,0.0019488334655761719
237694,normal,438,0,1782361403.3093762,0.001979827880859375
237695,normal,1059,0,1782361403.3117785,0.0024023056030273438
237696,normal,1223,0,1782361403.3132539,0.0014753341674804688
237697,normal,828,2,1782361403.315535,0.00228118896484375
237698,normal,1685,0,1782361403.3174524,0.0019173622131347656
237699,normal,459,0,1782361403.3192592,0.0018067359924316406
237700,normal,2756,0,1782361403.3214686,0.0022094249725341797
237701,normal,3147,1,1782361403.3234177,0.0019490718841552734
237702,normal,170,0,1782361403.3252273,0.0018095970153808594
237703,normal,2023,0,1782361403.3272572,0.002029895782470703
237704,normal,3203,1,1782361403.3293722,0.002115011215209961
237705,normal,1567,0,1782361403.3312163,0.001844167709350586
237706,normal,679,0,1782361403.333383,0.002166748046875
237707,normal,1543,0,1782361403.3353739,0.001990795135498047
237708,normal,64,0,1782361403.3372166,0.0018427371978759766
237709,normal,681,0,1782361403.339381,0.0021643638610839844
237710,normal,3492,0,1782361403.3413715,0.0019905567169189453
237711,normal,2462,0,1782361403.3432198,0.0018482208251953125
237712,normal,958,2,1782361403.3453767,0.002156972885131836
237713,normal,2712,0,1782361403.3474495,0.0020728111267089844
237714,normal,1424,0,1782361403.349347,0.001897573471069336
237715,normal,3375,1,1782361403.3511832,0.0018360614776611328
237716,normal,1326,1,1782361403.3531992,0.0020160675048828125
237717,normal,3473,0,1782361403.3551419,0.0019426345825195312
237718,normal,2008,0,1782361403.3572054,0.0020635128021240234
237719,normal,2800,0,1782361403.3593557,0.002150297164916992
237720,normal,520,0,1782361403.3612218,0.0018661022186279297
237721,normal,3054,1,1782361403.363368,0.0021462440490722656
237722,normal,2611,0,1782361403.3653867,0.0020186901092529297
237723,normal,588,0,1782361403.3672116,0.0018248558044433594
237724,normal,2601,0,1782361403.3693697,0.0021581649780273438
237725,normal,2752,0,1782361403.371245,0.001875162124633789
237726,normal,1858,0,1782361403.3732066,0.0019617080688476562
237727,normal,1468,0,1782361403.375372,0.0021653175354003906
237728,normal,3679,0,1782361403.377186,0.001814126968383789
237729,normal,3408,0,1782361403.379174,0.001987934112548828
237730,normal,1086,0,1782361403.3812244,0.0020503997802734375
237731,normal,3543,0,1782361403.3832498,0.0020253658294677734
237732,normal,3183,1,1782361403.3851793,0.0019295215606689453
237733,normal,2395,0,1782361403.387222,0.0020427703857421875
237734,normal,3545,0,1782361403.3892353,0.0020132064819335938
237735,normal,2737,0,1782361403.3911798,0.0019445419311523438
237736,normal,2983,0,1782361403.3932214,0.0020415782928466797
237737,normal,1645,0,1782361403.3952413,0.0020198822021484375
237738,normal,1215,0,1782361403.3971846,0.001943349838256836
237739,normal,1845,0,1782361403.3992202,0.0020356178283691406
237740,normal,2836,0,1782361403.4012434,0.0020232200622558594
237741,normal,402,0,1782361403.4031801,0.0019366741180419922
237742,normal,3252,1,1782361403.4052212,0.0020411014556884766
237743,normal,2454,0,1782361403.4072406,0.0020194053649902344
237744,normal,3604,0,1782361403.4091828,0.0019421577453613281
237745,normal,2923,0,1782361403.41122,0.0020372867584228516
237746,normal,3513,0,1782361403.413255,0.002034902572631836
237747,normal,791,2,1782361403.415179,0.0019240379333496094
237748,normal,2190,0,1782361403.4172206,0.0020415782928466797
237749,normal,1316,0,1782361403.4192345,0.0020139217376708984
237750,normal,1770,0,1782361403.4211788,0.0019443035125732422
237751,normal,283,0,1782361403.4232194,0.0020406246185302734
237752,normal,2782,0,1782361403.4252498,0.0020303726196289062
237753,normal,3417,0,1782361403.4271793,0.0019295215606689453
237754,normal,2072,0,1782361403.4292219,0.002042531967163086
237755,normal,3355,1,1782361403.431242,0.002020120620727539
237756,normal,3286,1,1782361403.4331808,0.0019388198852539062
237757,normal,2366,0,1782361403.4352229,0.002042055130004883
237758,normal,48,0,1782361403.4372354,0.002012491226196289
237759,normal,605,0,1782361403.4391851,0.0019497871398925781
237760,normal,1838,0,1782361403.4412196,0.002034425735473633
237761,normal,830,2,1782361403.443248,0.0020284652709960938
237762,normal,671,0,1782361403.4451785,0.0019304752349853516
237763,normal,1017,2,1782361403.4472208,0.0020422935485839844
237764,normal,969,2,1782361403.4492338,0.002012968063354492
237765,normal,554,0,1782361403.4511786,0.0019447803497314453
237766,normal,744,0,1782361403.4532297,0.002051115036010742
237767,normal,398,0,1782361403.455247,0.0020172595977783203
237768,normal,3567,0,1782361403.4571784,0.0019314289093017578
237769,normal,808,2,1782361403.4592192,0.002040863037109375
237770,normal,1529,0,1782361403.461234,0.0020148754119873047
237771,normal,2649,0,1782361403.4631774,0.001943349838256836
237772,normal,1478,0,1782361403.4652193,0.0020418167114257812
237773,normal,657,0,1782361403.467253,0.002033710479736328
237774,normal,3395,1,1782361403.4691675,0.0019145011901855469
237775,normal,1004,2,1782361403.4712095,0.002042055130004883
237776,normal,1962,0,1782361403.4732141,0.0020046234130859375
237777,normal,1541,0,1782361403.4751723,0.001958131790161133
237778,normal,1837,0,1782361403.477216,0.0020437240600585938
237779,normal,1065,0,1782361403.479256,0.0020399093627929688
237780,normal,231,0,1782361403.4811828,0.0019268989562988281
237781,normal,1559,0,1782361403.4832273,0.0020444393157958984
237782,normal,1221,0,1782361403.4852347,0.0020074844360351562
237783,normal,2015,0,1782361403.4871802,0.00194549560546875
237784,normal,13,0,1782361403.4892204,0.0020401477813720703
237785,normal,2701,0,1782361403.4912345,0.00201416015625
237786,normal,1800,0,1782361403.493181,0.0019464492797851562
237787,normal,1343,1,1782361403.49522,0.0020389556884765625
237788,normal,977,2,1782361403.4972327,0.0020127296447753906
237789,normal,884,2,1782361403.499183,0.0019502639770507812
237790,normal,2253,0,1782361403.5012188,0.002035856246948242
237791,normal,2436,0,1782361403.5032492,0.0020303726196289062
237792,normal,2457,0,1782361403.5051877,0.0019385814666748047
237793,normal,1306,0,1782361403.5072176,0.002029895782470703
237794,normal,1113,0,1782361403.5092325,0.0020148754119873047
237795,normal,1881,0,1782361403.5112255,0.001992940902709961
237796,normal,2073,0,1782361403.5132196,0.0019941329956054688
237797,normal,3613,0,1782361403.5152352,0.0020155906677246094
237798,normal,667,0,1782361403.517209,0.001973867416381836
237799,normal,2264,0,1782361403.519219,0.002009868621826172
237800,normal,1613,0,1782361403.5212467,0.002027750015258789
237801,normal,3386,1,1782361403.5231793,0.0019326210021972656
237802,normal,1520,0,1782361403.52522,0.0020406246185302734
237803,normal,1438,0,1782361403.5272343,0.0020143985748291016
237804,normal,1778,0,1782361403.5291886,0.001954317092895508
237805,normal,1913,0,1782361403.5312274,0.002038717269897461
237806,normal,167,0,1782361403.5332024,0.0019750595092773438
237807,normal,1191,0,1782361403.535175,0.001972675323486328
237808,normal,3104,1,1782361403.5373816,0.002206563949584961
237809,normal,878,2,1782361403.5393217,0.001940011978149414
237810,normal,1763,0,1782361403.541372,0.0020503997802734375
237811,normal,1805,0,1782361403.5432382,0.0018661022186279297
237812,normal,274,0,1782361403.5453854,0.002147197723388672
237813,normal,561,0,1782361403.5472121,0.0018267631530761719
237814,normal,374,0,1782361403.5493836,0.0021715164184570312
237815,normal,2477,0,1782361403.551316,0.001932382583618164
237816,normal,3288,1,1782361403.5533953,0.0020792484283447266
237817,normal,1222,0,1782361403.5552368,0.0018415451049804688
237818,normal,2179,0,1782361403.557389,0.0021522045135498047
237819,normal,2697,0,1782361403.5592113,0.0018222332000732422
237820,normal,2211,0,1782361403.5613832,0.0021719932556152344
237821,normal,840,2,1782361403.5633345,0.0019512176513671875
237822,normal,2527,0,1782361403.5653954,0.0020608901977539062
237823,normal,1646,0,1782361403.5672395,0.001844167709350586
237824,normal,3372,1,1782361403.5693903,0.0021507740020751953
237825,normal,2629,0,1782361403.5712361,0.0018458366394042969
237826,normal,2533,0,1782361403.5733905,0.0021543502807617188
237827,normal,2602,0,1782361403.575237,0.0018465518951416016
237828,normal,1321,1,1782361403.577393,0.0021560192108154297
237829,normal,225,0,1782361403.5792363,0.0018432140350341797
237830,normal,3699,0,1782361403.5813837,0.0021474361419677734
237831,normal,349,0,1782361403.5832095,0.0018258094787597656
237832,normal,1983,0,1782361403.5853837,0.0021741390228271484
237833,normal,3110,1,1782361403.5873413,0.0019576549530029297
237834,normal,1325,1,1782361403.5893943,0.0020530223846435547
237835,normal,1589,0,1782361403.5912368,0.001842498779296875
237836,normal,266,0,1782361403.593384,0.002147197723388672
237837,normal,3508,0,1782361403.595244,0.001859903335571289
237838,normal,1757,0,1782361403.5973833,0.0021393299102783203
237839,normal,1105,0,1782361403.599391,0.002007722854614258
237840,normal,835,2,1782361403.6012368,0.0018458366394042969
237841,normal,181,0,1782361403.6033897,0.0021529197692871094
237842,normal,3005,0,1782361403.6053846,0.0019948482513427734
237843,normal,41,0,1782361403.607432,0.002047300338745117
237844,normal,1088,0,1782361403.6092482,0.0018162727355957031
237845,normal,933,2,1782361403.6115408,0.002292633056640625
237846,normal,1341,1,1782361403.6132526,0.0017118453979492188
237847,normal,3460,0,1782361403.6155462,0.0022935867309570312
237848,normal,42,0,1782361403.6173568,0.0018105506896972656
237849,normal,15,0,1782361403.6192312,0.0018744468688964844
237850,normal,2342,0,1782361403.6213622,0.0021309852600097656
237851,normal,2301,0,1782361403.6233833,0.0020210742950439453
237852,normal,1773,0,1782361403.6252315,0.0018482208251953125
237853,normal,2883,0,1782361403.627364,0.002132415771484375
237854,normal,3207,1,1782361403.6294048,0.002040863037109375
237855,normal,3455,0,1782361403.6312249,0.0018200874328613281
237856,normal,1739,0,1782361403.633225,0.002000093460083008
237857,normal,1698,0,1782361403.6354353,0.002210378646850586
237858,normal,3001,0,1782361403.6372254,0.0017900466918945312
237859,normal,118,0,1782361403.6393583,0.002132892608642578
237860,normal,1864,0,1782361403.641385,0.002026796340942383
237861,normal,3524,0,1782361403.6432288,0.0018436908721923828
237862,normal,464,0,1782361403.6453485,0.002119779586791992
237863,normal,1002,2,1782361403.6473744,0.0020258426666259766
237864,normal,2200,0,1782361403.649228,0.0018537044525146484
237865,normal,505,0,1782361403.6513684,0.0021402835845947266
237866,normal,3697,0,1782361403.653363,0.001994609832763672
237867,normal,2419,0,1782361403.655225,0.0018620491027832031
237868,normal,3195,1,1782361403.6574779,0.002252817153930664
237869,normal,188,0,1782361403.659397,0.0019190311431884766
237870,normal,3530,0,1782361403.6614137,0.002016782760620117
237871,normal,642,0,1782361403.663378,0.0019643306732177734
237872,normal,1010,2,1782361403.6656418,0.002263784408569336
237873,normal,1785,0,1782361403.6673443,0.0017025470733642578
237874,normal,1532,0,1782361403.6693423,0.0019979476928710938
237875,normal,1505,0,1782361403.6714704,0.002128124237060547
237876,normal,3409,0,1782361403.6732292,0.0017588138580322266
237877,normal,1158,0,1782361403.6753793,0.0021500587463378906
237878,normal,952,2,1782361403.6774018,0.0020225048065185547
237879,normal,533,0,1782361403.6792245,0.0018227100372314453
237880,normal,1999,0,1782361403.6813748,0.002150297164916992
237881,normal,2543,0,1782361403.6833947,0.0020198822021484375
237882,normal,187,0,1782361403.6857853,0.002390623092651367
237883,normal,160,0,1782361403.6872265,0.0014412403106689453
237884,normal,1021,2,1782361403.689377,0.0021505355834960938
237885,normal,3619,0,1782361403.691227,0.0018498897552490234
237886,normal,1721,0,1782361403.693377,0.0021500587463378906
237887,normal,2370,0,1782361403.6953847,0.002007722854614258
237888,normal,3165,1,1782361403.6972227,0.0018379688262939453
237889,normal,1781,0,1782361403.699385,0.0021622180938720703
237890,normal,2188,0,1782361403.7013853,0.0020003318786621094
237891,normal,3144,1,1782361403.7032247,0.0018393993377685547
237892,normal,2241,0,1782361403.7053785,0.0021538734436035156
237893,normal,1766,0,1782361403.7073913,0.0020127296447753906
237894,normal,2754,0,1782361403.7092261,0.001834869384765625
237895,normal,3491,0,1782361403.7113795,0.0021533966064453125
237896,normal,2808,0,1782361403.7133932,0.002013683319091797
237897,normal,2438,0,1782361403.715226,0.001832723617553711
237898,normal,3683,0,1782361403.7173796,0.002153635025024414
237899,normal,2354,0,1782361403.7193801,0.002000570297241211
237900,normal,606,0,1782361403.721228,0.0018477439880371094
237901,normal,3279,1,1782361403.7233787,0.0021507740020751953
237902,normal,1853,0,1782361403.7253983,0.002019643783569336
237903,normal,716,0,1782361403.727226,0.0018277168273925781
237904,normal,2630,0,1782361403.7293992,0.002173185348510742
237905,normal,675,0,1782361403.7313788,0.0019795894622802734
237906,normal,2221,0,1782361403.733228,0.0018491744995117188
237907,normal,1308,0,1782361403.7353446,0.002116680145263672
237908,normal,234,0,1782361403.737379,0.002034425735473633
237909,normal,2713,0,1782361403.7392232,0.001844167709350586
237910,normal,1715,0,1782361403.7413886,0.0021653175354003906
237911,normal,3533,0,1782361403.7433872,0.0019986629486083984
237912,normal,1451,0,1782361403.7452238,0.001836538314819336
237913,normal,572,0,1782361403.7473814,0.0021576881408691406
237914,normal,1948,0,1782361403.7494428,0.0020613670349121094
237915,normal,2103,0,1782361403.7512298,0.001786947250366211
237916,normal,1089,0,1782361403.7534018,0.0021719932556152344
237917,normal,2638,0,1782361403.755383,0.0019812583923339844
237918,normal,3394,1,1782361403.7572234,0.001840353012084961
237919,normal,2674,0,1782361403.7593815,0.0021581649780273438
237920,normal,2289,0,1782361403.7614617,0.002080202102661133
237921,normal,2300,0,1782361403.763223,0.0017611980438232422
237922,normal,812,2,1782361403.7654004,0.0021774768829345703
237923,normal,2976,0,1782361403.7673905,0.001990079879760742
237924,normal,3487,0,1782361403.769329,0.0019385814666748047
237925,normal,2251,0,1782361403.771217,0.0018880367279052734
237926,normal,2167,0,1782361403.7733848,0.0021677017211914062
237927,normal,2730,0,1782361403.7752187,0.0018339157104492188
237928,normal,2806,0,1782361403.7773712,0.0021524429321289062
237929,normal,2998,0,1782361403.779395,0.002023935317993164
237930,normal,2307,0,1782361403.7811925,0.0017974376678466797
237931,normal,2947,0,1782361403.7834673,0.002274751663208008
237932,normal,689,0,1782361403.7853394,0.0018720626831054688
237933,normal,3615,0,1782361403.7871907,0.0018513202667236328
237934,normal,1895,0,1782361403.7895985,0.0024077892303466797
237935,normal,2274,0,1782361403.791376,0.00177764892578125
237936,normal,3315,1,1782361403.7932587,0.0018825531005859375
237937,normal,511,0,1782361403.7954354,0.0021767616271972656
237938,normal,2426,0,1782361403.7974575,0.0020220279693603516
237939,normal,3466,0,1782361403.799247,0.0017895698547363281
237940,normal,2087,0,1782361403.801537,0.002290010452270508
237941,normal,918,2,1782361403.8034537,0.001916646957397461
237942,normal,1576,0,1782361403.8052475,0.0017938613891601562
237943,normal,1565,0,1782361403.8075366,0.0022890567779541016
237944,normal,1655,0,1782361403.8094559,0.0019192695617675781
237945,normal,530,0,1782361403.8112457,0.0017898082733154297
237946,normal,3295,1,1782361403.8135352,0.0022895336151123047
237947,normal,1932,0,1782361403.8153775,0.0018422603607177734
237948,normal,406,0,1782361403.8174257,0.0020482540130615234
237949,normal,2748,0,1782361403.819375,0.001949310302734375
237950,normal,2597,0,1782361403.8215363,0.002161264419555664
237951,normal,621,0,1782361403.8232498,0.0017135143280029297
237952,normal,2588,0,1782361403.8255358,0.0022859573364257812
237953,normal,2945,0,1782361403.8272483,0.0017125606536865234
237954,normal,697,0,1782361403.8294494,0.002201080322265625
237955,normal,1045,0,1782361403.831247,0.0017976760864257812
237956,normal,788,2,1782361403.8335326,0.002285480499267578
237957,normal,1461,0,1782361403.8352456,0.0017130374908447266
237958,normal,346,0,1782361403.837533,0.0022873878479003906
237959,normal,3224,1,1782361403.8394732,0.0019402503967285156
237960,normal,3575,0,1782361403.8412464,0.0017731189727783203
237961,normal,646,0,1782361403.8435254,0.002279043197631836
237962,normal,544,0,1782361403.8453748,0.0018494129180908203
237963,normal,3661,0,1782361403.8472476,0.0018727779388427734
237964,normal,815,2,1782361403.849532,0.0022842884063720703
237965,normal,565,0,1782361403.8514736,0.001941680908203125
237966,normal,1075,0,1782361403.8532455,0.0017719268798828125
237967,normal,2122,0,1782361403.8555355,0.002290010452270508
237968,normal,3538,0,1782361403.8574758,0.0019402503967285156
237969,normal,1585,0,1782361403.8592453,0.0017695426940917969
237970,normal,1057,0,1782361403.861536,0.0022907257080078125
237971,normal,3678,0,1782361403.8634732,0.0019371509552001953
237972,normal,2545,0,1782361403.8652465,0.0017733573913574219
237973,normal,546,0,1782361403.867535,0.0022885799407958984
237974,normal,3569,0,1782361403.8693876,0.0018525123596191406
237975,normal,3076,1,1782361403.8712463,0.0018587112426757812
237976,normal,3397,1,1782361403.873535,0.0022885799407958984
237977,normal,3623,0,1782361403.8753872,0.001852273941040039
237978,normal,1626,0,1782361403.8772497,0.0018625259399414062
237979,normal,2526,0,1782361403.8795364,0.002286672592163086
237980,normal,3187,1,1782361403.8813899,0.0018534660339355469
237981,normal,1359,1,1782361403.883257,0.001867055892944336
237982,normal,614,0,1782361403.885538,0.00228118896484375
237983,normal,1651,0,1782361403.8873959,0.001857757568359375
237984,normal,2522,0,1782361403.8892462,0.0018503665924072266
237985,normal,1896,0,1782361403.8915346,0.002288341522216797
237986,normal,1277,0,1782361403.8933938,0.0018591880798339844
237987,normal,1566,0,1782361403.8952487,0.0018548965454101562
237988,normal,650,0,1782361403.8975441,0.0022954940795898438
237989,normal,3234,1,1782361403.899398,0.00185394287109375
237990,normal,2518,0,1782361403.9012496,0.0018515586853027344
237991,normal,3320,1,1782361403.903567,0.0023174285888671875
237992,normal,3705,0,1782361403.9053996,0.0018324851989746094
237993,normal,3226,1,1782361403.9072533,0.0018537044525146484
237994,normal,1131,0,1782361403.9095433,0.002290010452270508
237995,normal,2582,0,1782361403.9114027,0.001859426498413086
237996,normal,1357,1,1782361403.9132495,0.0018467903137207031
237997,normal,955,2,1782361403.9155421,0.002292633056640625
237998,normal,2189,0,1782361403.9174101,0.0018680095672607422
237999,normal,3120,1,1782361403.9192507,0.0018405914306640625
238000,normal,2029,0,1782361403.9215384,0.002287626266479492
238001,normal,2915,0,1782361403.923393,0.0018546581268310547
238002,normal,2020,0,1782361403.925251,0.0018579959869384766
238003,normal,3,0,1782361403.927539,0.0022881031036376953
238004,normal,1848,0,1782361403.929377,0.0018379688262939453
238005,normal,3178,1,1782361403.9312482,0.0018711090087890625
238006,normal,1700,0,1782361403.9335601,0.0023119449615478516
238007,normal,2010,0,1782361403.9354117,0.0018515586853027344
238008,normal,417,0,1782361403.937248,0.0018362998962402344
238009,normal,1476,0,1782361403.9395466,0.002298593521118164
238010,normal,3290,1,1782361403.9413822,0.0018355846405029297
238011,normal,315,0,1782361403.9432487,0.0018665790557861328
238012,normal,3159,1,1782361403.9455416,0.0022928714752197266
238013,normal,1163,0,1782361403.9474275,0.0018858909606933594
238014,normal,1553,0,1782361403.9492471,0.001819610595703125
238015,normal,3549,0,1782361403.9515417,0.0022945404052734375
238016,normal,1906,0,1782361403.9534228,0.0018811225891113281
238017,normal,354,0,1782361403.955249,0.0018262863159179688
238018,normal,389,0,1782361403.9575398,0.0022907257080078125
238019,normal,3341,1,1782361403.959422,0.001882314682006836
238020,normal,2974,0,1782361403.9612482,0.0018260478973388672
238021,normal,165,0,1782361403.963538,0.0022897720336914062
238022,normal,1274,0,1782361403.9654255,0.0018875598907470703
238023,normal,1282,0,1782361403.9672477,0.0018222332000732422
238024,normal,508,0,1782361403.96954,0.0022923946380615234
238025,normal,1783,0,1782361403.9713864,0.0018463134765625
238026,normal,659,0,1782361403.9732647,0.0018782615661621094
238027,normal,1594,0,1782361403.9755414,0.0022766590118408203
238028,normal,2198,0,1782361403.9774287,0.0018873214721679688
238029,normal,1627,0,1782361403.9794035,0.001974821090698242
238030,normal,2425,0,1782361403.9813783,0.001974821090698242
238031,normal,2797,0,1782361403.9835427,0.0021643638610839844
238032,normal,3579,0,1782361403.985275,0.0017323493957519531
238033,normal,1572,0,1782361403.9875414,0.002266407012939453
238034,normal,2790,0,1782361403.9894357,0.001894235610961914
238035,normal,3225,1,1782361403.9912484,0.0018126964569091797
238036,normal,790,2,1782361403.9935424,0.0022940635681152344
238037,normal,1443,0,1782361403.9954379,0.0018954277038574219
238038,normal,3475,0,1782361403.9972475,0.0018095970153808594
238039,normal,1087,0,1782361403.9995403,0.0022928714752197266
238040,normal,1963,0,1782361404.001447,0.0019066333770751953
238041,normal,2740,0,1782361404.0032473,0.0018002986907958984
238042,normal,173,0,1782361404.0055401,0.0022928714752197266
238043,normal,353,0,1782361404.0074432,0.0019030570983886719
238044,normal,821,2,1782361404.009254,0.0018107891082763672
238045,normal,1918,0,1782361404.011542,0.0022881031036376953
238046,normal,185,0,1782361404.013445,0.0019028186798095703
238047,normal,2823,0,1782361404.0152507,0.0018057823181152344
238048,normal,3214,1,1782361404.0175424,0.0022916793823242188
238049,normal,887,2,1782361404.019448,0.001905679702758789
238050,normal,2700,0,1782361404.0212495,0.0018014907836914062
238051,normal,38,0,1782361404.0235448,0.002295255661010742
238052,normal,3055,1,1782361404.0254514,0.0019066333770751953
238053,normal,2358,0,1782361404.0272474,0.0017960071563720703
238054,normal,1872,0,1782361404.0295417,0.002294301986694336
238055,normal,3148,1,1782361404.0314534,0.0019116401672363281
238056,normal,2937,0,1782361404.033247,0.0017936229705810547
238057,normal,3577,0,1782361404.0355413,0.002294301986694336
238058,normal,3334,1,1782361404.037456,0.0019147396087646484
238059,normal,189,0,1782361404.0392485,0.0017924308776855469
238060,normal,668,0,1782361404.041543,0.0022945404052734375
238061,normal,3102,1,1782361404.04346,0.0019168853759765625
238062,normal,890,2,1782361404.045247,0.0017871856689453125
238063,normal,2554,0,1782361404.047546,0.0022988319396972656
238064,normal,974,2,1782361404.0494614,0.0019154548645019531
238065,normal,2065,0,1782361404.0512543,0.00179290771484375
238066,normal,3230,1,1782361404.0535417,0.0022873878479003906
238067,normal,106,0,1782361404.0553832,0.0018415451049804688
238068,normal,206,0,1782361404.057417,0.002033710479736328
238069,normal,860,2,1782361404.0593917,0.001974821090698242
238070,normal,631,0,1782361404.061536,0.002144336700439453
238071,normal,3548,0,1782361404.0632565,0.001720428466796875
238072,normal,1107,0,1782361404.0655334,0.002276897430419922
238073,normal,1208,0,1782361404.0674665,0.0019330978393554688
238074,normal,333,0,1782361404.0692472,0.0017807483673095703
238075,normal,204,0,1782361404.0715659,0.0023186206817626953
238076,normal,1239,0,1782361404.0734696,0.0019037723541259766
238077,normal,388,0,1782361404.0752501,0.0017805099487304688
238078,normal,1561,0,1782361404.0774014,0.0021512508392333984
238079,normal,3204,1,1782361404.0795398,0.002138376235961914
238080,normal,557,0,1782361404.0812476,0.0017077922821044922
238081,normal,3099,1,1782361404.08354,0.0022923946380615234
238082,normal,2898,0,1782361404.085476,0.0019359588623046875
238083,normal,483,0,1782361404.087248,0.001772165298461914
238084,normal,1692,0,1782361404.0895393,0.0022912025451660156
238085,normal,385,0,1782361404.0913796,0.001840353012084961
238086,normal,1423,0,1782361404.0932486,0.0018689632415771484
238087,normal,1653,0,1782361404.0955386,0.002290010452270508
238088,normal,577,0,1782361404.0973806,0.0018420219421386719
238089,normal,1212,0,1782361404.0992486,0.0018680095672607422
238090,normal,3704,0,1782361404.101541,0.0022923946380615234
238091,normal,25,0,1782361404.1033912,0.001850128173828125
238092,normal,1331,1,1782361404.1052485,0.0018572807312011719
238093,normal,1527,0,1782361404.1075394,0.002290964126586914
238094,normal,3515,0,1782361404.1093822,0.0018427371978759766
238095,normal,800,2,1782361404.1114078,0.002025604248046875
238096,normal,2739,0,1782361404.1133788,0.001971006393432617
238097,normal,2060,0,1782361404.115541,0.0021622180938720703
238098,normal,928,2,1782361404.117249,0.0017080307006835938
238099,normal,947,2,1782361404.11954,0.002290964126586914
238100,normal,1418,0,1782361404.12138,0.0018401145935058594
238101,normal,1666,0,1782361404.1232622,0.0018820762634277344
238102,normal,2444,0,1782361404.125541,0.0022788047790527344
238103,normal,1596,0,1782361404.1273801,0.0018391609191894531
238104,normal,1132,0,1782361404.1292503,0.0018701553344726562
238105,normal,2420,0,1782361404.1315393,0.0022890567779541016
238106,normal,763,0,1782361404.1333797,0.001840353012084961
238107,normal,3482,0,1782361404.1352484,0.0018687248229980469
238108,normal,1617,0,1782361404.137538,0.0022895336151123047
238109,normal,29,0,1782361404.1393793,0.0018413066864013672
238110,normal,2642,0,1782361404.1414106,0.0020313262939453125
238111,normal,410,0,1782361404.1433785,0.001967906951904297
238112,normal,1157,0,1782361404.1455376,0.00215911865234375
238113,normal,3674,0,1782361404.14725,0.0017123222351074219
238114,normal,1460,0,1782361404.1495385,0.0022885799407958984
238115,normal,2669,0,1782361404.15138,0.0018415451049804688
238116,normal,3454,0,1782361404.1534047,0.0020246505737304688
238117,normal,898,2,1782361404.1553786,0.001973867416381836
238118,normal,2503,0,1782361404.1575403,0.002161741256713867
238119,normal,3322,1,1782361404.159248,0.0017077922821044922
238120,normal,3629,0,1782361404.1615431,0.0022950172424316406
238121,normal,1569,0,1782361404.1633308,0.0017876625061035156
238122,normal,797,2,1782361404.165479,0.002148151397705078
238123,normal,936,2,1782361404.1672745,0.0017955303192138672
238124,normal,2350,0,1782361404.1693916,0.002117156982421875
238125,normal,2785,0,1782361404.1712046,0.0018129348754882812
238126,normal,202,0,1782361404.1733396,0.002135038375854492
238127,normal,3111,1,1782361404.175345,0.002005338668823242
238128,normal,705,0,1782361404.1772158,0.001870870590209961
238129,normal,1889,0,1782361404.1793761,0.002160310745239258
238130,normal,1414,0,1782361404.181585,0.0022089481353759766
238131,normal,3665,0,1782361404.1832378,0.0016527175903320312
238132,normal,1998,0,1782361404.185441,0.002203226089477539
238133,normal,1401,0,1782361404.1873822,0.0019412040710449219
238134,normal,74,0,1782361404.1894097,0.0020275115966796875
238135,normal,3199,1,1782361404.1913753,0.0019655227661132812
238136,normal,1818,0,1782361404.193564,0.0021886825561523438
238137,normal,3568,0,1782361404.1952474,0.0016834735870361328
238138,normal,2780,0,1782361404.1975589,0.0023114681243896484
238139,normal,2014,0,1782361404.1993759,0.0018169879913330078
238140,normal,995,2,1782361404.2012498,0.0018739700317382812
238141,normal,1302,0,1782361404.203562,0.002312183380126953
238142,normal,68,0,1782361404.2053778,0.0018157958984375
238143,normal,2405,0,1782361404.2074196,0.0020418167114257812
238144,normal,265,0,1782361404.2093737,0.0019540786743164062
238145,normal,892,2,1782361404.211564,0.0021903514862060547
238146,normal,1795,0,1782361404.2132494,0.0016853809356689453
238147,normal,3037,0,1782361404.2155647,0.0023152828216552734
238148,normal,1903,0,1782361404.2174306,0.0018658638000488281
238149,normal,3026,0,1782361404.2192564,0.0018258094787597656
238150,normal,1079,0,1782361404.2215798,0.0023233890533447266
238151,normal,0,0,1782361404.2234354,0.001855611801147461
238152,normal,1284,0,1782361404.2252493,0.0018138885498046875
238153,normal,910,2,1782361404.227558,0.0023086071014404297
238154,normal,1151,0,1782361404.229435,0.0018770694732666016
238155,normal,2282,0,1782361404.2312477,0.0018126964569091797
238156,normal,2215,0,1782361404.2335403,0.002292633056640625
238157,normal,2364,0,1782361404.235351,0.0018107891082763672
238158,normal,1338,1,1782361404.2372262,0.001875162124633789
238159,normal,1648,0,1782361404.2395294,0.0023031234741210938
238160,normal,3357,1,1782361404.2413476,0.0018181800842285156
238161,normal,1119,0,1782361404.2432277,0.0018801689147949219
238162,normal,309,0,1782361404.2453806,0.0021529197692871094
238163,normal,818,2,1782361404.2473814,0.0020008087158203125
238164,normal,5,0,1782361404.2492497,0.0018682479858398438
238165,normal,1662,0,1782361404.2513785,0.0021288394927978516
238166,normal,3589,0,1782361404.2533824,0.002003908157348633
238167,normal,962,2,1782361404.2552261,0.0018436908721923828
238168,normal,85,0,1782361404.2573829,0.0021567344665527344
238169,normal,1409,0,1782361404.259397,0.00201416015625
238170,normal,1743,0,1782361404.2612264,0.001829385757446289
238171,normal,3227,1,1782361404.2633789,0.0021524429321289062
238172,normal,1138,0,1782361404.265383,0.0020041465759277344
238173,normal,2032,0,1782361404.2672248,0.0018417835235595703
238174,normal,3171,1,1782361404.2693799,0.0021550655364990234
238175,normal,2499,0,1782361404.2713819,0.0020020008087158203
238176,normal,279,0,1782361404.2732253,0.0018434524536132812
238177,normal,1135,0,1782361404.2753787,0.0021533966064453125
238178,normal,2968,0,1782361404.2773855,0.0020067691802978516
238179,normal,2170,0,1782361404.2792258,0.001840353012084961
238180,normal,3262,1,1782361404.2813866,0.002160787582397461
238181,normal,641,0,1782361404.2835479,0.002161264419555664
238182,normal,133,0,1782361404.285269,0.0017211437225341797
238183,normal,2325,0,1782361404.287598,0.0023288726806640625
238184,normal,2636,0,1782361404.28939,0.0017921924591064453
238185,normal,1772,0,1782361404.2912295,0.0018393993377685547
238186,normal,628,0,1782361404.2933526,0.002123117446899414
238187,normal,569,0,1782361404.29535,0.0019974708557128906
238188,normal,2859,0,1782361404.2972324,0.001882314682006836
238189,normal,1415,0,1782361404.2993639,0.0021314620971679688
238190,normal,1380,1,1782361404.3013477,0.0019838809967041016
238191,normal,1840,0,1782361404.303228,0.0018801689147949219
238192,normal,3363,1,1782361404.3053584,0.0021305084228515625
238193,normal,1491,0,1782361404.3073459,0.001987457275390625
238194,normal,819,2,1782361404.3092272,0.0018813610076904297
238195,normal,2232,0,1782361404.3113444,0.002117156982421875
238196,normal,2467,0,1782361404.3133488,0.002004384994506836
238197,normal,914,2,1782361404.31523,0.0018811225891113281
238198,normal,3631,0,1782361404.3173504,0.002120494842529297
238199,normal,448,0,1782361404.3193476,0.001997232437133789
238200,normal,1063,0,1782361404.3212268,0.0018792152404785156
238201,normal,1188,0,1782361404.3233464,0.0021195411682128906
238202,normal,2832,0,1782361404.325351,0.0020046234130859375
238203,normal,563,0,1782361404.327227,0.0018761157989501953
238204,normal,1580,0,1782361404.329346,0.002118825912475586
238205,normal,2628,0,1782361404.3313591,0.0020132064819335938
238206,normal,1687,0,1782361404.3332253,0.0018661022186279297
238207,normal,1051,0,1782361404.3353467,0.002121448516845703
238208,normal,820,2,1782361404.337372,0.0020253658294677734
238209,normal,2610,0,1782361404.3392258,0.0018537044525146484
238210,normal,3217,1,1782361404.3413663,0.002140522003173828
238211,normal,1062,0,1782361404.3433828,0.0020165443420410156
238212,normal,1780,0,1782361404.3452272,0.0018444061279296875
238213,normal,2351,0,1782361404.3473468,0.0021195411682128906
238214,normal,2448,0,1782361404.3493698,0.002022981643676758
238215,normal,1080,0,1782361404.3512359,0.0018661022186279297
238216,normal,1322,1,1782361404.3533545,0.0021185874938964844
238217,normal,3672,0,1782361404.3553576,0.002003192901611328
238218,normal,3689,0,1782361404.3572063,0.0018486976623535156
238219,normal,1969,0,1782361404.3593194,0.0021131038665771484
238220,normal,3035,0,1782361404.3613262,0.0020067691802978516
238221,normal,3028,0,1782361404.3632083,0.0018820762634277344
238222,normal,906,2,1782361404.3653207,0.0021123886108398438
238223,normal,1534,0,1782361404.367326,0.002005338668823242
238224,normal,1043,0,1782361404.369208,0.0018820762634277344
238225,normal,1200,0,1782361404.3713212,0.0021131038665771484
238226,normal,2075,0,1782361404.3733492,0.0020279884338378906
238227,normal,1435,0,1782361404.3752415,0.0018923282623291016
238228,normal,558,0,1782361404.3773227,0.002081155776977539
238229,normal,1746,0,1782361404.3793561,0.0020334720611572266
238230,normal,2111,0,1782361404.3812292,0.001873016357421875
238231,normal,2214,0,1782361404.3833687,0.002139568328857422
238232,normal,2721,0,1782361404.3853314,0.0019626617431640625
238233,normal,1426,0,1782361404.3872354,0.0019040107727050781
238234,normal,1294,0,1782361404.389315,0.002079486846923828
238235,normal,991,2,1782361404.391322,0.002007007598876953
238236,normal,1600,0,1782361404.393208,0.001886129379272461
238237,normal,2684,0,1782361404.3953326,0.0021245479583740234
238238,normal,1315,0,1782361404.3973284,0.0019958019256591797
238239,normal,275,0,1782361404.3992105,0.0018820762634277344
238240,normal,504,0,1782361404.401331,0.002120494842529297
238241,normal,3191,1,1782361404.4033582,0.002027273178100586
238242,normal,3423,0,1782361404.405231,0.0018727779388427734
238243,normal,1431,0,1782361404.4072297,0.0019986629486083984
238244,normal,2249,0,1782361404.409391,0.002161264419555664
238245,normal,70,0,1782361404.4112313,0.001840353012084961
238246,normal,715,0,1782361404.4133525,0.0021212100982666016
238247,normal,3489,0,1782361404.415371,0.002018451690673828
238248,normal,515,0,1782361404.41723,0.0018589496612548828
238249,normal,1606,0,1782361404.4193563,0.002126455307006836
238250,normal,3015,0,1782361404.4213557,0.001999378204345703
238251,normal,777,2,1782361404.4232318,0.0018761157989501953
238252,normal,524,0,1782361404.4253516,0.002119779586791992
238253,normal,589,0,1782361404.4273663,0.002014636993408203
238254,normal,2276,0,1782361404.42923,0.001863718032836914
238255,normal,1774,0,1782361404.4313555,0.0021255016326904297
238256,normal,3004,0,1782361404.4333768,0.002021312713623047
238257,normal,1421,0,1782361404.43523,0.0018532276153564453
238258,normal,901,2,1782361404.437233,0.0020029544830322266
238259,normal,825,2,1782361404.43939,0.002156972885131836
238260,normal,2227,0,1782361404.4412303,0.001840353012084961
238261,normal,1185,0,1782361404.4433532,0.0021228790283203125
238262,normal,205,0,1782361404.4453561,0.0020029544830322266
238263,normal,3501,0,1782361404.4472284,0.0018723011016845703
238264,normal,1699,0,1782361404.4493542,0.0021257400512695312
238265,normal,1637,0,1782361404.4513776,0.002023458480834961
238266,normal,1782,0,1782361404.4532347,0.0018570423126220703
238267,normal,2490,0,1782361404.4553554,0.0021207332611083984
238268,normal,1015,2,1782361404.4574127,0.002057313919067383
238269,normal,1905,0,1782361404.4592304,0.0018177032470703125
238270,normal,2275,0,1782361404.4613543,0.0021238327026367188
238271,normal,2706,0,1782361404.463357,0.002002716064453125
238272,normal,252,0,1782361404.4652352,0.0018782615661621094
238273,normal,3338,1,1782361404.4673507,0.002115488052368164
238274,normal,43,0,1782361404.469354,0.002003192901611328
238275,normal,3376,1,1782361404.4712286,0.001874685287475586
238276,normal,1887,0,1782361404.4733725,0.00214385986328125
238277,normal,2070,0,1782361404.4753764,0.002003908157348633
238278,normal,2172,0,1782361404.4772289,0.0018525123596191406
238279,normal,1168,0,1782361404.4792812,0.00205230712890625
238280,normal,3220,1,1782361404.4812968,0.0020155906677246094
238281,normal,3445,0,1782361404.483185,0.001888275146484375
238282,normal,669,0,1782361404.4851882,0.002003192901611328
238283,normal,3698,0,1782361404.487397,0.002208709716796875
238284,normal,480,0,1782361404.489263,0.0018661022186279297
238285,normal,1487,0,1782361404.4913511,0.0020880699157714844
238286,normal,2445,0,1782361404.4933639,0.0020127296447753906
238287,normal,2865,0,1782361404.4952295,0.0018656253814697266
238288,normal,924,2,1782361404.4973507,0.0021212100982666016
238289,normal,2294,0,1782361404.499424,0.0020732879638671875
238290,normal,776,2,1782361404.5012321,0.00180816650390625
238291,normal,1540,0,1782361404.5033543,0.002122163772583008
238292,normal,433,0,1782361404.5054288,0.0020744800567626953
238293,normal,1136,0,1782361404.507229,0.0018002986907958984
238294,normal,549,0,1782361404.5093517,0.002122640609741211
238295,normal,929,2,1782361404.5114498,0.00209808349609375
238296,normal,3343,1,1782361404.513227,0.0017771720886230469
238297,normal,3514,0,1782361404.5153506,0.002123594284057617
238298,normal,1130,0,1782361404.5174284,0.002077817916870117
238299,normal,1268,0,1782361404.5192263,0.0017979145050048828
238300,normal,2552,0,1782361404.521353,0.0021266937255859375
238301,normal,2707,0,1782361404.523352,0.0019989013671875
238302,normal,1867,0,1782361404.525235,0.0018830299377441406
238303,normal,1354,1,1782361404.5273554,0.002120494842529297
238304,normal,1165,0,1782361404.5293522,0.001996755599975586
238305,normal,1440,0,1782361404.531234,0.0018818378448486328
238306,normal,3527,0,1782361404.533352,0.0021178722381591797
238307,normal,2693,0,1782361404.535437,0.0020852088928222656
238308,normal,3570,0,1782361404.537228,0.0017910003662109375
238309,normal,1030,0,1782361404.5393534,0.002125263214111328
238310,normal,489,0,1782361404.541356,0.002002716064453125
238311,normal,2206,0,1782361404.5432296,0.0018734931945800781
238312,normal,1593,0,1782361404.545366,0.0021364688873291016
238313,normal,3080,1,1782361404.5473564,0.0019903182983398438
238314,normal,3368,1,1782361404.5492315,0.001875162124633789
238315,normal,90,0,1782361404.55135,0.0021185874938964844
238316,normal,2298,0,1782361404.5533621,0.002012014389038086
238317,normal,1495,0,1782361404.5552263,0.0018641948699951172
238318,normal,2433,0,1782361404.55735,0.002123594284057617
238319,normal,345,0,1782361404.5593572,0.0020072460174560547
238320,normal,3416,0,1782361404.561237,0.0018799304962158203
238321,normal,1733,0,1782361404.5633514,0.0021142959594726562
238322,normal,227,0,1782361404.5653594,0.0020079612731933594
238323,normal,1342,1,1782361404.5672293,0.0018699169158935547
238324,normal,490,0,1782361404.5693507,0.002121448516845703
238325,normal,83,0,1782361404.5713658,0.0020151138305664062
238326,normal,643,0,1782361404.5732315,0.0018656253814697266
238327,normal,556,0,1782361404.5753498,0.002118349075317383
238328,normal,2623,0,1782361404.5773563,0.00200653076171875
238329,normal,1475,0,1782361404.579228,0.0018715858459472656
238330,normal,3251,1,1782361404.5813873,0.0021593570709228516
238331,normal,1657,0,1782361404.5833654,0.001978158950805664
238332,normal,3179,1,1782361404.5852544,0.0018889904022216797
238333,normal,1248,0,1782361404.5873518,0.0020973682403564453
238334,normal,3096,1,1782361404.589362,0.0020101070404052734
238335,normal,3125,1,1782361404.5912285,0.0018665790557861328
238336,normal,581,0,1782361404.5933642,0.002135753631591797
238337,normal,1925,0,1782361404.5954058,0.0020415782928466797
238338,normal,2879,0,1782361404.597229,0.0018231868743896484
238339,normal,1552,0,1782361404.5993743,0.0021452903747558594
238340,normal,2896,0,1782361404.6013482,0.001973867416381836
238341,normal,750,0,1782361404.6032398,0.0018916130065917969
238342,normal,1394,0,1782361404.6053677,0.0021278858184814453
238343,normal,735,0,1782361404.6073475,0.001979827880859375
238344,normal,1847,0,1782361404.6092424,0.0018949508666992188
238345,normal,2676,0,1782361404.6113498,0.002107381820678711
238346,normal,886,2,1782361404.6133568,0.002007007598876953
238347,normal,262,0,1782361404.6152272,0.0018703937530517578
238348,normal,73,0,1782361404.617351,0.0021238327026367188
238349,normal,2540,0,1782361404.6193829,0.0020318031311035156
238350,normal,2634,0,1782361404.6212268,0.0018439292907714844
238351,normal,3018,0,1782361404.623352,0.002125263214111328
238352,normal,6,0,1782361404.6253529,0.0020008087158203125
238353,normal,3670,0,1782361404.6272256,0.0018727779388427734
238354,normal,2816,0,1782361404.6293476,0.0021219253540039062
238355,normal,1659,0,1782361404.6313593,0.0020117759704589844
238356,normal,1693,0,1782361404.6332264,0.001867055892944336
238357,normal,1353,1,1782361404.6353505,0.0021240711212158203
238358,normal,985,2,1782361404.637353,0.0020024776458740234
238359,normal,2855,0,1782361404.6392276,0.001874685287475586
238360,normal,35,0,1782361404.64135,0.0021224021911621094
238361,normal,979,2,1782361404.643351,0.002001047134399414
238362,normal,861,2,1782361404.645226,0.0018749237060546875
238363,normal,1987,0,1782361404.6473472,0.0021212100982666016
238364,normal,1874,0,1782361404.6493826,0.002035379409790039
238365,normal,3450,0,1782361404.6512425,0.001859903335571289
238366,normal,2489,0,1782361404.6533523,0.0021097660064697266
238367,normal,545,0,1782361404.6553538,0.002001523971557617
238368,normal,575,0,1782361404.6572278,0.0018739700317382812
238369,normal,358,0,1782361404.65932,0.0020923614501953125
238370,normal,446,0,1782361404.6613557,0.0020356178283691406
238371,normal,108,0,1782361404.6632323,0.0018765926361083984
238372,normal,3681,0,1782361404.6653514,0.0021190643310546875
238373,normal,2355,0,1782361404.6673527,0.0020012855529785156
238374,normal,3143,1,1782361404.6692283,0.0018756389617919922
238375,normal,649,0,1782361404.6713564,0.002128124237060547
238376,normal,2397,0,1782361404.673367,0.0020105838775634766
238377,normal,2154,0,1782361404.6752331,0.0018661022186279297
238378,normal,2157,0,1782361404.6773503,0.002117156982421875
238379,normal,2576,0,1782361404.6793542,0.002003908157348633
238380,normal,3130,1,1782361404.681232,0.0018777847290039062
238381,normal,1050,0,1782361404.6833477,0.0021157264709472656
238382,normal,209,0,1782361404.6853497,0.0020020008087158203
238383,normal,1098,0,1782361404.6872385,0.0018887519836425781
238384,normal,2273,0,1782361404.6893492,0.002110719680786133
238385,normal,2019,0,1782361404.6913493,0.002000093460083008
238386,normal,813,2,1782361404.6932325,0.0018832683563232422
238387,normal,3494,0,1782361404.6953692,0.002136707305908203
238388,normal,796,2,1782361404.6973445,0.0019752979278564453
238389,normal,1483,0,1782361404.6992252,0.001880645751953125
238390,normal,1189,0,1782361404.7013419,0.002116680145263672
238391,normal,117,0,1782361404.703347,0.0020051002502441406
238392,normal,3459,0,1782361404.7052233,0.0018763542175292969
238393,normal,2704,0,1782361404.7073674,0.0021440982818603516
238394,normal,2224,0,1782361404.7093492,0.0019817352294921875
238395,normal,484,0,1782361404.7112243,0.001875162124633789
238396,normal,264,0,1782361404.713345,0.0021207332611083984
238397,normal,734,0,1782361404.7153485,0.0020034313201904297
238398,normal,2016,0,1782361404.7172267,0.0018782615661621094
238399,normal,2197,0,1782361404.7193513,0.0021245479583740234
238400,normal,941,2,1782361404.7213473,0.0019960403442382812
238401,normal,212,0,1782361404.7232287,0.0018813610076904297
238402,normal,1996,0,1782361404.7253447,0.002115964889526367
238403,normal,1909,0,1782361404.7273602,0.0020155906677246094
238404,normal,1892,0,1782361404.7292306,0.0018703937530517578
238405,normal,2682,0,1782361404.7313454,0.0021147727966308594
238406,normal,3695,0,1782361404.7333493,0.002003908157348633
238407,normal,595,0,1782361404.7352302,0.0018808841705322266
238408,normal,3289,1,1782361404.7373443,0.0021140575408935547
238409,normal,2828,0,1782361404.7393472,0.0020029544830322266
238410,normal,2867,0,1782361404.7412264,0.0018792152404785156
238411,normal,136,0,1782361404.743346,0.0021195411682128906
238412,normal,1152,0,1782361404.7453613,0.002015352249145508
238413,normal,2316,0,1782361404.7472222,0.0018608570098876953
238414,normal,61,0,1782361404.7493472,0.0021250247955322266
238415,normal,116,0,1782361404.7513492,0.0020020008087158203
238416,normal,972,2,1782361404.7532253,0.0018761157989501953
238417,normal,121,0,1782361404.7553442,0.002118825912475586
238418,normal,2334,0,1782361404.7573462,0.0020020008087158203
238419,normal,2696,0,1782361404.7592242,0.0018780231475830078
238420,normal,1945,0,1782361404.7613459,0.0021216869354248047
238421,normal,352,0,1782361404.763351,0.0020051002502441406
238422,normal,2577,0,1782361404.7652423,0.0018913745880126953
238423,normal,429,0,1782361404.7673454,0.002103090286254883
238424,normal,2973,0,1782361404.769345,0.0019996166229248047
238425,normal,1457,0,1782361404.7712247,0.0018796920776367188
238426,normal,827,2,1782361404.773345,0.0021202564239501953
238427,normal,404,0,1782361404.7753706,0.002025604248046875
238428,normal,625,0,1782361404.7772295,0.0018589496612548828
238429,normal,769,0,1782361404.7793427,0.0021131038665771484
238430,normal,532,0,1782361404.7813845,0.0020418167114257812
238431,normal,2336,0,1782361404.7832258,0.0018413066864013672
238432,normal,1108,0,1782361404.7852387,0.002012968063354492
238433,normal,1682,0,1782361404.787385,0.0021462440490722656
238434,normal,2141,0,1782361404.7892473,0.0018622875213623047
238435,normal,154,0,1782361404.7913444,0.0020971298217773438
238436,normal,3685,0,1782361404.793348,0.0020036697387695312
238437,normal,3471,0,1782361404.7952244,0.0018763542175292969
238438,normal,745,0,1782361404.7973442,0.002119779586791992
238439,normal,805,2,1782361404.7993488,0.0020046234130859375
238440,normal,1734,0,1782361404.8012252,0.0018763542175292969
238441,normal,1278,0,1782361404.8033454,0.0021202564239501953
238442,normal,332,0,1782361404.8053598,0.0020143985748291016
238443,normal,2465,0,1782361404.8072264,0.0018665790557861328
238444,normal,2987,0,1782361404.809365,0.0021386146545410156
238445,normal,1232,0,1782361404.8113441,0.0019791126251220703
238446,normal,242,0,1782361404.8132317,0.0018875598907470703
238447,normal,1779,0,1782361404.8153565,0.002124786376953125
238448,normal,1369,1,1782361404.8173468,0.0019903182983398438
238449,normal,1501,0,1782361404.8192267,0.0018799304962158203
238450,normal,3049,1,1782361404.8213375,0.002110719680786133
238451,normal,3139,1,1782361404.8233504,0.002012968063354492
238452,normal,1583,0,1782361404.8252237,0.0018732547760009766
238453,normal,3330,1,1782361404.8273447,0.0021209716796875
238454,normal,1244,0,1782361404.8293471,0.0020024776458740234
238455,normal,318,0,1782361404.8312254,0.0018782615661621094
238456,normal,3660,0,1782361404.833346,0.002120494842529297
238457,normal,568,0,1782361404.8353508,0.002004861831665039
238458,normal,2838,0,1782361404.8372242,0.0018734931945800781
238459,normal,2813,0,1782361404.839345,0.0021207332611083984
238460,normal,1472,0,1782361404.8413496,0.0020046234130859375
238461,normal,3557,0,1782361404.8432307,0.0018811225891113281
238462,normal,179,0,1782361404.8453438,0.0021131038665771484
238463,normal,710,0,1782361404.8473468,0.0020029544830322266
238464,normal,2766,0,1782361404.8492262,0.0018794536590576172
238465,normal,1604,0,1782361404.8513453,0.0021190643310546875
238466,normal,1935,0,1782361404.8533485,0.002003192901611328
238467,normal,3572,0,1782361404.8552246,0.0018761157989501953
238468,normal,857,2,1782361404.8573456,0.0021209716796875
238469,normal,2692,0,1782361404.8593462,0.002000570297241211
238470,normal,3580,0,1782361404.8612266,0.0018804073333740234
238471,normal,3324,1,1782361404.8633497,0.002123117446899414
238472,normal,2328,0,1782361404.865348,0.001998424530029297
238473,normal,3270,1,1782361404.8672237,0.0018756389617919922
238474,normal,1432,0,1782361404.8693452,0.002121448516845703
238475,normal,822,2,1782361404.8713484,0.002003192901611328
238476,normal,2959,0,1782361404.87324,0.0018916130065917969
238477,normal,2092,0,1782361404.875345,0.0021049976348876953
238478,normal,14,0,1782361404.8773487,0.0020036697387695312
238479,normal,2313,0,1782361404.8792274,0.0018787384033203125
238480,normal,2423,0,1782361404.8813438,0.0021164417266845703
238481,normal,149,0,1782361404.8833623,0.002018451690673828
238482,normal,2361,0,1782361404.8852446,0.001882314682006836
238483,normal,3506,0,1782361404.8878207,0.002576112747192383
238484,normal,2951,0,1782361404.889225,0.0014042854309082031
238485,normal,1539,0,1782361404.891372,0.0021469593048095703
238486,normal,53,0,1782361404.8932416,0.0018696784973144531
238487,normal,76,0,1782361404.8953671,0.0021255016326904297
238488,normal,774,2,1782361404.8972278,0.0018606185913085938
238489,normal,817,2,1782361404.89935,0.002122163772583008
238490,normal,1307,0,1782361404.901341,0.0019910335540771484
238491,normal,1120,0,1782361404.9032273,0.0018863677978515625
238492,normal,2235,0,1782361404.9052248,0.0019974708557128906
238493,normal,1582,0,1782361404.9073932,0.002168416976928711
238494,normal,2874,0,1782361404.9092267,0.0018334388732910156
238495,normal,1384,0,1782361404.9113512,0.0021245479583740234
238496,normal,2145,0,1782361404.9133475,0.001996278762817383
238497,normal,3302,1,1782361404.915225,0.0018775463104248047
238498,normal,2034,0,1782361404.91735,0.0021250247955322266
238499,normal,124,0,1782361404.919344,0.001993894577026367
238500,normal,674,0,1782361404.9212332,0.0018892288208007812
238501,normal,1126,0,1782361404.9233496,0.0021164417266845703
238502,normal,3614,0,1782361404.9253519,0.002002239227294922
238503,normal,1095,0,1782361404.9272282,0.0018763542175292969
238504,normal,1450,0,1782361404.929351,0.0021228790283203125
238505,normal,2881,0,1782361404.9313517,0.002000570297241211
238506,normal,1670,0,1782361404.9332283,0.0018765926361083984
238507,normal,251,0,1782361404.9353495,0.0021212100982666016
238508,normal,198,0,1782361404.9373648,0.002015352249145508
238509,normal,2804,0,1782361404.9392257,0.0018608570098876953
238510,normal,2834,0,1782361404.941225,0.001999378204345703
238511,normal,1273,0,1782361404.9434023,0.0021772384643554688
238512,normal,513,0,1782361404.945229,0.0018267631530761719
238513,normal,1047,0,1782361404.94735,0.0021209716796875
238514,normal,2011,0,1782361404.9493551,0.0020051002502441406
238515,normal,120,0,1782361404.9512317,0.0018765926361083984
238516,normal,1270,0,1782361404.9533489,0.002117156982421875
238517,normal,726,0,1782361404.9553556,0.0020067691802978516
238518,normal,2665,0,1782361404.9572265,0.001870870590209961
238519,normal,445,0,1782361404.95935,0.002123594284057617
238520,normal,3254,1,1782361404.9613645,0.0020143985748291016
238521,normal,23,0,1782361404.9632385,0.0018739700317382812
238522,normal,3115,1,1782361404.965368,0.0021295547485351562
238523,normal,386,0,1782361404.9673543,0.001986265182495117
238524,normal,877,2,1782361404.9692392,0.0018849372863769531
238525,normal,1160,0,1782361404.9713519,0.0021126270294189453
238526,normal,2787,0,1782361404.9733555,0.0020036697387695312
238527,normal,723,0,1782361404.9752934,0.0019378662109375
238528,normal,516,0,1782361404.9773655,0.0020720958709716797
238529,normal,2180,0,1782361404.9796412,0.002275705337524414
238530,normal,1290,0,1782361404.9822621,0.0026209354400634766
238531,normal,2972,0,1782361404.9833293,0.0010671615600585938
238532,normal,230,0,1782361404.9854083,0.002079010009765625
238533,normal,487,0,1782361404.9872117,0.0018033981323242188
238534,normal,2957,0,1782361404.9891622,0.0019505023956298828
238535,normal,2449,0,1782361404.9912329,0.0020706653594970703
238536,normal,482,0,1782361404.993185,0.0019521713256835938
238537,normal,1137,0,1782361404.995226,0.002040863037109375
238538,normal,971,2,1782361404.9972165,0.0019905567169189453
238539,normal,3170,1,1782361404.9991977,0.0019812583923339844
238540,normal,2827,0,1782361405.0011778,0.0019800662994384766
238541,normal,3329,1,1782361405.0032558,0.0020780563354492188
238542,normal,3151,1,1782361405.0052936,0.0020377635955810547
238543,normal,2617,0,1782361405.0072672,0.0019736289978027344
238544,normal,3145,1,1782361405.0093217,0.002054452896118164
238545,normal,3625,0,1782361405.0112083,0.001886606216430664
238546,normal,1573,0,1782361405.0133615,0.002153158187866211
238547,normal,236,0,1782361405.015315,0.001953601837158203
238548,normal,2311,0,1782361405.017196,0.0018808841705322266
238549,normal,1381,1,1782361405.0193486,0.002152681350708008
238550,normal,3496,0,1782361405.021354,0.002005338668823242
238551,normal,3307,1,1782361405.0232792,0.0019252300262451172
238552,normal,2668,0,1782361405.0253503,0.0020711421966552734
238553,normal,183,0,1782361405.0273511,0.0020008087158203125
238554,normal,1133,0,1782361405.0291965,0.0018453598022460938
238555,normal,114,0,1782361405.0313456,0.0021491050720214844
238556,normal,1621,0,1782361405.033346,0.0020003318786621094
238557,normal,401,0,1782361405.0351849,0.0018389225006103516
238558,normal,3064,1,1782361405.0373533,0.002168416976928711
238559,normal,2261,0,1782361405.039545,0.002191781997680664
238560,normal,2580,0,1782361405.0413985,0.0018534660339355469
238561,normal,3313,1,1782361405.0434008,0.002002239227294922
238562,normal,2083,0,1782361405.0457702,0.002369403839111328
238563,normal,78,0,1782361405.0472457,0.0014755725860595703
238564,normal,2735,0,1782361405.0498261,0.002580404281616211
238565,normal,3046,1,1782361405.0512612,0.0014350414276123047
238566,normal,2889,0,1782361405.0533116,0.0020503997802734375
238567,normal,2230,0,1782361405.0554125,0.0021009445190429688
238568,normal,2614,0,1782361405.0574095,0.0019969940185546875
238569,normal,34,0,1782361405.0593183,0.0019087791442871094
238570,normal,145,0,1782361405.0614293,0.0021109580993652344
238571,normal,996,2,1782361405.0634272,0.0019979476928710938
238572,normal,2143,0,1782361405.0653372,0.0019099712371826172
238573,normal,2043,0,1782361405.067429,0.0020918846130371094
238574,normal,648,0,1782361405.0693936,0.001964569091796875
238575,normal,644,0,1782361405.0712984,0.0019047260284423828
238576,normal,329,0,1782361405.07338,0.002081632614135742
238577,normal,584,0,1782361405.0753796,0.0019996166229248047
238578,normal,2327,0,1782361405.0772057,0.0018260478973388672
238579,normal,846,2,1782361405.0794141,0.0022084712982177734
238580,normal,2027,0,1782361405.0813925,0.0019783973693847656
238581,normal,2821,0,1782361405.0834174,0.0020248889923095703
238582,normal,3542,0,1782361405.0852516,0.0018341541290283203
238583,normal,1027,2,1782361405.087347,0.002095460891723633
238584,normal,88,0,1782361405.0892937,0.0019466876983642578
238585,normal,2455,0,1782361405.0913303,0.002036571502685547
238586,normal,3630,0,1782361405.0933084,0.001978158950805664
238587,normal,3435,0,1782361405.0952017,0.0018932819366455078
238588,normal,3404,0,1782361405.09734,0.002138376235961914
238589,normal,3305,1,1782361405.0993767,0.002036571502685547
238590,normal,916,2,1782361405.101231,0.0018544197082519531
238591,normal,1696,0,1782361405.1033723,0.002141237258911133
238592,normal,1471,0,1782361405.1053982,0.0020258426666259766
238593,normal,3633,0,1782361405.1072855,0.0018873214721679688
238594,normal,2101,0,1782361405.109264,0.0019783973693847656
238595,normal,3278,1,1782361405.1113985,0.002134561538696289
238596,normal,407,0,1782361405.1134953,0.002096891403198242
238597,normal,1071,0,1782361405.1151965,0.0017011165618896484
238598,normal,1894,0,1782361405.1173763,0.002179861068725586
238599,normal,396,0,1782361405.1192741,0.0018978118896484375
238600,normal,97,0,1782361405.1213808,0.0021066665649414062
238601,normal,3510,0,1782361405.1234596,0.0020787715911865234
238602,normal,3304,1,1782361405.1252728,0.0018131732940673828
238603,normal,3505,0,1782361405.1273623,0.0020895004272460938
238604,normal,325,0,1782361405.1293695,0.0020072460174560547
238605,normal,1749,0,1782361405.1314201,0.002050638198852539
238606,normal,2039,0,1782361405.1334608,0.0020406246185302734
238607,normal,694,0,1782361405.135447,0.001986265182495117
238608,normal,2386,0,1782361405.1375556,0.0021085739135742188
238609,normal,1288,0,1782361405.139219,0.0016634464263916016
238610,normal,2140,0,1782361405.1413913,0.002172231674194336
238611,normal,59,0,1782361405.1432092,0.001817941665649414
238612,normal,3425,0,1782361405.14539,0.002180814743041992
238613,normal,2720,0,1782361405.1476486,0.0022585391998291016
238614,normal,607,0,1782361405.1492796,0.001631021499633789
238615,normal,1769,0,1782361405.1513572,0.0020775794982910156
238616,normal,1365,1,1782361405.153453,0.002095937728881836
238617,normal,3592,0,1782361405.1552715,0.0018184185028076172
238618,normal,2688,0,1782361405.1573365,0.002064943313598633
238619,normal,498,0,1782361405.159374,0.002037525177001953
238620,normal,2050,0,1782361405.1613042,0.00193023681640625
238621,normal,50,0,1782361405.163442,0.0021376609802246094
238622,normal,24,0,1782361405.165304,0.0018620491027832031
238623,normal,2134,0,1782361405.16765,0.002346038818359375
238624,normal,476,0,1782361405.1695404,0.001890420913696289
238625,normal,2771,0,1782361405.1712816,0.001741170883178711
238626,normal,3624,0,1782361405.1735153,0.002233743667602539
238627,normal,3518,0,1782361405.1753058,0.0017905235290527344
238628,normal,2295,0,1782361405.1774457,0.0021398067474365234
238629,normal,3318,1,1782361405.1793299,0.0018842220306396484
238630,normal,132,0,1782361405.181314,0.001984119415283203
238631,normal,1624,0,1782361405.1832855,0.0019714832305908203
238632,normal,1479,0,1782361405.1852891,0.0020036697387695312
238633,normal,387,0,1782361405.1872087,0.0019195079803466797
238634,normal,3596,0,1782361405.1893132,0.002104520797729492
238635,normal,3166,1,1782361405.1913197,0.00200653076171875
238636,normal,740,0,1782361405.1932998,0.0019800662994384766
238637,normal,2520,0,1782361405.195297,0.001997232437133789
238638,normal,3274,1,1782361405.1973023,0.002005338668823242
238639,normal,3392,1,1782361405.1993196,0.0020172595977783203
238640,normal,1289,0,1782361405.20135,0.0020303726196289062
238641,normal,2428,0,1782361405.2032857,0.001935720443725586
238642,normal,3426,0,1782361405.205287,0.0020012855529785156
238643,normal,240,0,1782361405.2073243,0.0020372867584228516
238644,normal,1330,1,1782361405.2093315,0.0020072460174560547
238645,normal,312,0,1782361405.211357,0.002025604248046875
238646,normal,566,0,1782361405.213297,0.0019397735595703125
238647,normal,1427,0,1782361405.2153003,0.0020034313201904297
238648,normal,2028,0,1782361405.2173016,0.0020012855529785156
238649,normal,93,0,1782361405.2192988,0.001997232437133789
238650,normal,2531,0,1782361405.2213159,0.0020170211791992188
238651,normal,2591,0,1782361405.223307,0.0019910335540771484
238652,normal,895,2,1782361405.2253165,0.0020096302032470703
238653,normal,52,0,1782361405.2273333,0.002016782760620117
238654,normal,3242,1,1782361405.2293074,0.0019741058349609375
238655,normal,2888,0,1782361405.2312856,0.001978158950805664
238656,normal,232,0,1782361405.2332952,0.0020096302032470703
238657,normal,2373,0,1782361405.2352817,0.0019865036010742188
238658,normal,1584,0,1782361405.2372818,0.002000093460083008
238659,normal,3043,0,1782361405.2392914,0.0020096302032470703
238660,normal,214,0,1782361405.2413204,0.002028942108154297
238661,normal,1187,0,1782361405.2435265,0.002206087112426758
238662,normal,1926,0,1782361405.2451937,0.0016672611236572266
238663,normal,365,0,1782361405.2473018,0.0021080970764160156
238664,normal,3444,0,1782361405.2493312,0.0020294189453125
238665,normal,2482,0,1782361405.2512016,0.0018703937530517578
238666,normal,3554,0,1782361405.2532759,0.0020742416381835938
238667,normal,10,0,1782361405.25528,0.0020041465759277344
238668,normal,1954,0,1782361405.2572126,0.0019326210021972656
238669,normal,3520,0,1782361405.2593195,0.002106904983520508
238670,normal,1228,0,1782361405.2613287,0.002009153366088867
238671,normal,1234,0,1782361405.2632816,0.0019528865814208984
238672,normal,3650,0,1782361405.2653584,0.002076864242553711
238673,normal,2839,0,1782361405.2673476,0.001989126205444336
238674,normal,2459,0,1782361405.2691789,0.0018312931060791016
238675,normal,1873,0,1782361405.271348,0.0021691322326660156
238676,normal,2618,0,1782361405.2734187,0.0020706653594970703
238677,normal,1861,0,1782361405.2751577,0.0017390251159667969
238678,normal,3556,0,1782361405.2772737,0.002115964889526367
238679,normal,3546,0,1782361405.2792733,0.0019996166229248047
238680,normal,1992,0,1782361405.2812023,0.0019290447235107422
238681,normal,1716,0,1782361405.2833343,0.002131938934326172
238682,normal,2473,0,1782361405.2852836,0.001949310302734375
238683,normal,853,2,1782361405.2871933,0.0019097328186035156
238684,normal,1150,0,1782361405.2892768,0.0020835399627685547
238685,normal,2002,0,1782361405.2912986,0.00202178955078125
238686,normal,2057,0,1782361405.2937284,0.0024297237396240234
238687,normal,2661,0,1782361405.295385,0.0016565322875976562
238688,normal,1860,0,1782361405.2973228,0.0019378662109375
238689,normal,1299,0,1782361405.2992594,0.0019366741180419922
238690,normal,1859,0,1782361405.3013022,0.0020427703857421875
238691,normal,2845,0,1782361405.3032987,0.0019965171813964844
238692,normal,2000,0,1782361405.3052897,0.0019910335540771484
238693,normal,2991,0,1782361405.3072662,0.001976490020751953
238694,normal,2218,0,1782361405.3092983,0.002032041549682617
238695,normal,3174,1,1782361405.3112319,0.0019335746765136719
238696,normal,2549,0,1782361405.3133054,0.002073526382446289
238697,normal,437,0,1782361405.3153849,0.002079486846923828
238698,normal,2875,0,1782361405.3172557,0.001870870590209961
238699,normal,3421,0,1782361405.319414,0.0021581649780273438
238700,normal,1703,0,1782361405.3213668,0.0019528865814208984
238701,normal,2731,0,1782361405.3233151,0.0019483566284179688
238702,normal,1049,0,1782361405.3253856,0.0020704269409179688
238703,normal,2695,0,1782361405.32733,0.0019445419311523438
238704,normal,806,2,1782361405.3294168,0.002086639404296875
238705,normal,1077,0,1782361405.3312962,0.0018794536590576172
238706,normal,1159,0,1782361405.3333545,0.002058267593383789
238707,normal,3317,1,1782361405.3353183,0.0019638538360595703
238708,normal,297,0,1782361405.3374789,0.0021605491638183594
238709,normal,580,0,1782361405.3393264,0.0018475055694580078
238710,normal,3153,1,1782361405.3413095,0.001983165740966797
238711,normal,736,0,1782361405.3433046,0.001995086669921875
238712,normal,548,0,1782361405.3452916,0.001986980438232422
238713,normal,711,0,1782361405.3472817,0.001990079879760742
238714,normal,3622,0,1782361405.349397,0.0021152496337890625
238715,normal,2632,0,1782361405.351317,0.0019199848175048828
238716,normal,3008,0,1782361405.353285,0.0019681453704833984
238717,normal,2266,0,1782361405.355301,0.002015829086303711
238718,normal,1708,0,1782361405.3573196,0.0020186901092529297
238719,normal,838,2,1782361405.359187,0.0018672943115234375
238720,normal,2537,0,1782361405.3611982,0.0020112991333007812
238721,normal,1808,0,1782361405.36318,0.0019817352294921875
238722,normal,3536,0,1782361405.3653324,0.0021524429321289062
238723,normal,311,0,1782361405.3672354,0.0019030570983886719
238724,normal,2418,0,1782361405.369347,0.002111673355102539
238725,normal,1033,0,1782361405.371186,0.0018389225006103516
238726,normal,2026,0,1782361405.3732827,0.0020966529846191406
238727,normal,2388,0,1782361405.3753,0.0020172595977783203
238728,normal,859,2,1782361405.3771658,0.0018658638000488281
238729,normal,1665,0,1782361405.379251,0.0020852088928222656
238730,normal,1556,0,1782361405.3812568,0.0020058155059814453
238731,normal,1066,0,1782361405.3831518,0.0018949508666992188
238732,normal,514,0,1782361405.3852475,0.0020956993103027344
238733,normal,1836,0,1782361405.3872333,0.001985788345336914
238734,normal,885,2,1782361405.3892121,0.0019788742065429688
238735,normal,1736,0,1782361405.391198,0.001985788345336914
238736,normal,176,0,1782361405.3931925,0.001994609832763672
238737,normal,163,0,1782361405.3951874,0.0019948482513427734
238738,normal,3653,0,1782361405.3971615,0.0019741058349609375
238739,normal,2268,0,1782361405.3992214,0.0020599365234375
238740,normal,2233,0,1782361405.401228,0.00200653076171875
238741,normal,701,0,1782361405.40322,0.0019919872283935547
238742,normal,1748,0,1782361405.405201,0.001981019973754883
238743,normal,2416,0,1782361405.4071908,0.0019898414611816406
238744,normal,310,0,1782361405.409187,0.001996278762817383
238745,normal,651,0,1782361405.411181,0.001993894577026367
238746,normal,1675,0,1782361405.4131784,0.0019974708557128906
238747,normal,2963,0,1782361405.4152153,0.0020368099212646484
238748,normal,3152,1,1782361405.417221,0.0020058155059814453
238749,normal,1907,0,1782361405.4192188,0.001997709274291992
238750,normal,1522,0,1782361405.4212139,0.001995086669921875
238751,normal,2650,0,1782361405.4232483,0.002034425735473633
238752,normal,850,2,1782361405.4251645,0.0019161701202392578
238753,normal,2984,0,1782361405.4273305,0.0021660327911376953
238754,normal,1688,0,1782361405.4292572,0.0019266605377197266
238755,normal,300,0,1782361405.4311442,0.0018870830535888672
238756,normal,375,0,1782361405.4331787,0.002034425735473633
238757,normal,1173,0,1782361405.4352303,0.0020515918731689453
238758,normal,2025,0,1782361405.4371822,0.0019519329071044922
238759,normal,3641,0,1782361405.4392114,0.0020291805267333984
238760,normal,1821,0,1782361405.441182,0.001970529556274414
238761,normal,2781,0,1782361405.4431782,0.001996278762817383
238762,normal,3479,0,1782361405.4451783,0.002000093460083008
238763,normal,814,2,1782361405.4471893,0.0020110607147216797
238764,normal,2644,0,1782361405.4492674,0.0020780563354492188
238765,normal,3093,1,1782361405.4512622,0.0019948482513427734
238766,normal,1884,0,1782361405.453367,0.0021047592163085938
238767,normal,849,2,1782361405.4551766,0.0018095970153808594
238768,normal,2927,0,1782361405.4572136,0.00203704833984375
238769,normal,3412,0,1782361405.459207,0.001993417739868164
238770,normal,1982,0,1782361405.4612038,0.001996755599975586
238771,normal,3605,0,1782361405.4632652,0.0020613670349121094
238772,normal,2796,0,1782361405.465197,0.001931905746459961
238773,normal,2857,0,1782361405.4672387,0.0020415782928466797
238774,normal,280,0,1782361405.469198,0.0019593238830566406
238775,normal,1230,0,1782361405.471203,0.0020051002502441406
238776,normal,1489,0,1782361405.4731958,0.0019927024841308594
238777,normal,1760,0,1782361405.4751978,0.0020020008087158203
238778,normal,762,0,1782361405.4772015,0.0020036697387695312
238779,normal,2347,0,1782361405.4792097,0.002008199691772461
238780,normal,847,2,1782361405.481207,0.001997232437133789
238781,normal,732,0,1782361405.483201,0.0019941329956054688
238782,normal,1286,0,1782361405.4853928,0.002191781997680664
238783,normal,137,0,1782361405.488177,0.002784252166748047
238784,normal,493,0,1782361405.489206,0.0010290145874023438
238785,normal,216,0,1782361405.4912128,0.0020067691802978516
238786,normal,1855,0,1782361405.4932756,0.0020627975463867188
238787,normal,2541,0,1782361405.4952629,0.0019872188568115234
238788,normal,3106,1,1782361405.4971666,0.0019037723541259766
238789,normal,235,0,1782361405.4991887,0.0020220279693603516
238790,normal,1915,0,1782361405.501223,0.002034425735473633
238791,normal,2259,0,1782361405.5032783,0.0020551681518554688
238792,normal,2764,0,1782361405.5051775,0.0018992424011230469
238793,normal,1203,0,1782361405.5072184,0.002040863037109375
238794,normal,3457,0,1782361405.5092735,0.0020551681518554688
238795,normal,123,0,1782361405.5112247,0.0019512176513671875
238796,normal,2882,0,1782361405.513283,0.002058267593383789
238797,normal,1180,0,1782361405.5153177,0.0020346641540527344
238798,normal,1936,0,1782361405.5173113,0.0019936561584472656
238799,normal,1755,0,1782361405.519345,0.002033710479736328
238800,normal,201,0,1782361405.521152,0.0018069744110107422
238801,normal,1264,0,1782361405.523227,0.0020749568939208984
238802,normal,184,0,1782361405.5252292,0.002002239227294922
238803,normal,2815,0,1782361405.527174,0.0019447803497314453
238804,normal,2183,0,1782361405.5294988,0.002324819564819336
238805,normal,2819,0,1782361405.5311427,0.0016438961029052734
238806,normal,3048,1,1782361405.5332696,0.002126932144165039
238807,normal,3472,0,1782361405.5351496,0.0018799304962158203
238808,normal,3038,0,1782361405.5371861,0.002036571502685547
238809,normal,1259,0,1782361405.53915,0.0019638538360595703
238810,normal,1240,0,1782361405.5411904,0.002040386199951172
238811,normal,2956,0,1782361405.5431848,0.0019943714141845703
238812,normal,1291,0,1782361405.5452082,0.002023458480834961
238813,normal,1114,0,1782361405.547195,0.0019867420196533203
238814,normal,2243,0,1782361405.5491726,0.001977682113647461
238815,normal,506,0,1782361405.5511703,0.001997709274291992
238816,normal,1275,0,1782361405.5531762,0.0020058155059814453
238817,normal,1710,0,1782361405.555169,0.001992940902709961
238818,normal,1558,0,1782361405.5571723,0.002003192901611328
238819,normal,144,0,1782361405.5591993,0.0020270347595214844
238820,normal,1965,0,1782361405.5613458,0.002146482467651367
238821,normal,2606,0,1782361405.5631547,0.0018088817596435547
238822,normal,3446,0,1782361405.5652015,0.002046823501586914
238823,normal,1122,0,1782361405.567208,0.00200653076171875
238824,normal,364,0,1782361405.5692027,0.001994609832763672
238825,normal,2187,0,1782361405.5711606,0.0019578933715820312
238826,normal,103,0,1782361405.5731726,0.002012014389038086
238827,normal,2204,0,1782361405.5751586,0.0019860267639160156
238828,normal,2453,0,1782361405.5772622,0.002103567123413086
238829,normal,1422,0,1782361405.5792964,0.0020341873168945312
238830,normal,1128,0,1782361405.5813582,0.0020618438720703125
238831,normal,2767,0,1782361405.5832453,0.0018870830535888672
238832,normal,2717,0,1782361405.5855632,0.0023179054260253906
238833,normal,3410,0,1782361405.587203,0.0016398429870605469
238834,normal,896,2,1782361405.5893238,0.0021207332611083984
238835,normal,3258,1,1782361405.5913897,0.002065896987915039
238836,normal,2551,0,1782361405.5932145,0.0018248558044433594
238837,normal,3498,0,1782361405.595245,0.0020303726196289062
238838,normal,466,0,1782361405.5972836,0.002038717269897461
238839,normal,953,2,1782361405.5992863,0.002002716064453125
238840,normal,714,0,1782361405.6013503,0.0020639896392822266
238841,normal,1986,0,1782361405.6032836,0.0019333362579345703
238842,normal,2505,0,1782361405.6052778,0.0019941329956054688
238843,normal,2165,0,1782361405.6071956,0.0019178390502929688
238844,normal,507,0,1782361405.6092777,0.0020821094512939453
238845,normal,1756,0,1782361405.6115272,0.002249479293823242
238846,normal,3047,1,1782361405.613235,0.0017077922821044922
238847,normal,1367,1,1782361405.6153946,0.002159595489501953
238848,normal,3012,0,1782361405.6172945,0.0018999576568603516
238849,normal,3540,0,1782361405.6192913,0.001996755599975586
238850,normal,698,0,1782361405.621282,0.001990795135498047
238851,normal,1515,0,1782361405.6232917,0.0020096302032470703
238852,normal,1851,0,1782361405.6254175,0.0021257400512695312
238853,normal,2864,0,1782361405.6273856,0.0019681453704833984
238854,normal,3119,1,1782361405.629281,0.0018954277038574219
238855,normal,2662,0,1782361405.6312833,0.002002239227294922
238856,normal,2535,0,1782361405.6332707,0.001987457275390625
238857,normal,2753,0,1782361405.6352735,0.002002716064453125
238858,normal,1667,0,1782361405.637307,0.0020334720611572266
238859,normal,1957,0,1782361405.6393235,0.0020165443420410156
238860,normal,1554,0,1782361405.6413124,0.0019888877868652344
238861,normal,3271,1,1782361405.6432204,0.0019080638885498047
238862,normal,326,0,1782361405.6454957,0.002275228500366211
238863,normal,2908,0,1782361405.6477978,0.0023021697998046875
238864,normal,3497,0,1782361405.649248,0.0014500617980957031
238865,normal,1990,0,1782361405.6515267,0.0022788047790527344
238866,normal,1179,0,1782361405.653305,0.0017783641815185547
238867,normal,1890,0,1782361405.6557152,0.0024101734161376953
238868,normal,2409,0,1782361405.6575506,0.0018353462219238281
238869,normal,2786,0,1782361405.6592371,0.0016865730285644531
238870,normal,3379,1,1782361405.6613095,0.0020723342895507812
238871,normal,1177,0,1782361405.6633165,0.002007007598876953
238872,normal,3418,0,1782361405.6652157,0.0018992424011230469
238873,normal,3025,0,1782361405.6673388,0.002123117446899414
238874,normal,1382,0,1782361405.6693437,0.002004861831665039
238875,normal,3380,1,1782361405.671203,0.0018591880798339844
238876,normal,1267,0,1782361405.6733243,0.002121448516845703
238877,normal,3331,1,1782361405.675318,0.0019936561584472656
238878,normal,1037,0,1782361405.677293,0.0019750595092773438
238879,normal,3462,0,1782361405.6793187,0.002025604248046875
238880,normal,1211,0,1782361405.6814198,0.0021011829376220703
238881,normal,560,0,1782361405.6831963,0.0017764568328857422
238882,normal,2387,0,1782361405.6853452,0.002148866653442383
238883,normal,3160,1,1782361405.6873271,0.001981973648071289
238884,normal,2401,0,1782361405.6892889,0.0019617080688476562
238885,normal,585,0,1782361405.6912804,0.0019915103912353516
238886,normal,2124,0,1782361405.6933386,0.002058267593383789
238887,normal,339,0,1782361405.695199,0.0018603801727294922
238888,normal,713,0,1782361405.6973236,0.0021245479583740234
238889,normal,277,0,1782361405.699348,0.002024412155151367
238890,normal,772,2,1782361405.701186,0.0018379688262939453
238891,normal,2,0,1782361405.703291,0.0021049976348876953
238892,normal,1371,1,1782361405.705313,0.0020220279693603516
238893,normal,743,0,1782361405.7072327,0.0019197463989257812
238894,normal,539,0,1782361405.7092707,0.0020380020141601562
238895,normal,2357,0,1782361405.7112622,0.0019915103912353516
238896,normal,1972,0,1782361405.7131932,0.0019309520721435547
238897,normal,2093,0,1782361405.715247,0.0020537376403808594
238898,normal,3138,1,1782361405.7172503,0.0020034313201904297
238899,normal,440,0,1782361405.719304,0.0020537376403808594
238900,normal,243,0,1782361405.721348,0.0020439624786376953
238901,normal,2902,0,1782361405.7232866,0.0019385814666748047
238902,normal,1618,0,1782361405.7252238,0.0019371509552001953
238903,normal,1225,0,1782361405.7272687,0.0020449161529541016
238904,normal,3390,1,1782361405.7292306,0.001961946487426758
238905,normal,1649,0,1782361405.7312255,0.0019948482513427734
238906,normal,2238,0,1782361405.7332218,0.001996278762817383
238907,normal,1828,0,1782361405.73522,0.0019981861114501953
238908,normal,2320,0,1782361405.7371716,0.0019516944885253906
238909,normal,492,0,1782361405.7392545,0.00208282470703125
238910,normal,1548,0,1782361405.7412865,0.002032041549682617
238911,normal,2045,0,1782361405.7432737,0.0019872188568115234
238912,normal,2530,0,1782361405.7452488,0.0019750595092773438
238913,normal,2904,0,1782361405.747281,0.0020322799682617188
238914,normal,2528,0,1782361405.749195,0.0019140243530273438
238915,normal,2074,0,1782361405.751292,0.002096891403198242
238916,normal,1011,2,1782361405.7532954,0.0020034313201904297
238917,normal,3190,1,1782361405.7551618,0.0018663406372070312
238918,normal,1976,0,1782361405.7572353,0.002073526382446289
238919,normal,2121,0,1782361405.7592282,0.001992940902709961
238920,normal,622,0,1782361405.761232,0.0020036697387695312
238921,normal,2260,0,1782361405.7632565,0.0020246505737304688
238922,normal,292,0,1782361405.765244,0.001987457275390625
238923,normal,639,0,1782361405.7671824,0.0019383430480957031
238924,normal,3140,1,1782361405.76922,0.0020377635955810547
238925,normal,1744,0,1782361405.7712462,0.002026081085205078
238926,normal,425,0,1782361405.7731876,0.0019414424896240234
238927,normal,1252,0,1782361405.7756524,0.002464771270751953
238928,normal,2550,0,1782361405.7772527,0.0016002655029296875
238929,normal,902,2,1782361405.7792232,0.001970529556274414
238930,normal,2807,0,1782361405.7813914,0.0021681785583496094
238931,normal,1265,0,1782361405.783174,0.0017826557159423828
238932,normal,3608,0,1782361405.7852125,0.0020384788513183594
238933,normal,1508,0,1782361405.7872782,0.0020656585693359375
238934,normal,1008,2,1782361405.7892308,0.0019526481628417969
238935,normal,839,2,1782361405.791212,0.0019812583923339844
238936,normal,1347,1,1782361405.7933028,0.0020906925201416016
238937,normal,1025,2,1782361405.79529,0.0019872188568115234
238938,normal,3117,1,1782361405.7971888,0.0018987655639648438
238939,normal,233,0,1782361405.799182,0.0019931793212890625
238940,normal,1753,0,1782361405.8013942,0.0022122859954833984
238941,normal,2363,0,1782361405.8032894,0.0018951892852783203
238942,normal,1287,0,1782361405.80526,0.001970529556274414
238943,normal,2163,0,1782361405.8073545,0.0020945072174072266
238944,normal,2645,0,1782361405.809271,0.001916646957397461
238945,normal,3273,1,1782361405.81121,0.0019388198852539062
238946,normal,1197,0,1782361405.8134756,0.0022656917572021484
238947,normal,1261,0,1782361405.8152857,0.0018100738525390625
238948,normal,392,0,1782361405.8172555,0.0019698143005371094
238949,normal,2394,0,1782361405.8193076,0.0020520687103271484
238950,normal,529,0,1782361405.8212893,0.0019817352294921875
238951,normal,871,2,1782361405.82328,0.001990795135498047
238952,normal,593,0,1782361405.8253136,0.0020334720611572266
238953,normal,348,0,1782361405.8271906,0.0018770694732666016
238954,normal,653,0,1782361405.829293,0.002102375030517578
238955,normal,1816,0,1782361405.8312724,0.001979351043701172
238956,normal,248,0,1782361405.8331861,0.0019137859344482422
238957,normal,2156,0,1782361405.8351874,0.0020012855529785156
238958,normal,2286,0,1782361405.8372731,0.0020856857299804688
238959,normal,2793,0,1782361405.8391962,0.0019230842590332031
238960,normal,1536,0,1782361405.8412948,0.002098560333251953
238961,normal,327,0,1782361405.8433218,0.0020270347595214844
238962,normal,2641,0,1782361405.8452456,0.0019237995147705078
238963,normal,58,0,1782361405.8471975,0.0019519329071044922
238964,normal,1751,0,1782361405.8493156,0.0021181106567382812
238965,normal,3684,0,1782361405.8512187,0.0019030570983886719
238966,normal,2254,0,1782361405.853364,0.0021452903747558594
238967,normal,773,2,1782361405.8553207,0.0019567012786865234
238968,normal,2609,0,1782361405.8572145,0.001893758773803711
238969,normal,2003,0,1782361405.859197,0.001982450485229492
238970,normal,3036,0,1782361405.8612926,0.0020956993103027344
238971,normal,1891,0,1782361405.8631918,0.0018992424011230469
238972,normal,1106,0,1782361405.8651962,0.002004384994506836
238973,normal,2184,0,1782361405.8672895,0.0020933151245117188
238974,normal,720,0,1782361405.8692021,0.0019125938415527344
238975,normal,3206,1,1782361405.8712747,0.002072572708129883
238976,normal,2314,0,1782361405.873315,0.002040386199951172
238977,normal,1929,0,1782361405.8751915,0.0018763542175292969
238978,normal,1676,0,1782361405.877283,0.002091646194458008
238979,normal,567,0,1782361405.8792925,0.0020093917846679688
238980,normal,3014,0,1782361405.881177,0.00188446044921875
238981,normal,3016,0,1782361405.8832734,0.002096414566040039
238982,normal,3003,0,1782361405.8852994,0.002026081085205078
238983,normal,3692,0,1782361405.8872156,0.0019161701202392578
238984,normal,2852,0,1782361405.8892312,0.0020155906677246094
238985,normal,2504,0,1782361405.8913295,0.0020983219146728516
238986,normal,3468,0,1782361405.8932164,0.0018868446350097656
238987,normal,586,0,1782361405.8952115,0.001995086669921875
238988,normal,1235,0,1782361405.8973641,0.002152681350708008
238989,normal,891,2,1782361405.8991923,0.0018281936645507812
238990,normal,1796,0,1782361405.9012766,0.0020842552185058594
238991,normal,2981,0,1782361405.9032724,0.0019958019256591797
238992,normal,139,0,1782361405.9051704,0.001898050308227539
238993,normal,3058,1,1782361405.907308,0.0021376609802246094
238994,normal,1787,0,1782361405.9093053,0.001997232437133789
238995,normal,2604,0,1782361405.9112175,0.0019121170043945312
238996,normal,2912,0,1782361405.9132345,0.0020170211791992188
238997,normal,869,2,1782361405.9153235,0.0020890235900878906
238998,normal,1980,0,1782361405.9172535,0.0019299983978271484
238999,normal,730,0,1782361405.9192688,0.002015352249145508
239000,normal,1609,0,1782361405.921363,0.002094268798828125
239001,normal,3089,1,1782361405.9232044,0.0018413066864013672
239002,normal,2082,0,1782361405.9252784,0.002074003219604492
239003,normal,1116,0,1782361405.92727,0.0019915103912353516
239004,normal,752,0,1782361405.929167,0.0018970966339111328
239005,normal,434,0,1782361405.9313216,0.0021545886993408203
239006,normal,756,0,1782361405.9332838,0.0019621849060058594
239007,normal,3284,1,1782361405.9351795,0.0018956661224365234
239008,normal,3657,0,1782361405.9372563,0.002076864242553711
239009,normal,841,2,1782361405.9392536,0.001997232437133789
239010,normal,717,0,1782361405.9413683,0.0021147727966308594
239011,normal,503,0,1782361405.943291,0.001922607421875
239012,normal,3666,0,1782361405.9453506,0.0020596981048583984
239013,normal,3218,1,1782361405.9472623,0.0019116401672363281
239014,normal,2239,0,1782361405.9492188,0.001956462860107422
239015,normal,699,0,1782361405.9512947,0.0020759105682373047
239016,normal,271,0,1782361405.9531982,0.001903533935546875
239017,normal,2115,0,1782361405.9552865,0.002088308334350586
239018,normal,1387,0,1782361405.9574142,0.0021276473999023438
239019,normal,1738,0,1782361405.9592078,0.0017936229705810547
239020,normal,2005,0,1782361405.9611914,0.001983642578125
239021,normal,1586,0,1782361405.9632902,0.0020987987518310547
239022,normal,474,0,1782361405.9651878,0.001897573471069336
239023,normal,432,0,1782361405.9672883,0.0021004676818847656
239024,normal,2047,0,1782361405.9692836,0.0019953250885009766
239025,normal,2001,0,1782361405.971191,0.0019073486328125
239026,normal,2929,0,1782361405.9732835,0.002092599868774414
239027,normal,1883,0,1782361405.9752913,0.002007722854614258
239028,normal,2887,0,1782361405.9771705,0.0018792152404785156
239029,normal,1616,0,1782361405.9791884,0.002017974853515625
239030,normal,970,2,1782361405.9814363,0.0022478103637695312
239031,normal,281,0,1782361405.983257,0.0018208026885986328
239032,normal,3682,0,1782361405.9852583,0.0020012855529785156
239033,normal,626,0,1782361405.9873064,0.002048015594482422
239034,normal,613,0,1782361405.9892285,0.0019221305847167969
239035,normal,30,0,1782361405.9911766,0.0019481182098388672
239036,normal,3588,0,1782361405.9932399,0.002063274383544922
239037,normal,856,2,1782361405.9951673,0.0019273757934570312
239038,normal,2853,0,1782361405.9972742,0.002106904983520508
239039,normal,917,2,1782361405.9992788,0.0020046234130859375
239040,normal,2096,0,1782361406.001212,0.0019330978393554688
239041,normal,1902,0,1782361406.0032444,0.0020325183868408203
239042,normal,1373,1,1782361406.0052695,0.002025127410888672
239043,normal,3065,1,1782361406.0071707,0.0019011497497558594
239044,normal,526,0,1782361406.0094974,0.0023267269134521484
239045,normal,3192,1,1782361406.0115612,0.002063751220703125
239046,normal,3606,0,1782361406.013247,0.0016858577728271484
239047,normal,3156,1,1782361406.0152388,0.001991748809814453
239048,normal,3411,0,1782361406.0172744,0.0020356178283691406
239049,normal,3232,1,1782361406.0192082,0.0019338130950927734
239050,normal,571,0,1782361406.0212193,0.0020110607147216797
239051,normal,3467,0,1782361406.0234656,0.002246379852294922
239052,normal,1314,0,1782361406.0252507,0.0017850399017333984
239053,normal,2699,0,1782361406.0271802,0.0019295215606689453
239054,normal,1117,0,1782361406.0292614,0.002081155776977539
239055,normal,1452,0,1782361406.0311735,0.0019121170043945312
239056,normal,3646,0,1782361406.0332496,0.0020761489868164062
239057,normal,2330,0,1782361406.0352364,0.0019867420196533203
239058,normal,2657,0,1782361406.0371687,0.001932382583618164
239059,normal,733,0,1782361406.0392394,0.0020706653594970703
239060,normal,51,0,1782361406.041274,0.0020346641540527344
239061,normal,3693,0,1782361406.043173,0.0018990039825439453
239062,normal,872,2,1782361406.0452747,0.0021016597747802734
239063,normal,72,0,1782361406.0472813,0.00200653076171875
239064,normal,1413,0,1782361406.049153,0.0018718242645263672
239065,normal,2468,0,1782361406.051269,0.002115964889526367
239066,normal,780,2,1782361406.0534205,0.0021514892578125
239067,normal,1519,0,1782361406.0552077,0.0017871856689453125
239068,normal,288,0,1782361406.0574067,0.002198934555053711
239069,normal,775,2,1782361406.0596247,0.002218008041381836
239070,normal,3458,0,1782361406.0612307,0.001605987548828125
239071,normal,2660,0,1782361406.0632427,0.002012014389038086
239072,normal,1496,0,1782361406.0653996,0.002156972885131836
239073,normal,2367,0,1782361406.0672026,0.0018029212951660156
239074,normal,2037,0,1782361406.0693142,0.002111673355102539
239075,normal,2536,0,1782361406.0712602,0.0019459724426269531
239076,normal,1448,0,1782361406.0731504,0.0018901824951171875
239077,normal,3221,1,1782361406.0752876,0.0021371841430664062
239078,normal,1916,0,1782361406.0773053,0.0020177364349365234
239079,normal,912,2,1782361406.0792046,0.0018992424011230469
239080,normal,2521,0,1782361406.0813272,0.002122640609741211
239081,normal,2529,0,1782361406.083355,0.002027750015258789
239082,normal,1388,0,1782361406.0852618,0.0019068717956542969
239083,normal,1574,0,1782361406.0872338,0.0019719600677490234
239084,normal,3563,0,1782361406.0891716,0.0019378662109375
239085,normal,1911,0,1782361406.0912964,0.002124786376953125
239086,normal,249,0,1782361406.0932596,0.0019631385803222656
239087,normal,623,0,1782361406.0952356,0.00197601318359375
239088,normal,707,0,1782361406.0971334,0.0018978118896484375
239089,normal,500,0,1782361406.0992057,0.0020723342895507812
239090,normal,2989,0,1782361406.1012065,0.0020008087158203125
239091,normal,3367,1,1782361406.1032279,0.002021312713623047
239092,normal,2564,0,1782361406.105122,0.001894235610961914
239093,normal,1960,0,1782361406.1073766,0.002254486083984375
239094,normal,224,0,1782361406.109176,0.0017993450164794922
239095,normal,1631,0,1782361406.1113553,0.002179384231567383
239096,normal,2127,0,1782361406.1135805,0.002225160598754883
239097,normal,2773,0,1782361406.115377,0.0017964839935302734
239098,normal,89,0,1782361406.117249,0.0018720626831054688
239099,normal,456,0,1782361406.1195407,0.0022916793823242188
239100,normal,2108,0,1782361406.1212215,0.0016808509826660156
239101,normal,3430,0,1782361406.1233668,0.0021452903747558594
239102,normal,3532,0,1782361406.1253173,0.0019505023956298828
239103,normal,1149,0,1782361406.127202,0.0018846988677978516
239104,normal,926,2,1782361406.1294613,0.0022592544555664062
239105,normal,2877,0,1782361406.1315508,0.0020895004272460938
239106,normal,1368,1,1782361406.1331818,0.001631021499633789
239107,normal,986,2,1782361406.1353579,0.002176046371459961
239108,normal,920,2,1782361406.137363,0.0020051002502441406
239109,normal,1643,0,1782361406.1391938,0.0018308162689208984
239110,normal,2095,0,1782361406.1413674,0.0021736621856689453
239111,normal,2811,0,1782361406.1433914,0.002023935317993164
239112,normal,2555,0,1782361406.145227,0.0018355846405029297
239113,normal,599,0,1782361406.147208,0.001981019973754883
239114,normal,1570,0,1782361406.1494174,0.0022094249725341797
239115,normal,1977,0,1782361406.1517212,0.0023038387298583984
239116,normal,2345,0,1782361406.1537628,0.0020415782928466797
239117,normal,3523,0,1782361406.1552536,0.0014908313751220703
239118,normal,3439,0,1782361406.157471,0.0022172927856445312
239119,normal,2383,0,1782361406.159283,0.001811981201171875
239120,normal,2471,0,1782361406.1619005,0.0026175975799560547
239121,normal,2024,0,1782361406.1634984,0.0015978813171386719
239122,normal,1410,0,1782361406.1652975,0.0017991065979003906
239123,normal,3651,0,1782361406.1672142,0.001916646957397461
239124,normal,3150,1,1782361406.1691647,0.0019505023956298828
239125,normal,1914,0,1782361406.1712224,0.002057790756225586
239126,normal,913,2,1782361406.173219,0.0019965171813964844
239127,normal,826,2,1782361406.1751528,0.0019338130950927734
239128,normal,2290,0,1782361406.1772203,0.00206756591796875
239129,normal,2139,0,1782361406.1792333,0.002012968063354492
239130,normal,2013,0,1782361406.181166,0.0019326210021972656
239131,normal,1984,0,1782361406.183194,0.0020279884338378906
239132,normal,36,0,1782361406.1852126,0.0020186901092529297
239133,normal,823,2,1782361406.1872685,0.0020558834075927734
239134,normal,223,0,1782361406.189281,0.002012491226196289
239135,normal,2051,0,1782361406.191241,0.0019600391387939453
239136,normal,1658,0,1782361406.1931694,0.0019283294677734375
239137,normal,1408,0,1782361406.1952477,0.0020782947540283203
239138,normal,1311,0,1782361406.1972706,0.002022981643676758
239139,normal,3060,1,1782361406.1992548,0.001984119415283203
239140,normal,2084,0,1782361406.2013206,0.002065896987915039
239141,normal,109,0,1782361406.203397,0.002076387405395508
239142,normal,2175,0,1782361406.2051625,0.0017654895782470703
239143,normal,2323,0,1782361406.2072792,0.002116680145263672
239144,normal,661,0,1782361406.2093973,0.0021181106567382812
239145,normal,2217,0,1782361406.2112,0.001802682876586914
239146,normal,1678,0,1782361406.2133198,0.002119779586791992
239147,normal,2805,0,1782361406.2153234,0.0020036697387695312
239148,normal,467,0,1782361406.2172341,0.0019106864929199219
239149,normal,1647,0,1782361406.2193305,0.002096414566040039
239150,normal,2153,0,1782361406.2214265,0.002095937728881836
239151,normal,3134,1,1782361406.2232118,0.0017852783203125
239152,normal,2509,0,1782361406.225406,0.0021941661834716797
239153,normal,2931,0,1782361406.2274103,0.002004384994506836
239154,normal,2870,0,1782361406.2293072,0.0018968582153320312
239155,normal,1312,0,1782361406.231445,0.002137899398803711
239156,normal,1249,0,1782361406.2334585,0.0020134449005126953
239157,normal,3405,0,1782361406.2355678,0.0021092891693115234
239158,normal,1056,0,1782361406.2372699,0.0017020702362060547
239159,normal,2861,0,1782361406.2394345,0.002164602279663086
239160,normal,3189,1,1782361406.241325,0.001890420913696289
239161,normal,460,0,1782361406.2434201,0.0020952224731445312
239162,normal,1791,0,1782361406.24541,0.0019898414611816406
239163,normal,1952,0,1782361406.2473125,0.0019025802612304688
239164,normal,2784,0,1782361406.2494,0.0020873546600341797
239165,normal,3198,1,1782361406.251358,0.001958131790161133
239166,normal,574,0,1782361406.2532895,0.0019314289093017578
239167,normal,1386,0,1782361406.2554467,0.0021572113037109375
239168,normal,1970,0,1782361406.2574666,0.0020198822021484375
239169,normal,598,0,1782361406.2594512,0.0019845962524414062
239170,normal,3441,0,1782361406.2614832,0.002032041549682617
239171,normal,1720,0,1782361406.2634583,0.0019750595092773438
239172,normal,2658,0,1782361406.2653587,0.0019004344940185547
239173,normal,495,0,1782361406.2674246,0.002065896987915039
239174,normal,1170,0,1782361406.2695956,0.002171039581298828
239175,normal,2112,0,1782361406.2712107,0.0016150474548339844
239176,normal,1811,0,1782361406.2733886,0.0021779537200927734
239177,normal,1812,0,1782361406.2753935,0.002004861831665039
239178,normal,3687,0,1782361406.2773,0.0019063949584960938
239179,normal,2400,0,1782361406.279487,0.002187013626098633
239180,normal,1591,0,1782361406.2814374,0.0019505023956298828
239181,normal,2840,0,1782361406.283294,0.0018565654754638672
239182,normal,1931,0,1782361406.2853918,0.0020978450775146484
239183,normal,1100,0,1782361406.2874079,0.0020160675048828125
239184,normal,899,2,1782361406.2892933,0.0018854141235351562
239185,normal,3461,0,1782361406.2919226,0.0026292800903320312
239186,normal,2472,0,1782361406.2935245,0.0016019344329833984
239187,normal,948,2,1782361406.2952423,0.0017178058624267578
239188,normal,3126,1,1782361406.2974002,0.002157926559448242
239189,normal,3082,1,1782361406.2993987,0.001998424530029297
239190,normal,1979,0,1782361406.3013017,0.0019030570983886719
239191,normal,1691,0,1782361406.303437,0.0021352767944335938
239192,normal,2685,0,1782361406.3055782,0.002141237258911133
239193,normal,1704,0,1782361406.307212,0.0016338825225830078
239194,normal,45,0,1782361406.309397,0.0021848678588867188
239195,normal,2496,0,1782361406.3114066,0.0020096302032470703
239196,normal,2548,0,1782361406.313307,0.0019004344940185547
239197,normal,1790,0,1782361406.315427,0.0021200180053710938
239198,normal,633,0,1782361406.3175704,0.002143383026123047
239199,normal,2245,0,1782361406.319695,0.0021245479583740234
239200,normal,2306,0,1782361406.3212872,0.0015921592712402344
239201,normal,20,0,1782361406.323481,0.002193927764892578
239202,normal,3319,1,1782361406.3252976,0.0018165111541748047
239203,normal,721,0,1782361406.3274763,0.002178668975830078
239204,normal,2777,0,1782361406.3294072,0.0019309520721435547
239205,normal,3659,0,1782361406.3315272,0.0021200180053710938
239206,normal,2068,0,1782361406.3333712,0.0018439292907714844
239207,normal,3086,1,1782361406.335458,0.0020868778228759766
239208,normal,2341,0,1782361406.3373015,0.0018434524536132812
239209,normal,2583,0,1782361406.3395967,0.002295255661010742
239210,normal,3243,1,1782361406.3414662,0.0018694400787353516
239211,normal,754,0,1782361406.3432093,0.0017430782318115234
239212,normal,794,2,1782361406.3454096,0.0022003650665283203
239213,normal,2252,0,1782361406.347394,0.0019843578338623047
239214,normal,2633,0,1782361406.3493097,0.0019156932830810547
239215,normal,1601,0,1782361406.3512528,0.0019431114196777344
239216,normal,2978,0,1782361406.3532844,0.002031564712524414
239217,normal,3350,1,1782361406.3553042,0.0020198822021484375
239218,normal,3539,0,1782361406.3573024,0.0019981861114501953
239219,normal,2714,0,1782361406.3593168,0.0020143985748291016
239220,normal,2105,0,1782361406.361339,0.002022266387939453
239221,normal,664,0,1782361406.3633459,0.0020067691802978516
239222,normal,3388,1,1782361406.3653283,0.001982450485229492
239223,normal,1115,0,1782361406.36727,0.001941680908203125
239224,normal,115,0,1782361406.3693287,0.002058744430541992
239225,normal,2850,0,1782361406.3713322,0.0020034313201904297
239226,normal,128,0,1782361406.373348,0.002015829086303711
239227,normal,921,2,1782361406.3753154,0.0019674301147460938
239228,normal,2356,0,1782361406.3772702,0.001954793930053711
239229,normal,416,0,1782361406.3794196,0.002149343490600586
239230,normal,344,0,1782361406.381382,0.001962423324584961
239231,normal,3208,1,1782361406.3833325,0.0019505023956298828
239232,normal,46,0,1782361406.3853104,0.0019779205322265625
239233,normal,1429,0,1782361406.3872979,0.001987457275390625
239234,normal,324,0,1782361406.38931,0.002012014389038086
239235,normal,2446,0,1782361406.391456,0.002146005630493164
239236,normal,1332,1,1782361406.3932238,0.001767873764038086
239237,normal,3062,1,1782361406.3952746,0.0020508766174316406
239238,normal,2308,0,1782361406.3972836,0.0020089149475097656
239239,normal,2113,0,1782361406.3992805,0.0019969940185546875
239240,normal,3316,1,1782361406.4012804,0.0019998550415039062
239241,normal,2466,0,1782361406.4032867,0.0020062923431396484
239242,normal,949,2,1782361406.40531,0.0020232200622558594
239243,normal,3052,1,1782361406.4073677,0.002057790756225586
239244,normal,418,0,1782361406.4092546,0.0018868446350097656
239245,normal,2822,0,1782361406.4113564,0.002101898193359375
239246,normal,2346,0,1782361406.4133334,0.0019769668579101562
239247,normal,2488,0,1782361406.4152875,0.0019540786743164062
239248,normal,3594,0,1782361406.4173317,0.002044200897216797
239249,normal,2237,0,1782361406.4193037,0.0019719600677490234
239250,normal,2733,0,1782361406.4212663,0.0019626617431640625
239251,normal,3300,1,1782361406.4232621,0.0019958019256591797
239252,normal,191,0,1782361406.4252636,0.002001523971557617
239253,normal,3562,0,1782361406.4273248,0.002061128616333008
239254,normal,267,0,1782361406.4293604,0.0020356178283691406
239255,normal,1391,0,1782361406.4313142,0.0019538402557373047
239256,normal,1144,0,1782361406.4333448,0.002030611038208008
239257,normal,1084,0,1782361406.4353964,0.0020515918731689453
239258,normal,2417,0,1782361406.4373763,0.001979827880859375
239259,normal,3396,1,1782361406.4393132,0.0019369125366210938
239260,normal,629,0,1782361406.441431,0.0021178722381591797
239261,normal,1028,2,1782361406.4433892,0.001958131790161133
239262,normal,897,2,1782361406.445187,0.0017979145050048828
239263,normal,3241,1,1782361406.4472592,0.0020720958709716797
239264,normal,3092,1,1782361406.4492624,0.002003192901611328
239265,normal,3370,1,1782361406.451258,0.001995563507080078
239266,normal,2523,0,1782361406.4533865,0.00212860107421875
239267,normal,615,0,1782361406.4552546,0.0018680095672607422
239268,normal,3202,1,1782361406.4572542,0.0019996166229248047
239269,normal,2613,0,1782361406.4592533,0.0019991397857666016
239270,normal,335,0,1782361406.4612582,0.002004861831665039
239271,normal,3240,1,1782361406.463479,0.0022208690643310547
239272,normal,1402,0,1782361406.465315,0.0018360614776611328
239273,normal,3351,1,1782361406.4674144,0.002099275588989258
239274,normal,2579,0,1782361406.4692745,0.0018601417541503906
239275,normal,722,0,1782361406.4713106,0.0020360946655273438
239276,normal,301,0,1782361406.4733136,0.0020029544830322266
239277,normal,1919,0,1782361406.4752948,0.0019812583923339844
239278,normal,1309,0,1782361406.4773,0.0020051002502441406
239279,normal,3581,0,1782361406.4794269,0.002126932144165039
239280,normal,3512,0,1782361406.481245,0.0018181800842285156
239281,normal,1967,0,1782361406.4832828,0.0020377635955810547
239282,normal,1752,0,1782361406.4852846,0.0020017623901367188
239283,normal,3042,0,1782361406.487286,0.002001523971557617
239284,normal,3228,1,1782361406.4892933,0.0020072460174560547
239285,normal,2168,0,1782361406.4912875,0.0019941329956054688
239286,normal,976,2,1782361406.4932594,0.0019719600677490234
239287,normal,1590,0,1782361406.4953272,0.0020678043365478516
239288,normal,1729,0,1782361406.4973123,0.0019850730895996094
239289,normal,579,0,1782361406.4992971,0.001984834671020508
239290,normal,1877,0,1782361406.5012972,0.002000093460083008
239291,normal,630,0,1782361406.5035226,0.0022253990173339844
239292,normal,2362,0,1782361406.505287,0.0017642974853515625
239293,normal,2434,0,1782361406.5073662,0.0020792484283447266
239294,normal,942,2,1782361406.5093744,0.002008199691772461
239295,normal,1544,0,1782361406.5113683,0.001993894577026367
239296,normal,2443,0,1782361406.5133045,0.001936197280883789
239297,normal,1771,0,1782361406.515285,0.0019805431365966797
239298,normal,3664,0,1782361406.517317,0.002032041549682617
239299,normal,104,0,1782361406.519341,0.002023935317993164
239300,normal,2967,0,1782361406.5213716,0.002030611038208008
239301,normal,2380,0,1782361406.5232666,0.0018949508666992188
239302,normal,842,2,1782361406.5254319,0.0021653175354003906
239303,normal,2846,0,1782361406.5272465,0.0018146038055419922
239304,normal,475,0,1782361406.5291905,0.0019440650939941406
239305,normal,1500,0,1782361406.5315561,0.002365589141845703
239306,normal,3565,0,1782361406.5336502,0.0020940303802490234
239307,normal,619,0,1782361406.5352898,0.0016396045684814453
239308,normal,1363,1,1782361406.5373902,0.0021004676818847656
239309,normal,3238,1,1782361406.5393465,0.0019562244415283203
239310,normal,851,2,1782361406.5413172,0.0019707679748535156
239311,normal,2332,0,1782361406.5433607,0.002043485641479492
239312,normal,848,2,1782361406.545343,0.0019822120666503906
239313,normal,369,0,1782361406.5474296,0.002086639404296875
239314,normal,75,0,1782361406.5491674,0.001737833023071289
239315,normal,1717,0,1782361406.5513167,0.002149343490600586
239316,normal,2372,0,1782361406.5533607,0.0020439624786376953
239317,normal,3662,0,1782361406.5552678,0.0019071102142333984
239318,normal,363,0,1782361406.5573237,0.0020558834075927734
239319,normal,3186,1,1782361406.5592804,0.0019567012786865234
239320,normal,2824,0,1782361406.5613232,0.0020427703857421875
239321,normal,2648,0,1782361406.5633168,0.0019936561584472656
239322,normal,1587,0,1782361406.5653536,0.0020368099212646484
239323,normal,3680,0,1782361406.5672655,0.0019118785858154297
239324,normal,1888,0,1782361406.5693727,0.0021071434020996094
239325,normal,3618,0,1782361406.5712788,0.0019061565399169922
239326,normal,2427,0,1782361406.5732937,0.0020148754119873047
239327,normal,727,0,1782361406.5752776,0.0019838809967041016
239328,normal,1673,0,1782361406.5772796,0.0020020008087158203
239329,normal,2833,0,1782361406.5793061,0.0020265579223632812
239330,normal,3636,0,1782361406.5813296,0.002023458480834961
239331,normal,1562,0,1782361406.5836375,0.002307891845703125
239332,normal,3072,1,1782361406.58521,0.0015726089477539062
239333,normal,414,0,1782361406.5872998,0.0020897388458251953
239334,normal,2149,0,1782361406.5892954,0.001995563507080078
239335,normal,2689,0,1782361406.5912945,0.0019991397857666016
239336,normal,2158,0,1782361406.5932763,0.0019817352294921875
239337,normal,1943,0,1782361406.59526,0.001983642578125
239338,normal,1392,0,1782361406.5972571,0.001997232437133789
239339,normal,2048,0,1782361406.5993311,0.002074003219604492
239340,normal,1966,0,1782361406.6013408,0.0020096302032470703
239341,normal,3056,1,1782361406.6033235,0.0019826889038085938
239342,normal,1830,0,1782361406.605338,0.002014636993408203
239343,normal,66,0,1782361406.6073928,0.0020546913146972656
239344,normal,127,0,1782361406.6094873,0.0020945072174072266
239345,normal,3700,0,1782361406.6113288,0.0018415451049804688
239346,normal,2511,0,1782361406.6133187,0.0019898414611816406
239347,normal,728,0,1782361406.6153991,0.0020804405212402344
239348,normal,241,0,1782361406.6173625,0.001963376998901367
239349,normal,2042,0,1782361406.61926,0.001897573471069336
239350,normal,3084,1,1782361406.621255,0.0019948482513427734
239351,normal,1514,0,1782361406.62327,0.0020151138305664062
239352,normal,3017,0,1782361406.6252704,0.0020003318786621094
239353,normal,452,0,1782361406.627371,0.002100706100463867
239354,normal,656,0,1782361406.6292682,0.0018970966339111328
239355,normal,1538,0,1782361406.631253,0.001984834671020508
239356,normal,946,2,1782361406.633252,0.0019989013671875
239357,normal,2734,0,1782361406.635253,0.002001047134399414
239358,normal,3294,1,1782361406.6375866,0.0023336410522460938
239359,normal,610,0,1782361406.6393027,0.0017161369323730469
239360,normal,1745,0,1782361406.6413515,0.0020487308502197266
239361,normal,1807,0,1782361406.6433923,0.002040863037109375
239362,normal,3443,0,1782361406.6452131,0.0018208026885986328
239363,normal,1870,0,1782361406.6472952,0.0020821094512939453
239364,normal,1923,0,1782361406.6492996,0.002004384994506836
239365,normal,1537,0,1782361406.6512995,0.0019998550415039062
239366,normal,2098,0,1782361406.6535442,0.002244710922241211
239367,normal,238,0,1782361406.6552691,0.0017249584197998047
239368,normal,3481,0,1782361406.6572905,0.002021312713623047
239369,normal,3617,0,1782361406.6592953,0.002004861831665039
239370,normal,781,2,1782361406.6612897,0.0019943714141845703
239371,normal,3116,1,1782361406.6632867,0.0019969940185546875
239372,normal,155,0,1782361406.6652899,0.002003192901611328
239373,normal,2794,0,1782361406.667333,0.002043008804321289
239374,normal,3314,1,1782361406.6693363,0.0020034313201904297
239375,normal,2810,0,1782361406.6713278,0.0019915103912353516
239376,normal,67,0,1782361406.6733043,0.001976490020751953
239377,normal,211,0,1782361406.6755528,0.002248525619506836
239378,normal,2408,0,1782361406.6778913,0.002338409423828125
239379,normal,2333,0,1782361406.6792517,0.0013604164123535156
239380,normal,1041,0,1782361406.681607,0.002355337142944336
239381,normal,594,0,1782361406.6834457,0.00183868408203125
239382,normal,1148,0,1782361406.6853414,0.0018956661224365234
239383,normal,1719,0,1782361406.6877913,0.0024499893188476562
239384,normal,2926,0,1782361406.6904893,0.0026979446411132812
239385,normal,1946,0,1782361406.6912467,0.0007574558258056641
239386,normal,1671,0,1782361406.6931777,0.0019309520721435547
239387,normal,2287,0,1782361406.6953282,0.0021505355834960938
239388,normal,911,2,1782361406.6971688,0.0018405914306640625
239389,normal,2586,0,1782361406.699306,0.0021371841430664062
239390,normal,1280,0,1782361406.701257,0.001950979232788086
239391,normal,2776,0,1782361406.7032561,0.0019991397857666016
239392,normal,313,0,1782361406.705299,0.0020427703857421875
239393,normal,2110,0,1782361406.7072904,0.0019915103912353516
239394,normal,3555,0,1782361406.709216,0.0019257068634033203
239395,normal,1068,0,1782361406.7113273,0.002111196517944336
239396,normal,2338,0,1782361406.7134101,0.00208282470703125
239397,normal,1880,0,1782361406.7153518,0.001941680908203125
239398,normal,2585,0,1782361406.7171838,0.0018320083618164062
239399,normal,1701,0,1782361406.7192893,0.0021054744720458984
239400,normal,1175,0,1782361406.7213347,0.0020453929901123047
239401,normal,983,2,1782361406.7233357,0.002001047134399414
239402,normal,245,0,1782361406.7253563,0.002020597457885742
239403,normal,3433,0,1782361406.7271855,0.0018291473388671875
239404,normal,2744,0,1782361406.7292671,0.002081632614135742
239405,normal,984,2,1782361406.7312815,0.0020143985748291016
239406,normal,1245,0,1782361406.7331958,0.0019142627716064453
239407,normal,1253,0,1782361406.7352898,0.0020940303802490234
239408,normal,3483,0,1782361406.7372904,0.002000570297241211
239409,normal,2479,0,1782361406.7391934,0.0019030570983886719
239410,normal,2772,0,1782361406.7412918,0.0020983219146728516
239411,normal,538,0,1782361406.7433393,0.0020475387573242188
239412,normal,1029,2,1782361406.7453084,0.0019690990447998047
239413,normal,2724,0,1782361406.7472806,0.001972198486328125
239414,normal,2970,0,1782361406.749272,0.0019915103912353516
239415,normal,3031,0,1782361406.7512789,0.0020067691802978516
239416,normal,2895,0,1782361406.753273,0.0019941329956054688
239417,normal,2228,0,1782361406.7552898,0.002016782760620117
239418,normal,2203,0,1782361406.7572978,0.0020079612731933594
239419,normal,2732,0,1782361406.7593222,0.002024412155151367
239420,normal,2578,0,1782361406.7617238,0.002401590347290039
239421,normal,1206,0,1782361406.763231,0.0015072822570800781
239422,normal,961,2,1782361406.7652938,0.0020627975463867188
239423,normal,1411,0,1782361406.7672987,0.002004861831665039
239424,normal,162,0,1782361406.7692869,0.0019881725311279297
239425,normal,2910,0,1782361406.7712567,0.0019698143005371094
239426,normal,1032,0,1782361406.773257,0.0020003318786621094
239427,normal,858,2,1782361406.7752588,0.0020017623901367188
239428,normal,688,0,1782361406.777292,0.002033233642578125
239429,normal,3593,0,1782361406.7793612,0.002069234848022461
239430,normal,1445,0,1782361406.7812276,0.0018663406372070312
239431,normal,2966,0,1782361406.7833354,0.002107858657836914
239432,normal,2304,0,1782361406.7853963,0.0020608901977539062
239433,normal,1844,0,1782361406.7874973,0.0021009445190429688
239434,normal,636,0,1782361406.7893498,0.0018525123596191406
239435,normal,1470,0,1782361406.7913284,0.001978635787963867
239436,normal,677,0,1782361406.7934074,0.002079010009765625
239437,normal,3299,1,1782361406.7952976,0.0018901824951171875
239438,normal,362,0,1782361406.797258,0.001960277557373047
239439,normal,1034,0,1782361406.7992563,0.001998424530029297
239440,normal,254,0,1782361406.8012552,0.0019989013671875
239441,normal,868,2,1782361406.8032556,0.0020003318786621094
239442,normal,215,0,1782361406.805364,0.002108335494995117
239443,normal,3213,1,1782361406.8073027,0.0019388198852539062
239444,normal,2894,0,1782361406.8092566,0.0019538402557373047
239445,normal,3297,1,1782361406.811254,0.0019974708557128906
239446,normal,366,0,1782361406.8132548,0.0020008087158203125
239447,normal,2022,0,1782361406.8152559,0.002001047134399414
239448,normal,3066,1,1782361406.8178737,0.0026178359985351562
239449,normal,1442,0,1782361406.8194158,0.0015420913696289062
239450,normal,3100,1,1782361406.821319,0.0019032955169677734
239451,normal,3263,1,1782361406.8232956,0.001976490020751953
239452,normal,719,0,1782361406.8252938,0.0019981861114501953
239453,normal,994,2,1782361406.8272977,0.002003908157348633
239454,normal,390,0,1782361406.8293676,0.0020699501037597656
239455,normal,2892,0,1782361406.831399,0.0020313262939453125
239456,normal,2117,0,1782361406.8333027,0.0019037723541259766
239457,normal,3499,0,1782361406.8352945,0.001991748809814453
239458,normal,2128,0,1782361406.8372958,0.0020012855529785156
239459,normal,3136,1,1782361406.8392909,0.001995086669921875
239460,normal,2568,0,1782361406.8412943,0.0020034313201904297
239461,normal,1226,0,1782361406.8433664,0.0020720958709716797
239462,normal,394,0,1782361406.845424,0.0020575523376464844
239463,normal,413,0,1782361406.8472764,0.0018525123596191406
239464,normal,3260,1,1782361406.8493881,0.002111673355102539
239465,normal,1006,2,1782361406.851403,0.0020148754119873047
239466,normal,1810,0,1782361406.8532872,0.0018842220306396484
239467,normal,2360,0,1782361406.8553028,0.0020155906677246094
239468,normal,1169,0,1782361406.8575706,0.0022678375244140625
239469,normal,2651,0,1782361406.8593435,0.0017728805541992188
239470,normal,316,0,1782361406.8613372,0.0019936561584472656
239471,normal,37,0,1782361406.863644,0.002306699752807617
239472,normal,2071,0,1782361406.8654876,0.0018436908721923828
239473,normal,273,0,1782361406.8674061,0.0019185543060302734
239474,normal,1512,0,1782361406.8692641,0.0018579959869384766
239475,normal,156,0,1782361406.8712664,0.002002239227294922
239476,normal,2339,0,1782361406.8733091,0.0020427703857421875
239477,normal,1776,0,1782361406.8753054,0.001996278762817383
239478,normal,2406,0,1782361406.877297,0.0019915103912353516
239479,normal,1878,0,1782361406.8792858,0.0019888877868652344
239480,normal,131,0,1782361406.881279,0.0019931793212890625
239481,normal,3500,0,1782361406.8832855,0.00200653076171875
239482,normal,2318,0,1782361406.8852956,0.0020101070404052734
239483,normal,3149,1,1782361406.887334,0.0020384788513183594
239484,normal,2470,0,1782361406.8893526,0.002018451690673828
239485,normal,1036,0,1782361406.891281,0.0019283294677734375
239486,normal,854,2,1782361406.8932931,0.0020122528076171875
239487,normal,3503,0,1782361406.8953152,0.0020220279693603516
239488,normal,2097,0,1782361406.8973298,0.002014636993408203
239489,normal,3620,0,1782361406.8993502,0.0020203590393066406
239490,normal,77,0,1782361406.90127,0.0019197463989257812
239491,normal,1324,1,1782361406.9033997,0.002129793167114258
239492,normal,2964,0,1782361406.90527,0.0018703937530517578
239493,normal,2573,0,1782361406.907278,0.0020079612731933594
239494,normal,2392,0,1782361406.9092746,0.0019965171813964844
239495,normal,2593,0,1782361406.9112988,0.0020241737365722656
239496,normal,496,0,1782361406.9132912,0.001992464065551758
239497,normal,3105,1,1782361406.9153,0.002008676528930664
239498,normal,2036,0,1782361406.9173398,0.0020399093627929688
239499,normal,2107,0,1782361406.9192762,0.0019364356994628906
239500,normal,3137,1,1782361406.9212747,0.001998424530029297
239501,normal,2119,0,1782361406.9232755,0.0020008087158203125
239502,normal,1433,0,1782361406.9252892,0.002013683319091797
239503,normal,3663,0,1782361406.9272757,0.0019865036010742188
239504,normal,258,0,1782361406.9292834,0.002007722854614258
239505,normal,1393,0,1782361406.931325,0.0020415782928466797
239506,normal,915,2,1782361406.9333217,0.001996755599975586
239507,normal,591,0,1782361406.9353628,0.0020411014556884766
239508,normal,197,0,1782361406.9373388,0.00197601318359375
239509,normal,2936,0,1782361406.939294,0.001955270767211914
239510,normal,2461,0,1782361406.9412885,0.0019943714141845703
239511,normal,637,0,1782361406.9432552,0.001966714859008789
239512,normal,2722,0,1782361406.9452653,0.0020101070404052734
239513,normal,3571,0,1782361406.9472532,0.001987934112548828
239514,normal,904,2,1782361406.9492812,0.0020279884338378906
239515,normal,1182,0,1782361406.9512413,0.0019600391387939453
239516,normal,1764,0,1782361406.9533587,0.0021173954010009766
239517,normal,2544,0,1782361406.9552267,0.0018680095672607422
239518,normal,458,0,1782361406.9572833,0.002056598663330078
239519,normal,3101,1,1782361406.9593127,0.0020294189453125
239520,normal,3389,1,1782361406.9613047,0.0019919872283935547
239521,normal,2762,0,1782361406.9633296,0.0020248889923095703
239522,normal,2376,0,1782361406.9652953,0.001965761184692383
239523,normal,2677,0,1782361406.9673066,0.0020112991333007812
239524,normal,1001,2,1782361406.9692385,0.001931905746459961
239525,normal,2181,0,1782361406.9711726,0.001934051513671875
239526,normal,3142,1,1782361406.9731774,0.002004861831665039
239527,normal,3535,0,1782361406.9751756,0.0019981861114501953
239528,normal,2698,0,1782361406.9773111,0.0021355152130126953
239529,normal,3163,1,1782361406.97917,0.0018589496612548828
239530,normal,2891,0,1782361406.9811757,0.0020055770874023438
239531,normal,285,0,1782361406.9831667,0.0019910335540771484
239532,normal,3264,1,1782361406.98514,0.001973390579223633
239533,normal,1817,0,1782361406.9873426,0.0022025108337402344
239534,normal,2708,0,1782361406.9892652,0.001922607421875
239535,normal,107,0,1782361406.991206,0.0019407272338867188
239536,normal,2946,0,1782361406.9933345,0.00212860107421875
239537,normal,2410,0,1782361406.9952164,0.0018818378448486328
239538,normal,2671,0,1782361406.9972863,0.0020699501037597656
239539,normal,1876,0,1782361406.9992998,0.0020134449005126953
239540,normal,99,0,1782361407.0012953,0.001995563507080078
239541,normal,673,0,1782361407.003379,0.0020837783813476562
239542,normal,3180,1,1782361407.005476,0.002096891403198242
239543,normal,2493,0,1782361407.0073056,0.0018296241760253906
239544,normal,367,0,1782361407.0092888,0.001983165740966797
239545,normal,3671,0,1782361407.0112853,0.0019965171813964844
239546,normal,3552,0,1782361407.0132873,0.0020020008087158203
239547,normal,1462,0,1782361407.0152888,0.002001523971557617
239548,normal,1633,0,1782361407.0172906,0.0020017623901367188
239549,normal,3340,1,1782361407.0192583,0.0019676685333251953
239550,normal,2365,0,1782361407.0213192,0.0020608901977539062
239551,normal,2004,0,1782361407.0233116,0.001992464065551758
239552,normal,2687,0,1782361407.025301,0.0019893646240234375
239553,normal,731,0,1782361407.0273435,0.002042531967163086
239554,normal,640,0,1782361407.0294204,0.002076864242553711
239555,normal,3559,0,1782361407.0313563,0.0019359588623046875
239556,normal,525,0,1782361407.0333645,0.002008199691772461
239557,normal,1956,0,1782361407.0353744,0.002009868621826172
239558,normal,2247,0,1782361407.0373538,0.001979351043701172
239559,normal,963,2,1782361407.0392628,0.001909017562866211
239560,normal,3516,0,1782361407.0412788,0.0020160675048828125
239561,normal,2962,0,1782361407.043331,0.0020520687103271484
239562,normal,990,2,1782361407.0452602,0.0019292831420898438
239563,normal,3456,0,1782361407.0473475,0.0020873546600341797
239564,normal,1995,0,1782361407.0493834,0.002035856246948242
239565,normal,930,2,1782361407.0512774,0.0018939971923828125
239566,normal,2694,0,1782361407.053201,0.0019235610961914062
239567,normal,676,0,1782361407.055185,0.001984119415283203
239568,normal,1199,0,1782361407.0573237,0.0021386146545410156
239569,normal,3583,0,1782361407.0593503,0.0020265579223632812
239570,normal,2799,0,1782361407.0613446,0.0019943714141845703
239571,normal,2907,0,1782361407.0632665,0.0019218921661376953
239572,normal,2321,0,1782361407.0652523,0.001985788345336914
239573,normal,1516,0,1782361407.067269,0.002016782760620117
239574,normal,1219,0,1782361407.0692644,0.0019953250885009766
239575,normal,2919,0,1782361407.0716255,0.0023610591888427734
239576,normal,110,0,1782361407.0732048,0.00157928466796875
239577,normal,1622,0,1782361407.0752218,0.0020170211791992188
239578,normal,1085,0,1782361407.0772333,0.002011537551879883
239579,normal,3448,0,1782361407.079208,0.0019745826721191406
239580,normal,601,0,1782361407.0811956,0.0019876956939697266
239581,normal,3422,0,1782361407.0832176,0.0020220279693603516
239582,normal,3560,0,1782361407.0853384,0.0021207332611083984
239583,normal,2885,0,1782361407.0873234,0.0019850730895996094
239584,normal,1297,0,1782361407.0892978,0.001974344253540039
239585,normal,56,0,1782361407.091325,0.002027273178100586
239586,normal,1397,0,1782361407.0932891,0.001964092254638672
239587,normal,1156,0,1782361407.0952835,0.0019943714141845703
239588,normal,3168,1,1782361407.097282,0.001998424530029297
239589,normal,1893,0,1782361407.0992787,0.001996755599975586
239590,normal,611,0,1782361407.1012928,0.00201416015625
239591,normal,412,0,1782361407.103289,0.0019960403442382812
239592,normal,1376,1,1782361407.1053364,0.0020475387573242188
239593,normal,2186,0,1782361407.1073332,0.001996755599975586
239594,normal,2144,0,1782361407.1093826,0.0020494461059570312
239595,normal,2120,0,1782361407.1112146,0.0018320083618164062
239596,normal,3371,1,1782361407.1132932,0.002078533172607422
239597,normal,2058,0,1782361407.1153,0.0020067691802978516
239598,normal,2507,0,1782361407.11726,0.0019600391387939453
239599,normal,1971,0,1782361407.1192567,0.001996755599975586
239600,normal,663,0,1782361407.1212723,0.0020155906677246094
239601,normal,2199,0,1782361407.1232903,0.002017974853515625
239602,normal,1279,0,1782361407.125353,0.0020627975463867188
239603,normal,1334,1,1782361407.1273093,0.0019562244415283203
239604,normal,1293,0,1782361407.1293602,0.0020508766174316406
239605,normal,654,0,1782361407.1313853,0.002025127410888672
239606,normal,393,0,1782361407.1333723,0.001986980438232422
239607,normal,1296,0,1782361407.1352975,0.0019252300262451172
239608,normal,1167,0,1782361407.137347,0.0020494461059570312
239609,normal,3009,0,1782361407.1393652,0.0020182132720947266
239610,normal,3285,1,1782361407.141388,0.0020227432250976562
239611,normal,2599,0,1782361407.1431682,0.0017802715301513672
239612,normal,2483,0,1782361407.1452832,0.002115011215209961
239613,normal,956,2,1782361407.1472566,0.001973390579223633
239614,normal,793,2,1782361407.149258,0.0020012855529785156
239615,normal,1834,0,1782361407.1513596,0.0021016597747802734
239616,normal,2374,0,1782361407.1531644,0.0018048286437988281
239617,normal,3478,0,1782361407.1552527,0.002088308334350586
239618,normal,2379,0,1782361407.1572511,0.001998424530029297
239619,normal,2085,0,1782361407.1592557,0.0020046234130859375
239620,normal,175,0,1782361407.161559,0.0023033618927001953
239621,normal,512,0,1782361407.1634784,0.0019192695617675781
239622,normal,3030,0,1782361407.165292,0.001813650131225586
239623,normal,2229,0,1782361407.1674643,0.002172231674194336
239624,normal,1204,0,1782361407.1694355,0.0019712448120117188
239625,normal,1608,0,1782361407.1713185,0.0018830299377441406
239626,normal,2788,0,1782361407.1733153,0.001996755599975586
239627,normal,341,0,1782361407.1754131,0.0020978450775146484
239628,normal,54,0,1782361407.1773062,0.0018930435180664062
239629,normal,3236,1,1782361407.1796963,0.002390146255493164
239630,normal,3453,0,1782361407.1813338,0.0016374588012695312
239631,normal,2422,0,1782361407.1834183,0.002084493637084961
239632,normal,1377,1,1782361407.1853197,0.001901388168334961
239633,normal,2091,0,1782361407.187429,0.0021092891693115234
239634,normal,3128,1,1782361407.1893122,0.0018832683563232422
239635,normal,462,0,1782361407.1914127,0.0021004676818847656
239636,normal,1141,0,1782361407.1934454,0.002032756805419922
239637,normal,80,0,1782361407.1953382,0.0018928050994873047
239638,normal,2868,0,1782361407.1973171,0.0019788742065429688
239639,normal,2164,0,1782361407.199442,0.002124786376953125
239640,normal,2961,0,1782361407.2018209,0.0023789405822753906
239641,normal,882,2,1782361407.2037492,0.0019283294677734375
239642,normal,1492,0,1782361407.2053409,0.0015916824340820312
239643,normal,81,0,1782361407.207723,0.002382040023803711
239644,normal,1599,0,1782361407.2093897,0.0016667842864990234
239645,normal,2368,0,1782361407.2119029,0.0025131702423095703
239646,normal,1908,0,1782361407.2136102,0.001707315444946289
239647,normal,1797,0,1782361407.2153325,0.0017223358154296875
239648,normal,1849,0,1782361407.2173955,0.0020630359649658203
239649,normal,1127,0,1782361407.2192962,0.0019006729125976562
239650,normal,3429,0,1782361407.2212884,0.0019922256469726562
239651,normal,687,0,1782361407.2233782,0.0020897388458251953
239652,normal,2736,0,1782361407.2253358,0.0019576549530029297
239653,normal,1052,0,1782361407.227316,0.0019800662994384766
239654,normal,1993,0,1782361407.2292948,0.0019788742065429688
239655,normal,3668,0,1782361407.231292,0.001997232437133789
239656,normal,1989,0,1782361407.2332892,0.001997232437133789
239657,normal,2236,0,1782361407.2353122,0.002022981643676758
239658,normal,1370,1,1782361407.2373471,0.002034902572631836
239659,normal,1639,0,1782361407.2393057,0.001958608627319336
239660,normal,3087,1,1782361407.241298,0.0019922256469726562
239661,normal,1557,0,1782361407.243258,0.0019600391387939453
239662,normal,2779,0,1782361407.245332,0.002074003219604492
239663,normal,86,0,1782361407.247466,0.002134084701538086
239664,normal,3276,1,1782361407.2493687,0.0019025802612304688
239665,normal,2389,0,1782361407.251321,0.0019524097442626953
239666,normal,21,0,1782361407.2535481,0.0022270679473876953
239667,normal,894,2,1782361407.255198,0.0016498565673828125
239668,normal,3610,0,1782361407.257413,0.0022149085998535156
239669,normal,3382,1,1782361407.2594125,0.0019996166229248047
239670,normal,1346,1,1782361407.2613318,0.0019192695617675781
239671,normal,2133,0,1782361407.2634232,0.0020914077758789062
239672,normal,767,0,1782361407.2654326,0.0020093917846679688
239673,normal,195,0,1782361407.267353,0.001920461654663086
239674,normal,2539,0,1782361407.26944,0.0020868778228759766
239675,normal,832,2,1782361407.2714107,0.0019707679748535156
239676,normal,672,0,1782361407.273307,0.0018963813781738281
239677,normal,284,0,1782361407.2754064,0.002099275588989258
239678,normal,1198,0,1782361407.2773683,0.001961946487426758
239679,normal,2102,0,1782361407.2792084,0.0018401145935058594
239680,normal,3707,0,1782361407.2814202,0.0022118091583251953
239681,normal,1801,0,1782361407.2833998,0.0019795894622802734
239682,normal,1578,0,1782361407.2853794,0.0019795894622802734
239683,normal,1139,0,1782361407.2873635,0.001984119415283203
239684,normal,2155,0,1782361407.2893388,0.0019752979278564453
239685,normal,2985,0,1782361407.29139,0.002051115036010742
239686,normal,923,2,1782361407.2934427,0.002052783966064453
239687,normal,612,0,1782361407.2954578,0.0020151138305664062
239688,normal,709,0,1782361407.297315,0.0018570423126220703
239689,normal,3644,0,1782361407.299405,0.0020902156829833984
239690,normal,2007,0,1782361407.301404,0.0019989013671875
239691,normal,2757,0,1782361407.3032184,0.0018143653869628906
239692,normal,3237,1,1782361407.305473,0.0022547245025634766
239693,normal,2326,0,1782361407.3074393,0.001966238021850586
239694,normal,1740,0,1782361407.3093615,0.0019221305847167969
239695,normal,1961,0,1782361407.3115354,0.002173900604248047
239696,normal,1660,0,1782361407.313617,0.002081632614135742
239697,normal,2240,0,1782361407.3152452,0.0016281604766845703
239698,normal,3637,0,1782361407.3174531,0.0022079944610595703
239699,normal,2069,0,1782361407.3195262,0.002073049545288086
239700,normal,843,2,1782361407.3213456,0.0018193721771240234
239701,normal,2415,0,1782361407.323296,0.0019505023956298828
239702,normal,1886,0,1782361407.3253913,0.0020952224731445312
239703,normal,379,0,1782361407.3272972,0.0019059181213378906
239704,normal,1829,0,1782361407.3293922,0.0020949840545654297
239705,normal,2263,0,1782361407.3314593,0.002067089080810547
239706,normal,2592,0,1782361407.3333216,0.0018622875213623047
239707,normal,1819,0,1782361407.3353946,0.002073049545288086
239708,normal,1048,0,1782361407.3373947,0.002000093460083008
239709,normal,523,0,1782361407.3393075,0.001912832260131836
239710,normal,3369,1,1782361407.3413942,0.002086639404296875
239711,normal,27,0,1782361407.3439634,0.0025691986083984375
239712,normal,314,0,1782361407.345455,0.001491546630859375
239713,normal,1184,0,1782361407.347335,0.0018801689147949219
239714,normal,3253,1,1782361407.349321,0.001985788345336914
239715,normal,1768,0,1782361407.3512769,0.0019559860229492188
239716,normal,3402,0,1782361407.3533158,0.0020389556884765625
239717,normal,295,0,1782361407.3553069,0.0019910335540771484
239718,normal,182,0,1782361407.3574865,0.0021796226501464844
239719,normal,1571,0,1782361407.35924,0.0017535686492919922
239720,normal,3321,1,1782361407.361301,0.0020608901977539062
239721,normal,150,0,1782361407.3632972,0.001996278762817383
239722,normal,944,2,1782361407.36531,0.0020127296447753906
239723,normal,3356,1,1782361407.3673015,0.0019915103912353516
239724,normal,691,0,1782361407.3696115,0.002310037612915039
239725,normal,2673,0,1782361407.371407,0.0017955303192138672
239726,normal,3706,0,1782361407.3733592,0.0019521713256835938
239727,normal,3488,0,1782361407.3752277,0.0018684864044189453
239728,normal,2913,0,1782361407.377361,0.0021333694458007812
239729,normal,1016,2,1782361407.37935,0.0019888877868652344
239730,normal,2262,0,1782361407.381224,0.0018739700317382812
239731,normal,1661,0,1782361407.383449,0.002225160598754883
239732,normal,3246,1,1782361407.3853831,0.001934051513671875
239733,normal,3609,0,1782361407.3872533,0.0018701553344726562
239734,normal,1233,0,1782361407.389191,0.0019376277923583984
239735,normal,3419,0,1782361407.3914554,0.0022644996643066406
239736,normal,2062,0,1782361407.3933444,0.0018889904022216797
239737,normal,647,0,1782361407.395235,0.0018906593322753906
239738,normal,1499,0,1782361407.3972847,0.002049684524536133
239739,normal,2402,0,1782361407.3992136,0.0019288063049316406
239740,normal,2017,0,1782361407.401289,0.0020754337310791016
239741,normal,893,2,1782361407.4032912,0.002002239227294922
239742,normal,291,0,1782361407.405291,0.0019998550415039062
239743,normal,91,0,1782361407.4072816,0.0019905567169189453
239744,normal,138,0,1782361407.4092844,0.002002716064453125
239745,normal,2783,0,1782361407.4113004,0.0020160675048828125
239746,normal,2664,0,1782361407.4133234,0.002022981643676758
239747,normal,307,0,1782361407.4153566,0.002033233642578125
239748,normal,84,0,1782361407.417331,0.001974344253540039
239749,normal,1775,0,1782361407.41927,0.0019390583038330078
239750,normal,422,0,1782361407.4213073,0.0020372867584228516
239751,normal,2922,0,1782361407.4233637,0.0020563602447509766
239752,normal,290,0,1782361407.4253552,0.0019915103912353516
239753,normal,2844,0,1782361407.427309,0.0019538402557373047
239754,normal,590,0,1782361407.4292722,0.0019631385803222656
239755,normal,2542,0,1782361407.4312794,0.0020072460174560547
239756,normal,1263,0,1782361407.4332848,0.002005338668823242
239757,normal,1506,0,1782361407.435283,0.0019981861114501953
239758,normal,596,0,1782361407.4372845,0.002001523971557617
239759,normal,1850,0,1782361407.439303,0.002018451690673828
239760,normal,1101,0,1782361407.4412968,0.001993894577026367
239761,normal,3121,1,1782361407.4434247,0.0021278858184814453
239762,normal,87,0,1782361407.4453135,0.0018887519836425781
239763,normal,336,0,1782361407.4473863,0.0020728111267089844
239764,normal,1477,0,1782361407.4495447,0.0021584033966064453
239765,normal,2006,0,1782361407.4521894,0.002644777297973633
239766,normal,3586,0,1782361407.4531898,0.0010004043579101562
239767,normal,3211,1,1782361407.455317,0.0021271705627441406
239768,normal,742,0,1782361407.4572482,0.0019311904907226562
239769,normal,1634,0,1782361407.4591978,0.0019495487213134766
239770,normal,3676,0,1782361407.4612615,0.002063751220703125
239771,normal,617,0,1782361407.4632494,0.001987934112548828
239772,normal,2081,0,1782361407.4653108,0.0020613670349121094
239773,normal,3632,0,1782361407.4672825,0.001971721649169922
239774,normal,3291,1,1782361407.4693868,0.0021042823791503906
239775,normal,272,0,1782361407.4714782,0.0020914077758789062
239776,normal,1349,1,1782361407.4732728,0.001794576644897461
239777,normal,1644,0,1782361407.4755018,0.002228975296020508
239778,normal,1695,0,1782361407.4773939,0.00189208984375
239779,normal,479,0,1782361407.4792607,0.0018668174743652344
239780,normal,2193,0,1782361407.4813747,0.0021140575408935547
239781,normal,2213,0,1782361407.4832711,0.0018963813781738281
239782,normal,1000,2,1782361407.4854815,0.002210378646850586
239783,normal,2077,0,1782361407.4873803,0.0018987655639648438
239784,normal,2171,0,1782361407.4894445,0.002064228057861328
239785,normal,49,0,1782361407.4913306,0.001886129379272461
239786,normal,1269,0,1782361407.493566,0.00223541259765625
239787,normal,351,0,1782361407.4954474,0.0018813610076904297
239788,normal,3175,1,1782361407.4975464,0.0020990371704101562
239789,normal,3161,1,1782361407.4994805,0.001934051513671875
239790,normal,700,0,1782361407.5014622,0.0019817352294921875
239791,normal,1636,0,1782361407.5033991,0.0019369125366210938
239792,normal,3603,0,1782361407.505292,0.0018928050994873047
239793,normal,1348,1,1782361407.507351,0.0020589828491210938
239794,normal,1099,0,1782361407.5092452,0.001894235610961914
239795,normal,3502,0,1782361407.5115025,0.0022573471069335938
239796,normal,1201,0,1782361407.5133004,0.0017979145050048828
239797,normal,3490,0,1782361407.5153642,0.002063751220703125
239798,normal,2681,0,1782361407.5172915,0.0019273757934570312
239799,normal,2196,0,1782361407.519362,0.0020704269409179688
239800,normal,1271,0,1782361407.5212636,0.0019016265869140625
239801,normal,320,0,1782361407.5236926,0.0024290084838867188
239802,normal,2451,0,1782361407.5254219,0.0017292499542236328
239803,normal,2726,0,1782361407.527518,0.0020961761474609375
239804,normal,3337,1,1782361407.5296388,0.0021207332611083984
239805,normal,1985,0,1782361407.5313435,0.0017046928405761719
239806,normal,2447,0,1782361407.533443,0.0020995140075683594
239807,normal,16,0,1782361407.535363,0.0019199848175048828
239808,normal,1924,0,1782361407.5372813,0.0019183158874511719
239809,normal,1958,0,1782361407.5393913,0.002110004425048828
239810,normal,3298,1,1782361407.5416434,0.0022521018981933594
239811,normal,866,2,1782361407.5433388,0.001695394515991211
239812,normal,1498,0,1782361407.5455518,0.002213001251220703
239813,normal,759,0,1782361407.5475037,0.0019519329071044922
239814,normal,397,0,1782361407.5495198,0.0020160675048828125
239815,normal,1921,0,1782361407.5523136,0.0027937889099121094
239816,normal,3182,1,1782361407.5532103,0.0008966922760009766
239817,normal,1124,0,1782361407.5553446,0.0021343231201171875
239818,normal,1310,0,1782361407.557249,0.0019044876098632812
239819,normal,3519,0,1782361407.5594294,0.002180337905883789
239820,normal,645,0,1782361407.561223,0.0017936229705810547
239821,normal,1835,0,1782361407.5635307,0.0023076534271240234
239822,normal,1276,0,1782361407.5655606,0.002029895782470703
239823,normal,795,2,1782361407.5673974,0.0018367767333984375
239824,normal,2312,0,1782361407.5699322,0.0025348663330078125
239825,normal,2932,0,1782361407.571466,0.0015337467193603516
239826,normal,1129,0,1782361407.5733435,0.0018775463104248047
239827,normal,1014,2,1782361407.5753393,0.0019958019256591797
239828,normal,2269,0,1782361407.5774176,0.0020782947540283203
239829,normal,1842,0,1782361407.5793853,0.0019676685333251953
239830,normal,2508,0,1782361407.5813048,0.0019195079803466797
239831,normal,552,0,1782361407.5832562,0.001951456069946289
239832,normal,269,0,1782361407.5851462,0.001889944076538086
239833,normal,1623,0,1782361407.587264,0.0021178722381591797
239834,normal,1304,0,1782361407.589306,0.002042055130004883
239835,normal,2159,0,1782361407.5913105,0.002004384994506836
239836,normal,1777,0,1782361407.5932984,0.001987934112548828
239837,normal,2986,0,1782361407.5953538,0.0020554065704345703
239838,normal,2769,0,1782361407.5972748,0.001920938491821289
239839,normal,2205,0,1782361407.599212,0.0019371509552001953
239840,normal,356,0,1782361407.6014304,0.002218484878540039
239841,normal,2897,0,1782361407.6063025,0.00487208366394043
239842,normal,1110,0,1782361407.6063852,8.273124694824219e-05
239843,normal,330,0,1782361407.6073298,0.0009446144104003906
239844,normal,302,0,1782361407.6093104,0.0019805431365966797
239845,normal,430,0,1782361407.6112266,0.0019161701202392578
239846,normal,903,2,1782361407.613433,0.0022063255310058594
239847,normal,2285,0,1782361407.615346,0.0019130706787109375
239848,normal,2225,0,1782361407.617489,0.0021431446075439453
239849,normal,244,0,1782361407.6200714,0.0025823116302490234
239850,normal,1612,0,1782361407.6213973,0.001325845718383789
239851,normal,12,0,1782361407.6234465,0.0020492076873779297
239852,normal,246,0,1782361407.6254706,0.0020241737365722656
239853,normal,3561,0,1782361407.6273456,0.0018749237060546875
239854,normal,2293,0,1782361407.629391,0.0020453929901123047
239855,normal,2670,0,1782361407.6314013,0.002010345458984375
239856,normal,3000,0,1782361407.6332877,0.0018863677978515625
239857,normal,1504,0,1782361407.6354234,0.002135753631591797
239858,normal,193,0,1782361407.6373332,0.0019097328186035156
239859,normal,2553,0,1782361407.6392322,0.0018990039825439453
239860,normal,1186,0,1782361407.6413813,0.0021491050720214844
239861,normal,809,2,1782361407.643337,0.001955747604370117
239862,normal,2663,0,1782361407.645331,0.001993894577026367
239863,normal,3607,0,1782361407.6474752,0.002144336700439453
239864,normal,3044,0,1782361407.649376,0.0019006729125976562
239865,normal,1668,0,1782361407.651289,0.0019130706787109375
239866,normal,2817,0,1782361407.653481,0.0021920204162597656
239867,normal,2080,0,1782361407.6555302,0.0020492076873779297
239868,normal,3627,0,1782361407.657783,0.002252817153930664
239869,normal,3688,0,1782361407.659403,0.0016200542449951172
239870,normal,2562,0,1782361407.661591,0.002187967300415039
239871,normal,1793,0,1782361407.6635916,0.002000570297241211
239872,normal,1020,2,1782361407.6653612,0.0017695426940917969
239873,normal,342,0,1782361407.6673634,0.002002239227294922
239874,normal,488,0,1782361407.669248,0.0018846988677978516
239875,normal,2424,0,1782361407.6713767,0.00212860107421875
239876,normal,153,0,1782361407.6733325,0.001955747604370117
239877,normal,2513,0,1782361407.675453,0.002120494842529297
239878,normal,2558,0,1782361407.6772518,0.001798868179321289
239879,normal,1040,0,1782361407.6793585,0.0021066665649414062
239880,normal,2680,0,1782361407.6813076,0.0019490718841552734
239881,normal,1581,0,1782361407.683424,0.0021164417266845703
239882,normal,2456,0,1782361407.6853607,0.0019366741180419922
239883,normal,3311,1,1782361407.6872914,0.0019307136535644531
239884,normal,3642,0,1782361407.6895404,0.002249002456665039
239885,normal,874,2,1782361407.691713,0.002172708511352539
239886,normal,1220,0,1782361407.693615,0.001901865005493164
239887,normal,1672,0,1782361407.6954522,0.0018372535705566406
239888,normal,3611,0,1782361407.6977086,0.0022563934326171875
239889,normal,1597,0,1782361407.699345,0.001636505126953125
239890,normal,1530,0,1782361407.7015972,0.0022521018981933594
239891,normal,148,0,1782361407.7033622,0.0017650127410888672
239892,normal,2928,0,1782361407.7053692,0.002007007598876953
239893,normal,938,2,1782361407.7072523,0.0018830299377441406
239894,normal,2759,0,1782361407.7094007,0.0021483898162841797
239895,normal,1611,0,1782361407.711551,0.002150297164916992
239896,normal,1523,0,1782361407.7135453,0.0019943714141845703
239897,normal,1318,0,1782361407.7153375,0.0017921924591064453
239898,normal,2622,0,1782361407.717355,0.002017498016357422
239899,normal,2403,0,1782361407.7192476,0.0018925666809082031
239900,normal,2851,0,1782361407.7213602,0.0021126270294189453
239901,normal,1759,0,1782361407.7232358,0.0018756389617919922
239902,normal,1642,0,1782361407.7256856,0.0024497509002685547
239903,normal,2646,0,1782361407.7274332,0.0017476081848144531
239904,normal,2317,0,1782361407.729317,0.0018837451934814453
239905,normal,1823,0,1782361407.7316496,0.0023326873779296875
239906,normal,1454,0,1782361407.7333162,0.0016665458679199219
239907,normal,2950,0,1782361407.7353911,0.0020749568939208984
239908,normal,2040,0,1782361407.7372808,0.0018897056579589844
239909,normal,1758,0,1782361407.7395918,0.0023109912872314453
239910,normal,1904,0,1782361407.741327,0.0017352104187011719
239911,normal,1726,0,1782361407.7437427,0.0024156570434570312
239912,normal,119,0,1782361407.7458332,0.0020904541015625
239913,normal,1176,0,1782361407.747348,0.0015149116516113281
239914,normal,2666,0,1782361407.7493267,0.001978635787963867
239915,normal,1155,0,1782361407.7513552,0.0020284652709960938
239916,normal,3414,0,1782361407.753258,0.0019028186798095703
239917,normal,1083,0,1782361407.755396,0.002137899398803711
239918,normal,501,0,1782361407.7574017,0.0020058155059814453
239919,normal,3362,1,1782361407.7593777,0.00197601318359375
239920,normal,3296,1,1782361407.761496,0.002118349075317383
239921,normal,2886,0,1782361407.7635243,0.002028226852416992
239922,normal,2524,0,1782361407.765449,0.001924753189086914
239923,normal,1358,1,1782361407.7675226,0.002073526382446289
239924,normal,1134,0,1782361407.769944,0.0024213790893554688
239925,normal,2219,0,1782361407.7714088,0.00146484375
239926,normal,564,0,1782361407.7734766,0.0020678043365478516
239927,normal,658,0,1782361407.7764053,0.0029287338256835938
239928,normal,753,0,1782361407.7774549,0.0010495185852050781
239929,normal,2248,0,1782361407.779641,0.0021860599517822266
239930,normal,2905,0,1782361407.781734,0.002093076705932617
239931,normal,2971,0,1782361407.783904,0.002170085906982422
239932,normal,3135,1,1782361407.7853801,0.0014760494232177734
239933,normal,1713,0,1782361407.7874055,0.0020253658294677734
239934,normal,1865,0,1782361407.7893322,0.0019266605377197266
239935,normal,3578,0,1782361407.7913017,0.001969575881958008
239936,normal,1595,0,1782361407.7936146,0.002312898635864258
239937,normal,2430,0,1782361407.7952533,0.001638650894165039
239938,normal,509,0,1782361407.7973607,0.002107381820678711
239939,normal,1303,0,1782361407.7993014,0.0019407272338867188
239940,normal,1939,0,1782361407.8013687,0.0020673274993896484
239941,normal,737,0,1782361407.803277,0.0019083023071289062
239942,normal,2195,0,1782361407.8053923,0.0021152496337890625
239943,normal,2280,0,1782361407.8073304,0.0019381046295166016
239944,normal,1933,0,1782361407.8094375,0.0021071434020996094
239945,normal,3283,1,1782361407.8113866,0.0019490718841552734
239946,normal,1727,0,1782361407.8134248,0.002038240432739258
239947,normal,1407,0,1782361407.8154576,0.002032756805419922
239948,normal,1813,0,1782361407.8173075,0.0018498897552490234
239949,normal,298,0,1782361407.8193684,0.0020608901977539062
239950,normal,1337,1,1782361407.8213086,0.0019402503967285156
239951,normal,1295,0,1782361407.8234398,0.002131223678588867
239952,normal,2982,0,1782361407.8253398,0.0018999576568603516
239953,normal,3447,0,1782361407.8273911,0.0020513534545898438
239954,normal,1592,0,1782361407.8293538,0.0019626617431640625
239955,normal,400,0,1782361407.8313277,0.001973867416381836
239956,normal,3280,1,1782361407.8339915,0.002663850784301758
239957,normal,1654,0,1782361407.8353958,0.0014042854309082031
239958,normal,3358,1,1782361407.8372998,0.0019040107727050781
239959,normal,1900,0,1782361407.839418,0.0021181106567382812
239960,normal,1292,0,1782361407.8414218,0.002003908157348633
239961,normal,2234,0,1782361407.8432448,0.0018229484558105469
239962,normal,3598,0,1782361407.8453517,0.002106904983520508
239963,normal,535,0,1782361407.847378,0.0020263195037841797
239964,normal,3272,1,1782361407.849239,0.0018610954284667969
239965,normal,3131,1,1782361407.8513687,0.0021295547485351562
239966,normal,1313,0,1782361407.8533754,0.0020067691802978516
239967,normal,2009,0,1782361407.8553486,0.0019731521606445312
239968,normal,1463,0,1782361407.857412,0.0020635128021240234
239969,normal,3547,0,1782361407.8594828,0.0020706653594970703
239970,normal,3525,0,1782361407.8614259,0.0019431114196777344
239971,normal,3655,0,1782361407.8638175,0.0023915767669677734
239972,normal,1350,1,1782361407.8654172,0.0015997886657714844
239973,normal,876,2,1782361407.8679004,0.0024831295013427734
239974,normal,478,0,1782361407.8694332,0.0015327930450439453
239975,normal,3259,1,1782361407.8715835,0.002150297164916992
239976,normal,766,0,1782361407.8733528,0.0017693042755126953
239977,normal,1862,0,1782361407.8754165,0.002063751220703125
239978,normal,2079,0,1782361407.8773007,0.0018842220306396484
239979,normal,420,0,1782361407.8792276,0.0019268989562988281
239980,normal,494,0,1782361407.8813229,0.0020952224731445312
239981,normal,3112,1,1782361407.8833458,0.002022981643676758
239982,normal,2703,0,1782361407.8855507,0.00220489501953125
239983,normal,1194,0,1782361407.887287,0.0017361640930175781
239984,normal,3107,1,1782361407.8893547,0.0020678043365478516
239985,normal,1013,2,1782361407.89219,0.0028352737426757812
239986,normal,834,2,1782361407.893234,0.0010440349578857422
239987,normal,3493,0,1782361407.895448,0.0022139549255371094
239988,normal,1153,0,1782361407.8973463,0.0018982887268066406
239989,normal,2820,0,1782361407.9000857,0.002739429473876953
239990,normal,3424,0,1782361407.9020472,0.0019614696502685547
239991,normal,2352,0,1782361407.9036486,0.0016014575958251953
239992,normal,2185,0,1782361407.9053035,0.0016548633575439453
239993,normal,3201,1,1782361407.9074688,0.0021653175354003906
239994,normal,1730,0,1782361407.9093807,0.0019118785858154297
239995,normal,129,0,1782361407.9114084,0.002027750015258789
239996,normal,368,0,1782361407.9132771,0.0018687248229980469
239997,normal,2340,0,1782361407.915578,0.002300739288330078
239998,normal,1420,0,1782361407.9175189,0.0019409656524658203
239999,normal,1123,0,1782361407.9192784,0.0017595291137695312
240000,normal,2848,0,1782361407.9214318,0.0021533966064453125
240001,normal,2498,0,1782361407.9232914,0.0018596649169921875
240002,normal,960,2,1782361407.9253557,0.002064228057861328
240003,normal,2965,0,1782361407.9272468,0.0018911361694335938
240004,normal,1690,0,1782361407.9293578,0.0021109580993652344
240005,normal,2711,0,1782361407.9316344,0.0022766590118408203
240006,normal,2563,0,1782361407.9334455,0.0018110275268554688
240007,normal,3215,1,1782361407.9359245,0.002479076385498047
240008,normal,2678,0,1782361407.937796,0.0018715858459472656
240009,normal,172,0,1782361407.9394243,0.0016281604766845703
240010,normal,768,0,1782361407.9414907,0.002066373825073242
240011,normal,1196,0,1782361407.9434438,0.001953125
240012,normal,3167,1,1782361407.945547,0.0021033287048339844
240013,normal,451,0,1782361407.9477468,0.0021996498107910156
240014,normal,436,0,1782361407.9493883,0.0016415119171142578
240015,normal,1195,0,1782361407.9516547,0.002266407012939453
240016,normal,213,0,1782361407.9534037,0.0017490386962890625
240017,normal,372,0,1782361407.9555306,0.002126932144165039
240018,normal,3109,1,1782361407.9575245,0.001993894577026367
240019,normal,2803,0,1782361407.959252,0.0017275810241699219
240020,normal,2377,0,1782361407.9613307,0.002078533172607422
240021,normal,1093,0,1782361407.9632154,0.0018846988677978516
240022,normal,888,2,1782361407.9653265,0.002111196517944336
240023,normal,3595,0,1782361407.9677362,0.002409696578979492
240024,normal,3675,0,1782361407.9694161,0.0016798973083496094
240025,normal,3531,0,1782361407.9715242,0.0021080970764160156
240026,normal,1404,0,1782361407.9734688,0.0019445419311523438
240027,normal,837,2,1782361407.9754255,0.0019567012786865234
240028,normal,146,0,1782361407.9774919,0.002066373825073242
240029,normal,1434,0,1782361407.9793885,0.0018966197967529297
240030,normal,3364,1,1782361407.9816942,0.002305746078491211
240031,normal,3591,0,1782361407.9837258,0.002031564712524414
240032,normal,3235,1,1782361407.985519,0.0017931461334228516
240033,normal,95,0,1782361407.9873807,0.0018618106842041016
240034,normal,3701,0,1782361407.9897768,0.002396106719970703
240035,normal,3463,0,1782361407.991944,0.002167224884033203
240036,normal,1843,0,1782361407.993395,0.0014510154724121094
240037,normal,1072,0,1782361407.995401,0.0020058155059814453
240038,normal,2878,0,1782361407.99742,0.002019166946411133
240039,normal,1852,0,1782361407.999351,0.0019309520721435547
240040,normal,2018,0,1782361408.0012949,0.001943826675415039
240041,normal,2131,0,1782361408.0033777,0.00208282470703125
240042,normal,357,0,1782361408.0052812,0.001903533935546875
240043,normal,151,0,1782361408.0073729,0.002091646194458008
240044,normal,3544,0,1782361408.0093572,0.0019843578338623047
240045,normal,2297,0,1782361408.011396,0.002038717269897461
240046,normal,1247,0,1782361408.0132825,0.001886606216430664
240047,normal,1804,0,1782361408.0154438,0.002161264419555664
240048,normal,1620,0,1782361408.0173435,0.00189971923828125
240049,normal,409,0,1782361408.019541,0.0021975040435791016
240050,normal,1092,0,1782361408.0214028,0.0018618106842041016
240051,normal,3281,1,1782361408.0232267,0.0018239021301269531
240052,normal,3377,1,1782361408.0253618,0.002135038375854492
240053,normal,2396,0,1782361408.0273314,0.001969575881958008
240054,normal,1879,0,1782361408.0294378,0.0021064281463623047
240055,normal,702,0,1782361408.0313275,0.0018897056579589844
240056,normal,2349,0,1782361408.0333915,0.0020639896392822266
240057,normal,3040,0,1782361408.0353184,0.0019268989562988281
240058,normal,1863,0,1782361408.0373614,0.002043008804321289
240059,normal,1262,0,1782361408.0396278,0.002266407012939453
240060,normal,319,0,1782361408.0413723,0.0017445087432861328
240061,normal,453,0,1782361408.043267,0.0018947124481201172
240062,normal,2719,0,1782361408.0453966,0.0021295547485351562
240063,normal,268,0,1782361408.047307,0.0019104480743408203
240064,normal,3477,0,1782361408.049406,0.0020990371704101562
240065,normal,381,0,1782361408.0514603,0.0020542144775390625
240066,normal,2980,0,1782361408.0532508,0.0017905235290527344
240067,normal,3223,1,1782361408.0553217,0.002070903778076172
240068,normal,1737,0,1782361408.0572705,0.0019488334655761719
240069,normal,1697,0,1782361408.0594015,0.0021309852600097656
240070,normal,670,0,1782361408.0613341,0.0019326210021972656
240071,normal,900,2,1782361408.0634246,0.0020904541015625
240072,normal,3480,0,1782361408.065303,0.001878499984741211
240073,normal,863,2,1782361408.0676231,0.0023200511932373047
240074,normal,1686,0,1782361408.0695555,0.001932382583618164
240075,normal,1022,2,1782361408.0714276,0.0018720626831054688
240076,normal,3677,0,1782361408.0734982,0.0020706653594970703
240077,normal,3075,1,1782361408.0756083,0.002110004425048828
240078,normal,47,0,1782361408.0774481,0.0018398761749267578
240079,normal,3050,1,1782361408.07954,0.0020918846130371094
240080,normal,1362,1,1782361408.0813317,0.0017917156219482422
240081,normal,306,0,1782361408.0833983,0.0020666122436523438
240082,normal,3053,1,1782361408.08521,0.0018117427825927734
240083,normal,1081,0,1782361408.0873206,0.0021104812622070312
240084,normal,1374,1,1782361408.0892398,0.0019192695617675781
240085,normal,158,0,1782361408.0914695,0.0022296905517578125
240086,normal,470,0,1782361408.0933812,0.0019116401672363281
240087,normal,1839,0,1782361408.0953152,0.001934051513671875
240088,normal,982,2,1782361408.097375,0.0020596981048583984
240089,normal,1868,0,1782361408.0993543,0.001979351043701172
240090,normal,2393,0,1782361408.1013494,0.001995086669921875
240091,normal,2775,0,1782361408.1042242,0.0028748512268066406
240092,normal,783,2,1782361408.1058052,0.001580953598022461
240093,normal,2584,0,1782361408.1074245,0.0016193389892578125
240094,normal,3287,1,1782361408.109577,0.0021524429321289062
240095,normal,2104,0,1782361408.111466,0.0018889904022216797
240096,normal,2398,0,1782361408.113326,0.0018601417541503906
240097,normal,2763,0,1782361408.1153638,0.0020377635955810547
240098,normal,2033,0,1782361408.117317,0.001953125
240099,normal,2624,0,1782361408.1194644,0.0021474361419677734
240100,normal,256,0,1782361408.121289,0.0018246173858642578
240101,normal,2335,0,1782361408.1237657,0.0024766921997070312
240102,normal,79,0,1782361408.1252196,0.0014538764953613281
240103,normal,907,2,1782361408.1273518,0.0021321773529052734
240104,normal,748,0,1782361408.129321,0.0019693374633789062
240105,normal,2710,0,1782361408.1313808,0.0020596981048583984
240106,normal,1111,0,1782361408.133235,0.0018541812896728516
240107,normal,237,0,1782361408.1356,0.0023651123046875
240108,normal,2309,0,1782361408.1373432,0.0017430782318115234
240109,normal,1899,0,1782361408.139725,0.0023818016052246094
240110,normal,472,0,1782361408.1416087,0.0018837451934814453
240111,normal,802,2,1782361408.1434174,0.0018086433410644531
240112,normal,2854,0,1782361408.1453578,0.0019404888153076172
240113,normal,3019,0,1782361408.1474388,0.0020809173583984375
240114,normal,3452,0,1782361408.1493065,0.0018677711486816406
240115,normal,1485,0,1782361408.1516283,0.0023217201232910156
240116,normal,1575,0,1782361408.153245,0.0016167163848876953
240117,normal,1953,0,1782361408.1560857,0.002840757369995117
240118,normal,1930,0,1782361408.157555,0.0014693737030029297
240119,normal,550,0,1782361408.159539,0.0019838809967041016
240120,normal,1469,0,1782361408.1612062,0.0016672611236572266
240121,normal,2495,0,1782361408.1636846,0.002478361129760742
240122,normal,424,0,1782361408.16588,0.0021953582763671875
240123,normal,1193,0,1782361408.1673577,0.0014777183532714844
240124,normal,1178,0,1782361408.1693861,0.0020284652709960938
240125,normal,2616,0,1782361408.1712728,0.001886606216430664
240126,normal,2841,0,1782361408.1733375,0.0020647048950195312
240127,normal,807,2,1782361408.175235,0.001897573471069336
240128,normal,1490,0,1782361408.1774242,0.002189159393310547
240129,normal,578,0,1782361408.179287,0.0018627643585205078
240130,normal,3164,1,1782361408.1813974,0.0021104812622070312
240131,normal,2774,0,1782361408.1833496,0.0019521713256835938
240132,normal,405,0,1782361408.185789,0.0024394989013671875
240133,normal,632,0,1782361408.1874259,0.0016367435455322266
240134,normal,1524,0,1782361408.1896014,0.002175569534301758
240135,normal,2442,0,1782361408.1914427,0.0018413066864013672
240136,normal,2382,0,1782361408.1935985,0.002155780792236328
240137,normal,1317,0,1782361408.1954815,0.0018830299377441406
240138,normal,3176,1,1782361408.1972337,0.0017521381378173828
240139,normal,3216,1,1782361408.199344,0.0021102428436279297
240140,normal,2064,0,1782361408.2014532,0.0021092891693115234
240141,normal,1416,0,1782361408.2034507,0.0019974708557128906
240142,normal,2041,0,1782361408.2055445,0.002093791961669922
240143,normal,1822,0,1782361408.2073827,0.0018382072448730469
240144,normal,739,0,1782361408.2093413,0.001958608627319336
240145,normal,431,0,1782361408.2115498,0.0022084712982177734
240146,normal,2893,0,1782361408.2134116,0.0018618106842041016
240147,normal,2216,0,1782361408.2152438,0.0018322467803955078
240148,normal,2795,0,1782361408.217353,0.0021092891693115234
240149,normal,931,2,1782361408.2194886,0.0021355152130126953
240150,normal,690,0,1782361408.2215478,0.0020592212677001953
240151,normal,3652,0,1782361408.2234397,0.0018918514251708984
240152,normal,2125,0,1782361408.2256258,0.0021860599517822266
240153,normal,447,0,1782361408.2273247,0.0016989707946777344
240154,normal,686,0,1782361408.2294602,0.0021355152130126953
240155,normal,3440,0,1782361408.2313917,0.0019314289093017578
240156,normal,111,0,1782361408.2334335,0.0020418167114257812
240157,normal,2284,0,1782361408.2358758,0.0024423599243164062
240158,normal,1803,0,1782361408.237394,0.00151824951171875
240159,normal,2939,0,1782361408.239232,0.0018379688262939453
240160,normal,1464,0,1782361408.2414792,0.0022470951080322266
240161,normal,787,2,1782361408.2434046,0.0019254684448242188
240162,normal,3451,0,1782361408.2453878,0.001983165740966797
240163,normal,1632,0,1782361408.2474914,0.002103567123413086
240164,normal,299,0,1782361408.249393,0.0019016265869140625
240165,normal,1910,0,1782361408.2514317,0.002038717269897461
240166,normal,2502,0,1782361408.2532802,0.001848459243774414
240167,normal,1978,0,1782361408.2554238,0.0021436214447021484
240168,normal,2940,0,1782361408.2574418,0.002017974853515625
240169,normal,541,0,1782361408.259336,0.001894235610961914
240170,normal,2412,0,1782361408.2612753,0.0019392967224121094
240171,normal,3185,1,1782361408.2633202,0.0020449161529541016
240172,normal,3702,0,1782361408.2652085,0.001888275146484375
240173,normal,2052,0,1782361408.2674117,0.002203226089477539
240174,normal,3073,1,1782361408.2693381,0.001926422119140625
240175,normal,355,0,1782361408.271426,0.002087831497192383
240176,normal,2137,0,1782361408.273484,0.0020580291748046875
240177,normal,101,0,1782361408.2755163,0.0020322799682617188
240178,normal,3574,0,1782361408.2777178,0.002201557159423828
240179,normal,2063,0,1782361408.279458,0.0017402172088623047
240180,normal,1250,0,1782361408.281497,0.0020389556884765625
240181,normal,1375,1,1782361408.2836177,0.0021207332611083984
240182,normal,1588,0,1782361408.2855482,0.0019304752349853516
240183,normal,2679,0,1782361408.2873988,0.0018506050109863281
240184,normal,865,2,1782361408.2893298,0.0019309520721435547
240185,normal,196,0,1782361408.2912633,0.0019335746765136719
240186,normal,573,0,1782361408.2933145,0.002051115036010742
240187,normal,1058,0,1782361408.29527,0.0019555091857910156
240188,normal,2441,0,1782361408.2977092,0.002439260482788086
240189,normal,113,0,1782361408.29933,0.0016207695007324219
240190,normal,597,0,1782361408.301376,0.0020461082458496094
240191,normal,3057,1,1782361408.3035738,0.002197742462158203
240192,normal,2258,0,1782361408.3053412,0.0017673969268798828
240193,normal,2100,0,1782361408.307404,0.0020627975463867188
240194,normal,603,0,1782361408.3094184,0.0020143985748291016
240195,normal,2053,0,1782361408.3114657,0.002047300338745117
240196,normal,555,0,1782361408.3137014,0.0022356510162353516
240197,normal,602,0,1782361408.3154821,0.0017807483673095703
240198,normal,491,0,1782361408.3173838,0.0019016265869140625
240199,normal,1352,1,1782361408.3197517,0.0023679733276367188
240200,normal,833,2,1782361408.3213475,0.0015957355499267578
240201,normal,1650,0,1782361408.3233697,0.002022266387939453
240202,normal,2432,0,1782361408.325408,0.002038240432739258
240203,normal,2993,0,1782361408.327381,0.0019729137420654297
240204,normal,1827,0,1782361408.3292518,0.001870870590209961
240205,normal,1333,1,1782361408.331638,0.002386331558227539
240206,normal,3474,0,1782361408.3335173,0.0018792152404785156
240207,normal,370,0,1782361408.335257,0.0017397403717041016
240208,normal,608,0,1782361408.3377216,0.0024645328521728516
240209,normal,587,0,1782361408.3395197,0.0017981529235839844
240210,normal,322,0,1782361408.341298,0.0017783641815185547
240211,normal,2525,0,1782361408.3435001,0.0022020339965820312
240212,normal,2194,0,1782361408.3454132,0.0019130706787109375
240213,normal,102,0,1782361408.347305,0.0018918514251708984
240214,normal,421,0,1782361408.349418,0.002112865447998047
240215,normal,454,0,1782361408.3513093,0.0018913745880126953
240216,normal,3024,0,1782361408.3533921,0.00208282470703125
240217,normal,3085,1,1782361408.3553724,0.001980304718017578
240218,normal,845,2,1782361408.3576126,0.0022401809692382812
240219,normal,2856,0,1782361408.3592455,0.0016329288482666016
240220,normal,940,2,1782361408.3618534,0.0026078224182128906
240221,normal,94,0,1782361408.3633618,0.001508474349975586
240222,normal,989,2,1782361408.3654704,0.0021085739135742188
240223,normal,1517,0,1782361408.3674138,0.001943349838256836
240224,normal,537,0,1782361408.3694956,0.0020818710327148438
240225,normal,998,2,1782361408.3713808,0.0018851757049560547
240226,normal,1528,0,1782361408.3734233,0.002042531967163086
240227,normal,1172,0,1782361408.375278,0.0018546581268310547
240228,normal,3639,0,1782361408.377331,0.0020530223846435547
240229,normal,1638,0,1782361408.3798084,0.002477407455444336
240230,normal,2691,0,1782361408.3822455,0.002437114715576172
240231,normal,60,0,1782361408.3838043,0.0015587806701660156
240232,normal,2217,0,1782361445.3026938,0.0
240233,normal,2925,0,1782361445.3047705,0.0020766258239746094
240234,normal,1,0,1782361445.3067412,0.0019707679748535156
240235,normal,32,0,1782361445.3086798,0.0019385814666748047
240236,normal,271,0,1782361445.3106492,0.0019693374633789062
240237,normal,1371,1,1782361445.312708,0.002058744430541992
240238,normal,3689,0,1782361445.3146048,0.0018968582153320312
240239,normal,2800,0,1782361445.3167088,0.002104043960571289
240240,normal,272,0,1782361445.3186164,0.0019075870513916016
240241,normal,3152,1,1782361445.3207114,0.0020949840545654297
240242,normal,2095,0,1782361445.3226442,0.0019328594207763672
240243,normal,2373,0,1782361445.324719,0.002074718475341797
240244,normal,1059,0,1782361445.3266313,0.0019123554229736328
240245,normal,1618,0,1782361445.3287218,0.0020904541015625
240246,normal,3413,0,1782361445.330682,0.001960277557373047
240247,normal,388,0,1782361445.3326333,0.0019512176513671875
240248,normal,2755,0,1782361445.334712,0.0020787715911865234
240249,normal,1560,0,1782361445.3366437,0.0019316673278808594
240250,normal,234,0,1782361445.3387063,0.002062559127807617
240251,normal,1367,1,1782361445.3406305,0.001924276351928711
240252,normal,2198,0,1782361445.3427072,0.0020766258239746094
240253,normal,916,2,1782361445.3446321,0.0019249916076660156
240254,normal,1414,0,1782361445.3467097,0.0020775794982910156
240255,normal,531,0,1782361445.3487365,0.002026796340942383
240256,normal,1124,0,1782361445.3506474,0.0019109249114990234
240257,normal,2856,0,1782361445.3526566,0.002009153366088867
240258,normal,1801,0,1782361445.354645,0.0019884109497070312
240259,normal,3705,0,1782361445.3566194,0.001974344253540039
240260,normal,2312,0,1782361445.3586888,0.0020694732666015625
240261,normal,1376,1,1782361445.360719,0.0020301342010498047
240262,normal,2653,0,1782361445.3626823,0.001963376998901367
240263,normal,975,2,1782361445.3646576,0.0019752979278564453
240264,normal,3134,1,1782361445.3669405,0.002282857894897461
240265,normal,3633,0,1782361445.3686874,0.0017468929290771484
240266,normal,3279,1,1782361445.370763,0.002075672149658203
240267,normal,961,2,1782361445.3728628,0.002099752426147461
240268,normal,2877,0,1782361445.3748584,0.001995563507080078
240269,normal,196,0,1782361445.3767624,0.0019040107727050781
240270,normal,643,0,1782361445.378787,0.0020246505737304688
240271,normal,2931,0,1782361445.3809903,0.002203226089477539
240272,normal,1896,0,1782361445.3827593,0.0017690658569335938
240273,normal,3627,0,1782361445.3847482,0.0019888877868652344
240274,normal,2439,0,1782361445.3868895,0.002141237258911133
240275,normal,1676,0,1782361445.388758,0.0018684864044189453
240276,normal,3175,1,1782361445.390888,0.0021300315856933594
240277,normal,1166,0,1782361445.3926346,0.0017466545104980469
240278,normal,1556,0,1782361445.39463,0.0019953250885009766
240279,normal,2177,0,1782361445.396701,0.0020711421966552734
240280,normal,389,0,1782361445.3986228,0.0019216537475585938
240281,normal,2572,0,1782361445.40062,0.001997232437133789
240282,normal,879,2,1782361445.4026887,0.002068758010864258
240283,normal,1920,0,1782361445.4046245,0.001935720443725586
240284,normal,2211,0,1782361445.4066203,0.0019958019256591797
240285,normal,1813,0,1782361445.4087162,0.002095937728881836
240286,normal,734,0,1782361445.4106288,0.0019125938415527344
240287,normal,2650,0,1782361445.4126194,0.0019905567169189453
240288,normal,624,0,1782361445.4147012,0.0020818710327148438
240289,normal,280,0,1782361445.416623,0.0019218921661376953
240290,normal,3405,0,1782361445.418616,0.001992940902709961
240291,normal,1726,0,1782361445.4206953,0.0020792484283447266
240292,normal,1533,0,1782361445.4226213,0.0019259452819824219
240293,normal,2671,0,1782361445.4246914,0.002070188522338867
240294,normal,914,2,1782361445.426693,0.002001523971557617
240295,normal,3247,1,1782361445.4286218,0.0019288063049316406
240296,normal,1467,0,1782361445.4306228,0.002001047134399414
240297,normal,449,0,1782361445.4326992,0.002076387405395508
240298,normal,3527,0,1782361445.4346235,0.001924276351928711
240299,normal,112,0,1782361445.4366236,0.002000093460083008
240300,normal,1270,0,1782361445.438782,0.0021584033966064453
240301,normal,744,0,1782361445.440886,0.002104043960571289
240302,normal,3162,1,1782361445.442791,0.0019049644470214844
240303,normal,2963,0,1782361445.4448864,0.002095460891723633
240304,normal,669,0,1782361445.4467378,0.0018513202667236328
240305,normal,1324,1,1782361445.448807,0.002069234848022461
240306,normal,2060,0,1782361445.4508426,0.0020356178283691406
240307,normal,2727,0,1782361445.452689,0.0018463134765625
240308,normal,2498,0,1782361445.4546316,0.0019426345825195312
240309,normal,713,0,1782361445.4566584,0.002026796340942383
240310,normal,3256,1,1782361445.4587657,0.002107381820678711
240311,normal,3369,1,1782361445.4606407,0.0018749237060546875
240312,normal,1369,1,1782361445.4626956,0.002054929733276367
240313,normal,832,2,1782361445.4646904,0.0019948482513427734
240314,normal,2107,0,1782361445.4666355,0.0019450187683105469
240315,normal,3285,1,1782361445.4686892,0.0020537376403808594
240316,normal,3094,1,1782361445.470692,0.002002716064453125
240317,normal,3079,1,1782361445.4727128,0.0020208358764648438
240318,normal,2484,0,1782361445.4747074,0.001994609832763672
240319,normal,2173,0,1782361445.4766848,0.0019774436950683594
240320,normal,1996,0,1782361445.4787102,0.0020253658294677734
240321,normal,2346,0,1782361445.4807582,0.002048015594482422
240322,normal,2466,0,1782361445.4827406,0.001982450485229492
240323,normal,1018,2,1782361445.484715,0.001974344253540039
240324,normal,851,2,1782361445.486648,0.0019330978393554688
240325,normal,3108,1,1782361445.48877,0.0021219253540039062
240326,normal,1434,0,1782361445.4906585,0.0018885135650634766
240327,normal,3330,1,1782361445.4926853,0.002026796340942383
240328,normal,2265,0,1782361445.4946573,0.0019719600677490234
240329,normal,46,0,1782361445.496632,0.001974821090698242
240330,normal,527,0,1782361445.4987168,0.0020847320556640625
240331,normal,1687,0,1782361445.500634,0.001917123794555664
240332,normal,2024,0,1782361445.5027564,0.0021224021911621094
240333,normal,3253,1,1782361445.5047019,0.00194549560546875
240334,normal,1993,0,1782361445.5066357,0.0019338130950927734
240335,normal,2221,0,1782361445.5087347,0.0020990371704101562
240336,normal,1149,0,1782361445.5106406,0.0019059181213378906
240337,normal,912,2,1782361445.5127282,0.0020875930786132812
240338,normal,261,0,1782361445.5146363,0.0019080638885498047
240339,normal,1799,0,1782361445.5167282,0.0020918846130371094
240340,normal,37,0,1782361445.518649,0.001920938491821289
240341,normal,883,2,1782361445.5206378,0.001988649368286133
240342,normal,807,2,1782361445.5227067,0.0020689964294433594
240343,normal,3140,1,1782361445.5246851,0.0019783973693847656
240344,normal,2691,0,1782361445.526656,0.0019707679748535156
240345,normal,2934,0,1782361445.5287504,0.0020945072174072266
240346,normal,1056,0,1782361445.5306606,0.0019102096557617188
240347,normal,2223,0,1782361445.5326602,0.0019996166229248047
240348,normal,2420,0,1782361445.534722,0.0020618438720703125
240349,normal,2032,0,1782361445.5366797,0.0019576549530029297
240350,normal,4,0,1782361445.5387018,0.0020220279693603516
240351,normal,3493,0,1782361445.5407417,0.0020399093627929688
240352,normal,1609,0,1782361445.5426512,0.001909494400024414
240353,normal,2017,0,1782361445.5446875,0.0020363330841064453
240354,normal,2809,0,1782361445.5467308,0.0020432472229003906
240355,normal,2101,0,1782361445.5486608,0.0019299983978271484
240356,normal,3520,0,1782361445.5506914,0.002030611038208008
240357,normal,258,0,1782361445.552726,0.0020346641540527344
240358,normal,3528,0,1782361445.554683,0.001956939697265625
240359,normal,2620,0,1782361445.5566769,0.001993894577026367
240360,normal,2152,0,1782361445.5586858,0.0020089149475097656
240361,normal,2972,0,1782361445.5606818,0.0019960403442382812
240362,normal,3017,0,1782361445.5626576,0.0019757747650146484
240363,normal,3177,1,1782361445.5647528,0.0020952224731445312
240364,normal,2016,0,1782361445.5666566,0.0019037723541259766
240365,normal,3510,0,1782361445.568678,0.002021312713623047
240366,normal,277,0,1782361445.5707495,0.0020716190338134766
240367,normal,3566,0,1782361445.572681,0.0019314289093017578
240368,normal,2911,0,1782361445.5746584,0.0019774436950683594
240369,normal,1709,0,1782361445.5767508,0.0020923614501953125
240370,normal,2350,0,1782361445.578655,0.0019042491912841797
240371,normal,1791,0,1782361445.5806577,0.002002716064453125
240372,normal,1642,0,1782361445.5827568,0.0020990371704101562
240373,normal,3482,0,1782361445.5846548,0.001898050308227539
240374,normal,2944,0,1782361445.5866544,0.0019996166229248047
240375,normal,2127,0,1782361445.5887516,0.0020971298217773438
240376,normal,100,0,1782361445.5906563,0.0019047260284423828
240377,normal,3291,1,1782361445.592649,0.0019927024841308594
240378,normal,2192,0,1782361445.594745,0.002095937728881836
240379,normal,693,0,1782361445.5966563,0.0019114017486572266
240380,normal,572,0,1782361445.5986557,0.001999378204345703
240381,normal,1451,0,1782361445.6007457,0.002089977264404297
240382,normal,1646,0,1782361445.6026778,0.0019321441650390625
240383,normal,1507,0,1782361445.6046505,0.001972675323486328
240384,normal,202,0,1782361445.6067488,0.0020983219146728516
240385,normal,2592,0,1782361445.6086576,0.0019087791442871094
240386,normal,3153,1,1782361445.6106794,0.00202178955078125
240387,normal,3007,0,1782361445.6127477,0.0020682811737060547
240388,normal,1884,0,1782361445.6146586,0.0019109249114990234
240389,normal,199,0,1782361445.6166546,0.0019960403442382812
240390,normal,3298,1,1782361445.6187387,0.002084016799926758
240391,normal,976,2,1782361445.6206777,0.0019390583038330078
240392,normal,852,2,1782361445.6226811,0.0020034313201904297
240393,normal,1971,0,1782361445.6247401,0.0020589828491210938
240394,normal,1945,0,1782361445.6266572,0.001917123794555664
240395,normal,1514,0,1782361445.6286523,0.001995086669921875
240396,normal,3109,1,1782361445.6307466,0.002094268798828125
240397,normal,810,2,1782361445.6326554,0.0019087791442871094
240398,normal,2552,0,1782361445.6346512,0.0019958019256591797
240399,normal,2531,0,1782361445.6367774,0.0021262168884277344
240400,normal,1550,0,1782361445.6386573,0.0018799304962158203
240401,normal,2517,0,1782361445.6406515,0.0019941329956054688
240402,normal,1247,0,1782361445.6427472,0.0020956993103027344
240403,normal,1561,0,1782361445.6446571,0.0019099712371826172
240404,normal,1081,0,1782361445.6466568,0.0019996166229248047
240405,normal,2231,0,1782361445.6487477,0.002090930938720703
240406,normal,1989,0,1782361445.6506572,0.001909494400024414
240407,normal,937,2,1782361445.6526754,0.0020182132720947266
240408,normal,2813,0,1782361445.6547272,0.002051830291748047
240409,normal,3578,0,1782361445.6566787,0.001951456069946289
240410,normal,2166,0,1782361445.6586835,0.002004861831665039
240411,normal,1664,0,1782361445.6607416,0.0020580291748046875
240412,normal,3504,0,1782361445.662677,0.0019354820251464844
240413,normal,1475,0,1782361445.6646576,0.0019805431365966797
240414,normal,308,0,1782361445.6667182,0.0020606517791748047
240415,normal,708,0,1782361445.6686563,0.0019381046295166016
240416,normal,1397,0,1782361445.6706557,0.001999378204345703
240417,normal,3563,0,1782361445.6727343,0.002078533172607422
240418,normal,3661,0,1782361445.6746576,0.0019233226776123047
240419,normal,492,0,1782361445.6766822,0.0020246505737304688
240420,normal,1215,0,1782361445.6787546,0.0020723342895507812
240421,normal,1833,0,1782361445.6806808,0.0019261837005615234
240422,normal,1867,0,1782361445.6826797,0.0019989013671875
240423,normal,2330,0,1782361445.68476,0.0020804405212402344
240424,normal,111,0,1782361445.6866782,0.0019180774688720703
240425,normal,3379,1,1782361445.6886804,0.002002239227294922
240426,normal,3603,0,1782361445.690925,0.0022444725036621094
240427,normal,2866,0,1782361445.6927135,0.0017886161804199219
240428,normal,2675,0,1782361445.6948621,0.0021486282348632812
240429,normal,518,0,1782361445.696776,0.0019137859344482422
240430,normal,259,0,1782361445.69871,0.001934051513671875
240431,normal,3419,0,1782361445.7008605,0.0021505355834960938
240432,normal,3035,0,1782361445.7027767,0.0019161701202392578
240433,normal,3181,1,1782361445.7048457,0.0020689964294433594
240434,normal,2633,0,1782361445.7067094,0.001863718032836914
240435,normal,2026,0,1782361445.7088869,0.0021774768829345703
240436,normal,1336,1,1782361445.710704,0.0018172264099121094
240437,normal,2327,0,1782361445.7128477,0.0021436214447021484
240438,normal,2213,0,1782361445.7147672,0.0019195079803466797
240439,normal,3258,1,1782361445.7168446,0.002077341079711914
240440,normal,453,0,1782361445.7187088,0.0018641948699951172
240441,normal,1890,0,1782361445.7208881,0.002179384231567383
240442,normal,2773,0,1782361445.7227018,0.001813650131225586
240443,normal,2927,0,1782361445.7248516,0.002149820327758789
240444,normal,1874,0,1782361445.7268038,0.0019521713256835938
240445,normal,3135,1,1782361445.7288454,0.0020415782928466797
240446,normal,2138,0,1782361445.7307162,0.001870870590209961
240447,normal,2445,0,1782361445.7328897,0.0021734237670898438
240448,normal,2873,0,1782361445.7347035,0.0018138885498046875
240449,normal,2038,0,1782361445.736862,0.0021584033966064453
240450,normal,1394,0,1782361445.738812,0.0019500255584716797
240451,normal,2575,0,1782361445.740846,0.0020339488983154297
240452,normal,1982,0,1782361445.7427204,0.0018744468688964844
240453,normal,583,0,1782361445.7448962,0.0021758079528808594
240454,normal,974,2,1782361445.7467043,0.00180816650390625
240455,normal,3415,0,1782361445.7488658,0.0021615028381347656
240456,normal,723,0,1782361445.7507598,0.0018939971923828125
240457,normal,2837,0,1782361445.7528474,0.0020875930786132812
240458,normal,1175,0,1782361445.754722,0.001874685287475586
240459,normal,1430,0,1782361445.756886,0.0021638870239257812
240460,normal,3586,0,1782361445.7587078,0.001821756362915039
240461,normal,2397,0,1782361445.7608492,0.0021414756774902344
240462,normal,235,0,1782361445.7628243,0.0019750595092773438
240463,normal,1807,0,1782361445.7647073,0.0018830299377441406
240464,normal,362,0,1782361445.7668724,0.002165079116821289
240465,normal,1028,2,1782361445.7687552,0.001882791519165039
240466,normal,2470,0,1782361445.770717,0.0019617080688476562
240467,normal,2125,0,1782361445.7728744,0.002157449722290039
240468,normal,143,0,1782361445.7747622,0.0018877983093261719
240469,normal,2284,0,1782361445.7768416,0.002079486846923828
240470,normal,2794,0,1782361445.7787461,0.0019044876098632812
240471,normal,3188,1,1782361445.7808821,0.0021359920501708984
240472,normal,2930,0,1782361445.7827039,0.001821756362915039
240473,normal,2706,0,1782361445.7849357,0.0022318363189697266
240474,normal,2868,0,1782361445.7867565,0.0018208026885986328
240475,normal,3666,0,1782361445.7888408,0.0020842552185058594
240476,normal,536,0,1782361445.7907329,0.00189208984375
240477,normal,959,2,1782361445.7928839,0.002151012420654297
240478,normal,3655,0,1782361445.7947133,0.001829385757446289
240479,normal,28,0,1782361445.7968824,0.0021691322326660156
240480,normal,240,0,1782361445.7987602,0.0018777847290039062
240481,normal,3437,0,1782361445.8008416,0.0020813941955566406
240482,normal,3604,0,1782361445.8027382,0.0018966197967529297
240483,normal,1782,0,1782361445.804884,0.0021457672119140625
240484,normal,3008,0,1782361445.8067093,0.0018253326416015625
240485,normal,2563,0,1782361445.8088863,0.002177000045776367
240486,normal,1774,0,1782361445.8107529,0.0018665790557861328
240487,normal,777,2,1782361445.8128552,0.002102375030517578
240488,normal,1686,0,1782361445.8147438,0.0018885135650634766
240489,normal,623,0,1782361445.8168964,0.002152681350708008
240490,normal,2581,0,1782361445.8187106,0.001814126968383789
240491,normal,2954,0,1782361445.820693,0.001982450485229492
240492,normal,1632,0,1782361445.8227365,0.002043485641479492
240493,normal,1853,0,1782361445.8246589,0.0019223690032958984
240494,normal,3301,1,1782361445.8266797,0.0020208358764648438
240495,normal,2840,0,1782361445.8287263,0.0020465850830078125
240496,normal,3205,1,1782361445.830658,0.0019316673278808594
240497,normal,1762,0,1782361445.8326793,0.002021312713623047
240498,normal,2560,0,1782361445.8347526,0.0020732879638671875
240499,normal,909,2,1782361445.8366575,0.0019049644470214844
240500,normal,3093,1,1782361445.8386788,0.002021312713623047
240501,normal,2238,0,1782361445.8407302,0.0020513534545898438
240502,normal,1136,0,1782361445.842658,0.0019278526306152344
240503,normal,2384,0,1782361445.8446815,0.002023458480834961
240504,normal,3673,0,1782361445.8467276,0.0020461082458496094
240505,normal,483,0,1782361445.848658,0.0019304752349853516
240506,normal,3634,0,1782361445.85068,0.0020220279693603516
240507,normal,1233,0,1782361445.8527572,0.0020771026611328125
240508,normal,2585,0,1782361445.8546572,0.0018999576568603516
240509,normal,2013,0,1782361445.8566833,0.002026081085205078
240510,normal,938,2,1782361445.8587348,0.0020515918731689453
240511,normal,2011,0,1782361445.860723,0.0019881725311279297
240512,normal,3214,1,1782361445.86298,0.0022568702697753906
240513,normal,1894,0,1782361445.8648615,0.0018815994262695312
240514,normal,2935,0,1782361445.866718,0.0018565654754638672
240515,normal,1404,0,1782361445.8689144,0.0021963119506835938
240516,normal,636,0,1782361445.8707514,0.001837015151977539
240517,normal,2508,0,1782361445.8727436,0.0019922256469726562
240518,normal,1435,0,1782361445.874926,0.002182483673095703
240519,normal,3534,0,1782361445.8767493,0.0018231868743896484
240520,normal,517,0,1782361445.8787043,0.0019550323486328125
240521,normal,3609,0,1782361445.8809192,0.0022149085998535156
240522,normal,2374,0,1782361445.8827653,0.0018460750579833984
240523,normal,3277,1,1782361445.8848028,0.002037525177001953
240524,normal,2212,0,1782361445.886681,0.0018782615661621094
240525,normal,748,0,1782361445.8887422,0.002061128616333008
240526,normal,384,0,1782361445.8906589,0.001916646957397461
240527,normal,3681,0,1782361445.8926783,0.0020194053649902344
240528,normal,2568,0,1782361445.8947346,0.0020563602447509766
240529,normal,522,0,1782361445.8966792,0.0019445419311523438
240530,normal,3641,0,1782361445.8986816,0.0020024776458740234
240531,normal,2370,0,1782361445.9007328,0.002051115036010742
240532,normal,372,0,1782361445.9026582,0.0019254684448242188
240533,normal,1650,0,1782361445.9046795,0.002021312713623047
240534,normal,1035,0,1782361445.9067543,0.002074718475341797
240535,normal,2179,0,1782361445.908684,0.0019297599792480469
240536,normal,3680,0,1782361445.9106834,0.001999378204345703
240537,normal,383,0,1782361445.912731,0.0020475387573242188
240538,normal,2599,0,1782361445.9146583,0.0019273757934570312
240539,normal,3030,0,1782361445.916682,0.0020236968994140625
240540,normal,1432,0,1782361445.9187338,0.002051830291748047
240541,normal,392,0,1782361445.9206784,0.0019445419311523438
240542,normal,3598,0,1782361445.9226792,0.0020008087158203125
240543,normal,2527,0,1782361445.9247384,0.0020592212677001953
240544,normal,2801,0,1782361445.9266932,0.001954793930053711
240545,normal,1953,0,1782361445.928682,0.0019888877868652344
240546,normal,2361,0,1782361445.930747,0.002064943313598633
240547,normal,1036,0,1782361445.9326813,0.0019342899322509766
240548,normal,1919,0,1782361445.9346967,0.002015352249145508
240549,normal,1967,0,1782361445.9367344,0.0020377635955810547
240550,normal,990,2,1782361445.9386775,0.0019431114196777344
240551,normal,359,0,1782361445.9406831,0.0020055770874023438
240552,normal,2236,0,1782361445.9427319,0.0020487308502197266
240553,normal,2828,0,1782361445.9446588,0.0019268989562988281
240554,normal,2588,0,1782361445.9466558,0.0019969940185546875
240555,normal,451,0,1782361445.9487364,0.002080678939819336
240556,normal,2957,0,1782361445.9506783,0.0019419193267822266
240557,normal,2325,0,1782361445.9526794,0.002001047134399414
240558,normal,1481,0,1782361445.9547586,0.0020792484283447266
240559,normal,1360,1,1782361445.9566772,0.0019185543060302734
240560,normal,1943,0,1782361445.9588773,0.0022001266479492188
240561,normal,3561,0,1782361445.9607677,0.001890420913696289
240562,normal,2747,0,1782361445.962845,0.002077341079711914
240563,normal,2846,0,1782361445.9647145,0.0018694400787353516
240564,normal,460,0,1782361445.966874,0.0021593570709228516
240565,normal,3060,1,1782361445.968705,0.0018310546875
240566,normal,3651,0,1782361445.9708593,0.0021543502807617188
240567,normal,1377,1,1782361445.9728098,0.0019505023956298828
240568,normal,952,2,1782361445.974846,0.0020360946655273438
240569,normal,2058,0,1782361445.9767077,0.0018618106842041016
240570,normal,1137,0,1782361445.9788804,0.002172708511352539
240571,normal,2267,0,1782361445.9807036,0.0018231868743896484
240572,normal,953,2,1782361445.9828606,0.002156972885131836
240573,normal,2766,0,1782361445.984753,0.0018923282623291016
240574,normal,1339,1,1782361445.9868102,0.002057313919067383
240575,normal,2344,0,1782361445.9887204,0.0019102096557617188
240576,normal,2956,0,1782361445.9908772,0.0021567344665527344
240577,normal,3678,0,1782361445.9927068,0.0018296241760253906
240578,normal,367,0,1782361445.9948924,0.0021855831146240234
240579,normal,1358,1,1782361445.9967515,0.0018591880798339844
240580,normal,740,0,1782361445.998846,0.0020945072174072266
240581,normal,2964,0,1782361446.0007243,0.0018782615661621094
240582,normal,3166,1,1782361446.0028799,0.0021555423736572266
240583,normal,109,0,1782361446.0047045,0.0018246173858642578
240584,normal,2598,0,1782361446.006876,0.0021715164184570312
240585,normal,526,0,1782361446.0087707,0.0018947124481201172
240586,normal,771,0,1782361446.0108447,0.002074003219604492
240587,normal,1776,0,1782361446.0127347,0.001889944076538086
240588,normal,1736,0,1782361446.0148811,0.002146482467651367
240589,normal,726,0,1782361446.0167048,0.0018236637115478516
240590,normal,512,0,1782361446.018844,0.0021390914916992188
240591,normal,3189,1,1782361446.0207727,0.0019288063049316406
240592,normal,1342,1,1782361446.022846,0.0020732879638671875
240593,normal,1939,0,1782361446.024736,0.001889944076538086
240594,normal,1021,2,1782361446.0268762,0.0021402835845947266
240595,normal,1003,2,1782361446.0287056,0.001829385757446289
240596,normal,893,2,1782361446.0308807,0.0021750926971435547
240597,normal,405,0,1782361446.0327835,0.0019028186798095703
240598,normal,1750,0,1782361446.034846,0.002062559127807617
240599,normal,2252,0,1782361446.0367365,0.001890420913696289
240600,normal,2667,0,1782361446.0388792,0.002142667770385742
240601,normal,3224,1,1782361446.0407038,0.0018246173858642578
240602,normal,1169,0,1782361446.042889,0.002185344696044922
240603,normal,2926,0,1782361446.044754,0.0018649101257324219
240604,normal,2617,0,1782361446.0468447,0.0020906925201416016
240605,normal,2485,0,1782361446.048744,0.0018992424011230469
240606,normal,685,0,1782361446.0508866,0.002142667770385742
240607,normal,2999,0,1782361446.0527034,0.0018167495727539062
240608,normal,1087,0,1782361446.054894,0.0021905899047851562
240609,normal,960,2,1782361446.0567474,0.0018534660339355469
240610,normal,2375,0,1782361446.0588467,0.002099275588989258
240611,normal,2358,0,1782361446.0607567,0.0019099712371826172
240612,normal,3533,0,1782361446.062812,0.0020554065704345703
240613,normal,2132,0,1782361446.0648582,0.0020461082458496094
240614,normal,1293,0,1782361446.0667527,0.0018944740295410156
240615,normal,2098,0,1782361446.0688906,0.002137899398803711
240616,normal,3607,0,1782361446.070702,0.0018115043640136719
240617,normal,2680,0,1782361446.072903,0.0022008419036865234
240618,normal,1923,0,1782361446.0747368,0.0018339157104492188
240619,normal,2962,0,1782361446.0768478,0.0021109580993652344
240620,normal,1506,0,1782361446.0787568,0.001909017562866211
240621,normal,1577,0,1782361446.0807655,0.002008676528930664
240622,normal,327,0,1782361446.0830357,0.002270221710205078
240623,normal,3097,1,1782361446.0846841,0.0016484260559082031
240624,normal,1504,0,1782361446.086713,0.002028942108154297
240625,normal,3417,0,1782361446.0886836,0.001970529556274414
240626,normal,1359,1,1782361446.0906904,0.0020067691802978516
240627,normal,1423,0,1782361446.0926979,0.0020074844360351562
240628,normal,3658,0,1782361446.0946915,0.0019936561584472656
240629,normal,1150,0,1782361446.0966578,0.001966238021850586
240630,normal,800,2,1782361446.0986934,0.0020356178283691406
240631,normal,1831,0,1782361446.100658,0.001964569091796875
240632,normal,373,0,1782361446.10268,0.0020220279693603516
240633,normal,1251,0,1782361446.1047022,0.002022266387939453
240634,normal,2210,0,1782361446.106679,0.0019767284393310547
240635,normal,2172,0,1782361446.1086824,0.0020034313201904297
240636,normal,847,2,1782361446.1107273,0.0020449161529541016
240637,normal,1960,0,1782361446.1126776,0.0019502639770507812
240638,normal,742,0,1782361446.114656,0.0019783973693847656
240639,normal,125,0,1782361446.1166933,0.0020372867584228516
240640,normal,3421,0,1782361446.1186805,0.0019872188568115234
240641,normal,2336,0,1782361446.1206844,0.002003908157348633
240642,normal,2564,0,1782361446.122698,0.002013683319091797
240643,normal,2890,0,1782361446.1246808,0.0019826889038085938
240644,normal,3589,0,1782361446.126678,0.001997232437133789
240645,normal,3043,0,1782361446.1287441,0.0020661354064941406
240646,normal,2273,0,1782361446.1308692,0.0021250247955322266
240647,normal,137,0,1782361446.1327598,0.0018906593322753906
240648,normal,2165,0,1782361446.1347795,0.002019643783569336
240649,normal,54,0,1782361446.1366303,0.0018508434295654297
240650,normal,2155,0,1782361446.1386502,0.0020198822021484375
240651,normal,1912,0,1782361446.1407309,0.002080678939819336
240652,normal,2643,0,1782361446.1427095,0.001978635787963867
240653,normal,2035,0,1782361446.1446514,0.0019419193267822266
240654,normal,1623,0,1782361446.1467378,0.0020864009857177734
240655,normal,1708,0,1782361446.1487021,0.0019643306732177734
240656,normal,72,0,1782361446.1506515,0.001949310302734375
240657,normal,1269,0,1782361446.152733,0.002081632614135742
240658,normal,3630,0,1782361446.154701,0.001967906951904297
240659,normal,3204,1,1782361446.1566508,0.0019497871398925781
240660,normal,61,0,1782361446.1587284,0.0020775794982910156
240661,normal,1997,0,1782361446.1609309,0.0022025108337402344
240662,normal,3122,1,1782361446.1627922,0.0018613338470458984
240663,normal,412,0,1782361446.1648788,0.002086639404296875
240664,normal,260,0,1782361446.1667361,0.0018572807312011719
240665,normal,1921,0,1782361446.1687903,0.0020542144775390625
240666,normal,978,2,1782361446.170867,0.0020766258239746094
240667,normal,318,0,1782361446.1727173,0.0018503665924072266
240668,normal,3260,1,1782361446.1746862,0.001968860626220703
240669,normal,1318,0,1782361446.1768293,0.0021431446075439453
240670,normal,1161,0,1782361446.178726,0.0018966197967529297
240671,normal,580,0,1782361446.1806953,0.0019693374633789062
240672,normal,2609,0,1782361446.1828523,0.002156972885131836
240673,normal,2673,0,1782361446.1847236,0.001871347427368164
240674,normal,3514,0,1782361446.186692,0.0019683837890625
240675,normal,469,0,1782361446.188874,0.0021820068359375
240676,normal,2294,0,1782361446.190731,0.0018570423126220703
240677,normal,1219,0,1782361446.1927013,0.0019702911376953125
240678,normal,2937,0,1782361446.1948657,0.0021643638610839844
240679,normal,2952,0,1782361446.1967213,0.001855611801147461
240680,normal,707,0,1782361446.1986969,0.001975536346435547
240681,normal,2885,0,1782361446.2008584,0.0021615028381347656
240682,normal,3116,1,1782361446.2027245,0.0018661022186279297
240683,normal,1295,0,1782361446.204702,0.0019774436950683594
240684,normal,1427,0,1782361446.2068763,0.00217437744140625
240685,normal,1156,0,1782361446.2087336,0.0018572807312011719
240686,normal,676,0,1782361446.210701,0.0019674301147460938
240687,normal,2953,0,1782361446.212857,0.0021560192108154297
240688,normal,2865,0,1782361446.2147233,0.0018663406372070312
240689,normal,1513,0,1782361446.2167027,0.001979351043701172
240690,normal,1436,0,1782361446.218862,0.0021593570709228516
240691,normal,1606,0,1782361446.220723,0.0018608570098876953
240692,normal,3575,0,1782361446.2227051,0.0019822120666503906
240693,normal,3558,0,1782361446.2248566,0.0021514892578125
240694,normal,465,0,1782361446.2267914,0.0019347667694091797
240695,normal,2849,0,1782361446.2286823,0.0018908977508544922
240696,normal,2593,0,1782361446.2307255,0.0020432472229003906
240697,normal,3032,0,1782361446.2326994,0.001973867416381836
240698,normal,3684,0,1782361446.2346783,0.0019788742065429688
240699,normal,3366,1,1782361446.236717,0.002038717269897461
240700,normal,3045,1,1782361446.238655,0.0019381046295166016
240701,normal,1520,0,1782361446.2406583,0.002003192901611328
240702,normal,3129,1,1782361446.2427473,0.0020890235900878906
240703,normal,966,2,1782361446.2446544,0.0019071102142333984
240704,normal,628,0,1782361446.246683,0.0020284652709960938
240705,normal,3003,0,1782361446.2487314,0.002048492431640625
240706,normal,23,0,1782361446.2506878,0.001956462860107422
240707,normal,804,2,1782361446.252684,0.001996278762817383
240708,normal,1802,0,1782361446.2547312,0.0020470619201660156
240709,normal,1158,0,1782361446.2566886,0.001957416534423828
240710,normal,3196,1,1782361446.2587056,0.0020170211791992188
240711,normal,378,0,1782361446.2608984,0.0021927356719970703
240712,normal,2586,0,1782361446.2627175,0.0018191337585449219
240713,normal,284,0,1782361446.264868,0.0021505355834960938
240714,normal,3470,0,1782361446.2668986,0.002030611038208008
240715,normal,3524,0,1782361446.2687318,0.001833200454711914
240716,normal,2757,0,1782361446.2707343,0.0020024776458740234
240717,normal,933,2,1782361446.2728684,0.002134084701538086
240718,normal,1641,0,1782361446.2747352,0.0018668174743652344
240719,normal,2958,0,1782361446.2767336,0.001998424530029297
240720,normal,3498,0,1782361446.2788672,0.002133607864379883
240721,normal,1485,0,1782361446.280724,0.0018568038940429688
240722,normal,3426,0,1782361446.2827384,0.0020143985748291016
240723,normal,2352,0,1782361446.2848976,0.00215911865234375
240724,normal,2798,0,1782361446.2867193,0.001821756362915039
240725,normal,1713,0,1782361446.288835,0.0021157264709472656
240726,normal,3009,0,1782361446.2909245,0.0020895004272460938
240727,normal,3139,1,1782361446.2927275,0.0018029212951660156
240728,normal,2521,0,1782361446.2947328,0.002005338668823242
240729,normal,977,2,1782361446.29691,0.0021772384643554688
240730,normal,3320,1,1782361446.298691,0.0017809867858886719
240731,normal,1031,0,1782361446.3007338,0.0020427703857421875
240732,normal,1029,2,1782361446.3028681,0.0021343231201171875
240733,normal,828,2,1782361446.3047228,0.0018546581268310547
240734,normal,293,0,1782361446.306734,0.0020112991333007812
240735,normal,562,0,1782361446.3088598,0.0021257400512695312
240736,normal,2455,0,1782361446.3107564,0.0018966197967529297
240737,normal,794,2,1782361446.3126383,0.0018818378448486328
240738,normal,391,0,1782361446.3147216,0.002083301544189453
240739,normal,3107,1,1782361446.3167324,0.002010822296142578
240740,normal,156,0,1782361446.3186383,0.0019059181213378906
240741,normal,2290,0,1782361446.3207328,0.0020945072174072266
240742,normal,2545,0,1782361446.3227298,0.0019969940185546875
240743,normal,3186,1,1782361446.3246405,0.0019106864929199219
240744,normal,96,0,1782361446.3267179,0.002077341079711914
240745,normal,3443,0,1782361446.328724,0.002006053924560547
240746,normal,3002,0,1782361446.3306344,0.0019104480743408203
240747,normal,2634,0,1782361446.3327096,0.0020751953125
240748,normal,2146,0,1782361446.3347206,0.0020110607147216797
240749,normal,2282,0,1782361446.3366354,0.0019147396087646484
240750,normal,1276,0,1782361446.338719,0.0020835399627685547
240751,normal,1706,0,1782361446.3407273,0.0020084381103515625
240752,normal,3302,1,1782361446.3426332,0.0019059181213378906
240753,normal,3038,0,1782361446.3447075,0.0020742416381835938
240754,normal,1258,0,1782361446.3467212,0.002013683319091797
240755,normal,3451,0,1782361446.3489444,0.0022232532501220703
240756,normal,3618,0,1782361446.3507085,0.001764059066772461
240757,normal,1612,0,1782361446.3527086,0.002000093460083008
240758,normal,3197,1,1782361446.3547509,0.0020422935485839844
240759,normal,3020,0,1782361446.3567584,0.0020074844360351562
240760,normal,754,0,1782361446.3586156,0.0018572807312011719
240761,normal,114,0,1782361446.360737,0.002121448516845703
240762,normal,1073,0,1782361446.3628733,0.00213623046875
240763,normal,2717,0,1782361446.3646586,0.0017852783203125
240764,normal,440,0,1782361446.3666494,0.001990795135498047
240765,normal,3404,0,1782361446.368626,0.0019767284393310547
240766,normal,3547,0,1782361446.370634,0.0020079612731933594
240767,normal,1951,0,1782361446.372631,0.0019969940185546875
240768,normal,2064,0,1782361446.3746297,0.0019986629486083984
240769,normal,2416,0,1782361446.376801,0.0021712779998779297
240770,normal,3159,1,1782361446.3788328,0.0020318031311035156
240771,normal,340,0,1782361446.3807595,0.0019266605377197266
240772,normal,501,0,1782361446.3826833,0.0019237995147705078
240773,normal,3359,1,1782361446.3846993,0.0020160675048828125
240774,normal,2081,0,1782361446.38664,0.0019407272338867188
240775,normal,674,0,1782361446.388639,0.0019989013671875
240776,normal,1334,1,1782361446.3907206,0.002081632614135742
240777,normal,3620,0,1782361446.3927221,0.002001523971557617
240778,normal,2057,0,1782361446.3946059,0.0018837451934814453
240779,normal,1241,0,1782361446.3968618,0.0022559165954589844
240780,normal,2896,0,1782361446.3987412,0.0018794536590576172
240781,normal,2657,0,1782361446.4006124,0.0018711090087890625
240782,normal,532,0,1782361446.402905,0.002292633056640625
240783,normal,1503,0,1782361446.4048657,0.00196075439453125
240784,normal,2167,0,1782361446.406708,0.0018422603607177734
240785,normal,1992,0,1782361446.4089103,0.002202272415161133
240786,normal,241,0,1782361446.410874,0.0019636154174804688
240787,normal,2854,0,1782361446.412684,0.0018100738525390625
240788,normal,2135,0,1782361446.4149094,0.0022253990173339844
240789,normal,3460,0,1782361446.4168513,0.0019419193267822266
240790,normal,2483,0,1782361446.4187038,0.0018525123596191406
240791,normal,1046,0,1782361446.4209325,0.0022287368774414062
240792,normal,787,2,1782361446.4228938,0.001961231231689453
240793,normal,3325,1,1782361446.424683,0.0017893314361572266
240794,normal,426,0,1782361446.4269063,0.0022232532501220703
240795,normal,3055,1,1782361446.4288545,0.0019481182098388672
240796,normal,1448,0,1782361446.4307,0.0018455982208251953
240797,normal,27,0,1782361446.4327462,0.0020461082458496094
240798,normal,2574,0,1782361446.434858,0.0021119117736816406
240799,normal,2627,0,1782361446.436703,0.0018448829650878906
240800,normal,2319,0,1782361446.4388888,0.002185821533203125
240801,normal,3458,0,1782361446.4408476,0.0019588470458984375
240802,normal,657,0,1782361446.4427106,0.0018630027770996094
240803,normal,2681,0,1782361446.4448922,0.002181529998779297
240804,normal,191,0,1782361446.4469051,0.002012968063354492
240805,normal,242,0,1782361446.448703,0.0017979145050048828
240806,normal,1764,0,1782361446.4507544,0.0020513534545898438
240807,normal,1220,0,1782361446.4528801,0.0021257400512695312
240808,normal,2126,0,1782361446.4546814,0.0018012523651123047
240809,normal,1780,0,1782361446.4566786,0.001997232437133789
240810,normal,3011,0,1782361446.4587514,0.0020728111267089844
240811,normal,2628,0,1782361446.4606082,0.0018568038940429688
240812,normal,353,0,1782361446.462732,0.0021238327026367188
240813,normal,2629,0,1782361446.464726,0.001993894577026367
240814,normal,502,0,1782361446.466697,0.001971006393432617
240815,normal,2180,0,1782361446.4689085,0.0022115707397460938
240816,normal,41,0,1782361446.4708428,0.0019342899322509766
240817,normal,2130,0,1782361446.4727075,0.0018646717071533203
240818,normal,827,2,1782361446.4748833,0.0021758079528808594
240819,normal,1038,0,1782361446.4767463,0.0018630027770996094
240820,normal,1549,0,1782361446.4786232,0.0018768310546875
240821,normal,2433,0,1782361446.480651,0.002027750015258789
240822,normal,185,0,1782361446.4827187,0.0020678043365478516
240823,normal,2936,0,1782361446.4846134,0.0018947124481201172
240824,normal,2251,0,1782361446.486725,0.002111673355102539
240825,normal,519,0,1782361446.4887094,0.0019843578338623047
240826,normal,2276,0,1782361446.4906108,0.001901388168334961
240827,normal,812,2,1782361446.4926357,0.0020248889923095703
240828,normal,3584,0,1782361446.4946237,0.001987934112548828
240829,normal,3075,1,1782361446.4966319,0.002008199691772461
240830,normal,1505,0,1782361446.4986298,0.0019979476928710938
240831,normal,2867,0,1782361446.5006204,0.0019905567169189453
240832,normal,1363,1,1782361446.502711,0.0020906925201416016
240833,normal,374,0,1782361446.5046158,0.0019047260284423828
240834,normal,3272,1,1782361446.5066378,0.0020220279693603516
240835,normal,2270,0,1782361446.508634,0.001996278762817383
240836,normal,3199,1,1782361446.5106292,0.001995086669921875
240837,normal,2067,0,1782361446.5126317,0.0020024776458740234
240838,normal,697,0,1782361446.5146284,0.001996755599975586
240839,normal,1973,0,1782361446.516708,0.002079486846923828
240840,normal,3640,0,1782361446.5186346,0.0019266605377197266
240841,normal,556,0,1782361446.520633,0.001998424530029297
240842,normal,2556,0,1782361446.5227096,0.0020766258239746094
240843,normal,3642,0,1782361446.5246358,0.0019261837005615234
240844,normal,1392,0,1782361446.5266278,0.0019919872283935547
240845,normal,1663,0,1782361446.528634,0.0020062923431396484
240846,normal,134,0,1782361446.5306225,0.0019884109497070312
240847,normal,494,0,1782361446.5326192,0.001996755599975586
240848,normal,1892,0,1782361446.534631,0.0020117759704589844
240849,normal,3095,1,1782361446.5366182,0.0019872188568115234
240850,normal,1463,0,1782361446.5386176,0.001999378204345703
240851,normal,2951,0,1782361446.5406282,0.0020105838775634766
240852,normal,862,2,1782361446.5426164,0.0019881725311279297
240853,normal,161,0,1782361446.5446205,0.0020041465759277344
240854,normal,417,0,1782361446.5466297,0.002009153366088867
240855,normal,150,0,1782361446.5486228,0.0019931793212890625
240856,normal,1995,0,1782361446.5506203,0.0019974708557128906
240857,normal,1405,0,1782361446.5526323,0.002012014389038086
240858,normal,375,0,1782361446.5546167,0.0019843578338623047
240859,normal,530,0,1782361446.556618,0.0020012855529785156
240860,normal,1088,0,1782361446.5586343,0.002016305923461914
240861,normal,3550,0,1782361446.560623,0.001988649368286133
240862,normal,1924,0,1782361446.5626838,0.0020608901977539062
240863,normal,176,0,1782361446.5646434,0.001959562301635742
240864,normal,1227,0,1782361446.5666244,0.001981019973754883
240865,normal,2799,0,1782361446.5686316,0.0020072460174560547
240866,normal,2381,0,1782361446.5706365,0.002004861831665039
240867,normal,105,0,1782361446.5726254,0.0019888877868652344
240868,normal,288,0,1782361446.5746307,0.002005338668823242
240869,normal,1262,0,1782361446.5767188,0.0020880699157714844
240870,normal,2932,0,1782361446.578712,0.0019931793212890625
240871,normal,1730,0,1782361446.580658,0.0019459724426269531
240872,normal,2869,0,1782361446.582644,0.0019860267639160156
240873,normal,292,0,1782361446.5846226,0.001978635787963867
240874,normal,539,0,1782361446.5866284,0.0020058155059814453
240875,normal,3605,0,1782361446.5886235,0.001995086669921875
240876,normal,3040,0,1782361446.59062,0.0019965171813964844
240877,normal,237,0,1782361446.5926316,0.002011537551879883
240878,normal,2597,0,1782361446.5946474,0.002015829086303711
240879,normal,528,0,1782361446.5966346,0.0019872188568115234
240880,normal,1855,0,1782361446.5986571,0.0020225048065185547
240881,normal,3229,1,1782361446.6006062,0.0019490718841552734
240882,normal,98,0,1782361446.6026216,0.002015352249145508
240883,normal,1455,0,1782361446.6046293,0.002007722854614258
240884,normal,2446,0,1782361446.6066344,0.0020051002502441406
240885,normal,3549,0,1782361446.6086178,0.0019834041595458984
240886,normal,49,0,1782361446.6106265,0.002008676528930664
240887,normal,770,0,1782361446.612626,0.0019996166229248047
240888,normal,982,2,1782361446.6146188,0.0019927024841308594
240889,normal,2491,0,1782361446.6166348,0.0020160675048828125
240890,normal,801,2,1782361446.6186247,0.0019898414611816406
240891,normal,1822,0,1782361446.620619,0.0019943714141845703
240892,normal,2062,0,1782361446.6226332,0.00201416015625
240893,normal,249,0,1782361446.6246252,0.0019919872283935547
240894,normal,1580,0,1782361446.6266189,0.0019936561584472656
240895,normal,115,0,1782361446.6286292,0.002010345458984375
240896,normal,275,0,1782361446.630632,0.002002716064453125
240897,normal,2385,0,1782361446.632618,0.0019860267639160156
240898,normal,168,0,1782361446.6346302,0.0020122528076171875
240899,normal,2202,0,1782361446.636632,0.0020017623901367188
240900,normal,2318,0,1782361446.6386225,0.0019905567169189453
240901,normal,3372,1,1782361446.64063,0.0020074844360351562
240902,normal,2434,0,1782361446.6426437,0.002013683319091797
240903,normal,2145,0,1782361446.6446402,0.0019965171813964844
240904,normal,1598,0,1782361446.6466308,0.0019905567169189453
240905,normal,3701,0,1782361446.6486297,0.0019989013671875
240906,normal,329,0,1782361446.650622,0.0019922256469726562
240907,normal,1116,0,1782361446.6526237,0.0020017623901367188
240908,normal,2015,0,1782361446.6546462,0.0020225048065185547
240909,normal,2842,0,1782361446.656613,0.0019669532775878906
240910,normal,3418,0,1782361446.6586287,0.0020155906677246094
240911,normal,1878,0,1782361446.6606328,0.0020041465759277344
240912,normal,842,2,1782361446.662627,0.0019941329956054688
240913,normal,1272,0,1782361446.6647167,0.0020897388458251953
240914,normal,428,0,1782361446.6666112,0.0018944740295410156
240915,normal,396,0,1782361446.6686234,0.0020122528076171875
240916,normal,3669,0,1782361446.6706321,0.002008676528930664
240917,normal,3614,0,1782361446.6726289,0.001996755599975586
240918,normal,3248,1,1782361446.67463,0.002001047134399414
240919,normal,411,0,1782361446.6766317,0.0020017623901367188
240920,normal,3511,0,1782361446.6786292,0.0019974708557128906
240921,normal,1904,0,1782361446.6806219,0.0019927024841308594
240922,normal,2528,0,1782361446.6839216,0.003299713134765625
240923,normal,2097,0,1782361446.6848605,0.0009388923645019531
240924,normal,766,0,1782361446.6867025,0.0018420219421386719
240925,normal,996,2,1782361446.6888516,0.0021491050720214844
240926,normal,3182,1,1782361446.6906447,0.0017931461334228516
240927,normal,3158,1,1782361446.6927216,0.002076864242553711
240928,normal,1472,0,1782361446.6947527,0.002031087875366211
240929,normal,3569,0,1782361446.6970844,0.0023317337036132812
240930,normal,335,0,1782361446.698701,0.0016164779663085938
240931,normal,298,0,1782361446.7008646,0.0021636486053466797
240932,normal,220,0,1782361446.7026958,0.0018312931060791016
240933,normal,493,0,1782361446.7048573,0.0021615028381347656
240934,normal,3223,1,1782361446.7067053,0.001847982406616211
240935,normal,948,2,1782361446.7088633,0.002157926559448242
240936,normal,1844,0,1782361446.7106912,0.0018279552459716797
240937,normal,3648,0,1782361446.7128015,0.0021102428436279297
240938,normal,765,0,1782361446.7146554,0.00185394287109375
240939,normal,1102,0,1782361446.716645,0.001989603042602539
240940,normal,182,0,1782361446.7186327,0.0019876956939697266
240941,normal,2191,0,1782361446.7206314,0.0019986629486083984
240942,normal,1469,0,1782361446.7226195,0.0019881725311279297
240943,normal,2541,0,1782361446.7246199,0.0020003318786621094
240944,normal,3383,1,1782361446.726631,0.0020110607147216797
240945,normal,3500,0,1782361446.728703,0.0020720958709716797
240946,normal,3096,1,1782361446.7306385,0.0019354820251464844
240947,normal,577,0,1782361446.7326326,0.0019941329956054688
240948,normal,1718,0,1782361446.7346184,0.001985788345336914
240949,normal,2790,0,1782361446.7366283,0.002009868621826172
240950,normal,2752,0,1782361446.7386308,0.0020024776458740234
240951,normal,434,0,1782361446.7406304,0.0019996166229248047
240952,normal,376,0,1782361446.7426069,0.001976490020751953
240953,normal,2851,0,1782361446.7446342,0.002027273178100586
240954,normal,2295,0,1782361446.7466216,0.001987457275390625
240955,normal,1069,0,1782361446.7486246,0.0020029544830322266
240956,normal,1980,0,1782361446.7506258,0.0020012855529785156
240957,normal,3623,0,1782361446.7526343,0.0020084381103515625
240958,normal,2737,0,1782361446.754776,0.002141714096069336
240959,normal,2237,0,1782361446.7567463,0.0019702911376953125
240960,normal,2203,0,1782361446.7587812,0.002034902572631836
240961,normal,1196,0,1782361446.7607014,0.0019202232360839844
240962,normal,2492,0,1782361446.762777,0.002075672149658203
240963,normal,1437,0,1782361446.7648566,0.002079486846923828
240964,normal,1208,0,1782361446.766732,0.0018754005432128906
240965,normal,1198,0,1782361446.7687478,0.002015829086303711
240966,normal,2976,0,1782361446.77087,0.002122163772583008
240967,normal,3125,1,1782361446.7727053,0.0018353462219238281
240968,normal,1532,0,1782361446.7749445,0.002239227294921875
240969,normal,121,0,1782361446.7767408,0.0017962455749511719
240970,normal,2678,0,1782361446.7788577,0.0021169185638427734
240971,normal,1099,0,1782361446.780754,0.0018963813781738281
240972,normal,2083,0,1782361446.7828383,0.0020842552185058594
240973,normal,448,0,1782361446.7847066,0.0018682479858398438
240974,normal,1827,0,1782361446.7867672,0.0020606517791748047
240975,normal,3621,0,1782361446.788817,0.002049684524536133
240976,normal,967,2,1782361446.7906232,0.0018062591552734375
240977,normal,1356,1,1782361446.7926497,0.0020265579223632812
240978,normal,586,0,1782361446.7946343,0.0019845962524414062
240979,normal,3699,0,1782361446.7966294,0.001995086669921875
240980,normal,2285,0,1782361446.7986288,0.001999378204345703
240981,normal,264,0,1782361446.8006167,0.001987934112548828
240982,normal,3597,0,1782361446.8026216,0.002004861831665039
240983,normal,430,0,1782361446.80463,0.0020084381103515625
240984,normal,2260,0,1782361446.8066323,0.002002239227294922
240985,normal,1754,0,1782361446.8086276,0.0019953250885009766
240986,normal,2973,0,1782361446.8106267,0.0019991397857666016
240987,normal,2530,0,1782361446.8126194,0.0019927024841308594
240988,normal,1174,0,1782361446.814634,0.002014636993408203
240989,normal,369,0,1782361446.8166292,0.001995086669921875
240990,normal,355,0,1782361446.8186142,0.0019850730895996094
240991,normal,1410,0,1782361446.8206236,0.0020093917846679688
240992,normal,3099,1,1782361446.8226266,0.0020029544830322266
240993,normal,1265,0,1782361446.8246195,0.001992940902709961
240994,normal,1418,0,1782361446.8267226,0.002103090286254883
240995,normal,1724,0,1782361446.8286042,0.0018815994262695312
240996,normal,3328,1,1782361446.8306222,0.002017974853515625
240997,normal,838,2,1782361446.8326294,0.0020072460174560547
240998,normal,2901,0,1782361446.8346436,0.00201416015625
240999,normal,3078,1,1782361446.836638,0.0019943714141845703
241000,normal,2428,0,1782361446.838626,0.001987934112548828
241001,normal,110,0,1782361446.8406236,0.001997709274291992
241002,normal,3692,0,1782361446.8426132,0.001989603042602539
241003,normal,2573,0,1782361446.844624,0.002010822296142578
241004,normal,1662,0,1782361446.8466258,0.0020017623901367188
241005,normal,3173,1,1782361446.8486142,0.0019884109497070312
241006,normal,1808,0,1782361446.8506196,0.002005338668823242
241007,normal,394,0,1782361446.8526204,0.0020008087158203125
241008,normal,2921,0,1782361446.8546126,0.0019922256469726562
241009,normal,1969,0,1782361446.8566136,0.002001047134399414
241010,normal,3044,0,1782361446.858628,0.0020143985748291016
241011,normal,3457,0,1782361446.8606253,0.001997232437133789
241012,normal,3452,0,1782361446.8626223,0.0019969940185546875
241013,normal,3576,0,1782361446.8646255,0.002003192901611328
241014,normal,592,0,1782361446.8666155,0.001990079879760742
241015,normal,1283,0,1782361446.868611,0.001995563507080078
241016,normal,1697,0,1782361446.8707263,0.0021152496337890625
241017,normal,1321,1,1782361446.872636,0.0019097328186035156
241018,normal,986,2,1782361446.8746283,0.0019922256469726562
241019,normal,385,0,1782361446.8766248,0.0019965171813964844
241020,normal,3157,1,1782361446.8787162,0.0020914077758789062
241021,normal,1277,0,1782361446.8806067,0.001890420913696289
241022,normal,1206,0,1782361446.8827329,0.0021262168884277344
241023,normal,2929,0,1782361446.8847072,0.001974344253540039
241024,normal,1810,0,1782361446.8866408,0.0019335746765136719
241025,normal,1253,0,1782361446.8886323,0.0019915103912353516
241026,normal,2487,0,1782361446.890622,0.001989603042602539
241027,normal,290,0,1782361446.8926294,0.0020074844360351562
241028,normal,574,0,1782361446.894625,0.001995563507080078
241029,normal,339,0,1782361446.8966143,0.0019893646240234375
241030,normal,413,0,1782361446.8986247,0.002010345458984375
241031,normal,1091,0,1782361446.9006228,0.0019981861114501953
241032,normal,3535,0,1782361446.9026203,0.0019974708557128906
241033,normal,3600,0,1782361446.9046276,0.0020072460174560547
241034,normal,3554,0,1782361446.9066267,0.0019991397857666016
241035,normal,1823,0,1782361446.908641,0.0020143985748291016
241036,normal,62,0,1782361446.910625,0.0019838809967041016
241037,normal,3570,0,1782361446.9126236,0.0019986629486083984
241038,normal,3703,0,1782361446.9146128,0.001989126205444336
241039,normal,3022,0,1782361446.9166265,0.002013683319091797
241040,normal,2326,0,1782361446.9186175,0.0019910335540771484
241041,normal,19,0,1782361446.920619,0.002001523971557617
241042,normal,68,0,1782361446.922623,0.002003908157348633
241043,normal,1337,1,1782361446.924626,0.002003192901611328
241044,normal,3683,0,1782361446.9266121,0.0019860267639160156
241045,normal,2413,0,1782361446.9286232,0.0020110607147216797
241046,normal,3523,0,1782361446.9306152,0.0019919872283935547
241047,normal,2394,0,1782361446.9326246,0.0020093917846679688
241048,normal,67,0,1782361446.9346235,0.0019989013671875
241049,normal,2986,0,1782361446.9366295,0.002006053924560547
241050,normal,2899,0,1782361446.9386148,0.001985311508178711
241051,normal,3456,0,1782361446.9406245,0.0020096302032470703
241052,normal,980,2,1782361446.9426281,0.0020036697387695312
241053,normal,989,2,1782361446.944616,0.001987934112548828
241054,normal,1819,0,1782361446.94663,0.0020139217376708984
241055,normal,1235,0,1782361446.9486463,0.002016305923461914
241056,normal,706,0,1782361446.9506173,0.001971006393432617
241057,normal,677,0,1782361446.9526267,0.0020093917846679688
241058,normal,895,2,1782361446.9546309,0.0020041465759277344
241059,normal,1050,0,1782361446.9566154,0.0019845962524414062
241060,normal,1765,0,1782361446.958625,0.0020096302032470703
241061,normal,2928,0,1782361446.9606326,0.0020074844360351562
241062,normal,3171,1,1782361446.9626398,0.0020072460174560547
241063,normal,3266,1,1782361446.9646235,0.001983642578125
241064,normal,505,0,1782361446.9666216,0.0019981861114501953
241065,normal,985,2,1782361446.968618,0.001996278762817383
241066,normal,3238,1,1782361446.9706295,0.002011537551879883
241067,normal,1151,0,1782361446.9727046,0.0020751953125
241068,normal,50,0,1782361446.9746306,0.0019259452819824219
241069,normal,719,0,1782361446.976624,0.001993417739868164
241070,normal,3149,1,1782361446.9786253,0.0020012855529785156
241071,normal,1129,0,1782361446.9806187,0.001993417739868164
241072,normal,2472,0,1782361446.9826393,0.002020597457885742
241073,normal,3664,0,1782361446.9846225,0.001983165740966797
241074,normal,1465,0,1782361446.9866207,0.0019981861114501953
241075,normal,964,2,1782361446.9886284,0.002007722854614258
241076,normal,1743,0,1782361446.9906251,0.001996755599975586
241077,normal,2993,0,1782361446.9926162,0.0019910335540771484
241078,normal,1279,0,1782361446.9946206,0.002004384994506836
241079,normal,2949,0,1782361446.9966257,0.0020051002502441406
241080,normal,2902,0,1782361446.9986155,0.0019898414611816406
241081,normal,3029,0,1782361447.0006113,0.0019958019256591797
241082,normal,973,2,1782361447.002626,0.002014636993408203
241083,normal,2827,0,1782361447.0046184,0.001992464065551758
241084,normal,981,2,1782361447.0066285,0.0020101070404052734
241085,normal,1682,0,1782361447.0086238,0.0019953250885009766
241086,normal,1063,0,1782361447.0107014,0.0020775794982910156
241087,normal,1044,0,1782361447.0126407,0.0019392967224121094
241088,normal,681,0,1782361447.01463,0.0019893646240234375
241089,normal,2010,0,1782361447.0166152,0.0019850730895996094
241090,normal,2256,0,1782361447.0186315,0.002016305923461914
241091,normal,1915,0,1782361447.0206282,0.001996755599975586
241092,normal,3308,1,1782361447.022618,0.0019898414611816406
241093,normal,129,0,1782361447.0246258,0.002007722854614258
241094,normal,1728,0,1782361447.026638,0.0020122528076171875
241095,normal,1160,0,1782361447.0286193,0.0019812583923339844
241096,normal,2610,0,1782361447.030631,0.0020117759704589844
241097,normal,700,0,1782361447.032625,0.001993894577026367
241098,normal,345,0,1782361447.0346248,0.0019998550415039062
241099,normal,443,0,1782361447.0366426,0.0020177364349365234
241100,normal,1893,0,1782361447.0386221,0.0019795894622802734
241101,normal,1624,0,1782361447.0406168,0.001994609832763672
241102,normal,1107,0,1782361447.0426238,0.002007007598876953
241103,normal,2965,0,1782361447.0446258,0.0020020008087158203
241104,normal,1053,0,1782361447.0466166,0.001990795135498047
241105,normal,1211,0,1782361447.048626,0.0020093917846679688
241106,normal,949,2,1782361447.050622,0.0019960403442382812
241107,normal,2612,0,1782361447.0526102,0.0019881725311279297
241108,normal,2402,0,1782361447.0546227,0.002012491226196289
241109,normal,2055,0,1782361447.0566275,0.002004861831665039
241110,normal,1171,0,1782361447.0586944,0.0020668506622314453
241111,normal,3479,0,1782361447.060639,0.0019445419311523438
241112,normal,3495,0,1782361447.0626318,0.001992940902709961
241113,normal,1684,0,1782361447.0646257,0.001993894577026367
241114,normal,608,0,1782361447.0666263,0.002000570297241211
241115,normal,3169,1,1782361447.0686328,0.00200653076171875
241116,normal,3295,1,1782361447.0706232,0.0019903182983398438
241117,normal,3388,1,1782361447.0726182,0.001995086669921875
241118,normal,825,2,1782361447.0746417,0.002023458480834961
241119,normal,2323,0,1782361447.0767193,0.0020775794982910156
241120,normal,162,0,1782361447.078633,0.0019137859344482422
241121,normal,1862,0,1782361447.0806365,0.0020034313201904297
241122,normal,2343,0,1782361447.0826197,0.001983165740966797
241123,normal,2033,0,1782361447.0846474,0.002027750015258789
241124,normal,1753,0,1782361447.0866246,0.001977205276489258
241125,normal,3565,0,1782361447.088623,0.001998424530029297
241126,normal,1665,0,1782361447.0906932,0.002070188522338867
241127,normal,416,0,1782361447.0926368,0.0019435882568359375
241128,normal,1661,0,1782361447.0946183,0.001981496810913086
241129,normal,3276,1,1782361447.0966256,0.0020072460174560547
241130,normal,3628,0,1782361447.0986273,0.0020017623901367188
241131,normal,2969,0,1782361447.1006234,0.0019960403442382812
241132,normal,1415,0,1782361447.1026194,0.0019960403442382812
241133,normal,1519,0,1782361447.104628,0.002008676528930664
241134,normal,894,2,1782361447.1067116,0.0020835399627685547
241135,normal,2577,0,1782361447.1086361,0.0019245147705078125
241136,normal,101,0,1782361447.1106274,0.00199127197265625
241137,normal,2143,0,1782361447.112615,0.0019876956939697266
241138,normal,3697,0,1782361447.1146271,0.002012014389038086
241139,normal,1348,1,1782361447.1166203,0.0019931793212890625
241140,normal,3336,1,1782361447.118612,0.001991748809814453
241141,normal,2156,0,1782361447.1206124,0.0020003318786621094
241142,normal,2108,0,1782361447.1226394,0.0020270347595214844
241143,normal,3352,1,1782361447.1246293,0.0019898414611816406
241144,normal,1545,0,1782361447.1266382,0.0020089149475097656
241145,normal,3389,1,1782361447.1286232,0.0019850730895996094
241146,normal,3246,1,1782361447.1306152,0.0019919872283935547
241147,normal,2106,0,1782361447.1326256,0.002010345458984375
241148,normal,3530,0,1782361447.1346273,0.0020017623901367188
241149,normal,558,0,1782361447.1366148,0.001987457275390625
241150,normal,1619,0,1782361447.1386406,0.0020258426666259766
241151,normal,398,0,1782361447.1406543,0.002013683319091797
241152,normal,1433,0,1782361447.142709,0.0020546913146972656
241153,normal,1486,0,1782361447.1447651,0.002056121826171875
241154,normal,688,0,1782361447.1466913,0.0019261837005615234
241155,normal,3574,0,1782361447.1487124,0.0020210742950439453
241156,normal,2829,0,1782361447.1507187,0.0020062923431396484
241157,normal,3587,0,1782361447.152645,0.001926422119140625
241158,normal,815,2,1782361447.154718,0.0020728111267089844
241159,normal,166,0,1782361447.1566505,0.0019326210021972656
241160,normal,1696,0,1782361447.1586497,0.0019991397857666016
241161,normal,1421,0,1782361447.1607015,0.002051830291748047
241162,normal,2897,0,1782361447.1627107,0.002009153366088867
241163,normal,299,0,1782361447.1646411,0.0019304752349853516
241164,normal,601,0,1782361447.1667125,0.002071380615234375
241165,normal,2048,0,1782361447.168646,0.0019335746765136719
241166,normal,53,0,1782361447.1706462,0.002000093460083008
241167,normal,858,2,1782361447.1727,0.0020537376403808594
241168,normal,880,2,1782361447.1747103,0.002010345458984375
241169,normal,3637,0,1782361447.1766477,0.0019373893737792969
241170,normal,987,2,1782361447.1787114,0.002063751220703125
241171,normal,3087,1,1782361447.1806438,0.001932382583618164
241172,normal,3240,1,1782361447.1826503,0.00200653076171875
241173,normal,2008,0,1782361447.1846936,0.0020432472229003906
241174,normal,2861,0,1782361447.1867158,0.002022266387939453
241175,normal,3416,0,1782361447.1886485,0.0019326210021972656
241176,normal,3469,0,1782361447.1907027,0.0020542144775390625
241177,normal,1594,0,1782361447.192705,0.002002239227294922
241178,normal,211,0,1782361447.1946433,0.0019383430480957031
241179,normal,1162,0,1782361447.1966958,0.0020525455474853516
241180,normal,1850,0,1782361447.1987164,0.002020597457885742
241181,normal,1610,0,1782361447.2006445,0.001928091049194336
241182,normal,3444,0,1782361447.2027223,0.002077817916870117
241183,normal,3234,1,1782361447.2046444,0.0019221305847167969
241184,normal,1085,0,1782361447.206634,0.001989603042602539
241185,normal,3090,1,1782361447.2086277,0.0019936561584472656
241186,normal,1907,0,1782361447.2106316,0.002003908157348633
241187,normal,1390,0,1782361447.212628,0.001996278762817383
241188,normal,1975,0,1782361447.214624,0.0019960403442382812
241189,normal,1950,0,1782361447.2166138,0.0019898414611816406
241190,normal,3619,0,1782361447.218642,0.002028226852416992
241191,normal,3392,1,1782361447.2206285,0.0019865036010742188
241192,normal,1825,0,1782361447.222612,0.0019834041595458984
241193,normal,1365,1,1782361447.2246265,0.002014636993408203
241194,normal,103,0,1782361447.2266192,0.0019927024841308594
241195,normal,640,0,1782361447.2286265,0.0020072460174560547
241196,normal,1115,0,1782361447.2306232,0.001996755599975586
241197,normal,656,0,1782361447.2326198,0.0019965171813964844
241198,normal,180,0,1782361447.234747,0.0021271705627441406
241199,normal,567,0,1782361447.2366357,0.0018887519836425781
241200,normal,436,0,1782361447.2386205,0.001984834671020508
241201,normal,370,0,1782361447.2406313,0.002010822296142578
241202,normal,381,0,1782361447.2426426,0.0020112991333007812
241203,normal,218,0,1782361447.2447107,0.002068042755126953
241204,normal,471,0,1782361447.2466874,0.0019767284393310547
241205,normal,2802,0,1782361447.2486465,0.001959085464477539
241206,normal,291,0,1782361447.2507005,0.002053976058959961
241207,normal,3316,1,1782361447.2526226,0.0019221305847167969
241208,normal,538,0,1782361447.2547116,0.0020890235900878906
241209,normal,2000,0,1782361447.2566335,0.0019218921661376953
241210,normal,1649,0,1782361447.2586956,0.002062082290649414
241211,normal,1508,0,1782361447.2606556,0.0019600391387939453
241212,normal,817,2,1782361447.2626383,0.0019826889038085938
241213,normal,3593,0,1782361447.264622,0.001983642578125
241214,normal,1942,0,1782361447.266712,0.002089977264404297
241215,normal,127,0,1782361447.268716,0.0020041465759277344
241216,normal,2242,0,1782361447.2707028,0.0019867420196533203
241217,normal,38,0,1782361447.2726195,0.001916646957397461
241218,normal,2647,0,1782361447.2746325,0.002012968063354492
241219,normal,1906,0,1782361447.2766347,0.002002239227294922
241220,normal,2693,0,1782361447.2786252,0.0019905567169189453
241221,normal,3174,1,1782361447.2806153,0.001990079879760742
241222,normal,2881,0,1782361447.2832315,0.0026161670684814453
241223,normal,2411,0,1782361447.2847126,0.0014810562133789062
241224,normal,761,0,1782361447.2866402,0.0019276142120361328
241225,normal,3431,0,1782361447.2887068,0.0020666122436523438
241226,normal,3051,1,1782361447.2906535,0.0019466876983642578
241227,normal,2689,0,1782361447.2926931,0.002039670944213867
241228,normal,3515,0,1782361447.2946875,0.0019943714141845703
241229,normal,429,0,1782361447.2966259,0.0019383430480957031
241230,normal,1314,0,1782361447.2986486,0.0020227432250976562
241231,normal,1411,0,1782361447.3006282,0.0019795894622802734
241232,normal,2208,0,1782361447.3026242,0.0019960403442382812
241233,normal,3127,1,1782361447.3046215,0.001997232437133789
241234,normal,1952,0,1782361447.3066957,0.0020742416381835938
241235,normal,3434,0,1782361447.3086243,0.001928567886352539
241236,normal,2049,0,1782361447.3106384,0.00201416015625
241237,normal,2642,0,1782361447.31263,0.0019915103912353516
241238,normal,312,0,1782361447.3146262,0.001996278762817383
241239,normal,3485,0,1782361447.3166153,0.001989126205444336
241240,normal,2904,0,1782361447.3186145,0.0019991397857666016
241241,normal,79,0,1782361447.320713,0.002098560333251953
241242,normal,458,0,1782361447.3226542,0.0019412040710449219
241243,normal,2748,0,1782361447.3246453,0.0019910335540771484
241244,normal,1570,0,1782361447.3267584,0.0021131038665771484
241245,normal,1080,0,1782361447.3286412,0.001882791519165039
241246,normal,843,2,1782361447.330635,0.001993894577026367
241247,normal,3579,0,1782361447.332638,0.0020029544830322266
241248,normal,2199,0,1782361447.334617,0.0019788742065429688
241249,normal,2128,0,1782361447.3366344,0.002017498016357422
241250,normal,336,0,1782361447.3386505,0.0020160675048828125
241251,normal,3542,0,1782361447.3406312,0.0019807815551757812
241252,normal,2380,0,1782361447.3426592,0.0020279884338378906
241253,normal,680,0,1782361447.3446336,0.001974344253540039
241254,normal,2551,0,1782361447.3466175,0.0019838809967041016
241255,normal,91,0,1782361447.3487413,0.0021238327026367188
241256,normal,865,2,1782361447.3506558,0.0019145011901855469
241257,normal,3354,1,1782361447.3526523,0.0019965171813964844
241258,normal,311,0,1782361447.3546312,0.0019788742065429688
241259,normal,3548,0,1782361447.356631,0.0019998550415039062
241260,normal,930,2,1782361447.358617,0.0019860267639160156
241261,normal,442,0,1782361447.3606186,0.002001523971557617
241262,normal,2454,0,1782361447.362711,0.0020923614501953125
241263,normal,3245,1,1782361447.36487,0.00215911865234375
241264,normal,2159,0,1782361447.3666937,0.0018236637115478516
241265,normal,3635,0,1782361447.3687377,0.0020439624786376953
241266,normal,3441,0,1782361447.3708603,0.002122640609741211
241267,normal,2570,0,1782361447.3727052,0.0018448829650878906
241268,normal,1042,0,1782361447.3747365,0.0020313262939453125
241269,normal,2553,0,1782361447.3768804,0.00214385986328125
241270,normal,541,0,1782361447.3787017,0.001821279525756836
241271,normal,427,0,1782361447.3806133,0.0019116401672363281
241272,normal,3190,1,1782361447.3828363,0.0022230148315429688
241273,normal,2052,0,1782361447.38466,0.0018236637115478516
241274,normal,1873,0,1782361447.386746,0.0020859241485595703
241275,normal,553,0,1782361447.3887098,0.0019638538360595703
241276,normal,1179,0,1782361447.390642,0.0019321441650390625
241277,normal,3103,1,1782361447.392632,0.001990079879760742
241278,normal,701,0,1782361447.3946176,0.0019855499267578125
241279,normal,2164,0,1782361447.396618,0.0020003318786621094
241280,normal,2386,0,1782361447.3986375,0.002019643783569336
241281,normal,1714,0,1782361447.4006214,0.0019838809967041016
241282,normal,1938,0,1782361447.4026306,0.002009153366088867
241283,normal,665,0,1782361447.4046428,0.0020122528076171875
241284,normal,285,0,1782361447.406629,0.001986265182495117
241285,normal,3275,1,1782361447.4086218,0.0019927024841308594
241286,normal,3091,1,1782361447.4106975,0.002075672149658203
241287,normal,1442,0,1782361447.4126341,0.0019366741180419922
241288,normal,181,0,1782361447.4146364,0.002002239227294922
241289,normal,515,0,1782361447.4167092,0.0020728111267089844
241290,normal,2777,0,1782361447.4186347,0.0019254684448242188
241291,normal,302,0,1782361447.4207017,0.002067089080810547
241292,normal,3350,1,1782361447.4227052,0.0020034313201904297
241293,normal,2333,0,1782361447.4247012,0.0019960403442382812
241294,normal,2116,0,1782361447.4266486,0.0019474029541015625
241295,normal,1735,0,1782361447.4286997,0.002051115036010742
241296,normal,1864,0,1782361447.4307017,0.0020020008087158203
241297,normal,2739,0,1782361447.432647,0.0019452571868896484
241298,normal,63,0,1782361447.4346974,0.0020503997802734375
241299,normal,1163,0,1782361447.436695,0.001997709274291992
241300,normal,599,0,1782361447.4386368,0.001941680908203125
241301,normal,758,0,1782361447.4406278,0.0019910335540771484
241302,normal,368,0,1782361447.442628,0.002000093460083008
241303,normal,1690,0,1782361447.444632,0.0020041465759277344
241304,normal,2449,0,1782361447.4466178,0.001985788345336914
241305,normal,1976,0,1782361447.4486177,0.0019998550415039062
241306,normal,1636,0,1782361447.450626,0.002008199691772461
241307,normal,2020,0,1782361447.4526424,0.0020165443420410156
241308,normal,891,2,1782361447.454651,0.002008676528930664
241309,normal,20,0,1782361447.4566357,0.0019845962524414062
241310,normal,1688,0,1782361447.4587016,0.002065896987915039
241311,normal,1974,0,1782361447.460625,0.0019233226776123047
241312,normal,682,0,1782361447.4626281,0.002003192901611328
241313,normal,2892,0,1782361447.4646373,0.002009153366088867
241314,normal,675,0,1782361447.4666188,0.001981496810913086
241315,normal,1464,0,1782361447.4686909,0.0020720958709716797
241316,normal,2042,0,1782361447.4706495,0.001958608627319336
241317,normal,1008,2,1782361447.4727914,0.0021419525146484375
241318,normal,2522,0,1782361447.4746337,0.0018422603607177734
241319,normal,1666,0,1782361447.4766407,0.002007007598876953
241320,normal,2105,0,1782361447.4786422,0.002001523971557617
241321,normal,1145,0,1782361447.4807417,0.0020995140075683594
241322,normal,3653,0,1782361447.482649,0.0019073486328125
241323,normal,1836,0,1782361447.4847367,0.0020875930786132812
241324,normal,3168,1,1782361447.4866445,0.0019078254699707031
241325,normal,3334,1,1782361447.4886308,0.001986265182495117
241326,normal,922,2,1782361447.4906895,0.002058744430541992
241327,normal,2144,0,1782361447.492709,0.0020194053649902344
241328,normal,3333,1,1782361447.494622,0.0019130706787109375
241329,normal,2584,0,1782361447.4966938,0.002071857452392578
241330,normal,2786,0,1782361447.4986515,0.0019576549530029297
241331,normal,1625,0,1782361447.500649,0.0019974708557128906
241332,normal,1600,0,1782361447.5026257,0.0019767284393310547
241333,normal,1552,0,1782361447.5046299,0.0020041465759277344
241334,normal,2784,0,1782361447.5066988,0.0020689964294433594
241335,normal,2241,0,1782361447.5086434,0.0019445419311523438
241336,normal,365,0,1782361447.5106359,0.001992464065551758
241337,normal,2028,0,1782361447.5126965,0.0020606517791748047
241338,normal,525,0,1782361447.5146952,0.0019986629486083984
241339,normal,2817,0,1782361447.5166423,0.001947164535522461
241340,normal,332,0,1782361447.518699,0.002056598663330078
241341,normal,3660,0,1782361447.5206404,0.0019414424896240234
241342,normal,1616,0,1782361447.5227008,0.002060413360595703
241343,normal,464,0,1782361447.5246203,0.0019195079803466797
241344,normal,3218,1,1782361447.5266247,0.002004384994506836
241345,normal,1142,0,1782361447.52865,0.0020253658294677734
241346,normal,305,0,1782361447.5306506,0.002000570297241211
241347,normal,673,0,1782361447.5326407,0.001990079879760742
241348,normal,2712,0,1782361447.5346198,0.0019791126251220703
241349,normal,1964,0,1782361447.5366273,0.0020074844360351562
241350,normal,2489,0,1782361447.5386138,0.0019865036010742188
241351,normal,2494,0,1782361447.540715,0.0021011829376220703
241352,normal,1199,0,1782361447.5426216,0.0019066333770751953
241353,normal,2960,0,1782361447.5446196,0.0019979476928710938
241354,normal,796,2,1782361447.5467165,0.002096891403198242
241355,normal,589,0,1782361447.5486221,0.001905679702758789
241356,normal,3102,1,1782361447.5507398,0.002117633819580078
241357,normal,200,0,1782361447.5526228,0.0018830299377441406
241358,normal,2701,0,1782361447.5546298,0.002007007598876953
241359,normal,1454,0,1782361447.5566175,0.0019876956939697266
241360,normal,2767,0,1782361447.558623,0.0020055770874023438
241361,normal,3475,0,1782361447.56072,0.002096891403198242
241362,normal,3326,1,1782361447.5627012,0.0019812583923339844
241363,normal,3294,1,1782361447.5647337,0.0020325183868408203
241364,normal,3290,1,1782361447.5666149,0.0018811225891113281
241365,normal,1877,0,1782361447.5686214,0.00200653076171875
241366,normal,3212,1,1782361447.5707157,0.002094268798828125
241367,normal,3021,0,1782361447.5726275,0.0019118785858154297
241368,normal,3507,0,1782361447.574616,0.0019884109497070312
241369,normal,3084,1,1782361447.5768254,0.0022094249725341797
241370,normal,2247,0,1782361447.5786254,0.0018000602722167969
241371,normal,3056,1,1782361447.5806236,0.0019981861114501953
241372,normal,319,0,1782361447.5826325,0.0020089149475097656
241373,normal,1130,0,1782361447.5846324,0.0019998550415039062
241374,normal,3466,0,1782361447.5866127,0.001980304718017578
241375,normal,1651,0,1782361447.5886238,0.0020110607147216797
241376,normal,611,0,1782361447.5907207,0.002096891403198242
241377,normal,301,0,1782361447.5926619,0.0019412040710449219
241378,normal,3670,0,1782361447.5946476,0.001985788345336914
241379,normal,2719,0,1782361447.5967224,0.002074718475341797
241380,normal,751,0,1782361447.5987024,0.0019800662994384766
241381,normal,1125,0,1782361447.6006186,0.0019161701202392578
241382,normal,1626,0,1782361447.6026313,0.0020127296447753906
241383,normal,2066,0,1782361447.6046207,0.0019893646240234375
241384,normal,607,0,1782361447.6066425,0.00202178955078125
241385,normal,278,0,1782361447.6086867,0.002044200897216797
241386,normal,2162,0,1782361447.6106482,0.0019614696502685547
241387,normal,2262,0,1782361447.6126287,0.0019805431365966797
241388,normal,2453,0,1782361447.6146967,0.002068042755126953
241389,normal,2036,0,1782361447.6166334,0.0019366741180419922
241390,normal,3304,1,1782361447.6186192,0.001985788345336914
241391,normal,3572,0,1782361447.6206262,0.002007007598876953
241392,normal,1366,1,1782361447.6226165,0.0019903182983398438
241393,normal,2246,0,1782361447.6246214,0.002004861831665039
241394,normal,2089,0,1782361447.62672,0.002098560333251953
241395,normal,1403,0,1782361447.6286492,0.0019292831420898438
241396,normal,2197,0,1782361447.6307561,0.002106904983520508
241397,normal,3231,1,1782361447.6325953,0.0018391609191894531
241398,normal,1438,0,1782361447.6348746,0.0022792816162109375
241399,normal,2209,0,1782361447.6366243,0.0017497539520263672
241400,normal,2923,0,1782361447.638899,0.002274751663208008
241401,normal,2175,0,1782361447.6408293,0.00193023681640625
241402,normal,798,2,1782361447.6427083,0.001878976821899414
241403,normal,3143,1,1782361447.6448886,0.002180337905883789
241404,normal,2292,0,1782361447.6467915,0.0019028186798095703
241405,normal,2989,0,1782361447.648706,0.0019145011901855469
241406,normal,2660,0,1782361447.6508918,0.002185821533203125
241407,normal,3629,0,1782361447.65291,0.0020182132720947266
241408,normal,2636,0,1782361447.6546488,0.0017387866973876953
241409,normal,3636,0,1782361447.6567662,0.0021173954010009766
241410,normal,2264,0,1782361447.658714,0.0019478797912597656
241411,normal,3536,0,1782361447.6606238,0.0019097328186035156
241412,normal,482,0,1782361447.6627398,0.002115964889526367
241413,normal,3340,1,1782361447.6647806,0.002040863037109375
241414,normal,3004,0,1782361447.666627,0.0018463134765625
241415,normal,314,0,1782361447.6686459,0.0020189285278320312
241416,normal,1511,0,1782361447.6706207,0.001974821090698242
241417,normal,1492,0,1782361447.672646,0.0020253658294677734
241418,normal,2056,0,1782361447.6746314,0.001985311508178711
241419,normal,1052,0,1782361447.6766164,0.0019850730895996094
241420,normal,2549,0,1782361447.678629,0.002012491226196289
241421,normal,2429,0,1782361447.680696,0.002067089080810547
241422,normal,2268,0,1782361447.6826396,0.0019435882568359375
241423,normal,1592,0,1782361447.6846952,0.002055644989013672
241424,normal,2499,0,1782361447.6866376,0.0019423961639404297
241425,normal,2345,0,1782361447.688646,0.0020084381103515625
241426,normal,1374,1,1782361447.6906245,0.0019783973693847656
241427,normal,1631,0,1782361447.6927006,0.0020761489868164062
241428,normal,86,0,1782361447.6946592,0.001958608627319336
241429,normal,3401,1,1782361447.6966968,0.002037525177001953
241430,normal,108,0,1782361447.698622,0.0019252300262451172
241431,normal,363,0,1782361447.7006304,0.0020084381103515625
241432,normal,873,2,1782361447.7026243,0.001993894577026367
241433,normal,203,0,1782361447.7046971,0.0020728111267089844
241434,normal,1986,0,1782361447.7066417,0.0019445419311523438
241435,normal,2672,0,1782361447.7086356,0.001993894577026367
241436,normal,236,0,1782361447.7106357,0.002000093460083008
241437,normal,2002,0,1782361447.7127004,0.0020647048950195312
241438,normal,3111,1,1782361447.714638,0.0019376277923583984
241439,normal,3191,1,1782361447.716637,0.0019989013671875
241440,normal,459,0,1782361447.7186222,0.001985311508178711
241441,normal,605,0,1782361447.720657,0.002034902572631836
241442,normal,2876,0,1782361447.7227087,0.0020515918731689453
241443,normal,3117,1,1782361447.7247086,0.0019998550415039062
241444,normal,228,0,1782361447.726635,0.001926422119140625
241445,normal,2254,0,1782361447.7286506,0.0020155906677246094
241446,normal,2479,0,1782361447.7306914,0.002040863037109375
241447,normal,107,0,1782361447.7326355,0.0019440650939941406
241448,normal,2086,0,1782361447.7346315,0.0019960403442382812
241449,normal,11,0,1782361447.7366185,0.001986980438232422
241450,normal,1551,0,1782361447.738632,0.0020134449005126953
241451,normal,316,0,1782361447.7406294,0.0019974708557128906
241452,normal,2342,0,1782361447.7426202,0.001990795135498047
241453,normal,2390,0,1782361447.7447028,0.0020825862884521484
241454,normal,1047,0,1782361447.7466393,0.0019364356994628906
241455,normal,213,0,1782361447.74862,0.0019807815551757812
241456,normal,1635,0,1782361447.7506227,0.002002716064453125
241457,normal,2998,0,1782361447.752627,0.0020041465759277344
241458,normal,276,0,1782361447.7546926,0.0020656585693359375
241459,normal,2606,0,1782361447.756607,0.0019145011901855469
241460,normal,295,0,1782361447.7586324,0.0020253658294677734
241461,normal,3300,1,1782361447.760708,0.002075672149658203
241462,normal,1131,0,1782361447.762643,0.0019350051879882812
241463,normal,1078,0,1782361447.7646294,0.001986265182495117
241464,normal,371,0,1782361447.7666306,0.0020012855529785156
241465,normal,1335,1,1782361447.7686203,0.001989603042602539
241466,normal,3280,1,1782361447.7706254,0.0020051002502441406
241467,normal,2514,0,1782361447.772621,0.001995563507080078
241468,normal,2945,0,1782361447.7746298,0.0020089149475097656
241469,normal,2915,0,1782361447.7766428,0.002012968063354492
241470,normal,2245,0,1782361447.7786272,0.0019843578338623047
241471,normal,2811,0,1782361447.7806194,0.0019922256469726562
241472,normal,861,2,1782361447.7826371,0.0020177364349365234
241473,normal,2205,0,1782361447.784621,0.0019838809967041016
241474,normal,447,0,1782361447.786633,0.002012014389038086
241475,normal,1328,1,1782361447.7886283,0.0019953250885009766
241476,normal,613,0,1782361447.7907014,0.002073049545288086
241477,normal,1961,0,1782361447.792609,0.0019075870513916016
241478,normal,3377,1,1782361447.7946386,0.0020296573638916016
241479,normal,22,0,1782361447.7966213,0.0019826889038085938
241480,normal,2219,0,1782361447.7986302,0.0020089149475097656
241481,normal,1396,0,1782361447.8006237,0.001993417739868164
241482,normal,3647,0,1782361447.8026235,0.0019998550415039062
241483,normal,1168,0,1782361447.804635,0.002011537551879883
241484,normal,3403,0,1782361447.8066373,0.002002239227294922
241485,normal,3672,0,1782361447.8086221,0.001984834671020508
241486,normal,2280,0,1782361447.8106332,0.0020110607147216797
241487,normal,866,2,1782361447.8126261,0.001992940902709961
241488,normal,698,0,1782361447.8146212,0.001995086669921875
241489,normal,2004,0,1782361447.8166273,0.002006053924560547
241490,normal,1820,0,1782361447.8186297,0.0020024776458740234
241491,normal,1487,0,1782361447.820617,0.0019872188568115234
241492,normal,2688,0,1782361447.8226225,0.0020055770874023438
241493,normal,3039,0,1782361447.824644,0.0020215511322021484
241494,normal,2430,0,1782361447.8267329,0.002088785171508789
241495,normal,1117,0,1782361447.828614,0.0018811225891113281
241496,normal,2045,0,1782361447.8306296,0.0020155906677246094
241497,normal,2249,0,1782361447.8326178,0.0019881725311279297
241498,normal,2436,0,1782361447.8346272,0.0020093917846679688
241499,normal,2481,0,1782361447.836629,0.0020017623901367188
241500,normal,1030,0,1782361447.8386219,0.001992940902709961
241501,normal,999,2,1782361447.8406284,0.00200653076171875
241502,normal,1717,0,1782361447.8426254,0.0019969940185546875
241503,normal,829,2,1782361447.8446257,0.0020003318786621094
241504,normal,901,2,1782361447.846625,0.001999378204345703
241505,normal,2523,0,1782361447.8486319,0.0020067691802978516
241506,normal,1417,0,1782361447.850619,0.0019872188568115234
241507,normal,1015,2,1782361447.852634,0.0020148754119873047
241508,normal,3654,0,1782361447.8546238,0.0019898414611816406
241509,normal,3487,0,1782361447.8566246,0.0020008087158203125
241510,normal,3165,1,1782361447.8586202,0.001995563507080078
241511,normal,2698,0,1782361447.8606324,0.0020122528076171875
241512,normal,2404,0,1782361447.8626373,0.002004861831665039
241513,normal,1245,0,1782361447.8646297,0.001992464065551758
241514,normal,2982,0,1782361447.8666272,0.0019974708557128906
241515,normal,2314,0,1782361447.8686328,0.0020055770874023438
241516,normal,419,0,1782361447.8706307,0.0019979476928710938
241517,normal,1605,0,1782361447.8726435,0.0020127296447753906
241518,normal,1286,0,1782361447.874645,0.002001523971557617
241519,normal,2938,0,1782361447.8766572,0.0020122528076171875
241520,normal,2225,0,1782361447.8786085,0.0019512176513671875
241521,normal,3261,1,1782361447.880619,0.0020105838775634766
241522,normal,1617,0,1782361447.88269,0.002070903778076172
241523,normal,2728,0,1782361447.8857417,0.0030517578125
241524,normal,508,0,1782361447.8867118,0.0009701251983642578
241525,normal,1984,0,1782361447.8886914,0.0019795894622802734
241526,normal,3048,1,1782361447.890892,0.002200603485107422
241527,normal,2774,0,1782361447.8927536,0.001861572265625
241528,normal,2359,0,1782361447.8946993,0.0019457340240478516
241529,normal,2317,0,1782361447.896705,0.0020055770874023438
241530,normal,1425,0,1782361447.8988864,0.002181529998779297
241531,normal,2412,0,1782361447.9006965,0.0018100738525390625
241532,normal,983,2,1782361447.902898,0.002201557159423828
241533,normal,546,0,1782361447.9046953,0.0017971992492675781
241534,normal,253,0,1782361447.9068973,0.0022020339965820312
241535,normal,466,0,1782361447.9087634,0.0018661022186279297
241536,normal,1965,0,1782361447.9108825,0.0021190643310546875
241537,normal,659,0,1782361447.9127004,0.001817941665649414
241538,normal,214,0,1782361447.9149015,0.002201080322265625
241539,normal,3219,1,1782361447.9167147,0.0018131732940673828
241540,normal,2163,0,1782361447.9186969,0.0019822120666503906
241541,normal,3264,1,1782361447.9209049,0.0022079944610595703
241542,normal,1553,0,1782361447.922714,0.0018091201782226562
241543,normal,2121,0,1782361447.924696,0.001981973648071289
241544,normal,2770,0,1782361447.926909,0.002213001251220703
241545,normal,2302,0,1782361447.9287832,0.0018742084503173828
241546,normal,3052,1,1782361447.9307137,0.0019304752349853516
241547,normal,3230,1,1782361447.932911,0.002197265625
241548,normal,729,0,1782361447.9347959,0.0018849372863769531
241549,normal,6,0,1782361447.9367013,0.0019054412841796875
241550,normal,595,0,1782361447.9389112,0.002209901809692383
241551,normal,3489,0,1782361447.94081,0.0018987655639648438
241552,normal,155,0,1782361447.9426944,0.00188446044921875
241553,normal,3553,0,1782361447.9449167,0.002222299575805664
241554,normal,896,2,1782361447.9468012,0.00188446044921875
241555,normal,803,2,1782361447.9487169,0.0019156932830810547
241556,normal,1428,0,1782361447.950926,0.002209186553955078
241557,normal,3682,0,1782361447.9528272,0.0019011497497558594
241558,normal,1343,1,1782361447.9546967,0.0018694400787353516
241559,normal,1488,0,1782361447.9569206,0.002223968505859375
241560,normal,1395,0,1782361447.9588087,0.0018880367279052734
241561,normal,1140,0,1782361447.9606943,0.0018856525421142578
241562,normal,3445,0,1782361447.9629235,0.0022292137145996094
241563,normal,834,2,1782361447.964815,0.0018913745880126953
241564,normal,1152,0,1782361447.9667253,0.0019104480743408203
241565,normal,2622,0,1782361447.968873,0.002147674560546875
241566,normal,2690,0,1782361447.9708388,0.001965761184692383
241567,normal,3133,1,1782361447.9726992,0.0018603801727294922
241568,normal,1656,0,1782361447.974928,0.0022287368774414062
241569,normal,2043,0,1782361447.976818,0.0018901824951171875
241570,normal,2742,0,1782361447.9786952,0.0018770694732666016
241571,normal,1535,0,1782361447.980932,0.0022368431091308594
241572,normal,1177,0,1782361447.9828336,0.0019016265869140625
241573,normal,222,0,1782361447.984697,0.0018634796142578125
241574,normal,2438,0,1782361447.9869335,0.0022363662719726562
241575,normal,3367,1,1782361447.988708,0.0017745494842529297
241576,normal,2477,0,1782361447.9908876,0.0021796226501464844
241577,normal,1257,0,1782361447.9927082,0.0018205642700195312
241578,normal,745,0,1782361447.9947674,0.0020592212677001953
241579,normal,1379,1,1782361447.996696,0.001928567886352539
241580,normal,279,0,1782361447.9986415,0.00194549560546875
241581,normal,165,0,1782361448.0008888,0.002247333526611328
241582,normal,131,0,1782361448.0026357,0.0017468929290771484
241583,normal,2093,0,1782361448.0046246,0.0019888877868652344
241584,normal,762,0,1782361448.0068777,0.0022530555725097656
241585,normal,3393,1,1782361448.0086343,0.0017566680908203125
241586,normal,2538,0,1782361448.0106251,0.001990795135498047
241587,normal,1045,0,1782361448.0128825,0.0022573471069335938
241588,normal,3082,1,1782361448.0146334,0.001750946044921875
241589,normal,3222,1,1782361448.0166264,0.001992940902709961
241590,normal,201,0,1782361448.0188785,0.0022521018981933594
241591,normal,3677,0,1782361448.0206347,0.0017561912536621094
241592,normal,3564,0,1782361448.0226262,0.0019915103912353516
241593,normal,2542,0,1782361448.0248883,0.002262115478515625
241594,normal,2174,0,1782361448.0266309,0.0017426013946533203
241595,normal,117,0,1782361448.028626,0.001995086669921875
241596,normal,2382,0,1782361448.0308785,0.0022525787353515625
241597,normal,3356,1,1782361448.0326574,0.0017788410186767578
241598,normal,2006,0,1782361448.0346303,0.0019729137420654297
241599,normal,3042,0,1782361448.0367699,0.002139568328857422
241600,normal,1228,0,1782361448.038628,0.0018582344055175781
241601,normal,1568,0,1782361448.0406303,0.002002239227294922
241602,normal,2591,0,1782361448.0427635,0.0021331310272216797
241603,normal,197,0,1782361448.0446298,0.0018663406372070312
241604,normal,993,2,1782361448.0466282,0.001998424530029297
241605,normal,1849,0,1782361448.048769,0.0021407604217529297
241606,normal,1317,0,1782361448.0506237,0.0018546581268310547
241607,normal,3588,0,1782361448.0527692,0.002145528793334961
241608,normal,954,2,1782361448.054634,0.0018649101257324219
241609,normal,2463,0,1782361448.0567634,0.0021293163299560547
241610,normal,2734,0,1782361448.0586245,0.0018610954284667969
241611,normal,2399,0,1782361448.060646,0.0020215511322021484
241612,normal,2872,0,1782361448.062645,0.0019989013671875
241613,normal,1496,0,1782361448.0646224,0.0019774436950683594
241614,normal,1297,0,1782361448.0666494,0.0020270347595214844
241615,normal,221,0,1782361448.0686297,0.001980304718017578
241616,normal,1691,0,1782361448.070622,0.0019922256469726562
241617,normal,1746,0,1782361448.0726824,0.002060413360595703
241618,normal,3342,1,1782361448.0746324,0.0019500255584716797
241619,normal,85,0,1782361448.0766265,0.0019941329956054688
241620,normal,2423,0,1782361448.0786512,0.0020246505737304688
241621,normal,3156,1,1782361448.080629,0.0019779205322265625
241622,normal,1586,0,1782361448.082625,0.0019958019256591797
241623,normal,269,0,1782361448.0846488,0.002023935317993164
241624,normal,3386,1,1782361448.0866265,0.001977682113647461
241625,normal,1173,0,1782361448.088622,0.001995563507080078
241626,normal,1316,0,1782361448.090652,0.002029895782470703
241627,normal,1406,0,1782361448.0926814,0.0020294189453125
241628,normal,173,0,1782361448.0946238,0.0019423961639404297
241629,normal,597,0,1782361448.096646,0.002022266387939453
241630,normal,1386,0,1782361448.0986497,0.0020036697387695312
241631,normal,2087,0,1782361448.1006305,0.0019807815551757812
241632,normal,2069,0,1782361448.1026485,0.002017974853515625
241633,normal,400,0,1782361448.1046247,0.0019762516021728516
241634,normal,425,0,1782361448.106625,0.0020003318786621094
241635,normal,3317,1,1782361448.108654,0.002028942108154297
241636,normal,1113,0,1782361448.1106277,0.0019736289978027344
241637,normal,3384,1,1782361448.1126394,0.0020117759704589844
241638,normal,1329,1,1782361448.1146455,0.002006053924560547
241639,normal,3407,0,1782361448.116676,0.002030611038208008
241640,normal,2825,0,1782361448.1186275,0.001951456069946289
241641,normal,1093,0,1782361448.1207693,0.002141714096069336
241642,normal,1988,0,1782361448.1226249,0.001855611801147461
241643,normal,3522,0,1782361448.124657,0.002032041549682617
241644,normal,495,0,1782361448.126648,0.0019910335540771484
241645,normal,2072,0,1782361448.1286585,0.0020105838775634766
241646,normal,2316,0,1782361448.1306229,0.0019643306732177734
241647,normal,830,2,1782361448.1326451,0.002022266387939453
241648,normal,1408,0,1782361448.1346548,0.0020096302032470703
241649,normal,263,0,1782361448.1366284,0.0019736289978027344
241650,normal,1292,0,1782361448.1386447,0.002016305923461914
241651,normal,885,2,1782361448.1406603,0.0020155906677246094
241652,normal,1787,0,1782361448.1426215,0.001961231231689453
241653,normal,1331,1,1782361448.144758,0.0021364688873291016
241654,normal,2339,0,1782361448.146624,0.0018661022186279297
241655,normal,844,2,1782361448.1486557,0.002031564712524414
241656,normal,1720,0,1782361448.1506488,0.0019931793212890625
241657,normal,3126,1,1782361448.152687,0.002038240432739258
241658,normal,3123,1,1782361448.154743,0.0020558834075927734
241659,normal,2862,0,1782361448.1566525,0.001909494400024414
241660,normal,1468,0,1782361448.158705,0.0020525455474853516
241661,normal,784,2,1782361448.1606247,0.0019197463989257812
241662,normal,1458,0,1782361448.162645,0.0020203590393066406
241663,normal,651,0,1782361448.1646588,0.002013683319091797
241664,normal,2565,0,1782361448.166624,0.0019652843475341797
241665,normal,390,0,1782361448.1687317,0.0021076202392578125
241666,normal,3363,1,1782361448.170634,0.0019023418426513672
241667,normal,3178,1,1782361448.1726308,0.001996755599975586
241668,normal,3364,1,1782361448.1746473,0.0020165443420410156
241669,normal,3288,1,1782361448.1766486,0.0020012855529785156
241670,normal,3237,1,1782361448.1786366,0.001987934112548828
241671,normal,932,2,1782361448.1806996,0.0020630359649658203
241672,normal,2431,0,1782361448.182631,0.0019314289093017578
241673,normal,1188,0,1782361448.1846583,0.002027273178100586
241674,normal,2478,0,1782361448.1866496,0.00199127197265625
241675,normal,2119,0,1782361448.1886454,0.0019958019256591797
241676,normal,1627,0,1782361448.1906295,0.001984119415283203
241677,normal,2882,0,1782361448.192702,0.002072572708129883
241678,normal,2700,0,1782361448.1946955,0.001993417739868164
241679,normal,1260,0,1782361448.196633,0.0019376277923583984
241680,normal,3232,1,1782361448.1987057,0.002072572708129883
241681,normal,2745,0,1782361448.200622,0.0019164085388183594
241682,normal,648,0,1782361448.2026176,0.001995563507080078
241683,normal,968,2,1782361448.2046607,0.002043008804321289
241684,normal,2763,0,1782361448.206621,0.001960277557373047
241685,normal,1699,0,1782361448.2086928,0.002071857452392578
241686,normal,159,0,1782361448.210616,0.0019233226776123047
241687,normal,2158,0,1782361448.2126136,0.0019974708557128906
241688,normal,3471,0,1782361448.2146947,0.002081155776977539
241689,normal,1804,0,1782361448.216618,0.0019233226776123047
241690,normal,1869,0,1782361448.218618,0.0019998550415039062
241691,normal,2787,0,1782361448.2206874,0.0020694732666015625
241692,normal,1330,1,1782361448.2227213,0.0020339488983154297
241693,normal,1814,0,1782361448.2246232,0.001901865005493164
241694,normal,1446,0,1782361448.2266943,0.0020711421966552734
241695,normal,3448,0,1782361448.2286217,0.0019273757934570312
241696,normal,2228,0,1782361448.230613,0.00199127197265625
241697,normal,1803,0,1782361448.2327,0.002087116241455078
241698,normal,890,2,1782361448.2346292,0.0019290447235107422
241699,normal,752,0,1782361448.2366128,0.001983642578125
241700,normal,2781,0,1782361448.238681,0.0020682811737060547
241701,normal,1541,0,1782361448.2406256,0.0019445419311523438
241702,normal,3034,0,1782361448.242614,0.0019884109497070312
241703,normal,2005,0,1782361448.244701,0.0020868778228759766
241704,normal,2289,0,1782361448.2466166,0.0019156932830810547
241705,normal,1840,0,1782361448.248612,0.0019953250885009766
241706,normal,1716,0,1782361448.250695,0.0020830631256103516
241707,normal,2104,0,1782361448.2526166,0.0019216537475585938
241708,normal,1510,0,1782361448.254625,0.0020084381103515625
241709,normal,3024,0,1782361448.2567656,0.002140522003173828
241710,normal,2540,0,1782361448.2588446,0.002079010009765625
241711,normal,1860,0,1782361448.260622,0.0017774105072021484
241712,normal,2031,0,1782361448.2628882,0.0022661685943603516
241713,normal,795,2,1782361448.2648587,0.001970529556274414
241714,normal,739,0,1782361448.2667105,0.001851797103881836
241715,normal,819,2,1782361448.2689016,0.0021910667419433594
241716,normal,1062,0,1782361448.2709012,0.0019996166229248047
241717,normal,254,0,1782361448.2727084,0.0018072128295898438
241718,normal,1949,0,1782361448.2746556,0.001947164535522461
241719,normal,671,0,1782361448.276776,0.002120494842529297
241720,normal,647,0,1782361448.2786381,0.0018620491027832031
241721,normal,1741,0,1782361448.2806273,0.001989126205444336
241722,normal,1900,0,1782361448.2827742,0.0021469593048095703
241723,normal,663,0,1782361448.2846801,0.0019059181213378906
241724,normal,1815,0,1782361448.2866304,0.0019502639770507812
241725,normal,1108,0,1782361448.288718,0.0020875930786132812
241726,normal,2624,0,1782361448.290648,0.0019299983978271484
241727,normal,2291,0,1782361448.292639,0.0019910335540771484
241728,normal,2844,0,1782361448.2947476,0.0021085739135742188
241729,normal,2063,0,1782361448.296701,0.0019533634185791016
241730,normal,1351,1,1782361448.2986383,0.0019373893737792969
241731,normal,1518,0,1782361448.3006787,0.002040386199951172
241732,normal,473,0,1782361448.3026366,0.0019578933715820312
241733,normal,2348,0,1782361448.304628,0.00199127197265625
241734,normal,1338,1,1782361448.30666,0.002032041549682617
241735,normal,575,0,1782361448.308627,0.0019669532775878906
241736,normal,3314,1,1782361448.3107991,0.002172231674194336
241737,normal,1729,0,1782361448.3127267,0.0019276142120361328
241738,normal,476,0,1782361448.3146367,0.0019099712371826172
241739,normal,216,0,1782361448.3166246,0.001987934112548828
241740,normal,39,0,1782361448.3187184,0.002093791961669922
241741,normal,689,0,1782361448.320688,0.001969575881958008
241742,normal,3058,1,1782361448.3226388,0.0019507408142089844
241743,normal,1737,0,1782361448.3246586,0.0020198822021484375
241744,normal,2383,0,1782361448.3268921,0.0022335052490234375
241745,normal,1034,0,1782361448.3287053,0.0018131732940673828
241746,normal,2889,0,1782361448.3308601,0.002154827117919922
241747,normal,1563,0,1782361448.3327477,0.0018875598907470703
241748,normal,1416,0,1782361448.3349323,0.002184629440307617
241749,normal,2665,0,1782361448.3367412,0.0018088817596435547
241750,normal,2398,0,1782361448.3386996,0.0019583702087402344
241751,normal,3179,1,1782361448.340711,0.002011537551879883
241752,normal,1354,1,1782361448.3429482,0.002237081527709961
241753,normal,2630,0,1782361448.3447473,0.0017991065979003906
241754,normal,555,0,1782361448.3468506,0.0021033287048339844
241755,normal,947,2,1782361448.3490202,0.0021696090698242188
241756,normal,3468,0,1782361448.3506885,0.0016682147979736328
241757,normal,3065,1,1782361448.3527348,0.002046346664428711
241758,normal,3346,1,1782361448.3547077,0.0019729137420654297
241759,normal,3668,0,1782361448.3566523,0.0019445419311523438
241760,normal,1910,0,1782361448.3589194,0.002267122268676758
241761,normal,1290,0,1782361448.3607457,0.0018262863159179688
241762,normal,1816,0,1782361448.3628533,0.0021076202392578125
241763,normal,2730,0,1782361448.3647118,0.0018584728240966797
241764,normal,1925,0,1782361448.3668551,0.002143383026123047
241765,normal,1103,0,1782361448.3687289,0.0018737316131591797
241766,normal,1588,0,1782361448.3708735,0.0021445751190185547
241767,normal,1654,0,1782361448.3727627,0.0018892288208007812
241768,normal,45,0,1782361448.3747098,0.001947164535522461
241769,normal,1217,0,1782361448.376742,0.002032041549682617
241770,normal,2711,0,1782361448.3788517,0.0021097660064697266
241771,normal,687,0,1782361448.3806953,0.0018436908721923828
241772,normal,820,2,1782361448.3828325,0.0021371841430664062
241773,normal,3310,1,1782361448.3846517,0.0018191337585449219
241774,normal,857,2,1782361448.3867044,0.002052783966064453
241775,normal,467,0,1782361448.3886447,0.0019402503967285156
241776,normal,194,0,1782361448.3906927,0.002048015594482422
241777,normal,3069,1,1782361448.3926427,0.0019500255584716797
241778,normal,780,2,1782361448.3946438,0.002001047134399414
241779,normal,1653,0,1782361448.3967097,0.002065896987915039
241780,normal,2293,0,1782361448.3986437,0.001934051513671875
241781,normal,3459,0,1782361448.4006417,0.0019979476928710938
241782,normal,40,0,1782361448.4026852,0.002043485641479492
241783,normal,2566,0,1782361448.404635,0.0019497871398925781
241784,normal,588,0,1782361448.4066381,0.002003192901611328
241785,normal,283,0,1782361448.408636,0.0019979476928710938
241786,normal,3170,1,1782361448.410637,0.0020008087158203125
241787,normal,1781,0,1782361448.4126344,0.0019974708557128906
241788,normal,152,0,1782361448.4146862,0.002051830291748047
241789,normal,1944,0,1782361448.4166393,0.001953125
241790,normal,568,0,1782361448.4186406,0.0020012855529785156
241791,normal,2367,0,1782361448.4206958,0.0020551681518554688
241792,normal,500,0,1782361448.422639,0.0019431114196777344
241793,normal,1591,0,1782361448.424647,0.002008199691772461
241794,normal,3353,1,1782361448.4266894,0.0020422935485839844
241795,normal,927,2,1782361448.4286425,0.001953125
241796,normal,1476,0,1782361448.430645,0.0020024776458740234
241797,normal,2917,0,1782361448.4326987,0.0020537376403808594
241798,normal,3652,0,1782361448.434642,0.001943349838256836
241799,normal,755,0,1782361448.4366417,0.0019996166229248047
241800,normal,2561,0,1782361448.4386873,0.0020456314086914062
241801,normal,2995,0,1782361448.4406393,0.0019519329071044922
241802,normal,3047,1,1782361448.4426415,0.002002239227294922
241803,normal,3323,1,1782361448.4446933,0.002051830291748047
241804,normal,1431,0,1782361448.4466357,0.0019423961639404297
241805,normal,265,0,1782361448.4486384,0.002002716064453125
241806,normal,2631,0,1782361448.4506829,0.0020444393157958984
241807,normal,309,0,1782361448.4526544,0.0019714832305908203
241808,normal,1298,0,1782361448.4546332,0.0019788742065429688
241809,normal,1916,0,1782361448.4566581,0.0020248889923095703
241810,normal,1101,0,1782361448.4586895,0.0020313262939453125
241811,normal,906,2,1782361448.4606333,0.001943826675415039
241812,normal,886,2,1782361448.4626508,0.002017498016357422
241813,normal,2147,0,1782361448.4646907,0.0020399093627929688
241814,normal,2974,0,1782361448.4666336,0.0019428730010986328
241815,normal,3215,1,1782361448.4686592,0.002025604248046875
241816,normal,83,0,1782361448.4707112,0.0020520687103271484
241817,normal,2652,0,1782361448.4728765,0.0021653175354003906
241818,normal,2034,0,1782361448.4747488,0.0018723011016845703
241819,normal,1304,0,1782361448.4766846,0.001935720443725586
241820,normal,3120,1,1782361448.478748,0.0020635128021240234
241821,normal,1057,0,1782361448.4808717,0.002123594284057617
241822,normal,507,0,1782361448.4826431,0.0017714500427246094
241823,normal,2196,0,1782361448.4851515,0.002508401870727539
241824,normal,2243,0,1782361448.486888,0.0017364025115966797
241825,normal,414,0,1782361448.4887924,0.0019044876098632812
241826,normal,3649,0,1782361448.4907548,0.001962423324584961
241827,normal,484,0,1782361448.4929316,0.0021767616271972656
241828,normal,2943,0,1782361448.494691,0.0017592906951904297
241829,normal,1301,0,1782361448.4969656,0.002274751663208008
241830,normal,3025,0,1782361448.498692,0.001726388931274414
241831,normal,3049,1,1782361448.5006964,0.002004384994506836
241832,normal,1498,0,1782361448.502889,0.0021924972534179688
241833,normal,2103,0,1782361448.504699,0.0018100738525390625
241834,normal,77,0,1782361448.5069675,0.002268552780151367
241835,normal,123,0,1782361448.5089006,0.0019330978393554688
241836,normal,3130,1,1782361448.5109763,0.002075672149658203
241837,normal,2362,0,1782361448.5128903,0.0019140243530273438
241838,normal,1502,0,1782361448.5150657,0.0021753311157226562
241839,normal,8,0,1782361448.5170293,0.0019636154174804688
241840,normal,2971,0,1782361448.5187411,0.0017118453979492188
241841,normal,2096,0,1782361448.5210307,0.0022895336151123047
241842,normal,1105,0,1782361448.5229545,0.0019237995147705078
241843,normal,2258,0,1782361448.524735,0.0017805099487304688
241844,normal,2580,0,1782361448.527105,0.002370119094848633
241845,normal,3410,0,1782361448.5287693,0.0016641616821289062
241846,normal,3398,1,1782361448.5308957,0.002126455307006836
241847,normal,2621,0,1782361448.5330827,0.002187013626098633
241848,normal,3408,0,1782361448.5350106,0.0019278526306152344
241849,normal,1197,0,1782361448.5367186,0.0017080307006835938
241850,normal,1007,2,1782361448.5389097,0.0021910667419433594
241851,normal,1683,0,1782361448.5409396,0.002029895782470703
241852,normal,2050,0,1782361448.5427513,0.0018117427825927734
241853,normal,245,0,1782361448.54492,0.0021686553955078125
241854,normal,2422,0,1782361448.5469007,0.0019807815551757812
241855,normal,1340,1,1782361448.5487175,0.0018167495727539062
241856,normal,2611,0,1782361448.550976,0.0022585391998291016
241857,normal,2279,0,1782361448.5529203,0.0019443035125732422
241858,normal,1016,2,1782361448.5547163,0.0017960071563720703
241859,normal,3228,1,1782361448.5569122,0.0021958351135253906
241860,normal,2724,0,1782361448.558912,0.0019998550415039062
241861,normal,1126,0,1782361448.5607173,0.0018053054809570312
241862,normal,1558,0,1782361448.562929,0.0022115707397460938
241863,normal,1671,0,1782361448.564924,0.001995086669921875
241864,normal,760,0,1782361448.5667129,0.0017888545989990234
241865,normal,992,2,1782361448.5689137,0.0022008419036865234
241866,normal,835,2,1782361448.5709093,0.001995563507080078
241867,normal,3118,1,1782361448.5727196,0.001810312271118164
241868,normal,2227,0,1782361448.5749326,0.002213001251220703
241869,normal,1153,0,1782361448.576897,0.0019643306732177734
241870,normal,2697,0,1782361448.5787077,0.0018107891082763672
241871,normal,1373,1,1782361448.5809367,0.002228975296020508
241872,normal,1133,0,1782361448.5828931,0.001956462860107422
241873,normal,3546,0,1782361448.5847113,0.0018181800842285156
241874,normal,2984,0,1782361448.586907,0.002195596694946289
241875,normal,450,0,1782361448.5889006,0.0019936561584472656
241876,normal,2959,0,1782361448.590709,0.0018084049224853516
241877,normal,629,0,1782361448.5928957,0.0021867752075195312
241878,normal,1899,0,1782361448.5949242,0.0020284652709960938
241879,normal,487,0,1782361448.5967126,0.0017883777618408203
241880,normal,3626,0,1782361448.5988984,0.002185821533203125
241881,normal,1305,0,1782361448.600886,0.0019876956939697266
241882,normal,1238,0,1782361448.6027098,0.0018236637115478516
241883,normal,268,0,1782361448.6049,0.002190113067626953
241884,normal,1798,0,1782361448.606875,0.0019750595092773438
241885,normal,1789,0,1782361448.6087136,0.00183868408203125
241886,normal,3545,0,1782361448.6109056,0.0021920204162597656
241887,normal,1796,0,1782361448.6128755,0.0019698143005371094
241888,normal,3394,1,1782361448.6147106,0.0018351078033447266
241889,normal,694,0,1782361448.6167622,0.0020515918731689453
241890,normal,3501,0,1782361448.6189096,0.0021474361419677734
241891,normal,3368,1,1782361448.6208305,0.001920938491821289
241892,normal,2396,0,1782361448.622765,0.0019345283508300781
241893,normal,3531,0,1782361448.6249318,0.002166748046875
241894,normal,630,0,1782361448.6267087,0.0017769336700439453
241895,normal,942,2,1782361448.628912,0.002203226089477539
241896,normal,3467,0,1782361448.6308906,0.001978635787963867
241897,normal,2795,0,1782361448.6327105,0.0018198490142822266
241898,normal,3259,1,1782361448.6349125,0.0022020339965820312
241899,normal,3306,1,1782361448.6368725,0.0019600391387939453
241900,normal,2639,0,1782361448.638711,0.0018384456634521484
241901,normal,3176,1,1782361448.6409147,0.002203702926635742
241902,normal,1019,2,1782361448.6428905,0.0019757747650146484
241903,normal,1738,0,1782361448.6447136,0.0018231868743896484
241904,normal,1370,1,1782361448.6469212,0.002207517623901367
241905,normal,3517,0,1782361448.6488872,0.0019659996032714844
241906,normal,645,0,1782361448.6507099,0.0018227100372314453
241907,normal,3057,1,1782361448.6529214,0.0022115707397460938
241908,normal,387,0,1782361448.654784,0.0018625259399414062
241909,normal,2442,0,1782361448.6567168,0.0019328594207763672
241910,normal,773,2,1782361448.658766,0.0020492076873779297
241911,normal,1494,0,1782361448.66091,0.00214385986328125
241912,normal,3311,1,1782361448.6627128,0.0018029212951660156
241913,normal,2601,0,1782361448.6649516,0.002238750457763672
241914,normal,1501,0,1782361448.6667972,0.0018455982208251953
241915,normal,563,0,1782361448.6687145,0.0019173622131347656
241916,normal,789,2,1782361448.6709082,0.0021936893463134766
241917,normal,2090,0,1782361448.6728876,0.001979351043701172
241918,normal,749,0,1782361448.674711,0.00182342529296875
241919,normal,2142,0,1782361448.6769292,0.0022182464599609375
241920,normal,1048,0,1782361448.6788437,0.0019145011901855469
241921,normal,1887,0,1782361448.6807106,0.0018668174743652344
241922,normal,2725,0,1782361448.682933,0.0022225379943847656
241923,normal,2819,0,1782361448.6848676,0.0019345283508300781
241924,normal,2587,0,1782361448.6867228,0.0018551349639892578
241925,normal,3538,0,1782361448.6889353,0.0022125244140625
241926,normal,2696,0,1782361448.6908708,0.0019354820251464844
241927,normal,2240,0,1782361448.6927302,0.001859426498413086
241928,normal,504,0,1782361448.694716,0.001985788345336914
241929,normal,943,2,1782361448.6967795,0.0020635128021240234
241930,normal,935,2,1782361448.6987138,0.0019342899322509766
241931,normal,1243,0,1782361448.7008886,0.002174854278564453
241932,normal,841,2,1782361448.702872,0.0019834041595458984
241933,normal,2351,0,1782361448.7047145,0.001842498779296875
241934,normal,3036,0,1782361448.706896,0.002181529998779297
241935,normal,323,0,1782361448.7088356,0.001939535140991211
241936,normal,1596,0,1782361448.7106369,0.0018012523651123047
241937,normal,3115,1,1782361448.7127876,0.0021507740020751953
241938,normal,209,0,1782361448.7148654,0.002077817916870117
241939,normal,132,0,1782361448.7167168,0.0018513202667236328
241940,normal,1719,0,1782361448.7188985,0.0021817684173583984
241941,normal,2023,0,1782361448.720869,0.001970529556274414
241942,normal,2014,0,1782361448.7227092,0.0018401145935058594
241943,normal,1593,0,1782361448.724951,0.002241849899291992
241944,normal,1387,0,1782361448.7268438,0.0018928050994873047
241945,normal,2360,0,1782361448.7287145,0.0018706321716308594
241946,normal,2914,0,1782361448.7309372,0.002222776412963867
241947,normal,925,2,1782361448.7329342,0.0019969940185546875
241948,normal,1908,0,1782361448.7347448,0.0018105506896972656
241949,normal,2759,0,1782361448.7369206,0.0021758079528808594
241950,normal,21,0,1782361448.7389069,0.001986265182495117
241951,normal,1049,0,1782361448.7407126,0.0018057823181152344
241952,normal,3632,0,1782361448.7429602,0.0022475719451904297
241953,normal,415,0,1782361448.744911,0.0019507408142089844
241954,normal,2190,0,1782361448.746711,0.0018000602722167969
241955,normal,2451,0,1782361448.7489123,0.0022013187408447266
241956,normal,991,2,1782361448.7508836,0.0019712448120117188
241957,normal,610,0,1782361448.7527108,0.001827239990234375
241958,normal,3486,0,1782361448.754725,0.00201416015625
241959,normal,2900,0,1782361448.7568142,0.002089262008666992
241960,normal,2710,0,1782361448.7587104,0.0018961429595947266
241961,normal,1076,0,1782361448.760732,0.0020215511322021484
241962,normal,307,0,1782361448.7628942,0.0021622180938720703
241963,normal,3449,0,1782361448.7646794,0.0017852783203125
241964,normal,3023,0,1782361448.7666821,0.002002716064453125
241965,normal,386,0,1782361448.768751,0.002068758010864258
241966,normal,1680,0,1782361448.7707028,0.0019519329071044922
241967,normal,2151,0,1782361448.772681,0.001978158950805664
241968,normal,1931,0,1782361448.774749,0.002068042755126953
241969,normal,3693,0,1782361448.7766821,0.0019330978393554688
241970,normal,3395,1,1782361448.7787116,0.0020294189453125
241971,normal,1731,0,1782361448.780764,0.0020525455474853516
241972,normal,2275,0,1782361448.782681,0.0019168853759765625
241973,normal,2078,0,1782361448.7847152,0.0020341873168945312
241974,normal,3671,0,1782361448.7867558,0.0020406246185302734
241975,normal,3706,0,1782361448.7886865,0.0019307136535644531
241976,normal,2785,0,1782361448.7906792,0.0019927024841308594
241977,normal,3076,1,1782361448.7927432,0.0020639896392822266
241978,normal,1121,0,1782361448.7947369,0.0019936561584472656
241979,normal,2807,0,1782361448.796681,0.0019440650939941406
241980,normal,140,0,1782361448.798749,0.002068042755126953
241981,normal,653,0,1782361448.8006854,0.0019364356994628906
241982,normal,2506,0,1782361448.8026795,0.0019941329956054688
241983,normal,3074,1,1782361448.804753,0.002073526382446289
241984,normal,2520,0,1782361448.806686,0.0019328594207763672
241985,normal,3453,0,1782361448.8086555,0.001969575881958008
241986,normal,1361,1,1782361448.8107545,0.0020990371704101562
241987,normal,3235,1,1782361448.812684,0.0019295215606689453
241988,normal,1531,0,1782361448.8146827,0.0019986629486083984
241989,normal,2426,0,1782361448.8167453,0.002062559127807617
241990,normal,64,0,1782361448.818681,0.001935720443725586
241991,normal,622,0,1782361448.82072,0.0020389556884765625
241992,normal,1447,0,1782361448.8227448,0.0020248889923095703
241993,normal,1723,0,1782361448.8246872,0.0019423961639404297
241994,normal,717,0,1782361448.826678,0.001990795135498047
241995,normal,670,0,1782361448.8287506,0.002072572708129883
241996,normal,1154,0,1782361448.830679,0.0019283294677734375
241997,normal,2891,0,1782361448.8326764,0.0019974708557128906
241998,normal,2150,0,1782361448.8347545,0.0020780563354492188
241999,normal,831,2,1782361448.8366802,0.0019257068634033203
242000,normal,1876,0,1782361448.838677,0.001996755599975586
242001,normal,3254,1,1782361448.8407536,0.0020766258239746094
242002,normal,1242,0,1782361448.8426807,0.0019271373748779297
242003,normal,3490,0,1782361448.8446763,0.001995563507080078
242004,normal,1705,0,1782361448.8467534,0.0020771026611328125
242005,normal,1234,0,1782361448.84868,0.0019266605377197266
242006,normal,1209,0,1782361448.85071,0.002029895782470703
242007,normal,2070,0,1782361448.8527527,0.0020427703857421875
242008,normal,1357,1,1782361448.8546813,0.001928567886352539
242009,normal,600,0,1782361448.8566794,0.0019981861114501953
242010,normal,2259,0,1782361448.8587554,0.0020759105682373047
242011,normal,2694,0,1782361448.8606784,0.0019230842590332031
242012,normal,3704,0,1782361448.8626776,0.0019991397857666016
242013,normal,962,2,1782361448.8647532,0.002075672149658203
242014,normal,1207,0,1782361448.8666859,0.0019326210021972656
242015,normal,2515,0,1782361448.868709,0.0020232200622558594
242016,normal,876,2,1782361448.870751,0.0020418167114257812
242017,normal,3694,0,1782361448.872692,0.0019412040710449219
242018,normal,2562,0,1782361448.8747103,0.0020182132720947266
242019,normal,2129,0,1782361448.876753,0.0020427703857421875
242020,normal,2111,0,1782361448.87868,0.0019268989562988281
242021,normal,931,2,1782361448.8807094,0.0020294189453125
242022,normal,1739,0,1782361448.8827527,0.0020432472229003906
242023,normal,650,0,1782361448.8846781,0.0019254684448242188
242024,normal,3209,1,1782361448.8867106,0.0020325183868408203
242025,normal,1409,0,1782361448.8887508,0.0020401477813720703
242026,normal,331,0,1782361448.8906808,0.0019299983978271484
242027,normal,1710,0,1782361448.8926778,0.0019969940185546875
242028,normal,2616,0,1782361448.8947515,0.0020737648010253906
242029,normal,2905,0,1782361448.8966804,0.0019288063049316406
242030,normal,190,0,1782361448.8987174,0.00203704833984375
242031,normal,424,0,1782361448.9007566,0.002039194107055664
242032,normal,2490,0,1782361448.9026806,0.0019240379333496094
242033,normal,1648,0,1782361448.904677,0.001996278762817383
242034,normal,791,2,1782361448.906755,0.0020780563354492188
242035,normal,422,0,1782361448.9086795,0.0019245147705078125
242036,normal,1255,0,1782361448.910678,0.001998424530029297
242037,normal,903,2,1782361448.9127572,0.0020792484283447266
242038,normal,2816,0,1782361448.9146793,0.0019221305847167969
242039,normal,724,0,1782361448.9167197,0.002040386199951172
242040,normal,1645,0,1782361448.9187393,0.002019643783569336
242041,normal,44,0,1782361448.9206839,0.0019445419311523438
242042,normal,95,0,1782361448.922711,0.0020270347595214844
242043,normal,1096,0,1782361448.924773,0.002062082290649414
242044,normal,2815,0,1782361448.9266784,0.0019054412841796875
242045,normal,445,0,1782361448.9286768,0.001998424530029297
242046,normal,2400,0,1782361448.9307551,0.0020782947540283203
242047,normal,337,0,1782361448.9327476,0.001992464065551758
242048,normal,3606,0,1782361448.9347136,0.0019659996032714844
242049,normal,1954,0,1782361448.9367564,0.0020427703857421875
242050,normal,2933,0,1782361448.9387174,0.0019609928131103516
242051,normal,246,0,1782361448.9407132,0.0019958019256591797
242052,normal,875,2,1782361448.9427495,0.0020363330841064453
242053,normal,2468,0,1782361448.944681,0.0019314289093017578
242054,normal,1700,0,1782361448.9467084,0.0020275115966796875
242055,normal,1991,0,1782361448.9487495,0.0020411014556884766
242056,normal,2281,0,1782361448.9506779,0.0019283294677734375
242057,normal,3061,1,1782361448.9526758,0.0019979476928710938
242058,normal,274,0,1782361448.9547534,0.0020775794982910156
242059,normal,2968,0,1782361448.9566832,0.0019297599792480469
242060,normal,824,2,1782361448.9587076,0.002024412155151367
242061,normal,1846,0,1782361448.960759,0.0020513534545898438
242062,normal,3252,1,1782361448.9626818,0.0019228458404541016
242063,normal,2296,0,1782361448.964708,0.0020263195037841797
242064,normal,1972,0,1782361448.966755,0.002046823501586914
242065,normal,3420,0,1782361448.9686809,0.0019259452819824219
242066,normal,3299,1,1782361448.970708,0.0020270347595214844
242067,normal,2244,0,1782361448.9727545,0.0020465850830078125
242068,normal,1193,0,1782361448.97468,0.0019254684448242188
242069,normal,36,0,1782361448.9767165,0.002036571502685547
242070,normal,1927,0,1782361448.9787378,0.002021312713623047
242071,normal,1452,0,1782361448.9806817,0.001943826675415039
242072,normal,2796,0,1782361448.982721,0.0020394325256347656
242073,normal,2768,0,1782361448.9847488,0.002027750015258789
242074,normal,87,0,1782361448.9866874,0.0019385814666748047
242075,normal,2558,0,1782361448.9886825,0.001995086669921875
242076,normal,593,0,1782361448.990752,0.0020694732666015625
242077,normal,393,0,1782361448.9926798,0.0019278526306152344
242078,normal,1584,0,1782361448.9947205,0.0020406246185302734
242079,normal,905,2,1782361448.996737,0.0020165443420410156
242080,normal,994,2,1782361448.9986827,0.0019457340240478516
242081,normal,2272,0,1782361449.0006902,0.0020074844360351562
242082,normal,826,2,1782361449.0027397,0.0020494461059570312
242083,normal,1861,0,1782361449.004736,0.001996278762817383
242084,normal,573,0,1782361449.0066893,0.0019533634185791016
242085,normal,2407,0,1782361449.008708,0.0020186901092529297
242086,normal,1010,2,1782361449.0107133,0.002005338668823242
242087,normal,2329,0,1782361449.012653,0.0019397735595703125
242088,normal,3225,1,1782361449.0147207,0.00206756591796875
242089,normal,1659,0,1782361449.0168796,0.0021588802337646484
242090,normal,958,2,1782361449.018744,0.0018644332885742188
242091,normal,437,0,1782361449.0208805,0.0021364688873291016
242092,normal,3273,1,1782361449.0229118,0.0020313262939453125
242093,normal,2136,0,1782361449.0247335,0.001821756362915039
242094,normal,2178,0,1782361449.0269027,0.0021691322326660156
242095,normal,1364,1,1782361449.028717,0.0018143653869628906
242096,normal,3639,0,1782361449.030911,0.002193927764892578
242097,normal,1210,0,1782361449.0327938,0.001882791519165039
242098,normal,594,0,1782361449.0347152,0.0019214153289794922
242099,normal,542,0,1782361449.0368776,0.002162456512451172
242100,normal,461,0,1782361449.0387409,0.001863241195678711
242101,normal,2460,0,1782361449.0406332,0.0018923282623291016
242102,normal,3675,0,1782361449.0426247,0.0019915103912353516
242103,normal,1769,0,1782361449.0446365,0.0020117759704589844
242104,normal,2421,0,1782361449.046627,0.0019905567169189453
242105,normal,1239,0,1782361449.048631,0.002003908157348633
242106,normal,1539,0,1782361449.0506349,0.002003908157348633
242107,normal,2061,0,1782361449.0526214,0.0019865036010742188
242108,normal,2635,0,1782361449.0546322,0.002010822296142578
242109,normal,1248,0,1782361449.0566337,0.002001523971557617
242110,normal,2687,0,1782361449.05862,0.001986265182495117
242111,normal,1978,0,1782361449.0606225,0.0020024776458740234
242112,normal,1183,0,1782361449.0626357,0.0020132064819335938
242113,normal,2758,0,1782361449.0646472,0.002011537551879883
242114,normal,2303,0,1782361449.0666208,0.0019736289978027344
242115,normal,3147,1,1782361449.0686367,0.002015829086303711
242116,normal,554,0,1782361449.0706272,0.0019905567169189453
242117,normal,179,0,1782361449.0726347,0.0020074844360351562
242118,normal,491,0,1782361449.0746548,0.002020120620727539
242119,normal,1838,0,1782361449.07671,0.0020551681518554688
242120,normal,2504,0,1782361449.078601,0.0018908977508544922
242121,normal,591,0,1782361449.0806427,0.0020418167114257812
242122,normal,550,0,1782361449.0826259,0.001983165740966797
242123,normal,126,0,1782361449.0847178,0.0020918846130371094
242124,normal,1195,0,1782361449.0867357,0.002017974853515625
242125,normal,2703,0,1782361449.088662,0.0019261837005615234
242126,normal,3211,1,1782361449.0906587,0.001996755599975586
242127,normal,2112,0,1782361449.0926468,0.0019881725311279297
242128,normal,2683,0,1782361449.0946462,0.001999378204345703
242129,normal,1540,0,1782361449.096847,0.0022008419036865234
242130,normal,3665,0,1782361449.0987098,0.0018627643585205078
242131,normal,833,2,1782361449.100804,0.002094268798828125
242132,normal,867,2,1782361449.102703,0.0018990039825439453
242133,normal,3119,1,1782361449.1048253,0.002122163772583008
242134,normal,2907,0,1782361449.1068587,0.0020334720611572266
242135,normal,169,0,1782361449.108661,0.001802206039428711
242136,normal,2366,0,1782361449.1108577,0.002196788787841797
242137,normal,3141,1,1782361449.1127002,0.001842498779296875
242138,normal,1412,0,1782361449.1148531,0.0021529197692871094
242139,normal,24,0,1782361449.1166284,0.0017752647399902344
242140,normal,564,0,1782361449.1186974,0.0020689964294433594
242141,normal,3200,1,1782361449.1207283,0.0020308494567871094
242142,normal,1516,0,1782361449.1226184,0.0018901824951171875
242143,normal,3555,0,1782361449.124628,0.0020096302032470703
242144,normal,2821,0,1782361449.1266332,0.0020051002502441406
242145,normal,144,0,1782361449.1286278,0.001994609832763672
242146,normal,1576,0,1782361449.1307623,0.002134561538696289
242147,normal,2408,0,1782361449.1326106,0.0018482208251953125
242148,normal,606,0,1782361449.1346195,0.0020089149475097656
242149,normal,208,0,1782361449.1367292,0.0021097660064697266
242150,normal,2764,0,1782361449.138605,0.0018758773803710938
242151,normal,147,0,1782361449.1408985,0.0022933483123779297
242152,normal,1017,2,1782361449.142698,0.0017995834350585938
242153,normal,1040,0,1782361449.1447465,0.002048492431640625
242154,normal,779,2,1782361449.146662,0.0019154548645019531
242155,normal,1043,0,1782361449.1486206,0.001958608627319336
242156,normal,3124,1,1782361449.1507242,0.002103567123413086
242157,normal,2870,0,1782361449.1526105,0.0018863677978515625
242158,normal,3257,1,1782361449.1547253,0.0021147727966308594
242159,normal,2075,0,1782361449.1566076,0.001882314682006836
242160,normal,3106,1,1782361449.1587222,0.002114534378051758
242161,normal,715,0,1782361449.1606066,0.00188446044921875
242162,normal,3110,1,1782361449.1627233,0.002116680145263672
242163,normal,1761,0,1782361449.164605,0.0018815994262695312
242164,normal,1109,0,1782361449.166715,0.002110004425048828
242165,normal,2387,0,1782361449.168605,0.0018901824951171875
242166,normal,1077,0,1782361449.170724,0.002118825912475586
242167,normal,348,0,1782361449.1726449,0.001920938491821289
242168,normal,2334,0,1782361449.1746411,0.001996278762817383
242169,normal,3646,0,1782361449.1766205,0.001979351043701172
242170,normal,2337,0,1782361449.1786296,0.002009153366088867
242171,normal,3292,1,1782361449.1806328,0.002003192901611328
242172,normal,1119,0,1782361449.1827133,0.0020804405212402344
242173,normal,1835,0,1782361449.1846068,0.0018935203552246094
242174,normal,1289,0,1782361449.1867146,0.002107858657836914
242175,normal,2214,0,1782361449.188604,0.0018894672393798828
242176,normal,1349,1,1782361449.1907375,0.0021333694458007812
242177,normal,1851,0,1782361449.192613,0.0018754005432128906
242178,normal,1544,0,1782361449.1946177,0.002004861831665039
242179,normal,3015,0,1782361449.196716,0.0020983219146728516
242180,normal,763,0,1782361449.1986022,0.001886129379272461
242181,normal,2088,0,1782361449.2007005,0.0020983219146728516
242182,normal,2308,0,1782361449.2026083,0.0019078254699707031
242183,normal,738,0,1782361449.2047153,0.002106904983520508
242184,normal,1526,0,1782361449.2066052,0.001889944076538086
242185,normal,1994,0,1782361449.2087212,0.002115964889526367
242186,normal,1236,0,1782361449.2106094,0.001888275146484375
242187,normal,2567,0,1782361449.212862,0.0022525787353515625
242188,normal,3591,0,1782361449.2146153,0.0017533302307128906
242189,normal,642,0,1782361449.216728,0.0021126270294189453
242190,normal,1573,0,1782361449.218702,0.0019741058349609375
242191,normal,2110,0,1782361449.2206168,0.0019147396087646484
242192,normal,712,0,1782361449.2227297,0.002112865447998047
242193,normal,3287,1,1782361449.2246113,0.0018815994262695312
242194,normal,1391,0,1782361449.2267165,0.002105236053466797
242195,normal,1868,0,1782361449.2286034,0.0018868446350097656
242196,normal,3154,1,1782361449.230714,0.002110719680786133
242197,normal,1918,0,1782361449.232605,0.0018908977508544922
242198,normal,1299,0,1782361449.2347057,0.002100706100463867
242199,normal,206,0,1782361449.2366278,0.0019221305847167969
242200,normal,2363,0,1782361449.2386332,0.002005338668823242
242201,normal,273,0,1782361449.2406309,0.001997709274291992
242202,normal,1025,2,1782361449.2427156,0.0020847320556640625
242203,normal,138,0,1782361449.2446387,0.0019230842590332031
242204,normal,811,2,1782361449.2466426,0.002003908157348633
242205,normal,1673,0,1782361449.248631,0.0019884109497070312
242206,normal,585,0,1782361449.2506402,0.002009153366088867
242207,normal,809,2,1782361449.2526288,0.001988649368286133
242208,normal,3526,0,1782361449.254623,0.0019941329956054688
242209,normal,1422,0,1782361449.2566288,0.0020058155059814453
242210,normal,313,0,1782361449.258629,0.0020003318786621094
242211,normal,2557,0,1782361449.260702,0.0020728111267089844
242212,normal,2858,0,1782361449.2626097,0.0019078254699707031
242213,normal,2608,0,1782361449.2649343,0.0023245811462402344
242214,normal,737,0,1782361449.2667623,0.0018279552459716797
242215,normal,2704,0,1782361449.2687008,0.0019385814666748047
242216,normal,3033,0,1782361449.2708664,0.002165555953979492
242217,normal,1104,0,1782361449.272768,0.0019016265869140625
242218,normal,2493,0,1782361449.274697,0.0019290447235107422
242219,normal,560,0,1782361449.2769067,0.0022096633911132812
242220,normal,1748,0,1782361449.2787786,0.0018718242645263672
242221,normal,2503,0,1782361449.2807007,0.0019221305847167969
242222,normal,14,0,1782361449.2829084,0.0022077560424804688
242223,normal,1288,0,1782361449.2847593,0.0018508434295654297
242224,normal,1805,0,1782361449.2866962,0.0019369125366210938
242225,normal,1521,0,1782361449.2889125,0.002216339111328125
242226,normal,557,0,1782361449.2907715,0.0018589496612548828
242227,normal,1401,0,1782361449.2926962,0.001924753189086914
242228,normal,846,2,1782361449.2949138,0.002217531204223633
242229,normal,3313,1,1782361449.2967615,0.0018477439880371094
242230,normal,1786,0,1782361449.2987022,0.0019407272338867188
242231,normal,911,2,1782361449.3008938,0.0021915435791015625
242232,normal,1857,0,1782361449.302758,0.0018641948699951172
242233,normal,1970,0,1782361449.3047006,0.0019426345825195312
242234,normal,2922,0,1782361449.3068962,0.002195596694946289
242235,normal,2991,0,1782361449.3087626,0.0018663406372070312
242236,normal,3072,1,1782361449.3106966,0.001934051513671875
242237,normal,2115,0,1782361449.3128994,0.002202749252319336
242238,normal,863,2,1782361449.3149915,0.002092123031616211
242239,normal,324,0,1782361449.3168588,0.0018672943115234375
242240,normal,3643,0,1782361449.3191223,0.0022635459899902344
242241,normal,3385,1,1782361449.3207247,0.0016024112701416016
242242,normal,718,0,1782361449.322994,0.002269268035888672
242243,normal,1812,0,1782361449.3247073,0.0017132759094238281
242244,normal,71,0,1782361449.3268101,0.0021028518676757812
242245,normal,1775,0,1782361449.3286374,0.001827239990234375
242246,normal,3331,1,1782361449.330786,0.0021486282348632812
242247,normal,1068,0,1782361449.3326564,0.0018703937530517578
242248,normal,2324,0,1782361449.3347056,0.0020492076873779297
242249,normal,3037,0,1782361449.3366778,0.001972198486328125
242250,normal,1280,0,1782361449.3387537,0.0020759105682373047
242251,normal,3283,1,1782361449.340683,0.0019292831420898438
242252,normal,1866,0,1782361449.3427567,0.0020737648010253906
242253,normal,806,2,1782361449.3448591,0.002102375030517578
242254,normal,898,2,1782361449.3466554,0.0017962455749511719
242255,normal,3210,1,1782361449.3488283,0.0021729469299316406
242256,normal,1273,0,1782361449.3507385,0.0019102096557617188
242257,normal,1306,0,1782361449.3527305,0.0019919872283935547
242258,normal,1325,1,1782361449.3547437,0.0020132064819335938
242259,normal,1621,0,1782361449.3568404,0.0020966529846191406
242260,normal,198,0,1782361449.3587146,0.0018742084503173828
242261,normal,2250,0,1782361449.360732,0.002017498016357422
242262,normal,1948,0,1782361449.362678,0.0019459724426269531
242263,normal,267,0,1782361449.3647254,0.002047300338745117
242264,normal,338,0,1782361449.3667946,0.002069234848022461
242265,normal,1000,2,1782361449.3688045,0.002009868621826172
242266,normal,544,0,1782361449.3707757,0.0019712448120117188
242267,normal,325,0,1782361449.372767,0.00199127197265625
242268,normal,1957,0,1782361449.374746,0.0019791126251220703
242269,normal,118,0,1782361449.3771427,0.0023965835571289062
242270,normal,617,0,1782361449.3789947,0.0018520355224609375
242271,normal,3559,0,1782361449.3811681,0.0021734237670898438
242272,normal,612,0,1782361449.382806,0.0016379356384277344
242273,normal,705,0,1782361449.3848767,0.0020706653594970703
242274,normal,918,2,1782361449.3870916,0.0022149085998535156
242275,normal,3371,1,1782361449.3887408,0.0016491413116455078
242276,normal,747,0,1782361449.3908026,0.0020618438720703125
242277,normal,2751,0,1782361449.3927171,0.0019145011901855469
242278,normal,3242,1,1782361449.3949227,0.0022056102752685547
242279,normal,1711,0,1782361449.3968298,0.0019071102142333984
242280,normal,3429,0,1782361449.3988907,0.0020608901977539062
242281,normal,621,0,1782361449.4007776,0.0018868446350097656
242282,normal,1309,0,1782361449.402936,0.0021584033966064453
242283,normal,1232,0,1782361449.404718,0.0017819404602050781
242284,normal,1450,0,1782361449.406868,0.0021500587463378906
242285,normal,2137,0,1782361449.4087753,0.0019073486328125
242286,normal,1148,0,1782361449.4108615,0.002086162567138672
242287,normal,2735,0,1782361449.4127734,0.0019118785858154297
242288,normal,2195,0,1782361449.4148808,0.002107381820678711
242289,normal,3519,0,1782361449.4168673,0.0019865036010742188
242290,normal,60,0,1782361449.4187672,0.0018999576568603516
242291,normal,2684,0,1782361449.4209652,0.0021979808807373047
242292,normal,1752,0,1782361449.422745,0.001779794692993164
242293,normal,3370,1,1782361449.4248781,0.0021331310272216797
242294,normal,3054,1,1782361449.4267225,0.0018444061279296875
242295,normal,2833,0,1782361449.4288938,0.0021712779998779297
242296,normal,2338,0,1782361449.4307637,0.0018699169158935547
242297,normal,1457,0,1782361449.4328527,0.0020890235900878906
242298,normal,2266,0,1782361449.4348466,0.001993894577026367
242299,normal,1693,0,1782361449.4368763,0.0020296573638916016
242300,normal,1090,0,1782361449.438832,0.001955747604370117
242301,normal,2792,0,1782361449.4408953,0.002063274383544922
242302,normal,1917,0,1782361449.4429338,0.0020384788513183594
242303,normal,2114,0,1782361449.4449277,0.001993894577026367
242304,normal,2432,0,1782361449.4468992,0.0019714832305908203
242305,normal,569,0,1782361449.4489484,0.0020492076873779297
242306,normal,497,0,1782361449.4508708,0.0019223690032958984
242307,normal,2474,0,1782361449.452681,0.001810312271118164
242308,normal,1074,0,1782361449.454848,0.0021669864654541016
242309,normal,3478,0,1782361449.4567578,0.0019097328186035156
242310,normal,757,0,1782361449.4590702,0.0023124217987060547
242311,normal,570,0,1782361449.4606798,0.0016095638275146484
242312,normal,1745,0,1782361449.4628394,0.002159595489501953
242313,normal,1847,0,1782361449.4648392,0.0019998550415039062
242314,normal,722,0,1782361449.4667535,0.0019142627716064453
242315,normal,2459,0,1782361449.4691675,0.0024139881134033203
242316,normal,2464,0,1782361449.4708478,0.0016803741455078125
242317,normal,3050,1,1782361449.4729164,0.0020685195922851562
242318,normal,2941,0,1782361449.474889,0.001972675323486328
242319,normal,3582,0,1782361449.476827,0.0019378662109375
242320,normal,3612,0,1782361449.478795,0.0019681453704833984
242321,normal,609,0,1782361449.4808738,0.0020787715911865234
242322,normal,2424,0,1782361449.4828806,0.0020067691802978516
242323,normal,485,0,1782361449.48517,0.002289295196533203
242324,normal,255,0,1782361449.4867427,0.0015728473663330078
242325,normal,3432,0,1782361449.4888496,0.002106904983520508
242326,normal,686,0,1782361449.4908695,0.0020198822021484375
242327,normal,3390,1,1782361449.4927776,0.0019080638885498047
242328,normal,2662,0,1782361449.4948726,0.0020949840545654297
242329,normal,116,0,1782361449.4968295,0.001956939697265625
242330,normal,590,0,1782361449.4990766,0.0022470951080322266
242331,normal,836,2,1782361449.500833,0.001756429672241211
242332,normal,781,2,1782361449.5028574,0.002024412155151367
242333,normal,3362,1,1782361449.5050087,0.0021512508392333984
242334,normal,3423,0,1782361449.5070658,0.0020570755004882812
242335,normal,549,0,1782361449.5090659,0.002000093460083008
242336,normal,741,0,1782361449.5109599,0.0018939971923828125
242337,normal,1350,1,1782361449.5127444,0.0017845630645751953
242338,normal,1066,0,1782361449.5152926,0.0025482177734375
242339,normal,1935,0,1782361449.5170093,0.00171661376953125
242340,normal,175,0,1782361449.518761,0.0017516613006591797
242341,normal,2311,0,1782361449.520884,0.002123117446899414
242342,normal,1897,0,1782361449.5231159,0.0022318363189697266
242343,normal,1530,0,1782361449.5250783,0.001962423324584961
242344,normal,2444,0,1782361449.5267909,0.0017125606536865234
242345,normal,813,2,1782361449.528839,0.0020482540130615234
242346,normal,1072,0,1782361449.5307653,0.0019261837005615234
242347,normal,537,0,1782361449.532821,0.002055644989013672
242348,normal,3663,0,1782361449.5348115,0.0019905567169189453
242349,normal,3512,0,1782361449.5367157,0.0019042491912841797
242350,normal,347,0,1782361449.5387802,0.0020644664764404297
242351,normal,995,2,1782361449.5407147,0.0019345283508300781
242352,normal,145,0,1782361449.5428603,0.002145528793334961
242353,normal,192,0,1782361449.5446763,0.0018160343170166016
242354,normal,2676,0,1782361449.5467472,0.002070903778076172
242355,normal,1004,2,1782361449.5487528,0.0020055770874023438
242356,normal,1512,0,1782361449.5509467,0.002193927764892578
242357,normal,349,0,1782361449.5529375,0.001990795135498047
242358,normal,2554,0,1782361449.5546992,0.0017616748809814453
242359,normal,1478,0,1782361449.5567749,0.002075672149658203
242360,normal,3339,1,1782361449.5587711,0.001996278762817383
242361,normal,3251,1,1782361449.560747,0.0019757747650146484
242362,normal,1660,0,1782361449.5627334,0.0019865036010742188
242363,normal,2469,0,1782361449.5647278,0.0019943714141845703
242364,normal,695,0,1782361449.5669498,0.0022220611572265625
242365,normal,2716,0,1782361449.5687728,0.0018229484558105469
242366,normal,2548,0,1782361449.570823,0.002050161361694336
242367,normal,1264,0,1782361449.572932,0.002109050750732422
242368,normal,2830,0,1782361449.5748646,0.0019326210021972656
242369,normal,2448,0,1782361449.576844,0.001979351043701172
242370,normal,2918,0,1782361449.5788472,0.002003192901611328
242371,normal,477,0,1782361449.5809011,0.002053976058959961
242372,normal,2371,0,1782361449.5827217,0.0018205642700195312
242373,normal,1006,2,1782361449.5847208,0.0019991397857666016
242374,normal,1267,0,1782361449.5867186,0.001997709274291992
242375,normal,2663,0,1782361449.5889452,0.002226591110229492
242376,normal,3505,0,1782361449.590638,0.0016927719116210938
242377,normal,2509,0,1782361449.5927334,0.002095460891723633
242378,normal,3691,0,1782361449.5947163,0.0019829273223876953
242379,normal,3577,0,1782361449.5967178,0.002001523971557617
242380,normal,2269,0,1782361449.5995069,0.002789020538330078
242381,normal,1147,0,1782361449.601037,0.0015301704406738281
242382,normal,3193,1,1782361449.6027336,0.0016965866088867188
242383,normal,3492,0,1782361449.6047673,0.002033710479736328
242384,normal,1566,0,1782361449.6067688,0.002001523971557617
242385,normal,2029,0,1782361449.6087604,0.0019915103912353516
242386,normal,1962,0,1782361449.6108828,0.0021224021911621094
242387,normal,310,0,1782361449.612815,0.0019321441650390625
242388,normal,410,0,1782361449.614766,0.001950979232788086
242389,normal,496,0,1782361449.6167662,0.0020003318786621094
242390,normal,1998,0,1782361449.6187901,0.002023935317993164
242391,normal,3250,1,1782361449.6207771,0.001986980438232422
242392,normal,774,2,1782361449.6228206,0.002043485641479492
242393,normal,1385,0,1782361449.6247952,0.0019745826721191406
242394,normal,3687,0,1782361449.626792,0.001996755599975586
242395,normal,3685,0,1782361449.6288762,0.0020842552185058594
242396,normal,1027,2,1782361449.6316388,0.0027625560760498047
242397,normal,1327,1,1782361449.6331978,0.0015590190887451172
242398,normal,2852,0,1782361449.634673,0.0014753341674804688
242399,normal,239,0,1782361449.6367838,0.002110719680786133
242400,normal,1755,0,1782361449.6388342,0.0020503997802734375
242401,normal,172,0,1782361449.6407504,0.0019161701202392578
242402,normal,3454,0,1782361449.6428869,0.0021364688873291016
242403,normal,1634,0,1782361449.644916,0.0020291805267333984
242404,normal,2682,0,1782361449.646794,0.0018780231475830078
242405,normal,1181,0,1782361449.6490517,0.0022575855255126953
242406,normal,3081,1,1782361449.6510625,0.002010822296142578
242407,normal,721,0,1782361449.6526544,0.0015919208526611328
242408,normal,2853,0,1782361449.6547344,0.0020799636840820312
242409,normal,1041,0,1782361449.6567678,0.0020334720611572266
242410,normal,1146,0,1782361449.6587617,0.001993894577026367
242411,normal,1315,0,1782361449.660773,0.0020112991333007812
242412,normal,870,2,1782361449.6628015,0.0020284652709960938
242413,normal,523,0,1782361449.6647825,0.001981019973754883
242414,normal,805,2,1782361449.666782,0.001999378204345703
242415,normal,1244,0,1782361449.668822,0.0020401477813720703
242416,normal,2401,0,1782361449.670763,0.0019409656524658203
242417,normal,142,0,1782361449.6728399,0.002076864242553711
242418,normal,2555,0,1782361449.6746829,0.0018429756164550781
242419,normal,3440,0,1782361449.6768014,0.0021185874938964844
242420,normal,2648,0,1782361449.678811,0.0020096302032470703
242421,normal,2512,0,1782361449.6807644,0.0019533634185791016
242422,normal,1875,0,1782361449.6828332,0.002068758010864258
242423,normal,2782,0,1782361449.684762,0.0019288063049316406
242424,normal,3562,0,1782361449.6876287,0.0028667449951171875
242425,normal,3594,0,1782361449.6886837,0.001055002212524414
242426,normal,808,2,1782361449.690792,0.002108335494995117
242427,normal,2372,0,1782361449.692806,0.0020139217376708984
242428,normal,3491,0,1782361449.69481,0.002003908157348633
242429,normal,1460,0,1782361449.6968124,0.0020024776458740234
242430,normal,281,0,1782361449.698807,0.001994609832763672
242431,normal,2462,0,1782361449.7007647,0.0019576549530029297
242432,normal,2200,0,1782361449.7027655,0.0020008087158203125
242433,normal,364,0,1782361449.7047586,0.0019931793212890625
242434,normal,2908,0,1782361449.7067614,0.002002716064453125
242435,normal,2486,0,1782361449.708761,0.0019996166229248047
242436,normal,2313,0,1782361449.7107582,0.001997232437133789
242437,normal,652,0,1782361449.7127938,0.0020356178283691406
242438,normal,1170,0,1782361449.7148302,0.0020363330841064453
242439,normal,3207,1,1782361449.7167566,0.001926422119140625
242440,normal,3696,0,1782361449.7188778,0.0021212100982666016
242441,normal,1444,0,1782361449.720802,0.001924276351928711
242442,normal,270,0,1782361449.722783,0.001981019973754883
242443,normal,1707,0,1782361449.7247715,0.0019884109497070312
242444,normal,486,0,1782361449.7267811,0.0020096302032470703
242445,normal,2668,0,1782361449.7287586,0.0019774436950683594
242446,normal,1702,0,1782361449.7307448,0.001986265182495117
242447,normal,2222,0,1782361449.7327483,0.0020034313201904297
242448,normal,2632,0,1782361449.7348251,0.002076864242553711
242449,normal,3476,0,1782361449.7367482,0.0019230842590332031
242450,normal,1071,0,1782361449.7387583,0.0020101070404052734
242451,normal,2355,0,1782361449.7408867,0.0021283626556396484
242452,normal,29,0,1782361449.7428508,0.001964092254638672
242453,normal,1963,0,1782361449.74485,0.0019991397857666016
242454,normal,2321,0,1782361449.746943,0.002093076705932617
242455,normal,1032,0,1782361449.7488654,0.0019223690032958984
242456,normal,217,0,1782361449.7506988,0.0018334388732910156
242457,normal,1216,0,1782361449.7527406,0.0020418167114257812
242458,normal,957,2,1782361449.7546446,0.0019040107727050781
242459,normal,2596,0,1782361449.7566507,0.002006053924560547
242460,normal,929,2,1782361449.7588913,0.0022406578063964844
242461,normal,3263,1,1782361449.7606351,0.0017437934875488281
242462,normal,3602,0,1782361449.7626276,0.001992464065551758
242463,normal,919,2,1782361449.764698,0.0020704269409179688
242464,normal,1569,0,1782361449.766617,0.0019190311431884766
242465,normal,454,0,1782361449.768832,0.0022149085998535156
242466,normal,2559,0,1782361449.7708292,0.001997232437133789
242467,normal,1933,0,1782361449.7728252,0.0019960403442382812
242468,normal,2309,0,1782361449.774745,0.0019197463989257812
242469,normal,2909,0,1782361449.776696,0.001950979232788086
242470,normal,3113,1,1782361449.7787652,0.002069234848022461
242471,normal,1461,0,1782361449.780761,0.0019958019256591797
242472,normal,1834,0,1782361449.7829316,0.002170562744140625
242473,normal,1562,0,1782361449.784918,0.0019865036010742188
242474,normal,1419,0,1782361449.786773,0.0018548965454101562
242475,normal,1402,0,1782361449.7887697,0.001996755599975586
242476,normal,2079,0,1782361449.7907672,0.0019974708557128906
242477,normal,1657,0,1782361449.7927768,0.0020096302032470703
242478,normal,320,0,1782361449.794834,0.0020570755004882812
242479,normal,3573,0,1782361449.7968051,0.0019712448120117188
242480,normal,3070,1,1782361449.798944,0.002138853073120117
242481,normal,1222,0,1782361449.8007982,0.0018541812896728516
242482,normal,1595,0,1782361449.8028085,0.002010345458984375
242483,normal,904,2,1782361449.804823,0.0020143985748291016
242484,normal,1727,0,1782361449.806824,0.002001047134399414
242485,normal,3202,1,1782361449.8089342,0.0021102428436279297
242486,normal,1901,0,1782361449.8108954,0.001961231231689453
242487,normal,1250,0,1782361449.8128612,0.001965761184692383
242488,normal,1712,0,1782361449.8150277,0.0021665096282958984
242489,normal,3532,0,1782361449.8170426,0.0020148754119873047
242490,normal,514,0,1782361449.8187885,0.0017459392547607422
242491,normal,2746,0,1782361449.8206174,0.001828908920288086
242492,normal,822,2,1782361449.8227546,0.0021371841430664062
242493,normal,2080,0,1782361449.8248239,0.002069234848022461
242494,normal,16,0,1782361449.826703,0.0018792152404785156
242495,normal,2997,0,1782361449.8287253,0.002022266387939453
242496,normal,3001,0,1782361449.830828,0.0021026134490966797
242497,normal,1732,0,1782361449.832723,0.0018949508666992188
242498,normal,736,0,1782361449.8350668,0.002343893051147461
242499,normal,2194,0,1782361449.8365996,0.0015327930450439453
242500,normal,3026,0,1782361449.838658,0.0020585060119628906
242501,normal,2271,0,1782361449.8407624,0.0021042823791503906
242502,normal,1793,0,1782361449.8426993,0.0019369125366210938
242503,normal,1001,2,1782361449.8446815,0.0019822120666503906
242504,normal,97,0,1782361449.846679,0.0019974708557128906
242505,normal,2335,0,1782361449.8487172,0.002038240432739258
242506,normal,2604,0,1782361449.8507495,0.0020322799682617188
242507,normal,1333,1,1782361449.8526268,0.0018773078918457031
242508,normal,587,0,1782361449.8546836,0.0020568370819091797
242509,normal,1946,0,1782361449.8566234,0.0019397735595703125
242510,normal,1940,0,1782361449.8586264,0.0020029544830322266
242511,normal,2916,0,1782361449.8606799,0.002053499221801758
242512,normal,1060,0,1782361449.8626862,0.0020062923431396484
242513,normal,1517,0,1782361449.8647316,0.0020453929901123047
242514,normal,2051,0,1782361449.8667893,0.002057790756225586
242515,normal,1484,0,1782361449.8687568,0.0019674301147460938
242516,normal,2300,0,1782361449.870674,0.001917123794555664
242517,normal,2743,0,1782361449.872733,0.0020592212677001953
242518,normal,641,0,1782361449.8747015,0.0019683837890625
242519,normal,154,0,1782361449.87665,0.0019485950469970703
242520,normal,357,0,1782361449.878659,0.0020089149475097656
242521,normal,3142,1,1782361449.8806076,0.0019485950469970703
242522,normal,2204,0,1782361449.8829942,0.0023865699768066406
242523,normal,1114,0,1782361449.8846912,0.0016970634460449219
242524,normal,853,2,1782361449.8866992,0.0020079612731933594
242525,normal,1070,0,1782361449.8887742,0.0020749568939208984
242526,normal,3289,1,1782361449.8908658,0.002091646194458008
242527,normal,571,0,1782361449.89274,0.0018742084503173828
242528,normal,1213,0,1782361449.8948011,0.002061128616333008
242529,normal,2874,0,1782361449.8968828,0.002081632614135742
242530,normal,3402,0,1782361449.898609,0.0017261505126953125
242531,normal,1760,0,1782361449.9006424,0.0020334720611572266
242532,normal,2154,0,1782361449.9027338,0.0020914077758789062
242533,normal,733,0,1782361449.904843,0.0021092891693115234
242534,normal,233,0,1782361449.9067605,0.0019173622131347656
242535,normal,2641,0,1782361449.908717,0.001956462860107422
242536,normal,3083,1,1782361449.9106185,0.0019016265869140625
242537,normal,764,0,1782361449.9127235,0.0021049976348876953
242538,normal,3064,1,1782361449.9150105,0.0022869110107421875
242539,normal,2161,0,1782361449.9170063,0.0019958019256591797
242540,normal,1226,0,1782361449.9188266,0.0018203258514404297
242541,normal,3425,0,1782361449.9207642,0.0019376277923583984
242542,normal,3406,0,1782361449.9227693,0.0020051002502441406
242543,normal,1230,0,1782361449.9247599,0.0019905567169189453
242544,normal,3537,0,1782361449.9269466,0.0021867752075195312
242545,normal,2579,0,1782361449.928743,0.0017962455749511719
242546,normal,2488,0,1782361449.9307413,0.001998424530029297
242547,normal,10,0,1782361449.9327557,0.0020143985748291016
242548,normal,672,0,1782361449.9347546,0.0019989013671875
242549,normal,1809,0,1782361449.936775,0.0020203590393066406
242550,normal,321,0,1782361449.9388375,0.002062559127807617
242551,normal,2658,0,1782361449.940724,0.0018863677978515625
242552,normal,224,0,1782361449.9427865,0.002062559127807617
242553,normal,2543,0,1782361449.9447696,0.001983165740966797
242554,normal,3446,0,1782361449.9470477,0.0022780895233154297
242555,normal,1002,2,1782361449.949699,0.002651214599609375
242556,normal,3358,1,1782361449.9507341,0.0010352134704589844
242557,normal,1009,2,1782361449.9530802,0.002346038818359375
242558,normal,1885,0,1782361449.9549189,0.00183868408203125
242559,normal,1567,0,1782361449.9572752,0.002356290817260742
242560,normal,2409,0,1782361449.9591568,0.0018815994262695312
242561,normal,920,2,1782361449.960765,0.001608133316040039
242562,normal,2655,0,1782361449.9627075,0.0019426345825195312
242563,normal,2443,0,1782361449.9646904,0.0019829273223876953
242564,normal,1620,0,1782361449.9668474,0.002156972885131836
242565,normal,769,0,1782361449.9687793,0.001931905746459961
242566,normal,506,0,1782361449.9707217,0.0019423961639404297
242567,normal,2607,0,1782361449.9727352,0.0020134449005126953
242568,normal,1308,0,1782361449.9748113,0.0020761489868164062
242569,normal,3150,1,1782361449.9771934,0.002382040023803711
242570,normal,839,2,1782361449.9786117,0.0014183521270751953
242571,normal,1806,0,1782361449.9807017,0.002089977264404297
242572,normal,3698,0,1782361449.9826434,0.001941680908203125
242573,normal,2046,0,1782361449.9847002,0.0020568370819091797
242574,normal,2733,0,1782361449.986696,0.0019958019256591797
242575,normal,1051,0,1782361449.9886544,0.0019583702087402344
242576,normal,2940,0,1782361449.9906797,0.0020253658294677734
242577,normal,2473,0,1782361449.9927812,0.002101421356201172
242578,normal,3399,1,1782361449.9946513,0.0018701553344726562
242579,normal,188,0,1782361449.9966226,0.0019712448120117188
242580,normal,73,0,1782361449.998684,0.0020613670349121094
242581,normal,1026,2,1782361450.000623,0.0019390583038330078
242582,normal,84,0,1782361450.002625,0.0020020008087158203
242583,normal,160,0,1782361450.0047517,0.0021266937255859375
242584,normal,3268,1,1782361450.006727,0.0019752979278564453
242585,normal,634,0,1782361450.008801,0.002074003219604492
242586,normal,3391,1,1782361450.0107915,0.0019905567169189453
242587,normal,889,2,1782361450.0126772,0.0018856525421142578
242588,normal,1471,0,1782361450.0146828,0.0020055770874023438
242589,normal,524,0,1782361450.0167353,0.0020525455474853516
242590,normal,3610,0,1782361450.0186076,0.0018723011016845703
242591,normal,2113,0,1782361450.0206382,0.002030611038208008
242592,normal,1065,0,1782361450.0226595,0.002021312713623047
242593,normal,3329,1,1782361450.0249605,0.0023009777069091797
242594,normal,1575,0,1782361450.0267093,0.001748800277709961
242595,normal,1734,0,1782361450.0287488,0.0020394325256347656
242596,normal,2193,0,1782361450.0307934,0.002044677734375
242597,normal,2571,0,1782361450.0328403,0.002046823501586914
242598,normal,2170,0,1782361450.0347674,0.0019271373748779297
242599,normal,3351,1,1782361450.0367732,0.0020058155059814453
242600,normal,576,0,1782361450.0388587,0.002085447311401367
242601,normal,1704,0,1782361450.0406587,0.0018000602722167969
242602,normal,1667,0,1782361450.0426004,0.001941680908203125
242603,normal,186,0,1782361450.0446758,0.0020754337310791016
242604,normal,3518,0,1782361450.046687,0.0020110607147216797
242605,normal,2120,0,1782361450.0486498,0.001962900161743164
242606,normal,2073,0,1782361450.0505934,0.0019435882568359375
242607,normal,775,2,1782361450.0526438,0.0020503997802734375
242608,normal,2546,0,1782361450.054598,0.001954317092895508
242609,normal,3508,0,1782361450.0570216,0.002423524856567383
242610,normal,3662,0,1782361450.0589693,0.001947641372680664
242611,normal,3138,1,1782361450.0607467,0.0017774105072021484
242612,normal,1164,0,1782361450.0627098,0.0019631385803222656
242613,normal,3132,1,1782361450.0647078,0.0019979476928710938
242614,normal,1249,0,1782361450.0666401,0.001932382583618164
242615,normal,1039,0,1782361450.0688584,0.0022182464599609375
242616,normal,3284,1,1782361450.07076,0.0019016265869140625
242617,normal,489,0,1782361450.0726337,0.0018737316131591797
242618,normal,1201,0,1782361450.0747807,0.0021469593048095703
242619,normal,1490,0,1782361450.0767868,0.002006053924560547
242620,normal,3269,1,1782361450.0787773,0.0019905567169189453
242621,normal,1644,0,1782361450.0811605,0.0023832321166992188
242622,normal,3659,0,1782361450.0829527,0.0017921924591064453
242623,normal,1911,0,1782361450.0848935,0.0019407272338867188
242624,normal,1543,0,1782361450.0868661,0.001972675323486328
242625,normal,377,0,1782361450.0888162,0.0019500255584716797
242626,normal,3702,0,1782361450.0908449,0.0020287036895751953
242627,normal,2750,0,1782361450.0931315,0.002286672592163086
242628,normal,1326,1,1782361450.0948997,0.0017681121826171875
242629,normal,404,0,1782361450.0968008,0.0019011497497558594
242630,normal,1830,0,1782361450.0989444,0.0021436214447021484
242631,normal,2651,0,1782361450.1009731,0.0020287036895751953
242632,normal,330,0,1782361450.1026545,0.0016813278198242188
242633,normal,2749,0,1782361450.1047144,0.0020599365234375
242634,normal,1987,0,1782361450.1067963,0.0020818710327148438
242635,normal,478,0,1782361450.1089041,0.002107858657836914
242636,normal,3380,1,1782361450.1107986,0.0018944740295410156
242637,normal,3155,1,1782361450.112854,0.0020554065704345703
242638,normal,3183,1,1782361450.114786,0.001931905746459961
242639,normal,1095,0,1782361450.1168554,0.0020694732666015625
242640,normal,510,0,1782361450.1193483,0.0024929046630859375
242641,normal,1159,0,1782361450.120691,0.0013427734375
242642,normal,1538,0,1782361450.1227713,0.002080202102661133
242643,normal,3424,0,1782361450.1248071,0.002035856246948242
242644,normal,699,0,1782361450.1267786,0.0019714832305908203
242645,normal,2753,0,1782361450.128807,0.0020284652709960938
242646,normal,452,0,1782361450.130706,0.0018990039825439453
242647,normal,548,0,1782361450.1328356,0.0021295547485351562
242648,normal,864,2,1782361450.1347902,0.0019545555114746094
242649,normal,1886,0,1782361450.1367707,0.0019805431365966797
242650,normal,3145,1,1782361450.1387622,0.0019915103912353516
242651,normal,1534,0,1782361450.1407716,0.0020093917846679688
242652,normal,2124,0,1782361450.1427555,0.0019838809967041016
242653,normal,955,2,1782361450.1447654,0.002009868621826172
242654,normal,0,0,1782361450.1467965,0.002031087875366211
242655,normal,2230,0,1782361450.1487668,0.0019702911376953125
242656,normal,80,0,1782361450.151057,0.0022902488708496094
242657,normal,3241,1,1782361450.1527164,0.001659393310546875
242658,normal,2053,0,1782361450.1548145,0.00209808349609375
242659,normal,3321,1,1782361450.1567423,0.0019278526306152344
242660,normal,3583,0,1782361450.1587536,0.0020112991333007812
242661,normal,3345,1,1782361450.160749,0.0019953250885009766
242662,normal,406,0,1782361450.162745,0.0019960403442382812
242663,normal,1172,0,1782361450.1647453,0.0020003318786621094
242664,normal,1322,1,1782361450.166786,0.0020406246185302734
242665,normal,1966,0,1782361450.1688063,0.0020203590393066406
242666,normal,1079,0,1782361450.1708417,0.002035379409790039
242667,normal,1759,0,1782361450.1728196,0.0019779205322265625
242668,normal,3098,1,1782361450.1749172,0.002097606658935547
242669,normal,1597,0,1782361450.176784,0.0018668174743652344
242670,normal,420,0,1782361450.1788886,0.002104520797729492
242671,normal,626,0,1782361450.180975,0.0020864009857177734
242672,normal,346,0,1782361450.1827881,0.0018131732940673828
242673,normal,1453,0,1782361450.1846523,0.0018641948699951172
242674,normal,907,2,1782361450.186728,0.002075672149658203
242675,normal,2839,0,1782361450.1887307,0.002002716064453125
242676,normal,971,2,1782361450.191,0.002269268035888672
242677,normal,1640,0,1782361450.192706,0.0017061233520507812
242678,normal,2779,0,1782361450.194702,0.0019958019256591797
242679,normal,1011,2,1782361450.196631,0.0019290447235107422
242680,normal,691,0,1782361450.1987267,0.0020956993103027344
242681,normal,3494,0,1782361450.2007282,0.002001523971557617
242682,normal,3161,1,1782361450.2034078,0.002679586410522461
242683,normal,778,2,1782361450.2048023,0.001394510269165039
242684,normal,579,0,1782361450.2069032,0.0021009445190429688
242685,normal,1310,0,1782361450.2087014,0.0017981529235839844
242686,normal,399,0,1782361450.2107801,0.0020787715911865234
242687,normal,3709,0,1782361450.2127752,0.001995086669921875
242688,normal,644,0,1782361450.2147932,0.002017974853515625
242689,normal,1191,0,1782361450.217134,0.0023407936096191406
242690,normal,2805,0,1782361450.2188268,0.0016927719116210938
242691,normal,2860,0,1782361450.2206857,0.0018589496612548828
242692,normal,3195,1,1782361450.2227712,0.002085447311401367
242693,normal,602,0,1782361450.2248,0.002028942108154297
242694,normal,1307,0,1782361450.2266874,0.0018873214721679688
242695,normal,2772,0,1782361450.2288496,0.0021622180938720703
242696,normal,120,0,1782361450.2310514,0.0022017955780029297
242697,normal,1879,0,1782361450.2328372,0.0017857551574707031
242698,normal,2187,0,1782361450.2349038,0.0020666122436523438
242699,normal,2525,0,1782361450.236898,0.0019941329956054688
242700,normal,1155,0,1782361450.2388227,0.001924753189086914
242701,normal,2118,0,1782361450.2411304,0.0023076534271240234
242702,normal,860,2,1782361450.2429514,0.0018210411071777344
242703,normal,2955,0,1782361450.2448215,0.0018701553344726562
242704,normal,3596,0,1782361450.2470183,0.002196788787841797
242705,normal,47,0,1782361450.2491353,0.0021169185638427734
242706,normal,3455,0,1782361450.2508237,0.0016884803771972656
242707,normal,3707,0,1782361450.2527378,0.0019140243530273438
242708,normal,2715,0,1782361450.254782,0.002044200897216797
242709,normal,1344,1,1782361450.2569194,0.002137422561645508
242710,normal,540,0,1782361450.2587361,0.0018167495727539062
242711,normal,1092,0,1782361450.2608106,0.0020744800567626953
242712,normal,746,0,1782361450.2628415,0.0020308494567871094
242713,normal,735,0,1782361450.2648046,0.0019631385803222656
242714,normal,2427,0,1782361450.267272,0.0024673938751220703
242715,normal,2810,0,1782361450.2687957,0.001523733139038086
242716,normal,438,0,1782361450.27079,0.0019943714141845703
242717,normal,3062,1,1782361450.2727292,0.0019390583038330078
242718,normal,2094,0,1782361450.2748199,0.0020906925201416016
242719,normal,840,2,1782361450.2767076,0.0018877983093261719
242720,normal,2895,0,1782361450.2787802,0.002072572708129883
242721,normal,3187,1,1782361450.2808113,0.002031087875366211
242722,normal,533,0,1782361450.2827013,0.001889944076538086
242723,normal,1355,1,1782361450.2848744,0.002173185348510742
242724,normal,668,0,1782361450.2875843,0.0027098655700683594
242725,normal,102,0,1782361450.2887564,0.0011720657348632812
242726,normal,1585,0,1782361450.2907717,0.002015352249145508
242727,normal,1061,0,1782361450.292681,0.0019092559814453125
242728,normal,431,0,1782361450.2947707,0.0020897388458251953
242729,normal,1922,0,1782361450.2967765,0.0020058155059814453
242730,normal,2906,0,1782361450.2987852,0.002008676528930664
242731,normal,1842,0,1782361450.3007624,0.001977205276489258
242732,normal,113,0,1782361450.302864,0.0021016597747802734
242733,normal,2184,0,1782361450.3048034,0.0019392967224121094
242734,normal,1185,0,1782361450.3068254,0.0020220279693603516
242735,normal,882,2,1782361450.308791,0.0019655227661132812
242736,normal,1083,0,1782361450.3107011,0.0019102096557617188
242737,normal,1055,0,1782361450.3128126,0.0021114349365234375
242738,normal,3319,1,1782361450.3147323,0.0019197463989257812
242739,normal,328,0,1782361450.3167498,0.002017498016357422
242740,normal,2669,0,1782361450.318749,0.0019991397857666016
242741,normal,1574,0,1782361450.3207986,0.002049684524536133
242742,normal,1229,0,1782361450.3227923,0.0019936561584472656
242743,normal,543,0,1782361450.3248482,0.0020558834075927734
242744,normal,1703,0,1782361450.3269322,0.002084016799926758
242745,normal,529,0,1782361450.3288195,0.0018873214721679688
242746,normal,2871,0,1782361450.3309371,0.002117633819580078
242747,normal,1346,1,1782361450.3328333,0.0018961429595947266
242748,normal,945,2,1782361450.3347955,0.0019621849060058594
242749,normal,1141,0,1782361450.3369021,0.0021066665649414062
242750,normal,468,0,1782361450.3388238,0.0019216537475585938
242751,normal,3447,0,1782361450.3406508,0.0018270015716552734
242752,normal,1872,0,1782361450.3427439,0.002093076705932617
242753,normal,1311,0,1782361450.3447466,0.002002716064453125
242754,normal,3312,1,1782361450.34699,0.002243518829345703
242755,normal,403,0,1782361450.3487792,0.001789093017578125
242756,normal,2457,0,1782361450.3507187,0.001939535140991211
242757,normal,887,2,1782361450.3527644,0.0020456314086914062
242758,normal,444,0,1782361450.3546557,0.0018913745880126953
242759,normal,3544,0,1782361450.3567605,0.0021047592163085938
242760,normal,998,2,1782361450.3595266,0.002766132354736328
242761,normal,1602,0,1782361450.3609054,0.001378774642944336
242762,normal,1143,0,1782361450.3627641,0.0018587112426757812
242763,normal,2168,0,1782361450.3647642,0.002000093460083008
242764,normal,89,0,1782361450.3667665,0.002002239227294922
242765,normal,1186,0,1782361450.368778,0.002011537551879883
242766,normal,1848,0,1782361450.370885,0.002106904983520508
242767,normal,3347,1,1782361450.3727653,0.0018804073333740234
242768,normal,941,2,1782361450.3747795,0.00201416015625
242769,normal,3580,0,1782361450.3767781,0.0019986629486083984
242770,normal,936,2,1782361450.3787901,0.002012014389038086
242771,normal,2091,0,1782361450.3808095,0.0020194053649902344
242772,normal,58,0,1782361450.3827074,0.0018978118896484375
242773,normal,2475,0,1782361450.3848352,0.0021278858184814453
242774,normal,2576,0,1782361450.3868172,0.001981973648071289
242775,normal,5,0,1782361450.3887923,0.0019750595092773438
242776,normal,1926,0,1782361450.3907616,0.0019693374633789062
242777,normal,70,0,1782361450.3935983,0.0028367042541503906
242778,normal,2804,0,1782361450.395171,0.0015726089477539062
242779,normal,2879,0,1782361450.3966908,0.001519918441772461
242780,normal,402,0,1782361450.3992367,0.0025458335876464844
242781,normal,2232,0,1782361450.4008753,0.001638650894165039
242782,normal,928,2,1782361450.4033773,0.002501964569091797
242783,normal,3585,0,1782361450.4051995,0.0018222332000732422
242784,normal,167,0,1782361450.406753,0.0015535354614257812
242785,normal,2533,0,1782361450.408732,0.0019788742065429688
242786,normal,3203,1,1782361450.4107726,0.0020406246185302734
242787,normal,1231,0,1782361450.4127572,0.0019845962524414062
242788,normal,1655,0,1782361450.4148195,0.0020623207092285156
242789,normal,1268,0,1782361450.4167857,0.001966238021850586
242790,normal,2847,0,1782361450.418817,0.0020313262939453125
242791,normal,2153,0,1782361450.4207025,0.0018854141235351562
242792,normal,1891,0,1782361450.42277,0.00206756591796875
242793,normal,2518,0,1782361450.424799,0.002028942108154297
242794,normal,2661,0,1782361450.4268372,0.002038240432739258
242795,normal,856,2,1782361450.4288805,0.0020432472229003906
242796,normal,1479,0,1782361450.4307742,0.001893758773803711
242797,normal,2009,0,1782361450.4327478,0.0019736289978027344
242798,normal,1449,0,1782361450.4348722,0.002124309539794922
242799,normal,2141,0,1782361450.4368248,0.0019526481628417969
242800,normal,899,2,1782361450.4387698,0.0019450187683105469
242801,normal,1955,0,1782361450.4408653,0.002095460891723633
242802,normal,2988,0,1782361450.4426758,0.0018105506896972656
242803,normal,2391,0,1782361450.444769,0.002093076705932617
242804,normal,1536,0,1782361450.4467728,0.002003908157348633
242805,normal,395,0,1782361450.4487731,0.0020003318786621094
242806,normal,696,0,1782361450.4507666,0.001993417739868164
242807,normal,756,0,1782361450.4527805,0.0020139217376708984
242808,normal,3465,0,1782361450.4547968,0.002016305923461914
242809,normal,382,0,1782361450.4566991,0.0019023418426513672
242810,normal,1883,0,1782361450.4588704,0.0021712779998779297
242811,normal,2039,0,1782361450.46068,0.0018095970153808594
242812,normal,3473,0,1782361450.4627635,0.0020835399627685547
242813,normal,286,0,1782361450.4647694,0.0020058155059814453
242814,normal,230,0,1782361450.4667678,0.001998424530029297
242815,normal,915,2,1782361450.468759,0.00199127197265625
242816,normal,2447,0,1782361450.4707637,0.0020046234130859375
242817,normal,474,0,1782361450.4728746,0.0021109580993652344
242818,normal,2414,0,1782361450.4749427,0.002068042755126953
242819,normal,1888,0,1782361450.4771495,0.0022068023681640625
242820,normal,3041,0,1782361450.4787846,0.0016350746154785156
242821,normal,2740,0,1782361450.4807246,0.001940011978149414
242822,normal,99,0,1782361450.482704,0.001979351043701172
242823,normal,76,0,1782361450.4847,0.0019960403442382812
242824,normal,2495,0,1782361450.4866204,0.001920461654663086
242825,normal,433,0,1782361450.4889903,0.0023698806762695312
242826,normal,3227,1,1782361450.4908109,0.0018205642700195312
242827,normal,3073,1,1782361450.4927597,0.0019488334655761719
242828,normal,2018,0,1782361450.4949975,0.0022377967834472656
242829,normal,462,0,1782361450.4966938,0.0016963481903076172
242830,normal,189,0,1782361450.4987712,0.002077341079711914
242831,normal,315,0,1782361450.5009372,0.0021660327911376953
242832,normal,2626,0,1782361450.5030305,0.0020933151245117188
242833,normal,1985,0,1782361450.5048006,0.00177001953125
242834,normal,1120,0,1782361450.506888,0.0020873546600341797
242835,normal,30,0,1782361450.5088422,0.001954317092895508
242836,normal,2041,0,1782361450.5107884,0.0019462108612060547
242837,normal,2501,0,1782361450.5127814,0.001992940902709961
242838,normal,48,0,1782361450.514677,0.0018956661224365234
242839,normal,3063,1,1782361450.516788,0.0021109580993652344
242840,normal,720,0,1782361450.5186539,0.0018658638000488281
242841,normal,1462,0,1782361450.5208888,0.002234935760498047
242842,normal,3297,1,1782361450.5227842,0.0018954277038574219
242843,normal,2615,0,1782361450.5248742,0.002089977264404297
242844,normal,171,0,1782361450.5268226,0.0019483566284179688
242845,normal,1319,1,1782361450.5287669,0.0019443035125732422
242846,normal,3184,1,1782361450.5308816,0.0021147727966308594
242847,normal,2288,0,1782361450.5337465,0.002864837646484375
242848,normal,2388,0,1782361450.5350132,0.0012667179107666016
242849,normal,1341,1,1782361450.5368328,0.001819610595703125
242850,normal,2415,0,1782361450.5388172,0.0019843578338623047
242851,normal,3348,1,1782361450.5408611,0.0020439624786376953
242852,normal,1936,0,1782361450.5427842,0.0019230842590332031
242853,normal,2074,0,1782361450.544944,0.0021598339080810547
242854,normal,2349,0,1782361450.5469885,0.0020444393157958984
242855,normal,151,0,1782361450.5487888,0.0018002986907958984
242856,normal,2605,0,1782361450.5508757,0.0020868778228759766
242857,normal,710,0,1782361450.552784,0.0019083023071289062
242858,normal,3180,1,1782361450.5548956,0.002111673355102539
242859,normal,1098,0,1782361450.5568705,0.001974821090698242
242860,normal,1400,0,1782361450.558933,0.002062559127807617
242861,normal,1524,0,1782361450.5609992,0.0020661354064941406
242862,normal,1380,1,1782361450.5628014,0.001802206039428711
242863,normal,559,0,1782361450.5648637,0.0020623207092285156
242864,normal,821,2,1782361450.5669186,0.002054929733276367
242865,normal,3006,0,1782361450.5688493,0.0019307136535644531
242866,normal,1767,0,1782361450.570772,0.001922607421875
242867,normal,244,0,1782361450.5731914,0.0024194717407226562
242868,normal,3172,1,1782361450.5748792,0.001687765121459961
242869,normal,282,0,1782361450.5768175,0.0019383430480957031
242870,normal,598,0,1782361450.5791028,0.0022852420806884766
242871,normal,2778,0,1782361450.5813453,0.002242565155029297
242872,normal,1064,0,1782361450.5827703,0.001425027847290039
242873,normal,408,0,1782361450.5848553,0.002084970474243164
242874,normal,2659,0,1782361450.5868583,0.0020029544830322266
242875,normal,816,2,1782361450.588771,0.001912832260131836
242876,normal,148,0,1782361450.5908797,0.0021085739135742188
242877,normal,2975,0,1782361450.5928497,0.001970052719116211
242878,normal,1630,0,1782361450.5947907,0.0019409656524658203
242879,normal,1445,0,1782361450.5968943,0.002103567123413086
242880,normal,732,0,1782361450.5988555,0.001961231231689453
242881,normal,2368,0,1782361450.6008322,0.0019767284393310547
242882,normal,136,0,1782361450.6029897,0.002157449722290039
242883,normal,661,0,1782361450.604848,0.0018582344055175781
242884,normal,3442,0,1782361450.6067774,0.0019295215606689453
242885,normal,2301,0,1782361450.6089072,0.002129793167114258
242886,normal,1424,0,1782361450.6109166,0.0020093917846679688
242887,normal,178,0,1782361450.6127713,0.0018546581268310547
242888,normal,520,0,1782361450.6150067,0.00223541259765625
242889,normal,1681,0,1782361450.616707,0.0017004013061523438
242890,normal,1456,0,1782361450.6188807,0.0021736621856689453
242891,normal,709,0,1782361450.6207845,0.0019037723541259766
242892,normal,1393,0,1782361450.622887,0.002102375030517578
242893,normal,730,0,1782361450.6247938,0.0019068717956542969
242894,normal,1237,0,1782361450.6269028,0.002109050750732422
242895,normal,2131,0,1782361450.6288753,0.0019724369049072266
242896,normal,950,2,1782361450.6307304,0.0018551349639892578
242897,normal,3092,1,1782361450.6329565,0.002226114273071289
242898,normal,3031,0,1782361450.6347034,0.0017468929290771484
242899,normal,3695,0,1782361450.6368837,0.002180337905883789
242900,normal,3160,1,1782361450.6387808,0.0018970966339111328
242901,normal,3089,1,1782361450.6408894,0.0021085739135742188
242902,normal,456,0,1782361450.6427794,0.001889944076538086
242903,normal,984,2,1782361450.64488,0.002100706100463867
242904,normal,2099,0,1782361450.6468835,0.0020034313201904297
242905,normal,2894,0,1782361450.6487832,0.00189971923828125
242906,normal,3503,0,1782361450.6510565,0.0022733211517333984
242907,normal,1603,0,1782361450.652764,0.0017075538635253906
242908,normal,910,2,1782361450.6548123,0.0020482540130615234
242909,normal,3136,1,1782361450.6569295,0.002117156982421875
242910,normal,1858,0,1782361450.6588483,0.001918792724609375
242911,normal,1482,0,1782361450.66077,0.0019216537475585938
242912,normal,1254,0,1782361450.6628702,0.002100229263305664
242913,normal,2718,0,1782361450.664887,0.002016782760620117
242914,normal,2092,0,1782361450.6667917,0.0019047260284423828
242915,normal,3303,1,1782361450.6689239,0.0021321773529052734
242916,normal,2886,0,1782361450.6708646,0.0019407272338867188
242917,normal,3010,0,1782361450.67297,0.0021054744720458984
242918,normal,2834,0,1782361450.6749425,0.0019724369049072266
242919,normal,582,0,1782361450.6768801,0.0019376277923583984
242920,normal,225,0,1782361450.6787994,0.0019192695617675781
242921,normal,2189,0,1782361450.6810722,0.0022728443145751953
242922,normal,2985,0,1782361450.6829236,0.0018513202667236328
242923,normal,2148,0,1782361450.6847713,0.0018477439880371094
242924,normal,3378,1,1782361450.6867719,0.002000570297241211
242925,normal,728,0,1782361450.688876,0.002104043960571289
242926,normal,3244,1,1782361450.6907747,0.0018987655639648438
242927,normal,1426,0,1782361450.693078,0.0023033618927001953
242928,normal,1493,0,1782361450.6946807,0.0016026496887207031
242929,normal,2133,0,1782361450.6968627,0.0021820068359375
242930,normal,470,0,1782361450.6987672,0.0019044876098632812
242931,normal,509,0,1782361450.700872,0.0021047592163085938
242932,normal,516,0,1782361450.7032533,0.0023813247680664062
242933,normal,163,0,1782361450.7049227,0.0016694068908691406
242934,normal,3506,0,1782361450.706805,0.001882314682006836
242935,normal,2354,0,1782361450.7089317,0.0021266937255859375
242936,normal,3690,0,1782361450.7107775,0.0018458366394042969
242937,normal,17,0,1782361450.7128818,0.0021042823791503906
242938,normal,3262,1,1782361450.7147908,0.001909017562866211
242939,normal,1795,0,1782361450.7168918,0.0021009445190429688
242940,normal,3016,0,1782361450.7191646,0.0022728443145751953
242941,normal,1110,0,1782361450.7207222,0.0015575885772705078
242942,normal,303,0,1782361450.7228634,0.002141237258911133
242943,normal,81,0,1782361450.724827,0.0019636154174804688
242944,normal,619,0,1782361450.7267911,0.001964092254638672
242945,normal,1500,0,1782361450.728897,0.0021059513092041016
242946,normal,1983,0,1782361450.730891,0.001993894577026367
242947,normal,2299,0,1782361450.732744,0.0018529891967773438
242948,normal,2625,0,1782361450.734894,0.0021500587463378906
242949,normal,1353,1,1782361450.73684,0.0019459724426269531
242950,normal,1204,0,1782361450.7390966,0.002256631851196289
242951,normal,3557,0,1782361450.741472,0.002375364303588867
242952,normal,1672,0,1782361450.7428098,0.0013377666473388672
242953,normal,13,0,1782361450.7447488,0.0019390583038330078
242954,normal,666,0,1782361450.7472527,0.0025038719177246094
242955,normal,3206,1,1782361450.7489352,0.0016825199127197266
242956,normal,57,0,1782361450.7508454,0.0019102096557617188
242957,normal,924,2,1782361450.7531664,0.002321004867553711
242958,normal,2450,0,1782361450.7548656,0.001699209213256836
242959,normal,2304,0,1782361450.7567637,0.001898050308227539
242960,normal,3309,1,1782361450.7587812,0.002017498016357422
242961,normal,3409,0,1782361450.76081,0.0020287036895751953
242962,normal,2939,0,1782361450.762696,0.001886129379272461
242963,normal,219,0,1782361450.7649004,0.002204418182373047
242964,normal,2331,0,1782361450.7667222,0.001821756362915039
242965,normal,289,0,1782361450.7688267,0.002104520797729492
242966,normal,3355,1,1782361450.7707934,0.001966714859008789
242967,normal,3243,1,1782361450.772857,0.0020635128021240234
242968,normal,2594,0,1782361450.774743,0.001886129379272461
242969,normal,1870,0,1782361450.776954,0.002210855484008789
242970,normal,3428,0,1782361450.7788439,0.001889944076538086
242971,normal,2741,0,1782361450.780701,0.0018570423126220703
242972,normal,1542,0,1782361450.7829025,0.002201557159423828
242973,normal,455,0,1782361450.7847652,0.0018627643585205078
242974,normal,2226,0,1782361450.7867763,0.0020110607147216797
242975,normal,2502,0,1782361450.788903,0.0021266937255859375
242976,normal,1721,0,1782361450.7906466,0.0017435550689697266
242977,normal,2117,0,1782361450.7928176,0.002171039581298828
242978,normal,2465,0,1782361450.794701,0.0018835067749023438
242979,normal,3080,1,1782361450.7968163,0.0021152496337890625
242980,normal,1742,0,1782361450.7987037,0.0018873214721679688
242981,normal,379,0,1782361450.800823,0.002119302749633789
242982,normal,2771,0,1782361450.8027112,0.001888275146484375
242983,normal,1756,0,1782361450.8049002,0.0021889209747314453
242984,normal,2389,0,1782361450.8067122,0.001811981201171875
242985,normal,2160,0,1782361450.808817,0.0021047592163085938
242986,normal,2595,0,1782361450.8106475,0.0018305778503417969
242987,normal,2645,0,1782361450.8128119,0.0021643638610839844
242988,normal,248,0,1782361450.8146472,0.0018353462219238281
242989,normal,1821,0,1782361450.816808,0.002160787582397461
242990,normal,3201,1,1782361450.8187287,0.0019207000732421875
242991,normal,3376,1,1782361450.8208508,0.002122163772583008
242992,normal,2405,0,1782361450.822765,0.0019142627716064453
242993,normal,1383,0,1782361450.8248954,0.002130270004272461
242994,normal,74,0,1782361450.8267999,0.0019044876098632812
242995,normal,66,0,1782361450.82873,0.00193023681640625
242996,normal,1895,0,1782361450.830884,0.0021538734436035156
242997,normal,3412,0,1782361450.8327506,0.0018665790557861328
242998,normal,1413,0,1782361450.834692,0.0019414424896240234
242999,normal,2171,0,1782361450.836904,0.002212047576904297
243000,normal,3341,1,1782361450.8386872,0.001783132553100586
243001,normal,871,2,1782361450.840944,0.0022568702697753906
243002,normal,2835,0,1782361450.8427744,0.0018303394317626953
243003,normal,2283,0,1782361450.8448634,0.0020890235900878906
243004,normal,2392,0,1782361450.8467152,0.001851797103881836
243005,normal,238,0,1782361450.8489318,0.0022165775299072266
243006,normal,3551,0,1782361450.8509796,0.0020477771759033203
243007,normal,1443,0,1782361450.8528914,0.0019118785858154297
243008,normal,2760,0,1782361450.8547912,0.00189971923828125
243009,normal,2257,0,1782361450.856787,0.0019958019256591797
243010,normal,3305,1,1782361450.8586426,0.001855611801147461
243011,normal,2723,0,1782361450.860805,0.002162456512451172
243012,normal,1611,0,1782361450.8626394,0.0018343925476074219
243013,normal,2736,0,1782361450.86486,0.002220630645751953
243014,normal,3164,1,1782361450.866686,0.0018260478973388672
243015,normal,1845,0,1782361450.8688657,0.0021796226501464844
243016,normal,635,0,1782361450.870675,0.0018093585968017578
243017,normal,2298,0,1782361450.8728817,0.002206563949584961
243018,normal,2516,0,1782361450.8746824,0.0018007755279541016
243019,normal,1856,0,1782361450.8769789,0.00229644775390625
243020,normal,1572,0,1782361450.8789327,0.0019538402557373047
243021,normal,1180,0,1782361450.8808494,0.001916646957397461
243022,normal,1633,0,1782361450.882809,0.001959562301635742
243023,normal,2054,0,1782361450.8847778,0.001968860626220703
243024,normal,1880,0,1782361450.8869967,0.002218961715698242
243025,normal,2328,0,1782361450.8890755,0.0020787715911865234
243026,normal,2550,0,1782361450.8910334,0.0019578933715820312
243027,normal,2980,0,1782361450.892856,0.0018224716186523438
243028,normal,2855,0,1782361450.8949845,0.00212860107421875
243029,normal,3539,0,1782361450.8968287,0.001844167709350586
243030,normal,3480,0,1782361450.8988185,0.0019898414611816406
243031,normal,170,0,1782361450.9007797,0.001961231231689453
243032,normal,2590,0,1782361450.9028962,0.0021164417266845703
243033,normal,1958,0,1782361450.9048262,0.0019299983978271484
243034,normal,855,2,1782361450.9070477,0.0022215843200683594
243035,normal,3071,1,1782361450.9090338,0.0019860267639160156
243036,normal,877,2,1782361450.9107978,0.001764059066772461
243037,normal,481,0,1782361450.91287,0.0020720958709716797
243038,normal,1537,0,1782361450.9150043,0.0021343231201171875
243039,normal,2824,0,1782361450.9167926,0.0017883777618408203
243040,normal,3307,1,1782361450.9187996,0.002007007598876953
243041,normal,3085,1,1782361450.9211292,0.002329587936401367
243042,normal,3324,1,1782361450.922911,0.0017817020416259766
243043,normal,2685,0,1782361450.9249136,0.002002716064453125
243044,normal,2992,0,1782361450.9268222,0.0019085407257080078
243045,normal,1979,0,1782361450.9290285,0.0022063255310058594
243046,normal,352,0,1782361450.9309852,0.0019567012786865234
243047,normal,205,0,1782361450.9327755,0.0017902851104736328
243048,normal,2966,0,1782361450.9348824,0.002106904983520508
243049,normal,3436,0,1782361450.9370348,0.0021524429321289062
243050,normal,3236,1,1782361450.9388366,0.0018017292022705078
243051,normal,3131,1,1782361450.9409184,0.0020818710327148438
243052,normal,1429,0,1782361450.9428546,0.001936197280883789
243053,normal,1086,0,1782361450.944896,0.002041339874267578
243054,normal,2623,0,1782361450.94726,0.002363920211791992
243055,normal,2666,0,1782361450.9488056,0.0015456676483154297
243056,normal,3194,1,1782361450.950888,0.002082347869873047
243057,normal,3086,1,1782361450.9527879,0.0018999576568603516
243058,normal,1499,0,1782361450.9549174,0.0021295547485351562
243059,normal,1398,0,1782361450.956791,0.0018734931945800781
243060,normal,872,2,1782361450.9589086,0.002117633819580078
243061,normal,2440,0,1782361450.9608016,0.0018930435180664062
243062,normal,2441,0,1782361450.962927,0.0021255016326904297
243063,normal,3105,1,1782361450.9649732,0.0020461082458496094
243064,normal,2823,0,1782361450.966698,0.0017247200012207031
243065,normal,1783,0,1782361450.9688745,0.002176523208618164
243066,normal,743,0,1782361450.9707758,0.001901388168334961
243067,normal,511,0,1782361450.972882,0.002106189727783203
243068,normal,2253,0,1782361450.9747803,0.0018982887268066406
243069,normal,3121,1,1782361450.9768896,0.0021092891693115234
243070,normal,3013,0,1782361450.9788048,0.0019152164459228516
243071,normal,913,2,1782361450.9808931,0.002088308334350586
243072,normal,2836,0,1782361450.9829311,0.0020380020141601562
243073,normal,317,0,1782361450.9847891,0.0018579959869384766
243074,normal,1826,0,1782361450.9869232,0.002134084701538086
243075,normal,627,0,1782361450.9887311,0.0018079280853271484
243076,normal,2340,0,1782361450.9909456,0.0022144317626953125
243077,normal,2068,0,1782361450.9927866,0.0018410682678222656
243078,normal,3411,0,1782361450.9948714,0.0020847320556640625
243079,normal,1332,1,1782361450.996776,0.0019047260284423828
243080,normal,3625,0,1782361450.9988737,0.002097606658935547
243081,normal,1020,2,1782361451.0011036,0.002229928970336914
243082,normal,2961,0,1782361451.0027542,0.0016505718231201172
243083,normal,2322,0,1782361451.0049725,0.0022182464599609375
243084,normal,229,0,1782361451.006894,0.0019216537475585938
243085,normal,2393,0,1782361451.0091121,0.002218008041381836
243086,normal,1865,0,1782361451.0108526,0.0017404556274414062
243087,normal,3068,1,1782361451.012921,0.0020685195922851562
243088,normal,3430,0,1782361451.014944,0.002022981643676758
243089,normal,1614,0,1782361451.0169263,0.0019822120666503906
243090,normal,2369,0,1782361451.0186875,0.0017611980438232422
243091,normal,1082,0,1782361451.020864,0.002176523208618164
243092,normal,3271,1,1782361451.0227692,0.001905202865600586
243093,normal,2102,0,1782361451.0249038,0.002134561538696289
243094,normal,637,0,1782361451.0268059,0.0019021034240722656
243095,normal,3667,0,1782361451.0288556,0.002049684524536133
243096,normal,499,0,1782361451.0308185,0.001962900161743164
243097,normal,3645,0,1782361451.032768,0.0019495487213134766
243098,normal,1013,2,1782361451.0348804,0.0021123886108398438
243099,normal,2482,0,1782361451.0375402,0.0026597976684570312
243100,normal,2310,0,1782361451.0389977,0.0014574527740478516
243101,normal,1790,0,1782361451.0408118,0.001814126968383789
243102,normal,792,2,1782361451.0428243,0.002012491226196289
243103,normal,963,2,1782361451.0447853,0.0019609928131103516
243104,normal,3552,0,1782361451.0467913,0.002006053924560547
243105,normal,435,0,1782361451.048968,0.0021767616271972656
243106,normal,1240,0,1782361451.0508466,0.001878499984741211
243107,normal,1388,0,1782361451.0527687,0.0019221305847167969
243108,normal,1914,0,1782361451.0548663,0.002097606658935547
243109,normal,3616,0,1782361451.0567803,0.0019140243530273438
243110,normal,1839,0,1782361451.0588925,0.002112150192260742
243111,normal,2139,0,1782361451.060856,0.0019636154174804688
243112,normal,2123,0,1782361451.0628386,0.001982450485229492
243113,normal,1772,0,1782361451.0649223,0.0020837783813476562
243114,normal,243,0,1782361451.066757,0.0018346309661865234
243115,normal,3018,0,1782361451.0689404,0.0021834373474121094
243116,normal,183,0,1782361451.0714133,0.0024728775024414062
243117,normal,1224,0,1782361451.0731416,0.0017282962799072266
243118,normal,2970,0,1782361451.0747025,0.0015609264373779297
243119,normal,1067,0,1782361451.077323,0.0026204586029052734
243120,normal,2047,0,1782361451.0789561,0.0016331672668457031
243121,normal,2994,0,1782361451.0811021,0.002146005630493164
243122,normal,2646,0,1782361451.0832376,0.0021355152130126953
243123,normal,2019,0,1782361451.0848105,0.0015728473663330078
243124,normal,1913,0,1782361451.086706,0.0018954277038574219
243125,normal,776,2,1782361451.088829,0.002123117446899414
243126,normal,2614,0,1782361451.0910864,0.0022573471069335938
243127,normal,3344,1,1782361451.0927477,0.0016613006591796875
243128,normal,2887,0,1782361451.0949314,0.002183675765991211
243129,normal,753,0,1782361451.0968237,0.0018923282623291016
243130,normal,2850,0,1782361451.098789,0.0019652843475341797
243131,normal,888,2,1782361451.1011999,0.002410888671875
243132,normal,2878,0,1782361451.1028342,0.001634359359741211
243133,normal,2233,0,1782361451.1046932,0.0018589496612548828
243134,normal,1033,0,1782361451.1068773,0.002184152603149414
243135,normal,3571,0,1782361451.1086812,0.0018038749694824219
243136,normal,1495,0,1782361451.1108358,0.0021545886993408203
243137,normal,1629,0,1782361451.112704,0.0018682479858398438
243138,normal,1441,0,1782361451.1148028,0.0020987987518310547
243139,normal,1747,0,1782361451.1167104,0.0019075870513916016
243140,normal,366,0,1782361451.1189916,0.00228118896484375
243141,normal,2702,0,1782361451.1206756,0.001683950424194336
243142,normal,3674,0,1782361451.1228154,0.0021398067474365234
243143,normal,786,2,1782361451.12476,0.0019445419311523438
243144,normal,2898,0,1782361451.1267915,0.002031564712524414
243145,normal,3104,1,1782361451.1286914,0.0018999576568603516
243146,normal,3265,1,1782361451.1308699,0.0021784305572509766
243147,normal,2674,0,1782361451.1327057,0.0018358230590820312
243148,normal,2012,0,1782361451.134935,0.0022292137145996094
243149,normal,43,0,1782361451.1367807,0.0018458366394042969
243150,normal,2942,0,1782361451.1389196,0.002138853073120117
243151,normal,566,0,1782361451.140735,0.0018153190612792969
243152,normal,1579,0,1782361451.1429083,0.0021734237670898438
243153,normal,2532,0,1782361451.1447954,0.0018870830535888672
243154,normal,1362,1,1782361451.1466932,0.0018978118896484375
243155,normal,2347,0,1782361451.1488726,0.002179384231567383
243156,normal,3019,0,1782361451.1506917,0.0018191337585449219
243157,normal,3005,0,1782361451.1528072,0.002115488052368164
243158,normal,1903,0,1782361451.1549773,0.002170085906982422
243159,normal,1590,0,1782361451.1568174,0.0018401145935058594
243160,normal,1889,0,1782361451.1587908,0.001973390579223633
243161,normal,2996,0,1782361451.161083,0.002292156219482422
243162,normal,2207,0,1782361451.1629906,0.0019075870513916016
243163,normal,69,0,1782361451.16477,0.001779317855834961
243164,normal,1701,0,1782361451.167019,0.002249002456665039
243165,normal,3599,0,1782361451.1688883,0.0018694400787353516
243166,normal,2077,0,1782361451.1707497,0.0018613338470458984
243167,normal,1459,0,1782361451.1728642,0.002114534378051758
243168,normal,1928,0,1782361451.1746788,0.0018146038055419922
243169,normal,1005,2,1782361451.1768022,0.0021233558654785156
243170,normal,614,0,1782361451.1790957,0.0022935867309570312
243171,normal,3373,1,1782361451.1806834,0.0015876293182373047
243172,normal,3239,1,1782361451.1828058,0.0021224021911621094
243173,normal,1733,0,1782361451.184859,0.0020532608032226562
243174,normal,3270,1,1782361451.1866806,0.0018215179443359375
243175,normal,3477,0,1782361451.1889973,0.002316713333129883
243176,normal,2071,0,1782361451.1913114,0.0023140907287597656
243177,normal,3556,0,1782361451.1928186,0.0015072822570800781
243178,normal,262,0,1782361451.1946914,0.0018727779388427734
243179,normal,1749,0,1782361451.1968656,0.0021741390228271484
243180,normal,1947,0,1782361451.1986992,0.0018336772918701172
243181,normal,215,0,1782361451.200818,0.002118825912475586
243182,normal,1956,0,1782361451.202915,0.002096891403198242
243183,normal,3322,1,1782361451.2047198,0.0018048286437988281
243184,normal,1528,0,1782361451.2068002,0.0020804405212402344
243185,normal,1157,0,1782361451.2088761,0.0020759105682373047
243186,normal,750,0,1782361451.2107146,0.0018384456634521484
243187,normal,1225,0,1782361451.2128406,0.002125978469848633
243188,normal,1559,0,1782361451.2149942,0.002153635025024414
243189,normal,1698,0,1782361451.2168968,0.0019025802612304688
243190,normal,1757,0,1782361451.2188213,0.0019245147705078125
243191,normal,3435,0,1782361451.221012,0.002190828323364258
243192,normal,2789,0,1782361451.222831,0.0018188953399658203
243193,normal,3708,0,1782361451.2247996,0.0019686222076416016
243194,normal,82,0,1782361451.2271495,0.002349853515625
243195,normal,3509,0,1782361451.2289295,0.0017800331115722656
243196,normal,692,0,1782361451.2308319,0.0019023418426513672
243197,normal,3679,0,1782361451.232893,0.002061128616333008
243198,normal,1473,0,1782361451.2348852,0.0019922256469726562
243199,normal,2181,0,1782361451.2368975,0.0020122528076171875
243200,normal,667,0,1782361451.238776,0.001878499984741211
243201,normal,88,0,1782361451.2409234,0.0021474361419677734
243202,normal,1784,0,1782361451.2427745,0.0018510818481445312
243203,normal,1837,0,1782361451.2448938,0.002119302749633789
243204,normal,1378,1,1782361451.2467408,0.0018470287322998047
243205,normal,257,0,1782361451.248876,0.0021352767944335938
243206,normal,2978,0,1782361451.2509,0.002023935317993164
243207,normal,26,0,1782361451.2528374,0.0019373893737792969
243208,normal,439,0,1782361451.254972,0.002134561538696289
243209,normal,646,0,1782361451.2566953,0.0017232894897460938
243210,normal,256,0,1782361451.2589152,0.0022199153900146484
243211,normal,1547,0,1782361451.2607403,0.001825094223022461
243212,normal,1794,0,1782361451.2628815,0.002141237258911133
243213,normal,2797,0,1782361451.26469,0.0018084049224853516
243214,normal,2297,0,1782361451.26673,0.0020401477813720703
243215,normal,603,0,1782361451.268845,0.002115011215209961
243216,normal,2831,0,1782361451.2706342,0.001789093017578125
243217,normal,1466,0,1782361451.2726915,0.002057313919067383
243218,normal,1372,1,1782361451.2747786,0.002087116241455078
243219,normal,247,0,1782361451.2766962,0.0019176006317138672
243220,normal,1587,0,1782361451.278682,0.001985788345336914
243221,normal,2547,0,1782361451.2807698,0.002087831497192383
243222,normal,174,0,1782361451.2827344,0.001964569091796875
243223,normal,2320,0,1782361451.284899,0.002164602279663086
243224,normal,3381,1,1782361451.2870429,0.00214385986328125
243225,normal,2738,0,1782361451.2887325,0.0016896724700927734
243226,normal,1167,0,1782361451.2908404,0.002107858657836914
243227,normal,2536,0,1782361451.292821,0.0019805431365966797
243228,normal,78,0,1782361451.2948334,0.002012491226196289
243229,normal,2216,0,1782361451.2966866,0.0018532276153564453
243230,normal,596,0,1782361451.2988665,0.002179861068725586
243231,normal,3151,1,1782361451.3006835,0.0018169879913330078
243232,normal,2286,0,1782361451.3028464,0.002162933349609375
243233,normal,164,0,1782361451.3048453,0.0019989013671875
243234,normal,965,2,1782361451.3068843,0.0020389556884765625
243235,normal,2085,0,1782361451.3088343,0.0019500255584716797
243236,normal,1792,0,1782361451.3109326,0.0020983219146728516
243237,normal,2435,0,1782361451.3129578,0.002025127410888672
243238,normal,2832,0,1782361451.314788,0.0018303394317626953
243239,normal,1389,0,1782361451.3172746,0.0024864673614501953
243240,normal,2030,0,1782361451.3188033,0.0015287399291992188
243241,normal,1824,0,1782361451.3208098,0.00200653076171875
243242,normal,2185,0,1782361451.3228593,0.0020494461059570312
243243,normal,818,2,1782361451.3246806,0.001821279525756836
243244,normal,3249,1,1782361451.3268373,0.0021567344665527344
243245,normal,1571,0,1782361451.328822,0.0019845962524414062
243246,normal,3615,0,1782361451.3308032,0.0019812583923339844
243247,normal,1313,0,1782361451.3326826,0.0018794536590576172
243248,normal,837,2,1782361451.3348565,0.002173900604248047
243249,normal,15,0,1782361451.3366845,0.0018279552459716797
243250,normal,3281,1,1782361451.3389578,0.0022733211517333984
243251,normal,2761,0,1782361451.3410838,0.002125978469848633
243252,normal,2065,0,1782361451.3428893,0.0018055438995361328
243253,normal,104,0,1782361451.3447988,0.001909494400024414
243254,normal,1192,0,1782361451.3468697,0.002070903778076172
243255,normal,2714,0,1782361451.3487008,0.0018310546875
243256,normal,2583,0,1782361451.3507254,0.0020246505737304688
243257,normal,503,0,1782361451.3528786,0.002153158187866211
243258,normal,3220,1,1782361451.3550239,0.0021452903747558594
243259,normal,2618,0,1782361451.356734,0.0017101764678955078
243260,normal,2183,0,1782361451.3588085,0.0020744800567626953
243261,normal,3332,1,1782361451.3606882,0.0018796920776367188
243262,normal,3327,1,1782361451.3628,0.002111673355102539
243263,normal,3059,1,1782361451.364818,0.0020182132720947266
243264,normal,2967,0,1782361451.3667057,0.0018875598907470703
243265,normal,146,0,1782361451.369005,0.0022993087768554688
243266,normal,2480,0,1782361451.3708231,0.0018181800842285156
243267,normal,1722,0,1782361451.372761,0.0019378662109375
243268,normal,1221,0,1782361451.3747628,0.0020017623901367188
243269,normal,2229,0,1782361451.3769462,0.0021834373474121094
243270,normal,2467,0,1782361451.3790345,0.002088308334350586
243271,normal,1261,0,1782361451.3809474,0.001912832260131836
243272,normal,3293,1,1782361451.3828788,0.0019314289093017578
243273,normal,2769,0,1782361451.3846447,0.0017659664154052734
243274,normal,1182,0,1782361451.3870468,0.002402067184448242
243275,normal,1477,0,1782361451.3889098,0.0018630027770996094
243276,normal,2,0,1782361451.3906443,0.0017344951629638672
243277,normal,793,2,1782361451.392812,0.0021677017211914062
243278,normal,917,2,1782361451.3947875,0.001975536346435547
243279,normal,1608,0,1782361451.3968458,0.002058267593383789
243280,normal,604,0,1782361451.3987286,0.001882791519165039
243281,normal,2762,0,1782361451.4008715,0.0021429061889648438
243282,normal,350,0,1782361451.402781,0.001909494400024414
243283,normal,354,0,1782361451.4047525,0.0019714832305908203
243284,normal,304,0,1782361451.4071507,0.002398252487182617
243285,normal,1668,0,1782361451.4086337,0.0014829635620117188
243286,normal,2780,0,1782361451.410807,0.002173185348510742
243287,normal,1509,0,1782361451.4128165,0.0020096302032470703
243288,normal,2403,0,1782361451.41469,0.0018734931945800781
243289,normal,3286,1,1782361451.416822,0.002131938934326172
243290,normal,767,0,1782361451.4186916,0.0018696784973144531
243291,normal,2569,0,1782361451.4208324,0.0021407604217529297
243292,normal,3296,1,1782361451.4227824,0.0019500255584716797
243293,normal,1111,0,1782361451.4248385,0.002056121826171875
243294,normal,1189,0,1782361451.4266803,0.0018417835235595703
243295,normal,3027,0,1782361451.4288177,0.002137422561645508
243296,normal,3397,1,1782361451.4306805,0.0018627643585205078
243297,normal,2692,0,1782361451.4328203,0.0021398067474365234
243298,normal,1930,0,1782361451.434644,0.0018236637115478516
243299,normal,94,0,1782361451.4368374,0.002193450927734375
243300,normal,1278,0,1782361451.4387302,0.0018928050994873047
243301,normal,2638,0,1782361451.4408526,0.0021224021911621094
243302,normal,1014,2,1782361451.442778,0.0019254684448242188
243303,normal,2578,0,1782361451.4448287,0.002050638198852539
243304,normal,1770,0,1782361451.4467924,0.0019636154174804688
243305,normal,884,2,1782361451.448903,0.002110719680786133
243306,normal,618,0,1782361451.450682,0.0017788410186767578
243307,normal,584,0,1782361451.4528656,0.002183675765991211
243308,normal,2239,0,1782361451.4547496,0.0018839836120605469
243309,normal,1818,0,1782361451.4568114,0.0020618438720703125
243310,normal,690,0,1782361451.459007,0.002195596694946289
243311,normal,3101,1,1782361451.460811,0.0018038749694824219
243312,normal,714,0,1782361451.4629061,0.0020952224731445312
243313,normal,1320,1,1782361451.464876,0.0019698143005371094
243314,normal,2808,0,1782361451.4670916,0.0022156238555908203
243315,normal,2461,0,1782361451.4688265,0.0017349720001220703
243316,normal,3497,0,1782361451.4707735,0.0019469261169433594
243317,normal,119,0,1782361451.472863,0.0020895004272460938
243318,normal,902,2,1782361451.47489,0.0020270347595214844
243319,normal,2791,0,1782361451.4767158,0.0018258094787597656
243320,normal,1312,0,1782361451.478821,0.002105236053466797
243321,normal,633,0,1782361451.4806473,0.0018262863159179688
243322,normal,2776,0,1782361451.4828062,0.0021588802337646484
243323,normal,2664,0,1782361451.4847405,0.0019342899322509766
243324,normal,2507,0,1782361451.4866445,0.0019040107727050781
243325,normal,679,0,1782361451.4894526,0.002808094024658203
243326,normal,716,0,1782361451.490693,0.0012404918670654297
243327,normal,2722,0,1782361451.4926572,0.001964092254638672
243328,normal,1564,0,1782361451.4946475,0.0019903182983398438
243329,normal,678,0,1782361451.4969523,0.0023047924041748047
243330,normal,2912,0,1782361451.4990141,0.0020618438720703125
243331,normal,2224,0,1782361451.5006707,0.0016565322875976562
243332,normal,790,2,1782361451.502796,0.002125263214111328
243333,normal,204,0,1782361451.504784,0.0019881725311279297
243334,normal,3,0,1782361451.5069087,0.0021245479583740234
243335,normal,232,0,1782361451.508832,0.0019233226776123047
243336,normal,2001,0,1782361451.511127,0.0022950172424316406
243337,normal,1483,0,1782361451.5126932,0.001566171646118164
243338,normal,423,0,1782361451.5148666,0.0021734237670898438
243339,normal,252,0,1782361451.5167754,0.0019087791442871094
243340,normal,2378,0,1782361451.5189013,0.002125978469848633
243341,normal,1084,0,1782361451.5207992,0.0018978118896484375
243342,normal,397,0,1782361451.522757,0.0019578933715820312
243343,normal,802,2,1782361451.524927,0.0021698474884033203
243344,normal,297,0,1782361451.5268319,0.0019049644470214844
243345,normal,1604,0,1782361451.5289,0.002068042755126953
243346,normal,3100,1,1782361451.5310817,0.0021817684173583984
243347,normal,2705,0,1782361451.5334754,0.0023937225341796875
243348,normal,1843,0,1782361451.534782,0.0013065338134765625
243349,normal,3226,1,1782361451.5372632,0.002481222152709961
243350,normal,2677,0,1782361451.5389962,0.0017330646514892578
243351,normal,322,0,1782361451.540871,0.001874685287475586
243352,normal,2783,0,1782361451.5432322,0.002361297607421875
243353,normal,326,0,1782361451.545024,0.0017917156219482422
243354,normal,1024,2,1782361451.5466876,0.0016636848449707031
243355,normal,2497,0,1782361451.5488598,0.002172231674194336
243356,normal,2040,0,1782361451.5508194,0.001959562301635742
243357,normal,1751,0,1782361451.552934,0.002114534378051758
243358,normal,341,0,1782361451.5548334,0.0018994808197021484
243359,normal,3438,0,1782361451.556941,0.0021076202392578125
243360,normal,2025,0,1782361451.558988,0.0020470619201660156
243361,normal,2859,0,1782361451.5607908,0.001802682876586914
243362,normal,2903,0,1782361451.5633185,0.0025277137756347656
243363,normal,207,0,1782361451.5647838,0.0014653205871582031
243364,normal,1012,2,1782361451.5667927,0.0020089149475097656
243365,normal,3422,0,1782361451.5688994,0.0021066665649414062
243366,normal,521,0,1782361451.5708206,0.0019211769104003906
243367,normal,1345,1,1782361451.5728714,0.0020508766174316406
243368,normal,3567,0,1782361451.5748467,0.0019752979278564453
243369,normal,1771,0,1782361451.5768769,0.0020301342010498047
243370,normal,1622,0,1782361451.5787487,0.0018718242645263672
243371,normal,360,0,1782361451.5809698,0.0022211074829101562
243372,normal,2021,0,1782361451.5827043,0.0017344951629638672
243373,normal,2263,0,1782361451.584877,0.002172708511352539
243374,normal,1601,0,1782361451.5867825,0.0019054412841796875
243375,normal,3208,1,1782361451.5888956,0.0021131038665771484
243376,normal,3617,0,1782361451.590777,0.0018813610076904297
243377,normal,1089,0,1782361451.592886,0.002109050750732422
243378,normal,783,2,1782361451.5948825,0.0019965171813964844
243379,normal,1766,0,1782361451.5967526,0.0018701553344726562
243380,normal,1439,0,1782361451.5990746,0.002321958541870117
243381,normal,1205,0,1782361451.6007204,0.001645803451538086
243382,normal,3185,1,1782361451.602905,0.002184629440307617
243383,normal,654,0,1782361451.604853,0.0019478797912597656
243384,normal,3349,1,1782361451.6068091,0.0019562244415283203
243385,normal,3650,0,1782361451.608769,0.0019598007202148438
243386,normal,3192,1,1782361451.6108708,0.002101898193359375
243387,normal,3462,0,1782361451.6128304,0.001959562301635742
243388,normal,1692,0,1782361451.6148822,0.002051830291748047
243389,normal,3613,0,1782361451.6169372,0.002054929733276367
243390,normal,2619,0,1782361451.6188195,0.001882314682006836
243391,normal,3198,1,1782361451.6209645,0.002145051956176758
243392,normal,1929,0,1782361451.6229298,0.0019652843475341797
243393,normal,2713,0,1782361451.6248848,0.0019550323486328125
243394,normal,3365,1,1782361451.6268613,0.001976490020751953
243395,normal,848,2,1782361451.6290681,0.0022068023681640625
243396,normal,2287,0,1782361451.6308858,0.0018177032470703125
243397,normal,3361,1,1782361451.6327674,0.0018815994262695312
243398,normal,2649,0,1782361451.6348624,0.0020949840545654297
243399,normal,227,0,1782361451.6368148,0.0019524097442626953
243400,normal,2218,0,1782361451.6387703,0.0019555091857910156
243401,normal,1112,0,1782361451.640968,0.002197742462158203
243402,normal,3396,1,1782361451.6426775,0.0017094612121582031
243403,normal,3657,0,1782361451.6448574,0.002179861068725586
243404,normal,2644,0,1782361451.6467636,0.0019061565399169922
243405,normal,2754,0,1782361451.648865,0.002101421356201172
243406,normal,1882,0,1782361451.6515126,0.0026476383209228516
243407,normal,210,0,1782361451.652883,0.0013704299926757812
243408,normal,184,0,1782361451.6551056,0.0022225379943847656
243409,normal,401,0,1782361451.6567202,0.0016145706176757812
243410,normal,1740,0,1782361451.658893,0.0021729469299316406
243411,normal,1523,0,1782361451.660704,0.0018107891082763672
243412,normal,1628,0,1782361451.662835,0.0021309852600097656
243413,normal,3146,1,1782361451.6650348,0.002199888229370117
243414,normal,979,2,1782361451.6668222,0.001787424087524414
243415,normal,2820,0,1782361451.668727,0.0019047260284423828
243416,normal,1246,0,1782361451.6709008,0.002173900604248047
243417,normal,130,0,1782361451.6727042,0.0018033981323242188
243418,normal,1937,0,1782361451.6747212,0.0020170211791992188
243419,normal,1669,0,1782361451.676892,0.0021708011627197266
243420,normal,250,0,1782361451.678718,0.0018260478973388672
243421,normal,3046,1,1782361451.6811357,0.0024175643920898438
243422,normal,1778,0,1782361451.6830802,0.0019445419311523438
243423,normal,3167,1,1782361451.685375,0.002294778823852539
243424,normal,55,0,1782361451.6870804,0.0017054080963134766
243425,normal,187,0,1782361451.6889389,0.0018584728240966797
243426,normal,1863,0,1782361451.690984,0.002045154571533203
243427,normal,1981,0,1782361451.6932795,0.0022954940795898438
243428,normal,3488,0,1782361451.6948617,0.0015821456909179688
243429,normal,639,0,1782361451.6966867,0.001825094223022461
243430,normal,3221,1,1782361451.6988149,0.002128124237060547
243431,normal,223,0,1782361451.7008817,0.0020668506622314453
243432,normal,3375,1,1782361451.7029352,0.002053499221801758
243433,normal,725,0,1782361451.704761,0.0018258094787597656
243434,normal,921,2,1782361451.7069805,0.0022194385528564453
243435,normal,193,0,1782361451.7088299,0.0018494129180908203
243436,normal,3656,0,1782361451.7107575,0.0019276142120361328
243437,normal,849,2,1782361451.713394,0.002636432647705078
243438,normal,3318,1,1782361451.7146752,0.0012812614440917969
243439,normal,988,2,1782361451.7168064,0.002131223678588867
243440,normal,1905,0,1782361451.7188263,0.0020198822021484375
243441,normal,1581,0,1782361451.7206569,0.0018305778503417969
243442,normal,951,2,1782361451.7228174,0.0021605491638183594
243443,normal,1811,0,1782361451.7248213,0.002003908157348633
243444,normal,1165,0,1782361451.7266972,0.0018758773803710938
243445,normal,1296,0,1782361451.7288227,0.0021255016326904297
243446,normal,153,0,1782361451.7308915,0.002068758010864258
243447,normal,2603,0,1782361451.7326753,0.0017838478088378906
243448,normal,1788,0,1782361451.7348137,0.002138376235961914
243449,normal,3474,0,1782361451.7368119,0.0019981861114501953
243450,normal,658,0,1782361451.7387958,0.0019838809967041016
243451,normal,704,0,1782361451.7407937,0.0019979476928710938
243452,normal,3686,0,1782361451.742815,0.002021312713623047
243453,normal,1797,0,1782361451.7447524,0.0019373893737792969
243454,normal,2947,0,1782361451.7468808,0.0021283626556396484
243455,normal,869,2,1782361451.7490208,0.002140045166015625
243456,normal,2920,0,1782361451.750722,0.0017011165618896484
243457,normal,1841,0,1782361451.7528424,0.002120494842529297
243458,normal,1582,0,1782361451.7548492,0.0020067691802978516
243459,normal,56,0,1782361451.75681,0.00196075439453125
243460,normal,2022,0,1782361451.7586882,0.0018782615661621094
243461,normal,1420,0,1782361451.760869,0.002180814743041992
243462,normal,3067,1,1782361451.7626832,0.001814126968383789
243463,normal,1190,0,1782361451.76492,0.0022368431091308594
243464,normal,3274,1,1782361451.7668483,0.0019283294677734375
243465,normal,128,0,1782361451.7688985,0.002050161361694336
243466,normal,3357,1,1782361451.7708526,0.0019540786743164062
243467,normal,1652,0,1782361451.772948,0.002095460891723633
243468,normal,2332,0,1782361451.7748828,0.0019347667694091797
243469,normal,351,0,1782361451.7767859,0.0019030570983886719
243470,normal,660,0,1782361451.7790625,0.0022766590118408203
243471,normal,3255,1,1782361451.780896,0.0018334388732910156
243472,normal,2535,0,1782361451.782831,0.0019350051879882812
243473,normal,3461,0,1782361451.7849853,0.0021543502807617188
243474,normal,3568,0,1782361451.7877762,0.0027909278869628906
243475,normal,1613,0,1782361451.7886457,0.0008695125579833984
243476,normal,2182,0,1782361451.7907226,0.002076864242553711
243477,normal,972,2,1782361451.792659,0.0019364356994628906
243478,normal,2990,0,1782361451.7948806,0.0022215843200683594
243479,normal,1282,0,1782361451.796682,0.0018012523651123047
243480,normal,1368,1,1782361451.7988741,0.002192258834838867
243481,normal,944,2,1782361451.8007538,0.0018796920776367188
243482,normal,2744,0,1782361451.8030496,0.0022957324981689453
243483,normal,1768,0,1782361451.8054435,0.002393960952758789
243484,normal,3608,0,1782361451.8069925,0.0015490055084228516
243485,normal,1200,0,1782361451.809101,0.0021085739135742188
243486,normal,1525,0,1782361451.8111129,0.0020117759704589844
243487,normal,2721,0,1782361451.8127642,0.0016512870788574219
243488,normal,488,0,1782361451.8150105,0.002246379852294922
243489,normal,1679,0,1782361451.8167944,0.0017838478088378906
243490,normal,2418,0,1782361451.8189397,0.0021452903747558594
243491,normal,1785,0,1782361451.8209636,0.002023935317993164
243492,normal,1817,0,1782361451.823156,0.0021924972534179688
243493,normal,2452,0,1782361451.8249147,0.001758575439453125
243494,normal,3374,1,1782361451.8268967,0.001981973648071289
243495,normal,2076,0,1782361451.828805,0.0019083023071289062
243496,normal,2845,0,1782361451.830886,0.0020809173583984375
243497,normal,1106,0,1782361451.8330128,0.002126932144165039
243498,normal,900,2,1782361451.8347788,0.0017659664154052734
243499,normal,1758,0,1782361451.8370845,0.002305746078491211
243500,normal,2505,0,1782361451.8395157,0.002431154251098633
243501,normal,1829,0,1782361451.841254,0.0017383098602294922
243502,normal,1128,0,1782361451.8429866,0.0017325878143310547
243503,normal,908,2,1782361451.8450704,0.0020837783813476562
243504,normal,1977,0,1782361451.8467865,0.0017161369323730469
243505,normal,565,0,1782361451.849264,0.002477407455444336
243506,normal,1302,0,1782361451.8510845,0.0018205642700195312
243507,normal,2122,0,1782361451.8527803,0.001695871353149414
243508,normal,759,0,1782361451.854965,0.002184629440307617
243509,normal,823,2,1782361451.8567173,0.0017523765563964844
243510,normal,1470,0,1782361451.8589334,0.0022161006927490234
243511,normal,157,0,1782361451.8608706,0.0019371509552001953
243512,normal,33,0,1782361451.862941,0.0020704269409179688
243513,normal,3337,1,1782361451.864873,0.001931905746459961
243514,normal,1134,0,1782361451.8670444,0.0021715164184570312
243515,normal,2814,0,1782361451.868975,0.0019304752349853516
243516,normal,92,0,1782361451.8716328,0.0026578903198242188
243517,normal,2134,0,1782361451.872854,0.0012211799621582031
243518,normal,2948,0,1782361451.8748846,0.002030611038208008
243519,normal,3216,1,1782361451.8769019,0.0020172595977783203
243520,normal,1271,0,1782361451.878917,0.0020151138305664062
243521,normal,3066,1,1782361451.880925,0.0020079612731933594
243522,normal,2458,0,1782361451.8828516,0.0019266605377197266
243523,normal,1218,0,1782361451.884879,0.0020275115966796875
243524,normal,343,0,1782361451.8868577,0.001978635787963867
243525,normal,2537,0,1782361451.889051,0.0021932125091552734
243526,normal,969,2,1782361451.8911731,0.002122163772583008
243527,normal,2679,0,1782361451.893355,0.0021817684173583984
243528,normal,3499,0,1782361451.8947053,0.00135040283203125
243529,normal,3483,0,1782361451.8968704,0.002165079116821289
243530,normal,768,0,1782361451.8987288,0.0018584728240966797
243531,normal,3590,0,1782361451.9009101,0.0021812915802001953
243532,normal,2315,0,1782361451.9027643,0.0018541812896728516
243533,normal,2100,0,1782361451.9049578,0.002193450927734375
243534,normal,1491,0,1782361451.9068623,0.0019044876098632812
243535,normal,1094,0,1782361451.9088242,0.001961946487426758
243536,normal,2379,0,1782361451.9109547,0.0021305084228515625
243537,normal,2027,0,1782361451.9129572,0.0020024776458740234
243538,normal,2176,0,1782361451.914882,0.001924753189086914
243539,normal,2437,0,1782361451.916863,0.001981019973754883
243540,normal,1281,0,1782361451.9188445,0.001981496810913086
243541,normal,2476,0,1782361451.920771,0.001926422119140625
243542,normal,850,2,1782361451.922949,0.002178192138671875
243543,normal,1694,0,1782361451.9247723,0.0018231868743896484
243544,normal,2613,0,1782361451.926917,0.0021448135375976562
243545,normal,2806,0,1782361451.9287786,0.001861572265625
243546,normal,356,0,1782361451.930906,0.002127408981323242
243547,normal,578,0,1782361451.9331582,0.0022521018981933594
243548,normal,2979,0,1782361451.934791,0.0016329288482666016
243549,normal,3502,0,1782361451.9367924,0.0020012855529785156
243550,normal,1058,0,1782361451.9388344,0.002042055130004883
243551,normal,934,2,1782361451.9411561,0.0023217201232910156
243552,normal,12,0,1782361451.9429255,0.0017693042755126953
243553,normal,1554,0,1782361451.9448187,0.0018932819366455078
243554,normal,266,0,1782361451.9469748,0.0021560192108154297
243555,normal,2357,0,1782361451.948985,0.002010345458984375
243556,normal,3267,1,1782361451.9509237,0.0019385814666748047
243557,normal,731,0,1782361451.9527931,0.0018694400787353516
243558,normal,3137,1,1782361451.9548223,0.0020291805267333984
243559,normal,1638,0,1782361451.9567952,0.0019729137420654297
243560,normal,2864,0,1782361451.9588995,0.0021042823791503906
243561,normal,3282,1,1782361451.960864,0.001964569091796875
243562,normal,3000,0,1782361451.96285,0.0019860267639160156
243563,normal,2600,0,1782361451.9648323,0.0019822120666503906
243564,normal,2981,0,1782361451.9667113,0.001878976821899414
243565,normal,2924,0,1782361451.9688666,0.002155303955078125
243566,normal,2884,0,1782361451.9707005,0.0018339157104492188
243567,normal,3496,0,1782361451.9728668,0.002166271209716797
243568,normal,551,0,1782361451.9753706,0.0025038719177246094
243569,normal,2765,0,1782361451.9774387,0.002068042755126953
243570,normal,2913,0,1782361451.9788725,0.0014338493347167969
243571,normal,2654,0,1782361451.9807966,0.0019240379333496094
243572,normal,1674,0,1782361451.9830046,0.0022079944610595703
243573,normal,545,0,1782361451.9848888,0.0018842220306396484
243574,normal,306,0,1782361451.9868946,0.0020058155059814453
243575,normal,472,0,1782361451.9888563,0.0019617080688476562
243576,normal,940,2,1782361451.9911547,0.0022983551025390625
243577,normal,2406,0,1782361451.9929943,0.0018396377563476562
243578,normal,561,0,1782361451.9948924,0.001898050308227539
243579,normal,1135,0,1782361451.996814,0.0019216537475585938
243580,normal,3560,0,1782361451.9987006,0.001886606216430664
243581,normal,1589,0,1782361452.0008755,0.002174854278564453
243582,normal,2793,0,1782361452.002814,0.0019385814666748047
243583,normal,1407,0,1782361452.0047486,0.0019345283508300781
243584,normal,2893,0,1782361452.007023,0.0022745132446289062
243585,normal,703,0,1782361452.0088108,0.0017876625061035156
243586,normal,2640,0,1782361452.010755,0.0019443035125732422
243587,normal,1800,0,1782361452.013016,0.002260923385620117
243588,normal,1139,0,1782361452.0152102,0.0021941661834716797
243589,normal,772,2,1782361452.0175772,0.0023670196533203125
243590,normal,2756,0,1782361452.0189507,0.0013735294342041016
243591,normal,65,0,1782361452.02183,0.0028793811798095703
243592,normal,702,0,1782361452.0233223,0.0014922618865966797
243593,normal,683,0,1782361452.0251727,0.0018503665924072266
243594,normal,3148,1,1782361452.0270236,0.0018508434295654297
243595,normal,1303,0,1782361452.029142,0.002118349075317383
243596,normal,2395,0,1782361452.0314078,0.00226593017578125
243597,normal,3525,0,1782361452.0328934,0.001485586166381836
243598,normal,662,0,1782361452.0348394,0.0019459724426269531
243599,normal,3012,0,1782361452.0372362,0.002396821975708008
243600,normal,3433,0,1782361452.0388682,0.0016319751739501953
243601,normal,1256,0,1782361452.0409255,0.002057313919067383
243602,normal,1287,0,1782361452.0427914,0.0018658638000488281
243603,normal,93,0,1782361452.0447984,0.002007007598876953
243604,normal,106,0,1782361452.0468225,0.0020241737365722656
243605,normal,3521,0,1782361452.0491068,0.0022842884063720703
243606,normal,3128,1,1782361452.0508769,0.00177001953125
243607,normal,2883,0,1782361452.0534425,0.002565622329711914
243608,normal,1202,0,1782361452.0548997,0.00145721435546875
243609,normal,1275,0,1782361452.0568998,0.002000093460083008
243610,normal,2234,0,1782361452.0588653,0.0019655227661132812
243611,normal,3315,1,1782361452.061196,0.002330780029296875
243612,normal,2707,0,1782361452.0637786,0.002582550048828125
243613,normal,615,0,1782361452.065269,0.0014903545379638672
243614,normal,3338,1,1782361452.0667593,0.0014903545379638672
243615,normal,133,0,1782361452.0689104,0.002151012420654297
243616,normal,2841,0,1782361452.0707793,0.0018689632415771484
243617,normal,2305,0,1782361452.073123,0.0023436546325683594
243618,normal,1263,0,1782361452.0750284,0.0019054412841796875
243619,normal,3543,0,1782361452.0768828,0.0018544197082519531
243620,normal,3213,1,1782361452.0790288,0.002146005630493164
243621,normal,1643,0,1782361452.0808978,0.0018689632415771484
243622,normal,1176,0,1782361452.0827346,0.0018367767333984375
243623,normal,380,0,1782361452.0851269,0.002392292022705078
243624,normal,2278,0,1782361452.08706,0.0019330978393554688
243625,normal,2888,0,1782361452.0889416,0.0018815994262695312
243626,normal,2720,0,1782361452.0912657,0.0023241043090820312
243627,normal,1194,0,1782361452.092747,0.0014812946319580078
243628,normal,1054,0,1782361452.0949337,0.0021867752075195312
243629,normal,2044,0,1782361452.0969293,0.001995563507080078
243630,normal,75,0,1782361452.09879,0.0018606185913085938
243631,normal,3088,1,1782361452.1007838,0.001993894577026367
243632,normal,2376,0,1782361452.1028993,0.002115488052368164
243633,normal,1294,0,1782361452.1047614,0.0018620491027832031
243634,normal,3540,0,1782361452.1068604,0.0020990371704101562
243635,normal,2082,0,1782361452.1087632,0.0019028186798095703
243636,normal,1968,0,1782361452.1109242,0.0021610260009765625
243637,normal,1285,0,1782361452.1127825,0.0018582344055175781
243638,normal,1375,1,1782361452.115032,0.002249479293823242
243639,normal,892,2,1782361452.1168146,0.0017826557159423828
243640,normal,2037,0,1782361452.118772,0.001957416534423828
243641,normal,2261,0,1782361452.1210425,0.0022704601287841797
243642,normal,3688,0,1782361452.123124,0.0020813941955566406
243643,normal,2848,0,1782361452.1248043,0.0016803741455078125
243644,normal,2419,0,1782361452.126775,0.0019707679748535156
243645,normal,3592,0,1782361452.1287315,0.001956462860107422
243646,normal,1658,0,1782361452.1307504,0.0020189285278320312
243647,normal,2188,0,1782361452.1329598,0.0022094249725341797
243648,normal,814,2,1782361452.1347916,0.0018317699432373047
243649,normal,926,2,1782361452.1368463,0.0020546913146972656
243650,normal,361,0,1782361452.138808,0.0019617080688476562
243651,normal,1529,0,1782361452.140734,0.0019259452819824219
243652,normal,874,2,1782361452.142852,0.0021181106567382812
243653,normal,3343,1,1782361452.1449144,0.0020623207092285156
243654,normal,1607,0,1782361452.146928,0.002013683319091797
243655,normal,2519,0,1782361452.148781,0.0018529891967773438
243656,normal,2003,0,1782361452.1508324,0.0020513534545898438
243657,normal,655,0,1782361452.1527212,0.0018887519836425781
243658,normal,2775,0,1782361452.1547432,0.0020220279693603516
243659,normal,2526,0,1782361452.1568947,0.0021514892578125
243660,normal,3382,1,1782361452.159167,0.002272367477416992
243661,normal,3611,0,1782361452.1607213,0.001554250717163086
243662,normal,457,0,1782361452.1629395,0.0022182464599609375
243663,normal,2496,0,1782361452.164804,0.0018644332885742188
243664,normal,2880,0,1782361452.1668613,0.002057313919067383
243665,normal,997,2,1782361452.1688476,0.001986265182495117
243666,normal,226,0,1782361452.170791,0.001943349838256836
243667,normal,212,0,1782361452.172844,0.0020530223846435547
243668,normal,1352,1,1782361452.1750486,0.0022046566009521484
243669,normal,1399,0,1782361452.1767976,0.0017490386962890625
243670,normal,2084,0,1782361452.178869,0.002071380615234375
243671,normal,3144,1,1782361452.1808903,0.002021312713623047
243672,normal,139,0,1782361452.1826959,0.0018055438995361328
243673,normal,1203,0,1782361452.1848433,0.0021474361419677734
243674,normal,2059,0,1782361452.1867561,0.001912832260131836
243675,normal,2708,0,1782361452.1891935,0.0024373531341552734
243676,normal,3631,0,1782361452.1908233,0.0016298294067382812
243677,normal,797,2,1782361452.1933067,0.002483367919921875
243678,normal,2977,0,1782361452.1954355,0.0021288394927978516
243679,normal,2910,0,1782361452.1976273,0.002191781997680664
243680,normal,3601,0,1782361452.1989877,0.0013604164123535156
243681,normal,2637,0,1782361452.2010481,0.002060413360595703
243682,normal,2277,0,1782361452.2028654,0.0018172264099121094
243683,normal,2341,0,1782361452.2051554,0.002290010452270508
243684,normal,547,0,1782361452.2070954,0.001940011978149414
243685,normal,358,0,1782361452.2088406,0.0017452239990234375
243686,normal,42,0,1782361452.210892,0.0020513534545898438
243687,normal,1565,0,1782361452.212916,0.002023935317993164
243688,normal,3414,0,1782361452.2146482,0.0017323493957519531
243689,normal,649,0,1782361452.2167935,0.0021452903747558594
243690,normal,2602,0,1782361452.2187216,0.001928091049194336
243691,normal,638,0,1782361452.2207327,0.0020110607147216797
243692,normal,2248,0,1782361452.2228587,0.002125978469848633
243693,normal,2686,0,1782361452.2247303,0.0018715858459472656
243694,normal,1959,0,1782361452.2267957,0.002065420150756836
243695,normal,1127,0,1782361452.229432,0.002636432647705078
243696,normal,1881,0,1782361452.2307758,0.0013437271118164062
243697,normal,534,0,1782361452.2328472,0.002071380615234375
243698,normal,1902,0,1782361452.2351196,0.002272367477416992
243699,normal,52,0,1782361452.237423,0.0023033618927001953
243700,normal,620,0,1782361452.2388742,0.001451253890991211
243701,normal,1670,0,1782361452.240855,0.0019807815551757812
243702,normal,956,2,1782361452.242791,0.0019359588623046875
243703,normal,2670,0,1782361452.244894,0.002103090286254883
243704,normal,2818,0,1782361452.2468345,0.0019404888153076172
243705,normal,2274,0,1782361452.2488637,0.0020291805267333984
243706,normal,334,0,1782361452.2510576,0.002193927764892578
243707,normal,2695,0,1782361452.252988,0.0019304752349853516
243708,normal,2983,0,1782361452.2547174,0.0017292499542236328
243709,normal,3014,0,1782361452.2568755,0.0021581649780273438
243710,normal,1548,0,1782361452.2588139,0.0019383430480957031
243711,normal,2709,0,1782361452.260725,0.001911163330078125
243712,normal,195,0,1782361452.2627213,0.001996278762817383
243713,normal,3077,1,1782361452.2647147,0.001993417739868164
243714,normal,34,0,1782361452.2668967,0.0021820068359375
243715,normal,2731,0,1782361452.2689533,0.002056598663330078
243716,normal,490,0,1782361452.2707767,0.00182342529296875
243717,normal,1909,0,1782361452.2730014,0.0022246837615966797
243718,normal,632,0,1782361452.2747927,0.001791238784790039
243719,normal,2729,0,1782361452.2768412,0.002048492431640625
243720,normal,2812,0,1782361452.2789338,0.002092599868774414
243721,normal,287,0,1782361452.2807786,0.0018448829650878906
243722,normal,2656,0,1782361452.2830808,0.0023021697998046875
243723,normal,782,2,1782361452.2848542,0.0017733573913574219
243724,normal,2513,0,1782361452.2867732,0.0019190311431884766
243725,normal,1557,0,1782361452.2888074,0.0020341873168945312
243726,normal,1515,0,1782361452.2940896,0.005282163619995117
243727,normal,1898,0,1782361452.2941568,6.723403930664062e-05
243728,normal,300,0,1782361452.294749,0.0005922317504882812
243729,normal,2863,0,1782361452.2969065,0.002157449722290039
243730,normal,1639,0,1782361452.2987213,0.0018148422241210938
243731,normal,1291,0,1782361452.301005,0.0022835731506347656
243732,normal,3114,1,1782361452.3028896,0.0018846988677978516
243733,normal,135,0,1782361452.305047,0.002157449722290039
243734,normal,3638,0,1782361452.306938,0.0018908977508544922
243735,normal,3427,0,1782361452.3088858,0.0019478797912597656
243736,normal,631,0,1782361452.310944,0.002058267593383789
243737,normal,1637,0,1782361452.3127365,0.0017924308776855469
243738,normal,1599,0,1782361452.3149226,0.0021860599517822266
243739,normal,2365,0,1782361452.316747,0.0018243789672851562
243740,normal,418,0,1782361452.3188834,0.0021364688873291016
243741,normal,1274,0,1782361452.3207865,0.0019030570983886719
243742,normal,3676,0,1782361452.322944,0.002157449722290039
243743,normal,3481,0,1782361452.3247485,0.0018045902252197266
243744,normal,1480,0,1782361452.3267891,0.0020406246185302734
243745,normal,1871,0,1782361452.328868,0.0020787715911865234
243746,normal,2919,0,1782361452.3307571,0.0018892288208007812
243747,normal,1323,1,1782361452.3327544,0.001997232437133789
243748,normal,2500,0,1782361452.334784,0.0020296573638916016
243749,normal,1214,0,1782361452.3370078,0.0022237300872802734
243750,normal,923,2,1782361452.3386474,0.0016396045684814453
243751,normal,2417,0,1782361452.3407168,0.0020694732666015625
243752,normal,1223,0,1782361452.3428793,0.002162456512451172
243753,normal,1118,0,1782361452.3447762,0.0018968582153320312
243754,normal,2875,0,1782361452.3468294,0.0020532608032226562
243755,normal,1773,0,1782361452.3489795,0.0021500587463378906
243756,normal,2838,0,1782361452.3507786,0.0017991065979003906
243757,normal,480,0,1782361452.3529344,0.002155780792236328
243758,normal,446,0,1782361452.3547173,0.0017828941345214844
243759,normal,727,0,1782361452.3568532,0.0021359920501708984
243760,normal,2843,0,1782361452.3587377,0.00188446044921875
243761,normal,3484,0,1782361452.3608332,0.002095460891723633
243762,normal,296,0,1782361452.3626993,0.0018661022186279297
243763,normal,3217,1,1782361452.3648384,0.0021390914916992188
243764,normal,1123,0,1782361452.3668153,0.0019769668579101562
243765,normal,2425,0,1782361452.3691244,0.002309083938598633
243766,normal,2471,0,1782361452.3709488,0.0018243789672851562
243767,normal,2356,0,1782361452.3734448,0.002496004104614258
243768,normal,18,0,1782361452.3751895,0.0017447471618652344
243769,normal,2377,0,1782361452.3769946,0.0018050670623779297
243770,normal,859,2,1782361452.3789728,0.001978158950805664
243771,normal,177,0,1782361452.3807433,0.0017704963684082031
243772,normal,1489,0,1782361452.3830209,0.0022776126861572266
243773,normal,35,0,1782361452.3849413,0.001920461654663086
243774,normal,344,0,1782361452.386784,0.0018427371978759766
243775,normal,1252,0,1782361452.3888497,0.0020656585693359375
243776,normal,149,0,1782361452.390774,0.001924276351928711
243777,normal,51,0,1782361452.3927472,0.0019731521606445312
243778,normal,2410,0,1782361452.3948727,0.0021255016326904297
243779,normal,3112,1,1782361452.3968225,0.0019497871398925781
243780,normal,1440,0,1782361452.3988724,0.0020499229431152344
243781,normal,342,0,1782361452.4008043,0.001931905746459961
243782,normal,552,0,1782361452.4029522,0.0021479129791259766
243783,normal,3513,0,1782361452.4048467,0.0018944740295410156
243784,normal,1138,0,1782361452.406803,0.0019562244415283203
243785,normal,141,0,1782361452.4094698,0.002666950225830078
243786,normal,2699,0,1782361452.4107635,0.0012936592102050781
243787,normal,2255,0,1782361452.4128337,0.002070188522338867
243788,normal,1474,0,1782361452.4149008,0.002067089080810547
243789,normal,2307,0,1782361452.4168167,0.0019159317016601562
243790,normal,3472,0,1782361452.4189103,0.0020935535430908203
243791,normal,3700,0,1782361452.4208167,0.0019063949584960938
243792,normal,1578,0,1782361452.4227161,0.0018994808197021484
243793,normal,1144,0,1782361452.4246767,0.0019605159759521484
243794,normal,854,2,1782361452.426718,0.002041339874267578
243795,normal,122,0,1782361452.4288864,0.002168416976928711
243796,normal,1763,0,1782361452.4306474,0.0017609596252441406
243797,normal,625,0,1782361452.4328213,0.002173900604248047
243798,normal,3387,1,1782361452.4347253,0.0019040107727050781
243799,normal,3439,0,1782361452.4369056,0.002180337905883789
243800,normal,1522,0,1782361452.438789,0.0018832683563232422
243801,normal,2803,0,1782361452.4407308,0.0019419193267822266
243802,normal,684,0,1782361452.4434266,0.002695798873901367
243803,normal,441,0,1782361452.444937,0.0015103816986083984
243804,normal,409,0,1782361452.4467986,0.001861572265625
243805,normal,3624,0,1782361452.448886,0.0020873546600341797
243806,normal,3644,0,1782361452.4508572,0.0019712448120117188
243807,normal,1932,0,1782361452.452791,0.0019338130950927734
243808,normal,2186,0,1782361452.454851,0.0020599365234375
243809,normal,25,0,1782361452.457008,0.002156972885131836
243810,normal,1178,0,1782361452.4589293,0.0019214153289794922
243811,normal,1828,0,1782361452.460775,0.0018455982208251953
243812,normal,2788,0,1782361452.4628587,0.0020837783813476562
243813,normal,333,0,1782361452.4646885,0.0018298625946044922
243814,normal,788,2,1782361452.4668057,0.002117156982421875
243815,normal,3595,0,1782361452.468806,0.0020003318786621094
243816,normal,1384,0,1782361452.4708073,0.0020012855529785156
243817,normal,2215,0,1782361452.473356,0.002548694610595703
243818,normal,2169,0,1782361452.4749138,0.0015578269958496094
243819,normal,2140,0,1782361452.4768007,0.0018868446350097656
243820,normal,1037,0,1782361452.478963,0.0021622180938720703
243821,normal,1132,0,1782361452.4811409,0.0021779537200927734
243822,normal,3163,1,1782361452.4828405,0.001699686050415039
243823,normal,9,0,1782361452.4849062,0.0020656585693359375
243824,normal,2511,0,1782361452.486945,0.002038717269897461
243825,normal,1695,0,1782361452.4889824,0.002037525177001953
243826,normal,1934,0,1782361452.4910252,0.0020427703857421875
243827,normal,1854,0,1782361452.4929304,0.001905202865600586
243828,normal,2149,0,1782361452.4947546,0.0018241405487060547
243829,normal,1689,0,1782361452.4970248,0.002270221710205078
243830,normal,1527,0,1782361452.4990895,0.0020647048950195312
243831,normal,1022,2,1782361452.5009904,0.0019009113311767578
243832,normal,3028,0,1782361452.5027883,0.0017979145050048828
243833,normal,3400,1,1782361452.5048022,0.0020139217376708984
243834,normal,1347,1,1782361452.5066772,0.0018749237060546875
243835,normal,124,0,1782361452.5088458,0.0021686553955078125
243836,normal,1184,0,1782361452.5108788,0.0020329952239990234
243837,normal,2456,0,1782361452.5127923,0.0019135475158691406
243838,normal,31,0,1782361452.5154216,0.0026292800903320312
243839,normal,3581,0,1782361452.5172174,0.0017957687377929688
243840,normal,3464,0,1782361452.5188417,0.0016243457794189453
243841,normal,3450,0,1782361452.5209334,0.002091646194458008
243842,normal,1990,0,1782361452.522947,0.002013683319091797
243843,normal,1546,0,1782361452.5249279,0.0019807815551757812
243844,normal,3529,0,1782361452.5267746,0.0018467903137207031
243845,normal,845,2,1782361452.528987,0.0022122859954833984
243846,normal,513,0,1782361452.5309112,0.001924276351928711
243847,normal,90,0,1782361452.5327673,0.001856088638305664
243848,normal,897,2,1782361452.5349057,0.002138376235961914
243849,normal,2306,0,1782361452.5367746,0.0018689632415771484
243850,normal,1647,0,1782361452.538887,0.0021123886108398438
243851,normal,785,2,1782361452.5408123,0.0019252300262451172
243852,normal,1382,0,1782361452.5426974,0.0018851757049560547
243853,normal,1677,0,1782361452.5448747,0.0021772384643554688
243854,normal,2201,0,1782361452.5468335,0.0019588470458984375
243855,normal,2534,0,1782361452.5487611,0.0019276142120361328
243856,normal,3622,0,1782361452.5508614,0.002100229263305664
243857,normal,1187,0,1782361452.5531623,0.0023009777069091797
243858,normal,2109,0,1782361452.5553513,0.0021889209747314453
243859,normal,970,2,1782361452.5567815,0.0014302730560302734
243860,normal,3516,0,1782361452.5591795,0.0023980140686035156
243861,normal,1097,0,1782361452.5608943,0.0017147064208984375
243862,normal,158,0,1782361452.5628247,0.0019304752349853516
243863,normal,1122,0,1782361452.5651915,0.002366781234741211
243864,normal,581,0,1782361452.5669465,0.0017549991607666016
243865,normal,1100,0,1782361452.568712,0.0017654895782470703
243866,normal,2524,0,1782361452.5707884,0.002076387405395508
243867,normal,2589,0,1782361452.572684,0.0018956661224365234
243868,normal,2364,0,1782361452.5750785,0.002394437789916992
243869,normal,3360,1,1782361452.5769222,0.0018436908721923828
243870,normal,1832,0,1782361452.5788198,0.001897573471069336
243871,normal,1212,0,1782361452.5809426,0.0021228790283203125
243872,normal,868,2,1782361452.5829005,0.0019578933715820312
243873,normal,59,0,1782361452.584761,0.0018603801727294922
243874,normal,2510,0,1782361452.5873692,0.0026082992553710938
243875,normal,2950,0,1782361452.588761,0.0013918876647949219
243876,normal,1777,0,1782361452.5908542,0.002093076705932617
243877,normal,2826,0,1782361452.5926948,0.0018405914306640625
243878,normal,231,0,1782361452.5948455,0.0021507740020751953
243879,normal,2539,0,1782361452.596695,0.0018494129180908203
243880,normal,881,2,1782361452.5988498,0.002154827117919922
243881,normal,3233,1,1782361452.6009805,0.002130746841430664
243882,normal,939,2,1782361452.6027563,0.0017757415771484375
243883,normal,421,0,1782361452.6048884,0.0021321773529052734
243884,normal,2206,0,1782361452.6069214,0.0020329952239990234
243885,normal,3463,0,1782361452.608858,0.0019366741180419922
243886,normal,946,2,1782361452.610798,0.0019397735595703125
243887,normal,2822,0,1782361452.6128814,0.0020835399627685547
243888,normal,1023,2,1782361452.6148098,0.0019283294677734375
243889,normal,1715,0,1782361452.6169083,0.002098560333251953
243890,normal,2544,0,1782361452.61889,0.0019817352294921875
243891,normal,535,0,1782361452.6207335,0.0018434524536132812
243892,normal,1685,0,1782361452.6227465,0.002012968063354492
243893,normal,1779,0,1782361452.624857,0.0021104812622070312
243894,normal,2726,0,1782361452.626734,0.0018770694732666016
243895,normal,1497,0,1782361452.629144,0.0024099349975585938
243896,normal,1744,0,1782361452.6309333,0.0017893314361572266
243897,normal,498,0,1782361452.632714,0.0017807483673095703
243898,normal,1555,0,1782361452.6348588,0.0021448135375976562
243899,normal,2946,0,1782361452.6368587,0.0019998550415039062
243900,normal,2987,0,1782361452.6386762,0.001817464828491211
243901,normal,1615,0,1782361452.6409054,0.0022292137145996094
243902,normal,1266,0,1782361452.6430948,0.0021893978118896484
243903,normal,2157,0,1782361452.6450386,0.001943826675415039
243904,normal,664,0,1782361452.6468613,0.0018227100372314453
243905,normal,2857,0,1782361452.6489193,0.0020580291748046875
243906,normal,1852,0,1782361452.6507492,0.0018298625946044922
243907,normal,711,0,1782361452.6528904,0.002141237258911133
243908,normal,2582,0,1782361452.654855,0.001964569091796875
243909,normal,7,0,1782361452.6568062,0.0019512176513671875
243910,normal,1300,0,1782361452.659176,0.0023698806762695312
243911,normal,2220,0,1782361452.6607797,0.0016036033630371094
243912,normal,1941,0,1782361452.662892,0.0021123886108398438
243913,normal,1284,0,1782361452.6648207,0.001928567886352539
243914,normal,2007,0,1782361452.666984,0.002163410186767578
243915,normal,616,0,1782361452.6687207,0.0017366409301757812
243916,normal,475,0,1782361452.6707084,0.0019876956939697266
243917,normal,1725,0,1782361452.6728144,0.0021059513092041016
243918,normal,1859,0,1782361452.6749141,0.002099752426147461
243919,normal,251,0,1782361452.6767194,0.0018053054809570312
243920,normal,432,0,1782361452.6788995,0.0021800994873046875
243921,normal,1259,0,1782361452.6807382,0.00183868408203125
243922,normal,878,2,1782361452.6830692,0.0023310184478759766
243923,normal,1678,0,1782361452.6853988,0.002329587936401367
243924,normal,2353,0,1782361452.6868238,0.001425027847290039
243925,normal,1675,0,1782361452.6887503,0.001926422119140625
243926,normal,294,0,1782361452.691062,0.00231170654296875
243927,normal,3278,1,1782361452.6931555,0.0020935535430908203
243928,normal,799,2,1782361452.694779,0.001623392105102539
243929,normal,463,0,1782361452.6969955,0.0022165775299072266
243930,normal,2529,0,1782361452.6988046,0.0018091201782226562
243931,normal,1583,0,1782361452.7009034,0.0020987987518310547
243932,normal,2732,0,1782361452.7029483,0.0020449161529541016
243933,normal,3541,0,1782361452.7046971,0.001748800277709961
243934,normal,479,0,1782361452.7069564,0.0022592544555664062
243935,normal,1075,0,1782361452.7091317,0.0021753311157226562
243936,normal,2235,0,1782361452.710784,0.0016522407531738281
243937,normal,407,0,1782361452.712862,0.0020780563354492188
243938,normal,3335,1,1782361452.714817,0.0019550323486328125
243939,normal,1999,0,1782361452.7166908,0.0018737316131591797
243940,normal,3053,1,1782361452.7188628,0.0021719932556152344
243941,normal,1381,1,1782361452.7208416,0.0019788742065429688
243942,normal,315,0,1782361488.106862,0.0
243943,normal,872,2,1782361488.1088521,0.001990079879760742
243944,normal,3644,0,1782361488.110795,0.0019428730010986328
243945,normal,1999,0,1782361488.112731,0.0019359588623046875
243946,normal,1462,0,1782361488.1147625,0.002031564712524414
243947,normal,2801,0,1782361488.1167018,0.0019392967224121094
243948,normal,560,0,1782361488.118745,0.0020432472229003906
243949,normal,3285,1,1782361488.120765,0.0020198822021484375
243950,normal,1623,0,1782361488.1227047,0.0019397735595703125
243951,normal,758,0,1782361488.1247852,0.0020804405212402344
243952,normal,104,0,1782361488.1268651,0.0020799636840820312
243953,normal,2273,0,1782361488.1287937,0.001928567886352539
243954,normal,1541,0,1782361488.1307664,0.001972675323486328
243955,normal,2155,0,1782361488.1327627,0.001996278762817383
243956,normal,1757,0,1782361488.1346922,0.0019295215606689453
243957,normal,3067,1,1782361488.136748,0.0020558834075927734
243958,normal,1680,0,1782361488.1387541,0.002006053924560547
243959,normal,2286,0,1782361488.1407213,0.001967191696166992
243960,normal,3035,0,1782361488.1427999,0.002078533172607422
243961,normal,2207,0,1782361488.1447692,0.0019693374633789062
243962,normal,1513,0,1782361488.1467597,0.0019905567169189453
243963,normal,3203,1,1782361488.1487184,0.001958608627319336
243964,normal,2333,0,1782361488.1507432,0.0020248889923095703
243965,normal,3170,1,1782361488.152747,0.0020036697387695312
243966,normal,3708,0,1782361488.1547415,0.001994609832763672
243967,normal,1016,2,1782361488.1567647,0.0020232200622558594
243968,normal,1524,0,1782361488.1587162,0.001951456069946289
243969,normal,362,0,1782361488.1607432,0.0020270347595214844
243970,normal,2831,0,1782361488.162831,0.002087831497192383
243971,normal,3205,1,1782361488.1647437,0.0019125938415527344
243972,normal,3557,0,1782361488.1667404,0.001996755599975586
243973,normal,3413,0,1782361488.1688375,0.0020971298217773438
243974,normal,469,0,1782361488.1707437,0.0019061565399169922
243975,normal,3025,0,1782361488.172741,0.001997232437133789
243976,normal,3206,1,1782361488.174826,0.002084970474243164
243977,normal,2661,0,1782361488.1767159,0.001889944076538086
243978,normal,3463,0,1782361488.1787422,0.0020263195037841797
243979,normal,298,0,1782361488.180823,0.0020809173583984375
243980,normal,357,0,1782361488.1827178,0.0018947124481201172
243981,normal,1280,0,1782361488.1847403,0.0020225048065185547
243982,normal,2195,0,1782361488.1868865,0.0021462440490722656
243983,normal,2142,0,1782361488.1887805,0.0018939971923828125
243984,normal,1358,1,1782361488.1908112,0.002030611038208008
243985,normal,2510,0,1782361488.1928551,0.0020439624786376953
243986,normal,2077,0,1782361488.1947734,0.0019183158874511719
243987,normal,755,0,1782361488.196839,0.0020656585693359375
243988,normal,176,0,1782361488.1989403,0.0021011829376220703
243989,normal,2605,0,1782361488.2007906,0.0018503665924072266
243990,normal,1478,0,1782361488.2029612,0.002170562744140625
243991,normal,2036,0,1782361488.2049518,0.0019905567169189453
243992,normal,1769,0,1782361488.206828,0.0018763542175292969
243993,normal,1889,0,1782361488.2090247,0.0021965503692626953
243994,normal,2219,0,1782361488.2109525,0.0019278526306152344
243995,normal,3681,0,1782361488.2128036,0.0018510818481445312
243996,normal,3001,0,1782361488.2149491,0.002145528793334961
243997,normal,245,0,1782361488.216948,0.0019989013671875
243998,normal,1802,0,1782361488.218803,0.0018548965454101562
243999,normal,1669,0,1782361488.220992,0.002189159393310547
244000,normal,1508,0,1782361488.2229466,0.0019545555114746094
244001,normal,1596,0,1782361488.224804,0.0018572807312011719
244002,normal,1201,0,1782361488.226952,0.002148151397705078
244003,normal,90,0,1782361488.2289536,0.002001523971557617
244004,normal,3287,1,1782361488.2308033,0.0018496513366699219
244005,normal,1887,0,1782361488.2329404,0.0021371841430664062
244006,normal,3179,1,1782361488.2349494,0.0020089149475097656
244007,normal,1947,0,1782361488.2368004,0.0018510818481445312
244008,normal,3269,1,1782361488.2389526,0.0021522045135498047
244009,normal,971,2,1782361488.2409537,0.002001047134399414
244010,normal,3549,0,1782361488.2428095,0.0018558502197265625
244011,normal,2069,0,1782361488.2450159,0.0022063255310058594
244012,normal,2453,0,1782361488.2469444,0.001928567886352539
244013,normal,3598,0,1782361488.2488,0.001855611801147461
244014,normal,637,0,1782361488.2509515,0.0021514892578125
244015,normal,876,2,1782361488.252953,0.002001523971557617
244016,normal,1333,1,1782361488.254832,0.001878976821899414
244017,normal,3427,0,1782361488.2569916,0.002159595489501953
244018,normal,1506,0,1782361488.258944,0.0019524097442626953
244019,normal,1778,0,1782361488.2608109,0.0018668174743652344
244020,normal,635,0,1782361488.2629519,0.0021409988403320312
244021,normal,1849,0,1782361488.2649517,0.0019998550415039062
244022,normal,2455,0,1782361488.266812,0.0018603801727294922
244023,normal,2421,0,1782361488.269,0.002187967300415039
244024,normal,1689,0,1782361488.2709463,0.0019462108612060547
244025,normal,3545,0,1782361488.272802,0.0018558502197265625
244026,normal,3113,1,1782361488.2749531,0.002151012420654297
244027,normal,2413,0,1782361488.2769694,0.002016305923461914
244028,normal,2642,0,1782361488.2788067,0.0018372535705566406
244029,normal,2601,0,1782361488.2809713,0.002164602279663086
244030,normal,513,0,1782361488.2829492,0.0019779205322265625
244031,normal,1696,0,1782361488.284792,0.0018427371978759766
244032,normal,436,0,1782361488.2869503,0.0021584033966064453
244033,normal,184,0,1782361488.2889524,0.0020020008087158203
244034,normal,1569,0,1782361488.2907972,0.0018448829650878906
244035,normal,611,0,1782361488.2929533,0.0021560192108154297
244036,normal,2378,0,1782361488.2949514,0.0019981861114501953
244037,normal,2475,0,1782361488.2967994,0.001847982406616211
244038,normal,339,0,1782361488.2989593,0.0021598339080810547
244039,normal,833,2,1782361488.3010857,0.002126455307006836
244040,normal,2450,0,1782361488.3028224,0.0017366409301757812
244041,normal,2852,0,1782361488.3050814,0.0022590160369873047
244042,normal,6,0,1782361488.3069715,0.0018901824951171875
244043,normal,1013,2,1782361488.3089888,0.0020172595977783203
244044,normal,1809,0,1782361488.3109682,0.001979351043701172
244045,normal,2968,0,1782361488.313117,0.002148866653442383
244046,normal,136,0,1782361488.3148253,0.0017082691192626953
244047,normal,2738,0,1782361488.3170762,0.0022509098052978516
244048,normal,3455,0,1782361488.319111,0.002034902572631836
244049,normal,2567,0,1782361488.3208342,0.0017230510711669922
244050,normal,1069,0,1782361488.3230793,0.002245187759399414
244051,normal,3108,1,1782361488.3249676,0.001888275146484375
244052,normal,1909,0,1782361488.3269541,0.0019865036010742188
244053,normal,588,0,1782361488.3289669,0.0020127296447753906
244054,normal,1503,0,1782361488.3311157,0.002148866653442383
244055,normal,1227,0,1782361488.3328063,0.0016906261444091797
244056,normal,3174,1,1782361488.3351355,0.002329111099243164
244057,normal,2417,0,1782361488.3369808,0.0018453598022460938
244058,normal,375,0,1782361488.3389795,0.0019986629486083984
244059,normal,1742,0,1782361488.3409545,0.0019750595092773438
244060,normal,2724,0,1782361488.34311,0.0021555423736572266
244061,normal,1602,0,1782361488.344807,0.0016968250274658203
244062,normal,3160,1,1782361488.346969,0.0021619796752929688
244063,normal,3476,0,1782361488.3491392,0.0021703243255615234
244064,normal,625,0,1782361488.3507717,0.0016324520111083984
244065,normal,2246,0,1782361488.3529456,0.002173900604248047
244066,normal,1730,0,1782361488.3549588,0.0020132064819335938
244067,normal,331,0,1782361488.3567781,0.0018193721771240234
244068,normal,3559,0,1782361488.358992,0.0022139549255371094
244069,normal,1861,0,1782361488.3609276,0.0019354820251464844
244070,normal,2390,0,1782361488.3627777,0.001850128173828125
244071,normal,96,0,1782361488.365022,0.002244234085083008
244072,normal,1327,1,1782361488.3667796,0.0017576217651367188
244073,normal,19,0,1782361488.3689303,0.0021507740020751953
244074,normal,757,0,1782361488.370889,0.001958608627319336
244075,normal,3087,1,1782361488.3729374,0.002048492431640625
244076,normal,836,2,1782361488.3747773,0.0018398761749267578
244077,normal,3415,0,1782361488.377036,0.002258777618408203
244078,normal,3408,0,1782361488.3787816,0.001745462417602539
244079,normal,285,0,1782361488.3810792,0.002297639846801758
244080,normal,373,0,1782361488.3828638,0.0017845630645751953
244081,normal,151,0,1782361488.3849368,0.002073049545288086
244082,normal,3366,1,1782361488.3867786,0.0018417835235595703
244083,normal,1396,0,1782361488.3890195,0.002240896224975586
244084,normal,1531,0,1782361488.39078,0.0017604827880859375
244085,normal,942,2,1782361488.3929312,0.0021512508392333984
244086,normal,974,2,1782361488.3948486,0.0019173622131347656
244087,normal,180,0,1782361488.3969328,0.0020842552185058594
244088,normal,2502,0,1782361488.3988597,0.0019268989562988281
244089,normal,2923,0,1782361488.4010026,0.0021429061889648438
244090,normal,596,0,1782361488.402977,0.001974344253540039
244091,normal,2226,0,1782361488.4047813,0.001804351806640625
244092,normal,2328,0,1782361488.4070058,0.002224445343017578
244093,normal,2440,0,1782361488.4087734,0.0017676353454589844
244094,normal,1981,0,1782361488.4109302,0.0021567344665527344
244095,normal,540,0,1782361488.41285,0.0019197463989257812
244096,normal,2713,0,1782361488.4149315,0.002081632614135742
244097,normal,538,0,1782361488.4167984,0.0018668174743652344
244098,normal,2685,0,1782361488.4190052,0.0022068023681640625
244099,normal,2559,0,1782361488.420772,0.0017669200897216797
244100,normal,704,0,1782361488.422932,0.0021598339080810547
244101,normal,1565,0,1782361488.4248657,0.0019338130950927734
244102,normal,952,2,1782361488.4269366,0.002070903778076172
244103,normal,2361,0,1782361488.4287717,0.0018351078033447266
244104,normal,3202,1,1782361488.4310045,0.002232789993286133
244105,normal,791,2,1782361488.4327707,0.001766204833984375
244106,normal,2011,0,1782361488.4347792,0.0020084381103515625
244107,normal,507,0,1782361488.4368496,0.0020704269409179688
244108,normal,3398,1,1782361488.4387753,0.0019257068634033203
244109,normal,1512,0,1782361488.4408674,0.002092123031616211
244110,normal,3496,0,1782361488.442775,0.0019075870513916016
244111,normal,2495,0,1782361488.444784,0.0020089149475097656
244112,normal,874,2,1782361488.4468722,0.002088308334350586
244113,normal,777,2,1782361488.4487803,0.0019080638885498047
244114,normal,2092,0,1782361488.4509368,0.002156496047973633
244115,normal,2870,0,1782361488.452862,0.0019252300262451172
244116,normal,935,2,1782361488.454848,0.0019860267639160156
244117,normal,1266,0,1782361488.4569433,0.0020952224731445312
244118,normal,129,0,1782361488.4587865,0.0018432140350341797
244119,normal,1020,2,1782361488.4607801,0.0019936561584472656
244120,normal,1446,0,1782361488.462774,0.001993894577026367
244121,normal,2004,0,1782361488.4647872,0.0020132064819335938
244122,normal,1273,0,1782361488.4667852,0.0019979476928710938
244123,normal,680,0,1782361488.4687748,0.001989603042602539
244124,normal,1973,0,1782361488.4707782,0.0020034313201904297
244125,normal,764,0,1782361488.4728596,0.0020813941955566406
244126,normal,607,0,1782361488.4747767,0.001917123794555664
244127,normal,320,0,1782361488.4767764,0.0019996166229248047
244128,normal,1198,0,1782361488.4787903,0.0020139217376708984
244129,normal,3029,0,1782361488.4807758,0.0019855499267578125
244130,normal,2725,0,1782361488.4827797,0.002003908157348633
244131,normal,1763,0,1782361488.4848564,0.0020766258239746094
244132,normal,3368,1,1782361488.4867754,0.0019190311431884766
244133,normal,3,0,1782361488.4887779,0.0020024776458740234
244134,normal,2147,0,1782361488.4908617,0.0020837783813476562
244135,normal,1060,0,1782361488.492775,0.001913309097290039
244136,normal,1366,1,1782361488.4947858,0.002010822296142578
244137,normal,2891,0,1782361488.4968612,0.0020754337310791016
244138,normal,3250,1,1782361488.4987772,0.0019159317016601562
244139,normal,1070,0,1782361488.500764,0.0019867420196533203
244140,normal,1648,0,1782361488.5027626,0.0019986629486083984
244141,normal,2885,0,1782361488.5049403,0.002177715301513672
244142,normal,1592,0,1782361488.5067732,0.0018329620361328125
244143,normal,1800,0,1782361488.508775,0.0020017623901367188
244144,normal,3434,0,1782361488.5107586,0.001983642578125
244145,normal,1359,1,1782361488.512742,0.0019834041595458984
244146,normal,903,2,1782361488.5147588,0.002016782760620117
244147,normal,3435,0,1782361488.5168788,0.0021200180053710938
244148,normal,729,0,1782361488.5187578,0.001878976821899414
244149,normal,1866,0,1782361488.520757,0.0019991397857666016
244150,normal,1955,0,1782361488.5228012,0.002044200897216797
244151,normal,385,0,1782361488.5247586,0.001957416534423828
244152,normal,2485,0,1782361488.5267613,0.002002716064453125
244153,normal,1892,0,1782361488.5288754,0.0021140575408935547
244154,normal,2478,0,1782361488.5307593,0.0018839836120605469
244155,normal,2327,0,1782361488.5327966,0.0020372867584228516
244156,normal,57,0,1782361488.5348427,0.0020461082458496094
244157,normal,1519,0,1782361488.536744,0.001901388168334961
244158,normal,2762,0,1782361488.5387595,0.002015352249145508
244159,normal,2594,0,1782361488.5408423,0.00208282470703125
244160,normal,3376,1,1782361488.5427406,0.0018982887268066406
244161,normal,2597,0,1782361488.5447598,0.002019166946411133
244162,normal,2436,0,1782361488.5468223,0.002062559127807617
244163,normal,1326,1,1782361488.5487413,0.0019190311431884766
244164,normal,398,0,1782361488.5507586,0.0020172595977783203
244165,normal,3657,0,1782361488.5528243,0.0020656585693359375
244166,normal,1874,0,1782361488.5549634,0.0021390914916992188
244167,normal,3361,1,1782361488.5567942,0.0018308162689208984
244168,normal,981,2,1782361488.558789,0.0019948482513427734
244169,normal,2874,0,1782361488.560784,0.001995086669921875
244170,normal,3259,1,1782361488.562783,0.0019989013671875
244171,normal,2665,0,1782361488.564775,0.0019919872283935547
244172,normal,162,0,1782361488.5667799,0.002004861831665039
244173,normal,1684,0,1782361488.568782,0.002002239227294922
244174,normal,1337,1,1782361488.5708573,0.0020751953125
244175,normal,943,2,1782361488.5728004,0.0019431114196777344
244176,normal,531,0,1782361488.5747747,0.001974344253540039
244177,normal,1157,0,1782361488.5767448,0.001970052719116211
244178,normal,226,0,1782361488.5787604,0.0020155906677246094
244179,normal,2695,0,1782361488.5807607,0.0020003318786621094
244180,normal,667,0,1782361488.5827787,0.002017974853515625
244181,normal,1744,0,1782361488.5847545,0.0019757747650146484
244182,normal,739,0,1782361488.5867596,0.0020051002502441406
244183,normal,3127,1,1782361488.5887742,0.002014636993408203
244184,normal,3387,1,1782361488.59076,0.001985788345336914
244185,normal,3452,0,1782361488.592756,0.0019960403442382812
244186,normal,1575,0,1782361488.5947769,0.0020208358764648438
244187,normal,1389,0,1782361488.5967574,0.0019805431365966797
244188,normal,2518,0,1782361488.59876,0.0020024776458740234
244189,normal,715,0,1782361488.6007946,0.0020346641540527344
244190,normal,2085,0,1782361488.6027591,0.001964569091796875
244191,normal,3464,0,1782361488.6047766,0.002017498016357422
244192,normal,1703,0,1782361488.606796,0.0020194053649902344
244193,normal,89,0,1782361488.6087594,0.001963376998901367
244194,normal,2486,0,1782361488.6107543,0.0019948482513427734
244195,normal,1967,0,1782361488.6127973,0.002043008804321289
244196,normal,2897,0,1782361488.6147604,0.0019631385803222656
244197,normal,1351,1,1782361488.6167617,0.0020012855529785156
244198,normal,1603,0,1782361488.618796,0.002034425735473633
244199,normal,1826,0,1782361488.620754,0.0019578933715820312
244200,normal,37,0,1782361488.6227658,0.0020117759704589844
244201,normal,3627,0,1782361488.6247604,0.001994609832763672
244202,normal,3569,0,1782361488.62676,0.0019996166229248047
244203,normal,2788,0,1782361488.6287572,0.001997232437133789
244204,normal,3334,1,1782361488.6307933,0.0020360946655273438
244205,normal,1317,0,1782361488.6327593,0.0019659996032714844
244206,normal,59,0,1782361488.6347594,0.002000093460083008
244207,normal,2008,0,1782361488.6367953,0.002035856246948242
244208,normal,3462,0,1782361488.6387577,0.001962423324584961
244209,normal,2962,0,1782361488.6407588,0.002001047134399414
244210,normal,3347,1,1782361488.6427956,0.0020368099212646484
244211,normal,750,0,1782361488.6447597,0.001964092254638672
244212,normal,664,0,1782361488.6467583,0.0019986629486083984
244213,normal,3577,0,1782361488.648794,0.0020356178283691406
244214,normal,23,0,1782361488.6507552,0.001961231231689453
244215,normal,3450,0,1782361488.6527557,0.002000570297241211
244216,normal,2021,0,1782361488.6547952,0.0020394325256347656
244217,normal,2880,0,1782361488.6567602,0.001965045928955078
244218,normal,1634,0,1782361488.6587596,0.001999378204345703
244219,normal,3465,0,1782361488.6607833,0.0020236968994140625
244220,normal,985,2,1782361488.662759,0.0019757747650146484
244221,normal,3017,0,1782361488.6647577,0.0019986629486083984
244222,normal,2225,0,1782361488.666796,0.002038240432739258
244223,normal,2660,0,1782361488.6687605,0.001964569091796875
244224,normal,966,2,1782361488.6707582,0.001997709274291992
244225,normal,1920,0,1782361488.672795,0.0020368099212646484
244226,normal,3331,1,1782361488.674758,0.001962900161743164
244227,normal,1930,0,1782361488.6767583,0.0020003318786621094
244228,normal,2930,0,1782361488.6787958,0.002037525177001953
244229,normal,2337,0,1782361488.6810808,0.002285003662109375
244230,normal,3003,0,1782361488.6828318,0.001750946044921875
244231,normal,3273,1,1782361488.6851215,0.0022897720336914062
244232,normal,3379,1,1782361488.6868682,0.0017466545104980469
244233,normal,3673,0,1782361488.6890316,0.002163410186767578
244234,normal,3070,1,1782361488.6909754,0.001943826675415039
244235,normal,3600,0,1782361488.69296,0.0019845962524414062
244236,normal,3542,0,1782361488.6948192,0.0018591880798339844
244237,normal,2340,0,1782361488.697091,0.002271890640258789
244238,normal,2576,0,1782361488.6989448,0.0018537044525146484
244239,normal,2349,0,1782361488.7009504,0.0020055770874023438
244240,normal,2623,0,1782361488.70305,0.0020995140075683594
244241,normal,516,0,1782361488.704776,0.0017261505126953125
244242,normal,3674,0,1782361488.7070222,0.0022461414337158203
244243,normal,2884,0,1782361488.7089553,0.0019330978393554688
244244,normal,730,0,1782361488.7107735,0.0018181800842285156
244245,normal,3690,0,1782361488.7130232,0.0022497177124023438
244246,normal,3018,0,1782361488.7148042,0.0017809867858886719
244247,normal,261,0,1782361488.7169292,0.0021250247955322266
244248,normal,3626,0,1782361488.7187908,0.001861572265625
244249,normal,3695,0,1782361488.7209566,0.0021657943725585938
244250,normal,1538,0,1782361488.7227712,0.0018146038055419922
244251,normal,1304,0,1782361488.7249537,0.002182483673095703
244252,normal,2027,0,1782361488.726947,0.001993417739868164
244253,normal,263,0,1782361488.728778,0.0018308162689208984
244254,normal,2943,0,1782361488.7310243,0.002246379852294922
244255,normal,3071,1,1782361488.7327993,0.0017750263214111328
244256,normal,2604,0,1782361488.7349312,0.002131938934326172
244257,normal,604,0,1782361488.7367995,0.0018682479858398438
244258,normal,3055,1,1782361488.738956,0.002156496047973633
244259,normal,1980,0,1782361488.7408183,0.0018622875213623047
244260,normal,118,0,1782361488.742969,0.0021507740020751953
244261,normal,1099,0,1782361488.7449298,0.00196075439453125
244262,normal,840,2,1782361488.7467692,0.0018393993377685547
244263,normal,3007,0,1782361488.7489576,0.002188444137573242
244264,normal,1793,0,1782361488.750954,0.001996278762817383
244265,normal,217,0,1782361488.7527921,0.0018382072448730469
244266,normal,2100,0,1782361488.7550237,0.002231597900390625
244267,normal,3149,1,1782361488.7567985,0.0017747879028320312
244268,normal,2984,0,1782361488.7589297,0.002131223678588867
244269,normal,3065,1,1782361488.7608075,0.0018777847290039062
244270,normal,2954,0,1782361488.7629566,0.0021491050720214844
244271,normal,3378,1,1782361488.7647722,0.0018155574798583984
244272,normal,1733,0,1782361488.7670214,0.0022492408752441406
244273,normal,2772,0,1782361488.7687972,0.0017757415771484375
244274,normal,432,0,1782361488.7709332,0.0021359920501708984
244275,normal,753,0,1782361488.7728128,0.0018796920776367188
244276,normal,2698,0,1782361488.7749538,0.0021409988403320312
244277,normal,2293,0,1782361488.7767704,0.0018165111541748047
244278,normal,849,2,1782361488.7789712,0.0022008419036865234
244279,normal,1773,0,1782361488.780952,0.0019807815551757812
244280,normal,494,0,1782361488.7827723,0.0018203258514404297
244281,normal,3279,1,1782361488.784973,0.002200603485107422
244282,normal,1466,0,1782361488.7869534,0.0019805431365966797
244283,normal,214,0,1782361488.7887714,0.001817941665649414
244284,normal,561,0,1782361488.79107,0.002298593521118164
244285,normal,1662,0,1782361488.7928133,0.001743316650390625
244286,normal,2441,0,1782361488.7949286,0.0021152496337890625
244287,normal,1497,0,1782361488.796823,0.0018944740295410156
244288,normal,3032,0,1782361488.798944,0.0021209716796875
244289,normal,2827,0,1782361488.800771,0.0018270015716552734
244290,normal,1209,0,1782361488.8029835,0.0022125244140625
244291,normal,2129,0,1782361488.804958,0.0019745826721191406
244292,normal,2459,0,1782361488.8067772,0.0018191337585449219
244293,normal,2957,0,1782361488.808984,0.0022068023681640625
244294,normal,1832,0,1782361488.8109584,0.001974344253540039
244295,normal,1977,0,1782361488.8127718,0.0018134117126464844
244296,normal,370,0,1782361488.814985,0.0022132396697998047
244297,normal,815,2,1782361488.8169594,0.001974344253540039
244298,normal,1483,0,1782361488.818789,0.0018296241760253906
244299,normal,2944,0,1782361488.8209975,0.0022084712982177734
244300,normal,3668,0,1782361488.8229432,0.0019457340240478516
244301,normal,1888,0,1782361488.82477,0.0018267631530761719
244302,normal,945,2,1782361488.8269525,0.002182483673095703
244303,normal,2460,0,1782361488.828955,0.0020024776458740234
244304,normal,1119,0,1782361488.8307934,0.0018384456634521484
244305,normal,1379,1,1782361488.8330064,0.002213001251220703
244306,normal,81,0,1782361488.8349526,0.0019462108612060547
244307,normal,2629,0,1782361488.8367686,0.0018160343170166016
244308,normal,1697,0,1782361488.8390033,0.0022346973419189453
244309,normal,3537,0,1782361488.8409774,0.0019741058349609375
244310,normal,1287,0,1782361488.8427696,0.0017921924591064453
244311,normal,3574,0,1782361488.8450062,0.002236604690551758
244312,normal,1472,0,1782361488.8469746,0.0019683837890625
244313,normal,2925,0,1782361488.8487701,0.0017955303192138672
244314,normal,1215,0,1782361488.8510084,0.0022382736206054688
244315,normal,1040,0,1782361488.8529708,0.001962423324584961
244316,normal,1293,0,1782361488.8547673,0.0017964839935302734
244317,normal,602,0,1782361488.857013,0.002245664596557617
244318,normal,26,0,1782361488.8589528,0.0019397735595703125
244319,normal,2278,0,1782361488.860769,0.0018162727355957031
244320,normal,1788,0,1782361488.8630137,0.002244710922241211
244321,normal,1786,0,1782361488.8649502,0.0019364356994628906
244322,normal,804,2,1782361488.866771,0.0018208026885986328
244323,normal,925,2,1782361488.8690178,0.002246856689453125
244324,normal,1956,0,1782361488.870955,0.0019371509552001953
244325,normal,1492,0,1782361488.8727717,0.0018167495727539062
244326,normal,1194,0,1782361488.875021,0.0022492408752441406
244327,normal,484,0,1782361488.8769548,0.0019338130950927734
244328,normal,544,0,1782361488.8787723,0.001817464828491211
244329,normal,2657,0,1782361488.881022,0.0022497177124023438
244330,normal,2691,0,1782361488.8827972,0.0017752647399902344
244331,normal,458,0,1782361488.884935,0.0021376609802246094
244332,normal,606,0,1782361488.8868768,0.0019419193267822266
244333,normal,882,2,1782361488.8889666,0.0020897388458251953
244334,normal,2521,0,1782361488.890771,0.001804351806640625
244335,normal,3318,1,1782361488.8930311,0.0022602081298828125
244336,normal,3568,0,1782361488.8947964,0.0017652511596679688
244337,normal,246,0,1782361488.896928,0.0021317005157470703
244338,normal,142,0,1782361488.8987865,0.0018584728240966797
244339,normal,1189,0,1782361488.900957,0.002170562744140625
244340,normal,1984,0,1782361488.9027712,0.001814126968383789
244341,normal,2776,0,1782361488.9050245,0.002253293991088867
244342,normal,881,2,1782361488.9068007,0.0017762184143066406
244343,normal,3280,1,1782361488.9089296,0.0021288394927978516
244344,normal,187,0,1782361488.9108665,0.0019369125366210938
244345,normal,1140,0,1782361488.9129567,0.0020902156829833984
244346,normal,314,0,1782361488.9147718,0.0018150806427001953
244347,normal,324,0,1782361488.9170237,0.002251863479614258
244348,normal,1123,0,1782361488.9189556,0.001931905746459961
244349,normal,1126,0,1782361488.9207716,0.0018160343170166016
244350,normal,91,0,1782361488.9230254,0.0022537708282470703
244351,normal,2548,0,1782361488.9249613,0.0019359588623046875
244352,normal,1663,0,1782361488.9267714,0.0018100738525390625
244353,normal,1659,0,1782361488.9290247,0.002253293991088867
244354,normal,1797,0,1782361488.9309552,0.0019304752349853516
244355,normal,3315,1,1782361488.9327714,0.0018162727355957031
244356,normal,767,0,1782361488.9350247,0.002253293991088867
244357,normal,323,0,1782361488.9369652,0.0019404888153076172
244358,normal,345,0,1782361488.938771,0.0018057823181152344
244359,normal,3504,0,1782361488.9410641,0.002293109893798828
244360,normal,2668,0,1782361488.9428003,0.0017361640930175781
244361,normal,1296,0,1782361488.9449437,0.002143383026123047
244362,normal,3105,1,1782361488.9468722,0.001928567886352539
244363,normal,1165,0,1782361488.948943,0.0020706653594970703
244364,normal,3002,0,1782361488.950774,0.0018310546875
244365,normal,711,0,1782361488.9530249,0.0022509098052978516
244366,normal,841,2,1782361488.954998,0.0019731521606445312
244367,normal,1071,0,1782361488.9568117,0.001813650131225586
244368,normal,760,0,1782361488.9590256,0.0022139549255371094
244369,normal,697,0,1782361488.9609537,0.001928091049194336
244370,normal,3394,1,1782361488.9627776,0.0018239021301269531
244371,normal,2789,0,1782361488.9650252,0.0022475719451904297
244372,normal,766,0,1782361488.9669526,0.0019273757934570312
244373,normal,627,0,1782361488.9687772,0.0018246173858642578
244374,normal,3578,0,1782361488.9709682,0.0021910667419433594
244375,normal,1039,0,1782361488.9729528,0.0019845962524414062
244376,normal,2509,0,1782361488.9747787,0.0018258094787597656
244377,normal,1985,0,1782361488.9769518,0.002173185348510742
244378,normal,2919,0,1782361488.9789562,0.002004384994506836
244379,normal,3556,0,1782361488.9807696,0.0018134117126464844
244380,normal,2427,0,1782361488.9830263,0.002256631851196289
244381,normal,2696,0,1782361488.9849515,0.0019252300262451172
244382,normal,1221,0,1782361488.986771,0.001819610595703125
244383,normal,2681,0,1782361488.988961,0.0021898746490478516
244384,normal,2330,0,1782361488.990955,0.0019941329956054688
244385,normal,558,0,1782361488.9927716,0.0018165111541748047
244386,normal,3154,1,1782361488.99496,0.002188444137573242
244387,normal,440,0,1782361488.9969525,0.001992464065551758
244388,normal,2058,0,1782361488.9988616,0.001909017562866211
244389,normal,1658,0,1782361489.0010335,0.0021719932556152344
244390,normal,1458,0,1782361489.0027957,0.0017621517181396484
244391,normal,2028,0,1782361489.0049293,0.002133607864379883
244392,normal,1790,0,1782361489.00681,0.001880645751953125
244393,normal,237,0,1782361489.0089555,0.002145528793334961
244394,normal,3550,0,1782361489.010771,0.0018155574798583984
244395,normal,1009,2,1782361489.0129826,0.0022115707397460938
244396,normal,1968,0,1782361489.014953,0.0019702911376953125
244397,normal,460,0,1782361489.0167782,0.0018253326416015625
244398,normal,790,2,1782361489.0189784,0.0022001266479492188
244399,normal,1949,0,1782361489.0209532,0.001974821090698242
244400,normal,20,0,1782361489.0227695,0.0018162727355957031
244401,normal,1278,0,1782361489.0249822,0.0022127628326416016
244402,normal,3207,1,1782361489.0269496,0.0019674301147460938
244403,normal,2965,0,1782361489.0288084,0.0018587112426757812
244404,normal,2557,0,1782361489.0309768,0.002168416976928711
244405,normal,1138,0,1782361489.0329564,0.0019795894622802734
244406,normal,792,2,1782361489.0347705,0.001814126968383789
244407,normal,1409,0,1782361489.03698,0.0022094249725341797
244408,normal,3356,1,1782361489.038955,0.0019750595092773438
244409,normal,1846,0,1782361489.0407777,0.0018227100372314453
244410,normal,2872,0,1782361489.0429816,0.0022039413452148438
244411,normal,2208,0,1782361489.0451567,0.0021750926971435547
244412,normal,255,0,1782361489.0468075,0.0016508102416992188
244413,normal,477,0,1782361489.0490894,0.0022819042205810547
244414,normal,328,0,1782361489.0509212,0.0018317699432373047
244415,normal,756,0,1782361489.052959,0.0020377635955810547
244416,normal,622,0,1782361489.0549557,0.001996755599975586
244417,normal,847,2,1782361489.057094,0.002138376235961914
244418,normal,1331,1,1782361489.0588078,0.0017137527465820312
244419,normal,1450,0,1782361489.0610929,0.002285003662109375
244420,normal,2986,0,1782361489.0629253,0.0018324851989746094
244421,normal,3520,0,1782361489.0649586,0.002033233642578125
244422,normal,2545,0,1782361489.0669594,0.0020008087158203125
244423,normal,15,0,1782361489.0690749,0.002115488052368164
244424,normal,770,0,1782361489.0708082,0.0017333030700683594
244425,normal,116,0,1782361489.0730968,0.0022885799407958984
244426,normal,1380,1,1782361489.0749428,0.0018460750579833984
244427,normal,990,2,1782361489.0769567,0.0020139217376708984
244428,normal,1477,0,1782361489.0789766,0.0020198822021484375
244429,normal,2953,0,1782361489.0810766,0.0020999908447265625
244430,normal,3192,1,1782361489.0828116,0.0017349720001220703
244431,normal,1235,0,1782361489.0851035,0.0022919178009033203
244432,normal,3041,0,1782361489.0869358,0.0018322467803955078
244433,normal,979,2,1782361489.0889578,0.0020220279693603516
244434,normal,937,2,1782361489.0909688,0.0020110607147216797
244435,normal,359,0,1782361489.09324,0.0022711753845214844
244436,normal,3663,0,1782361489.0948265,0.0015864372253417969
244437,normal,211,0,1782361489.097106,0.002279520034790039
244438,normal,3175,1,1782361489.0989459,0.0018398761749267578
244439,normal,3410,0,1782361489.1009572,0.0020112991333007812
244440,normal,2807,0,1782361489.102986,0.002028942108154297
244441,normal,3306,1,1782361489.1050832,0.0020971298217773438
244442,normal,521,0,1782361489.1068084,0.0017251968383789062
244443,normal,3632,0,1782361489.1091163,0.002307891845703125
244444,normal,2552,0,1782361489.1109438,0.0018274784088134766
244445,normal,140,0,1782361489.1129572,0.0020134449005126953
244446,normal,1725,0,1782361489.1149788,0.0020215511322021484
244447,normal,932,2,1782361489.117086,0.0021071434020996094
244448,normal,1673,0,1782361489.1188228,0.0017368793487548828
244449,normal,2709,0,1782361489.1211152,0.0022923946380615234
244450,normal,2979,0,1782361489.1229444,0.0018291473388671875
244451,normal,1931,0,1782361489.124957,0.0020127296447753906
244452,normal,1701,0,1782361489.1269827,0.002025604248046875
244453,normal,276,0,1782361489.1290784,0.0020956993103027344
244454,normal,816,2,1782361489.130807,0.0017285346984863281
244455,normal,1238,0,1782361489.1331213,0.002314329147338867
244456,normal,1660,0,1782361489.1349397,0.0018184185028076172
244457,normal,2593,0,1782361489.1369567,0.0020170211791992188
244458,normal,2252,0,1782361489.1389904,0.002033710479736328
244459,normal,2479,0,1782361489.1411407,0.002150297164916992
244460,normal,2388,0,1782361489.1428084,0.0016677379608154297
244461,normal,890,2,1782361489.1451263,0.0023179054260253906
244462,normal,3437,0,1782361489.1469483,0.0018219947814941406
244463,normal,3623,0,1782361489.1489577,0.0020093917846679688
244464,normal,1996,0,1782361489.150996,0.002038240432739258
244465,normal,3536,0,1782361489.1531053,0.0021092891693115234
244466,normal,3605,0,1782361489.1551104,0.0020051002502441406
244467,normal,2609,0,1782361489.1569662,0.0018558502197265625
244468,normal,2758,0,1782361489.1590304,0.002064228057861328
244469,normal,1546,0,1782361489.1609552,0.001924753189086914
244470,normal,3677,0,1782361489.1630523,0.0020971298217773438
244471,normal,2408,0,1782361489.164781,0.0017287731170654297
244472,normal,2934,0,1782361489.167038,0.0022568702697753906
244473,normal,2797,0,1782361489.1687784,0.0017404556274414062
244474,normal,1534,0,1782361489.1709423,0.0021638870239257812
244475,normal,1520,0,1782361489.1727905,0.0018482208251953125
244476,normal,1914,0,1782361489.1750321,0.0022416114807128906
244477,normal,30,0,1782361489.1769195,0.0018873214721679688
244478,normal,1325,1,1782361489.1787894,0.0018699169158935547
244479,normal,1965,0,1782361489.1810355,0.0022461414337158203
244480,normal,241,0,1782361489.1829238,0.001888275146484375
244481,normal,735,0,1782361489.1847904,0.0018665790557861328
244482,normal,3328,1,1782361489.1870346,0.002244234085083008
244483,normal,3590,0,1782361489.1889253,0.0018906593322753906
244484,normal,1946,0,1782361489.1907887,0.0018634796142578125
244485,normal,2061,0,1782361489.1930344,0.002245664596557617
244486,normal,1008,2,1782361489.1949239,0.0018894672393798828
244487,normal,368,0,1782361489.196799,0.001875162124633789
244488,normal,3305,1,1782361489.1989467,0.002147674560546875
244489,normal,654,0,1782361489.2009826,0.002035856246948242
244490,normal,313,0,1782361489.2027903,0.0018076896667480469
244491,normal,2153,0,1782361489.204949,0.002158641815185547
244492,normal,43,0,1782361489.20693,0.001981019973754883
244493,normal,3682,0,1782361489.20879,0.0018601417541503906
244494,normal,802,2,1782361489.210953,0.002162933349609375
244495,normal,1428,0,1782361489.2129295,0.001976490020751953
244496,normal,940,2,1782361489.214791,0.001861572265625
244497,normal,2977,0,1782361489.2170465,0.0022554397583007812
244498,normal,618,0,1782361489.2187696,0.0017230510711669922
244499,normal,3111,1,1782361489.2209473,0.002177715301513672
244500,normal,3587,0,1782361489.222802,0.0018546581268310547
244501,normal,592,0,1782361489.2249272,0.002125263214111328
244502,normal,2090,0,1782361489.2267904,0.001863241195678711
244503,normal,1208,0,1782361489.2289624,0.0021719932556152344
244504,normal,1691,0,1782361489.2309277,0.0019652843475341797
244505,normal,720,0,1782361489.2327917,0.0018639564514160156
244506,normal,1158,0,1782361489.234963,0.0021712779998779297
244507,normal,2991,0,1782361489.2370126,0.002049684524536133
244508,normal,2267,0,1782361489.2387908,0.0017781257629394531
244509,normal,3099,1,1782361489.2410882,0.0022974014282226562
244510,normal,3153,1,1782361489.2429461,0.0018579959869384766
244511,normal,1587,0,1782361489.2447946,0.001848459243774414
244512,normal,3125,1,1782361489.246961,0.0021665096282958984
244513,normal,1707,0,1782361489.2490451,0.002084016799926758
244514,normal,2976,0,1782361489.2507668,0.0017216205596923828
244515,normal,3468,0,1782361489.2529652,0.002198457717895508
244516,normal,3380,1,1782361489.2547781,0.0018129348754882812
244517,normal,3117,1,1782361489.256804,0.0020258426666259766
244518,normal,1290,0,1782361489.2589667,0.0021626949310302734
244519,normal,2116,0,1782361489.2609026,0.0019359588623046875
244520,normal,3691,0,1782361489.2627795,0.0018768310546875
244521,normal,479,0,1782361489.2649786,0.0021991729736328125
244522,normal,682,0,1782361489.2669127,0.001934051513671875
244523,normal,3680,0,1782361489.2687736,0.0018608570098876953
244524,normal,3440,0,1782361489.2710955,0.002321958541870117
244525,normal,1089,0,1782361489.2729561,0.0018606185913085938
244526,normal,198,0,1782361489.2749753,0.002019166946411133
244527,normal,3377,1,1782361489.2768996,0.001924276351928711
244528,normal,433,0,1782361489.278906,0.00200653076171875
244529,normal,1872,0,1782361489.280792,0.0018858909606933594
244530,normal,859,2,1782361489.2829773,0.002185344696044922
244531,normal,2677,0,1782361489.284915,0.0019376277923583984
244532,normal,920,2,1782361489.2867703,0.0018553733825683594
244533,normal,2319,0,1782361489.2889912,0.0022208690643310547
244534,normal,1577,0,1782361489.2909112,0.0019199848175048828
244535,normal,2945,0,1782361489.2927713,0.0018601417541503906
244536,normal,2961,0,1782361489.294983,0.0022115707397460938
244537,normal,2009,0,1782361489.296774,0.0017910003662109375
244538,normal,643,0,1782361489.2989113,0.002137422561645508
244539,normal,252,0,1782361489.3008313,0.0019199848175048828
244540,normal,515,0,1782361489.3029122,0.0020809173583984375
244541,normal,1022,2,1782361489.304808,0.0018956661224365234
244542,normal,1122,0,1782361489.3069866,0.002178668975830078
244543,normal,1899,0,1782361489.3087797,0.0017931461334228516
244544,normal,1606,0,1782361489.3109114,0.0021317005157470703
244545,normal,1845,0,1782361489.3128386,0.0019271373748779297
244546,normal,2589,0,1782361489.314912,0.002073526382446289
244547,normal,1277,0,1782361489.3167932,0.0018811225891113281
244548,normal,2809,0,1782361489.318993,0.002199888229370117
244549,normal,113,0,1782361489.3209338,0.0019407272338867188
244550,normal,18,0,1782361489.3227694,0.0018355846405029297
244551,normal,1360,1,1782361489.3249934,0.002223968505859375
244552,normal,2861,0,1782361489.3269114,0.0019180774688720703
244553,normal,2399,0,1782361489.3287683,0.0018568038940429688
244554,normal,1865,0,1782361489.3309994,0.002231121063232422
244555,normal,789,2,1782361489.3329136,0.0019142627716064453
244556,normal,1240,0,1782361489.3347702,0.0018565654754638672
244557,normal,3095,1,1782361489.3369305,0.002160310745239258
244558,normal,736,0,1782361489.3389125,0.001981973648071289
244559,normal,2739,0,1782361489.3407698,0.0018572807312011719
244560,normal,741,0,1782361489.3429043,0.002134561538696289
244561,normal,1370,1,1782361489.3449118,0.0020074844360351562
244562,normal,505,0,1782361489.3467739,0.0018620491027832031
244563,normal,2630,0,1782361489.3489568,0.0021829605102539062
244564,normal,2999,0,1782361489.3507655,0.0018086433410644531
244565,normal,547,0,1782361489.3527713,0.0020058155059814453
244566,normal,702,0,1782361489.354943,0.002171754837036133
244567,normal,1003,2,1782361489.3569193,0.0019762516021728516
244568,normal,1912,0,1782361489.358772,0.0018527507781982422
244569,normal,1469,0,1782361489.360911,0.002138853073120117
244570,normal,1091,0,1782361489.3629127,0.0020017623901367188
244571,normal,3097,1,1782361489.3647711,0.0018584728240966797
244572,normal,734,0,1782361489.3669152,0.0021440982818603516
244573,normal,2270,0,1782361489.3689148,0.0019996166229248047
244574,normal,2003,0,1782361489.3707707,0.0018558502197265625
244575,normal,2105,0,1782361489.3729408,0.002170085906982422
244576,normal,1590,0,1782361489.3749087,0.001967906951904297
244577,normal,2115,0,1782361489.3767693,0.0018606185913085938
244578,normal,2287,0,1782361489.3789196,0.002150297164916992
244579,normal,2131,0,1782361489.3809078,0.0019881725311279297
244580,normal,417,0,1782361489.3827684,0.0018606185913085938
244581,normal,3472,0,1782361489.384922,0.002153635025024414
244582,normal,2595,0,1782361489.38691,0.001987934112548828
244583,normal,2313,0,1782361489.3887694,0.001859426498413086
244584,normal,1732,0,1782361489.3909252,0.002155780792236328
244585,normal,834,2,1782361489.3929105,0.001985311508178711
244586,normal,1307,0,1782361489.394771,0.0018606185913085938
244587,normal,3475,0,1782361489.3969285,0.002157449722290039
244588,normal,732,0,1782361489.3989089,0.001980304718017578
244589,normal,3063,1,1782361489.4007754,0.0018665790557861328
244590,normal,2113,0,1782361489.402929,0.002153635025024414
244591,normal,2832,0,1782361489.404914,0.001984834671020508
244592,normal,2733,0,1782361489.4067705,0.0018565654754638672
244593,normal,3592,0,1782361489.4089334,0.002162933349609375
244594,normal,3354,1,1782361489.4109094,0.00197601318359375
244595,normal,384,0,1782361489.4127696,0.0018601417541503906
244596,normal,2756,0,1782361489.4147804,0.002010822296142578
244597,normal,1653,0,1782361489.4169137,0.0021333694458007812
244598,normal,3313,1,1782361489.418772,0.0018582344055175781
244599,normal,3634,0,1782361489.4209383,0.002166271209716797
244600,normal,3479,0,1782361489.422908,0.0019698143005371094
244601,normal,3268,1,1782361489.4247692,0.0018610954284667969
244602,normal,2572,0,1782361489.4269419,0.002172708511352539
244603,normal,3621,0,1782361489.4289095,0.0019676685333251953
244604,normal,3610,0,1782361489.4307745,0.0018649101257324219
244605,normal,2749,0,1782361489.4329433,0.002168893814086914
244606,normal,1514,0,1782361489.434911,0.0019676685333251953
244607,normal,2434,0,1782361489.4367735,0.0018625259399414062
244608,normal,3705,0,1782361489.4389458,0.002172231674194336
244609,normal,1897,0,1782361489.440911,0.0019652843475341797
244610,normal,158,0,1782361489.4427712,0.0018601417541503906
244611,normal,2277,0,1782361489.4449472,0.002176046371459961
244612,normal,2018,0,1782361489.4469159,0.0019686222076416016
244613,normal,1741,0,1782361489.4487712,0.0018553733825683594
244614,normal,196,0,1782361489.4509654,0.0021941661834716797
244615,normal,73,0,1782361489.452911,0.00194549560546875
244616,normal,2932,0,1782361489.4547708,0.001859903335571289
244617,normal,2507,0,1782361489.4569519,0.0021810531616210938
244618,normal,1468,0,1782361489.458907,0.0019550323486328125
244619,normal,2190,0,1782361489.4607692,0.0018622875213623047
244620,normal,69,0,1782361489.4629529,0.002183675765991211
244621,normal,3254,1,1782361489.464908,0.0019550323486328125
244622,normal,3214,1,1782361489.4667692,0.0018613338470458984
244623,normal,824,2,1782361489.4689603,0.0021910667419433594
244624,normal,2043,0,1782361489.470914,0.001953601837158203
244625,normal,425,0,1782361489.4727695,0.001855611801147461
244626,normal,2684,0,1782361489.474959,0.0021893978118896484
244627,normal,997,2,1782361489.4769132,0.001954317092895508
244628,normal,376,0,1782361489.478774,0.0018608570098876953
244629,normal,1665,0,1782361489.4809616,0.002187490463256836
244630,normal,472,0,1782361489.4829133,0.0019516944885253906
244631,normal,3075,1,1782361489.4847727,0.001859426498413086
244632,normal,3282,1,1782361489.486965,0.002192258834838867
244633,normal,2719,0,1782361489.488911,0.0019459724426269531
244634,normal,946,2,1782361489.4907687,0.001857757568359375
244635,normal,82,0,1782361489.4929655,0.002196788787841797
244636,normal,1943,0,1782361489.4949105,0.0019450187683105469
244637,normal,404,0,1782361489.4967704,0.001859903335571289
244638,normal,1411,0,1782361489.4989696,0.0021991729736328125
244639,normal,1286,0,1782361489.500911,0.0019414424896240234
244640,normal,1511,0,1782361489.5027711,0.0018601417541503906
244641,normal,3601,0,1782361489.504971,0.002199888229370117
244642,normal,2971,0,1782361489.5069046,0.0019335746765136719
244643,normal,3488,0,1782361489.5087726,0.0018680095672607422
244644,normal,1856,0,1782361489.5109732,0.002200603485107422
244645,normal,1681,0,1782361489.5129454,0.001972198486328125
244646,normal,192,0,1782361489.514765,0.001819610595703125
244647,normal,3303,1,1782361489.516975,0.002209901809692383
244648,normal,529,0,1782361489.5189548,0.001979827880859375
244649,normal,1371,1,1782361489.5207713,0.0018165111541748047
244650,normal,1348,1,1782361489.5230045,0.002233266830444336
244651,normal,2766,0,1782361489.524925,0.001920461654663086
244652,normal,144,0,1782361489.5267663,0.0018413066864013672
244653,normal,3439,0,1782361489.5289803,0.0022139549255371094
244654,normal,1579,0,1782361489.5309198,0.001939535140991211
244655,normal,2488,0,1782361489.5327654,0.0018455982208251953
244656,normal,1316,0,1782361489.534981,0.0022156238555908203
244657,normal,2040,0,1782361489.5369241,0.0019431114196777344
244658,normal,2996,0,1782361489.5387654,0.0018413066864013672
244659,normal,3082,1,1782361489.541013,0.0022475719451904297
244660,normal,2463,0,1782361489.5429006,0.0018875598907470703
244661,normal,3688,0,1782361489.5447638,0.001863241195678711
244662,normal,1755,0,1782361489.5470097,0.0022459030151367188
244663,normal,2053,0,1782361489.5489113,0.0019016265869140625
244664,normal,1751,0,1782361489.5507636,0.001852273941040039
244665,normal,1675,0,1782361489.5529916,0.0022280216217041016
244666,normal,1219,0,1782361489.5549226,0.0019309520721435547
244667,normal,1403,0,1782361489.556765,0.001842498779296875
244668,normal,2030,0,1782361489.5591366,0.002371549606323242
244669,normal,1835,0,1782361489.560791,0.0016543865203857422
244670,normal,1112,0,1782361489.5629025,0.0021114349365234375
244671,normal,688,0,1782361489.5648417,0.0019392967224121094
244672,normal,3700,0,1782361489.566924,0.002082347869873047
244673,normal,2581,0,1782361489.568766,0.0018420219421386719
244674,normal,2363,0,1782361489.5709481,0.0021820068359375
244675,normal,1576,0,1782361489.5729144,0.001966238021850586
244676,normal,854,2,1782361489.574764,0.0018496513366699219
244677,normal,3369,1,1782361489.576925,0.0021610260009765625
244678,normal,672,0,1782361489.578912,0.001986980438232422
244679,normal,1817,0,1782361489.5807636,0.0018515586853027344
244680,normal,1147,0,1782361489.582904,0.002140522003173828
244681,normal,2163,0,1782361489.5849118,0.002007722854614258
244682,normal,2144,0,1782361489.5867724,0.0018606185913085938
244683,normal,2109,0,1782361489.588907,0.002134561538696289
244684,normal,2798,0,1782361489.5909114,0.002004384994506836
244685,normal,1852,0,1782361489.5927658,0.0018544197082519531
244686,normal,3624,0,1782361489.59491,0.0021440982818603516
244687,normal,2860,0,1782361489.596912,0.0020020008087158203
244688,normal,2678,0,1782361489.5987663,0.0018544197082519531
244689,normal,1101,0,1782361489.6009119,0.002145528793334961
244690,normal,2025,0,1782361489.602911,0.0019991397857666016
244691,normal,3480,0,1782361489.6047704,0.001859426498413086
244692,normal,2066,0,1782361489.6069322,0.002161741256713867
244693,normal,107,0,1782361489.608914,0.0019817352294921875
244694,normal,1759,0,1782361489.6107655,0.0018515586853027344
244695,normal,2192,0,1782361489.6129172,0.0021517276763916016
244696,normal,435,0,1782361489.6149118,0.001994609832763672
244697,normal,64,0,1782361489.6167643,0.0018525123596191406
244698,normal,1762,0,1782361489.6189191,0.002154827117919922
244699,normal,2922,0,1782361489.6209075,0.0019884109497070312
244700,normal,1169,0,1782361489.622764,0.0018565654754638672
244701,normal,983,2,1782361489.624923,0.0021588802337646484
244702,normal,1413,0,1782361489.6269076,0.0019845962524414062
244703,normal,3563,0,1782361489.628768,0.0018603801727294922
244704,normal,2658,0,1782361489.6309245,0.002156496047973633
244705,normal,1976,0,1782361489.6329093,0.001984834671020508
244706,normal,3081,1,1782361489.6347654,0.001856088638305664
244707,normal,325,0,1782361489.6367722,0.0020067691802978516
244708,normal,1571,0,1782361489.638935,0.002162933349609375
244709,normal,3324,1,1782361489.6407657,0.0018305778503417969
244710,normal,843,2,1782361489.6429286,0.002162933349609375
244711,normal,3171,1,1782361489.64491,0.001981496810913086
244712,normal,1540,0,1782361489.6467643,0.0018541812896728516
244713,normal,100,0,1782361489.6489406,0.0021762847900390625
244714,normal,1461,0,1782361489.650911,0.001970529556274414
244715,normal,3603,0,1782361489.652764,0.0018529891967773438
244716,normal,2803,0,1782361489.654912,0.0021479129791259766
244717,normal,1945,0,1782361489.6569126,0.002000570297241211
244718,normal,1177,0,1782361489.658765,0.0018525123596191406
244719,normal,128,0,1782361489.6607845,0.0020194053649902344
244720,normal,2193,0,1782361489.662922,0.002137422561645508
244721,normal,2591,0,1782361489.66477,0.001847982406616211
244722,normal,111,0,1782361489.6669385,0.0021686553955078125
244723,normal,829,2,1782361489.6689098,0.0019712448120117188
244724,normal,2878,0,1782361489.670771,0.0018610954284667969
244725,normal,109,0,1782361489.6729422,0.0021712779998779297
244726,normal,2785,0,1782361489.6749105,0.0019683837890625
244727,normal,1583,0,1782361489.676764,0.0018534660339355469
244728,normal,2128,0,1782361489.6789436,0.0021796226501464844
244729,normal,1585,0,1782361489.6810646,0.0021209716796875
244730,normal,2438,0,1782361489.6828225,0.0017578601837158203
244731,normal,3498,0,1782361489.684969,0.002146482467651367
244732,normal,1567,0,1782361489.6868665,0.001897573471069336
244733,normal,2220,0,1782361489.6889584,0.0020918846130371094
244734,normal,3448,0,1782361489.690814,0.001855611801147461
244735,normal,3015,0,1782361489.6929796,0.002165555953979492
244736,normal,2254,0,1782361489.694771,0.0017914772033691406
244737,normal,3594,0,1782361489.6969078,0.002136707305908203
244738,normal,1932,0,1782361489.6989143,0.00200653076171875
244739,normal,1312,0,1782361489.7007716,0.0018572807312011719
244740,normal,220,0,1782361489.7029543,0.0021827220916748047
244741,normal,1854,0,1782361489.704909,0.001954793930053711
244742,normal,492,0,1782361489.7067811,0.0018720626831054688
244743,normal,2881,0,1782361489.7089112,0.0021300315856933594
244744,normal,1075,0,1782361489.7109218,0.0020105838775634766
244745,normal,2969,0,1782361489.7127588,0.001837015151977539
244746,normal,3684,0,1782361489.7149708,0.002212047576904297
244747,normal,3243,1,1782361489.7169247,0.0019538402557373047
244748,normal,1224,0,1782361489.718753,0.0018284320831298828
244749,normal,2239,0,1782361489.7209792,0.002226114273071289
244750,normal,2553,0,1782361489.7229428,0.0019636154174804688
244751,normal,2632,0,1782361489.7247596,0.0018167495727539062
244752,normal,2759,0,1782361489.7269738,0.002214193344116211
244753,normal,306,0,1782361489.7289093,0.0019354820251464844
244754,normal,2622,0,1782361489.7307677,0.0018584728240966797
244755,normal,1034,0,1782361489.7329655,0.002197742462158203
244756,normal,2708,0,1782361489.7349138,0.0019483566284179688
244757,normal,666,0,1782361489.7367783,0.0018644332885742188
244758,normal,1772,0,1782361489.7389145,0.00213623046875
244759,normal,1271,0,1782361489.7409434,0.002028942108154297
244760,normal,1046,0,1782361489.742761,0.001817464828491211
244761,normal,1284,0,1782361489.744982,0.0022211074829101562
244762,normal,2917,0,1782361489.7469218,0.0019397735595703125
244763,normal,3216,1,1782361489.7487595,0.0018377304077148438
244764,normal,1847,0,1782361489.7509751,0.0022156238555908203
244765,normal,223,0,1782361489.7530437,0.0020685195922851562
244766,normal,2089,0,1782361489.755974,0.0029304027557373047
244767,normal,2447,0,1782361489.7569625,0.0009884834289550781
244768,normal,474,0,1782361489.7588696,0.0019071102142333984
244769,normal,2742,0,1782361489.7609172,0.0020475387573242188
244770,normal,2184,0,1782361489.76298,0.0020627975463867188
244771,normal,3642,0,1782361489.7649617,0.0019817352294921875
244772,normal,337,0,1782361489.7667875,0.0018258094787597656
244773,normal,234,0,1782361489.7689822,0.002194643020629883
244774,normal,478,0,1782361489.7709196,0.0019373893737792969
244775,normal,1753,0,1782361489.772767,0.0018475055694580078
244776,normal,131,0,1782361489.7749321,0.002165079116821289
244777,normal,3422,0,1782361489.7768857,0.001953601837158203
244778,normal,1618,0,1782361489.7787704,0.0018846988677978516
244779,normal,1196,0,1782361489.7809877,0.0022172927856445312
244780,normal,444,0,1782361489.7829127,0.0019249916076660156
244781,normal,407,0,1782361489.78477,0.0018572807312011719
244782,normal,63,0,1782361489.7869892,0.0022192001342773438
244783,normal,2449,0,1782361489.788916,0.0019268989562988281
244784,normal,839,2,1782361489.7907698,0.0018537044525146484
244785,normal,950,2,1782361489.7929943,0.002224445343017578
244786,normal,3069,1,1782361489.794904,0.0019097328186035156
244787,normal,2767,0,1782361489.79677,0.0018661022186279297
244788,normal,2652,0,1782361489.7989101,0.002140045166015625
244789,normal,1438,0,1782361489.8009098,0.0019996166229248047
244790,normal,2540,0,1782361489.8027735,0.001863718032836914
244791,normal,619,0,1782361489.8050034,0.002229928970336914
244792,normal,3103,1,1782361489.8069258,0.0019223690032958984
244793,normal,2764,0,1782361489.808773,0.0018472671508789062
244794,normal,2972,0,1782361489.8109982,0.002225160598754883
244795,normal,1789,0,1782361489.8127968,0.0017986297607421875
244796,normal,1661,0,1782361489.8147783,0.001981496810913086
244797,normal,3433,0,1782361489.8167865,0.002008199691772461
244798,normal,486,0,1782361489.8189116,0.0021250247955322266
244799,normal,2411,0,1782361489.8207648,0.0018532276153564453
244800,normal,1839,0,1782361489.823002,0.0022373199462890625
244801,normal,2326,0,1782361489.8249116,0.001909494400024414
244802,normal,1470,0,1782361489.8267782,0.0018665790557861328
244803,normal,1777,0,1782361489.8289096,0.0021314620971679688
244804,normal,922,2,1782361489.830909,0.001999378204345703
244805,normal,550,0,1782361489.8327737,0.0018646717071533203
244806,normal,1714,0,1782361489.834912,0.002138376235961914
244807,normal,677,0,1782361489.836907,0.0019948482513427734
244808,normal,996,2,1782361489.8387694,0.0018625259399414062
244809,normal,420,0,1782361489.84078,0.0020105838775634766
244810,normal,3265,1,1782361489.8427763,0.001996278762817383
244811,normal,2133,0,1782361489.8447545,0.001978158950805664
244812,normal,1297,0,1782361489.846751,0.0019965171813964844
244813,normal,1384,0,1782361489.8487477,0.001996755599975586
244814,normal,2167,0,1782361489.85075,0.002002239227294922
244815,normal,22,0,1782361489.8527534,0.0020034313201904297
244816,normal,528,0,1782361489.854752,0.0019986629486083984
244817,normal,1226,0,1782361489.856749,0.0019969940185546875
244818,normal,3056,1,1782361489.8587558,0.0020067691802978516
244819,normal,2250,0,1782361489.8607526,0.001996755599975586
244820,normal,2718,0,1782361489.8627489,0.001996278762817383
244821,normal,3255,1,1782361489.8647478,0.0019989013671875
244822,normal,2324,0,1782361489.8667579,0.0020101070404052734
244823,normal,1532,0,1782361489.8687506,0.0019927024841308594
244824,normal,2963,0,1782361489.8707478,0.001997232437133789
244825,normal,636,0,1782361489.8727922,0.0020444393157958984
244826,normal,524,0,1782361489.8747463,0.0019540786743164062
244827,normal,1181,0,1782361489.8767512,0.002004861831665039
244828,normal,2516,0,1782361489.8787894,0.002038240432739258
244829,normal,2024,0,1782361489.8807104,0.001920938491821289
244830,normal,2063,0,1782361489.882742,0.002031564712524414
244831,normal,1591,0,1782361489.8847518,0.002009868621826172
244832,normal,3169,1,1782361489.8867364,0.0019845962524414062
244833,normal,288,0,1782361489.8887334,0.0019969940185546875
244834,normal,1819,0,1782361489.8907495,0.0020160675048828125
244835,normal,1315,0,1782361489.8927352,0.001985788345336914
244836,normal,442,0,1782361489.8947353,0.002000093460083008
244837,normal,2808,0,1782361489.8968108,0.0020754337310791016
244838,normal,1386,0,1782361489.8987124,0.0019016265869140625
244839,normal,2689,0,1782361489.9007351,0.0020227432250976562
244840,normal,1395,0,1782361489.9027514,0.002016305923461914
244841,normal,1771,0,1782361489.9047892,0.0020377635955810547
244842,normal,1641,0,1782361489.9067106,0.0019214153289794922
244843,normal,3152,1,1782361489.9087522,0.0020415782928466797
244844,normal,2813,0,1782361489.9107356,0.0019834041595458984
244845,normal,3639,0,1782361489.9127352,0.0019996166229248047
244846,normal,2431,0,1782361489.914749,0.002013683319091797
244847,normal,1161,0,1782361489.9167352,0.001986265182495117
244848,normal,2920,0,1782361489.9187362,0.002001047134399414
244849,normal,1414,0,1782361489.920748,0.0020117759704589844
244850,normal,610,0,1782361489.922733,0.0019850730895996094
244851,normal,2650,0,1782361489.9247317,0.0019986629486083984
244852,normal,2750,0,1782361489.9267542,0.0020225048065185547
244853,normal,3112,1,1782361489.928785,0.0020308494567871094
244854,normal,1611,0,1782361489.9307523,0.001967191696166992
244855,normal,2499,0,1782361489.9327512,0.0019989013671875
244856,normal,3386,1,1782361489.934735,0.0019838809967041016
244857,normal,447,0,1782361489.9367485,0.0020134449005126953
244858,normal,2682,0,1782361489.938787,0.0020384788513183594
244859,normal,2274,0,1782361489.9407485,0.0019614696502685547
244860,normal,1649,0,1782361489.9427412,0.0019927024841308594
244861,normal,1853,0,1782361489.9447885,0.002047300338745117
244862,normal,1107,0,1782361489.946747,0.001958608627319336
244863,normal,1608,0,1782361489.9487727,0.002025604248046875
244864,normal,1915,0,1782361489.9508135,0.002040863037109375
244865,normal,1248,0,1782361489.9527447,0.0019311904907226562
244866,normal,2504,0,1782361489.9547453,0.002000570297241211
244867,normal,634,0,1782361489.9567873,0.002042055130004883
244868,normal,414,0,1782361489.9587445,0.0019571781158447266
244869,normal,3400,1,1782361489.9607463,0.0020017623901367188
244870,normal,811,2,1782361489.9627833,0.00203704833984375
244871,normal,509,0,1782361489.9647436,0.001960277557373047
244872,normal,1236,0,1782361489.9667447,0.002001047134399414
244873,normal,1295,0,1782361489.968783,0.002038240432739258
244874,normal,3570,0,1782361489.9707453,0.001962423324584961
244875,normal,3074,1,1782361489.9727457,0.0020003318786621094
244876,normal,2842,0,1782361489.974785,0.0020394325256347656
244877,normal,2519,0,1782361489.9767523,0.001967191696166992
244878,normal,1321,1,1782361489.9789789,0.002226591110229492
244879,normal,1065,0,1782361489.9809048,0.0019259452819824219
244880,normal,2098,0,1782361489.9827738,0.0018689632415771484
244881,normal,309,0,1782361489.9849753,0.002201557159423828
244882,normal,3326,1,1782361489.9869068,0.0019314289093017578
244883,normal,3669,0,1782361489.9887836,0.0018768310546875
244884,normal,3288,1,1782361489.9909751,0.0021915435791015625
244885,normal,1737,0,1782361489.992912,0.0019369125366210938
244886,normal,3467,0,1782361489.9947739,0.0018618106842041016
244887,normal,3301,1,1782361489.9969778,0.0022039413452148438
244888,normal,1083,0,1782361489.9989054,0.0019276142120361328
244889,normal,2389,0,1782361490.000767,0.001861572265625
244890,normal,609,0,1782361490.0029795,0.0022125244140625
244891,normal,2513,0,1782361490.00491,0.0019304752349853516
244892,normal,44,0,1782361490.0067692,0.0018591880798339844
244893,normal,3006,0,1782361490.0089836,0.0022144317626953125
244894,normal,455,0,1782361490.0109115,0.0019278526306152344
244895,normal,3093,1,1782361490.0127735,0.0018620491027832031
244896,normal,1750,0,1782361490.0149868,0.0022132396697998047
244897,normal,293,0,1782361490.0169058,0.0019190311431884766
244898,normal,3299,1,1782361490.018771,0.0018651485443115234
244899,normal,1580,0,1782361490.0209866,0.0022156238555908203
244900,normal,1758,0,1782361490.0229068,0.0019202232360839844
244901,normal,2702,0,1782361490.0247686,0.0018618106842041016
244902,normal,1711,0,1782361490.026775,0.0020062923431396484
244903,normal,3047,1,1782361490.0289133,0.002138376235961914
244904,normal,972,2,1782361490.030772,0.0018587112426757812
244905,normal,1794,0,1782361490.0329888,0.002216815948486328
244906,normal,2701,0,1782361490.034904,0.0019152164459228516
244907,normal,1624,0,1782361490.0367677,0.001863718032836914
244908,normal,3576,0,1782361490.038996,0.002228260040283203
244909,normal,1134,0,1782361490.0409029,0.0019068717956542969
244910,normal,2959,0,1782361490.0427692,0.0018663406372070312
244911,normal,2348,0,1782361490.0449984,0.0022292137145996094
244912,normal,1939,0,1782361490.0469115,0.0019130706787109375
244913,normal,980,2,1782361490.048773,0.001861572265625
244914,normal,3221,1,1782361490.051,0.0022270679473876953
244915,normal,2703,0,1782361490.0529056,0.0019054412841796875
244916,normal,41,0,1782361490.054774,0.0018684864044189453
244917,normal,399,0,1782361490.0569792,0.0022051334381103516
244918,normal,2407,0,1782361490.0589159,0.0019366741180419922
244919,normal,566,0,1782361490.0607688,0.0018529891967773438
244920,normal,2817,0,1782361490.0629838,0.0022149085998535156
244921,normal,1341,1,1782361490.0648997,0.0019159317016601562
244922,normal,265,0,1782361490.0667696,0.0018699169158935547
244923,normal,2770,0,1782361490.068974,0.002204418182373047
244924,normal,2607,0,1782361490.0708892,0.0019152164459228516
244925,normal,2865,0,1782361490.072768,0.0018787384033203125
244926,normal,1921,0,1782361490.0749137,0.0021457672119140625
244927,normal,415,0,1782361490.0769017,0.001987934112548828
244928,normal,2835,0,1782361490.0787694,0.0018677711486816406
244929,normal,727,0,1782361490.0809133,0.00214385986328125
244930,normal,1437,0,1782361490.0829175,0.0020041465759277344
244931,normal,803,2,1782361490.0847652,0.0018477439880371094
244932,normal,2284,0,1782361490.0869164,0.0021512508392333984
244933,normal,471,0,1782361490.088916,0.0019996166229248047
244934,normal,2802,0,1782361490.0907683,0.001852273941040039
244935,normal,3622,0,1782361490.09292,0.0021517276763916016
244936,normal,2533,0,1782361490.0949197,0.0019996166229248047
244937,normal,274,0,1782361490.0967658,0.0018460750579833984
244938,normal,1055,0,1782361490.0989213,0.0021555423736572266
244939,normal,3584,0,1782361490.1009192,0.0019979476928710938
244940,normal,2659,0,1782361490.1027658,0.0018465518951416016
244941,normal,2783,0,1782361490.1049047,0.002138853073120117
244942,normal,1864,0,1782361490.1069198,0.0020151138305664062
244943,normal,3088,1,1782361490.1087673,0.0018475055694580078
244944,normal,2401,0,1782361490.1109285,0.002161264419555664
244945,normal,1463,0,1782361490.112923,0.0019943714141845703
244946,normal,3142,1,1782361490.1147714,0.001848459243774414
244947,normal,227,0,1782361490.1169298,0.0021584033966064453
244948,normal,2780,0,1782361490.1189191,0.0019893646240234375
244949,normal,3385,1,1782361490.1207666,0.0018475055694580078
244950,normal,1131,0,1782361490.122933,0.002166271209716797
244951,normal,1664,0,1782361490.1249194,0.0019865036010742188
244952,normal,799,2,1782361490.126765,0.0018455982208251953
244953,normal,998,2,1782361490.128935,0.002170085906982422
244954,normal,1191,0,1782361490.1309197,0.0019845962524414062
244955,normal,1830,0,1782361490.1327703,0.0018506050109863281
244956,normal,1780,0,1782361490.1349375,0.002167224884033203
244957,normal,2606,0,1782361490.1369174,0.001979827880859375
244958,normal,2904,0,1782361490.1387694,0.0018520355224609375
244959,normal,3345,1,1782361490.1409423,0.0021729469299316406
244960,normal,3471,0,1782361490.1430342,0.0020918846130371094
244961,normal,2704,0,1782361490.1448004,0.001766204833984375
244962,normal,2716,0,1782361490.1470976,0.0022971630096435547
244963,normal,2381,0,1782361490.1488824,0.0017848014831542969
244964,normal,394,0,1782361490.1509538,0.002071380615234375
244965,normal,564,0,1782361490.1527896,0.0018358230590820312
244966,normal,1471,0,1782361490.1549037,0.0021140575408935547
244967,normal,650,0,1782361490.1567655,0.0018618106842041016
244968,normal,1176,0,1782361490.1589465,0.0021810531616210938
244969,normal,2204,0,1782361490.1609101,0.0019636154174804688
244970,normal,1082,0,1782361490.162774,0.0018639564514160156
244971,normal,2619,0,1782361490.1647954,0.002021312713623047
244972,normal,106,0,1782361490.1669118,0.0021164417266845703
244973,normal,3068,1,1782361490.1687748,0.0018630027770996094
244974,normal,428,0,1782361490.1709528,0.0021779537200927734
244975,normal,3233,1,1782361490.1729116,0.0019588470458984375
244976,normal,761,0,1782361490.1747704,0.0018587112426757812
244977,normal,45,0,1782361490.1769524,0.0021820068359375
244978,normal,686,0,1782361490.1789088,0.001956462860107422
244979,normal,3442,0,1782361490.1807692,0.0018603801727294922
244980,normal,3656,0,1782361490.1829565,0.0021872520446777344
244981,normal,3321,1,1782361490.1849086,0.0019521713256835938
244982,normal,2325,0,1782361490.1867704,0.0018618106842041016
244983,normal,2955,0,1782361490.1889606,0.002190113067626953
244984,normal,784,2,1782361490.1909037,0.0019431114196777344
244985,normal,1720,0,1782361490.1927693,0.0018656253814697266
244986,normal,377,0,1782361490.1948915,0.002122163772583008
244987,normal,1068,0,1782361490.1969101,0.0020186901092529297
244988,normal,3670,0,1782361490.1987684,0.0018582344055175781
244989,normal,3486,0,1782361490.2009645,0.002196073532104492
244990,normal,1495,0,1782361490.2029085,0.0019440650939941406
244991,normal,2307,0,1782361490.2047715,0.0018630027770996094
244992,normal,582,0,1782361490.2069666,0.002195119857788086
244993,normal,1533,0,1782361490.2089102,0.0019435882568359375
244994,normal,2260,0,1782361490.2107744,0.0018641948699951172
244995,normal,2367,0,1782361490.2129707,0.0021963119506835938
244996,normal,2418,0,1782361490.2149084,0.0019376277923583984
244997,normal,1000,2,1782361490.216773,0.0018646717071533203
244998,normal,1781,0,1782361490.2189722,0.0021991729736328125
244999,normal,2541,0,1782361490.2209084,0.001936197280883789
245000,normal,1443,0,1782361490.2227705,0.0018620491027832031
245001,normal,1501,0,1782361490.224982,0.0022115707397460938
245002,normal,329,0,1782361490.2269094,0.0019273757934570312
245003,normal,334,0,1782361490.2287705,0.0018610954284667969
245004,normal,1305,0,1782361490.2309775,0.002207040786743164
245005,normal,733,0,1782361490.232903,0.0019254684448242188
245006,normal,786,2,1782361490.2347698,0.0018668174743652344
245007,normal,148,0,1782361490.236982,0.0022122859954833984
245008,normal,3421,0,1782361490.2389035,0.0019214153289794922
245009,normal,3293,1,1782361490.2407699,0.0018663406372070312
245010,normal,2223,0,1782361490.2429812,0.002211332321166992
245011,normal,1743,0,1782361490.2447698,0.0017886161804199219
245012,normal,462,0,1782361490.2469099,0.002140045166015625
245013,normal,2461,0,1782361490.2488294,0.0019195079803466797
245014,normal,3483,0,1782361490.250932,0.0021026134490966797
245015,normal,3447,0,1782361490.2527664,0.0018343925476074219
245016,normal,2405,0,1782361490.25487,0.002103567123413086
245017,normal,1142,0,1782361490.2569036,0.002033710479736328
245018,normal,1282,0,1782361490.2587714,0.0018677711486816406
245019,normal,457,0,1782361490.2610104,0.0022389888763427734
245020,normal,2097,0,1782361490.2629046,0.001894235610961914
245021,normal,200,0,1782361490.2647693,0.0018646717071533203
245022,normal,3128,1,1782361490.2669923,0.0022230148315429688
245023,normal,527,0,1782361490.2689068,0.0019145011901855469
245024,normal,1612,0,1782361490.2707686,0.0018618106842041016
245025,normal,845,2,1782361490.272993,0.002224445343017578
245026,normal,860,2,1782361490.2749064,0.001913309097290039
245027,normal,700,0,1782361490.2767723,0.0018658638000488281
245028,normal,2420,0,1782361490.2789965,0.0022242069244384766
245029,normal,3181,1,1782361490.2809105,0.0019140243530273438
245030,normal,9,0,1782361490.2827685,0.0018579959869384766
245031,normal,1813,0,1782361490.2849998,0.0022313594818115234
245032,normal,808,2,1782361490.2869103,0.0019104480743408203
245033,normal,3231,1,1782361490.2887738,0.0018634796142578125
245034,normal,2948,0,1782361490.2909899,0.0022161006927490234
245035,normal,2729,0,1782361490.292937,0.001947164535522461
245036,normal,1408,0,1782361490.2947748,0.0018377304077148438
245037,normal,2310,0,1782361490.296959,0.002184152603149414
245038,normal,842,2,1782361490.2989025,0.0019435882568359375
245039,normal,3317,1,1782361490.300773,0.0018703937530517578
245040,normal,657,0,1782361490.3029091,0.00213623046875
245041,normal,2967,0,1782361490.3049016,0.001992464065551758
245042,normal,2150,0,1782361490.3067696,0.0018680095672607422
245043,normal,3704,0,1782361490.3089118,0.002142190933227539
245044,normal,2869,0,1782361490.3109136,0.0020017623901367188
245045,normal,1401,0,1782361490.3127692,0.001855611801147461
245046,normal,3405,0,1782361490.3149118,0.002142667770385742
245047,normal,1959,0,1782361490.3169017,0.0019898414611816406
245048,normal,17,0,1782361490.3187728,0.0018711090087890625
245049,normal,2469,0,1782361490.3209271,0.0021543502807617188
245050,normal,2805,0,1782361490.3229034,0.0019762516021728516
245051,normal,322,0,1782361490.324777,0.0018734931945800781
245052,normal,3508,0,1782361490.32692,0.0021431446075439453
245053,normal,820,2,1782361490.3289027,0.0019826889038085938
245054,normal,1190,0,1782361490.330808,0.001905202865600586
245055,normal,2515,0,1782361490.3329222,0.0021142959594726562
245056,normal,3183,1,1782361490.3349109,0.001988649368286133
245057,normal,2864,0,1782361490.3367672,0.0018563270568847656
245058,normal,387,0,1782361490.3389242,0.002156972885131836
245059,normal,2528,0,1782361490.340905,0.0019807815551757812
245060,normal,3518,0,1782361490.3427653,0.0018603801727294922
245061,normal,7,0,1782361490.3450994,0.002334117889404297
245062,normal,1822,0,1782361490.346842,0.0017426013946533203
245063,normal,1798,0,1782361490.349109,0.0022668838500976562
245064,normal,3507,0,1782361490.3507955,0.0016865730285644531
245065,normal,3083,1,1782361490.3530414,0.0022459030151367188
245066,normal,2687,0,1782361490.3555968,0.002555370330810547
245067,normal,2302,0,1782361490.356733,0.0011363029479980469
245068,normal,1320,1,1782361490.3587196,0.0019865036010742188
245069,normal,2285,0,1782361490.3607798,0.0020601749420166016
245070,normal,3021,0,1782361490.3627136,0.0019338130950927734
245071,normal,497,0,1782361490.364741,0.0020275115966796875
245072,normal,27,0,1782361490.366729,0.001987934112548828
245073,normal,2939,0,1782361490.3687782,0.0020492076873779297
245074,normal,2812,0,1782361490.3707256,0.0019474029541015625
245075,normal,101,0,1782361490.372774,0.0020482540130615234
245076,normal,3247,1,1782361490.374751,0.001977205276489258
245077,normal,1500,0,1782361490.37673,0.0019788742065429688
245078,normal,1578,0,1782361490.3787591,0.0020291805267333984
245079,normal,429,0,1782361490.380715,0.001955747604370117
245080,normal,1330,1,1782361490.3827145,0.0019996166229248047
245081,normal,2199,0,1782361490.3847723,0.002057790756225586
245082,normal,2562,0,1782361490.386711,0.0019385814666748047
245083,normal,2157,0,1782361490.3887186,0.002007722854614258
245084,normal,70,0,1782361490.3907542,0.0020356178283691406
245085,normal,3683,0,1782361490.392713,0.0019588470458984375
245086,normal,2084,0,1782361490.3947127,0.0019996166229248047
245087,normal,3425,0,1782361490.3967767,0.0020639896392822266
245088,normal,3039,0,1782361490.3988948,0.0021181106567382812
245089,normal,1421,0,1782361490.4007468,0.0018520355224609375
245090,normal,269,0,1782361490.4027119,0.001965045928955078
245091,normal,2712,0,1782361490.4047854,0.002073526382446289
245092,normal,231,0,1782361490.406742,0.0019567012786865234
245093,normal,1087,0,1782361490.408775,0.0020329952239990234
245094,normal,641,0,1782361490.410712,0.0019369125366210938
245095,normal,742,0,1782361490.4127464,0.002034425735473633
245096,normal,56,0,1782361490.4147115,0.001965045928955078
245097,normal,2599,0,1782361490.4167747,0.002063274383544922
245098,normal,1319,1,1782361490.418744,0.0019693374633789062
245099,normal,3454,0,1782361490.4207122,0.0019681453704833984
245100,normal,2145,0,1782361490.4227705,0.002058267593383789
245101,normal,3030,0,1782361490.4247503,0.001979827880859375
245102,normal,3276,1,1782361490.4267733,0.002022981643676758
245103,normal,92,0,1782361490.4287136,0.0019402503967285156
245104,normal,2741,0,1782361490.4307425,0.002028942108154297
245105,normal,3189,1,1782361490.4327097,0.001967191696166992
245106,normal,3572,0,1782361490.434765,0.0020554065704345703
245107,normal,2213,0,1782361490.4367447,0.0019795894622802734
245108,normal,2867,0,1782361490.4387567,0.002012014389038086
245109,normal,2083,0,1782361490.440759,0.002002239227294922
245110,normal,548,0,1782361490.442747,0.0019881725311279297
245111,normal,2873,0,1782361490.44472,0.0019729137420654297
245112,normal,1412,0,1782361490.4467747,0.0020546913146972656
245113,normal,2454,0,1782361490.448752,0.001977205276489258
245114,normal,3438,0,1782361490.4507895,0.002037525177001953
245115,normal,3238,1,1782361490.4527125,0.0019230842590332031
245116,normal,1654,0,1782361490.4547563,0.0020437240600585938
245117,normal,3516,0,1782361490.4567118,0.0019555091857910156
245118,normal,3049,1,1782361490.4587731,0.0020613670349121094
245119,normal,3372,1,1782361490.4607499,0.0019767284393310547
245120,normal,2345,0,1782361490.462713,0.0019631385803222656
245121,normal,451,0,1782361490.4647727,0.0020596981048583984
245122,normal,1586,0,1782361490.4667428,0.001970052719116211
245123,normal,3541,0,1782361490.468768,0.002025127410888672
245124,normal,1599,0,1782361490.4707131,0.0019452571868896484
245125,normal,2396,0,1782361490.472745,0.0020318031311035156
245126,normal,2103,0,1782361490.4747603,0.002015352249145508
245127,normal,2249,0,1782361490.4767187,0.0019583702087402344
245128,normal,2419,0,1782361490.4787457,0.0020270347595214844
245129,normal,613,0,1782361490.4807146,0.001968860626220703
245130,normal,2627,0,1782361490.4827805,0.002065896987915039
245131,normal,1093,0,1782361490.4847436,0.0019631385803222656
245132,normal,2882,0,1782361490.486712,0.0019683837890625
245133,normal,2617,0,1782361490.4887707,0.002058744430541992
245134,normal,3348,1,1782361490.4907472,0.001976490020751953
245135,normal,640,0,1782361490.4928145,0.0020673274993896484
245136,normal,1043,0,1782361490.4947162,0.0019016265869140625
245137,normal,1647,0,1782361490.4967425,0.0020263195037841797
245138,normal,1233,0,1782361490.4987168,0.001974344253540039
245139,normal,1906,0,1782361490.5007706,0.0020537376403808594
245140,normal,2714,0,1782361490.5027397,0.0019690990447998047
245141,normal,608,0,1782361490.5047827,0.002043008804321289
245142,normal,1465,0,1782361490.5067344,0.0019516944885253906
245143,normal,419,0,1782361490.5087414,0.002007007598876953
245144,normal,1121,0,1782361490.510714,0.001972675323486328
245145,normal,1460,0,1782361490.512767,0.0020530223846435547
245146,normal,1560,0,1782361490.514748,0.001981019973754883
245147,normal,722,0,1782361490.5167124,0.0019643306732177734
245148,normal,1299,0,1782361490.5187705,0.0020580291748046875
245149,normal,341,0,1782361490.5207403,0.0019698143005371094
245150,normal,372,0,1782361490.5227175,0.001977205276489258
245151,normal,2320,0,1782361490.5247746,0.0020570755004882812
245152,normal,1626,0,1782361490.5267413,0.001966714859008789
245153,normal,3325,1,1782361490.528713,0.001971721649169922
245154,normal,2132,0,1782361490.5307648,0.002051830291748047
245155,normal,2088,0,1782361490.5327415,0.0019767284393310547
245156,normal,3675,0,1782361490.5347114,0.0019698143005371094
245157,normal,693,0,1782361490.536729,0.0020177364349365234
245158,normal,2107,0,1782361490.5387425,0.0020134449005126953
245159,normal,1727,0,1782361490.5407188,0.0019762516021728516
245160,normal,1173,0,1782361490.5427651,0.002046346664428711
245161,normal,3665,0,1782361490.5447261,0.0019609928131103516
245162,normal,3249,1,1782361490.5467625,0.0020363330841064453
245163,normal,2624,0,1782361490.5487137,0.0019512176513671875
245164,normal,2205,0,1782361490.5507417,0.0020279884338378906
245165,normal,589,0,1782361490.5527112,0.001969575881958008
245166,normal,1891,0,1782361490.5547717,0.002060413360595703
245167,normal,1276,0,1782361490.5567453,0.0019736289978027344
245168,normal,402,0,1782361490.5587149,0.001969575881958008
245169,normal,2647,0,1782361490.5607822,0.0020673274993896484
245170,normal,2563,0,1782361490.5627377,0.0019555091857910156
245171,normal,333,0,1782361490.564775,0.0020372867584228516
245172,normal,1970,0,1782361490.5667126,0.0019376277923583984
245173,normal,1760,0,1782361490.5687432,0.002030611038208008
245174,normal,2902,0,1782361490.5707135,0.0019702911376953125
245175,normal,1400,0,1782361490.5727706,0.0020570755004882812
245176,normal,2395,0,1782361490.5747356,0.001965045928955078
245177,normal,2114,0,1782361490.5767698,0.0020341873168945312
245178,normal,1705,0,1782361490.578713,0.0019431114196777344
245179,normal,2170,0,1782361490.5807438,0.0020308494567871094
245180,normal,1993,0,1782361490.582709,0.0019652843475341797
245181,normal,1092,0,1782361490.5847692,0.0020601749420166016
245182,normal,2853,0,1782361490.5867383,0.0019690990447998047
245183,normal,225,0,1782361490.5887694,0.002031087875366211
245184,normal,2931,0,1782361490.5907142,0.0019447803497314453
245185,normal,3487,0,1782361490.5927384,0.0020241737365722656
245186,normal,3177,1,1782361490.594756,0.002017498016357422
245187,normal,68,0,1782361490.5967119,0.0019559860229492188
245188,normal,832,2,1782361490.5987399,0.0020279884338378906
245189,normal,2180,0,1782361490.6007812,0.002041339874267578
245190,normal,2005,0,1782361490.6027129,0.0019316673278808594
245191,normal,294,0,1782361490.6047382,0.0020253658294677734
245192,normal,2814,0,1782361490.6067119,0.0019736289978027344
245193,normal,232,0,1782361490.6087704,0.0020585060119628906
245194,normal,665,0,1782361490.6107354,0.001965045928955078
245195,normal,4,0,1782361490.6127567,0.002021312713623047
245196,normal,1960,0,1782361490.6147125,0.001955747604370117
245197,normal,1992,0,1782361490.6167355,0.002022981643676758
245198,normal,2380,0,1782361490.6187673,0.0020318031311035156
245199,normal,2178,0,1782361490.6207132,0.0019459724426269531
245200,normal,3085,1,1782361490.622738,0.0020246505737304688
245201,normal,2664,0,1782361490.6247706,0.002032756805419922
245202,normal,1728,0,1782361490.6267118,0.0019412040710449219
245203,normal,1881,0,1782361490.6287417,0.002029895782470703
245204,normal,2998,0,1782361490.6307104,0.0019686222076416016
245205,normal,3446,0,1782361490.6327915,0.002081155776977539
245206,normal,36,0,1782361490.6347413,0.0019497871398925781
245207,normal,1905,0,1782361490.6367822,0.002040863037109375
245208,normal,1491,0,1782361490.6387196,0.0019373893737792969
245209,normal,2737,0,1782361490.6407387,0.002019166946411133
245210,normal,570,0,1782361490.6427116,0.0019729137420654297
245211,normal,1610,0,1782361490.644767,0.0020554065704345703
245212,normal,3533,0,1782361490.6467428,0.0019757747650146484
245213,normal,778,2,1782361490.648711,0.0019681453704833984
245214,normal,1827,0,1782361490.6507657,0.0020546913146972656
245215,normal,765,0,1782361490.652741,0.0019752979278564453
245216,normal,954,2,1782361490.654714,0.0019731521606445312
245217,normal,2534,0,1782361490.6567678,0.0020537376403808594
245218,normal,1291,0,1782361490.6587415,0.0019736289978027344
245219,normal,2235,0,1782361490.6607678,0.0020263195037841797
245220,normal,3526,0,1782361490.6627104,0.0019426345825195312
245221,normal,1080,0,1782361490.6647403,0.002029895782470703
245222,normal,892,2,1782361490.6667104,0.001970052719116211
245223,normal,238,0,1782361490.6687777,0.0020673274993896484
245224,normal,2833,0,1782361490.6707375,0.0019598007202148438
245225,normal,2152,0,1782361490.672772,0.002034425735473633
245226,normal,1095,0,1782361490.6747081,0.001936197280883789
245227,normal,1748,0,1782361490.676736,0.0020279884338378906
245228,normal,1550,0,1782361490.678715,0.0019788742065429688
245229,normal,1886,0,1782361490.6807652,0.002050161361694336
245230,normal,2804,0,1782361490.6827374,0.001972198486328125
245231,normal,1792,0,1782361490.6847713,0.0020339488983154297
245232,normal,2940,0,1782361490.6867435,0.001972198486328125
245233,normal,1643,0,1782361490.6887505,0.002007007598876953
245234,normal,2529,0,1782361490.690758,0.0020074844360351562
245235,normal,301,0,1782361490.692748,0.001990079879760742
245236,normal,2651,0,1782361490.6947453,0.001997232437133789
245237,normal,67,0,1782361490.696716,0.0019707679748535156
245238,normal,3046,1,1782361490.6987736,0.0020575523376464844
245239,normal,1303,0,1782361490.7007377,0.001964092254638672
245240,normal,2158,0,1782361490.702781,0.0020432472229003906
245241,normal,1072,0,1782361490.704712,0.0019309520721435547
245242,normal,84,0,1782361490.7067585,0.0020465850830078125
245243,normal,1405,0,1782361490.7087097,0.0019512176513671875
245244,normal,1804,0,1782361490.7107708,0.002061128616333008
245245,normal,2683,0,1782361490.7127411,0.0019702911376953125
245246,normal,518,0,1782361490.7147703,0.0020291805267333984
245247,normal,3517,0,1782361490.7167232,0.0019528865814208984
245248,normal,3414,0,1782361490.7187407,0.002017498016357422
245249,normal,1671,0,1782361490.7207122,0.0019714832305908203
245250,normal,1019,2,1782361490.7227697,0.0020575523376464844
245251,normal,1220,0,1782361490.7247508,0.001981019973754883
245252,normal,2997,0,1782361490.7267115,0.00196075439453125
245253,normal,336,0,1782361490.7287328,0.002021312713623047
245254,normal,694,0,1782361490.7307436,0.002010822296142578
245255,normal,1164,0,1782361490.7327316,0.001987934112548828
245256,normal,3460,0,1782361490.7347763,0.002044677734375
245257,normal,3251,1,1782361490.7367413,0.001965045928955078
245258,normal,97,0,1782361490.7387707,0.0020294189453125
245259,normal,947,2,1782361490.740711,0.0019402503967285156
245260,normal,38,0,1782361490.742741,0.0020301342010498047
245261,normal,3481,0,1782361490.744713,0.0019719600677490234
245262,normal,1625,0,1782361490.7467728,0.0020596981048583984
245263,normal,1202,0,1782361490.7487414,0.0019686222076416016
245264,normal,262,0,1782361490.7507107,0.0019693374633789062
245265,normal,83,0,1782361490.7527812,0.0020704269409179688
245266,normal,2452,0,1782361490.754738,0.001956939697265625
245267,normal,416,0,1782361490.7567732,0.0020351409912109375
245268,normal,1709,0,1782361490.7587183,0.0019450187683105469
245269,normal,1974,0,1782361490.7607365,0.0020182132720947266
245270,normal,1037,0,1782361490.7627726,0.0020360946655273438
245271,normal,209,0,1782361490.7647128,0.0019402503967285156
245272,normal,2898,0,1782361490.7667375,0.0020246505737304688
245273,normal,1002,2,1782361490.7687564,0.0020189285278320312
245274,normal,2140,0,1782361490.7707117,0.001955270767211914
245275,normal,2237,0,1782361490.772735,0.002023458480834961
245276,normal,2376,0,1782361490.7747736,0.0020384788513183594
245277,normal,1035,0,1782361490.7767115,0.0019378662109375
245278,normal,2587,0,1782361490.7787383,0.002026796340942383
245279,normal,3208,1,1782361490.7807114,0.0019731521606445312
245280,normal,541,0,1782361490.7827678,0.0020563602447509766
245281,normal,626,0,1782361490.7847426,0.001974821090698242
245282,normal,3010,0,1782361490.7867553,0.0020127296447753906
245283,normal,121,0,1782361490.7887135,0.001958131790161133
245284,normal,3263,1,1782361490.7907362,0.0020227432250976562
245285,normal,3555,0,1782361490.7927783,0.002042055130004883
245286,normal,2602,0,1782361490.7947185,0.0019402503967285156
245287,normal,3266,1,1782361490.7967367,0.0020182132720947266
245288,normal,1676,0,1782361490.7987564,0.002019643783569336
245289,normal,1473,0,1782361490.8007133,0.001956939697265625
245290,normal,338,0,1782361490.8027346,0.002021312713623047
245291,normal,593,0,1782361490.804768,0.0020334720611572266
245292,normal,2620,0,1782361490.8067107,0.0019426345825195312
245293,normal,356,0,1782361490.808759,0.0020482540130615234
245294,normal,12,0,1782361490.8107119,0.0019528865814208984
245295,normal,207,0,1782361490.8127732,0.0020613670349121094
245296,normal,1382,0,1782361490.8147397,0.0019664764404296875
245297,normal,1933,0,1782361490.8167093,0.001969575881958008
245298,normal,132,0,1782361490.8187704,0.002061128616333008
245299,normal,1113,0,1782361490.8207328,0.001962423324584961
245300,normal,281,0,1782361490.8227568,0.002023935317993164
245301,normal,1258,0,1782361490.8247101,0.0019533634185791016
245302,normal,3016,0,1782361490.8267379,0.002027750015258789
245303,normal,1666,0,1782361490.8287756,0.0020377635955810547
245304,normal,2322,0,1782361490.8307126,0.0019369125366210938
245305,normal,1088,0,1782361490.8327327,0.002020120620727539
245306,normal,146,0,1782361490.8347685,0.002035856246948242
245307,normal,1163,0,1782361490.836712,0.001943349838256836
245308,normal,430,0,1782361490.8387377,0.0020258426666259766
245309,normal,1553,0,1782361490.840769,0.0020313262939453125
245310,normal,3200,1,1782361490.842713,0.0019440650939941406
245311,normal,2343,0,1782361490.844739,0.0020258426666259766
245312,normal,2466,0,1782361490.846713,0.0019741058349609375
245313,normal,1139,0,1782361490.8487704,0.002057313919067383
245314,normal,3519,0,1782361490.8507388,0.0019683837890625
245315,normal,605,0,1782361490.852765,0.0020263195037841797
245316,normal,2970,0,1782361490.8547113,0.0019462108612060547
245317,normal,3312,1,1782361490.8567364,0.002025127410888672
245318,normal,809,2,1782361490.8587558,0.0020194053649902344
245319,normal,3327,1,1782361490.8607106,0.001954793930053711
245320,normal,390,0,1782361490.862736,0.0020253658294677734
245321,normal,944,2,1782361490.8647687,0.002032756805419922
245322,normal,2122,0,1782361490.8668463,0.0020775794982910156
245323,normal,517,0,1782361490.8688374,0.0019910335540771484
245324,normal,3685,0,1782361490.8709142,0.002076864242553711
245325,normal,614,0,1782361490.8727932,0.001878976821899414
245326,normal,114,0,1782361490.8749168,0.002123594284057617
245327,normal,250,0,1782361490.8767931,0.0018763542175292969
245328,normal,1998,0,1782361490.8789523,0.00215911865234375
245329,normal,1868,0,1782361490.8809042,0.0019519329071044922
245330,normal,1416,0,1782361490.8827717,0.001867532730102539
245331,normal,1644,0,1782361490.884953,0.0021812915802001953
245332,normal,277,0,1782361490.8869104,0.001957416534423828
245333,normal,2537,0,1782361490.8887708,0.0018603801727294922
245334,normal,2508,0,1782361490.8909566,0.002185821533203125
245335,normal,2854,0,1782361490.892893,0.0019364356994628906
245336,normal,776,2,1782361490.894772,0.001878976821899414
245337,normal,2787,0,1782361490.8969126,0.002140522003173828
245338,normal,3304,1,1782361490.898888,0.001975536346435547
245339,normal,1821,0,1782361490.9007723,0.0018842220306396484
245340,normal,421,0,1782361490.90296,0.0021877288818359375
245341,normal,3503,0,1782361490.9049149,0.001954793930053711
245342,normal,3244,1,1782361490.9067702,0.0018553733825683594
245343,normal,2895,0,1782361490.9089658,0.002195596694946289
245344,normal,1724,0,1782361490.9108894,0.0019235610961914062
245345,normal,3242,1,1782361490.9127758,0.0018863677978515625
245346,normal,678,0,1782361490.91481,0.0020341873168945312
245347,normal,2031,0,1782361490.9169111,0.0021011829376220703
245348,normal,1402,0,1782361490.9187708,0.0018596649169921875
245349,normal,645,0,1782361490.9209688,0.0021979808807373047
245350,normal,3365,1,1782361490.9229002,0.0019314289093017578
245351,normal,2816,0,1782361490.9247708,0.0018706321716308594
245352,normal,3048,1,1782361490.92697,0.0021991729736328125
245353,normal,3459,0,1782361490.928898,0.001928091049194336
245354,normal,1108,0,1782361490.93077,0.0018718242645263672
245355,normal,2941,0,1782361490.9328172,0.002047300338745117
245356,normal,3132,1,1782361490.9349124,0.0020952224731445312
245357,normal,3664,0,1782361490.9367723,0.001859903335571289
245358,normal,3497,0,1782361490.9389837,0.002211332321166992
245359,normal,3635,0,1782361490.9408922,0.0019085407257080078
245360,normal,3008,0,1782361490.9427702,0.0018780231475830078
245361,normal,240,0,1782361490.9449768,0.002206563949584961
245362,normal,968,2,1782361490.946901,0.001924276351928711
245363,normal,991,2,1782361490.94877,0.0018689632415771484
245364,normal,2669,0,1782361490.9509804,0.002210378646850586
245365,normal,3451,0,1782361490.9530983,0.0021178722381591797
245366,normal,10,0,1782361490.954838,0.0017397403717041016
245367,normal,2933,0,1782361490.9571633,0.002325296401977539
245368,normal,3522,0,1782361490.9599872,0.0028238296508789062
245369,normal,623,0,1782361490.9609244,0.0009372234344482422
245370,normal,3289,1,1782361490.9629834,0.0020589828491210938
245371,normal,2288,0,1782361490.9648814,0.001898050308227539
245372,normal,282,0,1782361490.966771,0.0018894672393798828
245373,normal,123,0,1782361490.9690003,0.002229452133178711
245374,normal,3562,0,1782361490.970823,0.0018227100372314453
245375,normal,1517,0,1782361490.9727716,0.0019485950469970703
245376,normal,2065,0,1782361490.9749906,0.002218961715698242
245377,normal,3109,1,1782361490.9768198,0.0018291473388671875
245378,normal,3456,0,1782361490.9787707,0.001950979232788086
245379,normal,1710,0,1782361490.9809089,0.0021381378173828125
245380,normal,1631,0,1782361490.982841,0.0019321441650390625
245381,normal,2883,0,1782361490.9847698,0.0019288063049316406
245382,normal,3336,1,1782361490.986911,0.002141237258911133
245383,normal,2262,0,1782361490.988837,0.0019259452819824219
245384,normal,1275,0,1782361490.9907742,0.0019371509552001953
245385,normal,1573,0,1782361490.992998,0.0022237300872802734
245386,normal,2076,0,1782361490.9948373,0.0018393993377685547
245387,normal,3565,0,1782361490.9967687,0.0019314289093017578
245388,normal,1722,0,1782361490.998916,0.002147197723388672
245389,normal,895,2,1782361491.0008936,0.001977682113647461
245390,normal,3538,0,1782361491.0027688,0.001875162124633789
245391,normal,554,0,1782361491.0050015,0.002232789993286133
245392,normal,2224,0,1782361491.0068903,0.0018887519836425781
245393,normal,875,2,1782361491.0087733,0.0018830299377441406
245394,normal,411,0,1782361491.0109398,0.0021665096282958984
245395,normal,2616,0,1782361491.0129137,0.001973867416381836
245396,normal,1605,0,1782361491.014773,0.0018591880798339844
245397,normal,565,0,1782361491.0169098,0.0021369457244873047
245398,normal,797,2,1782361491.0189142,0.002004384994506836
245399,normal,1269,0,1782361491.0207672,0.0018529891967773438
245400,normal,1894,0,1782361491.022911,0.00214385986328125
245401,normal,1694,0,1782361491.024911,0.0019998550415039062
245402,normal,949,2,1782361491.026768,0.0018570423126220703
245403,normal,2282,0,1782361491.0289137,0.0021457672119140625
245404,normal,3270,1,1782361491.0309098,0.0019960403442382812
245405,normal,1267,0,1782361491.0327728,0.0018630027770996094
245406,normal,2099,0,1782361491.0349157,0.0021429061889648438
245407,normal,2146,0,1782361491.0369143,0.0019986629486083984
245408,normal,2012,0,1782361491.0387695,0.0018551349639892578
245409,normal,3597,0,1782361491.0409186,0.0021491050720214844
245410,normal,813,2,1782361491.042906,0.001987457275390625
245411,normal,3461,0,1782361491.0447686,0.0018625259399414062
245412,normal,1218,0,1782361491.0469208,0.0021522045135498047
245413,normal,3662,0,1782361491.048906,0.001985311508178711
245414,normal,2177,0,1782361491.0507689,0.0018627643585205078
245415,normal,35,0,1782361491.0529244,0.0021555423736572266
245416,normal,3061,1,1782361491.0549123,0.001987934112548828
245417,normal,562,0,1782361491.0567691,0.0018568038940429688
245418,normal,3053,1,1782361491.0589273,0.0021581649780273438
245419,normal,3596,0,1782361491.0609183,0.0019910335540771484
245420,normal,2850,0,1782361491.0627697,0.0018513202667236328
245421,normal,173,0,1782361491.0649288,0.00215911865234375
245422,normal,1415,0,1782361491.0669026,0.001973867416381836
245423,normal,1052,0,1782361491.0687757,0.001873016357421875
245424,normal,2514,0,1782361491.0709317,0.0021560192108154297
245425,normal,883,2,1782361491.0729089,0.001977205276489258
245426,normal,2068,0,1782361491.0747702,0.0018613338470458984
245427,normal,624,0,1782361491.0769336,0.002163410186767578
245428,normal,3374,1,1782361491.0789146,0.001981019973754883
245429,normal,1193,0,1782361491.0807688,0.0018541812896728516
245430,normal,1301,0,1782361491.0829363,0.0021674633026123047
245431,normal,88,0,1782361491.0849097,0.001973390579223633
245432,normal,1096,0,1782361491.086769,0.001859426498413086
245433,normal,1841,0,1782361491.0889382,0.0021691322326660156
245434,normal,1066,0,1782361491.0909128,0.0019745826721191406
245435,normal,504,0,1782361491.0927722,0.001859426498413086
245436,normal,2481,0,1782361491.0949438,0.0021715164184570312
245437,normal,2365,0,1782361491.0969079,0.001964092254638672
245438,normal,1521,0,1782361491.09877,0.0018620491027832031
245439,normal,1015,2,1782361491.1009483,0.0021784305572509766
245440,normal,412,0,1782361491.1029108,0.001962423324584961
245441,normal,2183,0,1782361491.1047697,0.0018589496612548828
245442,normal,1100,0,1782361491.1069477,0.0021779537200927734
245443,normal,3086,1,1782361491.1089303,0.0019826889038085938
245444,normal,771,0,1782361491.110769,0.00183868408203125
245445,normal,3136,1,1782361491.1129487,0.0021796226501464844
245446,normal,3532,0,1782361491.1149154,0.001966714859008789
245447,normal,2909,0,1782361491.1167696,0.0018541812896728516
245448,normal,2118,0,1782361491.1189528,0.002183198928833008
245449,normal,1179,0,1782361491.1209152,0.001962423324584961
245450,normal,2612,0,1782361491.12277,0.0018548965454101562
245451,normal,3612,0,1782361491.124963,0.002192974090576172
245452,normal,2871,0,1782361491.126906,0.0019428730010986328
245453,normal,3543,0,1782361491.1287699,0.0018639564514160156
245454,normal,1951,0,1782361491.1309574,0.002187490463256836
245455,normal,134,0,1782361491.1329105,0.001953125
245456,normal,1228,0,1782361491.1347747,0.0018641948699951172
245457,normal,403,0,1782361491.1369603,0.0021855831146240234
245458,normal,3184,1,1782361491.1389112,0.001950979232788086
245459,normal,1630,0,1782361491.140769,0.001857757568359375
245460,normal,992,2,1782361491.1429627,0.0021936893463134766
245461,normal,1132,0,1782361491.1449113,0.0019485950469970703
245462,normal,3050,1,1782361491.1468182,0.0019068717956542969
245463,normal,1542,0,1782361491.1489646,0.002146482467651367
245464,normal,3489,0,1782361491.1509063,0.001941680908203125
245465,normal,286,0,1782361491.1527774,0.0018711090087890625
245466,normal,3418,0,1782361491.154968,0.0021905899047851562
245467,normal,1952,0,1782361491.1569102,0.0019421577453613281
245468,normal,846,2,1782361491.158771,0.0018608570098876953
245469,normal,2621,0,1782361491.160913,0.0021419525146484375
245470,normal,3362,1,1782361491.1629167,0.0020036697387695312
245471,normal,1997,0,1782361491.1647718,0.0018551349639892578
245472,normal,317,0,1782361491.1669736,0.0022017955780029297
245473,normal,2044,0,1782361491.168909,0.0019354820251464844
245474,normal,145,0,1782361491.170771,0.0018618106842041016
245475,normal,2154,0,1782361491.172975,0.0022041797637939453
245476,normal,1982,0,1782361491.1749082,0.0019330978393554688
245477,normal,2856,0,1782361491.176769,0.0018608570098876953
245478,normal,3262,1,1782361491.178821,0.0020520687103271484
245479,normal,939,2,1782361491.180914,0.0020928382873535156
245480,normal,2778,0,1782361491.182771,0.0018570423126220703
245481,normal,599,0,1782361491.1849797,0.002208709716796875
245482,normal,2728,0,1782361491.1869183,0.0019385814666748047
245483,normal,2247,0,1782361491.1887708,0.0018525123596191406
245484,normal,3296,1,1782361491.1909828,0.002212047576904297
245485,normal,3381,1,1782361491.1928964,0.0019135475158691406
245486,normal,1917,0,1782361491.194772,0.0018756389617919922
245487,normal,1021,2,1782361491.1969867,0.002214670181274414
245488,normal,3218,1,1782361491.198887,0.0019004344940185547
245489,normal,3490,0,1782361491.2007692,0.0018820762634277344
245490,normal,1715,0,1782361491.202987,0.0022177696228027344
245491,normal,1799,0,1782361491.2049174,0.0019304752349853516
245492,normal,1242,0,1782361491.2067702,0.0018527507781982422
245493,normal,1937,0,1782361491.2089891,0.002218961715698242
245494,normal,1162,0,1782361491.2109342,0.0019450187683105469
245495,normal,1808,0,1782361491.2127702,0.0018360614776611328
245496,normal,861,2,1782361491.214992,0.002221822738647461
245497,normal,1870,0,1782361491.216916,0.0019240379333496094
245498,normal,3432,0,1782361491.21877,0.00185394287109375
245499,normal,85,0,1782361491.221012,0.0022420883178710938
245500,normal,326,0,1782361491.2229097,0.001897573471069336
245501,normal,1160,0,1782361491.224775,0.001865386962890625
245502,normal,669,0,1782361491.226999,0.002223968505859375
245503,normal,3158,1,1782361491.2289183,0.0019192695617675781
245504,normal,1182,0,1782361491.2307713,0.0018529891967773438
245505,normal,1167,0,1782361491.2329984,0.0022270679473876953
245506,normal,3054,1,1782361491.234906,0.0019075870513916016
245507,normal,2266,0,1782361491.2367713,0.001865386962890625
245508,normal,2156,0,1782361491.2390018,0.002230405807495117
245509,normal,1480,0,1782361491.2409039,0.0019021034240722656
245510,normal,178,0,1782361491.2427707,0.0018668174743652344
245511,normal,1394,0,1782361491.2448344,0.002063751220703125
245512,normal,1435,0,1782361491.2469263,0.0020918846130371094
245513,normal,316,0,1782361491.2487695,0.0018432140350341797
245514,normal,410,0,1782361491.2509067,0.0021371841430664062
245515,normal,3484,0,1782361491.2529094,0.002002716064453125
245516,normal,1784,0,1782361491.2547581,0.0018486976623535156
245517,normal,915,2,1782361491.2569232,0.002165079116821289
245518,normal,3660,0,1782361491.2589228,0.0019996166229248047
245519,normal,853,2,1782361491.260771,0.0018482208251953125
245520,normal,3064,1,1782361491.26301,0.0022389888763427734
245521,normal,740,0,1782361491.2649045,0.0018944740295410156
245522,normal,1957,0,1782361491.2667696,0.0018651485443115234
245523,normal,95,0,1782361491.2689137,0.0021440982818603516
245524,normal,271,0,1782361491.270909,0.0019953250885009766
245525,normal,1935,0,1782361491.2727697,0.0018606185913085938
245526,normal,3283,1,1782361491.274917,0.002147197723388672
245527,normal,685,0,1782361491.276901,0.001984119415283203
245528,normal,1211,0,1782361491.2787673,0.0018663406372070312
245529,normal,3089,1,1782361491.280921,0.002153635025024414
245530,normal,1942,0,1782361491.2829046,0.001983642578125
245531,normal,2456,0,1782361491.2847903,0.0018856525421142578
245532,normal,595,0,1782361491.2867668,0.001976490020751953
245533,normal,1693,0,1782361491.2889142,0.0021474361419677734
245534,normal,2753,0,1782361491.2907708,0.0018565654754638672
245535,normal,1936,0,1782361491.2929273,0.002156496047973633
245536,normal,1775,0,1782361491.2948682,0.0019409656524658203
245537,normal,2560,0,1782361491.296712,0.0018436908721923828
245538,normal,2484,0,1782361491.2988183,0.0021064281463623047
245539,normal,2314,0,1782361491.3007176,0.0018992424011230469
245540,normal,3176,1,1782361491.3027396,0.0020220279693603516
245541,normal,3333,1,1782361491.3047402,0.002000570297241211
245542,normal,434,0,1782361491.306721,0.0019807815551757812
245543,normal,159,0,1782361491.3087232,0.002002239227294922
245544,normal,621,0,1782361491.310729,0.0020058155059814453
245545,normal,2830,0,1782361491.3127184,0.0019893646240234375
245546,normal,1747,0,1782361491.3147354,0.0020170211791992188
245547,normal,2255,0,1782361491.31679,0.0020546913146972656
245548,normal,2238,0,1782361491.318724,0.0019338130950927734
245549,normal,2890,0,1782361491.3207238,0.0019998550415039062
245550,normal,3248,1,1782361491.3227797,0.0020558834075927734
245551,normal,556,0,1782361491.3247287,0.0019490718841552734
245552,normal,1718,0,1782361491.3267303,0.002001523971557617
245553,normal,1106,0,1782361491.328789,0.002058744430541992
245554,normal,2187,0,1782361491.3307483,0.0019593238830566406
245555,normal,1812,0,1782361491.3327863,0.0020380020141601562
245556,normal,3338,1,1782361491.334789,0.002002716064453125
245557,normal,2191,0,1782361491.3369377,0.0021486282348632812
245558,normal,1910,0,1782361491.3387718,0.0018341541290283203
245559,normal,2106,0,1782361491.3407903,0.002018451690673828
245560,normal,1141,0,1782361491.3429124,0.002122163772583008
245561,normal,3066,1,1782361491.3447714,0.0018589496612548828
245562,normal,546,0,1782361491.346946,0.0021746158599853516
245563,normal,868,2,1782361491.3489966,0.002050638198852539
245564,normal,2039,0,1782361491.3508031,0.001806497573852539
245565,normal,2002,0,1782361491.3528032,0.002000093460083008
245566,normal,2209,0,1782361491.354799,0.0019958019256591797
245567,normal,1344,1,1782361491.3567154,0.0019164085388183594
245568,normal,380,0,1782361491.3587785,0.0020630359649658203
245569,normal,2245,0,1782361491.360722,0.0019435882568359375
245570,normal,1422,0,1782361491.3627732,0.002051115036010742
245571,normal,2214,0,1782361491.3647118,0.0019385814666748047
245572,normal,475,0,1782361491.3667262,0.0020143985748291016
245573,normal,1136,0,1782361491.3688092,0.0020830631256103516
245574,normal,391,0,1782361491.3707175,0.0019083023071289062
245575,normal,3561,0,1782361491.3727384,0.0020208358764648438
245576,normal,2139,0,1782361491.3747797,0.002041339874267578
245577,normal,1834,0,1782361491.376725,0.0019452571868896484
245578,normal,1582,0,1782361491.3787346,0.0020096302032470703
245579,normal,855,2,1782361491.3807883,0.0020537376403808594
245580,normal,3024,0,1782361491.3827128,0.0019245147705078125
245581,normal,3420,0,1782361491.3847232,0.002010345458984375
245582,normal,456,0,1782361491.386778,0.002054929733276367
245583,normal,3399,1,1782361491.3887115,0.0019333362579345703
245584,normal,1393,0,1782361491.3907363,0.0020248889923095703
245585,normal,2531,0,1782361491.3927722,0.002035856246948242
245586,normal,292,0,1782361491.3947148,0.0019426345825195312
245587,normal,3094,1,1782361491.3967335,0.0020186901092529297
245588,normal,2736,0,1782361491.398773,0.0020394325256347656
245589,normal,1135,0,1782361491.4007096,0.0019366741180419922
245590,normal,850,2,1782361491.4027238,0.00201416015625
245591,normal,3558,0,1782361491.4047704,0.0020465850830078125
245592,normal,1259,0,1782361491.406712,0.001941680908203125
245593,normal,2309,0,1782361491.4087193,0.0020072460174560547
245594,normal,644,0,1782361491.4107692,0.0020499229431152344
245595,normal,2547,0,1782361491.4127092,0.001940011978149414
245596,normal,1548,0,1782361491.4147239,0.002014636993408203
245597,normal,2387,0,1782361491.4167738,0.0020499229431152344
245598,normal,862,2,1782361491.418718,0.0019443035125732422
245599,normal,171,0,1782361491.42072,0.0020020008087158203
245600,normal,369,0,1782361491.4227703,0.002050161361694336
245601,normal,2465,0,1782361491.4247117,0.0019414424896240234
245602,normal,3608,0,1782361491.4267323,0.002020597457885742
245603,normal,653,0,1782361491.4287767,0.0020444393157958984
245604,normal,2578,0,1782361491.4307103,0.0019335746765136719
245605,normal,208,0,1782361491.432724,0.002013683319091797
245606,normal,1425,0,1782361491.4347696,0.0020456314086914062
245607,normal,2015,0,1782361491.436709,0.0019392967224121094
245608,normal,1776,0,1782361491.4387302,0.002021312713623047
245609,normal,3040,0,1782361491.4407566,0.0020263195037841797
245610,normal,1840,0,1782361491.4427097,0.001953125
245611,normal,2821,0,1782361491.444722,0.0020122528076171875
245612,normal,1706,0,1782361491.4467692,0.002047300338745117
245613,normal,2339,0,1782361491.448712,0.0019428730010986328
245614,normal,3023,0,1782361491.4507241,0.002012014389038086
245615,normal,687,0,1782361491.452755,0.0020308494567871094
245616,normal,3144,1,1782361491.4547234,0.0019683837890625
245617,normal,3155,1,1782361491.4567206,0.001997232437133789
245618,normal,1369,1,1782361491.4587784,0.002057790756225586
245619,normal,1423,0,1782361491.4607124,0.001934051513671875
245620,normal,2393,0,1782361491.4627278,0.002015352249145508
245621,normal,1695,0,1782361491.4647787,0.0020508766174316406
245622,normal,616,0,1782361491.4667082,0.0019295215606689453
245623,normal,72,0,1782361491.4687192,0.0020110607147216797
245624,normal,3524,0,1782361491.4707637,0.0020444393157958984
245625,normal,157,0,1782361491.4727132,0.0019495487213134766
245626,normal,1919,0,1782361491.4747248,0.002011537551879883
245627,normal,2638,0,1782361491.4767742,0.0020494461059570312
245628,normal,1059,0,1782361491.4787087,0.0019345283508300781
245629,normal,1357,1,1782361491.480719,0.002010345458984375
245630,normal,1925,0,1782361491.4827695,0.0020503997802734375
245631,normal,1961,0,1782361491.4847126,0.0019431114196777344
245632,normal,2675,0,1782361491.4867234,0.002010822296142578
245633,normal,2110,0,1782361491.4887729,0.0020494461059570312
245634,normal,3332,1,1782361491.490711,0.0019381046295166016
245635,normal,1556,0,1782361491.4927201,0.002009153366088867
245636,normal,1811,0,1782361491.494774,0.002053976058959961
245637,normal,2056,0,1782361491.4967237,0.0019495487213134766
245638,normal,2574,0,1782361491.498726,0.002002239227294922
245639,normal,852,2,1782361491.5007722,0.002046346664428711
245640,normal,235,0,1782361491.5027115,0.0019392967224121094
245641,normal,2910,0,1782361491.5047255,0.0020139217376708984
245642,normal,2041,0,1782361491.5067794,0.002053976058959961
245643,normal,1983,0,1782361491.5087147,0.0019352436065673828
245644,normal,798,2,1782361491.5107236,0.0020089149475097656
245645,normal,3114,1,1782361491.512771,0.002047300338745117
245646,normal,2693,0,1782361491.514711,0.001940011978149414
245647,normal,2347,0,1782361491.5167236,0.0020127296447753906
245648,normal,439,0,1782361491.5187883,0.0020647048950195312
245649,normal,2341,0,1782361491.520719,0.0019307136535644531
245650,normal,2653,0,1782361491.5227263,0.0020072460174560547
245651,normal,303,0,1782361491.5247796,0.0020532608032226562
245652,normal,283,0,1782361491.5267136,0.001934051513671875
245653,normal,1,0,1782361491.5287244,0.002010822296142578
245654,normal,931,2,1782361491.5307546,0.0020301342010498047
245655,normal,2732,0,1782361491.5327106,0.0019559860229492188
245656,normal,2535,0,1782361491.534717,0.00200653076171875
245657,normal,1530,0,1782361491.5367813,0.002064228057861328
245658,normal,3384,1,1782361491.53872,0.0019385814666748047
245659,normal,2151,0,1782361491.5407143,0.0019943714141845703
245660,normal,970,2,1782361491.5427742,0.0020599365234375
245661,normal,1770,0,1782361491.5447135,0.0019392967224121094
245662,normal,2755,0,1782361491.5467181,0.0020046234130859375
245663,normal,3539,0,1782361491.5487673,0.0020492076873779297
245664,normal,3370,1,1782361491.55071,0.0019426345825195312
245665,normal,3534,0,1782361491.5527208,0.002010822296142578
245666,normal,2402,0,1782361491.5547779,0.0020570755004882812
245667,normal,24,0,1782361491.557229,0.002451181411743164
245668,normal,1616,0,1782361491.5587506,0.0015215873718261719
245669,normal,3267,1,1782361491.5607088,0.001958131790161133
245670,normal,2913,0,1782361491.562788,0.0020792484283447266
245671,normal,1246,0,1782361491.5647173,0.0019292831420898438
245672,normal,2017,0,1782361491.56678,0.0020627975463867188
245673,normal,1012,2,1782361491.5687103,0.00193023681640625
245674,normal,2111,0,1782361491.57071,0.0019996166229248047
245675,normal,2711,0,1782361491.5727742,0.002064228057861328
245676,normal,951,2,1782361491.574725,0.0019507408142089844
245677,normal,2520,0,1782361491.576706,0.001981019973754883
245678,normal,228,0,1782361491.5787702,0.002064228057861328
245679,normal,2781,0,1782361491.5807126,0.0019423961639404297
245680,normal,483,0,1782361491.582803,0.0020904541015625
245681,normal,257,0,1782361491.5847108,0.0019078254699707031
245682,normal,58,0,1782361491.5867717,0.0020608901977539062
245683,normal,3353,1,1782361491.5887103,0.0019385814666748047
245684,normal,689,0,1782361491.590767,0.002056598663330078
245685,normal,586,0,1782361491.5927193,0.0019524097442626953
245686,normal,1347,1,1782361491.5947094,0.001990079879760742
245687,normal,1454,0,1782361491.5967546,0.002045154571533203
245688,normal,490,0,1782361491.598776,0.0020215511322021484
245689,normal,378,0,1782361491.6007242,0.0019481182098388672
245690,normal,2829,0,1782361491.6027732,0.002048969268798828
245691,normal,1234,0,1782361491.604712,0.0019388198852539062
245692,normal,2590,0,1782361491.606715,0.0020029544830322266
245693,normal,506,0,1782361491.6087687,0.0020537376403808594
245694,normal,2471,0,1782361491.6107154,0.0019466876983642578
245695,normal,1289,0,1782361491.61272,0.0020046234130859375
245696,normal,2289,0,1782361491.614787,0.002067089080810547
245697,normal,3458,0,1782361491.616712,0.0019249916076660156
245698,normal,2826,0,1782361491.6187243,0.0020122528076171875
245699,normal,1975,0,1782361491.6207778,0.002053499221801758
245700,normal,2949,0,1782361491.6227098,0.001931905746459961
245701,normal,646,0,1782361491.6247191,0.0020093917846679688
245702,normal,48,0,1782361491.6267729,0.0020537376403808594
245703,normal,2836,0,1782361491.6287138,0.0019409656524658203
245704,normal,175,0,1782361491.6307244,0.0020105838775634766
245705,normal,2467,0,1782361491.6327717,0.002047300338745117
245706,normal,1023,2,1782361491.6347144,0.0019426345825195312
245707,normal,886,2,1782361491.6367702,0.0020558834075927734
245708,normal,1314,0,1782361491.6387389,0.0019686222076416016
245709,normal,703,0,1782361491.6407752,0.0020363330841064453
245710,normal,186,0,1782361491.6427255,0.0019502639770507812
245711,normal,1875,0,1782361491.6447797,0.0020542144775390625
245712,normal,2055,0,1782361491.6467164,0.0019366741180419922
245713,normal,2173,0,1782361491.6487164,0.002000093460083008
245714,normal,2530,0,1782361491.6507654,0.002048969268798828
245715,normal,830,2,1782361491.652721,0.0019555091857910156
245716,normal,743,0,1782361491.654722,0.002001047134399414
245717,normal,3126,1,1782361491.6568224,0.0021004676818847656
245718,normal,2265,0,1782361491.6588838,0.0020613670349121094
245719,normal,2291,0,1782361491.6607904,0.0019066333770751953
245720,normal,1690,0,1782361491.6629248,0.0021343231201171875
245721,normal,295,0,1782361491.6648352,0.0019104480743408203
245722,normal,366,0,1782361491.6669517,0.0021164417266845703
245723,normal,884,2,1782361491.6688395,0.0018877983093261719
245724,normal,453,0,1782361491.670983,0.0021436214447021484
245725,normal,948,2,1782361491.672825,0.0018420219421386719
245726,normal,2383,0,1782361491.6747718,0.0019466876983642578
245727,normal,648,0,1782361491.6769872,0.0022153854370117188
245728,normal,1869,0,1782361491.6788979,0.0019106864929199219
245729,normal,3654,0,1782361491.6807935,0.0018956661224365234
245730,normal,3579,0,1782361491.6829865,0.002192974090576172
245731,normal,2489,0,1782361491.6848679,0.0018813610076904297
245732,normal,13,0,1782361491.686775,0.0019071102142333984
245733,normal,2458,0,1782361491.6890087,0.002233743667602539
245734,normal,2748,0,1782361491.690901,0.0018923282623291016
245735,normal,2000,0,1782361491.6927807,0.0018796920776367188
245736,normal,877,2,1782361491.6949916,0.002210855484008789
245737,normal,574,0,1782361491.6968768,0.0018851757049560547
245738,normal,719,0,1782361491.6987762,0.0018994808197021484
245739,normal,728,0,1782361491.7009947,0.002218484878540039
245740,normal,2679,0,1782361491.7028954,0.0019006729125976562
245741,normal,891,2,1782361491.7047753,0.0018799304962158203
245742,normal,2603,0,1782361491.7069983,0.0022230148315429688
245743,normal,212,0,1782361491.7088776,0.0018792152404785156
245744,normal,1836,0,1782361491.7107754,0.0018978118896484375
245745,normal,1207,0,1782361491.7130003,0.0022249221801757812
245746,normal,752,0,1782361491.7149107,0.0019104480743408203
245747,normal,1860,0,1782361491.7167742,0.0018634796142578125
245748,normal,1490,0,1782361491.719003,0.0022287368774414062
245749,normal,1913,0,1782361491.7208428,0.0018398761749267578
245750,normal,2062,0,1782361491.7227764,0.0019335746765136719
245751,normal,2820,0,1782361491.7250051,0.0022287368774414062
245752,normal,783,2,1782361491.726896,0.0018908977508544922
245753,normal,1504,0,1782361491.7287698,0.0018737316131591797
245754,normal,1954,0,1782361491.7310073,0.002237558364868164
245755,normal,62,0,1782361491.732955,0.001947641372680664
245756,normal,1873,0,1782361491.7347705,0.0018155574798583984
245757,normal,3340,1,1782361491.7370098,0.002239227294921875
245758,normal,1339,1,1782361491.7389112,0.001901388168334961
245759,normal,219,0,1782361491.7407787,0.001867532730102539
245760,normal,2443,0,1782361491.7429147,0.0021359920501708984
245761,normal,3123,1,1782361491.7448788,0.001964092254638672
245762,normal,2064,0,1782361491.7467744,0.0018956661224365234
245763,normal,2618,0,1782361491.7489176,0.0021431446075439453
245764,normal,2929,0,1782361491.7508674,0.0019497871398925781
245765,normal,287,0,1782361491.7527764,0.001909017562866211
245766,normal,2268,0,1782361491.75492,0.0021436214447021484
245767,normal,164,0,1782361491.756893,0.0019729137420654297
245768,normal,2523,0,1782361491.758776,0.0018830299377441406
245769,normal,3643,0,1782361491.7609227,0.0021467208862304688
245770,normal,2857,0,1782361491.762906,0.0019834041595458984
245771,normal,1498,0,1782361491.7647758,0.0018696784973144531
245772,normal,2416,0,1782361491.7669265,0.0021507740020751953
245773,normal,2352,0,1782361491.7688968,0.0019702911376953125
245774,normal,266,0,1782361491.7707806,0.0018837451934814453
245775,normal,3530,0,1782361491.7729285,0.0021479129791259766
245776,normal,2794,0,1782361491.7749012,0.001972675323486328
245777,normal,3022,0,1782361491.776775,0.0018737316131591797
245778,normal,2218,0,1782361491.7789302,0.002155303955078125
245779,normal,1964,0,1782361491.7809036,0.001973390579223633
245780,normal,2379,0,1782361491.782773,0.0018694400787353516
245781,normal,86,0,1782361491.7849326,0.002159595489501953
245782,normal,1613,0,1782361491.7868989,0.001966238021850586
245783,normal,2751,0,1782361491.7887735,0.001874685287475586
245784,normal,2946,0,1782361491.7907789,0.002005338668823242
245785,normal,1417,0,1782361491.792904,0.0021250247955322266
245786,normal,2392,0,1782361491.7947705,0.0018665790557861328
245787,normal,3092,1,1782361491.796943,0.0021724700927734375
245788,normal,2980,0,1782361491.798871,0.001928091049194336
245789,normal,794,2,1782361491.8007739,0.0019028186798095703
245790,normal,1250,0,1782361491.8029382,0.0021643638610839844
245791,normal,3337,1,1782361491.8048773,0.0019390583038330078
245792,normal,300,0,1782361491.806773,0.0018956661224365234
245793,normal,973,2,1782361491.8089433,0.0021703243255615234
245794,normal,1206,0,1782361491.810946,0.002002716064453125
245795,normal,482,0,1782361491.812759,0.0018129348754882812
245796,normal,1833,0,1782361491.8149638,0.00220489501953125
245797,normal,796,2,1782361491.8168702,0.0019063949584960938
245798,normal,3118,1,1782361491.818776,0.001905679702758789
245799,normal,3004,0,1782361491.820946,0.002170085906982422
245800,normal,1115,0,1782361491.8228874,0.0019414424896240234
245801,normal,2189,0,1782361491.8247728,0.0018854141235351562
245802,normal,3162,1,1782361491.826958,0.0021851062774658203
245803,normal,1712,0,1782361491.8288639,0.0019059181213378906
245804,normal,2426,0,1782361491.830774,0.0019102096557617188
245805,normal,1685,0,1782361491.8329515,0.0021774768829345703
245806,normal,818,2,1782361491.8348837,0.0019321441650390625
245807,normal,367,0,1782361491.8367763,0.0018925666809082031
245808,normal,25,0,1782361491.8389537,0.0021774768829345703
245809,normal,995,2,1782361491.8408654,0.0019116401672363281
245810,normal,1406,0,1782361491.8427675,0.0019021034240722656
245811,normal,2908,0,1782361491.844957,0.00218963623046875
245812,normal,1025,2,1782361491.846884,0.0019268989562988281
245813,normal,239,0,1782361491.8487816,0.001897573471069336
245814,normal,921,2,1782361491.8509593,0.002177715301513672
245815,normal,2276,0,1782361491.8528574,0.001898050308227539
245816,normal,464,0,1782361491.8547766,0.0019192695617675781
245817,normal,563,0,1782361491.8569608,0.002184152603149414
245818,normal,1837,0,1782361491.858857,0.0018961429595947266
245819,normal,3058,1,1782361491.8607748,0.0019178390502929688
245820,normal,1336,1,1782361491.8628092,0.002034425735473633
245821,normal,3019,0,1782361491.864875,0.002065896987915039
245822,normal,2905,0,1782361491.8667743,0.0018992424011230469
245823,normal,1597,0,1782361491.8689675,0.0021932125091552734
245824,normal,3241,1,1782361491.870861,0.0018935203552246094
245825,normal,3232,1,1782361491.8727753,0.0019142627716064453
245826,normal,446,0,1782361491.8749683,0.002192974090576172
245827,normal,2016,0,1782361491.8768868,0.0019185543060302734
245828,normal,502,0,1782361491.8787735,0.001886606216430664
245829,normal,441,0,1782361491.8809714,0.0021979808807373047
245830,normal,264,0,1782361491.8828557,0.0018842220306396484
245831,normal,536,0,1782361491.8847742,0.0019185543060302734
245832,normal,2423,0,1782361491.8869727,0.002198457717895508
245833,normal,2472,0,1782361491.888882,0.0019092559814453125
245834,normal,2067,0,1782361491.8907745,0.0018925666809082031
245835,normal,1442,0,1782361491.8931184,0.002343893051147461
245836,normal,2275,0,1782361491.89488,0.0017616748809814453
245837,normal,1774,0,1782361491.896774,0.0018939971923828125
245838,normal,2795,0,1782361491.8989787,0.0022046566009521484
245839,normal,193,0,1782361491.9008708,0.00189208984375
245840,normal,3120,1,1782361491.9027743,0.001903533935546875
245841,normal,3581,0,1782361491.9049819,0.002207517623901367
245842,normal,3619,0,1782361491.9068677,0.0018858909606933594
245843,normal,1916,0,1782361491.9087749,0.0019071102142333984
245844,normal,572,0,1782361491.9109828,0.0022079944610595703
245845,normal,3168,1,1782361491.912881,0.001898050308227539
245846,normal,2981,0,1782361491.914765,0.0018839836120605469
245847,normal,1078,0,1782361491.916922,0.0021572113037109375
245848,normal,2674,0,1782361491.9188595,0.0019373893737792969
245849,normal,3028,0,1782361491.920775,0.0019154548645019531
245850,normal,60,0,1782361491.9229867,0.0022118091583251953
245851,normal,1397,0,1782361491.924878,0.0018911361694335938
245852,normal,1028,2,1782361491.926779,0.0019011497497558594
245853,normal,3226,1,1782361491.9289901,0.0022110939025878906
245854,normal,3164,1,1782361491.9308617,0.0018715858459472656
245855,normal,1958,0,1782361491.932776,0.0019142627716064453
245856,normal,1642,0,1782361491.9349935,0.002217531204223633
245857,normal,1110,0,1782361491.9369912,0.001997709274291992
245858,normal,3703,0,1782361491.9387558,0.001764535903930664
245859,normal,585,0,1782361491.9409473,0.0021915435791015625
245860,normal,651,0,1782361491.9428403,0.0018930435180664062
245861,normal,663,0,1782361491.9447756,0.0019352436065673828
245862,normal,2496,0,1782361491.9469993,0.0022237300872802734
245863,normal,1536,0,1782361491.9488888,0.0018894672393798828
245864,normal,2546,0,1782361491.9507787,0.001889944076538086
245865,normal,3073,1,1782361491.953003,0.0022242069244384766
245866,normal,94,0,1782361491.9548538,0.0018508434295654297
245867,normal,351,0,1782361491.9567816,0.0019278526306152344
245868,normal,1876,0,1782361491.959003,0.002221345901489258
245869,normal,1103,0,1782361491.9609075,0.0019044876098632812
245870,normal,2964,0,1782361491.962768,0.0018606185913085938
245871,normal,1619,0,1782361491.9650095,0.002241373062133789
245872,normal,1188,0,1782361491.9668841,0.001874685287475586
245873,normal,87,0,1782361491.9687748,0.0018906593322753906
245874,normal,1007,2,1782361491.970911,0.00213623046875
245875,normal,2051,0,1782361491.972879,0.001967906951904297
245876,normal,210,0,1782361491.9747763,0.0018973350524902344
245877,normal,125,0,1782361491.976912,0.002135753631591797
245878,normal,2078,0,1782361491.978883,0.001971006393432617
245879,normal,994,2,1782361491.9807725,0.0018894672393798828
245880,normal,2251,0,1782361491.9829166,0.0021440982818603516
245881,normal,2125,0,1782361491.9848962,0.0019795894622802734
245882,normal,1549,0,1782361491.9867766,0.0018804073333740234
245883,normal,782,2,1782361491.988918,0.0021414756774902344
245884,normal,960,2,1782361491.9908972,0.0019791126251220703
245885,normal,2198,0,1782361491.9927757,0.001878499984741211
245886,normal,1084,0,1782361491.994922,0.0021462440490722656
245887,normal,2272,0,1782361491.996889,0.001967191696166992
245888,normal,2610,0,1782361491.9987743,0.0018851757049560547
245889,normal,1785,0,1782361492.0009232,0.002148866653442383
245890,normal,2511,0,1782361492.0028827,0.001959562301635742
245891,normal,1062,0,1782361492.0047784,0.0018956661224365234
245892,normal,284,0,1782361492.006926,0.002147674560546875
245893,normal,3180,1,1782361492.008881,0.0019550323486328125
245894,normal,2112,0,1782361492.010774,0.0018928050994873047
245895,normal,1638,0,1782361492.0129366,0.0021626949310302734
245896,normal,3209,1,1782361492.0148811,0.0019445419311523438
245897,normal,3104,1,1782361492.0167735,0.0018923282623291016
245898,normal,2072,0,1782361492.0189314,0.002157926559448242
245899,normal,896,2,1782361492.0208986,0.001967191696166992
245900,normal,3256,1,1782361492.022776,0.0018773078918457031
245901,normal,1217,0,1782361492.0249338,0.002157926559448242
245902,normal,1629,0,1782361492.0268917,0.0019578933715820312
245903,normal,1820,0,1782361492.0287807,0.0018889904022216797
245904,normal,485,0,1782361492.0309358,0.0021550655364990234
245905,normal,2228,0,1782361492.032886,0.0019502639770507812
245906,normal,499,0,1782361492.0347779,0.0018918514251708984
245907,normal,2710,0,1782361492.0369384,0.0021605491638183594
245908,normal,1995,0,1782361492.038888,0.0019495487213134766
245909,normal,2397,0,1782361492.0407748,0.0018868446350097656
245910,normal,3101,1,1782361492.0430372,0.0022623538970947266
245911,normal,381,0,1782361492.045019,0.0019817352294921875
245912,normal,3694,0,1782361492.04677,0.0017511844635009766
245913,normal,3059,1,1782361492.0489566,0.0021865367889404297
245914,normal,2692,0,1782361492.0508769,0.0019202232360839844
245915,normal,3492,0,1782361492.052769,0.00189208984375
245916,normal,2138,0,1782361492.0549529,0.0021839141845703125
245917,normal,3495,0,1782361492.056858,0.001905202865600586
245918,normal,1911,0,1782361492.0587642,0.0019061565399169922
245919,normal,3222,1,1782361492.060954,0.0021898746490478516
245920,normal,1432,0,1782361492.0628376,0.0018835067749023438
245921,normal,2975,0,1782361492.0647647,0.0019271373748779297
245922,normal,3239,1,1782361492.0669112,0.002146482467651367
245923,normal,2993,0,1782361492.0688632,0.0019519329071044922
245924,normal,3672,0,1782361492.0707653,0.0019021034240722656
245925,normal,2259,0,1782361492.0729516,0.002186298370361328
245926,normal,1061,0,1782361492.074858,0.0019063949584960938
245927,normal,3234,1,1782361492.0767646,0.0019066333770751953
245928,normal,1109,0,1782361492.0789545,0.0021898746490478516
245929,normal,887,2,1782361492.0808575,0.0019030570983886719
245930,normal,1863,0,1782361492.0827699,0.0019123554229736328
245931,normal,2868,0,1782361492.0849564,0.0021865367889404297
245932,normal,3159,1,1782361492.0868566,0.0019001960754394531
245933,normal,3182,1,1782361492.0887647,0.0019080638885498047
245934,normal,2893,0,1782361492.0909586,0.002193927764892578
245935,normal,2410,0,1782361492.092857,0.0018982887268066406
245936,normal,3650,0,1782361492.0947647,0.0019078254699707031
245937,normal,3196,1,1782361492.0969617,0.0021970272064208984
245938,normal,2973,0,1782361492.0988533,0.0018916130065917969
245939,normal,138,0,1782361492.1007648,0.0019114017486572266
245940,normal,806,2,1782361492.1029637,0.002198934555053711
245941,normal,2800,0,1782361492.1048524,0.0018887519836425781
245942,normal,273,0,1782361492.106765,0.0019125938415527344
245943,normal,2662,0,1782361492.108967,0.0022020339965820312
245944,normal,993,2,1782361492.1108465,0.0018794536590576172
245945,normal,2889,0,1782361492.1127646,0.0019180774688720703
245946,normal,1735,0,1782361492.11497,0.002205371856689453
245947,normal,617,0,1782361492.1168668,0.0018968582153320312
245948,normal,5,0,1782361492.1190736,0.0022068023681640625
245949,normal,2938,0,1782361492.1209943,0.0019207000732421875
245950,normal,2344,0,1782361492.1233177,0.0023233890533447266
245951,normal,3510,0,1782361492.125448,0.002130270004272461
245952,normal,3512,0,1782361492.1269722,0.001524209976196289
245953,normal,392,0,1782361492.1288815,0.0019092559814453125
245954,normal,355,0,1782361492.130761,0.0018794536590576172
245955,normal,1738,0,1782361492.1328013,0.002040386199951172
245956,normal,2773,0,1782361492.13473,0.0019288063049316406
245957,normal,3027,0,1782361492.1367912,0.002061128616333008
245958,normal,1105,0,1782361492.138787,0.0019958019256591797
245959,normal,2415,0,1782361492.140823,0.002035856246948242
245960,normal,34,0,1782361492.1427546,0.0019316673278808594
245961,normal,3367,1,1782361492.1448786,0.0021240711212158203
245962,normal,2921,0,1782361492.1469016,0.002022981643676758
245963,normal,2412,0,1782361492.1490192,0.002117633819580078
245964,normal,3364,1,1782361492.1507256,0.0017063617706298828
245965,normal,1795,0,1782361492.1528506,0.0021250247955322266
245966,normal,2432,0,1782361492.154974,0.0021233558654785156
245967,normal,2217,0,1782361492.1568365,0.0018625259399414062
245968,normal,2283,0,1782361492.159004,0.0021674633026123047
245969,normal,3195,1,1782361492.160911,0.0019071102142333984
245970,normal,1174,0,1782361492.1629238,0.0020127296447753906
245971,normal,2855,0,1782361492.1648107,0.0018868446350097656
245972,normal,1261,0,1782361492.1669023,0.002091646194458008
245973,normal,1944,0,1782361492.1689065,0.0020041465759277344
245974,normal,1739,0,1782361492.170858,0.001951456069946289
245975,normal,1383,0,1782361492.1729028,0.0020449161529541016
245976,normal,3227,1,1782361492.1749768,0.002074003219604492
245977,normal,2201,0,1782361492.1769667,0.0019898414611816406
245978,normal,259,0,1782361492.1788986,0.001931905746459961
245979,normal,3585,0,1782361492.1816397,0.002741098403930664
245980,normal,1145,0,1782361492.1830347,0.0013949871063232422
245981,normal,2311,0,1782361492.1850536,0.0020189285278320312
245982,normal,1328,1,1782361492.1867466,0.0016930103302001953
245983,normal,2194,0,1782361492.1888087,0.002062082290649414
245984,normal,3614,0,1782361492.1907907,0.001981973648071289
245985,normal,676,0,1782361492.1931593,0.0023686885833740234
245986,normal,360,0,1782361492.1948445,0.0016851425170898438
245987,normal,1476,0,1782361492.1967902,0.0019457340240478516
245988,normal,32,0,1782361492.1987982,0.0020079612731933594
245989,normal,3341,1,1782361492.2007215,0.0019233226776123047
245990,normal,3506,0,1782361492.2027915,0.0020699501037597656
245991,normal,2731,0,1782361492.2048066,0.0020151138305664062
245992,normal,393,0,1782361492.2069263,0.002119779586791992
245993,normal,2117,0,1782361492.2087705,0.001844167709350586
245994,normal,270,0,1782361492.2107818,0.0020112991333007812
245995,normal,3286,1,1782361492.2128673,0.002085447311401367
245996,normal,319,0,1782361492.214745,0.0018777847290039062
245997,normal,3275,1,1782361492.2168415,0.002096414566040039
245998,normal,577,0,1782361492.2187922,0.0019507408142089844
245999,normal,3339,1,1782361492.2209074,0.0021152496337890625
246000,normal,3252,1,1782361492.222884,0.001976490020751953
246001,normal,1635,0,1782361492.224768,0.0018839836120605469
246002,normal,2026,0,1782361492.226876,0.0021080970764160156
246003,normal,77,0,1782361492.2287717,0.0018956661224365234
246004,normal,1953,0,1782361492.2308452,0.002073526382446289
246005,normal,1064,0,1782361492.2327302,0.0018849372863769531
246006,normal,583,0,1782361492.2348306,0.0021004676818847656
246007,normal,2120,0,1782361492.2367477,0.001917123794555664
246008,normal,2425,0,1782361492.2389007,0.0021529197692871094
246009,normal,2403,0,1782361492.240779,0.0018782615661621094
246010,normal,1399,0,1782361492.2429228,0.00214385986328125
246011,normal,3499,0,1782361492.244867,0.0019443035125732422
246012,normal,3307,1,1782361492.2468982,0.002031087875366211
246013,normal,3186,1,1782361492.248877,0.0019788742065429688
246014,normal,2740,0,1782361492.2508647,0.0019876956939697266
246015,normal,349,0,1782361492.2529547,0.002089977264404297
246016,normal,658,0,1782361492.2548954,0.0019407272338867188
246017,normal,1085,0,1782361492.2567337,0.0018382072448730469
246018,normal,2824,0,1782361492.2588284,0.002094745635986328
246019,normal,397,0,1782361492.2608042,0.0019757747650146484
246020,normal,3586,0,1782361492.2628372,0.0020329952239990234
246021,normal,795,2,1782361492.2647626,0.0019254684448242188
246022,normal,2992,0,1782361492.2668405,0.002077817916870117
246023,normal,2353,0,1782361492.2687373,0.0018968582153320312
246024,normal,39,0,1782361492.2708383,0.0021009445190429688
246025,normal,1195,0,1782361492.273026,0.0021877288818359375
246026,normal,2052,0,1782361492.2751226,0.0020966529846191406
246027,normal,512,0,1782361492.2767966,0.0016739368438720703
246028,normal,3616,0,1782361492.2788424,0.002045869827270508
246029,normal,1687,0,1782361492.2807355,0.0018930435180664062
246030,normal,1572,0,1782361492.2828472,0.002111673355102539
246031,normal,3140,1,1782361492.2848632,0.0020160675048828125
246032,normal,3322,1,1782361492.2869117,0.002048492431640625
246033,normal,3133,1,1782361492.2887452,0.0018334388732910156
246034,normal,2186,0,1782361492.2908347,0.0020895004272460938
246035,normal,3521,0,1782361492.292756,0.0019214153289794922
246036,normal,275,0,1782361492.2951238,0.002367734909057617
246037,normal,2672,0,1782361492.2968469,0.0017230510711669922
246038,normal,3649,0,1782361492.2989113,0.0020644664764404297
246039,normal,1245,0,1782361492.3009048,0.001993417739868164
246040,normal,3485,0,1782361492.302911,0.0020062923431396484
246041,normal,978,2,1782361492.304883,0.0019719600677490234
246042,normal,33,0,1782361492.3069565,0.002073526382446289
246043,normal,2707,0,1782361492.3092136,0.002257108688354492
246044,normal,2346,0,1782361492.310937,0.0017232894897460938
246045,normal,2428,0,1782361492.312871,0.001934051513671875
246046,normal,3363,1,1782361492.315205,0.002334117889404297
246047,normal,2936,0,1782361492.3171358,0.0019307136535644531
246048,normal,2135,0,1782361492.3187797,0.0016438961029052734
246049,normal,1254,0,1782361492.3208606,0.0020809173583984375
246050,normal,3417,0,1782361492.3227465,0.0018858909606933594
246051,normal,894,2,1782361492.3248389,0.0020923614501953125
246052,normal,857,2,1782361492.3268354,0.0019965171813964844
246053,normal,108,0,1782361492.3287737,0.0019383430480957031
246054,normal,1445,0,1782361492.3308587,0.002084970474243164
246055,normal,2196,0,1782361492.3327959,0.0019371509552001953
246056,normal,1051,0,1782361492.334871,0.0020751953125
246057,normal,1144,0,1782361492.3368099,0.0019388198852539062
246058,normal,80,0,1782361492.338912,0.0021021366119384766
246059,normal,2765,0,1782361492.3407924,0.0018804073333740234
246060,normal,2539,0,1782361492.34286,0.00206756591796875
246061,normal,2790,0,1782361492.3448546,0.001994609832763672
246062,normal,749,0,1782361492.346805,0.0019505023956298828
246063,normal,3166,1,1782361492.3489873,0.0021822452545166016
246064,normal,1038,0,1782361492.3507938,0.001806497573852539
246065,normal,2983,0,1782361492.352899,0.002105236053466797
246066,normal,330,0,1782361492.3547916,0.0018925666809082031
246067,normal,674,0,1782361492.3568816,0.002089977264404297
246068,normal,3625,0,1782361492.3587694,0.0018877983093261719
246069,normal,2172,0,1782361492.3608735,0.002104043960571289
246070,normal,2636,0,1782361492.3628368,0.001963376998901367
246071,normal,537,0,1782361492.364823,0.001986265182495117
246072,normal,327,0,1782361492.3668563,0.002033233642578125
246073,normal,2911,0,1782361492.3687959,0.001939535140991211
246074,normal,2232,0,1782361492.3708375,0.0020415782928466797
246075,normal,480,0,1782361492.3728526,0.0020151138305664062
246076,normal,2306,0,1782361492.3748567,0.0020041465759277344
246077,normal,2308,0,1782361492.3768892,0.0020325183868408203
246078,normal,2542,0,1782361492.3789268,0.002037525177001953
246079,normal,1378,1,1782361492.3809168,0.001990079879760742
246080,normal,810,2,1782361492.3828194,0.0019025802612304688
246081,normal,1045,0,1782361492.3848732,0.0020537376403808594
246082,normal,1251,0,1782361492.3868124,0.0019392967224121094
246083,normal,2377,0,1782361492.388991,0.002178668975830078
246084,normal,530,0,1782361492.3907433,0.0017521381378173828
246085,normal,1024,2,1782361492.3929398,0.0021965503692626953
246086,normal,2928,0,1782361492.3948398,0.0018999576568603516
246087,normal,2791,0,1782361492.397054,0.002214193344116211
246088,normal,2162,0,1782361492.3990216,0.0019676685333251953
246089,normal,2886,0,1782361492.4009452,0.0019235610961914062
246090,normal,1713,0,1782361492.4029834,0.002038240432739258
246091,normal,2907,0,1782361492.404982,0.0019986629486083984
246092,normal,127,0,1782361492.406822,0.0018398761749267578
246093,normal,578,0,1782361492.408978,0.0021560192108154297
246094,normal,2358,0,1782361492.411008,0.002029895782470703
246095,normal,961,2,1782361492.412733,0.0017251968383789062
246096,normal,615,0,1782361492.414828,0.0020949840545654297
246097,normal,573,0,1782361492.4169326,0.002104520797729492
246098,normal,1027,2,1782361492.4189818,0.0020492076873779297
246099,normal,1721,0,1782361492.4207428,0.0017609596252441406
246100,normal,248,0,1782361492.4229226,0.002179861068725586
246101,normal,1054,0,1782361492.4248176,0.0018949508666992188
246102,normal,1057,0,1782361492.4269388,0.0021212100982666016
246103,normal,1884,0,1782361492.4292958,0.002357006072998047
246104,normal,3274,1,1782361492.4309943,0.0016984939575195312
246105,normal,3290,1,1782361492.4327703,0.001775979995727539
246106,normal,1001,2,1782361492.4348443,0.002074003219604492
246107,normal,3593,0,1782361492.4367514,0.0019071102142333984
246108,normal,150,0,1782361492.4388528,0.002101421356201172
246109,normal,1475,0,1782361492.4410741,0.002221345901489258
246110,normal,1222,0,1782361492.4427679,0.0016937255859375
246111,normal,848,2,1782361492.4449291,0.002161264419555664
246112,normal,3423,0,1782361492.446946,0.002016782760620117
246113,normal,3429,0,1782361492.4488418,0.001895904541015625
246114,normal,3079,1,1782361492.4508739,0.002032041549682617
246115,normal,1213,0,1782361492.452995,0.0021212100982666016
246116,normal,2382,0,1782361492.45503,0.002034902572631836
246117,normal,1726,0,1782361492.4567933,0.0017633438110351562
246118,normal,2550,0,1782361492.4590502,0.0022568702697753906
246119,normal,3580,0,1782361492.460893,0.0018427371978759766
246120,normal,869,2,1782361492.4628463,0.0019533634185791016
246121,normal,1994,0,1782361492.4650817,0.00223541259765625
246122,normal,243,0,1782361492.4670208,0.0019390583038330078
246123,normal,1736,0,1782361492.468846,0.0018253326416015625
246124,normal,2022,0,1782361492.4710221,0.002176046371459961
246125,normal,3284,1,1782361492.4732668,0.002244710922241211
246126,normal,103,0,1782361492.474797,0.0015301704406738281
246127,normal,3609,0,1782361492.4768314,0.002034425735473633
246128,normal,705,0,1782361492.4787388,0.0019073486328125
246129,normal,466,0,1782361492.4808536,0.0021147727966308594
246130,normal,1831,0,1782361492.4828331,0.0019795894622802734
246131,normal,3077,1,1782361492.4847612,0.001928091049194336
246132,normal,2958,0,1782361492.4868524,0.0020911693572998047
246133,normal,1081,0,1782361492.4888241,0.001971721649169922
246134,normal,713,0,1782361492.4907863,0.0019621849060058594
246135,normal,389,0,1782361492.4929209,0.002134561538696289
246136,normal,1148,0,1782361492.494914,0.0019931793212890625
246137,normal,2134,0,1782361492.4967413,0.001827239990234375
246138,normal,2761,0,1782361492.4988785,0.0021371841430664062
246139,normal,2522,0,1782361492.5008526,0.0019741058349609375
246140,normal,1814,0,1782361492.5028152,0.0019626617431640625
246141,normal,1090,0,1782361492.504891,0.002075672149658203
246142,normal,597,0,1782361492.5068085,0.0019176006317138672
246143,normal,1456,0,1782361492.50877,0.0019614696502685547
246144,normal,1230,0,1782361492.5108654,0.002095460891723633
246145,normal,28,0,1782361492.512814,0.0019485950469970703
246146,normal,346,0,1782361492.514759,0.0019450187683105469
246147,normal,1843,0,1782361492.5168734,0.0021142959594726562
246148,normal,3137,1,1782361492.5190616,0.0021882057189941406
246149,normal,2851,0,1782361492.5207396,0.0016779899597167969
246150,normal,969,2,1782361492.5228493,0.0021097660064697266
246151,normal,1390,0,1782361492.5248106,0.001961231231689453
246152,normal,3409,0,1782361492.5268507,0.0020401477813720703
246153,normal,3190,1,1782361492.528853,0.002002239227294922
246154,normal,1496,0,1782361492.5309706,0.002117633819580078
246155,normal,1464,0,1782361492.5328903,0.0019197463989257812
246156,normal,1154,0,1782361492.5349422,0.002051830291748047
246157,normal,2045,0,1782361492.5370486,0.0021064281463623047
246158,normal,2847,0,1782361492.5388107,0.0017621517181396484
246159,normal,3359,1,1782361492.5408845,0.0020737648010253906
246160,normal,867,2,1782361492.5430202,0.002135753631591797
246161,normal,929,2,1782361492.5447495,0.0017292499542236328
246162,normal,1678,0,1782361492.54694,0.0021905899047851562
246163,normal,3044,0,1782361492.5489328,0.0019927024841308594
246164,normal,3352,1,1782361492.5509279,0.001995086669921875
246165,normal,3121,1,1782361492.5528932,0.0019652843475341797
246166,normal,3072,1,1782361492.5550323,0.0021390914916992188
246167,normal,3648,0,1782361492.556981,0.0019488334655761719
246168,normal,348,0,1782361492.5590332,0.0020520687103271484
246169,normal,3272,1,1782361492.5610194,0.001986265182495117
246170,normal,2611,0,1782361492.5629807,0.001961231231689453
246171,normal,14,0,1782361492.5648584,0.0018777847290039062
246172,normal,3606,0,1782361492.5668647,0.0020062923431396484
246173,normal,3554,0,1782361492.5687346,0.0018699169158935547
246174,normal,2159,0,1782361492.5708313,0.0020966529846191406
246175,normal,1607,0,1782361492.572934,0.0021026134490966797
246176,normal,3575,0,1782361492.5748472,0.001913309097290039
246177,normal,1924,0,1782361492.5769258,0.002078533172607422
246178,normal,801,2,1782361492.5789201,0.0019943714141845703
246179,normal,2845,0,1782361492.5807433,0.0018231868743896484
246180,normal,2331,0,1782361492.5832226,0.0024793148040771484
246181,normal,3547,0,1782361492.585344,0.002121448516845703
246182,normal,2258,0,1782361492.5868356,0.001491546630859375
246183,normal,3676,0,1782361492.588853,0.0020172595977783203
246184,normal,1187,0,1782361492.5909312,0.0020782947540283203
246185,normal,3300,1,1782361492.592762,0.0018308162689208984
246186,normal,280,0,1782361492.5948877,0.0021257400512695312
246187,normal,656,0,1782361492.597265,0.0023772716522216797
246188,normal,1639,0,1782361492.5987604,0.001495361328125
246189,normal,2792,0,1782361492.6009414,0.0021810531616210938
246190,normal,1183,0,1782361492.602963,0.0020215511322021484
246191,normal,1594,0,1782361492.6048765,0.0019135475158691406
246192,normal,1604,0,1782361492.6068814,0.002004861831665039
246193,normal,2385,0,1782361492.6091936,0.002312183380126953
246194,normal,3595,0,1782361492.6109586,0.0017650127410888672
246195,normal,2141,0,1782361492.6129901,0.002031564712524414
246196,normal,1077,0,1782361492.6150072,0.0020170211791992188
246197,normal,1074,0,1782361492.6169882,0.001981019973754883
246198,normal,195,0,1782361492.6187804,0.0017921924591064453
246199,normal,2673,0,1782361492.6212854,0.002505064010620117
246200,normal,902,2,1782361492.623007,0.0017216205596923828
246201,normal,1449,0,1782361492.6248615,0.0018544197082519531
246202,normal,812,2,1782361492.6272328,0.0023713111877441406
246203,normal,2,0,1782361492.6291785,0.0019457340240478516
246204,normal,3051,1,1782361492.6307974,0.0016188621520996094
246205,normal,1489,0,1782361492.6328375,0.0020401477813720703
246206,normal,1902,0,1782361492.634748,0.0019104480743408203
246207,normal,3115,1,1782361492.6369495,0.002201557159423828
246208,normal,279,0,1782361492.6387897,0.0018401145935058594
246209,normal,1818,0,1782361492.640862,0.0020723342895507812
246210,normal,0,0,1782361492.642762,0.0018999576568603516
246211,normal,2342,0,1782361492.645102,0.002340078353881836
246212,normal,2846,0,1782361492.646802,0.0016999244689941406
246213,normal,1633,0,1782361492.6489763,0.00217437744140625
246214,normal,708,0,1782361492.6509087,0.001932382583618164
246215,normal,165,0,1782361492.6527503,0.0018415451049804688
246216,normal,2815,0,1782361492.6548786,0.0021283626556396484
246217,normal,568,0,1782361492.6568477,0.0019690990447998047
246218,normal,3349,1,1782361492.6588206,0.0019729137420654297
246219,normal,2010,0,1782361492.6608994,0.0020787715911865234
246220,normal,2032,0,1782361492.6628036,0.0019042491912841797
246221,normal,2124,0,1782361492.6648927,0.0020890235900878906
246222,normal,177,0,1782361492.6667788,0.001886129379272461
246223,normal,1053,0,1782361492.668903,0.002124309539794922
246224,normal,1479,0,1782361492.6707883,0.0018851757049560547
246225,normal,2517,0,1782361492.6729429,0.0021545886993408203
246226,normal,2182,0,1782361492.6748173,0.0018744468688964844
246227,normal,2448,0,1782361492.6767545,0.0019371509552001953
246228,normal,633,0,1782361492.6788454,0.002090930938720703
246229,normal,2614,0,1782361492.6808085,0.0019631385803222656
246230,normal,3589,0,1782361492.6827486,0.001940011978149414
246231,normal,2901,0,1782361492.6848662,0.002117633819580078
246232,normal,709,0,1782361492.6869543,0.0020880699157714844
246233,normal,3411,0,1782361492.6890402,0.0020859241485595703
246234,normal,1934,0,1782361492.690762,0.0017218589782714844
246235,normal,2368,0,1782361492.692868,0.0021059513092041016
246236,normal,1801,0,1782361492.694886,0.002017974853515625
246237,normal,3560,0,1782361492.6968076,0.0019216537475585938
246238,normal,1338,1,1782361492.6989238,0.0021162033081054688
246239,normal,3314,1,1782361492.7008445,0.0019207000732421875
246240,normal,2569,0,1782361492.7029462,0.0021016597747802734
246241,normal,2037,0,1782361492.705033,0.0020868778228759766
246242,normal,3473,0,1782361492.7068236,0.0017905235290527344
246243,normal,691,0,1782361492.7090015,0.0021779537200927734
246244,normal,222,0,1782361492.7110498,0.0020482540130615234
246245,normal,535,0,1782361492.7130427,0.001992940902709961
246246,normal,1232,0,1782361492.7148447,0.0018019676208496094
246247,normal,748,0,1782361492.7171118,0.002267122268676758
246248,normal,267,0,1782361492.7189934,0.0018815994262695312
246249,normal,2960,0,1782361492.7208672,0.0018737316131591797
246250,normal,2301,0,1782361492.7229407,0.002073526382446289
246251,normal,1111,0,1782361492.7248402,0.0018994808197021484
246252,normal,3404,0,1782361492.7269185,0.0020782947540283203
246253,normal,2915,0,1782361492.7290447,0.0021262168884277344
246254,normal,1178,0,1782361492.730766,0.0017213821411132812
246255,normal,1419,0,1782361492.7329314,0.0021653175354003906
246256,normal,289,0,1782361492.7349317,0.0020003318786621094
246257,normal,1118,0,1782361492.736849,0.0019173622131347656
246258,normal,2049,0,1782361492.7394984,0.0026493072509765625
246259,normal,1719,0,1782361492.7411098,0.001611471176147461
246260,normal,3014,0,1782361492.7428422,0.0017323493957519531
246261,normal,3343,1,1782361492.7448606,0.002018451690673828
246262,normal,1745,0,1782361492.7469308,0.002070188522338867
246263,normal,3482,0,1782361492.7488525,0.0019216537475585938
246264,normal,1505,0,1782361492.7510736,0.0022211074829101562
246265,normal,1448,0,1782361492.7528923,0.0018186569213867188
246266,normal,2127,0,1782361492.7548475,0.001955270767211914
246267,normal,1197,0,1782361492.7569735,0.002125978469848633
246268,normal,401,0,1782361492.7596905,0.0027170181274414062
246269,normal,155,0,1782361492.7607856,0.0010950565338134766
246270,normal,3042,0,1782361492.7630002,0.002214670181274414
246271,normal,1823,0,1782361492.7651112,0.0021109580993652344
246272,normal,3469,0,1782361492.7670324,0.0019211769104003906
246273,normal,2723,0,1782361492.768902,0.0018696784973144531
246274,normal,2990,0,1782361492.7708278,0.0019257068634033203
246275,normal,1203,0,1782361492.7729557,0.0021278858184814453
246276,normal,352,0,1782361492.7749004,0.0019447803497314453
246277,normal,1152,0,1782361492.776764,0.0018634796142578125
246278,normal,864,2,1782361492.7790716,0.0023076534271240234
246279,normal,2263,0,1782361492.78088,0.0018084049224853516
246280,normal,3633,0,1782361492.7828903,0.002010345458984375
246281,normal,1574,0,1782361492.7850223,0.002131938934326172
246282,normal,1334,1,1782361492.7871976,0.0021753311157226562
246283,normal,2918,0,1782361492.788786,0.0015883445739746094
246284,normal,3428,0,1782361492.7908273,0.002041339874267578
246285,normal,2823,0,1782361492.7928574,0.0020301342010498047
246286,normal,3494,0,1782361492.794862,0.0020046234130859375
246287,normal,905,2,1782361492.79686,0.0019979476928710938
246288,normal,1494,0,1782361492.7988615,0.002001523971557617
246289,normal,2176,0,1782361492.8008687,0.0020072460174560547
246290,normal,470,0,1782361492.8028736,0.002004861831665039
246291,normal,1143,0,1782361492.8048542,0.0019805431365966797
246292,normal,2875,0,1782361492.8069742,0.0021200180053710938
246293,normal,2822,0,1782361492.8087988,0.0018246173858642578
246294,normal,2568,0,1782361492.8108726,0.0020737648010253906
246295,normal,2179,0,1782361492.8128974,0.0020248889923095703
246296,normal,418,0,1782361492.8148332,0.001935720443725586
246297,normal,2136,0,1782361492.8168712,0.0020380020141601562
246298,normal,2506,0,1782361492.8188376,0.0019664764404296875
246299,normal,2903,0,1782361492.8208563,0.0020186901092529297
246300,normal,2057,0,1782361492.8228338,0.0019774436950683594
246301,normal,42,0,1782361492.8248737,0.0020399093627929688
246302,normal,1433,0,1782361492.8269877,0.0021140575408935547
246303,normal,1896,0,1782361492.8288372,0.0018494129180908203
246304,normal,2300,0,1782361492.8308887,0.0020515918731689453
246305,normal,3659,0,1782361492.8330119,0.002123117446899414
246306,normal,503,0,1782361492.8349276,0.0019156932830810547
246307,normal,1256,0,1782361492.8369608,0.002033233642578125
246308,normal,3514,0,1782361492.8388596,0.0018987655639648438
246309,normal,1484,0,1782361492.8409543,0.002094745635986328
246310,normal,3631,0,1782361492.8429525,0.0019981861114501953
246311,normal,866,2,1782361492.8447545,0.0018019676208496094
246312,normal,2628,0,1782361492.8469803,0.0022258758544921875
246313,normal,1529,0,1782361492.849019,0.002038717269897461
246314,normal,2699,0,1782361492.8508723,0.0018532276153564453
246315,normal,1056,0,1782361492.8529294,0.0020570755004882812
246316,normal,1848,0,1782361492.8549101,0.0019807815551757812
246317,normal,3466,0,1782361492.8568883,0.001978158950805664
246318,normal,3031,0,1782361492.8589017,0.0020134449005126953
246319,normal,3191,1,1782361492.8609433,0.0020415782928466797
246320,normal,2292,0,1782361492.8628647,0.0019214153289794922
246321,normal,2655,0,1782361492.8649418,0.0020771026611328125
246322,normal,3655,0,1782361492.8671901,0.0022482872009277344
246323,normal,1986,0,1782361492.8688276,0.0016374588012695312
246324,normal,870,2,1782361492.870919,0.0020914077758789062
246325,normal,49,0,1782361492.8731244,0.002205371856689453
246326,normal,247,0,1782361492.8750374,0.0019130706787109375
246327,normal,2406,0,1782361492.8769307,0.0018932819366455078
246328,normal,3201,1,1782361492.8790863,0.0021555423736572266
246329,normal,879,2,1782361492.8810184,0.0019321441650390625
246330,normal,54,0,1782361492.8828807,0.0018622875213623047
246331,normal,2492,0,1782361492.884913,0.0020322799682617188
246332,normal,1243,0,1782361492.8868265,0.0019135475158691406
246333,normal,2747,0,1782361492.8888435,0.0020170211791992188
246334,normal,233,0,1782361492.8910189,0.0021753311157226562
246335,normal,422,0,1782361492.8928463,0.0018274784088134766
246336,normal,2592,0,1782361492.8949287,0.002082347869873047
246337,normal,1210,0,1782361492.8969302,0.002001523971557617
246338,normal,500,0,1782361492.8990355,0.002105236053466797
246339,normal,746,0,1782361492.9012928,0.0022573471069335938
246340,normal,2480,0,1782361492.9028842,0.0015914440155029297
246341,normal,898,2,1782361492.904935,0.002050638198852539
246342,normal,793,2,1782361492.9068346,0.00189971923828125
246343,normal,3424,0,1782361492.9089475,0.002112865447998047
246344,normal,3116,1,1782361492.9109228,0.0019752979278564453
246345,normal,2233,0,1782361492.913071,0.002148151397705078
246346,normal,3298,1,1782361492.9147637,0.0016927719116210938
246347,normal,3350,1,1782361492.9169364,0.002172708511352539
246348,normal,1444,0,1782361492.9188664,0.0019299983978271484
246349,normal,3124,1,1782361492.9209802,0.002113819122314453
246350,normal,837,2,1782361492.9229648,0.0019845962524414062
246351,normal,2482,0,1782361492.924969,0.0020041465759277344
246352,normal,3474,0,1782361492.9269998,0.0020308494567871094
246353,normal,2806,0,1782361492.9289427,0.0019428730010986328
246354,normal,297,0,1782361492.9309628,0.002020120620727539
246355,normal,2951,0,1782361492.933023,0.0020601749420166016
246356,normal,1005,2,1782361492.9348586,0.0018355846405029297
246357,normal,242,0,1782361492.9372475,0.0023889541625976562
246358,normal,889,2,1782361492.9390442,0.001796722412109375
246359,normal,2374,0,1782361492.9408295,0.0017852783203125
246360,normal,1252,0,1782361492.9430444,0.0022149085998535156
246361,normal,831,2,1782361492.945296,0.0022516250610351562
246362,normal,1893,0,1782361492.946802,0.0015058517456054688
246363,normal,1883,0,1782361492.9489589,0.002156972885131836
246364,normal,1292,0,1782361492.9509294,0.001970529556274414
246365,normal,1593,0,1782361492.9528766,0.001947164535522461
246366,normal,787,2,1782361492.9548805,0.002003908157348633
246367,normal,3330,1,1782361492.9569747,0.002094268798828125
246368,normal,2498,0,1782361492.9588735,0.0018987655639648438
246369,normal,2600,0,1782361492.9608965,0.002022981643676758
246370,normal,1302,0,1782361492.9628944,0.0019979476928710938
246371,normal,2566,0,1782361492.9649537,0.0020592212677001953
246372,normal,3696,0,1782361492.9669683,0.002014636993408203
246373,normal,1682,0,1782361492.9688768,0.0019085407257080078
246374,normal,785,2,1782361492.9708886,0.0020117759704589844
246375,normal,1104,0,1782361492.972933,0.0020444393157958984
246376,normal,2354,0,1782361492.9749482,0.0020151138305664062
246377,normal,2101,0,1782361492.9769676,0.0020194053649902344
246378,normal,374,0,1782361492.978908,0.0019404888153076172
246379,normal,926,2,1782361492.9808896,0.001981496810913086
246380,normal,2843,0,1782361492.9828954,0.0020058155059814453
246381,normal,102,0,1782361492.9848897,0.0019943714141845703
246382,normal,2663,0,1782361492.9869757,0.0020859241485595703
246383,normal,468,0,1782361492.9888926,0.0019168853759765625
246384,normal,900,2,1782361492.9909074,0.0020148754119873047
246385,normal,491,0,1782361492.9930356,0.002128124237060547
246386,normal,2299,0,1782361492.9949346,0.0018990039825439453
246387,normal,893,2,1782361492.996896,0.0019614696502685547
246388,normal,522,0,1782361492.998985,0.0020890235900878906
246389,normal,916,2,1782361493.0008824,0.0018973350524902344
246390,normal,1628,0,1782361493.0028837,0.0020012855529785156
246391,normal,1260,0,1782361493.0049865,0.0021028518676757812
246392,normal,2988,0,1782361493.0069058,0.0019192695617675781
246393,normal,2143,0,1782361493.0089242,0.002018451690673828
246394,normal,2837,0,1782361493.0109699,0.0020456314086914062
246395,normal,2527,0,1782361493.0129712,0.0020012855529785156
246396,normal,382,0,1782361493.014939,0.001967906951904297
246397,normal,710,0,1782361493.01692,0.001981019973754883
246398,normal,1764,0,1782361493.018925,0.002004861831665039
246399,normal,2281,0,1782361493.0209239,0.0019989013671875
246400,normal,2121,0,1782361493.0228815,0.0019576549530029297
246401,normal,2819,0,1782361493.024877,0.001995563507080078
246402,normal,805,2,1782361493.0268807,0.0020036697387695312
246403,normal,3119,1,1782361493.029029,0.002148151397705078
246404,normal,575,0,1782361493.030997,0.0019681453704833984
246405,normal,168,0,1782361493.0329514,0.001954317092895508
246406,normal,465,0,1782361493.0350342,0.00208282470703125
246407,normal,520,0,1782361493.0370216,0.001987457275390625
246408,normal,1247,0,1782361493.0390873,0.0020656585693359375
246409,normal,1667,0,1782361493.0409207,0.0018334388732910156
246410,normal,2470,0,1782361493.0430121,0.0020914077758789062
246411,normal,3229,1,1782361493.045026,0.0020139217376708984
246412,normal,1318,0,1782361493.0469594,0.0019333362579345703
246413,normal,2222,0,1782361493.04888,0.0019207000732421875
246414,normal,1017,2,1782361493.0508685,0.0019884109497070312
246415,normal,31,0,1782361493.0529685,0.0020999908447265625
246416,normal,1376,1,1782361493.054961,0.001992464065551758
246417,normal,3038,0,1782361493.0568929,0.001931905746459961
246418,normal,977,2,1782361493.058967,0.0020742416381835938
246419,normal,3150,1,1782361493.0608647,0.001897573471069336
246420,normal,3613,0,1782361493.0629685,0.0021038055419921875
246421,normal,1159,0,1782361493.0650282,0.0020596981048583984
246422,normal,2912,0,1782361493.067513,0.0024847984313964844
246423,normal,213,0,1782361493.068878,0.0013649463653564453
246424,normal,1895,0,1782361493.0709949,0.0021169185638427734
246425,normal,1806,0,1782361493.072883,0.0018880367279052734
246426,normal,2253,0,1782361493.0748875,0.0020046234130859375
246427,normal,923,2,1782361493.0769835,0.002095937728881836
246428,normal,712,0,1782361493.0789735,0.001990079879760742
246429,normal,431,0,1782361493.080951,0.0019774436950683594
246430,normal,1526,0,1782361493.0828187,0.0018677711486816406
246431,normal,2690,0,1782361493.0848787,0.0020599365234375
246432,normal,897,2,1782361493.0869036,0.0020248889923095703
246433,normal,1948,0,1782361493.0890076,0.002104043960571289
246434,normal,1810,0,1782361493.090902,0.0018944740295410156
246435,normal,340,0,1782361493.0929327,0.002030611038208008
246436,normal,3291,1,1782361493.0950804,0.002147674560546875
246437,normal,194,0,1782361493.0969748,0.0018944740295410156
246438,normal,1734,0,1782361493.0989566,0.0019817352294921875
246439,normal,2754,0,1782361493.1010222,0.0020656585693359375
246440,normal,1441,0,1782361493.1029365,0.0019142627716064453
246441,normal,880,2,1782361493.104936,0.001999378204345703
246442,normal,1241,0,1782361493.1072068,0.002270936965942383
246443,normal,1410,0,1782361493.1089363,0.0017294883728027344
246444,normal,2430,0,1782361493.1108932,0.001956939697265625
246445,normal,695,0,1782361493.1131144,0.0022211074829101562
246446,normal,1452,0,1782361493.115043,0.001928567886352539
246447,normal,3228,1,1782361493.1169188,0.0018758773803710938
246448,normal,772,2,1782361493.1189783,0.002059459686279297
246449,normal,630,0,1782361493.1208723,0.0018939971923828125
246450,normal,3567,0,1782361493.1228828,0.0020105838775634766
246451,normal,3699,0,1782361493.124972,0.002089262008666992
246452,normal,2989,0,1782361493.1268857,0.0019135475158691406
246453,normal,1544,0,1782361493.1288767,0.0019910335540771484
246454,normal,2613,0,1782361493.1309752,0.002098560333251953
246455,normal,1566,0,1782361493.1328974,0.0019221305847167969
246456,normal,1117,0,1782361493.1349504,0.0020530223846435547
246457,normal,249,0,1782361493.1369843,0.0020339488983154297
246458,normal,2123,0,1782361493.138933,0.0019485950469970703
246459,normal,1880,0,1782361493.1408772,0.0019443035125732422
246460,normal,1011,2,1782361493.1430085,0.002131223678588867
246461,normal,1129,0,1782361493.14495,0.0019414424896240234
246462,normal,967,2,1782361493.1469684,0.002018451690673828
246463,normal,2248,0,1782361493.1488724,0.0019040107727050781
246464,normal,3107,1,1782361493.1508887,0.002016305923461914
246465,normal,780,2,1782361493.1529145,0.0020258426666259766
246466,normal,723,0,1782361493.1548645,0.0019500255584716797
246467,normal,3000,0,1782361493.1569333,0.002068758010864258
246468,normal,2437,0,1782361493.1589305,0.001997232437133789
246469,normal,2359,0,1782361493.1609693,0.002038717269897461
246470,normal,1120,0,1782361493.1627991,0.0018298625946044922
246471,normal,1622,0,1782361493.1648862,0.002087116241455078
246472,normal,1621,0,1782361493.1669767,0.0020904541015625
246473,normal,714,0,1782361493.168883,0.0019063949584960938
246474,normal,461,0,1782361493.1708884,0.002005338668823242
246475,normal,2240,0,1782361493.1729941,0.002105712890625
246476,normal,463,0,1782361493.174921,0.0019268989562988281
246477,normal,452,0,1782361493.17694,0.0020189285278320312
246478,normal,2126,0,1782361493.1792297,0.0022897720336914062
246479,normal,3138,1,1782361493.180797,0.0015673637390136719
246480,normal,1281,0,1782361493.1830213,0.0022242069244384766
246481,normal,1279,0,1782361493.1848676,0.0018463134765625
246482,normal,1199,0,1782361493.1868913,0.0020236968994140625
246483,normal,1890,0,1782361493.1888707,0.001979351043701172
246484,normal,1963,0,1782361493.1909876,0.0021169185638427734
246485,normal,1766,0,1782361493.1928735,0.0018858909606933594
246486,normal,405,0,1782361493.1950126,0.0021390914916992188
246487,normal,2279,0,1782361493.1970637,0.002051115036010742
246488,normal,2370,0,1782361493.1988373,0.0017735958099365234
246489,normal,3445,0,1782361493.2010052,0.002167940139770508
246490,normal,2329,0,1782361493.203028,0.0020227432250976562
246491,normal,183,0,1782361493.2051024,0.0020744800567626953
246492,normal,533,0,1782361493.206957,0.0018546581268310547
246493,normal,1962,0,1782361493.209149,0.002191781997680664
246494,normal,1153,0,1782361493.2109165,0.0017676353454589844
246495,normal,3701,0,1782361493.2129726,0.002056121826171875
246496,normal,2451,0,1782361493.2148752,0.0019025802612304688
246497,normal,858,2,1782361493.2168663,0.0019910335540771484
246498,normal,2351,0,1782361493.2189717,0.0021054744720458984
246499,normal,1391,0,1782361493.220993,0.002021312713623047
246500,normal,1049,0,1782361493.222978,0.0019850730895996094
246501,normal,826,2,1782361493.2248695,0.0018913745880126953
246502,normal,3098,1,1782361493.2269568,0.0020873546600341797
246503,normal,1600,0,1782361493.2288697,0.001912832260131836
246504,normal,576,0,1782361493.230871,0.0020012855529785156
246505,normal,1368,1,1782361493.2332299,0.0023589134216308594
246506,normal,386,0,1782361493.235324,0.0020940303802490234
246507,normal,2081,0,1782361493.2369452,0.001621246337890625
246508,normal,851,2,1782361493.2389805,0.002035379409790039
246509,normal,3401,1,1782361493.240873,0.0018925666809082031
246510,normal,3360,1,1782361493.2429929,0.002119779586791992
246511,normal,1481,0,1782361493.2449923,0.001999378204345703
246512,normal,662,0,1782361493.2469826,0.0019903182983398438
246513,normal,3646,0,1782361493.2489188,0.001936197280883789
246514,normal,290,0,1782361493.2508802,0.0019614696502685547
246515,normal,53,0,1782361493.2529042,0.002023935317993164
246516,normal,3607,0,1782361493.2548943,0.001990079879760742
246517,normal,717,0,1782361493.2570124,0.0021181106567382812
246518,normal,2774,0,1782361493.258904,0.0018916130065917969
246519,normal,1420,0,1782361493.2610283,0.002124309539794922
246520,normal,909,2,1782361493.2629955,0.001967191696166992
246521,normal,1488,0,1782361493.2649627,0.001967191696166992
246522,normal,3599,0,1782361493.2668965,0.0019338130950927734
246523,normal,1372,1,1782361493.268999,0.0021026134490966797
246524,normal,3297,1,1782361493.2709372,0.0019381046295166016
246525,normal,112,0,1782361493.272993,0.0020558834075927734
246526,normal,2095,0,1782361493.2751815,0.002188444137573242
246527,normal,493,0,1782361493.2769678,0.0017862319946289062
246528,normal,1908,0,1782361493.2788906,0.0019228458404541016
246529,normal,763,0,1782361493.2810996,0.0022089481353759766
246530,normal,2234,0,1782361493.2830365,0.0019369125366210938
246531,normal,863,2,1782361493.2849104,0.0018739700317382812
246532,normal,1146,0,1782361493.2869766,0.0020661354064941406
246533,normal,2165,0,1782361493.288872,0.0018954277038574219
246534,normal,3219,1,1782361493.2909045,0.0020325183868408203
246535,normal,2422,0,1782361493.292984,0.002079486846923828
246536,normal,29,0,1782361493.294885,0.0019009113311767578
246537,normal,3147,1,1782361493.296871,0.0019860267639160156
246538,normal,1124,0,1782361493.2989888,0.0021178722381591797
246539,normal,2244,0,1782361493.30092,0.0019311904907226562
246540,normal,817,2,1782361493.3029625,0.002042531967163086
246541,normal,2227,0,1782361493.3049781,0.0020155906677246094
246542,normal,1978,0,1782361493.3068764,0.0018982887268066406
246543,normal,2906,0,1782361493.308918,0.0020415782928466797
246544,normal,2956,0,1782361493.3109372,0.002019166946411133
246545,normal,3215,1,1782361493.3129547,0.002017498016357422
246546,normal,76,0,1782361493.3149748,0.002020120620727539
246547,normal,202,0,1782361493.3168108,0.0018360614776611328
246548,normal,1050,0,1782361493.3189719,0.0021610260009765625
246549,normal,3197,1,1782361493.3208761,0.0019042491912841797
246550,normal,1270,0,1782361493.3229442,0.002068042755126953
246551,normal,1746,0,1782361493.3248441,0.0018999576568603516
246552,normal,1430,0,1782361493.3269,0.0020558834075927734
246553,normal,2242,0,1782361493.3289084,0.0020084381103515625
246554,normal,3185,1,1782361493.3309238,0.002015352249145508
246555,normal,670,0,1782361493.3329003,0.001976490020751953
246556,normal,2494,0,1782361493.3349955,0.0020952224731445312
246557,normal,1324,1,1782361493.336881,0.0018854141235351562
246558,normal,1114,0,1782361493.3388846,0.0020036697387695312
246559,normal,745,0,1782361493.340979,0.0020945072174072266
246560,normal,2549,0,1782361493.342885,0.0019059181213378906
246561,normal,1923,0,1782361493.3450055,0.002120494842529297
246562,normal,379,0,1782361493.3468902,0.0018846988677978516
246563,normal,498,0,1782361493.3489492,0.0020589828491210938
246564,normal,188,0,1782361493.3508987,0.0019495487213134766
246565,normal,1537,0,1782361493.3527577,0.0018589496612548828
246566,normal,1329,1,1782361493.3547843,0.0020265579223632812
246567,normal,71,0,1782361493.3567874,0.002003192901611328
246568,normal,3358,1,1782361493.3591702,0.0023827552795410156
246569,normal,986,2,1782361493.3607838,0.001613616943359375
246570,normal,3220,1,1782361493.3627574,0.0019736289978027344
246571,normal,692,0,1782361493.3647516,0.0019941329956054688
246572,normal,2927,0,1782361493.366726,0.001974344253540039
246573,normal,1632,0,1782361493.3688672,0.002141237258911133
246574,normal,2038,0,1782361493.3707218,0.0018546581268310547
246575,normal,307,0,1782361493.372761,0.002039194107055664
246576,normal,3430,0,1782361493.374804,0.002043008804321289
246577,normal,1436,0,1782361493.3769586,0.0021545886993408203
246578,normal,1882,0,1782361493.3788538,0.0018951892852783203
246579,normal,3245,1,1782361493.3808153,0.0019614696502685547
246580,normal,1692,0,1782361493.3829765,0.002161264419555664
246581,normal,1346,1,1782361493.3849523,0.0019757747650146484
246582,normal,3552,0,1782361493.3867705,0.0018181800842285156
246583,normal,1455,0,1782361493.388847,0.0020766258239746094
246584,normal,3145,1,1782361493.3907437,0.0018966197967529297
246585,normal,1004,2,1782361493.3928568,0.0021131038665771484
246586,normal,938,2,1782361493.3948414,0.0019845962524414062
246587,normal,668,0,1782361493.396715,0.0018734931945800781
246588,normal,1036,0,1782361493.3989637,0.0022487640380859375
246589,normal,3230,1,1782361493.4007273,0.0017635822296142578
246590,normal,1640,0,1782361493.402963,0.0022356510162353516
246591,normal,2175,0,1782361493.405158,0.002195119857788086
246592,normal,2369,0,1782361493.407177,0.0020189285278320312
246593,normal,725,0,1782361493.4087908,0.0016138553619384766
246594,normal,958,2,1782361493.410985,0.0021941661834716797
246595,normal,2896,0,1782361493.4127393,0.0017542839050292969
246596,normal,2148,0,1782361493.4149745,0.0022351741790771484
246597,normal,197,0,1782361493.4168618,0.0018873214721679688
246598,normal,2137,0,1782361493.4189913,0.0021295547485351562
246599,normal,1787,0,1782361493.4207733,0.0017819404602050781
246600,normal,963,2,1782361493.422969,0.0021958351135253906
246601,normal,1507,0,1782361493.424784,0.0018148422241210938
246602,normal,819,2,1782361493.4269109,0.002126932144165039
246603,normal,844,2,1782361493.4288886,0.001977682113647461
246604,normal,371,0,1782361493.4310892,0.002200603485107422
246605,normal,1322,1,1782361493.432914,0.0018248558044433594
246606,normal,1929,0,1782361493.4348965,0.001982450485229492
246607,normal,1268,0,1782361493.4368625,0.0019659996032714844
246608,normal,828,2,1782361493.4388855,0.002022981643676758
246609,normal,1543,0,1782361493.4410086,0.002123117446899414
246610,normal,2840,0,1782361493.4427795,0.0017709732055664062
246611,normal,612,0,1782361493.4451523,0.00237274169921875
246612,normal,2769,0,1782361493.447022,0.0018696784973144531
246613,normal,2631,0,1782361493.4488468,0.0018248558044433594
246614,normal,3706,0,1782361493.4507587,0.0019118785858154297
246615,normal,221,0,1782361493.453023,0.002264261245727539
246616,normal,424,0,1782361493.4549992,0.0019762516021728516
246617,normal,1265,0,1782361493.4567428,0.0017435550689697266
246618,normal,2914,0,1782361493.4588816,0.002138853073120117
246619,normal,163,0,1782361493.4607506,0.0018689632415771484
246620,normal,2221,0,1782361493.462902,0.0021514892578125
246621,normal,3501,0,1782361493.4647622,0.0018601417541503906
246622,normal,2360,0,1782361493.4668872,0.0021250247955322266
246623,normal,1225,0,1782361493.4687595,0.0018723011016845703
246624,normal,2230,0,1782361493.4708853,0.0021257400512695312
246625,normal,3412,0,1782361493.4728258,0.0019404888153076172
246626,normal,2608,0,1782361493.4747994,0.0019736289978027344
246627,normal,3122,1,1782361493.476986,0.0021865367889404297
246628,normal,2119,0,1782361493.4787924,0.001806497573852539
246629,normal,1133,0,1782361493.480882,0.0020895004272460938
246630,normal,2532,0,1782361493.4829605,0.002078533172607422
246631,normal,3392,1,1782361493.4848409,0.0018804073333740234
246632,normal,1499,0,1782361493.486992,0.002151012420654297
246633,normal,1031,0,1782361493.488846,0.0018541812896728516
246634,normal,3260,1,1782361493.4909942,0.002148151397705078
246635,normal,350,0,1782361493.4927824,0.0017881393432617188
246636,normal,3257,1,1782361493.494893,0.002110719680786133
246637,normal,1200,0,1782361493.4967587,0.0018656253814697266
246638,normal,762,0,1782361493.4989963,0.002237558364868164
246639,normal,488,0,1782361493.5007746,0.0017783641815185547
246640,normal,2074,0,1782361493.5030575,0.002282857894897461
246641,normal,141,0,1782361493.5048401,0.0017826557159423828
246642,normal,454,0,1782361493.506892,0.002051830291748047
246643,normal,1097,0,1782361493.50874,0.001847982406616211
246644,normal,1216,0,1782361493.5109813,0.002241373062133789
246645,normal,1791,0,1782361493.5127344,0.001753091812133789
246646,normal,2446,0,1782361493.5149915,0.002257108688354492
246647,normal,3178,1,1782361493.516815,0.00182342529296875
246648,normal,3396,1,1782361493.5189474,0.002132415771484375
246649,normal,1557,0,1782361493.5208325,0.0018851757049560547
246650,normal,788,2,1782361493.522978,0.002145528793334961
246651,normal,2858,0,1782361493.5247927,0.0018146038055419922
246652,normal,1825,0,1782361493.5270302,0.002237558364868164
246653,normal,476,0,1782361493.5287974,0.0017671585083007812
246654,normal,3281,1,1782361493.530926,0.00212860107421875
246655,normal,3551,0,1782361493.5327375,0.0018115043640136719
246656,normal,3323,1,1782361493.5349758,0.0022382736206054688
246657,normal,3617,0,1782361493.536765,0.0017893314361572266
246658,normal,3403,0,1782361493.5389004,0.0021352767944335938
246659,normal,2715,0,1782361493.5409617,0.0020613670349121094
246660,normal,1756,0,1782361493.5429213,0.001959562301635742
246661,normal,2457,0,1782361493.5451264,0.0022051334381103516
246662,normal,3426,0,1782361493.5468917,0.0017652511596679688
246663,normal,1345,1,1782361493.5489407,0.002048969268798828
246664,normal,3091,1,1782361493.5508294,0.0018887519836425781
246665,normal,3188,1,1782361493.5529816,0.0021522045135498047
246666,normal,2526,0,1782361493.5548472,0.0018656253814697266
246667,normal,2646,0,1782361493.557041,0.0021936893463134766
246668,normal,2565,0,1782361493.5587642,0.0017232894897460938
246669,normal,203,0,1782361493.5610023,0.002238035202026367
246670,normal,2942,0,1782361493.5627599,0.0017576217651367188
246671,normal,553,0,1782361493.565127,0.0023670196533203125
246672,normal,3033,0,1782361493.566753,0.0016260147094726562
246673,normal,591,0,1782361493.5688527,0.002099752426147461
246674,normal,2174,0,1782361493.5707436,0.0018908977508544922
246675,normal,2561,0,1782361493.572854,0.0021104812622070312
246676,normal,3211,1,1782361493.5747788,0.001924753189086914
246677,normal,427,0,1782361493.5774097,0.002630949020385742
246678,normal,1988,0,1782361493.5788164,0.0014066696166992188
246679,normal,1570,0,1782361493.5808632,0.002046823501586914
246680,normal,2697,0,1782361493.5827518,0.0018885135650634766
246681,normal,117,0,1782361493.5848773,0.0021255016326904297
246682,normal,3509,0,1782361493.5867991,0.0019218921661376953
246683,normal,1044,0,1782361493.5890906,0.002291440963745117
246684,normal,3436,0,1782361493.590777,0.0016863346099853516
246685,normal,2558,0,1782361493.5929668,0.0021898746490478516
246686,normal,2866,0,1782361493.594774,0.0018072128295898438
246687,normal,2994,0,1782361493.596907,0.002132892608642578
246688,normal,133,0,1782361493.598782,0.001875162124633789
246689,normal,481,0,1782361493.6009102,0.002128124237060547
246690,normal,718,0,1782361493.6028464,0.001936197280883789
246691,normal,2777,0,1782361493.6050005,0.002154111862182617
246692,normal,182,0,1782361493.606812,0.0018115043640136719
246693,normal,3130,1,1782361493.6089587,0.0021467208862304688
246694,normal,2757,0,1782361493.610899,0.0019402503967285156
246695,normal,835,2,1782361493.6127996,0.0019006729125976562
246696,normal,2442,0,1782361493.6149125,0.002112865447998047
246697,normal,2070,0,1782361493.6171217,0.002209186553955078
246698,normal,1439,0,1782361493.6188972,0.001775503158569336
246699,normal,1987,0,1782361493.6207788,0.0018815994262695312
246700,normal,2203,0,1782361493.6230137,0.002234935760498047
246701,normal,590,0,1782361493.6250644,0.002050638198852539
246702,normal,1903,0,1782361493.626785,0.0017206668853759766
246703,normal,3134,1,1782361493.6288788,0.002093791961669922
246704,normal,707,0,1782361493.630749,0.0018701553344726562
246705,normal,1364,1,1782361493.6328871,0.0021381378173828125
246706,normal,3707,0,1782361493.6349747,0.0020875930786132812
246707,normal,3294,1,1782361493.6367438,0.0017690658569335938
246708,normal,1361,1,1782361493.6389668,0.0022230148315429688
246709,normal,2839,0,1782361493.640778,0.0018112659454345703
246710,normal,3406,0,1782361493.643008,0.002229928970336914
246711,normal,737,0,1782361493.644857,0.0018489360809326172
246712,normal,3692,0,1782361493.647073,0.0022161006927490234
246713,normal,2771,0,1782361493.6487906,0.0017175674438476562
246714,normal,2445,0,1782361493.6509635,0.0021729469299316406
246715,normal,747,0,1782361493.6528783,0.0019147396087646484
246716,normal,1563,0,1782361493.654787,0.0019087791442871094
246717,normal,2585,0,1782361493.6570725,0.002285480499267578
246718,normal,2215,0,1782361493.6588871,0.0018146038055419922
246719,normal,1752,0,1782361493.660753,0.0018658638000488281
246720,normal,2775,0,1782361493.6628191,0.0020661354064941406
246721,normal,438,0,1782361493.664788,0.001968860626220703
246722,normal,3355,1,1782361493.666922,0.002134084701538086
246723,normal,956,2,1782361493.668828,0.0019059181213378906
246724,normal,661,0,1782361493.6709218,0.002093791961669922
246725,normal,989,2,1782361493.6727974,0.0018756389617919922
246726,normal,1029,2,1782361493.6748946,0.0020971298217773438
246727,normal,256,0,1782361493.6767614,0.0018668174743652344
246728,normal,74,0,1782361493.6788788,0.0021173954010009766
246729,normal,3583,0,1782361493.6808972,0.002018451690673828
246730,normal,1311,0,1782361493.6828954,0.0019981861114501953
246731,normal,3709,0,1782361493.6848135,0.0019180774688720703
246732,normal,1729,0,1782361493.6868267,0.0020132064819335938
246733,normal,2586,0,1782361493.6891253,0.002298593521118164
246734,normal,156,0,1782361493.6907856,0.0016603469848632812
246735,normal,3235,1,1782361493.692917,0.0021314620971679688
246736,normal,1354,1,1782361493.6949182,0.002001047134399414
246737,normal,1581,0,1782361493.6967683,0.001850128173828125
246738,normal,2584,0,1782361493.6988678,0.0020995140075683594
246739,normal,1102,0,1782361493.7007477,0.0018799304962158203
246740,normal,218,0,1782361493.7028656,0.0021178722381591797
246741,normal,751,0,1782361493.7047613,0.0018956661224365234
246742,normal,838,2,1782361493.7069306,0.002169370651245117
246743,normal,1457,0,1782361493.7087712,0.0018405914306640625
246744,normal,2676,0,1782361493.7109325,0.002161264419555664
246745,normal,308,0,1782361493.7128968,0.0019643306732177734
246746,normal,1186,0,1782361493.7150335,0.002136707305908203
246747,normal,1702,0,1782361493.716811,0.0017774105072021484
246748,normal,251,0,1782361493.7190237,0.0022127628326416016
246749,normal,2303,0,1782361493.720831,0.0018072128295898438
246750,normal,1063,0,1782361493.7229452,0.0021142959594726562
246751,normal,3491,0,1782361493.724723,0.0017778873443603516
246752,normal,2487,0,1782361493.726857,0.0021338462829589844
246753,normal,1803,0,1782361493.7288594,0.0020024776458740234
246754,normal,2743,0,1782361493.7308884,0.002028942108154297
246755,normal,291,0,1782361493.732875,0.0019867420196533203
246756,normal,396,0,1782361493.7348614,0.001986265182495117
246757,normal,2257,0,1782361493.736766,0.0019047260284423828
246758,normal,3319,1,1782361493.7389724,0.0022063255310058594
246759,normal,738,0,1782361493.740851,0.001878499984741211
246760,normal,3393,1,1782361493.7430387,0.0021877288818359375
246761,normal,1239,0,1782361493.745176,0.002137422561645508
246762,normal,1708,0,1782361493.7468266,0.0016505718231201172
246763,normal,3161,1,1782361493.7488842,0.0020575523376464844
246764,normal,3651,0,1782361493.7508566,0.0019724369049072266
246765,normal,2573,0,1782361493.752982,0.002125263214111328
246766,normal,1313,0,1782361493.7547615,0.0017795562744140625
246767,normal,2398,0,1782361493.7570999,0.002338409423828125
246768,normal,174,0,1782361493.7588024,0.0017025470733642578
246769,normal,2202,0,1782361493.7608733,0.002070903778076172
246770,normal,908,2,1782361493.7627387,0.001865386962890625
246771,normal,675,0,1782361493.764878,0.0021393299102783203
246772,normal,2108,0,1782361493.766796,0.0019180774688720703
246773,normal,1262,0,1782361493.7689364,0.0021402835845947266
246774,normal,1568,0,1782361493.7709877,0.0020513534545898438
246775,normal,3052,1,1782361493.7728944,0.0019066333770751953
246776,normal,3546,0,1782361493.7748249,0.0019304752349853516
246777,normal,93,0,1782361493.7769613,0.0021364688873291016
246778,normal,3292,1,1782361493.7788932,0.001931905746459961
246779,normal,3146,1,1782361493.7807868,0.0018935203552246094
246780,normal,3407,0,1782361493.7830822,0.0022954940795898438
246781,normal,821,2,1782361493.784961,0.0018787384033203125
246782,normal,1263,0,1782361493.7868447,0.0018837451934814453
246783,normal,3078,1,1782361493.7888684,0.0020236968994140625
246784,normal,1175,0,1782361493.7909212,0.002052783966064453
246785,normal,1502,0,1782361493.7929726,0.0020513534545898438
246786,normal,1805,0,1782361493.7947547,0.0017821788787841797
246787,normal,2079,0,1782361493.796869,0.0021142959594726562
246788,normal,1353,1,1782361493.7987761,0.0019071102142333984
246789,normal,1527,0,1782361493.8008997,0.002123594284057617
246790,normal,773,2,1782361493.8027654,0.0018656253814697266
246791,normal,2007,0,1782361493.8048844,0.0021190643310546875
246792,normal,3005,0,1782361493.8067536,0.00186920166015625
246793,normal,2543,0,1782361493.8088946,0.0021409988403320312
246794,normal,2876,0,1782361493.8109176,0.002022981643676758
246795,normal,450,0,1782361493.813072,0.0021543502807617188
246796,normal,2571,0,1782361493.8148615,0.0017895698547363281
246797,normal,3224,1,1782361493.8168478,0.001986265182495117
246798,normal,122,0,1782361493.8190129,0.002165079116821289
246799,normal,3679,0,1782361493.820815,0.001802206039428711
246800,normal,3620,0,1782361493.8229473,0.0021321773529052734
246801,normal,236,0,1782361493.8249693,0.0020220279693603516
246802,normal,2700,0,1782361493.8267908,0.0018215179443359375
246803,normal,975,2,1782361493.8289027,0.0021119117736816406
246804,normal,2304,0,1782361493.8307693,0.0018665790557861328
246805,normal,2937,0,1782361493.8328645,0.0020952224731445312
246806,normal,3223,1,1782361493.834777,0.0019125938415527344
246807,normal,696,0,1782361493.8370173,0.0022401809692382812
246808,normal,1308,0,1782361493.8387988,0.001781463623046875
246809,normal,2863,0,1782361493.8409708,0.0021719932556152344
246810,normal,2059,0,1782361493.8428884,0.0019176006317138672
246811,normal,3026,0,1782361493.8449936,0.002105236053466797
246812,normal,557,0,1782361493.8467705,0.0017769336700439453
246813,normal,3478,0,1782361493.8489811,0.0022106170654296875
246814,normal,1150,0,1782361493.8507445,0.0017633438110351562
246815,normal,2720,0,1782361493.8529882,0.0022437572479248047
246816,normal,2818,0,1782361493.8548224,0.0018341541290283203
246817,normal,1588,0,1782361493.8569608,0.002138376235961914
246818,normal,976,2,1782361493.8588011,0.001840353012084961
246819,normal,3131,1,1782361493.8610613,0.0022602081298828125
246820,normal,885,2,1782361493.8627715,0.0017101764678955078
246821,normal,1310,0,1782361493.8648725,0.0021009445190429688
246822,normal,152,0,1782361493.8668613,0.0019888877868652344
246823,normal,508,0,1782361493.8688715,0.0020101070404052734
246824,normal,2825,0,1782361493.8707502,0.0018787384033203125
246825,normal,919,2,1782361493.8728685,0.002118349075317383
246826,normal,1418,0,1782361493.874785,0.0019164085388183594
246827,normal,1367,1,1782361493.8771722,0.0023872852325439453
246828,normal,311,0,1782361493.8788,0.0016276836395263672
246829,normal,1704,0,1782361493.8810713,0.002271413803100586
246830,normal,260,0,1782361493.8829038,0.0018324851989746094
246831,normal,1558,0,1782361493.8849978,0.0020940303802490234
246832,normal,1523,0,1782361493.8868117,0.0018138885498046875
246833,normal,3311,1,1782361493.8890033,0.0021915435791015625
246834,normal,2501,0,1782361493.8908548,0.0018515586853027344
246835,normal,3009,0,1782361493.8930988,0.0022439956665039062
246836,normal,3493,0,1782361493.8947568,0.0016579627990722656
246837,normal,1926,0,1782361493.8969615,0.0022046566009521484
246838,normal,1636,0,1782361493.8987641,0.001802682876586914
246839,normal,3553,0,1782361493.900929,0.0021648406982421875
246840,normal,2493,0,1782361493.9028747,0.0019457340240478516
246841,normal,1972,0,1782361493.904875,0.0020003318786621094
246842,normal,1125,0,1782361493.906757,0.0018820762634277344
246843,normal,3373,1,1782361493.9089746,0.002217531204223633
246844,normal,2849,0,1782361493.9107678,0.0017931461334228516
246845,normal,3157,1,1782361493.9136171,0.0028493404388427734
246846,normal,3302,1,1782361493.915055,0.0014379024505615234
246847,normal,2047,0,1782361493.9167833,0.0017282962799072266
246848,normal,160,0,1782361493.91888,0.0020966529846191406
246849,normal,587,0,1782361493.9208877,0.002007722854614258
246850,normal,2317,0,1782361493.9229105,0.0020227432250976562
246851,normal,3037,0,1782361493.9249408,0.0020303726196289062
246852,normal,268,0,1782361493.926908,0.001967191696166992
246853,normal,871,2,1782361493.928874,0.0019659996032714844
246854,normal,716,0,1782361493.9307609,0.0018868446350097656
246855,normal,3057,1,1782361493.932993,0.002232074737548828
246856,normal,426,0,1782361493.9347827,0.0017898082733154297
246857,normal,46,0,1782361493.9369023,0.0021195411682128906
246858,normal,3236,1,1782361493.9388413,0.0019390583038330078
246859,normal,1938,0,1782361493.941049,0.0022077560424804688
246860,normal,1283,0,1782361493.9428012,0.0017521381378173828
246861,normal,2243,0,1782361493.944957,0.002155780792236328
246862,normal,1971,0,1782361493.9469125,0.0019555091857910156
246863,normal,941,2,1782361493.94883,0.0019173622131347656
246864,normal,539,0,1782361493.9508736,0.0020437240600585938
246865,normal,1761,0,1782361493.953295,0.0024213790893554688
246866,normal,2082,0,1782361493.9549274,0.0016324520111083984
246867,normal,1559,0,1782361493.9568107,0.0018832683563232422
246868,normal,2635,0,1782361493.959051,0.0022401809692382812
246869,normal,364,0,1782361493.9623346,0.0032837390899658203
246870,normal,1674,0,1782361493.9629917,0.0006570816040039062
246871,normal,361,0,1782361493.9647996,0.0018079280853271484
246872,normal,1094,0,1782361493.9669468,0.002147197723388672
246873,normal,2656,0,1782361493.9687634,0.0018165111541748047
246874,normal,2745,0,1782361493.9708917,0.0021283626556396484
246875,normal,1679,0,1782361493.972781,0.0018892288208007812
246876,normal,3351,1,1782361493.9748874,0.0021064281463623047
246877,normal,3697,0,1782361493.9767582,0.001870870590209961
246878,normal,822,2,1782361493.9788644,0.002106189727783203
246879,normal,1180,0,1782361493.9807746,0.0019102096557617188
246880,normal,936,2,1782361493.9830422,0.002267599105834961
246881,normal,1656,0,1782361493.9848597,0.001817464828491211
246882,normal,899,2,1782361493.9870381,0.0021784305572509766
246883,normal,2512,0,1782361493.9887257,0.0016875267028808594
246884,normal,1838,0,1782361493.990901,0.0021753311157226562
246885,normal,501,0,1782361493.9928105,0.001909494400024414
246886,normal,1047,0,1782361493.9949458,0.0021352767944335938
246887,normal,2476,0,1782361493.9968019,0.001856088638305664
246888,normal,934,2,1782361493.9988632,0.0020613670349121094
246889,normal,2231,0,1782361494.0007749,0.0019116401672363281
246890,normal,3515,0,1782361494.003027,0.0022521018981933594
246891,normal,258,0,1782361494.004791,0.001764059066772461
246892,normal,191,0,1782361494.0070002,0.002209186553955078
246893,normal,2294,0,1782361494.008794,0.0017938613891601562
246894,normal,638,0,1782361494.0110114,0.0022172927856445312
246895,normal,964,2,1782361494.0128922,0.0018808841705322266
246896,normal,3686,0,1782361494.014869,0.0019767284393310547
246897,normal,584,0,1782361494.0169785,0.002109527587890625
246898,normal,2290,0,1782361494.0189726,0.0019941329956054688
246899,normal,1255,0,1782361494.0208616,0.0018889904022216797
246900,normal,1528,0,1782361494.0229788,0.002117156982421875
246901,normal,3638,0,1782361494.0247996,0.0018208026885986328
246902,normal,1451,0,1782361494.027025,0.0022253990173339844
246903,normal,3647,0,1782361494.0289207,0.0018956661224365234
246904,normal,2887,0,1782361494.0309427,0.0020220279693603516
246905,normal,496,0,1782361494.032941,0.001998424530029297
246906,normal,1950,0,1782361494.0349424,0.0020012855529785156
246907,normal,2978,0,1782361494.0368254,0.0018830299377441406
246908,normal,3528,0,1782361494.039047,0.0022215843200683594
246909,normal,2391,0,1782361494.0407698,0.0017228126525878906
246910,normal,1552,0,1782361494.042972,0.002202272415161133
246911,normal,3320,1,1782361494.0449388,0.001966714859008789
246912,normal,1294,0,1782361494.0467656,0.0018267631530761719
246913,normal,2579,0,1782361494.049152,0.002386331558227539
246914,normal,2210,0,1782361494.0508444,0.0016925334930419922
246915,normal,244,0,1782361494.052962,0.002117633819580078
246916,normal,647,0,1782361494.0549257,0.0019636154174804688
246917,normal,567,0,1782361494.0570433,0.002117633819580078
246918,normal,933,2,1782361494.0587945,0.0017511844635009766
246919,normal,684,0,1782361494.0610278,0.002233266830444336
246920,normal,3084,1,1782361494.0629132,0.0018854141235351562
246921,normal,2892,0,1782361494.064921,0.002007722854614258
246922,normal,3143,1,1782361494.0667489,0.0018279552459716797
246923,normal,2641,0,1782361494.0689824,0.0022335052490234375
246924,normal,2091,0,1782361494.0707595,0.0017771720886230469
246925,normal,1561,0,1782361494.0729918,0.0022323131561279297
246926,normal,2104,0,1782361494.0749466,0.001954793930053711
246927,normal,445,0,1782361494.0768723,0.0019257068634033203
246928,normal,2372,0,1782361494.078961,0.0020885467529296875
246929,normal,2643,0,1782361494.0808659,0.0019049644470214844
246930,normal,343,0,1782361494.0829747,0.0021088123321533203
246931,normal,2688,0,1782361494.085733,0.0027582645416259766
246932,normal,1990,0,1782361494.0871372,0.0014042854309082031
246933,normal,139,0,1782361494.0888414,0.0017042160034179688
246934,normal,2877,0,1782361494.090987,0.002145528793334961
246935,normal,2625,0,1782361494.0928884,0.001901388168334961
246936,normal,1205,0,1782361494.0949962,0.002107858657836914
246937,normal,304,0,1782361494.0970368,0.0020406246185302734
246938,normal,3371,1,1782361494.0990112,0.001974344253540039
246939,normal,342,0,1782361494.1008584,0.0018472671508789062
246940,normal,3106,1,1782361494.102969,0.0021104812622070312
246941,normal,2926,0,1782361494.1048608,0.0018918514251708984
246942,normal,555,0,1782361494.1068895,0.0020287036895751953
246943,normal,1562,0,1782361494.1089892,0.002099752426147461
246944,normal,525,0,1782361494.111014,0.0020246505737304688
246945,normal,65,0,1782361494.1131685,0.0021545886993408203
246946,normal,467,0,1782361494.114923,0.0017545223236083984
246947,normal,928,2,1782361494.1169367,0.002013683319091797
246948,normal,1898,0,1782361494.119012,0.0020754337310791016
246949,normal,1033,0,1782361494.1209397,0.0019276142120361328
246950,normal,3389,1,1782361494.1227567,0.0018169879913330078
246951,normal,683,0,1782361494.1251073,0.0023505687713623047
246952,normal,388,0,1782361494.1270182,0.0019109249114990234
246953,normal,1272,0,1782361494.1288042,0.0017859935760498047
246954,normal,3419,0,1782361494.131105,0.002300739288330078
246955,normal,3187,1,1782361494.133314,0.0022089481353759766
246956,normal,3540,0,1782361494.134797,0.0014832019805908203
246957,normal,3060,1,1782361494.136849,0.002051830291748047
246958,normal,120,0,1782361494.138752,0.0019030570983886719
246959,normal,1249,0,1782361494.1408532,0.0021011829376220703
246960,normal,2841,0,1782361494.1427693,0.0019161701202392578
246961,normal,2468,0,1782361494.1448684,0.0020990371704101562
246962,normal,2536,0,1782361494.1467612,0.0018928050994873047
246963,normal,3316,1,1782361494.1488616,0.0021004676818847656
246964,normal,406,0,1782361494.1507761,0.0019145011901855469
246965,normal,3011,0,1782361494.1529055,0.0021293163299560547
246966,normal,1918,0,1782361494.154826,0.001920461654663086
246967,normal,3329,1,1782361494.1569252,0.002099275588989258
246968,normal,1459,0,1782361494.15875,0.0018248558044433594
246969,normal,3523,0,1782361494.1608975,0.0021474361419677734
246970,normal,856,2,1782361494.1630177,0.0021202564239501953
246971,normal,3444,0,1782361494.1648583,0.0018405914306640625
246972,normal,1564,0,1782361494.1669824,0.0021240711212158203
246973,normal,50,0,1782361494.1687536,0.0017712116241455078
246974,normal,1878,0,1782361494.1708963,0.002142667770385742
246975,normal,2862,0,1782361494.1727722,0.0018758773803710938
246976,normal,3210,1,1782361494.1748972,0.0021250247955322266
246977,normal,3667,0,1782361494.176789,0.0018918514251708984
246978,normal,1392,0,1782361494.1789033,0.0021142959594726562
246979,normal,2670,0,1782361494.1810646,0.002161264419555664
246980,normal,2570,0,1782361494.182751,0.0016863346099853516
246981,normal,2583,0,1782361494.1848829,0.002131938934326172
246982,normal,534,0,1782361494.1869848,0.002101898193359375
246983,normal,580,0,1782361494.1887777,0.00179290771484375
246984,normal,1589,0,1782361494.1908786,0.0021009445190429688
246985,normal,2023,0,1782361494.1927664,0.0018877983093261719
246986,normal,1434,0,1782361494.1950333,0.0022668838500976562
246987,normal,1212,0,1782361494.1969235,0.0018901824951171875
246988,normal,2544,0,1782361494.1990612,0.0021376609802246094
246989,normal,1426,0,1782361494.2007797,0.0017185211181640625
246990,normal,1941,0,1782361494.2030208,0.0022411346435546875
246991,normal,1655,0,1782361494.204858,0.0018372535705566406
246992,normal,2019,0,1782361494.2067525,0.0018944740295410156
246993,normal,519,0,1782361494.208965,0.0022125244140625
246994,normal,489,0,1782361494.2109668,0.0020017623901367188
246995,normal,642,0,1782361494.2127519,0.0017850399017333984
246996,normal,3641,0,1782361494.2150037,0.002251863479614258
246997,normal,2211,0,1782361494.217037,0.002033233642578125
246998,normal,2879,0,1782361494.2188063,0.0017693042755126953
246999,normal,775,2,1782361494.2211456,0.0023393630981445312
247000,normal,1010,2,1782361494.222968,0.0018224716186523438
247001,normal,3013,0,1782361494.2248561,0.0018880367279052734
247002,normal,1285,0,1782361494.2269459,0.0020897388458251953
247003,normal,3671,0,1782361494.2291124,0.0021665096282958984
247004,normal,2042,0,1782361494.230906,0.0017936229705810547
247005,normal,3342,1,1782361494.2327595,0.0018534660339355469
247006,normal,3204,1,1782361494.2349656,0.002206087112426758
247007,normal,278,0,1782361494.2368412,0.0018756389617919922
247008,normal,3062,1,1782361494.238959,0.0021178722381591797
247009,normal,629,0,1782361494.2410522,0.002093076705932617
247010,normal,3310,1,1782361494.242758,0.0017058849334716797
247011,normal,229,0,1782361494.244891,0.002132892608642578
247012,normal,110,0,1782361494.2467444,0.0018534660339355469
247013,normal,1349,1,1782361494.2488527,0.002108335494995117
247014,normal,310,0,1782361494.2508538,0.002001047134399414
247015,normal,1815,0,1782361494.253437,0.0025832653045654297
247016,normal,2686,0,1782361494.255116,0.0016789436340332031
247017,normal,1879,0,1782361494.2567878,0.0016717910766601562
247018,normal,2477,0,1782361494.258866,0.0020782947540283203
247019,normal,2050,0,1782361494.2607574,0.0018913745880126953
247020,normal,652,0,1782361494.262991,0.0022335052490234375
247021,normal,1300,0,1782361494.2648597,0.0018687248229980469
247022,normal,681,0,1782361494.2670162,0.002156496047973633
247023,normal,3309,1,1782361494.2687647,0.0017485618591308594
247024,normal,1547,0,1782361494.2708704,0.002105712890625
247025,normal,16,0,1782361494.2727556,0.0018851757049560547
247026,normal,1014,2,1782361494.274867,0.0021114349365234375
247027,normal,2464,0,1782361494.2767692,0.0019021034240722656
247028,normal,166,0,1782361494.2790372,0.002268075942993164
247029,normal,2086,0,1782361494.2810054,0.0019681453704833984
247030,normal,2828,0,1782361494.2827902,0.0017848014831542969
247031,normal,205,0,1782361494.2849262,0.0021359920501708984
247032,normal,1749,0,1782361494.2869089,0.0019826889038085938
247033,normal,2295,0,1782361494.2888412,0.001932382583618164
247034,normal,2394,0,1782361494.2907403,0.0018990039825439453
247035,normal,2810,0,1782361494.2931683,0.0024280548095703125
247036,normal,3611,0,1782361494.2949653,0.0017969608306884766
247037,normal,363,0,1782361494.296814,0.0018486976623535156
247038,normal,1381,1,1782361494.2990565,0.002242565155029297
247039,normal,2305,0,1782361494.3011503,0.002093791961669922
247040,normal,3457,0,1782361494.3028193,0.0016689300537109375
247041,normal,1598,0,1782361494.3048651,0.002045869827270508
247042,normal,1086,0,1782361494.306748,0.001882791519165039
247043,normal,754,0,1782361494.3088586,0.002110719680786133
247044,normal,1969,0,1782361494.310764,0.0019054412841796875
247045,normal,2297,0,1782361494.3128707,0.0021066665649414062
247046,normal,1388,0,1782361494.3147845,0.0019137859344482422
247047,normal,2900,0,1782361494.3168774,0.0020928382873535156
247048,normal,3102,1,1782361494.3187726,0.0018951892852783203
247049,normal,3129,1,1782361494.3208997,0.0021271705627441406
247050,normal,2318,0,1782361494.3228903,0.0019905567169189453
247051,normal,61,0,1782361494.324951,0.0020606517791748047
247052,normal,2321,0,1782361494.3267474,0.0017964839935302734
247053,normal,40,0,1782361494.328901,0.002153635025024414
247054,normal,918,2,1782361494.330805,0.0019040107727050781
247055,normal,2149,0,1782361494.3329408,0.002135753631591797
247056,normal,2429,0,1782361494.3348308,0.001889944076538086
247057,normal,1042,0,1782361494.3368454,0.002014636993408203
247058,normal,2782,0,1782361494.338784,0.0019385814666748047
247059,normal,3602,0,1782361494.3407624,0.0019783973693847656
247060,normal,1871,0,1782361494.3428767,0.0021142959594726562
247061,normal,2735,0,1782361494.344786,0.0019092559814453125
247062,normal,924,2,1782361494.3469021,0.0021162033081054688
247063,normal,2551,0,1782361494.3488827,0.0019805431365966797
247064,normal,3525,0,1782361494.3509421,0.002059459686279297
247065,normal,917,2,1782361494.3527832,0.0018410682678222656
247066,normal,3045,1,1782361494.3547757,0.001992464065551758
247067,normal,1700,0,1782361494.3567243,0.0019485950469970703
247068,normal,3505,0,1782361494.3587294,0.0020051002502441406
247069,normal,2524,0,1782361494.3607807,0.0020513534545898438
247070,normal,549,0,1782361494.3627167,0.0019359588623046875
247071,normal,3043,0,1782361494.3647513,0.0020346641540527344
247072,normal,1767,0,1782361494.3668244,0.002073049545288086
247073,normal,3261,1,1782361494.3687785,0.0019540786743164062
247074,normal,3645,0,1782361494.370794,0.0020155906677246094
247075,normal,2160,0,1782361494.3728433,0.0020492076873779297
247076,normal,3470,0,1782361494.374767,0.0019237995147705078
247077,normal,2181,0,1782361494.376743,0.00197601318359375
247078,normal,2296,0,1782361494.3788362,0.002093076705932617
247079,normal,3698,0,1782361494.3807173,0.0018811225891113281
247080,normal,1609,0,1782361494.3827224,0.0020051002502441406
247081,normal,1855,0,1782361494.3847656,0.0020432472229003906
247082,normal,1288,0,1782361494.3867817,0.0020160675048828125
247083,normal,1844,0,1782361494.3887682,0.0019865036010742188
247084,normal,699,0,1782361494.3908262,0.0020580291748046875
247085,normal,2206,0,1782361494.3928225,0.001996278762817383
247086,normal,927,2,1782361494.3948727,0.002050161361694336
247087,normal,999,2,1782361494.3967776,0.0019049644470214844
247088,normal,2916,0,1782361494.3987553,0.001977682113647461
247089,normal,2588,0,1782361494.400815,0.0020596981048583984
247090,normal,318,0,1782361494.4029176,0.0021026134490966797
247091,normal,1231,0,1782361494.4047077,0.0017900466918945312
247092,normal,3658,0,1782361494.4067578,0.002050161361694336
247093,normal,3271,1,1782361494.4087555,0.001997709274291992
247094,normal,179,0,1782361494.4106967,0.0019412040710449219
247095,normal,354,0,1782361494.4128356,0.002138853073120117
247096,normal,907,2,1782361494.4147003,0.0018646717071533203
247097,normal,930,2,1782361494.4166937,0.001993417739868164
247098,normal,2280,0,1782361494.418753,0.0020592212677001953
247099,normal,2366,0,1782361494.4207518,0.0019989013671875
247100,normal,2796,0,1782361494.4229894,0.002237558364868164
247101,normal,2164,0,1782361494.4249787,0.0019893646240234375
247102,normal,3198,1,1782361494.4267247,0.0017459392547607422
247103,normal,21,0,1782361494.4287398,0.0020151138305664062
247104,normal,1332,1,1782361494.4307363,0.0019965171813964844
247105,normal,1522,0,1782361494.4327338,0.0019974708557128906
247106,normal,302,0,1782361494.4347627,0.002028942108154297
247107,normal,2746,0,1782361494.4368172,0.002054452896118164
247108,normal,1900,0,1782361494.4387655,0.0019483566284179688
247109,normal,2667,0,1782361494.4408665,0.0021009445190429688
247110,normal,3382,1,1782361494.4427593,0.0018928050994873047
247111,normal,551,0,1782361494.4449968,0.002237558364868164
247112,normal,3702,0,1782361494.4467902,0.0017933845520019531
247113,normal,726,0,1782361494.4491162,0.0023260116577148438
247114,normal,901,2,1782361494.4510415,0.0019252300262451172
247115,normal,2848,0,1782361494.4528754,0.0018339157104492188
247116,normal,769,0,1782361494.4549692,0.002093791961669922
247117,normal,2793,0,1782361494.4569263,0.0019571781158447266
247118,normal,3402,0,1782361494.4588299,0.001903533935546875
247119,normal,312,0,1782361494.460886,0.002056121826171875
247120,normal,532,0,1782361494.4630585,0.0021724700927734375
247121,normal,2899,0,1782361494.4649012,0.0018427371978759766
247122,normal,957,2,1782361494.4668298,0.001928567886352539
247123,normal,408,0,1782361494.4690273,0.0021975040435791016
247124,normal,721,0,1782361494.4710927,0.002065420150756836
247125,normal,52,0,1782361494.4728677,0.0017750263214111328
247126,normal,601,0,1782361494.4748049,0.0019371509552001953
247127,normal,1525,0,1782361494.4767466,0.001941680908203125
247128,normal,3173,1,1782361494.4788537,0.0021071434020996094
247129,normal,3653,0,1782361494.4807696,0.0019159317016601562
247130,normal,628,0,1782361494.4828773,0.0021076202392578125
247131,normal,3217,1,1782361494.48476,0.001882791519165039
247132,normal,3258,1,1782361494.486984,0.002223968505859375
247133,normal,1672,0,1782361494.488866,0.0018820762634277344
247134,normal,437,0,1782361494.4909165,0.0020503997802734375
247135,normal,190,0,1782361494.492867,0.0019505023956298828
247136,normal,2384,0,1782361494.4948425,0.001975536346435547
247137,normal,1717,0,1782361494.4968584,0.002015829086303711
247138,normal,3604,0,1782361494.4987817,0.0019233226776123047
247139,normal,768,0,1782361494.5009608,0.0021791458129882812
247140,normal,2356,0,1782361494.502817,0.001856088638305664
247141,normal,2483,0,1782361494.5049565,0.002139568328857422
247142,normal,3141,1,1782361494.506757,0.001800537109375
247143,normal,3500,0,1782361494.5088687,0.002111673355102539
247144,normal,2102,0,1782361494.5107663,0.001897573471069336
247145,normal,2075,0,1782361494.5128782,0.0021119117736816406
247146,normal,2966,0,1782361494.514764,0.0018858909606933594
247147,normal,2721,0,1782361494.5168927,0.00212860107421875
247148,normal,1851,0,1782361494.5189035,0.002010822296142578
247149,normal,3240,1,1782361494.5210266,0.002123117446899414
247150,normal,2680,0,1782361494.5230057,0.0019791126251220703
247151,normal,3566,0,1782361494.5247684,0.0017626285552978516
247152,normal,3531,0,1782361494.5269842,0.002215862274169922
247153,normal,2130,0,1782361494.528768,0.0017838478088378906
247154,normal,2168,0,1782361494.530889,0.0021209716796875
247155,normal,569,0,1782361494.5327587,0.0018696784973144531
247156,normal,1979,0,1782361494.5349865,0.002227783203125
247157,normal,1041,0,1782361494.5367973,0.0018107891082763672
247158,normal,448,0,1782361494.5390167,0.0022194385528564453
247159,normal,3246,1,1782361494.5409656,0.0019488334655761719
247160,normal,449,0,1782361494.5427806,0.0018150806427001953
247161,normal,2950,0,1782361494.544888,0.002107381820678711
247162,normal,3453,0,1782361494.546867,0.0019788742065429688
247163,normal,3080,1,1782361494.5487602,0.0018932819366455078
247164,normal,1377,1,1782361494.5509174,0.0021572113037109375
247165,normal,953,2,1782361494.552842,0.0019245147705078125
247166,normal,2444,0,1782361494.5548549,0.002012968063354492
247167,normal,814,2,1782361494.5571601,0.002305269241333008
247168,normal,1429,0,1782361494.558819,0.0016589164733886719
247169,normal,571,0,1782361494.5609584,0.0021393299102783203
247170,normal,1816,0,1782361494.5627716,0.0018131732940673828
247171,normal,2666,0,1782361494.5649686,0.0021970272064208984
247172,normal,1026,2,1782361494.5670233,0.0020546913146972656
247173,normal,189,0,1782361494.5688274,0.0018041133880615234
247174,normal,962,2,1782361494.5708883,0.0020608901977539062
247175,normal,2271,0,1782361494.5728776,0.0019893646240234375
247176,normal,2995,0,1782361494.5749516,0.002074003219604492
247177,normal,1244,0,1782361494.5767462,0.001794576644897461
247178,normal,2362,0,1782361494.5789871,0.002240896224975586
247179,normal,2474,0,1782361494.5808446,0.0018575191497802734
247180,normal,2185,0,1782361494.583104,0.0022592544555664062
247181,normal,413,0,1782361494.5847785,0.001674652099609375
247182,normal,1048,0,1782361494.5869694,0.002190828323364258
247183,normal,1467,0,1782361494.589034,0.0020647048950195312
247184,normal,2598,0,1782361494.5909538,0.0019197463989257812
247185,normal,395,0,1782361494.593315,0.0023610591888427734
247186,normal,1627,0,1782361494.5954359,0.0021209716796875
247187,normal,2555,0,1782361494.5971556,0.0017197132110595703
247188,normal,1067,0,1782361494.59892,0.001764535903930664
247189,normal,2188,0,1782361494.600878,0.0019578933715820312
247190,normal,2596,0,1782361494.602803,0.0019249916076660156
247191,normal,2575,0,1782361494.604786,0.0019829273223876953
247192,normal,910,2,1782361494.6067934,0.0020074844360351562
247193,normal,206,0,1782361494.6089215,0.002128124237060547
247194,normal,731,0,1782361494.6108084,0.0018868446350097656
247195,normal,3344,1,1782361494.6128752,0.0020668506622314453
247196,normal,2505,0,1782361494.6150973,0.0022220611572265625
247197,normal,1076,0,1782361494.6168265,0.0017292499542236328
247198,normal,1214,0,1782361494.6189444,0.0021178722381591797
247199,normal,296,0,1782361494.6208103,0.0018658638000488281
247200,normal,2094,0,1782361494.6230676,0.0022573471069335938
247201,normal,3346,1,1782361494.624922,0.0018544197082519531
247202,normal,542,0,1782361494.6269767,0.0020546913146972656
247203,normal,1185,0,1782361494.628867,0.0018901824951171875
247204,normal,2386,0,1782361494.6313908,0.0025238990783691406
247205,normal,679,0,1782361494.6328819,0.0014910697937011719
247206,normal,185,0,1782361494.6350207,0.002138853073120117
247207,normal,495,0,1782361494.6368182,0.0017974376678466797
247208,normal,1615,0,1782361494.6391158,0.002297639846801758
247209,normal,2947,0,1782361494.6410832,0.0019674301147460938
247210,normal,2355,0,1782361494.6429565,0.0018732547760009766
247211,normal,2424,0,1782361494.644823,0.0018665790557861328
247212,normal,2554,0,1782361494.647024,0.0022008419036865234
247213,normal,3165,1,1782361494.6491039,0.0020799636840820312
247214,normal,2229,0,1782361494.6508198,0.0017158985137939453
247215,normal,3237,1,1782361494.6529548,0.002135038375854492
247216,normal,3652,0,1782361494.65477,0.0018150806427001953
247217,normal,2644,0,1782361494.656949,0.0021791458129882812
247218,normal,911,2,1782361494.6588497,0.0019006729125976562
247219,normal,906,2,1782361494.6608558,0.002006053924560547
247220,normal,2497,0,1782361494.66282,0.0019643306732177734
247221,normal,913,2,1782361494.6649427,0.002122640609741211
247222,normal,75,0,1782361494.666861,0.0019183158874511719
247223,normal,3096,1,1782361494.6689367,0.002075672149658203
247224,normal,2096,0,1782361494.670897,0.001960277557373047
247225,normal,1151,0,1782361494.6729236,0.0020265579223632812
247226,normal,2200,0,1782361494.6748426,0.0019190311431884766
247227,normal,1264,0,1782361494.676982,0.0021393299102783203
247228,normal,2029,0,1782361494.6789436,0.0019617080688476562
247229,normal,201,0,1782361494.6809254,0.0019817352294921875
247230,normal,3194,1,1782361494.682901,0.001975536346435547
247231,normal,2564,0,1782361494.6848693,0.0019683837890625
247232,normal,514,0,1782361494.6870096,0.0021402835845947266
247233,normal,3135,1,1782361494.6900249,0.003015279769897461
247234,normal,2525,0,1782361494.6911178,0.0010929107666015625
247235,normal,335,0,1782361494.6931818,0.0020639896392822266
247236,normal,1431,0,1782361494.6954122,0.002230405807495117
247237,normal,2312,0,1782361494.6967864,0.0013742446899414062
247238,normal,1698,0,1782361494.6990008,0.0022144317626953125
247239,normal,759,0,1782361494.700966,0.001965045928955078
247240,normal,51,0,1782361494.703351,0.0023851394653320312
247241,normal,1385,0,1782361494.7048538,0.0015027523040771484
247242,normal,1518,0,1782361494.7069542,0.0021004676818847656
247243,normal,2888,0,1782361494.708836,0.0018818378448486328
247244,normal,1510,0,1782361494.7108388,0.002002716064453125
247245,normal,1116,0,1782361494.7129712,0.002132415771484375
247246,normal,169,0,1782361494.714819,0.0018477439880371094
247247,normal,443,0,1782361494.7169814,0.002162456512451172
247248,normal,1989,0,1782361494.7189994,0.002017974853515625
247249,normal,2760,0,1782361494.7208893,0.001889944076538086
247250,normal,1356,1,1782361494.722982,0.002092599868774414
247251,normal,1539,0,1782361494.7248385,0.0018565654754638672
247252,normal,1365,1,1782361494.7270038,0.0021653175354003906
247253,normal,1485,0,1782361494.7288363,0.0018324851989746094
247254,normal,1862,0,1782361494.731138,0.0023016929626464844
247255,normal,1783,0,1782361494.732807,0.0016689300537109375
247256,normal,2952,0,1782361494.7349894,0.002182483673095703
247257,normal,423,0,1782361494.7368753,0.0018858909606933594
247258,normal,631,0,1782361494.738931,0.002055644989013672
247259,normal,914,2,1782361494.7408848,0.0019538402557373047
247260,normal,1554,0,1782361494.74315,0.0022652149200439453
247261,normal,147,0,1782361494.7451358,0.001985788345336914
247262,normal,1731,0,1782361494.7468476,0.0017118453979492188
247263,normal,511,0,1782361494.7490048,0.0021572113037109375
247264,normal,3391,1,1782361494.750935,0.00193023681640625
247265,normal,825,2,1782361494.7531397,0.0022046566009521484
247266,normal,1306,0,1782361494.7548323,0.0016925334930419922
247267,normal,3193,1,1782361494.757138,0.002305746078491211
247268,normal,2462,0,1782361494.7590728,0.0019347667694091797
247269,normal,1601,0,1782361494.761009,0.001936197280883789
247270,normal,3151,1,1782361494.7631652,0.0021562576293945312
247271,normal,3012,0,1782361494.7648606,0.001695394515991211
247272,normal,2671,0,1782361494.7671242,0.0022635459899902344
247273,normal,2439,0,1782361494.7688694,0.0017452239990234375
247274,normal,1018,2,1782361494.7709358,0.002066373825073242
247275,normal,2844,0,1782361494.7729745,0.002038717269897461
247276,normal,1427,0,1782361494.7750888,0.0021142959594726562
247277,normal,1824,0,1782361494.7768419,0.001753091812133789
247278,normal,3277,1,1782361494.7788968,0.002054929733276367
247279,normal,3693,0,1782361494.7807658,0.0018689632415771484
247280,normal,1130,0,1782361494.7829182,0.0021524429321289062
247281,normal,2048,0,1782361494.7848816,0.001963376998901367
247282,normal,2014,0,1782361494.7868695,0.001987934112548828
247283,normal,1352,1,1782361494.7891452,0.002275705337524414
247284,normal,1740,0,1782361494.791143,0.001997709274291992
247285,normal,2241,0,1782361494.7929597,0.0018167495727539062
247286,normal,1453,0,1782361494.794777,0.0018172264099121094
247287,normal,1595,0,1782361494.7969258,0.002148866653442383
247288,normal,2298,0,1782361494.7996378,0.0027120113372802734
247289,normal,3449,0,1782361494.8010747,0.0014369487762451172
247290,normal,1373,1,1782361494.8028405,0.0017657279968261719
247291,normal,1617,0,1782361494.8052652,0.0024247169494628906
247292,normal,358,0,1782361494.8068452,0.0015799999237060547
247293,normal,1398,0,1782361494.8088248,0.0019795894622802734
247294,normal,2364,0,1782361494.8109329,0.0021080970764160156
247295,normal,552,0,1782361494.812938,0.0020051002502441406
247296,normal,3395,1,1782361494.8150754,0.002137422561645508
247297,normal,3110,1,1782361494.816805,0.0017294883728027344
247298,normal,2350,0,1782361494.818988,0.002183198928833008
247299,normal,2649,0,1782361494.8209674,0.001979351043701172
247300,normal,698,0,1782361494.8230202,0.002052783966064453
247301,normal,2033,0,1782361494.8248394,0.0018191337585449219
247302,normal,1253,0,1782361494.8270051,0.0021657943725585938
247303,normal,1006,2,1782361494.829498,0.0024929046630859375
247304,normal,2433,0,1782361494.8310604,0.001562356948852539
247305,normal,559,0,1782361494.8329709,0.0019104480743408203
247306,normal,1127,0,1782361494.835065,0.0020940303802490234
247307,normal,3036,0,1782361494.8373349,0.0022699832916259766
247308,normal,1796,0,1782361494.8389633,0.0016283988952636719
247309,normal,1363,1,1782361494.841009,0.0020456314086914062
247310,normal,2634,0,1782361494.8430362,0.002027273178100586
247311,normal,154,0,1782361494.845345,0.0023088455200195312
247312,normal,781,2,1782361494.8476024,0.0022573471069335938
247313,normal,3588,0,1782361494.8488164,0.0012140274047851562
247314,normal,3529,0,1782361494.8509173,0.0021009445190429688
247315,normal,2648,0,1782361494.8530042,0.0020868778228759766
247316,normal,3689,0,1782361494.8549485,0.0019443035125732422
247317,normal,2336,0,1782361494.8568387,0.0018901824951171875
247318,normal,272,0,1782361494.8588073,0.0019686222076416016
247319,normal,2734,0,1782361494.8607845,0.001977205276489258
247320,normal,3308,1,1782361494.862928,0.002143383026123047
247321,normal,135,0,1782361494.8647985,0.0018706321716308594
247322,normal,2171,0,1782361494.8671117,0.0023131370544433594
247323,normal,3441,0,1782361494.868993,0.0018813610076904297
247324,normal,982,2,1782361494.8709123,0.0019192695617675781
247325,normal,215,0,1782361494.872919,0.0020067691802978516
247326,normal,3666,0,1782361494.8749657,0.0020465850830078125
247327,normal,2212,0,1782361494.876883,0.0019173622131347656
247328,normal,1079,0,1782361494.8789704,0.0020873546600341797
247329,normal,3090,1,1782361494.880964,0.0019936561584472656
247330,normal,78,0,1782361494.8829372,0.0019731521606445312
247331,normal,2216,0,1782361494.8848903,0.001953125
247332,normal,3571,0,1782361494.8868842,0.001993894577026367
247333,normal,137,0,1782361494.8889523,0.002068042755126953
247334,normal,690,0,1782361494.8909197,0.0019674301147460938
247335,normal,1637,0,1782361494.8928618,0.0019421577453613281
247336,normal,1614,0,1782361494.8948197,0.0019578933715820312
247337,normal,3527,0,1782361494.8968327,0.002012968063354492
247338,normal,2357,0,1782361494.8989882,0.0021555423736572266
247339,normal,1166,0,1782361494.9009013,0.0019130706787109375
247340,normal,1447,0,1782361494.9028604,0.001959085464477539
247341,normal,2752,0,1782361494.9050972,0.0022368431091308594
247342,normal,1842,0,1782361494.9070075,0.0019102096557617188
247343,normal,2626,0,1782361494.9087942,0.0017867088317871094
247344,normal,1928,0,1782361494.9109094,0.0021152496337890625
247345,normal,167,0,1782361494.9127774,0.0018680095672607422
247346,normal,2093,0,1782361494.9149017,0.002124309539794922
247347,normal,2373,0,1782361494.9167874,0.0018856525421142578
247348,normal,1850,0,1782361494.918934,0.0021467208862304688
247349,normal,1670,0,1782361494.920967,0.0020329952239990234
247350,normal,1966,0,1782361494.9235702,0.0026030540466308594
247351,normal,1149,0,1782361494.9249647,0.001394510269165039
247352,normal,161,0,1782361494.927072,0.002107381820678711
247353,normal,1257,0,1782361494.9289498,0.0018777847290039062
247354,normal,2935,0,1782361494.9310756,0.0021257400512695312
247355,normal,332,0,1782361494.932966,0.001890420913696289
247356,normal,1474,0,1782361494.934992,0.002026081085205078
247357,normal,2334,0,1782361494.9369993,0.0020072460174560547
247358,normal,1407,0,1782361494.9387617,0.00176239013671875
247359,normal,3636,0,1782361494.9409049,0.0021431446075439453
247360,normal,912,2,1782361494.942767,0.0018620491027832031
247361,normal,3548,0,1782361494.9449563,0.0021893978118896484
247362,normal,1309,0,1782361494.9471138,0.002157449722290039
247363,normal,823,2,1782361494.9489646,0.0018508434295654297
247364,normal,865,2,1782361494.950889,0.0019245147705078125
247365,normal,1901,0,1782361494.9531014,0.0022122859954833984
247366,normal,987,2,1782361494.955089,0.0019876956939697266
247367,normal,2261,0,1782361494.957002,0.001912832260131836
247368,normal,321,0,1782361494.9590425,0.0020406246185302734
247369,normal,2538,0,1782361494.9610286,0.0019860267639160156
247370,normal,3477,0,1782361494.9629152,0.001886606216430664
247371,normal,1620,0,1782361494.96508,0.0021648406982421875
247372,normal,526,0,1782361494.9670858,0.0020058155059814453
247373,normal,99,0,1782361494.968822,0.0017361640930175781
247374,normal,2503,0,1782361494.9709013,0.0020792484283447266
247375,normal,2197,0,1782361494.972768,0.0018668174743652344
247376,normal,3156,1,1782361494.9749155,0.0021474361419677734
247377,normal,1922,0,1782361494.9767861,0.0018706321716308594
247378,normal,149,0,1782361494.979213,0.0024268627166748047
247379,normal,3637,0,1782361494.9807756,0.0015625953674316406
247380,normal,3443,0,1782361494.982901,0.0021255016326904297
247381,normal,1765,0,1782361494.9850638,0.0021626949310302734
247382,normal,649,0,1782361494.9867947,0.0017309188842773438
247383,normal,1375,1,1782361494.9889328,0.0021381378173828125
247384,normal,3544,0,1782361494.9918149,0.0028820037841796875
247385,normal,955,2,1782361494.9939797,0.0021648406982421875
247386,normal,2001,0,1782361494.995262,0.0012822151184082031
247387,normal,2035,0,1782361494.9971173,0.0018553733825683594
247388,normal,1867,0,1782361494.998807,0.0016896724700927734
247389,normal,1651,0,1782361495.0009215,0.002114534378051758
247390,normal,105,0,1782361495.0028424,0.001920938491821289
247391,normal,3582,0,1782361495.0048165,0.0019741058349609375
247392,normal,1991,0,1782361495.006992,0.002175569534301758
247393,normal,1237,0,1782361495.00918,0.002187967300415039
247394,normal,124,0,1782361495.0112388,0.002058744430541992
247395,normal,2315,0,1782361495.0128505,0.0016117095947265625
247396,normal,153,0,1782361495.0147958,0.0019452571868896484
247397,normal,1516,0,1782361495.0169036,0.002107858657836914
247398,normal,2071,0,1782361495.018778,0.0018744468688964844
247399,normal,2400,0,1782361495.0209591,0.0021810531616210938
247400,normal,2982,0,1782361495.0228171,0.0018579959869384766
247401,normal,344,0,1782361495.0252597,0.002442598342895508
247402,normal,701,0,1782361495.027175,0.0019152164459228516
247403,normal,1350,1,1782361495.028871,0.0016961097717285156
247404,normal,2473,0,1782361495.0310194,0.0021483898162841797
247405,normal,2580,0,1782361495.0331075,0.0020880699157714844
247406,normal,1545,0,1782361495.0352044,0.002096891403198242
247407,normal,2811,0,1782361495.0368743,0.0016698837280273438
247408,normal,1156,0,1782361495.038971,0.0020966529846191406
247409,normal,2799,0,1782361495.0411477,0.0021767616271972656
247410,normal,3640,0,1782361495.0430188,0.0018711090087890625
247411,normal,1828,0,1782361495.0450506,0.0020318031311035156
247412,normal,2435,0,1782361495.0467863,0.001735687255859375
247413,normal,965,2,1782361495.048988,0.0022017955780029297
247414,normal,774,2,1782361495.0513499,0.002361774444580078
247415,normal,1298,0,1782361495.0528333,0.0014834403991699219
247416,normal,2987,0,1782361495.0549736,0.0021402835845947266
247417,normal,3100,1,1782361495.0569391,0.0019655227661132812
247418,normal,1482,0,1782361495.058877,0.0019378662109375
247419,normal,347,0,1782361495.0611243,0.002247333526611328
247420,normal,1858,0,1782361495.0629184,0.0017940998077392578
247421,normal,1486,0,1782361495.0647895,0.0018711090087890625
247422,normal,3335,1,1782361495.0669005,0.0021109580993652344
247423,normal,1668,0,1782361495.06904,0.002139568328857422
247424,normal,1535,0,1782361495.070984,0.001943826675415039
247425,normal,510,0,1782361495.0730639,0.0020799636840820312
247426,normal,1343,1,1782361495.074979,0.0019152164459228516
247427,normal,1335,1,1782361495.0769582,0.0019791126251220703
247428,normal,365,0,1782361495.0789611,0.0020029544830322266
247429,normal,2859,0,1782361495.0808814,0.0019202232360839844
247430,normal,3278,1,1782361495.0828788,0.0019974708557128906
247431,normal,181,0,1782361495.0855312,0.002652406692504883
247432,normal,2722,0,1782361495.0867991,0.0012679100036621094
247433,normal,1340,1,1782361495.0889704,0.0021712779998779297
247434,normal,807,2,1782361495.0909338,0.001963376998901367
247435,normal,1424,0,1782361495.092875,0.0019412040710449219
247436,normal,2577,0,1782361495.0949488,0.0020737648010253906
247437,normal,126,0,1782361495.0968962,0.0019474029541015625
247438,normal,1904,0,1782361495.0989945,0.0020983219146728516
247439,normal,2335,0,1782361495.1009116,0.001917123794555664
247440,normal,2371,0,1782361495.1028218,0.0019102096557617188
247441,normal,3212,1,1782361495.104822,0.002000093460083008
247442,normal,1907,0,1782361495.1068068,0.001984834671020508
247443,normal,1030,0,1782361495.1089618,0.0021550655364990234
247444,normal,3511,0,1782361495.111145,0.002183198928833008
247445,normal,3295,1,1782361495.1128783,0.0017333030700683594
247446,normal,353,0,1782361495.1149447,0.002066373825073242
247447,normal,2414,0,1782361495.1168535,0.0019087791442871094
247448,normal,1098,0,1782361495.1188915,0.0020380020141601562
247449,normal,1204,0,1782361495.1209762,0.0020847320556640625
247450,normal,2834,0,1782361495.122873,0.0018968582153320312
247451,normal,1171,0,1782361495.1248581,0.0019850730895996094
247452,normal,1515,0,1782361495.1270866,0.0022284984588623047
247453,normal,409,0,1782361495.1289208,0.0018341541290283203
247454,normal,3253,1,1782361495.1308472,0.001926422119140625
247455,normal,2727,0,1782361495.132981,0.0021338462829589844
247456,normal,2316,0,1782361495.1348488,0.0018677711486816406
247457,normal,1032,0,1782361495.1368008,0.0019519329071044922
247458,normal,1155,0,1782361495.1391056,0.0023047924041748047
247459,normal,2166,0,1782361495.1409109,0.0018053054809570312
247460,normal,1657,0,1782361495.14286,0.0019490718841552734
247461,normal,904,2,1782361495.1450958,0.002235889434814453
247462,normal,1509,0,1782361495.1469598,0.0018639564514160156
247463,normal,2763,0,1782361495.1489718,0.002012014389038086
247464,normal,779,2,1782361495.1508284,0.0018565654754638672
247465,normal,2706,0,1782361495.153602,0.0027735233306884766
247466,normal,1387,0,1782361495.1549742,0.0013723373413085938
247467,normal,744,0,1782361495.1570492,0.0020749568939208984
247468,normal,632,0,1782361495.15885,0.0018007755279541016
247469,normal,383,0,1782361495.1610317,0.0021817684173583984
247470,normal,873,2,1782361495.1632972,0.002265453338623047
247471,normal,2974,0,1782361495.165093,0.0017957687377929688
247472,normal,2694,0,1782361495.1669888,0.001895904541015625
247473,normal,199,0,1782361495.168953,0.001964092254638672
247474,normal,305,0,1782361495.1710827,0.002129793167114258
247475,normal,2784,0,1782361495.173035,0.0019521713256835938
247476,normal,1699,0,1782361495.1748176,0.0017826557159423828
247477,normal,3172,1,1782361495.1769383,0.0021207332611083984
247478,normal,1754,0,1782361495.1787806,0.0018422603607177734
247479,normal,1857,0,1782361495.1807888,0.002008199691772461
247480,normal,1551,0,1782361495.1834996,0.0027108192443847656
247481,normal,3431,0,1782361495.18528,0.0017805099487304688
247482,normal,3383,1,1782361495.1869926,0.0017125606536865234
247483,normal,2264,0,1782361495.188781,0.0017883777618408203
247484,normal,603,0,1782361495.1909227,0.002141714096069336
247485,normal,673,0,1782361495.192826,0.0019032955169677734
247486,normal,639,0,1782361495.1949522,0.0021262168884277344
247487,normal,3687,0,1782361495.1967864,0.0018341541290283203
247488,normal,2080,0,1782361495.1994267,0.002640247344970703
247489,normal,1555,0,1782361495.201691,0.002264261245727539
247490,normal,2924,0,1782361495.2029943,0.0013034343719482422
247491,normal,2323,0,1782361495.204877,0.0018825531005859375
247492,normal,2654,0,1782361495.2069561,0.0020792484283447266
247493,normal,1487,0,1782361495.2088156,0.001859426498413086
247494,normal,1223,0,1782361495.2109282,0.0021126270294189453
247495,normal,2640,0,1782361495.2127924,0.0018641948699951172
247496,normal,1688,0,1782361495.2150488,0.0022563934326171875
247497,normal,1170,0,1782361495.217334,0.0022852420806884766
247498,normal,98,0,1782361495.2191253,0.001791238784790039
247499,normal,1440,0,1782361495.2209458,0.0018205642700195312
247500,normal,3199,1,1782361495.2229419,0.0019960403442382812
247501,normal,3678,0,1782361495.2249703,0.0020284652709960938
247502,normal,2633,0,1782361495.2269287,0.0019583702087402344
247503,normal,1677,0,1782361495.2290285,0.002099752426147461
247504,normal,2491,0,1782361495.2312503,0.002221822738647461
247505,normal,3163,1,1782361495.2332656,0.002015352249145508
247506,normal,3630,0,1782361495.2351213,0.001855611801147461
247507,normal,8,0,1782361495.2368424,0.0017211437225341797
247508,normal,3357,1,1782361495.2392697,0.002427339553833008
247509,normal,55,0,1782361495.2410202,0.0017504692077636719
247510,normal,230,0,1782361495.2429154,0.0018951892852783203
247511,normal,3513,0,1782361495.2449012,0.001985788345336914
247512,normal,3573,0,1782361495.246921,0.0020198822021484375
247513,normal,473,0,1782361495.2490637,0.002142667770385742
247514,normal,706,0,1782361495.2509732,0.001909494400024414
247515,normal,3502,0,1782361495.2529237,0.0019505023956298828
247516,normal,2236,0,1782361495.2549367,0.002012968063354492
247517,normal,988,2,1782361495.257031,0.002094268798828125
247518,normal,1927,0,1782361495.2591777,0.0021467208862304688
247519,normal,2161,0,1782361495.2608361,0.0016584396362304688
247520,normal,2726,0,1782361495.2628644,0.002028226852416992
247521,normal,3375,1,1782361495.2649736,0.0021092891693115234
247522,normal,47,0,1782361495.266869,0.0018954277038574219
247523,normal,3535,0,1782361495.2689238,0.0020546913146972656
247524,normal,3661,0,1782361495.270852,0.0019283294677734375
247525,normal,3388,1,1782361495.2727902,0.0019381046295166016
247526,normal,3213,1,1782361495.274972,0.0021817684173583984
247527,normal,620,0,1782361495.2768447,0.0018727779388427734
247528,normal,2639,0,1782361495.2790573,0.0022125244140625
247529,normal,659,0,1782361495.2809849,0.0019276142120361328
247530,normal,594,0,1782361495.2828362,0.0018513202667236328
247531,normal,1686,0,1782361495.2849991,0.002162933349609375
247532,normal,3139,1,1782361495.2868536,0.0018544197082519531
247533,normal,1859,0,1782361495.28898,0.002126455307006836
247534,normal,253,0,1782361495.2909365,0.001956462860107422
247535,normal,2256,0,1782361495.2929385,0.0020020008087158203
247536,normal,600,0,1782361495.2951987,0.0022602081298828125
247537,normal,3397,1,1782361495.2969017,0.001703023910522461
247538,normal,2717,0,1782361495.2987738,0.0018720626831054688
247539,normal,2338,0,1782361495.3009388,0.002165079116821289
247540,normal,1584,0,1782361495.30281,0.0018711090087890625
247541,normal,3618,0,1782361495.3048298,0.0020198822021484375
247542,normal,1192,0,1782361495.3070114,0.002181529998779297
247543,normal,3225,1,1782361495.3089955,0.001984119415283203
247544,normal,2375,0,1782361495.310886,0.001890420913696289
247545,normal,2894,0,1782361495.313112,0.002226114273071289
247546,normal,1168,0,1782361495.314993,0.0018808841705322266
247547,normal,1807,0,1782361495.316864,0.0018711090087890625
247548,normal,224,0,1782361495.318868,0.002003908157348633
247549,normal,1723,0,1782361495.3209062,0.002038240432739258
247550,normal,2087,0,1782361495.3228114,0.001905202865600586
247551,normal,1058,0,1782361495.3249996,0.0021882057189941406
247552,normal,2073,0,1782361495.3268566,0.0018570423126220703
247553,normal,545,0,1782361495.3288267,0.001970052719116211
247554,normal,115,0,1782361495.3309839,0.0021572113037109375
247555,normal,671,0,1782361495.3331776,0.0021936893463134766
247556,normal,79,0,1782361495.334826,0.0016484260559082031
247557,normal,3591,0,1782361495.3371015,0.0022754669189453125
247558,normal,1646,0,1782361495.3390272,0.0019257068634033203
247559,normal,581,0,1782361495.3409474,0.0019202232360839844
247560,normal,1323,1,1782361495.3428392,0.0018918514251708984
247561,normal,878,2,1782361495.3449965,0.0021572113037109375
247562,normal,2034,0,1782361495.3470423,0.002045869827270508
247563,normal,655,0,1782361495.3489635,0.0019211769104003906
247564,normal,1779,0,1782361495.3509057,0.0019421577453613281
247565,normal,2582,0,1782361495.3530445,0.002138853073120117
247566,normal,1073,0,1782361495.354919,0.0018744468688964844
247567,normal,959,2,1782361495.356785,0.0018661022186279297
247568,normal,660,0,1782361495.358789,0.002003908157348633
247569,normal,216,0,1782361495.3607867,0.001997709274291992
247570,normal,2645,0,1782361495.362769,0.0019822120666503906
247571,normal,3264,1,1782361495.3648214,0.0020525455474853516
247572,normal,1342,1,1782361495.3670442,0.002222776412963867
247573,normal,3390,1,1782361495.3688555,0.0018112659454345703
247574,normal,888,2,1782361495.370914,0.0020585060119628906
247575,normal,2744,0,1782361495.3730109,0.002096891403198242
247576,normal,1652,0,1782361495.3747723,0.0017614364624023438
247577,normal,1374,1,1782361495.376914,0.002141714096069336
247578,normal,984,2,1782361495.378779,0.0018649101257324219
247579,normal,523,0,1782361495.381581,0.002802133560180664
247580,normal,3034,0,1782361495.3830035,0.0014224052429199219
247581,normal,2054,0,1782361495.3849657,0.0019621849060058594
247582,normal,827,2,1782361495.386973,0.0020072460174560547
247583,normal,119,0,1782361495.3887863,0.0018134117126464844
247584,normal,204,0,1782361495.3909218,0.0021355152130126953
247585,normal,1128,0,1782361495.3927853,0.0018634796142578125
247586,normal,3564,0,1782361495.3951252,0.0023398399353027344
247587,normal,3615,0,1782361495.396939,0.0018138885498046875
247588,normal,1493,0,1782361495.3993154,0.0023763179779052734
247589,normal,1362,1,1782361495.4011068,0.0017914772033691406
247590,normal,170,0,1782361495.4028912,0.0017843246459960938
247591,normal,2786,0,1782361495.4047852,0.0018939971923828125
247592,normal,2637,0,1782361495.4069297,0.0021445751190185547
247593,normal,1829,0,1782361495.4088068,0.0018770694732666016
247594,normal,3629,0,1782361495.4110029,0.002196073532104492
247595,normal,143,0,1782361495.4129195,0.001916646957397461
247596,normal,2020,0,1782361495.4149778,0.002058267593383789
247597,normal,66,0,1782361495.4168522,0.0018744468688964844
247598,normal,724,0,1782361495.4191608,0.0023086071014404297
247599,normal,2013,0,1782361495.421455,0.0022940635681152344
247600,normal,2269,0,1782361495.422904,0.0014491081237792969
247601,normal,2409,0,1782361495.4247768,0.0018727779388427734
247602,normal,1645,0,1782361495.4269297,0.0021529197692871094
247603,normal,2169,0,1782361495.4288642,0.0019345283508300781
247604,normal,1782,0,1782361495.4310262,0.0021619796752929688
247605,normal,172,0,1782361495.4330142,0.001987934112548828
247606,normal,3148,1,1782361495.4350185,0.002004384994506836
247607,normal,3020,0,1782361495.4370542,0.0020356178283691406
247608,normal,2705,0,1782361495.4390035,0.001949310302734375
247609,normal,11,0,1782361495.440924,0.001920461654663086
247610,normal,1877,0,1782361495.442975,0.002051115036010742
247611,normal,2500,0,1782361495.44776,0.004785060882568359
247612,normal,130,0,1782361495.4478915,0.00013136863708496094
247613,normal,2404,0,1782361495.4490178,0.0011262893676757812
247614,normal,1650,0,1782361495.4509392,0.0019214153289794922
247615,normal,2838,0,1782361495.452894,0.001954793930053711
247616,normal,299,0,1782361495.4550097,0.0021157264709472656
247617,normal,3076,1,1782361495.4571543,0.0021445751190185547
247618,normal,3628,0,1782361495.4588797,0.0017254352569580078
247619,normal,1940,0,1782361495.4614334,0.002553701400756836
247620,normal,1885,0,1782361495.4627788,0.0013453960418701172
247621,normal,1683,0,1782361495.4649246,0.0021457672119140625
247622,normal,1229,0,1782361495.4668245,0.0018999576568603516
247623,normal,2615,0,1782361495.4689682,0.0021436214447021484
247624,normal,2060,0,1782361495.4709594,0.00199127197265625
247625,normal,598,0,1782361495.4728582,0.0018987655639648438
247626,normal,1184,0,1782361495.4750144,0.0021562576293945312
247627,normal,1355,1,1782361495.4771023,0.002087831497192383
247628,normal,2779,0,1782361495.4788833,0.0017809867858886719
247629,normal,1716,0,1782361495.481008,0.002124786376953125
247630,normal,2985,0,1782361495.4828854,0.0018773078918457031
247631,normal,2556,0,1782361495.484851,0.0019655227661132812
247632,normal,2332,0,1782361495.4869087,0.002057790756225586
247633,normal,2006,0,1782361495.4893208,0.002412080764770508
247634,normal,400,0,1782361495.4908986,0.0015778541564941406
247635,normal,459,0,1782361495.4930642,0.002165555953979492
247636,normal,579,0,1782361495.4949305,0.0018663406372070312
247637,normal,2768,0,1782361495.4968662,0.001935720443725586
247638,normal,1137,0,1782361495.4990554,0.002189159393310547
247639,normal,800,2,1782361495.5007925,0.0017371177673339844
247640,normal,1768,0,1782361495.5029228,0.002130270004272461
247641,normal,3416,0,1782361495.5048103,0.0018875598907470703
247642,normal,1172,0,1782361495.5069501,0.0021398067474365234
247643,normal,2730,0,1782361495.5089705,0.0020203590393066406
247644,normal,3167,1,1782361495.510863,0.0018925666809082031
247645,normal,2490,0,1782361495.5129583,0.0020952224731445312
247646,normal,1404,0,1782361495.5150568,0.002098560333251953
247647,normal,2046,0,1782361495.5169473,0.001890420913696289
247648,normal,487,0,1782361495.5190477,0.0021004676818847656
247649,normal,543,0,1782361495.5208344,0.0017867088317871094
247650,normal,1274,0,1782361495.5229664,0.002131938934326172
247651,normal,254,0,1782361495.5250528,0.0020864009857177734
247652,normal,1937,0,1782361532.10569,0.0
247653,normal,1605,0,1782361532.1076546,0.001964569091796875
247654,normal,3178,1,1782361532.1097429,0.002088308334350586
247655,normal,928,2,1782361532.1116304,0.0018875598907470703
247656,normal,430,0,1782361532.1138003,0.0021698474884033203
247657,normal,860,2,1782361532.1158347,0.002034425735473633
247658,normal,972,2,1782361532.1176417,0.0018069744110107422
247659,normal,908,2,1782361532.1197376,0.002095937728881836
247660,normal,1774,0,1782361532.1217227,0.0019850730895996094
247661,normal,897,2,1782361532.1236048,0.0018820762634277344
247662,normal,2186,0,1782361532.1257064,0.0021016597747802734
247663,normal,2514,0,1782361532.1277685,0.002062082290649414
247664,normal,3311,1,1782361532.1296382,0.0018696784973144531
247665,normal,1532,0,1782361532.1317487,0.0021104812622070312
247666,normal,300,0,1782361532.1337428,0.0019941329956054688
247667,normal,2991,0,1782361532.135649,0.0019061565399169922
247668,normal,3380,1,1782361532.1377244,0.0020754337310791016
247669,normal,1824,0,1782361532.1397133,0.0019888877868652344
247670,normal,3582,0,1782361532.1416326,0.0019192695617675781
247671,normal,3638,0,1782361532.1437142,0.002081632614135742
247672,normal,1528,0,1782361532.1459358,0.0022215843200683594
247673,normal,1601,0,1782361532.1477096,0.001773834228515625
247674,normal,2173,0,1782361532.1498961,0.0021865367889404297
247675,normal,3253,1,1782361532.1517076,0.0018115043640136719
247676,normal,2652,0,1782361532.153853,0.0021452903747558594
247677,normal,57,0,1782361532.1557343,0.0018813610076904297
247678,normal,615,0,1782361532.1578896,0.002155303955078125
247679,normal,467,0,1782361532.159733,0.0018434524536132812
247680,normal,1853,0,1782361532.1619198,0.0021867752075195312
247681,normal,2441,0,1782361532.1638904,0.001970529556274414
247682,normal,2255,0,1782361532.165891,0.002000570297241211
247683,normal,1819,0,1782361532.1677473,0.0018563270568847656
247684,normal,1783,0,1782361532.1700304,0.0022830963134765625
247685,normal,948,2,1782361532.1716998,0.0016694068908691406
247686,normal,1330,1,1782361532.174014,0.002314329147338867
247687,normal,1771,0,1782361532.175879,0.0018649101257324219
247688,normal,2437,0,1782361532.1779344,0.0020554065704345703
247689,normal,3150,1,1782361532.179897,0.0019626617431640625
247690,normal,3153,1,1782361532.1820664,0.002169370651245117
247691,normal,544,0,1782361532.1837544,0.0016880035400390625
247692,normal,3052,1,1782361532.1860602,0.002305746078491211
247693,normal,2971,0,1782361532.1879406,0.0018804073333740234
247694,normal,612,0,1782361532.1899366,0.0019960403442382812
247695,normal,1578,0,1782361532.1919165,0.001979827880859375
247696,normal,391,0,1782361532.1940432,0.0021266937255859375
247697,normal,86,0,1782361532.1957512,0.0017080307006835938
247698,normal,1224,0,1782361532.1980438,0.002292633056640625
247699,normal,2305,0,1782361532.1999116,0.0018677711486816406
247700,normal,1713,0,1782361532.2017446,0.0018329620361328125
247701,normal,90,0,1782361532.2039013,0.0021567344665527344
247702,normal,670,0,1782361532.2060459,0.0021445751190185547
247703,normal,2431,0,1782361532.2076936,0.0016477108001708984
247704,normal,2835,0,1782361532.2099607,0.002267122268676758
247705,normal,3493,0,1782361532.211648,0.0016872882843017578
247706,normal,2905,0,1782361532.2137127,0.0020647048950195312
247707,normal,3352,1,1782361532.215639,0.001926422119140625
247708,normal,3659,0,1782361532.217717,0.002077817916870117
247709,normal,2223,0,1782361532.219635,0.0019180774688720703
247710,normal,749,0,1782361532.2217355,0.0021004676818847656
247711,normal,2267,0,1782361532.223718,0.001982450485229492
247712,normal,121,0,1782361532.2256353,0.0019173622131347656
247713,normal,939,2,1782361532.2277167,0.0020813941955566406
247714,normal,1607,0,1782361532.2297413,0.0020246505737304688
247715,normal,2775,0,1782361532.2316306,0.0018892288208007812
247716,normal,1139,0,1782361532.2337146,0.002084016799926758
247717,normal,847,2,1782361532.2357113,0.001996755599975586
247718,normal,1799,0,1782361532.2376359,0.0019245147705078125
247719,normal,1159,0,1782361532.2397175,0.002081632614135742
247720,normal,2022,0,1782361532.2417197,0.002002239227294922
247721,normal,1406,0,1782361532.2436414,0.0019216537475585938
247722,normal,3146,1,1782361532.2457182,0.002076864242553711
247723,normal,1443,0,1782361532.2477443,0.002026081085205078
247724,normal,1475,0,1782361532.249642,0.001897573471069336
247725,normal,2336,0,1782361532.2517173,0.0020754337310791016
247726,normal,2008,0,1782361532.2537265,0.002009153366088867
247727,normal,2343,0,1782361532.255625,0.0018985271453857422
247728,normal,413,0,1782361532.2577112,0.002086162567138672
247729,normal,402,0,1782361532.2597387,0.0020275115966796875
247730,normal,3177,1,1782361532.2616355,0.0018968582153320312
247731,normal,157,0,1782361532.263723,0.0020873546600341797
247732,normal,1871,0,1782361532.265723,0.002000093460083008
247733,normal,1916,0,1782361532.2676373,0.0019142627716064453
247734,normal,1668,0,1782361532.2697191,0.0020818710327148438
247735,normal,3241,1,1782361532.2717195,0.0020003318786621094
247736,normal,1506,0,1782361532.2736337,0.0019142627716064453
247737,normal,882,2,1782361532.2757146,0.0020809173583984375
247738,normal,2648,0,1782361532.2777126,0.0019979476928710938
247739,normal,3375,1,1782361532.2796435,0.0019309520721435547
247740,normal,3348,1,1782361532.2817156,0.0020720958709716797
247741,normal,2282,0,1782361532.2837129,0.001997232437133789
247742,normal,2402,0,1782361532.285634,0.0019211769104003906
247743,normal,3222,1,1782361532.287727,0.002093076705932617
247744,normal,963,2,1782361532.289717,0.0019898414611816406
247745,normal,2070,0,1782361532.2916358,0.001918792724609375
247746,normal,480,0,1782361532.2937179,0.0020821094512939453
247747,normal,2665,0,1782361532.295716,0.0019981861114501953
247748,normal,3576,0,1782361532.2976387,0.001922607421875
247749,normal,3605,0,1782361532.299722,0.002083301544189453
247750,normal,3260,1,1782361532.3017132,0.00199127197265625
247751,normal,2211,0,1782361532.303644,0.0019307136535644531
247752,normal,1126,0,1782361532.305712,0.002068042755126953
247753,normal,2851,0,1782361532.3077195,0.0020074844360351562
247754,normal,2423,0,1782361532.3096366,0.001917123794555664
247755,normal,3315,1,1782361532.3116984,0.0020618438720703125
247756,normal,3620,0,1782361532.313748,0.0020494461059570312
247757,normal,1180,0,1782361532.3156521,0.0019042491912841797
247758,normal,2107,0,1782361532.317648,0.0019958019256591797
247759,normal,871,2,1782361532.319743,0.0020949840545654297
247760,normal,2945,0,1782361532.3216481,0.001905202865600586
247761,normal,510,0,1782361532.323649,0.0020008087158203125
247762,normal,1074,0,1782361532.3257458,0.002096891403198242
247763,normal,568,0,1782361532.327657,0.001911163330078125
247764,normal,1844,0,1782361532.329648,0.0019910335540771484
247765,normal,1362,1,1782361532.3317456,0.002097606658935547
247766,normal,595,0,1782361532.3336504,0.0019047260284423828
247767,normal,3635,0,1782361532.3356464,0.0019960403442382812
247768,normal,3116,1,1782361532.3377423,0.002095937728881836
247769,normal,404,0,1782361532.339648,0.001905679702758789
247770,normal,2953,0,1782361532.341645,0.0019969940185546875
247771,normal,3474,0,1782361532.34375,0.0021049976348876953
247772,normal,3512,0,1782361532.3456492,0.0018992424011230469
247773,normal,2493,0,1782361532.3476446,0.0019953250885009766
247774,normal,1893,0,1782361532.3498883,0.0022437572479248047
247775,normal,1479,0,1782361532.351774,0.0018856525421142578
247776,normal,1388,0,1782361532.3539307,0.0021567344665527344
247777,normal,1026,2,1782361532.3557186,0.0017879009246826172
247778,normal,2798,0,1782361532.3578858,0.002167224884033203
247779,normal,1003,2,1782361532.359736,0.001850128173828125
247780,normal,2476,0,1782361532.3618946,0.002158641815185547
247781,normal,3402,0,1782361532.363699,0.001804351806640625
247782,normal,2663,0,1782361532.3658974,0.002198457717895508
247783,normal,2481,0,1782361532.3678966,0.0019991397857666016
247784,normal,3285,1,1782361532.3696992,0.001802682876586914
247785,normal,1162,0,1782361532.3719013,0.0022020339965820312
247786,normal,3458,0,1782361532.3738956,0.0019943714141845703
247787,normal,752,0,1782361532.3756983,0.001802682876586914
247788,normal,3228,1,1782361532.3778949,0.0021965503692626953
247789,normal,2754,0,1782361532.37989,0.001995086669921875
247790,normal,1599,0,1782361532.3817084,0.0018184185028076172
247791,normal,2116,0,1782361532.3839066,0.0021982192993164062
247792,normal,1505,0,1782361532.3858957,0.001989126205444336
247793,normal,2390,0,1782361532.387699,0.0018031597137451172
247794,normal,3300,1,1782361532.3899052,0.0022063255310058594
247795,normal,2444,0,1782361532.3919015,0.001996278762817383
247796,normal,2411,0,1782361532.3937104,0.0018088817596435547
247797,normal,2884,0,1782361532.3959062,0.0021958351135253906
247798,normal,2396,0,1782361532.3977165,0.001810312271118164
247799,normal,2521,0,1782361532.3998547,0.0021381378173828125
247800,normal,3097,1,1782361532.4017673,0.0019125938415527344
247801,normal,43,0,1782361532.4038975,0.002130270004272461
247802,normal,1788,0,1782361532.405713,0.0018155574798583984
247803,normal,647,0,1782361532.4079082,0.002195119857788086
247804,normal,2852,0,1782361532.4098966,0.0019884109497070312
247805,normal,2325,0,1782361532.4117088,0.0018122196197509766
247806,normal,2762,0,1782361532.4139426,0.002233743667602539
247807,normal,3105,1,1782361532.4157095,0.0017669200897216797
247808,normal,1531,0,1782361532.4178524,0.0021429061889648438
247809,normal,540,0,1782361532.4199412,0.002088785171508789
247810,normal,2375,0,1782361532.4216979,0.0017566680908203125
247811,normal,3392,1,1782361532.4238558,0.002157926559448242
247812,normal,2786,0,1782361532.4257488,0.0018930435180664062
247813,normal,2210,0,1782361532.4279,0.0021512508392333984
247814,normal,1105,0,1782361532.4297004,0.0018002986907958984
247815,normal,531,0,1782361532.4319112,0.002210855484008789
247816,normal,3136,1,1782361532.4338863,0.0019750595092773438
247817,normal,2117,0,1782361532.4357004,0.001814126968383789
247818,normal,2959,0,1782361532.4378896,0.002189159393310547
247819,normal,3347,1,1782361532.4398658,0.0019762516021728516
247820,normal,507,0,1782361532.4416974,0.0018315315246582031
247821,normal,1452,0,1782361532.4439108,0.0022134780883789062
247822,normal,989,2,1782361532.4458842,0.001973390579223633
247823,normal,2670,0,1782361532.447698,0.0018138885498046875
247824,normal,2387,0,1782361532.4499094,0.002211332321166992
247825,normal,1622,0,1782361532.4518867,0.001977205276489258
247826,normal,3171,1,1782361532.453699,0.0018124580383300781
247827,normal,2947,0,1782361532.4559088,0.0022096633911132812
247828,normal,2513,0,1782361532.457922,0.0020132064819335938
247829,normal,1234,0,1782361532.4597118,0.0017898082733154297
247830,normal,729,0,1782361532.4619546,0.0022428035736083984
247831,normal,2704,0,1782361532.4637191,0.001764535903930664
247832,normal,1161,0,1782361532.4658957,0.002176523208618164
247833,normal,3525,0,1782361532.4677522,0.0018565654754638672
247834,normal,1327,1,1782361532.4698987,0.002146482467651367
247835,normal,2592,0,1782361532.4717329,0.0018341541290283203
247836,normal,1130,0,1782361532.4738936,0.002160787582397461
247837,normal,1723,0,1782361532.4758968,0.002003192901611328
247838,normal,412,0,1782361532.4777133,0.0018165111541748047
247839,normal,1218,0,1782361532.4798877,0.00217437744140625
247840,normal,2694,0,1782361532.4818885,0.0020008087158203125
247841,normal,2846,0,1782361532.4837475,0.0018589496612548828
247842,normal,2880,0,1782361532.4858985,0.002151012420654297
247843,normal,1093,0,1782361532.4879,0.002001523971557617
247844,normal,2898,0,1782361532.4897108,0.0018107891082763672
247845,normal,3398,1,1782361532.4918869,0.002176046371459961
247846,normal,2697,0,1782361532.4938822,0.0019953250885009766
247847,normal,3217,1,1782361532.4957435,0.0018613338470458984
247848,normal,3231,1,1782361532.4979875,0.0022439956665039062
247849,normal,3003,0,1782361532.4997115,0.0017240047454833984
247850,normal,1027,2,1782361532.5018847,0.002173185348510742
247851,normal,1907,0,1782361532.5037525,0.0018677711486816406
247852,normal,1603,0,1782361532.5059018,0.002149343490600586
247853,normal,2996,0,1782361532.5077102,0.0018084049224853516
247854,normal,298,0,1782361532.5098886,0.0021784305572509766
247855,normal,333,0,1782361532.5118759,0.0019872188568115234
247856,normal,2232,0,1782361532.51371,0.0018341541290283203
247857,normal,603,0,1782361532.5159097,0.0021996498107910156
247858,normal,3053,1,1782361532.5178895,0.001979827880859375
247859,normal,3685,0,1782361532.519714,0.0018246173858642578
247860,normal,2815,0,1782361532.5219054,0.002191305160522461
247861,normal,877,2,1782361532.5238755,0.001970052719116211
247862,normal,2840,0,1782361532.5257096,0.0018341541290283203
247863,normal,1041,0,1782361532.5279322,0.0022225379943847656
247864,normal,2537,0,1782361532.5299013,0.0019690990447998047
247865,normal,3172,1,1782361532.53173,0.0018286705017089844
247866,normal,583,0,1782361532.533899,0.0021691322326660156
247867,normal,1969,0,1782361532.5358973,0.0019981861114501953
247868,normal,1777,0,1782361532.5377102,0.0018129348754882812
247869,normal,3099,1,1782361532.5398793,0.0021691322326660156
247870,normal,1163,0,1782361532.5418963,0.0020170211791992188
247871,normal,1732,0,1782361532.543713,0.0018167495727539062
247872,normal,2837,0,1782361532.5458872,0.0021741390228271484
247873,normal,1772,0,1782361532.5479028,0.0020155906677246094
247874,normal,1739,0,1782361532.549747,0.001844167709350586
247875,normal,3298,1,1782361532.5517864,0.0020394325256347656
247876,normal,3201,1,1782361532.5536911,0.0019047260284423828
247877,normal,9,0,1782361532.5556803,0.001989126205444336
247878,normal,378,0,1782361532.5576844,0.0020041465759277344
247879,normal,3356,1,1782361532.559748,0.0020635128021240234
247880,normal,1489,0,1782361532.561928,0.0021800994873046875
247881,normal,484,0,1782361532.563769,0.0018410682678222656
247882,normal,1811,0,1782361532.5657685,0.001999378204345703
247883,normal,2638,0,1782361532.567945,0.002176523208618164
247884,normal,1981,0,1782361532.569757,0.001811981201171875
247885,normal,1157,0,1782361532.5718474,0.0020904541015625
247886,normal,3598,0,1782361532.5737565,0.001909017562866211
247887,normal,2825,0,1782361532.5757673,0.002010822296142578
247888,normal,2394,0,1782361532.5778458,0.002078533172607422
247889,normal,2084,0,1782361532.5797734,0.0019276142120361328
247890,normal,1848,0,1782361532.5818956,0.002122163772583008
247891,normal,168,0,1782361532.5838552,0.001959562301635742
247892,normal,3498,0,1782361532.5856578,0.001802682876586914
247893,normal,790,2,1782361532.5879135,0.002255678176879883
247894,normal,164,0,1782361532.5898497,0.001936197280883789
247895,normal,289,0,1782361532.5917523,0.0019025802612304688
247896,normal,1827,0,1782361532.5938923,0.002140045166015625
247897,normal,557,0,1782361532.595888,0.001995563507080078
247898,normal,1905,0,1782361532.5977564,0.0018684864044189453
247899,normal,3463,0,1782361532.599808,0.0020515918731689453
247900,normal,1215,0,1782361532.6018841,0.0020761489868164062
247901,normal,2763,0,1782361532.6037517,0.001867532730102539
247902,normal,191,0,1782361532.605896,0.002144336700439453
247903,normal,2179,0,1782361532.6078851,0.001989126205444336
247904,normal,3497,0,1782361532.6098454,0.001960277557373047
247905,normal,2422,0,1782361532.6119192,0.0020737648010253906
247906,normal,674,0,1782361532.6138601,0.0019409656524658203
247907,normal,2982,0,1782361532.6157641,0.0019040107727050781
247908,normal,1337,1,1782361532.6179209,0.0021567344665527344
247909,normal,3307,1,1782361532.6198926,0.001971721649169922
247910,normal,637,0,1782361532.6217732,0.001880645751953125
247911,normal,1201,0,1782361532.6238976,0.002124309539794922
247912,normal,880,2,1782361532.6258817,0.001984119415283203
247913,normal,2195,0,1782361532.6277552,0.0018734931945800781
247914,normal,100,0,1782361532.629886,0.002130746841430664
247915,normal,879,2,1782361532.6318805,0.001994609832763672
247916,normal,2524,0,1782361532.6337445,0.0018639564514160156
247917,normal,2,0,1782361532.6358674,0.0021228790283203125
247918,normal,2891,0,1782361532.6378715,0.0020041465759277344
247919,normal,1761,0,1782361532.6397552,0.0018837451934814453
247920,normal,505,0,1782361532.6418765,0.0021212100982666016
247921,normal,2145,0,1782361532.6438718,0.0019953250885009766
247922,normal,3306,1,1782361532.6457512,0.0018794536590576172
247923,normal,3529,0,1782361532.6490302,0.003278970718383789
247924,normal,3189,1,1782361532.6499357,0.0009055137634277344
247925,normal,1181,0,1782361532.6517494,0.001813650131225586
247926,normal,235,0,1782361532.6537635,0.00201416015625
247927,normal,2048,0,1782361532.6559262,0.0021626949310302734
247928,normal,2177,0,1782361532.65774,0.0018138885498046875
247929,normal,2809,0,1782361532.6597626,0.0020225048065185547
247930,normal,3065,1,1782361532.661884,0.002121448516845703
247931,normal,835,2,1782361532.6636934,0.0018093585968017578
247932,normal,1866,0,1782361532.6657517,0.002058267593383789
247933,normal,3230,1,1782361532.6678917,0.002140045166015625
247934,normal,566,0,1782361532.6697,0.00180816650390625
247935,normal,130,0,1782361532.671757,0.0020570755004882812
247936,normal,2003,0,1782361532.6738987,0.002141714096069336
247937,normal,1579,0,1782361532.6757429,0.001844167709350586
247938,normal,1363,1,1782361532.6777556,0.0020127296447753906
247939,normal,1654,0,1782361532.6799874,0.0022318363189697266
247940,normal,1876,0,1782361532.6816955,0.0017080307006835938
247941,normal,771,0,1782361532.683623,0.0019276142120361328
247942,normal,599,0,1782361532.685804,0.002180814743041992
247943,normal,1453,0,1782361532.6878307,0.002026796340942383
247944,normal,892,2,1782361532.6896157,0.0017850399017333984
247945,normal,594,0,1782361532.6920617,0.0024459362030029297
247946,normal,2112,0,1782361532.693699,0.0016372203826904297
247947,normal,2606,0,1782361532.6957085,0.0020096302032470703
247948,normal,1272,0,1782361532.6979375,0.002228975296020508
247949,normal,855,2,1782361532.6996193,0.0016818046569824219
247950,normal,451,0,1782361532.701695,0.002075672149658203
247951,normal,3485,0,1782361532.703801,0.0021059513092041016
247952,normal,2414,0,1782361532.7058315,0.002030611038208008
247953,normal,2987,0,1782361532.7076209,0.0017893314361572266
247954,normal,2301,0,1782361532.709737,0.0021162033081054688
247955,normal,945,2,1782361532.7118387,0.0021016597747802734
247956,normal,3698,0,1782361532.713622,0.0017833709716796875
247957,normal,747,0,1782361532.7158568,0.0022346973419189453
247958,normal,3589,0,1782361532.7176998,0.0018429756164550781
247959,normal,3532,0,1782361532.7198603,0.0021605491638183594
247960,normal,807,2,1782361532.7218626,0.002002239227294922
247961,normal,3180,1,1782361532.7237053,0.0018427371978759766
247962,normal,162,0,1782361532.725885,0.0021796226501464844
247963,normal,2650,0,1782361532.727895,0.0020101070404052734
247964,normal,3675,0,1782361532.7297091,0.001814126968383789
247965,normal,3078,1,1782361532.7318718,0.0021626949310302734
247966,normal,1120,0,1782361532.7338722,0.0020003318786621094
247967,normal,1261,0,1782361532.7357047,0.0018324851989746094
247968,normal,1615,0,1782361532.737857,0.0021524429321289062
247969,normal,154,0,1782361532.7398744,0.0020172595977783203
247970,normal,175,0,1782361532.7417161,0.0018417835235595703
247971,normal,2973,0,1782361532.7439044,0.0021882057189941406
247972,normal,1565,0,1782361532.745853,0.0019485950469970703
247973,normal,2010,0,1782361532.74771,0.0018570423126220703
247974,normal,2544,0,1782361532.7498624,0.0021524429321289062
247975,normal,1999,0,1782361532.7518647,0.002002239227294922
247976,normal,2843,0,1782361532.7537096,0.0018448829650878906
247977,normal,858,2,1782361532.755898,0.002188444137573242
247978,normal,481,0,1782361532.7579336,0.0020356178283691406
247979,normal,3616,0,1782361532.7596903,0.0017566680908203125
247980,normal,2723,0,1782361532.7618887,0.002198457717895508
247981,normal,1346,1,1782361532.763863,0.001974344253540039
247982,normal,3621,0,1782361532.7657778,0.0019147396087646484
247983,normal,1864,0,1782361532.7678688,0.002090930938720703
247984,normal,1979,0,1782361532.769874,0.002005338668823242
247985,normal,852,2,1782361532.77172,0.0018458366394042969
247986,normal,1753,0,1782361532.7739058,0.002185821533203125
247987,normal,1845,0,1782361532.7759318,0.002026081085205078
247988,normal,2813,0,1782361532.7777545,0.0018227100372314453
247989,normal,3609,0,1782361532.7801073,0.0023527145385742188
247990,normal,1931,0,1782361532.7819242,0.0018169879913330078
247991,normal,677,0,1782361532.7838988,0.0019745826721191406
247992,normal,1296,0,1782361532.7859716,0.0020728111267089844
247993,normal,3210,1,1782361532.7880714,0.002099752426147461
247994,normal,3379,1,1782361532.789758,0.0016865730285644531
247995,normal,3074,1,1782361532.792112,0.002354145050048828
247996,normal,2562,0,1782361532.7939267,0.0018146038055419922
247997,normal,2988,0,1782361532.7959034,0.0019767284393310547
247998,normal,1957,0,1782361532.797965,0.002061605453491211
247999,normal,1911,0,1782361532.7999299,0.0019648075103759766
248000,normal,277,0,1782361532.8019884,0.0020585060119628906
248001,normal,3429,0,1782361532.8038366,0.0018482208251953125
248002,normal,3644,0,1782361532.8060467,0.0022101402282714844
248003,normal,912,2,1782361532.807761,0.0017142295837402344
248004,normal,1551,0,1782361532.8099856,0.0022246837615966797
248005,normal,3148,1,1782361532.8119147,0.0019290447235107422
248006,normal,3486,0,1782361532.8139036,0.0019888877868652344
248007,normal,3319,1,1782361532.8159716,0.002068042755126953
248008,normal,1836,0,1782361532.818051,0.002079486846923828
248009,normal,262,0,1782361532.8197796,0.0017285346984863281
248010,normal,2635,0,1782361532.8218462,0.0020666122436523438
248011,normal,974,2,1782361532.82391,0.002063751220703125
248012,normal,3199,1,1782361532.8257551,0.0018451213836669922
248013,normal,2993,0,1782361532.8279133,0.0021581649780273438
248014,normal,626,0,1782361532.8298976,0.0019843578338623047
248015,normal,3144,1,1782361532.8317142,0.0018165111541748047
248016,normal,2026,0,1782361532.8339005,0.002186298370361328
248017,normal,216,0,1782361532.8358548,0.001954317092895508
248018,normal,446,0,1782361532.8377504,0.0018956661224365234
248019,normal,1873,0,1782361532.8398926,0.002142190933227539
248020,normal,346,0,1782361532.841877,0.0019843578338623047
248021,normal,1645,0,1782361532.8437488,0.0018718242645263672
248022,normal,368,0,1782361532.845893,0.0021440982818603516
248023,normal,64,0,1782361532.8478847,0.001991748809814453
248024,normal,2311,0,1782361532.8497484,0.001863718032836914
248025,normal,1005,2,1782361532.8518686,0.0021202564239501953
248026,normal,3439,0,1782361532.8538787,0.0020101070404052734
248027,normal,2963,0,1782361532.8557537,0.0018749237060546875
248028,normal,903,2,1782361532.857887,0.0021333694458007812
248029,normal,308,0,1782361532.8598747,0.0019876956939697266
248030,normal,2149,0,1782361532.8617506,0.0018758773803710938
248031,normal,3613,0,1782361532.8638694,0.002118825912475586
248032,normal,2615,0,1782361532.8658714,0.0020020008087158203
248033,normal,1372,1,1782361532.8677492,0.0018777847290039062
248034,normal,2144,0,1782361532.8698869,0.0021376609802246094
248035,normal,2074,0,1782361532.871885,0.0019981861114501953
248036,normal,3342,1,1782361532.8737605,0.0018754005432128906
248037,normal,2696,0,1782361532.8758783,0.0021178722381591797
248038,normal,1967,0,1782361532.8778698,0.0019915103912353516
248039,normal,1595,0,1782361532.8797507,0.0018808841705322266
248040,normal,1046,0,1782361532.881889,0.002138376235961914
248041,normal,1448,0,1782361532.8838592,0.001970052719116211
248042,normal,2722,0,1782361532.885748,0.0018887519836425781
248043,normal,2445,0,1782361532.887853,0.0021049976348876953
248044,normal,2681,0,1782361532.889871,0.002017974853515625
248045,normal,2370,0,1782361532.8917456,0.001874685287475586
248046,normal,353,0,1782361532.8938484,0.0021028518676757812
248047,normal,1136,0,1782361532.8958654,0.0020170211791992188
248048,normal,898,2,1782361532.8977487,0.0018832683563232422
248049,normal,3560,0,1782361532.8997245,0.0019757747650146484
248050,normal,613,0,1782361532.9019043,0.002179861068725586
248051,normal,1043,0,1782361532.9037578,0.0018534660339355469
248052,normal,3651,0,1782361532.9058769,0.0021190643310546875
248053,normal,1749,0,1782361532.907868,0.0019910335540771484
248054,normal,2942,0,1782361532.909751,0.0018830299377441406
248055,normal,3505,0,1782361532.911888,0.0021369457244873047
248056,normal,2899,0,1782361532.9138691,0.0019812583923339844
248057,normal,2822,0,1782361532.915845,0.0019757747650146484
248058,normal,1273,0,1782361532.917879,0.0020341873168945312
248059,normal,1624,0,1782361532.919878,0.0019989013671875
248060,normal,593,0,1782361532.9217513,0.0018732547760009766
248061,normal,2279,0,1782361532.9238794,0.002128124237060547
248062,normal,225,0,1782361532.9258692,0.0019898414611816406
248063,normal,1948,0,1782361532.92775,0.0018808841705322266
248064,normal,1417,0,1782361532.929892,0.0021419525146484375
248065,normal,2834,0,1782361532.931872,0.001979827880859375
248066,normal,851,2,1782361532.9337525,0.001880645751953125
248067,normal,743,0,1782361532.9358835,0.0021309852600097656
248068,normal,2196,0,1782361532.93787,0.0019865036010742188
248069,normal,2715,0,1782361532.9398444,0.001974344253540039
248070,normal,2934,0,1782361532.9418979,0.002053499221801758
248071,normal,316,0,1782361532.9438722,0.001974344253540039
248072,normal,3565,0,1782361532.9457483,0.0018761157989501953
248073,normal,2950,0,1782361532.9479017,0.0021533966064453125
248074,normal,1994,0,1782361532.9498627,0.0019609928131103516
248075,normal,1759,0,1782361532.9517648,0.0019021034240722656
248076,normal,2853,0,1782361532.9538898,0.0021250247955322266
248077,normal,3264,1,1782361532.9558713,0.001981496810913086
248078,normal,3151,1,1782361532.9578426,0.0019712448120117188
248079,normal,1641,0,1782361532.9598992,0.002056598663330078
248080,normal,3139,1,1782361532.961865,0.001965761184692383
248081,normal,1627,0,1782361532.9637525,0.0018875598907470703
248082,normal,457,0,1782361532.9658947,0.002142190933227539
248083,normal,2243,0,1782361532.9678786,0.0019838809967041016
248084,normal,1694,0,1782361532.969751,0.0018723011016845703
248085,normal,2949,0,1782361532.9718976,0.0021467208862304688
248086,normal,528,0,1782361532.973873,0.0019752979278564453
248087,normal,2335,0,1782361532.9757504,0.0018775463104248047
248088,normal,1897,0,1782361532.9778998,0.002149343490600586
248089,normal,2660,0,1782361532.979863,0.0019631385803222656
248090,normal,516,0,1782361532.9817524,0.0018894672393798828
248091,normal,559,0,1782361532.9838748,0.0021224021911621094
248092,normal,295,0,1782361532.985872,0.001997232437133789
248093,normal,328,0,1782361532.9877489,0.0018768310546875
248094,normal,3160,1,1782361532.989918,0.0021691322326660156
248095,normal,3183,1,1782361532.9918687,0.0019507408142089844
248096,normal,815,2,1782361532.9937477,0.001878976821899414
248097,normal,2642,0,1782361532.9959097,0.0021619796752929688
248098,normal,810,2,1782361532.9978728,0.0019631385803222656
248099,normal,2469,0,1782361532.9997418,0.0018689632415771484
248100,normal,1613,0,1782361533.0018737,0.002131938934326172
248101,normal,1686,0,1782361533.003841,0.001967191696166992
248102,normal,438,0,1782361533.005741,0.0018999576568603516
248103,normal,689,0,1782361533.0079143,0.0021734237670898438
248104,normal,1687,0,1782361533.009837,0.001922607421875
248105,normal,1317,0,1782361533.0117419,0.0019049644470214844
248106,normal,1068,0,1782361533.0138764,0.002134561538696289
248107,normal,1755,0,1782361533.015869,0.001992464065551758
248108,normal,3360,1,1782361533.0177543,0.0018854141235351562
248109,normal,1559,0,1782361533.0199118,0.002157449722290039
248110,normal,124,0,1782361533.0218756,0.0019638538360595703
248111,normal,1997,0,1782361533.023748,0.0018723011016845703
248112,normal,1519,0,1782361533.0259178,0.0021698474884033203
248113,normal,2357,0,1782361533.0278654,0.001947641372680664
248114,normal,2733,0,1782361533.0297582,0.0018928050994873047
248115,normal,1097,0,1782361533.0319173,0.00215911865234375
248116,normal,701,0,1782361533.0338573,0.001940011978149414
248117,normal,2795,0,1782361533.0357473,0.001889944076538086
248118,normal,1173,0,1782361533.037918,0.0021708011627197266
248119,normal,2568,0,1782361533.039872,0.0019538402557373047
248120,normal,3020,0,1782361533.04175,0.0018780231475830078
248121,normal,1927,0,1782361533.0439231,0.002173185348510742
248122,normal,355,0,1782361533.0458574,0.0019342899322509766
248123,normal,2808,0,1782361533.0477495,0.00189208984375
248124,normal,1758,0,1782361533.0499244,0.002174854278564453
248125,normal,992,2,1782361533.0518966,0.001972198486328125
248126,normal,1496,0,1782361533.0537484,0.001851797103881836
248127,normal,955,2,1782361533.0559258,0.0021774768829345703
248128,normal,2190,0,1782361533.0578783,0.0019524097442626953
248129,normal,3628,0,1782361533.0597503,0.0018720626831054688
248130,normal,1419,0,1782361533.0619402,0.0021898746490478516
248131,normal,0,0,1782361533.063886,0.0019457340240478516
248132,normal,2270,0,1782361533.0657492,0.001863241195678711
248133,normal,2262,0,1782361533.0678926,0.002143383026123047
248134,normal,2051,0,1782361533.0698931,0.002000570297241211
248135,normal,1449,0,1782361533.071845,0.0019519329071044922
248136,normal,410,0,1782361533.073891,0.002045869827270508
248137,normal,2632,0,1782361533.0758953,0.002004384994506836
248138,normal,3521,0,1782361533.0778353,0.001940011978149414
248139,normal,1776,0,1782361533.079891,0.002055644989013672
248140,normal,2241,0,1782361533.0818844,0.001993417739868164
248141,normal,3050,1,1782361533.0837228,0.0018384456634521484
248142,normal,711,0,1782361533.085785,0.002062082290649414
248143,normal,1729,0,1782361533.0878754,0.0020904541015625
248144,normal,686,0,1782361533.089751,0.0018756389617919922
248145,normal,3390,1,1782361533.0920234,0.002272367477416992
248146,normal,1768,0,1782361533.0938666,0.0018432140350341797
248147,normal,1087,0,1782361533.0957513,0.0018846988677978516
248148,normal,3272,1,1782361533.097847,0.0020956993103027344
248149,normal,1034,0,1782361533.1000173,0.0021703243255615234
248150,normal,3205,1,1782361533.1017344,0.0017170906066894531
248151,normal,3245,1,1782361533.1039293,0.0021948814392089844
248152,normal,74,0,1782361533.1059217,0.001992464065551758
248153,normal,1370,1,1782361533.1077425,0.0018208026885986328
248154,normal,2185,0,1782361533.1098053,0.0020627975463867188
248155,normal,1812,0,1782361533.1119273,0.0021219253540039062
248156,normal,3641,0,1782361533.1137218,0.001794576644897461
248157,normal,1951,0,1782361533.115894,0.002172231674194336
248158,normal,68,0,1782361533.11792,0.0020258426666259766
248159,normal,3303,1,1782361533.1197195,0.0017995834350585938
248160,normal,207,0,1782361533.1218913,0.002171754837036133
248161,normal,142,0,1782361533.1239169,0.002025604248046875
248162,normal,2867,0,1782361533.1257179,0.0018010139465332031
248163,normal,3008,0,1782361533.1279025,0.002184629440307617
248164,normal,352,0,1782361533.1299188,0.002016305923461914
248165,normal,1477,0,1782361533.1317203,0.0018014907836914062
248166,normal,1711,0,1782361533.1339,0.0021796226501464844
248167,normal,1488,0,1782361533.135925,0.002025127410888672
248168,normal,1582,0,1782361533.1377187,0.0017936229705810547
248169,normal,2113,0,1782361533.1399002,0.002181529998779297
248170,normal,691,0,1782361533.1419203,0.002020120620727539
248171,normal,3028,0,1782361533.14372,0.0017995834350585938
248172,normal,3587,0,1782361533.1459043,0.0021843910217285156
248173,normal,3537,0,1782361533.1477327,0.0018284320831298828
248174,normal,1900,0,1782361533.1499116,0.0021789073944091797
248175,normal,3705,0,1782361533.1517627,0.0018510818481445312
248176,normal,2499,0,1782361533.1539252,0.002162456512451172
248177,normal,2388,0,1782361533.1557193,0.0017940998077392578
248178,normal,306,0,1782361533.1579106,0.002191305160522461
248179,normal,136,0,1782361533.1597269,0.0018162727355957031
248180,normal,1239,0,1782361533.161914,0.0021872520446777344
248181,normal,2597,0,1782361533.1637673,0.0018532276153564453
248182,normal,1426,0,1782361533.1659172,0.002149820327758789
248183,normal,334,0,1782361533.1677198,0.001802682876586914
248184,normal,2258,0,1782361533.169914,0.0021941661834716797
248185,normal,2164,0,1782361533.1717427,0.0018286705017089844
248186,normal,472,0,1782361533.1739094,0.002166748046875
248187,normal,2491,0,1782361533.175772,0.0018625259399414062
248188,normal,2150,0,1782361533.1779213,0.002149343490600586
248189,normal,1106,0,1782361533.1797235,0.001802206039428711
248190,normal,92,0,1782361533.181915,0.0021915435791015625
248191,normal,1890,0,1782361533.1837354,0.0018203258514404297
248192,normal,3191,1,1782361533.1859276,0.002192258834838867
248193,normal,2495,0,1782361533.1877708,0.0018432140350341797
248194,normal,1083,0,1782361533.1899195,0.0021486282348632812
248195,normal,3015,0,1782361533.1917205,0.0018010139465332031
248196,normal,449,0,1782361533.1939225,0.0022020339965820312
248197,normal,1066,0,1782361533.1957366,0.001814126968383789
248198,normal,716,0,1782361533.1979163,0.0021796226501464844
248199,normal,1683,0,1782361533.199774,0.001857757568359375
248200,normal,1867,0,1782361533.2019227,0.0021486282348632812
248201,normal,3407,0,1782361533.2037253,0.001802682876586914
248202,normal,3522,0,1782361533.2059186,0.0021932125091552734
248203,normal,1992,0,1782361533.2077377,0.0018191337585449219
248204,normal,2666,0,1782361533.2099092,0.0021715164184570312
248205,normal,2102,0,1782361533.2117748,0.0018656253814697266
248206,normal,3161,1,1782361533.2139058,0.0021309852600097656
248207,normal,93,0,1782361533.2157197,0.0018138885498046875
248208,normal,653,0,1782361533.2179186,0.002198934555053711
248209,normal,513,0,1782361533.2197342,0.0018155574798583984
248210,normal,2625,0,1782361533.2219784,0.002244234085083008
248211,normal,3566,0,1782361533.2237775,0.0017991065979003906
248212,normal,2328,0,1782361533.2259214,0.00214385986328125
248213,normal,1802,0,1782361533.2277179,0.0017964839935302734
248214,normal,2728,0,1782361533.2299187,0.0022008419036865234
248215,normal,1818,0,1782361533.2319238,0.0020051002502441406
248216,normal,3100,1,1782361533.2337189,0.001795053482055664
248217,normal,1666,0,1782361533.235931,0.002212047576904297
248218,normal,2705,0,1782361533.2379124,0.001981496810913086
248219,normal,1427,0,1782361533.2397213,0.0018088817596435547
248220,normal,1010,2,1782361533.2419157,0.0021944046020507812
248221,normal,2998,0,1782361533.2439234,0.002007722854614258
248222,normal,1412,0,1782361533.245719,0.0017955303192138672
248223,normal,2617,0,1782361533.2478976,0.002178668975830078
248224,normal,1197,0,1782361533.2510424,0.0031447410583496094
248225,normal,230,0,1782361533.2520523,0.0010099411010742188
248226,normal,853,2,1782361533.253774,0.0017216205596923828
248227,normal,266,0,1782361533.2560449,0.002270936965942383
248228,normal,2931,0,1782361533.2577221,0.0016772747039794922
248229,normal,1079,0,1782361533.2599359,0.002213716506958008
248230,normal,2764,0,1782361533.2617593,0.00182342529296875
248231,normal,3657,0,1782361533.2639208,0.0021615028381347656
248232,normal,452,0,1782361533.2657206,0.0017998218536376953
248233,normal,2527,0,1782361533.267933,0.0022122859954833984
248234,normal,1552,0,1782361533.2697234,0.0017905235290527344
248235,normal,3225,1,1782361533.271911,0.002187490463256836
248236,normal,2151,0,1782361533.2739305,0.002019643783569336
248237,normal,239,0,1782361533.275724,0.0017933845520019531
248238,normal,1983,0,1782361533.2779076,0.002183675765991211
248239,normal,1996,0,1782361533.2799153,0.002007722854614258
248240,normal,1423,0,1782361533.2817268,0.0018115043640136719
248241,normal,94,0,1782361533.2839105,0.002183675765991211
248242,normal,1044,0,1782361533.285951,0.002040386199951172
248243,normal,139,0,1782361533.2877214,0.0017704963684082031
248244,normal,710,0,1782361533.2899148,0.002193450927734375
248245,normal,377,0,1782361533.2919264,0.002011537551879883
248246,normal,1651,0,1782361533.293717,0.0017905235290527344
248247,normal,1667,0,1782361533.2959278,0.002210855484008789
248248,normal,832,2,1782361533.297899,0.0019712448120117188
248249,normal,1618,0,1782361533.2997196,0.0018205642700195312
248250,normal,1889,0,1782361533.3017306,0.0020110607147216797
248251,normal,420,0,1782361533.303929,0.002198457717895508
248252,normal,426,0,1782361533.3057184,0.0017893314361572266
248253,normal,2433,0,1782361533.3079207,0.002202272415161133
248254,normal,1042,0,1782361533.309909,0.0019884109497070312
248255,normal,703,0,1782361533.3117216,0.0018124580383300781
248256,normal,3437,0,1782361533.31392,0.002198457717895508
248257,normal,3421,0,1782361533.3159082,0.0019881725311279297
248258,normal,280,0,1782361533.3177207,0.0018124580383300781
248259,normal,1594,0,1782361533.3199248,0.0022041797637939453
248260,normal,543,0,1782361533.3219228,0.0019979476928710938
248261,normal,1574,0,1782361533.323723,0.0018002986907958984
248262,normal,223,0,1782361533.3259249,0.0022017955780029297
248263,normal,2229,0,1782361533.3279254,0.002000570297241211
248264,normal,2148,0,1782361533.3297203,0.0017948150634765625
248265,normal,3329,1,1782361533.3319304,0.0022101402282714844
248266,normal,152,0,1782361533.3339224,0.0019919872283935547
248267,normal,3258,1,1782361533.3357198,0.0017974376678466797
248268,normal,3026,0,1782361533.3377452,0.0020253658294677734
248269,normal,469,0,1782361533.339928,0.0021827220916748047
248270,normal,2856,0,1782361533.341726,0.0017981529235839844
248271,normal,428,0,1782361533.3439333,0.0022072792053222656
248272,normal,1727,0,1782361533.3459284,0.001995086669921875
248273,normal,113,0,1782361533.3477216,0.0017931461334228516
248274,normal,2766,0,1782361533.349787,0.002065420150756836
248275,normal,1094,0,1782361533.3517976,0.0020105838775634766
248276,normal,2052,0,1782361533.353737,0.001939535140991211
248277,normal,1963,0,1782361533.355764,0.002026796340942383
248278,normal,1770,0,1782361533.3579135,0.0021495819091796875
248279,normal,1540,0,1782361533.3597288,0.0018153190612792969
248280,normal,3412,0,1782361533.361758,0.0020291805267333984
248281,normal,1251,0,1782361533.36392,0.0021619796752929688
248282,normal,1140,0,1782361533.36572,0.0018000602722167969
248283,normal,95,0,1782361533.367892,0.0021719932556152344
248284,normal,2703,0,1782361533.3699174,0.0020253658294677734
248285,normal,1939,0,1782361533.3717208,0.0018033981323242188
248286,normal,672,0,1782361533.3738947,0.002173900604248047
248287,normal,1127,0,1782361533.3759162,0.0020215511322021484
248288,normal,2739,0,1782361533.3777194,0.0018031597137451172
248289,normal,2512,0,1782361533.3798976,0.002178192138671875
248290,normal,1831,0,1782361533.3819034,0.0020058155059814453
248291,normal,3599,0,1782361533.383835,0.0019316673278808594
248292,normal,1756,0,1782361533.3858254,0.0019903182983398438
248293,normal,1953,0,1782361533.3879042,0.0020787715911865234
248294,normal,2332,0,1782361533.3897195,0.0018153190612792969
248295,normal,98,0,1782361533.3919067,0.0021872520446777344
248296,normal,21,0,1782361533.3939211,0.0020143985748291016
248297,normal,1733,0,1782361533.3957212,0.0018000602722167969
248298,normal,1942,0,1782361533.3979065,0.002185344696044922
248299,normal,3232,1,1782361533.3999262,0.002019643783569336
248300,normal,3695,0,1782361533.4017224,0.0017962455749511719
248301,normal,172,0,1782361533.403905,0.002182483673095703
248302,normal,965,2,1782361533.4059198,0.0020148754119873047
248303,normal,694,0,1782361533.40772,0.0018002986907958984
248304,normal,2628,0,1782361533.40991,0.0021898746490478516
248305,normal,1856,0,1782361533.4119253,0.002015352249145508
248306,normal,1454,0,1782361533.413725,0.0017995834350585938
248307,normal,983,2,1782361533.41591,0.0021851062774658203
248308,normal,2220,0,1782361533.417923,0.002012968063354492
248309,normal,3013,0,1782361533.4197237,0.0018007755279541016
248310,normal,3095,1,1782361533.4219127,0.0021889209747314453
248311,normal,907,2,1782361533.423917,0.002004384994506836
248312,normal,993,2,1782361533.425718,0.0018010139465332031
248313,normal,3489,0,1782361533.427916,0.0021979808807373047
248314,normal,218,0,1782361533.4299262,0.0020101070404052734
248315,normal,2438,0,1782361533.4317198,0.0017936229705810547
248316,normal,2498,0,1782361533.4339192,0.002199411392211914
248317,normal,1554,0,1782361533.4359255,0.0020062923431396484
248318,normal,1657,0,1782361533.43772,0.001794576644897461
248319,normal,2038,0,1782361533.4399202,0.0022001266479492188
248320,normal,3085,1,1782361533.4419196,0.001999378204345703
248321,normal,1012,2,1782361533.443718,0.001798391342163086
248322,normal,27,0,1782361533.44592,0.0022020339965820312
248323,normal,3508,0,1782361533.4479187,0.0019986629486083984
248324,normal,2273,0,1782361533.4497206,0.0018019676208496094
248325,normal,3535,0,1782361533.4519203,0.0021996498107910156
248326,normal,2747,0,1782361533.4539196,0.001999378204345703
248327,normal,1435,0,1782361533.455719,0.0017993450164794922
248328,normal,857,2,1782361533.4579206,0.002201557159423828
248329,normal,3629,0,1782361533.4599202,0.0019996166229248047
248330,normal,1602,0,1782361533.4617202,0.0018000602722167969
248331,normal,901,2,1782361533.4639263,0.002206087112426758
248332,normal,3012,0,1782361533.4659195,0.0019931793212890625
248333,normal,3387,1,1782361533.4677186,0.0017991065979003906
248334,normal,3446,0,1782361533.4699326,0.0022139549255371094
248335,normal,1099,0,1782361533.4719148,0.0019822120666503906
248336,normal,141,0,1782361533.4737172,0.0018024444580078125
248337,normal,2918,0,1782361533.4759183,0.002201080322265625
248338,normal,2119,0,1782361533.4779162,0.0019979476928710938
248339,normal,1684,0,1782361533.4797316,0.0018153190612792969
248340,normal,1478,0,1782361533.4817576,0.002026081085205078
248341,normal,3549,0,1782361533.4840407,0.0022830963134765625
248342,normal,264,0,1782361533.4857514,0.001710653305053711
248343,normal,2157,0,1782361533.488075,0.002323627471923828
248344,normal,2684,0,1782361533.4898944,0.0018193721771240234
248345,normal,1192,0,1782361533.491917,0.0020225048065185547
248346,normal,2057,0,1782361533.4939485,0.002031564712524414
248347,normal,200,0,1782361533.4957726,0.0018241405487060547
248348,normal,1322,1,1782361533.4977634,0.001990795135498047
248349,normal,138,0,1782361533.4999208,0.002157449722290039
248350,normal,1259,0,1782361533.5020375,0.002116680145263672
248351,normal,173,0,1782361533.5037425,0.0017049312591552734
248352,normal,3541,0,1782361533.5060785,0.0023360252380371094
248353,normal,2290,0,1782361533.5078883,0.001809835433959961
248354,normal,1541,0,1782361533.5099125,0.0020241737365722656
248355,normal,3526,0,1782361533.5119574,0.0020449161529541016
248356,normal,2706,0,1782361533.5139675,0.0020101070404052734
248357,normal,3424,0,1782361533.5159333,0.001965761184692383
248358,normal,2391,0,1782361533.5179513,0.002017974853515625
248359,normal,2065,0,1782361533.5198996,0.0019483566284179688
248360,normal,663,0,1782361533.521998,0.0020983219146728516
248361,normal,2700,0,1782361533.523792,0.0017940998077392578
248362,normal,464,0,1782361533.5257509,0.0019588470458984375
248363,normal,1786,0,1782361533.527699,0.0019481182098388672
248364,normal,2820,0,1782361533.5296874,0.0019884109497070312
248365,normal,2769,0,1782361533.5317633,0.0020759105682373047
248366,normal,1425,0,1782361533.5336847,0.0019214153289794922
248367,normal,228,0,1782361533.5356877,0.0020029544830322266
248368,normal,3295,1,1782361533.5377474,0.0020596981048583984
248369,normal,2078,0,1782361533.539684,0.0019366741180419922
248370,normal,2393,0,1782361533.541684,0.0019998550415039062
248371,normal,2956,0,1782361533.5437682,0.0020842552185058594
248372,normal,3000,0,1782361533.5456836,0.0019154548645019531
248373,normal,2682,0,1782361533.547685,0.0020012855529785156
248374,normal,1214,0,1782361533.5497463,0.0020613670349121094
248375,normal,1233,0,1782361533.5516825,0.001936197280883789
248376,normal,1636,0,1782361533.5536869,0.002004384994506836
248377,normal,624,0,1782361533.555763,0.0020761489868164062
248378,normal,881,2,1782361533.557794,0.002031087875366211
248379,normal,1710,0,1782361533.5596945,0.0019004344940185547
248380,normal,1730,0,1782361533.5617561,0.002061605453491211
248381,normal,1626,0,1782361533.563682,0.0019259452819824219
248382,normal,284,0,1782361533.5656822,0.002000093460083008
248383,normal,3667,0,1782361533.5677626,0.0020804405212402344
248384,normal,2788,0,1782361533.5696888,0.0019261837005615234
248385,normal,2206,0,1782361533.571682,0.0019931793212890625
248386,normal,611,0,1782361533.5737443,0.0020623207092285156
248387,normal,2090,0,1782361533.5756922,0.0019478797912597656
248388,normal,1698,0,1782361533.577683,0.001990795135498047
248389,normal,1688,0,1782361533.5797684,0.002085447311401367
248390,normal,2326,0,1782361533.5816822,0.0019137859344482422
248391,normal,2575,0,1782361533.5836878,0.0020055770874023438
248392,normal,541,0,1782361533.585758,0.002070188522338867
248393,normal,3653,0,1782361533.587692,0.001934051513671875
248394,normal,3294,1,1782361533.5896883,0.001996278762817383
248395,normal,944,2,1782361533.5917597,0.002071380615234375
248396,normal,1923,0,1782361533.5936825,0.0019228458404541016
248397,normal,170,0,1782361533.5956826,0.002000093460083008
248398,normal,3121,1,1782361533.5977445,0.0020618438720703125
248399,normal,2686,0,1782361533.5996833,0.0019388198852539062
248400,normal,3405,0,1782361533.6016831,0.0019998550415039062
248401,normal,3515,0,1782361533.6037595,0.002076387405395508
248402,normal,2780,0,1782361533.6056836,0.0019240379333496094
248403,normal,2246,0,1782361533.6077154,0.0020318031311035156
248404,normal,1740,0,1782361533.6098888,0.0021734237670898438
248405,normal,3278,1,1782361533.611878,0.001989126205444336
248406,normal,792,2,1782361533.6138551,0.001977205276489258
248407,normal,395,0,1782361533.615839,0.0019838809967041016
248408,normal,673,0,1782361533.6177468,0.0019078254699707031
248409,normal,2662,0,1782361533.6198304,0.0020835399627685547
248410,normal,2707,0,1782361533.6218565,0.002026081085205078
248411,normal,1803,0,1782361533.623753,0.0018966197967529297
248412,normal,3076,1,1782361533.6258557,0.0021026134490966797
248413,normal,2307,0,1782361533.627848,0.0019922256469726562
248414,normal,1070,0,1782361533.6297445,0.0018966197967529297
248415,normal,2984,0,1782361533.6318572,0.0021126270294189453
248416,normal,77,0,1782361533.6338472,0.001990079879760742
248417,normal,2799,0,1782361533.635749,0.001901865005493164
248418,normal,3696,0,1782361533.637861,0.0021119117736816406
248419,normal,1252,0,1782361533.6398633,0.002002239227294922
248420,normal,1450,0,1782361533.6417427,0.0018794536590576172
248421,normal,2288,0,1782361533.643856,0.00211334228515625
248422,normal,234,0,1782361533.6458478,0.001991748809814453
248423,normal,1141,0,1782361533.6477444,0.0018966197967529297
248424,normal,203,0,1782361533.6498652,0.0021207332611083984
248425,normal,896,2,1782361533.6518366,0.0019714832305908203
248426,normal,2395,0,1782361533.6537488,0.0019121170043945312
248427,normal,3488,0,1782361533.6558728,0.0021240711212158203
248428,normal,231,0,1782361533.6578307,0.0019578933715820312
248429,normal,2455,0,1782361533.6597447,0.0019140243530273438
248430,normal,3042,0,1782361533.6618679,0.002123117446899414
248431,normal,2049,0,1782361533.6638494,0.001981496810913086
248432,normal,150,0,1782361533.665746,0.0018966197967529297
248433,normal,2833,0,1782361533.667877,0.0021309852600097656
248434,normal,1145,0,1782361533.6697915,0.0019145011901855469
248435,normal,1998,0,1782361533.671706,0.0019145011901855469
248436,normal,260,0,1782361533.673685,0.0019791126251220703
248437,normal,1677,0,1782361533.6757607,0.002075672149658203
248438,normal,2913,0,1782361533.6776862,0.0019254684448242188
248439,normal,512,0,1782361533.679683,0.001996755599975586
248440,normal,916,2,1782361533.681712,0.002028942108154297
248441,normal,2857,0,1782361533.683684,0.001972198486328125
248442,normal,194,0,1782361533.6856844,0.0020003318786621094
248443,normal,2699,0,1782361533.6877642,0.0020797252655029297
248444,normal,2110,0,1782361533.689686,0.0019218921661376953
248445,normal,445,0,1782361533.6916971,0.0020110607147216797
248446,normal,1518,0,1782361533.693746,0.002048969268798828
248447,normal,1078,0,1782361533.6956878,0.001941680908203125
248448,normal,560,0,1782361533.6976862,0.001998424530029297
248449,normal,3687,0,1782361533.6997685,0.002082347869873047
248450,normal,2746,0,1782361533.7016895,0.001920938491821289
248451,normal,2447,0,1782361533.703684,0.001994609832763672
248452,normal,2465,0,1782361533.7057436,0.002059459686279297
248453,normal,643,0,1782361533.7076948,0.0019512176513671875
248454,normal,2506,0,1782361533.709681,0.001986265182495117
248455,normal,682,0,1782361533.7117581,0.0020771026611328125
248456,normal,3266,1,1782361533.7136884,0.00193023681640625
248457,normal,1631,0,1782361533.7156818,0.001993417739868164
248458,normal,1685,0,1782361533.717762,0.002080202102661133
248459,normal,2453,0,1782361533.719682,0.0019199848175048828
248460,normal,2479,0,1782361533.721685,0.0020029544830322266
248461,normal,2637,0,1782361533.7237587,0.0020737648010253906
248462,normal,3123,1,1782361533.725684,0.0019252300262451172
248463,normal,2916,0,1782361533.7276819,0.0019979476928710938
248464,normal,2358,0,1782361533.7297437,0.0020618438720703125
248465,normal,940,2,1782361533.7316885,0.0019447803497314453
248466,normal,1256,0,1782361533.733679,0.0019905567169189453
248467,normal,750,0,1782361533.7357643,0.0020852088928222656
248468,normal,3562,0,1782361533.7376835,0.0019192695617675781
248469,normal,2861,0,1782361533.7396846,0.002001047134399414
248470,normal,1002,2,1782361533.741743,0.0020585060119628906
248471,normal,498,0,1782361533.7436883,0.0019452571868896484
248472,normal,2709,0,1782361533.7456834,0.001995086669921875
248473,normal,2412,0,1782361533.7477582,0.002074718475341797
248474,normal,2129,0,1782361533.7496824,0.001924276351928711
248475,normal,1338,1,1782361533.7516832,0.0020008087158203125
248476,normal,1828,0,1782361533.7537427,0.002059459686279297
248477,normal,3597,0,1782361533.7556818,0.0019390583038330078
248478,normal,3596,0,1782361533.757682,0.0020003318786621094
248479,normal,454,0,1782361533.7597592,0.0020771026611328125
248480,normal,3573,0,1782361533.7616825,0.0019233226776123047
248481,normal,1054,0,1782361533.763681,0.001998424530029297
248482,normal,381,0,1782361533.7657616,0.002080678939819336
248483,normal,1022,2,1782361533.7676823,0.0019207000732421875
248484,normal,2339,0,1782361533.7696898,0.0020074844360351562
248485,normal,706,0,1782361533.7717588,0.0020689964294433594
248486,normal,2217,0,1782361533.773682,0.0019233226776123047
248487,normal,1471,0,1782361533.7756875,0.002005338668823242
248488,normal,2911,0,1782361533.777742,0.002054452896118164
248489,normal,1152,0,1782361533.7796795,0.0019376277923583984
248490,normal,2523,0,1782361533.7816818,0.002002239227294922
248491,normal,1941,0,1782361533.7837696,0.002087831497192383
248492,normal,3452,0,1782361533.785682,0.0019123554229736328
248493,normal,1164,0,1782361533.787687,0.0020051002502441406
248494,normal,3448,0,1782361533.7897432,0.002056121826171875
248495,normal,1813,0,1782361533.7916827,0.001939535140991211
248496,normal,1652,0,1782361533.7936819,0.0019991397857666016
248497,normal,2532,0,1782361533.7957594,0.0020775794982910156
248498,normal,2745,0,1782361533.7976825,0.0019230842590332031
248499,normal,2701,0,1782361533.7996814,0.0019989013671875
248500,normal,1095,0,1782361533.801769,0.0020875930786132812
248501,normal,3542,0,1782361533.8036847,0.0019156932830810547
248502,normal,1244,0,1782361533.805682,0.001997232437133789
248503,normal,954,2,1782361533.8077562,0.0020742416381835938
248504,normal,2734,0,1782361533.8096874,0.0019311904907226562
248505,normal,2748,0,1782361533.8116803,0.001992940902709961
248506,normal,3563,0,1782361533.8141232,0.0024428367614746094
248507,normal,2404,0,1782361533.8157523,0.0016291141510009766
248508,normal,1356,1,1782361533.8180432,0.002290964126586914
248509,normal,3401,1,1782361533.8198905,0.0018472671508789062
248510,normal,2005,0,1782361533.8218849,0.0019943714141845703
248511,normal,1467,0,1782361533.8239129,0.0020279884338378906
248512,normal,3645,0,1782361533.8260355,0.002122640609741211
248513,normal,23,0,1782361533.82775,0.001714468002319336
248514,normal,2278,0,1782361533.8300502,0.002300262451171875
248515,normal,2719,0,1782361533.831875,0.0018248558044433594
248516,normal,3351,1,1782361533.8338869,0.0020117759704589844
248517,normal,1019,2,1782361533.8359132,0.0020263195037841797
248518,normal,3111,1,1782361533.838016,0.0021028518676757812
248519,normal,1743,0,1782361533.8397498,0.0017337799072265625
248520,normal,1067,0,1782361533.8420763,0.002326488494873047
248521,normal,163,0,1782361533.8439035,0.001827239990234375
248522,normal,3449,0,1782361533.845921,0.002017498016357422
248523,normal,1513,0,1782361533.847931,0.002009868621826172
248524,normal,773,2,1782361533.8499203,0.0019893646240234375
248525,normal,196,0,1782361533.8528192,0.0028989315032958984
248526,normal,2257,0,1782361533.8537595,0.0009403228759765625
248527,normal,3138,1,1782361533.8560386,0.002279043197631836
248528,normal,1171,0,1782361533.8577504,0.0017118453979492188
248529,normal,359,0,1782361533.859906,0.0021555423736572266
248530,normal,415,0,1782361533.8617718,0.0018658638000488281
248531,normal,2658,0,1782361533.864027,0.0022552013397216797
248532,normal,1155,0,1782361533.8657715,0.0017445087432861328
248533,normal,1298,0,1782361533.8679006,0.002129077911376953
248534,normal,654,0,1782361533.8698857,0.0019850730895996094
248535,normal,1212,0,1782361533.8719091,0.002023458480834961
248536,normal,1972,0,1782361533.873771,0.0018618106842041016
248537,normal,2607,0,1782361533.8760362,0.0022652149200439453
248538,normal,2330,0,1782361533.8777745,0.0017383098602294922
248539,normal,2869,0,1782361533.8799715,0.0021970272064208984
248540,normal,3376,1,1782361533.881711,0.001739501953125
248541,normal,2016,0,1782361533.8838716,0.0021605491638183594
248542,normal,383,0,1782361533.885737,0.001865386962890625
248543,normal,2256,0,1782361533.8878946,0.0021576881408691406
248544,normal,1964,0,1782361533.8896904,0.0017957687377929688
248545,normal,2507,0,1782361533.8918822,0.002191781997680664
248546,normal,3117,1,1782361533.8937438,0.001861572265625
248547,normal,2006,0,1782361533.8958728,0.002129077911376953
248548,normal,545,0,1782361533.8978584,0.0019855499267578125
248549,normal,2906,0,1782361533.8997707,0.0019123554229736328
248550,normal,2917,0,1782361533.9018538,0.0020830631256103516
248551,normal,818,2,1782361533.9038746,0.0020208358764648438
248552,normal,3333,1,1782361533.9057438,0.00186920166015625
248553,normal,3080,1,1782361533.9078712,0.002127408981323242
248554,normal,3700,0,1782361533.909857,0.001985788345336914
248555,normal,2081,0,1782361533.9117453,0.001888275146484375
248556,normal,3194,1,1782361533.9138718,0.002126455307006836
248557,normal,2970,0,1782361533.9158516,0.001979827880859375
248558,normal,2572,0,1782361533.9177477,0.0018961429595947266
248559,normal,763,0,1782361533.9198725,0.002124786376953125
248560,normal,245,0,1782361533.921844,0.0019714832305908203
248561,normal,3037,0,1782361533.9238038,0.0019598007202148438
248562,normal,1463,0,1782361533.925705,0.0019011497497558594
248563,normal,1792,0,1782361533.927725,0.002020120620727539
248564,normal,1011,2,1782361533.92964,0.00191497802734375
248565,normal,1693,0,1782361533.9316266,0.0019865036010742188
248566,normal,1061,0,1782361533.9336586,0.002032041549682617
248567,normal,2591,0,1782361533.9356813,0.0020227432250976562
248568,normal,3411,0,1782361533.9376857,0.002004384994506836
248569,normal,589,0,1782361533.939719,0.002033233642578125
248570,normal,962,2,1782361533.94163,0.0019109249114990234
248571,normal,3060,1,1782361533.9436953,0.002065420150756836
248572,normal,1872,0,1782361533.9457357,0.002040386199951172
248573,normal,307,0,1782361533.9478288,0.002093076705932617
248574,normal,893,2,1782361533.9497454,0.001916646957397461
248575,normal,2529,0,1782361533.9518638,0.002118349075317383
248576,normal,2193,0,1782361533.9536994,0.0018355846405029297
248577,normal,1291,0,1782361533.9558647,0.0021653175354003906
248578,normal,3259,1,1782361533.957872,0.0020072460174560547
248579,normal,838,2,1782361533.95974,0.0018680095672607422
248580,normal,1269,0,1782361533.9619005,0.0021605491638183594
248581,normal,1073,0,1782361533.9638479,0.0019474029541015625
248582,normal,3,0,1782361533.9657493,0.001901388168334961
248583,normal,2685,0,1782361533.9679158,0.0021665096282958984
248584,normal,2751,0,1782361533.969852,0.001936197280883789
248585,normal,1151,0,1782361533.971753,0.0019009113311767578
248586,normal,1766,0,1782361533.9739306,0.002177715301513672
248587,normal,3134,1,1782361533.9758508,0.0019202232360839844
248588,normal,3108,1,1782361533.9777565,0.001905679702758789
248589,normal,62,0,1782361533.9798977,0.002141237258911133
248590,normal,1354,1,1782361533.9818451,0.0019474029541015625
248591,normal,2032,0,1782361533.983757,0.0019118785858154297
248592,normal,2418,0,1782361533.9858994,0.0021424293518066406
248593,normal,3101,1,1782361533.9878535,0.0019540786743164062
248594,normal,2385,0,1782361533.9897518,0.0018982887268066406
248595,normal,1135,0,1782361533.9919121,0.002160310745239258
248596,normal,3287,1,1782361533.9938304,0.0019183158874511719
248597,normal,780,2,1782361533.9957528,0.0019223690032958984
248598,normal,2397,0,1782361533.9979146,0.002161741256713867
248599,normal,586,0,1782361533.9998345,0.0019199848175048828
248600,normal,1704,0,1782361534.0017471,0.0019125938415527344
248601,normal,1288,0,1782361534.0037165,0.0019693374633789062
248602,normal,2033,0,1782361534.0058165,0.0020999908447265625
248603,normal,2594,0,1782361534.0077,0.0018835067749023438
248604,normal,958,2,1782361534.0099242,0.0022242069244384766
248605,normal,2158,0,1782361534.0118208,0.0018966197967529297
248606,normal,1,0,1782361534.0137768,0.0019559860229492188
248607,normal,3648,0,1782361534.015808,0.0020313262939453125
248608,normal,3185,1,1782361534.0178056,0.0019974708557128906
248609,normal,2873,0,1782361534.019897,0.0020914077758789062
248610,normal,365,0,1782361534.0219238,0.002026796340942383
248611,normal,968,2,1782361534.0238838,0.0019600391387939453
248612,normal,922,2,1782361534.02587,0.001986265182495117
248613,normal,1381,1,1782361534.0278218,0.0019516944885253906
248614,normal,1249,0,1782361534.030045,0.0022232532501220703
248615,normal,831,2,1782361534.0317624,0.0017173290252685547
248616,normal,2643,0,1782361534.0340874,0.0023250579833984375
248617,normal,1374,1,1782361534.0357752,0.001687765121459961
248618,normal,1275,0,1782361534.038079,0.0023038387298583984
248619,normal,2611,0,1782361534.0398326,0.0017535686492919922
248620,normal,465,0,1782361534.042071,0.0022385120391845703
248621,normal,2668,0,1782361534.043766,0.0016949176788330078
248622,normal,579,0,1782361534.0460944,0.0023283958435058594
248623,normal,1568,0,1782361534.0477731,0.0016787052154541016
248624,normal,3363,1,1782361534.0500743,0.0023012161254882812
248625,normal,1205,0,1782361534.051838,0.0017635822296142578
248626,normal,2838,0,1782361534.0540688,0.0022308826446533203
248627,normal,636,0,1782361534.0557714,0.0017025470733642578
248628,normal,103,0,1782361534.0580912,0.002319812774658203
248629,normal,3709,0,1782361534.0598023,0.001711130142211914
248630,normal,39,0,1782361534.0620809,0.002278566360473633
248631,normal,3623,0,1782361534.063788,0.0017070770263671875
248632,normal,870,2,1782361534.066056,0.002268075942993164
248633,normal,2892,0,1782361534.0677621,0.0017061233520507812
248634,normal,2055,0,1782361534.070067,0.0023047924041748047
248635,normal,722,0,1782361534.0717728,0.0017058849334716797
248636,normal,1917,0,1782361534.0740767,0.0023038387298583984
248637,normal,2042,0,1782361534.0757704,0.0016937255859375
248638,normal,2297,0,1782361534.0780687,0.0022983551025390625
248639,normal,1702,0,1782361534.079765,0.0016963481903076172
248640,normal,107,0,1782361534.082076,0.0023109912872314453
248641,normal,625,0,1782361534.0837548,0.0016787052154541016
248642,normal,1635,0,1782361534.0860598,0.0023050308227539062
248643,normal,398,0,1782361534.087762,0.0017023086547851562
248644,normal,2152,0,1782361534.0899777,0.0022156238555908203
248645,normal,2274,0,1782361534.091713,0.0017352104187011719
248646,normal,1672,0,1782361534.0938976,0.002184629440307617
248647,normal,1538,0,1782361534.0959232,0.002025604248046875
248648,normal,652,0,1782361534.0977514,0.0018281936645507812
248649,normal,2281,0,1782361534.0999007,0.002149343490600586
248650,normal,13,0,1782361534.1017427,0.0018420219421386719
248651,normal,2574,0,1782361534.1039045,0.002161741256713867
248652,normal,208,0,1782361534.1057622,0.001857757568359375
248653,normal,1445,0,1782361534.1079185,0.0021562576293945312
248654,normal,1986,0,1782361534.1097198,0.0018012523651123047
248655,normal,1547,0,1782361534.1119034,0.002183675765991211
248656,normal,50,0,1782361534.113925,0.0020215511322021484
248657,normal,2972,0,1782361534.1157184,0.0017933845520019531
248658,normal,964,2,1782361534.1179059,0.002187490463256836
248659,normal,1332,1,1782361534.1199207,0.0020148754119873047
248660,normal,2859,0,1782361534.1217246,0.0018038749694824219
248661,normal,1089,0,1782361534.1239111,0.0021865367889404297
248662,normal,3484,0,1782361534.125909,0.0019979476928710938
248663,normal,759,0,1782361534.1277251,0.0018160343170166016
248664,normal,1202,0,1782361534.1299117,0.0021865367889404297
248665,normal,349,0,1782361534.1319225,0.002010822296142578
248666,normal,87,0,1782361534.1337175,0.001795053482055664
248667,normal,1790,0,1782361534.1359148,0.002197265625
248668,normal,2636,0,1782361534.1379275,0.0020127296447753906
248669,normal,3513,0,1782361534.1397164,0.0017888545989990234
248670,normal,3585,0,1782361534.1419182,0.0022017955780029297
248671,normal,2737,0,1782361534.14392,0.0020017623901367188
248672,normal,309,0,1782361534.1457167,0.001796722412109375
248673,normal,2109,0,1782361534.1479197,0.0022029876708984375
248674,normal,331,0,1782361534.1499164,0.001996755599975586
248675,normal,977,2,1782361534.1518903,0.001973867416381836
248676,normal,1014,2,1782361534.1537697,0.0018794536590576172
248677,normal,3049,1,1782361534.1559198,0.0021500587463378906
248678,normal,2897,0,1782361534.157716,0.0017962455749511719
248679,normal,864,2,1782361534.1599245,0.0022084712982177734
248680,normal,291,0,1782361534.1619189,0.0019943714141845703
248681,normal,2424,0,1782361534.1637154,0.0017964839935302734
248682,normal,1345,1,1782361534.165924,0.002208709716796875
248683,normal,2800,0,1782361534.1679175,0.001993417739868164
248684,normal,1339,1,1782361534.1697514,0.0018339157104492188
248685,normal,19,0,1782361534.171764,0.002012491226196289
248686,normal,632,0,1782361534.1738787,0.0021147727966308594
248687,normal,2528,0,1782361534.1757,0.001821279525756836
248688,normal,2801,0,1782361534.1778793,0.002179384231567383
248689,normal,3384,1,1782361534.1798894,0.0020101070404052734
248690,normal,224,0,1782361534.1817472,0.001857757568359375
248691,normal,1294,0,1782361534.1838927,0.002145528793334961
248692,normal,994,2,1782361534.185712,0.0018193721771240234
248693,normal,2460,0,1782361534.1878917,0.0021796226501464844
248694,normal,575,0,1782361534.1899421,0.0020503997802734375
248695,normal,2421,0,1782361534.1920521,0.002110004425048828
248696,normal,514,0,1782361534.19375,0.0016977787017822266
248697,normal,1560,0,1782361534.1959424,0.0021924972534179688
248698,normal,3435,0,1782361534.1978831,0.0019407272338867188
248699,normal,367,0,1782361534.1998909,0.002007722854614258
248700,normal,2967,0,1782361534.2017963,0.0019054412841796875
248701,normal,2595,0,1782361534.2041185,0.0023221969604492188
248702,normal,2040,0,1782361534.2057526,0.0016341209411621094
248703,normal,2881,0,1782361534.2078106,0.0020580291748046875
248704,normal,283,0,1782361534.210061,0.0022504329681396484
248705,normal,3423,0,1782361534.2117548,0.0016937255859375
248706,normal,2729,0,1782361534.214058,0.0023031234741210938
248707,normal,399,0,1782361534.2160308,0.0019729137420654297
248708,normal,396,0,1782361534.217891,0.0018601417541503906
248709,normal,356,0,1782361534.2200155,0.0021245479583740234
248710,normal,3282,1,1782361534.2219474,0.001931905746459961
248711,normal,2483,0,1782361534.2239199,0.0019724369049072266
248712,normal,795,2,1782361534.225803,0.0018830299377441406
248713,normal,2827,0,1782361534.2280571,0.0022542476654052734
248714,normal,3454,0,1782361534.2297502,0.0016930103302001953
248715,normal,422,0,1782361534.2321007,0.0023505687713623047
248716,normal,522,0,1782361534.2339106,0.001809835433959961
248717,normal,3110,1,1782361534.2359197,0.002009153366088867
248718,normal,885,2,1782361534.237986,0.002066373825073242
248719,normal,2731,0,1782361534.2400525,0.002066373825073242
248720,normal,2363,0,1782361534.24175,0.001697540283203125
248721,normal,2331,0,1782361534.2441027,0.0023527145385742188
248722,normal,2962,0,1782361534.2459106,0.0018079280853271484
248723,normal,3255,1,1782361534.2479453,0.0020346641540527344
248724,normal,606,0,1782361534.2497272,0.0017819404602050781
248725,normal,692,0,1782361534.252029,0.0023016929626464844
248726,normal,1186,0,1782361534.253716,0.0016870498657226562
248727,normal,2474,0,1782361534.2559578,0.002241849899291992
248728,normal,229,0,1782361534.257737,0.0017790794372558594
248729,normal,705,0,1782361534.259949,0.002212047576904297
248730,normal,67,0,1782361534.2617981,0.0018491744995117188
248731,normal,143,0,1782361534.2639232,0.0021250247955322266
248732,normal,1913,0,1782361534.2657163,0.0017931461334228516
248733,normal,105,0,1782361534.267919,0.002202749252319336
248734,normal,65,0,1782361534.2699182,0.0019991397857666016
248735,normal,2377,0,1782361534.2717168,0.0017986297607421875
248736,normal,3250,1,1782361534.2739534,0.002236604690551758
248737,normal,3023,0,1782361534.2759078,0.001954317092895508
248738,normal,1091,0,1782361534.2777545,0.0018467903137207031
248739,normal,2854,0,1782361534.279952,0.0021975040435791016
248740,normal,1604,0,1782361534.281908,0.0019559860229492188
248741,normal,2488,0,1782361534.2837186,0.0018105506896972656
248742,normal,1015,2,1782361534.2859104,0.002191781997680664
248743,normal,3345,1,1782361534.2879148,0.002004384994506836
248744,normal,1690,0,1782361534.2897196,0.0018048286437988281
248745,normal,2791,0,1782361534.2919133,0.0021936893463134766
248746,normal,2227,0,1782361534.2939305,0.0020172595977783203
248747,normal,3275,1,1782361534.295721,0.0017905235290527344
248748,normal,2361,0,1782361534.2979164,0.0021953582763671875
248749,normal,3707,0,1782361534.299914,0.0019974708557128906
248750,normal,3288,1,1782361534.301717,0.0018031597137451172
248751,normal,3702,0,1782361534.3038864,0.002169370651245117
248752,normal,1575,0,1782361534.3057199,0.0018334388732910156
248753,normal,2883,0,1782361534.307639,0.0019190311431884766
248754,normal,2581,0,1782361534.3096468,0.0020079612731933594
248755,normal,1904,0,1782361534.3116357,0.0019888877868652344
248756,normal,1357,1,1782361534.3137255,0.0020897388458251953
248757,normal,3323,1,1782361534.3156273,0.001901865005493164
248758,normal,76,0,1782361534.317891,0.0022635459899902344
248759,normal,2327,0,1782361534.3196855,0.001794576644897461
248760,normal,3104,1,1782361534.3216817,0.001996278762817383
248761,normal,2790,0,1782361534.3236406,0.0019588470458984375
248762,normal,3502,0,1782361534.325607,0.0019664764404296875
248763,normal,1195,0,1782361534.3276358,0.0020287036895751953
248764,normal,2863,0,1782361534.3297129,0.0020771026611328125
248765,normal,1716,0,1782361534.3316078,0.0018949508666992188
248766,normal,755,0,1782361534.333897,0.002289295196533203
248767,normal,192,0,1782361534.3358672,0.001970052719116211
248768,normal,2184,0,1782361534.3376987,0.0018315315246582031
248769,normal,1584,0,1782361534.3398983,0.0021996498107910156
248770,normal,2269,0,1782361534.3418765,0.001978158950805664
248771,normal,2900,0,1782361534.3436894,0.0018129348754882812
248772,normal,946,2,1782361534.3459005,0.0022110939025878906
248773,normal,2509,0,1782361534.3478603,0.0019598007202148438
248774,normal,53,0,1782361534.3498476,0.0019872188568115234
248775,normal,3226,1,1782361534.351713,0.001865386962890625
248776,normal,1433,0,1782361534.3537204,0.0020074844360351562
248777,normal,2981,0,1782361534.3556366,0.0019161701202392578
248778,normal,2261,0,1782361534.3576252,0.001988649368286133
248779,normal,720,0,1782361534.3596864,0.002061128616333008
248780,normal,1037,0,1782361534.361628,0.001941680908203125
248781,normal,788,2,1782361534.3636272,0.0019991397857666016
248782,normal,1861,0,1782361534.3657038,0.0020766258239746094
248783,normal,2500,0,1782361534.367624,0.0019202232360839844
248784,normal,2978,0,1782361534.3696256,0.002001523971557617
248785,normal,3631,0,1782361534.3716817,0.002056121826171875
248786,normal,919,2,1782361534.3736243,0.0019426345825195312
248787,normal,1378,1,1782361534.375629,0.0020046234130859375
248788,normal,2868,0,1782361534.3776915,0.002062559127807617
248789,normal,80,0,1782361534.379628,0.0019364356994628906
248790,normal,3517,0,1782361534.3816264,0.001998424530029297
248791,normal,2502,0,1782361534.3836904,0.0020639896392822266
248792,normal,3607,0,1782361534.3856354,0.0019450187683105469
248793,normal,3418,0,1782361534.387623,0.0019876956939697266
248794,normal,3175,1,1782361534.389695,0.002071857452392578
248795,normal,1206,0,1782361534.3916397,0.0019447803497314453
248796,normal,2131,0,1782361534.3936288,0.001989126205444336
248797,normal,2275,0,1782361534.3956847,0.0020558834075927734
248798,normal,3618,0,1782361534.3976264,0.001941680908203125
248799,normal,2603,0,1782361534.3996277,0.0020012855529785156
248800,normal,605,0,1782361534.4016933,0.0020656585693359375
248801,normal,1473,0,1782361534.4036252,0.001931905746459961
248802,normal,681,0,1782361534.4056249,0.0019996166229248047
248803,normal,1974,0,1782361534.4076812,0.0020563602447509766
248804,normal,3524,0,1782361534.409624,0.0019428730010986328
248805,normal,3419,0,1782361534.4116235,0.001999378204345703
248806,normal,1301,0,1782361534.41371,0.002086639404296875
248807,normal,1321,1,1782361534.4156933,0.001983165740966797
248808,normal,1385,0,1782361534.4176245,0.0019311904907226562
248809,normal,61,0,1782361534.4196827,0.002058267593383789
248810,normal,3354,1,1782361534.421628,0.0019452571868896484
248811,normal,2366,0,1782361534.423623,0.001995086669921875
248812,normal,2271,0,1782361534.425712,0.0020890235900878906
248813,normal,2690,0,1782361534.4276276,0.0019154548645019531
248814,normal,774,2,1782361534.4296272,0.0019996166229248047
248815,normal,721,0,1782361534.4316819,0.0020546913146972656
248816,normal,1882,0,1782361534.43364,0.001958131790161133
248817,normal,2736,0,1782361534.4356277,0.0019876956939697266
248818,normal,1617,0,1782361534.4377024,0.002074718475341797
248819,normal,3413,0,1782361534.4396322,0.0019297599792480469
248820,normal,2428,0,1782361534.4416926,0.002060413360595703
248821,normal,1101,0,1782361534.443702,0.0020093917846679688
248822,normal,1832,0,1782361534.4456909,0.0019888877868652344
248823,normal,1371,1,1782361534.4476933,0.0020024776458740234
248824,normal,2943,0,1782361534.449719,0.002025604248046875
248825,normal,2420,0,1782361534.4527562,0.0030372142791748047
248826,normal,2265,0,1782361534.4537146,0.0009584426879882812
248827,normal,3271,1,1782361534.4557166,0.0020020008087158203
248828,normal,1428,0,1782361534.4576957,0.0019791126251220703
248829,normal,1081,0,1782361534.4596896,0.001993894577026367
248830,normal,3207,1,1782361534.461726,0.0020363330841064453
248831,normal,3147,1,1782361534.4636965,0.001970529556274414
248832,normal,846,2,1782361534.46569,0.001993417739868164
248833,normal,1950,0,1782361534.4677043,0.0020143985748291016
248834,normal,2995,0,1782361534.4696903,0.0019860267639160156
248835,normal,2440,0,1782361534.4717023,0.002012014389038086
248836,normal,1324,1,1782361534.4737265,0.0020241737365722656
248837,normal,3676,0,1782361534.475693,0.0019664764404296875
248838,normal,2224,0,1782361534.4776938,0.0020008087158203125
248839,normal,1929,0,1782361534.4797137,0.0020198822021484375
248840,normal,2496,0,1782361534.481685,0.0019712448120117188
248841,normal,1480,0,1782361534.4837904,0.0021054744720458984
248842,normal,3548,0,1782361534.4857268,0.0019364356994628906
248843,normal,1976,0,1782361534.4876935,0.001966714859008789
248844,normal,679,0,1782361534.489694,0.002000570297241211
248845,normal,2188,0,1782361534.4918647,0.002170562744140625
248846,normal,1111,0,1782361534.4936898,0.001825094223022461
248847,normal,1030,0,1782361534.495687,0.001997232437133789
248848,normal,2855,0,1782361534.4977586,0.0020716190338134766
248849,normal,318,0,1782361534.499689,0.0019304752349853516
248850,normal,1807,0,1782361534.5018203,0.002131223678588867
248851,normal,148,0,1782361534.503747,0.0019266605377197266
248852,normal,770,0,1782361534.505696,0.0019490718841552734
248853,normal,3440,0,1782361534.5076852,0.001989126205444336
248854,normal,2204,0,1782361534.5097594,0.0020742416381835938
248855,normal,2062,0,1782361534.5117033,0.001943826675415039
248856,normal,1100,0,1782361534.5136876,0.0019843578338623047
248857,normal,1460,0,1782361534.515739,0.0020513534545898438
248858,normal,267,0,1782361534.5176866,0.001947641372680664
248859,normal,1662,0,1782361534.5196815,0.0019948482513427734
248860,normal,1165,0,1782361534.5217657,0.0020842552185058594
248861,normal,848,2,1782361534.5236907,0.0019249916076660156
248862,normal,764,0,1782361534.5256822,0.0019915103912353516
248863,normal,1143,0,1782361534.5277405,0.002058267593383789
248864,normal,3394,1,1782361534.5296886,0.0019481182098388672
248865,normal,2376,0,1782361534.5316837,0.001995086669921875
248866,normal,1637,0,1782361534.5337522,0.0020685195922851562
248867,normal,2253,0,1782361534.5356903,0.0019381046295166016
248868,normal,1643,0,1782361534.5376816,0.00199127197265625
248869,normal,3461,0,1782361534.539736,0.002054452896118164
248870,normal,1036,0,1782361534.5416873,0.0019512176513671875
248871,normal,805,2,1782361534.5436888,0.002001523971557617
248872,normal,1348,1,1782361534.5457458,0.0020570755004882812
248873,normal,2622,0,1782361534.5476928,0.0019469261169433594
248874,normal,1638,0,1782361534.5496912,0.001998424530029297
248875,normal,2961,0,1782361534.5517285,0.0020372867584228516
248876,normal,1436,0,1782361534.5536516,0.0019230842590332031
248877,normal,33,0,1782361534.5556848,0.002033233642578125
248878,normal,1504,0,1782361534.5577464,0.002061605453491211
248879,normal,2011,0,1782361534.5596895,0.0019431114196777344
248880,normal,3082,1,1782361534.5616813,0.001991748809814453
248881,normal,1319,1,1782361534.5637455,0.002064228057861328
248882,normal,3087,1,1782361534.5656948,0.001949310302734375
248883,normal,3273,1,1782361534.567706,0.0020112991333007812
248884,normal,2997,0,1782361534.569751,0.0020449161529541016
248885,normal,981,2,1782361534.5716894,0.0019383430480957031
248886,normal,714,0,1782361534.5736809,0.0019915103912353516
248887,normal,1583,0,1782361534.5757368,0.0020558834075927734
248888,normal,3608,0,1782361534.5776868,0.0019500255584716797
248889,normal,1863,0,1782361534.5796833,0.0019965171813964844
248890,normal,3438,0,1782361534.5817506,0.0020673274993896484
248891,normal,909,2,1782361534.5837018,0.0019512176513671875
248892,normal,3358,1,1782361534.5856864,0.0019845962524414062
248893,normal,2627,0,1782361534.5877497,0.002063274383544922
248894,normal,2789,0,1782361534.589698,0.0019483566284179688
248895,normal,1789,0,1782361534.5916896,0.0019915103912353516
248896,normal,345,0,1782361534.5937436,0.002053976058959961
248897,normal,1833,0,1782361534.59569,0.0019464492797851562
248898,normal,2716,0,1782361534.5976858,0.0019958019256591797
248899,normal,2362,0,1782361534.5997615,0.002075672149658203
248900,normal,2337,0,1782361534.6016884,0.0019268989562988281
248901,normal,1646,0,1782361534.603684,0.001995563507080078
248902,normal,1168,0,1782361534.6057522,0.0020682811737060547
248903,normal,2920,0,1782361534.6077116,0.0019593238830566406
248904,normal,2379,0,1782361534.6096892,0.001977682113647461
248905,normal,975,2,1782361534.6117296,0.002040386199951172
248906,normal,3385,1,1782361534.6136913,0.0019617080688476562
248907,normal,2478,0,1782361534.6156833,0.0019919872283935547
248908,normal,1712,0,1782361534.6177447,0.0020613670349121094
248909,normal,3176,1,1782361534.619687,0.0019423961639404297
248910,normal,241,0,1782361534.6216815,0.0019943714141845703
248911,normal,3584,0,1782361534.6237624,0.0020809173583984375
248912,normal,616,0,1782361534.625701,0.0019385814666748047
248913,normal,3071,1,1782361534.62769,0.001989126205444336
248914,normal,79,0,1782361534.629741,0.0020508766174316406
248915,normal,133,0,1782361534.6317081,0.001967191696166992
248916,normal,3056,1,1782361534.6336837,0.001975536346435547
248917,normal,782,2,1782361534.635725,0.002041339874267578
248918,normal,3317,1,1782361534.637684,0.001959085464477539
248919,normal,739,0,1782361534.6396813,0.001997232437133789
248920,normal,1625,0,1782361534.6417453,0.0020639896392822266
248921,normal,2818,0,1782361534.6436844,0.0019390583038330078
248922,normal,2935,0,1782361534.6456838,0.001999378204345703
248923,normal,1793,0,1782361534.647735,0.0020513534545898438
248924,normal,973,2,1782361534.6496878,0.0019526481628417969
248925,normal,2417,0,1782361534.6516788,0.0019910335540771484
248926,normal,604,0,1782361534.6537504,0.0020716190338134766
248927,normal,2626,0,1782361534.6556907,0.0019402503967285156
248928,normal,3539,0,1782361534.657683,0.0019922256469726562
248929,normal,1902,0,1782361534.6597297,0.002046823501586914
248930,normal,622,0,1782361534.6616876,0.0019578933715820312
248931,normal,2484,0,1782361534.66368,0.001992464065551758
248932,normal,2085,0,1782361534.665751,0.002070903778076172
248933,normal,3046,1,1782361534.6676967,0.0019457340240478516
248934,normal,70,0,1782361534.669687,0.0019903182983398438
248935,normal,2980,0,1782361534.671732,0.0020449161529541016
248936,normal,1382,0,1782361534.6736896,0.0019576549530029297
248937,normal,3187,1,1782361534.6756842,0.001994609832763672
248938,normal,2093,0,1782361534.677751,0.0020668506622314453
248939,normal,2284,0,1782361534.6796877,0.0019366741180419922
248940,normal,1920,0,1782361534.68168,0.0019922256469726562
248941,normal,2030,0,1782361534.6837366,0.002056598663330078
248942,normal,1103,0,1782361534.685691,0.0019545555114746094
248943,normal,210,0,1782361534.6876855,0.0019943714141845703
248944,normal,185,0,1782361534.6897435,0.0020580291748046875
248945,normal,2730,0,1782361534.6916955,0.0019519329071044922
248946,normal,3684,0,1782361534.6936817,0.001986265182495117
248947,normal,1555,0,1782361534.695768,0.0020864009857177734
248948,normal,675,0,1782361534.6976953,0.0019271373748779297
248949,normal,1394,0,1782361534.6996837,0.0019884109497070312
248950,normal,3113,1,1782361534.701748,0.002064228057861328
248951,normal,441,0,1782361534.7036884,0.0019404888153076172
248952,normal,59,0,1782361534.7056909,0.0020024776458740234
248953,normal,16,0,1782361534.7077541,0.002063274383544922
248954,normal,3284,1,1782361534.70969,0.0019359588623046875
248955,normal,2653,0,1782361534.711684,0.001993894577026367
248956,normal,745,0,1782361534.7137341,0.002050161361694336
248957,normal,697,0,1782361534.7156885,0.001954317092895508
248958,normal,2624,0,1782361534.717685,0.0019965171813964844
248959,normal,2772,0,1782361534.7197537,0.002068758010864258
248960,normal,1614,0,1782361534.7216866,0.0019328594207763672
248961,normal,3233,1,1782361534.7236853,0.0019986629486083984
248962,normal,3556,0,1782361534.7257516,0.002066373825073242
248963,normal,3001,0,1782361534.7276971,0.00194549560546875
248964,normal,2610,0,1782361534.7296917,0.001994609832763672
248965,normal,3313,1,1782361534.731747,0.0020551681518554688
248966,normal,1343,1,1782361534.7336934,0.0019464492797851562
248967,normal,2583,0,1782361534.735685,0.001991748809814453
248968,normal,3021,0,1782361534.7377331,0.002048015594482422
248969,normal,1246,0,1782361534.7396898,0.0019567012786865234
248970,normal,830,2,1782361534.7416842,0.0019943714141845703
248971,normal,147,0,1782361534.7437503,0.0020661354064941406
248972,normal,1025,2,1782361534.745693,0.0019426345825195312
248973,normal,3528,0,1782361534.7476838,0.001990795135498047
248974,normal,2234,0,1782361534.7497325,0.0020487308502197266
248975,normal,3341,1,1782361534.7516925,0.0019600391387939453
248976,normal,253,0,1782361534.753689,0.0019965171813964844
248977,normal,3426,0,1782361534.7557437,0.0020546913146972656
248978,normal,287,0,1782361534.757688,0.0019443035125732422
248979,normal,558,0,1782361534.7597265,0.0020384788513183594
248980,normal,2197,0,1782361534.7617319,0.002005338668823242
248981,normal,56,0,1782361534.7636912,0.0019593238830566406
248982,normal,823,2,1782361534.765684,0.0019927024841308594
248983,normal,2726,0,1782361534.767747,0.0020630359649658203
248984,normal,2237,0,1782361534.7696948,0.0019478797912597656
248985,normal,8,0,1782361534.7716856,0.001990795135498047
248986,normal,425,0,1782361534.7737486,0.0020630359649658203
248987,normal,471,0,1782361534.7756953,0.0019466876983642578
248988,normal,2718,0,1782361534.7776814,0.0019860267639160156
248989,normal,156,0,1782361534.779742,0.0020606517791748047
248990,normal,2651,0,1782361534.7816913,0.001949310302734375
248991,normal,2155,0,1782361534.783691,0.0019996166229248047
248992,normal,237,0,1782361534.7857358,0.0020449161529541016
248993,normal,1344,1,1782361534.7876866,0.0019507408142089844
248994,normal,42,0,1782361534.7896812,0.001994609832763672
248995,normal,3468,0,1782361534.7917433,0.002062082290649414
248996,normal,684,0,1782361534.7936869,0.0019435882568359375
248997,normal,3166,1,1782361534.795681,0.0019941329956054688
248998,normal,134,0,1782361534.79773,0.002048969268798828
248999,normal,996,2,1782361534.7996871,0.0019571781158447266
249000,normal,2248,0,1782361534.801679,0.001991748809814453
249001,normal,844,2,1782361534.8037655,0.002086639404296875
249002,normal,717,0,1782361534.8057182,0.0019526481628417969
249003,normal,680,0,1782361534.8077042,0.0019860267639160156
249004,normal,2951,0,1782361534.8097258,0.0020215511322021484
249005,normal,3400,1,1782361534.8116882,0.001962423324584961
249006,normal,1430,0,1782361534.813682,0.001993894577026367
249007,normal,1767,0,1782361534.8157277,0.0020456314086914062
249008,normal,3127,1,1782361534.8176842,0.001956462860107422
249009,normal,1283,0,1782361534.8196797,0.001995563507080078
249010,normal,506,0,1782361534.821729,0.0020492076873779297
249011,normal,1047,0,1782361534.8236976,0.0019686222076416016
249012,normal,3334,1,1782361534.8257039,0.0020062923431396484
249013,normal,687,0,1782361534.8277273,0.002023458480834961
249014,normal,1546,0,1782361534.8296437,0.0019164085388183594
249015,normal,3182,1,1782361534.831636,0.0019922256469726562
249016,normal,2486,0,1782361534.8337228,0.0020868778228759766
249017,normal,3511,0,1782361534.8356495,0.0019266605377197266
249018,normal,2058,0,1782361534.8376355,0.0019860267639160156
249019,normal,257,0,1782361534.8397226,0.002087116241455078
249020,normal,1442,0,1782361534.8416445,0.0019218921661376953
249021,normal,2732,0,1782361534.8436334,0.0019888877868652344
249022,normal,3167,1,1782361534.8457322,0.0020987987518310547
249023,normal,1706,0,1782361534.8476355,0.0019032955169677734
249024,normal,2974,0,1782361534.849635,0.001999378204345703
249025,normal,2000,0,1782361534.851729,0.0020940303802490234
249026,normal,1990,0,1782361534.8536544,0.0019254684448242188
249027,normal,153,0,1782361534.8556485,0.0019941329956054688
249028,normal,2771,0,1782361534.8577206,0.0020720958709716797
249029,normal,3032,0,1782361534.8596525,0.001931905746459961
249030,normal,2162,0,1782361534.8616533,0.0020008087158203125
249031,normal,2410,0,1782361534.8637092,0.0020558834075927734
249032,normal,288,0,1782361534.865656,0.0019466876983642578
249033,normal,1719,0,1782361534.8676436,0.0019876956939697266
249034,normal,2409,0,1782361534.8697417,0.00209808349609375
249035,normal,621,0,1782361534.8716395,0.0018978118896484375
249036,normal,3094,1,1782361534.8736343,0.0019948482513427734
249037,normal,2137,0,1782361534.8757303,0.002095937728881836
249038,normal,3016,0,1782361534.8776515,0.0019211769104003906
249039,normal,874,2,1782361534.879636,0.0019845962524414062
249040,normal,639,0,1782361534.8817246,0.0020885467529296875
249041,normal,1955,0,1782361534.8836503,0.0019257068634033203
249042,normal,2097,0,1782361534.8856459,0.001995563507080078
249043,normal,466,0,1782361534.8877673,0.002121448516845703
249044,normal,665,0,1782361534.889655,0.0018877983093261719
249045,normal,1458,0,1782361534.8916378,0.0019826889038085938
249046,normal,374,0,1782361534.8937194,0.002081632614135742
249047,normal,1888,0,1782361534.895642,0.001922607421875
249048,normal,1295,0,1782361534.897644,0.0020020008087158203
249049,normal,934,2,1782361534.8997242,0.002080202102661133
249050,normal,2069,0,1782361534.9016578,0.0019335746765136719
249051,normal,3432,0,1782361534.9036353,0.0019774436950683594
249052,normal,957,2,1782361534.9057317,0.002096414566040039
249053,normal,3290,1,1782361534.9076433,0.0019116401672363281
249054,normal,3059,1,1782361534.9096375,0.0019941329956054688
249055,normal,1820,0,1782361534.9117253,0.002087831497192383
249056,normal,461,0,1782361534.9136333,0.0019080638885498047
249057,normal,2885,0,1782361534.91564,0.0020067691802978516
249058,normal,3414,0,1782361534.9177244,0.0020842552185058594
249059,normal,635,0,1782361534.919649,0.0019245147705078125
249060,normal,2870,0,1782361534.9216337,0.001984834671020508
249061,normal,3490,0,1782361534.9237254,0.002091646194458008
249062,normal,3336,1,1782361534.9256427,0.0019173622131347656
249063,normal,110,0,1782361534.9276416,0.0019989013671875
249064,normal,10,0,1782361534.9297252,0.0020835399627685547
249065,normal,620,0,1782361534.9316359,0.0019106864929199219
249066,normal,3237,1,1782361534.9336336,0.001997709274291992
249067,normal,380,0,1782361534.9357243,0.0020906925201416016
249068,normal,787,2,1782361534.9376397,0.0019154548645019531
249069,normal,3293,1,1782361534.9396503,0.0020105838775634766
249070,normal,2075,0,1782361534.9417298,0.002079486846923828
249071,normal,1910,0,1782361534.9436357,0.0019059181213378906
249072,normal,311,0,1782361534.945635,0.001999378204345703
249073,normal,659,0,1782361534.947726,0.002090930938720703
249074,normal,1536,0,1782361534.9496393,0.001913309097290039
249075,normal,1063,0,1782361534.9516404,0.002001047134399414
249076,normal,1670,0,1782361534.953724,0.0020835399627685547
249077,normal,1486,0,1782361534.9556472,0.0019233226776123047
249078,normal,642,0,1782361534.9577608,0.0021135807037353516
249079,normal,3281,1,1782361534.9597404,0.0019795894622802734
249080,normal,2596,0,1782361534.9616365,0.0018961429595947266
249081,normal,900,2,1782361534.9636486,0.002012014389038086
249082,normal,2221,0,1782361534.965725,0.002076387405395508
249083,normal,1080,0,1782361534.9676418,0.0019168853759765625
249084,normal,2231,0,1782361534.9696345,0.0019927024841308594
249085,normal,3571,0,1782361534.9717221,0.0020875930786132812
249086,normal,1887,0,1782361534.9736516,0.0019295215606689453
249087,normal,1437,0,1782361534.9756365,0.001984834671020508
249088,normal,2383,0,1782361534.9777203,0.0020837783813476562
249089,normal,3503,0,1782361534.9796543,0.001934051513671875
249090,normal,660,0,1782361534.981649,0.001994609832763672
249091,normal,777,2,1782361534.9837172,0.0020682811737060547
249092,normal,350,0,1782361534.9856763,0.001959085464477539
249093,normal,3090,1,1782361534.9876487,0.0019724369049072266
249094,normal,1156,0,1782361534.9897232,0.0020744800567626953
249095,normal,2986,0,1782361534.991641,0.0019178390502929688
249096,normal,1190,0,1782361534.993638,0.0019969940185546875
249097,normal,1304,0,1782361534.9957242,0.002086162567138672
249098,normal,1315,0,1782361534.9976363,0.0019121170043945312
249099,normal,40,0,1782361534.9996336,0.001997232437133789
249100,normal,1598,0,1782361535.0017228,0.002089262008666992
249101,normal,440,0,1782361535.0036492,0.001926422119140625
249102,normal,618,0,1782361535.005644,0.0019948482513427734
249103,normal,1048,0,1782361535.0077236,0.002079486846923828
249104,normal,1708,0,1782361535.0096543,0.0019307136535644531
249105,normal,657,0,1782361535.0116513,0.0019969940185546875
249106,normal,1329,1,1782361535.0138257,0.00217437744140625
249107,normal,2163,0,1782361535.0157096,0.0018839836120605469
249108,normal,1050,0,1782361535.0177011,0.0019915103912353516
249109,normal,2161,0,1782361535.0198011,0.0020999908447265625
249110,normal,1892,0,1782361535.0216432,0.0018420219421386719
249111,normal,2450,0,1782361535.0236456,0.0020024776458740234
249112,normal,120,0,1782361535.025647,0.0020012855529785156
249113,normal,649,0,1782361535.027652,0.0020051002502441406
249114,normal,1557,0,1782361535.0296862,0.0020341873168945312
249115,normal,1184,0,1782361535.0316825,0.001996278762817383
249116,normal,799,2,1782361535.0336409,0.0019583702087402344
249117,normal,3703,0,1782361535.035716,0.0020751953125
249118,normal,1279,0,1782361535.0377264,0.002010345458984375
249119,normal,926,2,1782361535.0398476,0.0021212100982666016
249120,normal,3519,0,1782361535.0417585,0.0019109249114990234
249121,normal,1581,0,1782361535.0438523,0.002093791961669922
249122,normal,2053,0,1782361535.045683,0.0018305778503417969
249123,normal,1590,0,1782361535.0478551,0.002172231674194336
249124,normal,2778,0,1782361535.0496516,0.0017964839935302734
249125,normal,397,0,1782361535.0529065,0.0032548904418945312
249126,normal,2708,0,1782361535.0537126,0.0008060932159423828
249127,normal,3410,0,1782361535.055687,0.001974344253540039
249128,normal,2492,0,1782361535.0576828,0.0019958019256591797
249129,normal,1589,0,1782361535.0596385,0.001955747604370117
249130,normal,1271,0,1782361535.0616972,0.002058744430541992
249131,normal,3600,0,1782361535.0636375,0.0019402503967285156
249132,normal,1896,0,1782361535.0656998,0.0020623207092285156
249133,normal,1791,0,1782361535.0678008,0.0021009445190429688
249134,normal,221,0,1782361535.0698261,0.0020253658294677734
249135,normal,2349,0,1782361535.0716295,0.0018033981323242188
249136,normal,3601,0,1782361535.0737112,0.002081632614135742
249137,normal,1185,0,1782361535.0757086,0.0019974708557128906
249138,normal,165,0,1782361535.077709,0.0020003318786621094
249139,normal,393,0,1782361535.0798693,0.002160310745239258
249140,normal,1407,0,1782361535.0817068,0.0018374919891357422
249141,normal,3447,0,1782361535.0838315,0.002124786376953125
249142,normal,1364,1,1782361535.0857723,0.0019407272338867188
249143,normal,2344,0,1782361535.0878298,0.0020575523376464844
249144,normal,947,2,1782361535.0897565,0.0019266605377197266
249145,normal,1429,0,1782361535.0918946,0.0021381378173828125
249146,normal,15,0,1782361535.0937161,0.0018215179443359375
249147,normal,3466,0,1782361535.0958903,0.0021741390228271484
249148,normal,2100,0,1782361535.0977528,0.0018625259399414062
249149,normal,2520,0,1782361535.099847,0.002094268798828125
249150,normal,640,0,1782361535.1018224,0.0019752979278564453
249151,normal,1968,0,1782361535.103879,0.002056598663330078
249152,normal,2814,0,1782361535.105739,0.0018601417541503906
249153,normal,2655,0,1782361535.1079001,0.0021610260009765625
249154,normal,206,0,1782361535.1097612,0.0018610954284667969
249155,normal,297,0,1782361535.111729,0.0019676685333251953
249156,normal,485,0,1782361535.1139045,0.002175569534301758
249157,normal,3024,0,1782361535.1157985,0.0018939971923828125
249158,normal,1935,0,1782361535.117737,0.0019385814666748047
249159,normal,1166,0,1782361535.1199012,0.002164125442504883
249160,normal,2787,0,1782361535.121783,0.0018818378448486328
249161,normal,915,2,1782361535.1238725,0.0020895004272460938
249162,normal,3203,1,1782361535.1257632,0.0018906593322753906
249163,normal,83,0,1782361535.1278782,0.002115011215209961
249164,normal,1880,0,1782361535.1297333,0.0018551349639892578
249165,normal,1071,0,1782361535.1319053,0.0021719932556152344
249166,normal,1728,0,1782361535.1337771,0.0018718242645263672
249167,normal,293,0,1782361535.135891,0.002113819122314453
249168,normal,1238,0,1782361535.1377678,0.0018768310546875
249169,normal,491,0,1782361535.1398904,0.002122640609741211
249170,normal,917,2,1782361535.1417387,0.0018482208251953125
249171,normal,1006,2,1782361535.1439095,0.0021708011627197266
249172,normal,1869,0,1782361535.145781,0.0018715858459472656
249173,normal,2235,0,1782361535.1477363,0.001955270767211914
249174,normal,913,2,1782361535.1499147,0.0021784305572509766
249175,normal,2526,0,1782361535.1519208,0.002006053924560547
249176,normal,182,0,1782361535.1537173,0.0017964839935302734
249177,normal,1940,0,1782361535.1556966,0.001979351043701172
249178,normal,658,0,1782361535.1577318,0.0020351409912109375
249179,normal,3002,0,1782361535.1596262,0.0018944740295410156
249180,normal,2146,0,1782361535.1616375,0.0020112991333007812
249181,normal,3433,0,1782361535.1636944,0.0020568370819091797
249182,normal,1508,0,1782361535.1656277,0.0019333362579345703
249183,normal,2842,0,1782361535.167646,0.0020182132720947266
249184,normal,2968,0,1782361535.1697016,0.002055644989013672
249185,normal,181,0,1782361535.171631,0.0019295215606689453
249186,normal,769,0,1782361535.1737547,0.002123594284057617
249187,normal,1650,0,1782361535.1756818,0.0019271373748779297
249188,normal,2656,0,1782361535.1776438,0.001961946487426758
249189,normal,2781,0,1782361535.179632,0.0019881725311279297
249190,normal,2213,0,1782361535.181701,0.0020689964294433594
249191,normal,1775,0,1782361535.1836498,0.0019488334655761719
249192,normal,970,2,1782361535.1856408,0.0019910335540771484
249193,normal,2633,0,1782361535.187701,0.0020601749420166016
249194,normal,1485,0,1782361535.1896408,0.0019397735595703125
249195,normal,1814,0,1782361535.191715,0.0020742416381835938
249196,normal,320,0,1782361535.1936846,0.001969575881958008
249197,normal,3672,0,1782361535.1956112,0.0019266605377197266
249198,normal,3202,1,1782361535.197629,0.0020177364349365234
249199,normal,1284,0,1782361535.1996899,0.0020608901977539062
249200,normal,2350,0,1782361535.2016296,0.0019397735595703125
249201,normal,929,2,1782361535.2036238,0.0019941329956054688
249202,normal,1509,0,1782361535.20564,0.002016305923461914
249203,normal,2793,0,1782361535.207631,0.0019910335540771484
249204,normal,2098,0,1782361535.2096229,0.001991748809814453
249205,normal,302,0,1782361535.2117195,0.0020966529846191406
249206,normal,1781,0,1782361535.213616,0.0018963813781738281
249207,normal,2758,0,1782361535.2156487,0.002032756805419922
249208,normal,1117,0,1782361535.2177267,0.0020780563354492188
249209,normal,2259,0,1782361535.2196407,0.0019140243530273438
249210,normal,3372,1,1782361535.2216542,0.0020134449005126953
249211,normal,3011,0,1782361535.2237294,0.0020751953125
249212,normal,2408,0,1782361535.2256448,0.0019154548645019531
249213,normal,1236,0,1782361535.2276416,0.001996755599975586
249214,normal,3007,0,1782361535.2297263,0.0020847320556640625
249215,normal,2823,0,1782361535.2316456,0.0019192695617675781
249216,normal,2490,0,1782361535.2336435,0.0019979476928710938
249217,normal,3547,0,1782361535.2357185,0.0020749568939208984
249218,normal,478,0,1782361535.2376451,0.0019266605377197266
249219,normal,3642,0,1782361535.2396395,0.0019943714141845703
249220,normal,1383,0,1782361535.2417247,0.0020852088928222656
249221,normal,2828,0,1782361535.243649,0.001924276351928711
249222,normal,497,0,1782361535.2456403,0.00199127197265625
249223,normal,961,2,1782361535.2477357,0.002095460891723633
249224,normal,1389,0,1782361535.2496443,0.0019085407257080078
249225,normal,1784,0,1782361535.2516446,0.0020003318786621094
249226,normal,905,2,1782361535.2537408,0.0020961761474609375
249227,normal,2037,0,1782361535.2556446,0.0019037723541259766
249228,normal,959,2,1782361535.2576382,0.0019936561584472656
249229,normal,3263,1,1782361535.2597342,0.002095937728881836
249230,normal,987,2,1782361535.261642,0.0019078254699707031
249231,normal,1219,0,1782361535.2636425,0.002000570297241211
249232,normal,1773,0,1782361535.2657247,0.0020821094512939453
249233,normal,495,0,1782361535.2676446,0.0019199848175048828
249234,normal,1527,0,1782361535.269637,0.001992464065551758
249235,normal,1172,0,1782361535.2717357,0.002098560333251953
249236,normal,740,0,1782361535.2736452,0.001909494400024414
249237,normal,1413,0,1782361535.2756395,0.0019943714141845703
249238,normal,2501,0,1782361535.277726,0.0020864009857177734
249239,normal,1778,0,1782361535.2796514,0.0019254684448242188
249240,normal,1179,0,1782361535.2816448,0.001993417739868164
249241,normal,463,0,1782361535.2837026,0.002057790756225586
249242,normal,259,0,1782361535.285645,0.0019423961639404297
249243,normal,1001,2,1782361535.2876418,0.001996755599975586
249244,normal,2965,0,1782361535.2897193,0.0020775794982910156
249245,normal,1709,0,1782361535.2916517,0.001932382583618164
249246,normal,2289,0,1782361535.2936535,0.0020017623901367188
249247,normal,84,0,1782361535.295727,0.002073526382446289
249248,normal,2303,0,1782361535.2976432,0.0019161701202392578
249249,normal,2036,0,1782361535.2996411,0.0019979476928710938
249250,normal,408,0,1782361535.3017244,0.002083301544189453
249251,normal,1086,0,1782361535.3036437,0.0019192695617675781
249252,normal,1676,0,1782361535.3056395,0.0019958019256591797
249253,normal,2914,0,1782361535.3077335,0.0020940303802490234
249254,normal,2302,0,1782361535.309644,0.0019104480743408203
249255,normal,3030,0,1782361535.311641,0.0019969940185546875
249256,normal,786,2,1782361535.31372,0.002079010009765625
249257,normal,2477,0,1782361535.315643,0.0019230842590332031
249258,normal,3251,1,1782361535.3176394,0.001996278762817383
249259,normal,3077,1,1782361535.3197453,0.0021059513092041016
249260,normal,1762,0,1782361535.3216102,0.0018649101257324219
249261,normal,3274,1,1782361535.3236341,0.002023935317993164
249262,normal,1455,0,1782361535.3256392,0.0020051002502441406
249263,normal,700,0,1782361535.3276305,0.00199127197265625
249264,normal,2753,0,1782361535.3297083,0.002077817916870117
249265,normal,1313,0,1782361535.3316474,0.0019390583038330078
249266,normal,2725,0,1782361535.333627,0.0019795894622802734
249267,normal,386,0,1782361535.3356502,0.0020232200622558594
249268,normal,3122,1,1782361535.3376408,0.0019905567169189453
249269,normal,1947,0,1782361535.3396304,0.001989603042602539
249270,normal,610,0,1782361535.3416204,0.001990079879760742
249271,normal,285,0,1782361535.343632,0.002011537551879883
249272,normal,676,0,1782361535.345627,0.001995086669921875
249273,normal,1514,0,1782361535.3477097,0.0020825862884521484
249274,normal,2128,0,1782361535.349694,0.0019843578338623047
249275,normal,332,0,1782361535.351703,0.0020089149475097656
249276,normal,1373,1,1782361535.3536294,0.001926422119140625
249277,normal,3223,1,1782361535.3556876,0.002058267593383789
249278,normal,1701,0,1782361535.357621,0.0019333362579345703
249279,normal,1558,0,1782361535.3596163,0.0019953250885009766
249280,normal,1785,0,1782361535.3616965,0.002080202102661133
249281,normal,2104,0,1782361535.3636284,0.001931905746459961
249282,normal,1323,1,1782361535.365651,0.0020225048065185547
249283,normal,778,2,1782361535.367656,0.0020051002502441406
249284,normal,3409,0,1782361535.3696277,0.001971721649169922
249285,normal,2251,0,1782361535.3716593,0.002031564712524414
249286,normal,3531,0,1782361535.373697,0.0020377635955810547
249287,normal,1069,0,1782361535.375622,0.0019249916076660156
249288,normal,2004,0,1782361535.3776505,0.0020284652709960938
249289,normal,342,0,1782361535.3796587,0.002008199691772461
249290,normal,1901,0,1782361535.3816214,0.0019626617431640625
249291,normal,2578,0,1782361535.3836532,0.0020318031311035156
249292,normal,1148,0,1782361535.385689,0.002035856246948242
249293,normal,766,0,1782361535.387622,0.0019330978393554688
249294,normal,1596,0,1782361535.3896527,0.002030611038208008
249295,normal,1040,0,1782361535.3916838,0.002031087875366211
249296,normal,2338,0,1782361535.3936183,0.0019345283508300781
249297,normal,693,0,1782361535.395654,0.0020356178283691406
249298,normal,3456,0,1782361535.3976524,0.001998424530029297
249299,normal,3660,0,1782361535.39962,0.0019676685333251953
249300,normal,571,0,1782361535.401654,0.0020339488983154297
249301,normal,3017,0,1782361535.403697,0.002043008804321289
249302,normal,269,0,1782361535.4056172,0.0019202232360839844
249303,normal,3500,0,1782361535.407627,0.002009868621826172
249304,normal,991,2,1782361535.4096892,0.002062082290649414
249305,normal,3035,0,1782361535.4116302,0.0019409656524658203
249306,normal,2556,0,1782361535.4136505,0.0020203590393066406
249307,normal,3045,1,1782361535.415685,0.002034425735473633
249308,normal,179,0,1782361535.4176621,0.001977205276489258
249309,normal,382,0,1782361535.4196491,0.001986980438232422
249310,normal,2323,0,1782361535.4217315,0.002082347869873047
249311,normal,1632,0,1782361535.424809,0.0030775070190429688
249312,normal,1154,0,1782361535.425625,0.0008161067962646484
249313,normal,2929,0,1782361535.427659,0.0020339488983154297
249314,normal,2470,0,1782361535.4296248,0.001965761184692383
249315,normal,3142,1,1782361535.4316576,0.002032756805419922
249316,normal,2329,0,1782361535.433689,0.002031564712524414
249317,normal,453,0,1782361535.435642,0.0019528865814208984
249318,normal,1563,0,1782361535.4376228,0.0019807815551757812
249319,normal,373,0,1782361535.4396994,0.0020766258239746094
249320,normal,1262,0,1782361535.4416554,0.0019559860229492188
249321,normal,2247,0,1782361535.443621,0.0019655227661132812
249322,normal,3455,0,1782361535.4456928,0.002071857452392578
249323,normal,3254,1,1782361535.4476283,0.0019354820251464844
249324,normal,1930,0,1782361535.4496555,0.002027273178100586
249325,normal,403,0,1782361535.4516866,0.002031087875366211
249326,normal,2862,0,1782361535.4536233,0.0019366741180419922
249327,normal,137,0,1782361535.4556565,0.002033233642578125
249328,normal,3239,1,1782361535.4576619,0.002005338668823242
249329,normal,982,2,1782361535.459616,0.0019540786743164062
249330,normal,1150,0,1782361535.461651,0.0020351409912109375
249331,normal,2367,0,1782361535.4636528,0.0020017623901367188
249332,normal,3543,0,1782361535.46562,0.001967191696166992
249333,normal,456,0,1782361535.467654,0.0020339488983154297
249334,normal,2836,0,1782361535.4696882,0.0020341873168945312
249335,normal,3665,0,1782361535.4716249,0.0019366741180419922
249336,normal,1175,0,1782361535.473655,0.0020301342010498047
249337,normal,3096,1,1782361535.4756846,0.0020296573638916016
249338,normal,1764,0,1782361535.4776223,0.0019376277923583984
249339,normal,768,0,1782361535.4796546,0.0020322799682617188
249340,normal,1526,0,1782361535.4816902,0.0020356178283691406
249341,normal,20,0,1782361535.4836245,0.0019342899322509766
249342,normal,2676,0,1782361535.485623,0.001998424530029297
249343,normal,482,0,1782361535.4876876,0.0020647048950195312
249344,normal,1691,0,1782361535.4896243,0.0019366741180419922
249345,normal,3654,0,1782361535.4916592,0.002034902572631836
249346,normal,836,2,1782361535.4936535,0.0019943714141845703
249347,normal,508,0,1782361535.4956222,0.0019686222076416016
249348,normal,2319,0,1782361535.4977093,0.002087116241455078
249349,normal,837,2,1782361535.4996848,0.001975536346435547
249350,normal,809,2,1782361535.5016243,0.001939535140991211
249351,normal,2895,0,1782361535.5036514,0.0020270347595214844
249352,normal,2573,0,1782361535.505688,0.002036571502685547
249353,normal,1457,0,1782361535.5076191,0.0019311904907226562
249354,normal,204,0,1782361535.50965,0.0020308494567871094
249355,normal,1671,0,1782361535.5116928,0.0020427703857421875
249356,normal,2717,0,1782361535.5136213,0.001928567886352539
249357,normal,2175,0,1782361535.5156503,0.002028942108154297
249358,normal,1341,1,1782361535.5176613,0.0020110607147216797
249359,normal,794,2,1782361535.5196235,0.0019621849060058594
249360,normal,273,0,1782361535.5216494,0.0020258426666259766
249361,normal,1787,0,1782361535.5236518,0.0020024776458740234
249362,normal,1226,0,1782361535.5256236,0.001971721649169922
249363,normal,1098,0,1782361535.527648,0.002024412155151367
249364,normal,1134,0,1782361535.5297067,0.002058744430541992
249365,normal,1592,0,1782361535.531619,0.0019123554229736328
249366,normal,2073,0,1782361535.5336506,0.002031564712524414
249367,normal,2756,0,1782361535.53566,0.0020093917846679688
249368,normal,2759,0,1782361535.5376217,0.0019617080688476562
249369,normal,3632,0,1782361535.5396533,0.002031564712524414
249370,normal,3671,0,1782361535.541692,0.002038717269897461
249371,normal,1850,0,1782361535.54362,0.001928091049194336
249372,normal,1915,0,1782361535.545649,0.002028942108154297
249373,normal,2035,0,1782361535.5476563,0.0020072460174560547
249374,normal,2020,0,1782361535.549624,0.0019676685333251953
249375,normal,3305,1,1782361535.5516543,0.0020303726196289062
249376,normal,212,0,1782361535.5536888,0.002034425735473633
249377,normal,1462,0,1782361535.5556228,0.001934051513671875
249378,normal,1523,0,1782361535.5576494,0.0020265579223632812
249379,normal,1031,0,1782361535.5596507,0.0020012855529785156
249380,normal,2419,0,1782361535.561625,0.001974344253540039
249381,normal,2620,0,1782361535.5636523,0.002027273178100586
249382,normal,2738,0,1782361535.5657003,0.002048015594482422
249383,normal,2930,0,1782361535.5676217,0.0019214153289794922
249384,normal,3527,0,1782361535.5696502,0.0020284652709960938
249385,normal,3143,1,1782361535.571692,0.0020418167114257812
249386,normal,1222,0,1782361535.573624,0.001931905746459961
249387,normal,3204,1,1782361535.575662,0.0020380020141601562
249388,normal,1838,0,1782361535.5777118,0.0020499229431152344
249389,normal,3318,1,1782361535.5796192,0.0019073486328125
249390,normal,1663,0,1782361535.5816472,0.0020279884338378906
249391,normal,2024,0,1782361535.58366,0.0020127296447753906
249392,normal,3504,0,1782361535.585646,0.0019860267639160156
249393,normal,1416,0,1782361535.5876217,0.0019757747650146484
249394,normal,1077,0,1782361535.589696,0.0020742416381835938
249395,normal,2819,0,1782361535.5916204,0.0019245147705078125
249396,normal,462,0,1782361535.5936522,0.0020318031311035156
249397,normal,69,0,1782361535.5956507,0.001998424530029297
249398,normal,473,0,1782361535.5976176,0.0019669532775878906
249399,normal,2228,0,1782361535.5996525,0.002034902572631836
249400,normal,1203,0,1782361535.6016839,0.0020313262939453125
249401,normal,312,0,1782361535.6036274,0.0019435882568359375
249402,normal,2225,0,1782361535.6056511,0.0020236968994140625
249403,normal,741,0,1782361535.607653,0.0020017623901367188
249404,normal,2794,0,1782361535.609618,0.001965045928955078
249405,normal,3314,1,1782361535.611686,0.002068042755126953
249406,normal,3277,1,1782361535.6136918,0.0020058155059814453
249407,normal,2845,0,1782361535.6156497,0.0019578933715820312
249408,normal,985,2,1782361535.6176474,0.001997709274291992
249409,normal,190,0,1782361535.6197383,0.002090930938720703
249410,normal,767,0,1782361535.6216524,0.0019140243530273438
249411,normal,3156,1,1782361535.6236541,0.0020017623901367188
249412,normal,1409,0,1782361535.6257362,0.0020821094512939453
249413,normal,1609,0,1782361535.6276512,0.00191497802734375
249414,normal,376,0,1782361535.629645,0.001993894577026367
249415,normal,967,2,1782361535.6317186,0.002073526382446289
249416,normal,1556,0,1782361535.6336496,0.0019309520721435547
249417,normal,2103,0,1782361535.6356425,0.001992940902709961
249418,normal,2522,0,1782361535.6376915,0.002048969268798828
249419,normal,1240,0,1782361535.639685,0.001993417739868164
249420,normal,2242,0,1782361535.6416574,0.0019724369049072266
249421,normal,797,2,1782361535.6437335,0.0020761489868164062
249422,normal,753,0,1782361535.64565,0.0019164085388183594
249423,normal,1918,0,1782361535.647651,0.002001047134399414
249424,normal,2446,0,1782361535.6497252,0.0020742416381835938
249425,normal,914,2,1782361535.6516957,0.001970529556274414
249426,normal,2645,0,1782361535.6541357,0.0024399757385253906
249427,normal,3359,1,1782361535.655782,0.001646280288696289
249428,normal,867,2,1782361535.6579192,0.0021371841430664062
249429,normal,862,2,1782361535.6597233,0.0018041133880615234
249430,normal,1747,0,1782361535.661881,0.0021576881408691406
249431,normal,3221,1,1782361535.6636872,0.0018062591552734375
249432,normal,2525,0,1782361535.6659024,0.002215147018432617
249433,normal,3165,1,1782361535.6677756,0.0018732547760009766
249434,normal,2314,0,1782361535.6697037,0.001928091049194336
249435,normal,828,2,1782361535.671903,0.0021991729736328125
249436,normal,2807,0,1782361535.673772,0.00186920166015625
249437,normal,1591,0,1782361535.675689,0.0019168853759765625
249438,normal,902,2,1782361535.6778984,0.0022094249725341797
249439,normal,3690,0,1782361535.6797807,0.001882314682006836
249440,normal,2922,0,1782361535.6816957,0.00191497802734375
249441,normal,2013,0,1782361535.6839242,0.0022284984588623047
249442,normal,3499,0,1782361535.6857846,0.0018603801727294922
249443,normal,1377,1,1782361535.6876972,0.0019125938415527344
249444,normal,890,2,1782361535.6899083,0.0022110939025878906
249445,normal,268,0,1782361535.6919048,0.0019965171813964844
249446,normal,1309,0,1782361535.6936896,0.0017848014831542969
249447,normal,998,2,1782361535.6959114,0.002221822738647461
249448,normal,685,0,1782361535.6978571,0.0019457340240478516
249449,normal,1248,0,1782361535.6996958,0.00183868408203125
249450,normal,2398,0,1782361535.7018647,0.002168893814086914
249451,normal,254,0,1782361535.703853,0.0019881725311279297
249452,normal,1660,0,1782361535.7056873,0.0018343925476074219
249453,normal,2773,0,1782361535.7079155,0.002228260040283203
249454,normal,2291,0,1782361535.709857,0.0019414424896240234
249455,normal,2741,0,1782361535.7117336,0.0018765926361083984
249456,normal,1629,0,1782361535.7139077,0.0021741390228271484
249457,normal,627,0,1782361535.7158556,0.0019478797912597656
249458,normal,2111,0,1782361535.7176876,0.0018320083618164062
249459,normal,1516,0,1782361535.7199156,0.0022280216217041016
249460,normal,1648,0,1782361535.721854,0.0019383430480957031
249461,normal,1392,0,1782361535.7237034,0.0018494129180908203
249462,normal,869,2,1782361535.7259128,0.0022094249725341797
249463,normal,341,0,1782361535.727857,0.0019443035125732422
249464,normal,2518,0,1782361535.7296882,0.0018310546875
249465,normal,3043,0,1782361535.7318604,0.002172231674194336
249466,normal,3368,1,1782361535.7338483,0.001987934112548828
249467,normal,3206,1,1782361535.7357125,0.0018641948699951172
249468,normal,387,0,1782361535.737886,0.0021734237670898438
249469,normal,2268,0,1782361535.7398546,0.0019686222076416016
249470,normal,793,2,1782361535.7417016,0.0018470287322998047
249471,normal,3034,0,1782361535.7439015,0.002199888229370117
249472,normal,1978,0,1782361535.7458742,0.001972675323486328
249473,normal,826,2,1782361535.7477014,0.001827239990234375
249474,normal,584,0,1782361535.7498899,0.002188444137573242
249475,normal,1695,0,1782361535.751855,0.001965045928955078
249476,normal,2792,0,1782361535.7537127,0.001857757568359375
249477,normal,315,0,1782361535.755902,0.0021893978118896484
249478,normal,197,0,1782361535.757874,0.0019719600677490234
249479,normal,3055,1,1782361535.759692,0.001817941665649414
249480,normal,661,0,1782361535.7618954,0.0022034645080566406
249481,normal,1498,0,1782361535.7638483,0.0019528865814208984
249482,normal,1380,1,1782361535.7657096,0.0018613338470458984
249483,normal,1503,0,1782361535.7678971,0.002187490463256836
249484,normal,2585,0,1782361535.7698727,0.001975536346435547
249485,normal,414,0,1782361535.7717226,0.0018498897552490234
249486,normal,943,2,1782361535.7738998,0.0021772384643554688
249487,normal,783,2,1782361535.7758865,0.0019867420196533203
249488,normal,784,2,1782361535.777693,0.001806497573852539
249489,normal,115,0,1782361535.779905,0.002212047576904297
249490,normal,1415,0,1782361535.7818747,0.001969575881958008
249491,normal,1834,0,1782361535.7836876,0.0018129348754882812
249492,normal,1115,0,1782361535.785921,0.0022335052490234375
249493,normal,2218,0,1782361535.7878535,0.001932382583618164
249494,normal,542,0,1782361535.789704,0.0018506050109863281
249495,normal,1597,0,1782361535.7919137,0.0022096633911132812
249496,normal,3688,0,1782361535.7938757,0.001961946487426758
249497,normal,3491,0,1782361535.7957134,0.0018377304077148438
249498,normal,1754,0,1782361535.7979152,0.0022017955780029297
249499,normal,576,0,1782361535.799851,0.001935720443725586
249500,normal,3476,0,1782361535.8016872,0.0018362998962402344
249501,normal,3339,1,1782361535.803912,0.0022246837615966797
249502,normal,2586,0,1782361535.8058712,0.0019593238830566406
249503,normal,250,0,1782361535.8076918,0.0018205642700195312
249504,normal,48,0,1782361535.809918,0.002226114273071289
249505,normal,2126,0,1782361535.8118443,0.001926422119140625
249506,normal,1028,2,1782361535.8137255,0.0018811225891113281
249507,normal,565,0,1782361535.8159184,0.002192974090576172
249508,normal,1260,0,1782361535.8178456,0.0019271373748779297
249509,normal,1612,0,1782361535.8196998,0.0018541812896728516
249510,normal,3149,1,1782361535.8218622,0.002162456512451172
249511,normal,1564,0,1782361535.823851,0.0019888877868652344
249512,normal,2071,0,1782361535.825698,0.0018467903137207031
249513,normal,2587,0,1782361535.8278642,0.002166271209716797
249514,normal,3155,1,1782361535.82985,0.001985788345336914
249515,normal,1228,0,1782361535.8316948,0.0018448829650878906
249516,normal,1220,0,1782361535.8338664,0.0021715164184570312
249517,normal,732,0,1782361535.8358514,0.0019850730895996094
249518,normal,1611,0,1782361535.8377028,0.0018513202667236328
249519,normal,822,2,1782361535.8398712,0.002168416976928711
249520,normal,1934,0,1782361535.8418493,0.001978158950805664
249521,normal,1932,0,1782361535.843695,0.0018455982208251953
249522,normal,2954,0,1782361535.8458736,0.002178668975830078
249523,normal,55,0,1782361535.8478584,0.001984834671020508
249524,normal,1746,0,1782361535.8496919,0.0018334388732910156
249525,normal,1806,0,1782361535.8518744,0.002182483673095703
249526,normal,582,0,1782361535.8538723,0.0019979476928710938
249527,normal,3227,1,1782361535.8556917,0.0018193721771240234
249528,normal,650,0,1782361535.8578763,0.002184629440307617
249529,normal,723,0,1782361535.859846,0.0019698143005371094
249530,normal,718,0,1782361535.8616931,0.0018470287322998047
249531,normal,1674,0,1782361535.8638804,0.0021872520446777344
249532,normal,2015,0,1782361535.8658803,0.0019998550415039062
249533,normal,1020,2,1782361535.8676949,0.0018146038055419922
249534,normal,1956,0,1782361535.8698812,0.002186298370361328
249535,normal,183,0,1782361535.8718493,0.0019681453704833984
249536,normal,1493,0,1782361535.873704,0.0018546581268310547
249537,normal,3701,0,1782361535.8758724,0.002168416976928711
249538,normal,2928,0,1782361535.8778453,0.0019729137420654297
249539,normal,3088,1,1782361535.8796937,0.001848459243774414
249540,normal,2829,0,1782361535.8818843,0.0021905899047851562
249541,normal,3114,1,1782361535.8838522,0.001967906951904297
249542,normal,1303,0,1782361535.8856936,0.0018413066864013672
249543,normal,2028,0,1782361535.8878882,0.002194643020629883
249544,normal,1049,0,1782361535.8898976,0.0020093917846679688
249545,normal,539,0,1782361535.8916917,0.0017940998077392578
249546,normal,122,0,1782361535.8938904,0.0021986961364746094
249547,normal,1369,1,1782361535.8958497,0.0019593238830566406
249548,normal,2850,0,1782361535.8976939,0.001844167709350586
249549,normal,3583,0,1782361535.8998933,0.002199411392211914
249550,normal,813,2,1782361535.9018505,0.0019571781158447266
249551,normal,411,0,1782361535.903694,0.0018434524536132812
249552,normal,930,2,1782361535.9058945,0.002200603485107422
249553,normal,2604,0,1782361535.9078755,0.001981019973754883
249554,normal,3054,1,1782361535.9096942,0.0018186569213867188
249555,normal,995,2,1782361535.911903,0.002208709716796875
249556,normal,3553,0,1782361535.9138439,0.0019409656524658203
249557,normal,3004,0,1782361535.915701,0.0018570423126220703
249558,normal,11,0,1782361535.9178987,0.002197742462158203
249559,normal,330,0,1782361535.9199185,0.0020198822021484375
249560,normal,3567,0,1782361535.9216948,0.0017762184143066406
249561,normal,1879,0,1782361535.9237316,0.0020368099212646484
249562,normal,2752,0,1782361535.9258962,0.002164602279663086
249563,normal,82,0,1782361535.9276943,0.0017981529235839844
249564,normal,2724,0,1782361535.929732,0.0020377635955810547
249565,normal,1439,0,1782361535.9318774,0.0021452903747558594
249566,normal,3297,1,1782361535.9336927,0.0018153190612792969
249567,normal,742,0,1782361535.9357357,0.002043008804321289
249568,normal,1008,2,1782361535.9378757,0.002140045166015625
249569,normal,2294,0,1782361535.9397051,0.001829385757446289
249570,normal,562,0,1782361535.9417362,0.002031087875366211
249571,normal,3362,1,1782361535.943788,0.002051830291748047
249572,normal,1075,0,1782361535.9456294,0.0018413066864013672
249573,normal,1232,0,1782361535.9476252,0.0019958019256591797
249574,normal,2977,0,1782361535.949777,0.0021517276763916016
249575,normal,131,0,1782361535.9516294,0.0018525123596191406
249576,normal,1293,0,1782361535.9536312,0.0020017623901367188
249577,normal,3639,0,1782361535.9557016,0.0020704269409179688
249578,normal,2720,0,1782361535.9576323,0.0019307136535644531
249579,normal,536,0,1782361535.9596243,0.0019919872283935547
249580,normal,1268,0,1782361535.961701,0.0020766258239746094
249581,normal,319,0,1782361535.9636288,0.0019278526306152344
249582,normal,1483,0,1782361535.965625,0.001996278762817383
249583,normal,3048,1,1782361535.9676948,0.002069711685180664
249584,normal,2542,0,1782361535.9696307,0.0019359588623046875
249585,normal,447,0,1782361535.9716249,0.0019941329956054688
249586,normal,1334,1,1782361535.973711,0.002086162567138672
249587,normal,1353,1,1782361535.9756594,0.0019483566284179688
249588,normal,1386,0,1782361535.9776301,0.0019707679748535156
249589,normal,3141,1,1782361535.9797018,0.0020716190338134766
249590,normal,354,0,1782361535.9816296,0.0019278526306152344
249591,normal,2342,0,1782361535.983624,0.0019943714141845703
249592,normal,817,2,1782361535.9857175,0.0020935535430908203
249593,normal,1895,0,1782361535.9876301,0.0019125938415527344
249594,normal,3673,0,1782361535.9896257,0.001995563507080078
249595,normal,986,2,1782361535.9916992,0.002073526382446289
249596,normal,1530,0,1782361535.9936361,0.0019369125366210938
249597,normal,3005,0,1782361535.9956226,0.0019865036010742188
249598,normal,525,0,1782361535.9976993,0.0020766258239746094
249599,normal,2531,0,1782361535.999635,0.001935720443725586
249600,normal,116,0,1782361536.0016353,0.0020003318786621094
249601,normal,850,2,1782361536.0037012,0.002065896987915039
249602,normal,2374,0,1782361536.005627,0.0019257068634033203
249603,normal,999,2,1782361536.0076349,0.0020079612731933594
249604,normal,348,0,1782361536.0096998,0.002064943313598633
249605,normal,2600,0,1782361536.0116248,0.0019249916076660156
249606,normal,1800,0,1782361536.013695,0.002070188522338867
249607,normal,3677,0,1782361536.0157347,0.002039670944213867
249608,normal,1376,1,1782361536.017653,0.0019183158874511719
249609,normal,1737,0,1782361536.019648,0.001995086669921875
249610,normal,3216,1,1782361536.0217247,0.0020766258239746094
249611,normal,2894,0,1782361536.0236773,0.0019526481628417969
249612,normal,2169,0,1782361536.0256448,0.0019674301147460938
249613,normal,2976,0,1782361536.027727,0.0020821094512939453
249614,normal,619,0,1782361536.0296876,0.00196075439453125
249615,normal,3058,1,1782361536.0316513,0.0019636154174804688
249616,normal,1823,0,1782361536.0337226,0.002071380615234375
249617,normal,876,2,1782361536.0356493,0.0019266605377197266
249618,normal,22,0,1782361536.0376437,0.0019943714141845703
249619,normal,202,0,1782361536.039744,0.002100229263305664
249620,normal,3098,1,1782361536.0416496,0.001905679702758789
249621,normal,953,2,1782361536.0436468,0.001997232437133789
249622,normal,3546,0,1782361536.0457227,0.0020759105682373047
249623,normal,1306,0,1782361536.047649,0.0019261837005615234
249624,normal,1857,0,1782361536.0496466,0.001997709274291992
249625,normal,1980,0,1782361536.0517452,0.002098560333251953
249626,normal,2089,0,1782361536.0536458,0.0019006729125976562
249627,normal,630,0,1782361536.055645,0.0019991397857666016
249628,normal,3089,1,1782361536.057722,0.0020771026611328125
249629,normal,1534,0,1782361536.0596824,0.001960277557373047
249630,normal,3112,1,1782361536.0616481,0.001965761184692383
249631,normal,1132,0,1782361536.0637252,0.0020771026611328125
249632,normal,1903,0,1782361536.0656502,0.0019249916076660156
249633,normal,222,0,1782361536.0676467,0.0019965171813964844
249634,normal,2629,0,1782361536.0697238,0.0020771026611328125
249635,normal,167,0,1782361536.0716882,0.0019643306732177734
249636,normal,3445,0,1782361536.0736554,0.001967191696166992
249637,normal,1286,0,1782361536.075719,0.002063751220703125
249638,normal,2371,0,1782361536.0776486,0.0019295215606689453
249639,normal,573,0,1782361536.0796463,0.001997709274291992
249640,normal,187,0,1782361536.081721,0.002074718475341797
249641,normal,633,0,1782361536.083676,0.0019550323486328125
249642,normal,476,0,1782361536.085643,0.0019669532775878906
249643,normal,3479,0,1782361536.0877225,0.002079486846923828
249644,normal,3518,0,1782361536.0896575,0.0019350051879882812
249645,normal,2140,0,1782361536.091645,0.001987457275390625
249646,normal,1960,0,1782361536.0937197,0.002074718475341797
249647,normal,2864,0,1782361536.0956855,0.001965761184692383
249648,normal,1257,0,1782361536.0976448,0.0019593238830566406
249649,normal,2214,0,1782361536.0997152,0.0020704269409179688
249650,normal,2557,0,1782361536.1016505,0.0019352436065673828
249651,normal,2300,0,1782361536.1036463,0.0019958019256591797
249652,normal,3416,0,1782361536.1057165,0.002070188522338867
249653,normal,744,0,1782361536.1076508,0.0019342899322509766
249654,normal,240,0,1782361536.1096509,0.002000093460083008
249655,normal,2534,0,1782361536.1117194,0.0020685195922851562
249656,normal,247,0,1782361536.11368,0.0019605159759521484
249657,normal,3371,1,1782361536.1156447,0.0019648075103759766
249658,normal,2266,0,1782361536.1177235,0.0020787715911865234
249659,normal,3130,1,1782361536.1198287,0.002105236053466797
249660,normal,2538,0,1782361536.1221616,0.002332925796508789
249661,normal,3399,1,1782361536.1245518,0.002390146255493164
249662,normal,1308,0,1782361536.1257286,0.0011768341064453125
249663,normal,2580,0,1782361536.1277905,0.0020618438720703125
249664,normal,371,0,1782361536.129648,0.0018575191497802734
249665,normal,1520,0,1782361536.1315966,0.0019485950469970703
249666,normal,920,2,1782361536.133617,0.0020203590393066406
249667,normal,1399,0,1782361536.135758,0.0021409988403320312
249668,normal,34,0,1782361536.1376774,0.0019195079803466797
249669,normal,2601,0,1782361536.1397066,0.0020291805267333984
249670,normal,1678,0,1782361536.1417556,0.002048969268798828
249671,normal,3457,0,1782361536.1436853,0.0019297599792480469
249672,normal,538,0,1782361536.1459582,0.0022728443145751953
249673,normal,2198,0,1782361536.1479409,0.0019826889038085938
249674,normal,631,0,1782361536.1497562,0.0018153190612792969
249675,normal,580,0,1782361536.1517282,0.0019719600677490234
249676,normal,1511,0,1782361536.1537225,0.0019943714141845703
249677,normal,3559,0,1782361536.1557422,0.002019643783569336
249678,normal,2124,0,1782361536.1577265,0.0019843578338623047
249679,normal,1495,0,1782361536.1597068,0.001980304718017578
249680,normal,140,0,1782361536.161744,0.0020372867584228516
249681,normal,2463,0,1782361536.1636345,0.001890420913696289
249682,normal,2539,0,1782361536.1657786,0.0021440982818603516
249683,normal,2168,0,1782361536.16768,0.001901388168334961
249684,normal,3244,1,1782361536.1696784,0.001998424530029297
249685,normal,2952,0,1782361536.171791,0.0021126270294189453
249686,normal,899,2,1782361536.173715,0.0019240379333496094
249687,normal,2194,0,1782361536.1757057,0.0019905567169189453
249688,normal,1522,0,1782361536.1777716,0.002065896987915039
249689,normal,978,2,1782361536.1796517,0.0018801689147949219
249690,normal,3434,0,1782361536.1817298,0.0020780563354492188
249691,normal,2889,0,1782361536.183932,0.002202272415161133
249692,normal,2354,0,1782361536.1860578,0.0021257400512695312
249693,normal,2888,0,1782361536.1877382,0.0016803741455078125
249694,normal,2553,0,1782361536.1897008,0.0019626617431640625
249695,normal,1481,0,1782361536.1917336,0.002032756805419922
249696,normal,1659,0,1782361536.1937795,0.002045869827270508
249697,normal,1274,0,1782361536.1957986,0.002019166946411133
249698,normal,1798,0,1782361536.1977553,0.0019567012786865234
249699,normal,3593,0,1782361536.1996775,0.0019221305847167969
249700,normal,2082,0,1782361536.2018948,0.0022172927856445312
249701,normal,664,0,1782361536.2037342,0.0018393993377685547
249702,normal,499,0,1782361536.2058456,0.0021114349365234375
249703,normal,3382,1,1782361536.2078817,0.0020360946655273438
249704,normal,1146,0,1782361536.2096927,0.0018110275268554688
249705,normal,3649,0,1782361536.2116885,0.0019958019256591797
249706,normal,178,0,1782361536.213742,0.002053499221801758
249707,normal,1922,0,1782361536.2156806,0.0019385814666748047
249708,normal,3664,0,1782361536.2177126,0.002032041549682617
249709,normal,3328,1,1782361536.219689,0.0019762516021728516
249710,normal,758,0,1782361536.2218692,0.002180337905883789
249711,normal,128,0,1782361536.2236876,0.0018184185028076172
249712,normal,1359,1,1782361536.2258196,0.002131938934326172
249713,normal,1769,0,1782361536.2277665,0.0019469261169433594
249714,normal,35,0,1782361536.2296052,0.00183868408203125
249715,normal,2994,0,1782361536.2317321,0.002126932144165039
249716,normal,384,0,1782361536.2337298,0.001997709274291992
249717,normal,3370,1,1782361536.235852,0.002122163772583008
249718,normal,419,0,1782361536.2378035,0.001951456069946289
249719,normal,1018,2,1782361536.239724,0.001920461654663086
249720,normal,3209,1,1782361536.2418492,0.002125263214111328
249721,normal,3220,1,1782361536.2437687,0.0019195079803466797
249722,normal,1053,0,1782361536.245588,0.0018193721771240234
249723,normal,816,2,1782361536.247589,0.002001047134399414
249724,normal,708,0,1782361536.2497566,0.0021674633026123047
249725,normal,343,0,1782361536.251881,0.002124309539794922
249726,normal,2639,0,1782361536.2546158,0.0027348995208740234
249727,normal,357,0,1782361536.2558625,0.0012466907501220703
249728,normal,1720,0,1782361536.2578197,0.0019571781158447266
249729,normal,866,2,1782361536.2598822,0.002062559127807617
249730,normal,1200,0,1782361536.2617724,0.0018901824951171875
249731,normal,1109,0,1782361536.263719,0.0019466876983642578
249732,normal,2012,0,1782361536.2657528,0.002033710479736328
249733,normal,2139,0,1782361536.267737,0.001984119415283203
249734,normal,1606,0,1782361536.269634,0.0018970966339111328
249735,normal,2031,0,1782361536.2715988,0.0019648075103759766
249736,normal,2654,0,1782361536.2736895,0.0020906925201416016
249737,normal,3321,1,1782361536.2757537,0.002064228057861328
249738,normal,2657,0,1782361536.2775986,0.0018448829650878906
249739,normal,1420,0,1782361536.279685,0.0020864009857177734
249740,normal,845,2,1782361536.2815926,0.0019075870513916016
249741,normal,123,0,1782361536.283596,0.0020034313201904297
249742,normal,1644,0,1782361536.2859905,0.002394437789916992
249743,normal,1358,1,1782361536.2879465,0.0019559860229492188
249744,normal,2563,0,1782361536.2897403,0.0017938613891601562
249745,normal,3170,1,1782361536.2919114,0.002171039581298828
249746,normal,2946,0,1782361536.2937868,0.0018754005432128906
249747,normal,1207,0,1782361536.2956848,0.001898050308227539
249748,normal,1623,0,1782361536.2978027,0.0021178722381591797
249749,normal,2605,0,1782361536.299753,0.0019502639770507812
249750,normal,265,0,1782361536.3019462,0.0021932125091552734
249751,normal,184,0,1782361536.3037496,0.0018033981323242188
249752,normal,3464,0,1782361536.3056762,0.0019266605377197266
249753,normal,1502,0,1782361536.3077962,0.0021200180053710938
249754,normal,78,0,1782361536.309798,0.0020017623901367188
249755,normal,2695,0,1782361536.3116949,0.0018968582153320312
249756,normal,1194,0,1782361536.3138776,0.0021827220916748047
249757,normal,1545,0,1782361536.3157365,0.0018589496612548828
249758,normal,2101,0,1782361536.317726,0.0019893646240234375
249759,normal,1497,0,1782361536.3197463,0.0020203590393066406
249760,normal,1679,0,1782361536.3222597,0.002513408660888672
249761,normal,772,2,1782361536.323689,0.0014293193817138672
249762,normal,737,0,1782361536.325679,0.001990079879760742
249763,normal,644,0,1782361536.327829,0.002149820327758789
249764,normal,623,0,1782361536.329651,0.0018222332000732422
249765,normal,966,2,1782361536.331751,0.0020999908447265625
249766,normal,249,0,1782361536.3337526,0.002001523971557617
249767,normal,3162,1,1782361536.335833,0.0020804405212402344
249768,normal,1829,0,1782361536.337606,0.0017728805541992188
249769,normal,2821,0,1782361536.3398602,0.0022542476654052734
249770,normal,2925,0,1782361536.3416991,0.0018389225006103516
249771,normal,3343,1,1782361536.3436482,0.0019490718841552734
249772,normal,1241,0,1782361536.3456578,0.0020096302032470703
249773,normal,2680,0,1782361536.3476942,0.0020363330841064453
249774,normal,2439,0,1782361536.3497415,0.002047300338745117
249775,normal,358,0,1782361536.3518395,0.00209808349609375
249776,normal,1801,0,1782361536.3537188,0.0018792152404785156
249777,normal,2765,0,1782361536.3557966,0.002077817916870117
249778,normal,1432,0,1782361536.3578196,0.002022981643676758
249779,normal,1289,0,1782361536.3597493,0.0019297599792480469
249780,normal,1842,0,1782361536.3617694,0.002020120620727539
249781,normal,3495,0,1782361536.3636963,0.0019268989562988281
249782,normal,1320,1,1782361536.3657076,0.0020112991333007812
249783,normal,757,0,1782361536.3676844,0.0019767284393310547
249784,normal,3603,0,1782361536.3697436,0.0020592212677001953
249785,normal,800,2,1782361536.3717268,0.001983165740966797
249786,normal,3234,1,1782361536.3736048,0.0018780231475830078
249787,normal,361,0,1782361536.3757174,0.0021126270294189453
249788,normal,2844,0,1782361536.3776977,0.001980304718017578
249789,normal,1351,1,1782361536.379683,0.001985311508178711
249790,normal,2147,0,1782361536.381713,0.002029895782470703
249791,normal,1009,2,1782361536.3837266,0.002013683319091797
249792,normal,2975,0,1782361536.3856373,0.0019106864929199219
249793,normal,524,0,1782361536.3876746,0.0020372867584228516
249794,normal,1696,0,1782361536.3897007,0.002026081085205078
249795,normal,1405,0,1782361536.3916912,0.0019905567169189453
249796,normal,3561,0,1782361536.3936539,0.0019626617431640625
249797,normal,3388,1,1782361536.3956861,0.0020322799682617188
249798,normal,1521,0,1782361536.39772,0.0020339488983154297
249799,normal,14,0,1782361536.3998477,0.0021276473999023438
249800,normal,2937,0,1782361536.4016023,0.0017545223236083984
249801,normal,607,0,1782361536.4036942,0.0020918846130371094
249802,normal,3471,0,1782361536.4057212,0.0020270347595214844
249803,normal,519,0,1782361536.407627,0.0019059181213378906
249804,normal,1779,0,1782361536.4096372,0.0020101070404052734
249805,normal,2750,0,1782361536.411637,0.0019998550415039062
249806,normal,496,0,1782361536.4136531,0.0020160675048828125
249807,normal,641,0,1782361536.4156914,0.002038240432739258
249808,normal,3041,0,1782361536.4177036,0.0020122528076171875
249809,normal,3431,0,1782361536.4197292,0.002025604248046875
249810,normal,1258,0,1782361536.42173,0.0020008087158203125
249811,normal,101,0,1782361536.4237237,0.0019936561584472656
249812,normal,1533,0,1782361536.4257634,0.002039670944213867
249813,normal,104,0,1782361536.4277065,0.0019431114196777344
249814,normal,1943,0,1782361536.4297411,0.0020346641540527344
249815,normal,337,0,1782361536.4318435,0.002102375030517578
249816,normal,3145,1,1782361536.4336421,0.0017986297607421875
249817,normal,3184,1,1782361536.435762,0.002119779586791992
249818,normal,2368,0,1782361536.4377162,0.001954317092895508
249819,normal,2612,0,1782361536.4398031,0.0020868778228759766
249820,normal,806,2,1782361536.441774,0.0019707679748535156
249821,normal,3075,1,1782361536.4436285,0.0018546581268310547
249822,normal,1634,0,1782361536.4457905,0.0021619796752929688
249823,normal,1647,0,1782361536.4478781,0.0020875930786132812
249824,normal,1464,0,1782361536.4500866,0.0022084712982177734
249825,normal,3344,1,1782361536.4517279,0.0016412734985351562
249826,normal,2406,0,1782361536.4537404,0.002012491226196289
249827,normal,2907,0,1782361536.4556043,0.0018639564514160156
249828,normal,1277,0,1782361536.4576385,0.0020341873168945312
249829,normal,3492,0,1782361536.459764,0.0021255016326904297
249830,normal,2923,0,1782361536.4617357,0.001971721649169922
249831,normal,2812,0,1782361536.4636102,0.0018744468688964844
249832,normal,572,0,1782361536.4656851,0.0020749568939208984
249833,normal,3647,0,1782361536.4676838,0.0019986629486083984
249834,normal,2761,0,1782361536.469695,0.0020112991333007812
249835,normal,195,0,1782361536.4718435,0.0021483898162841797
249836,normal,3296,1,1782361536.4738247,0.0019812583923339844
249837,normal,3326,1,1782361536.4756858,0.0018610954284667969
249838,normal,2516,0,1782361536.4777734,0.0020875930786132812
249839,normal,2727,0,1782361536.4796877,0.0019142627716064453
249840,normal,3240,1,1782361536.4817677,0.0020799636840820312
249841,normal,1402,0,1782361536.4836383,0.0018706321716308594
249842,normal,1403,0,1782361536.4858868,0.002248525619506836
249843,normal,1988,0,1782361536.4877722,0.0018854141235351562
249844,normal,227,0,1782361536.489853,0.002080678939819336
249845,normal,698,0,1782361536.491798,0.0019450187683105469
249846,normal,2599,0,1782361536.493985,0.002187013626098633
249847,normal,699,0,1782361536.4957736,0.0017886161804199219
249848,normal,1840,0,1782361536.4976575,0.0018839836120605469
249849,normal,3574,0,1782361536.4998,0.0021424293518066406
249850,normal,406,0,1782361536.501777,0.0019769668579101562
249851,normal,2430,0,1782361536.503672,0.0018949508666992188
249852,normal,72,0,1782361536.505781,0.002109050750732422
249853,normal,3699,0,1782361536.5077798,0.0019989013671875
249854,normal,1745,0,1782361536.509708,0.001928091049194336
249855,normal,756,0,1782361536.5118775,0.0021696090698242188
249856,normal,2810,0,1782361536.5138865,0.0020089149475097656
249857,normal,1507,0,1782361536.5157135,0.0018270015716552734
249858,normal,2189,0,1782361536.5177,0.0019865036010742188
249859,normal,785,2,1782361536.519838,0.0021381378173828125
249860,normal,2693,0,1782361536.5217664,0.0019283294677734375
249861,normal,418,0,1782361536.5237749,0.0020084381103515625
249862,normal,2202,0,1782361536.5257509,0.00197601318359375
249863,normal,1017,2,1782361536.5276964,0.00194549560546875
249864,normal,2285,0,1782361536.529677,0.0019805431365966797
249865,normal,2796,0,1782361536.5317066,0.0020296573638916016
249866,normal,118,0,1782361536.5336568,0.0019502639770507812
249867,normal,2876,0,1782361536.535683,0.002026081085205078
249868,normal,2579,0,1782361536.537774,0.0020911693572998047
249869,normal,1282,0,1782361536.5396183,0.001844167709350586
249870,normal,1484,0,1782361536.5416093,0.0019910335540771484
249871,normal,1178,0,1782361536.543711,0.0021016597747802734
249872,normal,3436,0,1782361536.545605,0.0018939971923828125
249873,normal,2860,0,1782361536.5476086,0.0020036697387695312
249874,normal,3129,1,1782361536.5497637,0.0021550655364990234
249875,normal,2277,0,1782361536.5517793,0.0020155906677246094
249876,normal,746,0,1782361536.553675,0.0018956661224365234
249877,normal,2687,0,1782361536.5557253,0.0020503997802734375
249878,normal,2743,0,1782361536.557658,0.0019326210021972656
249879,normal,2767,0,1782361536.5596237,0.001965761184692383
249880,normal,2985,0,1782361536.5617065,0.00208282470703125
249881,normal,325,0,1782361536.5637906,0.002084016799926758
249882,normal,2295,0,1782361536.565632,0.0018415451049804688
249883,normal,176,0,1782361536.5678992,0.002267122268676758
249884,normal,1247,0,1782361536.5697162,0.0018169879913330078
249885,normal,2254,0,1782361536.571705,0.0019888877868652344
249886,normal,1906,0,1782361536.573789,0.0020837783813476562
249887,normal,3320,1,1782361536.575929,0.002140045166015625
249888,normal,2346,0,1782361536.577681,0.0017521381378173828
249889,normal,2160,0,1782361536.5798273,0.0021462440490722656
249890,normal,2839,0,1782361536.581702,0.001874685287475586
249891,normal,3417,0,1782361536.583693,0.0019910335540771484
249892,normal,2341,0,1782361536.5856469,0.0019538402557373047
249893,normal,2125,0,1782361536.58765,0.002003192901611328
249894,normal,1858,0,1782361536.589594,0.001943826675415039
249895,normal,3472,0,1782361536.5917304,0.0021364688873291016
249896,normal,2133,0,1782361536.593639,0.0019085407257080078
249897,normal,434,0,1782361536.595642,0.002003192901611328
249898,normal,592,0,1782361536.5976338,0.001991748809814453
249899,normal,2519,0,1782361536.5998092,0.0021753311157226562
249900,normal,2927,0,1782361536.601813,0.002003908157348633
249901,normal,3301,1,1782361536.6037283,0.0019152164459228516
249902,normal,3397,1,1782361536.6058984,0.002170085906982422
249903,normal,585,0,1782361536.6077485,0.001850128173828125
249904,normal,3132,1,1782361536.6097908,0.0020422935485839844
249905,normal,2250,0,1782361536.611686,0.0018951892852783203
249906,normal,3668,0,1782361536.613696,0.0020101070404052734
249907,normal,1217,0,1782361536.61586,0.0021638870239257812
249908,normal,1147,0,1782361536.6177144,0.0018544197082519531
249909,normal,894,2,1782361536.619636,0.0019216537475585938
249910,normal,1681,0,1782361536.621751,0.002115011215209961
249911,normal,951,2,1782361536.6236467,0.0018956661224365234
249912,normal,2576,0,1782361536.6256466,0.0019998550415039062
249913,normal,3125,1,1782361536.627862,0.0022153854370117188
249914,normal,2272,0,1782361536.629696,0.0018339157104492188
249915,normal,1542,0,1782361536.6316874,0.0019915103912353516
249916,normal,1451,0,1782361536.6339438,0.0022563934326171875
249917,normal,2170,0,1782361536.6364882,0.002544403076171875
249918,normal,728,0,1782361536.6377661,0.001277923583984375
249919,normal,2061,0,1782361536.6397002,0.001934051513671875
249920,normal,2183,0,1782361536.641758,0.002057790756225586
249921,normal,980,2,1782361536.643795,0.00203704833984375
249922,normal,2533,0,1782361536.6457622,0.001967191696166992
249923,normal,695,0,1782361536.647756,0.001993894577026367
249924,normal,2577,0,1782361536.6498113,0.0020551681518554688
249925,normal,2630,0,1782361536.651692,0.001880645751953125
249926,normal,2141,0,1782361536.6538184,0.002126455307006836
249927,normal,372,0,1782361536.656037,0.0022187232971191406
249928,normal,3299,1,1782361536.6577911,0.0017540454864501953
249929,normal,3540,0,1782361536.6596556,0.0018644332885742188
249930,normal,3157,1,1782361536.6617866,0.0021309852600097656
249931,normal,950,2,1782361536.6638103,0.0020236968994140625
249932,normal,3044,0,1782361536.6656888,0.001878499984741211
249933,normal,274,0,1782361536.6677988,0.002110004425048828
249934,normal,1750,0,1782361536.6697433,0.0019445419311523438
249935,normal,3415,0,1782361536.6717038,0.0019605159759521484
249936,normal,2400,0,1782361536.6738567,0.0021529197692871094
249937,normal,436,0,1782361536.6758952,0.0020384788513183594
249938,normal,272,0,1782361536.6777127,0.001817464828491211
249939,normal,3066,1,1782361536.679719,0.0020062923431396484
249940,normal,160,0,1782361536.6818666,0.002147674560546875
249941,normal,1669,0,1782361536.6837587,0.00189208984375
249942,normal,2903,0,1782361536.6858332,0.0020744800567626953
249943,normal,3159,1,1782361536.6878772,0.0020439624786376953
249944,normal,1297,0,1782361536.6897418,0.0018646717071533203
249945,normal,2308,0,1782361536.6917155,0.0019736289978027344
249946,normal,2858,0,1782361536.6937244,0.0020089149475097656
249947,normal,2333,0,1782361536.695721,0.0019965171813964844
249948,normal,596,0,1782361536.6976943,0.001973390579223633
249949,normal,2824,0,1782361536.6998315,0.0021371841430664062
249950,normal,554,0,1782361536.7016423,0.0018107891082763672
249951,normal,825,2,1782361536.7036386,0.001996278762817383
249952,normal,3569,0,1782361536.7057505,0.0021119117736816406
249953,normal,108,0,1782361536.7076974,0.0019469261169433594
249954,normal,405,0,1782361536.7096336,0.001936197280883789
249955,normal,299,0,1782361536.711777,0.002143383026123047
249956,normal,38,0,1782361536.7137141,0.0019371509552001953
249957,normal,1952,0,1782361536.7158172,0.002103090286254883
249958,normal,2094,0,1782361536.7177746,0.001957416534423828
249959,normal,3373,1,1782361536.7196705,0.001895904541015625
249960,normal,186,0,1782361536.7216911,0.002020597457885742
249961,normal,3022,0,1782361536.723708,0.002016782760620117
249962,normal,2621,0,1782361536.7256062,0.0018982887268066406
249963,normal,385,0,1782361536.7276127,0.00200653076171875
249964,normal,2770,0,1782361536.7297418,0.002129077911376953
249965,normal,2405,0,1782361536.731718,0.0019762516021728516
249966,normal,1639,0,1782361536.733737,0.0020189285278320312
249967,normal,88,0,1782361536.7358863,0.002149343490600586
249968,normal,3081,1,1782361536.7377536,0.0018672943115234375
249969,normal,3196,1,1782361536.739728,0.001974344253540039
249970,normal,2744,0,1782361536.7417393,0.0020112991333007812
249971,normal,3325,1,1782361536.7437875,0.0020482540130615234
249972,normal,3249,1,1782361536.7457583,0.0019707679748535156
249973,normal,3404,0,1782361536.7477114,0.001953125
249974,normal,3693,0,1782361536.7496104,0.0018990039825439453
249975,normal,1600,0,1782361536.7516131,0.002002716064453125
249976,normal,2181,0,1782361536.753783,0.0021698474884033203
249977,normal,3135,1,1782361536.755685,0.0019021034240722656
249978,normal,432,0,1782361536.7576115,0.001926422119140625
249979,normal,91,0,1782361536.7597098,0.0020983219146728516
249980,normal,3242,1,1782361536.761612,0.0019021034240722656
249981,normal,2938,0,1782361536.7636309,0.0020189285278320312
249982,normal,971,2,1782361536.7662334,0.0026025772094726562
249983,normal,2569,0,1782361536.767789,0.0015554428100585938
249984,normal,1300,0,1782361536.7696483,0.001859426498413086
249985,normal,242,0,1782361536.7716568,0.0020084381103515625
249986,normal,1885,0,1782361536.7736824,0.002025604248046875
249987,normal,1160,0,1782361536.7756844,0.0020020008087158203
249988,normal,256,0,1782361536.7777994,0.002115011215209961
249989,normal,2047,0,1782361536.7796254,0.0018260478973388672
249990,normal,1797,0,1782361536.781651,0.002025604248046875
249991,normal,1310,0,1782361536.783689,0.0020380020141601562
249992,normal,2890,0,1782361536.785683,0.001993894577026367
249993,normal,339,0,1782361536.7876875,0.0020046234130859375
249994,normal,2240,0,1782361536.7898169,0.0021293163299560547
249995,normal,956,2,1782361536.7917516,0.0019347667694091797
249996,normal,2692,0,1782361536.7937737,0.0020220279693603516
249997,normal,1227,0,1782361536.7957819,0.002008199691772461
249998,normal,1993,0,1782361536.7977808,0.0019989013671875
249999,normal,1174,0,1782361536.7996428,0.0018620491027832031
250000,normal,5,0,1782361536.80199,0.002347230911254883
250001,normal,2095,0,1782361536.8038027,0.0018126964569091797
250002,normal,1585,0,1782361536.8057191,0.0019164085388183594
250003,normal,924,2,1782361536.8079844,0.0022652149200439453
250004,normal,3310,1,1782361536.8099613,0.0019769668579101562
250005,normal,952,2,1782361536.811717,0.0017557144165039062
250006,normal,2659,0,1782361536.813698,0.001981019973754883
250007,normal,2201,0,1782361536.815685,0.001986980438232422
250008,normal,1137,0,1782361536.8176966,0.002011537551879883
250009,normal,270,0,1782361536.8197048,0.002008199691772461
250010,normal,2143,0,1782361536.8216848,0.0019800662994384766
250011,normal,667,0,1782361536.8236377,0.0019528865814208984
250012,normal,3286,1,1782361536.8257053,0.00206756591796875
250013,normal,2427,0,1782361536.827724,0.0020186901092529297
250014,normal,326,0,1782361536.829749,0.002025127410888672
250015,normal,1987,0,1782361536.83178,0.0020308494567871094
250016,normal,3378,1,1782361536.8336484,0.0018684864044189453
250017,normal,712,0,1782361536.8357353,0.0020868778228759766
250018,normal,2429,0,1782361536.8377292,0.001993894577026367
250019,normal,1566,0,1782361536.8397489,0.002019643783569336
250020,normal,530,0,1782361536.8417268,0.0019779205322265625
250021,normal,54,0,1782361536.843707,0.001980304718017578
250022,normal,883,2,1782361536.8456926,0.0019855499267578125
250023,normal,3280,1,1782361536.847699,0.0020062923431396484
250024,normal,1396,0,1782361536.8498247,0.0021257400512695312
250025,normal,3119,1,1782361536.8516843,0.0018596649169921875
250026,normal,3545,0,1782361536.853745,0.0020606517791748047
250027,normal,1656,0,1782361536.8558598,0.0021147727966308594
250028,normal,3624,0,1782361536.857784,0.001924276351928711
250029,normal,1474,0,1782361536.859624,0.0018398761749267578
250030,normal,423,0,1782361536.8617141,0.0020902156829833984
250031,normal,3261,1,1782361536.8636253,0.001911163330078125
250032,normal,1318,0,1782361536.865708,0.00208282470703125
250033,normal,3551,0,1782361536.8677735,0.002065420150756836
250034,normal,1962,0,1782361536.8696876,0.0019140243530273438
250035,normal,2912,0,1782361536.8717184,0.0020308494567871094
250036,normal,2698,0,1782361536.8737397,0.002021312713623047
250037,normal,2222,0,1782361536.8757536,0.0020139217376708984
250038,normal,470,0,1782361536.877626,0.0018723011016845703
250039,normal,3133,1,1782361536.879686,0.0020601749420166016
250040,normal,1410,0,1782361536.8817277,0.0020415782928466797
250041,normal,2669,0,1782361536.8836362,0.0019085407257080078
250042,normal,804,2,1782361536.885632,0.0019958019256591797
250043,normal,517,0,1782361536.8876288,0.001996755599975586
250044,normal,3666,0,1782361536.8897002,0.002071380615234375
250045,normal,2979,0,1782361536.8917391,0.0020389556884765625
250046,normal,2029,0,1782361536.8936973,0.001958131790161133
250047,normal,2503,0,1782361536.8957431,0.002045869827270508
250048,normal,548,0,1782361536.897785,0.0020418167114257812
250049,normal,827,2,1782361536.8998744,0.0020895004272460938
250050,normal,1630,0,1782361536.9016738,0.0017993450164794922
250051,normal,2826,0,1782361536.9037294,0.002055644989013672
250052,normal,1796,0,1782361536.9057553,0.0020258426666259766
250053,normal,2566,0,1782361536.9077008,0.00194549560546875
250054,normal,2480,0,1782361536.9096346,0.0019338130950927734
250055,normal,715,0,1782361536.9116287,0.0019941329956054688
250056,normal,1347,1,1782361536.9136286,0.0019998550415039062
250057,normal,1361,1,1782361536.9157124,0.0020837783813476562
250058,normal,28,0,1782361536.9176471,0.0019347667694091797
250059,normal,2679,0,1782361536.9196255,0.0019783973693847656
250060,normal,935,2,1782361536.9216387,0.0020132064819335938
250061,normal,2468,0,1782361536.923623,0.0019843578338623047
250062,normal,3068,1,1782361536.925634,0.002010822296142578
250063,normal,444,0,1782361536.9279907,0.0023567676544189453
250064,normal,2298,0,1782361536.9296875,0.0016968250274658203
250065,normal,290,0,1782361536.9317975,0.002110004425048828
250066,normal,1736,0,1782361536.9336953,0.0018978118896484375
250067,normal,688,0,1782361536.9356585,0.0019631385803222656
250068,normal,1587,0,1782361536.9376774,0.0020189285278320312
250069,normal,2865,0,1782361536.9396877,0.002010345458984375
250070,normal,921,2,1782361536.9417539,0.0020661354064941406
250071,normal,2136,0,1782361536.943727,0.0019731521606445312
250072,normal,2310,0,1782361536.9456575,0.0019304752349853516
250073,normal,1326,1,1782361536.9476528,0.0019953250885009766
250074,normal,2083,0,1782361536.9496756,0.0020227432250976562
250075,normal,941,2,1782361536.9516783,0.002002716064453125
250076,normal,529,0,1782361536.9536865,0.002008199691772461
250077,normal,1125,0,1782361536.9557905,0.002104043960571289
250078,normal,3467,0,1782361536.9577577,0.001967191696166992
250079,normal,1072,0,1782361536.9596848,0.0019271373748779297
250080,normal,400,0,1782361536.9617615,0.0020766258239746094
250081,normal,789,2,1782361536.9644787,0.002717256546020508
250082,normal,407,0,1782361536.9660954,0.0016167163848876953
250083,normal,2640,0,1782361536.9677062,0.0016107559204101562
250084,normal,1744,0,1782361536.969706,0.0019998550415039062
250085,normal,3337,1,1782361536.971708,0.0020020008087158203
250086,normal,1422,0,1782361536.9737096,0.002001523971557617
250087,normal,3470,0,1782361536.9757826,0.002073049545288086
250088,normal,3188,1,1782361536.977803,0.0020203590393066406
250089,normal,3031,0,1782361536.9797177,0.0019147396087646484
250090,normal,3514,0,1782361536.9821026,0.0023849010467529297
250091,normal,2001,0,1782361536.9839926,0.001889944076538086
250092,normal,2076,0,1782361536.985706,0.0017135143280029297
250093,normal,1894,0,1782361536.9877663,0.0020601749420166016
250094,normal,327,0,1782361536.98965,0.0018837451934814453
250095,normal,888,2,1782361536.99175,0.0020999908447265625
250096,normal,3252,1,1782361536.993848,0.00209808349609375
250097,normal,1177,0,1782361536.9956503,0.001802206039428711
250098,normal,1367,1,1782361536.997687,0.0020368099212646484
250099,normal,1936,0,1782361536.9997113,0.0020241737365722656
250100,normal,3312,1,1782361537.0017047,0.001993417739868164
250101,normal,1549,0,1782361537.0037286,0.002023935317993164
250102,normal,2779,0,1782361537.0057464,0.0020177364349365234
250103,normal,1621,0,1782361537.007696,0.0019495487213134766
250104,normal,1891,0,1782361537.0096953,0.001999378204345703
250105,normal,2459,0,1782361537.0117154,0.002020120620727539
250106,normal,2172,0,1782361537.013721,0.0020055770874023438
250107,normal,833,2,1782361537.0157373,0.002016305923461914
250108,normal,821,2,1782361537.0177386,0.0020012855529785156
250109,normal,1821,0,1782361537.0196211,0.0018825531005859375
250110,normal,244,0,1782361537.0217056,0.002084493637084961
250111,normal,2176,0,1782361537.023711,0.002005338668823242
250112,normal,3534,0,1782361537.025696,0.0019850730895996094
250113,normal,1421,0,1782361537.0277104,0.0020143985748291016
250114,normal,2392,0,1782361537.0296957,0.001985311508178711
250115,normal,336,0,1782361537.0317202,0.002024412155151367
250116,normal,1878,0,1782361537.033686,0.001965761184692383
250117,normal,3614,0,1782361537.035758,0.0020720958709716797
250118,normal,1441,0,1782361537.0376315,0.0018734931945800781
250119,normal,2056,0,1782361537.0397456,0.0021140575408935547
250120,normal,1977,0,1782361537.0416813,0.001935720443725586
250121,normal,1114,0,1782361537.0437493,0.002068042755126953
250122,normal,1440,0,1782361537.0458531,0.0021038055419921875
250123,normal,2847,0,1782361537.0477605,0.0019073486328125
250124,normal,2191,0,1782361537.0500283,0.0022678375244140625
250125,normal,30,0,1782361537.0516942,0.0016658306121826172
250126,normal,145,0,1782361537.0537562,0.002062082290649414
250127,normal,1619,0,1782361537.055707,0.0019507408142089844
250128,normal,1084,0,1782361537.0577524,0.0020453929901123047
250129,normal,1349,1,1782361537.059721,0.0019686222076416016
250130,normal,1843,0,1782361537.0617204,0.001999378204345703
250131,normal,2735,0,1782361537.0637193,0.0019989013671875
250132,normal,458,0,1782361537.0657766,0.002057313919067383
250133,normal,2957,0,1782361537.0677557,0.0019791126251220703
250134,normal,292,0,1782361537.0698462,0.0020904541015625
250135,normal,2236,0,1782361537.0718777,0.002031564712524414
250136,normal,609,0,1782361537.0738947,0.0020170211791992188
250137,normal,2009,0,1782361537.0758085,0.0019137859344482422
250138,normal,2135,0,1782361537.0778532,0.002044677734375
250139,normal,1760,0,1782361537.0798519,0.0019986629486083984
250140,normal,1032,0,1782361537.0819726,0.0021207332611083984
250141,normal,2369,0,1782361537.083742,0.0017693042755126953
250142,normal,765,0,1782361537.0857282,0.001986265182495117
250143,normal,1682,0,1782361537.0877187,0.0019905567169189453
250144,normal,3243,1,1782361537.0897198,0.002001047134399414
250145,normal,3441,0,1782361537.091828,0.002108335494995117
250146,normal,3422,0,1782361537.0938041,0.00197601318359375
250147,normal,129,0,1782361537.09565,0.0018458366394042969
250148,normal,3349,1,1782361537.0977323,0.002082347869873047
250149,normal,1543,0,1782361537.0997255,0.0019931793212890625
250150,normal,2356,0,1782361537.101733,0.0020074844360351562
250151,normal,1045,0,1782361537.1043913,0.002658367156982422
250152,normal,1810,0,1782361537.1059988,0.0016074180603027344
250153,normal,2212,0,1782361537.1078506,0.001851797103881836
250154,normal,2025,0,1782361537.109676,0.0018253326416015625
250155,normal,2691,0,1782361537.1117744,0.002098560333251953
250156,normal,89,0,1782361537.113799,0.0020246505737304688
250157,normal,1414,0,1782361537.115762,0.001962900161743164
250158,normal,2505,0,1782361537.1178937,0.0021317005157470703
250159,normal,878,2,1782361537.1196895,0.0017957687377929688
250160,normal,2134,0,1782361537.1217656,0.0020761489868164062
250161,normal,2138,0,1782361537.123808,0.0020422935485839844
250162,normal,3164,1,1782361537.1257043,0.0018963813781738281
250163,normal,2878,0,1782361537.1277668,0.002062559127807617
250164,normal,873,2,1782361537.1302295,0.002462625503540039
250165,normal,2802,0,1782361537.1320632,0.0018336772918701172
250166,normal,709,0,1782361537.1337898,0.0017266273498535156
250167,normal,1569,0,1782361537.1358867,0.002096891403198242
250168,normal,2672,0,1782361537.1378431,0.001956462860107422
250169,normal,2044,0,1782361537.1398947,0.0020515918731689453
250170,normal,2932,0,1782361537.1418126,0.0019178390502929688
250171,normal,2260,0,1782361537.1440887,0.002276182174682617
250172,normal,2063,0,1782361537.14597,0.0018813610076904297
250173,normal,3057,1,1782361537.1479137,0.0019435882568359375
250174,normal,1129,0,1782361537.1498468,0.0019330978393554688
250175,normal,3604,0,1782361537.151862,0.0020151138305664062
250176,normal,1033,0,1782361537.1538506,0.001988649368286133
250177,normal,2921,0,1782361537.1558824,0.0020318031311035156
250178,normal,3682,0,1782361537.1577098,0.0018274784088134766
250179,normal,3453,0,1782361537.1598117,0.002101898193359375
250180,normal,109,0,1782361537.1618688,0.0020570755004882812
250181,normal,651,0,1782361537.1637235,0.0018546581268310547
250182,normal,1270,0,1782361537.1658502,0.0021266937255859375
250183,normal,923,2,1782361537.1677673,0.001917123794555664
250184,normal,459,0,1782361537.1698675,0.002100229263305664
250185,normal,949,2,1782361537.1717575,0.001889944076538086
250186,normal,760,0,1782361537.1738873,0.002129793167114258
250187,normal,2689,0,1782361537.175877,0.0019898414611816406
250188,normal,2130,0,1782361537.177634,0.001756906509399414
250189,normal,2165,0,1782361537.1797655,0.0021314620971679688
250190,normal,3630,0,1782361537.1816788,0.001913309097290039
250191,normal,802,2,1782361537.1837928,0.0021140575408935547
250192,normal,3482,0,1782361537.1859236,0.002130746841430664
250193,normal,2080,0,1782361537.1876936,0.00177001953125
250194,normal,3014,0,1782361537.1897085,0.0020148754119873047
250195,normal,798,2,1782361537.191809,0.0021004676818847656
250196,normal,3302,1,1782361537.1936483,0.0018393993377685547
250197,normal,12,0,1782361537.1957698,0.002121448516845703
250198,normal,1438,0,1782361537.197694,0.001924276351928711
250199,normal,2365,0,1782361537.1997027,0.002008676528930664
250200,normal,3557,0,1782361537.2017536,0.0020508766174316406
250201,normal,842,2,1782361537.2036908,0.0019371509552001953
250202,normal,1616,0,1782361537.2056417,0.001950979232788086
250203,normal,3507,0,1782361537.2076511,0.0020093917846679688
250204,normal,3510,0,1782361537.2098665,0.0022153854370117188
250205,normal,3697,0,1782361537.2116866,0.0018200874328613281
250206,normal,3040,0,1782361537.2138252,0.0021386146545410156
250207,normal,2559,0,1782361537.2158725,0.002047300338745117
250208,normal,863,2,1782361537.217728,0.0018553733825683594
250209,normal,3480,0,1782361537.220132,0.0024042129516601562
250210,normal,41,0,1782361537.2217035,0.0015714168548583984
250211,normal,1447,0,1782361537.2238183,0.0021147727966308594
250212,normal,3070,1,1782361537.2257214,0.0019030570983886719
250213,normal,563,0,1782361537.227747,0.002025604248046875
250214,normal,2322,0,1782361537.2296796,0.0019326210021972656
250215,normal,3377,1,1782361537.2316513,0.001971721649169922
250216,normal,468,0,1782361537.2337065,0.0020551681518554688
250217,normal,2565,0,1782361537.2357397,0.002033233642578125
250218,normal,1860,0,1782361537.23776,0.0020203590393066406
250219,normal,2784,0,1782361537.2397656,0.0020055770874023438
250220,normal,3152,1,1782361537.2417562,0.0019905567169189453
250221,normal,1035,0,1782361537.2437954,0.002039194107055664
250222,normal,3038,0,1782361537.2460847,0.002289295196533203
250223,normal,158,0,1782361537.247724,0.0016393661499023438
250224,normal,1459,0,1782361537.24972,0.0019960403442382812
250225,normal,1311,0,1782361537.2517824,0.0020623207092285156
250226,normal,2561,0,1782361537.2538097,0.002027273178100586
250227,normal,725,0,1782361537.255656,0.0018463134765625
250228,normal,2068,0,1782361537.2577195,0.0020635128021240234
250229,normal,761,0,1782361537.259771,0.0020515918731689453
250230,normal,1717,0,1782361537.2617931,0.0020220279693603516
250231,normal,1515,0,1782361537.2639048,0.002111673355102539
250232,normal,2882,0,1782361537.2656503,0.001745462417602539
250233,normal,2673,0,1782361537.267794,0.0021436214447021484
250234,normal,321,0,1782361537.2697303,0.0019364356994628906
250235,normal,3158,1,1782361537.271643,0.0019125938415527344
250236,normal,1476,0,1782361537.274245,0.002602100372314453
250237,normal,3680,0,1782361537.275809,0.00156402587890625
250238,normal,1387,0,1782361537.2778382,0.0020291805267333984
250239,normal,1722,0,1782361537.2798645,0.0020263195037841797
250240,normal,3487,0,1782361537.2817612,0.0018966197967529297
250241,normal,1852,0,1782361537.2836936,0.001932382583618164
250242,normal,861,2,1782361537.2858045,0.0021109580993652344
250243,normal,1209,0,1782361537.2877548,0.0019502639770507812
250244,normal,1984,0,1782361537.2901402,0.002385377883911133
250245,normal,3386,1,1782361537.291845,0.0017049312591552734
250246,normal,2866,0,1782361537.2938025,0.001957416534423828
250247,normal,931,2,1782361537.2956731,0.0018706321716308594
250248,normal,2608,0,1782361537.2978337,0.0021605491638183594
250249,normal,3692,0,1782361537.2997522,0.0019185543060302734
250250,normal,1128,0,1782361537.3016856,0.0019333362579345703
250251,normal,437,0,1782361537.303878,0.0021924972534179688
250252,normal,2386,0,1782361537.305807,0.0019290447235107422
250253,normal,1431,0,1782361537.307686,0.001878976821899414
250254,normal,161,0,1782361537.3098588,0.002172708511352539
250255,normal,455,0,1782361537.312647,0.0027883052825927734
250256,normal,550,0,1782361537.314035,0.0013878345489501953
250257,normal,243,0,1782361537.3156762,0.0016412734985351562
250258,normal,3451,0,1782361537.3178074,0.002131223678588867
250259,normal,1198,0,1782361537.3197904,0.0019829273223876953
250260,normal,1577,0,1782361537.3217795,0.001989126205444336
250261,normal,3459,0,1782361537.3239002,0.0021207332611083984
250262,normal,1065,0,1782361537.325877,0.0019767284393310547
250263,normal,363,0,1782361537.3278484,0.0019714832305908203
250264,normal,2215,0,1782361537.3298047,0.0019562244415283203
250265,normal,1059,0,1782361537.3319297,0.0021250247955322266
250266,normal,2320,0,1782361537.3339484,0.0020186901092529297
250267,normal,2046,0,1782361537.335708,0.0017595291137695312
250268,normal,1058,0,1782361537.3376577,0.0019497871398925781
250269,normal,2805,0,1782361537.3396885,0.0020308494567871094
250270,normal,29,0,1782361537.3418493,0.002160787582397461
250271,normal,3636,0,1782361537.3437703,0.001920938491821289
250272,normal,3509,0,1782361537.3456757,0.0019054412841796875
250273,normal,2315,0,1782361537.3477361,0.002060413360595703
250274,normal,1705,0,1782361537.3499289,0.0021927356719970703
250275,normal,2207,0,1782361537.3518493,0.001920461654663086
250276,normal,1926,0,1782361537.3537998,0.0019505023956298828
250277,normal,2546,0,1782361537.355821,0.0020210742950439453
250278,normal,2426,0,1782361537.357732,0.001911163330078125
250279,normal,3544,0,1782361537.3597944,0.0020623207092285156
250280,normal,1847,0,1782361537.3618908,0.002096414566040039
250281,normal,696,0,1782361537.3637831,0.0018923282623291016
250282,normal,2511,0,1782361537.365846,0.0020627975463867188
250283,normal,736,0,1782361537.36772,0.0018739700317382812
250284,normal,1267,0,1782361537.3697107,0.001990795135498047
250285,normal,854,2,1782361537.3718715,0.002160787582397461
250286,normal,1213,0,1782361537.3737047,0.001833200454711914
250287,normal,2462,0,1782361537.3758655,0.002160787582397461
250288,normal,839,2,1782361537.3778884,0.002022981643676758
250289,normal,3403,0,1782361537.379738,0.0018496513366699219
250290,normal,1752,0,1782361537.3818624,0.002124309539794922
250291,normal,427,0,1782361537.3838522,0.0019898414611816406
250292,normal,1092,0,1782361537.385679,0.0018267631530761719
250293,normal,1680,0,1782361537.3878148,0.002135753631591797
250294,normal,1142,0,1782361537.3898368,0.0020220279693603516
250295,normal,1491,0,1782361537.391682,0.0018451213836669922
250296,normal,2797,0,1782361537.393809,0.0021271705627441406
250297,normal,3353,1,1782361537.3959005,0.0020914077758789062
250298,normal,3309,1,1782361537.397748,0.0018475055694580078
250299,normal,608,0,1782361537.3999162,0.0021681785583496094
250300,normal,169,0,1782361537.40184,0.0019237995147705078
250301,normal,2452,0,1782361537.4037304,0.001890420913696289
250302,normal,2304,0,1782361537.4058306,0.002100229263305664
250303,normal,3395,1,1782361537.4078295,0.0019989013671875
250304,normal,1664,0,1782361537.4096556,0.0018260478973388672
250305,normal,1588,0,1782361537.4118464,0.002190828323364258
250306,normal,2489,0,1782361537.4138494,0.0020029544830322266
250307,normal,1411,0,1782361537.415744,0.0018947124481201172
250308,normal,2804,0,1782361537.417852,0.002107858657836914
250309,normal,96,0,1782361537.4198725,0.002020597457885742
250310,normal,85,0,1782361537.4218273,0.001954793930053711
250311,normal,3033,0,1782361537.4239151,0.002087831497192383
250312,normal,2249,0,1782361537.4259148,0.0019996166229248047
250313,normal,1525,0,1782361537.4277527,0.0018379688262939453
250314,normal,803,2,1782361537.429946,0.0021932125091552734
250315,normal,1494,0,1782361537.4319656,0.002019643783569336
250316,normal,2674,0,1782361537.4336557,0.0016901493072509766
250317,normal,2014,0,1782361537.435862,0.0022063255310058594
250318,normal,1970,0,1782361537.4378302,0.0019681453704833984
250319,normal,1466,0,1782361537.4396565,0.0018262863159179688
250320,normal,198,0,1782361537.4419136,0.002257108688354492
250321,normal,2041,0,1782361537.4438632,0.0019495487213134766
250322,normal,3496,0,1782361537.445654,0.001790761947631836
250323,normal,3067,1,1782361537.4478357,0.0021817684173583984
250324,normal,51,0,1782361537.4498162,0.0019805431365966797
250325,normal,2909,0,1782361537.4516735,0.0018572807312011719
250326,normal,220,0,1782361537.4544823,0.002808809280395508
250327,normal,1945,0,1782361537.4560294,0.001547098159790039
250328,normal,199,0,1782361537.458226,0.0021965503692626953
250329,normal,1699,0,1782361537.4597054,0.0014793872833251953
250330,normal,990,2,1782361537.4617703,0.002064943313598633
250331,normal,3265,1,1782361537.463818,0.0020477771759033203
250332,normal,2473,0,1782361537.465689,0.001870870590209961
250333,normal,875,2,1782361537.4679434,0.002254486083984375
250334,normal,577,0,1782361537.469797,0.0018534660339355469
250335,normal,979,2,1782361537.4717236,0.0019266605377197266
250336,normal,2306,0,1782361537.473844,0.002120494842529297
250337,normal,3102,1,1782361537.4757044,0.0018603801727294922
250338,normal,2432,0,1782361537.4778163,0.0021119117736816406
250339,normal,3704,0,1782361537.4797826,0.001966238021850586
250340,normal,3483,0,1782361537.481884,0.002101421356201172
250341,normal,314,0,1782361537.483876,0.0019919872283935547
250342,normal,3361,1,1782361537.4858997,0.0020236968994140625
250343,normal,1266,0,1782361537.48779,0.001890420913696289
250344,normal,960,2,1782361537.4898088,0.0020186901092529297
250345,normal,3520,0,1782361537.4918902,0.0020813941955566406
250346,normal,891,2,1782361537.493656,0.0017657279968261719
250347,normal,3626,0,1782361537.4961438,0.0024878978729248047
250348,normal,3506,0,1782361537.497876,0.0017321109771728516
250349,normal,112,0,1782361537.4997258,0.0018498897552490234
250350,normal,1529,0,1782361537.502054,0.002328157424926758
250351,normal,1328,1,1782361537.5042558,0.0022017955780029297
250352,normal,2910,0,1782361537.505737,0.0014812946319580078
250353,normal,724,0,1782361537.5077581,0.0020210742950439453
250354,normal,597,0,1782361537.5097702,0.002012014389038086
250355,normal,1718,0,1782361537.511786,0.002015829086303711
250356,normal,859,2,1782361537.513798,0.002012014389038086
250357,normal,2915,0,1782361537.5157373,0.0019392967224121094
250358,normal,2983,0,1782361537.5177767,0.0020394325256347656
250359,normal,2598,0,1782361537.5197906,0.0020139217376708984
250360,normal,429,0,1782361537.521777,0.001986265182495117
250361,normal,895,2,1782361537.5238667,0.0020897388458251953
250362,normal,1487,0,1782361537.5258868,0.002020120620727539
250363,normal,2456,0,1782361537.5277867,0.0018999576568603516
250364,normal,1446,0,1782361537.52976,0.0019731521606445312
250365,normal,2166,0,1782361537.531852,0.002092123031616211
250366,normal,587,0,1782361537.5337753,0.0019233226776123047
250367,normal,1914,0,1782361537.5358834,0.0021080970764160156
250368,normal,3332,1,1782361537.5378478,0.0019643306732177734
250369,normal,71,0,1782361537.5397167,0.0018689632415771484
250370,normal,1961,0,1782361537.5417826,0.002065896987915039
250371,normal,3588,0,1782361537.5437953,0.0020127296447753906
250372,normal,2776,0,1782361537.5457194,0.0019240379333496094
250373,normal,2811,0,1782361537.547837,0.002117633819580078
250374,normal,261,0,1782361537.5498414,0.002004384994506836
250375,normal,3029,0,1782361537.551797,0.0019555091857910156
250376,normal,2593,0,1782361537.5537846,0.0019876956939697266
250377,normal,3073,1,1782361537.5557775,0.001992940902709961
250378,normal,1854,0,1782361537.5578163,0.002038717269897461
250379,normal,2619,0,1782361537.5596907,0.0018744468688964844
250380,normal,2054,0,1782361537.5617669,0.0020761489868164062
250381,normal,3316,1,1782361537.5637686,0.0020017623901367188
250382,normal,936,2,1782361537.56587,0.002101421356201172
250383,normal,588,0,1782361537.5678604,0.0019903182983398438
250384,normal,1899,0,1782361537.5698576,0.001997232437133789
250385,normal,417,0,1782361537.5717957,0.0019381046295166016
250386,normal,2464,0,1782361537.5738015,0.0020058155059814453
250387,normal,567,0,1782361537.5757859,0.0019843578338623047
250388,normal,1355,1,1782361537.577745,0.001959085464477539
250389,normal,1102,0,1782361537.5797253,0.001980304718017578
250390,normal,3575,0,1782361537.5817647,0.0020394325256347656
250391,normal,646,0,1782361537.5837271,0.001962423324584961
250392,normal,3594,0,1782361537.5858955,0.002168416976928711
250393,normal,1571,0,1782361537.5877538,0.0018582344055175781
250394,normal,2675,0,1782361537.5898974,0.0021436214447021484
250395,normal,132,0,1782361537.5919583,0.0020608901977539062
250396,normal,1715,0,1782361537.5938497,0.0018913745880126953
250397,normal,1921,0,1782361537.5959957,0.002146005630493164
250398,normal,392,0,1782361537.5978477,0.0018520355224609375
250399,normal,1868,0,1782361537.5998194,0.001971721649169922
250400,normal,494,0,1782361537.6019654,0.002146005630493164
250401,normal,3064,1,1782361537.6037896,0.0018241405487060547
250402,normal,1225,0,1782361537.605657,0.001867532730102539
250403,normal,155,0,1782361537.6077435,0.0020864009857177734
250404,normal,574,0,1782361537.6097298,0.001986265182495117
250405,normal,887,2,1782361537.6120281,0.0022983551025390625
250406,normal,668,0,1782361537.6137125,0.001684427261352539
250407,normal,2749,0,1782361537.6157446,0.002032041549682617
250408,normal,2002,0,1782361537.6177711,0.0020265579223632812
250409,normal,1335,1,1782361537.6197407,0.001969575881958008
250410,normal,555,0,1782361537.621939,0.0021982192993164062
250411,normal,2019,0,1782361537.6239207,0.0019817352294921875
250412,normal,255,0,1782361537.6257868,0.0018661022186279297
250413,normal,3374,1,1782361537.627984,0.002197265625
250414,normal,1822,0,1782361537.6297524,0.001768350601196289
250415,normal,258,0,1782361537.6317797,0.002027273178100586
250416,normal,3168,1,1782361537.6337743,0.001994609832763672
250417,normal,1763,0,1782361537.635713,0.0019388198852539062
250418,normal,2039,0,1782361537.6378536,0.002140522003173828
250419,normal,2634,0,1782361537.6399188,0.0020651817321777344
250420,normal,1187,0,1782361537.6417084,0.0017895698547363281
250421,normal,2334,0,1782361537.6437674,0.0020589828491210938
250422,normal,236,0,1782361537.6457639,0.0019965171813964844
250423,normal,532,0,1782361537.6477053,0.0019414424896240234
250424,normal,3694,0,1782361537.6497676,0.0020623207092285156
250425,normal,2966,0,1782361537.6518407,0.002073049545288086
250426,normal,1461,0,1782361537.653749,0.0019083023071289062
250427,normal,1029,2,1782361537.6557982,0.0020492076873779297
250428,normal,2472,0,1782361537.6577835,0.001985311508178711
250429,normal,2066,0,1782361537.660494,0.002710580825805664
250430,normal,3350,1,1782361537.662371,0.0018768310546875
250431,normal,2087,0,1782361537.6636784,0.0013074874877929688
250432,normal,2924,0,1782361537.6657286,0.002050161361694336
250433,normal,2893,0,1782361537.6677558,0.002027273178100586
250434,normal,1628,0,1782361537.6698394,0.0020835399627685547
250435,normal,1537,0,1782361537.671796,0.0019567012786865234
250436,normal,3018,0,1782361537.6738644,0.0020682811737060547
250437,normal,114,0,1782361537.6759775,0.0021131038665771484
250438,normal,2317,0,1782361537.6777334,0.0017559528350830078
250439,normal,2299,0,1782361537.6801264,0.002393007278442383
250440,normal,2494,0,1782361537.6821465,0.002020120620727539
250441,normal,1138,0,1782361537.6837053,0.0015587806701660156
250442,normal,2178,0,1782361537.68594,0.0022346973419189453
250443,normal,369,0,1782361537.687715,0.0017750263214111328
250444,normal,1649,0,1782361537.6898403,0.002125263214111328
250445,normal,324,0,1782361537.6917057,0.001865386962890625
250446,normal,520,0,1782361537.693803,0.0020973682403564453
250447,normal,215,0,1782361537.6957748,0.001971721649169922
250448,normal,738,0,1782361537.6976976,0.0019228458404541016
250449,normal,3197,1,1782361537.699747,0.0020494461059570312
250450,normal,1703,0,1782361537.7018955,0.0021483898162841797
250451,normal,1350,1,1782361537.703781,0.0018854141235351562
250452,normal,2936,0,1782361537.705737,0.0019562244415283203
250453,normal,1112,0,1782361537.7077518,0.002014636993408203
250454,normal,3181,1,1782361537.7097063,0.0019545555114746094
250455,normal,1333,1,1782361537.7117128,0.00200653076171875
250456,normal,2535,0,1782361537.7137878,0.0020749568939208984
250457,normal,2106,0,1782361537.7156336,0.0018458366394042969
250458,normal,1424,0,1782361537.7176585,0.0020248889923095703
250459,normal,1859,0,1782361537.7197359,0.002077341079711914
250460,normal,678,0,1782361537.7216923,0.001956462860107422
250461,normal,24,0,1782361537.723674,0.0019817352294921875
250462,normal,3103,1,1782361537.7256973,0.0020232200622558594
250463,normal,2817,0,1782361537.7277143,0.0020170211791992188
250464,normal,1815,0,1782361537.7296934,0.0019791126251220703
250465,normal,1875,0,1782361537.7316823,0.0019888877868652344
250466,normal,1208,0,1782361537.7336557,0.001973390579223633
250467,normal,1535,0,1782361537.7356572,0.002001523971557617
250468,normal,1550,0,1782361537.7377262,0.0020689964294433594
250469,normal,1841,0,1782361537.7398121,0.0020859241485595703
250470,normal,3154,1,1782361537.741657,0.0018448829650878906
250471,normal,409,0,1782361537.7437487,0.002091646194458008
250472,normal,1640,0,1782361537.745737,0.0019884109497070312
250473,normal,1088,0,1782361537.7478063,0.002069234848022461
250474,normal,1210,0,1782361537.7496839,0.0018775463104248047
250475,normal,811,2,1782361537.7516751,0.00199127197265625
250476,normal,1714,0,1782361537.7536895,0.0020143985748291016
250477,normal,3268,1,1782361537.7557423,0.002052783966064453
250478,normal,3678,0,1782361537.7577846,0.0020422935485839844
250479,normal,502,0,1782361537.759652,0.0018672943115234375
250480,normal,2551,0,1782361537.7617257,0.0020737648010253906
250481,normal,829,2,1782361537.7639081,0.002182483673095703
250482,normal,390,0,1782361537.7657034,0.0017952919006347656
250483,normal,2960,0,1782361537.7678897,0.002186298370361328
250484,normal,1881,0,1782361537.7698503,0.0019605159759521484
250485,normal,1231,0,1782361537.7728772,0.0030269622802734375
250486,normal,3681,0,1782361537.7736924,0.0008151531219482422
250487,normal,2955,0,1782361537.7756927,0.0020003318786621094
250488,normal,791,2,1782361537.777702,0.0020093917846679688
250489,normal,2263,0,1782361537.779735,0.0020329952239990234
250490,normal,515,0,1782361537.781641,0.0019059181213378906
250491,normal,2504,0,1782361537.7837017,0.0020606517791748047
250492,normal,1122,0,1782361537.7855983,0.0018966197967529297
250493,normal,2777,0,1782361537.7876103,0.002012014389038086
250494,normal,3460,0,1782361537.7896943,0.002084016799926758
250495,normal,279,0,1782361537.7919023,0.0022079944610595703
250496,normal,2555,0,1782361537.7937012,0.001798868179321289
250497,normal,1512,0,1782361537.7956564,0.001955270767211914
250498,normal,1057,0,1782361537.797783,0.002126455307006836
250499,normal,600,0,1782361537.7996564,0.0018734931945800781
250500,normal,1465,0,1782361537.8016565,0.002000093460083008
250501,normal,1795,0,1782361537.8043294,0.002672910690307617
250502,normal,2713,0,1782361537.805791,0.0014615058898925781
250503,normal,3137,1,1782361537.8076355,0.001844644546508789
250504,normal,1107,0,1782361537.8097405,0.0021049976348876953
250505,normal,329,0,1782361537.8116436,0.0019030570983886719
250506,normal,276,0,1782361537.8136382,0.001994609832763672
250507,normal,1182,0,1782361537.8159573,0.0023190975189208984
250508,normal,1131,0,1782361537.8177001,0.0017428398132324219
250509,normal,1366,1,1782361537.8196385,0.0019383430480957031
250510,normal,3186,1,1782361537.8217137,0.0020751953125
250511,normal,1765,0,1782361537.8236763,0.0019626617431640625
250512,normal,3366,1,1782361537.8256707,0.0019943714141845703
250513,normal,1287,0,1782361537.827732,0.0020613670349121094
250514,normal,601,0,1782361537.8298233,0.0020911693572998047
250515,normal,2548,0,1782361537.831799,0.0019757747650146484
250516,normal,655,0,1782361537.833832,0.0020329952239990234
250517,normal,2816,0,1782361537.8357527,0.0019207000732421875
250518,normal,884,2,1782361537.8377635,0.002010822296142578
250519,normal,2508,0,1782361537.839798,0.002034425735473633
250520,normal,1548,0,1782361537.8416328,0.001834869384765625
250521,normal,2156,0,1782361537.8439548,0.002321958541870117
250522,normal,1468,0,1782361537.8458416,0.0018868446350097656
250523,normal,1384,0,1782361537.8477068,0.0018651485443115234
250524,normal,1734,0,1782361537.8498397,0.002132892608642578
250525,normal,3443,0,1782361537.8519666,0.002126932144165039
250526,normal,3530,0,1782361537.8537183,0.0017516613006591797
250527,normal,1085,0,1782361537.8556385,0.0019202232360839844
250528,normal,3577,0,1782361537.8577752,0.002136707305908203
250529,normal,2321,0,1782361537.8596451,0.0018699169158935547
250530,normal,2908,0,1782361537.861694,0.002048969268798828
250531,normal,2088,0,1782361537.8636885,0.0019943714141845703
250532,normal,1404,0,1782361537.8656845,0.0019960403442382812
250533,normal,3106,1,1782361537.8676538,0.0019693374633789062
250534,normal,1837,0,1782361537.8698556,0.0022017955780029297
250535,normal,2710,0,1782361537.8717215,0.0018658638000488281
250536,normal,1501,0,1782361537.8737285,0.002007007598876953
250537,normal,527,0,1782361537.8758256,0.0020971298217773438
250538,normal,1825,0,1782361537.8776414,0.0018157958984375
250539,normal,3195,1,1782361537.8797002,0.002058744430541992
250540,normal,2623,0,1782361537.8819008,0.002200603485107422
250541,normal,841,2,1782361537.8837814,0.001880645751953125
250542,normal,3324,1,1782361537.8859177,0.00213623046875
250543,normal,988,2,1782361537.8877206,0.0018029212951660156
250544,normal,1434,0,1782361537.8898578,0.0021371841430664062
250545,normal,1342,1,1782361537.8917184,0.0018606185913085938
250546,normal,305,0,1782361537.8938544,0.0021359920501708984
250547,normal,2021,0,1782361537.8957283,0.0018739700317382812
250548,normal,3481,0,1782361537.897858,0.0021295547485351562
250549,normal,1124,0,1782361537.8998652,0.0020072460174560547
250550,normal,856,2,1782361537.901709,0.0018439292907714844
250551,normal,2372,0,1782361537.9038107,0.0021016597747802734
250552,normal,1254,0,1782361537.9057245,0.0019137859344482422
250553,normal,2407,0,1782361537.907691,0.0019664764404296875
250554,normal,3093,1,1782361537.909807,0.002115964889526367
250555,normal,3072,1,1782361537.9117398,0.0019328594207763672
250556,normal,3126,1,1782361537.9136977,0.0019578933715820312
250557,normal,2649,0,1782361537.9158688,0.002171039581298828
250558,normal,394,0,1782361537.9179308,0.002062082290649414
250559,normal,683,0,1782361537.9197888,0.0018579959869384766
250560,normal,1119,0,1782361537.9218616,0.0020728111267089844
250561,normal,1375,1,1782361537.9237838,0.0019221305847167969
250562,normal,1104,0,1782361537.9257607,0.0019769668579101562
250563,normal,2401,0,1782361537.9277978,0.00203704833984375
250564,normal,581,0,1782361537.9297051,0.0019073486328125
250565,normal,1183,0,1782361537.9317906,0.002085447311401367
250566,normal,911,2,1782361537.9337072,0.001916646957397461
250567,normal,734,0,1782361537.935901,0.0021936893463134766
250568,normal,2886,0,1782361537.9377139,0.0018129348754882812
250569,normal,3650,0,1782361537.9399014,0.002187490463256836
250570,normal,1839,0,1782361537.9419756,0.0020742416381835938
250571,normal,1391,0,1782361537.9438627,0.0018870830535888672
250572,normal,1250,0,1782361537.945784,0.0019214153289794922
250573,normal,1567,0,1782361537.947847,0.0020627975463867188
250574,normal,1312,0,1782361537.9498484,0.002001523971557617
250575,normal,3338,1,1782361537.9518604,0.002012014389038086
250576,normal,2159,0,1782361537.9537106,0.001850128173828125
250577,normal,2768,0,1782361537.9557893,0.0020787715911865234
250578,normal,1580,0,1782361537.9576516,0.0018622875213623047
250579,normal,3674,0,1782361537.959789,0.002137422561645508
250580,normal,2209,0,1782361537.9618325,0.002043485641479492
250581,normal,3612,0,1782361537.9636538,0.001821279525756836
250582,normal,776,2,1782361537.9657907,0.0021369457244873047
250583,normal,2785,0,1782361537.96765,0.0018591880798339844
250584,normal,2678,0,1782361537.9697893,0.0021393299102783203
250585,normal,3586,0,1782361537.9723036,0.002514362335205078
250586,normal,3218,1,1782361537.9738324,0.0015287399291992188
250587,normal,1169,0,1782361537.9757233,0.0018908977508544922
250588,normal,1470,0,1782361537.9779446,0.002221345901489258
250589,normal,511,0,1782361537.9796882,0.0017435550689697266
250590,normal,2351,0,1782361537.9816957,0.0020074844360351562
250591,normal,1352,1,1782361537.9838116,0.002115964889526367
250592,normal,97,0,1782361537.9856904,0.0018787384033203125
250593,normal,1958,0,1782361537.9880557,0.0023653507232666016
250594,normal,2443,0,1782361537.989786,0.001730203628540039
250595,normal,3552,0,1782361537.9916744,0.0018885135650634766
250596,normal,1938,0,1782361537.9938028,0.0021283626556396484
250597,normal,751,0,1782361537.9957101,0.0019073486328125
250598,normal,3340,1,1782361537.997829,0.002118825912475586
250599,normal,2280,0,1782361537.9997008,0.0018718242645263672
250600,normal,634,0,1782361538.0018768,0.002176046371459961
250601,normal,4,0,1782361538.0037222,0.0018453598022460938
250602,normal,509,0,1782361538.0058367,0.002114534378051758
250603,normal,2948,0,1782361538.008011,0.00217437744140625
250604,normal,537,0,1782361538.0106492,0.002638101577758789
250605,normal,278,0,1782361538.0118392,0.0011899471282958984
250606,normal,2466,0,1782361538.0138159,0.0019767284393310547
250607,normal,3190,1,1782361538.015687,0.0018711090087890625
250608,normal,1738,0,1782361538.0178895,0.0022025108337402344
250609,normal,1742,0,1782361538.0198038,0.0019142627716064453
250610,normal,106,0,1782361538.0218124,0.002008676528930664
250611,normal,3389,1,1782361538.0238073,0.0019948482513427734
250612,normal,2067,0,1782361538.0261633,0.0023560523986816406
250613,normal,2436,0,1782361538.027722,0.001558542251586914
250614,normal,1133,0,1782361538.029952,0.0022301673889160156
250615,normal,2378,0,1782361538.0319672,0.0020151138305664062
250616,normal,3442,0,1782361538.0336988,0.0017316341400146484
250617,normal,2510,0,1782361538.035678,0.0019791126251220703
250618,normal,614,0,1782361538.0378153,0.002137422561645508
250619,normal,3619,0,1782361538.039694,0.0018787384033203125
250620,normal,1276,0,1782361538.0417063,0.0020122528076171875
250621,normal,226,0,1782361538.0439496,0.0022432804107666016
250622,normal,2127,0,1782361538.0456862,0.0017366409301757812
250623,normal,704,0,1782361538.0477076,0.002021312713623047
250624,normal,2312,0,1782361538.0498025,0.0020949840545654297
250625,normal,2830,0,1782361538.0517275,0.0019249916076660156
250626,normal,2457,0,1782361538.0537465,0.0020189285278320312
250627,normal,1052,0,1782361538.0557756,0.0020291805267333984
250628,normal,460,0,1782361538.057692,0.0019164085388183594
250629,normal,1245,0,1782361538.059723,0.0020308494567871094
250630,normal,1221,0,1782361538.0617974,0.0020744800567626953
250631,normal,2442,0,1782361538.0637589,0.0019614696502685547
250632,normal,3267,1,1782361538.0656505,0.0018916130065917969
250633,normal,754,0,1782361538.067764,0.0021135807037353516
250634,normal,617,0,1782361538.0696893,0.0019252300262451172
250635,normal,2487,0,1782361538.071685,0.0019958019256591797
250636,normal,3538,0,1782361538.0737698,0.0020847320556640625
250637,normal,75,0,1782361538.075692,0.0019221305847167969
250638,normal,1954,0,1782361538.077745,0.0020530223846435547
250639,normal,937,2,1782361538.0797496,0.0020046234130859375
250640,normal,1265,0,1782361538.0816517,0.0019021034240722656
250641,normal,3662,0,1782361538.083644,0.0019922256469726562
250642,normal,1211,0,1782361538.0857234,0.002079486846923828
250643,normal,2515,0,1782361538.087642,0.0019185543060302734
250644,normal,824,2,1782361538.0896523,0.002010345458984375
250645,normal,2352,0,1782361538.0917678,0.002115488052368164
250646,normal,801,2,1782361538.0937095,0.001941680908203125
250647,normal,925,2,1782361538.0958772,0.0021677017211914062
250648,normal,3115,1,1782361538.0976584,0.0017812252044677734
250649,normal,3047,1,1782361538.0996861,0.002027750015258789
250650,normal,1278,0,1782361538.1016986,0.002012491226196289
250651,normal,1655,0,1782361538.1037354,0.0020368099212646484
250652,normal,1570,0,1782361538.1056309,0.0018954277038574219
250653,normal,3610,0,1782361538.107639,0.002008199691772461
250654,normal,1524,0,1782361538.1097264,0.0020873546600341797
250655,normal,3236,1,1782361538.1116536,0.0019271373748779297
250656,normal,263,0,1782361538.1137044,0.0020508766174316406
250657,normal,814,2,1782361538.1157792,0.002074718475341797
250658,normal,1959,0,1782361538.1177752,0.0019960403442382812
250659,normal,3633,0,1782361538.1197317,0.001956462860107422
250660,normal,551,0,1782361538.1218362,0.002104520797729492
250661,normal,2602,0,1782361538.1237047,0.0018684864044189453
250662,normal,535,0,1782361538.1257408,0.0020360946655273438
250663,normal,552,0,1782361538.1278956,0.002154827117919922
250664,normal,144,0,1782361538.1296234,0.0017278194427490234
250665,normal,3656,0,1782361538.131633,0.0020096302032470703
250666,normal,932,2,1782361538.1336823,0.0020492076873779297
250667,normal,819,2,1782361538.135629,0.0019466876983642578
250668,normal,32,0,1782361538.1377103,0.0020813941955566406
250669,normal,117,0,1782361538.1397574,0.0020470619201660156
250670,normal,3640,0,1782361538.1416304,0.001873016357421875
250671,normal,3269,1,1782361538.1436281,0.001997709274291992
250672,normal,3478,0,1782361538.1457267,0.002098560333251953
250673,normal,3256,1,1782361538.1476343,0.0019075870513916016
250674,normal,3643,0,1782361538.150028,0.0023937225341796875
250675,normal,3570,0,1782361538.1519353,0.0019073486328125
250676,normal,2373,0,1782361538.153796,0.0018606185913085938
250677,normal,997,2,1782361538.1558125,0.0020165443420410156
250678,normal,1408,0,1782361538.1578908,0.0020782947540283203
250679,normal,713,0,1782361538.1596894,0.0017986297607421875
250680,normal,3364,1,1782361538.1616967,0.0020072460174560547
250681,normal,2614,0,1782361538.1639273,0.0022306442260742188
250682,normal,1191,0,1782361538.1656466,0.0017192363739013672
250683,normal,3708,0,1782361538.1676397,0.0019931793212890625
250684,normal,2389,0,1782361538.1697497,0.002110004425048828
250685,normal,2316,0,1782361538.1716828,0.0019330978393554688
250686,normal,2683,0,1782361538.1736796,0.001996755599975586
250687,normal,3369,1,1782361538.1758852,0.0022056102752685547
250688,normal,3107,1,1782361538.1778948,0.0020096302032470703
250689,normal,3523,0,1782361538.1797206,0.0018258094787597656
250690,normal,1390,0,1782361538.1818278,0.0021071434020996094
250691,normal,3396,1,1782361538.18373,0.0019021034240722656
250692,normal,2841,0,1782361538.1857579,0.0020279884338378906
250693,normal,3536,0,1782361538.1877472,0.0019893646240234375
250694,normal,416,0,1782361538.1898773,0.0021300315856933594
250695,normal,889,2,1782361538.1917682,0.0018908977508544922
250696,normal,2434,0,1782361538.1938193,0.002051115036010742
250697,normal,209,0,1782361538.195622,0.001802682876586914
250698,normal,2558,0,1782361538.1977303,0.002108335494995117
250699,normal,1973,0,1782361538.199849,0.0021185874938964844
250700,normal,2118,0,1782361538.2016318,0.0017828941345214844
250701,normal,2199,0,1782361538.203646,0.00201416015625
250702,normal,487,0,1782361538.2057555,0.002109527587890625
250703,normal,748,0,1782361538.2076914,0.0019359588623046875
250704,normal,3581,0,1782361538.2096791,0.0019876956939697266
250705,normal,189,0,1782361538.21174,0.0020608901977539062
250706,normal,1573,0,1782361538.21365,0.0019099712371826172
250707,normal,3331,1,1782361538.2156887,0.002038717269897461
250708,normal,7,0,1782361538.2178035,0.0021147727966308594
250709,normal,2187,0,1782361538.219751,0.0019474029541015625
250710,normal,180,0,1782361538.2217534,0.0020024776458740234
250711,normal,99,0,1782361538.223731,0.001977682113647461
250712,normal,2757,0,1782361538.2256973,0.001966238021850586
250713,normal,2613,0,1782361538.2277224,0.002025127410888672
250714,normal,3200,1,1782361538.2298164,0.0020940303802490234
250715,normal,2200,0,1782361538.231717,0.0019006729125976562
250716,normal,521,0,1782361538.2336495,0.001932382583618164
250717,normal,1229,0,1782361538.2357597,0.0021102428436279297
250718,normal,865,2,1782361538.2376955,0.001935720443725586
250719,normal,251,0,1782361538.239699,0.0020034313201904297
250720,normal,3658,0,1782361538.2417681,0.002069234848022461
250721,normal,942,2,1782361538.2436924,0.001924276351928711
250722,normal,63,0,1782361538.245737,0.002044677734375
250723,normal,1090,0,1782361538.2477477,0.0020105838775634766
250724,normal,1870,0,1782361538.2496557,0.0019080638885498047
250725,normal,477,0,1782361538.251651,0.0019953250885009766
250726,normal,171,0,1782361538.253758,0.002106904983520508
250727,normal,3247,1,1782361538.2557209,0.001962900161743164
250728,normal,1285,0,1782361538.2576337,0.001912832260131836
250729,normal,1919,0,1782361538.2597926,0.0021588802337646484
250730,normal,366,0,1782361538.2617378,0.0019452571868896484
250731,normal,45,0,1782361538.2637606,0.0020227432250976562
250732,normal,3572,0,1782361538.2657633,0.002002716064453125
250733,normal,18,0,1782361538.267689,0.0019257068634033203
250734,normal,2545,0,1782361538.2697268,0.0020377635955810547
250735,normal,2714,0,1782361538.2717395,0.0020127296447753906
250736,normal,3427,0,1782361538.2736337,0.001894235610961914
250737,normal,1108,0,1782361538.275636,0.002002239227294922
250738,normal,2939,0,1782361538.2777286,0.002092599868774414
250739,normal,3283,1,1782361538.279743,0.0020143985748291016
250740,normal,174,0,1782361538.2816994,0.001956462860107422
250741,normal,1700,0,1782361538.2838,0.0021004676818847656
250742,normal,388,0,1782361538.285779,0.0019791126251220703
250743,normal,3595,0,1782361538.287725,0.0019459724426269531
250744,normal,1039,0,1782361538.2897449,0.0020198822021484375
250745,normal,849,2,1782361538.291711,0.001966238021850586
250746,normal,1056,0,1782361538.2937744,0.002063274383544922
250747,normal,2399,0,1782361538.2958486,0.0020742416381835938
250748,normal,1490,0,1782361538.297653,0.001804351806640625
250749,normal,2560,0,1782361538.2996361,0.001983165740966797
250750,normal,556,0,1782361538.3017232,0.002087116241455078
250751,normal,569,0,1782361538.303648,0.001924753189086914
250752,normal,3079,1,1782361538.3057065,0.0020585060119628906
250753,normal,1966,0,1782361538.3077245,0.002017974853515625
250754,normal,2451,0,1782361538.3096297,0.001905202865600586
250755,normal,2384,0,1782361538.3116367,0.002007007598876953
250756,normal,47,0,1782361538.3137329,0.0020961761474609375
250757,normal,119,0,1782361538.3159647,0.0022318363189697266
250758,normal,3173,1,1782361538.3177397,0.0017750263214111328
250759,normal,310,0,1782361538.319817,0.002077341079711914
250760,normal,1292,0,1782361538.321727,0.0019099712371826172
250761,normal,1113,0,1782361538.3236725,0.00194549560546875
250762,normal,629,0,1782361538.3257678,0.0020952224731445312
250763,normal,533,0,1782361538.3276823,0.0019145011901855469
250764,normal,976,2,1782361538.3296802,0.0019979476928710938
250765,normal,1886,0,1782361538.3319511,0.002270936965942383
250766,normal,1290,0,1782361538.3336568,0.0017056465148925781
250767,normal,2721,0,1782361538.335645,0.0019881725311279297
250768,normal,868,2,1782361538.3377395,0.0020945072174072266
250769,normal,2475,0,1782361538.3396752,0.001935720443725586
250770,normal,2380,0,1782361538.341655,0.001979827880859375
250771,normal,2471,0,1782361538.3437467,0.002091646194458008
250772,normal,2485,0,1782361538.345713,0.001966238021850586
250773,normal,1898,0,1782361538.347694,0.001981019973754883
250774,normal,3381,1,1782361538.3497717,0.002077817916870117
250775,normal,2933,0,1782361538.3519583,0.0021865367889404297
250776,normal,1281,0,1782361538.3544042,0.0024459362030029297
250777,normal,3025,0,1782361538.355816,0.0014116764068603516
250778,normal,2132,0,1782361538.357613,0.0017971992492675781
250779,normal,1874,0,1782361538.3596172,0.0020041465759277344
250780,normal,3622,0,1782361538.3617942,0.002177000045776367
250781,normal,1305,0,1782361538.363698,0.0019037723541259766
250782,normal,3092,1,1782361538.365716,0.002017974853515625
250783,normal,1398,0,1782361538.3678203,0.0021042823791503906
250784,normal,248,0,1782361538.3697417,0.0019214153289794922
250785,normal,3686,0,1782361538.3716426,0.0019009113311767578
250786,normal,2060,0,1782361538.3740485,0.002405881881713867
250787,normal,3406,0,1782361538.3757174,0.0016689300537109375
250788,normal,578,0,1782361538.3776107,0.0018932819366455078
250789,normal,1116,0,1782361538.3797104,0.002099752426147461
250790,normal,2958,0,1782361538.381622,0.0019116401672363281
250791,normal,2171,0,1782361538.383738,0.002115964889526367
250792,normal,1051,0,1782361538.3856354,0.0018973350524902344
250793,normal,906,2,1782361538.387639,0.0020036697387695312
250794,normal,2239,0,1782361538.3897142,0.0020751953125
250795,normal,3558,0,1782361538.3916428,0.001928567886352539
250796,normal,2589,0,1782361538.393776,0.0021331310272216797
250797,normal,31,0,1782361538.395725,0.0019490718841552734
250798,normal,3213,1,1782361538.3977375,0.002012491226196289
250799,normal,3279,1,1782361538.3996043,0.0018668174743652344
250800,normal,2296,0,1782361538.401656,0.0020515918731689453
250801,normal,3270,1,1782361538.4037642,0.002108335494995117
250802,normal,3606,0,1782361538.4057112,0.0019469261169433594
250803,normal,1610,0,1782361538.4076774,0.001966238021850586
250804,normal,1912,0,1782361538.409717,0.002039670944213867
250805,normal,2154,0,1782361538.4116585,0.0019414424896240234
250806,normal,1242,0,1782361538.4136477,0.001989126205444336
250807,normal,102,0,1782361538.4157767,0.002129077911376953
250808,normal,1946,0,1782361538.4177015,0.001924753189086914
250809,normal,2287,0,1782361538.4196756,0.0019741058349609375
250810,normal,3408,0,1782361538.4218142,0.0021386146545410156
250811,normal,2108,0,1782361538.4236236,0.0018093585968017578
250812,normal,3661,0,1782361538.4257166,0.002093076705932617
250813,normal,1826,0,1782361538.4276102,0.0018935203552246094
250814,normal,360,0,1782361538.4296148,0.0020046234130859375
250815,normal,591,0,1782361538.431784,0.0021691322326660156
250816,normal,2803,0,1782361538.4336164,0.0018324851989746094
250817,normal,3335,1,1782361538.4356575,0.0020411014556884766
250818,normal,335,0,1782361538.4376884,0.0020308494567871094
250819,normal,2661,0,1782361538.4396994,0.0020110607147216797
250820,normal,1510,0,1782361538.4416454,0.0019459724426269531
250821,normal,1118,0,1782361538.4437277,0.002082347869873047
250822,normal,3501,0,1782361538.4456294,0.0019016265869140625
250823,normal,443,0,1782361538.447596,0.001966714859008789
250824,normal,3625,0,1782361538.449711,0.002115011215209961
250825,normal,2077,0,1782361538.4515934,0.001882314682006836
250826,normal,281,0,1782361538.4536157,0.002022266387939453
250827,normal,1325,1,1782361538.4557345,0.002118825912475586
250828,normal,779,2,1782361538.4576309,0.0018963813781738281
250829,normal,1697,0,1782361538.4596574,0.0020265579223632812
250830,normal,808,2,1782361538.4617186,0.002061128616333008
250831,normal,351,0,1782361538.463832,0.00211334228515625
250832,normal,2238,0,1782361538.4656427,0.0018107891082763672
250833,normal,2609,0,1782361538.46779,0.002147197723388672
250834,normal,2497,0,1782361538.469744,0.0019540786743164062
250835,normal,2631,0,1782361538.4716542,0.0019102096557617188
250836,normal,1653,0,1782361538.4735992,0.0019450187683105469
250837,normal,1586,0,1782361538.4756892,0.002089977264404297
250838,normal,549,0,1782361538.4775975,0.0019083023071289062
250839,normal,3019,0,1782361538.4797182,0.0021207332611083984
250840,normal,3346,1,1782361538.4816794,0.001961231231689453
250841,normal,2782,0,1782361538.4835942,0.0019147396087646484
250842,normal,1365,1,1782361538.4856946,0.0021004676818847656
250843,normal,1418,0,1782361538.4876041,0.001909494400024414
250844,normal,3128,1,1782361538.489612,0.0020079612731933594
250845,normal,2449,0,1782361538.4920087,0.0023965835571289062
250846,normal,344,0,1782361538.493906,0.0018973350524902344
250847,normal,2584,0,1782361538.4957142,0.00180816650390625
250848,normal,2832,0,1782361538.497608,0.001893758773803711
250849,normal,3627,0,1782361538.499706,0.00209808349609375
250850,normal,2677,0,1782361538.5016143,0.0019083023071289062
250851,normal,707,0,1782361538.5038087,0.0021944046020507812
250852,normal,1176,0,1782361538.5058925,0.0020837783813476562
250853,normal,301,0,1782361538.5076904,0.0017979145050048828
250854,normal,3494,0,1782361538.5096264,0.0019359588623046875
250855,normal,933,2,1782361538.5117207,0.002094268798828125
250856,normal,3655,0,1782361538.513626,0.0019054412841796875
250857,normal,1316,0,1782361538.5157325,0.0021064281463623047
250858,normal,205,0,1782361538.5177383,0.0020058155059814453
250859,normal,2941,0,1782361538.5198424,0.002104043960571289
250860,normal,252,0,1782361538.5218034,0.0019609928131103516
250861,normal,1230,0,1782361538.523796,0.0019927024841308594
250862,normal,1989,0,1782361538.5257528,0.0019567012786865234
250863,normal,2233,0,1782361538.5277507,0.0019979476928710938
250864,normal,1835,0,1782361538.529776,0.0020253658294677734
250865,normal,3706,0,1782361538.5316076,0.0018315315246582031
250866,normal,304,0,1782361538.5339496,0.0023419857025146484
250867,normal,2045,0,1782361538.5358708,0.0019211769104003906
250868,normal,322,0,1782361538.5378287,0.0019578933715820312
250869,normal,60,0,1782361538.5399532,0.0021245479583740234
250870,normal,645,0,1782361538.5421705,0.0022172927856445312
250871,normal,2646,0,1782361538.5437582,0.0015876293182373047
250872,normal,1280,0,1782361538.545897,0.002138853073120117
250873,normal,146,0,1782361538.5479147,0.0020177364349365234
250874,normal,3689,0,1782361538.5496867,0.0017719268798828125
250875,normal,2570,0,1782361538.5518234,0.002136707305908203
250876,normal,3198,1,1782361538.5537376,0.0019142627716064453
250877,normal,486,0,1782361538.5556924,0.001954793930053711
250878,normal,1499,0,1782361538.557834,0.0021414756774902344
250879,normal,490,0,1782361538.5597758,0.0019419193267822266
250880,normal,474,0,1782361538.561763,0.0019872188568115234
250881,normal,904,2,1782361538.563766,0.0020029544830322266
250882,normal,296,0,1782361538.565845,0.002079010009765625
250883,normal,275,0,1782361538.5677035,0.0018584728240966797
250884,normal,424,0,1782361538.5698538,0.002150297164916992
250885,normal,2755,0,1782361538.5718026,0.0019488334655761719
250886,normal,2355,0,1782361538.5737426,0.001940011978149414
250887,normal,493,0,1782361538.5757208,0.001978158950805664
250888,normal,598,0,1782361538.5777051,0.0019843578338623047
250889,normal,3591,0,1782361538.5796912,0.0019860267639160156
250890,normal,3257,1,1782361538.581704,0.0020127296447753906
250891,normal,58,0,1782361538.5837026,0.0019986629486083984
250892,normal,3163,1,1782361538.5857036,0.002001047134399414
250893,normal,3367,1,1782361538.5879197,0.0022161006927490234
250894,normal,2904,0,1782361538.5897787,0.0018589496612548828
250895,normal,3193,1,1782361538.5916517,0.001873016357421875
250896,normal,1539,0,1782361538.5940945,0.0024428367614746094
250897,normal,1021,2,1782361538.5958753,0.0017807483673095703
250898,normal,1444,0,1782361538.5977268,0.0018515586853027344
250899,normal,1572,0,1782361538.5999613,0.0022344589233398438
250900,normal,246,0,1782361538.6017318,0.0017704963684082031
250901,normal,3365,1,1782361538.6037169,0.0019850730895996094
250902,normal,17,0,1782361538.6057842,0.0020673274993896484
250903,normal,3061,1,1782361538.607927,0.0021429061889648438
250904,normal,166,0,1782361538.6098697,0.0019426345825195312
250905,normal,1816,0,1782361538.6117837,0.0019140243530273438
250906,normal,389,0,1782361538.6141086,0.002324819564819336
250907,normal,2007,0,1782361538.6158378,0.0017292499542236328
250908,normal,127,0,1782361538.618037,0.0021991729736328125
250909,normal,1401,0,1782361538.6197622,0.0017251968383789062
250910,normal,3691,0,1782361538.6218379,0.002075672149658203
250911,normal,3169,1,1782361538.6238165,0.001978635787963867
250912,normal,1055,0,1782361538.6257203,0.0019037723541259766
250913,normal,3327,1,1782361538.627803,0.00208282470703125
250914,normal,1517,0,1782361538.6298745,0.002071380615234375
250915,normal,2618,0,1782361538.631788,0.0019135475158691406
250916,normal,2192,0,1782361538.6338718,0.0020837783813476562
250917,normal,2664,0,1782361538.6358476,0.0019757747650146484
250918,normal,1982,0,1782361538.6378152,0.0019676685333251953
250919,normal,3036,0,1782361538.639888,0.0020728111267089844
250920,normal,1368,1,1782361538.6419342,0.0020461082458496094
250921,normal,1379,1,1782361538.6437724,0.0018382072448730469
250922,normal,2340,0,1782361538.645935,0.0021626949310302734
250923,normal,1851,0,1782361538.6479394,0.002004384994506836
250924,normal,1620,0,1782361538.649706,0.0017664432525634766
250925,normal,347,0,1782361538.651811,0.0021049976348876953
250926,normal,2992,0,1782361538.6536827,0.0018718242645263672
250927,normal,2153,0,1782361538.65575,0.0020673274993896484
250928,normal,1965,0,1782361538.6580462,0.0022962093353271484
250929,normal,52,0,1782361538.6599014,0.0018551349639892578
250930,normal,213,0,1782361538.661851,0.0019495487213134766
250931,normal,1725,0,1782361538.6638403,0.0019893646240234375
250932,normal,1064,0,1782361538.665831,0.001990795135498047
250933,normal,433,0,1782361538.6678736,0.002042531967163086
250934,normal,2448,0,1782361538.670335,0.0024614334106445312
250935,normal,3039,0,1782361538.6719635,0.0016283988952636719
250936,normal,375,0,1782361538.673831,0.001867532730102539
250937,normal,1188,0,1782361538.67604,0.0022089481353759766
250938,normal,492,0,1782361538.6779978,0.0019578933715820312
250939,normal,2536,0,1782361538.679935,0.0019371509552001953
250940,normal,2286,0,1782361538.6819022,0.001967191696166992
250941,normal,2353,0,1782361538.6838903,0.0019881725311279297
250942,normal,2806,0,1782361538.6859193,0.002028942108154297
250943,normal,2167,0,1782361538.688059,0.0021398067474365234
250944,normal,2990,0,1782361538.6902232,0.002164125442504883
250945,normal,1302,0,1782361538.691899,0.0016758441925048828
250946,normal,762,0,1782361538.693858,0.0019588470458984375
250947,normal,2092,0,1782361538.6957457,0.0018877983093261719
250948,normal,1707,0,1782361538.6983514,0.0026056766510009766
250949,normal,553,0,1782361538.6996522,0.001300811767578125
250950,normal,1299,0,1782361538.7017276,0.0020754337310791016
250951,normal,3276,1,1782361538.703722,0.0019943714141845703
250952,normal,3430,0,1782361538.7057006,0.001978635787963867
250953,normal,2416,0,1782361538.707846,0.0021452903747558594
250954,normal,2711,0,1782361538.7097118,0.0018658638000488281
250955,normal,886,2,1782361538.711845,0.0021331310272216797
250956,normal,1817,0,1782361538.7142856,0.0024406909942626953
250957,normal,1167,0,1782361538.7162762,0.0019905567169189453
250958,normal,1500,0,1782361538.7176995,0.0014233589172363281
250959,normal,317,0,1782361538.7196853,0.001985788345336914
250960,normal,796,2,1782361538.7217395,0.0020542144775390625
250961,normal,2877,0,1782361538.723824,0.002084493637084961
250962,normal,1830,0,1782361538.7258003,0.0019762516021728516
250963,normal,500,0,1782361538.7277842,0.0019838809967041016
250964,normal,526,0,1782361538.7298286,0.0020444393157958984
250965,normal,201,0,1782361538.731735,0.0019063949584960938
250966,normal,1794,0,1782361538.7337203,0.001985311508178711
250967,normal,49,0,1782361538.735789,0.002068758010864258
250968,normal,938,2,1782361538.7377563,0.001967191696166992
250969,normal,3357,1,1782361538.7396777,0.0019214153289794922
250970,normal,1016,2,1782361538.7417283,0.002050638198852539
250971,normal,232,0,1782361538.7437873,0.0020589828491210938
250972,normal,26,0,1782361538.7457147,0.0019273757934570312
250973,normal,2517,0,1782361538.7477417,0.0020270347595214844
250974,normal,1038,0,1782361538.749771,0.0020294189453125
250975,normal,435,0,1782361538.7517276,0.001956462860107422
250976,normal,126,0,1782361538.7537198,0.0019922256469726562
250977,normal,2180,0,1782361538.7556846,0.0019648075103759766
250978,normal,570,0,1782361538.7577481,0.0020635128021240234
250979,normal,1340,1,1782361538.7597213,0.0019731521606445312
250980,normal,1082,0,1782361538.7617688,0.0020475387573242188
250981,normal,1633,0,1782361538.7637625,0.0019936561584472656
250982,normal,282,0,1782361538.7657282,0.001965761184692383
250983,normal,2345,0,1782361538.76779,0.0020618438720703125
250984,normal,362,0,1782361538.7697957,0.0020055770874023438
250985,normal,3214,1,1782361538.7718887,0.002093076705932617
250986,normal,1561,0,1782361538.7738073,0.0019185543060302734
250987,normal,2740,0,1782361538.7757592,0.0019519329071044922
250988,normal,1544,0,1782361538.777696,0.0019366741180419922
250989,normal,364,0,1782361538.779778,0.0020821094512939453
250990,normal,2122,0,1782361538.7817008,0.0019228458404541016
250991,normal,421,0,1782361538.783725,0.0020241737365722656
250992,normal,2989,0,1782361538.7856917,0.001966714859008789
250993,normal,294,0,1782361538.7877243,0.0020325183868408203
250994,normal,2467,0,1782361538.789717,0.0019927024841308594
250995,normal,547,0,1782361538.7918205,0.002103567123413086
250996,normal,1264,0,1782361538.7937205,0.0018999576568603516
250997,normal,2999,0,1782361538.7957382,0.0020177364349365234
250998,normal,3179,1,1782361538.797701,0.0019626617431640625
250999,normal,2549,0,1782361538.7999012,0.0022003650665283203
251000,normal,219,0,1782361538.8017566,0.0018553733825683594
251001,normal,2105,0,1782361538.803882,0.002125263214111328
251002,normal,666,0,1782361538.8057892,0.0019073486328125
251003,normal,3579,0,1782361538.8080137,0.002224445343017578
251004,normal,2115,0,1782361538.8097723,0.001758575439453125
251005,normal,2050,0,1782361538.8119566,0.0021843910217285156
251006,normal,3229,1,1782361538.8137734,0.0018167495727539062
251007,normal,1849,0,1782361538.8158162,0.0020427703857421875
251008,normal,1397,0,1782361538.817751,0.0019347667694091797
251009,normal,3091,1,1782361538.8200219,0.002270936965942383
251010,normal,3615,0,1782361538.8218286,0.0018067359924316406
251011,normal,2712,0,1782361538.8237271,0.0018985271453857422
251012,normal,2774,0,1782361538.8258917,0.002164602279663086
251013,normal,193,0,1782361538.827851,0.0019593238830566406
251014,normal,439,0,1782361538.8297207,0.0018696784973144531
251015,normal,2940,0,1782361538.8319771,0.0022563934326171875
251016,normal,2072,0,1782361538.833816,0.0018389225006103516
251017,normal,1924,0,1782361538.8360386,0.0022225379943847656
251018,normal,2896,0,1782361538.8378282,0.0017895698547363281
251019,normal,3393,1,1782361538.8400426,0.0022144317626953125
251020,normal,1235,0,1782361538.841883,0.001840353012084961
251021,normal,483,0,1782361538.843783,0.0018999576568603516
251022,normal,3192,1,1782361538.8457048,0.0019218921661376953
251023,normal,2059,0,1782361538.8477461,0.002041339874267578
251024,normal,3428,0,1782361538.8497896,0.002043485641479492
251025,normal,3224,1,1782361538.8518772,0.0020875930786132812
251026,normal,2364,0,1782361538.853872,0.0019948482513427734
251027,normal,2874,0,1782361538.8558314,0.0019593238830566406
251028,normal,1007,2,1782361538.8577068,0.0018754005432128906
251029,normal,3669,0,1782361538.8597438,0.00203704833984375
251030,normal,648,0,1782361538.8617492,0.002005338668823242
251031,normal,2554,0,1782361538.86388,0.002130746841430664
251032,normal,1757,0,1782361538.8656533,0.0017733573913574219
251033,normal,1144,0,1782361538.8677657,0.0021123886108398438
251034,normal,1196,0,1782361538.8697805,0.0020148754119873047
251035,normal,323,0,1782361538.8716574,0.0018768310546875
251036,normal,3602,0,1782361538.87385,0.0021927356719970703
251037,normal,1193,0,1782361538.8758304,0.001980304718017578
251038,normal,2114,0,1782361538.8781974,0.0023670196533203125
251039,normal,2667,0,1782361538.879882,0.0016846656799316406
251040,normal,561,0,1782361538.8819911,0.002109050750732422
251041,normal,2590,0,1782361538.8837821,0.0017910003662109375
251042,normal,1665,0,1782361538.8857787,0.0019965171813964844
251043,normal,1944,0,1782361538.8879142,0.0021355152130126953
251044,normal,1395,0,1782361538.8897574,0.0018432140350341797
251045,normal,2425,0,1782361538.8921604,0.0024030208587646484
251046,normal,3248,1,1782361538.8938136,0.0016531944274902344
251047,normal,379,0,1782361538.8957298,0.0019161701202392578
251048,normal,1751,0,1782361538.8977742,0.0020444393157958984
251049,normal,2702,0,1782361538.8997586,0.0019843578338623047
251050,normal,3679,0,1782361538.9018996,0.0021409988403320312
251051,normal,1469,0,1782361538.9038038,0.0019042491912841797
251052,normal,3391,1,1782361538.9057753,0.0019714832305908203
251053,normal,1883,0,1782361538.9082785,0.0025031566619873047
251054,normal,3663,0,1782361538.910193,0.0019145011901855469
251055,normal,1013,2,1782361538.911778,0.0015850067138671875
251056,normal,2550,0,1782361538.9139452,0.002167224884033203
251057,normal,2360,0,1782361538.9163933,0.0024480819702148438
251058,normal,3063,1,1782361538.9182434,0.001850128173828125
251059,normal,2293,0,1782361538.9199877,0.0017442703247070312
251060,normal,834,2,1782361538.9219687,0.001981019973754883
251061,normal,812,2,1782361538.924069,0.002100229263305664
251062,normal,3308,1,1782361538.9263465,0.0022776126861572266
251063,normal,1076,0,1782361538.9280002,0.0016536712646484375
251064,normal,2403,0,1782361538.929854,0.0018537044525146484
251065,normal,2871,0,1782361538.9320002,0.0021462440490722656
251066,normal,2120,0,1782361538.9345171,0.0025169849395751953
251067,normal,3355,1,1782361538.9362197,0.0017025470733642578
251068,normal,2872,0,1782361538.9377468,0.0015270709991455078
251069,normal,1189,0,1782361538.9396212,0.0018744468688964844
251070,normal,1748,0,1782361538.9417796,0.0021584033966064453
251071,normal,2944,0,1782361538.9436982,0.0019185543060302734
251072,normal,2458,0,1782361538.94598,0.0022819042205810547
251073,normal,1314,0,1782361538.947805,0.0018248558044433594
251074,normal,2969,0,1782361538.950051,0.0022461414337158203
251075,normal,2564,0,1782361538.9517858,0.0017347335815429688
251076,normal,518,0,1782361538.9540231,0.0022373199462890625
251077,normal,3069,1,1782361538.9559305,0.0019073486328125
251078,normal,3084,1,1782361538.9580736,0.0021431446075439453
251079,normal,2543,0,1782361538.9598458,0.001772165298461914
251080,normal,1492,0,1782361538.9620905,0.002244710922241211
251081,normal,2926,0,1782361538.963795,0.0017044544219970703
251082,normal,81,0,1782361538.9658394,0.0020444393157958984
251083,normal,3617,0,1782361538.9679334,0.0020940303802490234
251084,normal,1096,0,1782361538.969941,0.0020074844360351562
251085,normal,1975,0,1782361538.9719565,0.0020155906677246094
251086,normal,2616,0,1782361538.974034,0.0020775794982910156
251087,normal,1062,0,1782361538.9759536,0.0019195079803466797
251088,normal,44,0,1782361538.9783332,0.0023796558380126953
251089,normal,3051,1,1782361538.979865,0.001531839370727539
251090,normal,125,0,1782361538.9819615,0.002096414566040039
251091,normal,1808,0,1782361538.9839427,0.0019812583923339844
251092,normal,523,0,1782361538.9859917,0.002048969268798828
251093,normal,2245,0,1782361538.9879088,0.001917123794555664
251094,normal,1925,0,1782361538.9899018,0.001992940902709961
251095,normal,3208,1,1782361538.991876,0.0019741058349609375
251096,normal,488,0,1782361538.9937603,0.00188446044921875
251097,normal,3215,1,1782361538.9959044,0.0021440982818603516
251098,normal,638,0,1782361538.9980707,0.002166271209716797
251099,normal,36,0,1782361538.9998326,0.0017619132995605469
251100,normal,602,0,1782361539.0019202,0.0020875930786132812
251101,normal,1689,0,1782361539.0039227,0.0020024776458740234
251102,normal,2567,0,1782361539.00604,0.0021173954010009766
251103,normal,781,2,1782361539.0079875,0.0019474029541015625
251104,normal,303,0,1782361539.0101967,0.002209186553955078
251105,normal,2230,0,1782361539.011899,0.0017023086547851562
251106,normal,727,0,1782361539.0142593,0.0023603439331054688
251107,normal,46,0,1782361539.0159583,0.0016989707946777344
251108,normal,2831,0,1782361539.0179067,0.0019483566284179688
251109,normal,1121,0,1782361539.0197866,0.0018799304962158203
251110,normal,1562,0,1782361539.0220609,0.0022742748260498047
251111,normal,25,0,1782361539.0237179,0.0016570091247558594
251112,normal,3174,1,1782361539.0258677,0.002149820327758789
251113,normal,1741,0,1782361539.0278647,0.0019969940185546875
251114,normal,504,0,1782361539.0297673,0.0019025802612304688
251115,normal,3322,1,1782361539.0318525,0.0020852088928222656
251116,normal,1553,0,1782361539.0339053,0.002052783966064453
251117,normal,2902,0,1782361539.0357752,0.0018699169158935547
251118,normal,671,0,1782361539.0379179,0.002142667770385742
251119,normal,401,0,1782361539.0398881,0.0019702911376953125
251120,normal,3289,1,1782361539.041844,0.001955747604370117
251121,normal,1782,0,1782361539.0445974,0.0027534961700439453
251122,normal,370,0,1782361539.0460289,0.0014314651489257812
251123,normal,1149,0,1782361539.0478992,0.0018703937530517578
251124,normal,2671,0,1782361539.0497954,0.0018961429595947266
251125,normal,1123,0,1782361539.0521693,0.002373933792114258
251126,normal,489,0,1782361539.0539157,0.0017464160919189453
251127,normal,1780,0,1782361539.0557516,0.0018358230590820312
251128,normal,1255,0,1782361539.0580168,0.0022652149200439453
251129,normal,3473,0,1782361539.059968,0.0019512176513671875
251130,normal,3291,1,1782361539.0618243,0.0018563270568847656
251131,normal,286,0,1782361539.06385,0.002025604248046875
251132,normal,2641,0,1782361539.0659947,0.0021448135375976562
251133,normal,3062,1,1782361539.067708,0.0017132759094238281
251134,normal,2264,0,1782361539.0699875,0.002279520034790039
251135,normal,3211,1,1782361539.0717547,0.0017671585083007812
251136,normal,2023,0,1782361539.0741744,0.002419710159301758
251137,normal,564,0,1782361539.0760138,0.0018393993377685547
251138,normal,2964,0,1782361539.078326,0.002312183380126953
251139,normal,1199,0,1782361539.0799634,0.0016374588012695312
251140,normal,2849,0,1782361539.0820305,0.002067089080810547
251141,normal,2123,0,1782361539.0842206,0.002190113067626953
251142,normal,2415,0,1782361539.0858529,0.0016322135925292969
251143,normal,3212,1,1782361539.088316,0.002463102340698242
251144,normal,2875,0,1782361539.0899975,0.0016815662384033203
251145,normal,2244,0,1782361539.0920498,0.00205230712890625
251146,normal,3590,0,1782361539.0940435,0.0019936561584472656
251147,normal,151,0,1782361539.0965135,0.0024700164794921875
251148,normal,3420,0,1782361539.0983505,0.001837015151977539
251149,normal,2742,0,1782361539.1002429,0.0018923282623291016
251150,normal,159,0,1782361539.1017485,0.0015056133270263672
251151,normal,2879,0,1782361539.103978,0.002229452133178711
251152,normal,3516,0,1782361539.1058092,0.0018312931060791016
251153,normal,1862,0,1782361539.107848,0.002038717269897461
251154,normal,2313,0,1782361539.1099744,0.002126455307006836
251155,normal,3450,0,1782361539.11192,0.0019457340240478516
251156,normal,1024,2,1782361539.1139235,0.0020034313201904297
251157,normal,214,0,1782361539.11591,0.0019865036010742188
251158,normal,1223,0,1782361539.1179194,0.0020093917846679688
251159,normal,2174,0,1782361539.119869,0.0019495487213134766
251160,normal,2309,0,1782361539.1222403,0.0023713111877441406
251161,normal,628,0,1782361539.1246016,0.002361297607421875
251162,normal,177,0,1782361539.1265492,0.001947641372680664
251163,normal,3578,0,1782361539.1277344,0.0011851787567138672
251164,normal,2121,0,1782361539.1299064,0.0021719932556152344
251165,normal,927,2,1782361539.1319325,0.002026081085205078
251166,normal,1731,0,1782361539.1341527,0.00222015380859375
251167,normal,1608,0,1782361539.1360142,0.001861572265625
251168,normal,2688,0,1782361539.1380415,0.002027273178100586
251169,normal,1865,0,1782361539.1400993,0.002057790756225586
251170,normal,1336,1,1782361539.1421716,0.0020723342895507812
251171,normal,3646,0,1782361539.1438208,0.0016491413116455078
251172,normal,1482,0,1782361539.1462746,0.0024538040161132812
251173,normal,3219,1,1782361539.1483796,0.0021049976348876953
251174,normal,775,2,1782361539.1499963,0.0016167163848876953
251175,normal,111,0,1782361539.1518953,0.0018990039825439453
251176,normal,3140,1,1782361539.1537604,0.0018651485443115234
251177,normal,702,0,1782361539.1557984,0.0020380020141601562
251178,normal,726,0,1782361539.1578138,0.002015352249145508
251179,normal,1004,2,1782361539.159859,0.002045154571533203
251180,normal,3246,1,1782361539.1618056,0.0019466876983642578
251181,normal,2647,0,1782361539.1638038,0.0019981861114501953
251182,normal,1110,0,1782361539.1657922,0.0019884109497070312
251183,normal,2064,0,1782361539.1678135,0.002021312713623047
251184,normal,2381,0,1782361539.1699233,0.0021097660064697266
251185,normal,3083,1,1782361539.1719165,0.0019931793212890625
251186,normal,1263,0,1782361539.1739364,0.0020198822021484375
251187,normal,3262,1,1782361539.1758285,0.00189208984375
251188,normal,2348,0,1782361539.1779478,0.002119302749633789
251189,normal,984,2,1782361539.179853,0.001905202865600586
251190,normal,2887,0,1782361539.1821387,0.0022857189178466797
251191,normal,233,0,1782361539.1839442,0.0018055438995361328
251192,normal,3292,1,1782361539.1858578,0.0019135475158691406
251193,normal,3124,1,1782361539.187879,0.002021312713623047
251194,normal,2482,0,1782361539.1900735,0.0021944046020507812
251195,normal,2324,0,1782361539.1920967,0.0020232200622558594
251196,normal,2588,0,1782361539.194043,0.0019462108612060547
251197,normal,534,0,1782361539.1958473,0.001804351806640625
251198,normal,2034,0,1782361539.1979108,0.0020635128021240234
251199,normal,1971,0,1782361539.1999116,0.0020008087158203125
251200,normal,820,2,1782361539.2020812,0.0021696090698242188
251201,normal,3465,0,1782361539.2038205,0.0017392635345458984
251202,normal,238,0,1782361539.2059155,0.0020949840545654297
251203,normal,135,0,1782361539.207907,0.0019915103912353516
251204,normal,1877,0,1782361539.2098162,0.0019092559814453125
251205,normal,3634,0,1782361539.21184,0.0020236968994140625
251206,normal,3533,0,1782361539.213962,0.002122163772583008
251207,normal,918,2,1782361539.2157671,0.0018050670623779297
251208,normal,2017,0,1782361539.2177706,0.0020034313201904297
251209,normal,2530,0,1782361539.2198596,0.0020890235900878906
251210,normal,448,0,1782361539.2218637,0.0020041465759277344
251211,normal,2783,0,1782361539.2238734,0.0020096302032470703
251212,normal,2203,0,1782361539.2258534,0.0019800662994384766
251213,normal,1928,0,1782361539.2279675,0.0021140575408935547
251214,normal,2292,0,1782361539.2297614,0.0017938613891601562
251215,normal,475,0,1782361539.231888,0.0021266937255859375
251216,normal,3568,0,1782361539.233932,0.0020439624786376953
251217,normal,1472,0,1782361539.2358062,0.0018742084503173828
251218,normal,1237,0,1782361539.2377203,0.0019140243530273438
251219,normal,1726,0,1782361539.2397025,0.0019822120666503906
251220,normal,2283,0,1782361539.2418597,0.0021572113037109375
251221,normal,2219,0,1782361539.243737,0.0018773078918457031
251222,normal,3131,1,1782361539.2457504,0.0020134449005126953
251223,normal,3469,0,1782361539.248542,0.0027916431427001953
251224,normal,3120,1,1782361539.2501729,0.0016307830810546875
251225,normal,2276,0,1782361539.251785,0.0016121864318847656
251226,normal,3462,0,1782361539.2539477,0.0021626949310302734
251227,normal,1908,0,1782361539.2560296,0.0020818710327148438
251228,normal,2091,0,1782361539.2578557,0.0018260478973388672
251229,normal,3444,0,1782361539.2598495,0.001993894577026367
251230,normal,1985,0,1782361539.2620103,0.002160787582397461
251231,normal,662,0,1782361539.2639792,0.001968860626220703
251232,normal,3006,0,1782361539.265893,0.0019137859344482422
251233,normal,1153,0,1782361539.268012,0.0021190643310546875
251234,normal,3027,0,1782361539.2697253,0.0017132759094238281
251235,normal,2547,0,1782361539.2718644,0.0021390914916992188
251236,normal,3118,1,1782361539.2737725,0.0019080638885498047
251237,normal,730,0,1782361539.2757342,0.0019617080688476562
251238,normal,1360,1,1782361539.277932,0.002197742462158203
251239,normal,3425,0,1782361539.2798815,0.0019495487213134766
251240,normal,2226,0,1782361539.2818801,0.0019986629486083984
251241,normal,3637,0,1782361539.283971,0.002090930938720703
251242,normal,1804,0,1782361539.2857897,0.0018186569213867188
251243,normal,2043,0,1782361539.2877605,0.0019707679748535156
251244,normal,1170,0,1782361539.289971,0.0022106170654296875
251245,normal,3580,0,1782361539.292302,0.002330780029296875
251246,normal,2848,0,1782361539.2943707,0.002068758010864258
251247,normal,2760,0,1782361539.2958708,0.0015001296997070312
251248,normal,2079,0,1782361539.2980053,0.002134561538696289
251249,normal,2086,0,1782361539.2999287,0.0019233226776123047
251250,normal,2552,0,1782361539.301839,0.0019104480743408203
251251,normal,3555,0,1782361539.3037899,0.0019507408142089844
251252,normal,3477,0,1782361539.3060217,0.0022318363189697266
251253,normal,1456,0,1782361539.3084877,0.002465963363647461
251254,normal,1216,0,1782361539.3099597,0.0014719963073730469
251255,normal,3330,1,1782361539.311804,0.0018444061279296875
251256,normal,501,0,1782361539.313717,0.001912832260131836
251257,normal,669,0,1782361539.3158872,0.0021703243255615234
251258,normal,2208,0,1782361539.3177161,0.001828908920288086
251259,normal,3592,0,1782361539.3198993,0.002183198928833008
251260,normal,3109,1,1782361539.3217907,0.0018913745880126953
251261,normal,2027,0,1782361539.323739,0.0019483566284179688
251262,normal,719,0,1782361539.325994,0.002254962921142578
251263,normal,2018,0,1782361539.3279755,0.001981496810913086
251264,normal,442,0,1782361539.3300273,0.002051830291748047
251265,normal,1692,0,1782361539.3317769,0.0017495155334472656
251266,normal,3238,1,1782361539.334008,0.002231121063232422
251267,normal,2541,0,1782361539.3359346,0.0019266605377197266
251268,normal,1933,0,1782361539.3379283,0.0019936561584472656
251269,normal,840,2,1782361539.3399496,0.002021312713623047
251270,normal,3564,0,1782361539.3417213,0.001771688461303711
251271,normal,2096,0,1782361539.344225,0.002503633499145508
251272,normal,2901,0,1782361539.3459697,0.0017447471618652344
251273,normal,969,2,1782361539.3479028,0.0019330978393554688
251274,normal,6,0,1782361539.3499703,0.00206756591796875
251275,normal,1991,0,1782361539.3522737,0.0023033618927001953
251276,normal,2413,0,1782361539.3540068,0.0017330646514892578
251277,normal,1846,0,1782361539.3557563,0.0017495155334472656
251278,normal,2582,0,1782361539.3579066,0.002150297164916992
251279,normal,910,2,1782361539.3597152,0.0018086433410644531
251280,normal,2571,0,1782361539.3618863,0.002171039581298828
251281,normal,1331,1,1782361539.363852,0.001965761184692383
251282,normal,2318,0,1782361539.365765,0.0019130706787109375
251283,normal,2461,0,1782361539.367925,0.0021598339080810547
251284,normal,2205,0,1782361539.3698027,0.0018777847290039062
251285,normal,2252,0,1782361539.37176,0.0019571781158447266
251286,normal,546,0,1782361539.3740275,0.002267599105834961
251287,normal,1642,0,1782361539.375885,0.0018575191497802734
251288,normal,1661,0,1782361539.3777804,0.0018954277038574219
251289,normal,73,0,1782361539.3799596,0.0021791458129882812
251290,normal,731,0,1782361539.3817484,0.0017888545989990234
251291,normal,1307,0,1782361539.383772,0.002023458480834961
251292,normal,37,0,1782361539.385948,0.002176046371459961
251293,normal,656,0,1782361539.387961,0.002012968063354492
251294,normal,503,0,1782361539.3899176,0.0019567012786865234
251295,normal,1909,0,1782361539.391876,0.0019583702087402344
251296,normal,1158,0,1782361539.3938568,0.0019807815551757812
251297,normal,2099,0,1782361539.3958309,0.0019741058349609375
251298,normal,1673,0,1782361539.397844,0.0020132064819335938
251299,normal,338,0,1782361539.3998973,0.0020532608032226562
251300,normal,2347,0,1782361539.40183,0.0019326210021972656
251301,normal,872,2,1782361539.4038599,0.002029895782470703
251302,normal,1060,0,1782361539.4059484,0.0020885467529296875
251303,normal,2435,0,1782361539.4078267,0.0018782615661621094
251304,normal,1724,0,1782361539.4097576,0.0019309520721435547
251305,normal,313,0,1782361539.4118748,0.002117156982421875
251306,normal,66,0,1782361539.413835,0.001960277557373047
251307,normal,1995,0,1782361539.4158263,0.00199127197265625
251308,normal,2919,0,1782361539.4179459,0.0021195411682128906
251309,normal,479,0,1782361539.4197602,0.0018143653869628906
251310,normal,1855,0,1782361539.422031,0.0022706985473632812
251311,normal,1400,0,1782361539.4239914,0.0019605159759521484
251312,normal,211,0,1782361539.4260828,0.0020914077758789062
251313,normal,1593,0,1782361539.4278748,0.0017919540405273438
251314,normal,1735,0,1782361539.430196,0.0023212432861328125
251315,normal,149,0,1782361539.4318604,0.0016644001007080078
251316,normal,3652,0,1782361539.4338498,0.0019893646240234375
251317,normal,1243,0,1782361539.4358594,0.0020096302032470703
251318,normal,3550,0,1782361539.4377716,0.0019121170043945312
251319,normal,2182,0,1782361539.4398727,0.0021011829376220703
251320,normal,3009,0,1782361539.4417186,0.0018458366394042969
251321,normal,590,0,1782361539.4441388,0.002420186996459961
251322,normal,217,0,1782361539.4457283,0.0015895366668701172
251323,normal,1204,0,1782361539.4479704,0.0022420883178710938
251324,normal,188,0,1782361539.449948,0.001977682113647461
251325,normal,3611,0,1782361539.4518123,0.0018641948699951172
251326,normal,3475,0,1782361539.4540656,0.002253293991088867
251327,normal,1949,0,1782361539.4558952,0.0018296241760253906
251328,normal,3670,0,1782361539.4580677,0.0021724700927734375
251329,normal,843,2,1782361539.4602153,0.002147674560546875
251330,normal,2382,0,1782361539.4619446,0.0017292499542236328
251331,normal,2540,0,1782361539.4640393,0.002094745635986328
251332,normal,340,0,1782361539.4662654,0.002226114273071289
251333,normal,1805,0,1782361539.467902,0.001636505126953125
251334,normal,1023,2,1782361539.4697344,0.0018324851989746094
251335,normal,3304,1,1782361539.4719841,0.0022497177124023438
251336,normal,735,0,1782361539.473758,0.001773834228515625
251337,normal,431,0,1782361539.476006,0.002248048782348633
251338,normal,1675,0,1782361539.4780421,0.0020360946655273438
251339,normal,2142,0,1782361539.4801183,0.0020761489868164062
251340,normal,1576,0,1782361539.4817843,0.0016660690307617188
251341,normal,1809,0,1782361539.4839919,0.002207517623901367
251342,normal,2216,0,1782361539.4857643,0.0017724037170410156
251343,normal,3010,0,1782361539.487985,0.002220630645751953
251344,normal,1884,0,1782361539.489796,0.0018110275268554688
251345,normal,271,0,1782361539.4921887,0.0023927688598632812
251346,normal,3235,1,1782361539.4939353,0.0017466545104980469
251347,normal,3683,0,1782361539.4958313,0.001895904541015625
251348,normal,1658,0,1782361539.498018,0.0021867752075195312
251349,normal,2359,0,1782361539.4998314,0.0018134117126464844
251350,normal,2454,0,1782361539.5020235,0.0021920204162597656
251351,normal,3554,0,1782361539.5037322,0.0017087459564208984
251352,normal,1721,0,1782361539.505897,0.0021648406982421875
251353,normal,3086,1,1782361539.507841,0.0019440650939941406
251354,normal,1000,2,1782361539.5100644,0.0022232532501220703
251355,normal,2644,0,1782361539.5118995,0.0018351078033447266
251356,normal,733,0,1782361539.5143096,0.0024101734161376953
251357,normal,690,0,1782361539.5158675,0.0015578269958496094
251358,normal,1393,0,1782361539.5179143,0.002046823501586914
251359,normal,3383,1,1782361539.5198362,0.0019218921661376953
251360,normal,1253,0,1782361539.521754,0.0019178390502929688
251361,normal,450,0,1782361539.5238824,0.0021283626556396484
251362,normal,232,0,1782361576.1015458,0.0
251363,normal,2629,0,1782361576.10357,0.0020241737365722656
251364,normal,1950,0,1782361576.1055074,0.0019373893737792969
251365,normal,3490,0,1782361576.1075687,0.0020613670349121094
251366,normal,1175,0,1782361576.10961,0.002041339874267578
251367,normal,1240,0,1782361576.111574,0.0019638538360595703
251368,normal,1696,0,1782361576.114003,0.0024290084838867188
251369,normal,2598,0,1782361576.1156895,0.0016865730285644531
251370,normal,1649,0,1782361576.117877,0.002187490463256836
251371,normal,2205,0,1782361576.1196039,0.0017268657684326172
251372,normal,2539,0,1782361576.1218746,0.0022706985473632812
251373,normal,3390,1,1782361576.123532,0.0016574859619140625
251374,normal,1108,0,1782361576.1258905,0.0023584365844726562
251375,normal,215,0,1782361576.1277132,0.0018227100372314453
251376,normal,2766,0,1782361576.1297982,0.002084970474243164
251377,normal,2069,0,1782361576.1316173,0.0018191337585449219
251378,normal,1517,0,1782361576.1338475,0.0022301673889160156
251379,normal,3574,0,1782361576.1358035,0.0019559860229492188
251380,normal,3413,0,1782361576.1375837,0.0017802715301513672
251381,normal,2689,0,1782361576.1395733,0.001989603042602539
251382,normal,3188,1,1782361576.1415462,0.0019729137420654297
251383,normal,158,0,1782361576.1435678,0.0020215511322021484
251384,normal,1390,0,1782361576.1456113,0.002043485641479492
251385,normal,1973,0,1782361576.1476,0.001988649368286133
251386,normal,2701,0,1782361576.1498435,0.002243518829345703
251387,normal,555,0,1782361576.151605,0.0017614364624023438
251388,normal,1135,0,1782361576.1536214,0.0020165443420410156
251389,normal,2098,0,1782361576.1556094,0.001987934112548828
251390,normal,2822,0,1782361576.157577,0.0019676685333251953
251391,normal,1171,0,1782361576.159542,0.001965045928955078
251392,normal,1592,0,1782361576.161598,0.0020558834075927734
251393,normal,1163,0,1782361576.163568,0.001970052719116211
251394,normal,3451,0,1782361576.165542,0.001973867416381836
251395,normal,3342,1,1782361576.1675947,0.002052783966064453
251396,normal,1796,0,1782361576.1695673,0.001972675323486328
251397,normal,3683,0,1782361576.171544,0.0019767284393310547
251398,normal,1224,0,1782361576.1735973,0.0020532608032226562
251399,normal,1552,0,1782361576.1755672,0.0019698143005371094
251400,normal,2088,0,1782361576.1775556,0.0019884109497070312
251401,normal,1812,0,1782361576.179598,0.002042531967163086
251402,normal,3479,0,1782361576.181568,0.0019698143005371094
251403,normal,1851,0,1782361576.1835537,0.001985788345336914
251404,normal,1360,1,1782361576.1855981,0.0020444393157958984
251405,normal,2932,0,1782361576.1875668,0.0019686222076416016
251406,normal,2862,0,1782361576.1895585,0.001991748809814453
251407,normal,309,0,1782361576.1915693,0.002010822296142578
251408,normal,369,0,1782361576.1936119,0.002042531967163086
251409,normal,1386,0,1782361576.1955855,0.0019736289978027344
251410,normal,1085,0,1782361576.1978106,0.002225160598754883
251411,normal,248,0,1782361576.1996272,0.0018165111541748047
251412,normal,1856,0,1782361576.2017965,0.002169370651245117
251413,normal,2329,0,1782361576.203609,0.0018124580383300781
251414,normal,1309,0,1782361576.2058587,0.0022497177124023438
251415,normal,2044,0,1782361576.2076585,0.0017998218536376953
251416,normal,1899,0,1782361576.2096038,0.0019452571868896484
251417,normal,759,0,1782361576.2118568,0.0022530555725097656
251418,normal,2911,0,1782361576.2136552,0.001798391342163086
251419,normal,2363,0,1782361576.2156043,0.0019490718841552734
251420,normal,548,0,1782361576.2178545,0.002250194549560547
251421,normal,3220,1,1782361576.2196574,0.0018029212951660156
251422,normal,3580,0,1782361576.2215946,0.0019371509552001953
251423,normal,994,2,1782361576.2238595,0.0022649765014648438
251424,normal,2630,0,1782361576.225542,0.0016825199127197266
251425,normal,3569,0,1782361576.2277625,0.0022203922271728516
251426,normal,687,0,1782361576.2295675,0.0018050670623779297
251427,normal,2351,0,1782361576.2315946,0.0020270347595214844
251428,normal,3584,0,1782361576.2336195,0.0020248889923095703
251429,normal,810,2,1782361576.2361994,0.002579927444458008
251430,normal,1802,0,1782361576.2375495,0.0013501644134521484
251431,normal,296,0,1782361576.239578,0.0020284652709960938
251432,normal,855,2,1782361576.2415767,0.0019986629486083984
251433,normal,1341,1,1782361576.2435606,0.0019838809967041016
251434,normal,376,0,1782361576.2457728,0.0022122859954833984
251435,normal,2400,0,1782361576.2477698,0.0019969940185546875
251436,normal,1913,0,1782361576.249587,0.0018172264099121094
251437,normal,1259,0,1782361576.2518232,0.0022361278533935547
251438,normal,2961,0,1782361576.2537727,0.0019495487213134766
251439,normal,2717,0,1782361576.2555861,0.0018134117126464844
251440,normal,1712,0,1782361576.2577784,0.002192258834838867
251441,normal,3429,0,1782361576.2597716,0.0019931793212890625
251442,normal,2959,0,1782361576.2615857,0.001814126968383789
251443,normal,346,0,1782361576.2637997,0.0022139549255371094
251444,normal,723,0,1782361576.2657716,0.0019719600677490234
251445,normal,3510,0,1782361576.2675889,0.0018172264099121094
251446,normal,2559,0,1782361576.269753,0.002164125442504883
251447,normal,2287,0,1782361576.2718365,0.0020835399627685547
251448,normal,1836,0,1782361576.2735944,0.0017578601837158203
251449,normal,1730,0,1782361576.2757883,0.002193927764892578
251450,normal,423,0,1782361576.2777889,0.002000570297241211
251451,normal,2710,0,1782361576.279587,0.0017981529235839844
251452,normal,3561,0,1782361576.2817867,0.0021996498107910156
251453,normal,498,0,1782361576.2837787,0.0019919872283935547
251454,normal,2470,0,1782361576.2855842,0.0018055438995361328
251455,normal,2305,0,1782361576.2877393,0.0021550655364990234
251456,normal,2307,0,1782361576.2898314,0.002092123031616211
251457,normal,2210,0,1782361576.2915995,0.0017681121826171875
251458,normal,2247,0,1782361576.293784,0.0021843910217285156
251459,normal,3198,1,1782361576.2958035,0.002019643783569336
251460,normal,1719,0,1782361576.2975836,0.0017800331115722656
251461,normal,2250,0,1782361576.29978,0.0021963119506835938
251462,normal,2933,0,1782361576.3018005,0.002020597457885742
251463,normal,1838,0,1782361576.3036087,0.00180816650390625
251464,normal,1603,0,1782361576.3056254,0.002016782760620117
251465,normal,760,0,1782361576.3077195,0.0020940303802490234
251466,normal,3453,0,1782361576.309582,0.0018625259399414062
251467,normal,1063,0,1782361576.3117826,0.002200603485107422
251468,normal,2152,0,1782361576.3138049,0.002022266387939453
251469,normal,2997,0,1782361576.3155844,0.0017795562744140625
251470,normal,3471,0,1782361576.3177783,0.002193927764892578
251471,normal,2653,0,1782361576.3197906,0.0020122528076171875
251472,normal,1770,0,1782361576.3216078,0.0018172264099121094
251473,normal,2639,0,1782361576.323788,0.0021800994873046875
251474,normal,2186,0,1782361576.3258,0.002012014389038086
251475,normal,1468,0,1782361576.3276048,0.0018048286437988281
251476,normal,837,2,1782361576.3297806,0.0021758079528808594
251477,normal,3394,1,1782361576.331799,0.002018451690673828
251478,normal,804,2,1782361576.3336096,0.0018105506896972656
251479,normal,2981,0,1782361576.3357859,0.0021762847900390625
251480,normal,1733,0,1782361576.3377993,0.0020134449005126953
251481,normal,3112,1,1782361576.3396065,0.0018072128295898438
251482,normal,1414,0,1782361576.34177,0.002163410186767578
251483,normal,2500,0,1782361576.3438075,0.002037525177001953
251484,normal,820,2,1782361576.3456333,0.0018258094787597656
251485,normal,2709,0,1782361576.3477707,0.002137422561645508
251486,normal,409,0,1782361576.3498247,0.002053976058959961
251487,normal,3286,1,1782361576.351598,0.0017733573913574219
251488,normal,3287,1,1782361576.35384,0.0022420883178710938
251489,normal,3083,1,1782361576.355592,0.0017518997192382812
251490,normal,2048,0,1782361576.3577838,0.002191781997680664
251491,normal,1166,0,1782361576.3595665,0.0017826557159423828
251492,normal,2505,0,1782361576.3618026,0.0022361278533935547
251493,normal,455,0,1782361576.3635926,0.0017900466918945312
251494,normal,2384,0,1782361576.365566,0.001973390579223633
251495,normal,2105,0,1782361576.367922,0.0023560523986816406
251496,normal,3001,0,1782361576.369775,0.0018529891967773438
251497,normal,252,0,1782361576.371562,0.001786947250366211
251498,normal,599,0,1782361576.3737707,0.002208709716796875
251499,normal,887,2,1782361576.3756123,0.0018415451049804688
251500,normal,1222,0,1782361576.3775625,0.0019502639770507812
251501,normal,71,0,1782361576.379808,0.0022454261779785156
251502,normal,2063,0,1782361576.3816228,0.0018148422241210938
251503,normal,1537,0,1782361576.383945,0.0023221969604492188
251504,normal,2522,0,1782361576.3857787,0.0018336772918701172
251505,normal,3060,1,1782361576.3876975,0.001918792724609375
251506,normal,1814,0,1782361576.3896031,0.001905679702758789
251507,normal,751,0,1782361576.3918176,0.0022144317626953125
251508,normal,898,2,1782361576.3936281,0.0018105506896972656
251509,normal,1345,1,1782361576.3955731,0.0019450187683105469
251510,normal,2323,0,1782361576.3978453,0.0022721290588378906
251511,normal,406,0,1782361576.3996356,0.0017902851104736328
251512,normal,1,0,1782361576.4015565,0.001920938491821289
251513,normal,1061,0,1782361576.403823,0.002266407012939453
251514,normal,488,0,1782361576.4056253,0.0018024444580078125
251515,normal,2067,0,1782361576.4075613,0.0019359588623046875
251516,normal,3657,0,1782361576.4098246,0.002263307571411133
251517,normal,608,0,1782361576.4116268,0.001802206039428711
251518,normal,205,0,1782361576.4135706,0.001943826675415039
251519,normal,1123,0,1782361576.415854,0.002283334732055664
251520,normal,202,0,1782361576.417639,0.0017850399017333984
251521,normal,195,0,1782361576.419563,0.0019240379333496094
251522,normal,2298,0,1782361576.4218426,0.002279520034790039
251523,normal,2185,0,1782361576.42362,0.0017774105072021484
251524,normal,165,0,1782361576.4255588,0.0019388198852539062
251525,normal,402,0,1782361576.4278536,0.002294778823852539
251526,normal,500,0,1782361576.4296327,0.0017790794372558594
251527,normal,1505,0,1782361576.4315588,0.0019261837005615234
251528,normal,607,0,1782361576.4338512,0.0022923946380615234
251529,normal,3557,0,1782361576.4356163,0.0017650127410888672
251530,normal,2586,0,1782361576.437559,0.0019426345825195312
251531,normal,3240,1,1782361576.4398422,0.002283334732055664
251532,normal,2887,0,1782361576.4416094,0.0017671585083007812
251533,normal,76,0,1782361576.4435582,0.0019488334655761719
251534,normal,2228,0,1782361576.4456286,0.0020704269409179688
251535,normal,282,0,1782361576.4477773,0.0021486282348632812
251536,normal,1441,0,1782361576.4495578,0.0017805099487304688
251537,normal,1387,0,1782361576.4516296,0.002071857452392578
251538,normal,614,0,1782361576.4537983,0.0021686553955078125
251539,normal,1566,0,1782361576.4555235,0.0017251968383789062
251540,normal,514,0,1782361576.4575248,0.0020012855529785156
251541,normal,1028,2,1782361576.4595582,0.0020334720611572266
251542,normal,2465,0,1782361576.461525,0.001966714859008789
251543,normal,3315,1,1782361576.4635615,0.002036571502685547
251544,normal,3273,1,1782361576.4655566,0.001995086669921875
251545,normal,2071,0,1782361576.4675264,0.0019698143005371094
251546,normal,3647,0,1782361576.4695663,0.0020399093627929688
251547,normal,2761,0,1782361576.4715707,0.002004384994506836
251548,normal,170,0,1782361576.4735258,0.0019550323486328125
251549,normal,2733,0,1782361576.475526,0.0020003318786621094
251550,normal,1054,0,1782361576.477558,0.0020318031311035156
251551,normal,1828,0,1782361576.4795246,0.001966714859008789
251552,normal,2690,0,1782361576.4815254,0.0020008087158203125
251553,normal,104,0,1782361576.4835563,0.0020308494567871094
251554,normal,1170,0,1782361576.4855285,0.001972198486328125
251555,normal,857,2,1782361576.4875238,0.0019953250885009766
251556,normal,175,0,1782361576.4895768,0.0020530223846435547
251557,normal,2430,0,1782361576.4915168,0.001940011978149414
251558,normal,1723,0,1782361576.4935231,0.0020062923431396484
251559,normal,3403,0,1782361576.4955525,0.0020294189453125
251560,normal,481,0,1782361576.4975247,0.001972198486328125
251561,normal,1524,0,1782361576.4995246,0.0019998550415039062
251562,normal,240,0,1782361576.501555,0.0020303726196289062
251563,normal,99,0,1782361576.503559,0.0020041465759277344
251564,normal,2599,0,1782361576.505529,0.0019698143005371094
251565,normal,2722,0,1782361576.5075605,0.002031564712524414
251566,normal,1032,0,1782361576.5095222,0.0019617080688476562
251567,normal,3314,1,1782361576.5115247,0.0020024776458740234
251568,normal,3669,0,1782361576.5135553,0.002030611038208008
251569,normal,2398,0,1782361576.5155237,0.0019683837890625
251570,normal,3504,0,1782361576.5175245,0.0020008087158203125
251571,normal,2192,0,1782361576.5195556,0.002031087875366211
251572,normal,964,2,1782361576.5215223,0.001966714859008789
251573,normal,2339,0,1782361576.523524,0.0020017623901367188
251574,normal,1528,0,1782361576.5255544,0.0020303726196289062
251575,normal,2950,0,1782361576.527524,0.001969575881958008
251576,normal,185,0,1782361576.529529,0.0020051002502441406
251577,normal,204,0,1782361576.5315566,0.0020275115966796875
251578,normal,2463,0,1782361576.5335236,0.0019669532775878906
251579,normal,3682,0,1782361576.5355241,0.002000570297241211
251580,normal,1068,0,1782361576.5375626,0.0020384788513183594
251581,normal,3277,1,1782361576.5395262,0.0019636154174804688
251582,normal,1804,0,1782361576.541521,0.0019948482513427734
251583,normal,2249,0,1782361576.5435543,0.002033233642578125
251584,normal,368,0,1782361576.545525,0.0019707679748535156
251585,normal,1779,0,1782361576.5475717,0.0020465850830078125
251586,normal,229,0,1782361576.5494947,0.0019230842590332031
251587,normal,82,0,1782361576.5517082,0.0022134780883789062
251588,normal,2759,0,1782361576.5536325,0.001924276351928711
251589,normal,2698,0,1782361576.5557106,0.0020780563354492188
251590,normal,644,0,1782361576.557709,0.001998424530029297
251591,normal,1735,0,1782361576.5596213,0.0019123554229736328
251592,normal,1354,1,1782361576.5615685,0.001947164535522461
251593,normal,2032,0,1782361576.5638413,0.0022728443145751953
251594,normal,1008,2,1782361576.56558,0.0017385482788085938
251595,normal,1806,0,1782361576.56778,0.0022001266479492188
251596,normal,264,0,1782361576.5695605,0.0017805099487304688
251597,normal,2293,0,1782361576.5717726,0.002212047576904297
251598,normal,1266,0,1782361576.5736096,0.001837015151977539
251599,normal,1788,0,1782361576.57556,0.0019505023956298828
251600,normal,3252,1,1782361576.5778,0.0022399425506591797
251601,normal,3042,0,1782361576.5796072,0.0018072128295898438
251602,normal,1302,0,1782361576.581557,0.0019497871398925781
251603,normal,3661,0,1782361576.5838127,0.002255678176879883
251604,normal,505,0,1782361576.5855658,0.001753091812133789
251605,normal,2216,0,1782361576.587784,0.0022182464599609375
251606,normal,3398,1,1782361576.5895596,0.001775503158569336
251607,normal,3028,0,1782361576.5915532,0.0019936561584472656
251608,normal,3154,1,1782361576.593696,0.0021429061889648438
251609,normal,3649,0,1782361576.5955262,0.0018301010131835938
251610,normal,713,0,1782361576.5975316,0.002005338668823242
251611,normal,3408,0,1782361576.5995626,0.002031087875366211
251612,normal,167,0,1782361576.601571,0.0020084381103515625
251613,normal,573,0,1782361576.6035335,0.001962423324584961
251614,normal,2175,0,1782361576.6055713,0.0020377635955810547
251615,normal,216,0,1782361576.6075726,0.0020012855529785156
251616,normal,2066,0,1782361576.609532,0.001959562301635742
251617,normal,3615,0,1782361576.6115632,0.002031087875366211
251618,normal,3555,0,1782361576.6135714,0.002008199691772461
251619,normal,172,0,1782361576.615536,0.001964569091796875
251620,normal,3075,1,1782361576.6175668,0.0020308494567871094
251621,normal,178,0,1782361576.6195312,0.0019643306732177734
251622,normal,2195,0,1782361576.6215332,0.0020020008087158203
251623,normal,16,0,1782361576.623557,0.002023935317993164
251624,normal,3617,0,1782361576.625577,0.0020198822021484375
251625,normal,2456,0,1782361576.6275327,0.001955747604370117
251626,normal,2801,0,1782361576.6295588,0.002026081085205078
251627,normal,711,0,1782361576.6315734,0.002014636993408203
251628,normal,1534,0,1782361576.6335332,0.0019598007202148438
251629,normal,1556,0,1782361576.6355581,0.0020248889923095703
251630,normal,2632,0,1782361576.6375716,0.0020134449005126953
251631,normal,2788,0,1782361576.639531,0.0019593238830566406
251632,normal,3591,0,1782361576.6415577,0.002026796340942383
251633,normal,1529,0,1782361576.643569,0.0020112991333007812
251634,normal,25,0,1782361576.645528,0.001959085464477539
251635,normal,1210,0,1782361576.6475587,0.002030611038208008
251636,normal,3134,1,1782361576.6495721,0.0020134449005126953
251637,normal,3041,0,1782361576.65153,0.0019578933715820312
251638,normal,2609,0,1782361576.6535604,0.0020303726196289062
251639,normal,1307,0,1782361576.655572,0.002011537551879883
251640,normal,3502,0,1782361576.6575396,0.0019676685333251953
251641,normal,1339,1,1782361576.6595597,0.002020120620727539
251642,normal,1624,0,1782361576.6615715,0.0020117759704589844
251643,normal,1595,0,1782361576.663542,0.001970529556274414
251644,normal,2159,0,1782361576.665557,0.0020148754119873047
251645,normal,1959,0,1782361576.6675699,0.002012968063354492
251646,normal,2272,0,1782361576.669525,0.0019550323486328125
251647,normal,1080,0,1782361576.6715567,0.0020318031311035156
251648,normal,2397,0,1782361576.6735704,0.002013683319091797
251649,normal,3310,1,1782361576.6755276,0.0019571781158447266
251650,normal,2047,0,1782361576.6775596,0.002032041549682617
251651,normal,2118,0,1782361576.6795728,0.0020132064819335938
251652,normal,1138,0,1782361576.6815453,0.0019724369049072266
251653,normal,3127,1,1782361576.6835647,0.0020194053649902344
251654,normal,2490,0,1782361576.6855738,0.002009153366088867
251655,normal,3022,0,1782361576.6875317,0.0019578933715820312
251656,normal,3458,0,1782361576.689561,0.0020291805267333984
251657,normal,434,0,1782361576.691599,0.0020380020141601562
251658,normal,136,0,1782361576.6935282,0.0019292831420898438
251659,normal,1570,0,1782361576.6955602,0.002032041549682617
251660,normal,1301,0,1782361576.6975727,0.002012491226196289
251661,normal,87,0,1782361576.6995263,0.001953601837158203
251662,normal,2225,0,1782361576.7015781,0.002051830291748047
251663,normal,3407,0,1782361576.7035792,0.002001047134399414
251664,normal,2294,0,1782361576.7055304,0.0019512176513671875
251665,normal,1825,0,1782361576.7075686,0.002038240432739258
251666,normal,127,0,1782361576.7095726,0.002003908157348633
251667,normal,2667,0,1782361576.7115262,0.001953601837158203
251668,normal,328,0,1782361576.7135587,0.0020325183868408203
251669,normal,179,0,1782361576.7155714,0.0020127296447753906
251670,normal,2960,0,1782361576.7175307,0.0019593238830566406
251671,normal,2530,0,1782361576.7195606,0.002029895782470703
251672,normal,2204,0,1782361576.7215707,0.0020101070404052734
251673,normal,1147,0,1782361576.7235248,0.0019540786743164062
251674,normal,3146,1,1782361576.72557,0.002045154571533203
251675,normal,1945,0,1782361576.7275753,0.002005338668823242
251676,normal,2259,0,1782361576.729527,0.0019516944885253906
251677,normal,1046,0,1782361576.7315586,0.002031564712524414
251678,normal,750,0,1782361576.7335718,0.0020132064819335938
251679,normal,2136,0,1782361576.7355258,0.0019540786743164062
251680,normal,3275,1,1782361576.7375593,0.0020334720611572266
251681,normal,3183,1,1782361576.7395704,0.0020110607147216797
251682,normal,2693,0,1782361576.741535,0.001964569091796875
251683,normal,100,0,1782361576.7435591,0.0020241737365722656
251684,normal,417,0,1782361576.7455704,0.0020112991333007812
251685,normal,1607,0,1782361576.7475321,0.0019617080688476562
251686,normal,1144,0,1782361576.749563,0.0020308494567871094
251687,normal,1065,0,1782361576.751574,0.0020110607147216797
251688,normal,3474,0,1782361576.753532,0.0019578933715820312
251689,normal,324,0,1782361576.755561,0.0020291805267333984
251690,normal,2055,0,1782361576.7575731,0.002012014389038086
251691,normal,2177,0,1782361576.7595303,0.0019571781158447266
251692,normal,61,0,1782361576.761562,0.0020318031311035156
251693,normal,2917,0,1782361576.7635744,0.0020122528076171875
251694,normal,225,0,1782361576.7655315,0.0019571781158447266
251695,normal,2429,0,1782361576.7675607,0.0020291805267333984
251696,normal,3693,0,1782361576.769572,0.0020112991333007812
251697,normal,1617,0,1782361576.7715786,0.00200653076171875
251698,normal,637,0,1782361576.7735655,0.001986980438232422
251699,normal,1042,0,1782361576.7755764,0.002010822296142578
251700,normal,465,0,1782361576.7775297,0.0019533634185791016
251701,normal,2620,0,1782361576.779563,0.002033233642578125
251702,normal,2967,0,1782361576.7815793,0.002016305923461914
251703,normal,902,2,1782361576.78353,0.0019507408142089844
251704,normal,3612,0,1782361576.7855666,0.002036571502685547
251705,normal,2923,0,1782361576.7875745,0.0020079612731933594
251706,normal,3440,0,1782361576.7895288,0.001954317092895508
251707,normal,953,2,1782361576.7915726,0.0020437240600585938
251708,normal,734,0,1782361576.7935688,0.001996278762817383
251709,normal,151,0,1782361576.795521,0.0019521713256835938
251710,normal,486,0,1782361576.7975528,0.0020318031311035156
251711,normal,1726,0,1782361576.7995589,0.002006053924560547
251712,normal,2149,0,1782361576.8015258,0.0019669532775878906
251713,normal,888,2,1782361576.8035529,0.0020270347595214844
251714,normal,6,0,1782361576.8055923,0.0020394325256347656
251715,normal,2301,0,1782361576.8077543,0.0021619796752929688
251716,normal,3434,0,1782361576.8095787,0.0018243789672851562
251717,normal,1774,0,1782361576.8118625,0.002283811569213867
251718,normal,3145,1,1782361576.8135974,0.0017349720001220703
251719,normal,3525,0,1782361576.815765,0.0021674633026123047
251720,normal,1530,0,1782361576.817797,0.002032041549682617
251721,normal,1241,0,1782361576.8196027,0.0018057823181152344
251722,normal,2279,0,1782361576.821768,0.0021653175354003906
251723,normal,3242,1,1782361576.8238,0.002032041549682617
251724,normal,2022,0,1782361576.8255963,0.0017962455749511719
251725,normal,581,0,1782361576.827777,0.0021805763244628906
251726,normal,3156,1,1782361576.8297973,0.0020203590393066406
251727,normal,3369,1,1782361576.8315985,0.0018012523651123047
251728,normal,1001,2,1782361576.8337684,0.0021698474884033203
251729,normal,2557,0,1782361576.8364463,0.00267791748046875
251730,normal,2978,0,1782361576.8377426,0.0012962818145751953
251731,normal,1614,0,1782361576.8397164,0.001973867416381836
251732,normal,1114,0,1782361576.841717,0.002000570297241211
251733,normal,546,0,1782361576.8435822,0.0018651485443115234
251734,normal,643,0,1782361576.8457792,0.0021970272064208984
251735,normal,1767,0,1782361576.8477182,0.0019390583038330078
251736,normal,1668,0,1782361576.8495803,0.0018620491027832031
251737,normal,1704,0,1782361576.8517702,0.0021898746490478516
251738,normal,1133,0,1782361576.8535814,0.0018112659454345703
251739,normal,2775,0,1782361576.8555782,0.001996755599975586
251740,normal,1079,0,1782361576.857781,0.002202749252319336
251741,normal,911,2,1782361576.8597748,0.001993894577026367
251742,normal,2184,0,1782361576.861578,0.0018031597137451172
251743,normal,1647,0,1782361576.8637822,0.0022041797637939453
251744,normal,20,0,1782361576.8657732,0.0019910335540771484
251745,normal,2560,0,1782361576.867579,0.0018057823181152344
251746,normal,359,0,1782361576.8697777,0.0021986961364746094
251747,normal,1162,0,1782361576.8717797,0.0020020008087158203
251748,normal,299,0,1782361576.8735788,0.0017991065979003906
251749,normal,1532,0,1782361576.875779,0.0022001266479492188
251750,normal,2656,0,1782361576.877783,0.0020041465759277344
251751,normal,522,0,1782361576.8795927,0.0018095970153808594
251752,normal,3110,1,1782361576.8817668,0.0021741390228271484
251753,normal,2201,0,1782361576.8837194,0.0019526481628417969
251754,normal,3431,0,1782361576.8855984,0.001878976821899414
251755,normal,1031,0,1782361576.8877776,0.0021791458129882812
251756,normal,2090,0,1782361576.8897195,0.0019419193267822266
251757,normal,677,0,1782361576.8915987,0.0018792152404785156
251758,normal,1569,0,1782361576.8937783,0.0021796226501464844
251759,normal,303,0,1782361576.8955843,0.001806020736694336
251760,normal,2302,0,1782361576.897788,0.002203702926635742
251761,normal,1659,0,1782361576.89958,0.0017919540405273438
251762,normal,1937,0,1782361576.9017873,0.0022072792053222656
251763,normal,3016,0,1782361576.9035995,0.0018122196197509766
251764,normal,2260,0,1782361576.9057782,0.002178668975830078
251765,normal,431,0,1782361576.9077291,0.001950979232788086
251766,normal,2004,0,1782361576.9095988,0.0018696784973144531
251767,normal,1895,0,1782361576.911778,0.0021791458129882812
251768,normal,3674,0,1782361576.913755,0.0019769668579101562
251769,normal,520,0,1782361576.915603,0.001847982406616211
251770,normal,3313,1,1782361576.9177732,0.0021703243255615234
251771,normal,438,0,1782361576.9197521,0.0019788742065429688
251772,normal,2810,0,1782361576.921588,0.0018358230590820312
251773,normal,1035,0,1782361576.923774,0.0021860599517822266
251774,normal,1808,0,1782361576.9257476,0.0019736289978027344
251775,normal,2607,0,1782361576.9276006,0.0018529891967773438
251776,normal,1831,0,1782361576.9297616,0.0021610260009765625
251777,normal,218,0,1782361576.9317462,0.0019845962524414062
251778,normal,671,0,1782361576.933603,0.0018568038940429688
251779,normal,433,0,1782361576.9357831,0.0021800994873046875
251780,normal,1347,1,1782361576.937761,0.0019779205322265625
251781,normal,428,0,1782361576.939599,0.0018379688262939453
251782,normal,1889,0,1782361576.9417691,0.002170085906982422
251783,normal,2207,0,1782361576.943749,0.001979827880859375
251784,normal,1598,0,1782361576.9455986,0.0018496513366699219
251785,normal,3587,0,1782361576.947769,0.0021703243255615234
251786,normal,3178,1,1782361576.9497643,0.0019953250885009766
251787,normal,959,2,1782361576.951587,0.0018227100372314453
251788,normal,1442,0,1782361576.953772,0.0021851062774658203
251789,normal,718,0,1782361576.9557579,0.001985788345336914
251790,normal,508,0,1782361576.9575856,0.0018277168273925781
251791,normal,356,0,1782361576.9597852,0.0021996498107910156
251792,normal,2866,0,1782361576.9617717,0.0019865036010742188
251793,normal,2485,0,1782361576.9635844,0.0018126964569091797
251794,normal,2915,0,1782361576.965787,0.0022025108337402344
251795,normal,507,0,1782361576.9677653,0.0019783973693847656
251796,normal,3199,1,1782361576.9695992,0.0018339157104492188
251797,normal,181,0,1782361576.971774,0.002174854278564453
251798,normal,2804,0,1782361576.9737697,0.001995563507080078
251799,normal,3666,0,1782361576.9755905,0.0018208026885986328
251800,normal,1326,1,1782361576.9777892,0.0021986961364746094
251801,normal,892,2,1782361576.979771,0.0019817352294921875
251802,normal,2711,0,1782361576.9815981,0.001827239990234375
251803,normal,556,0,1782361576.9837725,0.00217437744140625
251804,normal,2863,0,1782361576.9857705,0.0019979476928710938
251805,normal,1830,0,1782361576.9875972,0.0018267631530761719
251806,normal,1230,0,1782361576.9897683,0.002171039581298828
251807,normal,1914,0,1782361576.9919124,0.0021440982818603516
251808,normal,978,2,1782361576.993772,0.0018596649169921875
251809,normal,2542,0,1782361576.995765,0.001992940902709961
251810,normal,1673,0,1782361576.997827,0.002062082290649414
251811,normal,426,0,1782361576.9997745,0.0019474029541015625
251812,normal,2865,0,1782361577.001767,0.001992464065551758
251813,normal,79,0,1782361577.0038083,0.002041339874267578
251814,normal,1461,0,1782361577.0057178,0.001909494400024414
251815,normal,2166,0,1782361577.0077722,0.002054452896118164
251816,normal,440,0,1782361577.0098119,0.002039670944213867
251817,normal,3293,1,1782361577.0117614,0.0019495487213134766
251818,normal,2270,0,1782361577.0137691,0.002007722854614258
251819,normal,866,2,1782361577.0157459,0.0019767284393310547
251820,normal,2164,0,1782361577.0175576,0.0018117427825927734
251821,normal,3265,1,1782361577.0197086,0.002151012420654297
251822,normal,3562,0,1782361577.021782,0.0020732879638671875
251823,normal,1227,0,1782361577.023577,0.001795053482055664
251824,normal,126,0,1782361577.025785,0.0022079944610595703
251825,normal,226,0,1782361577.0277302,0.0019452571868896484
251826,normal,2102,0,1782361577.029594,0.001863718032836914
251827,normal,3250,1,1782361577.0319433,0.002349376678466797
251828,normal,1353,1,1782361577.0338235,0.0018801689147949219
251829,normal,107,0,1782361577.0358233,0.0019998550415039062
251830,normal,2692,0,1782361577.0377657,0.0019423961639404297
251831,normal,2083,0,1782361577.0398295,0.002063751220703125
251832,normal,2318,0,1782361577.041825,0.001995563507080078
251833,normal,448,0,1782361577.0437665,0.0019414424896240234
251834,normal,2392,0,1782361577.0457637,0.001997232437133789
251835,normal,1761,0,1782361577.0478468,0.0020830631256103516
251836,normal,2771,0,1782361577.0498445,0.001997709274291992
251837,normal,848,2,1782361577.0519238,0.0020792484283447266
251838,normal,2906,0,1782361577.05393,0.0020062923431396484
251839,normal,396,0,1782361577.0556114,0.0016813278198242188
251840,normal,47,0,1782361577.0579772,0.0023658275604248047
251841,normal,2273,0,1782361577.059656,0.0016787052154541016
251842,normal,683,0,1782361577.061762,0.002106189727783203
251843,normal,3687,0,1782361577.063982,0.0022199153900146484
251844,normal,988,2,1782361577.0658422,0.0018601417541503906
251845,normal,3007,0,1782361577.0677645,0.0019223690032958984
251846,normal,991,2,1782361577.0699348,0.0021703243255615234
251847,normal,2442,0,1782361577.071944,0.002009153366088867
251848,normal,2594,0,1782361577.0736125,0.0016684532165527344
251849,normal,1535,0,1782361577.0759912,0.002378702163696289
251850,normal,2870,0,1782361577.0777125,0.0017213821411132812
251851,normal,109,0,1782361577.0797617,0.0020492076873779297
251852,normal,701,0,1782361577.0819974,0.0022356510162353516
251853,normal,533,0,1782361577.0836935,0.0016961097717285156
251854,normal,1559,0,1782361577.0859118,0.0022182464599609375
251855,normal,3225,1,1782361577.0878336,0.0019218921661376953
251856,normal,589,0,1782361577.089607,0.0017733573913574219
251857,normal,1344,1,1782361577.0916202,0.0020132064819335938
251858,normal,835,2,1782361577.0938702,0.0022499561309814453
251859,normal,3191,1,1782361577.0956004,0.001730203628540039
251860,normal,3051,1,1782361577.0977635,0.0021631717681884766
251861,normal,2579,0,1782361577.099767,0.0020034313201904297
251862,normal,1469,0,1782361577.1015928,0.0018258094787597656
251863,normal,1514,0,1782361577.1037726,0.002179861068725586
251864,normal,2217,0,1782361577.1057715,0.0019989013671875
251865,normal,1665,0,1782361577.1076224,0.0018508434295654297
251866,normal,2568,0,1782361577.109784,0.0021615028381347656
251867,normal,638,0,1782361577.1117597,0.0019757747650146484
251868,normal,1107,0,1782361577.1137114,0.0019516944885253906
251869,normal,452,0,1782361577.1157236,0.0020122528076171875
251870,normal,445,0,1782361577.1177845,0.0020608901977539062
251871,normal,3079,1,1782361577.1195998,0.0018153190612792969
251872,normal,2290,0,1782361577.1217723,0.0021724700927734375
251873,normal,3159,1,1782361577.1237273,0.0019550323486328125
251874,normal,676,0,1782361577.125597,0.0018696784973144531
251875,normal,3130,1,1782361577.1277978,0.0022008419036865234
251876,normal,1356,1,1782361577.129729,0.0019311904907226562
251877,normal,2050,0,1782361577.1316051,0.0018761157989501953
251878,normal,2918,0,1782361577.133764,0.0021588802337646484
251879,normal,3149,1,1782361577.1357446,0.0019805431365966797
251880,normal,3681,0,1782361577.1375957,0.0018510818481445312
251881,normal,2817,0,1782361577.1397648,0.0021691322326660156
251882,normal,1053,0,1782361577.141743,0.001978158950805664
251883,normal,83,0,1782361577.1436095,0.0018665790557861328
251884,normal,1999,0,1782361577.1457653,0.002155780792236328
251885,normal,3171,1,1782361577.147742,0.0019767284393310547
251886,normal,1242,0,1782361577.1496007,0.0018587112426757812
251887,normal,3319,1,1782361577.1517677,0.0021669864654541016
251888,normal,1093,0,1782361577.1537492,0.001981496810913086
251889,normal,2268,0,1782361577.1555958,0.0018465518951416016
251890,normal,283,0,1782361577.1577754,0.0021796226501464844
251891,normal,2447,0,1782361577.1597514,0.00197601318359375
251892,normal,2001,0,1782361577.1616004,0.0018489360809326172
251893,normal,2796,0,1782361577.1637642,0.0021638870239257812
251894,normal,2314,0,1782361577.1657526,0.0019884109497070312
251895,normal,3473,0,1782361577.1676083,0.001855611801147461
251896,normal,1151,0,1782361577.1697638,0.0021555423736572266
251897,normal,1631,0,1782361577.1717684,0.0020046234130859375
251898,normal,975,2,1782361577.1736019,0.0018334388732910156
251899,normal,3560,0,1782361577.1757648,0.002162933349609375
251900,normal,2144,0,1782361577.1777534,0.001988649368286133
251901,normal,1492,0,1782361577.1795979,0.0018444061279296875
251902,normal,2772,0,1782361577.1817775,0.0021796226501464844
251903,normal,2008,0,1782361577.18376,0.001982450485229492
251904,normal,2471,0,1782361577.1855972,0.0018372535705566406
251905,normal,3364,1,1782361577.187796,0.002198934555053711
251906,normal,1612,0,1782361577.1897707,0.0019745826721191406
251907,normal,1533,0,1782361577.191607,0.0018362998962402344
251908,normal,2549,0,1782361577.1937718,0.0021648406982421875
251909,normal,3538,0,1782361577.1957579,0.0019860267639160156
251910,normal,931,2,1782361577.1975937,0.0018358230590820312
251911,normal,196,0,1782361577.1997685,0.002174854278564453
251912,normal,3018,0,1782361577.2017608,0.0019922256469726562
251913,normal,1538,0,1782361577.2035918,0.0018310546875
251914,normal,3034,0,1782361577.2057743,0.002182483673095703
251915,normal,2138,0,1782361577.207768,0.0019936561584472656
251916,normal,1287,0,1782361577.2096114,0.0018434524536132812
251917,normal,261,0,1782361577.2117817,0.0021703243255615234
251918,normal,3579,0,1782361577.2137609,0.0019791126251220703
251919,normal,802,2,1782361577.2155948,0.0018339157104492188
251920,normal,1623,0,1782361577.2177777,0.0021829605102539062
251921,normal,2027,0,1782361577.219767,0.0019893646240234375
251922,normal,1872,0,1782361577.2215893,0.0018222332000732422
251923,normal,1580,0,1782361577.2237582,0.002168893814086914
251924,normal,563,0,1782361577.225771,0.0020127296447753906
251925,normal,3393,1,1782361577.2275906,0.001819610595703125
251926,normal,366,0,1782361577.2297623,0.002171754837036133
251927,normal,494,0,1782361577.231772,0.0020096302032470703
251928,normal,2731,0,1782361577.2336164,0.0018444061279296875
251929,normal,1582,0,1782361577.235766,0.0021495819091796875
251930,normal,542,0,1782361577.2377746,0.002008676528930664
251931,normal,2347,0,1782361577.2395856,0.0018110275268554688
251932,normal,3705,0,1782361577.241757,0.0021712779998779297
251933,normal,535,0,1782361577.2437778,0.0020208358764648438
251934,normal,2842,0,1782361577.245618,0.001840353012084961
251935,normal,2349,0,1782361577.2477589,0.0021407604217529297
251936,normal,2806,0,1782361577.249786,0.0020270347595214844
251937,normal,908,2,1782361577.2516184,0.0018324851989746094
251938,normal,70,0,1782361577.2537732,0.002154827117919922
251939,normal,2077,0,1782361577.2556336,0.0018603801727294922
251940,normal,1021,2,1782361577.2577748,0.002141237258911133
251941,normal,1201,0,1782361577.2595785,0.0018036365509033203
251942,normal,2269,0,1782361577.261841,0.002262592315673828
251943,normal,2007,0,1782361577.2635882,0.00174713134765625
251944,normal,1934,0,1782361577.2657733,0.0021851062774658203
251945,normal,1357,1,1782361577.2677832,0.002009868621826172
251946,normal,513,0,1782361577.2696195,0.0018362998962402344
251947,normal,1097,0,1782361577.2717738,0.0021543502807617188
251948,normal,3412,0,1782361577.2737844,0.0020105838775634766
251949,normal,286,0,1782361577.275588,0.0018036365509033203
251950,normal,1420,0,1782361577.2777684,0.002180337905883789
251951,normal,1549,0,1782361577.279789,0.002020597457885742
251952,normal,1196,0,1782361577.281589,0.0018000602722167969
251953,normal,1225,0,1782361577.2837787,0.00218963623046875
251954,normal,2401,0,1782361577.2857904,0.0020117759704589844
251955,normal,2774,0,1782361577.2875965,0.001806020736694336
251956,normal,1076,0,1782361577.289831,0.0022344589233398438
251957,normal,78,0,1782361577.2917676,0.0019366741180419922
251958,normal,928,2,1782361577.293601,0.0018334388732910156
251959,normal,2937,0,1782361577.2957869,0.002185821533203125
251960,normal,270,0,1782361577.2976553,0.0018684864044189453
251961,normal,2996,0,1782361577.2997744,0.0021190643310546875
251962,normal,1905,0,1782361577.301658,0.0018835067749023438
251963,normal,3606,0,1782361577.3038678,0.002209901809692383
251964,normal,3232,1,1782361577.3055904,0.001722574234008789
251965,normal,2908,0,1782361577.3077784,0.002187967300415039
251966,normal,3166,1,1782361577.3097997,0.002021312713623047
251967,normal,2695,0,1782361577.3115933,0.0017936229705810547
251968,normal,1415,0,1782361577.3137836,0.0021903514862060547
251969,normal,1365,1,1782361577.3158088,0.002025127410888672
251970,normal,3103,1,1782361577.3175917,0.0017828941345214844
251971,normal,705,0,1782361577.31978,0.002188444137573242
251972,normal,1183,0,1782361577.3217182,0.0019381046295166016
251973,normal,601,0,1782361577.323595,0.0018768310546875
251974,normal,2736,0,1782361577.3257866,0.0021915435791015625
251975,normal,1129,0,1782361577.327774,0.001987457275390625
251976,normal,3024,0,1782361577.3295896,0.0018155574798583984
251977,normal,1130,0,1782361577.3317814,0.002191781997680664
251978,normal,945,2,1782361577.333762,0.0019805431365966797
251979,normal,1998,0,1782361577.3356347,0.0018727779388427734
251980,normal,2380,0,1782361577.3377738,0.0021390914916992188
251981,normal,1839,0,1782361577.3397675,0.0019936561584472656
251982,normal,2372,0,1782361577.341593,0.001825571060180664
251983,normal,539,0,1782361577.3437836,0.0021905899047851562
251984,normal,2566,0,1782361577.3457696,0.0019860267639160156
251985,normal,1214,0,1782361577.3475938,0.0018241405487060547
251986,normal,3704,0,1782361577.3499289,0.002335071563720703
251987,normal,2706,0,1782361577.3516421,0.0017132759094238281
251988,normal,1472,0,1782361577.3539326,0.002290487289428711
251989,normal,1707,0,1782361577.3556106,0.0016779899597167969
251990,normal,2669,0,1782361577.357942,0.0023314952850341797
251991,normal,3243,1,1782361577.3595953,0.0016531944274902344
251992,normal,119,0,1782361577.361843,0.0022478103637695312
251993,normal,2786,0,1782361577.3636162,0.0017731189727783203
251994,normal,630,0,1782361577.3658054,0.002189159393310547
251995,normal,3410,0,1782361577.367611,0.0018055438995361328
251996,normal,758,0,1782361577.3699355,0.0023245811462402344
251997,normal,1815,0,1782361577.3715875,0.0016520023345947266
251998,normal,873,2,1782361577.3737311,0.0021436214447021484
251999,normal,1585,0,1782361577.3757474,0.002016305923461914
252000,normal,1844,0,1782361577.3775866,0.0018391609191894531
252001,normal,3256,1,1782361577.3797576,0.002171039581298828
252002,normal,1911,0,1782361577.3817456,0.001987934112548828
252003,normal,2076,0,1782361577.3835847,0.0018391609191894531
252004,normal,1737,0,1782361577.3857172,0.002132415771484375
252005,normal,3523,0,1782361577.3878427,0.0021255016326904297
252006,normal,3421,0,1782361577.389753,0.0019104480743408203
252007,normal,2509,0,1782361577.3915982,0.0018451213836669922
252008,normal,2682,0,1782361577.393846,0.0022478103637695312
252009,normal,2898,0,1782361577.395546,0.0016999244689941406
252010,normal,319,0,1782361577.3977752,0.0022292137145996094
252011,normal,2602,0,1782361577.3996322,0.0018570423126220703
252012,normal,3328,1,1782361577.4015589,0.0019266605377197266
252013,normal,1693,0,1782361577.4037848,0.0022258758544921875
252014,normal,1195,0,1782361577.4056337,0.0018489360809326172
252015,normal,2085,0,1782361577.4077768,0.0021431446075439453
252016,normal,1449,0,1782361577.4095302,0.0017533302307128906
252017,normal,160,0,1782361577.4115343,0.0020041465759277344
252018,normal,2730,0,1782361577.4137583,0.002223968505859375
252019,normal,1550,0,1782361577.4154983,0.0017399787902832031
252020,normal,1073,0,1782361577.41786,0.002361774444580078
252021,normal,1355,1,1782361577.4194958,0.0016357898712158203
252022,normal,735,0,1782361577.42157,0.0020742416381835938
252023,normal,1036,0,1782361577.4235396,0.001969575881958008
252024,normal,3139,1,1782361577.4255626,0.002022981643676758
252025,normal,2610,0,1782361577.4275343,0.001971721649169922
252026,normal,1893,0,1782361577.4295342,0.0019998550415039062
252027,normal,1283,0,1782361577.4315658,0.002031564712524414
252028,normal,2495,0,1782361577.4335356,0.0019698143005371094
252029,normal,3292,1,1782361577.4356065,0.002070903778076172
252030,normal,2719,0,1782361577.4377303,0.0021238327026367188
252031,normal,1002,2,1782361577.4397936,0.002063274383544922
252032,normal,2057,0,1782361577.4415596,0.0017659664154052734
252033,normal,3193,1,1782361577.4438024,0.0022428035736083984
252034,normal,256,0,1782361577.4455721,0.0017697811126708984
252035,normal,2135,0,1782361577.4478853,0.0023131370544433594
252036,normal,3247,1,1782361577.449562,0.001676797866821289
252037,normal,2606,0,1782361577.451787,0.0022249221801757812
252038,normal,380,0,1782361577.4535635,0.0017764568328857422
252039,normal,392,0,1782361577.4557889,0.0022253990173339844
252040,normal,529,0,1782361577.4575596,0.0017707347869873047
252041,normal,1060,0,1782361577.4597814,0.002221822738647461
252042,normal,633,0,1782361577.461584,0.001802682876586914
252043,normal,1879,0,1782361577.4635336,0.0019495487213134766
252044,normal,2543,0,1782361577.4655657,0.002032041549682617
252045,normal,3349,1,1782361577.4675333,0.0019676685333251953
252046,normal,1252,0,1782361577.469529,0.001995563507080078
252047,normal,1942,0,1782361577.4715767,0.0020477771759033203
252048,normal,1584,0,1782361577.473528,0.0019512176513671875
252049,normal,1818,0,1782361577.4755294,0.002001523971557617
252050,normal,1632,0,1782361577.477576,0.0020465850830078125
252051,normal,1256,0,1782361577.479531,0.0019550323486328125
252052,normal,2265,0,1782361577.4815285,0.0019974708557128906
252053,normal,1953,0,1782361577.4835842,0.002055644989013672
252054,normal,1106,0,1782361577.4855304,0.0019462108612060547
252055,normal,3197,1,1782361577.4875302,0.0019998550415039062
252056,normal,1626,0,1782361577.4895813,0.002051115036010742
252057,normal,2469,0,1782361577.4915285,0.001947164535522461
252058,normal,3533,0,1782361577.4935718,0.0020432472229003906
252059,normal,717,0,1782361577.495531,0.0019593238830566406
252060,normal,3706,0,1782361577.4975314,0.0020003318786621094
252061,normal,3594,0,1782361577.4995313,0.0019998550415039062
252062,normal,3480,0,1782361577.5015626,0.0020313262939453125
252063,normal,1098,0,1782361577.503533,0.0019702911376953125
252064,normal,3014,0,1782361577.5055299,0.0019969940185546875
252065,normal,2638,0,1782361577.5075762,0.002046346664428711
252066,normal,2094,0,1782361577.5095305,0.001954317092895508
252067,normal,1216,0,1782361577.5115314,0.0020008087158203125
252068,normal,934,2,1782361577.5135288,0.0019974708557128906
252069,normal,1460,0,1782361577.5155299,0.002001047134399414
252070,normal,241,0,1782361577.517529,0.0019991397857666016
252071,normal,1405,0,1782361577.5195765,0.0020475387573242188
252072,normal,3113,1,1782361577.5215344,0.0019578933715820312
252073,normal,3222,1,1782361577.5235746,0.0020401477813720703
252074,normal,1923,0,1782361577.5255306,0.0019559860229492188
252075,normal,1875,0,1782361577.527529,0.001998424530029297
252076,normal,2342,0,1782361577.52953,0.002001047134399414
252077,normal,1255,0,1782361577.5315764,0.002046346664428711
252078,normal,2575,0,1782361577.5335283,0.0019519329071044922
252079,normal,664,0,1782361577.535528,0.0019996166229248047
252080,normal,1243,0,1782361577.5375726,0.002044677734375
252081,normal,2677,0,1782361577.5395284,0.001955747604370117
252082,normal,1336,1,1782361577.541528,0.0019996166229248047
252083,normal,3177,1,1782361577.5435743,0.002046346664428711
252084,normal,467,0,1782361577.545529,0.0019545555114746094
252085,normal,2197,0,1782361577.547533,0.0020041465759277344
252086,normal,2129,0,1782361577.5495856,0.0020525455474853516
252087,normal,415,0,1782361577.551554,0.0019683837890625
252088,normal,1004,2,1782361577.55364,0.0020859241485595703
252089,normal,1762,0,1782361577.5555325,0.0018925666809082031
252090,normal,1364,1,1782361577.557534,0.002001523971557617
252091,normal,2154,0,1782361577.559528,0.0019941329956054688
252092,normal,3057,1,1782361577.56158,0.002051830291748047
252093,normal,2497,0,1782361577.5635302,0.0019502639770507812
252094,normal,3312,1,1782361577.5655274,0.001997232437133789
252095,normal,3082,1,1782361577.5675745,0.0020470619201660156
252096,normal,2297,0,1782361577.5695293,0.001954793930053711
252097,normal,333,0,1782361577.571529,0.0019996166229248047
252098,normal,3025,0,1782361577.5735738,0.0020449161529541016
252099,normal,1122,0,1782361577.5755289,0.0019550323486328125
252100,normal,2929,0,1782361577.5775273,0.001998424530029297
252101,normal,1571,0,1782361577.5795748,0.0020475387573242188
252102,normal,1476,0,1782361577.5815272,0.0019524097442626953
252103,normal,305,0,1782361577.583529,0.0020017623901367188
252104,normal,565,0,1782361577.5855722,0.0020432472229003906
252105,normal,616,0,1782361577.587528,0.001955747604370117
252106,normal,782,2,1782361577.5895298,0.0020017623901367188
252107,normal,1833,0,1782361577.5915728,0.002043008804321289
252108,normal,1509,0,1782361577.593508,0.0019352436065673828
252109,normal,1868,0,1782361577.5955284,0.0020203590393066406
252110,normal,1014,2,1782361577.597573,0.002044677734375
252111,normal,2776,0,1782361577.5995412,0.0019681453704833984
252112,normal,1907,0,1782361577.60153,0.0019888877868652344
252113,normal,92,0,1782361577.6035783,0.0020482540130615234
252114,normal,2951,0,1782361577.6055338,0.0019555091857910156
252115,normal,13,0,1782361577.6075313,0.0019974708557128906
252116,normal,1986,0,1782361577.609578,0.0020465850830078125
252117,normal,1653,0,1782361577.6115332,0.001955270767211914
252118,normal,1337,1,1782361577.6135306,0.0019974708557128906
252119,normal,2125,0,1782361577.6155758,0.002045154571533203
252120,normal,453,0,1782361577.61753,0.001954317092895508
252121,normal,1105,0,1782361577.6195312,0.002001047134399414
252122,normal,2267,0,1782361577.6215763,0.002045154571533203
252123,normal,81,0,1782361577.6235335,0.0019571781158447266
252124,normal,1190,0,1782361577.625531,0.0019974708557128906
252125,normal,2595,0,1782361577.6275775,0.0020465850830078125
252126,normal,1300,0,1782361577.629532,0.0019545555114746094
252127,normal,1878,0,1782361577.6315331,0.002001047134399414
252128,normal,1291,0,1782361577.6335766,0.002043485641479492
252129,normal,3686,0,1782361577.6355314,0.001954793930053711
252130,normal,733,0,1782361577.6375325,0.002001047134399414
252131,normal,4,0,1782361577.6395822,0.002049684524536133
252132,normal,2371,0,1782361577.641532,0.0019497871398925781
252133,normal,1663,0,1782361577.643532,0.002000093460083008
252134,normal,2972,0,1782361577.6455777,0.0020456314086914062
252135,normal,3201,1,1782361577.6475313,0.001953601837158203
252136,normal,40,0,1782361577.64953,0.0019986629486083984
252137,normal,1909,0,1782361577.6515787,0.0020487308502197266
252138,normal,3415,0,1782361577.6535344,0.001955747604370117
252139,normal,1153,0,1782361577.6555321,0.001997709274291992
252140,normal,2618,0,1782361577.6575773,0.002045154571533203
252141,normal,2355,0,1782361577.6595535,0.0019762516021728516
252142,normal,2161,0,1782361577.6615314,0.0019779205322265625
252143,normal,843,2,1782361577.6635795,0.002048015594482422
252144,normal,790,2,1782361577.6655319,0.0019524097442626953
252145,normal,1226,0,1782361577.6675334,0.002001523971557617
252146,normal,588,0,1782361577.669577,0.002043485641479492
252147,normal,794,2,1782361577.671533,0.0019562244415283203
252148,normal,2295,0,1782361577.673532,0.0019989013671875
252149,normal,3008,0,1782361577.6755774,0.0020453929901123047
252150,normal,3226,1,1782361577.6775405,0.0019631385803222656
252151,normal,1082,0,1782361577.6795328,0.0019922256469726562
252152,normal,1927,0,1782361577.681575,0.0020422935485839844
252153,normal,487,0,1782361577.6835372,0.0019621849060058594
252154,normal,1391,0,1782361577.685532,0.0019948482513427734
252155,normal,761,0,1782361577.6875784,0.002046346664428711
252156,normal,586,0,1782361577.6895316,0.001953125
252157,normal,2969,0,1782361577.6915355,0.002003908157348633
252158,normal,600,0,1782361577.6935818,0.002046346664428711
252159,normal,3088,1,1782361577.695787,0.0022051334381103516
252160,normal,1374,1,1782361577.6975636,0.0017766952514648438
252161,normal,1962,0,1782361577.699657,0.0020933151245117188
252162,normal,49,0,1782361577.7018135,0.002156496047973633
252163,normal,208,0,1782361577.7035627,0.001749277114868164
252164,normal,1433,0,1782361577.7058191,0.0022563934326171875
252165,normal,63,0,1782361577.707563,0.0017437934875488281
252166,normal,3677,0,1782361577.7097757,0.0022127628326416016
252167,normal,2527,0,1782361577.7115617,0.0017859935760498047
252168,normal,3543,0,1782361577.7137773,0.0022156238555908203
252169,normal,3337,1,1782361577.7155612,0.0017838478088378906
252170,normal,3010,0,1782361577.7178504,0.002289295196533203
252171,normal,1635,0,1782361577.7195601,0.0017096996307373047
252172,normal,3237,1,1782361577.7217827,0.0022225379943847656
252173,normal,3027,0,1782361577.7235663,0.001783609390258789
252174,normal,1421,0,1782361577.7257886,0.002222299575805664
252175,normal,1457,0,1782361577.7275372,0.0017485618591308594
252176,normal,615,0,1782361577.7295349,0.001997709274291992
252177,normal,3426,0,1782361577.731534,0.0019991397857666016
252178,normal,3296,1,1782361577.7335358,0.0020017623901367188
252179,normal,631,0,1782361577.7355356,0.0019998550415039062
252180,normal,35,0,1782361577.7375348,0.0019991397857666016
252181,normal,1077,0,1782361577.7395325,0.001997709274291992
252182,normal,1799,0,1782361577.7415326,0.002000093460083008
252183,normal,2170,0,1782361577.7435791,0.0020465850830078125
252184,normal,2036,0,1782361577.7455368,0.0019576549530029297
252185,normal,383,0,1782361577.7475355,0.0019986629486083984
252186,normal,153,0,1782361577.749536,0.002000570297241211
252187,normal,2396,0,1782361577.7515364,0.0020003318786621094
252188,normal,1244,0,1782361577.753539,0.002002716064453125
252189,normal,989,2,1782361577.7555413,0.002002239227294922
252190,normal,2244,0,1782361577.757535,0.0019936561584472656
252191,normal,2064,0,1782361577.7595346,0.0019996166229248047
252192,normal,2648,0,1782361577.7615347,0.002000093460083008
252193,normal,2131,0,1782361577.7635355,0.0020008087158203125
252194,normal,2784,0,1782361577.765537,0.002001523971557617
252195,normal,2357,0,1782361577.7675369,0.0019998550415039062
252196,normal,1853,0,1782361577.7695374,0.002000570297241211
252197,normal,416,0,1782361577.771534,0.0019965171813964844
252198,normal,3445,0,1782361577.7735322,0.0019981861114501953
252199,normal,2000,0,1782361577.7755315,0.001999378204345703
252200,normal,1963,0,1782361577.777577,0.0020453929901123047
252201,normal,1701,0,1782361577.7795348,0.0019578933715820312
252202,normal,2797,0,1782361577.7815342,0.001999378204345703
252203,normal,1219,0,1782361577.7835765,0.0020422935485839844
252204,normal,2288,0,1782361577.7855325,0.0019559860229492188
252205,normal,1757,0,1782361577.7875319,0.001999378204345703
252206,normal,651,0,1782361577.7895746,0.0020427703857421875
252207,normal,306,0,1782361577.7915297,0.0019550323486328125
252208,normal,1775,0,1782361577.7935324,0.002002716064453125
252209,normal,1807,0,1782361577.7955801,0.0020477771759033203
252210,normal,2476,0,1782361577.7975307,0.0019505023956298828
252211,normal,213,0,1782361577.7995296,0.0019989013671875
252212,normal,2370,0,1782361577.8015745,0.0020449161529541016
252213,normal,3522,0,1782361577.8035543,0.001979827880859375
252214,normal,3300,1,1782361577.805536,0.0019817352294921875
252215,normal,2179,0,1782361577.8075776,0.0020415782928466797
252216,normal,861,2,1782361577.8095307,0.001953125
252217,normal,3316,1,1782361577.811535,0.0020041465759277344
252218,normal,3419,0,1782361577.813702,0.002167224884033203
252219,normal,3334,1,1782361577.815531,0.001828908920288086
252220,normal,2232,0,1782361577.8175297,0.0019986629486083984
252221,normal,2243,0,1782361577.8195336,0.002003908157348633
252222,normal,1413,0,1782361577.8215435,0.002009868621826172
252223,normal,787,2,1782361577.823535,0.0019915103912353516
252224,normal,1771,0,1782361577.8255785,0.002043485641479492
252225,normal,1484,0,1782361577.8275313,0.0019528865814208984
252226,normal,1699,0,1782361577.8295307,0.001999378204345703
252227,normal,2646,0,1782361577.8315744,0.0020437240600585938
252228,normal,2072,0,1782361577.833537,0.0019626617431640625
252229,normal,2115,0,1782361577.8355303,0.0019931793212890625
252230,normal,1690,0,1782361577.8375742,0.0020439624786376953
252231,normal,496,0,1782361577.8395317,0.001957416534423828
252232,normal,1034,0,1782361577.84153,0.001998424530029297
252233,normal,89,0,1782361577.8435757,0.0020456314086914062
252234,normal,1543,0,1782361577.8455317,0.0019559860229492188
252235,normal,1423,0,1782361577.8475306,0.0019989013671875
252236,normal,904,2,1782361577.8495772,0.0020465850830078125
252237,normal,783,2,1782361577.851531,0.0019538402557373047
252238,normal,883,2,1782361577.8535511,0.002020120620727539
252239,normal,1490,0,1782361577.8555295,0.0019783973693847656
252240,normal,3151,1,1782361577.8575659,0.0020363330841064453
252241,normal,2404,0,1782361577.859531,0.001965045928955078
252242,normal,1786,0,1782361577.8615744,0.002043485641479492
252243,normal,1523,0,1782361577.8635304,0.0019559860229492188
252244,normal,3468,0,1782361577.865528,0.001997709274291992
252245,normal,1248,0,1782361577.867575,0.002046823501586914
252246,normal,3469,0,1782361577.8695283,0.0019533634185791016
252247,normal,851,2,1782361577.8715305,0.002002239227294922
252248,normal,3138,1,1782361577.8735805,0.0020499229431152344
252249,normal,2174,0,1782361577.8755312,0.0019507408142089844
252250,normal,678,0,1782361577.8775291,0.0019979476928710938
252251,normal,1634,0,1782361577.8795736,0.0020444393157958984
252252,normal,3427,0,1782361577.881529,0.0019555091857910156
252253,normal,2574,0,1782361577.8835309,0.0020017623901367188
252254,normal,1394,0,1782361577.885574,0.0020432472229003906
252255,normal,3176,1,1782361577.8875282,0.0019540786743164062
252256,normal,414,0,1782361577.8895273,0.0019991397857666016
252257,normal,617,0,1782361577.8915734,0.0020461082458496094
252258,normal,3556,0,1782361577.8935292,0.001955747604370117
252259,normal,2964,0,1782361577.895528,0.0019989013671875
252260,normal,3643,0,1782361577.8975754,0.002047300338745117
252261,normal,1070,0,1782361577.8995285,0.001953125
252262,normal,2104,0,1782361577.9015296,0.002001047134399414
252263,normal,343,0,1782361577.903573,0.002043485641479492
252264,normal,3266,1,1782361577.9055295,0.001956462860107422
252265,normal,257,0,1782361577.9075303,0.0020008087158203125
252266,normal,2647,0,1782361577.9095783,0.002048015594482422
252267,normal,1840,0,1782361577.9115334,0.0019550323486328125
252268,normal,3132,1,1782361577.913528,0.001994609832763672
252269,normal,521,0,1782361577.915573,0.0020449161529541016
252270,normal,709,0,1782361577.917528,0.0019550323486328125
252271,normal,2013,0,1782361577.9195275,0.0019996166229248047
252272,normal,2982,0,1782361577.921573,0.0020453929901123047
252273,normal,1715,0,1782361577.9235277,0.001954793930053711
252274,normal,1729,0,1782361577.9255297,0.0020020008087158203
252275,normal,1539,0,1782361577.9275734,0.0020437240600585938
252276,normal,1841,0,1782361577.9295287,0.001955270767211914
252277,normal,497,0,1782361577.9315302,0.002001523971557617
252278,normal,1000,2,1782361577.933568,0.0020377635955810547
252279,normal,3264,1,1782361577.9355285,0.0019605159759521484
252280,normal,2241,0,1782361577.9375284,0.0019998550415039062
252281,normal,1546,0,1782361577.9395802,0.002051830291748047
252282,normal,1637,0,1782361577.941529,0.0019488334655761719
252283,normal,2675,0,1782361577.9435277,0.0019986629486083984
252284,normal,304,0,1782361577.9455755,0.0020477771759033203
252285,normal,238,0,1782361577.9475303,0.001954793930053711
252286,normal,413,0,1782361577.949529,0.0019986629486083984
252287,normal,385,0,1782361577.95158,0.002051115036010742
252288,normal,2313,0,1782361577.9535267,0.0019466876983642578
252289,normal,1422,0,1782361577.955527,0.0020003318786621094
252290,normal,284,0,1782361577.957571,0.0020439624786376953
252291,normal,3629,0,1782361577.9595284,0.001957416534423828
252292,normal,88,0,1782361577.9615283,0.0019998550415039062
252293,normal,3246,1,1782361577.9635742,0.002045869827270508
252294,normal,1429,0,1782361577.9655268,0.0019526481628417969
252295,normal,2315,0,1782361577.9675283,0.002001523971557617
252296,normal,1116,0,1782361577.969574,0.0020456314086914062
252297,normal,1709,0,1782361577.9715304,0.001956462860107422
252298,normal,1099,0,1782361577.973529,0.0019986629486083984
252299,normal,909,2,1782361577.9755769,0.0020477771759033203
252300,normal,3632,0,1782361577.977528,0.0019512176513671875
252301,normal,148,0,1782361577.9795284,0.0020003318786621094
252302,normal,3351,1,1782361577.981574,0.0020456314086914062
252303,normal,807,2,1782361577.9835298,0.001955747604370117
252304,normal,769,0,1782361577.985529,0.0019991397857666016
252305,normal,220,0,1782361577.9875731,0.002044200897216797
252306,normal,3672,0,1782361577.9895337,0.0019605159759521484
252307,normal,3111,1,1782361577.9915297,0.0019960403442382812
252308,normal,1629,0,1782361577.993576,0.002046346664428711
252309,normal,3399,1,1782361577.9955676,0.0019915103912353516
252310,normal,2409,0,1782361577.9975116,0.0019440650939941406
252311,normal,2285,0,1782361577.9995382,0.0020265579223632812
252312,normal,1820,0,1782361578.0015254,0.0019872188568115234
252313,normal,2563,0,1782361578.0035024,0.0019769668579101562
252314,normal,2532,0,1782361578.0055382,0.002035856246948242
252315,normal,2718,0,1782361578.0075233,0.0019850730895996094
252316,normal,1859,0,1782361578.0095003,0.0019769668579101562
252317,normal,1058,0,1782361578.011535,0.0020346641540527344
252318,normal,3162,1,1782361578.013617,0.0020821094512939453
252319,normal,3452,0,1782361578.0155025,0.0018854141235351562
252320,normal,1328,1,1782361578.0176008,0.0020983219146728516
252321,normal,1232,0,1782361578.0195608,0.0019600391387939453
252322,normal,2379,0,1782361578.0215118,0.001950979232788086
252323,normal,923,2,1782361578.023611,0.002099275588989258
252324,normal,757,0,1782361578.025505,0.0018939971923828125
252325,normal,447,0,1782361578.0275016,0.0019965171813964844
252326,normal,3707,0,1782361578.0296059,0.0021042823791503906
252327,normal,1464,0,1782361578.0315576,0.0019516944885253906
252328,normal,969,2,1782361578.0335581,0.002000570297241211
252329,normal,2122,0,1782361578.0355616,0.0020034313201904297
252330,normal,2588,0,1782361578.0382366,0.0026750564575195312
252331,normal,1025,2,1782361578.0395346,0.0012979507446289062
252332,normal,2110,0,1782361578.0415335,0.0019989013671875
252333,normal,1764,0,1782361578.043565,0.002031564712524414
252334,normal,2686,0,1782361578.0455298,0.0019648075103759766
252335,normal,2391,0,1782361578.0475287,0.0019989013671875
252336,normal,2943,0,1782361578.049575,0.002046346664428711
252337,normal,806,2,1782361578.051528,0.0019528865814208984
252338,normal,2936,0,1782361578.053527,0.0019991397857666016
252339,normal,3331,1,1782361578.0556152,0.0020880699157714844
252340,normal,1402,0,1782361578.0575378,0.001922607421875
252341,normal,2824,0,1782361578.0595353,0.0019974708557128906
252342,normal,980,2,1782361578.0615637,0.0020284652709960938
252343,normal,1700,0,1782361578.0635316,0.001967906951904297
252344,normal,1657,0,1782361578.0655303,0.0019986629486083984
252345,normal,731,0,1782361578.0675833,0.0020530223846435547
252346,normal,2407,0,1782361578.0695343,0.001950979232788086
252347,normal,3373,1,1782361578.0715315,0.001997232437133789
252348,normal,347,0,1782361578.073564,0.0020325183868408203
252349,normal,75,0,1782361578.075529,0.001965045928955078
252350,normal,1946,0,1782361578.0775304,0.0020012855529785156
252351,normal,3514,0,1782361578.0795748,0.0020444393157958984
252352,normal,2907,0,1782361578.0815449,0.001970052719116211
252353,normal,1864,0,1782361578.0835323,0.001987457275390625
252354,normal,298,0,1782361578.0855644,0.002032041549682617
252355,normal,2194,0,1782361578.0875287,0.0019643306732177734
252356,normal,2383,0,1782361578.0895329,0.0020041465759277344
252357,normal,510,0,1782361578.091561,0.002028226852416992
252358,normal,2798,0,1782361578.093583,0.0020220279693603516
252359,normal,955,2,1782361578.0955315,0.0019483566284179688
252360,normal,972,2,1782361578.097576,0.0020444393157958984
252361,normal,2038,0,1782361578.0995312,0.001955270767211914
252362,normal,1778,0,1782361578.1015317,0.002000570297241211
252363,normal,1769,0,1782361578.1035645,0.002032756805419922
252364,normal,3142,1,1782361578.105567,0.0020024776458740234
252365,normal,1652,0,1782361578.1075463,0.001979351043701172
252366,normal,3107,1,1782361578.1095653,0.0020189285278320312
252367,normal,3505,0,1782361578.1115286,0.001963376998901367
252368,normal,811,2,1782361578.11353,0.0020012855529785156
252369,normal,1975,0,1782361578.115563,0.0020329952239990234
252370,normal,2156,0,1782361578.1175306,0.0019676685333251953
252371,normal,1855,0,1782361578.1195292,0.0019986629486083984
252372,normal,2171,0,1782361578.1215608,0.002031564712524414
252373,normal,946,2,1782361578.1235468,0.0019860267639160156
252374,normal,3053,1,1782361578.1255295,0.0019826889038085938
252375,normal,3507,0,1782361578.1275618,0.0020322799682617188
252376,normal,1933,0,1782361578.1295283,0.0019664764404296875
252377,normal,378,0,1782361578.1315408,0.002012491226196289
252378,normal,567,0,1782361578.133559,0.0020182132720947266
252379,normal,3308,1,1782361578.135507,0.0019481182098388672
252380,normal,1703,0,1782361578.1375382,0.002031087875366211
252381,normal,1104,0,1782361578.139529,0.001990795135498047
252382,normal,265,0,1782361578.1415024,0.001973390579223633
252383,normal,2253,0,1782361578.1435318,0.0020294189453125
252384,normal,46,0,1782361578.1455998,0.002068042755126953
252385,normal,3073,1,1782361578.1475005,0.0019006729125976562
252386,normal,1296,0,1782361578.1495967,0.0020961761474609375
252387,normal,1811,0,1782361578.151564,0.001967191696166992
252388,normal,1888,0,1782361578.1535604,0.0019965171813964844
252389,normal,360,0,1782361578.1556473,0.0020868778228759766
252390,normal,272,0,1782361578.1577835,0.00213623046875
252391,normal,1680,0,1782361578.1595113,0.0017278194427490234
252392,normal,2794,0,1782361578.1618774,0.0023660659790039062
252393,normal,2868,0,1782361578.1635125,0.0016350746154785156
252394,normal,3542,0,1782361578.1656032,0.0020906925201416016
252395,normal,152,0,1782361578.1676507,0.0020475387573242188
252396,normal,3565,0,1782361578.1696215,0.0019707679748535156
252397,normal,2635,0,1782361578.1715038,0.001882314682006836
252398,normal,1750,0,1782361578.1736026,0.0020987987518310547
252399,normal,2031,0,1782361578.1755574,0.001954793930053711
252400,normal,1458,0,1782361578.1775594,0.0020020008087158203
252401,normal,2912,0,1782361578.1795602,0.0020008087158203125
252402,normal,1525,0,1782361578.1817863,0.002226114273071289
252403,normal,2106,0,1782361578.1835637,0.0017774105072021484
252404,normal,18,0,1782361578.1856575,0.002093791961669922
252405,normal,1870,0,1782361578.1877866,0.002129077911376953
252406,normal,3129,1,1782361578.1895142,0.0017275810241699219
252407,normal,2512,0,1782361578.1919608,0.0024466514587402344
252408,normal,593,0,1782361578.1936142,0.001653432846069336
252409,normal,485,0,1782361578.195805,0.002190828323364258
252410,normal,3428,0,1782361578.1976392,0.0018341541290283203
252411,normal,156,0,1782361578.1996975,0.002058267593383789
252412,normal,187,0,1782361578.2015846,0.0018870830535888672
252413,normal,3520,0,1782361578.2037992,0.002214670181274414
252414,normal,1922,0,1782361578.2055511,0.0017518997192382812
252415,normal,138,0,1782361578.2075694,0.0020182132720947266
252416,normal,3566,0,1782361578.209533,0.0019636154174804688
252417,normal,927,2,1782361578.2115335,0.002000570297241211
252418,normal,2227,0,1782361578.2135339,0.0020003318786621094
252419,normal,2664,0,1782361578.2155774,0.002043485641479492
252420,normal,2613,0,1782361578.2175322,0.001954793930053711
252421,normal,618,0,1782361578.2195296,0.0019974708557128906
252422,normal,689,0,1782361578.2215757,0.0020461082458496094
252423,normal,1743,0,1782361578.223536,0.001960277557373047
252424,normal,2369,0,1782361578.22553,0.001993894577026367
252425,normal,3466,0,1782361578.2275774,0.0020475387573242188
252426,normal,3571,0,1782361578.2295306,0.001953125
252427,normal,796,2,1782361578.2315297,0.0019991397857666016
252428,normal,956,2,1782361578.2335749,0.002045154571533203
252429,normal,2188,0,1782361578.2355309,0.0019559860229492188
252430,normal,2885,0,1782361578.2375288,0.0019979476928710938
252431,normal,2889,0,1782361578.239577,0.0020482540130615234
252432,normal,2622,0,1782361578.2415292,0.0019521713256835938
252433,normal,1132,0,1782361578.2435293,0.002000093460083008
252434,normal,3170,1,1782361578.2455735,0.002044200897216797
252435,normal,1239,0,1782361578.247534,0.0019605159759521484
252436,normal,1044,0,1782361578.2495306,0.0019965171813964844
252437,normal,1563,0,1782361578.2515705,0.0020399093627929688
252438,normal,716,0,1782361578.25353,0.001959562301635742
252439,normal,1508,0,1782361578.2555304,0.0020003318786621094
252440,normal,1276,0,1782361578.257577,0.0020465850830078125
252441,normal,1267,0,1782361578.2595308,0.0019538402557373047
252442,normal,1816,0,1782361578.2615364,0.0020055770874023438
252443,normal,2246,0,1782361578.2635822,0.002045869827270508
252444,normal,765,0,1782361578.265562,0.001979827880859375
252445,normal,3268,1,1782361578.2675326,0.001970529556274414
252446,normal,2336,0,1782361578.26953,0.0019974708557128906
252447,normal,2358,0,1782361578.2715616,0.002031564712524414
252448,normal,1573,0,1782361578.273529,0.0019674301147460938
252449,normal,224,0,1782361578.2755735,0.0020444393157958984
252450,normal,1903,0,1782361578.277529,0.0019555091857910156
252451,normal,2492,0,1782361578.2795293,0.0020003318786621094
252452,normal,1018,2,1782361578.2815764,0.0020470619201660156
252453,normal,308,0,1782361578.2835298,0.0019533634185791016
252454,normal,2637,0,1782361578.2855308,0.002001047134399414
252455,normal,1140,0,1782361578.287576,0.002045154571533203
252456,normal,2994,0,1782361578.2895303,0.001954317092895508
252457,normal,2510,0,1782361578.2915323,0.0020020008087158203
252458,normal,302,0,1782361578.293618,0.0020856857299804688
252459,normal,3227,1,1782361578.2955205,0.0019025802612304688
252460,normal,939,2,1782361578.2975316,0.0020110607147216797
252461,normal,171,0,1782361578.2995737,0.002042055130004883
252462,normal,3352,1,1782361578.301538,0.0019643306732177734
252463,normal,48,0,1782361578.30353,0.0019919872283935547
252464,normal,1497,0,1782361578.305575,0.0020449161529541016
252465,normal,1664,0,1782361578.3075287,0.0019538402557373047
252466,normal,3077,1,1782361578.3095298,0.002001047134399414
252467,normal,3639,0,1782361578.3115737,0.0020439624786376953
252468,normal,2914,0,1782361578.3135307,0.001956939697265625
252469,normal,59,0,1782361578.315535,0.002004384994506836
252470,normal,1149,0,1782361578.3175752,0.0020401477813720703
252471,normal,566,0,1782361578.3195271,0.0019519329071044922
252472,normal,1886,0,1782361578.3215783,0.002051115036010742
252473,normal,1424,0,1782361578.3235729,0.001994609832763672
252474,normal,3026,0,1782361578.3255324,0.001959562301635742
252475,normal,1350,1,1782361578.3275735,0.0020411014556884766
252476,normal,2773,0,1782361578.3295715,0.0019979476928710938
252477,normal,3621,0,1782361578.331527,0.0019555091857910156
252478,normal,403,0,1782361578.3335698,0.0020427703857421875
252479,normal,803,2,1782361578.3355718,0.0020020008087158203
252480,normal,2325,0,1782361578.3375268,0.0019550323486328125
252481,normal,3218,1,1782361578.3395715,0.002044677734375
252482,normal,2617,0,1782361578.3415787,0.0020072460174560547
252483,normal,475,0,1782361578.343526,0.001947164535522461
252484,normal,1127,0,1782361578.3455727,0.002046823501586914
252485,normal,543,0,1782361578.3475697,0.0019969940185546875
252486,normal,551,0,1782361578.3497655,0.0021958351135253906
252487,normal,1661,0,1782361578.351638,0.0018725395202636719
252488,normal,1495,0,1782361578.353702,0.0020639896392822266
252489,normal,2070,0,1782361578.3557975,0.002095460891723633
252490,normal,2589,0,1782361578.3575153,0.0017178058624267578
252491,normal,1954,0,1782361578.359555,0.002039670944213867
252492,normal,393,0,1782361578.361555,0.002000093460083008
252493,normal,1436,0,1782361578.3635046,0.0019495487213134766
252494,normal,1260,0,1782361578.3655732,0.0020685195922851562
252495,normal,3405,0,1782361578.3674853,0.0019121170043945312
252496,normal,364,0,1782361578.3697848,0.0022995471954345703
252497,normal,371,0,1782361578.3714998,0.001714944839477539
252498,normal,2534,0,1782361578.373515,0.0020151138305664062
252499,normal,2374,0,1782361578.3755717,0.0020568370819091797
252500,normal,2899,0,1782361578.3775673,0.001995563507080078
252501,normal,1708,0,1782361578.379565,0.001997709274291992
252502,normal,540,0,1782361578.381787,0.0022220611572265625
252503,normal,784,2,1782361578.38352,0.0017328262329101562
252504,normal,3153,1,1782361578.3855324,0.002012491226196289
252505,normal,2410,0,1782361578.3875449,0.002012491226196289
252506,normal,1398,0,1782361578.3895125,0.0019676685333251953
252507,normal,2585,0,1782361578.3915045,0.0019919872283935547
252508,normal,1091,0,1782361578.3935084,0.002003908157348633
252509,normal,583,0,1782361578.3955674,0.0020589828491210938
252510,normal,1810,0,1782361578.397488,0.0019207000732421875
252511,normal,1646,0,1782361578.3995054,0.0020172595977783203
252512,normal,1562,0,1782361578.4015405,0.0020351409912109375
252513,normal,2939,0,1782361578.4035084,0.001967906951904297
252514,normal,2952,0,1782361578.4055002,0.001991748809814453
252515,normal,295,0,1782361578.4075031,0.0020029544830322266
252516,normal,2641,0,1782361578.4095654,0.0020623207092285156
252517,normal,1638,0,1782361578.4115124,0.0019469261169433594
252518,normal,639,0,1782361578.4135044,0.0019919872283935547
252519,normal,278,0,1782361578.4155476,0.0020432472229003906
252520,normal,300,0,1782361578.417516,0.0019683837890625
252521,normal,2097,0,1782361578.4195182,0.002002239227294922
252522,normal,1410,0,1782361578.4215019,0.001983642578125
252523,normal,3664,0,1782361578.4235637,0.0020618438720703125
252524,normal,2320,0,1782361578.4255595,0.0019958019256591797
252525,normal,3644,0,1782361578.427486,0.001926422119140625
252526,normal,454,0,1782361578.4295528,0.0020668506622314453
252527,normal,1275,0,1782361578.4319425,0.002389669418334961
252528,normal,1957,0,1782361578.4337814,0.0018389225006103516
252529,normal,3190,1,1782361578.435558,0.0017766952514648438
252530,normal,2564,0,1782361578.4378886,0.0023305416107177734
252531,normal,2017,0,1782361578.4396474,0.0017588138580322266
252532,normal,3524,0,1782361578.4415672,0.0019197463989257812
252533,normal,1860,0,1782361578.443794,0.0022268295288085938
252534,normal,3224,1,1782361578.44556,0.0017659664154052734
252535,normal,353,0,1782361578.44778,0.0022199153900146484
252536,normal,745,0,1782361578.4495735,0.0017936229705810547
252537,normal,693,0,1782361578.4515586,0.0019850730895996094
252538,normal,1359,1,1782361578.4537842,0.002225637435913086
252539,normal,2042,0,1782361578.4555783,0.0017940998077392578
252540,normal,2974,0,1782361578.457566,0.0019876956939697266
252541,normal,774,2,1782361578.459782,0.002215862274169922
252542,normal,3446,0,1782361578.461578,0.0017960071563720703
252543,normal,3056,1,1782361578.463561,0.001983165740966797
252544,normal,2112,0,1782361578.4657903,0.0022292137145996094
252545,normal,10,0,1782361578.46758,0.0017898082733154297
252546,normal,3036,0,1782361578.4695585,0.0019783973693847656
252547,normal,2649,0,1782361578.4717767,0.0022182464599609375
252548,normal,621,0,1782361578.4735296,0.0017528533935546875
252549,normal,1782,0,1782361578.4755282,0.0019986629486083984
252550,normal,3181,1,1782361578.4777684,0.0022401809692382812
252551,normal,1747,0,1782361578.4795303,0.0017619132995605469
252552,normal,2883,0,1782361578.4815269,0.0019965171813964844
252553,normal,1894,0,1782361578.4835267,0.0019998550415039062
252554,normal,2274,0,1782361578.4855812,0.002054452896118164
252555,normal,3304,1,1782361578.487703,0.0021219253540039062
252556,normal,1961,0,1782361578.4895194,0.0018162727355957031
252557,normal,604,0,1782361578.4915721,0.002052783966064453
252558,normal,691,0,1782361578.493541,0.001968860626220703
252559,normal,993,2,1782361578.4955742,0.002033233642578125
252560,normal,288,0,1782361578.497622,0.0020477771759033203
252561,normal,1184,0,1782361578.499517,0.0018949508666992188
252562,normal,294,0,1782361578.5015707,0.0020537376403808594
252563,normal,2834,0,1782361578.5035748,0.0020041465759277344
252564,normal,1145,0,1782361578.5055282,0.0019533634185791016
252565,normal,865,2,1782361578.5076094,0.002081155776977539
252566,normal,2,0,1782361578.5097008,0.0020914077758789062
252567,normal,756,0,1782361578.5115275,0.0018267631530761719
252568,normal,549,0,1782361578.5135727,0.002045154571533203
252569,normal,1340,1,1782361578.5155728,0.002000093460083008
252570,normal,3355,1,1782361578.5175295,0.0019567012786865234
252571,normal,749,0,1782361578.5195708,0.002041339874267578
252572,normal,670,0,1782361578.5217097,0.002138853073120117
252573,normal,2991,0,1782361578.5235295,0.0018198490142822266
252574,normal,1936,0,1782361578.5255737,0.002044200897216797
252575,normal,2173,0,1782361578.5275698,0.0019960403442382812
252576,normal,2987,0,1782361578.5295265,0.0019567012786865234
252577,normal,3436,0,1782361578.5315714,0.0020449161529541016
252578,normal,1293,0,1782361578.5335722,0.0020008087158203125
252579,normal,1863,0,1782361578.5355344,0.0019621849060058594
252580,normal,1756,0,1782361578.5375717,0.0020372867584228516
252581,normal,983,2,1782361578.5397077,0.0021359920501708984
252582,normal,137,0,1782361578.5415266,0.0018188953399658203
252583,normal,3610,0,1782361578.5435708,0.002044200897216797
252584,normal,1199,0,1782361578.5455716,0.0020008087158203125
252585,normal,2949,0,1782361578.5475264,0.001954793930053711
252586,normal,1124,0,1782361578.5495696,0.0020432472229003906
252587,normal,405,0,1782361578.5515714,0.0020017623901367188
252588,normal,474,0,1782361578.5535262,0.001954793930053711
252589,normal,791,2,1782361578.5555692,0.002043008804321289
252590,normal,125,0,1782361578.5575724,0.002003192901611328
252591,normal,1069,0,1782361578.5595272,0.001954793930053711
252592,normal,3116,1,1782361578.56157,0.0020427703857421875
252593,normal,598,0,1782361578.5635705,0.002000570297241211
252594,normal,2423,0,1782361578.565526,0.0019555091857910156
252595,normal,3618,0,1782361578.5675728,0.002046823501586914
252596,normal,131,0,1782361578.5695808,0.0020079612731933594
252597,normal,748,0,1782361578.5715244,0.0019435882568359375
252598,normal,3589,0,1782361578.5736291,0.0021047592163085938
252599,normal,1987,0,1782361578.575589,0.0019598007202148438
252600,normal,2672,0,1782361578.5775363,0.0019474029541015625
252601,normal,2891,0,1782361578.5795612,0.0020248889923095703
252602,normal,1910,0,1782361578.5815709,0.0020096302032470703
252603,normal,579,0,1782361578.583528,0.0019571781158447266
252604,normal,2257,0,1782361578.5855703,0.0020422935485839844
252605,normal,54,0,1782361578.5875714,0.002001047134399414
252606,normal,2571,0,1782361578.5895293,0.0019578933715820312
252607,normal,541,0,1782361578.591573,0.0020437240600585938
252608,normal,2894,0,1782361578.5935702,0.001997232437133789
252609,normal,1187,0,1782361578.5955265,0.0019562244415283203
252610,normal,1419,0,1782361578.5975728,0.002046346664428711
252611,normal,2020,0,1782361578.5995712,0.001998424530029297
252612,normal,788,2,1782361578.601529,0.0019576549530029297
252613,normal,3238,1,1782361578.6035748,0.002045869827270508
252614,normal,2924,0,1782361578.605557,0.0019822120666503906
252615,normal,515,0,1782361578.6075258,0.001968860626220703
252616,normal,3090,1,1782361578.60956,0.0020341873168945312
252617,normal,1553,0,1782361578.6115716,0.002011537551879883
252618,normal,1993,0,1782361578.613536,0.0019643306732177734
252619,normal,3295,1,1782361578.6155698,0.0020339488983154297
252620,normal,3387,1,1782361578.6175704,0.002000570297241211
252621,normal,97,0,1782361578.619526,0.0019555091857910156
252622,normal,2196,0,1782361578.6215699,0.0020439624786376953
252623,normal,1943,0,1782361578.6235719,0.0020020008087158203
252624,normal,1727,0,1782361578.6255252,0.0019533634185791016
252625,normal,3478,0,1782361578.6275694,0.002044200897216797
252626,normal,2666,0,1782361578.6295705,0.002001047134399414
252627,normal,2823,0,1782361578.6315253,0.001954793930053711
252628,normal,1368,1,1782361578.6335697,0.0020444393157958984
252629,normal,912,2,1782361578.635572,0.002002239227294922
252630,normal,2366,0,1782361578.6375465,0.0019745826721191406
252631,normal,3564,0,1782361578.6398542,0.0023076534271240234
252632,normal,2337,0,1782361578.6417942,0.001940011978149414
252633,normal,42,0,1782361578.64356,0.0017657279968261719
252634,normal,590,0,1782361578.645561,0.002001047134399414
252635,normal,312,0,1782361578.6475654,0.002004384994506836
252636,normal,702,0,1782361578.6497893,0.002223968505859375
252637,normal,2005,0,1782361578.6515605,0.0017712116241455078
252638,normal,3258,1,1782361578.6538067,0.0022461414337158203
252639,normal,1790,0,1782361578.6555588,0.0017521381378173828
252640,normal,2556,0,1782361578.6577675,0.002208709716796875
252641,normal,1519,0,1782361578.6595416,0.0017740726470947266
252642,normal,1204,0,1782361578.6615465,0.002004861831665039
252643,normal,641,0,1782361578.6635711,0.0020246505737304688
252644,normal,1112,0,1782361578.6655753,0.0020041465759277344
252645,normal,2402,0,1782361578.6675274,0.0019521713256835938
252646,normal,703,0,1782361578.669559,0.002031564712524414
252647,normal,3626,0,1782361578.6715727,0.002013683319091797
252648,normal,860,2,1782361578.673527,0.001954317092895508
252649,normal,157,0,1782361578.6756575,0.0021305084228515625
252650,normal,1258,0,1782361578.6775284,0.001870870590209961
252651,normal,1039,0,1782361578.6795285,0.002000093460083008
252652,normal,2146,0,1782361578.6815689,0.002040386199951172
252653,normal,692,0,1782361578.6836085,0.002039670944213867
252654,normal,2359,0,1782361578.6855326,0.0019240379333496094
252655,normal,2554,0,1782361578.687707,0.00217437744140625
252656,normal,1478,0,1782361578.6895258,0.0018188953399658203
252657,normal,527,0,1782361578.6915362,0.002010345458984375
252658,normal,2528,0,1782361578.693648,0.0021119117736816406
252659,normal,864,2,1782361578.695572,0.0019237995147705078
252660,normal,1320,1,1782361578.697828,0.002256155014038086
252661,normal,1049,0,1782361578.6996045,0.0017764568328857422
252662,normal,3491,0,1782361578.701694,0.0020895004272460938
252663,normal,2836,0,1782361578.703802,0.0021080970764160156
252664,normal,1487,0,1782361578.7056036,0.0018014907836914062
252665,normal,3483,0,1782361578.7076964,0.0020928382873535156
252666,normal,7,0,1782361578.709802,0.0021054744720458984
252667,normal,3613,0,1782361578.7115839,0.0017819404602050781
252668,normal,2835,0,1782361578.7137837,0.002199888229370117
252669,normal,2026,0,1782361578.7155561,0.0017724037170410156
252670,normal,2755,0,1782361578.71778,0.002223968505859375
252671,normal,38,0,1782361578.7195332,0.001753091812133789
252672,normal,2977,0,1782361578.7217152,0.0021820068359375
252673,normal,150,0,1782361578.7235227,0.0018074512481689453
252674,normal,93,0,1782361578.7255301,0.0020074844360351562
252675,normal,3045,1,1782361578.7277105,0.002180337905883789
252676,normal,2473,0,1782361578.7295709,0.0018603801727294922
252677,normal,3122,1,1782361578.7315545,0.001983642578125
252678,normal,2446,0,1782361578.7334957,0.0019412040710449219
252679,normal,1466,0,1782361578.7355077,0.002012014389038086
252680,normal,2976,0,1782361578.7375653,0.0020575523376464844
252681,normal,1393,0,1782361578.739473,0.0019078254699707031
252682,normal,2467,0,1782361578.7417877,0.0023145675659179688
252683,normal,2844,0,1782361578.7435708,0.001783132553100586
252684,normal,2108,0,1782361578.7455711,0.0020003318786621094
252685,normal,1086,0,1782361578.7477808,0.0022096633911132812
252686,normal,2422,0,1782361578.749597,0.0018162727355957031
252687,normal,3386,1,1782361578.751785,0.002187967300415039
252688,normal,1400,0,1782361578.7535634,0.0017783641815185547
252689,normal,3216,1,1782361578.7558205,0.002257108688354492
252690,normal,1869,0,1782361578.7576344,0.0018138885498046875
252691,normal,1732,0,1782361578.7595289,0.0018944740295410156
252692,normal,1565,0,1782361578.7615702,0.002041339874267578
252693,normal,115,0,1782361578.763527,0.0019567012786865234
252694,normal,3080,1,1782361578.7655723,0.0020453929901123047
252695,normal,2438,0,1782361578.7675729,0.002000570297241211
252696,normal,2448,0,1782361578.769535,0.0019621849060058594
252697,normal,1625,0,1782361578.7715747,0.002039670944213867
252698,normal,981,2,1782361578.7735734,0.0019986629486083984
252699,normal,862,2,1782361578.775528,0.0019545555114746094
252700,normal,262,0,1782361578.777573,0.002045154571533203
252701,normal,2767,0,1782361578.7795732,0.002000093460083008
252702,normal,2886,0,1782361578.7815259,0.0019526481628417969
252703,normal,2427,0,1782361578.7835846,0.002058744430541992
252704,normal,906,2,1782361578.7855701,0.0019855499267578125
252705,normal,2965,0,1782361578.787528,0.0019578933715820312
252706,normal,1092,0,1782361578.7895687,0.0020406246185302734
252707,normal,2517,0,1782361578.7915711,0.0020024776458740234
252708,normal,930,2,1782361578.7935297,0.001958608627319336
252709,normal,2851,0,1782361578.795561,0.0020313262939453125
252710,normal,1026,2,1782361578.7975733,0.0020122528076171875
252711,normal,1588,0,1782361578.7995265,0.001953125
252712,normal,1372,1,1782361578.8015592,0.002032756805419922
252713,normal,1430,0,1782361578.8035712,0.002012014389038086
252714,normal,1477,0,1782361578.8055267,0.0019555091857910156
252715,normal,963,2,1782361578.8075721,0.0020453929901123047
252716,normal,2124,0,1782361578.8095784,0.0020062923431396484
252717,normal,1454,0,1782361578.8115244,0.0019459724426269531
252718,normal,2345,0,1782361578.813572,0.0020475387573242188
252719,normal,1273,0,1782361578.8155692,0.001997232437133789
252720,normal,2879,0,1782361578.817526,0.001956939697265625
252721,normal,1165,0,1782361578.819537,0.002010822296142578
252722,normal,3019,0,1782361578.8215766,0.002039670944213867
252723,normal,1956,0,1782361578.8235302,0.001953601837158203
252724,normal,746,0,1782361578.8255882,0.0020580291748046875
252725,normal,217,0,1782361578.827579,0.001990795135498047
252726,normal,2514,0,1782361578.8295305,0.001951456069946289
252727,normal,666,0,1782361578.8315792,0.0020487308502197266
252728,normal,1716,0,1782361578.833574,0.0019948482513427734
252729,normal,2562,0,1782361578.8355284,0.001954317092895508
252730,normal,2116,0,1782361578.837576,0.0020475387573242188
252731,normal,1948,0,1782361578.8395789,0.0020029544830322266
252732,normal,1676,0,1782361578.8415294,0.0019505023956298828
252733,normal,1601,0,1782361578.8435745,0.002045154571533203
252734,normal,2011,0,1782361578.8455744,0.0019998550415039062
252735,normal,2191,0,1782361578.847533,0.001958608627319336
252736,normal,2561,0,1782361578.849576,0.002043008804321289
252737,normal,2134,0,1782361578.8515725,0.0019965171813964844
252738,normal,1192,0,1782361578.8535297,0.0019571781158447266
252739,normal,34,0,1782361578.8555717,0.002042055130004883
252740,normal,1088,0,1782361578.8575747,0.0020029544830322266
252741,normal,3481,0,1782361578.8595295,0.001954793930053711
252742,normal,3367,1,1782361578.8615751,0.0020456314086914062
252743,normal,1033,0,1782361578.863574,0.0019989013671875
252744,normal,2431,0,1782361578.8655288,0.001954793930053711
252745,normal,1600,0,1782361578.8675725,0.0020437240600585938
252746,normal,3548,0,1782361578.8695796,0.002007007598876953
252747,normal,2827,0,1782361578.8715765,0.0019969940185546875
252748,normal,3215,1,1782361578.873572,0.001995563507080078
252749,normal,2850,0,1782361578.8755674,0.0019953250885009766
252750,normal,2361,0,1782361578.8775318,0.0019643306732177734
252751,normal,144,0,1782361578.8795743,0.002042531967163086
252752,normal,3360,1,1782361578.8815758,0.002001523971557617
252753,normal,2583,0,1782361578.883529,0.001953125
252754,normal,649,0,1782361578.8855758,0.002046823501586914
252755,normal,936,2,1782361578.8875787,0.0020029544830322266
252756,normal,2356,0,1782361578.8895288,0.0019500255584716797
252757,normal,164,0,1782361578.8915725,0.0020437240600585938
252758,normal,111,0,1782361578.893574,0.002001523971557617
252759,normal,2985,0,1782361578.8955407,0.001966714859008789
252760,normal,3125,1,1782361578.897574,0.002033233642578125
252761,normal,1228,0,1782361578.8995793,0.002005338668823242
252762,normal,1332,1,1782361578.9016776,0.0020983219146728516
252763,normal,276,0,1782361578.9035642,0.001886606216430664
252764,normal,421,0,1782361578.9057841,0.0022199153900146484
252765,normal,728,0,1782361578.9075613,0.0017771720886230469
252766,normal,2704,0,1782361578.909771,0.0022096633911132812
252767,normal,1182,0,1782361578.9115696,0.0017986297607421875
252768,normal,161,0,1782361578.9137728,0.002203226089477539
252769,normal,348,0,1782361578.915732,0.001959085464477539
252770,normal,2426,0,1782361578.9175303,0.001798391342163086
252771,normal,1338,1,1782361578.9195592,0.002028942108154297
252772,normal,1425,0,1782361578.9215736,0.0020143985748291016
252773,normal,1736,0,1782361578.9235773,0.0020036697387695312
252774,normal,329,0,1782361578.925543,0.001965761184692383
252775,normal,3213,1,1782361578.9275823,0.002039194107055664
252776,normal,1160,0,1782361578.9295819,0.0019996166229248047
252777,normal,3058,1,1782361578.931579,0.001997232437133789
252778,normal,3430,0,1782361578.933764,0.0021848678588867188
252779,normal,236,0,1782361578.935541,0.0017769336700439453
252780,normal,1234,0,1782361578.937625,0.002084016799926758
252781,normal,65,0,1782361578.939515,0.0018901824951171875
252782,normal,1633,0,1782361578.9416187,0.002103567123413086
252783,normal,2597,0,1782361578.9435132,0.0018944740295410156
252784,normal,3123,1,1782361578.9456248,0.002111673355102539
252785,normal,3070,1,1782361578.9477334,0.0021085739135742188
252786,normal,422,0,1782361578.9495475,0.001814126968383789
252787,normal,145,0,1782361578.9518418,0.002294301986694336
252788,normal,673,0,1782361578.9537199,0.0018780231475830078
252789,normal,763,0,1782361578.9555666,0.0018467903137207031
252790,normal,2553,0,1782361578.9577837,0.0022170543670654297
252791,normal,2645,0,1782361578.9595888,0.0018050670623779297
252792,normal,1561,0,1782361578.9617748,0.0021860599517822266
252793,normal,373,0,1782361578.9635623,0.001787424087524414
252794,normal,2334,0,1782361578.965797,0.0022346973419189453
252795,normal,584,0,1782361578.9675612,0.0017642974853515625
252796,normal,3261,1,1782361578.96978,0.0022187232971191406
252797,normal,667,0,1782361578.9716036,0.0018236637115478516
252798,normal,842,2,1782361578.9737823,0.002178668975830078
252799,normal,1024,2,1782361578.9755592,0.0017769336700439453
252800,normal,2608,0,1782361578.9778311,0.002271890640258789
252801,normal,1560,0,1782361578.9795604,0.0017292499542236328
252802,normal,2973,0,1782361578.9818795,0.0023190975189208984
252803,normal,1557,0,1782361578.9835982,0.001718759536743164
252804,normal,357,0,1782361578.9855611,0.001962900161743164
252805,normal,2518,0,1782361578.9877856,0.002224445343017578
252806,normal,1103,0,1782361578.9895983,0.0018126964569091797
252807,normal,1101,0,1782361578.9915597,0.0019614696502685547
252808,normal,1575,0,1782361578.993792,0.0022323131561279297
252809,normal,199,0,1782361578.995534,0.0017418861389160156
252810,normal,2478,0,1782361578.9976964,0.002162456512451172
252811,normal,890,2,1782361578.9995704,0.0018739700317382812
252812,normal,1315,0,1782361579.0015793,0.0020089149475097656
252813,normal,3119,1,1782361579.0035436,0.0019643306732177734
252814,normal,3573,0,1782361579.0055737,0.0020301342010498047
252815,normal,228,0,1782361579.007575,0.0020012855529785156
252816,normal,826,2,1782361579.00953,0.0019550323486328125
252817,normal,468,0,1782361579.0115845,0.002054452896118164
252818,normal,11,0,1782361579.013574,0.0019893646240234375
252819,normal,480,0,1782361579.0155299,0.0019559860229492188
252820,normal,914,2,1782361579.0175707,0.002040863037109375
252821,normal,3325,1,1782361579.0195735,0.002002716064453125
252822,normal,3401,1,1782361579.0215273,0.0019538402557373047
252823,normal,2676,0,1782361579.0235722,0.0020449161529541016
252824,normal,342,0,1782361579.0255725,0.0020003318786621094
252825,normal,2424,0,1782361579.02753,0.001957416534423828
252826,normal,3498,0,1782361579.029572,0.002042055130004883
252827,normal,1593,0,1782361579.0315745,0.0020024776458740234
252828,normal,3089,1,1782361579.0335271,0.0019526481628417969
252829,normal,764,0,1782361579.0356114,0.0020842552185058594
252830,normal,3432,0,1782361579.0375752,0.0019638538360595703
252831,normal,1597,0,1782361579.0395296,0.001954317092895508
252832,normal,801,2,1782361579.0415711,0.0020415782928466797
252833,normal,332,0,1782361579.0435824,0.0020112991333007812
252834,normal,2141,0,1782361579.0455287,0.0019462108612060547
252835,normal,1249,0,1782361579.0475724,0.0020437240600585938
252836,normal,237,0,1782361579.0495715,0.0019991397857666016
252837,normal,3091,1,1782361579.051528,0.001956462860107422
252838,normal,2223,0,1782361579.0535748,0.002046823501586914
252839,normal,2860,0,1782361579.0555768,0.0020020008087158203
252840,normal,2847,0,1782361579.0575294,0.0019526481628417969
252841,normal,2953,0,1782361579.0595756,0.0020461082458496094
252842,normal,2593,0,1782361579.0615892,0.002013683319091797
252843,normal,1576,0,1782361579.0635338,0.0019445419311523438
252844,normal,3628,0,1782361579.0655766,0.0020427703857421875
252845,normal,1298,0,1782361579.0675795,0.0020029544830322266
252846,normal,1289,0,1782361579.0695307,0.0019512176513671875
252847,normal,1109,0,1782361579.0715733,0.002042531967163086
252848,normal,1675,0,1782361579.0735698,0.0019965171813964844
252849,normal,135,0,1782361579.0755308,0.0019609928131103516
252850,normal,1342,1,1782361579.0775766,0.002045869827270508
252851,normal,2814,0,1782361579.0795813,0.0020046234130859375
252852,normal,2524,0,1782361579.0815341,0.0019528865814208984
252853,normal,3343,1,1782361579.083575,0.002040863037109375
252854,normal,1120,0,1782361579.0856135,0.0020384788513183594
252855,normal,2061,0,1782361579.087542,0.001928567886352539
252856,normal,1725,0,1782361579.0895736,0.002031564712524414
252857,normal,3392,1,1782361579.0915747,0.002001047134399414
252858,normal,2388,0,1782361579.0935342,0.001959562301635742
252859,normal,2760,0,1782361579.095789,0.0022547245025634766
252860,normal,2728,0,1782361579.0977585,0.001969575881958008
252861,normal,2488,0,1782361579.099583,0.0018243789672851562
252862,normal,58,0,1782361579.1017785,0.002195596694946289
252863,normal,1363,1,1782361579.1035895,0.0018110275268554688
252864,normal,3380,1,1782361579.10557,0.0019805431365966797
252865,normal,2304,0,1782361579.1075742,0.0020041465759277344
252866,normal,2934,0,1782361579.1095283,0.0019540786743164062
252867,normal,722,0,1782361579.1115599,0.002031564712524414
252868,normal,2615,0,1782361579.1135283,0.0019683837890625
252869,normal,1773,0,1782361579.1155736,0.0020453929901123047
252870,normal,1094,0,1782361579.1175284,0.001954793930053711
252871,normal,2421,0,1782361579.1195745,0.0020461082458496094
252872,normal,2555,0,1782361579.1215763,0.0020017623901367188
252873,normal,1029,2,1782361579.1235313,0.0019550323486328125
252874,normal,729,0,1782361579.1255732,0.0020418167114257812
252875,normal,2616,0,1782361579.1275725,0.001999378204345703
252876,normal,1274,0,1782361579.1295264,0.0019538402557373047
252877,normal,3169,1,1782361579.1315725,0.0020461082458496094
252878,normal,2535,0,1782361579.1335726,0.002000093460083008
252879,normal,1084,0,1782361579.1355295,0.001956939697265625
252880,normal,2502,0,1782361579.137573,0.002043485641479492
252881,normal,129,0,1782361579.1395733,0.0020003318786621094
252882,normal,1203,0,1782361579.1415253,0.0019519329071044922
252883,normal,2311,0,1782361579.143571,0.0020456314086914062
252884,normal,739,0,1782361579.1455731,0.002002239227294922
252885,normal,654,0,1782361579.1475265,0.0019533634185791016
252886,normal,845,2,1782361579.1495736,0.0020470619201660156
252887,normal,819,2,1782361579.1515715,0.0019979476928710938
252888,normal,3368,1,1782361579.1535273,0.001955747604370117
252889,normal,5,0,1782361579.1555693,0.002042055130004883
252890,normal,3279,1,1782361579.157575,0.0020055770874023438
252891,normal,2541,0,1782361579.1595354,0.0019605159759521484
252892,normal,503,0,1782361579.1615734,0.0020380020141601562
252893,normal,519,0,1782361579.1635766,0.002003192901611328
252894,normal,1826,0,1782361579.1655285,0.0019519329071044922
252895,normal,233,0,1782361579.1675727,0.002044200897216797
252896,normal,73,0,1782361579.1695716,0.0019989013671875
252897,normal,3321,1,1782361579.1715274,0.001955747604370117
252898,normal,2327,0,1782361579.173572,0.002044677734375
252899,normal,2621,0,1782361579.175573,0.002001047134399414
252900,normal,3459,0,1782361579.1775296,0.001956462860107422
252901,normal,1678,0,1782361579.1795733,0.0020437240600585938
252902,normal,571,0,1782361579.1815708,0.0019974708557128906
252903,normal,2483,0,1782361579.1835296,0.0019588470458984375
252904,normal,940,2,1782361579.1855717,0.002042055130004883
252905,normal,950,2,1782361579.187571,0.001999378204345703
252906,normal,2454,0,1782361579.1895273,0.0019562244415283203
252907,normal,3423,0,1782361579.1915743,0.0020470619201660156
252908,normal,2160,0,1782361579.1935718,0.0019974708557128906
252909,normal,246,0,1782361579.1955268,0.0019550323486328125
252910,normal,1074,0,1782361579.1975703,0.002043485641479492
252911,normal,1331,1,1782361579.1995828,0.002012491226196289
252912,normal,1602,0,1782361579.2015285,0.0019457340240478516
252913,normal,120,0,1782361579.2035728,0.002044200897216797
252914,normal,1178,0,1782361579.205573,0.0020003318786621094
252915,normal,3035,0,1782361579.2075315,0.0019583702087402344
252916,normal,2054,0,1782361579.2095723,0.002040863037109375
252917,normal,2251,0,1782361579.211571,0.0019986629486083984
252918,normal,682,0,1782361579.2135324,0.0019614696502685547
252919,normal,1011,2,1782361579.215611,0.002078533172607422
252920,normal,1304,0,1782361579.2175744,0.001963376998901367
252921,normal,3602,0,1782361579.219541,0.001966714859008789
252922,normal,2258,0,1782361579.221576,0.002034902572631836
252923,normal,754,0,1782361579.2235754,0.001999378204345703
252924,normal,2506,0,1782361579.2255285,0.001953125
252925,normal,3320,1,1782361579.2275727,0.002044200897216797
252926,normal,3703,0,1782361579.2295692,0.0019965171813964844
252927,normal,2010,0,1782361579.2315254,0.0019562244415283203
252928,normal,2151,0,1782361579.2335682,0.0020427703857421875
252929,normal,1067,0,1782361579.235525,0.0019567012786865234
252930,normal,3371,1,1782361579.2375157,0.001990795135498047
252931,normal,243,0,1782361579.23985,0.0023343563079833984
252932,normal,603,0,1782361579.2415648,0.0017147064208984375
252933,normal,1873,0,1782361579.2438025,0.0022377967834472656
252934,normal,3532,0,1782361579.2455707,0.0017681121826171875
252935,normal,650,0,1782361579.247788,0.0022172927856445312
252936,normal,2065,0,1782361579.2495713,0.0017833709716796875
252937,normal,1078,0,1782361579.251787,0.0022156238555908203
252938,normal,2552,0,1782361579.2535546,0.0017676353454589844
252939,normal,587,0,1782361579.2558098,0.0022552013397216797
252940,normal,2980,0,1782361579.257571,0.0017611980438232422
252941,normal,1542,0,1782361579.2597833,0.0022122859954833984
252942,normal,2678,0,1782361579.2615738,0.0017905235290527344
252943,normal,3039,0,1782361579.263777,0.002203226089477539
252944,normal,2688,0,1782361579.2655554,0.0017783641815185547
252945,normal,2633,0,1782361579.2678375,0.0022821426391601562
252946,normal,2487,0,1782361579.2695708,0.0017333030700683594
252947,normal,662,0,1782361579.2717826,0.0022118091583251953
252948,normal,1558,0,1782361579.27357,0.001787424087524414
252949,normal,3631,0,1782361579.2757847,0.002214670181274414
252950,normal,1944,0,1782361579.2775578,0.0017731189727783203
252951,normal,1408,0,1782361579.2798176,0.0022597312927246094
252952,normal,2913,0,1782361579.2815692,0.0017516613006591797
252953,normal,2830,0,1782361579.283845,0.002275705337524414
252954,normal,1503,0,1782361579.2855675,0.001722574234008789
252955,normal,1264,0,1782361579.2877784,0.002210855484008789
252956,normal,1208,0,1782361579.2896204,0.0018420219421386719
252957,normal,1017,2,1782361579.2915554,0.0019350051879882812
252958,normal,2126,0,1782361579.293777,0.0022215843200683594
252959,normal,94,0,1782361579.2955625,0.0017855167388916016
252960,normal,2142,0,1782361579.2977667,0.0022041797637939453
252961,normal,3470,0,1782361579.2995548,0.0017881393432617188
252962,normal,3516,0,1782361579.301831,0.002276182174682617
252963,normal,2234,0,1782361579.3035555,0.0017244815826416016
252964,normal,2103,0,1782361579.305778,0.0022225379943847656
252965,normal,2855,0,1782361579.3076286,0.0018506050109863281
252966,normal,1527,0,1782361579.3097618,0.0021331310272216797
252967,normal,3207,1,1782361579.3115585,0.001796722412109375
252968,normal,3241,1,1782361579.3138583,0.002299785614013672
252969,normal,640,0,1782361579.315566,0.0017077922821044922
252970,normal,3297,1,1782361579.3177667,0.002200603485107422
252971,normal,230,0,1782361579.319634,0.0018672943115234375
252972,normal,3031,0,1782361579.3217618,0.0021278858184814453
252973,normal,2073,0,1782361579.323557,0.001795053482055664
252974,normal,3708,0,1782361579.3257787,0.002221822738647461
252975,normal,1426,0,1782361579.327556,0.0017771720886230469
252976,normal,106,0,1782361579.329764,0.0022079944610595703
252977,normal,854,2,1782361579.3316383,0.0018744468688964844
252978,normal,1865,0,1782361579.3337653,0.002126932144165039
252979,normal,1604,0,1782361579.3355615,0.0017962455749511719
252980,normal,2739,0,1782361579.3377893,0.002227783203125
252981,normal,1848,0,1782361579.3395584,0.0017690658569335938
252982,normal,2221,0,1782361579.3417697,0.002211332321166992
252983,normal,3108,1,1782361579.3436444,0.001874685287475586
252984,normal,345,0,1782361579.3457787,0.0021343231201171875
252985,normal,920,2,1782361579.3475554,0.0017766952514648438
252986,normal,2100,0,1782361579.3496158,0.002060413360595703
252987,normal,3684,0,1782361579.3515844,0.0019686222076416016
252988,normal,2544,0,1782361579.35378,0.002195596694946289
252989,normal,2531,0,1782361579.3555164,0.0017364025115966797
252990,normal,1891,0,1782361579.3576167,0.002100229263305664
252991,normal,2417,0,1782361579.359503,0.0018863677978515625
252992,normal,913,2,1782361579.361534,0.002031087875366211
252993,normal,231,0,1782361579.3635383,0.0020041465759277344
252994,normal,3102,1,1782361579.3655393,0.002001047134399414
252995,normal,2749,0,1782361579.3675318,0.001992464065551758
252996,normal,973,2,1782361579.3695138,0.001981973648071289
252997,normal,1450,0,1782361579.3715336,0.0020198822021484375
252998,normal,675,0,1782361579.3735309,0.001997232437133789
252999,normal,868,2,1782361579.3755374,0.00200653076171875
253000,normal,3294,1,1782361579.377537,0.0019996166229248047
253001,normal,443,0,1782361579.3795319,0.0019948482513427734
253002,normal,1969,0,1782361579.3815403,0.0020084381103515625
253003,normal,1881,0,1782361579.3835573,0.0020170211791992188
253004,normal,968,2,1782361579.3855617,0.002004384994506836
253005,normal,1924,0,1782361579.387522,0.001960277557373047
253006,normal,2367,0,1782361579.3895726,0.002050638198852539
253007,normal,183,0,1782361579.3915346,0.001961946487426758
253008,normal,2808,0,1782361579.3935502,0.0020155906677246094
253009,normal,2419,0,1782361579.3955343,0.001984119415283203
253010,normal,800,2,1782361579.3975356,0.0020012855529785156
253011,normal,2654,0,1782361579.3995428,0.0020072460174560547
253012,normal,1591,0,1782361579.4017696,0.0022268295288085938
253013,normal,859,2,1782361579.4035711,0.0018014907836914062
253014,normal,933,2,1782361579.4057915,0.0022203922271728516
253015,normal,2299,0,1782361579.4075553,0.0017638206481933594
253016,normal,2493,0,1782361579.409536,0.0019805431365966797
253017,normal,1158,0,1782361579.4115412,0.002005338668823242
253018,normal,2451,0,1782361579.413537,0.0019958019256591797
253019,normal,2238,0,1782361579.4155364,0.001999378204345703
253020,normal,1215,0,1782361579.4175377,0.0020012855529785156
253021,normal,321,0,1782361579.4195647,0.0020270347595214844
253022,normal,766,0,1782361579.4215066,0.0019419193267822266
253023,normal,2644,0,1782361579.4235733,0.0020666122436523438
253024,normal,2536,0,1782361579.4255419,0.0019686222076416016
253025,normal,3263,1,1782361579.4275208,0.0019788742065429688
253026,normal,1473,0,1782361579.4295332,0.002012491226196289
253027,normal,517,0,1782361579.4315548,0.0020215511322021484
253028,normal,3229,1,1782361579.433562,0.0020072460174560547
253029,normal,634,0,1782361579.4355295,0.0019674301147460938
253030,normal,772,2,1782361579.4375598,0.0020303726196289062
253031,normal,879,2,1782361579.4395416,0.0019817352294921875
253032,normal,3290,1,1782361579.4415154,0.001973867416381836
253033,normal,2019,0,1782361579.443541,0.002025604248046875
253034,normal,877,2,1782361579.4455352,0.0019941329956054688
253035,normal,394,0,1782361579.4475157,0.0019805431365966797
253036,normal,720,0,1782361579.4495313,0.0020155906677246094
253037,normal,2660,0,1782361579.4518235,0.002292156219482422
253038,normal,273,0,1782361579.453786,0.001962423324584961
253039,normal,2479,0,1782361579.4555476,0.0017616748809814453
253040,normal,1717,0,1782361579.4577715,0.002223968505859375
253041,normal,2640,0,1782361579.4595647,0.0017931461334228516
253042,normal,3400,1,1782361579.461774,0.0022094249725341797
253043,normal,1066,0,1782361579.4635534,0.001779317855834961
253044,normal,1857,0,1782361579.4657915,0.002238035202026367
253045,normal,2058,0,1782361579.4675488,0.0017573833465576172
253046,normal,147,0,1782361579.4697826,0.002233743667602539
253047,normal,1805,0,1782361579.4715729,0.0017902851104736328
253048,normal,3581,0,1782361579.4737792,0.0022063255310058594
253049,normal,2236,0,1782361579.4755988,0.001819610595703125
253050,normal,2127,0,1782361579.4777963,0.0021975040435791016
253051,normal,1578,0,1782361579.479549,0.001752614974975586
253052,normal,2565,0,1782361579.4817712,0.002222299575805664
253053,normal,274,0,1782361579.4835637,0.0017924308776855469
253054,normal,3558,0,1782361579.485785,0.002221345901489258
253055,normal,2841,0,1782361579.4876044,0.0018193721771240234
253056,normal,1672,0,1782361579.4897916,0.0021872520446777344
253057,normal,3530,0,1782361579.4915462,0.0017545223236083984
253058,normal,829,2,1782361579.4937723,0.002226114273071289
253059,normal,2790,0,1782361579.4955695,0.0017971992492675781
253060,normal,2375,0,1782361579.4975653,0.0019958019256591797
253061,normal,102,0,1782361579.4998384,0.002273082733154297
253062,normal,3347,1,1782361579.5015657,0.0017273426055908203
253063,normal,2768,0,1782361579.503775,0.002209186553955078
253064,normal,271,0,1782361579.50555,0.0017750263214111328
253065,normal,3630,0,1782361579.5077906,0.0022406578063964844
253066,normal,3449,0,1782361579.5095503,0.0017597675323486328
253067,normal,1616,0,1782361579.511839,0.0022885799407958984
253068,normal,2515,0,1782361579.5135632,0.0017242431640625
253069,normal,424,0,1782361579.5157409,0.002177715301513672
253070,normal,1967,0,1782361579.517547,0.001806020736694336
253071,normal,3420,0,1782361579.5197942,0.002247333526611328
253072,normal,3278,1,1782361579.5215454,0.0017511844635009766
253073,normal,1016,2,1782361579.5238502,0.0023047924041748047
253074,normal,3204,1,1782361579.5255632,0.0017130374908447266
253075,normal,1674,0,1782361579.5277731,0.002209901809692383
253076,normal,1306,0,1782361579.529546,0.0017728805541992188
253077,normal,1829,0,1782361579.5317893,0.0022432804107666016
253078,normal,3234,1,1782361579.5335479,0.001758575439453125
253079,normal,2148,0,1782361579.535855,0.0023071765899658203
253080,normal,3698,0,1782361579.5375597,0.0017046928405761719
253081,normal,610,0,1782361579.5397685,0.002208709716796875
253082,normal,2875,0,1782361579.541549,0.0017805099487304688
253083,normal,2813,0,1782361579.5437834,0.0022344589233398438
253084,normal,1467,0,1782361579.545546,0.0017626285552978516
253085,normal,36,0,1782361579.5478582,0.002312183380126953
253086,normal,2035,0,1782361579.5495687,0.0017104148864746094
253087,normal,3575,0,1782361579.5517738,0.0022051334381103516
253088,normal,1800,0,1782361579.553549,0.0017752647399902344
253089,normal,2582,0,1782361579.555792,0.0022430419921875
253090,normal,3422,0,1782361579.5575476,0.0017554759979248047
253091,normal,1521,0,1782361579.5598545,0.0023069381713867188
253092,normal,3078,1,1782361579.5615642,0.0017096996307373047
253093,normal,374,0,1782361579.5637767,0.0022125244140625
253094,normal,1373,1,1782361579.5656378,0.0018610954284667969
253095,normal,2433,0,1782361579.5677989,0.0021610260009765625
253096,normal,574,0,1782361579.5695481,0.001749277114868164
253097,normal,2821,0,1782361579.571772,0.002223968505859375
253098,normal,1128,0,1782361579.5735662,0.0017940998077392578
253099,normal,3179,1,1782361579.5757773,0.0022110939025878906
253100,normal,3150,1,1782361579.5776303,0.0018529891967773438
253101,normal,1992,0,1782361579.5797951,0.0021648406982421875
253102,normal,2916,0,1782361579.5815647,0.0017695426940917969
253103,normal,3155,1,1782361579.583772,0.0022072792053222656
253104,normal,3081,1,1782361579.5855637,0.0017917156219482422
253105,normal,2416,0,1782361579.587775,0.002211332321166992
253106,normal,1444,0,1782361579.589647,0.0018720626831054688
253107,normal,2182,0,1782361579.5917904,0.002143383026123047
253108,normal,222,0,1782361579.5935493,0.0017588138580322266
253109,normal,2624,0,1782361579.5957747,0.0022253990173339844
253110,normal,404,0,1782361579.5975707,0.0017960071563720703
253111,normal,2472,0,1782361579.5997808,0.0022101402282714844
253112,normal,886,2,1782361579.6015525,0.001771688461303711
253113,normal,1554,0,1782361579.6037922,0.002239704132080078
253114,normal,2353,0,1782361579.6055455,0.0017533302307128906
253115,normal,1834,0,1782361579.6077647,0.0022192001342773438
253116,normal,3701,0,1782361579.6097162,0.001951456069946289
253117,normal,612,0,1782361579.6115742,0.0018579959869384766
253118,normal,1407,0,1782361579.6135182,0.0019440650939941406
253119,normal,2436,0,1782361579.6155827,0.0020644664764404297
253120,normal,2499,0,1782361579.6178174,0.0022346973419189453
253121,normal,2189,0,1782361579.6195614,0.0017440319061279297
253122,normal,275,0,1782361579.6217875,0.002226114273071289
253123,normal,3249,1,1782361579.6235442,0.0017566680908203125
253124,normal,3148,1,1782361579.6257637,0.0022194385528564453
253125,normal,668,0,1782361579.6275704,0.0018067359924316406
253126,normal,1682,0,1782361579.6297727,0.002202272415161133
253127,normal,2458,0,1782361579.6315668,0.0017940998077392578
253128,normal,121,0,1782361579.6337917,0.0022249221801757812
253129,normal,203,0,1782361579.6355438,0.0017521381378173828
253130,normal,926,2,1782361579.6377802,0.0022363662719726562
253131,normal,1916,0,1782361579.6395655,0.0017852783203125
253132,normal,3365,1,1782361579.6417756,0.0022101402282714844
253133,normal,2971,0,1782361579.6435714,0.0017957687377929688
253134,normal,2484,0,1782361579.6457918,0.0022203922271728516
253135,normal,3339,1,1782361579.6475477,0.0017559528350830078
253136,normal,2014,0,1782361579.6497676,0.0022199153900146484
253137,normal,3311,1,1782361579.6515632,0.0017955303192138672
253138,normal,1335,1,1782361579.6537797,0.0022165775299072266
253139,normal,1431,0,1782361579.6555753,0.0017955303192138672
253140,normal,3438,0,1782361579.6578147,0.0022394657135009766
253141,normal,1006,2,1782361579.6595492,0.0017344951629638672
253142,normal,894,2,1782361579.6617687,0.0022194385528564453
253143,normal,64,0,1782361579.663551,0.0017824172973632812
253144,normal,2428,0,1782361579.6657875,0.0022363662719726562
253145,normal,457,0,1782361579.6675808,0.0017933845520019531
253146,normal,2501,0,1782361579.6697938,0.002213001251220703
253147,normal,2029,0,1782361579.6715488,0.0017549991607666016
253148,normal,1247,0,1782361579.6737685,0.002219676971435547
253149,normal,2529,0,1782361579.6755648,0.0017962455749511719
253150,normal,2871,0,1782361579.677789,0.0022242069244384766
253151,normal,1777,0,1782361579.6795864,0.0017974376678466797
253152,normal,3593,0,1782361579.6817987,0.0022122859954833984
253153,normal,1188,0,1782361579.683549,0.0017502307891845703
253154,normal,3239,1,1782361579.6857684,0.0022194385528564453
253155,normal,310,0,1782361579.687563,0.001794576644897461
253156,normal,550,0,1782361579.6897748,0.0022118091583251953
253157,normal,2655,0,1782361579.691591,0.0018162727355957031
253158,normal,3209,1,1782361579.69379,0.002198934555053711
253159,normal,3650,0,1782361579.6955488,0.0017588138580322266
253160,normal,436,0,1782361579.6977742,0.0022253990173339844
253161,normal,2874,0,1782361579.6995633,0.001789093017578125
253162,normal,2957,0,1782361579.701799,0.0022356510162353516
253163,normal,2931,0,1782361579.7036,0.0018010139465332031
253164,normal,250,0,1782361579.7057953,0.0021953582763671875
253165,normal,2721,0,1782361579.7075472,0.0017518997192382812
253166,normal,67,0,1782361579.7097757,0.0022284984588623047
253167,normal,1627,0,1782361579.711569,0.0017933845520019531
253168,normal,2587,0,1782361579.7135644,0.0019953250885009766
253169,normal,628,0,1782361579.7158,0.0022356510162353516
253170,normal,3462,0,1782361579.7175698,0.0017697811126708984
253171,normal,665,0,1782361579.7197802,0.002210378646850586
253172,normal,2925,0,1782361579.721545,0.0017647743225097656
253173,normal,3640,0,1782361579.7238033,0.00225830078125
253174,normal,2940,0,1782361579.7255468,0.0017435550689697266
253175,normal,2628,0,1782361579.7278337,0.0022869110107421875
253176,normal,2780,0,1782361579.729561,0.0017273426055908203
253177,normal,3627,0,1782361579.731775,0.0022139549255371094
253178,normal,2989,0,1782361579.7335463,0.0017712116241455078
253179,normal,379,0,1782361579.73556,0.002013683319091797
253180,normal,1683,0,1782361579.7377863,0.0022263526916503906
253181,normal,3288,1,1782361579.7396102,0.0018239021301269531
253182,normal,1540,0,1782361579.7417815,0.0021712779998779297
253183,normal,2968,0,1782361579.74355,0.0017685890197753906
253184,normal,915,2,1782361579.745773,0.0022230148315429688
253185,normal,3638,0,1782361579.7475624,0.0017893314361572266
253186,normal,110,0,1782361579.7497795,0.0022170543670654297
253187,normal,1261,0,1782361579.751616,0.001836538314819336
253188,normal,2139,0,1782361579.7537894,0.0021734237670898438
253189,normal,2930,0,1782361579.7555459,0.001756429672241211
253190,normal,3346,1,1782361579.7577755,0.0022296905517578125
253191,normal,1022,2,1782361579.7595654,0.0017898082733154297
253192,normal,1385,0,1782361579.7617872,0.002221822738647461
253193,normal,2523,0,1782361579.763623,0.0018358230590820312
253194,normal,1935,0,1782361579.7657876,0.002164602279663086
253195,normal,3508,0,1782361579.7675467,0.0017590522766113281
253196,normal,1308,0,1782361579.7697744,0.002227783203125
253197,normal,2405,0,1782361579.7715623,0.0017879009246826172
253198,normal,580,0,1782361579.7737732,0.002210855484008789
253199,normal,419,0,1782361579.7756255,0.001852273941040039
253200,normal,3568,0,1782361579.7777884,0.002162933349609375
253201,normal,3534,0,1782361579.7795477,0.0017592906951904297
253202,normal,397,0,1782361579.7817779,0.0022301673889160156
253203,normal,2567,0,1782361579.7835693,0.0017914772033691406
253204,normal,3049,1,1782361579.7857685,0.0021991729736328125
253205,normal,3104,1,1782361579.7876294,0.0018608570098876953
253206,normal,3489,0,1782361579.78981,0.0021805763244628906
253207,normal,3006,0,1782361579.7915487,0.0017387866973876953
253208,normal,1251,0,1782361579.7937791,0.002230405807495117
253209,normal,2753,0,1782361579.795563,0.0017838478088378906
253210,normal,2310,0,1782361579.7977867,0.0022237300872802734
253211,normal,1760,0,1782361579.7996345,0.0018477439880371094
253212,normal,307,0,1782361579.8017867,0.0021522045135498047
253213,normal,2992,0,1782361579.8035476,0.0017609596252441406
253214,normal,3338,1,1782361579.8057435,0.0021958351135253906
253215,normal,3685,0,1782361579.8075666,0.0018231868743896484
253216,normal,482,0,1782361579.8095639,0.001997232437133789
253217,normal,625,0,1782361579.811524,0.0019600391387939453
253218,normal,2900,0,1782361579.813706,0.0021820068359375
253219,normal,2867,0,1782361579.8155136,0.0018076896667480469
253220,normal,337,0,1782361579.8175178,0.0020041465759277344
253221,normal,358,0,1782361579.819564,0.002046346664428711
253222,normal,1544,0,1782361579.8215358,0.001971721649169922
253223,normal,1960,0,1782361579.8235786,0.0020427703857421875
253224,normal,2435,0,1782361579.8255262,0.001947641372680664
253225,normal,98,0,1782361579.8275251,0.0019989013671875
253226,normal,2150,0,1782361579.8295577,0.0020325183868408203
253227,normal,1644,0,1782361579.8315873,0.0020296573638916016
253228,normal,2738,0,1782361579.8335319,0.0019445419311523438
253229,normal,484,0,1782361579.8355606,0.0020287036895751953
253230,normal,1835,0,1782361579.8377798,0.0022192001342773438
253231,normal,77,0,1782361579.8408175,0.003037691116333008
253232,normal,1411,0,1782361579.8415604,0.0007429122924804688
253233,normal,1179,0,1782361579.8437092,0.002148866653442383
253234,normal,2190,0,1782361579.8455229,0.001813650131225586
253235,normal,1794,0,1782361579.847568,0.002045154571533203
253236,normal,254,0,1782361579.849562,0.001993894577026367
253237,normal,3366,1,1782361579.8517814,0.0022194385528564453
253238,normal,3067,1,1782361579.8535643,0.0017828941345214844
253239,normal,1185,0,1782361579.855728,0.0021636486053466797
253240,normal,315,0,1782361579.8575006,0.0017726421356201172
253241,normal,1594,0,1782361579.8597872,0.002286672592163086
253242,normal,690,0,1782361579.8615437,0.001756429672241211
253243,normal,960,2,1782361579.8636057,0.002062082290649414
253244,normal,876,2,1782361579.8655808,0.0019750595092773438
253245,normal,430,0,1782361579.867781,0.0022001266479492188
253246,normal,724,0,1782361579.8695607,0.001779794692993164
253247,normal,132,0,1782361579.8717988,0.002238035202026367
253248,normal,198,0,1782361579.8735611,0.00176239013671875
253249,normal,1710,0,1782361579.875801,0.0022399425506591797
253250,normal,585,0,1782361579.8775609,0.0017597675323486328
253251,normal,223,0,1782361579.8797662,0.002205371856689453
253252,normal,3435,0,1782361579.8815596,0.0017933845520019531
253253,normal,3048,1,1782361579.8837688,0.002209186553955078
253254,normal,2741,0,1782361579.8855703,0.0018014907836914062
253255,normal,2881,0,1782361579.8875594,0.001989126205444336
253256,normal,112,0,1782361579.8898046,0.002245187759399414
253257,normal,317,0,1782361579.8914967,0.001692056655883789
253258,normal,211,0,1782361579.8937874,0.0022907257080078125
253259,normal,3285,1,1782361579.8955672,0.001779794692993164
253260,normal,3076,1,1782361579.897775,0.0022077560424804688
253261,normal,285,0,1782361579.8995595,0.0017845630645751953
253262,normal,1705,0,1782361579.9017951,0.0022356510162353516
253263,normal,951,2,1782361579.9035606,0.0017654895782470703
253264,normal,1691,0,1782361579.9057848,0.0022242069244384766
253265,normal,597,0,1782361579.907559,0.0017740726470947266
253266,normal,3147,1,1782361579.9097786,0.002219676971435547
253267,normal,2418,0,1782361579.9115574,0.0017788410186767578
253268,normal,1738,0,1782361579.9137836,0.002226114273071289
253269,normal,1279,0,1782361579.9155815,0.0017979145050048828
253270,normal,1143,0,1782361579.9177945,0.002213001251220703
253271,normal,2095,0,1782361579.919556,0.0017614364624023438
253272,normal,1161,0,1782361579.9218013,0.0022454261779785156
253273,normal,192,0,1782361579.923559,0.0017576217651367188
253274,normal,1515,0,1782361579.9257784,0.0022194385528564453
253275,normal,1618,0,1782361579.9275825,0.0018041133880615234
253276,normal,3012,0,1782361579.9297793,0.002196788787841797
253277,normal,2468,0,1782361579.931594,0.0018146038055419922
253278,normal,1615,0,1782361579.9337847,0.002190828323364258
253279,normal,1075,0,1782361579.9355597,0.0017750263214111328
253280,normal,1882,0,1782361579.9377992,0.0022394657135009766
253281,normal,1047,0,1782361579.9395955,0.0017962455749511719
253282,normal,2114,0,1782361579.941781,0.0021855831146240234
253283,normal,882,2,1782361579.9435973,0.0018162727355957031
253284,normal,1172,0,1782361579.9457905,0.0021932125091552734
253285,normal,740,0,1782361579.9475605,0.00177001953125
253286,normal,3180,1,1782361579.9497967,0.0022361278533935547
253287,normal,3158,1,1782361579.9515605,0.0017638206481933594
253288,normal,3402,0,1782361579.953792,0.002231597900390625
253289,normal,3689,0,1782361579.9555569,0.0017647743225097656
253290,normal,1236,0,1782361579.9577928,0.002235889434814453
253291,normal,3093,1,1782361579.9595587,0.0017659664154052734
253292,normal,1369,1,1782361579.9617848,0.002226114273071289
253293,normal,3702,0,1782361579.96356,0.0017752647399902344
253294,normal,3185,1,1782361579.9657967,0.002236604690551758
253295,normal,176,0,1782361579.96756,0.0017633438110351562
253296,normal,3361,1,1782361579.9698114,0.0022513866424560547
253297,normal,1568,0,1782361579.9715602,0.001748800277709961
253298,normal,1324,1,1782361579.973786,0.0022258758544921875
253299,normal,1290,0,1782361579.9755583,0.001772165298461914
253300,normal,29,0,1782361579.9777763,0.002218008041381836
253301,normal,3651,0,1782361579.9795702,0.0017938613891601562
253302,normal,3667,0,1782361579.981786,0.002215862274169922
253303,normal,504,0,1782361579.9835591,0.0017731189727783203
253304,normal,336,0,1782361579.985784,0.0022249221801757812
253305,normal,686,0,1782361579.9875607,0.0017766952514648438
253306,normal,502,0,1782361579.989782,0.002221345901489258
253307,normal,767,0,1782361579.9915586,0.0017764568328857422
253308,normal,1842,0,1782361579.9938195,0.002260923385620117
253309,normal,1650,0,1782361579.9955606,0.001741170883178711
253310,normal,123,0,1782361579.997787,0.0022263526916503906
253311,normal,390,0,1782361579.9996202,0.001833200454711914
253312,normal,3152,1,1782361580.0017822,0.0021619796752929688
253313,normal,2725,0,1782361580.0035625,0.0017802715301513672
253314,normal,554,0,1782361580.0055652,0.002002716064453125
253315,normal,325,0,1782361580.0077896,0.002224445343017578
253316,normal,613,0,1782361580.0095503,0.001760721206665039
253317,normal,530,0,1782361580.011789,0.002238750457763672
253318,normal,1362,1,1782361580.0135505,0.0017614364624023438
253319,normal,1926,0,1782361580.015775,0.002224445343017578
253320,normal,2694,0,1782361580.0175753,0.0018002986907958984
253321,normal,15,0,1782361580.0197906,0.0022153854370117188
253322,normal,552,0,1782361580.0215526,0.0017619132995605469
253323,normal,1722,0,1782361580.0237923,0.002239704132080078
253324,normal,31,0,1782361580.0255516,0.0017592906951904297
253325,normal,255,0,1782361580.0277765,0.0022249221801757812
253326,normal,1896,0,1782361580.0295677,0.001791238784790039
253327,normal,526,0,1782361580.031794,0.0022263526916503906
253328,normal,1437,0,1782361580.0335498,0.0017557144165039062
253329,normal,2309,0,1782361580.035794,0.002244234085083008
253330,normal,2872,0,1782361580.037551,0.001756906509399414
253331,normal,105,0,1782361580.0397766,0.002225637435913086
253332,normal,3206,1,1782361580.0415678,0.001791238784790039
253333,normal,1389,0,1782361580.0437825,0.002214670181274414
253334,normal,3697,0,1782361580.0455492,0.0017666816711425781
253335,normal,1330,1,1782361580.0477974,0.0022482872009277344
253336,normal,3608,0,1782361580.049549,0.0017516613006591797
253337,normal,41,0,1782361580.05178,0.0022308826446533203
253338,normal,1270,0,1782361580.0535674,0.001787424087524414
253339,normal,1979,0,1782361580.0557854,0.002218008041381836
253340,normal,2395,0,1782361580.057554,0.0017685890197753906
253341,normal,2086,0,1782361580.0597918,0.0022377967834472656
253342,normal,1455,0,1782361580.061548,0.0017561912536621094
253343,normal,2212,0,1782361580.0637782,0.0022301673889160156
253344,normal,2521,0,1782361580.0655668,0.0017886161804199219
253345,normal,1671,0,1782361580.067787,0.00222015380859375
253346,normal,2099,0,1782361580.0695484,0.0017614364624023438
253347,normal,2576,0,1782361580.0717876,0.002239227294921875
253348,normal,130,0,1782361580.0735502,0.0017626285552978516
253349,normal,2685,0,1782361580.075779,0.0022287368774414062
253350,normal,1880,0,1782361580.0775666,0.0017876625061035156
253351,normal,1447,0,1782361580.0797875,0.0022208690643310547
253352,normal,3527,0,1782361580.0815496,0.0017621517181396484
253353,normal,2941,0,1782361580.0837922,0.002242565155029297
253354,normal,1269,0,1782361580.0855706,0.0017783641815185547
253355,normal,875,2,1782361580.087781,0.002210378646850586
253356,normal,90,0,1782361580.0895667,0.0017857551574707031
253357,normal,2199,0,1782361580.0917847,0.002218008041381836
253358,normal,2519,0,1782361580.0935574,0.0017726421356201172
253359,normal,207,0,1782361580.0958161,0.002258777618408203
253360,normal,1050,0,1782361580.097551,0.0017349720001220703
253361,normal,895,2,1782361580.099784,0.002232789993286133
253362,normal,327,0,1782361580.1015635,0.0017795562744140625
253363,normal,1655,0,1782361580.103775,0.0022115707397460938
253364,normal,3098,1,1782361580.1055532,0.0017781257629394531
253365,normal,3063,1,1782361580.1076145,0.0020613670349121094
253366,normal,3691,0,1782361580.1095293,0.0019147396087646484
253367,normal,263,0,1782361580.1115706,0.002041339874267578
253368,normal,2312,0,1782361580.1137953,0.0022246837615966797
253369,normal,971,2,1782361580.1156964,0.0019011497497558594
253370,normal,2742,0,1782361580.1182046,0.0025081634521484375
253371,normal,1714,0,1782361580.1195781,0.0013735294342041016
253372,normal,2252,0,1782361580.1217167,0.0021386146545410156
253373,normal,1866,0,1782361580.123513,0.0017962455749511719
253374,normal,314,0,1782361580.1255875,0.0020744800567626953
253375,normal,253,0,1782361580.1275272,0.0019397735595703125
253376,normal,2744,0,1782361580.1295986,0.002071380615234375
253377,normal,2783,0,1782361580.131545,0.0019464492797851562
253378,normal,1702,0,1782361580.1335971,0.0020520687103271484
253379,normal,1459,0,1782361580.1356027,0.0020055770874023438
253380,normal,1985,0,1782361580.1375206,0.0019178390502929688
253381,normal,245,0,1782361580.1396132,0.002092599868774414
253382,normal,2119,0,1782361580.141653,0.0020399093627929688
253383,normal,2390,0,1782361580.1436028,0.0019497871398925781
253384,normal,1417,0,1782361580.145576,0.0019731521606445312
253385,normal,2340,0,1782361580.1475787,0.002002716064453125
253386,normal,2498,0,1782361580.14962,0.002041339874267578
253387,normal,1749,0,1782361580.1516004,0.001980304718017578
253388,normal,432,0,1782361580.1535888,0.0019884109497070312
253389,normal,180,0,1782361580.1555893,0.002000570297241211
253390,normal,2263,0,1782361580.1575847,0.0019953250885009766
253391,normal,726,0,1782361580.1595817,0.0019969940185546875
253392,normal,2137,0,1782361580.161531,0.001949310302734375
253393,normal,3194,1,1782361580.163581,0.0020499229431152344
253394,normal,924,2,1782361580.165583,0.0020020008087158203
253395,normal,1511,0,1782361580.167613,0.0020301342010498047
253396,normal,429,0,1782361580.169514,0.0019009113311767578
253397,normal,351,0,1782361580.1716523,0.002138376235961914
253398,normal,852,2,1782361580.1735954,0.0019431114196777344
253399,normal,1462,0,1782361580.1758926,0.0022971630096435547
253400,normal,382,0,1782361580.177557,0.0016644001007080078
253401,normal,822,2,1782361580.1795077,0.0019507408142089844
253402,normal,1209,0,1782361580.1815357,0.0020279884338378906
253403,normal,477,0,1782361580.1835558,0.002020120620727539
253404,normal,874,2,1782361580.1855698,0.0020139217376708984
253405,normal,1348,1,1782361580.18758,0.002010345458984375
253406,normal,623,0,1782361580.189561,0.0019807815551757812
253407,normal,2408,0,1782361580.1914785,0.0019176006317138672
253408,normal,3546,0,1782361580.1935372,0.002058744430541992
253409,normal,1658,0,1782361580.195544,0.0020067691802978516
253410,normal,2533,0,1782361580.197599,0.002054929733276367
253411,normal,1919,0,1782361580.1995814,0.001982450485229492
253412,normal,1974,0,1782361580.201612,0.002030611038208008
253413,normal,629,0,1782361580.2035117,0.00189971923828125
253414,normal,3680,0,1782361580.205544,0.0020322799682617188
253415,normal,1641,0,1782361580.2075384,0.0019943714141845703
253416,normal,3087,1,1782361580.2095408,0.0020024776458740234
253417,normal,1698,0,1782361580.2115571,0.002016305923461914
253418,normal,715,0,1782361580.2135758,0.0020186901092529297
253419,normal,646,0,1782361580.2155738,0.0019979476928710938
253420,normal,1965,0,1782361580.217563,0.001989126205444336
253421,normal,3597,0,1782361580.2195184,0.0019555091857910156
253422,normal,2546,0,1782361580.2215264,0.0020079612731933594
253423,normal,427,0,1782361580.2235458,0.0020194053649902344
253424,normal,1976,0,1782361580.2255514,0.0020055770874023438
253425,normal,1746,0,1782361580.2275693,0.002017974853515625
253426,normal,659,0,1782361580.2295814,0.002012014389038086
253427,normal,1824,0,1782361580.2315958,0.0020143985748291016
253428,normal,2296,0,1782361580.2336183,0.0020225048065185547
253429,normal,28,0,1782361580.2355456,0.0019273757934570312
253430,normal,3260,1,1782361580.2375133,0.0019676685333251953
253431,normal,476,0,1782361580.239496,0.0019826889038085938
253432,normal,958,2,1782361580.2414927,0.001996755599975586
253433,normal,146,0,1782361580.243639,0.0021462440490722656
253434,normal,558,0,1782361580.2456396,0.002000570297241211
253435,normal,1695,0,1782361580.247654,0.0020143985748291016
253436,normal,200,0,1782361580.249596,0.0019421577453613281
253437,normal,292,0,1782361580.2516155,0.0020194053649902344
253438,normal,214,0,1782361580.2535956,0.0019800662994384766
253439,normal,2723,0,1782361580.2556393,0.0020437240600585938
253440,normal,525,0,1782361580.2575915,0.0019521713256835938
253441,normal,2683,0,1782361580.2594895,0.001898050308227539
253442,normal,833,2,1782361580.261528,0.0020384788513183594
253443,normal,2254,0,1782361580.2634656,0.0019376277923583984
253444,normal,2080,0,1782361580.265615,0.002149343490600586
253445,normal,2213,0,1782361580.2675073,0.0018923282623291016
253446,normal,2516,0,1782361580.2694926,0.001985311508178711
253447,normal,778,2,1782361580.2714837,0.0019910335540771484
253448,normal,3590,0,1782361580.2734838,0.002000093460083008
253449,normal,2747,0,1782361580.2761762,0.0026924610137939453
253450,normal,2928,0,1782361580.2777057,0.0015294551849365234
253451,normal,2743,0,1782361580.2795908,0.0018851757049560547
253452,normal,3619,0,1782361580.2815337,0.0019428730010986328
253453,normal,1482,0,1782361580.2835345,0.0020008087158203125
253454,normal,635,0,1782361580.2855282,0.0019936561584472656
253455,normal,352,0,1782361580.2876863,0.0021581649780273438
253456,normal,1518,0,1782361580.289679,0.0019927024841308594
253457,normal,3709,0,1782361580.291531,0.0018520355224609375
253458,normal,823,2,1782361580.2935493,0.0020182132720947266
253459,normal,1958,0,1782361580.2956047,0.0020554065704345703
253460,normal,1884,0,1782361580.2977247,0.0021200180053710938
253461,normal,2548,0,1782361580.2996073,0.0018825531005859375
253462,normal,1057,0,1782361580.3017976,0.0021903514862060547
253463,normal,3160,1,1782361580.3035777,0.0017800331115722656
253464,normal,1780,0,1782361580.3057315,0.0021538734436035156
253465,normal,3460,0,1782361580.3076286,0.0018970966339111328
253466,normal,2187,0,1782361580.3096411,0.002012491226196289
253467,normal,14,0,1782361580.3118544,0.0022132396697998047
253468,normal,277,0,1782361580.3137162,0.0018618106842041016
253469,normal,2399,0,1782361580.3155756,0.001859426498413086
253470,normal,370,0,1782361580.3180404,0.002464771270751953
253471,normal,2507,0,1782361580.3200543,0.0020139217376708984
253472,normal,653,0,1782361580.321524,0.0014696121215820312
253473,normal,450,0,1782361580.323486,0.0019621849060058594
253474,normal,3603,0,1782361580.3255618,0.002075672149658203
253475,normal,1168,0,1782361580.3275182,0.001956462860107422
253476,normal,1520,0,1782361580.3295498,0.002031564712524414
253477,normal,2109,0,1782361580.3315344,0.0019845962524414062
253478,normal,3262,1,1782361580.3334963,0.001961946487426758
253479,normal,1148,0,1782361580.335552,0.002055644989013672
253480,normal,3167,1,1782361580.3376012,0.0020492076873779297
253481,normal,463,0,1782361580.3396003,0.0019991397857666016
253482,normal,3363,1,1782361580.3415534,0.001953125
253483,normal,3656,0,1782361580.3435247,0.0019712448120117188
253484,normal,1941,0,1782361580.3456056,0.0020809173583984375
253485,normal,3301,1,1782361580.347573,0.0019674301147460938
253486,normal,338,0,1782361580.3497968,0.0022237300872802734
253487,normal,3323,1,1782361580.3517022,0.0019054412841796875
253488,normal,3482,0,1782361580.3537169,0.002014636993408203
253489,normal,3418,0,1782361580.3555923,0.0018754005432128906
253490,normal,1141,0,1782361580.3576443,0.0020520687103271484
253491,normal,3448,0,1782361580.3595178,0.0018734931945800781
253492,normal,2324,0,1782361580.3617206,0.002202749252319336
253493,normal,620,0,1782361580.3635213,0.0018007755279541016
253494,normal,3598,0,1782361580.3655388,0.002017498016357422
253495,normal,281,0,1782361580.3675344,0.001995563507080078
253496,normal,536,0,1782361580.3695292,0.0019948482513427734
253497,normal,1742,0,1782361580.371532,0.002002716064453125
253498,normal,1507,0,1782361580.3736598,0.0021278858184814453
253499,normal,3609,0,1782361580.375568,0.0019080638885498047
253500,normal,2591,0,1782361580.377585,0.0020170211791992188
253501,normal,2815,0,1782361580.3795366,0.0019516944885253906
253502,normal,3374,1,1782361580.3815627,0.002026081085205078
253503,normal,2455,0,1782361580.383631,0.0020682811737060547
253504,normal,2362,0,1782361580.385595,0.001964092254638672
253505,normal,330,0,1782361580.387591,0.0019958019256591797
253506,normal,1997,0,1782361580.3894992,0.0019083023071289062
253507,normal,458,0,1782361580.3915014,0.002002239227294922
253508,normal,753,0,1782361580.3935015,0.002000093460083008
253509,normal,1198,0,1782361580.395817,0.002315521240234375
253510,normal,2763,0,1782361580.397549,0.00173187255859375
253511,normal,3059,1,1782361580.399554,0.0020051002502441406
253512,normal,118,0,1782361580.4016304,0.002076387405395508
253513,normal,1685,0,1782361580.4036245,0.0019941329956054688
253514,normal,3467,0,1782361580.4055977,0.0019731521606445312
253515,normal,3274,1,1782361580.4076252,0.0020275115966796875
253516,normal,1776,0,1782361580.4096465,0.002021312713623047
253517,normal,68,0,1782361580.4114916,0.0018451213836669922
253518,normal,3409,0,1782361580.4135053,0.002013683319091797
253519,normal,2368,0,1782361580.4155092,0.002003908157348633
253520,normal,2292,0,1782361580.4176345,0.002125263214111328
253521,normal,2993,0,1782361580.4195354,0.0019009113311767578
253522,normal,3553,0,1782361580.4215002,0.0019648075103759766
253523,normal,1136,0,1782361580.4234836,0.0019834041595458984
253524,normal,2671,0,1782361580.425482,0.001998424530029297
253525,normal,1211,0,1782361580.4278607,0.002378702163696289
253526,normal,2803,0,1782361580.4298246,0.0019638538360595703
253527,normal,1218,0,1782361580.4315686,0.0017440319061279297
253528,normal,2452,0,1782361580.433534,0.0019652843475341797
253529,normal,1994,0,1782361580.435532,0.0019981861114501953
253530,normal,3641,0,1782361580.4375494,0.0020172595977783203
253531,normal,1285,0,1782361580.439831,0.002281665802001953
253532,normal,3391,1,1782361580.4426365,0.002805471420288086
253533,normal,1912,0,1782361580.443515,0.0008785724639892578
253534,normal,3492,0,1782361580.4456985,0.0021834373474121094
253535,normal,547,0,1782361580.4475658,0.0018672943115234375
253536,normal,1581,0,1782361580.44969,0.002124309539794922
253537,normal,2503,0,1782361580.4515297,0.0018396377563476562
253538,normal,3663,0,1782361580.453581,0.0020513534545898438
253539,normal,700,0,1782361580.4555974,0.002016305923461914
253540,normal,1456,0,1782361580.4575431,0.0019457340240478516
253541,normal,1949,0,1782361580.4595437,0.002000570297241211
253542,normal,3327,1,1782361580.461885,0.0023412704467773438
253543,normal,1384,0,1782361580.464131,0.0022461414337158203
253544,normal,2663,0,1782361580.4655173,0.0013861656188964844
253545,normal,3441,0,1782361580.4674783,0.0019609928131103516
253546,normal,1686,0,1782361580.469559,0.002080678939819336
253547,normal,2198,0,1782361580.4715965,0.002037525177001953
253548,normal,3302,1,1782361580.4736125,0.0020160675048828125
253549,normal,970,2,1782361580.4756055,0.001992940902709961
253550,normal,1370,1,1782361580.4776497,0.002044200897216797
253551,normal,2614,0,1782361580.4795008,0.0018510818481445312
253552,normal,3269,1,1782361580.481639,0.0021381378173828125
253553,normal,258,0,1782361580.483723,0.002084016799926758
253554,normal,3500,0,1782361580.4854913,0.001768350601196289
253555,normal,2956,0,1782361580.4874992,0.0020079612731933594
253556,normal,1102,0,1782361580.4895191,0.0020198822021484375
253557,normal,2938,0,1782361580.491533,0.0020139217376708984
253558,normal,2819,0,1782361580.493537,0.002003908157348633
253559,normal,2068,0,1782361580.4955575,0.002020597457885742
253560,normal,2888,0,1782361580.497515,0.001957416534423828
253561,normal,2998,0,1782361580.4995415,0.0020265579223632812
253562,normal,2158,0,1782361580.5015757,0.0020341873168945312
253563,normal,3157,1,1782361580.5035899,0.00201416015625
253564,normal,2657,0,1782361580.5055687,0.0019788742065429688
253565,normal,55,0,1782361580.5075252,0.001956462860107422
253566,normal,1850,0,1782361580.5095515,0.0020263195037841797
253567,normal,2995,0,1782361580.5115778,0.0020263195037841797
253568,normal,2045,0,1782361580.5135956,0.0020177364349365234
253569,normal,1918,0,1782361580.51552,0.0019245147705078125
253570,normal,3463,0,1782361580.5175266,0.00200653076171875
253571,normal,1349,1,1782361580.5195556,0.002028942108154297
253572,normal,742,0,1782361580.5215282,0.001972675323486328
253573,normal,2853,0,1782361580.5235367,0.0020084381103515625
253574,normal,197,0,1782361580.5255427,0.002006053924560547
253575,normal,2926,0,1782361580.5275683,0.002025604248046875
253576,normal,2051,0,1782361580.5295117,0.001943349838256836
253577,normal,1378,1,1782361580.531528,0.002016305923461914
253578,normal,210,0,1782361580.533511,0.0019829273223876953
253579,normal,2833,0,1782361580.5355098,0.0019989013671875
253580,normal,446,0,1782361580.5375063,0.0019965171813964844
253581,normal,2021,0,1782361580.5395513,0.0020449161529541016
253582,normal,2983,0,1782361580.54157,0.0020186901092529297
253583,normal,3133,1,1782361580.5436091,0.002039194107055664
253584,normal,234,0,1782361580.5456161,0.002007007598876953
253585,normal,2572,0,1782361580.5475433,0.0019271373748779297
253586,normal,3065,1,1782361580.5495253,0.001981973648071289
253587,normal,60,0,1782361580.5515897,0.0020644664764404297
253588,normal,449,0,1782361580.5534973,0.0019075870513916016
253589,normal,3013,0,1782361580.555504,0.0020067691802978516
253590,normal,3105,1,1782361580.557494,0.0019898414611816406
253591,normal,849,2,1782361580.5595741,0.002080202102661133
253592,normal,1134,0,1782361580.5615902,0.0020160675048828125
253593,normal,194,0,1782361580.5636077,0.002017498016357422
253594,normal,3475,0,1782361580.5656106,0.0020029544830322266
253595,normal,3217,1,1782361580.5678957,0.002285003662109375
253596,normal,2145,0,1782361580.5695968,0.0017011165618896484
253597,normal,827,2,1782361580.571607,0.002010345458984375
253598,normal,3552,0,1782361580.5737116,0.002104520797729492
253599,normal,12,0,1782361580.5755274,0.0018157958984375
253600,normal,921,2,1782361580.577487,0.001959562301635742
253601,normal,1432,0,1782361580.5794873,0.0020003318786621094
253602,normal,2752,0,1782361580.5814815,0.0019941329956054688
253603,normal,3097,1,1782361580.583578,0.0020966529846191406
253604,normal,1900,0,1782361580.5854828,0.0019047260284423828
253605,normal,1087,0,1782361580.5874846,0.0020017623901367188
253606,normal,655,0,1782361580.5895014,0.002016782760620117
253607,normal,3378,1,1782361580.5917435,0.0022420883178710938
253608,normal,935,2,1782361580.5940065,0.0022630691528320312
253609,normal,162,0,1782361580.5955942,0.0015876293182373047
253610,normal,752,0,1782361580.5976233,0.0020291805267333984
253611,normal,1229,0,1782361580.5995302,0.0019068717956542969
253612,normal,384,0,1782361580.6016302,0.0020999908447265625
253613,normal,1474,0,1782361580.6037261,0.002095937728881836
253614,normal,997,2,1782361580.605739,0.002012968063354492
253615,normal,1159,0,1782361580.6075332,0.0017940998077392578
253616,normal,2893,0,1782361580.60953,0.001996755599975586
253617,normal,903,2,1782361580.6115227,0.0019927024841308594
253618,normal,3211,1,1782361580.6135354,0.0020127296447753906
253619,normal,3671,0,1782361580.6158607,0.002325296401977539
253620,normal,999,2,1782361580.617876,0.002015352249145508
253621,normal,3424,0,1782361580.619802,0.0019259452819824219
253622,normal,3259,1,1782361580.6216533,0.0018513202667236328
253623,normal,1284,0,1782361580.6237223,0.0020689964294433594
253624,normal,3455,0,1782361580.62564,0.0019176006317138672
253625,normal,1858,0,1782361580.6276288,0.0019888877868652344
253626,normal,3655,0,1782361580.6298892,0.002260446548461914
253627,normal,793,2,1782361580.631721,0.0018317699432373047
253628,normal,3064,1,1782361580.633658,0.0019369125366210938
253629,normal,3456,0,1782361580.635771,0.0021131038665771484
253630,normal,501,0,1782361580.6377368,0.001965761184692383
253631,normal,2732,0,1782361580.6398048,0.002068042755126953
253632,normal,813,2,1782361580.641533,0.001728057861328125
253633,normal,698,0,1782361580.6436381,0.002105236053466797
253634,normal,3255,1,1782361580.6456413,0.002003192901611328
253635,normal,1500,0,1782361580.6475427,0.001901388168334961
253636,normal,1292,0,1782361580.6496387,0.002095937728881836
253637,normal,2902,0,1782361580.651638,0.001999378204345703
253638,normal,3601,0,1782361580.6535695,0.0019314289093017578
253639,normal,2373,0,1782361580.6557262,0.0021567344665527344
253640,normal,1271,0,1782361580.6577327,0.00200653076171875
253641,normal,1446,0,1782361580.659557,0.0018243789672851562
253642,normal,626,0,1782361580.6616874,0.002130270004272461
253643,normal,395,0,1782361580.6637137,0.0020263195037841797
253644,normal,251,0,1782361580.6656125,0.0018987655639648438
253645,normal,2605,0,1782361580.667747,0.002134561538696289
253646,normal,1395,0,1782361580.6696374,0.001890420913696289
253647,normal,3341,1,1782361580.6715617,0.001924276351928711
253648,normal,177,0,1782361580.6737,0.002138376235961914
253649,normal,2820,0,1782361580.6756918,0.001991748809814453
253650,normal,1254,0,1782361580.6775632,0.001871347427368164
253651,normal,591,0,1782361580.679813,0.0022497177124023438
253652,normal,2946,0,1782361580.6815653,0.0017523765563964844
253653,normal,929,2,1782361580.6836398,0.0020744800567626953
253654,normal,1809,0,1782361580.6855333,0.0018935203552246094
253655,normal,3141,1,1782361580.6876364,0.002103090286254883
253656,normal,695,0,1782361580.689538,0.0019016265869140625
253657,normal,1906,0,1782361580.6916604,0.0021224021911621094
253658,normal,3192,1,1782361580.6937077,0.002047300338745117
253659,normal,2975,0,1782361580.6956136,0.0019059181213378906
253660,normal,1620,0,1782361580.6977828,0.0021691322326660156
253661,normal,850,2,1782361580.699589,0.0018062591552734375
253662,normal,1486,0,1782361580.7015767,0.0019876956939697266
253663,normal,3208,1,1782361580.703704,0.002127408981323242
253664,normal,2538,0,1782361580.705568,0.0018639564514160156
253665,normal,825,2,1782361580.7075355,0.0019674301147460938
253666,normal,2687,0,1782361580.7096303,0.002094745635986328
253667,normal,3487,0,1782361580.711632,0.0020017623901367188
253668,normal,799,2,1782361580.7138245,0.0021924972534179688
253669,normal,2681,0,1782361580.715552,0.0017275810241699219
253670,normal,386,0,1782361580.7176237,0.0020716190338134766
253671,normal,1051,0,1782361580.7198026,0.0021789073944091797
253672,normal,3645,0,1782361580.721648,0.0018453598022460938
253673,normal,1366,1,1782361580.723724,0.0020759105682373047
253674,normal,26,0,1782361580.7256515,0.0019276142120361328
253675,normal,3447,0,1782361580.727707,0.0020554065704345703
253676,normal,1513,0,1782361580.7296238,0.0019168853759765625
253677,normal,1555,0,1782361580.731523,0.0018992424011230469
253678,normal,2382,0,1782361580.7336264,0.0021033287048339844
253679,normal,3381,1,1782361580.7357767,0.002150297164916992
253680,normal,19,0,1782361580.73749,0.0017132759094238281
253681,normal,2845,0,1782361580.7395244,0.002034425735473633
253682,normal,1299,0,1782361580.7415159,0.0019915103912353516
253683,normal,3003,0,1782361580.7435162,0.0020003318786621094
253684,normal,3124,1,1782361580.745641,0.002124786376953125
253685,normal,1318,0,1782361580.7476883,0.002047300338745117
253686,normal,3271,1,1782361580.7494853,0.0017969608306884766
253687,normal,884,2,1782361580.7515182,0.0020329952239990234
253688,normal,2303,0,1782361580.753515,0.001996755599975586
253689,normal,2255,0,1782361580.755527,0.002012014389038086
253690,normal,853,2,1782361580.757584,0.0020570755004882812
253691,normal,3047,1,1782361580.7595363,0.0019521713256835938
253692,normal,2756,0,1782361580.7615244,0.0019881725311279297
253693,normal,1798,0,1782361580.7635312,0.0020067691802978516
253694,normal,2365,0,1782361580.765539,0.002007722854614258
253695,normal,2332,0,1782361580.7675369,0.0019979476928710938
253696,normal,2884,0,1782361580.769568,0.002031087875366211
253697,normal,3126,1,1782361580.77153,0.001961946487426758
253698,normal,992,2,1782361580.773519,0.001989126205444336
253699,normal,663,0,1782361580.775606,0.0020868778228759766
253700,normal,785,2,1782361580.7779725,0.0023665428161621094
253701,normal,1288,0,1782361580.7795413,0.0015687942504882812
253702,normal,518,0,1782361580.7815335,0.0019922256469726562
253703,normal,901,2,1782361580.7835848,0.0020513534545898438
253704,normal,1048,0,1782361580.7855291,0.0019443035125732422
253705,normal,3646,0,1782361580.787571,0.0020418167114257812
253706,normal,2378,0,1782361580.789579,0.0020079612731933594
253707,normal,2155,0,1782361580.7916408,0.0020618438720703125
253708,normal,2056,0,1782361580.7935133,0.0018725395202636719
253709,normal,3592,0,1782361580.795767,0.0022537708282470703
253710,normal,727,0,1782361580.797891,0.0021238327026367188
253711,normal,2829,0,1782361580.799601,0.0017101764678955078
253712,normal,1443,0,1782361580.8016295,0.0020284652709960938
253713,normal,3484,0,1782361580.8035347,0.001905202865600586
253714,normal,1516,0,1782361580.8056498,0.002115011215209961
253715,normal,2033,0,1782361580.8076508,0.002001047134399414
253716,normal,72,0,1782361580.8095412,0.001890420913696289
253717,normal,3611,0,1782361580.811635,0.002093791961669922
253718,normal,743,0,1782361580.813654,0.0020189285278320312
253719,normal,1305,0,1782361580.8156242,0.0019702911376953125
253720,normal,2791,0,1782361580.8177423,0.0021181106567382812
253721,normal,1904,0,1782361580.8196204,0.0018780231475830078
253722,normal,2411,0,1782361580.8216367,0.002016305923461914
253723,normal,2661,0,1782361580.8235807,0.0019440650939941406
253724,normal,1579,0,1782361580.8257284,0.002147674560546875
253725,normal,1406,0,1782361580.8276093,0.0018808841705322266
253726,normal,1200,0,1782361580.8295922,0.0019829273223876953
253727,normal,2354,0,1782361580.83172,0.0021278858184814453
253728,normal,3251,1,1782361580.833566,0.0018458366394042969
253729,normal,658,0,1782361580.835569,0.0020029544830322266
253730,normal,2603,0,1782361580.8377244,0.0021555423736572266
253731,normal,1323,1,1782361580.8395693,0.0018448829650878906
253732,normal,1547,0,1782361580.8417897,0.0022203922271728516
253733,normal,1202,0,1782361580.8435745,0.0017848014831542969
253734,normal,2128,0,1782361580.8456545,0.0020799636840820312
253735,normal,2466,0,1782361580.8475847,0.00193023681640625
253736,normal,3186,1,1782361580.8496597,0.0020749568939208984
253737,normal,3326,1,1782361580.8515437,0.0018839836120605469
253738,normal,1388,0,1782361580.8536565,0.002112865447998047
253739,normal,672,0,1782361580.8557203,0.002063751220703125
253740,normal,2157,0,1782361580.857595,0.001874685287475586
253741,normal,2769,0,1782361580.8597622,0.002167224884033203
253742,normal,2927,0,1782361580.8617718,0.0020096302032470703
253743,normal,867,2,1782361580.8636212,0.0018494129180908203
253744,normal,460,0,1782361580.8657084,0.002087116241455078
253745,normal,141,0,1782361580.8677006,0.0019922256469726562
253746,normal,3094,1,1782361580.8695512,0.0018506050109863281
253747,normal,1504,0,1782361580.8716602,0.002109050750732422
253748,normal,3161,1,1782361580.8736513,0.0019910335540771484
253749,normal,1656,0,1782361580.8755426,0.0018913745880126953
253750,normal,1231,0,1782361580.8779252,0.002382516860961914
253751,normal,2489,0,1782361580.8796325,0.001707315444946289
253752,normal,1793,0,1782361580.8817127,0.002080202102661133
253753,normal,732,0,1782361580.8836515,0.0019388198852539062
253754,normal,1781,0,1782361580.8859446,0.002293109893798828
253755,normal,2360,0,1782361580.8875947,0.001650094985961914
253756,normal,2537,0,1782361580.8898125,0.0022177696228027344
253757,normal,2713,0,1782361580.8916416,0.0018291473388671875
253758,normal,1412,0,1782361580.893603,0.0019614696502685547
253759,normal,1648,0,1782361580.8957462,0.0021431446075439453
253760,normal,2449,0,1782361580.8976448,0.0018985271453857422
253761,normal,1470,0,1782361580.8995302,0.0018854141235351562
253762,normal,2828,0,1782361580.9018452,0.002315044403076172
253763,normal,1803,0,1782361580.9035287,0.0016834735870361328
253764,normal,1897,0,1782361580.9056501,0.002121448516845703
253765,normal,1679,0,1782361580.9075265,0.0018763542175292969
253766,normal,832,2,1782361580.909639,0.0021123886108398438
253767,normal,3509,0,1782361580.9119189,0.002279996871948242
253768,normal,3009,0,1782361580.9138958,0.0019769668579101562
253769,normal,674,0,1782361580.915622,0.0017261505126953125
253770,normal,1277,0,1782361580.917652,0.002029895782470703
253771,normal,30,0,1782361580.9195352,0.0018832683563232422
253772,normal,3195,1,1782361580.9216604,0.002125263214111328
253773,normal,2945,0,1782361580.923546,0.0018856525421142578
253774,normal,2892,0,1782361580.9257936,0.0022475719451904297
253775,normal,645,0,1782361580.9277408,0.001947164535522461
253776,normal,3021,0,1782361580.9295347,0.0017938613891601562
253777,normal,1564,0,1782361580.9316573,0.002122640609741211
253778,normal,201,0,1782361580.9336889,0.002031564712524414
253779,normal,872,2,1782361580.9355562,0.0018672943115234375
253780,normal,537,0,1782361580.937899,0.0023429393768310547
253781,normal,949,2,1782361580.939784,0.0018849372863769531
253782,normal,3143,1,1782361580.9416323,0.0018482208251953125
253783,normal,1131,0,1782361580.9438107,0.0021784305572509766
253784,normal,2922,0,1782361580.9456224,0.0018117427825927734
253785,normal,1548,0,1782361580.947775,0.0021524429321289062
253786,normal,2209,0,1782361580.9495513,0.0017764568328857422
253787,normal,1609,0,1782361580.9518898,0.002338409423828125
253788,normal,1640,0,1782361580.9537938,0.0019040107727050781
253789,normal,3652,0,1782361580.9555767,0.0017828941345214844
253790,normal,3340,1,1782361580.9579132,0.0023365020751953125
253791,normal,2944,0,1782361580.9599583,0.002045154571533203
253792,normal,2335,0,1782361580.9615788,0.0016205310821533203
253793,normal,2338,0,1782361580.963652,0.002073049545288086
253794,normal,2117,0,1782361580.965538,0.001886129379272461
253795,normal,609,0,1782361580.9676933,0.002155303955078125
253796,normal,24,0,1782361580.9697313,0.0020380020141601562
253797,normal,1154,0,1782361580.9715552,0.0018239021301269531
253798,normal,708,0,1782361580.9736311,0.0020759105682373047
253799,normal,899,2,1782361580.97573,0.0020987987518310547
253800,normal,387,0,1782361580.9775188,0.0017888545989990234
253801,normal,2239,0,1782361580.9797401,0.002221345901489258
253802,normal,2511,0,1782361580.9817472,0.002007007598876953
253803,normal,1971,0,1782361580.9835033,0.0017561912536621094
253804,normal,1139,0,1782361580.985615,0.002111673355102539
253805,normal,2626,0,1782361580.9875796,0.001964569091796875
253806,normal,50,0,1782361580.989654,0.0020744800567626953
253807,normal,1499,0,1782361580.9915898,0.001935720443725586
253808,normal,91,0,1782361580.9936213,0.002031564712524414
253809,normal,439,0,1782361580.9955873,0.0019659996032714844
253810,normal,3383,1,1782361580.997659,0.0020716190338134766
253811,normal,1452,0,1782361580.9997094,0.0020503997802734375
253812,normal,1531,0,1782361581.00153,0.0018205642700195312
253813,normal,249,0,1782361581.0037186,0.0021886825561523438
253814,normal,2558,0,1782361581.0056596,0.0019409656524658203
253815,normal,719,0,1782361581.0075886,0.0019290447235107422
253816,normal,1428,0,1782361581.0095801,0.0019915103912353516
253817,normal,3205,1,1782361581.0115397,0.001959562301635742
253818,normal,2218,0,1782361581.0135245,0.001984834671020508
253819,normal,1023,2,1782361581.0155454,0.0020208358764648438
253820,normal,74,0,1782361581.0177035,0.0021581649780273438
253821,normal,3306,1,1782361581.019586,0.0018825531005859375
253822,normal,725,0,1782361581.0217457,0.002159595489501953
253823,normal,2486,0,1782361581.0238297,0.002084016799926758
253824,normal,685,0,1782361581.025603,0.0017733573913574219
253825,normal,318,0,1782361581.027716,0.002112865447998047
253826,normal,944,2,1782361581.0296986,0.0019826889038085938
253827,normal,1319,1,1782361581.031576,0.0018773078918457031
253828,normal,3541,0,1782361581.033696,0.0021200180053710938
253829,normal,1286,0,1782361581.03566,0.001964092254638672
253830,normal,562,0,1782361581.037536,0.0018758773803710938
253831,normal,1908,0,1782361581.0397246,0.0021886825561523438
253832,normal,1003,2,1782361581.0426517,0.002927064895629883
253833,normal,795,2,1782361581.0437036,0.0010519027709960938
253834,normal,1193,0,1782361581.0455916,0.0018880367279052734
253835,normal,1155,0,1782361581.0477417,0.0021500587463378906
253836,normal,122,0,1782361581.0496385,0.0018968582153320312
253837,normal,2444,0,1782361581.0517304,0.0020918846130371094
253838,normal,3370,1,1782361581.0537333,0.0020029544830322266
253839,normal,3029,0,1782361581.0557241,0.001990795135498047
253840,normal,242,0,1782361581.0576565,0.001932382583618164
253841,normal,1932,0,1782361581.0597386,0.0020821094512939453
253842,normal,2062,0,1782361581.0615337,0.001795053482055664
253843,normal,1890,0,1782361581.0636492,0.002115488052368164
253844,normal,1952,0,1782361581.0656476,0.001998424530029297
253845,normal,163,0,1782361581.0677698,0.002122163772583008
253846,normal,209,0,1782361581.0695276,0.0017578601837158203
253847,normal,3499,0,1782361581.0717356,0.0022079944610595703
253848,normal,656,0,1782361581.0735345,0.001798868179321289
253849,normal,143,0,1782361581.075645,0.0021104812622070312
253850,normal,531,0,1782361581.0779202,0.002275228500366211
253851,normal,85,0,1782361581.0800247,0.002104520797729492
253852,normal,2577,0,1782361581.081582,0.0015573501586914062
253853,normal,561,0,1782361581.0836535,0.002071380615234375
253854,normal,2289,0,1782361581.085537,0.0018835067749023438
253855,normal,3353,1,1782361581.087739,0.0022020339965820312
253856,normal,2659,0,1782361581.0897017,0.0019626617431640625
253857,normal,1731,0,1782361581.091626,0.001924276351928711
253858,normal,1438,0,1782361581.0936985,0.002072572708129883
253859,normal,1947,0,1782361581.095724,0.002025604248046875
253860,normal,2792,0,1782361581.0975487,0.0018246173858642578
253861,normal,2905,0,1782361581.0996997,0.002151012420654297
253862,normal,1471,0,1782361581.1016994,0.0019996166229248047
253863,normal,1009,2,1782361581.1036112,0.0019118785858154297
253864,normal,411,0,1782361581.1057231,0.0021119117736816406
253865,normal,3382,1,1782361581.107688,0.0019648075103759766
253866,normal,3607,0,1782361581.1095572,0.00186920166015625
253867,normal,3506,0,1782361581.1119404,0.0023832321166992188
253868,normal,3309,1,1782361581.1140244,0.002084016799926758
253869,normal,219,0,1782361581.115583,0.001558542251586914
253870,normal,2167,0,1782361581.1175349,0.0019519329071044922
253871,normal,1577,0,1782361581.1197865,0.0022516250610351562
253872,normal,1823,0,1782361581.1215737,0.0017871856689453125
253873,normal,3521,0,1782361581.1237774,0.002203702926635742
253874,normal,619,0,1782361581.1257675,0.001990079879760742
253875,normal,2758,0,1782361581.127813,0.0020456314086914062
253876,normal,1611,0,1782361581.1295576,0.0017445087432861328
253877,normal,2028,0,1782361581.1318524,0.002294778823852539
253878,normal,3305,1,1782361581.1337702,0.0019178390502929688
253879,normal,1056,0,1782361581.1356199,0.0018496513366699219
253880,normal,53,0,1782361581.1377053,0.002085447311401367
253881,normal,425,0,1782361581.1395435,0.0018382072448730469
253882,normal,1119,0,1782361581.1416907,0.002147197723388672
253883,normal,3600,0,1782361581.1436884,0.001997709274291992
253884,normal,3488,0,1782361581.145546,0.0018575191497802734
253885,normal,3545,0,1782361581.1476543,0.002108335494995117
253886,normal,847,2,1782361581.1497,0.0020456314086914062
253887,normal,279,0,1782361581.1516223,0.0019223690032958984
253888,normal,1491,0,1782361581.153743,0.0021207332611083984
253889,normal,1012,2,1782361581.1557686,0.002025604248046875
253890,normal,1843,0,1782361581.1575317,0.0017631053924560547
253891,normal,3588,0,1782361581.1597137,0.0021820068359375
253892,normal,1766,0,1782361581.1615794,0.0018656253814697266
253893,normal,1194,0,1782361581.1637452,0.0021657943725585938
253894,normal,3254,1,1782361581.1655965,0.0018513202667236328
253895,normal,985,2,1782361581.1677215,0.0021250247955322266
253896,normal,473,0,1782361581.1695676,0.0018460750579833984
253897,normal,1167,0,1782361581.171703,0.0021355152130126953
253898,normal,775,2,1782361581.1735656,0.0018625259399414062
253899,normal,2208,0,1782361581.1757147,0.0021491050720214844
253900,normal,1297,0,1782361581.1775663,0.0018515586853027344
253901,normal,2460,0,1782361581.1797369,0.002170562744140625
253902,normal,592,0,1782361581.1815443,0.0018074512481689453
253903,normal,3653,0,1782361581.1837323,0.002187967300415039
253904,normal,3330,1,1782361581.1856914,0.001959085464477539
253905,normal,1867,0,1782361581.187557,0.0018656253814697266
253906,normal,1238,0,1782361581.1896904,0.0021333694458007812
253907,normal,1020,2,1782361581.1917052,0.0020148754119873047
253908,normal,1480,0,1782361581.1935968,0.0018916130065917969
253909,normal,3101,1,1782361581.195738,0.002141237258911133
253910,normal,2283,0,1782361581.1977754,0.0020372867584228516
253911,normal,741,0,1782361581.1996334,0.0018579959869384766
253912,normal,2041,0,1782361581.201712,0.002078533172607422
253913,normal,2475,0,1782361581.203713,0.002001047134399414
253914,normal,95,0,1782361581.2056074,0.0018944740295410156
253915,normal,2740,0,1782361581.2076933,0.0020859241485595703
253916,normal,1832,0,1782361581.2096863,0.001992940902709961
253917,normal,3567,0,1782361581.2115378,0.0018515586853027344
253918,normal,805,2,1782361581.213656,0.0021181106567382812
253919,normal,1418,0,1782361581.2159019,0.0022459030151367188
253920,normal,3620,0,1782361581.2175615,0.0016596317291259766
253921,normal,900,2,1782361581.219653,0.0020914077758789062
253922,normal,1785,0,1782361581.2215729,0.0019199848175048828
253923,normal,3695,0,1782361581.223587,0.00201416015625
253924,normal,2328,0,1782361581.225621,0.0020339488983154297
253925,normal,3519,0,1782361581.227599,0.0019779205322265625
253926,normal,3604,0,1782361581.229711,0.002112150192260742
253927,normal,2133,0,1782361581.2315211,0.0018100738525390625
253928,normal,2181,0,1782361581.2335284,0.0020072460174560547
253929,normal,3212,1,1782361581.235519,0.0019905567169189453
253930,normal,3168,1,1782361581.2375147,0.0019958019256591797
253931,normal,2770,0,1782361581.2395449,0.0020301342010498047
253932,normal,1217,0,1782361581.2415102,0.0019652843475341797
253933,normal,2984,0,1782361581.2435112,0.002001047134399414
253934,normal,2873,0,1782361581.2455072,0.0019960403442382812
253935,normal,2016,0,1782361581.2475173,0.0020101070404052734
253936,normal,897,2,1782361581.2497225,0.0022051334381103516
253937,normal,2777,0,1782361581.251652,0.0019295215606689453
253938,normal,2215,0,1782361581.2535129,0.0018608570098876953
253939,normal,3004,0,1782361581.2555182,0.002005338668823242
253940,normal,2482,0,1782361581.2575178,0.0019996166229248047
253941,normal,3011,0,1782361581.2595901,0.0020723342895507812
253942,normal,2658,0,1782361581.261494,0.0019037723541259766
253943,normal,3614,0,1782361581.2635572,0.002063274383544922
253944,normal,755,0,1782361581.2655346,0.0019774436950683594
253945,normal,21,0,1782361581.267517,0.001982450485229492
253946,normal,2684,0,1782361581.2695298,0.0020127296447753906
253947,normal,1451,0,1782361581.271531,0.0020012855529785156
253948,normal,1181,0,1782361581.2735329,0.0020017623901367188
253949,normal,2578,0,1782361581.2757633,0.002230405807495117
253950,normal,712,0,1782361581.2777104,0.001947164535522461
253951,normal,1205,0,1782361581.2795439,0.0018334388732910156
253952,normal,2857,0,1782361581.2815683,0.002024412155151367
253953,normal,1589,0,1782361581.2835832,0.0020148754119873047
253954,normal,3494,0,1782361581.2855775,0.0019943714141845703
253955,normal,2569,0,1782361581.2875144,0.0019369125366210938
253956,normal,2581,0,1782361581.2896345,0.0021200180053710938
253957,normal,1989,0,1782361581.2916164,0.001981973648071289
253958,normal,1303,0,1782361581.2935371,0.0019207000732421875
253959,normal,80,0,1782361581.2959628,0.002425670623779297
253960,normal,836,2,1782361581.297771,0.00180816650390625
253961,normal,1121,0,1782361581.2996106,0.0018396377563476562
253962,normal,1263,0,1782361581.301554,0.001943349838256836
253963,normal,2734,0,1782361581.3036828,0.0021288394927978516
253964,normal,1125,0,1782361581.3055534,0.0018706321716308594
253965,normal,880,2,1782361581.307611,0.0020575523376464844
253966,normal,2059,0,1782361581.309533,0.0019221305847167969
253967,normal,1687,0,1782361581.3115835,0.0020503997802734375
253968,normal,142,0,1782361581.3135152,0.0019316673278808594
253969,normal,3512,0,1782361581.3155427,0.0020275115966796875
253970,normal,818,2,1782361581.3176243,0.002081632614135742
253971,normal,1551,0,1782361581.319581,0.0019567012786865234
253972,normal,1988,0,1782361581.3216152,0.0020341873168945312
253973,normal,2101,0,1782361581.3235202,0.0019049644470214844
253974,normal,2787,0,1782361581.325608,0.002087831497192383
253975,normal,1040,0,1782361581.3275733,0.0019652843475341797
253976,normal,2087,0,1782361581.3296456,0.0020723342895507812
253977,normal,1316,0,1782361581.3315258,0.0018801689147949219
253978,normal,39,0,1782361581.3335862,0.002060413360595703
253979,normal,1435,0,1782361581.3355489,0.0019626617431640625
253980,normal,2551,0,1782361581.3375428,0.001993894577026367
253981,normal,1221,0,1782361581.3397188,0.002176046371459961
253982,normal,0,0,1782361581.3415098,0.0017910003662109375
253983,normal,3563,0,1782361581.3435607,0.0020508766174316406
253984,normal,694,0,1782361581.3455486,0.001987934112548828
253985,normal,3092,1,1782361581.3475783,0.0020296573638916016
253986,normal,113,0,1782361581.3495677,0.0019893646240234375
253987,normal,611,0,1782361581.3515356,0.001967906951904297
253988,normal,1059,0,1782361581.353525,0.0019893646240234375
253989,normal,1982,0,1782361581.3555148,0.0019898414611816406
253990,normal,388,0,1782361581.3575292,0.0020143985748291016
253991,normal,1038,0,1782361581.359545,0.002015829086303711
253992,normal,1510,0,1782361581.361562,0.0020170211791992188
253993,normal,2846,0,1782361581.3636398,0.002077817916870117
253994,normal,260,0,1782361581.365601,0.001961231231689453
253995,normal,43,0,1782361581.3675327,0.0019316673278808594
253996,normal,62,0,1782361581.3695571,0.002024412155151367
253997,normal,1052,0,1782361581.3715742,0.0020170211791992188
253998,normal,66,0,1782361581.3735473,0.0019731521606445312
253999,normal,1877,0,1782361581.3755345,0.0019872188568115234
254000,normal,2494,0,1782361581.3775337,0.0019991397857666016
254001,normal,627,0,1782361581.379522,0.0019884109497070312
254002,normal,2316,0,1782361581.381698,0.0021758079528808594
254003,normal,3276,1,1782361581.3835685,0.0018706321716308594
254004,normal,2280,0,1782361581.3855948,0.0020263195037841797
254005,normal,1755,0,1782361581.3875434,0.0019485950469970703
254006,normal,3457,0,1782361581.389539,0.001995563507080078
254007,normal,3515,0,1782361581.3915513,0.0020122528076171875
254008,normal,2754,0,1782361581.3935394,0.0019881725311279297
254009,normal,3485,0,1782361581.39558,0.0020406246185302734
254010,normal,2852,0,1782361581.397565,0.001984834671020508
254011,normal,846,2,1782361581.3995218,0.001956939697265625
254012,normal,22,0,1782361581.401517,0.001995086669921875
254013,normal,2942,0,1782361581.4035184,0.002001523971557617
254014,normal,3299,1,1782361581.4055152,0.001996755599975586
254015,normal,660,0,1782361581.407535,0.0020198822021484375
254016,normal,124,0,1782361581.4095602,0.002025127410888672
254017,normal,456,0,1782361581.411476,0.0019156932830810547
254018,normal,815,2,1782361581.4135118,0.002035856246948242
254019,normal,400,0,1782361581.4155169,0.0020051002502441406
254020,normal,3528,0,1782361581.4177315,0.002214670181274414
254021,normal,2625,0,1782361581.4196298,0.0018982887268066406
254022,normal,1115,0,1782361581.4215205,0.0018906593322753906
254023,normal,2168,0,1782361581.4235353,0.0020148754119873047
254024,normal,3324,1,1782361581.4255314,0.0019960403442382812
254025,normal,1724,0,1782361581.4275262,0.0019948482513427734
254026,normal,3694,0,1782361581.4295838,0.0020575523376464844
254027,normal,2023,0,1782361581.4315846,0.0020008087158203125
254028,normal,108,0,1782361581.433489,0.0019044876098632812
254029,normal,1489,0,1782361581.4355245,0.002035379409790039
254030,normal,2703,0,1782361581.4375298,0.002005338668823242
254031,normal,1964,0,1782361581.4395378,0.0020079612731933594
254032,normal,2039,0,1782361581.4415348,0.0019969940185546875
254033,normal,3354,1,1782361581.4435694,0.0020346641540527344
254034,normal,3233,1,1782361581.4456155,0.0020461082458496094
254035,normal,2425,0,1782361581.447503,0.0018875598907470703
254036,normal,1137,0,1782361581.449591,0.002087831497192383
254037,normal,1062,0,1782361581.4519792,0.0023882389068603516
254038,normal,1797,0,1782361581.4538522,0.001873016357421875
254039,normal,3384,1,1782361581.4554968,0.0016446113586425781
254040,normal,1606,0,1782361581.4575694,0.002072572708129883
254041,normal,2237,0,1782361581.4596336,0.002064228057861328
254042,normal,1862,0,1782361581.4616463,0.0020127296447753906
254043,normal,1479,0,1782361581.4636025,0.0019562244415283203
254044,normal,1207,0,1782361581.465731,0.0021283626556396484
254045,normal,166,0,1782361581.467611,0.0018801689147949219
254046,normal,86,0,1782361581.46958,0.001968860626220703
254047,normal,2096,0,1782361581.4719396,0.002359628677368164
254048,normal,3203,1,1782361581.4736412,0.0017015933990478516
254049,normal,3214,1,1782361581.475604,0.001962900161743164
254050,normal,1325,1,1782361581.4775362,0.0019321441650390625
254051,normal,3622,0,1782361581.4795492,0.002012968063354492
254052,normal,1206,0,1782361581.4815514,0.002002239227294922
254053,normal,996,2,1782361581.48354,0.001988649368286133
254054,normal,1748,0,1782361581.4855359,0.0019958019256591797
254055,normal,2799,0,1782361581.487531,0.001995086669921875
254056,normal,1090,0,1782361581.489708,0.002177000045776367
254057,normal,1358,1,1782361581.4915953,0.0018873214721679688
254058,normal,744,0,1782361581.4935858,0.0019905567169189453
254059,normal,1176,0,1782361581.495569,0.001983165740966797
254060,normal,1401,0,1782361581.497543,0.0019741058349609375
254061,normal,2526,0,1782361581.499564,0.0020208358764648438
254062,normal,3536,0,1782361581.5015662,0.002002239227294922
254063,normal,3173,1,1782361581.5035837,0.002017498016357422
254064,normal,828,2,1782361581.5055842,0.002000570297241211
254065,normal,3472,0,1782361581.5076327,0.002048492431640625
254066,normal,297,0,1782361581.509634,0.0020012855529785156
254067,normal,1892,0,1782361581.5115197,0.0018856525421142578
254068,normal,2330,0,1782361581.5135539,0.0020341873168945312
254069,normal,2809,0,1782361581.5155528,0.0019989013671875
254070,normal,952,2,1782361581.517552,0.0019991397857666016
254071,normal,506,0,1782361581.5195568,0.002004861831665039
254072,normal,1789,0,1782361581.5215895,0.002032756805419922
254073,normal,323,0,1782361581.5236115,0.0020220279693603516
254074,normal,206,0,1782361581.5255373,0.0019257068634033203
254075,normal,1235,0,1782361581.5275447,0.0020074844360351562
254076,normal,2200,0,1782361581.5295339,0.001989126205444336
254077,normal,941,2,1782361581.5315416,0.002007722854614258
254078,normal,2220,0,1782361581.5335634,0.00202178955078125
254079,normal,602,0,1782361581.5355558,0.001992464065551758
254080,normal,2826,0,1782361581.5376177,0.0020618438720703125
254081,normal,2477,0,1782361581.5396948,0.0020771026611328125
254082,normal,2504,0,1782361581.541567,0.0018723011016845703
254083,normal,1110,0,1782361581.543566,0.0019989013671875
254084,normal,2256,0,1782361581.5455778,0.0020117759704589844
254085,normal,1980,0,1782361581.547528,0.0019502639770507812
254086,normal,2765,0,1782361581.549539,0.0020110607147216797
254087,normal,334,0,1782361581.5515215,0.001982450485229492
254088,normal,679,0,1782361581.553564,0.002042531967163086
254089,normal,2748,0,1782361581.5556843,0.0021202564239501953
254090,normal,1898,0,1782361581.5575767,0.0018923282623291016
254091,normal,159,0,1782361581.5595882,0.002011537551879883
254092,normal,1968,0,1782361581.5615628,0.0019745826721191406
254093,normal,2642,0,1782361581.563581,0.0020182132720947266
254094,normal,1403,0,1782361581.5655494,0.0019683837890625
254095,normal,1660,0,1782361581.567575,0.002025604248046875
254096,normal,2079,0,1782361581.5696309,0.0020558834075927734
254097,normal,2697,0,1782361581.57155,0.0019190311431884766
254098,normal,1763,0,1782361581.5736003,0.0020503997802734375
254099,normal,1643,0,1782361581.5755322,0.001931905746459961
254100,normal,1250,0,1782361581.5775273,0.001995086669921875
254101,normal,2652,0,1782361581.5795848,0.0020575523376464844
254102,normal,777,2,1782361581.5815268,0.0019419193267822266
254103,normal,441,0,1782361581.5835192,0.001992464065551758
254104,normal,3679,0,1782361581.5855534,0.0020341873168945312
254105,normal,3017,0,1782361581.5875835,0.0020301342010498047
254106,normal,1920,0,1782361581.5898108,0.002227306365966797
254107,normal,3117,1,1782361581.5918221,0.0020112991333007812
254108,normal,3303,1,1782361581.5935738,0.0017516613006591797
254109,normal,925,2,1782361581.5955527,0.0019788742065429688
254110,normal,2816,0,1782361581.597609,0.0020563602447509766
254111,normal,3636,0,1782361581.5995438,0.0019347667694091797
254112,normal,2352,0,1782361581.6016421,0.0020983219146728516
254113,normal,1654,0,1782361581.6036215,0.001979351043701172
254114,normal,268,0,1782361581.6055996,0.001978158950805664
254115,normal,3396,1,1782361581.6075308,0.0019311904907226562
254116,normal,2876,0,1782361581.6095982,0.0020673274993896484
254117,normal,3231,1,1782361581.6116068,0.002008676528930664
254118,normal,2432,0,1782361581.6135445,0.0019376277923583984
254119,normal,3416,0,1782361581.6158874,0.0023429393768310547
254120,normal,2651,0,1782361581.6179826,0.0020952224731445312
254121,normal,3550,0,1782361581.6196246,0.001641988754272461
254122,normal,905,2,1782361581.6217475,0.0021228790283203125
254123,normal,3539,0,1782361581.6237822,0.0020346641540527344
254124,normal,1169,0,1782361581.625621,0.0018389225006103516
254125,normal,2745,0,1782361581.627695,0.002074003219604492
254126,normal,3182,1,1782361581.6298568,0.002161741256713867
254127,normal,2848,0,1782361581.6316936,0.0018367767333984375
254128,normal,2877,0,1782361581.6336198,0.0019261837005615234
254129,normal,1622,0,1782361581.6356542,0.002034425735473633
254130,normal,2702,0,1782361581.63762,0.001965761184692383
254131,normal,3109,1,1782361581.6398447,0.0022246837615966797
254132,normal,313,0,1782361581.6415687,0.0017240047454833984
254133,normal,841,2,1782361581.6439314,0.0023627281188964844
254134,normal,3356,1,1782361581.645631,0.001699686050415039
254135,normal,2348,0,1782361581.6476905,0.002059459686279297
254136,normal,2413,0,1782361581.6495552,0.0018646717071533203
254137,normal,2286,0,1782361581.6515527,0.0019974708557128906
254138,normal,688,0,1782361581.6536298,0.0020771026611328125
254139,normal,3005,0,1782361581.6555433,0.0019135475158691406
254140,normal,2782,0,1782361581.6576192,0.0020759105682373047
254141,normal,2245,0,1782361581.6597397,0.002120494842529297
254142,normal,3230,1,1782361581.6616151,0.0018754005432128906
254143,normal,1605,0,1782361581.6637495,0.0021343231201171875
254144,normal,817,2,1782361581.665511,0.0017614364624023438
254145,normal,437,0,1782361581.6676998,0.0021889209747314453
254146,normal,3675,0,1782361581.6695411,0.0018413066864013672
254147,normal,2600,0,1782361581.6717374,0.0021963119506835938
254148,normal,595,0,1782361581.673592,0.0018546581268310547
254149,normal,961,2,1782361581.6755936,0.002001523971557617
254150,normal,344,0,1782361581.6775863,0.0019927024841308594
254151,normal,2240,0,1782361581.6795626,0.0019762516021728516
254152,normal,2278,0,1782361581.6816196,0.0020570755004882812
254153,normal,472,0,1782361581.6837196,0.0020999908447265625
254154,normal,2462,0,1782361581.6855302,0.0018105506896972656
254155,normal,3535,0,1782361581.6878133,0.0022830963134765625
254156,normal,3044,0,1782361581.6898153,0.0020020008087158203
254157,normal,2670,0,1782361581.6915429,0.0017275810241699219
254158,normal,1526,0,1782361581.69369,0.002147197723388672
254159,normal,2333,0,1782361581.695741,0.0020508766174316406
254160,normal,2634,0,1782361581.6975427,0.0018017292022705078
254161,normal,582,0,1782361581.6996605,0.0021178722381591797
254162,normal,1152,0,1782361581.701723,0.002062559127807617
254163,normal,2832,0,1782361581.7035923,0.00186920166015625
254164,normal,1501,0,1782361581.7057707,0.0021784305572509766
254165,normal,1245,0,1782361581.707766,0.0019953250885009766
254166,normal,2300,0,1782361581.7095754,0.0018093585968017578
254167,normal,528,0,1782361581.711703,0.0021276473999023438
254168,normal,957,2,1782361581.7137039,0.0020008087158203125
254169,normal,2901,0,1782361581.7155578,0.00185394287109375
254170,normal,3202,1,1782361581.7176526,0.002094745635986328
254171,normal,2840,0,1782361581.7196531,0.002000570297241211
254172,normal,622,0,1782361581.7215316,0.001878499984741211
254173,normal,3625,0,1782361581.723927,0.0023953914642333984
254174,normal,2322,0,1782361581.7255886,0.001661539077758789
254175,normal,2612,0,1782361581.7275999,0.0020112991333007812
254176,normal,706,0,1782361581.7299016,0.0023016929626464844
254177,normal,2229,0,1782361581.7317429,0.0018413066864013672
254178,normal,3586,0,1782361581.7336814,0.0019385814666748047
254179,normal,399,0,1782361581.7355926,0.001911163330078125
254180,normal,3282,1,1782361581.7378063,0.002213716506958008
254181,normal,221,0,1782361581.7396975,0.0018911361694335938
254182,normal,2343,0,1782361581.7415383,0.001840829849243164
254183,normal,2002,0,1782361581.7436426,0.0021042823791503906
254184,normal,2350,0,1782361581.745481,0.0018384456634521484
254185,normal,3291,1,1782361581.7475355,0.002054452896118164
254186,normal,2491,0,1782361581.7495606,0.002025127410888672
254187,normal,3518,0,1782361581.7515333,0.001972675323486328
254188,normal,747,0,1782361581.7535293,0.0019960403442382812
254189,normal,2707,0,1782361581.755511,0.0019817352294921875
254190,normal,2520,0,1782361581.7575157,0.0020046234130859375
254191,normal,1118,0,1782361581.7599385,0.002422809600830078
254192,normal,2093,0,1782361581.7618842,0.0019457340240478516
254193,normal,2714,0,1782361581.7637115,0.001827239990234375
254194,normal,1265,0,1782361581.7655385,0.0018270015716552734
254195,normal,191,0,1782361581.7676523,0.002113819122314453
254196,normal,3531,0,1782361581.7695384,0.001886129379272461
254197,normal,3023,0,1782361581.7716906,0.0021522045135498047
254198,normal,1027,2,1782361581.7738154,0.002124786376953125
254199,normal,326,0,1782361581.7755399,0.0017244815826416016
254200,normal,320,0,1782361581.7776465,0.0021066665649414062
254201,normal,2403,0,1782361581.7796562,0.0020096302032470703
254202,normal,3140,1,1782361581.781547,0.0018908977508544922
254203,normal,3692,0,1782361581.7837024,0.002155303955078125
254204,normal,128,0,1782361581.7857206,0.0020182132720947266
254205,normal,2573,0,1782361581.7875662,0.0018455982208251953
254206,normal,3118,1,1782361581.7896576,0.0020914077758789062
254207,normal,1427,0,1782361581.791655,0.0019974708557128906
254208,normal,2954,0,1782361581.7938457,0.0021905899047851562
254209,normal,990,2,1782361581.7960439,0.0021982192993164062
254210,normal,3635,0,1782361581.7975693,0.0015254020690917969
254211,normal,2321,0,1782361581.7995293,0.0019600391387939453
254212,normal,3493,0,1782361581.8016875,0.0021581649780273438
254213,normal,3634,0,1782361581.8035822,0.0018947124481201172
254214,normal,3544,0,1782361581.8057275,0.0021452903747558594
254215,normal,2308,0,1782361581.8076196,0.00189208984375
254216,normal,2890,0,1782361581.8099146,0.0022950172424316406
254217,normal,2480,0,1782361581.81171,0.0017952919006347656
254218,normal,642,0,1782361581.8139045,0.002194643020629883
254219,normal,2075,0,1782361581.816076,0.0021715164184570312
254220,normal,3379,1,1782361581.8177207,0.0016446113586425781
254221,normal,293,0,1782361581.8195348,0.001814126968383789
254222,normal,707,0,1782361581.8216586,0.0021238327026367188
254223,normal,2231,0,1782361581.8235817,0.0019230842590332031
254224,normal,3221,1,1782361581.8256874,0.002105712890625
254225,normal,652,0,1782361581.827537,0.0018496513366699219
254226,normal,1846,0,1782361581.8296096,0.002072572708129883
254227,normal,2162,0,1782361581.8315,0.001890420913696289
254228,normal,661,0,1782361581.8337193,0.0022192001342773438
254229,normal,140,0,1782361581.835532,0.0018126964569091797
254230,normal,2219,0,1782361581.8377776,0.002245664596557617
254231,normal,3662,0,1782361581.839694,0.0019164085388183594
254232,normal,3174,1,1782361581.8415618,0.0018677711486816406
254233,normal,2176,0,1782361581.8437128,0.002151012420654297
254234,normal,2735,0,1782361581.845722,0.002009153366088867
254235,normal,840,2,1782361581.84761,0.0018880367279052734
254236,normal,577,0,1782361581.8496902,0.002080202102661133
254237,normal,976,2,1782361581.8517005,0.002010345458984375
254238,normal,182,0,1782361581.8535655,0.0018649101257324219
254239,normal,2226,0,1782361581.8556995,0.002134084701538086
254240,normal,1541,0,1782361581.857705,0.0020055770874023438
254241,normal,1677,0,1782361581.859572,0.0018668174743652344
254242,normal,331,0,1782361581.8617754,0.0022034645080566406
254243,normal,1639,0,1782361581.863706,0.0019307136535644531
254244,normal,1351,1,1782361581.865544,0.0018379688262939453
254245,normal,3136,1,1782361581.8676574,0.00211334228515625
254246,normal,2947,0,1782361581.8696597,0.002002239227294922
254247,normal,154,0,1782361581.8715417,0.0018820762634277344
254248,normal,3570,0,1782361581.873686,0.002144336700439453
254249,normal,354,0,1782361581.8757138,0.002027750015258789
254250,normal,1246,0,1782361581.8775847,0.001870870590209961
254251,normal,511,0,1782361581.8797424,0.0021576881408691406
254252,normal,3578,0,1782361581.881747,0.0020046234130859375
254253,normal,3357,1,1782361581.883584,0.001837015151977539
254254,normal,1925,0,1782361581.8857064,0.0021224021911621094
254255,normal,2812,0,1782361581.8877003,0.001993894577026367
254256,normal,3121,1,1782361581.8895845,0.0018842220306396484
254257,normal,247,0,1782361581.8916912,0.0021066665649414062
254258,normal,3700,0,1782361581.8936527,0.0019614696502685547
254259,normal,1917,0,1782361581.8955472,0.0018944740295410156
254260,normal,2679,0,1782361581.8976958,0.0021486282348632812
254261,normal,2896,0,1782361581.8998027,0.002106904983520508
254262,normal,2034,0,1782361581.9016044,0.0018017292022705078
254263,normal,3253,1,1782361581.9037988,0.0021944046020507812
254264,normal,2729,0,1782361581.9056218,0.0018229484558105469
254265,normal,881,2,1782361581.9078047,0.0021829605102539062
254266,normal,3437,0,1782361581.9096045,0.0017998218536376953
254267,normal,1728,0,1782361581.911808,0.0022034645080566406
254268,normal,2764,0,1782361581.9138966,0.0020885467529296875
254269,normal,714,0,1782361581.915686,0.0017893314361572266
254270,normal,2393,0,1782361581.9175289,0.0018429756164550781
254271,normal,1645,0,1782361581.9196439,0.002115011215209961
254272,normal,3069,1,1782361581.9215312,0.0018873214721679688
254273,normal,3307,1,1782361581.9238062,0.0022749900817871094
254274,normal,1381,1,1782361581.9255095,0.0017032623291015625
254275,normal,575,0,1782361581.9276156,0.002106189727783203
254276,normal,2282,0,1782361581.9296124,0.001996755599975586
254277,normal,1772,0,1782361581.9314997,0.0018873214721679688
254278,normal,1740,0,1782361581.933859,0.0023593902587890625
254279,normal,3348,1,1782361581.9357474,0.001888275146484375
254280,normal,2224,0,1782361581.937547,0.0017995834350585938
254281,normal,974,2,1782361581.9395735,0.0020265579223632812
254282,normal,1741,0,1782361581.9415123,0.0019388198852539062
254283,normal,2859,0,1782361581.943586,0.0020737648010253906
254284,normal,3395,1,1782361581.945584,0.0019979476928710938
254285,normal,916,2,1782361581.947643,0.0020589828491210938
254286,normal,1439,0,1782361581.9495149,0.0018718242645263672
254287,normal,570,0,1782361581.9515681,0.0020532608032226562
254288,normal,1718,0,1782361581.953582,0.0020139217376708984
254289,normal,2805,0,1782361581.9555957,0.002013683319091797
254290,normal,2895,0,1782361581.9575887,0.001992940902709961
254291,normal,3054,1,1782361581.9598472,0.0022585391998291016
254292,normal,3284,1,1782361581.961714,0.0018668174743652344
254293,normal,2513,0,1782361581.963605,0.0018908977508544922
254294,normal,1995,0,1782361581.9656382,0.002033233642578125
254295,normal,1007,2,1782361581.9675868,0.0019485950469970703
254296,normal,1041,0,1782361581.9696548,0.002068042755126953
254297,normal,1223,0,1782361581.9715881,0.0019333362579345703
254298,normal,398,0,1782361581.9737206,0.002132415771484375
254299,normal,509,0,1782361581.9756377,0.001917123794555664
254300,normal,407,0,1782361581.977635,0.001997232437133789
254301,normal,2696,0,1782361581.9795153,0.0018804073333740234
254302,normal,2344,0,1782361581.9816992,0.0021839141845703125
254303,normal,2611,0,1782361581.9836903,0.0019910335540771484
254304,normal,2800,0,1782361581.9855146,0.0018243789672851562
254305,normal,340,0,1782361581.9875746,0.0020599365234375
254306,normal,982,2,1782361581.9895823,0.002007722854614258
254307,normal,2919,0,1782361581.9915934,0.0020110607147216797
254308,normal,1768,0,1782361581.9935837,0.0019903182983398438
254309,normal,280,0,1782361581.9955788,0.001995086669921875
254310,normal,3283,1,1782361581.9975696,0.001990795135498047
254311,normal,893,2,1782361581.999587,0.002017498016357422
254312,normal,1375,1,1782361582.0016205,0.0020334720611572266
254313,normal,1397,0,1782361582.0035799,0.0019593238830566406
254314,normal,1278,0,1782361582.0056305,0.002050638198852539
254315,normal,1377,1,1782361582.0075774,0.0019469261169433594
254316,normal,2082,0,1782361582.0096362,0.002058744430541992
254317,normal,1409,0,1782361582.011563,0.0019268989562988281
254318,normal,2172,0,1782361582.0136871,0.0021240711212158203
254319,normal,1955,0,1782361582.0155554,0.0018682479858398438
254320,normal,2459,0,1782361582.0175788,0.002023458480834961
254321,normal,2691,0,1782361582.019619,0.0020401477813720703
254322,normal,3055,1,1782361582.021597,0.0019779205322265625
254323,normal,967,2,1782361582.023567,0.001970052719116211
254324,normal,3040,0,1782361582.0255613,0.0019943714141845703
254325,normal,1753,0,1782361582.027555,0.0019936561584472656
254326,normal,545,0,1782361582.0297408,0.002185821533203125
254327,normal,2165,0,1782361582.031686,0.0019452571868896484
254328,normal,917,2,1782361582.0335414,0.0018553733825683594
254329,normal,2673,0,1782361582.0356557,0.0021142959594726562
254330,normal,1792,0,1782361582.0376577,0.0020020008087158203
254331,normal,786,2,1782361582.0396285,0.0019707679748535156
254332,normal,3454,0,1782361582.041545,0.0019164085388183594
254333,normal,2540,0,1782361582.0437288,0.0021839141845703125
254334,normal,444,0,1782361582.0455985,0.0018696784973144531
254335,normal,3298,1,1782361582.0477767,0.002178192138671875
254336,normal,2970,0,1782361582.0497403,0.0019636154174804688
254337,normal,704,0,1782361582.0515602,0.0018198490142822266
254338,normal,2837,0,1782361582.0537012,0.0021409988403320312
254339,normal,134,0,1782361582.055746,0.0020449161529541016
254340,normal,51,0,1782361582.0575416,0.0017955303192138672
254341,normal,2525,0,1782361582.0596526,0.0021109580993652344
254342,normal,451,0,1782361582.0616539,0.0020012855529785156
254343,normal,2496,0,1782361582.0635319,0.0018780231475830078
254344,normal,2143,0,1782361582.0659044,0.0023725032806396484
254345,normal,2326,0,1782361582.0677168,0.0018124580383300781
254346,normal,2861,0,1782361582.06958,0.001863241195678711
254347,normal,381,0,1782361582.0718083,0.002228260040283203
254348,normal,459,0,1782361582.0738342,0.0020258426666259766
254349,normal,3281,1,1782361582.0756,0.0017657279968261719
254350,normal,1281,0,1782361582.0776484,0.002048492431640625
254351,normal,3576,0,1782361582.0796287,0.001980304718017578
254352,normal,365,0,1782361582.081509,0.0018804073333740234
254353,normal,2306,0,1782361582.0835402,0.002031087875366211
254354,normal,3665,0,1782361582.085542,0.0020017623901367188
254355,normal,1334,1,1782361582.0875323,0.0019903182983398438
254356,normal,1572,0,1782361582.0895994,0.002067089080810547
254357,normal,1352,1,1782361582.091533,0.0019335746765136719
254358,normal,418,0,1782361582.0935059,0.0019729137420654297
254359,normal,3219,1,1782361582.0955071,0.0020012855529785156
254360,normal,1621,0,1782361582.0975082,0.002001047134399414
254361,normal,1045,0,1782361582.0996883,0.0021800994873046875
254362,normal,3,0,1782361582.101929,0.0022406578063964844
254363,normal,1751,0,1782361582.1035314,0.0016024112701416016
254364,normal,57,0,1782361582.1055224,0.0019910335540771484
254365,normal,479,0,1782361582.1075213,0.0019989013671875
254366,normal,696,0,1782361582.109525,0.0020036697387695312
254367,normal,1928,0,1782361582.1115272,0.002002239227294922
254368,normal,2631,0,1782361582.113575,0.0020477771759033203
254369,normal,2420,0,1782361582.115523,0.0019481182098388672
254370,normal,2590,0,1782361582.117519,0.0019958019256591797
254371,normal,3559,0,1782361582.1195188,0.0019998550415039062
254372,normal,1583,0,1782361582.121523,0.0020041465759277344
254373,normal,948,2,1782361582.1235418,0.0020189285278320312
254374,normal,2807,0,1782361582.1255362,0.0019943714141845703
254375,normal,155,0,1782361582.127557,0.0020208358764648438
254376,normal,3696,0,1782361582.1295404,0.0019834041595458984
254377,normal,2078,0,1782361582.1315331,0.0019927024841308594
254378,normal,3443,0,1782361582.1336482,0.002115011215209961
254379,normal,869,2,1782361582.135928,0.0022797584533691406
254380,normal,2457,0,1782361582.1375217,0.0015938282012939453
254381,normal,2074,0,1782361582.139549,0.002027273178100586
254382,normal,553,0,1782361582.1415486,0.0019996166229248047
254383,normal,512,0,1782361582.1435587,0.0020101070404052734
254384,normal,3442,0,1782361582.145555,0.001996278762817383
254385,normal,2864,0,1782361582.1475914,0.0020363330841064453
254386,normal,2547,0,1782361582.1496496,0.002058267593383789
254387,normal,462,0,1782361582.1515677,0.0019180774688720703
254388,normal,1333,1,1782361582.1540067,0.0024390220642089844
254389,normal,2674,0,1782361582.1558447,0.0018379688262939453
254390,normal,896,2,1782361582.1576216,0.0017769336700439453
254391,normal,114,0,1782361582.1595376,0.0019159317016601562
254392,normal,3648,0,1782361582.1616502,0.0021126270294189453
254393,normal,2935,0,1782361582.163563,0.001912832260131836
254394,normal,3623,0,1782361582.165699,0.0021359920501708984
254395,normal,856,2,1782361582.167535,0.0018360614776611328
254396,normal,1970,0,1782361582.1696315,0.002096414566040039
254397,normal,1064,0,1782361582.171522,0.001890420913696289
254398,normal,1744,0,1782361582.173632,0.002110004425048828
254399,normal,779,2,1782361582.1756582,0.0020263195037841797
254400,normal,2716,0,1782361582.1775699,0.0019116401672363281
254401,normal,3577,0,1782361582.1796386,0.002068758010864258
254402,normal,3289,1,1782361582.1815867,0.0019481182098388672
254403,normal,1311,0,1782361582.183608,0.002021312713623047
254404,normal,942,2,1782361582.185558,0.0019500255584716797
254405,normal,1883,0,1782361582.1876361,0.0020780563354492188
254406,normal,1453,0,1782361582.189535,0.0018987655639648438
254407,normal,2434,0,1782361582.1915898,0.002054929733276367
254408,normal,1327,1,1782361582.1935987,0.0020089149475097656
254409,normal,2825,0,1782361582.195591,0.0019922256469726562
254410,normal,721,0,1782361582.197595,0.002003908157348633
254411,normal,149,0,1782361582.1996107,0.002015829086303711
254412,normal,367,0,1782361582.2015553,0.0019445419311523438
254413,normal,184,0,1782361582.2036145,0.0020592212677001953
254414,normal,2202,0,1782361582.2055826,0.0019681453704833984
254415,normal,44,0,1782361582.207578,0.0019953250885009766
254416,normal,3187,1,1782361582.2095788,0.0020008087158203125
254417,normal,1536,0,1782361582.2115788,0.002000093460083008
254418,normal,269,0,1782361582.2135782,0.001999378204345703
254419,normal,3068,1,1782361582.21559,0.0020117759704589844
254420,normal,8,0,1782361582.2176154,0.0020253658294677734
254421,normal,412,0,1782361582.219561,0.0019457340240478516
254422,normal,792,2,1782361582.221647,0.0020859241485595703
254423,normal,2461,0,1782361582.2235649,0.0019178390502929688
254424,normal,669,0,1782361582.2255936,0.0020287036895751953
254425,normal,3210,1,1782361582.2275965,0.0020029544830322266
254426,normal,186,0,1782361582.229623,0.0020265579223632812
254427,normal,3332,1,1782361582.2314887,0.0018656253814697266
254428,normal,1739,0,1782361582.2335477,0.0020589828491210938
254429,normal,212,0,1782361582.2356992,0.0021514892578125
254430,normal,3699,0,1782361582.237535,0.0018358230590820312
254431,normal,1081,0,1782361582.2397983,0.002263307571411133
254432,normal,3540,0,1782361582.2417762,0.0019779205322265625
254433,normal,821,2,1782361582.244554,0.0027778148651123047
254434,normal,350,0,1782361582.245673,0.0011188983917236328
254435,normal,871,2,1782361582.2477958,0.0021228790283203125
254436,normal,624,0,1782361582.249652,0.001856088638305664
254437,normal,1317,0,1782361582.2516081,0.0019562244415283203
254438,normal,2381,0,1782361582.2538087,0.002200603485107422
254439,normal,2389,0,1782361582.2557313,0.001922607421875
254440,normal,838,2,1782361582.2575676,0.0018362998962402344
254441,normal,1720,0,1782361582.2596226,0.002054929733276367
254442,normal,1669,0,1782361582.2615404,0.0019178390502929688
254443,normal,834,2,1782361582.2636495,0.002109050750732422
254444,normal,569,0,1782361582.2658224,0.0021729469299316406
254445,normal,349,0,1782361582.2675433,0.0017209053039550781
254446,normal,3100,1,1782361582.2696404,0.0020971298217773438
254447,normal,1783,0,1782361582.2716396,0.0019991397857666016
254448,normal,1966,0,1782361582.2735326,0.0018930435180664062
254449,normal,2203,0,1782361582.2759144,0.0023818016052246094
254450,normal,814,2,1782361582.277912,0.0019974708557128906
254451,normal,2015,0,1782361582.2795942,0.001682281494140625
254452,normal,2230,0,1782361582.2816494,0.0020551681518554688
254453,normal,1784,0,1782361582.2836442,0.0019948482513427734
254454,normal,1758,0,1782361582.2855434,0.0018992424011230469
254455,normal,3476,0,1782361582.2876856,0.002142190933227539
254456,normal,560,0,1782361582.2897434,0.002057790756225586
254457,normal,3411,0,1782361582.2917156,0.001972198486328125
254458,normal,1821,0,1782361582.293538,0.0018224716186523438
254459,normal,3599,0,1782361582.2957125,0.00217437744140625
254460,normal,770,0,1782361582.2975574,0.0018448829650878906
254461,normal,1445,0,1782361582.2996995,0.002142190933227539
254462,normal,2266,0,1782361582.3016956,0.0019960403442382812
254463,normal,267,0,1782361582.3035572,0.001861572265625
254464,normal,2550,0,1782361582.305878,0.0023207664489746094
254465,normal,483,0,1782361582.307541,0.0016629695892333984
254466,normal,1670,0,1782361582.3095818,0.002040863037109375
254467,normal,947,2,1782361582.3115904,0.002008676528930664
254468,normal,2178,0,1782361582.3135455,0.0019550323486328125
254469,normal,943,2,1782361582.315601,0.002055644989013672
254470,normal,3450,0,1782361582.3176186,0.002017498016357422
254471,normal,3375,1,1782361582.3196285,0.002009868621826172
254472,normal,1280,0,1782361582.321527,0.0018985271453857422
254473,normal,2636,0,1782361582.3236158,0.002088785171508789
254474,normal,3137,1,1782361582.3258064,0.0021905899047851562
254475,normal,3425,0,1782361582.3275266,0.0017201900482177734
254476,normal,2781,0,1782361582.3295245,0.0019979476928710938
254477,normal,1321,1,1782361582.3315706,0.0020461082458496094
254478,normal,1096,0,1782361582.3335457,0.0019750595092773438
254479,normal,2046,0,1782361582.3355324,0.0019867420196533203
254480,normal,391,0,1782361582.3375726,0.0020401477813720703
254481,normal,1938,0,1782361582.3394887,0.0019161701202392578
254482,normal,544,0,1782361582.3415277,0.0020389556884765625
254483,normal,3032,0,1782361582.3435411,0.0020134449005126953
254484,normal,2406,0,1782361582.3455632,0.0020220279693603516
254485,normal,3503,0,1782361582.3475714,0.002008199691772461
254486,normal,2012,0,1782361582.349568,0.0019965171813964844
254487,normal,910,2,1782361582.3515887,0.0020208358764648438
254488,normal,2963,0,1782361582.3535748,0.0019860267639160156
254489,normal,45,0,1782361582.3555996,0.0020248889923095703
254490,normal,771,0,1782361582.3575494,0.0019497871398925781
254491,normal,2966,0,1782361582.3595376,0.0019881725311279297
254492,normal,1072,0,1782361582.3615422,0.0020046234130859375
254493,normal,559,0,1782361582.3635442,0.0020020008087158203
254494,normal,2163,0,1782361582.3655539,0.0020096302032470703
254495,normal,2123,0,1782361582.3675532,0.001999378204345703
254496,normal,2284,0,1782361582.3695495,0.001996278762817383
254497,normal,1488,0,1782361582.371552,0.0020024776458740234
254498,normal,1295,0,1782361582.3735478,0.0019958019256591797
254499,normal,1197,0,1782361582.3755288,0.001981019973754883
254500,normal,2882,0,1782361582.3775346,0.0020058155059814453
254501,normal,2445,0,1782361582.379529,0.0019943714141845703
254502,normal,3397,1,1782361582.3815303,0.0020012855529785156
254503,normal,3096,1,1782361582.3835871,0.0020568370819091797
254504,normal,3333,1,1782361582.3856087,0.0020215511322021484
254505,normal,2264,0,1782361582.3875568,0.0019481182098388672
254506,normal,266,0,1782361582.3897128,0.0021560192108154297
254507,normal,2712,0,1782361582.391593,0.0018801689147949219
254508,normal,2037,0,1782361582.3935306,0.0019376277923583984
254509,normal,3372,1,1782361582.395558,0.0020275115966796875
254510,normal,1813,0,1782361582.397567,0.0020089149475097656
254511,normal,1111,0,1782361582.3996012,0.0020341873168945312
254512,normal,1689,0,1782361582.4015014,0.0019001960754394531
254513,normal,568,0,1782361582.4035907,0.002089262008666992
254514,normal,1694,0,1782361582.405531,0.0019402503967285156
254515,normal,3414,0,1782361582.40758,0.002048969268798828
254516,normal,1220,0,1782361582.409598,0.0020182132720947266
254517,normal,2481,0,1782361582.4115698,0.001971721649169922
254518,normal,3583,0,1782361582.4135532,0.0019834041595458984
254519,normal,2708,0,1782361582.4155743,0.0020210742950439453
254520,normal,636,0,1782361582.417799,0.0022246837615966797
254521,normal,3235,1,1782361582.4195597,0.001760721206665039
254522,normal,937,2,1782361582.4216151,0.0020554065704345703
254523,normal,84,0,1782361582.4235537,0.0019385814666748047
254524,normal,1596,0,1782361582.4255517,0.0019979476928710938
254525,normal,1253,0,1782361582.4275286,0.0019769668579101562
254526,normal,2986,0,1782361582.4295342,0.0020055770874023438
254527,normal,1019,2,1782361582.4315176,0.0019834041595458984
254528,normal,3359,1,1782361582.433548,0.0020303726196289062
254529,normal,3688,0,1782361582.4355304,0.001982450485229492
254530,normal,3388,1,1782361582.4375162,0.001985788345336914
254531,normal,1854,0,1782361582.439516,0.0019998550415039062
254532,normal,3511,0,1782361582.4415147,0.0019986629486083984
254533,normal,3245,1,1782361582.443516,0.0020012855529785156
254534,normal,1983,0,1782361582.445982,0.002465963363647461
254535,normal,1849,0,1782361582.4476104,0.0016283988952636719
254536,normal,1599,0,1782361582.4495032,0.0018928050994873047
254537,normal,2341,0,1782361582.4515328,0.0020296573638916016
254538,normal,471,0,1782361582.4535317,0.0019989013671875
254539,normal,470,0,1782361582.4555364,0.0020046234130859375
254540,normal,3673,0,1782361582.4575875,0.002051115036010742
254541,normal,3496,0,1782361582.4594948,0.0019073486328125
254542,normal,2802,0,1782361582.461525,0.0020301342010498047
254543,normal,1666,0,1782361582.4635215,0.0019965171813964844
254544,normal,1013,2,1782361582.4655304,0.0020089149475097656
254545,normal,363,0,1782361582.4675338,0.0020034313201904297
254546,normal,322,0,1782361582.4695323,0.001998424530029297
254547,normal,1186,0,1782361582.4715486,0.002016305923461914
254548,normal,3461,0,1782361582.4736042,0.002055644989013672
254549,normal,2120,0,1782361582.4755957,0.0019915103912353516
254550,normal,532,0,1782361582.4776113,0.0020155906677246094
254551,normal,3046,1,1782361582.4800034,0.0023920536041259766
254552,normal,2387,0,1782361582.4815729,0.001569509506225586
254553,normal,33,0,1782361582.4835298,0.001956939697265625
254554,normal,3389,1,1782361582.4855325,0.002002716064453125
254555,normal,986,2,1782361582.4875476,0.0020151138305664062
254556,normal,1972,0,1782361582.4895546,0.002007007598876953
254557,normal,1257,0,1782361582.4915664,0.0020117759704589844
254558,normal,1191,0,1782361582.4936194,0.0020530223846435547
254559,normal,2584,0,1782361582.4955456,0.0019261837005615234
254560,normal,1404,0,1782361582.4975421,0.0019965171813964844
254561,normal,1465,0,1782361582.4998124,0.002270221710205078
254562,normal,1475,0,1782361582.501542,0.001729726791381836
254563,normal,3350,1,1782361582.5035372,0.001995086669921875
254564,normal,1871,0,1782361582.5055296,0.001992464065551758
254565,normal,499,0,1782361582.5075402,0.0020105838775634766
254566,normal,966,2,1782361582.5095325,0.0019922256469726562
254567,normal,2049,0,1782361582.51153,0.0019974708557128906
254568,normal,2705,0,1782361582.51354,0.0020101070404052734
254569,normal,1713,0,1782361582.5155253,0.001985311508178711
254570,normal,789,2,1782361582.5175388,0.0020134449005126953
254571,normal,730,0,1782361582.519558,0.002019166946411133
254572,normal,3668,0,1782361582.5215726,0.002014636993408203
254573,normal,1237,0,1782361582.5235717,0.0019991397857666016
254574,normal,2183,0,1782361582.5255299,0.001958131790161133
254575,normal,341,0,1782361582.5275474,0.002017498016357422
254576,normal,2130,0,1782361582.5295599,0.002012491226196289
254577,normal,1272,0,1782361582.5315745,0.002014636993408203
254578,normal,1498,0,1782361582.5335426,0.0019681453704833984
254579,normal,977,2,1782361582.5355356,0.001992940902709961
254580,normal,3038,0,1782361582.5375443,0.002008676528930664
254581,normal,3486,0,1782361582.5395823,0.0020380020141601562
254582,normal,2113,0,1782361582.541544,0.0019617080688476562
254583,normal,2699,0,1782361582.543545,0.002001047134399414
254584,normal,998,2,1782361582.5455477,0.002002716064453125
254585,normal,116,0,1782361582.5475452,0.0019974708557128906
254586,normal,3270,1,1782361582.5495281,0.0019829273223876953
254587,normal,995,2,1782361582.551527,0.0019989013671875
254588,normal,2726,0,1782361582.5535357,0.002008676528930664
254589,normal,2377,0,1782361582.5555232,0.001987457275390625
254590,normal,1396,0,1782361582.5575237,0.002000570297241211
254591,normal,606,0,1782361582.5595312,0.0020074844360351562
254592,normal,2415,0,1782361582.56155,0.0020186901092529297
254593,normal,1010,2,1782361582.5635617,0.0020117759704589844
254594,normal,2700,0,1782361582.5655715,0.002009868621826172
254595,normal,596,0,1782361582.5675607,0.001989126205444336
254596,normal,1095,0,1782361582.5695462,0.0019855499267578125
254597,normal,3228,1,1782361582.5715432,0.0019969940185546875
254598,normal,2727,0,1782361582.573588,0.002044677734375
254599,normal,1434,0,1782361582.575524,0.001936197280883789
254600,normal,2838,0,1782361582.5775647,0.0020406246185302734
254601,normal,965,2,1782361582.5795283,0.0019636154174804688
254602,normal,1314,0,1782361582.5817752,0.002246856689453125
254603,normal,2751,0,1782361582.5841439,0.0023686885833740234
254604,normal,878,2,1782361582.5856986,0.001554727554321289
254605,normal,768,0,1782361582.5882754,0.0025768280029296875
254606,normal,1697,0,1782361582.5895922,0.0013167858123779297
254607,normal,1173,0,1782361582.5918922,0.0023000240325927734
254608,normal,2214,0,1782361582.5935638,0.0016715526580810547
254609,normal,1754,0,1782361582.5958169,0.0022530555725097656
254610,normal,3417,0,1782361582.5975482,0.0017313957214355469
254611,normal,2206,0,1782361582.5997336,0.002185344696044922
254612,normal,2856,0,1782361582.6017385,0.002004861831665039
254613,normal,2818,0,1782361582.6036124,0.0018739700317382812
254614,normal,2920,0,1782361582.6056976,0.0020852088928222656
254615,normal,1392,0,1782361582.6075733,0.0018756389617919922
254616,normal,2680,0,1782361582.6097279,0.0021545886993408203
254617,normal,117,0,1782361582.6116357,0.0019078254699707031
254618,normal,830,2,1782361582.61395,0.002314329147338867
254619,normal,3595,0,1782361582.6155756,0.0016255378723144531
254620,normal,1684,0,1782361582.617574,0.001998424530029297
254621,normal,311,0,1782361582.6198595,0.002285480499267578
254622,normal,3120,1,1782361582.6215641,0.0017046928405761719
254623,normal,680,0,1782361582.6236382,0.002074003219604492
254624,normal,1512,0,1782361582.6258726,0.0022344589233398438
254625,normal,3000,0,1782361582.6279943,0.0021216869354248047
254626,normal,3690,0,1782361582.6295931,0.0015988349914550781
254627,normal,1150,0,1782361582.6315851,0.0019919872283935547
254628,normal,3128,1,1782361582.6336098,0.0020246505737304688
254629,normal,3037,0,1782361582.6355693,0.001959562301635742
254630,normal,52,0,1782361582.6375782,0.0020089149475097656
254631,normal,3074,1,1782361582.6396856,0.002107381820678711
254632,normal,461,0,1782361582.641749,0.002063274383544922
254633,normal,2897,0,1782361582.6435955,0.0018465518951416016
254634,normal,1977,0,1782361582.645647,0.0020515918731689453
254635,normal,3585,0,1782361582.6475582,0.001911163330078125
254636,normal,2140,0,1782361582.6495972,0.0020389556884765625
254637,normal,489,0,1782361582.6515865,0.0019893646240234375
254638,normal,858,2,1782361582.65358,0.001993417739868164
254639,normal,2132,0,1782361582.6556895,0.002109527587890625
254640,normal,2604,0,1782361582.6576939,0.002004384994506836
254641,normal,3464,0,1782361582.6596007,0.0019068717956542969
254642,normal,3020,0,1782361582.661697,0.0020961761474609375
254643,normal,1876,0,1782361582.6636302,0.0019333362579345703
254644,normal,235,0,1782361582.6657252,0.0020949840545654297
254645,normal,2904,0,1782361582.6675882,0.0018630027770996094
254646,normal,1887,0,1782361582.669865,0.0022766590118408203
254647,normal,1981,0,1782361582.671739,0.0018742084503173828
254648,normal,3660,0,1782361582.6736512,0.0019121170043945312
254649,normal,2441,0,1782361582.6755433,0.00189208984375
254650,normal,2789,0,1782361582.6777446,0.0022013187408447266
254651,normal,2081,0,1782361582.679643,0.0018982887268066406
254652,normal,2650,0,1782361582.6816337,0.001990795135498047
254653,normal,464,0,1782361582.6835153,0.0018815994262695312
254654,normal,2831,0,1782361582.6856246,0.0021092891693115234
254655,normal,493,0,1782361582.6879556,0.0023310184478759766
254656,normal,1931,0,1782361582.6900022,0.0020465850830078125
254657,normal,2346,0,1782361582.6925373,0.002535104751586914
254658,normal,1416,0,1782361582.693572,0.0010347366333007812
254659,normal,684,0,1782361582.6959321,0.002360105514526367
254660,normal,572,0,1782361582.6977446,0.0018124580383300781
254661,normal,2276,0,1782361582.6998954,0.0021507740020751953
254662,normal,1681,0,1782361582.701698,0.001802682876586914
254663,normal,3257,1,1782361582.7038274,0.0021293163299560547
254664,normal,3175,1,1782361582.7057014,0.0018739700317382812
254665,normal,2746,0,1782361582.7077835,0.0020821094512939453
254666,normal,2107,0,1782361582.709772,0.001988649368286133
254667,normal,3244,1,1782361582.7117674,0.0019953250885009766
254668,normal,2376,0,1782361582.713835,0.00206756591796875
254669,normal,339,0,1782361582.7158213,0.001986265182495117
254670,normal,227,0,1782361582.7176373,0.0018160343170166016
254671,normal,362,0,1782361582.7195835,0.0019462108612060547
254672,normal,3497,0,1782361582.7216315,0.002048015594482422
254673,normal,174,0,1782361582.7236311,0.0019996166229248047
254674,normal,2955,0,1782361582.725624,0.001992940902709961
254675,normal,239,0,1782361582.7277734,0.002149343490600586
254676,normal,1343,1,1782361582.729618,0.001844644546508789
254677,normal,2443,0,1782361582.7316093,0.00199127197265625
254678,normal,1113,0,1782361582.7337968,0.002187490463256836
254679,normal,173,0,1782361582.7355242,0.0017273426055908203
254680,normal,576,0,1782361582.7375486,0.002024412155151367
254681,normal,1990,0,1782361582.7397292,0.0021805763244628906
254682,normal,938,2,1782361582.741511,0.0017819404602050781
254683,normal,1765,0,1782361582.7438195,0.002308368682861328
254684,normal,408,0,1782361582.745519,0.0016994476318359375
254685,normal,2052,0,1782361582.7478037,0.0022847652435302734
254686,normal,1939,0,1782361582.7497232,0.0019195079803466797
254687,normal,244,0,1782361582.7519596,0.0022363662719726562
254688,normal,3433,0,1782361582.7538054,0.0018458366394042969
254689,normal,3637,0,1782361582.755766,0.0019605159759521484
254690,normal,189,0,1782361582.757875,0.002109050750732422
254691,normal,2903,0,1782361582.7595708,0.001695871353149414
254692,normal,1399,0,1782361582.7618911,0.0023202896118164062
254693,normal,2839,0,1782361582.763587,0.001695871353149414
254694,normal,3659,0,1782361582.7658658,0.0022788047790527344
254695,normal,2958,0,1782361582.7675657,0.0016999244689941406
254696,normal,1822,0,1782361582.769739,0.002173185348510742
254697,normal,3115,1,1782361582.7715652,0.0018262863159179688
254698,normal,469,0,1782361582.7737322,0.0021669864654541016
254699,normal,1174,0,1782361582.77655,0.002817869186401367
254700,normal,809,2,1782361582.777751,0.0012009143829345703
254701,normal,2580,0,1782361582.7797234,0.0019724369049072266
254702,normal,1940,0,1782361582.7820017,0.0022783279418945312
254703,normal,987,2,1782361582.7840078,0.002006053924560547
254704,normal,1545,0,1782361582.785887,0.0018792152404785156
254705,normal,3135,1,1782361582.7879188,0.0020318031311035156
254706,normal,538,0,1782361582.7898045,0.0018856525421142578
254707,normal,3099,1,1782361582.7918174,0.002012968063354492
254708,normal,2248,0,1782361582.794093,0.0022754669189453125
254709,normal,389,0,1782361582.7961252,0.0020322799682617188
254710,normal,3495,0,1782361582.7976308,0.0015056133270263672
254711,normal,3030,0,1782361582.799725,0.002094268798828125
254712,normal,3066,1,1782361582.801556,0.0018310546875
254713,normal,1483,0,1782361582.8037302,0.0021741390228271484
254714,normal,3633,0,1782361582.805726,0.0019958019256591797
254715,normal,1921,0,1782361582.8081036,0.0023775100708007812
254716,normal,1493,0,1782361582.8095853,0.001481771469116211
254717,normal,1071,0,1782361582.8117125,0.0021271705627441406
254718,normal,1978,0,1782361582.8135555,0.0018429756164550781
254719,normal,3050,1,1782361582.815716,0.0021605491638183594
254720,normal,2570,0,1782361582.8175654,0.0018494129180908203
254721,normal,3439,0,1782361582.8211086,0.0035431385040283203
254722,normal,3131,1,1782361582.8225257,0.0014171600341796875
254723,normal,1984,0,1782361582.824576,0.002050161361694336
254724,normal,2724,0,1782361582.8261938,0.0016179084777832031
254725,normal,3043,0,1782361582.8276997,0.0015058517456054688
254726,normal,27,0,1782361582.8297958,0.0020961761474609375
254727,normal,2779,0,1782361582.8315904,0.001794576644897461
254728,normal,2437,0,1782361582.833742,0.0021514892578125
254729,normal,193,0,1782361582.8357384,0.0019965171813964844
254730,normal,2962,0,1782361582.8378081,0.002069711685180664
254731,normal,17,0,1782361582.840141,0.002332925796508789
254732,normal,1996,0,1782361582.8417456,0.0016045570373535156
254733,normal,1282,0,1782361582.8438206,0.0020749568939208984
254734,normal,1440,0,1782361582.8461804,0.0023598670959472656
254735,normal,1494,0,1782361582.847622,0.0014414787292480469
254736,normal,1212,0,1782361582.8496175,0.001995563507080078
254737,normal,3106,1,1782361582.8517897,0.002172231674194336
254738,normal,2043,0,1782361582.853599,0.0018093585968017578
254739,normal,1146,0,1782361582.8558168,0.0022177696228027344
254740,normal,1164,0,1782361582.857628,0.0018112659454345703
254741,normal,2757,0,1782361582.8597233,0.0020952224731445312
254742,normal,3200,1,1782361582.8615844,0.0018610954284667969
254743,normal,1312,0,1782361582.8640995,0.002515077590942383
254744,normal,2242,0,1782361582.8661113,0.0020117759704589844
254745,normal,1382,0,1782361582.8695595,0.0034482479095458984
254746,normal,1156,0,1782361582.870779,0.0012195110321044922
254747,normal,1100,0,1782361582.8716278,0.0008487701416015625
254748,normal,3335,1,1782361582.8735778,0.0019500255584716797
254749,normal,2474,0,1782361582.8757515,0.0021736621856689453
254750,normal,699,0,1782361582.8779047,0.002153158187866211
254751,normal,1902,0,1782361582.8797493,0.001844644546508789
254752,normal,1930,0,1782361582.8818104,0.002061128616333008
254753,normal,2450,0,1782361582.883746,0.0019354820251464844
254754,normal,2024,0,1782361582.8858895,0.0021436214447021484
254755,normal,1371,1,1782361582.8876421,0.001752614974975586
254756,normal,101,0,1782361582.8896103,0.0019681453704833984
254757,normal,1262,0,1782361582.8928058,0.003195524215698242
254758,normal,2869,0,1782361582.894871,0.0020651817321777344
254759,normal,870,2,1782361582.896208,0.0013370513916015625
254760,normal,798,2,1782361582.8975797,0.001371622085571289
254761,normal,3624,0,1782361582.8997326,0.0021529197692871094
254762,normal,2508,0,1782361582.9017282,0.001995563507080078
254763,normal,2003,0,1782361582.9035752,0.0018470287322998047
254764,normal,578,0,1782361582.9056299,0.0020546913146972656
254765,normal,524,0,1782361582.907731,0.0021011829376220703
254766,normal,2601,0,1782361582.9095442,0.0018131732940673828
254767,normal,1496,0,1782361582.9116154,0.0020711421966552734
254768,normal,1590,0,1782361582.9138331,0.0022177696228027344
254769,normal,2414,0,1782361582.915776,0.0019428730010986328
254770,normal,648,0,1782361582.9177837,0.002007722854614258
254771,normal,1852,0,1782361582.919741,0.0019571781158447266
254772,normal,1745,0,1782361582.9216397,0.0018987655639648438
254773,normal,1005,2,1782361582.923819,0.002179384231567383
254774,normal,1706,0,1782361582.925744,0.0019249916076660156
254775,normal,2858,0,1782361582.9277227,0.001978635787963867
254776,normal,1485,0,1782361582.929682,0.0019593238830566406
254777,normal,23,0,1782361582.9317458,0.002063751220703125
254778,normal,3551,0,1782361582.9335654,0.001819610595703125
254779,normal,287,0,1782361582.9355857,0.0020203590393066406
254780,normal,3114,1,1782361582.9378157,0.002229928970336914
254781,normal,2153,0,1782361582.939568,0.0017523765563964844
254782,normal,1361,1,1782361582.9416249,0.0020568370819091797
254783,normal,773,2,1782361582.9438682,0.0022432804107666016
254784,normal,2720,0,1782361582.9456537,0.0017855167388916016
254785,normal,1991,0,1782361582.9477077,0.002053976058959961
254786,normal,1294,0,1782361582.9498644,0.0021567344665527344
254787,normal,3376,1,1782361582.9518921,0.002027750015258789
254788,normal,3267,1,1782361582.9536145,0.0017223358154296875
254789,normal,3406,0,1782361582.955752,0.002137422561645508
254790,normal,3385,1,1782361582.9575813,0.001829385757446289
254791,normal,922,2,1782361582.9597518,0.002170562744140625
254792,normal,2147,0,1782361582.9617548,0.0020029544830322266
254793,normal,919,2,1782361582.9636104,0.001855611801147461
254794,normal,3164,1,1782361582.9658375,0.0022270679473876953
254795,normal,2235,0,1782361582.967743,0.0019054412841796875
254796,normal,2180,0,1782361582.969848,0.0021049976348876953
254797,normal,3358,1,1782361582.9717832,0.0019352436065673828
254798,normal,1662,0,1782361582.973916,0.002132892608642578
254799,normal,2331,0,1782361582.975727,0.0018110275268554688
254800,normal,1322,1,1782361582.9776976,0.001970529556274414
254801,normal,2271,0,1782361582.9798796,0.0021820068359375
254802,normal,2592,0,1782361582.9816241,0.0017445087432861328
254803,normal,3062,1,1782361582.9838345,0.002210378646850586
254804,normal,1817,0,1782361582.9857368,0.0019023418426513672
254805,normal,2233,0,1782361582.9875634,0.0018265247344970703
254806,normal,1692,0,1782361582.9898133,0.0022499561309814453
254807,normal,3015,0,1782361582.9918692,0.0020558834075927734
254808,normal,435,0,1782361582.9939144,0.002045154571533203
254809,normal,3095,1,1782361582.9958053,0.0018908977508544922
254810,normal,776,2,1782361582.9979901,0.0021848678588867188
254811,normal,168,0,1782361582.9998457,0.001855611801147461
254812,normal,3329,1,1782361583.0019946,0.002148866653442383
254813,normal,3513,0,1782361583.0038745,0.0018799304962158203
254814,normal,710,0,1782361583.0059667,0.002092123031616211
254815,normal,1313,0,1782361583.007834,0.0018672943115234375
254816,normal,932,2,1782361583.0100496,0.0022156238555908203
254817,normal,2319,0,1782361583.0118337,0.0017840862274169922
254818,normal,3236,1,1782361583.0140243,0.0021905899047851562
254819,normal,1506,0,1782361583.015602,0.0015778541564941406
254820,normal,2545,0,1782361583.0177293,0.0021271705627441406
254821,normal,355,0,1782361583.0195632,0.0018339157104492188
254822,normal,1711,0,1782361583.0219152,0.002351999282836914
254823,normal,401,0,1782361583.023556,0.0016407966613769531
254824,normal,1043,0,1782361583.0259094,0.0023534297943115234
254825,normal,139,0,1782361583.0275567,0.0016472339630126953
254826,normal,1380,1,1782361583.0297146,0.002157926559448242
254827,normal,3272,1,1782361583.0315669,0.001852273941040039
254828,normal,2453,0,1782361583.0343335,0.0027666091918945312
254829,normal,3616,0,1782361583.0359664,0.0016329288482666016
254830,normal,1463,0,1782361583.0381,0.002133607864379883
254831,normal,2662,0,1782361583.0400903,0.0019903182983398438
254832,normal,2623,0,1782361583.0416982,0.0016078948974609375
254833,normal,824,2,1782361583.0435343,0.0018360614776611328
254834,normal,37,0,1782361583.0457916,0.0022573471069335938
254835,normal,3517,0,1782361583.0476484,0.0018568038940429688
254836,normal,2006,0,1782361583.0498476,0.0021991729736328125
254837,normal,2785,0,1782361583.051523,0.0016753673553466797
254838,normal,316,0,1782361583.053888,0.0023651123046875
254839,normal,1142,0,1782361583.0555718,0.0016837120056152344
254840,normal,737,0,1782361583.0578122,0.002240419387817383
254841,normal,1787,0,1782361583.059615,0.001802682876586914
254842,normal,1619,0,1782361583.061791,0.002176046371459961
254843,normal,2979,0,1782361583.0639105,0.0021195411682128906
254844,normal,1329,1,1782361583.065957,0.0020465850830078125
254845,normal,780,2,1782361583.0675905,0.0016334056854248047
254846,normal,3377,1,1782361583.0698555,0.0022649765014648438
254847,normal,1367,1,1782361583.0717485,0.0018930435180664062
254848,normal,1030,0,1782361583.0736327,0.0018842220306396484
254849,normal,490,0,1782361583.0757742,0.0021414756774902344
254850,normal,2715,0,1782361583.0775917,0.001817464828491211
254851,normal,2878,0,1782361583.0799403,0.002348661422729492
254852,normal,1734,0,1782361583.0816553,0.001714944839477539
254853,normal,3318,1,1782361583.083683,0.002027750015258789
254854,normal,2880,0,1782361583.0858521,0.0021691322326660156
254855,normal,984,2,1782361583.0882418,0.002389669418334961
254856,normal,3658,0,1782361583.0899413,0.0016994476318359375
254857,normal,3322,1,1782361583.091628,0.0016868114471435547
254858,normal,1885,0,1782361583.0937448,0.002116680145263672
254859,normal,1213,0,1782361583.0956924,0.001947641372680664
254860,normal,2040,0,1782361583.0976079,0.0019154548645019531
254861,normal,1827,0,1782361583.0995884,0.0019805431365966797
254862,normal,1448,0,1782361583.1016002,0.0020117759704589844
254863,normal,808,2,1782361583.1038337,0.0022335052490234375
254864,normal,891,2,1782361583.1055481,0.001714468002319336
254865,normal,2091,0,1782361583.1077437,0.002195596694946289
254866,normal,3596,0,1782361583.109551,0.0018072128295898438
254867,normal,2762,0,1782361583.1117513,0.0022003650665283203
254868,normal,2464,0,1782361583.1135924,0.0018410682678222656
254869,normal,2668,0,1782361583.115716,0.002123594284057617
254870,normal,3345,1,1782361583.1176994,0.0019834041595458984
254871,normal,9,0,1782361583.1195762,0.0018768310546875
254872,normal,1379,1,1782361583.1217153,0.0021390914916992188
254873,normal,2261,0,1782361583.123697,0.0019817352294921875
254874,normal,2060,0,1782361583.1256065,0.001909494400024414
254875,normal,2440,0,1782361583.127735,0.0021283626556396484
254876,normal,3172,1,1782361583.1296413,0.0019063949584960938
254877,normal,954,2,1782361583.1316142,0.0019729137420654297
254878,normal,2910,0,1782361583.1336446,0.0020303726196289062
254879,normal,3344,1,1782361583.1358047,0.0021600723266601562
254880,normal,844,2,1782361583.1375897,0.0017850399017333984
254881,normal,335,0,1782361583.1396255,0.002035856246948242
254882,normal,1180,0,1782361583.1418486,0.0022230148315429688
254883,normal,1083,0,1782361583.143695,0.0018465518951416016
254884,normal,2988,0,1782361583.1456223,0.0019271373748779297
254885,normal,3549,0,1782361583.147614,0.001991748809814453
254886,normal,169,0,1782361583.149839,0.0022249221801757812
254887,normal,1861,0,1782361583.151536,0.0016970634460449219
254888,normal,1610,0,1782361583.1538703,0.0023343563079833984
254889,normal,1177,0,1782361583.1555293,0.0016589164733886719
254890,normal,3572,0,1782361583.1575978,0.0020685195922851562
254891,normal,516,0,1782361583.1597805,0.0021827220916748047
254892,normal,2262,0,1782361583.1615767,0.0017962455749511719
254893,normal,3678,0,1782361583.1636417,0.002064943313598633
254894,normal,2222,0,1782361583.165645,0.002003192901611328
254895,normal,2084,0,1782361583.167636,0.0019910335540771484
254896,normal,962,2,1782361583.1698914,0.0022554397583007812
254897,normal,1929,0,1782361583.171618,0.0017266273498535156
254898,normal,1642,0,1782361583.1739323,0.002314329147338867
254899,normal,3165,1,1782361583.1757102,0.0017778873443603516
254900,normal,2627,0,1782361583.1776557,0.00194549560546875
254901,normal,736,0,1782361583.1795437,0.0018880367279052734
254902,normal,762,0,1782361583.1816077,0.0020639896392822266
254903,normal,605,0,1782361583.1838593,0.0022516250610351562
254904,normal,2854,0,1782361583.185523,0.0016636848449707031
254905,normal,1759,0,1782361583.1878667,0.0023436546325683594
254906,normal,797,2,1782361583.1895528,0.00168609619140625
254907,normal,2385,0,1782361583.1916142,0.0020613670349121094
254908,normal,647,0,1782361583.193868,0.0022537708282470703
254909,normal,361,0,1782361583.1957748,0.0019068717956542969
254910,normal,2849,0,1782361583.1976836,0.0019087791442871094
254911,normal,2394,0,1782361583.1997259,0.0020422935485839844
254912,normal,2111,0,1782361583.201745,0.002019166946411133
254913,normal,3676,0,1782361583.2038012,0.002056121826171875
254914,normal,1574,0,1782361583.2058477,0.0020465850830078125
254915,normal,697,0,1782361583.2075918,0.0017440319061279297
254916,normal,1383,0,1782361583.2096055,0.002013683319091797
254917,normal,1055,0,1782361583.2116914,0.0020859241485595703
254918,normal,3465,0,1782361583.2137375,0.0020461082458496094
254919,normal,1837,0,1782361583.215518,0.0017805099487304688
254920,normal,3537,0,1782361583.2176492,0.002131223678588867
254921,normal,3280,1,1782361583.2195432,0.0018939971923828125
254922,normal,2169,0,1782361583.2215292,0.0019860267639160156
254923,normal,2193,0,1782361583.2235975,0.0020682811737060547
254924,normal,3317,1,1782361583.2257116,0.0021140575408935547
254925,normal,259,0,1782361583.2275102,0.0017986297607421875
254926,normal,2211,0,1782361583.2299495,0.002439260482788086
254927,normal,1376,1,1782361583.231798,0.001848459243774414
254928,normal,301,0,1782361583.2335746,0.0017766952514648438
254929,normal,885,2,1782361583.2355425,0.001967906951904297
254930,normal,1233,0,1782361583.2380311,0.0024886131286621094
254931,normal,3085,1,1782361583.2398937,0.0018625259399414062
254932,normal,1874,0,1782361583.2416036,0.0017099380493164062
254933,normal,1845,0,1782361583.2435532,0.0019495487213134766
254934,normal,1586,0,1782361583.2457976,0.0022444725036621094
254935,normal,2750,0,1782361583.247542,0.0017442703247070312
254936,normal,2121,0,1782361583.249577,0.0020351409912109375
254937,normal,56,0,1782361583.251705,0.0021278858184814453
254938,normal,1951,0,1782361583.2537947,0.0020897388458251953
254939,normal,2643,0,1782361583.2556324,0.0018377304077148438
254940,normal,2619,0,1782361583.257597,0.001964569091796875
254941,normal,657,0,1782361583.2596002,0.002003192901611328
254942,normal,2089,0,1782361583.2616105,0.002010345458984375
254943,normal,69,0,1782361583.2638304,0.0022199153900146484
254944,normal,1268,0,1782361583.2655656,0.0017352104187011719
254945,normal,96,0,1782361583.2680655,0.002499818801879883
254946,normal,1481,0,1782361583.2702143,0.002148866653442383
254947,normal,2909,0,1782361583.2720916,0.0018773078918457031
254948,normal,1502,0,1782361583.273555,0.0014634132385253906
254949,normal,289,0,1782361583.2755914,0.0020363330841064453
254950,normal,2999,0,1782361583.2781217,0.002530336380004883
254951,normal,3336,1,1782361583.280365,0.0022432804107666016
254952,normal,632,0,1782361583.2815864,0.0012214183807373047
254953,normal,1346,1,1782361583.2836106,0.0020241737365722656
254954,normal,3654,0,1782361583.2856855,0.0020749568939208984
254955,normal,2386,0,1782361583.2880394,0.0023539066314697266
254956,normal,2665,0,1782361583.28979,0.0017504692077636719
254957,normal,3002,0,1782361583.2919056,0.0021157264709472656
254958,normal,3526,0,1782361583.2939794,0.0020737648010253906
254959,normal,2291,0,1782361583.2958603,0.0018808841705322266
254960,normal,3086,1,1782361583.297648,0.0017876625061035156
254961,normal,907,2,1782361583.2995687,0.0019207000732421875
254962,normal,103,0,1782361583.3017914,0.002222776412963867
254963,normal,3605,0,1782361583.3040116,0.00222015380859375
254964,normal,3477,0,1782361583.305589,0.0015773773193359375
254965,normal,2277,0,1782361583.3075604,0.0019714832305908203
254966,normal,3248,1,1782361583.3095484,0.001987934112548828
254967,normal,2275,0,1782361583.3115685,0.002020120620727539
254968,normal,1915,0,1782361583.3138146,0.0022461414337158203
254969,normal,1795,0,1782361583.3155935,0.0017788410186767578
254970,normal,3670,0,1782361583.3178768,0.002283334732055664
254971,normal,375,0,1782361583.3196056,0.0017287731170654297
254972,normal,2795,0,1782361583.3218842,0.002278566360473633
254973,normal,1310,0,1782361583.3235843,0.0017001628875732422
254974,normal,1752,0,1782361583.3258965,0.002312183380126953
254975,normal,1630,0,1782361583.327643,0.0017464160919189453
254976,normal,2843,0,1782361583.3299243,0.0022814273834228516
254977,normal,523,0,1782361583.3316057,0.0016813278198242188
254978,normal,2412,0,1782361583.3338194,0.002213716506958008
254979,normal,133,0,1782361583.3355877,0.001768350601196289
254980,normal,377,0,1782361583.3377392,0.0021514892578125
254981,normal,3144,1,1782361583.339723,0.0019838809967041016
254982,normal,3223,1,1782361583.341611,0.0018877983093261719
254983,normal,2596,0,1782361583.343589,0.001978158950805664
254984,normal,32,0,1782361583.345626,0.00203704833984375
254985,normal,2030,0,1782361583.3476274,0.0020012855529785156
254986,normal,3071,1,1782361583.3499043,0.002276897430419922
254987,normal,188,0,1782361583.3516498,0.001745462417602539
254988,normal,2778,0,1782361583.3536487,0.0019989013671875
254989,normal,290,0,1782361583.3556287,0.0019800662994384766
254990,normal,1567,0,1782361583.357792,0.0021631717681884766
254991,normal,2053,0,1782361583.3596067,0.0018148422241210938
254992,normal,372,0,1782361583.361936,0.0023293495178222656
254993,normal,1189,0,1782361583.363631,0.0016949176788330078
254994,normal,2364,0,1782361583.3659854,0.0023543834686279297
254995,normal,1522,0,1782361583.3677115,0.0017261505126953125
254996,normal,2811,0,1782361583.3699646,0.0022530555725097656
254997,normal,495,0,1782361583.3717232,0.001758575439453125
254998,normal,1667,0,1782361583.3738048,0.002081632614135742
254999,normal,2737,0,1782361583.3759334,0.00212860107421875
255000,normal,816,2,1782361583.3777056,0.001772165298461914
255001,normal,863,2,1782361583.379859,0.0021533966064453125
255002,normal,2439,0,1782361583.3819933,0.0021343231201171875
255003,normal,812,2,1782361583.383704,0.001710653305053711
255004,normal,889,2,1782361583.3856874,0.0019834041595458984
255005,normal,557,0,1782361583.3875942,0.0019068717956542969
255006,normal,3061,1,1782361583.389561,0.001966714859008789
255007,normal,1089,0,1782361583.3920164,0.002455472946166992
255008,normal,1117,0,1782361583.3936808,0.0016644001007080078
255009,normal,3501,0,1782361583.3956435,0.0019626617431640625
255010,normal,1801,0,1782361583.3977196,0.0020761489868164062
255011,normal,2281,0,1782361583.3999293,0.0022096633911132812
255012,normal,3184,1,1782361583.4019732,0.0020439624786376953
255013,normal,1037,0,1782361583.4036756,0.0017023086547851562
255014,normal,3033,0,1782361583.4061258,0.002450227737426758
255015,normal,681,0,1782361583.407893,0.0017671585083007812
255016,normal,1157,0,1782361583.4100657,0.002172708511352539
255017,normal,2948,0,1782361583.411742,0.001676321029663086
255018,normal,1847,0,1782361583.4137356,0.0019936561584472656
255019,normal,1015,2,1782361583.4159083,0.002172708511352539
255020,normal,3189,1,1782361583.4177055,0.0017971992492675781
255021,normal,2921,0,1782361583.419726,0.0020203590393066406
255022,normal,466,0,1782361583.4220395,0.0023136138916015625
255023,normal,1901,0,1782361583.4238055,0.0017659664154052734
255024,normal,3084,1,1782361583.4256022,0.001796722412109375
255025,normal,3404,0,1782361583.4277809,0.002178668975830078
255026,normal,291,0,1782361583.4297817,0.0020008087158203125
255027,normal,3362,1,1782361583.431612,0.0018303394317626953
255028,normal,3052,1,1782361583.4338324,0.0022203922271728516
255029,normal,1608,0,1782361583.436268,0.0024356842041015625
255030,normal,1628,0,1782361583.4378862,0.0016181468963623047
255031,normal,2018,0,1782361583.4397345,0.0018482208251953125
255032,normal,1819,0,1782361583.4417918,0.002057313919067383
255033,normal,491,0,1782361583.4436526,0.0018608570098876953
255034,normal,3163,1,1782361583.4462488,0.002596139907836914
255035,normal,3642,0,1782361583.4475737,0.0013248920440673828
255036,normal,738,0,1782361583.4499996,0.0024259090423583984
255037,normal,3444,0,1782361583.4524944,0.00249481201171875
255038,normal,1651,0,1782361583.4539,0.0014057159423828125
255039,normal,1688,0,1782361583.4558268,0.0019266605377197266
255040,normal,3529,0,1782361583.4577675,0.0019407272338867188
255041,normal,831,2,1782361583.4597585,0.0019910335540771484
255042,normal,2990,0,1782361583.4617095,0.001950979232788086
255043,normal,781,2,1782361583.4635928,0.0018832683563232422
255044,normal,3196,1,1782361583.4657185,0.0021257400512695312
255045,normal,492,0,1782361583.4678466,0.002128124237060547
255046,normal,2025,0,1782361583.4697142,0.001867532730102539
255047,normal,979,2,1782361583.4718971,0.0021829605102539062
255048,normal,534,0,1782361583.473589,0.0016918182373046875
255049,normal,1791,0,1782361583.4758437,0.0022547245025634766
255050,normal,2009,0,1782361583.4777758,0.0019321441650390625
255051,normal,3547,0,1782361583.479624,0.0018482208251953125
255052,normal,2092,0,1782361583.4822853,0.0026612281799316406
255053,normal,1126,0,1782361583.4839149,0.0016295909881591797
255054,normal,3582,0,1782361583.486089,0.0021741390228271484
255055,normal,190,0,1782361583.487828,0.0017390251159667969
255056,normal,564,0,1782361583.4901614,0.002333402633666992
255057,normal,442,0,1782361583.4916835,0.001522064208984375
255058,normal,594,0,1782361583.494127,0.002443552017211914
255059,normal,3072,1,1782361583.4963064,0.002179384231567383
255060,normal,410,0,1782361583.4977107,0.0014042854309082031
255061,normal,1613,0,1782361583.5002322,0.002521514892578125
255062,normal,478,0,1782361583.5019543,0.001722097396850586
255063,normal,420,0,1782361583.503755,0.0018007755279541016
255064,normal,839,2,1782361583.505752,0.0019969940185546875
255065,normal,2317,0,1782361583.5079157,0.0021636486053466797
255066,normal,3554,0,1782361583.5101042,0.002188444137573242
255067,normal,918,2,1782361583.5117116,0.0016074180603027344
255068,normal,1721,0,1782361583.5139108,0.0021991729736328125
255069,normal,2793,0,1782361583.5156195,0.0017087459564208984
255070,normal,1587,0,1782361583.517925,0.0023055076599121094
255071,normal,1636,0,1782361583.519871,0.0019459724426269531
255072,normal,490,0,1782361620.2763233,0.0
255073,normal,1637,0,1782361620.2783282,0.002004861831665039
255074,normal,2870,0,1782361620.2802372,0.001909017562866211
255075,normal,269,0,1782361620.2822707,0.0020334720611572266
255076,normal,2837,0,1782361620.2842379,0.001967191696166992
255077,normal,1492,0,1782361620.2862668,0.002028942108154297
255078,normal,561,0,1782361620.288325,0.002058267593383789
255079,normal,2687,0,1782361620.290373,0.002048015594482422
255080,normal,3457,0,1782361620.2922413,0.0018682479858398438
255081,normal,3164,1,1782361620.2943356,0.002094268798828125
255082,normal,1749,0,1782361620.2962613,0.0019257068634033203
255083,normal,3461,0,1782361620.2982905,0.0020291805267333984
255084,normal,2579,0,1782361620.300273,0.001982450485229492
255085,normal,283,0,1782361620.3023071,0.0020341873168945312
255086,normal,3602,0,1782361620.304406,0.0020987987518310547
255087,normal,1798,0,1782361620.3062606,0.0018546581268310547
255088,normal,657,0,1782361620.3083441,0.0020835399627685547
255089,normal,1828,0,1782361620.3102105,0.0018663406372070312
255090,normal,2252,0,1782361620.3122635,0.0020530223846435547
255091,normal,142,0,1782361620.3142514,0.001987934112548828
255092,normal,714,0,1782361620.3163033,0.002051830291748047
255093,normal,1759,0,1782361620.3182862,0.0019829273223876953
255094,normal,2735,0,1782361620.3204186,0.002132415771484375
255095,normal,1655,0,1782361620.322273,0.0018544197082519531
255096,normal,3182,1,1782361620.3243878,0.0021147727966308594
255097,normal,3204,1,1782361620.3263996,0.0020117759704589844
255098,normal,2929,0,1782361620.328394,0.0019943714141845703
255099,normal,2670,0,1782361620.330302,0.0019080638885498047
255100,normal,2403,0,1782361620.332434,0.002131938934326172
255101,normal,3154,1,1782361620.3342643,0.0018303394317626953
255102,normal,3243,1,1782361620.3363578,0.0020935535430908203
255103,normal,1821,0,1782361620.3383555,0.001997709274291992
255104,normal,2793,0,1782361620.3402646,0.001909017562866211
255105,normal,2869,0,1782361620.3424435,0.0021789073944091797
255106,normal,3436,0,1782361620.3442328,0.0017893314361572266
255107,normal,3213,1,1782361620.3463473,0.002114534378051758
255108,normal,36,0,1782361620.348259,0.0019116401672363281
255109,normal,298,0,1782361620.3502386,0.0019795894622802734
255110,normal,3334,1,1782361620.3522465,0.0020079612731933594
255111,normal,423,0,1782361620.354306,0.002059459686279297
255112,normal,1990,0,1782361620.3562567,0.0019507408142089844
255113,normal,1067,0,1782361620.3582792,0.0020225048065185547
255114,normal,1648,0,1782361620.3602252,0.0019459724426269531
255115,normal,594,0,1782361620.3622696,0.0020444393157958984
255116,normal,2548,0,1782361620.3642387,0.0019690990447998047
255117,normal,3280,1,1782361620.3662565,0.0020177364349365234
255118,normal,2749,0,1782361620.3682714,0.0020148754119873047
255119,normal,3529,0,1782361620.3703701,0.0020987987518310547
255120,normal,2675,0,1782361620.372192,0.001821756362915039
255121,normal,686,0,1782361620.374283,0.0020911693572998047
255122,normal,3179,1,1782361620.376246,0.001962900161743164
255123,normal,2118,0,1782361620.3782067,0.00196075439453125
255124,normal,1087,0,1782361620.3802722,0.002065420150756836
255125,normal,1028,2,1782361620.3824317,0.002159595489501953
255126,normal,1705,0,1782361620.3842764,0.001844644546508789
255127,normal,1876,0,1782361620.3864462,0.0021698474884033203
255128,normal,1737,0,1782361620.388254,0.0018076896667480469
255129,normal,208,0,1782361620.3902254,0.0019714832305908203
255130,normal,1974,0,1782361620.3923697,0.002144336700439453
255131,normal,3332,1,1782361620.3942456,0.0018758773803710938
255132,normal,799,2,1782361620.3962178,0.001972198486328125
255133,normal,646,0,1782361620.3983684,0.0021505355834960938
255134,normal,2152,0,1782361620.4002485,0.0018801689147949219
255135,normal,305,0,1782361620.402258,0.0020093917846679688
255136,normal,746,0,1782361620.4042919,0.0020339488983154297
255137,normal,2140,0,1782361620.4062448,0.0019528865814208984
255138,normal,2067,0,1782361620.4082599,0.0020151138305664062
255139,normal,3391,1,1782361620.4102857,0.0020258426666259766
255140,normal,194,0,1782361620.4122443,0.001958608627319336
255141,normal,1018,2,1782361620.4142578,0.0020134449005126953
255142,normal,388,0,1782361620.4162703,0.002012491226196289
255143,normal,2133,0,1782361620.4182448,0.0019745826721191406
255144,normal,2431,0,1782361620.420261,0.0020160675048828125
255145,normal,1905,0,1782361620.4222867,0.0020258426666259766
255146,normal,1092,0,1782361620.4242518,0.001965045928955078
255147,normal,493,0,1782361620.4262602,0.0020084381103515625
255148,normal,27,0,1782361620.4282856,0.0020253658294677734
255149,normal,1965,0,1782361620.4302428,0.0019571781158447266
255150,normal,2427,0,1782361620.432266,0.0020232200622558594
255151,normal,1073,0,1782361620.4342878,0.00202178955078125
255152,normal,114,0,1782361620.4362433,0.0019555091857910156
255153,normal,313,0,1782361620.4382648,0.0020215511322021484
255154,normal,804,2,1782361620.4402885,0.0020236968994140625
255155,normal,616,0,1782361620.442243,0.0019545555114746094
255156,normal,3493,0,1782361620.4442601,0.0020170211791992188
255157,normal,350,0,1782361620.4462857,0.002025604248046875
255158,normal,662,0,1782361620.4482558,0.001970052719116211
255159,normal,3255,1,1782361620.4502168,0.0019609928131103516
255160,normal,224,0,1782361620.4522753,0.0020585060119628906
255161,normal,3191,1,1782361620.4542701,0.0019948482513427734
255162,normal,3564,0,1782361620.456603,0.002332925796508789
255163,normal,863,2,1782361620.45837,0.0017669200897216797
255164,normal,791,2,1782361620.4602723,0.0019023418426513672
255165,normal,1785,0,1782361620.4624007,0.0021283626556396484
255166,normal,2996,0,1782361620.4644284,0.002027750015258789
255167,normal,2066,0,1782361620.4662743,0.0018458366394042969
255168,normal,79,0,1782361620.468405,0.002130746841430664
255169,normal,3583,0,1782361620.4702563,0.0018513202667236328
255170,normal,560,0,1782361620.4722729,0.0020165443420410156
255171,normal,1309,0,1782361620.4744012,0.0021283626556396484
255172,normal,949,2,1782361620.47643,0.0020287036895751953
255173,normal,496,0,1782361620.4785185,0.0020885467529296875
255174,normal,1614,0,1782361620.4804106,0.00189208984375
255175,normal,2858,0,1782361620.482533,0.0021224021911621094
255176,normal,205,0,1782361620.484294,0.0017609596252441406
255177,normal,3540,0,1782361620.4865746,0.002280712127685547
255178,normal,426,0,1782361620.4882746,0.0016999244689941406
255179,normal,3373,1,1782361620.4902773,0.002002716064453125
255180,normal,1484,0,1782361620.4924867,0.0022094249725341797
255181,normal,386,0,1782361620.49443,0.001943349838256836
255182,normal,1532,0,1782361620.4962254,0.0017952919006347656
255183,normal,977,2,1782361620.4984858,0.002260446548461914
255184,normal,1150,0,1782361620.5004296,0.001943826675415039
255185,normal,649,0,1782361620.5022268,0.0017971992492675781
255186,normal,2625,0,1782361620.504486,0.0022592544555664062
255187,normal,1305,0,1782361620.5064528,0.001966714859008789
255188,normal,2954,0,1782361620.5082414,0.0017886161804199219
255189,normal,685,0,1782361620.5104814,0.0022399425506591797
255190,normal,351,0,1782361620.5124228,0.0019414424896240234
255191,normal,2969,0,1782361620.5142536,0.0018308162689208984
255192,normal,3428,0,1782361620.516479,0.0022253990173339844
255193,normal,1362,1,1782361620.5183845,0.0019054412841796875
255194,normal,3308,1,1782361620.5202372,0.0018527507781982422
255195,normal,2090,0,1782361620.5224657,0.0022284984588623047
255196,normal,1288,0,1782361620.524404,0.0019383430480957031
255197,normal,185,0,1782361620.5262713,0.0018672943115234375
255198,normal,3340,1,1782361620.528431,0.002159595489501953
255199,normal,2308,0,1782361620.5304084,0.0019774436950683594
255200,normal,973,2,1782361620.532228,0.001819610595703125
255201,normal,2994,0,1782361620.5344691,0.0022411346435546875
255202,normal,2791,0,1782361620.5363975,0.0019283294677734375
255203,normal,2806,0,1782361620.538225,0.0018274784088134766
255204,normal,3007,0,1782361620.540309,0.002084016799926758
255205,normal,864,2,1782361620.5424693,0.002160310745239258
255206,normal,1402,0,1782361620.54423,0.001760721206665039
255207,normal,1339,1,1782361620.5464706,0.0022406578063964844
255208,normal,872,2,1782361620.548466,0.0019953250885009766
255209,normal,2635,0,1782361620.5502372,0.0017712116241455078
255210,normal,1208,0,1782361620.5524528,0.0022156238555908203
255211,normal,3321,1,1782361620.5544333,0.0019805431365966797
255212,normal,3600,0,1782361620.556286,0.0018527507781982422
255213,normal,376,0,1782361620.5585196,0.0022335052490234375
255214,normal,406,0,1782361620.5603268,0.0018072128295898438
255215,normal,2476,0,1782361620.5622275,0.0019006729125976562
255216,normal,1692,0,1782361620.5644941,0.0022666454315185547
255217,normal,1594,0,1782361620.5663102,0.0018160343170166016
255218,normal,801,2,1782361620.5683875,0.002077341079711914
255219,normal,1389,0,1782361620.5702758,0.001888275146484375
255220,normal,1874,0,1782361620.5724306,0.002154827117919922
255221,normal,3679,0,1782361620.5742757,0.0018451213836669922
255222,normal,1217,0,1782361620.5764642,0.002188444137573242
255223,normal,3120,1,1782361620.5784318,0.0019676685333251953
255224,normal,2920,0,1782361620.5802712,0.0018393993377685547
255225,normal,700,0,1782361620.582426,0.002154827117919922
255226,normal,158,0,1782361620.584429,0.0020029544830322266
255227,normal,1858,0,1782361620.5862741,0.0018451213836669922
255228,normal,2263,0,1782361620.5884252,0.002151012420654297
255229,normal,1579,0,1782361620.590427,0.0020017623901367188
255230,normal,923,2,1782361620.5922718,0.0018448829650878906
255231,normal,860,2,1782361620.5944757,0.0022039413452148438
255232,normal,2307,0,1782361620.5964396,0.0019638538360595703
255233,normal,3221,1,1782361620.598241,0.0018014907836914062
255234,normal,167,0,1782361620.6004632,0.0022220611572265625
255235,normal,2389,0,1782361620.6024377,0.0019745826721191406
255236,normal,2618,0,1782361620.604309,0.001871347427368164
255237,normal,3262,1,1782361620.6064677,0.002158641815185547
255238,normal,2154,0,1782361620.6084383,0.001970529556274414
255239,normal,1941,0,1782361620.6103096,0.001871347427368164
255240,normal,1145,0,1782361620.612464,0.0021543502807617188
255241,normal,2874,0,1782361620.6144552,0.00199127197265625
255242,normal,1550,0,1782361620.6163101,0.0018548965454101562
255243,normal,678,0,1782361620.6184666,0.002156496047973633
255244,normal,650,0,1782361620.6204383,0.001971721649169922
255245,normal,3449,0,1782361620.6223106,0.0018723011016845703
255246,normal,3205,1,1782361620.6244652,0.0021545886993408203
255247,normal,674,0,1782361620.6264343,0.0019690990447998047
255248,normal,3696,0,1782361620.628309,0.001874685287475586
255249,normal,3011,0,1782361620.630468,0.0021588802337646484
255250,normal,1017,2,1782361620.6324375,0.001969575881958008
255251,normal,769,0,1782361620.6343215,0.0018839836120605469
255252,normal,2716,0,1782361620.636464,0.002142667770385742
255253,normal,1848,0,1782361620.6384358,0.001971721649169922
255254,normal,3592,0,1782361620.6403093,0.0018734931945800781
255255,normal,3113,1,1782361620.6424673,0.002157926559448242
255256,normal,100,0,1782361620.6444368,0.001969575881958008
255257,normal,1105,0,1782361620.6463099,0.001873016357421875
255258,normal,3228,1,1782361620.6484647,0.002154827117919922
255259,normal,2859,0,1782361620.6504369,0.001972198486328125
255260,normal,550,0,1782361620.6523106,0.0018737316131591797
255261,normal,3535,0,1782361620.6544707,0.0021600723266601562
255262,normal,1879,0,1782361620.6564362,0.0019655227661132812
255263,normal,2038,0,1782361620.6582787,0.001842498779296875
255264,normal,2505,0,1782361620.6604247,0.002146005630493164
255265,normal,614,0,1782361620.6624284,0.0020036697387695312
255266,normal,2498,0,1782361620.6642697,0.0018413066864013672
255267,normal,771,0,1782361620.666425,0.002155303955078125
255268,normal,3299,1,1782361620.6684258,0.0020008087158203125
255269,normal,3401,1,1782361620.670271,0.0018451213836669922
255270,normal,3469,0,1782361620.6724336,0.0021626949310302734
255271,normal,3473,0,1782361620.6744246,0.0019910335540771484
255272,normal,2180,0,1782361620.676269,0.0018444061279296875
255273,normal,2771,0,1782361620.6784244,0.002155303955078125
255274,normal,971,2,1782361620.6804307,0.0020062923431396484
255275,normal,479,0,1782361620.68227,0.0018393993377685547
255276,normal,2004,0,1782361620.6844234,0.0021533966064453125
255277,normal,885,2,1782361620.6865542,0.002130746841430664
255278,normal,1983,0,1782361620.6882842,0.0017299652099609375
255279,normal,648,0,1782361620.6905417,0.0022575855255126953
255280,normal,1458,0,1782361620.6924117,0.0018699169158935547
255281,normal,3264,1,1782361620.6944363,0.0020246505737304688
255282,normal,1434,0,1782361620.696405,0.0019686222076416016
255283,normal,1833,0,1782361620.6985395,0.002134561538696289
255284,normal,2762,0,1782361620.7002828,0.001743316650390625
255285,normal,2320,0,1782361620.702412,0.002129077911376953
255286,normal,1961,0,1782361620.7043998,0.001987934112548828
255287,normal,1314,0,1782361620.706349,0.0019490718841552734
255288,normal,1264,0,1782361620.708398,0.0020492076873779297
255289,normal,3,0,1782361620.7102723,0.0018742084503173828
255290,normal,2695,0,1782361620.7124336,0.002161264419555664
255291,normal,451,0,1782361620.7142465,0.0018129348754882812
255292,normal,2462,0,1782361620.7164202,0.0021736621856689453
255293,normal,3587,0,1782361620.7182713,0.0018510818481445312
255294,normal,764,0,1782361620.7203991,0.0021278858184814453
255295,normal,1456,0,1782361620.7224197,0.002020597457885742
255296,normal,3115,1,1782361620.7242713,0.0018515586853027344
255297,normal,3476,0,1782361620.7264292,0.002157926559448242
255298,normal,1213,0,1782361620.7284281,0.0019989013671875
255299,normal,664,0,1782361620.7303052,0.0018770694732666016
255300,normal,228,0,1782361620.732401,0.0020956993103027344
255301,normal,384,0,1782361620.7344584,0.0020575523376464844
255302,normal,929,2,1782361620.7362714,0.0018129348754882812
255303,normal,1059,0,1782361620.738429,0.0021576881408691406
255304,normal,1795,0,1782361620.740434,0.002004861831665039
255305,normal,2205,0,1782361620.7423046,0.0018706321716308594
255306,normal,3660,0,1782361620.7443979,0.0020933151245117188
255307,normal,2955,0,1782361620.7464318,0.0020339488983154297
255308,normal,1263,0,1782361620.7482708,0.0018389225006103516
255309,normal,1885,0,1782361620.750423,0.0021522045135498047
255310,normal,820,2,1782361620.7524247,0.0020017623901367188
255311,normal,1364,1,1782361620.7543025,0.0018777847290039062
255312,normal,222,0,1782361620.7564,0.002097606658935547
255313,normal,2544,0,1782361620.7584722,0.0020720958709716797
255314,normal,1518,0,1782361620.7602725,0.0018002986907958984
255315,normal,2745,0,1782361620.7624176,0.002145051956176758
255316,normal,3627,0,1782361620.7644286,0.0020110607147216797
255317,normal,3595,0,1782361620.766302,0.0018734931945800781
255318,normal,291,0,1782361620.7684085,0.0021064281463623047
255319,normal,412,0,1782361620.7704496,0.0020411014556884766
255320,normal,483,0,1782361620.7722704,0.0018208026885986328
255321,normal,2404,0,1782361620.7744105,0.002140045166015625
255322,normal,750,0,1782361620.7764204,0.002009868621826172
255323,normal,3697,0,1782361620.778296,0.0018756389617919922
255324,normal,1211,0,1782361620.7804124,0.0021164417266845703
255325,normal,3017,0,1782361620.7824254,0.002012968063354492
255326,normal,3173,1,1782361620.7843099,0.00188446044921875
255327,normal,1316,0,1782361620.7864013,0.0020914077758789062
255328,normal,1392,0,1782361620.78844,0.002038717269897461
255329,normal,459,0,1782361620.790279,0.0018389225006103516
255330,normal,1064,0,1782361620.7924008,0.0021219253540039062
255331,normal,775,2,1782361620.7942746,0.0018737316131591797
255332,normal,3520,0,1782361620.796431,0.002156496047973633
255333,normal,2497,0,1782361620.7982447,0.001813650131225586
255334,normal,2563,0,1782361620.8004425,0.002197742462158203
255335,normal,1776,0,1782361620.8022704,0.0018279552459716797
255336,normal,410,0,1782361620.8044198,0.002149343490600586
255337,normal,571,0,1782361620.806422,0.002002239227294922
255338,normal,859,2,1782361620.808313,0.0018908977508544922
255339,normal,2149,0,1782361620.8104012,0.002088308334350586
255340,normal,2841,0,1782361620.812442,0.002040863037109375
255341,normal,239,0,1782361620.8142774,0.0018353462219238281
255342,normal,788,2,1782361620.8164217,0.002144336700439453
255343,normal,1591,0,1782361620.8184204,0.0019986629486083984
255344,normal,1158,0,1782361620.8203044,0.0018839836120605469
255345,normal,3216,1,1782361620.8222463,0.0019419193267822266
255346,normal,1312,0,1782361620.8244405,0.0021941661834716797
255347,normal,369,0,1782361620.8262713,0.0018308162689208984
255348,normal,2396,0,1782361620.8284245,0.002153158187866211
255349,normal,2722,0,1782361620.8304207,0.001996278762817383
255350,normal,2467,0,1782361620.8323047,0.0018839836120605469
255351,normal,51,0,1782361620.8344014,0.0020966529846191406
255352,normal,535,0,1782361620.8364391,0.0020377635955810547
255353,normal,3527,0,1782361620.8382723,0.001833200454711914
255354,normal,2565,0,1782361620.840427,0.0021545886993408203
255355,normal,1313,0,1782361620.8424213,0.0019943714141845703
255356,normal,3639,0,1782361620.8443015,0.0018801689147949219
255357,normal,806,2,1782361620.8464012,0.002099752426147461
255358,normal,345,0,1782361620.8484356,0.002034425735473633
255359,normal,3400,1,1782361620.850271,0.0018353462219238281
255360,normal,2280,0,1782361620.852424,0.0021529197692871094
255361,normal,1070,0,1782361620.8544185,0.001994609832763672
255362,normal,3049,1,1782361620.8563054,0.0018868446350097656
255363,normal,1750,0,1782361620.85841,0.002104520797729492
255364,normal,590,0,1782361620.860439,0.0020291805267333984
255365,normal,177,0,1782361620.8622704,0.0018312931060791016
255366,normal,157,0,1782361620.8644207,0.002150297164916992
255367,normal,362,0,1782361620.8664181,0.0019974708557128906
255368,normal,2805,0,1782361620.8682883,0.0018701553344726562
255369,normal,682,0,1782361620.8704264,0.0021381378173828125
255370,normal,1693,0,1782361620.872442,0.0020155906677246094
255371,normal,2454,0,1782361620.8742733,0.0018312931060791016
255372,normal,3124,1,1782361620.8764265,0.002153158187866211
255373,normal,609,0,1782361620.8784184,0.0019919872283935547
255374,normal,2220,0,1782361620.8803015,0.0018830299377441406
255375,normal,783,2,1782361620.8824027,0.0021011829376220703
255376,normal,2275,0,1782361620.8844383,0.0020356178283691406
255377,normal,3659,0,1782361620.8862717,0.0018334388732910156
255378,normal,3178,1,1782361620.88842,0.0021483898162841797
255379,normal,3012,0,1782361620.890419,0.0019989013671875
255380,normal,2231,0,1782361620.8923028,0.0018837451934814453
255381,normal,2385,0,1782361620.8943996,0.002096891403198242
255382,normal,2515,0,1782361620.896445,0.0020453929901123047
255383,normal,3566,0,1782361620.8982701,0.001825094223022461
255384,normal,3193,1,1782361620.90042,0.002149820327758789
255385,normal,1934,0,1782361620.9024222,0.002002239227294922
255386,normal,1279,0,1782361620.904303,0.0018808841705322266
255387,normal,303,0,1782361620.9064076,0.002104520797729492
255388,normal,3607,0,1782361620.9084377,0.0020301342010498047
255389,normal,1183,0,1782361620.9102702,0.0018324851989746094
255390,normal,3341,1,1782361620.9124186,0.0021483898162841797
255391,normal,1221,0,1782361620.9144216,0.0020029544830322266
255392,normal,3305,1,1782361620.916304,0.0018825531005859375
255393,normal,1115,0,1782361620.9183993,0.0020952224731445312
255394,normal,1153,0,1782361620.9204257,0.0020263195037841797
255395,normal,257,0,1782361620.9223034,0.0018777847290039062
255396,normal,1527,0,1782361620.9244022,0.0020987987518310547
255397,normal,862,2,1782361620.9264402,0.0020380020141601562
255398,normal,342,0,1782361620.9282699,0.0018296241760253906
255399,normal,1539,0,1782361620.930424,0.002154111862182617
255400,normal,2596,0,1782361620.9324195,0.001995563507080078
255401,normal,1225,0,1782361620.934315,0.0018954277038574219
255402,normal,3247,1,1782361620.936402,0.002087116241455078
255403,normal,3019,0,1782361620.9384382,0.0020360946655273438
255404,normal,2319,0,1782361620.9402716,0.0018334388732910156
255405,normal,2010,0,1782361620.9424255,0.0021538734436035156
255406,normal,1216,0,1782361620.9444213,0.0019958019256591797
255407,normal,2820,0,1782361620.9463143,0.0018930435180664062
255408,normal,2058,0,1782361620.9482427,0.0019283294677734375
255409,normal,453,0,1782361620.9504454,0.002202749252319336
255410,normal,559,0,1782361620.9522707,0.0018253326416015625
255411,normal,1869,0,1782361620.9544215,0.0021507740020751953
255412,normal,2503,0,1782361620.9564183,0.001996755599975586
255413,normal,191,0,1782361620.9583054,0.0018870830535888672
255414,normal,880,2,1782361620.9604037,0.0020983219146728516
255415,normal,3667,0,1782361620.9624374,0.002033710479736328
255416,normal,1703,0,1782361620.9642727,0.0018353462219238281
255417,normal,1191,0,1782361620.9664218,0.0021491050720214844
255418,normal,3415,0,1782361620.9684181,0.001996278762817383
255419,normal,2638,0,1782361620.970332,0.0019137859344482422
255420,normal,315,0,1782361620.9724014,0.0020694732666015625
255421,normal,2885,0,1782361620.9744155,0.00201416015625
255422,normal,785,2,1782361620.97626,0.0018444061279296875
255423,normal,1416,0,1782361620.978408,0.002148151397705078
255424,normal,2055,0,1782361620.980418,0.002009868621826172
255425,normal,1548,0,1782361620.982297,0.001878976821899414
255426,normal,286,0,1782361620.984435,0.0021381378173828125
255427,normal,2250,0,1782361620.986536,0.0021009445190429688
255428,normal,2809,0,1782361620.9882898,0.0017538070678710938
255429,normal,1480,0,1782361620.9906135,0.002323627471923828
255430,normal,1536,0,1782361620.9924204,0.0018069744110107422
255431,normal,2978,0,1782361620.9944496,0.0020291805267333984
255432,normal,1700,0,1782361620.996416,0.0019664764404296875
255433,normal,473,0,1782361620.998586,0.0021698474884033203
255434,normal,357,0,1782361621.0002887,0.0017027854919433594
255435,normal,2334,0,1782361621.0025725,0.002283811569213867
255436,normal,2769,0,1782361621.004413,0.001840353012084961
255437,normal,708,0,1782361621.0064788,0.002065896987915039
255438,normal,2015,0,1782361621.0084183,0.001939535140991211
255439,normal,3432,0,1782361621.0105543,0.0021359920501708984
255440,normal,1875,0,1782361621.0122907,0.0017364025115966797
255441,normal,2777,0,1782361621.0146103,0.0023195743560791016
255442,normal,2747,0,1782361621.016416,0.0018057823181152344
255443,normal,2977,0,1782361621.018447,0.0020308494567871094
255444,normal,1357,1,1782361621.0204153,0.0019683837890625
255445,normal,3296,1,1782361621.0225682,0.0021529197692871094
255446,normal,1791,0,1782361621.024319,0.0017507076263427734
255447,normal,3338,1,1782361621.0265694,0.0022504329681396484
255448,normal,3078,1,1782361621.0284128,0.0018434524536132812
255449,normal,1359,1,1782361621.0304966,0.0020837783813476562
255450,normal,1948,0,1782361621.0324156,0.0019190311431884766
255451,normal,2861,0,1782361621.0345688,0.002153158187866211
255452,normal,3075,1,1782361621.036362,0.0017931461334228516
255453,normal,2551,0,1782361621.038612,0.0022499561309814453
255454,normal,595,0,1782361621.0404115,0.0017995834350585938
255455,normal,3636,0,1782361621.0424805,0.0020689964294433594
255456,normal,3083,1,1782361621.044416,0.0019354820251464844
255457,normal,1499,0,1782361621.0465662,0.002150297164916992
255458,normal,2343,0,1782361621.0482905,0.0017242431640625
255459,normal,913,2,1782361621.0505717,0.00228118896484375
255460,normal,2474,0,1782361621.0524127,0.0018410682678222656
255461,normal,42,0,1782361621.054458,0.002045154571533203
255462,normal,3589,0,1782361621.056411,0.001953125
255463,normal,355,0,1782361621.058546,0.002135038375854492
255464,normal,2860,0,1782361621.060286,0.0017399787902832031
255465,normal,532,0,1782361621.0627754,0.002489328384399414
255466,normal,1113,0,1782361621.0643902,0.0016148090362548828
255467,normal,2179,0,1782361621.0664215,0.0020313262939453125
255468,normal,3444,0,1782361621.0682962,0.001874685287475586
255469,normal,2352,0,1782361621.070599,0.002302885055541992
255470,normal,1666,0,1782361621.072293,0.0016939640045166016
255471,normal,946,2,1782361621.0745306,0.002237558364868164
255472,normal,240,0,1782361621.0765052,0.0019745826721191406
255473,normal,25,0,1782361621.078409,0.0019037723541259766
255474,normal,3100,1,1782361621.0802834,0.0018744468688964844
255475,normal,430,0,1782361621.0825691,0.0022857189178466797
255476,normal,2715,0,1782361621.0842977,0.0017285346984863281
255477,normal,848,2,1782361621.0866094,0.00231170654296875
255478,normal,218,0,1782361621.0883918,0.0017824172973632812
255479,normal,382,0,1782361621.0904543,0.002062559127807617
255480,normal,3335,1,1782361621.0924492,0.0019948482513427734
255481,normal,2279,0,1782361621.094528,0.0020787715911865234
255482,normal,1519,0,1782361621.0964174,0.0018894672393798828
255483,normal,858,2,1782361621.0984514,0.0020339488983154297
255484,normal,3122,1,1782361621.1005485,0.0020971298217773438
255485,normal,805,2,1782361621.102315,0.0017664432525634766
255486,normal,1991,0,1782361621.1045523,0.0022373199462890625
255487,normal,1244,0,1782361621.1064336,0.0018813610076904297
255488,normal,1660,0,1782361621.1084445,0.002010822296142578
255489,normal,582,0,1782361621.11044,0.001995563507080078
255490,normal,1900,0,1782361621.1125624,0.0021224021911621094
255491,normal,160,0,1782361621.1143217,0.0017592906951904297
255492,normal,574,0,1782361621.1165535,0.0022318363189697266
255493,normal,2423,0,1782361621.1184192,0.0018656253814697266
255494,normal,2331,0,1782361621.1204693,0.002050161361694336
255495,normal,2451,0,1782361621.1224155,0.0019462108612060547
255496,normal,3132,1,1782361621.1245584,0.0021429061889648438
255497,normal,3424,0,1782361621.1262922,0.0017337799072265625
255498,normal,814,2,1782361621.1285877,0.0022954940795898438
255499,normal,2204,0,1782361621.1304176,0.0018298625946044922
255500,normal,320,0,1782361621.1324644,0.002046823501586914
255501,normal,2181,0,1782361621.1344166,0.0019521713256835938
255502,normal,982,2,1782361621.1365576,0.0021409988403320312
255503,normal,2399,0,1782361621.1383076,0.0017499923706054688
255504,normal,1169,0,1782361621.1405654,0.002257823944091797
255505,normal,2096,0,1782361621.1424398,0.0018744468688964844
255506,normal,3056,1,1782361621.1444457,0.0020058155059814453
255507,normal,1837,0,1782361621.1464427,0.0019969940185546875
255508,normal,874,2,1782361621.1485531,0.0021104812622070312
255509,normal,1370,1,1782361621.15031,0.001756906509399414
255510,normal,1609,0,1782361621.1525528,0.0022428035736083984
255511,normal,1540,0,1782361621.1544182,0.001865386962890625
255512,normal,180,0,1782361621.156451,0.002032756805419922
255513,normal,2880,0,1782361621.1584194,0.0019683837890625
255514,normal,2120,0,1782361621.160582,0.0021626949310302734
255515,normal,464,0,1782361621.162305,0.0017230510711669922
255516,normal,2684,0,1782361621.1645882,0.0022830963134765625
255517,normal,3506,0,1782361621.166424,0.0018358230590820312
255518,normal,698,0,1782361621.168322,0.001898050308227539
255519,normal,2564,0,1782361621.1705568,0.0022346973419189453
255520,normal,1326,1,1782361621.1724448,0.0018880367279052734
255521,normal,1052,0,1782361621.1744514,0.00200653076171875
255522,normal,2557,0,1782361621.1764405,0.001989126205444336
255523,normal,2007,0,1782361621.1785603,0.002119779586791992
255524,normal,3328,1,1782361621.1803231,0.0017628669738769531
255525,normal,896,2,1782361621.1825583,0.0022351741790771484
255526,normal,3416,0,1782361621.1844418,0.0018835067749023438
255527,normal,517,0,1782361621.186447,0.0020051002502441406
255528,normal,466,0,1782361621.1884377,0.001990795135498047
255529,normal,3237,1,1782361621.1905754,0.0021376609802246094
255530,normal,2629,0,1782361621.1923072,0.00173187255859375
255531,normal,435,0,1782361621.194556,0.0022487640380859375
255532,normal,3094,1,1782361621.1964333,0.0018773078918457031
255533,normal,2913,0,1782361621.198441,0.002007722854614258
255534,normal,2361,0,1782361621.2004154,0.001974344253540039
255535,normal,1057,0,1782361621.2025537,0.002138376235961914
255536,normal,3062,1,1782361621.2042868,0.0017330646514892578
255537,normal,539,0,1782361621.2065518,0.0022649765014648438
255538,normal,3619,0,1782361621.208418,0.0018661022186279297
255539,normal,2425,0,1782361621.2104397,0.00202178955078125
255540,normal,3127,1,1782361621.2124162,0.001976490020751953
255541,normal,485,0,1782361621.2145526,0.0021364688873291016
255542,normal,46,0,1782361621.2162852,0.0017325878143310547
255543,normal,2575,0,1782361621.2185738,0.0022885799407958984
255544,normal,933,2,1782361621.2204175,0.0018436908721923828
255545,normal,182,0,1782361621.2224414,0.002023935317993164
255546,normal,2992,0,1782361621.2244148,0.001973390579223633
255547,normal,89,0,1782361621.2265532,0.002138376235961914
255548,normal,743,0,1782361621.228286,0.0017328262329101562
255549,normal,3251,1,1782361621.2305498,0.002263784408569336
255550,normal,903,2,1782361621.232417,0.0018672943115234375
255551,normal,3050,1,1782361621.23444,0.002022981643676758
255552,normal,2156,0,1782361621.236424,0.0019838809967041016
255553,normal,867,2,1782361621.2385519,0.0021278858184814453
255554,normal,3082,1,1782361621.240286,0.0017342567443847656
255555,normal,1794,0,1782361621.2425506,0.0022644996643066406
255556,normal,2064,0,1782361621.244417,0.0018663406372070312
255557,normal,29,0,1782361621.2464387,0.00202178955078125
255558,normal,2631,0,1782361621.2484152,0.001976490020751953
255559,normal,2826,0,1782361621.2505536,0.002138376235961914
255560,normal,3570,0,1782361621.2522845,0.0017309188842773438
255561,normal,3149,1,1782361621.2545671,0.0022826194763183594
255562,normal,1732,0,1782361621.2564178,0.0018506050109863281
255563,normal,443,0,1782361621.2584465,0.0020287036895751953
255564,normal,1661,0,1782361621.260415,0.0019686222076416016
255565,normal,1952,0,1782361621.262763,0.0023479461669921875
255566,normal,1612,0,1782361621.2642863,0.0015232563018798828
255567,normal,1850,0,1782361621.2665496,0.002263307571411133
255568,normal,1747,0,1782361621.2683828,0.001833200454711914
255569,normal,301,0,1782361621.270291,0.0019083023071289062
255570,normal,2591,0,1782361621.2724388,0.002147674560546875
255571,normal,2222,0,1782361621.2745519,0.0021131038665771484
255572,normal,776,2,1782361621.2762864,0.0017344951629638672
255573,normal,2153,0,1782361621.278551,0.002264738082885742
255574,normal,968,2,1782361621.2804184,0.0018672943115234375
255575,normal,3202,1,1782361621.2824402,0.00202178955078125
255576,normal,266,0,1782361621.284416,0.0019757747650146484
255577,normal,1485,0,1782361621.2865546,0.0021386146545410156
255578,normal,2339,0,1782361621.2882867,0.0017321109771728516
255579,normal,489,0,1782361621.2905507,0.0022640228271484375
255580,normal,2282,0,1782361621.2924201,0.0018694400787353516
255581,normal,1247,0,1782361621.2944405,0.0020203590393066406
255582,normal,165,0,1782361621.2964597,0.002019166946411133
255583,normal,2481,0,1782361621.2985456,0.0020859241485595703
255584,normal,795,2,1782361621.300289,0.001743316650390625
255585,normal,1918,0,1782361621.3025503,0.0022614002227783203
255586,normal,782,2,1782361621.3044186,0.0018682479858398438
255587,normal,2061,0,1782361621.306441,0.0020225048065185547
255588,normal,2034,0,1782361621.3084173,0.0019762516021728516
255589,normal,3577,0,1782361621.3105483,0.0021309852600097656
255590,normal,3480,0,1782361621.312292,0.0017437934875488281
255591,normal,3032,0,1782361621.3145516,0.002259492874145508
255592,normal,2900,0,1782361621.316418,0.0018663406372070312
255593,normal,1651,0,1782361621.3184505,0.0020325183868408203
255594,normal,1365,1,1782361621.320285,0.0018346309661865234
255595,normal,507,0,1782361621.322552,0.0022668838500976562
255596,normal,1729,0,1782361621.3243232,0.0017712116241455078
255597,normal,1107,0,1782361621.326547,0.0022237300872802734
255598,normal,247,0,1782361621.3284497,0.0019028186798095703
255599,normal,515,0,1782361621.3304417,0.0019919872283935547
255600,normal,1526,0,1782361621.3324316,0.0019898414611816406
255601,normal,2662,0,1782361621.3345559,0.002124309539794922
255602,normal,2724,0,1782361621.3362978,0.0017418861389160156
255603,normal,3612,0,1782361621.338593,0.002295255661010742
255604,normal,2649,0,1782361621.3404238,0.0018308162689208984
255605,normal,1814,0,1782361621.3424833,0.002059459686279297
255606,normal,1915,0,1782361621.344422,0.0019388198852539062
255607,normal,1793,0,1782361621.3465536,0.0021314620971679688
255608,normal,599,0,1782361621.3483107,0.0017571449279785156
255609,normal,511,0,1782361621.350291,0.001980304718017578
255610,normal,141,0,1782361621.3524923,0.0022013187408447266
255611,normal,1195,0,1782361621.3542335,0.001741170883178711
255612,normal,1862,0,1782361621.3564358,0.002202272415161133
255613,normal,3190,1,1782361621.358402,0.001966238021850586
255614,normal,537,0,1782361621.360241,0.0018389225006103516
255615,normal,3150,1,1782361621.3624005,0.002159595489501953
255616,normal,3541,0,1782361621.3644328,0.0020322799682617188
255617,normal,3112,1,1782361621.3662243,0.0017914772033691406
255618,normal,3196,1,1782361621.368432,0.0022077560424804688
255619,normal,1051,0,1782361621.3704014,0.0019693374633789062
255620,normal,3086,1,1782361621.3722465,0.0018451213836669922
255621,normal,681,0,1782361621.3743997,0.002153158187866211
255622,normal,1455,0,1782361621.3764322,0.0020325183868408203
255623,normal,2964,0,1782361621.3782418,0.0018095970153808594
255624,normal,152,0,1782361621.380454,0.0022122859954833984
255625,normal,604,0,1782361621.382428,0.001973867416381836
255626,normal,1630,0,1782361621.3842869,0.0018589496612548828
255627,normal,641,0,1782361621.3864543,0.0021674633026123047
255628,normal,2391,0,1782361621.38843,0.0019757747650146484
255629,normal,1005,2,1782361621.3902466,0.0018165111541748047
255630,normal,1599,0,1782361621.3924568,0.0022101402282714844
255631,normal,898,2,1782361621.3944325,0.0019757747650146484
255632,normal,2646,0,1782361621.396223,0.0017905235290527344
255633,normal,748,0,1782361621.3984482,0.002225160598754883
255634,normal,1401,0,1782361621.4004314,0.001983165740966797
255635,normal,1445,0,1782361621.402294,0.0018625259399414062
255636,normal,1083,0,1782361621.40444,0.002146005630493164
255637,normal,2486,0,1782361621.4064322,0.0019922256469726562
255638,normal,2936,0,1782361621.4082882,0.001856088638305664
255639,normal,1551,0,1782361621.4103982,0.002110004425048828
255640,normal,3580,0,1782361621.412423,0.0020246505737304688
255641,normal,3367,1,1782361621.4142506,0.0018277168273925781
255642,normal,1930,0,1782361621.4164302,0.0021796226501464844
255643,normal,64,0,1782361621.4183974,0.001967191696166992
255644,normal,1566,0,1782361621.4202726,0.001875162124633789
255645,normal,598,0,1782361621.4222372,0.001964569091796875
255646,normal,808,2,1782361621.4244184,0.0021812915802001953
255647,normal,1181,0,1782361621.4262965,0.0018780231475830078
255648,normal,2302,0,1782361621.4285924,0.002295970916748047
255649,normal,926,2,1782361621.4304237,0.0018312931060791016
255650,normal,639,0,1782361621.4324515,0.002027750015258789
255651,normal,656,0,1782361621.4344215,0.001970052719116211
255652,normal,3000,0,1782361621.4365885,0.0021669864654541016
255653,normal,3477,0,1782361621.4382935,0.0017049312591552734
255654,normal,1420,0,1782361621.4405885,0.0022950172424316406
255655,normal,3289,1,1782361621.442423,0.0018346309661865234
255656,normal,983,2,1782361621.444341,0.0019178390502929688
255657,normal,24,0,1782361621.4465826,0.0022416114807128906
255658,normal,2130,0,1782361621.4482954,0.001712799072265625
255659,normal,2144,0,1782361621.4505966,0.0023012161254882812
255660,normal,2987,0,1782361621.452301,0.0017044544219970703
255661,normal,252,0,1782361621.4545665,0.002265453338623047
255662,normal,132,0,1782361621.4562879,0.0017213821411132812
255663,normal,1179,0,1782361621.4585783,0.002290487289428711
255664,normal,2730,0,1782361621.4604156,0.0018372535705566406
255665,normal,549,0,1782361621.4623168,0.0019011497497558594
255666,normal,278,0,1782361621.4645746,0.002257823944091797
255667,normal,1977,0,1782361621.4664197,0.0018451213836669922
255668,normal,2736,0,1782361621.4684598,0.0020401477813720703
255669,normal,212,0,1782361621.470439,0.0019791126251220703
255670,normal,118,0,1782361621.4725568,0.0021178722381591797
255671,normal,3329,1,1782361621.474297,0.0017402172088623047
255672,normal,3450,0,1782361621.4765713,0.0022742748260498047
255673,normal,1840,0,1782361621.4784238,0.0018525123596191406
255674,normal,2138,0,1782361621.4804611,0.0020372867584228516
255675,normal,2770,0,1782361621.482418,0.001956939697265625
255676,normal,3514,0,1782361621.484552,0.0021338462829589844
255677,normal,1236,0,1782361621.4862924,0.0017404556274414062
255678,normal,2839,0,1782361621.4885788,0.0022864341735839844
255679,normal,2348,0,1782361621.4904397,0.0018608570098876953
255680,normal,2743,0,1782361621.4923134,0.0018737316131591797
255681,normal,2364,0,1782361621.494592,0.002278566360473633
255682,normal,3590,0,1782361621.496401,0.0018091201782226562
255683,normal,176,0,1782361621.4982843,0.0018832683563232422
255684,normal,3225,1,1782361621.5005867,0.002302408218383789
255685,normal,2509,0,1782361621.5024478,0.0018610954284667969
255686,normal,3287,1,1782361621.504318,0.0018701553344726562
255687,normal,2151,0,1782361621.5065844,0.002266407012939453
255688,normal,2251,0,1782361621.508413,0.0018286705017089844
255689,normal,2466,0,1782361621.5103076,0.0018944740295410156
255690,normal,3003,0,1782361621.5125806,0.002273082733154297
255691,normal,505,0,1782361621.5144305,0.0018498897552490234
255692,normal,2215,0,1782361621.5164528,0.002022266387939453
255693,normal,1802,0,1782361621.5184152,0.001962423324584961
255694,normal,3169,1,1782361621.52057,0.002154827117919922
255695,normal,2897,0,1782361621.522295,0.0017249584197998047
255696,normal,159,0,1782361621.5243037,0.002008676528930664
255697,normal,3468,0,1782361621.5265257,0.0022220611572265625
255698,normal,529,0,1782361621.5283117,0.0017859935760498047
255699,normal,3183,1,1782361621.530558,0.002246379852294922
255700,normal,1882,0,1782361621.5324554,0.0018973350524902344
255701,normal,2530,0,1782361621.5344439,0.0019884109497070312
255702,normal,1597,0,1782361621.53644,0.0019960403442382812
255703,normal,2510,0,1782361621.5385542,0.0021142959594726562
255704,normal,3336,1,1782361621.5403214,0.0017671585083007812
255705,normal,1045,0,1782361621.5424185,0.0020971298217773438
255706,normal,2592,0,1782361621.5445576,0.0021390914916992188
255707,normal,2586,0,1782361621.5462904,0.0017328262329101562
255708,normal,1865,0,1782361621.5485766,0.002286195755004883
255709,normal,3460,0,1782361621.550414,0.0018374919891357422
255710,normal,1812,0,1782361621.5524514,0.0020372867584228516
255711,normal,1487,0,1782361621.5544446,0.0019931793212890625
255712,normal,2093,0,1782361621.556558,0.00211334228515625
255713,normal,2536,0,1782361621.5583081,0.0017502307891845703
255714,normal,2756,0,1782361621.5605822,0.002274036407470703
255715,normal,2585,0,1782361621.5624168,0.0018346309661865234
255716,normal,523,0,1782361621.5644586,0.0020418167114257812
255717,normal,2174,0,1782361621.5664172,0.001958608627319336
255718,normal,3378,1,1782361621.568564,0.0021467208862304688
255719,normal,2831,0,1782361621.570305,0.001741170883178711
255720,normal,1196,0,1782361621.5725863,0.00228118896484375
255721,normal,184,0,1782361621.5744207,0.0018343925476074219
255722,normal,2080,0,1782361621.5764754,0.0020546913146972656
255723,normal,1673,0,1782361621.578437,0.0019617080688476562
255724,normal,1561,0,1782361621.5805516,0.002114534378051758
255725,normal,1215,0,1782361621.5823078,0.0017561912536621094
255726,normal,425,0,1782361621.584586,0.0022780895233154297
255727,normal,2414,0,1782361621.586421,0.0018351078033447266
255728,normal,2475,0,1782361621.5884612,0.0020401477813720703
255729,normal,3417,0,1782361621.590413,0.0019519329071044922
255730,normal,1124,0,1782361621.5925562,0.0021431446075439453
255731,normal,1311,0,1782361621.594285,0.0017287731170654297
255732,normal,3326,1,1782361621.5965717,0.002286672592163086
255733,normal,3561,0,1782361621.5984123,0.0018405914306640625
255734,normal,1984,0,1782361621.6004624,0.002050161361694336
255735,normal,3498,0,1782361621.602437,0.0019745826721191406
255736,normal,2737,0,1782361621.6045568,0.002119779586791992
255737,normal,1168,0,1782361621.6063197,0.0017628669738769531
255738,normal,2731,0,1782361621.6084511,0.0021314620971679688
255739,normal,1172,0,1782361621.6105556,0.002104520797729492
255740,normal,1788,0,1782361621.612303,0.0017473697662353516
255741,normal,3301,1,1782361621.6146002,0.0022971630096435547
255742,normal,635,0,1782361621.616415,0.0018148422241210938
255743,normal,1112,0,1782361621.61845,0.002034902572631836
255744,normal,3472,0,1782361621.620453,0.0020029544830322266
255745,normal,3376,1,1782361621.6225786,0.0021257400512695312
255746,normal,948,2,1782361621.624295,0.0017163753509521484
255747,normal,234,0,1782361621.626572,0.002276897430419922
255748,normal,2139,0,1782361621.6284173,0.0018453598022460938
255749,normal,593,0,1782361621.6304884,0.0020711421966552734
255750,normal,3143,1,1782361621.6324098,0.0019214153289794922
255751,normal,1441,0,1782361621.6345594,0.0021495819091796875
255752,normal,1410,0,1782361621.6362834,0.0017240047454833984
255753,normal,2115,0,1782361621.6386046,0.0023212432861328125
255754,normal,3492,0,1782361621.6404147,0.0018100738525390625
255755,normal,1570,0,1782361621.6424415,0.002026796340942383
255756,normal,135,0,1782361621.6444309,0.0019893646240234375
255757,normal,3440,0,1782361621.6465912,0.002160310745239258
255758,normal,1557,0,1782361621.6482964,0.001705169677734375
255759,normal,2337,0,1782361621.6505709,0.0022745132446289062
255760,normal,3530,0,1782361621.6525276,0.0019567012786865234
255761,normal,2930,0,1782361621.6544094,0.0018818378448486328
255762,normal,116,0,1782361621.6562855,0.0018761157989501953
255763,normal,2022,0,1782361621.658557,0.002271413803100586
255764,normal,2317,0,1782361621.6602836,0.0017266273498535156
255765,normal,600,0,1782361621.6625695,0.0022859573364257812
255766,normal,3065,1,1782361621.6643705,0.0018010139465332031
255767,normal,2070,0,1782361621.6665485,0.0021779537200927734
255768,normal,1488,0,1782361621.668315,0.0017664432525634766
255769,normal,3297,1,1782361621.670571,0.002256155014038086
255770,normal,1635,0,1782361621.6722865,0.0017154216766357422
255771,normal,3395,1,1782361621.674582,0.0022954940795898438
255772,normal,1762,0,1782361621.676364,0.0017819404602050781
255773,normal,1829,0,1782361621.6785743,0.002210378646850586
255774,normal,1852,0,1782361621.6802835,0.0017092227935791016
255775,normal,2260,0,1782361621.682553,0.0022695064544677734
255776,normal,3181,1,1782361621.6842828,0.001729726791381836
255777,normal,3684,0,1782361621.6865766,0.002293825149536133
255778,normal,1381,1,1782361621.6883566,0.0017800331115722656
255779,normal,2620,0,1782361621.690543,0.002186298370361328
255780,normal,2294,0,1782361621.6922853,0.0017423629760742188
255781,normal,861,2,1782361621.6945672,0.0022819042205810547
255782,normal,3379,1,1782361621.696286,0.001718759536743164
255783,normal,1294,0,1782361621.698543,0.002257108688354492
255784,normal,1715,0,1782361621.700364,0.0018210411071777344
255785,normal,3330,1,1782361621.70257,0.0022058486938476562
255786,normal,2718,0,1782361621.7042847,0.0017147064208984375
255787,normal,3201,1,1782361621.7065558,0.0022711753845214844
255788,normal,935,2,1782361621.7082837,0.0017278194427490234
255789,normal,63,0,1782361621.7105663,0.0022826194763183594
255790,normal,838,2,1782361621.712412,0.0018458366394042969
255791,normal,575,0,1782361621.7144382,0.002026081085205078
255792,normal,1863,0,1782361621.7164114,0.0019731521606445312
255793,normal,672,0,1782361621.7185562,0.0021448135375976562
255794,normal,341,0,1782361621.720285,0.0017287731170654297
255795,normal,1248,0,1782361621.7225738,0.002288818359375
255796,normal,3284,1,1782361621.7244158,0.0018420219421386719
255797,normal,9,0,1782361621.7264607,0.0020449161529541016
255798,normal,337,0,1782361621.7285252,0.0020644664764404297
255799,normal,201,0,1782361621.7305417,0.0020165443420410156
255800,normal,843,2,1782361621.7322853,0.0017435550689697266
255801,normal,1844,0,1782361621.7345676,0.002282381057739258
255802,normal,508,0,1782361621.736412,0.0018444061279296875
255803,normal,2659,0,1782361621.7384386,0.0020265579223632812
255804,normal,1077,0,1782361621.740412,0.001973390579223633
255805,normal,716,0,1782361621.7425785,0.0021665096282958984
255806,normal,1544,0,1782361621.744285,0.0017066001892089844
255807,normal,1883,0,1782361621.7465506,0.002265453338623047
255808,normal,2555,0,1782361621.7484121,0.001861572265625
255809,normal,2036,0,1782361621.7504597,0.0020475387573242188
255810,normal,2219,0,1782361621.7524114,0.0019516944885253906
255811,normal,1147,0,1782361621.7545507,0.0021393299102783203
255812,normal,1475,0,1782361621.756284,0.0017333030700683594
255813,normal,1351,1,1782361621.758565,0.0022809505462646484
255814,normal,1589,0,1782361621.7604132,0.0018482208251953125
255815,normal,2979,0,1782361621.762437,0.002023935317993164
255816,normal,1871,0,1782361621.764448,0.002010822296142578
255817,normal,605,0,1782361621.7665532,0.002105236053466797
255818,normal,2704,0,1782361621.768284,0.0017309188842773438
255819,normal,1963,0,1782361621.7705429,0.002258777618408203
255820,normal,726,0,1782361621.7725832,0.002040386199951172
255821,normal,73,0,1782361621.7742844,0.0017011165618896484
255822,normal,2947,0,1782361621.776546,0.002261638641357422
255823,normal,1161,0,1782361621.778548,0.0020020008087158203
255824,normal,1585,0,1782361621.7802842,0.0017361640930175781
255825,normal,3642,0,1782361621.7825649,0.002280712127685547
255826,normal,375,0,1782361621.784413,0.0018482208251953125
255827,normal,1454,0,1782361621.786439,0.0020258426666259766
255828,normal,1939,0,1782361621.7884102,0.0019712448120117188
255829,normal,1408,0,1782361621.7905622,0.002151966094970703
255830,normal,2259,0,1782361621.7922828,0.0017206668853759766
255831,normal,8,0,1782361621.7945452,0.0022623538970947266
255832,normal,2783,0,1782361621.7965527,0.0020074844360351562
255833,normal,736,0,1782361621.7982838,0.0017311573028564453
255834,normal,1114,0,1782361621.8005517,0.0022678375244140625
255835,normal,3117,1,1782361621.8024108,0.0018591880798339844
255836,normal,1016,2,1782361621.8044548,0.0020439624786376953
255837,normal,1405,0,1782361621.806409,0.0019540786743164062
255838,normal,1042,0,1782361621.8085496,0.0021407604217529297
255839,normal,2972,0,1782361621.8102853,0.001735687255859375
255840,normal,281,0,1782361621.8125465,0.0022611618041992188
255841,normal,2590,0,1782361621.8145595,0.002012968063354492
255842,normal,1013,2,1782361621.8162866,0.0017271041870117188
255843,normal,3226,1,1782361621.8185453,0.002258777618408203
255844,normal,871,2,1782361621.8205473,0.0020020008087158203
255845,normal,2689,0,1782361621.8222847,0.001737356185913086
255846,normal,1476,0,1782361621.8245528,0.002268075942993164
255847,normal,1744,0,1782361621.826404,0.0018513202667236328
255848,normal,2527,0,1782361621.8282487,0.001844644546508789
255849,normal,1164,0,1782361621.8304868,0.002238035202026367
255850,normal,2322,0,1782361621.8324647,0.0019779205322265625
255851,normal,1819,0,1782361621.834246,0.0017812252044677734
255852,normal,1256,0,1782361621.8364315,0.0021855831146240234
255853,normal,249,0,1782361621.8384316,0.002000093460083008
255854,normal,1600,0,1782361621.8403068,0.001875162124633789
255855,normal,3239,1,1782361621.8424659,0.00215911865234375
255856,normal,985,2,1782361621.844481,0.0020151138305664062
255857,normal,2316,0,1782361621.8462431,0.0017621517181396484
255858,normal,2568,0,1782361621.8483994,0.0021562576293945312
255859,normal,121,0,1782361621.8503907,0.00199127197265625
255860,normal,1322,1,1782361621.8522408,0.001850128173828125
255861,normal,267,0,1782361621.8543923,0.0021514892578125
255862,normal,994,2,1782361621.8564205,0.002028226852416992
255863,normal,1892,0,1782361621.858267,0.0018465518951416016
255864,normal,2968,0,1782361621.8604207,0.002153635025024414
255865,normal,2602,0,1782361621.8624299,0.002009153366088867
255866,normal,2182,0,1782361621.8642657,0.0018358230590820312
255867,normal,2639,0,1782361621.8664243,0.002158641815185547
255868,normal,1058,0,1782361621.868418,0.0019936561584472656
255869,normal,1578,0,1782361621.870303,0.0018849372863769531
255870,normal,1510,0,1782361621.872435,0.0021321773529052734
255871,normal,1290,0,1782361621.8744113,0.0019762516021728516
255872,normal,1493,0,1782361621.8763034,0.00189208984375
255873,normal,1765,0,1782361621.878474,0.002170562744140625
255874,normal,2076,0,1782361621.8804584,0.0019843578338623047
255875,normal,2106,0,1782361621.8822436,0.0017852783203125
255876,normal,30,0,1782361621.8844266,0.0021829605102539062
255877,normal,3102,1,1782361621.8864295,0.0020029544830322266
255878,normal,432,0,1782361621.8883045,0.0018749237060546875
255879,normal,3302,1,1782361621.8904586,0.002154111862182617
255880,normal,1800,0,1782361621.8924632,0.0020046234130859375
255881,normal,1231,0,1782361621.89428,0.0018167495727539062
255882,normal,112,0,1782361621.8964303,0.002150297164916992
255883,normal,18,0,1782361621.8983893,0.001959085464477539
255884,normal,418,0,1782361621.9002373,0.001847982406616211
255885,normal,2002,0,1782361621.9024897,0.002252340316772461
255886,normal,890,2,1782361621.904435,0.0019452571868896484
255887,normal,3382,1,1782361621.9062665,0.0018315315246582031
255888,normal,2084,0,1782361621.908418,0.0021514892578125
255889,normal,1478,0,1782361621.9104447,0.002026796340942383
255890,normal,1243,0,1782361621.9123101,0.001865386962890625
255891,normal,1050,0,1782361621.9144566,0.002146482467651367
255892,normal,2110,0,1782361621.9164495,0.001992940902709961
255893,normal,2989,0,1782361621.9182382,0.0017886161804199219
255894,normal,3499,0,1782361621.9204404,0.002202272415161133
255895,normal,1582,0,1782361621.9224198,0.001979351043701172
255896,normal,2916,0,1782361621.9244096,0.0019898414611816406
255897,normal,2708,0,1782361621.9264414,0.0020318031311035156
255898,normal,607,0,1782361621.928544,0.0021026134490966797
255899,normal,3553,0,1782361621.9302847,0.0017406940460205078
255900,normal,492,0,1782361621.9325418,0.002257108688354492
255901,normal,651,0,1782361621.9345605,0.0020186901092529297
255902,normal,3528,0,1782361621.9362838,0.0017232894897460938
255903,normal,2237,0,1782361621.9385567,0.0022728443145751953
255904,normal,2088,0,1782361621.9405465,0.0019898414611816406
255905,normal,2226,0,1782361621.9422824,0.0017359256744384766
255906,normal,136,0,1782361621.944543,0.002260446548461914
255907,normal,1260,0,1782361621.9465404,0.0019974708557128906
255908,normal,144,0,1782361621.9482832,0.0017428398132324219
255909,normal,2129,0,1782361621.9505432,0.002259969711303711
255910,normal,2081,0,1782361621.9525452,0.0020020008087158203
255911,normal,1806,0,1782361621.954323,0.0017778873443603516
255912,normal,361,0,1782361621.9565449,0.002221822738647461
255913,normal,3603,0,1782361621.9585574,0.002012491226196289
255914,normal,1807,0,1782361621.9602866,0.0017292499542236328
255915,normal,1691,0,1782361621.962566,0.0022792816162109375
255916,normal,2682,0,1782361621.9644163,0.0018503665924072266
255917,normal,2594,0,1782361621.9664402,0.002023935317993164
255918,normal,1452,0,1782361621.9684267,0.0019865036010742188
255919,normal,2158,0,1782361621.9705405,0.002113819122314453
255920,normal,844,2,1782361621.972284,0.0017435550689697266
255921,normal,3621,0,1782361621.9745276,0.002243518829345703
255922,normal,55,0,1782361621.9764848,0.0019571781158447266
255923,normal,944,2,1782361621.978231,0.0017461776733398438
255924,normal,2653,0,1782361621.9804018,0.0021708011627197266
255925,normal,1740,0,1782361621.9823878,0.0019860267639160156
255926,normal,2779,0,1782361621.9842827,0.0018949508666992188
255927,normal,2998,0,1782361621.9864502,0.0021674633026123047
255928,normal,1738,0,1782361621.9885604,0.0021102428436279297
255929,normal,3041,0,1782361621.9903202,0.0017597675323486328
255930,normal,2872,0,1782361621.992567,0.002246856689453125
255931,normal,3161,1,1782361621.9944048,0.0018377304077148438
255932,normal,960,2,1782361621.9964528,0.002048015594482422
255933,normal,1187,0,1782361621.9983127,0.001859903335571289
255934,normal,1424,0,1782361622.0005538,0.0022411346435546875
255935,normal,715,0,1782361622.002323,0.0017690658569335938
255936,normal,2469,0,1782361622.0044165,0.0020935535430908203
255937,normal,521,0,1782361622.0065508,0.0021343231201171875
255938,normal,1400,0,1782361622.0082908,0.0017399787902832031
255939,normal,1138,0,1782361622.0105693,0.002278566360473633
255940,normal,803,2,1782361622.0125456,0.0019762516021728516
255941,normal,927,2,1782361622.0142918,0.0017461776733398438
255942,normal,101,0,1782361622.0166025,0.0023107528686523438
255943,normal,1607,0,1782361622.0184138,0.0018112659454345703
255944,normal,1913,0,1782361622.0204449,0.002031087875366211
255945,normal,2210,0,1782361622.0224395,0.001994609832763672
255946,normal,1831,0,1782361622.024539,0.0020995140075683594
255947,normal,2533,0,1782361622.0263054,0.0017664432525634766
255948,normal,1171,0,1782361622.0285854,0.002279996871948242
255949,normal,821,2,1782361622.030415,0.0018296241760253906
255950,normal,277,0,1782361622.0324442,0.0020291805267333984
255951,normal,2013,0,1782361622.0344229,0.001978635787963867
255952,normal,1374,1,1782361622.0365458,0.0021228790283203125
255953,normal,1758,0,1782361622.0383265,0.0017807483673095703
255954,normal,3354,1,1782361622.0403469,0.0020203590393066406
255955,normal,3427,0,1782361622.0425546,0.0022077560424804688
255956,normal,1973,0,1782361622.0443058,0.0017511844635009766
255957,normal,1237,0,1782361622.0465682,0.0022623538970947266
255958,normal,921,2,1782361622.048405,0.0018367767333984375
255959,normal,1096,0,1782361622.0504477,0.0020427703857421875
255960,normal,1677,0,1782361622.0524383,0.0019905567169189453
255961,normal,1099,0,1782361622.0545635,0.002125263214111328
255962,normal,717,0,1782361622.0562856,0.001722097396850586
255963,normal,3014,0,1782361622.0585554,0.002269744873046875
255964,normal,3071,1,1782361622.0605414,0.0019860267639160156
255965,normal,816,2,1782361622.0623016,0.001760244369506836
255966,normal,825,2,1782361622.0645432,0.0022416114807128906
255967,normal,1301,0,1782361622.0664241,0.0018808841705322266
255968,normal,230,0,1782361622.0684338,0.0020096302032470703
255969,normal,2626,0,1782361622.0704322,0.001998424530029297
255970,normal,1690,0,1782361622.0725617,0.0021295547485351562
255971,normal,1448,0,1782361622.0742838,0.001722097396850586
255972,normal,3359,1,1782361622.0764427,0.0021588802337646484
255973,normal,2488,0,1782361622.0785449,0.0021021366119384766
255974,normal,2195,0,1782361622.0802824,0.0017375946044921875
255975,normal,846,2,1782361622.0834115,0.0031290054321289062
255976,normal,1192,0,1782361622.084566,0.0011546611785888672
255977,normal,894,2,1782361622.086404,0.0018379688262939453
255978,normal,2523,0,1782361622.0884392,0.0020351409912109375
255979,normal,2417,0,1782361622.090491,0.002051830291748047
255980,normal,1333,1,1782361622.092226,0.0017349720001220703
255981,normal,3324,1,1782361622.0945303,0.0023043155670166016
255982,normal,2821,0,1782361622.0964499,0.0019195079803466797
255983,normal,137,0,1782361622.0984392,0.0019893646240234375
255984,normal,2940,0,1782361622.1004322,0.001992940902709961
255985,normal,2801,0,1782361622.1025667,0.002134561538696289
255986,normal,992,2,1782361622.1042838,0.0017170906066894531
255987,normal,3232,1,1782361622.1065474,0.0022635459899902344
255988,normal,3285,1,1782361622.1083121,0.0017647743225097656
255989,normal,2516,0,1782361622.1105928,0.002280712127685547
255990,normal,1620,0,1782361622.1123133,0.001720428466796875
255991,normal,3624,0,1782361622.11455,0.0022368431091308594
255992,normal,1089,0,1782361622.116291,0.0017409324645996094
255993,normal,2949,0,1782361622.1185937,0.0023026466369628906
255994,normal,1867,0,1782361622.1203105,0.0017168521881103516
255995,normal,3558,0,1782361622.122552,0.002241373062133789
255996,normal,2264,0,1782361622.124281,0.0017290115356445312
255997,normal,922,2,1782361622.126548,0.002267122268676758
255998,normal,2598,0,1782361622.1282828,0.0017347335815429688
255999,normal,12,0,1782361622.1305513,0.002268552780151367
256000,normal,1755,0,1782361622.1324012,0.0018498897552490234
256001,normal,3513,0,1782361622.1344552,0.002053976058959961
256002,normal,441,0,1782361622.1364093,0.0019540786743164062
256003,normal,1500,0,1782361622.1384428,0.0020334720611572266
256004,normal,780,2,1782361622.1404312,0.0019884109497070312
256005,normal,917,2,1782361622.142474,0.0020427703857421875
256006,normal,1109,0,1782361622.1445665,0.002092599868774414
256007,normal,3270,1,1782361622.1463182,0.0017516613006591797
256008,normal,826,2,1782361622.14863,0.00231170654296875
256009,normal,57,0,1782361622.1503258,0.001695871353149414
256010,normal,220,0,1782361622.1525455,0.002219676971435547
256011,normal,2504,0,1782361622.1543148,0.0017693042755126953
256012,normal,62,0,1782361622.1565495,0.0022346973419189453
256013,normal,2754,0,1782361622.1582823,0.0017328262329101562
256014,normal,2441,0,1782361622.1605878,0.0023055076599121094
256015,normal,668,0,1782361622.1623306,0.0017428398132324219
256016,normal,1411,0,1782361622.1645622,0.002231597900390625
256017,normal,2652,0,1782361622.1662936,0.0017313957214355469
256018,normal,3054,1,1782361622.1685462,0.0022525787353515625
256019,normal,904,2,1782361622.170286,0.0017397403717041016
256020,normal,226,0,1782361622.1725702,0.0022842884063720703
256021,normal,2340,0,1782361622.174326,0.0017557144165039062
256022,normal,2049,0,1782361622.1765475,0.0022215843200683594
256023,normal,2621,0,1782361622.1782827,0.0017352104187011719
256024,normal,471,0,1782361622.1805472,0.0022644996643066406
256025,normal,534,0,1782361622.1822844,0.0017371177673339844
256026,normal,577,0,1782361622.1845634,0.002279043197631836
256027,normal,261,0,1782361622.1863165,0.001753091812133789
256028,normal,2457,0,1782361622.1885824,0.00226593017578125
256029,normal,2903,0,1782361622.1902826,0.0017001628875732422
256030,normal,2875,0,1782361622.192541,0.00225830078125
256031,normal,404,0,1782361622.1942887,0.0017478466033935547
256032,normal,1,0,1782361622.1964123,0.002123594284057617
256033,normal,299,0,1782361622.1985562,0.00214385986328125
256034,normal,238,0,1782361622.2002866,0.0017304420471191406
256035,normal,925,2,1782361622.2025943,0.0023076534271240234
256036,normal,2883,0,1782361622.2044497,0.0018553733825683594
256037,normal,1265,0,1782361622.2063189,0.00186920166015625
256038,normal,364,0,1782361622.208569,0.002250194549560547
256039,normal,2824,0,1782361622.210407,0.0018379688262939453
256040,normal,3129,1,1782361622.2124696,0.002062559127807617
256041,normal,854,2,1782361622.2144325,0.001962900161743164
256042,normal,3474,0,1782361622.2165625,0.0021300315856933594
256043,normal,3339,1,1782361622.21832,0.0017573833465576172
256044,normal,378,0,1782361622.2205594,0.0022394657135009766
256045,normal,3613,0,1782361622.2223897,0.0018303394317626953
256046,normal,1645,0,1782361622.224463,0.0020732879638671875
256047,normal,3707,0,1782361622.2264342,0.0019712448120117188
256048,normal,2800,0,1782361622.2285404,0.002106189727783203
256049,normal,2951,0,1782361622.2303205,0.0017800331115722656
256050,normal,1126,0,1782361622.2325804,0.002259969711303711
256051,normal,1292,0,1782361622.2344027,0.0018222332000732422
256052,normal,1041,0,1782361622.2362971,0.0018944740295410156
256053,normal,3366,1,1782361622.238581,0.002283811569213867
256054,normal,1378,1,1782361622.2404058,0.0018248558044433594
256055,normal,2354,0,1782361622.242319,0.001913309097290039
256056,normal,2573,0,1782361622.2445805,0.0022614002227783203
256057,normal,335,0,1782361622.2464113,0.0018308162689208984
256058,normal,1382,0,1782361622.2482913,0.0018799304962158203
256059,normal,827,2,1782361622.250524,0.002232789993286133
256060,normal,2473,0,1782361622.252347,0.0018229484558105469
256061,normal,3184,1,1782361622.2543807,0.002033710479736328
256062,normal,1967,0,1782361622.256308,0.0019273757934570312
256063,normal,1503,0,1782361622.2584183,0.0021102428436279297
256064,normal,1471,0,1782361622.2602541,0.0018358230590820312
256065,normal,794,2,1782361622.2624078,0.002153635025024414
256066,normal,720,0,1782361622.2644107,0.0020029544830322266
256067,normal,1178,0,1782361622.2662542,0.0018434524536132812
256068,normal,2857,0,1782361622.2685225,0.0022683143615722656
256069,normal,48,0,1782361622.2704709,0.0019483566284179688
256070,normal,2753,0,1782361622.2724104,0.001939535140991211
256071,normal,1617,0,1782361622.2742503,0.0018398761749267578
256072,normal,1165,0,1782361622.2764144,0.002164125442504883
256073,normal,1768,0,1782361622.2782617,0.0018472671508789062
256074,normal,3579,0,1782361622.2804046,0.0021429061889648438
256075,normal,964,2,1782361622.282309,0.0019044876098632812
256076,normal,705,0,1782361622.2843847,0.002075672149658203
256077,normal,956,2,1782361622.2862968,0.0019121170043945312
256078,normal,1347,1,1782361622.2884142,0.0021173954010009766
256079,normal,3222,1,1782361622.2902522,0.0018379688262939453
256080,normal,2654,0,1782361622.292406,0.0021538734436035156
256081,normal,1783,0,1782361622.2943006,0.0018944740295410156
256082,normal,2804,0,1782361622.2963812,0.002080678939819336
256083,normal,2726,0,1782361622.2982998,0.0019185543060302734
256084,normal,991,2,1782361622.3004165,0.002116680145263672
256085,normal,446,0,1782361622.3022656,0.0018491744995117188
256086,normal,990,2,1782361622.3044097,0.0021440982818603516
256087,normal,3229,1,1782361622.306311,0.0019011497497558594
256088,normal,1414,0,1782361622.3083763,0.002065420150756836
256089,normal,555,0,1782361622.3102992,0.0019228458404541016
256090,normal,3004,0,1782361622.312603,0.0023038387298583984
256091,normal,2321,0,1782361622.3142717,0.001668691635131836
256092,normal,3215,1,1782361622.3164089,0.0021371841430664062
256093,normal,1349,1,1782361622.3183815,0.001972675323486328
256094,normal,1276,0,1782361622.3203795,0.0019979476928710938
256095,normal,2685,0,1782361622.3222947,0.0019152164459228516
256096,normal,232,0,1782361622.3244169,0.002122163772583008
256097,normal,457,0,1782361622.3264687,0.002051830291748047
256098,normal,3537,0,1782361622.3284178,0.0019490718841552734
256099,normal,494,0,1782361622.330539,0.0021212100982666016
256100,normal,1849,0,1782361622.3323042,0.0017652511596679688
256101,normal,2388,0,1782361622.3345642,0.002259969711303711
256102,normal,210,0,1782361622.3365164,0.0019521713256835938
256103,normal,2054,0,1782361622.338311,0.001794576644897461
256104,normal,1038,0,1782361622.3405182,0.0022072792053222656
256105,normal,1023,2,1782361622.3425071,0.0019888877868652344
256106,normal,1467,0,1782361622.3444538,0.0019466876983642578
256107,normal,619,0,1782361622.3463109,0.0018570423126220703
256108,normal,984,2,1782361622.3485482,0.0022373199462890625
256109,normal,2852,0,1782361622.350271,0.0017228126525878906
256110,normal,1647,0,1782361622.3524632,0.002192258834838867
256111,normal,908,2,1782361622.3543768,0.0019135475158691406
256112,normal,2935,0,1782361622.356233,0.001856088638305664
256113,normal,113,0,1782361622.3584008,0.002167940139770508
256114,normal,1822,0,1782361622.360406,0.0020051002502441406
256115,normal,2232,0,1782361622.3622313,0.0018253326416015625
256116,normal,3110,1,1782361622.364382,0.0021507740020751953
256117,normal,3209,1,1782361622.366393,0.0020110607147216797
256118,normal,621,0,1782361622.3682325,0.0018393993377685547
256119,normal,1082,0,1782361622.370381,0.0021486282348632812
256120,normal,2556,0,1782361622.372379,0.0019979476928710938
256121,normal,1696,0,1782361622.3742416,0.0018625259399414062
256122,normal,2246,0,1782361622.3763897,0.002148151397705078
256123,normal,2031,0,1782361622.3783922,0.0020024776458740234
256124,normal,1576,0,1782361622.3802612,0.0018689632415771484
256125,normal,839,2,1782361622.3823895,0.0021283626556396484
256126,normal,3174,1,1782361622.3843822,0.0019927024841308594
256127,normal,2128,0,1782361622.3862555,0.0018732547760009766
256128,normal,1634,0,1782361622.388386,0.0021305084228515625
256129,normal,1102,0,1782361622.390385,0.0019989013671875
256130,normal,1770,0,1782361622.3922634,0.001878499984741211
256131,normal,383,0,1782361622.3943818,0.002118349075317383
256132,normal,2258,0,1782361622.3963854,0.0020036697387695312
256133,normal,1820,0,1782361622.3982306,0.0018451213836669922
256134,normal,679,0,1782361622.4003813,0.0021507740020751953
256135,normal,3442,0,1782361622.4023843,0.0020029544830322266
256136,normal,2888,0,1782361622.4042346,0.0018503665924072266
256137,normal,2589,0,1782361622.406383,0.0021483898162841797
256138,normal,1701,0,1782361622.4083848,0.0020017623901367188
256139,normal,1036,0,1782361622.4102316,0.0018467903137207031
256140,normal,2484,0,1782361622.4123826,0.002151012420654297
256141,normal,1668,0,1782361622.414385,0.0020024776458740234
256142,normal,465,0,1782361622.4162567,0.0018715858459472656
256143,normal,1206,0,1782361622.4183795,0.0021228790283203125
256144,normal,1771,0,1782361622.4203827,0.002003192901611328
256145,normal,2029,0,1782361622.4222295,0.0018467903137207031
256146,normal,822,2,1782361622.4243793,0.002149820327758789
256147,normal,397,0,1782361622.4263837,0.002004384994506836
256148,normal,2207,0,1782361622.428238,0.0018541812896728516
256149,normal,3206,1,1782361622.4303842,0.0021462440490722656
256150,normal,3081,1,1782361622.432387,0.0020029544830322266
256151,normal,1463,0,1782361622.434232,0.0018448829650878906
256152,normal,3353,1,1782361622.436438,0.002206087112426758
256153,normal,3539,0,1782361622.4383833,0.0019452571868896484
256154,normal,817,2,1782361622.4402797,0.0018963813781738281
256155,normal,429,0,1782361622.4423966,0.0021169185638427734
256156,normal,1390,0,1782361622.4443858,0.001989126205444336
256157,normal,65,0,1782361622.4462316,0.0018458366394042969
256158,normal,1060,0,1782361622.4484231,0.0021915435791015625
256159,normal,3180,1,1782361622.4503918,0.0019686222076416016
256160,normal,3475,0,1782361622.4522147,0.0018229484558105469
256161,normal,354,0,1782361622.4542613,0.0020465850830078125
256162,normal,2069,0,1782361622.457156,0.0028946399688720703
256163,normal,2266,0,1782361622.458227,0.0010709762573242188
256164,normal,833,2,1782361622.4602358,0.0020089149475097656
256165,normal,3109,1,1782361622.4623106,0.002074718475341797
256166,normal,3515,0,1782361622.4644687,0.0021581649780273438
256167,normal,3319,1,1782361622.4662743,0.0018055438995361328
256168,normal,2166,0,1782361622.468432,0.0021576881408691406
256169,normal,1194,0,1782361622.470275,0.0018429756164550781
256170,normal,995,2,1782361622.4724176,0.002142667770385742
256171,normal,1611,0,1782361622.4743242,0.0019066333770751953
256172,normal,3281,1,1782361622.4762614,0.0019371509552001953
256173,normal,2918,0,1782361622.4784036,0.002142190933227539
256174,normal,1960,0,1782361622.4803565,0.0019528865814208984
256175,normal,365,0,1782361622.4822319,0.0018754005432128906
256176,normal,1504,0,1782361622.4844012,0.002169370651245117
256177,normal,587,0,1782361622.4863214,0.0019202232360839844
256178,normal,3582,0,1782361622.488256,0.0019345283508300781
256179,normal,1834,0,1782361622.4904013,0.0021452903747558594
256180,normal,2562,0,1782361622.4923663,0.001965045928955078
256181,normal,14,0,1782361622.4942312,0.0018649101257324219
256182,normal,1650,0,1782361622.4963853,0.002154111862182617
256183,normal,652,0,1782361622.498357,0.001971721649169922
256184,normal,1542,0,1782361622.500233,0.0018758773803710938
256185,normal,2553,0,1782361622.5024045,0.0021715164184570312
256186,normal,2373,0,1782361622.5043857,0.0019812583923339844
256187,normal,2044,0,1782361622.506238,0.001852273941040039
256188,normal,722,0,1782361622.5083907,0.002152681350708008
256189,normal,3384,1,1782361622.510415,0.002024412155151367
256190,normal,1815,0,1782361622.5122313,0.0018162727355957031
256191,normal,1388,0,1782361622.5144048,0.0021734237670898438
256192,normal,1512,0,1782361622.5163872,0.001982450485229492
256193,normal,745,0,1782361622.518233,0.0018458366394042969
256194,normal,1249,0,1782361622.520262,0.002028942108154297
256195,normal,2478,0,1782361622.5224,0.002137899398803711
256196,normal,1842,0,1782361622.5242515,0.0018515586853027344
256197,normal,1069,0,1782361622.5262702,0.0020186901092529297
256198,normal,339,0,1782361622.5283864,0.0021162033081054688
256199,normal,2087,0,1782361622.5302324,0.0018460750579833984
256200,normal,866,2,1782361622.5324013,0.002168893814086914
256201,normal,1584,0,1782361622.5343916,0.0019903182983398438
256202,normal,2018,0,1782361622.5362487,0.0018570423126220703
256203,normal,3685,0,1782361622.5384088,0.0021600723266601562
256204,normal,2212,0,1782361622.540388,0.001979351043701172
256205,normal,145,0,1782361622.5422318,0.0018436908721923828
256206,normal,3706,0,1782361622.544416,0.002184152603149414
256207,normal,873,2,1782361622.5463834,0.0019674301147460938
256208,normal,1095,0,1782361622.5482502,0.0018668174743652344
256209,normal,3306,1,1782361622.5504267,0.002176523208618164
256210,normal,2048,0,1782361622.5524247,0.0019979476928710938
256211,normal,486,0,1782361622.5542407,0.0018160343170166016
256212,normal,3238,1,1782361622.5564177,0.002177000045776367
256213,normal,2432,0,1782361622.5583863,0.0019686222076416016
256214,normal,2381,0,1782361622.5602374,0.0018510818481445312
256215,normal,943,2,1782361622.562409,0.0021715164184570312
256216,normal,293,0,1782361622.5643857,0.0019767284393310547
256217,normal,2082,0,1782361622.5662448,0.0018591880798339844
256218,normal,2368,0,1782361622.5683856,0.0021407604217529297
256219,normal,1830,0,1782361622.5704,0.0020143985748291016
256220,normal,1902,0,1782361622.572231,0.0018310546875
256221,normal,3351,1,1782361622.5744145,0.0021834373474121094
256222,normal,3484,0,1782361622.5764089,0.0019943714141845703
256223,normal,2583,0,1782361622.5782306,0.001821756362915039
256224,normal,2248,0,1782361622.5804155,0.0021848678588867188
256225,normal,1972,0,1782361622.5823789,0.001963376998901367
256226,normal,3084,1,1782361622.5842757,0.0018968582153320312
256227,normal,2971,0,1782361622.5864255,0.002149820327758789
256228,normal,3021,0,1782361622.5883877,0.0019621849060058594
256229,normal,1047,0,1782361622.5902686,0.0018808841705322266
256230,normal,3048,1,1782361622.5923862,0.002117633819580078
256231,normal,3167,1,1782361622.5943806,0.0019943714141845703
256232,normal,2547,0,1782361622.596266,0.0018854141235351562
256233,normal,1906,0,1782361622.598407,0.0021409988403320312
256234,normal,3128,1,1782361622.6003864,0.001979351043701172
256235,normal,207,0,1782361622.6022573,0.001870870590209961
256236,normal,90,0,1782361622.604403,0.0021457672119140625
256237,normal,1773,0,1782361622.6063855,0.001982450485229492
256238,normal,1859,0,1782361622.6082318,0.0018463134765625
256239,normal,3139,1,1782361622.6104054,0.0021736621856689453
256240,normal,241,0,1782361622.6123831,0.001977682113647461
256241,normal,1185,0,1782361622.614256,0.0018727779388427734
256242,normal,3095,1,1782361622.6164072,0.0021512508392333984
256243,normal,1698,0,1782361622.6183846,0.0019774436950683594
256244,normal,3654,0,1782361622.6202698,0.0018851757049560547
256245,normal,3025,0,1782361622.6223867,0.0021169185638427734
256246,normal,895,2,1782361622.6243792,0.001992464065551758
256247,normal,1595,0,1782361622.626266,0.0018868446350097656
256248,normal,565,0,1782361622.628404,0.002137899398803711
256249,normal,1981,0,1782361622.6303878,0.0019838809967041016
256250,normal,3632,0,1782361622.63227,0.001882314682006836
256251,normal,2323,0,1782361622.634401,0.0021309852600097656
256252,normal,1636,0,1782361622.6363826,0.001981496810913086
256253,normal,2045,0,1782361622.6382687,0.001886129379272461
256254,normal,3214,1,1782361622.6403859,0.002117156982421875
256255,normal,868,2,1782361622.6424003,0.0020143985748291016
256256,normal,3290,1,1782361622.644232,0.0018317699432373047
256257,normal,2416,0,1782361622.6464012,0.0021691322326660156
256258,normal,3363,1,1782361622.6483886,0.001987457275390625
256259,normal,1120,0,1782361622.6502798,0.0018911361694335938
256260,normal,381,0,1782361622.6524298,0.0021500587463378906
256261,normal,1523,0,1782361622.6544964,0.0020666122436523438
256262,normal,2192,0,1782361622.6562743,0.0017778873443603516
256263,normal,455,0,1782361622.6585007,0.0022263526916503906
256264,normal,2922,0,1782361622.6604412,0.0019404888153076172
256265,normal,172,0,1782361622.6623728,0.0019316673278808594
256266,normal,1633,0,1782361622.6642768,0.0019040107727050781
256267,normal,1639,0,1782361622.6664066,0.002129793167114258
256268,normal,3438,0,1782361622.668249,0.0018422603607177734
256269,normal,1470,0,1782361622.6704912,0.0022423267364501953
256270,normal,1423,0,1782361622.6724112,0.0019199848175048828
256271,normal,3279,1,1782361622.674249,0.0018377304077148438
256272,normal,1085,0,1782361622.6764357,0.0021867752075195312
256273,normal,1571,0,1782361622.678413,0.001977205276489258
256274,normal,2043,0,1782361622.680248,0.0018351078033447266
256275,normal,959,2,1782361622.6824238,0.0021758079528808594
256276,normal,772,2,1782361622.6844103,0.0019865036010742188
256277,normal,989,2,1782361622.686333,0.001922607421875
256278,normal,754,0,1782361622.6882763,0.001943349838256836
256279,normal,1925,0,1782361622.6904228,0.002146482467651367
256280,normal,2283,0,1782361622.6922476,0.0018248558044433594
256281,normal,2400,0,1782361622.6942542,0.00200653076171875
256282,normal,1205,0,1782361622.696426,0.002171754837036133
256283,normal,1465,0,1782361622.6982505,0.0018246173858642578
256284,normal,61,0,1782361622.7004306,0.0021800994873046875
256285,normal,391,0,1782361622.7024097,0.0019791126251220703
256286,normal,2376,0,1782361622.7042484,0.00183868408203125
256287,normal,1996,0,1782361622.7065039,0.0022554397583007812
256288,normal,1035,0,1782361622.7084267,0.0019228458404541016
256289,normal,2961,0,1782361622.710249,0.0018222332000732422
256290,normal,151,0,1782361622.7124217,0.002172708511352539
256291,normal,742,0,1782361622.714419,0.001997232437133789
256292,normal,2742,0,1782361622.716249,0.0018301010131835938
256293,normal,3116,1,1782361622.718423,0.002173900604248047
256294,normal,901,2,1782361622.7204196,0.001996755599975586
256295,normal,3691,0,1782361622.7222474,0.0018277168273925781
256296,normal,2005,0,1782361622.7244217,0.00217437744140625
256297,normal,733,0,1782361622.7264318,0.0020101070404052734
256298,normal,2286,0,1782361622.7282484,0.0018165111541748047
256299,normal,85,0,1782361622.7305121,0.002263784408569336
256300,normal,3177,1,1782361622.7324157,0.001903533935546875
256301,normal,693,0,1782361622.7342477,0.0018320083618164062
256302,normal,3317,1,1782361622.736422,0.00217437744140625
256303,normal,82,0,1782361622.7384233,0.0020012855529785156
256304,normal,3640,0,1782361622.7402527,0.001829385757446289
256305,normal,16,0,1782361622.7424212,0.002168416976928711
256306,normal,663,0,1782361622.7444153,0.0019941329956054688
256307,normal,190,0,1782361622.7462528,0.0018374919891357422
256308,normal,2945,0,1782361622.7484224,0.0021696090698242188
256309,normal,3060,1,1782361622.7504156,0.0019931793212890625
256310,normal,3651,0,1782361622.7522485,0.0018329620361328125
256311,normal,2375,0,1782361622.7544236,0.0021750926971435547
256312,normal,3458,0,1782361622.756449,0.0020253658294677734
256313,normal,1407,0,1782361622.758249,0.0018000602722167969
256314,normal,2470,0,1782361622.7604532,0.0022041797637939453
256315,normal,3456,0,1782361622.762418,0.0019648075103759766
256316,normal,52,0,1782361622.764264,0.0018460750579833984
256317,normal,902,2,1782361622.7664242,0.0021600723266601562
256318,normal,3503,0,1782361622.7684107,0.0019865036010742188
256319,normal,1360,1,1782361622.7702482,0.0018374919891357422
256320,normal,1283,0,1782361622.7724233,0.0021750926971435547
256321,normal,296,0,1782361622.7744148,0.0019915103912353516
256322,normal,970,2,1782361622.7762983,0.0018835067749023438
256323,normal,3198,1,1782361622.7784367,0.002138376235961914
256324,normal,2000,0,1782361622.7804098,0.0019731521606445312
256325,normal,2917,0,1782361622.782249,0.0018391609191894531
256326,normal,3197,1,1782361622.7844238,0.002174854278564453
256327,normal,1010,2,1782361622.7864137,0.0019898414611816406
256328,normal,3185,1,1782361622.7882495,0.0018358230590820312
256329,normal,1119,0,1782361622.7904036,0.002154111862182617
256330,normal,3119,1,1782361622.7924035,0.0019998550415039062
256331,normal,2136,0,1782361622.794249,0.0018455982208251953
256332,normal,2901,0,1782361622.7964237,0.0021746158599853516
256333,normal,749,0,1782361622.798407,0.0019834041595458984
256334,normal,1008,2,1782361622.8002493,0.0018422603607177734
256335,normal,941,2,1782361622.8024468,0.0021975040435791016
256336,normal,2247,0,1782361622.804409,0.0019621849060058594
256337,normal,1674,0,1782361622.8062494,0.001840353012084961
256338,normal,1938,0,1782361622.8084016,0.0021522045135498047
256339,normal,2816,0,1782361622.8104105,0.0020089149475097656
256340,normal,2814,0,1782361622.812249,0.0018384456634521484
256341,normal,545,0,1782361622.8144681,0.0022192001342773438
256342,normal,911,2,1782361622.8164032,0.0019350051879882812
256343,normal,2392,0,1782361622.8182552,0.0018520355224609375
256344,normal,2157,0,1782361622.8204362,0.0021810531616210938
256345,normal,1658,0,1782361622.822412,0.0019757747650146484
256346,normal,1979,0,1782361622.824249,0.001837015151977539
256347,normal,1946,0,1782361622.8264825,0.0022335052490234375
256348,normal,3470,0,1782361622.8284152,0.0019326210021972656
256349,normal,2642,0,1782361622.8302498,0.0018346309661865234
256350,normal,3406,0,1782361622.8324273,0.0021774768829345703
256351,normal,2347,0,1782361622.834409,0.0019817352294921875
256352,normal,2436,0,1782361622.836249,0.0018401145935058594
256353,normal,1297,0,1782361622.8384395,0.0021903514862060547
256354,normal,1748,0,1782361622.8404493,0.002009868621826172
256355,normal,3525,0,1782361622.8422487,0.0017993450164794922
256356,normal,3500,0,1782361622.8444626,0.0022139549255371094
256357,normal,2862,0,1782361622.846407,0.0019443035125732422
256358,normal,297,0,1782361622.8482544,0.0018475055694580078
256359,normal,2535,0,1782361622.8504288,0.00217437744140625
256360,normal,1453,0,1782361622.8524325,0.0020036697387695312
256361,normal,3039,0,1782361622.8542717,0.0018391609191894531
256362,normal,3596,0,1782361622.8564677,0.002196073532104492
256363,normal,275,0,1782361622.858402,0.0019342899322509766
256364,normal,237,0,1782361622.860248,0.0018460750579833984
256365,normal,3072,1,1782361622.8624225,0.00217437744140625
256366,normal,2141,0,1782361622.864412,0.001989603042602539
256367,normal,2817,0,1782361622.8662996,0.0018875598907470703
256368,normal,2532,0,1782361622.8684065,0.002106904983520508
256369,normal,1590,0,1782361622.870249,0.001842498779296875
256370,normal,2257,0,1782361622.872313,0.0020639896392822266
256371,normal,2725,0,1782361622.8742654,0.0019524097442626953
256372,normal,1649,0,1782361622.8762262,0.00196075439453125
256373,normal,1372,1,1782361622.8782065,0.001980304718017578
256374,normal,99,0,1782361622.8802495,0.002043008804321289
256375,normal,1502,0,1782361622.8822627,0.0020132064819335938
256376,normal,2227,0,1782361622.884236,0.001973390579223633
256377,normal,2406,0,1782361622.8862352,0.0019991397857666016
256378,normal,2284,0,1782361622.8882225,0.0019872188568115234
256379,normal,1438,0,1782361622.8902256,0.002003192901611328
256380,normal,3465,0,1782361622.8922381,0.002012491226196289
256381,normal,2921,0,1782361622.8942077,0.001969575881958008
256382,normal,687,0,1782361622.8962162,0.0020084381103515625
256383,normal,3563,0,1782361622.8982353,0.002019166946411133
256384,normal,677,0,1782361622.9003685,0.0021331310272216797
256385,normal,704,0,1782361622.9022658,0.0018973350524902344
256386,normal,3047,1,1782361622.904334,0.0020682811737060547
256387,normal,718,0,1782361622.906233,0.0018990039825439453
256388,normal,691,0,1782361622.9082148,0.0019817352294921875
256389,normal,3187,1,1782361622.9103968,0.0021820068359375
256390,normal,2278,0,1782361622.9123924,0.001995563507080078
256391,normal,2446,0,1782361622.9142594,0.001867055892944336
256392,normal,3673,0,1782361622.9163883,0.0021288394927978516
256393,normal,2390,0,1782361622.9184177,0.0020294189453125
256394,normal,1572,0,1782361622.9202342,0.0018165111541748047
256395,normal,1029,2,1782361622.9224024,0.0021681785583496094
256396,normal,1959,0,1782361622.9243956,0.0019931793212890625
256397,normal,568,0,1782361622.9262524,0.0018568038940429688
256398,normal,544,0,1782361622.9283879,0.0021355152130126953
256399,normal,2723,0,1782361622.9303887,0.0020008087158203125
256400,normal,2847,0,1782361622.9323022,0.0019135475158691406
256401,normal,3674,0,1782361622.9342678,0.0019655227661132812
256402,normal,1269,0,1782361622.9363925,0.002124786376953125
256403,normal,1128,0,1782361622.9382687,0.0018761157989501953
256404,normal,330,0,1782361622.940434,0.0021653175354003906
256405,normal,3023,0,1782361622.9423888,0.001954793930053711
256406,normal,155,0,1782361622.9442713,0.0018825531005859375
256407,normal,986,2,1782361622.9464128,0.0021414756774902344
256408,normal,3145,1,1782361622.948386,0.0019731521606445312
256409,normal,3628,0,1782361622.9502594,0.0018734931945800781
256410,normal,1626,0,1782361622.9524066,0.002147197723388672
256411,normal,3661,0,1782361622.9543915,0.001984834671020508
256412,normal,1813,0,1782361622.9562728,0.0018813610076904297
256413,normal,3387,1,1782361622.958412,0.0021390914916992188
256414,normal,1285,0,1782361622.9604077,0.0019958019256591797
256415,normal,1428,0,1782361622.9622524,0.001844644546508789
256416,normal,3663,0,1782361622.9644036,0.0021512508392333984
256417,normal,1419,0,1782361622.9664345,0.0020308494567871094
256418,normal,2121,0,1782361622.968316,0.0018815994262695312
256419,normal,2021,0,1782361622.9704216,0.0021054744720458984
256420,normal,11,0,1782361622.9723933,0.001971721649169922
256421,normal,660,0,1782361622.9742754,0.0018820762634277344
256422,normal,2571,0,1782361622.9764078,0.002132415771484375
256423,normal,909,2,1782361622.9784334,0.002025604248046875
256424,normal,2681,0,1782361622.9802442,0.0018107891082763672
256425,normal,39,0,1782361622.9824033,0.00215911865234375
256426,normal,2864,0,1782361622.9844215,0.0020182132720947266
256427,normal,1429,0,1782361622.9862714,0.0018498897552490234
256428,normal,1940,0,1782361622.9883955,0.0021240711212158203
256429,normal,667,0,1782361622.990407,0.002011537551879883
256430,normal,1839,0,1782361622.992259,0.0018520355224609375
256431,normal,2850,0,1782361622.994407,0.0021479129791259766
256432,normal,162,0,1782361622.9963946,0.0019876956939697266
256433,normal,2677,0,1782361622.9982436,0.0018489360809326172
256434,normal,2912,0,1782361623.0003908,0.002147197723388672
256435,normal,567,0,1782361623.0024014,0.0020105838775634766
256436,normal,2255,0,1782361623.0042548,0.0018534660339355469
256437,normal,3034,0,1782361623.0064154,0.0021605491638183594
256438,normal,3502,0,1782361623.0083923,0.0019769668579101562
256439,normal,2776,0,1782361623.0102744,0.0018820762634277344
256440,normal,2925,0,1782361623.0124032,0.0021288394927978516
256441,normal,1496,0,1782361623.0143988,0.001995563507080078
256442,normal,2679,0,1782361623.0162354,0.001836538314819336
256443,normal,131,0,1782361623.0184097,0.00217437744140625
256444,normal,1367,1,1782361623.0203881,0.0019783973693847656
256445,normal,28,0,1782361623.0222805,0.0018923282623291016
256446,normal,258,0,1782361623.0243921,0.002111673355102539
256447,normal,1173,0,1782361623.0263982,0.002006053924560547
256448,normal,2962,0,1782361623.0282357,0.0018374919891357422
256449,normal,1553,0,1782361623.0304103,0.0021746158599853516
256450,normal,1267,0,1782361623.032387,0.0019767284393310547
256451,normal,3507,0,1782361623.034275,0.0018880367279052734
256452,normal,2904,0,1782361623.0363925,0.0021173954010009766
256453,normal,3405,0,1782361623.038398,0.0020055770874023438
256454,normal,2603,0,1782361623.0402353,0.0018372535705566406
256455,normal,2811,0,1782361623.0424085,0.002173185348510742
256456,normal,2924,0,1782361623.0443819,0.001973390579223633
256457,normal,3244,1,1782361623.0462759,0.0018939971923828125
256458,normal,2202,0,1782361623.0483918,0.002115964889526367
256459,normal,774,2,1782361623.0504007,0.0020089149475097656
256460,normal,186,0,1782361623.0522413,0.0018405914306640625
256461,normal,41,0,1782361623.0544088,0.0021674633026123047
256462,normal,1823,0,1782361623.0563831,0.001974344253540039
256463,normal,3107,1,1782361623.0582376,0.0018544197082519531
256464,normal,1250,0,1782361623.0603955,0.002157926559448242
256465,normal,1726,0,1782361623.0623965,0.002001047134399414
256466,normal,2422,0,1782361623.0642357,0.0018391609191894531
256467,normal,2907,0,1782361623.0664072,0.0021715164184570312
256468,normal,2668,0,1782361623.0683908,0.001983642578125
256469,normal,3033,0,1782361623.070273,0.0018820762634277344
256470,normal,1232,0,1782361623.0723946,0.0021216869354248047
256471,normal,156,0,1782361623.0743966,0.0020020008087158203
256472,normal,920,2,1782361623.0762343,0.0018377304077148438
256473,normal,953,2,1782361623.0783875,0.002153158187866211
256474,normal,584,0,1782361623.0803902,0.002002716064453125
256475,normal,3390,1,1782361623.0822747,0.00188446044921875
256476,normal,3148,1,1782361623.084394,0.002119302749633789
256477,normal,1679,0,1782361623.0863962,0.002002239227294922
256478,normal,3090,1,1782361623.088235,0.00183868408203125
256479,normal,2919,0,1782361623.0902777,0.0020427703857421875
256480,normal,478,0,1782361623.0923991,0.002121448516845703
256481,normal,3575,0,1782361623.094285,0.0018858909606933594
256482,normal,2828,0,1782361623.0963957,0.002110719680786133
256483,normal,1396,0,1782361623.098399,0.002003192901611328
256484,normal,3459,0,1782361623.1002347,0.0018358230590820312
256485,normal,316,0,1782361623.1024108,0.002176046371459961
256486,normal,763,0,1782361623.104414,0.002003192901611328
256487,normal,1289,0,1782361623.1062756,0.001861572265625
256488,normal,3001,0,1782361623.1083994,0.0021238327026367188
256489,normal,3268,1,1782361623.1103976,0.0019981861114501953
256490,normal,3611,0,1782361623.1122344,0.0018367767333984375
256491,normal,878,2,1782361623.1144092,0.002174854278564453
256492,normal,2053,0,1782361623.116378,0.001968860626220703
256493,normal,4,0,1782361623.1182745,0.0018963813781738281
256494,normal,2834,0,1782361623.1203926,0.0021181106567382812
256495,normal,321,0,1782361623.1223984,0.0020058155059814453
256496,normal,1757,0,1782361623.1242433,0.0018448829650878906
256497,normal,2923,0,1782361623.1264124,0.0021691322326660156
256498,normal,26,0,1782361623.1285338,0.002121448516845703
256499,normal,195,0,1782361623.130247,0.0017132759094238281
256500,normal,2485,0,1782361623.1323905,0.002143383026123047
256501,normal,1125,0,1782361623.1343775,0.001986980438232422
256502,normal,2328,0,1782361623.136273,0.0018954277038574219
256503,normal,1466,0,1782361623.138393,0.0021200180053710938
256504,normal,2882,0,1782361623.1403959,0.0020029544830322266
256505,normal,3316,1,1782361623.142234,0.0018382072448730469
256506,normal,3501,0,1782361623.1444063,0.002172231674194336
256507,normal,1916,0,1782361623.1463764,0.001970052719116211
256508,normal,1642,0,1782361623.1482718,0.0018954277038574219
256509,normal,2186,0,1782361623.1503997,0.0021278858184814453
256510,normal,1616,0,1782361623.1523907,0.0019910335540771484
256511,normal,2163,0,1782361623.154233,0.0018422603607177734
256512,normal,2177,0,1782361623.1564157,0.0021827220916748047
256513,normal,2846,0,1782361623.1583726,0.001956939697265625
256514,normal,1315,0,1782361623.1603405,0.001967906951904297
256515,normal,1239,0,1782361623.162223,0.0018825531005859375
256516,normal,2698,0,1782361623.1643982,0.0021750926971435547
256517,normal,3009,0,1782361623.1662343,0.0018360614776611328
256518,normal,1318,0,1782361623.1684093,0.0021750926971435547
256519,normal,2848,0,1782361623.1703806,0.0019712448120117188
256520,normal,3404,0,1782361623.1722703,0.0018897056579589844
256521,normal,1706,0,1782361623.174392,0.0021216869354248047
256522,normal,385,0,1782361623.1763895,0.0019974708557128906
256523,normal,1379,1,1782361623.178233,0.0018434524536132812
256524,normal,460,0,1782361623.1804073,0.00217437744140625
256525,normal,3194,1,1782361623.182382,0.001974821090698242
256526,normal,1048,0,1782361623.1842697,0.0018875598907470703
256527,normal,1866,0,1782361623.1864345,0.0021648406982421875
256528,normal,88,0,1782361623.1884034,0.001968860626220703
256529,normal,3701,0,1782361623.1902356,0.0018322467803955078
256530,normal,1027,2,1782361623.1924107,0.0021750926971435547
256531,normal,3618,0,1782361623.1943836,0.0019729137420654297
256532,normal,1110,0,1782361623.1962569,0.0018732547760009766
256533,normal,472,0,1782361623.1983912,0.0021343231201171875
256534,normal,3481,0,1782361623.2004154,0.0020241737365722656
256535,normal,2468,0,1782361623.2022793,0.0018639564514160156
256536,normal,2939,0,1782361623.204382,0.0021026134490966797
256537,normal,2167,0,1782361623.2063937,0.0020117759704589844
256538,normal,1689,0,1782361623.208243,0.0018491744995117188
256539,normal,1780,0,1782361623.210391,0.002148151397705078
256540,normal,1489,0,1782361623.2123961,0.0020051002502441406
256541,normal,1522,0,1782361623.2142346,0.0018384456634521484
256542,normal,3609,0,1782361623.2163913,0.0021567344665527344
256543,normal,701,0,1782361623.218392,0.002000570297241211
256544,normal,3233,1,1782361623.2202375,0.0018455982208251953
256545,normal,2851,0,1782361623.2223885,0.002151012420654297
256546,normal,3371,1,1782361623.2243857,0.001997232437133789
256547,normal,2780,0,1782361623.2262378,0.0018520355224609375
256548,normal,2696,0,1782361623.2283883,0.0021505355834960938
256549,normal,2240,0,1782361623.230407,0.0020186901092529297
256550,normal,2898,0,1782361623.2322345,0.0018274784088134766
256551,normal,2686,0,1782361623.2343888,0.0021543502807617188
256552,normal,1398,0,1782361623.2364028,0.0020139217376708984
256553,normal,2640,0,1782361623.238236,0.001833200454711914
256554,normal,380,0,1782361623.2403882,0.0021522045135498047
256555,normal,1277,0,1782361623.2423942,0.002006053924560547
256556,normal,850,2,1782361623.2442338,0.0018396377563476562
256557,normal,1779,0,1782361623.2464106,0.0021767616271972656
256558,normal,400,0,1782361623.2483902,0.0019795894622802734
256559,normal,1238,0,1782361623.2502353,0.0018451213836669922
256560,normal,1992,0,1782361623.2524133,0.0021779537200927734
256561,normal,2647,0,1782361623.2544253,0.002012014389038086
256562,normal,87,0,1782361623.2562366,0.0018112659454345703
256563,normal,3411,0,1782361623.2584164,0.002179861068725586
256564,normal,2124,0,1782361623.2603781,0.0019617080688476562
256565,normal,3111,1,1782361623.2622712,0.0018930435180664062
256566,normal,2896,0,1782361623.2643852,0.0021140575408935547
256567,normal,2752,0,1782361623.266391,0.0020058155059814453
256568,normal,3346,1,1782361623.2682366,0.0018455982208251953
256569,normal,2290,0,1782361623.2704158,0.0021791458129882812
256570,normal,1007,2,1782361623.2723768,0.0019609928131103516
256571,normal,1081,0,1782361623.2742336,0.0018568038940429688
256572,normal,3681,0,1782361623.2763846,0.002151012420654297
256573,normal,522,0,1782361623.278389,0.002004384994506836
256574,normal,2190,0,1782361623.280301,0.0019121170043945312
256575,normal,1167,0,1782361623.282401,0.0020999908447265625
256576,normal,213,0,1782361623.2843802,0.0019791126251220703
256577,normal,2958,0,1782361623.2862828,0.0019025802612304688
256578,normal,2292,0,1782361623.288388,0.002105236053466797
256579,normal,2108,0,1782361623.2903934,0.002005338668823242
256580,normal,60,0,1782361623.2922368,0.0018434524536132812
256581,normal,659,0,1782361623.2943833,0.002146482467651367
256582,normal,1212,0,1782361623.2963881,0.002004861831665039
256583,normal,684,0,1782361623.2982569,0.0018687248229980469
256584,normal,294,0,1782361623.3003826,0.0021257400512695312
256585,normal,251,0,1782361623.3023744,0.001991748809814453
256586,normal,3136,1,1782361623.304234,0.0018596649169921875
256587,normal,1618,0,1782361623.3063967,0.0021626949310302734
256588,normal,84,0,1782361623.308381,0.0019843578338623047
256589,normal,2840,0,1782361623.3102393,0.0018582344055175781
256590,normal,3069,1,1782361623.3123786,0.0021393299102783203
256591,normal,33,0,1782361623.3143744,0.0019958019256591797
256592,normal,731,0,1782361623.3162367,0.0018622875213623047
256593,normal,3248,1,1782361623.3183846,0.0021479129791259766
256594,normal,1084,0,1782361623.3203816,0.0019969940185546875
256595,normal,1098,0,1782361623.3222322,0.0018506050109863281
256596,normal,2203,0,1782361623.324396,0.0021636486053466797
256597,normal,1628,0,1782361623.326373,0.001977205276489258
256598,normal,2062,0,1782361623.3282351,0.0018620491027832031
256599,normal,2214,0,1782361623.3304825,0.002247333526611328
256600,normal,2790,0,1782361623.3323693,0.0018868446350097656
256601,normal,2942,0,1782361623.33423,0.0018606185913085938
256602,normal,2502,0,1782361623.3363938,0.0021638870239257812
256603,normal,3604,0,1782361623.338364,0.001970052719116211
256604,normal,2265,0,1782361623.3402343,0.0018703937530517578
256605,normal,1841,0,1782361623.3424714,0.002237081527709961
256606,normal,2643,0,1782361623.3443956,0.001924276351928711
256607,normal,1254,0,1782361623.346234,0.0018384456634521484
256608,normal,828,2,1782361623.3484,0.0021660327911376953
256609,normal,1430,0,1782361623.350394,0.001993894577026367
256610,normal,1643,0,1782361623.352237,0.0018429756164550781
256611,normal,1460,0,1782361623.3543992,0.0021622180938720703
256612,normal,452,0,1782361623.3563826,0.0019834041595458984
256613,normal,2472,0,1782361623.3582842,0.0019016265869140625
256614,normal,70,0,1782361623.360406,0.0021216869354248047
256615,normal,2501,0,1782361623.362376,0.001970052719116211
256616,normal,1524,0,1782361623.3642735,0.001897573471069336
256617,normal,1884,0,1782361623.3663816,0.0021080970764160156
256618,normal,498,0,1782361623.368372,0.0019903182983398438
256619,normal,3483,0,1782361623.3702369,0.0018649101257324219
256620,normal,3497,0,1782361623.3723836,0.0021467208862304688
256621,normal,1335,1,1782361623.3743649,0.0019812583923339844
256622,normal,2267,0,1782361623.3762372,0.0018723011016845703
256623,normal,3678,0,1782361623.378385,0.0021479129791259766
256624,normal,877,2,1782361623.3803842,0.0019991397857666016
256625,normal,72,0,1782361623.3822353,0.0018510818481445312
256626,normal,332,0,1782361623.3843863,0.002151012420654297
256627,normal,1275,0,1782361623.3863854,0.0019991397857666016
256628,normal,3650,0,1782361623.3882253,0.0018398761749267578
256629,normal,2360,0,1782361623.3904068,0.002181529998779297
256630,normal,730,0,1782361623.3923707,0.0019638538360595703
256631,normal,512,0,1782361623.3942719,0.0019011497497558594
256632,normal,3035,0,1782361623.396386,0.0021140575408935547
256633,normal,3491,0,1782361623.3983843,0.001998424530029297
256634,normal,955,2,1782361623.4002385,0.0018541812896728516
256635,normal,2508,0,1782361623.4023905,0.002151966094970703
256636,normal,138,0,1782361623.4043782,0.0019876956939697266
256637,normal,2178,0,1782361623.4062471,0.0018689632415771484
256638,normal,444,0,1782361623.4083874,0.0021402835845947266
256639,normal,304,0,1782361623.4103775,0.001990079879760742
256640,normal,1580,0,1782361623.412233,0.001855611801147461
256641,normal,147,0,1782361623.4143875,0.0021543502807617188
256642,normal,829,2,1782361623.4163823,0.0019948482513427734
256643,normal,377,0,1782361623.418231,0.0018486976623535156
256644,normal,2678,0,1782361623.4203875,0.002156496047973633
256645,normal,2608,0,1782361623.4223797,0.0019922256469726562
256646,normal,1937,0,1782361623.4242358,0.001856088638305664
256647,normal,3313,1,1782361623.4263866,0.0021507740020751953
256648,normal,2303,0,1782361623.4283817,0.001995086669921875
256649,normal,1741,0,1782361623.4302318,0.001850128173828125
256650,normal,389,0,1782361623.432382,0.002150297164916992
256651,normal,757,0,1782361623.4343817,0.0019996166229248047
256652,normal,2056,0,1782361623.436235,0.0018532276153564453
256653,normal,2430,0,1782361623.4383836,0.0021486282348632812
256654,normal,613,0,1782361623.4403872,0.0020036697387695312
256655,normal,3668,0,1782361623.4422584,0.0018711090087890625
256656,normal,950,2,1782361623.4444072,0.002148866653442383
256657,normal,1985,0,1782361623.4464016,0.0019943714141845703
256658,normal,570,0,1782361623.4482493,0.0018477439880371094
256659,normal,248,0,1782361623.4504013,0.002151966094970703
256660,normal,1358,1,1782361623.4523947,0.001993417739868164
256661,normal,3272,1,1782361623.45427,0.001875162124633789
256662,normal,1562,0,1782361623.457411,0.003141164779663086
256663,normal,1368,1,1782361623.458554,0.0011429786682128906
256664,normal,262,0,1782361623.4604175,0.0018634796142578125
256665,normal,1495,0,1782361623.4623752,0.0019576549530029297
256666,normal,1190,0,1782361623.4645298,0.0021545886993408203
256667,normal,2057,0,1782361623.466275,0.0017452239990234375
256668,normal,174,0,1782361623.468382,0.002106904983520508
256669,normal,519,0,1782361623.4703581,0.0019762516021728516
256670,normal,1395,0,1782361623.472272,0.0019137859344482422
256671,normal,520,0,1782361623.474383,0.002111196517944336
256672,normal,3420,0,1782361623.4762852,0.0019021034240722656
256673,normal,2616,0,1782361623.4782329,0.001947641372680664
256674,normal,1033,0,1782361623.4803913,0.0021584033966064453
256675,normal,3572,0,1782361623.4822743,0.0018830299377441406
256676,normal,1014,2,1782361623.4842386,0.0019643306732177734
256677,normal,695,0,1782361623.4864397,0.002201080322265625
256678,normal,2838,0,1782361623.488272,0.0018322467803955078
256679,normal,767,0,1782361623.490234,0.001961946487426758
256680,normal,1528,0,1782361623.492436,0.0022020339965820312
256681,normal,3488,0,1782361623.4942718,0.0018358230590820312
256682,normal,3260,1,1782361623.496232,0.001960277557373047
256683,normal,2513,0,1782361623.4983838,0.0021517276763916016
256684,normal,2842,0,1782361623.5003774,0.0019936561584472656
256685,normal,1075,0,1782361623.5022347,0.0018572807312011719
256686,normal,3223,1,1782361623.50444,0.002205371856689453
256687,normal,2975,0,1782361623.506363,0.0019228458404541016
256688,normal,1259,0,1782361623.5082362,0.0018732547760009766
256689,normal,3386,1,1782361623.5103827,0.002146482467651367
256690,normal,645,0,1782361623.5123706,0.001987934112548828
256691,normal,1588,0,1782361623.514238,0.001867532730102539
256692,normal,1955,0,1782361623.5164554,0.0022172927856445312
256693,normal,3599,0,1782361623.518391,0.0019354820251464844
256694,normal,1377,1,1782361623.5202563,0.001865386962890625
256695,normal,2986,0,1782361623.5223858,0.0021295547485351562
256696,normal,3344,1,1782361623.524376,0.001990079879760742
256697,normal,109,0,1782361623.526232,0.001856088638305664
256698,normal,1721,0,1782361623.5284495,0.002217531204223633
256699,normal,482,0,1782361623.5303855,0.0019359588623046875
256700,normal,1034,0,1782361623.53223,0.0018444061279296875
256701,normal,2019,0,1782361623.5343823,0.0021524429321289062
256702,normal,2854,0,1782361623.536375,0.0019927024841308594
256703,normal,2371,0,1782361623.5382323,0.0018572807312011719
256704,normal,1291,0,1782361623.540457,0.0022246837615966797
256705,normal,123,0,1782361623.542368,0.0019109249114990234
256706,normal,1086,0,1782361623.5442307,0.0018627643585205078
256707,normal,2891,0,1782361623.5463831,0.0021524429321289062
256708,normal,3006,0,1782361623.5483675,0.0019843578338623047
256709,normal,2450,0,1782361623.5502338,0.0018663406372070312
256710,normal,812,2,1782361623.5524578,0.002223968505859375
256711,normal,2803,0,1782361623.5543895,0.0019316673278808594
256712,normal,94,0,1782361623.5562322,0.0018427371978759766
256713,normal,1907,0,1782361623.558461,0.0022287368774414062
256714,normal,2253,0,1782361623.560379,0.0019180774688720703
256715,normal,1273,0,1782361623.5622523,0.0018732547760009766
256716,normal,164,0,1782361623.5644646,0.0022122859954833984
256717,normal,1799,0,1782361623.5664022,0.0019376277923583984
256718,normal,2604,0,1782361623.568249,0.0018467903137207031
256719,normal,2711,0,1782361623.5704663,0.0022172927856445312
256720,normal,1446,0,1782361623.5724041,0.0019378662109375
256721,normal,3523,0,1782361623.5742478,0.0018436908721923828
256722,normal,654,0,1782361623.5764449,0.0021970272064208984
256723,normal,271,0,1782361623.5783894,0.0019445419311523438
256724,normal,1104,0,1782361623.5802617,0.0018723011016845703
256725,normal,1253,0,1782361623.582472,0.002210378646850586
256726,normal,1354,1,1782361623.5843935,0.0019214153289794922
256727,normal,1287,0,1782361623.5862484,0.0018548965454101562
256728,normal,1432,0,1782361623.5884738,0.0022253990173339844
256729,normal,1198,0,1782361623.5903952,0.0019214153289794922
256730,normal,1421,0,1782361623.592249,0.0018537044525146484
256731,normal,468,0,1782361623.5944436,0.002194643020629883
256732,normal,368,0,1782361623.596329,0.0018854141235351562
256733,normal,3067,1,1782361623.598281,0.0019519329071044922
256734,normal,777,2,1782361623.6003866,0.002105712890625
256735,normal,3125,1,1782361623.6023753,0.001988649368286133
256736,normal,1229,0,1782361623.6042328,0.0018575191497802734
256737,normal,629,0,1782361623.6063795,0.0021467208862304688
256738,normal,1936,0,1782361623.6083522,0.001972675323486328
256739,normal,1682,0,1782361623.6102462,0.0018939971923828125
256740,normal,3463,0,1782361623.6124067,0.0021605491638183594
256741,normal,2744,0,1782361623.6143546,0.0019478797912597656
256742,normal,1413,0,1782361623.6162663,0.0019116401672363281
256743,normal,1708,0,1782361623.6183903,0.0021240711212158203
256744,normal,1332,1,1782361623.620381,0.001990795135498047
256745,normal,3098,1,1782361623.622229,0.001847982406616211
256746,normal,2965,0,1782361623.6243887,0.002159595489501953
256747,normal,437,0,1782361623.626347,0.0019583702087402344
256748,normal,3218,1,1782361623.6282678,0.0019207000732421875
256749,normal,883,2,1782361623.6303847,0.0021169185638427734
256750,normal,2593,0,1782361623.6323793,0.001994609832763672
256751,normal,3637,0,1782361623.6342325,0.0018532276153564453
256752,normal,148,0,1782361623.6363907,0.0021581649780273438
256753,normal,104,0,1782361623.6383753,0.0019845962524414062
256754,normal,2314,0,1782361623.640268,0.0018928050994873047
256755,normal,2042,0,1782361623.6424096,0.0021414756774902344
256756,normal,3274,1,1782361623.6443937,0.001984119415283203
256757,normal,1166,0,1782361623.646283,0.0018892288208007812
256758,normal,2262,0,1782361623.6484022,0.002119302749633789
256759,normal,2299,0,1782361623.6503892,0.001986980438232422
256760,normal,3620,0,1782361623.6522481,0.0018589496612548828
256761,normal,1380,1,1782361623.6544023,0.002154111862182617
256762,normal,2006,0,1782361623.6563807,0.0019783973693847656
256763,normal,2443,0,1782361623.65825,0.0018694400787353516
256764,normal,3146,1,1782361623.6604035,0.0021533966064453125
256765,normal,3200,1,1782361623.662399,0.001995563507080078
256766,normal,918,2,1782361623.664249,0.0018498897552490234
256767,normal,3058,1,1782361623.6663742,0.002125263214111328
256768,normal,940,2,1782361623.6683455,0.0019712448120117188
256769,normal,2491,0,1782361623.6702425,0.0018970966339111328
256770,normal,1186,0,1782361623.6723442,0.0021016597747802734
256771,normal,2208,0,1782361623.6742558,0.0019116401672363281
256772,normal,897,2,1782361623.6763754,0.0021195411682128906
256773,normal,2605,0,1782361623.6782138,0.0018384456634521484
256774,normal,80,0,1782361623.6802568,0.002043008804321289
256775,normal,2871,0,1782361623.682285,0.002028226852416992
256776,normal,306,0,1782361623.6842558,0.0019707679748535156
256777,normal,987,2,1782361623.6864338,0.0021779537200927734
256778,normal,1363,1,1782361623.688276,0.0018422603607177734
256779,normal,2517,0,1782361623.6904027,0.0021266937255859375
256780,normal,3217,1,1782361623.6923966,0.001993894577026367
256781,normal,2560,0,1782361623.6942766,0.0018799304962158203
256782,normal,2549,0,1782361623.6964016,0.0021250247955322266
256783,normal,3407,0,1782361623.6983871,0.0019855499267578125
256784,normal,3030,0,1782361623.7002475,0.0018603801727294922
256785,normal,1718,0,1782361623.7024016,0.002154111862182617
256786,normal,3352,1,1782361623.7043862,0.0019845962524414062
256787,normal,450,0,1782361623.7062495,0.001863241195678711
256788,normal,721,0,1782361623.70842,0.002170562744140625
256789,normal,3398,1,1782361623.7103872,0.001967191696166992
256790,normal,524,0,1782361623.712558,0.0021708011627197266
256791,normal,2808,0,1782361623.7142422,0.0016841888427734375
256792,normal,972,2,1782361623.7162519,0.0020096302032470703
256793,normal,1919,0,1782361623.7182229,0.001971006393432617
256794,normal,3623,0,1782361623.7202256,0.002002716064453125
256795,normal,744,0,1782361623.7222326,0.002007007598876953
256796,normal,2761,0,1782361623.7242115,0.0019788742065429688
256797,normal,3544,0,1782361623.7262166,0.0020051002502441406
256798,normal,2382,0,1782361623.7282262,0.0020096302032470703
256799,normal,1610,0,1782361623.73024,0.0020139217376708984
256800,normal,557,0,1782361623.7324045,0.0021643638610839844
256801,normal,2185,0,1782361623.7343838,0.001979351043701172
256802,normal,1464,0,1782361623.7362447,0.0018608570098876953
256803,normal,3584,0,1782361623.738385,0.0021402835845947266
256804,normal,288,0,1782361623.7403953,0.002010345458984375
256805,normal,2699,0,1782361623.7422528,0.0018575191497802734
256806,normal,1391,0,1782361623.7444413,0.002188444137573242
256807,normal,1226,0,1782361623.7463877,0.0019464492797851562
256808,normal,439,0,1782361623.748232,0.001844167709350586
256809,normal,932,2,1782361623.7504427,0.002210855484008789
256810,normal,1619,0,1782361623.7523773,0.0019345283508300781
256811,normal,2165,0,1782361623.7542393,0.0018620491027832031
256812,normal,1443,0,1782361623.7564468,0.002207517623901367
256813,normal,3413,0,1782361623.758378,0.0019311904907226562
256814,normal,1805,0,1782361623.76023,0.0018520355224609375
256815,normal,2196,0,1782361623.7623868,0.0021567344665527344
256816,normal,419,0,1782361623.7643912,0.002004384994506836
256817,normal,2849,0,1782361623.7662337,0.001842498779296875
256818,normal,3333,1,1782361623.768451,0.0022172927856445312
256819,normal,892,2,1782361623.770375,0.0019240379333496094
256820,normal,3103,1,1782361623.772231,0.001856088638305664
256821,normal,1533,0,1782361623.7744548,0.0022237300872802734
256822,normal,2610,0,1782361623.7763796,0.001924753189086914
256823,normal,640,0,1782361623.7782311,0.0018515586853027344
256824,normal,3622,0,1782361623.7804558,0.0022246837615966797
256825,normal,54,0,1782361623.7823887,0.0019328594207763672
256826,normal,1761,0,1782361623.7842355,0.0018467903137207031
256827,normal,1912,0,1782361623.7864573,0.002221822738647461
256828,normal,741,0,1782361623.7883794,0.0019221305847167969
256829,normal,2095,0,1782361623.7902308,0.0018513202667236328
256830,normal,1581,0,1782361623.7924614,0.0022306442260742188
256831,normal,703,0,1782361623.7943819,0.001920461654663086
256832,normal,3647,0,1782361623.7962317,0.0018498897552490234
256833,normal,1926,0,1782361623.7984624,0.0022306442260742188
256834,normal,900,2,1782361623.800382,0.0019195079803466797
256835,normal,3278,1,1782361623.8022304,0.001848459243774414
256836,normal,395,0,1782361623.804466,0.0022356510162353516
256837,normal,1274,0,1782361623.8063881,0.0019221305847167969
256838,normal,1564,0,1782361623.808229,0.001840829849243164
256839,normal,2261,0,1782361623.810468,0.0022389888763427734
256840,normal,413,0,1782361623.8123715,0.001903533935546875
256841,normal,1043,0,1782361623.8142312,0.0018596649169921875
256842,normal,1608,0,1782361623.816471,0.0022399425506591797
256843,normal,1733,0,1782361623.8183713,0.0019001960754394531
256844,normal,1811,0,1782361623.820231,0.0018596649169921875
256845,normal,3641,0,1782361623.822472,0.0022411346435546875
256846,normal,2529,0,1782361623.8243723,0.0019001960754394531
256847,normal,3189,1,1782361623.8262305,0.0018582344055175781
256848,normal,217,0,1782361623.8283901,0.002159595489501953
256849,normal,2705,0,1782361623.8303683,0.001978158950805664
256850,normal,1809,0,1782361623.8322368,0.0018684864044189453
256851,normal,447,0,1782361623.8343809,0.0021440982818603516
256852,normal,3356,1,1782361623.836365,0.001984119415283203
256853,normal,2409,0,1782361623.8382323,0.0018672943115234375
256854,normal,1904,0,1782361623.8403845,0.0021522045135498047
256855,normal,1345,1,1782361623.8423662,0.0019817352294921875
256856,normal,1151,0,1782361623.8442292,0.0018630027770996094
256857,normal,1024,2,1782361623.8463852,0.0021560192108154297
256858,normal,3455,0,1782361623.8484414,0.002056121826171875
256859,normal,3426,0,1782361623.8502111,0.0017697811126708984
256860,normal,2107,0,1782361623.852392,0.002180814743041992
256861,normal,3573,0,1782361623.8543775,0.0019855499267578125
256862,normal,3053,1,1782361623.856253,0.0018754005432128906
256863,normal,879,2,1782361623.8583868,0.0021338462829589844
256864,normal,1049,0,1782361623.8603234,0.0019366741180419922
256865,normal,1141,0,1782361623.862231,0.0019075870513916016
256866,normal,1412,0,1782361623.8644004,0.002169370651245117
256867,normal,3680,0,1782361623.8664744,0.002074003219604492
256868,normal,2644,0,1782361623.8682828,0.0018084049224853516
256869,normal,2490,0,1782361623.870339,0.002056121826171875
256870,normal,1149,0,1782361623.8724222,0.002083301544189453
256871,normal,666,0,1782361623.8743126,0.001890420913696289
256872,normal,2037,0,1782361623.876436,0.0021233558654785156
256873,normal,1435,0,1782361623.878377,0.0019409656524658203
256874,normal,2655,0,1782361623.8802605,0.0018835067749023438
256875,normal,3045,1,1782361623.8822312,0.0019707679748535156
256876,normal,1439,0,1782361623.8843899,0.002158641815185547
256877,normal,2077,0,1782361623.8862493,0.001859426498413086
256878,normal,1210,0,1782361623.8883846,0.0021352767944335938
256879,normal,887,2,1782361623.8903408,0.0019562244415283203
256880,normal,919,2,1782361623.8922713,0.0019304752349853516
256881,normal,916,2,1782361623.8943815,0.0021102428436279297
256882,normal,2666,0,1782361623.89634,0.0019583702087402344
256883,normal,2099,0,1782361623.898233,0.0018930435180664062
256884,normal,34,0,1782361623.9004169,0.0021839141845703125
256885,normal,2439,0,1782361623.9023697,0.0019528865814208984
256886,normal,1537,0,1782361623.9042706,0.0019009113311767578
256887,normal,1699,0,1782361623.9064002,0.0021295547485351562
256888,normal,2691,0,1782361623.9083652,0.001965045928955078
256889,normal,3063,1,1782361623.9102376,0.0018723011016845703
256890,normal,758,0,1782361623.912382,0.002144336700439453
256891,normal,3452,0,1782361623.9143364,0.0019545555114746094
256892,normal,2271,0,1782361623.9162395,0.0019030570983886719
256893,normal,2289,0,1782361623.918381,0.0021414756774902344
256894,normal,3394,1,1782361623.920551,0.002170085906982422
256895,normal,934,2,1782361623.9223156,0.001764535903930664
256896,normal,2690,0,1782361623.9245365,0.0022208690643310547
256897,normal,2213,0,1782361623.9263103,0.001773834228515625
256898,normal,1202,0,1782361623.928429,0.0021185874938964844
256899,normal,647,0,1782361623.9304407,0.0020117759704589844
256900,normal,204,0,1782361623.932472,0.0020313262939453125
256901,normal,3106,1,1782361623.934274,0.0018019676208496094
256902,normal,3536,0,1782361623.9363742,0.002100229263305664
256903,normal,3526,0,1782361623.9383676,0.001993417739868164
256904,normal,1080,0,1782361623.9402475,0.0018799304962158203
256905,normal,2884,0,1782361623.9433234,0.003075838088989258
256906,normal,1826,0,1782361623.9442873,0.0009639263153076172
256907,normal,2336,0,1782361623.946519,0.002231597900390625
256908,normal,3310,1,1782361623.9482293,0.0017104148864746094
256909,normal,3591,0,1782361623.950376,0.0021467208862304688
256910,normal,1953,0,1782361623.9523065,0.0019304752349853516
256911,normal,1482,0,1782361623.954185,0.001878499984741211
256912,normal,624,0,1782361623.956226,0.0020411014556884766
256913,normal,3462,0,1782361623.9581857,0.001959562301635742
256914,normal,563,0,1782361623.9601827,0.0019969940185546875
256915,normal,1074,0,1782361623.9621801,0.0019974708557128906
256916,normal,1656,0,1782361623.9641862,0.002006053924560547
256917,normal,2757,0,1782361623.9661732,0.001986980438232422
256918,normal,3464,0,1782361623.9682283,0.0020551681518554688
256919,normal,2663,0,1782361623.970234,0.0020055770874023438
256920,normal,433,0,1782361623.972235,0.002001047134399414
256921,normal,2683,0,1782361623.974242,0.002007007598876953
256922,normal,552,0,1782361623.976221,0.0019791126251220703
256923,normal,1325,1,1782361623.9784408,0.002219676971435547
256924,normal,2938,0,1782361623.9802651,0.0018243789672851562
256925,normal,1825,0,1782361623.982402,0.0021369457244873047
256926,normal,216,0,1782361623.9845052,0.002103090286254883
256927,normal,658,0,1782361623.9862883,0.001783132553100586
256928,normal,2448,0,1782361623.9882867,0.001998424530029297
256929,normal,256,0,1782361623.9904454,0.002158641815185547
256930,normal,1304,0,1782361623.9922814,0.0018360614776611328
256931,normal,969,2,1782361623.9942386,0.0019571781158447266
256932,normal,3606,0,1782361623.996447,0.0022084712982177734
256933,normal,416,0,1782361623.9982634,0.0018162727355957031
256934,normal,1886,0,1782361624.0002334,0.001970052719116211
256935,normal,3534,0,1782361624.0022852,0.002051830291748047
256936,normal,2910,0,1782361624.0045094,0.0022242069244384766
256937,normal,3114,1,1782361624.0062776,0.0017681121826171875
256938,normal,809,2,1782361624.0083053,0.002027750015258789
256939,normal,1931,0,1782361624.0104864,0.0021810531616210938
256940,normal,3375,1,1782361624.0122736,0.0017871856689453125
256941,normal,2367,0,1782361624.0144541,0.0021805763244628906
256942,normal,2424,0,1782361624.0162566,0.0018024444580078125
256943,normal,1280,0,1782361624.0182776,0.0020210742950439453
256944,normal,2786,0,1782361624.0204606,0.0021829605102539062
256945,normal,2143,0,1782361624.022274,0.0018134117126464844
256946,normal,2304,0,1782361624.0242324,0.0019583702087402344
256947,normal,326,0,1782361624.0263896,0.0021572113037109375
256948,normal,3160,1,1782361624.0282648,0.001875162124633789
256949,normal,2577,0,1782361624.0302324,0.0019676685333251953
256950,normal,1966,0,1782361624.0324624,0.002229928970336914
256951,normal,1122,0,1782361624.0343387,0.0018763542175292969
256952,normal,1970,0,1782361624.0362732,0.0019345283508300781
256953,normal,2410,0,1782361624.0383806,0.002107381820678711
256954,normal,1189,0,1782361624.0403528,0.001972198486328125
256955,normal,740,0,1782361624.0422366,0.0018837451934814453
256956,normal,796,2,1782361624.0443854,0.002148866653442383
256957,normal,536,0,1782361624.046262,0.0018765926361083984
256958,normal,1558,0,1782361624.0482311,0.0019690990447998047
256959,normal,1767,0,1782361624.0504687,0.002237558364868164
256960,normal,1037,0,1782361624.0523355,0.0018668174743652344
256961,normal,1730,0,1782361624.054233,0.001897573471069336
256962,normal,596,0,1782361624.0563989,0.0021657943725585938
256963,normal,2315,0,1782361624.0582952,0.0018963813781738281
256964,normal,2660,0,1782361624.060269,0.001973867416381836
256965,normal,3643,0,1782361624.0624964,0.002227306365966797
256966,normal,499,0,1782361624.0642116,0.0017151832580566406
256967,normal,1827,0,1782361624.0662103,0.0019986629486083984
256968,normal,373,0,1782361624.068265,0.0020546913146972656
256969,normal,3412,0,1782361624.0701597,0.0018947124481201172
256970,normal,470,0,1782361624.0721867,0.0020270347595214844
256971,normal,2997,0,1782361624.0741756,0.0019888877868652344
256972,normal,626,0,1782361624.0761857,0.0020101070404052734
256973,normal,533,0,1782361624.0782385,0.002052783966064453
256974,normal,3286,1,1782361624.0801833,0.0019447803497314453
256975,normal,3512,0,1782361624.082215,0.0020318031311035156
256976,normal,644,0,1782361624.0841906,0.001975536346435547
256977,normal,3277,1,1782361624.0862052,0.002014636993408203
256978,normal,627,0,1782361624.0881941,0.0019888877868652344
256979,normal,2039,0,1782361624.09019,0.0019958019256591797
256980,normal,2113,0,1782361624.0921836,0.0019936561584472656
256981,normal,988,2,1782361624.0941813,0.001997709274291992
256982,normal,1782,0,1782361624.096183,0.0020017623901367188
256983,normal,1745,0,1782361624.098172,0.0019888877868652344
256984,normal,1317,0,1782361624.1001775,0.0020055770874023438
256985,normal,2624,0,1782361624.1023283,0.0021507740020751953
256986,normal,3104,1,1782361624.1041727,0.0018444061279296875
256987,normal,3675,0,1782361624.1061776,0.002004861831665039
256988,normal,906,2,1782361624.108186,0.0020084381103515625
256989,normal,2479,0,1782361624.1102097,0.0020236968994140625
256990,normal,2372,0,1782361624.112183,0.001973390579223633
256991,normal,1575,0,1782361624.1141849,0.0020017623901367188
256992,normal,1986,0,1782361624.1161737,0.0019888877868652344
256993,normal,233,0,1782361624.118236,0.0020623207092285156
256994,normal,3031,0,1782361624.1201634,0.0019273757934570312
256995,normal,2487,0,1782361624.122182,0.002018451690673828
256996,normal,1851,0,1782361624.1241732,0.00199127197265625
256997,normal,725,0,1782361624.126181,0.002007722854614258
256998,normal,2413,0,1782361624.128181,0.002000093460083008
256999,normal,2313,0,1782361624.1301765,0.001995563507080078
257000,normal,431,0,1782361624.1321805,0.002003908157348633
257001,normal,1162,0,1782361624.1341786,0.0019981861114501953
257002,normal,3013,0,1782361624.1361973,0.0020186901092529297
257003,normal,2543,0,1782361624.1381893,0.0019919872283935547
257004,normal,3074,1,1782361624.1401722,0.0019829273223876953
257005,normal,756,0,1782361624.1421843,0.002012014389038086
257006,normal,1078,0,1782361624.1441908,0.00200653076171875
257007,normal,2011,0,1782361624.1462257,0.002034902572631836
257008,normal,1687,0,1782361624.1481655,0.0019397735595703125
257009,normal,1683,0,1782361624.1501772,0.0020117759704589844
257010,normal,3002,0,1782361624.1522002,0.002022981643676758
257011,normal,580,0,1782361624.1541877,0.001987457275390625
257012,normal,3409,0,1782361624.156187,0.001999378204345703
257013,normal,23,0,1782361624.1581755,0.0019884109497070312
257014,normal,2844,0,1782361624.1601813,0.0020058155059814453
257015,normal,3531,0,1782361624.1621785,0.001997232437133789
257016,normal,2946,0,1782361624.1641836,0.0020051002502441406
257017,normal,3307,1,1782361624.166181,0.0019974708557128906
257018,normal,2587,0,1782361624.1683643,0.002183198928833008
257019,normal,2216,0,1782361624.1701622,0.0017979145050048828
257020,normal,1545,0,1782361624.172226,0.002063751220703125
257021,normal,1447,0,1782361624.1741865,0.0019605159759521484
257022,normal,2973,0,1782361624.1761727,0.001986265182495117
257023,normal,2310,0,1782361624.1781878,0.0020151138305664062
257024,normal,1220,0,1782361624.1801753,0.001987457275390625
257025,normal,3581,0,1782361624.1822534,0.0020780563354492188
257026,normal,980,2,1782361624.1841738,0.001920461654663086
257027,normal,2378,0,1782361624.1862364,0.002062559127807617
257028,normal,1341,1,1782361624.1882224,0.0019860267639160156
257029,normal,1593,0,1782361624.1901941,0.001971721649169922
257030,normal,1356,1,1782361624.1921744,0.001980304718017578
257031,normal,343,0,1782361624.1941752,0.0020008087158203125
257032,normal,655,0,1782361624.196174,0.0019986629486083984
257033,normal,1945,0,1782361624.1981885,0.002014636993408203
257034,normal,2676,0,1782361624.2001925,0.002003908157348633
257035,normal,930,2,1782361624.2022438,0.0020513534545898438
257036,normal,3057,1,1782361624.204227,0.001983165740966797
257037,normal,2944,0,1782361624.20618,0.001953125
257038,normal,187,0,1782361624.208183,0.0020029544830322266
257039,normal,2658,0,1782361624.2101762,0.0019931793212890625
257040,normal,842,2,1782361624.2122061,0.002029895782470703
257041,normal,2357,0,1782361624.2141817,0.001975536346435547
257042,normal,2228,0,1782361624.21617,0.0019884109497070312
257043,normal,2879,0,1782361624.2182362,0.0020661354064941406
257044,normal,2102,0,1782361624.2201462,0.0019099712371826172
257045,normal,1663,0,1782361624.2221828,0.002036571502685547
257046,normal,462,0,1782361624.2241712,0.0019884109497070312
257047,normal,979,2,1782361624.2261827,0.002011537551879883
257048,normal,3079,1,1782361624.2281785,0.0019958019256591797
257049,normal,630,0,1782361624.2301748,0.001996278762817383
257050,normal,2985,0,1782361624.232173,0.0019981861114501953
257051,normal,1353,1,1782361624.234185,0.002012014389038086
257052,normal,597,0,1782361624.2362304,0.0020453929901123047
257053,normal,150,0,1782361624.2381907,0.001960277557373047
257054,normal,2433,0,1782361624.2401743,0.001983642578125
257055,normal,1054,0,1782361624.2421823,0.0020079612731933594
257056,normal,2721,0,1782361624.2441778,0.001995563507080078
257057,normal,2285,0,1782361624.2461867,0.0020089149475097656
257058,normal,2827,0,1782361624.2481995,0.0020127296447753906
257059,normal,1927,0,1782361624.2501886,0.001989126205444336
257060,normal,815,2,1782361624.2522817,0.002093076705932617
257061,normal,2524,0,1782361624.254234,0.0019524097442626953
257062,normal,620,0,1782361624.2561696,0.0019354820251464844
257063,normal,1861,0,1782361624.258213,0.002043485641479492
257064,normal,1910,0,1782361624.2601795,0.0019664764404296875
257065,normal,1774,0,1782361624.2621913,0.0020117759704589844
257066,normal,2187,0,1782361624.264196,0.0020046234130859375
257067,normal,2613,0,1782361624.2661989,0.0020029544830322266
257068,normal,2760,0,1782361624.2682486,0.002049684524536133
257069,normal,2132,0,1782361624.2701826,0.001934051513671875
257070,normal,3089,1,1782361624.2721746,0.0019919872283935547
257071,normal,2131,0,1782361624.274174,0.001999378204345703
257072,normal,1625,0,1782361624.2761946,0.002020597457885742
257073,normal,420,0,1782361624.2782001,0.0020055770874023438
257074,normal,1723,0,1782361624.2802377,0.002037525177001953
257075,normal,719,0,1782361624.282243,0.002005338668823242
257076,normal,1784,0,1782361624.2841816,0.0019385814666748047
257077,normal,74,0,1782361624.2862947,0.0021131038665771484
257078,normal,2059,0,1782361624.2881818,0.0018870830535888672
257079,normal,618,0,1782361624.2901874,0.0020055770874023438
257080,normal,2363,0,1782361624.2921805,0.0019931793212890625
257081,normal,3186,1,1782361624.2941873,0.0020067691802978516
257082,normal,3212,1,1782361624.296281,0.002093791961669922
257083,normal,2950,0,1782361624.298165,0.0018839836120605469
257084,normal,802,2,1782361624.3002768,0.002111673355102539
257085,normal,729,0,1782361624.3023775,0.002100706100463867
257086,normal,2948,0,1782361624.3042386,0.0018610954284667969
257087,normal,2550,0,1782361624.3062944,0.0020558834075927734
257088,normal,143,0,1782361624.3082757,0.0019812583923339844
257089,normal,2397,0,1782361624.3102713,0.001995563507080078
257090,normal,2541,0,1782361624.3122435,0.001972198486328125
257091,normal,589,0,1782361624.314306,0.002062559127807617
257092,normal,3273,1,1782361624.316254,0.0019478797912597656
257093,normal,2539,0,1782361624.3183684,0.002114534378051758
257094,normal,2802,0,1782361624.3202462,0.0018777847290039062
257095,normal,2521,0,1782361624.3222654,0.002019166946411133
257096,normal,2493,0,1782361624.3243392,0.0020737648010253906
257097,normal,3142,1,1782361624.3263326,0.001993417739868164
257098,normal,2201,0,1782361624.3284023,0.002069711685180664
257099,normal,3383,1,1782361624.3303387,0.0019364356994628906
257100,normal,282,0,1782361624.332416,0.002077341079711914
257101,normal,1669,0,1782361624.3343515,0.0019354820251464844
257102,normal,1854,0,1782361624.3362744,0.0019228458404541016
257103,normal,2402,0,1782361624.3383455,0.0020711421966552734
257104,normal,1331,1,1782361624.340334,0.0019884109497070312
257105,normal,1949,0,1782361624.3423467,0.0020127296447753906
257106,normal,2755,0,1782361624.3442712,0.0019245147705078125
257107,normal,5,0,1782361624.3463273,0.002056121826171875
257108,normal,727,0,1782361624.3482552,0.0019278526306152344
257109,normal,276,0,1782361624.3502755,0.0020203590393066406
257110,normal,2420,0,1782361624.352518,0.002242565155029297
257111,normal,1039,0,1782361624.3543618,0.0018436908721923828
257112,normal,2346,0,1782361624.356417,0.0020551681518554688
257113,normal,2355,0,1782361624.3584614,0.0020444393157958984
257114,normal,92,0,1782361624.3602598,0.001798391342163086
257115,normal,1847,0,1782361624.3624263,0.0021665096282958984
257116,normal,2464,0,1782361624.36424,0.001813650131225586
257117,normal,1299,0,1782361624.36634,0.0020999908447265625
257118,normal,3092,1,1782361624.368402,0.002062082290649414
257119,normal,3557,0,1782361624.370317,0.00191497802734375
257120,normal,1810,0,1782361624.3723328,0.002015829086303711
257121,normal,324,0,1782361624.3742237,0.0018908977508544922
257122,normal,2853,0,1782361624.376348,0.002124309539794922
257123,normal,1560,0,1782361624.3782516,0.001903533935546875
257124,normal,2580,0,1782361624.3803513,0.002099752426147461
257125,normal,336,0,1782361624.3822782,0.0019268989562988281
257126,normal,1801,0,1782361624.3843648,0.002086639404296875
257127,normal,2071,0,1782361624.3862817,0.0019168853759765625
257128,normal,2774,0,1782361624.388338,0.0020563602447509766
257129,normal,2189,0,1782361624.3902073,0.00186920166015625
257130,normal,1306,0,1782361624.392318,0.002110719680786133
257131,normal,1746,0,1782361624.3942654,0.0019474029541015625
257132,normal,3138,1,1782361624.396461,0.002195596694946289
257133,normal,3282,1,1782361624.3983502,0.0018892288208007812
257134,normal,292,0,1782361624.400482,0.0021317005157470703
257135,normal,1511,0,1782361624.4023762,0.001894235610961914
257136,normal,3258,1,1782361624.4044628,0.002086639404296875
257137,normal,202,0,1782361624.406453,0.001990079879760742
257138,normal,611,0,1782361624.4083595,0.0019066333770751953
257139,normal,3156,1,1782361624.4104142,0.0020546913146972656
257140,normal,2386,0,1782361624.412405,0.001990795135498047
257141,normal,3327,1,1782361624.4143364,0.0019314289093017578
257142,normal,963,2,1782361624.416516,0.0021796226501464844
257143,normal,2932,0,1782361624.4186447,0.00212860107421875
257144,normal,3486,0,1782361624.4203331,0.0016884803771972656
257145,normal,372,0,1782361624.4225597,0.002226591110229492
257146,normal,1535,0,1782361624.4246953,0.0021355152130126953
257147,normal,2768,0,1782361624.426316,0.0016207695007324219
257148,normal,893,2,1782361624.42846,0.00214385986328125
257149,normal,2937,0,1782361624.4304547,0.0019948482513427734
257150,normal,2895,0,1782361624.4323878,0.0019330978393554688
257151,normal,1958,0,1782361624.4344056,0.0020177364349365234
257152,normal,1710,0,1782361624.4363985,0.001992940902709961
257153,normal,3538,0,1782361624.4383097,0.001911163330078125
257154,normal,10,0,1782361624.440537,0.002227306365966797
257155,normal,3311,1,1782361624.4423282,0.001791238784790039
257156,normal,405,0,1782361624.444303,0.001974821090698242
257157,normal,2268,0,1782361624.4463959,0.0020928382873535156
257158,normal,442,0,1782361624.448399,0.002003192901611328
257159,normal,3648,0,1782361624.4508352,0.0024361610412597656
257160,normal,153,0,1782361624.4524825,0.0016472339630126953
257161,normal,2309,0,1782361624.4543774,0.0018949508666992188
257162,normal,1521,0,1782361624.4563367,0.0019593238830566406
257163,normal,3505,0,1782361624.4584153,0.002078533172607422
257164,normal,2739,0,1782361624.460264,0.0018486976623535156
257165,normal,2710,0,1782361624.462475,0.0022110939025878906
257166,normal,813,2,1782361624.4654367,0.0029616355895996094
257167,normal,2125,0,1782361624.4663193,0.0008826255798339844
257168,normal,3231,1,1782361624.4684534,0.002134084701538086
257169,normal,2341,0,1782361624.4702456,0.0017921924591064453
257170,normal,1366,1,1782361624.4724317,0.0021860599517822266
257171,normal,1111,0,1782361624.4743292,0.001897573471069336
257172,normal,2127,0,1782361624.4764447,0.002115488052368164
257173,normal,402,0,1782361624.4785137,0.0020689964294433594
257174,normal,2332,0,1782361624.4803648,0.0018510818481445312
257175,normal,1272,0,1782361624.4824665,0.0021016597747802734
257176,normal,798,2,1782361624.4845078,0.002041339874267578
257177,normal,2235,0,1782361624.4862657,0.0017578601837158203
257178,normal,631,0,1782361624.4885669,0.0023012161254882812
257179,normal,2567,0,1782361624.4903996,0.001832723617553711
257180,normal,3195,1,1782361624.492389,0.0019893646240234375
257181,normal,1786,0,1782361624.4945068,0.0021178722381591797
257182,normal,1538,0,1782361624.4965987,0.0020918846130371094
257183,normal,2009,0,1782361624.49846,0.0018613338470458984
257184,normal,2092,0,1782361624.5002937,0.0018336772918701172
257185,normal,2109,0,1782361624.5024178,0.0021240711212158203
257186,normal,1310,0,1782361624.5043056,0.0018877983093261719
257187,normal,331,0,1782361624.506345,0.0020394325256347656
257188,normal,2797,0,1782361624.5082908,0.0019457340240478516
257189,normal,1790,0,1782361624.5103185,0.002027750015258789
257190,normal,2471,0,1782361624.51224,0.0019214153289794922
257191,normal,1680,0,1782361624.5144749,0.002234935760498047
257192,normal,1880,0,1782361624.5163965,0.0019216537475585938
257193,normal,2688,0,1782361624.5184925,0.002095937728881836
257194,normal,3508,0,1782361624.5202813,0.0017888545989990234
257195,normal,3157,1,1782361624.522411,0.002129793167114258
257196,normal,807,2,1782361624.5243423,0.0019311904907226562
257197,normal,2983,0,1782361624.5264258,0.0020835399627685547
257198,normal,2028,0,1782361624.5283394,0.0019135475158691406
257199,normal,2867,0,1782361624.530327,0.0019876956939697266
257200,normal,3708,0,1782361624.5324347,0.0021076202392578125
257201,normal,1403,0,1782361624.53427,0.0018353462219238281
257202,normal,124,0,1782361624.5365174,0.002247333526611328
257203,normal,3543,0,1782361624.5383666,0.0018491744995117188
257204,normal,3024,0,1782361624.5405066,0.002140045166015625
257205,normal,1020,2,1782361624.5422695,0.0017628669738769531
257206,normal,3421,0,1782361624.54442,0.0021505355834960938
257207,normal,938,2,1782361624.5463238,0.0019037723541259766
257208,normal,2408,0,1782361624.548416,0.002092123031616211
257209,normal,2967,0,1782361624.5504158,0.0019998550415039062
257210,normal,68,0,1782361624.5523195,0.0019037723541259766
257211,normal,2750,0,1782361624.5544026,0.0020830631256103516
257212,normal,3227,1,1782361624.556493,0.0020904541015625
257213,normal,1132,0,1782361624.5584154,0.0019223690032958984
257214,normal,586,0,1782361624.5603783,0.001962900161743164
257215,normal,3608,0,1782361624.5624447,0.002066373825073242
257216,normal,1516,0,1782361624.564347,0.0019023418426513672
257217,normal,851,2,1782361624.5664737,0.0021266937255859375
257218,normal,2200,0,1782361624.5684285,0.001954793930053711
257219,normal,13,0,1782361624.5703335,0.0019049644470214844
257220,normal,818,2,1782361624.57243,0.002096414566040039
257221,normal,1543,0,1782361624.574502,0.0020720958709716797
257222,normal,633,0,1782361624.57634,0.0018379688262939453
257223,normal,3144,1,1782361624.5785036,0.0021636486053466797
257224,normal,91,0,1782361624.5805461,0.002042531967163086
257225,normal,102,0,1782361624.5824282,0.0018820762634277344
257226,normal,307,0,1782361624.584441,0.0020127296447753906
257227,normal,272,0,1782361624.5865588,0.0021178722381591797
257228,normal,1457,0,1782361624.5883799,0.0018210411071777344
257229,normal,527,0,1782361624.5904567,0.002076864242553711
257230,normal,765,0,1782361624.592333,0.0018763542175292969
257231,normal,3597,0,1782361624.5943086,0.001975536346435547
257232,normal,3318,1,1782361624.5964055,0.002096891403198242
257233,normal,3207,1,1782361624.5984313,0.0020258426666259766
257234,normal,1641,0,1782361624.6003447,0.001913309097290039
257235,normal,428,0,1782361624.602404,0.002059459686279297
257236,normal,2697,0,1782361624.6044097,0.0020055770874023438
257237,normal,3022,0,1782361624.6063108,0.0019011497497558594
257238,normal,3551,0,1782361624.608474,0.0021631717681884766
257239,normal,541,0,1782361624.6107848,0.0023107528686523438
257240,normal,3504,0,1782361624.6123157,0.0015308856964111328
257241,normal,2312,0,1782361624.614413,0.0020973682403564453
257242,normal,2445,0,1782361624.6163912,0.001978158950805664
257243,normal,1019,2,1782361624.6183214,0.00193023681640625
257244,normal,1924,0,1782361624.6204026,0.002081155776977539
257245,normal,374,0,1782361624.6224923,0.0020897388458251953
257246,normal,2198,0,1782361624.6243503,0.0018579959869384766
257247,normal,119,0,1782361624.626424,0.0020737648010253906
257248,normal,1118,0,1782361624.6284194,0.0019953250885009766
257249,normal,2506,0,1782361624.6303277,0.0019083023071289062
257250,normal,642,0,1782361624.6324477,0.0021200180053710938
257251,normal,564,0,1782361624.634459,0.0020112991333007812
257252,normal,1177,0,1782361624.636471,0.002012014389038086
257253,normal,755,0,1782361624.6383018,0.0018308162689208984
257254,normal,1586,0,1782361624.6404793,0.0021774768829345703
257255,normal,694,0,1782361624.6423962,0.0019168853759765625
257256,normal,273,0,1782361624.6444595,0.002063274383544922
257257,normal,1394,0,1782361624.6464725,0.002012968063354492
257258,normal,317,0,1782361624.6484776,0.0020051002502441406
257259,normal,3388,1,1782361624.6503735,0.001895904541015625
257260,normal,1603,0,1782361624.6524224,0.002048969268798828
257261,normal,1130,0,1782361624.6543798,0.001957416534423828
257262,normal,408,0,1782361624.656512,0.0021321773529052734
257263,normal,188,0,1782361624.6583717,0.0018596649169921875
257264,normal,3276,1,1782361624.6603146,0.0019428730010986328
257265,normal,3036,0,1782361624.6624143,0.002099752426147461
257266,normal,3423,0,1782361624.6642678,0.0018534660339355469
257267,normal,2273,0,1782361624.666413,0.0021452903747558594
257268,normal,2175,0,1782361624.668322,0.001909017562866211
257269,normal,1860,0,1782361624.6703713,0.0020492076873779297
257270,normal,2856,0,1782361624.6722813,0.0019099712371826172
257271,normal,3414,0,1782361624.6744885,0.0022072792053222656
257272,normal,965,2,1782361624.6763725,0.0018839836120605469
257273,normal,1753,0,1782361624.6783683,0.0019958019256591797
257274,normal,2159,0,1782361624.680334,0.001965761184692383
257275,normal,2193,0,1782361624.6824305,0.002096414566040039
257276,normal,3342,1,1782361624.6842744,0.0018439292907714844
257277,normal,1932,0,1782361624.6865022,0.002227783203125
257278,normal,837,2,1782361624.6882632,0.0017609596252441406
257279,normal,752,0,1782361624.6903565,0.0020933151245117188
257280,normal,3345,1,1782361624.6922553,0.0018987655639648438
257281,normal,1440,0,1782361624.6942441,0.0019888877868652344
257282,normal,235,0,1782361624.6963303,0.002086162567138672
257283,normal,2766,0,1782361624.6982255,0.0018951892852783203
257284,normal,1659,0,1782361624.7003748,0.002149343490600586
257285,normal,3224,1,1782361624.702196,0.0018210411071777344
257286,normal,3176,1,1782361624.704244,0.002048015594482422
257287,normal,712,0,1782361624.7061763,0.001932382583618164
257288,normal,215,0,1782361624.7082138,0.002037525177001953
257289,normal,1072,0,1782361624.7102056,0.001991748809814453
257290,normal,1923,0,1782361624.712156,0.0019505023956298828
257291,normal,3454,0,1782361624.7142715,0.002115488052368164
257292,normal,3683,0,1782361624.7163887,0.002117156982421875
257293,normal,1143,0,1782361624.7183902,0.002001523971557617
257294,normal,3552,0,1782361624.720287,0.0018968582153320312
257295,normal,2330,0,1782361624.7222466,0.001959562301635742
257296,normal,3372,1,1782361624.7242172,0.001970529556274414
257297,normal,2489,0,1782361624.726394,0.0021767616271972656
257298,normal,1319,1,1782361624.72822,0.0018260478973388672
257299,normal,2369,0,1782361624.7302032,0.001983165740966797
257300,normal,915,2,1782361624.7322028,0.0019996166229248047
257301,normal,2119,0,1782361624.7342348,0.002032041549682617
257302,normal,3093,1,1782361624.7363,0.0020651817321777344
257303,normal,2519,0,1782361624.7382746,0.0019745826721191406
257304,normal,1497,0,1782361624.740227,0.0019524097442626953
257305,normal,2569,0,1782361624.7422922,0.0020651817321777344
257306,normal,2463,0,1782361624.7441967,0.0019044876098632812
257307,normal,1425,0,1782361624.746222,0.0020253658294677734
257308,normal,427,0,1782361624.7482398,0.0020177364349365234
257309,normal,3360,1,1782361624.7503188,0.002079010009765625
257310,normal,2876,0,1782361624.752293,0.001974344253540039
257311,normal,379,0,1782361624.7543087,0.0020155906677246094
257312,normal,2050,0,1782361624.7562416,0.0019328594207763672
257313,normal,338,0,1782361624.758325,0.0020835399627685547
257314,normal,2033,0,1782361624.7603135,0.0019884109497070312
257315,normal,928,2,1782361624.7622833,0.0019698143005371094
257316,normal,546,0,1782361624.7642825,0.0019991397857666016
257317,normal,1180,0,1782361624.766316,0.0020334720611572266
257318,normal,540,0,1782361624.768425,0.002109050750732422
257319,normal,173,0,1782361624.7705538,0.0021288394927978516
257320,normal,1021,2,1782361624.772397,0.0018432140350341797
257321,normal,1026,2,1782361624.774229,0.0018320083618164062
257322,normal,1695,0,1782361624.7761948,0.001965761184692383
257323,normal,1148,0,1782361624.7781987,0.002003908157348633
257324,normal,1160,0,1782361624.780186,0.0019872188568115234
257325,normal,852,2,1782361624.7823198,0.0021338462829589844
257326,normal,3283,1,1782361624.7841935,0.0018737316131591797
257327,normal,962,2,1782361624.7863169,0.0021233558654785156
257328,normal,673,0,1782361624.7882395,0.001922607421875
257329,normal,2957,0,1782361624.790311,0.0020716190338134766
257330,normal,3343,1,1782361624.7922466,0.0019354820251464844
257331,normal,1743,0,1782361624.79432,0.002073526382446289
257332,normal,2311,0,1782361624.7963173,0.001997232437133789
257333,normal,1857,0,1782361624.7983527,0.002035379409790039
257334,normal,1030,0,1782361624.8002973,0.0019445419311523438
257335,normal,888,2,1782361624.8027017,0.002404451370239258
257336,normal,2435,0,1782361624.8048038,0.0021021366119384766
257337,normal,1459,0,1782361624.8062263,0.0014224052429199219
257338,normal,849,2,1782361624.8083699,0.0021436214447021484
257339,normal,2892,0,1782361624.8102727,0.0019028186798095703
257340,normal,2072,0,1782361624.8123531,0.0020804405212402344
257341,normal,1657,0,1782361624.8144057,0.0020525455474853516
257342,normal,2428,0,1782361624.8163545,0.0019488334655761719
257343,normal,2455,0,1782361624.8183694,0.0020148754119873047
257344,normal,161,0,1782361624.820766,0.0023965835571289062
257345,normal,96,0,1782361624.8226173,0.0018513202667236328
257346,normal,2765,0,1782361624.824261,0.0016436576843261719
257347,normal,3516,0,1782361624.826277,0.0020160675048828125
257348,normal,2873,0,1782361624.828261,0.0019838809967041016
257349,normal,2995,0,1782361624.8303242,0.002063274383544922
257350,normal,2020,0,1782361624.832301,0.0019767284393310547
257351,normal,1235,0,1782361624.834228,0.0019271373748779297
257352,normal,3155,1,1782361624.8364468,0.0022187232971191406
257353,normal,3447,0,1782361624.8382306,0.0017838478088378906
257354,normal,3435,0,1782361624.8403466,0.002115964889526367
257355,normal,1451,0,1782361624.8424997,0.002153158187866211
257356,normal,3365,1,1782361624.844373,0.0018732547760009766
257357,normal,2927,0,1782361624.846312,0.0019390583038330078
257358,normal,1601,0,1782361624.8484454,0.0021333694458007812
257359,normal,3172,1,1782361624.8504398,0.0019943714141845703
257360,normal,2188,0,1782361624.8523085,0.0018687248229980469
257361,normal,2976,0,1782361624.854301,0.001992464065551758
257362,normal,50,0,1782361624.8561966,0.0018956661224365234
257363,normal,3562,0,1782361624.8583064,0.0021097660064697266
257364,normal,3347,1,1782361624.8603628,0.0020563602447509766
257365,normal,356,0,1782361624.8622892,0.001926422119140625
257366,normal,449,0,1782361624.8643134,0.0020241737365722656
257367,normal,1011,2,1782361624.8664465,0.0021331310272216797
257368,normal,3008,0,1782361624.8683603,0.0019137859344482422
257369,normal,2393,0,1782361624.8701913,0.0018310546875
257370,normal,310,0,1782361624.8722253,0.0020339488983154297
257371,normal,3080,1,1782361624.8742182,0.001992940902709961
257372,normal,2326,0,1782361624.8762555,0.0020372867584228516
257373,normal,1214,0,1782361624.878253,0.0019974708557128906
257374,normal,1808,0,1782361624.880282,0.002028942108154297
257375,normal,2617,0,1782361624.8823497,0.0020678043365478516
257376,normal,1387,0,1782361624.8843634,0.002013683319091797
257377,normal,1371,1,1782361624.8865178,0.0021543502807617188
257378,normal,506,0,1782361624.8882213,0.001703500747680664
257379,normal,997,2,1782361624.890384,0.0021626949310302734
257380,normal,2370,0,1782361624.892322,0.0019381046295166016
257381,normal,958,2,1782361624.8943045,0.001982450485229492
257382,normal,2830,0,1782361624.8963075,0.0020029544830322266
257383,normal,1760,0,1782361624.8983073,0.0019998550415039062
257384,normal,203,0,1782361624.9002433,0.0019359588623046875
257385,normal,2773,0,1782361624.90238,0.002136707305908203
257386,normal,1964,0,1782361624.9042535,0.0018734931945800781
257387,normal,2024,0,1782361624.9063823,0.0021288394927978516
257388,normal,328,0,1782361624.9083405,0.001958131790161133
257389,normal,1386,0,1782361624.9102886,0.0019481182098388672
257390,normal,175,0,1782361624.9122982,0.0020096302032470703
257391,normal,1204,0,1782361624.914377,0.0020787715911865234
257392,normal,1895,0,1782361624.9162755,0.0018985271453857422
257393,normal,3170,1,1782361624.918339,0.0020635128021240234
257394,normal,1736,0,1782361624.9203382,0.0019991397857666016
257395,normal,3241,1,1782361624.9222066,0.0018684864044189453
257396,normal,422,0,1782361624.924311,0.0021042823791503906
257397,normal,665,0,1782361624.926338,0.0020270347595214844
257398,normal,2206,0,1782361624.9282126,0.001874685287475586
257399,normal,1604,0,1782361624.93029,0.002077341079711914
257400,normal,40,0,1782361624.9322894,0.001999378204345703
257401,normal,2060,0,1782361624.9343352,0.002045869827270508
257402,normal,1787,0,1782361624.9365666,0.0022313594818115234
257403,normal,3051,1,1782361624.9383576,0.0017910003662109375
257404,normal,2751,0,1782361624.9402099,0.001852273941040039
257405,normal,3576,0,1782361624.9423013,0.0020914077758789062
257406,normal,2648,0,1782361624.9442642,0.001962900161743164
257407,normal,1155,0,1782361624.9463003,0.0020360946655273438
257408,normal,1444,0,1782361624.9483223,0.0020220279693603516
257409,normal,1664,0,1782361624.9503312,0.0020089149475097656
257410,normal,2500,0,1782361624.9523268,0.001995563507080078
257411,normal,2453,0,1782361624.954274,0.001947164535522461
257412,normal,2300,0,1782361624.9563146,0.0020406246185302734
257413,normal,1071,0,1782361624.9583538,0.002039194107055664
257414,normal,1962,0,1782361624.9602888,0.0019350051879882812
257415,normal,723,0,1782361624.9623766,0.002087831497192383
257416,normal,503,0,1782361624.9643047,0.001928091049194336
257417,normal,2522,0,1782361624.9663315,0.002026796340942383
257418,normal,3547,0,1782361624.9683414,0.002009868621826172
257419,normal,2366,0,1782361624.9703767,0.002035379409790039
257420,normal,1505,0,1782361624.9722905,0.0019137859344482422
257421,normal,884,2,1782361624.9744394,0.002148866653442383
257422,normal,2256,0,1782361624.976323,0.0018835067749023438
257423,normal,3134,1,1782361624.978318,0.001995086669921875
257424,normal,2437,0,1782361624.9805725,0.002254486083984375
257425,normal,2460,0,1782361624.9824028,0.0018303394317626953
257426,normal,2238,0,1782361624.984335,0.0019321441650390625
257427,normal,107,0,1782361624.9863217,0.0019867420196533203
257428,normal,3672,0,1782361624.9883122,0.0019905567169189453
257429,normal,2434,0,1782361624.9902072,0.0018949508666992188
257430,normal,1076,0,1782361624.9923143,0.0021071434020996094
257431,normal,3355,1,1782361624.9942417,0.0019273757934570312
257432,normal,2287,0,1782361624.9963026,0.0020608901977539062
257433,normal,7,0,1782361624.9982755,0.0019729137420654297
257434,normal,781,2,1782361625.0003297,0.0020542144775390625
257435,normal,1675,0,1782361625.002334,0.002004384994506836
257436,normal,2538,0,1782361625.0043683,0.0020341873168945312
257437,normal,3494,0,1782361625.0063128,0.0019445419311523438
257438,normal,2789,0,1782361625.0082595,0.0019466876983642578
257439,normal,1897,0,1782361625.010339,0.002079486846923828
257440,normal,1665,0,1782361625.0122898,0.0019507408142089844
257441,normal,2611,0,1782361625.0143106,0.0020208358764648438
257442,normal,1032,0,1782361625.0163288,0.0020182132720947266
257443,normal,773,2,1782361625.0182364,0.0019075870513916016
257444,normal,961,2,1782361625.0203328,0.002096414566040039
257445,normal,797,2,1782361625.022223,0.0018901824951171875
257446,normal,2333,0,1782361625.0243304,0.002107381820678711
257447,normal,3658,0,1782361625.0263593,0.002028942108154297
257448,normal,1845,0,1782361625.0282836,0.001924276351928711
257449,normal,1772,0,1782361625.0303092,0.002025604248046875
257450,normal,1422,0,1782361625.0322626,0.0019533634185791016
257451,normal,2941,0,1782361625.0343075,0.0020449161529541016
257452,normal,2999,0,1782361625.0363138,0.0020062923431396484
257453,normal,3542,0,1782361625.0382886,0.001974821090698242
257454,normal,1508,0,1782361625.0403512,0.002062559127807617
257455,normal,551,0,1782361625.042359,0.0020079612731933594
257456,normal,1552,0,1782361625.0443313,0.001972198486328125
257457,normal,579,0,1782361625.046338,0.0020067691802978516
257458,normal,1781,0,1782361625.0483394,0.0020012855529785156
257459,normal,1201,0,1782361625.0503688,0.0020294189453125
257460,normal,21,0,1782361625.0522735,0.0019047260284423828
257461,normal,1954,0,1782361625.0543022,0.0020287036895751953
257462,normal,1065,0,1782361625.0561457,0.0018434524536132812
257463,normal,1968,0,1782361625.0582745,0.0021288394927978516
257464,normal,3158,1,1782361625.0602276,0.001953125
257465,normal,2570,0,1782361625.0622246,0.0019969940185546875
257466,normal,3369,1,1782361625.0642767,0.0020520687103271484
257467,normal,45,0,1782361625.0662742,0.0019974708557128906
257468,normal,548,0,1782361625.0682108,0.0019366741180419922
257469,normal,3548,0,1782361625.070302,0.0020911693572998047
257470,normal,834,2,1782361625.0722587,0.0019567012786865234
257471,normal,3040,0,1782361625.0742052,0.0019464492797851562
257472,normal,1640,0,1782361625.0762255,0.0020203590393066406
257473,normal,2982,0,1782361625.0782142,0.001988649368286133
257474,normal,2162,0,1782361625.0802395,0.0020253658294677734
257475,normal,323,0,1782361625.0821984,0.0019588470458984375
257476,normal,3425,0,1782361625.0841846,0.001986265182495117
257477,normal,1134,0,1782361625.0862153,0.002030611038208008
257478,normal,1921,0,1782361625.0882149,0.0019996166229248047
257479,normal,2008,0,1782361625.0903795,0.002164602279663086
257480,normal,1764,0,1782361625.092437,0.0020575523376464844
257481,normal,1514,0,1782361625.0941947,0.0017576217651367188
257482,normal,2444,0,1782361625.0962021,0.0020074844360351562
257483,normal,2717,0,1782361625.0982258,0.0020236968994140625
257484,normal,3688,0,1782361625.1002412,0.002015352249145508
257485,normal,1881,0,1782361625.102257,0.002015829086303711
257486,normal,3554,0,1782361625.104217,0.0019600391387939453
257487,normal,1266,0,1782361625.1062212,0.0020041465759277344
257488,normal,2928,0,1782361625.1082008,0.0019795894622802734
257489,normal,1472,0,1782361625.110197,0.001996278762817383
257490,normal,2792,0,1782361625.112238,0.002040863037109375
257491,normal,3511,0,1782361625.1144314,0.002193450927734375
257492,normal,1262,0,1782361625.116379,0.001947641372680664
257493,normal,3151,1,1782361625.1182683,0.0018892288208007812
257494,normal,3130,1,1782361625.1202514,0.001983165740966797
257495,normal,1766,0,1782361625.1222486,0.001997232437133789
257496,normal,170,0,1782361625.1242692,0.002020597457885742
257497,normal,3638,0,1782361625.126262,0.0019927024841308594
257498,normal,469,0,1782361625.1283002,0.002038240432739258
257499,normal,481,0,1782361625.1302817,0.001981496810913086
257500,normal,86,0,1782361625.1322057,0.0019240379333496094
257501,normal,3550,0,1782361625.1342363,0.002030611038208008
257502,normal,3211,1,1782361625.13631,0.0020737648010253906
257503,normal,474,0,1782361625.1382234,0.001913309097290039
257504,normal,287,0,1782361625.14023,0.00200653076171875
257505,normal,3192,1,1782361625.142249,0.002019166946411133
257506,normal,2164,0,1782361625.1441612,0.0019121170043945312
257507,normal,3434,0,1782361625.1462333,0.0020720958709716797
257508,normal,2117,0,1782361625.1482332,0.0019998550415039062
257509,normal,530,0,1782361625.1501985,0.0019652843475341797
257510,normal,2412,0,1782361625.152249,0.002050638198852539
257511,normal,1342,1,1782361625.154232,0.0019829273223876953
257512,normal,3147,1,1782361625.1562958,0.002063751220703125
257513,normal,2518,0,1782361625.1582093,0.0019135475158691406
257514,normal,1898,0,1782361625.1602538,0.0020444393157958984
257515,normal,236,0,1782361625.1622288,0.0019750595092773438
257516,normal,518,0,1782361625.164354,0.002125263214111328
257517,normal,2720,0,1782361625.1661787,0.0018246173858642578
257518,normal,3665,0,1782361625.1682255,0.002046823501586914
257519,normal,2902,0,1782361625.1702087,0.001983165740966797
257520,normal,1009,2,1782361625.1722267,0.002017974853515625
257521,normal,1415,0,1782361625.1742177,0.0019910335540771484
257522,normal,3443,0,1782361625.176208,0.0019903182983398438
257523,normal,2738,0,1782361625.178247,0.0020389556884765625
257524,normal,242,0,1782361625.1802032,0.0019562244415283203
257525,normal,3522,0,1782361625.18219,0.0019867420196533203
257526,normal,2813,0,1782361625.184228,0.0020380020141601562
257527,normal,702,0,1782361625.1861959,0.001967906951904297
257528,normal,149,0,1782361625.1882272,0.0020313262939453125
257529,normal,253,0,1782361625.1902583,0.002031087875366211
257530,normal,881,2,1782361625.1922002,0.0019419193267822266
257531,normal,1890,0,1782361625.1942625,0.0020623207092285156
257532,normal,2094,0,1782361625.196254,0.0019915103912353516
257533,normal,1427,0,1782361625.198214,0.0019600391387939453
257534,normal,3545,0,1782361625.2002368,0.0020227432250976562
257535,normal,2342,0,1782361625.202207,0.0019702911376953125
257536,normal,3693,0,1782361625.204191,0.0019838809967041016
257537,normal,2833,0,1782361625.206216,0.002025127410888672
257538,normal,2843,0,1782361625.2082155,0.001999378204345703
257539,normal,1152,0,1782361625.210243,0.0020275115966796875
257540,normal,1775,0,1782361625.212217,0.0019741058349609375
257541,normal,198,0,1782361625.2142582,0.0020411014556884766
257542,normal,1044,0,1782361625.2162378,0.0019795894622802734
257543,normal,2612,0,1782361625.2182486,0.002010822296142578
257544,normal,3304,1,1782361625.220254,0.002005338668823242
257545,normal,1156,0,1782361625.2222226,0.0019686222076416016
257546,normal,2305,0,1782361625.2242398,0.0020172595977783203
257547,normal,3070,1,1782361625.2262619,0.0020220279693603516
257548,normal,3392,1,1782361625.2281964,0.0019345283508300781
257549,normal,2191,0,1782361625.2301776,0.0019812583923339844
257550,normal,1507,0,1782361625.2322125,0.002034902572631836
257551,normal,3381,1,1782361625.2342167,0.0020041465759277344
257552,normal,308,0,1782361625.2362292,0.002012491226196289
257553,normal,632,0,1782361625.2382107,0.001981496810913086
257554,normal,1671,0,1782361625.2401757,0.001965045928955078
257555,normal,3687,0,1782361625.2422173,0.0020415782928466797
257556,normal,122,0,1782361625.2442992,0.0020818710327148438
257557,normal,768,0,1782361625.2465687,0.0022695064544677734
257558,normal,2298,0,1782361625.2482011,0.0016324520111083984
257559,normal,95,0,1782361625.250226,0.0020248889923095703
257560,normal,2637,0,1782361625.2521944,0.0019683837890625
257561,normal,2889,0,1782361625.25428,0.0020856857299804688
257562,normal,553,0,1782361625.256207,0.0019268989562988281
257563,normal,603,0,1782361625.2589846,0.002777576446533203
257564,normal,476,0,1782361625.2602236,0.0012390613555908203
257565,normal,3028,0,1782361625.2622259,0.002002239227294922
257566,normal,1182,0,1782361625.2642136,0.0019876956939697266
257567,normal,2114,0,1782361625.2662344,0.0020208358764648438
257568,normal,637,0,1782361625.2682345,0.002000093460083008
257569,normal,3509,0,1782361625.2702124,0.0019779205322265625
257570,normal,2097,0,1782361625.2722628,0.0020503997802734375
257571,normal,2534,0,1782361625.274322,0.0020592212677001953
257572,normal,1997,0,1782361625.2762468,0.001924753189086914
257573,normal,259,0,1782361625.2782395,0.0019927024841308594
257574,normal,2810,0,1782361625.2803006,0.002061128616333008
257575,normal,2041,0,1782361625.2822187,0.0019180774688720703
257576,normal,2734,0,1782361625.2842224,0.0020036697387695312
257577,normal,3097,1,1782361625.286407,0.002184629440307617
257578,normal,3617,0,1782361625.2882597,0.0018527507781982422
257579,normal,759,0,1782361625.2901745,0.0019147396087646484
257580,normal,1998,0,1782361625.2924752,0.002300739288330078
257581,normal,392,0,1782361625.2944791,0.002003908157348633
257582,normal,3230,1,1782361625.2962317,0.001752614974975586
257583,normal,2277,0,1782361625.2982347,0.0020029544830322266
257584,normal,975,2,1782361625.3001983,0.0019636154174804688
257585,normal,3242,1,1782361625.3021955,0.001997232437133789
257586,normal,2073,0,1782361625.3042254,0.002029895782470703
257587,normal,2890,0,1782361625.3061934,0.001967906951904297
257588,normal,2105,0,1782361625.308218,0.0020246505737304688
257589,normal,401,0,1782361625.31023,0.002012014389038086
257590,normal,2740,0,1782361625.3122122,0.0019822120666503906
257591,normal,2906,0,1782361625.3142395,0.002027273178100586
257592,normal,3699,0,1782361625.316271,0.002031564712524414
257593,normal,3690,0,1782361625.318198,0.0019268989562988281
257594,normal,514,0,1782361625.3202386,0.0020406246185302734
257595,normal,1369,1,1782361625.3222463,0.002007722854614258
257596,normal,197,0,1782361625.3242786,0.0020322799682617188
257597,normal,2168,0,1782361625.326236,0.001957416534423828
257598,normal,3578,0,1782361625.3282268,0.001990795135498047
257599,normal,751,0,1782361625.3301804,0.001953601837158203
257600,normal,2103,0,1782361625.3322325,0.0020520687103271484
257601,normal,2960,0,1782361625.3342443,0.0020117759704589844
257602,normal,2614,0,1782361625.3362143,0.001970052719116211
257603,normal,3046,1,1782361625.3382084,0.0019941329956054688
257604,normal,2633,0,1782361625.340276,0.00206756591796875
257605,normal,1308,0,1782361625.3421705,0.0018944740295410156
257606,normal,2078,0,1782361625.344219,0.002048492431640625
257607,normal,3323,1,1782361625.3462315,0.002012491226196289
257608,normal,6,0,1782361625.3481994,0.001967906951904297
257609,normal,1461,0,1782361625.350231,0.002031564712524414
257610,normal,2135,0,1782361625.3522165,0.0019855499267578125
257611,normal,2023,0,1782361625.3542287,0.0020122528076171875
257612,normal,2194,0,1782361625.356217,0.0019881725311279297
257613,normal,3560,0,1782361625.358263,0.0020461082458496094
257614,normal,823,2,1782361625.360193,0.0019299983978271484
257615,normal,2868,0,1782361625.3622215,0.0020284652709960938
257616,normal,1670,0,1782361625.3642218,0.0020003318786621094
257617,normal,111,0,1782361625.366254,0.0020322799682617188
257618,normal,738,0,1782361625.3682024,0.0019483566284179688
257619,normal,1754,0,1782361625.3701992,0.001996755599975586
257620,normal,661,0,1782361625.372195,0.0019958019256591797
257621,normal,106,0,1782361625.3741925,0.0019974708557128906
257622,normal,1079,0,1782361625.3762515,0.0020589828491210938
257623,normal,3655,0,1782361625.3781781,0.0019266605377197266
257624,normal,1568,0,1782361625.3802197,0.0020415782928466797
257625,normal,178,0,1782361625.3822238,0.0020041465759277344
257626,normal,3303,1,1782361625.3842478,0.002023935317993164
257627,normal,2758,0,1782361625.3863864,0.0021386146545410156
257628,normal,830,2,1782361625.3883224,0.0019359588623046875
257629,normal,1022,2,1782361625.3904366,0.0021142959594726562
257630,normal,1286,0,1782361625.392247,0.001810312271118164
257631,normal,1228,0,1782361625.3942053,0.0019583702087402344
257632,normal,2344,0,1782361625.3963299,0.0021245479583740234
257633,normal,2787,0,1782361625.3982131,0.0018832683563232422
257634,normal,2909,0,1782361625.4004316,0.002218484878540039
257635,normal,2866,0,1782361625.4022415,0.001809835433959961
257636,normal,939,2,1782361625.4042068,0.0019652843475341797
257637,normal,2657,0,1782361625.4063137,0.002106904983520508
257638,normal,2785,0,1782361625.408231,0.0019173622131347656
257639,normal,2098,0,1782361625.410423,0.0021920204162597656
257640,normal,139,0,1782361625.41246,0.00203704833984375
257641,normal,634,0,1782361625.4142647,0.0018045902252197266
257642,normal,786,2,1782361625.416213,0.0019483566284179688
257643,normal,2146,0,1782361625.4183252,0.002112150192260742
257644,normal,3027,0,1782361625.4202778,0.0019526481628417969
257645,normal,1994,0,1782361625.4222183,0.0019404888153076172
257646,normal,504,0,1782361625.4244316,0.0022132396697998047
257647,normal,35,0,1782361625.4262345,0.0018029212951660156
257648,normal,1131,0,1782361625.4282105,0.00197601318359375
257649,normal,71,0,1782361625.4303489,0.002138376235961914
257650,normal,3362,1,1782361625.4322693,0.001920461654663086
257651,normal,3671,0,1782361625.434229,0.001959562301635742
257652,normal,3676,0,1782361625.4364152,0.002186298370361328
257653,normal,81,0,1782361625.4385283,0.0021131038665771484
257654,normal,2,0,1782361625.440288,0.0017597675323486328
257655,normal,784,2,1782361625.4422648,0.0019767284393310547
257656,normal,3422,0,1782361625.4443645,0.002099752426147461
257657,normal,390,0,1782361625.4462817,0.001917123794555664
257658,normal,20,0,1782361625.4482305,0.0019488334655761719
257659,normal,1163,0,1782361625.4505205,0.002290010452270508
257660,normal,2241,0,1782361625.4523518,0.0018312931060791016
257661,normal,1426,0,1782361625.4542506,0.0018987655639648438
257662,normal,2782,0,1782361625.4566164,0.0023658275604248047
257663,normal,653,0,1782361625.458524,0.0019075870513916016
257664,normal,2665,0,1782361625.460291,0.0017669200897216797
257665,normal,3234,1,1782361625.4621923,0.001901388168334961
257666,normal,1404,0,1782361625.4643269,0.002134561538696289
257667,normal,899,2,1782361625.466228,0.0019011497497558594
257668,normal,2728,0,1782361625.4683406,0.0021126270294189453
257669,normal,1592,0,1782361625.4702299,0.0018892288208007812
257670,normal,1709,0,1782361625.472331,0.0021011829376220703
257671,normal,3682,0,1782361625.4742906,0.001959562301635742
257672,normal,424,0,1782361625.476245,0.001954317092895508
257673,normal,1184,0,1782361625.478381,0.0021359920501708984
257674,normal,2845,0,1782361625.4803503,0.0019693374633789062
257675,normal,1667,0,1782361625.4822314,0.0018811225891113281
257676,normal,1995,0,1782361625.484355,0.002123594284057617
257677,normal,398,0,1782361625.4863148,0.0019598007202148438
257678,normal,1763,0,1782361625.4882686,0.0019538402557373047
257679,normal,3399,1,1782361625.4903975,0.0021288394927978516
257680,normal,1623,0,1782361625.4922032,0.0018057823181152344
257681,normal,349,0,1782361625.494241,0.0020377635955810547
257682,normal,2325,0,1782361625.496239,0.0019979476928710938
257683,normal,3249,1,1782361625.498293,0.002053976058959961
257684,normal,2893,0,1782361625.5002363,0.001943349838256836
257685,normal,2217,0,1782361625.502358,0.0021216869354248047
257686,normal,3396,1,1782361625.5043957,0.0020377635955810547
257687,normal,1943,0,1782361625.506201,0.0018053054809570312
257688,normal,1676,0,1782361625.5082443,0.0020432472229003906
257689,normal,3123,1,1782361625.5101585,0.0019142627716064453
257690,normal,3631,0,1782361625.512201,0.002042531967163086
257691,normal,1031,0,1782361625.5142467,0.0020456314086914062
257692,normal,770,0,1782361625.5162005,0.0019538402557373047
257693,normal,1596,0,1782361625.5182245,0.002023935317993164
257694,normal,608,0,1782361625.52023,0.0020055770874023438
257695,normal,105,0,1782361625.5223026,0.002072572708129883
257696,normal,2047,0,1782361625.5242207,0.0019180774688720703
257697,normal,2815,0,1782361625.5262177,0.0019969940185546875
257698,normal,1418,0,1782361625.5282252,0.0020074844360351562
257699,normal,2224,0,1782361625.5302238,0.0019986629486083984
257700,normal,3220,1,1782361625.532224,0.002000093460083008
257701,normal,1000,2,1782361625.5343614,0.002137422561645508
257702,normal,1417,0,1782361625.5362163,0.0018548965454101562
257703,normal,547,0,1782361625.5383291,0.002112865447998047
257704,normal,199,0,1782361625.5404954,0.002166271209716797
257705,normal,1106,0,1782361625.5422394,0.0017440319061279297
257706,normal,2160,0,1782361625.5442674,0.0020279884338378906
257707,normal,1554,0,1782361625.546431,0.0021636486053466797
257708,normal,2001,0,1782361625.5484562,0.002025127410888672
257709,normal,2293,0,1782361625.5502634,0.0018072128295898438
257710,normal,538,0,1782361625.5524158,0.0021524429321289062
257711,normal,168,0,1782361625.5543084,0.0018925666809082031
257712,normal,2597,0,1782361625.556407,0.002098560333251953
257713,normal,1174,0,1782361625.558214,0.0018069744110107422
257714,normal,2123,0,1782361625.5602086,0.001994609832763672
257715,normal,2040,0,1782361625.5623226,0.0021140575408935547
257716,normal,2176,0,1782361625.5643141,0.0019915103912353516
257717,normal,1838,0,1782361625.5662203,0.0019061565399169922
257718,normal,566,0,1782361625.5682056,0.001985311508178711
257719,normal,1271,0,1782361625.5702407,0.0020351409912109375
257720,normal,1302,0,1782361625.5722055,0.0019648075103759766
257721,normal,300,0,1782361625.5743208,0.0021152496337890625
257722,normal,2172,0,1782361625.5768569,0.0025360584259033203
257723,normal,3588,0,1782361625.5783646,0.0015077590942382812
257724,normal,1917,0,1782361625.5802135,0.0018489360809326172
257725,normal,1987,0,1782361625.5823255,0.0021119117736816406
257726,normal,58,0,1782361625.584216,0.0018906593322753906
257727,normal,387,0,1782361625.5863597,0.0021436214447021484
257728,normal,3246,1,1782361625.5883272,0.0019674301147460938
257729,normal,1933,0,1782361625.5902832,0.0019559860229492188
257730,normal,3656,0,1782361625.5922093,0.0019261837005615234
257731,normal,1255,0,1782361625.5943317,0.0021224021911621094
257732,normal,1631,0,1782361625.5962262,0.0018944740295410156
257733,normal,3380,1,1782361625.598339,0.002112865447998047
257734,normal,3451,0,1782361625.6002886,0.0019495487213134766
257735,normal,3598,0,1782361625.6022563,0.0019676685333251953
257736,normal,2855,0,1782361625.604356,0.002099752426147461
257737,normal,445,0,1782361625.6062703,0.0019142627716064453
257738,normal,2401,0,1782361625.6082797,0.0020093917846679688
257739,normal,250,0,1782361625.6104283,0.0021486282348632812
257740,normal,951,2,1782361625.6122682,0.0018398761749267578
257741,normal,166,0,1782361625.6143427,0.0020744800567626953
257742,normal,2496,0,1782361625.6163604,0.0020177364349365234
257743,normal,3397,1,1782361625.6183538,0.001993417739868164
257744,normal,737,0,1782361625.6202242,0.0018703937530517578
257745,normal,1477,0,1782361625.6224055,0.0021812915802001953
257746,normal,1346,1,1782361625.624397,0.0019915103912353516
257747,normal,2288,0,1782361625.6262424,0.0018453598022460938
257748,normal,3419,0,1782361625.6283238,0.0020813941955566406
257749,normal,1355,1,1782361625.630237,0.001913309097290039
257750,normal,3263,1,1782361625.632229,0.0019919872283935547
257751,normal,558,0,1782361625.634336,0.002106904983520508
257752,normal,869,2,1782361625.6362596,0.0019235610961914062
257753,normal,1920,0,1782361625.6382105,0.001950979232788086
257754,normal,78,0,1782361625.6403415,0.0021309852600097656
257755,normal,302,0,1782361625.6423247,0.001983165740966797
257756,normal,3410,0,1782361625.6442847,0.0019600391387939453
257757,normal,3686,0,1782361625.646268,0.001983165740966797
257758,normal,1486,0,1782361625.6483598,0.0020918846130371094
257759,normal,3199,1,1782361625.6502447,0.0018849372863769531
257760,normal,3496,0,1782361625.6522632,0.002018451690673828
257761,normal,2122,0,1782361625.6543899,0.0021266937255859375
257762,normal,97,0,1782361625.6562405,0.0018506050109863281
257763,normal,3210,1,1782361625.6583445,0.002104043960571289
257764,normal,2746,0,1782361625.660278,0.0019335746765136719
257765,normal,325,0,1782361625.66224,0.001961946487426758
257766,normal,3694,0,1782361625.6644704,0.002230405807495117
257767,normal,2959,0,1782361625.6663337,0.001863241195678711
257768,normal,2703,0,1782361625.6682968,0.0019631385803222656
257769,normal,3126,1,1782361625.6702838,0.001986980438232422
257770,normal,454,0,1782361625.6723554,0.0020716190338134766
257771,normal,841,2,1782361625.6742332,0.0018777847290039062
257772,normal,475,0,1782361625.676353,0.002119779586791992
257773,normal,3466,0,1782361625.6782725,0.0019195079803466797
257774,normal,2974,0,1782361625.6802206,0.0019481182098388672
257775,normal,1343,1,1782361625.682366,0.0021452903747558594
257776,normal,3020,0,1782361625.684306,0.001940011978149414
257777,normal,1846,0,1782361625.6864023,0.002096414566040039
257778,normal,1877,0,1782361625.6884036,0.0020012855529785156
257779,normal,2669,0,1782361625.6904407,0.00203704833984375
257780,normal,2600,0,1782361625.6922767,0.0018360614776611328
257781,normal,1336,1,1782361625.694384,0.002107381820678711
257782,normal,3361,1,1782361625.6962647,0.001880645751953125
257783,normal,1188,0,1782361625.6981788,0.0019140243530273438
257784,normal,1348,1,1782361625.700225,0.002046346664428711
257785,normal,1742,0,1782361625.7022066,0.001981496810913086
257786,normal,268,0,1782361625.704197,0.0019903182983398438
257787,normal,2243,0,1782361625.706233,0.0020360946655273438
257788,normal,1234,0,1782361625.7082005,0.0019674301147460938
257789,normal,3403,0,1782361625.7102156,0.0020151138305664062
257790,normal,1397,0,1782361625.7122672,0.0020515918731689453
257791,normal,1157,0,1782361625.7141967,0.0019295215606689453
257792,normal,1197,0,1782361625.716199,0.002002239227294922
257793,normal,3594,0,1782361625.7183013,0.002102375030517578
257794,normal,981,2,1782361625.720225,0.0019237995147705078
257795,normal,1261,0,1782361625.7222145,0.0019893646240234375
257796,normal,976,2,1782361625.724188,0.0019736289978027344
257797,normal,2781,0,1782361625.726204,0.002015829086303711
257798,normal,3700,0,1782361625.7281482,0.0019443035125732422
257799,normal,886,2,1782361625.730207,0.002058744430541992
257800,normal,211,0,1782361625.7321851,0.001978158950805664
257801,normal,1135,0,1782361625.7341893,0.0020041465759277344
257802,normal,1015,2,1782361625.7362034,0.00201416015625
257803,normal,3702,0,1782361625.7383606,0.0021572113037109375
257804,normal,2712,0,1782361625.7403657,0.0020051002502441406
257805,normal,2673,0,1782361625.742582,0.002216339111328125
257806,normal,3605,0,1782361625.7443752,0.0017931461334228516
257807,normal,1976,0,1782361625.7461956,0.0018203258514404297
257808,normal,295,0,1782361625.7482245,0.002028942108154297
257809,normal,2183,0,1782361625.7501583,0.0019338130950927734
257810,normal,2584,0,1782361625.752216,0.002057790756225586
257811,normal,3546,0,1782361625.7543938,0.002177715301513672
257812,normal,1393,0,1782361625.7562172,0.00182342529296875
257813,normal,3088,1,1782361625.758205,0.0019876956939697266
257814,normal,2542,0,1782361625.7603333,0.0021283626556396484
257815,normal,3615,0,1782361625.762273,0.0019397735595703125
257816,normal,1242,0,1782361625.7643447,0.0020716190338134766
257817,normal,1330,1,1782361625.7662592,0.0019145011901855469
257818,normal,1338,1,1782361625.7685032,0.0022439956665039062
257819,normal,2017,0,1782361625.7703009,0.0017976760864257812
257820,normal,2229,0,1782361625.7722661,0.0019652843475341797
257821,normal,2707,0,1782361625.77439,0.0021238327026367188
257822,normal,487,0,1782361625.7762995,0.001909494400024414
257823,normal,146,0,1782361625.7782295,0.0019299983978271484
257824,normal,130,0,1782361625.7804732,0.0022437572479248047
257825,normal,1352,1,1782361625.7823608,0.0018875598907470703
257826,normal,480,0,1782361625.7842536,0.0018928050994873047
257827,normal,1685,0,1782361625.7863407,0.002087116241455078
257828,normal,1320,1,1782361625.788358,0.0020172595977783203
257829,normal,120,0,1782361625.7903683,0.002010345458984375
257830,normal,2552,0,1782361625.7922285,0.0018601417541503906
257831,normal,3250,1,1782361625.7943263,0.0020978450775146484
257832,normal,1817,0,1782361625.7962213,0.0018949508666992188
257833,normal,110,0,1782361625.79833,0.0021088123321533203
257834,normal,1999,0,1782361625.800216,0.0018858909606933594
257835,normal,3626,0,1782361625.8023303,0.0021142959594726562
257836,normal,1108,0,1782361625.804261,0.0019307136535644531
257837,normal,1903,0,1782361625.8063369,0.0020759105682373047
257838,normal,993,2,1782361625.8082538,0.0019168853759765625
257839,normal,3478,0,1782361625.8103204,0.0020666122436523438
257840,normal,3601,0,1782361625.8122425,0.0019221305847167969
257841,normal,2887,0,1782361625.8142278,0.001985311508178711
257842,normal,1717,0,1782361625.8163488,0.0021209716796875
257843,normal,1971,0,1782361625.8182573,0.0019085407257080078
257844,normal,1804,0,1782361625.820391,0.002133607864379883
257845,normal,2574,0,1782361625.8222625,0.0018715858459472656
257846,normal,3133,1,1782361625.8242202,0.0019576549530029297
257847,normal,2732,0,1782361625.8263497,0.0021295547485351562
257848,normal,3374,1,1782361625.8282797,0.0019299983978271484
257849,normal,3066,1,1782361625.8302424,0.0019626617431640625
257850,normal,3165,1,1782361625.8322442,0.0020017623901367188
257851,normal,260,0,1782361625.834457,0.0022127628326416016
257852,normal,526,0,1782361625.8362334,0.0017764568328857422
257853,normal,214,0,1782361625.838331,0.002097606658935547
257854,normal,2558,0,1782361625.8402572,0.0019261837005615234
257855,normal,169,0,1782361625.8422124,0.001955270767211914
257856,normal,2026,0,1782361625.8443348,0.0021224021911621094
257857,normal,2798,0,1782361625.8462558,0.001920938491821289
257858,normal,1385,0,1782361625.8483534,0.002097606658935547
257859,normal,2540,0,1782361625.8502605,0.0019071102142333984
257860,normal,2452,0,1782361625.8523986,0.0021381378173828125
257861,normal,1344,1,1782361625.8542829,0.0018842220306396484
257862,normal,779,2,1782361625.8563728,0.002089977264404297
257863,normal,352,0,1782361625.8593006,0.0029277801513671875
257864,normal,436,0,1782361625.8602345,0.0009338855743408203
257865,normal,1103,0,1782361625.8623464,0.0021119117736816406
257866,normal,1577,0,1782361625.8643994,0.0020530223846435547
257867,normal,835,2,1782361625.8662128,0.0018134117126464844
257868,normal,2301,0,1782361625.8683267,0.002113819122314453
257869,normal,265,0,1782361625.8702111,0.00188446044921875
257870,normal,2877,0,1782361625.8725426,0.0023314952850341797
257871,normal,3430,0,1782361625.8742547,0.0017120838165283203
257872,normal,183,0,1782361625.8763945,0.0021398067474365234
257873,normal,3166,1,1782361625.8783183,0.0019237995147705078
257874,normal,1713,0,1782361625.880296,0.001977682113647461
257875,normal,2169,0,1782361625.8823133,0.0020172595977783203
257876,normal,1491,0,1782361625.8842711,0.0019578933715820312
257877,normal,2377,0,1782361625.8863163,0.002045154571533203
257878,normal,3433,0,1782361625.8882775,0.001961231231689453
257879,normal,585,0,1782361625.8902016,0.0019240379333496094
257880,normal,2419,0,1782361625.8923168,0.0021152496337890625
257881,normal,2104,0,1782361625.8941793,0.0018625259399414062
257882,normal,17,0,1782361625.8963354,0.0021560192108154297
257883,normal,1406,0,1782361625.8982418,0.0019063949584960938
257884,normal,2692,0,1782361625.9002006,0.0019588470458984375
257885,normal,509,0,1782361625.9023137,0.0021131038665771484
257886,normal,936,2,1782361625.9041994,0.0018856525421142578
257887,normal,1462,0,1782361625.906317,0.002117633819580078
257888,normal,3666,0,1782361625.9085252,0.002208232879638672
257889,normal,2667,0,1782361625.9103038,0.0017786026000976562
257890,normal,2111,0,1782361625.9121785,0.001874685287475586
257891,normal,676,0,1782361625.9142046,0.002026081085205078
257892,normal,1752,0,1782361625.9162135,0.0020089149475097656
257893,normal,3135,1,1782361625.9182105,0.0019969940185546875
257894,normal,713,0,1782361625.920257,0.0020465850830078125
257895,normal,1219,0,1782361625.9222674,0.002010345458984375
257896,normal,2632,0,1782361625.9243274,0.0020599365234375
257897,normal,2142,0,1782361625.9261923,0.0018649101257324219
257898,normal,3645,0,1782361625.928337,0.0021448135375976562
257899,normal,2345,0,1782361625.9302428,0.001905679702758789
257900,normal,2398,0,1782361625.9322186,0.0019757747650146484
257901,normal,865,2,1782361625.9343553,0.002136707305908203
257902,normal,1978,0,1782361625.9363842,0.002028942108154297
257903,normal,2362,0,1782361625.938265,0.0018808841705322266
257904,normal,2134,0,1782361625.940259,0.001993894577026367
257905,normal,1624,0,1782361625.9423823,0.0021233558654785156
257906,normal,3256,1,1782361625.9442694,0.0018870830535888672
257907,normal,1483,0,1782361625.9462628,0.001993417739868164
257908,normal,1129,0,1782361625.9485362,0.0022733211517333984
257909,normal,1678,0,1782361625.950298,0.0017619132995605469
257910,normal,1442,0,1782361625.952345,0.002046823501586914
257911,normal,2934,0,1782361625.9543912,0.002046346664428711
257912,normal,314,0,1782361625.956515,0.0021238327026367188
257913,normal,2727,0,1782361625.958235,0.0017199516296386719
257914,normal,2291,0,1782361625.9602084,0.001973390579223633
257915,normal,2384,0,1782361625.9623275,0.0021190643310546875
257916,normal,592,0,1782361625.9642227,0.0018951892852783203
257917,normal,945,2,1782361625.9663308,0.0021080970764160156
257918,normal,1598,0,1782361625.9682152,0.00188446044921875
257919,normal,3300,1,1782361625.9703228,0.0021076202392578125
257920,normal,3565,0,1782361625.9722662,0.001943349838256836
257921,normal,2079,0,1782361625.974258,0.001991748809814453
257922,normal,1207,0,1782361625.9764078,0.002149820327758789
257923,normal,2528,0,1782361625.9783416,0.0019338130950927734
257924,normal,952,2,1782361625.9802074,0.0018658638000488281
257925,normal,2150,0,1782361625.9823706,0.0021631717681884766
257926,normal,1136,0,1782361625.9842904,0.0019197463989257812
257927,normal,2395,0,1782361625.9862728,0.001982450485229492
257928,normal,1056,0,1782361625.988265,0.0019922256469726562
257929,normal,999,2,1782361625.9902046,0.001939535140991211
257930,normal,3348,1,1782361625.992244,0.0020394325256347656
257931,normal,3295,1,1782361625.9943526,0.0021085739135742188
257932,normal,696,0,1782361625.9962635,0.0019109249114990234
257933,normal,1531,0,1782361625.9982336,0.001970052719116211
257934,normal,554,0,1782361626.0002198,0.001986265182495117
257935,normal,2223,0,1782361626.0022645,0.002044677734375
257936,normal,1899,0,1782361626.0041595,0.0018949508666992188
257937,normal,947,2,1782361626.0063596,0.0022001266479492188
257938,normal,3298,1,1782361626.0082514,0.0018918514251708984
257939,normal,2358,0,1782361626.0102181,0.001966714859008789
257940,normal,3571,0,1782361626.012336,0.0021178722381591797
257941,normal,2991,0,1782361626.0142496,0.0019135475158691406
257942,normal,2003,0,1782361626.0162597,0.0020101070404052734
257943,normal,3585,0,1782361626.018284,0.002024412155151367
257944,normal,576,0,1782361626.0203795,0.002095460891723633
257945,normal,2622,0,1782361626.0222836,0.0019040107727050781
257946,normal,588,0,1782361626.0243578,0.0020742416381835938
257947,normal,31,0,1782361626.026277,0.0019192695617675781
257948,normal,3614,0,1782361626.0282254,0.0019483566284179688
257949,normal,1137,0,1782361626.0303526,0.0021271705627441406
257950,normal,2729,0,1782361626.0322375,0.0018849372863769531
257951,normal,3320,1,1782361626.0342271,0.001989603042602539
257952,normal,1293,0,1782361626.036332,0.0021047592163085938
257953,normal,2374,0,1782361626.0384731,0.002141237258911133
257954,normal,3556,0,1782361626.0402637,0.0017905235290527344
257955,normal,192,0,1782361626.0422683,0.0020046234130859375
257956,normal,2661,0,1782361626.0443778,0.002109527587890625
257957,normal,3532,0,1782361626.0464537,0.0020759105682373047
257958,normal,2886,0,1782361626.0482576,0.0018038749694824219
257959,normal,2559,0,1782361626.0503871,0.0021295547485351562
257960,normal,1154,0,1782361626.0523071,0.0019199848175048828
257961,normal,1855,0,1782361626.0544093,0.0021021366119384766
257962,normal,3168,1,1782361626.0562391,0.0018298625946044922
257963,normal,2719,0,1782361626.0582075,0.0019683837890625
257964,normal,2068,0,1782361626.060321,0.0021135807037353516
257965,normal,1040,0,1782361626.0623102,0.001989126205444336
257966,normal,3350,1,1782361626.064215,0.0019047260284423828
257967,normal,2405,0,1782361626.0663202,0.002105236053466797
257968,normal,3105,1,1782361626.068212,0.0018918514251708984
257969,normal,2086,0,1782361626.0702055,0.001993417739868164
257970,normal,2561,0,1782361626.072358,0.0021524429321289062
257971,normal,1209,0,1782361626.0747805,0.0024225711822509766
257972,normal,2269,0,1782361626.0762844,0.0015039443969726562
257973,normal,1203,0,1782361626.0783296,0.002045154571533203
257974,normal,2281,0,1782361626.0802388,0.0019092559814453125
257975,normal,1672,0,1782361626.08222,0.0019812583923339844
257976,normal,3152,1,1782361626.0843444,0.002124309539794922
257977,normal,2832,0,1782361626.086342,0.001997709274291992
257978,normal,2032,0,1782361626.0882459,0.0019037723541259766
257979,normal,543,0,1782361626.09021,0.001964092254638672
257980,normal,910,2,1782361626.0923376,0.0021276473999023438
257981,normal,1218,0,1782361626.094245,0.0019073486328125
257982,normal,2091,0,1782361626.0963433,0.0020983219146728516
257983,normal,1724,0,1782361626.0982797,0.0019364356994628906
257984,normal,1944,0,1782361626.1002915,0.0020117759704589844
257985,normal,358,0,1782361626.102333,0.0020415782928466797
257986,normal,692,0,1782361626.1042767,0.0019435882568359375
257987,normal,2526,0,1782361626.1062725,0.0019958019256591797
257988,normal,1123,0,1782361626.1084275,0.0021550655364990234
257989,normal,2329,0,1782361626.1102328,0.0018053054809570312
257990,normal,562,0,1782361626.1123242,0.0020914077758789062
257991,normal,3292,1,1782361626.1143947,0.0020704269409179688
257992,normal,699,0,1782361626.1163106,0.0019159317016601562
257993,normal,2878,0,1782361626.1181738,0.001863241195678711
257994,normal,3574,0,1782361626.120285,0.002111196517944336
257995,normal,3393,1,1782361626.1222315,0.0019464492797851562
257996,normal,2035,0,1782361626.1243575,0.002125978469848633
257997,normal,2218,0,1782361626.1262128,0.0018553733825683594
257998,normal,56,0,1782361626.1283364,0.002123594284057617
257999,normal,602,0,1782361626.1302285,0.00189208984375
258000,normal,706,0,1782361626.1323426,0.0021140575408935547
258001,normal,344,0,1782361626.134255,0.0019123554229736328
258002,normal,2234,0,1782361626.136212,0.0019571781158447266
258003,normal,1520,0,1782361626.138339,0.002126932144165039
258004,normal,3265,1,1782361626.1402657,0.0019266605377197266
258005,normal,1006,2,1782361626.1422026,0.0019369125366210938
258006,normal,1328,1,1782361626.144386,0.0021834373474121094
258007,normal,279,0,1782361626.1462505,0.0018644332885742188
258008,normal,2483,0,1782361626.1482165,0.0019659996032714844
258009,normal,2709,0,1782361626.150367,0.0021505355834960938
258010,normal,2211,0,1782361626.152335,0.001967906951904297
258011,normal,2145,0,1782361626.1542382,0.0019032955169677734
258012,normal,127,0,1782361626.1563392,0.0021009445190429688
258013,normal,181,0,1782361626.1582735,0.0019342899322509766
258014,normal,3569,0,1782361626.1602368,0.001963376998901367
258015,normal,2353,0,1782361626.1623669,0.0021300315856933594
258016,normal,3664,0,1782361626.1642838,0.0019168853759765625
258017,normal,528,0,1782361626.1662495,0.001965761184692383
258018,normal,2634,0,1782361626.1682658,0.002016305923461914
258019,normal,219,0,1782361626.1703193,0.002053499221801758
258020,normal,732,0,1782361626.1722305,0.001911163330078125
258021,normal,2599,0,1782361626.174342,0.0021114349365234375
258022,normal,3489,0,1782361626.1762445,0.0019025802612304688
258023,normal,2514,0,1782361626.1782172,0.001972675323486328
258024,normal,671,0,1782361626.180359,0.002141714096069336
258025,normal,421,0,1782361626.1823046,0.0019457340240478516
258026,normal,1298,0,1782361626.1842723,0.0019676685333251953
258027,normal,2733,0,1782361626.1862814,0.002009153366088867
258028,normal,3510,0,1782361626.1882796,0.0019981861114501953
258029,normal,3315,1,1782361626.190233,0.0019533634185791016
258030,normal,3259,1,1782361626.1923494,0.0021164417266845703
258031,normal,2236,0,1782361626.194289,0.001939535140991211
258032,normal,2778,0,1782361626.1962106,0.0019216537475585938
258033,normal,2578,0,1782361626.1982992,0.0020885467529296875
258034,normal,2480,0,1782361626.200158,0.0018589496612548828
258035,normal,2012,0,1782361626.202219,0.0020608901977539062
258036,normal,366,0,1782361626.2042518,0.002032756805419922
258037,normal,1127,0,1782361626.206164,0.0019121170043945312
258038,normal,636,0,1782361626.2082417,0.002077817916870117
258039,normal,1914,0,1782361626.2102277,0.0019860267639160156
258040,normal,1481,0,1782361626.212218,0.0019903182983398438
258041,normal,2796,0,1782361626.2143288,0.002110719680786133
258042,normal,2531,0,1782361626.2161894,0.0018606185913085938
258043,normal,1602,0,1782361626.2183068,0.0021173954010009766
258044,normal,1090,0,1782361626.2201698,0.0018630027770996094
258045,normal,2306,0,1782361626.2221808,0.0020110607147216797
258046,normal,824,2,1782361626.2241821,0.0020012855529785156
258047,normal,1251,0,1782361626.2261848,0.002002716064453125
258048,normal,2566,0,1782361626.228206,0.0020210742950439453
258049,normal,3073,1,1782361626.2301831,0.001977205276489258
258050,normal,98,0,1782361626.232185,0.0020017623901367188
258051,normal,3704,0,1782361626.2341797,0.0019948482513427734
258052,normal,163,0,1782361626.236181,0.0020012855529785156
258053,normal,340,0,1782361626.2382824,0.002101421356201172
258054,normal,500,0,1782361626.2402909,0.0020084381103515625
258055,normal,2894,0,1782361626.2422068,0.0019159317016601562
258056,normal,15,0,1782361626.2443793,0.0021724700927734375
258057,normal,707,0,1782361626.2462137,0.0018343925476074219
258058,normal,3118,1,1782361626.2483346,0.0021209716796875
258059,normal,2016,0,1782361626.250235,0.0019004344940185547
258060,normal,1200,0,1782361626.2524514,0.002216339111328125
258061,normal,347,0,1782361626.254223,0.001771688461303711
258062,normal,1894,0,1782361626.2562125,0.0019893646240234375
258063,normal,1146,0,1782361626.2583342,0.0021216869354248047
258064,normal,1270,0,1782361626.2602456,0.0019114017486572266
258065,normal,2221,0,1782361626.2622294,0.0019838809967041016
258066,normal,2899,0,1782361626.2644515,0.0022220611572265625
258067,normal,3042,0,1782361626.2664502,0.0019986629486083984
258068,normal,2636,0,1782361626.268277,0.0018267631530761719
258069,normal,2671,0,1782361626.270264,0.001986980438232422
258070,normal,1896,0,1782361626.2724266,0.0021626949310302734
258071,normal,461,0,1782361626.2742891,0.0018625259399414062
258072,normal,49,0,1782361626.2762105,0.0019214153289794922
258073,normal,1720,0,1782361626.2785523,0.002341747283935547
258074,normal,3162,1,1782361626.2803493,0.0017969608306884766
258075,normal,3044,0,1782361626.2822392,0.001889944076538086
258076,normal,711,0,1782361626.2845685,0.0023293495178222656
258077,normal,1778,0,1782361626.286519,0.0019505023956298828
258078,normal,1574,0,1782361626.2882898,0.0017707347869873047
258079,normal,3099,1,1782361626.290197,0.0019071102142333984
258080,normal,2630,0,1782361626.292328,0.0021309852600097656
258081,normal,1982,0,1782361626.2942324,0.0019044876098632812
258082,normal,1777,0,1782361626.2963202,0.002087831497192383
258083,normal,1734,0,1782361626.298217,0.0018968582153320312
258084,normal,690,0,1782361626.3003266,0.002109527587890625
258085,normal,2449,0,1782361626.3022366,0.0019099712371826172
258086,normal,3026,0,1782361626.3042321,0.001995563507080078
258087,normal,2027,0,1782361626.306373,0.0021407604217529297
258088,normal,1646,0,1782361626.3083289,0.0019559860229492188
258089,normal,819,2,1782361626.310234,0.001905202865600586
258090,normal,2365,0,1782361626.312233,0.0019989013671875
258091,normal,2822,0,1782361626.3143554,0.0021224021911621094
258092,normal,996,2,1782361626.316261,0.001905679702758789
258093,normal,3076,1,1782361626.318289,0.0020279884338378906
258094,normal,1789,0,1782361626.3203118,0.0020227432250976562
258095,normal,2418,0,1782361626.3222327,0.001920938491821289
258096,normal,1621,0,1782361626.324344,0.002111196517944336
258097,normal,1573,0,1782361626.3262658,0.0019218921661376953
258098,normal,1121,0,1782361626.3282692,0.0020034313201904297
258099,normal,2943,0,1782361626.3302493,0.0019800662994384766
258100,normal,800,2,1782361626.3323824,0.0021331310272216797
258101,normal,1870,0,1782361626.3342555,0.001873016357421875
258102,normal,2170,0,1782361626.3362198,0.0019643306732177734
258103,normal,3629,0,1782361626.338337,0.002117156982421875
258104,normal,2477,0,1782361626.3402143,0.0018773078918457031
258105,normal,1711,0,1782361626.342334,0.002119779586791992
258106,normal,458,0,1782361626.344247,0.0019130706787109375
258107,normal,3633,0,1782361626.3462398,0.0019927024841308594
258108,normal,1176,0,1782361626.3482609,0.0020210742950439453
258109,normal,2461,0,1782361626.3503454,0.002084493637084961
258110,normal,1334,1,1782361626.3523092,0.0019638538360595703
258111,normal,2350,0,1782361626.354268,0.0019588470458984375
258112,normal,1694,0,1782361626.3563578,0.0020897388458251953
258113,normal,3408,0,1782361626.3582346,0.0018768310546875
258114,normal,69,0,1782361626.3603656,0.0021309852600097656
258115,normal,1606,0,1782361626.3622477,0.0018820762634277344
258116,normal,974,2,1782361626.3642137,0.0019659996032714844
258117,normal,2915,0,1782361626.366344,0.002130270004272461
258118,normal,2764,0,1782361626.36824,0.0018961429595947266
258119,normal,1712,0,1782361626.370446,0.0022058486938476562
258120,normal,1797,0,1782361626.372275,0.0018291473388671875
258121,normal,1436,0,1782361626.3744028,0.0021276473999023438
258122,normal,3439,0,1782361626.376295,0.0018923282623291016
258123,normal,244,0,1782361626.3784816,0.0021865367889404297
258124,normal,2242,0,1782361626.3802643,0.0017826557159423828
258125,normal,37,0,1782361626.382314,0.002049684524536133
258126,normal,206,0,1782361626.3843038,0.0019898414611816406
258127,normal,1993,0,1782361626.3863885,0.0020847320556640625
258128,normal,3625,0,1782361626.3883688,0.001980304718017578
258129,normal,3695,0,1782361626.3901875,0.0018186569213867188
258130,normal,1534,0,1782361626.3923283,0.0021407604217529297
258131,normal,2074,0,1782361626.3942652,0.0019369125366210938
258132,normal,1908,0,1782361626.3963335,0.0020682811737060547
258133,normal,3418,0,1782361626.398202,0.0018684864044189453
258134,normal,1727,0,1782361626.4003153,0.00211334228515625
258135,normal,1384,0,1782361626.4023147,0.001999378204345703
258136,normal,2619,0,1782361626.4042203,0.001905679702758789
258137,normal,2988,0,1782361626.406857,0.0026366710662841797
258138,normal,601,0,1782361626.4083169,0.0014598369598388672
258139,normal,322,0,1782361626.410313,0.0019960403442382812
258140,normal,1722,0,1782361626.412215,0.0019021034240722656
258141,normal,290,0,1782361626.41434,0.0021250247955322266
258142,normal,115,0,1782361626.4162424,0.0019023418426513672
258143,normal,2680,0,1782361626.4184027,0.002160310745239258
258144,normal,606,0,1782361626.4202673,0.0018646717071533203
258145,normal,1704,0,1782361626.422322,0.0020546913146972656
258146,normal,32,0,1782361626.4242225,0.0019004344940185547
258147,normal,2672,0,1782361626.426338,0.002115488052368164
258148,normal,1281,0,1782361626.4282253,0.0018873214721679688
258149,normal,2706,0,1782361626.430339,0.002113819122314453
258150,normal,1555,0,1782361626.4322438,0.0019047260284423828
258151,normal,581,0,1782361626.434422,0.002178192138671875
258152,normal,1627,0,1782361626.4362514,0.001829385757446289
258153,normal,1295,0,1782361626.438368,0.002116680145263672
258154,normal,2788,0,1782361626.4403362,0.0019681453704833984
258155,normal,1622,0,1782361626.4422534,0.001917123794555664
258156,normal,2270,0,1782361626.444378,0.0021245479583740234
258157,normal,2606,0,1782361626.4464836,0.002105712890625
258158,normal,484,0,1782361626.4483178,0.0018341541290283203
258159,normal,3325,1,1782361626.4503381,0.0020203590393066406
258160,normal,1956,0,1782361626.4524183,0.002080202102661133
258161,normal,1605,0,1782361626.454505,0.002086639404296875
258162,normal,1515,0,1782361626.4562445,0.001739501953125
258163,normal,3657,0,1782361626.4583619,0.0021173954010009766
258164,normal,3662,0,1782361626.4605541,0.002192258834838867
258165,normal,2338,0,1782361626.4623244,0.0017702579498291016
258166,normal,1816,0,1782361626.4642105,0.001886129379272461
258167,normal,3159,1,1782361626.466326,0.002115488052368164
258168,normal,2674,0,1782361626.4682188,0.0018928050994873047
258169,normal,3555,0,1782361626.4702096,0.001990795135498047
258170,normal,2963,0,1782361626.472303,0.0020933151245117188
258171,normal,1498,0,1782361626.4741783,0.0018754005432128906
258172,normal,2812,0,1782361626.4762945,0.0021162033081054688
258173,normal,907,2,1782361626.4782028,0.0019083023071289062
258174,normal,2426,0,1782361626.4802167,0.0020139217376708984
258175,normal,937,2,1782361626.4822452,0.0020284652709960938
258176,normal,2581,0,1782361626.4842153,0.001970052719116211
258177,normal,2582,0,1782361626.4862258,0.0020105838775634766
258178,normal,2615,0,1782361626.4882348,0.0020089149475097656
258179,normal,1681,0,1782361626.490193,0.001958131790161133
258180,normal,3485,0,1782361626.492192,0.0019991397857666016
258181,normal,2601,0,1782361626.4942162,0.0020241737365722656
258182,normal,254,0,1782361626.4961946,0.0019783973693847656
258183,normal,333,0,1782361626.4982147,0.002020120620727539
258184,normal,1888,0,1782361626.5002592,0.0020444393157958984
258185,normal,3261,1,1782361626.5021913,0.0019321441650390625
258186,normal,1629,0,1782361626.5042746,0.002083301544189453
258187,normal,569,0,1782361626.5061443,0.0018696784973144531
258188,normal,1975,0,1782361626.5082438,0.0020995140075683594
258189,normal,793,2,1782361626.5101888,0.0019450187683105469
258190,normal,1583,0,1782361626.5122492,0.002060413360595703
258191,normal,789,2,1782361626.514165,0.0019156932830810547
258192,normal,2442,0,1782361626.5162144,0.0020494461059570312
258193,normal,2225,0,1782361626.5182867,0.0020723342895507812
258194,normal,3487,0,1782361626.5202127,0.0019259452819824219
258195,normal,438,0,1782361626.5222576,0.0020449161529541016
258196,normal,225,0,1782361626.524185,0.0019273757934570312
258197,normal,3245,1,1782361626.52626,0.0020749568939208984
258198,normal,1509,0,1782361626.5281987,0.0019388198852539062
258199,normal,857,2,1782361626.5302644,0.0020656585693359375
258200,normal,3549,0,1782361626.5321558,0.0018913745880126953
258201,normal,591,0,1782361626.5341825,0.002026796340942383
258202,normal,1170,0,1782361626.5361986,0.0020160675048828125
258203,normal,1569,0,1782361626.538225,0.0020263195037841797
258204,normal,3254,1,1782361626.5402443,0.0020194053649902344
258205,normal,623,0,1782361626.5422027,0.0019583702087402344
258206,normal,845,2,1782361626.5442524,0.002049684524536133
258207,normal,612,0,1782361626.5462196,0.001967191696166992
258208,normal,1257,0,1782361626.548219,0.001999378204345703
258209,normal,2456,0,1782361626.5502148,0.0019958019256591797
258210,normal,2956,0,1782361626.5522397,0.0020248889923095703
258211,normal,3038,0,1782361626.554305,0.002065420150756836
258212,normal,2230,0,1782361626.556158,0.0018529891967773438
258213,normal,1303,0,1782361626.558193,0.002034902572631836
258214,normal,1911,0,1782361626.560184,0.0019910335540771484
258215,normal,1615,0,1782361626.5621939,0.002009868621826172
258216,normal,394,0,1782361626.5643342,0.0021402835845947266
258217,normal,3064,1,1782361626.5661476,0.0018134117126464844
258218,normal,2545,0,1782361626.56821,0.0020623207092285156
258219,normal,1684,0,1782361626.570191,0.001981019973754883
258220,normal,1268,0,1782361626.572186,0.001995086669921875
258221,normal,1062,0,1782361626.5742955,0.002109527587890625
258222,normal,2495,0,1782361626.5762951,0.0019996166229248047
258223,normal,1559,0,1782361626.5782003,0.001905202865600586
258224,normal,2394,0,1782361626.5802104,0.0020101070404052734
258225,normal,2499,0,1782361626.5821996,0.001989126205444336
258226,normal,617,0,1782361626.5841968,0.001997232437133789
258227,normal,3331,1,1782361626.5862024,0.0020055770874023438
258228,normal,2415,0,1782361626.588215,0.0020127296447753906
258229,normal,1012,2,1782361626.590176,0.0019609928131103516
258230,normal,1688,0,1782361626.592196,0.0020198822021484375
258231,normal,2926,0,1782361626.5941727,0.0019767284393310547
258232,normal,2714,0,1782361626.5962045,0.0020318031311035156
258233,normal,2520,0,1782361626.598203,0.001998424530029297
258234,normal,2296,0,1782361626.600431,0.0022280216217041016
258235,normal,578,0,1782361626.6023045,0.0018734931945800781
258236,normal,3337,1,1782361626.6042407,0.001936197280883789
258237,normal,2799,0,1782361626.6062431,0.0020024776458740234
258238,normal,2807,0,1782361626.608255,0.0020117759704589844
258239,normal,1091,0,1782361626.610264,0.002009153366088867
258240,normal,448,0,1782361626.6122048,0.0019407272338867188
258241,normal,2953,0,1782361626.6143048,0.0020999908447265625
258242,normal,3670,0,1782361626.616251,0.0019462108612060547
258243,normal,2075,0,1782361626.618228,0.0019769668579101562
258244,normal,1399,0,1782361626.6204581,0.0022301673889160156
258245,normal,3055,1,1782361626.6223485,0.001890420913696289
258246,normal,2209,0,1782361626.6242125,0.0018639564514160156
258247,normal,847,2,1782361626.6261806,0.0019681453704833984
258248,normal,1950,0,1782361626.6281922,0.002011537551879883
258249,normal,2819,0,1782361626.6302044,0.0020122528076171875
258250,normal,47,0,1782361626.6322014,0.0019969940185546875
258251,normal,3358,1,1782361626.6342218,0.0020203590393066406
258252,normal,3429,0,1782361626.6362135,0.001991748809814453
258253,normal,2171,0,1782361626.6382186,0.0020051002502441406
258254,normal,285,0,1782361626.6402292,0.0020105838775634766
258255,normal,477,0,1782361626.642383,0.0021538734436035156
258256,normal,117,0,1782361626.644313,0.0019299983978271484
258257,normal,263,0,1782361626.646241,0.0019278526306152344
258258,normal,3096,1,1782361626.6483405,0.0020995140075683594
258259,normal,3705,0,1782361626.6502771,0.0019366741180419922
258260,normal,2525,0,1782361626.6523635,0.0020864009857177734
258261,normal,129,0,1782361626.6542726,0.001909017562866211
258262,normal,2795,0,1782361626.6563406,0.002068042755126953
258263,normal,108,0,1782361626.6582296,0.0018889904022216797
258264,normal,3402,0,1782361626.660351,0.002121448516845703
258265,normal,264,0,1782361626.6622484,0.0018973350524902344
258266,normal,2763,0,1782361626.6643593,0.0021109580993652344
258267,normal,882,2,1782361626.6662388,0.0018794536590576172
258268,normal,2327,0,1782361626.6684594,0.002220630645751953
258269,normal,221,0,1782361626.6702156,0.0017561912536621094
258270,normal,3692,0,1782361626.6722248,0.002009153366088867
258271,normal,2318,0,1782361626.6743338,0.002109050750732422
258272,normal,2537,0,1782361626.6762166,0.001882791519165039
258273,normal,810,2,1782361626.6783478,0.002131223678588867
258274,normal,697,0,1782361626.680219,0.0018711090087890625
258275,normal,3257,1,1782361626.6823664,0.0021474361419677734
258276,normal,0,0,1782361626.6842587,0.0018923282623291016
258277,normal,1792,0,1782361626.6864417,0.0021829605102539062
258278,normal,3121,1,1782361626.688286,0.0018444061279296875
258279,normal,1686,0,1782361626.6902487,0.0019626617431640625
258280,normal,1541,0,1782361626.6923554,0.0021066665649414062
258281,normal,680,0,1782361626.6942325,0.0018770694732666016
258282,normal,329,0,1782361626.6963732,0.0021407604217529297
258283,normal,3059,1,1782361626.6982107,0.0018374919891357422
258284,normal,1638,0,1782361626.7002387,0.0020279884338378906
258285,normal,2702,0,1782361626.7023392,0.0021004676818847656
258286,normal,1139,0,1782361626.7045321,0.002192974090576172
258287,normal,3467,0,1782361626.7062604,0.0017282962799072266
258288,normal,3709,0,1782361626.7083886,0.002128124237060547
258289,normal,1258,0,1782361626.7103758,0.0019872188568115234
258290,normal,3652,0,1782361626.712301,0.0019252300262451172
258291,normal,1094,0,1782361626.714437,0.0021359920501708984
258292,normal,3445,0,1782361626.7163107,0.0018737316131591797
258293,normal,2014,0,1782361626.7183495,0.002038717269897461
258294,normal,2713,0,1782361626.7204492,0.002099752426147461
258295,normal,2356,0,1782361626.7221901,0.0017409324645996094
258296,normal,360,0,1782361626.7243218,0.0021317005157470703
258297,normal,1494,0,1782361626.7263236,0.0020017623901367188
258298,normal,967,2,1782361626.7282293,0.001905679702758789
258299,normal,734,0,1782361626.7304275,0.0021982192993164062
258300,normal,22,0,1782361626.7322052,0.00177764892578125
258301,normal,1719,0,1782361626.7343192,0.0021140575408935547
258302,normal,3610,0,1782361626.7362037,0.00188446044921875
258303,normal,853,2,1782361626.7383175,0.002113819122314453
258304,normal,393,0,1782361626.74076,0.002442598342895508
258305,normal,790,2,1782361626.7424474,0.0016872882843017578
258306,normal,1751,0,1782361626.7442324,0.0017850399017333984
258307,normal,778,2,1782361626.7463274,0.0020949840545654297
258308,normal,1796,0,1782361626.7482078,0.0018804073333740234
258309,normal,255,0,1782361626.750326,0.0021181106567382812
258310,normal,2970,0,1782361626.7522686,0.0019426345825195312
258311,normal,1506,0,1782361626.754455,0.0021865367889404297
258312,normal,3646,0,1782361626.7562912,0.0018360614776611328
258313,normal,766,0,1782361626.7584019,0.002110719680786133
258314,normal,1731,0,1782361626.7608352,0.002433300018310547
258315,normal,875,2,1782361626.762226,0.0013909339904785156
258316,normal,1653,0,1782361626.7644255,0.002199411392211914
258317,normal,2641,0,1782361626.7662294,0.0018038749694824219
258318,normal,3043,0,1782361626.7685707,0.0023412704467773438
258319,normal,2458,0,1782361626.7704887,0.0019180774688720703
258320,normal,2865,0,1782361626.7722855,0.001796722412109375
258321,normal,3175,1,1782361626.7743285,0.002043008804321289
258322,normal,1853,0,1782361626.776317,0.0019884109497070312
258323,normal,501,0,1782361626.7782958,0.0019788742065429688
258324,normal,2609,0,1782361626.780273,0.001977205276489258
258325,normal,403,0,1782361626.782353,0.0020799636840820312
258326,normal,2623,0,1782361626.7847862,0.002433300018310547
258327,normal,2429,0,1782361626.7864408,0.0016546249389648438
258328,normal,134,0,1782361626.7883518,0.0019109249114990234
258329,normal,2482,0,1782361626.7902546,0.0019028186798095703
258330,normal,370,0,1782361626.7923572,0.0021026134490966797
258331,normal,2651,0,1782361626.7944434,0.002086162567138672
258332,normal,3448,0,1782361626.7962801,0.0018367767333984375
258333,normal,2379,0,1782361626.7982886,0.0020084381103515625
258334,normal,1697,0,1782361626.8002214,0.0019328594207763672
258335,normal,1469,0,1782361626.802306,0.002084493637084961
258336,normal,1230,0,1782361626.804383,0.0020771026611328125
258337,normal,1144,0,1782361626.8064995,0.0021164417266845703
258338,normal,2137,0,1782361626.8083138,0.0018143653869628906
258339,normal,53,0,1782361626.8104584,0.0021445751190185547
258340,normal,1068,0,1782361626.8124108,0.0019524097442626953
258341,normal,1329,1,1782361626.814403,0.0019922256469726562
258342,normal,2380,0,1782361626.8164072,0.0020041465759277344
258343,normal,3471,0,1782361626.8184397,0.0020325183868408203
258344,normal,179,0,1782361626.8202755,0.0018358230590820312
258345,normal,399,0,1782361626.8224869,0.002211332321166992
258346,normal,2772,0,1782361626.8244207,0.0019338130950927734
258347,normal,2407,0,1782361626.8264167,0.0019960403442382812
258348,normal,3479,0,1782361626.8284223,0.0020055770874023438
258349,normal,2276,0,1782361626.8303032,0.0018808841705322266
258350,normal,59,0,1782361626.8324332,0.0021300315856933594
258351,normal,1117,0,1782361626.834349,0.0019156932830810547
258352,normal,1300,0,1782361626.8364892,0.0021402835845947266
258353,normal,1193,0,1782361626.8383396,0.0018503665924072266
258354,normal,1835,0,1782361626.8404653,0.0021257400512695312
258355,normal,309,0,1782361626.842423,0.0019576549530029297
258356,normal,318,0,1782361626.8444133,0.0019903182983398438
258357,normal,346,0,1782361626.8463364,0.0019230842590332031
258358,normal,1868,0,1782361626.8484461,0.0021097660064697266
258359,normal,3653,0,1782361626.8503144,0.0018682479858398438
258360,normal,1097,0,1782361626.852435,0.0021207332611083984
258361,normal,196,0,1782361626.8543618,0.0019266605377197266
258362,normal,311,0,1782361626.8562884,0.0019266605377197266
258363,normal,556,0,1782361626.858485,0.0021965503692626953
258364,normal,193,0,1782361626.860488,0.0020029544830322266
258365,normal,3016,0,1782361626.8623962,0.0019083023071289062
258366,normal,3153,1,1782361626.8643978,0.002001523971557617
258367,normal,83,0,1782361626.866423,0.002025127410888672
258368,normal,1224,0,1782361626.8684578,0.002034902572631836
258369,normal,1909,0,1782361626.870591,0.0021331310272216797
258370,normal,1587,0,1782361626.8726294,0.0020384788513183594
258371,normal,3141,1,1782361626.875011,0.002381563186645508
258372,normal,491,0,1782361626.8764193,0.0014083385467529297
258373,normal,3357,1,1782361626.8783917,0.0019724369049072266
258374,normal,2184,0,1782361626.8802857,0.0018939971923828125
258375,normal,2784,0,1782361626.8824167,0.0021309852600097656
258376,normal,1563,0,1782361626.8845558,0.0021390914916992188
258377,normal,126,0,1782361626.8865142,0.0019583702087402344
258378,normal,761,0,1782361626.8885977,0.0020835399627685547
258379,normal,739,0,1782361626.890631,0.002033233642578125
258380,normal,1324,1,1782361626.89266,0.002028942108154297
258381,normal,502,0,1782361626.8946238,0.0019638538360595703
258382,normal,2748,0,1782361626.8964918,0.0018680095672607422
258383,normal,2595,0,1782361626.898353,0.0018613338470458984
258384,normal,2245,0,1782361626.900853,0.002499818801879883
258385,normal,1001,2,1782361626.9026031,0.0017502307891845703
258386,normal,3568,0,1782361626.9045453,0.0019421577453613281
258387,normal,1323,1,1782361626.9063983,0.0018529891967773438
258388,normal,3068,1,1782361626.9084742,0.0020759105682373047
258389,normal,2161,0,1782361626.9102886,0.0018143653869628906
258390,normal,905,2,1782361626.912535,0.002246379852294922
258391,normal,1449,0,1782361626.9148335,0.002298593521118164
258392,normal,1856,0,1782361626.9163003,0.0014667510986328125
258393,normal,2492,0,1782361626.918532,0.002231597900390625
258394,normal,128,0,1782361626.9204156,0.0018837451934814453
258395,normal,1245,0,1782361626.9224002,0.0019845962524414062
258396,normal,3235,1,1782361626.9243863,0.0019860267639160156
258397,normal,3593,0,1782361626.9268665,0.0024802684783935547
258398,normal,2554,0,1782361626.9287362,0.0018696784973144531
258399,normal,154,0,1782361626.9303894,0.0016531944274902344
258400,normal,43,0,1782361626.932369,0.0019795894622802734
258401,normal,44,0,1782361626.9342782,0.0019092559814453125
258402,normal,3669,0,1782361626.9363842,0.0021059513092041016
258403,normal,2664,0,1782361626.9382882,0.0019040107727050781
258404,normal,353,0,1782361626.940391,0.0021028518676757812
258405,normal,689,0,1782361626.9425488,0.0021576881408691406
258406,normal,2083,0,1782361626.9444332,0.00188446044921875
258407,normal,3087,1,1782361626.9465034,0.002070188522338867
258408,normal,924,2,1782361626.948456,0.0019526481628417969
258409,normal,2836,0,1782361626.9503565,0.0019004344940185547
258410,normal,319,0,1782361626.9524322,0.002075672149658203
258411,normal,709,0,1782361626.9543972,0.001965045928955078
258412,normal,1662,0,1782361626.9562893,0.00189208984375
258413,normal,1901,0,1782361626.9584572,0.002167940139770508
258414,normal,3288,1,1782361626.9605618,0.002104520797729492
258415,normal,2126,0,1782361626.9622934,0.0017316341400146484
258416,normal,1375,1,1782361626.9643967,0.0021033287048339844
258417,normal,289,0,1782361626.9664845,0.002087831497192383
258418,normal,831,2,1782361626.9683225,0.0018379688262939453
258419,normal,753,0,1782361626.9707117,0.002389192581176758
258420,normal,1350,1,1782361626.9723198,0.001608133316040039
258421,normal,3052,1,1782361626.9747968,0.002476930618286133
258422,normal,1159,0,1782361626.976529,0.0017321109771728516
258423,normal,359,0,1782361626.9785917,0.0020627975463867188
258424,normal,2966,0,1782361626.9806995,0.002107858657836914
258425,normal,1613,0,1782361626.9825513,0.001851797103881836
258426,normal,2835,0,1782361626.9848578,0.0023064613342285156
258427,normal,2272,0,1782361626.9863646,0.001506805419921875
258428,normal,1473,0,1782361626.988451,0.0020864009857177734
258429,normal,2351,0,1782361626.9905684,0.0021173954010009766
258430,normal,2645,0,1782361626.9922574,0.0016889572143554688
258431,normal,2233,0,1782361626.994377,0.0021195411682128906
258432,normal,2030,0,1782361626.996252,0.001875162124633789
258433,normal,3389,1,1782361626.998365,0.002112865447998047
258434,normal,1321,1,1782361627.0003226,0.0019576549530029297
258435,normal,1361,1,1782361627.002479,0.002156496047973633
258436,normal,1340,1,1782361627.0043046,0.001825571060180664
258437,normal,2628,0,1782361627.0064354,0.002130746841430664
258438,normal,516,0,1782361627.008441,0.0020055770874023438
258439,normal,954,2,1782361627.0103426,0.0019016265869140625
258440,normal,3253,1,1782361627.0123513,0.002008676528930664
258441,normal,942,2,1782361627.0152223,0.0028710365295410156
258442,normal,1530,0,1782361627.0164146,0.001192331314086914
258443,normal,67,0,1782361627.018782,0.002367258071899414
258444,normal,762,0,1782361627.0203846,0.0016026496887207031
258445,normal,2572,0,1782361627.0223963,0.0020117759704589844
258446,normal,2349,0,1782361627.024399,0.002002716064453125
258447,normal,1133,0,1782361627.0264149,0.002015829086303711
258448,normal,876,2,1782361627.0283177,0.0019028186798095703
258449,normal,2421,0,1782361627.0307064,0.0023887157440185547
258450,normal,2914,0,1782361627.0325744,0.0018680095672607422
258451,normal,1373,1,1782361627.0343478,0.0017733573913574219
258452,normal,836,2,1782361627.036431,0.002083301544189453
258453,normal,2981,0,1782361627.0385053,0.0020742416381835938
258454,normal,231,0,1782361627.0402977,0.0017924308776855469
258455,normal,792,2,1782361627.0424073,0.002109527587890625
258456,normal,1252,0,1782361627.0443954,0.0019881725311279297
258457,normal,1878,0,1782361627.0463393,0.001943826675415039
258458,normal,957,2,1782361627.0484107,0.002071380615234375
258459,normal,1004,2,1782361627.0504105,0.0019998550415039062
258460,normal,3240,1,1782361627.0522845,0.0018739700317382812
258461,normal,1376,1,1782361627.0547843,0.002499818801879883
258462,normal,1517,0,1782361627.0572803,0.002496004104614258
258463,normal,625,0,1782361627.0587058,0.0014255046844482422
258464,normal,1142,0,1782361627.061329,0.0026230812072753906
258465,normal,2863,0,1782361627.0622556,0.0009267330169677734
258466,normal,2512,0,1782361627.0644069,0.0021512508392333984
258467,normal,1501,0,1782361627.066366,0.001959085464477539
258468,normal,1818,0,1782361627.0685482,0.0021822452545166016
258469,normal,3137,1,1782361627.0704117,0.0018634796142578125
258470,normal,2507,0,1782361627.0725384,0.0021266937255859375
258471,normal,2244,0,1782361627.0744336,0.0018951892852783203
258472,normal,2147,0,1782361627.0764775,0.0020439624786376953
258473,normal,2459,0,1782361627.0782661,0.0017886161804199219
258474,normal,1437,0,1782361627.080912,0.0026459693908691406
258475,normal,280,0,1782361627.0826046,0.0016925334930419922
258476,normal,1632,0,1782361627.084337,0.0017323493957519531
258477,normal,1951,0,1782361627.0863872,0.002050161361694336
258478,normal,3252,1,1782361627.0882845,0.0018973350524902344
258479,normal,1980,0,1782361627.0903509,0.002066373825073242
258480,normal,2335,0,1782361627.092622,0.0022711753845214844
258481,normal,2295,0,1782361627.094443,0.0018210411071777344
258482,normal,1223,0,1782361627.0963774,0.0019342899322509766
258483,normal,3370,1,1782361627.0985985,0.0022211074829101562
258484,normal,2411,0,1782361627.1004608,0.0018622875213623047
258485,normal,1409,0,1782361627.1024911,0.0020303726196289062
258486,normal,2065,0,1782361627.1044528,0.0019617080688476562
258487,normal,1872,0,1782361627.1063702,0.0019173622131347656
258488,normal,638,0,1782361627.10848,0.0021097660064697266
258489,normal,2908,0,1782361627.1103692,0.0018892288208007812
258490,normal,2465,0,1782361627.1125512,0.0021820068359375
258491,normal,978,2,1782361627.114238,0.0016868114471435547
258492,normal,367,0,1782361627.1164284,0.0021903514862060547
258493,normal,3453,0,1782361627.1183593,0.0019309520721435547
258494,normal,1739,0,1782361627.1204665,0.0021071434020996094
258495,normal,1175,0,1782361627.1224592,0.0019927024841308594
258496,normal,670,0,1782361627.1245217,0.002062559127807617
258497,normal,2112,0,1782361627.1265917,0.0020699501037597656
258498,normal,1947,0,1782361627.1283774,0.0017857551574707031
258499,normal,1929,0,1782361627.1304054,0.0020279884338378906
258500,normal,1468,0,1782361627.132295,0.0018894672393798828
258501,normal,1725,0,1782361627.134405,0.002110004425048828
258502,normal,2759,0,1782361627.1362813,0.0018763542175292969
258503,normal,510,0,1782361627.138464,0.0021827220916748047
258504,normal,1063,0,1782361627.1406446,0.0021805763244628906
258505,normal,3385,1,1782361627.1424978,0.0018532276153564453
258506,normal,1025,2,1782361627.1444354,0.0019376277923583984
258507,normal,3140,1,1782361627.1463943,0.0019588470458984375
258508,normal,3441,0,1782361627.148267,0.0018727779388427734
258509,normal,1547,0,1782361627.1503756,0.0021085739135742188
258510,normal,610,0,1782361627.1523807,0.0020051002502441406
258511,normal,1957,0,1782361627.1545424,0.002161741256713867
258512,normal,688,0,1782361627.1565359,0.001993417739868164
258513,normal,2025,0,1782361627.1583793,0.0018434524536132812
258514,normal,3163,1,1782361627.1605563,0.002177000045776367
258515,normal,1307,0,1782361627.1624236,0.0018672943115234375
258516,normal,628,0,1782361627.1645565,0.002132892608642578
258517,normal,363,0,1782361627.166442,0.0018854141235351562
258518,normal,3236,1,1782361627.1682787,0.0018367767333984375
258519,normal,2511,0,1782361627.1707513,0.0024726390838623047
258520,normal,912,2,1782361627.172434,0.0016827583312988281
258521,normal,1241,0,1782361627.1745024,0.0020682811737060547
258522,normal,2818,0,1782361627.1762433,0.0017409324645996094
258523,normal,1565,0,1782361627.1784325,0.002189159393310547
258524,normal,1824,0,1782361627.1804447,0.0020122528076171875
258525,normal,284,0,1782361627.1824145,0.0019698143005371094
258526,normal,1707,0,1782361627.1843479,0.0019333362579345703
258527,normal,1893,0,1782361627.1864948,0.0021469593048095703
258528,normal,1296,0,1782361627.1884782,0.0019834041595458984
258529,normal,488,0,1782361627.1903594,0.0018811225891113281
258530,normal,2825,0,1782361627.192583,0.0022237300872802734
258531,normal,189,0,1782361627.1944926,0.001909494400024414
258532,normal,787,2,1782361627.1967468,0.0022542476654052734
258533,normal,2741,0,1782361627.1984186,0.0016717910766601562
258534,normal,407,0,1782361627.2006505,0.0022318363189697266
258535,normal,3559,0,1782361627.202515,0.0018644332885742188
258536,normal,3519,0,1782361627.2045243,0.0020093917846679688
258537,normal,2100,0,1782361627.2064383,0.0019140243530273438
258538,normal,1246,0,1782361627.2082522,0.0018138885498046875
258539,normal,3368,1,1782361627.2103815,0.0021293163299560547
258540,normal,3171,1,1782361627.2124043,0.0020227432250976562
258541,normal,3266,1,1782361627.214563,0.002158641815185547
258542,normal,615,0,1782361627.2163303,0.0017673969268798828
258543,normal,2085,0,1782361627.2183876,0.002057313919067383
258544,normal,1652,0,1782361627.2202356,0.001847982406616211
258545,normal,3698,0,1782361627.2223773,0.002141714096069336
258546,normal,334,0,1782361627.2243948,0.002017498016357422
258547,normal,38,0,1782361627.2263684,0.0019736289978027344
258548,normal,3061,1,1782361627.2285187,0.002150297164916992
258549,normal,1284,0,1782361627.230556,0.0020372867584228516
258550,normal,2576,0,1782361627.2324004,0.0018444061279296875
258551,normal,3309,1,1782361627.2348485,0.0024480819702148438
258552,normal,417,0,1782361627.236306,0.0014574527740478516
258553,normal,3291,1,1782361627.2382443,0.0019383430480957031
258554,normal,2046,0,1782361627.2403502,0.0021059513092041016
258555,normal,3203,1,1782361627.2423506,0.0020003318786621094
258556,normal,870,2,1782361627.2442572,0.0019066333770751953
258557,normal,2297,0,1782361627.2465062,0.002249002456665039
258558,normal,2089,0,1782361627.2486055,0.002099275588989258
258559,normal,747,0,1782361627.2503607,0.0017552375793457031
258560,normal,3377,1,1782361627.2524562,0.002095460891723633
258561,normal,1556,0,1782361627.2544448,0.001988649368286133
258562,normal,77,0,1782361627.2563586,0.0019137859344482422
258563,normal,171,0,1782361627.2584229,0.002064228057861328
258564,normal,724,0,1782361627.260417,0.0019941329956054688
258565,normal,811,2,1782361627.2627172,0.002300262451171875
258566,normal,2116,0,1782361627.2648418,0.0021245479583740234
258567,normal,1278,0,1782361627.2664826,0.0016407966613769531
258568,normal,2794,0,1782361627.2683759,0.0018932819366455078
258569,normal,2931,0,1782361627.270427,0.002051115036010742
258570,normal,440,0,1782361627.2724986,0.0020716190338134766
258571,normal,728,0,1782361627.2744145,0.0019159317016601562
258572,normal,3437,0,1782361627.2763655,0.001950979232788086
258573,normal,3188,1,1782361627.2783868,0.002021312713623047
258574,normal,3010,0,1782361627.2802734,0.001886606216430664
258575,normal,710,0,1782361627.2825694,0.002295970916748047
258576,normal,2650,0,1782361627.284513,0.0019435882568359375
258577,normal,1969,0,1782361627.2865443,0.0020313262939453125
258578,normal,1836,0,1782361627.2884345,0.0018901824951171875
258579,normal,3630,0,1782361627.2907135,0.002279043197631836
258580,normal,2447,0,1782361627.2926397,0.0019261837005615234
258581,normal,3517,0,1782361627.2944105,0.0017707347869873047
258582,normal,2607,0,1782361627.29634,0.0019295215606689453
258583,normal,1769,0,1782361627.2982204,0.0018804073333740234
258584,normal,2274,0,1782361627.300461,0.0022406578063964844
258585,normal,245,0,1782361627.3027337,0.0022726058959960938
258586,normal,2694,0,1782361627.3045793,0.0018455982208251953
258587,normal,573,0,1782361627.3066094,0.0020301342010498047
258588,normal,889,2,1782361627.3083453,0.0017359256744384766
258589,normal,1327,1,1782361627.3103817,0.0020363330841064453
258590,normal,1942,0,1782361627.312452,0.0020704269409179688
258591,normal,735,0,1782361627.3144577,0.0020055770874023438
258592,normal,3271,1,1782361627.3168666,0.0024089813232421875
258593,normal,832,2,1782361627.3187954,0.0019288063049316406
258594,normal,3446,0,1782361627.320647,0.0018515586853027344
258595,normal,3312,1,1782361627.3223572,0.0017101764678955078
258596,normal,2359,0,1782361627.3243265,0.0019693374633789062
258597,normal,669,0,1782361627.326415,0.0020885467529296875
258598,normal,1549,0,1782361627.3282936,0.001878499984741211
258599,normal,1003,2,1782361627.33039,0.002096414566040039
258600,normal,840,2,1782361627.3323877,0.001997709274291992
258601,normal,1988,0,1782361627.334551,0.002163410186767578
258602,normal,1891,0,1782361627.3363535,0.0018024444580078125
258603,normal,93,0,1782361627.3383806,0.0020270347595214844
258604,normal,1002,2,1782361627.3403933,0.0020127296447753906
258605,normal,1490,0,1782361627.3424072,0.0020139217376708984
258606,normal,2063,0,1782361627.344383,0.0019757747650146484
258607,normal,3294,1,1782361627.346261,0.0018780231475830078
258608,normal,1513,0,1782361627.3484762,0.002215147018432617
258609,normal,966,2,1782361627.350405,0.0019288063049316406
258610,normal,1093,0,1782361627.352486,0.0020809173583984375
258611,normal,2051,0,1782361627.3542979,0.001811981201171875
258612,normal,3521,0,1782361627.3564508,0.0021529197692871094
258613,normal,3293,1,1782361627.358409,0.001958131790161133
258614,normal,2627,0,1782361627.3604407,0.0020318031311035156
258615,normal,1989,0,1782361627.362359,0.0019183158874511719
258616,normal,1567,0,1782361627.364447,0.0020880699157714844
258617,normal,643,0,1782361627.3666227,0.002175569534301758
258618,normal,2155,0,1782361627.36839,0.0017673969268798828
258619,normal,396,0,1782361627.370326,0.0019359588623046875
258620,normal,3269,1,1782361627.3722947,0.0019686222076416016
258621,normal,1735,0,1782361627.3743317,0.00203704833984375
258622,normal,1101,0,1782361627.3763642,0.0020325183868408203
258623,normal,683,0,1782361627.3782437,0.0018794536590576172
258624,normal,3703,0,1782361627.3802183,0.0019745826721191406
258625,normal,572,0,1782361627.3823068,0.0020885467529296875
258626,normal,2199,0,1782361627.3843188,0.002012014389038086
258627,normal,542,0,1782361627.3862631,0.0019443035125732422
258628,normal,133,0,1782361627.3883784,0.0021152496337890625
258629,normal,1431,0,1782361627.3904767,0.0020983219146728516
258630,normal,3586,0,1782361627.3924437,0.0019669532775878906
258631,normal,229,0,1782361627.3944345,0.001990795135498047
258632,normal,1053,0,1782361627.3964455,0.0020110607147216797
258633,normal,140,0,1782361627.3984537,0.002008199691772461
258634,normal,1922,0,1782361627.4004874,0.002033710479736328
258635,normal,19,0,1782361627.4023924,0.0019049644470214844
258636,normal,531,0,1782361627.4042947,0.0019023418426513672
258637,normal,3267,1,1782361627.406237,0.0019421577453613281
258638,normal,3567,0,1782361627.4082768,0.0020399093627929688
258639,normal,3349,1,1782361627.4102898,0.002012968063354492
258640,normal,3689,0,1782361627.4125211,0.0022313594818115234
258641,normal,3077,1,1782361627.4143207,0.0017995834350585938
258642,normal,312,0,1782361627.416251,0.00193023681640625
258643,normal,3431,0,1782361627.418247,0.0019960403442382812
258644,normal,1116,0,1782361627.4202669,0.0020198822021484375
258645,normal,270,0,1782361627.4222684,0.002001523971557617
258646,normal,1644,0,1782361627.4245868,0.0023183822631835938
258647,normal,463,0,1782361627.4266002,0.0020134449005126953
258648,normal,1525,0,1782361627.4283042,0.0017039775848388672
258649,normal,200,0,1782361627.4306421,0.002337932586669922
258650,normal,2052,0,1782361627.432316,0.0016739368438720703
258651,normal,3649,0,1782361627.4342592,0.0019431114196777344
258652,normal,3131,1,1782361627.4362445,0.001985311508178711
258653,normal,1702,0,1782361627.4382505,0.002006053924560547
258654,normal,243,0,1782361627.4402378,0.0019872188568115234
258655,normal,3495,0,1782361627.4425778,0.002340078353881836
258656,normal,855,2,1782361627.4443412,0.0017633438110351562
258657,normal,2984,0,1782361627.446311,0.0019698143005371094
258658,normal,3208,1,1782361627.4483275,0.0020165443420410156
258659,normal,622,0,1782361627.4502962,0.0019686222076416016
258660,normal,1928,0,1782361627.452319,0.0020227432250976562
258661,normal,1832,0,1782361627.4542959,0.0019769668579101562
258662,normal,583,0,1782361627.4562902,0.0019943714141845703
258663,normal,1222,0,1782361627.4583623,0.0020720958709716797
258664,normal,2249,0,1782361627.460326,0.0019636154174804688
258665,normal,75,0,1782361627.462302,0.00197601318359375
258666,normal,2980,0,1782361627.4644244,0.0021224021911621094
258667,normal,1546,0,1782361627.4672284,0.0028040409088134766
258668,normal,2775,0,1782361627.4689145,0.00168609619140625
258669,normal,456,0,1782361627.47021,0.0012955665588378906
258670,normal,914,2,1782361627.4728777,0.002667665481567383
258671,normal,1887,0,1782361627.474523,0.0016453266143798828
258672,normal,2173,0,1782361627.4764621,0.0019390583038330078
258673,normal,2440,0,1782361627.4787219,0.0022597312927246094
258674,normal,525,0,1782361627.4809308,0.0022089481353759766
258675,normal,327,0,1782361627.4825156,0.001584768295288086
258676,normal,2324,0,1782361627.4844208,0.001905202865600586
258677,normal,409,0,1782361627.486226,0.0018053054809570312
258678,normal,3490,0,1782361627.4882755,0.0020494461059570312
258679,normal,1383,0,1782361627.4903283,0.002052783966064453
258680,normal,1233,0,1782361627.4924543,0.002125978469848633
258681,normal,495,0,1782361627.4942517,0.0017974376678466797
258682,normal,1479,0,1782361627.496247,0.0019953250885009766
258683,normal,1864,0,1782361627.4982424,0.0019953250885009766
258684,normal,2101,0,1782361627.5002306,0.0019881725311279297
258685,normal,891,2,1782361627.5022779,0.002047300338745117
258686,normal,3101,1,1782361627.5042813,0.0020034313201904297
258687,normal,1046,0,1782361627.5062912,0.002009868621826172
258688,normal,675,0,1782361627.5083437,0.0020525455474853516
258689,normal,2494,0,1782361627.510334,0.0019903182983398438
258690,normal,274,0,1782361627.5122917,0.0019576549530029297
258691,normal,3005,0,1782361627.5142512,0.001959562301635742
258692,normal,2387,0,1782361627.517101,0.0028498172760009766
258693,normal,3533,0,1782361627.5184622,0.0013611316680908203
258694,normal,227,0,1782361627.5203736,0.0019114017486572266
258695,normal,2905,0,1782361627.5223854,0.0020117759704589844
258696,normal,998,2,1782361627.5242822,0.0018968582153320312
258697,normal,1337,1,1782361627.5261867,0.0019044876098632812
258698,normal,2952,0,1782361627.528237,0.0020503997802734375
258699,normal,2546,0,1782361627.5304344,0.002197265625
258700,normal,3108,1,1782361627.5323367,0.0019023418426513672
258701,normal,2829,0,1782361627.5342617,0.0019249916076660156
258702,normal,1716,0,1782361627.5362802,0.002018451690673828
258703,normal,2933,0,1782361627.5382426,0.001962423324584961
258704,normal,3364,1,1782361627.5402308,0.0019881725311279297
258705,normal,3644,0,1782361627.5422444,0.002013683319091797
258706,normal,1873,0,1782361627.5445807,0.002336263656616211
258707,normal,3015,0,1782361627.5463862,0.0018055438995361328
258708,normal,3616,0,1782361627.5483768,0.0019905567169189453
258709,normal,209,0,1782361627.5503051,0.0019283294677734375
258710,normal,2588,0,1782361627.552303,0.0019979476928710938
258711,normal,411,0,1782361627.5543373,0.0020341873168945312
258712,normal,1935,0,1782361627.5563157,0.0019783973693847656
258713,normal,2823,0,1782361627.5582237,0.0019080638885498047
258714,normal,3634,0,1782361627.560556,0.0023322105407714844
258715,normal,1240,0,1782361627.5624661,0.0019102096557617188
258716,normal,2767,0,1782361627.5644913,0.002025127410888672
258717,normal,2254,0,1782361627.5663276,0.0018362998962402344
258718,normal,497,0,1782361627.5687811,0.0024535655975341797
258719,normal,1714,0,1782361627.5707119,0.0019307136535644531
258720,normal,3524,0,1782361627.5724053,0.0016934871673583984
258721,normal,66,0,1782361627.5743299,0.0019245147705078125
258722,normal,3314,1,1782361627.5762842,0.001954317092895508
258723,normal,1088,0,1782361627.578213,0.0019288063049316406
258724,normal,3085,1,1782361627.5802186,0.0020055770874023438
258725,normal,371,0,1782361627.5822446,0.002026081085205078
258726,normal,513,0,1782361627.584405,0.002160310745239258
258727,normal,3635,0,1782361627.5864694,0.0020644664764404297
258728,normal,2197,0,1782361627.588368,0.0018985271453857422
258729,normal,3275,1,1782361627.5905266,0.002158641815185547
258730,normal,467,0,1782361627.5926032,0.0020766258239746094
258731,normal,3018,0,1782361627.5945764,0.0019731521606445312
258732,normal,76,0,1782361627.5965605,0.001984119415283203
258733,normal,434,0,1782361627.5987253,0.0021648406982421875
258734,normal,2911,0,1782361627.6003358,0.0016105175018310547
258735,normal,856,2,1782361627.602735,0.0023992061614990234
258736,normal,1529,0,1782361627.6047063,0.0019712448120117188
258737,normal,1282,0,1782361627.6063476,0.0016412734985351562
258738,normal,2701,0,1782361627.6084719,0.002124309539794922
258739,normal,2990,0,1782361627.610268,0.0017962455749511719
258740,normal,1728,0,1782361627.6121929,0.001924753189086914
258741,normal,3677,0,1782361627.614483,0.0022902488708496094
258742,normal,1474,0,1782361627.6163218,0.00183868408203125
258743,normal,1843,0,1782361627.618248,0.0019261837005615234
258744,normal,1654,0,1782361627.620261,0.002012968063354492
258745,normal,1227,0,1782361627.6222515,0.0019905567169189453
258746,normal,3518,0,1782361627.6242344,0.0019829273223876953
258747,normal,760,0,1782361627.626319,0.002084493637084961
258748,normal,1450,0,1782361627.6283348,0.002015829086303711
258749,normal,1433,0,1782361627.630377,0.0020422935485839844
258750,normal,1066,0,1782361627.6323545,0.0019774436950683594
258751,normal,2693,0,1782361627.6343381,0.001983642578125
258752,normal,348,0,1782361627.6363983,0.0020601749420166016
258753,normal,3091,1,1782361627.6382513,0.0018529891967773438
258754,normal,1055,0,1782361627.6402416,0.0019903182983398438
258755,normal,125,0,1782361627.6423116,0.0020699501037597656
258756,normal,3029,0,1782361627.644313,0.002001523971557617
258757,normal,103,0,1782361627.6463306,0.002017498016357422
258758,normal,2656,0,1782361627.648606,0.0022754669189453125
258759,normal,3219,1,1782361627.6503742,0.0017681121826171875
258760,normal,2239,0,1782361627.652277,0.0019028186798095703
258761,normal,1889,0,1782361627.654278,0.002001047134399414
258762,normal,1100,0,1782361627.6562443,0.001966238021850586
258763,normal,2438,0,1782361627.658267,0.0020227432250976562
258764,normal,1140,0,1782361627.6602645,0.0019974708557128906
258765,normal,1061,0,1782361627.662763,0.002498626708984375
258766,normal,1199,0,1782361627.664676,0.001912832260131836
258767,normal,415,0,1782361627.6664064,0.0017304420471191406
258768,normal,2148,0,1782361627.668474,0.00206756591796875
258769,normal,1756,0,1782361627.6704464,0.0019724369049072266
258770,normal,3322,1,1782361627.6723998,0.0019533634185791016
258771,normal,2700,0,1782361627.67437,0.0019702911376953125
258772,normal,2881,0,1782361627.6765003,0.002130270004272461
258773,normal,2383,0,1782361627.6783917,0.0018913745880126953
258774,normal,3482,0,1782361627.6803894,0.001997709274291992
258775,normal,223,0,1782361627.6822832,0.001893758773803711
258776,normal,3037,0,1782361627.684296,0.0020127296447753906
258777,normal,931,2,1782361627.6865406,0.002244710922241211
258778,normal,414,0,1782361627.6884,0.001859426498413086
258779,normal,246,0,1782361627.6903372,0.0019371509552001953
258780,normal,1803,0,1782361627.6923828,0.0020456314086914062
258781,normal,2993,0,1782361627.6943939,0.0020110607147216797
258782,normal,868,2,1782361664.3143592,0.0
258783,normal,3354,1,1782361664.3163114,0.0019521713256835938
258784,normal,230,0,1782361664.3182876,0.0019762516021728516
258785,normal,1705,0,1782361664.3203495,0.0020618438720703125
258786,normal,128,0,1782361664.3224454,0.002095937728881836
258787,normal,719,0,1782361664.3244524,0.002007007598876953
258788,normal,971,2,1782361664.3263855,0.0019330978393554688
258789,normal,2839,0,1782361664.328498,0.0021123886108398438
258790,normal,471,0,1782361664.33031,0.0018122196197509766
258791,normal,1855,0,1782361664.3324842,0.0021741390228271484
258792,normal,344,0,1782361664.334515,0.0020308494567871094
258793,normal,957,2,1782361664.3363316,0.0018165111541748047
258794,normal,3467,0,1782361664.3385556,0.002223968505859375
258795,normal,2624,0,1782361664.3403668,0.0018112659454345703
258796,normal,727,0,1782361664.3425412,0.00217437744140625
258797,normal,336,0,1782361664.3444107,0.0018694400787353516
258798,normal,2513,0,1782361664.3465574,0.0021467208862304688
258799,normal,3636,0,1782361664.348328,0.0017707347869873047
258800,normal,356,0,1782361664.3503714,0.0020432472229003906
258801,normal,3663,0,1782361664.3523643,0.001992940902709961
258802,normal,2798,0,1782361664.3543506,0.001986265182495117
258803,normal,867,2,1782361664.3565035,0.0021529197692871094
258804,normal,235,0,1782361664.3585272,0.0020236968994140625
258805,normal,798,2,1782361664.3603547,0.0018274784088134766
258806,normal,542,0,1782361664.3625288,0.0021741390228271484
258807,normal,484,0,1782361664.3645213,0.001992464065551758
258808,normal,554,0,1782361664.3663535,0.0018322467803955078
258809,normal,2147,0,1782361664.3685308,0.0021772384643554688
258810,normal,2950,0,1782361664.3705308,0.002000093460083008
258811,normal,2653,0,1782361664.3723516,0.0018208026885986328
258812,normal,2786,0,1782361664.374554,0.002202272415161133
258813,normal,3286,1,1782361664.376648,0.0020940303802490234
258814,normal,734,0,1782361664.378384,0.0017361640930175781
258815,normal,1044,0,1782361664.3805525,0.002168416976928711
258816,normal,588,0,1782361664.3824077,0.0018551349639892578
258817,normal,1277,0,1782361664.3845696,0.0021619796752929688
258818,normal,42,0,1782361664.386583,0.0020134449005126953
258819,normal,3596,0,1782361664.3887165,0.0021333694458007812
258820,normal,1580,0,1782361664.3903913,0.0016748905181884766
258821,normal,520,0,1782361664.3926587,0.0022673606872558594
258822,normal,2942,0,1782361664.3945212,0.0018625259399414062
258823,normal,3543,0,1782361664.3965507,0.0020294189453125
258824,normal,2556,0,1782361664.3985205,0.0019698143005371094
258825,normal,3449,0,1782361664.4006615,0.0021409988403320312
258826,normal,2400,0,1782361664.4023855,0.0017240047454833984
258827,normal,858,2,1782361664.4046595,0.002274036407470703
258828,normal,1916,0,1782361664.406521,0.001861572265625
258829,normal,994,2,1782361664.4085515,0.0020303726196289062
258830,normal,1476,0,1782361664.4105227,0.0019712448120117188
258831,normal,860,2,1782361664.4126601,0.002137422561645508
258832,normal,1189,0,1782361664.4143853,0.0017251968383789062
258833,normal,523,0,1782361664.4167802,0.0023949146270751953
258834,normal,1003,2,1782361664.4185193,0.0017390251159667969
258835,normal,476,0,1782361664.420551,0.0020318031311035156
258836,normal,974,2,1782361664.4225976,0.0020465850830078125
258837,normal,1143,0,1782361664.4247112,0.0021135807037353516
258838,normal,1641,0,1782361664.4263842,0.001672983169555664
258839,normal,1141,0,1782361664.42877,0.002385854721069336
258840,normal,899,2,1782361664.430521,0.001750946044921875
258841,normal,2127,0,1782361664.4323819,0.0018608570098876953
258842,normal,886,2,1782361664.4347804,0.0023984909057617188
258843,normal,3333,1,1782361664.4365904,0.0018100738525390625
258844,normal,3283,1,1782361664.438389,0.0017986297607421875
258845,normal,1364,1,1782361664.4406424,0.002253293991088867
258846,normal,1675,0,1782361664.4425197,0.0018773078918457031
258847,normal,1869,0,1782361664.4445732,0.002053499221801758
258848,normal,403,0,1782361664.4465168,0.0019435882568359375
258849,normal,606,0,1782361664.4486427,0.002125978469848633
258850,normal,3388,1,1782361664.4503837,0.0017409324645996094
258851,normal,1047,0,1782361664.4525576,0.002173900604248047
258852,normal,3444,0,1782361664.4546547,0.0020971298217773438
258853,normal,1545,0,1782361664.4563847,0.0017299652099609375
258854,normal,1171,0,1782361664.4586565,0.002271890640258789
258855,normal,1634,0,1782361664.4605398,0.0018832683563232422
258856,normal,2605,0,1782361664.4623842,0.0018444061279296875
258857,normal,1104,0,1782361664.4646428,0.0022585391998291016
258858,normal,2101,0,1782361664.4665303,0.0018875598907470703
258859,normal,1662,0,1782361664.468541,0.0020105838775634766
258860,normal,2155,0,1782361664.4705203,0.001979351043701172
258861,normal,2563,0,1782361664.4726446,0.002124309539794922
258862,normal,823,2,1782361664.4743855,0.0017409324645996094
258863,normal,638,0,1782361664.4766388,0.002253293991088867
258864,normal,3077,1,1782361664.4785328,0.0018939971923828125
258865,normal,1447,0,1782361664.4805102,0.0019774436950683594
258866,normal,2205,0,1782361664.4825196,0.0020093917846679688
258867,normal,1715,0,1782361664.4846575,0.002137899398803711
258868,normal,671,0,1782361664.4863825,0.0017249584197998047
258869,normal,1616,0,1782361664.4887252,0.002342700958251953
258870,normal,2432,0,1782361664.490524,0.001798868179321289
258871,normal,2650,0,1782361664.4925532,0.0020291805267333984
258872,normal,2584,0,1782361664.4945204,0.001967191696166992
258873,normal,897,2,1782361664.4966595,0.0021390914916992188
258874,normal,3420,0,1782361664.498383,0.0017235279083251953
258875,normal,2639,0,1782361664.5006573,0.0022742748260498047
258876,normal,2149,0,1782361664.5025234,0.0018661022186279297
258877,normal,2903,0,1782361664.5045505,0.0020270347595214844
258878,normal,2331,0,1782361664.5065362,0.001985788345336914
258879,normal,3188,1,1782361664.5086572,0.0021209716796875
258880,normal,1307,0,1782361664.510381,0.0017237663269042969
258881,normal,784,2,1782361664.5126448,0.002263784408569336
258882,normal,1792,0,1782361664.514524,0.0018792152404785156
258883,normal,1252,0,1782361664.5165644,0.002040386199951172
258884,normal,2585,0,1782361664.518386,0.0018215179443359375
258885,normal,1283,0,1782361664.5206392,0.002253293991088867
258886,normal,2992,0,1782361664.522387,0.0017478466033935547
258887,normal,2429,0,1782361664.5246358,0.0022487640380859375
258888,normal,924,2,1782361664.5265164,0.001880645751953125
258889,normal,1955,0,1782361664.528535,0.002018451690673828
258890,normal,2783,0,1782361664.530545,0.0020101070404052734
258891,normal,2455,0,1782361664.532653,0.0021080970764160156
258892,normal,17,0,1782361664.534382,0.0017290115356445312
258893,normal,3010,0,1782361664.5366564,0.0022742748260498047
258894,normal,3126,1,1782361664.5385232,0.0018668174743652344
258895,normal,2470,0,1782361664.5405374,0.00201416015625
258896,normal,1000,2,1782361664.5425134,0.00197601318359375
258897,normal,449,0,1782361664.5447109,0.0021975040435791016
258898,normal,2295,0,1782361664.5463874,0.0016765594482421875
258899,normal,2840,0,1782361664.548745,0.00235748291015625
258900,normal,3317,1,1782361664.5505202,0.0017752647399902344
258901,normal,1129,0,1782361664.552534,0.0020139217376708984
258902,normal,3365,1,1782361664.5545146,0.0019805431365966797
258903,normal,2185,0,1782361664.5566592,0.0021445751190185547
258904,normal,1537,0,1782361664.5583887,0.0017294883728027344
258905,normal,2201,0,1782361664.5606568,0.002268075942993164
258906,normal,1797,0,1782361664.5625207,0.0018639564514160156
258907,normal,1455,0,1782361664.564536,0.002015352249145508
258908,normal,749,0,1782361664.5665236,0.001987457275390625
258909,normal,1671,0,1782361664.56866,0.0021364688873291016
258910,normal,200,0,1782361664.5703888,0.0017287731170654297
258911,normal,2341,0,1782361664.5727098,0.002321004867553711
258912,normal,622,0,1782361664.574529,0.0018191337585449219
258913,normal,245,0,1782361664.576561,0.002032041549682617
258914,normal,246,0,1782361664.5785193,0.0019583702087402344
258915,normal,989,2,1782361664.5807097,0.0021903514862060547
258916,normal,460,0,1782361664.582386,0.001676321029663086
258917,normal,2448,0,1782361664.584721,0.002335071563720703
258918,normal,385,0,1782361664.5865226,0.0018014907836914062
258919,normal,328,0,1782361664.5885448,0.002022266387939453
258920,normal,1473,0,1782361664.5905192,0.001974344253540039
258921,normal,20,0,1782361664.5926585,0.0021393299102783203
258922,normal,616,0,1782361664.594387,0.0017285346984863281
258923,normal,1103,0,1782361664.5966535,0.002266407012939453
258924,normal,1949,0,1782361664.598521,0.001867532730102539
258925,normal,1506,0,1782361664.6005473,0.0020263195037841797
258926,normal,3678,0,1782361664.602517,0.001969575881958008
258927,normal,1088,0,1782361664.6047666,0.0022497177124023438
258928,normal,1082,0,1782361664.606381,0.0016143321990966797
258929,normal,1789,0,1782361664.6086557,0.002274751663208008
258930,normal,3168,1,1782361664.6105165,0.0018608570098876953
258931,normal,705,0,1782361664.6123812,0.0018646717071533203
258932,normal,3462,0,1782361664.6147697,0.002388477325439453
258933,normal,2131,0,1782361664.6165218,0.0017521381378173828
258934,normal,1162,0,1782361664.6183808,0.0018589496612548828
258935,normal,618,0,1782361664.6206555,0.002274751663208008
258936,normal,3305,1,1782361664.6225302,0.001874685287475586
258937,normal,1695,0,1782361664.624554,0.0020236968994140625
258938,normal,3495,0,1782361664.6265202,0.001966238021850586
258939,normal,3563,0,1782361664.6286569,0.002136707305908203
258940,normal,3260,1,1782361664.6303816,0.0017247200012207031
258941,normal,3419,0,1782361664.63265,0.0022683143615722656
258942,normal,794,2,1782361664.6347694,0.0021195411682128906
258943,normal,1274,0,1782361664.6363895,0.0016200542449951172
258944,normal,1644,0,1782361664.6386561,0.0022666454315185547
258945,normal,1702,0,1782361664.6403806,0.0017244815826416016
258946,normal,3545,0,1782361664.6426573,0.0022766590118408203
258947,normal,3272,1,1782361664.644493,0.0018358230590820312
258948,normal,2621,0,1782361664.6466577,0.002164602279663086
258949,normal,1901,0,1782361664.6483893,0.0017316341400146484
258950,normal,2760,0,1782361664.6506562,0.0022668838500976562
258951,normal,413,0,1782361664.6525335,0.0018773078918457031
258952,normal,387,0,1782361664.6545346,0.002001047134399414
258953,normal,2465,0,1782361664.6565146,0.0019800662994384766
258954,normal,3153,1,1782361664.658658,0.002143383026123047
258955,normal,3589,0,1782361664.6603885,0.0017304420471191406
258956,normal,2806,0,1782361664.6627011,0.0023126602172851562
258957,normal,3073,1,1782361664.6645153,0.001814126968383789
258958,normal,3068,1,1782361664.6665406,0.0020253658294677734
258959,normal,907,2,1782361664.66852,0.001979351043701172
258960,normal,1603,0,1782361664.6706598,0.0021398067474365234
258961,normal,3167,1,1782361664.6723878,0.001728057861328125
258962,normal,2112,0,1782361664.6746514,0.0022635459899902344
258963,normal,2424,0,1782361664.6765144,0.0018630027770996094
258964,normal,1559,0,1782361664.6785395,0.002025127410888672
258965,normal,3221,1,1782361664.680514,0.0019745826721191406
258966,normal,2572,0,1782361664.6826537,0.002139568328857422
258967,normal,127,0,1782361664.6843886,0.0017349720001220703
258968,normal,2906,0,1782361664.686716,0.002327442169189453
258969,normal,60,0,1782361664.6885157,0.0017995834350585938
258970,normal,1438,0,1782361664.6903946,0.001878976821899414
258971,normal,1980,0,1782361664.6927285,0.0023338794708251953
258972,normal,2452,0,1782361664.6945274,0.001798868179321289
258973,normal,1973,0,1782361664.6965334,0.002006053924560547
258974,normal,2643,0,1782361664.6985137,0.001980304718017578
258975,normal,1172,0,1782361664.7007213,0.002207517623901367
258976,normal,895,2,1782361664.70239,0.001668691635131836
258977,normal,3291,1,1782361664.7046561,0.0022661685943603516
258978,normal,2363,0,1782361664.7065222,0.0018661022186279297
258979,normal,2771,0,1782361664.708534,0.0020117759704589844
258980,normal,347,0,1782361664.7105205,0.0019865036010742188
258981,normal,3177,1,1782361664.7126966,0.002176046371459961
258982,normal,1767,0,1782361664.7143884,0.0016918182373046875
258983,normal,2847,0,1782361664.7166564,0.002268075942993164
258984,normal,2721,0,1782361664.7185225,0.0018661022186279297
258985,normal,1847,0,1782361664.7205338,0.0020112991333007812
258986,normal,2834,0,1782361664.7225194,0.0019855499267578125
258987,normal,1836,0,1782361664.7246969,0.0021774768829345703
258988,normal,1221,0,1782361664.726389,0.001692056655883789
258989,normal,2405,0,1782361664.7286491,0.0022602081298828125
258990,normal,2604,0,1782361664.7305145,0.001865386962890625
258991,normal,3450,0,1782361664.7325463,0.0020318031311035156
258992,normal,2522,0,1782361664.7345188,0.0019724369049072266
258993,normal,2000,0,1782361664.7366579,0.0021390914916992188
258994,normal,497,0,1782361664.7383883,0.0017304420471191406
258995,normal,2645,0,1782361664.7406607,0.002272367477416992
258996,normal,316,0,1782361664.7425132,0.0018525123596191406
258997,normal,2642,0,1782361664.7445514,0.002038240432739258
258998,normal,1653,0,1782361664.7465382,0.0019867420196533203
258999,normal,1425,0,1782361664.7487066,0.002168416976928711
259000,normal,533,0,1782361664.7503881,0.0016815662384033203
259001,normal,946,2,1782361664.7526598,0.0022716522216796875
259002,normal,3248,1,1782361664.7545164,0.0018565654754638672
259003,normal,1538,0,1782361664.756556,0.002039670944213867
259004,normal,3398,1,1782361664.758522,0.0019659996032714844
259005,normal,662,0,1782361664.760659,0.0021369457244873047
259006,normal,2007,0,1782361664.7623813,0.0017223358154296875
259007,normal,1893,0,1782361664.7647161,0.0023348331451416016
259008,normal,3527,0,1782361664.7663655,0.0016493797302246094
259009,normal,3197,1,1782361664.7685168,0.0021512508392333984
259010,normal,1045,0,1782361664.770375,0.0018582344055175781
259011,normal,1584,0,1782361664.7725286,0.002153635025024414
259012,normal,2579,0,1782361664.7743435,0.0018148422241210938
259013,normal,299,0,1782361664.776544,0.002200603485107422
259014,normal,194,0,1782361664.7785275,0.0019834041595458984
259015,normal,91,0,1782361664.780347,0.001819610595703125
259016,normal,2931,0,1782361664.782563,0.002215862274169922
259017,normal,2312,0,1782361664.7845855,0.0020225048065185547
259018,normal,2053,0,1782361664.786373,0.001787424087524414
259019,normal,2333,0,1782361664.7885551,0.0021822452545166016
259020,normal,2406,0,1782361664.790729,0.002173900604248047
259021,normal,857,2,1782361664.7923806,0.0016515254974365234
259022,normal,162,0,1782361664.7946496,0.0022690296173095703
259023,normal,1055,0,1782361664.7965243,0.001874685287475586
259024,normal,828,2,1782361664.798547,0.0020227432250976562
259025,normal,831,2,1782361664.8005743,0.002027273178100586
259026,normal,1408,0,1782361664.8027267,0.0021524429321289062
259027,normal,837,2,1782361664.8043895,0.0016627311706542969
259028,normal,661,0,1782361664.806747,0.00235748291015625
259029,normal,1387,0,1782361664.8085234,0.0017764568328857422
259030,normal,1787,0,1782361664.8103883,0.0018649101257324219
259031,normal,3526,0,1782361664.81266,0.0022716522216796875
259032,normal,2301,0,1782361664.8145154,0.0018553733825683594
259033,normal,830,2,1782361664.816556,0.0020406246185302734
259034,normal,680,0,1782361664.818549,0.001992940902709961
259035,normal,2388,0,1782361664.8207188,0.0021698474884033203
259036,normal,1026,2,1782361664.8223805,0.0016617774963378906
259037,normal,1970,0,1782361664.824657,0.0022764205932617188
259038,normal,2975,0,1782361664.8265786,0.0019216537475585938
259039,normal,129,0,1782361664.828389,0.001810312271118164
259040,normal,1105,0,1782361664.8306568,0.0022678375244140625
259041,normal,2680,0,1782361664.8325162,0.001859426498413086
259042,normal,1137,0,1782361664.8343878,0.0018715858459472656
259043,normal,3315,1,1782361664.8365629,0.0021750926971435547
259044,normal,1203,0,1782361664.8386586,0.0020956993103027344
259045,normal,3698,0,1782361664.8403895,0.0017309188842773438
259046,normal,2110,0,1782361664.8427806,0.0023910999298095703
259047,normal,1806,0,1782361664.8445196,0.0017390251159667969
259048,normal,2688,0,1782361664.846389,0.0018694400787353516
259049,normal,1149,0,1782361664.8486407,0.0022516250610351562
259050,normal,898,2,1782361664.8505256,0.0018849372863769531
259051,normal,3623,0,1782361664.8525412,0.0020155906677246094
259052,normal,2439,0,1782361664.8545153,0.0019741058349609375
259053,normal,2870,0,1782361664.8567095,0.0021941661834716797
259054,normal,2379,0,1782361664.8583853,0.0016758441925048828
259055,normal,2581,0,1782361664.860657,0.0022716522216796875
259056,normal,3435,0,1782361664.8625233,0.0018663406372070312
259057,normal,168,0,1782361664.8645403,0.0020170211791992188
259058,normal,3366,1,1782361664.8665185,0.001978158950805664
259059,normal,2803,0,1782361664.8686955,0.002177000045776367
259060,normal,1656,0,1782361664.8703823,0.0016868114471435547
259061,normal,2690,0,1782361664.8727632,0.002380847930908203
259062,normal,137,0,1782361664.874527,0.0017638206481933594
259063,normal,2192,0,1782361664.8765452,0.0020182132720947266
259064,normal,252,0,1782361664.8785312,0.0019860267639160156
259065,normal,337,0,1782361664.8809886,0.0024573802947998047
259066,normal,3661,0,1782361664.8823862,0.0013976097106933594
259067,normal,2894,0,1782361664.8846514,0.0022652149200439453
259068,normal,941,2,1782361664.8865354,0.0018839836120605469
259069,normal,3182,1,1782361664.8885527,0.0020172595977783203
259070,normal,2061,0,1782361664.8905187,0.0019659996032714844
259071,normal,2943,0,1782361664.8925176,0.0019989013671875
259072,normal,1928,0,1782361664.8943844,0.0018668174743652344
259073,normal,996,2,1782361664.896788,0.0024034976959228516
259074,normal,3192,1,1782361664.8985162,0.0017282962799072266
259075,normal,2964,0,1782361664.9005346,0.002018451690673828
259076,normal,196,0,1782361664.9026015,0.0020668506622314453
259077,normal,421,0,1782361664.9046519,0.0020503997802734375
259078,normal,596,0,1782361664.906382,0.001730203628540039
259079,normal,1449,0,1782361664.9087884,0.0024063587188720703
259080,normal,553,0,1782361664.9105146,0.0017261505126953125
259081,normal,2499,0,1782361664.912383,0.0018684864044189453
259082,normal,1243,0,1782361664.9146452,0.002262115478515625
259083,normal,3243,1,1782361664.9165149,0.0018696784973144531
259084,normal,3133,1,1782361664.9183807,0.0018658638000488281
259085,normal,2697,0,1782361664.9208126,0.0024318695068359375
259086,normal,3277,1,1782361664.9225166,0.0017039775848388672
259087,normal,1723,0,1782361664.9243793,0.0018627643585205078
259088,normal,1117,0,1782361664.9267607,0.0023813247680664062
259089,normal,2654,0,1782361664.9285238,0.0017631053924560547
259090,normal,2940,0,1782361664.9305463,0.0020225048065185547
259091,normal,3446,0,1782361664.9325392,0.001992940902709961
259092,normal,2727,0,1782361664.934509,0.0019698143005371094
259093,normal,1246,0,1782361664.9363673,0.0018582344055175781
259094,normal,3324,1,1782361664.938356,0.001988649368286133
259095,normal,346,0,1782361664.940466,0.002110004425048828
259096,normal,2123,0,1782361664.9423385,0.0018725395202636719
259097,normal,2515,0,1782361664.944523,0.002184629440307617
259098,normal,358,0,1782361664.9466546,0.0021314620971679688
259099,normal,1670,0,1782361664.9483895,0.0017349720001220703
259100,normal,2188,0,1782361664.9506981,0.0023086071014404297
259101,normal,1534,0,1782361664.9524984,0.0018002986907958984
259102,normal,1857,0,1782361664.9543667,0.0018682479858398438
259103,normal,2854,0,1782361664.9565456,0.0021789073944091797
259104,normal,1940,0,1782361664.9585016,0.0019559860229492188
259105,normal,3211,1,1782361664.9603324,0.0018308162689208984
259106,normal,3342,1,1782361664.9625478,0.0022153854370117188
259107,normal,241,0,1782361664.964517,0.0019693374633789062
259108,normal,545,0,1782361664.9663591,0.0018420219421386719
259109,normal,1672,0,1782361664.9685764,0.0022172927856445312
259110,normal,2153,0,1782361664.9703805,0.0018041133880615234
259111,normal,2365,0,1782361664.9726443,0.002263784408569336
259112,normal,3335,1,1782361664.9744036,0.0017592906951904297
259113,normal,1352,1,1782361664.976648,0.0022444725036621094
259114,normal,1885,0,1782361664.9783762,0.001728057861328125
259115,normal,2410,0,1782361664.980715,0.002338886260986328
259116,normal,369,0,1782361664.982536,0.0018210411071777344
259117,normal,511,0,1782361664.9843745,0.0018384456634521484
259118,normal,92,0,1782361664.9867089,0.0023343563079833984
259119,normal,934,2,1782361664.9885097,0.0018007755279541016
259120,normal,2917,0,1782361664.9905353,0.002025604248046875
259121,normal,2251,0,1782361664.9925394,0.0020041465759277344
259122,normal,2416,0,1782361664.9946601,0.0021207332611083984
259123,normal,937,2,1782361664.9963858,0.0017256736755371094
259124,normal,2460,0,1782361664.9986546,0.0022687911987304688
259125,normal,561,0,1782361665.0005124,0.001857757568359375
259126,normal,2933,0,1782361665.0025377,0.0020253658294677734
259127,normal,764,0,1782361665.0045493,0.002011537551879883
259128,normal,3273,1,1782361665.0066576,0.002108335494995117
259129,normal,2599,0,1782361665.0083838,0.0017261505126953125
259130,normal,580,0,1782361665.0107188,0.002335071563720703
259131,normal,862,2,1782361665.0125222,0.0018033981323242188
259132,normal,1445,0,1782361665.0145392,0.0020170211791992188
259133,normal,2809,0,1782361665.0165217,0.001982450485229492
259134,normal,1347,1,1782361665.0187042,0.002182483673095703
259135,normal,242,0,1782361665.0203786,0.0016744136810302734
259136,normal,2841,0,1782361665.0226467,0.002268075942993164
259137,normal,2187,0,1782361665.0245197,0.001873016357421875
259138,normal,1712,0,1782361665.0265357,0.0020160675048828125
259139,normal,1051,0,1782361665.0285516,0.002015829086303711
259140,normal,496,0,1782361665.03066,0.002108335494995117
259141,normal,2354,0,1782361665.0323782,0.001718282699584961
259142,normal,1902,0,1782361665.034749,0.0023708343505859375
259143,normal,2103,0,1782361665.0364857,0.0017366409301757812
259144,normal,2812,0,1782361665.0385385,0.002052783966064453
259145,normal,145,0,1782361665.0404963,0.0019578933715820312
259146,normal,3115,1,1782361665.0426576,0.002161264419555664
259147,normal,1335,1,1782361665.0443785,0.0017209053039550781
259148,normal,1562,0,1782361665.0467408,0.0023622512817382812
259149,normal,1014,2,1782361665.0483837,0.0016429424285888672
259150,normal,3326,1,1782361665.050532,0.0021483898162841797
259151,normal,8,0,1782361665.052612,0.0020799636840820312
259152,normal,809,2,1782361665.0546489,0.0020368099212646484
259153,normal,2652,0,1782361665.056378,0.0017290115356445312
259154,normal,448,0,1782361665.0586529,0.0022749900817871094
259155,normal,108,0,1782361665.0605123,0.001859426498413086
259156,normal,944,2,1782361665.0625436,0.0020313262939453125
259157,normal,30,0,1782361665.0645692,0.002025604248046875
259158,normal,2114,0,1782361665.0666564,0.002087116241455078
259159,normal,239,0,1782361665.068378,0.0017216205596923828
259160,normal,3650,0,1782361665.0707302,0.0023522377014160156
259161,normal,2548,0,1782361665.0725224,0.0017921924591064453
259162,normal,1997,0,1782361665.074535,0.002012491226196289
259163,normal,1992,0,1782361665.0765948,0.0020599365234375
259164,normal,2393,0,1782361665.078641,0.0020461082458496094
259165,normal,2035,0,1782361665.0803804,0.001739501953125
259166,normal,317,0,1782361665.0827448,0.0023643970489501953
259167,normal,2734,0,1782361665.0845122,0.0017673969268798828
259168,normal,1304,0,1782361665.0865333,0.0020210742950439453
259169,normal,2136,0,1782361665.0885782,0.0020449161529541016
259170,normal,3479,0,1782361665.0906963,0.0021181106567382812
259171,normal,1041,0,1782361665.0923867,0.0016903877258300781
259172,normal,163,0,1782361665.0947564,0.0023696422576904297
259173,normal,2373,0,1782361665.0965188,0.00176239013671875
259174,normal,653,0,1782361665.0985367,0.002017974853515625
259175,normal,2896,0,1782361665.1005087,0.0019719600677490234
259176,normal,1867,0,1782361665.1026528,0.0021440982818603516
259177,normal,1759,0,1782361665.1043801,0.0017273426055908203
259178,normal,169,0,1782361665.1067767,0.0023965835571289062
259179,normal,45,0,1782361665.1085215,0.0017447471618652344
259180,normal,825,2,1782361665.1105332,0.0020117759704589844
259181,normal,93,0,1782361665.11251,0.0019767284393310547
259182,normal,2774,0,1782361665.1146522,0.002142190933227539
259183,normal,3348,1,1782361665.11638,0.0017278194427490234
259184,normal,1423,0,1782361665.1187692,0.002389192581176758
259185,normal,765,0,1782361665.1205294,0.001760244369506836
259186,normal,309,0,1782361665.122542,0.002012491226196289
259187,normal,2614,0,1782361665.1245122,0.0019702911376953125
259188,normal,3422,0,1782361665.1266582,0.002146005630493164
259189,normal,2949,0,1782361665.1283872,0.0017290115356445312
259190,normal,2217,0,1782361665.13078,0.0023927688598632812
259191,normal,3579,0,1782361665.1325107,0.0017306804656982422
259192,normal,1758,0,1782361665.134529,0.002018451690673828
259193,normal,2049,0,1782361665.1365137,0.0019845962524414062
259194,normal,1879,0,1782361665.1386392,0.0021255016326904297
259195,normal,654,0,1782361665.1403804,0.001741170883178711
259196,normal,573,0,1782361665.1427646,0.002384185791015625
259197,normal,2910,0,1782361665.144529,0.001764535903930664
259198,normal,1726,0,1782361665.1465342,0.0020051002502441406
259199,normal,894,2,1782361665.1484144,0.0018801689147949219
259200,normal,840,2,1782361665.1506042,0.0021898746490478516
259201,normal,3617,0,1782361665.152379,0.0017747879028320312
259202,normal,2071,0,1782361665.154806,0.0024268627166748047
259203,normal,3597,0,1782361665.1565356,0.001729726791381836
259204,normal,3473,0,1782361665.1583762,0.0018405914306640625
259205,normal,3105,1,1782361665.1606405,0.002264261245727539
259206,normal,2644,0,1782361665.1625082,0.0018677711486816406
259207,normal,3058,1,1782361665.1645353,0.0020270347595214844
259208,normal,2694,0,1782361665.1665096,0.001974344253540039
259209,normal,1525,0,1782361665.1687033,0.0021936893463134766
259210,normal,2168,0,1782361665.1703784,0.0016751289367675781
259211,normal,1817,0,1782361665.1727214,0.0023429393768310547
259212,normal,2713,0,1782361665.1745124,0.0017910003662109375
259213,normal,1870,0,1782361665.176537,0.0020246505737304688
259214,normal,1843,0,1782361665.1785038,0.001966714859008789
259215,normal,2986,0,1782361665.1806488,0.002145051956176758
259216,normal,3189,1,1782361665.182376,0.0017271041870117188
259217,normal,3215,1,1782361665.1846478,0.002271890640258789
259218,normal,3637,0,1782361665.1865356,0.0018877983093261719
259219,normal,2291,0,1782361665.1885662,0.002030611038208008
259220,normal,3633,0,1782361665.1905015,0.0019352436065673828
259221,normal,2829,0,1782361665.192513,0.002011537551879883
259222,normal,3506,0,1782361665.1945193,0.0020062923431396484
259223,normal,2300,0,1782361665.1963778,0.0018584728240966797
259224,normal,3276,1,1782361665.1986463,0.002268552780151367
259225,normal,2154,0,1782361665.2003763,0.0017299652099609375
259226,normal,1006,2,1782361665.202724,0.002347707748413086
259227,normal,656,0,1782361665.2045045,0.0017805099487304688
259228,normal,1011,2,1782361665.2065692,0.0020647048950195312
259229,normal,3379,1,1782361665.2084687,0.0018994808197021484
259230,normal,985,2,1782361665.2103584,0.0018897056579589844
259231,normal,1826,0,1782361665.2123775,0.002019166946411133
259232,normal,512,0,1782361665.2145972,0.002219676971435547
259233,normal,745,0,1782361665.2163334,0.0017361640930175781
259234,normal,690,0,1782361665.218504,0.002170562744140625
259235,normal,1,0,1782361665.2203922,0.001888275146484375
259236,normal,2042,0,1782361665.2225246,0.002132415771484375
259237,normal,625,0,1782361665.2243419,0.0018172264099121094
259238,normal,1376,1,1782361665.2263317,0.0019898414611816406
259239,normal,2444,0,1782361665.228526,0.0021944046020507812
259240,normal,568,0,1782361665.2303493,0.0018231868743896484
259241,normal,2593,0,1782361665.2325141,0.0021648406982421875
259242,normal,3549,0,1782361665.2345226,0.0020084381103515625
259243,normal,2408,0,1782361665.2363424,0.0018198490142822266
259244,normal,1233,0,1782361665.2383897,0.002047300338745117
259245,normal,1917,0,1782361665.240511,0.0021212100982666016
259246,normal,2288,0,1782361665.242342,0.0018310546875
259247,normal,1386,0,1782361665.2445755,0.0022335052490234375
259248,normal,1342,1,1782361665.246519,0.0019435882568359375
259249,normal,3319,1,1782361665.248342,0.0018229484558105469
259250,normal,2755,0,1782361665.2505302,0.0021882057189941406
259251,normal,993,2,1782361665.2526538,0.002123594284057617
259252,normal,1385,0,1782361665.2544796,0.0018258094787597656
259253,normal,277,0,1782361665.25658,0.0021004676818847656
259254,normal,386,0,1782361665.2585459,0.001965761184692383
259255,normal,3147,1,1782361665.260368,0.0018222332000732422
259256,normal,2748,0,1782361665.2625782,0.0022101402282714844
259257,normal,2102,0,1782361665.2645082,0.0019299983978271484
259258,normal,2979,0,1782361665.2663424,0.0018341541290283203
259259,normal,771,0,1782361665.2685435,0.002201080322265625
259260,normal,2821,0,1782361665.270508,0.001964569091796875
259261,normal,1659,0,1782361665.2723415,0.0018334388732910156
259262,normal,1089,0,1782361665.2745078,0.002166271209716797
259263,normal,2268,0,1782361665.2765217,0.0020139217376708984
259264,normal,1941,0,1782361665.27835,0.0018284320831298828
259265,normal,1484,0,1782361665.2805128,0.0021626949310302734
259266,normal,1201,0,1782361665.28252,0.0020072460174560547
259267,normal,1809,0,1782361665.2843425,0.0018224716186523438
259268,normal,1180,0,1782361665.2865741,0.002231597900390625
259269,normal,1144,0,1782361665.288516,0.0019419193267822266
259270,normal,2937,0,1782361665.2903414,0.0018253326416015625
259271,normal,3356,1,1782361665.292516,0.0021746158599853516
259272,normal,1638,0,1782361665.2945018,0.001985788345336914
259273,normal,880,2,1782361665.296383,0.0018811225891113281
259274,normal,2679,0,1782361665.298347,0.001964092254638672
259275,normal,211,0,1782361665.300735,0.00238800048828125
259276,normal,2997,0,1782361665.3023453,0.0016102790832519531
259277,normal,442,0,1782361665.3045204,0.0021750926971435547
259278,normal,437,0,1782361665.3065112,0.001990795135498047
259279,normal,2358,0,1782361665.3083389,0.0018277168273925781
259280,normal,1209,0,1782361665.3105211,0.0021822452545166016
259281,normal,3014,0,1782361665.312503,0.001981973648071289
259282,normal,3372,1,1782361665.3143477,0.001844644546508789
259283,normal,43,0,1782361665.316506,0.0021581649780273438
259284,normal,1818,0,1782361665.3185103,0.002004384994506836
259285,normal,2244,0,1782361665.3203704,0.0018601417541503906
259286,normal,9,0,1782361665.3223486,0.001978158950805664
259287,normal,984,2,1782361665.3245187,0.002170085906982422
259288,normal,2466,0,1782361665.3263588,0.0018401145935058594
259289,normal,1757,0,1782361665.3285353,0.002176523208618164
259290,normal,2474,0,1782361665.3305187,0.0019834041595458984
259291,normal,452,0,1782361665.332381,0.0018622875213623047
259292,normal,1776,0,1782361665.334546,0.002165079116821289
259293,normal,1596,0,1782361665.3365123,0.001966238021850586
259294,normal,2287,0,1782361665.3383436,0.0018312931060791016
259295,normal,2383,0,1782361665.34051,0.002166271209716797
259296,normal,2545,0,1782361665.3425124,0.0020024776458740234
259297,normal,62,0,1782361665.3443491,0.0018367767333984375
259298,normal,233,0,1782361665.3465376,0.002188444137573242
259299,normal,3267,1,1782361665.3485265,0.0019888877868652344
259300,normal,1435,0,1782361665.3503366,0.0018100738525390625
259301,normal,2882,0,1782361665.3525286,0.0021920204162597656
259302,normal,2293,0,1782361665.3545032,0.0019745826721191406
259303,normal,1429,0,1782361665.3563406,0.0018374919891357422
259304,normal,1646,0,1782361665.3585427,0.0022020339965820312
259305,normal,3301,1,1782361665.3605096,0.0019669532775878906
259306,normal,149,0,1782361665.3623447,0.0018351078033447266
259307,normal,3406,0,1782361665.3645475,0.002202749252319336
259308,normal,2177,0,1782361665.3664901,0.0019426345825195312
259309,normal,885,2,1782361665.3683276,0.0018374919891357422
259310,normal,636,0,1782361665.3705292,0.002201557159423828
259311,normal,3455,0,1782361665.3725026,0.001973390579223633
259312,normal,2164,0,1782361665.3743417,0.0018391609191894531
259313,normal,95,0,1782361665.376548,0.0022063255310058594
259314,normal,1238,0,1782361665.3785093,0.001961231231689453
259315,normal,2678,0,1782361665.3803425,0.001833200454711914
259316,normal,2781,0,1782361665.3825068,0.0021643638610839844
259317,normal,1311,0,1782361665.3845093,0.0020024776458740234
259318,normal,2765,0,1782361665.3863423,0.0018329620361328125
259319,normal,2421,0,1782361665.3885524,0.0022101402282714844
259320,normal,3171,1,1782361665.3905332,0.0019807815551757812
259321,normal,2020,0,1782361665.392344,0.0018107891082763672
259322,normal,2222,0,1782361665.3945606,0.0022165775299072266
259323,normal,1249,0,1782361665.3965044,0.001943826675415039
259324,normal,3664,0,1782361665.398341,0.001836538314819336
259325,normal,3535,0,1782361665.4005582,0.0022172927856445312
259326,normal,1116,0,1782361665.4025207,0.001962423324584961
259327,normal,2695,0,1782361665.4043415,0.0018208026885986328
259328,normal,1600,0,1782361665.4065616,0.00222015380859375
259329,normal,1232,0,1782361665.4085112,0.0019495487213134766
259330,normal,883,2,1782361665.4103417,0.0018305778503417969
259331,normal,139,0,1782361665.4125664,0.0022246837615966797
259332,normal,267,0,1782361665.4145133,0.0019469261169433594
259333,normal,2668,0,1782361665.4163358,0.0018224716186523438
259334,normal,3522,0,1782361665.418577,0.0022411346435546875
259335,normal,2520,0,1782361665.4205086,0.0019316673278808594
259336,normal,2966,0,1782361665.422343,0.0018343925476074219
259337,normal,709,0,1782361665.4245694,0.0022263526916503906
259338,normal,3349,1,1782361665.426513,0.0019435882568359375
259339,normal,2564,0,1782361665.4283412,0.0018281936645507812
259340,normal,2805,0,1782361665.4305549,0.002213716506958008
259341,normal,1540,0,1782361665.4325056,0.0019507408142089844
259342,normal,3585,0,1782361665.4343436,0.0018379688262939453
259343,normal,743,0,1782361665.4365807,0.002237081527709961
259344,normal,2026,0,1782361665.43851,0.0019292831420898438
259345,normal,2908,0,1782361665.4403534,0.0018434524536132812
259346,normal,1076,0,1782361665.442589,0.0022356510162353516
259347,normal,2068,0,1782361665.4443297,0.0017406940460205078
259348,normal,1862,0,1782361665.4464936,0.0021638870239257812
259349,normal,2130,0,1782361665.448398,0.0019044876098632812
259350,normal,2855,0,1782361665.4505522,0.002154111862182617
259351,normal,776,2,1782361665.4523172,0.0017650127410888672
259352,normal,3222,1,1782361665.454567,0.0022497177124023438
259353,normal,3144,1,1782361665.456506,0.0019390583038330078
259354,normal,365,0,1782361665.4583488,0.0018427371978759766
259355,normal,464,0,1782361665.4605072,0.0021584033966064453
259356,normal,693,0,1782361665.4625118,0.0020046234130859375
259357,normal,2118,0,1782361665.4643493,0.0018374919891357422
259358,normal,324,0,1782361665.4665933,0.0022439956665039062
259359,normal,1113,0,1782361665.4685068,0.0019135475158691406
259360,normal,882,2,1782361665.4703405,0.0018336772918701172
259361,normal,2085,0,1782361665.4725814,0.002240896224975586
259362,normal,2517,0,1782361665.474509,0.0019276142120361328
259363,normal,2195,0,1782361665.4763424,0.0018334388732910156
259364,normal,2965,0,1782361665.478582,0.0022394657135009766
259365,normal,208,0,1782361665.4803786,0.001796722412109375
259366,normal,1245,0,1782361665.4823337,0.0019550323486328125
259367,normal,391,0,1782361665.4845808,0.0022470951080322266
259368,normal,785,2,1782361665.4865122,0.0019314289093017578
259369,normal,381,0,1782361665.4883485,0.0018362998962402344
259370,normal,2487,0,1782361665.4905827,0.002234220504760742
259371,normal,1161,0,1782361665.4925117,0.0019290447235107422
259372,normal,167,0,1782361665.4943428,0.0018310546875
259373,normal,2873,0,1782361665.4965801,0.0022373199462890625
259374,normal,2409,0,1782361665.498513,0.0019328594207763672
259375,normal,3684,0,1782361665.5003586,0.0018455982208251953
259376,normal,3498,0,1782361665.5025835,0.0022249221801757812
259377,normal,1363,1,1782361665.5045063,0.0019228458404541016
259378,normal,935,2,1782361665.506341,0.0018346309661865234
259379,normal,106,0,1782361665.5085824,0.002241373062133789
259380,normal,2954,0,1782361665.5105128,0.0019304752349853516
259381,normal,80,0,1782361665.5123427,0.0018298625946044922
259382,normal,1873,0,1782361665.5145605,0.0022177696228027344
259383,normal,3574,0,1782361665.516513,0.0019526481628417969
259384,normal,482,0,1782361665.518348,0.001834869384765625
259385,normal,2963,0,1782361665.5205815,0.0022335052490234375
259386,normal,761,0,1782361665.5225258,0.0019443035125732422
259387,normal,1062,0,1782361665.5243354,0.0018095970153808594
259388,normal,352,0,1782361665.526526,0.0021905899047851562
259389,normal,3521,0,1782361665.5285087,0.0019826889038085938
259390,normal,284,0,1782361665.5303419,0.001833200454711914
259391,normal,343,0,1782361665.532515,0.002173185348510742
259392,normal,340,0,1782361665.5345094,0.0019943714141845703
259393,normal,695,0,1782361665.5363429,0.0018334388732910156
259394,normal,1961,0,1782361665.5385177,0.002174854278564453
259395,normal,1571,0,1782361665.5405068,0.001989126205444336
259396,normal,677,0,1782361665.5423398,0.0018329620361328125
259397,normal,1179,0,1782361665.5445235,0.002183675765991211
259398,normal,3651,0,1782361665.5465088,0.001985311508178711
259399,normal,975,2,1782361665.548342,0.001833200454711914
259400,normal,289,0,1782361665.550504,0.0021619796752929688
259401,normal,131,0,1782361665.5524788,0.001974821090698242
259402,normal,2589,0,1782361665.554328,0.0018491744995117188
259403,normal,1095,0,1782361665.5565052,0.0021772384643554688
259404,normal,1389,0,1782361665.5584888,0.001983642578125
259405,normal,2863,0,1782361665.5603285,0.0018396377563476562
259406,normal,2934,0,1782361665.562508,0.0021796226501464844
259407,normal,1084,0,1782361665.5644794,0.0019712448120117188
259408,normal,2158,0,1782361665.5663288,0.0018494129180908203
259409,normal,1199,0,1782361665.5683491,0.0020203590393066406
259410,normal,1572,0,1782361665.570476,0.002126932144165039
259411,normal,2095,0,1782361665.5723271,0.0018510818481445312
259412,normal,292,0,1782361665.5745108,0.002183675765991211
259413,normal,3180,1,1782361665.576478,0.001967191696166992
259414,normal,1080,0,1782361665.5783296,0.0018515586853027344
259415,normal,3466,0,1782361665.580515,0.002185344696044922
259416,normal,2666,0,1782361665.5824802,0.0019652843475341797
259417,normal,3423,0,1782361665.5843272,0.0018470287322998047
259418,normal,660,0,1782361665.5865183,0.0021910667419433594
259419,normal,498,0,1782361665.588475,0.0019567012786865234
259420,normal,443,0,1782361665.590328,0.0018529891967773438
259421,normal,2417,0,1782361665.5925193,0.002191305160522461
259422,normal,3591,0,1782361665.5944781,0.0019588470458984375
259423,normal,3451,0,1782361665.5963297,0.0018515586853027344
259424,normal,2462,0,1782361665.59854,0.002210378646850586
259425,normal,1694,0,1782361665.6004748,0.0019347667694091797
259426,normal,685,0,1782361665.602336,0.0018610954284667969
259427,normal,1652,0,1782361665.6044934,0.002157449722290039
259428,normal,788,2,1782361665.6064775,0.001984119415283203
259429,normal,601,0,1782361665.6083367,0.0018591880798339844
259430,normal,481,0,1782361665.61054,0.002203226089477539
259431,normal,2237,0,1782361665.6124775,0.0019376277923583984
259432,normal,1479,0,1782361665.614329,0.0018515586853027344
259433,normal,1146,0,1782361665.6165295,0.0022003650665283203
259434,normal,1118,0,1782361665.6184754,0.0019459724426269531
259435,normal,3502,0,1782361665.620327,0.0018515586853027344
259436,normal,1444,0,1782361665.6224988,0.002171754837036133
259437,normal,1594,0,1782361665.6244779,0.0019791126251220703
259438,normal,2386,0,1782361665.6263344,0.0018565654754638672
259439,normal,802,2,1782361665.6285245,0.002190113067626953
259440,normal,2065,0,1782361665.6304939,0.0019693374633789062
259441,normal,1573,0,1782361665.6323283,0.0018343925476074219
259442,normal,1966,0,1782361665.634493,0.0021648406982421875
259443,normal,3085,1,1782361665.6364908,0.001997709274291992
259444,normal,1468,0,1782361665.6383274,0.001836538314819336
259445,normal,3075,1,1782361665.6405456,0.0022182464599609375
259446,normal,282,0,1782361665.6423278,0.0017821788787841797
259447,normal,1959,0,1782361665.644493,0.0021653175354003906
259448,normal,3240,1,1782361665.6463814,0.001888275146484375
259449,normal,2152,0,1782361665.648478,0.0020966529846191406
259450,normal,2996,0,1782361665.6503272,0.0018491744995117188
259451,normal,1453,0,1782361665.6525412,0.0022139549255371094
259452,normal,3340,1,1782361665.6544774,0.001936197280883789
259453,normal,3157,1,1782361665.6563272,0.0018498897552490234
259454,normal,1241,0,1782361665.6584914,0.002164125442504883
259455,normal,2853,0,1782361665.6604745,0.001983165740966797
259456,normal,1169,0,1782361665.662328,0.0018534660339355469
259457,normal,536,0,1782361665.6645782,0.002250194549560547
259458,normal,658,0,1782361665.6663258,0.0017476081848144531
259459,normal,2479,0,1782361665.6684942,0.002168416976928711
259460,normal,2542,0,1782361665.670327,0.001832723617553711
259461,normal,1909,0,1782361665.6724794,0.0021524429321289062
259462,normal,1282,0,1782361665.6743283,0.0018489360809326172
259463,normal,1155,0,1782361665.6765518,0.002223491668701172
259464,normal,1394,0,1782361665.6784737,0.0019218921661376953
259465,normal,38,0,1782361665.680335,0.0018613338470458984
259466,normal,3530,0,1782361665.6825223,0.0021872520446777344
259467,normal,958,2,1782361665.6844769,0.0019545555114746094
259468,normal,407,0,1782361665.686367,0.0018901824951171875
259469,normal,366,0,1782361665.6883526,0.0019855499267578125
259470,normal,432,0,1782361665.690399,0.002046346664428711
259471,normal,2838,0,1782361665.6923583,0.0019593238830566406
259472,normal,3572,0,1782361665.6943183,0.0019600391387939453
259473,normal,72,0,1782361665.6962945,0.0019762516021728516
259474,normal,1878,0,1782361665.6982882,0.0019936561584472656
259475,normal,1102,0,1782361665.7002897,0.002001523971557617
259476,normal,3551,0,1782361665.7023308,0.0020411014556884766
259477,normal,1969,0,1782361665.7042937,0.001962900161743164
259478,normal,1223,0,1782361665.706282,0.0019881725311279297
259479,normal,3292,1,1782361665.7082736,0.001991748809814453
259480,normal,2178,0,1782361665.7102692,0.001995563507080078
259481,normal,1266,0,1782361665.7125235,0.0022542476654052734
259482,normal,3407,0,1782361665.7145324,0.0020089149475097656
259483,normal,2029,0,1782361665.7163427,0.001810312271118164
259484,normal,1319,1,1782361665.7186038,0.0022611618041992188
259485,normal,2977,0,1782361665.720339,0.0017352104187011719
259486,normal,2,0,1782361665.722495,0.0021560192108154297
259487,normal,3213,1,1782361665.7244089,0.0019137859344482422
259488,normal,3709,0,1782361665.726527,0.0021181106567382812
259489,normal,2209,0,1782361665.7283442,0.0018172264099121094
259490,normal,2467,0,1782361665.7306066,0.0022623538970947266
259491,normal,1661,0,1782361665.7323365,0.0017299652099609375
259492,normal,738,0,1782361665.7344973,0.002160787582397461
259493,normal,2541,0,1782361665.7363286,0.0018312931060791016
259494,normal,3055,1,1782361665.7385128,0.002184152603149414
259495,normal,2264,0,1782361665.7403405,0.0018277168273925781
259496,normal,3091,1,1782361665.742596,0.0022554397583007812
259497,normal,433,0,1782361665.7445023,0.0019063949584960938
259498,normal,986,2,1782361665.7463405,0.0018382072448730469
259499,normal,2728,0,1782361665.7485847,0.002244234085083008
259500,normal,2526,0,1782361665.7505164,0.0019316673278808594
259501,normal,1096,0,1782361665.7523422,0.0018258094787597656
259502,normal,2453,0,1782361665.7545984,0.002256155014038086
259503,normal,3363,1,1782361665.7565176,0.0019192695617675781
259504,normal,1859,0,1782361665.7583435,0.0018258094787597656
259505,normal,2904,0,1782361665.7605052,0.002161741256713867
259506,normal,2823,0,1782361665.7625084,0.002003192901611328
259507,normal,612,0,1782361665.7643406,0.0018322467803955078
259508,normal,1704,0,1782361665.766461,0.0021202564239501953
259509,normal,2180,0,1782361665.768537,0.0020761489868164062
259510,normal,2700,0,1782361665.77036,0.0018229484558105469
259511,normal,1127,0,1782361665.7725344,0.00217437744140625
259512,normal,504,0,1782361665.7743306,0.0017962455749511719
259513,normal,1736,0,1782361665.7763617,0.002031087875366211
259514,normal,2886,0,1782361665.7785385,0.0021767616271972656
259515,normal,2719,0,1782361665.7803283,0.0017898082733154297
259516,normal,2255,0,1782361665.7823622,0.0020339488983154297
259517,normal,1191,0,1782361665.7843406,0.0019783973693847656
259518,normal,3575,0,1782361665.7865312,0.0021905899047851562
259519,normal,2037,0,1782361665.7883656,0.0018343925476074219
259520,normal,748,0,1782361665.7905436,0.0021779537200927734
259521,normal,2469,0,1782361665.792343,0.0017993450164794922
259522,normal,236,0,1782361665.7943594,0.0020165443420410156
259523,normal,2172,0,1782361665.7965443,0.0021848678588867188
259524,normal,628,0,1782361665.7983325,0.0017881393432617188
259525,normal,1585,0,1782361665.80036,0.0020275115966796875
259526,normal,558,0,1782361665.8025477,0.0021877288818359375
259527,normal,493,0,1782361665.8043277,0.0017800331115722656
259528,normal,1381,1,1782361665.806359,0.0020313262939453125
259529,normal,264,0,1782361665.8085756,0.0022165775299072266
259530,normal,1906,0,1782361665.8105218,0.0019462108612060547
259531,normal,1086,0,1782361665.81233,0.00180816650390625
259532,normal,3284,1,1782361665.814359,0.002028942108154297
259533,normal,891,2,1782361665.8165376,0.002178668975830078
259534,normal,1676,0,1782361665.818359,0.001821279525756836
259535,normal,2990,0,1782361665.820532,0.002173185348510742
259536,normal,1085,0,1782361665.8223283,0.0017962455749511719
259537,normal,3669,0,1782361665.8243551,0.002026796340942383
259538,normal,557,0,1782361665.8265798,0.0022246837615966797
259539,normal,814,2,1782361665.8283257,0.0017459392547607422
259540,normal,3207,1,1782361665.830359,0.002033233642578125
259541,normal,2159,0,1782361665.832552,0.002192974090576172
259542,normal,2359,0,1782361665.8343577,0.0018057823181152344
259543,normal,1061,0,1782361665.836554,0.0021963119506835938
259544,normal,1932,0,1782361665.8383691,0.0018150806427001953
259545,normal,3089,1,1782361665.8405128,0.0021436214447021484
259546,normal,293,0,1782361665.8423424,0.0018296241760253906
259547,normal,3034,0,1782361665.844507,0.002164602279663086
259548,normal,2591,0,1782361665.8465178,0.002010822296142578
259549,normal,2420,0,1782361665.8483405,0.0018227100372314453
259550,normal,3436,0,1782361665.8505495,0.0022089481353759766
259551,normal,2247,0,1782361665.8524933,0.001943826675415039
259552,normal,2062,0,1782361665.854343,0.0018496513366699219
259553,normal,1475,0,1782361665.8565536,0.0022106170654296875
259554,normal,792,2,1782361665.858526,0.0019724369049072266
259555,normal,2471,0,1782361665.8603415,0.0018155574798583984
259556,normal,2184,0,1782361665.8625343,0.0021927356719970703
259557,normal,530,0,1782361665.8645105,0.0019762516021728516
259558,normal,1471,0,1782361665.8663437,0.001833200454711914
259559,normal,2132,0,1782361665.868557,0.0022132396697998047
259560,normal,2002,0,1782361665.8705184,0.0019614696502685547
259561,normal,1831,0,1782361665.872341,0.0018224716186523438
259562,normal,999,2,1782361665.874561,0.00222015380859375
259563,normal,1541,0,1782361665.8765113,0.0019502639770507812
259564,normal,1072,0,1782361665.8783617,0.0018503665924072266
259565,normal,2360,0,1782361665.8805504,0.0021886825561523438
259566,normal,297,0,1782361665.8825088,0.0019583702087402344
259567,normal,2173,0,1782361665.8843403,0.0018315315246582031
259568,normal,1658,0,1782361665.8865604,0.00222015380859375
259569,normal,2252,0,1782361665.888508,0.001947641372680664
259570,normal,3447,0,1782361665.8903406,0.0018324851989746094
259571,normal,3461,0,1782361665.8925817,0.0022411346435546875
259572,normal,3666,0,1782361665.8945043,0.001922607421875
259573,normal,2775,0,1782361665.8963423,0.0018379688262939453
259574,normal,1124,0,1782361665.8985672,0.0022249221801757812
259575,normal,2238,0,1782361665.9005053,0.0019381046295166016
259576,normal,1234,0,1782361665.9023404,0.0018351078033447266
259577,normal,2658,0,1782361665.9045916,0.002251148223876953
259578,normal,2626,0,1782361665.9065037,0.0019121170043945312
259579,normal,2064,0,1782361665.9083407,0.001837015151977539
259580,normal,1578,0,1782361665.9105737,0.0022330284118652344
259581,normal,741,0,1782361665.9125137,0.001940011978149414
259582,normal,3186,1,1782361665.9143417,0.0018279552459716797
259583,normal,1701,0,1782361665.916469,0.002127408981323242
259584,normal,1316,0,1782361665.918329,0.001859903335571289
259585,normal,1865,0,1782361665.9204826,0.002153635025024414
259586,normal,2005,0,1782361665.9223957,0.0019130706787109375
259587,normal,1237,0,1782361665.9245088,0.0021131038665771484
259588,normal,3175,1,1782361665.9263396,0.0018308162689208984
259589,normal,1115,0,1782361665.9285195,0.002179861068725586
259590,normal,1796,0,1782361665.9305263,0.0020067691802978516
259591,normal,3487,0,1782361665.9323404,0.001814126968383789
259592,normal,1065,0,1782361665.9346054,0.0022649765014648438
259593,normal,3409,0,1782361665.9365416,0.001936197280883789
259594,normal,1739,0,1782361665.938402,0.0018603801727294922
259595,normal,2082,0,1782361665.9407632,0.002361297607421875
259596,normal,3111,1,1782361665.942528,0.0017647743225097656
259597,normal,2741,0,1782361665.9443955,0.001867532730102539
259598,normal,1747,0,1782361665.946752,0.0023565292358398438
259599,normal,2514,0,1782361665.948559,0.0018069744110107422
259600,normal,243,0,1782361665.95041,0.0018508434295654297
259601,normal,35,0,1782361665.952619,0.002209186553955078
259602,normal,1058,0,1782361665.954352,0.0017328262329101562
259603,normal,332,0,1782361665.9563637,0.0020117759704589844
259604,normal,829,2,1782361665.9586258,0.002262115478515625
259605,normal,2749,0,1782361665.960351,0.0017251968383789062
259606,normal,2198,0,1782361665.9623618,0.002010822296142578
259607,normal,1440,0,1782361665.9646292,0.0022673606872558594
259608,normal,605,0,1782361665.9663594,0.001730203628540039
259609,normal,1078,0,1782361665.9683697,0.002010345458984375
259610,normal,2304,0,1782361665.9706295,0.0022597312927246094
259611,normal,954,2,1782361665.9723573,0.0017278194427490234
259612,normal,153,0,1782361665.9743655,0.002008199691772461
259613,normal,2253,0,1782361665.976633,0.002267599105834961
259614,normal,962,2,1782361665.9783556,0.001722574234008789
259615,normal,1186,0,1782361665.9803617,0.002006053924560547
259616,normal,3293,1,1782361665.9826312,0.0022695064544677734
259617,normal,2478,0,1782361665.984356,0.0017247200012207031
259618,normal,2511,0,1782361665.9863603,0.002004384994506836
259619,normal,2723,0,1782361665.9886317,0.002271413803100586
259620,normal,2033,0,1782361665.9903588,0.0017271041870117188
259621,normal,2527,0,1782361665.9923625,0.0020036697387695312
259622,normal,468,0,1782361665.9946363,0.0022737979888916016
259623,normal,3139,1,1782361665.9963639,0.0017275810241699219
259624,normal,917,2,1782361665.998362,0.0019981861114501953
259625,normal,3375,1,1782361666.000355,0.001992940902709961
259626,normal,203,0,1782361666.0025668,0.0022118091583251953
259627,normal,1503,0,1782361666.0043623,0.0017955303192138672
259628,normal,2662,0,1782361666.0066388,0.0022764205932617188
259629,normal,1518,0,1782361666.008359,0.0017201900482177734
259630,normal,2015,0,1782361666.010362,0.0020029544830322266
259631,normal,833,2,1782361666.012655,0.002293109893798828
259632,normal,2672,0,1782361666.0143564,0.00170135498046875
259633,normal,2799,0,1782361666.0163615,0.0020051002502441406
259634,normal,1270,0,1782361666.0186355,0.002274036407470703
259635,normal,69,0,1782361666.0203547,0.0017192363739013672
259636,normal,1673,0,1782361666.0223627,0.0020079612731933594
259637,normal,3516,0,1782361666.02464,0.002277374267578125
259638,normal,1273,0,1782361666.026366,0.001725912094116211
259639,normal,3364,1,1782361666.0283632,0.001997232437133789
259640,normal,720,0,1782361666.0305548,0.0021915435791015625
259641,normal,1411,0,1782361666.0325625,0.002007722854614258
259642,normal,2797,0,1782361666.0343637,0.0018012523651123047
259643,normal,1892,0,1782361666.0366516,0.0022878646850585938
259644,normal,374,0,1782361666.0383756,0.0017240047454833984
259645,normal,604,0,1782361666.040363,0.001987457275390625
259646,normal,1987,0,1782361666.042554,0.002190828323364258
259647,normal,1761,0,1782361666.0445654,0.002011537551879883
259648,normal,207,0,1782361666.046381,0.0018155574798583984
259649,normal,1012,2,1782361666.0485518,0.0021708011627197266
259650,normal,2454,0,1782361666.0503595,0.0018076896667480469
259651,normal,2773,0,1782361666.0523582,0.0019986629486083984
259652,normal,266,0,1782361666.0545518,0.0021936893463134766
259653,normal,2885,0,1782361666.0565612,0.0020093917846679688
259654,normal,2570,0,1782361666.0583625,0.0018012523651123047
259655,normal,2709,0,1782361666.060558,0.002195596694946289
259656,normal,1864,0,1782361666.0623572,0.0017991065979003906
259657,normal,3432,0,1782361666.0643618,0.0020046234130859375
259658,normal,875,2,1782361666.066637,0.002275228500366211
259659,normal,2382,0,1782361666.068356,0.0017189979553222656
259660,normal,357,0,1782361666.070362,0.002006053924560547
259661,normal,3654,0,1782361666.0725603,0.0021982192993164062
259662,normal,2170,0,1782361666.0743568,0.0017964839935302734
259663,normal,121,0,1782361666.0763614,0.0020046234130859375
259664,normal,1492,0,1782361666.0785642,0.002202749252319336
259665,normal,3281,1,1782361666.0803764,0.0018122196197509766
259666,normal,1450,0,1782361666.0829403,0.002563953399658203
259667,normal,2536,0,1782361666.0843546,0.0014142990112304688
259668,normal,3483,0,1782361666.0864897,0.002135038375854492
259669,normal,3325,1,1782361666.088379,0.0018892288208007812
259670,normal,3351,1,1782361666.0905535,0.0021746158599853516
259671,normal,2094,0,1782361666.0925446,0.0019910335540771484
259672,normal,3076,1,1782361666.0943563,0.0018117427825927734
259673,normal,1070,0,1782361666.096529,0.002172708511352539
259674,normal,913,2,1782361666.0985343,0.002005338668823242
259675,normal,238,0,1782361666.100349,0.0018146038055419922
259676,normal,1188,0,1782361666.1025567,0.0022077560424804688
259677,normal,501,0,1782361666.1045165,0.0019598007202148438
259678,normal,2891,0,1782361666.1063452,0.0018286705017089844
259679,normal,2332,0,1782361666.1085622,0.0022170543670654297
259680,normal,181,0,1782361666.1104882,0.0019259452819824219
259681,normal,2166,0,1782361666.1123652,0.0018770694732666016
259682,normal,2958,0,1782361666.1145618,0.0021965503692626953
259683,normal,2463,0,1782361666.1165109,0.0019490718841552734
259684,normal,1396,0,1782361666.1183543,0.0018434524536132812
259685,normal,2655,0,1782361666.12056,0.0022056102752685547
259686,normal,2010,0,1782361666.1225305,0.001970529556274414
259687,normal,1583,0,1782361666.1243546,0.0018241405487060547
259688,normal,353,0,1782361666.1265693,0.002214670181274414
259689,normal,166,0,1782361666.1285546,0.001985311508178711
259690,normal,1819,0,1782361666.130347,0.0017924308776855469
259691,normal,178,0,1782361666.1325786,0.002231597900390625
259692,normal,2475,0,1782361666.1345325,0.0019538402557373047
259693,normal,170,0,1782361666.136354,0.0018215179443359375
259694,normal,1482,0,1782361666.1385736,0.002219676971435547
259695,normal,893,2,1782361666.1405582,0.0019845962524414062
259696,normal,1850,0,1782361666.1423452,0.001786947250366211
259697,normal,918,2,1782361666.1445868,0.0022416114807128906
259698,normal,1612,0,1782361666.1465354,0.0019485950469970703
259699,normal,2016,0,1782361666.1483538,0.0018184185028076172
259700,normal,1664,0,1782361666.150577,0.0022232532501220703
259701,normal,3054,1,1782361666.1525593,0.0019822120666503906
259702,normal,3288,1,1782361666.1543431,0.0017838478088378906
259703,normal,3417,0,1782361666.1565776,0.0022344589233398438
259704,normal,2936,0,1782361666.1585321,0.0019545555114746094
259705,normal,2377,0,1782361666.1603405,0.0018084049224853516
259706,normal,3337,1,1782361666.1625924,0.002251863479614258
259707,normal,526,0,1782361666.1645336,0.0019412040710449219
259708,normal,1561,0,1782361666.1663475,0.0018138885498046875
259709,normal,1345,1,1782361666.1685836,0.0022361278533935547
259710,normal,3507,0,1782361666.1705394,0.001955747604370117
259711,normal,1330,1,1782361666.1723645,0.001825094223022461
259712,normal,79,0,1782361666.174585,0.002220630645751953
259713,normal,3537,0,1782361666.1765332,0.0019481182098388672
259714,normal,3639,0,1782361666.178346,0.0018126964569091797
259715,normal,1497,0,1782361666.1805892,0.0022432804107666016
259716,normal,3343,1,1782361666.1825485,0.0019593238830566406
259717,normal,3460,0,1782361666.1843445,0.0017960071563720703
259718,normal,1151,0,1782361666.1865904,0.0022459030151367188
259719,normal,3170,1,1782361666.188352,0.0017616748809814453
259720,normal,375,0,1782361666.1904948,0.002142667770385742
259721,normal,1350,1,1782361666.1924102,0.0019154548645019531
259722,normal,3640,0,1782361666.1945343,0.0021240711212158203
259723,normal,185,0,1782361666.19635,0.0018157958984375
259724,normal,184,0,1782361666.1985366,0.0021865367889404297
259725,normal,2140,0,1782361666.2005348,0.0019981861114501953
259726,normal,1152,0,1782361666.2023442,0.0018093585968017578
259727,normal,1093,0,1782361666.2045972,0.0022530555725097656
259728,normal,585,0,1782361666.2065353,0.0019381046295166016
259729,normal,261,0,1782361666.2083426,0.0018072128295898438
259730,normal,884,2,1782361666.2106078,0.0022652149200439453
259731,normal,1874,0,1782361666.2125359,0.001928091049194336
259732,normal,1884,0,1782361666.2143433,0.0018074512481689453
259733,normal,1564,0,1782361666.216604,0.0022606849670410156
259734,normal,3357,1,1782361666.2185347,0.0019307136535644531
259735,normal,2742,0,1782361666.2203498,0.0018150806427001953
259736,normal,1297,0,1782361666.2226236,0.0022737979888916016
259737,normal,1483,0,1782361666.224352,0.0017282962799072266
259738,normal,780,2,1782361666.226496,0.0021440982818603516
259739,normal,3338,1,1782361666.228356,0.001859903335571289
259740,normal,2143,0,1782361666.2305412,0.002185344696044922
259741,normal,694,0,1782361666.2323456,0.001804351806640625
259742,normal,1333,1,1782361666.2344275,0.0020818710327148438
259743,normal,240,0,1782361666.2365491,0.0021216869354248047
259744,normal,795,2,1782361666.238349,0.0017998218536376953
259745,normal,1918,0,1782361666.2406235,0.0022745132446289062
259746,normal,904,2,1782361666.242535,0.0019116401672363281
259747,normal,1326,1,1782361666.2443454,0.001810312271118164
259748,normal,133,0,1782361666.2466109,0.002265453338623047
259749,normal,2399,0,1782361666.2485416,0.0019307136535644531
259750,normal,3081,1,1782361666.2503464,0.0018048286437988281
259751,normal,3679,0,1782361666.2526016,0.0022552013397216797
259752,normal,2034,0,1782361666.254528,0.001926422119140625
259753,normal,1451,0,1782361666.2563448,0.0018167495727539062
259754,normal,3062,1,1782361666.258594,0.0022492408752441406
259755,normal,1336,1,1782361666.260509,0.00191497802734375
259756,normal,2871,0,1782361666.2623296,0.0018205642700195312
259757,normal,2190,0,1782361666.2645755,0.0022459030151367188
259758,normal,451,0,1782361666.2664986,0.0019230842590332031
259759,normal,3160,1,1782361666.268332,0.0018334388732910156
259760,normal,1380,1,1782361666.2706099,0.002277851104736328
259761,normal,159,0,1782361666.2725344,0.0019245147705078125
259762,normal,672,0,1782361666.2743433,0.0018088817596435547
259763,normal,673,0,1782361666.2766106,0.0022673606872558594
259764,normal,3198,1,1782361666.2785306,0.0019199848175048828
259765,normal,3439,0,1782361666.2803535,0.0018229484558105469
259766,normal,1448,0,1782361666.2825282,0.0021746158599853516
259767,normal,3497,0,1782361666.2845402,0.002012014389038086
259768,normal,2582,0,1782361666.2863445,0.001804351806640625
259769,normal,735,0,1782361666.2886107,0.0022661685943603516
259770,normal,2044,0,1782361666.2905266,0.0019159317016601562
259771,normal,147,0,1782361666.2923455,0.0018188953399658203
259772,normal,960,2,1782361666.2945342,0.0021886825561523438
259773,normal,675,0,1782361666.2965379,0.0020036697387695312
259774,normal,1691,0,1782361666.2983632,0.0018253326416015625
259775,normal,729,0,1782361666.3005354,0.002172231674194336
259776,normal,1693,0,1782361666.3025565,0.0020210742950439453
259777,normal,1880,0,1782361666.3043447,0.0017881393432617188
259778,normal,598,0,1782361666.3065372,0.0021924972534179688
259779,normal,3125,1,1782361666.308535,0.0019979476928710938
259780,normal,1410,0,1782361666.3103445,0.0018093585968017578
259781,normal,1711,0,1782361666.312544,0.0021996498107910156
259782,normal,2451,0,1782361666.3145359,0.001991748809814453
259783,normal,1926,0,1782361666.316345,0.0018091201782226562
259784,normal,3008,0,1782361666.3185518,0.0022068023681640625
259785,normal,3339,1,1782361666.3205335,0.0019817352294921875
259786,normal,3251,1,1782361666.322349,0.0018155574798583984
259787,normal,900,2,1782361666.3245482,0.0021991729736328125
259788,normal,2740,0,1782361666.326538,0.0019898414611816406
259789,normal,834,2,1782361666.328345,0.0018069744110107422
259790,normal,3341,1,1782361666.3305469,0.0022017955780029297
259791,normal,1285,0,1782361666.3325264,0.0019795894622802734
259792,normal,2687,0,1782361666.3343465,0.0018200874328613281
259793,normal,1677,0,1782361666.336552,0.002205371856689453
259794,normal,3056,1,1782361666.338546,0.0019941329956054688
259795,normal,2531,0,1782361666.3403459,0.0017998218536376953
259796,normal,1890,0,1782361666.342556,0.0022101402282714844
259797,normal,2069,0,1782361666.344552,0.0019960403442382812
259798,normal,1068,0,1782361666.3463454,0.0017933845520019531
259799,normal,3225,1,1782361666.348615,0.0022695064544677734
259800,normal,3136,1,1782361666.3503704,0.0017554759979248047
259801,normal,285,0,1782361666.3525345,0.002164125442504883
259802,normal,1477,0,1782361666.3543768,0.0018422603607177734
259803,normal,2384,0,1782361666.3566232,0.002246379852294922
259804,normal,1875,0,1782361666.3583453,0.001722097396850586
259805,normal,2084,0,1782361666.3605669,0.0022215843200683594
259806,normal,3631,0,1782361666.3625128,0.0019459724426269531
259807,normal,114,0,1782361666.3643422,0.001829385757446289
259808,normal,1668,0,1782361666.3665786,0.0022363662719726562
259809,normal,1150,0,1782361666.368513,0.0019345283508300781
259810,normal,2811,0,1782361666.3703413,0.0018281936645507812
259811,normal,1962,0,1782361666.372569,0.002227783203125
259812,normal,1851,0,1782361666.3745117,0.0019426345825195312
259813,normal,2272,0,1782361666.3763418,0.0018301010131835938
259814,normal,2705,0,1782361666.378583,0.0022411346435546875
259815,normal,2768,0,1782361666.380517,0.001934051513671875
259816,normal,1111,0,1782361666.3823435,0.0018265247344970703
259817,normal,3704,0,1782361666.3845282,0.002184629440307617
259818,normal,1378,1,1782361666.3865104,0.0019822120666503906
259819,normal,3237,1,1782361666.388343,0.001832723617553711
259820,normal,571,0,1782361666.3905904,0.002247333526611328
259821,normal,2696,0,1782361666.3925097,0.0019192695617675781
259822,normal,871,2,1782361666.3943396,0.0018298625946044922
259823,normal,2322,0,1782361666.3965428,0.002203226089477539
259824,normal,287,0,1782361666.3985116,0.001968860626220703
259825,normal,2009,0,1782361666.4003391,0.0018274784088134766
259826,normal,976,2,1782361666.4025936,0.002254486083984375
259827,normal,3676,0,1782361666.4045138,0.0019202232360839844
259828,normal,333,0,1782361666.4063418,0.0018279552459716797
259829,normal,970,2,1782361666.4085157,0.002173900604248047
259830,normal,1628,0,1782361666.4105139,0.0019981861114501953
259831,normal,3135,1,1782361666.4123425,0.0018286705017089844
259832,normal,2756,0,1782361666.414585,0.002242565155029297
259833,normal,922,2,1782361666.416516,0.0019309520721435547
259834,normal,1355,1,1782361666.418341,0.0018248558044433594
259835,normal,305,0,1782361666.4205089,0.002167940139770508
259836,normal,2098,0,1782361666.4225273,0.002018451690673828
259837,normal,489,0,1782361666.4243445,0.0018172264099121094
259838,normal,930,2,1782361666.4265904,0.0022459030151367188
259839,normal,3047,1,1782361666.4285123,0.0019218921661376953
259840,normal,1682,0,1782361666.4303422,0.0018298625946044922
259841,normal,3680,0,1782361666.4325173,0.0021750926971435547
259842,normal,1748,0,1782361666.434512,0.001994609832763672
259843,normal,819,2,1782361666.4363403,0.0018284320831298828
259844,normal,1081,0,1782361666.438595,0.0022547245025634766
259845,normal,2194,0,1782361666.4405103,0.0019152164459228516
259846,normal,1397,0,1782361666.4423401,0.0018298625946044922
259847,normal,872,2,1782361666.4446099,0.002269744873046875
259848,normal,3046,1,1782361666.446511,0.0019011497497558594
259849,normal,3258,1,1782361666.4483929,0.0018818378448486328
259850,normal,2503,0,1782361666.4505339,0.0021409988403320312
259851,normal,2566,0,1782361666.4525194,0.0019855499267578125
259852,normal,157,0,1782361666.454343,0.0018236637115478516
259853,normal,2764,0,1782361666.4566145,0.002271413803100586
259854,normal,864,2,1782361666.4585128,0.0018982887268066406
259855,normal,1920,0,1782361666.4603467,0.0018339157104492188
259856,normal,480,0,1782361666.462508,0.002161264419555664
259857,normal,495,0,1782361666.4645169,0.0020089149475097656
259858,normal,3707,0,1782361666.4663398,0.0018229484558105469
259859,normal,2956,0,1782361666.4685388,0.002198934555053711
259860,normal,1524,0,1782361666.470512,0.0019731521606445312
259861,normal,1924,0,1782361666.472342,0.0018301010131835938
259862,normal,1235,0,1782361666.4745128,0.0021708011627197266
259863,normal,3020,0,1782361666.4765167,0.002003908157348633
259864,normal,866,2,1782361666.4783485,0.0018317699432373047
259865,normal,2971,0,1782361666.4805336,0.0021851062774658203
259866,normal,1433,0,1782361666.4825134,0.001979827880859375
259867,normal,2656,0,1782361666.4843466,0.001833200454711914
259868,normal,1040,0,1782361666.486521,0.00217437744140625
259869,normal,681,0,1782361666.4885159,0.0019948482513427734
259870,normal,592,0,1782361666.4903402,0.0018243789672851562
259871,normal,1248,0,1782361666.4925086,0.002168416976928711
259872,normal,1899,0,1782361666.4945714,0.0020627975463867188
259873,normal,3074,1,1782361666.496346,0.0017745494842529297
259874,normal,3542,0,1782361666.4985216,0.002175569534301758
259875,normal,2535,0,1782361666.5005145,0.001992940902709961
259876,normal,844,2,1782361666.502346,0.0018315315246582031
259877,normal,2686,0,1782361666.504554,0.0022079944610595703
259878,normal,303,0,1782361666.5065203,0.001966238021850586
259879,normal,2216,0,1782361666.5083466,0.0018262863159179688
259880,normal,1501,0,1782361666.5105257,0.0021791458129882812
259881,normal,2215,0,1782361666.5125153,0.001989603042602539
259882,normal,1889,0,1782361666.5143397,0.0018243789672851562
259883,normal,3223,1,1782361666.5165193,0.0021796226501464844
259884,normal,2435,0,1782361666.518514,0.001994609832763672
259885,normal,1988,0,1782361666.520339,0.001825094223022461
259886,normal,64,0,1782361666.522786,0.002446889877319336
259887,normal,2995,0,1782361666.5245266,0.0017406940460205078
259888,normal,3295,1,1782361666.5263805,0.00185394287109375
259889,normal,1031,0,1782361666.528643,0.0022623538970947266
259890,normal,3448,0,1782361666.5305288,0.0018858909606933594
259891,normal,3606,0,1782361666.5325203,0.0019915103912353516
259892,normal,3518,0,1782361666.534484,0.0019636154174804688
259893,normal,859,2,1782361666.5365396,0.002055644989013672
259894,normal,951,2,1782361666.5383725,0.0018329620361328125
259895,normal,412,0,1782361666.5405474,0.002174854278564453
259896,normal,221,0,1782361666.542535,0.0019876956939697266
259897,normal,290,0,1782361666.544367,0.0018320083618164062
259898,normal,2617,0,1782361666.546511,0.00214385986328125
259899,normal,3547,0,1782361666.5485165,0.0020055770874023438
259900,normal,755,0,1782361666.5503411,0.0018246173858642578
259901,normal,126,0,1782361666.5525374,0.0021963119506835938
259902,normal,740,0,1782361666.5544999,0.001962423324584961
259903,normal,594,0,1782361666.5563273,0.0018274784088134766
259904,normal,2539,0,1782361666.5584931,0.0021657943725585938
259905,normal,2998,0,1782361666.5605154,0.002022266387939453
259906,normal,124,0,1782361666.5623422,0.0018267631530761719
259907,normal,2189,0,1782361666.5645478,0.0022056102752685547
259908,normal,269,0,1782361666.5665123,0.001964569091796875
259909,normal,2573,0,1782361666.5683444,0.0018320083618164062
259910,normal,950,2,1782361666.57051,0.002165555953979492
259911,normal,1138,0,1782361666.5725276,0.0020177364349365234
259912,normal,607,0,1782361666.5743403,0.0018126964569091797
259913,normal,3028,0,1782361666.5765529,0.0022125244140625
259914,normal,1832,0,1782361666.5785131,0.001960277557373047
259915,normal,2597,0,1782361666.5803397,0.0018265247344970703
259916,normal,2220,0,1782361666.5825067,0.0021669864654541016
259917,normal,3656,0,1782361666.5845118,0.0020051002502441406
259918,normal,3412,0,1782361666.586339,0.001827239990234375
259919,normal,96,0,1782361666.5885584,0.0022194385528564453
259920,normal,1220,0,1782361666.5905197,0.001961231231689453
259921,normal,2145,0,1782361666.5923398,0.0018200874328613281
259922,normal,3491,0,1782361666.5945017,0.0021619796752929688
259923,normal,3294,1,1782361666.5965095,0.002007722854614258
259924,normal,3096,1,1782361666.59834,0.0018305778503417969
259925,normal,1861,0,1782361666.6005657,0.002225637435913086
259926,normal,2013,0,1782361666.6025128,0.001947164535522461
259927,normal,3247,1,1782361666.60434,0.001827239990234375
259928,normal,1340,1,1782361666.6065106,0.002170562744140625
259929,normal,1956,0,1782361666.6085217,0.0020110607147216797
259930,normal,1791,0,1782361666.6103458,0.0018241405487060547
259931,normal,2066,0,1782361666.6125793,0.0022335052490234375
259932,normal,3509,0,1782361666.6145153,0.0019359588623046875
259933,normal,2757,0,1782361666.6163409,0.001825571060180664
259934,normal,3501,0,1782361666.618503,0.0021622180938720703
259935,normal,3214,1,1782361666.6205084,0.002005338668823242
259936,normal,10,0,1782361666.6223388,0.0018303394317626953
259937,normal,2134,0,1782361666.6245837,0.0022449493408203125
259938,normal,599,0,1782361666.626517,0.0019333362579345703
259939,normal,1196,0,1782361666.6283398,0.0018227100372314453
259940,normal,2810,0,1782361666.6305034,0.0021636486053466797
259941,normal,2850,0,1782361666.632514,0.0020105838775634766
259942,normal,2784,0,1782361666.634339,0.001825094223022461
259943,normal,253,0,1782361666.6365933,0.0022542476654052734
259944,normal,2225,0,1782361666.6385744,0.001981019973754883
259945,normal,1123,0,1782361666.6403348,0.0017604827880859375
259946,normal,1494,0,1782361666.6425474,0.0022125244140625
259947,normal,1271,0,1782361666.644502,0.0019545555114746094
259948,normal,67,0,1782361666.6463451,0.0018432140350341797
259949,normal,2211,0,1782361666.6485975,0.002252340316772461
259950,normal,427,0,1782361666.6505296,0.0019321441650390625
259951,normal,3230,1,1782361666.6523402,0.0018105506896972656
259952,normal,1303,0,1782361666.654517,0.0021767616271972656
259953,normal,2080,0,1782361666.6565118,0.0019948482513427734
259954,normal,1868,0,1782361666.6583416,0.0018298625946044922
259955,normal,2543,0,1782361666.660601,0.0022592544555664062
259956,normal,2879,0,1782361666.6625173,0.0019164085388183594
259957,normal,1814,0,1782361666.664344,0.0018267631530761719
259958,normal,3001,0,1782361666.6665115,0.0021674633026123047
259959,normal,1324,1,1782361666.6685107,0.0019991397857666016
259960,normal,1697,0,1782361666.6703403,0.0018296241760253906
259961,normal,2314,0,1782361666.6726043,0.0022640228271484375
259962,normal,3262,1,1782361666.6745145,0.0019102096557617188
259963,normal,1989,0,1782361666.6763372,0.0018227100372314453
259964,normal,3322,1,1782361666.678484,0.0021467208862304688
259965,normal,78,0,1782361666.6805115,0.0020275115966796875
259966,normal,3130,1,1782361666.6824462,0.0019347667694091797
259967,normal,544,0,1782361666.6843343,0.0018880367279052734
259968,normal,595,0,1782361666.6865444,0.0022101402282714844
259969,normal,2156,0,1782361666.6883447,0.0018002986907958984
259970,normal,1007,2,1782361666.6905227,0.0021779537200927734
259971,normal,3252,1,1782361666.692477,0.001954317092895508
259972,normal,1772,0,1782361666.6943412,0.0018641948699951172
259973,normal,1073,0,1782361666.6965907,0.002249479293823242
259974,normal,3614,0,1782361666.69851,0.0019192695617675781
259975,normal,781,2,1782361666.7004533,0.001943349838256836
259976,normal,1019,2,1782361666.7023273,0.0018739700317382812
259977,normal,2722,0,1782361666.7045097,0.002182483673095703
259978,normal,699,0,1782361666.706328,0.0018181800842285156
259979,normal,401,0,1782361666.7085023,0.00217437744140625
259980,normal,1039,0,1782361666.7104447,0.0019423961639404297
259981,normal,3121,1,1782361666.712343,0.0018982887268066406
259982,normal,318,0,1782361666.7145104,0.0021674633026123047
259983,normal,1590,0,1782361666.7164876,0.001977205276489258
259984,normal,2730,0,1782361666.7183278,0.0018401145935058594
259985,normal,3194,1,1782361666.7205057,0.0021779537200927734
259986,normal,334,0,1782361666.7224386,0.0019328594207763672
259987,normal,11,0,1782361666.7243402,0.0019016265869140625
259988,normal,2845,0,1782361666.7265081,0.002167940139770508
259989,normal,1830,0,1782361666.7285273,0.002019166946411133
259990,normal,3399,1,1782361666.7303412,0.0018138885498046875
259991,normal,1305,0,1782361666.7325199,0.002178668975830078
259992,normal,1194,0,1782361666.734517,0.001997232437133789
259993,normal,1982,0,1782361666.7363396,0.0018224716186523438
259994,normal,2494,0,1782361666.7385218,0.0021822452545166016
259995,normal,808,2,1782361666.740522,0.002000093460083008
259996,normal,155,0,1782361666.742341,0.0018191337585449219
259997,normal,581,0,1782361666.7445247,0.002183675765991211
259998,normal,2309,0,1782361666.7465196,0.0019948482513427734
259999,normal,2939,0,1782361666.7483392,0.001819610595703125
260000,normal,1272,0,1782361666.7505279,0.0021886825561523438
260001,normal,3386,1,1782361666.7525089,0.001981019973754883
260002,normal,1999,0,1782361666.754341,0.0018320083618164062
260003,normal,1743,0,1782361666.7565293,0.002188444137573242
260004,normal,1295,0,1782361666.7585258,0.0019965171813964844
260005,normal,384,0,1782361666.7603438,0.001817941665649414
260006,normal,2598,0,1782361666.7625303,0.0021865367889404297
260007,normal,3053,1,1782361666.7645116,0.0019812583923339844
260008,normal,2905,0,1782361666.766341,0.001829385757446289
260009,normal,188,0,1782361666.768536,0.002195119857788086
260010,normal,853,2,1782361666.7705154,0.001979351043701172
260011,normal,1996,0,1782361666.7723277,0.0018122196197509766
260012,normal,1419,0,1782361666.774518,0.0021903514862060547
260013,normal,2426,0,1782361666.7765288,0.002010822296142578
260014,normal,1493,0,1782361666.7783418,0.0018129348754882812
260015,normal,2554,0,1782361666.7805414,0.0021996498107910156
260016,normal,508,0,1782361666.7825165,0.0019750595092773438
260017,normal,3352,1,1782361666.784345,0.0018284320831298828
260018,normal,2182,0,1782361666.7865403,0.0021953582763671875
260019,normal,2794,0,1782361666.7885153,0.0019750595092773438
260020,normal,1153,0,1782361666.7903411,0.0018258094787597656
260021,normal,1563,0,1782361666.7925465,0.002205371856689453
260022,normal,998,2,1782361666.794513,0.0019664764404296875
260023,normal,3045,1,1782361666.7963402,0.001827239990234375
260024,normal,824,2,1782361666.7985487,0.0022084712982177734
260025,normal,1101,0,1782361666.8005085,0.0019598007202148438
260026,normal,2616,0,1782361666.802339,0.0018305778503417969
260027,normal,842,2,1782361666.80455,0.002210855484008789
260028,normal,3567,0,1782361666.8065166,0.001966714859008789
260029,normal,2553,0,1782361666.8083425,0.0018258094787597656
260030,normal,786,2,1782361666.81055,0.002207517623901367
260031,normal,821,2,1782361666.8125107,0.00196075439453125
260032,normal,1754,0,1782361666.81434,0.001829385757446289
260033,normal,2777,0,1782361666.8165555,0.0022153854370117188
260034,normal,2041,0,1782361666.8185172,0.0019617080688476562
260035,normal,3588,0,1782361666.8203413,0.0018241405487060547
260036,normal,1178,0,1782361666.822555,0.002213716506958008
260037,normal,2307,0,1782361666.8245137,0.001958608627319336
260038,normal,3097,1,1782361666.8263392,0.001825571060180664
260039,normal,2528,0,1782361666.8285594,0.00222015380859375
260040,normal,1731,0,1782361666.8305154,0.0019559860229492188
260041,normal,3515,0,1782361666.8323412,0.0018258094787597656
260042,normal,1913,0,1782361666.83456,0.0022187232971191406
260043,normal,1599,0,1782361666.8365076,0.001947641372680664
260044,normal,966,2,1782361666.8383398,0.0018322467803955078
260045,normal,1576,0,1782361666.840577,0.002237081527709961
260046,normal,368,0,1782361666.84254,0.0019631385803222656
260047,normal,3397,1,1782361666.8443449,0.0018048286437988281
260048,normal,587,0,1782361666.846568,0.0022232532501220703
260049,normal,2822,0,1782361666.8485143,0.0019462108612060547
260050,normal,597,0,1782361666.8503413,0.0018270015716552734
260051,normal,186,0,1782361666.8525825,0.0022411346435546875
260052,normal,3210,1,1782361666.8544955,0.0019130706787109375
260053,normal,190,0,1782361666.856327,0.0018315315246582031
260054,normal,3505,0,1782361666.8585403,0.0022132396697998047
260055,normal,637,0,1782361666.8604925,0.0019521713256835938
260056,normal,3084,1,1782361666.8623257,0.001833200454711914
260057,normal,995,2,1782361666.8645465,0.0022208690643310547
260058,normal,1815,0,1782361666.8664873,0.0019407272338867188
260059,normal,1587,0,1782361666.8683271,0.0018398761749267578
260060,normal,2804,0,1782361666.8705463,0.0022192001342773438
260061,normal,707,0,1782361666.8724816,0.0019352436065673828
260062,normal,2651,0,1782361666.8743286,0.0018470287322998047
260063,normal,2750,0,1782361666.8765469,0.0022182464599609375
260064,normal,2708,0,1782361666.878485,0.0019381046295166016
260065,normal,3071,1,1782361666.8803248,0.0018398761749267578
260066,normal,283,0,1782361666.8825502,0.0022253990173339844
260067,normal,1639,0,1782361666.8844867,0.0019364356994628906
260068,normal,259,0,1782361666.8863282,0.0018415451049804688
260069,normal,490,0,1782361666.8885858,0.0022575855255126953
260070,normal,494,0,1782361666.890481,0.0018951892852783203
260071,normal,1456,0,1782361666.8923285,0.0018475055694580078
260072,normal,679,0,1782361666.894555,0.002226591110229492
260073,normal,3384,1,1782361666.8964849,0.0019297599792480469
260074,normal,2622,0,1782361666.8983307,0.0018458366394042969
260075,normal,455,0,1782361666.90056,0.0022292137145996094
260076,normal,2837,0,1782361666.9024873,0.0019273757934570312
260077,normal,3493,0,1782361666.904328,0.001840829849243164
260078,normal,3554,0,1782361666.906562,0.0022339820861816406
260079,normal,537,0,1782361666.9084783,0.0019161701202392578
260080,normal,1130,0,1782361666.910326,0.0018477439880371094
260081,normal,363,0,1782361666.912564,0.002238035202026367
260082,normal,531,0,1782361666.9144857,0.0019216537475585938
260083,normal,1369,1,1782361666.9163256,0.0018398761749267578
260084,normal,1549,0,1782361666.9184976,0.0021719932556152344
260085,normal,1504,0,1782361666.9204884,0.001990795135498047
260086,normal,1406,0,1782361666.9223325,0.001844167709350586
260087,normal,1669,0,1782361666.9245758,0.0022432804107666016
260088,normal,2338,0,1782361666.9264927,0.0019168853759765625
260089,normal,444,0,1782361666.9283314,0.00183868408203125
260090,normal,3242,1,1782361666.9305167,0.002185344696044922
260091,normal,3359,1,1782361666.9324925,0.0019757747650146484
260092,normal,2889,0,1782361666.9343333,0.001840829849243164
260093,normal,3560,0,1782361666.9363618,0.0020284652709960938
260094,normal,3227,1,1782361666.938333,0.0019712448120117188
260095,normal,1298,0,1782361666.9403148,0.0019817352294921875
260096,normal,2128,0,1782361666.9423249,0.0020101070404052734
260097,normal,61,0,1782361666.944319,0.0019941329956054688
260098,normal,395,0,1782361666.9463403,0.002021312713623047
260099,normal,3686,0,1782361666.9482925,0.0019521713256835938
260100,normal,74,0,1782361666.9503527,0.0020601749420166016
260101,normal,2045,0,1782361666.9523158,0.0019631385803222656
260102,normal,901,2,1782361666.9543595,0.0020437240600585938
260103,normal,3184,1,1782361666.956532,0.0021724700927734375
260104,normal,3039,0,1782361666.9583442,0.0018122196197509766
260105,normal,3464,0,1782361666.960518,0.0021736621856689453
260106,normal,1719,0,1782361666.9625103,0.001992464065551758
260107,normal,2390,0,1782361666.9642754,0.0017650127410888672
260108,normal,1881,0,1782361666.966316,0.0020406246185302734
260109,normal,532,0,1782361666.968309,0.001992940902709961
260110,normal,1485,0,1782361666.970301,0.0019919872283935547
260111,normal,593,0,1782361666.9723165,0.0020155906677246094
260112,normal,46,0,1782361666.9743576,0.0020411014556884766
260113,normal,1357,1,1782361666.976349,0.0019915103912353516
260114,normal,1801,0,1782361666.9786286,0.002279520034790039
260115,normal,3395,1,1782361666.9805393,0.0019106864929199219
260116,normal,397,0,1782361666.9823656,0.0018262863159179688
260117,normal,102,0,1782361666.9846015,0.002235889434814453
260118,normal,1837,0,1782361666.9865375,0.0019359588623046875
260119,normal,2667,0,1782361666.98835,0.0018124580383300781
260120,normal,3702,0,1782361666.9906454,0.0022954940795898438
260121,normal,1950,0,1782361666.9923453,0.0016999244689941406
260122,normal,3269,1,1782361666.9945095,0.002164125442504883
260123,normal,718,0,1782361666.9963818,0.0018723011016845703
260124,normal,274,0,1782361666.9985378,0.0021560192108154297
260125,normal,1374,1,1782361667.0003467,0.0018088817596435547
260126,normal,2763,0,1782361667.0026493,0.0023026466369628906
260127,normal,214,0,1782361667.0043466,0.0016973018646240234
260128,normal,3477,0,1782361667.0064933,0.0021467208862304688
260129,normal,1417,0,1782361667.0083573,0.0018639564514160156
260130,normal,1727,0,1782361667.010533,0.0021758079528808594
260131,normal,1359,1,1782361667.0123477,0.0018146038055419922
260132,normal,617,0,1782361667.0145445,0.002196788787841797
260133,normal,1611,0,1782361667.016533,0.0019884109497070312
260134,normal,1763,0,1782361667.018346,0.0018131732940673828
260135,normal,2073,0,1782361667.0205474,0.0022013187408447266
260136,normal,2491,0,1782361667.0225375,0.001990079879760742
260137,normal,2366,0,1782361667.0243495,0.001811981201171875
260138,normal,3112,1,1782361667.0265503,0.0022008419036865234
260139,normal,3608,0,1782361667.0285313,0.001981019973754883
260140,normal,1908,0,1782361667.0303473,0.0018160343170166016
260141,normal,49,0,1782361667.0325568,0.0022094249725341797
260142,normal,2549,0,1782361667.034532,0.0019752979278564453
260143,normal,2568,0,1782361667.0363681,0.0018360614776611328
260144,normal,3659,0,1782361667.0384862,0.0021181106567382812
260145,normal,3644,0,1782361667.040537,0.0020508766174316406
260146,normal,2091,0,1782361667.0423717,0.0018346309661865234
260147,normal,2501,0,1782361667.0443964,0.0020246505737304688
260148,normal,2693,0,1782361667.0465305,0.002134084701538086
260149,normal,2226,0,1782361667.0483487,0.0018181800842285156
260150,normal,2024,0,1782361667.0505633,0.002214670181274414
260151,normal,2058,0,1782361667.0525372,0.001973867416381836
260152,normal,3183,1,1782361667.054348,0.0018107891082763672
260153,normal,3616,0,1782361667.0565681,0.00222015380859375
260154,normal,1300,0,1782361667.058534,0.001965761184692383
260155,normal,3482,0,1782361667.060349,0.0018150806427001953
260156,normal,2498,0,1782361667.062564,0.0022149085998535156
260157,normal,2051,0,1782361667.0645316,0.0019676685333251953
260158,normal,465,0,1782361667.0663478,0.0018162727355957031
260159,normal,565,0,1782361667.0685668,0.002218961715698242
260160,normal,1975,0,1782361667.0705326,0.001965761184692383
260161,normal,2981,0,1782361667.072347,0.0018143653869628906
260162,normal,1158,0,1782361667.074573,0.002226114273071289
260163,normal,29,0,1782361667.0765889,0.002015829086303711
260164,normal,3598,0,1782361667.0783358,0.0017468929290771484
260165,normal,1457,0,1782361667.080413,0.002077341079711914
260166,normal,2120,0,1782361667.0825698,0.0021567344665527344
260167,normal,692,0,1782361667.0843627,0.00179290771484375
260168,normal,3031,0,1782361667.0866137,0.0022509098052978516
260169,normal,2411,0,1782361667.0885575,0.001943826675415039
260170,normal,2117,0,1782361667.0903337,0.0017762184143066406
260171,normal,3216,1,1782361667.0924401,0.0021064281463623047
260172,normal,3489,0,1782361667.0945585,0.002118349075317383
260173,normal,3609,0,1782361667.096363,0.0018045902252197266
260174,normal,2271,0,1782361667.0986207,0.0022575855255126953
260175,normal,1499,0,1782361667.1005642,0.0019435882568359375
260176,normal,3641,0,1782361667.1023638,0.0017995834350585938
260177,normal,2825,0,1782361667.104547,0.002183198928833008
260178,normal,2846,0,1782361667.1065676,0.002020597457885742
260179,normal,1860,0,1782361667.1083822,0.0018146038055419922
260180,normal,2277,0,1782361667.110633,0.00225067138671875
260181,normal,1280,0,1782361667.1123507,0.0017178058624267578
260182,normal,1551,0,1782361667.1143794,0.0020287036895751953
260183,normal,987,2,1782361667.1164658,0.0020864009857177734
260184,normal,321,0,1782361667.118607,0.002141237258911133
260185,normal,3353,1,1782361667.1204026,0.0017955303192138672
260186,normal,1840,0,1782361667.1227376,0.002335071563720703
260187,normal,2395,0,1782361667.124386,0.0016484260559082031
260188,normal,577,0,1782361667.1264477,0.002061605453491211
260189,normal,3236,1,1782361667.1283858,0.0019381046295166016
260190,normal,1260,0,1782361667.1305695,0.002183675765991211
260191,normal,2505,0,1782361667.132389,0.001819610595703125
260192,normal,3529,0,1782361667.1346235,0.0022344589233398438
260193,normal,2551,0,1782361667.136574,0.0019505023956298828
260194,normal,3503,0,1782361667.1383204,0.0017464160919189453
260195,normal,1125,0,1782361667.1404624,0.0021419525146484375
260196,normal,262,0,1782361667.1424587,0.001996278762817383
260197,normal,2093,0,1782361667.1443799,0.0019211769104003906
260198,normal,627,0,1782361667.146581,0.002201080322265625
260199,normal,0,0,1782361667.1485705,0.001989603042602539
260200,normal,3336,1,1782361667.1504025,0.0018320083618164062
260201,normal,1206,0,1782361667.1526358,0.002233266830444336
260202,normal,3104,1,1782361667.1543527,0.0017168521881103516
260203,normal,2441,0,1782361667.1564026,0.0020499229431152344
260204,normal,3634,0,1782361667.1586413,0.002238750457763672
260205,normal,2631,0,1782361667.1603642,0.0017228126525878906
260206,normal,2972,0,1782361667.1623826,0.002018451690673828
260207,normal,921,2,1782361667.1645823,0.0021996498107910156
260208,normal,1046,0,1782361667.1665103,0.001928091049194336
260209,normal,2558,0,1782361667.168347,0.001836538314819336
260210,normal,2832,0,1782361667.1703384,0.0019915103912353516
260211,normal,1056,0,1782361667.172352,0.002013683319091797
260212,normal,1707,0,1782361667.1743388,0.0019867420196533203
260213,normal,100,0,1782361667.1763442,0.002005338668823242
260214,normal,2043,0,1782361667.1783357,0.0019915103912353516
260215,normal,3453,0,1782361667.1803386,0.0020029544830322266
260216,normal,2912,0,1782361667.182338,0.001999378204345703
260217,normal,1903,0,1782361667.1844702,0.0021321773529052734
260218,normal,2250,0,1782361667.186319,0.0018489360809326172
260219,normal,2620,0,1782361667.188436,0.0021169185638427734
260220,normal,279,0,1782361667.1905868,0.0021507740020751953
260221,normal,3150,1,1782361667.1923897,0.0018029212951660156
260222,normal,2372,0,1782361667.1945777,0.002187967300415039
260223,normal,992,2,1782361667.1965766,0.0019989013671875
260224,normal,3190,1,1782361667.1983614,0.0017848014831542969
260225,normal,1175,0,1782361667.2005866,0.002225160598754883
260226,normal,2648,0,1782361667.2025924,0.0020058155059814453
260227,normal,1617,0,1782361667.2043843,0.0017919540405273438
260228,normal,2183,0,1782361667.206645,0.0022606849670410156
260229,normal,3619,0,1782361667.2083623,0.0017173290252685547
260230,normal,3371,1,1782361667.2104201,0.002057790756225586
260231,normal,3174,1,1782361667.2125895,0.002169370651245117
260232,normal,3347,1,1782361667.2145731,0.001983642578125
260233,normal,2146,0,1782361667.2163868,0.001813650131225586
260234,normal,3610,0,1782361667.2187114,0.0023245811462402344
260235,normal,3226,1,1782361667.2205038,0.0017924308776855469
260236,normal,652,0,1782361667.2225103,0.00200653076171875
260237,normal,2169,0,1782361667.2245643,0.002053976058959961
260238,normal,820,2,1782361667.2264078,0.0018434524536132812
260239,normal,2313,0,1782361667.228374,0.001966238021850586
260240,normal,1268,0,1782361667.230368,0.001993894577026367
260241,normal,1163,0,1782361667.2323601,0.0019922256469726562
260242,normal,3378,1,1782361667.2343524,0.0019922256469726562
260243,normal,510,0,1782361667.2363546,0.002002239227294922
260244,normal,3708,0,1782361667.2383509,0.001996278762817383
260245,normal,2512,0,1782361667.2403216,0.0019707679748535156
260246,normal,2438,0,1782361667.2423768,0.0020551681518554688
260247,normal,1952,0,1782361667.2443385,0.0019617080688476562
260248,normal,25,0,1782361667.2463655,0.0020270347595214844
260249,normal,3035,0,1782361667.2483623,0.001996755599975586
260250,normal,1674,0,1782361667.2503219,0.001959562301635742
260251,normal,1894,0,1782361667.252351,0.0020291805267333984
260252,normal,1993,0,1782361667.2543745,0.002023458480834961
260253,normal,1943,0,1782361667.2563338,0.0019593238830566406
260254,normal,1184,0,1782361667.2583382,0.002004384994506836
260255,normal,1738,0,1782361667.2603366,0.001998424530029297
260256,normal,3205,1,1782361667.262328,0.00199127197265625
260257,normal,2915,0,1782361667.2643032,0.0019752979278564453
260258,normal,2785,0,1782361667.2663143,0.0020110607147216797
260259,normal,3593,0,1782361667.2683358,0.0020215511322021484
260260,normal,1666,0,1782361667.270351,0.0020151138305664062
260261,normal,1526,0,1782361667.2723439,0.001992940902709961
260262,normal,1657,0,1782361667.2743137,0.0019698143005371094
260263,normal,3002,0,1782361667.2763684,0.0020546913146972656
260264,normal,1028,2,1782361667.2783446,0.0019762516021728516
260265,normal,34,0,1782361667.2803483,0.0020036697387695312
260266,normal,1343,1,1782361667.282987,0.0026388168334960938
260267,normal,566,0,1782361667.2844157,0.0014286041259765625
260268,normal,2816,0,1782361667.2863219,0.0019061565399169922
260269,normal,2807,0,1782361667.2882993,0.0019774436950683594
260270,normal,2269,0,1782361667.2903252,0.0020258426666259766
260271,normal,3220,1,1782361667.292298,0.0019729137420654297
260272,normal,2646,0,1782361667.2943618,0.002063751220703125
260273,normal,1195,0,1782361667.2963085,0.0019466876983642578
260274,normal,931,2,1782361667.298285,0.001976490020751953
260275,normal,3706,0,1782361667.3002903,0.002005338668823242
260276,normal,1205,0,1782361667.3023536,0.002063274383544922
260277,normal,932,2,1782361667.3045328,0.0021791458129882812
260278,normal,2283,0,1782361667.3063455,0.0018126964569091797
260279,normal,2518,0,1782361667.3085635,0.002218008041381836
260280,normal,3298,1,1782361667.3104744,0.0019109249114990234
260281,normal,1362,1,1782361667.3123522,0.0018777847290039062
260282,normal,2234,0,1782361667.3145702,0.002218008041381836
260283,normal,787,2,1782361667.3164473,0.0018770694732666016
260284,normal,817,2,1782361667.3183312,0.0018839836120605469
260285,normal,3607,0,1782361667.3205438,0.0022125244140625
260286,normal,1647,0,1782361667.322414,0.0018701553344726562
260287,normal,3511,0,1782361667.3243515,0.0019376277923583984
260288,normal,2431,0,1782361667.3265696,0.002218008041381836
260289,normal,1407,0,1782361667.3285031,0.0019335746765136719
260290,normal,1185,0,1782361667.3303385,0.0018353462219238281
260291,normal,2752,0,1782361667.332548,0.0022094249725341797
260292,normal,3012,0,1782361667.3344047,0.0018568038940429688
260293,normal,2227,0,1782361667.3363473,0.0019426345825195312
260294,normal,3413,0,1782361667.3385777,0.002230405807495117
260295,normal,3051,1,1782361667.3404684,0.0018906593322753906
260296,normal,1779,0,1782361667.3423302,0.0018618106842041016
260297,normal,175,0,1782361667.3445618,0.002231597900390625
260298,normal,2630,0,1782361667.3463993,0.0018374919891357422
260299,normal,3256,1,1782361667.3486338,0.0022344589233398438
260300,normal,1921,0,1782361667.3503375,0.0017037391662597656
260301,normal,3158,1,1782361667.3524451,0.0021076202392578125
260302,normal,925,2,1782361667.3542871,0.0018420219421386719
260303,normal,3296,1,1782361667.3564785,0.002191305160522461
260304,normal,3117,1,1782361667.3583205,0.0018420219421386719
260305,normal,3476,0,1782361667.3602993,0.0019788742065429688
260306,normal,450,0,1782361667.36265,0.0023505687713623047
260307,normal,751,0,1782361667.364386,0.0017361640930175781
260308,normal,1895,0,1782361667.3663468,0.00196075439453125
260309,normal,2611,0,1782361667.3683865,0.002039670944213867
260310,normal,2547,0,1782361667.3705988,0.0022122859954833984
260311,normal,2550,0,1782361667.37236,0.0017611980438232422
260312,normal,2796,0,1782361667.3743749,0.0020148754119873047
260313,normal,164,0,1782361667.376606,0.002231121063232422
260314,normal,1064,0,1782361667.3783593,0.0017533302307128906
260315,normal,177,0,1782361667.3803766,0.0020172595977783203
260316,normal,1247,0,1782361667.3825982,0.0022215843200683594
260317,normal,2618,0,1782361667.3843594,0.0017611980438232422
260318,normal,702,0,1782361667.3863811,0.00202178955078125
260319,normal,3629,0,1782361667.388614,0.002232789993286133
260320,normal,1915,0,1782361667.390368,0.0017540454864501953
260321,normal,3161,1,1782361667.39235,0.001981973648071289
260322,normal,2199,0,1782361667.3945796,0.0022296905517578125
260323,normal,1569,0,1782361667.396359,0.001779317855834961
260324,normal,1402,0,1782361667.398384,0.002025127410888672
260325,normal,1813,0,1782361667.4006073,0.0022232532501220703
260326,normal,3441,0,1782361667.4023664,0.0017590522766113281
260327,normal,983,2,1782361667.404343,0.001976490020751953
260328,normal,19,0,1782361667.4066117,0.0022687911987304688
260329,normal,2150,0,1782361667.408352,0.0017402172088623047
260330,normal,1001,2,1782361667.410401,0.0020492076873779297
260331,normal,3362,1,1782361667.4125738,0.002172708511352539
260332,normal,329,0,1782361667.4143586,0.0017848014831542969
260333,normal,1400,0,1782361667.4163432,0.0019845962524414062
260334,normal,1121,0,1782361667.4185748,0.002231597900390625
260335,normal,2450,0,1782361667.420354,0.0017790794372558594
260336,normal,3625,0,1782361667.422405,0.002051115036010742
260337,normal,461,0,1782361667.4245663,0.002161264419555664
260338,normal,848,2,1782361667.426362,0.0017957687377929688
260339,normal,58,0,1782361667.4283462,0.001984119415283203
260340,normal,3465,0,1782361667.4305575,0.002211332321166992
260341,normal,3331,1,1782361667.4323611,0.0018036365509033203
260342,normal,3078,1,1782361667.434363,0.0020017623901367188
260343,normal,2476,0,1782361667.436568,0.0022051334381103516
260344,normal,2413,0,1782361667.4383585,0.0017905235290527344
260345,normal,3087,1,1782361667.4403367,0.001978158950805664
260346,normal,3013,0,1782361667.4425764,0.002239704132080078
260347,normal,3534,0,1782361667.444375,0.0017986297607421875
260348,normal,2107,0,1782361667.4463446,0.001969575881958008
260349,normal,2576,0,1782361667.448558,0.0022134780883789062
260350,normal,2595,0,1782361667.450346,0.0017879009246826172
260351,normal,2955,0,1782361667.4524236,0.0020775794982910156
260352,normal,1486,0,1782361667.4545527,0.002129077911376953
260353,normal,2113,0,1782361667.45636,0.0018074512481689453
260354,normal,789,2,1782361667.4584107,0.002050638198852539
260355,normal,1166,0,1782361667.4605844,0.0021736621856689453
260356,normal,160,0,1782361667.4623582,0.001773834228515625
260357,normal,103,0,1782361667.464411,0.002052783966064453
260358,normal,237,0,1782361667.4665542,0.0021431446075439453
260359,normal,2282,0,1782361667.4683478,0.0017936229705810547
260360,normal,327,0,1782361667.4704306,0.00208282470703125
260361,normal,648,0,1782361667.472554,0.0021233558654785156
260362,normal,1651,0,1782361667.4743588,0.0018048286437988281
260363,normal,1071,0,1782361667.4764197,0.0020608901977539062
260364,normal,1197,0,1782361667.4785886,0.002168893814086914
260365,normal,961,2,1782361667.480358,0.0017693042755126953
260366,normal,810,2,1782361667.482417,0.0020592212677001953
260367,normal,2901,0,1782361667.4845555,0.002138376235961914
260368,normal,1414,0,1782361667.4863465,0.0017910003662109375
260369,normal,146,0,1782361667.4884348,0.002088308334350586
260370,normal,1745,0,1782361667.4905665,0.0021317005157470703
260371,normal,540,0,1782361667.4923582,0.0017917156219482422
260372,normal,691,0,1782361667.4944222,0.0020639896392822266
260373,normal,915,2,1782361667.4965942,0.0021719932556152344
260374,normal,1013,2,1782361667.4983664,0.001772165298461914
260375,normal,1998,0,1782361667.500425,0.002058744430541992
260376,normal,2714,0,1782361667.5025597,0.002134561538696289
260377,normal,2483,0,1782361667.5043511,0.0017914772033691406
260378,normal,1965,0,1782361667.5064425,0.0020914077758789062
260379,normal,3263,1,1782361667.508566,0.0021233558654785156
260380,normal,2274,0,1782361667.5103583,0.0017924308776855469
260381,normal,2090,0,1782361667.5124311,0.0020728111267089844
260382,normal,2948,0,1782361667.5145876,0.002156496047973633
260383,normal,516,0,1782361667.5163455,0.0017578601837158203
260384,normal,110,0,1782361667.51845,0.002104520797729492
260385,normal,1332,1,1782361667.5205684,0.002118349075317383
260386,normal,3095,1,1782361667.522373,0.0018045902252197266
260387,normal,3088,1,1782361667.5244377,0.0020647048950195312
260388,normal,2844,0,1782361667.5265982,0.0021605491638183594
260389,normal,1286,0,1782361667.5283604,0.0017621517181396484
260390,normal,2860,0,1782361667.5304387,0.0020782947540283203
260391,normal,3405,0,1782361667.5325637,0.0021250247955322266
260392,normal,2507,0,1782361667.5343478,0.0017840862274169922
260393,normal,1528,0,1782361667.5364192,0.002071380615234375
260394,normal,1729,0,1782361667.5385633,0.0021440982818603516
260395,normal,2311,0,1782361667.5403574,0.0017940998077392578
260396,normal,3069,1,1782361667.5423455,0.0019881725311279297
260397,normal,2305,0,1782361667.5445948,0.0022492408752441406
260398,normal,3642,0,1782361667.5463467,0.0017518997192382812
260399,normal,1430,0,1782361667.5483527,0.002006053924560547
260400,normal,2380,0,1782361667.550547,0.0021941661834716797
260401,normal,1896,0,1782361667.5523567,0.001809835433959961
260402,normal,2761,0,1782361667.5543482,0.0019915103912353516
260403,normal,107,0,1782361667.5565858,0.002237558364868164
260404,normal,841,2,1782361667.5583575,0.001771688461303711
260405,normal,3143,1,1782361667.560353,0.001995563507080078
260406,normal,2214,0,1782361667.5625925,0.0022394657135009766
260407,normal,364,0,1782361667.5643466,0.0017540454864501953
260408,normal,1650,0,1782361667.5663683,0.00202178955078125
260409,normal,2596,0,1782361667.568555,0.0021867752075195312
260410,normal,1090,0,1782361667.5703413,0.0017862319946289062
260411,normal,3278,1,1782361667.5723612,0.0020198822021484375
260412,normal,519,0,1782361667.5745718,0.0022106170654296875
260413,normal,122,0,1782361667.5763464,0.0017745494842529297
260414,normal,1099,0,1782361667.5783715,0.002025127410888672
260415,normal,338,0,1782361667.5805483,0.0021767616271972656
260416,normal,360,0,1782361667.582357,0.0018086433410644531
260417,normal,2895,0,1782361667.5843604,0.0020034313201904297
260418,normal,24,0,1782361667.5866015,0.0022411346435546875
260419,normal,410,0,1782361667.5883484,0.0017468929290771484
260420,normal,2075,0,1782361667.5903788,0.0020303726196289062
260421,normal,852,2,1782361667.5925338,0.0021550655364990234
260422,normal,1401,0,1782361667.5943568,0.0018229484558105469
260423,normal,1315,0,1782361667.5963662,0.0020093917846679688
260424,normal,614,0,1782361667.598563,0.002196788787841797
260425,normal,1607,0,1782361667.600348,0.0017850399017333984
260426,normal,458,0,1782361667.6023817,0.002033710479736328
260427,normal,2306,0,1782361667.6045356,0.0021538734436035156
260428,normal,1800,0,1782361667.606358,0.0018224716186523438
260429,normal,752,0,1782361667.6083848,0.002026796340942383
260430,normal,161,0,1782361667.610588,0.002203226089477539
260431,normal,2488,0,1782361667.612347,0.0017588138580322266
260432,normal,766,0,1782361667.6143873,0.002040386199951172
260433,normal,1744,0,1782361667.616542,0.002154827117919922
260434,normal,1575,0,1782361667.618357,0.0018148422241210938
260435,normal,1692,0,1782361667.620378,0.0020210742950439453
260436,normal,3430,0,1782361667.6225638,0.002185821533203125
260437,normal,398,0,1782361667.6243474,0.001783609390258789
260438,normal,3458,0,1782361667.6264021,0.0020546913146972656
260439,normal,447,0,1782361667.6285384,0.00213623046875
260440,normal,2088,0,1782361667.6303577,0.0018193721771240234
260441,normal,3274,1,1782361667.6323872,0.0020294189453125
260442,normal,2442,0,1782361667.634537,0.002149820327758789
260443,normal,2925,0,1782361667.6363468,0.001809835433959961
260444,normal,1619,0,1782361667.6383975,0.002050638198852539
260445,normal,2795,0,1782361667.6405723,0.002174854278564453
260446,normal,2820,0,1782361667.6423712,0.001798868179321289
260447,normal,1783,0,1782361667.6443863,0.0020151138305664062
260448,normal,1418,0,1782361667.6465774,0.0021910667419433594
260449,normal,2935,0,1782361667.648346,0.0017685890197753906
260450,normal,806,2,1782361667.6506526,0.002306699752807617
260451,normal,311,0,1782361667.6525486,0.001895904541015625
260452,normal,2208,0,1782361667.6543565,0.0018079280853271484
260453,normal,2540,0,1782361667.656386,0.0020294189453125
260454,normal,14,0,1782361667.6585245,0.0021386146545410156
260455,normal,1367,1,1782361667.660347,0.0018224716186523438
260456,normal,1568,0,1782361667.6624048,0.002057790756225586
260457,normal,1344,1,1782361667.664542,0.0021371841430664062
260458,normal,2323,0,1782361667.666358,0.0018160343170166016
260459,normal,4,0,1782361667.6683958,0.0020377635955810547
260460,normal,1839,0,1782361667.6705713,0.002175569534301758
260461,normal,2603,0,1782361667.6723466,0.0017752647399902344
260462,normal,3140,1,1782361667.6744094,0.0020627975463867188
260463,normal,1334,1,1782361667.676522,0.0021126270294189453
260464,normal,750,0,1782361667.678358,0.0018360614776611328
260465,normal,247,0,1782361667.6804013,0.0020432472229003906
260466,normal,2335,0,1782361667.682568,0.002166748046875
260467,normal,70,0,1782361667.6843467,0.0017786026000976562
260468,normal,89,0,1782361667.686414,0.0020673274993896484
260469,normal,3314,1,1782361667.6885605,0.002146482467651367
260470,normal,1050,0,1782361667.6903462,0.0017857551574707031
260471,normal,380,0,1782361667.6924257,0.002079486846923828
260472,normal,3119,1,1782361667.694535,0.0021092891693115234
260473,normal,2320,0,1782361667.6963584,0.00182342529296875
260474,normal,1742,0,1782361667.6984084,0.0020499229431152344
260475,normal,969,2,1782361667.700567,0.002158641815185547
260476,normal,623,0,1782361667.702347,0.0017800331115722656
260477,normal,13,0,1782361667.70443,0.0020830631256103516
260478,normal,1986,0,1782361667.7065377,0.0021076202392578125
260479,normal,65,0,1782361667.7083576,0.0018198490142822266
260480,normal,3620,0,1782361667.7104127,0.0020551681518554688
260481,normal,2862,0,1782361667.7125852,0.0021724700927734375
260482,normal,260,0,1782361667.7143455,0.001760244369506836
260483,normal,790,2,1782361667.7164304,0.002084970474243164
260484,normal,2458,0,1782361667.7185116,0.002081155776977539
260485,normal,2664,0,1782361667.720349,0.0018374919891357422
260486,normal,3402,0,1782361667.7224295,0.0020804405212402344
260487,normal,1181,0,1782361667.7245505,0.0021209716796875
260488,normal,1914,0,1782361667.7263706,0.0018200874328613281
260489,normal,2623,0,1782361667.7284224,0.002051830291748047
260490,normal,2221,0,1782361667.7305682,0.0021457672119140625
260491,normal,2246,0,1782361667.7323449,0.0017766952514648438
260492,normal,698,0,1782361667.7344365,0.002091646194458008
260493,normal,2352,0,1782361667.7365522,0.0021157264709472656
260494,normal,756,0,1782361667.7383592,0.0018069744110107422
260495,normal,227,0,1782361667.7404268,0.00206756591796875
260496,normal,1848,0,1782361667.7425923,0.002165555953979492
260497,normal,2659,0,1782361667.7443511,0.0017588138580322266
260498,normal,2988,0,1782361667.7464406,0.0020895004272460938
260499,normal,3401,1,1782361667.7485588,0.0021181106567382812
260500,normal,217,0,1782361667.750357,0.0017981529235839844
260501,normal,1517,0,1782361667.752356,0.0019991397857666016
260502,normal,3696,0,1782361667.7545853,0.0022292137145996094
260503,normal,2991,0,1782361667.7563462,0.0017609596252441406
260504,normal,1795,0,1782361667.7584472,0.0021009445190429688
260505,normal,3050,1,1782361667.7605624,0.0021152496337890625
260506,normal,684,0,1782361667.7623596,0.0017971992492675781
260507,normal,3332,1,1782361667.7644355,0.0020759105682373047
260508,normal,3128,1,1782361667.7665772,0.002141714096069336
260509,normal,2240,0,1782361667.7683477,0.0017704963684082031
260510,normal,2627,0,1782361667.7703578,0.0020101070404052734
260511,normal,1148,0,1782361667.7725432,0.002185344696044922
260512,normal,2003,0,1782361667.7743583,0.0018150806427001953
260513,normal,2394,0,1782361667.776347,0.001988649368286133
260514,normal,2987,0,1782361667.7785926,0.002245664596557617
260515,normal,3275,1,1782361667.7803464,0.0017538070678710938
260516,normal,393,0,1782361667.7823508,0.002004384994506836
260517,normal,1553,0,1782361667.7845564,0.0022056102752685547
260518,normal,268,0,1782361667.786357,0.001800537109375
260519,normal,2767,0,1782361667.7883518,0.0019948482513427734
260520,normal,1844,0,1782361667.7905877,0.002235889434814453
260521,normal,101,0,1782361667.7923467,0.0017590522766113281
260522,normal,492,0,1782361667.794362,0.002015352249145508
260523,normal,3370,1,1782361667.79655,0.002187967300415039
260524,normal,927,2,1782361667.798357,0.0018069744110107422
260525,normal,2657,0,1782361667.8003583,0.0020012855529785156
260526,normal,3670,0,1782361667.8025563,0.0021979808807373047
260527,normal,300,0,1782361667.8043485,0.0017921924591064453
260528,normal,2472,0,1782361667.8063676,0.002019166946411133
260529,normal,1934,0,1782361667.808543,0.0021753311157226562
260530,normal,3201,1,1782361667.8103592,0.0018162727355957031
260531,normal,3488,0,1782361667.8123572,0.0019979476928710938
260532,normal,1976,0,1782361667.814577,0.0022199153900146484
260533,normal,1481,0,1782361667.8163493,0.001772165298461914
260534,normal,1627,0,1782361667.8183742,0.0020248889923095703
260535,normal,1939,0,1782361667.8205676,0.002193450927734375
260536,normal,3689,0,1782361667.8223565,0.0017888545989990234
260537,normal,3471,0,1782361667.8243618,0.002005338668823242
260538,normal,2801,0,1782361667.8265858,0.002223968505859375
260539,normal,1275,0,1782361667.828359,0.0017731189727783203
260540,normal,118,0,1782361667.830365,0.002006053924560547
260541,normal,2284,0,1782361667.8325596,0.002194643020629883
260542,normal,804,2,1782361667.8343496,0.0017900466918945312
260543,normal,909,2,1782361667.8363786,0.002028942108154297
260544,normal,2571,0,1782361667.838545,0.0021665096282958984
260545,normal,2038,0,1782361667.8403563,0.0018112659454345703
260546,normal,1025,2,1782361667.842351,0.001994609832763672
260547,normal,3019,0,1782361667.8445523,0.0022013187408447266
260548,normal,847,2,1782361667.8463454,0.0017931461334228516
260549,normal,1505,0,1782361667.8483875,0.002042055130004883
260550,normal,143,0,1782361667.8505564,0.002168893814086914
260551,normal,3218,1,1782361667.8523598,0.0018033981323242188
260552,normal,1200,0,1782361667.854374,0.00201416015625
260553,normal,2776,0,1782361667.8565629,0.0021889209747314453
260554,normal,2920,0,1782361667.8583503,0.001787424087524414
260555,normal,296,0,1782361667.8603978,0.0020475387573242188
260556,normal,1891,0,1782361667.862525,0.0021271705627441406
260557,normal,2712,0,1782361667.8643587,0.0018336772918701172
260558,normal,2869,0,1782361667.8663797,0.0020210742950439453
260559,normal,55,0,1782361667.8685584,0.002178668975830078
260560,normal,3316,1,1782361667.8703475,0.001789093017578125
260561,normal,1688,0,1782361667.872396,0.002048492431640625
260562,normal,548,0,1782361667.8745277,0.0021317005157470703
260563,normal,2276,0,1782361667.8763573,0.0018296241760253906
260564,normal,1785,0,1782361667.8783848,0.0020275115966796875
260565,normal,3297,1,1782361667.8805783,0.002193450927734375
260566,normal,1215,0,1782361667.8823473,0.0017690658569335938
260567,normal,2843,0,1782361667.8853815,0.0030341148376464844
260568,normal,3199,1,1782361667.886389,0.0010075569152832031
260569,normal,288,0,1782361667.888525,0.0021359920501708984
260570,normal,271,0,1782361667.890611,0.0020859241485595703
260571,normal,2139,0,1782361667.8927171,0.002106189727783203
260572,normal,1034,0,1782361667.8943772,0.0016601085662841797
260573,normal,1193,0,1782361667.8967266,0.002349376678466797
260574,normal,3224,1,1782361667.898411,0.001684427261352539
260575,normal,2077,0,1782361667.9006474,0.0022363662719726562
260576,normal,2493,0,1782361667.9024372,0.0017898082733154297
260577,normal,1462,0,1782361667.9047558,0.0023186206817626953
260578,normal,1030,0,1782361667.9063795,0.0016236305236816406
260579,normal,2318,0,1782361667.9086452,0.0022656917572021484
260580,normal,1094,0,1782361667.9104152,0.00177001953125
260581,normal,3605,0,1782361667.9126494,0.002234220504760742
260582,normal,322,0,1782361667.9144423,0.00179290771484375
260583,normal,1461,0,1782361667.9167192,0.002276897430419922
260584,normal,1925,0,1782361667.918361,0.0016417503356933594
260585,normal,1827,0,1782361667.9205453,0.0021843910217285156
260586,normal,550,0,1782361667.9223683,0.0018229484558105469
260587,normal,2880,0,1782361667.9245236,0.002155303955078125
260588,normal,2430,0,1782361667.926334,0.001810312271118164
260589,normal,3118,1,1782361667.9285479,0.0022139549255371094
260590,normal,1513,0,1782361667.9303486,0.0018007755279541016
260591,normal,659,0,1782361667.9325366,0.002187967300415039
260592,normal,1626,0,1782361667.9345443,0.002007722854614258
260593,normal,2919,0,1782361667.936448,0.0019037723541259766
260594,normal,1529,0,1782361667.938367,0.001918792724609375
260595,normal,635,0,1782361667.9404073,0.002040386199951172
260596,normal,2445,0,1782361667.9423819,0.0019745826721191406
260597,normal,706,0,1782361667.9444559,0.002074003219604492
260598,normal,2481,0,1782361667.9464161,0.001960277557373047
260599,normal,655,0,1782361667.9483485,0.001932382583618164
260600,normal,2788,0,1782361667.9504592,0.002110719680786133
260601,normal,3355,1,1782361667.9524217,0.001962423324584961
260602,normal,3445,0,1782361667.954391,0.0019693374633789062
260603,normal,839,2,1782361667.9564583,0.0020673274993896484
260604,normal,3094,1,1782361667.9583619,0.001903533935546875
260605,normal,3309,1,1782361667.9603553,0.001993417739868164
260606,normal,2968,0,1782361667.9623365,0.0019812583923339844
260607,normal,2414,0,1782361667.9643269,0.0019903182983398438
260608,normal,1871,0,1782361667.9663527,0.0020258426666259766
260609,normal,2446,0,1782361667.9683523,0.0019996166229248047
260610,normal,2921,0,1782361667.9703248,0.0019724369049072266
260611,normal,1488,0,1782361667.972342,0.0020172595977783203
260612,normal,3647,0,1782361667.9743342,0.0019922256469726562
260613,normal,1487,0,1782361667.9763458,0.002011537551879883
260614,normal,418,0,1782361667.9783528,0.002007007598876953
260615,normal,590,0,1782361667.9803493,0.0019965171813964844
260616,normal,1279,0,1782361667.9823291,0.001979827880859375
260617,normal,1009,2,1782361667.984343,0.0020139217376708984
260618,normal,7,0,1782361667.9864483,0.002105236053466797
260619,normal,1554,0,1782361667.9883351,0.0018868446350097656
260620,normal,929,2,1782361667.9903893,0.0020542144775390625
260621,normal,2096,0,1782361667.99239,0.002000570297241211
260622,normal,716,0,1782361667.9944406,0.002050638198852539
260623,normal,736,0,1782361667.9963906,0.0019500255584716797
260624,normal,3628,0,1782361667.9984763,0.0020856857299804688
260625,normal,3454,0,1782361668.0004013,0.0019249916076660156
260626,normal,2753,0,1782361668.002348,0.0019466876983642578
260627,normal,2263,0,1782361668.0043902,0.0020422935485839844
260628,normal,361,0,1782361668.006434,0.0020437240600585938
260629,normal,148,0,1782361668.0083938,0.0019598007202148438
260630,normal,3393,1,1782361668.010482,0.002088308334350586
260631,normal,265,0,1782361668.0124075,0.0019254684448242188
260632,normal,1366,1,1782361668.0143552,0.001947641372680664
260633,normal,1495,0,1782361668.01647,0.0021147727966308594
260634,normal,3662,0,1782361668.018435,0.001965045928955078
260635,normal,1217,0,1782361668.0203893,0.001954317092895508
260636,normal,1775,0,1782361668.0224025,0.0020132064819335938
260637,normal,1714,0,1782361668.0243998,0.001997232437133789
260638,normal,1023,2,1782361668.0263476,0.0019478797912597656
260639,normal,697,0,1782361668.0283892,0.0020415782928466797
260640,normal,3185,1,1782361668.0304441,0.002054929733276367
260641,normal,2831,0,1782361668.0323899,0.0019457340240478516
260642,normal,3510,0,1782361668.0343997,0.002009868621826172
260643,normal,845,2,1782361668.0364225,0.0020227432250976562
260644,normal,714,0,1782361668.038347,0.0019245147705078125
260645,normal,1589,0,1782361668.0403957,0.0020487308502197266
260646,normal,1623,0,1782361668.0424309,0.0020351409912109375
260647,normal,2701,0,1782361668.0443866,0.001955747604370117
260648,normal,2608,0,1782361668.0464056,0.0020189285278320312
260649,normal,980,2,1782361668.0484293,0.0020236968994140625
260650,normal,978,2,1782361668.0503898,0.0019605159759521484
260651,normal,3249,1,1782361668.0523582,0.0019683837890625
260652,normal,2328,0,1782361668.0544074,0.0020492076873779297
260653,normal,2249,0,1782361668.0563881,0.0019807815551757812
260654,normal,2782,0,1782361668.05836,0.0019719600677490234
260655,normal,549,0,1782361668.0603843,0.0020241737365722656
260656,normal,73,0,1782361668.0623167,0.001932382583618164
260657,normal,2856,0,1782361668.064335,0.002018451690673828
260658,normal,1954,0,1782361668.0663407,0.0020055770874023438
260659,normal,312,0,1782361668.0683386,0.0019979476928710938
260660,normal,1911,0,1782361668.0703502,0.002011537551879883
260661,normal,712,0,1782361668.0723531,0.0020029544830322266
260662,normal,575,0,1782361668.0743518,0.0019986629486083984
260663,normal,3668,0,1782361668.0763943,0.002042531967163086
260664,normal,3110,1,1782361668.078424,0.0020296573638916016
260665,normal,2434,0,1782361668.0803494,0.0019254684448242188
260666,normal,3584,0,1782361668.0823874,0.0020380020141601562
260667,normal,1174,0,1782361668.084423,0.0020356178283691406
260668,normal,2716,0,1782361668.0863898,0.001966714859008789
260669,normal,1808,0,1782361668.0884202,0.0020303726196289062
260670,normal,3587,0,1782361668.090424,0.002003908157348633
260671,normal,457,0,1782361668.0923526,0.001928567886352539
260672,normal,562,0,1782361668.0943935,0.002040863037109375
260673,normal,1592,0,1782361668.0963984,0.002004861831665039
260674,normal,657,0,1782361668.0983894,0.0019910335540771484
260675,normal,487,0,1782361668.1005623,0.0021729469299316406
260676,normal,3539,0,1782361668.1024432,0.0018808841705322266
260677,normal,3004,0,1782361668.104349,0.001905679702758789
260678,normal,3037,0,1782361668.1064236,0.002074718475341797
260679,normal,3693,0,1782361668.108415,0.00199127197265625
260680,normal,3003,0,1782361668.1103487,0.0019338130950927734
260681,normal,535,0,1782361668.1124253,0.0020766258239746094
260682,normal,1709,0,1782361668.1144373,0.002012014389038086
260683,normal,258,0,1782361668.1163886,0.0019512176513671875
260684,normal,477,0,1782361668.1184297,0.0020411014556884766
260685,normal,1313,0,1782361668.1204085,0.0019788742065429688
260686,normal,3410,0,1782361668.1223485,0.001940011978149414
260687,normal,462,0,1782361668.1244302,0.002081632614135742
260688,normal,812,2,1782361668.1264133,0.001983165740966797
260689,normal,3253,1,1782361668.128394,0.0019805431365966797
260690,normal,2378,0,1782361668.130391,0.0019969940185546875
260691,normal,2970,0,1782361668.1324205,0.0020296573638916016
260692,normal,1257,0,1782361668.1343899,0.0019693374633789062
260693,normal,1460,0,1782361668.1364412,0.0020513534545898438
260694,normal,503,0,1782361668.1384118,0.001970529556274414
260695,normal,3677,0,1782361668.1403904,0.001978635787963867
260696,normal,154,0,1782361668.1424043,0.0020139217376708984
260697,normal,2732,0,1782361668.1444163,0.002012014389038086
260698,normal,513,0,1782361668.1463494,0.0019330978393554688
260699,normal,2011,0,1782361668.148388,0.0020384788513183594
260700,normal,404,0,1782361668.1504095,0.0020215511322021484
260701,normal,3411,0,1782361668.1523936,0.001984119415283203
260702,normal,2203,0,1782361668.1544404,0.002046823501586914
260703,normal,439,0,1782361668.156419,0.001978635787963867
260704,normal,3392,1,1782361668.1583717,0.0019526481628417969
260705,normal,772,2,1782361668.1604476,0.0020759105682373047
260706,normal,2814,0,1782361668.1624033,0.001955747604370117
260707,normal,1984,0,1782361668.1643898,0.0019865036010742188
260708,normal,517,0,1782361668.1664493,0.002059459686279297
260709,normal,640,0,1782361668.168406,0.0019567012786865234
260710,normal,1442,0,1782361668.1703887,0.0019826889038085938
260711,normal,355,0,1782361668.172455,0.002066373825073242
260712,normal,3396,1,1782361668.1744087,0.001953601837158203
260713,normal,758,0,1782361668.1763499,0.0019412040710449219
260714,normal,1520,0,1782361668.178453,0.002103090286254883
260715,normal,2324,0,1782361668.1804101,0.0019571781158447266
260716,normal,3057,1,1782361668.182391,0.0019807815551757812
260717,normal,1424,0,1782361668.1844563,0.002065420150756836
260718,normal,3652,0,1782361668.1864054,0.0019490718841552734
260719,normal,3486,0,1782361668.1883461,0.0019407272338867188
260720,normal,2500,0,1782361668.1904597,0.0021135807037353516
260721,normal,843,2,1782361668.1924148,0.0019550323486328125
260722,normal,2129,0,1782361668.194393,0.001978158950805664
260723,normal,1015,2,1782361668.1964612,0.0020682811737060547
260724,normal,3583,0,1782361668.198417,0.001955747604370117
260725,normal,551,0,1782361668.200392,0.0019750595092773438
260726,normal,667,0,1782361668.202466,0.002074003219604492
260727,normal,2232,0,1782361668.2045243,0.002058267593383789
260728,normal,3217,1,1782361668.2063494,0.001825094223022461
260729,normal,3517,0,1782361668.2084625,0.0021131038665771484
260730,normal,621,0,1782361668.2105298,0.0020673274993896484
260731,normal,3404,0,1782361668.2123601,0.0018303394317626953
260732,normal,715,0,1782361668.2144272,0.002067089080810547
260733,normal,878,2,1782361668.216538,0.002110719680786133
260734,normal,499,0,1782361668.2183492,0.0018112659454345703
260735,normal,2780,0,1782361668.2204406,0.0020914077758789062
260736,normal,276,0,1782361668.222501,0.002060413360595703
260737,normal,254,0,1782361668.2243567,0.001855611801147461
260738,normal,988,2,1782361668.226431,0.0020742416381835938
260739,normal,1135,0,1782361668.2285604,0.0021295547485351562
260740,normal,2590,0,1782361668.230347,0.0017864704132080078
260741,normal,2484,0,1782361668.2327337,0.002386808395385742
260742,normal,926,2,1782361668.2343473,0.001613616943359375
260743,normal,1710,0,1782361668.2366,0.0022525787353515625
260744,normal,2115,0,1782361668.2384348,0.001834869384765625
260745,normal,2521,0,1782361668.2405765,0.002141714096069336
260746,normal,66,0,1782361668.2423484,0.0017719268798828125
260747,normal,3582,0,1782361668.2444513,0.0021028518676757812
260748,normal,2946,0,1782361668.2465134,0.002062082290649414
260749,normal,3145,1,1782361668.2483604,0.0018470287322998047
260750,normal,1327,1,1782361668.2504454,0.002084970474243164
260751,normal,116,0,1782361668.252557,0.002111673355102539
260752,normal,2704,0,1782361668.2543585,0.0018014907836914062
260753,normal,563,0,1782361668.256354,0.001995563507080078
260754,normal,959,2,1782361668.2584164,0.0020623207092285156
260755,normal,906,2,1782361668.2603576,0.0019412040710449219
260756,normal,3481,0,1782361668.2623525,0.0019948482513427734
260757,normal,1368,1,1782361668.2645686,0.0022161006927490234
260758,normal,31,0,1782361668.2663486,0.0017800331115722656
260759,normal,1521,0,1782361668.268365,0.002016305923461914
260760,normal,1267,0,1782361668.2705429,0.0021779537200927734
260761,normal,1075,0,1782361668.2723594,0.0018165111541748047
260762,normal,1372,1,1782361668.2743533,0.001993894577026367
260763,normal,1240,0,1782361668.2765791,0.0022258758544921875
260764,normal,1825,0,1782361668.2783542,0.0017750263214111328
260765,normal,3265,1,1782361668.2803645,0.002010345458984375
260766,normal,3360,1,1782361668.28253,0.002165555953979492
260767,normal,1957,0,1782361668.284357,0.0018270015716552734
260768,normal,1547,0,1782361668.2863564,0.001999378204345703
260769,normal,2893,0,1782361668.2885938,0.0022373199462890625
260770,normal,1338,1,1782361668.2903473,0.0017535686492919922
260771,normal,2578,0,1782361668.2925863,0.0022389888763427734
260772,normal,1724,0,1782361668.29456,0.0019736289978027344
260773,normal,1994,0,1782361668.2963603,0.0018002986907958984
260774,normal,2640,0,1782361668.2983456,0.001985311508178711
260775,normal,663,0,1782361668.300645,0.0022995471954345703
260776,normal,2329,0,1782361668.302347,0.0017018318176269531
260777,normal,3373,1,1782361668.3049383,0.002591371536254883
260778,normal,2800,0,1782361668.3063598,0.0014214515686035156
260779,normal,3425,0,1782361668.3085089,0.0021491050720214844
260780,normal,851,2,1782361668.3104708,0.001961946487426758
260781,normal,1318,0,1782361668.3125284,0.0020575523376464844
260782,normal,527,0,1782361668.3143687,0.001840353012084961
260783,normal,1782,0,1782361668.3165693,0.002200603485107422
260784,normal,1299,0,1782361668.3185298,0.0019605159759521484
260785,normal,1231,0,1782361668.320352,0.0018222332000732422
260786,normal,3156,1,1782361668.3225875,0.00223541259765625
260787,normal,1391,0,1782361668.3246167,0.0020291805267333984
260788,normal,1207,0,1782361668.326729,0.0021123886108398438
260789,normal,2861,0,1782361668.3285203,0.001791238784790039
260790,normal,3141,1,1782361668.331101,0.0025806427001953125
260791,normal,1403,0,1782361668.3324232,0.0013222694396972656
260792,normal,722,0,1782361668.3344624,0.002039194107055664
260793,normal,1208,0,1782361668.336372,0.001909494400024414
260794,normal,308,0,1782361668.3382807,0.0019087791442871094
260795,normal,803,2,1782361668.340378,0.0020973682403564453
260796,normal,2148,0,1782361668.3423688,0.001990795135498047
260797,normal,1853,0,1782361668.3444383,0.0020694732666015625
260798,normal,2133,0,1782361668.3462977,0.001859426498413086
260799,normal,3345,1,1782361668.3484118,0.0021140575408935547
260800,normal,135,0,1782361668.3503406,0.0019288063049316406
260801,normal,1689,0,1782361668.3524053,0.0020647048950195312
260802,normal,2980,0,1782361668.3544488,0.002043485641479492
260803,normal,215,0,1782361668.3564258,0.0019769668579101562
260804,normal,3443,0,1782361668.3583224,0.0018966197967529297
260805,normal,1219,0,1782361668.3603816,0.0020592212677001953
260806,normal,910,2,1782361668.3623075,0.0019259452819824219
260807,normal,968,2,1782361668.3643503,0.0020427703857421875
260808,normal,454,0,1782361668.3664925,0.002142190933227539
260809,normal,1706,0,1782361668.3683689,0.0018763542175292969
260810,normal,2079,0,1782361668.3704708,0.002101898193359375
260811,normal,1156,0,1782361668.372546,0.0020751953125
260812,normal,3682,0,1782361668.3744297,0.0018837451934814453
260813,normal,1953,0,1782361668.3765228,0.002093076705932617
260814,normal,1624,0,1782361668.3785439,0.0020210742950439453
260815,normal,1097,0,1782361668.3804533,0.001909494400024414
260816,normal,2932,0,1782361668.382546,0.002092599868774414
260817,normal,2868,0,1782361668.3845153,0.0019693374633789062
260818,normal,3657,0,1782361668.3865983,0.0020830631256103516
260819,normal,2339,0,1782361668.3885717,0.001973390579223633
260820,normal,1021,2,1782361668.3908951,0.0023233890533447266
260821,normal,2787,0,1782361668.3923562,0.001461029052734375
260822,normal,429,0,1782361668.3945334,0.0021772384643554688
260823,normal,3703,0,1782361668.396524,0.0019905567169189453
260824,normal,1535,0,1782361668.3984888,0.0019648075103759766
260825,normal,876,2,1782361668.4005282,0.0020394325256347656
260826,normal,3484,0,1782361668.402595,0.0020668506622314453
260827,normal,1605,0,1782361668.4044297,0.0018346309661865234
260828,normal,3307,1,1782361668.4065433,0.0021135807037353516
260829,normal,231,0,1782361668.4085476,0.002004384994506836
260830,normal,943,2,1782361668.4104412,0.0018935203552246094
260831,normal,1066,0,1782361668.4126449,0.002203702926635742
260832,normal,2433,0,1782361668.4143994,0.0017545223236083984
260833,normal,3565,0,1782361668.416473,0.002073526382446289
260834,normal,687,0,1782361668.4185581,0.0020852088928222656
260835,normal,3559,0,1782361668.4204772,0.0019190311431884766
260836,normal,963,2,1782361668.4224567,0.0019795894622802734
260837,normal,903,2,1782361668.4245877,0.0021309852600097656
260838,normal,199,0,1782361668.4265473,0.001959562301635742
260839,normal,2947,0,1782361668.428425,0.0018777847290039062
260840,normal,286,0,1782361668.4304118,0.0019867420196533203
260841,normal,800,2,1782361668.4324088,0.0019969940185546875
260842,normal,1422,0,1782361668.4344442,0.002035379409790039
260843,normal,1995,0,1782361668.43646,0.002015829086303711
260844,normal,619,0,1782361668.4384878,0.002027750015258789
260845,normal,3146,1,1782361668.4405038,0.0020160675048828125
260846,normal,2635,0,1782361668.4424634,0.001959562301635742
260847,normal,2047,0,1782361668.4444418,0.0019783973693847656
260848,normal,3090,1,1782361668.4464304,0.001988649368286133
260849,normal,1620,0,1782361668.4484076,0.001977205276489258
260850,normal,1042,0,1782361668.450317,0.0019092559814453125
260851,normal,710,0,1782361668.4523747,0.002057790756225586
260852,normal,3313,1,1782361668.454371,0.001996278762817383
260853,normal,2262,0,1782361668.4565997,0.0022287368774414062
260854,normal,3538,0,1782361668.4584222,0.0018224716186523438
260855,normal,399,0,1782361668.4605954,0.002173185348510742
260856,normal,445,0,1782361668.462732,0.002136707305908203
260857,normal,1109,0,1782361668.4644225,0.0016903877258300781
260858,normal,1384,0,1782361668.4665453,0.0021228790283203125
260859,normal,2492,0,1782361668.4685676,0.002022266387939453
260860,normal,3424,0,1782361668.4704585,0.0018908977508544922
260861,normal,3421,0,1782361668.472369,0.0019104480743408203
260862,normal,2601,0,1782361668.4743702,0.0020012855529785156
260863,normal,3172,1,1782361668.476371,0.0020008087158203125
260864,normal,2367,0,1782361668.4785695,0.002198457717895508
260865,normal,198,0,1782361668.4803088,0.0017392635345458984
260866,normal,2833,0,1782361668.482367,0.002058267593383789
260867,normal,1935,0,1782361668.4842951,0.001928091049194336
260868,normal,3555,0,1782361668.4871829,0.002887725830078125
260869,normal,676,0,1782361668.4886055,0.0014226436614990234
260870,normal,1204,0,1782361668.4908462,0.0022406578063964844
260871,normal,2489,0,1782361668.492414,0.001567840576171875
260872,normal,1929,0,1782361668.4944267,0.0020127296447753906
260873,normal,1069,0,1782361668.4964154,0.001988649368286133
260874,normal,2600,0,1782361668.4984176,0.002002239227294922
260875,normal,280,0,1782361668.5004406,0.002022981643676758
260876,normal,1500,0,1782361668.502895,0.002454519271850586
260877,normal,28,0,1782361668.504382,0.0014867782592773438
260878,normal,835,2,1782361668.506391,0.002009153366088867
260879,normal,1168,0,1782361668.5084066,0.0020155906677246094
260880,normal,1284,0,1782361668.5104184,0.0020117759704589844
260881,normal,1375,1,1782361668.512399,0.0019805431365966797
260882,normal,3152,1,1782361668.5146976,0.002298593521118164
260883,normal,36,0,1782361668.516593,0.0018954277038574219
260884,normal,3300,1,1782361668.5184422,0.0018491744995117188
260885,normal,2257,0,1782361668.5205162,0.002074003219604492
260886,normal,869,2,1782361668.5224826,0.0019664764404296875
260887,normal,3390,1,1782361668.5245218,0.002039194107055664
260888,normal,902,2,1782361668.5263715,0.0018496513366699219
260889,normal,197,0,1782361668.5288527,0.002481222152709961
260890,normal,2793,0,1782361668.5304885,0.0016357898712158203
260891,normal,314,0,1782361668.5324614,0.0019729137420654297
260892,normal,2281,0,1782361668.5345595,0.00209808349609375
260893,normal,2580,0,1782361668.5366187,0.0020592212677001953
260894,normal,2510,0,1782361668.5383089,0.0016901493072509766
260895,normal,1722,0,1782361668.5404046,0.0020956993103027344
260896,normal,158,0,1782361668.542468,0.0020635128021240234
260897,normal,1377,1,1782361668.5443313,0.001863241195678711
260898,normal,3250,1,1782361668.5464215,0.0020902156829833984
260899,normal,2766,0,1782361668.548407,0.0019855499267578125
260900,normal,1858,0,1782361668.5504103,0.002003192901611328
260901,normal,278,0,1782361668.5524564,0.0020461082458496094
260902,normal,3032,0,1782361668.5544827,0.0020263195037841797
260903,normal,382,0,1782361668.5565124,0.0020296573638916016
260904,normal,51,0,1782361668.5584445,0.0019321441650390625
260905,normal,732,0,1782361668.560396,0.001951456069946289
260906,normal,763,0,1782361668.5624995,0.002103567123413086
260907,normal,2769,0,1782361668.564474,0.0019745826721191406
260908,normal,1289,0,1782361668.566515,0.002040863037109375
260909,normal,1224,0,1782361668.568367,0.0018520355224609375
260910,normal,3368,1,1782361668.57044,0.002073049545288086
260911,normal,1823,0,1782361668.5723524,0.0019123554229736328
260912,normal,3228,1,1782361668.5744348,0.002082347869873047
260913,normal,1405,0,1782361668.5764112,0.001976490020751953
260914,normal,942,2,1782361668.5784485,0.0020372867584228516
260915,normal,3367,1,1782361668.5805786,0.0021300315856933594
260916,normal,2907,0,1782361668.5823798,0.0018012523651123047
260917,normal,3289,1,1782361668.5844111,0.0020313262939453125
260918,normal,2929,0,1782361668.5864105,0.001999378204345703
260919,normal,1621,0,1782361668.588406,0.001995563507080078
260920,normal,23,0,1782361668.5904093,0.002003192901611328
260921,normal,2427,0,1782361668.5924048,0.001995563507080078
260922,normal,301,0,1782361668.5944774,0.002072572708129883
260923,normal,2248,0,1782361668.5964699,0.001992464065551758
260924,normal,2186,0,1782361668.5985184,0.002048492431640625
260925,normal,1502,0,1782361668.6004584,0.001940011978149414
260926,normal,2224,0,1782361668.60244,0.0019817352294921875
260927,normal,1306,0,1782361668.6044228,0.0019826889038085938
260928,normal,2160,0,1782361668.6064515,0.0020287036895751953
260929,normal,229,0,1782361668.608386,0.0019345283508300781
260930,normal,2909,0,1782361668.6103845,0.001998424530029297
260931,normal,631,0,1782361668.6123831,0.0019986629486083984
260932,normal,3691,0,1782361668.6147408,0.0023577213287353516
260933,normal,3114,1,1782361668.6163883,0.0016474723815917969
260934,normal,3099,1,1782361668.618485,0.0020966529846191406
260935,normal,3244,1,1782361668.6205592,0.0020742416381835938
260936,normal,3694,0,1782361668.6227453,0.0021860599517822266
260937,normal,2502,0,1782361668.6244407,0.001695394515991211
260938,normal,3416,0,1782361668.6265423,0.0021016597747802734
260939,normal,2345,0,1782361668.6285636,0.002021312713623047
260940,normal,140,0,1782361668.630474,0.0019104480743408203
260941,normal,2916,0,1782361668.6323912,0.001917123794555664
260942,normal,626,0,1782361668.6343756,0.0019843578338623047
260943,normal,2681,0,1782361668.636371,0.0019953250885009766
260944,normal,3070,1,1782361668.6386003,0.002229452133178711
260945,normal,463,0,1782361668.6402986,0.0016982555389404297
260946,normal,173,0,1782361668.6423588,0.0020601749420166016
260947,normal,1829,0,1782361668.6442873,0.001928567886352539
260948,normal,426,0,1782361668.6463904,0.002103090286254883
260949,normal,649,0,1782361668.6489744,0.0025839805603027344
260950,normal,1983,0,1782361668.6504734,0.0014989376068115234
260951,normal,2355,0,1782361668.6524665,0.0019931793212890625
260952,normal,2200,0,1782361668.6544168,0.0019502639770507812
260953,normal,1810,0,1782361668.6564193,0.0020024776458740234
260954,normal,1735,0,1782361668.6584353,0.0020160675048828125
260955,normal,2914,0,1782361668.6605725,0.0021371841430664062
260956,normal,2344,0,1782361668.6624382,0.0018656253814697266
260957,normal,48,0,1782361668.66441,0.0019719600677490234
260958,normal,1255,0,1782361668.6664388,0.0020287036895751953
260959,normal,1230,0,1782361668.6684237,0.001984834671020508
260960,normal,3514,0,1782361668.6704392,0.0020155906677246094
260961,normal,2876,0,1782361668.6724887,0.0020494461059570312
260962,normal,1320,1,1782361668.67444,0.0019512176513671875
260963,normal,2196,0,1782361668.6764324,0.001992464065551758
260964,normal,2737,0,1782361668.678595,0.0021626949310302734
260965,normal,1536,0,1782361668.6810308,0.0024356842041015625
260966,normal,1655,0,1782361668.6824033,0.0013725757598876953
260967,normal,1398,0,1782361668.6843863,0.0019829273223876953
260968,normal,3015,0,1782361668.6864889,0.0021026134490966797
260969,normal,3018,0,1782361668.6884394,0.0019505023956298828
260970,normal,505,0,1782361668.6905909,0.0021514892578125
260971,normal,1978,0,1782361668.6924324,0.0018415451049804688
260972,normal,1177,0,1782361668.6946266,0.0021941661834716797
260973,normal,641,0,1782361668.6963308,0.0017042160034179688
260974,normal,105,0,1782361668.6989503,0.002619504928588867
260975,normal,2569,0,1782361668.7005408,0.0015904903411865234
260976,normal,3061,1,1782361668.7023087,0.001767873764038086
260977,normal,2303,0,1782361668.7043197,0.0020110607147216797
260978,normal,1958,0,1782361668.706424,0.0021042823791503906
260979,normal,870,2,1782361668.708425,0.002001047134399414
260980,normal,405,0,1782361668.7104216,0.0019965171813964844
260981,normal,2918,0,1782361668.712393,0.0019714832305908203
260982,normal,319,0,1782361668.7143426,0.0019495487213134766
260983,normal,2583,0,1782361668.7164428,0.002100229263305664
260984,normal,2171,0,1782361668.7184863,0.002043485641479492
260985,normal,620,0,1782361668.720499,0.0020127296447753906
260986,normal,666,0,1782361668.7223842,0.0018851757049560547
260987,normal,564,0,1782361668.724436,0.002051830291748047
260988,normal,3113,1,1782361668.7264435,0.0020074844360351562
260989,normal,1632,0,1782361668.7284906,0.0020470619201660156
260990,normal,1730,0,1782361668.7304463,0.001955747604370117
260991,normal,3536,0,1782361668.7322814,0.0018351078033447266
260992,normal,1912,0,1782361668.7344446,0.0021631717681884766
260993,normal,180,0,1782361668.7363431,0.0018985271453857422
260994,normal,955,2,1782361668.7384453,0.0021021366119384766
260995,normal,1515,0,1782361668.7403567,0.0019114017486572266
260996,normal,603,0,1782361668.7425795,0.002222776412963867
260997,normal,192,0,1782361668.7443495,0.00177001953125
260998,normal,2447,0,1782361668.7463958,0.002046346664428711
260999,normal,2890,0,1782361668.7483938,0.0019979476928710938
261000,normal,2046,0,1782361668.7503996,0.0020058155059814453
261001,normal,1771,0,1782361668.752391,0.0019915103912353516
261002,normal,204,0,1782361668.7544165,0.0020253658294677734
261003,normal,2030,0,1782361668.7564652,0.0020487308502197266
261004,normal,911,2,1782361668.7584913,0.002026081085205078
261005,normal,2398,0,1782361668.760494,0.002002716064453125
261006,normal,3438,0,1782361668.7624712,0.001977205276489258
261007,normal,76,0,1782361668.7644334,0.0019621849060058594
261008,normal,2758,0,1782361668.7664242,0.001990795135498047
261009,normal,1888,0,1782361668.7684264,0.002002239227294922
261010,normal,1083,0,1782361668.7703772,0.0019507408142089844
261011,normal,703,0,1782361668.7724059,0.0020287036895751953
261012,normal,3344,1,1782361668.774377,0.0019712448120117188
261013,normal,1645,0,1782361668.7765687,0.0021915435791015625
261014,normal,1331,1,1782361668.778476,0.0019073486328125
261015,normal,1854,0,1782361668.7805831,0.0021071434020996094
261016,normal,3092,1,1782361668.7824805,0.0018973350524902344
261017,normal,2738,0,1782361668.7846084,0.0021278858184814453
261018,normal,1933,0,1782361668.786433,0.0018246173858642578
261019,normal,3246,1,1782361668.7885811,0.002148151397705078
261020,normal,1325,1,1782361668.7904603,0.0018792152404785156
261021,normal,488,0,1782361668.792378,0.0019176006317138672
261022,normal,744,0,1782361668.7943661,0.0019881725311279297
261023,normal,1960,0,1782361668.7963846,0.002018451690673828
261024,normal,1946,0,1782361668.7985952,0.0022106170654296875
261025,normal,757,0,1782361668.8002872,0.001692056655883789
261026,normal,916,2,1782361668.802355,0.0020678043365478516
261027,normal,3323,1,1782361668.80437,0.0020148754119873047
261028,normal,1615,0,1782361668.8063622,0.0019922256469726562
261029,normal,424,0,1782361668.8091922,0.002830028533935547
261030,normal,2428,0,1782361668.8106127,0.0014204978942871094
261031,normal,630,0,1782361668.8123715,0.0017588138580322266
261032,normal,3638,0,1782361668.8143926,0.0020210742950439453
261033,normal,39,0,1782361668.8163931,0.002000570297241211
261034,normal,1685,0,1782361668.8184054,0.0020122528076171875
261035,normal,1686,0,1782361668.82055,0.0021445751190185547
261036,normal,770,0,1782361668.8224556,0.001905679702758789
261037,normal,3568,0,1782361668.8244004,0.0019447803497314453
261038,normal,3414,0,1782361668.8264089,0.0020084381103515625
261039,normal,1498,0,1782361668.8284178,0.0020089149475097656
261040,normal,3622,0,1782361668.8304107,0.001992940902709961
261041,normal,1192,0,1782361668.8325264,0.0021157264709472656
261042,normal,3456,0,1782361668.8346043,0.002077817916870117
261043,normal,2813,0,1782361668.836421,0.0018167495727539062
261044,normal,2983,0,1782361668.8385093,0.002088308334350586
261045,normal,2275,0,1782361668.8405693,0.0020599365234375
261046,normal,972,2,1782361668.8423922,0.0018229484558105469
261047,normal,1740,0,1782361668.8445294,0.0021371841430664062
261048,normal,711,0,1782361668.846721,0.0021915435791015625
261049,normal,1781,0,1782361668.848479,0.0017580986022949219
261050,normal,854,2,1782361668.8504329,0.0019538402557373047
261051,normal,507,0,1782361668.8554678,0.005034923553466797
261052,normal,113,0,1782361668.8555336,6.580352783203125e-05
261053,normal,1579,0,1782361668.8563144,0.0007808208465576172
261054,normal,1091,0,1782361668.8584003,0.0020859241485595703
261055,normal,570,0,1782361668.8603842,0.0019838809967041016
261056,normal,2176,0,1782361668.8624308,0.0020465850830078125
261057,normal,3196,1,1782361668.8644102,0.001979351043701172
261058,normal,225,0,1782361668.8664136,0.0020034313201904297
261059,normal,1698,0,1782361668.868396,0.001982450485229492
261060,normal,2613,0,1782361668.8704321,0.0020360946655273438
261061,normal,1811,0,1782361668.8724773,0.002045154571533203
261062,normal,1721,0,1782361668.8744981,0.0020208358764648438
261063,normal,1734,0,1782361668.8764434,0.0019452571868896484
261064,normal,1531,0,1782361668.8783038,0.0018603801727294922
261065,normal,613,0,1782361668.8804872,0.0021834373474121094
261066,normal,3063,1,1782361668.8824933,0.002006053924560547
261067,normal,120,0,1782361668.884523,0.0020296573638916016
261068,normal,3452,0,1782361668.8863082,0.0017852783203125
261069,normal,1648,0,1782361668.8884256,0.0021173954010009766
261070,normal,2999,0,1782361668.890404,0.0019783973693847656
261071,normal,3512,0,1782361668.892421,0.0020170211791992188
261072,normal,1341,1,1782361668.8944163,0.0019953250885009766
261073,normal,815,2,1782361668.8964376,0.002021312713623047
261074,normal,2746,0,1782361668.8985167,0.002079010009765625
261075,normal,1555,0,1782361668.900418,0.001901388168334961
261076,normal,420,0,1782361668.9023967,0.001978635787963867
261077,normal,956,2,1782361668.904408,0.0020112991333007812
261078,normal,2362,0,1782361668.9064088,0.0020008087158203125
261079,normal,779,2,1782361668.9083977,0.0019888877868652344
261080,normal,3193,1,1782361668.9104536,0.0020558834075927734
261081,normal,2206,0,1782361668.912478,0.002024412155151367
261082,normal,541,0,1782361668.9144979,0.0020198822021484375
261083,normal,213,0,1782361668.9165077,0.002009868621826172
261084,normal,3191,1,1782361668.9184325,0.001924753189086914
261085,normal,1828,0,1782361668.9204397,0.0020072460174560547
261086,normal,3626,0,1782361668.9224808,0.0020411014556884766
261087,normal,3052,1,1782361668.9243903,0.001909494400024414
261088,normal,3595,0,1782361668.9263847,0.0019943714141845703
261089,normal,822,2,1782361668.9283872,0.0020024776458740234
261090,normal,3437,0,1782361668.9304554,0.0020682811737060547
261091,normal,863,2,1782361668.9325454,0.002089977264404297
261092,normal,2609,0,1782361668.9345274,0.001981973648071289
261093,normal,615,0,1782361668.9365046,0.001977205276489258
261094,normal,3504,0,1782361668.9385269,0.002022266387939453
261095,normal,647,0,1782361668.9404705,0.0019435882568359375
261096,normal,1244,0,1782361668.9424376,0.001967191696166992
261097,normal,187,0,1782361668.944455,0.0020172595977783203
261098,normal,3653,0,1782361668.94649,0.0020351409912109375
261099,normal,2025,0,1782361668.948316,0.0018260478973388672
261100,normal,1053,0,1782361668.9503913,0.0020751953125
261101,normal,3457,0,1782361668.952405,0.002013683319091797
261102,normal,41,0,1782361668.9545279,0.0021228790283203125
261103,normal,44,0,1782361668.9563372,0.0018093585968017578
261104,normal,3166,1,1782361668.958389,0.002051830291748047
261105,normal,419,0,1782361668.9605634,0.00217437744140625
261106,normal,3264,1,1782361668.9622703,0.001706838607788086
261107,normal,2607,0,1782361668.964792,0.0025217533111572266
261108,normal,416,0,1782361668.9666429,0.0018508434295654297
261109,normal,373,0,1782361668.968485,0.0018422603607177734
261110,normal,209,0,1782361668.9703047,0.001819610595703125
261111,normal,394,0,1782361668.9724317,0.002126932144165039
261112,normal,3101,1,1782361668.9743133,0.0018815994262695312
261113,normal,1794,0,1782361668.9764996,0.002186298370361328
261114,normal,1910,0,1782361668.9785173,0.0020177364349365234
261115,normal,2779,0,1782361668.9802961,0.0017788410186767578
261116,normal,1134,0,1782361668.9824061,0.002110004425048828
261117,normal,908,2,1782361668.9843843,0.001978158950805664
261118,normal,2126,0,1782361668.986319,0.0019347667694091797
261119,normal,3415,0,1782361668.9886243,0.002305269241333008
261120,normal,1716,0,1782361668.9906318,0.0020074844360351562
261121,normal,1642,0,1782361668.9923992,0.0017673969268798828
261122,normal,3500,0,1782361668.9944885,0.002089262008666992
261123,normal,529,0,1782361668.9965386,0.002050161361694336
261124,normal,2683,0,1782361668.9983985,0.001859903335571289
261125,normal,2008,0,1782361669.0003374,0.0019388198852539062
261126,normal,3558,0,1782361669.0027642,0.0024268627166748047
261127,normal,151,0,1782361669.004452,0.001687765121459961
261128,normal,2081,0,1782361669.006332,0.0018799304962158203
261129,normal,2720,0,1782361669.008538,0.002206087112426758
261130,normal,2638,0,1782361669.0105197,0.0019817352294921875
261131,normal,2440,0,1782361669.012316,0.0017962455749511719
261132,normal,964,2,1782361669.0144286,0.0021126270294189453
261133,normal,1514,0,1782361669.0163178,0.0018892288208007812
261134,normal,2826,0,1782361669.0184615,0.0021436214447021484
261135,normal,18,0,1782361669.020445,0.001983642578125
261136,normal,3532,0,1782361669.0223298,0.0018846988677978516
261137,normal,2292,0,1782361669.024438,0.0021080970764160156
261138,normal,3022,0,1782361669.0264583,0.0020203590393066406
261139,normal,1443,0,1782361669.0284183,0.0019600391387939453
261140,normal,811,2,1782361669.0305293,0.0021109580993652344
261141,normal,310,0,1782361669.0324576,0.0019283294677734375
261142,normal,3387,1,1782361669.0343497,0.00189208984375
261143,normal,2911,0,1782361669.0365512,0.002201557159423828
261144,normal,2743,0,1782361669.0384753,0.0019240379333496094
261145,normal,6,0,1782361669.0404398,0.001964569091796875
261146,normal,2397,0,1782361669.042317,0.0018770694732666016
261147,normal,3561,0,1782361669.044475,0.0021581649780273438
261148,normal,1308,0,1782361669.0463464,0.001871347427368164
261149,normal,2586,0,1782361669.0484717,0.002125263214111328
261150,normal,1452,0,1782361669.0505638,0.002092123031616211
261151,normal,948,2,1782361669.052484,0.0019202232360839844
261152,normal,1037,0,1782361669.054536,0.0020520687103271484
261153,normal,502,0,1782361669.056489,0.0019528865814208984
261154,normal,1968,0,1782361669.0584161,0.0019271373748779297
261155,normal,3408,0,1782361669.0604959,0.0020797252655029297
261156,normal,1629,0,1782361669.0625021,0.0020062923431396484
261157,normal,2495,0,1782361669.0644217,0.0019195079803466797
261158,normal,2083,0,1782361669.0665474,0.0021257400512695312
261159,normal,1640,0,1782361669.0685604,0.002012968063354492
261160,normal,1133,0,1782361669.0704646,0.0019042491912841797
261161,normal,3433,0,1782361669.0724857,0.0020210742950439453
261162,normal,2330,0,1782361669.0745316,0.002045869827270508
261163,normal,1339,1,1782361669.076447,0.0019154548645019531
261164,normal,2649,0,1782361669.078479,0.002032041549682617
261165,normal,965,2,1782361669.0804985,0.0020194053649902344
261166,normal,478,0,1782361669.0824122,0.0019137859344482422
261167,normal,1119,0,1782361669.0845048,0.002092599868774414
261168,normal,3163,1,1782361669.0876477,0.003142833709716797
261169,normal,2506,0,1782361669.0884993,0.0008516311645507812
261170,normal,402,0,1782361669.0904825,0.001983165740966797
261171,normal,1897,0,1782361669.092559,0.0020766258239746094
261172,normal,3601,0,1782361669.0944636,0.0019044876098632812
261173,normal,330,0,1782361669.0965736,0.002110004425048828
261174,normal,313,0,1782361669.098485,0.0019114017486572266
261175,normal,3578,0,1782361669.100482,0.0019969940185546875
261176,normal,1202,0,1782361669.102617,0.002135038375854492
261177,normal,2259,0,1782361669.1045184,0.001901388168334961
261178,normal,2054,0,1782361669.1064105,0.00189208984375
261179,normal,2717,0,1782361669.1084418,0.0020313262939453125
261180,normal,1749,0,1782361669.1104617,0.0020198822021484375
261181,normal,579,0,1782361669.112553,0.0020911693572998047
261182,normal,2867,0,1782361669.1143224,0.0017695426940917969
261183,normal,3612,0,1782361669.1165211,0.0021986961364746094
261184,normal,3468,0,1782361669.118393,0.0018718242645263672
261185,normal,644,0,1782361669.120522,0.002129077911376953
261186,normal,1210,0,1782361669.1230378,0.0025157928466796875
261187,normal,1720,0,1782361669.124544,0.0015060901641845703
261188,normal,216,0,1782361669.1263661,0.0018222332000732422
261189,normal,2104,0,1782361669.1285121,0.002146005630493164
261190,normal,3304,1,1782361669.130425,0.001912832260131836
261191,normal,1567,0,1782361669.1324897,0.0020647048950195312
261192,normal,704,0,1782361669.1345482,0.0020585060119628906
261193,normal,3374,1,1782361669.1364784,0.00193023681640625
261194,normal,1679,0,1782361669.1384366,0.001958131790161133
261195,normal,1799,0,1782361669.1404972,0.0020606517791748047
261196,normal,2789,0,1782361669.142399,0.001901865005493164
261197,normal,1725,0,1782361669.144516,0.0021169185638427734
261198,normal,639,0,1782361669.1465669,0.0020508766174316406
261199,normal,1746,0,1782361669.1484556,0.0018887519836425781
261200,normal,1226,0,1782361669.150505,0.0020494461059570312
261201,normal,1256,0,1782361669.152535,0.002029895782470703
261202,normal,99,0,1782361669.15461,0.0020749568939208984
261203,normal,1608,0,1782361669.1570253,0.0024154186248779297
261204,normal,2243,0,1782361669.1583757,0.00135040283203125
261205,normal,50,0,1782361669.1605146,0.002138853073120117
261206,normal,1609,0,1782361669.1624126,0.001898050308227539
261207,normal,339,0,1782361669.164536,0.0021233558654785156
261208,normal,1002,2,1782361669.166472,0.0019359588623046875
261209,normal,3040,0,1782361669.1685462,0.0020742416381835938
261210,normal,2684,0,1782361669.1706386,0.0020923614501953125
261211,normal,977,2,1782361669.1723356,0.0016970634460449219
261212,normal,1788,0,1782361669.174796,0.002460479736328125
261213,normal,1613,0,1782361669.1765952,0.0017991065979003906
261214,normal,2887,0,1782361669.1783352,0.0017399787902832031
261215,normal,3429,0,1782361669.1805127,0.0021774768829345703
261216,normal,2482,0,1782361669.18252,0.0020072460174560547
261217,normal,2375,0,1782361669.1844003,0.0018804073333740234
261218,normal,1154,0,1782361669.186559,0.002158641815185547
261219,normal,2993,0,1782361669.1885395,0.0019805431365966797
261220,normal,2212,0,1782361669.1904204,0.0018808841705322266
261221,normal,1254,0,1782361669.1924396,0.002019166946411133
261222,normal,2289,0,1782361669.1945596,0.0021200180053710938
261223,normal,1816,0,1782361669.1964595,0.0018999576568603516
261224,normal,1409,0,1782361669.198483,0.002023458480834961
261225,normal,728,0,1782361669.2005308,0.0020477771759033203
261226,normal,97,0,1782361669.202558,0.002027273178100586
261227,normal,5,0,1782361669.2043917,0.0018336772918701172
261228,normal,1291,0,1782361669.206552,0.002160310745239258
261229,normal,3548,0,1782361669.2083442,0.0017921924591064453
261230,normal,3044,0,1782361669.2105358,0.0021915435791015625
261231,normal,2670,0,1782361669.212537,0.0020012855529785156
261232,normal,2676,0,1782361669.2144434,0.0019063949584960938
261233,normal,2529,0,1782361669.2165425,0.0020990371704101562
261234,normal,2924,0,1782361669.2185662,0.0020236968994140625
261235,normal,912,2,1782361669.2204983,0.0019321441650390625
261236,normal,1432,0,1782361669.2224588,0.0019605159759521484
261237,normal,3279,1,1782361669.2243884,0.0019295215606689453
261238,normal,359,0,1782361669.2263741,0.001985788345336914
261239,normal,1680,0,1782361669.2285233,0.0021491050720214844
261240,normal,2072,0,1782361669.230577,0.0020537376403808594
261241,normal,434,0,1782361669.232436,0.0018589496612548828
261242,normal,2976,0,1782361669.2345645,0.00212860107421875
261243,normal,1164,0,1782361669.2365885,0.002023935317993164
261244,normal,491,0,1782361669.2384806,0.00189208984375
261245,normal,1530,0,1782361669.2405977,0.002117156982421875
261246,normal,1951,0,1782361669.242427,0.001829385757446289
261247,normal,1288,0,1782361669.2445745,0.0021474361419677734
261248,normal,2151,0,1782361669.2463713,0.001796722412109375
261249,normal,1733,0,1782361669.2485776,0.0022063255310058594
261250,normal,1446,0,1782361669.250412,0.0018343925476074219
261251,normal,796,2,1782361669.2525527,0.0021407604217529297
261252,normal,3508,0,1782361669.2545104,0.0019576549530029297
261253,normal,40,0,1782361669.256337,0.0018265247344970703
261254,normal,1225,0,1782361669.2586524,0.002315521240234375
261255,normal,2353,0,1782361669.260522,0.0018694400787353516
261256,normal,1985,0,1782361669.2625124,0.0019905567169189453
261257,normal,2074,0,1782361669.2644968,0.0019843578338623047
261258,normal,2836,0,1782361669.2666955,0.0021986961364746094
261259,normal,370,0,1782361669.2684069,0.0017113685607910156
261260,normal,791,2,1782361669.270508,0.0021011829376220703
261261,normal,179,0,1782361669.2725904,0.002082347869873047
261262,normal,2575,0,1782361669.2744353,0.0018448829650878906
261263,normal,82,0,1782361669.2764416,0.0020062923431396484
261264,normal,1606,0,1782361669.2784984,0.0020568370819091797
261265,normal,3148,1,1782361669.2803679,0.0018694400787353516
261266,normal,726,0,1782361669.2826247,0.0022568702697753906
261267,normal,3011,0,1782361669.2843273,0.0017025470733642578
261268,normal,2671,0,1782361669.2864842,0.002156972885131836
261269,normal,3023,0,1782361669.288366,0.0018818378448486328
261270,normal,1532,0,1782361669.290472,0.0021059513092041016
261271,normal,109,0,1782361669.2925262,0.0020542144775390625
261272,normal,2087,0,1782361669.294712,0.002185821533203125
261273,normal,1919,0,1782361669.296504,0.0017919540405273438
261274,normal,3042,0,1782361669.298332,0.0018279552459716797
261275,normal,2419,0,1782361669.3004303,0.0020983219146728516
261276,normal,3624,0,1782361669.3024223,0.0019919872283935547
261277,normal,2922,0,1782361669.3043225,0.0019001960754394531
261278,normal,430,0,1782361669.3065517,0.0022292137145996094
261279,normal,2689,0,1782361669.308409,0.0018572807312011719
261280,normal,1683,0,1782361669.3103075,0.0018985271453857422
261281,normal,2808,0,1782361669.312429,0.002121448516845703
261282,normal,3646,0,1782361669.3144188,0.0019898414611816406
261283,normal,323,0,1782361669.3163402,0.0019214153289794922
261284,normal,1077,0,1782361669.3186522,0.0023119449615478516
261285,normal,1167,0,1782361669.3205934,0.0019412040710449219
261286,normal,682,0,1782361669.3224373,0.0018439292907714844
261287,normal,578,0,1782361669.3244069,0.001969575881958008
261288,normal,1351,1,1782361669.3265276,0.0021207332611083984
261289,normal,586,0,1782361669.3284092,0.0018815994262695312
261290,normal,183,0,1782361669.3304608,0.0020515918731689453
261291,normal,1570,0,1782361669.332605,0.0021440982818603516
261292,normal,1804,0,1782361669.3344944,0.0018894672393798828
261293,normal,3381,1,1782361669.3364024,0.0019080638885498047
261294,normal,3552,0,1782361669.3384252,0.0020227432250976562
261295,normal,367,0,1782361669.340453,0.002027750015258789
261296,normal,3569,0,1782361669.3425336,0.002080678939819336
261297,normal,2315,0,1782361669.3444,0.0018663406372070312
261298,normal,193,0,1782361669.3462996,0.00189971923828125
261299,normal,2369,0,1782361669.348448,0.0021483898162841797
261300,normal,1637,0,1782361669.3505423,0.002094268798828125
261301,normal,997,2,1782361669.352493,0.0019507408142089844
261302,normal,2525,0,1782361669.3544044,0.0019114017486572266
261303,normal,2050,0,1782361669.3564413,0.0020368099212646484
261304,normal,59,0,1782361669.3583562,0.00191497802734375
261305,normal,3122,1,1782361669.3605657,0.0022094249725341797
261306,normal,2121,0,1782361669.3625402,0.0019745826721191406
261307,normal,2982,0,1782361669.3644934,0.001953125
261308,normal,1441,0,1782361669.3665109,0.002017498016357422
261309,normal,754,0,1782361669.368478,0.001967191696166992
261310,normal,2231,0,1782361669.3704326,0.0019545555114746094
261311,normal,256,0,1782361669.3724854,0.002052783966064453
261312,normal,905,2,1782361669.3745584,0.002073049545288086
261313,normal,2418,0,1782361669.3764098,0.0018513202667236328
261314,normal,1636,0,1782361669.378538,0.002128124237060547
261315,normal,2204,0,1782361669.3805437,0.0020058155059814453
261316,normal,479,0,1782361669.3823524,0.0018086433410644531
261317,normal,737,0,1782361669.3845227,0.0021703243255615234
261318,normal,3600,0,1782361669.3864472,0.0019245147705078125
261319,normal,1281,0,1782361669.388503,0.0020558834075927734
261320,normal,134,0,1782361669.3905294,0.0020263195037841797
261321,normal,3266,1,1782361669.3925295,0.002000093460083008
261322,normal,396,0,1782361669.3944297,0.0019001960754394531
261323,normal,2018,0,1782361669.3965364,0.0021066665649414062
261324,normal,1577,0,1782361669.3985565,0.002020120620727539
261325,normal,1293,0,1782361669.4004276,0.0018711090087890625
261326,normal,1597,0,1782361669.4025571,0.0021295547485351562
261327,normal,3280,1,1782361669.4045691,0.002012014389038086
261328,normal,724,0,1782361669.4064837,0.0019145011901855469
261329,normal,1301,0,1782361669.4084895,0.0020058155059814453
261330,normal,1654,0,1782361669.4105644,0.0020749568939208984
261331,normal,390,0,1782361669.4124496,0.0018851757049560547
261332,normal,2316,0,1782361669.4143572,0.0019075870513916016
261333,normal,2230,0,1782361669.4165916,0.0022344589233398438
261334,normal,3615,0,1782361669.4184322,0.0018405914306640625
261335,normal,1887,0,1782361669.4205592,0.002126932144165039
261336,normal,3072,1,1782361669.4225535,0.0019943714141845703
261337,normal,456,0,1782361669.4246447,0.0020911693572998047
261338,normal,2951,0,1782361669.4263961,0.0017514228820800781
261339,normal,1024,2,1782361669.4285898,0.0021936893463134766
261340,normal,3329,1,1782361669.4305396,0.0019497871398925781
261341,normal,3108,1,1782361669.4326248,0.0020852088928222656
261342,normal,1356,1,1782361669.4345682,0.001943349838256836
261343,normal,3377,1,1782361669.4365015,0.0019333362579345703
261344,normal,2265,0,1782361669.4386578,0.0021562576293945312
261345,normal,2298,0,1782361669.4404807,0.0018229484558105469
261346,normal,3120,1,1782361669.442426,0.0019452571868896484
261347,normal,2239,0,1782361669.4444256,0.0019996166229248047
261348,normal,1803,0,1782361669.446539,0.00211334228515625
261349,normal,701,0,1782361669.448439,0.0018999576568603516
261350,normal,3540,0,1782361669.4505785,0.002139568328857422
261351,normal,973,2,1782361669.452536,0.0019576549530029297
261352,normal,1512,0,1782361669.4544148,0.0018787384033203125
261353,normal,1489,0,1782361669.4565656,0.0021507740020751953
261354,normal,37,0,1782361669.458549,0.0019834041595458984
261355,normal,1466,0,1782361669.4612246,0.0026755332946777344
261356,normal,1033,0,1782361669.462608,0.0013835430145263672
261357,normal,3327,1,1782361669.4644744,0.0018663406372070312
261358,normal,3604,0,1782361669.4664295,0.0019550323486328125
261359,normal,1010,2,1782361669.4685342,0.0021047592163085938
261360,normal,3613,0,1782361669.4705656,0.0020313262939453125
261361,normal,3241,1,1782361669.4724936,0.001928091049194336
261362,normal,2544,0,1782361669.4747577,0.0022640228271484375
261363,normal,2023,0,1782361669.4763591,0.0016014575958251953
261364,normal,228,0,1782361669.478522,0.002162933349609375
261365,normal,3162,1,1782361669.4804335,0.0019114017486572266
261366,normal,2537,0,1782361669.4825592,0.0021257400512695312
261367,normal,218,0,1782361669.4844432,0.0018839836120605469
261368,normal,2374,0,1782361669.486867,0.0024237632751464844
261369,normal,32,0,1782361669.488538,0.0016710758209228516
261370,normal,1416,0,1782361669.490501,0.001962900161743164
261371,normal,3376,1,1782361669.4924831,0.0019822120666503906
261372,normal,125,0,1782361669.494617,0.0021338462829589844
261373,normal,3155,1,1782361669.4965,0.0018830299377441406
261374,normal,1974,0,1782361669.4985023,0.002002239227294922
261375,normal,3065,1,1782361669.500885,0.0023827552795410156
261376,normal,920,2,1782361669.5025203,0.0016353130340576172
261377,normal,3312,1,1782361669.5044754,0.0019550323486328125
261378,normal,3049,1,1782361669.5067358,0.002260446548461914
261379,normal,2254,0,1782361669.5089076,0.002171754837036133
261380,normal,855,2,1782361669.5104592,0.0015516281127929688
261381,normal,733,0,1782361669.51237,0.0019109249114990234
261382,normal,2577,0,1782361669.5145202,0.0021500587463378906
261383,normal,582,0,1782361669.5164354,0.0019152164459228516
261384,normal,1160,0,1782361669.518551,0.0021157264709472656
261385,normal,2559,0,1782361669.5203526,0.0018014907836914062
261386,normal,1265,0,1782361669.522534,0.0021812915802001953
261387,normal,425,0,1782361669.524546,0.002012014389038086
261388,normal,1699,0,1782361669.5264544,0.0019085407257080078
261389,normal,1539,0,1782361669.5285008,0.002046346664428711
261390,normal,2533,0,1782361669.5305781,0.002077341079711914
261391,normal,818,2,1782361669.532464,0.0018858909606933594
261392,normal,2944,0,1782361669.534423,0.001959085464477539
261393,normal,2902,0,1782361669.5365615,0.002138376235961914
261394,normal,3490,0,1782361669.538388,0.0018265247344970703
261395,normal,3671,0,1782361669.5405848,0.002196788787841797
261396,normal,3257,1,1782361669.5425155,0.0019307136535644531
261397,normal,938,2,1782361669.5444374,0.0019218921661376953
261398,normal,3431,0,1782361669.5465086,0.0020711421966552734
261399,normal,453,0,1782361669.548445,0.0019364356994628906
261400,normal,2883,0,1782361669.55042,0.0019750595092773438
261401,normal,940,2,1782361669.5525467,0.0021266937255859375
261402,normal,914,2,1782361669.5546312,0.002084493637084961
261403,normal,400,0,1782361669.5563915,0.001760244369506836
261404,normal,270,0,1782361669.5585365,0.002145051956176758
261405,normal,2396,0,1782361669.5605574,0.0020208358764648438
261406,normal,2124,0,1782361669.5624065,0.0018491744995117188
261407,normal,3426,0,1782361669.5645564,0.002149820327758789
261408,normal,3259,1,1782361669.5665572,0.0020008087158203125
261409,normal,1428,0,1782361669.568459,0.001901865005493164
261410,normal,1212,0,1782361669.5704877,0.0020287036895751953
261411,normal,3475,0,1782361669.572596,0.002108335494995117
261412,normal,3123,1,1782361669.5745118,0.0019156932830810547
261413,normal,945,2,1782361669.5766113,0.0020995140075683594
261414,normal,1439,0,1782361669.5785563,0.0019450187683105469
261415,normal,1618,0,1782361669.5804548,0.0018985271453857422
261416,normal,777,2,1782361669.5825593,0.002104520797729492
261417,normal,3557,0,1782361669.584556,0.001996755599975586
261418,normal,1602,0,1782361669.5864272,0.0018711090087890625
261419,normal,291,0,1782361669.5885553,0.002128124237060547
261420,normal,3107,1,1782361669.5905821,0.002026796340942383
261421,normal,3310,1,1782361669.5925372,0.0019550323486328125
261422,normal,1198,0,1782361669.5944932,0.0019559860229492188
261423,normal,1614,0,1782361669.596637,0.00214385986328125
261424,normal,1877,0,1782361669.5985415,0.0019044876098632812
261425,normal,392,0,1782361669.6005921,0.002050638198852539
261426,normal,436,0,1782361669.602544,0.0019519329071044922
261427,normal,1478,0,1782361669.604557,0.002012968063354492
261428,normal,176,0,1782361669.6066139,0.0020568370819091797
261429,normal,2157,0,1782361669.6083622,0.0017483234405517578
261430,normal,560,0,1782361669.6105216,0.0021593570709228516
261431,normal,2718,0,1782361669.6124246,0.0019030570983886719
261432,normal,556,0,1782361669.6145656,0.0021409988403320312
261433,normal,1866,0,1782361669.6165757,0.0020101070404052734
261434,normal,2031,0,1782361669.6184254,0.0018496513366699219
261435,normal,2040,0,1782361669.6205432,0.0021178722381591797
261436,normal,2897,0,1782361669.622423,0.0018796920776367188
261437,normal,326,0,1782361669.6245422,0.002119302749633789
261438,normal,2340,0,1782361669.6267455,0.002203226089477539
261439,normal,3472,0,1782361669.6287212,0.0019757747650146484
261440,normal,406,0,1782361669.6304746,0.0017533302307128906
261441,normal,933,2,1782361669.6325412,0.0020666122436523438
261442,normal,2602,0,1782361669.6344283,0.0018870830535888672
261443,normal,1008,2,1782361669.6365356,0.002107381820678711
261444,normal,1522,0,1782361669.6385572,0.0020215511322021484
261445,normal,1287,0,1782361669.6405632,0.002006053924560547
261446,normal,1314,0,1782361669.6424475,0.0018842220306396484
261447,normal,222,0,1782361669.644504,0.002056598663330078
261448,normal,1728,0,1782361669.6464334,0.0019292831420898438
261449,normal,3577,0,1782361669.6485395,0.002106189727783203
261450,normal,2900,0,1782361669.6505651,0.002025604248046875
261451,normal,3033,0,1782361669.6524763,0.001911163330078125
261452,normal,846,2,1782361669.6545644,0.0020880699157714844
261453,normal,1459,0,1782361669.65656,0.001995563507080078
261454,normal,1550,0,1782361669.6584299,0.0018699169158935547
261455,normal,2926,0,1782361669.6609416,0.002511739730834961
261456,normal,3334,1,1782361669.6630242,0.0020825862884521484
261457,normal,528,0,1782361669.6643212,0.0012969970703125
261458,normal,2161,0,1782361669.6664348,0.0021135807037353516
261459,normal,3,0,1782361669.6684115,0.0019767284393310547
261460,normal,85,0,1782361669.6703792,0.0019676685333251953
261461,normal,1556,0,1782361669.672471,0.0020918846130371094
261462,normal,422,0,1782361669.6744773,0.0020062923431396484
261463,normal,3648,0,1782361669.6765356,0.002058267593383789
261464,normal,2516,0,1782361669.6783636,0.0018279552459716797
261465,normal,232,0,1782361669.6806927,0.002329111099243164
261466,normal,3043,0,1782361669.6825562,0.0018634796142578125
261467,normal,3701,0,1782361669.6844616,0.0019054412841796875
261468,normal,1610,0,1782361669.6865182,0.002056598663330078
261469,normal,2422,0,1782361669.689137,0.0026187896728515625
261470,normal,3255,1,1782361669.690329,0.0011920928955078125
261471,normal,2086,0,1782361669.6924224,0.0020933151245117188
261472,normal,3203,1,1782361669.694454,0.002031564712524414
261473,normal,2371,0,1782361669.6963177,0.001863718032836914
261474,normal,3079,1,1782361669.6984417,0.0021240711212158203
261475,normal,2994,0,1782361669.7004366,0.0019948482513427734
261476,normal,226,0,1782361669.702476,0.0020394325256347656
261477,normal,3697,0,1782361669.7045634,0.0020873546600341797
261478,normal,1774,0,1782361669.706453,0.0018897056579589844
261479,normal,3024,0,1782361669.7084332,0.0019800662994384766
261480,normal,547,0,1782361669.7103333,0.0019001960754394531
261481,normal,2878,0,1782361669.7124531,0.002119779586791992
261482,normal,348,0,1782361669.7144432,0.001990079879760742
261483,normal,1519,0,1782361669.716578,0.0021347999572753906
261484,normal,2361,0,1782361669.7182934,0.0017154216766357422
261485,normal,2357,0,1782361669.7204895,0.002196073532104492
261486,normal,104,0,1782361669.722429,0.001939535140991211
261487,normal,2930,0,1782361669.7244806,0.0020515918731689453
261488,normal,3418,0,1782361669.7263236,0.0018429756164550781
261489,normal,713,0,1782361669.7285767,0.0022530555725097656
261490,normal,1390,0,1782361669.730477,0.0019004344940185547
261491,normal,2480,0,1782361669.7324607,0.001983642578125
261492,normal,1107,0,1782361669.7344515,0.001990795135498047
261493,normal,2733,0,1782361669.736582,0.0021305084228515625
261494,normal,2012,0,1782361669.738451,0.0018689632415771484
261495,normal,57,0,1782361669.7405522,0.0021011829376220703
261496,normal,117,0,1782361669.7424488,0.0018966197967529297
261497,normal,3350,1,1782361669.7445953,0.002146482467651367
261498,normal,1251,0,1782361669.7466147,0.0020194053649902344
261499,normal,467,0,1782361669.7484248,0.0018100738525390625
261500,normal,2279,0,1782361669.7505383,0.0021135807037353516
261501,normal,2174,0,1782361669.7524903,0.0019519329071044922
261502,normal,473,0,1782361669.7544594,0.0019690990447998047
261503,normal,377,0,1782361669.7564619,0.0020024776458740234
261504,normal,1393,0,1782361669.7585778,0.002115964889526367
261505,normal,1687,0,1782361669.76044,0.0018622875213623047
261506,normal,2027,0,1782361669.7625377,0.002097606658935547
261507,normal,1323,1,1782361669.76454,0.002002239227294922
261508,normal,1038,0,1782361669.7667162,0.0021762847900390625
261509,normal,1750,0,1782361669.7684085,0.0016922950744628906
261510,normal,248,0,1782361669.7706175,0.0022089481353759766
261511,normal,142,0,1782361669.77241,0.0017924308776855469
261512,normal,949,2,1782361669.7746553,0.0022454261779785156
261513,normal,435,0,1782361669.7764254,0.00177001953125
261514,normal,1213,0,1782361669.7784479,0.0020225048065185547
261515,normal,485,0,1782361669.7805438,0.002095937728881836
261516,normal,1548,0,1782361669.7824526,0.0019087791442871094
261517,normal,475,0,1782361669.7843578,0.001905202865600586
261518,normal,1074,0,1782361669.7864316,0.0020737648010253906
261519,normal,3138,1,1782361669.788429,0.0019974708557128906
261520,normal,2552,0,1782361669.7904007,0.001971721649169922
261521,normal,1718,0,1782361669.792469,0.0020682811737060547
261522,normal,3544,0,1782361669.7944274,0.0019583702087402344
261523,normal,3302,1,1782361669.796442,0.002014636993408203
261524,normal,1370,1,1782361669.7982805,0.0018384456634521484
261525,normal,952,2,1782361669.800563,0.0022826194763183594
261526,normal,2817,0,1782361669.803238,0.0026748180389404297
261527,normal,191,0,1782361669.8045237,0.0012857913970947266
261528,normal,2685,0,1782361669.8063514,0.0018277168273925781
261529,normal,1822,0,1782361669.8084445,0.002093076705932617
261530,normal,742,0,1782361669.8104095,0.001965045928955078
261531,normal,1690,0,1782361669.8124526,0.002043008804321289
261532,normal,1849,0,1782361669.8144581,0.0020055770874023438
261533,normal,2828,0,1782361669.8165016,0.002043485641479492
261534,normal,3127,1,1782361669.8183634,0.0018618106842041016
261535,normal,119,0,1782361669.820432,0.0020685195922851562
261536,normal,441,0,1782361669.822431,0.0019991397857666016
261537,normal,3496,0,1782361669.8244472,0.0020160675048828125
261538,normal,3093,1,1782361669.826395,0.0019478797912597656
261539,normal,1264,0,1782361669.8284771,0.0020821094512939453
261540,normal,1665,0,1782361669.8305676,0.0020904541015625
261541,normal,1470,0,1782361669.8323524,0.0017848014831542969
261542,normal,3586,0,1782361669.8344488,0.002096414566040039
261543,normal,2407,0,1782361669.8364832,0.002034425735473633
261544,normal,2881,0,1782361669.8384469,0.0019636154174804688
261545,normal,877,2,1782361669.8403177,0.001870870590209961
261546,normal,1863,0,1782361669.842708,0.0023903846740722656
261547,normal,2508,0,1782361669.8443966,0.0016884803771972656
261548,normal,2181,0,1782361669.846481,0.002084493637084961
261549,normal,2927,0,1782361669.8486373,0.0021562576293945312
261550,normal,486,0,1782361669.8507938,0.002156496047973633
261551,normal,2546,0,1782361669.8523462,0.0015523433685302734
261552,normal,928,2,1782361669.8544536,0.002107381820678711
261553,normal,572,0,1782361669.8563263,0.0018727779388427734
261554,normal,3208,1,1782361669.8584232,0.002096891403198242
261555,normal,1717,0,1782361669.8604283,0.0020051002502441406
261556,normal,1703,0,1782361669.8624523,0.002023935317993164
261557,normal,3159,1,1782361669.8644154,0.0019631385803222656
261558,normal,2673,0,1782361669.8663435,0.001928091049194336
261559,normal,1963,0,1782361669.8684528,0.0021092891693115234
261560,normal,2063,0,1782361669.8704503,0.0019974708557128906
261561,normal,255,0,1782361669.872481,0.0020308494567871094
261562,normal,2342,0,1782361669.874441,0.0019598007202148438
261563,normal,1361,1,1782361669.876328,0.0018870830535888672
261564,normal,1114,0,1782361669.8785007,0.002172708511352539
261565,normal,3098,1,1782361669.8803496,0.0018489360809326172
261566,normal,3134,1,1782361669.8825188,0.0021691322326660156
261567,normal,2615,0,1782361669.8844771,0.0019583702087402344
261568,normal,1173,0,1782361669.8865018,0.0020246505737304688
261569,normal,3066,1,1782361669.888499,0.001997232437133789
261570,normal,1981,0,1782361669.8905663,0.0020673274993896484
261571,normal,2725,0,1782361669.8924913,0.0019249916076660156
261572,normal,2519,0,1782361669.8944116,0.0019202232360839844
261573,normal,2830,0,1782361669.896613,0.0022013187408447266
261574,normal,2957,0,1782361669.8984218,0.0018088817596435547
261575,normal,3038,0,1782361669.9004462,0.002024412155151367
261576,normal,2167,0,1782361669.9027095,0.002263307571411133
261577,normal,2111,0,1782361669.9044478,0.0017383098602294922
261578,normal,3330,1,1782361669.9064527,0.002004861831665039
261579,normal,2060,0,1782361669.908548,0.002095460891723633
261580,normal,3311,1,1782361669.9104633,0.0019152164459228516
261581,normal,2504,0,1782361669.9125016,0.002038240432739258
261582,normal,383,0,1782361669.914606,0.002104520797729492
261583,normal,2059,0,1782361669.9164772,0.0018711090087890625
261584,normal,2473,0,1782361669.9185083,0.002031087875366211
261585,normal,725,0,1782361669.9205134,0.0020051002502441406
261586,normal,2762,0,1782361669.9224656,0.0019521713256835938
261587,normal,939,2,1782361669.9244864,0.0020208358764648438
261588,normal,1490,0,1782361669.9265535,0.002067089080810547
261589,normal,2827,0,1782361669.9284403,0.0018868446350097656
261590,normal,793,2,1782361669.9304504,0.0020101070404052734
261591,normal,90,0,1782361669.9325514,0.0021009445190429688
261592,normal,3474,0,1782361669.934693,0.002141714096069336
261593,normal,3169,1,1782361669.9364398,0.0017466545104980469
261594,normal,1309,0,1782361669.9386258,0.0021860599517822266
261595,normal,1755,0,1782361669.940444,0.0018181800842285156
261596,normal,2193,0,1782361669.942616,0.0021719932556152344
261597,normal,2674,0,1782361669.9445076,0.0018916130065917969
261598,normal,22,0,1782361669.9464765,0.001968860626220703
261599,normal,1542,0,1782361669.9485414,0.002064943313598633
261600,normal,1087,0,1782361669.9505641,0.0020227432250976562
261601,normal,1770,0,1782361669.9523373,0.0017731189727783203
261602,normal,3590,0,1782361669.9545305,0.0021932125091552734
261603,normal,341,0,1782361669.956434,0.001903533935546875
261604,normal,202,0,1782361669.9584498,0.002015829086303711
261605,normal,3524,0,1782361669.9603646,0.0019147396087646484
261606,normal,2561,0,1782361669.9624655,0.0021009445190429688
261607,normal,2461,0,1782361669.9643323,0.0018668174743652344
261608,normal,144,0,1782361669.9665377,0.002205371856689453
261609,normal,2402,0,1782361669.9684331,0.0018954277038574219
261610,normal,3687,0,1782361669.971038,0.002604961395263672
261611,normal,3492,0,1782361669.9724731,0.0014350414276123047
261612,normal,414,0,1782361669.9744594,0.001986265182495117
261613,normal,132,0,1782361669.9763448,0.0018854141235351562
261614,normal,1581,0,1782361669.978546,0.002201080322265625
261615,normal,307,0,1782361669.980464,0.0019180774688720703
261616,normal,2425,0,1782361669.9824595,0.001995563507080078
261617,normal,1598,0,1782361669.9844987,0.002039194107055664
261618,normal,2202,0,1782361669.986449,0.0019502639770507812
261619,normal,2236,0,1782361669.9883447,0.0018956661224365234
261620,normal,2163,0,1782361669.9904497,0.0021049976348876953
261621,normal,1842,0,1782361669.9924967,0.0020470619201660156
261622,normal,1751,0,1782361669.99437,0.0018732547760009766
261623,normal,688,0,1782361669.9966245,0.002254486083984375
261624,normal,773,2,1782361669.9986224,0.0019979476928710938
261625,normal,2456,0,1782361670.0004675,0.0018451213836669922
261626,normal,354,0,1782361670.0024402,0.001972675323486328
261627,normal,56,0,1782361670.0046022,0.0021619796752929688
261628,normal,2310,0,1782361670.0064366,0.0018343925476074219
261629,normal,150,0,1782361670.0083778,0.0019412040710449219
261630,normal,115,0,1782361670.0108058,0.0024280548095703125
261631,normal,896,2,1782361670.0124958,0.001689910888671875
261632,normal,522,0,1782361670.0143926,0.0018968582153320312
261633,normal,555,0,1782361670.0166345,0.002241849899291992
261634,normal,3232,1,1782361670.018693,0.0020585060119628906
261635,normal,1582,0,1782361670.0203636,0.0016705989837646484
261636,normal,1964,0,1782361670.022405,0.002041339874267578
261637,normal,827,2,1782361670.0243282,0.0019233226776123047
261638,normal,2070,0,1782361670.0265415,0.0022132396697998047
261639,normal,534,0,1782361670.0284286,0.0018870830535888672
261640,normal,759,0,1782361670.030352,0.0019235610961914062
261641,normal,1214,0,1782361670.0324132,0.002061128616333008
261642,normal,3308,1,1782361670.034493,0.0020797252655029297
261643,normal,302,0,1782361670.036427,0.001934051513671875
261644,normal,1228,0,1782361670.038547,0.0021200180053710938
261645,normal,1253,0,1782361670.0405579,0.002010822296142578
261646,normal,2592,0,1782361670.0423274,0.0017695426940917969
261647,normal,1990,0,1782361670.0446036,0.002276182174682617
261648,normal,1938,0,1782361670.0464482,0.001844644546508789
261649,normal,1222,0,1782361670.0484715,0.0020232200622558594
261650,normal,1565,0,1782361670.0504558,0.0019843578338623047
261651,normal,325,0,1782361670.052394,0.0019381046295166016
261652,normal,2724,0,1782361670.0544028,0.0020089149475097656
261653,normal,1098,0,1782361670.0564964,0.0020935535430908203
261654,normal,1979,0,1782361670.0584638,0.0019674301147460938
261655,normal,1784,0,1782361670.060401,0.0019371509552001953
261656,normal,1700,0,1782361670.0625746,0.0021736621856689453
261657,normal,717,0,1782361670.06459,0.002015352249145508
261658,normal,783,2,1782361670.0663545,0.001764535903930664
261659,normal,2213,0,1782361670.0685344,0.002179861068725586
261660,normal,1947,0,1782361670.0704548,0.001920461654663086
261661,normal,1625,0,1782361670.0723474,0.0018925666809082031
261662,normal,3173,1,1782361670.0744498,0.002102375030517578
261663,normal,3041,0,1782361670.0764973,0.0020475387573242188
261664,normal,2960,0,1782361670.078426,0.001928567886352539
261665,normal,3067,1,1782361670.080535,0.002109050750732422
261666,normal,411,0,1782361670.0825727,0.0020377635955810547
261667,normal,112,0,1782361670.0844326,0.001859903335571289
261668,normal,500,0,1782361670.0865138,0.002081155776977539
261669,normal,1190,0,1782361670.088487,0.0019731521606445312
261670,normal,1841,0,1782361670.0903854,0.0018985271453857422
261671,normal,816,2,1782361670.092464,0.002078533172607422
261672,normal,1159,0,1782361670.0944762,0.0020122528076171875
261673,normal,378,0,1782361670.0963385,0.0018622875213623047
261674,normal,538,0,1782361670.0985365,0.0021979808807373047
261675,normal,1108,0,1782361670.1007707,0.002234220504760742
261676,normal,1971,0,1782361670.1024005,0.0016298294067382812
261677,normal,3270,1,1782361670.1046076,0.002207040786743164
261678,normal,2898,0,1782361670.1066334,0.0020258426666259766
261679,normal,470,0,1782361670.1088278,0.0021944046020507812
261680,normal,2745,0,1782361670.110467,0.0016391277313232422
261681,normal,2376,0,1782361670.1126158,0.002148866653442383
261682,normal,1360,1,1782361670.1145256,0.0019097328186035156
261683,normal,2497,0,1782361670.1164963,0.0019707679748535156
261684,normal,1930,0,1782361670.1184106,0.0019142627716064453
261685,normal,2228,0,1782361670.1203353,0.001924753189086914
261686,normal,2108,0,1782361670.1225364,0.002201080322265625
261687,normal,1633,0,1782361670.1247025,0.0021660327911376953
261688,normal,3059,1,1782361670.1263502,0.0016477108001708984
261689,normal,1157,0,1782361670.1285198,0.0021696090698242188
261690,normal,1533,0,1782361670.1304185,0.0018987655639648438
261691,normal,2401,0,1782361670.1323252,0.0019066333770751953
261692,normal,2100,0,1782361670.1345527,0.0022275447845458984
261693,normal,15,0,1782361670.1371067,0.0025539398193359375
261694,normal,3695,0,1782361670.1385534,0.0014467239379882812
261695,normal,2967,0,1782361670.14035,0.001796722412109375
261696,normal,1773,0,1782361670.1424706,0.002120494842529297
261697,normal,3060,1,1782361670.144363,0.0018923282623291016
261698,normal,3102,1,1782361670.1465523,0.0021893978118896484
261699,normal,782,2,1782361670.148533,0.0019807815551757812
261700,normal,1187,0,1782361670.1505625,0.0020294189453125
261701,normal,850,2,1782361670.1523623,0.0017998218536376953
261702,normal,1898,0,1782361670.154546,0.002183675765991211
261703,normal,3665,0,1782361670.1563654,0.0018193721771240234
261704,normal,2245,0,1782361670.1585572,0.002191781997680664
261705,normal,201,0,1782361670.1604803,0.0019230842590332031
261706,normal,3306,1,1782361670.1624138,0.0019335746765136719
261707,normal,753,0,1782361670.1645691,0.002155303955078125
261708,normal,3239,1,1782361670.1664526,0.0018835067749023438
261709,normal,521,0,1782361670.1683497,0.0018970966339111328
261710,normal,1835,0,1782361670.1710505,0.0027008056640625
261711,normal,244,0,1782361670.1729546,0.0019040107727050781
261712,normal,2415,0,1782361670.1743457,0.0013911724090576172
261713,normal,2052,0,1782361670.1764307,0.002084970474243164
261714,normal,3016,0,1782361670.1784546,0.002023935317993164
261715,normal,3383,1,1782361670.1803896,0.0019350051879882812
261716,normal,2437,0,1782361670.1826103,0.002220630645751953
261717,normal,1631,0,1782361670.1845121,0.001901865005493164
261718,normal,156,0,1782361670.1865697,0.0020575523376464844
261719,normal,3080,1,1782361670.188447,0.0018773078918457031
261720,normal,3427,0,1782361670.1908302,0.0023832321166992188
261721,normal,2610,0,1782361670.1928015,0.0019712448120117188
261722,normal,2772,0,1782361670.1943998,0.001598358154296875
261723,normal,2294,0,1782361670.1963367,0.0019369125366210938
261724,normal,2612,0,1782361670.1984313,0.0020945072174072266
261725,normal,514,0,1782361670.2003915,0.001960277557373047
261726,normal,2888,0,1782361670.2024581,0.0020666122436523438
261727,normal,1543,0,1782361670.2043324,0.0018742084503173828
261728,normal,584,0,1782361670.2064672,0.0021347999572753906
261729,normal,2349,0,1782361670.2083702,0.0019030570983886719
261730,normal,509,0,1782361670.210348,0.001977682113647461
261731,normal,2210,0,1782361670.212445,0.0020971298217773438
261732,normal,3643,0,1782361670.2145114,0.002066373825073242
261733,normal,668,0,1782361670.216365,0.0018537044525146484
261734,normal,2347,0,1782361670.2184756,0.0021104812622070312
261735,normal,1856,0,1782361670.2204437,0.0019681453704833984
261736,normal,2736,0,1782361670.2224002,0.001956462860107422
261737,normal,257,0,1782361670.2245677,0.0021674633026123047
261738,normal,2962,0,1782361670.2263925,0.0018248558044433594
261739,normal,438,0,1782361670.2283297,0.0019371509552001953
261740,normal,2557,0,1782361670.230484,0.0021543502807617188
261741,normal,2165,0,1782361670.232388,0.0019040107727050781
261742,normal,953,2,1782361670.2343352,0.001947164535522461
261743,normal,2677,0,1782361670.2364106,0.0020754337310791016
261744,normal,1263,0,1782361670.2385898,0.0021791458129882812
261745,normal,3459,0,1782361670.2403274,0.0017375946044921875
261746,normal,760,0,1782361670.2424753,0.0021479129791259766
261747,normal,3206,1,1782361670.2443502,0.0018749237060546875
261748,normal,2675,0,1782361670.2463117,0.0019614696502685547
261749,normal,3229,1,1782361670.2484906,0.0021789073944091797
261750,normal,71,0,1782361670.250449,0.0019583702087402344
261751,normal,2707,0,1782361670.2525074,0.0020585060119628906
261752,normal,1696,0,1782361670.2544763,0.001968860626220703
261753,normal,189,0,1782361670.2564876,0.0020112991333007812
261754,normal,2241,0,1782361670.2584233,0.001935720443725586
261755,normal,1713,0,1782361670.2606037,0.002180337905883789
261756,normal,645,0,1782361670.2624273,0.0018236637115478516
261757,normal,1353,1,1782361670.264362,0.0019347667694091797
261758,normal,3627,0,1782361670.2665591,0.0021970272064208984
261759,normal,887,2,1782361670.2684171,0.0018579959869384766
261760,normal,1872,0,1782361670.2703917,0.0019745826721191406
261761,normal,832,2,1782361670.2725565,0.0021648406982421875
261762,normal,428,0,1782361670.2744336,0.0018770694732666016
261763,normal,2913,0,1782361670.2764676,0.0020339488983154297
261764,normal,1604,0,1782361670.2784247,0.0019571781158447266
261765,normal,1923,0,1782361670.2805812,0.002156496047973633
261766,normal,2256,0,1782361670.2824712,0.001889944076538086
261767,normal,3675,0,1782361670.284628,0.0021567344665527344
261768,normal,3660,0,1782361670.2865584,0.0019304752349853516
261769,normal,1474,0,1782361670.2897084,0.0031499862670898438
261770,normal,892,2,1782361670.290459,0.0007505416870117188
261771,normal,3187,1,1782361670.2926006,0.002141714096069336
261772,normal,2735,0,1782361670.2944102,0.0018095970153808594
261773,normal,3478,0,1782361670.2964451,0.002034902572631836
261774,normal,2122,0,1782361670.298317,0.0018718242645263672
261775,normal,1057,0,1782361670.3004344,0.0021173954010009766
261776,normal,1296,0,1782361670.3025098,0.0020754337310791016
261777,normal,2297,0,1782361670.304306,0.0017962455749511719
261778,normal,3688,0,1782361670.3064094,0.0021033287048339844
261779,normal,3602,0,1782361670.3082993,0.001889944076538086
261780,normal,873,2,1782361670.3104215,0.002122163772583008
261781,normal,2392,0,1782361670.3125203,0.0020987987518310547
261782,normal,1991,0,1782361670.3148637,0.002343416213989258
261783,normal,1016,2,1782361670.3165042,0.0016405582427978516
261784,normal,2744,0,1782361670.318433,0.0019288063049316406
261785,normal,3705,0,1782361670.3205483,0.0021152496337890625
261786,normal,165,0,1782361670.3224797,0.0019314289093017578
261787,normal,3064,1,1782361670.3244398,0.0019600391387939453
261788,normal,1769,0,1782361670.326735,0.002295255661010742
261789,normal,3082,1,1782361670.3284092,0.0016741752624511719
261790,normal,2078,0,1782361670.3305156,0.0021064281463623047
261791,normal,2290,0,1782361670.3324327,0.001917123794555664
261792,normal,3541,0,1782361670.334577,0.002144336700439453
261793,normal,2625,0,1782361670.3364587,0.0018815994262695312
261794,normal,634,0,1782361670.3384514,0.0019927024841308594
261795,normal,2819,0,1782361670.340588,0.002136707305908203
261796,normal,3290,1,1782361670.342501,0.001912832260131836
261797,normal,2791,0,1782361670.3444827,0.0019817352294921875
261798,normal,1276,0,1782361670.3465626,0.0020799636840820312
261799,normal,1126,0,1782361670.3484874,0.001924753189086914
261800,normal,1049,0,1782361670.3503988,0.0019114017486572266
261801,normal,3048,1,1782361670.3523886,0.0019898414611816406
261802,normal,3303,1,1782361670.354705,0.0023164749145507812
261803,normal,138,0,1782361670.3564672,0.0017621517181396484
261804,normal,2116,0,1782361670.3585207,0.002053499221801758
261805,normal,2496,0,1782361670.3604941,0.001973390579223633
261806,normal,2039,0,1782361670.3628097,0.002315521240234375
261807,normal,2606,0,1782361670.364485,0.0016753673553466797
261808,normal,1566,0,1782361670.3663013,0.0018162727355957031
261809,normal,1294,0,1782361670.368546,0.002244710922241211
261810,normal,1020,2,1782361670.3704772,0.0019311904907226562
261811,normal,81,0,1782361670.3724473,0.001970052719116211
261812,normal,2858,0,1782361670.3743918,0.0019445419311523438
261813,normal,83,0,1782361670.3764477,0.0020558834075927734
261814,normal,1176,0,1782361670.3784208,0.0019731521606445312
261815,normal,2119,0,1782361670.38054,0.0021190643310546875
261816,normal,130,0,1782361670.382583,0.002043008804321289
261817,normal,775,2,1782361670.3844974,0.0019145011901855469
261818,normal,1833,0,1782361670.386587,0.0020895004272460938
261819,normal,379,0,1782361670.38849,0.0019030570983886719
261820,normal,2818,0,1782361670.390455,0.001965045928955078
261821,normal,2109,0,1782361670.392431,0.00197601318359375
261822,normal,1643,0,1782361670.3945282,0.0020971298217773438
261823,normal,3533,0,1782361670.3964558,0.0019276142120361328
261824,normal,3564,0,1782361670.3983133,0.0018575191497802734
261825,normal,1574,0,1782361670.4005418,0.0022284984588623047
261826,normal,2364,0,1782361670.4023578,0.0018160343170166016
261827,normal,1329,1,1782361670.4045496,0.002191781997680664
261828,normal,1027,2,1782361670.4065797,0.0020301342010498047
261829,normal,1382,0,1782361670.408462,0.001882314682006836
261830,normal,849,2,1782361670.410604,0.0021419525146484375
261831,normal,1472,0,1782361670.412575,0.001971006393432617
261832,normal,3525,0,1782361670.4144392,0.0018641948699951172
261833,normal,2097,0,1782361670.4165606,0.002121448516845703
261834,normal,3179,1,1782361670.4185588,0.0019981861114501953
261835,normal,376,0,1782361670.4204323,0.0018734931945800781
261836,normal,1054,0,1782361670.4225397,0.002107381820678711
261837,normal,762,0,1782361670.4245703,0.002030611038208008
261838,normal,1942,0,1782361670.4264789,0.0019085407257080078
261839,normal,1250,0,1782361670.428598,0.0021190643310546875
261840,normal,2296,0,1782361670.4306297,0.0020318031311035156
261841,normal,611,0,1782361670.432365,0.0017352104187011719
261842,normal,2032,0,1782361670.4344616,0.0020966529846191406
261843,normal,3007,0,1782361670.4366205,0.0021588802337646484
261844,normal,3658,0,1782361670.4383507,0.001730203628540039
261845,normal,281,0,1782361670.4405367,0.0021860599517822266
261846,normal,2989,0,1782361670.4425359,0.0019991397857666016
261847,normal,3268,1,1782361670.4444458,0.0019099712371826172
261848,normal,3469,0,1782361670.4467356,0.0022897720336914062
261849,normal,1741,0,1782361670.4484022,0.0016665458679199219
261850,normal,1142,0,1782361670.4506233,0.0022211074829101562
261851,normal,1649,0,1782361670.4525495,0.0019261837005615234
261852,normal,1371,1,1782361670.454849,0.0022995471954345703
261853,normal,3209,1,1782361670.4564054,0.001556396484375
261854,normal,1977,0,1782361670.458561,0.0021555423736572266
261855,normal,1882,0,1782361670.4606578,0.002096891403198242
261856,normal,2864,0,1782361670.462454,0.0017962455749511719
261857,normal,431,0,1782361670.46451,0.0020558834075927734
261858,normal,2258,0,1782361670.466551,0.0020411014556884766
261859,normal,33,0,1782361670.4684205,0.0018694400787353516
261860,normal,1035,0,1782361670.4705772,0.0021567344665527344
261861,normal,2984,0,1782361670.472593,0.002015829086303711
261862,normal,224,0,1782361670.4743285,0.0017354488372802734
261863,normal,2229,0,1782361670.4765441,0.0022156238555908203
261864,normal,1029,2,1782361670.4785469,0.002002716064453125
261865,normal,2389,0,1782361670.4804218,0.0018749237060546875
261866,normal,1511,0,1782361670.483129,0.002707242965698242
261867,normal,1373,1,1782361670.4846108,0.001481771469116211
261868,normal,670,0,1782361670.4863627,0.0017518997192382812
261869,normal,2207,0,1782361670.4885392,0.002176523208618164
261870,normal,3470,0,1782361670.490561,0.00202178955078125
261871,normal,3009,0,1782361670.4924479,0.0018868446350097656
261872,normal,2468,0,1782361670.4944937,0.002045869827270508
261873,normal,665,0,1782361670.4967299,0.0022361278533935547
261874,normal,1972,0,1782361670.4983401,0.0016102790832519531
261875,normal,642,0,1782361670.5005481,0.0022079944610595703
261876,normal,136,0,1782361670.502556,0.0020079612731933594
261877,normal,2280,0,1782361670.504438,0.0018818378448486328
261878,normal,2308,0,1782361670.5065396,0.0021016597747802734
261879,normal,1684,0,1782361670.5086582,0.0021185874938964844
261880,normal,1018,2,1782361670.5105217,0.0018634796142578125
261881,normal,567,0,1782361670.5125833,0.002061605453491211
261882,normal,335,0,1782361670.514579,0.0019958019256591797
261883,normal,2370,0,1782361670.5165122,0.0019330978393554688
261884,normal,1060,0,1782361670.5185027,0.0019905567169189453
261885,normal,2985,0,1782361670.5205252,0.0020225048065185547
261886,normal,879,2,1782361670.5228345,0.0023093223571777344
261887,normal,1762,0,1782361670.5245466,0.0017120838165283203
261888,normal,1768,0,1782361670.5264735,0.0019268989562988281
261889,normal,1458,0,1782361670.52864,0.0021665096282958984
261890,normal,331,0,1782361670.5310118,0.0023717880249023438
261891,normal,3030,0,1782361670.532425,0.001413106918334961
261892,normal,3165,1,1782361670.5344996,0.002074718475341797
261893,normal,1236,0,1782361670.5365493,0.002049684524536133
261894,normal,3231,1,1782361670.5385368,0.001987457275390625
261895,normal,1936,0,1782361670.5404735,0.0019366741180419922
261896,normal,3683,0,1782361670.5424945,0.0020210742950439453
261897,normal,3238,1,1782361670.5445547,0.0020601749420166016
261898,normal,68,0,1782361670.5463493,0.001794576644897461
261899,normal,3026,0,1782361670.548565,0.0022156238555908203
261900,normal,3271,1,1782361670.550605,0.0020401477813720703
261901,normal,1905,0,1782361670.5524573,0.001852273941040039
261902,normal,629,0,1782361670.5544968,0.0020394325256347656
261903,normal,3036,0,1782361670.5565197,0.002022981643676758
261904,normal,1434,0,1782361670.5585086,0.0019888877868652344
261905,normal,3151,1,1782361670.5604277,0.0019190311431884766
261906,normal,2790,0,1782361670.5626304,0.002202749252319336
261907,normal,3361,1,1782361670.5643945,0.001764059066772461
261908,normal,3202,1,1782361670.5665646,0.002170085906982422
261909,normal,250,0,1782361670.568438,0.0018734931945800781
261910,normal,506,0,1782361670.5704632,0.002025127410888672
261911,normal,1586,0,1782361670.572481,0.0020177364349365234
261912,normal,624,0,1782361670.5745664,0.002085447311401367
261913,normal,251,0,1782361670.57648,0.0019135475158691406
261914,normal,3027,0,1782361670.5785387,0.002058744430541992
261915,normal,2759,0,1782361670.5804098,0.0018711090087890625
261916,normal,174,0,1782361670.5824425,0.002032756805419922
261917,normal,990,2,1782361670.5845428,0.002100229263305664
261918,normal,2641,0,1782361670.5865378,0.001995086669921875
261919,normal,1388,0,1782361670.5884855,0.001947641372680664
261920,normal,3672,0,1782361670.5905652,0.0020797252655029297
261921,normal,26,0,1782361670.5925944,0.0020291805267333984
261922,normal,87,0,1782361670.59445,0.001855611801147461
261923,normal,2792,0,1782361670.5966387,0.0021886825561523438
261924,normal,272,0,1782361670.5984805,0.0018417835235595703
261925,normal,1667,0,1782361670.6004686,0.0019881725311279297
261926,normal,263,0,1782361670.602705,0.0022363662719726562
261927,normal,2874,0,1782361670.6045876,0.0018825531005859375
261928,normal,2619,0,1782361670.6064386,0.0018510818481445312
261929,normal,152,0,1782361670.6085303,0.002091646194458008
261930,normal,861,2,1782361670.6105342,0.002003908157348633
261931,normal,1399,0,1782361670.6124396,0.0019054412841796875
261932,normal,1753,0,1782361670.614632,0.002192258834838867
261933,normal,1239,0,1782361670.6165025,0.0018706321716308594
261934,normal,3630,0,1782361670.6185572,0.0020546913146972656
261935,normal,2223,0,1782361670.6206014,0.002044200897216797
261936,normal,219,0,1782361670.62274,0.0021386146545410156
261937,normal,2125,0,1782361670.6244133,0.0016732215881347656
261938,normal,2141,0,1782361670.6267025,0.002289295196533203
261939,normal,2969,0,1782361670.628518,0.0018155574798583984
261940,normal,205,0,1782361670.630487,0.001968860626220703
261941,normal,2574,0,1782361670.6324337,0.0019466876983642578
261942,normal,650,0,1782361670.6345222,0.0020885467529296875
261943,normal,3000,0,1782361670.6364298,0.0019075870513916016
261944,normal,3480,0,1782361670.6387484,0.0023186206817626953
261945,normal,2336,0,1782361670.6403534,0.0016050338745117188
261946,normal,86,0,1782361670.6425254,0.0021719932556152344
261947,normal,1948,0,1782361670.644422,0.0018966197967529297
261948,normal,2028,0,1782361670.6465204,0.0020983219146728516
261949,normal,3681,0,1782361670.6485734,0.0020530223846435547
261950,normal,459,0,1782361670.6509593,0.002385854721069336
261951,normal,1807,0,1782361670.6525235,0.0015642642974853516
261952,normal,2270,0,1782361670.6544414,0.0019178390502929688
261953,normal,275,0,1782361670.6565309,0.0020895004272460938
261954,normal,1464,0,1782361670.6585386,0.002007722854614258
261955,normal,1852,0,1782361670.6604521,0.0019135475158691406
261956,normal,805,2,1782361670.6625519,0.002099752426147461
261957,normal,2632,0,1782361670.6644552,0.0019032955169677734
261958,normal,1436,0,1782361670.6664367,0.001981496810913086
261959,normal,838,2,1782361670.6685483,0.002111673355102539
261960,normal,1032,0,1782361670.6705446,0.001996278762817383
261961,normal,2698,0,1782361670.672457,0.0019123554229736328
261962,normal,1945,0,1782361670.674457,0.002000093460083008
261963,normal,2661,0,1782361670.6765864,0.0021293163299560547
261964,normal,388,0,1782361670.678451,0.0018646717071533203
261965,normal,1413,0,1782361670.6805465,0.002095460891723633
261966,normal,569,0,1782361670.6827352,0.0021886825561523438
261967,normal,947,2,1782361670.6850142,0.002279043197631836
261968,normal,1904,0,1782361670.6864338,0.0014195442199707031
261969,normal,3149,1,1782361670.688522,0.002088308334350586
261970,normal,12,0,1782361670.6904757,0.001953601837158203
261971,normal,2219,0,1782361670.6924376,0.001961946487426758
261972,normal,1900,0,1782361670.6946301,0.0021924972534179688
261973,normal,807,2,1782361670.696445,0.0018148422241210938
261974,normal,3594,0,1782361670.6987045,0.002259492874145508
261975,normal,84,0,1782361670.700493,0.0017886161804199219
261976,normal,979,2,1782361670.702857,0.002363920211791992
261977,normal,2191,0,1782361670.704871,0.0020139217376708984
261978,normal,1469,0,1782361670.7064555,0.0015845298767089844
261979,normal,2266,0,1782361670.7085173,0.0020618438720703125
261980,normal,923,2,1782361670.7103183,0.0018010139465332031
261981,normal,3690,0,1782361670.7125537,0.00223541259765625
261982,normal,1630,0,1782361670.7143593,0.0018055438995361328
261983,normal,2348,0,1782361670.7165608,0.002201557159423828
261984,normal,466,0,1782361670.7185466,0.001985788345336914
261985,normal,2587,0,1782361670.720461,0.0019142627716064453
261986,normal,1588,0,1782361670.7224708,0.002009868621826172
261987,normal,3137,1,1782361670.7245924,0.0021216869354248047
261988,normal,3618,0,1782361670.7265122,0.0019197463989257812
261989,normal,1290,0,1782361670.7284532,0.0019409656524658203
261990,normal,1756,0,1782361670.7304938,0.0020406246185302734
261991,normal,2337,0,1782361670.732462,0.0019681453704833984
261992,normal,1886,0,1782361670.734504,0.002042055130004883
261993,normal,2242,0,1782361670.736611,0.002106904983520508
261994,normal,1557,0,1782361670.7383435,0.0017325878143310547
261995,normal,1404,0,1782361670.7405486,0.0022051334381103516
261996,normal,2852,0,1782361670.7425146,0.0019659996032714844
261997,normal,3320,1,1782361670.7444623,0.001947641372680664
261998,normal,3550,0,1782361670.7465625,0.002100229263305664
261999,normal,2325,0,1782361670.7484694,0.0019068717956542969
262000,normal,1349,1,1782361670.750549,0.0020797252655029297
262001,normal,1139,0,1782361670.7524428,0.001893758773803711
262002,normal,1821,0,1782361670.7545412,0.0020983219146728516
262003,normal,2560,0,1782361670.7564428,0.0019016265869140625
262004,normal,172,0,1782361670.7584438,0.002001047134399414
262005,normal,2923,0,1782361670.7605507,0.002106904983520508
262006,normal,1454,0,1782361670.7623441,0.0017933845520019531
262007,normal,234,0,1782361670.7645762,0.002232074737548828
262008,normal,1558,0,1782361670.7665963,0.002020120620727539
262009,normal,1937,0,1782361670.7684216,0.0018253326416015625
262010,normal,1560,0,1782361670.7706356,0.0022139549255371094
262011,normal,2849,0,1782361670.7724397,0.0018041133880615234
262012,normal,2532,0,1782361670.7744598,0.002020120620727539
262013,normal,1412,0,1782361670.7765903,0.0021305084228515625
262014,normal,602,0,1782361670.77858,0.001989603042602539
262015,normal,678,0,1782361670.7804384,0.0018584728240966797
262016,normal,1824,0,1782361670.7824366,0.0019981861114501953
262017,normal,3673,0,1782361670.7845435,0.002106904983520508
262018,normal,2391,0,1782361670.7867424,0.002198934555053711
262019,normal,3519,0,1782361670.7884007,0.0016582012176513672
262020,normal,2076,0,1782361670.7906194,0.0022187232971191406
262021,normal,836,2,1782361670.7926319,0.002012491226196289
262022,normal,2842,0,1782361670.7947395,0.0021076202392578125
262023,normal,220,0,1782361670.7967334,0.001993894577026367
262024,normal,1552,0,1782361670.7986557,0.0019223690032958984
262025,normal,600,0,1782361670.8010812,0.0024254322052001953
262026,normal,2594,0,1782361670.8024814,0.0014002323150634766
262027,normal,583,0,1782361670.8048425,0.0023610591888427734
262028,normal,415,0,1782361670.806574,0.0017316341400146484
262029,normal,2682,0,1782361670.808454,0.0018799304962158203
262030,normal,1766,0,1782361670.8103044,0.0018503665924072266
262031,normal,543,0,1782361670.8123782,0.0020737648010253906
262032,normal,3219,1,1782361670.8144126,0.002034425735473633
262033,normal,1183,0,1782361670.8165898,0.0021772384643554688
262034,normal,3346,1,1782361670.8183951,0.0018053054809570312
262035,normal,349,0,1782361670.8205342,0.0021390914916992188
262036,normal,3611,0,1782361670.8223999,0.0018656253814697266
262037,normal,3635,0,1782361670.82459,0.002190113067626953
262038,normal,3181,1,1782361670.8265595,0.001969575881958008
262039,normal,2464,0,1782361670.8288379,0.0022783279418945312
262040,normal,2334,0,1782361670.8311267,0.002288818359375
262041,normal,1907,0,1782361670.8325791,0.0014524459838867188
262042,normal,2729,0,1782361670.834541,0.001961946487426758
262043,normal,1415,0,1782361670.836542,0.0020008087158203125
262044,normal,1491,0,1782361670.8384647,0.0019228458404541016
262045,normal,3261,1,1782361670.8404953,0.002030611038208008
262046,normal,2006,0,1782361670.8427622,0.0022668838500976562
262047,normal,3382,1,1782361670.8445818,0.001819610595703125
262048,normal,3576,0,1782361670.84669,0.0021080970764160156
262049,normal,609,0,1782361670.8484254,0.0017354488372802734
262050,normal,3204,1,1782361670.850623,0.0021975040435791016
262051,normal,1708,0,1782361670.852407,0.0017840862274169922
262052,normal,1258,0,1782361670.8545003,0.0020933151245117188
262053,normal,16,0,1782361670.856545,0.002044677734375
262054,normal,1802,0,1782361670.8588438,0.0022988319396972656
262055,normal,1048,0,1782361670.860574,0.001730203628540039
262056,normal,2665,0,1782361670.8627908,0.002216815948486328
262057,normal,1591,0,1782361670.8644753,0.001684427261352539
262058,normal,1510,0,1782361670.8666039,0.00212860107421875
262059,normal,3523,0,1782361670.8685913,0.001987457275390625
262060,normal,3285,1,1782361670.8705812,0.0019898414611816406
262061,normal,2731,0,1782361670.8723836,0.0018024444580078125
262062,normal,3699,0,1782361670.8750663,0.0026826858520507812
262063,normal,1622,0,1782361670.876568,0.0015017986297607422
262064,normal,372,0,1782361670.8786268,0.002058744430541992
262065,normal,890,2,1782361670.880445,0.0018181800842285156
262066,normal,2235,0,1782361670.8828888,0.0024437904357910156
262067,normal,669,0,1782361670.8847308,0.0018420219421386719
262068,normal,3700,0,1782361670.8865237,0.00179290771484375
262069,normal,1523,0,1782361670.888568,0.002044200897216797
262070,normal,2637,0,1782361670.8910055,0.002437591552734375
262071,normal,2285,0,1782361670.892381,0.001375436782836914
262072,normal,3124,1,1782361670.894533,0.002151966094970703
262073,normal,1635,0,1782361670.8964927,0.0019598007202148438
262074,normal,1678,0,1782361670.8992043,0.0027115345001220703
262075,normal,3571,0,1782361670.9008992,0.0016949176788330078
262076,normal,2459,0,1782361670.902805,0.0019059181213378906
262077,normal,1516,0,1782361670.9045913,0.0017862319946289062
262078,normal,2739,0,1782361670.9066439,0.0020525455474853516
262079,normal,446,0,1782361670.908699,0.0020551681518554688
262080,normal,2941,0,1782361670.910608,0.001909017562866211
262081,normal,3318,1,1782361670.9131584,0.002550363540649414
262082,normal,3245,1,1782361670.9143817,0.0012233257293701172
262083,normal,700,0,1782361670.9165823,0.002200603485107422
262084,normal,2699,0,1782361670.9185405,0.001958131790161133
262085,normal,1346,1,1782361670.9206789,0.002138376235961914
262086,normal,2048,0,1782361670.922639,0.0019600391387939453
262087,normal,2261,0,1782361670.924625,0.0019860267639160156
262088,normal,1663,0,1782361670.9265075,0.0018825531005859375
262089,normal,686,0,1782361670.9287097,0.002202272415161133
262090,normal,123,0,1782361670.9305887,0.001878976821899414
262091,normal,3655,0,1782361670.9325233,0.0019345283508300781
262092,normal,1834,0,1782361670.934511,0.0019876956939697266
262093,normal,3282,1,1782361670.9364326,0.0019216537475585938
262094,normal,3403,0,1782361670.9384594,0.002026796340942383
262095,normal,2534,0,1782361670.9404457,0.001986265182495117
262096,normal,1092,0,1782361670.9426017,0.0021560192108154297
262097,normal,315,0,1782361670.9445891,0.001987457275390625
262098,normal,2899,0,1782361670.9465823,0.0019931793212890625
262099,normal,3328,1,1782361670.9485924,0.0020101070404052734
262100,normal,2019,0,1782361670.9505963,0.002003908157348633
262101,normal,3391,1,1782361670.9527378,0.0021414756774902344
262102,normal,1527,0,1782361670.9545217,0.0017838478088378906
262103,normal,3212,1,1782361670.9565198,0.0019981861114501953
262104,normal,2751,0,1782361670.9586258,0.0021059513092041016
262105,normal,2711,0,1782361670.9606538,0.0020279884338378906
262106,normal,3132,1,1782361670.962469,0.0018153190612792969
262107,normal,94,0,1782361670.964719,0.0022499561309814453
262108,normal,1328,1,1782361670.9664574,0.0017383098602294922
262109,normal,2004,0,1782361670.968507,0.002049684524536133
262110,normal,2477,0,1782361670.9707472,0.0022401809692382812
262111,normal,1845,0,1782361670.9725115,0.0017642974853515625
262112,normal,2778,0,1782361670.9746342,0.002122640609741211
262113,normal,2321,0,1782361670.9765527,0.0019185543060302734
262114,normal,54,0,1782361670.9786623,0.002109527587890625
262115,normal,1931,0,1782361670.9805665,0.0019042491912841797
262116,normal,3649,0,1782361670.982953,0.0023865699768066406
262117,normal,3674,0,1782361670.9844928,0.0015397071838378906
262118,normal,3566,0,1782361670.9868805,0.0023877620697021484
262119,normal,3021,0,1782361670.9886365,0.0017559528350830078
262120,normal,2562,0,1782361670.9906204,0.0019838809967041016
262121,normal,1079,0,1782361670.9925294,0.001909017562866211
262122,normal,1229,0,1782361670.9948428,0.002313375473022461
262123,normal,2327,0,1782361670.9966614,0.0018186569213867188
262124,normal,515,0,1782361670.998618,0.001956462860107422
262125,normal,2105,0,1782361671.0010288,0.002410888671875
262126,normal,1737,0,1782361671.0025861,0.0015573501586914062
262127,normal,664,0,1782361671.0046914,0.002105236053466797
262128,normal,1780,0,1782361671.00651,0.0018186569213867188
262129,normal,3400,1,1782361671.008457,0.0019469261169433594
262130,normal,1660,0,1782361671.0106027,0.0021457672119140625
262131,normal,2692,0,1782361671.012454,0.0018513202667236328
262132,normal,3299,1,1782361671.0146298,0.0021758079528808594
262133,normal,2802,0,1782361671.0168645,0.0022346973419189453
262134,normal,3621,0,1782361671.0185661,0.0017015933990478516
262135,normal,483,0,1782361671.0206535,0.0020873546600341797
262136,normal,1218,0,1782361671.0228627,0.002209186553955078
262137,normal,539,0,1782361671.0244086,0.0015459060668945312
262138,normal,3531,0,1782361671.0266159,0.0022072792053222656
262139,normal,1227,0,1782361671.0287192,0.0021033287048339844
262140,normal,1793,0,1782361671.0309815,0.0022623538970947266
262141,normal,1132,0,1782361671.0325272,0.0015456676483154297
262142,normal,2144,0,1782361671.034831,0.0023038387298583984
262143,normal,2346,0,1782361671.036728,0.0018968582153320312
262144,normal,212,0,1782361671.0383966,0.001668691635131836
262145,normal,2286,0,1782361671.0406215,0.0022249221801757812
262146,normal,273,0,1782361671.0424843,0.0018627643585205078
262147,normal,3603,0,1782361671.0446897,0.002205371856689453
262148,normal,1216,0,1782361671.0465362,0.0018465518951416016
262149,normal,2001,0,1782361671.0486577,0.002121448516845703
262150,normal,2022,0,1782361671.050955,0.0022974014282226562
262151,normal,3178,1,1782361671.0527117,0.0017566680908203125
262152,normal,2538,0,1782361671.054624,0.0019123554229736328
262153,normal,1310,0,1782361671.0566366,0.002012491226196289
262154,normal,1395,0,1782361671.058574,0.0019373893737792969
262155,normal,2754,0,1782361671.0612528,0.0026788711547851562
262156,normal,1927,0,1782361671.0628393,0.0015864372253417969
262157,normal,2770,0,1782361671.0648866,0.002047300338745117
262158,normal,295,0,1782361671.0667477,0.0018610954284667969
262159,normal,3254,1,1782361671.0686512,0.001903533935546875
262160,normal,1437,0,1782361671.0704942,0.0018429756164550781
262161,normal,3570,0,1782361671.0729342,0.0024399757385253906
262162,normal,417,0,1782361671.0747137,0.0017795562744140625
262163,normal,1067,0,1782361671.0766373,0.0019235610961914062
262164,normal,2137,0,1782361671.078918,0.002280712127685547
262165,normal,2669,0,1782361671.080566,0.00164794921875
262166,normal,1110,0,1782361671.082542,0.00197601318359375
262167,normal,3556,0,1782361671.0848973,0.002355337142944336
262168,normal,632,0,1782361671.0869348,0.002037525177001953
262169,normal,2385,0,1782361671.0884683,0.00153350830078125
262170,normal,141,0,1782361671.090621,0.002152681350708008
262171,normal,298,0,1782361671.0923705,0.0017495155334472656
262172,normal,474,0,1782361671.0946047,0.002234220504760742
262173,normal,3358,1,1782361671.0965447,0.001940011978149414
262174,normal,2978,0,1782361671.098463,0.0019183158874511719
262175,normal,1922,0,1782361671.100545,0.0020818710327148438
262176,normal,1052,0,1782361671.1026275,0.0020825862884521484
262177,normal,633,0,1782361671.1044981,0.0018706321716308594
262178,normal,2892,0,1782361671.1066325,0.0021343231201171875
262179,normal,75,0,1782361671.1086369,0.002004384994506836
262180,normal,874,2,1782361671.1105974,0.0019605159759521484
262181,normal,1507,0,1782361671.112501,0.001903533935546875
262182,normal,3580,0,1782361671.1145868,0.0020859241485595703
262183,normal,2142,0,1782361671.1165726,0.001985788345336914
262184,normal,320,0,1782361671.1186252,0.0020525455474853516
262185,normal,3546,0,1782361671.1205707,0.00194549560546875
262186,normal,2317,0,1782361671.1225033,0.0019326210021972656
262187,normal,747,0,1782361671.1245337,0.0020303726196289062
262188,normal,769,0,1782361671.126534,0.0020003318786621094
262189,normal,2663,0,1782361671.1285665,0.0020325183868408203
262190,normal,2859,0,1782361671.1305208,0.001954317092895508
262191,normal,1431,0,1782361671.13253,0.002009153366088867
262192,normal,1508,0,1782361671.1345434,0.0020134449005126953
262193,normal,1170,0,1782361671.1366565,0.0021131038665771484
262194,normal,294,0,1782361671.1384683,0.0018117427825927734
262195,normal,2928,0,1782361671.1404731,0.002004861831665039
262196,normal,3442,0,1782361671.1425772,0.002104043960571289
262197,normal,1427,0,1782361671.1444535,0.0018763542175292969
262198,normal,889,2,1782361671.146473,0.0020194053649902344
262199,normal,77,0,1782361671.1486228,0.002149820327758789
262200,normal,2014,0,1782361671.1505826,0.0019598007202148438
262201,normal,3200,1,1782361671.152569,0.0019865036010742188
262202,normal,1269,0,1782361671.1545632,0.0019941329956054688
262203,normal,2877,0,1782361671.1565537,0.0019905567169189453
262204,normal,1732,0,1782361671.158535,0.0019812583923339844
262205,normal,2715,0,1782361671.160528,0.001992940902709961
262206,normal,574,0,1782361671.162493,0.001965045928955078
262207,normal,2851,0,1782361671.1645153,0.002022266387939453
262208,normal,2175,0,1782361671.1665611,0.002045869827270508
262209,normal,2412,0,1782361671.1685557,0.001994609832763672
262210,normal,881,2,1782361671.1703625,0.0018067359924316406
262211,normal,1595,0,1782361671.1727145,0.002351999282836914
262212,normal,423,0,1782361671.1745508,0.0018362998962402344
262213,normal,2945,0,1782361671.1765268,0.00197601318359375
262214,normal,721,0,1782361671.1787791,0.002252340316772461
262215,normal,3109,1,1782361671.1807988,0.002019643783569336
262216,normal,2952,0,1782361671.182477,0.0016782283782958984
262217,normal,1122,0,1782361671.1846557,0.002178668975830078
262218,normal,799,2,1782361671.186622,0.001966238021850586
262219,normal,1846,0,1782361671.1885755,0.001953601837158203
262220,normal,2824,0,1782361671.1903298,0.0017542839050292969
262221,normal,1136,0,1782361671.1925359,0.002206087112426758
262222,normal,2588,0,1782361671.194439,0.0019030570983886719
262223,normal,195,0,1782361671.196688,0.002249002456665039
262224,normal,2974,0,1782361671.1985683,0.0018804073333740234
262225,normal,27,0,1782361671.200389,0.0018205642700195312
262226,normal,767,0,1782361671.202607,0.002218008041381836
262227,normal,408,0,1782361671.2044837,0.0018768310546875
262228,normal,2530,0,1782361671.2065778,0.0020940303802490234
262229,normal,304,0,1782361671.209036,0.002458333969116211
262230,normal,967,2,1782361671.2111208,0.0020847320556640625
262231,normal,3233,1,1782361671.2127178,0.0015969276428222656
262232,normal,646,0,1782361671.2145114,0.0017936229705810547
262233,normal,1292,0,1782361671.2165296,0.0020182132720947266
262234,normal,1467,0,1782361671.2184737,0.0019440650939941406
262235,normal,371,0,1782361671.220609,0.0021352767944335938
262236,normal,47,0,1782361671.2225382,0.0019292831420898438
262237,normal,856,2,1782361671.2249217,0.0023834705352783203
262238,normal,2485,0,1782361671.2264507,0.0015289783477783203
262239,normal,2057,0,1782361671.2285125,0.0020618438720703125
262240,normal,730,0,1782361671.2305243,0.0020117759704589844
262241,normal,1480,0,1782361671.232539,0.002014636993408203
262242,normal,2628,0,1782361671.2344866,0.001947641372680664
262243,normal,1112,0,1782361671.236514,0.0020275115966796875
262244,normal,3667,0,1782361671.2386544,0.0021402835845947266
262245,normal,546,0,1782361671.2405326,0.0018782615661621094
262246,normal,1242,0,1782361671.242513,0.001980304718017578
262247,normal,1317,0,1782361671.2446148,0.002101898193359375
262248,normal,774,2,1782361671.24692,0.002305269241333008
262249,normal,2884,0,1782361671.249038,0.0021178722381591797
262250,normal,1182,0,1782361671.2508328,0.0017948150634765625
262251,normal,3083,1,1782361671.2523654,0.0015325546264648438
262252,normal,1348,1,1782361671.2545867,0.002221345901489258
262253,normal,3234,1,1782361671.2564697,0.0018830299377441406
262254,normal,440,0,1782361671.2585983,0.00212860107421875
262255,normal,1106,0,1782361671.2606301,0.0020318031311035156
262256,normal,1043,0,1782361671.262742,0.0021119117736816406
262257,normal,552,0,1782361671.2650397,0.002297639846801758
262258,normal,2106,0,1782361671.2666814,0.0016417503356933594
262259,normal,2162,0,1782361671.2683935,0.0017120838165283203
262260,normal,2702,0,1782361671.2709029,0.0025093555450439453
262261,normal,936,2,1782361671.2728477,0.0019447803497314453
262262,normal,351,0,1782361671.2744408,0.0015931129455566406
262263,normal,3485,0,1782361671.2765687,0.0021278858184814453
262264,normal,3528,0,1782361671.2783718,0.0018031597137451172
262265,normal,1876,0,1782361671.2805796,0.0022077560424804688
262266,normal,591,0,1782361671.2824516,0.0018720626831054688
262267,normal,524,0,1782361671.2845142,0.002062559127807617
262268,normal,1145,0,1782361671.2867382,0.002223968505859375
262269,normal,2875,0,1782361671.2884972,0.0017590522766113281
262270,normal,1681,0,1782361671.2906084,0.002111196517944336
262271,normal,2403,0,1782361671.2927887,0.002180337905883789
262272,normal,1383,0,1782361671.29469,0.0019011497497558594
262273,normal,3440,0,1782361671.2968633,0.0021734237670898438
262274,normal,1278,0,1782361671.298753,0.0018897056579589844
262275,normal,1764,0,1782361671.300555,0.0018019676208496094
262276,normal,3632,0,1782361671.3027859,0.0022308826446533203
262277,normal,1838,0,1782361671.3047075,0.0019216537475585938
262278,normal,182,0,1782361671.3065393,0.0018317699432373047
262279,normal,2099,0,1782361671.308533,0.0019936561584472656
262280,normal,2973,0,1782361671.310539,0.002006053924560547
262281,normal,3389,1,1782361671.3123062,0.0017671585083007812
262282,normal,559,0,1782361671.3144996,0.002193450927734375
262283,normal,1544,0,1782361671.316534,0.002034425735473633
262284,normal,2629,0,1782361671.3184001,0.0018661022186279297
262285,normal,2857,0,1782361671.3204527,0.0020525455474853516
262286,normal,2302,0,1782361671.322475,0.002022266387939453
262287,normal,350,0,1782361671.3243864,0.0019114017486572266
262288,normal,610,0,1782361671.326803,0.0024166107177734375
262289,normal,111,0,1782361671.3284032,0.0016002655029296875
262290,normal,2959,0,1782361671.3314364,0.003033161163330078
262291,normal,3592,0,1782361671.3327546,0.001318216323852539
262292,normal,345,0,1782361671.3345454,0.001790761947631836
262293,normal,2179,0,1782361671.336478,0.0019326210021972656
262294,normal,2555,0,1782361671.3385117,0.002033710479736328
262295,normal,1786,0,1782361671.3406315,0.002119779586791992
262296,normal,2710,0,1782361671.3425255,0.0018939971923828125
262297,normal,888,2,1782361671.3447962,0.0022706985473632812
262298,normal,2953,0,1782361671.3468094,0.0020132064819335938
262299,normal,1812,0,1782361671.3485308,0.0017213821411132812
262300,normal,52,0,1782361671.3504746,0.001943826675415039
262301,normal,3463,0,1782361671.352605,0.0021305084228515625
262302,normal,3499,0,1782361671.3545122,0.0019071102142333984
262303,normal,2523,0,1782361671.3565402,0.0020279884338378906
262304,normal,63,0,1782361671.3585186,0.0019783973693847656
262305,normal,1752,0,1782361671.3610172,0.002498626708984375
262306,normal,643,0,1782361671.3627167,0.0016994476318359375
262307,normal,1100,0,1782361671.3646293,0.0019125938415527344
262308,normal,3129,1,1782361671.3666184,0.001989126205444336
262309,normal,1760,0,1782361671.3686068,0.0019884109497070312
262310,normal,1337,1,1782361671.3708708,0.0022640228271484375
262311,normal,3017,0,1782361671.37256,0.0016891956329345703
262312,normal,3428,0,1782361671.3745522,0.0019922256469726562
262313,normal,3599,0,1782361671.3770027,0.0024504661560058594
262314,normal,1778,0,1782361671.3788178,0.0018150806427001953
262315,normal,2067,0,1782361671.3807657,0.0019478797912597656
262316,normal,2726,0,1782361671.3825884,0.0018227100372314453
262317,normal,53,0,1782361671.384557,0.0019686222076416016
262318,normal,981,2,1782361671.386945,0.00238800048828125
262319,normal,389,0,1782361671.388737,0.0017919540405273438
262320,normal,3369,1,1782361671.3905723,0.0018353462219238281
262321,normal,2865,0,1782361671.392555,0.0019826889038085938
262322,normal,2017,0,1782361671.394388,0.0018329620361328125
262323,normal,3553,0,1782361671.3965893,0.0022013187408447266
262324,normal,739,0,1782361671.3984163,0.0018270015716552734
262325,normal,2381,0,1782361671.4006214,0.0022051334381103516
262326,normal,1022,2,1782361671.4028018,0.002180337905883789
262327,normal,801,2,1782361671.4043968,0.0015950202941894531
262328,normal,1354,1,1782361671.4065042,0.002107381820678711
262329,normal,3645,0,1782361671.4086475,0.002143383026123047
262330,normal,98,0,1782361671.4104497,0.001802206039428711
262331,normal,2436,0,1782361671.41259,0.0021402835845947266
262332,normal,2197,0,1782361671.4150639,0.0024738311767578125
262333,normal,1463,0,1782361671.416991,0.0019271373748779297
262334,normal,826,2,1782361671.4185936,0.0016026496887207031
262335,normal,2703,0,1782361671.4205785,0.001984834671020508
262336,normal,206,0,1782361671.4224916,0.0019130706787109375
262337,normal,3086,1,1782361671.4246154,0.0021238327026367188
262338,normal,1059,0,1782361671.42658,0.001964569091796875
262339,normal,2866,0,1782361671.4284766,0.0018966197967529297
262340,normal,2565,0,1782361671.4307594,0.002282857894897461
262341,normal,1302,0,1782361671.4325755,0.0018160343170166016
262342,normal,2706,0,1782361671.4344912,0.0019156932830810547
262343,normal,1392,0,1782361671.4366548,0.0021636486053466797
262344,normal,2351,0,1782361671.438472,0.0018172264099121094
262345,normal,2660,0,1782361671.4405255,0.002053499221801758
262346,normal,1165,0,1782361671.4426267,0.0021011829376220703
262347,normal,1358,1,1782361671.4449296,0.002302885055541992
262348,normal,2273,0,1782361671.446589,0.001659393310546875
262349,normal,2092,0,1782361671.4486861,0.0020971298217773438
262350,normal,1147,0,1782361671.4507551,0.0020689964294433594
262351,normal,88,0,1782361671.4525242,0.0017690658569335938
262352,normal,1063,0,1782361671.454532,0.002007722854614258
262353,normal,2486,0,1782361671.4565878,0.0020558834075927734
262354,normal,1421,0,1782361671.458434,0.0018463134765625
262355,normal,1426,0,1782361671.4607785,0.002344369888305664
262356,normal,1004,2,1782361671.4624872,0.0017087459564208984
262357,normal,2343,0,1782361671.464464,0.0019767284393310547
262358,normal,2319,0,1782361671.4664133,0.001949310302734375
262359,normal,3321,1,1782361671.468624,0.002210855484008789
262360,normal,1322,1,1782361671.4707348,0.002110719680786133
262361,normal,3176,1,1782361671.472751,0.0020160675048828125
262362,normal,3380,1,1782361671.4742928,0.0015418529510498047
262363,normal,1131,0,1782361671.4763615,0.002068758010864258
262364,normal,919,2,1782361671.4784594,0.0020978450775146484
262365,normal,3131,1,1782361671.480428,0.0019686222076416016
262366,normal,2747,0,1782361671.4823465,0.0019185543060302734
262367,normal,3154,1,1782361671.4844723,0.0021257400512695312
262368,normal,525,0,1782361671.486497,0.0020246505737304688
262369,normal,2509,0,1782361671.4883244,0.0018274784088134766
262370,normal,2524,0,1782361671.4905005,0.002176046371459961
262371,normal,3573,0,1782361671.4926863,0.002185821533203125
262372,normal,2691,0,1782361671.494437,0.0017507076263427734
262373,normal,1379,1,1782361671.4965982,0.002161264419555664
262374,normal,1509,0,1782361671.4988475,0.0022492408752441406
262375,normal,1777,0,1782361671.5012527,0.0024051666259765625
262376,normal,2055,0,1782361671.5024078,0.0011551380157470703
262377,normal,2350,0,1782361671.5048616,0.0024538040161132812
262378,normal,2233,0,1782361671.5065618,0.0017001628875732422
262379,normal,689,0,1782361671.5086179,0.002056121826171875
262380,normal,1944,0,1782361671.5108037,0.002185821533203125
262381,normal,2404,0,1782361671.5126288,0.001825094223022461
262382,normal,2387,0,1782361671.5145082,0.0018794536590576172
262383,normal,249,0,1782361671.5165417,0.0020334720611572266
262384,normal,3692,0,1782361671.5185118,0.001970052719116211
262385,normal,1420,0,1782361671.5205433,0.002031564712524414
262386,normal,3116,1,1782361671.522585,0.0020415782928466797
262387,normal,2490,0,1782361671.5247412,0.0021562576293945312
262388,normal,2848,0,1782361671.5264297,0.0016884803771972656
262389,normal,1321,1,1782361671.5287623,0.0023326873779296875
262390,normal,778,2,1782361671.530382,0.001619577407836914
262391,normal,3029,0,1782361671.5324907,0.0021088123321533203
262392,normal,2021,0,1782361671.5345278,0.00203704833984375
262393,normal,469,0,1782361671.5370734,0.002545595169067383
262394,normal,1262,0,1782361671.5388079,0.0017344951629638672
262395,normal,2961,0,1782361671.5405028,0.0016949176788330078
262396,normal,1765,0,1782361671.5425117,0.0020089149475097656
262397,normal,3106,1,1782361671.5447123,0.002200603485107422
262398,normal,3494,0,1782361671.546577,0.0018646717071533203
262399,normal,2449,0,1782361671.5485744,0.0019974708557128906
262400,normal,3394,1,1782361671.550684,0.002109527587890625
262401,normal,746,0,1782361671.5528595,0.002175569534301758
262402,normal,2135,0,1782361671.5544615,0.0016019344329833984
262403,normal,3513,0,1782361671.5566435,0.0021820068359375
262404,normal,797,2,1782361671.5585177,0.0018742084503173828
262405,normal,3287,1,1782361671.5605762,0.0020585060119628906
262406,normal,3164,1,1782361671.5625045,0.0019283294677734375
262407,normal,1261,0,1782361671.5645387,0.0020341873168945312
262408,normal,991,2,1782361671.5664918,0.001953125
262409,normal,210,0,1782361671.5684912,0.001999378204345703
262410,normal,2633,0,1782361671.5708466,0.002355337142944336
262411,normal,708,0,1782361671.5728881,0.0020415782928466797
262412,normal,1259,0,1782361671.5745351,0.0016469955444335938
262413,normal,3434,0,1782361671.576889,0.0023539066314697266
262414,normal,1312,0,1782361671.5786288,0.0017397403717041016
262415,normal,1805,0,1782361671.580839,0.0022101402282714844
262416,normal,342,0,1782361671.5827856,0.0019466876983642578
262417,normal,3005,0,1782361671.5845318,0.0017461776733398438
262418,normal,3195,1,1782361671.5867345,0.002202749252319336
262419,normal,1005,2,1782361671.5889728,0.0022382736206054688
262420,normal,2299,0,1782361671.5906405,0.0016677379608154297
262421,normal,171,0,1782361671.5926902,0.002049684524536133
262422,normal,2567,0,1782361671.5943844,0.0016942024230957031
262423,normal,3685,0,1782361671.5966146,0.0022301673889160156
262424,normal,674,0,1782361671.5987852,0.002170562744140625
262425,normal,1365,1,1782361671.6004574,0.0016722679138183594
262426,normal,1211,0,1782361671.6028144,0.002357006072998047
262427,normal,2457,0,1782361671.6043751,0.0015606880187988281
262428,normal,1128,0,1782361671.606589,0.0022139549255371094
262429,normal,362,0,1782361671.6083865,0.0017974376678466797
262430,normal,1601,0,1782361671.6106915,0.0023050308227539062
262431,normal,1883,0,1782361671.6124473,0.0017557144165039062
262432,normal,768,0,1782361671.6150277,0.002580404281616211
262433,normal,2056,0,1782361671.6170225,0.0019948482513427734
262434,normal,2835,0,1782361671.6186175,0.0015950202941894531
262435,normal,982,2,1782361671.6205025,0.0018849372863769531
262436,normal,2138,0,1782361671.6226175,0.002115011215209961
262437,normal,1820,0,1782361671.6245856,0.0019681453704833984
262438,normal,2326,0,1782361671.6265855,0.0019998550415039062
262439,normal,1017,2,1782361671.628544,0.001958608627319336
262440,normal,21,0,1782361671.6308212,0.0022771358489990234
262441,normal,3100,1,1782361671.632593,0.001771688461303711
262442,normal,2634,0,1782361671.634621,0.0020279884338378906
262443,normal,2267,0,1782361671.6366122,0.00199127197265625
262444,normal,306,0,1782361671.638487,0.0018749237060546875
262445,normal,2443,0,1782361671.640525,0.0020380020141601562
262446,normal,3006,0,1782361671.6426032,0.0020780563354492188
262447,normal,2423,0,1782361671.644752,0.002148866653442383
262448,normal,865,2,1782361671.6468415,0.0020895004272460938
262449,normal,2815,0,1782361671.6485863,0.0017447471618652344
262450,normal,2218,0,1782361671.6506479,0.002061605453491211
262451,normal,2260,0,1782361671.6527677,0.002119779586791992
262452,normal,576,0,1782361671.6546392,0.0018715858459472656
262453,normal,3520,0,1782361671.656649,0.002009868621826172
262454,normal,651,0,1782361671.6585133,0.0018641948699951172
262455,normal,1496,0,1782361671.660991,0.0024776458740234375
262456,normal,2647,0,1782361671.6626208,0.0016298294067382812
262457,normal,723,0,1782361671.6647189,0.00209808349609375
262458,normal,3581,0,1782361671.6664395,0.0017206668853759766
262459,normal,731,0,1782361671.6686103,0.0021708011627197266
262460,normal,2938,0,1782361671.6710272,0.002416849136352539
262461,normal,1120,0,1782361671.6724758,0.0014486312866210938
262462,normal,2368,0,1782361671.6746304,0.0021545886993408203
262463,normal,1546,0,1782361671.6765711,0.0019407272338867188
262464,normal,1967,0,1782361671.6787384,0.002167224884033203
262465,normal,1790,0,1782361671.6804702,0.00173187255859375
262466,normal,2356,0,1782361671.6826367,0.0021665096282958984
262467,normal,608,0,1782361671.684599,0.0019621849060058594
262468,normal,1798,0,1782361671.686583,0.001984119415283203
262469,normal,518,0,1782361671.6884596,0.0018765926361083984
262470,normal,472,0,1782361671.6907778,0.002318143844604492
262471,normal,1036,0,1782361671.692533,0.0017552375793457031
262472,normal,3103,1,1782361671.6945746,0.0020415782928466797
262473,normal,2636,0,1782361671.6965516,0.0019769668579101562
262474,normal,2278,0,1782361671.6984587,0.0019071102142333984
262475,normal,3385,1,1782361671.700645,0.002186298370361328
262476,normal,3025,0,1782361671.702711,0.0020661354064941406
262477,normal,223,0,1782361671.70464,0.0019288063049316406
262478,normal,1465,0,1782361671.7066834,0.002043485641479492
262479,normal,3235,1,1782361671.7085774,0.0018939971923828125
262480,normal,683,0,1782361671.7105656,0.0019881725311279297
262481,normal,813,2,1782361671.7127607,0.002195119857788086
262482,normal,2872,0,1782361671.7146275,0.0018668174743652344
262483,normal,589,0,1782361671.7167854,0.002157926559448242
262484,normal,3142,1,1782361671.718607,0.0018215179443359375
262485,normal,409,0,1782361671.7208507,0.0022437572479248047
262486,normal,696,0,1782361671.7224264,0.0015757083892822266
262487,normal,1593,0,1782361671.7247717,0.0023453235626220703
262488,normal,1140,0,1782361671.7263916,0.0016198158264160156
262489,normal,2036,0,1782361671.728619,0.0022275447845458984
262490,normal,3562,0,1782361671.7307425,0.0021233558654785156
262491,normal,2089,0,1782361671.7324464,0.0017039775848388672
262492,normal,852,2,1782361708.8075342,0.0
262493,normal,221,0,1782361708.8095877,0.002053499221801758
262494,normal,1324,1,1782361708.8116539,0.0020661354064941406
262495,normal,2451,0,1782361708.813497,0.0018432140350341797
262496,normal,2523,0,1782361708.8157184,0.002221345901489258
262497,normal,326,0,1782361708.817777,0.0020585060119628906
262498,normal,1985,0,1782361708.8196366,0.0018596649169921875
262499,normal,2380,0,1782361708.821923,0.0022864341735839844
262500,normal,958,2,1782361708.8236597,0.0017366409301757812
262501,normal,2796,0,1782361708.8259206,0.002260923385620117
262502,normal,196,0,1782361708.8276372,0.00171661376953125
262503,normal,3033,0,1782361708.8298965,0.0022592544555664062
262504,normal,3115,1,1782361708.831642,0.001745462417602539
262505,normal,96,0,1782361708.8339107,0.0022687911987304688
262506,normal,2008,0,1782361708.8357086,0.0017979145050048828
262507,normal,2520,0,1782361708.8379064,0.002197742462158203
262508,normal,1424,0,1782361708.839638,0.0017316341400146484
262509,normal,253,0,1782361708.8419316,0.0022935867309570312
262510,normal,2496,0,1782361708.8437347,0.0018031597137451172
262511,normal,216,0,1782361708.845835,0.002100229263305664
262512,normal,2669,0,1782361708.8478816,0.0020465850830078125
262513,normal,352,0,1782361708.8497627,0.0018811225891113281
262514,normal,1457,0,1782361708.8518233,0.0020606517791748047
262515,normal,3022,0,1782361708.853761,0.0019376277923583984
262516,normal,2376,0,1782361708.855807,0.0020461082458496094
262517,normal,1701,0,1782361708.8577719,0.0019648075103759766
262518,normal,3454,0,1782361708.8598723,0.0021004676818847656
262519,normal,2806,0,1782361708.8617618,0.0018894672393798828
262520,normal,410,0,1782361708.8638253,0.0020635128021240234
262521,normal,1230,0,1782361708.8657603,0.0019350051879882812
262522,normal,1391,0,1782361708.8678117,0.0020513534545898438
262523,normal,2348,0,1782361708.869765,0.0019533634185791016
262524,normal,956,2,1782361708.8718874,0.0021224021911621094
262525,normal,880,2,1782361708.8737633,0.0018758773803710938
262526,normal,1667,0,1782361708.875864,0.002100706100463867
262527,normal,521,0,1782361708.8777745,0.0019104480743408203
262528,normal,175,0,1782361708.8796268,0.001852273941040039
262529,normal,1743,0,1782361708.88186,0.002233266830444336
262530,normal,1267,0,1782361708.8837812,0.0019211769104003906
262531,normal,3229,1,1782361708.8858583,0.0020771026611328125
262532,normal,1399,0,1782361708.8877845,0.0019261837005615234
262533,normal,3486,0,1782361708.8898888,0.0021042823791503906
262534,normal,2199,0,1782361708.8917694,0.001880645751953125
262535,normal,3326,1,1782361708.8938708,0.002101421356201172
262536,normal,536,0,1782361708.895763,0.00189208984375
262537,normal,3678,0,1782361708.897624,0.0018610954284667969
262538,normal,1770,0,1782361708.8999186,0.0022945404052734375
262539,normal,1779,0,1782361708.9017577,0.0018391609191894531
262540,normal,2767,0,1782361708.9036148,0.0018570423126220703
262541,normal,1045,0,1782361708.905996,0.0023813247680664062
262542,normal,3537,0,1782361708.9077652,0.0017690658569335938
262543,normal,1983,0,1782361708.9096234,0.0018582344055175781
262544,normal,2237,0,1782361708.9119556,0.0023322105407714844
262545,normal,602,0,1782361708.913771,0.0018153190612792969
262546,normal,771,0,1782361708.9158185,0.0020475387573242188
262547,normal,3527,0,1782361708.9178293,0.002010822296142578
262548,normal,3256,1,1782361708.919928,0.0020987987518310547
262549,normal,627,0,1782361708.9216216,0.0016934871673583984
262550,normal,1941,0,1782361708.9239159,0.002294301986694336
262551,normal,3344,1,1782361708.925763,0.0018470287322998047
262552,normal,434,0,1782361708.9276228,0.001859903335571289
262553,normal,2047,0,1782361708.9299207,0.0022978782653808594
262554,normal,3194,1,1782361708.931763,0.0018422603607177734
262555,normal,437,0,1782361708.9336228,0.001859903335571289
262556,normal,1641,0,1782361708.935918,0.002295255661010742
262557,normal,2048,0,1782361708.9377646,0.0018465518951416016
262558,normal,2452,0,1782361708.9396224,0.001857757568359375
262559,normal,2934,0,1782361708.941921,0.002298593521118164
262560,normal,110,0,1782361708.9437683,0.0018472671508789062
262561,normal,2046,0,1782361708.9458156,0.002047300338745117
262562,normal,2483,0,1782361708.9478374,0.00202178955078125
262563,normal,1348,1,1782361708.949902,0.0020647048950195312
262564,normal,2006,0,1782361708.9516227,0.0017206668853759766
262565,normal,27,0,1782361708.9538436,0.0022208690643310547
262566,normal,202,0,1782361708.9559145,0.002070903778076172
262567,normal,1855,0,1782361708.9576225,0.0017080307006835938
262568,normal,3405,0,1782361708.959929,0.0023064613342285156
262569,normal,3534,0,1782361708.9617636,0.0018346309661865234
262570,normal,3462,0,1782361708.9638178,0.0020542144775390625
262571,normal,939,2,1782361708.9658148,0.0019969940185546875
262572,normal,815,2,1782361708.9679317,0.0021169185638427734
262573,normal,3465,0,1782361708.9696238,0.001692056655883789
262574,normal,2537,0,1782361708.9719334,0.002309560775756836
262575,normal,861,2,1782361708.9737673,0.0018339157104492188
262576,normal,1417,0,1782361708.9758146,0.002047300338745117
262577,normal,3093,1,1782361708.9778125,0.0019979476928710938
262578,normal,3248,1,1782361708.9799285,0.002115964889526367
262579,normal,1232,0,1782361708.981619,0.0016903877258300781
262580,normal,1676,0,1782361708.9839594,0.002340555191040039
262581,normal,1672,0,1782361708.9857626,0.0018031597137451172
262582,normal,3601,0,1782361708.9878154,0.002052783966064453
262583,normal,447,0,1782361708.9898272,0.0020117759704589844
262584,normal,3703,0,1782361708.9919314,0.0021042823791503906
262585,normal,117,0,1782361708.993625,0.0016934871673583984
262586,normal,811,2,1782361708.9959595,0.0023345947265625
262587,normal,526,0,1782361708.9977605,0.0018010139465332031
262588,normal,3237,1,1782361708.9996219,0.0018613338470458984
262589,normal,3170,1,1782361709.0019574,0.0023355484008789062
262590,normal,1890,0,1782361709.0037675,0.0018100738525390625
262591,normal,1450,0,1782361709.0058515,0.002084016799926758
262592,normal,1840,0,1782361709.007823,0.0019714832305908203
262593,normal,1520,0,1782361709.0097308,0.0019078254699707031
262594,normal,465,0,1782361709.0118139,0.0020830631256103516
262595,normal,382,0,1782361709.013705,0.0018911361694335938
262596,normal,2417,0,1782361709.015916,0.0022110939025878906
262597,normal,1645,0,1782361709.0176222,0.0017061233520507812
262598,normal,1360,1,1782361709.0198812,0.0022590160369873047
262599,normal,807,2,1782361709.0217519,0.0018706321716308594
262600,normal,561,0,1782361709.0238144,0.002062559127807617
262601,normal,1138,0,1782361709.0257041,0.0018897056579589844
262602,normal,3350,1,1782361709.0279334,0.0022292137145996094
262603,normal,764,0,1782361709.0296566,0.0017232894897460938
262604,normal,910,2,1782361709.031611,0.001954317092895508
262605,normal,1945,0,1782361709.0339408,0.0023298263549804688
262606,normal,597,0,1782361709.0356212,0.0016803741455078125
262607,normal,663,0,1782361709.0378253,0.0022041797637939453
262608,normal,1964,0,1782361709.0399115,0.002086162567138672
262609,normal,3455,0,1782361709.0416126,0.0017011165618896484
262610,normal,2456,0,1782361709.0437517,0.0021390914916992188
262611,normal,264,0,1782361709.0459251,0.0021734237670898438
262612,normal,2536,0,1782361709.0476055,0.0016803741455078125
262613,normal,3565,0,1782361709.0498734,0.0022678375244140625
262614,normal,1069,0,1782361709.05176,0.001886606216430664
262615,normal,50,0,1782361709.0538218,0.0020618438720703125
262616,normal,2369,0,1782361709.0558724,0.002050638198852539
262617,normal,2209,0,1782361709.0579126,0.0020401477813720703
262618,normal,695,0,1782361709.0596397,0.0017271041870117188
262619,normal,1554,0,1782361709.0620096,0.0023698806762695312
262620,normal,3087,1,1782361709.0637531,0.0017435550689697266
262621,normal,2443,0,1782361709.0658422,0.0020890235900878906
262622,normal,3153,1,1782361709.0678747,0.0020325183868408203
262623,normal,1940,0,1782361709.0699103,0.0020356178283691406
262624,normal,3552,0,1782361709.0716345,0.0017242431640625
262625,normal,3031,0,1782361709.0739017,0.002267122268676758
262626,normal,2218,0,1782361709.0757563,0.0018546581268310547
262627,normal,766,0,1782361709.0778177,0.0020613670349121094
262628,normal,1737,0,1782361709.079772,0.001954317092895508
262629,normal,2261,0,1782361709.0819116,0.002139568328857422
262630,normal,802,2,1782361709.083637,0.0017254352569580078
262631,normal,741,0,1782361709.0859065,0.0022695064544677734
262632,normal,3238,1,1782361709.087753,0.0018465518951416016
262633,normal,3287,1,1782361709.0898259,0.0020728111267089844
262634,normal,1184,0,1782361709.09179,0.001964092254638672
262635,normal,1405,0,1782361709.0939102,0.0021202564239501953
262636,normal,1663,0,1782361709.0956469,0.0017366409301757812
262637,normal,1475,0,1782361709.0979111,0.002264261245727539
262638,normal,3709,0,1782361709.0997558,0.001844644546508789
262639,normal,3307,1,1782361709.1018238,0.002068042755126953
262640,normal,390,0,1782361709.1037922,0.0019683837890625
262641,normal,3684,0,1782361709.1059246,0.002132415771484375
262642,normal,1274,0,1782361709.1076312,0.0017066001892089844
262643,normal,1609,0,1782361709.1099179,0.002286672592163086
262644,normal,3581,0,1782361709.111787,0.00186920166015625
262645,normal,1280,0,1782361709.1136372,0.001850128173828125
262646,normal,2392,0,1782361709.115925,0.0022878646850585938
262647,normal,2593,0,1782361709.1177604,0.0018353462219238281
262648,normal,2502,0,1782361709.1198263,0.002065896987915039
262649,normal,152,0,1782361709.1217747,0.0019483566284179688
262650,normal,3203,1,1782361709.123944,0.002169370651245117
262651,normal,3526,0,1782361709.1256192,0.0016751289367675781
262652,normal,2403,0,1782361709.127924,0.0023047924041748047
262653,normal,1970,0,1782361709.1297565,0.0018324851989746094
262654,normal,1537,0,1782361709.1318412,0.0020847320556640625
262655,normal,569,0,1782361709.1338084,0.001967191696166992
262656,normal,3101,1,1782361709.1359322,0.0021238327026367188
262657,normal,471,0,1782361709.1376185,0.0016863346099853516
262658,normal,4,0,1782361709.1399398,0.0023212432861328125
262659,normal,2562,0,1782361709.141789,0.0018491744995117188
262660,normal,332,0,1782361709.1436188,0.0018298625946044922
262661,normal,2627,0,1782361709.145918,0.002299070358276367
262662,normal,1586,0,1782361709.147777,0.0018591880798339844
262663,normal,2439,0,1782361709.1496234,0.0018463134765625
262664,normal,372,0,1782361709.1519446,0.0023212432861328125
262665,normal,803,2,1782361709.153756,0.0018112659454345703
262666,normal,1139,0,1782361709.1558113,0.0020554065704345703
262667,normal,2365,0,1782361709.1576173,0.001806020736694336
262668,normal,1990,0,1782361709.1599357,0.0023183822631835938
262669,normal,466,0,1782361709.161648,0.0017123222351074219
262670,normal,270,0,1782361709.1638017,0.002153635025024414
262671,normal,2433,0,1782361709.1659136,0.0021119117736816406
262672,normal,2930,0,1782361709.1676428,0.0017292499542236328
262673,normal,1418,0,1782361709.16993,0.002287149429321289
262674,normal,2841,0,1782361709.1717622,0.0018322467803955078
262675,normal,1140,0,1782361709.173838,0.002075672149658203
262676,normal,2898,0,1782361709.1758158,0.0019779205322265625
262677,normal,398,0,1782361709.177841,0.002025127410888672
262678,normal,1356,1,1782361709.1798043,0.001963376998901367
262679,normal,3213,1,1782361709.181743,0.0019385814666748047
262680,normal,884,2,1782361709.183952,0.002209186553955078
262681,normal,2982,0,1782361709.1856482,0.0016961097717285156
262682,normal,1867,0,1782361709.1879232,0.0022749900817871094
262683,normal,3383,1,1782361709.1896937,0.0017704963684082031
262684,normal,190,0,1782361709.1917944,0.002100706100463867
262685,normal,1353,1,1782361709.1936924,0.001898050308227539
262686,normal,1477,0,1782361709.1959662,0.0022737979888916016
262687,normal,1255,0,1782361709.197616,0.0016498565673828125
262688,normal,3209,1,1782361709.19998,0.002363920211791992
262689,normal,295,0,1782361709.2016537,0.0016736984252929688
262690,normal,2281,0,1782361709.2039144,0.0022606849670410156
262691,normal,1149,0,1782361709.2056947,0.0017802715301513672
262692,normal,3136,1,1782361709.2079682,0.0022735595703125
262693,normal,380,0,1782361709.2096155,0.0016472339630126953
262694,normal,1762,0,1782361709.212013,0.0023975372314453125
262695,normal,2910,0,1782361709.2137628,0.0017497539520263672
262696,normal,2485,0,1782361709.2158175,0.0020546913146972656
262697,normal,3554,0,1782361709.2178526,0.0020351409912109375
262698,normal,669,0,1782361709.2199347,0.0020821094512939453
262699,normal,1540,0,1782361709.2216172,0.0016825199127197266
262700,normal,2732,0,1782361709.223956,0.002338886260986328
262701,normal,1491,0,1782361709.2257805,0.0018243789672851562
262702,normal,3525,0,1782361709.2276142,0.0018336772918701172
262703,normal,1500,0,1782361709.230005,0.0023908615112304688
262704,normal,2608,0,1782361709.2317643,0.0017592906951904297
262705,normal,1579,0,1782361709.2338164,0.0020520687103271484
262706,normal,277,0,1782361709.235814,0.001997709274291992
262707,normal,2976,0,1782361709.2379146,0.0021004676818847656
262708,normal,2062,0,1782361709.2396154,0.0017008781433105469
262709,normal,132,0,1782361709.241948,0.002332448959350586
262710,normal,1874,0,1782361709.243775,0.0018270015716552734
262711,normal,2386,0,1782361709.2456203,0.0018453598022460938
262712,normal,1035,0,1782361709.2479534,0.0023331642150878906
262713,normal,683,0,1782361709.2497694,0.0018160343170166016
262714,normal,2445,0,1782361709.2516172,0.0018477439880371094
262715,normal,2842,0,1782361709.2538443,0.0022270679473876953
262716,normal,2967,0,1782361709.2559035,0.0020592212677001953
262717,normal,745,0,1782361709.2576036,0.0017001628875732422
262718,normal,113,0,1782361709.2599318,0.002328157424926758
262719,normal,1002,2,1782361709.2618022,0.0018703937530517578
262720,normal,2524,0,1782361709.263908,0.002105712890625
262721,normal,1246,0,1782361709.2659347,0.002026796340942383
262722,normal,2742,0,1782361709.2677906,0.0018558502197265625
262723,normal,3119,1,1782361709.2697716,0.001981019973754883
262724,normal,1749,0,1782361709.2717125,0.0019409656524658203
262725,normal,1209,0,1782361709.2739396,0.0022270679473876953
262726,normal,2192,0,1782361709.2756224,0.0016827583312988281
262727,normal,1101,0,1782361709.2779708,0.0023484230041503906
262728,normal,1479,0,1782361709.279612,0.0016412734985351562
262729,normal,3599,0,1782361709.2817652,0.002153158187866211
262730,normal,3571,0,1782361709.2839365,0.0021712779998779297
262731,normal,1981,0,1782361709.2857773,0.001840829849243164
262732,normal,2585,0,1782361709.2878132,0.002035856246948242
262733,normal,3296,1,1782361709.2898962,0.0020830631256103516
262734,normal,3110,1,1782361709.291849,0.0019526481628417969
262735,normal,634,0,1782361709.2937756,0.0019266605377197266
262736,normal,2772,0,1782361709.2957444,0.001968860626220703
262737,normal,3632,0,1782361709.2979364,0.0021920204162597656
262738,normal,2638,0,1782361709.2996182,0.0016818046569824219
262739,normal,828,2,1782361709.3020198,0.002401590347290039
262740,normal,347,0,1782361709.3037791,0.0017592906951904297
262741,normal,3122,1,1782361709.3058393,0.0020601749420166016
262742,normal,2807,0,1782361709.307776,0.0019366741180419922
262743,normal,1535,0,1782361709.3099225,0.002146482467651367
262744,normal,2998,0,1782361709.3116152,0.0016927719116210938
262745,normal,2362,0,1782361709.3139477,0.002332448959350586
262746,normal,933,2,1782361709.3157883,0.0018405914306640625
262747,normal,821,2,1782361709.3176234,0.0018351078033447266
262748,normal,3253,1,1782361709.319925,0.0023016929626464844
262749,normal,704,0,1782361709.3217628,0.0018377304077148438
262750,normal,3402,0,1782361709.3238423,0.002079486846923828
262751,normal,793,2,1782361709.3257596,0.0019173622131347656
262752,normal,146,0,1782361709.3279378,0.002178192138671875
262753,normal,1989,0,1782361709.3296173,0.0016794204711914062
262754,normal,2142,0,1782361709.3319445,0.0023272037506103516
262755,normal,291,0,1782361709.333778,0.0018334388732910156
262756,normal,2784,0,1782361709.3356209,0.0018429756164550781
262757,normal,1755,0,1782361709.3378603,0.0022394657135009766
262758,normal,638,0,1782361709.3398418,0.001981496810913086
262759,normal,3200,1,1782361709.3417583,0.0019164085388183594
262760,normal,2393,0,1782361709.3436146,0.0018563270568847656
262761,normal,1804,0,1782361709.3458426,0.0022280216217041016
262762,normal,3302,1,1782361709.3477623,0.0019197463989257812
262763,normal,2654,0,1782361709.3498325,0.002070188522338867
262764,normal,2146,0,1782361709.3518255,0.001992940902709961
262765,normal,737,0,1782361709.35357,0.0017445087432861328
262766,normal,1760,0,1782361709.3558688,0.0022988319396972656
262767,normal,1131,0,1782361709.3578403,0.0019714832305908203
262768,normal,2635,0,1782361709.3596025,0.0017621517181396484
262769,normal,2547,0,1782361709.361845,0.002242565155029297
262770,normal,1547,0,1782361709.3638272,0.0019822120666503906
262771,normal,431,0,1782361709.3655767,0.0017495155334472656
262772,normal,2182,0,1782361709.3678741,0.0022974014282226562
262773,normal,1126,0,1782361709.369827,0.0019528865814208984
262774,normal,1508,0,1782361709.3716063,0.001779317855834961
262775,normal,95,0,1782361709.3738756,0.002269268035888672
262776,normal,2672,0,1782361709.3758447,0.0019690990447998047
262777,normal,147,0,1782361709.3777075,0.0018627643585205078
262778,normal,3622,0,1782361709.3798478,0.0021402835845947266
262779,normal,1342,1,1782361709.381845,0.001997232437133789
262780,normal,366,0,1782361709.3836157,0.0017707347869873047
262781,normal,3142,1,1782361709.3858855,0.002269744873046875
262782,normal,1490,0,1782361709.3878539,0.0019683837890625
262783,normal,3108,1,1782361709.389625,0.0017712116241455078
262784,normal,2718,0,1782361709.3918839,0.002258777618408203
262785,normal,2525,0,1782361709.3938403,0.001956462860107422
262786,normal,368,0,1782361709.3955915,0.0017511844635009766
262787,normal,1222,0,1782361709.397886,0.0022945404052734375
262788,normal,537,0,1782361709.3997455,0.001859426498413086
262789,normal,2233,0,1782361709.401706,0.0019605159759521484
262790,normal,974,2,1782361709.4038558,0.002149820327758789
262791,normal,1496,0,1782361709.405697,0.0018413066864013672
262792,normal,3160,1,1782361709.4078329,0.002135753631591797
262793,normal,3440,0,1782361709.409692,0.0018591880798339844
262794,normal,633,0,1782361709.4118254,0.0021333694458007812
262795,normal,1724,0,1782361709.4137359,0.0019104480743408203
262796,normal,2981,0,1782361709.415872,0.00213623046875
262797,normal,421,0,1782361709.4178376,0.0019655227661132812
262798,normal,2942,0,1782361709.4197264,0.0018887519836425781
262799,normal,842,2,1782361709.4218912,0.0021648406982421875
262800,normal,516,0,1782361709.423919,0.002027750015258789
262801,normal,2897,0,1782361709.4256175,0.0016984939575195312
262802,normal,3430,0,1782361709.42765,0.0020325183868408203
262803,normal,2080,0,1782361709.4296188,0.001968860626220703
262804,normal,3395,1,1782361709.4317544,0.0021355152130126953
262805,normal,2866,0,1782361709.433605,0.0018506050109863281
262806,normal,3507,0,1782361709.435768,0.002162933349609375
262807,normal,1839,0,1782361709.4375694,0.0018014907836914062
262808,normal,1146,0,1782361709.4397678,0.002198457717895508
262809,normal,3272,1,1782361709.4417756,0.002007722854614258
262810,normal,2564,0,1782361709.4435556,0.0017800331115722656
262811,normal,2769,0,1782361709.4455793,0.0020236968994140625
262812,normal,492,0,1782361709.4475665,0.0019872188568115234
262813,normal,400,0,1782361709.4497688,0.002202272415161133
262814,normal,2341,0,1782361709.451578,0.0018091201782226562
262815,normal,1539,0,1782361709.453572,0.0019941329956054688
262816,normal,2215,0,1782361709.4555693,0.001997232437133789
262817,normal,1514,0,1782361709.457555,0.001985788345336914
262818,normal,1859,0,1782361709.4595494,0.0019943714141845703
262819,normal,1463,0,1782361709.4616566,0.0021071434020996094
262820,normal,1978,0,1782361709.4635365,0.0018799304962158203
262821,normal,3488,0,1782361709.4655724,0.002035856246948242
262822,normal,2480,0,1782361709.4675648,0.001992464065551758
262823,normal,3227,1,1782361709.4695296,0.0019648075103759766
262824,normal,2729,0,1782361709.4715726,0.002043008804321289
262825,normal,58,0,1782361709.4735909,0.0020182132720947266
262826,normal,2887,0,1782361709.4755697,0.0019788742065429688
262827,normal,2743,0,1782361709.4775555,0.001985788345336914
262828,normal,1376,1,1782361709.479542,0.0019865036010742188
262829,normal,3328,1,1782361709.4818895,0.0023474693298339844
262830,normal,1497,0,1782361709.4838376,0.0019481182098388672
262831,normal,1553,0,1782361709.4856071,0.0017695426940917969
262832,normal,1305,0,1782361709.487789,0.0021817684173583984
262833,normal,120,0,1782361709.4898624,0.002073526382446289
262834,normal,333,0,1782361709.4916131,0.0017507076263427734
262835,normal,1406,0,1782361709.4938881,0.0022749900817871094
262836,normal,3102,1,1782361709.4959178,0.0020296573638916016
262837,normal,1382,0,1782361709.497617,0.001699209213256836
262838,normal,1261,0,1782361709.4998908,0.0022737979888916016
262839,normal,1380,1,1782361709.5019028,0.002012014389038086
262840,normal,2299,0,1782361709.5036142,0.0017113685607910156
262841,normal,2413,0,1782361709.5059078,0.0022935867309570312
262842,normal,2578,0,1782361709.5077505,0.0018427371978759766
262843,normal,653,0,1782361709.509819,0.0020685195922851562
262844,normal,702,0,1782361709.5117223,0.0019032955169677734
262845,normal,891,2,1782361709.513912,0.00218963623046875
262846,normal,2770,0,1782361709.5156155,0.001703500747680664
262847,normal,452,0,1782361709.5178885,0.002273082733154297
262848,normal,1134,0,1782361709.519907,0.002018451690673828
262849,normal,613,0,1782361709.5216138,0.001706838607788086
262850,normal,736,0,1782361709.5238912,0.002277374267578125
262851,normal,3234,1,1782361709.5259073,0.0020160675048828125
262852,normal,54,0,1782361709.5276134,0.0017061233520507812
262853,normal,2950,0,1782361709.5298915,0.0022780895233154297
262854,normal,3506,0,1782361709.5319026,0.0020110607147216797
262855,normal,2575,0,1782361709.5336142,0.0017116069793701172
262856,normal,3355,1,1782361709.5358891,0.0022749900817871094
262857,normal,226,0,1782361709.5379038,0.002014636993408203
262858,normal,3536,0,1782361709.5396152,0.0017113685607910156
262859,normal,1398,0,1782361709.5418906,0.0022754669189453125
262860,normal,258,0,1782361709.5438612,0.001970529556274414
262861,normal,1231,0,1782361709.5455844,0.0017232894897460938
262862,normal,2618,0,1782361709.5477064,0.0021219253540039062
262863,normal,1167,0,1782361709.5497055,0.0019991397857666016
262864,normal,2168,0,1782361709.5516162,0.0019106864929199219
262865,normal,2688,0,1782361709.5537047,0.0020885467529296875
262866,normal,2049,0,1782361709.5556974,0.0019927024841308594
262867,normal,2920,0,1782361709.5575204,0.0018229484558105469
262868,normal,274,0,1782361709.5595508,0.0020303726196289062
262869,normal,1362,1,1782361709.5617495,0.0021986961364746094
262870,normal,801,2,1782361709.5635035,0.0017540454864501953
262871,normal,2959,0,1782361709.565641,0.002137422561645508
262872,normal,929,2,1782361709.5676188,0.0019779205322265625
262873,normal,207,0,1782361709.5695496,0.0019307136535644531
262874,normal,1458,0,1782361709.571848,0.0022983551025390625
262875,normal,104,0,1782361709.5739226,0.002074718475341797
262876,normal,217,0,1782361709.575614,0.0016913414001464844
262877,normal,556,0,1782361709.5778933,0.0022792816162109375
262878,normal,3176,1,1782361709.5799017,0.0020084381103515625
262879,normal,2792,0,1782361709.581614,0.0017123222351074219
262880,normal,1315,0,1782361709.5838997,0.0022857189178466797
262881,normal,3630,0,1782361709.5859087,0.0020089149475097656
262882,normal,2675,0,1782361709.5876143,0.0017056465148925781
262883,normal,340,0,1782361709.5898917,0.002277374267578125
262884,normal,1409,0,1782361709.5919044,0.0020127296447753906
262885,normal,2703,0,1782361709.5936134,0.001708984375
262886,normal,677,0,1782361709.5958917,0.0022783279418945312
262887,normal,1529,0,1782361709.5979018,0.0020101070404052734
262888,normal,2766,0,1782361709.5996134,0.0017116069793701172
262889,normal,3382,1,1782361709.6018662,0.002252817153930664
262890,normal,3264,1,1782361709.603889,0.0020227432250976562
262891,normal,3259,1,1782361709.6055846,0.0016956329345703125
262892,normal,846,2,1782361709.6079066,0.002321958541870117
262893,normal,1071,0,1782361709.6097493,0.0018427371978759766
262894,normal,3491,0,1782361709.611816,0.0020666122436523438
262895,normal,3010,0,1782361709.61373,0.0019140243530273438
262896,normal,3617,0,1782361709.615907,0.002177000045776367
262897,normal,3578,0,1782361709.617613,0.0017061233520507812
262898,normal,63,0,1782361709.619881,0.0022678375244140625
262899,normal,3533,0,1782361709.6219244,0.002043485641479492
262900,normal,3114,1,1782361709.6236126,0.001688241958618164
262901,normal,3608,0,1782361709.6258602,0.0022475719451904297
262902,normal,2765,0,1782361709.6279175,0.002057313919067383
262903,normal,3279,1,1782361709.6296146,0.0016970634460449219
262904,normal,2347,0,1782361709.6318612,0.0022466182708740234
262905,normal,1466,0,1782361709.6338978,0.002036571502685547
262906,normal,1957,0,1782361709.6356432,0.001745462417602539
262907,normal,211,0,1782361709.637869,0.002225637435913086
262908,normal,172,0,1782361709.639758,0.0018892288208007812
262909,normal,607,0,1782361709.6418235,0.002065420150756836
262910,normal,3063,1,1782361709.6437056,0.0018820762634277344
262911,normal,1174,0,1782361709.6457493,0.0020437240600585938
262912,normal,1396,0,1782361709.6478183,0.0020689964294433594
262913,normal,818,2,1782361709.6497083,0.001889944076538086
262914,normal,1670,0,1782361709.6517472,0.0020389556884765625
262915,normal,1847,0,1782361709.6537573,0.0020101070404052734
262916,normal,2747,0,1782361709.655655,0.001897573471069336
262917,normal,1533,0,1782361709.6577327,0.002077817916870117
262918,normal,2865,0,1782361709.6595793,0.0018465518951416016
262919,normal,3364,1,1782361709.661728,0.0021486282348632812
262920,normal,1662,0,1782361709.663785,0.0020570755004882812
262921,normal,124,0,1782361709.6655476,0.0017626285552978516
262922,normal,2503,0,1782361709.667877,0.0023293495178222656
262923,normal,1368,1,1782361709.6699238,0.002046823501586914
262924,normal,2597,0,1782361709.671618,0.0016942024230957031
262925,normal,3043,0,1782361709.673885,0.002267122268676758
262926,normal,2019,0,1782361709.6759088,0.0020236968994140625
262927,normal,1864,0,1782361709.67762,0.001711130142211914
262928,normal,15,0,1782361709.67988,0.002259969711303711
262929,normal,701,0,1782361709.6819012,0.002021312713623047
262930,normal,1196,0,1782361709.6836135,0.0017123222351074219
262931,normal,800,2,1782361709.685888,0.0022745132446289062
262932,normal,847,2,1782361709.6879122,0.0020241737365722656
262933,normal,3570,0,1782361709.6896145,0.0017023086547851562
262934,normal,2398,0,1782361709.6918862,0.0022716522216796875
262935,normal,99,0,1782361709.693906,0.0020198822021484375
262936,normal,1933,0,1782361709.6956122,0.0017061233520507812
262937,normal,2250,0,1782361709.6978931,0.0022809505462646484
262938,normal,2093,0,1782361709.6998484,0.001955270767211914
262939,normal,1404,0,1782361709.7016125,0.001764059066772461
262940,normal,1969,0,1782361709.703899,0.0022864341735839844
262941,normal,2543,0,1782361709.7059045,0.0020055770874023438
262942,normal,2113,0,1782361709.707614,0.0017094612121582031
262943,normal,3420,0,1782361709.7098923,0.0022783279418945312
262944,normal,3517,0,1782361709.7117515,0.0018591880798339844
262945,normal,1888,0,1782361709.71381,0.0020585060119628906
262946,normal,2236,0,1782361709.7157273,0.0019173622131347656
262947,normal,2720,0,1782361709.7179012,0.002173900604248047
262948,normal,2408,0,1782361709.7196136,0.0017123222351074219
262949,normal,2660,0,1782361709.721895,0.0022814273834228516
262950,normal,3001,0,1782361709.723908,0.002012968063354492
262951,normal,1802,0,1782361709.725613,0.001705169677734375
262952,normal,2554,0,1782361709.727894,0.0022809505462646484
262953,normal,2607,0,1782361709.7299132,0.002019166946411133
262954,normal,512,0,1782361709.7315807,0.0016674995422363281
262955,normal,2519,0,1782361709.7339013,0.002320528030395508
262956,normal,2925,0,1782361709.7359073,0.002006053924560547
262957,normal,1161,0,1782361709.737613,0.0017056465148925781
262958,normal,1531,0,1782361709.7398934,0.0022804737091064453
262959,normal,1427,0,1782361709.741903,0.0020096302032470703
262960,normal,3700,0,1782361709.7436132,0.0017101764678955078
262961,normal,703,0,1782361709.745909,0.0022957324981689453
262962,normal,1783,0,1782361709.7478979,0.0019888877868652344
262963,normal,1757,0,1782361709.7496128,0.001714944839477539
262964,normal,3426,0,1782361709.7518919,0.002279043197631836
262965,normal,1856,0,1782361709.753829,0.0019371509552001953
262966,normal,1950,0,1782361709.7556112,0.0017821788787841797
262967,normal,2935,0,1782361709.757893,0.0022819042205810547
262968,normal,1395,0,1782361709.7599034,0.002010345458984375
262969,normal,2360,0,1782361709.761614,0.001710653305053711
262970,normal,3085,1,1782361709.7638936,0.002279520034790039
262971,normal,2221,0,1782361709.7659113,0.0020177364349365234
262972,normal,341,0,1782361709.7676132,0.0017018318176269531
262973,normal,2572,0,1782361709.769899,0.0022857189178466797
262974,normal,2803,0,1782361709.771911,0.002012014389038086
262975,normal,1341,1,1782361709.7736132,0.0017023086547851562
262976,normal,2243,0,1782361709.7758968,0.0022835731506347656
262977,normal,1758,0,1782361709.7777467,0.0018498897552490234
262978,normal,1156,0,1782361709.7798097,0.0020630359649658203
262979,normal,1359,1,1782361709.7817307,0.001920938491821289
262980,normal,2368,0,1782361709.7838252,0.0020945072174072266
262981,normal,1911,0,1782361709.785648,0.0018229484558105469
262982,normal,2894,0,1782361709.7878182,0.002170085906982422
262983,normal,2539,0,1782361709.7898066,0.0019884109497070312
262984,normal,2214,0,1782361709.791611,0.001804351806640625
262985,normal,3138,1,1782361709.7939727,0.002361774444580078
262986,normal,432,0,1782361709.7956107,0.0016379356384277344
262987,normal,2723,0,1782361709.797809,0.0021982192993164062
262988,normal,2298,0,1782361709.7996216,0.0018126964569091797
262989,normal,1075,0,1782361709.801833,0.002211332321166992
262990,normal,2400,0,1782361709.8035607,0.0017278194427490234
262991,normal,2172,0,1782361709.8058233,0.002262592315673828
262992,normal,1089,0,1782361709.8077838,0.0019605159759521484
262993,normal,3325,1,1782361709.8095884,0.0018045902252197266
262994,normal,2832,0,1782361709.8118246,0.0022361278533935547
262995,normal,69,0,1782361709.8137755,0.001950979232788086
262996,normal,357,0,1782361709.815577,0.0018014907836914062
262997,normal,354,0,1782361709.8178253,0.0022482872009277344
262998,normal,1127,0,1782361709.8197782,0.0019528865814208984
262999,normal,2484,0,1782361709.8215756,0.0017974376678466797
263000,normal,2692,0,1782361709.823853,0.002277374267578125
263001,normal,286,0,1782361709.825777,0.0019240379333496094
263002,normal,690,0,1782361709.8275745,0.0017974376678466797
263003,normal,1924,0,1782361709.8298342,0.0022597312927246094
263004,normal,2740,0,1782361709.831776,0.001941680908203125
263005,normal,77,0,1782361709.8335757,0.0017998218536376953
263006,normal,425,0,1782361709.8358352,0.002259492874145508
263007,normal,582,0,1782361709.8377779,0.0019426345825195312
263008,normal,232,0,1782361709.8395758,0.0017979145050048828
263009,normal,2802,0,1782361709.841834,0.00225830078125
263010,normal,2582,0,1782361709.8437762,0.0019421577453613281
263011,normal,3236,1,1782361709.845577,0.0018007755279541016
263012,normal,945,2,1782361709.84784,0.0022630691528320312
263013,normal,3422,0,1782361709.8497787,0.0019385814666748047
263014,normal,1695,0,1782361709.851574,0.0017952919006347656
263015,normal,2565,0,1782361709.853848,0.002274036407470703
263016,normal,792,2,1782361709.8557765,0.001928567886352539
263017,normal,719,0,1782361709.8575742,0.0017976760864257812
263018,normal,256,0,1782361709.8598468,0.0022726058959960938
263019,normal,1939,0,1782361709.861782,0.0019352436065673828
263020,normal,637,0,1782361709.8637936,0.002011537551879883
263021,normal,3077,1,1782361709.8661463,0.0023527145385742188
263022,normal,1835,0,1782361709.867565,0.0014185905456542969
263023,normal,717,0,1782361709.8697724,0.002207517623901367
263024,normal,1210,0,1782361709.8716521,0.0018796920776367188
263025,normal,2755,0,1782361709.8737772,0.0021250247955322266
263026,normal,2160,0,1782361709.8755803,0.0018031597137451172
263027,normal,42,0,1782361709.8778467,0.002266407012939453
263028,normal,1585,0,1782361709.8795931,0.0017464160919189453
263029,normal,3668,0,1782361709.8817596,0.0021665096282958984
263030,normal,1277,0,1782361709.883577,0.001817464828491211
263031,normal,3613,0,1782361709.8857899,0.0022127628326416016
263032,normal,1193,0,1782361709.887577,0.0017871856689453125
263033,normal,886,2,1782361709.8898587,0.002281665802001953
263034,normal,479,0,1782361709.891721,0.0018622875213623047
263035,normal,1323,1,1782361709.893577,0.001856088638305664
263036,normal,1559,0,1782361709.8958573,0.0022802352905273438
263037,normal,973,2,1782361709.8977487,0.0018913745880126953
263038,normal,420,0,1782361709.8995774,0.0018286705017089844
263039,normal,1678,0,1782361709.9018602,0.002282857894897461
263040,normal,560,0,1782361709.903719,0.0018587112426757812
263041,normal,1145,0,1782361709.9055746,0.001855611801147461
263042,normal,1171,0,1782361709.9077747,0.0022001266479492188
263043,normal,2042,0,1782361709.9097774,0.002002716064453125
263044,normal,2775,0,1782361709.9115782,0.0018007755279541016
263045,normal,1899,0,1782361709.9138072,0.002228975296020508
263046,normal,2694,0,1782361709.9157798,0.001972675323486328
263047,normal,157,0,1782361709.9175816,0.0018017292022705078
263048,normal,2602,0,1782361709.9198093,0.002227783203125
263049,normal,3000,0,1782361709.9217777,0.0019683837890625
263050,normal,2311,0,1782361709.9235764,0.0017986297607421875
263051,normal,170,0,1782361709.9258711,0.002294778823852539
263052,normal,932,2,1782361709.9277945,0.0019233226776123047
263053,normal,229,0,1782361709.929576,0.001781463623046875
263054,normal,3020,0,1782361709.9317768,0.0022008419036865234
263055,normal,1833,0,1782361709.933796,0.002019166946411133
263056,normal,3504,0,1782361709.9355788,0.0017828941345214844
263057,normal,3557,0,1782361709.9377813,0.0022025108337402344
263058,normal,2354,0,1782361709.9397779,0.0019965171813964844
263059,normal,779,2,1782361709.9415777,0.0017998218536376953
263060,normal,3378,1,1782361709.94378,0.002202272415161133
263061,normal,899,2,1782361709.9457798,0.0019998550415039062
263062,normal,1106,0,1782361709.9475763,0.0017964839935302734
263063,normal,1854,0,1782361709.949786,0.0022096633911132812
263064,normal,2614,0,1782361709.9517791,0.0019931793212890625
263065,normal,3131,1,1782361709.953577,0.0017979145050048828
263066,normal,3492,0,1782361709.9557881,0.0022110939025878906
263067,normal,2745,0,1782361709.9577804,0.0019922256469726562
263068,normal,1686,0,1782361709.9595757,0.0017952919006347656
263069,normal,1564,0,1782361709.9617906,0.0022149085998535156
263070,normal,271,0,1782361709.9635847,0.0017940998077392578
263071,normal,2636,0,1782361709.9657788,0.0021941661834716797
263072,normal,0,0,1782361709.967593,0.001814126968383789
263073,normal,659,0,1782361709.9697795,0.0021865367889404297
263074,normal,480,0,1782361709.9715772,0.0017976760864257812
263075,normal,1962,0,1782361709.9737952,0.002218008041381836
263076,normal,2735,0,1782361709.975778,0.0019829273223876953
263077,normal,1133,0,1782361709.9775765,0.001798391342163086
263078,normal,1299,0,1782361709.979799,0.0022225379943847656
263079,normal,2356,0,1782361709.98178,0.001981019973754883
263080,normal,2242,0,1782361709.9835763,0.0017962455749511719
263081,normal,2690,0,1782361709.9858332,0.0022568702697753906
263082,normal,2066,0,1782361709.9877868,0.001953601837158203
263083,normal,2026,0,1782361709.9895866,0.0017998218536376953
263084,normal,3312,1,1782361709.991837,0.0022504329681396484
263085,normal,234,0,1782361709.9937878,0.0019507408142089844
263086,normal,3580,0,1782361709.995585,0.0017971992492675781
263087,normal,3210,1,1782361709.9978426,0.0022575855255126953
263088,normal,887,2,1782361709.9997895,0.0019469261169433594
263089,normal,401,0,1782361710.001579,0.0017895698547363281
263090,normal,1659,0,1782361710.0038407,0.002261638641357422
263091,normal,2270,0,1782361710.0057874,0.0019466876983642578
263092,normal,3159,1,1782361710.0075817,0.0017943382263183594
263093,normal,1334,1,1782361710.00985,0.0022683143615722656
263094,normal,2679,0,1782361710.0117865,0.0019364356994628906
263095,normal,1881,0,1782361710.0135803,0.0017938613891601562
263096,normal,1085,0,1782361710.0158522,0.002271890640258789
263097,normal,389,0,1782361710.0177915,0.0019392967224121094
263098,normal,2736,0,1782361710.0195804,0.0017888545989990234
263099,normal,1062,0,1782361710.0218709,0.002290487289428711
263100,normal,1805,0,1782361710.0237908,0.0019199848175048828
263101,normal,3352,1,1782361710.0255795,0.0017886161804199219
263102,normal,3291,1,1782361710.027855,0.0022754669189453125
263103,normal,448,0,1782361710.0297933,0.0019383430480957031
263104,normal,1674,0,1782361710.031582,0.0017888545989990234
263105,normal,2024,0,1782361710.0338562,0.002274036407470703
263106,normal,2112,0,1782361710.0358083,0.0019521713256835938
263107,normal,1519,0,1782361710.0375824,0.0017740726470947266
263108,normal,3550,0,1782361710.0398586,0.002276182174682617
263109,normal,1649,0,1782361710.0418024,0.001943826675415039
263110,normal,3120,1,1782361710.043583,0.0017805099487304688
263111,normal,1705,0,1782361710.0458746,0.0022916793823242188
263112,normal,3556,0,1782361710.0477896,0.00191497802734375
263113,normal,3485,0,1782361710.0495815,0.0017919540405273438
263114,normal,835,2,1782361710.051863,0.0022814273834228516
263115,normal,1194,0,1782361710.0538151,0.0019521713256835938
263116,normal,121,0,1782361710.0555825,0.0017673969268798828
263117,normal,369,0,1782361710.0578592,0.0022766590118408203
263118,normal,1601,0,1782361710.0598183,0.001959085464477539
263119,normal,888,2,1782361710.0615814,0.0017631053924560547
263120,normal,2453,0,1782361710.06386,0.002278566360473633
263121,normal,2325,0,1782361710.0657957,0.001935720443725586
263122,normal,2573,0,1782361710.0675836,0.0017879009246826172
263123,normal,394,0,1782361710.0698638,0.0022802352905273438
263124,normal,127,0,1782361710.0718014,0.0019376277923583984
263125,normal,116,0,1782361710.0735857,0.0017843246459960938
263126,normal,946,2,1782361710.075864,0.0022783279418945312
263127,normal,1179,0,1782361710.0777829,0.001918792724609375
263128,normal,722,0,1782361710.0795777,0.0017948150634765625
263129,normal,555,0,1782361710.081841,0.002263307571411133
263130,normal,1433,0,1782361710.0838969,0.0020558834075927734
263131,normal,1487,0,1782361710.0855672,0.0016703605651855469
263132,normal,2432,0,1782361710.0878725,0.002305269241333008
263133,normal,267,0,1782361710.089788,0.0019154548645019531
263134,normal,1337,1,1782361710.0915816,0.0017936229705810547
263135,normal,2946,0,1782361710.093879,0.0022974014282226562
263136,normal,1912,0,1782361710.0958052,0.0019261837005615234
263137,normal,2816,0,1782361710.097581,0.0017757415771484375
263138,normal,3459,0,1782361710.0998797,0.0022988319396972656
263139,normal,3148,1,1782361710.1017935,0.0019137859344482422
263140,normal,59,0,1782361710.103582,0.0017883777618408203
263141,normal,2460,0,1782361710.1058757,0.002293825149536133
263142,normal,244,0,1782361710.1077945,0.001918792724609375
263143,normal,1773,0,1782361710.109581,0.0017864704132080078
263144,normal,1187,0,1782361710.1118102,0.0022292137145996094
263145,normal,2859,0,1782361710.1138084,0.0019981861114501953
263146,normal,2760,0,1782361710.1156049,0.0017964839935302734
263147,normal,1944,0,1782361710.117888,0.0022830963134765625
263148,normal,1658,0,1782361710.1197975,0.001909494400024414
263149,normal,3369,1,1782361710.1215854,0.0017879009246826172
263150,normal,1378,1,1782361710.123888,0.0023026466369628906
263151,normal,142,0,1782361710.1257894,0.001901388168334961
263152,normal,3470,0,1782361710.127583,0.0017936229705810547
263153,normal,2757,0,1782361710.1298862,0.0023031234741210938
263154,normal,1818,0,1782361710.131807,0.001920938491821289
263155,normal,302,0,1782361710.1335816,0.0017745494842529297
263156,normal,961,2,1782361710.135891,0.0023093223571777344
263157,normal,1580,0,1782361710.137794,0.0019030570983886719
263158,normal,2205,0,1782361710.139599,0.0018050670623779297
263159,normal,3458,0,1782361710.1418893,0.0022902488708496094
263160,normal,2504,0,1782361710.1438053,0.0019159317016601562
263161,normal,2482,0,1782361710.1455824,0.0017771720886230469
263162,normal,1392,0,1782361710.147896,0.0023136138916015625
263163,normal,513,0,1782361710.14979,0.0018939971923828125
263164,normal,2655,0,1782361710.1515849,0.0017948150634765625
263165,normal,177,0,1782361710.1538827,0.0022978782653808594
263166,normal,3463,0,1782361710.155843,0.001960277557373047
263167,normal,1702,0,1782361710.1575706,0.0017275810241699219
263168,normal,2994,0,1782361710.1597967,0.002226114273071289
263169,normal,1987,0,1782361710.16178,0.0019834041595458984
263170,normal,2526,0,1782361710.1635778,0.0017976760864257812
263171,normal,1972,0,1782361710.165778,0.0022001266479492188
263172,normal,3069,1,1782361710.167779,0.002001047134399414
263173,normal,1759,0,1782361710.1695774,0.001798391342163086
263174,normal,3183,1,1782361710.1717818,0.002204418182373047
263175,normal,2643,0,1782361710.1737804,0.0019986629486083984
263176,normal,3456,0,1782361710.1755762,0.0017957687377929688
263177,normal,453,0,1782361710.1777847,0.0022084712982177734
263178,normal,2583,0,1782361710.1797829,0.0019981861114501953
263179,normal,1206,0,1782361710.1815863,0.0018033981323242188
263180,normal,404,0,1782361710.1837876,0.0022013187408447266
263181,normal,2283,0,1782361710.1857839,0.001996278762817383
263182,normal,1155,0,1782361710.1875813,0.0017974376678466797
263183,normal,3502,0,1782361710.1897845,0.002203226089477539
263184,normal,2848,0,1782361710.191776,0.0019915103912353516
263185,normal,1797,0,1782361710.1935773,0.0018012523651123047
263186,normal,2815,0,1782361710.195792,0.002214670181274414
263187,normal,1422,0,1782361710.197783,0.0019910335540771484
263188,normal,778,2,1782361710.1995766,0.0017936229705810547
263189,normal,1871,0,1782361710.2017906,0.0022139549255371094
263190,normal,3615,0,1782361710.203775,0.0019843578338623047
263191,normal,840,2,1782361710.2055798,0.0018048286437988281
263192,normal,3260,1,1782361710.207795,0.002215147018432617
263193,normal,2567,0,1782361710.20978,0.0019850730895996094
263194,normal,1756,0,1782361710.2115757,0.0017957687377929688
263195,normal,1286,0,1782361710.213822,0.0022461414337158203
263196,normal,2826,0,1782361710.2158222,0.0020003318786621094
263197,normal,998,2,1782361710.2175784,0.0017561912536621094
263198,normal,1263,0,1782361710.2198236,0.002245187759399414
263199,normal,991,2,1782361710.2218077,0.001984119415283203
263200,normal,2644,0,1782361710.2235827,0.0017750263214111328
263201,normal,3310,1,1782361710.2258437,0.002260923385620117
263202,normal,1061,0,1782361710.2277875,0.001943826675415039
263203,normal,2789,0,1782361710.2295854,0.0017979145050048828
263204,normal,478,0,1782361710.231835,0.002249479293823242
263205,normal,1092,0,1782361710.233802,0.001967191696166992
263206,normal,3151,1,1782361710.2355845,0.0017824172973632812
263207,normal,2493,0,1782361710.2378306,0.0022461414337158203
263208,normal,3518,0,1782361710.2397966,0.0019659996032714844
263209,normal,2852,0,1782361710.2415853,0.0017886161804199219
263210,normal,1948,0,1782361710.243821,0.0022356510162353516
263211,normal,751,0,1782361710.2457907,0.0019698143005371094
263212,normal,2903,0,1782361710.2475848,0.0017940998077392578
263213,normal,422,0,1782361710.2498536,0.0022687911987304688
263214,normal,3301,1,1782361710.2517934,0.0019397735595703125
263215,normal,2401,0,1782361710.253581,0.0017876625061035156
263216,normal,1904,0,1782361710.2558186,0.002237558364868164
263217,normal,1402,0,1782361710.2578037,0.0019850730895996094
263218,normal,990,2,1782361710.259714,0.0019102096557617188
263219,normal,3012,0,1782361710.2616167,0.0019028186798095703
263220,normal,1637,0,1782361710.2638097,0.002192974090576172
263221,normal,6,0,1782361710.2655833,0.0017735958099365234
263222,normal,1107,0,1782361710.2678087,0.0022253990173339844
263223,normal,1615,0,1782361710.2698045,0.0019958019256591797
263224,normal,1203,0,1782361710.2715788,0.0017743110656738281
263225,normal,3442,0,1782361710.2738607,0.0022819042205810547
263226,normal,3276,1,1782361710.2758114,0.0019507408142089844
263227,normal,1228,0,1782361710.2775798,0.001768350601196289
263228,normal,2725,0,1782361710.2798548,0.0022749900817871094
263229,normal,1388,0,1782361710.2817874,0.0019326210021972656
263230,normal,81,0,1782361710.2835758,0.0017883777618408203
263231,normal,905,2,1782361710.2858255,0.0022497177124023438
263232,normal,417,0,1782361710.2877774,0.0019519329071044922
263233,normal,2529,0,1782361710.2895756,0.0017981529235839844
263234,normal,3604,0,1782361710.2918503,0.002274751663208008
263235,normal,2002,0,1782361710.2938092,0.0019588470458984375
263236,normal,423,0,1782361710.2955787,0.0017695426940917969
263237,normal,1936,0,1782361710.297862,0.002283334732055664
263238,normal,178,0,1782361710.2997918,0.0019297599792480469
263239,normal,3390,1,1782361710.3015802,0.0017883777618408203
263240,normal,573,0,1782361710.3038657,0.002285480499267578
263241,normal,2125,0,1782361710.3058038,0.0019381046295166016
263242,normal,2589,0,1782361710.3075902,0.0017864704132080078
263243,normal,361,0,1782361710.309841,0.00225067138671875
263244,normal,3647,0,1782361710.3118274,0.0019865036010742188
263245,normal,1361,1,1782361710.3135808,0.0017533302307128906
263246,normal,2428,0,1782361710.3158684,0.002287626266479492
263247,normal,61,0,1782361710.317781,0.0019125938415527344
263248,normal,3016,0,1782361710.3195755,0.001794576644897461
263249,normal,892,2,1782361710.32185,0.0022745132446289062
263250,normal,1790,0,1782361710.3237908,0.0019407272338867188
263251,normal,2603,0,1782361710.3255768,0.0017859935760498047
263252,normal,1169,0,1782361710.3278434,0.0022666454315185547
263253,normal,3060,1,1782361710.329781,0.0019376277923583984
263254,normal,1734,0,1782361710.3315752,0.0017940998077392578
263255,normal,1629,0,1782361710.3338459,0.0022706985473632812
263256,normal,3013,0,1782361710.3357842,0.0019383430480957031
263257,normal,2147,0,1782361710.3375602,0.001775979995727539
263258,normal,729,0,1782361710.3398497,0.0022895336151123047
263259,normal,3188,1,1782361710.341789,0.0019392967224121094
263260,normal,2404,0,1782361710.3435767,0.0017876625061035156
263261,normal,1949,0,1782361710.3458507,0.002274036407470703
263262,normal,2902,0,1782361710.347779,0.0019283294677734375
263263,normal,2116,0,1782361710.3497205,0.0019414424896240234
263264,normal,2260,0,1782361710.3515913,0.001870870590209961
263265,normal,3531,0,1782361710.3537726,0.0021812915802001953
263266,normal,2342,0,1782361710.3555765,0.0018038749694824219
263267,normal,3374,1,1782361710.3578506,0.002274036407470703
263268,normal,70,0,1782361710.3595638,0.0017132759094238281
263269,normal,2010,0,1782361710.361767,0.002203226089477539
263270,normal,1593,0,1782361710.3636582,0.0018911361694335938
263271,normal,3184,1,1782361710.3657777,0.0021195411682128906
263272,normal,925,2,1782361710.3675709,0.0017931461334228516
263273,normal,192,0,1782361710.3698611,0.0022902488708496094
263274,normal,3585,0,1782361710.371767,0.0019059181213378906
263275,normal,1668,0,1782361710.37357,0.0018029212951660156
263276,normal,3171,1,1782361710.3757727,0.002202749252319336
263277,normal,923,2,1782361710.3777738,0.002001047134399414
263278,normal,469,0,1782361710.379569,0.0017952919006347656
263279,normal,808,2,1782361710.381775,0.0022058486938476562
263280,normal,2083,0,1782361710.3837695,0.001994609832763672
263281,normal,383,0,1782361710.3855708,0.0018012523651123047
263282,normal,1015,2,1782361710.3877754,0.0022046566009521484
263283,normal,3690,0,1782361710.3897717,0.001996278762817383
263284,normal,2150,0,1782361710.3915687,0.0017969608306884766
263285,normal,2346,0,1782361710.3938165,0.0022478103637695312
263286,normal,1143,0,1782361710.3957691,0.0019526481628417969
263287,normal,1655,0,1782361710.3975692,0.0018000602722167969
263288,normal,3652,0,1782361710.3997798,0.0022106170654296875
263289,normal,1685,0,1782361710.4017704,0.0019905567169189453
263290,normal,3372,1,1782361710.4035687,0.001798391342163086
263291,normal,2542,0,1782361710.405783,0.002214193344116211
263292,normal,765,0,1782361710.407775,0.0019919872283935547
263293,normal,2306,0,1782361710.409569,0.0017940998077392578
263294,normal,3242,1,1782361710.411786,0.0022170543670654297
263295,normal,162,0,1782361710.4137743,0.0019881725311279297
263296,normal,3692,0,1782361710.415569,0.0017948150634765625
263297,normal,2479,0,1782361710.4177861,0.0022170543670654297
263298,normal,151,0,1782361710.4197812,0.001995086669921875
263299,normal,2119,0,1782361710.4215715,0.0017902851104736328
263300,normal,2224,0,1782361710.4237888,0.0022172927856445312
263301,normal,1821,0,1782361710.4257743,0.0019855499267578125
263302,normal,553,0,1782361710.4275737,0.0017993450164794922
263303,normal,1697,0,1782361710.4297898,0.0022161006927490234
263304,normal,136,0,1782361710.431766,0.0019762516021728516
263305,normal,3233,1,1782361710.4335701,0.0018041133880615234
263306,normal,562,0,1782361710.4357917,0.0022215843200683594
263307,normal,611,0,1782361710.4377718,0.0019800662994384766
263308,normal,3341,1,1782361710.439567,0.0017952919006347656
263309,normal,212,0,1782361710.4417953,0.002228260040283203
263310,normal,543,0,1782361710.443808,0.0020127296447753906
263311,normal,3466,0,1782361710.4455774,0.0017693042755126953
263312,normal,1598,0,1782361710.447827,0.0022497177124023438
263313,normal,731,0,1782361710.4497812,0.0019540786743164062
263314,normal,772,2,1782361710.4515703,0.001789093017578125
263315,normal,1443,0,1782361710.4538045,0.002234220504760742
263316,normal,1639,0,1782361710.4558034,0.0019989013671875
263317,normal,3146,1,1782361710.4575763,0.0017728805541992188
263318,normal,2881,0,1782361710.4598415,0.0022652149200439453
263319,normal,2184,0,1782361710.4617827,0.0019412040710449219
263320,normal,1930,0,1782361710.4635794,0.001796722412109375
263321,normal,1967,0,1782361710.4666367,0.003057241439819336
263322,normal,1030,0,1782361710.4678,0.0011632442474365234
263323,normal,1522,0,1782361710.4695625,0.0017626285552978516
263324,normal,1004,2,1782361710.4718251,0.002262592315673828
263325,normal,1684,0,1782361710.4737093,0.0018842220306396484
263326,normal,2512,0,1782361710.4755685,0.0018591880798339844
263327,normal,3443,0,1782361710.4778016,0.0022330284118652344
263328,normal,2245,0,1782361710.4797535,0.0019519329071044922
263329,normal,820,2,1782361710.4815636,0.0018100738525390625
263330,normal,1317,0,1782361710.48381,0.002246379852294922
263331,normal,1252,0,1782361710.4857292,0.0019192695617675781
263332,normal,957,2,1782361710.487575,0.0018458366394042969
263333,normal,3434,0,1782361710.4898064,0.0022313594818115234
263334,normal,1552,0,1782361710.4916575,0.0018510818481445312
263335,normal,1542,0,1782361710.493576,0.0019185543060302734
263336,normal,785,2,1782361710.49579,0.0022139549255371094
263337,normal,1103,0,1782361710.4977355,0.00194549560546875
263338,normal,1524,0,1782361710.499575,0.0018393993377685547
263339,normal,2985,0,1782361710.501811,0.0022361278533935547
263340,normal,2619,0,1782361710.5037186,0.0019075870513916016
263341,normal,3284,1,1782361710.505645,0.001926422119140625
263342,normal,2185,0,1782361710.5078692,0.0022242069244384766
263343,normal,2771,0,1782361710.5097895,0.0019202232360839844
263344,normal,456,0,1782361710.5115788,0.0017893314361572266
263345,normal,1499,0,1782361710.5137885,0.0022096633911132812
263346,normal,568,0,1782361710.5158195,0.002031087875366211
263347,normal,3433,0,1782361710.5175757,0.0017561912536621094
263348,normal,720,0,1782361710.5198581,0.002282381057739258
263349,normal,84,0,1782361710.5217838,0.0019257068634033203
263350,normal,1523,0,1782361710.5235937,0.001809835433959961
263351,normal,3568,0,1782361710.5258539,0.0022602081298828125
263352,normal,2102,0,1782361710.5277886,0.0019347667694091797
263353,normal,93,0,1782361710.5295777,0.001789093017578125
263354,normal,2820,0,1782361710.531858,0.0022802352905273438
263355,normal,1060,0,1782361710.533789,0.0019309520721435547
263356,normal,1943,0,1782361710.5355759,0.001786947250366211
263357,normal,646,0,1782361710.5378606,0.0022847652435302734
263358,normal,461,0,1782361710.5397856,0.0019249916076660156
263359,normal,2633,0,1782361710.5415788,0.0017931461334228516
263360,normal,206,0,1782361710.543809,0.0022301673889160156
263361,normal,692,0,1782361710.5457876,0.001978635787963867
263362,normal,3059,1,1782361710.5475745,0.001786947250366211
263363,normal,2438,0,1782361710.5498695,0.0022950172424316406
263364,normal,1270,0,1782361710.5517821,0.0019125938415527344
263365,normal,51,0,1782361710.5535755,0.0017933845520019531
263366,normal,2120,0,1782361710.5558007,0.002225160598754883
263367,normal,805,2,1782361710.5577862,0.0019855499267578125
263368,normal,1180,0,1782361710.559576,0.0017898082733154297
263369,normal,131,0,1782361710.5618734,0.0022974014282226562
263370,normal,2163,0,1782361710.5638106,0.0019371509552001953
263371,normal,3192,1,1782361710.5655935,0.0017828941345214844
263372,normal,3347,1,1782361710.5678763,0.002282857894897461
263373,normal,913,2,1782361710.569793,0.001916646957397461
263374,normal,550,0,1782361710.5715733,0.0017802715301513672
263375,normal,109,0,1782361710.5738797,0.0023064613342285156
263376,normal,441,0,1782361710.575789,0.0019092559814453125
263377,normal,2069,0,1782361710.5775754,0.0017864704132080078
263378,normal,980,2,1782361710.5798805,0.0023050308227539062
263379,normal,1729,0,1782361710.5817873,0.0019068717956542969
263380,normal,2188,0,1782361710.5835757,0.0017883777618408203
263381,normal,2333,0,1782361710.5858805,0.0023047924041748047
263382,normal,1178,0,1782361710.5877883,0.0019078254699707031
263383,normal,1838,0,1782361710.5895946,0.0018062591552734375
263384,normal,2375,0,1782361710.5918102,0.0022156238555908203
263385,normal,1451,0,1782361710.5938165,0.0020062923431396484
263386,normal,3211,1,1782361710.5955713,0.0017547607421875
263387,normal,1988,0,1782361710.5978918,0.002320528030395508
263388,normal,2854,0,1782361710.5997727,0.0018808841705322266
263389,normal,1367,1,1782361710.60159,0.0018172264099121094
263390,normal,2043,0,1782361710.6038945,0.002304553985595703
263391,normal,3222,1,1782361710.6057768,0.001882314682006836
263392,normal,3007,0,1782361710.6075907,0.0018138885498046875
263393,normal,718,0,1782361710.6098933,0.0023026466369628906
263394,normal,1225,0,1782361710.6117833,0.001889944076538086
263395,normal,3388,1,1782361710.6136048,0.0018215179443359375
263396,normal,2778,0,1782361710.6158242,0.0022194385528564453
263397,normal,3644,0,1782361710.6178148,0.0019905567169189453
263398,normal,812,2,1782361710.6195686,0.0017538070678710938
263399,normal,650,0,1782361710.6218958,0.0023272037506103516
263400,normal,2914,0,1782361710.6238096,0.0019137859344482422
263401,normal,2818,0,1782361710.6255891,0.0017795562744140625
263402,normal,33,0,1782361710.627901,0.0023119449615478516
263403,normal,979,2,1782361710.6297746,0.0018734931945800781
263404,normal,689,0,1782361710.6315875,0.0018129348754882812
263405,normal,2965,0,1782361710.6338925,0.0023050308227539062
263406,normal,3196,1,1782361710.635823,0.0019304752349853516
263407,normal,2085,0,1782361710.6375895,0.0017664432525634766
263408,normal,2179,0,1782361710.6398842,0.002294778823852539
263409,normal,3134,1,1782361710.6418066,0.0019223690032958984
263410,normal,1747,0,1782361710.64359,0.0017833709716796875
263411,normal,857,2,1782361710.645907,0.0023169517517089844
263412,normal,3387,1,1782361710.647806,0.0018990039825439453
263413,normal,1642,0,1782361710.649588,0.0017821788787841797
263414,normal,1001,2,1782361710.6518075,0.0022194385528564453
263415,normal,976,2,1782361710.6537704,0.001962900161743164
263416,normal,706,0,1782361710.6555882,0.0018177032470703125
263417,normal,458,0,1782361710.6578119,0.0022237300872802734
263418,normal,1518,0,1782361710.6598096,0.001997709274291992
263419,normal,1090,0,1782361710.6615913,0.0017817020416259766
263420,normal,882,2,1782361710.6638288,0.002237558364868164
263421,normal,1363,1,1782361710.665809,0.0019800662994384766
263422,normal,2309,0,1782361710.6675706,0.0017616748809814453
263423,normal,2314,0,1782361710.6698122,0.0022416114807128906
263424,normal,3003,0,1782361710.6718056,0.001993417739868164
263425,normal,1870,0,1782361710.6735892,0.001783609390258789
263426,normal,964,2,1782361710.6758168,0.0022275447845458984
263427,normal,2774,0,1782361710.677815,0.0019981861114501953
263428,normal,645,0,1782361710.679588,0.0017731189727783203
263429,normal,3319,1,1782361710.6817987,0.0022106170654296875
263430,normal,2455,0,1782361710.6838102,0.002011537551879883
263431,normal,1006,2,1782361710.6855886,0.0017783641815185547
263432,normal,3019,0,1782361710.6878002,0.0022115707397460938
263433,normal,2045,0,1782361710.689813,0.0020127296447753906
263434,normal,1494,0,1782361710.6915963,0.0017833709716796875
263435,normal,460,0,1782361710.6938272,0.0022308826446533203
263436,normal,2683,0,1782361710.6958156,0.0019884109497070312
263437,normal,269,0,1782361710.697574,0.0017583370208740234
263438,normal,316,0,1782361710.6998243,0.0022504329681396484
263439,normal,1680,0,1782361710.7017736,0.001949310302734375
263440,normal,2647,0,1782361710.70359,0.0018162727355957031
263441,normal,681,0,1782361710.7058303,0.002240419387817383
263442,normal,784,2,1782361710.7077827,0.0019524097442626953
263443,normal,1516,0,1782361710.7095866,0.0018038749694824219
263444,normal,2449,0,1782361710.7118342,0.0022475719451904297
263445,normal,1997,0,1782361710.7137923,0.001958131790161133
263446,normal,742,0,1782361710.7155771,0.0017848014831542969
263447,normal,509,0,1782361710.7178307,0.0022535324096679688
263448,normal,213,0,1782361710.7197795,0.0019488334655761719
263449,normal,218,0,1782361710.7215803,0.0018007755279541016
263450,normal,2928,0,1782361710.7238128,0.0022325515747070312
263451,normal,78,0,1782361710.7258153,0.0020024776458740234
263452,normal,2576,0,1782361710.727573,0.0017576217651367188
263453,normal,954,2,1782361710.729838,0.0022649765014648438
263454,normal,1460,0,1782361710.7317731,0.0019352436065673828
263455,normal,3545,0,1782361710.7335901,0.0018169879913330078
263456,normal,403,0,1782361710.7358413,0.002251148223876953
263457,normal,373,0,1782361710.7377641,0.0019228458404541016
263458,normal,48,0,1782361710.7395906,0.0018265247344970703
263459,normal,757,0,1782361710.7418115,0.0022208690643310547
263460,normal,2077,0,1782361710.7438264,0.0020148754119873047
263461,normal,1538,0,1782361710.7455678,0.0017414093017578125
263462,normal,491,0,1782361710.747845,0.0022771358489990234
263463,normal,1801,0,1782361710.7498162,0.0019712448120117188
263464,normal,1163,0,1782361710.7515905,0.0017743110656738281
263465,normal,108,0,1782361710.7538443,0.0022537708282470703
263466,normal,3431,0,1782361710.7558174,0.0019731521606445312
263467,normal,188,0,1782361710.7575881,0.0017707347869873047
263468,normal,1788,0,1782361710.759852,0.002263784408569336
263469,normal,942,2,1782361710.7618184,0.0019664764404296875
263470,normal,982,2,1782361710.763569,0.0017507076263427734
263471,normal,1202,0,1782361710.7658467,0.0022776126861572266
263472,normal,325,0,1782361710.7677782,0.0019314289093017578
263473,normal,2649,0,1782361710.7695808,0.001802682876586914
263474,normal,2676,0,1782361710.771835,0.0022542476654052734
263475,normal,3516,0,1782361710.7737572,0.0019221305847167969
263476,normal,2291,0,1782361710.7755935,0.0018362998962402344
263477,normal,970,2,1782361710.7778373,0.0022437572479248047
263478,normal,3266,1,1782361710.7797673,0.0019299983978271484
263479,normal,2308,0,1782361710.7815905,0.0018231868743896484
263480,normal,2118,0,1782361710.7838383,0.0022478103637695312
263481,normal,2235,0,1782361710.7857704,0.0019321441650390625
263482,normal,14,0,1782361710.7875893,0.0018188953399658203
263483,normal,349,0,1782361710.7898495,0.0022602081298828125
263484,normal,3357,1,1782361710.7917926,0.0019431114196777344
263485,normal,2919,0,1782361710.7935698,0.0017771720886230469
263486,normal,1459,0,1782361710.7958431,0.0022733211517333984
263487,normal,2598,0,1782361710.7977698,0.0019266605377197266
263488,normal,2969,0,1782361710.7995894,0.001819610595703125
263489,normal,2352,0,1782361710.8018453,0.0022559165954589844
263490,normal,2462,0,1782361710.8037877,0.0019423961639404297
263491,normal,589,0,1782361710.805571,0.0017833709716796875
263492,normal,1125,0,1782361710.8078506,0.002279520034790039
263493,normal,1124,0,1782361710.8097672,0.001916646957397461
263494,normal,3415,0,1782361710.811581,0.001813650131225586
263495,normal,2874,0,1782361710.8138454,0.0022644996643066406
263496,normal,3436,0,1782361710.8157604,0.00191497802734375
263497,normal,3482,0,1782361710.8175826,0.0018222332000732422
263498,normal,241,0,1782361710.8198493,0.0022666454315185547
263499,normal,3118,1,1782361710.8217692,0.0019199848175048828
263500,normal,2390,0,1782361710.8235807,0.0018115043640136719
263501,normal,3579,0,1782361710.8258495,0.0022687911987304688
263502,normal,2030,0,1782361710.827764,0.0019145011901855469
263503,normal,497,0,1782361710.8295803,0.0018162727355957031
263504,normal,493,0,1782361710.8318572,0.002276897430419922
263505,normal,993,2,1782361710.8337736,0.0019164085388183594
263506,normal,501,0,1782361710.8355818,0.00180816650390625
263507,normal,3156,1,1782361710.837853,0.0022711753845214844
263508,normal,3673,0,1782361710.839772,0.0019190311431884766
263509,normal,2320,0,1782361710.841564,0.0017919540405273438
263510,normal,714,0,1782361710.8437793,0.0022153854370117188
263511,normal,387,0,1782361710.8457625,0.001983165740966797
263512,normal,193,0,1782361710.8475804,0.001817941665649414
263513,normal,1510,0,1782361710.8497777,0.002197265625
263514,normal,2312,0,1782361710.8517787,0.002001047134399414
263515,normal,2751,0,1782361710.8535657,0.001786947250366211
263516,normal,1141,0,1782361710.8557873,0.0022215843200683594
263517,normal,1528,0,1782361710.8577693,0.001981973648071289
263518,normal,348,0,1782361710.859565,0.0017957687377929688
263519,normal,1109,0,1782361710.8617866,0.0022215843200683594
263520,normal,1617,0,1782361710.8637707,0.001984119415283203
263521,normal,1077,0,1782361710.8655634,0.0017926692962646484
263522,normal,1503,0,1782361710.8677773,0.0022139549255371094
263523,normal,3342,1,1782361710.8697686,0.00199127197265625
263524,normal,3191,1,1782361710.871563,0.0017943382263183594
263525,normal,3439,0,1782361710.8737779,0.0022149085998535156
263526,normal,2059,0,1782361710.8757792,0.0020012855529785156
263527,normal,864,2,1782361710.877564,0.0017848014831542969
263528,normal,992,2,1782361710.8797786,0.002214670181274414
263529,normal,1014,2,1782361710.881769,0.0019903182983398438
263530,normal,836,2,1782361710.8835628,0.0017938613891601562
263531,normal,3289,1,1782361710.885784,0.0022211074829101562
263532,normal,3361,1,1782361710.887772,0.0019881725311279297
263533,normal,1575,0,1782361710.8895645,0.0017924308776855469
263534,normal,2948,0,1782361710.8917792,0.002214670181274414
263535,normal,1319,1,1782361710.8937702,0.0019910335540771484
263536,normal,2293,0,1782361710.8955631,0.00179290771484375
263537,normal,1009,2,1782361710.8975823,0.002019166946411133
263538,normal,44,0,1782361710.8997455,0.0021631717681884766
263539,normal,3130,1,1782361710.9015808,0.0018353462219238281
263540,normal,2055,0,1782361710.9037778,0.0021970272064208984
263541,normal,2212,0,1782361710.905762,0.001984119415283203
263542,normal,2097,0,1782361710.907565,0.0018031597137451172
263543,normal,1689,0,1782361710.9097857,0.002220630645751953
263544,normal,1236,0,1782361710.91177,0.0019843578338623047
263545,normal,1114,0,1782361710.9135628,0.0017926692962646484
263546,normal,902,2,1782361710.9157965,0.002233743667602539
263547,normal,2302,0,1782361710.917732,0.0019354820251464844
263548,normal,350,0,1782361710.9195817,0.0018496513366699219
263549,normal,2849,0,1782361710.9217806,0.002198934555053711
263550,normal,2571,0,1782361710.9237921,0.002011537551879883
263551,normal,2301,0,1782361710.925571,0.0017788410186767578
263552,normal,2318,0,1782361710.9277885,0.002217531204223633
263553,normal,661,0,1782361710.9297678,0.001979351043701172
263554,normal,3058,1,1782361710.9315891,0.001821279525756836
263555,normal,1351,1,1782361710.9338117,0.0022225379943847656
263556,normal,82,0,1782361710.9355981,0.0017864704132080078
263557,normal,3247,1,1782361710.9375348,0.0019366741180419922
263558,normal,575,0,1782361710.939779,0.002244234085083008
263559,normal,1350,1,1782361710.9417727,0.0019936561584472656
263560,normal,540,0,1782361710.943531,0.0017583370208740234
263561,normal,3052,1,1782361710.945782,0.0022509098052978516
263562,normal,3695,0,1782361710.9477727,0.001990795135498047
263563,normal,2266,0,1782361710.9495714,0.0017986297607421875
263564,normal,1189,0,1782361710.9517703,0.002198934555053711
263565,normal,783,2,1782361710.953781,0.0020105838775634766
263566,normal,1713,0,1782361710.955573,0.0017921924591064453
263567,normal,3047,1,1782361710.9577699,0.002196788787841797
263568,normal,130,0,1782361710.9597626,0.0019927024841308594
263569,normal,2285,0,1782361710.9615724,0.001809835433959961
263570,normal,881,2,1782361710.9637697,0.002197265625
263571,normal,3472,0,1782361710.96581,0.002040386199951172
263572,normal,1164,0,1782361710.967572,0.0017619132995605469
263573,normal,959,2,1782361710.9697707,0.0021986961364746094
263574,normal,1308,0,1782361710.9717643,0.0019936561584472656
263575,normal,1914,0,1782361710.973572,0.0018076896667480469
263576,normal,1444,0,1782361710.9757693,0.002197265625
263577,normal,2226,0,1782361710.9777696,0.0020003318786621094
263578,normal,579,0,1782361710.979573,0.0018033981323242188
263579,normal,3592,0,1782361710.9817715,0.002198457717895508
263580,normal,960,2,1782361710.9837286,0.0019571781158447266
263581,normal,2793,0,1782361710.9855702,0.0018415451049804688
263582,normal,1074,0,1782361710.9877694,0.0021991729736328125
263583,normal,2701,0,1782361710.9897585,0.001989126205444336
263584,normal,243,0,1782361710.9915714,0.0018129348754882812
263585,normal,481,0,1782361710.9937694,0.0021979808807373047
263586,normal,1721,0,1782361710.9957697,0.0020003318786621094
263587,normal,2124,0,1782361710.997573,0.0018031597137451172
263588,normal,819,2,1782361710.9998221,0.0022492408752441406
263589,normal,734,0,1782361711.001759,0.0019369125366210938
263590,normal,3207,1,1782361711.00357,0.0018110275268554688
263591,normal,983,2,1782361711.005823,0.002252817153930664
263592,normal,670,0,1782361711.0077562,0.0019333362579345703
263593,normal,2145,0,1782361711.009573,0.0018167495727539062
263594,normal,2911,0,1782361711.0118303,0.0022573471069335938
263595,normal,2267,0,1782361711.013767,0.0019366741180419922
263596,normal,1100,0,1782361711.015572,0.0018050670623779297
263597,normal,3017,0,1782361711.017833,0.002260923385620117
263598,normal,1254,0,1782361711.0197604,0.0019273757934570312
263599,normal,3428,0,1782361711.0215719,0.0018115043640136719
263600,normal,2521,0,1782361711.023769,0.0021970272064208984
263601,normal,1059,0,1782361711.025756,0.001986980438232422
263602,normal,338,0,1782361711.0275714,0.0018155574798583984
263603,normal,625,0,1782361711.0298352,0.002263784408569336
263604,normal,917,2,1782361711.0317671,0.001931905746459961
263605,normal,374,0,1782361711.0335703,0.0018031597137451172
263606,normal,496,0,1782361711.0357687,0.002198457717895508
263607,normal,3397,1,1782361711.0378118,0.002043008804321289
263608,normal,854,2,1782361711.0395706,0.0017588138580322266
263609,normal,599,0,1782361711.041769,0.002198457717895508
263610,normal,2711,0,1782361711.0437562,0.0019872188568115234
263611,normal,759,0,1782361711.0455718,0.0018155574798583984
263612,normal,395,0,1782361711.0477684,0.0021965503692626953
263613,normal,2901,0,1782361711.04975,0.0019817352294921875
263614,normal,1481,0,1782361711.0515697,0.001819610595703125
263615,normal,139,0,1782361711.0537682,0.002198457717895508
263616,normal,1005,2,1782361711.0557616,0.001993417739868164
263617,normal,1581,0,1782361711.0575702,0.0018086433410644531
263618,normal,2532,0,1782361711.0597684,0.0021982192993164062
263619,normal,168,0,1782361711.0617478,0.001979351043701172
263620,normal,1493,0,1782361711.0635705,0.0018227100372314453
263621,normal,3375,1,1782361711.0657856,0.002215147018432617
263622,normal,1330,1,1782361711.0682516,0.002465963363647461
263623,normal,1744,0,1782361711.0697749,0.0015232563018798828
263624,normal,2144,0,1782361711.0715756,0.0018007755279541016
263625,normal,2399,0,1782361711.0738335,0.002257823944091797
263626,normal,3333,1,1782361711.0755672,0.0017337799072265625
263627,normal,186,0,1782361711.0778077,0.002240419387817383
263628,normal,2927,0,1782361711.0798311,0.002023458480834961
263629,normal,2486,0,1782361711.081568,0.0017368793487548828
263630,normal,2518,0,1782361711.0838087,0.0022406578063964844
263631,normal,2313,0,1782361711.085703,0.001894235610961914
263632,normal,2141,0,1782361711.087582,0.0018792152404785156
263633,normal,639,0,1782361711.089798,0.002215862274169922
263634,normal,1393,0,1782361711.091726,0.001928091049194336
263635,normal,855,2,1782361711.0935826,0.0018565654754638672
263636,normal,1561,0,1782361711.0958147,0.002232074737548828
263637,normal,2288,0,1782361711.0976584,0.0018436908721923828
263638,normal,2203,0,1782361711.099583,0.0019245147705078125
263639,normal,1576,0,1782361711.1017978,0.0022149085998535156
263640,normal,3457,0,1782361711.1036515,0.0018537044525146484
263641,normal,314,0,1782361711.1055818,0.00193023681640625
263642,normal,1208,0,1782361711.1078181,0.0022363662719726562
263643,normal,921,2,1782361711.1096277,0.0018095970153808594
263644,normal,2114,0,1782361711.1115735,0.0019457340240478516
263645,normal,3558,0,1782361711.1137962,0.002222776412963867
263646,normal,2189,0,1782361711.1157997,0.0020034313201904297
263647,normal,1875,0,1782361711.1175814,0.0017817020416259766
263648,normal,67,0,1782361711.119804,0.0022225379943847656
263649,normal,2710,0,1782361711.1217916,0.0019876956939697266
263650,normal,1373,1,1782361711.1235871,0.0017955303192138672
263651,normal,603,0,1782361711.1258068,0.002219676971435547
263652,normal,2617,0,1782361711.127775,0.0019681453704833984
263653,normal,242,0,1782361711.129582,0.0018069744110107422
263654,normal,1597,0,1782361711.1318066,0.0022246837615966797
263655,normal,3548,0,1782361711.1337883,0.0019817352294921875
263656,normal,2768,0,1782361711.135584,0.0017957687377929688
263657,normal,2028,0,1782361711.1378047,0.002220630645751953
263658,normal,530,0,1782361711.1397843,0.0019795894622802734
263659,normal,2466,0,1782361711.1415808,0.0017964839935302734
263660,normal,3539,0,1782361711.1438086,0.002227783203125
263661,normal,3281,1,1782361711.1457858,0.001977205276489258
263662,normal,413,0,1782361711.1475797,0.0017938613891601562
263663,normal,2947,0,1782361711.149812,0.0022323131561279297
263664,normal,570,0,1782361711.1517813,0.0019693374633789062
263665,normal,2795,0,1782361711.1535826,0.0018012523651123047
263666,normal,2256,0,1782361711.1559095,0.00232696533203125
263667,normal,2506,0,1782361711.157697,0.001787424087524414
263668,normal,1517,0,1782361711.1599324,0.00223541259765625
263669,normal,2953,0,1782361711.161723,0.0017905235290527344
263670,normal,3072,1,1782361711.1638787,0.002155780792236328
263671,normal,2839,0,1782361711.1657627,0.0018839836120605469
263672,normal,1715,0,1782361711.1679382,0.002175569534301758
263673,normal,977,2,1782361711.169685,0.0017466545104980469
263674,normal,3625,0,1782361711.1718802,0.0021953582763671875
263675,normal,414,0,1782361711.173572,0.0016918182373046875
263676,normal,566,0,1782361711.1758742,0.0023021697998046875
263677,normal,87,0,1782361711.1776483,0.0017740726470947266
263678,normal,296,0,1782361711.1796343,0.0019860267639160156
263679,normal,3365,1,1782361711.1818144,0.0021800994873046875
263680,normal,3265,1,1782361711.1836045,0.0017900466918945312
263681,normal,1389,0,1782361711.185787,0.002182483673095703
263682,normal,514,0,1782361711.1879258,0.002138853073120117
263683,normal,1115,0,1782361711.189658,0.0017321109771728516
263684,normal,138,0,1782361711.1916757,0.0020177364349365234
263685,normal,3187,1,1782361711.1940143,0.0023386478424072266
263686,normal,2875,0,1782361711.1957796,0.0017652511596679688
263687,normal,2,0,1782361711.1977828,0.002003192901611328
263688,normal,2560,0,1782361711.1997027,0.0019199848175048828
263689,normal,468,0,1782361711.2015815,0.0018787384033203125
263690,normal,3596,0,1782361711.2037723,0.002190828323364258
263691,normal,1407,0,1782361711.2057815,0.002009153366088867
263692,normal,1067,0,1782361711.207703,0.0019216537475585938
263693,normal,467,0,1782361711.2097301,0.0020270347595214844
263694,normal,2317,0,1782361711.2118013,0.0020711421966552734
263695,normal,2773,0,1782361711.2136974,0.0018961429595947266
263696,normal,3340,1,1782361711.215722,0.0020246505737304688
263697,normal,875,2,1782361711.2177517,0.0020296573638916016
263698,normal,2487,0,1782361711.2195938,0.0018420219421386719
263699,normal,2420,0,1782361711.2217288,0.002135038375854492
263700,normal,105,0,1782361711.2237158,0.001986980438232422
263701,normal,3582,0,1782361711.22558,0.0018641948699951172
263702,normal,2187,0,1782361711.2276163,0.0020363330841064453
263703,normal,3103,1,1782361711.2295742,0.0019578933715820312
263704,normal,1091,0,1782361711.2316,0.0020258426666259766
263705,normal,2191,0,1782361711.2337325,0.002132415771484375
263706,normal,26,0,1782361711.235588,0.001855611801147461
263707,normal,3246,1,1782361711.2377083,0.0021202564239501953
263708,normal,1234,0,1782361711.239605,0.0018966197967529297
263709,normal,694,0,1782361711.2416356,0.002030611038208008
263710,normal,727,0,1782361711.2435913,0.001955747604370117
263711,normal,22,0,1782361711.2456598,0.0020685195922851562
263712,normal,1900,0,1782361711.2476857,0.0020258426666259766
263713,normal,2467,0,1782361711.2495935,0.0019078254699707031
263714,normal,2563,0,1782361711.2516444,0.0020508766174316406
263715,normal,3602,0,1782361711.253655,0.0020105838775634766
263716,normal,837,2,1782361711.255555,0.0018999576568603516
263717,normal,1289,0,1782361711.2576544,0.0020995140075683594
263718,normal,788,2,1782361711.2596574,0.0020029544830322266
263719,normal,2535,0,1782361711.2615411,0.0018837451934814453
263720,normal,2262,0,1782361711.2636821,0.0021409988403320312
263721,normal,3451,0,1782361711.2656481,0.0019659996032714844
263722,normal,1199,0,1782361711.2675748,0.0019266605377197266
263723,normal,1977,0,1782361711.2696338,0.0020589828491210938
263724,normal,2064,0,1782361711.271649,0.0020151138305664062
263725,normal,342,0,1782361711.2735455,0.0018966197967529297
263726,normal,2130,0,1782361711.275545,0.001999378204345703
263727,normal,2689,0,1782361711.2775564,0.002011537551879883
263728,normal,3353,1,1782361711.2796357,0.0020792484283447266
263729,normal,3167,1,1782361711.2815473,0.0019116401672363281
263730,normal,473,0,1782361711.2837837,0.0022363662719726562
263731,normal,1718,0,1782361711.2855244,0.0017406940460205078
263732,normal,317,0,1782361711.287785,0.0022606849670410156
263733,normal,716,0,1782361711.2897604,0.0019752979278564453
263734,normal,1922,0,1782361711.2915664,0.001806020736694336
263735,normal,2094,0,1782361711.2938244,0.0022580623626708984
263736,normal,281,0,1782361711.295764,0.001939535140991211
263737,normal,3637,0,1782361711.2976332,0.00186920166015625
263738,normal,1237,0,1782361711.2998679,0.0022346973419189453
263739,normal,255,0,1782361711.3017757,0.0019078254699707031
263740,normal,2611,0,1782361711.3036044,0.0018286705017089844
263741,normal,730,0,1782361711.305789,0.002184629440307617
263742,normal,749,0,1782361711.3078556,0.0020666122436523438
263743,normal,355,0,1782361711.3097754,0.0019197463989257812
263744,normal,1669,0,1782361711.3119075,0.0021321773529052734
263745,normal,2527,0,1782361711.313921,0.0020134449005126953
263746,normal,651,0,1782361711.3156393,0.001718282699584961
263747,normal,586,0,1782361711.3178642,0.0022249221801757812
263748,normal,1313,0,1782361711.3197699,0.001905679702758789
263749,normal,3636,0,1782361711.3216014,0.0018315315246582031
263750,normal,3230,1,1782361711.3238623,0.002260923385620117
263751,normal,2552,0,1782361711.3257542,0.0018918514251708984
263752,normal,866,2,1782361711.327604,0.0018498897552490234
263753,normal,2231,0,1782361711.3296163,0.0020122528076171875
263754,normal,3299,1,1782361711.3317595,0.0021431446075439453
263755,normal,1846,0,1782361711.333605,0.0018455982208251953
263756,normal,1876,0,1782361711.3357875,0.002182483673095703
263757,normal,424,0,1782361711.33778,0.001992464065551758
263758,normal,1657,0,1782361711.339605,0.001825094223022461
263759,normal,3024,0,1782361711.3417788,0.0021736621856689453
263760,normal,908,2,1782361711.343832,0.0020532608032226562
263761,normal,971,2,1782361711.3455977,0.0017657279968261719
263762,normal,760,0,1782361711.347781,0.002183198928833008
263763,normal,1775,0,1782361711.3498385,0.0020575523376464844
263764,normal,1027,2,1782361711.3516061,0.0017676353454589844
263765,normal,3306,1,1782361711.353717,0.0021109580993652344
263766,normal,3346,1,1782361711.355785,0.0020678043365478516
263767,normal,2126,0,1782361711.3576035,0.0018186569213867188
263768,normal,2337,0,1782361711.3597834,0.002179861068725586
263769,normal,2794,0,1782361711.3619046,0.0021212100982666016
263770,normal,1455,0,1782361711.363608,0.0017032623291015625
263771,normal,2329,0,1782361711.3658063,0.002198457717895508
263772,normal,197,0,1782361711.3678343,0.0020279884338378906
263773,normal,2777,0,1782361711.3696103,0.001775979995727539
263774,normal,3453,0,1782361711.371826,0.0022156238555908203
263775,normal,544,0,1782361711.3738325,0.00200653076171875
263776,normal,2424,0,1782361711.3756468,0.0018143653869628906
263777,normal,3612,0,1782361711.3777883,0.0021414756774902344
263778,normal,60,0,1782361711.3798306,0.0020422935485839844
263779,normal,100,0,1782361711.3816502,0.001819610595703125
263780,normal,1119,0,1782361711.383789,0.002138853073120117
263781,normal,1314,0,1782361711.3858297,0.0020406246185302734
263782,normal,3030,0,1782361711.3876476,0.001817941665649414
263783,normal,1726,0,1782361711.3897913,0.0021436214447021484
263784,normal,21,0,1782361711.391828,0.0020368099212646484
263785,normal,3508,0,1782361711.3936439,0.0018157958984375
263786,normal,1401,0,1782361711.395786,0.002142190933227539
263787,normal,2634,0,1782361711.3978221,0.0020360946655273438
263788,normal,2200,0,1782361711.3996298,0.0018076896667480469
263789,normal,1613,0,1782361711.4017894,0.002159595489501953
263790,normal,3611,0,1782361711.4038393,0.0020499229431152344
263791,normal,2488,0,1782361711.4056451,0.0018057823181152344
263792,normal,2338,0,1782361711.407788,0.0021429061889648438
263793,normal,1845,0,1782361711.4098294,0.002041339874267578
263794,normal,41,0,1782361711.4116313,0.0018019676208496094
263795,normal,1716,0,1782361711.4137843,0.0021529197692871094
263796,normal,238,0,1782361711.4158306,0.002046346664428711
263797,normal,2207,0,1782361711.417641,0.001810312271118164
263798,normal,1043,0,1782361711.4197955,0.0021545886993408203
263799,normal,1052,0,1782361711.4218283,0.002032756805419922
263800,normal,2596,0,1782361711.423636,0.0018076896667480469
263801,normal,1610,0,1782361711.4258034,0.0021674633026123047
263802,normal,539,0,1782361711.4278228,0.0020194053649902344
263803,normal,2458,0,1782361711.429645,0.0018222332000732422
263804,normal,1937,0,1782361711.4318237,0.002178668975830078
263805,normal,2641,0,1782361711.4338346,0.002010822296142578
263806,normal,3029,0,1782361711.4356444,0.001809835433959961
263807,normal,2662,0,1782361711.437796,0.0021517276763916016
263808,normal,2054,0,1782361711.439913,0.0021169185638427734
263809,normal,1511,0,1782361711.441646,0.0017330646514892578
263810,normal,2110,0,1782361711.443904,0.002257823944091797
263811,normal,2570,0,1782361711.4458652,0.001961231231689453
263812,normal,2801,0,1782361711.447789,0.0019237995147705078
263813,normal,2495,0,1782361711.4498355,0.0020465850830078125
263814,normal,3054,1,1782361711.4518988,0.002063274383544922
263815,normal,3665,0,1782361711.4536572,0.0017583370208740234
263816,normal,292,0,1782361711.455882,0.0022249221801757812
263817,normal,359,0,1782361711.457868,0.0019860267639160156
263818,normal,1628,0,1782361711.459795,0.0019268989562988281
263819,normal,1812,0,1782361711.4619153,0.0021202564239501953
263820,normal,418,0,1782361711.4639237,0.0020084381103515625
263821,normal,1036,0,1782361711.465648,0.0017242431640625
263822,normal,1582,0,1782361711.467801,0.002153158187866211
263823,normal,9,0,1782361711.4698443,0.0020432472229003906
263824,normal,3334,1,1782361711.4717855,0.0019412040710449219
263825,normal,2134,0,1782361711.4738255,0.0020399093627929688
263826,normal,3199,1,1782361711.475923,0.002097606658935547
263827,normal,3292,1,1782361711.477643,0.0017199516296386719
263828,normal,3371,1,1782361711.4799223,0.0022792816162109375
263829,normal,2418,0,1782361711.4818437,0.0019214153289794922
263830,normal,1446,0,1782361711.4837632,0.0019195079803466797
263831,normal,2906,0,1782361711.485848,0.0020847320556640625
263832,normal,29,0,1782361711.4878392,0.00199127197265625
263833,normal,1952,0,1782361711.489786,0.0019466876983642578
263834,normal,498,0,1782361711.4918458,0.0020599365234375
263835,normal,860,2,1782361711.4938989,0.0020530223846435547
263836,normal,927,2,1782361711.495611,0.0017120838165283203
263837,normal,2060,0,1782361711.4978378,0.0022268295288085938
263838,normal,2933,0,1782361711.4998326,0.0019948482513427734
263839,normal,2050,0,1782361711.5016341,0.0018014907836914062
263840,normal,1671,0,1782361711.503816,0.0021817684173583984
263841,normal,3091,1,1782361711.5058315,0.0020155906677246094
263842,normal,3583,0,1782361711.5076807,0.0018491744995117188
263843,normal,1746,0,1782361711.509606,0.0019252300262451172
263844,normal,1698,0,1782361711.5118248,0.002218961715698242
263845,normal,610,0,1782361711.5136468,0.0018219947814941406
263846,normal,1426,0,1782361711.5158093,0.002162456512451172
263847,normal,1472,0,1782361711.5178204,0.0020110607147216797
263848,normal,137,0,1782361711.5197856,0.0019652843475341797
263849,normal,2063,0,1782361711.521861,0.0020754337310791016
263850,normal,3437,0,1782361711.5239406,0.002079486846923828
263851,normal,3688,0,1782361711.5256484,0.0017077922821044922
263852,normal,2382,0,1782361711.5277722,0.0021238327026367188
263853,normal,2252,0,1782361711.5298247,0.0020525455474853516
263854,normal,2640,0,1782361711.5317829,0.001958131790161133
263855,normal,2377,0,1782361711.5338817,0.0020987987518310547
263856,normal,2442,0,1782361711.5359316,0.0020499229431152344
263857,normal,1526,0,1782361711.5376482,0.00171661376953125
263858,normal,3275,1,1782361711.539944,0.0022957324981689453
263859,normal,2522,0,1782361711.541648,0.0017039775848388672
263860,normal,1413,0,1782361711.5438583,0.002210378646850586
263861,normal,2918,0,1782361711.5456862,0.0018279552459716797
263862,normal,3381,1,1782361711.5478077,0.002121448516845703
263863,normal,732,0,1782361711.5496023,0.001794576644897461
263864,normal,2728,0,1782361711.5516021,0.0019998550415039062
263865,normal,204,0,1782361711.5537589,0.0021567344665527344
263866,normal,2569,0,1782361711.5556073,0.001848459243774414
263867,normal,2892,0,1782361711.557683,0.002075672149658203
263868,normal,1212,0,1782361711.5596144,0.0019314289093017578
263869,normal,632,0,1782361711.5617912,0.0021767616271972656
263870,normal,1827,0,1782361711.5636072,0.0018160343170166016
263871,normal,1837,0,1782361711.565582,0.001974821090698242
263872,normal,1436,0,1782361711.567799,0.0022170543670654297
263873,normal,2359,0,1782361711.5696013,0.001802206039428711
263874,normal,153,0,1782361711.5717518,0.0021505355834960938
263875,normal,364,0,1782361711.5736005,0.0018486976623535156
263876,normal,2734,0,1782361711.5756001,0.0019996166229248047
263877,normal,1419,0,1782361711.5775921,0.0019919872283935547
263878,normal,2696,0,1782361711.5798004,0.002208232879638672
263879,normal,966,2,1782361711.5816019,0.0018014907836914062
263880,normal,3376,1,1782361711.5837386,0.002136707305908203
263881,normal,3450,0,1782361711.5856028,0.0018641948699951172
263882,normal,2974,0,1782361711.5876076,0.002004861831665039
263883,normal,2477,0,1782361711.589592,0.0019843578338623047
263884,normal,693,0,1782361711.5917974,0.002205371856689453
263885,normal,37,0,1782361711.5936,0.001802682876586914
263886,normal,2257,0,1782361711.5956445,0.0020444393157958984
263887,normal,963,2,1782361711.5976038,0.0019593238830566406
263888,normal,1172,0,1782361711.5996108,0.002007007598876953
263889,normal,40,0,1782361711.6015878,0.0019769668579101562
263890,normal,1097,0,1782361711.6037838,0.002196073532104492
263891,normal,981,2,1782361711.605606,0.0018222332000732422
263892,normal,2402,0,1782361711.607586,0.001979827880859375
263893,normal,528,0,1782361711.6097944,0.0022084712982177734
263894,normal,3249,1,1782361711.611602,0.0018076896667480469
263895,normal,3444,0,1782361711.6135843,0.0019822120666503906
263896,normal,290,0,1782361711.6157985,0.002214193344116211
263897,normal,643,0,1782361711.6176066,0.00180816650390625
263898,normal,2900,0,1782361711.6197124,0.002105712890625
263899,normal,1017,2,1782361711.6216054,0.0018930435180664062
263900,normal,208,0,1782361711.6236196,0.00201416015625
263901,normal,2687,0,1782361711.625585,0.0019655227661132812
263902,normal,935,2,1782361711.627799,0.0022139549255371094
263903,normal,2809,0,1782361711.6296215,0.0018224716186523438
263904,normal,1221,0,1782361711.6317828,0.002161264419555664
263905,normal,2545,0,1782361711.6336021,0.0018193721771240234
263906,normal,545,0,1782361711.6357956,0.002193450927734375
263907,normal,3658,0,1782361711.6377575,0.001961946487426758
263908,normal,2074,0,1782361711.6396012,0.0018436908721923828
263909,normal,1098,0,1782361711.6418014,0.0022001266479492188
263910,normal,1055,0,1782361711.6437435,0.0019421577453613281
263911,normal,686,0,1782361711.6455986,0.0018551349639892578
263912,normal,2273,0,1782361711.647785,0.002186298370361328
263913,normal,1086,0,1782361711.649749,0.001964092254638672
263914,normal,2196,0,1782361711.6516006,0.0018515586853027344
263915,normal,2987,0,1782361711.653798,0.0021975040435791016
263916,normal,2609,0,1782361711.655778,0.001979827880859375
263917,normal,85,0,1782361711.6575685,0.0017905235290527344
263918,normal,2330,0,1782361711.6599936,0.0024251937866210938
263919,normal,2632,0,1782361711.6616087,0.0016150474548339844
263920,normal,3147,1,1782361711.6637745,0.0021657943725585938
263921,normal,1927,0,1782361711.6656017,0.001827239990234375
263922,normal,2883,0,1782361711.667838,0.0022363662719726562
263923,normal,2505,0,1782361711.6698372,0.0019991397857666016
263924,normal,1894,0,1782361711.6717806,0.001943349838256836
263925,normal,1012,2,1782361711.6738203,0.002039670944213867
263926,normal,715,0,1782361711.6757739,0.001953601837158203
263927,normal,3522,0,1782361711.6778529,0.002079010009765625
263928,normal,3080,1,1782361711.679921,0.002068042755126953
263929,normal,3109,1,1782361711.6816175,0.0016965866088867188
263930,normal,2457,0,1782361711.6839287,0.002311229705810547
263931,normal,1951,0,1782361711.6858456,0.0019168853759765625
263932,normal,1882,0,1782361711.6876476,0.0018019676208496094
263933,normal,507,0,1782361711.689828,0.002180337905883789
263934,normal,2385,0,1782361711.6917229,0.0018949508666992188
263935,normal,1973,0,1782361711.6936066,0.0018837451934814453
263936,normal,2553,0,1782361711.695836,0.002229452133178711
263937,normal,1644,0,1782361711.6976178,0.0017817020416259766
263938,normal,1053,0,1782361711.6996078,0.001990079879760742
263939,normal,1599,0,1782361711.701794,0.0021860599517822266
263940,normal,1633,0,1782361711.7036102,0.0018162727355957031
263941,normal,3403,0,1782361711.7056024,0.0019922256469726562
263942,normal,1442,0,1782361711.7077882,0.002185821533203125
263943,normal,1879,0,1782361711.7096055,0.0018172264099121094
263944,normal,3384,1,1782361711.7116091,0.0020036697387695312
263945,normal,1011,2,1782361711.713792,0.0021829605102539062
263946,normal,2277,0,1782361711.715777,0.001984834671020508
263947,normal,2936,0,1782361711.7176185,0.0018415451049804688
263948,normal,1243,0,1782361711.7198048,0.002186298370361328
263949,normal,2899,0,1782361711.7217715,0.001966714859008789
263950,normal,3293,1,1782361711.7236013,0.0018298625946044922
263951,normal,1283,0,1782361711.7257924,0.0021910667419433594
263952,normal,1296,0,1782361711.7277424,0.0019500255584716797
263953,normal,2681,0,1782361711.7296038,0.0018613338470458984
263954,normal,620,0,1782361711.7317934,0.00218963623046875
263955,normal,825,2,1782361711.7337508,0.001957416534423828
263956,normal,1566,0,1782361711.7356062,0.0018553733825683594
263957,normal,1320,1,1782361711.7377918,0.0021855831146240234
263958,normal,3269,1,1782361711.7397473,0.0019555091857910156
263959,normal,1412,0,1782361711.7417755,0.002028226852416992
263960,normal,3221,1,1782361711.743827,0.0020515918731689453
263961,normal,3705,0,1782361711.7459307,0.002103567123413086
263962,normal,900,2,1782361711.747634,0.0017032623291015625
263963,normal,1336,1,1782361711.749931,0.0022971630096435547
263964,normal,2517,0,1782361711.751825,0.0018939971923828125
263965,normal,2151,0,1782361711.753776,0.001950979232788086
263966,normal,2791,0,1782361711.7558625,0.0020864009857177734
263967,normal,1800,0,1782361711.757925,0.002062559127807617
263968,normal,1567,0,1782361711.7596316,0.0017066001892089844
263969,normal,2779,0,1782361711.7619305,0.0022988319396972656
263970,normal,261,0,1782361711.7638466,0.0019161701202392578
263971,normal,571,0,1782361711.7657473,0.0019006729125976562
263972,normal,3106,1,1782361711.767861,0.0021135807037353516
263973,normal,1931,0,1782361711.7698832,0.002022266387939453
263974,normal,2384,0,1782361711.7716048,0.0017216205596923828
263975,normal,2177,0,1782361711.7737868,0.0021820068359375
263976,normal,483,0,1782361711.7757459,0.001959085464477539
263977,normal,2566,0,1782361711.7776034,0.0018575191497802734
263978,normal,412,0,1782361711.7798524,0.002249002456665039
263979,normal,930,2,1782361711.7817469,0.0018944740295410156
263980,normal,3493,0,1782361711.7836022,0.0018553733825683594
263981,normal,1954,0,1782361711.7857966,0.0021944046020507812
263982,normal,3037,0,1782361711.7879176,0.0021209716796875
263983,normal,867,2,1782361711.7896361,0.0017185211181640625
263984,normal,926,2,1782361711.7919567,0.002320528030395508
263985,normal,1916,0,1782361711.793639,0.001682281494140625
263986,normal,1295,0,1782361711.795926,0.002287149429321289
263987,normal,1979,0,1782361711.797788,0.0018618106842041016
263988,normal,527,0,1782361711.7998426,0.0020546913146972656
263989,normal,897,2,1782361711.8016484,0.0018057823181152344
263990,normal,3133,1,1782361711.8037908,0.0021424293518066406
263991,normal,1699,0,1782361711.8057716,0.0019807815551757812
263992,normal,1621,0,1782361711.807608,0.0018362998962402344
263993,normal,2958,0,1782361711.8097992,0.002191305160522461
263994,normal,3099,1,1782361711.8117619,0.0019626617431640625
263995,normal,1235,0,1782361711.8136039,0.0018420219421386719
263996,normal,2895,0,1782361711.8157804,0.002176523208618164
263997,normal,2216,0,1782361711.8177667,0.001986265182495117
263998,normal,3225,1,1782361711.819603,0.0018362998962402344
263999,normal,367,0,1782361711.8217964,0.002193450927734375
264000,normal,123,0,1782361711.823763,0.0019664764404296875
264001,normal,230,0,1782361711.8256035,0.0018405914306640625
264002,normal,304,0,1782361711.8277974,0.002193927764892578
264003,normal,1083,0,1782361711.8297617,0.0019643306732177734
264004,normal,2161,0,1782361711.831603,0.0018413066864013672
264005,normal,2366,0,1782361711.8338075,0.002204418182373047
264006,normal,2845,0,1782361711.8357778,0.0019702911376953125
264007,normal,2584,0,1782361711.8376043,0.0018265247344970703
264008,normal,3577,0,1782361711.8397977,0.002193450927734375
264009,normal,893,2,1782361711.8418117,0.0020139217376708984
264010,normal,791,2,1782361711.8436098,0.0017981529235839844
264011,normal,381,0,1782361711.8458424,0.0022325515747070312
264012,normal,1333,1,1782361711.8477414,0.0018990039825439453
264013,normal,1873,0,1782361711.8496017,0.0018603801727294922
264014,normal,472,0,1782361711.851789,0.0021872520446777344
264015,normal,3603,0,1782361711.853755,0.0019659996032714844
264016,normal,844,2,1782361711.8556025,0.0018475055694580078
264017,normal,2090,0,1782361711.8577895,0.002187013626098633
264018,normal,408,0,1782361711.859747,0.001957416534423828
264019,normal,3021,0,1782361711.8616023,0.0018553733825683594
264020,normal,1515,0,1782361711.863778,0.0021758079528808594
264021,normal,3005,0,1782361711.8657453,0.001967191696166992
264022,normal,2193,0,1782361711.8676052,0.001859903335571289
264023,normal,1116,0,1782361711.869791,0.002185821533203125
264024,normal,655,0,1782361711.8719382,0.002147197723388672
264025,normal,2473,0,1782361711.8736484,0.0017101764678955078
264026,normal,2474,0,1782361711.875896,0.0022475719451904297
264027,normal,1938,0,1782361711.877758,0.0018620491027832031
264028,normal,2164,0,1782361711.8796043,0.0018463134765625
264029,normal,919,2,1782361711.8817775,0.002173185348510742
264030,normal,3394,1,1782361711.883748,0.001970529556274414
264031,normal,3079,1,1782361711.8856022,0.0018541812896728516
264032,normal,3616,0,1782361711.8877792,0.002177000045776367
264033,normal,1044,0,1782361711.8897505,0.0019712448120117188
264034,normal,1485,0,1782361711.8916032,0.0018527507781982422
264035,normal,658,0,1782361711.8937917,0.002188444137573242
264036,normal,1650,0,1782361711.8958292,0.002037525177001953
264037,normal,2763,0,1782361711.897597,0.001767873764038086
264038,normal,3649,0,1782361711.8997915,0.0021944046020507812
264039,normal,2321,0,1782361711.901746,0.0019545555114746094
264040,normal,3441,0,1782361711.9036076,0.001861572265625
264041,normal,396,0,1782361711.9057953,0.0021877288818359375
264042,normal,3643,0,1782361711.9077544,0.001959085464477539
264043,normal,1379,1,1782361711.9096148,0.0018603801727294922
264044,normal,1578,0,1782361711.911794,0.0021791458129882812
264045,normal,1502,0,1782361711.9137647,0.0019707679748535156
264046,normal,1550,0,1782361711.9156852,0.001920461654663086
264047,normal,1118,0,1782361711.917644,0.0019588470458984375
264048,normal,1822,0,1782361711.919807,0.002162933349609375
264049,normal,2228,0,1782361711.9216332,0.0018262863159179688
264050,normal,285,0,1782361711.9237943,0.0021610260009765625
264051,normal,2089,0,1782361711.925752,0.0019576549530029297
264052,normal,2374,0,1782361711.9276035,0.0018515586853027344
264053,normal,106,0,1782361711.929778,0.0021746158599853516
264054,normal,2678,0,1782361711.931742,0.0019638538360595703
264055,normal,3483,0,1782361711.9336054,0.0018634796142578125
264056,normal,928,2,1782361711.93578,0.0021746158599853516
264057,normal,1385,0,1782361711.9377484,0.0019683837890625
264058,normal,129,0,1782361711.9396136,0.0018651485443115234
264059,normal,2067,0,1782361711.9418588,0.002245187759399414
264060,normal,2677,0,1782361711.9437053,0.0018465518951416016
264061,normal,1666,0,1782361711.9456074,0.0019021034240722656
264062,normal,3078,1,1782361711.9477863,0.0021789073944091797
264063,normal,1063,0,1782361711.9497535,0.001967191696166992
264064,normal,3027,0,1782361711.951603,0.0018494129180908203
264065,normal,879,2,1782361711.953797,0.0021941661834716797
264066,normal,1311,0,1782361711.955747,0.0019497871398925781
264067,normal,2295,0,1782361711.9576044,0.0018575191497802734
264068,normal,2726,0,1782361711.9597907,0.002186298370361328
264069,normal,494,0,1782361711.9617233,0.0019326210021972656
264070,normal,3056,1,1782361711.9636064,0.0018830299377441406
264071,normal,920,2,1782361711.9657872,0.002180814743041992
264072,normal,2962,0,1782361711.9677503,0.0019631385803222656
264073,normal,1410,0,1782361711.9696062,0.0018558502197265625
264074,normal,1618,0,1782361711.9718573,0.002251148223876953
264075,normal,790,2,1782361711.9737506,0.0018932819366455078
264076,normal,2227,0,1782361711.9756029,0.001852273941040039
264077,normal,3670,0,1782361711.977783,0.0021800994873046875
264078,normal,3674,0,1782361711.9797597,0.0019767284393310547
264079,normal,2952,0,1782361711.9816053,0.0018455982208251953
264080,normal,2821,0,1782361711.9837873,0.0021820068359375
264081,normal,128,0,1782361711.9857478,0.0019605159759521484
264082,normal,3126,1,1782361711.9876046,0.0018568038940429688
264083,normal,3071,1,1782361711.9897902,0.0021855831146240234
264084,normal,2180,0,1782361711.9917629,0.001972675323486328
264085,normal,2663,0,1782361711.993604,0.0018410682678222656
264086,normal,1654,0,1782361711.9957879,0.0021839141845703125
264087,normal,2249,0,1782361711.997769,0.0019812583923339844
264088,normal,3412,0,1782361711.9996023,0.001833200454711914
264089,normal,548,0,1782361712.0017831,0.002180814743041992
264090,normal,2265,0,1782361712.0037522,0.0019690990447998047
264091,normal,3178,1,1782361712.005604,0.001851797103881836
264092,normal,1611,0,1782361712.0077827,0.002178668975830078
264093,normal,1832,0,1782361712.0097594,0.0019767284393310547
264094,normal,3243,1,1782361712.0115998,0.001840353012084961
264095,normal,2461,0,1782361712.0137792,0.002179384231567383
264096,normal,1016,2,1782361712.015836,0.0020568370819091797
264097,normal,873,2,1782361712.0176036,0.0017676353454589844
264098,normal,2335,0,1782361712.0197773,0.0021736621856689453
264099,normal,2255,0,1782361712.0218213,0.0020439624786376953
264100,normal,862,2,1782361712.0236099,0.0017886161804199219
264101,normal,775,2,1782361712.0257978,0.002187967300415039
264102,normal,2154,0,1782361712.0277624,0.001964569091796875
264103,normal,673,0,1782361712.0296042,0.0018417835235595703
264104,normal,1727,0,1782361712.0318692,0.0022649765014648438
264105,normal,2546,0,1782361712.0337229,0.0018537044525146484
264106,normal,617,0,1782361712.035602,0.0018792152404785156
264107,normal,967,2,1782361712.0378711,0.0022690296173095703
264108,normal,3609,0,1782361712.0397224,0.0018513202667236328
264109,normal,754,0,1782361712.0418212,0.0020987987518310547
264110,normal,2071,0,1782361712.0436199,0.0017986297607421875
264111,normal,1377,1,1782361712.0459497,0.0023298263549804688
264112,normal,1602,0,1782361712.0475667,0.0016169548034667969
264113,normal,174,0,1782361712.0498602,0.0022935867309570312
264114,normal,2106,0,1782361712.051728,0.0018677711486816406
264115,normal,3474,0,1782361712.053602,0.0018739700317382812
264116,normal,2706,0,1782361712.0557876,0.0021855831146240234
264117,normal,777,2,1782361712.0577595,0.0019719600677490234
264118,normal,859,2,1782361712.0596006,0.0018410682678222656
264119,normal,1484,0,1782361712.0617719,0.0021712779998779297
264120,normal,2143,0,1782361712.0637586,0.0019867420196533203
264121,normal,1799,0,1782361712.0656044,0.0018458366394042969
264122,normal,1560,0,1782361712.067803,0.002198457717895508
264123,normal,3477,0,1782361712.0697625,0.001959562301635742
264124,normal,2017,0,1782361712.0716329,0.0018703937530517578
264125,normal,604,0,1782361712.0737953,0.002162456512451172
264126,normal,1429,0,1782361712.0757205,0.0019252300262451172
264127,normal,2513,0,1782361712.0776067,0.001886129379272461
264128,normal,2857,0,1782361712.0798042,0.0021975040435791016
264129,normal,635,0,1782361712.0817466,0.0019423961639404297
264130,normal,12,0,1782361712.083606,0.001859426498413086
264131,normal,3407,0,1782361712.08579,0.0021839141845703125
264132,normal,3145,1,1782361712.0877442,0.001954317092895508
264133,normal,2625,0,1782361712.0896063,0.0018620491027832031
264134,normal,1190,0,1782361712.0917883,0.0021820068359375
264135,normal,1543,0,1782361712.0937548,0.0019664764404296875
264136,normal,640,0,1782361712.0956047,0.0018498897552490234
264137,normal,1253,0,1782361712.097792,0.0021872520446777344
264138,normal,3406,0,1782361712.0997674,0.001975536346435547
264139,normal,282,0,1782361712.1016088,0.0018413066864013672
264140,normal,2274,0,1782361712.1037872,0.0021784305572509766
264141,normal,748,0,1782361712.1057498,0.0019626617431640625
264142,normal,1883,0,1782361712.1076052,0.0018553733825683594
264143,normal,1647,0,1782361712.1098378,0.0022325515747070312
264144,normal,1711,0,1782361712.1119306,0.0020928382873535156
264145,normal,3083,1,1782361712.113652,0.0017213821411132812
264146,normal,911,2,1782361712.115899,0.0022470951080322266
264147,normal,1247,0,1782361712.1178315,0.001932382583618164
264148,normal,3621,0,1782361712.119772,0.0019404888153076172
264149,normal,2707,0,1782361712.1219897,0.0022177696228027344
264150,normal,2996,0,1782361712.1236408,0.0016510486602783203
264151,normal,224,0,1782361712.1259284,0.002287626266479492
264152,normal,1862,0,1782361712.127779,0.0018506050109863281
264153,normal,1505,0,1782361712.129907,0.0021278858184814453
264154,normal,2300,0,1782361712.1316395,0.0017325878143310547
264155,normal,740,0,1782361712.1339576,0.002318143844604492
264156,normal,1772,0,1782361712.1357706,0.0018129348754882812
264157,normal,2847,0,1782361712.1377776,0.002007007598876953
264158,normal,2674,0,1782361712.1399355,0.002157926559448242
264159,normal,1768,0,1782361712.1419165,0.001981019973754883
264160,normal,222,0,1782361712.143637,0.001720428466796875
264161,normal,2924,0,1782361712.1459892,0.0023522377014160156
264162,normal,2514,0,1782361712.147617,0.0016279220581054688
264163,normal,3274,1,1782361712.1498353,0.0022182464599609375
264164,normal,3679,0,1782361712.151604,0.0017685890197753906
264165,normal,534,0,1782361712.1537745,0.002170562744140625
264166,normal,2591,0,1782361712.1556861,0.0019116401672363281
264167,normal,3701,0,1782361712.1575751,0.0018889904022216797
264168,normal,1200,0,1782361712.1598258,0.00225067138671875
264169,normal,2846,0,1782361712.1616123,0.0017864704132080078
264170,normal,1793,0,1782361712.1637883,0.002176046371459961
264171,normal,1414,0,1782361712.1657107,0.0019223690032958984
264172,normal,1233,0,1782361712.1676068,0.0018961429595947266
264173,normal,79,0,1782361712.1698122,0.002205371856689453
264174,normal,630,0,1782361712.1717336,0.0019214153289794922
264175,normal,1975,0,1782361712.1736076,0.0018739700317382812
264176,normal,2630,0,1782361712.1757894,0.0021817684173583984
264177,normal,1982,0,1782361712.1777117,0.0019223690032958984
264178,normal,1034,0,1782361712.1796093,0.001897573471069336
264179,normal,1217,0,1782361712.1818132,0.0022039413452148438
264180,normal,1386,0,1782361712.183742,0.0019288063049316406
264181,normal,2322,0,1782361712.185608,0.0018658638000488281
264182,normal,3267,1,1782361712.187611,0.002003192901611328
264183,normal,199,0,1782361712.189644,0.0020329952239990234
264184,normal,1349,1,1782361712.1916113,0.001967191696166992
264185,normal,1652,0,1782361712.1936784,0.002067089080810547
264186,normal,1157,0,1782361712.1956146,0.001936197280883789
264187,normal,1111,0,1782361712.197783,0.002168416976928711
264188,normal,3100,1,1782361712.199682,0.0018990039825439453
264189,normal,2241,0,1782361712.2016401,0.001958131790161133
264190,normal,17,0,1782361712.2036088,0.0019686222076416016
264191,normal,459,0,1782361712.2056806,0.002071857452392578
264192,normal,885,2,1782361712.2076118,0.0019311904907226562
264193,normal,2785,0,1782361712.2097898,0.0021779537200927734
264194,normal,1868,0,1782361712.211583,0.0017931461334228516
264195,normal,365,0,1782361712.2138052,0.002222299575805664
264196,normal,2157,0,1782361712.2156107,0.0018055438995361328
264197,normal,56,0,1782361712.21778,0.002169370651245117
264198,normal,2926,0,1782361712.2197206,0.0019404888153076172
264199,normal,3682,0,1782361712.221784,0.0020635128021240234
264200,normal,13,0,1782361712.223646,0.0018618106842041016
264201,normal,32,0,1782361712.22594,0.0022940635681152344
264202,normal,1814,0,1782361712.2277696,0.0018296241760253906
264203,normal,2276,0,1782361712.2298744,0.0021047592163085938
264204,normal,940,2,1782361712.2319272,0.002052783966064453
264205,normal,2964,0,1782361712.2336164,0.0016891956329345703
264206,normal,1534,0,1782361712.235913,0.0022966861724853516
264207,normal,872,2,1782361712.2378464,0.0019333362579345703
264208,normal,2416,0,1782361712.239607,0.001760721206665039
264209,normal,1631,0,1782361712.2419512,0.0023441314697265625
264210,normal,2029,0,1782361712.2438703,0.0019190311431884766
264211,normal,379,0,1782361712.2456002,0.0017299652099609375
264212,normal,2127,0,1782361712.2476125,0.0020122528076171875
264213,normal,161,0,1782361712.2496579,0.0020453929901123047
264214,normal,2463,0,1782361712.2516115,0.001953601837158203
264215,normal,666,0,1782361712.2536535,0.002042055130004883
264216,normal,3399,1,1782361712.255791,0.002137422561645508
264217,normal,3094,1,1782361712.2576077,0.0018167495727539062
264218,normal,463,0,1782361712.259878,0.002270221710205078
264219,normal,1244,0,1782361712.261746,0.0018680095672607422
264220,normal,1046,0,1782361712.2635975,0.0018515586853027344
264221,normal,1992,0,1782361712.2657974,0.002199888229370117
264222,normal,2326,0,1782361712.267835,0.002037525177001953
264223,normal,523,0,1782361712.2699604,0.0021255016326904297
264224,normal,2709,0,1782361712.271601,0.0016405582427978516
264225,normal,321,0,1782361712.2737195,0.0021185874938964844
264226,normal,2827,0,1782361712.2755818,0.0018622875213623047
264227,normal,2475,0,1782361712.2775981,0.002016305923461914
264228,normal,984,2,1782361712.2795937,0.001995563507080078
264229,normal,1326,1,1782361712.2818055,0.0022118091583251953
264230,normal,2162,0,1782361712.283595,0.0017895698547363281
264231,normal,200,0,1782361712.2856417,0.0020465850830078125
264232,normal,344,0,1782361712.2876027,0.0019609928131103516
264233,normal,2579,0,1782361712.2896047,0.0020020008087158203
264234,normal,319,0,1782361712.2915878,0.001983165740966797
264235,normal,3544,0,1782361712.2937822,0.0021944046020507812
264236,normal,52,0,1782361712.2956033,0.0018210411071777344
264237,normal,2411,0,1782361712.2976444,0.0020411014556884766
264238,normal,978,2,1782361712.2996027,0.0019583702087402344
264239,normal,2204,0,1782361712.301606,0.002003192901611328
264240,normal,1819,0,1782361712.303592,0.0019860267639160156
264241,normal,3164,1,1782361712.3057866,0.002194643020629883
264242,normal,949,2,1782361712.3075998,0.0018131732940673828
264243,normal,1887,0,1782361712.3096576,0.002057790756225586
264244,normal,3257,1,1782361712.3116186,0.0019609928131103516
264245,normal,1240,0,1782361712.3136039,0.001985311508178711
264246,normal,1456,0,1782361712.3157117,0.002107858657836914
264247,normal,1527,0,1782361712.317614,0.0019023418426513672
264248,normal,1327,1,1782361712.3198018,0.0021877288818359375
264249,normal,1902,0,1782361712.3216403,0.0018384456634521484
264250,normal,2039,0,1782361712.3236086,0.0019683837890625
264251,normal,3321,1,1782361712.3258276,0.002218961715698242
264252,normal,2101,0,1782361712.327723,0.0018954277038574219
264253,normal,2076,0,1782361712.3295896,0.0018665790557861328
264254,normal,1815,0,1782361712.3317733,0.002183675765991211
264255,normal,3653,0,1782361712.333708,0.0019347667694091797
264256,normal,733,0,1782361712.3356087,0.0019006729125976562
264257,normal,2833,0,1782361712.3378255,0.002216815948486328
264258,normal,1587,0,1782361712.3397462,0.0019207000732421875
264259,normal,3657,0,1782361712.341603,0.0018568038940429688
264260,normal,1298,0,1782361712.343783,0.002179861068725586
264261,normal,2605,0,1782361712.3457265,0.0019435882568359375
264262,normal,813,2,1782361712.3475876,0.0018610954284667969
264263,normal,205,0,1782361712.349747,0.0021593570709228516
264264,normal,675,0,1782361712.3517742,0.002027273178100586
264265,normal,614,0,1782361712.3536348,0.0018606185913085938
264266,normal,1121,0,1782361712.3558187,0.0021839141845703125
264267,normal,642,0,1782361712.3577418,0.0019230842590332031
264268,normal,1935,0,1782361712.359609,0.001867055892944336
264269,normal,665,0,1782361712.3617969,0.002187967300415039
264270,normal,1574,0,1782361712.36374,0.0019431114196777344
264271,normal,1851,0,1782361712.3656116,0.0018715858459472656
264272,normal,2323,0,1782361712.3676353,0.0020236968994140625
264273,normal,115,0,1782361712.369717,0.002081632614135742
264274,normal,3429,0,1782361712.371611,0.001894235610961914
264275,normal,2541,0,1782361712.373643,0.0020318031311035156
264276,normal,3303,1,1782361712.375603,0.0019600391387939453
264277,normal,1958,0,1782361712.3777902,0.0021872520446777344
264278,normal,2099,0,1782361712.3796062,0.0018160343170166016
264279,normal,829,2,1782361712.3816187,0.002012491226196289
264280,normal,2021,0,1782361712.3837924,0.0021736621856689453
264281,normal,752,0,1782361712.3856053,0.0018129348754882812
264282,normal,2135,0,1782361712.3876405,0.0020351409912109375
264283,normal,2951,0,1782361712.3896115,0.001971006393432617
264284,normal,726,0,1782361712.3916454,0.0020339488983154297
264285,normal,1068,0,1782361712.3937733,0.0021278858184814453
264286,normal,696,0,1782361712.3956063,0.0018329620361328125
264287,normal,1435,0,1782361712.3977964,0.002190113067626953
264288,normal,622,0,1782361712.3996553,0.0018589496612548828
264289,normal,2861,0,1782361712.401609,0.001953601837158203
264290,normal,1656,0,1782361712.4037876,0.002178668975830078
264291,normal,2111,0,1782361712.4057057,0.0019180774688720703
264292,normal,918,2,1782361712.4076078,0.0019021034240722656
264293,normal,1026,2,1782361712.4097972,0.0021893978118896484
264294,normal,2426,0,1782361712.4116306,0.0018334388732910156
264295,normal,2817,0,1782361712.4136121,0.001981496810913086
264296,normal,1364,1,1782361712.4157906,0.0021784305572509766
264297,normal,1877,0,1782361712.4177105,0.0019199848175048828
264298,normal,838,2,1782361712.4196086,0.001898050308227539
264299,normal,1013,2,1782361712.4218192,0.0022106170654296875
264300,normal,3343,1,1782361712.4236543,0.0018351078033447266
264301,normal,2653,0,1782361712.42561,0.001955747604370117
264302,normal,2843,0,1782361712.4277835,0.0021734237670898438
264303,normal,668,0,1782361712.4297044,0.001920938491821289
264304,normal,3654,0,1782361712.4316092,0.0019047260284423828
264305,normal,3185,1,1782361712.4338186,0.0022094249725341797
264306,normal,1986,0,1782361712.4356499,0.0018312931060791016
264307,normal,1325,1,1782361712.4376018,0.0019519329071044922
264308,normal,2492,0,1782361712.4397879,0.0021860599517822266
264309,normal,474,0,1782361712.441707,0.0019190311431884766
264310,normal,2798,0,1782361712.4435947,0.0018877983093261719
264311,normal,1521,0,1782361712.44586,0.0022652149200439453
264312,normal,1829,0,1782361712.4476576,0.0017976760864257812
264313,normal,2533,0,1782361712.4496074,0.0019497871398925781
264314,normal,1807,0,1782361712.45179,0.0021827220916748047
264315,normal,72,0,1782361712.4537067,0.001916646957397461
264316,normal,2610,0,1782361712.4556146,0.0019078254699707031
264317,normal,591,0,1782361712.457816,0.0022013187408447266
264318,normal,1813,0,1782361712.4597437,0.0019278526306152344
264319,normal,3011,0,1782361712.4616067,0.0018630027770996094
264320,normal,931,2,1782361712.463794,0.0021872520446777344
264321,normal,894,2,1782361712.465659,0.0018649101257324219
264322,normal,2993,0,1782361712.467596,0.0019371509552001953
264323,normal,1769,0,1782361712.469816,0.0022199153900146484
264324,normal,3447,0,1782361712.471657,0.0018410682678222656
264325,normal,865,2,1782361712.473628,0.001971006393432617
264326,normal,3014,0,1782361712.4757957,0.0021677017211914062
264327,normal,2555,0,1782361712.477709,0.001913309097290039
264328,normal,626,0,1782361712.4796057,0.0018966197967529297
264329,normal,2078,0,1782361712.4818196,0.0022139549255371094
264330,normal,236,0,1782361712.4837415,0.0019218921661376953
264331,normal,848,2,1782361712.4856105,0.0018689632415771484
264332,normal,3560,0,1782361712.4877927,0.0021822452545166016
264333,normal,2419,0,1782361712.489714,0.0019211769104003906
264334,normal,3389,1,1782361712.4916048,0.0018908977508544922
264335,normal,3179,1,1782361712.4938142,0.0022094249725341797
264336,normal,2733,0,1782361712.4956567,0.001842498779296875
264337,normal,839,2,1782361712.4976048,0.0019481182098388672
264338,normal,1643,0,1782361712.4997883,0.0021834373474121094
264339,normal,2280,0,1782361712.5017042,0.0019159317016601562
264340,normal,685,0,1782361712.5036032,0.0018990039825439453
264341,normal,2758,0,1782361712.505813,0.0022096633911132812
264342,normal,1921,0,1782361712.5076582,0.0018453598022460938
264343,normal,3075,1,1782361712.5095975,0.0019392967224121094
264344,normal,2776,0,1782361712.511787,0.0021893978118896484
264345,normal,3286,1,1782361712.5137055,0.0019185543060302734
264346,normal,1612,0,1782361712.5156024,0.0018968582153320312
264347,normal,2387,0,1782361712.5178244,0.0022220611572265625
264348,normal,1007,2,1782361712.5196428,0.0018184185028076172
264349,normal,2254,0,1782361712.5216072,0.0019643306732177734
264350,normal,2915,0,1782361712.5237985,0.002191305160522461
264351,normal,1112,0,1782361712.5257075,0.001909017562866211
264352,normal,1995,0,1782361712.5276005,0.0018930435180664062
264353,normal,2705,0,1782361712.5297966,0.002196073532104492
264354,normal,2033,0,1782361712.5317466,0.0019500255584716797
264355,normal,1808,0,1782361712.5336,0.0018534660339355469
264356,normal,2819,0,1782361712.5357761,0.002176046371459961
264357,normal,1998,0,1782361712.5377185,0.0019423961639404297
264358,normal,3161,1,1782361712.5396008,0.001882314682006836
264359,normal,1183,0,1782361712.5418115,0.0022106170654296875
264360,normal,119,0,1782361712.5437446,0.0019330978393554688
264361,normal,697,0,1782361712.5456054,0.0018608570098876953
264362,normal,1031,0,1782361712.5477903,0.0021848678588867188
264363,normal,3132,1,1782361712.5497088,0.0019185543060302734
264364,normal,73,0,1782361712.5516086,0.00189971923828125
264365,normal,46,0,1782361712.5538137,0.0022051334381103516
264366,normal,2808,0,1782361712.55574,0.001926422119140625
264367,normal,1099,0,1782361712.5576077,0.001867532730102539
264368,normal,1895,0,1782361712.5598013,0.0021936893463134766
264369,normal,3610,0,1782361712.5617285,0.0019271373748779297
264370,normal,3542,0,1782361712.5636082,0.0018796920776367188
264371,normal,1204,0,1782361712.565797,0.0021889209747314453
264372,normal,1152,0,1782361712.5676563,0.0018591880798339844
264373,normal,2664,0,1782361712.5696094,0.001953125
264374,normal,259,0,1782361712.5717895,0.0021800994873046875
264375,normal,951,2,1782361712.573655,0.001865386962890625
264376,normal,2015,0,1782361712.575601,0.0019462108612060547
264377,normal,2286,0,1782361712.5778196,0.002218484878540039
264378,normal,1925,0,1782361712.579654,0.0018343925476074219
264379,normal,767,0,1782361712.5816092,0.001955270767211914
264380,normal,184,0,1782361712.5837758,0.0021665096282958984
264381,normal,182,0,1782361712.5857048,0.0019290447235107422
264382,normal,2070,0,1782361712.5876074,0.0019025802612304688
264383,normal,533,0,1782361712.5898302,0.002222776412963867
264384,normal,2835,0,1782361712.5917375,0.0019073486328125
264385,normal,3251,1,1782361712.5936053,0.0018677711486816406
264386,normal,1467,0,1782361712.5958245,0.0022192001342773438
264387,normal,868,2,1782361712.5977058,0.0018813610076904297
264388,normal,878,2,1782361712.5996072,0.001901388168334961
264389,normal,2324,0,1782361712.6018085,0.0022013187408447266
264390,normal,3081,1,1782361712.6037493,0.0019407272338867188
264391,normal,3018,0,1782361712.605608,0.0018587112426757812
264392,normal,3475,0,1782361712.6077852,0.0021772384643554688
264393,normal,3501,0,1782361712.6097186,0.0019333362579345703
264394,normal,2869,0,1782361712.6116073,0.0018887519836425781
264395,normal,2194,0,1782361712.613812,0.0022046566009521484
264396,normal,1589,0,1782361712.6158707,0.002058744430541992
264397,normal,2695,0,1782361712.6176205,0.0017497539520263672
264398,normal,795,2,1782361712.619914,0.0022935867309570312
264399,normal,588,0,1782361712.6217225,0.0018084049224853516
264400,normal,3392,1,1782361712.6235826,0.0018601417541503906
264401,normal,2616,0,1782361712.62592,0.0023374557495117188
264402,normal,1394,0,1782361712.6277494,0.001829385757446289
264403,normal,1008,2,1782361712.6295977,0.0018482208251953125
264404,normal,3105,1,1782361712.631914,0.0023162364959716797
264405,normal,1501,0,1782361712.6337202,0.0018062591552734375
264406,normal,2251,0,1782361712.6355834,0.001863241195678711
264407,normal,2699,0,1782361712.6379468,0.002363443374633789
264408,normal,1175,0,1782361712.6396506,0.0017037391662597656
264409,normal,2890,0,1782361712.641582,0.0019314289093017578
264410,normal,890,2,1782361712.6438718,0.0022897720336914062
264411,normal,1556,0,1782361712.6456454,0.0017735958099365234
264412,normal,3489,0,1782361712.6475794,0.001934051513671875
264413,normal,24,0,1782361712.6498063,0.0022268295288085938
264414,normal,1276,0,1782361712.6517408,0.0019345283508300781
264415,normal,2797,0,1782361712.6535697,0.001828908920288086
264416,normal,2879,0,1782361712.6558084,0.002238750457763672
264417,normal,1229,0,1782361712.6577163,0.0019078254699707031
264418,normal,601,0,1782361712.65956,0.0018436908721923828
264419,normal,165,0,1782361712.6618092,0.0022492408752441406
264420,normal,1081,0,1782361712.6637108,0.0019016265869140625
264421,normal,583,0,1782361712.665577,0.0018661022186279297
264422,normal,449,0,1782361712.6677775,0.002200603485107422
264423,normal,2759,0,1782361712.6696486,0.0018711090087890625
264424,normal,1980,0,1782361712.6715665,0.0019178390502929688
264425,normal,1614,0,1782361712.673798,0.002231597900390625
264426,normal,2240,0,1782361712.6757135,0.0019154548645019531
264427,normal,2876,0,1782361712.67756,0.0018465518951416016
264428,normal,2568,0,1782361712.6797898,0.0022296905517578125
264429,normal,3646,0,1782361712.6816506,0.0018608570098876953
264430,normal,889,2,1782361712.6835678,0.001917123794555664
264431,normal,1290,0,1782361712.6857994,0.002231597900390625
264432,normal,254,0,1782361712.687712,0.0019125938415527344
264433,normal,2538,0,1782361712.6895766,0.0018646717071533203
264434,normal,1285,0,1782361712.6917741,0.0021975040435791016
264435,normal,1452,0,1782361712.6937556,0.001981496810913086
264436,normal,3696,0,1782361712.69557,0.0018143653869628906
264437,normal,1072,0,1782361712.6978168,0.002246856689453125
264438,normal,557,0,1782361712.699719,0.0019021034240722656
264439,normal,3645,0,1782361712.7015603,0.0018413066864013672
264440,normal,2406,0,1782361712.7037814,0.0022211074829101562
264441,normal,672,0,1782361712.705743,0.0019617080688476562
264442,normal,3398,1,1782361712.7075675,0.0018243789672851562
264443,normal,167,0,1782361712.7098224,0.002254962921142578
264444,normal,2992,0,1782361712.7117152,0.0018928050994873047
264445,normal,3219,1,1782361712.7135587,0.0018434524536132812
264446,normal,2968,0,1782361712.7158093,0.00225067138671875
264447,normal,565,0,1782361712.7177274,0.0019180774688720703
264448,normal,1796,0,1782361712.7195742,0.0018467903137207031
264449,normal,506,0,1782361712.7218626,0.002288341522216797
264450,normal,1512,0,1782361712.7237096,0.0018470287322998047
264451,normal,2117,0,1782361712.7255654,0.0018558502197265625
264452,normal,331,0,1782361712.7277937,0.002228260040283203
264453,normal,1177,0,1782361712.7297246,0.0019309520721435547
264454,normal,195,0,1782361712.7315671,0.001842498779296875
264455,normal,91,0,1782361712.7338822,0.002315044403076172
264456,normal,1469,0,1782361712.7357123,0.0018301010131835938
264457,normal,1548,0,1782361712.7375724,0.0018601417541503906
264458,normal,662,0,1782361712.739806,0.0022335052490234375
264459,normal,2098,0,1782361712.7417152,0.0019092559814453125
264460,normal,2937,0,1782361712.7435594,0.001844167709350586
264461,normal,1999,0,1782361712.745872,0.0023126602172851562
264462,normal,2244,0,1782361712.7476587,0.0017867088317871094
264463,normal,3693,0,1782361712.7495651,0.0019063949584960938
264464,normal,71,0,1782361712.7517965,0.0022313594818115234
264465,normal,1794,0,1782361712.7537045,0.0019080638885498047
264466,normal,2963,0,1782361712.755576,0.001871347427368164
264467,normal,2294,0,1782361712.7578542,0.0022783279418945312
264468,normal,358,0,1782361712.7597096,0.0018553733825683594
264469,normal,906,2,1782361712.7615666,0.0018570423126220703
264470,normal,2481,0,1782361712.7637968,0.0022301673889160156
264471,normal,1848,0,1782361712.7657142,0.0019173622131347656
264472,normal,1158,0,1782361712.7675583,0.001844167709350586
264473,normal,3515,0,1782361712.7698822,0.0023238658905029297
264474,normal,2287,0,1782361712.7717404,0.0018582344055175781
264475,normal,1636,0,1782361712.773566,0.001825571060180664
264476,normal,3425,0,1782361712.7758298,0.002263784408569336
264477,normal,1223,0,1782361712.7777202,0.001890420913696289
264478,normal,2239,0,1782361712.779559,0.00183868408203125
264479,normal,1316,0,1782361712.781782,0.0022230148315429688
264480,normal,1866,0,1782361712.7837107,0.0019288063049316406
264481,normal,62,0,1782361712.7855847,0.0018739700317382812
264482,normal,559,0,1782361712.787798,0.0022132396697998047
264483,normal,1555,0,1782361712.7897174,0.0019195079803466797
264484,normal,3414,0,1782361712.7915742,0.0018568038940429688
264485,normal,3226,1,1782361712.7937865,0.0022122859954833984
264486,normal,2100,0,1782361712.7957144,0.0019278526306152344
264487,normal,952,2,1782361712.7975652,0.0018508434295654297
264488,normal,1824,0,1782361712.7998042,0.0022389888763427734
264489,normal,1282,0,1782361712.801724,0.0019197463989257812
264490,normal,1665,0,1782361712.8035595,0.0018355846405029297
264491,normal,2247,0,1782361712.8058064,0.002246856689453125
264492,normal,2782,0,1782361712.807717,0.0019106864929199219
264493,normal,3008,0,1782361712.809566,0.0018489360809326172
264494,normal,1309,0,1782361712.811814,0.002248048782348633
264495,normal,3129,1,1782361712.813723,0.001909017562866211
264496,normal,2984,0,1782361712.8155584,0.0018353462219238281
264497,normal,1675,0,1782361712.8178318,0.0022733211517333984
264498,normal,3512,0,1782361712.8197432,0.0019114017486572266
264499,normal,2202,0,1782361712.8216834,0.0019402503967285156
264500,normal,924,2,1782361712.8244736,0.002790212631225586
264501,normal,2092,0,1782361712.8256006,0.001127004623413086
264502,normal,3680,0,1782361712.8278935,0.0022928714752197266
264503,normal,194,0,1782361712.829547,0.001653432846069336
264504,normal,118,0,1782361712.8315117,0.0019648075103759766
264505,normal,3268,1,1782361712.8336074,0.0020956993103027344
264506,normal,3494,0,1782361712.8355706,0.0019631385803222656
264507,normal,3418,0,1782361712.837601,0.0020303726196289062
264508,normal,578,0,1782361712.8395715,0.001970529556274414
264509,normal,1448,0,1782361712.8415787,0.0020072460174560547
264510,normal,3127,1,1782361712.8437488,0.002170085906982422
264511,normal,476,0,1782361712.8457623,0.0020134449005126953
264512,normal,554,0,1782361712.8479125,0.002150297164916992
264513,normal,356,0,1782361712.8497615,0.0018489360809326172
264514,normal,3349,1,1782361712.85163,0.0018684864044189453
264515,normal,1976,0,1782361712.8535907,0.00196075439453125
264516,normal,3553,0,1782361712.8555992,0.0020084381103515625
264517,normal,3663,0,1782361712.8575644,0.0019652843475341797
264518,normal,520,0,1782361712.8595874,0.002022981643676758
264519,normal,1748,0,1782361712.8615594,0.0019719600677490234
264520,normal,2639,0,1782361712.8635588,0.001999378204345703
264521,normal,770,0,1782361712.8655748,0.0020160675048828125
264522,normal,3141,1,1782361712.8677895,0.002214670181274414
264523,normal,1774,0,1782361712.8695939,0.001804351806640625
264524,normal,2004,0,1782361712.8717275,0.002133607864379883
264525,normal,1447,0,1782361712.873694,0.0019664764404296875
264526,normal,3002,0,1782361712.87558,0.001886129379272461
264527,normal,1338,1,1782361712.8777456,0.002165555953979492
264528,normal,2358,0,1782361712.8797042,0.001958608627319336
264529,normal,289,0,1782361712.8821821,0.002477884292602539
264530,normal,10,0,1782361712.8837261,0.0015439987182617188
264531,normal,2170,0,1782361712.8859699,0.0022437572479248047
264532,normal,2159,0,1782361712.8876226,0.0016527175903320312
264533,normal,2917,0,1782361712.8896906,0.002068042755126953
264534,normal,3638,0,1782361712.8916593,0.0019686222076416016
264535,normal,1110,0,1782361712.8938649,0.0022056102752685547
264536,normal,1050,0,1782361712.89553,0.0016651153564453125
264537,normal,3624,0,1782361712.89772,0.002190113067626953
264538,normal,1562,0,1782361712.8995814,0.0018613338470458984
264539,normal,3366,1,1782361712.901735,0.002153635025024414
264540,normal,284,0,1782361712.903564,0.001828908920288086
264541,normal,1906,0,1782361712.9057324,0.002168416976928711
264542,normal,2805,0,1782361712.9077206,0.0019881725311279297
264543,normal,3262,1,1782361712.909537,0.0018165111541748047
264544,normal,849,2,1782361712.9117799,0.0022428035736083984
264545,normal,55,0,1782361712.9134789,0.0016989707946777344
264546,normal,2197,0,1782361712.9156945,0.0022156238555908203
264547,normal,2068,0,1782361712.9175434,0.0018489360809326172
264548,normal,1186,0,1782361712.9196935,0.0021500587463378906
264549,normal,187,0,1782361712.9216027,0.0019092559814453125
264550,normal,2412,0,1782361712.9238374,0.0022346973419189453
264551,normal,3530,0,1782361712.92566,0.0018224716186523438
264552,normal,1787,0,1782361712.9276898,0.002029895782470703
264553,normal,2844,0,1782361712.929561,0.0018711090087890625
264554,normal,587,0,1782361712.9317014,0.002140522003173828
264555,normal,2176,0,1782361712.9335861,0.0018846988677978516
264556,normal,1020,2,1782361712.9356475,0.0020613670349121094
264557,normal,1088,0,1782361712.937541,0.0018935203552246094
264558,normal,2246,0,1782361712.9396546,0.0021135807037353516
264559,normal,2921,0,1782361712.9417942,0.002139568328857422
264560,normal,3671,0,1782361712.943572,0.0017778873443603516
264561,normal,3062,1,1782361712.9456854,0.00211334228515625
264562,normal,1712,0,1782361712.94768,0.001994609832763672
264563,normal,3547,0,1782361712.9496884,0.0020084381103515625
264564,normal,1271,0,1782361712.9517217,0.002033233642578125
264565,normal,721,0,1782361712.9536848,0.0019631385803222656
264566,normal,1375,1,1782361712.9556754,0.0019905567169189453
264567,normal,385,0,1782361712.9577584,0.0020830631256103516
264568,normal,3564,0,1782361712.9595535,0.001795053482055664
264569,normal,20,0,1782361712.9617455,0.0021920204162597656
264570,normal,774,2,1782361712.9639082,0.0021626949310302734
264571,normal,330,0,1782361712.9655592,0.0016510486602783203
264572,normal,3332,1,1782361712.967753,0.0021936893463134766
264573,normal,1078,0,1782361712.9695413,0.0017883777618408203
264574,normal,1563,0,1782361712.9715402,0.0019989013671875
264575,normal,1486,0,1782361712.9740841,0.002543926239013672
264576,normal,2594,0,1782361712.9758635,0.001779317855834961
264577,normal,3295,1,1782361712.977593,0.0017294883728027344
264578,normal,1959,0,1782361712.9795547,0.0019617080688476562
264579,normal,2258,0,1782361712.9817824,0.002227783203125
264580,normal,3090,1,1782361712.9835734,0.0017910003662109375
264581,normal,850,2,1782361712.9859917,0.0024182796478271484
264582,normal,2629,0,1782361712.9877143,0.001722574234008789
264583,normal,2088,0,1782361712.9895675,0.0018532276153564453
264584,normal,3567,0,1782361712.9917526,0.0021851062774658203
264585,normal,1735,0,1782361712.9937143,0.0019617080688476562
264586,normal,1411,0,1782361712.9956467,0.001932382583618164
264587,normal,322,0,1782361712.9976776,0.0020308494567871094
264588,normal,2072,0,1782361712.9998891,0.0022115707397460938
264589,normal,3067,1,1782361713.001637,0.0017478466033935547
264590,normal,3487,0,1782361713.003759,0.0021219253540039062
264591,normal,1923,0,1782361713.0057726,0.002013683319091797
264592,normal,2956,0,1782361713.007633,0.0018603801727294922
264593,normal,169,0,1782361713.0098777,0.002244710922241211
264594,normal,409,0,1782361713.011847,0.0019693374633789062
264595,normal,2722,0,1782361713.013549,0.0017020702362060547
264596,normal,1328,1,1782361713.0158224,0.0022733211517333984
264597,normal,3220,1,1782361713.01781,0.0019876956939697266
264598,normal,1745,0,1782361713.0195544,0.0017442703247070312
264599,normal,1065,0,1782361713.0216372,0.00208282470703125
264600,normal,2396,0,1782361713.023582,0.0019447803497314453
264601,normal,1546,0,1782361713.0256565,0.0020744800567626953
264602,normal,3627,0,1782361713.0275657,0.0019092559814453125
264603,normal,1919,0,1782361713.0296144,0.0020487308502197266
264604,normal,1431,0,1782361713.031563,0.0019485950469970703
264605,normal,3358,1,1782361713.0336554,0.0020923614501953125
264606,normal,2430,0,1782361713.0356438,0.0019884109497070312
264607,normal,1482,0,1782361713.0376172,0.001973390579223633
264608,normal,2034,0,1782361713.0397604,0.0021431446075439453
264609,normal,1432,0,1782361713.0416117,0.0018513202667236328
264610,normal,525,0,1782361713.0437095,0.0020978450775146484
264611,normal,698,0,1782361713.0456157,0.0019061565399169922
264612,normal,649,0,1782361713.0477157,0.0020999908447265625
264613,normal,2824,0,1782361713.0496206,0.0019049644470214844
264614,normal,3691,0,1782361713.0515425,0.0019218921661376953
264615,normal,2290,0,1782361713.053694,0.0021514892578125
264616,normal,969,2,1782361713.055562,0.0018680095672607422
264617,normal,3559,0,1782361713.0576856,0.002123594284057617
264618,normal,2044,0,1782361713.059635,0.001949310302734375
264619,normal,3594,0,1782361713.061579,0.0019440650939941406
264620,normal,1420,0,1782361713.0637136,0.002134561538696289
264621,normal,1449,0,1782361713.0656583,0.0019447803497314453
264622,normal,2587,0,1782361713.067549,0.0018906593322753906
264623,normal,2478,0,1782361713.069648,0.0020990371704101562
264624,normal,2315,0,1782361713.0716121,0.001964092254638672
264625,normal,2749,0,1782361713.0736468,0.0020346641540527344
264626,normal,2440,0,1782361713.075541,0.001894235610961914
264627,normal,2149,0,1782361713.0777242,0.002183198928833008
264628,normal,2132,0,1782361713.079601,0.0018768310546875
264629,normal,3324,1,1782361713.08176,0.0021588802337646484
264630,normal,1549,0,1782361713.0837054,0.00194549560546875
264631,normal,1216,0,1782361713.0856047,0.0018992424011230469
264632,normal,3618,0,1782361713.087699,0.002094268798828125
264633,normal,1532,0,1782361713.0896242,0.0019252300262451172
264634,normal,209,0,1782361713.0915487,0.0019245147705078125
264635,normal,1907,0,1782361713.093649,0.002100229263305664
264636,normal,38,0,1782361713.09557,0.0019211769104003906
264637,normal,2272,0,1782361713.0977585,0.002188444137573242
264638,normal,1616,0,1782361713.0996094,0.0018508434295654297
264639,normal,3028,0,1782361713.1017213,0.0021119117736816406
264640,normal,546,0,1782361713.1036956,0.001974344253540039
264641,normal,249,0,1782361713.105863,0.0021674633026123047
264642,normal,3086,1,1782361713.1078637,0.002000570297241211
264643,normal,2001,0,1782361713.1096835,0.0018198490142822266
264644,normal,2217,0,1782361713.1115825,0.0018990039825439453
264645,normal,2622,0,1782361713.1135924,0.002009868621826172
264646,normal,2086,0,1782361713.115633,0.0020406246185302734
264647,normal,1471,0,1782361713.1175287,0.0018956661224365234
264648,normal,1383,0,1782361713.1197634,0.0022346973419189453
264649,normal,245,0,1782361713.121528,0.001764535903930664
264650,normal,2912,0,1782361713.123634,0.002106189727783203
264651,normal,1423,0,1782361713.1255593,0.0019252300262451172
264652,normal,149,0,1782361713.127719,0.002159595489501953
264653,normal,377,0,1782361713.1296194,0.0019004344940185547
264654,normal,1605,0,1782361713.131837,0.002217531204223633
264655,normal,2704,0,1782361713.1336408,0.0018038749694824219
264656,normal,3683,0,1782361713.1357372,0.002096414566040039
264657,normal,1568,0,1782361713.137597,0.001859903335571289
264658,normal,2310,0,1782361713.139556,0.0019588470458984375
264659,normal,278,0,1782361713.1416595,0.002103567123413086
264660,normal,1661,0,1782361713.1435828,0.0019233226776123047
264661,normal,3061,1,1782361713.1458664,0.0022835731506347656
264662,normal,164,0,1782361713.147556,0.0016896724700927734
264663,normal,3589,0,1782361713.1495516,0.001995563507080078
264664,normal,1583,0,1782361713.1515465,0.0019948482513427734
264665,normal,1763,0,1782361713.1536503,0.0021038055419921875
264666,normal,541,0,1782361713.155684,0.002033710479736328
264667,normal,305,0,1782361713.1576343,0.0019502639770507812
264668,normal,1079,0,1782361713.1596045,0.0019702911376953125
264669,normal,1731,0,1782361713.1616945,0.002089977264404297
264670,normal,584,0,1782361713.1635818,0.0018873214721679688
264671,normal,2932,0,1782361713.165656,0.0020742416381835938
264672,normal,1048,0,1782361713.167589,0.0019328594207763672
264673,normal,3201,1,1782361713.1698208,0.0022318363189697266
264674,normal,3410,0,1782361713.1716478,0.0018270015716552734
264675,normal,3189,1,1782361713.1737723,0.0021245479583740234
264676,normal,3032,0,1782361713.1757107,0.0019383430480957031
264677,normal,1343,1,1782361713.1776292,0.0019185543060302734
264678,normal,2855,0,1782361713.179585,0.001955747604370117
264679,normal,1339,1,1782361713.1816967,0.002111673355102539
264680,normal,495,0,1782361713.1836069,0.0019102096557617188
264681,normal,564,0,1782361713.1857371,0.002130270004272461
264682,normal,2810,0,1782361713.1876538,0.001916646957397461
264683,normal,2907,0,1782361713.189746,0.002092123031616211
264684,normal,1751,0,1782361713.1917512,0.002005338668823242
264685,normal,654,0,1782361713.1935298,0.0017786026000976562
264686,normal,2152,0,1782361713.1959605,0.0024306774139404297
264687,normal,1828,0,1782361713.1980443,0.0020837783813476562
264688,normal,551,0,1782361713.1997318,0.0016875267028808594
264689,normal,3082,1,1782361713.2016385,0.0019066333770751953
264690,normal,2105,0,1782361713.2037568,0.002118349075317383
264691,normal,2232,0,1782361713.2056177,0.0018608570098876953
264692,normal,999,2,1782361713.2077656,0.0021479129791259766
264693,normal,648,0,1782361713.2101169,0.0023512840270996094
264694,normal,2208,0,1782361713.211543,0.0014262199401855469
264695,normal,1453,0,1782361713.2137,0.002156972885131836
264696,normal,2549,0,1782361713.21562,0.0019199848175048828
264697,normal,3495,0,1782361713.217712,0.0020918846130371094
264698,normal,246,0,1782361713.219569,0.0018570423126220703
264699,normal,1147,0,1782361713.2216158,0.002046823501586914
264700,normal,1781,0,1782361713.2235532,0.0019373893737792969
264701,normal,3607,0,1782361713.2257352,0.0021820068359375
264702,normal,3562,0,1782361713.227586,0.0018508434295654297
264703,normal,3404,0,1782361713.2295353,0.001949310302734375
264704,normal,3335,1,1782361713.2316573,0.0021219253540039062
264705,normal,2659,0,1782361713.2335932,0.0019359588623046875
264706,normal,723,0,1782361713.2356508,0.0020575523376464844
264707,normal,1430,0,1782361713.237571,0.0019202232360839844
264708,normal,1332,1,1782361713.2397463,0.0021753311157226562
264709,normal,391,0,1782361713.2417805,0.0020341873168945312
264710,normal,914,2,1782361713.2435653,0.0017848014831542969
264711,normal,3089,1,1782361713.2456949,0.0021295547485351562
264712,normal,2811,0,1782361713.2476022,0.0019073486328125
264713,normal,2944,0,1782361713.2496417,0.0020394325256347656
264714,normal,2005,0,1782361713.2515607,0.0019190311431884766
264715,normal,3676,0,1782361713.2536914,0.002130746841430664
264716,normal,1265,0,1782361713.2555861,0.0018947124481201172
264717,normal,2853,0,1782361713.2577357,0.0021495819091796875
264718,normal,2037,0,1782361713.2596438,0.0019080638885498047
264719,normal,1182,0,1782361713.2617776,0.0021338462829589844
264720,normal,2908,0,1782361713.2637224,0.0019447803497314453
264721,normal,1728,0,1782361713.2656195,0.0018970966339111328
264722,normal,2727,0,1782361713.2677426,0.002123117446899414
264723,normal,2680,0,1782361713.2698298,0.002087116241455078
264724,normal,2190,0,1782361713.2716253,0.0017955303192138672
264725,normal,2986,0,1782361713.2736351,0.002009868621826172
264726,normal,1825,0,1782361713.2755587,0.0019235610961914062
264727,normal,439,0,1782361713.2776332,0.0020744800567626953
264728,normal,3689,0,1782361713.2797713,0.0021381378173828125
264729,normal,1038,0,1782361713.2816436,0.0018723011016845703
264730,normal,1135,0,1782361713.2837384,0.002094745635986328
264731,normal,3,0,1782361713.2855487,0.001810312271118164
264732,normal,2040,0,1782361713.2877436,0.0021948814392089844
264733,normal,1590,0,1782361713.2901387,0.002395153045654297
264734,normal,1683,0,1782361713.2915912,0.0014524459838867188
264735,normal,1947,0,1782361713.2938566,0.002265453338623047
264736,normal,2730,0,1782361713.2955327,0.0016760826110839844
264737,normal,502,0,1782361713.297656,0.0021233558654785156
264738,normal,1530,0,1782361713.2995899,0.0019338130950927734
264739,normal,450,0,1782361713.3015618,0.0019719600677490234
264740,normal,1492,0,1782361713.303827,0.0022652149200439453
264741,normal,1780,0,1782361713.3056376,0.0018105506896972656
264742,normal,1966,0,1782361713.3077593,0.0021216869354248047
264743,normal,3650,0,1782361713.3095784,0.0018191337585449219
264744,normal,3155,1,1782361713.3116593,0.0020809173583984375
264745,normal,687,0,1782361713.313636,0.0019767284393310547
264746,normal,1272,0,1782361713.315553,0.0019168853759765625
264747,normal,3597,0,1782361713.3177516,0.0021986961364746094
264748,normal,154,0,1782361713.3202693,0.0025177001953125
264749,normal,1354,1,1782361713.321801,0.0015316009521484375
264750,normal,2509,0,1782361713.3237195,0.0019185543060302734
264751,normal,606,0,1782361713.3256383,0.001918792724609375
264752,normal,3300,1,1782361713.3276448,0.00200653076171875
264753,normal,2626,0,1782361713.329645,0.002000093460083008
264754,normal,3707,0,1782361713.3315825,0.0019376277923583984
264755,normal,2972,0,1782361713.3335202,0.0019376277923583984
264756,normal,831,2,1782361713.3355484,0.002028226852416992
264757,normal,3135,1,1782361713.3375964,0.002048015594482422
264758,normal,768,0,1782361713.3395507,0.001954317092895508
264759,normal,1592,0,1782361713.3416054,0.0020546913146972656
264760,normal,3254,1,1782361713.3435986,0.0019931793212890625
264761,normal,2966,0,1782361713.3456047,0.002006053924560547
264762,normal,3538,0,1782361713.3475695,0.0019648075103759766
264763,normal,678,0,1782361713.3495905,0.0020210742950439453
264764,normal,3641,0,1782361713.351608,0.002017498016357422
264765,normal,3379,1,1782361713.3537545,0.002146482467651367
264766,normal,1390,0,1782361713.3555198,0.0017652511596679688
264767,normal,3662,0,1782361713.3575637,0.0020439624786376953
264768,normal,624,0,1782361713.3596072,0.002043485641479492
264769,normal,2691,0,1782361713.3616061,0.0019989013671875
264770,normal,1607,0,1782361713.3635426,0.0019364356994628906
264771,normal,3635,0,1782361713.365707,0.0021643638610839844
264772,normal,1019,2,1782361713.3676143,0.0019073486328125
264773,normal,1677,0,1782361713.3697917,0.0021774768829345703
264774,normal,2079,0,1782361713.3717697,0.0019779205322265625
264775,normal,2834,0,1782361713.3735392,0.0017695426940917969
264776,normal,700,0,1782361713.3757997,0.002260446548461914
264777,normal,1630,0,1782361713.3778749,0.0020751953125
264778,normal,1307,0,1782361713.3795028,0.0016279220581054688
264779,normal,2339,0,1782361713.3816965,0.0021936893463134766
264780,normal,989,2,1782361713.383602,0.0019054412841796875
264781,normal,713,0,1782361713.3856523,0.0020503997802734375
264782,normal,1750,0,1782361713.3875473,0.0018949508666992188
264783,normal,3271,1,1782361713.3896186,0.002071380615234375
264784,normal,2219,0,1782361713.3917253,0.0021066665649414062
264785,normal,2173,0,1782361713.3936124,0.0018870830535888672
264786,normal,619,0,1782361713.3957217,0.0021092891693115234
264787,normal,3124,1,1782361713.3975482,0.0018265247344970703
264788,normal,3708,0,1782361713.399696,0.0021479129791259766
264789,normal,2613,0,1782361713.401641,0.0019447803497314453
264790,normal,2153,0,1782361713.4035437,0.0019028186798095703
264791,normal,203,0,1782361713.405653,0.0021092891693115234
264792,normal,1281,0,1782361713.4075794,0.001926422119140625
264793,normal,2434,0,1782361713.4096115,0.002032041549682617
264794,normal,3076,1,1782361713.4116197,0.002008199691772461
264795,normal,1761,0,1782361713.4136558,0.0020360946655273438
264796,normal,1536,0,1782361713.4156034,0.001947641372680664
264797,normal,2073,0,1782361713.417768,0.002164602279663086
264798,normal,1860,0,1782361713.4195857,0.0018177032470703125
264799,normal,2754,0,1782361713.4217367,0.002151012420654297
264800,normal,2658,0,1782361713.4236844,0.001947641372680664
264801,normal,1291,0,1782361713.4255116,0.001827239990234375
264802,normal,2499,0,1782361713.4275827,0.0020711421966552734
264803,normal,3351,1,1782361713.4295447,0.001961946487426758
264804,normal,1816,0,1782361713.4316232,0.002078533172607422
264805,normal,947,2,1782361713.4335084,0.0018851757049560547
264806,normal,444,0,1782361713.4355874,0.002079010009765625
264807,normal,3563,0,1782361713.4376266,0.002039194107055664
264808,normal,972,2,1782361713.439557,0.0019304752349853516
264809,normal,2343,0,1782361713.441767,0.002209901809692383
264810,normal,114,0,1782361713.4439433,0.0021762847900390625
264811,normal,303,0,1782361713.445544,0.0016007423400878906
264812,normal,1318,0,1782361713.447655,0.0021109580993652344
264813,normal,2041,0,1782361713.44964,0.0019850730895996094
264814,normal,1462,0,1782361713.4516406,0.002000570297241211
264815,normal,3634,0,1782361713.4536104,0.0019698143005371094
264816,normal,3044,0,1782361713.4556892,0.0020787715911865234
264817,normal,2022,0,1782361713.457551,0.0018618106842041016
264818,normal,3097,1,1782361713.4596565,0.0021054744720458984
264819,normal,3015,0,1782361713.4616022,0.0019457340240478516
264820,normal,293,0,1782361713.4636953,0.002093076705932617
264821,normal,1884,0,1782361713.465655,0.0019598007202148438
264822,normal,2081,0,1782361713.4678624,0.0022072792053222656
264823,normal,3215,1,1782361713.4696898,0.0018274784088134766
264824,normal,1771,0,1782361713.4718504,0.0021605491638183594
264825,normal,2355,0,1782361713.4736238,0.0017733573913574219
264826,normal,937,2,1782361713.4757779,0.002154111862182617
264827,normal,763,0,1782361713.477646,0.0018682479858398438
264828,normal,429,0,1782361713.4796255,0.001979351043701172
264829,normal,252,0,1782361713.4819708,0.0023453235626220703
264830,normal,3112,1,1782361713.4837177,0.0017468929290771484
264831,normal,2812,0,1782361713.4855587,0.0018410682678222656
264832,normal,2447,0,1782361713.4877675,0.002208709716796875
264833,normal,1439,0,1782361713.48978,0.002012491226196289
264834,normal,1956,0,1782361713.491569,0.001789093017578125
264835,normal,3540,0,1782361713.4937115,0.0021424293518066406
264836,normal,3633,0,1782361713.4955537,0.0018422603607177734
264837,normal,3195,1,1782361713.4976945,0.0021407604217529297
264838,normal,1766,0,1782361713.499565,0.0018703937530517578
264839,normal,2016,0,1782361713.5016966,0.0021317005157470703
264840,normal,464,0,1782361713.5035686,0.0018720626831054688
264841,normal,2036,0,1782361713.5056438,0.0020751953125
264842,normal,2470,0,1782361713.507584,0.0019402503967285156
264843,normal,262,0,1782361713.5097575,0.0021734237670898438
264844,normal,3175,1,1782361713.5116074,0.0018498897552490234
264845,normal,1600,0,1782361713.5137286,0.0021212100982666016
264846,normal,824,2,1782361713.5155954,0.0018668174743652344
264847,normal,3092,1,1782361713.5177217,0.0021262168884277344
264848,normal,1932,0,1782361713.519597,0.0018754005432128906
264849,normal,3498,0,1782361713.5216417,0.002044677734375
264850,normal,311,0,1782361713.523658,0.002016305923461914
264851,normal,2018,0,1782361713.5255601,0.0019021034240722656
264852,normal,1284,0,1782361713.5275915,0.0020313262939453125
264853,normal,487,0,1782361713.5295937,0.002002239227294922
264854,normal,1953,0,1782361713.5316925,0.0020987987518310547
264855,normal,2425,0,1782361713.5336094,0.0019168853759765625
264856,normal,1858,0,1782361713.535705,0.0020956993103027344
264857,normal,2615,0,1782361713.5375726,0.001867532730102539
264858,normal,2175,0,1782361713.539715,0.0021424293518066406
264859,normal,3661,0,1782361713.5415416,0.0018265247344970703
264860,normal,430,0,1782361713.5436487,0.0021071434020996094
264861,normal,955,2,1782361713.545578,0.0019292831420898438
264862,normal,101,0,1782361713.547586,0.0020079612731933594
264863,normal,1961,0,1782361713.549658,0.0020720958709716797
264864,normal,126,0,1782361713.5516498,0.001991748809814453
264865,normal,1269,0,1782361713.553592,0.0019421577453613281
264866,normal,1181,0,1782361713.555856,0.0022640228271484375
264867,normal,2923,0,1782361713.5577345,0.001878499984741211
264868,normal,3331,1,1782361713.559687,0.0019524097442626953
264869,normal,1776,0,1782361713.5617235,0.002036571502685547
264870,normal,3050,1,1782361713.5638235,0.0020999908447265625
264871,normal,2259,0,1782361713.5655696,0.0017461776733398438
264872,normal,1785,0,1782361713.567794,0.002224445343017578
264873,normal,1473,0,1782361713.5695655,0.0017714500427246094
264874,normal,7,0,1782361713.5717094,0.00214385986328125
264875,normal,1120,0,1782361713.5736265,0.001917123794555664
264876,normal,3574,0,1782361713.5756845,0.0020580291748046875
264877,normal,3314,1,1782361713.577614,0.0019295215606689453
264878,normal,1266,0,1782361713.579808,0.002193927764892578
264879,normal,155,0,1782361713.5817597,0.0019516944885253906
264880,normal,1703,0,1782361713.5836277,0.0018680095672607422
264881,normal,1557,0,1782361713.585703,0.0020751953125
264882,normal,2201,0,1782361713.5877326,0.0020296573638916016
264883,normal,1220,0,1782361713.5895207,0.0017881393432617188
264884,normal,660,0,1782361713.5916574,0.002136707305908203
264885,normal,3423,0,1782361713.5935342,0.0018768310546875
264886,normal,3051,1,1782361713.5956995,0.0021653175354003906
264887,normal,47,0,1782361713.59755,0.0018503665924072266
264888,normal,1160,0,1782361713.599643,0.002093076705932617
264889,normal,2788,0,1782361713.601533,0.001889944076538086
264890,normal,343,0,1782361713.6036463,0.00211334228515625
264891,normal,2828,0,1782361713.6055388,0.0018925666809082031
264892,normal,198,0,1782361713.6077328,0.002193927764892578
264893,normal,228,0,1782361713.6096787,0.0019459724426269531
264894,normal,3098,1,1782361713.6117609,0.0020821094512939453
264895,normal,3004,0,1782361713.613734,0.0019731521606445312
264896,normal,3354,1,1782361713.6155736,0.0018396377563476562
264897,normal,335,0,1782361713.617583,0.0020093917846679688
264898,normal,1355,1,1782361713.6195562,0.0019731521606445312
264899,normal,3706,0,1782361713.62169,0.0021338462829589844
264900,normal,1509,0,1782361713.6237392,0.0020492076873779297
264901,normal,542,0,1782361713.6255703,0.0018310546875
264902,normal,943,2,1782361713.62765,0.0020797252655029297
264903,normal,2222,0,1782361713.6295974,0.0019474029541015625
264904,normal,2922,0,1782361713.6316862,0.002088785171508789
264905,normal,724,0,1782361713.6335652,0.001878976821899414
264906,normal,1250,0,1782361713.6357038,0.0021386146545410156
264907,normal,1434,0,1782361713.6375616,0.001857757568359375
264908,normal,3584,0,1782361713.63972,0.0021584033966064453
264909,normal,3104,1,1782361713.641616,0.0018961429595947266
264910,normal,2686,0,1782361713.6436858,0.002069711685180664
264911,normal,2156,0,1782361713.6455488,0.0018630027770996094
264912,normal,2383,0,1782361713.647865,0.0023162364959716797
264913,normal,3681,0,1782361713.6496065,0.0017414093017578125
264914,normal,148,0,1782361713.6517375,0.0021309852600097656
264915,normal,1312,0,1782361713.653828,0.0020904541015625
264916,normal,2592,0,1782361713.6556442,0.0018162727355957031
264917,normal,2904,0,1782361713.6576529,0.002008676528930664
264918,normal,3298,1,1782361713.6595411,0.001888275146484375
264919,normal,3449,0,1782361713.6617105,0.002169370651245117
264920,normal,2980,0,1782361713.6636052,0.0018947124481201172
264921,normal,3055,1,1782361713.6657314,0.0021262168884277344
264922,normal,2556,0,1782361713.6676972,0.001965761184692383
264923,normal,809,2,1782361713.6697106,0.0020134449005126953
264924,normal,2056,0,1782361713.6715646,0.00185394287109375
264925,normal,738,0,1782361713.673691,0.002126455307006836
264926,normal,2977,0,1782361713.675657,0.0019659996032714844
264927,normal,30,0,1782361713.677801,0.00214385986328125
264928,normal,1784,0,1782361713.6797516,0.0019507408142089844
264929,normal,486,0,1782361713.6815963,0.001844644546508789
264930,normal,64,0,1782361713.6837008,0.002104520797729492
264931,normal,1692,0,1782361713.6856275,0.0019266605377197266
264932,normal,3549,0,1782361713.6876419,0.0020143985748291016
264933,normal,3476,0,1782361713.690049,0.002407073974609375
264934,normal,75,0,1782361713.6915293,0.0014803409576416016
264935,normal,1915,0,1782361713.6937125,0.002183198928833008
264936,normal,3241,1,1782361713.6957786,0.0020661354064941406
264937,normal,552,0,1782361713.697566,0.001787424087524414
264938,normal,280,0,1782361713.6997,0.002134084701538086
264939,normal,112,0,1782361713.7016165,0.0019164085388183594
264940,normal,2693,0,1782361713.7037,0.0020835399627685547
264941,normal,2665,0,1782361713.7055876,0.0018875598907470703
264942,normal,2476,0,1782361713.7076406,0.0020530223846435547
264943,normal,2954,0,1782361713.709561,0.001920461654663086
264944,normal,1024,2,1782361713.711693,0.002131938934326172
264945,normal,3197,1,1782361713.7135742,0.0018811225891113281
264946,normal,2893,0,1782361713.7156894,0.0021152496337890625
264947,normal,3239,1,1782361713.7175524,0.0018630027770996094
264948,normal,2880,0,1782361713.7196991,0.0021467208862304688
264949,normal,2316,0,1782361713.72176,0.0020608901977539062
264950,normal,1929,0,1782361713.7237427,0.0019826889038085938
264951,normal,18,0,1782361713.7256308,0.0018880367279052734
264952,normal,89,0,1782361713.7275724,0.001941680908203125
264953,normal,306,0,1782361713.729713,0.002140522003173828
264954,normal,210,0,1782361713.731601,0.0018880367279052734
264955,normal,477,0,1782361713.7336528,0.002051830291748047
264956,normal,3322,1,1782361713.7355382,0.0018854141235351562
264957,normal,2661,0,1782361713.7376494,0.002111196517944336
264958,normal,2975,0,1782361713.7395754,0.0019259452819824219
264959,normal,2498,0,1782361713.7417386,0.0021631717681884766
264960,normal,2884,0,1782361713.7436328,0.001894235610961914
264961,normal,2128,0,1782361713.7456033,0.001970529556274414
264962,normal,2878,0,1782361713.7478013,0.0021979808807373047
264963,normal,1249,0,1782361713.74988,0.0020787715911865234
264964,normal,1374,1,1782361713.7515757,0.0016956329345703125
264965,normal,2131,0,1782361713.753792,0.002216339111328125
264966,normal,3619,0,1782361713.755724,0.001931905746459961
264967,normal,2780,0,1782361713.7575786,0.0018546581268310547
264968,normal,3294,1,1782361713.7596521,0.002073526382446289
264969,normal,1917,0,1782361713.7615411,0.0018889904022216797
264970,normal,680,0,1782361713.7636485,0.002107381820678711
264971,normal,225,0,1782361713.765819,0.002170562744140625
264972,normal,3150,1,1782361713.7675707,0.0017516613006591797
264973,normal,68,0,1782361713.7695339,0.0019631385803222656
264974,normal,3479,0,1782361713.7717109,0.002177000045776367
264975,normal,2671,0,1782361713.7737648,0.002053976058959961
264976,normal,1474,0,1782361713.7755637,0.001798868179321289
264977,normal,3318,1,1782361713.7782311,0.0026674270629882812
264978,normal,2858,0,1782361713.7797008,0.0014696121215820312
264979,normal,3572,0,1782361713.7818742,0.0021734237670898438
264980,normal,263,0,1782361713.7835996,0.0017254352569580078
264981,normal,2319,0,1782361713.7856343,0.0020346641540527344
264982,normal,3025,0,1782361713.7876525,0.0020182132720947266
264983,normal,517,0,1782361713.7895617,0.0019092559814453125
264984,normal,1028,2,1782361713.7917483,0.0021865367889404297
264985,normal,35,0,1782361713.7936087,0.0018603801727294922
264986,normal,2561,0,1782361713.7957253,0.002116680145263672
264987,normal,1865,0,1782361713.7975838,0.0018584728240966797
264988,normal,3152,1,1782361713.7997074,0.002123594284057617
264989,normal,2407,0,1782361713.8015656,0.0018582344055175781
264990,normal,3380,1,1782361713.8037107,0.002145051956176758
264991,normal,2590,0,1782361713.8055665,0.0018558502197265625
264992,normal,3672,0,1782361713.8078258,0.0022592544555664062
264993,normal,2642,0,1782361713.8102477,0.002421855926513672
264994,normal,1224,0,1782361713.8118465,0.0015988349914550781
264995,normal,2744,0,1782361713.8138106,0.001964092254638672
264996,normal,1782,0,1782361713.8159084,0.0020978450775146484
264997,normal,2367,0,1782361713.8178506,0.0019421577453613281
264998,normal,3140,1,1782361713.8199396,0.0020890235900878906
264999,normal,419,0,1782361713.8216174,0.0016777515411376953
265000,normal,125,0,1782361713.8235457,0.0019283294677734375
265001,normal,223,0,1782361713.8256924,0.0021467208862304688
265002,normal,2165,0,1782361713.82755,0.0018575191497802734
265003,normal,1191,0,1782361713.8296905,0.002140522003173828
265004,normal,2391,0,1782361713.8316073,0.0019168853759765625
265005,normal,1022,2,1782361713.833612,0.0020046234130859375
265006,normal,2938,0,1782361713.8357046,0.002092599868774414
265007,normal,370,0,1782361713.8375492,0.001844644546508789
265008,normal,2469,0,1782361713.8397086,0.0021593570709228516
265009,normal,2158,0,1782361713.8416133,0.0019047260284423828
265010,normal,1853,0,1782361713.84377,0.0021567344665527344
265011,normal,2668,0,1782361713.8457105,0.0019404888153076172
265012,normal,758,0,1782361713.8476543,0.001943826675415039
265013,normal,1128,0,1782361713.8497229,0.0020685195922851562
265014,normal,2684,0,1782361713.8516886,0.001965761184692383
265015,normal,351,0,1782361713.8536415,0.0019528865814208984
265016,normal,2713,0,1782361713.8557594,0.0021178722381591797
265017,normal,2620,0,1782361713.8575566,0.0017971992492675781
265018,normal,3664,0,1782361713.859704,0.0021474361419677734
265019,normal,1885,0,1782361713.8615608,0.0018568038940429688
265020,normal,3480,0,1782361713.8637068,0.002146005630493164
265021,normal,484,0,1782361713.8655622,0.0018553733825683594
265022,normal,3521,0,1782361713.8677187,0.002156496047973633
265023,normal,23,0,1782361713.8696074,0.0018887519836425781
265024,normal,345,0,1782361713.8717356,0.002128124237060547
265025,normal,1714,0,1782361713.8735902,0.0018546581268310547
265026,normal,1792,0,1782361713.8756974,0.0021071434020996094
265027,normal,2652,0,1782361713.8775477,0.0018503665924072266
265028,normal,750,0,1782361713.8796966,0.002148866653442383
265029,normal,532,0,1782361713.881565,0.0018684864044189453
265030,normal,1470,0,1782361713.883688,0.0021228790283203125
265031,normal,1483,0,1782361713.8855968,0.0019087791442871094
265032,normal,1025,2,1782361713.887758,0.002161264419555664
265033,normal,1843,0,1782361713.8896394,0.0018813610076904297
265034,normal,2284,0,1782361713.8916469,0.0020074844360351562
265035,normal,144,0,1782361713.8936908,0.0020439624786376953
265036,normal,1489,0,1782361713.8955834,0.0018925666809082031
265037,normal,529,0,1782361713.897711,0.0021276473999023438
265038,normal,2379,0,1782361713.8996263,0.0019152164459228516
265039,normal,2027,0,1782361713.901544,0.0019178390502929688
265040,normal,3039,0,1782361713.90369,0.002146005630493164
265041,normal,201,0,1782361713.9055347,0.001844644546508789
265042,normal,363,0,1782361713.9080396,0.0025048255920410156
265043,normal,1638,0,1782361713.9096234,0.0015838146209716797
265044,normal,440,0,1782361713.9117374,0.0021140575408935547
265045,normal,2580,0,1782361713.9137468,0.0020093917846679688
265046,normal,2378,0,1782361713.9157093,0.001962423324584961
265047,normal,2850,0,1782361713.9177954,0.002086162567138672
265048,normal,2409,0,1782361713.9196808,0.0018854141235351562
265049,normal,66,0,1782361713.921713,0.0020322799682617188
265050,normal,2989,0,1782361713.923774,0.0020608901977539062
265051,normal,2427,0,1782361713.9255354,0.0017614364624023438
265052,normal,1513,0,1782361713.927645,0.002109527587890625
265053,normal,88,0,1782361713.929531,0.001886129379272461
265054,normal,1387,0,1782361713.9315622,0.002031087875366211
265055,normal,1810,0,1782361713.9337783,0.0022161006927490234
265056,normal,2624,0,1782361713.9355302,0.0017518997192382812
265057,normal,1653,0,1782361713.9376395,0.0021092891693115234
265058,normal,938,2,1782361713.9395282,0.0018887519836425781
265059,normal,2990,0,1782361713.941657,0.0021288394927978516
265060,normal,3481,0,1782361713.944461,0.0028040409088134766
265061,normal,1955,0,1782361713.9459107,0.0014495849609375
265062,normal,1632,0,1782361713.9476407,0.0017299652099609375
265063,normal,3308,1,1782361713.9495676,0.0019268989562988281
265064,normal,657,0,1782361713.9517004,0.002132892608642578
265065,normal,870,2,1782361713.953582,0.0018815994262695312
265066,normal,1150,0,1782361713.9557743,0.002192258834838867
265067,normal,1594,0,1782361713.9577963,0.0020220279693603516
265068,normal,251,0,1782361713.9596226,0.0018262863159179688
265069,normal,1826,0,1782361713.9615655,0.0019428730010986328
265070,normal,3049,1,1782361713.9637022,0.002136707305908203
265071,normal,596,0,1782361713.9655974,0.0018951892852783203
265072,normal,2955,0,1782361713.9677143,0.0021169185638427734
265073,normal,1300,0,1782361713.9698155,0.0021011829376220703
265074,normal,1660,0,1782361713.9718978,0.002082347869873047
265075,normal,2949,0,1782361713.97368,0.0017821788787841797
265076,normal,2656,0,1782361713.9757636,0.0020835399627685547
265077,normal,1777,0,1782361713.9777677,0.0020041465759277344
265078,normal,1739,0,1782361713.979676,0.0019083023071289062
265079,normal,1604,0,1782361713.9817038,0.002027750015258789
265080,normal,1000,2,1782361713.983944,0.0022401809692382812
265081,normal,1852,0,1782361713.9857762,0.0018322467803955078
265082,normal,3330,1,1782361713.9876266,0.0018503665924072266
265083,normal,567,0,1782361713.989946,0.0023193359375
265084,normal,2804,0,1782361713.9921184,0.0021724700927734375
265085,normal,240,0,1782361713.9936972,0.0015788078308105469
265086,normal,329,0,1782361713.9955454,0.0018482208251953125
265087,normal,327,0,1782361713.9976535,0.0021080970764160156
265088,normal,1198,0,1782361713.9995556,0.0019021034240722656
265089,normal,1093,0,1782361714.0017111,0.0021555423736572266
265090,normal,2014,0,1782361714.0035622,0.0018510818481445312
265091,normal,1764,0,1782361714.0057085,0.0021462440490722656
265092,normal,682,0,1782361714.0075574,0.0018489360809326172
265093,normal,2238,0,1782361714.0097163,0.0021588802337646484
265094,normal,3566,0,1782361714.0116105,0.001894235610961914
265095,normal,2750,0,1782361714.013731,0.002120494842529297
265096,normal,3606,0,1782361714.0156555,0.0019245147705078125
265097,normal,3651,0,1782361714.0176566,0.002001047134399414
265098,normal,3524,0,1782361714.0196512,0.001994609832763672
265099,normal,455,0,1782361714.0216572,0.002006053924560547
265100,normal,2334,0,1782361714.0237663,0.002109050750732422
265101,normal,1844,0,1782361714.0257182,0.0019519329071044922
265102,normal,817,2,1782361714.027539,0.0018208026885986328
265103,normal,712,0,1782361714.0297081,0.0021691322326660156
265104,normal,3385,1,1782361714.0315728,0.0018646717071533203
265105,normal,1241,0,1782361714.0336988,0.002125978469848633
265106,normal,592,0,1782361714.0355587,0.001859903335571289
265107,normal,3445,0,1782361714.037711,0.0021522045135498047
265108,normal,3535,0,1782361714.0395827,0.0018718242645263672
265109,normal,266,0,1782361714.0417147,0.002131938934326172
265110,normal,3339,1,1782361714.0437,0.001985311508178711
265111,normal,794,2,1782361714.0456514,0.001951456069946289
265112,normal,150,0,1782361714.0476904,0.0020389556884765625
265113,normal,1681,0,1782361714.0495677,0.0018773078918457031
265114,normal,612,0,1782361714.0515566,0.0019888877868652344
265115,normal,1260,0,1782361714.053691,0.0021343231201171875
265116,normal,257,0,1782361714.0555916,0.0019006729125976562
265117,normal,3576,0,1782361714.0577524,0.002160787582397461
265118,normal,2515,0,1782361714.0596194,0.001867055892944336
265119,normal,605,0,1782361714.061727,0.0021076202392578125
265120,normal,1304,0,1782361714.063623,0.001895904541015625
265121,normal,3460,0,1782361714.0657141,0.0020911693572998047
265122,normal,353,0,1782361714.0676007,0.001886606216430664
265123,normal,1603,0,1782361714.0698059,0.0022051334381103516
265124,normal,3467,0,1782361714.0725653,0.0027594566345214844
265125,normal,1170,0,1782361714.073558,0.0009927749633789062
265126,normal,298,0,1782361714.0756896,0.0021314620971679688
265127,normal,3205,1,1782361714.0775518,0.0018622875213623047
265128,normal,1905,0,1782361714.0797412,0.0021893978118896484
265129,normal,833,2,1782361714.0816422,0.0019009113311767578
265130,normal,3297,1,1782361714.0837634,0.0021212100982666016
265131,normal,799,2,1782361714.0856402,0.0018768310546875
265132,normal,3111,1,1782361714.0877542,0.0021140575408935547
265133,normal,2787,0,1782361714.089697,0.0019426345825195312
265134,normal,1094,0,1782361714.0917046,0.002007722854614258
265135,normal,3694,0,1782361714.093606,0.001901388168334961
265136,normal,2174,0,1782361714.095854,0.002248048782348633
265137,normal,2336,0,1782361714.0975578,0.0017037391662597656
265138,normal,3687,0,1782361714.0996504,0.002092599868774414
265139,normal,1408,0,1782361714.1015356,0.0018851757049560547
265140,normal,1740,0,1782361714.1036487,0.0021131038665771484
265141,normal,3370,1,1782361714.1057138,0.0020651817321777344
265142,normal,2057,0,1782361714.1075351,0.001821279525756836
265143,normal,3505,0,1782361714.1096447,0.002109527587890625
265144,normal,1498,0,1782361714.1115315,0.0018868446350097656
265145,normal,399,0,1782361714.1136453,0.002113819122314453
265146,normal,1259,0,1782361714.115706,0.0020606517791748047
265147,normal,2340,0,1782361714.1177626,0.002056598663330078
265148,normal,907,2,1782361714.119703,0.0019404888153076172
265149,normal,2278,0,1782361714.1217659,0.0020627975463867188
265150,normal,2752,0,1782361714.123905,0.0021390914916992188
265151,normal,796,2,1782361714.1255834,0.001678466796875
265152,normal,869,2,1782361714.127706,0.002122640609741211
265153,normal,3095,1,1782361714.1295662,0.0018601417541503906
265154,normal,1725,0,1782361714.1316974,0.002131223678588867
265155,normal,1506,0,1782361714.133804,0.0021066665649414062
265156,normal,43,0,1782361714.1356184,0.0018143653869628906
265157,normal,1195,0,1782361714.1376944,0.0020759105682373047
265158,normal,1102,0,1782361714.1395545,0.0018601417541503906
265159,normal,2269,0,1782361714.1416945,0.002140045166015625
265160,normal,787,2,1782361714.1435628,0.0018682479858398438
265161,normal,3416,0,1782361714.1457047,0.0021419525146484375
265162,normal,3503,0,1782361714.1475637,0.0018589496612548828
265163,normal,2550,0,1782361714.1497123,0.0021486282348632812
265164,normal,1700,0,1782361714.151611,0.0018987655639648438
265165,normal,1608,0,1782361714.1537094,0.0020983219146728516
265166,normal,522,0,1782361714.1555867,0.0018773078918457031
265167,normal,1136,0,1782361714.1578708,0.0022840499877929688
265168,normal,2557,0,1782361714.1597059,0.0018351078033447266
265169,normal,3088,1,1782361714.1616476,0.001941680908203125
265170,normal,547,0,1782361714.163703,0.0020554065704345703
265171,normal,2836,0,1782361714.165642,0.0019390583038330078
265172,normal,2108,0,1782361714.1675603,0.0019183158874511719
265173,normal,1569,0,1782361714.169563,0.002002716064453125
265174,normal,3202,1,1782361714.1715727,0.0020096302032470703
265175,normal,2183,0,1782361714.173592,0.0020194053649902344
265176,normal,519,0,1782361714.1756513,0.0020592212677001953
265177,normal,2123,0,1782361714.1776161,0.0019648075103759766
265178,normal,2800,0,1782361714.1797023,0.002086162567138672
265179,normal,1214,0,1782361714.181574,0.0018718242645263672
265180,normal,1741,0,1782361714.183514,0.001940011978149414
265181,normal,3628,0,1782361714.1859338,0.002419710159301758
265182,normal,1297,0,1782361714.1879299,0.0019960403442382812
265183,normal,2599,0,1782361714.1896389,0.001708984375
265184,normal,1370,1,1782361714.191637,0.0019981861114501953
265185,normal,636,0,1782361714.1936193,0.0019822120666503906
265186,normal,581,0,1782361714.1955879,0.0019686222076416016
265187,normal,3575,0,1782361714.1975894,0.002001523971557617
265188,normal,3023,0,1782361714.1996295,0.0020401477813720703
265189,normal,3311,1,1782361714.2018297,0.0022001266479492188
265190,normal,2009,0,1782361714.2035093,0.0016796588897705078
265191,normal,2645,0,1782361714.2056034,0.0020940303802490234
265192,normal,2230,0,1782361714.2075515,0.0019481182098388672
265193,normal,762,0,1782361714.209566,0.002014636993408203
265194,normal,362,0,1782361714.2115664,0.0020003318786621094
265195,normal,3329,1,1782361714.2135243,0.0019578933715820312
265196,normal,2268,0,1782361714.2155697,0.0020453929901123047
265197,normal,3702,0,1782361714.2176132,0.002043485641479492
265198,normal,1123,0,1782361714.2195556,0.0019423961639404297
265199,normal,1032,0,1782361714.2215536,0.0019979476928710938
265200,normal,1201,0,1782361714.223553,0.001999378204345703
265201,normal,797,2,1782361714.2255096,0.0019567012786865234
265202,normal,858,2,1782361714.2275538,0.002044200897216797
265203,normal,3163,1,1782361714.2295506,0.001996755599975586
265204,normal,2909,0,1782361714.2315168,0.001966238021850586
265205,normal,1130,0,1782361714.2336054,0.0020885467529296875
265206,normal,1105,0,1782361714.2358806,0.002275228500366211
265207,normal,2389,0,1782361714.237577,0.0016963481903076172
265208,normal,2586,0,1782361714.23953,0.001953125
265209,normal,1991,0,1782361714.241588,0.0020580291748046875
265210,normal,1365,1,1782361714.243546,0.0019578933715820312
265211,normal,3068,1,1782361714.2455437,0.001997709274291992
265212,normal,3066,1,1782361714.2475312,0.001987457275390625
265213,normal,2490,0,1782361714.2494924,0.001961231231689453
265214,normal,2140,0,1782361714.2516067,0.0021142959594726562
265215,normal,1306,0,1782361714.2536316,0.0020248889923095703
265216,normal,1830,0,1782361714.2555575,0.0019259452819824219
265217,normal,2667,0,1782361714.2575874,0.002029895782470703
265218,normal,1302,0,1782361714.2597022,0.0021147727966308594
265219,normal,3419,0,1782361714.2617826,0.0020804405212402344
265220,normal,2472,0,1782361714.263581,0.001798391342163086
265221,normal,1416,0,1782361714.2656314,0.0020503997802734375
265222,normal,2601,0,1782361714.2676327,0.0020012855529785156
265223,normal,2595,0,1782361714.2696166,0.0019838809967041016
265224,normal,1096,0,1782361714.2715952,0.001978635787963867
265225,normal,376,0,1782361714.2735167,0.0019214153289794922
265226,normal,629,0,1782361714.275552,0.002035379409790039
265227,normal,705,0,1782361714.2775617,0.0020096302032470703
265228,normal,323,0,1782361714.2795696,0.0020079612731933594
265229,normal,851,2,1782361714.2815518,0.0019822120666503906
265230,normal,3532,0,1782361714.2835445,0.0019927024841308594
265231,normal,863,2,1782361714.2854953,0.0019507408142089844
265232,normal,2381,0,1782361714.2875423,0.0020470619201660156
265233,normal,3250,1,1782361714.2899592,0.002416849136352539
265234,normal,1595,0,1782361714.291613,0.001653909683227539
265235,normal,489,0,1782361714.2938328,0.002219676971435547
265236,normal,2783,0,1782361714.2955768,0.0017440319061279297
265237,normal,1545,0,1782361714.2975492,0.0019724369049072266
265238,normal,585,0,1782361714.299582,0.002032756805419922
265239,normal,503,0,1782361714.3015754,0.001993417739868164
265240,normal,3620,0,1782361714.3036757,0.002100229263305664
265241,normal,2501,0,1782361714.3056157,0.001940011978149414
265242,normal,1003,2,1782361714.3076231,0.0020074844360351562
265243,normal,3543,0,1782361714.3095362,0.0019130706787109375
265244,normal,324,0,1782361714.3116224,0.002086162567138672
265245,normal,3386,1,1782361714.3135705,0.0019481182098388672
265246,normal,1634,0,1782361714.3155327,0.0019621849060058594
265247,normal,176,0,1782361714.3175716,0.0020389556884765625
265248,normal,2531,0,1782361714.319762,0.0021903514862060547
265249,normal,2916,0,1782361714.3221939,0.0024318695068359375
265250,normal,360,0,1782361714.3238204,0.0016264915466308594
265251,normal,3400,1,1782361714.3258622,0.0020418167114257812
265252,normal,237,0,1782361714.327737,0.0018749237060546875
265253,normal,755,0,1782361714.32992,0.0021829605102539062
265254,normal,2739,0,1782361714.3320158,0.0020956993103027344
265255,normal,1720,0,1782361714.333624,0.001608133316040039
265256,normal,2840,0,1782361714.335527,0.0019030570983886719
265257,normal,3074,1,1782361714.3376243,0.0020973682403564453
265258,normal,1166,0,1782361714.339507,0.001882791519165039
265259,normal,2913,0,1782361714.3415704,0.002063274383544922
265260,normal,312,0,1782361714.343581,0.0020105838775634766
265261,normal,1861,0,1782361714.345532,0.001950979232788086
265262,normal,3278,1,1782361714.3475738,0.0020418167114257812
265263,normal,1984,0,1782361714.3496356,0.0020618438720703125
265264,normal,3424,0,1782361714.3516855,0.0020499229431152344
265265,normal,1381,1,1782361714.3536255,0.001940011978149414
265266,normal,2882,0,1782361714.355631,0.0020055770874023438
265267,normal,3216,1,1782361714.357571,0.0019397735595703125
265268,normal,451,0,1782361714.3596106,0.002039670944213867
265269,normal,874,2,1782361714.3615584,0.0019478797912597656
265270,normal,220,0,1782361714.3635776,0.002019166946411133
265271,normal,1215,0,1782361714.3656158,0.002038240432739258
265272,normal,3273,1,1782361714.3676155,0.0019996166229248047
265273,normal,2540,0,1782361714.3697383,0.0021228790283203125
265274,normal,2035,0,1782361714.3715656,0.001827239990234375
265275,normal,2995,0,1782361714.3737047,0.0021390914916992188
265276,normal,2716,0,1782361714.375565,0.0018603801727294922
265277,normal,2210,0,1782361714.3777068,0.002141714096069336
265278,normal,2471,0,1782361714.379598,0.0018911361694335938
265279,normal,2363,0,1782361714.3817284,0.0021305084228515625
265280,normal,3338,1,1782361714.3835936,0.0018651485443115234
265281,normal,985,2,1782361714.385862,0.002268552780151367
265282,normal,2851,0,1782361714.387564,0.0017018318176269531
265283,normal,2051,0,1782361714.3897002,0.00213623046875
265284,normal,1765,0,1782361714.3915586,0.0018584728240966797
265285,normal,405,0,1782361714.393697,0.002138376235961914
265286,normal,535,0,1782361714.3956447,0.001947641372680664
265287,normal,1066,0,1782361714.3975527,0.0019080638885498047
265288,normal,1909,0,1782361714.3997483,0.002195596694946289
265289,normal,1738,0,1782361714.4016082,0.001859903335571289
265290,normal,3144,1,1782361714.4037874,0.0021791458129882812
265291,normal,462,0,1782361714.4056406,0.0018532276153564453
265292,normal,2724,0,1782361714.4077425,0.002101898193359375
265293,normal,1733,0,1782361714.4096065,0.0018639564514160156
265294,normal,272,0,1782361714.4117227,0.0021162033081054688
265295,normal,2888,0,1782361714.4135838,0.0018610954284667969
265296,normal,3356,1,1782361714.4156866,0.0021028518676757812
265297,normal,1687,0,1782361714.4175432,0.0018565654754638672
265298,normal,36,0,1782361714.419657,0.002113819122314453
265299,normal,3285,1,1782361714.4219894,0.002332448959350586
265300,normal,3377,1,1782361714.423616,0.0016264915466308594
265301,normal,1159,0,1782361714.4257882,0.002172231674194336
265302,normal,1968,0,1782361714.4278183,0.0020301342010498047
265303,normal,1688,0,1782361714.4297144,0.0018961429595947266
265304,normal,1273,0,1782361714.4317312,0.002016782760620117
265305,normal,936,2,1782361714.4337428,0.002011537551879883
265306,normal,475,0,1782361714.4357364,0.0019936561584472656
265307,normal,1551,0,1782361714.437733,0.0019965171813964844
265308,normal,1918,0,1782361714.439538,0.0018050670623779297
265309,normal,1648,0,1782361714.4417088,0.0021708011627197266
265310,normal,1627,0,1782361714.4435334,0.0018246173858642578
265311,normal,2279,0,1782361714.4456546,0.0021212100982666016
265312,normal,328,0,1782361714.4476593,0.0020046234130859375
265313,normal,1897,0,1782361714.449656,0.001996755599975586
265314,normal,1352,1,1782361714.4515321,0.0018761157989501953
265315,normal,346,0,1782361714.4535334,0.0020012855529785156
265316,normal,1,0,1782361714.455648,0.002114534378051758
265317,normal,1256,0,1782361714.4583557,0.0027077198028564453
265318,normal,1218,0,1782361714.4598436,0.0014879703521728516
265319,normal,2357,0,1782361714.4616163,0.0017726421356201172
265320,normal,1544,0,1782361714.4637096,0.0020933151245117188
265321,normal,2415,0,1782361714.4655702,0.0018606185913085938
265322,normal,158,0,1782361714.4677095,0.0021393299102783203
265323,normal,2548,0,1782361714.4695792,0.0018696784973144531
265324,normal,2823,0,1782361714.471973,0.0023937225341796875
265325,normal,590,0,1782361714.4735794,0.0016064643859863281
265326,normal,3218,1,1782361714.4757032,0.0021238327026367188
265327,normal,3258,1,1782361714.4775653,0.0018620491027832031
265328,normal,2666,0,1782361714.4797158,0.0021505355834960938
265329,normal,1541,0,1782361714.4815905,0.001874685287475586
265330,normal,19,0,1782361714.4838903,0.002299785614013672
265331,normal,773,2,1782361714.4857767,0.0018863677978515625
265332,normal,1836,0,1782361714.487801,0.002024412155151367
265333,normal,426,0,1782361714.4896524,0.0018513202667236328
265334,normal,3244,1,1782361714.491804,0.0021514892578125
265335,normal,664,0,1782361714.4937606,0.0019567012786865234
265336,normal,3461,0,1782361714.4955838,0.0018231868743896484
265337,normal,1558,0,1782361714.497908,0.002324342727661133
265338,normal,1056,0,1782361714.4998949,0.0019867420196533203
265339,normal,287,0,1782361714.5017052,0.001810312271118164
265340,normal,853,2,1782361714.5037048,0.0019996166229248047
265341,normal,746,0,1782361714.5057561,0.0020513534545898438
265342,normal,3393,1,1782361714.5077906,0.002034425735473633
265343,normal,2167,0,1782361714.5096157,0.001825094223022461
265344,normal,1994,0,1782361714.511546,0.00193023681640625
265345,normal,1057,0,1782361714.5136497,0.0021038055419921875
265346,normal,98,0,1782361714.5155847,0.0019350051879882812
265347,normal,28,0,1782361714.5177023,0.002117633819580078
265348,normal,1021,2,1782361714.5195682,0.0018658638000488281
265349,normal,756,0,1782361714.5216975,0.0021293163299560547
265350,normal,644,0,1782361714.5235662,0.0018687248229980469
265351,normal,3417,0,1782361714.5257337,0.0021674633026123047
265352,normal,1040,0,1782361714.5276291,0.0018954277038574219
265353,normal,2421,0,1782361714.5298417,0.0022125244140625
265354,normal,1857,0,1782361714.5316238,0.0017821788787841797
265355,normal,1165,0,1782361714.533687,0.002063274383544922
265356,normal,3432,0,1782361714.5356135,0.001926422119140625
265357,normal,2303,0,1782361714.5377555,0.0021419525146484375
265358,normal,944,2,1782361714.5396445,0.0018889904022216797
265359,normal,1465,0,1782361714.5417414,0.002096891403198242
265360,normal,1723,0,1782361714.5435553,0.0018138885498046875
265361,normal,2814,0,1782361714.5456998,0.0021445751190185547
265362,normal,3509,0,1782361714.5475674,0.001867532730102539
265363,normal,574,0,1782361714.5496993,0.002131938934326172
265364,normal,895,2,1782361714.5515714,0.0018720626831054688
265365,normal,623,0,1782361714.5537255,0.002154111862182617
265366,normal,2213,0,1782361714.5555842,0.0018587112426757812
265367,normal,2945,0,1782361714.557862,0.002277851104736328
265368,normal,2305,0,1782361714.5595653,0.0017032623291015625
265369,normal,1464,0,1782361714.5615618,0.0019965171813964844
265370,normal,371,0,1782361714.5636995,0.0021376609802246094
265371,normal,3026,0,1782361714.5655637,0.0018641948699951172
265372,normal,3510,0,1782361714.5677087,0.002145051956176758
265373,normal,1620,0,1782361714.569556,0.0018472671508789062
265374,normal,1965,0,1782361714.5717666,0.0022106170654296875
265375,normal,1651,0,1782361714.5736196,0.0018529891967773438
265376,normal,595,0,1782361714.5757945,0.002174854278564453
265377,normal,1288,0,1782361714.5777385,0.0019440650939941406
265378,normal,2764,0,1782361714.5796103,0.0018718242645263672
265379,normal,1640,0,1782361714.5817168,0.0021064281463623047
265380,normal,1137,0,1782361714.583578,0.0018613338470458984
265381,normal,3551,0,1782361714.5857315,0.0021533966064453125
265382,normal,1347,1,1782361714.5875487,0.0018172264099121094
265383,normal,1173,0,1782361714.5896883,0.002139568328857422
265384,normal,2129,0,1782361714.5915449,0.0018565654754638672
265385,normal,896,2,1782361714.5937867,0.002241849899291992
265386,normal,3588,0,1782361714.5957057,0.0019190311431884766
265387,normal,1946,0,1782361714.5976126,0.0019068717956542969
265388,normal,3261,1,1782361714.599782,0.002169370651245117
265389,normal,308,0,1782361714.6018057,0.0020236968994140625
265390,normal,65,0,1782361714.6038654,0.0020596981048583984
265391,normal,2138,0,1782361714.605838,0.001972675323486328
265392,normal,1205,0,1782361714.6078503,0.0020122528076171875
265393,normal,1896,0,1782361714.609721,0.0018706321716308594
265394,normal,3165,1,1782361714.6116846,0.0019636154174804688
265395,normal,297,0,1782361714.6135356,0.0018510818481445312
265396,normal,2762,0,1782361714.615651,0.0021152496337890625
265397,normal,3411,0,1782361714.6176512,0.0020003318786621094
265398,normal,2507,0,1782361714.6197515,0.002100229263305664
265399,normal,1292,0,1782361714.6215343,0.0017828941345214844
265400,normal,2623,0,1782361714.6236446,0.0021102428436279297
265401,normal,3193,1,1782361714.6255329,0.001888275146484375
265402,normal,1242,0,1782361714.627648,0.0021152496337890625
265403,normal,3232,1,1782361714.6297388,0.0020906925201416016
265404,normal,1892,0,1782361714.6318321,0.0020933151245117188
265405,normal,1082,0,1782361714.6337264,0.001894235610961914
265406,normal,2096,0,1782361714.6356494,0.0019230842590332031
265407,normal,3448,0,1782361714.6378055,0.0021560192108154297
265408,normal,2838,0,1782361714.6395717,0.001766204833984375
265409,normal,3149,1,1782361714.6417093,0.0021376609802246094
265410,normal,563,0,1782361714.643595,0.0018856525421142578
265411,normal,1248,0,1782361714.6457016,0.0021066665649414062
265412,normal,1054,0,1782361714.6477878,0.002086162567138672
265413,normal,641,0,1782361714.6496997,0.0019118785858154297
265414,normal,1710,0,1782361714.651561,0.0018613338470458984
265415,normal,1926,0,1782361714.6535518,0.001990795135498047
265416,normal,823,2,1782361714.6557002,0.0021483898162841797
265417,normal,3040,0,1782361714.657563,0.0018627643585205078
265418,normal,2344,0,1782361714.6595683,0.002005338668823242
265419,normal,2253,0,1782361714.6617107,0.0021424293518066406
265420,normal,2220,0,1782361714.6635864,0.0018756389617919922
265421,normal,2719,0,1782361714.665607,0.002020597457885742
265422,normal,334,0,1782361714.6677284,0.002121448516845703
265423,normal,260,0,1782361714.6695278,0.0017993450164794922
265424,normal,3137,1,1782361714.6723442,0.002816438674926758
265425,normal,2436,0,1782361714.6736596,0.0013153553009033203
265426,normal,1850,0,1782361714.6756217,0.0019621849060058594
265427,normal,1596,0,1782361714.6776347,0.002012968063354492
265428,normal,518,0,1782361714.6796935,0.002058744430541992
265429,normal,3704,0,1782361714.6816254,0.001931905746459961
265430,normal,3180,1,1782361714.6835365,0.001911163330078125
265431,normal,2830,0,1782361714.6855536,0.0020170211791992188
265432,normal,2122,0,1782361714.6875756,0.0020220279693603516
265433,normal,2829,0,1782361714.68963,0.002054452896118164
265434,normal,679,0,1782361714.6916542,0.0020241737365722656
265435,normal,145,0,1782361714.6936612,0.002007007598876953
265436,normal,2650,0,1782361714.6956508,0.001989603042602539
265437,normal,1664,0,1782361714.6975634,0.0019125938415527344
265438,normal,1331,1,1782361714.6995125,0.0019490718841552734
265439,normal,25,0,1782361714.701657,0.0021445751190185547
265440,normal,2746,0,1782361714.7037086,0.0020515918731689453
265441,normal,2296,0,1782361714.7056968,0.0019881725311279297
265442,normal,647,0,1782361714.707604,0.0019071102142333984
265443,normal,3573,0,1782361714.7097838,0.002179861068725586
265444,normal,3174,1,1782361714.7116475,0.001863718032836914
265445,normal,428,0,1782361714.7137806,0.0021331310272216797
265446,normal,2327,0,1782361714.716277,0.0024962425231933594
265447,normal,1849,0,1782361714.7176373,0.0013604164123535156
265448,normal,3629,0,1782361714.719713,0.002075672149658203
265449,normal,1087,0,1782361714.7216122,0.0018992424011230469
265450,normal,1752,0,1782361714.723716,0.0021038055419921875
265451,normal,1335,1,1782361714.725587,0.001870870590209961
265452,normal,39,0,1782361714.727726,0.0021390914916992188
265453,normal,1893,0,1782361714.7295835,0.0018575191497802734
265454,normal,250,0,1782361714.731687,0.002103567123413086
265455,normal,1682,0,1782361714.7337003,0.0020132064819335938
265456,normal,2275,0,1782361714.735584,0.0018837451934814453
265457,normal,3408,0,1782361714.7376986,0.002114534378051758
265458,normal,2292,0,1782361714.7395592,0.0018606185913085938
265459,normal,1928,0,1782361714.741694,0.0021347999572753906
265460,normal,1041,0,1782361714.7436945,0.002000570297241211
265461,normal,3139,1,1782361714.7457345,0.0020399093627929688
265462,normal,2148,0,1782361714.7475934,0.0018589496612548828
265463,normal,1606,0,1782361714.7497585,0.002165079116821289
265464,normal,3686,0,1782361714.752063,0.002304553985595703
265465,normal,776,2,1782361714.7535956,0.0015325546264648438
265466,normal,834,2,1782361714.7557206,0.0021250247955322266
265467,normal,3362,1,1782361714.7575788,0.0018582344055175781
265468,normal,2459,0,1782361714.7597172,0.002138376235961914
265469,normal,2516,0,1782361714.7615442,0.0018270015716552734
265470,normal,2862,0,1782361714.7636523,0.0021080970764160156
265471,normal,134,0,1782361714.7655325,0.0018801689147949219
265472,normal,2530,0,1782361714.767787,0.002254486083984375
265473,normal,1258,0,1782361714.7696552,0.0018682479858398438
265474,normal,3427,0,1782361714.7716517,0.0019965171813964844
265475,normal,3113,1,1782361714.7737987,0.0021469593048095703
265476,normal,2682,0,1782361714.7757628,0.001964092254638672
265477,normal,1461,0,1782361714.7778518,0.0020890235900878906
265478,normal,2896,0,1782361714.779616,0.0017642974853515625
265479,normal,1571,0,1782361714.7818394,0.0022232532501220703
265480,normal,3336,1,1782361714.7837112,0.0018718242645263672
265481,normal,2544,0,1782361714.7857845,0.0020732879638671875
265482,normal,16,0,1782361714.7875388,0.0017542839050292969
265483,normal,2856,0,1782361714.7896495,0.002110719680786133
265484,normal,2171,0,1782361714.791651,0.002001523971557617
265485,normal,2003,0,1782361714.7938058,0.002154827117919922
265486,normal,102,0,1782361714.7955658,0.0017600059509277344
265487,normal,3305,1,1782361714.7976484,0.0020825862884521484
265488,normal,2225,0,1782361714.79954,0.0018916130065917969
265489,normal,3401,1,1782361714.801651,0.0021109580993652344
265490,normal,3675,0,1782361714.8037136,0.002062559127807617
265491,normal,3107,1,1782361714.8060436,0.0023300647735595703
265492,normal,1573,0,1782361714.8076122,0.0015685558319091797
265493,normal,909,2,1782361714.8099406,0.0023283958435058594
265494,normal,3345,1,1782361714.8115702,0.0016295909881591797
265495,normal,2032,0,1782361714.813697,0.002126932144165039
265496,normal,1366,1,1782361714.8157046,0.0020074844360351562
265497,normal,3177,1,1782361714.8175738,0.00186920166015625
265498,normal,3519,0,1782361714.820009,0.0024352073669433594
265499,normal,3235,1,1782361714.8216798,0.00167083740234375
265500,normal,2781,0,1782361714.8237557,0.0020759105682373047
265501,normal,3116,1,1782361714.8255548,0.0017991065979003906
265502,normal,2437,0,1782361714.8276951,0.0021402835845947266
265503,normal,438,0,1782361714.8295653,0.0018701553344726562
265504,normal,2790,0,1782361714.8316994,0.002134084701538086
265505,normal,1219,0,1782361714.8338459,0.002146482467651367
265506,normal,997,2,1782361714.8360484,0.0022025108337402344
265507,normal,549,0,1782361714.838453,0.0024046897888183594
265508,normal,2983,0,1782361714.8399596,0.0015065670013427734
265509,normal,1437,0,1782361714.8420138,0.0020542144775390625
265510,normal,2551,0,1782361714.8437653,0.0017514228820800781
265511,normal,3316,1,1782361714.8458126,0.002047300338745117
265512,normal,2988,0,1782361714.8478405,0.0020279884338378906
265513,normal,576,0,1782361714.8496017,0.0017611980438232422
265514,normal,3497,0,1782361714.851698,0.0020961761474609375
265515,normal,3529,0,1782361714.8535407,0.0018427371978759766
265516,normal,76,0,1782361714.855653,0.0021123886108398438
265517,normal,2970,0,1782361714.8577185,0.002065420150756836
265518,normal,2999,0,1782361714.859592,0.0018734931945800781
265519,normal,2628,0,1782361714.8617034,0.0021114349365234375
265520,normal,45,0,1782361714.8635612,0.001857757568359375
265521,normal,2104,0,1782361714.8656826,0.002121448516845703
265522,normal,433,0,1782361714.8675919,0.0019092559814453125
265523,normal,3036,0,1782361714.869767,0.0021750926971435547
265524,normal,276,0,1782361714.8717222,0.001955270767211914
265525,normal,2075,0,1782361714.8736298,0.0019075870513916016
265526,normal,1268,0,1782361714.875656,0.002026081085205078
265527,normal,1908,0,1782361714.8776367,0.0019807815551757812
265528,normal,2206,0,1782361714.8796186,0.001981973648071289
265529,normal,699,0,1782361714.8817847,0.0021660327911376953
265530,normal,1476,0,1782361714.8836458,0.0018610954284667969
265531,normal,709,0,1782361714.885549,0.0019032955169677734
265532,normal,2559,0,1782361714.887697,0.0021479129791259766
265533,normal,524,0,1782361714.8895652,0.0018682479858398438
265534,normal,1898,0,1782361714.8916967,0.0021314620971679688
265535,normal,1913,0,1782361714.893708,0.0020112991333007812
265536,normal,3117,1,1782361714.8955762,0.0018682479858398438
265537,normal,411,0,1782361714.897718,0.002141714096069336
265538,normal,781,2,1782361714.8997846,0.0020666122436523438
265539,normal,1428,0,1782361714.9016154,0.0018308162689208984
265540,normal,3038,0,1782361714.9036977,0.002082347869873047
265541,normal,1073,0,1782361714.905561,0.001863241195678711
265542,normal,1033,0,1782361714.907699,0.0021381378173828125
265543,normal,386,0,1782361714.9095614,0.0018622875213623047
265544,normal,1162,0,1782361714.9116943,0.002132892608642578
265545,normal,3348,1,1782361714.9136484,0.0019540786743164062
265546,normal,3546,0,1782361714.9156272,0.0019788742065429688
265547,normal,53,0,1782361714.917796,0.0021686553955078125
265548,normal,3473,0,1782361714.9197125,0.001916646957397461
265549,normal,2136,0,1782361714.9216173,0.0019047260284423828
265550,normal,510,0,1782361714.923725,0.0021076202392578125
265551,normal,1384,0,1782361714.9255834,0.0018584728240966797
265552,normal,2405,0,1782361714.9277382,0.002154827117919922
265553,normal,3280,1,1782361714.9295468,0.0018086433410644531
265554,normal,3084,1,1782361714.9316838,0.0021369457244873047
265555,normal,915,2,1782361714.9335437,0.001859903335571289
265556,normal,3064,1,1782361714.9359107,0.0023670196533203125
265557,normal,454,0,1782361714.9376986,0.0017879009246826172
265558,normal,1732,0,1782361714.9396412,0.0019426345825195312
265559,normal,2604,0,1782361714.9418786,0.0022373199462890625
265560,normal,2397,0,1782361714.943784,0.0019054412841796875
265561,normal,2350,0,1782361714.9457154,0.0019314289093017578
265562,normal,1869,0,1782361714.9478023,0.0020868778228759766
265563,normal,2435,0,1782361714.9498005,0.0019981861114501953
265564,normal,1037,0,1782361714.9517193,0.001918792724609375
265565,normal,2444,0,1782361714.953543,0.0018236637115478516
265566,normal,2889,0,1782361714.9556847,0.002141714096069336
265567,normal,435,0,1782361714.9575331,0.001848459243774414
265568,normal,1346,1,1782361714.9596567,0.002123594284057617
265569,normal,1257,0,1782361714.9616337,0.0019769668579101562
265570,normal,822,2,1782361714.9636838,0.002050161361694336
265571,normal,798,2,1782361714.9655368,0.0018529891967773438
265572,normal,2053,0,1782361714.9676898,0.0021529197692871094
265573,normal,2082,0,1782361714.9695556,0.0018658638000488281
265574,normal,2577,0,1782361714.9723597,0.0028040409088134766
265575,normal,1635,0,1782361714.973878,0.00151824951171875
265576,normal,600,0,1782361714.975615,0.0017371177673339844
265577,normal,3490,0,1782361714.9777162,0.0021011829376220703
265578,normal,3070,1,1782361714.9795735,0.0018572807312011719
265579,normal,987,2,1782361714.9817188,0.0021452903747558594
265580,normal,2431,0,1782361714.9836447,0.0019259452819824219
265581,normal,2929,0,1782361714.9859538,0.002309083938598633
265582,normal,3586,0,1782361714.987583,0.0016291141510009766
265583,normal,2581,0,1782361714.9897053,0.0021224021911621094
265584,normal,1878,0,1782361714.991567,0.001861572265625
265585,normal,1251,0,1782361714.9937167,0.002149820327758789
265586,normal,1185,0,1782361714.995588,0.001871347427368164
265587,normal,5,0,1782361714.9979448,0.0023567676544189453
265588,normal,3666,0,1782361714.9998858,0.0019409656524658203
265589,normal,810,2,1782361715.001718,0.0018322467803955078
265590,normal,2940,0,1782361715.003749,0.0020308494567871094
265591,normal,283,0,1782361715.0057154,0.0019664764404296875
265592,normal,2712,0,1782361715.0078278,0.0021123886108398438
265593,normal,1064,0,1782361715.0095828,0.0017549991607666016
265594,normal,3413,0,1782361715.012047,0.00246429443359375
265595,normal,1707,0,1782361715.0138159,0.0017688274383544922
265596,normal,511,0,1782361715.0157537,0.0019378662109375
265597,normal,2052,0,1782361715.0175977,0.0018439292907714844
265598,normal,504,0,1782361715.020209,0.002611398696899414
265599,normal,2464,0,1782361715.0217612,0.0015521049499511719
265600,normal,2868,0,1782361715.0235503,0.001789093017578125
265601,normal,143,0,1782361715.025692,0.002141714096069336
265602,normal,1018,2,1782361715.0275526,0.0018606185913085938
265603,normal,3190,1,1782361715.0297387,0.0021860599517822266
265604,normal,248,0,1782361715.031577,0.0018384456634521484
265605,normal,2717,0,1782361715.0337193,0.002142190933227539
265606,normal,320,0,1782361715.0355654,0.0018460750579833984
265607,normal,1623,0,1782361715.0377107,0.0021452903747558594
265608,normal,3034,0,1782361715.0396056,0.0018949508666992188
265609,normal,163,0,1782361715.0417645,0.0021588802337646484
265610,normal,3198,1,1782361715.0436413,0.0018768310546875
265611,normal,1197,0,1782361715.0457063,0.002064943313598633
265612,normal,384,0,1782361715.047598,0.0018916130065917969
265613,normal,111,0,1782361715.049747,0.0021491050720214844
265614,normal,3614,0,1782361715.0516584,0.0019114017486572266
265615,normal,830,2,1782361715.0536559,0.0019974708557128906
265616,normal,3263,1,1782361715.0555775,0.0019216537475585938
265617,normal,841,2,1782361715.0577147,0.0021371841430664062
265618,normal,2058,0,1782361715.0595722,0.0018575191497802734
265619,normal,2978,0,1782361715.061723,0.0021507740020751953
265620,normal,2065,0,1782361715.0635617,0.00183868408203125
265621,normal,3639,0,1782361715.0657127,0.002151012420654297
265622,normal,2370,0,1782361715.0675762,0.0018634796142578125
265623,normal,1176,0,1782361715.0697322,0.0021560192108154297
265624,normal,843,2,1782361715.0717137,0.001981496810913086
265625,normal,1148,0,1782361715.0737154,0.0020017623901367188
265626,normal,2813,0,1782361715.0755541,0.00183868408203125
265627,normal,1809,0,1782361715.0776982,0.0021440982818603516
265628,normal,3468,0,1782361715.0796945,0.001996278762817383
265629,normal,103,0,1782361715.081552,0.0018575191497802734
265630,normal,231,0,1782361715.0836928,0.0021407604217529297
265631,normal,3168,1,1782361715.0857503,0.0020575523376464844
265632,normal,3469,0,1782361715.0876372,0.0018868446350097656
265633,normal,2494,0,1782361715.089678,0.002040863037109375
265634,normal,288,0,1782361715.0917938,0.0021157264709472656
265635,normal,336,0,1782361715.0935938,0.0018000602722167969
265636,normal,235,0,1782361715.0958445,0.00225067138671875
265637,normal,1872,0,1782361715.0975754,0.0017309188842773438
265638,normal,3255,1,1782361715.0997283,0.0021529197692871094
265639,normal,2648,0,1782361715.1015506,0.0018222332000732422
265640,normal,631,0,1782361715.1036832,0.0021326541900634766
265641,normal,2957,0,1782361715.1055405,0.0018572807312011719
265642,normal,2697,0,1782361715.1077914,0.0022509098052978516
265643,normal,3327,1,1782361715.1096337,0.0018422603607177734
265644,normal,3065,1,1782361715.111792,0.0021584033966064453
265645,normal,1742,0,1782361715.113624,0.0018320083618164062
265646,normal,3528,0,1782361715.1158535,0.002229452133178711
265647,normal,485,0,1782361715.1179752,0.0021216869354248047
265648,normal,1920,0,1782361715.1198633,0.0018880367279052734
265649,normal,1080,0,1782361715.1217387,0.0018754005432128906
265650,normal,816,2,1782361715.123725,0.001986265182495117
265651,normal,1322,1,1782361715.1255379,0.0018129348754882812
265652,normal,2886,0,1782361715.127653,0.002115011215209961
265653,normal,3396,1,1782361715.129535,0.0018820762634277344
265654,normal,173,0,1782361715.1317575,0.0022225379943847656
265655,normal,3593,0,1782361715.133566,0.0018084049224853516
265656,normal,2973,0,1782361715.135647,0.002081155776977539
265657,normal,3541,0,1782361715.1375146,0.001867532730102539
265658,normal,2657,0,1782361715.1396465,0.002131938934326172
265659,normal,2351,0,1782361715.1415362,0.0018897056579589844
265660,normal,2264,0,1782361715.143757,0.0022208690643310547
265661,normal,1344,1,1782361715.145768,0.002010822296142578
265662,normal,1425,0,1782361715.1477957,0.002027750015258789
265663,normal,2263,0,1782361715.1498454,0.002049684524536133
265664,normal,1886,0,1782361715.1516483,0.0018029212951660156
265665,normal,922,2,1782361715.153689,0.0020406246185302734
265666,normal,1691,0,1782361715.155596,0.0019071102142333984
265667,normal,80,0,1782361715.1576288,0.002032756805419922
265668,normal,2429,0,1782361715.159591,0.0019621849060058594
265669,normal,166,0,1782361715.1617253,0.0021343231201171875
265670,normal,3045,1,1782361715.1635273,0.0018019676208496094
265671,normal,3128,1,1782361715.16554,0.0020127296447753906
265672,normal,3520,0,1782361715.1675627,0.0020227432250976562
265673,normal,1778,0,1782361715.169739,0.0021762847900390625
265674,normal,3452,0,1782361715.171573,0.0018339157104492188
265675,normal,1042,0,1782361715.1737218,0.002148866653442383
265676,normal,2423,0,1782361715.1755548,0.0018329620361328125
265677,normal,2468,0,1782361715.1777434,0.0021886825561523438
265678,normal,83,0,1782361715.1795971,0.0018537044525146484
265679,normal,2371,0,1782361715.1817155,0.002118349075317383
265680,normal,2353,0,1782361715.183567,0.0018515586853027344
265681,normal,1811,0,1782361715.1859694,0.0024023056030273438
265682,normal,1841,0,1782361715.187721,0.0017516613006591797
265683,normal,3073,1,1782361715.1897702,0.0020492076873779297
265684,normal,294,0,1782361715.1917312,0.0019609928131103516
265685,normal,2558,0,1782361715.1937082,0.0019769668579101562
265686,normal,3121,1,1782361715.1955543,0.0018460750579833984
265687,normal,2702,0,1782361715.1976573,0.002103090286254883
265688,normal,215,0,1782361715.1997297,0.0020723342895507812
265689,normal,2332,0,1782361715.2016952,0.0019655227661132812
265690,normal,301,0,1782361715.2036731,0.0019779205322265625
265691,normal,2748,0,1782361715.2057955,0.0021224021911621094
265692,normal,1293,0,1782361715.2078702,0.002074718475341797
265693,normal,1791,0,1782361715.2095706,0.0017004013061523438
265694,normal,86,0,1782361715.211695,0.002124309539794922
265695,normal,950,2,1782361715.213968,0.002273082733154297
265696,normal,442,0,1782361715.2159631,0.001995086669921875
265697,normal,2454,0,1782361715.2177682,0.0018050670623779297
265698,normal,1113,0,1782361715.2197444,0.0019762516021728516
265699,normal,3223,1,1782361715.2216258,0.0018813610076904297
265700,normal,1358,1,1782361715.2237926,0.002166748046875
265701,normal,2534,0,1782361715.2257223,0.0019297599792480469
265702,normal,300,0,1782361715.2278936,0.0021712779998779297
265703,normal,1211,0,1782361715.2297454,0.001851797103881836
265704,normal,1709,0,1782361715.2315562,0.0018107891082763672
265705,normal,3659,0,1782361715.2337303,0.0021741390228271484
265706,normal,1321,1,1782361715.2355785,0.0018482208251953125
265707,normal,1478,0,1782361715.237712,0.0021333694458007812
265708,normal,3590,0,1782361715.2395744,0.0018625259399414062
265709,normal,3217,1,1782361715.2417338,0.0021593570709228516
265710,normal,2181,0,1782361715.2435582,0.0018243789672851562
265711,normal,2939,0,1782361715.2457948,0.002236604690551758
265712,normal,3206,1,1782361715.2475924,0.0017976760864257812
265713,normal,3046,1,1782361715.2497094,0.0021169185638427734
265714,normal,1591,0,1782361715.251558,0.0018486976623535156
265715,normal,3208,1,1782361715.25373,0.0021719932556152344
265716,normal,2877,0,1782361715.2555556,0.001825571060180664
265717,normal,1132,0,1782361715.2577121,0.002156496047973633
265718,normal,674,0,1782361715.25957,0.001857757568359375
265719,normal,2394,0,1782361715.261765,0.002195119857788086
265720,normal,375,0,1782361715.2638695,0.002104520797729492
265721,normal,962,2,1782361715.2655823,0.001712799072265625
265722,normal,2528,0,1782361715.2677855,0.002203226089477539
265723,normal,2673,0,1782361715.2695885,0.0018029212951660156
265724,normal,1619,0,1782361715.2717648,0.0021762847900390625
265725,normal,953,2,1782361715.273846,0.002081155776977539
265726,normal,2328,0,1782361715.2757044,0.0018584728240966797
265727,normal,2361,0,1782361715.2776873,0.0019829273223876953
265728,normal,3648,0,1782361715.2795398,0.0018525123596191406
265729,normal,2137,0,1782361715.281783,0.0022432804107666016
265730,normal,3182,1,1782361715.2836435,0.0018603801727294922
265731,normal,1722,0,1782361715.285771,0.002127408981323242
265732,normal,2414,0,1782361715.2877154,0.0019445419311523438
265733,normal,1891,0,1782361715.2900145,0.002299070358276367
265734,normal,1480,0,1782361715.292049,0.002034425735473633
265735,normal,747,0,1782361715.2939284,0.0018794536590576172
265736,normal,608,0,1782361715.2957323,0.0018038749694824219
265737,normal,1047,0,1782361715.2976034,0.0018711090087890625
265738,normal,1572,0,1782361715.2997253,0.0021219253540039062
265739,normal,3041,0,1782361715.3017154,0.001990079879760742
265740,normal,2714,0,1782361715.3035927,0.0018773078918457031
265741,normal,1301,0,1782361715.3056142,0.0020215511322021484
265742,normal,2631,0,1782361715.3076036,0.0019893646240234375
265743,normal,2012,0,1782361715.309592,0.0019884109497070312
265744,normal,273,0,1782361715.3118083,0.002216339111328125
265745,normal,318,0,1782361715.3138661,0.002057790756225586
265746,normal,1415,0,1782361715.3157728,0.0019066333770751953
265747,normal,2786,0,1782361715.317966,0.0021932125091552734
265748,normal,725,0,1782361715.319592,0.0016260147094726562
265749,normal,427,0,1782361715.3215964,0.002004384994506836
265750,normal,2169,0,1782361715.3235443,0.0019478797912597656
265751,normal,2891,0,1782361715.32592,0.0023758411407470703
265752,normal,2837,0,1782361715.327754,0.0018339157104492188
265753,normal,1264,0,1782361715.3295856,0.0018315315246582031
265754,normal,2738,0,1782361715.331751,0.002165555953979492
265755,normal,616,0,1782361715.3335943,0.0018432140350341797
265756,normal,538,0,1782361715.335615,0.002020597457885742
265757,normal,743,0,1782361715.3376055,0.0019905567169189453
265758,normal,2234,0,1782361715.3395479,0.0019423961639404297
265759,normal,994,2,1782361715.3419826,0.0024347305297851562
265760,normal,3125,1,1782361715.343882,0.0018994808197021484
265761,normal,299,0,1782361715.3458416,0.001959562301635742
265762,normal,1974,0,1782361715.347657,0.0018153190612792969
265763,normal,2941,0,1782361715.3496754,0.002018451690673828
265764,normal,2867,0,1782361715.3517096,0.0020341873168945312
265765,normal,708,0,1782361715.3535905,0.0018808841705322266
265766,normal,2756,0,1782361715.3555937,0.002003192901611328
265767,normal,916,2,1782361715.3575747,0.001981019973754883
265768,normal,577,0,1782361715.359914,0.0023393630981445312
265769,normal,845,2,1782361715.3622956,0.002381563186645508
265770,normal,988,2,1782361715.3640983,0.001802682876586914
265771,normal,2109,0,1782361715.3660896,0.00199127197265625
265772,normal,1960,0,1782361715.3678515,0.0017619132995605469
265773,normal,3631,0,1782361715.3700154,0.0021638870239257812
265774,normal,1329,1,1782361715.3721583,0.0021429061889648438
265775,normal,2121,0,1782361715.3738883,0.0017299652099609375
265776,normal,3667,0,1782361715.3756914,0.0018031597137451172
265777,normal,133,0,1782361715.3776495,0.001958131790161133
265778,normal,2761,0,1782361715.3797925,0.0021429061889648438
265779,normal,2211,0,1782361715.381613,0.0018205642700195312
265780,normal,2700,0,1782361715.3837857,0.002172708511352539
265781,normal,2489,0,1782361715.3856814,0.0018956661224365234
265782,normal,710,0,1782361715.3877861,0.0021047592163085938
265783,normal,2282,0,1782361715.389603,0.0018167495727539062
265784,normal,1903,0,1782361715.3916562,0.0020532608032226562
265785,normal,2588,0,1782361715.3939602,0.0023040771484375
265786,normal,1588,0,1782361715.3959618,0.002001523971557617
265787,normal,1795,0,1782361715.3986983,0.0027365684509277344
265788,normal,3640,0,1782361715.3996358,0.0009374618530273438
265789,normal,247,0,1782361715.4018564,0.002220630645751953
265790,normal,3214,1,1782361715.403703,0.0018465518951416016
265791,normal,814,2,1782361715.4056468,0.001943826675415039
265792,normal,402,0,1782361715.407787,0.0021402835845947266
265793,normal,3446,0,1782361715.409683,0.001895904541015625
265794,normal,1717,0,1782361715.411872,0.0021889209747314453
265795,normal,3158,1,1782361715.4138317,0.0019598007202148438
265796,normal,2799,0,1782361715.4157684,0.0019366741180419922
265797,normal,904,2,1782361715.4177375,0.0019690990447998047
265798,normal,671,0,1782361715.4196358,0.0018982887268066406
265799,normal,1154,0,1782361715.421706,0.002070188522338867
265800,normal,656,0,1782361715.4237392,0.002033233642578125
265801,normal,2395,0,1782361715.4256988,0.001959562301635742
265802,normal,1070,0,1782361715.4276233,0.0019245147705078125
265803,normal,313,0,1782361715.4295957,0.0019724369049072266
265804,normal,2289,0,1782361715.4316363,0.0020406246185302734
265805,normal,2450,0,1782361715.4336474,0.0020110607147216797
265806,normal,3484,0,1782361715.4356346,0.0019872188568115234
265807,normal,3669,0,1782361715.4377458,0.002111196517944336
265808,normal,443,0,1782361715.4396136,0.0018677711486816406
265809,normal,3169,1,1782361715.4417331,0.0021195411682128906
265810,normal,181,0,1782361715.4435658,0.001832723617553711
265811,normal,2873,0,1782361715.4457269,0.0021610260009765625
265812,normal,676,0,1782361715.447554,0.001827239990234375
265813,normal,3499,0,1782361715.449557,0.0020029544830322266
265814,normal,3464,0,1782361715.4515958,0.002038717269897461
265815,normal,3282,1,1782361715.4536405,0.002044677734375
265816,normal,1820,0,1782361715.455647,0.00200653076171875
265817,normal,1963,0,1782361715.4577844,0.002137422561645508
265818,normal,3181,1,1782361715.459747,0.0019626617431640625
265819,normal,1142,0,1782361715.4617183,0.0019712448120117188
265820,normal,2822,0,1782361715.4637148,0.0019965171813964844
265821,normal,3514,0,1782361715.465657,0.0019421577453613281
265822,normal,1340,1,1782361715.467738,0.0020809173583984375
265823,normal,3605,0,1782361715.4695919,0.00185394287109375
265824,normal,1357,1,1782361715.4715793,0.001987457275390625
265825,normal,1153,0,1782361715.473593,0.002013683319091797
265826,normal,912,2,1782361715.4755332,0.0019402503967285156
265827,normal,2139,0,1782361715.4775348,0.002001523971557617
265828,normal,1507,0,1782361715.479753,0.0022182464599609375
265829,normal,3157,1,1782361715.4815948,0.0018417835235595703
265830,normal,1706,0,1782361715.4839766,0.0023818016052246094
265831,normal,159,0,1782361715.4858851,0.0019085407257080078
265832,normal,3435,0,1782361715.487799,0.0019137859344482422
265833,normal,621,0,1782361715.4898362,0.0020372867584228516
265834,normal,2103,0,1782361715.4918172,0.001981019973754883
265835,normal,3685,0,1782361715.4938257,0.0020084381103515625
265836,normal,1278,0,1782361715.4958506,0.0020248889923095703
265837,normal,735,0,1782361715.4979172,0.0020666122436523438
265838,normal,309,0,1782361715.4997578,0.0018405914306640625
265839,normal,3363,1,1782361715.5017443,0.0019865036010742188
265840,normal,3317,1,1782361715.503679,0.0019347667694091797
265841,normal,3143,1,1782361715.5055444,0.001865386962890625
265842,normal,1168,0,1782361715.5075254,0.001981019973754883
265843,normal,171,0,1782361715.509756,0.0022306442260742188
265844,normal,2943,0,1782361715.5115485,0.0017924308776855469
265845,normal,652,0,1782361715.51376,0.0022115707397460938
265846,normal,1693,0,1782361715.5155442,0.0017840862274169922
265847,normal,1445,0,1782361715.5175245,0.001980304718017578
265848,normal,275,0,1782361715.5195372,0.0020127296447753906
265849,normal,107,0,1782361715.521925,0.0023877620697021484
265850,normal,1842,0,1782361715.523983,0.0020580291748046875
265851,normal,3656,0,1782361715.526325,0.0023419857025146484
265852,normal,3042,0,1782361715.5283191,0.0019941329956054688
265853,normal,2870,0,1782361715.5297916,0.00147247314453125
265854,normal,1371,1,1782361715.531595,0.0018033981323242188
265855,normal,2186,0,1782361715.5336008,0.0020058155059814453
265856,normal,1369,1,1782361715.5356205,0.002019643783569336
265857,normal,388,0,1782361715.5380254,0.002404928207397461
265858,normal,1624,0,1782361715.5396962,0.00167083740234375
265859,normal,1736,0,1782361715.5418785,0.0021822452545166016
265860,normal,3009,0,1782361715.543742,0.0018634796142578125
265861,normal,2606,0,1782361715.5456088,0.0018668174743652344
265862,normal,1192,0,1782361715.547599,0.0019903182983398438
265863,normal,3320,1,1782361715.549592,0.001992940902709961
265864,normal,508,0,1782361715.5515819,0.0019898414611816406
265865,normal,1767,0,1782361715.5539,0.002318143844604492
265866,normal,2107,0,1782361715.555751,0.0018510818481445312
265867,normal,2155,0,1782361715.558125,0.002373933792114258
265868,normal,3212,1,1782361715.5600119,0.0018868446350097656
265869,normal,378,0,1782361715.5617611,0.001749277114868164
265870,normal,1207,0,1782361715.5638163,0.0020551681518554688
265871,normal,2007,0,1782361715.5657542,0.0019378662109375
265872,normal,1625,0,1782361715.5677176,0.001963376998901367
265873,normal,2685,0,1782361715.5701752,0.0024576187133789062
265874,normal,1942,0,1782361715.5717738,0.0015985965728759766
265875,normal,3478,0,1782361715.5739944,0.002220630645751953
265876,normal,2737,0,1782361715.5757782,0.0017838478088378906
265877,normal,1806,0,1782361715.5780785,0.002300262451171875
265878,normal,2307,0,1782361715.5798914,0.0018129348754882812
265879,normal,1029,2,1782361715.5820897,0.0021982192993164062
265880,normal,2195,0,1782361715.584266,0.0021762847900390625
265881,normal,3569,0,1782361715.5856886,0.0014226436614990234
265882,normal,1468,0,1782361715.5875695,0.0018808841705322266
265883,normal,470,0,1782361715.5897725,0.0022029876708984375
265884,normal,3600,0,1782361715.5915973,0.0018248558044433594
265885,normal,1719,0,1782361715.5938003,0.0022029876708984375
265886,normal,2248,0,1782361715.5956302,0.0018298625946044922
265887,normal,948,2,1782361715.5977817,0.0021514892578125
265888,normal,1863,0,1782361715.599596,0.0018143653869628906
265889,normal,268,0,1782361715.6018069,0.002210855484008789
265890,normal,3421,0,1782361715.6038218,0.0020148754119873047
265891,normal,3231,1,1782361715.6058052,0.0019834041595458984
265892,normal,3006,0,1782361715.607798,0.001992940902709961
265893,normal,2637,0,1782361715.6098037,0.0020055770874023438
265894,normal,2115,0,1782361715.611678,0.0018742084503173828
265895,normal,1049,0,1782361715.6138494,0.0021715164184570312
265896,normal,1345,1,1782361715.6158803,0.0020308494567871094
265897,normal,739,0,1782361715.6178305,0.0019502639770507812
265898,normal,2574,0,1782361715.6198401,0.0020096302032470703
265899,normal,2508,0,1782361715.6217625,0.0019223690032958984
265900,normal,214,0,1782361715.6235852,0.0018227100372314453
265901,normal,2961,0,1782361715.6257794,0.0021941661834716797
265902,normal,3587,0,1782361715.6276448,0.001865386962890625
265903,normal,3626,0,1782361715.629779,0.0021343231201171875
265904,normal,2831,0,1782361715.631696,0.0019168853759765625
265905,normal,1696,0,1782361715.6337528,0.0020568370819091797
265906,normal,1690,0,1782361715.6356483,0.0018954277038574219
265907,normal,934,2,1782361715.6378179,0.0021696090698242188
265908,normal,3598,0,1782361715.6400838,0.00226593017578125
265909,normal,445,0,1782361715.6416242,0.0015404224395751953
265910,normal,505,0,1782361715.643752,0.0021278858184814453
265911,normal,3555,0,1782361715.6455812,0.0018291473388671875
265912,normal,609,0,1782361715.6477473,0.0021660327911376953
265913,normal,307,0,1782361715.6495788,0.0018315315246582031
265914,normal,227,0,1782361715.6517544,0.002175569534301758
265915,normal,2133,0,1782361715.6535826,0.0018281936645507812
265916,normal,1626,0,1782361715.6558723,0.0022897720336914062
265917,normal,965,2,1782361715.6578903,0.002017974853515625
265918,normal,3513,0,1782361715.6597888,0.0018985271453857422
265919,normal,3162,1,1782361715.6618016,0.0020127296447753906
265920,normal,3699,0,1782361715.663863,0.0020613670349121094
265921,normal,1704,0,1782361715.6657038,0.001840829849243164
265922,normal,2698,0,1782361715.6678336,0.002129793167114258
265923,normal,482,0,1782361715.669766,0.001932382583618164
265924,normal,1996,0,1782361715.6717422,0.0019762516021728516
265925,normal,3368,1,1782361715.673581,0.00183868408203125
265926,normal,2031,0,1782361715.6757476,0.002166748046875
265927,normal,3500,0,1782361715.67757,0.0018224716186523438
265928,normal,3391,1,1782361715.6797545,0.0021843910217285156
265929,normal,179,0,1782361715.6819131,0.002158641815185547
265930,normal,1226,0,1782361715.6838381,0.0019249916076660156
265931,normal,769,0,1782361715.6857533,0.0019152164459228516
265932,normal,2721,0,1782361715.6877725,0.002019166946411133
265933,normal,804,2,1782361715.6899078,0.0021352767944335938
265934,normal,2465,0,1782361715.6919162,0.0020084381103515625
265935,normal,490,0,1782361715.6941552,0.0022389888763427734
265936,normal,876,2,1782361715.6958585,0.0017032623291015625
265937,normal,3204,1,1782361715.6978717,0.0020132064819335938
265938,normal,789,2,1782361715.7000585,0.0021867752075195312
265939,normal,628,0,1782361715.7018557,0.0017971992492675781
265940,normal,3655,0,1782361715.7037263,0.0018706321716308594
265941,normal,3323,1,1782361715.7055726,0.0018463134765625
265942,normal,436,0,1782361715.7077413,0.0021686553955078125
265943,normal,3697,0,1782361715.7095814,0.0018401145935058594
265944,normal,2612,0,1782361715.711916,0.0023345947265625
265945,normal,3595,0,1782361715.7138727,0.0019567012786865234
265946,normal,2166,0,1782361715.71559,0.0017173290252685547
265947,normal,2670,0,1782361715.7177403,0.002150297164916992
265948,normal,2885,0,1782361715.7195773,0.001837015151977539
265949,normal,688,0,1782361715.7217505,0.002173185348510742
265950,normal,3270,1,1782361715.723898,0.0021474361419677734
265951,normal,1577,0,1782361715.7262018,0.0023038387298583984
265952,normal,2038,0,1782361715.7277703,0.0015685558319091797
265953,normal,1817,0,1782361715.7300544,0.0022840499877929688
265954,normal,337,0,1782361715.731807,0.001752614974975586
265955,normal,2025,0,1782361715.7339108,0.0021038055419921875
265956,normal,1294,0,1782361715.7360103,0.0020995140075683594
265957,normal,1730,0,1782361715.7376118,0.0016014575958251953
265958,normal,1440,0,1782361715.7397835,0.002171754837036133
265959,normal,580,0,1782361715.7416291,0.0018455982208251953
265960,normal,1238,0,1782361715.7436182,0.001989126205444336
265961,normal,3496,0,1782361715.7460656,0.002447366714477539
265962,normal,2084,0,1782361715.7480295,0.0019638538360595703
265963,normal,1798,0,1782361715.7498178,0.0017883777618408203
265964,normal,2872,0,1782361715.7516022,0.0017843246459960938
265965,normal,711,0,1782361715.7537766,0.00217437744140625
265966,normal,2979,0,1782361715.7557898,0.0020132064819335938
265967,normal,3277,1,1782361715.7575953,0.0018055438995361328
265968,normal,2741,0,1782361715.7595475,0.0019521713256835938
265969,normal,185,0,1782361715.7617638,0.002216339111328125
265970,normal,2091,0,1782361715.7636833,0.0019195079803466797
265971,normal,3123,1,1782361715.765594,0.0019106864929199219
265972,normal,140,0,1782361715.767644,0.0020499229431152344
265973,normal,1227,0,1782361715.7697406,0.0020966529846191406
265974,normal,2448,0,1782361715.771687,0.0019464492797851562
265975,normal,1753,0,1782361715.773571,0.0018839836120605469
265976,normal,3288,1,1782361715.77582,0.002249002456665039
265977,normal,2753,0,1782361715.7779517,0.0021317005157470703
265978,normal,1565,0,1782361715.779749,0.0017971992492675781
265979,normal,728,0,1782361715.7818577,0.0021088123321533203
265980,normal,315,0,1782361715.7840223,0.002164602279663086
265981,normal,1188,0,1782361715.7858977,0.0018754005432128906
265982,normal,827,2,1782361715.7877407,0.0018429756164550781
265983,normal,1310,0,1782361715.789824,0.002083301544189453
265984,normal,1889,0,1782361715.791796,0.0019719600677490234
265985,normal,3313,1,1782361715.7937288,0.0019328594207763672
265986,normal,1803,0,1782361715.7958996,0.0021708011627197266
265987,normal,1993,0,1782361715.7979412,0.0020415782928466797
265988,normal,1108,0,1782361715.800146,0.00220489501953125
265989,normal,2061,0,1782361715.8020363,0.0018901824951171875
265990,normal,2095,0,1782361715.803822,0.0017857551574707031
265991,normal,3642,0,1782361715.8056738,0.001851797103881836
265992,normal,2715,0,1782361715.8077178,0.0020439624786376953
265993,normal,2410,0,1782361715.810026,0.0023081302642822266
265994,normal,2871,0,1782361715.8122623,0.0022363662719726562
265995,normal,1831,0,1782361715.814147,0.0018846988677978516
265996,normal,691,0,1782361715.816724,0.002577066421508789
265997,normal,903,2,1782361715.8175857,0.0008616447448730469
265998,normal,515,0,1782361715.819558,0.001972198486328125
265999,normal,1084,0,1782361715.8218517,0.002293825149536133
266000,normal,2372,0,1782361715.8237226,0.001870870590209961
266001,normal,2223,0,1782361715.8256257,0.0019030570983886719
266002,normal,2013,0,1782361715.8284078,0.002782106399536133
266003,normal,667,0,1782361715.8296225,0.001214742660522461
266004,normal,1095,0,1782361715.8316135,0.0019910335540771484
266005,normal,3057,1,1782361715.8336298,0.002016305923461914
266006,normal,219,0,1782361715.83601,0.0023801326751708984
266007,normal,1504,0,1782361715.83765,0.0016400814056396484
266008,normal,2000,0,1782361715.8396342,0.001984119415283203
266009,normal,1010,2,1782361715.8417997,0.002165555953979492
266010,normal,1275,0,1782361715.8435879,0.0017881393432617188
266011,normal,3053,1,1782361715.8455255,0.0019376277923583984
266012,normal,2331,0,1782361715.8476992,0.0021736621856689453
266013,normal,2905,0,1782361715.8495698,0.0018706321716308594
266014,normal,2297,0,1782361715.8515944,0.0020246505737304688
266015,normal,2863,0,1782361715.8536355,0.0020411014556884766
266016,normal,2497,0,1782361715.8555846,0.0019490718841552734
266017,normal,74,0,1782361715.857692,0.002107381820678711
266018,normal,2500,0,1782361715.859641,0.0019490718841552734
266019,normal,500,0,1782361715.8615637,0.001922607421875
266020,normal,975,2,1782361715.863609,0.0020453929901123047
266021,normal,3252,1,1782361715.865735,0.002125978469848633
266022,normal,310,0,1782361715.8676443,0.0019092559814453125
266023,normal,871,2,1782361715.8696887,0.0020444393157958984
266024,normal,2646,0,1782361715.8715496,0.0018608570098876953
266025,normal,2708,0,1782361715.8735702,0.002020597457885742
266026,normal,1058,0,1782361715.8755696,0.001999378204345703
266027,normal,883,2,1782361715.8778348,0.0022652149200439453
266028,normal,1117,0,1782361715.8796933,0.0018584728240966797
266029,normal,265,0,1782361715.8816311,0.0019378662109375
266030,normal,2510,0,1782361715.8837652,0.002134084701538086
266031,normal,488,0,1782361715.8857868,0.0020215511322021484
266032,normal,806,2,1782361715.8880813,0.0022945404052734375
266033,normal,1934,0,1782361715.8897338,0.0016524791717529297
266034,normal,2491,0,1782361715.8926206,0.0028867721557617188
266035,normal,3373,1,1782361715.893712,0.0010914802551269531
266036,normal,2600,0,1782361715.896092,0.002379894256591797
266037,normal,397,0,1782361715.8980393,0.0019474029541015625
266038,normal,1495,0,1782361715.899785,0.0017457008361816406
266039,normal,996,2,1782361715.901853,0.002068042755126953
266040,normal,3438,0,1782361715.9039674,0.0021142959594726562
266041,normal,1122,0,1782361715.9057121,0.0017447471618652344
266042,normal,968,2,1782361715.9078765,0.0021643638610839844
266043,normal,1971,0,1782361715.9101477,0.0022711753845214844
266044,normal,594,0,1782361715.9117377,0.0015900135040283203
266045,normal,94,0,1782361715.91373,0.0019922256469726562
266046,normal,707,0,1782361715.9156058,0.0018758773803710938
266047,normal,593,0,1782361715.9178746,0.0022687911987304688
266048,normal,1786,0,1782361715.919755,0.0018804073333740234
266049,normal,2087,0,1782361715.9223812,0.002626180648803711
266050,normal,2011,0,1782361715.9242053,0.0018241405487060547
266051,normal,2860,0,1782361715.9258718,0.0016665458679199219
266052,normal,1239,0,1782361715.9276226,0.0017507076263427734
266053,normal,1708,0,1782361715.9297833,0.002160787582397461
266054,normal,3309,1,1782361715.931708,0.001924753189086914
266055,normal,122,0,1782361715.933602,0.0018939971923828125
266056,normal,239,0,1782361715.9361117,0.002509593963623047
266057,normal,1287,0,1782361715.937873,0.0017611980438232422
266058,normal,457,0,1782361715.939848,0.0019750595092773438
266059,normal,156,0,1782361715.941788,0.001940011978149414
266060,normal,92,0,1782361715.9437072,0.0019192695617675781
266061,normal,826,2,1782361715.9456294,0.0019221305847167969
266062,normal,1023,2,1782361715.9477472,0.0021178722381591797
266063,normal,1622,0,1782361715.9497027,0.0019555091857910156
266064,normal,1584,0,1782361715.951612,0.0019092559814453125
266065,normal,2388,0,1782361715.9539678,0.002355813980102539
266066,normal,8,0,1782361715.9556842,0.0017163753509521484
266067,normal,598,0,1782361715.957838,0.0021538734436035156
266068,normal,2020,0,1782361715.959595,0.001756906509399414
266069,normal,684,0,1782361715.9619753,0.00238037109375
266070,normal,1646,0,1782361715.964299,0.002323627471923828
266071,normal,407,0,1782361715.9657211,0.0014221668243408203
266072,normal,2651,0,1782361715.9678419,0.0021207332611083984
266073,normal,1372,1,1782361715.9698975,0.002055644989013672
266074,normal,1303,0,1782361715.9719906,0.002093076705932617
266075,normal,1400,0,1782361715.9742315,0.002240896224975586
266076,normal,2422,0,1782361715.9765737,0.00234222412109375
266077,normal,1834,0,1782361715.9782746,0.0017008781433105469
266078,normal,3096,1,1782361715.9798553,0.0015807151794433594
266079,normal,786,2,1782361715.9817874,0.0019321441650390625
266080,normal,279,0,1782361715.9838538,0.002066373825073242
266081,normal,3048,1,1782361715.985884,0.0020301342010498047
266082,normal,2731,0,1782361715.9877756,0.0018916130065917969
266083,normal,3186,1,1782361715.9897149,0.0019392967224121094
266084,normal,1245,0,1782361715.9917326,0.0020177364349365234
266085,normal,782,2,1782361715.9936092,0.0018765926361083984
266086,normal,898,2,1782361715.9957821,0.0021729469299316406
266087,normal,31,0,1782361715.9976783,0.0018961429595947266
266088,normal,761,0,1782361715.9996133,0.0019350051879882812
266089,normal,3591,0,1782361716.0017111,0.0020978450775146484
266090,normal,180,0,1782361716.0037668,0.002055644989013672
266091,normal,2178,0,1782361716.0056515,0.0018846988677978516
266092,normal,183,0,1782361716.0077822,0.002130746841430664
266093,normal,941,2,1782361716.009804,0.00202178955078125
266094,normal,3172,1,1782361716.0116277,0.0018236637115478516
266095,normal,2997,0,1782361716.013814,0.002186298370361328
266096,normal,3561,0,1782361716.0158067,0.0019927024841308594
266097,normal,615,0,1782361716.017688,0.0018813610076904297
266098,normal,2229,0,1782361716.019809,0.0021209716796875
266099,normal,1694,0,1782361716.0217555,0.0019464492797851562
266100,normal,2345,0,1782361716.0236797,0.001924276351928711
266101,normal,339,0,1782361716.0258014,0.0021216869354248047
266102,normal,97,0,1782361716.027778,0.001976490020751953
266103,normal,2971,0,1782361716.0295835,0.0018055438995361328
266104,normal,3154,1,1782361716.031758,0.0021746158599853516
266105,normal,2023,0,1782361716.0337198,0.0019617080688476562
266106,normal,3660,0,1782361716.0356572,0.0019373893737792969
266107,normal,1679,0,1782361716.0377638,0.0021066665649414062
266108,normal,2373,0,1782361716.039848,0.0020842552185058594
266109,normal,1525,0,1782361716.0415952,0.00174713134765625
266110,normal,1403,0,1782361716.043745,0.002149820327758789
266111,normal,191,0,1782361716.045725,0.0019800662994384766
266112,normal,3245,1,1782361716.0476918,0.001966714859008789
266113,normal,3315,1,1782361716.0496984,0.00200653076171875
266114,normal,3224,1,1782361716.0517397,0.002041339874267578
266115,normal,416,0,1782361716.0535793,0.0018396377563476562
266116,normal,3359,1,1782361716.0557606,0.0021812915802001953
266117,normal,1039,0,1782361716.0577328,0.001972198486328125
266118,normal,877,2,1782361716.059655,0.0019221305847167969
266119,normal,1421,0,1782361716.0618818,0.0022268295288085938
266120,normal,233,0,1782361716.063769,0.0018873214721679688
266121,normal,744,0,1782361716.065702,0.0019328594207763672
266122,normal,3511,0,1782361716.0677857,0.0020837783813476562
266123,normal,1262,0,1782361716.0697863,0.002000570297241211
266124,normal,1454,0,1782361716.0716338,0.0018475055694580078
266125,normal,2991,0,1782361716.0737479,0.0021140575408935547
266126,normal,618,0,1782361716.0757153,0.0019674301147460938
266127,normal,1129,0,1782361716.077711,0.0019958019256591797
266128,normal,1441,0,1782361716.0797105,0.001999378204345703
266129,normal,2271,0,1782361716.0818818,0.0021712779998779297
266130,normal,995,2,1782361716.083602,0.0017201900482177734
266131,normal,3471,0,1782361716.0857465,0.0021445751190185547
266132,normal,1076,0,1782361716.087792,0.0020453929901123047
266133,normal,1901,0,1782361716.089858,0.0020661354064941406
266134,normal,3409,0,1782361716.0917754,0.0019173622131347656
266135,normal,3290,1,1782361716.0937822,0.0020067691802978516
266136,normal,392,0,1782361716.0957456,0.001963376998901367
266137,normal,2621,0,1782361716.0979052,0.002159595489501953
266138,normal,1438,0,1782361716.0999901,0.002084970474243164
266139,normal,2198,0,1782361716.1016471,0.0016570091247558594
266140,normal,558,0,1782361716.1037776,0.0021305084228515625
266141,normal,1104,0,1782361716.1057901,0.002012491226196289
266142,normal,189,0,1782361716.1077886,0.001998424530029297
266143,normal,2864,0,1782361716.10957,0.001781463623046875
266144,normal,1397,0,1782361716.111841,0.002270936965942383
266145,normal,3367,1,1782361716.1135643,0.0017232894897460938
266146,normal,446,0,1782361716.11571,0.0021457672119140625
266147,normal,1051,0,1782361716.11769,0.0019800662994384766
266148,normal,1910,0,1782361716.1196473,0.0019571781158447266
266149,normal,3337,1,1782361716.1217113,0.0020639896392822266
266150,normal,2825,0,1782361716.1238678,0.002156496047973633
266151,normal,780,2,1782361716.1260734,0.0022056102752685547
266152,normal,856,2,1782361716.1276746,0.0016012191772460938
266153,normal,415,0,1782361716.1297443,0.002069711685180664
266154,normal,1279,0,1782361716.1318662,0.0021219253540039062
266155,normal,11,0,1782361716.133892,0.0020258426666259766
266156,normal,2441,0,1782361716.135725,0.0018329620361328125
266157,normal,1880,0,1782361716.1376097,0.0018846988677978516
266158,normal,2446,0,1782361716.139869,0.0022592544555664062
266159,normal,531,0,1782361716.1418052,0.001936197280883789
266160,normal,1144,0,1782361716.143618,0.0018129348754882812
266161,normal,406,0,1782361716.1459904,0.002372264862060547
266162,normal,901,2,1782361716.1478953,0.0019049644470214844
266163,normal,34,0,1782361716.1496186,0.0017232894897460938
266164,normal,141,0,1782361716.151777,0.0021584033966064453
266165,normal,3304,1,1782361716.153688,0.0019109249114990234
266166,normal,2349,0,1782361716.155889,0.002201080322265625
266167,normal,3698,0,1782361716.1577852,0.0018961429595947266
266168,normal,3035,0,1782361716.1597226,0.0019373893737792969
266169,normal,3228,1,1782361716.162628,0.0029053688049316406
266170,normal,1823,0,1782361716.1641078,0.0014798641204833984
266171,normal,986,2,1782361716.1659343,0.0018265247344970703
266172,normal,572,0,1782361716.16791,0.0019757747650146484
266173,normal,2960,0,1782361716.1698515,0.0019414424896240234
266174,normal,3360,1,1782361716.1722088,0.0023572444915771484
266175,normal,160,0,1782361716.1740217,0.0018129348754882812
266176,normal,2364,0,1782361716.1758556,0.0018339157104492188
266177,normal,2511,0,1782361716.1779668,0.002111196517944336
266178,normal,1673,0,1782361716.180487,0.0025200843811035156
266179,normal,1754,0,1782361716.1819463,0.001459360122680664
266180,normal,2304,0,1782361716.1839755,0.0020291805267333984
266181,normal,57,0,1782361716.1857393,0.0017638206481933594
266182,normal,753,0,1782361716.1880753,0.0023360252380371094
266183,normal,3240,1,1782361716.1899455,0.0018701553344726562
266184,normal,1151,0,1782361716.1916208,0.0016753673553466797
266185,normal,3623,0,1782361716.1937616,0.0021407604217529297
266186,normal,1789,0,1782361716.195891,0.0021293163299560547
266187,normal,135,0,1782361716.1976497,0.0017588138580322266
266188,normal,49,0,1782361716.1997724,0.002122640609741211
266189,normal,499,0,1782361716.2017608,0.0019884109497070312
266190,normal,3166,1,1782361716.2037368,0.00197601318359375
266191,normal,2931,0,1782361716.205823,0.002086162567138672
266192,normal,3283,1,1782361716.2078755,0.0020525455474853516
266193,normal,393,0,1782361716.2099214,0.002045869827270508
266194,normal,3173,1,1782361716.2119226,0.0020012855529785156
266195,normal,3523,0,1782361716.213852,0.0019292831420898438
266196,normal,832,2,1782361716.215843,0.0019910335540771484
266197,normal,3677,0,1782361716.2178516,0.002008676528930664
266198,normal,1488,0,1782361716.21988,0.0020284652709960938
266199,normal,1213,0,1782361716.2217746,0.0018944740295410156
266200,normal,90,0,1782361716.2237797,0.0020051002502441406
266201,normal,1570,0,1782361716.2257223,0.0019426345825195312
266202,normal,417,0,1782361753.1052318,0.0
266203,normal,1625,0,1782361753.1071098,0.0018780231475830078
266204,normal,3503,0,1782361753.1091287,0.0020189285278320312
266205,normal,115,0,1782361753.1112268,0.00209808349609375
266206,normal,3071,1,1782361753.1131544,0.0019276142120361328
266207,normal,2569,0,1782361753.1151214,0.0019669532775878906
266208,normal,3366,1,1782361753.1171212,0.0019998550415039062
266209,normal,1956,0,1782361753.119265,0.00214385986328125
266210,normal,1644,0,1782361753.1211767,0.0019116401672363281
266211,normal,3577,0,1782361753.1234286,0.002251863479614258
266212,normal,2541,0,1782361753.1251392,0.001710653305053711
266213,normal,1017,2,1782361753.1274703,0.0023310184478759766
266214,normal,245,0,1782361753.1291885,0.001718282699584961
266215,normal,1937,0,1782361753.1312196,0.002031087875366211
266216,normal,270,0,1782361753.1335042,0.002284526824951172
266217,normal,1253,0,1782361753.1353812,0.0018770694732666016
266218,normal,2463,0,1782361753.1373243,0.0019431114196777344
266219,normal,1903,0,1782361753.1393936,0.002069234848022461
266220,normal,1098,0,1782361753.1414948,0.0021011829376220703
266221,normal,956,2,1782361753.143208,0.0017132759094238281
266222,normal,3673,0,1782361753.145511,0.002302885055541992
266223,normal,3140,1,1782361753.1472406,0.001729726791381836
266224,normal,2343,0,1782361753.1494832,0.002242565155029297
266225,normal,2729,0,1782361753.1512322,0.0017490386962890625
266226,normal,936,2,1782361753.1534865,0.0022542476654052734
266227,normal,36,0,1782361753.1552103,0.0017237663269042969
266228,normal,353,0,1782361753.157509,0.0022988319396972656
266229,normal,1184,0,1782361753.1593878,0.0018787384033203125
266230,normal,2819,0,1782361753.1613383,0.0019505023956298828
266231,normal,2245,0,1782361753.1634061,0.0020678043365478516
266232,normal,1111,0,1782361753.165335,0.0019288063049316406
266233,normal,1615,0,1782361753.1673763,0.002041339874267578
266234,normal,2571,0,1782361753.1693716,0.0019953250885009766
266235,normal,2579,0,1782361753.1714213,0.002049684524536133
266236,normal,763,0,1782361753.1733365,0.0019152164459228516
266237,normal,3198,1,1782361753.17541,0.002073526382446289
266238,normal,2092,0,1782361753.1774879,0.002077817916870117
266239,normal,279,0,1782361753.1792152,0.0017273426055908203
266240,normal,587,0,1782361753.1814866,0.002271413803100586
266241,normal,1126,0,1782361753.1834075,0.001920938491821289
266242,normal,3399,1,1782361753.1853497,0.0019421577453613281
266243,normal,2759,0,1782361753.1874118,0.002062082290649414
266244,normal,1127,0,1782361753.1895077,0.002095937728881836
266245,normal,2145,0,1782361753.1912103,0.0017025470733642578
266246,normal,593,0,1782361753.1934888,0.002278566360473633
266247,normal,3279,1,1782361753.1954062,0.0019173622131347656
266248,normal,331,0,1782361753.1973393,0.0019330978393554688
266249,normal,3221,1,1782361753.1994228,0.0020835399627685547
266250,normal,95,0,1782361753.2015007,0.002077817916870117
266251,normal,127,0,1782361753.2032106,0.0017099380493164062
266252,normal,2731,0,1782361753.2055018,0.0022912025451660156
266253,normal,3516,0,1782361753.2074318,0.0019299983978271484
266254,normal,54,0,1782361753.2093399,0.0019080638885498047
266255,normal,2472,0,1782361753.2114336,0.002093791961669922
266256,normal,194,0,1782361753.2134984,0.0020647048950195312
266257,normal,3165,1,1782361753.2152147,0.0017163753509521484
266258,normal,1505,0,1782361753.217518,0.0023033618927001953
266259,normal,3284,1,1782361753.2192671,0.0017490386962890625
266260,normal,1097,0,1782361753.221507,0.0022399425506591797
266261,normal,3009,0,1782361753.2232597,0.001752614974975586
266262,normal,2931,0,1782361753.2254477,0.002187967300415039
266263,normal,63,0,1782361753.2272134,0.0017657279968261719
266264,normal,3314,1,1782361753.2295399,0.002326488494873047
266265,normal,1732,0,1782361753.2312443,0.0017044544219970703
266266,normal,3645,0,1782361753.2335145,0.002270221710205078
266267,normal,1560,0,1782361753.2352624,0.0017478466033935547
266268,normal,310,0,1782361753.2375157,0.002253293991088867
266269,normal,2257,0,1782361753.239212,0.0016963481903076172
266270,normal,507,0,1782361753.2414987,0.002286672592163086
266271,normal,2986,0,1782361753.2434113,0.0019125938415527344
266272,normal,911,2,1782361753.2453432,0.001931905746459961
266273,normal,1603,0,1782361753.2474582,0.002115011215209961
266274,normal,1285,0,1782361753.2495005,0.0020422935485839844
266275,normal,3618,0,1782361753.2512326,0.0017321109771728516
266276,normal,3115,1,1782361753.2535508,0.002318143844604492
266277,normal,3702,0,1782361753.2552483,0.001697540283203125
266278,normal,3239,1,1782361753.257515,0.0022666454315185547
266279,normal,1981,0,1782361753.2592728,0.0017578601837158203
266280,normal,864,2,1782361753.261504,0.002231121063232422
266281,normal,1547,0,1782361753.2632113,0.001707315444946289
266282,normal,3444,0,1782361753.2655582,0.0023469924926757812
266283,normal,1747,0,1782361753.2672448,0.0016865730285644531
266284,normal,3675,0,1782361753.2695162,0.002271413803100586
266285,normal,3569,0,1782361753.271278,0.0017616748809814453
266286,normal,1277,0,1782361753.2735023,0.002224445343017578
266287,normal,1014,2,1782361753.2752123,0.0017099380493164062
266288,normal,2504,0,1782361753.2775693,0.002357006072998047
266289,normal,3155,1,1782361753.2792473,0.0016779899597167969
266290,normal,2183,0,1782361753.281511,0.002263784408569336
266291,normal,1960,0,1782361753.283283,0.0017719268798828125
266292,normal,632,0,1782361753.2854981,0.002215147018432617
266293,normal,2761,0,1782361753.287214,0.0017158985137939453
266294,normal,3417,0,1782361753.2895699,0.002355813980102539
266295,normal,2233,0,1782361753.291246,0.0016760826110839844
266296,normal,2785,0,1782361753.2935102,0.002264261245727539
266297,normal,1526,0,1782361753.2952876,0.0017774105072021484
266298,normal,709,0,1782361753.2975168,0.0022292137145996094
266299,normal,785,2,1782361753.2992113,0.0016944408416748047
266300,normal,448,0,1782361753.30156,0.002348661422729492
266301,normal,3708,0,1782361753.303245,0.0016851425170898438
266302,normal,791,2,1782361753.3055182,0.002273082733154297
266303,normal,2816,0,1782361753.307297,0.0017788410186767578
266304,normal,2206,0,1782361753.309388,0.002090930938720703
266305,normal,2421,0,1782361753.3113399,0.0019519329071044922
266306,normal,951,2,1782361753.3134704,0.0021305084228515625
266307,normal,2281,0,1782361753.3155107,0.002040386199951172
266308,normal,2097,0,1782361753.3172102,0.0016994476318359375
266309,normal,569,0,1782361753.3195724,0.0023622512817382812
266310,normal,223,0,1782361753.3212397,0.0016672611236572266
266311,normal,3570,0,1782361753.3235078,0.002268075942993164
266312,normal,2842,0,1782361753.3253,0.0017921924591064453
266313,normal,1099,0,1782361753.3275094,0.0022094249725341797
266314,normal,3551,0,1782361753.3292089,0.0016994476318359375
266315,normal,3182,1,1782361753.3313818,0.0021729469299316406
266316,normal,1682,0,1782361753.3335083,0.002126455307006836
266317,normal,2029,0,1782361753.3352084,0.0017001628875732422
266318,normal,1759,0,1782361753.3374302,0.002221822738647461
266319,normal,131,0,1782361753.3393984,0.0019681453704833984
266320,normal,2155,0,1782361753.3413446,0.0019462108612060547
266321,normal,1755,0,1782361753.343509,0.0021643638610839844
266322,normal,2000,0,1782361753.3455052,0.001996278762817383
266323,normal,3350,1,1782361753.3472466,0.0017414093017578125
266324,normal,3133,1,1782361753.3493245,0.002077817916870117
266325,normal,790,2,1782361753.3511953,0.001870870590209961
266326,normal,924,2,1782361753.3533216,0.0021262168884277344
266327,normal,3075,1,1782361753.3552196,0.001898050308227539
266328,normal,3693,0,1782361753.3573122,0.002092599868774414
266329,normal,3218,1,1782361753.3591642,0.0018520355224609375
266330,normal,780,2,1782361753.36139,0.0022258758544921875
266331,normal,1996,0,1782361753.3632805,0.001890420913696289
266332,normal,3207,1,1782361753.3651571,0.0018765926361083984
266333,normal,252,0,1782361753.3673902,0.0022330284118652344
266334,normal,2968,0,1782361753.369284,0.001893758773803711
266335,normal,3228,1,1782361753.3711665,0.0018825531005859375
266336,normal,2708,0,1782361753.3733916,0.002225160598754883
266337,normal,614,0,1782361753.3752756,0.0018839836120605469
266338,normal,498,0,1782361753.3771627,0.0018870830535888672
266339,normal,1604,0,1782361753.379395,0.0022323131561279297
266340,normal,49,0,1782361753.3812745,0.0018794536590576172
266341,normal,2030,0,1782361753.383164,0.0018894672393798828
266342,normal,3046,1,1782361753.3853965,0.0022325515747070312
266343,normal,3153,1,1782361753.387295,0.0018985271453857422
266344,normal,2129,0,1782361753.3891647,0.0018696784973144531
266345,normal,425,0,1782361753.3914073,0.002242565155029297
266346,normal,745,0,1782361753.3932078,0.001800537109375
266347,normal,180,0,1782361753.3954227,0.0022149085998535156
266348,normal,505,0,1782361753.3972313,0.0018086433410644531
266349,normal,786,2,1782361753.3995023,0.002270936965942383
266350,normal,872,2,1782361753.401162,0.0016596317291259766
266351,normal,1773,0,1782361753.4034078,0.0022459030151367188
266352,normal,2804,0,1782361753.4053836,0.0019757747650146484
266353,normal,3584,0,1782361753.4071503,0.0017666816711425781
266354,normal,1245,0,1782361753.4094098,0.002259492874145508
266355,normal,2068,0,1782361753.4113126,0.0019028186798095703
266356,normal,2272,0,1782361753.413161,0.001848459243774414
266357,normal,2325,0,1782361753.4154143,0.002253293991088867
266358,normal,3157,1,1782361753.417307,0.0018925666809082031
266359,normal,876,2,1782361753.419161,0.0018541812896728516
266360,normal,2871,0,1782361753.421413,0.002251863479614258
266361,normal,832,2,1782361753.423278,0.0018651485443115234
266362,normal,3019,0,1782361753.4251637,0.0018856525421142578
266363,normal,3250,1,1782361753.4274158,0.0022521018981933594
266364,normal,2515,0,1782361753.4292886,0.0018727779388427734
266365,normal,299,0,1782361753.4311626,0.0018739700317382812
266366,normal,891,2,1782361753.4334137,0.002251148223876953
266367,normal,3653,0,1782361753.4352715,0.001857757568359375
266368,normal,2930,0,1782361753.4371607,0.0018892288208007812
266369,normal,3190,1,1782361753.4394162,0.0022554397583007812
266370,normal,2844,0,1782361753.4413157,0.0018994808197021484
266371,normal,1640,0,1782361753.4431622,0.0018465518951416016
266372,normal,3409,0,1782361753.4454184,0.002256155014038086
266373,normal,984,2,1782361753.4472992,0.0018808841705322266
266374,normal,570,0,1782361753.4491596,0.0018603801727294922
266375,normal,3440,0,1782361753.451421,0.0022614002227783203
266376,normal,3257,1,1782361753.4532776,0.0018565654754638672
266377,normal,2872,0,1782361753.4551582,0.001880645751953125
266378,normal,855,2,1782361753.4574232,0.0022649765014648438
266379,normal,798,2,1782361753.4592927,0.0018694400787353516
266380,normal,273,0,1782361753.4611592,0.0018665790557861328
266381,normal,2824,0,1782361753.4634194,0.0022602081298828125
266382,normal,52,0,1782361753.4652662,0.0018467903137207031
266383,normal,680,0,1782361753.467161,0.0018947124481201172
266384,normal,383,0,1782361753.4694333,0.002272367477416992
266385,normal,3325,1,1782361753.471324,0.0018906593322753906
266386,normal,1527,0,1782361753.4731827,0.0018587112426757812
266387,normal,3489,0,1782361753.4754345,0.002251863479614258
266388,normal,3067,1,1782361753.4772878,0.0018532276153564453
266389,normal,3651,0,1782361753.4791615,0.0018737316131591797
266390,normal,3082,1,1782361753.48134,0.0021784305572509766
266391,normal,358,0,1782361753.4832716,0.0019316673278808594
266392,normal,2633,0,1782361753.4851604,0.0018887519836425781
266393,normal,559,0,1782361753.4873114,0.002151012420654297
266394,normal,703,0,1782361753.4892864,0.0019750595092773438
266395,normal,2921,0,1782361753.4911578,0.001871347427368164
266396,normal,1211,0,1782361753.4933167,0.0021588802337646484
266397,normal,2766,0,1782361753.495268,0.001951456069946289
266398,normal,2482,0,1782361753.4971638,0.0018956661224365234
266399,normal,2447,0,1782361753.4993181,0.0021543502807617188
266400,normal,138,0,1782361753.5012617,0.0019435882568359375
266401,normal,440,0,1782361753.503162,0.0019001960754394531
266402,normal,1867,0,1782361753.5053215,0.002159595489501953
266403,normal,682,0,1782361753.5072594,0.0019378662109375
266404,normal,1416,0,1782361753.5091617,0.0019023418426513672
266405,normal,1310,0,1782361753.5113246,0.002162933349609375
266406,normal,3128,1,1782361753.5132744,0.0019497871398925781
266407,normal,1131,0,1782361753.5151613,0.0018868446350097656
266408,normal,3134,1,1782361753.5173254,0.002164125442504883
266409,normal,1771,0,1782361753.5192733,0.0019478797912597656
266410,normal,2050,0,1782361753.521159,0.0018856525421142578
266411,normal,2052,0,1782361753.5233288,0.0021698474884033203
266412,normal,1511,0,1782361753.5252767,0.0019478797912597656
266413,normal,300,0,1782361753.5271513,0.001874685287475586
266414,normal,549,0,1782361753.529312,0.0021605491638183594
266415,normal,149,0,1782361753.5322328,0.002920866012573242
266416,normal,3262,1,1782361753.5331867,0.0009539127349853516
266417,normal,2058,0,1782361753.5353355,0.002148866653442383
266418,normal,1713,0,1782361753.5371947,0.0018591880798339844
266419,normal,2823,0,1782361753.53916,0.0019652843475341797
266420,normal,134,0,1782361753.541438,0.0022780895233154297
266421,normal,577,0,1782361753.5435035,0.002065420150756836
266422,normal,566,0,1782361753.5452414,0.001737833023071289
266423,normal,2456,0,1782361753.547552,0.0023107528686523438
266424,normal,306,0,1782361753.5493457,0.0017936229705810547
266425,normal,1172,0,1782361753.5513444,0.0019986629486083984
266426,normal,1509,0,1782361753.5533829,0.0020384788513183594
266427,normal,1923,0,1782361753.5555258,0.0021429061889648438
266428,normal,2481,0,1782361753.5572217,0.001695871353149414
266429,normal,3500,0,1782361753.5594738,0.0022521018981933594
266430,normal,3137,1,1782361753.5615253,0.0020515918731689453
266431,normal,3270,1,1782361753.563217,0.001691579818725586
266432,normal,1286,0,1782361753.5654752,0.00225830078125
266433,normal,2288,0,1782361753.56744,0.0019648075103759766
266434,normal,2556,0,1782361753.5692167,0.0017766952514648438
266435,normal,2514,0,1782361753.5714774,0.0022606849670410156
266436,normal,3238,1,1782361753.573509,0.002031564712524414
266437,normal,178,0,1782361753.5757701,0.0022611618041992188
266438,normal,1133,0,1782361753.5772216,0.0014514923095703125
266439,normal,1399,0,1782361753.5794919,0.002270221710205078
266440,normal,73,0,1782361753.5812194,0.0017275810241699219
266441,normal,969,2,1782361753.5834484,0.002228975296020508
266442,normal,1364,1,1782361753.585446,0.0019974708557128906
266443,normal,2377,0,1782361753.5872197,0.001773834228515625
266444,normal,2395,0,1782361753.5894482,0.0022284984588623047
266445,normal,1309,0,1782361753.591473,0.0020248889923095703
266446,normal,1431,0,1782361753.5931792,0.0017061233520507812
266447,normal,770,0,1782361753.595445,0.0022656917572021484
266448,normal,516,0,1782361753.5974324,0.001987457275390625
266449,normal,2193,0,1782361753.5991774,0.001744985580444336
266450,normal,3686,0,1782361753.6014473,0.0022699832916259766
266451,normal,53,0,1782361753.6033812,0.0019338130950927734
266452,normal,3336,1,1782361753.6052034,0.0018222332000732422
266453,normal,2489,0,1782361753.6073806,0.0021772384643554688
266454,normal,339,0,1782361753.609343,0.001962423324584961
266455,normal,3534,0,1782361753.611203,0.001859903335571289
266456,normal,1156,0,1782361753.6133287,0.0021257400512695312
266457,normal,1730,0,1782361753.6154056,0.002076864242553711
266458,normal,207,0,1782361753.6171768,0.0017712116241455078
266459,normal,3295,1,1782361753.6193476,0.0021708011627197266
266460,normal,124,0,1782361753.6213856,0.0020380020141601562
266461,normal,1599,0,1782361753.6231744,0.0017888545989990234
266462,normal,2977,0,1782361753.6253386,0.002164125442504883
266463,normal,3657,0,1782361753.62733,0.0019915103912353516
266464,normal,19,0,1782361753.629167,0.001837015151977539
266465,normal,3143,1,1782361753.6314676,0.0023005008697509766
266466,normal,3132,1,1782361753.633288,0.0018203258514404297
266467,normal,2053,0,1782361753.6353352,0.002047300338745117
266468,normal,1976,0,1782361753.637468,0.002132892608642578
266469,normal,250,0,1782361753.6394987,0.002030611038208008
266470,normal,1074,0,1782361753.6412117,0.0017130374908447266
266471,normal,2738,0,1782361753.6435883,0.002376556396484375
266472,normal,1207,0,1782361753.6452389,0.0016505718231201172
266473,normal,2653,0,1782361753.6475148,0.0022759437561035156
266474,normal,3206,1,1782361753.6493006,0.0017857551574707031
266475,normal,2757,0,1782361753.6515365,0.002235889434814453
266476,normal,3528,0,1782361753.653211,0.001674652099609375
266477,normal,190,0,1782361753.655588,0.0023767948150634766
266478,normal,2010,0,1782361753.657238,0.001650094985961914
266479,normal,2172,0,1782361753.6595087,0.0022706985473632812
266480,normal,1085,0,1782361753.66131,0.0018012523651123047
266481,normal,60,0,1782361753.663497,0.002187013626098633
266482,normal,492,0,1782361753.6652112,0.0017142295837402344
266483,normal,2478,0,1782361753.6675858,0.0023746490478515625
266484,normal,2640,0,1782361753.669237,0.0016510486602783203
266485,normal,2801,0,1782361753.6715016,0.002264738082885742
266486,normal,1146,0,1782361753.6733081,0.001806497573852539
266487,normal,571,0,1782361753.6754913,0.002183198928833008
266488,normal,3464,0,1782361753.6772108,0.0017194747924804688
266489,normal,2714,0,1782361753.6795797,0.002368927001953125
266490,normal,2727,0,1782361753.6812391,0.001659393310546875
266491,normal,1153,0,1782361753.6835032,0.0022640228271484375
266492,normal,102,0,1782361753.6853137,0.0018105506896972656
266493,normal,1464,0,1782361753.6875021,0.002188444137573242
266494,normal,1189,0,1782361753.6892188,0.00171661376953125
266495,normal,2634,0,1782361753.6915123,0.0022935867309570312
266496,normal,3687,0,1782361753.6934092,0.0018968582153320312
266497,normal,381,0,1782361753.695349,0.0019397735595703125
266498,normal,2274,0,1782361753.697495,0.002146005630493164
266499,normal,3346,1,1782361753.699503,0.0020079612731933594
266500,normal,3136,1,1782361753.7012115,0.0017085075378417969
266501,normal,1357,1,1782361753.7035155,0.0023040771484375
266502,normal,2173,0,1782361753.7053978,0.001882314682006836
266503,normal,1149,0,1782361753.7073405,0.0019426345825195312
266504,normal,1702,0,1782361753.7093933,0.002052783966064453
266505,normal,849,2,1782361753.7115045,0.002111196517944336
266506,normal,17,0,1782361753.7132123,0.0017077922821044922
266507,normal,1705,0,1782361753.715518,0.002305746078491211
266508,normal,122,0,1782361753.7173965,0.001878499984741211
266509,normal,1195,0,1782361753.7193403,0.001943826675415039
266510,normal,1543,0,1782361753.7212284,0.0018880367279052734
266511,normal,2113,0,1782361753.7235081,0.0022797584533691406
266512,normal,2283,0,1782361753.7252097,0.0017015933990478516
266513,normal,408,0,1782361753.7273817,0.0021719932556152344
266514,normal,296,0,1782361753.7294803,0.002098560333251953
266515,normal,2259,0,1782361753.7312052,0.0017249584197998047
266516,normal,1777,0,1782361753.7335014,0.0022962093353271484
266517,normal,3023,0,1782361753.7355003,0.0019989013671875
266518,normal,941,2,1782361753.7372117,0.0017113685607910156
266519,normal,128,0,1782361753.7395184,0.002306699752807617
266520,normal,1315,0,1782361753.7413962,0.0018777847290039062
266521,normal,3546,0,1782361753.743336,0.0019397735595703125
266522,normal,405,0,1782361753.7454145,0.002078533172607422
266523,normal,1821,0,1782361753.7474983,0.0020837783813476562
266524,normal,3330,1,1782361753.749213,0.0017147064208984375
266525,normal,1776,0,1782361753.7515259,0.002312898635864258
266526,normal,2682,0,1782361753.7533967,0.001870870590209961
266527,normal,2254,0,1782361753.75534,0.001943349838256836
266528,normal,1457,0,1782361753.7574105,0.0020704269409179688
266529,normal,2309,0,1782361753.7594967,0.002086162567138672
266530,normal,668,0,1782361753.7612123,0.0017156600952148438
266531,normal,2675,0,1782361753.7635286,0.0023162364959716797
266532,normal,2963,0,1782361753.7653975,0.0018689632415771484
266533,normal,3614,0,1782361753.7673397,0.0019421577453613281
266534,normal,1521,0,1782361753.769418,0.0020782947540283203
266535,normal,2706,0,1782361753.7714984,0.0020804405212402344
266536,normal,983,2,1782361753.7732117,0.0017132759094238281
266537,normal,2198,0,1782361753.7755373,0.0023255348205566406
266538,normal,3347,1,1782361753.7772367,0.0016994476318359375
266539,normal,257,0,1782361753.7794933,0.002256631851196289
266540,normal,793,2,1782361753.781256,0.0017626285552978516
266541,normal,3445,0,1782361753.7835236,0.002267599105834961
266542,normal,340,0,1782361753.7852137,0.0016901493072509766
266543,normal,1704,0,1782361753.7875462,0.002332448959350586
266544,normal,3305,1,1782361753.7892408,0.0016946792602539062
266545,normal,2040,0,1782361753.7915013,0.002260446548461914
266546,normal,1832,0,1782361753.7932572,0.0017559528350830078
266547,normal,1927,0,1782361753.79551,0.002252817153930664
266548,normal,2965,0,1782361753.797213,0.001703023910522461
266549,normal,2303,0,1782361753.7995512,0.0023381710052490234
266550,normal,3109,1,1782361753.8012388,0.0016875267028808594
266551,normal,1117,0,1782361753.8035083,0.0022695064544677734
266552,normal,1473,0,1782361753.8052645,0.0017561912536621094
266553,normal,2855,0,1782361753.807503,0.0022385120391845703
266554,normal,2702,0,1782361753.8092132,0.0017101764678955078
266555,normal,799,2,1782361753.8115532,0.002340078353881836
266556,normal,3188,1,1782361753.8132367,0.0016834735870361328
266557,normal,1922,0,1782361753.8155077,0.002270936965942383
266558,normal,1897,0,1782361753.8172677,0.0017600059509277344
266559,normal,47,0,1782361753.8195152,0.0022475719451904297
266560,normal,1886,0,1782361753.821212,0.0016968250274658203
266561,normal,1555,0,1782361753.8235145,0.002302408218383789
266562,normal,1831,0,1782361753.8253868,0.0018723011016845703
266563,normal,1586,0,1782361753.8273382,0.001951456069946289
266564,normal,3016,0,1782361753.8293772,0.0020389556884765625
266565,normal,1023,2,1782361753.831503,0.0021257400512695312
266566,normal,1439,0,1782361753.8332117,0.0017087459564208984
266567,normal,2856,0,1782361753.8355608,0.0023491382598876953
266568,normal,3328,1,1782361753.8372388,0.0016779899597167969
266569,normal,1326,1,1782361753.8395083,0.0022695064544677734
266570,normal,613,0,1782361753.8412795,0.0017712116241455078
266571,normal,2713,0,1782361753.8435001,0.002220630645751953
266572,normal,3372,1,1782361753.8452134,0.0017132759094238281
266573,normal,2969,0,1782361753.847566,0.002352476119995117
266574,normal,2710,0,1782361753.8492198,0.001653909683227539
266575,normal,947,2,1782361753.8515005,0.002280712127685547
266576,normal,227,0,1782361753.8532844,0.0017838478088378906
266577,normal,2732,0,1782361753.8555026,0.0022182464599609375
266578,normal,3081,1,1782361753.8572123,0.0017096996307373047
266579,normal,2019,0,1782361753.8595674,0.0023550987243652344
266580,normal,495,0,1782361753.8612447,0.0016772747039794922
266581,normal,1386,0,1782361753.8635108,0.0022661685943603516
266582,normal,1351,1,1782361753.8652894,0.0017786026000976562
266583,normal,374,0,1782361753.8675046,0.002215147018432617
266584,normal,1403,0,1782361753.8692124,0.0017077922821044922
266585,normal,169,0,1782361753.87157,0.0023577213287353516
266586,normal,592,0,1782361753.873242,0.0016717910766601562
266587,normal,254,0,1782361753.8755012,0.0022592544555664062
266588,normal,534,0,1782361753.877294,0.00179290771484375
266589,normal,2132,0,1782361753.879504,0.002209901809692383
266590,normal,1466,0,1782361753.8812137,0.0017096996307373047
266591,normal,98,0,1782361753.8835764,0.0023627281188964844
266592,normal,1312,0,1782361753.8852415,0.0016651153564453125
266593,normal,2696,0,1782361753.8875048,0.002263307571411133
266594,normal,784,2,1782361753.8892982,0.0017933845520019531
266595,normal,2570,0,1782361753.8915033,0.0022051334381103516
266596,normal,2247,0,1782361753.8932111,0.0017077922821044922
266597,normal,2034,0,1782361753.8955798,0.0023686885833740234
266598,normal,480,0,1782361753.8972566,0.001676797866821289
266599,normal,3613,0,1782361753.8995116,0.002254962921142578
266600,normal,249,0,1782361753.9013028,0.001791238784790039
266601,normal,2943,0,1782361753.903503,0.0022001266479492188
266602,normal,2214,0,1782361753.9052129,0.0017099380493164062
266603,normal,1496,0,1782361753.9075055,0.002292633056640625
266604,normal,1988,0,1782361753.9093986,0.0018930435180664062
266605,normal,688,0,1782361753.9113393,0.0019407272338867188
266606,normal,2232,0,1782361753.913432,0.002092599868774414
266607,normal,2244,0,1782361753.9153867,0.001954793930053711
266608,normal,3548,0,1782361753.9172106,0.0018239021301269531
266609,normal,2280,0,1782361753.9194841,0.0022735595703125
266610,normal,364,0,1782361753.921482,0.0019979476928710938
266611,normal,1215,0,1782361753.9231775,0.001695394515991211
266612,normal,3007,0,1782361753.925389,0.0022115707397460938
266613,normal,971,2,1782361753.9273498,0.00196075439453125
266614,normal,3163,1,1782361753.9291797,0.0018298625946044922
266615,normal,3601,0,1782361753.9312105,0.0020308494567871094
266616,normal,3202,1,1782361753.933352,0.0021414756774902344
266617,normal,2159,0,1782361753.9351776,0.001825571060180664
266618,normal,3382,1,1782361753.9373937,0.0022161006927490234
266619,normal,297,0,1782361753.9393897,0.0019960403442382812
266620,normal,2518,0,1782361753.941283,0.0018932819366455078
266621,normal,830,2,1782361753.9433959,0.002112865447998047
266622,normal,463,0,1782361753.9454358,0.0020399093627929688
266623,normal,750,0,1782361753.9472098,0.0017740726470947266
266624,normal,1645,0,1782361753.9494011,0.002191305160522461
266625,normal,2249,0,1782361753.9514847,0.0020835399627685547
266626,normal,3630,0,1782361753.9531782,0.0016934871673583984
266627,normal,654,0,1782361753.9553998,0.0022215843200683594
266628,normal,472,0,1782361753.9574556,0.0020558834075927734
266629,normal,3259,1,1782361753.95918,0.0017244815826416016
266630,normal,2745,0,1782361753.9614017,0.0022215843200683594
266631,normal,2346,0,1782361753.963328,0.0019261837005615234
266632,normal,1333,1,1782361753.965202,0.0018742084503173828
266633,normal,1811,0,1782361753.9674041,0.0022020339965820312
266634,normal,2542,0,1782361753.9693258,0.0019216537475585938
266635,normal,3208,1,1782361753.9712036,0.0018777847290039062
266636,normal,2687,0,1782361753.9734068,0.002203226089477539
266637,normal,718,0,1782361753.975326,0.0019192695617675781
266638,normal,1058,0,1782361753.977204,0.0018780231475830078
266639,normal,921,2,1782361753.9794116,0.002207517623901367
266640,normal,119,0,1782361753.9813235,0.0019118785858154297
266641,normal,690,0,1782361753.9832165,0.0018930435180664062
266642,normal,1115,0,1782361753.9853861,0.0021696090698242188
266643,normal,2596,0,1782361753.987432,0.002045869827270508
266644,normal,1885,0,1782361753.9892287,0.001796722412109375
266645,normal,1444,0,1782361753.9914315,0.002202749252319336
266646,normal,3580,0,1782361753.9934254,0.001993894577026367
266647,normal,1931,0,1782361753.9952166,0.001791238784790039
266648,normal,2763,0,1782361753.9974253,0.002208709716796875
266649,normal,3463,0,1782361753.9994173,0.0019919872283935547
266650,normal,1814,0,1782361754.0011759,0.001758575439453125
266651,normal,829,2,1782361754.0035226,0.0023467540740966797
266652,normal,2993,0,1782361754.0053327,0.0018100738525390625
266653,normal,2934,0,1782361754.0071747,0.0018420219421386719
266654,normal,1056,0,1782361754.009428,0.002253293991088867
266655,normal,3496,0,1782361754.0113523,0.001924276351928711
266656,normal,2980,0,1782361754.0131752,0.0018229484558105469
266657,normal,967,2,1782361754.0153832,0.0022079944610595703
266658,normal,3458,0,1782361754.0173924,0.002009153366088867
266659,normal,1850,0,1782361754.0191755,0.001783132553100586
266660,normal,3436,0,1782361754.021429,0.0022535324096679688
266661,normal,863,2,1782361754.0233536,0.0019245147705078125
266662,normal,2981,0,1782361754.0251758,0.0018222332000732422
266663,normal,2978,0,1782361754.0274436,0.0022678375244140625
266664,normal,1300,0,1782361754.029298,0.0018544197082519531
266665,normal,2643,0,1782361754.031177,0.001878976821899414
266666,normal,886,2,1782361754.0334268,0.0022497177124023438
266667,normal,1402,0,1782361754.0353427,0.0019159317016601562
266668,normal,3004,0,1782361754.0371726,0.0018298625946044922
266669,normal,1764,0,1782361754.0394645,0.0022919178009033203
266670,normal,1783,0,1782361754.0413537,0.0018892288208007812
266671,normal,1438,0,1782361754.043177,0.0018231868743896484
266672,normal,2676,0,1782361754.045438,0.0022611618041992188
266673,normal,1024,2,1782361754.0473545,0.0019164085388183594
266674,normal,3036,0,1782361754.0491776,0.0018231868743896484
266675,normal,3095,1,1782361754.0514367,0.0022590160369873047
266676,normal,518,0,1782361754.0533893,0.0019526481628417969
266677,normal,2335,0,1782361754.0552044,0.0018150806427001953
266678,normal,1892,0,1782361754.0574415,0.002237081527709961
266679,normal,3166,1,1782361754.0593834,0.0019419193267822266
266680,normal,3193,1,1782361754.061178,0.001794576644897461
266681,normal,3448,0,1782361754.0634441,0.0022661685943603516
266682,normal,1264,0,1782361754.0653546,0.0019104480743408203
266683,normal,103,0,1782361754.067178,0.00182342529296875
266684,normal,3087,1,1782361754.0694454,0.0022673606872558594
266685,normal,788,2,1782361754.071392,0.0019466876983642578
266686,normal,3061,1,1782361754.0731766,0.0017845630645751953
266687,normal,2435,0,1782361754.0754514,0.002274751663208008
266688,normal,2051,0,1782361754.0773962,0.0019447803497314453
266689,normal,478,0,1782361754.079177,0.0017807483673095703
266690,normal,1368,1,1782361754.0814512,0.0022742748260498047
266691,normal,1203,0,1782361754.0833519,0.0019006729125976562
266692,normal,205,0,1782361754.085177,0.001825094223022461
266693,normal,894,2,1782361754.0873806,0.002203702926635742
266694,normal,848,2,1782361754.0893533,0.001972675323486328
266695,normal,2652,0,1782361754.0912876,0.0019342899322509766
266696,normal,716,0,1782361754.0931792,0.0018916130065917969
266697,normal,2298,0,1782361754.0953925,0.0022132396697998047
266698,normal,599,0,1782361754.0971785,0.0017859935760498047
266699,normal,2483,0,1782361754.0994604,0.0022819042205810547
266700,normal,1430,0,1782361754.101352,0.0018916130065917969
266701,normal,1940,0,1782361754.103177,0.001825094223022461
266702,normal,1376,1,1782361754.1054688,0.0022916793823242188
266703,normal,1192,0,1782361754.1073525,0.0018837451934814453
266704,normal,424,0,1782361754.1091769,0.0018243789672851562
266705,normal,376,0,1782361754.1114647,0.0022878646850585938
266706,normal,1830,0,1782361754.1133852,0.001920461654663086
266707,normal,2821,0,1782361754.115177,0.0017917156219482422
266708,normal,1036,0,1782361754.1174703,0.0022933483123779297
266709,normal,2265,0,1782361754.119382,0.0019116401672363281
266710,normal,3590,0,1782361754.1211777,0.0017957687377929688
266711,normal,3241,1,1782361754.1234736,0.002295970916748047
266712,normal,3491,0,1782361754.1253529,0.0018792152404785156
266713,normal,1765,0,1782361754.1271784,0.001825571060180664
266714,normal,444,0,1782361754.1293852,0.0022068023681640625
266715,normal,177,0,1782361754.1319308,0.002545595169067383
266716,normal,431,0,1782361754.1333332,0.0014023780822753906
266717,normal,2836,0,1782361754.1352966,0.001963376998901367
266718,normal,2075,0,1782361754.1373792,0.0020825862884521484
266719,normal,20,0,1782361754.1391788,0.0017995834350585938
266720,normal,2557,0,1782361754.141238,0.0020592212677001953
266721,normal,678,0,1782361754.1432707,0.002032756805419922
266722,normal,2728,0,1782361754.145182,0.001911163330078125
266723,normal,2961,0,1782361754.147396,0.002214193344116211
266724,normal,1550,0,1782361754.1492069,0.0018107891082763672
266725,normal,1906,0,1782361754.1513336,0.0021266937255859375
266726,normal,2065,0,1782361754.153241,0.0019073486328125
266727,normal,3600,0,1782361754.1553848,0.00214385986328125
266728,normal,1778,0,1782361754.1571822,0.0017974376678466797
266729,normal,2567,0,1782361754.1593852,0.0022029876708984375
266730,normal,3459,0,1782361754.1612577,0.0018725395202636719
266731,normal,2718,0,1782361754.1631765,0.001918792724609375
266732,normal,2705,0,1782361754.1653962,0.002219676971435547
266733,normal,2760,0,1782361754.1672719,0.0018756389617919922
266734,normal,3562,0,1782361754.1691785,0.0019066333770751953
266735,normal,1710,0,1782361754.1713881,0.0022096633911132812
266736,normal,2137,0,1782361754.1732883,0.0019001960754394531
266737,normal,3572,0,1782361754.1751778,0.0018894672393798828
266738,normal,1064,0,1782361754.1773927,0.0022149085998535156
266739,normal,1665,0,1782361754.179264,0.001871347427368164
266740,normal,1374,1,1782361754.1811779,0.0019137859344482422
266741,normal,2523,0,1782361754.1834004,0.0022225379943847656
266742,normal,2405,0,1782361754.1852617,0.0018613338470458984
266743,normal,1071,0,1782361754.1871786,0.0019168853759765625
266744,normal,2890,0,1782361754.1893985,0.0022199153900146484
266745,normal,1320,1,1782361754.1913044,0.0019059181213378906
266746,normal,2957,0,1782361754.193177,0.0018725395202636719
266747,normal,228,0,1782361754.1953988,0.002221822738647461
266748,normal,3223,1,1782361754.1972616,0.0018627643585205078
266749,normal,2039,0,1782361754.1991827,0.0019211769104003906
266750,normal,1724,0,1782361754.2014043,0.0022215843200683594
266751,normal,2220,0,1782361754.2032595,0.0018551349639892578
266752,normal,2881,0,1782361754.2051826,0.0019230842590332031
266753,normal,230,0,1782361754.2074096,0.0022270679473876953
266754,normal,667,0,1782361754.209292,0.001882314682006836
266755,normal,1053,0,1782361754.2111788,0.0018868446350097656
266756,normal,907,2,1782361754.2133937,0.0022149085998535156
266757,normal,1373,1,1782361754.215281,0.0018873214721679688
266758,normal,3199,1,1782361754.217178,0.0018970966339111328
266759,normal,2841,0,1782361754.2194133,0.0022351741790771484
266760,normal,2519,0,1782361754.221391,0.001977682113647461
266761,normal,2197,0,1782361754.2231793,0.0017883777618408203
266762,normal,1214,0,1782361754.2254126,0.002233266830444336
266763,normal,3185,1,1782361754.2273207,0.0019080638885498047
266764,normal,728,0,1782361754.229177,0.0018563270568847656
266765,normal,1999,0,1782361754.2314165,0.0022394657135009766
266766,normal,1276,0,1782361754.2333543,0.0019378662109375
266767,normal,259,0,1782361754.2352002,0.0018458366394042969
266768,normal,544,0,1782361754.237418,0.0022177696228027344
266769,normal,2600,0,1782361754.2393208,0.0019028186798095703
266770,normal,1332,1,1782361754.2411745,0.0018537044525146484
266771,normal,2593,0,1782361754.243243,0.0020685195922851562
266772,normal,602,0,1782361754.245333,0.002089977264404297
266773,normal,2996,0,1782361754.2471545,0.0018215179443359375
266774,normal,2357,0,1782361754.2494183,0.002263784408569336
266775,normal,2175,0,1782361754.2513413,0.0019230842590332031
266776,normal,1801,0,1782361754.253178,0.001836538314819336
266777,normal,3289,1,1782361754.2555285,0.0023505687713623047
266778,normal,754,0,1782361754.2573328,0.001804351806640625
266779,normal,3663,0,1782361754.259179,0.0018463134765625
266780,normal,1642,0,1782361754.2614286,0.002249479293823242
266781,normal,2448,0,1782361754.2633352,0.0019066333770751953
266782,normal,3232,1,1782361754.265179,0.0018436908721923828
266783,normal,2560,0,1782361754.2674282,0.0022492408752441406
266784,normal,2318,0,1782361754.2692893,0.0018610954284667969
266785,normal,145,0,1782361754.271202,0.001912832260131836
266786,normal,2590,0,1782361754.2732527,0.002050638198852539
266787,normal,307,0,1782361754.2753193,0.0020666122436523438
266788,normal,1774,0,1782361754.277197,0.0018775463104248047
266789,normal,3091,1,1782361754.2795606,0.0023636817932128906
266790,normal,721,0,1782361754.2812452,0.0016846656799316406
266791,normal,1298,0,1782361754.2835119,0.0022666454315185547
266792,normal,2924,0,1782361754.285404,0.00189208984375
266793,normal,960,2,1782361754.2873902,0.001986265182495117
266794,normal,1084,0,1782361754.289345,0.001954793930053711
266795,normal,3706,0,1782361754.291577,0.002232074737548828
266796,normal,1329,1,1782361754.293246,0.0016689300537109375
266797,normal,1932,0,1782361754.2955155,0.0022695064544677734
266798,normal,3373,1,1782361754.2974062,0.0018906593322753906
266799,normal,1964,0,1782361754.2994034,0.001997232437133789
266800,normal,2937,0,1782361754.3013442,0.0019407272338867188
266801,normal,3482,0,1782361754.3035603,0.0022161006927490234
266802,normal,3447,0,1782361754.3052287,0.0016684532165527344
266803,normal,3329,1,1782361754.3075092,0.0022804737091064453
266804,normal,214,0,1782361754.3094103,0.0019011497497558594
266805,normal,1944,0,1782361754.3113918,0.001981496810913086
266806,normal,216,0,1782361754.3133438,0.0019519329071044922
266807,normal,3070,1,1782361754.3155668,0.0022230148315429688
266808,normal,1962,0,1782361754.3172297,0.0016629695892333984
266809,normal,2389,0,1782361754.3195145,0.0022847652435302734
266810,normal,802,2,1782361754.321416,0.001901388168334961
266811,normal,2323,0,1782361754.3234022,0.001986265182495117
266812,normal,3547,0,1782361754.325345,0.0019428730010986328
266813,normal,1281,0,1782361754.3275926,0.0022475719451904297
266814,normal,2204,0,1782361754.329248,0.0016553401947021484
266815,normal,278,0,1782361754.331518,0.0022699832916259766
266816,normal,1132,0,1782361754.3334296,0.0019116401672363281
266817,normal,1920,0,1782361754.3353899,0.001960277557373047
266818,normal,3246,1,1782361754.3373458,0.0019559860229492188
266819,normal,1405,0,1782361754.3395896,0.0022437572479248047
266820,normal,2174,0,1782361754.341231,0.0016415119171142578
266821,normal,2956,0,1782361754.3435185,0.0022873878479003906
266822,normal,880,2,1782361754.3452919,0.0017733573913574219
266823,normal,370,0,1782361754.3475144,0.0022225379943847656
266824,normal,515,0,1782361754.3493445,0.0018301010131835938
266825,normal,1553,0,1782361754.3512125,0.0018680095672607422
266826,normal,3310,1,1782361754.3533397,0.0021271705627441406
266827,normal,3412,0,1782361754.355109,0.0017693042755126953
266828,normal,746,0,1782361754.3571775,0.0020685195922851562
266829,normal,3636,0,1782361754.359185,0.0020074844360351562
266830,normal,2647,0,1782361754.361334,0.0021491050720214844
266831,normal,1768,0,1782361754.3631942,0.0018601417541503906
266832,normal,3473,0,1782361754.3653393,0.002145051956176758
266833,normal,3425,0,1782361754.3671672,0.0018279552459716797
266834,normal,229,0,1782361754.369349,0.0021817684173583984
266835,normal,1086,0,1782361754.3713045,0.0019555091857910156
266836,normal,403,0,1782361754.3731675,0.0018630027770996094
266837,normal,345,0,1782361754.3751984,0.0020308494567871094
266838,normal,3648,0,1782361754.3773353,0.0021369457244873047
266839,normal,1573,0,1782361754.3791661,0.0018308162689208984
266840,normal,2451,0,1782361754.3812306,0.0020644664764404297
266841,normal,2711,0,1782361754.3833342,0.002103567123413086
266842,normal,2798,0,1782361754.3851666,0.0018324851989746094
266843,normal,2110,0,1782361754.3872018,0.0020351409912109375
266844,normal,2639,0,1782361754.3893344,0.0021326541900634766
266845,normal,1756,0,1782361754.3911855,0.0018510818481445312
266846,normal,1045,0,1782361754.3931408,0.001955270767211914
266847,normal,2920,0,1782361754.3951595,0.0020186901092529297
266848,normal,1124,0,1782361754.3971255,0.0019659996032714844
266849,normal,1655,0,1782361754.3991199,0.0019943714141845703
266850,normal,3707,0,1782361754.4011874,0.00206756591796875
266851,normal,3135,1,1782361754.403094,0.0019066333770751953
266852,normal,44,0,1782361754.405386,0.0022919178009033203
266853,normal,3249,1,1782361754.4073124,0.001926422119140625
266854,normal,3233,1,1782361754.4091666,0.0018541812896728516
266855,normal,3360,1,1782361754.4112124,0.002045869827270508
266856,normal,3472,0,1782361754.4133415,0.002129077911376953
266857,normal,2267,0,1782361754.4151697,0.0018281936645507812
266858,normal,1337,1,1782361754.4173894,0.002219676971435547
266859,normal,2194,0,1782361754.419282,0.0018925666809082031
266860,normal,2953,0,1782361754.42118,0.001898050308227539
266861,normal,351,0,1782361754.4233935,0.0022134780883789062
266862,normal,3181,1,1782361754.4252641,0.0018706321716308594
266863,normal,2487,0,1782361754.4271665,0.0019023418426513672
266864,normal,3654,0,1782361754.4292262,0.0020596981048583984
266865,normal,3365,1,1782361754.43149,0.002263784408569336
266866,normal,2665,0,1782361754.433208,0.0017180442810058594
266867,normal,3659,0,1782361754.4352224,0.0020143985748291016
266868,normal,1217,0,1782361754.4373763,0.0021538734436035156
266869,normal,3192,1,1782361754.4391506,0.0017743110656738281
266870,normal,2049,0,1782361754.4413972,0.0022466182708740234
266871,normal,2552,0,1782361754.443244,0.0018467903137207031
266872,normal,1063,0,1782361754.4451458,0.001901865005493164
266873,normal,3670,0,1782361754.4474056,0.0022597312927246094
266874,normal,170,0,1782361754.449217,0.0018115043640136719
266875,normal,1093,0,1782361754.4511628,0.0019457340240478516
266876,normal,481,0,1782361754.453325,0.0021622180938720703
266877,normal,304,0,1782361754.4552472,0.0019221305847167969
266878,normal,2828,0,1782361754.457163,0.0019159317016601562
266879,normal,1080,0,1782361754.459233,0.0020699501037597656
266880,normal,1090,0,1782361754.4613252,0.002092123031616211
266881,normal,2180,0,1782361754.4631631,0.0018379688262939453
266882,normal,871,2,1782361754.4654114,0.0022482872009277344
266883,normal,2911,0,1782361754.4672315,0.0018200874328613281
266884,normal,2016,0,1782361754.469159,0.0019273757934570312
266885,normal,1313,0,1782361754.471237,0.0020780563354492188
266886,normal,1016,2,1782361754.4733093,0.0020723342895507812
266887,normal,3113,1,1782361754.4751618,0.0018525123596191406
266888,normal,2142,0,1782361754.4774196,0.002257823944091797
266889,normal,3666,0,1782361754.4792116,0.0017919540405273438
266890,normal,1858,0,1782361754.4811623,0.0019507408142089844
266891,normal,3377,1,1782361754.48342,0.0022575855255126953
266892,normal,2005,0,1782361754.485222,0.001802206039428711
266893,normal,2555,0,1782361754.4871633,0.0019412040710449219
266894,normal,2330,0,1782361754.4894392,0.0022759437561035156
266895,normal,83,0,1782361754.4912307,0.0017914772033691406
266896,normal,787,2,1782361754.4931643,0.0019335746765136719
266897,normal,445,0,1782361754.495324,0.002159595489501953
266898,normal,1268,0,1782361754.49723,0.0019061565399169922
266899,normal,1015,2,1782361754.4991624,0.001932382583618164
266900,normal,1837,0,1782361754.5014277,0.0022652149200439453
266901,normal,3167,1,1782361754.503238,0.001810312271118164
266902,normal,2795,0,1782361754.5051615,0.0019235610961914062
266903,normal,1681,0,1782361754.5072513,0.0020897388458251953
266904,normal,2371,0,1782361754.5093088,0.0020575523376464844
266905,normal,922,2,1782361754.511161,0.001852273941040039
266906,normal,1969,0,1782361754.5134318,0.0022706985473632812
266907,normal,1106,0,1782361754.5152378,0.001806020736694336
266908,normal,961,2,1782361754.5171824,0.0019445419311523438
266909,normal,1463,0,1782361754.519348,0.002165555953979492
266910,normal,78,0,1782361754.5212355,0.0018875598907470703
266911,normal,2339,0,1782361754.5231621,0.0019266605377197266
266912,normal,106,0,1782361754.525436,0.0022737979888916016
266913,normal,2361,0,1782361754.5272384,0.0018024444580078125
266914,normal,2032,0,1782361754.5291605,0.0019221305847167969
266915,normal,1919,0,1782361754.5311687,0.002008199691772461
266916,normal,390,0,1782361754.5333111,0.0021424293518066406
266917,normal,1660,0,1782361754.5351632,0.0018520355224609375
266918,normal,1422,0,1782361754.5373197,0.002156496047973633
266919,normal,998,2,1782361754.5392296,0.0019099712371826172
266920,normal,1476,0,1782361754.5411615,0.001931905746459961
266921,normal,146,0,1782361754.5433247,0.0021631717681884766
266922,normal,835,2,1782361754.5452373,0.0019125938415527344
266923,normal,3152,1,1782361754.5471635,0.0019261837005615234
266924,normal,657,0,1782361754.5493236,0.0021600723266601562
266925,normal,2548,0,1782361754.5512424,0.001918792724609375
266926,normal,3242,1,1782361754.5531635,0.0019211769104003906
266927,normal,1890,0,1782361754.5553272,0.0021636486053466797
266928,normal,731,0,1782361754.5574203,0.002093076705932617
266929,normal,826,2,1782361754.55916,0.0017397403717041016
266930,normal,2311,0,1782361754.561174,0.0020139217376708984
266931,normal,3219,1,1782361754.563318,0.0021440982818603516
266932,normal,3617,0,1782361754.5651627,0.001844644546508789
266933,normal,3266,1,1782361754.5673342,0.0021715164184570312
266934,normal,372,0,1782361754.5692365,0.0019023418426513672
266935,normal,1639,0,1782361754.5711613,0.001924753189086914
266936,normal,1656,0,1782361754.5733335,0.002172231674194336
266937,normal,99,0,1782361754.5752416,0.0019080638885498047
266938,normal,2347,0,1782361754.5771625,0.001920938491821289
266939,normal,2342,0,1782361754.5793371,0.0021746158599853516
266940,normal,595,0,1782361754.5812588,0.0019216537475585938
266941,normal,1296,0,1782361754.5831637,0.0019049644470214844
266942,normal,2939,0,1782361754.5853395,0.0021758079528808594
266943,normal,3679,0,1782361754.5872242,0.0018846988677978516
266944,normal,1699,0,1782361754.5891616,0.0019373893737792969
266945,normal,3053,1,1782361754.5913417,0.0021800994873046875
266946,normal,3369,1,1782361754.593225,0.0018832683563232422
266947,normal,3688,0,1782361754.5951593,0.0019342899322509766
266948,normal,2036,0,1782361754.5973437,0.0021843910217285156
266949,normal,2223,0,1782361754.5992289,0.0018851757049560547
266950,normal,558,0,1782361754.6011617,0.0019328594207763672
266951,normal,3121,1,1782361754.6033466,0.0021848678588867188
266952,normal,1271,0,1782361754.6052444,0.0018978118896484375
266953,normal,1711,0,1782361754.6071606,0.0019161701202392578
266954,normal,3098,1,1782361754.6093495,0.0021889209747314453
266955,normal,2733,0,1782361754.611218,0.0018684864044189453
266956,normal,477,0,1782361754.6131632,0.0019452571868896484
266957,normal,3426,0,1782361754.6153512,0.002187967300415039
266958,normal,533,0,1782361754.6172364,0.0018851757049560547
266959,normal,1427,0,1782361754.619162,0.0019257068634033203
266960,normal,1020,2,1782361754.6213524,0.0021903514862060547
266961,normal,192,0,1782361754.623215,0.0018625259399414062
266962,normal,1481,0,1782361754.625166,0.001950979232788086
266963,normal,2789,0,1782361754.6273787,0.0022127628326416016
266964,normal,2440,0,1782361754.6292124,0.0018336772918701172
266965,normal,757,0,1782361754.6311662,0.0019538402557373047
266966,normal,1530,0,1782361754.6333842,0.002218008041381836
266967,normal,2773,0,1782361754.63521,0.0018258094787597656
266968,normal,3127,1,1782361754.6371603,0.0019502639770507812
266969,normal,1223,0,1782361754.6393828,0.0022225379943847656
266970,normal,3195,1,1782361754.6412222,0.0018393993377685547
266971,normal,3094,1,1782361754.6431851,0.001962900161743164
266972,normal,195,0,1782361754.6453888,0.002203702926635742
266973,normal,3578,0,1782361754.6472094,0.0018205642700195312
266974,normal,14,0,1782361754.6491606,0.0019512176513671875
266975,normal,3340,1,1782361754.6513877,0.0022270679473876953
266976,normal,3478,0,1782361754.6532254,0.0018377304077148438
266977,normal,3683,0,1782361754.65516,0.0019345283508300781
266978,normal,1575,0,1782361754.6572287,0.002068758010864258
266979,normal,1462,0,1782361754.659311,0.002082347869873047
266980,normal,3408,0,1782361754.6611598,0.0018486976623535156
266981,normal,3435,0,1782361754.6633973,0.002237558364868164
266982,normal,2591,0,1782361754.6652212,0.0018239021301269531
266983,normal,616,0,1782361754.6671984,0.001977205276489258
266984,normal,567,0,1782361754.6692202,0.00202178955078125
266985,normal,2618,0,1782361754.671316,0.0020956993103027344
266986,normal,1428,0,1782361754.673163,0.0018470287322998047
266987,normal,160,0,1782361754.675401,0.002238035202026367
266988,normal,368,0,1782361754.6772232,0.0018222332000732422
266989,normal,133,0,1782361754.6791632,0.001940011978149414
266990,normal,2949,0,1782361754.6814034,0.0022401809692382812
266991,normal,564,0,1782361754.6832204,0.0018169879913330078
266992,normal,2876,0,1782361754.6851604,0.001940011978149414
266993,normal,414,0,1782361754.6874044,0.0022439956665039062
266994,normal,963,2,1782361754.689218,0.001813650131225586
266995,normal,964,2,1782361754.691162,0.0019440650939941406
266996,normal,3035,0,1782361754.6934276,0.002265453338623047
266997,normal,1068,0,1782361754.6952202,0.0017926692962646484
266998,normal,2850,0,1782361754.6971605,0.0019402503967285156
266999,normal,3359,1,1782361754.6992302,0.002069711685180664
267000,normal,16,0,1782361754.7013197,0.0020895004272460938
267001,normal,1592,0,1782361754.7031636,0.0018439292907714844
267002,normal,2845,0,1782361754.7054138,0.002250194549560547
267003,normal,1199,0,1782361754.7071943,0.0017805099487304688
267004,normal,2192,0,1782361754.7091646,0.0019702911376953125
267005,normal,3026,0,1782361754.7114105,0.0022459030151367188
267006,normal,167,0,1782361754.7131948,0.0017843246459960938
267007,normal,1435,0,1782361754.7151675,0.001972675323486328
267008,normal,579,0,1782361754.7174168,0.0022492408752441406
267009,normal,2837,0,1782361754.7192342,0.001817464828491211
267010,normal,1722,0,1782361754.7211614,0.0019271373748779297
267011,normal,844,2,1782361754.7232425,0.002081155776977539
267012,normal,3406,0,1782361754.7253106,0.002068042755126953
267013,normal,806,2,1782361754.7271636,0.0018529891967773438
267014,normal,583,0,1782361754.7294223,0.002258777618408203
267015,normal,348,0,1782361754.7312324,0.0018100738525390625
267016,normal,575,0,1782361754.7340283,0.0027959346771240234
267017,normal,3339,1,1782361754.7351515,0.001123189926147461
267018,normal,2973,0,1782361754.7371237,0.001972198486328125
267019,normal,2776,0,1782361754.7391202,0.0019965171813964844
267020,normal,2428,0,1782361754.7412355,0.0021152496337890625
267021,normal,3367,1,1782361754.743091,0.001855611801147461
267022,normal,2848,0,1782361754.7451663,0.0020751953125
267023,normal,3260,1,1782361754.747318,0.0021517276763916016
267024,normal,535,0,1782361754.749159,0.0018410682678222656
267025,normal,1116,0,1782361754.7511597,0.002000570297241211
267026,normal,3441,0,1782361754.753255,0.0020952224731445312
267027,normal,2898,0,1782361754.7553122,0.002057313919067383
267028,normal,3124,1,1782361754.7571638,0.0018515586853027344
267029,normal,141,0,1782361754.759437,0.0022733211517333984
267030,normal,1033,0,1782361754.7611604,0.0017232894897460938
267031,normal,2958,0,1782361754.763162,0.002001523971557617
267032,normal,3349,1,1782361754.7651637,0.0020017623901367188
267033,normal,1067,0,1782361754.7673168,0.002153158187866211
267034,normal,1437,0,1782361754.7691612,0.0018444061279296875
267035,normal,1176,0,1782361754.7713182,0.002156972885131836
267036,normal,2851,0,1782361754.7731614,0.0018432140350341797
267037,normal,2177,0,1782361754.7751617,0.0020003318786621094
267038,normal,2695,0,1782361754.7771652,0.0020034313201904297
267039,normal,3322,1,1782361754.7793186,0.0021533966064453125
267040,normal,225,0,1782361754.7811592,0.0018405914306640625
267041,normal,104,0,1782361754.783323,0.0021638870239257812
267042,normal,1259,0,1782361754.7852008,0.0018777847290039062
267043,normal,2561,0,1782361754.7871609,0.0019600391387939453
267044,normal,1162,0,1782361754.789325,0.002164125442504883
267045,normal,1557,0,1782361754.7912693,0.0019443035125732422
267046,normal,1972,0,1782361754.7931616,0.0018923282623291016
267047,normal,981,2,1782361754.7953267,0.002165079116821289
267048,normal,3564,0,1782361754.7972345,0.0019078254699707031
267049,normal,2150,0,1782361754.79916,0.0019254684448242188
267050,normal,973,2,1782361754.8011763,0.002016305923461914
267051,normal,3027,0,1782361754.8032103,0.0020339488983154297
267052,normal,2477,0,1782361754.8051624,0.0019521713256835938
267053,normal,1933,0,1782361754.8071225,0.0019600391387939453
267054,normal,1574,0,1782361754.8091543,0.0020318031311035156
267055,normal,176,0,1782361754.8111162,0.001961946487426758
267056,normal,2002,0,1782361754.813122,0.0020058155059814453
267057,normal,3517,0,1782361754.815121,0.0019989013671875
267058,normal,1516,0,1782361754.817121,0.002000093460083008
267059,normal,2620,0,1782361754.8191164,0.0019953250885009766
267060,normal,2787,0,1782361754.8211489,0.0020325183868408203
267061,normal,1780,0,1782361754.823119,0.001970052719116211
267062,normal,1255,0,1782361754.825119,0.002000093460083008
267063,normal,986,2,1782361754.8271177,0.0019986629486083984
267064,normal,111,0,1782361754.8291192,0.002001523971557617
267065,normal,1854,0,1782361754.8311603,0.0020411014556884766
267066,normal,843,2,1782361754.8331263,0.0019659996032714844
267067,normal,2704,0,1782361754.8351183,0.0019919872283935547
267068,normal,3575,0,1782361754.8371332,0.0020148754119873047
267069,normal,2966,0,1782361754.8391168,0.001983642578125
267070,normal,2134,0,1782361754.8411202,0.0020034313201904297
267071,normal,389,0,1782361754.843123,0.002002716064453125
267072,normal,853,2,1782361754.8451495,0.0020265579223632812
267073,normal,2020,0,1782361754.8471155,0.0019659996032714844
267074,normal,343,0,1782361754.849161,0.0020453929901123047
267075,normal,3356,1,1782361754.8511198,0.0019588470458984375
267076,normal,1551,0,1782361754.853122,0.002002239227294922
267077,normal,2700,0,1782361754.8551145,0.001992464065551758
267078,normal,1784,0,1782361754.8571312,0.002016782760620117
267079,normal,3492,0,1782361754.859119,0.0019876956939697266
267080,normal,2098,0,1782361754.8611157,0.001996755599975586
267081,normal,3681,0,1782361754.8631504,0.0020346641540527344
267082,normal,482,0,1782361754.8651152,0.0019648075103759766
267083,normal,3258,1,1782361754.8671193,0.0020041465759277344
267084,normal,2012,0,1782361754.8691146,0.0019953250885009766
267085,normal,3541,0,1782361754.871173,0.002058267593383789
267086,normal,917,2,1782361754.873261,0.0020880699157714844
267087,normal,1270,0,1782361754.8753352,0.0020742416381835938
267088,normal,2507,0,1782361754.8771615,0.0018262863159179688
267089,normal,1474,0,1782361754.8792694,0.002107858657836914
267090,normal,2678,0,1782361754.881301,0.002031564712524414
267091,normal,2493,0,1782361754.883112,0.0018110275268554688
267092,normal,1187,0,1782361754.885173,0.002061128616333008
267093,normal,385,0,1782361754.8871737,0.002000570297241211
267094,normal,2410,0,1782361754.889102,0.0019283294677734375
267095,normal,497,0,1782361754.8911607,0.002058744430541992
267096,normal,2815,0,1782361754.8931143,0.001953601837158203
267097,normal,1632,0,1782361754.8951197,0.002005338668823242
267098,normal,3386,1,1782361754.897119,0.001999378204345703
267099,normal,604,0,1782361754.8991497,0.002030611038208008
267100,normal,918,2,1782361754.9011161,0.0019664764404296875
267101,normal,1567,0,1782361754.9031212,0.0020051002502441406
267102,normal,641,0,1782361754.905132,0.002010822296142578
267103,normal,2022,0,1782361754.907119,0.001986980438232422
267104,normal,1087,0,1782361754.9091551,0.0020360946655273438
267105,normal,446,0,1782361754.9111228,0.0019676685333251953
267106,normal,1467,0,1782361754.9131148,0.0019919872283935547
267107,normal,483,0,1782361754.915126,0.0020112991333007812
267108,normal,3145,1,1782361754.917117,0.0019910335540771484
267109,normal,1894,0,1782361754.9191225,0.002005338668823242
267110,normal,846,2,1782361754.9211159,0.001993417739868164
267111,normal,1165,0,1782361754.9231498,0.0020339488983154297
267112,normal,3060,1,1782361754.9251149,0.001965045928955078
267113,normal,3261,1,1782361754.9271216,0.0020067691802978516
267114,normal,3244,1,1782361754.929116,0.0019943714141845703
267115,normal,650,0,1782361754.9311147,0.0019986629486083984
267116,normal,3607,0,1782361754.9331203,0.0020055770874023438
267117,normal,653,0,1782361754.9351196,0.001999378204345703
267118,normal,3506,0,1782361754.9371169,0.001997232437133789
267119,normal,972,2,1782361754.9391177,0.0020008087158203125
267120,normal,3018,0,1782361754.9411168,0.0019991397857666016
267121,normal,1849,0,1782361754.9431052,0.0019884109497070312
267122,normal,430,0,1782361754.9451733,0.002068042755126953
267123,normal,1076,0,1782361754.9471104,0.0019371509552001953
267124,normal,3391,1,1782361754.9491088,0.001998424530029297
267125,normal,1986,0,1782361754.951139,0.0020301342010498047
267126,normal,375,0,1782361754.9531164,0.0019774436950683594
267127,normal,2179,0,1782361754.9551032,0.0019867420196533203
267128,normal,1145,0,1782361754.9571345,0.0020313262939453125
267129,normal,3031,0,1782361754.959105,0.001970529556274414
267130,normal,686,0,1782361754.9611368,0.0020318031311035156
267131,normal,3394,1,1782361754.963111,0.0019741058349609375
267132,normal,822,2,1782361754.9651244,0.0020134449005126953
267133,normal,1667,0,1782361754.9671059,0.001981496810913086
267134,normal,1025,2,1782361754.9691367,0.0020308494567871094
267135,normal,1301,0,1782361754.97111,0.001973390579223633
267136,normal,3065,1,1782361754.973143,0.0020329952239990234
267137,normal,1591,0,1782361754.9751067,0.0019636154174804688
267138,normal,2613,0,1782361754.977127,0.0020203590393066406
267139,normal,3147,1,1782361754.9791434,0.002016305923461914
267140,normal,3299,1,1782361754.9811409,0.0019974708557128906
267141,normal,1092,0,1782361754.9831047,0.0019638538360595703
267142,normal,1001,2,1782361754.9851382,0.0020334720611572266
267143,normal,3045,1,1782361754.987101,0.001962900161743164
267144,normal,2616,0,1782361754.989127,0.0020258426666259766
267145,normal,3355,1,1782361754.9911299,0.0020029544830322266
267146,normal,990,2,1782361754.9931135,0.001983642578125
267147,normal,1720,0,1782361754.995127,0.0020134449005126953
267148,normal,2381,0,1782361754.9971213,0.0019943714141845703
267149,normal,39,0,1782361754.9991703,0.002048969268798828
267150,normal,1540,0,1782361755.0011234,0.001953125
267151,normal,421,0,1782361755.0031188,0.0019953250885009766
267152,normal,3362,1,1782361755.0051205,0.0020017623901367188
267153,normal,1094,0,1782361755.0071144,0.001993894577026367
267154,normal,213,0,1782361755.0091202,0.0020058155059814453
267155,normal,555,0,1782361755.011153,0.002032756805419922
267156,normal,645,0,1782361755.01312,0.0019669532775878906
267157,normal,2422,0,1782361755.0151174,0.0019974708557128906
267158,normal,661,0,1782361755.017121,0.0020036697387695312
267159,normal,2241,0,1782361755.0191174,0.001996278762817383
267160,normal,1802,0,1782361755.0211036,0.001986265182495117
267161,normal,3465,0,1782361755.023122,0.002018451690673828
267162,normal,1508,0,1782361755.0251205,0.001998424530029297
267163,normal,453,0,1782361755.0271218,0.0020012855529785156
267164,normal,764,0,1782361755.0291145,0.0019927024841308594
267165,normal,3427,0,1782361755.031162,0.0020475387573242188
267166,normal,484,0,1782361755.0331292,0.001967191696166992
267167,normal,778,2,1782361755.035142,0.0020127296447753906
267168,normal,1684,0,1782361755.0371056,0.0019636154174804688
267169,normal,2522,0,1782361755.039104,0.001998424530029297
267170,normal,326,0,1782361755.0411394,0.002035379409790039
267171,normal,1608,0,1782361755.043104,0.001964569091796875
267172,normal,804,2,1782361755.0451097,0.0020058155059814453
267173,normal,756,0,1782361755.0471365,0.002026796340942383
267174,normal,175,0,1782361755.0491028,0.001966238021850586
267175,normal,161,0,1782361755.0511029,0.002000093460083008
267176,normal,550,0,1782361755.053135,0.002032041549682617
267177,normal,1251,0,1782361755.0551052,0.0019702911376953125
267178,normal,3616,0,1782361755.0571046,0.001999378204345703
267179,normal,2278,0,1782361755.0591369,0.0020322799682617188
267180,normal,1671,0,1782361755.0611036,0.001966714859008789
267181,normal,1169,0,1782361755.0632968,0.0021932125091552734
267182,normal,691,0,1782361755.0652454,0.0019485950469970703
267183,normal,447,0,1782361755.0673292,0.0020837783813476562
267184,normal,2677,0,1782361755.0691738,0.001844644546508789
267185,normal,2752,0,1782361755.071247,0.0020732879638671875
267186,normal,3321,1,1782361755.0732713,0.0020241737365722656
267187,normal,1318,0,1782361755.0751204,0.0018491744995117188
267188,normal,3274,1,1782361755.0771499,0.0020294189453125
267189,normal,3184,1,1782361755.0791306,0.0019807815551757812
267190,normal,2188,0,1782361755.081118,0.001987457275390625
267191,normal,2348,0,1782361755.0831213,0.002003192901611328
267192,normal,1873,0,1782361755.085116,0.001994609832763672
267193,normal,541,0,1782361755.0871203,0.002004384994506836
267194,normal,3342,1,1782361755.0891528,0.0020325183868408203
267195,normal,2165,0,1782361755.091133,0.001980304718017578
267196,normal,84,0,1782361755.0931168,0.001983642578125
267197,normal,1589,0,1782361755.0951211,0.002004384994506836
267198,normal,3234,1,1782361755.0971217,0.002000570297241211
267199,normal,237,0,1782361755.0991218,0.002000093460083008
267200,normal,212,0,1782361755.1011517,0.002029895782470703
267201,normal,3609,0,1782361755.1031034,0.0019516944885253906
267202,normal,626,0,1782361755.1051202,0.002016782760620117
267203,normal,2532,0,1782361755.1071527,0.0020325183868408203
267204,normal,3587,0,1782361755.1091366,0.0019838809967041016
267205,normal,2066,0,1782361755.111119,0.001982450485229492
267206,normal,3390,1,1782361755.1131222,0.002003192901611328
267207,normal,2697,0,1782361755.1151168,0.001994609832763672
267208,normal,2228,0,1782361755.1171203,0.0020034313201904297
267209,normal,418,0,1782361755.119151,0.0020308494567871094
267210,normal,1404,0,1782361755.1211243,0.0019731521606445312
267211,normal,2562,0,1782361755.1231165,0.0019922256469726562
267212,normal,1389,0,1782361755.1251197,0.002003192901611328
267213,normal,3110,1,1782361755.127116,0.001996278762817383
267214,normal,1079,0,1782361755.1291213,0.002005338668823242
267215,normal,1558,0,1782361755.1311512,0.002029895782470703
267216,normal,2156,0,1782361755.133123,0.001971721649169922
267217,normal,1525,0,1782361755.1351142,0.00199127197265625
267218,normal,3074,1,1782361755.1371377,0.002023458480834961
267219,normal,2831,0,1782361755.1391046,0.0019669532775878906
267220,normal,732,0,1782361755.1411216,0.0020170211791992188
267221,normal,3521,0,1782361755.1431541,0.0020325183868408203
267222,normal,3498,0,1782361755.1451223,0.0019681453704833984
267223,normal,2200,0,1782361755.1471229,0.002000570297241211
267224,normal,2971,0,1782361755.1491253,0.0020024776458740234
267225,normal,91,0,1782361755.151118,0.0019927024841308594
267226,normal,671,0,1782361755.1531217,0.0020036697387695312
267227,normal,1049,0,1782361755.1551535,0.0020318031311035156
267228,normal,3479,0,1782361755.1571207,0.001967191696166992
267229,normal,1449,0,1782361755.1591165,0.0019958019256591797
267230,normal,143,0,1782361755.1611211,0.0020046234130859375
267231,normal,1260,0,1782361755.1631181,0.0019969940185546875
267232,normal,2525,0,1782361755.1651225,0.002004384994506836
267233,normal,3695,0,1782361755.1671522,0.0020296573638916016
267234,normal,1934,0,1782361755.1691206,0.0019683837890625
267235,normal,3277,1,1782361755.1711197,0.0019991397857666016
267236,normal,2637,0,1782361755.1731205,0.0020008087158203125
267237,normal,1804,0,1782361755.175117,0.0019965171813964844
267238,normal,396,0,1782361755.177121,0.002003908157348633
267239,normal,3302,1,1782361755.1791549,0.0020339488983154297
267240,normal,325,0,1782361755.1811204,0.0019655227661132812
267241,normal,397,0,1782361755.1831162,0.0019958019256591797
267242,normal,3049,1,1782361755.1851594,0.0020432472229003906
267243,normal,3003,0,1782361755.1871212,0.0019617080688476562
267244,normal,371,0,1782361755.189121,0.0019998550415039062
267245,normal,901,2,1782361755.1911633,0.0020422935485839844
267246,normal,1895,0,1782361755.1931193,0.0019559860229492188
267247,normal,1861,0,1782361755.1951168,0.0019974708557128906
267248,normal,2256,0,1782361755.19716,0.0020432472229003906
267249,normal,493,0,1782361755.199114,0.0019540786743164062
267250,normal,2914,0,1782361755.2011209,0.0020067691802978516
267251,normal,884,2,1782361755.2031524,0.002031564712524414
267252,normal,3397,1,1782361755.2051194,0.0019669532775878906
267253,normal,3129,1,1782361755.2071183,0.0019989013671875
267254,normal,2587,0,1782361755.2091615,0.0020432472229003906
267255,normal,1951,0,1782361755.2111151,0.001953601837158203
267256,normal,2289,0,1782361755.2131207,0.0020055770874023438
267257,normal,3352,1,1782361755.215153,0.0020322799682617188
267258,normal,572,0,1782361755.21712,0.0019669532775878906
267259,normal,2375,0,1782361755.2191215,0.002001523971557617
267260,normal,1731,0,1782361755.22112,0.0019986629486083984
267261,normal,749,0,1782361755.2231147,0.001994609832763672
267262,normal,1750,0,1782361755.2251136,0.0019989013671875
267263,normal,109,0,1782361755.2271667,0.0020530223846435547
267264,normal,97,0,1782361755.2291167,0.0019500255584716797
267265,normal,3058,1,1782361755.231121,0.002004384994506836
267266,normal,736,0,1782361755.2331517,0.002030611038208008
267267,normal,1065,0,1782361755.2351205,0.001968860626220703
267268,normal,774,2,1782361755.237116,0.001995563507080078
267269,normal,3225,1,1782361755.239122,0.0020058155059814453
267270,normal,3582,0,1782361755.2411153,0.001993417739868164
267271,normal,3703,0,1782361755.2431235,0.002008199691772461
267272,normal,1387,0,1782361755.2451525,0.002028942108154297
267273,normal,242,0,1782361755.2471218,0.0019693374633789062
267274,normal,1670,0,1782361755.2491689,0.0020470619201660156
267275,normal,1791,0,1782361755.2512217,0.002052783966064453
267276,normal,419,0,1782361755.2533274,0.002105712890625
267277,normal,3268,1,1782361755.2551742,0.0018467903137207031
267278,normal,1228,0,1782361755.2571125,0.0019383430480957031
267279,normal,2585,0,1782361755.2591674,0.002054929733276367
267280,normal,1938,0,1782361755.2611077,0.0019402503967285156
267281,normal,2011,0,1782361755.263154,0.002046346664428711
267282,normal,1556,0,1782361755.2651112,0.0019571781158447266
267283,normal,982,2,1782361755.2671225,0.0020112991333007812
267284,normal,46,0,1782361755.2691536,0.002031087875366211
267285,normal,2741,0,1782361755.2711227,0.0019690990447998047
267286,normal,1454,0,1782361755.2731154,0.0019927024841308594
267287,normal,3088,1,1782361755.2751603,0.0020449161529541016
267288,normal,3461,0,1782361755.2771149,0.0019545555114746094
267289,normal,1471,0,1782361755.2791219,0.002007007598876953
267290,normal,1491,0,1782361755.2811542,0.0020322799682617188
267291,normal,3401,1,1782361755.2831228,0.0019686222076416016
267292,normal,136,0,1782361755.285113,0.0019903182983398438
267293,normal,500,0,1782361755.2871406,0.0020275115966796875
267294,normal,395,0,1782361755.2891066,0.0019659996032714844
267295,normal,3048,1,1782361755.2911196,0.002012968063354492
267296,normal,2853,0,1782361755.2931542,0.0020346641540527344
267297,normal,2171,0,1782361755.2951195,0.0019652843475341797
267298,normal,2594,0,1782361755.2971165,0.0019969940185546875
267299,normal,506,0,1782361755.2991595,0.002043008804321289
267300,normal,2230,0,1782361755.3011143,0.001954793930053711
267301,normal,3563,0,1782361755.3031225,0.002008199691772461
267302,normal,1470,0,1782361755.305159,0.002036571502685547
267303,normal,2684,0,1782361755.3071198,0.00196075439453125
267304,normal,1805,0,1782361755.3091156,0.0019958019256591797
267305,normal,1349,1,1782361755.3111222,0.00200653076171875
267306,normal,1340,1,1782361755.3131151,0.001992940902709961
267307,normal,879,2,1782361755.3151207,0.0020055770874023438
267308,normal,2277,0,1782361755.3171492,0.0020284652709960938
267309,normal,3558,0,1782361755.3191235,0.001974344253540039
267310,normal,3164,1,1782361755.3211155,0.0019919872283935547
267311,normal,2376,0,1782361755.3232214,0.0021059513092041016
267312,normal,1762,0,1782361755.3251235,0.0019021034240722656
267313,normal,41,0,1782361755.327123,0.001999378204345703
267314,normal,404,0,1782361755.329154,0.002031087875366211
267315,normal,2349,0,1782361755.331124,0.001970052719116211
267316,normal,1375,1,1782361755.3331504,0.0020263195037841797
267317,normal,1606,0,1782361755.3356056,0.0024552345275878906
267318,normal,603,0,1782361755.3370974,0.0014917850494384766
267319,normal,1369,1,1782361755.339109,0.002011537551879883
267320,normal,85,0,1782361755.3411396,0.002030611038208008
267321,normal,1004,2,1782361755.3431165,0.0019769668579101562
267322,normal,1243,0,1782361755.345106,0.0019893646240234375
267323,normal,3552,0,1782361755.3471458,0.0020399093627929688
267324,normal,1218,0,1782361755.3493962,0.0022504329681396484
267325,normal,3487,0,1782361755.351221,0.0018248558044433594
267326,normal,193,0,1782361755.3531392,0.0019180774688720703
267327,normal,3697,0,1782361755.3551464,0.0020072460174560547
267328,normal,1744,0,1782361755.3571494,0.0020029544830322266
267329,normal,904,2,1782361755.359388,0.002238750457763672
267330,normal,2181,0,1782361755.3611674,0.001779317855834961
267331,normal,1372,1,1782361755.3633208,0.0021533966064453125
267332,normal,2987,0,1782361755.3651633,0.001842498779296875
267333,normal,1190,0,1782361755.367315,0.0021517276763916016
267334,normal,3106,1,1782361755.3691611,0.0018460750579833984
267335,normal,3092,1,1782361755.3713863,0.002225160598754883
267336,normal,2295,0,1782361755.3731625,0.0017762184143066406
267337,normal,1522,0,1782361755.3753152,0.002152681350708008
267338,normal,670,0,1782361755.3772163,0.0019011497497558594
267339,normal,327,0,1782361755.3793132,0.002096891403198242
267340,normal,2608,0,1782361755.38116,0.0018467903137207031
267341,normal,1201,0,1782361755.3834326,0.0022726058959960938
267342,normal,2338,0,1782361755.385201,0.001768350601196289
267343,normal,2954,0,1782361755.3871634,0.001962423324584961
267344,normal,3117,1,1782361755.3893962,0.002232789993286133
267345,normal,1109,0,1782361755.3911686,0.0017724037170410156
267346,normal,3638,0,1782361755.3931873,0.0020186901092529297
267347,normal,188,0,1782361755.3953545,0.002167224884033203
267348,normal,2573,0,1782361755.3971944,0.0018398761749267578
267349,normal,2067,0,1782361755.3991647,0.0019702911376953125
267350,normal,2253,0,1782361755.401402,0.0022373199462890625
267351,normal,1789,0,1782361755.4032028,0.0018007755279541016
267352,normal,2681,0,1782361755.4051626,0.0019598007202148438
267353,normal,997,2,1782361755.4072304,0.0020678043365478516
267354,normal,1166,0,1782361755.4091814,0.001950979232788086
267355,normal,1150,0,1782361755.4111614,0.0019800662994384766
267356,normal,441,0,1782361755.4131205,0.001959085464477539
267357,normal,2601,0,1782361755.4152124,0.0020918846130371094
267358,normal,2470,0,1782361755.4171226,0.0019102096557617188
267359,normal,903,2,1782361755.4191563,0.002033710479736328
267360,normal,2721,0,1782361755.4211273,0.001971006393432617
267361,normal,1077,0,1782361755.423118,0.001990795135498047
267362,normal,2989,0,1782361755.4251664,0.0020482540130615234
267363,normal,3056,1,1782361755.4271176,0.0019512176513671875
267364,normal,1144,0,1782361755.4291215,0.002003908157348633
267365,normal,1468,0,1782361755.431155,0.0020334720611572266
267366,normal,2630,0,1782361755.4331193,0.0019643306732177734
267367,normal,2659,0,1782361755.4351196,0.0020003318786621094
267368,normal,3130,1,1782361755.4371214,0.0020017623901367188
267369,normal,2135,0,1782361755.4391155,0.0019941329956054688
267370,normal,1198,0,1782361755.4411194,0.002003908157348633
267371,normal,870,2,1782361755.4431543,0.002034902572631836
267372,normal,1069,0,1782361755.44512,0.001965761184692383
267373,normal,3438,0,1782361755.447114,0.001993894577026367
267374,normal,882,2,1782361755.4491692,0.0020551681518554688
267375,normal,554,0,1782361755.4511154,0.0019462108612060547
267376,normal,3345,1,1782361755.4531221,0.0020067691802978516
267377,normal,394,0,1782361755.455224,0.002101898193359375
267378,normal,1851,0,1782361755.4571307,0.0019066333770751953
267379,normal,3203,1,1782361755.4591181,0.001987457275390625
267380,normal,2642,0,1782361755.4611695,0.0020513534545898438
267381,normal,689,0,1782361755.4631178,0.0019483566284179688
267382,normal,719,0,1782361755.4651208,0.0020029544830322266
267383,normal,1354,1,1782361755.4671526,0.0020318031311035156
267384,normal,3047,1,1782361755.469121,0.0019683837890625
267385,normal,2336,0,1782361755.471116,0.001995086669921875
267386,normal,3217,1,1782361755.4731667,0.002050638198852539
267387,normal,2465,0,1782361755.4751163,0.0019495487213134766
267388,normal,581,0,1782361755.477118,0.0020017623901367188
267389,normal,2083,0,1782361755.4791427,0.0020246505737304688
267390,normal,2045,0,1782361755.481116,0.001973390579223633
267391,normal,204,0,1782361755.4831254,0.0020093917846679688
267392,normal,2595,0,1782361755.4851542,0.0020287036895751953
267393,normal,2951,0,1782361755.487121,0.0019669532775878906
267394,normal,3690,0,1782361755.4891155,0.0019943714141845703
267395,normal,2691,0,1782361755.491299,0.0021834373474121094
267396,normal,2061,0,1782361755.4931068,0.0018079280853271484
267397,normal,954,2,1782361755.4951227,0.002015829086303711
267398,normal,962,2,1782361755.4971175,0.0019948482513427734
267399,normal,168,0,1782361755.499117,0.001999378204345703
267400,normal,1840,0,1782361755.5011132,0.001996278762817383
267401,normal,2429,0,1782361755.503108,0.0019948482513427734
267402,normal,1304,0,1782361755.505165,0.0020570755004882812
267403,normal,3043,0,1782361755.5070887,0.0019235610961914062
267404,normal,695,0,1782361755.5091588,0.002070188522338867
267405,normal,470,0,1782361755.5113273,0.002168416976928711
267406,normal,2017,0,1782361755.5131006,0.0017733573913574219
267407,normal,2153,0,1782361755.5153306,0.002229928970336914
267408,normal,409,0,1782361755.5171013,0.0017707347869873047
267409,normal,2264,0,1782361755.5191693,0.002068042755126953
267410,normal,1833,0,1782361755.5213323,0.002162933349609375
267411,normal,837,2,1782361755.5231836,0.0018513202667236328
267412,normal,3341,1,1782361755.52516,0.001976490020751953
267413,normal,2979,0,1782361755.5273376,0.0021774768829345703
267414,normal,3581,0,1782361755.5291812,0.0018436908721923828
267415,normal,823,2,1782361755.5311618,0.0019805431365966797
267416,normal,3672,0,1782361755.5331826,0.0020208358764648438
267417,normal,439,0,1782361755.5353153,0.0021326541900634766
267418,normal,1266,0,1782361755.5371623,0.0018470287322998047
267419,normal,2530,0,1782361755.5393388,0.002176523208618164
267420,normal,2938,0,1782361755.541187,0.0018482208251953125
267421,normal,950,2,1782361755.543162,0.0019750595092773438
267422,normal,2464,0,1782361755.5453434,0.0021812915802001953
267423,normal,2788,0,1782361755.5471876,0.001844167709350586
267424,normal,1359,1,1782361755.549161,0.001973390579223633
267425,normal,2586,0,1782361755.5511916,0.002030611038208008
267426,normal,3660,0,1782361755.5533087,0.002117156982421875
267427,normal,2243,0,1782361755.5551622,0.0018534660339355469
267428,normal,7,0,1782361755.5573475,0.002185344696044922
267429,normal,3012,0,1782361755.5591893,0.0018417835235595703
267430,normal,1303,0,1782361755.5611596,0.0019702911376953125
267431,normal,1734,0,1782361755.5631964,0.0020368099212646484
267432,normal,1175,0,1782361755.565312,0.002115488052368164
267433,normal,438,0,1782361755.5671604,0.001848459243774414
267434,normal,576,0,1782361755.569352,0.0021915435791015625
267435,normal,1770,0,1782361755.5711842,0.0018322467803955078
267436,normal,1806,0,1782361755.573161,0.0019767284393310547
267437,normal,1719,0,1782361755.5753562,0.0021953582763671875
267438,normal,1420,0,1782361755.5773025,0.0019462108612060547
267439,normal,1786,0,1782361755.57915,0.0018475055694580078
267440,normal,1284,0,1782361755.5812025,0.0020525455474853516
267441,normal,1012,2,1782361755.5833173,0.0021147727966308594
267442,normal,2619,0,1782361755.58516,0.0018427371978759766
267443,normal,1637,0,1782361755.5873835,0.002223491668701172
267444,normal,2565,0,1782361755.5891871,0.0018036365509033203
267445,normal,3318,1,1782361755.5911639,0.0019767284393310547
267446,normal,2115,0,1782361755.5932112,0.002047300338745117
267447,normal,2604,0,1782361755.5953498,0.0021386146545410156
267448,normal,1993,0,1782361755.5971649,0.0018150806427001953
267449,normal,1985,0,1782361755.5992203,0.0020554065704345703
267450,normal,2783,0,1782361755.6013215,0.0021011829376220703
267451,normal,2397,0,1782361755.6031616,0.0018401145935058594
267452,normal,1749,0,1782361755.6053843,0.002222776412963867
267453,normal,2382,0,1782361755.6072116,0.001827239990234375
267454,normal,877,2,1782361755.6091592,0.001947641372680664
267455,normal,2534,0,1782361755.6113946,0.00223541259765625
267456,normal,1139,0,1782361755.6132076,0.0018129348754882812
267457,normal,2751,0,1782361755.615162,0.001954317092895508
267458,normal,1650,0,1782361755.6174066,0.002244710922241211
267459,normal,3364,1,1782361755.619188,0.001781463623046875
267460,normal,3641,0,1782361755.6211615,0.001973390579223633
267461,normal,875,2,1782361755.6234,0.0022385120391845703
267462,normal,2945,0,1782361755.6251888,0.0017888545989990234
267463,normal,825,2,1782361755.6271603,0.0019714832305908203
267464,normal,3334,1,1782361755.6294034,0.0022430419921875
267465,normal,2355,0,1782361755.6311867,0.0017833709716796875
267466,normal,2059,0,1782361755.6331615,0.001974821090698242
267467,normal,2060,0,1782361755.6352234,0.0020618438720703125
267468,normal,294,0,1782361755.6373107,0.0020873546600341797
267469,normal,1278,0,1782361755.6391616,0.0018508434295654297
267470,normal,1335,1,1782361755.6414068,0.002245187759399414
267471,normal,2972,0,1782361755.6431916,0.0017848014831542969
267472,normal,2293,0,1782361755.64516,0.0019683837890625
267473,normal,1232,0,1782361755.647229,0.0020689964294433594
267474,normal,3044,0,1782361755.64931,0.002081155776977539
267475,normal,3051,1,1782361755.6511598,0.0018496513366699219
267476,normal,1571,0,1782361755.653413,0.002253293991088867
267477,normal,166,0,1782361755.6551976,0.0017845630645751953
267478,normal,1727,0,1782361755.6571596,0.001961946487426758
267479,normal,468,0,1782361755.6594307,0.0022711753845214844
267480,normal,694,0,1782361755.6612124,0.0017817020416259766
267481,normal,1967,0,1782361755.6631606,0.0019481182098388672
267482,normal,3324,1,1782361755.6651363,0.0019757747650146484
267483,normal,3504,0,1782361755.6671193,0.0019829273223876953
267484,normal,1855,0,1782361755.6691184,0.0019991397857666016
267485,normal,1753,0,1782361755.6711557,0.0020372867584228516
267486,normal,185,0,1782361755.6731207,0.001965045928955078
267487,normal,663,0,1782361755.6751127,0.0019919872283935547
267488,normal,974,2,1782361755.6771593,0.0020465850830078125
267489,normal,850,2,1782361755.679113,0.001953601837158203
267490,normal,955,2,1782361755.6811187,0.0020058155059814453
267491,normal,2662,0,1782361755.6831522,0.0020334720611572266
267492,normal,1391,0,1782361755.6851194,0.001967191696166992
267493,normal,3306,1,1782361755.6871326,0.0020132064819335938
267494,normal,2222,0,1782361755.6891193,0.0019867420196533203
267495,normal,720,0,1782361755.6911156,0.001996278762817383
267496,normal,479,0,1782361755.6931214,0.0020058155059814453
267497,normal,1638,0,1782361755.6951578,0.0020363330841064453
267498,normal,1979,0,1782361755.6971223,0.001964569091796875
267499,normal,1406,0,1782361755.6991165,0.0019941329956054688
267500,normal,328,0,1782361755.7011588,0.0020422935485839844
267501,normal,913,2,1782361755.70315,0.00199127197265625
267502,normal,2649,0,1782361755.7051241,0.0019741058349609375
267503,normal,346,0,1782361755.7071517,0.0020275115966796875
267504,normal,2673,0,1782361755.7091212,0.001969575881958008
267505,normal,258,0,1782361755.7111163,0.001995086669921875
267506,normal,2263,0,1782361755.713159,0.0020427703857421875
267507,normal,1348,1,1782361755.7151146,0.0019555091857910156
267508,normal,639,0,1782361755.7171195,0.002004861831665039
267509,normal,621,0,1782361755.7191575,0.0020380020141601562
267510,normal,2999,0,1782361755.7211208,0.001963376998901367
267511,normal,3566,0,1782361755.7231164,0.001995563507080078
267512,normal,2734,0,1782361755.725159,0.002042531967163086
267513,normal,1641,0,1782361755.727114,0.0019550323486328125
267514,normal,2080,0,1782361755.7291265,0.002012491226196289
267515,normal,1237,0,1782361755.7311502,0.0020236968994140625
267516,normal,3469,0,1782361755.733126,0.0019757747650146484
267517,normal,2190,0,1782361755.7351198,0.001993894577026367
267518,normal,655,0,1782361755.7371573,0.002037525177001953
267519,normal,1128,0,1782361755.7391126,0.001955270767211914
267520,normal,2100,0,1782361755.7411206,0.0020079612731933594
267521,normal,2883,0,1782361755.74315,0.0020294189453125
267522,normal,2606,0,1782361755.7451208,0.0019707679748535156
267523,normal,766,0,1782361755.7471159,0.001995086669921875
267524,normal,1274,0,1782361755.749169,0.0020532608032226562
267525,normal,1612,0,1782361755.751113,0.001943826675415039
267526,normal,292,0,1782361755.753122,0.002009153366088867
267527,normal,2466,0,1782361755.7551534,0.0020313262939453125
267528,normal,1583,0,1782361755.757121,0.0019676685333251953
267529,normal,2320,0,1782361755.7591143,0.0019931793212890625
267530,normal,2007,0,1782361755.7611635,0.0020492076873779297
267531,normal,646,0,1782361755.7631154,0.0019519329071044922
267532,normal,3594,0,1782361755.7651203,0.002004861831665039
267533,normal,1538,0,1782361755.7671533,0.0020329952239990234
267534,normal,487,0,1782361755.769121,0.0019676685333251953
267535,normal,1407,0,1782361755.7711153,0.0019943714141845703
267536,normal,1533,0,1782361755.7731645,0.0020492076873779297
267537,normal,1446,0,1782361755.7751153,0.0019507408142089844
267538,normal,2818,0,1782361755.7771196,0.002004384994506836
267539,normal,153,0,1782361755.7791505,0.0020308494567871094
267540,normal,912,2,1782361755.7811184,0.001967906951904297
267541,normal,3542,0,1782361755.7831178,0.001999378204345703
267542,normal,3131,1,1782361755.7851584,0.0020406246185302734
267543,normal,993,2,1782361755.787114,0.0019555091857910156
267544,normal,2402,0,1782361755.7891214,0.0020074844360351562
267545,normal,3169,1,1782361755.7911627,0.002041339874267578
267546,normal,1370,1,1782361755.7931232,0.0019605159759521484
267547,normal,2027,0,1782361755.795108,0.001984834671020508
267548,normal,486,0,1782361755.7971623,0.0020542144775390625
267549,normal,2626,0,1782361755.7991168,0.0019545555114746094
267550,normal,2116,0,1782361755.8011196,0.002002716064453125
267551,normal,301,0,1782361755.80315,0.0020303726196289062
267552,normal,466,0,1782361755.805119,0.0019690990447998047
267553,normal,263,0,1782361755.8071203,0.0020012855529785156
267554,normal,3598,0,1782361755.8091602,0.0020399093627929688
267555,normal,1712,0,1782361755.811123,0.0019626617431640625
267556,normal,1989,0,1782361755.8131208,0.0019979476928710938
267557,normal,3327,1,1782361755.8151555,0.0020346641540527344
267558,normal,330,0,1782361755.817121,0.0019655227661132812
267559,normal,2709,0,1782361755.8191142,0.0019931793212890625
267560,normal,1178,0,1782361755.8211591,0.0020449161529541016
267561,normal,2047,0,1782361755.8231153,0.0019562244415283203
267562,normal,1793,0,1782361755.8251188,0.0020034313201904297
267563,normal,1319,1,1782361755.827195,0.0020761489868164062
267564,normal,1745,0,1782361755.8291106,0.0019156932830810547
267565,normal,3388,1,1782361755.8311172,0.00200653076171875
267566,normal,517,0,1782361755.8331594,0.0020422935485839844
267567,normal,2627,0,1782361755.8351147,0.001955270767211914
267568,normal,2363,0,1782361755.8371196,0.002004861831665039
267569,normal,427,0,1782361755.8391502,0.002030611038208008
267570,normal,999,2,1782361755.841119,0.001968860626220703
267571,normal,889,2,1782361755.8431141,0.001995086669921875
267572,normal,2044,0,1782361755.84516,0.002045869827270508
267573,normal,1338,1,1782361755.847115,0.0019550323486328125
267574,normal,3484,0,1782361755.8491201,0.0020051002502441406
267575,normal,1503,0,1782361755.8511643,0.002044200897216797
267576,normal,3642,0,1782361755.8531208,0.001956462860107422
267577,normal,821,2,1782361755.8551173,0.0019965171813964844
267578,normal,1524,0,1782361755.8571668,0.0020494461059570312
267579,normal,164,0,1782361755.859116,0.001949310302734375
267580,normal,1492,0,1782361755.8611228,0.0020067691802978516
267581,normal,1900,0,1782361755.8631592,0.0020363330841064453
267582,normal,4,0,1782361755.8651266,0.0019674301147460938
267583,normal,2415,0,1782361755.867128,0.0020012855529785156
267584,normal,172,0,1782361755.8691208,0.001992940902709961
267585,normal,3079,1,1782361755.8711147,0.001993894577026367
267586,normal,1883,0,1782361755.8731205,0.0020058155059814453
267587,normal,1424,0,1782361755.875151,0.0020303726196289062
267588,normal,2372,0,1782361755.8771195,0.0019686222076416016
267589,normal,3209,1,1782361755.8791203,0.0020008087158203125
267590,normal,2407,0,1782361755.881162,0.0020415782928466797
267591,normal,640,0,1782361755.883114,0.0019521713256835938
267592,normal,464,0,1782361755.885121,0.002007007598876953
267593,normal,2104,0,1782361755.8871508,0.0020296573638916016
267594,normal,3462,0,1782361755.8891287,0.0019779205322265625
267595,normal,2817,0,1782361755.8911147,0.0019860267639160156
267596,normal,22,0,1782361755.8933587,0.0022439956665039062
267597,normal,210,0,1782361755.8951762,0.001817464828491211
267598,normal,2122,0,1782361755.8972921,0.002115964889526367
267599,normal,3540,0,1782361755.8991878,0.0018956661224365234
267600,normal,1936,0,1782361755.9013088,0.0021209716796875
267601,normal,634,0,1782361755.9031203,0.0018115043640136719
267602,normal,2128,0,1782361755.9051545,0.0020341873168945312
267603,normal,1693,0,1782361755.9071097,0.001955270767211914
267604,normal,1482,0,1782361755.909125,0.002015352249145508
267605,normal,1955,0,1782361755.911162,0.0020368099212646484
267606,normal,2808,0,1782361755.9131231,0.001961231231689453
267607,normal,365,0,1782361755.9151175,0.0019943714141845703
267608,normal,202,0,1782361755.9171636,0.0020461082458496094
267609,normal,1653,0,1782361755.9191186,0.0019550323486328125
267610,normal,2085,0,1782361755.921122,0.0020034313201904297
267611,normal,3073,1,1782361755.9231532,0.002031087875366211
267612,normal,914,2,1782361755.9251237,0.001970529556274414
267613,normal,1566,0,1782361755.9271293,0.0020055770874023438
267614,normal,87,0,1782361755.929167,0.0020377635955810547
267615,normal,1672,0,1782361755.931117,0.0019500255584716797
267616,normal,968,2,1782361755.9331543,0.0020372867584228516
267617,normal,2902,0,1782361755.9353335,0.0021791458129882812
267618,normal,1617,0,1782361755.9371083,0.0017747879028320312
267619,normal,1305,0,1782361755.9391134,0.0020051002502441406
267620,normal,2832,0,1782361755.9411163,0.0020029544830322266
267621,normal,1515,0,1782361755.9431086,0.0019922256469726562
267622,normal,101,0,1782361755.945179,0.0020704269409179688
267623,normal,293,0,1782361755.9473195,0.002140522003173828
267624,normal,1569,0,1782361755.9491007,0.0017812252044677734
267625,normal,553,0,1782361755.95113,0.0020291805267333984
267626,normal,3148,1,1782361755.9531791,0.0020492076873779297
267627,normal,3512,0,1782361755.9551609,0.0019817352294921875
267628,normal,3263,1,1782361755.9572792,0.002118349075317383
267629,normal,1708,0,1782361755.959161,0.0018818378448486328
267630,normal,2238,0,1782361755.9613156,0.0021545886993408203
267631,normal,187,0,1782361755.9631639,0.0018482208251953125
267632,normal,3632,0,1782361755.9653165,0.002152681350708008
267633,normal,334,0,1782361755.9671698,0.0018532276153564453
267634,normal,611,0,1782361755.9691613,0.0019915103912353516
267635,normal,2064,0,1782361755.9711933,0.002032041549682617
267636,normal,1055,0,1782361755.9730926,0.0018992424011230469
267637,normal,1880,0,1782361755.9753172,0.0022246837615966797
267638,normal,1160,0,1782361755.9771636,0.0018463134765625
267639,normal,1252,0,1782361755.979312,0.0021483898162841797
267640,normal,59,0,1782361755.9811609,0.0018489360809326172
267641,normal,3554,0,1782361755.9835832,0.002422332763671875
267642,normal,510,0,1782361755.9851043,0.0015211105346679688
267643,normal,3078,1,1782361755.9873154,0.0022110939025878906
267644,normal,1130,0,1782361755.9891787,0.001863241195678711
267645,normal,1244,0,1782361755.991335,0.0021562576293945312
267646,normal,1695,0,1782361755.9931457,0.0018107891082763672
267647,normal,733,0,1782361755.9952002,0.002054452896118164
267648,normal,429,0,1782361755.9971623,0.0019621849060058594
267649,normal,3024,0,1782361755.999163,0.002000570297241211
267650,normal,2166,0,1782361756.001334,0.002171039581298828
267651,normal,3605,0,1782361756.00316,0.0018260478973388672
267652,normal,298,0,1782361756.0051618,0.0020017623901367188
267653,normal,3211,1,1782361756.0073376,0.0021758079528808594
267654,normal,887,2,1782361756.0091708,0.001833200454711914
267655,normal,2770,0,1782361756.011162,0.00199127197265625
267656,normal,1213,0,1782361756.0133376,0.002175569534301758
267657,normal,2935,0,1782361756.0151646,0.0018270015716552734
267658,normal,3380,1,1782361756.01716,0.0019953250885009766
267659,normal,1654,0,1782361756.01934,0.0021800994873046875
267660,normal,11,0,1782361756.0211694,0.001829385757446289
267661,normal,727,0,1782361756.0231621,0.0019927024841308594
267662,normal,1994,0,1782361756.0253437,0.002181529998779297
267663,normal,274,0,1782361756.0271602,0.0018165111541748047
267664,normal,1631,0,1782361756.0291617,0.002001523971557617
267665,normal,3565,0,1782361756.0313451,0.0021834373474121094
267666,normal,3449,0,1782361756.0331647,0.001819610595703125
267667,normal,2149,0,1782361756.0351734,0.002008676528930664
267668,normal,920,2,1782361756.037197,0.0020236968994140625
267669,normal,2442,0,1782361756.0391653,0.0019681453704833984
267670,normal,977,2,1782361756.0411623,0.0019969940185546875
267671,normal,537,0,1782361756.0433497,0.002187490463256836
267672,normal,1983,0,1782361756.0451784,0.0018286705017089844
267673,normal,3272,1,1782361756.0471637,0.001985311508178711
267674,normal,3368,1,1782361756.0493548,0.0021910667419433594
267675,normal,3699,0,1782361756.0511668,0.001811981201171875
267676,normal,2501,0,1782361756.0531602,0.001993417739868164
267677,normal,698,0,1782361756.0553544,0.0021941661834716797
267678,normal,1461,0,1782361756.0571628,0.0018084049224853516
267679,normal,647,0,1782361756.0591614,0.0019986629486083984
267680,normal,933,2,1782361756.0612042,0.0020427703857421875
267681,normal,1726,0,1782361756.0633087,0.002104520797729492
267682,normal,910,2,1782361756.0651612,0.0018525123596191406
267683,normal,1921,0,1782361756.0673594,0.0021982192993164062
267684,normal,3692,0,1782361756.0691657,0.0018062591552734375
267685,normal,2255,0,1782361756.0711622,0.0019965171813964844
267686,normal,589,0,1782361756.0733867,0.002224445343017578
267687,normal,2661,0,1782361756.0751605,0.001773834228515625
267688,normal,2775,0,1782361756.077167,0.00200653076171875
267689,normal,2221,0,1782361756.0793884,0.002221345901489258
267690,normal,2404,0,1782361756.0811605,0.001772165298461914
267691,normal,2603,0,1782361756.0831604,0.0019998550415039062
267692,normal,139,0,1782361756.0854037,0.0022432804107666016
267693,normal,2291,0,1782361756.0871704,0.0017666816711425781
267694,normal,713,0,1782361756.0891604,0.001990079879760742
267695,normal,2833,0,1782361756.0913956,0.0022351741790771484
267696,normal,2394,0,1782361756.0931602,0.001764535903930664
267697,normal,779,2,1782361756.0951614,0.0020012855529785156
267698,normal,1186,0,1782361756.0973976,0.0022361278533935547
267699,normal,3602,0,1782361756.0991695,0.0017719268798828125
267700,normal,1224,0,1782361756.1011617,0.0019922256469726562
267701,normal,1899,0,1782361756.1034086,0.002246856689453125
267702,normal,3285,1,1782361756.1054757,0.002067089080810547
267703,normal,1247,0,1782361756.1072097,0.001734018325805664
267704,normal,3197,1,1782361756.1094065,0.002196788787841797
267705,normal,945,2,1782361756.1115105,0.002104043960571289
267706,normal,1549,0,1782361756.1131673,0.0016567707061767578
267707,normal,3665,0,1782361756.1154034,0.0022361278533935547
267708,normal,2737,0,1782361756.1171906,0.0017871856689453125
267709,normal,758,0,1782361756.1191478,0.0019571781158447266
267710,normal,501,0,1782361756.1214068,0.0022590160369873047
267711,normal,1664,0,1782361756.123184,0.0017771720886230469
267712,normal,282,0,1782361756.1251616,0.001977682113647461
267713,normal,2658,0,1782361756.1274054,0.0022437572479248047
267714,normal,3452,0,1782361756.1291628,0.0017573833465576172
267715,normal,1740,0,1782361756.1311607,0.0019979476928710938
267716,normal,1352,1,1782361756.133413,0.002252340316772461
267717,normal,2139,0,1782361756.1351726,0.0017595291137695312
267718,normal,43,0,1782361756.1371465,0.001973867416381836
267719,normal,1973,0,1782361756.1393492,0.002202749252319336
267720,normal,2790,0,1782361756.141238,0.0018887519836425781
267721,normal,3348,1,1782361756.143153,0.00191497802734375
267722,normal,1717,0,1782361756.1452353,0.002082347869873047
267723,normal,1779,0,1782361756.147096,0.0018606185913085938
267724,normal,1868,0,1782361756.1493537,0.002257823944091797
267725,normal,2670,0,1782361756.1512423,0.0018885135650634766
267726,normal,3603,0,1782361756.1533172,0.0020749568939208984
267727,normal,490,0,1782361756.15516,0.0018427371978759766
267728,normal,2636,0,1782361756.157422,0.002262115478515625
267729,normal,696,0,1782361756.1591723,0.0017502307891845703
267730,normal,2777,0,1782361756.1611633,0.0019910335540771484
267731,normal,3622,0,1782361756.163425,0.002261638641357422
267732,normal,1910,0,1782361756.1651614,0.0017364025115966797
267733,normal,2584,0,1782361756.1673157,0.0021543502807617188
267734,normal,636,0,1782361756.169249,0.0019333362579345703
267735,normal,751,0,1782361756.1713176,0.0020685195922851562
267736,normal,2076,0,1782361756.1731625,0.0018448829650878906
267737,normal,3255,1,1782361756.1754289,0.002266407012939453
267738,normal,1441,0,1782361756.1771731,0.0017442703247070312
267739,normal,2912,0,1782361756.179313,0.0021398067474365234
267740,normal,948,2,1782361756.181254,0.0019409656524658203
267741,normal,1293,0,1782361756.1833122,0.002058267593383789
267742,normal,1038,0,1782361756.1851602,0.001847982406616211
267743,normal,1601,0,1782361756.1874137,0.0022535324096679688
267744,normal,3104,1,1782361756.189169,0.0017552375793457031
267745,normal,1959,0,1782361756.1913123,0.002143383026123047
267746,normal,828,2,1782361756.1931617,0.0018494129180908203
267747,normal,1889,0,1782361756.195317,0.002155303955078125
267748,normal,3639,0,1782361756.1971607,0.0018436908721923828
267749,normal,1975,0,1782361756.1993182,0.002157449722290039
267750,normal,3421,0,1782361756.2011669,0.0018486976623535156
267751,normal,503,0,1782361756.2033153,0.0021483898162841797
267752,normal,268,0,1782361756.2051659,0.0018506050109863281
267753,normal,1490,0,1782361756.2073145,0.0021486282348632812
267754,normal,520,0,1782361756.20916,0.0018455982208251953
267755,normal,1158,0,1782361756.2113202,0.0021600723266601562
267756,normal,3606,0,1782361756.213159,0.0018389225006103516
267757,normal,2712,0,1782361756.215313,0.0021538734436035156
267758,normal,3586,0,1782361756.2171717,0.0018587112426757812
267759,normal,2962,0,1782361756.219309,0.002137422561645508
267760,normal,2441,0,1782361756.2211595,0.0018503665924072266
267761,normal,1826,0,1782361756.2233257,0.002166271209716797
267762,normal,2913,0,1782361756.2251594,0.0018336772918701172
267763,normal,1614,0,1782361756.2271612,0.0020017623901367188
267764,normal,2575,0,1782361756.2291832,0.0020220279693603516
267765,normal,2882,0,1782361756.2311628,0.0019795894622802734
267766,normal,488,0,1782361756.2331617,0.0019989013671875
267767,normal,672,0,1782361756.235178,0.002016305923461914
267768,normal,3383,1,1782361756.2371724,0.0019943714141845703
267769,normal,3470,0,1782361756.239167,0.001994609832763672
267770,normal,2162,0,1782361756.2411811,0.00201416015625
267771,normal,3149,1,1782361756.2431598,0.001978635787963867
267772,normal,685,0,1782361756.2451637,0.002003908157348633
267773,normal,908,2,1782361756.2471824,0.0020186901092529297
267774,normal,1450,0,1782361756.249161,0.001978635787963867
267775,normal,2400,0,1782361756.2511609,0.0019998550415039062
267776,normal,3418,0,1782361756.253186,0.002025127410888672
267777,normal,2829,0,1782361756.2551603,0.001974344253540039
267778,normal,628,0,1782361756.2571616,0.0020012855529785156
267779,normal,3395,1,1782361756.2591884,0.002026796340942383
267780,normal,3385,1,1782361756.2611609,0.0019724369049072266
267781,normal,1529,0,1782361756.2631626,0.0020017623901367188
267782,normal,2475,0,1782361756.2651908,0.002028226852416992
267783,normal,1605,0,1782361756.2671616,0.0019707679748535156
267784,normal,565,0,1782361756.2691152,0.001953601837158203
267785,normal,1283,0,1782361756.2711096,0.0019943714141845703
267786,normal,1590,0,1782361756.2731495,0.0020399093627929688
267787,normal,2852,0,1782361756.2751107,0.001961231231689453
267788,normal,288,0,1782361756.2771494,0.002038717269897461
267789,normal,1646,0,1782361756.2791495,0.002000093460083008
267790,normal,523,0,1782361756.2811184,0.001968860626220703
267791,normal,432,0,1782361756.2831202,0.0020017623901367188
267792,normal,1321,1,1782361756.285139,0.0020189285278320312
267793,normal,2906,0,1782361756.2873178,0.002178668975830078
267794,normal,57,0,1782361756.2892003,0.0018825531005859375
267795,normal,3039,0,1782361756.2913153,0.002115011215209961
267796,normal,2419,0,1782361756.2931607,0.0018453598022460938
267797,normal,777,2,1782361756.2953584,0.002197742462158203
267798,normal,813,2,1782361756.29716,0.0018014907836914062
267799,normal,934,2,1782361756.2993178,0.002157926559448242
267800,normal,1448,0,1782361756.301206,0.001888275146484375
267801,normal,2805,0,1782361756.3033202,0.0021140575408935547
267802,normal,2490,0,1782361756.3051605,0.001840353012084961
267803,normal,3475,0,1782361756.3073611,0.002200603485107422
267804,normal,1239,0,1782361756.309161,0.0017998218536376953
267805,normal,3176,1,1782361756.3113163,0.002155303955078125
267806,normal,996,2,1782361756.31321,0.001893758773803711
267807,normal,1935,0,1782361756.3153095,0.0020995140075683594
267808,normal,1865,0,1782361756.3171597,0.001850128173828125
267809,normal,1582,0,1782361756.3193955,0.002235889434814453
267810,normal,186,0,1782361756.3211617,0.001766204833984375
267811,normal,1658,0,1782361756.3233156,0.0021538734436035156
267812,normal,3201,1,1782361756.3252153,0.00189971923828125
267813,normal,354,0,1782361756.3273284,0.0021131038665771484
267814,normal,2884,0,1782361756.3291585,0.0018301010131835938
267815,normal,3643,0,1782361756.3312182,0.0020596981048583984
267816,normal,2499,0,1782361756.3331645,0.0019462108612060547
267817,normal,3499,0,1782361756.3351634,0.0019989013671875
267818,normal,898,2,1782361756.3372204,0.0020570755004882812
267819,normal,2879,0,1782361756.3391619,0.0019414424896240234
267820,normal,1385,0,1782361756.341198,0.0020360946655273438
267821,normal,865,2,1782361756.3432217,0.0020236968994140625
267822,normal,1587,0,1782361756.3451622,0.0019404888153076172
267823,normal,2191,0,1782361756.3471317,0.001969575881958008
267824,normal,2024,0,1782361756.3493311,0.002199411392211914
267825,normal,1325,1,1782361756.3512192,0.0018880367279052734
267826,normal,2982,0,1782361756.3532178,0.0019986629486083984
267827,normal,1242,0,1782361756.355157,0.0019390583038330078
267828,normal,900,2,1782361756.3573027,0.0021457672119140625
267829,normal,860,2,1782361756.359165,0.0018622875213623047
267830,normal,2124,0,1782361756.3611703,0.002005338668823242
267831,normal,3446,0,1782361756.3631542,0.0019838809967041016
267832,normal,1536,0,1782361756.365103,0.0019488334655761719
267833,normal,1875,0,1782361756.3671706,0.00206756591796875
267834,normal,1520,0,1782361756.3691163,0.0019457340240478516
267835,normal,1455,0,1782361756.3711662,0.0020499229431152344
267836,normal,2797,0,1782361756.373409,0.0022428035736083984
267837,normal,1909,0,1782361756.3750994,0.0016903877258300781
267838,normal,2631,0,1782361756.377317,0.002217531204223633
267839,normal,2669,0,1782361756.3792374,0.001920461654663086
267840,normal,2340,0,1782361756.381278,0.0020406246185302734
267841,normal,1039,0,1782361756.3831248,0.0018467903137207031
267842,normal,1205,0,1782361756.3851564,0.002031564712524414
267843,normal,2847,0,1782361756.3871205,0.001964092254638672
267844,normal,271,0,1782361756.389118,0.0019974708557128906
267845,normal,3216,1,1782361756.3912163,0.0020983219146728516
267846,normal,859,2,1782361756.3931446,0.0019283294677734375
267847,normal,3187,1,1782361756.3951523,0.002007722854614258
267848,normal,1647,0,1782361756.3971226,0.0019702911376953125
267849,normal,899,2,1782361756.3991156,0.001992940902709961
267850,normal,1143,0,1782361756.40111,0.0019943714141845703
267851,normal,1414,0,1782361756.403147,0.00203704833984375
267852,normal,2867,0,1782361756.4051154,0.0019683837890625
267853,normal,269,0,1782361756.4071293,0.0020139217376708984
267854,normal,1163,0,1782361756.4091465,0.0020172595977783203
267855,normal,3240,1,1782361756.4111092,0.0019626617431640625
267856,normal,2096,0,1782361756.4131086,0.001999378204345703
267857,normal,707,0,1782361756.41514,0.0020313262939453125
267858,normal,740,0,1782361756.417109,0.0019690990447998047
267859,normal,1542,0,1782361756.4191067,0.001997709274291992
267860,normal,1,0,1782361756.4211366,0.002029895782470703
267861,normal,3631,0,1782361756.423145,0.0020084381103515625
267862,normal,319,0,1782361756.425099,0.0019538402557373047
267863,normal,1459,0,1782361756.4271424,0.002043485641479492
267864,normal,1002,2,1782361756.4291093,0.0019669532775878906
267865,normal,1568,0,1782361756.431106,0.001996755599975586
267866,normal,1519,0,1782361756.4331355,0.0020294189453125
267867,normal,2509,0,1782361756.4351108,0.0019752979278564453
267868,normal,1147,0,1782361756.4371042,0.001993417739868164
267869,normal,699,0,1782361756.4391203,0.0020160675048828125
267870,normal,220,0,1782361756.441119,0.0019986629486083984
267871,normal,2799,0,1782361756.443118,0.0019991397857666016
267872,normal,2333,0,1782361756.4451556,0.002037525177001953
267873,normal,2657,0,1782361756.4471173,0.0019617080688476562
267874,normal,3177,1,1782361756.4491053,0.001987934112548828
267875,normal,233,0,1782361756.451138,0.002032756805419922
267876,normal,782,2,1782361756.4531045,0.0019664764404296875
267877,normal,858,2,1782361756.4551048,0.0020003318786621094
267878,normal,676,0,1782361756.4571438,0.0020389556884765625
267879,normal,62,0,1782361756.4591079,0.001964092254638672
267880,normal,3168,1,1782361756.4611044,0.0019965171813964844
267881,normal,3041,0,1782361756.4631364,0.002032041549682617
267882,normal,590,0,1782361756.4651039,0.0019674301147460938
267883,normal,1044,0,1782361756.4671028,0.0019989013671875
267884,normal,1798,0,1782361756.4691374,0.0020346641540527344
267885,normal,1912,0,1782361756.4711022,0.0019648075103759766
267886,normal,201,0,1782361756.4731407,0.0020384788513183594
267887,normal,3175,1,1782361756.4751499,0.002009153366088867
267888,normal,3252,1,1782361756.4771054,0.0019555091857910156
267889,normal,2332,0,1782361756.479106,0.002000570297241211
267890,normal,3160,1,1782361756.481135,0.002028942108154297
267891,normal,820,2,1782361756.4831061,0.0019712448120117188
267892,normal,1366,1,1782361756.4851046,0.001998424530029297
267893,normal,2919,0,1782361756.4871366,0.002032041549682617
267894,normal,1118,0,1782361756.4891055,0.001968860626220703
267895,normal,1432,0,1782361756.4911034,0.0019979476928710938
267896,normal,2084,0,1782361756.4931805,0.0020771026611328125
267897,normal,1588,0,1782361756.4951084,0.0019278526306152344
267898,normal,1839,0,1782361756.4971063,0.0019979476928710938
267899,normal,289,0,1782361756.4991422,0.002035856246948242
267900,normal,1472,0,1782361756.501109,0.001966714859008789
267901,normal,2960,0,1782361756.503107,0.0019981861114501953
267902,normal,3533,0,1782361756.5051372,0.0020301342010498047
267903,normal,3245,1,1782361756.507142,0.002004861831665039
267904,normal,1447,0,1782361756.5090935,0.001951456069946289
267905,normal,302,0,1782361756.511138,0.0020444393157958984
267906,normal,1445,0,1782361756.5131116,0.0019736289978027344
267907,normal,1545,0,1782361756.515104,0.001992464065551758
267908,normal,1103,0,1782361756.5171356,0.002031564712524414
267909,normal,1870,0,1782361756.5191076,0.0019719600677490234
267910,normal,1229,0,1782361756.5211039,0.001996278762817383
267911,normal,1579,0,1782361756.523138,0.0020341873168945312
267912,normal,1047,0,1782361756.5251052,0.001967191696166992
267913,normal,1876,0,1782361756.527105,0.0019998550415039062
267914,normal,1089,0,1782361756.5291348,0.0020296573638916016
267915,normal,3317,1,1782361756.5311265,0.001991748809814453
267916,normal,1544,0,1782361756.5331118,0.001985311508178711
267917,normal,89,0,1782361756.5351796,0.0020678043365478516
267918,normal,1860,0,1782361756.537904,0.0027244091033935547
267919,normal,3624,0,1782361756.5391173,0.0012133121490478516
267920,normal,434,0,1782361756.5411506,0.002033233642578125
267921,normal,705,0,1782361756.5431054,0.001954793930053711
267922,normal,985,2,1782361756.5451066,0.0020012855529785156
267923,normal,1323,1,1782361756.5471385,0.0020318031311035156
267924,normal,854,2,1782361756.5491056,0.001967191696166992
267925,normal,840,2,1782361756.5511312,0.002025604248046875
267926,normal,3126,1,1782361756.5531483,0.0020170211791992188
267927,normal,2617,0,1782361756.5551074,0.001959085464477539
267928,normal,31,0,1782361756.557108,0.002000570297241211
267929,normal,3301,1,1782361756.5591383,0.0020303726196289062
267930,normal,80,0,1782361756.561105,0.001966714859008789
267931,normal,1494,0,1782361756.563105,0.002000093460083008
267932,normal,1263,0,1782361756.5651355,0.0020303726196289062
267933,normal,3704,0,1782361756.5671084,0.0019729137420654297
267934,normal,800,2,1782361756.5691056,0.001997232437133789
267935,normal,2086,0,1782361756.5711386,0.0020329952239990234
267936,normal,810,2,1782361756.573105,0.0019664764404296875
267937,normal,946,2,1782361756.5751054,0.0020003318786621094
267938,normal,90,0,1782361756.5771813,0.0020759105682373047
267939,normal,2545,0,1782361756.5790937,0.0019123554229736328
267940,normal,1845,0,1782361756.5811076,0.0020139217376708984
267941,normal,1423,0,1782361756.5831382,0.002030611038208008
267942,normal,1486,0,1782361756.5851088,0.001970529556274414
267943,normal,2368,0,1782361756.58713,0.002021312713623047
267944,normal,2791,0,1782361756.5891356,0.0020055770874023438
267945,normal,2582,0,1782361756.591116,0.001980304718017578
267946,normal,1061,0,1782361756.5931108,0.0019948482513427734
267947,normal,652,0,1782361756.5951807,0.0020699501037597656
267948,normal,2538,0,1782361756.5971115,0.0019307136535644531
267949,normal,316,0,1782361756.599106,0.001994609832763672
267950,normal,3283,1,1782361756.6011376,0.002031564712524414
267951,normal,1887,0,1782361756.6031048,0.001967191696166992
267952,normal,3393,1,1782361756.605108,0.002003192901611328
267953,normal,2326,0,1782361756.6071367,0.0020287036895751953
267954,normal,1812,0,1782361756.609107,0.0019702911376953125
267955,normal,34,0,1782361756.6111035,0.0019965171813964844
267956,normal,475,0,1782361756.613145,0.0020415782928466797
267957,normal,1907,0,1782361756.6151083,0.0019631385803222656
267958,normal,3567,0,1782361756.6171045,0.001996278762817383
267959,normal,465,0,1782361756.6191351,0.002030611038208008
267960,normal,529,0,1782361756.6211104,0.0019752979278564453
267961,normal,144,0,1782361756.6231031,0.0019927024841308594
267962,normal,2127,0,1782361756.6251395,0.0020363330841064453
267963,normal,311,0,1782361756.6271105,0.001971006393432617
267964,normal,2558,0,1782361756.6291044,0.001993894577026367
267965,normal,3351,1,1782361756.6311424,0.0020380020141601562
267966,normal,2353,0,1782361756.6331048,0.001962423324584961
267967,normal,159,0,1782361756.6351063,0.002001523971557617
267968,normal,939,2,1782361756.6371353,0.002028942108154297
267969,normal,2942,0,1782361756.6391046,0.0019693374633789062
267970,normal,342,0,1782361756.641104,0.001999378204345703
267971,normal,1413,0,1782361756.643136,0.002032041549682617
267972,normal,1007,2,1782361756.6451035,0.0019674301147460938
267973,normal,869,2,1782361756.647104,0.002000570297241211
267974,normal,1475,0,1782361756.6491332,0.0020291805267333984
267975,normal,147,0,1782361756.6511035,0.0019702911376953125
267976,normal,1843,0,1782361756.6531355,0.002032041549682617
267977,normal,1483,0,1782361756.6551363,0.0020008087158203125
267978,normal,3400,1,1782361756.6571028,0.0019664764404296875
267979,normal,601,0,1782361756.659103,0.002000093460083008
267980,normal,3490,0,1782361756.661135,0.002032041549682617
267981,normal,1518,0,1782361756.6631043,0.0019693374633789062
267982,normal,697,0,1782361756.665114,0.0020096302032470703
267983,normal,3093,1,1782361756.6671367,0.0020227432250976562
267984,normal,557,0,1782361756.6691148,0.001978158950805664
267985,normal,2207,0,1782361756.6711056,0.001990795135498047
267986,normal,3264,1,1782361756.6731372,0.002031564712524414
267987,normal,2260,0,1782361756.6751063,0.0019690990447998047
267988,normal,2013,0,1782361756.6771367,0.0020303726196289062
267989,normal,2644,0,1782361756.679134,0.001997232437133789
267990,normal,1561,0,1782361756.6811047,0.0019707679748535156
267991,normal,838,2,1782361756.6831195,0.0020148754119873047
267992,normal,1070,0,1782361756.685153,0.0020334720611572266
267993,normal,3243,1,1782361756.6871347,0.0019817352294921875
267994,normal,286,0,1782361756.6891189,0.001984119415283203
267995,normal,734,0,1782361756.6911376,0.0020186901092529297
267996,normal,1766,0,1782361756.693105,0.0019674301147460938
267997,normal,1576,0,1782361756.6951025,0.0019974708557128906
267998,normal,513,0,1782361756.6971352,0.002032756805419922
267999,normal,1082,0,1782361756.699105,0.0019698143005371094
268000,normal,1193,0,1782361756.7011037,0.0019986629486083984
268001,normal,105,0,1782361756.7031713,0.00206756591796875
268002,normal,1570,0,1782361756.7051086,0.0019373893737792969
268003,normal,410,0,1782361756.7071047,0.0019960403442382812
268004,normal,1072,0,1782361756.709145,0.002040386199951172
268005,normal,1081,0,1782361756.7111058,0.00196075439453125
268006,normal,1234,0,1782361756.7131069,0.002001047134399414
268007,normal,953,2,1782361756.7151358,0.002028942108154297
268008,normal,1328,1,1782361756.7171042,0.0019683837890625
268009,normal,2703,0,1782361756.7191026,0.001998424530029297
268010,normal,643,0,1782361756.7211366,0.0020339488983154297
268011,normal,866,2,1782361756.723105,0.0019683837890625
268012,normal,93,0,1782361756.725104,0.0019991397857666016
268013,normal,2698,0,1782361756.727137,0.0020329952239990234
268014,normal,938,2,1782361756.729104,0.0019669532775878906
268015,normal,3612,0,1782361756.7311032,0.0019991397857666016
268016,normal,2551,0,1782361756.733141,0.0020377635955810547
268017,normal,2154,0,1782361756.735105,0.001964092254638672
268018,normal,29,0,1782361756.7371063,0.0020012855529785156
268019,normal,1107,0,1782361756.7391603,0.002053976058959961
268020,normal,2806,0,1782361756.741125,0.0019648075103759766
268021,normal,1273,0,1782361756.7431195,0.0019943714141845703
268022,normal,2893,0,1782361756.7451625,0.002043008804321289
268023,normal,2329,0,1782361756.7471235,0.0019609928131103516
268024,normal,2046,0,1782361756.7491477,0.0020241737365722656
268025,normal,1948,0,1782361756.7511394,0.001991748809814453
268026,normal,1696,0,1782361756.7531054,0.0019659996032714844
268027,normal,2438,0,1782361756.755113,0.0020074844360351562
268028,normal,3455,0,1782361756.7571368,0.002023935317993164
268029,normal,3144,1,1782361756.7591066,0.0019698143005371094
268030,normal,3220,1,1782361756.7611043,0.001997709274291992
268031,normal,1535,0,1782361756.7631366,0.0020322799682617188
268032,normal,1620,0,1782361756.7651045,0.001967906951904297
268033,normal,536,0,1782361756.7671034,0.0019989013671875
268034,normal,3611,0,1782361756.7691371,0.002033710479736328
268035,normal,902,2,1782361756.7711039,0.001966714859008789
268036,normal,1054,0,1782361756.773104,0.002000093460083008
268037,normal,1622,0,1782361756.7751367,0.002032756805419922
268038,normal,881,2,1782361756.777102,0.0019652843475341797
268039,normal,851,2,1782361756.7791038,0.0020017623901367188
268040,normal,2360,0,1782361756.7811353,0.002031564712524414
268041,normal,3178,1,1782361756.7831028,0.0019674301147460938
268042,normal,2974,0,1782361756.7851048,0.0020020008087158203
268043,normal,591,0,1782361756.787143,0.002038240432739258
268044,normal,1174,0,1782361756.7891066,0.0019636154174804688
268045,normal,3560,0,1782361756.7911043,0.001997709274291992
268046,normal,3002,0,1782361756.793136,0.002031564712524414
268047,normal,1336,1,1782361756.7951176,0.0019817352294921875
268048,normal,2242,0,1782361756.797105,0.001987457275390625
268049,normal,1888,0,1782361756.7991414,0.0020363330841064453
268050,normal,605,0,1782361756.801104,0.0019626617431640625
268051,normal,251,0,1782361756.803104,0.0019998550415039062
268052,normal,1824,0,1782361756.805134,0.0020301342010498047
268053,normal,3468,0,1782361756.8071063,0.001972198486328125
268054,normal,3405,0,1782361756.8091068,0.002000570297241211
268055,normal,3282,1,1782361756.811135,0.002028226852416992
268056,normal,1412,0,1782361756.8131044,0.0019693374633789062
268057,normal,2158,0,1782361756.8151028,0.001998424530029297
268058,normal,2168,0,1782361756.8171358,0.0020329952239990234
268059,normal,1110,0,1782361756.8191047,0.001968860626220703
268060,normal,2843,0,1782361756.821286,0.0021812915802001953
268061,normal,2597,0,1782361756.823197,0.0019109249114990234
268062,normal,1134,0,1782361756.8253465,0.0021495819091796875
268063,normal,2317,0,1782361756.8271654,0.0018188953399658203
268064,normal,2544,0,1782361756.829189,0.0020236968994140625
268065,normal,1618,0,1782361756.831268,0.002079010009765625
268066,normal,2533,0,1782361756.8331218,0.0018537044525146484
268067,normal,1096,0,1782361756.8351731,0.0020513534545898438
268068,normal,2488,0,1782361756.8371372,0.001964092254638672
268069,normal,3319,1,1782361756.8391094,0.001972198486328125
268070,normal,2646,0,1782361756.841157,0.0020475387573242188
268071,normal,3595,0,1782361756.8431053,0.0019483566284179688
268072,normal,2900,0,1782361756.845105,0.0019996166229248047
268073,normal,76,0,1782361756.847134,0.0020291805267333984
268074,normal,1795,0,1782361756.8491025,0.0019683837890625
268075,normal,26,0,1782361756.8511353,0.002032756805419922
268076,normal,585,0,1782361756.8531353,0.002000093460083008
268077,normal,3205,1,1782361756.8551028,0.0019674301147460938
268078,normal,1027,2,1782361756.8571029,0.002000093460083008
268079,normal,2614,0,1782361756.8591344,0.002031564712524414
268080,normal,208,0,1782361756.8611052,0.0019707679748535156
268081,normal,2735,0,1782361756.8631363,0.002031087875366211
268082,normal,1675,0,1782361756.865146,0.0020096302032470703
268083,normal,2138,0,1782361756.8671038,0.0019578933715820312
268084,normal,3538,0,1782361756.8691053,0.002001523971557617
268085,normal,2327,0,1782361756.871136,0.002030611038208008
268086,normal,1062,0,1782361756.8731031,0.001967191696166992
268087,normal,3103,1,1782361756.8751345,0.0020313262939453125
268088,normal,262,0,1782361756.877144,0.0020096302032470703
268089,normal,2611,0,1782361756.8791053,0.001961231231689453
268090,normal,2406,0,1782361756.8811033,0.0019979476928710938
268091,normal,1510,0,1782361756.8831408,0.002037525177001953
268092,normal,2413,0,1782361756.885103,0.0019621849060058594
268093,normal,753,0,1782361756.8871386,0.0020356178283691406
268094,normal,2680,0,1782361756.8891358,0.001997232437133789
268095,normal,1501,0,1782361756.8912058,0.0020699501037597656
268096,normal,1330,1,1782361756.8931048,0.0018990039825439453
268097,normal,610,0,1782361756.895135,0.0020301342010498047
268098,normal,2699,0,1782361756.8971028,0.001967906951904297
268099,normal,710,0,1782361756.8991358,0.0020329952239990234
268100,normal,1396,0,1782361756.9011374,0.002001523971557617
268101,normal,839,2,1782361756.9031112,0.001973867416381836
268102,normal,1363,1,1782361756.9051046,0.001993417739868164
268103,normal,337,0,1782361756.9071352,0.002030611038208008
268104,normal,1500,0,1782361756.909104,0.001968860626220703
268105,normal,2564,0,1782361756.9111388,0.0020346641540527344
268106,normal,2345,0,1782361756.913135,0.001996278762817383
268107,normal,3422,0,1782361756.9151046,0.001969575881958008
268108,normal,94,0,1782361756.917105,0.0020003318786621094
268109,normal,2892,0,1782361756.919136,0.002031087875366211
268110,normal,841,2,1782361756.921102,0.0019659996032714844
268111,normal,82,0,1782361756.9231055,0.0020034313201904297
268112,normal,2362,0,1782361756.9251366,0.002031087875366211
268113,normal,795,2,1782361756.927105,0.0019683837890625
268114,normal,50,0,1782361756.9291036,0.0019986629486083984
268115,normal,3172,1,1782361756.9311354,0.0020318031311035156
268116,normal,3280,1,1782361756.9331028,0.0019674301147460938
268117,normal,808,2,1782361756.9351053,0.0020024776458740234
268118,normal,2625,0,1782361756.93714,0.0020346641540527344
268119,normal,586,0,1782361756.939122,0.001981973648071289
268120,normal,633,0,1782361756.9411182,0.001996278762817383
268121,normal,976,2,1782361756.9431415,0.0020232200622558594
268122,normal,1256,0,1782361756.9451067,0.0019652843475341797
268123,normal,1050,0,1782361756.9471078,0.002001047134399414
268124,normal,862,2,1782361756.9491434,0.0020356178283691406
268125,normal,323,0,1782361756.9511094,0.0019659996032714844
268126,normal,3054,1,1782361756.953106,0.0019965171813964844
268127,normal,3298,1,1782361756.955136,0.0020301342010498047
268128,normal,1846,0,1782361756.9571044,0.0019683837890625
268129,normal,2308,0,1782361756.9591005,0.0019960403442382812
268130,normal,116,0,1782361756.961136,0.0020356178283691406
268131,normal,2205,0,1782361756.9631054,0.0019693374633789062
268132,normal,3511,0,1782361756.9651036,0.0019981861114501953
268133,normal,1440,0,1782361756.967136,0.0020322799682617188
268134,normal,3640,0,1782361756.9691064,0.001970529556274414
268135,normal,322,0,1782361756.971103,0.0019965171813964844
268136,normal,752,0,1782361756.9731333,0.0020303726196289062
268137,normal,1666,0,1782361756.9751022,0.001968860626220703
268138,normal,892,2,1782361756.9771016,0.001999378204345703
268139,normal,1609,0,1782361756.9791355,0.0020339488983154297
268140,normal,2497,0,1782361756.9811132,0.001977682113647461
268141,normal,2118,0,1782361756.983107,0.001993894577026367
268142,normal,512,0,1782361756.9851367,0.0020296573638916016
268143,normal,958,2,1782361756.9871054,0.0019686222076416016
268144,normal,64,0,1782361756.9891036,0.0019981861114501953
268145,normal,2146,0,1782361756.9911377,0.0020341873168945312
268146,normal,803,2,1782361756.9931035,0.001965761184692383
268147,normal,3518,0,1782361756.9951668,0.002063274383544922
268148,normal,1715,0,1782361756.9971392,0.0019724369049072266
268149,normal,1465,0,1782361756.9991043,0.001965045928955078
268150,normal,1683,0,1782361757.0011024,0.0019981861114501953
268151,normal,1377,1,1782361757.0031428,0.002040386199951172
268152,normal,2450,0,1782361757.0051055,0.0019626617431640625
268153,normal,2609,0,1782361757.0071032,0.001997709274291992
268154,normal,3275,1,1782361757.0091357,0.0020325183868408203
268155,normal,1010,2,1782361757.0111089,0.0019731521606445312
268156,normal,58,0,1782361757.0131044,0.001995563507080078
268157,normal,3378,1,1782361757.0151346,0.0020301342010498047
268158,normal,3161,1,1782361757.0171034,0.001968860626220703
268159,normal,1694,0,1782361757.0191193,0.002015829086303711
268160,normal,1818,0,1782361757.0211608,0.0020415782928466797
268161,normal,3050,1,1782361757.0231047,0.001943826675415039
268162,normal,991,2,1782361757.0251074,0.002002716064453125
268163,normal,1041,0,1782361757.0271368,0.0020294189453125
268164,normal,1929,0,1782361757.0291045,0.0019676685333251953
268165,normal,2537,0,1782361757.0311031,0.0019986629486083984
268166,normal,2719,0,1782361757.0331357,0.0020325183868408203
268167,normal,3588,0,1782361757.0351064,0.0019707679748535156
268168,normal,1690,0,1782361757.037134,0.0020275115966796875
268169,normal,1433,0,1782361757.0391812,0.002047300338745117
268170,normal,1018,2,1782361757.0412984,0.002117156982421875
268171,normal,2554,0,1782361757.0431778,0.0018794536590576172
268172,normal,1856,0,1782361757.0452583,0.0020804405212402344
268173,normal,3502,0,1782361757.0471706,0.0019123554229736328
268174,normal,2607,0,1782361757.0493479,0.0021772384643554688
268175,normal,1714,0,1782361757.0512412,0.0018932819366455078
268176,normal,2209,0,1782361757.0532157,0.0019745826721191406
268177,normal,3112,1,1782361757.0553403,0.0021245479583740234
268178,normal,3599,0,1782361757.0572333,0.0018930435180664062
268179,normal,362,0,1782361757.0594149,0.002181529998779297
268180,normal,3481,0,1782361757.0612123,0.0017974376678466797
268181,normal,284,0,1782361757.0634022,0.0021898746490478516
268182,normal,2964,0,1782361757.0653532,0.001950979232788086
268183,normal,818,2,1782361757.067208,0.0018548965454101562
268184,normal,2195,0,1782361757.0694823,0.0022742748260498047
268185,normal,1230,0,1782361757.0711522,0.0016698837280273438
268186,normal,246,0,1782361757.0733032,0.002151012420654297
268187,normal,2486,0,1782361757.0751693,0.0018661022186279297
268188,normal,1514,0,1782361757.0773938,0.002224445343017578
268189,normal,117,0,1782361757.0791671,0.0017733573913574219
268190,normal,693,0,1782361757.08132,0.0021529197692871094
268191,normal,2337,0,1782361757.0831635,0.0018434524536132812
268192,normal,729,0,1782361757.0853136,0.0021500587463378906
268193,normal,469,0,1782361757.0871599,0.0018463134765625
268194,normal,2344,0,1782361757.0893173,0.002157449722290039
268195,normal,834,2,1782361757.0911613,0.0018439292907714844
268196,normal,2858,0,1782361757.0933473,0.0021860599517822266
268197,normal,1836,0,1782361757.0951607,0.0018134117126464844
268198,normal,1930,0,1782361757.0973163,0.0021555423736572266
268199,normal,551,0,1782361757.0991666,0.0018503665924072266
268200,normal,3568,0,1782361757.1013174,0.0021507740020751953
268201,normal,546,0,1782361757.1031609,0.0018434524536132812
268202,normal,2650,0,1782361757.105316,0.0021550655364990234
268203,normal,1630,0,1782361757.1071613,0.0018453598022460938
268204,normal,2055,0,1782361757.109313,0.0021517276763916016
268205,normal,380,0,1782361757.1111586,0.0018455982208251953
268206,normal,2411,0,1782361757.1133122,0.002153635025024414
268207,normal,2888,0,1782361757.1153505,0.002038240432739258
268208,normal,1610,0,1782361757.1172578,0.0019073486328125
268209,normal,2378,0,1782361757.1202838,0.0030260086059570312
268210,normal,1736,0,1782361757.1212175,0.0009336471557617188
268211,normal,3527,0,1782361757.1232646,0.0020470619201660156
268212,normal,499,0,1782361757.1251674,0.0019028186798095703
268213,normal,2746,0,1782361757.1271365,0.0019690990447998047
268214,normal,2328,0,1782361757.1292722,0.002135753631591797
268215,normal,3229,1,1782361757.131154,0.0018818378448486328
268216,normal,332,0,1782361757.13323,0.0020759105682373047
268217,normal,514,0,1782361757.1351502,0.0019202232360839844
268218,normal,491,0,1782361757.1371136,0.001963376998901367
268219,normal,455,0,1782361757.139151,0.002037525177001953
268220,normal,2520,0,1782361757.141214,0.0020627975463867188
268221,normal,659,0,1782361757.1433368,0.0021228790283203125
268222,normal,333,0,1782361757.1451094,0.0017726421356201172
268223,normal,3634,0,1782361757.1475322,0.002422809600830078
268224,normal,3525,0,1782361757.1491072,0.0015749931335449219
268225,normal,2873,0,1782361757.15132,0.0022127628326416016
268226,normal,2312,0,1782361757.1532352,0.0019152164459228516
268227,normal,2446,0,1782361757.1551871,0.0019519329071044922
268228,normal,2666,0,1782361757.157274,0.0020868778228759766
268229,normal,3338,1,1782361757.159405,0.0021309852600097656
268230,normal,1208,0,1782361757.1612997,0.0018947124481201172
268231,normal,113,0,1782361757.1633825,0.00208282470703125
268232,normal,10,0,1782361757.165211,0.0018284320831298828
268233,normal,1200,0,1782361757.1673458,0.0021347999572753906
268234,normal,361,0,1782361757.1692574,0.0019116401672363281
268235,normal,3120,1,1782361757.171388,0.0021305084228515625
268236,normal,1963,0,1782361757.1732807,0.0018928050994873047
268237,normal,2868,0,1782361757.175384,0.0021033287048339844
268238,normal,2412,0,1782361757.1772933,0.0019092559814453125
268239,normal,1191,0,1782361757.1793919,0.002098560333251953
268240,normal,526,0,1782361757.1812685,0.0018765926361083984
268241,normal,473,0,1782361757.1833959,0.002127408981323242
268242,normal,2432,0,1782361757.1852722,0.0018763542175292969
268243,normal,943,2,1782361757.1873095,0.0020372867584228516
268244,normal,1997,0,1782361757.1896963,0.002386808395385742
268245,normal,1723,0,1782361757.191494,0.0017976760864257812
268246,normal,1035,0,1782361757.194626,0.0031321048736572266
268247,normal,1288,0,1782361757.1951406,0.0005145072937011719
268248,normal,2830,0,1782361757.1973004,0.0021598339080810547
268249,normal,2185,0,1782361757.1992583,0.0019578933715820312
268250,normal,3476,0,1782361757.2013576,0.002099275588989258
268251,normal,906,2,1782361757.2035253,0.0021677017211914062
268252,normal,1957,0,1782361757.2051382,0.0016129016876220703
268253,normal,2386,0,1782361757.2072527,0.002114534378051758
268254,normal,1196,0,1782361757.2092435,0.001990795135498047
268255,normal,148,0,1782361757.2112877,0.002044200897216797
268256,normal,1477,0,1782361757.2132387,0.001950979232788086
268257,normal,1680,0,1782361757.2152574,0.0020186901092529297
268258,normal,3519,0,1782361757.2172663,0.0020089149475097656
268259,normal,2725,0,1782361757.2193847,0.002118349075317383
268260,normal,2170,0,1782361757.2211452,0.0017604827880859375
268261,normal,3656,0,1782361757.2232244,0.0020792484283447266
268262,normal,3335,1,1782361757.2252293,0.002004861831665039
268263,normal,2009,0,1782361757.2272289,0.0019996166229248047
268264,normal,1841,0,1782361757.2292233,0.0019943714141845703
268265,normal,2141,0,1782361757.2312686,0.0020453929901123047
268266,normal,2917,0,1782361757.2332904,0.00202178955078125
268267,normal,1032,0,1782361757.235314,0.002023458480834961
268268,normal,3539,0,1782361757.2373338,0.0020198822021484375
268269,normal,2577,0,1782361757.2392967,0.001962900161743164
268270,normal,2540,0,1782361757.2412002,0.001903533935546875
268271,normal,197,0,1782361757.243243,0.0020427703857421875
268272,normal,2529,0,1782361757.245265,0.0020220279693603516
268273,normal,979,2,1782361757.2471986,0.0019335746765136719
268274,normal,402,0,1782361757.249208,0.0020093917846679688
268275,normal,890,2,1782361757.2512023,0.0019943714141845703
268276,normal,1707,0,1782361757.2533624,0.0021600723266601562
268277,normal,2768,0,1782361757.255299,0.0019366741180419922
268278,normal,2286,0,1782361757.2573407,0.0020415782928466797
268279,normal,1729,0,1782361757.2594347,0.0020940303802490234
268280,normal,987,2,1782361757.2615654,0.002130746841430664
268281,normal,3494,0,1782361757.2635665,0.002001047134399414
268282,normal,937,2,1782361757.2653065,0.0017399787902832031
268283,normal,2003,0,1782361757.2673073,0.0020008087158203125
268284,normal,324,0,1782361757.269196,0.0018887519836425781
268285,normal,1847,0,1782361757.2711933,0.001997232437133789
268286,normal,130,0,1782361757.2731917,0.001998424530029297
268287,normal,2014,0,1782361757.2754443,0.0022525787353515625
268288,normal,2167,0,1782361757.2771003,0.0016560554504394531
268289,normal,1585,0,1782361757.2792113,0.0021109580993652344
268290,normal,811,2,1782361757.2811344,0.0019230842590332031
268291,normal,3370,1,1782361757.2832096,0.0020751953125
268292,normal,1343,1,1782361757.2852755,0.002065896987915039
268293,normal,315,0,1782361757.287293,0.002017498016357422
268294,normal,151,0,1782361757.2893045,0.002011537551879883
268295,normal,474,0,1782361757.2913125,0.0020079612731933594
268296,normal,726,0,1782361757.2948327,0.0035202503204345703
268297,normal,3485,0,1782361757.2951436,0.0003108978271484375
268298,normal,71,0,1782361757.2972393,0.0020956993103027344
268299,normal,3662,0,1782361757.299191,0.0019516944885253906
268300,normal,525,0,1782361757.3012934,0.002102375030517578
268301,normal,0,0,1782361757.3034008,0.002107381820678711
268302,normal,1485,0,1782361757.3051295,0.0017287731170654297
268303,normal,2300,0,1782361757.3072302,0.002100706100463867
268304,normal,165,0,1782361757.3092692,0.0020389556884765625
268305,normal,255,0,1782361757.311261,0.001991748809814453
268306,normal,2891,0,1782361757.3132358,0.001974821090698242
268307,normal,1088,0,1782361757.3152544,0.0020186901092529297
268308,normal,2624,0,1782361757.3172288,0.001974344253540039
268309,normal,2839,0,1782361757.3192885,0.0020596981048583984
268310,normal,1677,0,1782361757.3212662,0.001977682113647461
268311,normal,1659,0,1782361757.3232515,0.001985311508178711
268312,normal,1381,1,1782361757.325588,0.0023365020751953125
268313,normal,3620,0,1782361757.3273742,0.0017862319946289062
268314,normal,3523,0,1782361757.329297,0.0019228458404541016
268315,normal,2793,0,1782361757.331379,0.0020818710327148438
268316,normal,1915,0,1782361757.3333838,0.002004861831665039
268317,normal,2563,0,1782361757.3351965,0.0018126964569091797
268318,normal,2074,0,1782361757.3376305,0.0024340152740478516
268319,normal,3467,0,1782361757.339382,0.0017514228820800781
268320,normal,1339,1,1782361757.3413587,0.0019767284393310547
268321,normal,2458,0,1782361757.3433807,0.0020220279693603516
268322,normal,137,0,1782361757.3454454,0.0020647048950195312
268323,normal,2307,0,1782361757.3472168,0.0017714500427246094
268324,normal,1834,0,1782361757.349236,0.002019166946411133
268325,normal,75,0,1782361757.3512173,0.0019812583923339844
268326,normal,1046,0,1782361757.353268,0.002050638198852539
268327,normal,3191,1,1782361757.3551464,0.001878499984741211
268328,normal,1980,0,1782361757.3571475,0.002001047134399414
268329,normal,2668,0,1782361757.359162,0.002014636993408203
268330,normal,2508,0,1782361757.361152,0.0019898414611816406
268331,normal,240,0,1782361757.3632014,0.0020494461059570312
268332,normal,3269,1,1782361757.3652065,0.0020051002502441406
268333,normal,706,0,1782361757.3671489,0.0019423961639404297
268334,normal,423,0,1782361757.369182,0.002033233642578125
268335,normal,3655,0,1782361757.371194,0.0020117759704589844
268336,normal,2366,0,1782361757.3732042,0.002010345458984375
268337,normal,1842,0,1782361757.3751984,0.0019941329956054688
268338,normal,1652,0,1782361757.377103,0.0019047260284423828
268339,normal,2764,0,1782361757.3791444,0.002041339874267578
268340,normal,1506,0,1782361757.3811245,0.0019800662994384766
268341,normal,1221,0,1782361757.383133,0.0020084381103515625
268342,normal,313,0,1782361757.3851268,0.001993894577026367
268343,normal,1578,0,1782361757.3871672,0.002040386199951172
268344,normal,1623,0,1782361757.3891463,0.0019791126251220703
268345,normal,2387,0,1782361757.3913643,0.002218008041381836
268346,normal,620,0,1782361757.393249,0.0018846988677978516
268347,normal,3200,1,1782361757.395178,0.0019290447235107422
268348,normal,1864,0,1782361757.3972514,0.0020732879638671875
268349,normal,1563,0,1782361757.3992271,0.0019757747650146484
268350,normal,462,0,1782361757.4012237,0.0019965171813964844
268351,normal,624,0,1782361757.4032638,0.0020401477813720703
268352,normal,1083,0,1782361757.4052925,0.0020287036895751953
268353,normal,2374,0,1782361757.4076362,0.0023436546325683594
268354,normal,1848,0,1782361757.409158,0.0015218257904052734
268355,normal,2905,0,1782361757.4112492,0.0020911693572998047
268356,normal,1552,0,1782361757.4132855,0.0020363330841064453
268357,normal,1884,0,1782361757.4152079,0.0019223690032958984
268358,normal,458,0,1782361757.417202,0.0019941329956054688
268359,normal,244,0,1782361757.4191988,0.001996755599975586
268360,normal,3196,1,1782361757.421236,0.0020372867584228516
268361,normal,1034,0,1782361757.42331,0.002074003219604492
268362,normal,3646,0,1782361757.4252434,0.0019333362579345703
268363,normal,1059,0,1782361757.427297,0.0020537376403808594
268364,normal,2476,0,1782361757.4294205,0.0021233558654785156
268365,normal,1057,0,1782361757.431425,0.0020046234130859375
268366,normal,1869,0,1782361757.4331825,0.0017573833465576172
268367,normal,2492,0,1782361757.435429,0.0022466182708740234
268368,normal,606,0,1782361757.437309,0.0018799304962158203
268369,normal,1685,0,1782361757.4392712,0.0019621849060058594
268370,normal,48,0,1782361757.4412045,0.0019333362579345703
268371,normal,1365,1,1782361757.4431968,0.0019922256469726562
268372,normal,3141,1,1782361757.4451957,0.0019989013671875
268373,normal,1005,2,1782361757.447299,0.0021033287048339844
268374,normal,1421,0,1782361757.449198,0.0018990039825439453
268375,normal,2033,0,1782361757.4512124,0.0020143985748291016
268376,normal,2765,0,1782361757.453211,0.0019986629486083984
268377,normal,3509,0,1782361757.4552352,0.0020241737365722656
268378,normal,3014,0,1782361757.4572203,0.0019850730895996094
268379,normal,2622,0,1782361757.4599807,0.0027604103088378906
268380,normal,2216,0,1782361757.4613569,0.0013761520385742188
268381,normal,3307,1,1782361757.4632664,0.001909494400024414
268382,normal,3466,0,1782361757.4652429,0.001976490020751953
268383,normal,759,0,1782361757.4672418,0.0019989013671875
268384,normal,3451,0,1782361757.46924,0.0019981861114501953
268385,normal,1657,0,1782361757.471427,0.002187013626098633
268386,normal,2108,0,1782361757.4731925,0.0017654895782470703
268387,normal,1395,0,1782361757.4752402,0.0020477771759033203
268388,normal,1781,0,1782361757.477238,0.001997709274291992
268389,normal,215,0,1782361757.4792507,0.0020127296447753906
268390,normal,2021,0,1782361757.481254,0.0020034313201904297
268391,normal,1564,0,1782361757.4833744,0.0021202564239501953
268392,normal,929,2,1782361757.4854481,0.0020737648010253906
268393,normal,2825,0,1782361757.4872553,0.0018072128295898438
268394,normal,978,2,1782361757.4893467,0.0020914077758789062
268395,normal,3474,0,1782361757.4914172,0.0020704269409179688
268396,normal,1171,0,1782361757.4932249,0.0018076896667480469
268397,normal,1700,0,1782361757.4954045,0.0021796226501464844
268398,normal,3001,0,1782361757.4975457,0.002141237258911133
268399,normal,451,0,1782361757.4993925,0.0018467903137207031
268400,normal,1950,0,1782361757.5012698,0.0018773078918457031
268401,normal,211,0,1782361757.5034225,0.002152681350708008
268402,normal,2536,0,1782361757.5054636,0.0020411014556884766
268403,normal,3288,1,1782361757.507297,0.0018334388732910156
268404,normal,1356,1,1782361757.5092428,0.0019457340240478516
268405,normal,55,0,1782361757.5112355,0.0019927024841308594
268406,normal,1859,0,1782361757.5133028,0.0020673274993896484
268407,normal,108,0,1782361757.5152676,0.0019648075103759766
268408,normal,2437,0,1782361757.5171716,0.0019040107727050781
268409,normal,1974,0,1782361757.5192337,0.002062082290649414
268410,normal,265,0,1782361757.5211747,0.0019409656524658203
268411,normal,1968,0,1782361757.5232172,0.002042531967163086
268412,normal,2592,0,1782361757.5252469,0.0020296573638916016
268413,normal,3513,0,1782361757.527255,0.002008199691772461
268414,normal,3505,0,1782361757.5291462,0.0018911361694335938
268415,normal,1877,0,1782361757.5312157,0.0020694732666015625
268416,normal,3308,1,1782361757.5331905,0.001974821090698242
268417,normal,3530,0,1782361757.5352044,0.0020139217376708984
268418,normal,1565,0,1782361757.5371954,0.0019910335540771484
268419,normal,807,2,1782361757.5391357,0.0019402503967285156
268420,normal,744,0,1782361757.5412507,0.002115011215209961
268421,normal,1499,0,1782361757.5431523,0.0019016265869140625
268422,normal,1119,0,1782361757.5452347,0.002082347869873047
268423,normal,748,0,1782361757.5472448,0.0020101070404052734
268424,normal,792,2,1782361757.5492516,0.0020067691802978516
268425,normal,1292,0,1782361757.5512536,0.0020020008087158203
268426,normal,1813,0,1782361757.5533237,0.002070188522338867
268427,normal,3332,1,1782361757.5552313,0.0019075870513916016
268428,normal,1512,0,1782361757.5572293,0.0019979476928710938
268429,normal,2615,0,1782361757.5592248,0.001995563507080078
268430,normal,2984,0,1782361757.561223,0.0019981861114501953
268431,normal,1030,0,1782361757.5632405,0.002017498016357422
268432,normal,2782,0,1782361757.5652678,0.002027273178100586
268433,normal,3224,1,1782361757.5673237,0.0020558834075927734
268434,normal,3579,0,1782361757.569346,0.002022266387939453
268435,normal,3574,0,1782361757.5712512,0.001905202865600586
268436,normal,2471,0,1782361757.5732446,0.001993417739868164
268437,normal,3086,1,1782361757.575287,0.002042531967163086
268438,normal,2095,0,1782361757.5772052,0.0019180774688720703
268439,normal,1152,0,1782361757.579198,0.0019927024841308594
268440,normal,2870,0,1782361757.5811987,0.0020008087158203125
268441,normal,155,0,1782361757.5832472,0.002048492431640625
268442,normal,2756,0,1782361757.5853064,0.0020592212677001953
268443,normal,1810,0,1782361757.5873196,0.0020132064819335938
268444,normal,607,0,1782361757.5893874,0.0020678043365478516
268445,normal,3555,0,1782361757.5913758,0.0019884109497070312
268446,normal,1872,0,1782361757.5933425,0.001966714859008789
268447,normal,96,0,1782361757.5953436,0.002001047134399414
268448,normal,702,0,1782361757.5974061,0.002062559127807617
268449,normal,1122,0,1782361757.5993347,0.001928567886352539
268450,normal,154,0,1782361757.6011949,0.0018601417541503906
268451,normal,3629,0,1782361757.6032016,0.0020067691802978516
268452,normal,2838,0,1782361757.6052072,0.0020055770874023438
268453,normal,221,0,1782361757.6071153,0.0019080638885498047
268454,normal,1180,0,1782361757.6094453,0.0023300647735595703
268455,normal,669,0,1782361757.611101,0.00165557861328125
268456,normal,3251,1,1782361757.6131568,0.0020558834075927734
268457,normal,2903,0,1782361757.6151426,0.001985788345336914
268458,normal,3619,0,1782361757.6171415,0.0019989013671875
268459,normal,2784,0,1782361757.6199481,0.0028066635131835938
268460,normal,1943,0,1782361757.621285,0.001336812973022461
268461,normal,2101,0,1782361757.6231902,0.001905202865600586
268462,normal,2093,0,1782361757.6251419,0.0019516944885253906
268463,normal,3312,1,1782361757.6271718,0.002029895782470703
268464,normal,1380,1,1782361757.6291642,0.001992464065551758
268465,normal,3597,0,1782361757.6312082,0.0020439624786376953
268466,normal,1390,0,1782361757.6331446,0.0019364356994628906
268467,normal,1360,1,1782361757.6351902,0.0020456314086914062
268468,normal,2660,0,1782361757.6372752,0.002084970474243164
268469,normal,568,0,1782361757.639292,0.002016782760620117
268470,normal,2491,0,1782361757.6412172,0.0019252300262451172
268471,normal,1429,0,1782361757.6434016,0.0021843910217285156
268472,normal,3420,0,1782361757.6452496,0.001847982406616211
268473,normal,267,0,1782361757.6474805,0.0022308826446533203
268474,normal,2692,0,1782361757.649212,0.0017313957214355469
268475,normal,1669,0,1782361757.6513574,0.002145528793334961
268476,normal,256,0,1782361757.6533782,0.0020208358764648438
268477,normal,2136,0,1782361757.6551747,0.0017964839935302734
268478,normal,1546,0,1782361757.657463,0.002288341522216797
268479,normal,1820,0,1782361757.6593595,0.0018963813781738281
268480,normal,885,2,1782361757.6612356,0.0018761157989501953
268481,normal,3085,1,1782361757.6634004,0.0021648406982421875
268482,normal,1258,0,1782361757.6654704,0.0020699501037597656
268483,normal,1942,0,1782361757.6673024,0.0018320083618164062
268484,normal,27,0,1782361757.6693494,0.0020470619201660156
268485,normal,1995,0,1782361757.671174,0.0018246173858642578
268486,normal,3488,0,1782361757.6732357,0.002061605453491211
268487,normal,1616,0,1782361757.6753037,0.002068042755126953
268488,normal,24,0,1782361757.6771922,0.0018885135650634766
268489,normal,2549,0,1782361757.6792457,0.002053499221801758
268490,normal,2772,0,1782361757.6813595,0.002113819122314453
268491,normal,2306,0,1782361757.6833208,0.001961231231689453
268492,normal,3100,1,1782361757.685294,0.0019731521606445312
268493,normal,651,0,1782361757.6873534,0.002059459686279297
268494,normal,226,0,1782361757.6893976,0.002044200897216797
268495,normal,532,0,1782361757.691244,0.0018463134765625
268496,normal,2163,0,1782361757.6934028,0.0021588802337646484
268497,normal,776,2,1782361757.695282,0.0018792152404785156
268498,normal,642,0,1782361757.69731,0.0020279884338378906
268499,normal,1000,2,1782361757.6992648,0.001954793930053711
268500,normal,2948,0,1782361757.7012217,0.001956939697265625
268501,normal,2517,0,1782361757.7031722,0.0019505023956298828
268502,normal,367,0,1782361757.705313,0.0021407604217529297
268503,normal,2645,0,1782361757.7072122,0.0018992424011230469
268504,normal,1901,0,1782361757.7092545,0.0020422935485839844
268505,normal,1479,0,1782361757.7112556,0.002001047134399414
268506,normal,2006,0,1782361757.713329,0.002073526382446289
268507,normal,1341,1,1782361757.7152848,0.001955747604370117
268508,normal,350,0,1782361757.7173376,0.002052783966064453
268509,normal,2726,0,1782361757.7192876,0.0019500255584716797
268510,normal,1469,0,1782361757.7213356,0.002048015594482422
268511,normal,1629,0,1782361757.72325,0.0019142627716064453
268512,normal,1075,0,1782361757.725378,0.002128124237060547
268513,normal,3477,0,1782361757.7272902,0.0019121170043945312
268514,normal,2296,0,1782361757.7294173,0.0021271705627441406
268515,normal,1008,2,1782361757.7313128,0.0018954277038574219
268516,normal,2420,0,1782361757.733279,0.001966238021850586
268517,normal,1977,0,1782361757.7353587,0.0020797252655029297
268518,normal,3286,1,1782361757.7381694,0.0028107166290283203
268519,normal,1815,0,1782361757.7395244,0.0013549327850341797
268520,normal,2261,0,1782361757.7413466,0.0018222332000732422
268521,normal,2321,0,1782361757.7432094,0.0018627643585205078
268522,normal,1161,0,1782361757.7453642,0.002154827117919922
268523,normal,701,0,1782361757.747249,0.0018846988677978516
268524,normal,3029,0,1782361757.7494037,0.002154827117919922
268525,normal,1760,0,1782361757.7512074,0.0018036365509033203
268526,normal,2079,0,1782361757.7534554,0.002248048782348633
268527,normal,457,0,1782361757.7554986,0.0020432472229003906
268528,normal,1073,0,1782361757.7575433,0.002044677734375
268529,normal,2304,0,1782361757.7595263,0.0019829273223876953
268530,normal,264,0,1782361757.7615132,0.001986980438232422
268531,normal,2004,0,1782361757.7632854,0.001772165298461914
268532,normal,1345,1,1782361757.7653508,0.002065420150756836
268533,normal,152,0,1782361757.767247,0.0018961429595947266
268534,normal,3230,1,1782361757.7693539,0.002106904983520508
268535,normal,771,0,1782361757.7713253,0.0019714832305908203
268536,normal,276,0,1782361757.7732675,0.0019421577453613281
268537,normal,827,2,1782361757.7753541,0.002086639404296875
268538,normal,1233,0,1782361757.7772446,0.001890420913696289
268539,normal,2860,0,1782361757.7793405,0.002095937728881836
268540,normal,3674,0,1782361757.781336,0.001995563507080078
268541,normal,2494,0,1782361757.7834492,0.0021131038665771484
268542,normal,519,0,1782361757.7855334,0.0020842552185058594
268543,normal,762,0,1782361757.7873173,0.0017838478088378906
268544,normal,1383,0,1782361757.7895024,0.0021851062774658203
268545,normal,100,0,1782361757.7911887,0.0016863346099853516
268546,normal,1308,0,1782361757.7933629,0.0021741390228271484
268547,normal,1434,0,1782361757.79527,0.0019071102142333984
268548,normal,2762,0,1782361757.7973607,0.0020906925201416016
268549,normal,2240,0,1782361757.7995634,0.002202749252319336
268550,normal,1772,0,1782361757.8014057,0.0018422603607177734
268551,normal,1992,0,1782361757.8031633,0.0017576217651367188
268552,normal,3297,1,1782361757.8053458,0.002182483673095703
268553,normal,527,0,1782361757.8074424,0.0020966529846191406
268554,normal,38,0,1782361757.8093112,0.0018687248229980469
268555,normal,1478,0,1782361757.8112633,0.0019521713256835938
268556,normal,1716,0,1782361757.8133516,0.002088308334350586
268557,normal,658,0,1782361757.8153093,0.0019576549530029297
268558,normal,878,2,1782361757.8172865,0.001977205276489258
268559,normal,3316,1,1782361757.8193858,0.002099275588989258
268560,normal,460,0,1782361757.8212843,0.0018985271453857422
268561,normal,3271,1,1782361757.8237333,0.00244903564453125
268562,normal,738,0,1782361757.8253906,0.001657247543334961
268563,normal,2605,0,1782361757.8273351,0.0019445419311523438
268564,normal,3222,1,1782361757.8294318,0.0020966529846191406
268565,normal,1327,1,1782361757.8314075,0.0019757747650146484
268566,normal,909,2,1782361757.833171,0.0017633438110351562
268567,normal,1137,0,1782361757.8353393,0.002168416976928711
268568,normal,930,2,1782361757.8372953,0.0019559860229492188
268569,normal,235,0,1782361757.8394322,0.0021369457244873047
268570,normal,1718,0,1782361757.8413575,0.0019252300262451172
268571,normal,1987,0,1782361757.8433878,0.0020303726196289062
268572,normal,2568,0,1782361757.845511,0.002123117446899414
268573,normal,2778,0,1782361757.8471713,0.0016603469848632812
268574,normal,3423,0,1782361757.8493445,0.002173185348510742
268575,normal,547,0,1782361757.8518586,0.0025141239166259766
268576,normal,1572,0,1782361757.8533914,0.0015327930450439453
268577,normal,3231,1,1782361757.8554785,0.002087116241455078
268578,normal,3678,0,1782361757.8572516,0.0017731189727783203
268579,normal,51,0,1782361757.8593204,0.002068758010864258
268580,normal,816,2,1782361757.8613455,0.002025127410888672
268581,normal,2889,0,1782361757.8635113,0.0021657943725585938
268582,normal,3311,1,1782361757.865466,0.001954793930053711
268583,normal,2331,0,1782361757.8672462,0.0017800331115722656
268584,normal,2131,0,1782361757.8693273,0.002081155776977539
268585,normal,3083,1,1782361757.8712795,0.0019521713256835938
268586,normal,191,0,1782361757.8733466,0.002067089080810547
268587,normal,940,2,1782361757.8752916,0.0019450187683105469
268588,normal,437,0,1782361757.877361,0.0020694732666015625
268589,normal,944,2,1782361757.8792617,0.0019006729125976562
268590,normal,683,0,1782361757.88146,0.0021982192993164062
268591,normal,1866,0,1782361757.883174,0.0017139911651611328
268592,normal,1893,0,1782361757.8853405,0.0021665096282958984
268593,normal,3210,1,1782361757.8872888,0.0019483566284179688
268594,normal,1401,0,1782361757.8893375,0.0020487308502197266
268595,normal,508,0,1782361757.8912416,0.0019040107727050781
268596,normal,1748,0,1782361757.8933337,0.002092123031616211
268597,normal,2781,0,1782361757.8952882,0.0019545555114746094
268598,normal,3125,1,1782361757.8976464,0.0023581981658935547
268599,normal,1577,0,1782361757.8992174,0.0015709400177001953
268600,normal,2910,0,1782361757.9013643,0.0021469593048095703
268601,normal,3661,0,1782361757.903317,0.0019526481628417969
268602,normal,574,0,1782361757.905329,0.002012014389038086
268603,normal,2144,0,1782361757.9072301,0.0019011497497558594
268604,normal,2310,0,1782361757.9093158,0.0020856857299804688
268605,normal,2862,0,1782361757.9112477,0.001931905746459961
268606,normal,2521,0,1782361757.9134545,0.0022068023681640625
268607,normal,842,2,1782361757.915285,0.0018305778503417969
268608,normal,285,0,1782361757.917452,0.0021669864654541016
268609,normal,1613,0,1782361757.9194005,0.0019483566284179688
268610,normal,1043,0,1782361757.9214864,0.0020859241485595703
268611,normal,1415,0,1782361757.9233031,0.0018167495727539062
268612,normal,3033,0,1782361757.9252405,0.0019373893737792969
268613,normal,1392,0,1782361757.9272459,0.002005338668823242
268614,normal,3151,1,1782361757.9291239,0.0018780231475830078
268615,normal,1269,0,1782361757.9311235,0.0019996166229248047
268616,normal,992,2,1782361757.9332478,0.002124309539794922
268617,normal,1443,0,1782361757.9351234,0.0018756389617919922
268618,normal,3042,0,1782361757.9373283,0.00220489501953125
268619,normal,2169,0,1782361757.9391553,0.0018270015716552734
268620,normal,199,0,1782361757.9412236,0.0020682811737060547
268621,normal,3387,1,1782361757.9431288,0.001905202865600586
268622,normal,2322,0,1782361757.9453316,0.002202749252319336
268623,normal,2916,0,1782361757.9475884,0.0022568702697753906
268624,normal,1598,0,1782361757.9495943,0.0020058155059814453
268625,normal,1194,0,1782361757.9513366,0.0017423629760742188
268626,normal,2031,0,1782361757.953352,0.002015352249145508
268627,normal,2944,0,1782361757.9552512,0.0018992424011230469
268628,normal,2035,0,1782361757.9573874,0.00213623046875
268629,normal,2952,0,1782361757.9593904,0.0020029544830322266
268630,normal,1758,0,1782361757.9615226,0.0021321773529052734
268631,normal,2211,0,1782361757.9634438,0.0019211769104003906
268632,normal,3021,0,1782361757.9653575,0.0019137859344482422
268633,normal,1257,0,1782361757.9672704,0.001912832260131836
268634,normal,2219,0,1782361757.9692745,0.0020041465759277344
268635,normal,1216,0,1782361757.9713974,0.0021228790283203125
268636,normal,1838,0,1782361757.973316,0.0019185543060302734
268637,normal,2667,0,1782361757.9754665,0.0021505355834960938
268638,normal,2907,0,1782361757.9772458,0.001779317855834961
268639,normal,1452,0,1782361757.9793484,0.0021026134490966797
268640,normal,2811,0,1782361757.9813757,0.002027273178100586
268641,normal,32,0,1782361757.9833124,0.0019366741180419922
268642,normal,2023,0,1782361757.9855628,0.0022504329681396484
268643,normal,561,0,1782361757.9874136,0.0018508434295654297
268644,normal,928,2,1782361757.9893258,0.0019121170043945312
268645,normal,2809,0,1782361757.9914277,0.002101898193359375
268646,normal,3055,1,1782361757.9935682,0.002140522003173828
268647,normal,3480,0,1782361757.9952202,0.0016520023345947266
268648,normal,1209,0,1782361757.9973814,0.002161264419555664
268649,normal,1676,0,1782361757.9992566,0.001875162124633789
268650,normal,203,0,1782361758.0013561,0.0020995140075683594
268651,normal,341,0,1782361758.0032809,0.001924753189086914
268652,normal,3413,0,1782361758.0053895,0.0021085739135742188
268653,normal,1829,0,1782361758.0073192,0.0019297599792480469
268654,normal,2780,0,1782361758.0092719,0.0019526481628417969
268655,normal,1384,0,1782361758.0113854,0.0021135807037353516
268656,normal,852,2,1782361758.013351,0.0019655227661132812
268657,normal,248,0,1782361758.015341,0.001990079879760742
268658,normal,1939,0,1782361758.0174696,0.00212860107421875
268659,normal,3700,0,1782361758.0191948,0.0017251968383789062
268660,normal,3247,1,1782361758.0214264,0.002231597900390625
268661,normal,2443,0,1782361758.0233457,0.0019192695617675781
268662,normal,3404,0,1782361758.025279,0.0019333362579345703
268663,normal,1388,0,1782361758.0273666,0.0020875930786132812
268664,normal,2383,0,1782361758.0292633,0.0018966197967529297
268665,normal,623,0,1782361758.0313416,0.0020782947540283203
268666,normal,2694,0,1782361758.033285,0.001943349838256836
268667,normal,2364,0,1782361758.0354125,0.0021276473999023438
268668,normal,3524,0,1782361758.0373383,0.0019257068634033203
268669,normal,3667,0,1782361758.0392847,0.0019464492797851562
268670,normal,704,0,1782361758.04141,0.002125263214111328
268671,normal,2234,0,1782361758.043477,0.002067089080810547
268672,normal,1129,0,1782361758.0452542,0.0017771720886230469
268673,normal,1334,1,1782361758.0472693,0.0020151138305664062
268674,normal,723,0,1782361758.049228,0.001958608627319336
268675,normal,1393,0,1782361758.0512745,0.0020465850830078125
268676,normal,2315,0,1782361758.0532725,0.0019979476928710938
268677,normal,335,0,1782361758.0553846,0.002112150192260742
268678,normal,2090,0,1782361758.05727,0.0018854141235351562
268679,normal,660,0,1782361758.0593083,0.002038240432739258
268680,normal,281,0,1782361758.0614736,0.0021653175354003906
268681,normal,1185,0,1782361758.0634353,0.0019617080688476562
268682,normal,1982,0,1782361758.065289,0.0018537044525146484
268683,normal,3291,1,1782361758.06741,0.0021209716796875
268684,normal,597,0,1782361758.0693097,0.00189971923828125
268685,normal,1966,0,1782361758.07126,0.0019502639770507812
268686,normal,3173,1,1782361758.0733922,0.0021321773529052734
268687,normal,2897,0,1782361758.075257,0.0018649101257324219
268688,normal,3343,1,1782361758.0772612,0.0020041465759277344
268689,normal,3623,0,1782361758.079412,0.0021507740020751953
268690,normal,2796,0,1782361758.0813308,0.001918792724609375
268691,normal,2648,0,1782361758.0833442,0.0020134449005126953
268692,normal,3437,0,1782361758.0855305,0.002186298370361328
268693,normal,1048,0,1782361758.0873067,0.0017762184143066406
268694,normal,1306,0,1782361758.0894308,0.0021240711212158203
268695,normal,2354,0,1782361758.0912483,0.001817464828491211
268696,normal,3337,1,1782361758.093415,0.002166748046875
268697,normal,3215,1,1782361758.0954034,0.0019884109497070312
268698,normal,2071,0,1782361758.0972087,0.0018053054809570312
268699,normal,1379,1,1782361758.099221,0.0020122528076171875
268700,normal,2269,0,1782361758.1012123,0.00199127197265625
268701,normal,3416,0,1782361758.103286,0.0020737648010253906
268702,normal,845,2,1782361758.1054456,0.002159595489501953
268703,normal,582,0,1782361758.1072228,0.0017771720886230469
268704,normal,2506,0,1782361758.109268,0.002045154571533203
268705,normal,3069,1,1782361758.1112068,0.0019388198852539062
268706,normal,132,0,1782361758.1132183,0.002011537551879883
268707,normal,3407,0,1782361758.1154604,0.0022420883178710938
268708,normal,681,0,1782361758.1175587,0.0020983219146728516
268709,normal,3658,0,1782361758.1192863,0.0017275810241699219
268710,normal,2547,0,1782361758.121303,0.002016782760620117
268711,normal,760,0,1782361758.123221,0.0019178390502929688
268712,normal,3226,1,1782361758.1252272,0.0020062923431396484
268713,normal,2018,0,1782361758.1273024,0.0020751953125
268714,normal,1316,0,1782361758.1293335,0.002031087875366211
268715,normal,2229,0,1782361758.131269,0.0019354820251464844
268716,normal,957,2,1782361758.133398,0.002129077911376953
268717,normal,1297,0,1782361758.135256,0.0018579959869384766
268718,normal,1728,0,1782361758.1372683,0.0020122528076171875
268719,normal,1741,0,1782361758.1393955,0.0021271705627441406
268720,normal,1924,0,1782361758.141285,0.0018894672393798828
268721,normal,435,0,1782361758.1432939,0.0020089149475097656
268722,normal,2599,0,1782361758.1453557,0.0020618438720703125
268723,normal,3635,0,1782361758.1473415,0.001985788345336914
268724,normal,2148,0,1782361758.1493459,0.002004384994506836
268725,normal,1800,0,1782361758.1513107,0.0019648075103759766
268726,normal,1807,0,1782361758.1533353,0.0020246505737304688
268727,normal,2164,0,1782361758.155345,0.0020096302032470703
268728,normal,3550,0,1782361758.1574507,0.002105712890625
268729,normal,3375,1,1782361758.1593595,0.0019087791442871094
268730,normal,1148,0,1782361758.161404,0.0020444393157958984
268731,normal,1822,0,1782361758.1631498,0.0017459392547607422
268732,normal,3381,1,1782361758.1653323,0.002182483673095703
268733,normal,638,0,1782361758.1674101,0.002077817916870117
268734,normal,3398,1,1782361758.1692257,0.0018155574798583984
268735,normal,222,0,1782361758.1712215,0.0019958019256591797
268736,normal,1649,0,1782361758.1732218,0.0020003318786621094
268737,normal,1624,0,1782361758.1752777,0.0020558834075927734
268738,normal,2001,0,1782361758.1772351,0.001957416534423828
268739,normal,608,0,1782361758.17923,0.0019948482513427734
268740,normal,1181,0,1782361758.1812763,0.002046346664428711
268741,normal,896,2,1782361758.1832185,0.0019421577453613281
268742,normal,2576,0,1782361758.1852474,0.002028942108154297
268743,normal,79,0,1782361758.1873257,0.0020782947540283203
268744,normal,1792,0,1782361758.1893141,0.0019884109497070312
268745,normal,3089,1,1782361758.1912847,0.001970529556274414
268746,normal,3371,1,1782361758.1932888,0.0020041465759277344
268747,normal,70,0,1782361758.195271,0.0019822120666503906
268748,normal,783,2,1782361758.1973164,0.0020453929901123047
268749,normal,2877,0,1782361758.1993375,0.0020210742950439453
268750,normal,888,2,1782361758.201168,0.0018305778503417969
268751,normal,2550,0,1782361758.2032852,0.002117156982421875
268752,normal,2574,0,1782361758.2052846,0.001999378204345703
268753,normal,3099,1,1782361758.2072506,0.0019659996032714844
268754,normal,2015,0,1782361758.209245,0.0019943714141845703
268755,normal,308,0,1782361758.2112582,0.0020132064819335938
268756,normal,1739,0,1782361758.2132518,0.0019936561584472656
268757,normal,30,0,1782361758.2152581,0.0020062923431396484
268758,normal,2449,0,1782361758.2173653,0.0021071434020996094
268759,normal,3696,0,1782361758.2191472,0.0017819404602050781
268760,normal,2367,0,1782361758.2212784,0.002131223678588867
268761,normal,388,0,1782361758.223299,0.002020597457885742
268762,normal,2273,0,1782361758.22523,0.0019309520721435547
268763,normal,1621,0,1782361758.2272294,0.001999378204345703
268764,normal,801,2,1782361758.2293334,0.002104043960571289
268765,normal,1808,0,1782361758.2312818,0.0019483566284179688
268766,normal,318,0,1782361758.2332904,0.002008676528930664
268767,normal,1037,0,1782361758.235367,0.0020766258239746094
268768,normal,1275,0,1782361758.2371807,0.001813650131225586
268769,normal,2674,0,1782361758.2392457,0.002064943313598633
268770,normal,674,0,1782361758.241296,0.0020503997802734375
268771,normal,2827,0,1782361758.2432754,0.001979351043701172
268772,normal,1262,0,1782361758.2452257,0.0019502639770507812
268773,normal,2316,0,1782361758.2472966,0.002070903778076172
268774,normal,1346,1,1782361758.249225,0.0019283294677734375
268775,normal,126,0,1782361758.251228,0.002003192901611328
268776,normal,363,0,1782361758.2534769,0.0022487640380859375
268777,normal,3303,1,1782361758.2552075,0.0017306804656982422
268778,normal,1013,2,1782361758.2573376,0.0021300315856933594
268779,normal,504,0,1782361758.2595356,0.0021979808807373047
268780,normal,615,0,1782361758.2613091,0.0017735958099365234
268781,normal,1254,0,1782361758.2634149,0.002105712890625
268782,normal,664,0,1782361758.265367,0.0019521713256835938
268783,normal,739,0,1782361758.267425,0.0020580291748046875
268784,normal,1767,0,1782361758.2692754,0.0018503665924072266
268785,normal,2396,0,1782361758.271362,0.002086639404296875
268786,normal,3585,0,1782361758.2732565,0.0018944740295410156
268787,normal,378,0,1782361758.2752573,0.0020008087158203125
268788,normal,755,0,1782361758.2774606,0.002203226089477539
268789,normal,3194,1,1782361758.2792697,0.0018091201782226562
268790,normal,3508,0,1782361758.2812536,0.0019838809967041016
268791,normal,1874,0,1782361758.2833536,0.0020999908447265625
268792,normal,1562,0,1782361758.2852645,0.0019109249114990234
268793,normal,560,0,1782361758.2872775,0.002012968063354492
268794,normal,724,0,1782361758.289606,0.002328634262084961
268795,normal,459,0,1782361758.2914238,0.0018177032470703125
268796,normal,714,0,1782361758.293359,0.0019352436065673828
268797,normal,2373,0,1782361758.2953157,0.0019567012786865234
268798,normal,959,2,1782361758.2972772,0.0019614696502685547
268799,normal,1965,0,1782361758.2993872,0.002110004425048828
268800,normal,2199,0,1782361758.301311,0.0019237995147705078
268801,normal,3626,0,1782361758.3032758,0.0019648075103759766
268802,normal,314,0,1782361758.3056378,0.0023620128631591797
268803,normal,3057,1,1782361758.3072493,0.001611471176147461
268804,normal,3443,0,1782361758.3093586,0.0021092891693115234
268805,normal,86,0,1782361758.311262,0.0019032955169677734
268806,normal,3315,1,1782361758.3133955,0.002133607864379883
268807,normal,2803,0,1782361758.3152812,0.0018856525421142578
268808,normal,1204,0,1782361758.3173945,0.00211334228515625
268809,normal,2212,0,1782361758.3192966,0.0019021034240722656
268810,normal,3309,1,1782361758.3213913,0.002094745635986328
268811,normal,980,2,1782361758.323284,0.0018925666809082031
268812,normal,673,0,1782361758.3253214,0.002037525177001953
268813,normal,3170,1,1782361758.3272684,0.0019469261169433594
268814,normal,2814,0,1782361758.32947,0.002201557159423828
268815,normal,1738,0,1782361758.3314006,0.0019307136535644531
268816,normal,1105,0,1782361758.333397,0.001996278762817383
268817,normal,2739,0,1782361758.3353603,0.001963376998901367
268818,normal,2511,0,1782361758.3373468,0.0019865036010742188
268819,normal,3428,0,1782361758.3400812,0.0027344226837158203
268820,normal,2875,0,1782361758.3412905,0.001209259033203125
268821,normal,3304,1,1782361758.3433416,0.002051115036010742
268822,normal,2500,0,1782361758.3452735,0.001931905746459961
268823,normal,461,0,1782361758.347516,0.002242565155029297
268824,normal,2866,0,1782361758.3493464,0.0018303394317626953
268825,normal,2983,0,1782361758.351359,0.002012491226196289
268826,normal,2236,0,1782361758.3535333,0.00217437744140625
268827,normal,347,0,1782361758.3553026,0.0017693042755126953
268828,normal,588,0,1782361758.357259,0.001956462860107422
268829,normal,617,0,1782361758.359279,0.0020198822021484375
268830,normal,3543,0,1782361758.3615124,0.0022335052490234375
268831,normal,1737,0,1782361758.3633268,0.0018143653869628906
268832,normal,1882,0,1782361758.3655128,0.0021860599517822266
268833,normal,741,0,1782361758.3671904,0.0016775131225585938
268834,normal,3493,0,1782361758.3693192,0.0021288394927978516
268835,normal,1998,0,1782361758.3712296,0.0019104480743408203
268836,normal,2654,0,1782361758.3733556,0.002125978469848633
268837,normal,2088,0,1782361758.3757436,0.00238800048828125
268838,normal,2535,0,1782361758.3771343,0.001390695571899414
268839,normal,1249,0,1782361758.3792858,0.0021514892578125
268840,normal,1735,0,1782361758.3811789,0.0018930435180664062
268841,normal,2069,0,1782361758.3832848,0.0021059513092041016
268842,normal,2878,0,1782361758.3851705,0.0018856525421142578
268843,normal,415,0,1782361758.3872788,0.002108335494995117
268844,normal,3118,1,1782361758.389277,0.0019981861114501953
268845,normal,629,0,1782361758.391167,0.001889944076538086
268846,normal,3669,0,1782361758.39329,0.002123117446899414
268847,normal,666,0,1782361758.3951917,0.0019016265869140625
268848,normal,735,0,1782361758.3971474,0.001955747604370117
268849,normal,2610,0,1782361758.3991232,0.0019757747650146484
268850,normal,247,0,1782361758.401127,0.002003908157348633
268851,normal,2425,0,1782361758.4031167,0.001989603042602539
268852,normal,2546,0,1782361758.4051197,0.0020029544830322266
268853,normal,3213,1,1782361758.4071596,0.0020399093627929688
268854,normal,413,0,1782361758.4091778,0.0020182132720947266
268855,normal,2747,0,1782361758.411543,0.0023651123046875
268856,normal,3072,1,1782361758.4131851,0.0016422271728515625
268857,normal,3171,1,1782361758.4151337,0.0019485950469970703
268858,normal,1857,0,1782361758.4171515,0.0020177364349365234
268859,normal,2111,0,1782361758.4191515,0.002000093460083008
268860,normal,2301,0,1782361758.421101,0.0019495487213134766
268861,normal,1311,0,1782361758.423093,0.0019919872283935547
268862,normal,1307,0,1782361758.4251041,0.0020110607147216797
268863,normal,2749,0,1782361758.4271462,0.002042055130004883
268864,normal,684,0,1782361758.429202,0.0020558834075927734
268865,normal,125,0,1782361758.4311426,0.0019404888153076172
268866,normal,387,0,1782361758.4331899,0.002047300338745117
268867,normal,3005,0,1782361758.4352827,0.0020928382873535156
268868,normal,2516,0,1782361758.4375198,0.002237081527709961
268869,normal,2467,0,1782361758.4391499,0.0016300678253173828
268870,normal,1227,0,1782361758.441194,0.002044200897216797
268871,normal,2621,0,1782361758.4432592,0.0020651817321777344
268872,normal,3531,0,1782361758.4452486,0.0019893646240234375
268873,normal,935,2,1782361758.4471004,0.001851797103881836
268874,normal,1941,0,1782361758.4490938,0.001993417739868164
268875,normal,2313,0,1782361758.4510949,0.002001047134399414
268876,normal,700,0,1782361758.4530966,0.0020017623901367188
268877,normal,916,2,1782361758.4552202,0.002123594284057617
268878,normal,3460,0,1782361758.4571505,0.00193023681640625
268879,normal,3652,0,1782361758.4590979,0.0019474029541015625
268880,normal,2106,0,1782361758.4610944,0.0019965171813964844
268881,normal,3442,0,1782361758.463101,0.00200653076171875
268882,normal,1410,0,1782361758.4650931,0.0019922256469726562
268883,normal,2026,0,1782361758.4678247,0.0027315616607666016
268884,normal,1686,0,1782361758.469211,0.001386404037475586
268885,normal,411,0,1782361758.471144,0.0019328594207763672
268886,normal,1272,0,1782361758.4732451,0.0021011829376220703
268887,normal,2370,0,1782361758.4752414,0.001996278762817383
268888,normal,742,0,1782361758.4771564,0.00191497802734375
268889,normal,1751,0,1782361758.4792385,0.0020821094512939453
268890,normal,1580,0,1782361758.4812624,0.002023935317993164
268891,normal,2495,0,1782361758.4831178,0.0018553733825683594
268892,normal,817,2,1782361758.485135,0.0020172595977783203
268893,normal,162,0,1782361758.4871228,0.0019876956939697266
268894,normal,25,0,1782361758.4891334,0.0020105838775634766
268895,normal,485,0,1782361758.4911687,0.002035379409790039
268896,normal,2928,0,1782361758.4931355,0.001966714859008789
268897,normal,2121,0,1782361758.495409,0.0022735595703125
268898,normal,3084,1,1782361758.497285,0.0018758773803710938
268899,normal,3615,0,1782361758.499268,0.001983165740966797
268900,normal,3701,0,1782361758.501242,0.001973867416381836
268901,normal,3434,0,1782361758.5032718,0.002029895782470703
268902,normal,3150,1,1782361758.5054898,0.002218008041381836
268903,normal,121,0,1782361758.5072856,0.0017957687377929688
268904,normal,2468,0,1782361758.509305,0.0020194053649902344
268905,normal,1114,0,1782361758.5111566,0.0018515586853027344
268906,normal,531,0,1782361758.5132377,0.002081155776977539
268907,normal,9,0,1782361758.5153112,0.002073526382446289
268908,normal,489,0,1782361758.5171497,0.0018384456634521484
268909,normal,261,0,1782361758.519109,0.0019593238830566406
268910,normal,1052,0,1782361758.5211082,0.0019991397857666016
268911,normal,2651,0,1782361758.5231345,0.0020263195037841797
268912,normal,3430,0,1782361758.5251374,0.0020029544830322266
268913,normal,1790,0,1782361758.5271323,0.0019948482513427734
268914,normal,2352,0,1782361758.529121,0.001988649368286133
268915,normal,2282,0,1782361758.5311127,0.001991748809814453
268916,normal,1507,0,1782361758.5331526,0.0020399093627929688
268917,normal,2861,0,1782361758.5351627,0.0020101070404052734
268918,normal,454,0,1782361758.5372002,0.002037525177001953
268919,normal,398,0,1782361758.5392158,0.0020155906677246094
268920,normal,1489,0,1782361758.5411513,0.0019354820251464844
268921,normal,3596,0,1782361758.5431747,0.002023458480834961
268922,normal,158,0,1782361758.5451741,0.001999378204345703
268923,normal,1100,0,1782361758.5471983,0.0020241737365722656
268924,normal,1954,0,1782361758.5492105,0.0020122528076171875
268925,normal,2077,0,1782361758.5511181,0.0019075870513916016
268926,normal,2176,0,1782361758.5531547,0.002036571502685547
268927,normal,349,0,1782361758.5551345,0.001979827880859375
268928,normal,1687,0,1782361758.557127,0.001992464065551758
268929,normal,2062,0,1782361758.559127,0.002000093460083008
268930,normal,3403,0,1782361758.5611303,0.002003192901611328
268931,normal,1534,0,1782361758.5631478,0.002017498016357422
268932,normal,931,2,1782361758.5651765,0.0020287036895751953
268933,normal,1078,0,1782361758.5672097,0.002033233642578125
268934,normal,2664,0,1782361758.569125,0.0019152164459228516
268935,normal,3621,0,1782361758.571122,0.0019969940185546875
268936,normal,37,0,1782361758.5731196,0.001997709274291992
268937,normal,436,0,1782361758.575118,0.001998424530029297
268938,normal,1602,0,1782361758.5771348,0.002016782760620117
268939,normal,1235,0,1782361758.5791123,0.0019774436950683594
268940,normal,1763,0,1782361758.5811903,0.0020780563354492188
268941,normal,157,0,1782361758.583195,0.0020046234130859375
268942,normal,1206,0,1782361758.5852027,0.002007722854614258
268943,normal,824,2,1782361758.587143,0.0019402503967285156
268944,normal,1236,0,1782361758.589146,0.0020029544830322266
268945,normal,2439,0,1782361758.5913186,0.002172708511352539
268946,normal,3119,1,1782361758.593251,0.001932382583618164
268947,normal,2431,0,1782361758.595131,0.0018799304962158203
268948,normal,2161,0,1782361758.5972457,0.0021147727966308594
268949,normal,1537,0,1782361758.599263,0.0020172595977783203
268950,normal,1502,0,1782361758.6012096,0.0019466876983642578
268951,normal,1289,0,1782361758.6032872,0.0020775794982910156
268952,normal,2119,0,1782361758.605324,0.0020368099212646484
268953,normal,1949,0,1782361758.6072721,0.0019481182098388672
268954,normal,2196,0,1782361758.6092405,0.0019683837890625
268955,normal,2393,0,1782361758.611347,0.0021064281463623047
268956,normal,1419,0,1782361758.6132228,0.0018758773803710938
268957,normal,3625,0,1782361758.6154113,0.002188444137573242
268958,normal,580,0,1782361758.6172707,0.001859426498413086
268959,normal,2512,0,1782361758.619141,0.0018703937530517578
268960,normal,1112,0,1782361758.6212459,0.0021047592163085938
268961,normal,2365,0,1782361758.6232417,0.0019958019256591797
268962,normal,2743,0,1782361758.6251287,0.0018870830535888672
268963,normal,3677,0,1782361758.6273866,0.002257823944091797
268964,normal,2356,0,1782361758.6291263,0.0017397403717041016
268965,normal,2807,0,1782361758.6312423,0.002115964889526367
268966,normal,3116,1,1782361758.6331282,0.0018858909606933594
268967,normal,874,2,1782361758.6352444,0.0021162033081054688
268968,normal,2,0,1782361758.6377923,0.0025479793548583984
268969,normal,677,0,1782361758.6394134,0.0016210079193115234
268970,normal,3287,1,1782361758.641169,0.0017557144165039062
268971,normal,3022,0,1782361758.6432521,0.0020830631256103516
268972,normal,2909,0,1782361758.6451426,0.001890420913696289
268973,normal,2755,0,1782361758.6472607,0.0021181106567382812
268974,normal,476,0,1782361758.6491883,0.0019276142120361328
268975,normal,338,0,1782361758.651284,0.0020956993103027344
268976,normal,1295,0,1782361758.6532536,0.001969575881958008
268977,normal,530,0,1782361758.655147,0.0018935203552246094
268978,normal,2424,0,1782361758.657247,0.0020999908447265625
268979,normal,3142,1,1782361758.6592677,0.002020597457885742
268980,normal,3183,1,1782361758.6611617,0.0018939971923828125
268981,normal,1816,0,1782361758.6632743,0.0021126270294189453
268982,normal,528,0,1782361758.6654532,0.0021789073944091797
268983,normal,2063,0,1782361758.6674914,0.002038240432739258
268984,normal,2748,0,1782361758.6692102,0.001718759536743164
268985,normal,174,0,1782361758.6713405,0.002130270004272461
268986,normal,3013,0,1782361758.6732697,0.0019292831420898438
268987,normal,2089,0,1782361758.6752245,0.001954793930053711
268988,normal,2152,0,1782361758.6772704,0.002045869827270508
268989,normal,2287,0,1782361758.679439,0.0021686553955078125
268990,normal,3537,0,1782361758.6812994,0.0018603801727294922
268991,normal,2769,0,1782361758.6833386,0.002039194107055664
268992,normal,173,0,1782361758.6853294,0.001990795135498047
268993,normal,3526,0,1782361758.6874025,0.002073049545288086
268994,normal,1408,0,1782361758.6893172,0.0019147396087646484
268995,normal,1504,0,1782361758.691153,0.0018358230590820312
268996,normal,114,0,1782361758.6933641,0.0022110939025878906
268997,normal,2859,0,1782361758.695138,0.001773834228515625
268998,normal,1823,0,1782361758.6972845,0.002146482467651367
268999,normal,2078,0,1782361758.6991565,0.0018720626831054688
269000,normal,3649,0,1782361758.701262,0.0021054744720458984
269001,normal,3162,1,1782361758.7031436,0.0018815994262695312
269002,normal,23,0,1782361758.7051332,0.001989603042602539
269003,normal,2279,0,1782361758.7072196,0.0020864009857177734
269004,normal,1961,0,1782361758.7092848,0.0020651817321777344
269005,normal,2408,0,1782361758.7113492,0.0020644664764404297
269006,normal,1917,0,1782361758.7133965,0.002047300338745117
269007,normal,1102,0,1782361758.715289,0.0018925666809082031
269008,normal,3457,0,1782361758.7173092,0.002020120620727539
269009,normal,1742,0,1782361758.7191925,0.0018832683563232422
269010,normal,3610,0,1782361758.721299,0.0021064281463623047
269011,normal,1978,0,1782361758.723265,0.0019659996032714844
269012,normal,812,2,1782361758.7252586,0.0019936561584472656
269013,normal,594,0,1782361758.7272718,0.0020132064819335938
269014,normal,2461,0,1782361758.7294002,0.0021283626556396484
269015,normal,3520,0,1782361758.731277,0.0018768310546875
269016,normal,2598,0,1782361758.7333922,0.0021152496337890625
269017,normal,2723,0,1782361758.7352872,0.0018949508666992188
269018,normal,2715,0,1782361758.737419,0.0021317005157470703
269019,normal,1151,0,1782361758.7394722,0.0020532608032226562
269020,normal,1913,0,1782361758.7412078,0.001735687255859375
269021,normal,2693,0,1782361758.7433655,0.0021576881408691406
269022,normal,1261,0,1782361758.7453082,0.0019426345825195312
269023,normal,1691,0,1782361758.7472675,0.0019593238830566406
269024,normal,1733,0,1782361758.7493916,0.0021240711212158203
269025,normal,1593,0,1782361758.7513008,0.0019092559814453125
269026,normal,373,0,1782361758.7532966,0.0019958019256591797
269027,normal,1679,0,1782361758.7554412,0.0021445751190185547
269028,normal,2975,0,1782361758.7573977,0.001956462860107422
269029,normal,1827,0,1782361758.7593238,0.0019261837005615234
269030,normal,61,0,1782361758.7613919,0.002068042755126953
269031,normal,3333,1,1782361758.7632995,0.0019075870513916016
269032,normal,893,2,1782361758.7652779,0.0019783973693847656
269033,normal,2559,0,1782361758.767413,0.002135038375854492
269034,normal,3698,0,1782361758.7692692,0.0018563270568847656
269035,normal,2350,0,1782361758.7713597,0.0020904541015625
269036,normal,1703,0,1782361758.77336,0.0020003318786621094
269037,normal,1294,0,1782361758.7753966,0.002036571502685547
269038,normal,3439,0,1782361758.777251,0.0018544197082519531
269039,normal,1971,0,1782361758.779417,0.0021660327911376953
269040,normal,2208,0,1782361758.781412,0.0019948482513427734
269041,normal,3105,1,1782361758.7834196,0.002007722854614258
269042,normal,1331,1,1782361758.7855349,0.0021152496337890625
269043,normal,919,2,1782361758.7872996,0.0017647743225097656
269044,normal,496,0,1782361758.789463,0.002163410186767578
269045,normal,2955,0,1782361758.7913966,0.0019335746765136719
269046,normal,2572,0,1782361758.7931678,0.0017712116241455078
269047,normal,2184,0,1782361758.7953646,0.002196788787841797
269048,normal,1896,0,1782361758.7973561,0.0019915103912353516
269049,normal,2589,0,1782361758.799298,0.0019419193267822266
269050,normal,600,0,1782361758.8013406,0.002042531967163086
269051,normal,815,2,1782361758.8033526,0.002012014389038086
269052,normal,2992,0,1782361758.8052528,0.0019001960754394531
269053,normal,2202,0,1782361758.8073492,0.002096414566040039
269054,normal,2436,0,1782361758.809362,0.0020127296447753906
269055,normal,1267,0,1782361758.811267,0.0019049644470214844
269056,normal,181,0,1782361758.8135138,0.002246856689453125
269057,normal,3278,1,1782361758.8153872,0.0018734931945800781
269058,normal,805,2,1782361758.817229,0.0018417835235595703
269059,normal,1946,0,1782361758.8194382,0.002209186553955078
269060,normal,2602,0,1782361758.82128,0.0018417835235595703
269061,normal,1697,0,1782361758.8233006,0.002020597457885742
269062,normal,2117,0,1782361758.8253908,0.0020902156829833984
269063,normal,123,0,1782361758.8272913,0.0019004344940185547
269064,normal,150,0,1782361758.8295906,0.0022993087768554688
269065,normal,3066,1,1782361758.8312025,0.001611948013305664
269066,normal,3685,0,1782361758.8333566,0.002154111862182617
269067,normal,1688,0,1782361758.8352795,0.0019228458404541016
269068,normal,1248,0,1782361758.837423,0.0021436214447021484
269069,normal,2091,0,1782361758.8392763,0.0018532276153564453
269070,normal,3456,0,1782361758.8413901,0.002113819122314453
269071,normal,3254,1,1782361758.843269,0.001878976821899414
269072,normal,905,2,1782361758.8454032,0.002134084701538086
269073,normal,1451,0,1782361758.847324,0.0019207000732421875
269074,normal,2496,0,1782361758.8492734,0.0019495487213134766
269075,normal,2073,0,1782361758.8513675,0.0020940303802490234
269076,normal,442,0,1782361758.8536427,0.002275228500366211
269077,normal,1517,0,1782361758.855268,0.0016252994537353516
269078,normal,1367,1,1782361758.8574734,0.002205371856689453
269079,normal,2217,0,1782361758.859322,0.0018486976623535156
269080,normal,3549,0,1782361758.8613796,0.0020575523376464844
269081,normal,2268,0,1782361758.8633673,0.0019876956939697266
269082,normal,1488,0,1782361758.865262,0.0018947124481201172
269083,normal,2869,0,1782361758.867397,0.002135038375854492
269084,normal,3139,1,1782361758.8693273,0.00193023681640625
269085,normal,3501,0,1782361758.8714726,0.0021452903747558594
269086,normal,1154,0,1782361758.8733582,0.0018856525421142578
269087,normal,2671,0,1782361758.8756027,0.0022444725036621094
269088,normal,1177,0,1782361758.8771925,0.0015897750854492188
269089,normal,3080,1,1782361758.8793652,0.002172708511352539
269090,normal,540,0,1782361758.8816352,0.0022699832916259766
269091,normal,3650,0,1782361758.883753,0.0021178722381591797
269092,normal,725,0,1782361758.8853662,0.0016131401062011719
269093,normal,1898,0,1782361758.8874972,0.0021309852600097656
269094,normal,2251,0,1782361758.889235,0.001737833023071289
269095,normal,2510,0,1782361758.8914502,0.002215147018432617
269096,normal,2623,0,1782361758.8933625,0.0019123554229736328
269097,normal,2686,0,1782361758.895704,0.0023415088653564453
269098,normal,1600,0,1782361758.897313,0.0016090869903564453
269099,normal,422,0,1782361758.8993835,0.0020704269409179688
269100,normal,3025,0,1782361758.9013104,0.0019268989562988281
269101,normal,1769,0,1782361758.9032996,0.001989126205444336
269102,normal,1009,2,1782361758.9053965,0.002096891403198242
269103,normal,2502,0,1782361758.907293,0.0018966197967529297
269104,normal,1532,0,1782361758.9093955,0.002102375030517578
269105,normal,3689,0,1782361758.911278,0.0018825531005859375
269106,normal,69,0,1782361758.9134283,0.002150297164916992
269107,normal,2056,0,1782361758.9152985,0.0018701553344726562
269108,normal,814,2,1782361758.9173973,0.0020987987518310547
269109,normal,3076,1,1782361758.9192736,0.0018763542175292969
269110,normal,3323,1,1782361758.921384,0.0021104812622070312
269111,normal,1584,0,1782361758.9233968,0.0020127296447753906
269112,normal,1280,0,1782361758.9253123,0.0019154548645019531
269113,normal,2292,0,1782361758.927306,0.0019936561584472656
269114,normal,3363,1,1782361758.9294903,0.0021843910217285156
269115,normal,2270,0,1782361758.9316442,0.0021538734436035156
269116,normal,3557,0,1782361758.933255,0.0016107559204101562
269117,normal,2114,0,1782361758.935464,0.0022089481353759766
269118,normal,118,0,1782361758.9374623,0.001998424530029297
269119,normal,1905,0,1782361758.9392786,0.0018162727355957031
269120,normal,1322,1,1782361758.941958,0.0026793479919433594
269121,normal,74,0,1782361758.943168,0.0012099742889404297
269122,normal,2744,0,1782361758.945265,0.0020971298217773438
269123,normal,3313,1,1782361758.947145,0.0018799304962158203
269124,normal,1398,0,1782361758.949329,0.0021839141845703125
269125,normal,266,0,1782361758.9512043,0.0018754005432128906
269126,normal,2157,0,1782361758.9532924,0.0020880699157714844
269127,normal,2351,0,1782361758.9552374,0.0019450187683105469
269128,normal,2390,0,1782361758.9572666,0.0020291805267333984
269129,normal,3186,1,1782361758.9596217,0.0023550987243652344
269130,normal,2901,0,1782361758.9611897,0.0015680789947509766
269131,normal,3576,0,1782361758.9633052,0.002115488052368164
269132,normal,1238,0,1782361758.9652643,0.001959085464477539
269133,normal,773,2,1782361758.9672954,0.002031087875366211
269134,normal,1225,0,1782361758.9691381,0.0018427371978759766
269135,normal,1291,0,1782361758.9712973,0.00215911865234375
269136,normal,3159,1,1782361758.9731753,0.0018780231475830078
269137,normal,2527,0,1782361758.9752507,0.0020754337310791016
269138,normal,524,0,1782361758.9773982,0.0021474361419677734
269139,normal,656,0,1782361758.979201,0.0018029212951660156
269140,normal,1528,0,1782361758.9812458,0.002044677734375
269141,normal,379,0,1782361758.983286,0.0020401477813720703
269142,normal,2802,0,1782361758.9851809,0.0018949508666992188
269143,normal,236,0,1782361758.9872532,0.0020723342895507812
269144,normal,241,0,1782361758.9898942,0.002640962600708008
269145,normal,3495,0,1782361758.9913597,0.0014655590057373047
269146,normal,942,2,1782361758.9931672,0.0018074512481689453
269147,normal,1347,1,1782361758.99526,0.0020928382873535156
269148,normal,3235,1,1782361758.997288,0.0020279884338378906
269149,normal,2750,0,1782361758.999289,0.002001047134399414
269150,normal,329,0,1782361759.0014887,0.0021996498107910156
269151,normal,386,0,1782361759.003232,0.001743316650390625
269152,normal,18,0,1782361759.0052605,0.0020284652709960938
269153,normal,3052,1,1782361759.0073662,0.002105712890625
269154,normal,631,0,1782361759.0094094,0.0020432472229003906
269155,normal,2341,0,1782361759.01129,0.001880645751953125
269156,normal,2109,0,1782361759.0132878,0.001997709274291992
269157,normal,809,2,1782361759.015439,0.0021512508392333984
269158,normal,1663,0,1782361759.0173247,0.0018856525421142578
269159,normal,2717,0,1782361759.0193567,0.002032041549682617
269160,normal,2392,0,1782361759.0212638,0.0019071102142333984
269161,normal,1607,0,1782361759.023393,0.002129077911376953
269162,normal,110,0,1782361759.0255485,0.0021555423736572266
269163,normal,1019,2,1782361759.0274332,0.0018846988677978516
269164,normal,1487,0,1782361759.0294518,0.0020186901092529297
269165,normal,521,0,1782361759.0313506,0.0018987655639648438
269166,normal,243,0,1782361759.0335505,0.002199888229370117
269167,normal,1040,0,1782361759.0353487,0.0017981529235839844
269168,normal,3107,1,1782361759.0372903,0.001941680908203125
269169,normal,1548,0,1782361759.0393631,0.0020728111267089844
269170,normal,3000,0,1782361759.0412521,0.0018889904022216797
269171,normal,3293,1,1782361759.0433557,0.002103567123413086
269172,normal,2409,0,1782361759.045304,0.0019483566284179688
269173,normal,1611,0,1782361759.0472922,0.0019881725311279297
269174,normal,1817,0,1782361759.0492845,0.0019922256469726562
269175,normal,3402,0,1782361759.051385,0.0021004676818847656
269176,normal,1698,0,1782361759.0532742,0.0018892288208007812
269177,normal,2462,0,1782361759.0554214,0.002147197723388672
269178,normal,511,0,1782361759.0574093,0.001987934112548828
269179,normal,232,0,1782361759.059351,0.001941680908203125
269180,normal,1287,0,1782361759.0613852,0.0020341873168945312
269181,normal,2460,0,1782361759.0633028,0.0019176006317138672
269182,normal,3358,1,1782361759.065419,0.0021162033081054688
269183,normal,563,0,1782361759.0673153,0.0018963813781738281
269184,normal,407,0,1782361759.0694802,0.0021648406982421875
269185,normal,3553,0,1782361759.0711696,0.0016894340515136719
269186,normal,3253,1,1782361759.073386,0.002216339111328125
269187,normal,1125,0,1782361759.0752747,0.0018887519836425781
269188,normal,1706,0,1782361759.0773926,0.0021178722381591797
269189,normal,2933,0,1782361759.0793853,0.0019927024841308594
269190,normal,2724,0,1782361759.0812845,0.0018992424011230469
269191,normal,1157,0,1782361759.0834055,0.0021209716796875
269192,normal,1167,0,1782361759.0852969,0.0018913745880126953
269193,normal,1497,0,1782361759.0874753,0.0021784305572509766
269194,normal,975,2,1782361759.0891812,0.0017058849334716797
269195,normal,989,2,1782361759.0913846,0.0022034645080566406
269196,normal,2771,0,1782361759.0932746,0.001889944076538086
269197,normal,1436,0,1782361759.095369,0.0020945072174072266
269198,normal,538,0,1782361759.097368,0.0019989013671875
269199,normal,2455,0,1782361759.0992668,0.0018987655639648438
269200,normal,1581,0,1782361759.1014266,0.0021598339080810547
269201,normal,2284,0,1782361759.1033263,0.00189971923828125
269202,normal,1226,0,1782361759.105507,0.0021805763244628906
269203,normal,2820,0,1782361759.1072063,0.0016994476318359375
269204,normal,1819,0,1782361759.1094093,0.0022029876708984375
269205,normal,1493,0,1782361759.1113014,0.00189208984375
269206,normal,545,0,1782361759.113355,0.002053499221801758
269207,normal,2028,0,1782361759.1153548,0.0019998550415039062
269208,normal,1754,0,1782361759.1172557,0.0019009113311767578
269209,normal,2566,0,1782361759.1193671,0.0021114349365234375
269210,normal,3497,0,1782361759.121439,0.002071857452392578
269211,normal,3536,0,1782361759.1233401,0.0019011497497558594
269212,normal,3410,0,1782361759.1253493,0.002009153366088867
269213,normal,321,0,1782361759.1275492,0.002199888229370117
269214,normal,1925,0,1782361759.1293204,0.0017712116241455078
269215,normal,1456,0,1782361759.1313875,0.002067089080810547
269216,normal,3486,0,1782361759.1334856,0.00209808349609375
269217,normal,3,0,1782361759.1353462,0.0018606185913085938
269218,normal,1634,0,1782361759.1374683,0.002122163772583008
269219,normal,3097,1,1782361759.1392593,0.0017910003662109375
269220,normal,2774,0,1782361759.1413534,0.0020940303802490234
269221,normal,336,0,1782361759.1432543,0.0019009113311767578
269222,normal,1250,0,1782361759.1453545,0.002100229263305664
269223,normal,1797,0,1782361759.147558,0.0022034645080566406
269224,normal,1031,0,1782361759.1491625,0.0016045570373535156
269225,normal,2854,0,1782361759.1513486,0.0021860599517822266
269226,normal,2469,0,1782361759.1532516,0.0019030570983886719
269227,normal,1559,0,1782361759.1553664,0.0021147727966308594
269228,normal,932,2,1782361759.157913,0.002546548843383789
269229,normal,3320,1,1782361759.1595073,0.0015943050384521484
269230,normal,573,0,1782361759.1612327,0.0017254352569580078
269231,normal,2941,0,1782361759.163358,0.002125263214111328
269232,normal,467,0,1782361759.1652827,0.001924753189086914
269233,normal,45,0,1782361759.167365,0.002082347869873047
269234,normal,2947,0,1782361759.1693683,0.002003192901611328
269235,normal,3454,0,1782361759.171224,0.0018558502197265625
269236,normal,3483,0,1782361759.1733606,0.0021364688873291016
269237,normal,5,0,1782361759.175369,0.0020084381103515625
269238,normal,1480,0,1782361759.1772609,0.0018918514251708984
269239,normal,1179,0,1782361759.1793618,0.0021009445190429688
269240,normal,2399,0,1782361759.1813967,0.002034902572631836
269241,normal,355,0,1782361759.1833131,0.0019164085388183594
269242,normal,856,2,1782361759.1852834,0.0019702911376953125
269243,normal,584,0,1782361759.1875358,0.002252340316772461
269244,normal,1361,1,1782361759.1893356,0.0017998218536376953
269245,normal,2226,0,1782361759.1913528,0.0020172595977783203
269246,normal,2505,0,1782361759.1934667,0.002113819122314453
269247,normal,1113,0,1782361759.195299,0.0018322467803955078
269248,normal,1495,0,1782361759.1973042,0.002005338668823242
269249,normal,747,0,1782361759.199549,0.002244710922241211
269250,normal,356,0,1782361759.201487,0.0019381046295166016
269251,normal,502,0,1782361759.2034342,0.001947164535522461
269252,normal,2359,0,1782361759.2052755,0.0018413066864013672
269253,normal,1484,0,1782361759.2074718,0.0021963119506835938
269254,normal,2423,0,1782361759.2094383,0.0019664764404296875
269255,normal,2210,0,1782361759.2112925,0.0018541812896728516
269256,normal,107,0,1782361759.213366,0.002073526382446289
269257,normal,2427,0,1782361759.215254,0.0018880367279052734
269258,normal,965,2,1782361759.2173648,0.002110719680786133
269259,normal,2120,0,1782361759.2192726,0.0019078254699707031
269260,normal,2369,0,1782361759.221356,0.002083301544189453
269261,normal,2125,0,1782361759.2233527,0.001996755599975586
269262,normal,260,0,1782361759.2252584,0.001905679702758789
269263,normal,761,0,1782361759.2273865,0.002128124237060547
269264,normal,2379,0,1782361759.229425,0.0020384788513183594
269265,normal,218,0,1782361759.2314146,0.001989603042602539
269266,normal,2895,0,1782361759.2332122,0.0017976760864257812
269267,normal,2925,0,1782361759.235389,0.0021767616271972656
269268,normal,2635,0,1782361759.2373457,0.0019567012786865234
269269,normal,1627,0,1782361759.2393098,0.001964092254638672
269270,normal,712,0,1782361759.2414544,0.0021445751190185547
269271,normal,471,0,1782361759.2433116,0.0018572807312011719
269272,normal,3059,1,1782361759.245365,0.0020532608032226562
269273,normal,1101,0,1782361759.2473834,0.002018451690673828
269274,normal,33,0,1782361759.2492843,0.0019009113311767578
269275,normal,8,0,1782361759.2513895,0.002105236053466797
269276,normal,2248,0,1782361759.2533937,0.0020041465759277344
269277,normal,2140,0,1782361759.2553177,0.0019240379333496094
269278,normal,2262,0,1782361759.257295,0.001977205276489258
269279,normal,3682,0,1782361759.259472,0.002177000045776367
269280,normal,1619,0,1782361759.261173,0.0017011165618896484
269281,normal,2970,0,1782361759.2633667,0.0021936893463134766
269282,normal,219,0,1782361759.2653847,0.002017974853515625
269283,normal,224,0,1782361759.2672834,0.0018987655639648438
269284,normal,2324,0,1782361759.269391,0.0021076202392578125
269285,normal,3532,0,1782361759.2714052,0.00201416015625
269286,normal,1661,0,1782361759.2733438,0.0019385814666748047
269287,normal,1809,0,1782361759.2753253,0.001981496810913086
269288,normal,2294,0,1782361759.2774556,0.002130270004272461
269289,normal,1878,0,1782361759.2793643,0.0019087791442871094
269290,normal,2513,0,1782361759.2812846,0.0019202232360839844
269291,normal,2736,0,1782361759.2834113,0.0021266937255859375
269292,normal,3256,1,1782361759.2853575,0.0019462108612060547
269293,normal,2722,0,1782361759.2872732,0.0019156932830810547
269294,normal,3294,1,1782361759.2893615,0.002088308334350586
269295,normal,1138,0,1782361759.2912707,0.0019092559814453125
269296,normal,3647,0,1782361759.2933862,0.002115488052368164
269297,normal,1140,0,1782361759.295487,0.002100706100463867
269298,normal,2225,0,1782361759.297223,0.0017361640930175781
269299,normal,895,2,1782361759.2994645,0.002241373062133789
269300,normal,618,0,1782361759.3014088,0.0019443035125732422
269301,normal,3604,0,1782361759.303331,0.0019221305847167969
269302,normal,2812,0,1782361759.3054733,0.0021424293518066406
269303,normal,2380,0,1782361759.3074682,0.0019948482513427734
269304,normal,384,0,1782361759.3093946,0.001926422119140625
269305,normal,1914,0,1782361759.3113077,0.0019130706787109375
269306,normal,3384,1,1782361759.313365,0.002057313919067383
269307,normal,1746,0,1782361759.3152556,0.0018906593322753906
269308,normal,2417,0,1782361759.3173547,0.0020990371704101562
269309,normal,2147,0,1782361759.3196094,0.0022547245025634766
269310,normal,868,2,1782361759.321173,0.0015635490417480469
269311,normal,2416,0,1782361759.3233504,0.0021774768829345703
269312,normal,2048,0,1782361759.3253508,0.0020003318786621094
269313,normal,443,0,1782361759.327259,0.0019083023071289062
269314,normal,552,0,1782361759.3294208,0.002161741256713867
269315,normal,2130,0,1782361759.3313415,0.0019207000732421875
269316,normal,833,2,1782361759.3334942,0.002152681350708008
269317,normal,743,0,1782361759.335303,0.0018088817596435547
269318,normal,3515,0,1782361759.3375978,0.002294778823852539
269319,normal,399,0,1782361759.3391838,0.0015859603881835938
269320,normal,949,2,1782361759.3413658,0.0021820068359375
269321,normal,13,0,1782361759.3433876,0.00202178955078125
269322,normal,3146,1,1782361759.345285,0.0018973350524902344
269323,normal,789,2,1782361759.3475177,0.002232789993286133
269324,normal,1904,0,1782361759.3494349,0.001917123794555664
269325,normal,2266,0,1782361759.351207,0.001772165298461914
269326,normal,1757,0,1782361759.3534226,0.0022156238555908203
269327,normal,1743,0,1782361759.355306,0.0018832683563232422
269328,normal,2908,0,1782361759.3574083,0.002102375030517578
269329,normal,2672,0,1782361759.3592856,0.0018773078918457031
269330,normal,359,0,1782361759.3614042,0.0021185874938964844
269331,normal,303,0,1782361759.3632667,0.0018625259399414062
269332,normal,3705,0,1782361759.3653884,0.0021216869354248047
269333,normal,2720,0,1782361759.3673863,0.0019979476928710938
269334,normal,2940,0,1782361759.3692782,0.0018918514251708984
269335,normal,2929,0,1782361759.371382,0.0021038055419921875
269336,normal,1785,0,1782361759.3738296,0.0024476051330566406
269337,normal,67,0,1782361759.375304,0.0014743804931640625
269338,normal,1051,0,1782361759.3775198,0.002215862274169922
269339,normal,3668,0,1782361759.379409,0.0018892288208007812
269340,normal,2498,0,1782361759.3813312,0.0019221305847167969
269341,normal,2453,0,1782361759.3833122,0.001981019973754883
269342,normal,3038,0,1782361759.385351,0.002038717269897461
269343,normal,665,0,1782361759.3873253,0.001974344253540039
269344,normal,3296,1,1782361759.3893402,0.0020148754119873047
269345,normal,2683,0,1782361759.3913047,0.001964569091796875
269346,normal,2457,0,1782361759.3934581,0.0021533966064453125
269347,normal,2201,0,1782361759.3953679,0.0019097328186035156
269348,normal,428,0,1782361759.397281,0.0019130706787109375
269349,normal,3353,1,1782361759.3992877,0.0020067691802978516
269350,normal,2398,0,1782361759.4016829,0.002395153045654297
269351,normal,1689,0,1782361759.4038303,0.0021474361419677734
269352,normal,539,0,1782361759.4052975,0.0014672279357910156
269353,normal,2305,0,1782361759.4074662,0.0021686553955078125
269354,normal,883,2,1782361759.4093275,0.0018613338470458984
269355,normal,2612,0,1782361759.411329,0.002001523971557617
269356,normal,393,0,1782361759.4133322,0.002003192901611328
269357,normal,3138,1,1782361759.4153483,0.0020160675048828125
269358,normal,1636,0,1782361759.41771,0.002361774444580078
269359,normal,1029,2,1782361759.4191551,0.0014450550079345703
269360,normal,2070,0,1782361759.4212742,0.0021190643310546875
269361,normal,578,0,1782361759.4232588,0.0019845962524414062
269362,normal,3583,0,1782361759.4252546,0.0019958019256591797
269363,normal,2543,0,1782361759.42726,0.002005338668823242
269364,normal,2042,0,1782361759.4292552,0.0019953250885009766
269365,normal,3392,1,1782361759.4312603,0.0020051002502441406
269366,normal,1595,0,1782361759.4332528,0.001992464065551758
269367,normal,926,2,1782361759.435361,0.0021080970764160156
269368,normal,283,0,1782361759.4372683,0.0019073486328125
269369,normal,715,0,1782361759.4392555,0.0019872188568115234
269370,normal,1011,2,1782361759.4412427,0.0019872188568115234
269371,normal,2459,0,1782361759.4432411,0.001998424530029297
269372,normal,2189,0,1782361759.4452584,0.0020172595977783203
269373,normal,3265,1,1782361759.4472399,0.001981496810913086
269374,normal,2874,0,1782361759.4493113,0.002071380615234375
269375,normal,2480,0,1782361759.4513113,0.002000093460083008
269376,normal,3101,1,1782361759.4534898,0.0021784305572509766
269377,normal,2087,0,1782361759.4551666,0.001676797866821289
269378,normal,2849,0,1782361759.4572566,0.002089977264404297
269379,normal,3664,0,1782361759.459323,0.002066373825073242
269380,normal,400,0,1782361759.4612315,0.0019085407257080078
269381,normal,1628,0,1782361759.4632185,0.001986980438232422
269382,normal,3544,0,1782361759.465223,0.0020046234130859375
269383,normal,3431,0,1782361759.4672217,0.0019986629486083984
269384,normal,2187,0,1782361759.46929,0.0020682811737060547
269385,normal,1990,0,1782361759.4713411,0.002051115036010742
269386,normal,627,0,1782361759.4733307,0.001989603042602539
269387,normal,1458,0,1782361759.475431,0.002100229263305664
269388,normal,3471,0,1782361759.4772084,0.0017774105072021484
269389,normal,1828,0,1782361759.4793375,0.002129077911376953
269390,normal,3237,1,1782361759.481353,0.0020155906677246094
269391,normal,1523,0,1782361759.4832366,0.0018835067749023438
269392,normal,927,2,1782361759.4853935,0.002156972885131836
269393,normal,200,0,1782361759.487483,0.0020895004272460938
269394,normal,3419,0,1782361759.4891653,0.001682281494140625
269395,normal,2151,0,1782361759.4912121,0.002046823501586914
269396,normal,3573,0,1782361759.4932134,0.0020012855529785156
269397,normal,2840,0,1782361759.495245,0.002031564712524414
269398,normal,2452,0,1782361759.4973242,0.0020792484283447266
269399,normal,867,2,1782361759.499285,0.00196075439453125
269400,normal,1279,0,1782361759.5012162,0.0019311904907226562
269401,normal,401,0,1782361759.5032136,0.0019974708557128906
269402,normal,2688,0,1782361759.505216,0.002002239227294922
269403,normal,1796,0,1782361759.507218,0.0020020008087158203
269404,normal,1095,0,1782361759.5098305,0.002612590789794922
269405,normal,3414,0,1782361759.5115538,0.0017232894897460938
269406,normal,3344,1,1782361759.5132296,0.0016758441925048828
269407,normal,3556,0,1782361759.5152597,0.0020301342010498047
269408,normal,3522,0,1782361759.5172656,0.0020058155059814453
269409,normal,1902,0,1782361759.519271,0.002005338668823242
269410,normal,2800,0,1782361759.5213134,0.002042531967163086
269411,normal,1183,0,1782361759.5234969,0.0021834373474121094
269412,normal,1803,0,1782361759.5251822,0.0016853809356689453
269413,normal,3122,1,1782361759.5272505,0.0020682811737060547
269414,normal,625,0,1782361759.529255,0.002004384994506836
269415,normal,708,0,1782361759.5311675,0.0019125938415527344
269416,normal,3680,0,1782361759.5332608,0.0020933151245117188
269417,normal,3077,1,1782361759.535684,0.0024232864379882812
269418,normal,3354,1,1782361759.5374563,0.001772165298461914
269419,normal,3644,0,1782361759.5392213,0.0017650127410888672
269420,normal,2112,0,1782361759.5416565,0.0024352073669433594
269421,normal,1648,0,1782361759.543207,0.001550436019897461
269422,normal,548,0,1782361759.5454066,0.0021996498107910156
269423,normal,648,0,1782361759.5472844,0.0018777847290039062
269424,normal,3376,1,1782361759.5494754,0.0021910667419433594
269425,normal,1662,0,1782361759.5512488,0.0017733573913574219
269426,normal,1651,0,1782361759.553592,0.0023431777954101562
269427,normal,2314,0,1782361759.5551395,0.0015475749969482422
269428,normal,2887,0,1782361759.5573375,0.0021979808807373047
269429,normal,857,2,1782361759.5594842,0.0021467208862304688
269430,normal,1498,0,1782361759.5611732,0.0016889572143554688
269431,normal,3154,1,1782361759.5632465,0.0020732879638671875
269432,normal,1353,1,1782361759.5652366,0.001990079879760742
269433,normal,923,2,1782361759.5672367,0.002000093460083008
269434,normal,873,2,1782361759.5692704,0.002033710479736328
269435,normal,179,0,1782361759.5712776,0.0020072460174560547
269436,normal,2936,0,1782361759.573282,0.002004384994506836
269437,normal,1155,0,1782361759.5751946,0.0019125938415527344
269438,normal,3429,0,1782361759.577322,0.002127408981323242
269439,normal,2995,0,1782361759.57925,0.001928091049194336
269440,normal,2107,0,1782361759.581302,0.002051830291748047
269441,normal,275,0,1782361759.583306,0.0020041465759277344
269442,normal,3273,1,1782361759.5855548,0.0022487640380859375
269443,normal,2082,0,1782361759.5873876,0.001832723617553711
269444,normal,3589,0,1782361759.5901408,0.0027532577514648438
269445,normal,2826,0,1782361759.5913556,0.001214742660522461
269446,normal,156,0,1782361759.5934143,0.002058744430541992
269447,normal,2224,0,1782361759.59538,0.001965761184692383
269448,normal,290,0,1782361759.5972528,0.0018727779388427734
269449,normal,209,0,1782361759.599139,0.001886129379272461
269450,normal,1862,0,1782361759.6011815,0.002042531967163086
269451,normal,2445,0,1782361759.6032293,0.0020477771759033203
269452,normal,2099,0,1782361759.6052177,0.0019884109497070312
269453,normal,692,0,1782361759.6072214,0.0020036697387695312
269454,normal,66,0,1782361759.609216,0.001994609832763672
269455,normal,3396,1,1782361759.611431,0.0022149085998535156
269456,normal,2237,0,1782361759.6135664,0.0021355152130126953
269457,normal,1928,0,1782361759.6154366,0.0018701553344726562
269458,normal,357,0,1782361759.6174781,0.0020415782928466797
269459,normal,3709,0,1782361759.61937,0.0018918514251708984
269460,normal,3592,0,1782361759.6212578,0.0018877983093261719
269461,normal,1761,0,1782361759.6233377,0.0020799636840820312
269462,normal,1721,0,1782361759.6253302,0.001992464065551758
269463,normal,65,0,1782361759.6272204,0.0018901824951171875
269464,normal,3571,0,1782361759.629328,0.0021076202392578125
269465,normal,1231,0,1782361759.6313314,0.0020034313201904297
269466,normal,3064,1,1782361759.633341,0.0020096302032470703
269467,normal,2454,0,1782361759.6354303,0.002089262008666992
269468,normal,1108,0,1782361759.637611,0.0021805763244628906
269469,normal,2358,0,1782361759.6392436,0.0016326904296875
269470,normal,3684,0,1782361759.6413484,0.0021047592163085938
269471,normal,3300,1,1782361759.6433353,0.001986980438232422
269472,normal,635,0,1782361759.6452506,0.0019152164459228516
269473,normal,238,0,1782361759.6472642,0.002013683319091797
269474,normal,377,0,1782361759.6493325,0.0020682811737060547
269475,normal,3248,1,1782361759.6511693,0.0018367767333984375
269476,normal,3212,1,1782361759.6533296,0.002160310745239258
269477,normal,1026,2,1782361759.6553533,0.0020236968994140625
269478,normal,3015,0,1782361759.657235,0.0018815994262695312
269479,normal,509,0,1782361759.6593351,0.002100229263305664
269480,normal,562,0,1782361759.661403,0.0020678043365478516
269481,normal,2160,0,1782361759.6634026,0.0019996166229248047
269482,normal,3179,1,1782361759.6652925,0.001889944076538086
269483,normal,2474,0,1782361759.667364,0.002071380615234375
269484,normal,2758,0,1782361759.6692555,0.0018916130065917969
269485,normal,3637,0,1782361759.6713545,0.0020990371704101562
269486,normal,1953,0,1782361759.6736426,0.0022881031036376953
269487,normal,2276,0,1782361759.6753287,0.00168609619140625
269488,normal,391,0,1782361759.6773136,0.001984834671020508
269489,normal,2864,0,1782361759.6793203,0.0020067691802978516
269490,normal,1344,1,1782361759.6812186,0.0018982887268066406
269491,normal,2235,0,1782361759.6832864,0.0020678043365478516
269492,normal,2991,0,1782361759.6856363,0.002349853515625
269493,normal,1678,0,1782361759.6874468,0.0018105506896972656
269494,normal,2531,0,1782361759.6893485,0.0019016265869140625
269495,normal,3432,0,1782361759.6917958,0.002447366714477539
269496,normal,1188,0,1782361759.6932092,0.0014133453369140625
269497,normal,1692,0,1782361759.6953142,0.0021049976348876953
269498,normal,2334,0,1782361759.6972919,0.001977682113647461
269499,normal,3111,1,1782361759.6995256,0.002233743667602539
269500,normal,644,0,1782361759.7022266,0.0027010440826416016
269501,normal,1282,0,1782361759.7038953,0.001668691635131836
269502,normal,2037,0,1782361759.705323,0.0014276504516601562
269503,normal,1952,0,1782361759.7074156,0.002092599868774414
269504,normal,2959,0,1782361759.7094083,0.0019927024841308594
269505,normal,2102,0,1782361759.711237,0.0018286705017089844
269506,normal,3292,1,1782361759.7133417,0.0021047592163085938
269507,normal,2081,0,1782361759.7156878,0.002346038818359375
269508,normal,198,0,1782361759.7173595,0.0016717910766601562
269509,normal,2485,0,1782361759.7193816,0.0020220279693603516
269510,normal,970,2,1782361759.7214556,0.002074003219604492
269511,normal,1852,0,1782361759.723226,0.0017704963684082031
269512,normal,3032,0,1782361759.72538,0.0021538734436035156
269513,normal,861,2,1782361759.7273586,0.001978635787963867
269514,normal,2503,0,1782361759.7292514,0.0018928050994873047
269515,normal,3204,1,1782361759.7313595,0.0021080970764160156
269516,normal,2041,0,1782361759.7341251,0.002765655517578125
269517,normal,2967,0,1782361759.7357628,0.0016376972198486328
269518,normal,3267,1,1782361759.7374787,0.0017158985137939453
269519,normal,287,0,1782361759.7394702,0.0019915103912353516
269520,normal,2388,0,1782361759.7413397,0.0018694400787353516
269521,normal,1984,0,1782361759.7436154,0.002275705337524414
269522,normal,456,0,1782361759.7454593,0.0018439292907714844
269523,normal,2918,0,1782361759.747258,0.0017986297607421875
269524,normal,2275,0,1782361759.7497113,0.002453327178955078
269525,normal,2767,0,1782361759.7517142,0.0020029544830322266
269526,normal,182,0,1782361759.7534878,0.0017735958099365234
269527,normal,1302,0,1782361759.7553248,0.001837015151977539
269528,normal,988,2,1782361759.7579014,0.002576589584350586
269529,normal,3063,1,1782361759.7597353,0.0018339157104492188
269530,normal,92,0,1782361759.7613904,0.0016551017761230469
269531,normal,1460,0,1782361759.7633405,0.0019500255584716797
269532,normal,2923,0,1782361759.765221,0.001880645751953125
269533,normal,2822,0,1782361759.7673297,0.0021085739135742188
269534,normal,1513,0,1782361759.7693965,0.0020668506622314453
269535,normal,2926,0,1782361759.7712085,0.001811981201171875
269536,normal,2103,0,1782361759.7733083,0.002099752426147461
269537,normal,2126,0,1782361759.7752948,0.0019865036010742188
269538,normal,796,2,1782361759.7771764,0.0018815994262695312
269539,normal,2133,0,1782361759.779569,0.0023925304412841797
269540,normal,2479,0,1782361759.7814655,0.0018966197967529297
269541,normal,1871,0,1782361759.783462,0.0019965171813964844
269542,normal,291,0,1782361759.7856276,0.002165555953979492
269543,normal,3281,1,1782361759.7875576,0.0019299983978271484
269544,normal,2227,0,1782361759.7894769,0.0019192695617675781
269545,normal,231,0,1782361759.7913945,0.0019176006317138672
269546,normal,1782,0,1782361759.793619,0.002224445343017578
269547,normal,1265,0,1782361759.7954297,0.0018107891082763672
269548,normal,1794,0,1782361759.797549,0.002119302749633789
269549,normal,3411,0,1782361759.7994196,0.0018706321716308594
269550,normal,1342,1,1782361759.801184,0.0017642974853515625
269551,normal,1442,0,1782361759.8032904,0.0021064281463623047
269552,normal,2904,0,1782361759.805291,0.002000570297241211
269553,normal,619,0,1782361759.8072526,0.0019617080688476562
269554,normal,1958,0,1782361759.809533,0.0022804737091064453
269555,normal,2794,0,1782361759.8113065,0.0017733573913574219
269556,normal,2922,0,1782361759.8132083,0.001901865005493164
269557,normal,3424,0,1782361759.8153484,0.002140045166015625
269558,normal,637,0,1782361759.8173323,0.0019838809967041016
269559,normal,6,0,1782361759.8194618,0.0021295547485351562
269560,normal,1358,1,1782361759.82133,0.0018682479858398438
269561,normal,2271,0,1782361759.8242567,0.0029265880584716797
269562,normal,1594,0,1782361759.8256476,0.0013909339904785156
269563,normal,1596,0,1782361759.8272827,0.0016350746154785156
269564,normal,2434,0,1782361759.8295145,0.0022318363189697266
269565,normal,2740,0,1782361759.8312476,0.0017330646514892578
269566,normal,2641,0,1782361759.833498,0.0022504329681396484
269567,normal,2239,0,1782361759.8354235,0.0019254684448242188
269568,normal,1626,0,1782361759.8375852,0.002161741256713867
269569,normal,3415,0,1782361759.8396003,0.0020151138305664062
269570,normal,2998,0,1782361759.8412936,0.0016932487487792969
269571,normal,1417,0,1782361759.8432503,0.0019567012786865234
269572,normal,542,0,1782361759.8451967,0.0019464492797851562
269573,normal,1397,0,1782361759.8473468,0.0021500587463378906
269574,normal,1911,0,1782361759.849235,0.001888275146484375
269575,normal,952,2,1782361759.8513415,0.0021064281463623047
269576,normal,206,0,1782361759.8533707,0.0020291805267333984
269577,normal,1411,0,1782361759.8552253,0.0018546581268310547
269578,normal,3174,1,1782361759.8573184,0.002093076705932617
269579,normal,2863,0,1782361759.8593102,0.001991748809814453
269580,normal,1554,0,1782361759.8615613,0.002251148223876953
269581,normal,2043,0,1782361759.8643315,0.0027701854705810547
269582,normal,129,0,1782361759.8659337,0.0016021728515625
269583,normal,2792,0,1782361759.8672268,0.001293182373046875
269584,normal,543,0,1782361759.86933,0.002103090286254883
269585,normal,3096,1,1782361759.871601,0.0022711753845214844
269586,normal,56,0,1782361759.873476,0.0018749237060546875
269587,normal,2946,0,1782361759.8753328,0.0018568038940429688
269588,normal,2297,0,1782361759.877577,0.002244234085083008
269589,normal,1835,0,1782361759.8793852,0.00180816650390625
269590,normal,416,0,1782361759.8815162,0.0021309852600097656
269591,normal,142,0,1782361759.8833694,0.0018532276153564453
269592,normal,2976,0,1782361759.8855064,0.0021369457244873047
269593,normal,3357,1,1782361759.8876588,0.0021524429321289062
269594,normal,1844,0,1782361759.8892531,0.0015943050384521484
269595,normal,1003,2,1782361759.8912983,0.002045154571533203
269596,normal,1066,0,1782361759.8933392,0.002040863037109375
269597,normal,1775,0,1782361759.8954575,0.002118349075317383
269598,normal,3090,1,1782361759.8972354,0.0017778873443603516
269599,normal,2218,0,1782361759.8994935,0.0022580623626708984
269600,normal,3102,1,1782361759.901334,0.0018405914306640625
269601,normal,1701,0,1782361759.9033442,0.0020101070404052734
269602,normal,730,0,1782361759.9053693,0.002025127410888672
269603,normal,449,0,1782361759.9076571,0.0022878646850585938
269604,normal,1362,1,1782361759.9094222,0.0017650127410888672
269605,normal,3123,1,1782361759.9115517,0.0021295547485351562
269606,normal,1006,2,1782361759.9136922,0.002140522003173828
269607,normal,2689,0,1782361759.915279,0.0015866756439208984
269608,normal,2753,0,1782361759.9172838,0.002004861831665039
269609,normal,2403,0,1782361759.9193578,0.002074003219604492
269610,normal,40,0,1782361759.9212842,0.001926422119140625
269611,normal,2690,0,1782361759.923425,0.0021407604217529297
269612,normal,426,0,1782361759.9258301,0.0024051666259765625
269613,normal,1418,0,1782361759.9274044,0.0015742778778076172
269614,normal,2730,0,1782361759.9293203,0.0019159317016601562
269615,normal,897,2,1782361759.9313343,0.0020139217376708984
269616,normal,2528,0,1782361759.933237,0.0019028186798095703
269617,normal,2880,0,1782361759.9353154,0.0020782947540283203
269618,normal,722,0,1782361759.937342,0.0020265579223632812
269619,normal,1674,0,1782361759.9392202,0.0018782615661621094
269620,normal,3450,0,1782361759.9413233,0.002103090286254883
269621,normal,3507,0,1782361759.943328,0.0020046234130859375
269622,normal,366,0,1782361759.9454472,0.002119302749633789
269623,normal,1643,0,1782361759.9473455,0.0018982887268066406
269624,normal,1021,2,1782361759.9493248,0.001979351043701172
269625,normal,1425,0,1782361759.9512112,0.0018863677978515625
269626,normal,1908,0,1782361759.953728,0.0025167465209960938
269627,normal,1170,0,1782361759.9554083,0.0016803741455078125
269628,normal,1394,0,1782361759.9573164,0.0019080638885498047
269629,normal,1168,0,1782361759.9594634,0.0021469593048095703
269630,normal,1028,2,1782361759.961565,0.0021016597747802734
269631,normal,2578,0,1782361759.9633887,0.0018236637115478516
269632,normal,3694,0,1782361759.9654016,0.002012968063354492
269633,normal,35,0,1782361759.9673963,0.001994609832763672
269634,normal,2539,0,1782361759.969352,0.001955747604370117
269635,normal,2742,0,1782361759.9714892,0.0021371841430664062
269636,normal,72,0,1782361759.9734256,0.0019364356994628906
269637,normal,2638,0,1782361759.9753382,0.0019125938415527344
269638,normal,2123,0,1782361759.9775755,0.0022373199462890625
269639,normal,1916,0,1782361759.9794164,0.001840829849243164
269640,normal,15,0,1782361759.9811728,0.001756429672241211
269641,normal,433,0,1782361759.9832754,0.0021026134490966797
269642,normal,2886,0,1782361759.9854903,0.0022149085998535156
269643,normal,675,0,1782361759.9877913,0.0023009777069091797
269644,normal,1371,1,1782361759.9894187,0.0016274452209472656
269645,normal,3627,0,1782361759.9916384,0.002219676971435547
269646,normal,831,2,1782361759.9933465,0.0017080307006835938
269647,normal,3361,1,1782361759.9956782,0.0023317337036132812
269648,normal,3008,0,1782361759.9977436,0.002065420150756836
269649,normal,662,0,1782361759.9994404,0.0016968250274658203
269650,normal,2707,0,1782361760.0017507,0.0023102760314941406
269651,normal,1123,0,1782361760.003797,0.002046346664428711
269652,normal,1350,1,1782361760.0052886,0.001491546630859375
269653,normal,2679,0,1782361760.0073948,0.002106189727783203
269654,normal,2319,0,1782361760.009196,0.0018012523651123047
269655,normal,622,0,1782361760.011186,0.0019898414611816406
269656,normal,772,2,1782361760.013314,0.002128124237060547
269657,normal,2414,0,1782361760.0153053,0.00199127197265625
269658,normal,925,2,1782361760.0172074,0.0019021034240722656
269659,normal,2899,0,1782361760.0195007,0.0022933483123779297
269660,normal,522,0,1782361760.021187,0.0016863346099853516
269661,normal,1970,0,1782361760.0231853,0.0019981861114501953
269662,normal,1173,0,1782361760.0251815,0.001996278762817383
269663,normal,737,0,1782361760.0272574,0.0020759105682373047
269664,normal,2285,0,1782361760.0291705,0.0019130706787109375
269665,normal,344,0,1782361760.0316558,0.0024852752685546875
269666,normal,2484,0,1782361760.033564,0.0019083023071289062
269667,normal,2588,0,1782361760.0352414,0.0016772747039794922
269668,normal,2385,0,1782361760.037287,0.0020456314086914062
269669,normal,450,0,1782361760.03933,0.002043008804321289
269670,normal,3010,0,1782361760.0414853,0.002155303955078125
269671,normal,3608,0,1782361760.0434358,0.0019505023956298828
269672,normal,3156,1,1782361760.045579,0.0021431446075439453
269673,normal,966,2,1782361760.0478394,0.002260446548461914
269674,normal,2685,0,1782361760.0493507,0.0015113353729248047
269675,normal,1042,0,1782361760.0513456,0.0019948482513427734
269676,normal,2813,0,1782361760.0532124,0.0018668174743652344
269677,normal,412,0,1782361760.0553563,0.00214385986328125
269678,normal,1022,2,1782361760.057292,0.001935720443725586
269679,normal,2988,0,1782361760.0591376,0.0018455982208251953
269680,normal,994,2,1782361760.0612128,0.0020751953125
269681,normal,2835,0,1782361760.0633342,0.002121448516845703
269682,normal,598,0,1782361760.0652664,0.0019321441650390625
269683,normal,3379,1,1782361760.067264,0.001997709274291992
269684,normal,2231,0,1782361760.069295,0.0020308494567871094
269685,normal,3529,0,1782361760.0715685,0.0022735595703125
269686,normal,42,0,1782361760.073643,0.0020744800567626953
269687,normal,1091,0,1782361760.0763636,0.0027205944061279297
269688,normal,77,0,1782361760.0775104,0.0011467933654785156
269689,normal,2057,0,1782361760.0791886,0.0016782283782958984
269690,normal,2997,0,1782361760.0813355,0.0021469593048095703
269691,normal,630,0,1782361760.0834415,0.0021059513092041016
269692,normal,2215,0,1782361760.0855825,0.0021409988403320312
269693,normal,1799,0,1782361760.0874412,0.0018587112426757812
269694,normal,2384,0,1782361760.0893118,0.0018706321716308594
269695,normal,1240,0,1782361760.0915499,0.002238035202026367
269696,normal,1142,0,1782361760.0934973,0.0019474029541015625
269697,normal,28,0,1782361760.095184,0.0016868114471435547
269698,normal,3331,1,1782361760.0978916,0.0027074813842773438
269699,normal,3433,0,1782361760.0995471,0.00165557861328125
269700,normal,1212,0,1782361760.1012316,0.001684427261352539
269701,normal,767,0,1782361760.1032887,0.0020570755004882812
269702,normal,3006,0,1782361760.105267,0.0019783973693847656
269703,normal,1752,0,1782361760.1073453,0.0020782947540283203
269704,normal,1825,0,1782361760.1092205,0.001875162124633789
269705,normal,3389,1,1782361760.1117249,0.0025043487548828125
269706,normal,2182,0,1782361760.113794,0.002069234848022461
269707,normal,1531,0,1782361760.1153653,0.0015711784362792969
269708,normal,794,2,1782361760.1173139,0.0019485950469970703
269709,normal,1991,0,1782361760.1193013,0.001987457275390625
269710,normal,1141,0,1782361760.1214185,0.002117156982421875
269711,normal,3671,0,1782361760.1233673,0.0019488334655761719
269712,normal,819,2,1782361760.1252813,0.0019140243530273438
269713,normal,1210,0,1782361760.1276212,0.0023398399353027344
269714,normal,2628,0,1782361760.1293201,0.0016989707946777344
269715,normal,81,0,1782361760.131298,0.0019779205322265625
269716,normal,2553,0,1782361760.1334505,0.0021524429321289062
269717,normal,781,2,1782361760.1354268,0.0019762516021728516
269718,normal,3028,0,1782361760.1372833,0.0018565654754638672
269719,normal,2433,0,1782361760.139325,0.0020415782928466797
269720,normal,309,0,1782361760.1417358,0.002410888671875
269721,normal,1314,0,1782361760.1435084,0.0017726421356201172
269722,normal,2302,0,1782361760.1453173,0.0018088817596435547
269723,normal,88,0,1782361760.1474414,0.0021240711212158203
269724,normal,406,0,1782361760.149295,0.0018537044525146484
269725,normal,2896,0,1782361760.151427,0.002131938934326172
269726,normal,3037,0,1782361760.1536293,0.002202272415161133
269727,normal,1220,0,1782361760.1555758,0.0019464492797851562
269728,normal,3180,1,1782361760.1575682,0.001992464065551758
269729,normal,2663,0,1782361760.1593325,0.0017642974853515625
269730,normal,2885,0,1782361760.161412,0.002079486846923828
269731,normal,1104,0,1782361760.1637776,0.002365589141845703
269732,normal,3628,0,1782361760.1654246,0.0016469955444335938
269733,normal,2894,0,1782361760.1671886,0.001764059066772461
269734,normal,2008,0,1782361760.1692932,0.002104520797729492
269735,normal,3158,1,1782361760.1713,0.0020067691802978516
269736,normal,2290,0,1782361760.173214,0.0019140243530273438
269737,normal,272,0,1782361760.175487,0.002273082733154297
269738,normal,3034,0,1782361760.177441,0.0019538402557373047
269739,normal,1202,0,1782361760.1792934,0.0018525123596191406
269740,normal,2994,0,1782361760.1814291,0.002135753631591797
269741,normal,679,0,1782361760.183298,0.0018689632415771484
269742,normal,2950,0,1782361760.1852024,0.0019042491912841797
269743,normal,68,0,1782361760.1873646,0.0021622180938720703
269744,normal,1159,0,1782361760.1898215,0.0024569034576416016
269745,normal,2846,0,1782361760.1912508,0.0014293193817138672
269746,normal,2716,0,1782361760.1932068,0.0019559860229492188
269747,normal,1668,0,1782361760.1952705,0.002063751220703125
269748,normal,12,0,1782361760.1971726,0.0019021034240722656
269749,normal,1241,0,1782361760.1991956,0.002022981643676758
269750,normal,3559,0,1782361760.2012336,0.0020380020141601562
269751,normal,2038,0,1782361760.2034378,0.0022041797637939453
269752,normal,2580,0,1782361760.2054896,0.002051830291748047
269753,normal,295,0,1782361760.2073693,0.0018796920776367188
269754,normal,3276,1,1782361760.2094793,0.002110004425048828
269755,normal,2927,0,1782361760.2115884,0.002109050750732422
269756,normal,392,0,1782361760.213498,0.0019097328186035156
269757,normal,3514,0,1782361760.215337,0.0018389225006103516
269758,normal,171,0,1782361760.2175486,0.0022115707397460938
269759,normal,420,0,1782361760.219624,0.0020754337310791016
269760,normal,1891,0,1782361760.2212882,0.0016641616821289062
269761,normal,1355,1,1782361760.2233093,0.0020210742950439453
269762,normal,765,0,1782361760.2253182,0.0020089149475097656
269763,normal,1863,0,1782361760.2272382,0.0019199848175048828
269764,normal,189,0,1782361760.229291,0.002052783966064453
269765,normal,2094,0,1782361760.2315552,0.002264261245727539
269766,normal,317,0,1782361760.2332034,0.0016481876373291016
269767,normal,1060,0,1782361760.2352908,0.0020873546600341797
269768,normal,3214,1,1782361760.2372928,0.0020020008087158203
269769,normal,2583,0,1782361760.239179,0.001886129379272461
269770,normal,234,0,1782361760.2412894,0.0021104812622070312
269771,normal,915,2,1782361760.2438533,0.002563953399658203
269772,normal,352,0,1782361760.245919,0.0020656585693359375
269773,normal,769,0,1782361760.248014,0.0020949840545654297
269774,normal,21,0,1782361760.2494829,0.0014688968658447266
269775,normal,305,0,1782361760.25126,0.0017771720886230469
269776,normal,2258,0,1782361760.2533479,0.002087831497192383
269777,normal,556,0,1782361760.2554123,0.0020644664764404297
269778,normal,1539,0,1782361760.257231,0.0018186569213867188
269779,normal,768,0,1782361760.2594535,0.0022225379943847656
269780,normal,2444,0,1782361760.2616107,0.0021572113037109375
269781,normal,1673,0,1782361760.2632344,0.0016236305236816406
269782,normal,1219,0,1782361760.2653456,0.002111196517944336
269783,normal,3227,1,1782361760.2674005,0.002054929733276367
269784,normal,2430,0,1782361760.269274,0.0018734931945800781
269785,normal,2990,0,1782361760.271365,0.002090930938720703
269786,normal,120,0,1782361760.2733884,0.002023458480834961
269787,normal,2701,0,1782361760.2753475,0.001959085464477539
269788,normal,2834,0,1782361760.277539,0.0021915435791015625
269789,normal,2786,0,1782361760.279319,0.0017800331115722656
269790,normal,612,0,1782361760.2814116,0.002092599868774414
269791,normal,797,2,1782361760.283371,0.0019593238830566406
269792,normal,2581,0,1782361760.2858584,0.0024874210357666016
269793,normal,3326,1,1782361760.288432,0.0025734901428222656
269794,normal,3189,1,1782361760.2895508,0.0011188983917236328
269795,normal,280,0,1782361760.2912502,0.0016994476318359375
269796,normal,3062,1,1782361760.2932117,0.0019614696502685547
269797,normal,2418,0,1782361760.295341,0.0021293163299560547
269798,normal,253,0,1782361760.2973726,0.002031564712524414
269799,normal,2186,0,1782361760.2994025,0.002029895782470703
269800,normal,2754,0,1782361760.3015337,0.002131223678588867
269801,normal,2810,0,1782361760.3033798,0.0018460750579833984
269802,normal,1164,0,1782361760.3054318,0.0020520687103271484
269803,normal,184,0,1782361760.3073258,0.0018939971923828125
269804,normal,217,0,1782361760.3097,0.0023741722106933594
269805,normal,135,0,1782361760.3118258,0.0021257400512695312
269806,normal,3017,0,1782361760.3136218,0.0017960071563720703
269807,normal,2025,0,1782361760.3155513,0.0019295215606689453
269808,normal,2072,0,1782361760.3172102,0.0016589164733886719
269809,normal,2250,0,1782361760.3192868,0.0020766258239746094
269810,normal,2178,0,1782361760.3213325,0.0020456314086914062
269811,normal,452,0,1782361760.3232644,0.001931905746459961
269812,normal,3374,1,1782361760.3253667,0.002102375030517578
269813,normal,2391,0,1782361760.327414,0.002047300338745117
269814,normal,3011,0,1782361760.3292568,0.0018427371978759766
269815,normal,2143,0,1782361760.331343,0.002086162567138672
269816,normal,1725,0,1782361760.3333845,0.0020415782928466797
269817,normal,1926,0,1782361760.3353465,0.001961946487426758
269818,normal,3535,0,1782361760.3374343,0.002087831497192383
269819,normal,1881,0,1782361760.3393645,0.00193023681640625
269820,normal,2632,0,1782361760.3412597,0.0018951892852783203
269821,normal,1317,0,1782361760.343289,0.0020291805267333984
269822,normal,1120,0,1782361760.3458903,0.0026013851165771484
269823,normal,196,0,1782361760.347518,0.0016276836395263672
269824,normal,1324,1,1782361760.3494508,0.0019328594207763672
269825,normal,494,0,1782361760.3514607,0.002009868621826172
269826,normal,1945,0,1782361760.3534594,0.0019986629486083984
269827,normal,277,0,1782361760.3552353,0.001775979995727539
269828,normal,1947,0,1782361760.3574176,0.0021822452545166016
269829,normal,1121,0,1782361760.359271,0.0018534660339355469
269830,normal,1246,0,1782361760.3613706,0.0020995140075683594
269831,normal,1709,0,1782361760.3633986,0.0020279884338378906
269832,normal,1400,0,1782361760.3653302,0.0019316673278808594
269833,normal,2526,0,1782361760.367198,0.0018677711486816406
269834,normal,3593,0,1782361760.3695543,0.002356290817260742
269835,normal,1409,0,1782361760.3717198,0.002165555953979492
269836,normal,3290,1,1782361760.3733456,0.0016257762908935547
269837,normal,847,2,1782361760.3751616,0.0018160343170166016
269838,normal,2473,0,1782361760.3771765,0.0020148754119873047
269839,normal,112,0,1782361760.3793015,0.0021250247955322266
269840,normal,1378,1,1782361760.38132,0.002018451690673828
269841,normal,1541,0,1782361760.3832169,0.0018968582153320312
269842,normal,1222,0,1782361760.385319,0.0021021366119384766
269843,normal,2655,0,1782361760.3873088,0.0019898414611816406
269844,normal,775,2,1782361760.389249,0.0019402503967285156
269845,normal,995,2,1782361760.391402,0.0021529197692871094
269846,normal,2524,0,1782361760.393354,0.0019519329071044922
269847,normal,1453,0,1782361760.3952568,0.0019028186798095703
269848,normal,382,0,1782361760.3972738,0.0020170211791992188
269849,normal,2252,0,1782361760.3992155,0.001941680908203125
269850,normal,2857,0,1782361760.401227,0.002011537551879883
269851,normal,711,0,1782361760.403202,0.0019750595092773438
269852,normal,2426,0,1782361760.4052439,0.0020418167114257812
269853,normal,2779,0,1782361760.407173,0.0019290447235107422
269854,normal,312,0,1782361760.4091818,0.0020089149475097656
269855,normal,2985,0,1782361760.4111562,0.001974344253540039
269856,normal,2299,0,1782361760.4131527,0.0019965171813964844
269857,normal,687,0,1782361760.415282,0.0021293163299560547
269858,normal,3676,0,1782361760.4172225,0.0019404888153076172
269859,normal,369,0,1782361760.419197,0.0019745826721191406
269860,normal,3068,1,1782361760.4212158,0.0020186901092529297
269861,normal,360,0,1782361760.4231915,0.0019757747650146484
269862,normal,183,0,1782361760.4252465,0.002054929733276367
269863,normal,2656,0,1782361760.4271452,0.0018987655639648438
269864,normal,2629,0,1782361760.4295373,0.0023920536041259766
269865,normal,239,0,1782361760.4313972,0.001859903335571289
269866,normal,2213,0,1782361760.4333034,0.0019061565399169922
269867,normal,2865,0,1782361760.435308,0.0020046234130859375
269868,normal,3453,0,1782361760.437165,0.0018570423126220703
269869,normal,649,0,1782361760.4391696,0.0020046234130859375
269870,normal,3236,1,1782361760.4413087,0.0021390914916992188
269871,normal,1879,0,1782361760.4434211,0.0021123886108398438
269872,normal,2203,0,1782361760.4452019,0.0017807483673095703
269873,normal,1136,0,1782361760.4474118,0.002209901809692383
269874,normal,3561,0,1782361760.4492671,0.0018553733825683594
269875,normal,1182,0,1782361760.4512439,0.0019767284393310547
269876,normal,1918,0,1782361760.4532793,0.002035379409790039
269877,normal,2932,0,1782361760.4551659,0.001886606216430664
269878,normal,2401,0,1782361760.4577518,0.002585887908935547
269879,normal,3114,1,1782361760.4592848,0.0015330314636230469
269880,normal,1299,0,1782361760.4611645,0.0018796920776367188
269881,normal,1788,0,1782361760.4631522,0.0019876956939697266
269882,normal,3633,0,1782361760.465179,0.002026796340942383
269883,normal,1290,0,1782361760.467174,0.001995086669921875
269884,normal,3591,0,1782361760.4694927,0.0023186206817626953
269885,normal,609,0,1782361760.4714878,0.001995086669921875
269886,normal,2054,0,1782361760.4735293,0.0020415782928466797
269887,normal,1635,0,1782361760.4752524,0.0017230510711669922
269888,normal,3510,0,1782361760.477365,0.0021126270294189453
269889,normal,1135,0,1782361760.479229,0.0018639564514160156
269890,normal,2915,0,1782361760.4814582,0.0022292137145996094
269891,normal,163,0,1782361760.4833343,0.0018761157989501953
269892,normal,1426,0,1782361760.485285,0.0019507408142089844
269893,normal,3108,1,1782361760.487356,0.002070903778076172
269894,normal,596,0,1782361760.4895902,0.002234220504760742
269895,normal,1633,0,1782361760.4912903,0.0017001628875732422
269896,normal,1853,0,1782361760.4932272,0.0019369125366210938
269897,normal,1597,0,1782361760.4954479,0.002220630645751953
269898,normal,320,0,1782361760.497923,0.0024750232696533203
269899,normal,1787,0,1782361760.4998531,0.00193023681640625
269900,normal,2105,0,1782361760.501358,0.0015048980712890625
269901,normal,3545,0,1782361760.503183,0.0018248558044433594
269902,normal,1382,0,1782361760.5051942,0.0020112991333007812
269903,normal,1197,0,1782361760.5074322,0.002238035202026367
269904,normal,3020,0,1782361760.509291,0.0018587112426757812
269905,normal,836,2,1782361760.5112746,0.001983642578125
269906,normal,717,0,1782361760.513772,0.002497434616088867
269907,normal,3030,0,1782361760.5153189,0.0015468597412109375
269908,normal,3040,0,1782361760.5173335,0.002014636993408203
269909,normal,140,0,1782361760.5197492,0.0024156570434570312
269910,normal,3691,0,1782361760.5215466,0.0017974376678466797
269911,normal,2246,0,1782361760.523419,0.0018723011016845703
269912,normal,2871,0,1782361797.1312509,0.0
269913,normal,1189,0,1782361797.1331391,0.001888275146484375
269914,normal,1576,0,1782361797.1351438,0.0020046234130859375
269915,normal,319,0,1782361797.1371636,0.0020198822021484375
269916,normal,653,0,1782361797.139121,0.001957416534423828
269917,normal,2320,0,1782361797.1411736,0.0020525455474853516
269918,normal,887,2,1782361797.1433074,0.0021338462829589844
269919,normal,3415,0,1782361797.145239,0.0019316673278808594
269920,normal,454,0,1782361797.147292,0.002052783966064453
269921,normal,2221,0,1782361797.1491342,0.0018422603607177734
269922,normal,2418,0,1782361797.1512463,0.002112150192260742
269923,normal,2165,0,1782361797.1531103,0.0018639564514160156
269924,normal,328,0,1782361797.155114,0.0020036697387695312
269925,normal,839,2,1782361797.1571553,0.002041339874267578
269926,normal,785,2,1782361797.1593597,0.002204418182373047
269927,normal,3673,0,1782361797.1611648,0.0018050670623779297
269928,normal,3175,1,1782361797.1635435,0.002378702163696289
269929,normal,2417,0,1782361797.1653733,0.0018298625946044922
269930,normal,3225,1,1782361797.167154,0.0017807483673095703
269931,normal,3462,0,1782361797.1693542,0.0022001266479492188
269932,normal,3529,0,1782361797.1712985,0.0019443035125732422
269933,normal,1716,0,1782361797.1731606,0.0018620491027832031
269934,normal,3112,1,1782361797.175275,0.002114534378051758
269935,normal,2933,0,1782361797.1773334,0.002058267593383789
269936,normal,3381,1,1782361797.1791296,0.0017962455749511719
269937,normal,3264,1,1782361797.1814551,0.0023255348205566406
269938,normal,930,2,1782361797.1834102,0.0019550323486328125
269939,normal,425,0,1782361797.1853478,0.0019376277923583984
269940,normal,3408,0,1782361797.1873453,0.0019974708557128906
269941,normal,1897,0,1782361797.1893291,0.0019838809967041016
269942,normal,941,2,1782361797.1913695,0.002040386199951172
269943,normal,1006,2,1782361797.1933239,0.001954317092895508
269944,normal,1759,0,1782361797.1955738,0.0022499561309814453
269945,normal,1395,0,1782361797.197198,0.0016241073608398438
269946,normal,2828,0,1782361797.1995065,0.0023086071014404297
269947,normal,999,2,1782361797.2013218,0.0018153190612792969
269948,normal,1851,0,1782361797.203366,0.002044200897216797
269949,normal,1011,2,1782361797.205322,0.0019559860229492188
269950,normal,70,0,1782361797.2075093,0.0021872520446777344
269951,normal,634,0,1782361797.2092767,0.0017673969268798828
269952,normal,3291,1,1782361797.2113154,0.002038717269897461
269953,normal,2245,0,1782361797.2134137,0.0020983219146728516
269954,normal,3502,0,1782361797.2153654,0.0019516944885253906
269955,normal,2681,0,1782361797.2173252,0.0019598007202148438
269956,normal,2048,0,1782361797.2196388,0.0023136138916015625
269957,normal,349,0,1782361797.221153,0.0015141963958740234
269958,normal,651,0,1782361797.2233038,0.0021507740020751953
269959,normal,2042,0,1782361797.225316,0.0020122528076171875
269960,normal,2886,0,1782361797.2271519,0.0018358230590820312
269961,normal,1725,0,1782361797.229391,0.002239227294921875
269962,normal,3310,1,1782361797.2312727,0.0018815994262695312
269963,normal,3706,0,1782361797.2331545,0.0018818378448486328
269964,normal,3655,0,1782361797.235303,0.0021483898162841797
269965,normal,3319,1,1782361797.2372844,0.001981496810913086
269966,normal,327,0,1782361797.2391665,0.0018820762634277344
269967,normal,2837,0,1782361797.2413833,0.002216815948486328
269968,normal,2578,0,1782361797.2432773,0.0018939971923828125
269969,normal,2773,0,1782361797.2452047,0.0019273757934570312
269970,normal,2900,0,1782361797.2472696,0.002064943313598633
269971,normal,1757,0,1782361797.2492917,0.0020220279693603516
269972,normal,207,0,1782361797.2511785,0.0018868446350097656
269973,normal,655,0,1782361797.2535074,0.0023288726806640625
269974,normal,276,0,1782361797.255283,0.0017757415771484375
269975,normal,2836,0,1782361797.2571802,0.0018970966339111328
269976,normal,1999,0,1782361797.259527,0.0023467540740966797
269977,normal,1013,2,1782361797.2613406,0.001813650131225586
269978,normal,3088,1,1782361797.2631948,0.0018541812896728516
269979,normal,3539,0,1782361797.2654688,0.002274036407470703
269980,normal,2525,0,1782361797.2673376,0.0018687248229980469
269981,normal,1515,0,1782361797.2692075,0.0018699169158935547
269982,normal,594,0,1782361797.271524,0.0023164749145507812
269983,normal,2861,0,1782361797.2733471,0.0018231868743896484
269984,normal,2357,0,1782361797.2751946,0.0018475055694580078
269985,normal,1596,0,1782361797.2774677,0.002273082733154297
269986,normal,3474,0,1782361797.2793422,0.0018744468688964844
269987,normal,407,0,1782361797.281205,0.0018627643585205078
269988,normal,302,0,1782361797.283519,0.0023140907287597656
269989,normal,621,0,1782361797.2853317,0.0018126964569091797
269990,normal,2697,0,1782361797.2871683,0.001836538314819336
269991,normal,694,0,1782361797.289288,0.002119779586791992
269992,normal,2420,0,1782361797.2913098,0.00202178955078125
269993,normal,2053,0,1782361797.293165,0.0018551349639892578
269994,normal,3077,1,1782361797.2953,0.002135038375854492
269995,normal,2887,0,1782361797.297305,0.0020051002502441406
269996,normal,1563,0,1782361797.299164,0.0018589496612548828
269997,normal,3545,0,1782361797.3012948,0.002130746841430664
269998,normal,867,2,1782361797.303297,0.002002239227294922
269999,normal,423,0,1782361797.3051543,0.0018572807312011719
270000,normal,363,0,1782361797.3073096,0.002155303955078125
270001,normal,1519,0,1782361797.309307,0.0019974708557128906
270002,normal,3578,0,1782361797.311206,0.0018990039825439453
270003,normal,3383,1,1782361797.313394,0.002187967300415039
270004,normal,3398,1,1782361797.315305,0.0019109249114990234
270005,normal,1598,0,1782361797.3171527,0.0018477439880371094
270006,normal,460,0,1782361797.3193152,0.002162456512451172
270007,normal,2167,0,1782361797.3211882,0.001873016357421875
270008,normal,2592,0,1782361797.323338,0.002149820327758789
270009,normal,3397,1,1782361797.3251472,0.0018091201782226562
270010,normal,3561,0,1782361797.3272796,0.002132415771484375
270011,normal,1910,0,1782361797.3291793,0.00189971923828125
270012,normal,1035,0,1782361797.3313212,0.0021419525146484375
270013,normal,3025,0,1782361797.333262,0.0019407272338867188
270014,normal,461,0,1782361797.3351526,0.0018906593322753906
270015,normal,3060,1,1782361797.337296,0.002143383026123047
270016,normal,2043,0,1782361797.3393266,0.002030611038208008
270017,normal,2636,0,1782361797.3411462,0.001819610595703125
270018,normal,3490,0,1782361797.3433058,0.002159595489501953
270019,normal,934,2,1782361797.345303,0.001997232437133789
270020,normal,2545,0,1782361797.3471735,0.0018703937530517578
270021,normal,2242,0,1782361797.3492692,0.0020956993103027344
270022,normal,2150,0,1782361797.351157,0.0018877983093261719
270023,normal,2239,0,1782361797.3532095,0.0020525455474853516
270024,normal,2300,0,1782361797.3551514,0.0019419193267822266
270025,normal,512,0,1782361797.3573177,0.002166271209716797
270026,normal,3201,1,1782361797.3591664,0.0018486976623535156
270027,normal,1121,0,1782361797.3612974,0.0021309852600097656
270028,normal,2473,0,1782361797.3632941,0.001996755599975586
270029,normal,1388,0,1782361797.3651967,0.0019025802612304688
270030,normal,291,0,1782361797.3673913,0.002194643020629883
270031,normal,679,0,1782361797.3693376,0.0019462108612060547
270032,normal,3067,1,1782361797.3712022,0.0018646717071533203
270033,normal,3618,0,1782361797.373462,0.0022597312927246094
270034,normal,1565,0,1782361797.3753836,0.0019216537475585938
270035,normal,796,2,1782361797.377202,0.0018184185028076172
270036,normal,817,2,1782361797.379324,0.0021219253540039062
270037,normal,2736,0,1782361797.3813958,0.002071857452392578
270038,normal,824,2,1782361797.383206,0.0018100738525390625
270039,normal,1752,0,1782361797.3853302,0.002124309539794922
270040,normal,2275,0,1782361797.3873892,0.0020589828491210938
270041,normal,1482,0,1782361797.3891797,0.0017905235290527344
270042,normal,3674,0,1782361797.3912475,0.0020678043365478516
270043,normal,2781,0,1782361797.393321,0.002073526382446289
270044,normal,2866,0,1782361797.3952363,0.0019152164459228516
270045,normal,1945,0,1782361797.3973906,0.0021543502807617188
270046,normal,140,0,1782361797.3993332,0.0019426345825195312
270047,normal,2333,0,1782361797.4011588,0.001825571060180664
270048,normal,1557,0,1782361797.4033997,0.002240896224975586
270049,normal,1670,0,1782361797.4053984,0.0019986629486083984
270050,normal,292,0,1782361797.4072983,0.0018999576568603516
270051,normal,1394,0,1782361797.4093428,0.0020444393157958984
270052,normal,1465,0,1782361797.4113495,0.0020067691802978516
270053,normal,2741,0,1782361797.4132366,0.0018870830535888672
270054,normal,3591,0,1782361797.4153194,0.00208282470703125
270055,normal,3342,1,1782361797.4174457,0.0021262168884277344
270056,normal,2667,0,1782361797.4192612,0.0018155574798583984
270057,normal,723,0,1782361797.4212785,0.0020172595977783203
270058,normal,2764,0,1782361797.423406,0.002127408981323242
270059,normal,3188,1,1782361797.4252903,0.00188446044921875
270060,normal,1311,0,1782361797.4273431,0.002052783966064453
270061,normal,1625,0,1782361797.429443,0.002099752426147461
270062,normal,1022,2,1782361797.4312072,0.0017642974853515625
270063,normal,3346,1,1782361797.4335241,0.0023169517517089844
270064,normal,801,2,1782361797.435499,0.001974821090698242
270065,normal,3527,0,1782361797.4371924,0.0016934871673583984
270066,normal,3497,0,1782361797.4395227,0.002330303192138672
270067,normal,1091,0,1782361797.4414444,0.0019216537475585938
270068,normal,581,0,1782361797.4431584,0.0017139911651611328
270069,normal,2541,0,1782361797.445407,0.002248525619506836
270070,normal,1231,0,1782361797.4472609,0.00185394287109375
270071,normal,2616,0,1782361797.449282,0.0020210742950439453
270072,normal,2509,0,1782361797.4513428,0.0020608901977539062
270073,normal,2163,0,1782361797.4534256,0.00208282470703125
270074,normal,1514,0,1782361797.4551601,0.0017344951629638672
270075,normal,892,2,1782361797.4575362,0.002376079559326172
270076,normal,2456,0,1782361797.459276,0.0017397403717041016
270077,normal,2209,0,1782361797.4612963,0.0020203590393066406
270078,normal,1614,0,1782361797.4633207,0.002024412155151367
270079,normal,3513,0,1782361797.465423,0.002102375030517578
270080,normal,2311,0,1782361797.467204,0.0017809867858886719
270081,normal,3058,1,1782361797.469522,0.0023179054260253906
270082,normal,1180,0,1782361797.4714253,0.0019032955169677734
270083,normal,2012,0,1782361797.4731607,0.0017354488372802734
270084,normal,2455,0,1782361797.475542,0.0023813247680664062
270085,normal,56,0,1782361797.4772933,0.0017511844635009766
270086,normal,1384,0,1782361797.4791615,0.0018682479858398438
270087,normal,1291,0,1782361797.4815078,0.0023462772369384766
270088,normal,3110,1,1782361797.4832852,0.0017774105072021484
270089,normal,446,0,1782361797.4851694,0.0018842220306396484
270090,normal,3152,1,1782361797.4875453,0.0023758411407470703
270091,normal,2506,0,1782361797.489297,0.0017516613006591797
270092,normal,2991,0,1782361797.4911997,0.0019028186798095703
270093,normal,1543,0,1782361797.4933813,0.002181529998779297
270094,normal,911,2,1782361797.4952755,0.001894235610961914
270095,normal,390,0,1782361797.4971845,0.001909017562866211
270096,normal,1951,0,1782361797.499285,0.0021004676818847656
270097,normal,77,0,1782361797.5012617,0.0019767284393310547
270098,normal,3630,0,1782361797.503152,0.0018901824951171875
270099,normal,3253,1,1782361797.5052981,0.0021462440490722656
270100,normal,2898,0,1782361797.5072975,0.001999378204345703
270101,normal,3357,1,1782361797.5091655,0.0018680095672607422
270102,normal,3499,0,1782361797.5113823,0.002216815948486328
270103,normal,435,0,1782361797.5132546,0.0018723011016845703
270104,normal,1086,0,1782361797.5151916,0.0019369125366210938
270105,normal,3293,1,1782361797.5173898,0.0021982192993164062
270106,normal,3370,1,1782361797.519274,0.0018842220306396484
270107,normal,285,0,1782361797.5212874,0.0020134449005126953
270108,normal,3373,1,1782361797.5233004,0.002012968063354492
270109,normal,2376,0,1782361797.5253515,0.002051115036010742
270110,normal,552,0,1782361797.5273504,0.0019989013671875
270111,normal,3611,0,1782361797.5293314,0.001981019973754883
270112,normal,3459,0,1782361797.5313509,0.0020194053649902344
270113,normal,2540,0,1782361797.5332024,0.0018515586853027344
270114,normal,1791,0,1782361797.5355222,0.002319812774658203
270115,normal,1521,0,1782361797.5373533,0.0018310546875
270116,normal,2098,0,1782361797.5392056,0.001852273941040039
270117,normal,3343,1,1782361797.5415232,0.002317667007446289
270118,normal,1175,0,1782361797.5433543,0.0018310546875
270119,normal,266,0,1782361797.5452065,0.001852273941040039
270120,normal,213,0,1782361797.5475245,0.0023179054260253906
270121,normal,1536,0,1782361797.549358,0.0018334388732910156
270122,normal,108,0,1782361797.5512056,0.0018477439880371094
270123,normal,2225,0,1782361797.5535228,0.002317190170288086
270124,normal,181,0,1782361797.555358,0.0018351078033447266
270125,normal,3451,0,1782361797.5572047,0.0018467903137207031
270126,normal,1940,0,1782361797.559524,0.0023193359375
270127,normal,1396,0,1782361797.5613623,0.0018382072448730469
270128,normal,2934,0,1782361797.5632138,0.0018515586853027344
270129,normal,1420,0,1782361797.5655234,0.002309560775756836
270130,normal,1214,0,1782361797.5673635,0.0018401145935058594
270131,normal,1136,0,1782361797.5692375,0.0018739700317382812
270132,normal,3449,0,1782361797.5715249,0.0022873878479003906
270133,normal,2795,0,1782361797.5733302,0.0018053054809570312
270134,normal,2336,0,1782361797.5751626,0.0018324851989746094
270135,normal,2280,0,1782361797.5774145,0.002251863479614258
270136,normal,315,0,1782361797.57937,0.0019555091857910156
270137,normal,1192,0,1782361797.5812635,0.0018935203552246094
270138,normal,1488,0,1782361797.583345,0.0020813941955566406
270139,normal,1622,0,1782361797.5853748,0.002029895782470703
270140,normal,3596,0,1782361797.5872056,0.0018308162689208984
270141,normal,3478,0,1782361797.5895247,0.0023190975189208984
270142,normal,1595,0,1782361797.5913749,0.001850128173828125
270143,normal,761,0,1782361797.5932333,0.0018584728240966797
270144,normal,209,0,1782361797.5953596,0.0021262168884277344
270145,normal,1089,0,1782361797.5973787,0.002019166946411133
270146,normal,2160,0,1782361797.5992038,0.001825094223022461
270147,normal,536,0,1782361797.6015234,0.0023195743560791016
270148,normal,2044,0,1782361797.6033802,0.0018568038940429688
270149,normal,3042,0,1782361797.6053522,0.0019719600677490234
270150,normal,49,0,1782361797.607352,0.0019998550415039062
270151,normal,3046,1,1782361797.6093829,0.0020308494567871094
270152,normal,1836,0,1782361797.6112049,0.0018219947814941406
270153,normal,1974,0,1782361797.6135228,0.0023179054260253906
270154,normal,2802,0,1782361797.615375,0.001852273941040039
270155,normal,3592,0,1782361797.6172025,0.0018274784088134766
270156,normal,1226,0,1782361797.6192098,0.0020072460174560547
270157,normal,2011,0,1782361797.6215231,0.002313375473022461
270158,normal,0,0,1782361797.6233966,0.0018734931945800781
270159,normal,869,2,1782361797.625318,0.0019214153289794922
270160,normal,53,0,1782361797.627392,0.002074003219604492
270161,normal,1709,0,1782361797.629226,0.0018339157104492188
270162,normal,3514,0,1782361797.6313186,0.002092599868774414
270163,normal,1160,0,1782361797.633392,0.002073526382446289
270164,normal,2384,0,1782361797.6352131,0.0018210411071777344
270165,normal,2989,0,1782361797.6373203,0.0021071434020996094
270166,normal,717,0,1782361797.6393948,0.0020744800567626953
270167,normal,2691,0,1782361797.641238,0.0018432140350341797
270168,normal,1050,0,1782361797.6433692,0.002131223678588867
270169,normal,2481,0,1782361797.645397,0.002027750015258789
270170,normal,2299,0,1782361797.6472478,0.0018508434295654297
270171,normal,2721,0,1782361797.6495073,0.002259492874145508
270172,normal,1669,0,1782361797.6514,0.0018928050994873047
270173,normal,648,0,1782361797.6532393,0.0018391609191894531
270174,normal,2240,0,1782361797.6554704,0.002231121063232422
270175,normal,2940,0,1782361797.657405,0.0019345283508300781
270176,normal,424,0,1782361797.659269,0.0018641948699951172
270177,normal,2061,0,1782361797.661318,0.002048969268798828
270178,normal,2973,0,1782361797.6632771,0.001959085464477539
270179,normal,3541,0,1782361797.665275,0.0019979476928710938
270180,normal,1141,0,1782361797.6673188,0.0020437240600585938
270181,normal,1877,0,1782361797.6694238,0.0021049976348876953
270182,normal,1801,0,1782361797.6712432,0.0018193721771240234
270183,normal,3699,0,1782361797.6733193,0.0020761489868164062
270184,normal,3395,1,1782361797.6754117,0.0020923614501953125
270185,normal,727,0,1782361797.677251,0.0018393993377685547
270186,normal,39,0,1782361797.6793175,0.002066373825073242
270187,normal,3525,0,1782361797.6814132,0.0020956993103027344
270188,normal,1208,0,1782361797.6832309,0.0018177032470703125
270189,normal,1843,0,1782361797.6853144,0.0020835399627685547
270190,normal,1829,0,1782361797.687337,0.0020225048065185547
270191,normal,971,2,1782361797.6892643,0.0019273757934570312
270192,normal,3404,0,1782361797.6913526,0.002088308334350586
270193,normal,955,2,1782361797.6934164,0.002063751220703125
270194,normal,251,0,1782361797.6952453,0.001828908920288086
270195,normal,1889,0,1782361797.697465,0.002219676971435547
270196,normal,2439,0,1782361797.699423,0.001958131790161133
270197,normal,2787,0,1782361797.7012224,0.0017993450164794922
270198,normal,2950,0,1782361797.7033167,0.002094268798828125
270199,normal,2591,0,1782361797.7053218,0.0020051002502441406
270200,normal,167,0,1782361797.7072463,0.0019245147705078125
270201,normal,1987,0,1782361797.7093172,0.002070903778076172
270202,normal,2682,0,1782361797.7113187,0.002001523971557617
270203,normal,2796,0,1782361797.7132573,0.0019385814666748047
270204,normal,1352,1,1782361797.7163668,0.003109455108642578
270205,normal,862,2,1782361797.7172954,0.0009286403656005859
270206,normal,1582,0,1782361797.719277,0.001981496810913086
270207,normal,1998,0,1782361797.7212858,0.0020089149475097656
270208,normal,836,2,1782361797.723268,0.0019822120666503906
270209,normal,2489,0,1782361797.7252302,0.0019621849060058594
270210,normal,976,2,1782361797.7272296,0.001999378204345703
270211,normal,1473,0,1782361797.7292407,0.0020110607147216797
270212,normal,3405,0,1782361797.73128,0.0020394325256347656
270213,normal,2640,0,1782361797.7333148,0.0020346641540527344
270214,normal,112,0,1782361797.7353168,0.0020020008087158203
270215,normal,121,0,1782361797.7371862,0.0018694400787353516
270216,normal,1545,0,1782361797.739459,0.0022728443145751953
270217,normal,2600,0,1782361797.7413352,0.0018761157989501953
270218,normal,919,2,1782361797.7432845,0.001949310302734375
270219,normal,2505,0,1782361797.7453153,0.0020308494567871094
270220,normal,2197,0,1782361797.7473176,0.002002239227294922
270221,normal,2234,0,1782361797.7492087,0.0018911361694335938
270222,normal,2527,0,1782361797.7514648,0.002256155014038086
270223,normal,872,2,1782361797.7533429,0.0018780231475830078
270224,normal,1818,0,1782361797.755339,0.0019960403442382812
270225,normal,3195,1,1782361797.757333,0.0019941329956054688
270226,normal,3311,1,1782361797.759503,0.0021698474884033203
270227,normal,2345,0,1782361797.7611933,0.0016903877258300781
270228,normal,1066,0,1782361797.7634606,0.0022673606872558594
270229,normal,2604,0,1782361797.7653177,0.0018570423126220703
270230,normal,484,0,1782361797.7673433,0.002025604248046875
270231,normal,3300,1,1782361797.7693176,0.001974344253540039
270232,normal,3198,1,1782361797.7715383,0.002220630645751953
270233,normal,2677,0,1782361797.7732868,0.0017485618591308594
270234,normal,590,0,1782361797.7753158,0.002028942108154297
270235,normal,308,0,1782361797.7773185,0.002002716064453125
270236,normal,2879,0,1782361797.7791867,0.0018682479858398438
270237,normal,3083,1,1782361797.7814598,0.002273082733154297
270238,normal,3521,0,1782361797.7833545,0.0018947124481201172
270239,normal,2535,0,1782361797.7852862,0.0019316673278808594
270240,normal,2504,0,1782361797.7873175,0.0020313262939453125
270241,normal,1961,0,1782361797.7893193,0.0020017623901367188
270242,normal,100,0,1782361797.7911863,0.001867055892944336
270243,normal,6,0,1782361797.7934613,0.0022749900817871094
270244,normal,1467,0,1782361797.7953582,0.0018968582153320312
270245,normal,1154,0,1782361797.797285,0.0019268989562988281
270246,normal,430,0,1782361797.7993283,0.0020432472229003906
270247,normal,451,0,1782361797.8013184,0.001990079879760742
270248,normal,1510,0,1782361797.803215,0.0018966197967529297
270249,normal,2453,0,1782361797.8053157,0.002100706100463867
270250,normal,33,0,1782361797.807362,0.002046346664428711
270251,normal,3260,1,1782361797.8092465,0.00188446044921875
270252,normal,2858,0,1782361797.8114603,0.002213716506958008
270253,normal,2402,0,1782361797.8133647,0.0019044876098632812
270254,normal,1416,0,1782361797.8152304,0.0018656253814697266
270255,normal,2341,0,1782361797.8173313,0.0021009445190429688
270256,normal,3114,1,1782361797.819369,0.0020377635955810547
270257,normal,2745,0,1782361797.8212392,0.0018701553344726562
270258,normal,1645,0,1782361797.82347,0.0022308826446533203
270259,normal,586,0,1782361797.8253717,0.0019016265869140625
270260,normal,2177,0,1782361797.8272243,0.0018525123596191406
270261,normal,3134,1,1782361797.8293161,0.0020918846130371094
270262,normal,1989,0,1782361797.831372,0.0020558834075927734
270263,normal,568,0,1782361797.8332422,0.0018701553344726562
270264,normal,2067,0,1782361797.8355124,0.002270221710205078
270265,normal,2492,0,1782361797.8373756,0.001863241195678711
270266,normal,3518,0,1782361797.8392317,0.001856088638305664
270267,normal,2249,0,1782361797.8413165,0.0020847320556640625
270268,normal,41,0,1782361797.8433173,0.0020008087158203125
270269,normal,776,2,1782361797.8452516,0.0019342899322509766
270270,normal,437,0,1782361797.84746,0.0022084712982177734
270271,normal,249,0,1782361797.84938,0.0019199848175048828
270272,normal,2762,0,1782361797.851216,0.0018360614776611328
270273,normal,843,2,1782361797.8533154,0.002099275588989258
270274,normal,3341,1,1782361797.8553858,0.0020704269409179688
270275,normal,2908,0,1782361797.8572469,0.0018610954284667969
270276,normal,1782,0,1782361797.8593187,0.002071857452392578
270277,normal,3547,0,1782361797.861318,0.001999378204345703
270278,normal,1666,0,1782361797.8632371,0.0019190311431884766
270279,normal,1462,0,1782361797.8653162,0.002079010009765625
270280,normal,1605,0,1782361797.8673866,0.0020704269409179688
270281,normal,2096,0,1782361797.8692458,0.0018591880798339844
270282,normal,3335,1,1782361797.8714597,0.0022139549255371094
270283,normal,1988,0,1782361797.8733892,0.0019295215606689453
270284,normal,2759,0,1782361797.8752017,0.0018124580383300781
270285,normal,3272,1,1782361797.8774676,0.00226593017578125
270286,normal,1938,0,1782361797.8793921,0.0019245147705078125
270287,normal,2458,0,1782361797.8812475,0.0018553733825683594
270288,normal,2488,0,1782361797.88331,0.002062559127807617
270289,normal,1552,0,1782361797.8853939,0.0020837783813476562
270290,normal,1148,0,1782361797.8871982,0.001804351806640625
270291,normal,1611,0,1782361797.8894536,0.0022554397583007812
270292,normal,393,0,1782361797.8912723,0.0018186569213867188
270293,normal,3427,0,1782361797.8933156,0.0020432472229003906
270294,normal,119,0,1782361797.8953369,0.002021312713623047
270295,normal,2393,0,1782361797.8974004,0.0020635128021240234
270296,normal,2862,0,1782361797.899199,0.0017986297607421875
270297,normal,1243,0,1782361797.9014525,0.0022535324096679688
270298,normal,2820,0,1782361797.9034014,0.0019488334655761719
270299,normal,1919,0,1782361797.905247,0.0018455982208251953
270300,normal,3638,0,1782361797.9073105,0.0020635128021240234
270301,normal,940,2,1782361797.9094086,0.00209808349609375
270302,normal,1260,0,1782361797.9111912,0.0017826557159423828
270303,normal,591,0,1782361797.9134574,0.0022661685943603516
270304,normal,958,2,1782361797.915312,0.0018546581268310547
270305,normal,1443,0,1782361797.9172397,0.0019276142120361328
270306,normal,322,0,1782361797.9194531,0.0022134780883789062
270307,normal,462,0,1782361797.9213107,0.0018575191497802734
270308,normal,1326,1,1782361797.9231966,0.0018858909606933594
270309,normal,3457,0,1782361797.9254556,0.0022590160369873047
270310,normal,2599,0,1782361797.9272873,0.0018317699432373047
270311,normal,2501,0,1782361797.9293203,0.0020329952239990234
270312,normal,2814,0,1782361797.9313416,0.002021312713623047
270313,normal,1804,0,1782361797.9334006,0.0020589828491210938
270314,normal,2491,0,1782361797.9351966,0.0017960071563720703
270315,normal,204,0,1782361797.937459,0.0022623538970947266
270316,normal,1146,0,1782361797.9394023,0.001943349838256836
270317,normal,3351,1,1782361797.9412472,0.0018448829650878906
270318,normal,3659,0,1782361797.9433112,0.0020639896392822266
270319,normal,3349,1,1782361797.9453242,0.002012968063354492
270320,normal,2788,0,1782361797.947189,0.0018649101257324219
270321,normal,2001,0,1782361797.9494603,0.0022711753845214844
270322,normal,1432,0,1782361797.951336,0.0018756389617919922
270323,normal,2361,0,1782361797.95325,0.0019140243530273438
270324,normal,158,0,1782361797.9553216,0.0020716190338134766
270325,normal,1672,0,1782361797.9573267,0.0020051002502441406
270326,normal,2978,0,1782361797.9592035,0.0018768310546875
270327,normal,1827,0,1782361797.9613101,0.0021066665649414062
270328,normal,972,2,1782361797.9633274,0.0020172595977783203
270329,normal,3218,1,1782361797.9652507,0.0019233226776123047
270330,normal,584,0,1782361797.9673114,0.0020606517791748047
270331,normal,1313,0,1782361797.9693313,0.0020198822021484375
270332,normal,1128,0,1782361797.9711936,0.0018622875213623047
270333,normal,1550,0,1782361797.973454,0.002260446548461914
270334,normal,852,2,1782361797.9753323,0.0018782615661621094
270335,normal,2467,0,1782361797.9772513,0.0019190311431884766
270336,normal,1996,0,1782361797.979313,0.002061605453491211
270337,normal,2960,0,1782361797.9813354,0.0020225048065185547
270338,normal,516,0,1782361797.9831936,0.0018582344055175781
270339,normal,781,2,1782361797.9854538,0.0022602081298828125
270340,normal,1739,0,1782361797.9873397,0.0018858909606933594
270341,normal,3472,0,1782361797.9892442,0.0019044876098632812
270342,normal,1239,0,1782361797.991453,0.002208709716796875
270343,normal,555,0,1782361797.993341,0.0018880367279052734
270344,normal,263,0,1782361797.995216,0.0018749237060546875
270345,normal,989,2,1782361797.9973176,0.0021016597747802734
270346,normal,2309,0,1782361797.9993432,0.002025604248046875
270347,normal,514,0,1782361798.001247,0.0019037723541259766
270348,normal,725,0,1782361798.00331,0.0020630359649658203
270349,normal,1861,0,1782361798.0053453,0.002035379409790039
270350,normal,3247,1,1782361798.0072,0.0018546581268310547
270351,normal,963,2,1782361798.009459,0.0022590160369873047
270352,normal,248,0,1782361798.0113497,0.0018906593322753906
270353,normal,3250,1,1782361798.0132487,0.0018990039825439453
270354,normal,2565,0,1782361798.0153103,0.002061605453491211
270355,normal,2752,0,1782361798.0173504,0.0020401477813720703
270356,normal,3492,0,1782361798.0192118,0.0018613338470458984
270357,normal,3555,0,1782361798.021309,0.0020971298217773438
270358,normal,389,0,1782361798.0232406,0.0019316673278808594
270359,normal,141,0,1782361798.0253851,0.0021445751190185547
270360,normal,599,0,1782361798.0271957,0.0018105506896972656
270361,normal,697,0,1782361798.0293577,0.0021619796752929688
270362,normal,831,2,1782361798.0312028,0.0018451213836669922
270363,normal,1325,1,1782361798.033527,0.0023241043090820312
270364,normal,2091,0,1782361798.035365,0.0018382072448730469
270365,normal,1202,0,1782361798.0372229,0.001857757568359375
270366,normal,2260,0,1782361798.039324,0.0021011829376220703
270367,normal,684,0,1782361798.0413618,0.0020377635955810547
270368,normal,1819,0,1782361798.0432026,0.001840829849243164
270369,normal,888,2,1782361798.0455225,0.002319812774658203
270370,normal,543,0,1782361798.0473707,0.0018482208251953125
270371,normal,1895,0,1782361798.04919,0.0018193721771240234
270372,normal,1825,0,1782361798.051463,0.0022728443145751953
270373,normal,3032,0,1782361798.053368,0.001905202865600586
270374,normal,2563,0,1782361798.0552006,0.0018324851989746094
270375,normal,2024,0,1782361798.0575266,0.0023260116577148438
270376,normal,2962,0,1782361798.0593758,0.0018491744995117188
270377,normal,2032,0,1782361798.0611935,0.0018177032470703125
270378,normal,3568,0,1782361798.063475,0.0022814273834228516
270379,normal,982,2,1782361798.0653725,0.001897573471069336
270380,normal,3103,1,1782361798.067202,0.0018296241760253906
270381,normal,2125,0,1782361798.0695162,0.0023140907287597656
270382,normal,2415,0,1782361798.07126,0.0017437934875488281
270383,normal,3672,0,1782361798.0733776,0.002117633819580078
270384,normal,401,0,1782361798.0752046,0.0018270015716552734
270385,normal,1169,0,1782361798.0773337,0.002129077911376953
270386,normal,3255,1,1782361798.0792065,0.0018727779388427734
270387,normal,2579,0,1782361798.0814695,0.0022630691528320312
270388,normal,2397,0,1782361798.0833447,0.001875162124633789
270389,normal,3151,1,1782361798.0852478,0.0019030570983886719
270390,normal,791,2,1782361798.0874686,0.0022208690643310547
270391,normal,1775,0,1782361798.0893817,0.0019130706787109375
270392,normal,3632,0,1782361798.0912027,0.0018210411071777344
270393,normal,1719,0,1782361798.0935137,0.0023109912872314453
270394,normal,1224,0,1782361798.0953572,0.0018434524536132812
270395,normal,1602,0,1782361798.097151,0.0017938613891601562
270396,normal,3171,1,1782361798.099426,0.0022749900817871094
270397,normal,2020,0,1782361798.101331,0.0019049644470214844
270398,normal,231,0,1782361798.1032321,0.0019011497497558594
270399,normal,136,0,1782361798.1053178,0.0020856857299804688
270400,normal,367,0,1782361798.1073859,0.002068042755126953
270401,normal,724,0,1782361798.1091902,0.001804351806640625
270402,normal,3256,1,1782361798.111507,0.002316713333129883
270403,normal,1039,0,1782361798.113392,0.0018851757049560547
270404,normal,1853,0,1782361798.115201,0.0018088817596435547
270405,normal,596,0,1782361798.1176374,0.002436399459838867
270406,normal,1149,0,1782361798.1193244,0.0016870498657226562
270407,normal,3120,1,1782361798.1211495,0.001825094223022461
270408,normal,270,0,1782361798.12338,0.002230405807495117
270409,normal,3107,1,1782361798.1253526,0.001972675323486328
270410,normal,524,0,1782361798.1271448,0.0017921924591064453
270411,normal,2610,0,1782361798.129397,0.0022521018981933594
270412,normal,645,0,1782361798.1314075,0.0020105838775634766
270413,normal,301,0,1782361798.1332498,0.0018422603607177734
270414,normal,2792,0,1782361798.1353245,0.002074718475341797
270415,normal,2105,0,1782361798.1374152,0.0020906925201416016
270416,normal,3056,1,1782361798.1391728,0.0017576217651367188
270417,normal,1879,0,1782361798.1415224,0.0023496150970458984
270418,normal,578,0,1782361798.1434166,0.001894235610961914
270419,normal,157,0,1782361798.1451917,0.0017750263214111328
270420,normal,2733,0,1782361798.1474655,0.0022737979888916016
270421,normal,103,0,1782361798.14941,0.0019445419311523438
270422,normal,2195,0,1782361798.1512084,0.001798391342163086
270423,normal,3,0,1782361798.1535156,0.0023071765899658203
270424,normal,2008,0,1782361798.1554174,0.001901865005493164
270425,normal,886,2,1782361798.157333,0.0019154548645019531
270426,normal,500,0,1782361798.1593215,0.001988649368286133
270427,normal,3686,0,1782361798.1613538,0.0020322799682617188
270428,normal,2552,0,1782361798.1631472,0.0017933845520019531
270429,normal,3352,1,1782361798.165441,0.002293825149536133
270430,normal,3075,1,1782361798.1673584,0.0019173622131347656
270431,normal,3244,1,1782361798.1692035,0.0018451213836669922
270432,normal,2897,0,1782361798.171467,0.0022635459899902344
270433,normal,2089,0,1782361798.1732695,0.0018024444580078125
270434,normal,1630,0,1782361798.1751435,0.0018739700317382812
270435,normal,3649,0,1782361798.1774433,0.002299785614013672
270436,normal,2007,0,1782361798.1792798,0.001836538314819336
270437,normal,1860,0,1782361798.1812046,0.001924753189086914
270438,normal,882,2,1782361798.1833756,0.002171039581298828
270439,normal,3486,0,1782361798.1852665,0.0018908977508544922
270440,normal,615,0,1782361798.1871417,0.001875162124633789
270441,normal,1391,0,1782361798.1894042,0.002262592315673828
270442,normal,2674,0,1782361798.1913326,0.0019283294677734375
270443,normal,1349,1,1782361798.193227,0.0018944740295410156
270444,normal,2261,0,1782361798.1952798,0.002052783966064453
270445,normal,509,0,1782361798.1972616,0.0019817352294921875
270446,normal,2351,0,1782361798.1991465,0.0018849372863769531
270447,normal,490,0,1782361798.20144,0.0022935867309570312
270448,normal,1509,0,1782361798.2032897,0.0018496513366699219
270449,normal,1760,0,1782361798.205213,0.0019233226776123047
270450,normal,2679,0,1782361798.207478,0.0022649765014648438
270451,normal,74,0,1782361798.209272,0.0017938613891601562
270452,normal,705,0,1782361798.211144,0.0018720626831054688
270453,normal,3585,0,1782361798.2134418,0.0022978782653808594
270454,normal,2943,0,1782361798.2152927,0.0018508434295654297
270455,normal,944,2,1782361798.2172143,0.0019216537475585938
270456,normal,44,0,1782361798.2192762,0.0020618438720703125
270457,normal,35,0,1782361798.2212555,0.001979351043701172
270458,normal,642,0,1782361798.223172,0.0019164085388183594
270459,normal,510,0,1782361798.2254388,0.0022668838500976562
270460,normal,1317,0,1782361798.2273002,0.0018613338470458984
270461,normal,2719,0,1782361798.2292032,0.0019030570983886719
270462,normal,1300,0,1782361798.2313087,0.0021054744720458984
270463,normal,326,0,1782361798.2332604,0.0019516944885253906
270464,normal,3480,0,1782361798.2351432,0.001882791519165039
270465,normal,3469,0,1782361798.2373905,0.002247333526611328
270466,normal,1575,0,1782361798.2392976,0.0019071102142333984
270467,normal,3091,1,1782361798.2412045,0.0019068717956542969
270468,normal,2404,0,1782361798.2433748,0.0021703243255615234
270469,normal,342,0,1782361798.245255,0.0018801689147949219
270470,normal,2517,0,1782361798.2471414,0.0018863677978515625
270471,normal,1142,0,1782361798.2494447,0.0023033618927001953
270472,normal,1969,0,1782361798.2513065,0.0018618106842041016
270473,normal,1555,0,1782361798.2532017,0.0018951892852783203
270474,normal,1078,0,1782361798.2553735,0.002171754837036133
270475,normal,2052,0,1782361798.2573195,0.0019459724426269531
270476,normal,1832,0,1782361798.259202,0.0018825531005859375
270477,normal,790,2,1782361798.261517,0.002315044403076172
270478,normal,1193,0,1782361798.2633188,0.0018017292022705078
270479,normal,2236,0,1782361798.2652001,0.0018813610076904297
270480,normal,3240,1,1782361798.2675076,0.002307415008544922
270481,normal,2857,0,1782361798.2692711,0.0017635822296142578
270482,normal,330,0,1782361798.2711422,0.0018711090087890625
270483,normal,2961,0,1782361798.2735274,0.0023851394653320312
270484,normal,974,2,1782361798.2753673,0.0018398761749267578
270485,normal,3368,1,1782361798.2771924,0.001825094223022461
270486,normal,491,0,1782361798.2794645,0.0022721290588378906
270487,normal,766,0,1782361798.2813604,0.001895904541015625
270488,normal,1686,0,1782361798.2832792,0.001918792724609375
270489,normal,1338,1,1782361798.2852848,0.0020055770874023438
270490,normal,1280,0,1782361798.287278,0.0019931793212890625
270491,normal,769,0,1782361798.289189,0.001911163330078125
270492,normal,2025,0,1782361798.2914624,0.0022733211517333984
270493,normal,1145,0,1782361798.2933688,0.0019063949584960938
270494,normal,1225,0,1782361798.2951598,0.0017910003662109375
270495,normal,1197,0,1782361798.297267,0.0021071434020996094
270496,normal,1285,0,1782361798.2994537,0.0021867752075195312
270497,normal,2548,0,1782361798.301214,0.001760244369506836
270498,normal,2372,0,1782361798.3034642,0.002250194549560547
270499,normal,1744,0,1782361798.3053186,0.0018544197082519531
270500,normal,2895,0,1782361798.307238,0.0019195079803466797
270501,normal,2353,0,1782361798.30925,0.002012014389038086
270502,normal,636,0,1782361798.3112757,0.002025604248046875
270503,normal,808,2,1782361798.3132071,0.0019314289093017578
270504,normal,2806,0,1782361798.3154767,0.0022695064544677734
270505,normal,1219,0,1782361798.3181024,0.002625703811645508
270506,normal,3535,0,1782361798.3192313,0.0011289119720458984
270507,normal,1662,0,1782361798.3211212,0.001889944076538086
270508,normal,88,0,1782361798.323373,0.002251863479614258
270509,normal,1663,0,1782361798.3251069,0.0017337799072265625
270510,normal,280,0,1782361798.3271713,0.0020644664764404297
270511,normal,1343,1,1782361798.3295279,0.0023565292358398438
270512,normal,1107,0,1782361798.3311534,0.0016255378723144531
270513,normal,477,0,1782361798.3333087,0.002155303955078125
270514,normal,3054,1,1782361798.3352082,0.0018994808197021484
270515,normal,2232,0,1782361798.3371482,0.001940011978149414
270516,normal,3079,1,1782361798.3393197,0.0021715164184570312
270517,normal,1742,0,1782361798.341267,0.0019474029541015625
270518,normal,1647,0,1782361798.343304,0.0020368099212646484
270519,normal,2365,0,1782361798.3451529,0.0018489360809326172
270520,normal,211,0,1782361798.347356,0.002203226089477539
270521,normal,2438,0,1782361798.3491595,0.0018033981323242188
270522,normal,2916,0,1782361798.351145,0.0019855499267578125
270523,normal,86,0,1782361798.3531756,0.002030611038208008
270524,normal,1820,0,1782361798.355093,0.0019173622131347656
270525,normal,3562,0,1782361798.3571332,0.0020401477813720703
270526,normal,1295,0,1782361798.3591459,0.0020127296447753906
270527,normal,272,0,1782361798.3610866,0.0019407272338867188
270528,normal,2151,0,1782361798.3631403,0.0020537376403808594
270529,normal,1299,0,1782361798.3652637,0.0021233558654785156
270530,normal,602,0,1782361798.3670874,0.0018236637115478516
270531,normal,1880,0,1782361798.369262,0.0021746158599853516
270532,normal,1113,0,1782361798.3714328,0.0021708011627197266
270533,normal,2085,0,1782361798.3730981,0.001665353775024414
270534,normal,748,0,1782361798.3752553,0.0021572113037109375
270535,normal,2832,0,1782361798.3774748,0.0022194385528564453
270536,normal,2173,0,1782361798.3791473,0.001672506332397461
270537,normal,1993,0,1782361798.3813488,0.002201557159423828
270538,normal,671,0,1782361798.3834238,0.0020749568939208984
270539,normal,215,0,1782361798.38521,0.0017862319946289062
270540,normal,3176,1,1782361798.3875306,0.002320528030395508
270541,normal,3439,0,1782361798.3893244,0.0017938613891601562
270542,normal,2495,0,1782361798.3911932,0.0018687248229980469
270543,normal,614,0,1782361798.3934684,0.002275228500366211
270544,normal,243,0,1782361798.39542,0.0019516944885253906
270545,normal,3461,0,1782361798.3972046,0.0017845630645751953
270546,normal,1828,0,1782361798.3995254,0.0023207664489746094
270547,normal,2258,0,1782361798.4014177,0.0018923282623291016
270548,normal,205,0,1782361798.403193,0.0017752647399902344
270549,normal,1115,0,1782361798.4054677,0.002274751663208008
270550,normal,2561,0,1782361798.4074259,0.001958131790161133
270551,normal,2686,0,1782361798.409205,0.0017790794372558594
270552,normal,2673,0,1782361798.4115186,0.0023136138916015625
270553,normal,803,2,1782361798.4134264,0.0019078254699707031
270554,normal,2907,0,1782361798.415193,0.0017666816711425781
270555,normal,358,0,1782361798.417466,0.0022728443145751953
270556,normal,807,2,1782361798.4194314,0.0019655227661132812
270557,normal,364,0,1782361798.4212995,0.0018680095672607422
270558,normal,1483,0,1782361798.4233825,0.0020830631256103516
270559,normal,360,0,1782361798.4252915,0.001909017562866211
270560,normal,3049,1,1782361798.4272008,0.0019092559814453125
270561,normal,3701,0,1782361798.429418,0.0022172927856445312
270562,normal,300,0,1782361798.4312708,0.0018527507781982422
270563,normal,3660,0,1782361798.433266,0.001995086669921875
270564,normal,1524,0,1782361798.4353209,0.002054929733276367
270565,normal,253,0,1782361798.4373262,0.002005338668823242
270566,normal,3294,1,1782361798.4391668,0.0018405914306640625
270567,normal,314,0,1782361798.4413836,0.002216815948486328
270568,normal,1385,0,1782361798.4432604,0.0018768310546875
270569,normal,630,0,1782361798.445245,0.0019845962524414062
270570,normal,926,2,1782361798.4472587,0.002013683319091797
270571,normal,891,2,1782361798.4492733,0.002014636993408203
270572,normal,351,0,1782361798.4511435,0.0018701553344726562
270573,normal,2687,0,1782361798.4533746,0.002231121063232422
270574,normal,2204,0,1782361798.4552834,0.0019087791442871094
270575,normal,1812,0,1782361798.4572716,0.0019881725311279297
270576,normal,2278,0,1782361798.459321,0.0020494461059570312
270577,normal,2468,0,1782361798.4613369,0.002015829086303711
270578,normal,1178,0,1782361798.463157,0.0018200874328613281
270579,normal,222,0,1782361798.4654322,0.002275228500366211
270580,normal,2152,0,1782361798.4673398,0.0019075870513916016
270581,normal,515,0,1782361798.4693253,0.0019855499267578125
270582,normal,3004,0,1782361798.471321,0.0019958019256591797
270583,normal,580,0,1782361798.473324,0.0020029544830322266
270584,normal,3350,1,1782361798.4751923,0.0018682479858398438
270585,normal,2952,0,1782361798.477468,0.002275705337524414
270586,normal,2688,0,1782361798.4793465,0.001878499984741211
270587,normal,2953,0,1782361798.4812434,0.0018968582153320312
270588,normal,3231,1,1782361798.4833195,0.0020761489868164062
270589,normal,1127,0,1782361798.4853544,0.002034902572631836
270590,normal,1340,1,1782361798.4872015,0.0018470287322998047
270591,normal,426,0,1782361798.4894667,0.0022652149200439453
270592,normal,1566,0,1782361798.4913516,0.0018849372863769531
270593,normal,1831,0,1782361798.4933007,0.0019490718841552734
270594,normal,57,0,1782361798.4953184,0.0020177364349365234
270595,normal,576,0,1782361798.4972982,0.001979827880859375
270596,normal,2818,0,1782361798.4991457,0.0018475055694580078
270597,normal,225,0,1782361798.5014765,0.002330780029296875
270598,normal,1062,0,1782361798.503358,0.0018813610076904297
270599,normal,871,2,1782361798.5053248,0.0019669532775878906
270600,normal,825,2,1782361798.507318,0.0019931793212890625
270601,normal,1707,0,1782361798.5093267,0.002008676528930664
270602,normal,3377,1,1782361798.5111952,0.0018684864044189453
270603,normal,3348,1,1782361798.5134647,0.0022695064544677734
270604,normal,564,0,1782361798.5153618,0.0018970966339111328
270605,normal,3372,1,1782361798.5173419,0.0019800662994384766
270606,normal,644,0,1782361798.5193303,0.0019884109497070312
270607,normal,2669,0,1782361798.5213253,0.001995086669921875
270608,normal,3430,0,1782361798.5231893,0.0018639564514160156
270609,normal,2732,0,1782361798.5254695,0.0022802352905273438
270610,normal,3168,1,1782361798.5273676,0.001898050308227539
270611,normal,856,2,1782361798.5292037,0.0018360614776611328
270612,normal,197,0,1782361798.5315263,0.002322673797607422
270613,normal,770,0,1782361798.533376,0.0018496513366699219
270614,normal,387,0,1782361798.5353577,0.0019817352294921875
270615,normal,977,2,1782361798.5373263,0.0019686222076416016
270616,normal,3506,0,1782361798.5393205,0.0019941329956054688
270617,normal,906,2,1782361798.5411663,0.0018458366394042969
270618,normal,3508,0,1782361798.5434048,0.0022385120391845703
270619,normal,132,0,1782361798.5453293,0.0019245147705078125
270620,normal,3108,1,1782361798.5472093,0.0018799304962158203
270621,normal,1609,0,1782361798.5493696,0.002160310745239258
270622,normal,2808,0,1782361798.5512345,0.0018649101257324219
270623,normal,703,0,1782361798.5531409,0.0019063949584960938
270624,normal,3667,0,1782361798.555388,0.0022470951080322266
270625,normal,2867,0,1782361798.5573843,0.001996278762817383
270626,normal,2520,0,1782361798.559358,0.0019736289978027344
270627,normal,917,2,1782361798.5613248,0.0019669532775878906
270628,normal,1009,2,1782361798.5633204,0.001995563507080078
270629,normal,2964,0,1782361798.565208,0.0018875598907470703
270630,normal,1314,0,1782361798.567523,0.002315044403076172
270631,normal,506,0,1782361798.5693934,0.0018703937530517578
270632,normal,771,0,1782361798.5712273,0.0018339157104492188
270633,normal,900,2,1782361798.5732741,0.002046823501586914
270634,normal,2920,0,1782361798.5753205,0.002046346664428711
270635,normal,1355,1,1782361798.577209,0.0018885135650634766
270636,normal,1699,0,1782361798.5795307,0.0023217201232910156
270637,normal,1320,1,1782361798.5813954,0.0018646717071533203
270638,normal,2010,0,1782361798.5834312,0.002035856246948242
270639,normal,2658,0,1782361798.5852988,0.001867532730102539
270640,normal,1425,0,1782361798.5873177,0.0020189285278320312
270641,normal,618,0,1782361798.589209,0.0018913745880126953
270642,normal,920,2,1782361798.5915244,0.0023152828216552734
270643,normal,1380,1,1782361798.5933995,0.001875162124633789
270644,normal,2809,0,1782361798.595254,0.0018544197082519531
270645,normal,810,2,1782361798.5973268,0.0020728111267089844
270646,normal,3625,0,1782361798.599377,0.002050161361694336
270647,normal,2902,0,1782361798.6012013,0.0018243789672851562
270648,normal,3637,0,1782361798.603469,0.002267599105834961
270649,normal,996,2,1782361798.6053607,0.0018918514251708984
270650,normal,3210,1,1782361798.6071799,0.0018191337585449219
270651,normal,3209,1,1782361798.6093082,0.0021283626556396484
270652,normal,1301,0,1782361798.611245,0.0019366741180419922
270653,normal,3003,0,1782361798.6131446,0.00189971923828125
270654,normal,540,0,1782361798.6153014,0.0021567344665527344
270655,normal,1257,0,1782361798.6171525,0.0018510818481445312
270656,normal,1884,0,1782361798.6192768,0.002124309539794922
270657,normal,902,2,1782361798.621311,0.0020341873168945312
270658,normal,2715,0,1782361798.623217,0.0019061565399169922
270659,normal,1072,0,1782361798.625332,0.002115011215209961
270660,normal,1815,0,1782361798.6271658,0.0018336772918701172
270661,normal,2137,0,1782361798.629344,0.002178192138671875
270662,normal,3560,0,1782361798.6311393,0.0017952919006347656
270663,normal,1287,0,1782361798.6333025,0.0021631717681884766
270664,normal,3030,0,1782361798.6351378,0.0018353462219238281
270665,normal,2227,0,1782361798.6373074,0.0021696090698242188
270666,normal,716,0,1782361798.63914,0.0018324851989746094
270667,normal,2076,0,1782361798.6412995,0.002159595489501953
270668,normal,1540,0,1782361798.6431372,0.0018377304077148438
270669,normal,368,0,1782361798.6453006,0.002163410186767578
270670,normal,1134,0,1782361798.6471379,0.0018372535705566406
270671,normal,2717,0,1782361798.6493042,0.002166271209716797
270672,normal,3199,1,1782361798.6511412,0.001837015151977539
270673,normal,3078,1,1782361798.653302,0.002160787582397461
270674,normal,690,0,1782361798.655141,0.0018391609191894531
270675,normal,417,0,1782361798.6573114,0.0021703243255615234
270676,normal,1685,0,1782361798.659138,0.0018265247344970703
270677,normal,3365,1,1782361798.661303,0.002165079116821289
270678,normal,2463,0,1782361798.66314,0.001837015151977539
270679,normal,1096,0,1782361798.6651437,0.0020036697387695312
270680,normal,149,0,1782361798.6672454,0.0021016597747802734
270681,normal,1572,0,1782361798.6691363,0.0018908977508544922
270682,normal,145,0,1782361798.6712875,0.0021512508392333984
270683,normal,1673,0,1782361798.6731372,0.0018496513366699219
270684,normal,1516,0,1782361798.6752899,0.002152681350708008
270685,normal,1458,0,1782361798.6771939,0.0019040107727050781
270686,normal,2810,0,1782361798.679238,0.002044200897216797
270687,normal,3024,0,1782361798.6811361,0.001898050308227539
270688,normal,3284,1,1782361798.6831977,0.002061605453491211
270689,normal,1578,0,1782361798.6852393,0.0020415782928466797
270690,normal,110,0,1782361798.6872077,0.0019683837890625
270691,normal,2939,0,1782361798.6892,0.0019922256469726562
270692,normal,2918,0,1782361798.6912484,0.002048492431640625
270693,normal,3153,1,1782361798.6931398,0.0018913745880126953
270694,normal,1792,0,1782361798.695212,0.0020720958709716797
270695,normal,3648,0,1782361798.6972516,0.002039670944213867
270696,normal,1270,0,1782361798.6991384,0.0018868446350097656
270697,normal,1002,2,1782361798.7012053,0.0020668506622314453
270698,normal,2746,0,1782361798.7032406,0.002035379409790039
270699,normal,2233,0,1782361798.705136,0.0018954277038574219
270700,normal,3200,1,1782361798.7073803,0.002244234085083008
270701,normal,32,0,1782361798.7091525,0.001772165298461914
270702,normal,1276,0,1782361798.711313,0.0021605491638183594
270703,normal,162,0,1782361798.7132094,0.0018963813781738281
270704,normal,1376,1,1782361798.7152414,0.002032041549682617
270705,normal,950,2,1782361798.7171562,0.0019147396087646484
270706,normal,2872,0,1782361798.719222,0.002065896987915039
270707,normal,2241,0,1782361798.7212443,0.002022266387939453
270708,normal,375,0,1782361798.7231379,0.0018935203552246094
270709,normal,282,0,1782361798.7252145,0.0020766258239746094
270710,normal,1158,0,1782361798.7272394,0.0020248889923095703
270711,normal,2864,0,1782361798.7291365,0.0018970966339111328
270712,normal,1723,0,1782361798.7312288,0.0020923614501953125
270713,normal,194,0,1782361798.7332458,0.0020170211791992188
270714,normal,2482,0,1782361798.7351444,0.0018985271453857422
270715,normal,3002,0,1782361798.7372198,0.0020754337310791016
270716,normal,746,0,1782361798.7392383,0.002018451690673828
270717,normal,2201,0,1782361798.7411342,0.001895904541015625
270718,normal,1520,0,1782361798.7432337,0.0020995140075683594
270719,normal,2537,0,1782361798.7452488,0.0020151138305664062
270720,normal,1250,0,1782361798.7471375,0.0018887519836425781
270721,normal,1040,0,1782361798.7492445,0.002106904983520508
270722,normal,2919,0,1782361798.7512538,0.0020093917846679688
270723,normal,180,0,1782361798.7531364,0.0018825531005859375
270724,normal,5,0,1782361798.7552273,0.002090930938720703
270725,normal,3012,0,1782361798.7572758,0.002048492431640625
270726,normal,2856,0,1782361798.75914,0.0018641948699951172
270727,normal,1621,0,1782361798.7612293,0.002089262008666992
270728,normal,1342,1,1782361798.763252,0.0020227432250976562
270729,normal,3460,0,1782361798.7651358,0.0018837451934814453
270730,normal,846,2,1782361798.7671804,0.002044677734375
270731,normal,1803,0,1782361798.7692525,0.0020720958709716797
270732,normal,3356,1,1782361798.771137,0.00188446044921875
270733,normal,3479,0,1782361798.7732852,0.002148151397705078
270734,normal,399,0,1782361798.775142,0.0018568038940429688
270735,normal,783,2,1782361798.777292,0.0021500587463378906
270736,normal,2571,0,1782361798.7791388,0.0018467903137207031
270737,normal,2880,0,1782361798.781251,0.002112150192260742
270738,normal,412,0,1782361798.783136,0.0018849372863769531
270739,normal,2322,0,1782361798.7851422,0.0020062923431396484
270740,normal,1912,0,1782361798.7872496,0.002107381820678711
270741,normal,3426,0,1782361798.789136,0.0018863677978515625
270742,normal,991,2,1782361798.7911432,0.0020072460174560547
270743,normal,2921,0,1782361798.7932494,0.002106189727783203
270744,normal,3197,1,1782361798.7951367,0.0018873214721679688
270745,normal,1772,0,1782361798.7971447,0.0020079612731933594
270746,normal,2246,0,1782361798.7992494,0.0021047592163085938
270747,normal,2663,0,1782361798.8011348,0.0018854141235351562
270748,normal,695,0,1782361798.8031476,0.0020127296447753906
270749,normal,465,0,1782361798.8052504,0.0021028518676757812
270750,normal,150,0,1782361798.8071368,0.0018863677978515625
270751,normal,293,0,1782361798.8091507,0.0020139217376708984
270752,normal,3396,1,1782361798.8112497,0.0020990371704101562
270753,normal,2215,0,1782361798.8131468,0.0018970966339111328
270754,normal,1503,0,1782361798.815153,0.002006053924560547
270755,normal,1599,0,1782361798.817247,0.0020940303802490234
270756,normal,2503,0,1782361798.8191373,0.001890420913696289
270757,normal,383,0,1782361798.8211553,0.002017974853515625
270758,normal,3522,0,1782361798.8232472,0.0020918846130371094
270759,normal,3173,1,1782361798.825138,0.0018908977508544922
270760,normal,745,0,1782361798.8271832,0.002045154571533203
270761,normal,3406,0,1782361798.8292284,0.002045154571533203
270762,normal,2387,0,1782361798.8311372,0.0019087791442871094
270763,normal,1230,0,1782361798.8331623,0.002025127410888672
270764,normal,3299,1,1782361798.8352365,0.0020742416381835938
270765,normal,305,0,1782361798.8371532,0.001916646957397461
270766,normal,519,0,1782361798.8391623,0.002009153366088867
270767,normal,2218,0,1782361798.8412476,0.0020852088928222656
270768,normal,2821,0,1782361798.8431573,0.0019097328186035156
270769,normal,2169,0,1782361798.8451657,0.0020084381103515625
270770,normal,288,0,1782361798.8472497,0.002084016799926758
270771,normal,2696,0,1782361798.849136,0.0018863677978515625
270772,normal,90,0,1782361798.851168,0.0020318031311035156
270773,normal,2532,0,1782361798.8532534,0.002085447311401367
270774,normal,1125,0,1782361798.8551362,0.001882791519165039
270775,normal,187,0,1782361798.8571742,0.0020380020141601562
270776,normal,38,0,1782361798.8592465,0.0020723342895507812
270777,normal,362,0,1782361798.8611364,0.001889944076538086
270778,normal,97,0,1782361798.863175,0.0020384788513183594
270779,normal,1594,0,1782361798.865282,0.0021071434020996094
270780,normal,1322,1,1782361798.867137,0.0018548965454101562
270781,normal,1790,0,1782361798.8691769,0.0020399093627929688
270782,normal,1358,1,1782361798.8712478,0.002070903778076172
270783,normal,1688,0,1782361798.8731403,0.0018925666809082031
270784,normal,3619,0,1782361798.8751783,0.0020380020141601562
270785,normal,1382,0,1782361798.8772495,0.0020711421966552734
270786,normal,2413,0,1782361798.8791347,0.0018851757049560547
270787,normal,3011,0,1782361798.8812857,0.002151012420654297
270788,normal,1724,0,1782361798.8831356,0.0018498897552490234
270789,normal,3287,1,1782361798.8852897,0.002154111862182617
270790,normal,2852,0,1782361798.887183,0.0018932819366455078
270791,normal,2382,0,1782361798.8892512,0.0020682811737060547
270792,normal,2666,0,1782361798.8911417,0.001890420913696289
270793,normal,1701,0,1782361798.8931859,0.002044200897216797
270794,normal,1207,0,1782361798.8952491,0.002063274383544922
270795,normal,3367,1,1782361798.8971374,0.001888275146484375
270796,normal,2369,0,1782361798.899286,0.0021486282348632812
270797,normal,2758,0,1782361798.9011412,0.0018551349639892578
270798,normal,3038,0,1782361798.9032893,0.002148151397705078
270799,normal,1000,2,1782361798.905191,0.0019016265869140625
270800,normal,2774,0,1782361798.9072514,0.002060413360595703
270801,normal,3504,0,1782361798.909136,0.0018846988677978516
270802,normal,259,0,1782361798.911287,0.002151012420654297
270803,normal,3344,1,1782361798.9131374,0.0018503665924072266
270804,normal,382,0,1782361798.9152887,0.0021512508392333984
270805,normal,283,0,1782361798.917168,0.0018792152404785156
270806,normal,714,0,1782361798.919914,0.002746105194091797
270807,normal,2276,0,1782361798.9210842,0.0011701583862304688
270808,normal,3207,1,1782361798.9231834,0.002099275588989258
270809,normal,3534,0,1782361798.9251976,0.00201416015625
270810,normal,2057,0,1782361798.927088,0.001890420913696289
270811,normal,1171,0,1782361798.9291823,0.002094268798828125
270812,normal,2985,0,1782361798.9310894,0.0019071102142333984
270813,normal,2127,0,1782361798.9331822,0.0020928382873535156
270814,normal,332,0,1782361798.9352036,0.002021312713623047
270815,normal,3382,1,1782361798.9373088,0.002105236053466797
270816,normal,1026,2,1782361798.9391878,0.001878976821899414
270817,normal,3642,0,1782361798.9412954,0.0021076202392578125
270818,normal,2614,0,1782361798.9431896,0.001894235610961914
270819,normal,3538,0,1782361798.9452894,0.002099752426147461
270820,normal,3573,0,1782361798.9472828,0.001993417739868164
270821,normal,1505,0,1782361798.949214,0.0019311904907226562
270822,normal,1409,0,1782361798.9513826,0.0021686553955078125
270823,normal,154,0,1782361798.9532447,0.0018620491027832031
270824,normal,3008,0,1782361798.9551234,0.0018787384033203125
270825,normal,1788,0,1782361798.9571471,0.0020236968994140625
270826,normal,449,0,1782361798.9592764,0.0021293163299560547
270827,normal,2331,0,1782361798.9611492,0.0018727779388427734
270828,normal,1106,0,1782361798.9634433,0.0022940635681152344
270829,normal,2589,0,1782361798.9652164,0.0017731189727783203
270830,normal,2113,0,1782361798.9671996,0.001983165740966797
270831,normal,537,0,1782361798.9693472,0.002147674560546875
270832,normal,2399,0,1782361798.971418,0.0020706653594970703
270833,normal,3526,0,1782361798.9733434,0.0019254684448242188
270834,normal,1210,0,1782361798.9751897,0.0018463134765625
270835,normal,1928,0,1782361798.9776282,0.0024385452270507812
270836,normal,1485,0,1782361798.9791913,0.0015630722045898438
270837,normal,1496,0,1782361798.981335,0.0021436214447021484
270838,normal,1403,0,1782361798.9834218,0.0020868778228759766
270839,normal,2237,0,1782361798.9851916,0.0017697811126708984
270840,normal,2279,0,1782361798.9873452,0.002153635025024414
270841,normal,3074,1,1782361798.9894269,0.002081632614135742
270842,normal,2930,0,1782361798.9913423,0.0019154548645019531
270843,normal,1008,2,1782361798.9931893,0.0018470287322998047
270844,normal,1118,0,1782361798.9956305,0.0024411678314208984
270845,normal,1481,0,1782361798.997185,0.0015544891357421875
270846,normal,2720,0,1782361798.9993393,0.0021543502807617188
270847,normal,279,0,1782361799.001333,0.0019936561584472656
270848,normal,2926,0,1782361799.003336,0.0020029544830322266
270849,normal,553,0,1782361799.005184,0.001847982406616211
270850,normal,3533,0,1782361799.007539,0.0023550987243652344
270851,normal,3628,0,1782361799.0091925,0.001653432846069336
270852,normal,61,0,1782361799.0113413,0.002148866653442383
270853,normal,3170,1,1782361799.0133376,0.001996278762817383
270854,normal,2948,0,1782361799.015336,0.001998424530029297
270855,normal,1390,0,1782361799.0171862,0.001850128173828125
270856,normal,2637,0,1782361799.0195498,0.0023636817932128906
270857,normal,2460,0,1782361799.0211866,0.0016367435455322266
270858,normal,2798,0,1782361799.0233443,0.0021576881408691406
270859,normal,224,0,1782361799.0253417,0.0019974708557128906
270860,normal,183,0,1782361799.0273361,0.0019943714141845703
270861,normal,3166,1,1782361799.0291834,0.0018472671508789062
270862,normal,1166,0,1782361799.0315528,0.002369403839111328
270863,normal,1682,0,1782361799.0331872,0.001634359359741211
270864,normal,1523,0,1782361799.0353413,0.002154111862182617
270865,normal,1758,0,1782361799.037347,0.0020058155059814453
270866,normal,2963,0,1782361799.0393362,0.001989126205444336
270867,normal,560,0,1782361799.041184,0.0018477439880371094
270868,normal,508,0,1782361799.0435674,0.0023834705352783203
270869,normal,1205,0,1782361799.0451872,0.0016198158264160156
270870,normal,1294,0,1782361799.047353,0.0021657943725585938
270871,normal,3689,0,1782361799.0493517,0.0019986629486083984
270872,normal,1004,2,1782361799.0511932,0.0018415451049804688
270873,normal,1204,0,1782361799.053342,0.002148866653442383
270874,normal,3477,0,1782361799.0553555,0.0020134449005126953
270875,normal,1165,0,1782361799.057336,0.0019805431365966797
270876,normal,3115,1,1782361799.0591836,0.0018475055694580078
270877,normal,2757,0,1782361799.0615687,0.0023851394653320312
270878,normal,2969,0,1782361799.0631876,0.0016188621520996094
270879,normal,1195,0,1782361799.0653527,0.002165079116821289
270880,normal,473,0,1782361799.067191,0.0018382072448730469
270881,normal,2312,0,1782361799.0693328,0.0021419525146484375
270882,normal,1857,0,1782361799.0711842,0.0018513202667236328
270883,normal,3466,0,1782361799.073581,0.002396821975708008
270884,normal,1442,0,1782361799.0751872,0.0016062259674072266
270885,normal,643,0,1782361799.0773551,0.002167940139770508
270886,normal,704,0,1782361799.0793655,0.002010345458984375
270887,normal,200,0,1782361799.0813355,0.001970052719116211
270888,normal,2490,0,1782361799.0831838,0.0018482208251953125
270889,normal,1048,0,1782361799.0856278,0.002444028854370117
270890,normal,456,0,1782361799.0871918,0.00156402587890625
270891,normal,2026,0,1782361799.0893433,0.0021514892578125
270892,normal,2000,0,1782361799.0913696,0.0020263195037841797
270893,normal,1082,0,1782361799.0933437,0.0019741058349609375
270894,normal,2634,0,1782361799.095186,0.0018422603607177734
270895,normal,2945,0,1782361799.0975857,0.0023996829986572266
270896,normal,2793,0,1782361799.0991902,0.0016045570373535156
270897,normal,2617,0,1782361799.1013417,0.0021514892578125
270898,normal,1135,0,1782361799.1033626,0.0020208358764648438
270899,normal,1120,0,1782361799.1052225,0.001859903335571289
270900,normal,3475,0,1782361799.1071858,0.001963376998901367
270901,normal,3263,1,1782361799.1094308,0.0022449493408203125
270902,normal,923,2,1782361799.111186,0.0017552375793457031
270903,normal,2508,0,1782361799.113344,0.002157926559448242
270904,normal,1784,0,1782361799.1153808,0.0020368099212646484
270905,normal,731,0,1782361799.1173341,0.0019533634185791016
270906,normal,62,0,1782361799.119185,0.0018508434295654297
270907,normal,1894,0,1782361799.1215959,0.002410888671875
270908,normal,658,0,1782361799.1231873,0.0015914440155029297
270909,normal,2718,0,1782361799.1253457,0.0021584033966064453
270910,normal,1433,0,1782361799.1273832,0.002037525177001953
270911,normal,1574,0,1782361799.129334,0.0019507408142089844
270912,normal,1837,0,1782361799.1311839,0.0018498897552490234
270913,normal,1414,0,1782361799.1334627,0.0022788047790527344
270914,normal,624,0,1782361799.1351862,0.0017235279083251953
270915,normal,1914,0,1782361799.1373415,0.002155303955078125
270916,normal,2664,0,1782361799.1392903,0.0019488334655761719
270917,normal,2391,0,1782361799.141336,0.0020456314086914062
270918,normal,3665,0,1782361799.1431844,0.001848459243774414
270919,normal,499,0,1782361799.145474,0.0022895336151123047
270920,normal,566,0,1782361799.1471868,0.001712799072265625
270921,normal,3606,0,1782361799.149342,0.002155303955078125
270922,normal,1567,0,1782361799.1512954,0.0019533634185791016
270923,normal,3174,1,1782361799.153336,0.0020406246185302734
270924,normal,1368,1,1782361799.155184,0.001847982406616211
270925,normal,1668,0,1782361799.157481,0.002296924591064453
270926,normal,3631,0,1782361799.1591868,0.0017058849334716797
270927,normal,1015,2,1782361799.1613412,0.0021543502807617188
270928,normal,1303,0,1782361799.1633005,0.0019593238830566406
270929,normal,357,0,1782361799.1653404,0.0020399093627929688
270930,normal,2316,0,1782361799.167184,0.0018436908721923828
270931,normal,340,0,1782361799.16951,0.002325773239135742
270932,normal,1577,0,1782361799.171194,0.0016841888427734375
270933,normal,2554,0,1782361799.173344,0.002149820327758789
270934,normal,2539,0,1782361799.175305,0.0019609928131103516
270935,normal,729,0,1782361799.1773343,0.0020294189453125
270936,normal,2435,0,1782361799.1791866,0.001852273941040039
270937,normal,3258,1,1782361799.1815147,0.002328157424926758
270938,normal,3154,1,1782361799.183188,0.0016732215881347656
270939,normal,1132,0,1782361799.1853428,0.002154827117919922
270940,normal,3130,1,1782361799.18731,0.001967191696166992
270941,normal,1537,0,1782361799.1893358,0.0020258426666259766
270942,normal,2847,0,1782361799.191184,0.0018482208251953125
270943,normal,1648,0,1782361799.193559,0.002374887466430664
270944,normal,1612,0,1782361799.195187,0.0016281604766845703
270945,normal,2075,0,1782361799.1973422,0.0021550655364990234
270946,normal,1494,0,1782361799.1993158,0.0019736289978027344
270947,normal,2574,0,1782361799.2013361,0.0020203590393066406
270948,normal,903,2,1782361799.2031882,0.0018520355224609375
270949,normal,1067,0,1782361799.2054572,0.0022690296173095703
270950,normal,711,0,1782361799.2072062,0.0017490386962890625
270951,normal,733,0,1782361799.2093441,0.002137899398803711
270952,normal,2055,0,1782361799.2113194,0.0019752979278564453
270953,normal,129,0,1782361799.213335,0.0020155906677246094
270954,normal,2547,0,1782361799.215186,0.0018510818481445312
270955,normal,1875,0,1782361799.217529,0.0023429393768310547
270956,normal,3399,1,1782361799.2191916,0.0016624927520751953
270957,normal,1490,0,1782361799.221344,0.0021524429321289062
270958,normal,2013,0,1782361799.223325,0.001981019973754883
270959,normal,3211,1,1782361799.225337,0.002012014389038086
270960,normal,2015,0,1782361799.2271912,0.0018541812896728516
270961,normal,1755,0,1782361799.2294314,0.0022401809692382812
270962,normal,1650,0,1782361799.2311869,0.0017554759979248047
270963,normal,2265,0,1782361799.2333474,0.0021605491638183594
270964,normal,2729,0,1782361799.2353296,0.0019822120666503906
270965,normal,2573,0,1782361799.237335,0.002005338668823242
270966,normal,959,2,1782361799.23919,0.0018551349639892578
270967,normal,1017,2,1782361799.241537,0.0023469924926757812
270968,normal,3633,0,1782361799.243192,0.0016548633575439453
270969,normal,3440,0,1782361799.2451835,0.0019915103912353516
270970,normal,3380,1,1782361799.2475488,0.0023653507232666016
270971,normal,1005,2,1782361799.2491863,0.0016374588012695312
270972,normal,1383,0,1782361799.2513483,0.0021619796752929688
270973,normal,2827,0,1782361799.2533379,0.001989603042602539
270974,normal,3444,0,1782361799.255337,0.0019991397857666016
270975,normal,3485,0,1782361799.2571893,0.001852273941040039
270976,normal,1564,0,1782361799.259548,0.002358675003051758
270977,normal,2906,0,1782361799.2611866,0.001638650894165039
270978,normal,1982,0,1782361799.2633471,0.0021605491638183594
270979,normal,64,0,1782361799.2653422,0.001995086669921875
270980,normal,258,0,1782361799.267354,0.0020117759704589844
270981,normal,2268,0,1782361799.2691836,0.0018296241760253906
270982,normal,2996,0,1782361799.2715547,0.002371072769165039
270983,normal,2799,0,1782361799.273187,0.0016322135925292969
270984,normal,3378,1,1782361799.275349,0.0021619796752929688
270985,normal,7,0,1782361799.2773483,0.001999378204345703
270986,normal,2191,0,1782361799.27934,0.001991748809814453
270987,normal,3020,0,1782361799.281189,0.0018489360809326172
270988,normal,3158,1,1782361799.283563,0.002373933792114258
270989,normal,2992,0,1782361799.2851882,0.0016252994537353516
270990,normal,1079,0,1782361799.2873418,0.002153635025024414
270991,normal,1753,0,1782361799.2893546,0.0020127296447753906
270992,normal,1288,0,1782361799.2913346,0.0019800662994384766
270993,normal,533,0,1782361799.2931905,0.0018558502197265625
270994,normal,1548,0,1782361799.2953548,0.0021643638610839844
270995,normal,2386,0,1782361799.2973351,0.001980304718017578
270996,normal,1249,0,1782361799.299195,0.001859903335571289
270997,normal,21,0,1782361799.3016155,0.0024204254150390625
270998,normal,2202,0,1782361799.3031862,0.0015707015991210938
270999,normal,89,0,1782361799.305349,0.002162933349609375
271000,normal,3164,1,1782361799.3073626,0.0020134449005126953
271001,normal,2425,0,1782361799.3093355,0.0019729137420654297
271002,normal,269,0,1782361799.3111851,0.0018496513366699219
271003,normal,1073,0,1782361799.313604,0.002418994903564453
271004,normal,1042,0,1782361799.3151865,0.0015823841094970703
271005,normal,380,0,1782361799.3173406,0.002154111862182617
271006,normal,788,2,1782361799.3195105,0.0021698474884033203
271007,normal,18,0,1782361799.321193,0.0016825199127197266
271008,normal,1671,0,1782361799.323342,0.0021491050720214844
271009,normal,1756,0,1782361799.3252773,0.0019352436065673828
271010,normal,2785,0,1782361799.3273346,0.002057313919067383
271011,normal,1747,0,1782361799.3291824,0.0018477439880371094
271012,normal,561,0,1782361799.331584,0.002401590347290039
271013,normal,303,0,1782361799.3331866,0.0016026496887207031
271014,normal,3624,0,1782361799.3353431,0.002156496047973633
271015,normal,2447,0,1782361799.3373816,0.0020384788513183594
271016,normal,1532,0,1782361799.3393352,0.001953601837158203
271017,normal,3061,1,1782361799.3411834,0.0018482208251953125
271018,normal,2567,0,1782361799.3436236,0.002440214157104492
271019,normal,1213,0,1782361799.345186,0.001562356948852539
271020,normal,1920,0,1782361799.3473456,0.002159595489501953
271021,normal,2350,0,1782361799.3493037,0.001958131790161133
271022,normal,3016,0,1782361799.351164,0.0018603801727294922
271023,normal,3391,1,1782361799.3531883,0.0020241737365722656
271024,normal,2466,0,1782361799.355386,0.002197742462158203
271025,normal,2839,0,1782361799.3572176,0.0018315315246582031
271026,normal,1094,0,1782361799.359163,0.00194549560546875
271027,normal,1223,0,1782361799.3613691,0.002206087112426758
271028,normal,2374,0,1782361799.3632176,0.001848459243774414
271029,normal,1608,0,1782361799.3651679,0.0019502639770507812
271030,normal,347,0,1782361799.3672712,0.0021033287048339844
271031,normal,3324,1,1782361799.3692145,0.001943349838256836
271032,normal,31,0,1782361799.371161,0.0019464492797851562
271033,normal,931,2,1782361799.3732808,0.002119779586791992
271034,normal,1241,0,1782361799.375214,0.0019333362579345703
271035,normal,572,0,1782361799.3771584,0.0019443035125732422
271036,normal,1730,0,1782361799.379284,0.0021255016326904297
271037,normal,968,2,1782361799.381211,0.0019271373748779297
271038,normal,2256,0,1782361799.3831627,0.0019516944885253906
271039,normal,1451,0,1782361799.3852637,0.0021009445190429688
271040,normal,359,0,1782361799.3872044,0.0019407272338867188
271041,normal,1068,0,1782361799.3892906,0.002086162567138672
271042,normal,2645,0,1782361799.3912842,0.0019936561584472656
271043,normal,3690,0,1782361799.3932152,0.0019309520721435547
271044,normal,166,0,1782361799.3952947,0.002079486846923828
271045,normal,2054,0,1782361799.3972816,0.001986980438232422
271046,normal,2816,0,1782361799.3992202,0.0019385814666748047
271047,normal,1512,0,1782361799.401292,0.002071857452392578
271048,normal,1007,2,1782361799.4032865,0.0019943714141845703
271049,normal,2753,0,1782361799.4052107,0.001924276351928711
271050,normal,3183,1,1782361799.4072962,0.002085447311401367
271051,normal,894,2,1782361799.4092824,0.001986265182495117
271052,normal,274,0,1782361799.4112146,0.0019321441650390625
271053,normal,1795,0,1782361799.4132917,0.0020771026611328125
271054,normal,3682,0,1782361799.4152865,0.0019948482513427734
271055,normal,1813,0,1782361799.4172125,0.0019259452819824219
271056,normal,1233,0,1782361799.4192967,0.0020842552185058594
271057,normal,3438,0,1782361799.4212818,0.0019850730895996094
271058,normal,743,0,1782361799.4232147,0.0019328594207763672
271059,normal,1090,0,1782361799.4252956,0.0020809173583984375
271060,normal,922,2,1782361799.4271638,0.0018682479858398438
271061,normal,3417,0,1782361799.4292808,0.0021169185638427734
271062,normal,2122,0,1782361799.4311407,0.001859903335571289
271063,normal,2912,0,1782361799.4332922,0.0021514892578125
271064,normal,2922,0,1782361799.4351432,0.0018510818481445312
271065,normal,2303,0,1782361799.4373188,0.002175569534301758
271066,normal,151,0,1782361799.4392588,0.001940011978149414
271067,normal,1055,0,1782361799.4411752,0.0019164085388183594
271068,normal,833,2,1782361799.443396,0.0022208690643310547
271069,normal,45,0,1782361799.4452715,0.0018754005432128906
271070,normal,84,0,1782361799.447183,0.0019114017486572266
271071,normal,1407,0,1782361799.4494147,0.0022318363189697266
271072,normal,1031,0,1782361799.451261,0.0018463134765625
271073,normal,1461,0,1782361799.4531412,0.0018801689147949219
271074,normal,1331,1,1782361799.455391,0.0022497177124023438
271075,normal,837,2,1782361799.4573004,0.001909494400024414
271076,normal,2102,0,1782361799.4592466,0.0019462108612060547
271077,normal,1814,0,1782361799.461262,0.002015352249145508
271078,normal,1751,0,1782361799.463272,0.0020101070404052734
271079,normal,1131,0,1782361799.4651625,0.001890420913696289
271080,normal,2366,0,1782361799.467351,0.002188444137573242
271081,normal,2779,0,1782361799.4692962,0.0019452571868896484
271082,normal,370,0,1782361799.4712439,0.001947641372680664
271083,normal,662,0,1782361799.4732418,0.0019979476928710938
271084,normal,1163,0,1782361799.4753098,0.002068042755126953
271085,normal,2705,0,1782361799.477151,0.0018410682678222656
271086,normal,3576,0,1782361799.4794514,0.0023005008697509766
271087,normal,3005,0,1782361799.4812877,0.0018362998962402344
271088,normal,3202,1,1782361799.4832485,0.00196075439453125
271089,normal,2575,0,1782361799.4853454,0.002096891403198242
271090,normal,633,0,1782361799.487322,0.0019767284393310547
271091,normal,1766,0,1782361799.4891498,0.0018277168273925781
271092,normal,2068,0,1782361799.49141,0.0022602081298828125
271093,normal,1268,0,1782361799.4933102,0.0019001960754394531
271094,normal,1629,0,1782361799.4951804,0.0018701553344726562
271095,normal,1569,0,1782361799.4974108,0.002230405807495117
271096,normal,3063,1,1782361799.4992774,0.0018665790557861328
271097,normal,2465,0,1782361799.501247,0.001969575881958008
271098,normal,983,2,1782361799.5032592,0.0020122528076171875
271099,normal,3196,1,1782361799.5053275,0.0020682811737060547
271100,normal,3588,0,1782361799.5072455,0.0019180774688720703
271101,normal,3018,0,1782361799.5092375,0.0019919872283935547
271102,normal,2178,0,1782361799.5112603,0.0020227432250976562
271103,normal,954,2,1782361799.5132477,0.001987457275390625
271104,normal,1319,1,1782361799.515266,0.0020182132720947266
271105,normal,128,0,1782361799.5174696,0.002203702926635742
271106,normal,1033,0,1782361799.5192275,0.0017578601837158203
271107,normal,1960,0,1782361799.5211794,0.0019519329071044922
271108,normal,539,0,1782361799.5232468,0.0020673274993896484
271109,normal,1619,0,1782361799.525175,0.0019283294677734375
271110,normal,1984,0,1782361799.5273356,0.0021605491638183594
271111,normal,2706,0,1782361799.5292604,0.001924753189086914
271112,normal,669,0,1782361799.5311754,0.00191497802734375
271113,normal,2049,0,1782361799.5333235,0.002148151397705078
271114,normal,3237,1,1782361799.5352638,0.0019402503967285156
271115,normal,1878,0,1782361799.5371966,0.0019328594207763672
271116,normal,106,0,1782361799.539309,0.0021123886108398438
271117,normal,2110,0,1782361799.5412652,0.0019562244415283203
271118,normal,186,0,1782361799.5431728,0.0019075870513916016
271119,normal,3501,0,1782361799.545308,0.0021352767944335938
271120,normal,522,0,1782361799.5472593,0.0019512176513671875
271121,normal,392,0,1782361799.5491817,0.0019223690032958984
271122,normal,1876,0,1782361799.5513132,0.0021314620971679688
271123,normal,3663,0,1782361799.5532355,0.0019223690032958984
271124,normal,841,2,1782361799.5551856,0.0019500255584716797
271125,normal,3470,0,1782361799.557306,0.002120494842529297
271126,normal,1174,0,1782361799.5592594,0.0019533634185791016
271127,normal,947,2,1782361799.5611746,0.0019152164459228516
271128,normal,28,0,1782361799.5633898,0.002215147018432617
271129,normal,2722,0,1782361799.5653274,0.0019376277923583984
271130,normal,2287,0,1782361799.5672517,0.001924276351928711
271131,normal,1773,0,1782361799.569304,0.00205230712890625
271132,normal,625,0,1782361799.5712645,0.0019605159759521484
271133,normal,2445,0,1782361799.5731435,0.001878976821899414
271134,normal,775,2,1782361799.5754156,0.0022721290588378906
271135,normal,701,0,1782361799.577229,0.0018134117126464844
271136,normal,557,0,1782361799.5792453,0.002016305923461914
271137,normal,1807,0,1782361799.5812807,0.002035379409790039
271138,normal,427,0,1782361799.5833554,0.002074718475341797
271139,normal,374,0,1782361799.5852458,0.001890420913696289
271140,normal,3688,0,1782361799.5872777,0.0020318031311035156
271141,normal,1906,0,1782361799.5892687,0.0019910335540771484
271142,normal,1069,0,1782361799.5911436,0.0018749237060546875
271143,normal,1972,0,1782361799.5934262,0.0022826194763183594
271144,normal,2016,0,1782361799.5953386,0.0019123554229736328
271145,normal,1426,0,1782361799.5972493,0.0019106864929199219
271146,normal,829,2,1782361799.5992634,0.00201416015625
271147,normal,1043,0,1782361799.601323,0.002059459686279297
271148,normal,3458,0,1782361799.603166,0.0018432140350341797
271149,normal,2789,0,1782361799.6054025,0.0022363662719726562
271150,normal,677,0,1782361799.6072881,0.0018856525421142578
271151,normal,2452,0,1782361799.6092424,0.001954317092895508
271152,normal,3141,1,1782361799.6113546,0.002112150192260742
271153,normal,848,2,1782361799.61332,0.0019655227661132812
271154,normal,2337,0,1782361799.615148,0.0018279552459716797
271155,normal,2410,0,1782361799.6172073,0.0020592212677001953
271156,normal,1866,0,1782361799.6191823,0.0019750595092773438
271157,normal,2427,0,1782361799.6211343,0.0019519329071044922
271158,normal,1978,0,1782361799.6233075,0.002173185348510742
271159,normal,3358,1,1782361799.6251934,0.0018858909606933594
271160,normal,740,0,1782361799.627243,0.002049684524536133
271161,normal,861,2,1782361799.6291635,0.001920461654663086
271162,normal,1296,0,1782361799.6313436,0.0021800994873046875
271163,normal,3360,1,1782361799.633148,0.001804351806640625
271164,normal,3542,0,1782361799.6353164,0.002168416976928711
271165,normal,1526,0,1782361799.6372411,0.001924753189086914
271166,normal,3159,1,1782361799.6391435,0.0019023418426513672
271167,normal,3705,0,1782361799.641292,0.0021486282348632812
271168,normal,25,0,1782361799.6433017,0.0020096302032470703
271169,normal,809,2,1782361799.6453047,0.0020029544830322266
271170,normal,592,0,1782361799.647194,0.0018892288208007812
271171,normal,1846,0,1782361799.6495109,0.0023169517517089844
271172,normal,1834,0,1782361799.6511421,0.0016312599182128906
271173,normal,2512,0,1782361799.653137,0.0019948482513427734
271174,normal,2625,0,1782361799.655467,0.0023300647735595703
271175,normal,2248,0,1782361799.6571383,0.0016713142395019531
271176,normal,756,0,1782361799.6592975,0.00215911865234375
271177,normal,1840,0,1782361799.6612084,0.0019109249114990234
271178,normal,800,2,1782361799.663305,0.0020966529846191406
271179,normal,2979,0,1782361799.6652038,0.0018987655639648438
271180,normal,3548,0,1782361799.667407,0.002203226089477539
271181,normal,2330,0,1782361799.6691484,0.0017414093017578125
271182,normal,3087,1,1782361799.671344,0.002195596694946289
271183,normal,1927,0,1782361799.6732082,0.0018641948699951172
271184,normal,3704,0,1782361799.675308,0.002099752426147461
271185,normal,2523,0,1782361799.6772058,0.0018978118896484375
271186,normal,787,2,1782361799.6793933,0.002187490463256836
271187,normal,3500,0,1782361799.6811354,0.0017421245574951172
271188,normal,3193,1,1782361799.6832907,0.002155303955078125
271189,normal,2088,0,1782361799.6853807,0.002089977264404297
271190,normal,3125,1,1782361799.687139,0.0017583370208740234
271191,normal,851,2,1782361799.68929,0.002151012420654297
271192,normal,261,0,1782361799.6914632,0.002173185348510742
271193,normal,928,2,1782361799.6931438,0.001680612564086914
271194,normal,2627,0,1782361799.6955295,0.0023856163024902344
271195,normal,2519,0,1782361799.6973205,0.0017910003662109375
271196,normal,2362,0,1782361799.6992035,0.0018830299377441406
271197,normal,1915,0,1782361799.7015147,0.002311229705810547
271198,normal,2295,0,1782361799.7033625,0.0018477439880371094
271199,normal,1074,0,1782361799.7053497,0.0019872188568115234
271200,normal,2730,0,1782361799.70738,0.0020303726196289062
271201,normal,50,0,1782361799.7093217,0.001941680908203125
271202,normal,2710,0,1782361799.7112107,0.0018889904022216797
271203,normal,3104,1,1782361799.7135384,0.0023276805877685547
271204,normal,476,0,1782361799.7153618,0.00182342529296875
271205,normal,1339,1,1782361799.7172043,0.001842498779296875
271206,normal,1864,0,1782361799.7195368,0.002332448959350586
271207,normal,1610,0,1782361799.7213204,0.001783609390258789
271208,normal,575,0,1782361799.7232046,0.0018842220306396484
271209,normal,521,0,1782361799.7255213,0.002316713333129883
271210,normal,24,0,1782361799.7273126,0.001791238784790039
271211,normal,3219,1,1782361799.7293506,0.0020380020141601562
271212,normal,2825,0,1782361799.731376,0.0020253658294677734
271213,normal,1419,0,1782361799.7333715,0.001995563507080078
271214,normal,3658,0,1782361799.7353446,0.0019731521606445312
271215,normal,864,2,1782361799.7373433,0.0019986629486083984
271216,normal,3298,1,1782361799.7393744,0.002031087875366211
271217,normal,2390,0,1782361799.7413514,0.0019769668579101562
271218,normal,120,0,1782361799.7433753,0.002023935317993164
271219,normal,1943,0,1782361799.7453763,0.002001047134399414
271220,normal,945,2,1782361799.7473466,0.0019702911376953125
271221,normal,531,0,1782361799.749386,0.0020394325256347656
271222,normal,1051,0,1782361799.751379,0.001992940902709961
271223,normal,815,2,1782361799.7533457,0.001966714859008789
271224,normal,1767,0,1782361799.755349,0.002003192901611328
271225,normal,3224,1,1782361799.7573547,0.0020058155059814453
271226,normal,245,0,1782361799.7592013,0.0018465518951416016
271227,normal,2831,0,1782361799.761531,0.0023298263549804688
271228,normal,2141,0,1782361799.763384,0.0018529891967773438
271229,normal,1997,0,1782361799.765346,0.001961946487426758
271230,normal,1713,0,1782361799.767375,0.002028942108154297
271231,normal,2530,0,1782361799.769391,0.0020160675048828125
271232,normal,2252,0,1782361799.771341,0.0019500255584716797
271233,normal,1281,0,1782361799.7733772,0.0020360946655273438
271234,normal,1105,0,1782361799.7753901,0.002012968063354492
271235,normal,3708,0,1782361799.7773435,0.0019533634185791016
271236,normal,868,2,1782361799.7793143,0.0019707679748535156
271237,normal,3028,0,1782361799.781483,0.0021686553955078125
271238,normal,355,0,1782361799.7831988,0.0017158985137939453
271239,normal,3520,0,1782361799.7855232,0.002324342727661133
271240,normal,3600,0,1782361799.7873945,0.001871347427368164
271241,normal,2314,0,1782361799.78935,0.0019555091857910156
271242,normal,2138,0,1782361799.7913122,0.0019621849060058594
271243,normal,1754,0,1782361799.793483,0.0021708011627197266
271244,normal,46,0,1782361799.7951984,0.0017154216766357422
271245,normal,895,2,1782361799.7974658,0.0022673606872558594
271246,normal,1937,0,1782361799.799438,0.001972198486328125
271247,normal,2585,0,1782361799.8011994,0.0017614364624023438
271248,normal,3288,1,1782361799.8035257,0.0023262500762939453
271249,normal,664,0,1782361799.8053164,0.001790761947631836
271250,normal,3654,0,1782361799.8072002,0.0018837451934814453
271251,normal,2480,0,1782361799.8095214,0.0023212432861328125
271252,normal,176,0,1782361799.811409,0.0018875598907470703
271253,normal,2189,0,1782361799.8133407,0.0019316673278808594
271254,normal,1697,0,1782361799.8153858,0.002045154571533203
271255,normal,1930,0,1782361799.8174136,0.002027750015258789
271256,normal,943,2,1782361799.819343,0.0019295215606689453
271257,normal,2192,0,1782361799.8213758,0.002032756805419922
271258,normal,212,0,1782361799.8234165,0.0020406246185302734
271259,normal,170,0,1782361799.825343,0.001926422119140625
271260,normal,260,0,1782361799.8274128,0.0020699501037597656
271261,normal,2743,0,1782361799.8294158,0.0020029544830322266
271262,normal,2433,0,1782361799.8313498,0.001934051513671875
271263,normal,20,0,1782361799.8333771,0.002027273178100586
271264,normal,203,0,1782361799.8354201,0.002043008804321289
271265,normal,3422,0,1782361799.837341,0.001920938491821289
271266,normal,2965,0,1782361799.8393714,0.0020303726196289062
271267,normal,3135,1,1782361799.8413138,0.0019423961639404297
271268,normal,2494,0,1782361799.8431973,0.0018835067749023438
271269,normal,3483,0,1782361799.8454783,0.0022809505462646484
271270,normal,3122,1,1782361799.8474412,0.001962900161743164
271271,normal,2230,0,1782361799.8491964,0.0017552375793457031
271272,normal,2890,0,1782361799.8515117,0.0023152828216552734
271273,normal,2454,0,1782361799.8533227,0.0018110275268554688
271274,normal,779,2,1782361799.8551993,0.0018765926361083984
271275,normal,72,0,1782361799.8575425,0.0023431777954101562
271276,normal,3452,0,1782361799.859324,0.001781463623046875
271277,normal,805,2,1782361799.8611975,0.0018734931945800781
271278,normal,3428,0,1782361799.8635163,0.002318859100341797
271279,normal,2848,0,1782361799.865331,0.0018146038055419922
271280,normal,1922,0,1782361799.8673518,0.0020208358764648438
271281,normal,1932,0,1782361799.8691835,0.0018317699432373047
271282,normal,2823,0,1782361799.8714786,0.0022950172424316406
271283,normal,2731,0,1782361799.8731966,0.0017180442810058594
271284,normal,1053,0,1782361799.875514,0.0023174285888671875
271285,normal,3265,1,1782361799.877332,0.001817941665649414
271286,normal,3217,1,1782361799.8793466,0.002014636993408203
271287,normal,2038,0,1782361799.8813186,0.0019719600677490234
271288,normal,2423,0,1782361799.8835135,0.0021948814392089844
271289,normal,3297,1,1782361799.8852022,0.0016887187957763672
271290,normal,3656,0,1782361799.8875215,0.0023193359375
271291,normal,3424,0,1782361799.8893423,0.0018208026885986328
271292,normal,2066,0,1782361799.8913429,0.002000570297241211
271293,normal,1101,0,1782361799.893375,0.002032041549682617
271294,normal,1185,0,1782361799.89533,0.0019550323486328125
271295,normal,1560,0,1782361799.897201,0.0018711090087890625
271296,normal,2371,0,1782361799.899372,0.002171039581298828
271297,normal,182,0,1782361799.9013166,0.0019445419311523438
271298,normal,480,0,1782361799.9031992,0.0018825531005859375
271299,normal,2815,0,1782361799.9053898,0.0021905899047851562
271300,normal,1486,0,1782361799.90732,0.00193023681640625
271301,normal,3602,0,1782361799.909201,0.0018808841705322266
271302,normal,995,2,1782361799.911332,0.0021309852600097656
271303,normal,408,0,1782361799.9132845,0.0019526481628417969
271304,normal,1375,1,1782361799.915213,0.001928567886352539
271305,normal,1646,0,1782361799.9173117,0.002098560333251953
271306,normal,1869,0,1782361799.9193125,0.0020008087158203125
271307,normal,486,0,1782361799.9212098,0.0018973350524902344
271308,normal,921,2,1782361799.923311,0.0021011829376220703
271309,normal,1025,2,1782361799.925313,0.0020020008087158203
271310,normal,3257,1,1782361799.9272113,0.0018982887268066406
271311,normal,1616,0,1782361799.9292586,0.002047300338745117
271312,normal,1717,0,1782361799.931317,0.0020585060119628906
271313,normal,2270,0,1782361799.9331605,0.0018434524536132812
271314,normal,3563,0,1782361799.9352803,0.002119779586791992
271315,normal,629,0,1782361799.9372816,0.0020012855529785156
271316,normal,1956,0,1782361799.9392104,0.0019288063049316406
271317,normal,3420,0,1782361799.9413111,0.002100706100463867
271318,normal,946,2,1782361799.9431982,0.0018870830535888672
271319,normal,2282,0,1782361799.9452136,0.002015352249145508
271320,normal,1104,0,1782361799.947184,0.001970529556274414
271321,normal,2877,0,1782361799.949277,0.0020928382873535156
271322,normal,1862,0,1782361799.9512124,0.0019354820251464844
271323,normal,2754,0,1782361799.9531548,0.0019423961639404297
271324,normal,3105,1,1782361799.9552898,0.002135038375854492
271325,normal,2029,0,1782361799.9571624,0.0018725395202636719
271326,normal,1194,0,1782361799.9592927,0.002130270004272461
271327,normal,3441,0,1782361799.961255,0.001962423324584961
271328,normal,678,0,1782361799.963209,0.0019538402557373047
271329,normal,925,2,1782361799.9653137,0.0021047592163085938
271330,normal,1584,0,1782361799.967332,0.0020182132720947266
271331,normal,938,2,1782361799.9692104,0.001878499984741211
271332,normal,8,0,1782361799.9712803,0.0020699501037597656
271333,normal,2419,0,1782361799.9732778,0.0019974708557128906
271334,normal,2853,0,1782361799.9751582,0.0018804073333740234
271335,normal,755,0,1782361799.9772801,0.0021219253540039062
271336,normal,78,0,1782361799.9793344,0.0020542144775390625
271337,normal,156,0,1782361799.9812088,0.0018744468688964844
271338,normal,2994,0,1782361799.9834652,0.0022563934326171875
271339,normal,195,0,1782361799.9852998,0.0018346309661865234
271340,normal,3325,1,1782361799.9872098,0.0019099712371826172
271341,normal,2426,0,1782361799.9893134,0.002103567123413086
271342,normal,1389,0,1782361799.9913528,0.0020394325256347656
271343,normal,844,2,1782361799.9932067,0.00185394287109375
271344,normal,1400,0,1782361799.9953153,0.0021085739135742188
271345,normal,2338,0,1782361799.9973423,0.0020270347595214844
271346,normal,1088,0,1782361799.9991972,0.0018548965454101562
271347,normal,2084,0,1782361800.0015242,0.00232696533203125
271348,normal,646,0,1782361800.003229,0.0017046928405761719
271349,normal,3683,0,1782361800.0051544,0.0019254684448242188
271350,normal,1418,0,1782361800.0073252,0.0021708011627197266
271351,normal,1967,0,1782361800.0092895,0.0019643306732177734
271352,normal,935,2,1782361800.0112083,0.001918792724609375
271353,normal,2937,0,1782361800.0133128,0.002104520797729492
271354,normal,1838,0,1782361800.0152888,0.00197601318359375
271355,normal,1592,0,1782361800.01721,0.0019211769104003906
271356,normal,493,0,1782361800.0193136,0.002103567123413086
271357,normal,2894,0,1782361800.0212805,0.0019669532775878906
271358,normal,3167,1,1782361800.0232277,0.001947164535522461
271359,normal,9,0,1782361800.0253048,0.0020771026611328125
271360,normal,1883,0,1782361800.027282,0.001977205276489258
271361,normal,1381,1,1782361800.0292065,0.0019245147705078125
271362,normal,1401,0,1782361800.0313096,0.002103090286254883
271363,normal,1729,0,1782361800.033286,0.001976490020751953
271364,normal,1218,0,1782361800.0352056,0.0019195079803466797
271365,normal,233,0,1782361800.0373113,0.002105712890625
271366,normal,692,0,1782361800.0392854,0.0019741058349609375
271367,normal,1708,0,1782361800.041207,0.0019216537475585938
271368,normal,1495,0,1782361800.0433102,0.002103090286254883
271369,normal,840,2,1782361800.0452864,0.0019762516021728516
271370,normal,3057,1,1782361800.0472074,0.001920938491821289
271371,normal,163,0,1782361800.0493093,0.002101898193359375
271372,normal,1712,0,1782361800.0512779,0.0019686222076416016
271373,normal,685,0,1782361800.0532064,0.001928567886352539
271374,normal,3574,0,1782361800.055311,0.002104520797729492
271375,normal,981,2,1782361800.057268,0.001956939697265625
271376,normal,3684,0,1782361800.059204,0.001936197280883789
271377,normal,102,0,1782361800.0613253,0.0021212100982666016
271378,normal,2115,0,1782361800.0632753,0.0019500255584716797
271379,normal,637,0,1782361800.0652072,0.001931905746459961
271380,normal,2611,0,1782361800.0673118,0.002104520797729492
271381,normal,1198,0,1782361800.0692775,0.001965761184692383
271382,normal,2285,0,1782361800.071157,0.0018794536590576172
271383,normal,444,0,1782361800.0732827,0.0021257400512695312
271384,normal,2855,0,1782361800.075323,0.002040386199951172
271385,normal,1737,0,1782361800.077209,0.0018858909606933594
271386,normal,3128,1,1782361800.0794768,0.0022678375244140625
271387,normal,890,2,1782361800.081437,0.001960277557373047
271388,normal,657,0,1782361800.083198,0.0017609596252441406
271389,normal,3102,1,1782361800.0854785,0.0022804737091064453
271390,normal,277,0,1782361800.0873227,0.001844167709350586
271391,normal,2711,0,1782361800.089346,0.0020232200622558594
271392,normal,571,0,1782361800.0913134,0.0019674301147460938
271393,normal,2927,0,1782361800.093482,0.0021686553955078125
271394,normal,2556,0,1782361800.0951984,0.0017163753509521484
271395,normal,2931,0,1782361800.097519,0.002320528030395508
271396,normal,2484,0,1782361800.099324,0.0018050670623779297
271397,normal,2294,0,1782361800.101201,0.0018770694732666016
271398,normal,1833,0,1782361800.1034768,0.002275705337524414
271399,normal,2854,0,1782361800.1053178,0.0018410682678222656
271400,normal,304,0,1782361800.1072023,0.00188446044921875
271401,normal,2510,0,1782361800.1094801,0.002277851104736328
271402,normal,2327,0,1782361800.111334,0.00185394287109375
271403,normal,504,0,1782361800.1133478,0.002013683319091797
271404,normal,2959,0,1782361800.115317,0.0019693374633789062
271405,normal,1018,2,1782361800.1175241,0.002207040786743164
271406,normal,2648,0,1782361800.1192045,0.0016803741455078125
271407,normal,2148,0,1782361800.1213458,0.002141237258911133
271408,normal,247,0,1782361800.1234775,0.0021317005157470703
271409,normal,2737,0,1782361800.1251965,0.0017189979553222656
271410,normal,3101,1,1782361800.1275249,0.0023283958435058594
271411,normal,1971,0,1782361800.1293159,0.0017910003662109375
271412,normal,3681,0,1782361800.131211,0.0018951892852783203
271413,normal,3601,0,1782361800.1333349,0.0021238327026367188
271414,normal,2346,0,1782361800.1354825,0.002147674560546875
271415,normal,1980,0,1782361800.1371977,0.0017151832580566406
271416,normal,2269,0,1782361800.1395478,0.0023500919342041016
271417,normal,2623,0,1782361800.1415117,0.0019638538360595703
271418,normal,641,0,1782361800.1431916,0.0016798973083496094
271419,normal,3464,0,1782361800.1454456,0.002254009246826172
271420,normal,2120,0,1782361800.1471875,0.0017418861389160156
271421,normal,1357,1,1782361800.1493378,0.002150297164916992
271422,normal,767,0,1782361800.151167,0.0018291473388671875
271423,normal,2603,0,1782361800.1533372,0.0021703243255615234
271424,normal,371,0,1782361800.1552324,0.0018951892852783203
271425,normal,1793,0,1782361800.1572864,0.002053976058959961
271426,normal,3509,0,1782361800.1595209,0.0022344589233398438
271427,normal,2516,0,1782361800.1613543,0.0018334388732910156
271428,normal,3604,0,1782361800.1633794,0.002025127410888672
271429,normal,1452,0,1782361800.165353,0.0019736289978027344
271430,normal,2297,0,1782361800.1673388,0.001985788345336914
271431,normal,2914,0,1782361800.1693227,0.0019838809967041016
271432,normal,2385,0,1782361800.1714554,0.0021326541900634766
271433,normal,899,2,1782361800.17319,0.0017347335815429688
271434,normal,2675,0,1782361800.1754656,0.0022754669189453125
271435,normal,2367,0,1782361800.1772704,0.0018048286437988281
271436,normal,1406,0,1782361800.1792347,0.0019643306732177734
271437,normal,1341,1,1782361800.1812012,0.0019664764404296875
271438,normal,1460,0,1782361800.183389,0.0021877288818359375
271439,normal,1850,0,1782361800.1851816,0.0017926692962646484
271440,normal,1859,0,1782361800.1872594,0.002077817916870117
271441,normal,290,0,1782361800.1894462,0.0021867752075195312
271442,normal,3316,1,1782361800.1911173,0.0016710758209228516
271443,normal,1372,1,1782361800.1934838,0.0023665428161621094
271444,normal,1464,0,1782361800.1952367,0.0017528533935546875
271445,normal,2136,0,1782361800.197337,0.002100229263305664
271446,normal,306,0,1782361800.1993651,0.002028226852416992
271447,normal,3246,1,1782361800.2014482,0.0020830631256103516
271448,normal,672,0,1782361800.2031863,0.0017380714416503906
271449,normal,96,0,1782361800.205517,0.002330780029296875
271450,normal,1286,0,1782361800.2073722,0.0018551349639892578
271451,normal,1435,0,1782361800.2093337,0.0019614696502685547
271452,normal,403,0,1782361800.2113514,0.0020177364349365234
271453,normal,3275,1,1782361800.2135446,0.0021932125091552734
271454,normal,1534,0,1782361800.2151864,0.0016417503356933594
271455,normal,1346,1,1782361800.2175307,0.002344369888305664
271456,normal,1334,1,1782361800.2193751,0.0018444061279296875
271457,normal,127,0,1782361800.2213426,0.0019674301147460938
271458,normal,1016,2,1782361800.2233129,0.0019702911376953125
271459,normal,1710,0,1782361800.2256596,0.0023467540740966797
271460,normal,2966,0,1782361800.227285,0.0016252994537353516
271461,normal,2910,0,1782361800.2293115,0.0020265579223632812
271462,normal,2441,0,1782361800.231575,0.0022635459899902344
271463,normal,1333,1,1782361800.2331865,0.001611471176147461
271464,normal,2609,0,1782361800.2354612,0.002274751663208008
271465,normal,299,0,1782361800.237382,0.0019207000732421875
271466,normal,2582,0,1782361800.239347,0.001965045928955078
271467,normal,2471,0,1782361800.2413533,0.0020062923431396484
271468,normal,2499,0,1782361800.2435591,0.0022058486938476562
271469,normal,1893,0,1782361800.2451878,0.0016286373138427734
271470,normal,1700,0,1782361800.2476327,0.0024449825286865234
271471,normal,104,0,1782361800.2495782,0.00194549560546875
271472,normal,1211,0,1782361800.2511868,0.0016086101531982422
271473,normal,2824,0,1782361800.2535176,0.002330780029296875
271474,normal,1689,0,1782361800.2553904,0.0018727779388427734
271475,normal,2949,0,1782361800.2573614,0.001971006393432617
271476,normal,2570,0,1782361800.2593458,0.0019843578338623047
271477,normal,2577,0,1782361800.261566,0.00222015380859375
271478,normal,649,0,1782361800.2631865,0.0016205310821533203
271479,normal,2638,0,1782361800.265458,0.0022716522216796875
271480,normal,1762,0,1782361800.267393,0.0019350051879882812
271481,normal,1499,0,1782361800.2693377,0.0019445419311523438
271482,normal,193,0,1782361800.2713146,0.0019769668579101562
271483,normal,2983,0,1782361800.273569,0.002254486083984375
271484,normal,2398,0,1782361800.2751849,0.001615762710571289
271485,normal,1944,0,1782361800.2774577,0.0022728443145751953
271486,normal,3109,1,1782361800.2793994,0.001941680908203125
271487,normal,526,0,1782361800.2813365,0.0019371509552001953
271488,normal,2092,0,1782361800.2833123,0.0019757747650146484
271489,normal,912,2,1782361800.2855659,0.0022535324096679688
271490,normal,1918,0,1782361800.287189,0.0016231536865234375
271491,normal,604,0,1782361800.289453,0.0022640228271484375
271492,normal,246,0,1782361800.2914097,0.0019567012786865234
271493,normal,1263,0,1782361800.293336,0.0019261837005615234
271494,normal,3095,1,1782361800.295327,0.0019910335540771484
271495,normal,2429,0,1782361800.2977433,0.002416372299194336
271496,normal,918,2,1782361800.2991548,0.00141143798828125
271497,normal,1649,0,1782361800.3011527,0.0019979476928710938
271498,normal,206,0,1782361800.30339,0.0022373199462890625
271499,normal,2254,0,1782361800.3051546,0.001764535903930664
271500,normal,2700,0,1782361800.3071969,0.0020422935485839844
271501,normal,577,0,1782361800.3095117,0.0023148059844970703
271502,normal,1656,0,1782361800.3111546,0.0016429424285888672
271503,normal,48,0,1782361800.3132002,0.0020456314086914062
271504,normal,1632,0,1782361800.3153887,0.002188444137573242
271505,normal,693,0,1782361800.3171554,0.0017666816711425781
271506,normal,422,0,1782361800.3191557,0.0020003318786621094
271507,normal,2142,0,1782361800.3214011,0.0022454261779785156
271508,normal,1267,0,1782361800.3231544,0.0017533302307128906
271509,normal,384,0,1782361800.325162,0.0020074844360351562
271510,normal,3226,1,1782361800.32739,0.0022280216217041016
271511,normal,1975,0,1782361800.3291554,0.0017654895782470703
271512,normal,453,0,1782361800.3311558,0.0020003318786621094
271513,normal,1367,1,1782361800.3334267,0.002270936965942383
271514,normal,2262,0,1782361800.3351655,0.0017387866973876953
271515,normal,3454,0,1782361800.337161,0.001995563507080078
271516,normal,2080,0,1782361800.3394263,0.0022652149200439453
271517,normal,1269,0,1782361800.3411582,0.00173187255859375
271518,normal,538,0,1782361800.3431726,0.0020143985748291016
271519,normal,3661,0,1782361800.345429,0.0022563934326171875
271520,normal,2405,0,1782361800.3471575,0.0017285346984863281
271521,normal,2428,0,1782361800.3493416,0.002184152603149414
271522,normal,3072,1,1782361800.3511493,0.0018076896667480469
271523,normal,1777,0,1782361800.3530977,0.0019483566284179688
271524,normal,2569,0,1782361800.355116,0.0020182132720947266
271525,normal,3550,0,1782361800.3571475,0.002031564712524414
271526,normal,2549,0,1782361800.3590689,0.0019214153289794922
271527,normal,2063,0,1782361800.361304,0.0022351741790771484
271528,normal,235,0,1782361800.3632033,0.0018992424011230469
271529,normal,3071,1,1782361800.365323,0.002119779586791992
271530,normal,2865,0,1782361800.3673513,0.002028226852416992
271531,normal,1872,0,1782361800.3693414,0.001990079879760742
271532,normal,3519,0,1782361800.371354,0.0020127296447753906
271533,normal,3552,0,1782361800.3733885,0.002034425735473633
271534,normal,1585,0,1782361800.3753617,0.0019731521606445312
271535,normal,1410,0,1782361800.377386,0.002024412155151367
271536,normal,3419,0,1782361800.3792105,0.0018243789672851562
271537,normal,2383,0,1782361800.3817735,0.002562999725341797
271538,normal,135,0,1782361800.3833642,0.001590728759765625
271539,normal,1992,0,1782361800.3853378,0.0019736289978027344
271540,normal,2273,0,1782361800.387542,0.0022041797637939453
271541,normal,1926,0,1782361800.3892114,0.0016694068908691406
271542,normal,814,2,1782361800.3915272,0.0023157596588134766
271543,normal,2972,0,1782361800.3933299,0.001802682876586914
271544,normal,2641,0,1782361800.3952107,0.0018808841705322266
271545,normal,76,0,1782361800.3975482,0.0023374557495117188
271546,normal,1469,0,1782361800.3993552,0.0018069744110107422
271547,normal,1095,0,1782361800.4013548,0.0019996166229248047
271548,normal,3416,0,1782361800.4033895,0.0020346641540527344
271549,normal,2081,0,1782361800.4053543,0.0019648075103759766
271550,normal,3556,0,1782361800.4072115,0.0018572807312011719
271551,normal,1941,0,1782361800.4095557,0.0023441314697265625
271552,normal,2812,0,1782361800.4113302,0.0017745494842529297
271553,normal,573,0,1782361800.41322,0.0018897056579589844
271554,normal,485,0,1782361800.415557,0.0023369789123535156
271555,normal,3301,1,1782361800.4173338,0.0017769336700439453
271556,normal,1994,0,1782361800.419209,0.001875162124633789
271557,normal,3129,1,1782361800.4215298,0.0023207664489746094
271558,normal,2967,0,1782361800.4233663,0.001836538314819336
271559,normal,2111,0,1782361800.425212,0.0018455982208251953
271560,normal,2998,0,1782361800.42756,0.002348184585571289
271561,normal,1734,0,1782361800.4293773,0.0018172264099121094
271562,normal,1855,0,1782361800.4312122,0.001834869384765625
271563,normal,3587,0,1782361800.4335704,0.0023581981658935547
271564,normal,3160,1,1782361800.4353693,0.001798868179321289
271565,normal,2396,0,1782361800.4372113,0.0018420219421386719
271566,normal,1422,0,1782361800.4395587,0.0023474693298339844
271567,normal,567,0,1782361800.4413726,0.0018138885498046875
271568,normal,1580,0,1782361800.4432094,0.0018367767333984375
271569,normal,3190,1,1782361800.4453275,0.0021181106567382812
271570,normal,93,0,1782361800.4473748,0.002047300338745117
271571,normal,3251,1,1782361800.4492102,0.0018353462219238281
271572,normal,3376,1,1782361800.451373,0.002162933349609375
271573,normal,1504,0,1782361800.4533765,0.0020034313201904297
271574,normal,402,0,1782361800.4552128,0.0018362998962402344
271575,normal,1329,1,1782361800.4575765,0.0023636817932128906
271576,normal,152,0,1782361800.4593263,0.0017497539520263672
271577,normal,2186,0,1782361800.461208,0.0018818378448486328
271578,normal,3694,0,1782361800.4635656,0.00235748291015625
271579,normal,2531,0,1782361800.4653795,0.0018138885498046875
271580,normal,3621,0,1782361800.4672112,0.0018317699432373047
271581,normal,998,2,1782361800.4695206,0.0023093223571777344
271582,normal,2811,0,1782361800.4713387,0.0018181800842285156
271583,normal,2014,0,1782361800.4732642,0.0019254684448242188
271584,normal,3641,0,1782361800.475316,0.002051830291748047
271585,normal,2777,0,1782361800.4773037,0.0019876956939697266
271586,normal,2176,0,1782361800.4792647,0.0019609928131103516
271587,normal,3070,1,1782361800.4813979,0.0021331310272216797
271588,normal,2188,0,1782361800.483387,0.001989126205444336
271589,normal,3149,1,1782361800.4853332,0.0019462108612060547
271590,normal,1637,0,1782361800.4873273,0.0019941329956054688
271591,normal,2321,0,1782361800.4893281,0.0020008087158203125
271592,normal,1140,0,1782361800.4912143,0.001886129379272461
271593,normal,1676,0,1782361800.4935713,0.002357006072998047
271594,normal,1785,0,1782361800.4952674,0.0016961097717285156
271595,normal,1517,0,1782361800.4973311,0.002063751220703125
271596,normal,3336,1,1782361800.499384,0.002052783966064453
271597,normal,365,0,1782361800.5013688,0.001984834671020508
271598,normal,3700,0,1782361800.5033014,0.0019326210021972656
271599,normal,1429,0,1782361800.5053935,0.002092123031616211
271600,normal,2707,0,1782361800.5073323,0.0019388198852539062
271601,normal,114,0,1782361800.5092106,0.0018782615661621094
271602,normal,3515,0,1782361800.511525,0.002314329147338867
271603,normal,2359,0,1782361800.5134006,0.0018756389617919922
271604,normal,1899,0,1782361800.5153296,0.0019290447235107422
271605,normal,3312,1,1782361800.5173924,0.0020627975463867188
271606,normal,3097,1,1782361800.5193336,0.0019412040710449219
271607,normal,3055,1,1782361800.521207,0.0018734931945800781
271608,normal,3127,1,1782361800.5235353,0.002328157424926758
271609,normal,3685,0,1782361800.5253296,0.0017943382263183594
271610,normal,2348,0,1782361800.5272071,0.0018775463104248047
271611,normal,1934,0,1782361800.5295608,0.002353668212890625
271612,normal,1687,0,1782361800.5314133,0.0018525123596191406
271613,normal,1604,0,1782361800.533304,0.0018906593322753906
271614,normal,318,0,1782361800.5353186,0.002014636993408203
271615,normal,1628,0,1782361800.5374193,0.002100706100463867
271616,normal,1633,0,1782361800.5392032,0.0017838478088378906
271617,normal,2692,0,1782361800.5415578,0.0023546218872070312
271618,normal,3698,0,1782361800.543421,0.001863241195678711
271619,normal,262,0,1782361800.5453007,0.0018796920776367188
271620,normal,3345,1,1782361800.5473237,0.002022981643676758
271621,normal,1200,0,1782361800.549329,0.002005338668823242
271622,normal,271,0,1782361800.5512068,0.0018777847290039062
271623,normal,479,0,1782361800.5534246,0.0022177696228027344
271624,normal,699,0,1782361800.5553718,0.001947164535522461
271625,normal,1316,0,1782361800.5573564,0.0019845962524414062
271626,normal,3227,1,1782361800.5593956,0.002039194107055664
271627,normal,3572,0,1782361800.5614252,0.0020296573638916016
271628,normal,2956,0,1782361800.5633416,0.0019164085388183594
271629,normal,784,2,1782361800.5653882,0.0020465850830078125
271630,normal,1963,0,1782361800.567352,0.0019638538360595703
271631,normal,1037,0,1782361800.5692189,0.0018668174743652344
271632,normal,3276,1,1782361800.5715568,0.002337932586669922
271633,normal,3337,1,1782361800.5734553,0.0018985271453857422
271634,normal,620,0,1782361800.5752118,0.001756429672241211
271635,normal,956,2,1782361800.5775363,0.0023245811462402344
271636,normal,1,0,1782361800.5793338,0.0017974376678466797
271637,normal,2185,0,1782361800.581208,0.0018742084503173828
271638,normal,2289,0,1782361800.5835283,0.0023202896118164062
271639,normal,2214,0,1782361800.5853324,0.0018041133880615234
271640,normal,2958,0,1782361800.5873053,0.0019729137420654297
271641,normal,376,0,1782361800.5893514,0.0020461082458496094
271642,normal,1271,0,1782361800.5913308,0.001979351043701172
271643,normal,2954,0,1782361800.593207,0.0018761157989501953
271644,normal,3194,1,1782361800.595528,0.002321004867553711
271645,normal,1176,0,1782361800.5973063,0.0017783641815185547
271646,normal,3593,0,1782361800.5992017,0.0018954277038574219
271647,normal,513,0,1782361800.6015396,0.002337932586669922
271648,normal,3566,0,1782361800.6033015,0.0017619132995605469
271649,normal,1278,0,1782361800.6053033,0.0020017623901367188
271650,normal,3328,1,1782361800.607353,0.002049684524536133
271651,normal,1962,0,1782361800.6093462,0.0019931793212890625
271652,normal,350,0,1782361800.6112068,0.0018606185913085938
271653,normal,1736,0,1782361800.6135294,0.002322673797607422
271654,normal,2915,0,1782361800.6153436,0.001814126968383789
271655,normal,217,0,1782361800.6172967,0.001953125
271656,normal,1684,0,1782361800.6192133,0.001916646957397461
271657,normal,2863,0,1782361800.6215463,0.002332925796508789
271658,normal,1905,0,1782361800.6231544,0.001608133316040039
271659,normal,220,0,1782361800.6253617,0.0022072792053222656
271660,normal,3090,1,1782361800.6272163,0.0018546581268310547
271661,normal,1600,0,1782361800.6293082,0.0020918846130371094
271662,normal,1075,0,1782361800.6311467,0.0018384456634521484
271663,normal,1290,0,1782361800.633291,0.002144336700439453
271664,normal,550,0,1782361800.635139,0.001847982406616211
271665,normal,3680,0,1782361800.6372976,0.002158641815185547
271666,normal,1695,0,1782361800.6392918,0.0019941329956054688
271667,normal,2030,0,1782361800.6411383,0.0018465518951416016
271668,normal,184,0,1782361800.6432984,0.0021600723266601562
271669,normal,2769,0,1782361800.645291,0.0019927024841308594
271670,normal,2231,0,1782361800.6471438,0.0018527507781982422
271671,normal,3402,0,1782361800.6493092,0.0021653175354003906
271672,normal,2349,0,1782361800.65129,0.0019807815551757812
271673,normal,3540,0,1782361800.6531384,0.001848459243774414
271674,normal,1636,0,1782361800.6553001,0.002161741256713867
271675,normal,1923,0,1782361800.6572998,0.0019996166229248047
271676,normal,2833,0,1782361800.6591396,0.0018398761749267578
271677,normal,1613,0,1782361800.6613052,0.002165555953979492
271678,normal,1453,0,1782361800.6632924,0.0019872188568115234
271679,normal,3230,1,1782361800.6651366,0.001844167709350586
271680,normal,780,2,1782361800.6672997,0.0021631717681884766
271681,normal,2302,0,1782361800.669313,0.0020132064819335938
271682,normal,3034,0,1782361800.6711402,0.001827239990234375
271683,normal,1240,0,1782361800.6732917,0.0021514892578125
271684,normal,881,2,1782361800.6753259,0.0020341873168945312
271685,normal,1661,0,1782361800.6771364,0.0018105506896972656
271686,normal,1112,0,1782361800.6792932,0.0021567344665527344
271687,normal,631,0,1782361800.6812983,0.0020051002502441406
271688,normal,1976,0,1782361800.6831408,0.001842498779296875
271689,normal,1203,0,1782361800.685302,0.002161264419555664
271690,normal,2976,0,1782361800.6873689,0.0020668506622314453
271691,normal,2602,0,1782361800.6891284,0.0017595291137695312
271692,normal,296,0,1782361800.6912942,0.0021657943725585938
271693,normal,1678,0,1782361800.693294,0.0019998550415039062
271694,normal,2190,0,1782361800.6951392,0.0018451213836669922
271695,normal,1901,0,1782361800.6972976,0.0021584033966064453
271696,normal,1530,0,1782361800.6992965,0.0019989013671875
271697,normal,80,0,1782361800.7011368,0.001840353012084961
271698,normal,1535,0,1782361800.7032979,0.0021610260009765625
271699,normal,1251,0,1782361800.7052948,0.0019969940185546875
271700,normal,2358,0,1782361800.7071397,0.0018448829650878906
271701,normal,2590,0,1782361800.7093034,0.0021636486053466797
271702,normal,2360,0,1782361800.7113144,0.0020110607147216797
271703,normal,1732,0,1782361800.7131405,0.0018260478973388672
271704,normal,2986,0,1782361800.71531,0.0021696090698242188
271705,normal,741,0,1782361800.717307,0.0019969940185546875
271706,normal,3484,0,1782361800.7193115,0.002004384994506836
271707,normal,1891,0,1782361800.7220674,0.002755880355834961
271708,normal,2272,0,1782361800.7231011,0.001033782958984375
271709,normal,606,0,1782361800.7252192,0.0021181106567382812
271710,normal,2671,0,1782361800.7270875,0.0018682479858398438
271711,normal,3273,1,1782361800.7291203,0.002032756805419922
271712,normal,632,0,1782361800.7311232,0.0020029544830322266
271713,normal,2134,0,1782361800.7331095,0.001986265182495117
271714,normal,3315,1,1782361800.7351196,0.0020101070404052734
271715,normal,1273,0,1782361800.7371895,0.0020699501037597656
271716,normal,1054,0,1782361800.7390893,0.00189971923828125
271717,normal,1436,0,1782361800.741109,0.002019643783569336
271718,normal,1023,2,1782361800.7431948,0.0020859241485595703
271719,normal,3043,0,1782361800.7450886,0.001893758773803711
271720,normal,3139,1,1782361800.747191,0.002102375030517578
271721,normal,3389,1,1782361800.7490954,0.0019044876098632812
271722,normal,317,0,1782361800.7511911,0.0020956993103027344
271723,normal,2580,0,1782361800.7531874,0.001996278762817383
271724,normal,3652,0,1782361800.7550871,0.00189971923828125
271725,normal,356,0,1782361800.757188,0.0021009445190429688
271726,normal,548,0,1782361800.7592318,0.0020437240600585938
271727,normal,2064,0,1782361800.761093,0.0018610954284667969
271728,normal,3678,0,1782361800.7632067,0.002113819122314453
271729,normal,469,0,1782361800.7651725,0.001965761184692383
271730,normal,1696,0,1782361800.7672958,0.0021233558654785156
271731,normal,3181,1,1782361800.7691505,0.0018546581268310547
271732,normal,726,0,1782361800.7713597,0.002209186553955078
271733,normal,2775,0,1782361800.773148,0.0017883777618408203
271734,normal,3634,0,1782361800.7753124,0.0021643638610839844
271735,normal,1562,0,1782361800.777177,0.0018646717071533203
271736,normal,1399,0,1782361800.7792928,0.0021157264709472656
271737,normal,1718,0,1782361800.7811496,0.0018568038940429688
271738,normal,2368,0,1782361800.7832973,0.002147674560546875
271739,normal,168,0,1782361800.7851348,0.0018374919891357422
271740,normal,942,2,1782361800.7873209,0.0021860599517822266
271741,normal,1603,0,1782361800.7891827,0.0018618106842041016
271742,normal,428,0,1782361800.7913072,0.0021245479583740234
271743,normal,3558,0,1782361800.7931514,0.001844167709350586
271744,normal,1477,0,1782361800.7952862,0.0021347999572753906
271745,normal,1824,0,1782361800.7971375,0.0018513202667236328
271746,normal,1228,0,1782361800.799319,0.002181529998779297
271747,normal,2408,0,1782361800.8011887,0.0018696784973144531
271748,normal,505,0,1782361800.8033118,0.002123117446899414
271749,normal,1344,1,1782361800.8051512,0.0018393993377685547
271750,normal,3614,0,1782361800.8072884,0.0021371841430664062
271751,normal,2694,0,1782361800.8091397,0.0018513202667236328
271752,normal,1665,0,1782361800.811292,0.0021522045135498047
271753,normal,447,0,1782361800.8131917,0.00189971923828125
271754,normal,2040,0,1782361800.8152952,0.002103567123413086
271755,normal,1966,0,1782361800.8171508,0.001855611801147461
271756,normal,1983,0,1782361800.8192854,0.002134561538696289
271757,normal,3463,0,1782361800.8211358,0.0018503665924072266
271758,normal,2676,0,1782361800.8233202,0.0021843910217285156
271759,normal,927,2,1782361800.8251967,0.0018765926361083984
271760,normal,1466,0,1782361800.82731,0.00211334228515625
271761,normal,2583,0,1782361800.8291528,0.0018427371978759766
271762,normal,1683,0,1782361800.8312855,0.0021326541900634766
271763,normal,1642,0,1782361800.833137,0.0018515586853027344
271764,normal,101,0,1782361800.8352516,0.002114534378051758
271765,normal,818,2,1782361800.8371105,0.0018589496612548828
271766,normal,546,0,1782361800.8390903,0.001979827880859375
271767,normal,107,0,1782361800.84113,0.002039670944213867
271768,normal,1447,0,1782361800.843196,0.002065896987915039
271769,normal,1640,0,1782361800.845089,0.0018930435180664062
271770,normal,1727,0,1782361800.8471954,0.0021064281463623047
271771,normal,1659,0,1782361800.849292,0.0020966529846191406
271772,normal,133,0,1782361800.851138,0.0018460750579833984
271773,normal,3599,0,1782361800.853317,0.0021789073944091797
271774,normal,2800,0,1782361800.8552096,0.0018925666809082031
271775,normal,554,0,1782361800.8572953,0.0020856857299804688
271776,normal,3671,0,1782361800.8591387,0.0018434524536132812
271777,normal,2442,0,1782361800.8612878,0.0021491050720214844
271778,normal,735,0,1782361800.8631377,0.0018498897552490234
271779,normal,794,2,1782361800.8653204,0.0021827220916748047
271780,normal,736,0,1782361800.8672144,0.0018939971923828125
271781,normal,3590,0,1782361800.8693328,0.002118349075317383
271782,normal,1748,0,1782361800.8711536,0.0018208026885986328
271783,normal,82,0,1782361800.8732982,0.0021445751190185547
271784,normal,1019,2,1782361800.8751385,0.001840353012084961
271785,normal,834,2,1782361800.8773248,0.002186298370361328
271786,normal,1805,0,1782361800.8791447,0.0018198490142822266
271787,normal,3393,1,1782361800.8813064,0.002161741256713867
271788,normal,3384,1,1782361800.883155,0.0018486976623535156
271789,normal,452,0,1782361800.8852963,0.002141237258911133
271790,normal,905,2,1782361800.8871598,0.0018634796142578125
271791,normal,1867,0,1782361800.889324,0.002164125442504883
271792,normal,1371,1,1782361800.891297,0.0019731521606445312
271793,normal,2522,0,1782361800.8931394,0.0018422603607177734
271794,normal,563,0,1782361800.8953223,0.0021829605102539062
271795,normal,777,2,1782361800.8972974,0.0019750595092773438
271796,normal,1100,0,1782361800.8991377,0.001840353012084961
271797,normal,3277,1,1782361800.9013286,0.002190828323364258
271798,normal,855,2,1782361800.9032984,0.0019698143005371094
271799,normal,1221,0,1782361800.905139,0.0018405914306640625
271800,normal,1347,1,1782361800.9073133,0.00217437744140625
271801,normal,3179,1,1782361800.909296,0.0019826889038085938
271802,normal,1297,0,1782361800.9111404,0.0018444061279296875
271803,normal,2140,0,1782361800.913385,0.0022444725036621094
271804,normal,1177,0,1782361800.9151368,0.0017518997192382812
271805,normal,1764,0,1782361800.9174838,0.0023469924926757812
271806,normal,1830,0,1782361800.9191566,0.0016727447509765625
271807,normal,2107,0,1782361800.9213037,0.002147197723388672
271808,normal,312,0,1782361800.9231396,0.0018358230590820312
271809,normal,2869,0,1782361800.9253707,0.002231121063232422
271810,normal,2701,0,1782361800.927167,0.0017962455749511719
271811,normal,2306,0,1782361800.9293072,0.0021402835845947266
271812,normal,806,2,1782361800.931153,0.0018458366394042969
271813,normal,1770,0,1782361800.9332428,0.0020897388458251953
271814,normal,2568,0,1782361800.9351218,0.001878976821899414
271815,normal,518,0,1782361800.9370737,0.0019519329071044922
271816,normal,3238,1,1782361800.9392,0.0021262168884277344
271817,normal,113,0,1782361800.9410975,0.001897573471069336
271818,normal,2093,0,1782361800.9432065,0.002109050750732422
271819,normal,483,0,1782361800.945302,0.002095460891723633
271820,normal,179,0,1782361800.9471133,0.0018112659454345703
271821,normal,1522,0,1782361800.9493244,0.0022110939025878906
271822,normal,2716,0,1782361800.9513042,0.001979827880859375
271823,normal,1786,0,1782361800.9531503,0.0018460750579833984
271824,normal,2581,0,1782361800.955322,0.002171754837036133
271825,normal,3006,0,1782361800.9572973,0.0019752979278564453
271826,normal,3100,1,1782361800.9591496,0.001852273941040039
271827,normal,1001,2,1782361800.961333,0.0021834373474121094
271828,normal,1448,0,1782361800.9632976,0.001964569091796875
271829,normal,2342,0,1782361800.9651394,0.0018417835235595703
271830,normal,2082,0,1782361800.967343,0.002203702926635742
271831,normal,859,2,1782361800.9692965,0.0019533634185791016
271832,normal,3374,1,1782361800.9711397,0.0018432140350341797
271833,normal,2119,0,1782361800.9733336,0.002193927764892578
271834,normal,2884,0,1782361800.9753003,0.001966714859008789
271835,normal,1220,0,1782361800.9771378,0.0018374919891357422
271836,normal,438,0,1782361800.979337,0.0021991729736328125
271837,normal,436,0,1782361800.9812949,0.0019578933715820312
271838,normal,59,0,1782361800.9831407,0.0018458366394042969
271839,normal,2665,0,1782361800.9853106,0.0021698474884033203
271840,normal,3187,1,1782361800.9872987,0.0019881725311279297
271841,normal,670,0,1782361800.9891367,0.0018379688262939453
271842,normal,601,0,1782361800.9913442,0.002207517623901367
271843,normal,534,0,1782361800.993299,0.001954793930053711
271844,normal,607,0,1782361800.9951396,0.0018405914306640625
271845,normal,79,0,1782361800.9973438,0.0022041797637939453
271846,normal,3517,0,1782361800.999296,0.0019521713256835938
271847,normal,2924,0,1782361801.0011432,0.0018472671508789062
271848,normal,1087,0,1782361801.003313,0.0021698474884033203
271849,normal,1172,0,1782361801.0053113,0.0019981861114501953
271850,normal,1558,0,1782361801.0071409,0.0018296241760253906
271851,normal,3532,0,1782361801.0093431,0.002202272415161133
271852,normal,1463,0,1782361801.0112975,0.001954317092895508
271853,normal,1046,0,1782361801.0131388,0.0018413066864013672
271854,normal,58,0,1782361801.0153263,0.002187490463256836
271855,normal,232,0,1782361801.0173626,0.0020363330841064453
271856,normal,2483,0,1782361801.0191362,0.0017735958099365234
271857,normal,542,0,1782361801.0213444,0.002208232879638672
271858,normal,3589,0,1782361801.023296,0.0019516944885253906
271859,normal,3467,0,1782361801.025139,0.0018429756164550781
271860,normal,2035,0,1782361801.0273433,0.0022041797637939453
271861,normal,2159,0,1782361801.0293,0.0019567012786865234
271862,normal,2244,0,1782361801.0311406,0.0018405914306640625
271863,normal,1559,0,1782361801.0333273,0.0021867752075195312
271864,normal,338,0,1782361801.0352955,0.0019681453704833984
271865,normal,559,0,1782361801.0371447,0.0018491744995117188
271866,normal,2524,0,1782361801.0393467,0.0022020339965820312
271867,normal,1799,0,1782361801.0412955,0.0019488334655761719
271868,normal,1714,0,1782361801.043139,0.0018434524536132812
271869,normal,1728,0,1782361801.045321,0.0021820068359375
271870,normal,2834,0,1782361801.0472922,0.0019712448120117188
271871,normal,3022,0,1782361801.0491366,0.0018444061279296875
271872,normal,821,2,1782361801.0513468,0.0022101402282714844
271873,normal,978,2,1782361801.0532894,0.0019426345825195312
271874,normal,712,0,1782361801.055139,0.0018496513366699219
271875,normal,1507,0,1782361801.0573442,0.0022051334381103516
271876,normal,2740,0,1782361801.0592985,0.001954317092895508
271877,normal,2162,0,1782361801.0611372,0.00183868408203125
271878,normal,1206,0,1782361801.063347,0.002209901809692383
271879,normal,1282,0,1782361801.0652914,0.0019443035125732422
271880,normal,2037,0,1782361801.067138,0.0018465518951416016
271881,normal,458,0,1782361801.06943,0.002292156219482422
271882,normal,172,0,1782361801.0711591,0.0017290115356445312
271883,normal,1908,0,1782361801.073152,0.001992940902709961
271884,normal,1369,1,1782361801.0751595,0.0020074844360351562
271885,normal,1289,0,1782361801.0774474,0.0022878646850585938
271886,normal,3045,1,1782361801.0791566,0.0017092227935791016
271887,normal,2947,0,1782361801.0811708,0.00201416015625
271888,normal,939,2,1782361801.0834258,0.002254962921142578
271889,normal,3400,1,1782361801.0851624,0.0017366409301757812
271890,normal,2946,0,1782361801.0871732,0.002010822296142578
271891,normal,1085,0,1782361801.089427,0.0022537708282470703
271892,normal,2751,0,1782361801.0911598,0.0017328262329101562
271893,normal,1167,0,1782361801.0931766,0.002016782760620117
271894,normal,747,0,1782361801.095422,0.0022454261779785156
271895,normal,619,0,1782361801.09717,0.0017480850219726562
271896,normal,1979,0,1782361801.0991786,0.0020084381103515625
271897,normal,66,0,1782361801.1014235,0.0022449493408203125
271898,normal,582,0,1782361801.1031716,0.0017480850219726562
271899,normal,1749,0,1782361801.1051817,0.0020101070404052734
271900,normal,2050,0,1782361801.1074336,0.002251863479614258
271901,normal,1639,0,1782361801.1091683,0.0017347335815429688
271902,normal,2251,0,1782361801.1111813,0.002012968063354492
271903,normal,2243,0,1782361801.1134303,0.002249002456665039
271904,normal,3511,0,1782361801.1151798,0.0017495155334472656
271905,normal,95,0,1782361801.117186,0.0020062923431396484
271906,normal,570,0,1782361801.1194303,0.002244234085083008
271907,normal,2562,0,1782361801.1211674,0.0017371177673339844
271908,normal,2436,0,1782361801.123186,0.0020186901092529297
271909,normal,3468,0,1782361801.1254303,0.002244234085083008
271910,normal,2750,0,1782361801.1271713,0.0017409324645996094
271911,normal,1199,0,1782361801.1291904,0.002019166946411133
271912,normal,1084,0,1782361801.1314206,0.0022301673889160156
271913,normal,164,0,1782361801.133179,0.0017583370208740234
271914,normal,111,0,1782361801.1351936,0.002014636993408203
271915,normal,3503,0,1782361801.1374285,0.002234935760498047
271916,normal,3423,0,1782361801.1391802,0.0017516613006591797
271917,normal,3047,1,1782361801.1411967,0.0020165443420410156
271918,normal,2629,0,1782361801.1435113,0.0023145675659179688
271919,normal,489,0,1782361801.1454046,0.0018932819366455078
271920,normal,1936,0,1782361801.1472664,0.0018618106842041016
271921,normal,1865,0,1782361801.150146,0.002879619598388672
271922,normal,1259,0,1782361801.1511931,0.0010471343994140625
271923,normal,3696,0,1782361801.1533124,0.002119302749633789
271924,normal,83,0,1782361801.155258,0.00194549560546875
271925,normal,208,0,1782361801.1572924,0.002034425735473633
271926,normal,3644,0,1782361801.159081,0.0017886161804199219
271927,normal,3321,1,1782361801.1611254,0.0020444393157958984
271928,normal,2840,0,1782361801.1631265,0.002001047134399414
271929,normal,1852,0,1782361801.1651604,0.0020339488983154297
271930,normal,34,0,1782361801.1673527,0.002192258834838867
271931,normal,1808,0,1782361801.1692126,0.001859903335571289
271932,normal,789,2,1782361801.1713338,0.0021212100982666016
271933,normal,1842,0,1782361801.1732447,0.0019109249114990234
271934,normal,820,2,1782361801.175142,0.0018973350524902344
271935,normal,1800,0,1782361801.1771405,0.001998424530029297
271936,normal,1034,0,1782361801.1792645,0.0021240711212158203
271937,normal,2018,0,1782361801.1812449,0.001980304718017578
271938,normal,860,2,1782361801.1832418,0.0019969940185546875
271939,normal,3447,0,1782361801.1851795,0.0019376277923583984
271940,normal,3664,0,1782361801.187271,0.002091646194458008
271941,normal,3647,0,1782361801.1891685,0.0018973350524902344
271942,normal,970,2,1782361801.1912658,0.0020973682403564453
271943,normal,1434,0,1782361801.1932938,0.0020279884338378906
271944,normal,2216,0,1782361801.1952457,0.0019519329071044922
271945,normal,3150,1,1782361801.1972513,0.0020055770874023438
271946,normal,1252,0,1782361801.1992548,0.0020034313201904297
271947,normal,463,0,1782361801.201241,0.001986265182495117
271948,normal,674,0,1782361801.2032423,0.0020012855529785156
271949,normal,551,0,1782361801.2052362,0.001993894577026367
271950,normal,2123,0,1782361801.2072282,0.0019919872283935547
271951,normal,3220,1,1782361801.2100182,0.0027899742126464844
271952,normal,2292,0,1782361801.211383,0.0013649463653564453
271953,normal,2685,0,1782361801.2136188,0.0022356510162353516
271954,normal,2893,0,1782361801.2152867,0.0016679763793945312
271955,normal,3031,0,1782361801.2172418,0.0019550323486328125
271956,normal,503,0,1782361801.2193096,0.0020678043365478516
271957,normal,1693,0,1782361801.221773,0.0024633407592773438
271958,normal,1597,0,1782361801.2231448,0.0013718605041503906
271959,normal,37,0,1782361801.2253368,0.0021920204162597656
271960,normal,3456,0,1782361801.227343,0.0020062923431396484
271961,normal,949,2,1782361801.229172,0.001828908920288086
271962,normal,2118,0,1782361801.2313564,0.0021843910217285156
271963,normal,2046,0,1782361801.2333593,0.0020029544830322266
271964,normal,2469,0,1782361801.2351966,0.0018372535705566406
271965,normal,1556,0,1782361801.2373827,0.0021860599517822266
271966,normal,2440,0,1782361801.2392387,0.001856088638305664
271967,normal,495,0,1782361801.2413502,0.0021114349365234375
271968,normal,3223,1,1782361801.243237,0.0018868446350097656
271969,normal,847,2,1782361801.2453458,0.0021088123321533203
271970,normal,2529,0,1782361801.247234,0.001888275146484375
271971,normal,2728,0,1782361801.2492993,0.0020651817321777344
271972,normal,1474,0,1782361801.2514038,0.002104520797729492
271973,normal,628,0,1782361801.2533424,0.0019385814666748047
271974,normal,2156,0,1782361801.2554135,0.0020711421966552734
271975,normal,2619,0,1782361801.2571497,0.0017361640930175781
271976,normal,3414,0,1782361801.2593355,0.002185821533203125
271977,normal,3387,1,1782361801.2612102,0.001874685287475586
271978,normal,760,0,1782361801.2632935,0.002083301544189453
271979,normal,1667,0,1782361801.2651079,0.0018143653869628906
271980,normal,2070,0,1782361801.267293,0.0021851062774658203
271981,normal,3280,1,1782361801.2693307,0.0020377635955810547
271982,normal,964,2,1782361801.2712226,0.0018918514251708984
271983,normal,3653,0,1782361801.273167,0.0019443035125732422
271984,normal,547,0,1782361801.2753816,0.002214670181274414
271985,normal,1802,0,1782361801.2773407,0.001959085464477539
271986,normal,1266,0,1782361801.2794027,0.002062082290649414
271987,normal,528,0,1782361801.2814822,0.002079486846923828
271988,normal,3186,1,1782361801.2834027,0.001920461654663086
271989,normal,1098,0,1782361801.2851222,0.0017194747924804688
271990,normal,1245,0,1782361801.287276,0.0021538734436035156
271991,normal,2095,0,1782361801.2891011,0.001825094223022461
271992,normal,1761,0,1782361801.291322,0.0022208690643310547
271993,normal,2955,0,1782361801.2933185,0.0019965171813964844
271994,normal,294,0,1782361801.2950952,0.0017766952514648438
271995,normal,2406,0,1782361801.2972717,0.002176523208618164
271996,normal,229,0,1782361801.2992663,0.001994609832763672
271997,normal,1242,0,1782361801.3011541,0.0018877983093261719
271998,normal,1155,0,1782361801.3033202,0.0021660327911376953
271999,normal,666,0,1782361801.305456,0.002135753631591797
272000,normal,397,0,1782361801.307456,0.002000093460083008
272001,normal,440,0,1782361801.3092968,0.001840829849243164
272002,normal,3620,0,1782361801.311307,0.0020101070404052734
272003,normal,2767,0,1782361801.3131428,0.0018358230590820312
272004,normal,2149,0,1782361801.3153057,0.002162933349609375
272005,normal,1508,0,1782361801.3175414,0.0022356510162353516
272006,normal,1715,0,1782361801.3194382,0.0018968582153320312
272007,normal,2448,0,1782361801.322335,0.0028967857360839844
272008,normal,2229,0,1782361801.323177,0.0008420944213867188
272009,normal,1704,0,1782361801.3251364,0.0019593238830566406
272010,normal,295,0,1782361801.3273346,0.0021982192993164062
272011,normal,1902,0,1782361801.329327,0.001992464065551758
272012,normal,3418,0,1782361801.3311508,0.0018236637115478516
272013,normal,2394,0,1782361801.3331273,0.001976490020751953
272014,normal,2702,0,1782361801.335339,0.0022118091583251953
272015,normal,255,0,1782361801.3371713,0.0018322467803955078
272016,normal,3608,0,1782361801.339146,0.0019745826721191406
272017,normal,2323,0,1782361801.3413997,0.0022537708282470703
272018,normal,239,0,1782361801.3434296,0.002029895782470703
272019,normal,2690,0,1782361801.345299,0.0018694400787353516
272020,normal,418,0,1782361801.3474789,0.002179861068725586
272021,normal,2182,0,1782361801.3493357,0.0018568038940429688
272022,normal,139,0,1782361801.351282,0.0019462108612060547
272023,normal,3261,1,1782361801.3533976,0.0021157264709472656
272024,normal,3307,1,1782361801.355217,0.0018193721771240234
272025,normal,2851,0,1782361801.3572228,0.0020058155059814453
272026,normal,1254,0,1782361801.3591137,0.0018908977508544922
272027,normal,3543,0,1782361801.3614116,0.0022978782653808594
272028,normal,3627,0,1782361801.3631318,0.0017201900482177734
272029,normal,1856,0,1782361801.3650951,0.001963376998901367
272030,normal,1424,0,1782361801.3671038,0.002008676528930664
272031,normal,3267,1,1782361801.3691137,0.002009868621826172
272032,normal,2988,0,1782361801.3711228,0.002009153366088867
272033,normal,122,0,1782361801.373163,0.0020401477813720703
272034,normal,1071,0,1782361801.375219,0.002056121826171875
272035,normal,778,2,1782361801.3772352,0.0020160675048828125
272036,normal,737,0,1782361801.3791306,0.0018954277038574219
272037,normal,3234,1,1782361801.3813245,0.002193927764892578
272038,normal,1890,0,1782361801.3833065,0.001981973648071289
272039,normal,2308,0,1782361801.3851106,0.0018041133880615234
272040,normal,2649,0,1782361801.3872583,0.002147674560546875
272041,normal,1445,0,1782361801.3892548,0.0019965171813964844
272042,normal,2846,0,1782361801.3911657,0.0019109249114990234
272043,normal,3162,1,1782361801.3932884,0.002122640609741211
272044,normal,3570,0,1782361801.3952198,0.0019314289093017578
272045,normal,196,0,1782361801.3972325,0.0020127296447753906
272046,normal,1903,0,1782361801.3991585,0.0019259452819824219
272047,normal,1809,0,1782361801.4012442,0.0020856857299804688
272048,normal,3082,1,1782361801.4032001,0.0019559860229492188
272049,normal,2993,0,1782361801.4052773,0.0020771026611328125
272050,normal,3233,1,1782361801.4072475,0.0019702911376953125
272051,normal,1201,0,1782361801.4093077,0.0020601749420166016
272052,normal,2109,0,1782361801.4111872,0.0018794536590576172
272053,normal,1279,0,1782361801.413234,0.002046823501586914
272054,normal,2164,0,1782361801.4151838,0.0019497871398925781
272055,normal,3096,1,1782361801.4172275,0.0020437240600585938
272056,normal,1246,0,1782361801.4193647,0.0021371841430664062
272057,normal,1327,1,1782361801.421292,0.0019273757934570312
272058,normal,3645,0,1782361801.4233258,0.002033710479736328
272059,normal,1711,0,1782361801.4255276,0.0022017955780029297
272060,normal,2870,0,1782361801.42718,0.0016524791717529297
272061,normal,2319,0,1782361801.4293528,0.002172708511352539
272062,normal,420,0,1782361801.4312246,0.0018718242645263672
272063,normal,3450,0,1782361801.4331424,0.0019178390502929688
272064,normal,782,2,1782361801.4351342,0.001991748809814453
272065,normal,1413,0,1782361801.4372182,0.002084016799926758
272066,normal,1491,0,1782361801.4391532,0.0019350051879882812
272067,normal,1024,2,1782361801.4414072,0.002254009246826172
272068,normal,3403,0,1782361801.443336,0.0019288063049316406
272069,normal,3327,1,1782361801.4454749,0.002138853073120117
272070,normal,1038,0,1782361801.447299,0.0018241405487060547
272071,normal,1386,0,1782361801.4494877,0.0021886825561523438
272072,normal,2689,0,1782361801.4512079,0.0017201900482177734
272073,normal,2612,0,1782361801.4533489,0.0021409988403320312
272074,normal,2411,0,1782361801.45524,0.0018911361694335938
272075,normal,2128,0,1782361801.4572299,0.0019898414611816406
272076,normal,236,0,1782361801.4591339,0.0019040107727050781
272077,normal,2274,0,1782361801.4612076,0.0020737648010253906
272078,normal,1986,0,1782361801.4632697,0.002062082290649414
272079,normal,3580,0,1782361801.4651985,0.0019288063049316406
272080,normal,2041,0,1782361801.4673493,0.0021507740020751953
272081,normal,738,0,1782361801.4691906,0.0018413066864013672
272082,normal,1848,0,1782361801.4712229,0.0020322799682617188
272083,normal,219,0,1782361801.473425,0.0022020339965820312
272084,normal,1721,0,1782361801.4757414,0.0023164749145507812
272085,normal,1398,0,1782361801.4771476,0.0014061927795410156
272086,normal,1431,0,1782361801.479219,0.002071380615234375
272087,normal,2130,0,1782361801.4811857,0.001966714859008789
272088,normal,146,0,1782361801.4832113,0.002025604248046875
272089,normal,609,0,1782361801.4852784,0.002067089080810547
272090,normal,1627,0,1782361801.4874377,0.0021593570709228516
272091,normal,1143,0,1782361801.4890983,0.0016605854034423828
272092,normal,354,0,1782361801.4912136,0.0021152496337890625
272093,normal,2826,0,1782361801.4931889,0.0019752979278564453
272094,normal,1014,2,1782361801.4952295,0.0020406246185302734
272095,normal,2403,0,1782361801.4973683,0.002138853073120117
272096,normal,3476,0,1782361801.49926,0.0018916130065917969
272097,normal,1351,1,1782361801.5012748,0.0020148754119873047
272098,normal,353,0,1782361801.50329,0.0020151138305664062
272099,normal,2925,0,1782361801.5052607,0.0019707679748535156
272100,normal,1826,0,1782361801.5073345,0.0020737648010253906
272101,normal,2923,0,1782361801.5091958,0.0018613338470458984
272102,normal,1010,2,1782361801.5114353,0.0022394657135009766
272103,normal,2019,0,1782361801.5132542,0.0018188953399658203
272104,normal,333,0,1782361801.515275,0.0020208358764648438
272105,normal,190,0,1782361801.517358,0.0020830631256103516
272106,normal,2238,0,1782361801.5194473,0.002089262008666992
272107,normal,1551,0,1782361801.521223,0.0017757415771484375
272108,normal,191,0,1782361801.5231957,0.001972675323486328
272109,normal,1187,0,1782361801.5251772,0.001981496810913086
272110,normal,1421,0,1782361801.5272245,0.002047300338745117
272111,normal,2698,0,1782361801.5291948,0.0019702911376953125
272112,normal,898,2,1782361801.5312438,0.002048969268798828
272113,normal,36,0,1782361801.5332198,0.00197601318359375
272114,normal,626,0,1782361801.5351918,0.0019719600677490234
272115,normal,1579,0,1782361801.5372326,0.002040863037109375
272116,normal,1350,1,1782361801.5392802,0.0020475387573242188
272117,normal,2654,0,1782361801.541247,0.001966714859008789
272118,normal,2313,0,1782361801.5432322,0.001985311508178711
272119,normal,2621,0,1782361801.5452464,0.00201416015625
272120,normal,1315,0,1782361801.5472167,0.0019702911376953125
272121,normal,3221,1,1782361801.549273,0.0020563602447509766
272122,normal,1393,0,1782361801.5512636,0.0019905567169189453
272123,normal,1570,0,1782361801.5531046,0.0018410682678222656
272124,normal,700,0,1782361801.5552313,0.0021266937255859375
272125,normal,739,0,1782361801.5572536,0.002022266387939453
272126,normal,366,0,1782361801.55912,0.0018663406372070312
272127,normal,2784,0,1782361801.5612295,0.002109527587890625
272128,normal,3119,1,1782361801.5632384,0.0020089149475097656
272129,normal,250,0,1782361801.5652006,0.0019621849060058594
272130,normal,2999,0,1782361801.5672712,0.0020706653594970703
272131,normal,223,0,1782361801.5692213,0.0019500255584716797
272132,normal,2106,0,1782361801.5711846,0.001963376998901367
272133,normal,2605,0,1782361801.5732157,0.002031087875366211
272134,normal,2643,0,1782361801.5752144,0.0019986629486083984
272135,normal,1654,0,1782361801.5772872,0.0020728111267089844
272136,normal,2588,0,1782361801.5792167,0.0019295215606689453
272137,normal,1949,0,1782361801.581264,0.002047300338745117
272138,normal,3339,1,1782361801.5832205,0.001956462860107422
272139,normal,445,0,1782361801.5852315,0.0020110607147216797
272140,normal,1157,0,1782361801.5872433,0.0020117759704589844
272141,normal,611,0,1782361801.5892055,0.0019621849060058594
272142,normal,1441,0,1782361801.5912082,0.002002716064453125
272143,normal,1374,1,1782361801.5932014,0.0019931793212890625
272144,normal,395,0,1782361801.5951545,0.001953125
272145,normal,2036,0,1782361801.5972183,0.002063751220703125
272146,normal,1774,0,1782361801.5992477,0.0020294189453125
272147,normal,1109,0,1782361801.6012697,0.0020220279693603516
272148,normal,1823,0,1782361801.603273,0.002003192901611328
272149,normal,3565,0,1782361801.605273,0.002000093460083008
272150,normal,2909,0,1782361801.6072373,0.0019643306732177734
272151,normal,647,0,1782361801.6092384,0.002001047134399414
272152,normal,1047,0,1782361801.6112924,0.002053976058959961
272153,normal,3205,1,1782361801.6133394,0.0020470619201660156
272154,normal,1264,0,1782361801.6151097,0.0017702579498291016
272155,normal,3436,0,1782361801.6171513,0.0020415782928466797
272156,normal,3076,1,1782361801.6191216,0.0019702911376953125
272157,normal,558,0,1782361801.621143,0.0020215511322021484
272158,normal,3093,1,1782361801.623176,0.0020329952239990234
272159,normal,710,0,1782361801.6251028,0.0019266605377197266
272160,normal,309,0,1782361801.6270962,0.001993417739868164
272161,normal,98,0,1782361801.6291044,0.002008199691772461
272162,normal,391,0,1782361801.631304,0.0021996498107910156
272163,normal,1124,0,1782361801.6335588,0.0022547245025634766
272164,normal,373,0,1782361801.6352513,0.0016925334930419922
272165,normal,3305,1,1782361801.6372097,0.0019583702087402344
272166,normal,3157,1,1782361801.6392183,0.002008676528930664
272167,normal,2143,0,1782361801.6412106,0.0019922256469726562
272168,normal,663,0,1782361801.6432333,0.0020227432250976562
272169,normal,961,2,1782361801.6452444,0.0020110607147216797
272170,normal,3530,0,1782361801.6472132,0.001968860626220703
272171,normal,2595,0,1782361801.649224,0.002010822296142578
272172,normal,339,0,1782361801.6512125,0.0019884109497070312
272173,normal,3163,1,1782361801.6532273,0.0020148754119873047
272174,normal,1430,0,1782361801.6551921,0.0019648075103759766
272175,normal,3189,1,1782361801.6572063,0.00201416015625
272176,normal,2069,0,1782361801.6592934,0.002087116241455078
272177,normal,544,0,1782361801.66132,0.0020265579223632812
272178,normal,2892,0,1782361801.663203,0.0018830299377441406
272179,normal,2220,0,1782361801.6652918,0.002088785171508789
272180,normal,2072,0,1782361801.6672785,0.0019867420196533203
272181,normal,2981,0,1782361801.6713254,0.004046916961669922
272182,normal,289,0,1782361801.6714282,0.00010275840759277344
272183,normal,2103,0,1782361801.6732526,0.0018243789672851562
272184,normal,1952,0,1782361801.6752734,0.0020208358764648438
272185,normal,3132,1,1782361801.6772256,0.0019521713256835938
272186,normal,730,0,1782361801.6792922,0.0020666122436523438
272187,normal,2395,0,1782361801.6812747,0.001982450485229492
272188,normal,73,0,1782361801.6832178,0.0019431114196777344
272189,normal,2684,0,1782361801.6852062,0.0019884109497070312
272190,normal,1159,0,1782361801.6872065,0.0020003318786621094
272191,normal,1215,0,1782361801.6892416,0.0020351409912109375
272192,normal,1328,1,1782361801.6911855,0.001943826675415039
272193,normal,3014,0,1782361801.6932242,0.002038717269897461
272194,normal,988,2,1782361801.6952066,0.001982450485229492
272195,normal,1916,0,1782361801.697162,0.001955270767211914
272196,normal,2709,0,1782361801.6992638,0.002101898193359375
272197,normal,455,0,1782361801.7012954,0.002031564712524414
272198,normal,3271,1,1782361801.7032201,0.001924753189086914
272199,normal,2083,0,1782361801.705159,0.0019388198852539062
272200,normal,2449,0,1782361801.707256,0.0020971298217773438
272201,normal,1913,0,1782361801.7091582,0.0019021034240722656
272202,normal,3473,0,1782361801.7113202,0.0021619796752929688
272203,normal,171,0,1782361801.7131898,0.0018696784973144531
272204,normal,574,0,1782361801.71516,0.001970052719116211
272205,normal,635,0,1782361801.717237,0.0020771026611328125
272206,normal,2542,0,1782361801.71924,0.0020029544830322266
272207,normal,52,0,1782361801.7212262,0.001986265182495117
272208,normal,3001,0,1782361801.723253,0.002026796340942383
272209,normal,583,0,1782361801.7252555,0.0020024776458740234
272210,normal,2090,0,1782361801.7273567,0.0021011829376220703
272211,normal,1335,1,1782361801.7292056,0.0018489360809326172
272212,normal,718,0,1782361801.7312272,0.0020215511322021484
272213,normal,932,2,1782361801.733215,0.001987934112548828
272214,normal,2502,0,1782361801.7351708,0.001955747604370117
272215,normal,2154,0,1782361801.7371466,0.0019757747650146484
272216,normal,2626,0,1782361801.7393775,0.0022308826446533203
272217,normal,1292,0,1782361801.7412834,0.0019059181213378906
272218,normal,1277,0,1782361801.7433817,0.0020983219146728516
272219,normal,1103,0,1782361801.745262,0.0018801689147949219
272220,normal,134,0,1782361801.7472348,0.0019729137420654297
272221,normal,3429,0,1782361801.7493205,0.0020856857299804688
272222,normal,1571,0,1782361801.7512546,0.001934051513671875
272223,normal,2670,0,1782361801.753214,0.0019593238830566406
272224,normal,1041,0,1782361801.7553036,0.0020897388458251953
272225,normal,884,2,1782361801.7572093,0.001905679702758789
272226,normal,638,0,1782361801.759289,0.0020797252655029297
272227,normal,1238,0,1782361801.7613845,0.002095460891723633
272228,normal,1720,0,1782361801.7632792,0.0018947124481201172
272229,normal,2373,0,1782361801.7653706,0.0020914077758789062
272230,normal,1236,0,1782361801.7673557,0.0019850730895996094
272231,normal,3326,1,1782361801.7694736,0.0021178722381591797
272232,normal,1741,0,1782361801.771373,0.0018994808197021484
272233,normal,990,2,1782361801.7733898,0.002016782760620117
272234,normal,2179,0,1782361801.7751503,0.0017604827880859375
272235,normal,1635,0,1782361801.7773068,0.002156496047973633
272236,normal,1909,0,1782361801.7792928,0.0019860267639160156
272237,normal,2381,0,1782361801.7813208,0.0020279884338378906
272238,normal,639,0,1782361801.7832243,0.001903533935546875
272239,normal,1847,0,1782361801.7852898,0.002065420150756836
272240,normal,1324,1,1782361801.7871988,0.001909017562866211
272241,normal,2363,0,1782361801.7892883,0.0020895004272460938
272242,normal,3523,0,1782361801.7913487,0.002060413360595703
272243,normal,3274,1,1782361801.793395,0.002046346664428711
272244,normal,3394,1,1782361801.7953556,0.0019605159759521484
272245,normal,3421,0,1782361801.797339,0.0019834041595458984
272246,normal,1353,1,1782361801.7993686,0.0020296573638916016
272247,normal,525,0,1782361801.8012292,0.0018606185913085938
272248,normal,2344,0,1782361801.8033135,0.0020842552185058594
272249,normal,2819,0,1782361801.8052275,0.0019140243530273438
272250,normal,3613,0,1782361801.8074207,0.0021932125091552734
272251,normal,2841,0,1782361801.80946,0.002039194107055664
272252,normal,1634,0,1782361801.8111322,0.0016722679138183594
272253,normal,3138,1,1782361801.813298,0.0021657943725585938
272254,normal,3098,1,1782361801.8153105,0.002012491226196289
272255,normal,2206,0,1782361801.817231,0.001920461654663086
272256,normal,256,0,1782361801.8193188,0.002087831497192383
272257,normal,1691,0,1782361801.8212247,0.0019059181213378906
272258,normal,1308,0,1782361801.8233457,0.0021209716796875
272259,normal,997,2,1782361801.8251877,0.0018420219421386719
272260,normal,3598,0,1782361801.8273308,0.0021431446075439453
272261,normal,722,0,1782361801.829266,0.0019352436065673828
272262,normal,765,0,1782361801.8314657,0.0021996498107910156
272263,normal,3693,0,1782361801.8332882,0.0018224716186523438
272264,normal,2551,0,1782361801.8352478,0.001959562301635742
272265,normal,2974,0,1782361801.837354,0.002106189727783203
272266,normal,751,0,1782361801.839376,0.0020220279693603516
272267,normal,320,0,1782361801.8411279,0.0017518997192382812
272268,normal,1110,0,1782361801.8433156,0.0021877288818359375
272269,normal,2708,0,1782361801.8452919,0.0019762516021728516
272270,normal,1304,0,1782361801.847338,0.0020461082458496094
272271,normal,3330,1,1782361801.8492842,0.0019462108612060547
272272,normal,464,0,1782361801.8515635,0.0022792816162109375
272273,normal,1722,0,1782361801.8531876,0.0016241073608398438
272274,normal,267,0,1782361801.8553197,0.0021321773529052734
272275,normal,3320,1,1782361801.8575344,0.002214670181274414
272276,normal,2515,0,1782361801.859403,0.0018684864044189453
272277,normal,2756,0,1782361801.8614402,0.0020372867584228516
272278,normal,2555,0,1782361801.8633099,0.0018696784973144531
272279,normal,3616,0,1782361801.8653064,0.0019965171813964844
272280,normal,3617,0,1782361801.8673117,0.002005338668823242
272281,normal,1500,0,1782361801.8694024,0.0020906925201416016
272282,normal,1624,0,1782361801.87175,0.002347707748413086
272283,normal,1147,0,1782361801.8731086,0.0013585090637207031
272284,normal,1641,0,1782361801.8752537,0.002145051956176758
272285,normal,2699,0,1782361801.8771994,0.0019457340240478516
272286,normal,1097,0,1782361801.8791556,0.0019562244415283203
272287,normal,819,2,1782361801.881244,0.002088308334350586
272288,normal,3204,1,1782361801.8831732,0.0019292831420898438
272289,normal,2888,0,1782361801.8851461,0.0019729137420654297
272290,normal,532,0,1782361801.8872662,0.0021200180053710938
272291,normal,325,0,1782361801.8891876,0.0019214153289794922
272292,normal,2217,0,1782361801.8912122,0.0020246505737304688
272293,normal,3433,0,1782361801.8932066,0.0019943714141845703
272294,normal,2646,0,1782361801.8952146,0.0020079612731933594
272295,normal,3222,1,1782361801.8972166,0.0020020008087158203
272296,normal,3676,0,1782361801.8992198,0.002003192901611328
272297,normal,1133,0,1782361801.9012537,0.0020339488983154297
272298,normal,827,2,1782361801.903592,0.002338409423828125
272299,normal,608,0,1782361801.9052155,0.001623392105102539
272300,normal,973,2,1782361801.9072256,0.0020101070404052734
272301,normal,732,0,1782361801.9092317,0.002006053924560547
272302,normal,441,0,1782361801.911222,0.0019903182983398438
272303,normal,2354,0,1782361801.9131432,0.0019211769104003906
272304,normal,3697,0,1782361801.915203,0.0020599365234375
272305,normal,2283,0,1782361801.917207,0.002003908157348633
272306,normal,1573,0,1782361801.919226,0.0020189285278320312
272307,normal,2881,0,1782361801.921285,0.0020589828491210938
272308,normal,3131,1,1782361801.9238605,0.0025756359100341797
272309,normal,1405,0,1782361801.9251504,0.0012898445129394531
272310,normal,2935,0,1782361801.9274125,0.002262115478515625
272311,normal,1771,0,1782361801.9292624,0.0018498897552490234
272312,normal,3229,1,1782361801.9311907,0.0019283294677734375
272313,normal,3605,0,1782361801.9332762,0.002085447311401367
272314,normal,2653,0,1782361801.9353673,0.0020911693572998047
272315,normal,188,0,1782361801.9372609,0.0018935203552246094
272316,normal,1052,0,1782361801.9391153,0.0018544197082519531
272317,normal,795,2,1782361801.9411354,0.002020120620727539
272318,normal,707,0,1782361801.9431102,0.001974821090698242
272319,normal,757,0,1782361801.9450972,0.001986980438232422
272320,normal,334,0,1782361801.9471443,0.0020470619201660156
272321,normal,1907,0,1782361801.9491932,0.002048969268798828
272322,normal,2913,0,1782361801.9512246,0.0020313262939453125
272323,normal,3249,1,1782361801.9532108,0.001986265182495117
272324,normal,2868,0,1782361801.9552133,0.0020024776458740234
272325,normal,2655,0,1782361801.9572177,0.002004384994506836
272326,normal,3037,0,1782361801.9594777,0.002259969711303711
272327,normal,876,2,1782361801.961366,0.001888275146484375
272328,normal,3228,1,1782361801.963141,0.0017750263214111328
272329,normal,816,2,1782361801.9652262,0.0020852088928222656
272330,normal,853,2,1782361801.967223,0.001996755599975586
272331,normal,492,0,1782361801.9692311,0.002008199691772461
272332,normal,1030,0,1782361801.9712617,0.002030611038208008
272333,normal,1387,0,1782361801.9733536,0.0020918846130371094
272334,normal,3302,1,1782361801.9751046,0.001750946044921875
272335,normal,3388,1,1782361801.9772208,0.0021162033081054688
272336,normal,1561,0,1782361801.9791927,0.0019719600677490234
272337,normal,3252,1,1782361801.981239,0.002046346664428711
272338,normal,2409,0,1782361801.9832356,0.0019965171813964844
272339,normal,287,0,1782361801.985398,0.002162456512451172
272340,normal,992,2,1782361801.987338,0.001940011978149414
272341,normal,742,0,1782361801.9893124,0.001974344253540039
272342,normal,10,0,1782361801.991179,0.0018665790557861328
272343,normal,1080,0,1782361801.9932446,0.0020656585693359375
272344,normal,501,0,1782361801.9953337,0.0020890235900878906
272345,normal,610,0,1782361801.997381,0.002047300338745117
272346,normal,937,2,1782361801.9992578,0.0018768310546875
272347,normal,588,0,1782361802.0013058,0.002048015594482422
272348,normal,3559,0,1782361802.0034127,0.002106904983520508
272349,normal,4,0,1782361802.005444,0.0020313262939453125
272350,normal,1063,0,1782361802.0072567,0.0018126964569091797
272351,normal,3586,0,1782361802.0091476,0.0018908977508544922
272352,normal,687,0,1782361802.0112314,0.0020837783813476562
272353,normal,3232,1,1782361802.0132034,0.0019719600677490234
272354,normal,2642,0,1782361802.0151455,0.0019421577453613281
272355,normal,2210,0,1782361802.0172575,0.0021119117736816406
272356,normal,565,0,1782361802.0193818,0.002124309539794922
272357,normal,3156,1,1782361802.0212939,0.0019121170043945312
272358,normal,1601,0,1782361802.0232332,0.0019392967224121094
272359,normal,3453,0,1782361802.025397,0.0021638870239257812
272360,normal,313,0,1782361802.027312,0.00191497802734375
272361,normal,793,2,1782361802.029334,0.0020220279693603516
272362,normal,3595,0,1782361802.0314233,0.002089262008666992
272363,normal,2144,0,1782361802.033145,0.0017216205596923828
272364,normal,2725,0,1782361802.0354178,0.0022728443145751953
272365,normal,914,2,1782361802.0373292,0.0019114017486572266
272366,normal,3491,0,1782361802.0393803,0.002051115036010742
272367,normal,2822,0,1782361802.0411968,0.0018165111541748047
272368,normal,2129,0,1782361802.0433543,0.002157449722290039
272369,normal,2104,0,1782361802.0452504,0.0018961429595947266
272370,normal,2566,0,1782361802.0473702,0.002119779586791992
272371,normal,3385,1,1782361802.0492465,0.0018763542175292969
272372,normal,3039,0,1782361802.0513039,0.002057313919067383
272373,normal,71,0,1782361802.053269,0.001965045928955078
272374,normal,2400,0,1782361802.0553923,0.0021233558654785156
272375,normal,3106,1,1782361802.0573337,0.0019414424896240234
272376,normal,1529,0,1782361802.0592632,0.0019295215606689453
272377,normal,14,0,1782361802.061367,0.0021038055419921875
272378,normal,457,0,1782361802.063243,0.0018758773803710938
272379,normal,1056,0,1782361802.0653627,0.002119779586791992
272380,normal,517,0,1782361802.0672483,0.0018856525421142578
272381,normal,2194,0,1782361802.0693617,0.00211334228515625
272382,normal,2200,0,1782361802.071307,0.0019452571868896484
272383,normal,720,0,1782361802.0734212,0.0021142959594726562
272384,normal,2550,0,1782361802.0754647,0.002043485641479492
272385,normal,1544,0,1782361802.0772073,0.0017426013946533203
272386,normal,3607,0,1782361802.0793984,0.0021910667419433594
272387,normal,2166,0,1782361802.0812807,0.001882314682006836
272388,normal,2187,0,1782361802.0833592,0.002078533172607422
272389,normal,2430,0,1782361802.0852275,0.0018682479858398438
272390,normal,1740,0,1782361802.087255,0.0020275115966796875
272391,normal,2859,0,1782361802.089251,0.0019960403442382812
272392,normal,3481,0,1782361802.0914087,0.0021576881408691406
272393,normal,1470,0,1782361802.0933268,0.0019180774688720703
272394,normal,2873,0,1782361802.0953279,0.002001047134399414
272395,normal,1789,0,1782361802.0975435,0.0022156238555908203
272396,normal,585,0,1782361802.0993063,0.0017628669738769531
272397,normal,2199,0,1782361802.1013892,0.00208282470703125
272398,normal,2168,0,1782361802.1033854,0.001996278762817383
272399,normal,2803,0,1782361802.10536,0.0019745826721191406
272400,normal,3366,1,1782361802.1074126,0.0020525455474853516
272401,normal,3669,0,1782361802.10923,0.001817464828491211
272402,normal,496,0,1782361802.1111348,0.0019047260284423828
272403,normal,3363,1,1782361802.1133459,0.0022110939025878906
272404,normal,3248,1,1782361802.1153536,0.002007722854614258
272405,normal,2047,0,1782361802.1174634,0.0021097660064697266
272406,normal,1255,0,1782361802.1191375,0.0016741752624511719
272407,normal,1839,0,1782361802.121346,0.0022084712982177734
272408,normal,2968,0,1782361802.1232255,0.0018794536590576172
272409,normal,802,2,1782361802.1253517,0.0021262168884277344
272410,normal,3571,0,1782361802.1279736,0.002621889114379883
272411,normal,2622,0,1782361802.129438,0.0014643669128417969
272412,normal,2271,0,1782361802.1311667,0.0017287731170654297
272413,normal,1484,0,1782361802.1333592,0.0021924972534179688
272414,normal,286,0,1782361802.1352448,0.0018856525421142578
272415,normal,2184,0,1782361802.1373706,0.0021257400512695312
272416,normal,337,0,1782361802.139331,0.0019605159759521484
272417,normal,1844,0,1782361802.1412735,0.0019423961639404297
272418,normal,1935,0,1782361802.1432962,0.0020227432250976562
272419,normal,324,0,1782361802.1452343,0.0019381046295166016
272420,normal,1307,0,1782361802.1473556,0.0021212100982666016
272421,normal,1480,0,1782361802.1492438,0.001888275146484375
272422,normal,1366,1,1782361802.151383,0.0021390914916992188
272423,normal,2596,0,1782361802.1532958,0.001912832260131836
272424,normal,29,0,1782361802.155472,0.0021762847900390625
272425,normal,345,0,1782361802.1574786,0.00200653076171875
272426,normal,27,0,1782361802.1592429,0.0017642974853515625
272427,normal,1305,0,1782361802.1612253,0.001982450485229492
272428,normal,2546,0,1782361802.1634603,0.002234935760498047
272429,normal,2528,0,1782361802.1652575,0.0017971992492675781
272430,normal,2133,0,1782361802.1673691,0.002111673355102539
272431,normal,2326,0,1782361802.1695433,0.0021741390228271484
272432,normal,3050,1,1782361802.1713414,0.0017981529235839844
272433,normal,2850,0,1782361802.1733367,0.0019953250885009766
272434,normal,12,0,1782361802.17555,0.0022132396697998047
272435,normal,2146,0,1782361802.1774676,0.0019176006317138672
272436,normal,2286,0,1782361802.1791859,0.001718282699584961
272437,normal,3213,1,1782361802.181231,0.002045154571533203
272438,normal,3051,1,1782361802.1832175,0.0019865036010742188
272439,normal,893,2,1782361802.1851428,0.0019252300262451172
272440,normal,3295,1,1782361802.1872602,0.0021173954010009766
272441,normal,994,2,1782361802.1891923,0.0019321441650390625
272442,normal,1293,0,1782361802.191151,0.001958608627319336
272443,normal,2970,0,1782361802.193211,0.0020601749420166016
272444,normal,3584,0,1782361802.1951146,0.001903533935546875
272445,normal,786,2,1782361802.19725,0.0021352767944335938
272446,normal,386,0,1782361802.199296,0.0020461082458496094
272447,normal,2094,0,1782361802.2012568,0.00196075439453125
272448,normal,3142,1,1782361802.2031333,0.0018765926361083984
272449,normal,487,0,1782361802.2052553,0.0021219253540039062
272450,normal,2290,0,1782361802.207241,0.001985788345336914
272451,normal,1538,0,1782361802.2092764,0.002035379409790039
272452,normal,2021,0,1782361802.2112694,0.001992940902709961
272453,normal,2416,0,1782361802.213091,0.0018215179443359375
272454,normal,865,2,1782361802.2152405,0.0021495819091796875
272455,normal,1589,0,1782361802.2172322,0.001991748809814453
272456,normal,153,0,1782361802.2192397,0.0020074844360351562
272457,normal,715,0,1782361802.2211506,0.0019109249114990234
272458,normal,388,0,1782361802.2232456,0.0020949840545654297
272459,normal,3015,0,1782361802.225252,0.0020062923431396484
272460,normal,721,0,1782361802.2273397,0.002087831497192383
272461,normal,2284,0,1782361802.2292383,0.0018985271453857422
272462,normal,3180,1,1782361802.2311962,0.0019578933715820312
272463,normal,1261,0,1782361802.233234,0.0020377635955810547
272464,normal,3314,1,1782361802.2352638,0.002029895782470703
272465,normal,3169,1,1782361802.237142,0.0018782615661621094
272466,normal,3639,0,1782361802.2392395,0.0020973682403564453
272467,normal,2132,0,1782361802.2412744,0.002034902572631836
272468,normal,3044,0,1782361802.2432523,0.0019779205322265625
272469,normal,1151,0,1782361802.2452214,0.0019690990447998047
272470,normal,3243,1,1782361802.247328,0.0021066665649414062
272471,normal,244,0,1782361802.2491353,0.0018072128295898438
272472,normal,1929,0,1782361802.2512548,0.0021195411682128906
272473,normal,529,0,1782361802.2532706,0.002015829086303711
272474,normal,1990,0,1782361802.2552106,0.001940011978149414
272475,normal,3709,0,1782361802.2572298,0.002019166946411133
272476,normal,1738,0,1782361802.259228,0.0019981861114501953
272477,normal,2878,0,1782361802.2612205,0.001992464065551758
272478,normal,2255,0,1782361802.2633104,0.002089977264404297
272479,normal,341,0,1782361802.2652817,0.0019712448120117188
272480,normal,3662,0,1782361802.2671406,0.0018589496612548828
272481,normal,81,0,1782361802.2692974,0.0021567344665527344
272482,normal,406,0,1782361802.271332,0.0020346641540527344
272483,normal,40,0,1782361802.2732396,0.0019075870513916016
272484,normal,2224,0,1782361802.2753735,0.0021338462829589844
272485,normal,148,0,1782361802.2773197,0.0019462108612060547
272486,normal,889,2,1782361802.2791448,0.001825094223022461
272487,normal,1618,0,1782361802.2812226,0.002077817916870117
272488,normal,1779,0,1782361802.2832193,0.001996755599975586
272489,normal,2196,0,1782361802.28523,0.0020105838775634766
272490,normal,2434,0,1782361802.28728,0.002050161361694336
272491,normal,3425,0,1782361802.2892215,0.0019414424896240234
272492,normal,252,0,1782361802.291101,0.0018794536590576172
272493,normal,2464,0,1782361802.2932596,0.002158641815185547
272494,normal,3035,0,1782361802.2952256,0.0019659996032714844
272495,normal,1527,0,1782361802.2972171,0.0019915103912353516
272496,normal,331,0,1782361802.2993343,0.002117156982421875
272497,normal,1892,0,1782361802.3013678,0.0020334720611572266
272498,normal,2957,0,1782361802.303199,0.0018312931060791016
272499,normal,3675,0,1782361802.3053212,0.002122163772583008
272500,normal,216,0,1782361802.3072464,0.0019252300262451172
272501,normal,3303,1,1782361802.3092084,0.001961946487426758
272502,normal,2838,0,1782361802.3112445,0.0020360946655273438
272503,normal,218,0,1782361802.313243,0.001998424530029297
272504,normal,178,0,1782361802.3153412,0.0020983219146728516
272505,normal,26,0,1782361802.317132,0.001790761947631836
272506,normal,2995,0,1782361802.3192244,0.0020923614501953125
272507,normal,23,0,1782361802.3211648,0.0019404888153076172
272508,normal,1156,0,1782361802.323254,0.002089262008666992
272509,normal,1162,0,1782361802.325247,0.001992940902709961
272510,normal,3124,1,1782361802.3273425,0.002095460891723633
272511,normal,3582,0,1782361802.3291187,0.0017762184143066406
272512,normal,3488,0,1782361802.331248,0.0021293163299560547
272513,normal,768,0,1782361802.3331344,0.0018863677978515625
272514,normal,118,0,1782361802.3351502,0.002015829086303711
272515,normal,3651,0,1782361802.3372033,0.0020530223846435547
272516,normal,3567,0,1782361802.339266,0.0020627975463867188
272517,normal,1362,1,1782361802.3411853,0.0019192695617675781
272518,normal,1032,0,1782361802.3433313,0.002146005630493164
272519,normal,3498,0,1782361802.3451507,0.0018193721771240234
272520,normal,3687,0,1782361802.3472362,0.002085447311401367
272521,normal,2786,0,1782361802.349392,0.002155780792236328
272522,normal,2941,0,1782361802.3511643,0.0017724037170410156
272523,normal,617,0,1782361802.3531816,0.0020172595977783203
272524,normal,1209,0,1782361802.3551798,0.0019981861114501953
272525,normal,2347,0,1782361802.3571389,0.001959085464477539
272526,normal,3262,1,1782361802.3593154,0.002176523208618164
272527,normal,1476,0,1782361802.3613553,0.0020399093627929688
272528,normal,1731,0,1782361802.363209,0.0018537044525146484
272529,normal,960,2,1782361802.3652346,0.002025604248046875
272530,normal,828,2,1782361802.3672485,0.0020139217376708984
272531,normal,1049,0,1782361802.369814,0.0025653839111328125
272532,normal,719,0,1782361802.3712106,0.0013966560363769531
272533,normal,214,0,1782361802.3734624,0.002251863479614258
272534,normal,1735,0,1782361802.3751385,0.0016760826110839844
272535,normal,2587,0,1782361802.3772786,0.002140045166015625
272536,normal,3623,0,1782361802.3793242,0.0020456314086914062
272537,normal,1705,0,1782361802.3811781,0.00185394287109375
272538,normal,2618,0,1782361802.3837032,0.0025250911712646484
272539,normal,1568,0,1782361802.385185,0.001481771469116211
272540,normal,3549,0,1782361802.3872561,0.0020711421966552734
272541,normal,1365,1,1782361802.389282,0.0020258426666259766
272542,normal,1694,0,1782361802.391263,0.001981019973754883
272543,normal,3577,0,1782361802.3932104,0.0019474029541015625
272544,normal,1583,0,1782361802.3952434,0.0020329952239990234
272545,normal,1060,0,1782361802.3972652,0.00202178955078125
272546,normal,2727,0,1782361802.399414,0.002148866653442383
272547,normal,3455,0,1782361802.4013758,0.0019617080688476562
272548,normal,2533,0,1782361802.4033744,0.0019986629486083984
272549,normal,1130,0,1782361802.4052472,0.0018727779388427734
272550,normal,3609,0,1782361802.4073827,0.0021355152130126953
272551,normal,3065,1,1782361802.4092522,0.0018694400787353516
272552,normal,3136,1,1782361802.411368,0.0021157264709472656
272553,normal,3017,0,1782361802.4132583,0.001890420913696289
272554,normal,1882,0,1782361802.4154172,0.0021588802337646484
272555,normal,2077,0,1782361802.4173565,0.0019392967224121094
272556,normal,1397,0,1782361802.4193566,0.002000093460083008
272557,normal,622,0,1782361802.4214015,0.0020449161529541016
272558,normal,3212,1,1782361802.4232926,0.0018911361694335938
272559,normal,2223,0,1782361802.4253986,0.0021059513092041016
272560,normal,835,2,1782361802.4272356,0.001837015151977539
272561,normal,2226,0,1782361802.4293582,0.002122640609741211
272562,normal,3431,0,1782361802.4312353,0.0018770694732666016
272563,normal,2500,0,1782361802.4333634,0.002128124237060547
272564,normal,1681,0,1782361802.4352942,0.0019307136535644531
272565,normal,2208,0,1782361802.4374251,0.0021309852600097656
272566,normal,3116,1,1782361802.4393475,0.0019223690032958984
272567,normal,138,0,1782361802.441453,0.0021054744720458984
272568,normal,1835,0,1782361802.4433174,0.0018644332885742188
272569,normal,1763,0,1782361802.4455307,0.0022132396697998047
272570,normal,1638,0,1782361802.4472387,0.0017080307006835938
272571,normal,1181,0,1782361802.4495506,0.0023119449615478516
272572,normal,3027,0,1782361802.451512,0.0019614696502685547
272573,normal,2703,0,1782361802.4531546,0.001642465591430664
272574,normal,2650,0,1782361802.4553564,0.0022017955780029297
272575,normal,2714,0,1782361802.4573576,0.0020012855529785156
272576,normal,3281,1,1782361802.4592338,0.0018761157989501953
272577,normal,2493,0,1782361802.4614546,0.0022208690643310547
272578,normal,3182,1,1782361802.4633,0.0018453598022460938
272579,normal,897,2,1782361802.4653547,0.0020546913146972656
272580,normal,1021,2,1782361802.4672318,0.0018770694732666016
272581,normal,335,0,1782361802.4693544,0.002122640609741211
272582,normal,497,0,1782361802.4712312,0.0018768310546875
272583,normal,3448,0,1782361802.473956,0.002724885940551758
272584,normal,593,0,1782361802.47559,0.0016338825225830078
272585,normal,1677,0,1782361802.4771912,0.0016012191772460938
272586,normal,3259,1,1782361802.4793801,0.0021889209747314453
272587,normal,1168,0,1782361802.4813623,0.0019822120666503906
272588,normal,298,0,1782361802.48324,0.0018775463104248047
272589,normal,2713,0,1782361802.48541,0.002170085906982422
272590,normal,1099,0,1782361802.4875185,0.0021085739135742188
272591,normal,3494,0,1782361802.4891489,0.0016303062438964844
272592,normal,3313,1,1782361802.4913597,0.002210855484008789
272593,normal,1408,0,1782361802.4933703,0.0020105838775634766
272594,normal,2657,0,1782361802.4952552,0.0018849372863769531
272595,normal,3615,0,1782361802.4973898,0.002134561538696289
272596,normal,2639,0,1782361802.4993947,0.002004861831665039
272597,normal,541,0,1782361802.501416,0.002021312713623047
272598,normal,1235,0,1782361802.5033393,0.0019233226776123047
272599,normal,3390,1,1782361802.5054471,0.002107858657836914
272600,normal,2486,0,1782361802.5073054,0.0018582344055175781
272601,normal,2155,0,1782361802.5093563,0.0020508766174316406
272602,normal,2647,0,1782361802.5117073,0.002351045608520508
272603,normal,2875,0,1782361802.5133412,0.0016338825225830078
272604,normal,857,2,1782361802.5153227,0.001981496810913086
272605,normal,2755,0,1782361802.5175872,0.0022644996643066406
272606,normal,11,0,1782361802.5197265,0.0021393299102783203
272607,normal,1417,0,1782361802.5212457,0.0015192031860351562
272608,normal,336,0,1782361802.5240152,0.00276947021484375
272609,normal,1497,0,1782361802.5252135,0.0011982917785644531
272610,normal,155,0,1782361802.5273476,0.002134084701538086
272611,normal,1703,0,1782361802.5293465,0.0019989013671875
272612,normal,2281,0,1782361802.5312414,0.0018949508666992188
272613,normal,3126,1,1782361802.5333712,0.002129793167114258
272614,normal,2407,0,1782361802.5352788,0.0019075870513916016
272615,normal,2250,0,1782361802.5372534,0.0019745826721191406
272616,normal,3026,0,1782361802.5392218,0.0019683837890625
272617,normal,1591,0,1782361802.5412905,0.002068758010864258
272618,normal,1379,1,1782361802.5432475,0.001956939697265625
272619,normal,1750,0,1782361802.545316,0.0020685195922851562
272620,normal,51,0,1782361802.5473812,0.0020651817321777344
272621,normal,1953,0,1782361802.549092,0.0017108917236328125
272622,normal,502,0,1782361802.5512693,0.0021772384643554688
272623,normal,1444,0,1782361802.5533013,0.002032041549682617
272624,normal,2170,0,1782361802.555264,0.0019626617431640625
272625,normal,2485,0,1782361802.5571654,0.001901388168334961
272626,normal,688,0,1782361802.559215,0.002049684524536133
272627,normal,130,0,1782361802.5612307,0.0020155906677246094
272628,normal,2446,0,1782361802.5632355,0.002004861831665039
272629,normal,1796,0,1782361802.5652363,0.0020008087158203125
272630,normal,3235,1,1782361802.567245,0.002008676528930664
272631,normal,1933,0,1782361802.5692616,0.0020165443420410156
272632,normal,3144,1,1782361802.5714278,0.002166271209716797
272633,normal,1995,0,1782361802.5733473,0.0019195079803466797
272634,normal,1229,0,1782361802.5752912,0.001943826675415039
272635,normal,849,2,1782361802.5773919,0.002100706100463867
272636,normal,1471,0,1782361802.5792487,0.0018568038940429688
272637,normal,3029,0,1782361802.581374,0.002125263214111328
272638,normal,1957,0,1782361802.5833704,0.0019965171813964844
272639,normal,348,0,1782361802.5852485,0.0018780231475830078
272640,normal,1361,1,1782361802.5873904,0.0021419525146484375
272641,normal,1111,0,1782361802.589421,0.002030611038208008
272642,normal,115,0,1782361802.5915973,0.0021762847900390625
272643,normal,2644,0,1782361802.5932105,0.0016131401062011719
272644,normal,907,2,1782361802.595401,0.0021905899047851562
272645,normal,3282,1,1782361802.5973146,0.0019135475158691406
272646,normal,3544,0,1782361802.5992663,0.0019516944885253906
272647,normal,2632,0,1782361802.6013677,0.002101421356201172
272648,normal,2748,0,1782361802.603235,0.0018672943115234375
272649,normal,143,0,1782361802.6053584,0.0021233558654785156
272650,normal,2860,0,1782361802.6073802,0.00202178955078125
272651,normal,1036,0,1782361802.6093585,0.0019783973693847656
272652,normal,1904,0,1782361802.611208,0.0018494129180908203
272653,normal,192,0,1782361802.6134474,0.0022394657135009766
272654,normal,3064,1,1782361802.615411,0.0019636154174804688
272655,normal,257,0,1782361802.617404,0.001992940902709961
272656,normal,310,0,1782361802.6194053,0.0020012855529785156
272657,normal,595,0,1782361802.6212904,0.0018851757049560547
272658,normal,3084,1,1782361802.6234505,0.0021600723266601562
272659,normal,1487,0,1782361802.6254623,0.0020117759704589844
272660,normal,1108,0,1782361802.6271455,0.0016832351684570312
272661,normal,3432,0,1782361802.6293583,0.0022127628326416016
272662,normal,603,0,1782361802.6313586,0.0020003318786621094
272663,normal,1129,0,1782361802.6332319,0.0018732547760009766
272664,normal,1102,0,1782361802.6355946,0.0023627281188964844
272665,normal,2412,0,1782361802.637242,0.0016474723815917969
272666,normal,2651,0,1782361802.6392317,0.001989603042602539
272667,normal,967,2,1782361802.641358,0.0021262168884277344
272668,normal,2576,0,1782361802.643356,0.0019981861114501953
272669,normal,3702,0,1782361802.6458805,0.0025243759155273438
272670,normal,228,0,1782361802.647514,0.0016336441040039062
272671,normal,773,2,1782361802.6493683,0.0018541812896728516
272672,normal,3536,0,1782361802.651155,0.0017867088317871094
272673,normal,879,2,1782361802.6533628,0.0022077560424804688
272674,normal,2298,0,1782361802.6553624,0.0019996166229248047
272675,normal,774,2,1782361802.6572626,0.0019001960754394531
272676,normal,1059,0,1782361802.659417,0.0021543502807617188
272677,normal,823,2,1782361802.6612413,0.0018243789672851562
272678,normal,2034,0,1782361802.6633818,0.002140522003173828
272679,normal,3254,1,1782361802.6652384,0.0018565654754638672
272680,normal,1783,0,1782361802.6673746,0.00213623046875
272681,normal,985,2,1782361802.6692846,0.0019099712371826172
272682,normal,3505,0,1782361802.671403,0.002118349075317383
272683,normal,2071,0,1782361802.673268,0.0018651485443115234
272684,normal,2680,0,1782361802.6755145,0.002246379852294922
272685,normal,1698,0,1782361802.677301,0.0017864704132080078
272686,normal,2079,0,1782361802.6794658,0.0021648406982421875
272687,normal,75,0,1782361802.6812506,0.0017848014831542969
272688,normal,3068,1,1782361802.6834893,0.002238750457763672
272689,normal,47,0,1782361802.6853056,0.0018162727355957031
272690,normal,1546,0,1782361802.6873994,0.002093791961669922
272691,normal,1092,0,1782361802.6894004,0.002001047134399414
272692,normal,1871,0,1782361802.6913404,0.001940011978149414
272693,normal,3245,1,1782361802.6931903,0.0018498897552490234
272694,normal,2267,0,1782361802.6953223,0.002131938934326172
272695,normal,1968,0,1782361802.6975207,0.002198457717895508
272696,normal,2652,0,1782361802.699193,0.0016722679138183594
272697,normal,189,0,1782361802.7013323,0.0021393299102783203
272698,normal,17,0,1782361802.7034118,0.002079486846923828
272699,normal,772,2,1782361802.7052364,0.0018246173858642578
272700,normal,3296,1,1782361802.7072415,0.0020051002502441406
272701,normal,2889,0,1782361802.7093103,0.002068758010864258
272702,normal,2630,0,1782361802.7111404,0.0018301010131835938
272703,normal,623,0,1782361802.713334,0.0021936893463134766
272704,normal,1065,0,1782361802.7153525,0.002018451690673828
272705,normal,3332,1,1782361802.7172961,0.0019435882568359375
272706,normal,2062,0,1782361802.71955,0.0022537708282470703
272707,normal,117,0,1782361802.7213085,0.001758575439453125
272708,normal,579,0,1782361802.723228,0.0019195079803466797
272709,normal,2606,0,1782361802.7253814,0.0021533966064453125
272710,normal,3123,1,1782361802.727377,0.001995563507080078
272711,normal,2305,0,1782361802.7293096,0.0019326210021972656
272712,normal,681,0,1782361802.7313275,0.002017974853515625
272713,normal,1337,1,1782361802.7333138,0.001986265182495117
272714,normal,2597,0,1782361802.7352436,0.0019297599792480469
272715,normal,1778,0,1782361802.7372694,0.0020258426666259766
272716,normal,883,2,1782361802.739353,0.0020835399627685547
272717,normal,2318,0,1782361802.7412465,0.0018935203552246094
272718,normal,1502,0,1782361802.7433534,0.002106904983520508
272719,normal,2543,0,1782361802.7453587,0.002005338668823242
272720,normal,1454,0,1782361802.7473588,0.002000093460083008
272721,normal,556,0,1782361802.7492373,0.001878499984741211
272722,normal,265,0,1782361802.7513409,0.002103567123413086
272723,normal,1655,0,1782361802.7532473,0.0019063949584960938
272724,normal,1472,0,1782361802.7553458,0.002098560333251953
272725,normal,1954,0,1782361802.7573428,0.0019969940185546875
272726,normal,67,0,1782361802.7592456,0.0019028186798095703
272727,normal,199,0,1782361802.7613904,0.0021448135375976562
272728,normal,1511,0,1782361802.7633789,0.0019884109497070312
272729,normal,116,0,1782361802.765309,0.00193023681640625
272730,normal,377,0,1782361802.7674036,0.0020945072174072266
272731,normal,1310,0,1782361802.7692604,0.0018568038940429688
272732,normal,1179,0,1782361802.7713585,0.00209808349609375
272733,normal,1955,0,1782361802.7732885,0.0019299983978271484
272734,normal,1498,0,1782361802.7753334,0.0020449161529541016
272735,normal,142,0,1782361802.7772365,0.0019030570983886719
272736,normal,1489,0,1782361802.7793405,0.002104043960571289
272737,normal,2936,0,1782361802.7812464,0.0019059181213378906
272738,normal,147,0,1782361802.7834256,0.0021791458129882812
272739,normal,3359,1,1782361802.7852943,0.0018687248229980469
272740,normal,2263,0,1782361802.7873962,0.002101898193359375
272741,normal,159,0,1782361802.7893744,0.001978158950805664
272742,normal,3553,0,1782361802.7913034,0.0019290447235107422
272743,normal,2794,0,1782361802.793524,0.002220630645751953
272744,normal,323,0,1782361802.795406,0.0018820762634277344
272745,normal,980,2,1782361802.7973952,0.001989126205444336
272746,normal,226,0,1782361802.7994127,0.002017498016357422
272747,normal,2183,0,1782361802.8012311,0.0018184185028076172
272748,normal,3635,0,1782361802.8033326,0.002101421356201172
272749,normal,1948,0,1782361802.805332,0.001999378204345703
272750,normal,2874,0,1782361802.8074226,0.0020906925201416016
272751,normal,511,0,1782361802.8091412,0.0017185211181640625
272752,normal,1868,0,1782361802.811328,0.0021867752075195312
272753,normal,3347,1,1782361802.813238,0.0019099712371826172
272754,normal,242,0,1782361802.8153267,0.002088785171508789
272755,normal,858,2,1782361802.817382,0.0020554065704345703
272756,normal,2193,0,1782361802.8192675,0.0018854141235351562
272757,normal,2521,0,1782361802.8214848,0.0022172927856445312
272758,normal,2078,0,1782361802.8233557,0.001870870590209961
272759,normal,3643,0,1782361802.8255515,0.0021958351135253906
272760,normal,1706,0,1782361802.8271823,0.0016307830810546875
272761,normal,838,2,1782361802.8293443,0.0021619796752929688
272762,normal,54,0,1782361802.8312578,0.0019135475158691406
272763,normal,3089,1,1782361802.833338,0.002080202102661133
272764,normal,2624,0,1782361802.835431,0.002093076705932617
272765,normal,1173,0,1782361802.8374438,0.0020127296447753906
272766,normal,234,0,1782361802.8391597,0.0017158985137939453
272767,normal,3407,0,1782361802.841331,0.0021712779998779297
272768,normal,2695,0,1782361802.843161,0.0018301010131835938
272769,normal,1631,0,1782361802.845284,0.0021228790283203125
272770,normal,3531,0,1782361802.847337,0.0020530223846435547
272771,normal,2389,0,1782361802.8491669,0.0018298625946044922
272772,normal,2896,0,1782361802.851268,0.0021011829376220703
272773,normal,1057,0,1782361802.8533509,0.00208282470703125
272774,normal,227,0,1782361802.8551793,0.0018284320831298828
272775,normal,3309,1,1782361802.8572736,0.002094268798828125
272776,normal,3290,1,1782361802.859383,0.002109527587890625
272777,normal,3338,1,1782361802.8613474,0.0019643306732177734
272778,normal,2329,0,1782361802.8632772,0.0019297599792480469
272779,normal,811,2,1782361802.8654044,0.0021271705627441406
272780,normal,2074,0,1782361802.8673024,0.001898050308227539
272781,normal,3286,1,1782361802.8692472,0.0019447803497314453
272782,normal,875,2,1782361802.8713157,0.0020685195922851562
272783,normal,2461,0,1782361802.8731585,0.0018427371978759766
272784,normal,1161,0,1782361802.8753166,0.0021581649780273438
272785,normal,1029,2,1782361802.877437,0.002120494842529297
272786,normal,2259,0,1782361802.8792806,0.0018434524536132812
272787,normal,2558,0,1782361802.8812625,0.001981973648071289
272788,normal,1312,0,1782361802.883564,0.002301454544067383
272789,normal,2538,0,1782361802.8851624,0.001598358154296875
272790,normal,2247,0,1782361802.8872814,0.0021190643310546875
272791,normal,144,0,1782361802.889546,0.0022644996643066406
272792,normal,2356,0,1782361802.8914244,0.001878499984741211
272793,normal,2772,0,1782361802.8933775,0.001953125
272794,normal,2257,0,1782361802.8953702,0.0019927024841308594
272795,normal,2005,0,1782361802.897188,0.0018177032470703125
272796,normal,1332,1,1782361802.899348,0.0021600723266601562
272797,normal,3579,0,1782361802.9014065,0.0020585060119628906
272798,normal,3564,0,1782361802.9036143,0.0022077560424804688
272799,normal,2749,0,1782361802.9052396,0.0016252994537353516
272800,normal,3507,0,1782361802.9073,0.002060413360595703
272801,normal,698,0,1782361802.9091606,0.0018606185913085938
272802,normal,675,0,1782361802.911297,0.0021364688873291016
272803,normal,1985,0,1782361802.913308,0.002010822296142578
272804,normal,1506,0,1782361802.915133,0.001825094223022461
272805,normal,2724,0,1782361802.9173222,0.002189159393310547
272806,normal,1258,0,1782361802.9193132,0.0019910335540771484
272807,normal,2572,0,1782361802.9212282,0.00191497802734375
272808,normal,3081,1,1782361802.9233282,0.0020999908447265625
272809,normal,316,0,1782361802.9253743,0.0020461082458496094
272810,normal,2790,0,1782361802.9271655,0.001791238784790039
272811,normal,569,0,1782361802.929296,0.0021305084228515625
272812,normal,1244,0,1782361802.931382,0.0020859241485595703
272813,normal,1849,0,1782361802.9331565,0.0017745494842529297
272814,normal,2514,0,1782361802.935182,0.002025604248046875
272815,normal,1306,0,1782361802.9374344,0.002252340316772461
272816,normal,1870,0,1782361802.9395382,0.0021038055419921875
272817,normal,933,2,1782361802.9411914,0.0016531944274902344
272818,normal,1898,0,1782361802.9434054,0.0022139549255371094
272819,normal,1679,0,1782361802.9451892,0.0017838478088378906
272820,normal,466,0,1782361802.947305,0.0021157264709472656
272821,normal,264,0,1782361802.9493608,0.0020558834075927734
272822,normal,448,0,1782361802.9511435,0.0017826557159423828
272823,normal,2317,0,1782361802.953256,0.0021123886108398438
272824,normal,2804,0,1782361802.9553926,0.002136707305908203
272825,normal,2944,0,1782361802.9572098,0.0018172264099121094
272826,normal,2526,0,1782361802.9592705,0.0020606517791748047
272827,normal,1620,0,1782361802.9614134,0.0021429061889648438
272828,normal,2633,0,1782361802.96326,0.0018465518951416016
272829,normal,3482,0,1782361802.965426,0.0021660327911376953
272830,normal,2158,0,1782361802.967363,0.0019371509552001953
272831,normal,880,2,1782361802.9692433,0.0018801689147949219
272832,normal,1658,0,1782361802.9712696,0.0020263195037841797
272833,normal,1182,0,1782361802.973388,0.002118349075317383
272834,normal,873,2,1782361802.9751716,0.001783609390258789
272835,normal,3512,0,1782361802.9772992,0.0021276473999023438
272836,normal,1651,0,1782361802.9793,0.0020008087158203125
272837,normal,3278,1,1782361802.981157,0.0018570423126220703
272838,normal,1302,0,1782361802.9833374,0.002180337905883789
272839,normal,1262,0,1782361802.9853249,0.001987457275390625
272840,normal,1533,0,1782361802.9871123,0.001787424087524414
272841,normal,753,0,1782361802.9892983,0.0021860599517822266
272842,normal,3668,0,1782361802.9913554,0.0020570755004882812
272843,normal,878,2,1782361802.993153,0.0017976760864257812
272844,normal,3143,1,1782361802.9958491,0.0026960372924804688
272845,normal,612,0,1782361802.9973745,0.0015254020690917969
272846,normal,1492,0,1782361802.9991717,0.0017971992492675781
272847,normal,1593,0,1782361803.001284,0.002112150192260742
272848,normal,2153,0,1782361803.0033782,0.002094268798828125
272849,normal,987,2,1782361803.0051713,0.0017931461334228516
272850,normal,1896,0,1782361803.0074399,0.002268552780151367
272851,normal,2388,0,1782361803.0093267,0.0018868446350097656
272852,normal,916,2,1782361803.0112834,0.0019567012786865234
272853,normal,758,0,1782361803.013148,0.0018646717071533203
272854,normal,3353,1,1782361803.015379,0.0022308826446533203
272855,normal,3411,0,1782361803.0171735,0.001794576644897461
272856,normal,2672,0,1782361803.019178,0.002004384994506836
272857,normal,2307,0,1782361803.021439,0.0022611618041992188
272858,normal,30,0,1782361803.023351,0.0019118785858154297
272859,normal,1964,0,1782361803.0252628,0.0019118785858154297
272860,normal,600,0,1782361803.0274317,0.002168893814086914
272861,normal,744,0,1782361803.0292923,0.0018606185913085938
272862,normal,984,2,1782361803.031349,0.002056598663330078
272863,normal,1428,0,1782361803.033634,0.002285003662109375
272864,normal,1119,0,1782361803.0353377,0.0017037391662597656
272865,normal,2564,0,1782361803.0371723,0.0018346309661865234
272866,normal,2171,0,1782361803.0393806,0.002208232879638672
272867,normal,2475,0,1782361803.0413508,0.0019702911376953125
272868,normal,2135,0,1782361803.04317,0.0018191337585449219
272869,normal,3413,0,1782361803.0452816,0.002111673355102539
272870,normal,3445,0,1782361803.0471117,0.0018301010131835938
272871,normal,3410,0,1782361803.0492349,0.002123117446899414
272872,normal,2586,0,1782361803.0512826,0.0020477771759033203
272873,normal,2205,0,1782361803.0531263,0.0018436908721923828
272874,normal,708,0,1782361803.0552285,0.0021021366119384766
272875,normal,2928,0,1782361803.0572813,0.002052783966064453
272876,normal,1356,1,1782361803.0591197,0.0018384456634521484
272877,normal,1733,0,1782361803.0613043,0.002184629440307617
272878,normal,1780,0,1782361803.0633783,0.002074003219604492
272879,normal,2557,0,1782361803.065221,0.0018427371978759766
272880,normal,2917,0,1782361803.067289,0.002068042755126953
272881,normal,3041,0,1782361803.0694292,0.002140045166015625
272882,normal,175,0,1782361803.0711637,0.0017344951629638672
272883,normal,3048,1,1782361803.0733185,0.002154827117919922
272884,normal,185,0,1782361803.0754097,0.0020911693572998047
272885,normal,2683,0,1782361803.0771391,0.0017294883728027344
272886,normal,2288,0,1782361803.0791771,0.0020380020141601562
272887,normal,2951,0,1782361803.081303,0.0021257400512695312
272888,normal,680,0,1782361803.083137,0.0018341541290283203
272889,normal,520,0,1782361803.0852954,0.0021584033966064453
272890,normal,3442,0,1782361803.0873196,0.0020241737365722656
272891,normal,1152,0,1782361803.0891662,0.0018465518951416016
272892,normal,1061,0,1782361803.0913439,0.002177715301513672
272893,normal,3019,0,1782361803.0934553,0.0021114349365234375
272894,normal,3146,1,1782361803.095179,0.0017237663269042969
272895,normal,3412,0,1782361803.0972881,0.002109050750732422
272896,normal,361,0,1782361803.0993671,0.002079010009765625
272897,normal,2668,0,1782361803.101151,0.0017838478088378906
272898,normal,3308,1,1782361803.1032908,0.0021398067474365234
272899,normal,616,0,1782361803.1053696,0.0020787715911865234
272900,normal,1045,0,1782361803.1071897,0.0018200874328613281
272901,normal,3496,0,1782361803.1093535,0.0021638870239257812
272902,normal,3679,0,1782361803.111548,0.0021944046020507812
272903,normal,587,0,1782361803.1131945,0.0016465187072753906
272904,normal,2324,0,1782361803.1153116,0.002117156982421875
272905,normal,826,2,1782361803.1174064,0.002094745635986328
272906,normal,2693,0,1782361803.1191406,0.0017342567443847656
272907,normal,3657,0,1782361803.121261,0.0021202564239501953
272908,normal,3023,0,1782361803.1233623,0.002101421356201172
272909,normal,1501,0,1782361803.1256435,0.00228118896484375
272910,normal,2375,0,1782361803.127212,0.0015685558319091797
272911,normal,1653,0,1782361803.1293821,0.002170085906982422
272912,normal,1137,0,1782361803.1312346,0.0018525123596191406
272913,normal,343,0,1782361803.1333752,0.002140522003173828
272914,normal,2608,0,1782361803.135417,0.0020418167114257812
272915,normal,1064,0,1782361803.1372929,0.0018758773803710938
272916,normal,411,0,1782361803.1393244,0.002031564712524414
272917,normal,665,0,1782361803.1413426,0.0020182132720947266
272918,normal,2207,0,1782361803.1432893,0.0019466876983642578
272919,normal,2180,0,1782361803.1453717,0.002082347869873047
272920,normal,475,0,1782361803.147279,0.0019073486328125
272921,normal,3322,1,1782361803.1491115,0.0018324851989746094
272922,normal,2112,0,1782361803.15128,0.002168416976928711
272923,normal,3137,1,1782361803.1532283,0.0019483566284179688
272924,normal,2778,0,1782361803.1553564,0.002128124237060547
272925,normal,352,0,1782361803.1571102,0.0017538070678710938
272926,normal,1606,0,1782361803.1592796,0.002169370651245117
272927,normal,2335,0,1782361803.1611083,0.0018286705017089844
272928,normal,1675,0,1782361803.16328,0.002171754837036133
272929,normal,468,0,1782361803.1656973,0.002417325973510742
272930,normal,1438,0,1782361803.1675458,0.001848459243774414
272931,normal,2470,0,1782361803.1692064,0.0016605854034423828
272932,normal,3537,0,1782361803.1713045,0.00209808349609375
272933,normal,2343,0,1782361803.1731322,0.0018277168273925781
272934,normal,1058,0,1782361803.1752925,0.002160310745239258
272935,normal,3304,1,1782361803.1772995,0.002007007598876953
272936,normal,1590,0,1782361803.1791916,0.00189208984375
272937,normal,2763,0,1782361803.1811447,0.001953125
272938,normal,1126,0,1782361803.1833398,0.002195119857788086
272939,normal,3692,0,1782361803.1851156,0.0017757415771484375
272940,normal,2099,0,1782361803.1872969,0.0021812915802001953
272941,normal,2364,0,1782361803.1893077,0.002010822296142578
272942,normal,2087,0,1782361803.1911554,0.0018477439880371094
272943,normal,2882,0,1782361803.1933277,0.002172231674194336
272944,normal,598,0,1782361803.1955435,0.002215862274169922
272945,normal,3546,0,1782361803.1972873,0.0017437934875488281
272946,normal,812,2,1782361803.1992412,0.0019538402557373047
272947,normal,42,0,1782361803.2013786,0.002137422561645508
272948,normal,909,2,1782361803.203295,0.0019164085388183594
272949,normal,2901,0,1782361803.2051978,0.0019028186798095703
272950,normal,2613,0,1782361803.2074099,0.002212047576904297
272951,normal,1811,0,1782361803.2095125,0.0021026134490966797
272952,normal,3121,1,1782361803.2113452,0.001832723617553711
272953,normal,2443,0,1782361803.213311,0.001965761184692383
272954,normal,3040,0,1782361803.2152836,0.001972675323486328
272955,normal,55,0,1782361803.2174141,0.0021305084228515625
272956,normal,3178,1,1782361803.2192397,0.001825571060180664
272957,normal,2121,0,1782361803.2211497,0.0019099712371826172
272958,normal,2929,0,1782361803.2230716,0.0019218921661376953
272959,normal,3371,1,1782361803.2251992,0.0021276473999023438
272960,normal,2744,0,1782361803.2270982,0.0018990039825439453
272961,normal,1439,0,1782361803.2291873,0.0020890235900878906
272962,normal,3010,0,1782361803.231192,0.002004861831665039
272963,normal,2003,0,1782361803.2331583,0.001966238021850586
272964,normal,109,0,1782361803.2353344,0.002176046371459961
272965,normal,1348,1,1782361803.237371,0.002036571502685547
272966,normal,2662,0,1782361803.2392473,0.0018763542175292969
272967,normal,2883,0,1782361803.2412164,0.0019690990447998047
272968,normal,1542,0,1782361803.243288,0.0020716190338134766
272969,normal,1423,0,1782361803.2451866,0.0018985271453857422
272970,normal,706,0,1782361803.247184,0.0019974708557128906
272971,normal,1404,0,1782361803.2493865,0.0022025108337402344
272972,normal,640,0,1782361803.2511327,0.0017461776733398438
272973,normal,1674,0,1782361803.2530682,0.0019354820251464844
272974,normal,1415,0,1782361803.2551575,0.002089262008666992
272975,normal,3603,0,1782361803.2570915,0.001934051513671875
272976,normal,929,2,1782361803.2591884,0.002096891403198242
272977,normal,1854,0,1782361803.261165,0.001976490020751953
272978,normal,1726,0,1782361803.2630992,0.0019342899322509766
272979,normal,177,0,1782361803.2651827,0.0020835399627685547
272980,normal,1917,0,1782361803.2672307,0.002048015594482422
272981,normal,3192,1,1782361803.2690783,0.0018475055694580078
272982,normal,1690,0,1782361803.2711873,0.002109050750732422
272983,normal,2431,0,1782361803.273191,0.0020036697387695312
272984,normal,2513,0,1782361803.2751698,0.0019788742065429688
272985,normal,507,0,1782361803.2771327,0.001962900161743164
272986,normal,494,0,1782361803.279308,0.0021753311157226562
272987,normal,1275,0,1782361803.281179,0.001870870590209961
272988,normal,174,0,1782361803.2831926,0.002013683319091797
272989,normal,3239,1,1782361803.285357,0.0021643638610839844
272990,normal,1318,0,1782361803.2871923,0.0018353462219238281
272991,normal,2370,0,1782361803.2891548,0.001962423324584961
272992,normal,682,0,1782361803.2913089,0.002154111862182617
272993,normal,1272,0,1782361803.2931848,0.0018758773803710938
272994,normal,1660,0,1782361803.2951183,0.0019335746765136719
272995,normal,850,2,1782361803.2972918,0.0021734237670898438
272996,normal,1950,0,1782361803.2991335,0.0018417835235595703
272997,normal,1657,0,1782361803.3012943,0.002160787582397461
272998,normal,1553,0,1782361803.3034139,0.0021195411682128906
272999,normal,2253,0,1782361803.305204,0.0017900466918945312
273000,normal,3528,0,1782361803.3072083,0.002004384994506836
273001,normal,201,0,1782361803.309458,0.0022497177124023438
273002,normal,3165,1,1782361803.31127,0.001811981201171875
273003,normal,832,2,1782361803.3133862,0.0021162033081054688
273004,normal,1093,0,1782361803.3154678,0.002081632614135742
273005,normal,2783,0,1782361803.3173301,0.0018622875213623047
273006,normal,2006,0,1782361803.3191273,0.0017971992492675781
273007,normal,2023,0,1782361803.3212855,0.0021581649780273438
273008,normal,1539,0,1782361803.323111,0.001825571060180664
273009,normal,2157,0,1782361803.3252828,0.002171754837036133
273010,normal,2771,0,1782361803.32752,0.002237081527709961
273011,normal,439,0,1782361803.3291132,0.0015933513641357422
273012,normal,481,0,1782361803.3312807,0.0021674633026123047
273013,normal,443,0,1782361803.3332813,0.002000570297241211
273014,normal,2830,0,1782361803.3351135,0.0018322467803955078
273015,normal,2421,0,1782361803.3373504,0.0022368431091308594
273016,normal,2334,0,1782361803.3394032,0.002052783966064453
273017,normal,764,0,1782361803.3412957,0.0018925666809082031
273018,normal,240,0,1782361803.3432539,0.001958131790161133
273019,normal,2518,0,1782361803.345451,0.002197265625
273020,normal,1586,0,1782361803.3471456,0.0016944408416748047
273021,normal,1794,0,1782361803.3493104,0.0021648406982421875
273022,normal,221,0,1782361803.3512304,0.0019199848175048828
273023,normal,597,0,1782361803.353152,0.0019216537475585938
273024,normal,3364,1,1782361803.3554132,0.0022611618041992188
273025,normal,1183,0,1782361803.357395,0.0019817352294921875
273026,normal,2601,0,1782361803.3592331,0.0018382072448730469
273027,normal,2801,0,1782361803.361344,0.0021109580993652344
273028,normal,3650,0,1782361803.3633559,0.0020117759704589844
273029,normal,2414,0,1782361803.3652565,0.0019006729125976562
273030,normal,165,0,1782361803.3672688,0.0020122528076171875
273031,normal,2213,0,1782361803.3693433,0.0020744800567626953
273032,normal,3489,0,1782361803.371156,0.0018126964569091797
273033,normal,3289,1,1782361803.3732507,0.002094745635986328
273034,normal,953,2,1782361803.375341,0.0020902156829833984
273035,normal,442,0,1782361803.3772447,0.0019037723541259766
273036,normal,1284,0,1782361803.3794165,0.002171754837036133
273037,normal,1745,0,1782361803.3815298,0.00211334228515625
273038,normal,535,0,1782361803.3832889,0.0017590522766113281
273039,normal,750,0,1782361803.3853712,0.002082347869873047
273040,normal,549,0,1782361803.3874788,0.0021076202392578125
273041,normal,1377,1,1782361803.3892422,0.0017633438110351562
273042,normal,1117,0,1782361803.3913393,0.0020971298217773438
273043,normal,1359,1,1782361803.3933382,0.0019989013671875
273044,normal,2266,0,1782361803.3952894,0.0019512176513671875
273045,normal,2842,0,1782361803.3974218,0.002132415771484375
273046,normal,124,0,1782361803.399351,0.0019290447235107422
273047,normal,792,2,1782361803.4013648,0.0020139217376708984
273048,normal,43,0,1782361803.4033275,0.0019626617431640625
273049,normal,804,2,1782361803.4053338,0.0020062923431396484
273050,normal,3208,1,1782361803.4072359,0.0019021034240722656
273051,normal,3340,1,1782361803.409407,0.002171039581298828
273052,normal,1547,0,1782361803.4115875,0.0021805763244628906
273053,normal,962,2,1782361803.4134629,0.0018754005432128906
273054,normal,2211,0,1782361803.4153183,0.0018553733825683594
273055,normal,797,2,1782361803.4173918,0.002073526382446289
273056,normal,3172,1,1782361803.4193459,0.0019540786743164062
273057,normal,1237,0,1782361803.4212759,0.0019299983978271484
273058,normal,3216,1,1782361803.4239504,0.002674579620361328
273059,normal,2628,0,1782361803.4252086,0.0012581348419189453
273060,normal,278,0,1782361803.4273572,0.0021486282348632812
273061,normal,434,0,1782361803.4293594,0.002002239227294922
273062,normal,1186,0,1782361803.4311838,0.0018243789672851562
273063,normal,1959,0,1782361803.43336,0.0021762847900390625
273064,normal,1170,0,1782361803.4352536,0.0018935203552246094
273065,normal,709,0,1782361803.4373703,0.002116680145263672
273066,normal,2932,0,1782361803.4392564,0.001886129379272461
273067,normal,2661,0,1782361803.4414072,0.0021507740020751953
273068,normal,627,0,1782361803.443185,0.0017778873443603516
273069,normal,2742,0,1782361803.4453428,0.0021576881408691406
273070,normal,668,0,1782361803.4473507,0.0020079612731933594
273071,normal,2559,0,1782361803.4492426,0.0018918514251708984
273072,normal,1769,0,1782361803.4513469,0.0021042823791503906
273073,normal,2726,0,1782361803.4532483,0.001901388168334961
273074,normal,901,2,1782361803.4553978,0.0021495819091796875
273075,normal,2656,0,1782361803.4572947,0.0018968582153320312
273076,normal,2058,0,1782361803.4596295,0.0023348331451416016
273077,normal,1309,0,1782361803.4611747,0.0015451908111572266
273078,normal,1227,0,1782361803.463357,0.0021822452545166016
273079,normal,404,0,1782361803.4653852,0.002028226852416992
273080,normal,545,0,1782361803.4672368,0.0018515586853027344
273081,normal,924,2,1782361803.4693305,0.002093791961669922
273082,normal,2845,0,1782361803.4713345,0.002003908157348633
273083,normal,131,0,1782361803.473232,0.001897573471069336
273084,normal,2100,0,1782361803.475273,0.002040863037109375
273085,normal,759,0,1782361803.4774199,0.0021469593048095703
273086,normal,908,2,1782361803.4793046,0.0018846988677978516
273087,normal,689,0,1782361803.4814758,0.0021712779998779297
273088,normal,1216,0,1782361803.4833865,0.0019106864929199219
273089,normal,1581,0,1782361803.4853976,0.0020110607147216797
273090,normal,1925,0,1782361803.487312,0.0019145011901855469
273091,normal,1412,0,1782361803.4894702,0.0021581649780273438
273092,normal,3236,1,1782361803.491294,0.0018236637115478516
273093,normal,2301,0,1782361803.4932344,0.0019404888153076172
273094,normal,1549,0,1782361803.4953287,0.002094268798828125
273095,normal,2444,0,1782361803.497229,0.0019004344940185547
273096,normal,99,0,1782361803.4992328,0.0020036697387695312
273097,normal,2659,0,1782361803.5013704,0.0021376609802246094
273098,normal,3317,1,1782361803.503289,0.0019185543060302734
273099,normal,1114,0,1782361803.5053294,0.002040386199951172
273100,normal,471,0,1782361803.5073304,0.002001047134399414
273101,normal,1806,0,1782361803.50923,0.0018994808197021484
273102,normal,2511,0,1782361803.5113332,0.0021033287048339844
273103,normal,160,0,1782361803.5138135,0.0024802684783935547
273104,normal,2,0,1782361803.5154545,0.0016410350799560547
273105,normal,2835,0,1782361803.5172489,0.0017943382263183594
273106,normal,3066,1,1782361803.519337,0.0020880699157714844
273107,normal,1587,0,1782361803.521234,0.0018970966339111328
273108,normal,2990,0,1782361803.5233378,0.0021038055419921875
273109,normal,1776,0,1782361803.525363,0.002025127410888672
273110,normal,1863,0,1782361803.527478,0.002115011215209961
273111,normal,589,0,1782361803.5291557,0.0016777515411376953
273112,normal,1475,0,1782361803.5313332,0.0021774768829345703
273113,normal,2380,0,1782361803.5332515,0.0019183158874511719
273114,normal,16,0,1782361803.5353434,0.0020918846130371094
273115,normal,1981,0,1782361803.5373566,0.0020132064819335938
273116,normal,676,0,1782361803.5394495,0.0020928382873535156
273117,normal,344,0,1782361803.541403,0.001953601837158203
273118,normal,3626,0,1782361803.543415,0.002012014389038086
273119,normal,3133,1,1782361803.5452368,0.001821756362915039
273120,normal,3569,0,1782361803.547291,0.0020542144775390625
273121,normal,1437,0,1782361803.5494213,0.002130270004272461
273122,normal,1138,0,1782361803.5515332,0.0021119117736816406
273123,normal,3333,1,1782361803.5533462,0.0018129348754882812
273124,normal,3092,1,1782361803.555429,0.00208282470703125
273125,normal,993,2,1782361803.5572677,0.00183868408203125
273126,normal,948,2,1782361803.559453,0.002185344696044922
273127,normal,2101,0,1782361803.5613716,0.0019185543060302734
273128,normal,2607,0,1782361803.563144,0.0017724037170410156
273129,normal,1188,0,1782361803.5653236,0.0021796226501464844
273130,normal,3575,0,1782361803.5673256,0.0020020008087158203
273131,normal,3242,1,1782361803.569141,0.0018153190612792969
273132,normal,1643,0,1782361803.5713446,0.002203702926635742
273133,normal,691,0,1782361803.5733414,0.001996755599975586
273134,normal,3140,1,1782361803.575231,0.0018897056579589844
273135,normal,2817,0,1782361803.577328,0.002096891403198242
273136,normal,1858,0,1782361803.579345,0.0020170211791992188
273137,normal,3117,1,1782361803.581262,0.001917123794555664
273138,normal,198,0,1782361803.5833895,0.002127408981323242
273139,normal,2114,0,1782361803.585408,0.002018451690673828
273140,normal,413,0,1782361803.5872545,0.0018465518951416016
273141,normal,2124,0,1782361803.5893512,0.0020966529846191406
273142,normal,1378,1,1782361803.5913687,0.002017498016357422
273143,normal,1076,0,1782361803.5932193,0.0018506050109863281
273144,normal,2174,0,1782361803.5953329,0.0021135807037353516
273145,normal,986,2,1782361803.597332,0.0019991397857666016
273146,normal,2797,0,1782361803.5992362,0.0019042491912841797
273147,normal,1427,0,1782361803.6013424,0.002106189727783203
273148,normal,3355,1,1782361803.6033354,0.001992940902709961
273149,normal,2844,0,1782361803.6051617,0.0018262863159179688
273150,normal,1746,0,1782361803.607348,0.002186298370361328
273151,normal,2760,0,1782361803.6093526,0.0020046234130859375
273152,normal,1991,0,1782361803.6112835,0.0019309520721435547
273153,normal,3073,1,1782361803.613756,0.002472400665283203
273154,normal,2594,0,1782361803.6153104,0.0015544891357421875
273155,normal,123,0,1782361803.6172988,0.0019884109497070312
273156,normal,2476,0,1782361803.6192138,0.00191497802734375
273157,normal,661,0,1782361803.6211448,0.0019309520721435547
273158,normal,1518,0,1782361803.623099,0.001954317092895508
273159,normal,1626,0,1782361803.6251879,0.002088785171508789
273160,normal,3203,1,1782361803.6271183,0.0019304752349853516
273161,normal,3069,1,1782361803.6291585,0.0020401477813720703
273162,normal,3062,1,1782361803.631218,0.002059459686279297
273163,normal,1644,0,1782361803.6332247,0.0020067691802978516
273164,normal,3279,1,1782361803.6354215,0.002196788787841797
273165,normal,2507,0,1782361803.6372252,0.0018036365509033203
273166,normal,1360,1,1782361803.6393085,0.002083301544189453
273167,normal,1330,1,1782361803.6412709,0.001962423324584961
273168,normal,2017,0,1782361803.64318,0.001909017562866211
273169,normal,1531,0,1782361803.6451826,0.002002716064453125
273170,normal,3703,0,1782361803.6471481,0.0019655227661132812
273171,normal,2560,0,1782361803.649178,0.002029895782470703
273172,normal,3362,1,1782361803.6513183,0.0021402835845947266
273173,normal,3214,1,1782361803.6535113,0.002192974090576172
273174,normal,1468,0,1782361803.6552277,0.0017163753509521484
273175,normal,2805,0,1782361803.6574135,0.002185821533203125
273176,normal,3268,1,1782361803.6593094,0.001895904541015625
273177,normal,1081,0,1782361803.6613843,0.0020749568939208984
273178,normal,660,0,1782361803.6635892,0.00220489501953125
273179,normal,904,2,1782361803.6653018,0.0017125606536865234
273180,normal,3059,1,1782361803.6673088,0.002007007598876953
273181,normal,321,0,1782361803.6694841,0.0021753311157226562
273182,normal,3283,1,1782361803.6714473,0.0019631385803222656
273183,normal,94,0,1782361803.6732218,0.0017745494842529297
273184,normal,966,2,1782361803.675289,0.002067089080810547
273185,normal,799,2,1782361803.6771774,0.0018885135650634766
273186,normal,1373,1,1782361803.6791906,0.0020132064819335938
273187,normal,2432,0,1782361803.6814184,0.002227783203125
273188,normal,3161,1,1782361803.6833153,0.0018968582153320312
273189,normal,1821,0,1782361803.685194,0.0018787384033203125
273190,normal,2039,0,1782361803.687316,0.0021219253540039062
273191,normal,87,0,1782361803.689212,0.0018961429595947266
273192,normal,1274,0,1782361803.691299,0.0020868778228759766
273193,normal,1450,0,1782361803.6937263,0.002427339553833008
273194,normal,2422,0,1782361803.6956935,0.001967191696166992
273195,normal,979,2,1782361803.697336,0.001642465591430664
273196,normal,1931,0,1782361803.6993468,0.002010822296142578
273197,normal,3691,0,1782361803.7014105,0.002063751220703125
273198,normal,3361,1,1782361803.7032232,0.0018126964569091797
273199,normal,2903,0,1782361803.705343,0.002119779586791992
273200,normal,3270,1,1782361803.7072728,0.0019297599792480469
273201,normal,238,0,1782361803.7093074,0.0020346641540527344
273202,normal,69,0,1782361803.7113895,0.0020821094512939453
273203,normal,749,0,1782361803.7132168,0.001827239990234375
273204,normal,754,0,1782361803.7152681,0.0020513534545898438
273205,normal,2022,0,1782361803.7174635,0.0021953582763671875
273206,normal,2747,0,1782361803.7195082,0.002044677734375
273207,normal,952,2,1782361803.7218099,0.0023016929626464844
273208,normal,2734,0,1782361803.7231321,0.0013222694396972656
273209,normal,2086,0,1782361803.7252097,0.0020775794982910156
273210,normal,254,0,1782361803.7273676,0.002157926559448242
273211,normal,137,0,1782361803.7294452,0.0020775794982910156
273212,normal,1150,0,1782361803.731424,0.0019788742065429688
273213,normal,2987,0,1782361803.733291,0.0018668174743652344
273214,normal,652,0,1782361803.7355597,0.0022687911987304688
273215,normal,530,0,1782361803.7374258,0.0018661022186279297
273216,normal,409,0,1782361803.7392492,0.00182342529296875
273217,normal,1816,0,1782361803.7414455,0.0021963119506835938
273218,normal,3495,0,1782361803.7434354,0.0019898414611816406
273219,normal,1810,0,1782361803.7452073,0.0017719268798828125
273220,normal,2739,0,1782361803.7472413,0.0020339488983154297
273221,normal,885,2,1782361803.7494652,0.002223968505859375
273222,normal,1345,1,1782361803.7516048,0.002139568328857422
273223,normal,1123,0,1782361803.7535884,0.001983642578125
273224,normal,2982,0,1782361803.7551372,0.00154876708984375
273225,normal,419,0,1782361803.7570965,0.0019593238830566406
273226,normal,2615,0,1782361803.7591333,0.0020368099212646484
273227,normal,877,2,1782361803.7611563,0.002022981643676758
273228,normal,2139,0,1782361803.7631683,0.002012014389038086
273229,normal,2807,0,1782361803.765207,0.002038717269897461
273230,normal,2843,0,1782361803.7671506,0.0019435882568359375
273231,normal,3379,1,1782361803.769351,0.0022003650665283203
273232,normal,379,0,1782361803.7711635,0.0018124580383300781
273233,normal,3610,0,1782361803.7732303,0.0020668506622314453
273234,normal,2980,0,1782361803.7752345,0.0020041465759277344
273235,normal,762,0,1782361803.7774162,0.0021817684173583984
273236,normal,2325,0,1782361803.7792487,0.0018324851989746094
273237,normal,1478,0,1782361803.7813768,0.002128124237060547
273238,normal,1939,0,1782361803.783169,0.0017921924591064453
273239,normal,2768,0,1782361803.785353,0.0021839141845703125
273240,normal,372,0,1782361803.7872612,0.0019083023071289062
273241,normal,432,0,1782361803.7893393,0.0020780563354492188
273242,normal,329,0,1782361803.7912383,0.0018990039825439453
273243,normal,813,2,1782361803.7932358,0.0019974708557128906
273244,normal,3516,0,1782361803.795216,0.001980304718017578
273245,normal,1012,2,1782361803.7971606,0.0019445419311523438
273246,normal,60,0,1782361803.799217,0.0020563602447509766
273247,normal,734,0,1782361803.8012238,0.0020067691802978516
273248,normal,2031,0,1782361803.8031726,0.0019488334655761719
273249,normal,2378,0,1782361803.8053968,0.0022242069244384766
273250,normal,1392,0,1782361803.8073277,0.0019309520721435547
273251,normal,1881,0,1782361803.8091886,0.0018608570098876953
273252,normal,1886,0,1782361803.811434,0.0022454261779785156
273253,normal,3487,0,1782361803.813196,0.0017619132995605469
273254,normal,728,0,1782361803.8154671,0.0022711753845214844
273255,normal,268,0,1782361803.8172538,0.0017867088317871094
273256,normal,910,2,1782361803.8193614,0.0021076202392578125
273257,normal,1797,0,1782361803.8212419,0.0018804073333740234
273258,normal,3597,0,1782361803.823395,0.002153158187866211
273259,normal,3080,1,1782361803.8257413,0.0023462772369384766
273260,normal,3118,1,1782361803.8273168,0.001575469970703125
273261,normal,2712,0,1782361803.8294644,0.002147674560546875
273262,normal,3677,0,1782361803.8314795,0.0020151138305664062
273263,normal,1217,0,1782361803.8332953,0.0018157958984375
273264,normal,1459,0,1782361803.8352625,0.001967191696166992
273265,normal,3581,0,1782361803.8373578,0.0020952224731445312
273266,normal,2904,0,1782361803.8391998,0.0018420219421386719
273267,normal,2033,0,1782361803.841577,0.0023772716522216797
273268,normal,1817,0,1782361803.8435946,0.002017498016357422
273269,normal,3036,0,1782361803.8451622,0.0015676021575927734
273270,normal,1184,0,1782361803.8471448,0.0019826889038085938
273271,normal,673,0,1782361803.8492906,0.0021457672119140625
273272,normal,2766,0,1782361803.8511536,0.0018630027770996094
273273,normal,613,0,1782361803.8533003,0.0021467208862304688
273274,normal,3437,0,1782361803.855521,0.002220630645751953
273275,normal,2002,0,1782361803.8576238,0.0021028518676757812
273276,normal,1248,0,1782361803.8593633,0.001739501953125
273277,normal,2293,0,1782361803.8614762,0.002112865447998047
273278,normal,830,2,1782361803.863652,0.0021758079528808594
273279,normal,378,0,1782361803.8654,0.0017480850219726562
273280,normal,1077,0,1782361803.867541,0.0021409988403320312
273281,normal,3640,0,1782361803.8694923,0.0019512176513671875
273282,normal,459,0,1782361803.8713524,0.0018601417541503906
273283,normal,2498,0,1782361803.8734658,0.00211334228515625
273284,normal,1911,0,1782361803.8751833,0.0017175674438476562
273285,normal,2938,0,1782361803.8775392,0.002355813980102539
273286,normal,2997,0,1782361803.8792183,0.0016791820526123047
273287,normal,654,0,1782361803.8813016,0.002083301544189453
273288,normal,1232,0,1782361803.8832786,0.0019769668579101562
273289,normal,2459,0,1782361803.885391,0.0021123886108398438
273290,normal,2891,0,1782361803.8871636,0.0017726421356201172
273291,normal,2776,0,1782361803.8892956,0.002131938934326172
273292,normal,2073,0,1782361803.8913054,0.002009868621826172
273293,normal,2474,0,1782361803.8931565,0.0018510818481445312
273294,normal,2829,0,1782361803.895282,0.0021255016326904297
273295,normal,2009,0,1782361803.8973634,0.0020813941955566406
273296,normal,3557,0,1782361803.8994265,0.0020630359649658203
273297,normal,650,0,1782361803.9013646,0.0019381046295166016
273298,normal,975,2,1782361803.903474,0.002109527587890625
273299,normal,3331,1,1782361803.9058516,0.0023775100708007812
273300,normal,431,0,1782361803.907274,0.0014224052429199219
273301,normal,2198,0,1782361803.909454,0.0021800994873046875
273302,normal,273,0,1782361803.911309,0.0018548965454101562
273303,normal,15,0,1782361803.9133215,0.002012491226196289
273304,normal,2126,0,1782361803.915453,0.0021314620971679688
273305,normal,1885,0,1782361803.9175782,0.002125263214111328
273306,normal,3052,1,1782361803.919366,0.0017876625061035156
273307,normal,2339,0,1782361803.9213204,0.0019545555114746094
273308,normal,2172,0,1782361803.923316,0.001995563507080078
273309,normal,3113,1,1782361803.9252963,0.001980304718017578
273310,normal,2984,0,1782361803.9274309,0.002134561538696289
273311,normal,1196,0,1782361803.9292696,0.00183868408203125
273312,normal,3206,1,1782361803.9313707,0.0021011829376220703
273313,normal,210,0,1782361803.9333494,0.001978635787963867
273314,normal,1336,1,1782361803.9351268,0.0017774105072021484
273315,normal,2277,0,1782361803.937322,0.002195119857788086
273316,normal,3269,1,1782361803.939408,0.002086162567138672
273317,normal,19,0,1782361803.9416091,0.002201080322265625
273318,normal,1900,0,1782361803.9433453,0.0017361640930175781
273319,normal,68,0,1782361803.9458985,0.002553224563598633
273320,normal,230,0,1782361803.9476404,0.0017418861389160156
273321,normal,696,0,1782361803.9494097,0.0017693042755126953
273322,normal,1402,0,1782361803.951565,0.002155303955078125
273323,normal,527,0,1782361803.9534748,0.0019097328186035156
273324,normal,1323,1,1782361803.9554102,0.0019354820251464844
273325,normal,2678,0,1782361803.9580271,0.00261688232421875
273326,normal,2056,0,1782361803.959229,0.0012018680572509766
273327,normal,702,0,1782361803.961174,0.0019450187683105469
273328,normal,3191,1,1782361803.9633596,0.0021855831146240234
273329,normal,1623,0,1782361803.965358,0.001998424530029297
273330,normal,798,2,1782361803.9674,0.002042055130004883
273331,normal,1354,1,1782361803.96956,0.0021598339080810547
273332,normal,1411,0,1782361803.9714718,0.0019118785858154297
273333,normal,415,0,1782361803.9733827,0.0019109249114990234
273334,normal,2264,0,1782361803.9755268,0.0021440982818603516
273335,normal,1116,0,1782361803.9772055,0.0016787052154541016
273336,normal,2497,0,1782361803.9791796,0.0019741058349609375
273337,normal,3510,0,1782361803.9817731,0.002593517303466797
273338,normal,2212,0,1782361803.9840176,0.0022444725036621094
273339,normal,1153,0,1782361803.9852877,0.0012700557708740234
273340,normal,3053,1,1782361803.9876053,0.002317667007446289
273341,normal,667,0,1782361803.9892373,0.0016319751739501953
273342,normal,173,0,1782361803.9913776,0.0021402835845947266
273343,normal,3629,0,1782361803.9934037,0.002026081085205078
273344,normal,1942,0,1782361803.995346,0.0019423961639404297
273345,normal,2028,0,1782361803.9973626,0.0020165443420410156
273346,normal,2735,0,1782361804.0006297,0.003267049789428711
273347,normal,2534,0,1782361804.001365,0.0007352828979492188
273348,normal,1364,1,1782361804.0031414,0.0017764568328857422
273349,normal,1457,0,1782361804.0053437,0.002202272415161133
273350,normal,3111,1,1782361804.0072348,0.0018911361694335938
273351,normal,2315,0,1782361804.0092719,0.00203704833984375
273352,normal,3443,0,1782361804.011323,0.002051115036010742
273353,normal,1190,0,1782361804.0131755,0.0018525123596191406
273354,normal,1977,0,1782361804.0153124,0.0021369457244873047
273355,normal,3241,1,1782361804.0172994,0.001986980438232422
273356,normal,1947,0,1782361804.0191998,0.0019004344940185547
273357,normal,1680,0,1782361804.0215268,0.00232696533203125
273358,normal,713,0,1782361804.0232859,0.0017590522766113281
273359,normal,3375,1,1782361804.0252552,0.0019693374633789062
273360,normal,2496,0,1782361804.0273576,0.002102375030517578
273361,normal,1921,0,1782361804.02948,0.0021224021911621094
273362,normal,2296,0,1782361804.0313618,0.0018818378448486328
273363,normal,2635,0,1782361804.0332856,0.0019237995147705078
273364,normal,951,2,1782361804.0354388,0.002153158187866211
273365,normal,202,0,1782361804.0373445,0.001905679702758789
273366,normal,2097,0,1782361804.03935,0.0020055770874023438
273367,normal,1887,0,1782361804.0413961,0.0020461082458496094
273368,normal,1743,0,1782361804.0434713,0.0020751953125
273369,normal,915,2,1782361804.0451846,0.0017132759094238281
273370,normal,1446,0,1782361804.0473273,0.002142667770385742
273371,normal,842,2,1782361804.0492404,0.0019130706787109375
273372,normal,394,0,1782361804.0513606,0.0021202564239501953
273373,normal,3094,1,1782361804.0532992,0.0019385814666748047
273374,normal,63,0,1782361804.0551488,0.0018496513366699219
273375,normal,1164,0,1782361804.0572777,0.0021288394927978516
273376,normal,3369,1,1782361804.0592883,0.0020105838775634766
273377,normal,1234,0,1782361804.0612156,0.0019273757934570312
273378,normal,2899,0,1782361804.0640137,0.0027980804443359375
273379,normal,1588,0,1782361804.0660362,0.0020225048065185547
273380,normal,450,0,1782361804.0675163,0.0014801025390625
273381,normal,3329,1,1782361804.0693045,0.0017881393432617188
273382,normal,874,2,1782361804.0714512,0.0021467208862304688
273383,normal,2060,0,1782361804.0736444,0.0021932125091552734
273384,normal,1888,0,1782361804.0752704,0.0016260147094726562
273385,normal,2553,0,1782361804.077426,0.0021555423736572266
273386,normal,3147,1,1782361804.0796406,0.002214670181274414
273387,normal,3612,0,1782361804.0817242,0.0020835399627685547
273388,normal,656,0,1782361804.0832884,0.0015642642974853516
273389,normal,965,2,1782361804.0851626,0.0018742084503173828
273390,normal,2401,0,1782361804.0872982,0.0021355152130126953
273391,normal,1479,0,1782361804.0892973,0.0019991397857666016
273392,normal,1607,0,1782361804.0911717,0.0018744468688964844
273393,normal,410,0,1782361804.0933704,0.0021986961364746094
273394,normal,237,0,1782361804.095896,0.0025255680084228516
273395,normal,3215,1,1782361804.0973744,0.001478433609008789
273396,normal,416,0,1782361804.0992906,0.0019161701202392578
273397,normal,2228,0,1782361804.101405,0.0021142959594726562
273398,normal,421,0,1782361804.1032522,0.0018472671508789062
273399,normal,2117,0,1782361804.1053634,0.002111196517944336
273400,normal,1973,0,1782361804.1073387,0.0019752979278564453
273401,normal,498,0,1782361804.1098733,0.002534627914428711
273402,normal,2004,0,1782361804.1120384,0.002165079116821289
273403,normal,13,0,1782361804.1134121,0.0013737678527832031
273404,normal,1617,0,1782361804.1152651,0.0018529891967773438
273405,normal,896,2,1782361804.117179,0.0019137859344482422
273406,normal,3524,0,1782361804.1194823,0.0023033618927001953
273407,normal,2876,0,1782361804.1215694,0.002087116241455078
273408,normal,2116,0,1782361804.1232395,0.0016701221466064453
273409,normal,1247,0,1782361804.1254168,0.0021772384643554688
273410,normal,2791,0,1782361804.1276352,0.002218484878540039
273411,normal,3007,0,1782361804.1291335,0.0014982223510742188
273412,normal,275,0,1782361804.1313126,0.0021791458129882812
273413,normal,2175,0,1782361804.1331725,0.001859903335571289
273414,normal,1615,0,1782361804.1353369,0.0021643638610839844
273415,normal,3551,0,1782361804.1373286,0.001991748809814453
273416,normal,2598,0,1782361804.1392012,0.0018725395202636719
273417,normal,3446,0,1782361804.1420035,0.0028023719787597656
273418,normal,863,2,1782361804.1435292,0.0015256404876708984
273419,normal,311,0,1782361804.1453745,0.0018453598022460938
273420,normal,686,0,1782361804.147413,0.0020384788513183594
273421,normal,126,0,1782361804.1495736,0.0021605491638183594
273422,normal,3184,1,1782361804.1514323,0.0018587112426757812
273423,normal,396,0,1782361804.1534162,0.0019838809967041016
273424,normal,3009,0,1782361804.1556284,0.0022122859954833984
273425,normal,752,0,1782361804.1574342,0.0018057823181152344
273426,normal,1692,0,1782361804.1593218,0.0018875598907470703
273427,normal,2971,0,1782361804.1618667,0.002544879913330078
273428,normal,405,0,1782361804.1636558,0.001789093017578125
273429,normal,2131,0,1782361804.165394,0.0017383098602294922
273430,normal,381,0,1782361804.1673045,0.0019104480743408203
273431,normal,2780,0,1782361804.1691308,0.0018262863159179688
273432,normal,1028,2,1782361804.1713076,0.0021767616271972656
273433,normal,3021,0,1782361804.17331,0.0020024776458740234
273434,normal,3666,0,1782361804.1752448,0.0019347667694091797
273435,normal,2477,0,1782361804.1773906,0.0021457672119140625
273436,normal,2027,0,1782361804.1793578,0.001967191696166992
273437,normal,969,2,1782361804.1812239,0.0018661022186279297
273438,normal,659,0,1782361804.1833496,0.0021257400512695312
273439,normal,125,0,1782361804.1854136,0.0020639896392822266
273440,normal,22,0,1782361804.1872804,0.0018668174743652344
273441,normal,297,0,1782361804.189272,0.0019915103912353516
273442,normal,2738,0,1782361804.191394,0.002122163772583008
273443,normal,1222,0,1782361804.1932716,0.0018775463104248047
273444,normal,1256,0,1782361804.1951866,0.00191497802734375
273445,normal,429,0,1782361804.197321,0.0021343231201171875
273446,normal,91,0,1782361804.1992326,0.0019116401672363281
273447,normal,2108,0,1782361804.2013612,0.00212860107421875
273448,normal,161,0,1782361804.203378,0.002016782760620117
273449,normal,1787,0,1782361804.2056115,0.0022335052490234375
273450,normal,2203,0,1782361804.2072418,0.0016303062438964844
273451,normal,2377,0,1782361804.2093391,0.0020973682403564453
273452,normal,1765,0,1782361804.2112234,0.0018842220306396484
273453,normal,2849,0,1782361804.2133808,0.002157449722290039
273454,normal,472,0,1782361804.2153366,0.001955747604370117
273455,normal,2424,0,1782361804.2171915,0.0018548965454101562
273456,normal,1456,0,1782361804.2193282,0.002136707305908203
273457,normal,2782,0,1782361804.2213192,0.0019910335540771484
273458,normal,1554,0,1782361804.2232466,0.0019273757934570312
273459,normal,2479,0,1782361804.2252886,0.002042055130004883
273460,normal,3185,1,1782361804.227482,0.002193450927734375
273461,normal,1768,0,1782361804.229296,0.0018138885498046875
273462,normal,470,0,1782361804.2313387,0.0020427703857421875
273463,normal,3670,0,1782361804.2334747,0.0021359920501708984
273464,normal,2147,0,1782361804.2353241,0.0018494129180908203
273465,normal,3554,0,1782361804.2372415,0.0019173622131347656
273466,normal,3493,0,1782361804.2394307,0.002189159393310547
273467,normal,845,2,1782361804.241323,0.0018923282623291016
273468,normal,2045,0,1782361804.2433712,0.0020482540130615234
273469,normal,3323,1,1782361804.2452686,0.0018973350524902344
273470,normal,2291,0,1782361804.2475798,0.002311229705810547
273471,normal,2051,0,1782361804.249288,0.0017082691192626953
273472,normal,478,0,1782361804.2513363,0.0020482540130615234
273473,normal,2145,0,1782361804.253269,0.0019326210021972656
273474,normal,2059,0,1782361804.2553692,0.002100229263305664
273475,normal,2065,0,1782361804.2572923,0.0019230842590332031
273476,normal,1363,1,1782361804.2591524,0.0018601417541503906
273477,normal,433,0,1782361804.2612934,0.0021409988403320312
273478,normal,307,0,1782361804.263295,0.002001523971557617
273479,normal,2885,0,1782361804.2651627,0.0018677711486816406
273480,normal,3636,0,1782361804.2681692,0.003006458282470703
273481,normal,1144,0,1782361804.2698107,0.0016415119171142578
273482,normal,1003,2,1782361804.2712595,0.0014488697052001953
273483,normal,3145,1,1782361804.2732673,0.002007722854614258
273484,normal,683,0,1782361804.2754576,0.0021903514862060547
273485,normal,936,2,1782361804.2773488,0.0018911361694335938
273486,normal,346,0,1782361804.2794456,0.002096891403198242
273487,normal,2975,0,1782361804.2814946,0.002048969268798828
273488,normal,866,2,1782361804.2833438,0.0018491744995117188
273489,normal,2472,0,1782361804.2854002,0.0020563602447509766
273490,normal,3594,0,1782361804.2877128,0.0023126602172851562
273491,normal,1798,0,1782361804.2891984,0.001485586166381836
273492,normal,3306,1,1782361804.2912922,0.002093791961669922
273493,normal,2355,0,1782361804.2933047,0.002012491226196289
273494,normal,1874,0,1782361804.295175,0.0018703937530517578
273495,normal,2478,0,1782361804.2973146,0.002139568328857422
273496,normal,1781,0,1782361804.2995152,0.002200603485107422
273497,normal,913,2,1782361804.3014777,0.001962423324584961
273498,normal,2584,0,1782361804.3034217,0.0019440650939941406
273499,normal,2332,0,1782361804.3053954,0.0019736289978027344
273500,normal,400,0,1782361804.3072407,0.0018453598022460938
273501,normal,3266,1,1782361804.3093114,0.0020706653594970703
273502,normal,1702,0,1782361804.3119137,0.0026023387908935547
273503,normal,1965,0,1782361804.3139322,0.002018451690673828
273504,normal,2761,0,1782361804.3152916,0.0013594627380371094
273505,normal,2304,0,1782361804.3175168,0.002225160598754883
273506,normal,169,0,1782361804.3195467,0.002029895782470703
273507,normal,1370,1,1782361804.321307,0.001760244369506836
273508,normal,2770,0,1782361804.3233874,0.0020804405212402344
273509,normal,398,0,1782361804.326449,0.003061532974243164
273510,normal,3401,1,1782361804.327603,0.001154184341430664
273511,normal,1541,0,1782361804.330069,0.002465963363647461
273512,normal,2379,0,1782361804.3313277,0.0012586116790771484
273513,normal,2765,0,1782361804.3332133,0.0018856525421142578
273514,normal,3033,0,1782361804.33543,0.0022165775299072266
273515,normal,3622,0,1782361804.3371625,0.0017325878143310547
273516,normal,2219,0,1782361804.3392978,0.0021352767944335938
273517,normal,1139,0,1782361804.3412027,0.0019049644470214844
273518,normal,2631,0,1782361804.343328,0.002125263214111328
273519,normal,2222,0,1782361804.3451862,0.0018582344055175781
273520,normal,2352,0,1782361804.3473265,0.0021402835845947266
273521,normal,3318,1,1782361804.3493915,0.002064943313598633
273522,normal,1652,0,1782361804.3514295,0.0020380020141601562
273523,normal,1449,0,1782361804.3533096,0.0018801689147949219
273524,normal,822,2,1782361804.3552759,0.001966238021850586
273525,normal,1664,0,1782361804.3572583,0.001982450485229492
273526,normal,92,0,1782361804.359362,0.002103567123413086
273527,normal,369,0,1782361804.3611834,0.0018215179443359375
273528,normal,3695,0,1782361804.3631363,0.0019528865814208984
273529,normal,1027,2,1782361804.3654635,0.0023272037506103516
273530,normal,2911,0,1782361804.3672888,0.0018253326416015625
273531,normal,474,0,1782361804.36921,0.0019211769104003906
273532,normal,1020,2,1782361804.3712084,0.001998424530029297
273533,normal,1841,0,1782361804.3732452,0.0020368099212646484
273534,normal,3354,1,1782361804.3754864,0.0022411346435546875
273535,normal,2457,0,1782361804.377155,0.001668691635131836
273536,normal,3646,0,1782361804.3791482,0.0019931793212890625
273537,normal,482,0,1782361804.3811402,0.0019919872283935547
273538,normal,1440,0,1782361804.3831563,0.0020160675048828125
273539,normal,2942,0,1782361804.385163,0.0020067691802978516
273540,normal,3148,1,1782361804.387191,0.0020279884338378906
273541,normal,2704,0,1782361804.389167,0.00197601318359375
273542,normal,1455,0,1782361804.3911736,0.00200653076171875
273543,normal,2462,0,1782361804.39315,0.001976490020751953
273544,normal,1283,0,1782361804.3951774,0.002027273178100586
273545,normal,3409,0,1782361804.3971708,0.001993417739868164
273546,normal,1822,0,1782361804.3992198,0.002048969268798828
273547,normal,1528,0,1782361804.4012203,0.002000570297241211
273548,normal,2620,0,1782361804.4031515,0.0019311904907226562
273549,normal,523,0,1782361804.4051516,0.002000093460083008
273550,normal,3386,1,1782361804.407244,0.0020923614501953125
273551,normal,85,0,1782361804.409235,0.0019910335540771484
273552,normal,3285,1,1782361804.4112287,0.0019936561584472656
273553,normal,854,2,1782361804.413255,0.0020263195037841797
273554,normal,241,0,1782361804.4151607,0.001905679702758789
273555,normal,1970,0,1782361804.4171524,0.001991748809814453
273556,normal,2977,0,1782361804.4191594,0.002007007598876953
273557,normal,763,0,1782361804.42117,0.0020105838775634766
273558,normal,3292,1,1782361804.4232047,0.0020346641540527344
273559,normal,2451,0,1782361804.4251573,0.0019526481628417969
273560,normal,1924,0,1782361804.4271197,0.001962423324584961
273561,normal,2536,0,1782361804.42915,0.0020303726196289062
273562,normal,2487,0,1782361804.431251,0.0021009445190429688
273563,normal,1070,0,1782361804.4333806,0.0021295547485351562
273564,normal,2660,0,1782361804.4351585,0.0017778873443603516
273565,normal,281,0,1782361804.4372623,0.0021038055419921875
273566,normal,3583,0,1782361804.43923,0.0019676685333251953
273567,normal,3465,0,1782361804.4412394,0.0020093917846679688
273568,normal,2450,0,1782361804.4433482,0.0021088123321533203
273569,normal,1212,0,1782361804.445143,0.0017948150634765625
273570,normal,2905,0,1782361804.4472463,0.0021033287048339844
273571,normal,3086,1,1782361804.4493062,0.0020599365234375
273572,normal,2437,0,1782361804.4511797,0.0018734931945800781
273573,normal,3085,1,1782361804.4531884,0.002008676528930664
273574,normal,1044,0,1782361804.4551833,0.0019948482513427734
273575,normal,1525,0,1782361804.4571607,0.0019774436950683594
273576,normal,3707,0,1782361804.4592028,0.002042055130004883
273577,normal,1298,0,1782361804.4612415,0.002038717269897461
273578,normal,2544,0,1782361804.4631286,0.0018870830535888672
273579,normal,3334,1,1782361804.4651659,0.0020372867584228516
273580,normal,2181,0,1782361804.4671168,0.001950979232788086
273581,normal,1122,0,1782361804.4692407,0.0021238327026367188
273582,normal,1845,0,1782361804.4710896,0.0018489360809326172
273583,normal,2593,0,1782361804.4732041,0.002114534378051758
273584,normal,2392,0,1782361804.4753923,0.0021882057189941406
273585,normal,1253,0,1782361804.477262,0.0018696784973144531
273586,normal,467,0,1782361804.4792724,0.002010345458984375
273587,normal,2310,0,1782361804.4814267,0.0021543502807617188
273588,normal,3155,1,1782361804.483153,0.001726388931274414
273589,normal,2813,0,1782361804.4852016,0.002048492431640625
273590,normal,2235,0,1782361804.487353,0.0021514892578125
273591,normal,488,0,1782361804.4891448,0.0017917156219482422
273592,normal,1265,0,1782361804.491233,0.002088308334350586
273593,normal,3013,0,1782361804.4933531,0.0021200180053710938
273594,normal,957,2,1782361804.4953434,0.0019903182983398438
273595,normal,3099,1,1782361804.4971597,0.0018162727355957031
273596,normal,3435,0,1782361804.4991953,0.0020356178283691406
273597,normal,1083,0,1782361804.501128,0.0019326210021972656
273598,normal,414,0,1782361804.5031705,0.002042531967163086
273599,normal,2340,0,1782361804.5051656,0.001995086669921875
273600,normal,2161,0,1782361804.5071669,0.0020012855529785156
273601,normal,1191,0,1782361804.5091412,0.001974344253540039
273602,normal,605,0,1782361804.511112,0.0019707679748535156
273603,normal,3392,1,1782361804.5131748,0.0020627975463867188
273604,normal,3000,0,1782361804.5151572,0.001982450485229492
273605,normal,3434,0,1782361804.5171387,0.001981496810913086
273606,normal,870,2,1782361804.5192683,0.0021295547485351562
273607,normal,3177,1,1782361804.5213869,0.0021185874938964844
273608,normal,65,0,1782361804.523538,0.0021512508392333984
273609,normal,2328,0,1782361804.5254836,0.00194549560546875
273610,normal,2723,0,1782361804.527365,0.0018813610076904297
273611,normal,3471,0,1782361804.5292912,0.0019261837005615234
273612,normal,1321,1,1782361804.53128,0.0019888877868652344
273613,normal,1513,0,1782361804.5332623,0.0019822120666503906
273614,normal,105,0,1782361804.535114,0.001851797103881836
273615,normal,284,0,1782361804.537286,0.0021719932556152344
273616,normal,1958,0,1782361804.5391302,0.001844167709350586
273617,normal,1493,0,1782361804.5411992,0.0020689964294433594
273618,normal,562,0,1782361804.543228,0.0020287036895751953
273619,normal,385,0,1782361804.545233,0.0020051002502441406
273620,normal,1873,0,1782361804.5472338,0.0020008087158203125
273621,normal,1946,0,1782361804.549257,0.0020232200622558594
273622,normal,3386,1,1782361841.004328,0.0
273623,normal,1130,0,1782361841.0063174,0.0019893646240234375
273624,normal,379,0,1782361841.0082757,0.0019583702087402344
273625,normal,962,2,1782361841.0102947,0.0020189285278320312
273626,normal,1356,1,1782361841.0124958,0.002201080322265625
273627,normal,1790,0,1782361841.0144174,0.0019216537475585938
273628,normal,2405,0,1782361841.0166297,0.0022122859954833984
273629,normal,412,0,1782361841.018425,0.0017952919006347656
273630,normal,2987,0,1782361841.0203526,0.0019276142120361328
273631,normal,2876,0,1782361841.0224934,0.0021407604217529297
273632,normal,1732,0,1782361841.0244098,0.0019164085388183594
273633,normal,191,0,1782361841.0265388,0.002129077911376953
273634,normal,3550,0,1782361841.0285199,0.001981019973754883
273635,normal,3257,1,1782361841.0306475,0.0021276473999023438
273636,normal,733,0,1782361841.0323882,0.0017406940460205078
273637,normal,2010,0,1782361841.0345337,0.002145528793334961
273638,normal,1550,0,1782361841.0366483,0.002114534378051758
273639,normal,2304,0,1782361841.038365,0.00171661376953125
273640,normal,3440,0,1782361841.040695,0.0023300647735595703
273641,normal,205,0,1782361841.042484,0.001789093017578125
273642,normal,3615,0,1782361841.0443606,0.0018765926361083984
273643,normal,1833,0,1782361841.0466948,0.002334117889404297
273644,normal,51,0,1782361841.0484915,0.001796722412109375
273645,normal,1657,0,1782361841.050512,0.002020597457885742
273646,normal,2784,0,1782361841.0525157,0.0020036697387695312
273647,normal,818,2,1782361841.0546436,0.0021278858184814453
273648,normal,1421,0,1782361841.0563698,0.0017261505126953125
273649,normal,1019,2,1782361841.0586588,0.0022890567779541016
273650,normal,2945,0,1782361841.060499,0.0018401145935058594
273651,normal,1335,1,1782361841.0625086,0.0020096302032470703
273652,normal,1380,1,1782361841.0645182,0.0020096302032470703
273653,normal,650,0,1782361841.0666463,0.002128124237060547
273654,normal,1896,0,1782361841.0683677,0.0017213821411132812
273655,normal,140,0,1782361841.0706909,0.002323150634765625
273656,normal,2454,0,1782361841.0724814,0.0017905235290527344
273657,normal,994,2,1782361841.0745306,0.0020492076873779297
273658,normal,489,0,1782361841.0764904,0.0019598007202148438
273659,normal,778,2,1782361841.0785096,0.002019166946411133
273660,normal,3388,1,1782361841.0805533,0.0020437240600585938
273661,normal,2107,0,1782361841.0823565,0.0018031597137451172
273662,normal,934,2,1782361841.0846345,0.0022780895233154297
273663,normal,2230,0,1782361841.0863802,0.0017457008361816406
273664,normal,3413,0,1782361841.088719,0.0023386478424072266
273665,normal,585,0,1782361841.090487,0.0017681121826171875
273666,normal,2898,0,1782361841.092532,0.0020449161529541016
273667,normal,517,0,1782361841.0945365,0.0020046234130859375
273668,normal,648,0,1782361841.0966485,0.0021119117736816406
273669,normal,475,0,1782361841.098377,0.0017285346984863281
273670,normal,1545,0,1782361841.100711,0.002334117889404297
273671,normal,3541,0,1782361841.1024926,0.001781463623046875
273672,normal,580,0,1782361841.1045372,0.002044677734375
273673,normal,3322,1,1782361841.1065187,0.001981496810913086
273674,normal,2349,0,1782361841.1084902,0.0019714832305908203
273675,normal,3278,1,1782361841.1105318,0.0020415782928466797
273676,normal,669,0,1782361841.1125386,0.0020067691802978516
273677,normal,1236,0,1782361841.1146517,0.0021131038665771484
273678,normal,1998,0,1782361841.1163847,0.0017330646514892578
273679,normal,2414,0,1782361841.118718,0.0023331642150878906
273680,normal,3178,1,1782361841.1204898,0.0017719268798828125
273681,normal,1597,0,1782361841.1223774,0.0018875598907470703
273682,normal,917,2,1782361841.1247313,0.0023539066314697266
273683,normal,717,0,1782361841.1264882,0.001756906509399414
273684,normal,736,0,1782361841.1285098,0.0020215511322021484
273685,normal,1616,0,1782361841.1305027,0.001992940902709961
273686,normal,753,0,1782361841.1327043,0.002201557159423828
273687,normal,2219,0,1782361841.134374,0.0016696453094482422
273688,normal,3165,1,1782361841.1367362,0.0023622512817382812
273689,normal,1870,0,1782361841.138535,0.001798868179321289
273690,normal,2891,0,1782361841.140361,0.0018260478973388672
273691,normal,2639,0,1782361841.1427016,0.002340555191040039
273692,normal,1873,0,1782361841.1451705,0.0024688243865966797
273693,normal,3379,1,1782361841.146365,0.0011944770812988281
273694,normal,3563,0,1782361841.1487048,0.0023398399353027344
273695,normal,110,0,1782361841.150521,0.0018162727355957031
273696,normal,3607,0,1782361841.1525235,0.0020024776458740234
273697,normal,2985,0,1782361841.1545408,0.0020172595977783203
273698,normal,3206,1,1782361841.156725,0.002184152603149414
273699,normal,436,0,1782361841.1583755,0.0016505718231201172
273700,normal,1517,0,1782361841.1607568,0.0023813247680664062
273701,normal,1704,0,1782361841.162508,0.0017511844635009766
273702,normal,2618,0,1782361841.164581,0.002073049545288086
273703,normal,2548,0,1782361841.1665328,0.0019516944885253906
273704,normal,22,0,1782361841.1687205,0.0021877288818359375
273705,normal,3328,1,1782361841.1703806,0.0016601085662841797
273706,normal,2193,0,1782361841.1727257,0.0023450851440429688
273707,normal,3274,1,1782361841.1745396,0.0018138885498046875
273708,normal,1503,0,1782361841.1763666,0.0018270015716552734
273709,normal,2656,0,1782361841.178566,0.002199411392211914
273710,normal,2310,0,1782361841.1805024,0.0019364356994628906
273711,normal,2158,0,1782361841.1823852,0.001882791519165039
273712,normal,303,0,1782361841.1845434,0.0021581649780273438
273713,normal,1565,0,1782361841.1865063,0.001962900161743164
273714,normal,2905,0,1782361841.1885166,0.002010345458984375
273715,normal,21,0,1782361841.1905482,0.002031564712524414
273716,normal,326,0,1782361841.1925175,0.0019693374633789062
273717,normal,2419,0,1782361841.1944256,0.0019080638885498047
273718,normal,3498,0,1782361841.1963694,0.001943826675415039
273719,normal,3456,0,1782361841.1986349,0.002265453338623047
273720,normal,541,0,1782361841.2002645,0.0016295909881591797
273721,normal,1535,0,1782361841.202396,0.0021314620971679688
273722,normal,3482,0,1782361841.2047276,0.0023317337036132812
273723,normal,2453,0,1782361841.2063625,0.001634836196899414
273724,normal,2536,0,1782361841.2087567,0.0023941993713378906
273725,normal,369,0,1782361841.2105134,0.0017566680908203125
273726,normal,1706,0,1782361841.212539,0.002025604248046875
273727,normal,1157,0,1782361841.2145407,0.0020017623901367188
273728,normal,3396,1,1782361841.2165518,0.0020110607147216797
273729,normal,463,0,1782361841.2183735,0.001821756362915039
273730,normal,441,0,1782361841.2207143,0.0023407936096191406
273731,normal,1957,0,1782361841.2224624,0.0017480850219726562
273732,normal,636,0,1782361841.2245646,0.0021021366119384766
273733,normal,1755,0,1782361841.2263963,0.0018317699432373047
273734,normal,2437,0,1782361841.2286274,0.002231121063232422
273735,normal,1629,0,1782361841.2303905,0.0017631053924560547
273736,normal,1177,0,1782361841.2327244,0.0023338794708251953
273737,normal,3409,0,1782361841.2344887,0.0017642974853515625
273738,normal,3650,0,1782361841.2364883,0.0019996166229248047
273739,normal,3618,0,1782361841.238401,0.0019125938415527344
273740,normal,1272,0,1782361841.2406235,0.0022225379943847656
273741,normal,244,0,1782361841.2423935,0.00177001953125
273742,normal,2190,0,1782361841.244627,0.0022335052490234375
273743,normal,302,0,1782361841.2464201,0.0017931461334228516
273744,normal,333,0,1782361841.2484918,0.0020716190338134766
273745,normal,3347,1,1782361841.250405,0.001913309097290039
273746,normal,1686,0,1782361841.2524815,0.002076387405395508
273747,normal,3666,0,1782361841.2545416,0.0020601749420166016
273748,normal,28,0,1782361841.2564766,0.0019350051879882812
273749,normal,3628,0,1782361841.258475,0.001998424530029297
273750,normal,1297,0,1782361841.2605383,0.002063274383544922
273751,normal,1911,0,1782361841.2624784,0.001940011978149414
273752,normal,1900,0,1782361841.2644634,0.0019850730895996094
273753,normal,1801,0,1782361841.2665408,0.002077341079711914
273754,normal,2013,0,1782361841.2684824,0.001941680908203125
273755,normal,3057,1,1782361841.2704644,0.001981973648071289
273756,normal,2175,0,1782361841.2725415,0.0020771026611328125
273757,normal,2744,0,1782361841.2744868,0.0019452571868896484
273758,normal,2650,0,1782361841.2764633,0.001976490020751953
273759,normal,438,0,1782361841.278507,0.0020437240600585938
273760,normal,896,2,1782361841.2804582,0.0019512176513671875
273761,normal,2154,0,1782361841.282447,0.0019888877868652344
273762,normal,2247,0,1782361841.2843995,0.0019524097442626953
273763,normal,1257,0,1782361841.2864609,0.0020613670349121094
273764,normal,2347,0,1782361841.288437,0.00197601318359375
273765,normal,1089,0,1782361841.2904027,0.001965761184692383
273766,normal,3094,1,1782361841.2924647,0.002062082290649414
273767,normal,2041,0,1782361841.294435,0.0019702911376953125
273768,normal,851,2,1782361841.2963862,0.0019512176513671875
273769,normal,255,0,1782361841.298471,0.0020847320556640625
273770,normal,3064,1,1782361841.3003185,0.0018475055694580078
273771,normal,449,0,1782361841.3023822,0.002063751220703125
273772,normal,1047,0,1782361841.30447,0.002087831497192383
273773,normal,182,0,1782361841.3064318,0.0019617080688476562
273774,normal,3181,1,1782361841.3084147,0.0019829273223876953
273775,normal,3395,1,1782361841.3104055,0.001990795135498047
273776,normal,128,0,1782361841.3124452,0.002039670944213867
273777,normal,2730,0,1782361841.3143947,0.0019495487213134766
273778,normal,2674,0,1782361841.3164697,0.0020749568939208984
273779,normal,1814,0,1782361841.3184378,0.0019681453704833984
273780,normal,136,0,1782361841.3203878,0.0019500255584716797
273781,normal,1798,0,1782361841.3224008,0.002012968063354492
273782,normal,1457,0,1782361841.3244376,0.0020368099212646484
273783,normal,480,0,1782361841.3263953,0.0019576549530029297
273784,normal,2020,0,1782361841.3284023,0.002007007598876953
273785,normal,1888,0,1782361841.3304374,0.0020351409912109375
273786,normal,2895,0,1782361841.3324044,0.0019669532775878906
273787,normal,299,0,1782361841.3343465,0.0019421577453613281
273788,normal,3670,0,1782361841.3364656,0.0021190643310546875
273789,normal,516,0,1782361841.3383484,0.001882791519165039
273790,normal,1611,0,1782361841.3404007,0.00205230712890625
273791,normal,3706,0,1782361841.3424368,0.0020360946655273438
273792,normal,2921,0,1782361841.3443935,0.0019567012786865234
273793,normal,3263,1,1782361841.3463438,0.0019502639770507812
273794,normal,3372,1,1782361841.3484366,0.0020928382873535156
273795,normal,613,0,1782361841.3503656,0.0019290447235107422
273796,normal,589,0,1782361841.3523326,0.0019669532775878906
273797,normal,3669,0,1782361841.3545022,0.0021696090698242188
273798,normal,3124,1,1782361841.3563128,0.0018105506896972656
273799,normal,2677,0,1782361841.358516,0.002203226089477539
273800,normal,3140,1,1782361841.3603978,0.0018818378448486328
273801,normal,1121,0,1782361841.3627584,0.0023605823516845703
273802,normal,3419,0,1782361841.364391,0.0016326904296875
273803,normal,222,0,1782361841.3667831,0.0023920536041259766
273804,normal,3463,0,1782361841.3684793,0.0016961097717285156
273805,normal,3467,0,1782361841.3704472,0.001967906951904297
273806,normal,3662,0,1782361841.3726404,0.0021932125091552734
273807,normal,434,0,1782361841.374379,0.0017385482788085938
273808,normal,437,0,1782361841.3767173,0.002338409423828125
273809,normal,2389,0,1782361841.3784862,0.0017688274383544922
273810,normal,2470,0,1782361841.3805337,0.0020475387573242188
273811,normal,1455,0,1782361841.3825264,0.0019927024841308594
273812,normal,651,0,1782361841.3846455,0.0021190643310546875
273813,normal,2560,0,1782361841.386378,0.0017325878143310547
273814,normal,3517,0,1782361841.3887362,0.0023581981658935547
273815,normal,2229,0,1782361841.3905077,0.0017714500427246094
273816,normal,2094,0,1782361841.392534,0.0020263195037841797
273817,normal,2728,0,1782361841.3945246,0.0019905567169189453
273818,normal,2071,0,1782361841.3963552,0.0018305778503417969
273819,normal,1118,0,1782361841.398387,0.0020318031311035156
273820,normal,702,0,1782361841.400379,0.0019919872283935547
273821,normal,817,2,1782361841.402731,0.002351999282836914
273822,normal,2859,0,1782361841.4043784,0.0016474723815917969
273823,normal,2527,0,1782361841.4067411,0.0023627281188964844
273824,normal,3500,0,1782361841.4085011,0.0017600059509277344
273825,normal,2704,0,1782361841.4105234,0.002022266387939453
273826,normal,2436,0,1782361841.412542,0.0020186901092529297
273827,normal,2664,0,1782361841.4145358,0.0019936561584472656
273828,normal,832,2,1782361841.4163704,0.0018346309661865234
273829,normal,1532,0,1782361841.4185581,0.0021877288818359375
273830,normal,1220,0,1782361841.420515,0.001956939697265625
273831,normal,2873,0,1782361841.4223938,0.0018787384033203125
273832,normal,3019,0,1782361841.4245431,0.002149343490600586
273833,normal,2607,0,1782361841.4263606,0.001817464828491211
273834,normal,3172,1,1782361841.42859,0.002229452133178711
273835,normal,3569,0,1782361841.4304023,0.0018122196197509766
273836,normal,978,2,1782361841.4327004,0.002298116683959961
273837,normal,3038,0,1782361841.434364,0.0016636848449707031
273838,normal,969,2,1782361841.4367416,0.0023775100708007812
273839,normal,2792,0,1782361841.438518,0.0017764568328857422
273840,normal,1173,0,1782361841.4403605,0.001842498779296875
273841,normal,2046,0,1782361841.4425454,0.0021848678588867188
273842,normal,297,0,1782361841.4445097,0.0019643306732177734
273843,normal,1707,0,1782361841.4463677,0.0018579959869384766
273844,normal,392,0,1782361841.4485445,0.0021767616271972656
273845,normal,260,0,1782361841.4505057,0.001961231231689453
273846,normal,1230,0,1782361841.452361,0.0018553733825683594
273847,normal,3251,1,1782361841.4545476,0.0021865367889404297
273848,normal,3202,1,1782361841.4565096,0.001961946487426758
273849,normal,1055,0,1782361841.458361,0.0018513202667236328
273850,normal,773,2,1782361841.4605253,0.0021643638610839844
273851,normal,1634,0,1782361841.4625115,0.001986265182495117
273852,normal,2545,0,1782361841.4643908,0.0018792152404785156
273853,normal,534,0,1782361841.4665108,0.0021200180053710938
273854,normal,1154,0,1782361841.4687498,0.0022389888763427734
273855,normal,1627,0,1782361841.4703584,0.0016086101531982422
273856,normal,1318,0,1782361841.4726956,0.002337217330932617
273857,normal,82,0,1782361841.4745152,0.001819610595703125
273858,normal,1070,0,1782361841.4765222,0.002007007598876953
273859,normal,3241,1,1782361841.4785159,0.0019936561584472656
273860,normal,692,0,1782361841.480706,0.002190113067626953
273861,normal,486,0,1782361841.482364,0.0016579627990722656
273862,normal,3175,1,1782361841.484695,0.0023310184478759766
273863,normal,2854,0,1782361841.4865208,0.0018258094787597656
273864,normal,1093,0,1782361841.4885175,0.001996755599975586
273865,normal,2167,0,1782361841.4905193,0.0020017623901367188
273866,normal,282,0,1782361841.492722,0.002202749252319336
273867,normal,2182,0,1782361841.4943607,0.001638650894165039
273868,normal,2624,0,1782361841.4966962,0.0023355484008789062
273869,normal,1363,1,1782361841.4985096,0.0018134117126464844
273870,normal,3590,0,1782361841.500512,0.002002239227294922
273871,normal,1767,0,1782361841.5025208,0.0020089149475097656
273872,normal,513,0,1782361841.504702,0.0021812915802001953
273873,normal,1175,0,1782361841.5063689,0.0016667842864990234
273874,normal,2447,0,1782361841.5087128,0.002343893051147461
273875,normal,800,2,1782361841.5105205,0.0018076896667480469
273876,normal,1254,0,1782361841.5125096,0.001989126205444336
273877,normal,1768,0,1782361841.514509,0.001999378204345703
273878,normal,3655,0,1782361841.5167084,0.002199411392211914
273879,normal,2058,0,1782361841.5183556,0.0016472339630126953
273880,normal,1643,0,1782361841.5204844,0.0021288394927978516
273881,normal,774,2,1782361841.5224729,0.0019884109497070312
273882,normal,1860,0,1782361841.5244823,0.0020093917846679688
273883,normal,2012,0,1782361841.5263402,0.0018579959869384766
273884,normal,3031,0,1782361841.528591,0.00225067138671875
273885,normal,1295,0,1782361841.5303411,0.0017502307891845703
273886,normal,1224,0,1782361841.5325074,0.002166271209716797
273887,normal,2642,0,1782361841.5346391,0.0021317005157470703
273888,normal,590,0,1782361841.5362794,0.00164031982421875
273889,normal,963,2,1782361841.5384867,0.0022072792053222656
273890,normal,1834,0,1782361841.5404541,0.0019674301147460938
273891,normal,1199,0,1782361841.5425236,0.0020694732666015625
273892,normal,1684,0,1782361841.544441,0.0019173622131347656
273893,normal,352,0,1782361841.546487,0.0020461082458496094
273894,normal,3027,0,1782361841.5483675,0.0018804073333740234
273895,normal,1378,1,1782361841.5505278,0.002160310745239258
273896,normal,2315,0,1782361841.5524611,0.0019333362579345703
273897,normal,1885,0,1782361841.554522,0.0020608901977539062
273898,normal,3370,1,1782361841.5565093,0.0019872188568115234
273899,normal,3487,0,1782361841.558635,0.0021257400512695312
273900,normal,1992,0,1782361841.560375,0.0017399787902832031
273901,normal,3708,0,1782361841.5627582,0.0023832321166992188
273902,normal,685,0,1782361841.564461,0.0017027854919433594
273903,normal,2328,0,1782361841.5665245,0.0020635128021240234
273904,normal,1004,2,1782361841.568508,0.0019834041595458984
273905,normal,2914,0,1782361841.5706296,0.0021216869354248047
273906,normal,3414,0,1782361841.5723753,0.0017457008361816406
273907,normal,1165,0,1782361841.5746367,0.0022614002227783203
273908,normal,2966,0,1782361841.576375,0.0017383098602294922
273909,normal,657,0,1782361841.5785239,0.002148866653442383
273910,normal,1233,0,1782361841.5804255,0.0019016265869140625
273911,normal,1237,0,1782361841.582466,0.002040386199951172
273912,normal,2819,0,1782361841.5843804,0.0019145011901855469
273913,normal,2885,0,1782361841.586425,0.002044677734375
273914,normal,1044,0,1782361841.588372,0.0019469261169433594
273915,normal,3198,1,1782361841.5903707,0.0019986629486083984
273916,normal,91,0,1782361841.5924249,0.0020542144775390625
273917,normal,2573,0,1782361841.5944705,0.0020456314086914062
273918,normal,876,2,1782361841.5963767,0.0019061565399169922
273919,normal,343,0,1782361841.5985324,0.002155780792236328
273920,normal,309,0,1782361841.6005096,0.001977205276489258
273921,normal,2216,0,1782361841.6023808,0.0018711090087890625
273922,normal,635,0,1782361841.6045618,0.0021810531616210938
273923,normal,3368,1,1782361841.6063826,0.0018208026885986328
273924,normal,2852,0,1782361841.6087213,0.0023386478424072266
273925,normal,947,2,1782361841.6103988,0.0016775131225585938
273926,normal,1779,0,1782361841.612726,0.0023272037506103516
273927,normal,194,0,1782361841.614364,0.0016379356384277344
273928,normal,821,2,1782361841.6167483,0.0023844242095947266
273929,normal,3082,1,1782361841.6185374,0.001789093017578125
273930,normal,2483,0,1782361841.6203625,0.001825094223022461
273931,normal,3305,1,1782361841.6227622,0.0023996829986572266
273932,normal,1453,0,1782361841.6245368,0.0017745494842529297
273933,normal,1736,0,1782361841.6265163,0.0019795894622802734
273934,normal,1188,0,1782361841.6285686,0.00205230712890625
273935,normal,2191,0,1782361841.6305,0.0019314289093017578
273936,normal,3300,1,1782361841.6325586,0.0020585060119628906
273937,normal,2448,0,1782361841.634383,0.0018243789672851562
273938,normal,1762,0,1782361841.6366563,0.0022733211517333984
273939,normal,261,0,1782361841.638378,0.0017216205596923828
273940,normal,2291,0,1782361841.6407616,0.002383708953857422
273941,normal,1013,2,1782361841.642487,0.0017254352569580078
273942,normal,2398,0,1782361841.6445687,0.002081632614135742
273943,normal,2616,0,1782361841.6465385,0.0019698143005371094
273944,normal,3324,1,1782361841.6487138,0.0021753311157226562
273945,normal,2520,0,1782361841.650378,0.0016641616821289062
273946,normal,1181,0,1782361841.652734,0.0023560523986816406
273947,normal,1923,0,1782361841.6544876,0.0017535686492919922
273948,normal,1270,0,1782361841.6565645,0.002076864242553711
273949,normal,1986,0,1782361841.6585402,0.0019757747650146484
273950,normal,1153,0,1782361841.6607249,0.002184629440307617
273951,normal,2324,0,1782361841.6623824,0.0016574859619140625
273952,normal,3354,1,1782361841.6647708,0.002388477325439453
273953,normal,1787,0,1782361841.6665015,0.0017306804656982422
273954,normal,96,0,1782361841.6685612,0.0020596981048583984
273955,normal,428,0,1782361841.6705434,0.0019822120666503906
273956,normal,1799,0,1782361841.6727226,0.0021791458129882812
273957,normal,868,2,1782361841.6743777,0.0016551017761230469
273958,normal,1773,0,1782361841.6767921,0.0024144649505615234
273959,normal,2747,0,1782361841.6784852,0.0016930103302001953
273960,normal,1949,0,1782361841.6805627,0.0020775794982910156
273961,normal,1074,0,1782361841.6825476,0.001984834671020508
273962,normal,3602,0,1782361841.684718,0.0021703243255615234
273963,normal,167,0,1782361841.6863678,0.0016498565673828125
273964,normal,2174,0,1782361841.6887472,0.0023794174194335938
273965,normal,3047,1,1782361841.690382,0.001634836196899414
273966,normal,1765,0,1782361841.692509,0.002126932144165039
273967,normal,1001,2,1782361841.6945515,0.002042531967163086
273968,normal,3117,1,1782361841.6967053,0.0021538734436035156
273969,normal,784,2,1782361841.6983752,0.0016698837280273438
273970,normal,2109,0,1782361841.7007427,0.0023674964904785156
273971,normal,2919,0,1782361841.702449,0.0017063617706298828
273972,normal,2394,0,1782361841.7045035,0.002054452896118164
273973,normal,374,0,1782361841.7063932,0.0018897056579589844
273974,normal,31,0,1782361841.7085185,0.002125263214111328
273975,normal,1219,0,1782361841.7105398,0.002021312713623047
273976,normal,989,2,1782361841.7124104,0.0018706321716308594
273977,normal,3363,1,1782361841.714719,0.0023086071014404297
273978,normal,2339,0,1782361841.7163737,0.0016546249389648438
273979,normal,2697,0,1782361841.7187464,0.00237274169921875
273980,normal,1364,1,1782361841.7205143,0.001767873764038086
273981,normal,2004,0,1782361841.722385,0.0018706321716308594
273982,normal,2357,0,1782361841.7247312,0.0023462772369384766
273983,normal,1874,0,1782361841.7264867,0.0017554759979248047
273984,normal,912,2,1782361841.7285578,0.0020711421966552734
273985,normal,1574,0,1782361841.730509,0.0019512176513671875
273986,normal,2260,0,1782361841.732705,0.002196073532104492
273987,normal,1533,0,1782361841.7343771,0.0016720294952392578
273988,normal,948,2,1782361841.7367356,0.0023584365844726562
273989,normal,740,0,1782361841.7385077,0.001772165298461914
273990,normal,2706,0,1782361841.740553,0.002045154571533203
273991,normal,2950,0,1782361841.7425358,0.0019829273223876953
273992,normal,716,0,1782361841.7453058,0.002769947052001953
273993,normal,3011,0,1782361841.7463613,0.0010554790496826172
273994,normal,3677,0,1782361841.7485018,0.002140522003173828
273995,normal,2060,0,1782361841.750709,0.0022072792053222656
273996,normal,40,0,1782361841.752375,0.0016658306121826172
273997,normal,2648,0,1782361841.7547116,0.002336740493774414
273998,normal,975,2,1782361841.756468,0.001756429672241211
273999,normal,3548,0,1782361841.7583063,0.0018382072448730469
274000,normal,256,0,1782361841.7604756,0.002169370651245117
274001,normal,98,0,1782361841.7624426,0.0019669532775878906
274002,normal,1715,0,1782361841.7643833,0.0019407272338867188
274003,normal,2711,0,1782361841.7665672,0.0021839141845703125
274004,normal,1716,0,1782361841.7683196,0.0017523765563964844
274005,normal,1644,0,1782361841.7704263,0.0021066665649414062
274006,normal,1046,0,1782361841.7723289,0.0019025802612304688
274007,normal,3532,0,1782361841.774501,0.002172231674194336
274008,normal,723,0,1782361841.7762885,0.001787424087524414
274009,normal,3596,0,1782361841.778543,0.002254486083984375
274010,normal,2808,0,1782361841.7805226,0.0019795894622802734
274011,normal,3001,0,1782361841.78251,0.001987457275390625
274012,normal,531,0,1782361841.7845016,0.0019915103912353516
274013,normal,2290,0,1782361841.7864823,0.0019807815551757812
274014,normal,621,0,1782361841.7883935,0.001911163330078125
274015,normal,3012,0,1782361841.790515,0.002121448516845703
274016,normal,1239,0,1782361841.792764,0.002249002456665039
274017,normal,2565,0,1782361841.794383,0.001619100570678711
274018,normal,2931,0,1782361841.7965178,0.0021347999572753906
274019,normal,711,0,1782361841.7984962,0.0019783973693847656
274020,normal,886,2,1782361841.800547,0.002050638198852539
274021,normal,2628,0,1782361841.8023942,0.0018472671508789062
274022,normal,2863,0,1782361841.8046567,0.002262592315673828
274023,normal,3432,0,1782361841.8063586,0.0017018318176269531
274024,normal,1724,0,1782361841.8085287,0.002170085906982422
274025,normal,642,0,1782361841.8107243,0.002195596694946289
274026,normal,1810,0,1782361841.8124642,0.0017399787902832031
274027,normal,3163,1,1782361841.8145444,0.002080202102661133
274028,normal,312,0,1782361841.8165128,0.0019683837890625
274029,normal,3113,1,1782361841.818543,0.0020301342010498047
274030,normal,3258,1,1782361841.8205605,0.002017498016357422
274031,normal,385,0,1782361841.8224866,0.0019261837005615234
274032,normal,1725,0,1782361841.8245652,0.002078533172607422
274033,normal,3307,1,1782361841.8265371,0.0019719600677490234
274034,normal,370,0,1782361841.8285103,0.0019731521606445312
274035,normal,444,0,1782361841.8303835,0.0018732547760009766
274036,normal,2546,0,1782361841.832564,0.0021805763244628906
274037,normal,3651,0,1782361841.83451,0.0019459724426269531
274038,normal,3217,1,1782361841.8363848,0.001874685287475586
274039,normal,1246,0,1782361841.8385406,0.002155780792236328
274040,normal,1200,0,1782361841.8405106,0.001970052719116211
274041,normal,838,2,1782361841.8423793,0.0018687248229980469
274042,normal,3143,1,1782361841.8445306,0.0021512508392333984
274043,normal,1917,0,1782361841.8465135,0.0019829273223876953
274044,normal,2297,0,1782361841.8486547,0.002141237258911133
274045,normal,2435,0,1782361841.8503923,0.0017375946044921875
274046,normal,2909,0,1782361841.8527052,0.002312898635864258
274047,normal,1558,0,1782361841.8543777,0.001672506332397461
274048,normal,2630,0,1782361841.8565574,0.0021796226501464844
274049,normal,2553,0,1782361841.8583846,0.001827239990234375
274050,normal,2501,0,1782361841.8606954,0.0023107528686523438
274051,normal,680,0,1782361841.8624082,0.001712799072265625
274052,normal,2810,0,1782361841.8646445,0.0022363662719726562
274053,normal,1774,0,1782361841.866386,0.0017414093017578125
274054,normal,1196,0,1782361841.8685257,0.0021398067474365234
274055,normal,2832,0,1782361841.8704693,0.0019435882568359375
274056,normal,1692,0,1782361841.8725114,0.002042055130004883
274057,normal,1243,0,1782361841.8743565,0.0018451213836669922
274058,normal,398,0,1782361841.8765917,0.0022351741790771484
274059,normal,1757,0,1782361841.8783624,0.0017707347869873047
274060,normal,2940,0,1782361841.8805394,0.002177000045776367
274061,normal,3653,0,1782361841.8823802,0.001840829849243164
274062,normal,2690,0,1782361841.8845384,0.0021581649780273438
274063,normal,1980,0,1782361841.8863528,0.0018143653869628906
274064,normal,3469,0,1782361841.8885093,0.002156496047973633
274065,normal,2152,0,1782361841.890383,0.0018737316131591797
274066,normal,2302,0,1782361841.8925416,0.002158641815185547
274067,normal,66,0,1782361841.894376,0.0018343925476074219
274068,normal,3603,0,1782361841.8965433,0.002167224884033203
274069,normal,2767,0,1782361841.8983512,0.0018079280853271484
274070,normal,1976,0,1782361841.9005075,0.0021562576293945312
274071,normal,1412,0,1782361841.9023838,0.0018763542175292969
274072,normal,89,0,1782361841.904542,0.0021581649780273438
274073,normal,1477,0,1782361841.9063807,0.00183868408203125
274074,normal,2022,0,1782361841.9085374,0.0021567344665527344
274075,normal,2067,0,1782361841.9103568,0.0018193721771240234
274076,normal,2279,0,1782361841.9125075,0.0021507740020751953
274077,normal,3323,1,1782361841.9143846,0.0018770694732666016
274078,normal,3426,0,1782361841.916545,0.002160310745239258
274079,normal,1836,0,1782361841.9183724,0.0018274784088134766
274080,normal,2946,0,1782361841.9203615,0.001989126205444336
274081,normal,2544,0,1782361841.9223335,0.0019719600677490234
274082,normal,2472,0,1782361841.9245133,0.002179861068725586
274083,normal,2079,0,1782361841.9263752,0.0018618106842041016
274084,normal,3005,0,1782361841.9283676,0.001992464065551758
274085,normal,3436,0,1782361841.930724,0.002356290817260742
274086,normal,13,0,1782361841.9323838,0.0016598701477050781
274087,normal,1520,0,1782361841.934565,0.0021812915802001953
274088,normal,1080,0,1782361841.9364548,0.0018897056579589844
274089,normal,2841,0,1782361841.9383879,0.0019330978393554688
274090,normal,1504,0,1782361841.9404953,0.002107381820678711
274091,normal,3053,1,1782361841.942444,0.0019488334655761719
274092,normal,698,0,1782361841.9445612,0.002117156982421875
274093,normal,582,0,1782361841.9464018,0.0018405914306640625
274094,normal,1161,0,1782361841.948456,0.0020542144775390625
274095,normal,417,0,1782361841.9503849,0.0019288063049316406
274096,normal,2206,0,1782361841.952284,0.0018992424011230469
274097,normal,1867,0,1782361841.954702,0.0024178028106689453
274098,normal,3466,0,1782361841.9563715,0.0016696453094482422
274099,normal,181,0,1782361841.95865,0.002278566360473633
274100,normal,776,2,1782361841.9604871,0.001837015151977539
274101,normal,1086,0,1782361841.962551,0.0020639896392822266
274102,normal,1536,0,1782361841.96451,0.0019588470458984375
274103,normal,1215,0,1782361841.9665086,0.0019986629486083984
274104,normal,2515,0,1782361841.9684002,0.0018916130065917969
274105,normal,3025,0,1782361841.9705217,0.002121448516845703
274106,normal,2486,0,1782361841.9727354,0.002213716506958008
274107,normal,2083,0,1782361841.9743788,0.0016434192657470703
274108,normal,2522,0,1782361841.9765525,0.0021736621856689453
274109,normal,1136,0,1782361841.9783926,0.0018401145935058594
274110,normal,2257,0,1782361841.9806244,0.0022318363189697266
274111,normal,2585,0,1782361841.9823499,0.0017254352569580078
274112,normal,87,0,1782361841.9845226,0.002172708511352539
274113,normal,3204,1,1782361841.9863615,0.0018389225006103516
274114,normal,2173,0,1782361841.988345,0.0019834041595458984
274115,normal,1931,0,1782361841.9907596,0.002414703369140625
274116,normal,1164,0,1782361841.9923568,0.0015971660614013672
274117,normal,1088,0,1782361841.9944968,0.002140045166015625
274118,normal,2929,0,1782361841.996521,0.0020241737365722656
274119,normal,62,0,1782361841.998319,0.0017979145050048828
274120,normal,3668,0,1782361842.0003474,0.0020284652709960938
274121,normal,2797,0,1782361842.002503,0.0021555423736572266
274122,normal,959,2,1782361842.0043297,0.0018267631530761719
274123,normal,328,0,1782361842.0065298,0.0022001266479492188
274124,normal,1415,0,1782361842.008381,0.0018510818481445312
274125,normal,1921,0,1782361842.0104845,0.002103567123413086
274126,normal,1319,1,1782361842.0123231,0.00183868408203125
274127,normal,699,0,1782361842.0145617,0.0022385120391845703
274128,normal,772,2,1782361842.0163312,0.0017695426940917969
274129,normal,2485,0,1782361842.018489,0.0021576881408691406
274130,normal,715,0,1782361842.0205092,0.0020203590393066406
274131,normal,471,0,1782361842.0223668,0.0018575191497802734
274132,normal,2384,0,1782361842.0244994,0.0021326541900634766
274133,normal,1430,0,1782361842.0265405,0.0020411014556884766
274134,normal,1971,0,1782361842.0283613,0.0018208026885986328
274135,normal,2059,0,1782361842.0305073,0.002146005630493164
274136,normal,1186,0,1782361842.0323834,0.0018761157989501953
274137,normal,1626,0,1782361842.0343606,0.001977205276489258
274138,normal,3604,0,1782361842.0365074,0.0021467208862304688
274139,normal,289,0,1782361842.038385,0.0018775463104248047
274140,normal,362,0,1782361842.0405092,0.002124309539794922
274141,normal,2955,0,1782361842.0423586,0.0018494129180908203
274142,normal,943,2,1782361842.0445182,0.002159595489501953
274143,normal,1881,0,1782361842.046371,0.0018527507781982422
274144,normal,609,0,1782361842.048509,0.002137899398803711
274145,normal,2075,0,1782361842.0505264,0.002017498016357422
274146,normal,15,0,1782361842.0523653,0.0018389225006103516
274147,normal,1807,0,1782361842.0545328,0.0021674633026123047
274148,normal,2629,0,1782361842.0565307,0.0019979476928710938
274149,normal,1559,0,1782361842.0583642,0.0018334388732910156
274150,normal,1841,0,1782361842.0605063,0.002142190933227539
274151,normal,383,0,1782361842.06254,0.002033710479736328
274152,normal,1809,0,1782361842.0643601,0.0018200874328613281
274153,normal,2201,0,1782361842.06651,0.002149820327758789
274154,normal,163,0,1782361842.0685291,0.002019166946411133
274155,normal,2660,0,1782361842.0703685,0.0018393993377685547
274156,normal,2964,0,1782361842.072507,0.002138376235961914
274157,normal,3148,1,1782361842.07452,0.0020132064819335938
274158,normal,3269,1,1782361842.076361,0.001840829849243164
274159,normal,2165,0,1782361842.078509,0.002148151397705078
274160,normal,1825,0,1782361842.080529,0.0020198822021484375
274161,normal,55,0,1782361842.0823615,0.0018324851989746094
274162,normal,2700,0,1782361842.0845342,0.002172708511352539
274163,normal,3346,1,1782361842.0863829,0.0018486976623535156
274164,normal,3492,0,1782361842.088511,0.002128124237060547
274165,normal,2788,0,1782361842.09037,0.0018589496612548828
274166,normal,2556,0,1782361842.092536,0.0021660327911376953
274167,normal,3523,0,1782361842.0943608,0.0018248558044433594
274168,normal,1008,2,1782361842.0965102,0.002149343490600586
274169,normal,881,2,1782361842.0985205,0.002010345458984375
274170,normal,2366,0,1782361842.1003635,0.0018429756164550781
274171,normal,3371,1,1782361842.102514,0.0021505355834960938
274172,normal,1824,0,1782361842.1045282,0.00201416015625
274173,normal,1904,0,1782361842.106364,0.0018358230590820312
274174,normal,549,0,1782361842.1085112,0.002147197723388672
274175,normal,2583,0,1782361842.1105163,0.0020051002502441406
274176,normal,1426,0,1782361842.112362,0.0018455982208251953
274177,normal,3116,1,1782361842.1143677,0.0020058155059814453
274178,normal,1244,0,1782361842.1165292,0.0021615028381347656
274179,normal,3335,1,1782361842.1183577,0.0018284320831298828
274180,normal,2625,0,1782361842.120515,0.002157449722290039
274181,normal,3260,1,1782361842.1225162,0.002001047134399414
274182,normal,1770,0,1782361842.124362,0.0018458366394042969
274183,normal,172,0,1782361842.1265163,0.0021543502807617188
274184,normal,2214,0,1782361842.1285172,0.0020008087158203125
274185,normal,3526,0,1782361842.130365,0.0018477439880371094
274186,normal,2476,0,1782361842.132514,0.0021491050720214844
274187,normal,2702,0,1782361842.1345289,0.0020148754119873047
274188,normal,1167,0,1782361842.136361,0.0018320083618164062
274189,normal,3095,1,1782361842.1385062,0.0021452903747558594
274190,normal,3551,0,1782361842.1405175,0.0020112991333007812
274191,normal,2189,0,1782361842.1423638,0.0018463134765625
274192,normal,281,0,1782361842.1445148,0.002151012420654297
274193,normal,264,0,1782361842.146501,0.001986265182495117
274194,normal,596,0,1782361842.14838,0.001878976821899414
274195,normal,3465,0,1782361842.1505108,0.002130746841430664
274196,normal,3545,0,1782361842.152384,0.0018732547760009766
274197,normal,878,2,1782361842.1543598,0.0019757747650146484
274198,normal,1866,0,1782361842.1564941,0.0021343231201171875
274199,normal,3499,0,1782361842.158532,0.0020377635955810547
274200,normal,3134,1,1782361842.1603608,0.001828908920288086
274201,normal,637,0,1782361842.1624959,0.002135038375854492
274202,normal,2153,0,1782361842.1643827,0.0018868446350097656
274203,normal,1808,0,1782361842.1664956,0.002112865447998047
274204,normal,2096,0,1782361842.1683369,0.0018413066864013672
274205,normal,756,0,1782361842.170537,0.0022001266479492188
274206,normal,747,0,1782361842.1723597,0.0018227100372314453
274207,normal,2963,0,1782361842.174487,0.002127408981323242
274208,normal,2965,0,1782361842.176522,0.002034902572631836
274209,normal,1106,0,1782361842.1784587,0.0019366741180419922
274210,normal,224,0,1782361842.1803854,0.0019266605377197266
274211,normal,653,0,1782361842.1827276,0.00234222412109375
274212,normal,2550,0,1782361842.1843753,0.0016477108001708984
274213,normal,903,2,1782361842.1864922,0.0021169185638427734
274214,normal,3443,0,1782361842.1885068,0.002014636993408203
274215,normal,1402,0,1782361842.1903365,0.0018296241760253906
274216,normal,769,0,1782361842.1924963,0.0021598339080810547
274217,normal,1432,0,1782361842.1945226,0.0020263195037841797
274218,normal,3129,1,1782361842.1963344,0.0018117427825927734
274219,normal,1749,0,1782361842.1983545,0.002020120620727539
274220,normal,344,0,1782361842.2004783,0.0021238327026367188
274221,normal,39,0,1782361842.202346,0.0018677711486816406
274222,normal,2213,0,1782361842.204503,0.002156972885131836
274223,normal,2894,0,1782361842.2064905,0.001987457275390625
274224,normal,490,0,1782361842.2083943,0.0019037723541259766
274225,normal,2200,0,1782361842.2105021,0.002107858657836914
274226,normal,1999,0,1782361842.2124872,0.0019850730895996094
274227,normal,515,0,1782361842.2143447,0.0018575191497802734
274228,normal,3660,0,1782361842.2164986,0.0021538734436035156
274229,normal,1772,0,1782361842.2185109,0.0020122528076171875
274230,normal,101,0,1782361842.2203395,0.0018286705017089844
274231,normal,3624,0,1782361842.2224944,0.002154827117919922
274232,normal,588,0,1782361842.2244785,0.001984119415283203
274233,normal,1171,0,1782361842.2263525,0.0018739700317382812
274234,normal,2752,0,1782361842.2285025,0.0021500587463378906
274235,normal,1618,0,1782361842.230482,0.0019795894622802734
274236,normal,3088,1,1782361842.2323418,0.0018596649169921875
274237,normal,433,0,1782361842.2344937,0.002151966094970703
274238,normal,2204,0,1782361842.236492,0.0019981861114501953
274239,normal,74,0,1782361842.2383249,0.0018329620361328125
274240,normal,755,0,1782361842.2403517,0.002026796340942383
274241,normal,1301,0,1782361842.2424955,0.00214385986328125
274242,normal,424,0,1782361842.2443454,0.0018498897552490234
274243,normal,816,2,1782361842.246494,0.0021486282348632812
274244,normal,2615,0,1782361842.2484765,0.001982450485229492
274245,normal,105,0,1782361842.2503338,0.0018572807312011719
274246,normal,2242,0,1782361842.2525034,0.0021696090698242188
274247,normal,1667,0,1782361842.2545145,0.0020110607147216797
274248,normal,1048,0,1782361842.2563438,0.001829385757446289
274249,normal,577,0,1782361842.2585068,0.002162933349609375
274250,normal,3109,1,1782361842.2604933,0.0019865036010742188
274251,normal,2186,0,1782361842.2623446,0.0018513202667236328
274252,normal,3114,1,1782361842.2644908,0.0021462440490722656
274253,normal,320,0,1782361842.2665138,0.002022981643676758
274254,normal,361,0,1782361842.2683654,0.0018515586853027344
274255,normal,487,0,1782361842.270491,0.0021255016326904297
274256,normal,2669,0,1782361842.2725208,0.002029895782470703
274257,normal,1908,0,1782361842.2743359,0.0018150806427001953
274258,normal,696,0,1782361842.2764874,0.0021514892578125
274259,normal,956,2,1782361842.2785182,0.0020308494567871094
274260,normal,509,0,1782361842.2803245,0.0018062591552734375
274261,normal,2593,0,1782361842.2825136,0.002189159393310547
274262,normal,3273,1,1782361842.2845078,0.0019941329956054688
274263,normal,159,0,1782361842.2863376,0.0018298625946044922
274264,normal,2765,0,1782361842.2885149,0.0021772384643554688
274265,normal,1078,0,1782361842.290314,0.0017991065979003906
274266,normal,3071,1,1782361842.2925029,0.0021889209747314453
274267,normal,3493,0,1782361842.2943475,0.001844644546508789
274268,normal,1882,0,1782361842.2965245,0.002177000045776367
274269,normal,1523,0,1782361842.2983592,0.0018346309661865234
274270,normal,1863,0,1782361842.30049,0.002130746841430664
274271,normal,2003,0,1782361842.3024988,0.0020089149475097656
274272,normal,1436,0,1782361842.3043423,0.0018434524536132812
274273,normal,2911,0,1782361842.3065128,0.002170562744140625
274274,normal,1500,0,1782361842.3085077,0.0019948482513427734
274275,normal,658,0,1782361842.3103452,0.0018374919891357422
274276,normal,1211,0,1782361842.312512,0.002166748046875
274277,normal,1085,0,1782361842.3145063,0.0019943714141845703
274278,normal,2872,0,1782361842.3163364,0.0018301010131835938
274279,normal,3299,1,1782361842.3185227,0.002186298370361328
274280,normal,1591,0,1782361842.3205097,0.001986980438232422
274281,normal,1252,0,1782361842.322336,0.0018262863159179688
274282,normal,3637,0,1782361842.3244824,0.002146482467651367
274283,normal,1818,0,1782361842.3265285,0.0020461082458496094
274284,normal,2570,0,1782361842.3283412,0.0018126964569091797
274285,normal,1350,1,1782361842.3304834,0.002142190933227539
274286,normal,3201,1,1782361842.3325162,0.002032756805419922
274287,normal,2729,0,1782361842.3343444,0.0018281936645507812
274288,normal,1750,0,1782361842.336476,0.0021317005157470703
274289,normal,3446,0,1782361842.3385038,0.002027750015258789
274290,normal,993,2,1782361842.340338,0.0018341541290283203
274291,normal,2679,0,1782361842.3424945,0.002156496047973633
274292,normal,3437,0,1782361842.344547,0.0020525455474853516
274293,normal,3295,1,1782361842.3468285,0.0022814273834228516
274294,normal,911,2,1782361842.3484879,0.001659393310546875
274295,normal,1738,0,1782361842.3503125,0.0018246173858642578
274296,normal,1306,0,1782361842.3523207,0.002008199691772461
274297,normal,1201,0,1782361842.3544843,0.0021636486053466797
274298,normal,466,0,1782361842.3565297,0.0020453929901123047
274299,normal,1489,0,1782361842.3583112,0.001781463623046875
274300,normal,2478,0,1782361842.3604841,0.0021729469299316406
274301,normal,332,0,1782361842.3624585,0.001974344253540039
274302,normal,1578,0,1782361842.364323,0.0018644332885742188
274303,normal,210,0,1782361842.3664865,0.0021636486053466797
274304,normal,1663,0,1782361842.3684895,0.0020029544830322266
274305,normal,2268,0,1782361842.370295,0.0018055438995361328
274306,normal,2790,0,1782361842.372462,0.0021669864654541016
274307,normal,547,0,1782361842.3744566,0.001994609832763672
274308,normal,2267,0,1782361842.3763068,0.001850128173828125
274309,normal,427,0,1782361842.3784852,0.0021784305572509766
274310,normal,3620,0,1782361842.3804865,0.0020012855529785156
274311,normal,2875,0,1782361842.3822975,0.0018110275268554688
274312,normal,137,0,1782361842.3845186,0.0022211074829101562
274313,normal,2130,0,1782361842.3864868,0.0019681453704833984
274314,normal,1952,0,1782361842.3882957,0.0018088817596435547
274315,normal,2021,0,1782361842.3904655,0.0021698474884033203
274316,normal,3331,1,1782361842.3924813,0.002015829086303711
274317,normal,176,0,1782361842.394308,0.0018267631530761719
274318,normal,1876,0,1782361842.3965173,0.002209186553955078
274319,normal,1137,0,1782361842.3984923,0.0019750595092773438
274320,normal,1410,0,1782361842.4003072,0.0018148422241210938
274321,normal,1376,1,1782361842.4024858,0.002178668975830078
274322,normal,3597,0,1782361842.404514,0.002028226852416992
274323,normal,365,0,1782361842.4062934,0.001779317855834961
274324,normal,3611,0,1782361842.4085166,0.0022232532501220703
274325,normal,1641,0,1782361842.4104955,0.0019788742065429688
274326,normal,442,0,1782361842.412308,0.0018124580383300781
274327,normal,2982,0,1782361842.4145365,0.0022284984588623047
274328,normal,523,0,1782361842.4164894,0.0019528865814208984
274329,normal,1695,0,1782361842.4183092,0.0018198490142822266
274330,normal,3018,0,1782361842.4205153,0.002206087112426758
274331,normal,691,0,1782361842.4225097,0.0019943714141845703
274332,normal,532,0,1782361842.4242957,0.0017859935760498047
274333,normal,1746,0,1782361842.4265118,0.0022161006927490234
274334,normal,1539,0,1782361842.42849,0.001978158950805664
274335,normal,2408,0,1782361842.4303138,0.0018239021301269531
274336,normal,1133,0,1782361842.4325137,0.002199888229370117
274337,normal,2009,0,1782361842.4345167,0.0020029544830322266
274338,normal,1102,0,1782361842.4362996,0.0017828941345214844
274339,normal,391,0,1782361842.4384868,0.0021872520446777344
274340,normal,2892,0,1782361842.4405189,0.002032041549682617
274341,normal,1946,0,1782361842.4422998,0.0017809867858886719
274342,normal,3447,0,1782361842.4444895,0.00218963623046875
274343,normal,670,0,1782361842.4465106,0.0020210742950439453
274344,normal,3041,0,1782361842.4482942,0.001783609390258789
274345,normal,2011,0,1782361842.4505105,0.002216339111328125
274346,normal,169,0,1782361842.4525113,0.0020008087158203125
274347,normal,253,0,1782361842.4542954,0.0017840862274169922
274348,normal,1636,0,1782361842.4567475,0.0024521350860595703
274349,normal,1510,0,1782361842.4583354,0.0015878677368164062
274350,normal,901,2,1782361842.4604478,0.0021123886108398438
274351,normal,149,0,1782361842.4623358,0.0018880367279052734
274352,normal,2928,0,1782361842.464506,0.002170085906982422
274353,normal,3344,1,1782361842.4662945,0.0017886161804199219
274354,normal,3240,1,1782361842.4685135,0.002218961715698242
274355,normal,3349,1,1782361842.4705045,0.0019910335540771484
274356,normal,1852,0,1782361842.4722943,0.0017898082733154297
274357,normal,2323,0,1782361842.4745162,0.002221822738647461
274358,normal,3460,0,1782361842.4765105,0.0019943714141845703
274359,normal,1039,0,1782361842.4782958,0.0017852783203125
274360,normal,705,0,1782361842.4805171,0.002221345901489258
274361,normal,2537,0,1782361842.4825275,0.002010345458984375
274362,normal,2772,0,1782361842.484296,0.0017685890197753906
274363,normal,1316,0,1782361842.4865193,0.0022232532501220703
274364,normal,3325,1,1782361842.488488,0.0019686222076416016
274365,normal,1751,0,1782361842.49031,0.0018219947814941406
274366,normal,573,0,1782361842.492519,0.0022089481353759766
274367,normal,1594,0,1782361842.4945045,0.0019855499267578125
274368,normal,1485,0,1782361842.4962945,0.0017900466918945312
274369,normal,2244,0,1782361842.4985175,0.0022230148315429688
274370,normal,3661,0,1782361842.5004897,0.001972198486328125
274371,normal,1266,0,1782361842.5022938,0.0018041133880615234
274372,normal,1803,0,1782361842.5045204,0.002226591110229492
274373,normal,3353,1,1782361842.506501,0.0019805431365966797
274374,normal,2936,0,1782361842.508295,0.0017940998077392578
274375,normal,3484,0,1782361842.5105238,0.0022287368774414062
274376,normal,3350,1,1782361842.5125065,0.0019826889038085938
274377,normal,1159,0,1782361842.514296,0.0017895698547363281
274378,normal,3441,0,1782361842.5163372,0.0020411014556884766
274379,normal,3176,1,1782361842.51851,0.0021729469299316406
274380,normal,3016,0,1782361842.5202982,0.0017881393432617188
274381,normal,3693,0,1782361842.5225196,0.002221345901489258
274382,normal,2701,0,1782361842.5245152,0.001995563507080078
274383,normal,218,0,1782361842.5262947,0.0017795562744140625
274384,normal,1877,0,1782361842.5284913,0.0021965503692626953
274385,normal,1974,0,1782361842.5305114,0.002020120620727539
274386,normal,3154,1,1782361842.5322936,0.0017821788787841797
274387,normal,1963,0,1782361842.5344913,0.002197742462158203
274388,normal,1927,0,1782361842.5365098,0.002018451690673828
274389,normal,1399,0,1782361842.538294,0.0017843246459960938
274390,normal,2498,0,1782361842.5405054,0.002211332321166992
274391,normal,2960,0,1782361842.5425177,0.0020122528076171875
274392,normal,548,0,1782361842.5442984,0.0017807483673095703
274393,normal,550,0,1782361842.5464835,0.0021851062774658203
274394,normal,1742,0,1782361842.548531,0.0020475387573242188
274395,normal,1193,0,1782361842.5502982,0.0017671585083007812
274396,normal,2540,0,1782361842.5523143,0.0020160675048828125
274397,normal,2603,0,1782361842.554511,0.002196788787841797
274398,normal,2714,0,1782361842.5562944,0.0017833709716796875
274399,normal,20,0,1782361842.5584998,0.002205371856689453
274400,normal,3585,0,1782361842.5605233,0.002023458480834961
274401,normal,2557,0,1782361842.5622942,0.0017709732055664062
274402,normal,1608,0,1782361842.564503,0.002208709716796875
274403,normal,1114,0,1782361842.5663543,0.0018513202667236328
274404,normal,979,2,1782361842.568453,0.0020987987518310547
274405,normal,1894,0,1782361842.570323,0.0018699169158935547
274406,normal,2335,0,1782361842.5725067,0.002183675765991211
274407,normal,1469,0,1782361842.574295,0.0017883777618408203
274408,normal,2578,0,1782361842.5765092,0.002214193344116211
274409,normal,2780,0,1782361842.5785139,0.0020046234130859375
274410,normal,2280,0,1782361842.5802934,0.0017795562744140625
274411,normal,1679,0,1782361842.5825133,0.0022199153900146484
274412,normal,3288,1,1782361842.584508,0.001994609832763672
274413,normal,1108,0,1782361842.586294,0.0017859935760498047
274414,normal,420,0,1782361842.5885136,0.002219676971435547
274415,normal,1334,1,1782361842.5905163,0.002002716064453125
274416,normal,186,0,1782361842.5922945,0.0017781257629394531
274417,normal,3111,1,1782361842.5945184,0.002223968505859375
274418,normal,1566,0,1782361842.5965126,0.0019941329956054688
274419,normal,2828,0,1782361842.5982976,0.0017850399017333984
274420,normal,157,0,1782361842.6004927,0.002195119857788086
274421,normal,3504,0,1782361842.6024852,0.001992464065551758
274422,normal,491,0,1782361842.604306,0.0018208026885986328
274423,normal,3658,0,1782361842.6065183,0.0022122859954833984
274424,normal,135,0,1782361842.6085143,0.0019960403442382812
274425,normal,552,0,1782361842.6102943,0.0017800331115722656
274426,normal,3061,1,1782361842.6125207,0.0022263526916503906
274427,normal,985,2,1782361842.6145127,0.0019919872283935547
274428,normal,3100,1,1782361842.6162932,0.0017805099487304688
274429,normal,3126,1,1782361842.6185248,0.002231597900390625
274430,normal,2904,0,1782361842.620523,0.0019981861114501953
274431,normal,1800,0,1782361842.6222954,0.0017724037170410156
274432,normal,1275,0,1782361842.6245255,0.0022301673889160156
274433,normal,3266,1,1782361842.6265116,0.0019860267639160156
274434,normal,465,0,1782361842.6282916,0.0017800331115722656
274435,normal,2069,0,1782361842.6305249,0.002233266830444336
274436,normal,241,0,1782361842.6325126,0.0019876956939697266
274437,normal,2463,0,1782361842.634294,0.001781463623046875
274438,normal,3629,0,1782361842.6365254,0.0022313594818115234
274439,normal,2611,0,1782361842.6385126,0.0019872188568115234
274440,normal,3196,1,1782361842.640294,0.001781463623046875
274441,normal,2176,0,1782361842.6423416,0.0020475387573242188
274442,normal,853,2,1782361842.6445062,0.002164602279663086
274443,normal,2322,0,1782361842.646295,0.0017888545989990234
274444,normal,2066,0,1782361842.648524,0.002228975296020508
274445,normal,345,0,1782361842.6505089,0.001984834671020508
274446,normal,2127,0,1782361842.6522973,0.0017883777618408203
274447,normal,1269,0,1782361842.6545238,0.002226591110229492
274448,normal,2499,0,1782361842.6565087,0.001984834671020508
274449,normal,3131,1,1782361842.6582944,0.0017857551574707031
274450,normal,2588,0,1782361842.660525,0.0022306442260742188
274451,normal,2369,0,1782361842.6625175,0.001992464065551758
274452,normal,1365,1,1782361842.6642945,0.0017769336700439453
274453,normal,2126,0,1782361842.6664126,0.0021181106567382812
274454,normal,918,2,1782361842.6685042,0.002091646194458008
274455,normal,572,0,1782361842.67032,0.0018157958984375
274456,normal,1607,0,1782361842.6725228,0.002202749252319336
274457,normal,1488,0,1782361842.6744883,0.0019655227661132812
274458,normal,2689,0,1782361842.676317,0.0018286705017089844
274459,normal,2710,0,1782361842.678519,0.0022020339965820312
274460,normal,3381,1,1782361842.6804998,0.0019807815551757812
274461,normal,3518,0,1782361842.6822941,0.0017943382263183594
274462,normal,2420,0,1782361842.6845257,0.002231597900390625
274463,normal,2621,0,1782361842.686516,0.0019903182983398438
274464,normal,470,0,1782361842.6882973,0.0017812252044677734
274465,normal,1140,0,1782361842.690536,0.002238750457763672
274466,normal,1097,0,1782361842.6923716,0.0018355846405029297
274467,normal,90,0,1782361842.6944456,0.002074003219604492
274468,normal,2007,0,1782361842.6963441,0.0018985271453857422
274469,normal,1817,0,1782361842.6985044,0.002160310745239258
274470,normal,2131,0,1782361842.7002726,0.0017681121826171875
274471,normal,2665,0,1782361842.7025125,0.0022399425506591797
274472,normal,1422,0,1782361842.7045174,0.002004861831665039
274473,normal,180,0,1782361842.706293,0.0017757415771484375
274474,normal,1851,0,1782361842.7085204,0.002227306365966797
274475,normal,339,0,1782361842.7105024,0.001981973648071289
274476,normal,2633,0,1782361842.7122958,0.0017933845520019531
274477,normal,560,0,1782361842.7145257,0.002229928970336914
274478,normal,510,0,1782361842.7165344,0.002008676528930664
274479,normal,2601,0,1782361842.718299,0.001764535903930664
274480,normal,2102,0,1782361842.720522,0.0022230148315429688
274481,normal,1105,0,1782361842.722502,0.0019800662994384766
274482,normal,1262,0,1782361842.724295,0.00179290771484375
274483,normal,1586,0,1782361842.7265205,0.002225637435913086
274484,normal,3311,1,1782361842.7285013,0.0019807815551757812
274485,normal,75,0,1782361842.7302961,0.0017948150634765625
274486,normal,2006,0,1782361842.7325244,0.002228260040283203
274487,normal,710,0,1782361842.7345026,0.001978158950805664
274488,normal,2651,0,1782361842.736293,0.0017905235290527344
274489,normal,3062,1,1782361842.7385244,0.0022313594818115234
274490,normal,1447,0,1782361842.7405016,0.001977205276489258
274491,normal,1528,0,1782361842.7422953,0.0017936229705810547
274492,normal,3471,0,1782361842.7445252,0.002229928970336914
274493,normal,447,0,1782361842.7464976,0.0019724369049072266
274494,normal,966,2,1782361842.7482936,0.0017960071563720703
274495,normal,3636,0,1782361842.7505255,0.0022318363189697266
274496,normal,2816,0,1782361842.7523334,0.0018079280853271484
274497,normal,2160,0,1782361842.7544527,0.002119302749633789
274498,normal,3380,1,1782361842.7563462,0.0018935203552246094
274499,normal,1727,0,1782361842.758484,0.0021376609802246094
274500,normal,2530,0,1782361842.7602944,0.0018105506896972656
274501,normal,2910,0,1782361842.7624571,0.0021626949310302734
274502,normal,833,2,1782361842.7644887,0.002031564712524414
274503,normal,3139,1,1782361842.7662952,0.001806497573852539
274504,normal,1377,1,1782361842.7683082,0.002012968063354492
274505,normal,2874,0,1782361842.770485,0.0021767616271972656
274506,normal,2232,0,1782361842.772294,0.0018091201782226562
274507,normal,1982,0,1782361842.7744582,0.002164125442504883
274508,normal,2342,0,1782361842.7764883,0.0020301342010498047
274509,normal,2411,0,1782361842.778293,0.0018045902252197266
274510,normal,2862,0,1782361842.7804635,0.002170562744140625
274511,normal,457,0,1782361842.7824857,0.002022266387939453
274512,normal,3572,0,1782361842.7842937,0.0018079280853271484
274513,normal,3497,0,1782361842.7864652,0.0021715164184570312
274514,normal,2212,0,1782361842.788455,0.0019898414611816406
274515,normal,706,0,1782361842.7903068,0.001851797103881836
274516,normal,3225,1,1782361842.792461,0.002154111862182617
274517,normal,1372,1,1782361842.7944877,0.002026796340942383
274518,normal,1820,0,1782361842.7963216,0.0018339157104492188
274519,normal,3276,1,1782361842.798506,0.0021843910217285156
274520,normal,1914,0,1782361842.8005064,0.0020003318786621094
274521,normal,2464,0,1782361842.802297,0.001790761947631836
274522,normal,1956,0,1782361842.8044717,0.0021746158599853516
274523,normal,2817,0,1782361842.806489,0.0020172595977783203
274524,normal,1298,0,1782361842.8082936,0.0018045902252197266
274525,normal,291,0,1782361842.8104784,0.0021848678588867188
274526,normal,1414,0,1782361842.8124945,0.0020160675048828125
274527,normal,2134,0,1782361842.814293,0.001798391342163086
274528,normal,92,0,1782361842.8164763,0.0021834373474121094
274529,normal,3197,1,1782361842.8185117,0.002035379409790039
274530,normal,335,0,1782361842.8203144,0.001802682876586914
274531,normal,399,0,1782361842.8225095,0.002195119857788086
274532,normal,1729,0,1782361842.824507,0.0019974708557128906
274533,normal,1456,0,1782361842.8262937,0.0017867088317871094
274534,normal,1850,0,1782361842.8285148,0.0022211074829101562
274535,normal,1385,0,1782361842.8305025,0.0019876956939697266
274536,normal,1231,0,1782361842.8322985,0.0017960071563720703
274537,normal,986,2,1782361842.8345158,0.0022172927856445312
274538,normal,1872,0,1782361842.8365026,0.0019867420196533203
274539,normal,3200,1,1782361842.8382928,0.0017902851104736328
274540,normal,524,0,1782361842.8405175,0.0022246837615966797
274541,normal,1864,0,1782361842.842468,0.0019505023956298828
274542,normal,1572,0,1782361842.8442924,0.0018243789672851562
274543,normal,2106,0,1782361842.8465228,0.002230405807495117
274544,normal,2228,0,1782361842.8485076,0.001984834671020508
274545,normal,3272,1,1782361842.8502946,0.001786947250366211
274546,normal,3014,0,1782361842.8525212,0.002226591110229492
274547,normal,283,0,1782361842.8544872,0.0019659996032714844
274548,normal,1717,0,1782361842.856293,0.0018057823181152344
274549,normal,1892,0,1782361842.858529,0.0022361278533935547
274550,normal,395,0,1782361842.860506,0.0019769668579101562
274551,normal,2983,0,1782361842.862294,0.0017879009246826172
274552,normal,3287,1,1782361842.8645298,0.002235889434814453
274553,normal,225,0,1782361842.8665082,0.0019783973693847656
274554,normal,3317,1,1782361842.8682952,0.001786947250366211
274555,normal,793,2,1782361842.8705323,0.002237081527709961
274556,normal,2469,0,1782361842.8725133,0.001981019973754883
274557,normal,544,0,1782361842.8742936,0.0017802715301513672
274558,normal,1433,0,1782361842.8765335,0.0022399425506591797
274559,normal,1909,0,1782361842.878501,0.0019674301147460938
274560,normal,34,0,1782361842.8802934,0.0017924308776855469
274561,normal,625,0,1782361842.8825371,0.0022437572479248047
274562,normal,3389,1,1782361842.8845015,0.0019643306732177734
274563,normal,3528,0,1782361842.8862927,0.001791238784790039
274564,normal,1527,0,1782361842.8885338,0.0022411346435546875
274565,normal,2125,0,1782361842.8904998,0.0019659996032714844
274566,normal,32,0,1782361842.8922935,0.0017936229705810547
274567,normal,177,0,1782361842.894352,0.0020585060119628906
274568,normal,2517,0,1782361842.8964813,0.0021293163299560547
274569,normal,1183,0,1782361842.8983052,0.0018239021301269531
274570,normal,2432,0,1782361842.9005356,0.002230405807495117
274571,normal,2064,0,1782361842.9025018,0.001966238021850586
274572,normal,1546,0,1782361842.9042952,0.0017933845520019531
274573,normal,909,2,1782361842.9065342,0.0022389888763427734
274574,normal,974,2,1782361842.9085002,0.0019659996032714844
274575,normal,1353,1,1782361842.9103308,0.0018305778503417969
274576,normal,382,0,1782361842.9125357,0.00220489501953125
274577,normal,3555,0,1782361842.9145012,0.0019655227661132812
274578,normal,2273,0,1782361842.9162934,0.0017921924591064453
274579,normal,2401,0,1782361842.918535,0.0022416114807128906
274580,normal,3434,0,1782361842.920513,0.0019779205322265625
274581,normal,3037,0,1782361842.9223008,0.0017879009246826172
274582,normal,2640,0,1782361842.9243531,0.00205230712890625
274583,normal,307,0,1782361842.9265056,0.0021524429321289062
274584,normal,2912,0,1782361842.928295,0.0017893314361572266
274585,normal,2430,0,1782361842.930534,0.0022389888763427734
274586,normal,211,0,1782361842.9324982,0.0019643306732177734
274587,normal,1521,0,1782361842.934294,0.0017957687377929688
274588,normal,1441,0,1782361842.936533,0.0022389888763427734
274589,normal,359,0,1782361842.938508,0.0019750595092773438
274590,normal,3132,1,1782361842.9402995,0.0017914772033691406
274591,normal,2581,0,1782361842.942535,0.00223541259765625
274592,normal,2646,0,1782361842.9443634,0.0018284320831298828
274593,normal,506,0,1782361842.9474955,0.0031321048736572266
274594,normal,2976,0,1782361842.9484043,0.0009088516235351562
274595,normal,2141,0,1782361842.9503381,0.0019338130950927734
274596,normal,2148,0,1782361842.9523375,0.001999378204345703
274597,normal,1274,0,1782361842.9543047,0.001967191696166992
274598,normal,601,0,1782361842.9565697,0.0022649765014648438
274599,normal,884,2,1782361842.9583352,0.0017654895782470703
274600,normal,1764,0,1782361842.9603343,0.0019991397857666016
274601,normal,519,0,1782361842.9625363,0.0022020339965820312
274602,normal,2294,0,1782361842.964331,0.001794576644897461
274603,normal,2992,0,1782361842.9663293,0.001998424530029297
274604,normal,1878,0,1782361842.9685457,0.002216339111328125
274605,normal,2243,0,1782361842.97033,0.0017843246459960938
274606,normal,1970,0,1782361842.9726198,0.0022897720336914062
274607,normal,1592,0,1782361842.97433,0.0017101764678955078
274608,normal,682,0,1782361842.9763265,0.0019965171813964844
274609,normal,409,0,1782361842.978619,0.002292633056640625
274610,normal,1557,0,1782361842.9803295,0.0017104148864746094
274611,normal,1890,0,1782361842.9823272,0.001997709274291992
274612,normal,440,0,1782361842.9845917,0.0022644996643066406
274613,normal,1662,0,1782361842.9865375,0.0019457340240478516
274614,normal,1064,0,1782361842.9883678,0.0018303394317626953
274615,normal,2576,0,1782361842.9908974,0.002529621124267578
274616,normal,1277,0,1782361842.9924242,0.0015268325805664062
274617,normal,229,0,1782361842.9946942,0.0022699832916259766
274618,normal,2750,0,1782361842.996365,0.00167083740234375
274619,normal,2719,0,1782361842.9987118,0.0023467540740966797
274620,normal,579,0,1782361843.0003588,0.0016469955444335938
274621,normal,2120,0,1782361843.0025148,0.0021560192108154297
274622,normal,1579,0,1782361843.0047145,0.0021996498107910156
274623,normal,3261,1,1782361843.0063965,0.0016820430755615234
274624,normal,2162,0,1782361843.008727,0.0023305416107177734
274625,normal,928,2,1782361843.0105085,0.001781463623046875
274626,normal,2143,0,1782361843.012513,0.002004384994506836
274627,normal,2005,0,1782361843.014559,0.0020461082458496094
274628,normal,3170,1,1782361843.0166993,0.0021402835845947266
274629,normal,739,0,1782361843.0183783,0.0016789436340332031
274630,normal,310,0,1782361843.020358,0.001979827880859375
274631,normal,2942,0,1782361843.0225387,0.0021805763244628906
274632,normal,1985,0,1782361843.0243251,0.0017864704132080078
274633,normal,2733,0,1782361843.0265346,0.0022094249725341797
274634,normal,1010,2,1782361843.0285397,0.0020051002502441406
274635,normal,3156,1,1782361843.0303235,0.0017838478088378906
274636,normal,1861,0,1782361843.0325112,0.0021877288818359375
274637,normal,768,0,1782361843.0345063,0.001995086669921875
274638,normal,2592,0,1782361843.036327,0.0018205642700195312
274639,normal,2552,0,1782361843.0385413,0.0022144317626953125
274640,normal,634,0,1782361843.0403805,0.0018391609191894531
274641,normal,712,0,1782361843.042482,0.002101421356201172
274642,normal,788,2,1782361843.0443225,0.0018405914306640625
274643,normal,830,2,1782361843.046523,0.002200603485107422
274644,normal,482,0,1782361843.0483243,0.0018012523651123047
274645,normal,2466,0,1782361843.0505087,0.0021843910217285156
274646,normal,1676,0,1782361843.0525107,0.0020020008087158203
274647,normal,2558,0,1782361843.0543277,0.0018169879913330078
274648,normal,1948,0,1782361843.0565128,0.0021851062774658203
274649,normal,1174,0,1782361843.058513,0.002000093460083008
274650,normal,1135,0,1782361843.0603497,0.0018367767333984375
274651,normal,2231,0,1782361843.062477,0.002127408981323242
274652,normal,738,0,1782361843.0645182,0.0020411014556884766
274653,normal,3073,1,1782361843.0663297,0.0018115043640136719
274654,normal,2897,0,1782361843.068331,0.0020012855529785156
274655,normal,1955,0,1782361843.0705373,0.0022063255310058594
274656,normal,316,0,1782361843.072324,0.0017867088317871094
274657,normal,977,2,1782361843.0745192,0.002195119857788086
274658,normal,2865,0,1782361843.0765305,0.0020112991333007812
274659,normal,221,0,1782361843.0783246,0.0017940998077392578
274660,normal,2888,0,1782361843.0805242,0.0021996498107910156
274661,normal,3084,1,1782361843.0825286,0.002004384994506836
274662,normal,2838,0,1782361843.0843487,0.0018200874328613281
274663,normal,2382,0,1782361843.08634,0.00199127197265625
274664,normal,1508,0,1782361843.0885415,0.002201557159423828
274665,normal,3271,1,1782361843.0903237,0.0017821788787841797
274666,normal,1437,0,1782361843.0925272,0.0022034645080566406
274667,normal,863,2,1782361843.094525,0.0019979476928710938
274668,normal,806,2,1782361843.0963237,0.0017986297607421875
274669,normal,2681,0,1782361843.0985322,0.0022084712982177734
274670,normal,845,2,1782361843.1003804,0.0018482208251953125
274671,normal,3036,0,1782361843.102477,0.0020966529846191406
274672,normal,2491,0,1782361843.1043487,0.0018715858459472656
274673,normal,3203,1,1782361843.106539,0.0021903514862060547
274674,normal,2532,0,1782361843.1083229,0.0017838478088378906
274675,normal,469,0,1782361843.1105325,0.0022096633911132812
274676,normal,1829,0,1782361843.1123757,0.0018432140350341797
274677,normal,1076,0,1782361843.11449,0.0021142959594726562
274678,normal,2736,0,1782361843.1163585,0.0018684864044189453
274679,normal,689,0,1782361843.1185102,0.0021517276763916016
274680,normal,1784,0,1782361843.1203232,0.0018129348754882812
274681,normal,1601,0,1782361843.1225402,0.0022170543670654297
274682,normal,3557,0,1782361843.1243753,0.0018351078033447266
274683,normal,3223,1,1782361843.1264844,0.002109050750732422
274684,normal,393,0,1782361843.1283565,0.0018720626831054688
274685,normal,1903,0,1782361843.1305287,0.002172231674194336
274686,normal,836,2,1782361843.132347,0.0018184185028076172
274687,normal,3096,1,1782361843.1343608,0.002013683319091797
274688,normal,242,0,1782361843.136545,0.002184152603149414
274689,normal,3696,0,1782361843.1383255,0.0017805099487304688
274690,normal,2037,0,1782361843.1405113,0.002185821533203125
274691,normal,3213,1,1782361843.1425247,0.0020134449005126953
274692,normal,1589,0,1782361843.1443377,0.0018129348754882812
274693,normal,1990,0,1782361843.1465461,0.0022084712982177734
274694,normal,3503,0,1782361843.1483753,0.0018291473388671875
274695,normal,1024,2,1782361843.1505084,0.0021331310272216797
274696,normal,921,2,1782361843.1523612,0.0018527507781982422
274697,normal,2444,0,1782361843.15435,0.0019888877868652344
274698,normal,3631,0,1782361843.1564906,0.002140522003173828
274699,normal,1737,0,1782361843.1583607,0.0018701553344726562
274700,normal,2809,0,1782361843.1605222,0.0021615028381347656
274701,normal,2217,0,1782361843.162327,0.0018048286437988281
274702,normal,2434,0,1782361843.1645477,0.002220630645751953
274703,normal,329,0,1782361843.1663744,0.0018267631530761719
274704,normal,1096,0,1782361843.1684792,0.0021047592163085938
274705,normal,2429,0,1782361843.1703618,0.0018825531005859375
274706,normal,1605,0,1782361843.1725292,0.0021674633026123047
274707,normal,57,0,1782361843.1744926,0.001963376998901367
274708,normal,2275,0,1782361843.1763723,0.0018796920776367188
274709,normal,1555,0,1782361843.1786559,0.0022835731506347656
274710,normal,1905,0,1782361843.1803606,0.0017046928405761719
274711,normal,3606,0,1782361843.182545,0.0021843910217285156
274712,normal,1302,0,1782361843.1847134,0.002168416976928711
274713,normal,2088,0,1782361843.18636,0.0016465187072753906
274714,normal,1735,0,1782361843.18873,0.002370119094848633
274715,normal,1744,0,1782361843.1905015,0.0017714500427246094
274716,normal,3391,1,1782361843.1925156,0.00201416015625
274717,normal,2132,0,1782361843.194435,0.0019192695617675781
274718,normal,569,0,1782361843.1965165,0.002081632614135742
274719,normal,1748,0,1782361843.1983476,0.0018310546875
274720,normal,2868,0,1782361843.2003639,0.002016305923461914
274721,normal,908,2,1782361843.2027278,0.002363920211791992
274722,normal,2508,0,1782361843.204337,0.0016090869903564453
274723,normal,3594,0,1782361843.2065203,0.0021834373474121094
274724,normal,1857,0,1782361843.208561,0.0020406246185302734
274725,normal,474,0,1782361843.2103574,0.0017964839935302734
274726,normal,58,0,1782361843.2125182,0.002160787582397461
274727,normal,697,0,1782361843.2144291,0.0019109249114990234
274728,normal,3161,1,1782361843.2163577,0.001928567886352539
274729,normal,1479,0,1782361843.218328,0.0019702911376953125
274730,normal,1284,0,1782361843.2206488,0.0023207664489746094
274731,normal,1235,0,1782361843.2223325,0.0016837120056152344
274732,normal,396,0,1782361843.2244766,0.0021440982818603516
274733,normal,798,2,1782361843.226485,0.0020084381103515625
274734,normal,1603,0,1782361843.228326,0.0018410682678222656
274735,normal,3519,0,1782361843.2303174,0.00199127197265625
274736,normal,3645,0,1782361843.2326415,0.0023241043090820312
274737,normal,2330,0,1782361843.2343516,0.0017101764678955078
274738,normal,748,0,1782361843.2364008,0.0020492076873779297
274739,normal,1289,0,1782361843.2385392,0.002138376235961914
274740,normal,2671,0,1782361843.24031,0.0017707347869873047
274741,normal,1337,1,1782361843.242306,0.0019960403442382812
274742,normal,707,0,1782361843.244333,0.0020270347595214844
274743,normal,3312,1,1782361843.2462783,0.0019452571868896484
274744,normal,2507,0,1782361843.2482963,0.002017974853515625
274745,normal,2475,0,1782361843.2503312,0.002034902572631836
274746,normal,990,2,1782361843.2522757,0.0019445419311523438
274747,normal,946,2,1782361843.254296,0.0020203590393066406
274748,normal,3468,0,1782361843.256331,0.002034902572631836
274749,normal,2234,0,1782361843.2582755,0.0019445419311523438
274750,normal,2082,0,1782361843.260297,0.0020215511322021484
274751,normal,3691,0,1782361843.2623374,0.002040386199951172
274752,normal,587,0,1782361843.2642744,0.0019369125366210938
274753,normal,2638,0,1782361843.2662969,0.0020225048065185547
274754,normal,2605,0,1782361843.2683246,0.002027750015258789
274755,normal,3584,0,1782361843.270277,0.0019524097442626953
274756,normal,3063,1,1782361843.2722971,0.002020120620727539
274757,normal,1258,0,1782361843.27433,0.002032756805419922
274758,normal,3514,0,1782361843.276277,0.001947164535522461
274759,normal,2787,0,1782361843.2782977,0.002020597457885742
274760,normal,3634,0,1782361843.28033,0.0020322799682617188
274761,normal,3665,0,1782361843.2822764,0.0019464492797851562
274762,normal,1614,0,1782361843.2842953,0.0020189285278320312
274763,normal,2452,0,1782361843.2863266,0.0020313262939453125
274764,normal,279,0,1782361843.288275,0.0019483566284179688
274765,normal,3378,1,1782361843.2902968,0.00202178955078125
274766,normal,1473,0,1782361843.2923305,0.002033710479736328
274767,normal,742,0,1782361843.2942758,0.0019452571868896484
274768,normal,213,0,1782361843.29631,0.0020341873168945312
274769,normal,2184,0,1782361843.2983298,0.0020198822021484375
274770,normal,1821,0,1782361843.3002849,0.0019550323486328125
274771,normal,3194,1,1782361843.3022969,0.002012014389038086
274772,normal,864,2,1782361843.3043294,0.0020325183868408203
274773,normal,239,0,1782361843.3062747,0.0019452571868896484
274774,normal,598,0,1782361843.3082955,0.0020208358764648438
274775,normal,273,0,1782361843.3103328,0.0020372867584228516
274776,normal,2203,0,1782361843.3122747,0.0019419193267822266
274777,normal,1596,0,1782361843.3142955,0.0020208358764648438
274778,normal,3246,1,1782361843.3163311,0.0020356178283691406
274779,normal,243,0,1782361843.318275,0.001943826675415039
274780,normal,732,0,1782361843.3203182,0.0020432472229003906
274781,normal,3530,0,1782361843.322337,0.0020186901092529297
274782,normal,726,0,1782361843.324275,0.0019381046295166016
274783,normal,29,0,1782361843.3262968,0.00202178955078125
274784,normal,407,0,1782361843.328342,0.002045154571533203
274785,normal,1120,0,1782361843.3302882,0.0019462108612060547
274786,normal,1387,0,1782361843.3322964,0.002008199691772461
274787,normal,2716,0,1782361843.334329,0.0020325183868408203
274788,normal,1286,0,1782361843.3362772,0.0019483566284179688
274789,normal,73,0,1782361843.338298,0.0020208358764648438
274790,normal,3279,1,1782361843.3403375,0.0020394325256347656
274791,normal,2076,0,1782361843.3422754,0.0019378662109375
274792,normal,41,0,1782361843.344295,0.002019643783569336
274793,normal,667,0,1782361843.3463302,0.0020351409912109375
274794,normal,2068,0,1782361843.3482864,0.0019562244415283203
274795,normal,1393,0,1782361843.3503413,0.002054929733276367
274796,normal,617,0,1782361843.3523357,0.0019943714141845703
274797,normal,2853,0,1782361843.354289,0.0019533634185791016
274798,normal,3495,0,1782361843.356275,0.0019860267639160156
274799,normal,2903,0,1782361843.3583066,0.002031564712524414
274800,normal,2990,0,1782361843.3602593,0.0019526481628417969
274801,normal,1786,0,1782361843.3622916,0.0020322799682617188
274802,normal,2433,0,1782361843.364309,0.002017498016357422
274803,normal,1730,0,1782361843.3662589,0.0019497871398925781
274804,normal,1067,0,1782361843.3683312,0.0020723342895507812
274805,normal,3345,1,1782361843.3703063,0.0019750595092773438
274806,normal,1780,0,1782361843.3722942,0.001987934112548828
274807,normal,2641,0,1782361843.374293,0.0019989013671875
274808,normal,145,0,1782361843.3763077,0.002014636993408203
274809,normal,995,2,1782361843.3782637,0.0019559860229492188
274810,normal,10,0,1782361843.3802917,0.0020279884338378906
274811,normal,514,0,1782361843.382308,0.002016305923461914
274812,normal,0,0,1782361843.3842564,0.0019483566284179688
274813,normal,1653,0,1782361843.3862953,0.0020389556884765625
274814,normal,1856,0,1782361843.3883185,0.0020232200622558594
274815,normal,1383,0,1782361843.390377,0.0020585060119628906
274816,normal,2725,0,1782361843.3922937,0.001916646957397461
274817,normal,2386,0,1782361843.3943071,0.0020134449005126953
274818,normal,125,0,1782361843.3962905,0.0019834041595458984
274819,normal,1355,1,1782361843.3982785,0.001987934112548828
274820,normal,103,0,1782361843.4003065,0.0020279884338378906
274821,normal,1741,0,1782361843.4022906,0.001984119415283203
274822,normal,3461,0,1782361843.4042785,0.001987934112548828
274823,normal,662,0,1782361843.4063103,0.0020318031311035156
274824,normal,2925,0,1782361843.4082582,0.0019478797912597656
274825,normal,2449,0,1782361843.4102764,0.0020182132720947266
274826,normal,3007,0,1782361843.4123013,0.0020248889923095703
274827,normal,1271,0,1782361843.4142563,0.0019550323486328125
274828,normal,2597,0,1782361843.4162855,0.0020291805267333984
274829,normal,2944,0,1782361843.4183135,0.0020279884338378906
274830,normal,967,2,1782361843.4202604,0.0019469261169433594
274831,normal,2375,0,1782361843.4222784,0.002017974853515625
274832,normal,1160,0,1782361843.4243052,0.002026796340942383
274833,normal,1041,0,1782361843.426259,0.0019538402557373047
274834,normal,2393,0,1782361843.4282787,0.002019643783569336
274835,normal,3147,1,1782361843.4303071,0.0020284652709960938
274836,normal,3099,1,1782361843.4322588,0.0019516944885253906
274837,normal,1031,0,1782361843.4342809,0.0020220279693603516
274838,normal,790,2,1782361843.436305,0.0020241737365722656
274839,normal,4,0,1782361843.4382622,0.0019571781158447266
274840,normal,3398,1,1782361843.440277,0.0020148754119873047
274841,normal,2998,0,1782361843.4423075,0.0020303726196289062
274842,normal,2972,0,1782361843.4442677,0.001960277557373047
274843,normal,2755,0,1782361843.4462762,0.0020084381103515625
274844,normal,2769,0,1782361843.4483054,0.0020291805267333984
274845,normal,1256,0,1782361843.4503047,0.001999378204345703
274846,normal,2655,0,1782361843.4522786,0.001973867416381836
274847,normal,2612,0,1782361843.4543056,0.0020270347595214844
274848,normal,2439,0,1782361843.45628,0.001974344253540039
274849,normal,1242,0,1782361843.4583032,0.0020232200622558594
274850,normal,2608,0,1782361843.4603093,0.002006053924560547
274851,normal,49,0,1782361843.462269,0.0019598007202148438
274852,normal,501,0,1782361843.4642813,0.0020122528076171875
274853,normal,1332,1,1782361843.4663072,0.0020258426666259766
274854,normal,3121,1,1782361843.46827,0.001962900161743164
274855,normal,885,2,1782361843.4702766,0.00200653076171875
274856,normal,1580,0,1782361843.4723072,0.002030611038208008
274857,normal,3516,0,1782361843.4742692,0.001961946487426758
274858,normal,791,2,1782361843.4762733,0.0020041465759277344
274859,normal,477,0,1782361843.4783106,0.0020372867584228516
274860,normal,23,0,1782361843.4802716,0.0019609928131103516
274861,normal,1245,0,1782361843.4822817,0.0020101070404052734
274862,normal,1646,0,1782361843.4843106,0.002028942108154297
274863,normal,233,0,1782361843.4862766,0.0019659996032714844
274864,normal,2210,0,1782361843.4882824,0.0020058155059814453
274865,normal,526,0,1782361843.4903073,0.0020248889923095703
274866,normal,570,0,1782361843.4922729,0.0019655227661132812
274867,normal,270,0,1782361843.4942799,0.002007007598876953
274868,normal,825,2,1782361843.4963167,0.0020368099212646484
274869,normal,2018,0,1782361843.498278,0.001961231231689453
274870,normal,2739,0,1782361843.5002804,0.0020024776458740234
274871,normal,2751,0,1782361843.5023122,0.0020318031311035156
274872,normal,3507,0,1782361843.504274,0.0019617080688476562
274873,normal,1567,0,1782361843.5062823,0.0020084381103515625
274874,normal,460,0,1782361843.5083108,0.0020284652709960938
274875,normal,337,0,1782361843.510259,0.0019481182098388672
274876,normal,2547,0,1782361843.5122821,0.0020232200622558594
274877,normal,2298,0,1782361843.5143106,0.0020284652709960938
274878,normal,1303,0,1782361843.5162604,0.0019497871398925781
274879,normal,2136,0,1782361843.518283,0.0020225048065185547
274880,normal,1538,0,1782361843.5203085,0.002025604248046875
274881,normal,3141,1,1782361843.5222604,0.0019519329071044922
274882,normal,2791,0,1782361843.5242808,0.0020203590393066406
274883,normal,1327,1,1782361843.5263085,0.002027750015258789
274884,normal,1226,0,1782361843.5282948,0.001986265182495117
274885,normal,1795,0,1782361843.5302815,0.0019867420196533203
274886,normal,2379,0,1782361843.5323079,0.0020263195037841797
274887,normal,2374,0,1782361843.5342667,0.0019588470458984375
274888,normal,1886,0,1782361843.536281,0.0020143985748291016
274889,normal,3586,0,1782361843.538309,0.0020279884338378906
274890,normal,1431,0,1782361843.540262,0.0019528865814208984
274891,normal,1805,0,1782361843.5422864,0.002024412155151367
274892,normal,720,0,1782361843.5443044,0.002017974853515625
274893,normal,1163,0,1782361843.5474896,0.003185272216796875
274894,normal,958,2,1782361843.548325,0.000835418701171875
274895,normal,3554,0,1782361843.550351,0.0020258426666259766
274896,normal,2613,0,1782361843.5523174,0.0019664764404296875
274897,normal,1162,0,1782361843.5544875,0.002170085906982422
274898,normal,1141,0,1782361843.556479,0.0019915103912353516
274899,normal,731,0,1782361843.5583124,0.0018334388732910156
274900,normal,2880,0,1782361843.5604901,0.002177715301513672
274901,normal,3290,1,1782361843.5624757,0.0019855499267578125
274902,normal,3284,1,1782361843.5643144,0.00183868408203125
274903,normal,3564,0,1782361843.5663333,0.0020189285278320312
274904,normal,3337,1,1782361843.5684733,0.002140045166015625
274905,normal,2345,0,1782361843.570313,0.0018396377563476562
274906,normal,3649,0,1782361843.5724866,0.0021736621856689453
274907,normal,2284,0,1782361843.574485,0.001998424530029297
274908,normal,2899,0,1782361843.5763135,0.0018284320831298828
274909,normal,1293,0,1782361843.5784953,0.0021817684173583984
274910,normal,2930,0,1782361843.5803196,0.0018243789672851562
274911,normal,2957,0,1782361843.582315,0.0019953250885009766
274912,normal,3316,1,1782361843.5843396,0.0020246505737304688
274913,normal,1459,0,1782361843.5864756,0.0021359920501708984
274914,normal,1553,0,1782361843.5883121,0.001836538314819336
274915,normal,311,0,1782361843.5905073,0.002195119857788086
274916,normal,1497,0,1782361843.5924885,0.0019812583923339844
274917,normal,3066,1,1782361843.594313,0.0018243789672851562
274918,normal,2996,0,1782361843.5963333,0.0020203590393066406
274919,normal,3567,0,1782361843.598487,0.002153635025024414
274920,normal,1043,0,1782361843.6003122,0.0018253326416015625
274921,normal,1126,0,1782361843.6025107,0.002198457717895508
274922,normal,603,0,1782361843.604511,0.0020003318786621094
274923,normal,1033,0,1782361843.6063144,0.0018033981323242188
274924,normal,3086,1,1782361843.6084993,0.0021848678588867188
274925,normal,3418,0,1782361843.610482,0.0019826889038085938
274926,normal,2980,0,1782361843.6123178,0.0018358230590820312
274927,normal,2331,0,1782361843.6143618,0.0020439624786376953
274928,normal,3329,1,1782361843.6164854,0.002123594284057617
274929,normal,2771,0,1782361843.6183138,0.0018284320831298828
274930,normal,961,2,1782361843.620517,0.002203226089477539
274931,normal,2687,0,1782361843.6225092,0.0019922256469726562
274932,normal,1791,0,1782361843.6243136,0.001804351806640625
274933,normal,2848,0,1782361843.6265209,0.0022072792053222656
274934,normal,2956,0,1782361843.628489,0.0019681453704833984
274935,normal,3614,0,1782361843.6303134,0.0018243789672851562
274936,normal,158,0,1782361843.6325219,0.0022084712982177734
274937,normal,381,0,1782361843.6344864,0.001964569091796875
274938,normal,485,0,1782361843.6363137,0.001827239990234375
274939,normal,71,0,1782361843.6384919,0.002178192138671875
274940,normal,3236,1,1782361843.6404915,0.0019996166229248047
274941,normal,2192,0,1782361843.6423147,0.0018231868743896484
274942,normal,118,0,1782361843.6444917,0.002177000045776367
274943,normal,2549,0,1782361843.6464896,0.0019979476928710938
274944,normal,3115,1,1782361843.6483147,0.001825094223022461
274945,normal,2954,0,1782361843.6505306,0.002215862274169922
274946,normal,2889,0,1782361843.6525023,0.001971721649169922
274947,normal,109,0,1782361843.654312,0.0018095970153808594
274948,normal,3249,1,1782361843.6565664,0.002254486083984375
274949,normal,3625,0,1782361843.6584876,0.0019211769104003906
274950,normal,366,0,1782361843.6603143,0.0018267631530761719
274951,normal,765,0,1782361843.6624897,0.0021753311157226562
274952,normal,232,0,1782361843.664489,0.001999378204345703
274953,normal,2180,0,1782361843.6663132,0.0018241405487060547
274954,normal,2514,0,1782361843.668487,0.002173900604248047
274955,normal,43,0,1782361843.6704879,0.0020008087158203125
274956,normal,1007,2,1782361843.6723125,0.0018246173858642578
274957,normal,3566,0,1782361843.6744869,0.00217437744140625
274958,normal,278,0,1782361843.676496,0.002009153366088867
274959,normal,561,0,1782361843.6783116,0.0018155574798583984
274960,normal,1009,2,1782361843.6804867,0.0021750926971435547
274961,normal,2659,0,1782361843.6824825,0.0019958019256591797
274962,normal,904,2,1782361843.6843114,0.001828908920288086
274963,normal,3394,1,1782361843.6864872,0.0021758079528808594
274964,normal,1021,2,1782361843.6884968,0.0020096302032470703
274965,normal,1899,0,1782361843.6903186,0.001821756362915039
274966,normal,1299,0,1782361843.692508,0.0021893978118896484
274967,normal,1339,1,1782361843.69449,0.001981973648071289
274968,normal,879,2,1782361843.696314,0.0018241405487060547
274969,normal,2313,0,1782361843.698492,0.0021779537200927734
274970,normal,1548,0,1782361843.7004924,0.0020003318786621094
274971,normal,2753,0,1782361843.7023153,0.0018229484558105469
274972,normal,2318,0,1782361843.7044954,0.0021800994873046875
274973,normal,2860,0,1782361843.706496,0.002000570297241211
274974,normal,3613,0,1782361843.708315,0.0018188953399658203
274975,normal,2053,0,1782361843.710488,0.002173185348510742
274976,normal,2566,0,1782361843.7124968,0.002008676528930664
274977,normal,139,0,1782361843.714316,0.0018191337585449219
274978,normal,1227,0,1782361843.716487,0.002171039581298828
274979,normal,1472,0,1782361843.7184894,0.0020024776458740234
274980,normal,2770,0,1782361843.7203126,0.0018231868743896484
274981,normal,945,2,1782361843.7224863,0.0021736621856689453
274982,normal,2233,0,1782361843.7244859,0.0019996166229248047
274983,normal,757,0,1782361843.726314,0.0018281936645507812
274984,normal,1570,0,1782361843.7284873,0.002173185348510742
274985,normal,1600,0,1782361843.7304964,0.002009153366088867
274986,normal,2775,0,1782361843.732315,0.0018186569213867188
274987,normal,727,0,1782361843.7344902,0.0021750926971435547
274988,normal,1374,1,1782361843.7364874,0.001997232437133789
274989,normal,3600,0,1782361843.738313,0.001825571060180664
274990,normal,2458,0,1782361843.7404854,0.0021724700927734375
274991,normal,3593,0,1782361843.742488,0.0020024776458740234
274992,normal,3075,1,1782361843.744312,0.0018241405487060547
274993,normal,1042,0,1782361843.7464883,0.0021762847900390625
274994,normal,2252,0,1782361843.748499,0.0020105838775634766
274995,normal,1223,0,1782361843.7503142,0.0018153190612792969
274996,normal,3238,1,1782361843.7524936,0.002179384231567383
274997,normal,3565,0,1782361843.7544892,0.001995563507080078
274998,normal,187,0,1782361843.7563145,0.0018253326416015625
274999,normal,3623,0,1782361843.75849,0.002175569534301758
275000,normal,1292,0,1782361843.760492,0.0020020008087158203
275001,normal,1975,0,1782361843.7623134,0.001821279525756836
275002,normal,1445,0,1782361843.76449,0.002176523208618164
275003,normal,148,0,1782361843.766528,0.0020380020141601562
275004,normal,453,0,1782361843.7683203,0.0017924308776855469
275005,normal,112,0,1782361843.7704868,0.0021665096282958984
275006,normal,856,2,1782361843.7724893,0.0020024776458740234
275007,normal,2703,0,1782361843.774314,0.0018246173858642578
275008,normal,2658,0,1782361843.776493,0.0021791458129882812
275009,normal,1029,2,1782361843.7784967,0.0020036697387695312
275010,normal,855,2,1782361843.7803135,0.0018167495727539062
275011,normal,1000,2,1782361843.7824867,0.002173185348510742
275012,normal,703,0,1782361843.7844877,0.002001047134399414
275013,normal,1936,0,1782361843.7863133,0.001825571060180664
275014,normal,1719,0,1782361843.7884877,0.00217437744140625
275015,normal,2240,0,1782361843.7904902,0.0020024776458740234
275016,normal,3174,1,1782361843.7923138,0.0018236637115478516
275017,normal,867,2,1782361843.7944877,0.002173900604248047
275018,normal,2694,0,1782361843.7964709,0.001983165740966797
275019,normal,2207,0,1782361843.798336,0.0018651485443115234
275020,normal,196,0,1782361843.8003747,0.002038717269897461
275021,normal,1283,0,1782361843.8024447,0.0020699501037597656
275022,normal,3232,1,1782361843.804333,0.001888275146484375
275023,normal,2575,0,1782361843.8063855,0.0020525455474853516
275024,normal,2123,0,1782361843.8084881,0.0021026134490966797
275025,normal,2834,0,1782361843.8103256,0.0018374919891357422
275026,normal,839,2,1782361843.8122983,0.001972675323486328
275027,normal,373,0,1782361843.8143425,0.002044200897216797
275028,normal,2218,0,1782361843.8162575,0.00191497802734375
275029,normal,641,0,1782361843.8182828,0.0020253658294677734
275030,normal,1285,0,1782361843.8203042,0.002021312713623047
275031,normal,2492,0,1782361843.822256,0.0019519329071044922
275032,normal,2337,0,1782361843.824275,0.0020189285278320312
275033,normal,840,2,1782361843.8263297,0.0020546913146972656
275034,normal,3209,1,1782361843.828254,0.001924276351928711
275035,normal,1011,2,1782361843.830282,0.0020279884338378906
275036,normal,3692,0,1782361843.832344,0.002062082290649414
275037,normal,1116,0,1782361843.8342557,0.0019116401672363281
275038,normal,730,0,1782361843.8362749,0.002019166946411133
275039,normal,331,0,1782361843.8383374,0.002062559127807617
275040,normal,3450,0,1782361843.8402605,0.0019230842590332031
275041,normal,656,0,1782361843.842282,0.0020215511322021484
275042,normal,473,0,1782361843.844289,0.002007007598876953
275043,normal,1072,0,1782361843.8462608,0.001971721649169922
275044,normal,2245,0,1782361843.8482728,0.002012014389038086
275045,normal,2254,0,1782361843.8503368,0.0020639896392822266
275046,normal,3336,1,1782361843.8522553,0.0019185543060302734
275047,normal,2599,0,1782361843.8542862,0.0020308494567871094
275048,normal,2370,0,1782361843.8564136,0.002127408981323242
275049,normal,616,0,1782361843.8582554,0.0018417835235595703
275050,normal,1564,0,1782361843.8602576,0.002002239227294922
275051,normal,2424,0,1782361843.8623378,0.002080202102661133
275052,normal,2543,0,1782361843.8642554,0.0019176006317138672
275053,normal,2402,0,1782361843.866282,0.0020265579223632812
275054,normal,897,2,1782361843.8682992,0.0020172595977783203
275055,normal,88,0,1782361843.870255,0.001955747604370117
275056,normal,996,2,1782361843.8722734,0.002018451690673828
275057,normal,746,0,1782361843.874332,0.0020585060119628906
275058,normal,1470,0,1782361843.8762534,0.0019214153289794922
275059,normal,2661,0,1782361843.8782728,0.0020194053649902344
275060,normal,1349,1,1782361843.880298,0.002025127410888672
275061,normal,1835,0,1782361843.8822558,0.0019578933715820312
275062,normal,1506,0,1782361843.884281,0.002025127410888672
275063,normal,3042,0,1782361843.8863394,0.0020585060119628906
275064,normal,162,0,1782361843.888255,0.0019154548645019531
275065,normal,2070,0,1782361843.8902733,0.002018451690673828
275066,normal,2397,0,1782361843.8923264,0.0020530223846435547
275067,normal,902,2,1782361843.8942528,0.001926422119140625
275068,normal,1584,0,1782361843.89628,0.002027273178100586
275069,normal,173,0,1782361843.8982995,0.0020194053649902344
275070,normal,2467,0,1782361843.9002545,0.0019550323486328125
275071,normal,220,0,1782361843.9022744,0.0020198822021484375
275072,normal,2445,0,1782361843.9043105,0.0020360946655273438
275073,normal,348,0,1782361843.9062552,0.0019447803497314453
275074,normal,2567,0,1782361843.9082716,0.002016305923461914
275075,normal,2014,0,1782361843.9102955,0.002023935317993164
275076,normal,3435,0,1782361843.9122567,0.001961231231689453
275077,normal,3158,1,1782361843.9142785,0.00202178955078125
275078,normal,557,0,1782361843.9163146,0.0020360946655273438
275079,normal,3574,0,1782361843.918255,0.0019404888153076172
275080,normal,1400,0,1782361843.920272,0.0020170211791992188
275081,normal,1655,0,1782361843.9223342,0.002062082290649414
275082,normal,2450,0,1782361843.9242582,0.0019240379333496094
275083,normal,3522,0,1782361843.9262815,0.0020232200622558594
275084,normal,2529,0,1782361843.9283054,0.002023935317993164
275085,normal,3118,1,1782361843.9302537,0.0019483566284179688
275086,normal,2727,0,1782361843.932272,0.0020182132720947266
275087,normal,3215,1,1782361843.934336,0.0020639896392822266
275088,normal,1495,0,1782361843.9362535,0.0019176006317138672
275089,normal,1937,0,1782361843.938282,0.0020284652709960938
275090,normal,3351,1,1782361843.9403,0.002017974853515625
275091,normal,1123,0,1782361843.9422545,0.0019545555114746094
275092,normal,1475,0,1782361843.9442728,0.0020182132720947266
275093,normal,481,0,1782361843.9462993,0.0020265579223632812
275094,normal,161,0,1782361843.9482558,0.001956462860107422
275095,normal,1511,0,1782361843.9503195,0.002063751220703125
275096,normal,725,0,1782361843.9523234,0.002003908157348633
275097,normal,3040,0,1782361843.9542792,0.001955747604370117
275098,normal,936,2,1782361843.956336,0.0020568370819091797
275099,normal,201,0,1782361843.9584935,0.002157449722290039
275100,normal,2531,0,1782361843.960357,0.0018634796142578125
275101,normal,1467,0,1782361843.962343,0.0019860267639160156
275102,normal,1107,0,1782361843.9645143,0.0021712779998779297
275103,normal,1822,0,1782361843.9663777,0.0018634796142578125
275104,normal,3581,0,1782361843.96839,0.0020122528076171875
275105,normal,952,2,1782361843.9705622,0.002172231674194336
275106,normal,2074,0,1782361843.9723654,0.0018031597137451172
275107,normal,1577,0,1782361843.9744072,0.0020418167114257812
275108,normal,2129,0,1782361843.9766426,0.00223541259765625
275109,normal,3030,0,1782361843.9783998,0.0017571449279785156
275110,normal,1006,2,1782361843.9804072,0.0020074844360351562
275111,normal,2092,0,1782361843.9827044,0.0022971630096435547
275112,normal,2920,0,1782361843.9843664,0.0016620159149169922
275113,normal,960,2,1782361843.9864028,0.0020363330841064453
275114,normal,3242,1,1782361843.9886549,0.0022521018981933594
275115,normal,2977,0,1782361843.9903986,0.0017437934875488281
275116,normal,1758,0,1782361843.9924088,0.0020101070404052734
275117,normal,1203,0,1782361843.9946487,0.0022399425506591797
275118,normal,1143,0,1782361843.9963655,0.0017168521881103516
275119,normal,2569,0,1782361843.9984004,0.002034902572631836
275120,normal,2002,0,1782361844.0006516,0.002251148223876953
275121,normal,3277,1,1782361844.0024073,0.0017557144165039062
275122,normal,3334,1,1782361844.0044074,0.002000093460083008
275123,normal,3667,0,1782361844.006821,0.002413511276245117
275124,normal,1384,0,1782361844.008352,0.0015311241149902344
275125,normal,1209,0,1782361844.010376,0.002023935317993164
275126,normal,3101,1,1782361844.0124688,0.0020928382873535156
275127,normal,3698,0,1782361844.0143363,0.001867532730102539
275128,normal,5,0,1782361844.0163383,0.0020020008087158203
275129,normal,2842,0,1782361844.0184803,0.0021419525146484375
275130,normal,1329,1,1782361844.0203376,0.0018572807312011719
275131,normal,2061,0,1782361844.0223737,0.0020360946655273438
275132,normal,600,0,1782361844.0244684,0.002094745635986328
275133,normal,1728,0,1782361844.0263665,0.001898050308227539
275134,normal,1132,0,1782361844.0283868,0.0020203590393066406
275135,normal,2388,0,1782361844.0304446,0.002057790756225586
275136,normal,1115,0,1782361844.0323377,0.0018930435180664062
275137,normal,1131,0,1782361844.0343733,0.0020356178283691406
275138,normal,1282,0,1782361844.036473,0.002099752426147461
275139,normal,3058,1,1782361844.0383618,0.0018887519836425781
275140,normal,347,0,1782361844.040386,0.0020241737365722656
275141,normal,2763,0,1782361844.0424855,0.0020995140075683594
275142,normal,1926,0,1782361844.0443256,0.0018401145935058594
275143,normal,2663,0,1782361844.046301,0.0019752979278564453
275144,normal,1109,0,1782361844.0483437,0.0020427703857421875
275145,normal,1966,0,1782361844.0502815,0.0019378662109375
275146,normal,179,0,1782361844.0522807,0.0019991397857666016
275147,normal,340,0,1782361844.054295,0.0020143985748291016
275148,normal,81,0,1782361844.056259,0.0019638538360595703
275149,normal,238,0,1782361844.0582762,0.0020172595977783203
275150,normal,1027,2,1782361844.060315,0.002038717269897461
275151,normal,2462,0,1782361844.0622568,0.0019419193267822266
275152,normal,251,0,1782361844.0642867,0.002029895782470703
275153,normal,2188,0,1782361844.0663106,0.002023935317993164
275154,normal,724,0,1782361844.0682561,0.00194549560546875
275155,normal,649,0,1782361844.0702739,0.0020177364349365234
275156,normal,1968,0,1782361844.0723138,0.0020399093627929688
275157,normal,3683,0,1782361844.0742555,0.001941680908203125
275158,normal,1855,0,1782361844.0762541,0.0019986629486083984
275159,normal,3642,0,1782361844.0783129,0.002058744430541992
275160,normal,3104,1,1782361844.0802617,0.0019488334655761719
275161,normal,380,0,1782361844.0822725,0.002010822296142578
275162,normal,1124,0,1782361844.0843282,0.002055644989013672
275163,normal,2881,0,1782361844.0862546,0.001926422119140625
275164,normal,1524,0,1782361844.0882893,0.0020346641540527344
275165,normal,1464,0,1782361844.0903,0.002010822296142578
275166,normal,1178,0,1782361844.0922568,0.0019567012786865234
275167,normal,2490,0,1782361844.0942845,0.002027750015258789
275168,normal,1561,0,1782361844.0962977,0.0020132064819335938
275169,normal,1370,1,1782361844.0982556,0.0019578933715820312
275170,normal,827,2,1782361844.1002796,0.002023935317993164
275171,normal,445,0,1782361844.1023548,0.0020751953125
275172,normal,1053,0,1782361844.1042588,0.0019040107727050781
275173,normal,3074,1,1782361844.1062791,0.0020203590393066406
275174,normal,3592,0,1782361844.1083004,0.002021312713623047
275175,normal,1642,0,1782361844.1102574,0.001956939697265625
275176,normal,2759,0,1782361844.1122832,0.0020258426666259766
275177,normal,3164,1,1782361844.1143124,0.0020291805267333984
275178,normal,1264,0,1782361844.116276,0.0019636154174804688
275179,normal,1253,0,1782361844.118276,0.0019998550415039062
275180,normal,795,2,1782361844.1203074,0.002031564712524414
275181,normal,701,0,1782361844.1222568,0.001949310302734375
275182,normal,1360,1,1782361844.1243017,0.0020449161529541016
275183,normal,1351,1,1782361844.1263454,0.0020437240600585938
275184,normal,3415,0,1782361844.1282578,0.0019123554229736328
275185,normal,2815,0,1782361844.130275,0.0020172595977783203
275186,normal,537,0,1782361844.1323283,0.0020532608032226562
275187,normal,164,0,1782361844.1342552,0.0019268989562988281
275188,normal,1324,1,1782361844.1362824,0.002027273178100586
275189,normal,3392,1,1782361844.1383853,0.0021028518676757812
275190,normal,2282,0,1782361844.140327,0.001941680908203125
275191,normal,2764,0,1782361844.1422942,0.001967191696166992
275192,normal,2378,0,1782361844.1444306,0.0021364688873291016
275193,normal,505,0,1782361844.146319,0.001888275146484375
275194,normal,1373,1,1782361844.1484685,0.0021495819091796875
275195,normal,2264,0,1782361844.1504982,0.0020296573638916016
275196,normal,2981,0,1782361844.1522675,0.0017693042755126953
275197,normal,1842,0,1782361844.1544826,0.002215147018432617
275198,normal,1056,0,1782361844.1565278,0.002045154571533203
275199,normal,2686,0,1782361844.1583414,0.001813650131225586
275200,normal,1204,0,1782361844.1605434,0.0022020339965820312
275201,normal,2198,0,1782361844.162497,0.001953601837158203
275202,normal,811,2,1782361844.1643271,0.0018301010131835938
275203,normal,2756,0,1782361844.166483,0.002155780792236328
275204,normal,3022,0,1782361844.1684997,0.002016782760620117
275205,normal,2754,0,1782361844.170339,0.0018393993377685547
275206,normal,654,0,1782361844.1725445,0.002205371856689453
275207,normal,3622,0,1782361844.1745,0.0019555091857910156
275208,normal,3617,0,1782361844.1763275,0.0018274784088134766
275209,normal,2644,0,1782361844.1785126,0.0021851062774658203
275210,normal,3598,0,1782361844.1804998,0.0019872188568115234
275211,normal,529,0,1782361844.182318,0.0018181800842285156
275212,normal,2362,0,1782361844.1845112,0.0021932125091552734
275213,normal,1325,1,1782361844.186497,0.001985788345336914
275214,normal,3536,0,1782361844.1883247,0.0018277168273925781
275215,normal,1381,1,1782361844.1905088,0.002184152603149414
275216,normal,2948,0,1782361844.1924794,0.001970529556274414
275217,normal,2886,0,1782361844.1943238,0.0018444061279296875
275218,normal,1435,0,1782361844.1964815,0.0021576881408691406
275219,normal,2258,0,1782361844.1985192,0.0020377635955810547
275220,normal,3502,0,1782361844.2003274,0.00180816650390625
275221,normal,737,0,1782361844.2025094,0.0021820068359375
275222,normal,1734,0,1782361844.2044797,0.0019702911376953125
275223,normal,1170,0,1782361844.2063282,0.001848459243774414
275224,normal,1932,0,1782361844.208311,0.0019829273223876953
275225,normal,1187,0,1782361844.2104788,0.0021677017211914062
275226,normal,2287,0,1782361844.2123144,0.0018355846405029297
275227,normal,384,0,1782361844.214511,0.0021965503692626953
275228,normal,3608,0,1782361844.2164848,0.001973867416381836
275229,normal,1637,0,1782361844.2183259,0.0018410682678222656
275230,normal,1915,0,1782361844.220482,0.0021562576293945312
275231,normal,1718,0,1782361844.222484,0.0020020008087158203
275232,normal,2720,0,1782361844.2243257,0.0018415451049804688
275233,normal,929,2,1782361844.2265294,0.002203702926635742
275234,normal,647,0,1782361844.2284818,0.0019524097442626953
275235,normal,970,2,1782361844.2303243,0.001842498779296875
275236,normal,2847,0,1782361844.2325082,0.0021839141845703125
275237,normal,2699,0,1782361844.2344809,0.001972675323486328
275238,normal,2600,0,1782361844.2363298,0.0018489360809326172
275239,normal,123,0,1782361844.238481,0.0021512508392333984
275240,normal,1250,0,1782361844.2404802,0.0019991397857666016
275241,normal,2443,0,1782361844.2423325,0.001852273941040039
275242,normal,2589,0,1782361844.2444851,0.002152681350708008
275243,normal,2157,0,1782361844.2464862,0.002001047134399414
275244,normal,2692,0,1782361844.2483258,0.0018396377563476562
275245,normal,2833,0,1782361844.250511,0.0021851062774658203
275246,normal,1771,0,1782361844.2524848,0.001973867416381836
275247,normal,47,0,1782361844.2543309,0.0018460750579833984
275248,normal,121,0,1782361844.2565105,0.0021796226501464844
275249,normal,154,0,1782361844.258478,0.0019674301147460938
275250,normal,1111,0,1782361844.2603247,0.0018467903137207031
275251,normal,1828,0,1782361844.2625098,0.0021851062774658203
275252,normal,2496,0,1782361844.2644827,0.0019729137420654297
275253,normal,3149,1,1782361844.2663274,0.001844644546508789
275254,normal,591,0,1782361844.2685106,0.002183198928833008
275255,normal,1417,0,1782361844.2704825,0.0019719600677490234
275256,normal,1333,1,1782361844.272325,0.001842498779296875
275257,normal,3663,0,1782361844.2745116,0.0021865367889404297
275258,normal,276,0,1782361844.2764852,0.0019736289978027344
275259,normal,1830,0,1782361844.2783287,0.0018434524536132812
275260,normal,3589,0,1782361844.2805095,0.002180814743041992
275261,normal,268,0,1782361844.2824812,0.001971721649169922
275262,normal,3687,0,1782361844.2843256,0.0018444061279296875
275263,normal,1182,0,1782361844.2864804,0.002154827117919922
275264,normal,1664,0,1782361844.288512,0.002031564712524414
275265,normal,2108,0,1782361844.2903264,0.0018143653869628906
275266,normal,3050,1,1782361844.2925112,0.0021848678588867188
275267,normal,3214,1,1782361844.2944794,0.0019681453704833984
275268,normal,2460,0,1782361844.2963257,0.0018463134765625
275269,normal,1620,0,1782361844.2985084,0.0021827220916748047
275270,normal,1819,0,1782361844.3004816,0.0019731521606445312
275271,normal,880,2,1782361844.3023279,0.0018463134765625
275272,normal,3580,0,1782361844.3045096,0.0021817684173583984
275273,normal,3150,1,1782361844.3064785,0.001968860626220703
275274,normal,2363,0,1782361844.308343,0.0018644332885742188
275275,normal,3091,1,1782361844.3103266,0.001983642578125
275276,normal,2801,0,1782361844.3124561,0.0021295547485351562
275277,normal,200,0,1782361844.3143396,0.0018835067749023438
275278,normal,1205,0,1782361844.3164635,0.0021238327026367188
275279,normal,2269,0,1782361844.3184478,0.0019843578338623047
275280,normal,1913,0,1782361844.320338,0.0018901824951171875
275281,normal,3643,0,1782361844.32246,0.0021219253540039062
275282,normal,2568,0,1782361844.3243213,0.0018613338470458984
275283,normal,2183,0,1782361844.326438,0.002116680145263672
275284,normal,247,0,1782361844.3283174,0.0018794536590576172
275285,normal,1491,0,1782361844.3304691,0.0021517276763916016
275286,normal,2861,0,1782361844.3323176,0.001848459243774414
275287,normal,3575,0,1782361844.3342776,0.0019600391387939453
275288,normal,521,0,1782361844.3364706,0.002192974090576172
275289,normal,2799,0,1782361844.3382814,0.0018107891082763672
275290,normal,1581,0,1782361844.3402734,0.0019919872283935547
275291,normal,2839,0,1782361844.3424015,0.002128124237060547
275292,normal,1396,0,1782361844.3442714,0.0018699169158935547
275293,normal,1391,0,1782361844.3462713,0.0019998550415039062
275294,normal,2117,0,1782361844.348388,0.002116680145263672
275295,normal,430,0,1782361844.3503444,0.001956462860107422
275296,normal,1419,0,1782361844.3523536,0.002009153366088867
275297,normal,1434,0,1782361844.3545244,0.0021708011627197266
275298,normal,3416,0,1782361844.3563244,0.0018000602722167969
275299,normal,1151,0,1782361844.3584745,0.0021500587463378906
275300,normal,2387,0,1782361844.360503,0.0020284652709960938
275301,normal,400,0,1782361844.3623376,0.0018346309661865234
275302,normal,60,0,1782361844.364508,0.0021703243255615234
275303,normal,3308,1,1782361844.3665054,0.0019974708557128906
275304,normal,3059,1,1782361844.3683255,0.0018200874328613281
275305,normal,406,0,1782361844.3705082,0.0021827220916748047
275306,normal,1943,0,1782361844.3725019,0.0019936561584472656
275307,normal,2732,0,1782361844.3743367,0.001834869384765625
275308,normal,1228,0,1782361844.3765044,0.0021677017211914062
275309,normal,17,0,1782361844.3784952,0.001990795135498047
275310,normal,2373,0,1782361844.380323,0.0018277168273925781
275311,normal,2489,0,1782361844.3825066,0.002183675765991211
275312,normal,1218,0,1782361844.3844965,0.0019898414611816406
275313,normal,2975,0,1782361844.3863237,0.001827239990234375
275314,normal,2890,0,1782361844.3885047,0.0021810531616210938
275315,normal,219,0,1782361844.3904994,0.001994609832763672
275316,normal,1854,0,1782361844.3923285,0.0018291473388671875
275317,normal,877,2,1782361844.3945067,0.002178192138671875
275318,normal,3179,1,1782361844.3965006,0.001993894577026367
275319,normal,1651,0,1782361844.398327,0.0018265247344970703
275320,normal,3543,0,1782361844.400506,0.0021789073944091797
275321,normal,226,0,1782361844.4025116,0.0020055770874023438
275322,normal,2380,0,1782361844.404324,0.0018124580383300781
275323,normal,3527,0,1782361844.406507,0.0021829605102539062
275324,normal,3338,1,1782361844.408468,0.0019609928131103516
275325,normal,2806,0,1782361844.4103127,0.001844644546508789
275326,normal,2308,0,1782361844.4125082,0.002195596694946289
275327,normal,2993,0,1782361844.4144938,0.0019855499267578125
275328,normal,3681,0,1782361844.4163249,0.0018310546875
275329,normal,848,2,1782361844.4185793,0.002254486083984375
275330,normal,971,2,1782361844.4205008,0.0019214153289794922
275331,normal,2048,0,1782361844.422324,0.0018231868743896484
275332,normal,3429,0,1782361844.4245605,0.002236604690551758
275333,normal,93,0,1782361844.4264967,0.001936197280883789
275334,normal,1853,0,1782361844.4283187,0.0018219947814941406
275335,normal,308,0,1782361844.4305544,0.0022356510162353516
275336,normal,3408,0,1782361844.4325044,0.0019500255584716797
275337,normal,1924,0,1782361844.4343214,0.0018169879913330078
275338,normal,1493,0,1782361844.4365568,0.00223541259765625
275339,normal,2519,0,1782361844.4384975,0.0019407272338867188
275340,normal,1320,1,1782361844.440324,0.0018265247344970703
275341,normal,3136,1,1782361844.4425592,0.0022351741790771484
275342,normal,834,2,1782361844.4445038,0.0019445419311523438
275343,normal,2124,0,1782361844.4463224,0.0018186569213867188
275344,normal,1759,0,1782361844.448563,0.0022406578063964844
275345,normal,916,2,1782361844.4503589,0.0017957687377929688
275346,normal,2774,0,1782361844.4522924,0.0019335746765136719
275347,normal,317,0,1782361844.454293,0.002000570297241211
275348,normal,350,0,1782361844.456351,0.0020580291748046875
275349,normal,2372,0,1782361844.4582899,0.0019388198852539062
275350,normal,2637,0,1782361844.4603162,0.0020263195037841797
275351,normal,2178,0,1782361844.4623516,0.002035379409790039
275352,normal,2321,0,1782361844.4642913,0.0019397735595703125
275353,normal,1420,0,1782361844.4663177,0.0020263195037841797
275354,normal,1498,0,1782361844.468352,0.002034425735473633
275355,normal,27,0,1782361844.4703004,0.0019483566284179688
275356,normal,3537,0,1782361844.4723277,0.002027273178100586
275357,normal,1529,0,1782361844.4743533,0.002025604248046875
275358,normal,3506,0,1782361844.4762964,0.0019431114196777344
275359,normal,188,0,1782361844.4783144,0.002017974853515625
275360,normal,426,0,1782361844.4803553,0.002040863037109375
275361,normal,1091,0,1782361844.4822912,0.0019359588623046875
275362,normal,1087,0,1782361844.4843192,0.0020279884338378906
275363,normal,2351,0,1782361844.486353,0.002033710479736328
275364,normal,1563,0,1782361844.4882944,0.0019414424896240234
275365,normal,3254,1,1782361844.4903183,0.002023935317993164
275366,normal,3632,0,1782361844.4923542,0.002035856246948242
275367,normal,3639,0,1782361844.4942908,0.0019366741180419922
275368,normal,127,0,1782361844.4963174,0.0020265579223632812
275369,normal,1763,0,1782361844.4983537,0.0020363330841064453
275370,normal,2510,0,1782361844.5002916,0.0019378662109375
275371,normal,1247,0,1782361844.5023167,0.002025127410888672
275372,normal,546,0,1782361844.504353,0.0020363330841064453
275373,normal,2241,0,1782361844.5062907,0.0019376277923583984
275374,normal,3675,0,1782361844.5082893,0.0019986629486083984
275375,normal,198,0,1782361844.510364,0.002074718475341797
275376,normal,1680,0,1782361844.5122917,0.0019276142120361328
275377,normal,2586,0,1782361844.5143209,0.0020291805267333984
275378,normal,1075,0,1782361844.5163522,0.0020313262939453125
275379,normal,1766,0,1782361844.5182836,0.0019314289093017578
275380,normal,1739,0,1782361844.5203168,0.002033233642578125
275381,normal,2539,0,1782361844.5223522,0.002035379409790039
275382,normal,467,0,1782361844.5242908,0.0019385814666748047
275383,normal,944,2,1782361844.5263171,0.0020263195037841797
275384,normal,3017,0,1782361844.5283525,0.002035379409790039
275385,normal,3659,0,1782361844.5302906,0.0019381046295166016
275386,normal,1104,0,1782361844.5323176,0.0020270347595214844
275387,normal,1705,0,1782361844.5343528,0.0020351409912109375
275388,normal,1723,0,1782361844.5362897,0.0019369125366210938
275389,normal,804,2,1782361844.5383167,0.0020270347595214844
275390,normal,3531,0,1782361844.5403526,0.002035856246948242
275391,normal,984,2,1782361844.5422904,0.0019378662109375
275392,normal,2211,0,1782361844.5443175,0.0020270347595214844
275393,normal,358,0,1782361844.546353,0.0020356178283691406
275394,normal,132,0,1782361844.5482955,0.0019423961639404297
275395,normal,1823,0,1782361844.5503166,0.0020210742950439453
275396,normal,3087,1,1782361844.552401,0.002084493637084961
275397,normal,1848,0,1782361844.5542903,0.0018892288208007812
275398,normal,1918,0,1782361844.5563166,0.0020263195037841797
275399,normal,324,0,1782361844.5583556,0.0020389556884765625
275400,normal,323,0,1782361844.5602903,0.0019347667694091797
275401,normal,2334,0,1782361844.5623167,0.0020263195037841797
275402,normal,688,0,1782361844.564353,0.0020363330841064453
275403,normal,2915,0,1782361844.5662909,0.0019378662109375
275404,normal,1544,0,1782361844.5683234,0.0020325183868408203
275405,normal,3433,0,1782361844.5703526,0.0020291805267333984
275406,normal,249,0,1782361844.572289,0.0019364356994628906
275407,normal,2785,0,1782361844.5743172,0.002028226852416992
275408,normal,397,0,1782361844.5763526,0.002035379409790039
275409,normal,3402,0,1782361844.578291,0.0019383430480957031
275410,normal,1806,0,1782361844.5803177,0.002026796340942383
275411,normal,1965,0,1782361844.5823526,0.002034902572631836
275412,normal,2632,0,1782361844.5842907,0.0019381046295166016
275413,normal,1050,0,1782361844.586316,0.0020253658294677734
275414,normal,1144,0,1782361844.5883613,0.002045154571533203
275415,normal,1638,0,1782361844.590291,0.0019297599792480469
275416,normal,3633,0,1782361844.5923162,0.002025127410888672
275417,normal,151,0,1782361844.5943542,0.0020380020141601562
275418,normal,1713,0,1782361844.5962944,0.0019402503967285156
275419,normal,3103,1,1782361844.5983243,0.002029895782470703
275420,normal,3294,1,1782361844.6003506,0.0020263195037841797
275421,normal,1403,0,1782361844.6022909,0.0019402503967285156
275422,normal,2821,0,1782361844.6043246,0.002033710479736328
275423,normal,2849,0,1782361844.606351,0.0020263195037841797
275424,normal,3210,1,1782361844.6082857,0.0019347667694091797
275425,normal,1460,0,1782361844.6103199,0.0020341873168945312
275426,normal,893,2,1782361844.612355,0.0020351409912109375
275427,normal,1484,0,1782361844.6142926,0.0019376277923583984
275428,normal,461,0,1782361844.6163194,0.002026796340942383
275429,normal,1100,0,1782361844.6183558,0.0020363330841064453
275430,normal,3657,0,1782361844.6202934,0.0019376277923583984
275431,normal,184,0,1782361844.6223192,0.0020258426666259766
275432,normal,3342,1,1782361844.62435,0.0020308494567871094
275433,normal,199,0,1782361844.6263013,0.0019512176513671875
275434,normal,2395,0,1782361844.6283185,0.0020172595977783203
275435,normal,3076,1,1782361844.6303506,0.002032041549682617
275436,normal,718,0,1782361844.6322913,0.0019407272338867188
275437,normal,2221,0,1782361844.6343205,0.0020291805267333984
275438,normal,1225,0,1782361844.6363525,0.002032041549682617
275439,normal,1964,0,1782361844.6382923,0.0019397735595703125
275440,normal,2602,0,1782361844.6403186,0.0020263195037841797
275441,normal,1386,0,1782361844.6423497,0.002031087875366211
275442,normal,3283,1,1782361844.6442933,0.0019435882568359375
275443,normal,3051,1,1782361844.64632,0.002026796340942383
275444,normal,2399,0,1782361844.64835,0.002029895782470703
275445,normal,3382,1,1782361844.6502914,0.0019414424896240234
275446,normal,2882,0,1782361844.6523228,0.0020313262939453125
275447,normal,871,2,1782361844.6543527,0.002029895782470703
275448,normal,2666,0,1782361844.6562917,0.0019390583038330078
275449,normal,3077,1,1782361844.6583195,0.002027750015258789
275450,normal,749,0,1782361844.6603534,0.0020339488983154297
275451,normal,2089,0,1782361844.662292,0.0019385814666748047
275452,normal,604,0,1782361844.6643195,0.0020275115966796875
275453,normal,3028,0,1782361844.6663613,0.0020418167114257812
275454,normal,3538,0,1782361844.6682937,0.001932382583618164
275455,normal,223,0,1782361844.6703198,0.002026081085205078
275456,normal,2939,0,1782361844.672349,0.0020291805267333984
275457,normal,3090,1,1782361844.6742911,0.0019421577453613281
275458,normal,3525,0,1782361844.6763196,0.0020284652709960938
275459,normal,3078,1,1782361844.6783514,0.0020318031311035156
275460,normal,1939,0,1782361844.6802914,0.001940011978149414
275461,normal,1113,0,1782361844.682319,0.0020275115966796875
275462,normal,1502,0,1782361844.6843514,0.0020325183868408203
275463,normal,2823,0,1782361844.6862838,0.001932382583618164
275464,normal,1944,0,1782361844.6883175,0.002033710479736328
275465,normal,3243,1,1782361844.6903522,0.0020346641540527344
275466,normal,377,0,1782361844.6922903,0.0019381046295166016
275467,normal,3664,0,1782361844.6943433,0.0020530223846435547
275468,normal,2065,0,1782361844.696352,0.002008676528930664
275469,normal,206,0,1782361844.6982908,0.0019388198852539062
275470,normal,805,2,1782361844.700317,0.002026081085205078
275471,normal,448,0,1782361844.7023497,0.002032756805419922
275472,normal,141,0,1782361844.704331,0.0019812583923339844
275473,normal,3384,1,1782361844.7062933,0.001962423324584961
275474,normal,404,0,1782361844.708349,0.002055644989013672
275475,normal,982,2,1782361844.7102923,0.001943349838256836
275476,normal,1654,0,1782361844.7123199,0.0020275115966796875
275477,normal,527,0,1782361844.7143517,0.0020318031311035156
275478,normal,2314,0,1782361844.716292,0.0019402503967285156
275479,normal,30,0,1782361844.7183208,0.002028942108154297
275480,normal,957,2,1782361844.7203538,0.0020329952239990234
275481,normal,2359,0,1782361844.722294,0.0019402503967285156
275482,normal,3542,0,1782361844.7243197,0.002025604248046875
275483,normal,3562,0,1782361844.726336,0.002016305923461914
275484,normal,3301,1,1782361844.728316,0.0019800662994384766
275485,normal,306,0,1782361844.730292,0.00197601318359375
275486,normal,3055,1,1782361844.732361,0.0020689964294433594
275487,normal,1321,1,1782361844.7342901,0.0019290447235107422
275488,normal,860,2,1782361844.736316,0.0020258426666259766
275489,normal,197,0,1782361844.7383525,0.002036571502685547
275490,normal,2564,0,1782361844.740291,0.0019385814666748047
275491,normal,1406,0,1782361844.7423196,0.0020284652709960938
275492,normal,2044,0,1782361844.7443602,0.0020406246185302734
275493,normal,837,2,1782361844.7462893,0.0019290447235107422
275494,normal,1138,0,1782361844.7483282,0.0020389556884765625
275495,normal,939,2,1782361844.7509604,0.00263214111328125
275496,normal,1251,0,1782361844.7522476,0.001287221908569336
275497,normal,2115,0,1782361844.7542667,0.002019166946411133
275498,normal,1682,0,1782361844.7563314,0.0020647048950195312
275499,normal,2423,0,1782361844.7583954,0.0020639896392822266
275500,normal,2283,0,1782361844.7603788,0.0019834041595458984
275501,normal,2215,0,1782361844.7626562,0.002277374267578125
275502,normal,722,0,1782361844.7643604,0.0017042160034179688
275503,normal,3315,1,1782361844.766508,0.002147674560546875
275504,normal,605,0,1782361844.7686484,0.0021402835845947266
275505,normal,288,0,1782361844.7703583,0.0017099380493164062
275506,normal,215,0,1782361844.7725103,0.002151966094970703
275507,normal,3489,0,1782361844.774645,0.0021347999572753906
275508,normal,1179,0,1782361844.776362,0.0017168521881103516
275509,normal,390,0,1782361844.7783575,0.001995563507080078
275510,normal,1610,0,1782361844.7806342,0.0022766590118408203
275511,normal,3304,1,1782361844.7823334,0.001699209213256836
275512,normal,2355,0,1782361844.784561,0.0022275447845458984
275513,normal,1425,0,1782361844.7865207,0.0019598007202148438
275514,normal,2156,0,1782361844.7883253,0.0018045902252197266
275515,normal,1683,0,1782361844.7904618,0.0021364688873291016
275516,normal,2709,0,1782361844.792379,0.001917123794555664
275517,normal,1984,0,1782361844.7943602,0.0019812583923339844
275518,normal,3641,0,1782361844.7963927,0.0020325183868408203
275519,normal,3587,0,1782361844.7985768,0.002184152603149414
275520,normal,2224,0,1782361844.8003347,0.0017578601837158203
275521,normal,571,0,1782361844.8025637,0.002228975296020508
275522,normal,160,0,1782361844.8044946,0.0019309520721435547
275523,normal,581,0,1782361844.806393,0.0018982887268066406
275524,normal,1440,0,1782361844.8083506,0.0019576549530029297
275525,normal,3540,0,1782361844.8105006,0.0021500587463378906
275526,normal,2422,0,1782361844.812365,0.0018644332885742188
275527,normal,3544,0,1782361844.814336,0.001971006393432617
275528,normal,313,0,1782361844.81639,0.002053976058959961
275529,normal,1681,0,1782361844.8183255,0.0019354820251464844
275530,normal,2072,0,1782361844.8203185,0.001992940902709961
275531,normal,1858,0,1782361844.8224235,0.0021049976348876953
275532,normal,483,0,1782361844.8242998,0.0018763542175292969
275533,normal,615,0,1782361844.8263443,0.0020444393157958984
275534,normal,1128,0,1782361844.8283684,0.0020241737365722656
275535,normal,1110,0,1782361844.8303242,0.001955747604370117
275536,normal,2417,0,1782361844.8323348,0.0020105838775634766
275537,normal,77,0,1782361844.8343894,0.0020546913146972656
275538,normal,2119,0,1782361844.836336,0.0019464492797851562
275539,normal,1733,0,1782361844.8383236,0.0019876956939697266
275540,normal,183,0,1782361844.8403578,0.0020341873168945312
275541,normal,1916,0,1782361844.8423276,0.0019698143005371094
275542,normal,709,0,1782361844.8443363,0.002008676528930664
275543,normal,708,0,1782361844.8463905,0.0020542144775390625
275544,normal,3306,1,1782361844.8483372,0.0019466876983642578
275545,normal,3535,0,1782361844.8503199,0.0019826889038085938
275546,normal,1012,2,1782361844.8524303,0.0021104812622070312
275547,normal,3123,1,1782361844.8543274,0.0018970966339111328
275548,normal,1198,0,1782361844.8563333,0.0020058155059814453
275549,normal,1712,0,1782361844.8583899,0.002056598663330078
275550,normal,3222,1,1782361844.860348,0.001958131790161133
275551,normal,3060,1,1782361844.8623183,0.0019702911376953125
275552,normal,2826,0,1782361844.8643608,0.002042531967163086
275553,normal,1192,0,1782361844.8663263,0.0019655227661132812
275554,normal,2864,0,1782361844.8683321,0.0020058155059814453
275555,normal,3169,1,1782361844.870389,0.0020568370819091797
275556,normal,2286,0,1782361844.8723392,0.0019502639770507812
275557,normal,663,0,1782361844.8743196,0.001980304718017578
275558,normal,1315,0,1782361844.87636,0.002040386199951172
275559,normal,1003,2,1782361844.8783271,0.001967191696166992
275560,normal,2526,0,1782361844.8803616,0.002034425735473633
275561,normal,1343,1,1782361844.882416,0.002054452896118164
275562,normal,3605,0,1782361844.8843257,0.0019097328186035156
275563,normal,1688,0,1782361844.8863337,0.0020079612731933594
275564,normal,2978,0,1782361844.8883858,0.0020520687103271484
275565,normal,671,0,1782361844.8903403,0.0019545555114746094
275566,normal,2031,0,1782361844.8923175,0.001977205276489258
275567,normal,2511,0,1782361844.8943594,0.0020418167114257812
275568,normal,59,0,1782361844.896327,0.0019676685333251953
275569,normal,1938,0,1782361844.898335,0.0020079612731933594
275570,normal,95,0,1782361844.9003904,0.0020554065704345703
275571,normal,3152,1,1782361844.9023306,0.0019402503967285156
275572,normal,2901,0,1782361844.904319,0.0019884109497070312
275573,normal,2723,0,1782361844.906364,0.0020449161529541016
275574,normal,2622,0,1782361844.9083936,0.0020296573638916016
275575,normal,2296,0,1782361844.9103394,0.0019457340240478516
275576,normal,2101,0,1782361844.91251,0.002170562744140625
275577,normal,3656,0,1782361844.9143395,0.0018296241760253906
275578,normal,3142,1,1782361844.916373,0.0020334720611572266
275579,normal,411,0,1782361844.9184933,0.0021202564239501953
275580,normal,3406,0,1782361844.9203374,0.001844167709350586
275581,normal,2062,0,1782361844.9223814,0.0020439624786376953
275582,normal,1865,0,1782361844.9244356,0.0020542144775390625
275583,normal,1554,0,1782361844.926339,0.0019032955169677734
275584,normal,2343,0,1782361844.9283712,0.0020322799682617188
275585,normal,3185,1,1782361844.9304874,0.0021162033081054688
275586,normal,861,2,1782361844.9323552,0.0018677711486816406
275587,normal,3638,0,1782361844.9343698,0.002014636993408203
275588,normal,356,0,1782361844.936482,0.002112150192260742
275589,normal,2807,0,1782361844.938338,0.001856088638305664
275590,normal,3248,1,1782361844.940384,0.002045869827270508
275591,normal,3264,1,1782361844.942532,0.002148151397705078
275592,normal,679,0,1782361844.9443374,0.0018053054809570312
275593,normal,1326,1,1782361844.946371,0.002033710479736328
275594,normal,3275,1,1782361844.9484472,0.0020761489868164062
275595,normal,1451,0,1782361844.9503026,0.0018553733825683594
275596,normal,2195,0,1782361844.9523325,0.002029895782470703
275597,normal,2087,0,1782361844.9542866,0.0019540786743164062
275598,normal,638,0,1782361844.9563026,0.0020160675048828125
275599,normal,843,2,1782361844.9583535,0.0020508766174316406
275600,normal,1648,0,1782361844.960506,0.0021524429321289062
275601,normal,248,0,1782361844.9623592,0.0018532276153564453
275602,normal,1812,0,1782361844.9645061,0.0021469593048095703
275603,normal,1068,0,1782361844.9665031,0.0019969940185546875
275604,normal,624,0,1782361844.9683573,0.0018541812896728516
275605,normal,1687,0,1782361844.9705088,0.0021514892578125
275606,normal,2973,0,1782361844.972502,0.0019931793212890625
275607,normal,2941,0,1782361844.9743457,0.0018436908721923828
275608,normal,3510,0,1782361844.976509,0.002163410186767578
275609,normal,292,0,1782361844.9783945,0.0018854141235351562
275610,normal,2000,0,1782361844.9803722,0.001977682113647461
275611,normal,3003,0,1782361844.982361,0.0019888877868652344
275612,normal,764,0,1782361844.9845316,0.002170562744140625
275613,normal,998,2,1782361844.9863617,0.0018301010131835938
275614,normal,629,0,1782361844.988511,0.002149343490600586
275615,normal,1190,0,1782361844.9905288,0.0020177364349365234
275616,normal,2293,0,1782361844.9923694,0.0018405914306640625
275617,normal,2171,0,1782361844.9943626,0.0019931793212890625
275618,normal,330,0,1782361844.9965289,0.002166271209716797
275619,normal,126,0,1782361844.99837,0.0018410682678222656
275620,normal,1721,0,1782361845.0005102,0.0021402835845947266
275621,normal,1331,1,1782361845.0025322,0.0020220279693603516
275622,normal,3576,0,1782361845.0043683,0.0018360614776611328
275623,normal,2482,0,1782361845.0065145,0.0021462440490722656
275624,normal,3029,0,1782361845.0085416,0.0020270347595214844
275625,normal,1369,1,1782361845.0103328,0.001791238784790039
275626,normal,610,0,1782361845.0125158,0.0021829605102539062
275627,normal,2263,0,1782361845.014358,0.0018422603607177734
275628,normal,3255,1,1782361845.0167499,0.002391815185546875
275629,normal,3570,0,1782361845.0185933,0.0018434524536132812
275630,normal,2121,0,1782361845.021342,0.002748727798461914
275631,normal,2777,0,1782361845.0223353,0.0009932518005371094
275632,normal,1478,0,1782361845.0244637,0.0021283626556396484
275633,normal,3533,0,1782361845.026349,0.0018854141235351562
275634,normal,3107,1,1782361845.0282373,0.001888275146484375
275635,normal,168,0,1782361845.030258,0.002020597457885742
275636,normal,3245,1,1782361845.0323443,0.0020864009857177734
275637,normal,2471,0,1782361845.0342784,0.001934051513671875
275638,normal,2793,0,1782361845.0363479,0.0020694732666015625
275639,normal,2855,0,1782361845.038352,0.0020041465759277344
275640,normal,3089,1,1782361845.0402777,0.0019257068634033203
275641,normal,1993,0,1782361845.0425074,0.0022296905517578125
275642,normal,237,0,1782361845.04453,0.0020225048065185547
275643,normal,2118,0,1782361845.0463598,0.0018298625946044922
275644,normal,859,2,1782361845.0484135,0.0020537376403808594
275645,normal,1287,0,1782361845.0504022,0.001988649368286133
275646,normal,3119,1,1782361845.0525246,0.0021224021911621094
275647,normal,1935,0,1782361845.0543659,0.0018413066864013672
275648,normal,3177,1,1782361845.0565226,0.0021567344665527344
275649,normal,2278,0,1782361845.0583556,0.0018329620361328125
275650,normal,2811,0,1782361845.0605054,0.002149820327758789
275651,normal,1071,0,1782361845.0625207,0.002015352249145508
275652,normal,2237,0,1782361845.0644395,0.001918792724609375
275653,normal,2505,0,1782361845.0665028,0.002063274383544922
275654,normal,675,0,1782361845.0685203,0.002017498016357422
275655,normal,2923,0,1782361845.0704145,0.001894235610961914
275656,normal,1122,0,1782361845.0725038,0.002089262008666992
275657,normal,1139,0,1782361845.0745158,0.002012014389038086
275658,normal,2781,0,1782361845.07697,0.0024542808532714844
275659,normal,3508,0,1782361845.0786595,0.0016894340515136719
275660,normal,3476,0,1782361845.0806556,0.0019960403442382812
275661,normal,1300,0,1782361845.0823796,0.0017240047454833984
275662,normal,2994,0,1782361845.0844412,0.002061605453491211
275663,normal,2521,0,1782361845.086561,0.002119779586791992
275664,normal,3228,1,1782361845.0887876,0.002226591110229492
275665,normal,2879,0,1782361845.090296,0.001508474349975586
275666,normal,3065,1,1782361845.0925114,0.0022153854370117188
275667,normal,2457,0,1782361845.09443,0.0019185543060302734
275668,normal,3400,1,1782361845.096522,0.002092123031616211
275669,normal,3703,0,1782361845.098539,0.0020170211791992188
275670,normal,142,0,1782361845.1004555,0.0019164085388183594
275671,normal,83,0,1782361845.1025586,0.002103090286254883
275672,normal,512,0,1782361845.1044233,0.0018646717071533203
275673,normal,2427,0,1782361845.1067185,0.002295255661010742
275674,normal,1069,0,1782361845.1084602,0.001741647720336914
275675,normal,3552,0,1782361845.1104996,0.0020394325256347656
275676,normal,423,0,1782361845.1123967,0.0018970966339111328
275677,normal,1461,0,1782361845.1145196,0.0021228790283203125
275678,normal,3079,1,1782361845.1165478,0.002028226852416992
275679,normal,1649,0,1782361845.118457,0.0019092559814453125
275680,normal,2306,0,1782361845.1204145,0.001957416534423828
275681,normal,2413,0,1782361845.122519,0.002104520797729492
275682,normal,2943,0,1782361845.12445,0.0019309520721435547
275683,normal,106,0,1782361845.1264129,0.001962900161743164
275684,normal,2735,0,1782361845.1284847,0.002071857452392578
275685,normal,942,2,1782361845.1303914,0.0019066333770751953
275686,normal,124,0,1782361845.1325238,0.002132415771484375
275687,normal,1358,1,1782361845.134559,0.0020351409912109375
275688,normal,1582,0,1782361845.1364195,0.0018606185913085938
275689,normal,887,2,1782361845.1385446,0.0021250247955322266
275690,normal,1238,0,1782361845.1406517,0.0021071434020996094
275691,normal,3166,1,1782361845.142448,0.0017962455749511719
275692,normal,275,0,1782361845.1444988,0.0020508766174316406
275693,normal,3092,1,1782361845.1466413,0.0021424293518066406
275694,normal,1802,0,1782361845.1484742,0.0018329620361328125
275695,normal,1082,0,1782361845.150394,0.0019197463989257812
275696,normal,401,0,1782361845.152483,0.0020890235900878906
275697,normal,1084,0,1782361845.1543949,0.0019118785858154297
275698,normal,286,0,1782361845.156508,0.0021131038665771484
275699,normal,597,0,1782361845.158511,0.0020029544830322266
275700,normal,1515,0,1782361845.1603847,0.0018737316131591797
275701,normal,2827,0,1782361845.162478,0.0020933151245117188
275702,normal,566,0,1782361845.1644773,0.001999378204345703
275703,normal,1845,0,1782361845.1664276,0.0019502639770507812
275704,normal,3,0,1782361845.1685123,0.0020847320556640625
275705,normal,3044,0,1782361845.1705198,0.0020074844360351562
275706,normal,497,0,1782361845.1724765,0.0019567012786865234
275707,normal,2761,0,1782361845.1744907,0.00201416015625
275708,normal,2325,0,1782361845.1764898,0.0019991397857666016
275709,normal,1222,0,1782361845.1784115,0.0019216537475585938
275710,normal,3285,1,1782361845.1804998,0.002088308334350586
275711,normal,2497,0,1782361845.1826496,0.002149820327758789
275712,normal,2773,0,1782361845.184369,0.0017194747924804688
275713,normal,3024,0,1782361845.1862664,0.0018973350524902344
275714,normal,2001,0,1782361845.1883528,0.0020864009857177734
275715,normal,1119,0,1782361845.1902783,0.0019254684448242188
275716,normal,108,0,1782361845.1924765,0.0021982192993164062
275717,normal,1897,0,1782361845.1944704,0.001993894577026367
275718,normal,940,2,1782361845.196379,0.0019085407257080078
275719,normal,165,0,1782361845.198428,0.002048969268798828
275720,normal,2984,0,1782361845.2005188,0.002090930938720703
275721,normal,2798,0,1782361845.2028184,0.0022995471954345703
275722,normal,1699,0,1782361845.2043846,0.001566171646118164
275723,normal,3644,0,1782361845.2065156,0.0021309852600097656
275724,normal,1487,0,1782361845.2084994,0.0019838809967041016
275725,normal,496,0,1782361845.2104666,0.001967191696166992
275726,normal,1268,0,1782361845.2125316,0.002064943313598633
275727,normal,1345,1,1782361845.2143838,0.001852273941040039
275728,normal,533,0,1782361845.2164867,0.0021028518676757812
275729,normal,1590,0,1782361845.218425,0.0019383430480957031
275730,normal,2870,0,1782361845.2203577,0.0019326210021972656
275731,normal,231,0,1782361845.2223787,0.0020210742950439453
275732,normal,1606,0,1782361845.2244437,0.002064943313598633
275733,normal,3410,0,1782361845.2263715,0.0019278526306152344
275734,normal,2824,0,1782361845.2283714,0.0019998550415039062
275735,normal,1127,0,1782361845.2304382,0.0020668506622314453
275736,normal,3313,1,1782361845.2324092,0.001971006393432617
275737,normal,949,2,1782361845.2344098,0.002000570297241211
275738,normal,905,2,1782361845.2365034,0.0020935535430908203
275739,normal,1180,0,1782361845.2382758,0.0017724037170410156
275740,normal,1981,0,1782361845.2403903,0.002114534378051758
275741,normal,2748,0,1782361845.2424774,0.002087116241455078
275742,normal,3070,1,1782361845.2444222,0.0019447803497314453
275743,normal,2796,0,1782361845.246384,0.0019617080688476562
275744,normal,951,2,1782361845.2484522,0.0020682811737060547
275745,normal,2112,0,1782361845.2504008,0.0019485950469970703
275746,normal,2869,0,1782361845.2523942,0.001993417739868164
275747,normal,3190,1,1782361845.254463,0.002068758010864258
275748,normal,2377,0,1782361845.2564018,0.0019388198852539062
275749,normal,3010,0,1782361845.2583976,0.0019958019256591797
275750,normal,1505,0,1782361845.2604365,0.0020389556884765625
275751,normal,294,0,1782361845.2623596,0.0019230842590332031
275752,normal,3207,1,1782361845.264364,0.002004384994506836
275753,normal,3688,0,1782361845.2664278,0.002063751220703125
275754,normal,2979,0,1782361845.268364,0.001936197280883789
275755,normal,1933,0,1782361845.2703834,0.0020194053649902344
275756,normal,2081,0,1782361845.2724776,0.002094268798828125
275757,normal,2757,0,1782361845.274443,0.0019652843475341797
275758,normal,676,0,1782361845.2763882,0.0019452571868896484
275759,normal,2768,0,1782361845.2784543,0.0020661354064941406
275760,normal,1731,0,1782361845.2803845,0.00193023681640625
275761,normal,52,0,1782361845.2823532,0.0019686222076416016
275762,normal,543,0,1782361845.28444,0.0020868778228759766
275763,normal,1168,0,1782361845.2863512,0.001911163330078125
275764,normal,3356,1,1782361845.2884243,0.002073049545288086
275765,normal,2518,0,1782361845.2904935,0.002069234848022461
275766,normal,2829,0,1782361845.2924197,0.0019261837005615234
275767,normal,2383,0,1782361845.2944458,0.002026081085205078
275768,normal,3449,0,1782361845.2966967,0.0022509098052978516
275769,normal,2917,0,1782361845.2983358,0.0016391277313232422
275770,normal,771,0,1782361845.3004718,0.0021359920501708984
275771,normal,70,0,1782361845.302646,0.0021741390228271484
275772,normal,2672,0,1782361845.3044362,0.0017902851104736328
275773,normal,1265,0,1782361845.3064666,0.0020303726196289062
275774,normal,3330,1,1782361845.3084617,0.001995086669921875
275775,normal,628,0,1782361845.310294,0.0018322467803955078
275776,normal,3676,0,1782361845.3125966,0.0023026466369628906
275777,normal,2146,0,1782361845.3144581,0.001861572265625
275778,normal,2054,0,1782361845.3163722,0.0019140243530273438
275779,normal,1540,0,1782361845.3184624,0.0020902156829833984
275780,normal,2685,0,1782361845.320624,0.002161741256713867
275781,normal,3646,0,1782361845.3225782,0.0019540786743164062
275782,normal,1279,0,1782361845.3243566,0.0017783641815185547
275783,normal,11,0,1782361845.3266008,0.002244234085083008
275784,normal,900,2,1782361845.328328,0.0017271041870117188
275785,normal,2220,0,1782361845.3304803,0.0021524429321289062
275786,normal,1061,0,1782361845.3324888,0.0020084381103515625
275787,normal,476,0,1782361845.3344035,0.0019147396087646484
275788,normal,2726,0,1782361845.3365188,0.0021152496337890625
275789,normal,553,0,1782361845.3385403,0.0020215511322021484
275790,normal,3442,0,1782361845.3403907,0.0018503665924072266
275791,normal,2995,0,1782361845.342479,0.002088308334350586
275792,normal,3006,0,1782361845.344491,0.002012014389038086
275793,normal,2652,0,1782361845.346394,0.0019030570983886719
275794,normal,1428,0,1782361845.3488028,0.002408742904663086
275795,normal,315,0,1782361845.3507771,0.001974344253540039
275796,normal,1583,0,1782361845.3523705,0.0015933513641357422
275797,normal,2749,0,1782361845.3544261,0.002055644989013672
275798,normal,2947,0,1782361845.3563921,0.0019659996032714844
275799,normal,3361,1,1782361845.3582907,0.0018985271453857422
275800,normal,3309,1,1782361845.3603442,0.002053499221801758
275801,normal,2459,0,1782361845.3624249,0.002080678939819336
275802,normal,631,0,1782361845.3645287,0.0021038055419921875
275803,normal,1482,0,1782361845.3664446,0.0019159317016601562
275804,normal,262,0,1782361845.3684413,0.001996755599975586
275805,normal,2407,0,1782361845.3705108,0.0020694732666015625
275806,normal,1288,0,1782361845.372884,0.002373218536376953
275807,normal,258,0,1782361845.3743868,0.0015027523040771484
275808,normal,1083,0,1782361845.3763905,0.0020036697387695312
275809,normal,1761,0,1782361845.3784096,0.002019166946411133
275810,normal,992,2,1782361845.3804967,0.002087116241455078
275811,normal,2356,0,1782361845.3823168,0.0018200874328613281
275812,normal,1208,0,1782361845.3844995,0.0021827220916748047
275813,normal,155,0,1782361845.3864975,0.0019979476928710938
275814,normal,3138,1,1782361845.3884006,0.0019030570983886719
275815,normal,518,0,1782361845.3904335,0.0020329952239990234
275816,normal,120,0,1782361845.3925438,0.0021102428436279297
275817,normal,2789,0,1782361845.394471,0.0019271373748779297
275818,normal,612,0,1782361845.396531,0.0020601749420166016
275819,normal,33,0,1782361845.3984976,0.0019664764404296875
275820,normal,3451,0,1782361845.4004316,0.001934051513671875
275821,normal,2745,0,1782361845.4024742,0.002042531967163086
275822,normal,2110,0,1782361845.404563,0.002088785171508789
275823,normal,810,2,1782361845.4063337,0.0017707347869873047
275824,normal,304,0,1782361845.408522,0.0021882057189941406
275825,normal,2468,0,1782361845.4105382,0.002016305923461914
275826,normal,1450,0,1782361845.4123487,0.0018105506896972656
275827,normal,2406,0,1782361845.4145274,0.002178668975830078
275828,normal,1794,0,1782361845.4165287,0.0020012855529785156
275829,normal,1740,0,1782361845.418448,0.0019192695617675781
275830,normal,1032,0,1782361845.420493,0.0020449161529541016
275831,normal,2698,0,1782361845.4224923,0.001999378204345703
275832,normal,2938,0,1782361845.4243908,0.0018985271453857422
275833,normal,86,0,1782361845.4264953,0.002104520797729492
275834,normal,3168,1,1782361845.4284918,0.0019965171813964844
275835,normal,2631,0,1782361845.430411,0.0019192695617675781
275836,normal,2997,0,1782361845.43244,0.002028942108154297
275837,normal,3595,0,1782361845.4347012,0.0022611618041992188
275838,normal,56,0,1782361845.436328,0.001626729965209961
275839,normal,14,0,1782361845.4385042,0.0021762847900390625
275840,normal,76,0,1782361845.4405272,0.002022981643676758
275841,normal,849,2,1782361845.442389,0.0018618106842041016
275842,normal,2208,0,1782361845.4444857,0.0020966529846191406
275843,normal,114,0,1782361845.4464984,0.0020127296447753906
275844,normal,1710,0,1782361845.448424,0.0019257068634033203
275845,normal,1099,0,1782361845.4505236,0.0020995140075683594
275846,normal,2766,0,1782361845.4525483,0.0020246505737304688
275847,normal,1058,0,1782361845.454494,0.0019457340240478516
275848,normal,932,2,1782361845.4565916,0.002097606658935547
275849,normal,927,2,1782361845.4586353,0.0020437240600585938
275850,normal,2441,0,1782361845.4603899,0.0017545223236083984
275851,normal,2887,0,1782361845.462511,0.0021212100982666016
275852,normal,1588,0,1782361845.464656,0.002145051956176758
275853,normal,857,2,1782361845.4663053,0.0016491413116455078
275854,normal,1169,0,1782361845.4684756,0.0021703243255615234
275855,normal,2969,0,1782361845.4704854,0.002009868621826172
275856,normal,3026,0,1782361845.4724174,0.001931905746459961
275857,normal,2551,0,1782361845.474522,0.0021047592163085938
275858,normal,2822,0,1782361845.4764724,0.0019502639770507812
275859,normal,1156,0,1782361845.4783175,0.0018451213836669922
275860,normal,3153,1,1782361845.4804728,0.002155303955078125
275861,normal,2900,0,1782361845.4827366,0.002263784408569336
275862,normal,2851,0,1782361845.4844565,0.0017199516296386719
275863,normal,3234,1,1782361845.486461,0.002004384994506836
275864,normal,535,0,1782361845.4886198,0.0021588802337646484
275865,normal,540,0,1782361845.4904037,0.0017838478088378906
275866,normal,694,0,1782361845.492497,0.0020933151245117188
275867,normal,3265,1,1782361845.494507,0.0020101070404052734
275868,normal,65,0,1782361845.4964316,0.0019245147705078125
275869,normal,3310,1,1782361845.4987342,0.0023026466369628906
275870,normal,1427,0,1782361845.5003877,0.001653432846069336
275871,normal,37,0,1782361845.5023952,0.0020074844360351562
275872,normal,3673,0,1782361845.5044882,0.002093076705932617
275873,normal,3362,1,1782361845.5064855,0.001997232437133789
275874,normal,2307,0,1782361845.5084095,0.0019240379333496094
275875,normal,2653,0,1782361845.5104384,0.002028942108154297
275876,normal,3474,0,1782361845.5125043,0.002065896987915039
275877,normal,3654,0,1782361845.5144064,0.0019021034240722656
275878,normal,2595,0,1782361845.5167882,0.0023818016052246094
275879,normal,1571,0,1782361845.5188377,0.0020494461059570312
275880,normal,9,0,1782361845.5203927,0.0015549659729003906
275881,normal,3250,1,1782361845.5224745,0.0020818710327148438
275882,normal,1961,0,1782361845.5245316,0.0020570755004882812
275883,normal,425,0,1782361845.52637,0.0018384456634521484
275884,normal,2673,0,1782361845.5285823,0.0022122859954833984
275885,normal,2034,0,1782361845.5305626,0.001980304718017578
275886,normal,45,0,1782361845.532544,0.0019812583923339844
275887,normal,695,0,1782361845.5343103,0.0017664432525634766
275888,normal,246,0,1782361845.5367892,0.0024788379669189453
275889,normal,1185,0,1782361845.538481,0.0016918182373046875
275890,normal,2961,0,1782361845.5403972,0.0019161701202392578
275891,normal,955,2,1782361845.542575,0.002177715301513672
275892,normal,1176,0,1782361845.5443914,0.0018165111541748047
275893,normal,389,0,1782361845.5465047,0.00211334228515625
275894,normal,583,0,1782361845.5484903,0.0019855499267578125
275895,normal,538,0,1782361845.5503936,0.0019032955169677734
275896,normal,3195,1,1782361845.5524848,0.0020911693572998047
275897,normal,2670,0,1782361845.5545042,0.0020194053649902344
275898,normal,950,2,1782361845.556441,0.0019369125366210938
275899,normal,786,2,1782361845.5585566,0.002115488052368164
275900,normal,1604,0,1782361845.5604963,0.0019397735595703125
275901,normal,1568,0,1782361845.5624237,0.0019273757934570312
275902,normal,2541,0,1782361845.5645308,0.0021071434020996094
275903,normal,2712,0,1782361845.5665393,0.0020084381103515625
275904,normal,2077,0,1782361845.568451,0.0019116401672363281
275905,normal,1081,0,1782361845.5703967,0.0019457340240478516
275906,normal,618,0,1782361845.5725205,0.0021238327026367188
275907,normal,1449,0,1782361845.5744185,0.001898050308227539
275908,normal,2139,0,1782361845.5765274,0.0021088123321533203
275909,normal,1720,0,1782361845.578536,0.002008676528930664
275910,normal,2893,0,1782361845.5804527,0.001916646957397461
275911,normal,1338,1,1782361845.582509,0.0020563602447509766
275912,normal,1439,0,1782361845.5844874,0.0019783973693847656
275913,normal,2481,0,1782361845.5863886,0.0019011497497558594
275914,normal,212,0,1782361845.58848,0.0020914077758789062
275915,normal,3423,0,1782361845.5904846,0.0020046234130859375
275916,normal,2830,0,1782361845.5923953,0.0019106864929199219
275917,normal,1366,1,1782361845.5945225,0.0021271705627441406
275918,normal,536,0,1782361845.5967805,0.0022580623626708984
275919,normal,3705,0,1782361845.598347,0.0015664100646972656
275920,normal,1112,0,1782361845.6005027,0.002155780792236328
275921,normal,1942,0,1782361845.6025767,0.002074003219604492
275922,normal,2935,0,1782361845.6044226,0.0018458366394042969
275923,normal,1647,0,1782361845.606481,0.0020585060119628906
275924,normal,844,2,1782361845.6084747,0.0019936561584472656
275925,normal,3697,0,1782361845.6103876,0.001912832260131836
275926,normal,2008,0,1782361845.6124754,0.002087831497192383
275927,normal,883,2,1782361845.6145027,0.002027273178100586
275928,normal,2145,0,1782361845.6164496,0.0019469261169433594
275929,normal,2428,0,1782361845.6186182,0.0021686553955078125
275930,normal,84,0,1782361845.6207092,0.002090930938720703
275931,normal,3343,1,1782361845.622359,0.0016498565673828125
275932,normal,42,0,1782361845.6245995,0.002240419387817383
275933,normal,346,0,1782361845.6266263,0.002026796340942383
275934,normal,236,0,1782361845.6283638,0.0017375946044921875
275935,normal,1743,0,1782361845.6304672,0.0021033287048339844
275936,normal,2023,0,1782361845.6324713,0.0020041465759277344
275937,normal,574,0,1782361845.6343803,0.001909017562866211
275938,normal,2168,0,1782361845.6366205,0.0022401809692382812
275939,normal,3081,1,1782361845.638464,0.0018434524536132812
275940,normal,1232,0,1782361845.6403959,0.001931905746459961
275941,normal,2140,0,1782361845.6424673,0.002071380615234375
275942,normal,964,2,1782361845.6446364,0.0021691322326660156
275943,normal,661,0,1782361845.6465743,0.0019378662109375
275944,normal,2172,0,1782361845.648363,0.0017888545989990234
275945,normal,528,0,1782361845.6506147,0.0022516250610351562
275946,normal,3524,0,1782361845.6523995,0.0017848014831542969
275947,normal,2742,0,1782361845.654484,0.002084493637084961
275948,normal,3072,1,1782361845.656497,0.002012968063354492
275949,normal,1463,0,1782361845.6584885,0.0019915103912353516
275950,normal,185,0,1782361845.6605735,0.002084970474243164
275951,normal,3453,0,1782361845.6625128,0.0019392967224121094
275952,normal,1661,0,1782361845.6643896,0.0018768310546875
275953,normal,1255,0,1782361845.6664853,0.0020956993103027344
275954,normal,2285,0,1782361845.6684937,0.0020084381103515625
275955,normal,575,0,1782361845.6704009,0.0019071102142333984
275956,normal,850,2,1782361845.672493,0.002092123031616211
275957,normal,2835,0,1782361845.6746542,0.002161264419555664
275958,normal,801,2,1782361845.6763895,0.0017352104187011719
275959,normal,1501,0,1782361845.6785567,0.002167224884033203
275960,normal,1698,0,1782361845.680592,0.002035379409790039
275961,normal,2776,0,1782361845.6824484,0.0018563270568847656
275962,normal,3701,0,1782361845.6845882,0.0021398067474365234
275963,normal,287,0,1782361845.6867888,0.002200603485107422
275964,normal,2412,0,1782361845.6885579,0.0017690658569335938
275965,normal,25,0,1782361845.6903324,0.0017745494842529297
275966,normal,284,0,1782361845.6925223,0.0021898746490478516
275967,normal,1972,0,1782361845.6943653,0.0018429756164550781
275968,normal,3253,1,1782361845.6964836,0.002118349075317383
275969,normal,2477,0,1782361845.6983397,0.001856088638305664
275970,normal,599,0,1782361845.7003791,0.0020394325256347656
275971,normal,1756,0,1782361845.7023163,0.0019371509552001953
275972,normal,2932,0,1782361845.7043784,0.002062082290649414
275973,normal,2786,0,1782361845.7063296,0.0019512176513671875
275974,normal,367,0,1782361845.708374,0.0020444393157958984
275975,normal,1635,0,1782361845.7103567,0.0019826889038085938
275976,normal,1671,0,1782361845.7124095,0.002052783966064453
275977,normal,973,2,1782361845.7144256,0.0020160675048828125
275978,normal,1997,0,1782361845.7165225,0.002096891403198242
275979,normal,2042,0,1782361845.7183907,0.0018682479858398438
275980,normal,1375,1,1782361845.7205098,0.0021190643310546875
275981,normal,3281,1,1782361845.7225149,0.0020051002502441406
275982,normal,3212,1,1782361845.7244537,0.0019388198852539062
275983,normal,493,0,1782361845.7265055,0.002051830291748047
275984,normal,1898,0,1782361845.7285001,0.001994609832763672
275985,normal,1947,0,1782361845.7304137,0.0019135475158691406
275986,normal,1569,0,1782361845.732509,0.0020952224731445312
275987,normal,2236,0,1782361845.7345266,0.0020177364349365234
275988,normal,1954,0,1782361845.7364357,0.001909017562866211
275989,normal,3145,1,1782361845.7385304,0.002094745635986328
275990,normal,2368,0,1782361845.740485,0.0019545555114746094
275991,normal,873,2,1782361845.7423873,0.0019023418426513672
275992,normal,2404,0,1782361845.7444773,0.002089977264404297
275993,normal,2159,0,1782361845.7464862,0.0020089149475097656
275994,normal,862,2,1782361845.7483873,0.0019011497497558594
275995,normal,802,2,1782361845.7505007,0.00211334228515625
275996,normal,2403,0,1782361845.7525365,0.002035856246948242
275997,normal,3339,1,1782361845.7545073,0.0019707679748535156
275998,normal,3601,0,1782361845.756425,0.0019176006317138672
275999,normal,2409,0,1782361845.7585232,0.0020983219146728516
276000,normal,3375,1,1782361845.76043,0.0019068717956542969
276001,normal,3173,1,1782361845.7623808,0.0019507408142089844
276002,normal,1202,0,1782361845.7644691,0.002088308334350586
276003,normal,254,0,1782361845.7663796,0.0019104480743408203
276004,normal,2623,0,1782361845.7685528,0.002173185348510742
276005,normal,3224,1,1782361845.7705505,0.001997709274291992
276006,normal,2484,0,1782361845.7724476,0.0018970966339111328
276007,normal,1492,0,1782361845.774642,0.0021944046020507812
276008,normal,321,0,1782361845.7764778,0.0018358230590820312
276009,normal,1960,0,1782361845.778654,0.0021762847900390625
276010,normal,3404,0,1782361845.7803845,0.0017304420471191406
276011,normal,2494,0,1782361845.7826164,0.0022318363189697266
276012,normal,3157,1,1782361845.784566,0.0019495487213134766
276013,normal,3709,0,1782361845.7863197,0.0017538070678710938
276014,normal,2562,0,1782361845.788515,0.0021953582763671875
276015,normal,3478,0,1782361845.7903967,0.0018815994262695312
276016,normal,920,2,1782361845.7924929,0.0020961761474609375
276017,normal,322,0,1782361845.794643,0.0021500587463378906
276018,normal,492,0,1782361845.7963138,0.00167083740234375
276019,normal,1573,0,1782361845.798485,0.0021712779998779297
276020,normal,2256,0,1782361845.8004878,0.002002716064453125
276021,normal,858,2,1782361845.8023922,0.0019044876098632812
276022,normal,3252,1,1782361845.804853,0.0024607181549072266
276023,normal,334,0,1782361845.806467,0.0016140937805175781
276024,normal,178,0,1782361845.8084834,0.002016305923461914
276025,normal,2199,0,1782361845.8104806,0.001997232437133789
276026,normal,1613,0,1782361845.8125243,0.0020437240600585938
276027,normal,2967,0,1782361845.814405,0.001880645751953125
276028,normal,107,0,1782361845.8165002,0.0020952224731445312
276029,normal,2155,0,1782361845.8185112,0.0020110607147216797
276030,normal,1912,0,1782361845.8207178,0.002206563949584961
276031,normal,1016,2,1782361845.8223217,0.001603841781616211
276032,normal,1216,0,1782361845.8244982,0.002176523208618164
276033,normal,734,0,1782361845.8263984,0.0019001960754394531
276034,normal,2896,0,1782361845.82851,0.002111673355102539
276035,normal,922,2,1782361845.8305075,0.0019974708557128906
276036,normal,1595,0,1782361845.8324342,0.0019266605377197266
276037,normal,416,0,1782361845.8345277,0.0020935535430908203
276038,normal,3591,0,1782361845.8365314,0.0020036697387695312
276039,normal,3093,1,1782361845.8384516,0.0019202232360839844
276040,normal,3490,0,1782361845.8410206,0.002568960189819336
276041,normal,803,2,1782361845.8428743,0.0018537044525146484
276042,normal,3609,0,1782361845.8443263,0.0014519691467285156
276043,normal,783,2,1782361845.846487,0.002160787582397461
276044,normal,267,0,1782361845.8485,0.002012968063354492
276045,normal,2073,0,1782361845.8504522,0.0019521713256835938
276046,normal,558,0,1782361845.8525856,0.0021333694458007812
276047,normal,3472,0,1782361845.8545625,0.0019769668579101562
276048,normal,2116,0,1782361845.8565905,0.0020279884338378906
276049,normal,1311,0,1782361845.858331,0.0017404556274414062
276050,normal,721,0,1782361845.86069,0.002359151840209961
276051,normal,1906,0,1782361845.8625402,0.001850128173828125
276052,normal,1678,0,1782361845.864438,0.0018978118896484375
276053,normal,2030,0,1782361845.8664927,0.0020546913146972656
276054,normal,2336,0,1782361845.8683963,0.001903533935546875
276055,normal,2080,0,1782361845.8704019,0.0020055770874023438
276056,normal,46,0,1782361845.8725138,0.0021119117736816406
276057,normal,1844,0,1782361845.8744173,0.001903533935546875
276058,normal,3340,1,1782361845.8765106,0.0020933151245117188
276059,normal,3702,0,1782361845.8785222,0.002011537551879883
276060,normal,360,0,1782361845.8804438,0.0019216537475585938
276061,normal,2584,0,1782361845.8824532,0.0020093917846679688
276062,normal,3588,0,1782361845.8845713,0.0021181106567382812
276063,normal,1516,0,1782361845.8864002,0.001828908920288086
276064,normal,353,0,1782361845.8885071,0.002106904983520508
276065,normal,216,0,1782361845.8905404,0.002033233642578125
276066,normal,2299,0,1782361845.8940134,0.003473043441772461
276067,normal,277,0,1782361845.8944454,0.00043201446533203125
276068,normal,1630,0,1782361845.8964982,0.002052783966064453
276069,normal,1826,0,1782361845.8984158,0.0019176006317138672
276070,normal,3233,1,1782361845.9005315,0.0021157264709472656
276071,normal,2333,0,1782361845.9025476,0.0020160675048828125
276072,normal,3192,1,1782361845.9044402,0.0018925666809082031
276073,normal,494,0,1782361845.906552,0.0021119117736816406
276074,normal,894,2,1782361845.9085748,0.0020227432250976562
276075,normal,2867,0,1782361845.9104111,0.0018362998962402344
276076,normal,1788,0,1782361845.912416,0.002004861831665039
276077,normal,1560,0,1782361845.9145336,0.002117633819580078
276078,normal,1656,0,1782361845.9164126,0.001878976821899414
276079,normal,2100,0,1782361845.9185088,0.0020961761474609375
276080,normal,495,0,1782361845.9205177,0.0020089149475097656
276081,normal,728,0,1782361845.9224484,0.0019307136535644531
276082,normal,1241,0,1782361845.9246976,0.0022492408752441406
276083,normal,1696,0,1782361845.926493,0.0017952919006347656
276084,normal,2,0,1782361845.9283414,0.001848459243774414
276085,normal,1152,0,1782361845.9304342,0.0020928382873535156
276086,normal,1290,0,1782361845.9325426,0.002108335494995117
276087,normal,3383,1,1782361845.934409,0.0018663406372070312
276088,normal,265,0,1782361845.9365299,0.0021209716796875
276089,normal,2016,0,1782361845.938503,0.0019731521606445312
276090,normal,2713,0,1782361845.9404497,0.0019466876983642578
276091,normal,3270,1,1782361845.9424586,0.0020089149475097656
276092,normal,1925,0,1782361845.9445586,0.0020999908447265625
276093,normal,3293,1,1782361845.946473,0.0019142627716064453
276094,normal,1665,0,1782361845.9489598,0.0024869441986083984
276095,normal,931,2,1782361845.9515162,0.002556324005126953
276096,normal,847,2,1782361845.9523537,0.0008375644683837891
276097,normal,3120,1,1782361845.9544415,0.002087831497192383
276098,normal,3707,0,1782361845.9563072,0.0018656253814697266
276099,normal,981,2,1782361845.9583595,0.00205230712890625
276100,normal,2327,0,1782361845.9603603,0.0020008087158203125
276101,normal,12,0,1782361845.962267,0.0019066333770751953
276102,normal,1468,0,1782361845.9642944,0.0020275115966796875
276103,normal,2813,0,1782361845.9664114,0.0021169185638427734
276104,normal,983,2,1782361845.9683588,0.0019474029541015625
276105,normal,175,0,1782361845.9703538,0.001995086669921875
276106,normal,1783,0,1782361845.9723995,0.0020456314086914062
276107,normal,458,0,1782361845.9743674,0.001967906951904297
276108,normal,429,0,1782361845.976285,0.0019176006317138672
276109,normal,2951,0,1782361845.978397,0.0021119117736816406
276110,normal,2319,0,1782361845.9807801,0.0023832321166992188
276111,normal,2226,0,1782361845.9823437,0.0015635490417480469
276112,normal,2431,0,1782361845.9845786,0.002234935760498047
276113,normal,2295,0,1782361845.986391,0.0018124580383300781
276114,normal,2683,0,1782361845.9883115,0.001920461654663086
276115,normal,80,0,1782361845.9904199,0.002108335494995117
276116,normal,3621,0,1782361845.9923606,0.0019407272338867188
276117,normal,1549,0,1782361845.994406,0.0020453929901123047
276118,normal,1674,0,1782361845.9965558,0.002149820327758789
276119,normal,235,0,1782361845.9985209,0.001965045928955078
276120,normal,602,0,1782361846.0003347,0.0018138885498046875
276121,normal,418,0,1782361846.0025127,0.0021779537200927734
276122,normal,1693,0,1782361846.0045063,0.0019936561584472656
276123,normal,1314,0,1782361846.006343,0.001836538314819336
276124,normal,454,0,1782361846.0085194,0.002176523208618164
276125,normal,2561,0,1782361846.0107088,0.0021893978118896484
276126,normal,153,0,1782361846.0124192,0.0017104148864746094
276127,normal,882,2,1782361846.0144165,0.001997232437133789
276128,normal,2352,0,1782361846.016524,0.0021076202392578125
276129,normal,3387,1,1782361846.018389,0.0018649101257324219
276130,normal,646,0,1782361846.0204928,0.0021038055419921875
276131,normal,3239,1,1782361846.0225515,0.002058744430541992
276132,normal,2033,0,1782361846.0245008,0.001949310302734375
276133,normal,1690,0,1782361846.0264714,0.001970529556274414
276134,normal,450,0,1782361846.0284855,0.00201416015625
276135,normal,899,2,1782361846.0303912,0.001905679702758789
276136,normal,554,0,1782361846.0326407,0.002249479293823242
276137,normal,2837,0,1782361846.0343864,0.0017457008361816406
276138,normal,751,0,1782361846.0364256,0.002039194107055664
276139,normal,488,0,1782361846.0384023,0.0019767284393310547
276140,normal,1296,0,1782361846.04048,0.0020775794982910156
276141,normal,1525,0,1782361846.0423198,0.0018398761749267578
276142,normal,777,2,1782361846.0445044,0.002184629440307617
276143,normal,314,0,1782361846.04647,0.0019655227661132812
276144,normal,3561,0,1782361846.0483193,0.0018494129180908203
276145,normal,171,0,1782361846.0505311,0.0022118091583251953
276146,normal,2084,0,1782361846.0525436,0.002012491226196289
276147,normal,3167,1,1782361846.05439,0.0018463134765625
276148,normal,1928,0,1782361846.05651,0.0021200180053710938
276149,normal,3509,0,1782361846.05849,0.0019800662994384766
276150,normal,690,0,1782361846.0603595,0.0018694400787353516
276151,normal,1531,0,1782361846.0625055,0.002146005630493164
276152,normal,1645,0,1782361846.0645447,0.002039194107055664
276153,normal,623,0,1782361846.066313,0.001768350601196289
276154,normal,129,0,1782361846.0685287,0.0022156238555908203
276155,normal,1066,0,1782361846.0704904,0.0019617080688476562
276156,normal,3137,1,1782361846.0723479,0.0018575191497802734
276157,normal,3146,1,1782361846.074445,0.0020971298217773438
276158,normal,1465,0,1782361846.076516,0.002070903778076172
276159,normal,1101,0,1782361846.078409,0.0018930435180664062
276160,normal,1446,0,1782361846.0805216,0.0021126270294189453
276161,normal,2902,0,1782361846.0824761,0.0019545555114746094
276162,normal,1474,0,1782361846.0843341,0.0018579959869384766
276163,normal,2620,0,1782361846.0865188,0.002184629440307617
276164,normal,1444,0,1782361846.0884905,0.001971721649169922
276165,normal,116,0,1782361846.0903196,0.0018291473388671875
276166,normal,2643,0,1782361846.0925193,0.0021996498107910156
276167,normal,2274,0,1782361846.094517,0.001997709274291992
276168,normal,2276,0,1782361846.0964622,0.0019452571868896484
276169,normal,3160,1,1782361846.0984344,0.001972198486328125
276170,normal,1776,0,1782361846.1004927,0.002058267593383789
276171,normal,3704,0,1782361846.102359,0.0018663406372070312
276172,normal,681,0,1782361846.1045353,0.0021762847900390625
276173,normal,1891,0,1782361846.1064668,0.0019314289093017578
276174,normal,814,2,1782361846.108337,0.0018701553344726562
276175,normal,924,2,1782361846.1104221,0.0020852088928222656
276176,normal,2559,0,1782361846.1125371,0.002115011215209961
276177,normal,687,0,1782361846.1143503,0.0018131732940673828
276178,normal,1887,0,1782361846.116519,0.0021686553955078125
276179,normal,2392,0,1782361846.1185825,0.0020635128021240234
276180,normal,3247,1,1782361846.1204205,0.0018379688262939453
276181,normal,3171,1,1782361846.1225917,0.0021712779998779297
276182,normal,997,2,1782361846.1245558,0.001964092254638672
276183,normal,926,2,1782361846.1264405,0.0018846988677978516
276184,normal,760,0,1782361846.1284792,0.002038717269897461
276185,normal,68,0,1782361846.1304626,0.0019834041595458984
276186,normal,1413,0,1782361846.132328,0.001865386962890625
276187,normal,633,0,1782361846.1345222,0.0021941661834716797
276188,normal,94,0,1782361846.1364803,0.001958131790161133
276189,normal,559,0,1782361846.1384313,0.001950979232788086
276190,normal,562,0,1782361846.1404042,0.0019729137420654297
276191,normal,826,2,1782361846.1424851,0.0020809173583984375
276192,normal,3162,1,1782361846.1443095,0.0018243789672851562
276193,normal,1677,0,1782361846.1465154,0.0022058486938476562
276194,normal,1389,0,1782361846.1488254,0.002310037612915039
276195,normal,3080,1,1782361846.1504066,0.0015811920166015625
276196,normal,2261,0,1782361846.152541,0.0021343231201171875
276197,normal,674,0,1782361846.1545858,0.0020449161529541016
276198,normal,3043,0,1782361846.1563287,0.0017428398132324219
276199,normal,3568,0,1782361846.158419,0.0020902156829833984
276200,normal,2093,0,1782361846.1604834,0.0020644664764404297
276201,normal,2534,0,1782361846.162325,0.0018415451049804688
276202,normal,2239,0,1782361846.164771,0.0024461746215820312
276203,normal,1847,0,1782361846.1664095,0.0016384124755859375
276204,normal,54,0,1782361846.1684377,0.002028226852416992
276205,normal,3319,1,1782361846.170423,0.001985311508178711
276206,normal,1612,0,1782361846.1724787,0.002055644989013672
276207,normal,2962,0,1782361846.1743417,0.0018630027770996094
276208,normal,781,2,1782361846.176534,0.002192258834838867
276209,normal,1310,0,1782361846.1785092,0.0019752979278564453
276210,normal,1929,0,1782361846.1803641,0.0018548965454101562
276211,normal,2506,0,1782361846.1825154,0.0021512508392333984
276212,normal,2691,0,1782361846.1847715,0.002256155014038086
276213,normal,26,0,1782361846.1868598,0.002088308334350586
276214,normal,1057,0,1782361846.1883838,0.0015239715576171875
276215,normal,2416,0,1782361846.190446,0.002062082290649414
276216,normal,2731,0,1782361846.1923425,0.0018966197967529297
276217,normal,3626,0,1782361846.1945198,0.0021772384643554688
276218,normal,2461,0,1782361846.1965852,0.002065420150756836
276219,normal,422,0,1782361846.1984031,0.001817941665649414
276220,normal,2803,0,1782361846.200595,0.002191781997680664
276221,normal,193,0,1782361846.2023656,0.0017707347869873047
276222,normal,1260,0,1782361846.2047997,0.0024340152740478516
276223,normal,2266,0,1782361846.2065272,0.0017275810241699219
276224,normal,2577,0,1782361846.2083604,0.001833200454711914
276225,normal,2385,0,1782361846.2102287,0.0018682479858398438
276226,normal,1726,0,1782361846.212292,0.002063274383544922
276227,normal,2738,0,1782361846.2143354,0.002043485641479492
276228,normal,2025,0,1782361846.216272,0.0019366741180419922
276229,normal,3486,0,1782361846.2184281,0.0021560192108154297
276230,normal,3684,0,1782361846.2203245,0.0018963813781738281
276231,normal,941,2,1782361846.2222638,0.0019392967224121094
276232,normal,539,0,1782361846.2243397,0.0020759105682373047
276233,normal,3430,0,1782361846.226354,0.00201416015625
276234,normal,910,2,1782361846.2284322,0.0020782947540283203
276235,normal,2455,0,1782361846.2304215,0.0019893646240234375
276236,normal,257,0,1782361846.232425,0.0020034313201904297
276237,normal,2111,0,1782361846.2343936,0.0019686222076416016
276238,normal,48,0,1782361846.2364042,0.0020105838775634766
276239,normal,3452,0,1782361846.2384799,0.002075672149658203
276240,normal,3303,1,1782361846.2404103,0.0019304752349853516
276241,normal,2695,0,1782361846.2424512,0.002040863037109375
276242,normal,520,0,1782361846.2444406,0.0019893646240234375
276243,normal,976,2,1782361846.2463875,0.0019469261169433594
276244,normal,3627,0,1782361846.2483976,0.0020101070404052734
276245,normal,852,2,1782361846.2504485,0.0020508766174316406
276246,normal,3690,0,1782361846.2524114,0.001962900161743164
276247,normal,50,0,1782361846.2544043,0.001992940902709961
276248,normal,1920,0,1782361846.2564325,0.002028226852416992
276249,normal,3067,1,1782361846.2583704,0.0019378662109375
276250,normal,1195,0,1782361846.260422,0.0020515918731689453
276251,normal,1037,0,1782361846.2624288,0.0020067691802978516
276252,normal,829,2,1782361846.2644053,0.001976490020751953
276253,normal,2582,0,1782361846.2664258,0.002020597457885742
276254,normal,683,0,1782361846.2684546,0.0020287036895751953
276255,normal,797,2,1782361846.2704089,0.001954317092895508
276256,normal,2133,0,1782361846.272445,0.0020360946655273438
276257,normal,794,2,1782361846.274409,0.001964092254638672
276258,normal,1077,0,1782361846.2763844,0.0019752979278564453
276259,normal,2884,0,1782361846.278468,0.0020835399627685547
276260,normal,2332,0,1782361846.280441,0.0019731521606445312
276261,normal,1703,0,1782361846.2823591,0.0019180774688720703
276262,normal,3333,1,1782361846.2844396,0.0020804405212402344
276263,normal,484,0,1782361846.286435,0.0019953250885009766
276264,normal,2528,0,1782361846.288434,0.0019991397857666016
276265,normal,743,0,1782361846.2904053,0.0019712448120117188
276266,normal,1708,0,1782361846.2924762,0.002070903778076172
276267,normal,2871,0,1782361846.294445,0.001968860626220703
276268,normal,2358,0,1782361846.2963576,0.0019125938415527344
276269,normal,3130,1,1782361846.2984996,0.0021419525146484375
276270,normal,3483,0,1782361846.300328,0.0018284320831298828
276271,normal,3515,0,1782361846.3024573,0.0021293163299560547
276272,normal,1348,1,1782361846.3044698,0.002012491226196289
276273,normal,2927,0,1782361846.306365,0.0018951892852783203
276274,normal,2364,0,1782361846.3084242,0.0020592212677001953
276275,normal,2804,0,1782361846.31041,0.001985788345336914
276276,normal,2684,0,1782361846.3123674,0.001957416534423828
276277,normal,3144,1,1782361846.3144016,0.0020341873168945312
276278,normal,999,2,1782361846.316376,0.001974344253540039
276279,normal,735,0,1782361846.3183432,0.001967191696166992
276280,normal,3216,1,1782361846.3204076,0.0020644664764404297
276281,normal,2114,0,1782361846.3224094,0.0020017623901367188
276282,normal,3211,1,1782361846.3247411,0.0023317337036132812
276283,normal,2614,0,1782361846.3263743,0.0016331672668457031
276284,normal,3513,0,1782361846.328577,0.002202749252319336
276285,normal,1659,0,1782361846.3302991,0.001722097396850586
276286,normal,2050,0,1782361846.3324163,0.002117156982421875
276287,normal,234,0,1782361846.3344204,0.0020041465759277344
276288,normal,1367,1,1782361846.3363664,0.0019459724426269531
276289,normal,3056,1,1782361846.3385162,0.002149820327758789
276290,normal,111,0,1782361846.3404717,0.0019555091857910156
276291,normal,2113,0,1782361846.3423886,0.0019168853759765625
276292,normal,3186,1,1782361846.3443727,0.001984119415283203
276293,normal,18,0,1782361846.3464253,0.0020525455474853516
276294,normal,3496,0,1782361846.348338,0.0019125938415527344
276295,normal,1281,0,1782361846.3503244,0.0019865036010742188
276296,normal,1837,0,1782361846.3523471,0.0020227432250976562
276297,normal,568,0,1782361846.3543134,0.001966238021850586
276298,normal,1471,0,1782361846.3563738,0.002060413360595703
276299,normal,3559,0,1782361846.3584876,0.002113819122314453
276300,normal,835,2,1782361846.3603177,0.0018301010131835938
276301,normal,1017,2,1782361846.3624432,0.0021255016326904297
276302,normal,2563,0,1782361846.3644729,0.0020296573638916016
276303,normal,208,0,1782361846.3664393,0.0019664764404296875
276304,normal,1213,0,1782361846.3685277,0.002088308334350586
276305,normal,2495,0,1782361846.3704941,0.0019664764404296875
276306,normal,7,0,1782361846.372389,0.0018949508666992188
276307,normal,189,0,1782361846.37452,0.0021309852600097656
276308,normal,1304,0,1782361846.3767264,0.0022063255310058594
276309,normal,2017,0,1782361846.3783107,0.0015842914581298828
276310,normal,1792,0,1782361846.3804147,0.002104043960571289
276311,normal,655,0,1782361846.3824315,0.002016782760620117
276312,normal,3355,1,1782361846.384365,0.0019335746765136719
276313,normal,459,0,1782361846.386418,0.0020530223846435547
276314,normal,2907,0,1782361846.3884246,0.00200653076171875
276315,normal,2446,0,1782361846.3903472,0.001922607421875
276316,normal,2326,0,1782361846.392412,0.0020647048950195312
276317,normal,2309,0,1782361846.3944304,0.002018451690673828
276318,normal,1221,0,1782361846.396411,0.0019805431365966797
276319,normal,134,0,1782361846.3984134,0.0020024776458740234
276320,normal,266,0,1782361846.400468,0.0020546913146972656
276321,normal,2617,0,1782361846.4023688,0.0019006729125976562
276322,normal,3159,1,1782361846.4044611,0.0020923614501953125
276323,normal,763,0,1782361846.4064467,0.0019855499267578125
276324,normal,2289,0,1782361846.408421,0.001974344253540039
276325,normal,296,0,1782361846.4103937,0.001972675323486328
276326,normal,336,0,1782361846.4124227,0.002028942108154297
276327,normal,2840,0,1782361846.4143813,0.001958608627319336
276328,normal,1910,0,1782361846.4164398,0.0020585060119628906
276329,normal,2572,0,1782361846.4184527,0.002012968063354492
276330,normal,2579,0,1782361846.420321,0.0018682479858398438
276331,normal,150,0,1782361846.4224615,0.002140522003173828
276332,normal,1775,0,1782361846.424439,0.0019774436950683594
276333,normal,3373,1,1782361846.4262857,0.0018467903137207031
276334,normal,2051,0,1782361846.428429,0.0021431446075439453
276335,normal,67,0,1782361846.4304278,0.0019989013671875
276336,normal,1330,1,1782361846.4323769,0.0019490718841552734
276337,normal,3511,0,1782361846.4344256,0.0020487308502197266
276338,normal,2045,0,1782361846.4364665,0.002040863037109375
276339,normal,3480,0,1782361846.43841,0.0019435882568359375
276340,normal,3376,1,1782361846.4405563,0.0021462440490722656
276341,normal,2149,0,1782361846.44249,0.0019338130950927734
276342,normal,2812,0,1782361846.4444304,0.0019402503967285156
276343,normal,1953,0,1782361846.4464037,0.001973390579223633
276344,normal,3521,0,1782361846.4485047,0.0021009445190429688
276345,normal,1797,0,1782361846.4503222,0.001817464828491211
276346,normal,1585,0,1782361846.4524891,0.0021669864654541016
276347,normal,3292,1,1782361846.4545205,0.0020313262939453125
276348,normal,1697,0,1782361846.4564724,0.0019519329071044922
276349,normal,387,0,1782361846.4584677,0.0019953250885009766
276350,normal,64,0,1782361846.4605944,0.0021266937255859375
276351,normal,666,0,1782361846.4623735,0.0017790794372558594
276352,normal,293,0,1782361846.4645135,0.002140045166015625
276353,normal,2590,0,1782361846.4666953,0.0021817684173583984
276354,normal,875,2,1782361846.4683313,0.0016360282897949219
276355,normal,403,0,1782361846.4705145,0.002183198928833008
276356,normal,2150,0,1782361846.4725046,0.001990079879760742
276357,normal,1973,0,1782361846.4743302,0.001825571060180664
276358,normal,1846,0,1782361846.4764168,0.002086639404296875
276359,normal,1034,0,1782361846.478415,0.0019981861114501953
276360,normal,2802,0,1782361846.4803717,0.0019567012786865234
276361,normal,363,0,1782361846.48248,0.002108335494995117
276362,normal,507,0,1782361846.4844506,0.001970529556274414
276363,normal,1309,0,1782361846.4863646,0.0019140243530273438
276364,normal,354,0,1782361846.4884353,0.0020706653594970703
276365,normal,2381,0,1782361846.490435,0.0019996166229248047
276366,normal,678,0,1782361846.4924445,0.0020096302032470703
276367,normal,446,0,1782361846.4945354,0.002090930938720703
276368,normal,622,0,1782361846.4964335,0.001898050308227539
276369,normal,1259,0,1782361846.4984455,0.002012014389038086
276370,normal,3459,0,1782361846.5003057,0.0018601417541503906
276371,normal,2056,0,1782361846.502499,0.002193450927734375
276372,normal,607,0,1782361846.5044188,0.0019197463989257812
276373,normal,991,2,1782361846.5062943,0.0018754005432128906
276374,normal,1987,0,1782361846.5085075,0.0022132396697998047
276375,normal,1148,0,1782361846.5105555,0.002048015594482422
276376,normal,479,0,1782361846.5122817,0.0017261505126953125
276377,normal,968,2,1782361846.5144508,0.0021691322326660156
276378,normal,240,0,1782361846.5163827,0.001931905746459961
276379,normal,1312,0,1782361846.5184505,0.0020678043365478516
276380,normal,2104,0,1782361846.5205073,0.0020568370819091797
276381,normal,3085,1,1782361846.5224526,0.0019452571868896484
276382,normal,1831,0,1782361846.5244405,0.001987934112548828
276383,normal,2300,0,1782361846.526488,0.0020475387573242188
276384,normal,1875,0,1782361846.528408,0.0019199848175048828
276385,normal,2456,0,1782361846.5309243,0.0025162696838378906
276386,normal,3108,1,1782361846.5328474,0.0019230842590332031
276387,normal,632,0,1782361846.5343177,0.001470327377319336
276388,normal,2197,0,1782361846.536416,0.0020983219146728516
276389,normal,349,0,1782361846.538453,0.00203704833984375
276390,normal,1509,0,1782361846.5404155,0.001962423324584961
276391,normal,1155,0,1782361846.5424337,0.0020182132720947266
276392,normal,3048,1,1782361846.5444798,0.0020461082458496094
276393,normal,2078,0,1782361846.5464914,0.002011537551879883
276394,normal,1273,0,1782361846.5483305,0.0018391609191894531
276395,normal,2222,0,1782361846.550801,0.0024704933166503906
276396,normal,386,0,1782361846.5531707,0.0023696422576904297
276397,normal,3695,0,1782361846.5547001,0.0015294551849365234
276398,normal,2676,0,1782361846.5564559,0.0017557144165039062
276399,normal,2151,0,1782361846.5584235,0.0019676685333251953
276400,normal,1793,0,1782361846.5605083,0.0020847320556640625
276401,normal,2845,0,1782361846.5625138,0.0020055770874023438
276402,normal,3112,1,1782361846.564425,0.001911163330078125
276403,normal,842,2,1782361846.5664184,0.001993417739868164
276404,normal,767,0,1782361846.5685163,0.0020978450775146484
276405,normal,812,2,1782361846.570425,0.0019087791442871094
276406,normal,3549,0,1782361846.5725286,0.002103567123413086
276407,normal,3013,0,1782361846.574551,0.0020225048065185547
276408,normal,318,0,1782361846.5764797,0.001928567886352539
276409,normal,2971,0,1782361846.5785573,0.0020775794982910156
276410,normal,1408,0,1782361846.580501,0.001943826675415039
276411,normal,2371,0,1782361846.582444,0.0019428730010986328
276412,normal,2626,0,1782361846.5845687,0.002124786376953125
276413,normal,290,0,1782361846.5864768,0.0019080638885498047
276414,normal,504,0,1782361846.5884683,0.0019915103912353516
276415,normal,2524,0,1782361846.5904279,0.001959562301635742
276416,normal,3425,0,1782361846.592657,0.0022292137145996094
276417,normal,2512,0,1782361846.5944357,0.0017786026000976562
276418,normal,2271,0,1782361846.5965521,0.0021164417266845703
276419,normal,766,0,1782361846.5985827,0.002030611038208008
276420,normal,2209,0,1782361846.6003685,0.0017857551574707031
276421,normal,2181,0,1782361846.6025598,0.002191305160522461
276422,normal,2922,0,1782361846.604522,0.0019621849060058594
276423,normal,1045,0,1782361846.60642,0.001898050308227539
276424,normal,2047,0,1782361846.6085222,0.0021021366119384766
276425,normal,2099,0,1782361846.6105304,0.002008199691772461
276426,normal,2619,0,1782361846.612421,0.0018906593322753906
276427,normal,677,0,1782361846.6145337,0.0021126270294189453
276428,normal,3477,0,1782361846.616602,0.0020682811737060547
276429,normal,913,2,1782361846.6184022,0.0018002986907958984
276430,normal,3219,1,1782361846.6206906,0.002288341522216797
276431,normal,659,0,1782361846.6223671,0.0016765594482421875
276432,normal,2999,0,1782361846.6245382,0.002171039581298828
276433,normal,3358,1,1782361846.6264458,0.0019075870513916016
276434,normal,3364,1,1782361846.6285205,0.002074718475341797
276435,normal,972,2,1782361846.630411,0.001890420913696289
276436,normal,3424,0,1782361846.632519,0.0021080970764160156
276437,normal,3298,1,1782361846.6345577,0.002038717269897461
276438,normal,61,0,1782361846.636486,0.0019283294677734375
276439,normal,1371,1,1782361846.6385703,0.0020842552185058594
276440,normal,1551,0,1782361846.6406019,0.002031564712524414
276441,normal,890,2,1782361846.6425288,0.0019268989562988281
276442,normal,2281,0,1782361846.6444476,0.001918792724609375
276443,normal,478,0,1782361846.6466563,0.002208709716796875
276444,normal,2015,0,1782361846.6483793,0.0017230510711669922
276445,normal,1700,0,1782361846.650701,0.0023217201232910156
276446,normal,342,0,1782361846.6524782,0.0017771720886230469
276447,normal,954,2,1782361846.6543279,0.0018496513366699219
276448,normal,2958,0,1782361846.6565146,0.0021867752075195312
276449,normal,1778,0,1782361846.6585085,0.001993894577026367
276450,normal,2248,0,1782361846.660427,0.0019185543060302734
276451,normal,2348,0,1782361846.6626844,0.0022573471069335938
276452,normal,1796,0,1782361846.664334,0.001649618148803711
276453,normal,2523,0,1782361846.666513,0.0021789073944091797
276454,normal,1622,0,1782361846.6684227,0.0019097328186035156
276455,normal,2857,0,1782361846.6705062,0.0020835399627685547
276456,normal,3220,1,1782361846.6728697,0.002363443374633789
276457,normal,1827,0,1782361846.6744218,0.0015521049499511719
276458,normal,2649,0,1782361846.6767619,0.002340078353881836
276459,normal,3286,1,1782361846.6783674,0.0016055107116699219
276460,normal,2991,0,1782361846.6805224,0.0021550655364990234
276461,normal,3106,1,1782361846.6825259,0.0020034313201904297
276462,normal,217,0,1782361846.6844218,0.001895904541015625
276463,normal,1305,0,1782361846.6865127,0.002090930938720703
276464,normal,1,0,1782361846.6886232,0.0021104812622070312
276465,normal,1263,0,1782361846.6904867,0.0018634796142578125
276466,normal,808,2,1782361846.692459,0.0019724369049072266
276467,normal,2734,0,1782361846.6945367,0.0020775794982910156
276468,normal,1476,0,1782361846.6964324,0.0018956661224365234
276469,normal,2055,0,1782361846.6984353,0.0020029544830322266
276470,normal,1513,0,1782361846.700525,0.0020897388458251953
276471,normal,1621,0,1782361846.7025943,0.002069234848022461
276472,normal,2019,0,1782361846.7044752,0.0018808841705322266
276473,normal,1073,0,1782361846.7066205,0.0021452903747558594
276474,normal,2032,0,1782361846.7084017,0.0017812252044677734
276475,normal,2138,0,1782361846.7106571,0.0022554397583007812
276476,normal,2270,0,1782361846.712386,0.0017287731170654297
276477,normal,673,0,1782361846.7144916,0.002105712890625
276478,normal,611,0,1782361846.7166767,0.0021851062774658203
276479,normal,3268,1,1782361846.7186193,0.0019426345825195312
276480,normal,2410,0,1782361846.720423,0.0018036365509033203
276481,normal,1395,0,1782361846.7226455,0.0022225379943847656
276482,normal,645,0,1782361846.724729,0.0020835399627685547
276483,normal,3647,0,1782361846.7263546,0.0016255378723144531
276484,normal,3444,0,1782361846.728509,0.0021543502807617188
276485,normal,980,2,1782361846.730505,0.0019960403442382812
276486,normal,1967,0,1782361846.7324464,0.0019414424896240234
276487,normal,2858,0,1782361846.7345107,0.002064228057861328
276488,normal,192,0,1782361846.736517,0.0020062923431396484
276489,normal,3032,0,1782361846.7384114,0.0018944740295410156
276490,normal,1632,0,1782361846.7405128,0.002101421356201172
276491,normal,1983,0,1782361846.7425478,0.002034902572631836
276492,normal,1052,0,1782361846.744479,0.0019311904907226562
276493,normal,1811,0,1782361846.7464685,0.001989603042602539
276494,normal,1065,0,1782361846.7485428,0.0020742416381835938
276495,normal,3366,1,1782361846.750422,0.0018792152404785156
276496,normal,1418,0,1782361846.75255,0.0021278858184814453
276497,normal,2288,0,1782361846.7545576,0.002007722854614258
276498,normal,1689,0,1782361846.7564757,0.0019180774688720703
276499,normal,3155,1,1782361846.7585487,0.002073049545288086
276500,normal,2361,0,1782361846.7605371,0.0019884109497070312
276501,normal,202,0,1782361846.7624521,0.00191497802734375
276502,normal,456,0,1782361846.7645392,0.002087116241455078
276503,normal,3015,0,1782361846.7665715,0.0020322799682617188
276504,normal,1401,0,1782361846.7684534,0.0018818378448486328
276505,normal,2635,0,1782361846.7705035,0.002050161361694336
276506,normal,2346,0,1782361846.772554,0.0020503997802734375
276507,normal,2036,0,1782361846.7744188,0.0018649101257324219
276508,normal,3227,1,1782361846.7765164,0.002097606658935547
276509,normal,3218,1,1782361846.7784855,0.0019690990447998047
276510,normal,592,0,1782361846.780423,0.0019373893737792969
276511,normal,3385,1,1782361846.7825167,0.002093791961669922
276512,normal,1248,0,1782361846.7845585,0.0020418167114257812
276513,normal,1344,1,1782361846.7864802,0.0019216537475585938
276514,normal,1354,1,1782361846.7886302,0.0021500587463378906
276515,normal,2421,0,1782361846.7904558,0.001825571060180664
276516,normal,3105,1,1782361846.7924285,0.001972675323486328
276517,normal,3571,0,1782361846.794553,0.0021245479583740234
276518,normal,2743,0,1782361846.79655,0.0019969940185546875
276519,normal,3327,1,1782361846.7984116,0.001861572265625
276520,normal,2251,0,1782361846.8005207,0.002109050750732422
276521,normal,2301,0,1782361846.802514,0.001993417739868164
276522,normal,889,2,1782361846.8044918,0.001977682113647461
276523,normal,2259,0,1782361846.8064687,0.0019769668579101562
276524,normal,464,0,1782361846.8085787,0.002110004425048828
276525,normal,3205,1,1782361846.8105073,0.001928567886352539
276526,normal,2103,0,1782361846.81257,0.0020627975463867188
276527,normal,341,0,1782361846.8147233,0.002153158187866211
276528,normal,2571,0,1782361846.8163738,0.0016505718231201172
276529,normal,3000,0,1782361846.8185432,0.002169370651245117
276530,normal,1359,1,1782361846.8206294,0.002086162567138672
276531,normal,1062,0,1782361846.8225017,0.0018723011016845703
276532,normal,1522,0,1782361846.8244438,0.0019421577453613281
276533,normal,1382,0,1782361846.8265038,0.0020599365234375
276534,normal,2390,0,1782361846.8284218,0.0019180774688720703
276535,normal,174,0,1782361846.830571,0.0021491050720214844
276536,normal,1988,0,1782361846.832546,0.0019750595092773438
276537,normal,2645,0,1782361846.8344238,0.0018777847290039062
276538,normal,3021,0,1782361846.836514,0.0020902156829833984
276539,normal,2249,0,1782361846.8385046,0.0019905567169189453
276540,normal,1640,0,1782361846.84042,0.0019154548645019531
276541,normal,1652,0,1782361846.842818,0.0023980140686035156
276542,normal,439,0,1782361846.8444104,0.001592397689819336
276543,normal,3582,0,1782361846.8465266,0.0021162033081054688
276544,normal,1194,0,1782361846.8485038,0.001977205276489258
276545,normal,1650,0,1782361846.8505366,0.002032756805419922
276546,normal,2934,0,1782361846.8524241,0.0018875598907470703
276547,normal,1352,1,1782361846.8545234,0.002099275588989258
276548,normal,2668,0,1782361846.8565462,0.0020227432250976562
276549,normal,789,2,1782361846.858772,0.0022258758544921875
276550,normal,3341,1,1782361846.860357,0.0015850067138671875
276551,normal,2952,0,1782361846.8625236,0.0021665096282958984
276552,normal,2029,0,1782361846.864414,0.001890420913696289
276553,normal,3470,0,1782361846.866436,0.0020220279693603516
276554,normal,190,0,1782361846.8685324,0.002096414566040039
276555,normal,714,0,1782361846.870433,0.0019006729125976562
276556,normal,1036,0,1782361846.872574,0.0021409988403320312
276557,normal,1060,0,1782361846.8745677,0.0019936561584472656
276558,normal,758,0,1782361846.8763301,0.00176239013671875
276559,normal,2970,0,1782361846.8788419,0.002511739730834961
276560,normal,1026,2,1782361846.8809311,0.002089262008666992
276561,normal,3289,1,1782361846.8824282,0.001497030258178711
276562,normal,3049,1,1782361846.8844218,0.0019936561584472656
276563,normal,1323,1,1782361846.8865385,0.002116680145263672
276564,normal,2926,0,1782361846.888508,0.001969575881958008
276565,normal,269,0,1782361846.8904939,0.001985788345336914
276566,normal,1145,0,1782361846.8925998,0.0021059513092041016
276567,normal,3464,0,1782361846.8945653,0.0019655227661132812
276568,normal,652,0,1782361846.8963559,0.0017905235290527344
276569,normal,3187,1,1782361846.898747,0.0023910999298095703
276570,normal,2305,0,1782361846.900624,0.0018770694732666016
276571,normal,1902,0,1782361846.9023616,0.0017375946044921875
276572,normal,1054,0,1782361846.904519,0.002157449722290039
276573,normal,2205,0,1782361846.906406,0.0018868446350097656
276574,normal,166,0,1782361846.9084153,0.0020093917846679688
276575,normal,1556,0,1782361846.9105153,0.0020999908447265625
276576,normal,2480,0,1782361846.9124167,0.001901388168334961
276577,normal,2538,0,1782361846.91451,0.0020933151245117188
276578,normal,745,0,1782361846.9165218,0.0020117759704589844
276579,normal,3035,0,1782361846.9183486,0.0018267631530761719
276580,normal,1880,0,1782361846.9205697,0.0022211074829101562
276581,normal,1815,0,1782361846.9225698,0.002000093460083008
276582,normal,3262,1,1782361846.9244392,0.0018694400787353516
276583,normal,3699,0,1782361846.9264178,0.001978635787963867
276584,normal,2085,0,1782361846.9285524,0.002134561538696289
276585,normal,1934,0,1782361846.9304547,0.0019023418426513672
276586,normal,375,0,1782361846.9325855,0.002130746841430664
276587,normal,1362,1,1782361846.934433,0.0018475055694580078
276588,normal,3135,1,1782361846.936521,0.0020880699157714844
276589,normal,53,0,1782361846.9384305,0.001909494400024414
276590,normal,2035,0,1782361846.940543,0.0021123886108398438
276591,normal,3125,1,1782361846.9425602,0.0020172595977783203
276592,normal,1930,0,1782361846.944452,0.0018918514251708984
276593,normal,1342,1,1782361846.9465873,0.0021352767944335938
276594,normal,102,0,1782361846.9484727,0.0018854141235351562
276595,normal,1609,0,1782361846.9503207,0.001847982406616211
276596,normal,3439,0,1782361846.9524992,0.0021784305572509766
276597,normal,762,0,1782361846.9543338,0.0018346309661865234
276598,normal,938,2,1782361846.9565554,0.0022215843200683594
276599,normal,3671,0,1782361846.958562,0.00200653076171875
276600,normal,1063,0,1782361846.9604795,0.0019176006317138672
276601,normal,1494,0,1782361846.9624019,0.0019223690032958984
276602,normal,1639,0,1782361846.9648156,0.0024137496948242188
276603,normal,3110,1,1782361846.9663568,0.0015411376953125
276604,normal,1694,0,1782361846.9684339,0.0020771026611328125
276605,normal,1020,2,1782361846.9705608,0.002126932144165039
276606,normal,1442,0,1782361846.972465,0.0019042491912841797
276607,normal,2705,0,1782361846.9745207,0.002055644989013672
276608,normal,1040,0,1782361846.9765139,0.0019931793212890625
276609,normal,2350,0,1782361846.9784153,0.001901388168334961
276610,normal,1745,0,1782361846.9805791,0.0021638870239257812
276611,normal,3033,0,1782361846.9825897,0.0020105838775634766
276612,normal,372,0,1782361846.9843729,0.001783132553100586
276613,normal,298,0,1782361846.986597,0.0022242069244384766
276614,normal,1240,0,1782361846.9886885,0.0020914077758789062
276615,normal,1633,0,1782361846.9906569,0.0019683837890625
276616,normal,1782,0,1782361846.992473,0.0018160343170166016
276617,normal,16,0,1782361846.9946873,0.0022144317626953125
276618,normal,35,0,1782361846.9965193,0.0018320083618164062
276619,normal,2959,0,1782361846.998419,0.00189971923828125
276620,normal,1025,2,1782361847.0005043,0.0020852088928222656
276621,normal,3680,0,1782361847.002427,0.0019228458404541016
276622,normal,1424,0,1782361847.0045173,0.0020902156829833984
276623,normal,1103,0,1782361847.0066266,0.0021092891693115234
276624,normal,1507,0,1782361847.0084553,0.0018286705017089844
276625,normal,870,2,1782361847.010505,0.002049684524536133
276626,normal,1631,0,1782361847.0125196,0.002014636993408203
276627,normal,606,0,1782361847.0144067,0.0018870830535888672
276628,normal,668,0,1782361847.016541,0.0021343231201171875
276629,normal,522,0,1782361847.0187814,0.002240419387817383
276630,normal,2169,0,1782361847.02039,0.0016086101531982422
276631,normal,1059,0,1782361847.0227466,0.0023565292358398438
276632,normal,2606,0,1782361847.0243626,0.0016160011291503906
276633,normal,1030,0,1782361847.0265474,0.0021848678588867188
276634,normal,2265,0,1782361847.0284348,0.0018873214721679688
276635,normal,3068,1,1782361847.0305333,0.002098560333251953
276636,normal,300,0,1782361847.0325716,0.002038240432739258
276637,normal,2341,0,1782361847.0344284,0.0018568038940429688
276638,normal,2918,0,1782361847.0365736,0.0021452903747558594
276639,normal,3635,0,1782361847.0384157,0.0018420219421386719
276640,normal,357,0,1782361847.0405161,0.0021004676818847656
276641,normal,2968,0,1782361847.0424898,0.0019736289978027344
276642,normal,2794,0,1782361847.0444388,0.0019490718841552734
276643,normal,351,0,1782361847.046657,0.0022182464599609375
276644,normal,2779,0,1782361847.0487785,0.002121448516845703
276645,normal,2465,0,1782361847.0504284,0.0016498565673828125
276646,normal,2667,0,1782361847.0526404,0.002212047576904297
276647,normal,1962,0,1782361847.0545387,0.0018982887268066406
276648,normal,2953,0,1782361847.0565352,0.0019965171813964844
276649,normal,3052,1,1782361847.058334,0.001798868179321289
276650,normal,1388,0,1782361847.0607295,0.0023953914642333984
276651,normal,3297,1,1782361847.0625107,0.0017812252044677734
276652,normal,3151,1,1782361847.0645094,0.0019986629486083984
276653,normal,1210,0,1782361847.0665088,0.001999378204345703
276654,normal,1625,0,1782361847.0685804,0.0020716190338134766
276655,normal,147,0,1782361847.0705843,0.002003908157348633
276656,normal,2177,0,1782361847.072441,0.0018568038940429688
276657,normal,799,2,1782361847.0744138,0.001972675323486328
276658,normal,355,0,1782361847.0765097,0.002095937728881836
276659,normal,2850,0,1782361847.0785167,0.002007007598876953
276660,normal,3390,1,1782361847.080402,0.0018851757049560547
276661,normal,3188,1,1782361847.0824766,0.002074718475341797
276662,normal,209,0,1782361847.0845115,0.002034902572631836
276663,normal,700,0,1782361847.0864222,0.0019106864929199219
276664,normal,1747,0,1782361847.0885289,0.0021066665649414062
276665,normal,100,0,1782361847.090571,0.002042055130004883
276666,normal,3479,0,1782361847.0924666,0.0018956661224365234
276667,normal,2688,0,1782361847.0944202,0.001953601837158203
276668,normal,1753,0,1782361847.096533,0.002112865447998047
276669,normal,2238,0,1782361847.0984442,0.001911163330078125
276670,normal,319,0,1782361847.100562,0.0021178722381591797
276671,normal,2303,0,1782361847.102579,0.0020170211791992188
276672,normal,1862,0,1782361847.1044047,0.001825571060180664
276673,normal,3539,0,1782361847.1065211,0.0021164417266845703
276674,normal,3616,0,1782361847.1085362,0.0020151138305664062
276675,normal,1267,0,1782361847.1104379,0.0019016265869140625
276676,normal,2272,0,1782361847.1125498,0.0021119117736816406
276677,normal,3553,0,1782361847.1145732,0.002023458480834961
276678,normal,586,0,1782361847.1164954,0.0019221305847167969
276679,normal,3678,0,1782361847.1184492,0.0019538402557373047
276680,normal,3694,0,1782361847.120533,0.0020837783813476562
276681,normal,2227,0,1782361847.1224298,0.0018968582153320312
276682,normal,130,0,1782361847.1245148,0.002084970474243164
276683,normal,953,2,1782361847.1265185,0.0020036697387695312
276684,normal,2949,0,1782361847.1284158,0.0018973350524902344
276685,normal,1547,0,1782361847.130566,0.0021500587463378906
276686,normal,2137,0,1782361847.1325793,0.0020134449005126953
276687,normal,2610,0,1782361847.134526,0.0019466876983642578
276688,normal,1129,0,1782361847.1363394,0.0018134117126464844
276689,normal,2504,0,1782361847.1385412,0.0022017955780029297
276690,normal,872,2,1782361847.1404805,0.0019392967224121094
276691,normal,72,0,1782361847.1424115,0.0019309520721435547
276692,normal,1519,0,1782361847.144521,0.002109527587890625
276693,normal,1602,0,1782361847.1464143,0.0018932819366455078
276694,normal,1941,0,1782361847.148545,0.002130746841430664
276695,normal,104,0,1782361847.1505983,0.0020532608032226562
276696,normal,3357,1,1782361847.153056,0.0024576187133789062
276697,normal,1149,0,1782361847.1544337,0.0013778209686279297
276698,normal,3674,0,1782361847.1565306,0.002096891403198242
276699,normal,3560,0,1782361847.1584482,0.0019176006317138672
276700,normal,3412,0,1782361847.1605482,0.0020999908447265625
276701,normal,2717,0,1782361847.162462,0.0019137859344482422
276702,normal,421,0,1782361847.1644866,0.0020246505737304688
276703,normal,3221,1,1782361847.1667044,0.0022177696228027344
276704,normal,131,0,1782361847.1685746,0.0018701553344726562
276705,normal,2825,0,1782361847.1704159,0.0018413066864013672
276706,normal,3534,0,1782361847.1725152,0.002099275588989258
276707,normal,1454,0,1782361847.1745012,0.0019860267639160156
276708,normal,1117,0,1782361847.176425,0.0019237995147705078
276709,normal,593,0,1782361847.1786568,0.0022318363189697266
276710,normal,2503,0,1782361847.1803315,0.001674652099609375
276711,normal,564,0,1782361847.1825042,0.002172708511352539
276712,normal,117,0,1782361847.1844227,0.0019185543060302734
276713,normal,2474,0,1782361847.18651,0.0020873546600341797
276714,normal,2396,0,1782361847.1887054,0.0021953582763671875
276715,normal,713,0,1782361847.190474,0.0017685890197753906
276716,normal,1754,0,1782361847.1924329,0.0019588470458984375
276717,normal,1714,0,1782361847.194546,0.0021131038665771484
276718,normal,3630,0,1782361847.196329,0.001783132553100586
276719,normal,2367,0,1782361847.198521,0.002191781997680664
276720,normal,431,0,1782361847.2004437,0.0019228458404541016
276721,normal,435,0,1782361847.2025373,0.0020935535430908203
276722,normal,3102,1,1782361847.2048097,0.002272367477416992
276723,normal,1945,0,1782361847.206427,0.001617431640625
276724,normal,1989,0,1782361847.2085135,0.0020864009857177734
276725,normal,1994,0,1782361847.2105167,0.002003192901611328
276726,normal,3128,1,1782361847.21242,0.0019032955169677734
276727,normal,452,0,1782361847.2145176,0.002097606658935547
276728,normal,556,0,1782361847.2165248,0.0020072460174560547
276729,normal,1158,0,1782361847.21848,0.001955270767211914
276730,normal,1673,0,1782361847.2204459,0.001965761184692383
276731,normal,874,2,1782361847.2225215,0.002075672149658203
276732,normal,895,2,1782361847.2245216,0.002000093460083008
276733,normal,1379,1,1782361847.226913,0.002391338348388672
276734,normal,1752,0,1782361847.2285876,0.001674652099609375
276735,normal,2166,0,1782361847.2303138,0.0017261505126953125
276736,normal,3491,0,1782361847.2325063,0.0021924972534179688
276737,normal,3326,1,1782361847.2345622,0.0020558834075927734
276738,normal,2708,0,1782361847.2364655,0.0019032955169677734
276739,normal,3462,0,1782361847.2385871,0.0021216869354248047
276740,normal,2574,0,1782361847.240721,0.0021338462829589844
276741,normal,2170,0,1782361847.24243,0.001708984375
276742,normal,1416,0,1782361847.244418,0.001987934112548828
276743,normal,719,0,1782361847.246948,0.0025300979614257812
276744,normal,1313,0,1782361847.2484941,0.0015461444854736328
276745,normal,1722,0,1782361847.2504044,0.0019102096557617188
276746,normal,252,0,1782361847.2525148,0.0021104812622070312
276747,normal,2513,0,1782361847.2544117,0.0018968582153320312
276748,normal,775,2,1782361847.2565188,0.0021071434020996094
276749,normal,1443,0,1782361847.2585108,0.0019919872283935547
276750,normal,770,0,1782361847.2604127,0.001901865005493164
276751,normal,660,0,1782361847.2625027,0.002089977264404297
276752,normal,1261,0,1782361847.2645206,0.002017974853515625
276753,normal,2554,0,1782361847.2664487,0.001928091049194336
276754,normal,3054,1,1782361847.2686048,0.0021560192108154297
276755,normal,1150,0,1782361847.270575,0.0019702911376953125
276756,normal,744,0,1782361847.2724016,0.0018265247344970703
276757,normal,1859,0,1782361847.2745287,0.0021271705627441406
276758,normal,3431,0,1782361847.2765727,0.0020439624786376953
276759,normal,204,0,1782361847.2783818,0.0018091201782226562
276760,normal,1015,2,1782361847.2805626,0.002180814743041992
276761,normal,2376,0,1782361847.2825263,0.0019636154174804688
276762,normal,2986,0,1782361847.2844324,0.0019061565399169922
276763,normal,3314,1,1782361847.2865236,0.0020911693572998047
276764,normal,3182,1,1782361847.28856,0.0020363330841064453
276765,normal,2253,0,1782361847.2904546,0.0018947124481201172
276766,normal,1499,0,1782361847.2927272,0.0022726058959960938
276767,normal,3458,0,1782361847.2944624,0.0017352104187011719
276768,normal,2795,0,1782361847.296439,0.001976490020751953
276769,normal,2340,0,1782361847.2984176,0.001978635787963867
276770,normal,3445,0,1782361847.300519,0.002101421356201172
276771,normal,3291,1,1782361847.3024216,0.0019025802612304688
276772,normal,1423,0,1782361847.3045225,0.0021009445190429688
276773,normal,2818,0,1782361847.306527,0.002004384994506836
276774,normal,665,0,1782361847.3084514,0.0019245147705078125
276775,normal,2488,0,1782361847.3107271,0.002275705337524414
276776,normal,754,0,1782361847.3124998,0.0017726421356201172
276777,normal,891,2,1782361847.3144538,0.0019540786743164062
276778,normal,1950,0,1782361847.3164456,0.001991748809814453
276779,normal,2587,0,1782361847.3185816,0.0021359920501708984
276780,normal,3619,0,1782361847.3203192,0.0017375946044921875
276781,normal,2277,0,1782361847.3225136,0.0021944046020507812
276782,normal,1207,0,1782361847.3245118,0.0019981861114501953
276783,normal,2312,0,1782361847.3264468,0.0019350051879882812
276784,normal,741,0,1782361847.328584,0.0021371841430664062
276785,normal,364,0,1782361847.33057,0.0019860267639160156
276786,normal,988,2,1782361847.332487,0.001917123794555664
276787,normal,405,0,1782361847.334706,0.002218961715698242
276788,normal,2161,0,1782361847.3364682,0.0017621517181396484
276789,normal,2027,0,1782361847.3386977,0.002229452133178711
276790,normal,3652,0,1782361847.3403819,0.0016841888427734375
276791,normal,2246,0,1782361847.342702,0.0023200511932373047
276792,normal,2820,0,1782361847.3444455,0.0017435550689697266
276793,normal,792,2,1782361847.346511,0.002065420150756836
276794,normal,1023,2,1782361847.348482,0.001971006393432617
276795,normal,2805,0,1782361847.3503072,0.0018253326416015625
276796,normal,3685,0,1782361847.3523278,0.002020597457885742
276797,normal,530,0,1782361847.354482,0.002154111862182617
276798,normal,2086,0,1782361847.356304,0.0018219947814941406
276799,normal,1901,0,1782361847.3584359,0.002131938934326172
276800,normal,3612,0,1782361847.3603861,0.0019502639770507812
276801,normal,1785,0,1782361847.3622901,0.0019040107727050781
276802,normal,1407,0,1782361847.3648045,0.002514362335205078
276803,normal,594,0,1782361847.3665369,0.0017323493957519531
276804,normal,1486,0,1782361847.368484,0.001947164535522461
276805,normal,3189,1,1782361847.370519,0.002034902572631836
276806,normal,3556,0,1782361847.3724535,0.0019345283508300781
276807,normal,1685,0,1782361847.37442,0.0019664764404296875
276808,normal,280,0,1782361847.3765266,0.0021066665649414062
276809,normal,923,2,1782361847.3785832,0.002056598663330078
276810,normal,1191,0,1782361847.3805184,0.0019352436065673828
276811,normal,230,0,1782361847.3824792,0.00196075439453125
276812,normal,815,2,1782361847.384517,0.0020377635955810547
276813,normal,1147,0,1782361847.3864152,0.0018982887268066406
276814,normal,3700,0,1782361847.3885188,0.002103567123413086
276815,normal,2718,0,1782361847.3905191,0.0020003318786621094
276816,normal,1769,0,1782361847.39242,0.0019009113311767578
276817,normal,2591,0,1782361847.394706,0.0022859573364257812
276818,normal,3133,1,1782361847.3966055,0.0018994808197021484
276819,normal,1702,0,1782361847.3985002,0.0018947124481201172
276820,normal,408,0,1782361847.4004889,0.001988649368286133
276821,normal,555,0,1782361847.4026318,0.0021429061889648438
276822,normal,813,2,1782361847.4043736,0.0017418861389160156
276823,normal,285,0,1782361847.4065156,0.0021419525146484375
276824,normal,402,0,1782361847.4088225,0.0023069381713867188
276825,normal,1014,2,1782361847.410473,0.0016505718231201172
276826,normal,2533,0,1782361847.4124386,0.0019655227661132812
276827,normal,2194,0,1782361847.41477,0.002331256866455078
276828,normal,3610,0,1782361847.4168346,0.0020647048950195312
276829,normal,1002,2,1782361847.4183826,0.0015480518341064453
276830,normal,2225,0,1782361847.4205086,0.002125978469848633
276831,normal,2762,0,1782361847.4224355,0.0019268989562988281
276832,normal,1838,0,1782361847.4245067,0.0020711421966552734
276833,normal,2877,0,1782361847.4265113,0.0020046234130859375
276834,normal,866,2,1782361847.4284103,0.0018990039825439453
276835,normal,2255,0,1782361847.4305081,0.0020978450775146484
276836,normal,2292,0,1782361847.4325066,0.001998424530029297
276837,normal,500,0,1782361847.4344373,0.0019307136535644531
276838,normal,119,0,1782361847.4365566,0.002119302749633789
276839,normal,3454,0,1782361847.4385622,0.0020055770874023438
276840,normal,97,0,1782361847.4404461,0.0018839836120605469
276841,normal,664,0,1782361847.4425075,0.0020613670349121094
276842,normal,1543,0,1782361847.4445536,0.0020461082458496094
276843,normal,3583,0,1782361847.4464715,0.0019178390502929688
276844,normal,3009,0,1782361847.4485633,0.0020918846130371094
276845,normal,3365,1,1782361847.4505465,0.001983165740966797
276846,normal,563,0,1782361847.4524124,0.0018658638000488281
276847,normal,761,0,1782361847.4545317,0.002119302749633789
276848,normal,2311,0,1782361847.4565363,0.0020046234130859375
276849,normal,1575,0,1782361847.4584453,0.001909017562866211
276850,normal,472,0,1782361847.4605484,0.002103090286254883
276851,normal,3318,1,1782361847.4625788,0.0020303726196289062
276852,normal,3407,0,1782361847.464467,0.001888275146484375
276853,normal,272,0,1782361847.4665163,0.0020492076873779297
276854,normal,1893,0,1782361847.4685175,0.0020012855529785156
276855,normal,551,0,1782361847.4704115,0.0018939971923828125
276856,normal,1777,0,1782361847.4725266,0.002115011215209961
276857,normal,1394,0,1782361847.474527,0.0020003318786621094
276858,normal,2091,0,1782361847.4764214,0.0018944740295410156
276859,normal,3494,0,1782361847.478568,0.0021467208862304688
276860,normal,2988,0,1782361847.4807575,0.0021893978118896484
276861,normal,3369,1,1782361847.4824064,0.0016489028930664062
276862,normal,2400,0,1782361847.484503,0.0020966529846191406
276863,normal,865,2,1782361847.4866505,0.0021474361419677734
276864,normal,1094,0,1782361847.4885135,0.0018630027770996094
276865,normal,2438,0,1782361847.4909208,0.0024073123931884766
276866,normal,1322,1,1782361847.4923007,0.0013799667358398438
276867,normal,1660,0,1782361847.4942677,0.0019669532775878906
276868,normal,325,0,1782361847.4962974,0.0020296573638916016
276869,normal,3208,1,1782361847.498556,0.0022585391998291016
276870,normal,3481,0,1782361847.500402,0.0018460750579833984
276871,normal,2235,0,1782361847.5024128,0.002010822296142578
276872,normal,2320,0,1782361847.5044122,0.001999378204345703
276873,normal,1438,0,1782361847.5064514,0.002039194107055664
276874,normal,620,0,1782361847.508463,0.002011537551879883
276875,normal,3193,1,1782361847.5109646,0.0025017261505126953
276876,normal,2185,0,1782361847.5125291,0.0015645027160644531
276877,normal,2052,0,1782361847.5145924,0.002063274383544922
276878,normal,2844,0,1782361847.516524,0.0019316673278808594
276879,normal,2636,0,1782361847.5184126,0.0018885135650634766
276880,normal,639,0,1782361847.5208411,0.0024285316467285156
276881,normal,3672,0,1782361847.5223281,0.0014870166778564453
276882,normal,2057,0,1782361847.5244656,0.002137422561645508
276883,normal,3421,0,1782361847.5263393,0.0018737316131591797
276884,normal,1919,0,1782361847.5284796,0.0021402835845947266
276885,normal,3183,1,1782361847.5304806,0.002001047134399414
276886,normal,1397,0,1782361847.5324636,0.0019829273223876953
276887,normal,2426,0,1782361847.5344048,0.0019412040710449219
276888,normal,785,2,1782361847.536661,0.002256155014038086
276889,normal,1552,0,1782361847.5383472,0.0016863346099853516
276890,normal,854,2,1782361847.5406032,0.0022559165954589844
276891,normal,2657,0,1782361847.5428262,0.0022230148315429688
276892,normal,1593,0,1782361847.54455,0.0017237663269042969
276893,normal,1849,0,1782361847.5465758,0.0020258426666259766
276894,normal,3488,0,1782361847.548561,0.001985311508178711
276895,normal,138,0,1782361847.5503805,0.0018193721771240234
276896,normal,608,0,1782361847.552495,0.002114534378051758
276897,normal,3420,0,1782361847.5543876,0.0018925666809082031
276898,normal,3122,1,1782361847.5564833,0.0020956993103027344
276899,normal,1760,0,1782361847.5583918,0.0019085407257080078
276900,normal,1879,0,1782361847.5609322,0.0025403499603271484
276901,normal,1405,0,1782361847.5624769,0.0015447139739990234
276902,normal,2933,0,1782361847.5644977,0.0020208358764648438
276903,normal,2440,0,1782361847.566383,0.0018851757049560547
276904,normal,1958,0,1782361847.5685031,0.0021202564239501953
276905,normal,274,0,1782361847.5704305,0.0019273757934570312
276906,normal,1276,0,1782361847.5724757,0.002045154571533203
276907,normal,2778,0,1782361847.5744295,0.0019538402557373047
276908,normal,2680,0,1782361847.5765057,0.0020761489868164062
276909,normal,750,0,1782361847.5784225,0.0019168853759765625
276910,normal,565,0,1782361847.5806859,0.002263307571411133
276911,normal,1392,0,1782361847.5830872,0.0024013519287109375
276912,normal,1907,0,1782361847.585171,0.0020837783813476562
276913,normal,1214,0,1782361847.586376,0.0012049674987792969
276914,normal,2906,0,1782361847.5884106,0.0020346641540527344
276915,normal,779,2,1782361847.5908854,0.0024747848510742188
276916,normal,1804,0,1782361847.5927176,0.0018322467803955078
276917,normal,3417,0,1782361847.5948386,0.0021209716796875
276918,normal,1308,0,1782361847.5980568,0.0032181739807128906
276919,normal,207,0,1782361847.598451,0.0003941059112548828
276920,normal,1883,0,1782361847.6005886,0.0021376609802246094
276921,normal,3004,0,1782361847.6027749,0.002186298370361328
276922,normal,1599,0,1782361847.6045055,0.0017306804656982422
276923,normal,3320,1,1782361847.6065273,0.00202178955078125
276924,normal,3577,0,1782361847.608683,0.002155780792236328
276925,normal,2163,0,1782361847.6109264,0.0022432804107666016
276926,normal,914,2,1782361847.6124504,0.0015239715576171875
276927,normal,1357,1,1782361847.6144712,0.0020208358764648438
276928,normal,759,0,1782361847.6163678,0.0018966197967529297
276929,normal,3098,1,1782361847.618531,0.0021631717681884766
276930,normal,1889,0,1782361847.6204123,0.0018813610076904297
276931,normal,295,0,1782361847.6225433,0.0021309852600097656
276932,normal,1868,0,1782361847.6244788,0.0019354820251464844
276933,normal,2418,0,1782361847.62658,0.0021011829376220703
276934,normal,693,0,1782361847.6284354,0.0018553733825683594
276935,normal,2721,0,1782361847.6305492,0.002113819122314453
276936,normal,78,0,1782361847.632485,0.001935720443725586
276937,normal,1294,0,1782361847.6346045,0.0021195411682128906
276938,normal,113,0,1782361847.636488,0.0018835067749023438
276939,normal,3002,0,1782361847.638535,0.0020470619201660156
276940,normal,2028,0,1782361847.6403947,0.0018596649169921875
276941,normal,2662,0,1782361847.6428087,0.0024139881134033203
276942,normal,2783,0,1782361847.644435,0.0016262531280517578
276943,normal,3359,1,1782361847.646567,0.0021321773529052734
276944,normal,143,0,1782361847.6484623,0.0018951892852783203
276945,normal,2722,0,1782361847.6504366,0.001974344253540039
276946,normal,915,2,1782361847.6523762,0.001939535140991211
276947,normal,3332,1,1782361847.6544893,0.0021131038665771484
276948,normal,704,0,1782361847.656373,0.0018837451934814453
276949,normal,2989,0,1782361847.658539,0.0021660327911376953
276950,normal,79,0,1782361847.6605074,0.0019683837890625
276951,normal,85,0,1782361847.6624808,0.001973390579223633
276952,normal,1526,0,1782361847.664689,0.002208232879638672
276953,normal,1049,0,1782361847.6665275,0.0018384456634521484
276954,normal,2097,0,1782361847.668522,0.0019943714141845703
276955,normal,752,0,1782361847.670392,0.0018701553344726562
276956,normal,2502,0,1782361847.672483,0.002090930938720703
276957,normal,3256,1,1782361847.6744506,0.0019676685333251953
276958,normal,3280,1,1782361847.6764603,0.0020096302032470703
276959,normal,3682,0,1782361847.6783724,0.0019121170043945312
276960,normal,3475,0,1782361847.680477,0.002104520797729492
276961,normal,1940,0,1782361847.6823955,0.0019185543060302734
276962,normal,2063,0,1782361847.6845415,0.002146005630493164
276963,normal,1234,0,1782361847.6868594,0.0023179054260253906
276964,normal,2598,0,1782361847.6884332,0.001573801040649414
276965,normal,542,0,1782361847.6905363,0.002103090286254883
276966,normal,787,2,1782361847.6925478,0.002011537551879883
276967,normal,245,0,1782361847.694536,0.0019881725311279297
276968,normal,1404,0,1782361847.696619,0.0020830631256103516
276969,normal,3360,1,1782361847.6984122,0.0017931461334228516
276970,normal,388,0,1782361847.70057,0.002157926559448242
276971,normal,614,0,1782361847.7025125,0.0019423961639404297
276972,normal,2846,0,1782361847.704595,0.0020825862884521484
276973,normal,144,0,1782361847.7064486,0.0018534660339355469
276974,normal,1092,0,1782361847.7085314,0.00208282470703125
276975,normal,3397,1,1782361847.7104266,0.0018951892852783203
276976,normal,327,0,1782361847.7126,0.0021734237670898438
276977,normal,462,0,1782361847.714944,0.002343893051147461
276978,normal,2737,0,1782361847.7167664,0.0018224716186523438
276979,normal,2442,0,1782361847.718431,0.0016646385192871094
276980,normal,1212,0,1782361847.7205248,0.002093791961669922
276981,normal,1669,0,1782361847.7225168,0.0019919872283935547
276982,normal,3578,0,1782361847.7246754,0.002158641815185547
276983,normal,2365,0,1782361847.7263696,0.0016942024230957031
276984,normal,2924,0,1782361847.7292154,0.00284576416015625
276985,normal,2693,0,1782361847.7306845,0.0014691352844238281
276986,normal,1789,0,1782361847.7324455,0.0017609596252441406
276987,normal,2937,0,1782361847.7344487,0.002003192901611328
276988,normal,2500,0,1782361847.736462,0.0020134449005126953
276989,normal,44,0,1782361847.7385497,0.0020875930786132812
276990,normal,122,0,1782361847.7403321,0.0017824172973632812
276991,normal,3226,1,1782361847.7425694,0.0022373199462890625
276992,normal,3393,1,1782361847.7444868,0.0019173622131347656
276993,normal,2542,0,1782361847.7463982,0.0019114017486572266
276994,normal,99,0,1782361847.7484531,0.002054929733276367
276995,normal,451,0,1782361847.7509716,0.0025184154510498047
276996,normal,115,0,1782361847.7524364,0.00146484375
276997,normal,1448,0,1782361847.755898,0.003461599349975586
276998,normal,2344,0,1782361847.7565923,0.00069427490234375
276999,normal,3648,0,1782361847.758384,0.0017917156219482422
277000,normal,2516,0,1782361847.7605076,0.002123594284057617
277001,normal,3127,1,1782361847.7624228,0.0019152164459228516
277002,normal,146,0,1782361847.7644658,0.002043008804321289
277003,normal,1979,0,1782361847.7663512,0.0018854141235351562
277004,normal,3547,0,1782361847.7690117,0.002660512924194336
277005,normal,2329,0,1782361847.770823,0.0018112659454345703
277006,normal,1483,0,1782361847.77321,0.0023870468139648438
277007,normal,3039,0,1782361847.7744663,0.0012562274932861328
277008,normal,2179,0,1782361847.7764416,0.0019752979278564453
277009,normal,3411,0,1782361847.7783492,0.0019075870513916016
277010,normal,250,0,1782361847.780502,0.0021529197692871094
277011,normal,1514,0,1782361847.7824144,0.0019123554229736328
277012,normal,2250,0,1782361847.7845314,0.0021169185638427734
277013,normal,3689,0,1782361847.786449,0.0019176006317138672
277014,normal,468,0,1782361847.7889733,0.0025243759155273438
277015,normal,888,2,1782361847.7906458,0.001672506332397461
277016,normal,1623,0,1782361847.7928517,0.0022058486938476562
277017,normal,3020,0,1782361847.7948072,0.0019555091857910156
277018,normal,3558,0,1782361847.7965908,0.001783609390258789
277019,normal,987,2,1782361847.7985065,0.0019156932830810547
277020,normal,3199,1,1782361847.8005524,0.002045869827270508
277021,normal,819,2,1782361847.8023794,0.0018270015716552734
277022,normal,3405,0,1782361847.8047688,0.0023894309997558594
277023,normal,1291,0,1782361847.8066044,0.0018355846405029297
277024,normal,1576,0,1782361847.8085616,0.0019571781158447266
277025,normal,2128,0,1782361847.810481,0.0019195079803466797
277026,normal,371,0,1782361847.812638,0.002156972885131836
277027,normal,69,0,1782361847.814884,0.0022459030151367188
277028,normal,1346,1,1782361847.8164332,0.0015492439270019531
277029,normal,1530,0,1782361847.8184645,0.0020313262939453125
277030,normal,1038,0,1782361847.8203921,0.0019276142120361328
277031,normal,3180,1,1782361847.8225763,0.002184152603149414
277032,normal,3184,1,1782361847.8244698,0.0018935203552246094
277033,normal,338,0,1782361847.8264832,0.0020134449005126953
277034,normal,1028,2,1782361847.828406,0.0019228458404541016
277035,normal,2039,0,1782361847.8305764,0.0021703243255615234
277036,normal,1189,0,1782361847.832445,0.0018684864044189453
277037,normal,1537,0,1782361847.8346276,0.0021827220916748047
277038,normal,203,0,1782361847.8365154,0.0018877983093261719
277039,normal,1098,0,1782361847.8384736,0.001958131790161133
277040,normal,2746,0,1782361847.8404708,0.001997232437133789
277041,normal,3512,0,1782361847.8425407,0.0020699501037597656
277042,normal,508,0,1782361847.8443706,0.0018298625946044922
277043,normal,1490,0,1782361847.8465421,0.0021715164184570312
277044,normal,3083,1,1782361847.8484666,0.0019245147705078125
277045,normal,1005,2,1782361847.8505805,0.002113819122314453
277046,normal,1512,0,1782361847.852494,0.0019135475158691406
277047,normal,525,0,1782361847.8545694,0.0020754337310791016
277048,normal,3367,1,1782361847.8563747,0.0018053054809570312
277049,normal,2760,0,1782361847.8584938,0.0021190643310546875
277050,normal,3455,0,1782361847.8603845,0.0018906593322753906
277051,normal,1341,1,1782361847.8625014,0.0021169185638427734
277052,normal,2707,0,1782361847.8644197,0.0019183158874511719
277053,normal,3008,0,1782361847.8664951,0.0020754337310791016
277054,normal,729,0,1782361847.868437,0.0019419193267822266
277055,normal,2814,0,1782361847.8705788,0.002141714096069336
277056,normal,195,0,1782361847.8724384,0.0018596649169921875
277057,normal,822,2,1782361847.8745534,0.002115011215209961
277058,normal,498,0,1782361847.8764699,0.0019164085388183594
277059,normal,133,0,1782361847.8785098,0.0020399093627929688
277060,normal,1328,1,1782361847.8803675,0.001857757568359375
277061,normal,807,2,1782361847.8824759,0.002108335494995117
277062,normal,2354,0,1782361847.8844419,0.0019659996032714844
277063,normal,2196,0,1782361847.8865664,0.0021245479583740234
277064,normal,1018,2,1782361847.8888674,0.0023009777069091797
277065,normal,432,0,1782361847.890363,0.0014955997467041016
277066,normal,2724,0,1782361847.8924658,0.0021028518676757812
277067,normal,630,0,1782361847.8943765,0.0019106864929199219
277068,normal,1813,0,1782361847.8966882,0.00231170654296875
277069,normal,831,2,1782361847.898407,0.001718759536743164
277070,normal,1895,0,1782361847.900502,0.0020949840545654297
277071,normal,3069,1,1782361847.9024224,0.001920461654663086
277072,normal,3352,1,1782361847.9046474,0.0022249221801757812
277073,normal,2678,0,1782361847.9065375,0.0018901824951171875
277074,normal,3473,0,1782361847.9087968,0.0022592544555664062
277075,normal,1051,0,1782361847.9104745,0.0016777515411376953
277076,normal,2509,0,1782361847.912752,0.002277374267578125
277077,normal,2353,0,1782361847.9146252,0.0018732547760009766
277078,normal,898,2,1782361847.9164684,0.0018432140350341797
277079,normal,2095,0,1782361847.9185076,0.002039194107055664
277080,normal,3546,0,1782361847.9205012,0.0019936561584472656
277081,normal,906,2,1782361847.9225073,0.002006053924560547
277082,normal,36,0,1782361847.9244852,0.0019779205322265625
277083,normal,1452,0,1782361847.9267242,0.0022389888763427734
277084,normal,626,0,1782361847.9284296,0.0017054080963134766
277085,normal,643,0,1782361847.9304588,0.0020291805267333984
277086,normal,919,2,1782361847.9323463,0.0018875598907470703
277087,normal,1146,0,1782361847.9344468,0.0021004676818847656
277088,normal,2831,0,1782361847.9364429,0.0019960403442382812
277089,normal,3399,1,1782361847.938792,0.0023491382598876953
277090,normal,846,2,1782361847.9404497,0.001657724380493164
277091,normal,3485,0,1782361847.9426813,0.002231597900390625
277092,normal,3529,0,1782361847.9444683,0.001786947250366211
277093,normal,6,0,1782361847.9467518,0.0022835731506347656
277094,normal,263,0,1782361847.9484162,0.0016644001007080078
277095,normal,1670,0,1782361847.9506042,0.002187967300415039
277096,normal,933,2,1782361847.9527824,0.002178192138671875
277097,normal,1869,0,1782361847.954373,0.0015904903411865234
277098,normal,824,2,1782361847.9565117,0.002138853073120117
277099,normal,3321,1,1782361847.9584408,0.0019290447235107422
277100,normal,2609,0,1782361847.9607034,0.002262592315673828
277101,normal,1991,0,1782361847.9623482,0.0016448497772216797
277102,normal,3259,1,1782361847.964489,0.0021407604217529297
277103,normal,907,2,1782361847.9665592,0.002070188522338867
277104,normal,410,0,1782361847.968509,0.0019497871398925781
277105,normal,3235,1,1782361847.9708643,0.002355337142944336
277106,normal,1217,0,1782361847.9725108,0.0016465187072753906
277107,normal,1617,0,1782361847.9746253,0.002114534378051758
277108,normal,3599,0,1782361847.9765031,0.0018777847290039062
277109,normal,2715,0,1782361847.9788163,0.0023131370544433594
277110,normal,672,0,1782361847.980439,0.0016226768493652344
277111,normal,3374,1,1782361847.982723,0.0022840499877929688
277112,normal,24,0,1782361847.9845178,0.0017948150634765625
277113,normal,2493,0,1782361847.9866276,0.0021097660064697266
277114,normal,2843,0,1782361847.9883976,0.00177001953125
277115,normal,1429,0,1782361847.9905977,0.0022001266479492188
277116,normal,1781,0,1782361847.992441,0.0018432140350341797
277117,normal,2800,0,1782361847.9947684,0.002327442169189453
277118,normal,1035,0,1782361847.997446,0.0026776790618896484
277119,normal,2535,0,1782361847.99841,0.0009639263153076172
277120,normal,2782,0,1782361848.0007613,0.0023512840270996094
277121,normal,1711,0,1782361848.002688,0.0019266605377197266
277122,normal,1197,0,1782361848.004752,0.0020639896392822266
277123,normal,1871,0,1782361848.0067265,0.0019745826721191406
277124,normal,38,0,1782361848.0085735,0.0018470287322998047
277125,normal,2391,0,1782361848.0104558,0.001882314682006836
277126,normal,965,2,1782361848.0126574,0.002201557159423828
277127,normal,3520,0,1782361848.0147462,0.002088785171508789
277128,normal,1843,0,1782361848.0167196,0.001973390579223633
277129,normal,63,0,1782361848.0185397,0.0018200874328613281
277130,normal,1481,0,1782361848.0214207,0.0028810501098632812
277131,normal,1701,0,1782361848.0225728,0.00115203857421875
277132,normal,3034,0,1782361848.0245402,0.0019674301147460938
277133,normal,271,0,1782361848.0266037,0.0020635128021240234
277134,normal,227,0,1782361848.0285575,0.0019538402557373047
277135,normal,1832,0,1782361848.0305452,0.0019876956939697266
277136,normal,2202,0,1782361848.0330548,0.002509593963623047
277137,normal,2147,0,1782361848.0343432,0.0012884140014648438
277138,normal,2974,0,1782361848.0365293,0.0021860599517822266
277139,normal,503,0,1782361848.038381,0.001851797103881836
277140,normal,1542,0,1782361848.0404954,0.0021142959594726562
277141,normal,1816,0,1782361848.042435,0.001939535140991211
277142,normal,2908,0,1782361848.0445852,0.002150297164916992
277143,normal,214,0,1782361848.046469,0.0018837451934814453
277144,normal,3191,1,1782361848.0485768,0.002107858657836914
277145,normal,686,0,1782361848.0504591,0.001882314682006836
277146,normal,1229,0,1782361848.052626,0.002166748046875
277147,normal,1090,0,1782361848.0544448,0.0018188953399658203
277148,normal,8,0,1782361848.0565455,0.002100706100463867
277149,normal,828,2,1782361848.0584304,0.0018849372863769531
277150,normal,2473,0,1782361848.0604746,0.002044200897216797
277151,normal,1969,0,1782361848.0623732,0.0018985271453857422
277152,normal,502,0,1782361848.064486,0.002112865447998047
277153,normal,3267,1,1782361848.0664601,0.0019741058349609375
277154,normal,567,0,1782361848.0686228,0.0021626949310302734
277155,normal,1668,0,1782361848.0704646,0.0018417835235595703
277156,normal,2487,0,1782361848.0726025,0.002137899398803711
277157,normal,841,2,1782361848.0745618,0.0019593238830566406
277158,normal,228,0,1782361848.0764108,0.0018489360809326172
277159,normal,2135,0,1782361848.0784109,0.002000093460083008
277160,normal,3686,0,1782361848.080493,0.0020821094512939453
277161,normal,2479,0,1782361848.0824082,0.0019152164459228516
277162,normal,1278,0,1782361848.084445,0.0020368099212646484
277163,normal,3448,0,1782361848.0863507,0.001905679702758789
277164,normal,2451,0,1782361848.0884376,0.0020868778228759766
277165,normal,1095,0,1782361848.090455,0.002017498016357422
277166,normal,823,2,1782361848.092944,0.002488851547241211
277167,normal,1361,1,1782361848.094499,0.0015552043914794922
277168,normal,19,0,1782361848.0966938,0.002194643020629883
277169,normal,2740,0,1782361848.0984938,0.0018000602722167969
277170,normal,2594,0,1782361848.1006987,0.00220489501953125
277171,normal,2026,0,1782361848.102512,0.0018131732940673828
277172,normal,1340,1,1782361848.1047006,0.0021886825561523438
277173,normal,2043,0,1782361848.1064239,0.0017232894897460938
277174,normal,414,0,1782361848.108561,0.0021371841430664062
277175,normal,2223,0,1782361848.1104224,0.0018613338470458984
277176,normal,627,0,1782361848.112516,0.0020935535430908203
277177,normal,2317,0,1782361848.1144605,0.0019445419311523438
277178,normal,2634,0,1782361848.1165195,0.0020589828491210938
277179,normal,2425,0,1782361848.118383,0.0018634796142578125
277180,normal,2415,0,1782361848.120489,0.0021059513092041016
277181,normal,2040,0,1782361848.1225047,0.002015829086303711
277182,normal,2105,0,1782361848.1249068,0.002402067184448242
277183,normal,545,0,1782361848.1264648,0.001558065414428711
277184,normal,2316,0,1782361848.1285243,0.002059459686279297
277185,normal,1172,0,1782361848.1304593,0.0019350051879882812
277186,normal,1458,0,1782361848.1327074,0.002248048782348633
277187,normal,1884,0,1782361848.134356,0.0016486644744873047
277188,normal,1840,0,1782361848.13643,0.002074003219604492
277189,normal,1022,2,1782361848.1393828,0.0029528141021728516
277190,normal,3640,0,1782361848.1407092,0.0013263225555419922
277191,normal,305,0,1782361848.1424017,0.0016925334930419922
277192,normal,1142,0,1782361848.1446245,0.002222776412963867
277193,normal,1628,0,1782361848.1463943,0.0017697811126708984
277194,normal,935,2,1782361848.1485045,0.0021102428436279297
277195,normal,3573,0,1782361848.1503575,0.0018529891967773438
277196,normal,156,0,1782361848.152587,0.002229452133178711
277197,normal,259,0,1782361848.1545372,0.0019502639770507812
277198,normal,3438,0,1782361848.1569555,0.0024182796478271484
277199,normal,2654,0,1782361848.1585333,0.0015778541564941406
277200,normal,2596,0,1782361848.1604211,0.0018877983093261719
277201,normal,2604,0,1782361848.1627097,0.0022885799407958984
277202,normal,2038,0,1782361848.1644094,0.001699686050415039
277203,normal,1977,0,1782361848.1664808,0.002071380615234375
277204,normal,2049,0,1782361848.1685202,0.0020394325256347656
277205,normal,3296,1,1782361848.1704018,0.0018815994262695312
277206,normal,892,2,1782361848.1725135,0.002111673355102539
277207,normal,2580,0,1782361848.1748767,0.0023632049560546875
277208,normal,170,0,1782361848.1768622,0.0019855499267578125
277209,normal,1541,0,1782361848.1793463,0.0024840831756591797
277210,normal,1675,0,1782361848.180646,0.0012996196746826172
277211,normal,2913,0,1782361848.1823606,0.0017147064208984375
277212,normal,1518,0,1782361848.1849058,0.0025451183319091797
277213,normal,3457,0,1782361848.1864934,0.0015876293182373047
277214,normal,376,0,1782361848.189007,0.0025136470794677734
277215,normal,1336,1,1782361848.1915505,0.0025434494018554688
277216,normal,3679,0,1782361848.1930437,0.001493215560913086
277217,normal,1666,0,1782361848.194636,0.001592397689819336
277218,normal,2024,0,1782361848.1964,0.0017638206481933594
277219,normal,1206,0,1782361848.1987753,0.002375364303588867
277220,normal,2647,0,1782361848.2004704,0.0016951560974121094
277221,normal,1411,0,1782361848.202558,0.0020875930786132812
277222,normal,443,0,1782361848.2044733,0.0019152164459228516
277223,normal,578,0,1782361848.2066324,0.00215911865234375
277224,normal,2525,0,1782361848.2087283,0.002095937728881836
277225,normal,1562,0,1782361848.2107596,0.0020313262939453125
277226,normal,3229,1,1782361848.212512,0.0017523765563964844
277227,normal,937,2,1782361848.2145026,0.0019905567169189453
277228,normal,2555,0,1782361848.216754,0.0022513866424560547
277229,normal,2682,0,1782361848.2189088,0.002154827117919922
277230,normal,2627,0,1782361848.2204666,0.0015578269958496094
277231,normal,3302,1,1782361848.2224298,0.0019631385803222656
277232,normal,2883,0,1782361848.2245684,0.0021386146545410156
277233,normal,809,2,1782361848.2264776,0.0019092559814453125
277234,normal,780,2,1782361848.228709,0.0022313594818115234
277235,normal,1390,0,1782361848.2304778,0.0017688274383544922
277236,normal,584,0,1782361848.2325928,0.002115011215209961
277237,normal,3230,1,1782361848.234505,0.0019121170043945312
277238,normal,1587,0,1782361848.236736,0.002231121063232422
277239,normal,1368,1,1782361848.2384286,0.0016925334930419922
277240,normal,1615,0,1782361848.240746,0.0023174285888671875
277241,normal,2090,0,1782361848.242514,0.001767873764038086
277242,normal,2360,0,1782361848.2446177,0.0021038055419921875
277243,normal,1672,0,1782361848.2464013,0.001783609390258789
277244,normal,3046,1,1782361848.248704,0.0023026466369628906
277245,normal,1619,0,1782361848.2504747,0.0017707347869873047
277246,normal,2916,0,1782361848.2526295,0.002154827117919922
277247,normal,1534,0,1782361848.2547994,0.0021698474884033203
277248,normal,1466,0,1782361848.2564285,0.0016291141510009766
277249,normal,576,0,1782361848.2584667,0.002038240432739258
277250,normal,595,0,1782361848.260641,0.00217437744140625
277251,normal,1280,0,1782361848.26239,0.001748800277709961
277252,normal,2144,0,1782361848.2646453,0.0022554397583007812
277253,normal,1249,0,1782361848.2665584,0.0019130706787109375
277254,normal,1184,0,1782361848.268545,0.0019865036010742188
277255,normal,3097,1,1782361848.2705054,0.0019605159759521484
277256,normal,3231,1,1782361848.2728457,0.0023403167724609375
277257,normal,869,2,1782361848.2744567,0.0016109943389892578
277258,normal,820,2,1782361848.2765765,0.002119779586791992
277259,normal,1691,0,1782361848.2785428,0.001966238021850586
277260,normal,3501,0,1782361848.2805107,0.001967906951904297
277261,normal,796,2,1782361848.2826562,0.002145528793334961
277262,normal,1922,0,1782361848.2846029,0.0019466876983642578
277263,normal,619,0,1782361848.2864788,0.0018758773803710938
277264,normal,930,2,1782361848.2887094,0.0022306442260742188
277265,normal,640,0,1782361848.2905712,0.0018618106842041016
277266,normal,413,0,1782361848.2927337,0.002162456512451172
277267,normal,2338,0,1782361848.2944133,0.0016796588897705078
277268,normal,2262,0,1782361848.2968898,0.0024764537811279297
277269,normal,2758,0,1782361848.2984672,0.0015773773193359375
277270,normal,2187,0,1782361848.300603,0.002135753631591797
277271,normal,394,0,1782361848.3027985,0.002195596694946289
277272,normal,3244,1,1782361848.3045843,0.0017857551574707031
277273,normal,3348,1,1782361848.3066814,0.0020971298217773438
277274,normal,684,0,1782361848.3086352,0.0019538402557373047
277275,normal,1624,0,1782361848.3109179,0.0022826194763183594
277276,normal,3282,1,1782361848.3127236,0.0018057823181152344
277277,normal,1166,0,1782361848.314637,0.001913309097290039
277278,normal,2696,0,1782361848.3165288,0.0018918514251708984
277279,normal,1480,0,1782361848.3184674,0.0019385814666748047
277280,normal,1658,0,1782361848.3208,0.0023326873779296875
277281,normal,2866,0,1782361848.3228135,0.0020134449005126953
277282,normal,1496,0,1782361848.3245056,0.001692056655883789
277283,normal,1125,0,1782361848.3265939,0.002088308334350586
277284,normal,1462,0,1782361848.328637,0.002043008804321289
277285,normal,3377,1,1782361848.330533,0.0018961429595947266
277286,normal,925,2,1782361848.332753,0.0022199153900146484
277287,normal,1398,0,1782361848.33435,0.0015971660614013672
277288,normal,368,0,1782361848.3366308,0.002280712127685547
277289,normal,1996,0,1782361848.3391283,0.002497434616088867
277290,normal,2675,0,1782361848.340563,0.0014348030090332031
277291,normal,1839,0,1782361848.3428972,0.002334117889404297
277292,normal,455,0,1782361848.3444054,0.0015082359313964844
277293,normal,301,0,1782361848.3466227,0.0022172927856445312
277294,normal,2878,0,1782361848.3484588,0.0018360614776611328
277295,normal,2164,0,1782361848.3503697,0.0019109249114990234
277296,normal,2142,0,1782361848.3525941,0.002224445343017578
277297,normal,499,0,1782361848.3551185,0.0025243759155273438
277298,normal,2122,0,1782361848.3573017,0.002183198928833008
277299,normal,2098,0,1782361848.358555,0.001253366470336914
277300,normal,1951,0,1782361848.360418,0.0018630027770996094
277301,normal,3428,0,1782361848.3623917,0.0019736289978027344
277302,normal,1409,0,1782361848.364348,0.0019562244415283203
277303,normal,644,0,1782361848.3665245,0.002176523208618164
277304,normal,1134,0,1782361848.3684273,0.0019028186798095703
277305,normal,1307,0,1782361848.3705244,0.0020971298217773438
277306,normal,1347,1,1782361848.3723743,0.0018498897552490234
277307,normal,3403,0,1782361848.3745544,0.0021800994873046875
277308,normal,1598,0,1782361848.3764985,0.0019440650939941406
277309,normal,1079,0,1782361848.3785956,0.0020971298217773438
277310,normal,419,0,1782361848.3809993,0.002403736114501953
277311,normal,2856,0,1782361848.383019,0.002019643783569336
277312,normal,1978,0,1782361848.3843021,0.0012831687927246094
277313,normal,3427,0,1782361848.386455,0.0021529197692871094
277314,normal,3505,0,1782361848.3883739,0.001918792724609375
277315,normal,3237,1,1782361848.3905134,0.002139568328857422
277316,normal,1995,0,1782361848.3926327,0.002119302749633789
277317,normal,782,2,1782361848.3945208,0.0018880367279052734
277318,normal,3422,0,1782361848.3966238,0.002103090286254883
277319,normal,3045,1,1782361848.3988707,0.002246856689453125
277320,normal,2741,0,1782361848.4005265,0.0016558170318603516
277321,normal,2836,0,1782361848.403116,0.0025894641876220703
277322,normal,378,0,1782361848.4049177,0.0018017292022705078
277323,normal,3023,0,1782361848.4065058,0.0015881061553955078
277324,normal,1317,0,1782361848.4084885,0.0019826889038085938
277325,normal,511,0,1782361848.4104204,0.001931905746459961
277326,normal,1709,0,1782361848.4125795,0.00215911865234375
277327,normal,152,0,1782361848.4144685,0.0018889904022216797
277328,normal,1959,0,1782361848.4167714,0.002302885055541992
277329,normal,415,0,1782361848.4184723,0.0017008781433105469
277330,normal,3401,1,1782361848.4207854,0.0023131370544433594
277331,normal,3579,0,1782361848.4224513,0.0016658306121826172
277332,normal,121,0,1782361884.7174463,0.0
277333,normal,264,0,1782361884.7194111,0.0019648075103759766
277334,normal,2100,0,1782361884.7214882,0.0020771026611328125
277335,normal,2281,0,1782361884.7234383,0.0019500255584716797
277336,normal,686,0,1782361884.7254791,0.002040863037109375
277337,normal,2487,0,1782361884.727725,0.0022459030151367188
277338,normal,1437,0,1782361884.729423,0.0016980171203613281
277339,normal,1060,0,1782361884.7317421,0.0023190975189208984
277340,normal,1287,0,1782361884.7334156,0.0016734600067138672
277341,normal,2383,0,1782361884.735857,0.00244140625
277342,normal,328,0,1782361884.7374415,0.0015845298767089844
277343,normal,967,2,1782361884.7399344,0.0024929046630859375
277344,normal,1270,0,1782361884.7414777,0.001543283462524414
277345,normal,657,0,1782361884.7438126,0.0023348331451416016
277346,normal,801,2,1782361884.7454941,0.0016815662384033203
277347,normal,3672,0,1782361884.747596,0.002101898193359375
277348,normal,3105,1,1782361884.7496266,0.002030611038208008
277349,normal,1507,0,1782361884.7517753,0.0021486282348632812
277350,normal,1772,0,1782361884.7534642,0.0016889572143554688
277351,normal,747,0,1782361884.7557673,0.0023031234741210938
277352,normal,185,0,1782361884.7574368,0.0016694068908691406
277353,normal,2693,0,1782361884.7594993,0.002062559127807617
277354,normal,2733,0,1782361884.761572,0.002072572708129883
277355,normal,598,0,1782361884.7636614,0.0020895004272460938
277356,normal,1595,0,1782361884.7655876,0.0019261837005615234
277357,normal,2434,0,1782361884.7676318,0.002044200897216797
277358,normal,2988,0,1782361884.7697797,0.0021479129791259766
277359,normal,3244,1,1782361884.7714753,0.0016956329345703125
277360,normal,3669,0,1782361884.7738414,0.0023660659790039062
277361,normal,1695,0,1782361884.7755413,0.0016999244689941406
277362,normal,2318,0,1782361884.777507,0.001965761184692383
277363,normal,3275,1,1782361884.7799022,0.002395153045654297
277364,normal,271,0,1782361884.7816563,0.0017540454864501953
277365,normal,982,2,1782361884.7835016,0.0018453598022460938
277366,normal,3465,0,1782361884.785931,0.002429485321044922
277367,normal,1491,0,1782361884.7876413,0.0017101764678955078
277368,normal,2967,0,1782361884.789513,0.0018718242645263672
277369,normal,1390,0,1782361884.7918768,0.0023636817932128906
277370,normal,2292,0,1782361884.7936454,0.0017685890197753906
277371,normal,817,2,1782361884.795511,0.0018656253814697266
277372,normal,2541,0,1782361884.7978892,0.002378225326538086
277373,normal,372,0,1782361884.799692,0.001802682876586914
277374,normal,814,2,1782361884.8015134,0.0018215179443359375
277375,normal,3620,0,1782361884.803856,0.0023424625396728516
277376,normal,2389,0,1782361884.8056436,0.0017876625061035156
277377,normal,1978,0,1782361884.807744,0.0021004676818847656
277378,normal,1252,0,1782361884.8096557,0.0019116401672363281
277379,normal,2106,0,1782361884.8118172,0.0021615028381347656
277380,normal,2406,0,1782361884.8135133,0.0016961097717285156
277381,normal,561,0,1782361884.8158822,0.002368927001953125
277382,normal,2788,0,1782361884.8176827,0.001800537109375
277383,normal,1369,1,1782361884.819519,0.0018362998962402344
277384,normal,2229,0,1782361884.8218715,0.002352476119995117
277385,normal,307,0,1782361884.823651,0.0017795562744140625
277386,normal,424,0,1782361884.825513,0.0018618106842041016
277387,normal,3380,1,1782361884.8278885,0.0023756027221679688
277388,normal,726,0,1782361884.829642,0.0017535686492919922
277389,normal,2179,0,1782361884.8315122,0.0018701553344726562
277390,normal,1327,1,1782361884.8341484,0.0026361942291259766
277391,normal,546,0,1782361884.8360384,0.001889944076538086
277392,normal,1856,0,1782361884.837892,0.0018537044525146484
277393,normal,1069,0,1782361884.839899,0.002007007598876953
277394,normal,1277,0,1782361884.8418653,0.001966238021850586
277395,normal,2423,0,1782361884.8437762,0.0019109249114990234
277396,normal,3701,0,1782361884.8459191,0.0021429061889648438
277397,normal,2107,0,1782361884.8478658,0.0019466876983642578
277398,normal,1666,0,1782361884.8497562,0.001890420913696289
277399,normal,2376,0,1782361884.8519058,0.0021495819091796875
277400,normal,523,0,1782361884.8539062,0.0020003318786621094
277401,normal,1962,0,1782361884.8557239,0.0018177032470703125
277402,normal,1471,0,1782361884.8580024,0.002278566360473633
277403,normal,649,0,1782361884.8599012,0.0018987655639648438
277404,normal,2634,0,1782361884.86182,0.001918792724609375
277405,normal,2816,0,1782361884.863909,0.0020890235900878906
277406,normal,2719,0,1782361884.8659084,0.001999378204345703
277407,normal,1472,0,1782361884.8677354,0.0018270015716552734
277408,normal,2028,0,1782361884.8699932,0.002257823944091797
277409,normal,2736,0,1782361884.871908,0.0019147396087646484
277410,normal,508,0,1782361884.873728,0.0018200874328613281
277411,normal,754,0,1782361884.875833,0.0021049976348876953
277412,normal,33,0,1782361884.8777313,0.0018982887268066406
277413,normal,2704,0,1782361884.8800726,0.0023412704467773438
277414,normal,3293,1,1782361884.881804,0.0017313957214355469
277415,normal,2332,0,1782361884.8840852,0.00228118896484375
277416,normal,184,0,1782361884.885422,0.001336812973022461
277417,normal,302,0,1782361884.8875618,0.0021398067474365234
277418,normal,3313,1,1782361884.8896523,0.0020904541015625
277419,normal,2501,0,1782361884.8915067,0.0018544197082519531
277420,normal,20,0,1782361884.8936346,0.0021278858184814453
277421,normal,194,0,1782361884.895845,0.002210378646850586
277422,normal,1764,0,1782361884.897562,0.0017170906066894531
277423,normal,2658,0,1782361884.8998897,0.0023276805877685547
277424,normal,2897,0,1782361884.9015815,0.0016918182373046875
277425,normal,3541,0,1782361884.9036572,0.002075672149658203
277426,normal,978,2,1782361884.9056113,0.0019540786743164062
277427,normal,3298,1,1782361884.907792,0.002180814743041992
277428,normal,2617,0,1782361884.9094963,0.0017042160034179688
277429,normal,292,0,1782361884.911904,0.0024077892303466797
277430,normal,2692,0,1782361884.9135444,0.00164031982421875
277431,normal,1070,0,1782361884.915649,0.002104520797729492
277432,normal,2316,0,1782361884.9176106,0.0019617080688476562
277433,normal,1545,0,1782361884.9197783,0.0021677017211914062
277434,normal,514,0,1782361884.9215004,0.001722097396850586
277435,normal,644,0,1782361884.9238985,0.0023980140686035156
277436,normal,1914,0,1782361884.9255412,0.0016427040100097656
277437,normal,2809,0,1782361884.9277408,0.0021996498107910156
277438,normal,710,0,1782361884.9296532,0.0019123554229736328
277439,normal,175,0,1782361884.9317744,0.0021212100982666016
277440,normal,2875,0,1782361884.933489,0.0017147064208984375
277441,normal,2041,0,1782361884.9358897,0.002400636672973633
277442,normal,3205,1,1782361884.937589,0.001699209213256836
277443,normal,1308,0,1782361884.9396558,0.0020668506622314453
277444,normal,2213,0,1782361884.9416146,0.0019588470458984375
277445,normal,2878,0,1782361884.9437618,0.002147197723388672
277446,normal,55,0,1782361884.9454906,0.0017287731170654297
277447,normal,1489,0,1782361884.9478807,0.002390146255493164
277448,normal,2431,0,1782361884.949507,0.0016262531280517578
277449,normal,2570,0,1782361884.9516535,0.002146482467651367
277450,normal,2724,0,1782361884.9536123,0.0019588470458984375
277451,normal,3407,0,1782361884.9557767,0.0021643638610839844
277452,normal,456,0,1782361884.9575465,0.0017697811126708984
277453,normal,410,0,1782361884.9598944,0.0023479461669921875
277454,normal,1297,0,1782361884.9619436,0.0020492076873779297
277455,normal,3645,0,1782361884.9640563,0.0021126270294189453
277456,normal,1663,0,1782361884.966202,0.0021457672119140625
277457,normal,1250,0,1782361884.9679134,0.0017113685607910156
277458,normal,2994,0,1782361884.969907,0.0019936561584472656
277459,normal,2146,0,1782361884.9722462,0.0023391246795654297
277460,normal,618,0,1782361884.973963,0.0017168521881103516
277461,normal,2896,0,1782361884.9761186,0.0021555423736572266
277462,normal,3144,1,1782361884.9779024,0.0017838478088378906
277463,normal,1877,0,1782361884.9798698,0.0019674301147460938
277464,normal,1956,0,1782361884.9819043,0.002034425735473633
277465,normal,2523,0,1782361884.983746,0.0018417835235595703
277466,normal,251,0,1782361884.9857492,0.002003192901611328
277467,normal,3496,0,1782361884.9881272,0.0023779869079589844
277468,normal,3376,1,1782361884.9903467,0.0022194385528564453
277469,normal,790,2,1782361884.9915054,0.0011587142944335938
277470,normal,109,0,1782361884.9937527,0.002247333526611328
277471,normal,716,0,1782361884.9959033,0.0021505355834960938
277472,normal,2820,0,1782361884.9977136,0.001810312271118164
277473,normal,738,0,1782361884.9996274,0.0019137859344482422
277474,normal,3049,1,1782361885.0019002,0.0022728443145751953
277475,normal,3440,0,1782361885.0034337,0.00153350830078125
277476,normal,3568,0,1782361885.0055985,0.0021648406982421875
277477,normal,1540,0,1782361885.0075207,0.0019221305847167969
277478,normal,2510,0,1782361885.0098243,0.002303600311279297
277479,normal,724,0,1782361885.011453,0.0016286373138427734
277480,normal,1343,1,1782361885.013835,0.002382040023803711
277481,normal,2720,0,1782361885.0157776,0.0019426345825195312
277482,normal,966,2,1782361885.0180714,0.002293825149536133
277483,normal,3353,1,1782361885.0194466,0.0013751983642578125
277484,normal,2221,0,1782361885.021865,0.0024182796478271484
277485,normal,662,0,1782361885.0234337,0.0015687942504882812
277486,normal,3104,1,1782361885.0258956,0.0024619102478027344
277487,normal,2585,0,1782361885.0275378,0.0016422271728515625
277488,normal,2216,0,1782361885.0301342,0.0025963783264160156
277489,normal,461,0,1782361885.031487,0.0013527870178222656
277490,normal,481,0,1782361885.0340261,0.0025391578674316406
277491,normal,308,0,1782361885.036043,0.002016782760620117
277492,normal,2532,0,1782361885.0379448,0.001901865005493164
277493,normal,534,0,1782361885.0399084,0.0019636154174804688
277494,normal,88,0,1782361885.041754,0.0018455982208251953
277495,normal,1542,0,1782361885.043902,0.0021479129791259766
277496,normal,1418,0,1782361885.045643,0.001741170883178711
277497,normal,1362,1,1782361885.047905,0.0022618770599365234
277498,normal,2581,0,1782361885.0498996,0.001994609832763672
277499,normal,1479,0,1782361885.0519235,0.002023935317993164
277500,normal,3684,0,1782361885.053532,0.0016083717346191406
277501,normal,1989,0,1782361885.0560403,0.002508401870727539
277502,normal,793,2,1782361885.0579462,0.0019059181213378906
277503,normal,340,0,1782361885.0600584,0.002112150192260742
277504,normal,2108,0,1782361885.0623996,0.0023412704467773438
277505,normal,250,0,1782361885.0635028,0.0011031627655029297
277506,normal,1331,1,1782361885.065752,0.0022492408752441406
277507,normal,2789,0,1782361885.0678968,0.0021448135375976562
277508,normal,2446,0,1782361885.0697753,0.001878499984741211
277509,normal,1697,0,1782361885.072111,0.0023355484008789062
277510,normal,345,0,1782361885.0742419,0.0021309852600097656
277511,normal,3426,0,1782361885.075937,0.0016951560974121094
277512,normal,2140,0,1782361885.0782278,0.0022907257080078125
277513,normal,3368,1,1782361885.0800297,0.0018019676208496094
277514,normal,2380,0,1782361885.0819778,0.0019481182098388672
277515,normal,993,2,1782361885.0840118,0.0020339488983154297
277516,normal,1680,0,1782361885.0859783,0.0019664764404296875
277517,normal,467,0,1782361885.0877545,0.0017762184143066406
277518,normal,1825,0,1782361885.090024,0.0022695064544677734
277519,normal,1056,0,1782361885.0919783,0.001954317092895508
277520,normal,2255,0,1782361885.0939312,0.0019528865814208984
277521,normal,3424,0,1782361885.095755,0.0018239021301269531
277522,normal,1389,0,1782361885.0978978,0.002142667770385742
277523,normal,1215,0,1782361885.0997372,0.0018393993377685547
277524,normal,1580,0,1782361885.1017954,0.002058267593383789
277525,normal,125,0,1782361885.1039016,0.002106189727783203
277526,normal,2549,0,1782361885.1057568,0.0018551349639892578
277527,normal,471,0,1782361885.1080878,0.0023310184478759766
277528,normal,654,0,1782361885.1104093,0.002321481704711914
277529,normal,526,0,1782361885.1115298,0.0011205673217773438
277530,normal,3016,0,1782361885.1137257,0.0021958351135253906
277531,normal,1559,0,1782361885.1159227,0.0021970272064208984
277532,normal,3286,1,1782361885.117877,0.001954317092895508
277533,normal,1243,0,1782361885.1197157,0.00183868408203125
277534,normal,619,0,1782361885.121835,0.002119302749633789
277535,normal,796,2,1782361885.1237729,0.0019378662109375
277536,normal,2226,0,1782361885.126012,0.002239227294921875
277537,normal,498,0,1782361885.1278777,0.0018656253814697266
277538,normal,1682,0,1782361885.129725,0.0018472671508789062
277539,normal,1536,0,1782361885.1316814,0.001956462860107422
277540,normal,3150,1,1782361885.1337376,0.002056121826171875
277541,normal,842,2,1782361885.135728,0.0019903182983398438
277542,normal,2254,0,1782361885.1377137,0.001985788345336914
277543,normal,1237,0,1782361885.140041,0.002327442169189453
277544,normal,2734,0,1782361885.1419282,0.0018870830535888672
277545,normal,3257,1,1782361885.1435847,0.0016565322875976562
277546,normal,1717,0,1782361885.145778,0.0021932125091552734
277547,normal,2843,0,1782361885.1476903,0.0019123554229736328
277548,normal,187,0,1782361885.1495688,0.001878499984741211
277549,normal,798,2,1782361885.1521182,0.002549409866333008
277550,normal,1134,0,1782361885.1538415,0.0017232894897460938
277551,normal,1042,0,1782361885.1555688,0.0017273426055908203
277552,normal,3162,1,1782361885.1577353,0.0021665096282958984
277553,normal,1463,0,1782361885.1596029,0.001867532730102539
277554,normal,1933,0,1782361885.1616092,0.0020062923431396484
277555,normal,2930,0,1782361885.1638384,0.0022292137145996094
277556,normal,2702,0,1782361885.1657257,0.0018873214721679688
277557,normal,179,0,1782361885.1677241,0.001998424530029297
277558,normal,2513,0,1782361885.1698327,0.0021085739135742188
277559,normal,3145,1,1782361885.171729,0.0018963813781738281
277560,normal,1204,0,1782361885.1737413,0.0020122528076171875
277561,normal,1004,2,1782361885.1758,0.002058744430541992
277562,normal,1838,0,1782361885.1774604,0.0016603469848632812
277563,normal,3579,0,1782361885.1797101,0.0022497177124023438
277564,normal,3252,1,1782361885.1818292,0.0021190643310546875
277565,normal,1727,0,1782361885.1837401,0.0019109249114990234
277566,normal,2030,0,1782361885.1862497,0.002509593963623047
277567,normal,970,2,1782361885.1876907,0.0014410018920898438
277568,normal,1110,0,1782361885.18955,0.0018591880798339844
277569,normal,874,2,1782361885.1914406,0.0018906593322753906
277570,normal,786,2,1782361885.1937287,0.0022881031036376953
277571,normal,879,2,1782361885.1955645,0.0018358230590820312
277572,normal,3309,1,1782361885.197463,0.0018985271453857422
277573,normal,3141,1,1782361885.1997442,0.00228118896484375
277574,normal,2616,0,1782361885.2015073,0.0017631053924560547
277575,normal,1552,0,1782361885.2037585,0.002251148223876953
277576,normal,2164,0,1782361885.2054946,0.0017361640930175781
277577,normal,1135,0,1782361885.2077813,0.002286672592163086
277578,normal,3157,1,1782361885.2095623,0.0017809867858886719
277579,normal,2955,0,1782361885.2123482,0.002785921096801758
277580,normal,2679,0,1782361885.2135327,0.0011844635009765625
277581,normal,1517,0,1782361885.2157154,0.0021827220916748047
277582,normal,406,0,1782361885.2177072,0.001991748809814453
277583,normal,3631,0,1782361885.2197227,0.0020155906677246094
277584,normal,363,0,1782361885.2216604,0.0019376277923583984
277585,normal,2939,0,1782361885.2237887,0.0021283626556396484
277586,normal,2652,0,1782361885.2257254,0.0019366741180419922
277587,normal,3577,0,1782361885.2280765,0.002351045608520508
277588,normal,423,0,1782361885.2303698,0.0022933483123779297
277589,normal,1966,0,1782361885.231525,0.0011551380157470703
277590,normal,789,2,1782361885.2337215,0.0021965503692626953
277591,normal,2269,0,1782361885.2358086,0.002087116241455078
277592,normal,2721,0,1782361885.2379382,0.0021295547485351562
277593,normal,2284,0,1782361885.2397342,0.0017960071563720703
277594,normal,1475,0,1782361885.241834,0.002099752426147461
277595,normal,2973,0,1782361885.2436588,0.0018248558044433594
277596,normal,43,0,1782361885.2461064,0.0024476051330566406
277597,normal,3461,0,1782361885.2477183,0.001611948013305664
277598,normal,3506,0,1782361885.2497237,0.002005338668823242
277599,normal,2385,0,1782361885.2520778,0.002354145050048828
277600,normal,3492,0,1782361885.2542033,0.0021255016326904297
277601,normal,1968,0,1782361885.255773,0.0015697479248046875
277602,normal,3159,1,1782361885.2578635,0.0020904541015625
277603,normal,3452,0,1782361885.2597191,0.001855611801147461
277604,normal,803,2,1782361885.2617116,0.001992464065551758
277605,normal,825,2,1782361885.2637823,0.0020706653594970703
277606,normal,1413,0,1782361885.2656562,0.0018739700317382812
277607,normal,2850,0,1782361885.267753,0.0020966529846191406
277608,normal,3405,0,1782361885.2700787,0.002325773239135742
277609,normal,3678,0,1782361885.2723722,0.0022935867309570312
277610,normal,3077,1,1782361885.2735004,0.0011281967163085938
277611,normal,660,0,1782361885.2756286,0.002128124237060547
277612,normal,1886,0,1782361885.277772,0.002143383026123047
277613,normal,3055,1,1782361885.2795453,0.0017733573913574219
277614,normal,2190,0,1782361885.281536,0.001990795135498047
277615,normal,1375,1,1782361885.2837589,0.002222776412963867
277616,normal,1951,0,1782361885.2855933,0.0018343925476074219
277617,normal,394,0,1782361885.2875566,0.001963376998901367
277618,normal,3096,1,1782361885.2897813,0.0022246837615966797
277619,normal,700,0,1782361885.2915094,0.001728057861328125
277620,normal,3288,1,1782361885.2936227,0.00211334228515625
277621,normal,1128,0,1782361885.295482,0.0018591880798339844
277622,normal,3127,1,1782361885.297659,0.002177000045776367
277623,normal,2970,0,1782361885.2994835,0.0018246173858642578
277624,normal,2779,0,1782361885.3015375,0.002053976058959961
277625,normal,2265,0,1782361885.3035278,0.0019903182983398438
277626,normal,3310,1,1782361885.305492,0.001964092254638672
277627,normal,3638,0,1782361885.3075187,0.002026796340942383
277628,normal,1210,0,1782361885.3095064,0.0019876956939697266
277629,normal,1579,0,1782361885.3114893,0.0019829273223876953
277630,normal,778,2,1782361885.313515,0.002025604248046875
277631,normal,1052,0,1782361885.3155043,0.0019893646240234375
277632,normal,917,2,1782361885.3174903,0.0019860267639160156
277633,normal,348,0,1782361885.319568,0.0020775794982910156
277634,normal,3694,0,1782361885.321585,0.0020170211791992188
277635,normal,2181,0,1782361885.32349,0.0019049644470214844
277636,normal,1733,0,1782361885.3256066,0.002116680145263672
277637,normal,714,0,1782361885.3277755,0.002168893814086914
277638,normal,2443,0,1782361885.3294952,0.0017197132110595703
277639,normal,2552,0,1782361885.331483,0.0019876956939697266
277640,normal,1426,0,1782361885.33362,0.0021371841430664062
277641,normal,2362,0,1782361885.3354895,0.0018694400787353516
277642,normal,3099,1,1782361885.3374827,0.0019931793212890625
277643,normal,2341,0,1782361885.3396275,0.0021448135375976562
277644,normal,1648,0,1782361885.3414855,0.0018579959869384766
277645,normal,3673,0,1782361885.3434813,0.0019958019256591797
277646,normal,1175,0,1782361885.345615,0.002133607864379883
277647,normal,325,0,1782361885.347486,0.0018711090087890625
277648,normal,262,0,1782361885.3495827,0.0020966529846191406
277649,normal,1927,0,1782361885.3514729,0.0018901824951171875
277650,normal,1183,0,1782361885.3534884,0.0020155906677246094
277651,normal,1947,0,1782361885.3554413,0.0019528865814208984
277652,normal,261,0,1782361885.3574708,0.0020294189453125
277653,normal,68,0,1782361885.3594112,0.0019404888153076172
277654,normal,2507,0,1782361885.3615046,0.0020933151245117188
277655,normal,2717,0,1782361885.3634362,0.0019316673278808594
277656,normal,2370,0,1782361885.3654141,0.0019779205322265625
277657,normal,719,0,1782361885.3674996,0.002085447311401367
277658,normal,2057,0,1782361885.3694367,0.0019371509552001953
277659,normal,3420,0,1782361885.3714123,0.001975536346435547
277660,normal,407,0,1782361885.3734348,0.0020225048065185547
277661,normal,1406,0,1782361885.3754542,0.0020194053649902344
277662,normal,1436,0,1782361885.3774076,0.0019533634185791016
277663,normal,1850,0,1782361885.3794892,0.002081632614135742
277664,normal,3196,1,1782361885.3814378,0.0019485950469970703
277665,normal,3625,0,1782361885.3833857,0.0019478797912597656
277666,normal,1428,0,1782361885.3855062,0.002120494842529297
277667,normal,2786,0,1782361885.3874383,0.0019321441650390625
277668,normal,3630,0,1782361885.389388,0.0019497871398925781
277669,normal,1487,0,1782361885.391442,0.002053976058959961
277670,normal,2474,0,1782361885.3934546,0.002012491226196289
277671,normal,2212,0,1782361885.3954365,0.001981973648071289
277672,normal,1286,0,1782361885.3974316,0.001995086669921875
277673,normal,3110,1,1782361885.3994212,0.001989603042602539
277674,normal,3433,0,1782361885.4013999,0.001978635787963867
277675,normal,460,0,1782361885.4034646,0.0020647048950195312
277676,normal,1161,0,1782361885.4054275,0.001962900161743164
277677,normal,771,0,1782361885.4073958,0.0019683837890625
277678,normal,46,0,1782361885.4094718,0.0020759105682373047
277679,normal,2094,0,1782361885.4114199,0.0019481182098388672
277680,normal,2798,0,1782361885.4134393,0.0020194053649902344
277681,normal,1641,0,1782361885.415467,0.002027750015258789
277682,normal,2105,0,1782361885.417418,0.001950979232788086
277683,normal,1306,0,1782361885.4194396,0.0020215511322021484
277684,normal,265,0,1782361885.4214637,0.0020241737365722656
277685,normal,2911,0,1782361885.4234183,0.0019545555114746094
277686,normal,1460,0,1782361885.4254403,0.0020220279693603516
277687,normal,473,0,1782361885.4274719,0.002031564712524414
277688,normal,3264,1,1782361885.429422,0.0019500255584716797
277689,normal,3019,0,1782361885.43144,0.0020182132720947266
277690,normal,309,0,1782361885.4334629,0.0020227432250976562
277691,normal,216,0,1782361885.4354205,0.0019576549530029297
277692,normal,1043,0,1782361885.4374104,0.0019898414611816406
277693,normal,3024,0,1782361885.4394848,0.0020744800567626953
277694,normal,3009,0,1782361885.4414575,0.001972675323486328
277695,normal,3480,0,1782361885.4433973,0.0019397735595703125
277696,normal,2815,0,1782361885.4454644,0.002067089080810547
277697,normal,972,2,1782361885.447434,0.001969575881958008
277698,normal,3130,1,1782361885.449391,0.001956939697265625
277699,normal,2220,0,1782361885.4514735,0.0020825862884521484
277700,normal,2075,0,1782361885.4534564,0.0019829273223876953
277701,normal,1924,0,1782361885.4553893,0.0019328594207763672
277702,normal,3534,0,1782361885.4574554,0.0020661354064941406
277703,normal,2917,0,1782361885.4594383,0.0019829273223876953
277704,normal,760,0,1782361885.4614072,0.001968860626220703
277705,normal,2641,0,1782361885.4634657,0.0020585060119628906
277706,normal,2580,0,1782361885.4654393,0.0019736289978027344
277707,normal,3227,1,1782361885.4673865,0.001947164535522461
277708,normal,2286,0,1782361885.4694605,0.002074003219604492
277709,normal,593,0,1782361885.471438,0.0019774436950683594
277710,normal,2969,0,1782361885.4733868,0.0019488334655761719
277711,normal,3073,1,1782361885.4754658,0.002079010009765625
277712,normal,3148,1,1782361885.477436,0.0019702911376953125
277713,normal,2476,0,1782361885.4794004,0.0019643306732177734
277714,normal,3269,1,1782361885.4814801,0.0020797252655029297
277715,normal,171,0,1782361885.4834523,0.001972198486328125
277716,normal,329,0,1782361885.485391,0.0019385814666748047
277717,normal,553,0,1782361885.4874766,0.0020856857299804688
277718,normal,3454,0,1782361885.489437,0.0019605159759521484
277719,normal,2462,0,1782361885.4913895,0.0019524097442626953
277720,normal,1201,0,1782361885.4934957,0.002106189727783203
277721,normal,2883,0,1782361885.4954417,0.0019459724426269531
277722,normal,2837,0,1782361885.4973934,0.0019516944885253906
277723,normal,1917,0,1782361885.4994678,0.0020744800567626953
277724,normal,3006,0,1782361885.5014436,0.0019757747650146484
277725,normal,2429,0,1782361885.5033903,0.0019466876983642578
277726,normal,1314,0,1782361885.505464,0.0020737648010253906
277727,normal,1814,0,1782361885.5074372,0.0019731521606445312
277728,normal,757,0,1782361885.5093906,0.0019533634185791016
277729,normal,1624,0,1782361885.5114653,0.002074718475341797
277730,normal,3152,1,1782361885.51344,0.0019745826721191406
277731,normal,1647,0,1782361885.5153916,0.0019516944885253906
277732,normal,130,0,1782361885.5174644,0.0020728111267089844
277733,normal,2373,0,1782361885.5194418,0.0019774436950683594
277734,normal,2387,0,1782361885.5213978,0.0019559860229492188
277735,normal,3378,1,1782361885.523451,0.0020532608032226562
277736,normal,202,0,1782361885.5254376,0.0019865036010742188
277737,normal,1776,0,1782361885.5273907,0.001953125
277738,normal,287,0,1782361885.5294573,0.0020666122436523438
277739,normal,2103,0,1782361885.5314608,0.0020034313201904297
277740,normal,648,0,1782361885.533402,0.0019412040710449219
277741,normal,360,0,1782361885.5354648,0.0020627975463867188
277742,normal,1018,2,1782361885.5374393,0.0019745826721191406
277743,normal,2205,0,1782361885.5394175,0.001978158950805664
277744,normal,2535,0,1782361885.541477,0.002059459686279297
277745,normal,113,0,1782361885.5434434,0.0019664764404296875
277746,normal,2756,0,1782361885.545389,0.00194549560546875
277747,normal,297,0,1782361885.5474665,0.0020775794982910156
277748,normal,219,0,1782361885.549442,0.001975536346435547
277749,normal,2070,0,1782361885.5513916,0.0019495487213134766
277750,normal,1149,0,1782361885.5534635,0.002071857452392578
277751,normal,2409,0,1782361885.5554388,0.0019752979278564453
277752,normal,1126,0,1782361885.55739,0.0019512176513671875
277753,normal,715,0,1782361885.5594785,0.0020885467529296875
277754,normal,579,0,1782361885.5614433,0.0019648075103759766
277755,normal,1073,0,1782361885.563435,0.001991748809814453
277756,normal,1867,0,1782361885.565475,0.0020399093627929688
277757,normal,2392,0,1782361885.5674355,0.0019605159759521484
277758,normal,2291,0,1782361885.569392,0.001956462860107422
277759,normal,555,0,1782361885.5714626,0.0020706653594970703
277760,normal,3007,0,1782361885.573442,0.001979351043701172
277761,normal,1399,0,1782361885.575389,0.0019469261169433594
277762,normal,2829,0,1782361885.5774653,0.002076387405395508
277763,normal,926,2,1782361885.5794365,0.0019712448120117188
277764,normal,2937,0,1782361885.5813901,0.001953601837158203
277765,normal,532,0,1782361885.5834699,0.0020797252655029297
277766,normal,694,0,1782361885.5854366,0.001966714859008789
277767,normal,744,0,1782361885.587393,0.001956462860107422
277768,normal,3477,0,1782361885.5894604,0.0020673274993896484
277769,normal,991,2,1782361885.5914373,0.0019769668579101562
277770,normal,3372,1,1782361885.5934029,0.0019655227661132812
277771,normal,243,0,1782361885.5954673,0.0020644664764404297
277772,normal,624,0,1782361885.5974345,0.001967191696166992
277773,normal,3034,0,1782361885.5994225,0.001987934112548828
277774,normal,1981,0,1782361885.6014657,0.0020432472229003906
277775,normal,2752,0,1782361885.6034334,0.0019676685333251953
277776,normal,783,2,1782361885.6053927,0.0019593238830566406
277777,normal,2841,0,1782361885.6074665,0.0020737648010253906
277778,normal,2326,0,1782361885.609447,0.0019805431365966797
277779,normal,3406,0,1782361885.6113915,0.0019445419311523438
277780,normal,1454,0,1782361885.613465,0.002073526382446289
277781,normal,887,2,1782361885.615446,0.001981019973754883
277782,normal,2571,0,1782361885.6173887,0.0019426345825195312
277783,normal,1374,1,1782361885.6194658,0.0020771026611328125
277784,normal,162,0,1782361885.6214333,0.0019674301147460938
277785,normal,468,0,1782361885.623389,0.001955747604370117
277786,normal,1503,0,1782361885.625503,0.0021140575408935547
277787,normal,2954,0,1782361885.6274378,0.0019347667694091797
277788,normal,1866,0,1782361885.6295035,0.0020656585693359375
277789,normal,896,2,1782361885.6313899,0.0018863677978515625
277790,normal,223,0,1782361885.633437,0.0020470619201660156
277791,normal,1337,1,1782361885.6353877,0.0019507408142089844
277792,normal,2901,0,1782361885.6374664,0.0020787715911865234
277793,normal,3549,0,1782361885.639475,0.002008676528930664
277794,normal,3375,1,1782361885.6413963,0.0019211769104003906
277795,normal,3520,0,1782361885.6434722,0.0020759105682373047
277796,normal,2865,0,1782361885.6454346,0.001962423324584961
277797,normal,2650,0,1782361885.6473918,0.0019571781158447266
277798,normal,809,2,1782361885.6494644,0.002072572708129883
277799,normal,2503,0,1782361885.6514442,0.001979827880859375
277800,normal,1373,1,1782361885.6533883,0.0019440650939941406
277801,normal,31,0,1782361885.6554732,0.002084970474243164
277802,normal,1955,0,1782361885.6574323,0.001959085464477539
277803,normal,646,0,1782361885.659392,0.0019598007202148438
277804,normal,201,0,1782361885.661463,0.002070903778076172
277805,normal,1918,0,1782361885.663431,0.001967906951904297
277806,normal,3474,0,1782361885.6653872,0.0019562244415283203
277807,normal,1497,0,1782361885.6674645,0.002077341079711914
277808,normal,2311,0,1782361885.669433,0.0019686222076416016
277809,normal,2824,0,1782361885.6713896,0.001956462860107422
277810,normal,1294,0,1782361885.673466,0.002076387405395508
277811,normal,3503,0,1782361885.6754296,0.0019636154174804688
277812,normal,650,0,1782361885.677454,0.002024412155151367
277813,normal,14,0,1782361885.6793945,0.0019404888153076172
277814,normal,930,2,1782361885.6814346,0.0020401477813720703
277815,normal,770,0,1782361885.6833923,0.0019576549530029297
277816,normal,953,2,1782361885.6854672,0.0020749568939208984
277817,normal,758,0,1782361885.6874418,0.0019745826721191406
277818,normal,2334,0,1782361885.689388,0.0019462108612060547
277819,normal,402,0,1782361885.6915197,0.0021317005157470703
277820,normal,3255,1,1782361885.693432,0.0019123554229736328
277821,normal,322,0,1782361885.695389,0.001956939697265625
277822,normal,2635,0,1782361885.6974635,0.0020744800567626953
277823,normal,2210,0,1782361885.6994343,0.0019707679748535156
277824,normal,2653,0,1782361885.7014165,0.0019822120666503906
277825,normal,495,0,1782361885.7035947,0.002178192138671875
277826,normal,3131,1,1782361885.7054567,0.0018620491027832031
277827,normal,3299,1,1782361885.7073908,0.001934051513671875
277828,normal,900,2,1782361885.7094665,0.002075672149658203
277829,normal,616,0,1782361885.7114418,0.0019752979278564453
277830,normal,1340,1,1782361885.7133899,0.0019481182098388672
277831,normal,1285,0,1782361885.7154639,0.002074003219604492
277832,normal,3140,1,1782361885.7174635,0.0019996166229248047
277833,normal,1807,0,1782361885.7193913,0.0019278526306152344
277834,normal,3705,0,1782361885.7214684,0.0020771026611328125
277835,normal,3617,0,1782361885.723436,0.0019676685333251953
277836,normal,2145,0,1782361885.7253888,0.0019526481628417969
277837,normal,2681,0,1782361885.727465,0.0020761489868164062
277838,normal,2578,0,1782361885.7294374,0.0019724369049072266
277839,normal,1576,0,1782361885.7313886,0.0019512176513671875
277840,normal,2258,0,1782361885.7334685,0.0020799636840820312
277841,normal,3115,1,1782361885.7354445,0.00197601318359375
277842,normal,225,0,1782361885.7373903,0.0019457340240478516
277843,normal,2938,0,1782361885.739464,0.0020737648010253906
277844,normal,935,2,1782361885.7414372,0.0019731521606445312
277845,normal,364,0,1782361885.7434092,0.0019719600677490234
277846,normal,305,0,1782361885.7454631,0.002053976058959961
277847,normal,3366,1,1782361885.7474365,0.001973390579223633
277848,normal,2046,0,1782361885.7493882,0.0019516944885253906
277849,normal,484,0,1782361885.7514796,0.0020914077758789062
277850,normal,3367,1,1782361885.7545757,0.0030961036682128906
277851,normal,3300,1,1782361885.7554266,0.0008509159088134766
277852,normal,3384,1,1782361885.757521,0.002094268798828125
277853,normal,608,0,1782361885.7594166,0.0018956661224365234
277854,normal,3037,0,1782361885.761393,0.001976490020751953
277855,normal,1802,0,1782361885.7634702,0.0020771026611328125
277856,normal,2491,0,1782361885.7654119,0.001941680908203125
277857,normal,1703,0,1782361885.7673907,0.0019788742065429688
277858,normal,1565,0,1782361885.7694845,0.002093791961669922
277859,normal,1601,0,1782361885.7714088,0.001924276351928711
277860,normal,1290,0,1782361885.7733903,0.001981496810913086
277861,normal,1679,0,1782361885.7754896,0.002099275588989258
277862,normal,490,0,1782361885.7774177,0.001928091049194336
277863,normal,980,2,1782361885.7793906,0.0019729137420654297
277864,normal,60,0,1782361885.7814674,0.002076864242553711
277865,normal,3567,0,1782361885.7834096,0.0019421577453613281
277866,normal,1034,0,1782361885.7853875,0.0019779205322265625
277867,normal,2418,0,1782361885.787471,0.0020835399627685547
277868,normal,1074,0,1782361885.7894206,0.0019495487213134766
277869,normal,2448,0,1782361885.791465,0.0020444393157958984
277870,normal,3074,1,1782361885.7934437,0.001978635787963867
277871,normal,3354,1,1782361885.7955139,0.002070188522338867
277872,normal,2980,0,1782361885.7974136,0.00189971923828125
277873,normal,1098,0,1782361885.7994778,0.002064228057861328
277874,normal,1696,0,1782361885.8014617,0.0019838809967041016
277875,normal,2183,0,1782361885.8034208,0.001959085464477539
277876,normal,3200,1,1782361885.8054743,0.002053499221801758
277877,normal,1323,1,1782361885.8075387,0.0020644664764404297
277878,normal,2753,0,1782361885.8094203,0.0018815994262695312
277879,normal,2905,0,1782361885.8116055,0.0021851062774658203
277880,normal,709,0,1782361885.8135443,0.0019388198852539062
277881,normal,3228,1,1782361885.815422,0.0018777847290039062
277882,normal,2346,0,1782361885.8175962,0.0021741390228271484
277883,normal,352,0,1782361885.8195462,0.0019500255584716797
277884,normal,373,0,1782361885.8214226,0.0018763542175292969
277885,normal,2468,0,1782361885.8235996,0.002177000045776367
277886,normal,2285,0,1782361885.8255405,0.0019409656524658203
277887,normal,2266,0,1782361885.8274992,0.001958608627319336
277888,normal,1852,0,1782361885.8295,0.0020008087158203125
277889,normal,1905,0,1782361885.8317754,0.0022754669189453125
277890,normal,1199,0,1782361885.8334434,0.0016679763793945312
277891,normal,689,0,1782361885.8358388,0.0023953914642333984
277892,normal,2776,0,1782361885.8374255,0.0015866756439208984
277893,normal,570,0,1782361885.8394747,0.0020492076873779297
277894,normal,554,0,1782361885.8414419,0.001967191696166992
277895,normal,181,0,1782361885.8434682,0.0020263195037841797
277896,normal,2191,0,1782361885.8454297,0.0019614696502685547
277897,normal,2121,0,1782361885.8474731,0.002043485641479492
277898,normal,3348,1,1782361885.8495376,0.0020644664764404297
277899,normal,2654,0,1782361885.8514206,0.0018830299377441406
277900,normal,353,0,1782361885.853617,0.0021963119506835938
277901,normal,755,0,1782361885.8555408,0.0019237995147705078
277902,normal,840,2,1782361885.8574214,0.001880645751953125
277903,normal,584,0,1782361885.8595943,0.0021729469299316406
277904,normal,2200,0,1782361885.8615308,0.0019364356994628906
277905,normal,1620,0,1782361885.8634868,0.0019559860229492188
277906,normal,2818,0,1782361885.8654435,0.0019567012786865234
277907,normal,2712,0,1782361885.8676245,0.0021810531616210938
277908,normal,2126,0,1782361885.86943,0.0018055438995361328
277909,normal,3323,1,1782361885.8716063,0.0021762847900390625
277910,normal,1639,0,1782361885.8737805,0.0021741390228271484
277911,normal,1425,0,1782361885.8754334,0.0016529560089111328
277912,normal,1795,0,1782361885.8776138,0.002180337905883789
277913,normal,3634,0,1782361885.8794513,0.0018374919891357422
277914,normal,2751,0,1782361885.8814125,0.001961231231689453
277915,normal,1397,0,1782361885.8834748,0.0020623207092285156
277916,normal,2703,0,1782361885.885533,0.002058267593383789
277917,normal,1902,0,1782361885.887425,0.0018918514251708984
277918,normal,2498,0,1782361885.889477,0.0020520687103271484
277919,normal,1530,0,1782361885.891541,0.0020639896392822266
277920,normal,1642,0,1782361885.893424,0.0018830299377441406
277921,normal,2537,0,1782361885.8955948,0.0021708011627197266
277922,normal,3581,0,1782361885.8975263,0.0019314289093017578
277923,normal,675,0,1782361885.8994155,0.0018892288208007812
277924,normal,2657,0,1782361885.9015956,0.0021800994873046875
277925,normal,733,0,1782361885.9035318,0.001936197280883789
277926,normal,1512,0,1782361885.9054835,0.0019516944885253906
277927,normal,1874,0,1782361885.907501,0.002017498016357422
277928,normal,2069,0,1782361885.9097369,0.002235889434814453
277929,normal,1381,1,1782361885.9114342,0.0016973018646240234
277930,normal,2877,0,1782361885.913609,0.002174854278564453
277931,normal,1711,0,1782361885.9155297,0.0019207000732421875
277932,normal,1780,0,1782361885.9174826,0.0019528865814208984
277933,normal,2131,0,1782361885.9195015,0.0020189285278320312
277934,normal,2300,0,1782361885.921558,0.0020563602447509766
277935,normal,1889,0,1782361885.9234195,0.001861572265625
277936,normal,1150,0,1782361885.9256063,0.0021867752075195312
277937,normal,2415,0,1782361885.9278178,0.0022115707397460938
277938,normal,2228,0,1782361885.9294393,0.0016214847564697266
277939,normal,3415,0,1782361885.9316075,0.0021681785583496094
277940,normal,1241,0,1782361885.9335437,0.001936197280883789
277941,normal,2447,0,1782361885.9354172,0.0018734931945800781
277942,normal,1944,0,1782361885.9375963,0.0021791458129882812
277943,normal,1129,0,1782361885.9397702,0.002173900604248047
277944,normal,2582,0,1782361885.9414322,0.0016620159149169922
277945,normal,1086,0,1782361885.943483,0.0020508766174316406
277946,normal,2696,0,1782361885.945458,0.001974821090698242
277947,normal,713,0,1782361885.9474132,0.001955270767211914
277948,normal,2884,0,1782361885.9495983,0.0021851062774658203
277949,normal,3563,0,1782361885.9515634,0.001965045928955078
277950,normal,3249,1,1782361885.953417,0.0018537044525146484
277951,normal,3276,1,1782361885.9554768,0.0020596981048583984
277952,normal,496,0,1782361885.9575288,0.0020520687103271484
277953,normal,2132,0,1782361885.9594128,0.0018839836120605469
277954,normal,3018,0,1782361885.961594,0.0021812915802001953
277955,normal,3481,0,1782361885.96378,0.002185821533203125
277956,normal,1041,0,1782361885.965442,0.0016620159149169922
277957,normal,3142,1,1782361885.9676118,0.0021698474884033203
277958,normal,768,0,1782361885.9695292,0.0019173622131347656
277959,normal,2668,0,1782361885.9714139,0.0018846988677978516
277960,normal,1179,0,1782361885.9735954,0.002181529998779297
277961,normal,1994,0,1782361885.975535,0.001939535140991211
277962,normal,3172,1,1782361885.9774168,0.0018818378448486328
277963,normal,1816,0,1782361885.979606,0.002189159393310547
277964,normal,1908,0,1782361885.9814756,0.0018696784973144531
277965,normal,543,0,1782361885.983412,0.0019364356994628906
277966,normal,1811,0,1782361885.9855964,0.0021843910217285156
277967,normal,1304,0,1782361885.9874516,0.0018551349639892578
277968,normal,2979,0,1782361885.9894185,0.0019669532775878906
277969,normal,1292,0,1782361885.9916549,0.0022363662719726562
277970,normal,1130,0,1782361885.9934185,0.0017635822296142578
277971,normal,1919,0,1782361885.995564,0.002145528793334961
277972,normal,784,2,1782361885.9974427,0.0018787384033203125
277973,normal,422,0,1782361885.9994693,0.0020265579223632812
277974,normal,2344,0,1782361886.0014231,0.0019538402557373047
277975,normal,401,0,1782361886.0034754,0.00205230712890625
277976,normal,446,0,1782361886.0054474,0.0019719600677490234
277977,normal,954,2,1782361886.0074627,0.002015352249145508
277978,normal,2995,0,1782361886.0094335,0.0019707679748535156
277979,normal,788,2,1782361886.0115805,0.0021469593048095703
277980,normal,141,0,1782361886.013414,0.0018334388732910156
277981,normal,2043,0,1782361886.0157957,0.0023818016052246094
277982,normal,3272,1,1782361886.0174234,0.0016276836395263672
277983,normal,1120,0,1782361886.0195906,0.002167224884033203
277984,normal,2511,0,1782361886.021444,0.0018534660339355469
277985,normal,1578,0,1782361886.0235403,0.0020961761474609375
277986,normal,2608,0,1782361886.0254111,0.001870870590209961
277987,normal,2482,0,1782361886.0277872,0.002376079559326172
277988,normal,2894,0,1782361886.0294316,0.0016443729400634766
277989,normal,1837,0,1782361886.031589,0.002157449722290039
277990,normal,1857,0,1782361886.033501,0.0019118785858154297
277991,normal,1749,0,1782361886.035727,0.002226114273071289
277992,normal,2845,0,1782361886.0374348,0.0017077922821044922
277993,normal,548,0,1782361886.03952,0.0020852088928222656
277994,normal,3065,1,1782361886.0414634,0.001943349838256836
277995,normal,2166,0,1782361886.0434134,0.0019500255584716797
277996,normal,3431,0,1782361886.0454783,0.002064943313598633
277997,normal,2397,0,1782361886.0474503,0.0019719600677490234
277998,normal,1335,1,1782361886.0494077,0.001957416534423828
277999,normal,236,0,1782361886.0515935,0.002185821533203125
278000,normal,2777,0,1782361886.0534456,0.0018520355224609375
278001,normal,3398,1,1782361886.0554886,0.002043008804321289
278002,normal,2054,0,1782361886.0574868,0.0019981861114501953
278003,normal,3383,1,1782361886.0595515,0.0020647048950195312
278004,normal,521,0,1782361886.0614061,0.0018546581268310547
278005,normal,2766,0,1782361886.0638423,0.0024361610412597656
278006,normal,931,2,1782361886.065424,0.0015816688537597656
278007,normal,2319,0,1782361886.0676236,0.0021996498107910156
278008,normal,2707,0,1782361886.069433,0.0018093585968017578
278009,normal,1745,0,1782361886.07158,0.0021469593048095703
278010,normal,2774,0,1782361886.0734189,0.0018389225006103516
278011,normal,1616,0,1782361886.0756335,0.002214670181274414
278012,normal,2700,0,1782361886.0775256,0.00189208984375
278013,normal,1187,0,1782361886.0794284,0.0019028186798095703
278014,normal,188,0,1782361886.0818274,0.002398967742919922
278015,normal,3470,0,1782361886.0834603,0.0016329288482666016
278016,normal,2868,0,1782361886.0854115,0.0019512176513671875
278017,normal,2480,0,1782361886.0876389,0.002227306365966797
278018,normal,1200,0,1782361886.0895321,0.0018932819366455078
278019,normal,327,0,1782361886.0914133,0.0018811225891113281
278020,normal,2065,0,1782361886.0938563,0.002443075180053711
278021,normal,2509,0,1782361886.0954258,0.001569509506225586
278022,normal,960,2,1782361886.0976167,0.002190828323364258
278023,normal,2252,0,1782361886.0995002,0.0018835067749023438
278024,normal,1384,0,1782361886.1017597,0.002259492874145508
278025,normal,701,0,1782361886.1034331,0.0016734600067138672
278026,normal,1278,0,1782361886.1058495,0.002416372299194336
278027,normal,2262,0,1782361886.1074297,0.0015802383422851562
278028,normal,444,0,1782361886.1095898,0.0021600723266601562
278029,normal,1729,0,1782361886.1114314,0.0018415451049804688
278030,normal,3466,0,1782361886.113828,0.0023965835571289062
278031,normal,389,0,1782361886.1154299,0.0016019344329833984
278032,normal,2609,0,1782361886.1177614,0.0023314952850341797
278033,normal,38,0,1782361886.1194594,0.0016980171203613281
278034,normal,2729,0,1782361886.1214244,0.001965045928955078
278035,normal,3166,1,1782361886.123474,0.0020494461059570312
278036,normal,1328,1,1782361886.1254601,0.001986265182495117
278037,normal,2858,0,1782361886.1274214,0.001961231231689453
278038,normal,919,2,1782361886.129478,0.002056598663330078
278039,normal,3185,1,1782361886.1314487,0.0019707679748535156
278040,normal,3601,0,1782361886.1334713,0.0020225048065185547
278041,normal,2356,0,1782361886.1354299,0.001958608627319336
278042,normal,1806,0,1782361886.1375666,0.002136707305908203
278043,normal,421,0,1782361886.1394093,0.0018427371978759766
278044,normal,3232,1,1782361886.1415946,0.002185344696044922
278045,normal,1501,0,1782361886.1435177,0.0019230842590332031
278046,normal,375,0,1782361886.1454358,0.0019180774688720703
278047,normal,469,0,1782361886.1476004,0.002164602279663086
278048,normal,3171,1,1782361886.1495202,0.0019197463989257812
278049,normal,1884,0,1782361886.1514127,0.0018925666809082031
278050,normal,2234,0,1782361886.1535928,0.0021800994873046875
278051,normal,2691,0,1782361886.1555157,0.0019228458404541016
278052,normal,3399,1,1782361886.1574304,0.0019147396087646484
278053,normal,1699,0,1782361886.1597905,0.002360105514526367
278054,normal,2801,0,1782361886.161576,0.0017855167388916016
278055,normal,2910,0,1782361886.1634116,0.0018355846405029297
278056,normal,2364,0,1782361886.1654837,0.0020720958709716797
278057,normal,2976,0,1782361886.167458,0.001974344253540039
278058,normal,2708,0,1782361886.169548,0.002089977264404297
278059,normal,620,0,1782361886.1714344,0.0018863677978515625
278060,normal,1704,0,1782361886.1735756,0.002141237258911133
278061,normal,865,2,1782361886.1754339,0.0018582344055175781
278062,normal,1071,0,1782361886.1774313,0.0019974708557128906
278063,normal,3332,1,1782361886.1794384,0.002007007598876953
278064,normal,1113,0,1782361886.1814616,0.0020232200622558594
278065,normal,3023,0,1782361886.1834435,0.001981973648071289
278066,normal,429,0,1782361886.185598,0.0021543502807617188
278067,normal,2027,0,1782361886.1874146,0.0018167495727539062
278068,normal,651,0,1782361886.1894722,0.0020575523376464844
278069,normal,276,0,1782361886.1915169,0.002044677734375
278070,normal,3084,1,1782361886.193541,0.0020241737365722656
278071,normal,2315,0,1782361886.1953845,0.0018434524536132812
278072,normal,1823,0,1782361886.1974108,0.0020263195037841797
278073,normal,2017,0,1782361886.1994455,0.0020346641540527344
278074,normal,1664,0,1782361886.2015016,0.002056121826171875
278075,normal,3667,0,1782361886.2034512,0.0019495487213134766
278076,normal,2197,0,1782361886.205659,0.0022077560424804688
278077,normal,2763,0,1782361886.2076778,0.0020189285278320312
278078,normal,1332,1,1782361886.2097266,0.0020487308502197266
278079,normal,114,0,1782361886.211621,0.0018944740295410156
278080,normal,1688,0,1782361886.213489,0.0018680095672607422
278081,normal,1713,0,1782361886.2157936,0.002304553985595703
278082,normal,1990,0,1782361886.2175105,0.0017168521881103516
278083,normal,3589,0,1782361886.2195861,0.002075672149658203
278084,normal,2056,0,1782361886.221568,0.001981973648071289
278085,normal,736,0,1782361886.2236392,0.0020711421966552734
278086,normal,3419,0,1782361886.2254882,0.0018489360809326172
278087,normal,2257,0,1782361886.227786,0.0022978782653808594
278088,normal,419,0,1782361886.2294872,0.0017011165618896484
278089,normal,440,0,1782361886.231591,0.0021038055419921875
278090,normal,1376,1,1782361886.2335944,0.0020034313201904297
278091,normal,2472,0,1782361886.2356176,0.0020232200622558594
278092,normal,2186,0,1782361886.2374935,0.0018758773803710938
278093,normal,2656,0,1782361886.2397463,0.002252817153930664
278094,normal,1840,0,1782361886.2415092,0.0017628669738769531
278095,normal,1037,0,1782361886.2435842,0.0020749568939208984
278096,normal,1617,0,1782361886.2455764,0.0019922256469726562
278097,normal,659,0,1782361886.2476037,0.002027273178100586
278098,normal,2629,0,1782361886.249534,0.00193023681640625
278099,normal,1515,0,1782361886.2516437,0.0021097660064697266
278100,normal,3081,1,1782361886.2535014,0.001857757568359375
278101,normal,1907,0,1782361886.2555847,0.002083301544189453
278102,normal,1741,0,1782361886.2575727,0.001987934112548828
278103,normal,1885,0,1782361886.2596068,0.0020341873168945312
278104,normal,2459,0,1782361886.2615182,0.0019114017486572266
278105,normal,2519,0,1782361886.2638037,0.002285480499267578
278106,normal,1239,0,1782361886.2654872,0.0016834735870361328
278107,normal,2296,0,1782361886.267628,0.0021407604217529297
278108,normal,2982,0,1782361886.269579,0.001950979232788086
278109,normal,3449,0,1782361886.2716026,0.0020236968994140625
278110,normal,3230,1,1782361886.2734902,0.0018875598907470703
278111,normal,1082,0,1782361886.27562,0.002129793167114258
278112,normal,1253,0,1782361886.2774858,0.0018658638000488281
278113,normal,756,0,1782361886.279577,0.0020911693572998047
278114,normal,3391,1,1782361886.281598,0.0020210742950439453
278115,normal,562,0,1782361886.2835965,0.001998424530029297
278116,normal,1194,0,1782361886.2854886,0.00189208984375
278117,normal,2313,0,1782361886.2876449,0.0021562576293945312
278118,normal,3590,0,1782361886.2894852,0.001840353012084961
278119,normal,2546,0,1782361886.2915967,0.0021114349365234375
278120,normal,3615,0,1782361886.293583,0.001986265182495117
278121,normal,1075,0,1782361886.29549,0.0019071102142333984
278122,normal,3274,1,1782361886.2975826,0.002092599868774414
278123,normal,3202,1,1782361886.299589,0.0020062923431396484
278124,normal,74,0,1782361886.3016248,0.002035856246948242
278125,normal,3041,0,1782361886.3034859,0.0018610954284667969
278126,normal,2530,0,1782361886.3057914,0.0023055076599121094
278127,normal,266,0,1782361886.307488,0.0016965866088867188
278128,normal,2025,0,1782361886.3096037,0.0021157264709472656
278129,normal,3043,0,1782361886.3115542,0.0019505023956298828
278130,normal,1826,0,1782361886.3136024,0.0020482540130615234
278131,normal,2718,0,1782361886.3154936,0.0018911361694335938
278132,normal,2012,0,1782361886.317644,0.002150297164916992
278133,normal,2382,0,1782361886.3194933,0.0018494129180908203
278134,normal,895,2,1782361886.3215997,0.0021064281463623047
278135,normal,1273,0,1782361886.3235784,0.001978635787963867
278136,normal,333,0,1782361886.325607,0.0020287036895751953
278137,normal,2583,0,1782361886.3274827,0.0018756389617919922
278138,normal,2645,0,1782361886.3296514,0.0021686553955078125
278139,normal,1059,0,1782361886.3314853,0.0018339157104492188
278140,normal,3222,1,1782361886.3336458,0.0021605491638183594
278141,normal,1735,0,1782361886.3355775,0.0019316673278808594
278142,normal,835,2,1782361886.3376093,0.0020318031311035156
278143,normal,2019,0,1782361886.3394861,0.0018768310546875
278144,normal,2555,0,1782361886.3416555,0.002169370651245117
278145,normal,3260,1,1782361886.343501,0.0018455982208251953
278146,normal,1853,0,1782361886.3455713,0.002070188522338867
278147,normal,1813,0,1782361886.3475785,0.0020072460174560547
278148,normal,1677,0,1782361886.349809,0.002230405807495117
278149,normal,2354,0,1782361886.3515396,0.0017306804656982422
278150,normal,1017,2,1782361886.353973,0.002433300018310547
278151,normal,3472,0,1782361886.3556406,0.0016677379608154297
278152,normal,2336,0,1782361886.357488,0.0018472671508789062
278153,normal,3621,0,1782361886.359496,0.002008199691772461
278154,normal,1586,0,1782361886.361435,0.0019388198852539062
278155,normal,1829,0,1782361886.363435,0.002000093460083008
278156,normal,2113,0,1782361886.3656542,0.0022192001342773438
278157,normal,3429,0,1782361886.3674457,0.0017914772033691406
278158,normal,295,0,1782361886.3698702,0.002424478530883789
278159,normal,2978,0,1782361886.3715284,0.0016582012176513672
278160,normal,3688,0,1782361886.3738825,0.002354145050048828
278161,normal,1768,0,1782361886.3754497,0.0015671253204345703
278162,normal,22,0,1782361886.377884,0.002434253692626953
278163,normal,1671,0,1782361886.379516,0.0016319751739501953
278164,normal,395,0,1782361886.3820584,0.0025424957275390625
278165,normal,2278,0,1782361886.383537,0.0014786720275878906
278166,normal,3575,0,1782361886.385844,0.0023069381713867188
278167,normal,240,0,1782361886.3875067,0.0016627311706542969
278168,normal,3101,1,1782361886.3898816,0.002374887466430664
278169,normal,1783,0,1782361886.3915062,0.0016245841979980469
278170,normal,64,0,1782361886.3939133,0.002407073974609375
278171,normal,3435,0,1782361886.3955255,0.0016121864318847656
278172,normal,27,0,1782361886.397866,0.002340555191040039
278173,normal,2587,0,1782361886.399496,0.0016300678253173828
278174,normal,3085,1,1782361886.4018853,0.002389192581176758
278175,normal,2391,0,1782361886.4035037,0.0016183853149414062
278176,normal,2505,0,1782361886.40589,0.002386331558227539
278177,normal,1899,0,1782361886.4076018,0.0017118453979492188
278178,normal,39,0,1782361886.4099023,0.0023005008697509766
278179,normal,2508,0,1782361886.4114995,0.0015971660614013672
278180,normal,3700,0,1782361886.4139097,0.0024101734161376953
278181,normal,3571,0,1782361886.415513,0.0016033649444580078
278182,normal,3410,0,1782361886.417853,0.002340078353881836
278183,normal,1401,0,1782361886.4195855,0.0017323493957519531
278184,normal,156,0,1782361886.4218826,0.0022971630096435547
278185,normal,3328,1,1782361886.4235115,0.001628875732421875
278186,normal,273,0,1782361886.4258795,0.0023679733276367188
278187,normal,1538,0,1782361886.42751,0.001630544662475586
278188,normal,2333,0,1782361886.429841,0.0023310184478759766
278189,normal,1694,0,1782361886.431584,0.0017428398132324219
278190,normal,2666,0,1782361886.433876,0.002292156219482422
278191,normal,2665,0,1782361886.4355109,0.001634836196899414
278192,normal,2038,0,1782361886.4378855,0.0023746490478515625
278193,normal,2117,0,1782361886.4395113,0.0016257762908935547
278194,normal,173,0,1782361886.4418342,0.0023229122161865234
278195,normal,2746,0,1782361886.4437795,0.0019452571868896484
278196,normal,122,0,1782361886.4456446,0.0018651485443115234
278197,normal,3553,0,1782361886.4477496,0.0021049976348876953
278198,normal,2984,0,1782361886.4498556,0.0021059513092041016
278199,normal,226,0,1782361886.451508,0.0016524791717529297
278200,normal,199,0,1782361886.4538558,0.002347707748413086
278201,normal,3536,0,1782361886.4555812,0.0017254352569580078
278202,normal,1007,2,1782361886.4579146,0.002333402633666992
278203,normal,3509,0,1782361886.459512,0.0015974044799804688
278204,normal,136,0,1782361886.4619756,0.0024635791778564453
278205,normal,2941,0,1782361886.4634826,0.0015070438385009766
278206,normal,509,0,1782361886.4656093,0.0021266937255859375
278207,normal,3301,1,1782361886.4675548,0.00194549560546875
278208,normal,3111,1,1782361886.4696145,0.0020596981048583984
278209,normal,1602,0,1782361886.471488,0.0018734931945800781
278210,normal,1843,0,1782361886.473688,0.002199888229370117
278211,normal,1898,0,1782361886.4754872,0.0017993450164794922
278212,normal,3326,1,1782361886.477609,0.0021216869354248047
278213,normal,3266,1,1782361886.4796345,0.002025604248046875
278214,normal,425,0,1782361886.481498,0.0018634796142578125
278215,normal,1719,0,1782361886.483658,0.0021600723266601562
278216,normal,625,0,1782361886.4856129,0.001954793930053711
278217,normal,1792,0,1782361886.4875011,0.001888275146484375
278218,normal,3665,0,1782361886.4897208,0.002219676971435547
278219,normal,1748,0,1782361886.4915962,0.0018754005432128906
278220,normal,859,2,1782361886.4934986,0.0019023418426513672
278221,normal,1575,0,1782361886.4955213,0.0020227432250976562
278222,normal,62,0,1782361886.4976187,0.0020973682403564453
278223,normal,819,2,1782361886.499498,0.0018792152404785156
278224,normal,1965,0,1782361886.5017302,0.0022323131561279297
278225,normal,3126,1,1782361886.5036006,0.0018703937530517578
278226,normal,628,0,1782361886.505498,0.0018973350524902344
278227,normal,2340,0,1782361886.507743,0.0022449493408203125
278228,normal,3056,1,1782361886.509599,0.001856088638305664
278229,normal,882,2,1782361886.511497,0.001898050308227539
278230,normal,2783,0,1782361886.5136564,0.0021593570709228516
278231,normal,958,2,1782361886.5155258,0.0018694400787353516
278232,normal,1249,0,1782361886.5175042,0.0019783973693847656
278233,normal,2767,0,1782361886.5196574,0.002153158187866211
278234,normal,1876,0,1782361886.5215278,0.0018703937530517578
278235,normal,2445,0,1782361886.5235066,0.0019788742065429688
278236,normal,1361,1,1782361886.5257285,0.002221822738647461
278237,normal,838,2,1782361886.5275147,0.0017862319946289062
278238,normal,949,2,1782361886.5294046,0.001889944076538086
278239,normal,2153,0,1782361886.531622,0.0022172927856445312
278240,normal,1109,0,1782361886.5335507,0.0019288063049316406
278241,normal,2887,0,1782361886.5354142,0.0018634796142578125
278242,normal,28,0,1782361886.537558,0.00214385986328125
278243,normal,1003,2,1782361886.539432,0.0018739700317382812
278244,normal,2393,0,1782361886.5414016,0.001969575881958008
278245,normal,601,0,1782361886.5435543,0.002152681350708008
278246,normal,3124,1,1782361886.5454824,0.001928091049194336
278247,normal,2782,0,1782361886.547402,0.0019195079803466797
278248,normal,3604,0,1782361886.5495505,0.0021486282348632812
278249,normal,3501,0,1782361886.5514812,0.0019307136535644531
278250,normal,1709,0,1782361886.5533986,0.0019173622131347656
278251,normal,1765,0,1782361886.5556188,0.00222015380859375
278252,normal,2933,0,1782361886.5576003,0.001981496810913086
278253,normal,2267,0,1782361886.5594966,0.0018963813781738281
278254,normal,691,0,1782361886.5615158,0.002019166946411133
278255,normal,1101,0,1782361886.5636008,0.002084970474243164
278256,normal,1094,0,1782361886.5654984,0.001897573471069336
278257,normal,2016,0,1782361886.5676532,0.002154827117919922
278258,normal,182,0,1782361886.5696049,0.0019516944885253906
278259,normal,2256,0,1782361886.5714693,0.0018644332885742188
278260,normal,956,2,1782361886.5736518,0.002182483673095703
278261,normal,414,0,1782361886.575526,0.0018742084503173828
278262,normal,2556,0,1782361886.5774302,0.0019042491912841797
278263,normal,142,0,1782361886.5796332,0.0022029876708984375
278264,normal,217,0,1782361886.5815277,0.0018944740295410156
278265,normal,118,0,1782361886.5834067,0.001878976821899414
278266,normal,939,2,1782361886.585547,0.0021402835845947266
278267,normal,3681,0,1782361886.587496,0.0019490718841552734
278268,normal,81,0,1782361886.589404,0.0019080638885498047
278269,normal,3114,1,1782361886.5915258,0.0021216869354248047
278270,normal,3487,0,1782361886.5935216,0.0019958019256591797
278271,normal,1341,1,1782361886.5954022,0.001880645751953125
278272,normal,134,0,1782361886.5975537,0.0021514892578125
278273,normal,7,0,1782361886.5995991,0.0020453929901123047
278274,normal,1461,0,1782361886.6014988,0.00189971923828125
278275,normal,310,0,1782361886.603617,0.0021181106567382812
278276,normal,23,0,1782361886.6054862,0.00186920166015625
278277,normal,1219,0,1782361886.6074698,0.001983642578125
278278,normal,2964,0,1782361886.6096573,0.002187490463256836
278279,normal,2453,0,1782361886.6115227,0.001865386962890625
278280,normal,1563,0,1782361886.6134696,0.0019469261169433594
278281,normal,1556,0,1782361886.6155005,0.0020308494567871094
278282,normal,3316,1,1782361886.6174288,0.0019283294677734375
278283,normal,2306,0,1782361886.619442,0.0020132064819335938
278284,normal,3212,1,1782361886.6214905,0.002048492431640625
278285,normal,2004,0,1782361886.6234214,0.0019309520721435547
278286,normal,3053,1,1782361886.6254406,0.002019166946411133
278287,normal,1367,1,1782361886.6274831,0.002042531967163086
278288,normal,1518,0,1782361886.6294281,0.0019450187683105469
278289,normal,2637,0,1782361886.6314015,0.001973390579223633
278290,normal,1396,0,1782361886.6334598,0.002058267593383789
278291,normal,3551,0,1782361886.6355317,0.002071857452392578
278292,normal,458,0,1782361886.6374032,0.0018715858459472656
278293,normal,658,0,1782361886.6394744,0.0020711421966552734
278294,normal,2244,0,1782361886.641408,0.0019335746765136719
278295,normal,507,0,1782361886.6434355,0.0020275115966796875
278296,normal,351,0,1782361886.6455483,0.002112865447998047
278297,normal,1291,0,1782361886.6474264,0.0018780231475830078
278298,normal,1260,0,1782361886.6494381,0.0020117759704589844
278299,normal,3277,1,1782361886.6515868,0.0021486282348632812
278300,normal,905,2,1782361886.6535,0.001913309097290039
278301,normal,129,0,1782361886.6554637,0.0019636154174804688
278302,normal,1887,0,1782361886.6574633,0.0019996166229248047
278303,normal,1773,0,1782361886.6594875,0.0020241737365722656
278304,normal,1514,0,1782361886.6614647,0.001977205276489258
278305,normal,296,0,1782361886.6634598,0.001995086669921875
278306,normal,2713,0,1782361886.6654868,0.0020270347595214844
278307,normal,1502,0,1782361886.6674638,0.0019769668579101562
278308,normal,290,0,1782361886.6694653,0.002001523971557617
278309,normal,1921,0,1782361886.6715064,0.0020411014556884766
278310,normal,1606,0,1782361886.6734624,0.0019559860229492188
278311,normal,1467,0,1782361886.6755846,0.002122163772583008
278312,normal,3622,0,1782361886.6774862,0.0019016265869140625
278313,normal,1923,0,1782361886.6794662,0.0019800662994384766
278314,normal,280,0,1782361886.6814628,0.0019965171813964844
278315,normal,26,0,1782361886.6834853,0.0020225048065185547
278316,normal,3153,1,1782361886.6854653,0.0019800662994384766
278317,normal,1553,0,1782361886.6874428,0.0019774436950683594
278318,normal,599,0,1782361886.6894944,0.0020515918731689453
278319,normal,1610,0,1782361886.6914694,0.0019750595092773438
278320,normal,664,0,1782361886.693495,0.002025604248046875
278321,normal,1827,0,1782361886.695519,0.002023935317993164
278322,normal,191,0,1782361886.6974654,0.0019464492797851562
278323,normal,485,0,1782361886.6994638,0.001998424530029297
278324,normal,751,0,1782361886.7014832,0.0020194053649902344
278325,normal,936,2,1782361886.703462,0.001978635787963867
278326,normal,3369,1,1782361886.7055907,0.0021288394927978516
278327,normal,96,0,1782361886.7074828,0.00189208984375
278328,normal,368,0,1782361886.70946,0.001977205276489258
278329,normal,1409,0,1782361886.7115903,0.002130270004272461
278330,normal,928,2,1782361886.7134838,0.0018935203552246094
278331,normal,1854,0,1782361886.7154608,0.0019769668579101562
278332,normal,2946,0,1782361886.7175922,0.0021314620971679688
278333,normal,2130,0,1782361886.7194867,0.0018944740295410156
278334,normal,1791,0,1782361886.7214584,0.001971721649169922
278335,normal,3548,0,1782361886.723589,0.0021305084228515625
278336,normal,853,2,1782361886.7254844,0.0018954277038574219
278337,normal,2999,0,1782361886.72746,0.001975536346435547
278338,normal,670,0,1782361886.7295902,0.002130270004272461
278339,normal,2956,0,1782361886.7314878,0.001897573471069336
278340,normal,2067,0,1782361886.7334595,0.001971721649169922
278341,normal,845,2,1782361886.735463,0.0020034313201904297
278342,normal,950,2,1782361886.7374744,0.002011537551879883
278343,normal,1808,0,1782361886.739485,0.0020105838775634766
278344,normal,3513,0,1782361886.7414672,0.0019822120666503906
278345,normal,2542,0,1782361886.7434819,0.002014636993408203
278346,normal,1416,0,1782361886.7454615,0.0019795894622802734
278347,normal,2110,0,1782361886.7474632,0.0020017623901367188
278348,normal,3597,0,1782361886.7494974,0.0020341873168945312
278349,normal,2803,0,1782361886.7514472,0.0019497871398925781
278350,normal,712,0,1782361886.7535908,0.0021436214447021484
278351,normal,3095,1,1782361886.7555048,0.0019140243530273438
278352,normal,476,0,1782361886.7574286,0.0019237995147705078
278353,normal,3044,0,1782361886.7594643,0.0020356178283691406
278354,normal,288,0,1782361886.7615156,0.0020513534545898438
278355,normal,1216,0,1782361886.7634723,0.0019567012786865234
278356,normal,2918,0,1782361886.7654638,0.0019915103912353516
278357,normal,2680,0,1782361886.7674909,0.0020270347595214844
278358,normal,294,0,1782361886.7694683,0.0019774436950683594
278359,normal,571,0,1782361886.7714622,0.001993894577026367
278360,normal,183,0,1782361886.7734911,0.002028942108154297
278361,normal,2120,0,1782361886.7754643,0.0019731521606445312
278362,normal,3610,0,1782361886.777591,0.0021266937255859375
278363,normal,578,0,1782361886.7795017,0.0019106864929199219
278364,normal,1737,0,1782361886.781424,0.0019223690032958984
278365,normal,2899,0,1782361886.783587,0.002162933349609375
278366,normal,3471,0,1782361886.7855034,0.0019164085388183594
278367,normal,2709,0,1782361886.7874372,0.0019338130950927734
278368,normal,2716,0,1782361886.7894623,0.002025127410888672
278369,normal,3488,0,1782361886.7915,0.0020377635955810547
278370,normal,2684,0,1782361886.793425,0.0019249916076660156
278371,normal,2852,0,1782361886.7956522,0.0022270679473876953
278372,normal,1023,2,1782361886.7975733,0.0019211769104003906
278373,normal,1855,0,1782361886.799436,0.0018627643585205078
278374,normal,1169,0,1782361886.8016276,0.0021915435791015625
278375,normal,867,2,1782361886.8035488,0.0019211769104003906
278376,normal,483,0,1782361886.8054733,0.0019245147705078125
278377,normal,2490,0,1782361886.8076463,0.0021729469299316406
278378,normal,1484,0,1782361886.809581,0.0019347667694091797
278379,normal,51,0,1782361886.811496,0.00191497802734375
278380,normal,2881,0,1782361886.8136191,0.002123117446899414
278381,normal,1057,0,1782361886.8155458,0.0019266605377197266
278382,normal,2880,0,1782361886.817466,0.0019202232360839844
278383,normal,605,0,1782361886.819646,0.002179861068725586
278384,normal,3390,1,1782361886.821568,0.0019221305847167969
278385,normal,3502,0,1782361886.823481,0.0019130706787109375
278386,normal,89,0,1782361886.8256252,0.0021440982818603516
278387,normal,762,0,1782361886.8275356,0.0019104480743408203
278388,normal,1583,0,1782361886.8294957,0.0019600391387939453
278389,normal,349,0,1782361886.8316462,0.0021505355834960938
278390,normal,30,0,1782361886.8335338,0.0018875598907470703
278391,normal,1053,0,1782361886.8354836,0.0019497871398925781
278392,normal,58,0,1782361886.8376143,0.002130746841430664
278393,normal,1350,1,1782361886.8395486,0.0019342899322509766
278394,normal,1220,0,1782361886.8414836,0.0019350051879882812
278395,normal,539,0,1782361886.8436472,0.0021636486053466797
278396,normal,2748,0,1782361886.8455637,0.0019164085388183594
278397,normal,707,0,1782361886.8474917,0.001928091049194336
278398,normal,2355,0,1782361886.8496125,0.0021207332611083984
278399,normal,3057,1,1782361886.8515399,0.0019273757934570312
278400,normal,2,0,1782361886.8534572,0.0019173622131347656
278401,normal,1995,0,1782361886.8556437,0.0021865367889404297
278402,normal,3,0,1782361886.8575327,0.0018889904022216797
278403,normal,1225,0,1782361886.8594844,0.0019516944885253906
278404,normal,1050,0,1782361886.861619,0.002134561538696289
278405,normal,1846,0,1782361886.863541,0.0019218921661376953
278406,normal,1567,0,1782361886.8656232,0.002082347869873047
278407,normal,2143,0,1782361886.8674798,0.0018565654754638672
278408,normal,417,0,1782361886.8695958,0.002115964889526367
278409,normal,2518,0,1782361886.87148,0.0018842220306396484
278410,normal,3015,0,1782361886.8736145,0.002134561538696289
278411,normal,2802,0,1782361886.875543,0.001928567886352539
278412,normal,3611,0,1782361886.8774822,0.0019390583038330078
278413,normal,488,0,1782361886.879644,0.002161741256713867
278414,normal,2757,0,1782361886.8815978,0.0019538402557373047
278415,normal,2912,0,1782361886.883487,0.0018892288208007812
278416,normal,342,0,1782361886.8856182,0.002131223678588867
278417,normal,2194,0,1782361886.8875496,0.0019314289093017578
278418,normal,1008,2,1782361886.8894873,0.0019376277923583984
278419,normal,3453,0,1782361886.891644,0.0021567344665527344
278420,normal,210,0,1782361886.8935485,0.0019044876098632812
278421,normal,824,2,1782361886.8954854,0.0019369125366210938
278422,normal,856,2,1782361886.8976188,0.0021333694458007812
278423,normal,2664,0,1782361886.8995361,0.0019173622131347656
278424,normal,810,2,1782361886.9014835,0.0019474029541015625
278425,normal,3063,1,1782361886.9036453,0.002161741256713867
278426,normal,3060,1,1782361886.9055433,0.001898050308227539
278427,normal,2032,0,1782361886.907483,0.0019397735595703125
278428,normal,1104,0,1782361886.9096181,0.002135038375854492
278429,normal,1568,0,1782361886.9115326,0.0019145011901855469
278430,normal,282,0,1782361886.9134803,0.001947641372680664
278431,normal,604,0,1782361886.9156463,0.0021660327911376953
278432,normal,2023,0,1782361886.9175448,0.0018985271453857422
278433,normal,976,2,1782361886.919483,0.0019381046295166016
278434,normal,3346,1,1782361886.9216173,0.0021343231201171875
278435,normal,1494,0,1782361886.9235332,0.0019159317016601562
278436,normal,1987,0,1782361886.9254997,0.0019664764404296875
278437,normal,284,0,1782361886.9276469,0.002147197723388672
278438,normal,2253,0,1782361886.9295418,0.0018949508666992188
278439,normal,430,0,1782361886.9314852,0.001943349838256836
278440,normal,2375,0,1782361886.933617,0.002131938934326172
278441,normal,1869,0,1782361886.9355338,0.001916646957397461
278442,normal,238,0,1782361886.9374812,0.0019474029541015625
278443,normal,45,0,1782361886.9396489,0.0021677017211914062
278444,normal,2029,0,1782361886.9415433,0.0018944740295410156
278445,normal,913,2,1782361886.9434834,0.001940011978149414
278446,normal,29,0,1782361886.9456158,0.002132415771484375
278447,normal,2602,0,1782361886.9475338,0.0019180774688720703
278448,normal,607,0,1782361886.9494848,0.001950979232788086
278449,normal,1482,0,1782361886.9516485,0.0021636486053466797
278450,normal,2636,0,1782361886.953567,0.0019185543060302734
278451,normal,1417,0,1782361886.9565504,0.0029833316802978516
278452,normal,1164,0,1782361886.9575248,0.0009744167327880859
278453,normal,1608,0,1782361886.9598675,0.002342700958251953
278454,normal,3483,0,1782361886.9615042,0.0016367435455322266
278455,normal,1256,0,1782361886.9639728,0.002468585968017578
278456,normal,1910,0,1782361886.9655247,0.0015518665313720703
278457,normal,3687,0,1782361886.9678917,0.0023670196533203125
278458,normal,2674,0,1782361886.9695232,0.0016314983367919922
278459,normal,2495,0,1782361886.9718769,0.002353668212890625
278460,normal,3191,1,1782361886.9735005,0.0016236305236816406
278461,normal,2189,0,1782361886.975884,0.0023834705352783203
278462,normal,2381,0,1782361886.9775326,0.0016486644744873047
278463,normal,519,0,1782361886.9799697,0.002437114715576172
278464,normal,1861,0,1782361886.9814832,0.0015134811401367188
278465,normal,3012,0,1782361886.9837294,0.0022461414337158203
278466,normal,3305,1,1782361886.985478,0.0017485618591308594
278467,normal,963,2,1782361886.9877186,0.0022406578063964844
278468,normal,1236,0,1782361886.9894903,0.001771688461303711
278469,normal,2945,0,1782361886.9916232,0.002132892608642578
278470,normal,1803,0,1782361886.9935036,0.0018804073333740234
278471,normal,3263,1,1782361886.995688,0.0021843910217285156
278472,normal,1342,1,1782361886.9974868,0.001798868179321289
278473,normal,2416,0,1782361886.9997232,0.0022363662719726562
278474,normal,3176,1,1782361887.0015504,0.001827239990234375
278475,normal,1875,0,1782361887.0036843,0.0021338462829589844
278476,normal,3544,0,1782361887.005506,0.001821756362915039
278477,normal,722,0,1782361887.0076926,0.0021865367889404297
278478,normal,8,0,1782361887.0094764,0.0017838478088378906
278479,normal,1214,0,1782361887.0117316,0.0022552013397216797
278480,normal,346,0,1782361887.0135396,0.0018079280853271484
278481,normal,1934,0,1782361887.015622,0.002082347869873047
278482,normal,903,2,1782361887.01751,0.0018880367279052734
278483,normal,1539,0,1782361887.0197163,0.0022063255310058594
278484,normal,2417,0,1782361887.0214794,0.0017631053924560547
278485,normal,2807,0,1782361887.0236473,0.002167940139770508
278486,normal,2569,0,1782361887.0255704,0.0019230842590332031
278487,normal,1348,1,1782361887.0276406,0.002070188522338867
278488,normal,1566,0,1782361887.0294735,0.0018329620361328125
278489,normal,2263,0,1782361887.0317261,0.0022525787353515625
278490,normal,32,0,1782361887.033474,0.0017478466033935547
278491,normal,2854,0,1782361887.0356495,0.002175569534301758
278492,normal,1062,0,1782361887.037555,0.0019054412841796875
278493,normal,955,2,1782361887.039656,0.0021009445190429688
278494,normal,1604,0,1782361887.0415118,0.0018558502197265625
278495,normal,690,0,1782361887.0435483,0.002036571502685547
278496,normal,1170,0,1782361887.0456283,0.0020799636840820312
278497,normal,3661,0,1782361887.0475392,0.0019109249114990234
278498,normal,1868,0,1782361887.0496523,0.0021131038665771484
278499,normal,1033,0,1782361887.0514731,0.0018208026885986328
278500,normal,1767,0,1782361887.0536578,0.002184629440307617
278501,normal,816,2,1782361887.0555515,0.001893758773803711
278502,normal,897,2,1782361887.0576282,0.0020766258239746094
278503,normal,3270,1,1782361887.0595386,0.0019104480743408203
278504,normal,1226,0,1782361887.0617654,0.0022268295288085938
278505,normal,1158,0,1782361887.0634825,0.0017170906066894531
278506,normal,1447,0,1782361887.065637,0.0021545886993408203
278507,normal,2165,0,1782361887.0675597,0.001922607421875
278508,normal,2775,0,1782361887.0696158,0.002056121826171875
278509,normal,2670,0,1782361887.0715125,0.0018966197967529297
278510,normal,2299,0,1782361887.0736558,0.002143383026123047
278511,normal,3106,1,1782361887.0754719,0.0018160343170166016
278512,normal,1267,0,1782361887.0776415,0.0021696090698242188
278513,normal,24,0,1782361887.0795577,0.0019161701202392578
278514,normal,1363,1,1782361887.0816398,0.0020821094512939453
278515,normal,698,0,1782361887.0835261,0.0018863677978515625
278516,normal,834,2,1782361887.0856168,0.0020906925201416016
278517,normal,843,2,1782361887.0875382,0.0019214153289794922
278518,normal,3442,0,1782361887.0896082,0.0020699501037597656
278519,normal,3068,1,1782361887.0915477,0.001939535140991211
278520,normal,298,0,1782361887.0935643,0.0020165443420410156
278521,normal,2725,0,1782361887.0954938,0.0019295215606689453
278522,normal,94,0,1782361887.0976436,0.002149820327758789
278523,normal,57,0,1782361887.0994537,0.0018100738525390625
278524,normal,3517,0,1782361887.1015978,0.0021440982818603516
278525,normal,1423,0,1782361887.1036422,0.0020444393157958984
278526,normal,161,0,1782361887.10555,0.0019078254699707031
278527,normal,3697,0,1782361887.107476,0.0019259452819824219
278528,normal,2630,0,1782361887.1096137,0.0021376609802246094
278529,normal,25,0,1782361887.1114511,0.0018374919891357422
278530,normal,799,2,1782361887.1136112,0.0021600723266601562
278531,normal,3690,0,1782361887.115536,0.001924753189086914
278532,normal,3657,0,1782361887.11755,0.0020139217376708984
278533,normal,2611,0,1782361887.119558,0.002008199691772461
278534,normal,463,0,1782361887.1217692,0.0022110939025878906
278535,normal,1527,0,1782361887.123467,0.0016977787017822266
278536,normal,3586,0,1782361887.1257205,0.0022535324096679688
278537,normal,2059,0,1782361887.1275442,0.0018236637115478516
278538,normal,2500,0,1782361887.129548,0.002003908157348633
278539,normal,2812,0,1782361887.131559,0.002010822296142578
278540,normal,559,0,1782361887.1337497,0.002190828323364258
278541,normal,1221,0,1782361887.1354737,0.0017240047454833984
278542,normal,2193,0,1782361887.1377556,0.0022819042205810547
278543,normal,2338,0,1782361887.1395109,0.0017552375793457031
278544,normal,2770,0,1782361887.141549,0.002038240432739258
278545,normal,102,0,1782361887.1434915,0.0019423961639404297
278546,normal,1635,0,1782361887.1456323,0.0021407604217529297
278547,normal,1892,0,1782361887.1474762,0.0018439292907714844
278548,normal,820,2,1782361887.1497319,0.002255678176879883
278549,normal,2073,0,1782361887.1515057,0.001773834228515625
278550,normal,797,2,1782361887.1535444,0.002038717269897461
278551,normal,3290,1,1782361887.1555486,0.0020041465759277344
278552,normal,2452,0,1782361887.1577349,0.002186298370361328
278553,normal,2384,0,1782361887.1594882,0.0017533302307128906
278554,normal,3482,0,1782361887.161724,0.002235889434814453
278555,normal,3184,1,1782361887.1635149,0.001790761947631836
278556,normal,1154,0,1782361887.165562,0.0020470619201660156
278557,normal,3119,1,1782361887.1674805,0.0019185543060302734
278558,normal,577,0,1782361887.1697311,0.00225067138671875
278559,normal,615,0,1782361887.1714826,0.0017514228820800781
278560,normal,3566,0,1782361887.1736171,0.002134561538696289
278561,normal,1453,0,1782361887.1755474,0.00193023681640625
278562,normal,1881,0,1782361887.177591,0.0020437240600585938
278563,normal,1969,0,1782361887.1794846,0.0018935203552246094
278564,normal,1131,0,1782361887.1817589,0.0022742748260498047
278565,normal,1746,0,1782361887.1834824,0.0017235279083251953
278566,normal,318,0,1782361887.185613,0.0021305084228515625
278567,normal,2024,0,1782361887.1874967,0.0018837451934814453
278568,normal,2080,0,1782361887.1895041,0.0020074844360351562
278569,normal,3576,0,1782361887.1917465,0.0022423267364501953
278570,normal,1188,0,1782361887.1938653,0.002118825912475586
278571,normal,898,2,1782361887.1955035,0.001638174057006836
278572,normal,2283,0,1782361887.1978407,0.002337217330932617
278573,normal,2913,0,1782361887.1995676,0.0017268657684326172
278574,normal,1048,0,1782361887.2016542,0.002086639404296875
278575,normal,1821,0,1782361887.2037263,0.0020720958709716797
278576,normal,2021,0,1782361887.2058914,0.002165079116821289
278577,normal,1092,0,1782361887.2075424,0.0016510486602783203
278578,normal,2139,0,1782361887.209685,0.002142667770385742
278579,normal,2705,0,1782361887.2117636,0.002078533172607422
278580,normal,1324,1,1782361887.2135708,0.0018072128295898438
278581,normal,1309,0,1782361887.2156503,0.002079486846923828
278582,normal,2557,0,1782361887.2177722,0.0021219253540039062
278583,normal,391,0,1782361887.219521,0.001748800277709961
278584,normal,1612,0,1782361887.2219973,0.002476215362548828
278585,normal,452,0,1782361887.2235765,0.00157928466796875
278586,normal,832,2,1782361887.225542,0.0019655227661132812
278587,normal,2363,0,1782361887.227979,0.0024368762969970703
278588,normal,585,0,1782361887.2297497,0.0017707347869873047
278589,normal,1087,0,1782361887.2316325,0.001882791519165039
278590,normal,1077,0,1782361887.2336438,0.0020112991333007812
278591,normal,3036,0,1782361887.235741,0.0020971298217773438
278592,normal,2610,0,1782361887.2375119,0.0017709732055664062
278593,normal,3292,1,1782361887.239994,0.002482175827026367
278594,normal,399,0,1782361887.241551,0.0015568733215332031
278595,normal,1535,0,1782361887.2435336,0.0019826889038085938
278596,normal,1916,0,1782361887.2456572,0.002123594284057617
278597,normal,2576,0,1782361887.2477522,0.0020949840545654297
278598,normal,1761,0,1782361887.2495208,0.0017685890197753906
278599,normal,769,0,1782361887.2519236,0.002402782440185547
278600,normal,323,0,1782361887.2535753,0.001651763916015625
278601,normal,2683,0,1782361887.2555325,0.0019571781158447266
278602,normal,2222,0,1782361887.2579074,0.002374887466430664
278603,normal,1025,2,1782361887.2595778,0.0016703605651855469
278604,normal,2996,0,1782361887.261559,0.0019812583923339844
278605,normal,374,0,1782361887.264123,0.002563953399658203
278606,normal,2745,0,1782361887.2657385,0.0016155242919921875
278607,normal,2006,0,1782361887.2680984,0.0023598670959472656
278608,normal,3194,1,1782361887.269714,0.001615762710571289
278609,normal,866,2,1782361887.2717242,0.0020101070404052734
278610,normal,696,0,1782361887.273952,0.002227783203125
278611,normal,3080,1,1782361887.2757967,0.001844644546508789
278612,normal,3334,1,1782361887.2777674,0.0019707679748535156
278613,normal,2339,0,1782361887.280009,0.0022416114807128906
278614,normal,1759,0,1782361887.2817323,0.0017232894897460938
278615,normal,2506,0,1782361887.2836998,0.0019674301147460938
278616,normal,489,0,1782361887.2858403,0.002140522003173828
278617,normal,638,0,1782361887.2876866,0.0018463134765625
278618,normal,2780,0,1782361887.2899039,0.0022172927856445312
278619,normal,3078,1,1782361887.2918692,0.0019652843475341797
278620,normal,234,0,1782361887.2935283,0.0016591548919677734
278621,normal,448,0,1782361887.2956412,0.002112865447998047
278622,normal,3304,1,1782361887.2976851,0.0020439624786376953
278623,normal,2631,0,1782361887.2997801,0.0020949840545654297
278624,normal,3188,1,1782361887.3017676,0.001987457275390625
278625,normal,3529,0,1782361887.3035722,0.0018045902252197266
278626,normal,354,0,1782361887.3058102,0.002238035202026367
278627,normal,2872,0,1782361887.3077674,0.0019571781158447266
278628,normal,316,0,1782361887.309742,0.0019745826721191406
278629,normal,603,0,1782361887.3118002,0.002058267593383789
278630,normal,1728,0,1782361887.31377,0.0019698143005371094
278631,normal,441,0,1782361887.3155668,0.001796722412109375
278632,normal,3204,1,1782361887.3184562,0.002889394760131836
278633,normal,1259,0,1782361887.3194213,0.000965118408203125
278634,normal,1788,0,1782361887.3220344,0.002613067626953125
278635,normal,2527,0,1782361887.3238714,0.001837015151977539
278636,normal,2959,0,1782361887.3259447,0.0020732879638671875
278637,normal,1510,0,1782361887.3278477,0.0019030570983886719
278638,normal,303,0,1782361887.3298151,0.0019674301147460938
278639,normal,3381,1,1782361887.332171,0.002355813980102539
278640,normal,3658,0,1782361887.334194,0.002022981643676758
278641,normal,3146,1,1782361887.335658,0.0014641284942626953
278642,normal,3417,0,1782361887.3377655,0.002107381820678711
278643,normal,383,0,1782361887.3401551,0.002389669418334961
278644,normal,1001,2,1782361887.3419986,0.0018434524536132812
278645,normal,166,0,1782361887.3435612,0.0015625953674316406
278646,normal,2647,0,1782361887.3458567,0.0022954940795898438
278647,normal,1705,0,1782361887.3478174,0.00196075439453125
278648,normal,358,0,1782361887.3494773,0.0016598701477050781
278649,normal,830,2,1782361887.3514228,0.00194549560546875
278650,normal,408,0,1782361887.3537261,0.0023033618927001953
278651,normal,1858,0,1782361887.3555112,0.0017850399017333984
278652,normal,2371,0,1782361887.3575387,0.0020275115966796875
278653,normal,2810,0,1782361887.3598337,0.0022950172424316406
278654,normal,435,0,1782361887.3617864,0.0019526481628417969
278655,normal,2231,0,1782361887.3638837,0.0020973682403564453
278656,normal,1289,0,1782361887.3658986,0.0020148754119873047
278657,normal,385,0,1782361887.3676157,0.0017170906066894531
278658,normal,341,0,1782361887.3700235,0.0024077892303466797
278659,normal,1469,0,1782361887.3718448,0.001821279525756836
278660,normal,314,0,1782361887.3736176,0.0017728805541992188
278661,normal,1865,0,1782361887.3758178,0.0022001266479492188
278662,normal,2245,0,1782361887.3778143,0.0019965171813964844
278663,normal,3421,0,1782361887.3799217,0.002107381820678711
278664,normal,974,2,1782361887.3818905,0.001968860626220703
278665,normal,2360,0,1782361887.3836396,0.0017490386962890625
278666,normal,1708,0,1782361887.385899,0.002259492874145508
278667,normal,427,0,1782361887.3881745,0.0022754669189453125
278668,normal,1330,1,1782361887.3903518,0.0021772384643554688
278669,normal,203,0,1782361887.3915205,0.0011687278747558594
278670,normal,773,2,1782361887.3941314,0.002610921859741211
278671,normal,665,0,1782361887.3957922,0.0016608238220214844
278672,normal,2475,0,1782361887.3976157,0.00182342529296875
278673,normal,3311,1,1782361887.4000747,0.0024590492248535156
278674,normal,1338,1,1782361887.401504,0.0014293193817138672
278675,normal,2279,0,1782361887.403859,0.002354860305786133
278676,normal,1177,0,1782361887.4054878,0.001628875732421875
278677,normal,1698,0,1782361887.4079313,0.002443552017211914
278678,normal,2863,0,1782361887.4095647,0.0016334056854248047
278679,normal,3556,0,1782361887.4115174,0.0019526481628417969
278680,normal,1753,0,1782361887.413842,0.0023245811462402344
278681,normal,1983,0,1782361887.4155223,0.0016803741455078125
278682,normal,1673,0,1782361887.4175968,0.0020744800567626953
278683,normal,2366,0,1782361887.4196415,0.002044677734375
278684,normal,1693,0,1782361887.421522,0.0018804073333740234
278685,normal,2817,0,1782361887.4235973,0.0020754337310791016
278686,normal,472,0,1782361887.4255326,0.0019352436065673828
278687,normal,626,0,1782361887.4276545,0.0021219253540039062
278688,normal,1627,0,1782361887.4294646,0.0018100738525390625
278689,normal,1229,0,1782361887.4316926,0.0022280216217041016
278690,normal,1967,0,1782361887.4335184,0.0018258094787597656
278691,normal,3564,0,1782361887.4355965,0.0020780563354492188
278692,normal,3155,1,1782361887.4376326,0.0020360946655273438
278693,normal,2293,0,1782361887.4395232,0.0018906593322753906
278694,normal,1977,0,1782361887.4415867,0.0020635128021240234
278695,normal,1244,0,1782361887.4435325,0.0019457340240478516
278696,normal,3022,0,1782361887.445658,0.0021255016326904297
278697,normal,3659,0,1782361887.4474704,0.0018124580383300781
278698,normal,334,0,1782361887.449652,0.002181529998779297
278699,normal,1700,0,1782361887.4516294,0.0019774436950683594
278700,normal,1010,2,1782361887.4535081,0.0018787384033203125
278701,normal,1702,0,1782361887.455515,0.0020067691802978516
278702,normal,2152,0,1782361887.4576252,0.0021102428436279297
278703,normal,1584,0,1782361887.4594984,0.0018732547760009766
278704,normal,1111,0,1782361887.4617162,0.0022177696228027344
278705,normal,230,0,1782361887.4635558,0.0018396377563476562
278706,normal,1091,0,1782361887.465497,0.0019412040710449219
278707,normal,2601,0,1782361887.4677503,0.002253293991088867
278708,normal,2320,0,1782361887.469562,0.0018117427825927734
278709,normal,1223,0,1782361887.4715056,0.0019435882568359375
278710,normal,1024,2,1782361887.4737298,0.0022242069244384766
278711,normal,2977,0,1782361887.475571,0.0018410682678222656
278712,normal,3258,1,1782361887.477507,0.001936197280883789
278713,normal,2689,0,1782361887.479749,0.002241849899291992
278714,normal,3531,0,1782361887.4815934,0.0018444061279296875
278715,normal,2061,0,1782361887.483494,0.0019006729125976562
278716,normal,3014,0,1782361887.4857275,0.0022335052490234375
278717,normal,3695,0,1782361887.4875672,0.0018396377563476562
278718,normal,952,2,1782361887.4894922,0.0019249916076660156
278719,normal,3021,0,1782361887.4917607,0.002268552780151367
278720,normal,1295,0,1782361887.4935672,0.001806497573852539
278721,normal,1756,0,1782361887.4954877,0.001920461654663086
278722,normal,2915,0,1782361887.497727,0.002239227294921875
278723,normal,2400,0,1782361887.4995635,0.001836538314819336
278724,normal,3558,0,1782361887.501503,0.001939535140991211
278725,normal,499,0,1782361887.503749,0.0022459030151367188
278726,normal,1434,0,1782361887.5056012,0.001852273941040039
278727,normal,450,0,1782361887.5074873,0.001886129379272461
278728,normal,1005,2,1782361887.509728,0.0022406578063964844
278729,normal,1138,0,1782361887.5115838,0.0018558502197265625
278730,normal,2942,0,1782361887.5134869,0.0019030570983886719
278731,normal,487,0,1782361887.515727,0.0022401809692382812
278732,normal,2217,0,1782361887.5175705,0.0018434524536132812
278733,normal,2588,0,1782361887.5194845,0.0019140243530273438
278734,normal,3580,0,1782361887.5217535,0.0022690296173095703
278735,normal,1272,0,1782361887.5236063,0.0018527507781982422
278736,normal,989,2,1782361887.525492,0.0018856525421142578
278737,normal,1668,0,1782361887.5277398,0.0022478103637695312
278738,normal,2414,0,1782361887.529575,0.0018353462219238281
278739,normal,728,0,1782361887.5314693,0.001894235610961914
278740,normal,2155,0,1782361887.5337422,0.0022728443145751953
278741,normal,392,0,1782361887.5355682,0.0018260478973388672
278742,normal,2612,0,1782361887.537487,0.001918792724609375
278743,normal,653,0,1782361887.5397224,0.00223541259765625
278744,normal,2990,0,1782361887.5415661,0.0018436908721923828
278745,normal,2439,0,1782361887.5434887,0.001922607421875
278746,normal,189,0,1782361887.545746,0.0022573471069335938
278747,normal,2986,0,1782361887.5475667,0.0018205642700195312
278748,normal,2936,0,1782361887.5494955,0.0019288063049316406
278749,normal,1828,0,1782361887.5517266,0.002231121063232422
278750,normal,2395,0,1782361887.553559,0.0018324851989746094
278751,normal,574,0,1782361887.5568995,0.003340482711791992
278752,normal,3400,1,1782361887.557647,0.0007474422454833984
278753,normal,160,0,1782361887.5594347,0.0017876625061035156
278754,normal,512,0,1782361887.5614684,0.002033710479736328
278755,normal,3572,0,1782361887.5634673,0.0019989013671875
278756,normal,36,0,1782361887.5654364,0.0019690990447998047
278757,normal,1155,0,1782361887.56742,0.001983642578125
278758,normal,1359,1,1782361887.5696104,0.0021903514862060547
278759,normal,1444,0,1782361887.5714054,0.001795053482055664
278760,normal,2156,0,1782361887.573432,0.0020265579223632812
278761,normal,1779,0,1782361887.5754595,0.0020275115966796875
278762,normal,2730,0,1782361887.577479,0.0020194053649902344
278763,normal,384,0,1782361887.5794082,0.0019292831420898438
278764,normal,3478,0,1782361887.581463,0.002054929733276367
278765,normal,1954,0,1782361887.583424,0.0019609928131103516
278766,normal,1117,0,1782361887.5857291,0.0023050308227539062
278767,normal,2481,0,1782361887.5877337,0.0020046234130859375
278768,normal,2787,0,1782361887.5895138,0.0017800331115722656
278769,normal,2562,0,1782361887.5914958,0.001981973648071289
278770,normal,3137,1,1782361887.5937645,0.0022687911987304688
278771,normal,3182,1,1782361887.5954998,0.0017352104187011719
278772,normal,2566,0,1782361887.597492,0.0019922256469726562
278773,normal,787,2,1782361887.5996559,0.0021638870239257812
278774,normal,2677,0,1782361887.6015632,0.0019073486328125
278775,normal,2123,0,1782361887.6035037,0.0019404888153076172
278776,normal,1594,0,1782361887.6057448,0.0022411346435546875
278777,normal,3340,1,1782361887.60757,0.001825094223022461
278778,normal,1251,0,1782361887.6094594,0.0018894672393798828
278779,normal,3664,0,1782361887.6116292,0.0021698474884033203
278780,normal,1592,0,1782361887.6135836,0.001954317092895508
278781,normal,3512,0,1782361887.6154687,0.0018851757049560547
278782,normal,2823,0,1782361887.617644,0.0021753311157226562
278783,normal,3530,0,1782361887.6195796,0.0019354820251464844
278784,normal,1599,0,1782361887.6214602,0.001880645751953125
278785,normal,2859,0,1782361887.6236298,0.0021696090698242188
278786,normal,2870,0,1782361887.6255598,0.0019299983978271484
278787,normal,3271,1,1782361887.6274726,0.001912832260131836
278788,normal,740,0,1782361887.6296396,0.0021669864654541016
278789,normal,2792,0,1782361887.6315725,0.0019328594207763672
278790,normal,1935,0,1782361887.633461,0.0018885135650634766
278791,normal,2270,0,1782361887.63563,0.002168893814086914
278792,normal,667,0,1782361887.6375647,0.0019347667694091797
278793,normal,718,0,1782361887.6394699,0.001905202865600586
278794,normal,734,0,1782361887.64164,0.002170085906982422
278795,normal,222,0,1782361887.6435905,0.0019505023956298828
278796,normal,9,0,1782361887.6454601,0.0018696784973144531
278797,normal,3210,1,1782361887.6476128,0.002152681350708008
278798,normal,1431,0,1782361887.6495697,0.001956939697265625
278799,normal,2907,0,1782361887.651467,0.0018973350524902344
278800,normal,474,0,1782361887.6537585,0.002291440963745117
278801,normal,589,0,1782361887.6556134,0.0018548965454101562
278802,normal,678,0,1782361887.6573992,0.0017857551574707031
278803,normal,235,0,1782361887.6599145,0.0025153160095214844
278804,normal,1066,0,1782361887.6615117,0.0015971660614013672
278805,normal,1451,0,1782361887.6635008,0.001989126205444336
278806,normal,3190,1,1782361887.6656497,0.002148866653442383
278807,normal,2543,0,1782361887.6675391,0.0018894672393798828
278808,normal,2521,0,1782361887.669586,0.002046823501586914
278809,normal,1742,0,1782361887.6716413,0.0020554065704345703
278810,normal,2201,0,1782361887.6735153,0.0018739700317382812
278811,normal,1734,0,1782361887.675593,0.0020775794982910156
278812,normal,2218,0,1782361887.677532,0.0019390583038330078
278813,normal,1675,0,1782361887.6796548,0.0021228790283203125
278814,normal,143,0,1782361887.681467,0.0018122196197509766
278815,normal,1931,0,1782361887.6836534,0.002186298370361328
278816,normal,2394,0,1782361887.685493,0.0018396377563476562
278817,normal,1784,0,1782361887.6876385,0.002145528793334961
278818,normal,3337,1,1782361887.689511,0.0018725395202636719
278819,normal,2743,0,1782361887.6916232,0.002112150192260742
278820,normal,1925,0,1782361887.693493,0.0018696784973144531
278821,normal,2421,0,1782361887.6956606,0.0021677017211914062
278822,normal,1769,0,1782361887.6975434,0.001882791519165039
278823,normal,174,0,1782361887.6995106,0.001967191696166992
278824,normal,1372,1,1782361887.701741,0.002230405807495117
278825,normal,2314,0,1782361887.7035682,0.001827239990234375
278826,normal,144,0,1782361887.7055044,0.001936197280883789
278827,normal,2764,0,1782361887.7076583,0.0021538734436035156
278828,normal,2118,0,1782361887.709549,0.0018906593322753906
278829,normal,1521,0,1782361887.7115035,0.0019545555114746094
278830,normal,1618,0,1782361887.7137425,0.0022389888763427734
278831,normal,2282,0,1782361887.7155643,0.001821756362915039
278832,normal,890,2,1782361887.7174988,0.0019345283508300781
278833,normal,1982,0,1782361887.7196565,0.0021576881408691406
278834,normal,2449,0,1782361887.7215624,0.0019059181213378906
278835,normal,2904,0,1782361887.7234857,0.0019233226776123047
278836,normal,3649,0,1782361887.725658,0.002172231674194336
278837,normal,3224,1,1782361887.7275496,0.0018916130065917969
278838,normal,1140,0,1782361887.7294948,0.0019452571868896484
278839,normal,336,0,1782361887.7317429,0.002248048782348633
278840,normal,47,0,1782361887.7335582,0.0018153190612792969
278841,normal,3359,1,1782361887.735485,0.0019268989562988281
278842,normal,2477,0,1782361887.73766,0.002174854278564453
278843,normal,1402,0,1782361887.7395613,0.001901388168334961
278844,normal,3315,1,1782361887.741496,0.0019347667694091797
278845,normal,169,0,1782361887.7437649,0.0022687911987304688
278846,normal,2564,0,1782361887.7455785,0.001813650131225586
278847,normal,3443,0,1782361887.7475104,0.001931905746459961
278848,normal,2869,0,1782361887.7497373,0.0022268295288085938
278849,normal,324,0,1782361887.7515497,0.0018124580383300781
278850,normal,272,0,1782361887.7534897,0.001940011978149414
278851,normal,2921,0,1782361887.7557528,0.0022630691528320312
278852,normal,3370,1,1782361887.7575672,0.0018143653869628906
278853,normal,3178,1,1782361887.759488,0.001920938491821289
278854,normal,1349,1,1782361887.7617292,0.0022411346435546875
278855,normal,791,2,1782361887.7635486,0.0018193721771240234
278856,normal,1185,0,1782361887.7654932,0.0019445419311523438
278857,normal,1171,0,1782361887.7677443,0.002251148223876953
278858,normal,153,0,1782361887.7695749,0.0018305778503417969
278859,normal,1822,0,1782361887.7714875,0.0019125938415527344
278860,normal,2014,0,1782361887.7736573,0.0021698474884033203
278861,normal,117,0,1782361887.7755878,0.0019304752349853516
278862,normal,529,0,1782361887.7774713,0.0018835067749023438
278863,normal,2694,0,1782361887.7797298,0.0022585391998291016
278864,normal,2744,0,1782361887.7815697,0.0018398761749267578
278865,normal,988,2,1782361887.7834985,0.0019288063049316406
278866,normal,1395,0,1782361887.7856622,0.0021636486053466797
278867,normal,961,2,1782361887.7875748,0.0019125938415527344
278868,normal,2922,0,1782361887.789491,0.0019161701202392578
278869,normal,2246,0,1782361887.7917287,0.0022377967834472656
278870,normal,3365,1,1782361887.793557,0.0018281936645507812
278871,normal,3100,1,1782361887.7954893,0.001932382583618164
278872,normal,1383,0,1782361887.797816,0.0023267269134521484
278873,normal,2343,0,1782361887.7995336,0.0017175674438476562
278874,normal,3031,0,1782361887.8015149,0.0019812583923339844
278875,normal,1941,0,1782361887.803518,0.002003192901611328
278876,normal,636,0,1782361887.8055305,0.002012491226196289
278877,normal,1079,0,1782361887.8075156,0.0019850730895996094
278878,normal,3067,1,1782361887.8095365,0.0020208358764648438
278879,normal,3335,1,1782361887.8117337,0.002197265625
278880,normal,269,0,1782361887.8134685,0.0017347335815429688
278881,normal,2592,0,1782361887.8157783,0.0023097991943359375
278882,normal,1477,0,1782361887.8177242,0.0019459724426269531
278883,normal,922,2,1782361887.819625,0.0019006729125976562
278884,normal,93,0,1782361887.821731,0.002106189727783203
278885,normal,1652,0,1782361887.8238957,0.002164602279663086
278886,normal,2842,0,1782361887.825527,0.0016312599182128906
278887,normal,3651,0,1782361887.8280022,0.002475261688232422
278888,normal,2848,0,1782361887.8297443,0.0017421245574951172
278889,normal,1184,0,1782361887.8315556,0.0018112659454345703
278890,normal,1818,0,1782361887.833895,0.0023393630981445312
278891,normal,2112,0,1782361887.8355544,0.001659393310546875
278892,normal,2778,0,1782361887.8374822,0.0019278526306152344
278893,normal,252,0,1782361887.839824,0.002341747283935547
278894,normal,3423,0,1782361887.8415186,0.0016946792602539062
278895,normal,1271,0,1782361887.8435094,0.001990795135498047
278896,normal,3231,1,1782361887.8456464,0.0021369457244873047
278897,normal,2109,0,1782361887.847492,0.0018455982208251953
278898,normal,2529,0,1782361887.8496335,0.0021414756774902344
278899,normal,3532,0,1782361887.8515322,0.0018987655639648438
278900,normal,683,0,1782361887.8536565,0.002124309539794922
278901,normal,1156,0,1782361887.8554778,0.001821279525756836
278902,normal,699,0,1782361887.8576493,0.0021715164184570312
278903,normal,3585,0,1782361887.8594916,0.0018422603607177734
278904,normal,3603,0,1782361887.861649,0.002157449722290039
278905,normal,541,0,1782361887.8634903,0.0018413066864013672
278906,normal,567,0,1782361887.8656538,0.002163410186767578
278907,normal,135,0,1782361887.8674977,0.0018439292907714844
278908,normal,693,0,1782361887.8696468,0.0021491050720214844
278909,normal,1653,0,1782361887.8714895,0.0018427371978759766
278910,normal,155,0,1782361887.8736339,0.002144336700439453
278911,normal,1481,0,1782361887.8755322,0.0018982887268066406
278912,normal,1596,0,1782361887.8776548,0.002122640609741211
278913,normal,2516,0,1782361887.8795023,0.0018475055694580078
278914,normal,1153,0,1782361887.8816476,0.0021452903747558594
278915,normal,393,0,1782361887.8834894,0.0018417835235595703
278916,normal,1400,0,1782361887.8856022,0.002112865447998047
278917,normal,1027,2,1782361887.8876312,0.002028942108154297
278918,normal,627,0,1782361887.8895242,0.0018930435180664062
278919,normal,2961,0,1782361887.891585,0.0020608901977539062
278920,normal,1636,0,1782361887.8936858,0.002100706100463867
278921,normal,218,0,1782361887.895494,0.00180816650390625
278922,normal,2686,0,1782361887.8976095,0.002115488052368164
278923,normal,1690,0,1782361887.89982,0.0022106170654296875
278924,normal,3511,0,1782361887.901476,0.0016558170318603516
278925,normal,3608,0,1782361887.9037297,0.0022537708282470703
278926,normal,344,0,1782361887.9055183,0.0017886161804199219
278927,normal,1364,1,1782361887.9075632,0.0020449161529541016
278928,normal,1136,0,1782361887.9094927,0.0019295215606689453
278929,normal,3706,0,1782361887.911761,0.0022683143615722656
278930,normal,1832,0,1782361887.9135644,0.0018033981323242188
278931,normal,3408,0,1782361887.915502,0.0019376277923583984
278932,normal,2410,0,1782361887.917661,0.0021588802337646484
278933,normal,2759,0,1782361887.9195817,0.0019207000732421875
278934,normal,1730,0,1782361887.9214997,0.0019180774688720703
278935,normal,1311,0,1782361887.9236588,0.00215911865234375
278936,normal,586,0,1782361887.9256473,0.0019884109497070312
278937,normal,3379,1,1782361887.9275057,0.0018584728240966797
278938,normal,3467,0,1782361887.9297388,0.0022330284118652344
278939,normal,2565,0,1782361887.9315639,0.001825094223022461
278940,normal,400,0,1782361887.9334915,0.0019276142120361328
278941,normal,3592,0,1782361887.935662,0.002170562744140625
278942,normal,2055,0,1782361887.9375563,0.001894235610961914
278943,normal,2651,0,1782361887.9395006,0.0019443035125732422
278944,normal,165,0,1782361887.9417403,0.002239704132080078
278945,normal,1988,0,1782361887.9435596,0.0018193721771240234
278946,normal,3125,1,1782361887.9454901,0.0019304752349853516
278947,normal,2591,0,1782361887.94766,0.0021698474884033203
278948,normal,1470,0,1782361887.9495497,0.0018897056579589844
278949,normal,3011,0,1782361887.9515038,0.0019540786743164062
278950,normal,1904,0,1782361887.9537385,0.0022346973419189453
278951,normal,556,0,1782361887.9555533,0.0018148422241210938
278952,normal,3250,1,1782361887.9574916,0.0019383430480957031
278953,normal,3451,0,1782361887.9596617,0.002170085906982422
278954,normal,1581,0,1782361887.9614704,0.0018086433410644531
278955,normal,1656,0,1782361887.9636352,0.0021648406982421875
278956,normal,610,0,1782361887.965517,0.0018818378448486328
278957,normal,2574,0,1782361887.9676318,0.0021147727966308594
278958,normal,1862,0,1782361887.9694862,0.0018544197082519531
278959,normal,2862,0,1782361887.9715238,0.002037525177001953
278960,normal,180,0,1782361887.9736488,0.0021250247955322266
278961,normal,2834,0,1782361887.9754696,0.0018208026885986328
278962,normal,10,0,1782361887.9777243,0.0022547245025634766
278963,normal,1388,0,1782361887.979604,0.0018796920776367188
278964,normal,1336,1,1782361887.981488,0.0018839836120605469
278965,normal,42,0,1782361887.9836605,0.0021724700927734375
278966,normal,2659,0,1782361887.985561,0.0019004344940185547
278967,normal,2644,0,1782361887.9874885,0.0019276142120361328
278968,normal,1012,2,1782361887.9896603,0.002171754837036133
278969,normal,397,0,1782361887.9915373,0.0018770694732666016
278970,normal,888,2,1782361887.9934905,0.001953125
278971,normal,2614,0,1782361887.9957466,0.002256155014038086
278972,normal,1180,0,1782361887.9975653,0.0018186569213867188
278973,normal,3294,1,1782361887.9994934,0.001928091049194336
278974,normal,1298,0,1782361888.001648,0.0021545886993408203
278975,normal,2295,0,1782361888.003572,0.0019240379333496094
278976,normal,975,2,1782361888.005488,0.0019159317016601562
278977,normal,3428,0,1782361888.0077233,0.00223541259765625
278978,normal,741,0,1782361888.009561,0.0018377304077148438
278979,normal,3143,1,1782361888.0114923,0.0019311904907226562
278980,normal,2403,0,1782361888.0137463,0.002254009246826172
278981,normal,19,0,1782361888.0156243,0.0018780231475830078
278982,normal,475,0,1782361888.0175252,0.0019009113311767578
278983,normal,335,0,1782361888.019658,0.002132892608642578
278984,normal,872,2,1782361888.0214686,0.0018105506896972656
278985,normal,3618,0,1782361888.0236301,0.0021615028381347656
278986,normal,275,0,1782361888.025512,0.0018818378448486328
278987,normal,3239,1,1782361888.0276272,0.0021152496337890625
278988,normal,502,0,1782361888.0295126,0.0018854141235351562
278989,normal,2436,0,1782361888.0319805,0.0024678707122802734
278990,normal,3045,1,1782361888.0335217,0.0015411376953125
278991,normal,681,0,1782361888.0357687,0.0022470951080322266
278992,normal,876,2,1782361888.0376348,0.0018661022186279297
278993,normal,3361,1,1782361888.0396342,0.001999378204345703
278994,normal,2223,0,1782361888.0416298,0.001995563507080078
278995,normal,1628,0,1782361888.0438795,0.0022497177124023438
278996,normal,233,0,1782361888.0455375,0.0016579627990722656
278997,normal,3437,0,1782361888.0477922,0.0022547245025634766
278998,normal,2822,0,1782361888.0496466,0.0018544197082519531
278999,normal,1986,0,1782361888.0516465,0.0019998550415039062
279000,normal,753,0,1782361888.0535638,0.0019173622131347656
279001,normal,1650,0,1782361888.0556464,0.0020825862884521484
279002,normal,2288,0,1782361888.0580645,0.002418041229248047
279003,normal,1189,0,1782361888.0600932,0.0020287036895751953
279004,normal,3662,0,1782361888.0618877,0.001794576644897461
279005,normal,1352,1,1782361888.063701,0.0018131732940673828
279006,normal,2711,0,1782361888.0660284,0.002327442169189453
279007,normal,2419,0,1782361888.0678737,0.0018453598022460938
279008,normal,3307,1,1782361888.069717,0.0018432140350341797
279009,normal,1186,0,1782361888.071989,0.0022721290588378906
279010,normal,3075,1,1782361888.0737965,0.0018074512481689453
279011,normal,2563,0,1782361888.0757282,0.0019316673278808594
279012,normal,1932,0,1782361888.07779,0.0020618438720703125
279013,normal,442,0,1782361888.0796967,0.0019066333770751953
279014,normal,2769,0,1782361888.082052,0.002355337142944336
279015,normal,1961,0,1782361888.0838764,0.0018243789672851562
279016,normal,706,0,1782361888.085891,0.002014636993408203
279017,normal,1020,2,1782361888.0877194,0.0018284320831298828
279018,normal,1672,0,1782361888.0900123,0.0022928714752197266
279019,normal,83,0,1782361888.0918725,0.0018601417541503906
279020,normal,2618,0,1782361888.0938008,0.0019283294677734375
279021,normal,2102,0,1782361888.0958862,0.002085447311401367
279022,normal,1716,0,1782361888.0977783,0.00189208984375
279023,normal,1930,0,1782361888.0997977,0.0020194053649902344
279024,normal,3547,0,1782361888.1016204,0.0018227100372314453
279025,normal,2821,0,1782361888.1037307,0.0021102428436279297
279026,normal,947,2,1782361888.1059673,0.002236604690551758
279027,normal,2161,0,1782361888.107808,0.001840829849243164
279028,normal,2060,0,1782361888.109789,0.0019807815551757812
279029,normal,536,0,1782361888.1118174,0.0020284652709960938
279030,normal,746,0,1782361888.1138358,0.002018451690673828
279031,normal,170,0,1782361888.1158855,0.002049684524536133
279032,normal,1132,0,1782361888.1186128,0.0027272701263427734
279033,normal,880,2,1782361888.1194565,0.0008437633514404297
279034,normal,3455,0,1782361888.122182,0.002725362777709961
279035,normal,772,2,1782361888.123985,0.0018031597137451172
279036,normal,639,0,1782361888.1259604,0.0019752979278564453
279037,normal,1478,0,1782361888.1280222,0.0020618438720703125
279038,normal,3404,0,1782361888.1308641,0.002841949462890625
279039,normal,320,0,1782361888.1314409,0.0005767345428466797
279040,normal,2470,0,1782361888.1339796,0.0025386810302734375
279041,normal,2039,0,1782361888.1357827,0.0018031597137451172
279042,normal,1288,0,1782361888.1378403,0.0020575523376464844
279043,normal,2147,0,1782361888.139785,0.0019447803497314453
279044,normal,1218,0,1782361888.1418998,0.0021147727966308594
279045,normal,92,0,1782361888.1439257,0.0020258426666259766
279046,normal,491,0,1782361888.1460502,0.0021245479583740234
279047,normal,2195,0,1782361888.1481037,0.002053499221801758
279048,normal,3158,1,1782361888.1499884,0.0018846988677978516
279049,normal,1960,0,1782361888.1526291,0.0026407241821289062
279050,normal,1159,0,1782361888.1534517,0.0008225440979003906
279051,normal,246,0,1782361888.1557415,0.0022897720336914062
279052,normal,245,0,1782361888.1589901,0.0032486915588378906
279053,normal,622,0,1782361888.15959,0.0005998611450195312
279054,normal,2981,0,1782361888.1616547,0.0020647048950195312
279055,normal,2238,0,1782361888.1638272,0.0021724700927734375
279056,normal,1498,0,1782361888.1654956,0.0016684532165527344
279057,normal,2688,0,1782361888.167919,0.0024232864379882812
279058,normal,666,0,1782361888.1694598,0.0015408992767333984
279059,normal,131,0,1782361888.1719277,0.0024678707122802734
279060,normal,1674,0,1782361888.173513,0.001585245132446289
279061,normal,1777,0,1782361888.1759894,0.0024764537811279297
279062,normal,2804,0,1782361888.177514,0.0015246868133544922
279063,normal,2361,0,1782361888.1796885,0.00217437744140625
279064,normal,1014,2,1782361888.1815355,0.0018470287322998047
279065,normal,1842,0,1782361888.1838703,0.0023348331451416016
279066,normal,2813,0,1782361888.18551,0.0016396045684814453
279067,normal,3389,1,1782361888.1879172,0.0024073123931884766
279068,normal,2935,0,1782361888.1895204,0.0016031265258789062
279069,normal,1039,0,1782361888.1916997,0.002179384231567383
279070,normal,759,0,1782361888.1935189,0.0018191337585449219
279071,normal,647,0,1782361888.1956398,0.0021209716796875
279072,normal,2895,0,1782361888.1975462,0.0019063949584960938
279073,normal,1851,0,1782361888.1996503,0.002104043960571289
279074,normal,1051,0,1782361888.2017233,0.002073049545288086
279075,normal,379,0,1782361888.2034616,0.0017383098602294922
279076,normal,823,2,1782361888.2056239,0.0021622180938720703
279077,normal,177,0,1782361888.207544,0.0019202232360839844
279078,normal,2092,0,1782361888.209517,0.0019729137420654297
279079,normal,3363,1,1782361888.211852,0.002335071563720703
279080,normal,464,0,1782361888.2136137,0.0017616748809814453
279081,normal,1812,0,1782361888.215651,0.0020372867584228516
279082,normal,2051,0,1782361888.2178361,0.0021851062774658203
279083,normal,477,0,1782361888.219503,0.0016667842864990234
279084,normal,3091,1,1782361888.2216501,0.002147197723388672
279085,normal,2457,0,1782361888.2234988,0.0018486976623535156
279086,normal,3446,0,1782361888.2256556,0.0021567344665527344
279087,normal,3302,1,1782361888.2274945,0.0018389225006103516
279088,normal,2489,0,1782361888.2296505,0.0021560192108154297
279089,normal,3280,1,1782361888.2315083,0.001857757568359375
279090,normal,749,0,1782361888.2336545,0.0021462440490722656
279091,normal,434,0,1782361888.2355006,0.0018460750579833984
279092,normal,466,0,1782361888.237659,0.0021584033966064453
279093,normal,3170,1,1782361888.239497,0.0018379688262939453
279094,normal,1398,0,1782361888.2416556,0.002158641815185547
279095,normal,2678,0,1782361888.2435105,0.0018548965454101562
279096,normal,2932,0,1782361888.245615,0.002104520797729492
279097,normal,2047,0,1782361888.247543,0.001928091049194336
279098,normal,3364,1,1782361888.2496412,0.00209808349609375
279099,normal,765,0,1782361888.251535,0.001893758773803711
279100,normal,2828,0,1782361888.2536843,0.002149343490600586
279101,normal,78,0,1782361888.2555156,0.0018312931060791016
279102,normal,212,0,1782361888.2576172,0.0021016597747802734
279103,normal,3051,1,1782361888.2595465,0.0019292831420898438
279104,normal,775,2,1782361888.2616878,0.002141237258911133
279105,normal,2761,0,1782361888.2634962,0.0018084049224853516
279106,normal,2833,0,1782361888.2656996,0.0022034645080566406
279107,normal,3666,0,1782361888.2674975,0.0017979145050048828
279108,normal,839,2,1782361888.2696326,0.002135038375854492
279109,normal,732,0,1782361888.2716537,0.0020210742950439453
279110,normal,457,0,1782361888.2735322,0.001878499984741211
279111,normal,140,0,1782361888.2756386,0.0021064281463623047
279112,normal,2036,0,1782361888.277542,0.001903533935546875
279113,normal,2287,0,1782361888.2796314,0.002089262008666992
279114,normal,2185,0,1782361888.2815242,0.0018928050994873047
279115,normal,3414,0,1782361888.2836554,0.002131223678588867
279116,normal,312,0,1782361888.285507,0.0018515586853027344
279117,normal,2515,0,1782361888.2876143,0.002107381820678711
279118,normal,1182,0,1782361888.2896888,0.0020744800567626953
279119,normal,1088,0,1782361888.2914984,0.0018095970153808594
279120,normal,411,0,1782361888.293656,0.0021576881408691406
279121,normal,2931,0,1782361888.2955458,0.0018897056579589844
279122,normal,2473,0,1782361888.2976382,0.0020923614501953125
279123,normal,2353,0,1782361888.2995086,0.0018703937530517578
279124,normal,95,0,1782361888.301701,0.0021924972534179688
279125,normal,1064,0,1782361888.3034663,0.0017652511596679688
279126,normal,1562,0,1782361888.3056257,0.0021593570709228516
279127,normal,2083,0,1782361888.3077896,0.0021638870239257812
279128,normal,704,0,1782361888.3094962,0.0017066001892089844
279129,normal,1533,0,1782361888.3116066,0.0021104812622070312
279130,normal,3550,0,1782361888.3136482,0.0020415782928466797
279131,normal,3093,1,1782361888.3154922,0.0018439292907714844
279132,normal,3213,1,1782361888.3175986,0.0021064281463623047
279133,normal,635,0,1782361888.3196507,0.0020520687103271484
279134,normal,1766,0,1782361888.321498,0.0018472671508789062
279135,normal,702,0,1782361888.323606,0.0021080970764160156
279136,normal,3702,0,1782361888.3256497,0.0020437240600585938
279137,normal,1145,0,1782361888.3274899,0.0018401145935058594
279138,normal,2322,0,1782361888.3296132,0.0021233558654785156
279139,normal,2127,0,1782361888.3315108,0.001897573471069336
279140,normal,2940,0,1782361888.3336349,0.0021240711212158203
279141,normal,1090,0,1782361888.335471,0.0018360614776611328
279142,normal,3165,1,1782361888.3377202,0.0022492408752441406
279143,normal,229,0,1782361888.3395102,0.0017900466918945312
279144,normal,2115,0,1782361888.3416212,0.0021109580993652344
279145,normal,2053,0,1782361888.3435235,0.0019023418426513672
279146,normal,2722,0,1782361888.3456933,0.0021698474884033203
279147,normal,1667,0,1782361888.347485,0.0017917156219482422
279148,normal,2325,0,1782361888.349743,0.002257823944091797
279149,normal,990,2,1782361888.3515716,0.0018286705017089844
279150,normal,3235,1,1782361888.353523,0.001951456069946289
279151,normal,2805,0,1782361888.3556464,0.0021233558654785156
279152,normal,3064,1,1782361888.3575466,0.0019001960754394531
279153,normal,1420,0,1782361888.3594952,0.0019485950469970703
279154,normal,1490,0,1782361888.361765,0.002269744873046875
279155,normal,1435,0,1782361888.3634946,0.001729726791381836
279156,normal,3676,0,1782361888.365639,0.002144336700439453
279157,normal,2960,0,1782361888.3677332,0.002094268798828125
279158,normal,3139,1,1782361888.369998,0.002264738082885742
279159,normal,3403,0,1782361888.3715222,0.001524209976196289
279160,normal,2536,0,1782361888.3738823,0.002360105514526367
279161,normal,2893,0,1782361888.3755224,0.0016400814056396484
279162,normal,1318,0,1782361888.3775458,0.002023458480834961
279163,normal,1937,0,1782361888.3795223,0.001976490020751953
279164,normal,1519,0,1782361888.381636,0.0021135807037353516
279165,normal,1755,0,1782361888.383524,0.0018880367279052734
279166,normal,3083,1,1782361888.3856473,0.0021233558654785156
279167,normal,2033,0,1782361888.387508,0.0018606185913085938
279168,normal,3463,0,1782361888.389493,0.0019850730895996094
279169,normal,2018,0,1782361888.3916142,0.0021212100982666016
279170,normal,663,0,1782361888.3935204,0.0019061565399169922
279171,normal,1365,1,1782361888.3954918,0.0019714832305908203
279172,normal,3029,0,1782361888.3976123,0.002120494842529297
279173,normal,2237,0,1782361888.399527,0.0019147396087646484
279174,normal,2661,0,1782361888.401493,0.0019659996032714844
279175,normal,1162,0,1782361888.4036012,0.0021080970764160156
279176,normal,2596,0,1782361888.4055147,0.0019135475158691406
279177,normal,1045,0,1782361888.4074855,0.0019707679748535156
279178,normal,828,2,1782361888.40961,0.0021245479583740234
279179,normal,3613,0,1782361888.4115129,0.0019028186798095703
279180,normal,873,2,1782361888.4134684,0.0019555091857910156
279181,normal,3448,0,1782361888.4156244,0.0021560192108154297
279182,normal,1710,0,1782361888.4175096,0.0018851757049560547
279183,normal,3052,1,1782361888.4194863,0.0019767284393310547
279184,normal,2627,0,1782361888.4219708,0.002484560012817383
279185,normal,2579,0,1782361888.4237416,0.0017707347869873047
279186,normal,3322,1,1782361888.4254546,0.0017130374908447266
279187,normal,2352,0,1782361888.4278595,0.002404928207397461
279188,normal,1377,1,1782361888.4295256,0.0016660690307617188
279189,normal,2622,0,1782361888.431854,0.0023283958435058594
279190,normal,1391,0,1782361888.4336503,0.0017962455749511719
279191,normal,1080,0,1782361888.4356608,0.0020105838775634766
279192,normal,680,0,1782361888.4376457,0.001984834671020508
279193,normal,581,0,1782361888.4397306,0.002084970474243164
279194,normal,2808,0,1782361888.441635,0.0019042491912841797
279195,normal,2198,0,1782361888.4433975,0.0017626285552978516
279196,normal,279,0,1782361888.4458387,0.0024411678314208984
279197,normal,1520,0,1782361888.4475007,0.0016620159149169922
279198,normal,505,0,1782361888.4496093,0.0021085739135742188
279199,normal,2040,0,1782361888.4517248,0.002115488052368164
279200,normal,2749,0,1782361888.4534624,0.0017375946044921875
279201,normal,3689,0,1782361888.455608,0.002145528793334961
279202,normal,343,0,1782361888.4574995,0.0018916130065917969
279203,normal,1511,0,1782361888.4596353,0.002135753631591797
279204,normal,558,0,1782361888.4615085,0.0018732547760009766
279205,normal,3485,0,1782361888.463698,0.0021893978118896484
279206,normal,1370,1,1782361888.4655051,0.0018072128295898438
279207,normal,1543,0,1782361888.4676192,0.0021140575408935547
279208,normal,1261,0,1782361888.4695542,0.0019350051879882812
279209,normal,1462,0,1782361888.471636,0.0020818710327148438
279210,normal,3680,0,1782361888.4735215,0.0018854141235351562
279211,normal,2560,0,1782361888.475689,0.0021674633026123047
279212,normal,1744,0,1782361888.4774976,0.0018086433410644531
279213,normal,2160,0,1782361888.4796195,0.0021219253540039062
279214,normal,2572,0,1782361888.4814785,0.0018589496612548828
279215,normal,1771,0,1782361888.4836845,0.002206087112426758
279216,normal,3234,1,1782361888.4855049,0.0018203258514404297
279217,normal,661,0,1782361888.4876602,0.002155303955078125
279218,normal,3122,1,1782361888.489498,0.0018377304077148438
279219,normal,1211,0,1782361888.4916208,0.0021228790283203125
279220,normal,2888,0,1782361888.493543,0.0019221305847167969
279221,normal,2401,0,1782361888.4956858,0.0021429061889648438
279222,normal,1626,0,1782361888.4975007,0.0018148422241210938
279223,normal,164,0,1782361888.4998982,0.0023975372314453125
279224,normal,1468,0,1782361888.5016172,0.0017189979553222656
279225,normal,3537,0,1782361888.5037382,0.0021209716796875
279226,normal,3486,0,1782361888.505527,0.0017888545989990234
279227,normal,3397,1,1782361888.508007,0.002480030059814453
279228,normal,3203,1,1782361888.5095398,0.0015327930450439453
279229,normal,1637,0,1782361888.511639,0.002099275588989258
279230,normal,2455,0,1782361888.5135672,0.001928091049194336
279231,normal,319,0,1782361888.515647,0.0020797252655029297
279232,normal,1439,0,1782361888.5175447,0.0018978118896484375
279233,normal,2785,0,1782361888.5198326,0.0022878646850585938
279234,normal,894,2,1782361888.5215375,0.0017049312591552734
279235,normal,3444,0,1782361888.5240045,0.002466917037963867
279236,normal,531,0,1782361888.52573,0.0017254352569580078
279237,normal,1640,0,1782361888.527897,0.0021669864654541016
279238,normal,409,0,1782361888.5295315,0.0016345977783203125
279239,normal,2428,0,1782361888.531983,0.0024514198303222656
279240,normal,2860,0,1782361888.533538,0.0015552043914794922
279241,normal,1609,0,1782361888.5359035,0.0023653507232666016
279242,normal,3505,0,1782361888.5375633,0.0016598701477050781
279243,normal,2906,0,1782361888.539738,0.0021746158599853516
279244,normal,339,0,1782361888.5415323,0.0017943382263183594
279245,normal,2250,0,1782361888.543901,0.0023686885833740234
279246,normal,2081,0,1782361888.5455365,0.0016355514526367188
279247,normal,2174,0,1782361888.5479,0.002363443374633789
279248,normal,2440,0,1782361888.5495718,0.0016717910766601562
279249,normal,1883,0,1782361888.5517356,0.0021638870239257812
279250,normal,2987,0,1782361888.5535254,0.0017898082733154297
279251,normal,3193,1,1782361888.5558834,0.002357959747314453
279252,normal,1831,0,1782361888.5575314,0.00164794921875
279253,normal,85,0,1782361888.5596564,0.0021250247955322266
279254,normal,535,0,1782361888.561746,0.0020895004272460938
279255,normal,2456,0,1782361888.5636864,0.0019404888153076172
279256,normal,2402,0,1782361888.5655258,0.0018393993377685547
279257,normal,1790,0,1782361888.5678942,0.002368450164794922
279258,normal,50,0,1782361888.5695405,0.001646280288696289
279259,normal,2606,0,1782361888.571901,0.0023605823516845703
279260,normal,2639,0,1782361888.5739405,0.0020394325256347656
279261,normal,2714,0,1782361888.5761998,0.0022592544555664062
279262,normal,1903,0,1782361888.57834,0.0021402835845947266
279263,normal,1269,0,1782361888.5795329,0.0011928081512451172
279264,normal,2467,0,1782361888.581784,0.002251148223876953
279265,normal,973,2,1782361888.584022,0.002238035202026367
279266,normal,2072,0,1782361888.5858362,0.001814126968383789
279267,normal,826,2,1782361888.5877833,0.001947164535522461
279268,normal,524,0,1782361888.5896878,0.0019044876098632812
279269,normal,1972,0,1782361888.591798,0.0021102428436279297
279270,normal,1430,0,1782361888.593851,0.0020530223846435547
279271,normal,889,2,1782361888.595797,0.0019459724426269531
279272,normal,2248,0,1782361888.597684,0.0018868446350097656
279273,normal,831,2,1782361888.5997968,0.002112865447998047
279274,normal,431,0,1782361888.6018014,0.0020046234130859375
279275,normal,2735,0,1782361888.603619,0.0018177032470703125
279276,normal,34,0,1782361888.6056533,0.0020341873168945312
279277,normal,2379,0,1782361888.6077557,0.002102375030517578
279278,normal,1488,0,1782361888.6098437,0.0020880699157714844
279279,normal,1603,0,1782361888.6115115,0.0016677379608154297
279280,normal,2345,0,1782361888.6136556,0.0021440982818603516
279281,normal,17,0,1782361888.6154983,0.0018427371978759766
279282,normal,3668,0,1782361888.6176214,0.002123117446899414
279283,normal,3413,0,1782361888.6195493,0.0019278526306152344
279284,normal,1242,0,1782361888.6216388,0.0020895004272460938
279285,normal,3498,0,1782361888.623514,0.001875162124633789
279286,normal,3050,1,1782361888.6256833,0.002169370651245117
279287,normal,3594,0,1782361888.6274972,0.0018138885498046875
279288,normal,3149,1,1782361888.6296227,0.0021255016326904297
279289,normal,3519,0,1782361888.6315472,0.0019245147705078125
279290,normal,1196,0,1782361888.6336837,0.0021364688873291016
279291,normal,2985,0,1782361888.63551,0.0018262863159179688
279292,normal,3175,1,1782361888.6376965,0.0021865367889404297
279293,normal,1591,0,1782361888.6395323,0.0018358230590820312
279294,normal,1882,0,1782361888.6416316,0.002099275588989258
279295,normal,2048,0,1782361888.6435463,0.0019147396087646484
279296,normal,3025,0,1782361888.6456313,0.002084970474243164
279297,normal,669,0,1782361888.6475348,0.001903533935546875
279298,normal,3490,0,1782361888.6497178,0.0021829605102539062
279299,normal,3356,1,1782361888.6514933,0.001775503158569336
279300,normal,3693,0,1782361888.6536183,0.0021250247955322266
279301,normal,1455,0,1782361888.6555557,0.0019373893737792969
279302,normal,3283,1,1782361888.6576412,0.002085447311401367
279303,normal,1293,0,1782361888.6595178,0.0018765926361083984
279304,normal,1443,0,1782361888.6616542,0.0021364688873291016
279305,normal,3121,1,1782361888.6634958,0.0018415451049804688
279306,normal,1573,0,1782361888.6656213,0.0021255016326904297
279307,normal,2052,0,1782361888.667546,0.001924753189086914
279308,normal,388,0,1782361888.6696494,0.0021033287048339844
279309,normal,2927,0,1782361888.671534,0.0018846988677978516
279310,normal,6,0,1782361888.673621,0.0020868778228759766
279311,normal,2305,0,1782361888.6755068,0.0018858909606933594
279312,normal,2673,0,1782361888.67762,0.0021131038665771484
279313,normal,1870,0,1782361888.6795485,0.001928567886352539
279314,normal,3360,1,1782361888.6816502,0.0021016597747802734
279315,normal,506,0,1782361888.6835465,0.0018963813781738281
279316,normal,2411,0,1782361888.6856222,0.002075672149658203
279317,normal,3495,0,1782361888.687503,0.0018808841705322266
279318,normal,3642,0,1782361888.689628,0.002124786376953125
279319,normal,3017,0,1782361888.6915545,0.0019266605377197266
279320,normal,1360,1,1782361888.6936452,0.0020906925201416016
279321,normal,1513,0,1782361888.6955256,0.0018804073333740234
279322,normal,1879,0,1782361888.6976562,0.0021305084228515625
279323,normal,2672,0,1782361888.6994965,0.001840353012084961
279324,normal,2625,0,1782361888.7016492,0.002152681350708008
279325,normal,356,0,1782361888.7036617,0.002012491226196289
279326,normal,404,0,1782361888.705495,0.0018334388732910156
279327,normal,864,2,1782361888.7076404,0.0021452903747558594
279328,normal,3035,0,1782361888.7096567,0.002016305923461914
279329,normal,2819,0,1782361888.711508,0.0018513202667236328
279330,normal,1346,1,1782361888.7136374,0.0021293163299560547
279331,normal,2545,0,1782361888.7156615,0.0020241737365722656
279332,normal,3229,1,1782361888.7174942,0.001832723617553711
279333,normal,2903,0,1782361888.7196612,0.0021669864654541016
279334,normal,3350,1,1782361888.7215571,0.001895904541015625
279335,normal,1661,0,1782361888.7236307,0.002073526382446289
279336,normal,3412,0,1782361888.725544,0.001913309097290039
279337,normal,2309,0,1782361888.7279725,0.0024285316467285156
279338,normal,2706,0,1782361888.7296603,0.001687765121459961
279339,normal,1016,2,1782361888.731615,0.001954793930053711
279340,normal,396,0,1782361888.7349105,0.003295421600341797
279341,normal,3709,0,1782361888.735495,0.0005846023559570312
279342,normal,2952,0,1782361888.7377644,0.002269268035888672
279343,normal,100,0,1782361888.7395272,0.0017628669738769531
279344,normal,3128,1,1782361888.7416055,0.0020782947540283203
279345,normal,2784,0,1782361888.743501,0.0018954277038574219
279346,normal,1424,0,1782361888.7454393,0.0019383430480957031
279347,normal,3639,0,1782361888.7474203,0.001981019973754883
279348,normal,2031,0,1782361888.7495277,0.002107381820678711
279349,normal,2849,0,1782361888.7515624,0.0020346641540527344
279350,normal,1394,0,1782361888.7535458,0.0019834041595458984
279351,normal,12,0,1782361888.7555425,0.001996755599975586
279352,normal,3151,1,1782361888.757835,0.0022923946380615234
279353,normal,1623,0,1782361888.7598007,0.001965761184692383
279354,normal,82,0,1782361888.761561,0.001760244369506836
279355,normal,1920,0,1782361888.7636566,0.0020956993103027344
279356,normal,3612,0,1782361888.7656155,0.0019588470458984375
279357,normal,2157,0,1782361888.7677,0.002084493637084961
279358,normal,3497,0,1782361888.769561,0.0018610954284667969
279359,normal,2619,0,1782361888.7716572,0.0020961761474609375
279360,normal,2466,0,1782361888.7735624,0.001905202865600586
279361,normal,154,0,1782361888.7756507,0.002088308334350586
279362,normal,1611,0,1782361888.777559,0.0019083023071289062
279363,normal,1055,0,1782361888.7796462,0.002087116241455078
279364,normal,1440,0,1782361888.7815678,0.0019216537475585938
279365,normal,2264,0,1782361888.7836547,0.0020868778228759766
279366,normal,2351,0,1782361888.785562,0.0019073486328125
279367,normal,821,2,1782361888.7876518,0.0020897388458251953
279368,normal,804,2,1782361888.789551,0.0018992424011230469
279369,normal,3187,1,1782361888.791541,0.001990079879760742
279370,normal,815,2,1782361888.7937667,0.002225637435913086
279371,normal,1347,1,1782361888.795801,0.0020341873168945312
279372,normal,197,0,1782361888.797617,0.0018160343170166016
279373,normal,3192,1,1782361888.7996912,0.0020742416381835938
279374,normal,1404,0,1782361888.8015978,0.0019066333770751953
279375,normal,3614,0,1782361888.8035834,0.0019855499267578125
279376,normal,2944,0,1782361888.805925,0.0023415088653564453
279377,normal,3382,1,1782361888.8075457,0.0016207695007324219
279378,normal,1658,0,1782361888.8096077,0.002062082290649414
279379,normal,157,0,1782361888.8115535,0.0019457340240478516
279380,normal,2517,0,1782361888.8137271,0.0021736621856689453
279381,normal,1725,0,1782361888.8155735,0.0018463134765625
279382,normal,3020,0,1782361888.8176498,0.002076387405395508
279383,normal,3318,1,1782361888.8195531,0.0019032955169677734
279384,normal,841,2,1782361888.8215246,0.0019714832305908203
279385,normal,852,2,1782361888.8235524,0.002027750015258789
279386,normal,2701,0,1782361888.8255608,0.0020084381103515625
279387,normal,80,0,1782361888.8275537,0.001992940902709961
279388,normal,1659,0,1782361888.8295755,0.00202178955078125
279389,normal,2077,0,1782361888.8315587,0.001983165740966797
279390,normal,2134,0,1782361888.8335311,0.0019724369049072266
279391,normal,2251,0,1782361888.8355262,0.001995086669921875
279392,normal,35,0,1782361888.8375492,0.002022981643676758
279393,normal,965,2,1782361888.8395238,0.0019745826721191406
279394,normal,255,0,1782361888.84154,0.002016305923461914
279395,normal,1736,0,1782361888.8435454,0.002005338668823242
279396,normal,3169,1,1782361888.84555,0.0020046234130859375
279397,normal,1274,0,1782361888.8476772,0.0021271705627441406
279398,normal,1300,0,1782361888.849434,0.0017566680908203125
279399,normal,927,2,1782361888.8515348,0.0021009445190429688
279400,normal,1407,0,1782361888.8535323,0.0019974708557128906
279401,normal,91,0,1782361888.8555388,0.00200653076171875
279402,normal,1558,0,1782361888.8575156,0.0019767284393310547
279403,normal,1102,0,1782361888.8595166,0.002001047134399414
279404,normal,3518,0,1782361888.861499,0.001982450485229492
279405,normal,1096,0,1782361888.8635678,0.002068758010864258
279406,normal,2739,0,1782361888.8655434,0.001975536346435547
279407,normal,2750,0,1782361888.8675518,0.0020084381103515625
279408,normal,1782,0,1782361888.8695824,0.002030611038208008
279409,normal,2997,0,1782361888.871577,0.001994609832763672
279410,normal,1334,1,1782361888.8735187,0.001941680908203125
279411,normal,2427,0,1782361888.875571,0.00205230712890625
279412,normal,3082,1,1782361888.8775296,0.001958608627319336
279413,normal,3253,1,1782361888.8795805,0.0020508766174316406
279414,normal,1684,0,1782361888.8814974,0.0019168853759765625
279415,normal,3242,1,1782361888.8835275,0.0020301342010498047
279416,normal,104,0,1782361888.8855245,0.0019969940185546875
279417,normal,2909,0,1782361888.8875961,0.0020716190338134766
279418,normal,350,0,1782361888.8895028,0.0019066333770751953
279419,normal,1585,0,1782361888.8915226,0.0020198822021484375
279420,normal,1554,0,1782361888.8935225,0.0019998550415039062
279421,normal,1880,0,1782361888.8955195,0.0019969940185546875
279422,normal,2826,0,1782361888.8977547,0.0022351741790771484
279423,normal,1615,0,1782361888.8995063,0.0017516613006591797
279424,normal,901,2,1782361888.9015667,0.002060413360595703
279425,normal,2483,0,1782361888.9035378,0.001971006393432617
279426,normal,283,0,1782361888.9056015,0.002063751220703125
279427,normal,1325,1,1782361888.9075043,0.0019028186798095703
279428,normal,2451,0,1782361888.9095435,0.002039194107055664
279429,normal,249,0,1782361888.9115727,0.0020291805267333984
279430,normal,3314,1,1782361888.9136555,0.00208282470703125
279431,normal,1731,0,1782361888.9154418,0.0017862319946289062
279432,normal,1912,0,1782361888.9175315,0.0020897388458251953
279433,normal,112,0,1782361888.9195328,0.0020012855529785156
279434,normal,2001,0,1782361888.9215362,0.0020034313201904297
279435,normal,807,2,1782361888.9235454,0.002009153366088867
279436,normal,1240,0,1782361888.9255626,0.0020172595977783203
279437,normal,2154,0,1782361888.9275599,0.001997232437133789
279438,normal,1750,0,1782361888.9295144,0.0019545555114746094
279439,normal,984,2,1782361888.9317763,0.0022618770599365234
279440,normal,2494,0,1782361888.933985,0.002208709716796875
279441,normal,3434,0,1782361888.9354675,0.0014824867248535156
279442,normal,708,0,1782361888.9375367,0.002069234848022461
279443,normal,2742,0,1782361888.939566,0.0020291805267333984
279444,normal,148,0,1782361888.941564,0.0019981861114501953
279445,normal,1785,0,1782361888.9435837,0.002019643783569336
279446,normal,1872,0,1782361888.9455812,0.0019974708557128906
279447,normal,3218,1,1782361888.9476128,0.002031564712524414
279448,normal,1103,0,1782361888.9495096,0.0018968582153320312
279449,normal,2227,0,1782361888.952004,0.002494335174560547
279450,normal,1819,0,1782361888.9535582,0.001554250717163086
279451,normal,1557,0,1782361888.9554963,0.0019381046295166016
279452,normal,2951,0,1782361888.957525,0.0020287036895751953
279453,normal,1678,0,1782361888.9594476,0.001922607421875
279454,normal,98,0,1782361888.9615867,0.0021390914916992188
279455,normal,1412,0,1782361888.9635165,0.0019297599792480469
279456,normal,671,0,1782361888.9654555,0.0019390583038330078
279457,normal,886,2,1782361888.9675283,0.0020728111267089844
279458,normal,808,2,1782361888.9695122,0.0019838809967041016
279459,normal,2350,0,1782361888.9714746,0.001962423324584961
279460,normal,449,0,1782361888.973593,0.002118349075317383
279461,normal,1305,0,1782361888.9755468,0.0019538402557373047
279462,normal,672,0,1782361888.9774482,0.001901388168334961
279463,normal,2011,0,1782361888.9795663,0.0021181106567382812
279464,normal,3238,1,1782361888.9815583,0.0019919872283935547
279465,normal,152,0,1782361888.9835074,0.0019490718841552734
279466,normal,2799,0,1782361888.985544,0.002036571502685547
279467,normal,2633,0,1782361888.9875107,0.001966714859008789
279468,normal,3198,1,1782361888.989471,0.001960277557373047
279469,normal,3116,1,1782361888.991561,0.002089977264404297
279470,normal,1605,0,1782361888.9935567,0.0019958019256591797
279471,normal,1464,0,1782361888.9954789,0.0019221305847167969
279472,normal,606,0,1782361888.9975662,0.0020873546600341797
279473,normal,1841,0,1782361888.9994736,0.0019073486328125
279474,normal,176,0,1782361889.001534,0.002060413360595703
279475,normal,15,0,1782361889.0034368,0.0019028186798095703
279476,normal,84,0,1782361889.0054848,0.002048015594482422
279477,normal,2539,0,1782361889.0075417,0.0020568370819091797
279478,normal,1873,0,1782361889.0094645,0.0019228458404541016
279479,normal,3538,0,1782361889.011583,0.0021185874938964844
279480,normal,332,0,1782361889.0135682,0.0019850730895996094
279481,normal,1532,0,1782361889.0154662,0.001898050308227539
279482,normal,3573,0,1782361889.0175536,0.0020873546600341797
279483,normal,1035,0,1782361889.01947,0.0019164085388183594
279484,normal,3237,1,1782361889.02154,0.0020699501037597656
279485,normal,2433,0,1782361889.0234683,0.0019283294677734375
279486,normal,416,0,1782361889.0255227,0.002054452896118164
279487,normal,2727,0,1782361889.0275779,0.0020551681518554688
279488,normal,301,0,1782361889.029542,0.001964092254638672
279489,normal,1276,0,1782361889.0315034,0.0019614696502685547
279490,normal,573,0,1782361889.0336356,0.0021321773529052734
279491,normal,3265,1,1782361889.035557,0.0019214153289794922
279492,normal,2085,0,1782361889.037538,0.001981019973754883
279493,normal,2682,0,1782361889.0395021,0.001964092254638672
279494,normal,3643,0,1782361889.0416353,0.0021331310272216797
279495,normal,1796,0,1782361889.0435157,0.0018804073333740234
279496,normal,1492,0,1782361889.0455234,0.002007722854614258
279497,normal,2499,0,1782361889.0474524,0.0019290447235107422
279498,normal,2301,0,1782361889.049512,0.002059459686279297
279499,normal,2098,0,1782361889.0516524,0.002140522003173828
279500,normal,2450,0,1782361889.0534127,0.001760244369506836
279501,normal,1531,0,1782361889.0555172,0.002104520797729492
279502,normal,580,0,1782361889.0575209,0.0020036697387695312
279503,normal,684,0,1782361889.059459,0.0019381046295166016
279504,normal,2577,0,1782361889.0619283,0.002469301223754883
279505,normal,2640,0,1782361889.0635295,0.0016012191772460938
279506,normal,376,0,1782361889.0656886,0.00215911865234375
279507,normal,3066,1,1782361889.06746,0.0017714500427246094
279508,normal,1505,0,1782361889.0695882,0.002128124237060547
279509,normal,1720,0,1782361889.0714948,0.0019066333770751953
279510,normal,263,0,1782361889.0735404,0.0020456314086914062
279511,normal,3708,0,1782361889.0755796,0.002039194107055664
279512,normal,914,2,1782361889.0776246,0.0020449161529541016
279513,normal,1936,0,1782361889.0794396,0.0018150806427001953
279514,normal,752,0,1782361889.0815382,0.002098560333251953
279515,normal,2225,0,1782361889.0834816,0.001943349838256836
279516,normal,3197,1,1782361889.0855389,0.002057313919067383
279517,normal,3347,1,1782361889.0874465,0.0019075870513916016
279518,normal,190,0,1782361889.089695,0.002248525619506836
279519,normal,2442,0,1782361889.091545,0.001850128173828125
279520,normal,527,0,1782361889.0935318,0.0019867420196533203
279521,normal,3183,1,1782361889.0955505,0.0020186901092529297
279522,normal,1959,0,1782361889.0975454,0.0019948482513427734
279523,normal,674,0,1782361889.0994732,0.0019278526306152344
279524,normal,1740,0,1782361889.1016989,0.002225637435913086
279525,normal,3058,1,1782361889.1035438,0.0018448829650878906
279526,normal,1537,0,1782361889.105514,0.0019702911376953125
279527,normal,418,0,1782361889.1074631,0.0019490718841552734
279528,normal,3633,0,1782361889.1097877,0.0023245811462402344
279529,normal,557,0,1782361889.111629,0.0018413066864013672
279530,normal,1282,0,1782361889.1134324,0.0018033981323242188
279531,normal,2412,0,1782361889.1155264,0.0020940303802490234
279532,normal,1046,0,1782361889.11744,0.0019135475158691406
279533,normal,337,0,1782361889.1195402,0.002100229263305664
279534,normal,286,0,1782361889.1214457,0.0019054412841796875
279535,normal,77,0,1782361889.1235301,0.002084493637084961
279536,normal,1570,0,1782361889.125459,0.0019288063049316406
279537,normal,1805,0,1782361889.1275492,0.0020902156829833984
279538,normal,860,2,1782361889.1294847,0.0019354820251464844
279539,normal,3388,1,1782361889.1317415,0.0022568702697753906
279540,normal,2478,0,1782361889.1334841,0.0017426013946533203
279541,normal,1382,0,1782361889.1356564,0.002172231674194336
279542,normal,1809,0,1782361889.1376934,0.00203704833984375
279543,normal,1116,0,1782361889.1395934,0.0018999576568603516
279544,normal,1459,0,1782361889.1417332,0.0021398067474365234
279545,normal,447,0,1782361889.143471,0.001737833023071289
279546,normal,1560,0,1782361889.1456456,0.0021746158599853516
279547,normal,3040,0,1782361889.1475577,0.0019121170043945312
279548,normal,2690,0,1782361889.1496894,0.0021317005157470703
279549,normal,293,0,1782361889.1515722,0.001882791519165039
279550,normal,602,0,1782361889.1537285,0.0021562576293945312
279551,normal,881,2,1782361889.1555598,0.0018312931060791016
279552,normal,3704,0,1782361889.1575406,0.0019807815551757812
279553,normal,1778,0,1782361889.1596227,0.0020821094512939453
279554,normal,110,0,1782361889.161633,0.002010345458984375
279555,normal,594,0,1782361889.1635342,0.0019011497497558594
279556,normal,3588,0,1782361889.1656268,0.002092599868774414
279557,normal,1901,0,1782361889.167688,0.002061128616333008
279558,normal,3273,1,1782361889.169584,0.0018961429595947266
279559,normal,3295,1,1782361889.1717849,0.0022008419036865234
279560,normal,2461,0,1782361889.173499,0.0017142295837402344
279561,normal,2432,0,1782361889.175651,0.002151966094970703
279562,normal,2233,0,1782361889.1775627,0.0019116401672363281
279563,normal,1499,0,1782361889.17957,0.0020072460174560547
279564,normal,695,0,1782361889.181527,0.001956939697265625
279565,normal,2600,0,1782361889.1836188,0.0020918846130371094
279566,normal,3660,0,1782361889.185743,0.002124309539794922
279567,normal,3696,0,1782361889.1875896,0.0018465518951416016
279568,normal,3247,1,1782361889.1894875,0.0018978118896484375
279569,normal,1726,0,1782361889.1917195,0.002232074737548828
279570,normal,3445,0,1782361889.193637,0.0019173622131347656
279571,normal,3061,1,1782361889.195661,0.0020241737365722656
279572,normal,2128,0,1782361889.197691,0.002029895782470703
279573,normal,2567,0,1782361889.199613,0.0019221305847167969
279574,normal,1339,1,1782361889.2017217,0.0021085739135742188
279575,normal,1255,0,1782361889.2035046,0.0017828941345214844
279576,normal,2547,0,1782361889.205619,0.002114534378051758
279577,normal,1353,1,1782361889.207528,0.001909017562866211
279578,normal,1577,0,1782361889.2096195,0.0020914077758789062
279579,normal,2372,0,1782361889.2115858,0.001966238021850586
279580,normal,3088,1,1782361889.2135184,0.0019326210021972656
279581,normal,3510,0,1782361889.2156074,0.0020890235900878906
279582,normal,1085,0,1782361889.2175198,0.0019123554229736328
279583,normal,1589,0,1782361889.2197444,0.0022246837615966797
279584,normal,1040,0,1782361889.2218032,0.002058744430541992
279585,normal,2086,0,1782361889.2234995,0.0016963481903076172
279586,normal,3489,0,1782361889.225797,0.0022974014282226562
279587,normal,494,0,1782361889.2275274,0.0017304420471191406
279588,normal,3325,1,1782361889.2296314,0.002104043960571289
279589,normal,1600,0,1782361889.2315464,0.00191497802734375
279590,normal,940,2,1782361889.2336357,0.002089262008666992
279591,normal,1940,0,1782361889.235653,0.0020172595977783203
279592,normal,1419,0,1782361889.2375739,0.001920938491821289
279593,normal,3522,0,1782361889.2396204,0.0020465850830078125
279594,normal,2005,0,1782361889.241532,0.0019116401672363281
279595,normal,3278,1,1782361889.2436337,0.0021016597747802734
279596,normal,1231,0,1782361889.2456045,0.0019707679748535156
279597,normal,951,2,1782361889.247574,0.001969575881958008
279598,normal,2966,0,1782361889.2495542,0.0019800662994384766
279599,normal,1356,1,1782361889.2516413,0.002087116241455078
279600,normal,2365,0,1782361889.2535574,0.0019161701202392578
279601,normal,3343,1,1782361889.2563226,0.002765178680419922
279602,normal,3087,1,1782361889.2578897,0.0015671253204345703
279603,normal,2493,0,1782361889.2594514,0.0015616416931152344
279604,normal,2925,0,1782361889.2616167,0.0021653175354003906
279605,normal,2390,0,1782361889.2636395,0.0020227432250976562
279606,normal,1465,0,1782361889.2655852,0.0019457340240478516
279607,normal,688,0,1782361889.2677274,0.002142190933227539
279608,normal,2175,0,1782361889.2698252,0.0020978450775146484
279609,normal,256,0,1782361889.2715147,0.0016894340515136719
279610,normal,544,0,1782361889.2739105,0.0023958683013916016
279611,normal,933,2,1782361889.275914,0.0020034313201904297
279612,normal,3123,1,1782361889.2775037,0.0015897750854492188
279613,normal,2049,0,1782361889.27962,0.0021162033081054688
279614,normal,133,0,1782361889.2816184,0.001998424530029297
279615,normal,1722,0,1782361889.283544,0.0019257068634033203
279616,normal,1979,0,1782361889.2856307,0.002086639404296875
279617,normal,1830,0,1782361889.2876287,0.0019979476928710938
279618,normal,549,0,1782361889.289528,0.0018992424011230469
279619,normal,1525,0,1782361889.2916408,0.002112865447998047
279620,normal,3646,0,1782361889.2936935,0.002052783966064453
279621,normal,2192,0,1782361889.295595,0.001901388168334961
279622,normal,2358,0,1782361889.2977035,0.0021085739135742188
279623,normal,764,0,1782361889.2994454,0.0017418861389160156
279624,normal,2337,0,1782361889.3016937,0.0022482872009277344
279625,normal,1174,0,1782361889.3035893,0.0018956661224365234
279626,normal,2122,0,1782361889.305648,0.002058744430541992
279627,normal,924,2,1782361889.3075588,0.0019106864929199219
279628,normal,2116,0,1782361889.3096337,0.0020749568939208984
279629,normal,1209,0,1782361889.3116531,0.0020194053649902344
279630,normal,640,0,1782361889.3135722,0.0019190311431884766
279631,normal,2289,0,1782361889.3156984,0.0021262168884277344
279632,normal,16,0,1782361889.317741,0.002042531967163086
279633,normal,300,0,1782361889.3195963,0.0018553733825683594
279634,normal,186,0,1782361889.3216536,0.002057313919067383
279635,normal,3327,1,1782361889.3236094,0.001955747604370117
279636,normal,1449,0,1782361889.3255243,0.00191497802734375
279637,normal,105,0,1782361889.3275998,0.0020754337310791016
279638,normal,1415,0,1782361889.3295825,0.0019826889038085938
279639,normal,3591,0,1782361889.3315072,0.001924753189086914
279640,normal,3089,1,1782361889.3336103,0.002103090286254883
279641,normal,1548,0,1782361889.335815,0.0022046566009521484
279642,normal,315,0,1782361889.3374531,0.001638174057006836
279643,normal,2971,0,1782361889.3395796,0.002126455307006836
279644,normal,123,0,1782361889.3416164,0.0020368099212646484
279645,normal,3675,0,1782361889.3434377,0.001821279525756836
279646,normal,569,0,1782361889.3455586,0.0021209716796875
279647,normal,2405,0,1782361889.3475578,0.0019991397857666016
279648,normal,2125,0,1782361889.3495595,0.0020017623901367188
279649,normal,1509,0,1782361889.351625,0.002065420150756836
279650,normal,1607,0,1782361889.3535764,0.001951456069946289
279651,normal,1319,1,1782361889.3555157,0.0019392967224121094
279652,normal,854,2,1782361889.3576553,0.002139568328857422
279653,normal,642,0,1782361889.359744,0.002088785171508789
279654,normal,743,0,1782361889.3616936,0.0019495487213134766
279655,normal,1952,0,1782361889.3637328,0.002039194107055664
279656,normal,2663,0,1782361889.3654487,0.0017158985137939453
279657,normal,1926,0,1782361889.3675687,0.0021200180053710938
279658,normal,3254,1,1782361889.369574,0.002005338668823242
279659,normal,1651,0,1782361889.371367,0.00179290771484375
279660,normal,849,2,1782361889.3734818,0.0021147727966308594
279661,normal,761,0,1782361889.3754854,0.0020036697387695312
279662,normal,3425,0,1782361889.3776407,0.002155303955078125
279663,normal,1387,0,1782361889.3794148,0.0017740726470947266
279664,normal,2548,0,1782361889.381416,0.0020012855529785156
279665,normal,1411,0,1782361889.383413,0.0019969940185546875
279666,normal,1284,0,1782361889.385401,0.001987934112548828
279667,normal,911,2,1782361889.3876925,0.002291440963745117
279668,normal,3279,1,1782361889.389569,0.0018765926361083984
279669,normal,1526,0,1782361889.3914864,0.0019173622131347656
279670,normal,432,0,1782361889.3935838,0.0020973682403564453
279671,normal,1909,0,1782361889.3954017,0.001817941665649414
279672,normal,2096,0,1782361889.3974216,0.0020198822021484375
279673,normal,2740,0,1782361889.399423,0.0020012855529785156
279674,normal,2261,0,1782361889.40142,0.001997232437133789
279675,normal,1414,0,1782361889.4035692,0.0021491050720214844
279676,normal,1495,0,1782361889.405484,0.0019147396087646484
279677,normal,2983,0,1782361889.407448,0.001964092254638672
279678,normal,3132,1,1782361889.4094431,0.001995086669921875
279679,normal,281,0,1782361889.4114487,0.0020055770874023438
279680,normal,1067,0,1782361889.4134345,0.001985788345336914
279681,normal,1049,0,1782361889.415439,0.002004384994506836
279682,normal,1213,0,1782361889.4176202,0.0021812915802001953
279683,normal,1107,0,1782361889.4195304,0.0019102096557617188
279684,normal,912,2,1782361889.421535,0.0020046234130859375
279685,normal,72,0,1782361889.4235113,0.0019762516021728516
279686,normal,1692,0,1782361889.4255455,0.0020341873168945312
279687,normal,2832,0,1782361889.427465,0.0019195079803466797
279688,normal,979,2,1782361889.4295688,0.0021038055419921875
279689,normal,2465,0,1782361889.4315948,0.002026081085205078
279690,normal,813,2,1782361889.4335291,0.0019342899322509766
279691,normal,3092,1,1782361889.435439,0.0019099712371826172
279692,normal,1973,0,1782361889.4375358,0.0020966529846191406
279693,normal,3598,0,1782361889.4395213,0.0019855499267578125
279694,normal,1860,0,1782361889.4414463,0.0019249916076660156
279695,normal,2399,0,1782361889.443408,0.0019617080688476562
279696,normal,2187,0,1782361889.4454823,0.0020742416381835938
279697,normal,2795,0,1782361889.4474535,0.0019712448120117188
279698,normal,2444,0,1782361889.449432,0.0019783973693847656
279699,normal,875,2,1782361889.451432,0.002000093460083008
279700,normal,37,0,1782361889.4534225,0.0019905567169189453
279701,normal,1157,0,1782361889.4554322,0.0020096302032470703
279702,normal,2215,0,1782361889.457462,0.002029895782470703
279703,normal,2484,0,1782361889.459507,0.0020449161529541016
279704,normal,2534,0,1782361889.4614596,0.0019526481628417969
279705,normal,1217,0,1782361889.4634187,0.001959085464477539
279706,normal,3079,1,1782361889.4654539,0.0020351409912109375
279707,normal,3358,1,1782361889.4674764,0.0020225048065185547
279708,normal,1691,0,1782361889.469496,0.002019643783569336
279709,normal,3508,0,1782361889.4714408,0.0019447803497314453
279710,normal,1799,0,1782361889.4734387,0.0019979476928710938
279711,normal,2597,0,1782361889.4754393,0.002000570297241211
279712,normal,2435,0,1782361889.4774344,0.001995086669921875
279713,normal,2172,0,1782361889.479449,0.002014636993408203
279714,normal,254,0,1782361889.4814525,0.0020034313201904297
279715,normal,597,0,1782361889.4834929,0.002040386199951172
279716,normal,2359,0,1782361889.4854305,0.0019376277923583984
279717,normal,2297,0,1782361889.4874203,0.0019898414611816406
279718,normal,1315,0,1782361889.4894187,0.001998424530029297
279719,normal,3422,0,1782361889.491421,0.002002239227294922
279720,normal,382,0,1782361889.4934194,0.001998424530029297
279721,normal,2367,0,1782361889.4954338,0.0020143985748291016
279722,normal,3330,1,1782361889.4974678,0.0020339488983154297
279723,normal,2853,0,1782361889.4997718,0.0023040771484375
279724,normal,2929,0,1782361889.501431,0.0016591548919677734
279725,normal,999,2,1782361889.5034304,0.001999378204345703
279726,normal,2754,0,1782361889.5054817,0.0020513534545898438
279727,normal,2310,0,1782361889.5074139,0.0019321441650390625
279728,normal,551,0,1782361889.5094013,0.001987457275390625
279729,normal,2924,0,1782361889.5114028,0.002001523971557617
279730,normal,267,0,1782361889.513426,0.0020232200622558594
279731,normal,2171,0,1782361889.5154748,0.0020487308502197266
279732,normal,968,2,1782361889.5174563,0.001981496810913086
279733,normal,1738,0,1782361889.5194721,0.002015829086303711
279734,normal,2441,0,1782361889.521543,0.002070903778076172
279735,normal,3540,0,1782361889.523661,0.0021178722381591797
279736,normal,847,2,1782361889.5254557,0.0017948150634765625
279737,normal,1686,0,1782361889.5275714,0.0021157264709472656
279738,normal,739,0,1782361889.5294833,0.0019118785858154297
279739,normal,3220,1,1782361889.5314808,0.0019974708557128906
279740,normal,1721,0,1782361889.5333996,0.001918792724609375
279741,normal,1669,0,1782361889.5354364,0.0020368099212646484
279742,normal,119,0,1782361889.5374043,0.001967906951904297
279743,normal,1798,0,1782361889.539564,0.002159595489501953
279744,normal,3624,0,1782361889.5414,0.0018360614776611328
279745,normal,3147,1,1782361889.5433986,0.0019986629486083984
279746,normal,3484,0,1782361889.5453966,0.0019979476928710938
279747,normal,1433,0,1782361889.5474029,0.0020062923431396484
279748,normal,3352,1,1782361889.5497196,0.002316713333129883
279749,normal,3207,1,1782361889.551509,0.0017893314361572266
279750,normal,2844,0,1782361889.5535932,0.0020842552185058594
279751,normal,2923,0,1782361889.5554667,0.0018734931945800781
279752,normal,1582,0,1782361889.5574195,0.0019528865814208984
279753,normal,946,2,1782361889.5594223,0.002002716064453125
279754,normal,1848,0,1782361889.5614316,0.0020093917846679688
279755,normal,1176,0,1782361889.563615,0.0021834373474121094
279756,normal,1068,0,1782361889.5654335,0.0018184185028076172
279757,normal,1442,0,1782361889.5674365,0.0020029544830322266
279758,normal,90,0,1782361889.569426,0.001989603042602539
279759,normal,3692,0,1782361889.571427,0.002001047134399414
279760,normal,2628,0,1782361889.5734303,0.002003192901611328
279761,normal,1137,0,1782361889.5754688,0.0020384788513183594
279762,normal,1333,1,1782361889.5775192,0.0020503997802734375
279763,normal,2598,0,1782361889.5794728,0.001953601837158203
279764,normal,1588,0,1782361889.5814667,0.001993894577026367
279765,normal,139,0,1782361889.583689,0.002222299575805664
279766,normal,1022,2,1782361889.5860312,0.00234222412109375
279767,normal,1815,0,1782361889.5873961,0.0013649463653564453
279768,normal,204,0,1782361889.589441,0.0020449161529541016
279769,normal,1845,0,1782361889.5914516,0.0020105838775634766
279770,normal,1222,0,1782361889.5934477,0.0019960403442382812
279771,normal,1354,1,1782361889.5954957,0.002048015594482422
279772,normal,3233,1,1782361889.5974844,0.001988649368286133
279773,normal,3670,0,1782361889.599505,0.002020597457885742
279774,normal,3468,0,1782361889.6014438,0.0019388198852539062
279775,normal,3289,1,1782361889.6034367,0.001992940902709961
279776,normal,2247,0,1782361889.6056082,0.0021715164184570312
279777,normal,1466,0,1782361889.6074672,0.0018589496612548828
279778,normal,2524,0,1782361889.609446,0.0019788742065429688
279779,normal,3256,1,1782361889.6114068,0.00196075439453125
279780,normal,3475,0,1782361889.613428,0.002021312713623047
279781,normal,304,0,1782361889.615459,0.0020308494567871094
279782,normal,795,2,1782361889.6174605,0.002001523971557617
279783,normal,3261,1,1782361889.6194685,0.0020079612731933594
279784,normal,215,0,1782361889.6214519,0.0019834041595458984
279785,normal,289,0,1782361889.623456,0.0020041465759277344
279786,normal,120,0,1782361889.6254594,0.0020034313201904297
279787,normal,964,2,1782361889.6274896,0.0020301342010498047
279788,normal,433,0,1782361889.6294622,0.001972675323486328
279789,normal,3644,0,1782361889.6314373,0.0019750595092773438
279790,normal,145,0,1782361889.6334457,0.0020084381103515625
279791,normal,537,0,1782361889.635466,0.0020203590393066406
279792,normal,3297,1,1782361889.63749,0.002023935317993164
279793,normal,492,0,1782361889.639501,0.0020110607147216797
279794,normal,1550,0,1782361889.6414192,0.0019180774688720703
279795,normal,3637,0,1782361889.6434453,0.002026081085205078
279796,normal,1065,0,1782361889.6454434,0.0019981861114501953
279797,normal,3177,1,1782361889.6474676,0.0020241737365722656
279798,normal,717,0,1782361889.6494546,0.001986980438232422
279799,normal,1445,0,1782361889.6514564,0.0020017623901367188
279800,normal,655,0,1782361889.6534894,0.0020329952239990234
279801,normal,3030,0,1782361889.655486,0.001996755599975586
279802,normal,2076,0,1782361889.6574314,0.0019452571868896484
279803,normal,1895,0,1782361889.6594257,0.0019943714141845703
279804,normal,611,0,1782361889.6614423,0.0020165443420410156
279805,normal,1991,0,1782361889.6634405,0.0019981861114501953
279806,normal,2697,0,1782361889.6654322,0.001991748809814453
279807,normal,1,0,1782361889.667459,0.002026796340942383
279808,normal,1683,0,1782361889.6695597,0.002100706100463867
279809,normal,3460,0,1782361889.671796,0.0022363662719726562
279810,normal,1366,1,1782361889.6734731,0.0016770362854003906
279811,normal,3206,1,1782361889.6755238,0.002050638198852539
279812,normal,3164,1,1782361889.677447,0.0019233226776123047
279813,normal,426,0,1782361889.6795328,0.0020856857299804688
279814,normal,2514,0,1782361889.6815217,0.0019888877868652344
279815,normal,3392,1,1782361889.6835237,0.0020020008087158203
279816,normal,3308,1,1782361889.6854382,0.0019145011901855469
279817,normal,1849,0,1782361889.6875772,0.0021390914916992188
279818,normal,2855,0,1782361889.689516,0.0019388198852539062
279819,normal,3321,1,1782361889.6915772,0.002061128616333008
279820,normal,2793,0,1782361889.6935918,0.002014636993408203
279821,normal,987,2,1782361889.695575,0.001983165740966797
279822,normal,1248,0,1782361889.6978426,0.002267599105834961
279823,normal,1625,0,1782361889.6995044,0.0016617774963378906
279824,normal,3168,1,1782361889.7015185,0.00201416015625
279825,normal,1192,0,1782361889.7035842,0.0020656585693359375
279826,normal,2497,0,1782361889.7056036,0.0020194053649902344
279827,normal,1265,0,1782361889.7073731,0.0017695426940917969
279828,normal,2797,0,1782361889.7094235,0.0020503997802734375
279829,normal,86,0,1782361889.71142,0.0019965171813964844
279830,normal,2378,0,1782361889.7134259,0.0020058155059814453
279831,normal,677,0,1782361889.7155888,0.002162933349609375
279832,normal,998,2,1782361889.7175179,0.0019290447235107422
279833,normal,2667,0,1782361889.71947,0.0019521713256835938
279834,normal,3539,0,1782361889.7214272,0.0019571781158447266
279835,normal,3225,1,1782361889.7234852,0.0020580291748046875
279836,normal,1871,0,1782361889.725927,0.002441883087158203
279837,normal,1660,0,1782361889.727517,0.0015897750854492188
279838,normal,2771,0,1782361889.7297251,0.002208232879638672
279839,normal,1724,0,1782361889.7314632,0.0017380714416503906
279840,normal,2020,0,1782361889.7334847,0.0020215511322021484
279841,normal,2104,0,1782361889.735466,0.0019812583923339844
279842,normal,2871,0,1782361889.7374558,0.0019898414611816406
279843,normal,2554,0,1782361889.7395234,0.00206756591796875
279844,normal,1634,0,1782361889.741616,0.002092599868774414
279845,normal,3209,1,1782361889.7435021,0.001886129379272461
279846,normal,2594,0,1782361889.7455542,0.0020520687103271484
279847,normal,3199,1,1782361889.7475545,0.0020003318786621094
279848,normal,3636,0,1782361889.7495537,0.0019991397857666016
279849,normal,906,2,1782361889.7514648,0.001911163330078125
279850,normal,3504,0,1782361889.7535443,0.002079486846923828
279851,normal,1572,0,1782361889.7556279,0.0020835399627685547
279852,normal,530,0,1782361889.7576158,0.001987934112548828
279853,normal,857,2,1782361889.7595873,0.0019714832305908203
279854,normal,124,0,1782361889.7614768,0.0018894672393798828
279855,normal,21,0,1782361889.7635722,0.002095460891723633
279856,normal,3267,1,1782361889.7655296,0.001957416534423828
279857,normal,3479,0,1782361889.7674198,0.0018901824951171875
279858,normal,1422,0,1782361889.769778,0.0023581981658935547
279859,normal,3499,0,1782361889.7715847,0.0018067359924316406
279860,normal,805,2,1782361889.7734828,0.001898050308227539
279861,normal,2348,0,1782361889.775782,0.0022993087768554688
279862,normal,992,2,1782361889.7779038,0.0021216869354248047
279863,normal,2369,0,1782361889.779421,0.0015172958374023438
279864,normal,3319,1,1782361889.7814183,0.001997232437133789
279865,normal,612,0,1782361889.7834349,0.0020165443420410156
279866,normal,311,0,1782361889.7854629,0.0020279884338378906
279867,normal,3587,0,1782361889.7874575,0.001994609832763672
279868,normal,668,0,1782361889.789439,0.001981496810913086
279869,normal,2762,0,1782361889.7914317,0.0019927024841308594
279870,normal,3248,1,1782361889.7934139,0.0019822120666503906
279871,normal,3599,0,1782361889.7954447,0.0020308494567871094
279872,normal,2607,0,1782361889.7974715,0.002026796340942383
279873,normal,3596,0,1782361889.7994955,0.002023935317993164
279874,normal,1345,1,1782361889.8015046,0.002009153366088867
279875,normal,285,0,1782361889.8033905,0.0018858909606933594
279876,normal,1224,0,1782361889.80547,0.002079486846923828
279877,normal,3542,0,1782361889.8074613,0.00199127197265625
279878,normal,211,0,1782361889.8094585,0.001997232437133789
279879,normal,1681,0,1782361889.8114834,0.0020248889923095703
279880,normal,1757,0,1782361889.8134525,0.0019690990447998047
279881,normal,2584,0,1782361889.8154716,0.002019166946411133
279882,normal,1928,0,1782361889.8174736,0.0020020008087158203
279883,normal,2728,0,1782361889.8194435,0.0019698143005371094
279884,normal,2768,0,1782361889.8214245,0.001981019973754883
279885,normal,2177,0,1782361889.8234768,0.00205230712890625
279886,normal,1303,0,1782361889.8254957,0.0020189285278320312
279887,normal,3215,1,1782361889.8274474,0.0019516944885253906
279888,normal,2323,0,1782361889.8294098,0.001962423324584961
279889,normal,2026,0,1782361889.831434,0.0020241737365722656
279890,normal,361,0,1782361889.8334286,0.001994609832763672
279891,normal,2142,0,1782361889.83543,0.0020012855529785156
279892,normal,1421,0,1782361889.8374379,0.0020079612731933594
279893,normal,3214,1,1782361889.8394966,0.002058744430541992
279894,normal,3494,0,1782361889.8414605,0.0019638538360595703
279895,normal,1093,0,1782361889.8436043,0.00214385986328125
279896,normal,2242,0,1782361889.845399,0.001794576644897461
279897,normal,2425,0,1782361889.8475242,0.002125263214111328
279898,normal,1922,0,1782361889.8495827,0.0020585060119628906
279899,normal,3473,0,1782361889.851434,0.0018513202667236328
279900,normal,1228,0,1782361889.8535216,0.0020875930786132812
279901,normal,899,2,1782361889.8555303,0.002008676528930664
279902,normal,2290,0,1782361889.8574424,0.0019121170043945312
279903,normal,861,2,1782361889.8596413,0.002198934555053711
279904,normal,3324,1,1782361889.8615882,0.0019469261169433594
279905,normal,138,0,1782361889.863513,0.001924753189086914
279906,normal,1181,0,1782361889.865654,0.0021409988403320312
279907,normal,1268,0,1782361889.8676226,0.0019686222076416016
279908,normal,3174,1,1782361889.8695552,0.0019326210021972656
279909,normal,455,0,1782361889.8716109,0.002055644989013672
279910,normal,2307,0,1782361889.8736386,0.002027750015258789
279911,normal,3677,0,1782361889.8755689,0.00193023681640625
279912,normal,2272,0,1782361889.8775506,0.0019817352294921875
279913,normal,1151,0,1782361889.879439,0.0018885135650634766
279914,normal,538,0,1782361889.8815007,0.002061605453491211
279915,normal,3047,1,1782361889.8834343,0.0019335746765136719
279916,normal,257,0,1782361889.88572,0.0022857189178466797
279917,normal,2669,0,1782361889.8874068,0.0016868114471435547
279918,normal,3555,0,1782361889.8894992,0.0020923614501953125
279919,normal,1999,0,1782361889.8915129,0.002013683319091797
279920,normal,3491,0,1782361889.8934884,0.001975536346435547
279921,normal,1997,0,1782361889.8957293,0.002240896224975586
279922,normal,111,0,1782361889.897713,0.001983642578125
279923,normal,2241,0,1782361889.8994958,0.0017828941345214844
279924,normal,2259,0,1782361889.901694,0.0021982192993164062
279925,normal,3679,0,1782361889.903585,0.0018908977508544922
279926,normal,938,2,1782361889.9054704,0.0018854141235351562
279927,normal,2034,0,1782361889.907496,0.002025604248046875
279928,normal,697,0,1782361889.9094768,0.0019807815551757812
279929,normal,1598,0,1782361889.911511,0.0020341873168945312
279930,normal,916,2,1782361889.9136345,0.002123594284057617
279931,normal,437,0,1782361889.915485,0.0018503665924072266
279932,normal,3262,1,1782361889.9175322,0.002047300338745117
279933,normal,1099,0,1782361889.9195542,0.0020220279693603516
279934,normal,454,0,1782361889.921543,0.001988649368286133
279935,normal,398,0,1782361889.9234664,0.0019235610961914062
279936,normal,1234,0,1782361889.9255965,0.0021300315856933594
279937,normal,2464,0,1782361889.9276073,0.002010822296142578
279938,normal,247,0,1782361889.929585,0.001977682113647461
279939,normal,2331,0,1782361889.9316225,0.002037525177001953
279940,normal,1321,1,1782361889.9339232,0.002300739288330078
279941,normal,3070,1,1782361889.9360647,0.0021414756774902344
279942,normal,1587,0,1782361889.937456,0.0013911724090576172
279943,normal,365,0,1782361889.9395237,0.0020678043365478516
279944,normal,2302,0,1782361889.9415863,0.002062559127807617
279945,normal,2044,0,1782361889.9435673,0.001981019973754883
279946,normal,1266,0,1782361889.9456017,0.002034425735473633
279947,normal,370,0,1782361889.9474761,0.0018744468688964844
279948,normal,2377,0,1782361889.9496145,0.002138376235961914
279949,normal,1081,0,1782361889.951585,0.001970529556274414
279950,normal,3341,1,1782361889.9535642,0.0019791126251220703
279951,normal,3349,1,1782361889.9581769,0.00461268424987793
279952,normal,465,0,1782361889.9582415,6.461143493652344e-05
279953,normal,2590,0,1782361889.9594426,0.0012011528015136719
279954,normal,3493,0,1782361889.9615426,0.0020999908447265625
279955,normal,2413,0,1782361889.9643147,0.002772092819213867
279956,normal,870,2,1782361889.9654453,0.0011305809020996094
279957,normal,2458,0,1782361889.9675617,0.0021164417266845703
279958,normal,2839,0,1782361889.9695435,0.0019817352294921875
279959,normal,2202,0,1782361889.9715114,0.001967906951904297
279960,normal,2623,0,1782361889.9735389,0.0020275115966796875
279961,normal,2078,0,1782361889.9755564,0.002017498016357422
279962,normal,2993,0,1782361889.9777422,0.002185821533203125
279963,normal,2240,0,1782361889.979555,0.0018126964569091797
279964,normal,291,0,1782361889.9815865,0.002031564712524414
279965,normal,1076,0,1782361889.9836586,0.0020720958709716797
279966,normal,2071,0,1782361889.9855244,0.0018658638000488281
279967,normal,2738,0,1782361889.9875758,0.0020513534545898438
279968,normal,228,0,1782361889.989539,0.0019631385803222656
279969,normal,3574,0,1782361889.9917488,0.002209901809692383
279970,normal,1021,2,1782361889.9935098,0.0017609596252441406
279971,normal,2206,0,1782361889.995578,0.0020682811737060547
279972,normal,1320,1,1782361889.9977293,0.0021512508392333984
279973,normal,3674,0,1782361889.999564,0.0018346309661865234
279974,normal,1657,0,1782361890.0016372,0.0020732879638671875
279975,normal,942,2,1782361890.0036006,0.001963376998901367
279976,normal,2866,0,1782361890.005744,0.002143383026123047
279977,normal,566,0,1782361890.007507,0.0017631053924560547
279978,normal,3602,0,1782361890.0094664,0.0019593238830566406
279979,normal,2715,0,1782361890.011592,0.0021255016326904297
279980,normal,1089,0,1782361890.01358,0.0019881725311279297
279981,normal,2424,0,1782361890.0154908,0.0019106864929199219
279982,normal,3374,1,1782361890.0177166,0.0022258758544921875
279983,normal,2699,0,1782361890.0196133,0.0018966197967529297
279984,normal,103,0,1782361890.0216274,0.00201416015625
279985,normal,3108,1,1782361890.0237162,0.002088785171508789
279986,normal,1084,0,1782361890.0254557,0.001739501953125
279987,normal,1712,0,1782361890.0275986,0.0021429061889648438
279988,normal,2271,0,1782361890.0295994,0.0020008087158203125
279989,normal,3226,1,1782361890.0314062,0.0018067359924316406
279990,normal,1030,0,1782361890.0337036,0.0022974014282226562
279991,normal,1139,0,1782361890.0355613,0.001857757568359375
279992,normal,3457,0,1782361890.0375316,0.0019702911376953125
279993,normal,613,0,1782361890.0396287,0.0020971298217773438
279994,normal,1743,0,1782361890.0416036,0.001974821090698242
279995,normal,3090,1,1782361890.04349,0.0018863677978515625
279996,normal,3339,1,1782361890.0457287,0.002238750457763672
279997,normal,609,0,1782361890.0476575,0.0019288063049316406
279998,normal,2137,0,1782361890.0495641,0.0019066333770751953
279999,normal,2101,0,1782361890.051639,0.0020749568939208984
280000,normal,3345,1,1782361890.0536509,0.0020117759704589844
280001,normal,1758,0,1782361890.0556073,0.001956462860107422
280002,normal,735,0,1782361890.0575342,0.0019268989562988281
280003,normal,3641,0,1782361890.0595257,0.0019915103912353516
280004,normal,146,0,1782361890.0615182,0.001992464065551758
280005,normal,1810,0,1782361890.063503,0.001984834671020508
280006,normal,2138,0,1782361890.0656571,0.002154111862182617
280007,normal,1368,1,1782361890.0674143,0.0017571449279785156
280008,normal,2386,0,1782361890.0695033,0.0020890235900878906
280009,normal,3113,1,1782361890.0715353,0.002032041549682617
280010,normal,3129,1,1782361890.0735195,0.001984119415283203
280011,normal,3559,0,1782361890.0758607,0.0023412704467773438
280012,normal,986,2,1782361890.0777326,0.0018718242645263672
280013,normal,2624,0,1782361890.079465,0.0017323493957519531
280014,normal,2167,0,1782361890.0816138,0.002148866653442383
280015,normal,2460,0,1782361890.0835617,0.0019478797912597656
280016,normal,1687,0,1782361890.0854833,0.0019216537475585938
280017,normal,957,2,1782361890.0875635,0.002080202102661133
280018,normal,196,0,1782361890.089565,0.002001523971557617
280019,normal,2963,0,1782361890.0917003,0.0021352767944335938
280020,normal,1878,0,1782361890.093507,0.0018067359924316406
280021,normal,1644,0,1782361890.095565,0.0020580291748046875
280022,normal,3062,1,1782361890.097559,0.001993894577026367
280023,normal,2204,0,1782361890.0995574,0.001998424530029297
280024,normal,1015,2,1782361890.1015563,0.0019989013671875
280025,normal,3635,0,1782361890.103556,0.0019996166229248047
280026,normal,944,2,1782361890.1058242,0.0022683143615722656
280027,normal,3606,0,1782361890.107748,0.0019237995147705078
280028,normal,3195,1,1782361890.109528,0.0017800331115722656
280029,normal,2765,0,1782361890.1116264,0.0020983219146728516
280030,normal,3136,1,1782361890.1136336,0.0020072460174560547
280031,normal,1142,0,1782361890.115532,0.0018982887268066406
280032,normal,1893,0,1782361890.1175778,0.002045869827270508
280033,normal,1685,0,1782361890.1197681,0.0021903514862060547
280034,normal,415,0,1782361890.1215773,0.0018091201782226562
280035,normal,3632,0,1782361890.1236439,0.0020666122436523438
280036,normal,2277,0,1782361890.1255314,0.0018875598907470703
280037,normal,513,0,1782361890.1276486,0.002117156982421875
280038,normal,3135,1,1782361890.1295605,0.0019118785858154297
280039,normal,2471,0,1782361890.1315343,0.001973867416381836
280040,normal,79,0,1782361890.133461,0.0019266605377197266
280041,normal,682,0,1782361890.1354825,0.0020215511322021484
280042,normal,2133,0,1782361890.1375463,0.002063751220703125
280043,normal,403,0,1782361890.139551,0.0020046234130859375
280044,normal,1160,0,1782361890.1415322,0.0019812583923339844
280045,normal,241,0,1782361890.1435359,0.0020036697387695312
280046,normal,2726,0,1782361890.145539,0.002003192901611328
280047,normal,3241,1,1782361890.1475563,0.0020172595977783203
280048,normal,470,0,1782361890.1495805,0.0020241737365722656
280049,normal,2643,0,1782361890.1516113,0.0020308494567871094
280050,normal,2615,0,1782361890.1534476,0.0018362998962402344
280051,normal,576,0,1782361890.1555545,0.002106904983520508
280052,normal,480,0,1782361890.1575756,0.0020210742950439453
280053,normal,1938,0,1782361890.1595836,0.0020079612731933594
280054,normal,405,0,1782361890.1616037,0.002020120620727539
280055,normal,172,0,1782361890.1634357,0.0018320083618164062
280056,normal,1119,0,1782361890.1655424,0.0021066665649414062
280057,normal,2488,0,1782361890.167557,0.002014636993408203
280058,normal,2698,0,1782361890.169552,0.001995086669921875
280059,normal,1662,0,1782361890.1715553,0.002003192901611328
280060,normal,1801,0,1782361890.1735606,0.002005338668823242
280061,normal,510,0,1782361890.1756084,0.0020477771759033203
280062,normal,3561,0,1782361890.1774614,0.0018529891967773438
280063,normal,2811,0,1782361890.1795413,0.0020799636840820312
280064,normal,1427,0,1782361890.181543,0.0020017623901367188
280065,normal,977,2,1782361890.1835527,0.0020096302032470703
280066,normal,106,0,1782361890.1855428,0.001990079879760742
280067,normal,3416,0,1782361890.187533,0.001990079879760742
280068,normal,101,0,1782361890.190413,0.002880096435546875
280069,normal,800,2,1782361890.1916392,0.001226186752319336
280070,normal,2755,0,1782361890.1935048,0.0018656253814697266
280071,normal,1072,0,1782361890.195691,0.002186298370361328
280072,normal,2538,0,1782361890.1975656,0.0018744468688964844
280073,normal,127,0,1782361890.199589,0.002023458480834961
280074,normal,596,0,1782361890.201492,0.0019030570983886719
280075,normal,1371,1,1782361890.2035322,0.0020401477813720703
280076,normal,1026,2,1782361890.2055542,0.0020220279693603516
280077,normal,3000,0,1782361890.2074502,0.001895904541015625
280078,normal,3640,0,1782361890.2095346,0.002084493637084961
280079,normal,2486,0,1782361890.211567,0.0020322799682617188
280080,normal,3476,0,1782361890.2135932,0.0020263195037841797
280081,normal,2861,0,1782361890.2156186,0.0020253658294677734
280082,normal,2972,0,1782361890.2175803,0.0019617080688476562
280083,normal,2953,0,1782361890.2196417,0.0020613670349121094
280084,normal,587,0,1782361890.2216847,0.002043008804321289
280085,normal,923,2,1782361890.223533,0.0018482208251953125
280086,normal,1385,0,1782361890.2256846,0.0021517276763916016
280087,normal,2992,0,1782361890.2277663,0.002081632614135742
280088,normal,614,0,1782361890.2294376,0.0016713142395019531
280089,normal,3181,1,1782361890.2315247,0.002087116241455078
280090,normal,3161,1,1782361890.2335234,0.0019986629486083984
280091,normal,687,0,1782361890.2355561,0.002032756805419922
280092,normal,721,0,1782361890.23774,0.0021839141845703125
280093,normal,1915,0,1782361890.2395353,0.0017952919006347656
280094,normal,259,0,1782361890.241536,0.002000570297241211
280095,normal,781,2,1782361890.2435336,0.001997709274291992
280096,normal,239,0,1782361890.245522,0.0019884109497070312
280097,normal,1302,0,1782361890.2478771,0.0023550987243652344
280098,normal,66,0,1782361890.2495906,0.0017135143280029297
280099,normal,3303,1,1782361890.2516124,0.00202178955078125
280100,normal,3546,0,1782361890.2537553,0.0021429061889648438
280101,normal,590,0,1782361890.2555037,0.0017483234405517578
280102,normal,3562,0,1782361890.2575653,0.002061605453491211
280103,normal,220,0,1782361890.2595646,0.001999378204345703
280104,normal,278,0,1782361890.2615736,0.0020089149475097656
280105,normal,1105,0,1782361890.2636788,0.002105236053466797
280106,normal,891,2,1782361890.265626,0.001947164535522461
280107,normal,1257,0,1782361890.267563,0.0019371509552001953
280108,normal,1166,0,1782361890.269564,0.0020008087158203125
280109,normal,2649,0,1782361890.2715657,0.0020017623901367188
280110,normal,1975,0,1782361890.273561,0.0019953250885009766
280111,normal,3526,0,1782361890.2755597,0.0019986629486083984
280112,normal,2324,0,1782361890.2776287,0.0020689964294433594
280113,normal,503,0,1782361890.2795224,0.001893758773803711
280114,normal,2275,0,1782361890.2815862,0.002063751220703125
280115,normal,2934,0,1782361890.2835946,0.0020084381103515625
280116,normal,3593,0,1782361890.2861285,0.0025339126586914062
280117,normal,1124,0,1782361890.2879353,0.0018067359924316406
280118,normal,893,2,1782361890.2894518,0.001516580581665039
280119,normal,2806,0,1782361890.2915182,0.002066373825073242
280120,normal,542,0,1782361890.2935886,0.0020704269409179688
280121,normal,2836,0,1782361890.2956204,0.0020318031311035156
280122,normal,158,0,1782361890.2975395,0.0019190311431884766
280123,normal,2760,0,1782361890.2996256,0.002086162567138672
280124,normal,3582,0,1782361890.3016098,0.001984119415283203
280125,normal,1148,0,1782361890.3035462,0.0019364356994628906
280126,normal,2347,0,1782361890.3058662,0.0023200511932373047
280127,normal,1392,0,1782361890.307685,0.0018186569213867188
280128,normal,2141,0,1782361890.309569,0.0018839836120605469
280129,normal,1245,0,1782361890.311546,0.001977205276489258
280130,normal,3243,1,1782361890.313544,0.0019979476928710938
280131,normal,1275,0,1782361890.3155437,0.0019996166229248047
280132,normal,2022,0,1782361890.3175404,0.001996755599975586
280133,normal,1163,0,1782361890.319559,0.0020186901092529297
280134,normal,1754,0,1782361890.3215156,0.001956462860107422
280135,normal,3671,0,1782361890.3235543,0.002038717269897461
280136,normal,1123,0,1782361890.325603,0.0020487308502197266
280137,normal,274,0,1782361890.3275857,0.0019826889038085938
280138,normal,2948,0,1782361890.3296046,0.0020189285278320312
280139,normal,1900,0,1782361890.3316038,0.0019991397857666016
280140,normal,2422,0,1782361890.3335326,0.0019288063049316406
280141,normal,2965,0,1782361890.3355598,0.002027273178100586
280142,normal,11,0,1782361890.3376093,0.0020494461059570312
280143,normal,2426,0,1782361890.3396003,0.0019910335540771484
280144,normal,70,0,1782361890.3416102,0.002009868621826172
280145,normal,1864,0,1782361890.343536,0.0019257068634033203
280146,normal,1351,1,1782361890.345483,0.001947164535522461
280147,normal,2079,0,1782361890.3475661,0.0020830631256103516
280148,normal,107,0,1782361890.3495388,0.001972675323486328
280149,normal,2857,0,1782361890.3515444,0.0020055770874023438
280150,normal,3336,1,1782361890.353613,0.0020685195922851562
280151,normal,207,0,1782361890.3555295,0.001916646957397461
280152,normal,1547,0,1782361890.3576012,0.0020716190338134766
280153,normal,1044,0,1782361890.359573,0.001971721649169922
280154,normal,2087,0,1782361890.3614705,0.001897573471069336
280155,normal,1732,0,1782361890.3635616,0.0020911693572998047
280156,normal,869,2,1782361890.3655486,0.001986980438232422
280157,normal,3156,1,1782361890.3675654,0.002016782760620117
280158,normal,1246,0,1782361890.3695488,0.0019834041595458984
280159,normal,2676,0,1782361890.3716044,0.002055644989013672
280160,normal,1522,0,1782361890.373509,0.0019044876098632812
280161,normal,907,2,1782361890.3757057,0.002196788787841797
280162,normal,1410,0,1782361890.377568,0.0018622875213623047
280163,normal,1890,0,1782361890.3795683,0.0020003318786621094
280164,normal,3528,0,1782361890.381582,0.002013683319091797
280165,normal,2831,0,1782361890.3835325,0.0019505023956298828
280166,normal,564,0,1782361890.3855588,0.0020263195037841797
280167,normal,2814,0,1782361890.3875318,0.0019729137420654297
280168,normal,3395,1,1782361890.3895307,0.0019989013671875
280169,normal,1235,0,1782361890.391646,0.0021152496337890625
280170,normal,1301,0,1782361890.39351,0.0018641948699951172
280171,normal,108,0,1782361890.3956177,0.0021076202392578125
280172,normal,1786,0,1782361890.3976018,0.001984119415283203
280173,normal,902,2,1782361890.3996453,0.002043485641479492
280174,normal,1114,0,1782361890.4017448,0.0020995140075683594
280175,normal,868,2,1782361890.4035249,0.0017800331115722656
280176,normal,1751,0,1782361890.4056973,0.0021724700927734375
280177,normal,1146,0,1782361890.4077327,0.002035379409790039
280178,normal,711,0,1782361890.4094844,0.0017516613006591797
280179,normal,848,2,1782361890.4115403,0.0020558834075927734
280180,normal,1009,2,1782361890.4135294,0.001989126205444336
280181,normal,630,0,1782361890.415532,0.002002716064453125
280182,normal,232,0,1782361890.4177272,0.002195119857788086
280183,normal,3432,0,1782361890.4195316,0.001804351806640625
280184,normal,2638,0,1782361890.4215274,0.0019958019256591797
280185,normal,2097,0,1782361890.4235244,0.0019969940185546875
280186,normal,1378,1,1782361890.4255214,0.0019969940185546875
280187,normal,198,0,1782361890.4276955,0.0021741390228271484
280188,normal,871,2,1782361890.4296963,0.0020008087158203125
280189,normal,2847,0,1782361890.4316106,0.0019142627716064453
280190,normal,818,2,1782361890.433654,0.002043485641479492
280191,normal,3312,1,1782361890.4354753,0.001821279525756836
280192,normal,1028,2,1782361890.4375665,0.0020911693572998047
280193,normal,851,2,1782361890.4395823,0.002015829086303711
280194,normal,1280,0,1782361890.4415643,0.001981973648071289
280195,normal,833,2,1782361890.4436944,0.0021300315856933594
280196,normal,1770,0,1782361890.4455385,0.001844167709350586
280197,normal,3342,1,1782361890.4475808,0.0020422935485839844
280198,normal,1541,0,1782361890.4495645,0.001983642578125
280199,normal,3595,0,1782361890.451474,0.001909494400024414
280200,normal,969,2,1782361890.4535716,0.002097606658935547
280201,normal,884,2,1782361890.4555607,0.001989126205444336
280202,normal,1993,0,1782361890.4578373,0.0022766590118408203
280203,normal,2219,0,1782361890.4595988,0.0017614364624023438
280204,normal,1167,0,1782361890.4616263,0.0020275115966796875
280205,normal,1355,1,1782361890.4635437,0.0019173622131347656
280206,normal,1597,0,1782361890.4656312,0.0020875930786132812
280207,normal,1205,0,1782361890.4676533,0.0020220279693603516
280208,normal,13,0,1782361890.469506,0.0018527507781982422
280209,normal,1534,0,1782361890.4717927,0.002286672592163086
280210,normal,1100,0,1782361890.4737344,0.001941680908203125
280211,normal,2093,0,1782361890.475572,0.0018377304077148438
280212,normal,731,0,1782361890.477556,0.0019838809967041016
280213,normal,2605,0,1782361890.4796464,0.0020904541015625
280214,normal,2182,0,1782361890.481597,0.0019505023956298828
280215,normal,3186,1,1782361890.4835405,0.0019435882568359375
280216,normal,3001,0,1782361890.4855506,0.0020101070404052734
280217,normal,2173,0,1782361890.4875574,0.0020067691802978516
280218,normal,583,0,1782361890.4895346,0.001977205276489258
280219,normal,2975,0,1782361890.4915783,0.0020437240600585938
280220,normal,633,0,1782361890.4935327,0.001954317092895508
280221,normal,2064,0,1782361890.495523,0.0019903182983398438
280222,normal,420,0,1782361890.4975789,0.0020558834075927734
280223,normal,2876,0,1782361890.4995923,0.0020134449005126953
280224,normal,193,0,1782361890.5016074,0.0020151138305664062
280225,normal,2926,0,1782361890.5036154,0.0020079612731933594
280226,normal,2949,0,1782361890.5055506,0.0019352436065673828
280227,normal,3246,1,1782361890.5075634,0.0020127296447753906
280228,normal,1262,0,1782361890.509587,0.0020236968994140625
280229,normal,3059,1,1782361890.511611,0.002023935317993164
280230,normal,2342,0,1782361890.513627,0.0020160675048828125
280231,normal,3039,0,1782361890.515541,0.0019140243530273438
280232,normal,163,0,1782361890.5175667,0.002025604248046875
280233,normal,1835,0,1782361890.519559,0.0019922256469726562
280234,normal,2791,0,1782361890.5215657,0.0020067691802978516
280235,normal,126,0,1782361890.5235648,0.0019991397857666016
280236,normal,1820,0,1782361890.5255644,0.0019996166229248047
280237,normal,1393,0,1782361890.527615,0.002050638198852539
280238,normal,2135,0,1782361890.5294724,0.0018572807312011719
280239,normal,2304,0,1782361890.5315459,0.002073526382446289
280240,normal,1386,0,1782361890.5335448,0.0019989013671875
280241,normal,270,0,1782361890.5355663,0.0020215511322021484
280242,normal,1998,0,1782361890.5375495,0.001983165740966797
280243,normal,1569,0,1782361890.5395546,0.0020051002502441406
280244,normal,994,2,1782361890.541566,0.0020112991333007812
280245,normal,2388,0,1782361890.5436025,0.002036571502685547
280246,normal,3623,0,1782361890.545849,0.0022466182708740234
280247,normal,1911,0,1782361890.5474887,0.0016396045684814453
280248,normal,3616,0,1782361890.5495563,0.00206756591796875
280249,normal,3076,1,1782361890.5515592,0.0020029544830322266
280250,normal,1097,0,1782361890.553599,0.0020399093627929688
280251,normal,565,0,1782361890.555425,0.0018258094787597656
280252,normal,1379,1,1782361890.5575244,0.0020995140075683594
280253,normal,2879,0,1782361890.5595415,0.0020170211791992188
280254,normal,1254,0,1782361890.56159,0.002048492431640625
280255,normal,321,0,1782361890.564383,0.0027930736541748047
280256,normal,1357,1,1782361890.5655131,0.0011301040649414062
280257,normal,1198,0,1782361890.5676007,0.0020875930786132812
280258,normal,1173,0,1782361890.5695984,0.001997709274291992
280259,normal,844,2,1782361890.5715833,0.001984834671020508
280260,normal,932,2,1782361890.5739052,0.002321958541870117
280261,normal,2998,0,1782361890.5756097,0.0017044544219970703
280262,normal,1891,0,1782361890.5775077,0.001898050308227539
280263,normal,504,0,1782361890.5795925,0.0020847320556640625
280264,normal,1013,2,1782361890.5816987,0.002106189727783203
280265,normal,2882,0,1782361890.5834205,0.0017218589782714844
280266,normal,522,0,1782361890.5855253,0.0021047592163085938
280267,normal,2463,0,1782361890.5875313,0.002006053924560547
280268,normal,493,0,1782361890.589525,0.0019936561584472656
280269,normal,1212,0,1782361890.5916862,0.002161264419555664
280270,normal,971,2,1782361890.5935242,0.0018379688262939453
280271,normal,2074,0,1782361890.5955243,0.002000093460083008
280272,normal,705,0,1782361890.5975196,0.0019953250885009766
280273,normal,412,0,1782361890.5995252,0.0020055770874023438
280274,normal,3240,1,1782361890.6018288,0.002303600311279297
280275,normal,545,0,1782361890.6036522,0.00182342529296875
280276,normal,2731,0,1782361890.6056273,0.0019750595092773438
280277,normal,550,0,1782361890.607529,0.0019016265869140625
280278,normal,2891,0,1782361890.6095774,0.002048492431640625
280279,normal,520,0,1782361890.6115758,0.001998424530029297
280280,normal,3650,0,1782361890.6135755,0.0019996166229248047
280281,normal,3008,0,1782361890.6155782,0.002002716064453125
280282,normal,3211,1,1782361890.6176941,0.002115964889526367
280283,normal,2914,0,1782361890.6195166,0.0018224716186523438
280284,normal,588,0,1782361890.6215618,0.002045154571533203
280285,normal,727,0,1782361890.6235576,0.0019958019256591797
280286,normal,338,0,1782361890.625557,0.001999378204345703
280287,normal,150,0,1782361890.6275601,0.002003192901611328
280288,normal,2522,0,1782361890.6295586,0.001998424530029297
280289,normal,1643,0,1782361890.6316166,0.0020580291748046875
280290,normal,909,2,1782361890.633479,0.0018625259399414062
280291,normal,1752,0,1782361890.6355767,0.002097606658935547
280292,normal,18,0,1782361890.6376498,0.002073049545288086
280293,normal,2150,0,1782361890.640001,0.0023512840270996094
280294,normal,1002,2,1782361890.6416929,0.0016918182373046875
280295,normal,516,0,1782361890.6434176,0.0017247200012207031
280296,normal,367,0,1782361890.6455379,0.0021202564239501953
280297,normal,1127,0,1782361890.6475697,0.0020318031311035156
280298,normal,1247,0,1782361890.649626,0.0020563602447509766
280299,normal,2504,0,1782361890.6515217,0.0018956661224365234
280300,normal,1202,0,1782361890.6536434,0.0021216869354248047
280301,normal,2129,0,1782361890.6557028,0.002059459686279297
280302,normal,792,2,1782361890.6575043,0.0018014907836914062
280303,normal,2176,0,1782361890.659727,0.002222776412963867
280304,normal,3525,0,1782361890.661604,0.0018768310546875
280305,normal,149,0,1782361890.6635792,0.0019752979278564453
280306,normal,2374,0,1782361890.665539,0.0019598007202148438
280307,normal,1836,0,1782361890.6675732,0.0020341873168945312
280308,normal,3523,0,1782361890.669564,0.001990795135498047
280309,normal,3216,1,1782361890.6715505,0.0019865036010742188
280310,normal,2737,0,1782361890.6735487,0.0019981861114501953
280311,normal,582,0,1782361890.67554,0.00199127197265625
280312,normal,1655,0,1782361890.677552,0.002012014389038086
280313,normal,3686,0,1782361890.6795766,0.0020246505737304688
280314,normal,2830,0,1782361890.6815908,0.00201416015625
280315,normal,2648,0,1782361890.6836162,0.0020253658294677734
280316,normal,221,0,1782361890.6854365,0.0018203258514404297
280317,normal,453,0,1782361890.6875596,0.002123117446899414
280318,normal,2851,0,1782361890.6895814,0.00202178955078125
280319,normal,802,2,1782361890.6915925,0.0020110607147216797
280320,normal,439,0,1782361890.693615,0.0020225048065185547
280321,normal,2276,0,1782361890.6955688,0.0019538402557373047
280322,normal,1504,0,1782361890.6975484,0.0019795894622802734
280323,normal,3648,0,1782361890.6995518,0.0020034313201904297
280324,normal,3554,0,1782361890.7015548,0.0020029544830322266
280325,normal,3543,0,1782361890.7035615,0.0020067691802978516
280326,normal,3331,1,1782361890.7055614,0.0019998550415039062
280327,normal,547,0,1782361890.7076094,0.002048015594482422
280328,normal,3583,0,1782361890.7094662,0.0018568038940429688
280329,normal,858,2,1782361890.711547,0.002080678939819336
280330,normal,3094,1,1782361890.7135494,0.0020024776458740234
280331,normal,652,0,1782361890.7155392,0.0019898414611816406
280332,normal,1232,0,1782361890.7175481,0.0020089149475097656
280333,normal,1203,0,1782361890.7195482,0.002000093460083008
280334,normal,1112,0,1782361890.7215755,0.002027273178100586
280335,normal,137,0,1782361890.7236004,0.0020248889923095703
280336,normal,1000,2,1782361890.725809,0.002208709716796875
280337,normal,1011,2,1782361890.7274506,0.0016415119171142578
280338,normal,2874,0,1782361890.7295501,0.0020995140075683594
280339,normal,2321,0,1782361890.7315574,0.0020072460174560547
280340,normal,2308,0,1782361890.73357,0.0020127296447753906
280341,normal,2236,0,1782361890.73553,0.0019598007202148438
280342,normal,750,0,1782361890.737567,0.00203704833984375
280343,normal,3663,0,1782361890.7394252,0.0018582344055175781
280344,normal,1207,0,1782361890.7416086,0.0021834373474121094
280345,normal,2796,0,1782361890.7436075,0.0019989013671875
280346,normal,2889,0,1782361890.7454777,0.0018701553344726562
280347,normal,2732,0,1782361890.7475293,0.0020515918731689453
280348,normal,3069,1,1782361890.7496524,0.002123117446899414
280349,normal,2063,0,1782361890.7517476,0.0020952224731445312
280350,normal,1945,0,1782361890.7535563,0.0018086433410644531
280351,normal,331,0,1782361890.7555828,0.0020265579223632812
280352,normal,2045,0,1782361890.7576995,0.002116680145263672
280353,normal,945,2,1782361890.7596042,0.0019047260284423828
280354,normal,3515,0,1782361890.7615397,0.0019354820251464844
280355,normal,1619,0,1782361890.763509,0.0019693374633789062
280356,normal,49,0,1782361890.7655246,0.0020155906677246094
280357,normal,1632,0,1782361890.7675254,0.0020008087158203125
280358,normal,634,0,1782361890.7696407,0.0021152496337890625
280359,normal,3464,0,1782361890.771453,0.0018122196197509766
280360,normal,600,0,1782361890.7735236,0.0020706653594970703
280361,normal,1774,0,1782361890.7755282,0.0020046234130859375
280362,normal,1629,0,1782361890.7775214,0.0019931793212890625
280363,normal,381,0,1782361890.7798355,0.0023140907287597656
280364,normal,268,0,1782361890.7816002,0.0017647743225097656
280365,normal,3441,0,1782361890.7836056,0.002005338668823242
280366,normal,3219,1,1782361890.785643,0.002037525177001953
280367,normal,1789,0,1782361890.787477,0.0018339157104492188
280368,normal,378,0,1782361890.789571,0.0020940303802490234
280369,normal,482,0,1782361890.7915804,0.0020093917846679688
280370,normal,568,0,1782361890.793573,0.001992464065551758
280371,normal,1115,0,1782361890.7958026,0.0022296905517578125
280372,normal,2710,0,1782361890.7976136,0.0018110275268554688
280373,normal,617,0,1782361890.7995853,0.001971721649169922
280374,normal,97,0,1782361890.8015692,0.0019838809967041016
280375,normal,685,0,1782361890.803577,0.002007722854614258
280376,normal,3458,0,1782361890.8055844,0.0020074844360351562
280377,normal,1654,0,1782361890.8075774,0.001992940902709961
280378,normal,962,2,1782361890.809831,0.0022535324096679688
280379,normal,2835,0,1782361890.81168,0.0018491744995117188
280380,normal,1621,0,1782361890.813702,0.0020220279693603516
280381,normal,2885,0,1782361890.8156457,0.0019435882568359375
280382,normal,4,0,1782361890.817535,0.0018892288208007812
280383,normal,3167,1,1782361890.8196592,0.002124309539794922
280384,normal,3026,0,1782361890.821601,0.001941680908203125
280385,normal,836,2,1782361890.823616,0.0020151138305664062
280386,normal,2943,0,1782361890.825768,0.002151966094970703
280387,normal,1804,0,1782361890.827704,0.0019359588623046875
280388,normal,3703,0,1782361890.829472,0.0017681121826171875
280389,normal,3533,0,1782361890.8318517,0.0023796558380126953
280390,normal,3627,0,1782361890.83385,0.0019981861114501953
280391,normal,3507,0,1782361890.8354619,0.001611948013305664
280392,normal,1197,0,1782361890.8374898,0.0020279884338378906
280393,normal,63,0,1782361890.8395426,0.002052783966064453
280394,normal,981,2,1782361890.8415706,0.0020279884338378906
280395,normal,877,2,1782361890.8435714,0.0020008087158203125
280396,normal,355,0,1782361890.845548,0.001976490020751953
280397,normal,2604,0,1782361890.8475425,0.001994609832763672
280398,normal,1283,0,1782361890.8495445,0.0020020008087158203
280399,normal,1762,0,1782361890.851559,0.0020143985748291016
280400,normal,1458,0,1782361890.8535907,0.0020318031311035156
280401,normal,2066,0,1782361890.8556228,0.002032041549682617
280402,normal,3160,1,1782361890.857606,0.001983165740966797
280403,normal,1714,0,1782361890.8594253,0.0018193721771240234
280404,normal,1794,0,1782361890.8615744,0.0021491050720214844
280405,normal,2196,0,1782361890.8635814,0.002007007598876953
280406,normal,3396,1,1782361890.8655033,0.0019218921661376953
280407,normal,3344,1,1782361890.8675144,0.0020110607147216797
280408,normal,3570,0,1782361890.8694894,0.0019750595092773438
280409,normal,2928,0,1782361890.8714345,0.0019450187683105469
280410,normal,1564,0,1782361890.8735077,0.0020732879638671875
280411,normal,511,0,1782361890.875474,0.001966238021850586
280412,normal,1310,0,1782361890.8774948,0.0020208358764648438
280413,normal,1706,0,1782361890.8795557,0.0020608901977539062
280414,normal,2013,0,1782361890.8815985,0.0020427703857421875
280415,normal,1939,0,1782361890.8835356,0.0019371509552001953
280416,normal,1191,0,1782361890.8855479,0.0020122528076171875
280417,normal,1528,0,1782361890.887551,0.002003192901611328
280418,normal,776,2,1782361890.8895445,0.001993417739868164
280419,normal,1817,0,1782361890.891546,0.002001523971557617
280420,normal,2919,0,1782361890.893547,0.002001047134399414
280421,normal,2492,0,1782361890.8955944,0.002047300338745117
280422,normal,2454,0,1782361890.8975182,0.0019237995147705078
280423,normal,3607,0,1782361890.8997262,0.0022079944610595703
280424,normal,1190,0,1782361890.9014862,0.0017600059509277344
280425,normal,656,0,1782361890.9035895,0.0021033287048339844
280426,normal,3447,0,1782361890.9056118,0.002022266387939453
280427,normal,855,2,1782361890.907424,0.0018122196197509766
280428,normal,918,2,1782361890.9095309,0.002106904983520508
280429,normal,1195,0,1782361890.9114425,0.0019116401672363281
280430,normal,943,2,1782361890.913531,0.0020885467529296875
280431,normal,1408,0,1782361890.9155562,0.002025127410888672
280432,normal,3600,0,1782361890.9176102,0.002053976058959961
280433,normal,2249,0,1782361890.9195108,0.0019006729125976562
280434,normal,2119,0,1782361890.921729,0.0022182464599609375
280435,normal,904,2,1782361890.9236448,0.0019156932830810547
280436,normal,195,0,1782361890.9257,0.0020551681518554688
280437,normal,3699,0,1782361890.9275544,0.0018544197082519531
280438,normal,3438,0,1782361890.9296875,0.0021331310272216797
280439,normal,3133,1,1782361890.9315612,0.0018737316131591797
280440,normal,2898,0,1782361890.9336414,0.002080202102661133
280441,normal,774,2,1782361890.935472,0.0018305778503417969
280442,normal,1963,0,1782361890.937484,0.002012014389038086
280443,normal,2294,0,1782361890.9395435,0.002059459686279297
280444,normal,925,2,1782361890.9416187,0.0020751953125
280445,normal,1524,0,1782361890.9434721,0.0018534660339355469
280446,normal,3046,1,1782361890.9455276,0.0020554065704345703
280447,normal,2114,0,1782361890.9475281,0.002000570297241211
280448,normal,326,0,1782361890.9494493,0.0019211769104003906
280449,normal,377,0,1782361890.9515321,0.00208282470703125
280450,normal,777,2,1782361890.9538803,0.002348184585571289
280451,normal,1238,0,1782361890.9555314,0.0016510486602783203
280452,normal,1824,0,1782361890.9575927,0.0020613670349121094
280453,normal,1493,0,1782361890.9596276,0.002034902572631836
280454,normal,387,0,1782361890.9614697,0.0018420219421386719
280455,normal,2035,0,1782361890.9635882,0.0021185874938964844
280456,normal,2010,0,1782361890.965564,0.0019757747650146484
280457,normal,1555,0,1782361890.967571,0.002007007598876953
280458,normal,69,0,1782361890.9697652,0.0021941661834716797
280459,normal,3320,1,1782361890.9715605,0.0017952919006347656
280460,normal,1141,0,1782361890.973545,0.0019845962524414062
280461,normal,2502,0,1782361890.9755366,0.0019915103912353516
280462,normal,1106,0,1782361890.9775593,0.0020227432250976562
280463,normal,862,2,1782361890.9795513,0.0019919872283935547
280464,normal,1948,0,1782361890.9815884,0.00203704833984375
280465,normal,3333,1,1782361890.9836273,0.0020389556884765625
280466,normal,2526,0,1782361890.9854693,0.0018420219421386719
280467,normal,1380,1,1782361890.9876997,0.002230405807495117
280468,normal,3653,0,1782361890.9895985,0.0018987655639648438
280469,normal,3027,0,1782361890.992133,0.0025343894958496094
280470,normal,3296,1,1782361890.9939349,0.0018019676208496094
280471,normal,1913,0,1782361890.9955122,0.0015773773193359375
280472,normal,2873,0,1782361890.997469,0.0019567012786865234
280473,normal,1614,0,1782361890.9995153,0.002046346664428711
280474,normal,1038,0,1782361891.0017903,0.0022749900817871094
280475,normal,846,2,1782361891.0034757,0.0016853809356689453
280476,normal,1992,0,1782361891.0058424,0.002366781234741211
280477,normal,147,0,1782361891.0075831,0.0017406940460205078
280478,normal,1638,0,1782361891.0094464,0.001863241195678711
280479,normal,3338,1,1782361891.0118034,0.002357006072998047
280480,normal,2335,0,1782361891.0135028,0.0016994476318359375
280481,normal,3236,1,1782361891.0154064,0.001903533935546875
280482,normal,3401,1,1782361891.0174336,0.002027273178100586
280483,normal,850,2,1782361891.0194316,0.0019979476928710938
280484,normal,3450,0,1782361891.0214465,0.0020148754119873047
280485,normal,2268,0,1782361891.023448,0.002001523971557617
280486,normal,1633,0,1782361891.025449,0.002001047134399414
280487,normal,2327,0,1782361891.0274215,0.0019724369049072266
280488,normal,533,0,1782361891.0294454,0.002023935317993164
280489,normal,2886,0,1782361891.0314844,0.0020389556884765625
280490,normal,1438,0,1782361891.0334375,0.001953125
280491,normal,1063,0,1782361891.0355203,0.00208282470703125
280492,normal,3514,0,1782361891.0374603,0.001940011978149414
280493,normal,2479,0,1782361891.039443,0.0019826889038085938
280494,normal,1957,0,1782361891.0414968,0.0020537376403808594
280495,normal,2485,0,1782361891.0435224,0.002025604248046875
280496,normal,151,0,1782361891.0455139,0.0019915103912353516
280497,normal,1984,0,1782361891.047444,0.00193023681640625
280498,normal,2082,0,1782361891.0494683,0.0020241737365722656
280499,normal,436,0,1782361891.05148,0.0020117759704589844
280500,normal,3217,1,1782361891.0534654,0.001985311508178711
280501,normal,2550,0,1782361891.0554953,0.002029895782470703
280502,normal,2968,0,1782361891.0574646,0.0019693374633789062
280503,normal,1122,0,1782361891.0595481,0.0020835399627685547
280504,normal,438,0,1782361891.061533,0.001984834671020508
280505,normal,3362,1,1782361891.0634365,0.001903533935546875
280506,normal,67,0,1782361891.0654483,0.0020117759704589844
280507,normal,369,0,1782361891.0674167,0.0019683837890625
280508,normal,723,0,1782361891.0695395,0.0021228790283203125
280509,normal,3430,0,1782361891.0715501,0.0020105838775634766
280510,normal,3456,0,1782361891.0735362,0.0019860267639160156
280511,normal,1707,0,1782361891.0755827,0.0020465850830078125
280512,normal,1118,0,1782361891.0779653,0.002382516860961914
280513,normal,2599,0,1782361891.079611,0.001645803451538086
280514,normal,829,2,1782361891.081445,0.0018339157104492188
280515,normal,1405,0,1782361891.08355,0.0021049976348876953
280516,normal,3524,0,1782361891.0855749,0.0020248889923095703
280517,normal,1971,0,1782361891.0875127,0.0019378662109375
280518,normal,2329,0,1782361891.0895157,0.0020029544830322266
280519,normal,2209,0,1782361891.091527,0.0020112991333007812
280520,normal,1486,0,1782361891.0935366,0.0020096302032470703
280521,normal,2958,0,1782361891.095606,0.0020694732666015625
280522,normal,1888,0,1782361891.0976079,0.0020017623901367188
280523,normal,242,0,1782361891.0996134,0.0020055770874023438
280524,normal,3373,1,1782361891.1015573,0.001943826675415039
280525,normal,1665,0,1782361891.1038325,0.002275228500366211
280526,normal,366,0,1782361891.1055002,0.0016677379608154297
280527,normal,2232,0,1782361891.1076148,0.002114534378051758
280528,normal,115,0,1782361891.1096945,0.0020797252655029297
280529,normal,2159,0,1782361891.1115525,0.0018579959869384766
280530,normal,1165,0,1782361891.1134338,0.0018813610076904297
280531,normal,3351,1,1782361891.1155074,0.002073526382446289
280532,normal,1622,0,1782361891.1175046,0.001997232437133789
280533,normal,52,0,1782361891.1195304,0.0020258426666259766
280534,normal,1970,0,1782361891.1215985,0.002068042755126953
280535,normal,2525,0,1782361891.1235049,0.0019063949584960938
280536,normal,357,0,1782361891.1255062,0.0020012855529785156
280537,normal,3033,0,1782361891.1275017,0.001995563507080078
280538,normal,1061,0,1782361891.1295028,0.002001047134399414
280539,normal,253,0,1782361891.1318989,0.002396106719970703
280540,normal,518,0,1782361891.1335874,0.0016884803771972656
280541,normal,3201,1,1782361891.135738,0.0021505355834960938
280542,normal,227,0,1782361891.137497,0.0017590522766113281
280543,normal,1058,0,1782361891.1395576,0.0020606517791748047
280544,normal,1047,0,1782361891.1415434,0.001985788345336914
280545,normal,443,0,1782361891.1435664,0.002022981643676758
280546,normal,1429,0,1782361891.1456833,0.0021169185638427734
280547,normal,1964,0,1782361891.1476414,0.001958131790161133
280548,normal,2531,0,1782361891.1495788,0.0019373893737792969
280549,normal,2540,0,1782361891.1515675,0.001988649368286133
280550,normal,983,2,1782361891.153534,0.0019664764404296875
280551,normal,837,2,1782361891.1554515,0.0019176006317138672
280552,normal,1450,0,1782361891.157539,0.0020873546600341797
280553,normal,937,2,1782361891.1595337,0.0019948482513427734
280554,normal,5,0,1782361891.1615403,0.00200653076171875
280555,normal,330,0,1782361891.1637003,0.0021600723266601562
280556,normal,501,0,1782361891.165941,0.0022406578063964844
280557,normal,525,0,1782361891.1676133,0.0016722679138183594
280558,normal,1516,0,1782361891.1696265,0.0020132064819335938
280559,normal,1403,0,1782361891.1716356,0.002009153366088867
280560,normal,1144,0,1782361891.1734946,0.0018589496612548828
280561,normal,2950,0,1782361891.1757677,0.002273082733154297
280562,normal,742,0,1782361891.1776032,0.0018355846405029297
280563,normal,1125,0,1782361891.1796815,0.0020782947540283203
280564,normal,2626,0,1782361891.1815422,0.0018606185913085938
280565,normal,2773,0,1782361891.1836343,0.002092123031616211
280566,normal,1281,0,1782361891.1856859,0.0020515918731689453
280567,normal,1168,0,1782361891.187527,0.0018410682678222656
280568,normal,1143,0,1782361891.1894584,0.0019314289093017578
280569,normal,313,0,1782361891.191443,0.0019845962524414062
280570,normal,1313,0,1782361891.1935344,0.0020914077758789062
280571,normal,73,0,1782361891.1955492,0.0020148754119873047
280572,normal,1133,0,1782361891.1974351,0.0018858909606933594
280573,normal,3038,0,1782361891.199702,0.0022668838500976562
280574,normal,3098,1,1782361891.2017722,0.002070188522338867
280575,normal,2328,0,1782361891.2037895,0.0020172595977783203
280576,normal,1258,0,1782361891.2059207,0.002131223678588867
280577,normal,206,0,1782361891.2075481,0.0016274452209472656
280578,normal,3387,1,1782361891.2095866,0.0020384788513183594
280579,normal,2050,0,1782361891.2115738,0.0019872188568115234
280580,normal,929,2,1782361891.213469,0.0018951892852783203
280581,normal,1715,0,1782361891.215554,0.002084970474243164
280582,normal,1317,0,1782361891.2175858,0.0020318031311035156
280583,normal,99,0,1782361891.2195137,0.0019278526306152344
280584,normal,3004,0,1782361891.2216263,0.0021126270294189453
280585,normal,2068,0,1782361891.2237065,0.002080202102661133
280586,normal,2646,0,1782361891.2256954,0.0019888877868652344
280587,normal,3377,1,1782361891.227541,0.0018455982208251953
280588,normal,1800,0,1782361891.2296004,0.002059459686279297
280589,normal,528,0,1782361891.2314892,0.0018887519836425781
280590,normal,997,2,1782361891.2334769,0.0019876956939697266
280591,normal,2675,0,1782361891.2355573,0.0020804405212402344
280592,normal,3619,0,1782361891.2377608,0.0022034645080566406
280593,normal,2655,0,1782361891.2395627,0.0018019676208496094
280594,normal,2469,0,1782361891.2418387,0.0022759437561035156
280595,normal,237,0,1782361891.243471,0.0016322135925292969
280596,normal,3652,0,1782361891.2456346,0.0021636486053466797
280597,normal,948,2,1782361891.247571,0.0019364356994628906
280598,normal,2568,0,1782361891.2495027,0.0019316673278808594
280599,normal,3134,1,1782361891.2516232,0.002120494842529297
280600,normal,428,0,1782361891.2536886,0.002065420150756836
280601,normal,3306,1,1782361891.2556157,0.0019271373748779297
280602,normal,1326,1,1782361891.258013,0.002397298812866211
280603,normal,878,2,1782361891.259476,0.0014629364013671875
280604,normal,730,0,1782361891.261654,0.0021779537200927734
280605,normal,2840,0,1782361891.263496,0.0018420219421386719
280606,normal,592,0,1782361891.265621,0.0021250247955322266
280607,normal,359,0,1782361891.2674925,0.0018715858459472656
280608,normal,1833,0,1782361891.2695906,0.00209808349609375
280609,normal,725,0,1782361891.2715995,0.0020089149475097656
280610,normal,1718,0,1782361891.2734983,0.0018987655639648438
280611,normal,2280,0,1782361891.2757778,0.002279520034790039
280612,normal,3569,0,1782361891.2776845,0.0019066333770751953
280613,normal,560,0,1782361891.279572,0.0018875598907470703
280614,normal,985,2,1782361891.2817593,0.0021872520446777344
280615,normal,3626,0,1782361891.2838044,0.002045154571533203
280616,normal,2687,0,1782361891.285911,0.0021066665649414062
280617,normal,61,0,1782361891.2876966,0.0017855167388916016
280618,normal,2520,0,1782361891.2897213,0.0020246505737304688
280619,normal,908,2,1782361891.2916822,0.0019609928131103516
280620,normal,2000,0,1782361891.293901,0.0022187232971191406
280621,normal,3042,0,1782361891.2956078,0.001706838607788086
280622,normal,1178,0,1782361891.2975037,0.001895904541015625
280623,normal,2003,0,1782361891.2995732,0.0020694732666015625
280624,normal,1206,0,1782361891.3015773,0.0020041465759277344
280625,normal,44,0,1782361891.304172,0.0025947093963623047
280626,normal,3605,0,1782361891.3058643,0.0016922950744628906
280627,normal,3120,1,1782361891.3076575,0.0017931461334228516
280628,normal,3545,0,1782361891.309885,0.0022275447845458984
280629,normal,347,0,1782361891.3114932,0.001608133316040039
280630,normal,3394,1,1782361891.3135157,0.0020225048065185547
280631,normal,3154,1,1782361891.3155127,0.0019969940185546875
280632,normal,782,2,1782361891.317958,0.0024454593658447266
280633,normal,2199,0,1782361891.3198662,0.0019080638885498047
280634,normal,595,0,1782361891.3215215,0.0016553401947021484
280635,normal,1839,0,1782361891.3235843,0.0020627975463867188
280636,normal,1496,0,1782361891.3256087,0.002024412155151367
280637,normal,3268,1,1782361891.3276012,0.001992464065551758
280638,normal,1263,0,1782361891.329557,0.001955747604370117
280639,normal,3500,0,1782361891.3315656,0.002008676528930664
280640,normal,1358,1,1782361891.3335626,0.0019969940185546875
280641,normal,2496,0,1782361891.3355958,0.002033233642578125
280642,normal,1019,2,1782361891.3377671,0.0021712779998779297
280643,normal,208,0,1782361891.3394883,0.0017211437225341797
280644,normal,2273,0,1782361891.3415182,0.002029895782470703
280645,normal,3102,1,1782361891.3434703,0.0019521713256835938
280646,normal,3287,1,1782361891.3454983,0.0020279884338378906
280647,normal,1958,0,1782361891.3475137,0.002015352249145508
280648,normal,863,2,1782361891.3496182,0.002104520797729492
280649,normal,1508,0,1782361891.3516057,0.001987457275390625
280650,normal,3427,0,1782361891.3535595,0.0019538402557373047
280651,normal,1646,0,1782361891.3556116,0.0020520687103271484
280652,normal,2188,0,1782361891.3574684,0.0018568038940429688
280653,normal,959,2,1782361891.3598049,0.0023365020751953125
280654,normal,65,0,1782361891.3621814,0.002376556396484375
280655,normal,3462,0,1782361891.3634882,0.001306772232055664
280656,normal,2603,0,1782361891.365469,0.0019807815551757812
280657,normal,2144,0,1782361891.3674998,0.0020308494567871094
280658,normal,883,2,1782361891.369595,0.0020952224731445312
280659,normal,54,0,1782361891.3716383,0.0020432472229003906
280660,normal,56,0,1782361891.3736997,0.0020613670349121094
280661,normal,2002,0,1782361891.375548,0.0018482208251953125
280662,normal,2595,0,1782361891.377695,0.002147197723388672
280663,normal,1307,0,1782361891.3796108,0.0019156932830810547
280664,normal,2368,0,1782361891.3815253,0.0019145011901855469
280665,normal,2058,0,1782361891.383823,0.002297639846801758
280666,normal,1480,0,1782361891.3858387,0.002015829086303711
280667,normal,3436,0,1782361891.3874612,0.0016224384307861328
280668,normal,1523,0,1782361891.3894594,0.0019981861114501953
280669,normal,3109,1,1782361891.3914974,0.0020380020141601562
280670,normal,1676,0,1782361891.3935199,0.0020225048065185547
280671,normal,515,0,1782361891.3954434,0.0019235610961914062
280672,normal,641,0,1782361891.3974934,0.0020499229431152344
280673,normal,3189,1,1782361891.3995798,0.0020864009857177734
280674,normal,2312,0,1782361891.4017031,0.0021233558654785156
280675,normal,2685,0,1782361891.4035037,0.001800537109375
280676,normal,3691,0,1782361891.4054358,0.0019321441650390625
280677,normal,1996,0,1782361891.4075065,0.0020706653594970703
280678,normal,1233,0,1782361891.4095829,0.002076387405395508
280679,normal,2528,0,1782361891.4114618,0.001878976821899414
280680,normal,3459,0,1782361891.413532,0.002070188522338867
280681,normal,2149,0,1782361891.4155326,0.002000570297241211
280682,normal,1296,0,1782361891.4174807,0.0019481182098388672
280683,normal,87,0,1782361891.4194193,0.0019385814666748047
280684,normal,205,0,1782361891.4216566,0.0022373199462890625
280685,normal,1054,0,1782361891.4235246,0.0018680095672607422
280686,normal,192,0,1782361891.4255304,0.0020058155059814453
280687,normal,1974,0,1782361891.4275339,0.0020034313201904297
280688,normal,3535,0,1782361891.4294538,0.0019199848175048828
280689,normal,572,0,1782361891.4314365,0.0019826889038085938
280690,normal,3411,0,1782361891.4338539,0.002417325973510742
280691,normal,3003,0,1782361891.4357586,0.0019047260284423828
280692,normal,1329,1,1782361891.4374895,0.0017309188842773438
280693,normal,637,0,1782361891.4394894,0.0019998550415039062
280694,normal,3179,1,1782361891.4414873,0.0019979476928710938
280695,normal,2660,0,1782361891.4434917,0.002004384994506836
280696,normal,1929,0,1782361891.445499,0.0020072460174560547
280697,normal,2398,0,1782361891.4474518,0.0019528865814208984
280698,normal,1949,0,1782361891.449639,0.0021872520446777344
280699,normal,1230,0,1782361891.4514709,0.0018317699432373047
280700,normal,1739,0,1782361891.4534655,0.001994609832763672
280701,normal,260,0,1782361891.455461,0.001995563507080078
280702,normal,380,0,1782361891.4574702,0.002009153366088867
280703,normal,3685,0,1782361891.4594562,0.0019860267639160156
280704,normal,3557,0,1782361891.4615586,0.002102375030517578
280705,normal,745,0,1782361891.464163,0.0026044845581054688
280706,normal,692,0,1782361891.4661705,0.0020074844360351562
280707,normal,3371,1,1782361891.4676445,0.0014739036560058594
280708,normal,3005,0,1782361891.4695308,0.0018863677978515625
280709,normal,1474,0,1782361891.4715478,0.0020170211791992188
280710,normal,2586,0,1782361891.4735754,0.0020275115966796875
280711,normal,1649,0,1782361891.4755802,0.002004861831665039
280712,normal,3469,0,1782361891.4774866,0.0019063949584960938
280713,normal,1500,0,1782361891.4795098,0.0020232200622558594
280714,normal,76,0,1782361891.4817781,0.0022683143615722656
280715,normal,679,0,1782361891.4835045,0.001726388931274414
280716,normal,1147,0,1782361891.4855971,0.002092599868774414
280717,normal,3357,1,1782361891.488008,0.002410888671875
280718,normal,451,0,1782361891.4897442,0.0017361640930175781
280719,normal,623,0,1782361891.4915812,0.001837015151977539
280720,normal,1781,0,1782361891.4935787,0.0019974708557128906
280721,normal,3251,1,1782361891.4955761,0.0019974708557128906
280722,normal,2800,0,1782361891.4977624,0.002186298370361328
280723,normal,3117,1,1782361891.4994578,0.001695394515991211
280724,normal,2169,0,1782361891.5014958,0.0020380020141601562
280725,normal,2124,0,1782361891.503543,0.0020470619201660156
280726,normal,2890,0,1782361891.5055912,0.0020482540130615234
280727,normal,3107,1,1782361891.5075328,0.001941680908203125
280728,normal,178,0,1782361891.50943,0.0018970966339111328
280729,normal,631,0,1782361891.5114434,0.0020134449005126953
280730,normal,2741,0,1782361891.5135005,0.0020570755004882812
280731,normal,2224,0,1782361891.5154908,0.0019903182983398438
280732,normal,0,0,1782361891.5177279,0.002237081527709961
280733,normal,1760,0,1782361891.519454,0.0017261505126953125
280734,normal,1032,0,1782361891.521415,0.0019609928131103516
280735,normal,780,2,1782361891.523467,0.0020520687103271484
280736,normal,3118,1,1782361891.5254908,0.0020236968994140625
280737,normal,3439,0,1782361891.5275147,0.002023935317993164
280738,normal,2621,0,1782361891.5299516,0.0024368762969970703
280739,normal,1645,0,1782361891.5316195,0.0016679763793945312
280740,normal,1078,0,1782361891.533521,0.001901388168334961
280741,normal,2404,0,1782361891.5357814,0.002260446548461914
280742,normal,3112,1,1782361891.5375159,0.0017344951629638672
280743,normal,1432,0,1782361891.5395112,0.0019953250885009766
280744,normal,1483,0,1782361891.5414855,0.001974344253540039
280745,normal,3647,0,1782361891.543492,0.00200653076171875
280746,normal,317,0,1782361891.5455134,0.002021312713623047
280747,normal,1083,0,1782361891.547841,0.0023276805877685547
280748,normal,3028,0,1782361891.5496113,0.0017702579498291016
280749,normal,2908,0,1782361891.5515175,0.0019061565399169922
280750,normal,1976,0,1782361891.5534678,0.0019502639770507812
280751,normal,763,0,1782361891.5554733,0.0020055770874023438
280752,normal,629,0,1782361891.5574608,0.001987457275390625
280753,normal,3654,0,1782361891.5594754,0.002014636993408203
280754,normal,2856,0,1782361891.5614586,0.001983165740966797
280755,normal,2396,0,1782361891.563456,0.0019974708557128906
280756,normal,2533,0,1782361891.5658095,0.0023534297943115234
280757,normal,2613,0,1782361891.567657,0.0018475055694580078
280758,normal,1631,0,1782361891.5695832,0.0019261837005615234
280759,normal,1980,0,1782361891.5715907,0.0020074844360351562
280760,normal,1006,2,1782361891.5736072,0.0020165443420410156
280761,normal,3521,0,1782361891.5756035,0.001996278762817383
280762,normal,1689,0,1782361891.577615,0.002011537551879883
280763,normal,2558,0,1782361891.5794368,0.001821756362915039
280764,normal,59,0,1782361891.5819426,0.002505779266357422
280765,normal,1953,0,1782361891.5835948,0.0016522407531738281
280766,normal,2920,0,1782361891.5855544,0.001959562301635742
280767,normal,2330,0,1782361891.5874445,0.0018901824951171875
280768,normal,1950,0,1782361891.58962,0.002175569534301758
280769,normal,244,0,1782361891.5918071,0.002187013626098633
280770,normal,2317,0,1782361891.5934587,0.0016515254974365234
280771,normal,1613,0,1782361891.5954506,0.0019919872283935547
280772,normal,2230,0,1782361891.5974662,0.0020155906677246094
280773,normal,2437,0,1782361891.5996103,0.0021440982818603516
280774,normal,2620,0,1782361891.6015959,0.0019855499267578125
280775,normal,3552,0,1782361891.603603,0.002007007598876953
280776,normal,2991,0,1782361891.6057985,0.002195596694946289
280777,normal,3317,1,1782361891.607501,0.0017025470733642578
280778,normal,462,0,1782361891.609515,0.0020139217376708984
280779,normal,1108,0,1782361891.6114771,0.0019621849060058594
280780,normal,1906,0,1782361891.6134849,0.002007722854614258
280781,normal,1763,0,1782361891.61544,0.0019550323486328125
280782,normal,479,0,1782361891.617516,0.0020761489868164062
280783,normal,3698,0,1782361891.6198728,0.0023567676544189453
280784,normal,2864,0,1782361891.6213892,0.0015163421630859375
280785,normal,1943,0,1782361891.6235015,0.0021123886108398438
280786,normal,552,0,1782361891.6257422,0.0022406578063964844
280787,normal,645,0,1782361891.627476,0.0017337799072265625
280788,normal,2178,0,1782361891.6297278,0.002251863479614258
280789,normal,673,0,1782361891.631501,0.0017731189727783203
280790,normal,1312,0,1782361891.6335487,0.0020477771759033203
280791,normal,1561,0,1782361891.6356795,0.002130746841430664
280792,normal,729,0,1782361891.637632,0.0019524097442626953
280793,normal,116,0,1782361891.6400115,0.0023796558380126953
280794,normal,1985,0,1782361891.6415365,0.0015249252319335938
280795,normal,941,2,1782361891.6436481,0.002111673355102539
280796,normal,1029,2,1782361891.6454406,0.0017924308776855469
280797,normal,2208,0,1782361891.6475167,0.0020761489868164062
280798,normal,2794,0,1782361891.6495004,0.001983642578125
280799,normal,459,0,1782361891.6517215,0.0022211074829101562
280800,normal,632,0,1782361891.6536539,0.001932382583618164
280801,normal,2009,0,1782361891.6554282,0.0017743110656738281
280802,normal,517,0,1782361891.657456,0.002027750015258789
280803,normal,1549,0,1782361891.6594932,0.0020372867584228516
280804,normal,785,2,1782361891.6614573,0.001964092254638672
280805,normal,3527,0,1782361891.6634705,0.0020132064819335938
280806,normal,1775,0,1782361891.6655214,0.0020508766174316406
280807,normal,128,0,1782361891.6679065,0.0023851394653320312
280808,normal,3402,0,1782361891.6699972,0.0020906925201416016
280809,normal,1544,0,1782361891.6715019,0.001504659652709961
280810,normal,3578,0,1782361891.6735845,0.0020825862884521484
280811,normal,2962,0,1782361891.675553,0.0019686222076416016
280812,normal,1574,0,1782361891.677584,0.0020308494567871094
280813,normal,2947,0,1782361891.6795435,0.001959562301635742
280814,normal,3355,1,1782361891.681439,0.0018954277038574219
280815,normal,1896,0,1782361891.6834147,0.0019757747650146484
280816,normal,2089,0,1782361891.6854067,0.0019919872283935547
280817,normal,2170,0,1782361891.6875424,0.002135753631591797
280818,normal,3086,1,1782361891.6896148,0.0020723342895507812
280819,normal,1322,1,1782361891.6915812,0.0019664764404296875
280820,normal,2438,0,1782361891.693585,0.0020036697387695312
280821,normal,1844,0,1782361891.6957278,0.0021429061889648438
280822,normal,299,0,1782361891.697745,0.0020172595977783203
280823,normal,748,0,1782361891.699644,0.0018990039825439453
280824,normal,159,0,1782361891.7014637,0.001819610595703125
280825,normal,497,0,1782361891.7034981,0.002034425735473633
280826,normal,2593,0,1782361891.7062898,0.0027916431427001953
280827,normal,500,0,1782361891.70794,0.0016503334045410156
280828,normal,621,0,1782361891.7095785,0.0016384124755859375
280829,normal,2867,0,1782361891.711576,0.0019974708557128906
280830,normal,2158,0,1782361891.7134955,0.0019195079803466797
280831,normal,3259,1,1782361891.7154837,0.0019881725311279297
280832,normal,3409,0,1782361891.7177095,0.0022258758544921875
280833,normal,2235,0,1782361891.7196174,0.0019078254699707031
280834,normal,2559,0,1782361891.7215903,0.0019729137420654297
280835,normal,822,2,1782361891.7241986,0.0026082992553710938
280836,normal,1457,0,1782361891.725493,0.0012943744659423828
280837,normal,3565,0,1782361891.7275898,0.002096891403198242
280838,normal,3010,0,1782361891.7294765,0.001886606216430664
280839,normal,2825,0,1782361891.7316084,0.002131938934326172
280840,normal,767,0,1782361891.7339075,0.002299070358276367
280841,normal,3682,0,1782361891.7355998,0.0016922950744628906
280842,normal,2274,0,1782361891.737537,0.0019371509552001953
280843,normal,737,0,1782361891.7398913,0.0023543834686279297
280844,normal,3329,1,1782361891.7414927,0.0016014575958251953
280845,normal,676,0,1782361891.7435505,0.002057790756225586
280846,normal,806,2,1782361891.7456067,0.002056121826171875
280847,normal,2357,0,1782361891.747474,0.0018672943115234375
280848,normal,591,0,1782361891.7496207,0.0021467208862304688
280849,normal,2551,0,1782361891.7517772,0.002156496047973633
280850,normal,2203,0,1782361891.7536323,0.0018551349639892578
280851,normal,200,0,1782361891.7554884,0.001856088638305664
280852,normal,2407,0,1782361891.7576501,0.002161741256713867
280853,normal,2827,0,1782361891.7596006,0.0019505023956298828
280854,normal,445,0,1782361891.7615654,0.0019648075103759766
280855,normal,720,0,1782361891.763703,0.0021376609802246094
280856,normal,1448,0,1782361891.766561,0.0028579235076904297
280857,normal,1571,0,1782361891.7675362,0.0009751319885253906
280858,normal,41,0,1782361891.7697093,0.002173185348510742
280859,normal,2303,0,1782361891.7715368,0.0018274784088134766
280860,normal,915,2,1782361891.7735567,0.0020198822021484375
280861,normal,2892,0,1782361891.7756855,0.0021288394927978516
280862,normal,3048,1,1782361891.777852,0.0021665096282958984
280863,normal,2916,0,1782361891.7803566,0.002504587173461914
280864,normal,2957,0,1782361891.781635,0.0012784004211425781
280865,normal,1701,0,1782361891.7834525,0.001817464828491211
280866,normal,1446,0,1782361891.785597,0.0021445751190185547
280867,normal,910,2,1782361891.7875125,0.0019154548645019531
280868,normal,214,0,1782361891.7898664,0.0023539066314697266
280869,normal,1847,0,1782361891.791592,0.0017254352569580078
280870,normal,3032,0,1782361891.7937822,0.0021903514862060547
280871,normal,1452,0,1782361891.7958622,0.0020799636840820312
280872,normal,2695,0,1782361891.7976522,0.0017900466918945312
280873,normal,2408,0,1782361891.7996035,0.0019512176513671875
280874,normal,2298,0,1782361891.801812,0.0022084712982177734
280875,normal,2180,0,1782361891.8036957,0.0018837451934814453
280876,normal,3097,1,1782361891.8054843,0.0017886161804199219
280877,normal,2163,0,1782361891.807572,0.0020875930786132812
280878,normal,1227,0,1782361891.8095121,0.0019402503967285156
280879,normal,2790,0,1782361891.8115945,0.002082347869873047
280880,normal,2544,0,1782361891.8134136,0.0018191337585449219
280881,normal,167,0,1782361891.8154135,0.0019998550415039062
280882,normal,575,0,1782361891.81762,0.002206563949584961
280883,normal,258,0,1782361891.819741,0.0021209716796875
280884,normal,277,0,1782361891.8215215,0.0017805099487304688
280885,normal,2561,0,1782361891.8236973,0.0021758079528808594
280886,normal,920,2,1782361891.825548,0.0018506050109863281
280887,normal,3281,1,1782361891.827626,0.0020780563354492188
280888,normal,1590,0,1782361891.829552,0.0019259452819824219
280889,normal,1942,0,1782361891.8319056,0.002353668212890625
280890,normal,3516,0,1782361891.8338425,0.0019369125366210938
280891,normal,2239,0,1782361891.8354857,0.0016431808471679688
280892,normal,995,2,1782361891.8374903,0.0020046234130859375
280893,normal,2037,0,1782361891.8397696,0.0022792816162109375
280894,normal,563,0,1782361891.8414538,0.0016841888427734375
280895,normal,390,0,1782361891.843537,0.002083301544189453
280896,normal,766,0,1782361891.845631,0.002093791961669922
280897,normal,413,0,1782361891.8476286,0.001997709274291992
280898,normal,2148,0,1782361891.8495653,0.0019366741180419922
280899,normal,3609,0,1782361891.8515189,0.001953601837158203
280900,normal,1551,0,1782361891.853747,0.0022280216217041016
280901,normal,2207,0,1782361891.8554854,0.0017385482788085938
280902,normal,2758,0,1782361891.857722,0.002236604690551758
280903,normal,1529,0,1782361891.8594346,0.0017125606536865234
280904,normal,3655,0,1782361891.861646,0.002211332321166992
280905,normal,703,0,1782361891.8634493,0.0018033981323242188
280906,normal,3386,1,1782361891.8656318,0.002182483673095703
280907,normal,1441,0,1782361891.867423,0.001791238784790039
280908,normal,996,2,1782361891.8698606,0.002437591552734375
280909,normal,2642,0,1782361891.8719888,0.002128124237060547
280910,normal,643,0,1782361891.8736494,0.0016605854034423828
280911,normal,2008,0,1782361891.87543,0.0017807483673095703
280912,normal,2420,0,1782361891.8778007,0.002370595932006836
280913,normal,1031,0,1782361891.8801951,0.002394437789916992
280914,normal,3656,0,1782361891.8814282,0.0012331008911132812
280915,normal,2573,0,1782361891.8835611,0.002132892608642578
280916,normal,2989,0,1782361891.885502,0.0019409656524658203
280917,normal,2062,0,1782361891.8875027,0.002000570297241211
280918,normal,1476,0,1782361891.8894176,0.00191497802734375
280919,normal,386,0,1782361891.891434,0.002016305923461914
280920,normal,1264,0,1782361891.8935084,0.0020744800567626953
280921,normal,3103,1,1782361891.8954227,0.0019142627716064453
280922,normal,1946,0,1782361891.8974333,0.0020105838775634766
280923,normal,3707,0,1782361891.8995764,0.0021431446075439453
280924,normal,2084,0,1782361891.9015267,0.0019502639770507812
280925,normal,1630,0,1782361891.9035177,0.0019910335540771484
280926,normal,2772,0,1782361891.9055166,0.0019989013671875
280927,normal,3282,1,1782361891.9076786,0.0021619796752929688
280928,normal,3385,1,1782361891.9097602,0.002081632614135742
280929,normal,2090,0,1782361891.9115636,0.0018033981323242188
280930,normal,306,0,1782361891.9135895,0.0020258426666259766
280931,normal,2349,0,1782361891.9155824,0.001992940902709961
280932,normal,2723,0,1782361891.91765,0.00206756591796875
280933,normal,371,0,1782361891.9195328,0.001882791519165039
280934,normal,3291,1,1782361891.9215348,0.0020020008087158203
280935,normal,812,2,1782361891.923522,0.0019872188568115234
280936,normal,3013,0,1782361891.925553,0.002031087875366211
280937,normal,2095,0,1782361891.9274378,0.0018846988677978516
280938,normal,213,0,1782361891.9295952,0.002157449722290039
280939,normal,2042,0,1782361891.9314823,0.0018870830535888672
280940,normal,779,2,1782361891.933436,0.001953601837158203
280941,normal,71,0,1782361891.9354947,0.002058744430541992
280942,normal,3173,1,1782361891.9374669,0.001972198486328125
280943,normal,209,0,1782361891.9394608,0.001993894577026367
280944,normal,2974,0,1782361891.9419668,0.0025060176849365234
280945,normal,1344,1,1782361891.9436007,0.0016338825225830078
280946,normal,1793,0,1782361891.945654,0.0020532608032226562
280947,normal,1894,0,1782361891.9476516,0.001997709274291992
280948,normal,2211,0,1782361891.9495106,0.0018589496612548828
280949,normal,1485,0,1782361891.9514835,0.0019729137420654297
280950,normal,2015,0,1782361891.9534729,0.0019893646240234375
280951,normal,2184,0,1782361891.9554706,0.001997709274291992
280952,normal,1299,0,1782361891.9574814,0.002010822296142578
280953,normal,1506,0,1782361891.9598083,0.00232696533203125
280954,normal,827,2,1782361891.961661,0.0018527507781982422
280955,normal,1787,0,1782361891.963536,0.0018749237060546875
280956,normal,231,0,1782361891.9655309,0.0019948482513427734
280957,normal,75,0,1782361891.9675293,0.001998424530029297
280958,normal,811,2,1782361891.969505,0.0019757747650146484
280959,normal,1208,0,1782361891.971485,0.001979827880859375
280960,normal,3002,0,1782361891.9734828,0.0019979476928710938
280961,normal,3163,1,1782361891.9761827,0.0026998519897460938
280962,normal,2747,0,1782361891.9776492,0.001466512680053711
280963,normal,3683,0,1782361891.9796185,0.0019693374633789062
280964,normal,1723,0,1782361891.9815824,0.0019638538360595703
280965,normal,3138,1,1782361891.9835727,0.0019903182983398438
280966,normal,478,0,1782361891.9858072,0.0022344589233398438
280967,normal,2214,0,1782361891.9875853,0.0017781257629394531
280968,normal,1546,0,1782361891.9895303,0.0019450187683105469
280969,normal,2088,0,1782361891.991653,0.002122640609741211
280970,normal,3284,1,1782361891.9937513,0.0020983219146728516
280971,normal,3584,0,1782361891.995653,0.0019016265869140625
280972,normal,2512,0,1782361891.9975693,0.0019164085388183594
280973,normal,1859,0,1782361891.9999444,0.0023751258850097656
280974,normal,1172,0,1782361892.0022137,0.002269268035888672
280975,normal,1316,0,1782361892.0036113,0.0013976097106933594
280976,normal,2430,0,1782361892.0054955,0.0018842220306396484
280977,normal,3245,1,1782361892.0074468,0.0019512176513671875
280978,normal,3285,1,1782361892.009474,0.002027273178100586
280979,normal,3180,1,1782361892.0116415,0.0021674633026123047
280980,normal,48,0,1782361892.0134552,0.001813650131225586
280981,normal,2151,0,1782361892.015619,0.0021638870239257812
280982,normal,1897,0,1782361892.0174096,0.0017905235290527344
280983,normal,2260,0,1782361892.0194378,0.002028226852416992
280984,normal,168,0,1782361892.0214314,0.0019936561584472656
280985,normal,1193,0,1782361892.0235121,0.002080678939819336
280986,normal,248,0,1782361892.0255337,0.0020215511322021484
280987,normal,1747,0,1782361892.0275424,0.002008676528930664
280988,normal,1095,0,1782361892.0302825,0.002740144729614258
280989,normal,2902,0,1782361892.0316854,0.0014028549194335938
280990,normal,2007,0,1782361892.0334458,0.0017604827880859375
280991,normal,3208,1,1782361892.0355008,0.002054929733276367
280992,normal,1797,0,1782361892.0375543,0.002053499221801758
280993,normal,540,0,1782361892.0395544,0.002000093460083008
280994,normal,1863,0,1782361892.0415137,0.0019593238830566406
280995,normal,3072,1,1782361892.043703,0.0021893978118896484
280996,normal,1152,0,1782361892.045475,0.0017719268798828125
280997,normal,2900,0,1782361892.0474792,0.0020041465759277344
280998,normal,1121,0,1782361892.0495036,0.002024412155151367
280999,normal,794,2,1782361892.0514624,0.0019588470458984375
281000,normal,3418,0,1782361892.053465,0.0020024776458740234
281001,normal,2589,0,1782361892.0555956,0.002130746841430664
281002,normal,132,0,1782361892.0574808,0.0018851757049560547
281003,normal,2111,0,1782361892.0596032,0.0021224021911621094
281004,normal,921,2,1782361892.0616584,0.0020551681518554688
281005,normal,2168,0,1782361892.0634937,0.0018353462219238281
281006,normal,3629,0,1782361892.065514,0.0020203590393066406
281007,normal,486,0,1782361892.0675733,0.0020592212677001953
281008,normal,1456,0,1782361892.0695484,0.0019750595092773438
281009,normal,885,2,1782361892.0714374,0.0018889904022216797
281010,normal,2162,0,1782361892.0735958,0.0021584033966064453
281011,normal,1279,0,1782361892.0757282,0.002132415771484375
281012,normal,3221,1,1782361892.0776868,0.001958608627319336
281013,normal,1593,0,1782361892.0795362,0.0018494129180908203
281014,normal,2846,0,1782361892.0825098,0.0029735565185546875
281015,normal,3628,0,1782361892.0835443,0.0010344982147216797
281016,normal,3560,0,1782361892.0855641,0.0020198822021484375
281017,normal,3223,1,1782361892.087509,0.0019447803497314453
281018,normal,2662,0,1782361892.089507,0.0019981861114501953
281019,normal,2632,0,1782361892.0914748,0.0019676685333251953
281020,normal,40,0,1782361892.093449,0.001974344253540039
281021,normal,3393,1,1782361892.095469,0.0020198822021484375
281022,normal,2781,0,1782361892.0974634,0.0019943714141845703
281023,normal,362,0,1782361892.0994666,0.002003192901611328
281024,normal,892,2,1782361892.1015825,0.002115964889526367
281025,normal,2575,0,1782361892.103541,0.0019583702087402344
281026,normal,1834,0,1782361892.1055665,0.002025604248046875
281027,normal,2243,0,1782361892.1075685,0.0020020008087158203
281028,normal,2136,0,1782361892.1096416,0.002073049545288086
281029,normal,1036,0,1782361892.1116505,0.0020089149475097656
281030,normal,1670,0,1782361892.1135585,0.0019080638885498047
281031,normal,934,2,1782361892.1155636,0.0020051002502441406
281032,normal,224,0,1782361892.117653,0.002089262008666992
281033,normal,2671,0,1782361892.1197026,0.002049684524536133
281034,normal,2091,0,1782361892.1215374,0.001834869384765625
281035,normal,2838,0,1782361892.123514,0.001976490020751953
281036,normal,2099,0,1782361892.1254604,0.0019464492797851562
281037,normal,3054,1,1782361892.1274765,0.0020160675048828125
281038,normal,53,0,1782361892.1294692,0.0019927024841308594
281039,normal,2553,0,1782361892.1315613,0.002092123031616211
281040,normal,1473,0,1782361892.133488,0.0019266605377197266
281041,normal,3071,1,1782361892.1354837,0.0019958019256591797
281042,normal,2530,0,1782361928.5872762,0.0
281043,normal,144,0,1782361928.5893745,0.0020983219146728516
281044,normal,784,2,1782361928.5912762,0.0019016265869140625
281045,normal,2769,0,1782361928.593215,0.0019388198852539062
281046,normal,1284,0,1782361928.595254,0.0020389556884765625
281047,normal,2688,0,1782361928.5972195,0.0019655227661132812
281048,normal,1270,0,1782361928.5994835,0.0022640228271484375
281049,normal,2798,0,1782361928.6013694,0.0018858909606933594
281050,normal,371,0,1782361928.6035955,0.002226114273071289
281051,normal,1090,0,1782361928.6053889,0.0017933845520019531
281052,normal,3026,0,1782361928.607704,0.002315044403076172
281053,normal,1492,0,1782361928.6094913,0.001787424087524414
281054,normal,413,0,1782361928.611416,0.001924753189086914
281055,normal,2815,0,1782361928.613264,0.001847982406616211
281056,normal,729,0,1782361928.6152189,0.001954793930053711
281057,normal,1705,0,1782361928.6173253,0.0021064281463623047
281058,normal,1233,0,1782361928.6192691,0.001943826675415039
281059,normal,286,0,1782361928.6212296,0.0019605159759521484
281060,normal,3284,1,1782361928.6233299,0.002100229263305664
281061,normal,3388,1,1782361928.6252859,0.0019559860229492188
281062,normal,1876,0,1782361928.6273122,0.0020263195037841797
281063,normal,991,2,1782361928.6292257,0.0019135475158691406
281064,normal,1891,0,1782361928.631451,0.002225160598754883
281065,normal,3383,1,1782361928.63327,0.0018191337585449219
281066,normal,3241,1,1782361928.6354637,0.0021936893463134766
281067,normal,3351,1,1782361928.6372907,0.0018270015716552734
281068,normal,1687,0,1782361928.6394308,0.002140045166015625
281069,normal,470,0,1782361928.641321,0.0018901824951171875
281070,normal,3114,1,1782361928.6434462,0.002125263214111328
281071,normal,2098,0,1782361928.6452963,0.001850128173828125
281072,normal,439,0,1782361928.6474204,0.0021240711212158203
281073,normal,1535,0,1782361928.6494548,0.002034425735473633
281074,normal,2449,0,1782361928.6514497,0.0019948482513427734
281075,normal,2371,0,1782361928.6532793,0.0018296241760253906
281076,normal,829,2,1782361928.6554332,0.0021538734436035156
281077,normal,3362,1,1782361928.6572843,0.0018510818481445312
281078,normal,2559,0,1782361928.6593862,0.002101898193359375
281079,normal,3626,0,1782361928.6614385,0.00205230712890625
281080,normal,314,0,1782361928.6632972,0.0018587112426757812
281081,normal,941,2,1782361928.665375,0.002077817916870117
281082,normal,3502,0,1782361928.667373,0.0019979476928710938
281083,normal,258,0,1782361928.6692245,0.0018515586853027344
281084,normal,2151,0,1782361928.671286,0.002061605453491211
281085,normal,390,0,1782361928.6732612,0.0019750595092773438
281086,normal,2413,0,1782361928.6752567,0.001995563507080078
281087,normal,139,0,1782361928.6773422,0.002085447311401367
281088,normal,929,2,1782361928.6792505,0.0019083023071289062
281089,normal,1675,0,1782361928.6812778,0.002027273178100586
281090,normal,2843,0,1782361928.6834137,0.0021359920501708984
281091,normal,1259,0,1782361928.6853607,0.0019469261169433594
281092,normal,3282,1,1782361928.6872602,0.0018994808197021484
281093,normal,786,2,1782361928.6893182,0.0020580291748046875
281094,normal,311,0,1782361928.691262,0.001943826675415039
281095,normal,700,0,1782361928.6932337,0.001971721649169922
281096,normal,2392,0,1782361928.6952512,0.002017498016357422
281097,normal,58,0,1782361928.6972299,0.001978635787963867
281098,normal,52,0,1782361928.6992412,0.0020112991333007812
281099,normal,3005,0,1782361928.7012382,0.0019969940185546875
281100,normal,3568,0,1782361928.703267,0.002028942108154297
281101,normal,137,0,1782361928.7052298,0.0019626617431640625
281102,normal,2056,0,1782361928.707291,0.002061128616333008
281103,normal,1576,0,1782361928.709388,0.0020971298217773438
281104,normal,911,2,1782361928.7112932,0.001905202865600586
281105,normal,735,0,1782361928.7134151,0.0021219253540039062
281106,normal,1626,0,1782361928.7154143,0.0019991397857666016
281107,normal,2517,0,1782361928.7172992,0.0018849372863769531
281108,normal,3076,1,1782361928.7194295,0.002130270004272461
281109,normal,2508,0,1782361928.7212958,0.0018663406372070312
281110,normal,1853,0,1782361928.7233944,0.002098560333251953
281111,normal,2019,0,1782361928.7252986,0.0019042491912841797
281112,normal,957,2,1782361928.7274134,0.0021147727966308594
281113,normal,1087,0,1782361928.7292957,0.001882314682006836
281114,normal,1727,0,1782361928.7313852,0.0020895004272460938
281115,normal,1506,0,1782361928.7334137,0.0020284652709960938
281116,normal,2597,0,1782361928.73526,0.0018463134765625
281117,normal,162,0,1782361928.7373908,0.002130746841430664
281118,normal,3408,0,1782361928.7394147,0.002023935317993164
281119,normal,1819,0,1782361928.7412972,0.0018825531005859375
281120,normal,3168,1,1782361928.743384,0.002086639404296875
281121,normal,815,2,1782361928.7454255,0.0020415782928466797
281122,normal,2860,0,1782361928.7472615,0.0018360614776611328
281123,normal,2363,0,1782361928.7493992,0.0021376609802246094
281124,normal,301,0,1782361928.7514126,0.0020134449005126953
281125,normal,319,0,1782361928.7532954,0.001882791519165039
281126,normal,1562,0,1782361928.7553742,0.0020787715911865234
281127,normal,1189,0,1782361928.7574255,0.0020513534545898438
281128,normal,2620,0,1782361928.759287,0.001861572265625
281129,normal,651,0,1782361928.7613623,0.0020751953125
281130,normal,2652,0,1782361928.7634153,0.0020530223846435547
281131,normal,2761,0,1782361928.765308,0.0018925666809082031
281132,normal,1098,0,1782361928.7673602,0.00205230712890625
281133,normal,760,0,1782361928.7694154,0.0020551681518554688
281134,normal,3075,1,1782361928.771299,0.0018835067749023438
281135,normal,1269,0,1782361928.7733793,0.0020804405212402344
281136,normal,1165,0,1782361928.775415,0.0020356178283691406
281137,normal,1446,0,1782361928.777287,0.0018720626831054688
281138,normal,3569,0,1782361928.779364,0.0020771026611328125
281139,normal,1127,0,1782361928.781415,0.0020508766174316406
281140,normal,2339,0,1782361928.7832856,0.0018706321716308594
281141,normal,3472,0,1782361928.7853725,0.0020868778228759766
281142,normal,1467,0,1782361928.7872448,0.0018723011016845703
281143,normal,1185,0,1782361928.7892013,0.001956462860107422
281144,normal,3657,0,1782361928.7912407,0.0020394325256347656
281145,normal,2645,0,1782361928.7932332,0.001992464065551758
281146,normal,1096,0,1782361928.795204,0.0019707679748535156
281147,normal,3583,0,1782361928.7972686,0.0020647048950195312
281148,normal,377,0,1782361928.7992396,0.001971006393432617
281149,normal,68,0,1782361928.8012207,0.001981019973754883
281150,normal,3692,0,1782361928.803241,0.0020203590393066406
281151,normal,2895,0,1782361928.8052456,0.0020046234130859375
281152,normal,2509,0,1782361928.8072014,0.001955747604370117
281153,normal,1691,0,1782361928.8092628,0.0020613670349121094
281154,normal,890,2,1782361928.8112376,0.001974821090698242
281155,normal,229,0,1782361928.8132226,0.0019850730895996094
281156,normal,2672,0,1782361928.815208,0.001985311508178711
281157,normal,841,2,1782361928.8172193,0.0020112991333007812
281158,normal,2277,0,1782361928.8191977,0.0019783973693847656
281159,normal,2937,0,1782361928.8212147,0.0020170211791992188
281160,normal,571,0,1782361928.8232377,0.002022981643676758
281161,normal,758,0,1782361928.8251927,0.0019550323486328125
281162,normal,2642,0,1782361928.827268,0.0020751953125
281163,normal,2877,0,1782361928.8292973,0.0020294189453125
281164,normal,1802,0,1782361928.8312287,0.0019314289093017578
281165,normal,2152,0,1782361928.8332078,0.0019791126251220703
281166,normal,2905,0,1782361928.8353004,0.002092599868774414
281167,normal,204,0,1782361928.8371947,0.001894235610961914
281168,normal,2463,0,1782361928.8393154,0.0021207332611083984
281169,normal,3603,0,1782361928.8413048,0.0019893646240234375
281170,normal,668,0,1782361928.8431966,0.0018918514251708984
281171,normal,3658,0,1782361928.8453033,0.0021066665649414062
281172,normal,3579,0,1782361928.8472965,0.0019931793212890625
281173,normal,992,2,1782361928.8492334,0.0019369125366210938
281174,normal,2425,0,1782361928.8512099,0.001976490020751953
281175,normal,1120,0,1782361928.8532956,0.0020856857299804688
281176,normal,339,0,1782361928.8552074,0.0019118785858154297
281177,normal,101,0,1782361928.8573136,0.002106189727783203
281178,normal,3342,1,1782361928.8593037,0.001990079879760742
281179,normal,644,0,1782361928.861249,0.0019452571868896484
281180,normal,1699,0,1782361928.8632896,0.0020406246185302734
281181,normal,2932,0,1782361928.8653386,0.002048969268798828
281182,normal,1851,0,1782361928.8672638,0.0019252300262451172
281183,normal,1543,0,1782361928.8692977,0.0020339488983154297
281184,normal,2767,0,1782361928.8712862,0.0019884109497070312
281185,normal,3176,1,1782361928.873233,0.0019469261169433594
281186,normal,3009,0,1782361928.8752384,0.002005338668823242
281187,normal,2516,0,1782361928.877285,0.0020465850830078125
281188,normal,2629,0,1782361928.8792548,0.0019698143005371094
281189,normal,306,0,1782361928.8813095,0.0020546913146972656
281190,normal,2097,0,1782361928.8833418,0.0020322799682617188
281191,normal,3524,0,1782361928.8852267,0.0018849372863769531
281192,normal,807,2,1782361928.8872216,0.0019948482513427734
281193,normal,2927,0,1782361928.8892367,0.0020151138305664062
281194,normal,2146,0,1782361928.8912075,0.0019707679748535156
281195,normal,2744,0,1782361928.8933141,0.0021066665649414062
281196,normal,1477,0,1782361928.895233,0.001918792724609375
281197,normal,2474,0,1782361928.8972092,0.0019762516021728516
281198,normal,2935,0,1782361928.8992524,0.0020432472229003906
281199,normal,1432,0,1782361928.9012508,0.001998424530029297
281200,normal,3382,1,1782361928.9032083,0.001957416534423828
281201,normal,1442,0,1782361928.905219,0.002010822296142578
281202,normal,2486,0,1782361928.9072251,0.002006053924560547
281203,normal,1520,0,1782361928.90921,0.001984834671020508
281204,normal,1342,1,1782361928.9112601,0.002050161361694336
281205,normal,2591,0,1782361928.9132233,0.0019631385803222656
281206,normal,1073,0,1782361928.915243,0.002019643783569336
281207,normal,1160,0,1782361928.917221,0.001978158950805664
281208,normal,972,2,1782361928.9192197,0.0019986629486083984
281209,normal,2192,0,1782361928.9214594,0.002239704132080078
281210,normal,2317,0,1782361928.9232466,0.0017871856689453125
281211,normal,3673,0,1782361928.925482,0.00223541259765625
281212,normal,1292,0,1782361928.9272707,0.0017886161804199219
281213,normal,933,2,1782361928.9294708,0.0022001266479492188
281214,normal,1322,1,1782361928.9312544,0.001783609390258789
281215,normal,1494,0,1782361928.9332016,0.001947164535522461
281216,normal,2437,0,1782361928.9353395,0.002137899398803711
281217,normal,3127,1,1782361928.9373207,0.0019812583923339844
281218,normal,3300,1,1782361928.9392269,0.0019061565399169922
281219,normal,2874,0,1782361928.9412515,0.0020246505737304688
281220,normal,868,2,1782361928.9433281,0.0020766258239746094
281221,normal,1018,2,1782361928.9452136,0.0018854141235351562
281222,normal,3036,0,1782361928.947351,0.002137422561645508
281223,normal,1538,0,1782361928.9493413,0.0019903182983398438
281224,normal,3136,1,1782361928.9511862,0.0018448829650878906
281225,normal,1784,0,1782361928.9533207,0.002134561538696289
281226,normal,285,0,1782361928.9553037,0.0019829273223876953
281227,normal,2252,0,1782361928.9572144,0.0019106864929199219
281228,normal,1416,0,1782361928.959293,0.002078533172607422
281229,normal,1725,0,1782361928.9612854,0.001992464065551758
281230,normal,3341,1,1782361928.963216,0.0019307136535644531
281231,normal,80,0,1782361928.965228,0.002012014389038086
281232,normal,2959,0,1782361928.967222,0.001993894577026367
281233,normal,1735,0,1782361928.9692707,0.0020487308502197266
281234,normal,1688,0,1782361928.9712908,0.002020120620727539
281235,normal,3477,0,1782361928.9733036,0.0020127296447753906
281236,normal,1223,0,1782361928.9751935,0.001889944076538086
281237,normal,691,0,1782361928.9773138,0.0021202564239501953
281238,normal,115,0,1782361928.9792898,0.00197601318359375
281239,normal,1792,0,1782361928.9812214,0.0019316673278808594
281240,normal,3294,1,1782361928.9833126,0.0020911693572998047
281241,normal,99,0,1782361928.9852922,0.0019795894622802734
281242,normal,2067,0,1782361928.987234,0.0019419193267822266
281243,normal,2821,0,1782361928.9893296,0.002095460891723633
281244,normal,792,2,1782361928.9912944,0.0019648075103759766
281245,normal,3671,0,1782361928.9931953,0.0019009113311767578
281246,normal,293,0,1782361928.9954326,0.0022373199462890625
281247,normal,117,0,1782361928.9971993,0.0017666816711425781
281248,normal,3668,0,1782361928.9993114,0.002112150192260742
281249,normal,787,2,1782361929.0012226,0.001911163330078125
281250,normal,589,0,1782361929.0033023,0.0020797252655029297
281251,normal,1992,0,1782361929.0051959,0.0018935203552246094
281252,normal,657,0,1782361929.0073195,0.002123594284057617
281253,normal,100,0,1782361929.0092883,0.001968860626220703
281254,normal,1916,0,1782361929.0111978,0.001909494400024414
281255,normal,1311,0,1782361929.0133727,0.002174854278564453
281256,normal,70,0,1782361929.0154,0.002027273178100586
281257,normal,1586,0,1782361929.0171888,0.0017888545989990234
281258,normal,524,0,1782361929.0193226,0.0021338462829589844
281259,normal,2687,0,1782361929.0212357,0.0019130706787109375
281260,normal,3527,0,1782361929.0231922,0.001956462860107422
281261,normal,404,0,1782361929.025219,0.002026796340942383
281262,normal,190,0,1782361929.027217,0.0019979476928710938
281263,normal,3278,1,1782361929.0292196,0.002002716064453125
281264,normal,2335,0,1782361929.0312579,0.002038240432739258
281265,normal,3268,1,1782361929.033218,0.0019600391387939453
281266,normal,2311,0,1782361929.0351937,0.0019757747650146484
281267,normal,3035,0,1782361929.0372145,0.0020208358764648438
281268,normal,3409,0,1782361929.0392203,0.0020058155059814453
281269,normal,2830,0,1782361929.041192,0.001971721649169922
281270,normal,1254,0,1782361929.0432196,0.0020275115966796875
281271,normal,3650,0,1782361929.04525,0.0020303726196289062
281272,normal,3139,1,1782361929.0472085,0.001958608627319336
281273,normal,746,0,1782361929.0492167,0.002008199691772461
281274,normal,1405,0,1782361929.051244,0.002027273178100586
281275,normal,2686,0,1782361929.053252,0.0020079612731933594
281276,normal,267,0,1782361929.0552516,0.0019996166229248047
281277,normal,3153,1,1782361929.0572412,0.001989603042602539
281278,normal,1030,0,1782361929.0593026,0.0020613670349121094
281279,normal,3387,1,1782361929.0612848,0.0019822120666503906
281280,normal,3598,0,1782361929.0632691,0.0019843578338623047
281281,normal,2939,0,1782361929.0652268,0.0019576549530029297
281282,normal,1437,0,1782361929.0672436,0.002016782760620117
281283,normal,3411,0,1782361929.0692697,0.002026081085205078
281284,normal,1733,0,1782361929.0712125,0.0019428730010986328
281285,normal,3104,1,1782361929.073239,0.0020265579223632812
281286,normal,2089,0,1782361929.0752406,0.002001523971557617
281287,normal,2125,0,1782361929.0772586,0.002017974853515625
281288,normal,3523,0,1782361929.079262,0.0020034313201904297
281289,normal,3290,1,1782361929.08125,0.001987934112548828
281290,normal,3118,1,1782361929.0832071,0.0019571781158447266
281291,normal,967,2,1782361929.085238,0.0020308494567871094
281292,normal,2893,0,1782361929.0872605,0.0020225048065185547
281293,normal,3101,1,1782361929.089207,0.0019464492797851562
281294,normal,1355,1,1782361929.0912404,0.0020334720611572266
281295,normal,591,0,1782361929.0932543,0.0020139217376708984
281296,normal,2124,0,1782361929.0952125,0.001958131790161133
281297,normal,247,0,1782361929.0972526,0.0020401477813720703
281298,normal,3293,1,1782361929.0992389,0.001986265182495117
281299,normal,960,2,1782361929.1016297,0.0023908615112304688
281300,normal,683,0,1782361929.1036382,0.0020084381103515625
281301,normal,3339,1,1782361929.1052933,0.0016551017761230469
281302,normal,469,0,1782361929.107246,0.0019526481628417969
281303,normal,3561,0,1782361929.1093163,0.0020704269409179688
281304,normal,2185,0,1782361929.1112425,0.0019261837005615234
281305,normal,38,0,1782361929.1132157,0.0019731521606445312
281306,normal,2592,0,1782361929.115328,0.0021123886108398438
281307,normal,2201,0,1782361929.1172838,0.001955747604370117
281308,normal,541,0,1782361929.1192842,0.0020003318786621094
281309,normal,2705,0,1782361929.1212344,0.0019502639770507812
281310,normal,3543,0,1782361929.1233313,0.002096891403198242
281311,normal,1172,0,1782361929.1252446,0.001913309097290039
281312,normal,796,2,1782361929.127279,0.002034425735473633
281313,normal,3228,1,1782361929.1292844,0.002005338668823242
281314,normal,3678,0,1782361929.1312904,0.002006053924560547
281315,normal,3142,1,1782361929.133204,0.0019135475158691406
281316,normal,1867,0,1782361929.1353147,0.002110719680786133
281317,normal,1482,0,1782361929.137241,0.0019261837005615234
281318,normal,3040,0,1782361929.1393268,0.0020859241485595703
281319,normal,1760,0,1782361929.1413026,0.0019757747650146484
281320,normal,1003,2,1782361929.1432948,0.0019922256469726562
281321,normal,3225,1,1782361929.1452065,0.0019116401672363281
281322,normal,1605,0,1782361929.1473272,0.0021207332611083984
281323,normal,1476,0,1782361929.149197,0.0018699169158935547
281324,normal,401,0,1782361929.151305,0.002107858657836914
281325,normal,889,2,1782361929.1533175,0.002012491226196289
281326,normal,1119,0,1782361929.1552691,0.0019516944885253906
281327,normal,2793,0,1782361929.1572437,0.0019745826721191406
281328,normal,495,0,1782361929.159293,0.0020492076873779297
281329,normal,1526,0,1782361929.1612525,0.001959562301635742
281330,normal,1794,0,1782361929.1632435,0.0019910335540771484
281331,normal,2453,0,1782361929.1652968,0.0020532608032226562
281332,normal,143,0,1782361929.1672704,0.0019736289978027344
281333,normal,1544,0,1782361929.1692379,0.0019674301147460938
281334,normal,824,2,1782361929.171295,0.0020570755004882812
281335,normal,1264,0,1782361929.1732795,0.0019845962524414062
281336,normal,391,0,1782361929.175238,0.0019583702087402344
281337,normal,3682,0,1782361929.1772969,0.0020589828491210938
281338,normal,3031,0,1782361929.1792386,0.001941680908203125
281339,normal,646,0,1782361929.181237,0.001998424530029297
281340,normal,3232,1,1782361929.1832948,0.002057790756225586
281341,normal,712,0,1782361929.185273,0.001978158950805664
281342,normal,871,2,1782361929.1872706,0.001997709274291992
281343,normal,1807,0,1782361929.1892946,0.002023935317993164
281344,normal,2900,0,1782361929.1912746,0.0019800662994384766
281345,normal,3014,0,1782361929.193239,0.0019643306732177734
281346,normal,1436,0,1782361929.1952944,0.0020554065704345703
281347,normal,2544,0,1782361929.1972492,0.001954793930053711
281348,normal,2111,0,1782361929.199247,0.001997709274291992
281349,normal,2915,0,1782361929.2012956,0.0020487308502197266
281350,normal,3567,0,1782361929.2032764,0.0019807815551757812
281351,normal,472,0,1782361929.2052433,0.0019669532775878906
281352,normal,3566,0,1782361929.2072966,0.0020532608032226562
281353,normal,3311,1,1782361929.209277,0.001980304718017578
281354,normal,1187,0,1782361929.2112558,0.0019788742065429688
281355,normal,3669,0,1782361929.2132769,0.0020210742950439453
281356,normal,2380,0,1782361929.21524,0.0019631385803222656
281357,normal,2499,0,1782361929.2172441,0.0020041465759277344
281358,normal,2721,0,1782361929.2193143,0.002070188522338867
281359,normal,47,0,1782361929.221279,0.001964569091796875
281360,normal,2665,0,1782361929.2232409,0.001961946487426758
281361,normal,673,0,1782361929.2253003,0.002059459686279297
281362,normal,1572,0,1782361929.2272718,0.0019714832305908203
281363,normal,1905,0,1782361929.2292385,0.001966714859008789
281364,normal,3312,1,1782361929.2312968,0.002058267593383789
281365,normal,1564,0,1782361929.233257,0.001960277557373047
281366,normal,1698,0,1782361929.2352383,0.0019812583923339844
281367,normal,126,0,1782361929.2372944,0.002056121826171875
281368,normal,3412,0,1782361929.2392595,0.001965045928955078
281369,normal,1286,0,1782361929.2412457,0.001986265182495117
281370,normal,705,0,1782361929.2432933,0.0020475387573242188
281371,normal,3060,1,1782361929.2452383,0.0019450187683105469
281372,normal,1126,0,1782361929.2472415,0.002003192901611328
281373,normal,163,0,1782361929.2492948,0.0020532608032226562
281374,normal,3620,0,1782361929.251239,0.0019443035125732422
281375,normal,1364,1,1782361929.253249,0.002009868621826172
281376,normal,3205,1,1782361929.255308,0.0020589828491210938
281377,normal,3404,0,1782361929.25724,0.0019321441650390625
281378,normal,1469,0,1782361929.2592475,0.0020074844360351562
281379,normal,1301,0,1782361929.261298,0.0020503997802734375
281380,normal,1881,0,1782361929.2632482,0.0019502639770507812
281381,normal,2153,0,1782361929.2652087,0.0019605159759521484
281382,normal,84,0,1782361929.2672522,0.002043485641479492
281383,normal,2527,0,1782361929.2691927,0.0019404888153076172
281384,normal,3492,0,1782361929.271286,0.0020933151245117188
281385,normal,946,2,1782361929.2732334,0.0019474029541015625
281386,normal,2984,0,1782361929.2751908,0.001957416534423828
281387,normal,1971,0,1782361929.2772567,0.002065896987915039
281388,normal,1431,0,1782361929.2792926,0.002035856246948242
281389,normal,1584,0,1782361929.2812428,0.0019502639770507812
281390,normal,3701,0,1782361929.283247,0.0020041465759277344
281391,normal,2853,0,1782361929.2852952,0.0020482540130615234
281392,normal,2858,0,1782361929.2872438,0.0019485950469970703
281393,normal,221,0,1782361929.2892458,0.0020020008087158203
281394,normal,728,0,1782361929.2912922,0.002046346664428711
281395,normal,2962,0,1782361929.2932475,0.001955270767211914
281396,normal,27,0,1782361929.2952397,0.0019922256469726562
281397,normal,2710,0,1782361929.297487,0.002247333526611328
281398,normal,623,0,1782361929.2992806,0.0017936229705810547
281399,normal,3413,0,1782361929.3014023,0.0021216869354248047
281400,normal,2373,0,1782361929.3033087,0.0019063949584960938
281401,normal,1740,0,1782361929.305199,0.0018901824951171875
281402,normal,1757,0,1782361929.3072212,0.002022266387939453
281403,normal,3437,0,1782361929.3092408,0.002019643783569336
281404,normal,2244,0,1782361929.3112185,0.001977682113647461
281405,normal,2985,0,1782361929.3132234,0.002004861831665039
281406,normal,2398,0,1782361929.315237,0.002013683319091797
281407,normal,917,2,1782361929.3172293,0.0019922256469726562
281408,normal,2261,0,1782361929.31922,0.001990795135498047
281409,normal,891,2,1782361929.3212337,0.002013683319091797
281410,normal,3206,1,1782361929.3232157,0.001981973648071289
281411,normal,1898,0,1782361929.3252509,0.0020351409912109375
281412,normal,2677,0,1782361929.3272724,0.0020215511322021484
281413,normal,3519,0,1782361929.3292022,0.0019297599792480469
281414,normal,3428,0,1782361929.3312163,0.00201416015625
281415,normal,1178,0,1782361929.3332362,0.0020198822021484375
281416,normal,1202,0,1782361929.3352137,0.0019774436950683594
281417,normal,3662,0,1782361929.3372185,0.002004861831665039
281418,normal,3359,1,1782361929.3392346,0.0020160675048828125
281419,normal,3344,1,1782361929.3412144,0.001979827880859375
281420,normal,1026,2,1782361929.3432362,0.00202178955078125
281421,normal,2662,0,1782361929.3452477,0.002011537551879883
281422,normal,166,0,1782361929.3472197,0.0019719600677490234
281423,normal,3045,1,1782361929.3494608,0.0022411346435546875
281424,normal,1205,0,1782361929.3513095,0.0018486976623535156
281425,normal,3223,1,1782361929.353261,0.001951456069946289
281426,normal,1512,0,1782361929.3552775,0.0020165443420410156
281427,normal,1501,0,1782361929.3572936,0.0020160675048828125
281428,normal,1015,2,1782361929.3592854,0.001991748809814453
281429,normal,1970,0,1782361929.3612185,0.0019330978393554688
281430,normal,3324,1,1782361929.3634305,0.002212047576904297
281431,normal,2048,0,1782361929.3652525,0.0018219947814941406
281432,normal,1639,0,1782361929.3673742,0.0021216869354248047
281433,normal,357,0,1782361929.3694005,0.0020263195037841797
281434,normal,13,0,1782361929.3712509,0.0018503665924072266
281435,normal,0,0,1782361929.3732517,0.0020008087158203125
281436,normal,31,0,1782361929.375401,0.002149343490600586
281437,normal,1104,0,1782361929.3772516,0.0018506050109863281
281438,normal,2879,0,1782361929.3792212,0.001969575881958008
281439,normal,3041,0,1782361929.381328,0.002106904983520508
281440,normal,2395,0,1782361929.3832052,0.0018770694732666016
281441,normal,3695,0,1782361929.3853073,0.0021021366119384766
281442,normal,1258,0,1782361929.3873098,0.0020024776458740234
281443,normal,288,0,1782361929.3892128,0.0019030570983886719
281444,normal,289,0,1782361929.3912284,0.0020155906677246094
281445,normal,1294,0,1782361929.3932488,0.0020203590393066406
281446,normal,453,0,1782361929.3952029,0.0019540786743164062
281447,normal,25,0,1782361929.397232,0.0020291805267333984
281448,normal,2211,0,1782361929.3992488,0.002016782760620117
281449,normal,380,0,1782361929.4012022,0.0019533634185791016
281450,normal,3600,0,1782361929.4032257,0.002023458480834961
281451,normal,2163,0,1782361929.4052255,0.0019998550415039062
281452,normal,2481,0,1782361929.4071999,0.001974344253540039
281453,normal,2845,0,1782361929.4092255,0.002025604248046875
281454,normal,3672,0,1782361929.4112408,0.002015352249145508
281455,normal,3238,1,1782361929.4132829,0.002042055130004883
281456,normal,3609,0,1782361929.415248,0.001965045928955078
281457,normal,219,0,1782361929.4172392,0.00199127197265625
281458,normal,3589,0,1782361929.419229,0.0019898414611816406
281459,normal,454,0,1782361929.4212265,0.0019974708557128906
281460,normal,1434,0,1782361929.4232814,0.002054929733276367
281461,normal,878,2,1782361929.4251769,0.0018954277038574219
281462,normal,1692,0,1782361929.4272213,0.0020444393157958984
281463,normal,797,2,1782361929.4292645,0.0020432472229003906
281464,normal,2280,0,1782361929.4313173,0.002052783966064453
281465,normal,3292,1,1782361929.4334314,0.0021140575408935547
281466,normal,1145,0,1782361929.4352665,0.0018351078033447266
281467,normal,2023,0,1782361929.4372756,0.002009153366088867
281468,normal,1422,0,1782361929.439424,0.0021483898162841797
281469,normal,2444,0,1782361929.4413142,0.0018901824951171875
281470,normal,1909,0,1782361929.4433153,0.002001047134399414
281471,normal,1333,1,1782361929.4454155,0.002100229263305664
281472,normal,3536,0,1782361929.447401,0.0019855499267578125
281473,normal,1080,0,1782361929.4493146,0.0019135475158691406
281474,normal,1329,1,1782361929.4514284,0.002113819122314453
281475,normal,3092,1,1782361929.4532788,0.0018503665924072266
281476,normal,346,0,1782361929.455261,0.0019822120666503906
281477,normal,369,0,1782361929.4574215,0.0021605491638183594
281478,normal,1062,0,1782361929.4593203,0.0018987655639648438
281479,normal,3135,1,1782361929.4612925,0.001972198486328125
281480,normal,1470,0,1782361929.4634135,0.0021209716796875
281481,normal,1142,0,1782361929.4654012,0.0019876956939697266
281482,normal,2080,0,1782361929.4672968,0.0018956661224365234
281483,normal,3227,1,1782361929.4694235,0.0021266937255859375
281484,normal,3097,1,1782361929.4712512,0.0018277168273925781
281485,normal,2073,0,1782361929.4734051,0.0021538734436035156
281486,normal,3511,0,1782361929.4752853,0.0018801689147949219
281487,normal,237,0,1782361929.4774027,0.0021173954010009766
281488,normal,3022,0,1782361929.4792945,0.0018918514251708984
281489,normal,3461,0,1782361929.4814131,0.0021185874938964844
281490,normal,2535,0,1782361929.4834018,0.001988649368286133
281491,normal,1196,0,1782361929.485289,0.0018873214721679688
281492,normal,1038,0,1782361929.487413,0.0021238327026367188
281493,normal,2525,0,1782361929.4894006,0.0019876956939697266
281494,normal,3452,0,1782361929.4912865,0.0018858909606933594
281495,normal,1843,0,1782361929.4932563,0.0019698143005371094
281496,normal,98,0,1782361929.495401,0.0021445751190185547
281497,normal,2989,0,1782361929.4972901,0.0018892288208007812
281498,normal,3435,0,1782361929.4994144,0.002124309539794922
281499,normal,2400,0,1782361929.5014036,0.001989126205444336
281500,normal,252,0,1782361929.5032883,0.0018846988677978516
281501,normal,3700,0,1782361929.5054114,0.002123117446899414
281502,normal,2136,0,1782361929.5074003,0.0019888877868652344
281503,normal,1765,0,1782361929.5092902,0.001889944076538086
281504,normal,1715,0,1782361929.5114038,0.0021135807037353516
281505,normal,2046,0,1782361929.5133958,0.0019919872283935547
281506,normal,2786,0,1782361929.5152879,0.00189208984375
281507,normal,3548,0,1782361929.5174217,0.0021338462829589844
281508,normal,2736,0,1782361929.519412,0.0019903182983398438
281509,normal,3,0,1782361929.5212672,0.0018551349639892578
281510,normal,227,0,1782361929.523464,0.002196788787841797
281511,normal,702,0,1782361929.5253472,0.0018832683563232422
281512,normal,3617,0,1782361929.5272915,0.0019443035125732422
281513,normal,397,0,1782361929.529408,0.0021164417266845703
281514,normal,3010,0,1782361929.5314019,0.001993894577026367
281515,normal,1285,0,1782361929.5332549,0.0018529891967773438
281516,normal,680,0,1782361929.5355933,0.002338409423828125
281517,normal,500,0,1782361929.5374327,0.0018393993377685547
281518,normal,3707,0,1782361929.5393689,0.001936197280883789
281519,normal,3686,0,1782361929.5413318,0.001962900161743164
281520,normal,1161,0,1782361929.543455,0.002123117446899414
281521,normal,2198,0,1782361929.5452993,0.0018444061279296875
281522,normal,1169,0,1782361929.5473838,0.002084493637084961
281523,normal,2451,0,1782361929.5494397,0.0020558834075927734
281524,normal,2998,0,1782361929.5512552,0.0018155574798583984
281525,normal,376,0,1782361929.5532615,0.0020062923431396484
281526,normal,3019,0,1782361929.5554333,0.002171754837036133
281527,normal,2587,0,1782361929.5572991,0.0018658638000488281
281528,normal,3164,1,1782361929.559288,0.0019888877868652344
281529,normal,627,0,1782361929.561404,0.002115964889526367
281530,normal,3497,0,1782361929.563261,0.0018570423126220703
281531,normal,1290,0,1782361929.5652647,0.0020036697387695312
281532,normal,1989,0,1782361929.5674028,0.0021381378173828125
281533,normal,2445,0,1782361929.569291,0.001888275146484375
281534,normal,2743,0,1782361929.5714207,0.0021295547485351562
281535,normal,2446,0,1782361929.5732696,0.0018489360809326172
281536,normal,1352,1,1782361929.5752857,0.0020160675048828125
281537,normal,140,0,1782361929.5775068,0.0022211074829101562
281538,normal,834,2,1782361929.5792723,0.0017654895782470703
281539,normal,990,2,1782361929.5812979,0.002025604248046875
281540,normal,3189,1,1782361929.5834222,0.002124309539794922
281541,normal,998,2,1782361929.5854213,0.0019991397857666016
281542,normal,648,0,1782361929.5872293,0.0018079280853271484
281543,normal,2864,0,1782361929.5893776,0.0021483898162841797
281544,normal,3485,0,1782361929.5913482,0.001970529556274414
281545,normal,2436,0,1782361929.5932608,0.0019125938415527344
281546,normal,1683,0,1782361929.5953193,0.0020585060119628906
281547,normal,776,2,1782361929.5973449,0.002025604248046875
281548,normal,3315,1,1782361929.5992155,0.0018706321716308594
281549,normal,1515,0,1782361929.6013086,0.002093076705932617
281550,normal,2231,0,1782361929.6032577,0.0019490718841552734
281551,normal,1184,0,1782361929.6052096,0.0019519329071044922
281552,normal,422,0,1782361929.6072671,0.0020575523376464844
281553,normal,768,0,1782361929.6092527,0.0019855499267578125
281554,normal,2105,0,1782361929.6112404,0.0019876956939697266
281555,normal,3222,1,1782361929.613257,0.0020165443420410156
281556,normal,987,2,1782361929.6152833,0.0020263195037841797
281557,normal,1480,0,1782361929.617211,0.0019278526306152344
281558,normal,3558,0,1782361929.6192656,0.002054452896118164
281559,normal,3434,0,1782361929.6212614,0.0019958019256591797
281560,normal,2943,0,1782361929.623202,0.0019407272338867188
281561,normal,323,0,1782361929.6252651,0.0020630359649658203
281562,normal,709,0,1782361929.6272275,0.001962423324584961
281563,normal,153,0,1782361929.6292434,0.002015829086303711
281564,normal,882,2,1782361929.6312573,0.0020139217376708984
281565,normal,3504,0,1782361929.633277,0.002019643783569336
281566,normal,1519,0,1782361929.6352046,0.0019276142120361328
281567,normal,1549,0,1782361929.637263,0.0020585060119628906
281568,normal,1362,1,1782361929.639277,0.0020139217376708984
281569,normal,3675,0,1782361929.6411908,0.0019137859344482422
281570,normal,3708,0,1782361929.6432629,0.0020720958709716797
281571,normal,1963,0,1782361929.6452277,0.0019648075103759766
281572,normal,1009,2,1782361929.6472576,0.002029895782470703
281573,normal,2988,0,1782361929.6492443,0.0019867420196533203
281574,normal,2742,0,1782361929.6512618,0.002017498016357422
281575,normal,1297,0,1782361929.6532004,0.0019385814666748047
281576,normal,2904,0,1782361929.6552725,0.0020720958709716797
281577,normal,2953,0,1782361929.6572623,0.0019898414611816406
281578,normal,1166,0,1782361929.6592345,0.001972198486328125
281579,normal,3456,0,1782361929.6612637,0.0020291805267333984
281580,normal,1282,0,1782361929.6632512,0.001987457275390625
281581,normal,456,0,1782361929.6652324,0.0019812583923339844
281582,normal,2178,0,1782361929.6672716,0.002039194107055664
281583,normal,2746,0,1782361929.669253,0.001981496810913086
281584,normal,1879,0,1782361929.6712143,0.001961231231689453
281585,normal,514,0,1782361929.673214,0.0019996166229248047
281586,normal,2837,0,1782361929.6752474,0.0020334720611572266
281587,normal,2851,0,1782361929.6772342,0.0019867420196533203
281588,normal,842,2,1782361929.6792662,0.002032041549682617
281589,normal,3325,1,1782361929.6812513,0.0019850730895996094
281590,normal,3604,0,1782361929.6832118,0.0019605159759521484
281591,normal,486,0,1782361929.6852689,0.0020570755004882812
281592,normal,3220,1,1782361929.6872828,0.0020139217376708984
281593,normal,538,0,1782361929.6892433,0.0019605159759521484
281594,normal,1331,1,1782361929.6912937,0.0020503997802734375
281595,normal,1454,0,1782361929.6932533,0.001959562301635742
281596,normal,560,0,1782361929.6952415,0.0019881725311279297
281597,normal,224,0,1782361929.6972566,0.0020151138305664062
281598,normal,2961,0,1782361929.6992528,0.001996278762817383
281599,normal,2460,0,1782361929.7012086,0.001955747604370117
281600,normal,2247,0,1782361929.7041957,0.0029871463775634766
281601,normal,2202,0,1782361929.7052217,0.0010259151458740234
281602,normal,1174,0,1782361929.7072055,0.0019838809967041016
281603,normal,2193,0,1782361929.7092278,0.002022266387939453
281604,normal,2757,0,1782361929.7112412,0.0020134449005126953
281605,normal,3496,0,1782361929.7132227,0.001981496810913086
281606,normal,1707,0,1782361929.7152467,0.002023935317993164
281607,normal,2379,0,1782361929.7172494,0.002002716064453125
281608,normal,2647,0,1782361929.7192016,0.0019521713256835938
281609,normal,2689,0,1782361929.721261,0.002059459686279297
281610,normal,1263,0,1782361929.723294,0.0020329952239990234
281611,normal,477,0,1782361929.7252028,0.0019087791442871094
281612,normal,930,2,1782361929.7272651,0.0020623207092285156
281613,normal,2327,0,1782361929.7292454,0.001980304718017578
281614,normal,744,0,1782361929.7312407,0.0019953250885009766
281615,normal,2103,0,1782361929.733245,0.0020041465759277344
281616,normal,2889,0,1782361929.7352488,0.002003908157348633
281617,normal,420,0,1782361929.7372026,0.0019538402557373047
281618,normal,151,0,1782361929.7392426,0.0020399093627929688
281619,normal,575,0,1782361929.7412462,0.0020036697387695312
281620,normal,2360,0,1782361929.7432098,0.0019636154174804688
281621,normal,1279,0,1782361929.7452655,0.002055644989013672
281622,normal,3664,0,1782361929.74725,0.0019845962524414062
281623,normal,406,0,1782361929.749211,0.0019609928131103516
281624,normal,88,0,1782361929.7512093,0.0019981861114501953
281625,normal,130,0,1782361929.753263,0.0020537376403808594
281626,normal,790,2,1782361929.755202,0.0019390583038330078
281627,normal,168,0,1782361929.757269,0.0020668506622314453
281628,normal,1844,0,1782361929.7592266,0.0019576549530029297
281629,normal,3240,1,1782361929.7612154,0.0019888877868652344
281630,normal,2050,0,1782361929.7632551,0.002039670944213867
281631,normal,604,0,1782361929.7652726,0.002017498016357422
281632,normal,836,2,1782361929.7672427,0.001970052719116211
281633,normal,2666,0,1782361929.769237,0.0019943714141845703
281634,normal,3112,1,1782361929.7712371,0.002000093460083008
281635,normal,1643,0,1782361929.773203,0.001965761184692383
281636,normal,2522,0,1782361929.7752368,0.0020339488983154297
281637,normal,1082,0,1782361929.7772565,0.002019643783569336
281638,normal,82,0,1782361929.779217,0.0019605159759521484
281639,normal,1158,0,1782361929.781211,0.001993894577026367
281640,normal,2441,0,1782361929.783272,0.002061128616333008
281641,normal,789,2,1782361929.785206,0.001934051513671875
281642,normal,621,0,1782361929.7872674,0.0020613670349121094
281643,normal,265,0,1782361929.7893088,0.002041339874267578
281644,normal,2121,0,1782361929.791232,0.0019233226776123047
281645,normal,1925,0,1782361929.7932432,0.0020110607147216797
281646,normal,596,0,1782361929.79527,0.002026796340942383
281647,normal,3406,0,1782361929.797213,0.0019431114196777344
281648,normal,1763,0,1782361929.7992113,0.0019981861114501953
281649,normal,3597,0,1782361929.8012784,0.002067089080810547
281650,normal,3535,0,1782361929.8031988,0.001920461654663086
281651,normal,3326,1,1782361929.8052754,0.0020766258239746094
281652,normal,706,0,1782361929.80723,0.0019545555114746094
281653,normal,2929,0,1782361929.8092003,0.0019702911376953125
281654,normal,638,0,1782361929.8112633,0.0020630359649658203
281655,normal,827,2,1782361929.8132534,0.001990079879760742
281656,normal,2265,0,1782361929.8152082,0.001954793930053711
281657,normal,1730,0,1782361929.8172626,0.002054452896118164
281658,normal,116,0,1782361929.8192348,0.001972198486328125
281659,normal,985,2,1782361929.821203,0.0019681453704833984
281660,normal,2364,0,1782361929.823267,0.0020639896392822266
281661,normal,2626,0,1782361929.8252246,0.0019576549530029297
281662,normal,2596,0,1782361929.8272636,0.0020389556884765625
281663,normal,3281,1,1782361929.8292341,0.001970529556274414
281664,normal,750,0,1782361929.8312304,0.001996278762817383
281665,normal,2995,0,1782361929.8332021,0.001971721649169922
281666,normal,458,0,1782361929.8352714,0.002069234848022461
281667,normal,1883,0,1782361929.83723,0.001958608627319336
281668,normal,1028,2,1782361929.8392391,0.002009153366088867
281669,normal,3195,1,1782361929.8412602,0.0020210742950439453
281670,normal,1917,0,1782361929.8432834,0.0020232200622558594
281671,normal,57,0,1782361929.8452199,0.0019364356994628906
281672,normal,2113,0,1782361929.847272,0.0020520687103271484
281673,normal,3580,0,1782361929.8492346,0.0019626617431640625
281674,normal,2266,0,1782361929.85124,0.002005338668823242
281675,normal,3577,0,1782361929.8532367,0.001996755599975586
281676,normal,1246,0,1782361929.8552592,0.0020225048065185547
281677,normal,3143,1,1782361929.8572016,0.0019423961639404297
281678,normal,593,0,1782361929.859258,0.0020563602447509766
281679,normal,2888,0,1782361929.8612695,0.002011537551879883
281680,normal,3073,1,1782361929.8632088,0.0019392967224121094
281681,normal,192,0,1782361929.8652668,0.0020580291748046875
281682,normal,2534,0,1782361929.867255,0.0019881725311279297
281683,normal,1756,0,1782361929.8692286,0.0019736289978027344
281684,normal,2154,0,1782361929.8712387,0.0020101070404052734
281685,normal,433,0,1782361929.8732872,0.002048492431640625
281686,normal,1771,0,1782361929.8752012,0.0019140243530273438
281687,normal,631,0,1782361929.877305,0.0021038055419921875
281688,normal,3460,0,1782361929.8792315,0.001926422119140625
281689,normal,1524,0,1782361929.881241,0.0020096302032470703
281690,normal,1695,0,1782361929.883236,0.0019948482513427734
281691,normal,2890,0,1782361929.8852549,0.0020189285278320312
281692,normal,1314,0,1782361929.8871882,0.0019333362579345703
281693,normal,2991,0,1782361929.8892686,0.0020804405212402344
281694,normal,978,2,1782361929.8912282,0.001959562301635742
281695,normal,2543,0,1782361929.893239,0.002010822296142578
281696,normal,3361,1,1782361929.8952541,0.0020151138305664062
281697,normal,308,0,1782361929.8972497,0.001995563507080078
281698,normal,697,0,1782361929.8992016,0.0019519329071044922
281699,normal,2614,0,1782361929.9012735,0.002071857452392578
281700,normal,3015,0,1782361929.903236,0.001962423324584961
281701,normal,2653,0,1782361929.9052005,0.001964569091796875
281702,normal,1395,0,1782361929.9072633,0.0020627975463867188
281703,normal,2960,0,1782361929.909246,0.0019826889038085938
281704,normal,225,0,1782361929.9112186,0.001972675323486328
281705,normal,1701,0,1782361929.913213,0.0019943714141845703
281706,normal,2670,0,1782361929.915272,0.0020589828491210938
281707,normal,963,2,1782361929.9171858,0.0019137859344482422
281708,normal,3591,0,1782361929.9192612,0.0020754337310791016
281709,normal,860,2,1782361929.921281,0.0020198822021484375
281710,normal,2306,0,1782361929.923218,0.0019369125366210938
281711,normal,3170,1,1782361929.925262,0.0020439624786376953
281712,normal,3332,1,1782361929.9272497,0.0019876956939697266
281713,normal,2470,0,1782361929.9292395,0.0019898414611816406
281714,normal,539,0,1782361929.9312453,0.0020058155059814453
281715,normal,3584,0,1782361929.9332516,0.0020062923431396484
281716,normal,2341,0,1782361929.9352095,0.0019578933715820312
281717,normal,1455,0,1782361929.9372425,0.0020329952239990234
281718,normal,3234,1,1782361929.9392734,0.0020308494567871094
281719,normal,1865,0,1782361929.9411871,0.0019137859344482422
281720,normal,1357,1,1782361929.9432666,0.002079486846923828
281721,normal,2074,0,1782361929.945229,0.001962423324584961
281722,normal,937,2,1782361929.947214,0.001984834671020508
281723,normal,866,2,1782361929.949211,0.0019969940185546875
281724,normal,2088,0,1782361929.951238,0.0020270347595214844
281725,normal,1140,0,1782361929.9532347,0.001996755599975586
281726,normal,733,0,1782361929.9552648,0.0020301342010498047
281727,normal,2194,0,1782361929.957228,0.0019631385803222656
281728,normal,1936,0,1782361929.95924,0.002012014389038086
281729,normal,1871,0,1782361929.9612608,0.0020208358764648438
281730,normal,403,0,1782361929.9632714,0.0020105838775634766
281731,normal,1534,0,1782361929.9652257,0.001954317092895508
281732,normal,3179,1,1782361929.967296,0.002070188522338867
281733,normal,1023,2,1782361929.9692361,0.0019402503967285156
281734,normal,988,2,1782361929.9712443,0.002008199691772461
281735,normal,3117,1,1782361929.973239,0.001994609832763672
281736,normal,1637,0,1782361929.9752371,0.0019981861114501953
281737,normal,3217,1,1782361929.9772053,0.0019681453704833984
281738,normal,2944,0,1782361929.9792647,0.002059459686279297
281739,normal,1529,0,1782361929.9812472,0.001982450485229492
281740,normal,2817,0,1782361929.9832542,0.002007007598876953
281741,normal,619,0,1782361929.9852412,0.001986980438232422
281742,normal,1870,0,1782361929.9872308,0.001989603042602539
281743,normal,1277,0,1782361929.9892125,0.0019817352294921875
281744,normal,806,2,1782361929.9912622,0.002049684524536133
281745,normal,906,2,1782361929.993251,0.0019888877868652344
281746,normal,461,0,1782361929.9952416,0.0019905567169189453
281747,normal,1486,0,1782361929.99726,0.002018451690673828
281748,normal,2345,0,1782361929.99927,0.002009868621826172
281749,normal,282,0,1782361930.0014634,0.002193450927734375
281750,normal,945,2,1782361930.0032563,0.00179290771484375
281751,normal,2182,0,1782361930.0054293,0.0021729469299316406
281752,normal,2186,0,1782361930.0072527,0.00182342529296875
281753,normal,2869,0,1782361930.0093122,0.002059459686279297
281754,normal,2776,0,1782361930.0112646,0.0019524097442626953
281755,normal,2750,0,1782361930.0132837,0.002019166946411133
281756,normal,1848,0,1782361930.0152476,0.0019638538360595703
281757,normal,1399,0,1782361930.017254,0.00200653076171875
281758,normal,2637,0,1782361930.0192268,0.001972675323486328
281759,normal,548,0,1782361930.0212529,0.002026081085205078
281760,normal,3364,1,1782361930.023254,0.002001047134399414
281761,normal,1347,1,1782361930.0252244,0.001970529556274414
281762,normal,3272,1,1782361930.0272186,0.0019941329956054688
281763,normal,437,0,1782361930.0292385,0.0020198822021484375
281764,normal,1022,2,1782361930.0312288,0.0019903182983398438
281765,normal,1004,2,1782361930.033212,0.001983165740966797
281766,normal,342,0,1782361930.0352206,0.002008676528930664
281767,normal,1054,0,1782361930.0372074,0.0019867420196533203
281768,normal,3145,1,1782361930.0393765,0.0021691322326660156
281769,normal,2246,0,1782361930.041316,0.001939535140991211
281770,normal,2037,0,1782361930.043198,0.0018820762634277344
281771,normal,1224,0,1782361930.0453289,0.002130746841430664
281772,normal,1271,0,1782361930.0472872,0.0019583702087402344
281773,normal,2347,0,1782361930.0492313,0.0019440650939941406
281774,normal,1307,0,1782361930.051219,0.0019876956939697266
281775,normal,1261,0,1782361930.0532873,0.0020682811737060547
281776,normal,2222,0,1782361930.0552576,0.0019702911376953125
281777,normal,1138,0,1782361930.0572963,0.002038717269897461
281778,normal,940,2,1782361930.0593183,0.0020220279693603516
281779,normal,1129,0,1782361930.061197,0.0018787384033203125
281780,normal,2602,0,1782361930.0633507,0.002153635025024414
281781,normal,1451,0,1782361930.065308,0.001957416534423828
281782,normal,1924,0,1782361930.067226,0.0019178390502929688
281783,normal,2063,0,1782361930.069212,0.0019860267639160156
281784,normal,2309,0,1782361930.0712936,0.002081632614135742
281785,normal,1260,0,1782361930.0732024,0.0019087791442871094
281786,normal,2738,0,1782361930.0753193,0.0021169185638427734
281787,normal,3261,1,1782361930.0773327,0.0020134449005126953
281788,normal,886,2,1782361930.0792532,0.001920461654663086
281789,normal,2253,0,1782361930.081296,0.0020427703857421875
281790,normal,1485,0,1782361930.083345,0.002048969268798828
281791,normal,3525,0,1782361930.0852196,0.001874685287475586
281792,normal,60,0,1782361930.0873237,0.002104043960571289
281793,normal,1910,0,1782361930.08931,0.001986265182495117
281794,normal,3693,0,1782361930.0912015,0.0018916130065917969
281795,normal,2719,0,1782361930.093339,0.002137422561645508
281796,normal,3439,0,1782361930.0952854,0.0019464492797851562
281797,normal,2763,0,1782361930.097263,0.001977682113647461
281798,normal,1764,0,1782361930.0992925,0.0020294189453125
281799,normal,3440,0,1782361930.1013482,0.002055644989013672
281800,normal,3259,1,1782361930.103225,0.0018768310546875
281801,normal,995,2,1782361930.1052244,0.001999378204345703
281802,normal,1091,0,1782361930.107296,0.0020716190338134766
281803,normal,1183,0,1782361930.1092215,0.0019254684448242188
281804,normal,1031,0,1782361930.1112254,0.002003908157348633
281805,normal,359,0,1782361930.1132853,0.0020599365234375
281806,normal,1902,0,1782361930.1152654,0.0019800662994384766
281807,normal,915,2,1782361930.1172976,0.0020322799682617188
281808,normal,3214,1,1782361930.1193101,0.002012491226196289
281809,normal,2115,0,1782361930.1211958,0.0018856525421142578
281810,normal,3336,1,1782361930.123344,0.002148151397705078
281811,normal,875,2,1782361930.1252913,0.0019474029541015625
281812,normal,2574,0,1782361930.1272125,0.0019211769104003906
281813,normal,3049,1,1782361930.1293876,0.0021750926971435547
281814,normal,172,0,1782361930.1313019,0.0019142627716064453
281815,normal,341,0,1782361930.1332211,0.0019192695617675781
281816,normal,1409,0,1782361930.1352253,0.0020041465759277344
281817,normal,3436,0,1782361930.1372902,0.002064943313598633
281818,normal,2034,0,1782361930.1391985,0.0019083023071289062
281819,normal,1027,2,1782361930.1413186,0.0021200180053710938
281820,normal,1914,0,1782361930.1433113,0.0019927024841308594
281821,normal,637,0,1782361930.1451976,0.0018863677978515625
281822,normal,2997,0,1782361930.147331,0.0021333694458007812
281823,normal,2941,0,1782361930.1492927,0.0019617080688476562
281824,normal,3230,1,1782361930.1512277,0.0019350051879882812
281825,normal,1890,0,1782361930.1532273,0.0019996166229248047
281826,normal,3490,0,1782361930.1552234,0.0019960403442382812
281827,normal,1806,0,1782361930.1572254,0.0020020008087158203
281828,normal,1371,1,1782361930.1592197,0.0019943714141845703
281829,normal,1380,1,1782361930.1613045,0.0020847320556640625
281830,normal,2490,0,1782361930.1632483,0.001943826675415039
281831,normal,388,0,1782361930.165296,0.0020477771759033203
281832,normal,3489,0,1782361930.1673424,0.002046346664428711
281833,normal,2636,0,1782361930.1692142,0.0018718242645263672
281834,normal,2897,0,1782361930.171325,0.002110719680786133
281835,normal,2382,0,1782361930.1732898,0.0019648075103759766
281836,normal,2790,0,1782361930.1752002,0.0019104480743408203
281837,normal,2720,0,1782361930.1772346,0.002034425735473633
281838,normal,1450,0,1782361930.179288,0.0020532608032226562
281839,normal,478,0,1782361930.1812477,0.0019598007202148438
281840,normal,2694,0,1782361930.183293,0.0020453929901123047
281841,normal,1063,0,1782361930.1852875,0.0019943714141845703
281842,normal,375,0,1782361930.1872032,0.0019156932830810547
281843,normal,835,2,1782361930.1893206,0.0021173954010009766
281844,normal,3619,0,1782361930.191291,0.001970529556274414
281845,normal,1714,0,1782361930.1932058,0.0019147396087646484
281846,normal,1348,1,1782361930.195321,0.0021152496337890625
281847,normal,3634,0,1782361930.197286,0.0019648075103759766
281848,normal,2455,0,1782361930.1991973,0.0019114017486572266
281849,normal,16,0,1782361930.2013223,0.0021250247955322266
281850,normal,2717,0,1782361930.2032874,0.001965045928955078
281851,normal,1556,0,1782361930.2051938,0.0019063949584960938
281852,normal,1130,0,1782361930.2073863,0.0021924972534179688
281853,normal,2044,0,1782361930.209302,0.0019156932830810547
281854,normal,1086,0,1782361930.2111979,0.001895904541015625
281855,normal,613,0,1782361930.2133412,0.002143383026123047
281856,normal,3702,0,1782361930.2152898,0.0019485950469970703
281857,normal,2221,0,1782361930.2172399,0.0019500255584716797
281858,normal,2536,0,1782361930.2192247,0.001984834671020508
281859,normal,67,0,1782361930.2212274,0.002002716064453125
281860,normal,256,0,1782361930.223197,0.001969575881958008
281861,normal,2749,0,1782361930.2252262,0.0020291805267333984
281862,normal,2233,0,1782361930.2273057,0.002079486846923828
281863,normal,511,0,1782361930.2291963,0.0018906593322753906
281864,normal,1060,0,1782361930.231332,0.002135753631591797
281865,normal,3570,0,1782361930.2332163,0.0018842220306396484
281866,normal,2356,0,1782361930.2352536,0.0020372867584228516
281867,normal,3454,0,1782361930.2372081,0.0019545555114746094
281868,normal,639,0,1782361930.239298,0.002089977264404297
281869,normal,2263,0,1782361930.2411954,0.0018973350524902344
281870,normal,1620,0,1782361930.2433212,0.0021257400512695312
281871,normal,1310,0,1782361930.2452834,0.0019621849060058594
281872,normal,3085,1,1782361930.2471938,0.0019104480743408203
281873,normal,249,0,1782361930.2493145,0.0021207332611083984
281874,normal,3098,1,1782361930.2512934,0.0019788742065429688
281875,normal,2683,0,1782361930.2532275,0.001934051513671875
281876,normal,2415,0,1782361930.2552133,0.001985788345336914
281877,normal,1315,0,1782361930.25729,0.0020766258239746094
281878,normal,989,2,1782361930.2591965,0.0019066333770751953
281879,normal,3221,1,1782361930.2613175,0.0021209716796875
281880,normal,761,0,1782361930.2633054,0.001987934112548828
281881,normal,1776,0,1782361930.2651987,0.0018932819366455078
281882,normal,1332,1,1782361930.2672613,0.002062559127807617
281883,normal,3091,1,1782361930.269303,0.0020418167114257812
281884,normal,3013,0,1782361930.2712243,0.0019211769104003906
281885,normal,90,0,1782361930.2732148,0.0019905567169189453
281886,normal,2833,0,1782361930.2753122,0.0020973682403564453
281887,normal,2957,0,1782361930.2771962,0.0018839836120605469
281888,normal,3017,0,1782361930.279295,0.0020987987518310547
281889,normal,1995,0,1782361930.281308,0.002012968063354492
281890,normal,71,0,1782361930.283252,0.0019440650939941406
281891,normal,573,0,1782361930.285227,0.0019750595092773438
281892,normal,3185,1,1782361930.2872498,0.0020227432250976562
281893,normal,3381,1,1782361930.2892144,0.001964569091796875
281894,normal,212,0,1782361930.2912247,0.002010345458984375
281895,normal,2181,0,1782361930.2933033,0.002078533172607422
281896,normal,2783,0,1782361930.2952003,0.0018970966339111328
281897,normal,3582,0,1782361930.2973158,0.002115488052368164
281898,normal,916,2,1782361930.299221,0.001905202865600586
281899,normal,324,0,1782361930.3012483,0.002027273178100586
281900,normal,1986,0,1782361930.3034236,0.0021753311157226562
281901,normal,275,0,1782361930.30547,0.002046346664428711
281902,normal,1013,2,1782361930.3072016,0.0017316341400146484
281903,normal,3262,1,1782361930.3092933,0.002091646194458008
281904,normal,2169,0,1782361930.3112633,0.001970052719116211
281905,normal,1218,0,1782361930.313257,0.0019936561584472656
281906,normal,2958,0,1782361930.3152606,0.0020036697387695312
281907,normal,2447,0,1782361930.3172896,0.002028942108154297
281908,normal,2,0,1782361930.3191974,0.0019078254699707031
281909,normal,1717,0,1782361930.3214366,0.002239227294921875
281910,normal,305,0,1782361930.3234115,0.001974821090698242
281911,normal,480,0,1782361930.3252544,0.0018429756164550781
281912,normal,2018,0,1782361930.3273726,0.0021181106567382812
281913,normal,1390,0,1782361930.3292782,0.001905679702758789
281914,normal,1453,0,1782361930.3312407,0.001962423324584961
281915,normal,2867,0,1782361930.3332686,0.0020279884338378906
281916,normal,2370,0,1782361930.3352346,0.0019659996032714844
281917,normal,2714,0,1782361930.3372347,0.002000093460083008
281918,normal,2980,0,1782361930.3392544,0.002019643783569336
281919,normal,274,0,1782361930.3412457,0.00199127197265625
281920,normal,89,0,1782361930.3432558,0.0020101070404052734
281921,normal,2922,0,1782361930.3452525,0.001996755599975586
281922,normal,3398,1,1782361930.3472333,0.0019807815551757812
281923,normal,1381,1,1782361930.3495092,0.0022759437561035156
281924,normal,2977,0,1782361930.3513556,0.0018463134765625
281925,normal,1782,0,1782361930.353384,0.0020284652709960938
281926,normal,1786,0,1782361930.3552806,0.0018966197967529297
281927,normal,1959,0,1782361930.3573573,0.0020766258239746094
281928,normal,2427,0,1782361930.3594313,0.002074003219604492
281929,normal,2986,0,1782361930.3612647,0.0018334388732910156
281930,normal,1385,0,1782361930.3634028,0.0021381378173828125
281931,normal,489,0,1782361930.3653977,0.0019948482513427734
281932,normal,2555,0,1782361930.3672886,0.0018908977508544922
281933,normal,3116,1,1782361930.3694978,0.002209186553955078
281934,normal,2545,0,1782361930.3714097,0.0019118785858154297
281935,normal,3507,0,1782361930.373274,0.0018644332885742188
281936,normal,773,2,1782361930.3754463,0.002172231674194336
281937,normal,2293,0,1782361930.3774486,0.002002239227294922
281938,normal,2434,0,1782361930.3792753,0.0018267631530761719
281939,normal,1755,0,1782361930.3814452,0.0021698474884033203
281940,normal,3486,0,1782361930.3834312,0.0019860267639160156
281941,normal,2461,0,1782361930.3852885,0.0018572807312011719
281942,normal,2374,0,1782361930.3874454,0.002156972885131836
281943,normal,3443,0,1782361930.3894312,0.001985788345336914
281944,normal,3544,0,1782361930.3913043,0.001873016357421875
281945,normal,2553,0,1782361930.3934636,0.0021593570709228516
281946,normal,582,0,1782361930.3954525,0.0019888877868652344
281947,normal,1590,0,1782361930.3973172,0.0018646717071533203
281948,normal,3289,1,1782361930.399417,0.002099752426147461
281949,normal,510,0,1782361930.4014401,0.0020232200622558594
281950,normal,2831,0,1782361930.4033067,0.0018665790557861328
281951,normal,2635,0,1782361930.4053133,0.00200653076171875
281952,normal,1249,0,1782361930.4074337,0.002120494842529297
281953,normal,1832,0,1782361930.409275,0.0018413066864013672
281954,normal,717,0,1782361930.4114556,0.0021805763244628906
281955,normal,2880,0,1782361930.413302,0.0018463134765625
281956,normal,818,2,1782361930.4154575,0.0021555423736572266
281957,normal,1042,0,1782361930.4175022,0.002044677734375
281958,normal,914,2,1782361930.41944,0.0019378662109375
281959,normal,1661,0,1782361930.4214966,0.002056598663330078
281960,normal,2387,0,1782361930.4234364,0.0019397735595703125
281961,normal,3605,0,1782361930.4255722,0.002135753631591797
281962,normal,980,2,1782361930.427327,0.0017547607421875
281963,normal,3063,1,1782361930.429434,0.0021071434020996094
281964,normal,2045,0,1782361930.4315798,0.0021457672119140625
281965,normal,3155,1,1782361930.4332876,0.0017077922821044922
281966,normal,2703,0,1782361930.4356363,0.002348661422729492
281967,normal,2027,0,1782361930.437467,0.0018308162689208984
281968,normal,1328,1,1782361930.4394686,0.002001523971557617
281969,normal,427,0,1782361930.4414418,0.0019731521606445312
281970,normal,2803,0,1782361930.443588,0.0021462440490722656
281971,normal,2856,0,1782361930.445342,0.0017540454864501953
281972,normal,3575,0,1782361930.4474971,0.0021550655364990234
281973,normal,775,2,1782361930.4494672,0.001970052719116211
281974,normal,300,0,1782361930.4514964,0.0020291805267333984
281975,normal,912,2,1782361930.453444,0.001947641372680664
281976,normal,1657,0,1782361930.4555907,0.0021467208862304688
281977,normal,215,0,1782361930.4573314,0.0017406940460205078
281978,normal,473,0,1782361930.459614,0.0022826194763183594
281979,normal,1077,0,1782361930.4614725,0.0018584728240966797
281980,normal,1906,0,1782361930.4634092,0.0019366741180419922
281981,normal,3088,1,1782361930.4653127,0.001903533935546875
281982,normal,3651,0,1782361930.467599,0.002286195755004883
281983,normal,1611,0,1782361930.4693089,0.0017099380493164062
281984,normal,3275,1,1782361930.4715865,0.0022776126861572266
281985,normal,1857,0,1782361930.4734583,0.0018718242645263672
281986,normal,1641,0,1782361930.47533,0.0018718242645263672
281987,normal,3122,1,1782361930.4775739,0.0022437572479248047
281988,normal,2745,0,1782361930.479449,0.001875162124633789
281989,normal,3285,1,1782361930.4814882,0.002039194107055664
281990,normal,742,0,1782361930.483459,0.0019707679748535156
281991,normal,3652,0,1782361930.4855847,0.0021257400512695312
281992,normal,2026,0,1782361930.4873395,0.0017547607421875
281993,normal,91,0,1782361930.4895804,0.002240896224975586
281994,normal,2979,0,1782361930.49149,0.001909494400024414
281995,normal,2550,0,1782361930.493484,0.0019941329956054688
281996,normal,2274,0,1782361930.4954708,0.0019867420196533203
281997,normal,1050,0,1782361930.497588,0.002117156982421875
281998,normal,193,0,1782361930.4993377,0.0017497539520263672
281999,normal,1523,0,1782361930.501574,0.0022363662719726562
282000,normal,1754,0,1782361930.5034618,0.0018877983093261719
282001,normal,3224,1,1782361930.5056539,0.0021920204162597656
282002,normal,448,0,1782361930.5074544,0.001800537109375
282003,normal,1781,0,1782361930.509498,0.002043485641479492
282004,normal,1932,0,1782361930.511469,0.001971006393432617
282005,normal,2663,0,1782361930.5134525,0.001983642578125
282006,normal,798,2,1782361930.5155807,0.002128124237060547
282007,normal,446,0,1782361930.5173123,0.0017316341400146484
282008,normal,2866,0,1782361930.5196133,0.0023009777069091797
282009,normal,2732,0,1782361930.5214899,0.0018765926361083984
282010,normal,1327,1,1782361930.5234792,0.0019893646240234375
282011,normal,520,0,1782361930.525335,0.0018558502197265625
282012,normal,3466,0,1782361930.5275865,0.0022513866424560547
282013,normal,3488,0,1782361930.5293164,0.0017299652099609375
282014,normal,2087,0,1782361930.5315995,0.0022830963134765625
282015,normal,2693,0,1782361930.533496,0.0018963813781738281
282016,normal,1716,0,1782361930.535481,0.0019850730895996094
282017,normal,2066,0,1782361930.5374415,0.0019605159759521484
282018,normal,128,0,1782361930.5396242,0.0021827220916748047
282019,normal,2556,0,1782361930.5413094,0.0016851425170898438
282020,normal,1650,0,1782361930.5436146,0.002305269241333008
282021,normal,2765,0,1782361930.5455673,0.0019526481628417969
282022,normal,2505,0,1782361930.5473135,0.0017461776733398438
282023,normal,11,0,1782361930.5496109,0.0022974014282226562
282024,normal,2766,0,1782361930.551453,0.0018422603607177734
282025,normal,892,2,1782361930.5533283,0.001875162124633789
282026,normal,955,2,1782361930.5554688,0.002140522003173828
282027,normal,211,0,1782361930.5574436,0.001974821090698242
282028,normal,1356,1,1782361930.55948,0.0020363330841064453
282029,normal,1420,0,1782361930.5614529,0.0019729137420654297
282030,normal,1648,0,1782361930.5635853,0.002132415771484375
282031,normal,2514,0,1782361930.5653274,0.0017421245574951172
282032,normal,1759,0,1782361930.567601,0.0022735595703125
282033,normal,1148,0,1782361930.569518,0.001917123794555664
282034,normal,595,0,1782361930.5714896,0.0019714832305908203
282035,normal,1808,0,1782361930.5734594,0.0019698143005371094
282036,normal,2885,0,1782361930.5754642,0.002004861831665039
282037,normal,3676,0,1782361930.5774632,0.0019989013671875
282038,normal,719,0,1782361930.5793562,0.0018930435180664062
282039,normal,624,0,1782361930.5815828,0.002226591110229492
282040,normal,1368,1,1782361930.5833285,0.0017457008361816406
282041,normal,407,0,1782361930.5855894,0.002260923385620117
282042,normal,828,2,1782361930.5874448,0.0018553733825683594
282043,normal,1567,0,1782361930.5894713,0.0020265579223632812
282044,normal,123,0,1782361930.591493,0.0020215511322021484
282045,normal,294,0,1782361930.5935855,0.002092599868774414
282046,normal,1386,0,1782361930.5953352,0.0017497539520263672
282047,normal,278,0,1782361930.5975833,0.002248048782348633
282048,normal,3491,0,1782361930.5994458,0.0018625259399414062
282049,normal,2824,0,1782361930.6014833,0.002037525177001953
282050,normal,1514,0,1782361930.6034534,0.001970052719116211
282051,normal,1181,0,1782361930.6055853,0.002131938934326172
282052,normal,3208,1,1782361930.607338,0.001752614974975586
282053,normal,880,2,1782361930.6095772,0.002239227294921875
282054,normal,1306,0,1782361930.6114712,0.0018939971923828125
282055,normal,1946,0,1782361930.6134703,0.0019991397857666016
282056,normal,612,0,1782361930.6154718,0.002001523971557617
282057,normal,3011,0,1782361930.6175857,0.002113819122314453
282058,normal,531,0,1782361930.6193285,0.0017428398132324219
282059,normal,2894,0,1782361930.621574,0.0022454261779785156
282060,normal,1580,0,1782361930.6234426,0.0018687248229980469
282061,normal,3288,1,1782361930.6254919,0.0020492076873779297
282062,normal,1136,0,1782361930.6274753,0.0019834041595458984
282063,normal,2859,0,1782361930.6295986,0.0021233558654785156
282064,normal,505,0,1782361930.6313326,0.001734018325805664
282065,normal,3236,1,1782361930.633578,0.0022454261779785156
282066,normal,3640,0,1782361930.6354513,0.0018732547760009766
282067,normal,459,0,1782361930.6374664,0.0020151138305664062
282068,normal,2128,0,1782361930.6394145,0.0019481182098388672
282069,normal,1612,0,1782361930.6415834,0.002168893814086914
282070,normal,1658,0,1782361930.6433418,0.0017583370208740234
282071,normal,2777,0,1782361930.6454582,0.0021164417266845703
282072,normal,1613,0,1782361930.6474473,0.001989126205444336
282073,normal,2118,0,1782361930.6494832,0.002035856246948242
282074,normal,2283,0,1782361930.6514323,0.0019490718841552734
282075,normal,1143,0,1782361930.653528,0.0020956993103027344
282076,normal,936,2,1782361930.655274,0.0017459392547607422
282077,normal,3229,1,1782361930.6575491,0.002275228500366211
282078,normal,3309,1,1782361930.6593406,0.0017914772033691406
282079,normal,365,0,1782361930.6614375,0.002096891403198242
282080,normal,2561,0,1782361930.6632907,0.0018532276153564453
282081,normal,2836,0,1782361930.6655993,0.0023086071014404297
282082,normal,131,0,1782361930.6673129,0.0017135143280029297
282083,normal,2862,0,1782361930.6696222,0.0023093223571777344
282084,normal,1330,1,1782361930.6714642,0.0018420219421386719
282085,normal,3209,1,1782361930.673469,0.002004861831665039
282086,normal,3265,1,1782361930.675444,0.001974821090698242
282087,normal,1659,0,1782361930.677588,0.0021440982818603516
282088,normal,1582,0,1782361930.6793435,0.0017554759979248047
282089,normal,3173,1,1782361930.6815844,0.002240896224975586
282090,normal,81,0,1782361930.683467,0.0018825531005859375
282091,normal,678,0,1782361930.6854699,0.0020029544830322266
282092,normal,654,0,1782361930.6874511,0.0019812583923339844
282093,normal,2607,0,1782361930.6896148,0.0021636486053466797
282094,normal,642,0,1782361930.691307,0.0016922950744628906
282095,normal,2618,0,1782361930.6936119,0.0023047924041748047
282096,normal,2603,0,1782361930.6954386,0.0018267631530761719
282097,normal,3646,0,1782361930.697327,0.001888275146484375
282098,normal,814,2,1782361930.6995983,0.002271413803100586
282099,normal,298,0,1782361930.701439,0.0018405914306640625
282100,normal,3542,0,1782361930.7034574,0.002018451690673828
282101,normal,2696,0,1782361930.7054384,0.001981019973754883
282102,normal,3233,1,1782361930.7075932,0.002154827117919922
282103,normal,2245,0,1782361930.7093084,0.0017151832580566406
282104,normal,859,2,1782361930.711617,0.0023086071014404297
282105,normal,2092,0,1782361930.7134397,0.0018227100372314453
282106,normal,2485,0,1782361930.7154565,0.002016782760620117
282107,normal,3665,0,1782361930.7173052,0.0018486976623535156
282108,normal,2622,0,1782361930.7195742,0.0022690296173095703
282109,normal,2313,0,1782361930.721308,0.0017337799072265625
282110,normal,2916,0,1782361930.723574,0.00226593017578125
282111,normal,2366,0,1782361930.7254379,0.0018639564514160156
282112,normal,1886,0,1782361930.7274578,0.0020198822021484375
282113,normal,2648,0,1782361930.7294643,0.00200653076171875
282114,normal,1339,1,1782361930.731574,0.0021097660064697266
282115,normal,1676,0,1782361930.7333078,0.0017337799072265625
282116,normal,96,0,1782361930.735581,0.002273082733154297
282117,normal,2362,0,1782361930.7374396,0.0018587112426757812
282118,normal,528,0,1782361930.739456,0.002016305923461914
282119,normal,1954,0,1782361930.7414362,0.001980304718017578
282120,normal,2899,0,1782361930.7435696,0.0021333694458007812
282121,normal,908,2,1782361930.7453077,0.0017380714416503906
282122,normal,3616,0,1782361930.7476048,0.0022971630096435547
282123,normal,354,0,1782361930.7494001,0.0017952919006347656
282124,normal,483,0,1782361930.7514772,0.0020771026611328125
282125,normal,569,0,1782361930.7534423,0.001965045928955078
282126,normal,1318,0,1782361930.7555969,0.0021545886993408203
282127,normal,3622,0,1782361930.7573075,0.001710653305053711
282128,normal,687,0,1782361930.7596004,0.0022928714752197266
282129,normal,2551,0,1782361930.7615,0.0018994808197021484
282130,normal,770,0,1782361930.7634845,0.0019845962524414062
282131,normal,2654,0,1782361930.7654157,0.0019311904907226562
282132,normal,1950,0,1782361930.7676032,0.002187490463256836
282133,normal,2367,0,1782361930.7693138,0.001710653305053711
282134,normal,1748,0,1782361930.771594,0.0022802352905273438
282135,normal,1835,0,1782361930.7734969,0.0019028186798095703
282136,normal,1868,0,1782361930.7755065,0.0020096302032470703
282137,normal,336,0,1782361930.7774417,0.0019352436065673828
282138,normal,1791,0,1782361930.7796006,0.0021588802337646484
282139,normal,2132,0,1782361930.7813148,0.0017142295837402344
282140,normal,3355,1,1782361930.7836282,0.002313375473022461
282141,normal,1289,0,1782361930.7855008,0.0018725395202636719
282142,normal,1051,0,1782361930.787461,0.001960277557373047
282143,normal,843,2,1782361930.7894187,0.0019576549530029297
282144,normal,410,0,1782361930.7914412,0.0020225048065185547
282145,normal,2072,0,1782361930.793465,0.0020236968994140625
282146,normal,1783,0,1782361930.7954853,0.0020203590393066406
282147,normal,2872,0,1782361930.7975843,0.0020990371704101562
282148,normal,677,0,1782361930.7993739,0.0017895698547363281
282149,normal,2144,0,1782361930.801438,0.002064228057861328
282150,normal,805,2,1782361930.8035867,0.0021486282348632812
282151,normal,2948,0,1782361930.8053238,0.0017371177673339844
282152,normal,283,0,1782361930.8076074,0.0022835731506347656
282153,normal,1596,0,1782361930.8094666,0.0018591880798339844
282154,normal,3124,1,1782361930.8114688,0.002002239227294922
282155,normal,950,2,1782361930.813459,0.001990079879760742
282156,normal,3418,0,1782361930.8155901,0.002131223678588867
282157,normal,417,0,1782361930.8173275,0.001737356185913086
282158,normal,3438,0,1782361930.8196168,0.002289295196533203
282159,normal,636,0,1782361930.821443,0.0018262863159179688
282160,normal,3687,0,1782361930.8234687,0.002025604248046875
282161,normal,2945,0,1782361930.8254642,0.001995563507080078
282162,normal,2690,0,1782361930.827601,0.002136707305908203
282163,normal,1594,0,1782361930.829321,0.0017199516296386719
282164,normal,3105,1,1782361930.8316016,0.002280712127685547
282165,normal,3119,1,1782361930.833506,0.0019044876098632812
282166,normal,97,0,1782361930.835467,0.0019609928131103516
282167,normal,1737,0,1782361930.8374434,0.0019762516021728516
282168,normal,1747,0,1782361930.8395865,0.0021431446075439453
282169,normal,1220,0,1782361930.8413136,0.0017271041870117188
282170,normal,9,0,1782361930.8436162,0.0023026466369628906
282171,normal,1778,0,1782361930.8454442,0.0018279552459716797
282172,normal,2570,0,1782361930.8474703,0.002026081085205078
282173,normal,1299,0,1782361930.8494408,0.001970529556274414
282174,normal,2166,0,1782361930.851631,0.002190113067626953
282175,normal,925,2,1782361930.8533223,0.0016913414001464844
282176,normal,1106,0,1782361930.8556175,0.002295255661010742
282177,normal,567,0,1782361930.857445,0.0018274784088134766
282178,normal,1982,0,1782361930.8593342,0.0018892288208007812
282179,normal,2358,0,1782361930.861574,0.002239704132080078
282180,normal,2100,0,1782361930.8634794,0.0019054412841796875
282181,normal,1724,0,1782361930.865333,0.0018537044525146484
282182,normal,3253,1,1782361930.867597,0.0022640228271484375
282183,normal,881,2,1782361930.8694456,0.001848459243774414
282184,normal,3483,0,1782361930.8713388,0.0018932819366455078
282185,normal,3357,1,1782361930.8735826,0.0022437572479248047
282186,normal,77,0,1782361930.8754442,0.001861572265625
282187,normal,1215,0,1782361930.8773282,0.0018839836120605469
282188,normal,2704,0,1782361930.8796256,0.0022974014282226562
282189,normal,1032,0,1782361930.881441,0.0018155574798583984
282190,normal,3515,0,1782361930.8833401,0.0018990039825439453
282191,normal,2250,0,1782361930.885573,0.002232789993286133
282192,normal,2882,0,1782361930.8874454,0.0018725395202636719
282193,normal,1281,0,1782361930.8893163,0.001870870590209961
282194,normal,338,0,1782361930.891612,0.0022957324981689453
282195,normal,2337,0,1782361930.8934555,0.0018434524536132812
282196,normal,1788,0,1782361930.8953555,0.0018999576568603516
282197,normal,2142,0,1782361930.897437,0.002081632614135742
282198,normal,2452,0,1782361930.8995948,0.0021576881408691406
282199,normal,2621,0,1782361930.9013133,0.0017185211181640625
282200,normal,2887,0,1782361930.9036422,0.0023288726806640625
282201,normal,85,0,1782361930.9064136,0.0027713775634765625
282202,normal,2737,0,1782361930.9072611,0.0008475780487060547
282203,normal,387,0,1782361930.9093153,0.0020542144775390625
282204,normal,122,0,1782361930.9112496,0.0019342899322509766
282205,normal,3365,1,1782361930.9133084,0.002058744430541992
282206,normal,2041,0,1782361930.9152594,0.001950979232788086
282207,normal,671,0,1782361930.917275,0.0020155906677246094
282208,normal,997,2,1782361930.919182,0.0019071102142333984
282209,normal,2024,0,1782361930.9213953,0.0022132396697998047
282210,normal,2928,0,1782361930.9233968,0.002001523971557617
282211,normal,522,0,1782361930.9252198,0.0018229484558105469
282212,normal,2834,0,1782361930.9272554,0.0020356178283691406
282213,normal,2520,0,1782361930.9292097,0.001954317092895508
282214,normal,1518,0,1782361930.9312437,0.0020339488983154297
282215,normal,1239,0,1782361930.9332104,0.001966714859008789
282216,normal,3606,0,1782361930.9352376,0.002027273178100586
282217,normal,142,0,1782361930.9372094,0.001971721649169922
282218,normal,104,0,1782361930.9392369,0.0020275115966796875
282219,normal,2589,0,1782361930.9412155,0.001978635787963867
282220,normal,1897,0,1782361930.943234,0.002018451690673828
282221,normal,2562,0,1782361930.9452004,0.0019664764404296875
282222,normal,3573,0,1782361930.9472127,0.0020122528076171875
282223,normal,382,0,1782361930.949205,0.0019922256469726562
282224,normal,2228,0,1782361930.9512358,0.0020308494567871094
282225,normal,1651,0,1782361930.953213,0.001977205276489258
282226,normal,191,0,1782361930.9552004,0.001987457275390625
282227,normal,330,0,1782361930.9572103,0.002009868621826172
282228,normal,864,2,1782361930.9592402,0.002029895782470703
282229,normal,2716,0,1782361930.9611814,0.0019412040710449219
282230,normal,1412,0,1782361930.9632323,0.0020508766174316406
282231,normal,487,0,1782361930.9652178,0.0019855499267578125
282232,normal,3427,0,1782361930.967206,0.0019881725311279297
282233,normal,2207,0,1782361930.9692495,0.002043485641479492
282234,normal,3067,1,1782361930.9713237,0.0020742416381835938
282235,normal,3160,1,1782361930.9731758,0.0018520355224609375
282236,normal,3457,0,1782361930.9752846,0.0021088123321533203
282237,normal,2145,0,1782361930.977259,0.001974344253540039
282238,normal,3273,1,1782361930.9792926,0.002033710479736328
282239,normal,207,0,1782361930.981194,0.001901388168334961
282240,normal,1325,1,1782361930.983281,0.0020868778228759766
282241,normal,935,2,1782361930.985227,0.0019462108612060547
282242,normal,3431,0,1782361930.9872754,0.0020482540130615234
282243,normal,3062,1,1782361930.9892688,0.001993417739868164
282244,normal,1645,0,1782361930.991303,0.0020341873168945312
282245,normal,3677,0,1782361930.9932027,0.00189971923828125
282246,normal,3052,1,1782361930.9952114,0.002008676528930664
282247,normal,3614,0,1782361930.9972386,0.002027273178100586
282248,normal,152,0,1782361930.9992878,0.0020492076873779297
282249,normal,1768,0,1782361931.0012546,0.001966714859008789
282250,normal,1132,0,1782361931.0034454,0.002190828323364258
282251,normal,3396,1,1782361931.0052829,0.0018374919891357422
282252,normal,1761,0,1782361931.007435,0.0021522045135498047
282253,normal,279,0,1782361931.009259,0.0018239021301269531
282254,normal,243,0,1782361931.0114412,0.0021822452545166016
282255,normal,2569,0,1782361931.0133028,0.001861572265625
282256,normal,3509,0,1782361931.0153317,0.002028942108154297
282257,normal,65,0,1782361931.0173411,0.0020093917846679688
282258,normal,1708,0,1782361931.0194712,0.0021300315856933594
282259,normal,3264,1,1782361931.0212698,0.0017986297607421875
282260,normal,232,0,1782361931.0234864,0.0022165775299072266
282261,normal,1672,0,1782361931.0252855,0.0017991065979003906
282262,normal,310,0,1782361931.0274212,0.002135753631591797
282263,normal,1231,0,1782361931.0292816,0.0018603801727294922
282264,normal,2892,0,1782361931.0314069,0.002125263214111328
282265,normal,693,0,1782361931.0332909,0.0018839836120605469
282266,normal,2657,0,1782361931.0355213,0.002230405807495117
282267,normal,1153,0,1782361931.037274,0.001752614974975586
282268,normal,516,0,1782361931.0394425,0.0021686553955078125
282269,normal,1728,0,1782361931.0413063,0.001863718032836914
282270,normal,1449,0,1782361931.043427,0.0021207332611083984
282271,normal,2709,0,1782361931.0452838,0.0018568038940429688
282272,normal,1896,0,1782361931.047422,0.0021381378173828125
282273,normal,395,0,1782361931.0494068,0.001984834671020508
282274,normal,3373,1,1782361931.0512881,0.0018813610076904297
282275,normal,148,0,1782361931.0534182,0.0021300315856933594
282276,normal,3551,0,1782361931.0554054,0.0019872188568115234
282277,normal,1200,0,1782361931.0573087,0.0019032955169677734
282278,normal,189,0,1782361931.0594182,0.002109527587890625
282279,normal,1369,1,1782361931.0614054,0.0019872188568115234
282280,normal,845,2,1782361931.0632904,0.0018849372863769531
282281,normal,2052,0,1782361931.0654335,0.0021431446075439453
282282,normal,2949,0,1782361931.0674038,0.0019702911376953125
282283,normal,2501,0,1782361931.0692682,0.0018644332885742188
282284,normal,1554,0,1782361931.0714045,0.00213623046875
282285,normal,1444,0,1782361931.0734212,0.002016782760620117
282286,normal,254,0,1782361931.075257,0.0018358230590820312
282287,normal,2697,0,1782361931.0774207,0.0021636486053466797
282288,normal,2324,0,1782361931.0794108,0.001990079879760742
282289,normal,3653,0,1782361931.0812776,0.0018668174743652344
282290,normal,2107,0,1782361931.0834231,0.002145528793334961
282291,normal,2623,0,1782361931.0854082,0.0019850730895996094
282292,normal,3083,1,1782361931.0873132,0.0019049644470214844
282293,normal,2840,0,1782361931.0894346,0.002121448516845703
282294,normal,1499,0,1782361931.0914123,0.001977682113647461
282295,normal,883,2,1782361931.0933256,0.001913309097290039
282296,normal,270,0,1782361931.0954254,0.002099752426147461
282297,normal,704,0,1782361931.097412,0.0019867420196533203
282298,normal,1546,0,1782361931.0992832,0.0018711090087890625
282299,normal,2321,0,1782361931.1014254,0.002142190933227539
282300,normal,1525,0,1782361931.103405,0.0019795894622802734
282301,normal,1504,0,1782361931.10531,0.0019049644470214844
282302,normal,2273,0,1782361931.1074946,0.002184629440307617
282303,normal,3637,0,1782361931.1093009,0.0018062591552734375
282304,normal,2722,0,1782361931.1114764,0.002175569534301758
282305,normal,2970,0,1782361931.1133013,0.0018248558044433594
282306,normal,3479,0,1782361931.1154099,0.0021085739135742188
282307,normal,628,0,1782361931.1172915,0.0018815994262695312
282308,normal,150,0,1782361931.1194215,0.0021300315856933594
282309,normal,3419,0,1782361931.1214068,0.001985311508178711
282310,normal,488,0,1782361931.1233072,0.0019004344940185547
282311,normal,3069,1,1782361931.1254187,0.0021114349365234375
282312,normal,2923,0,1782361931.1272628,0.001844167709350586
282313,normal,870,2,1782361931.1294408,0.0021779537200927734
282314,normal,2780,0,1782361931.1312883,0.0018475055694580078
282315,normal,3163,1,1782361931.1334083,0.0021200180053710938
282316,normal,2016,0,1782361931.1353035,0.0018951892852783203
282317,normal,498,0,1782361931.1374376,0.002134084701538086
282318,normal,1456,0,1782361931.139424,0.0019865036010742188
282319,normal,645,0,1782361931.1412554,0.0018312931060791016
282320,normal,187,0,1782361931.1434348,0.002179384231567383
282321,normal,688,0,1782361931.1454043,0.001969575881958008
282322,normal,2512,0,1782361931.1472812,0.0018768310546875
282323,normal,362,0,1782361931.1494358,0.0021545886993408203
282324,normal,1089,0,1782361931.1514053,0.001969575881958008
282325,normal,2085,0,1782361931.1532917,0.0018863677978515625
282326,normal,3530,0,1782361931.1554186,0.002126932144165039
282327,normal,1495,0,1782361931.157406,0.001987457275390625
282328,normal,2199,0,1782361931.159254,0.001847982406616211
282329,normal,3084,1,1782361931.161437,0.0021829605102539062
282330,normal,1176,0,1782361931.1634157,0.001978635787963867
282331,normal,2171,0,1782361931.165294,0.0018782615661621094
282332,normal,3251,1,1782361931.1672544,0.0019605159759521484
282333,normal,466,0,1782361931.169423,0.0021686553955078125
282334,normal,779,2,1782361931.1712534,0.0018303394317626953
282335,normal,479,0,1782361931.1734285,0.0021750926971435547
282336,normal,951,2,1782361931.1754105,0.001981973648071289
282337,normal,3190,1,1782361931.1772943,0.0018837451934814453
282338,normal,1961,0,1782361931.1794186,0.002124309539794922
282339,normal,3495,0,1782361931.181423,0.002004384994506836
282340,normal,1632,0,1782361931.1832528,0.0018298625946044922
282341,normal,826,2,1782361931.1854205,0.0021677017211914062
282342,normal,2043,0,1782361931.187405,0.0019845962524414062
282343,normal,518,0,1782361931.1892905,0.0018854141235351562
282344,normal,1411,0,1782361931.1912706,0.0019800662994384766
282345,normal,1738,0,1782361931.1934242,0.002153635025024414
282346,normal,3071,1,1782361931.195256,0.0018317699432373047
282347,normal,1859,0,1782361931.1974256,0.0021696090698242188
282348,normal,3125,1,1782361931.1994033,0.001977682113647461
282349,normal,1146,0,1782361931.2012787,0.0018754005432128906
282350,normal,2148,0,1782361931.20341,0.002131223678588867
282351,normal,1240,0,1782361931.205414,0.0020041465759277344
282352,normal,3068,1,1782361931.2072558,0.0018417835235595703
282353,normal,1912,0,1782361931.2094152,0.0021593570709228516
282354,normal,1547,0,1782361931.211421,0.0020058155059814453
282355,normal,3207,1,1782361931.2132704,0.0018494129180908203
282356,normal,3643,0,1782361931.2154255,0.0021550655364990234
282357,normal,3042,0,1782361931.2174537,0.002028226852416992
282358,normal,468,0,1782361931.2192535,0.0017998218536376953
282359,normal,2787,0,1782361931.2212648,0.0020112991333007812
282360,normal,3601,0,1782361931.2234168,0.002151966094970703
282361,normal,2789,0,1782361931.2252793,0.0018625259399414062
282362,normal,3356,1,1782361931.2274191,0.0021398067474365234
282363,normal,3571,0,1782361931.2294083,0.001989126205444336
282364,normal,3696,0,1782361931.2313025,0.001894235610961914
282365,normal,2369,0,1782361931.2334125,0.002110004425048828
282366,normal,2284,0,1782361931.2354205,0.0020079612731933594
282367,normal,3487,0,1782361931.2372565,0.0018360614776611328
282368,normal,297,0,1782361931.239423,0.0021665096282958984
282369,normal,1978,0,1782361931.2414057,0.0019826889038085938
282370,normal,3389,1,1782361931.243304,0.0018982887268066406
282371,normal,491,0,1782361931.245417,0.0021131038665771484
282372,normal,1913,0,1782361931.2474222,0.0020051002502441406
282373,normal,2835,0,1782361931.249261,0.00183868408203125
282374,normal,1785,0,1782361931.25142,0.00215911865234375
282375,normal,2476,0,1782361931.2534072,0.0019872188568115234
282376,normal,72,0,1782361931.255317,0.0019097328186035156
282377,normal,1774,0,1782361931.2574208,0.0021038055419921875
282378,normal,2754,0,1782361931.2594194,0.0019986629486083984
282379,normal,2638,0,1782361931.2612529,0.0018334388732910156
282380,normal,2160,0,1782361931.2634323,0.002179384231567383
282381,normal,1831,0,1782361931.2654045,0.001972198486328125
282382,normal,4,0,1782361931.267303,0.0018985271453857422
282383,normal,2480,0,1782361931.269417,0.0021140575408935547
282384,normal,3266,1,1782361931.2714214,0.002004384994506836
282385,normal,3322,1,1782361931.2732627,0.0018413066864013672
282386,normal,2012,0,1782361931.2754247,0.0021619796752929688
282387,normal,634,0,1782361931.2774053,0.0019805431365966797
282388,normal,183,0,1782361931.2792997,0.0018944740295410156
282389,normal,3429,0,1782361931.2814267,0.002126932144165039
282390,normal,1401,0,1782361931.2834368,0.0020101070404052734
282391,normal,1919,0,1782361931.285287,0.001850128173828125
282392,normal,894,2,1782361931.2874327,0.0021457672119140625
282393,normal,3115,1,1782361931.2894027,0.001970052719116211
282394,normal,1452,0,1782361931.2912648,0.0018620491027832031
282395,normal,1780,0,1782361931.2934282,0.002163410186767578
282396,normal,1509,0,1782361931.2954073,0.0019791126251220703
282397,normal,943,2,1782361931.297309,0.0019016265869140625
282398,normal,1665,0,1782361931.2994156,0.0021066665649414062
282399,normal,3473,0,1782361931.301417,0.002001523971557617
282400,normal,2179,0,1782361931.303272,0.0018548965454101562
282401,normal,1163,0,1782361931.3054678,0.0021958351135253906
282402,normal,610,0,1782361931.307258,0.0017900466918945312
282403,normal,1468,0,1782361931.309314,0.002056121826171875
282404,normal,650,0,1782361931.3114207,0.0021066665649414062
282405,normal,214,0,1782361931.313406,0.001985311508178711
282406,normal,1860,0,1782361931.315274,0.0018680095672607422
282407,normal,364,0,1782361931.3174207,0.0021467208862304688
282408,normal,135,0,1782361931.3194077,0.001986980438232422
282409,normal,49,0,1782361931.3213127,0.0019049644470214844
282410,normal,39,0,1782361931.323433,0.0021202564239501953
282411,normal,30,0,1782361931.325472,0.002039194107055664
282412,normal,3537,0,1782361931.327264,0.0017919540405273438
282413,normal,23,0,1782361931.329287,0.002022981643676758
282414,normal,714,0,1782361931.331414,0.002126932144165039
282415,normal,3633,0,1782361931.3333027,0.0018887519836425781
282416,normal,1438,0,1782361931.3354378,0.002135038375854492
282417,normal,2713,0,1782361931.3374054,0.0019676685333251953
282418,normal,928,2,1782361931.3392866,0.0018811225891113281
282419,normal,1604,0,1782361931.3414242,0.0021376609802246094
282420,normal,1838,0,1782361931.3434043,0.0019800662994384766
282421,normal,2230,0,1782361931.3453145,0.0019102096557617188
282422,normal,931,2,1782361931.3474278,0.00211334228515625
282423,normal,1076,0,1782361931.3493838,0.0019559860229492188
282424,normal,171,0,1782361931.3513296,0.0019457340240478516
282425,normal,2972,0,1782361931.3534048,0.0020751953125
282426,normal,124,0,1782361931.3553984,0.0019936561584472656
282427,normal,220,0,1782361931.3572698,0.001871347427368164
282428,normal,3531,0,1782361931.3593848,0.002115011215209961
282429,normal,2032,0,1782361931.3613765,0.001991748809814453
282430,normal,326,0,1782361931.363281,0.0019044876098632812
282431,normal,3318,1,1782361931.3653765,0.002095460891723633
282432,normal,617,0,1782361931.3674371,0.0020606517791748047
282433,normal,3003,0,1782361931.369317,0.0018799304962158203
282434,normal,2318,0,1782361931.3714883,0.0021712779998779297
282435,normal,1872,0,1782361931.373493,0.0020046234130859375
282436,normal,22,0,1782361931.3752496,0.0017566680908203125
282437,normal,1686,0,1782361931.3773713,0.0021216869354248047
282438,normal,1067,0,1782361931.379463,0.002091646194458008
282439,normal,2484,0,1782361931.381254,0.0017910003662109375
282440,normal,3181,1,1782361931.38356,0.0023059844970703125
282441,normal,2857,0,1782361931.3853834,0.00182342529296875
282442,normal,1635,0,1782361931.3872757,0.0018923282623291016
282443,normal,1827,0,1782361931.3894198,0.0021440982818603516
282444,normal,1421,0,1782361931.391472,0.00205230712890625
282445,normal,1666,0,1782361931.393254,0.0017819404602050781
282446,normal,1471,0,1782361931.395443,0.0021889209747314453
282447,normal,1484,0,1782361931.3974733,0.0020303726196289062
282448,normal,2385,0,1782361931.3992822,0.0018088817596435547
282449,normal,1002,2,1782361931.4015646,0.002282381057739258
282450,normal,3199,1,1782361931.4033918,0.001827239990234375
282451,normal,867,2,1782361931.4052663,0.0018744468688964844
282452,normal,2224,0,1782361931.4074936,0.002227306365966797
282453,normal,508,0,1782361931.4094248,0.0019311904907226562
282454,normal,1396,0,1782361931.4112916,0.0018668174743652344
282455,normal,1878,0,1782361931.413373,0.0020813941955566406
282456,normal,1654,0,1782361931.4152863,0.001913309097290039
282457,normal,1669,0,1782361931.4174483,0.0021619796752929688
282458,normal,1406,0,1782361931.4193065,0.0018582344055175781
282459,normal,1378,1,1782361931.4214568,0.002150297164916992
282460,normal,1861,0,1782361931.4232767,0.0018198490142822266
282461,normal,1895,0,1782361931.425457,0.002180337905883789
282462,normal,2289,0,1782361931.4274583,0.0020012855529785156
282463,normal,414,0,1782361931.4292758,0.001817464828491211
282464,normal,2238,0,1782361931.4314587,0.0021829605102539062
282465,normal,3685,0,1782361931.4334562,0.0019974708557128906
282466,normal,1583,0,1782361931.4352753,0.0018191337585449219
282467,normal,2377,0,1782361931.437531,0.002255678176879883
282468,normal,1093,0,1782361931.4394174,0.0018863677978515625
282469,normal,554,0,1782361931.4412625,0.0018451213836669922
282470,normal,1649,0,1782361931.4434192,0.0021567344665527344
282471,normal,1880,0,1782361931.4454153,0.0019960403442382812
282472,normal,910,2,1782361931.447261,0.0018458366394042969
282473,normal,3353,1,1782361931.4494264,0.0021653175354003906
282474,normal,1952,0,1782361931.4514384,0.002012014389038086
282475,normal,2643,0,1782361931.453275,0.001836538314819336
282476,normal,181,0,1782361931.4554157,0.0021407604217529297
282477,normal,253,0,1782361931.4574142,0.001998424530029297
282478,normal,2847,0,1782361931.4592578,0.0018436908721923828
282479,normal,974,2,1782361931.4614367,0.0021789073944091797
282480,normal,2008,0,1782361931.4634268,0.001990079879760742
282481,normal,3480,0,1782361931.4653072,0.0018804073333740234
282482,normal,1226,0,1782361931.467438,0.002130746841430664
282483,normal,2180,0,1782361931.4694307,0.0019927024841308594
282484,normal,2053,0,1782361931.4712648,0.0018341541290283203
282485,normal,1103,0,1782361931.4734266,0.002161741256713867
282486,normal,2975,0,1782361931.4754121,0.0019855499267578125
282487,normal,517,0,1782361931.4772875,0.0018754005432128906
282488,normal,1418,0,1782361931.4794142,0.0021266937255859375
282489,normal,2131,0,1782361931.481421,0.0020067691802978516
282490,normal,2004,0,1782361931.48327,0.0018489360809326172
282491,normal,3706,0,1782361931.4854221,0.0021522045135498047
282492,normal,203,0,1782361931.4874132,0.0019910335540771484
282493,normal,3661,0,1782361931.4893079,0.0018947124481201172
282494,normal,1855,0,1782361931.4914105,0.0021026134490966797
282495,normal,3051,1,1782361931.493427,0.0020165443420410156
282496,normal,1682,0,1782361931.4952617,0.0018346309661865234
282497,normal,1319,1,1782361931.4974217,0.0021600723266601562
282498,normal,147,0,1782361931.499411,0.0019893646240234375
282499,normal,2964,0,1782361931.5013018,0.0018906593322753906
282500,normal,749,0,1782361931.5034094,0.0021076202392578125
282501,normal,1840,0,1782361931.5055242,0.0021147727966308594
282502,normal,1115,0,1782361931.5074432,0.0019190311431884766
282503,normal,2069,0,1782361931.5092576,0.0018143653869628906
282504,normal,527,0,1782361931.51142,0.002162456512451172
282505,normal,2249,0,1782361931.513272,0.0018520355224609375
282506,normal,921,2,1782361931.5154488,0.0021767616271972656
282507,normal,1503,0,1782361931.5174038,0.0019550323486328125
282508,normal,2143,0,1782361931.5192792,0.0018754005432128906
282509,normal,1206,0,1782361931.5214088,0.0021295547485351562
282510,normal,618,0,1782361931.523416,0.0020072460174560547
282511,normal,2378,0,1782361931.5252767,0.0018606185913085938
282512,normal,3287,1,1782361931.5272663,0.001989603042602539
282513,normal,1610,0,1782361931.5294194,0.002153158187866211
282514,normal,3458,0,1782361931.5312815,0.0018620491027832031
282515,normal,713,0,1782361931.533425,0.0021436214447021484
282516,normal,216,0,1782361931.53544,0.0020148754119873047
282517,normal,2333,0,1782361931.5372715,0.0018315315246582031
282518,normal,3106,1,1782361931.5394068,0.0021352767944335938
282519,normal,2068,0,1782361931.5414164,0.0020096302032470703
282520,normal,2282,0,1782361931.5433176,0.0019011497497558594
282521,normal,2755,0,1782361931.5454113,0.002093791961669922
282522,normal,1731,0,1782361931.5474162,0.002004861831665039
282523,normal,1304,0,1782361931.549271,0.0018548965454101562
282524,normal,1029,2,1782361931.5514245,0.0021533966064453125
282525,normal,3080,1,1782361931.5534089,0.0019843578338623047
282526,normal,579,0,1782361931.555319,0.0019102096557617188
282527,normal,2114,0,1782361931.5574105,0.0020914077758789062
282528,normal,2414,0,1782361931.5594356,0.002025127410888672
282529,normal,1960,0,1782361931.5612912,0.001855611801147461
282530,normal,1404,0,1782361931.5634181,0.002126932144165039
282531,normal,2305,0,1782361931.5654132,0.001995086669921875
282532,normal,1841,0,1782361931.567318,0.0019047260284423828
282533,normal,2669,0,1782361931.5694115,0.0020935535430908203
282534,normal,3684,0,1782361931.5714183,0.0020067691802978516
282535,normal,3213,1,1782361931.573288,0.0018696784973144531
282536,normal,2784,0,1782361931.5754242,0.00213623046875
282537,normal,1478,0,1782361931.577436,0.0020117759704589844
282538,normal,3644,0,1782361931.5792873,0.0018513202667236328
282539,normal,1644,0,1782361931.5814383,0.002151012420654297
282540,normal,327,0,1782361931.5834093,0.001971006393432617
282541,normal,1599,0,1782361931.585283,0.0018737316131591797
282542,normal,620,0,1782361931.5874293,0.0021462440490722656
282543,normal,614,0,1782361931.5894084,0.0019791126251220703
282544,normal,1839,0,1782361931.5913115,0.0019030570983886719
282545,normal,381,0,1782361931.5934124,0.0021009445190429688
282546,normal,2583,0,1782361931.5954225,0.0020101070404052734
282547,normal,3493,0,1782361931.5972807,0.0018582344055175781
282548,normal,3260,1,1782361931.5994217,0.0021409988403320312
282549,normal,2684,0,1782361931.601406,0.0019843578338623047
282550,normal,2342,0,1782361931.6032922,0.001886129379272461
282551,normal,2467,0,1782361931.605417,0.002124786376953125
282552,normal,769,0,1782361931.6074083,0.00199127197265625
282553,normal,3235,1,1782361931.6092634,0.0018551349639892578
282554,normal,349,0,1782361931.611425,0.0021615028381347656
282555,normal,2326,0,1782361931.6134098,0.001984834671020508
282556,normal,2966,0,1782361931.615299,0.0018892288208007812
282557,normal,1065,0,1782361931.6174238,0.002124786376953125
282558,normal,2974,0,1782361931.6194248,0.002001047134399414
282559,normal,1734,0,1782361931.621262,0.0018372535705566406
282560,normal,3611,0,1782361931.6234238,0.002161741256713867
282561,normal,257,0,1782361931.6254084,0.0019845962524414062
282562,normal,2057,0,1782361931.6272986,0.0018901824951171875
282563,normal,2610,0,1782361931.6292546,0.0019559860229492188
282564,normal,1055,0,1782361931.6314213,0.002166748046875
282565,normal,1500,0,1782361931.6332562,0.001834869384765625
282566,normal,2488,0,1782361931.635421,0.0021648406982421875
282567,normal,180,0,1782361931.6374063,0.001985311508178711
282568,normal,2778,0,1782361931.6392937,0.0018873214721679688
282569,normal,385,0,1782361931.641412,0.002118349075317383
282570,normal,2286,0,1782361931.6434271,0.0020151138305664062
282571,normal,2456,0,1782361931.6452549,0.0018277168273925781
282572,normal,563,0,1782361931.6474242,0.002169370651245117
282573,normal,1578,0,1782361931.6493971,0.0019729137420654297
282574,normal,2215,0,1782361931.651284,0.0018868446350097656
282575,normal,15,0,1782361931.6532423,0.0019583702087402344
282576,normal,112,0,1782361931.6554246,0.0021822452545166016
282577,normal,2990,0,1782361931.6572807,0.001856088638305664
282578,normal,977,2,1782361931.6594222,0.0021414756774902344
282579,normal,245,0,1782361931.6614103,0.0019881725311279297
282580,normal,512,0,1782361931.6633196,0.0019092559814453125
282581,normal,1541,0,1782361931.6652708,0.0019512176513671875
282582,normal,2590,0,1782361931.6674204,0.0021495819091796875
282583,normal,1787,0,1782361931.6692646,0.001844167709350586
282584,normal,1195,0,1782361931.6714194,0.002154827117919922
282585,normal,625,0,1782361931.6734066,0.0019872188568115234
282586,normal,1920,0,1782361931.6752985,0.0018918514251708984
282587,normal,3149,1,1782361931.67741,0.0021114349365234375
282588,normal,1918,0,1782361931.679419,0.002009153366088867
282589,normal,635,0,1782361931.6812553,0.0018362998962402344
282590,normal,600,0,1782361931.6834297,0.00217437744140625
282591,normal,873,2,1782361931.6854064,0.0019767284393310547
282592,normal,1427,0,1782361931.6873333,0.0019268989562988281
282593,normal,1866,0,1782361931.6892538,0.001920461654663086
282594,normal,2314,0,1782361931.6914213,0.0021674633026123047
282595,normal,3416,0,1782361931.6932535,0.0018322467803955078
282596,normal,3002,0,1782361931.695419,0.002165555953979492
282597,normal,2707,0,1782361931.6974049,0.001985788345336914
282598,normal,3667,0,1782361931.6992936,0.0018887519836425781
282599,normal,785,2,1782361931.7014081,0.002114534378051758
282600,normal,1749,0,1782361931.7034056,0.0019974708557128906
282601,normal,922,2,1782361931.7052925,0.0018868446350097656
282602,normal,3028,0,1782361931.7074227,0.002130270004272461
282603,normal,1877,0,1782361931.7094228,0.002000093460083008
282604,normal,1128,0,1782361931.7112544,0.0018315315246582031
282605,normal,1903,0,1782361931.713424,0.0021696090698242188
282606,normal,1770,0,1782361931.7154071,0.001983165740966797
282607,normal,3043,0,1782361931.7173038,0.0018966197967529297
282608,normal,424,0,1782361931.719282,0.001978158950805664
282609,normal,2093,0,1782361931.721432,0.0021500587463378906
282610,normal,2325,0,1782361931.7232542,0.0018222332000732422
282611,normal,2863,0,1782361931.7254307,0.002176523208618164
282612,normal,174,0,1782361931.727246,0.0018153190612792969
282613,normal,239,0,1782361931.7292523,0.0020062923431396484
282614,normal,1056,0,1782361931.7314217,0.002169370651245117
282615,normal,3078,1,1782361931.733407,0.001985311508178711
282616,normal,3370,1,1782361931.7353039,0.0018968582153320312
282617,normal,2432,0,1782361931.7374296,0.0021257400512695312
282618,normal,2070,0,1782361931.7394042,0.0019745826721191406
282619,normal,3538,0,1782361931.7412677,0.0018634796142578125
282620,normal,503,0,1782361931.7434223,0.0021545886993408203
282621,normal,416,0,1782361931.745409,0.0019867420196533203
282622,normal,900,2,1782361931.747311,0.0019021034240722656
282623,normal,1561,0,1782361931.7494402,0.002129077911376953
282624,normal,2708,0,1782361931.751409,0.001968860626220703
282625,normal,904,2,1782361931.7532551,0.0018460750579833984
282626,normal,3095,1,1782361931.7554362,0.0021810531616210938
282627,normal,2270,0,1782361931.7574062,0.001970052719116211
282628,normal,1994,0,1782361931.7593105,0.0019042491912841797
282629,normal,641,0,1782361931.7614324,0.0021219253540039062
282630,normal,2390,0,1782361931.763403,0.001970529556274414
282631,normal,3432,0,1782361931.7652676,0.0018646717071533203
282632,normal,236,0,1782361931.767424,0.002156496047973633
282633,normal,927,2,1782361931.7694054,0.0019812583923339844
282634,normal,1045,0,1782361931.7713292,0.0019237995147705078
282635,normal,1025,2,1782361931.7734237,0.0020945072174072266
282636,normal,1298,0,1782361931.7754064,0.0019826889038085938
282637,normal,2212,0,1782361931.7772765,0.0018701553344726562
282638,normal,363,0,1782361931.7794192,0.002142667770385742
282639,normal,242,0,1782361931.7814057,0.0019865036010742188
282640,normal,810,2,1782361931.7832897,0.0018839836120605469
282641,normal,1607,0,1782361931.7854373,0.002147674560546875
282642,normal,1633,0,1782361931.7874124,0.0019750595092773438
282643,normal,3113,1,1782361931.789324,0.0019116401672363281
282644,normal,2533,0,1782361931.791442,0.0021178722381591797
282645,normal,2497,0,1782361931.7934139,0.0019719600677490234
282646,normal,962,2,1782361931.7953157,0.001901865005493164
282647,normal,343,0,1782361931.7974365,0.0021207332611083984
282648,normal,3201,1,1782361931.7994199,0.0019834041595458984
282649,normal,655,0,1782361931.8012784,0.0018584728240966797
282650,normal,1516,0,1782361931.803429,0.0021505355834960938
282651,normal,1712,0,1782361931.8054059,0.0019769668579101562
282652,normal,3564,0,1782361931.807282,0.0018761157989501953
282653,normal,1461,0,1782361931.8094318,0.002149820327758789
282654,normal,1199,0,1782361931.8114042,0.0019724369049072266
282655,normal,3613,0,1782361931.8132758,0.0018715858459472656
282656,normal,1510,0,1782361931.8155828,0.0023069381713867188
282657,normal,2278,0,1782361931.8174253,0.001842498779296875
282658,normal,1391,0,1782361931.8193402,0.00191497802734375
282659,normal,465,0,1782361931.8214698,0.0021295547485351562
282660,normal,484,0,1782361931.8234766,0.0020067691802978516
282661,normal,3141,1,1782361931.8252873,0.0018107891082763672
282662,normal,2563,0,1782361931.827483,0.002195596694946289
282663,normal,1655,0,1782361931.8294098,0.0019268989562988281
282664,normal,2969,0,1782361931.8312824,0.0018725395202636719
282665,normal,756,0,1782361931.8334272,0.0021448135375976562
282666,normal,3029,0,1782361931.8354046,0.0019774436950683594
282667,normal,1337,1,1782361931.8373,0.0018954277038574219
282668,normal,999,2,1782361931.839485,0.0021848678588867188
282669,normal,3590,0,1782361931.8413017,0.0018167495727539062
282670,normal,684,0,1782361931.8433063,0.0020046234130859375
282671,normal,1597,0,1782361931.845469,0.0021626949310302734
282672,normal,332,0,1782361931.847444,0.0019750595092773438
282673,normal,3191,1,1782361931.849269,0.0018248558044433594
282674,normal,1124,0,1782361931.8515127,0.0022437572479248047
282675,normal,2881,0,1782361931.8533032,0.0017905235290527344
282676,normal,1099,0,1782361931.8552828,0.0019795894622802734
282677,normal,2674,0,1782361931.8574488,0.0021660327911376953
282678,normal,581,0,1782361931.8594477,0.0019989013671875
282679,normal,954,2,1782361931.8612719,0.0018241405487060547
282680,normal,1425,0,1782361931.8634496,0.002177715301513672
282681,normal,1173,0,1782361931.8654459,0.001996278762817383
282682,normal,40,0,1782361931.8672695,0.0018236637115478516
282683,normal,1078,0,1782361931.8694458,0.0021762847900390625
282684,normal,3588,0,1782361931.8714483,0.0020024776458740234
282685,normal,1718,0,1782361931.8732762,0.0018279552459716797
282686,normal,1413,0,1782361931.8754535,0.0021772384643554688
282687,normal,839,2,1782361931.877429,0.001975536346435547
282688,normal,435,0,1782361931.8792691,0.0018401145935058594
282689,normal,2443,0,1782361931.8814523,0.002183198928833008
282690,normal,1488,0,1782361931.8834572,0.002004861831665039
282691,normal,1816,0,1782361931.8852723,0.0018150806427001953
282692,normal,3131,1,1782361931.8874507,0.0021784305572509766
282693,normal,3393,1,1782361931.8894455,0.0019948482513427734
282694,normal,3520,0,1782361931.8912704,0.0018248558044433594
282695,normal,3006,0,1782361931.8934457,0.0021753311157226562
282696,normal,587,0,1782361931.8954482,0.0020024776458740234
282697,normal,781,2,1782361931.8972754,0.001827239990234375
282698,normal,696,0,1782361931.8994508,0.0021753311157226562
282699,normal,1842,0,1782361931.9014442,0.001993417739868164
282700,normal,2197,0,1782361931.9032712,0.0018270015716552734
282701,normal,2458,0,1782361931.9056225,0.0023512840270996094
282702,normal,3048,1,1782361931.9073,0.0016775131225585938
282703,normal,2237,0,1782361931.9092767,0.0019767284393310547
282704,normal,1229,0,1782361931.9114525,0.0021758079528808594
282705,normal,1283,0,1782361931.9134536,0.002001047134399414
282706,normal,2734,0,1782361931.9152732,0.001819610595703125
282707,normal,2372,0,1782361931.9174516,0.0021784305572509766
282708,normal,3347,1,1782361931.9194486,0.0019969940185546875
282709,normal,616,0,1782361931.9212816,0.0018329620361328125
282710,normal,2099,0,1782361931.9234488,0.002167224884033203
282711,normal,184,0,1782361931.9254465,0.001997709274291992
282712,normal,2329,0,1782361931.9272714,0.0018248558044433594
282713,normal,3532,0,1782361931.929297,0.002025604248046875
282714,normal,173,0,1782361931.931447,0.0021500587463378906
282715,normal,3343,1,1782361931.9332812,0.0018341541290283203
282716,normal,3329,1,1782361931.9354486,0.0021674633026123047
282717,normal,409,0,1782361931.937448,0.001999378204345703
282718,normal,1203,0,1782361931.9392705,0.0018224716186523438
282719,normal,3330,1,1782361931.941447,0.002176523208618164
282720,normal,1242,0,1782361931.943449,0.0020020008087158203
282721,normal,1064,0,1782361931.9452903,0.0018413066864013672
282722,normal,17,0,1782361931.9474516,0.002161264419555664
282723,normal,2062,0,1782361931.9494457,0.0019941329956054688
282724,normal,238,0,1782361931.9512744,0.0018286705017089844
282725,normal,1517,0,1782361931.9534457,0.0021712779998779297
282726,normal,1408,0,1782361931.9554563,0.0020105838775634766
282727,normal,3204,1,1782361931.95729,0.0018336772918701172
282728,normal,1110,0,1782361931.959448,0.0021581649780273438
282729,normal,1462,0,1782361931.9614446,0.0019965171813964844
282730,normal,271,0,1782361931.9632764,0.0018317699432373047
282731,normal,1702,0,1782361931.965446,0.0021696090698242188
282732,normal,1552,0,1782361931.9674494,0.0020034313201904297
282733,normal,1566,0,1782361931.9693034,0.00185394287109375
282734,normal,2475,0,1782361931.9714484,0.002145051956176758
282735,normal,1522,0,1782361931.9734473,0.0019989013671875
282736,normal,564,0,1782361931.975277,0.0018296241760253906
282737,normal,1238,0,1782361931.9774456,0.0021686553955078125
282738,normal,3024,0,1782361931.9794626,0.0020170211791992188
282739,normal,2832,0,1782361931.9813015,0.0018389225006103516
282740,normal,2760,0,1782361931.9834483,0.0021467208862304688
282741,normal,1922,0,1782361931.9854465,0.0019981861114501953
282742,normal,856,2,1782361931.9872792,0.001832723617553711
282743,normal,272,0,1782361931.9894474,0.0021681785583496094
282744,normal,1265,0,1782361931.9914503,0.0020029544830322266
282745,normal,736,0,1782361931.9933045,0.0018541812896728516
282746,normal,1201,0,1782361931.9954565,0.002151966094970703
282747,normal,2875,0,1782361931.997445,0.001988649368286133
282748,normal,2090,0,1782361931.999286,0.001840829849243164
282749,normal,2726,0,1782361932.001448,0.0021619796752929688
282750,normal,969,2,1782361932.0034552,0.0020072460174560547
282751,normal,393,0,1782361932.005284,0.001828908920288086
282752,normal,347,0,1782361932.0074494,0.0021653175354003906
282753,normal,1113,0,1782361932.009453,0.0020036697387695312
282754,normal,244,0,1782361932.011276,0.0018229484558105469
282755,normal,1690,0,1782361932.0134523,0.0021762847900390625
282756,normal,1588,0,1782361932.0154448,0.001992464065551758
282757,normal,2127,0,1782361932.0172892,0.0018444061279296875
282758,normal,1720,0,1782361932.0194473,0.0021581649780273438
282759,normal,3307,1,1782361932.021451,0.0020036697387695312
282760,normal,1466,0,1782361932.0233018,0.0018508434295654297
282761,normal,3350,1,1782361932.025449,0.002147197723388672
282762,normal,2291,0,1782361932.0274465,0.0019974708557128906
282763,normal,748,0,1782361932.0292964,0.0018498897552490234
282764,normal,2579,0,1782361932.0314457,0.002149343490600586
282765,normal,594,0,1782361932.0334566,0.002010822296142578
282766,normal,939,2,1782361932.0353024,0.0018458366394042969
282767,normal,605,0,1782361932.037472,0.0021696090698242188
282768,normal,2973,0,1782361932.0394711,0.0019991397857666016
282769,normal,2573,0,1782361932.0412807,0.0018095970153808594
282770,normal,3380,1,1782361932.0434237,0.0021429061889648438
282771,normal,3159,1,1782361932.0454075,0.0019838809967041016
282772,normal,1156,0,1782361932.0472572,0.0018496513366699219
282773,normal,2177,0,1782361932.0494123,0.0021550655364990234
282774,normal,3337,1,1782361932.051425,0.0020127296447753906
282775,normal,2954,0,1782361932.0532663,0.0018413066864013672
282776,normal,3004,0,1782361932.0553849,0.0021185874938964844
282777,normal,2996,0,1782361932.0573707,0.001985788345336914
282778,normal,1010,2,1782361932.0592253,0.0018546581268310547
282779,normal,1000,2,1782361932.0613754,0.0021500587463378906
282780,normal,1939,0,1782361932.0632758,0.0019004344940185547
282781,normal,1563,0,1782361932.065256,0.001980304718017578
282782,normal,532,0,1782361932.0672612,0.0020051002502441406
282783,normal,1490,0,1782361932.069255,0.001993894577026367
282784,normal,1967,0,1782361932.0712242,0.0019690990447998047
282785,normal,2715,0,1782361932.0733004,0.0020761489868164062
282786,normal,934,2,1782361932.0752914,0.0019910335540771484
282787,normal,743,0,1782361932.0772989,0.0020074844360351562
282788,normal,3096,1,1782361932.0792992,0.0020003318786621094
282789,normal,607,0,1782361932.0812945,0.0019953250885009766
282790,normal,2627,0,1782361932.0832386,0.0019440650939941406
282791,normal,3218,1,1782361932.0852711,0.0020325183868408203
282792,normal,3216,1,1782361932.0872982,0.0020270347595214844
282793,normal,2029,0,1782361932.0892398,0.001941680908203125
282794,normal,590,0,1782361932.0912957,0.0020558834075927734
282795,normal,1621,0,1782361932.0932965,0.0020008087158203125
282796,normal,1388,0,1782361932.0952392,0.0019426345825195312
282797,normal,1049,0,1782361932.0972962,0.0020570755004882812
282798,normal,1863,0,1782361932.0993006,0.002004384994506836
282799,normal,2994,0,1782361932.1012392,0.0019385814666748047
282800,normal,682,0,1782361932.1032958,0.002056598663330078
282801,normal,3338,1,1782361932.1053197,0.002023935317993164
282802,normal,1577,0,1782361932.108081,0.002761363983154297
282803,normal,964,2,1782361932.109416,0.0013349056243896484
282804,normal,2292,0,1782361932.1115043,0.002088308334350586
282805,normal,3529,0,1782361932.113253,0.001748800277709961
282806,normal,1344,1,1782361932.1154115,0.0021584033966064453
282807,normal,367,0,1782361932.1176038,0.002192258834838867
282808,normal,1167,0,1782361932.11925,0.001646280288696289
282809,normal,675,0,1782361932.1214137,0.0021636486053466797
282810,normal,3271,1,1782361932.1234207,0.002007007598876953
282811,normal,734,0,1782361932.1252584,0.0018377304077148438
282812,normal,3089,1,1782361932.1272562,0.001997709274291992
282813,normal,731,0,1782361932.1294138,0.0021576881408691406
282814,normal,2641,0,1782361932.1312773,0.0018634796142578125
282815,normal,1617,0,1782361932.133425,0.002147674560546875
282816,normal,19,0,1782361932.1354115,0.0019865036010742188
282817,normal,861,2,1782361932.1373088,0.0018973350524902344
282818,normal,182,0,1782361932.1394207,0.0021119117736816406
282819,normal,2946,0,1782361932.1414032,0.001982450485229492
282820,normal,3111,1,1782361932.1433284,0.0019252300262451172
282821,normal,996,2,1782361932.1454668,0.002138376235961914
282822,normal,3501,0,1782361932.1473992,0.001932382583618164
282823,normal,1873,0,1782361932.1493375,0.0019383430480957031
282824,normal,2489,0,1782361932.1515822,0.002244710922241211
282825,normal,290,0,1782361932.1532934,0.001711130142211914
282826,normal,754,0,1782361932.1553557,0.0020623207092285156
282827,normal,830,2,1782361932.157429,0.0020732879638671875
282828,normal,2537,0,1782361932.1594493,0.0020203590393066406
282829,normal,1600,0,1782361932.1613562,0.0019068717956542969
282830,normal,2300,0,1782361932.1635003,0.0021440982818603516
282831,normal,1938,0,1782361932.1656013,0.0021009445190429688
282832,normal,3079,1,1782361932.16731,0.0017087459564208984
282833,normal,3572,0,1782361932.1695411,0.002231121063232422
282834,normal,1214,0,1782361932.171418,0.0018768310546875
282835,normal,2002,0,1782361932.1734908,0.0020728111267089844
282836,normal,1957,0,1782361932.1753588,0.0018680095672607422
282837,normal,3471,0,1782361932.1774714,0.0021126270294189453
282838,normal,1983,0,1782361932.1793306,0.0018591880798339844
282839,normal,2017,0,1782361932.1814272,0.0020966529846191406
282840,normal,3464,0,1782361932.1834242,0.0019969940185546875
282841,normal,1833,0,1782361932.1853259,0.0019016265869140625
282842,normal,3348,1,1782361932.1874614,0.0021355152130126953
282843,normal,851,2,1782361932.189444,0.0019826889038085938
282844,normal,3385,1,1782361932.191384,0.001940011978149414
282845,normal,2188,0,1782361932.1934333,0.0020492076873779297
282846,normal,3363,1,1782361932.1955178,0.002084493637084961
282847,normal,3314,1,1782361932.1972833,0.0017654895782470703
282848,normal,2227,0,1782361932.199373,0.0020897388458251953
282849,normal,1498,0,1782361932.2014484,0.0020754337310791016
282850,normal,1154,0,1782361932.2033162,0.0018677711486816406
282851,normal,597,0,1782361932.2054574,0.002141237258911133
282852,normal,386,0,1782361932.2074456,0.0019881725311279297
282853,normal,2095,0,1782361932.209305,0.001859426498413086
282854,normal,898,2,1782361932.2114635,0.0021584033966064453
282855,normal,559,0,1782361932.213469,0.0020055770874023438
282856,normal,2918,0,1782361932.215352,0.0018830299377441406
282857,normal,3027,0,1782361932.2172904,0.0019383430480957031
282858,normal,1272,0,1782361932.219453,0.0021626949310302734
282859,normal,467,0,1782361932.2213333,0.0018801689147949219
282860,normal,2040,0,1782361932.2235346,0.0022013187408447266
282861,normal,2355,0,1782361932.2252934,0.0017588138580322266
282862,normal,1457,0,1782361932.2274547,0.002161264419555664
282863,normal,1302,0,1782361932.2292936,0.0018389225006103516
282864,normal,3239,1,1782361932.231447,0.0021533966064453125
282865,normal,426,0,1782361932.2332659,0.0018188953399658203
282866,normal,3375,1,1782361932.2354267,0.002160787582397461
282867,normal,1210,0,1782361932.2374098,0.001983165740966797
282868,normal,1820,0,1782361932.2393208,0.0019109249114990234
282869,normal,1606,0,1782361932.241437,0.0021162033081054688
282870,normal,3394,1,1782361932.243409,0.0019719600677490234
282871,normal,812,2,1782361932.245298,0.0018889904022216797
282872,normal,2319,0,1782361932.24748,0.0021820068359375
282873,normal,3146,1,1782361932.2494357,0.001955747604370117
282874,normal,186,0,1782361932.2513752,0.001939535140991211
282875,normal,2350,0,1782361932.2534444,0.002069234848022461
282876,normal,3648,0,1782361932.2554488,0.002004384994506836
282877,normal,1274,0,1782361932.2572727,0.0018239021301269531
282878,normal,2580,0,1782361932.2594817,0.0022089481353759766
282879,normal,552,0,1782361932.2615566,0.0020749568939208984
282880,normal,2416,0,1782361932.2633286,0.0017719268798828125
282881,normal,537,0,1782361932.2655382,0.0022096633911132812
282882,normal,1496,0,1782361932.26731,0.001771688461303711
282883,normal,1303,0,1782361932.2693472,0.0020372867584228516
282884,normal,2064,0,1782361932.2714806,0.0021333694458007812
282885,normal,2518,0,1782361932.2734306,0.0019500255584716797
282886,normal,2301,0,1782361932.2753801,0.0019495487213134766
282887,normal,2406,0,1782361932.277423,0.0020427703857421875
282888,normal,3183,1,1782361932.2794905,0.00206756591796875
282889,normal,2581,0,1782361932.2813115,0.0018210411071777344
282890,normal,981,2,1782361932.2834525,0.0021409988403320312
282891,normal,598,0,1782361932.2854538,0.0020012855529785156
282892,normal,3680,0,1782361932.2873106,0.0018568038940429688
282893,normal,2558,0,1782361932.2894766,0.0021660327911376953
282894,normal,803,2,1782361932.2915566,0.0020799636840820312
282895,normal,3514,0,1782361932.2933435,0.001786947250366211
282896,normal,1252,0,1782361932.2955174,0.002173900604248047
282897,normal,3319,1,1782361932.2975056,0.0019881725311279297
282898,normal,2576,0,1782361932.299283,0.0017774105072021484
282899,normal,2287,0,1782361932.3014932,0.0022101402282714844
282900,normal,529,0,1782361932.303452,0.0019588470458984375
282901,normal,1981,0,1782361932.3053467,0.0018947124481201172
282902,normal,1745,0,1782361932.3074262,0.002079486846923828
282903,normal,434,0,1782361932.3094385,0.0020122528076171875
282904,normal,3455,0,1782361932.311364,0.0019254684448242188
282905,normal,3448,0,1782361932.3132846,0.0019207000732421875
282906,normal,1689,0,1782361932.315455,0.0021703243255615234
282907,normal,718,0,1782361932.3173552,0.0019001960754394531
282908,normal,102,0,1782361932.3194559,0.002100706100463867
282909,normal,3258,1,1782361932.3214538,0.0019979476928710938
282910,normal,1182,0,1782361932.323357,0.0019032955169677734
282911,normal,823,2,1782361932.3255017,0.0021445751190185547
282912,normal,3154,1,1782361932.327418,0.0019164085388183594
282913,normal,1647,0,1782361932.3292851,0.001867055892944336
282914,normal,2729,0,1782361932.3313844,0.002099275588989258
282915,normal,872,2,1782361932.33347,0.0020856857299804688
282916,normal,2925,0,1782361932.3353455,0.0018754005432128906
282917,normal,888,2,1782361932.3374648,0.002119302749633789
282918,normal,78,0,1782361932.339562,0.0020971298217773438
282919,normal,838,2,1782361932.3412952,0.0017333030700683594
282920,normal,3331,1,1782361932.3435342,0.0022389888763427734
282921,normal,1565,0,1782361932.3453057,0.0017714500427246094
282922,normal,1603,0,1782361932.3473437,0.0020380020141601562
282923,normal,1636,0,1782361932.3496022,0.0022585391998291016
282924,normal,331,0,1782361932.3512664,0.0016641616821289062
282925,normal,3395,1,1782361932.3533123,0.002045869827270508
282926,normal,2748,0,1782361932.3552625,0.0019502639770507812
282927,normal,1338,1,1782361932.3573816,0.0021190643310546875
282928,normal,3340,1,1782361932.359222,0.001840353012084961
282929,normal,3562,0,1782361932.3612278,0.0020058155059814453
282930,normal,1351,1,1782361932.3632414,0.002013683319091797
282931,normal,302,0,1782361932.3652124,0.001971006393432617
282932,normal,983,2,1782361932.3672357,0.0020232200622558594
282933,normal,837,2,1782361932.3692412,0.0020055770874023438
282934,normal,1777,0,1782361932.3712437,0.0020024776458740234
282935,normal,3576,0,1782361932.3732939,0.002050161361694336
282936,normal,1758,0,1782361932.3752663,0.0019724369049072266
282937,normal,3627,0,1782361932.3772721,0.0020058155059814453
282938,normal,732,0,1782361932.3792617,0.001989603042602539
282939,normal,3621,0,1782361932.3812554,0.0019936561584472656
282940,normal,374,0,1782361932.3832202,0.0019648075103759766
282941,normal,2491,0,1782361932.385272,0.002051830291748047
282942,normal,515,0,1782361932.3872697,0.001997709274291992
282943,normal,2094,0,1782361932.3892474,0.001977682113647461
282944,normal,1623,0,1782361932.3912358,0.0019884109497070312
282945,normal,2190,0,1782361932.3932426,0.0020067691802978516
282946,normal,3594,0,1782361932.3952143,0.001971721649169922
282947,normal,558,0,1782361932.397266,0.0020515918731689453
282948,normal,686,0,1782361932.3992815,0.0020155906677246094
282949,normal,313,0,1782361932.4012475,0.0019659996032714844
282950,normal,2465,0,1782361932.4032726,0.002025127410888672
282951,normal,2971,0,1782361932.4053018,0.0020291805267333984
282952,normal,772,2,1782361932.407269,0.001967191696166992
282953,normal,2262,0,1782361932.4092708,0.0020017623901367188
282954,normal,1742,0,1782361932.4112628,0.0019919872283935547
282955,normal,2206,0,1782361932.4133751,0.0021123886108398438
282956,normal,2407,0,1782361932.4152415,0.0018663406372070312
282957,normal,1772,0,1782361932.4173014,0.0020599365234375
282958,normal,61,0,1782361932.4192219,0.001920461654663086
282959,normal,1812,0,1782361932.4212582,0.0020363330841064453
282960,normal,2976,0,1782361932.4232748,0.0020165443420410156
282961,normal,1094,0,1782361932.4252117,0.0019369125366210938
282962,normal,3459,0,1782361932.4272978,0.002086162567138672
282963,normal,822,2,1782361932.4294055,0.0021076202392578125
282964,normal,2091,0,1782361932.43121,0.0018045902252197266
282965,normal,1653,0,1782361932.4332461,0.0020360946655273438
282966,normal,1102,0,1782361932.4353027,0.002056598663330078
282967,normal,1219,0,1782361932.437244,0.0019412040710449219
282968,normal,795,2,1782361932.439302,0.0020580291748046875
282969,normal,2727,0,1782361932.4413004,0.001998424530029297
282970,normal,1553,0,1782361932.4432786,0.001978158950805664
282971,normal,93,0,1782361932.4453144,0.002035856246948242
282972,normal,615,0,1782361932.4473011,0.0019867420196533203
282973,normal,321,0,1782361932.449276,0.001974821090698242
282974,normal,1810,0,1782361932.4512622,0.001986265182495117
282975,normal,1308,0,1782361932.4532988,0.002036571502685547
282976,normal,2038,0,1782361932.455249,0.0019502639770507812
282977,normal,3108,1,1782361932.4572794,0.0020303726196289062
282978,normal,344,0,1782361932.4593,0.002020597457885742
282979,normal,3008,0,1782361932.4612806,0.0019805431365966797
282980,normal,2226,0,1782361932.4632626,0.001981973648071289
282981,normal,1536,0,1782361932.4652984,0.002035856246948242
282982,normal,206,0,1782361932.467254,0.0019555091857910156
282983,normal,3450,0,1782361932.469331,0.0020771026611328125
282984,normal,1135,0,1782361932.4713216,0.0019905567169189453
282985,normal,1007,2,1782361932.4732769,0.001955270767211914
282986,normal,33,0,1782361932.475276,0.0019991397857666016
282987,normal,1704,0,1782361932.4773028,0.002026796340942383
282988,normal,2812,0,1782361932.479278,0.0019752979278564453
282989,normal,3109,1,1782361932.481277,0.0019989013671875
282990,normal,1928,0,1782361932.4832988,0.00202178955078125
282991,normal,2014,0,1782361932.4852414,0.0019426345825195312
282992,normal,2898,0,1782361932.4873152,0.0020737648010253906
282993,normal,1268,0,1782361932.4893072,0.0019919872283935547
282994,normal,765,0,1782361932.4912755,0.0019683837890625
282995,normal,897,2,1782361932.4932756,0.002000093460083008
282996,normal,561,0,1782361932.4953048,0.0020291805267333984
282997,normal,2123,0,1782361932.4972737,0.001968860626220703
282998,normal,2854,0,1782361932.4992456,0.0019719600677490234
282999,normal,3468,0,1782361932.5013142,0.0020685195922851562
283000,normal,1186,0,1782361932.5032427,0.001928567886352539
283001,normal,2117,0,1782361932.5053337,0.002090930938720703
283002,normal,372,0,1782361932.5073037,0.001970052719116211
283003,normal,1244,0,1782361932.509281,0.001977205276489258
283004,normal,3274,1,1782361932.5112429,0.001961946487426758
283005,normal,2933,0,1782361932.5133426,0.002099752426147461
283006,normal,3175,1,1782361932.5152714,0.0019288063049316406
283007,normal,2934,0,1782361932.517279,0.0020074844360351562
283008,normal,287,0,1782361932.519304,0.002025127410888672
283009,normal,2257,0,1782361932.52128,0.00197601318359375
283010,normal,2175,0,1782361932.5232399,0.0019598007202148438
283011,normal,2269,0,1782361932.5252972,0.002057313919067383
283012,normal,3592,0,1782361932.527242,0.0019447803497314453
283013,normal,800,2,1782361932.529335,0.002093076705932617
283014,normal,1882,0,1782361932.5313294,0.0019943714141845703
283015,normal,1147,0,1782361932.5332406,0.001911163330078125
283016,normal,3059,1,1782361932.5352976,0.0020570755004882812
283017,normal,1108,0,1782361932.537298,0.0020003318786621094
283018,normal,3270,1,1782361932.53924,0.0019419193267822266
283019,normal,3301,1,1782361932.5413415,0.0021016597747802734
283020,normal,2176,0,1782361932.5433192,0.001977682113647461
283021,normal,3410,0,1782361932.5452785,0.0019593238830566406
283022,normal,2294,0,1782361932.5472403,0.0019617080688476562
283023,normal,165,0,1782361932.5492988,0.0020585060119628906
283024,normal,2210,0,1782361932.5512402,0.0019414424896240234
283025,normal,3512,0,1782361932.553335,0.002094745635986328
283026,normal,234,0,1782361932.555317,0.001981973648071289
283027,normal,430,0,1782361932.5572777,0.00196075439453125
283028,normal,2678,0,1782361932.5592477,0.001970052719116211
283029,normal,1398,0,1782361932.561333,0.0020852088928222656
283030,normal,1710,0,1782361932.5632823,0.001949310302734375
283031,normal,3595,0,1782361932.5652392,0.001956939697265625
283032,normal,1693,0,1782361932.567298,0.002058744430541992
283033,normal,2724,0,1782361932.569279,0.001981019973754883
283034,normal,2388,0,1782361932.5712597,0.0019807815551757812
283035,normal,716,0,1782361932.5732992,0.0020394325256347656
283036,normal,611,0,1782361932.575277,0.0019779205322265625
283037,normal,3467,0,1782361932.5773075,0.0020303726196289062
283038,normal,94,0,1782361932.579304,0.0019965171813964844
283039,normal,672,0,1782361932.5812783,0.001974344253540039
283040,normal,1558,0,1782361932.5832405,0.0019621849060058594
283041,normal,2376,0,1782361932.5852964,0.0020558834075927734
283042,normal,578,0,1782361932.5873096,0.0020132064819335938
283043,normal,1579,0,1782361932.5892556,0.0019459724426269531
283044,normal,2086,0,1782361932.591287,0.0020313262939453125
283045,normal,1293,0,1782361932.59325,0.0019631385803222656
283046,normal,1376,1,1782361932.595342,0.0020918846130371094
283047,normal,1149,0,1782361932.5973232,0.0019812583923339844
283048,normal,609,0,1782361932.5993698,0.0020465850830078125
283049,normal,1937,0,1782361932.6014156,0.002045869827270508
283050,normal,345,0,1782361932.6035645,0.002148866653442383
283051,normal,210,0,1782361932.606269,0.0027043819427490234
283052,normal,895,2,1782361932.6073294,0.00106048583984375
283053,normal,3505,0,1782361932.6094458,0.0021164417266845703
283054,normal,1945,0,1782361932.6111982,0.0017523765563964844
283055,normal,2770,0,1782361932.6132693,0.0020711421966552734
283056,normal,1433,0,1782361932.6153362,0.0020668506622314453
283057,normal,1811,0,1782361932.6172004,0.0018641948699951172
283058,normal,368,0,1782361932.619314,0.0021135807037353516
283059,normal,1133,0,1782361932.6212797,0.001965761184692383
283060,normal,1762,0,1782361932.6232364,0.0019567012786865234
283061,normal,2788,0,1782361932.625354,0.002117633819580078
283062,normal,1273,0,1782361932.627452,0.0020978450775146484
283063,normal,1372,1,1782361932.629295,0.0018432140350341797
283064,normal,455,0,1782361932.631508,0.002213001251220703
283065,normal,2267,0,1782361932.6332474,0.0017392635345458984
283066,normal,3283,1,1782361932.6353137,0.002066373825073242
283067,normal,2655,0,1782361932.6372068,0.0018930435180664062
283068,normal,3310,1,1782361932.6393075,0.002100706100463867
283069,normal,2472,0,1782361932.6412394,0.001931905746459961
283070,normal,1001,2,1782361932.6432288,0.0019893646240234375
283071,normal,555,0,1782361932.64531,0.002081155776977539
283072,normal,1743,0,1782361932.6472542,0.0019443035125732422
283073,normal,1053,0,1782361932.6493459,0.002091646194458008
283074,normal,2168,0,1782361932.651308,0.0019621849060058594
283075,normal,1889,0,1782361932.6532328,0.001924753189086914
283076,normal,1531,0,1782361932.6553464,0.0021135807037353516
283077,normal,3379,1,1782361932.657305,0.001958608627319336
283078,normal,1533,0,1782361932.6592536,0.0019485950469970703
283079,normal,1875,0,1782361932.6615045,0.0022509098052978516
283080,normal,3057,1,1782361932.66342,0.0019154548645019531
283081,normal,400,0,1782361932.6652977,0.0018777847290039062
283082,normal,2303,0,1782361932.6673448,0.0020470619201660156
283083,normal,2656,0,1782361932.6693165,0.001971721649169922
283084,normal,2312,0,1782361932.671269,0.0019524097442626953
283085,normal,1225,0,1782361932.6733787,0.0021097660064697266
283086,normal,1230,0,1782361932.67531,0.0019311904907226562
283087,normal,3625,0,1782361932.6772969,0.001986980438232422
283088,normal,277,0,1782361932.6793954,0.002098560333251953
283089,normal,3254,1,1782361932.68138,0.0019845962524414062
283090,normal,2584,0,1782361932.6833138,0.0019338130950927734
283091,normal,3371,1,1782361932.6854217,0.002107858657836914
283092,normal,2471,0,1782361932.6874363,0.002014636993408203
283093,normal,1157,0,1782361932.689316,0.0018796920776367188
283094,normal,3269,1,1782361932.6914232,0.0021071434020996094
283095,normal,1020,2,1782361932.6933463,0.0019230842590332031
283096,normal,3629,0,1782361932.6952727,0.001926422119140625
283097,normal,887,2,1782361932.6973877,0.002115011215209961
283098,normal,145,0,1782361932.6993876,0.0019998550415039062
283099,normal,2936,0,1782361932.7012377,0.001850128173828125
283100,normal,3401,1,1782361932.7033463,0.0021085739135742188
283101,normal,2404,0,1782361932.7053397,0.001993417739868164
283102,normal,1700,0,1782361932.7072463,0.0019066333770751953
283103,normal,2838,0,1782361932.7097838,0.0025374889373779297
283104,normal,2820,0,1782361932.7112095,0.0014257431030273438
283105,normal,2539,0,1782361932.7134113,0.0022017955780029297
283106,normal,1809,0,1782361932.7152925,0.0018811225891113281
283107,normal,1921,0,1782361932.7173767,0.0020842552185058594
283108,normal,3608,0,1782361932.7191997,0.0018229484558105469
283109,normal,2170,0,1782361932.7212412,0.0020415782928466797
283110,normal,1640,0,1782361932.7232778,0.002036571502685547
283111,normal,956,2,1782361932.725206,0.001928091049194336
283112,normal,1221,0,1782361932.7272346,0.0020287036895751953
283113,normal,3157,1,1782361932.7292287,0.0019941329956054688
283114,normal,1719,0,1782361932.7315304,0.0023016929626464844
283115,normal,2528,0,1782361932.7333999,0.0018694400787353516
283116,normal,2965,0,1782361932.73546,0.0020601749420166016
283117,normal,3556,0,1782361932.737403,0.0019428730010986328
283118,normal,3210,1,1782361932.739367,0.001964092254638672
283119,normal,2196,0,1782361932.741451,0.002084016799926758
283120,normal,2035,0,1782361932.7432752,0.0018241405487060547
283121,normal,2361,0,1782361932.745449,0.002173900604248047
283122,normal,1253,0,1782361932.747421,0.0019719600677490234
283123,normal,1131,0,1782361932.7492235,0.0018024444580078125
283124,normal,788,2,1782361932.751325,0.002101421356201172
283125,normal,2883,0,1782361932.7533286,0.0020036697387695312
283126,normal,777,2,1782361932.7553275,0.0019989013671875
283127,normal,322,0,1782361932.7574012,0.0020737648010253906
283128,normal,1447,0,1782361932.7593358,0.0019345283508300781
283129,normal,2494,0,1782361932.7612164,0.001880645751953125
283130,normal,2700,0,1782361932.7633245,0.0021080970764160156
283131,normal,849,2,1782361932.7655032,0.002178668975830078
283132,normal,1092,0,1782361932.767383,0.0018799304962158203
283133,normal,3093,1,1782361932.7693017,0.0019185543060302734
283134,normal,2611,0,1782361932.771488,0.002186298370361328
283135,normal,3574,0,1782361932.7732427,0.0017547607421875
283136,normal,1068,0,1782361932.775497,0.0022542476654052734
283137,normal,2149,0,1782361932.7773426,0.0018455982208251953
283138,normal,1721,0,1782361932.7792354,0.0018928050994873047
283139,normal,1014,2,1782361932.781528,0.002292633056640625
283140,normal,3397,1,1782361932.783395,0.001867055892944336
283141,normal,3188,1,1782361932.7852306,0.0018355846405029297
283142,normal,2359,0,1782361932.787386,0.002155303955078125
283143,normal,2021,0,1782361932.7893956,0.0020096302032470703
283144,normal,200,0,1782361932.7912197,0.0018241405487060547
283145,normal,1046,0,1782361932.7933848,0.002165079116821289
283146,normal,1948,0,1782361932.7953744,0.001989603042602539
283147,normal,1343,1,1782361932.797242,0.001867532730102539
283148,normal,2454,0,1782361932.7994368,0.0021948814392089844
283149,normal,2908,0,1782361932.80187,0.002433300018310547
283150,normal,1341,1,1782361932.8033683,0.0014982223510742188
283151,normal,3610,0,1782361932.8052194,0.0018510818481445312
283152,normal,3291,1,1782361932.8072605,0.0020411014556884766
283153,normal,1824,0,1782361932.809234,0.001973390579223633
283154,normal,1040,0,1782361932.8114307,0.002196788787841797
283155,normal,874,2,1782361932.813469,0.002038240432739258
283156,normal,2599,0,1782361932.815381,0.0019121170043945312
283157,normal,3631,0,1782361932.817393,0.002012014389038086
283158,normal,918,2,1782361932.819592,0.002198934555053711
283159,normal,3681,0,1782361932.8214614,0.0018694400787353516
283160,normal,1382,0,1782361932.823373,0.0019116401672363281
283161,normal,36,0,1782361932.8254178,0.002044677734375
283162,normal,356,0,1782361932.8272557,0.0018379688262939453
283163,normal,1980,0,1782361932.829439,0.002183198928833008
283164,normal,2155,0,1782361932.8314412,0.002002239227294922
283165,normal,755,0,1782361932.8333464,0.001905202865600586
283166,normal,2921,0,1782361932.8354414,0.0020949840545654297
283167,normal,3645,0,1782361932.8374622,0.0020208358764648438
283168,normal,2796,0,1782361932.8393986,0.0019364356994628906
283169,normal,1177,0,1782361932.8415055,0.002106904983520508
283170,normal,3072,1,1782361932.8434556,0.0019500255584716797
283171,normal,3081,1,1782361932.8452876,0.0018320083618164062
283172,normal,2802,0,1782361932.8474813,0.0021936893463134766
283173,normal,389,0,1782361932.8494656,0.0019843578338623047
283174,normal,3453,0,1782361932.8513763,0.0019106864929199219
283175,normal,2523,0,1782361932.8532403,0.0018639564514160156
283176,normal,653,0,1782361932.8553383,0.00209808349609375
283177,normal,2644,0,1782361932.857253,0.0019147396087646484
283178,normal,1321,1,1782361932.8593469,0.002093791961669922
283179,normal,2126,0,1782361932.8613503,0.0020034313201904297
283180,normal,273,0,1782361932.8633137,0.001963376998901367
283181,normal,447,0,1782361932.865365,0.0020513534545898438
283182,normal,3086,1,1782361932.86732,0.0019550323486328125
283183,normal,26,0,1782361932.8693142,0.0019941329956054688
283184,normal,1846,0,1782361932.8713086,0.0019943714141845703
283185,normal,2184,0,1782361932.8733091,0.002000570297241211
283186,normal,2615,0,1782361932.875317,0.0020079612731933594
283187,normal,568,0,1782361932.8773665,0.0020494461059570312
283188,normal,2667,0,1782361932.8797727,0.0024061203002929688
283189,normal,1180,0,1782361932.88126,0.0014872550964355469
283190,normal,2566,0,1782361932.8833354,0.0020754337310791016
283191,normal,2519,0,1782361932.8853896,0.0020542144775390625
283192,normal,1539,0,1782361932.8873098,0.0019202232360839844
283193,normal,2464,0,1782361932.8893085,0.0019986629486083984
283194,normal,2565,0,1782361932.8913035,0.001995086669921875
283195,normal,1379,1,1782361932.8933392,0.0020356178283691406
283196,normal,1527,0,1782361932.8953943,0.0020551681518554688
283197,normal,1722,0,1782361932.8973591,0.0019648075103759766
283198,normal,551,0,1782361932.899375,0.002015829086303711
283199,normal,1750,0,1782361932.9014459,0.002070903778076172
283200,normal,6,0,1782361932.903462,0.0020160675048828125
283201,normal,37,0,1782361932.9053333,0.001871347427368164
283202,normal,164,0,1782361932.9074514,0.0021181106567382812
283203,normal,56,0,1782361932.9094093,0.0019578933715820312
283204,normal,585,0,1782361932.9112945,0.0018851757049560547
283205,normal,944,2,1782361932.9132886,0.0019941329956054688
283206,normal,2870,0,1782361932.9152899,0.0020012855529785156
283207,normal,360,0,1782361932.9174578,0.002167940139770508
283208,normal,726,0,1782361932.9192164,0.001758575439453125
283209,normal,907,2,1782361932.9212859,0.0020694732666015625
283210,normal,2223,0,1782361932.923289,0.002003192901611328
283211,normal,3354,1,1782361932.9253254,0.0020363330841064453
283212,normal,3267,1,1782361932.9277465,0.002421140670776367
283213,normal,588,0,1782361932.92936,0.0016133785247802734
283214,normal,2771,0,1782361932.931575,0.002215147018432617
283215,normal,1703,0,1782361932.9333212,0.0017461776733398438
283216,normal,2685,0,1782361932.9353456,0.002024412155151367
283217,normal,2823,0,1782361932.937338,0.001992464065551758
283218,normal,896,2,1782361932.9393427,0.0020046234130859375
283219,normal,2316,0,1782361932.9414418,0.0020990371704101562
283220,normal,1241,0,1782361932.943406,0.0019643306732177734
283221,normal,2632,0,1782361932.9452908,0.0018846988677978516
283222,normal,739,0,1782361932.9471955,0.0019047260284423828
283223,normal,711,0,1782361932.9492376,0.002042055130004883
283224,normal,41,0,1782361932.951238,0.0020003318786621094
283225,normal,2365,0,1782361932.9532356,0.001997709274291992
283226,normal,1267,0,1782361932.9553576,0.0021219253540039062
283227,normal,1985,0,1782361932.9573443,0.0019867420196533203
283228,normal,29,0,1782361932.9592917,0.0019474029541015625
283229,normal,913,2,1782361932.9613452,0.002053499221801758
283230,normal,3296,1,1782361932.963365,0.0020198822021484375
283231,normal,681,0,1782361932.9652057,0.0018405914306640625
283232,normal,3638,0,1782361932.9674425,0.0022368431091308594
283233,normal,370,0,1782361932.9693885,0.0019459724426269531
283234,normal,1593,0,1782361932.9712696,0.0018811225891113281
283235,normal,2450,0,1782361932.97362,0.002350330352783203
283236,normal,436,0,1782361932.9756515,0.002031564712524414
283237,normal,412,0,1782361932.9772644,0.0016129016876220703
283238,normal,1213,0,1782361932.9791853,0.001920938491821289
283239,normal,2741,0,1782361932.9812207,0.002035379409790039
283240,normal,3248,1,1782361932.9832284,0.002007722854614258
283241,normal,3553,0,1782361932.9852257,0.001997232437133789
283242,normal,3128,1,1782361932.9872224,0.001996755599975586
283243,normal,1251,0,1782361932.9892576,0.0020351409912109375
283244,normal,2740,0,1782361932.9913156,0.0020580291748046875
283245,normal,296,0,1782361932.9933622,0.0020465850830078125
283246,normal,2651,0,1782361932.9953852,0.002022981643676758
283247,normal,3286,1,1782361932.9973853,0.002000093460083008
283248,normal,2457,0,1782361932.9993145,0.0019292831420898438
283249,normal,1121,0,1782361933.001364,0.0020494461059570312
283250,normal,2956,0,1782361933.0032969,0.0019328594207763672
283251,normal,2827,0,1782361933.0053961,0.002099275588989258
283252,normal,544,0,1782361933.0072536,0.0018575191497802734
283253,normal,445,0,1782361933.009344,0.0020904541015625
283254,normal,1542,0,1782361933.0113392,0.001995086669921875
283255,normal,741,0,1782361933.0132535,0.0019142627716064453
283256,normal,1574,0,1782361933.0153716,0.0021181106567382812
283257,normal,3599,0,1782361933.0173461,0.0019745826721191406
283258,normal,3044,0,1782361933.0193927,0.0020465850830078125
283259,normal,763,0,1782361933.021325,0.001932382583618164
283260,normal,2568,0,1782361933.0233324,0.0020072460174560547
283261,normal,291,0,1782361933.0253158,0.0019834041595458984
283262,normal,3442,0,1782361933.027313,0.001997232437133789
283263,normal,2649,0,1782361933.0293217,0.002008676528930664
283264,normal,2981,0,1782361933.0313418,0.002020120620727539
283265,normal,2785,0,1782361933.0333753,0.0020334720611572266
283266,normal,3197,1,1782361933.0355465,0.0021712779998779297
283267,normal,1035,0,1782361933.0372465,0.0016999244689941406
283268,normal,3184,1,1782361933.039331,0.002084493637084961
283269,normal,51,0,1782361933.0413928,0.0020618438720703125
283270,normal,2992,0,1782361933.0433066,0.0019137859344482422
283271,normal,857,2,1782361933.04529,0.0019834041595458984
283272,normal,3641,0,1782361933.047317,0.0020270347595214844
283273,normal,3581,0,1782361933.0493386,0.0020215511322021484
283274,normal,2808,0,1782361933.051386,0.0020475387573242188
283275,normal,2473,0,1782361933.053354,0.001967906951904297
283276,normal,1581,0,1782361933.0553756,0.0020215511322021484
283277,normal,2987,0,1782361933.057459,0.0020835399627685547
283278,normal,1638,0,1782361933.0594409,0.0019817352294921875
283279,normal,1122,0,1782361933.061297,0.001856088638305664
283280,normal,975,2,1782361933.0634272,0.002130270004272461
283281,normal,45,0,1782361933.0655115,0.0020842552185058594
283282,normal,160,0,1782361933.0672233,0.0017118453979492188
283283,normal,74,0,1782361933.0692883,0.002064943313598633
283284,normal,1194,0,1782361933.0712893,0.002001047134399414
283285,normal,21,0,1782361933.0733123,0.002022981643676758
283286,normal,5,0,1782361933.0753474,0.0020351409912109375
283287,normal,2924,0,1782361933.0772886,0.0019412040710449219
283288,normal,1997,0,1782361933.0792885,0.0019998550415039062
283289,normal,402,0,1782361933.0812871,0.0019986629486083984
283290,normal,1976,0,1782361933.0834572,0.002170085906982422
283291,normal,2408,0,1782361933.0854306,0.001973390579223633
283292,normal,1929,0,1782361933.0874007,0.001970052719116211
283293,normal,2344,0,1782361933.0893881,0.001987457275390625
283294,normal,3320,1,1782361933.091334,0.0019459724426269531
283295,normal,3484,0,1782361933.093333,0.0019989013671875
283296,normal,1528,0,1782361933.0953436,0.0020105838775634766
283297,normal,599,0,1782361933.0974376,0.0020940303802490234
283298,normal,3194,1,1782361933.0994873,0.002049684524536133
283299,normal,1047,0,1782361933.1013367,0.0018494129180908203
283300,normal,1732,0,1782361933.103331,0.0019943714141845703
283301,normal,1615,0,1782361933.105332,0.0020008087158203125
283302,normal,2061,0,1782361933.107338,0.002006053924560547
283303,normal,710,0,1782361933.1093478,0.002009868621826172
283304,normal,3345,1,1782361933.111372,0.0020241737365722656
283305,normal,443,0,1782361933.1133392,0.001967191696166992
283306,normal,2809,0,1782361933.115341,0.0020017623901367188
283307,normal,506,0,1782361933.1176224,0.0022814273834228516
283308,normal,2814,0,1782361933.1199546,0.0023322105407714844
283309,normal,2950,0,1782361933.1212301,0.0012755393981933594
283310,normal,2200,0,1782361933.123261,0.0020308494567871094
283311,normal,1800,0,1782361933.125465,0.0022039413452148438
283312,normal,348,0,1782361933.127311,0.0018460750579833984
283313,normal,1793,0,1782361933.129423,0.0021119117736816406
283314,normal,2264,0,1782361933.1314356,0.0020127296447753906
283315,normal,2101,0,1782361933.1334214,0.001985788345336914
283316,normal,54,0,1782361933.1352203,0.001798868179321289
283317,normal,572,0,1782361933.137853,0.002632617950439453
283318,normal,3522,0,1782361933.1393178,0.00146484375
283319,normal,358,0,1782361933.1412833,0.0019655227661132812
283320,normal,2479,0,1782361933.143338,0.0020546913146972656
283321,normal,586,0,1782361933.1453276,0.001989603042602539
283322,normal,3403,0,1782361933.1472542,0.0019266605377197266
283323,normal,86,0,1782361933.149332,0.002077817916870117
283324,normal,1681,0,1782361933.1513305,0.001998424530029297
283325,normal,2773,0,1782361933.1533432,0.0020127296447753906
283326,normal,127,0,1782361933.1553636,0.0020203590393066406
283327,normal,2417,0,1782361933.1573145,0.001950979232788086
283328,normal,481,0,1782361933.1593938,0.0020792484283447266
283329,normal,3065,1,1782361933.161293,0.0018992424011230469
283330,normal,2054,0,1782361933.1633675,0.0020744800567626953
283331,normal,2577,0,1782361933.1652966,0.0019290447235107422
283332,normal,584,0,1782361933.167406,0.002109527587890625
283333,normal,1795,0,1782361933.1692555,0.0018494129180908203
283334,normal,329,0,1782361933.1713297,0.0020742416381835938
283335,normal,1081,0,1782361933.1733387,0.0020089149475097656
283336,normal,1019,2,1782361933.1752512,0.0019125938415527344
283337,normal,3688,0,1782361933.1773367,0.002085447311401367
283338,normal,1383,0,1782361933.1793523,0.0020155906677246094
283339,normal,44,0,1782361933.1813066,0.001954317092895508
283340,normal,804,2,1782361933.1833344,0.002027750015258789
283341,normal,3674,0,1782361933.1853392,0.002004861831665039
283342,normal,2919,0,1782361933.187317,0.001977682113647461
283343,normal,3655,0,1782361933.1893294,0.002012491226196289
283344,normal,3138,1,1782361933.1913211,0.001991748809814453
283345,normal,3422,0,1782361933.1932547,0.0019335746765136719
283346,normal,1137,0,1782361933.1953688,0.0021140575408935547
283347,normal,2848,0,1782361933.1976078,0.0022389888763427734
283348,normal,850,2,1782361933.1992517,0.0016438961029052734
283349,normal,307,0,1782361933.2013333,0.002081632614135742
283350,normal,2096,0,1782361933.2033665,0.002033233642578125
283351,normal,2906,0,1782361933.2051864,0.0018198490142822266
283352,normal,2440,0,1782361933.2072203,0.0020339488983154297
283353,normal,3171,1,1782361933.2092216,0.0020012855529785156
283354,normal,1511,0,1782361933.2112763,0.0020546913146972656
283355,normal,1934,0,1782361933.2133005,0.0020241737365722656
283356,normal,2575,0,1782361933.215304,0.0020034313201904297
283357,normal,2601,0,1782361933.2172487,0.0019447803497314453
283358,normal,3689,0,1782361933.2193613,0.0021126270294189453
283359,normal,2846,0,1782361933.2213454,0.001984119415283203
283360,normal,1958,0,1782361933.2233238,0.0019783973693847656
283361,normal,2478,0,1782361933.2253394,0.0020155906677246094
283362,normal,2804,0,1782361933.2273471,0.002007722854614258
283363,normal,3328,1,1782361933.2291932,0.0018460750579833984
283364,normal,2412,0,1782361933.2312198,0.0020265579223632812
283365,normal,428,0,1782361933.2332249,0.0020051002502441406
283366,normal,1969,0,1782361933.2353065,0.002081632614135742
283367,normal,1673,0,1782361933.2372522,0.0019457340240478516
283368,normal,2852,0,1782361933.239221,0.001968860626220703
283369,normal,809,2,1782361933.2412148,0.0019936561584472656
283370,normal,1237,0,1782361933.2432306,0.002015829086303711
283371,normal,320,0,1782361933.2454858,0.0022552013397216797
283372,normal,643,0,1782361933.2473645,0.0018787384033203125
283373,normal,2955,0,1782361933.249432,0.00206756591796875
283374,normal,1964,0,1782361933.2512832,0.0018510818481445312
283375,normal,3647,0,1782361933.2532609,0.001977682113647461
283376,normal,1387,0,1782361933.2552705,0.0020096302032470703
283377,normal,1361,1,1782361933.2572773,0.0020067691802978516
283378,normal,1070,0,1782361933.2593882,0.0021109580993652344
283379,normal,2571,0,1782361933.261316,0.0019278526306152344
283380,normal,2049,0,1782361933.2632759,0.0019598007202148438
283381,normal,2141,0,1782361933.2652667,0.001990795135498047
283382,normal,2010,0,1782361933.2672584,0.001991748809814453
283383,normal,3607,0,1782361933.269256,0.001997709274291992
283384,normal,159,0,1782361933.2712607,0.0020046234130859375
283385,normal,50,0,1782361933.2733586,0.0020978450775146484
283386,normal,3126,1,1782361933.2753897,0.002031087875366211
283387,normal,3656,0,1782361933.2772899,0.0019001960754394531
283388,normal,757,0,1782361933.2793646,0.002074718475341797
283389,normal,1162,0,1782361933.2813683,0.0020036697387695312
283390,normal,63,0,1782361933.2833185,0.0019502639770507812
283391,normal,2547,0,1782361933.2855887,0.002270221710205078
283392,normal,562,0,1782361933.2875018,0.0019130706787109375
283393,normal,854,2,1782361933.2894204,0.0019185543060302734
283394,normal,534,0,1782361933.2916093,0.0021889209747314453
283395,normal,523,0,1782361933.2938287,0.0022194385528564453
283396,normal,2701,0,1782361933.295295,0.0014662742614746094
283397,normal,1144,0,1782361933.2973957,0.002100706100463867
283398,normal,53,0,1782361933.2994182,0.0020225048065185547
283399,normal,2619,0,1782361933.3012662,0.001847982406616211
283400,normal,3628,0,1782361933.3034422,0.002176046371459961
283401,normal,118,0,1782361933.305436,0.0019936561584472656
283402,normal,1602,0,1782361933.3072662,0.0018303394317626953
283403,normal,3335,1,1782361933.309922,0.0026557445526123047
283404,normal,545,0,1782361933.311339,0.001416921615600586
283405,normal,1354,1,1782361933.3134,0.002061128616333008
283406,normal,408,0,1782361933.3153799,0.001979827880859375
283407,normal,1440,0,1782361933.3175106,0.002130746841430664
283408,normal,1487,0,1782361933.3192496,0.0017390251159667969
283409,normal,791,2,1782361933.321481,0.0022313594818115234
283410,normal,2157,0,1782361933.3234918,0.002010822296142578
283411,normal,1037,0,1782361933.3254194,0.0019276142120361328
283412,normal,2588,0,1782361933.3272955,0.0018761157989501953
283413,normal,3174,1,1782361933.3294108,0.0021152496337890625
283414,normal,1671,0,1782361933.3313763,0.0019655227661132812
283415,normal,3414,0,1782361933.333288,0.0019116401672363281
283416,normal,2661,0,1782361933.3354895,0.002201557159423828
283417,normal,3039,0,1782361933.3372574,0.001767873764038086
283418,normal,2439,0,1782361933.3394594,0.0022020339965820312
283419,normal,2552,0,1782361933.3414366,0.001977205276489258
283420,normal,3405,0,1782361933.343337,0.0019004344940185547
283421,normal,3377,1,1782361933.345415,0.0020780563354492188
283422,normal,1497,0,1782361933.3474119,0.001996755599975586
283423,normal,2430,0,1782361933.349505,0.002093076705932617
283424,normal,3352,1,1782361933.3512945,0.0017895698547363281
283425,normal,2759,0,1782361933.353346,0.0020515918731689453
283426,normal,2940,0,1782361933.35529,0.001943826675415039
283427,normal,3587,0,1782361933.3573794,0.0020895004272460938
283428,normal,1472,0,1782361933.3593886,0.002009153366088867
283429,normal,3585,0,1782361933.3613226,0.001934051513671875
283430,normal,1052,0,1782361933.3633552,0.0020325183868408203
283431,normal,1555,0,1782361933.3653526,0.0019974708557128906
283432,normal,1326,1,1782361933.3673303,0.001977682113647461
283433,normal,1159,0,1782361933.3693252,0.0019948482513427734
283434,normal,2448,0,1782361933.3713229,0.001997709274291992
283435,normal,3420,0,1782361933.3733468,0.002023935317993164
283436,normal,543,0,1782361933.3753963,0.0020494461059570312
283437,normal,1473,0,1782361933.37737,0.001973867416381836
283438,normal,2005,0,1782361933.3793957,0.002025604248046875
283439,normal,1815,0,1782361933.3813446,0.0019488334655761719
283440,normal,351,0,1782361933.3835168,0.002172231674194336
283441,normal,3386,1,1782361933.385244,0.0017271041870117188
283442,normal,2811,0,1782361933.387531,0.002287149429321289
283443,normal,3517,0,1782361933.389449,0.0019178390502929688
283444,normal,3169,1,1782361933.391349,0.0019001960754394531
283445,normal,1965,0,1782361933.3933465,0.0019974708557128906
283446,normal,1363,1,1782361933.3954473,0.002100706100463867
283447,normal,3246,1,1782361933.397345,0.0018978118896484375
283448,normal,1095,0,1782361933.399547,0.0022020339965820312
283449,normal,1085,0,1782361933.4013693,0.0018222332000732422
283450,normal,3421,0,1782361933.4033456,0.0019762516021728516
283451,normal,196,0,1782361933.4054496,0.002104043960571289
283452,normal,679,0,1782361933.407444,0.0019943714141845703
283453,normal,1197,0,1782361933.4093654,0.0019214153289794922
283454,normal,2259,0,1782361933.41161,0.0022444725036621094
283455,normal,968,2,1782361933.4133208,0.0017108917236328125
283456,normal,350,0,1782361933.4156444,0.002323627471923828
283457,normal,3193,1,1782361933.4173138,0.0016694068908691406
283458,normal,2315,0,1782361933.419342,0.002028226852416992
283459,normal,2982,0,1782361933.4212077,0.0018656253814697266
283460,normal,727,0,1782361933.4232361,0.0020284652709960938
283461,normal,2241,0,1782361933.4252372,0.002001047134399414
283462,normal,2752,0,1782361933.427285,0.0020477771759033203
283463,normal,903,2,1782361933.4292297,0.0019447803497314453
283464,normal,1557,0,1782361933.4312387,0.0020089149475097656
283465,normal,905,2,1782361933.4332354,0.001996755599975586
283466,normal,2396,0,1782361933.435392,0.002156496047973633
283467,normal,3182,1,1782361933.4373798,0.001987934112548828
283468,normal,1990,0,1782361933.4392784,0.0018985271453857422
283469,normal,1537,0,1782361933.441404,0.0021257400512695312
283470,normal,3130,1,1782361933.443373,0.001968860626220703
283471,normal,170,0,1782361933.445254,0.0018811225891113281
283472,normal,961,2,1782361933.4478886,0.0026345252990722656
283473,normal,2920,0,1782361933.4497783,0.0018897056579589844
283474,normal,932,2,1782361933.4512274,0.0014491081237792969
283475,normal,3578,0,1782361933.4533405,0.0021131038665771484
283476,normal,3020,0,1782361933.4553652,0.0020246505737304688
283477,normal,507,0,1782361933.4572814,0.0019161701202392578
283478,normal,1116,0,1782361933.4594378,0.002156496047973633
283479,normal,3103,1,1782361933.4613862,0.0019483566284179688
283480,normal,1608,0,1782361933.4634225,0.0020363330841064453
283481,normal,923,2,1782361933.4652553,0.001832723617553711
283482,normal,95,0,1782361933.4674575,0.002202272415161133
283483,normal,1975,0,1782361933.4693434,0.0018858909606933594
283484,normal,633,0,1782361933.4712653,0.0019218921661376953
283485,normal,266,0,1782361933.4733393,0.002074003219604492
283486,normal,3132,1,1782361933.4753597,0.0020203590393066406
283487,normal,853,2,1782361933.4773703,0.0020105838775634766
283488,normal,626,0,1782361933.479352,0.0019817352294921875
283489,normal,2876,0,1782361933.481245,0.0018930435180664062
283490,normal,1901,0,1782361933.4833481,0.002103090286254883
283491,normal,3203,1,1782361933.4853606,0.002012491226196289
283492,normal,3200,1,1782361933.487272,0.0019114017486572266
283493,normal,1134,0,1782361933.4894001,0.002128124237060547
283494,normal,366,0,1782361933.4914098,0.0020096302032470703
283495,normal,1334,1,1782361933.493223,0.0018131732940673828
283496,normal,1266,0,1782361933.4953656,0.002142667770385742
283497,normal,202,0,1782361933.4973783,0.0020127296447753906
283498,normal,2825,0,1782361933.4992886,0.0019102096557617188
283499,normal,629,0,1782361933.5012743,0.001985788345336914
283500,normal,1814,0,1782361933.503347,0.002072572708129883
283501,normal,2917,0,1782361933.505255,0.0019080638885498047
283502,normal,1245,0,1782361933.5073664,0.0021114349365234375
283503,normal,42,0,1782361933.509372,0.0020055770874023438
283504,normal,3705,0,1782361933.5112658,0.001893758773803711
283505,normal,3476,0,1782361933.5132728,0.002007007598876953
283506,normal,1548,0,1782361933.5153925,0.002119779586791992
283507,normal,2873,0,1782361933.51724,0.0018475055694580078
283508,normal,2692,0,1782361933.5193496,0.002109527587890625
283509,normal,1474,0,1782361933.52135,0.0020003318786621094
283510,normal,1915,0,1782361933.5232341,0.0018842220306396484
283511,normal,3333,1,1782361933.5253549,0.0021207332611083984
283512,normal,457,0,1782361933.5273602,0.002005338668823242
283513,normal,1152,0,1782361933.5292737,0.0019135475158691406
283514,normal,3596,0,1782361933.531523,0.0022492408752441406
283515,normal,2078,0,1782361933.5332863,0.0017633438110351562
283516,normal,1753,0,1782361933.5353746,0.002088308334350586
283517,normal,920,2,1782361933.537257,0.001882314682006836
283518,normal,1684,0,1782361933.5393865,0.0021295547485351562
283519,normal,3433,0,1782361933.541228,0.0018415451049804688
283520,normal,2826,0,1782361933.543344,0.002115964889526367
283521,normal,2810,0,1782361933.5453393,0.0019953250885009766
283522,normal,580,0,1782361933.5472608,0.0019214153289794922
283523,normal,2401,0,1782361933.5493922,0.0021314620971679688
283524,normal,2189,0,1782361933.5513778,0.0019855499267578125
283525,normal,3670,0,1782361933.55329,0.0019121170043945312
283526,normal,2082,0,1782361933.555446,0.0021560192108154297
283527,normal,2007,0,1782361933.5575993,0.0021533966064453125
283528,normal,3250,1,1782361933.559271,0.0016717910766601562
283529,normal,513,0,1782361933.5613909,0.002119779586791992
283530,normal,231,0,1782361933.5634432,0.00205230712890625
283531,normal,2248,0,1782361933.5652933,0.001850128173828125
283532,normal,1217,0,1782361933.5673668,0.002073526382446289
283533,normal,3697,0,1782361933.569325,0.001958131790161133
283534,normal,328,0,1782361933.571224,0.0018990039825439453
283535,normal,418,0,1782361933.5733774,0.0021533966064453125
283536,normal,953,2,1782361933.5753496,0.001972198486328125
283537,normal,2009,0,1782361933.5772414,0.0018918514251708984
283538,normal,3624,0,1782361933.5793352,0.002093791961669922
283539,normal,865,2,1782361933.581333,0.001997709274291992
283540,normal,2235,0,1782361933.5832276,0.0018947124481201172
283541,normal,2116,0,1782361933.5856147,0.0023870468139648438
283542,normal,1801,0,1782361933.5872924,0.0016777515411376953
283543,normal,449,0,1782361933.5894787,0.002186298370361328
283544,normal,1394,0,1782361933.5912414,0.0017626285552978516
283545,normal,2159,0,1782361933.5932674,0.002026081085205078
283546,normal,340,0,1782361933.5952437,0.0019762516021728516
283547,normal,3137,1,1782361933.5973575,0.002113819122314453
283548,normal,2799,0,1782361933.599479,0.002121448516845703
283549,normal,813,2,1782361933.6012654,0.0017864704132080078
283550,normal,2910,0,1782361933.6032548,0.0019893646240234375
283551,normal,1287,0,1782361933.6053495,0.002094745635986328
283552,normal,1616,0,1782361933.6072462,0.0018966197967529297
283553,normal,2013,0,1782361933.6093652,0.0021190643310546875
283554,normal,2878,0,1782361933.6113622,0.0019969940185546875
283555,normal,1852,0,1782361933.6134233,0.002061128616333008
283556,normal,3007,0,1782361933.6154277,0.002004384994506836
283557,normal,2502,0,1782361933.617425,0.001997232437133789
283558,normal,3349,1,1782361933.61931,0.0018849372863769531
283559,normal,2429,0,1782361933.621321,0.0020110607147216797
283560,normal,3391,1,1782361933.623414,0.002093076705932617
283561,normal,208,0,1782361933.625209,0.001795053482055664
283562,normal,2220,0,1782361933.627548,0.002338886260986328
283563,normal,1088,0,1782361933.629491,0.0019431114196777344
283564,normal,2426,0,1782361933.631308,0.0018169879913330078
283565,normal,1646,0,1782361933.6332443,0.001936197280883789
283566,normal,1744,0,1782361933.6356416,0.002397298812866211
283567,normal,3546,0,1782361933.637348,0.0017063617706298828
283568,normal,2541,0,1782361933.6392376,0.0018897056579589844
283569,normal,1036,0,1782361933.641343,0.0021054744720458984
283570,normal,1312,0,1782361933.6432374,0.001894235610961914
283571,normal,2967,0,1782361933.6453552,0.0021178722381591797
283572,normal,2405,0,1782361933.6473525,0.001997232437133789
283573,normal,1400,0,1782361933.6492338,0.0018813610076904297
283574,normal,3545,0,1782361933.651339,0.002105236053466797
283575,normal,3639,0,1782361933.653347,0.0020079612731933594
283576,normal,1212,0,1782361933.6552627,0.0019156932830810547
283577,normal,3140,1,1782361933.6574008,0.0021381378173828125
283578,normal,1039,0,1782361933.6592963,0.0018954277038574219
283579,normal,565,0,1782361933.6612217,0.0019254684448242188
283580,normal,2609,0,1782361933.6633644,0.002142667770385742
283581,normal,176,0,1782361933.665246,0.0018815994262695312
283582,normal,2033,0,1782361933.6672616,0.0020155906677246094
283583,normal,3077,1,1782361933.6692352,0.0019736289978027344
283584,normal,1751,0,1782361933.6712258,0.0019905567169189453
283585,normal,2167,0,1782361933.673239,0.0020132064819335938
283586,normal,205,0,1782361933.675385,0.002146005630493164
283587,normal,893,2,1782361933.6773741,0.001989126205444336
283588,normal,647,0,1782361933.6792593,0.0018851757049560547
283589,normal,2806,0,1782361933.6813858,0.002126455307006836
283590,normal,3245,1,1782361933.6833823,0.0019965171813964844
283591,normal,3469,0,1782361933.6852357,0.0018534660339355469
283592,normal,3202,1,1782361933.68739,0.0021543502807617188
283593,normal,106,0,1782361933.6893418,0.0019516944885253906
283594,normal,3376,1,1782361933.691242,0.0019001960754394531
283595,normal,1139,0,1782361933.693356,0.0021140575408935547
283596,normal,2348,0,1782361933.6953547,0.0019986629486083984
283597,normal,3703,0,1782361933.6972535,0.0018987655639648438
283598,normal,2217,0,1782361933.6992922,0.002038717269897461
283599,normal,485,0,1782361933.7013156,0.002023458480834961
283600,normal,3023,0,1782361933.7032156,0.0018999576568603516
283601,normal,378,0,1782361933.7053063,0.0020906925201416016
283602,normal,3565,0,1782361933.707314,0.002007722854614258
283603,normal,2493,0,1782361933.7091937,0.0018796920776367188
283604,normal,3449,0,1782361933.7112675,0.0020737648010253906
283605,normal,664,0,1782361933.7132561,0.001988649368286133
283606,normal,2058,0,1782361933.7152123,0.0019562244415283203
283607,normal,2420,0,1782361933.7173016,0.002089262008666992
283608,normal,1908,0,1782361933.71925,0.0019483566284179688
283609,normal,451,0,1782361933.721293,0.002043008804321289
283610,normal,2322,0,1782361933.7233202,0.002027273178100586
283611,normal,3100,1,1782361933.7252872,0.0019669532775878906
283612,normal,1375,1,1782361933.7272398,0.0019526481628417969
283613,normal,703,0,1782361933.7292418,0.0020020008087158203
283614,normal,2593,0,1782361933.7313166,0.002074718475341797
283615,normal,2630,0,1782361933.7332773,0.00196075439453125
283616,normal,1663,0,1782361933.7352176,0.0019402503967285156
283617,normal,530,0,1782361933.7372828,0.0020651817321777344
283618,normal,1697,0,1782361933.7391987,0.0019159317016601562
283619,normal,783,2,1782361933.7412522,0.002053499221801758
283620,normal,3334,1,1782361933.7432947,0.002042531967163086
283621,normal,3683,0,1782361933.7451897,0.0018949508666992188
283622,normal,141,0,1782361933.7472522,0.002062559127807617
283623,normal,762,0,1782361933.7492597,0.0020074844360351562
283624,normal,2422,0,1782361933.7511923,0.0019326210021972656
283625,normal,780,2,1782361933.753441,0.0022487640380859375
283626,normal,669,0,1782361933.7552736,0.0018324851989746094
283627,normal,2617,0,1782361933.7572362,0.0019626617431640625
283628,normal,2513,0,1782361933.7593126,0.002076387405395508
283629,normal,1664,0,1782361933.761263,0.0019502639770507812
283630,normal,2423,0,1782361933.7632208,0.0019578933715820312
283631,normal,2695,0,1782361933.7652774,0.002056598663330078
283632,normal,1175,0,1782361933.7672784,0.002001047134399414
283633,normal,820,2,1782361933.7692854,0.002007007598876953
283634,normal,1006,2,1782361933.7712343,0.0019488334655761719
283635,normal,1403,0,1782361933.77328,0.0020456314086914062
283636,normal,3623,0,1782361933.775218,0.0019381046295166016
283637,normal,482,0,1782361933.7772777,0.0020596981048583984
283638,normal,2332,0,1782361933.779284,0.0020062923431396484
283639,normal,3399,1,1782361933.781236,0.0019519329071044922
283640,normal,2271,0,1782361933.7833114,0.0020754337310791016
283641,normal,1079,0,1782361933.7852588,0.0019474029541015625
283642,normal,1005,2,1782361933.7872295,0.0019707679748535156
283643,normal,2549,0,1782361933.789508,0.002278566360473633
283644,normal,1766,0,1782361933.7915707,0.002062559127807617
283645,normal,3121,1,1782361933.7932434,0.0016727447509765625
283646,normal,2503,0,1782361933.7952423,0.0019989013671875
283647,normal,235,0,1782361933.7972908,0.002048492431640625
283648,normal,794,2,1782361933.7992587,0.001967906951904297
283649,normal,177,0,1782361933.8012748,0.0020160675048828125
283650,normal,1679,0,1782361933.8033042,0.0020294189453125
283651,normal,318,0,1782361933.8053434,0.002039194107055664
283652,normal,2671,0,1782361933.8072407,0.0018973350524902344
283653,normal,3134,1,1782361933.8093288,0.0020880699157714844
283654,normal,2600,0,1782361933.8112645,0.001935720443725586
283655,normal,2999,0,1782361933.8132327,0.0019681453704833984
283656,normal,3499,0,1782361933.8152528,0.002020120620727539
283657,normal,846,2,1782361933.8172379,0.0019850730895996094
283658,normal,1377,1,1782361933.819311,0.002073049545288086
283659,normal,3323,1,1782361933.8213022,0.00199127197265625
283660,normal,3129,1,1782361933.8232198,0.0019176006317138672
283661,normal,2174,0,1782361933.8254154,0.002195596694946289
283662,normal,10,0,1782361933.8273473,0.001931905746459961
283663,normal,1826,0,1782361933.8292344,0.0018870830535888672
283664,normal,3187,1,1782361933.8314266,0.002192258834838867
283665,normal,1105,0,1782361933.833389,0.001962423324584961
283666,normal,43,0,1782361933.8352091,0.0018200874328613281
283667,normal,877,2,1782361933.8373084,0.002099275588989258
283668,normal,1360,1,1782361933.8393178,0.0020093917846679688
283669,normal,1962,0,1782361933.8412445,0.0019266605377197266
283670,normal,79,0,1782361933.8432791,0.0020346641540527344
283671,normal,1984,0,1782361933.8452735,0.0019943714141845703
283672,normal,2506,0,1782361933.8472228,0.001949310302734375
283673,normal,2546,0,1782361933.8493052,0.002082347869873047
283674,normal,811,2,1782361933.8512857,0.0019805431365966797
283675,normal,2861,0,1782361933.8532205,0.0019347667694091797
283676,normal,1481,0,1782361933.855287,0.0020666122436523438
283677,normal,1255,0,1782361933.857293,0.0020058155059814453
283678,normal,2993,0,1782361933.859202,0.001909017562866211
283679,normal,2735,0,1782361933.8612628,0.0020608901977539062
283680,normal,1262,0,1782361933.863384,0.0021212100982666016
283681,normal,2242,0,1782361933.8652365,0.0018525123596191406
283682,normal,3593,0,1782361933.8673627,0.0021262168884277344
283683,normal,1825,0,1782361933.8693504,0.0019876956939697266
283684,normal,3463,0,1782361933.871264,0.0019135475158691406
283685,normal,3586,0,1782361933.8733919,0.0021278858184814453
283686,normal,764,0,1782361933.8754253,0.0020334720611572266
283687,normal,649,0,1782361933.8772554,0.0018301010131835938
283688,normal,2855,0,1782361933.8793707,0.0021152496337890625
283689,normal,2334,0,1782361933.881377,0.0020062923431396484
283690,normal,2391,0,1782361933.8832314,0.0018544197082519531
283691,normal,48,0,1782361933.8853412,0.0021097660064697266
283692,normal,1974,0,1782361933.8873448,0.0020036697387695312
283693,normal,884,2,1782361933.8892283,0.0018835067749023438
283694,normal,1392,0,1782361933.891426,0.002197742462158203
283695,normal,2214,0,1782361933.8933969,0.0019707679748535156
283696,normal,793,2,1782361933.8952959,0.0018990039825439453
283697,normal,1953,0,1782361933.8974469,0.002151012420654297
283698,normal,3474,0,1782361933.89942,0.0019731521606445312
283699,normal,2691,0,1782361933.9013202,0.0019001960754394531
283700,normal,966,2,1782361933.9034002,0.0020799636840820312
283701,normal,1670,0,1782361933.9054418,0.0020415782928466797
283702,normal,3012,0,1782361933.907477,0.0020351409912109375
283703,normal,2225,0,1782361933.910182,0.002705097198486328
283704,normal,3321,1,1782361933.9112184,0.0010364055633544922
283705,normal,1887,0,1782361933.913243,0.0020246505737304688
283706,normal,1100,0,1782361933.9152505,0.0020074844360351562
283707,normal,3306,1,1782361933.91735,0.0020995140075683594
283708,normal,1568,0,1782361933.9192882,0.0019381046295166016
283709,normal,2020,0,1782361933.9213343,0.0020461082458496094
283710,normal,2191,0,1782361933.9233568,0.0020225048065185547
283711,normal,490,0,1782361933.9253452,0.0019884109497070312
283712,normal,2625,0,1782361933.9272296,0.00188446044921875
283713,normal,1874,0,1782361933.9297569,0.0025272369384765625
283714,normal,1417,0,1782361933.9312992,0.0015423297882080078
283715,normal,848,2,1782361933.933398,0.0020987987518310547
283716,normal,2435,0,1782361933.9353392,0.0019412040710449219
283717,normal,1530,0,1782361933.9372416,0.0019023418426513672
283718,normal,3630,0,1782361933.9393735,0.002131938934326172
283719,normal,3462,0,1782361933.941303,0.0019295215606689453
283720,normal,2775,0,1782361933.9433062,0.002003192901611328
283721,normal,701,0,1782361933.9454732,0.0021669864654541016
283722,normal,721,0,1782361933.9473321,0.0018589496612548828
283723,normal,970,2,1782361933.9492388,0.0019066333770751953
283724,normal,3243,1,1782361933.9513514,0.0021126270294189453
283725,normal,1072,0,1782361933.9533513,0.0019998550415039062
283726,normal,405,0,1782361933.9552422,0.0018908977508544922
283727,normal,2468,0,1782361933.957363,0.0021207332611083984
283728,normal,986,2,1782361933.9594953,0.002132415771484375
283729,normal,1109,0,1782361933.961324,0.0018286705017089844
283730,normal,1141,0,1782361933.963294,0.001970052719116211
283731,normal,947,2,1782361933.9653835,0.0020895004272460938
283732,normal,1972,0,1782361933.9673052,0.0019216537475585938
283733,normal,1706,0,1782361933.9694052,0.0020999908447265625
283734,normal,2330,0,1782361933.9712956,0.001890420913696289
283735,normal,379,0,1782361933.9734445,0.002148866653442383
283736,normal,3447,0,1782361933.9753532,0.0019087791442871094
283737,normal,1043,0,1782361933.977339,0.001985788345336914
283738,normal,3280,1,1782361933.9794343,0.0020952224731445312
283739,normal,1324,1,1782361933.9815884,0.002154111862182617
283740,normal,692,0,1782361933.9833744,0.0017859935760498047
283741,normal,222,0,1782361933.9852273,0.0018529891967773438
283742,normal,2254,0,1782361933.9872265,0.0019991397857666016
283743,normal,1340,1,1782361933.989341,0.002114534378051758
283744,normal,3172,1,1782361933.9912364,0.0018954277038574219
283745,normal,1410,0,1782361933.9933407,0.0021042823791503906
283746,normal,1296,0,1782361933.9953465,0.0020058155059814453
283747,normal,753,0,1782361933.9972355,0.0018889904022216797
283748,normal,1198,0,1782361933.9993658,0.002130270004272461
283749,normal,2039,0,1782361934.0013864,0.002020597457885742
283750,normal,431,0,1782361934.0032923,0.0019059181213378906
283751,normal,1545,0,1782361934.005369,0.0020766258239746094
283752,normal,2801,0,1782361934.0073535,0.0019845962524414062
283753,normal,2548,0,1782361934.009257,0.001903533935546875
283754,normal,1350,1,1782361934.0112765,0.0020194053649902344
283755,normal,2640,0,1782361934.0134058,0.0021293163299560547
283756,normal,1479,0,1782361934.0152462,0.001840353012084961
283757,normal,1048,0,1782361934.0173588,0.0021126270294189453
283758,normal,1591,0,1782361934.0193882,0.0020294189453125
283759,normal,1991,0,1782361934.0212328,0.001844644546508789
283760,normal,1513,0,1782361934.023383,0.0021500587463378906
283761,normal,149,0,1782361934.0253778,0.0019948482513427734
283762,normal,3541,0,1782361934.0272937,0.0019159317016601562
283763,normal,2208,0,1782361934.0293748,0.002081155776977539
283764,normal,2140,0,1782361934.0313518,0.0019769668579101562
283765,normal,3709,0,1782361934.0332358,0.0018839836120605469
283766,normal,3660,0,1782361934.0353532,0.0021173954010009766
283767,normal,1849,0,1782361934.0373538,0.002000570297241211
283768,normal,1407,0,1782361934.0392423,0.0018885135650634766
283769,normal,659,0,1782361934.0413797,0.002137422561645508
283770,normal,919,2,1782361934.043409,0.0020294189453125
283771,normal,3560,0,1782361934.0454895,0.0020804405212402344
283772,normal,1598,0,1782361934.047265,0.001775503158569336
283773,normal,3618,0,1782361934.049383,0.0021178722381591797
283774,normal,2410,0,1782361934.0512574,0.0018744468688964844
283775,normal,474,0,1782361934.0533006,0.0020432472229003906
283776,normal,3090,1,1782361934.0553262,0.002025604248046875
283777,normal,2030,0,1782361934.057224,0.0018978118896484375
283778,normal,1275,0,1782361934.059344,0.0021200180053710938
283779,normal,3513,0,1782361934.0613883,0.002044200897216797
283780,normal,902,2,1782361934.0632775,0.0018892288208007812
283781,normal,2557,0,1782361934.0652735,0.0019960403442382812
283782,normal,1674,0,1782361934.0674205,0.0021469593048095703
283783,normal,3226,1,1782361934.0693223,0.001901865005493164
283784,normal,3691,0,1782361934.0713675,0.002045154571533203
283785,normal,2594,0,1782361934.0733614,0.001993894577026367
283786,normal,2938,0,1782361934.075348,0.0019865036010742188
283787,normal,317,0,1782361934.0773351,0.0019872188568115234
283788,normal,1668,0,1782361934.0794137,0.002078533172607422
283789,normal,2813,0,1782361934.081228,0.0018143653869628906
283790,normal,535,0,1782361934.083343,0.002115011215209961
283791,normal,1288,0,1782361934.085339,0.0019960403442382812
283792,normal,62,0,1782361934.087327,0.001987934112548828
283793,normal,3177,1,1782361934.0892427,0.0019156932830810547
283794,normal,1930,0,1782361934.091339,0.002096414566040039
283795,normal,1979,0,1782361934.0932224,0.0018832683563232422
283796,normal,1987,0,1782361934.0953422,0.002119779586791992
283797,normal,1837,0,1782361934.0974338,0.002091646194458008
283798,normal,3360,1,1782361934.09957,0.00213623046875
283799,normal,1667,0,1782361934.101324,0.0017540454864501953
283800,normal,745,0,1782361934.1036997,0.0023756027221679688
283801,normal,2442,0,1782361934.1052916,0.0015919208526611328
283802,normal,3612,0,1782361934.1074243,0.0021326541900634766
283803,normal,1059,0,1782361934.1093569,0.0019326210021972656
283804,normal,1190,0,1782361934.1112614,0.0019044876098632812
283805,normal,2383,0,1782361934.1134586,0.002197265625
283806,normal,250,0,1782361934.11547,0.0020112991333007812
283807,normal,1034,0,1782361934.1172335,0.0017635822296142578
283808,normal,105,0,1782361934.1193466,0.0021131038665771484
283809,normal,3649,0,1782361934.1213489,0.002002239227294922
283810,normal,3374,1,1782361934.1232402,0.0018913745880126953
283811,normal,2397,0,1782361934.125367,0.0021266937255859375
283812,normal,1101,0,1782361934.1272948,0.0019278526306152344
283813,normal,476,0,1782361934.1293848,0.002089977264404297
283814,normal,113,0,1782361934.1312463,0.001861572265625
283815,normal,3663,0,1782361934.1332748,0.0020284652709960938
283816,normal,3212,1,1782361934.1357837,0.002508878707885742
283817,normal,1313,0,1782361934.1377044,0.0019207000732421875
283818,normal,1521,0,1782361934.139234,0.001529693603515625
283819,normal,167,0,1782361934.1413379,0.0021038055419921875
283820,normal,2368,0,1782361934.143255,0.001917123794555664
283821,normal,1796,0,1782361934.1454005,0.002145528793334961
283822,normal,2495,0,1782361934.1473172,0.001916646957397461
283823,normal,2195,0,1782361934.1494613,0.0021440982818603516
283824,normal,497,0,1782361934.1514428,0.001981496810913086
283825,normal,121,0,1782361934.1532428,0.0018000602722167969
283826,normal,3400,1,1782361934.1557014,0.0024585723876953125
283827,normal,2108,0,1782361934.15737,0.001668691635131836
283828,normal,2295,0,1782361934.1592376,0.001867532730102539
283829,normal,2150,0,1782361934.161337,0.002099275588989258
283830,normal,1532,0,1782361934.1633482,0.0020112991333007812
283831,normal,1346,1,1782361934.165257,0.0019087791442871094
283832,normal,392,0,1782361934.167254,0.0019969940185546875
283833,normal,1805,0,1782361934.169353,0.0020990371704101562
283834,normal,3038,0,1782361934.1712444,0.0018913745880126953
283835,normal,1767,0,1782361934.1733654,0.0021209716796875
283836,normal,521,0,1782361934.176787,0.0034215450286865234
283837,normal,2419,0,1782361934.1772718,0.0004849433898925781
283838,normal,3550,0,1782361934.1793888,0.0021169185638427734
283839,normal,2774,0,1782361934.1813252,0.0019364356994628906
283840,normal,993,2,1782361934.183262,0.0019369125366210938
283841,normal,1850,0,1782361934.1852767,0.002014636993408203
283842,normal,2236,0,1782361934.187408,0.002131223678588867
283843,normal,3444,0,1782361934.189265,0.0018570423126220703
283844,normal,1968,0,1782361934.191251,0.0019860267639160156
283845,normal,2320,0,1782361934.1933672,0.0021162033081054688
283846,normal,334,0,1782361934.1952512,0.0018839836120605469
283847,normal,1752,0,1782361934.1973739,0.002122640609741211
283848,normal,690,0,1782361934.1993785,0.0020046234130859375
283849,normal,213,0,1782361934.2012804,0.001901865005493164
283850,normal,832,2,1782361934.2033923,0.0021119117736816406
283851,normal,3152,1,1782361934.2053533,0.0019609928131103516
283852,normal,3346,1,1782361934.2072334,0.0018801689147949219
283853,normal,1769,0,1782361934.209355,0.0021216869354248047
283854,normal,138,0,1782361934.2113492,0.0019941329956054688
283855,normal,1008,2,1782361934.2132375,0.001888275146484375
283856,normal,724,0,1782361934.215359,0.002121448516845703
283857,normal,1723,0,1782361934.2174027,0.0020437240600585938
283858,normal,1854,0,1782361934.2193353,0.0019326210021972656
283859,normal,1502,0,1782361934.2212954,0.0019600391387939453
283860,normal,1419,0,1782361934.223372,0.0020766258239746094
283861,normal,3056,1,1782361934.2252567,0.0018846988677978516
283862,normal,333,0,1782361934.2273781,0.002121448516845703
283863,normal,948,2,1782361934.2293434,0.0019652843475341797
283864,normal,1125,0,1782361934.2312264,0.0018830299377441406
283865,normal,825,2,1782361934.2333412,0.0021147727966308594
283866,normal,738,0,1782361934.2353768,0.0020356178283691406
283867,normal,1168,0,1782361934.2372885,0.0019116401672363281
283868,normal,2487,0,1782361934.2393878,0.002099275588989258
283869,normal,1021,2,1782361934.2413833,0.001995563507080078
283870,normal,2807,0,1782361934.2433238,0.0019404888153076172
283871,normal,2728,0,1782361934.2455745,0.00225067138671875
283872,normal,2762,0,1782361934.2473967,0.0018222332000732422
283873,normal,125,0,1782361934.249263,0.0018663406372070312
283874,normal,1845,0,1782361934.2514508,0.0021877288818359375
283875,normal,3554,0,1782361934.2534251,0.001974344253540039
283876,normal,2075,0,1782361934.2552278,0.001802682876586914
283877,normal,2307,0,1782361934.2573478,0.0021200180053710938
283878,normal,1193,0,1782361934.2593367,0.0019888877868652344
283879,normal,3636,0,1782361934.26123,0.0018932819366455078
283880,normal,3534,0,1782361934.2634168,0.0021867752075195312
283881,normal,1483,0,1782361934.2653458,0.0019290447235107422
283882,normal,840,2,1782361934.2672222,0.0018763542175292969
283883,normal,3563,0,1782361934.2693386,0.0021164417266845703
283884,normal,1894,0,1782361934.271338,0.001999378204345703
283885,normal,1373,1,1782361934.273571,0.0022330284118652344
283886,normal,2792,0,1782361934.2753122,0.001741170883178711
283887,normal,1888,0,1782361934.2775393,0.0022270679473876953
283888,normal,667,0,1782361934.2792497,0.0017104148864746094
283889,normal,2711,0,1782361934.2813485,0.0020987987518310547
283890,normal,129,0,1782361934.283345,0.0019965171813964844
283891,normal,1775,0,1782361934.2852476,0.0019025802612304688
283892,normal,1397,0,1782361934.287512,0.0022644996643066406
283893,normal,519,0,1782361934.2893627,0.0018506050109863281
283894,normal,1257,0,1782361934.2912545,0.0018918514251708984
283895,normal,2011,0,1782361934.2933543,0.002099752426147461
283896,normal,2310,0,1782361934.295369,0.002014636993408203
283897,normal,1609,0,1782361934.2972493,0.0018804073333740234
283898,normal,3369,1,1782361934.2993693,0.0021200180053710938
283899,normal,2055,0,1782361934.3015149,0.002145528793334961
283900,normal,766,0,1782361934.303427,0.0019121170043945312
283901,normal,337,0,1782361934.3053615,0.0019345283508300781
283902,normal,158,0,1782361934.3073983,0.0020368099212646484
283903,normal,602,0,1782361934.309319,0.0019207000732421875
283904,normal,2297,0,1782361934.3114393,0.0021202564239501953
283905,normal,2084,0,1782361934.3133092,0.0018699169158935547
283906,normal,2134,0,1782361934.3154285,0.002119302749633789
283907,normal,2042,0,1782361934.3174093,0.0019807815551757812
283908,normal,2411,0,1782361934.3193007,0.0018913745880126953
283909,normal,1779,0,1782361934.3212395,0.0019388198852539062
283910,normal,2482,0,1782361934.3235319,0.0022923946380615234
283911,normal,1629,0,1782361934.3254735,0.001941680908203125
283912,normal,1228,0,1782361934.3272607,0.0017871856689453125
283913,normal,1033,0,1782361934.3293433,0.0020825862884521484
283914,normal,1074,0,1782361934.3313358,0.001992464065551758
283915,normal,3279,1,1782361934.3332472,0.0019114017486572266
283916,normal,3475,0,1782361934.3353698,0.002122640609741211
283917,normal,194,0,1782361934.3373349,0.001965045928955078
283918,normal,2659,0,1782361934.3392353,0.0019004344940185547
283919,normal,3162,1,1782361934.341363,0.0021276473999023438
283920,normal,1320,1,1782361934.3433764,0.0020134449005126953
283921,normal,1869,0,1782361934.3452826,0.0019061565399169922
283922,normal,2352,0,1782361934.347411,0.0021283626556396484
283923,normal,509,0,1782361934.3492677,0.0018568038940429688
283924,normal,2884,0,1782361934.351317,0.0020492076873779297
283925,normal,383,0,1782361934.3532772,0.001960277557373047
283926,normal,1625,0,1782361934.3553112,0.0020339488983154297
283927,normal,2165,0,1782361934.3572392,0.001928091049194336
283928,normal,2747,0,1782361934.3592513,0.002012014389038086
283929,normal,1389,0,1782361934.361325,0.0020737648010253906
283930,normal,83,0,1782361934.3632028,0.0018777847290039062
283931,normal,3055,1,1782361934.3653383,0.0021355152130126953
283932,normal,1041,0,1782361934.3673015,0.0019631385803222656
283933,normal,557,0,1782361934.3692315,0.0019299983978271484
283934,normal,1309,0,1782361934.3713417,0.0021102428436279297
283935,normal,982,2,1782361934.373274,0.001932382583618164
283936,normal,2469,0,1782361934.3751853,0.001911163330078125
283937,normal,3064,1,1782361934.3774428,0.0022575855255126953
283938,normal,1075,0,1782361934.3793662,0.0019233226776123047
283939,normal,108,0,1782361934.3812351,0.0018689632415771484
283940,normal,2532,0,1782361934.3834128,0.002177715301513672
283941,normal,175,0,1782361934.3853924,0.0019795894622802734
283942,normal,3481,0,1782361934.3872988,0.0019063949584960938
283943,normal,2256,0,1782361934.389535,0.0022361278533935547
283944,normal,2421,0,1782361934.3913865,0.0018515586853027344
283945,normal,1345,1,1782361934.3932571,0.0018706321716308594
283946,normal,2794,0,1782361934.395439,0.0021817684173583984
283947,normal,1426,0,1782361934.3974032,0.0019643306732177734
283948,normal,1448,0,1782361934.3992307,0.0018274784088134766
283949,normal,1435,0,1782361934.401408,0.0021772384643554688
283950,normal,1464,0,1782361934.4033616,0.001953601837158203
283951,normal,1155,0,1782361934.40526,0.0018985271453857422
283952,normal,2613,0,1782361934.4074433,0.002183198928833008
283953,normal,1817,0,1782361934.40941,0.001966714859008789
283954,normal,1374,1,1782361934.4113073,0.0018973350524902344
283955,normal,264,0,1782361934.413496,0.0021886825561523438
283956,normal,1243,0,1782361934.415477,0.001981019973754883
283957,normal,155,0,1782361934.4172502,0.0017731189727783203
283958,normal,1662,0,1782361934.4192462,0.0019960403442382812
283959,normal,3120,1,1782361934.4212625,0.002016305923461914
283960,normal,2903,0,1782361934.4232318,0.0019693374633789062
283961,normal,429,0,1782361934.4252367,0.002004861831665039
283962,normal,3148,1,1782361934.4272208,0.001984119415283203
283963,normal,2381,0,1782361934.4292097,0.0019888877868652344
283964,normal,355,0,1782361934.4312356,0.0020258426666259766
283965,normal,432,0,1782361934.4334028,0.002167224884033203
283966,normal,384,0,1782361934.4352255,0.0018227100372314453
283967,normal,574,0,1782361934.4373374,0.0021119117736816406
283968,normal,471,0,1782361934.4393725,0.0020351409912109375
283969,normal,2500,0,1782361934.4412265,0.00185394287109375
283970,normal,2650,0,1782361934.4434972,0.0022706985473632812
283971,normal,2424,0,1782361934.4454434,0.0019462108612060547
283972,normal,909,2,1782361934.447296,0.0018525123596191406
283973,normal,2764,0,1782361934.4494524,0.002156496047973633
283974,normal,2604,0,1782361934.4513292,0.0018768310546875
283975,normal,3478,0,1782361934.453239,0.0019097328186035156
283976,normal,2797,0,1782361934.4553552,0.0021162033081054688
283977,normal,281,0,1782361934.4573627,0.0020074844360351562
283978,normal,3366,1,1782361934.4594407,0.0020780563354492188
283979,normal,2868,0,1782361934.461308,0.0018672943115234375
283980,normal,2299,0,1782361934.463348,0.0020399093627929688
283981,normal,240,0,1782361934.4652307,0.001882791519165039
283982,normal,685,0,1782361934.4673498,0.0021190643310546875
283983,normal,2772,0,1782361934.4693606,0.002010822296142578
283984,normal,1069,0,1782361934.4712484,0.0018877983093261719
283985,normal,3244,1,1782361934.4733953,0.0021469593048095703
283986,normal,722,0,1782361934.4753754,0.0019800662994384766
283987,normal,248,0,1782361934.4772458,0.0018703937530517578
283988,normal,3533,0,1782361934.4795215,0.002275705337524414
283989,normal,3000,0,1782361934.4818609,0.0023393630981445312
283990,normal,2343,0,1782361934.483319,0.0014581680297851562
283991,normal,335,0,1782361934.4853513,0.0020322799682617188
283992,normal,533,0,1782361934.4873734,0.0020220279693603516
283993,normal,1335,1,1782361934.4892857,0.0019123554229736328
283994,normal,3298,1,1782361934.491415,0.0021293163299560547
283995,normal,725,0,1782361934.4934237,0.002008676528930664
283996,normal,2914,0,1782361934.4953659,0.0019421577453613281
283997,normal,689,0,1782361934.4973116,0.0019457340240478516
283998,normal,3082,1,1782361934.4994528,0.002141237258911133
283999,normal,2515,0,1782361934.5015929,0.002140045166015625
284000,normal,1365,1,1782361934.5033479,0.0017549991607666016
284001,normal,475,0,1782361934.5052755,0.0019276142120361328
284002,normal,3367,1,1782361934.507401,0.0021255016326904297
284003,normal,2083,0,1782361934.5092578,0.0018568038940429688
284004,normal,3215,1,1782361934.512147,0.0028891563415527344
284005,normal,2782,0,1782361934.5132494,0.001102447509765625
284006,normal,463,0,1782361934.51538,0.0021305084228515625
284007,normal,1441,0,1782361934.5173984,0.002018451690673828
284008,normal,1634,0,1782361934.5193167,0.0019183158874511719
284009,normal,3001,0,1782361934.521305,0.0019884109497070312
284010,normal,965,2,1782361934.5234032,0.00209808349609375
284011,normal,325,0,1782361934.5254755,0.0020723342895507812
284012,normal,3557,0,1782361934.5273743,0.0018987655639648438
284013,normal,2723,0,1782361934.5293465,0.001972198486328125
284014,normal,201,0,1782361934.5314007,0.0020542144775390625
284015,normal,2616,0,1782361934.533264,0.001863241195678711
284016,normal,198,0,1782361934.535312,0.002048015594482422
284017,normal,2403,0,1782361934.5374155,0.002103567123413086
284018,normal,747,0,1782361934.539317,0.001901388168334961
284019,normal,1295,0,1782361934.5414028,0.0020859241485595703
284020,normal,2156,0,1782361934.5433426,0.0019397735595703125
284021,normal,361,0,1782361934.545402,0.002059459686279297
284022,normal,2304,0,1782361934.547411,0.0020089149475097656
284023,normal,2605,0,1782361934.5493586,0.001947641372680664
284024,normal,32,0,1782361934.5513415,0.0019829273223876953
284025,normal,2930,0,1782361934.5533955,0.002053976058959961
284026,normal,411,0,1782361934.5553877,0.0019922256469726562
284027,normal,1709,0,1782361934.5573876,0.0019998550415039062
284028,normal,3123,1,1782361934.5593958,0.002008199691772461
284029,normal,441,0,1782361934.561383,0.0019872188568115234
284030,normal,2104,0,1782361934.5633833,0.0020003318786621094
284031,normal,1250,0,1782361934.5654163,0.0020329952239990234
284032,normal,1627,0,1782361934.56737,0.001953601837158203
284033,normal,2260,0,1782361934.5694737,0.0021038055419921875
284034,normal,737,0,1782361934.5713284,0.0018546581268310547
284035,normal,2135,0,1782361934.573399,0.0020706653594970703
284036,normal,494,0,1782361934.5753763,0.001977205276489258
284037,normal,1439,0,1782361934.5774024,0.002026081085205078
284038,normal,3528,0,1782361934.5793805,0.001978158950805664
284039,normal,2779,0,1782361934.5813804,0.0019998550415039062
284040,normal,3642,0,1782361934.5833771,0.001996755599975586
284041,normal,1998,0,1782361934.5854387,0.002061605453491211
284042,normal,2907,0,1782361934.587374,0.0019352436065673828
284043,normal,3494,0,1782361934.5894344,0.002060413360595703
284044,normal,304,0,1782361934.5914164,0.001981973648071289
284045,normal,3679,0,1782361934.593381,0.001964569091796875
284046,normal,496,0,1782361934.5954642,0.002083301544189453
284047,normal,2340,0,1782361934.5972836,0.0018193721771240234
284048,normal,280,0,1782361934.5994735,0.0021898746490478516
284049,normal,2173,0,1782361934.6015053,0.0020318031311035156
284050,normal,3482,0,1782361934.6033385,0.001833200454711914
284051,normal,952,2,1782361934.605372,0.0020334720611572266
284052,normal,1508,0,1782361934.607386,0.00201416015625
284053,normal,2438,0,1782361934.6093729,0.0019867420196533203
284054,normal,2756,0,1782361934.6114712,0.0020983219146728516
284055,normal,1911,0,1782361934.613304,0.001832723617553711
284056,normal,1560,0,1782361934.6153686,0.0020647048950195312
284057,normal,75,0,1782361934.61737,0.0020012855529785156
284058,normal,1570,0,1782361934.6193774,0.0020074844360351562
284059,normal,2829,0,1782361934.621594,0.0022165775299072266
284060,normal,1192,0,1782361934.623372,0.0017781257629394531
284061,normal,2268,0,1782361934.625425,0.0020530223846435547
284062,normal,462,0,1782361934.627399,0.001973867416381836
284063,normal,169,0,1782361934.6293848,0.001985788345336914
284064,normal,1823,0,1782361934.631382,0.001997232437133789
284065,normal,1551,0,1782361934.6333816,0.0019996166229248047
284066,normal,269,0,1782361934.6353924,0.002010822296142578
284067,normal,1575,0,1782361934.637505,0.0021126270294189453
284068,normal,444,0,1782361934.639282,0.0017769336700439453
284069,normal,698,0,1782361934.6413894,0.002107381820678711
284070,normal,2187,0,1782361934.643389,0.0019996166229248047
284071,normal,2510,0,1782361934.645334,0.0019450187683105469
284072,normal,767,0,1782361934.6473985,0.0020644664764404297
284073,normal,241,0,1782361934.64939,0.0019915103912353516
284074,normal,3186,1,1782361934.6514995,0.002109527587890625
284075,normal,819,2,1782361934.6534662,0.001966714859008789
284076,normal,2161,0,1782361934.6554682,0.0020020008087158203
284077,normal,2219,0,1782361934.6573029,0.0018346309661865234
284078,normal,3180,1,1782361934.6594594,0.002156496047973633
284079,normal,2699,0,1782361934.6614633,0.002003908157348633
284080,normal,2768,0,1782361934.6633337,0.0018703937530517578
284081,normal,2216,0,1782361934.6655674,0.002233743667602539
284082,normal,1828,0,1782361934.667441,0.0018734931945800781
284083,normal,3030,0,1782361934.669292,0.0018510818481445312
284084,normal,601,0,1782361934.671475,0.0021829605102539062
284085,normal,2258,0,1782361934.6736112,0.00213623046875
284086,normal,3099,1,1782361934.6753712,0.0017600059509277344
284087,normal,2302,0,1782361934.677412,0.002040863037109375
284088,normal,3304,1,1782361934.6794007,0.001988649368286133
284089,normal,2137,0,1782361934.6813571,0.001956462860107422
284090,normal,2296,0,1782361934.6834092,0.0020520687103271484
284091,normal,1458,0,1782361934.6854043,0.001995086669921875
284092,normal,1171,0,1782361934.6873388,0.0019345283508300781
284093,normal,292,0,1782361934.689389,0.002050161361694336
284094,normal,1949,0,1782361934.6914132,0.0020241737365722656
284095,normal,2595,0,1782361934.6933687,0.0019555091857910156
284096,normal,3510,0,1782361934.6954465,0.002077817916870117
284097,normal,1585,0,1782361934.6974583,0.0020117759704589844
284098,normal,3156,1,1782361934.6993418,0.0018835067749023438
284099,normal,2028,0,1782361934.7014225,0.002080678939819336
284100,normal,2059,0,1782361934.703427,0.0020046234130859375
284101,normal,3070,1,1782361934.705384,0.001956939697265625
284102,normal,64,0,1782361934.7074213,0.0020372867584228516
284103,normal,133,0,1782361934.7093961,0.001974821090698242
284104,normal,2511,0,1782361934.711359,0.001962900161743164
284105,normal,1789,0,1782361934.7134068,0.0020477771759033203
284106,normal,1044,0,1782361934.7154179,0.0020110607147216797
284107,normal,246,0,1782361934.7173555,0.0019376277923583984
284108,normal,1493,0,1782361934.7194242,0.002068758010864258
284109,normal,3196,1,1782361934.7213712,0.0019469261169433594
284110,normal,2025,0,1782361934.7233186,0.0019474029541015625
284111,normal,1942,0,1782361934.7252955,0.0019769668579101562
284112,normal,1729,0,1782361934.7273276,0.002032041549682617
284113,normal,549,0,1782361934.729269,0.0019414424896240234
284114,normal,2564,0,1782361934.7312896,0.002020597457885742
284115,normal,3305,1,1782361934.733307,0.0020172595977783203
284116,normal,1317,0,1782361934.7353976,0.0020906925201416016
284117,normal,2624,0,1782361934.7374313,0.002033710479736328
284118,normal,2240,0,1782361934.7394476,0.002016305923461914
284119,normal,808,2,1782361934.7412713,0.0018236637115478516
284120,normal,740,0,1782361934.7434218,0.0021505355834960938
284121,normal,3358,1,1782361934.7454343,0.002012491226196289
284122,normal,1428,0,1782361934.7473447,0.0019104480743408203
284123,normal,665,0,1782361934.7493956,0.0020508766174316406
284124,normal,2781,0,1782361934.75139,0.0019943714141845703
284125,normal,398,0,1782361934.753337,0.0019469261169433594
284126,normal,1012,2,1782361934.7554579,0.0021209716796875
284127,normal,2676,0,1782361934.7573714,0.0019135475158691406
284128,normal,3192,1,1782361934.7593899,0.002018451690673828
284129,normal,2281,0,1782361934.7614834,0.0020935535430908203
284130,normal,1996,0,1782361934.7634292,0.0019457340240478516
284131,normal,1061,0,1782361934.76541,0.0019807815551757812
284132,normal,223,0,1782361934.7673595,0.0019495487213134766
284133,normal,816,2,1782361934.7694764,0.0021169185638427734
284134,normal,460,0,1782361934.7713976,0.0019211769104003906
284135,normal,2795,0,1782361934.773358,0.0019605159759521484
284136,normal,1858,0,1782361934.7753985,0.002040386199951172
284137,normal,3445,0,1782361934.777333,0.0019345283508300781
284138,normal,2418,0,1782361934.7793849,0.002051830291748047
284139,normal,1885,0,1782361934.7814567,0.002071857452392578
284140,normal,1746,0,1782361934.783249,0.0017921924591064453
284141,normal,1694,0,1782361934.7853808,0.002131938934326172
284142,normal,958,2,1782361934.7873828,0.0020020008087158203
284143,normal,2578,0,1782361934.7893875,0.0020046234130859375
284144,normal,1211,0,1782361934.7915497,0.0021622180938720703
284145,normal,1316,0,1782361934.79339,0.001840353012084961
284146,normal,1429,0,1782361934.7954023,0.0020122528076171875
284147,normal,1191,0,1782361934.797495,0.002092599868774414
284148,normal,3470,0,1782361934.7993457,0.0018508434295654297
284149,normal,2130,0,1782361934.8013535,0.002007722854614258
284150,normal,630,0,1782361934.803422,0.0020685195922851562
284151,normal,3255,1,1782361934.8054159,0.001993894577026367
284152,normal,862,2,1782361934.8075163,0.0021004676818847656
284153,normal,251,0,1782361934.8093345,0.0018181800842285156
284154,normal,136,0,1782361934.811414,0.002079486846923828
284155,normal,415,0,1782361934.813347,0.0019330978393554688
284156,normal,1834,0,1782361934.8154166,0.0020694732666015625
284157,normal,1935,0,1782361934.817408,0.0019915103912353516
284158,normal,423,0,1782361934.819351,0.0019428730010986328
284159,normal,419,0,1782361934.8214364,0.002085447311401367
284160,normal,2730,0,1782361934.8233795,0.0019431114196777344
284161,normal,1016,2,1782361934.8253613,0.0019817352294921875
284162,normal,3247,1,1782361934.8275418,0.0021805763244628906
284163,normal,3032,0,1782361934.829789,0.0022470951080322266
284164,normal,394,0,1782361934.8313673,0.0015783309936523438
284165,normal,2279,0,1782361934.8334038,0.002036571502685547
284166,normal,3158,1,1782361934.835422,0.0020182132720947266
284167,normal,373,0,1782361934.8373766,0.0019545555114746094
284168,normal,1276,0,1782361934.8394413,0.0020647048950195312
284169,normal,3559,0,1782361934.8414705,0.0020291805267333984
284170,normal,674,0,1782361934.8434584,0.001987934112548828
284171,normal,885,2,1782361934.8454142,0.001955747604370117
284172,normal,1216,0,1782361934.847366,0.0019519329071044922
284173,normal,134,0,1782361934.849783,0.002416849136352539
284174,normal,1973,0,1782361934.8513591,0.0015761852264404297
284175,normal,938,2,1782361934.8534143,0.0020551681518554688
284176,normal,2658,0,1782361934.855353,0.0019388198852539062
284177,normal,1773,0,1782361934.8573987,0.0020456314086914062
284178,normal,2911,0,1782361934.8594058,0.002007007598876953
284179,normal,1803,0,1782361934.86135,0.0019443035125732422
284180,normal,3518,0,1782361934.8633983,0.0020482540130615234
284181,normal,2896,0,1782361934.8653965,0.0019981861114501953
284182,normal,3263,1,1782361934.8673532,0.0019567012786865234
284183,normal,3167,1,1782361934.8694344,0.002081155776977539
284184,normal,2338,0,1782361934.8714516,0.0020172595977783203
284185,normal,259,0,1782361934.8733978,0.0019462108612060547
284186,normal,3446,0,1782361934.875436,0.002038240432739258
284187,normal,3308,1,1782361934.8774235,0.001987457275390625
284188,normal,1151,0,1782361934.8793836,0.0019600391387939453
284189,normal,570,0,1782361934.881459,0.0020754337310791016
284190,normal,666,0,1782361934.8833947,0.001935720443725586
284191,normal,715,0,1782361934.8853564,0.0019617080688476562
284192,normal,550,0,1782361934.8874197,0.002063274383544922
284193,normal,2712,0,1782361934.8894315,0.0020117759704589844
284194,normal,2239,0,1782361934.8913782,0.0019466876983642578
284195,normal,1943,0,1782361934.8934295,0.0020513534545898438
284196,normal,1587,0,1782361934.895442,0.002012491226196289
284197,normal,2328,0,1782361934.897385,0.0019428730010986328
284198,normal,3277,1,1782361934.8994126,0.002027750015258789
284199,normal,1893,0,1782361934.901404,0.00199127197265625
284200,normal,1232,0,1782361934.9033458,0.0019419193267822266
284201,normal,2477,0,1782361934.905408,0.002062082290649414
284202,normal,452,0,1782361934.9074063,0.001998424530029297
284203,normal,663,0,1782361934.909344,0.0019376277923583984
284204,normal,652,0,1782361934.9114275,0.0020835399627685547
284205,normal,3415,0,1782361934.913442,0.0020143985748291016
284206,normal,694,0,1782361934.915405,0.0019631385803222656
284207,normal,2886,0,1782361934.9174275,0.0020225048065185547
284208,normal,2285,0,1782361934.9194467,0.002019166946411133
284209,normal,438,0,1782361934.9212918,0.0018451213836669922
284210,normal,1336,1,1782361934.9234045,0.0021126270294189453
284211,normal,2077,0,1782361934.925394,0.001989603042602539
284212,normal,3659,0,1782361934.9273338,0.0019397735595703125
284213,normal,3256,1,1782361934.9294114,0.0020775794982910156
284214,normal,2524,0,1782361934.931336,0.0019245147705078125
284215,normal,3151,1,1782361934.933437,0.0021011829376220703
284216,normal,899,2,1782361934.935405,0.001967906951904297
284217,normal,2213,0,1782361934.9374352,0.0020301342010498047
284218,normal,188,0,1782361934.9394083,0.0019731521606445312
284219,normal,132,0,1782361934.941487,0.0020787715911865234
284220,normal,2631,0,1782361934.9433498,0.0018627643585205078
284221,normal,2272,0,1782361934.9454296,0.0020797252655029297
284222,normal,546,0,1782361934.9474044,0.001974821090698242
284223,normal,504,0,1782361934.9494116,0.0020072460174560547
284224,normal,2112,0,1782361934.9513397,0.001928091049194336
284225,normal,1117,0,1782361934.9533877,0.002048015594482422
284226,normal,76,0,1782361934.955389,0.0020012855529785156
284227,normal,440,0,1782361934.9573886,0.0019996166229248047
284228,normal,2106,0,1782361934.9594035,0.0020148754119873047
284229,normal,2389,0,1782361934.9613855,0.001981973648071289
284230,normal,1207,0,1782361934.963327,0.0019414424896240234
284231,normal,2498,0,1782361934.9653244,0.0019974708557128906
284232,normal,1624,0,1782361934.9677992,0.0024747848510742188
284233,normal,3178,1,1782361934.9693296,0.0015304088592529297
284234,normal,3087,1,1782361934.9715567,0.0022270679473876953
284235,normal,185,0,1782361934.9733312,0.0017745494842529297
284236,normal,2119,0,1782361934.975407,0.002075672149658203
284237,normal,2375,0,1782361934.9773517,0.0019447803497314453
284238,normal,1430,0,1782361934.9794073,0.002055644989013672
284239,normal,353,0,1782361934.9814458,0.0020384788513183594
284240,normal,3018,0,1782361934.9833922,0.0019464492797851562
284241,normal,3016,0,1782361934.9854283,0.0020360946655273438
284242,normal,1248,0,1782361934.9873495,0.0019211769104003906
284243,normal,2634,0,1782361934.9893572,0.002007722854614258
284244,normal,1726,0,1782361934.9914088,0.0020515918731689453
284245,normal,1739,0,1782361934.9933548,0.0019459724426269531
284246,normal,1818,0,1782361934.9954202,0.002065420150756836
284247,normal,2952,0,1782361934.9975977,0.0021774768829345703
284248,normal,1107,0,1782361934.9993453,0.0017476081848144531
284249,normal,2205,0,1782361935.001464,0.0021185874938964844
284250,normal,1017,2,1782361935.0034764,0.002012491226196289
284251,normal,1931,0,1782361935.0054102,0.0019338130950927734
284252,normal,2065,0,1782361935.007428,0.0020177364349365234
284253,normal,2138,0,1782361935.0095723,0.002144336700439453
284254,normal,3147,1,1782361935.0113883,0.0018160343170166016
284255,normal,699,0,1782361935.0134747,0.0020864009857177734
284256,normal,3150,1,1782361935.0153074,0.001832723617553711
284257,normal,1927,0,1782361935.0174031,0.0020956993103027344
284258,normal,1118,0,1782361935.0195403,0.0021371841430664062
284259,normal,660,0,1782361935.0213099,0.0017695426940917969
284260,normal,3211,1,1782361935.0234504,0.002140522003173828
284261,normal,2209,0,1782361935.0252302,0.001779794692993164
284262,normal,536,0,1782361935.0274177,0.002187490463256836
284263,normal,1463,0,1782361935.0292387,0.0018210411071777344
284264,normal,2336,0,1782361935.0314136,0.002174854278564453
284265,normal,942,2,1782361935.0333266,0.0019130706787109375
284266,normal,442,0,1782361935.0352418,0.0019152164459228516
284267,normal,3021,0,1782361935.037441,0.0021991729736328125
284268,normal,3025,0,1782361935.0394187,0.001977682113647461
284269,normal,3465,0,1782361935.0413148,0.0018961429595947266
284270,normal,3402,0,1782361935.0432515,0.0019366741180419922
284271,normal,3061,1,1782361935.045444,0.0021924972534179688
284272,normal,1847,0,1782361935.04728,0.0018360614776611328
284273,normal,2675,0,1782361935.0494666,0.0021865367889404297
284274,normal,3047,1,1782361935.05146,0.001993417739868164
284275,normal,1904,0,1782361935.0532346,0.0017745494842529297
284276,normal,1235,0,1782361935.0554354,0.0022008419036865234
284277,normal,3237,1,1782361935.0573509,0.0019154548645019531
284278,normal,3426,0,1782361935.0592778,0.0019268989562988281
284279,normal,592,0,1782361935.061441,0.0021631717681884766
284280,normal,2232,0,1782361935.063382,0.0019409656524658203
284281,normal,2384,0,1782361935.06532,0.0019381046295166016
284282,normal,1988,0,1782361935.0673528,0.002032756805419922
284283,normal,157,0,1782361935.0696094,0.002256631851196289
284284,normal,315,0,1782361935.0715446,0.0019352436065673828
284285,normal,2913,0,1782361935.074267,0.0027222633361816406
284286,normal,69,0,1782361935.07524,0.0009729862213134766
284287,normal,2504,0,1782361935.0773852,0.0021452903747558594
284288,normal,2183,0,1782361935.0792015,0.0018162727355957031
284289,normal,154,0,1782361935.0813763,0.002174854278564453
284290,normal,3378,1,1782361935.0833046,0.0019283294677734375
284291,normal,2331,0,1782361935.0857377,0.0024330615997314453
284292,normal,276,0,1782361935.0872986,0.0015609264373779297
284293,normal,2015,0,1782361935.089297,0.001998424530029297
284294,normal,3694,0,1782361935.0914867,0.00218963623046875
284295,normal,1465,0,1782361935.0934064,0.0019197463989257812
284296,normal,3368,1,1782361935.095319,0.0019125938415527344
284297,normal,3033,0,1782361935.0972936,0.0019745826721191406
284298,normal,759,0,1782361935.0994575,0.0021638870239257812
284299,normal,1359,1,1782361935.1012957,0.0018382072448730469
284300,normal,869,2,1782361935.1035173,0.0022215843200683594
284301,normal,3555,0,1782361935.105472,0.001954793930053711
284302,normal,2229,0,1782361935.107372,0.0018999576568603516
284303,normal,3110,1,1782361935.1094134,0.002041339874267578
284304,normal,2203,0,1782361935.1120844,0.0026710033416748047
284305,normal,2679,0,1782361935.1134694,0.0013849735260009766
284306,normal,3297,1,1782361935.1155343,0.002064943313598633
284307,normal,3508,0,1782361935.1174803,0.0019459724426269531
284308,normal,1573,0,1782361935.119383,0.0019028186798095703
284309,normal,695,0,1782361935.1214979,0.0021147727966308594
284310,normal,1892,0,1782361935.123527,0.0020291805267333984
284311,normal,2507,0,1782361935.1252997,0.0017726421356201172
284312,normal,119,0,1782361935.1274312,0.0021314620971679688
284313,normal,752,0,1782361935.1294339,0.002002716064453125
284314,normal,1790,0,1782361935.1313357,0.001901865005493164
284315,normal,821,2,1782361935.133698,0.0023622512817382812
284316,normal,493,0,1782361935.1353493,0.0016512870788574219
284317,normal,1642,0,1782361935.1372995,0.0019502639770507812
284318,normal,1713,0,1782361935.1394281,0.00212860107421875
284319,normal,2393,0,1782361935.1414165,0.0019884109497070312
284320,normal,3632,0,1782361935.1432993,0.001882791519165039
284321,normal,1966,0,1782361935.145764,0.002464771270751953
284322,normal,1443,0,1782361935.147636,0.0018718242645263672
284323,normal,771,0,1782361935.1494024,0.0017664432525634766
284324,normal,1900,0,1782361935.1516476,0.002245187759399414
284325,normal,1170,0,1782361935.153427,0.001779317855834961
284326,normal,2234,0,1782361935.1554844,0.0020575523376464844
284327,normal,547,0,1782361935.157487,0.0020024776458740234
284328,normal,1011,2,1782361935.1594207,0.0019338130950927734
284329,normal,492,0,1782361935.1613455,0.001924753189086914
284330,normal,1926,0,1782361935.163743,0.0023975372314453125
284331,normal,2612,0,1782361935.1654065,0.0016634464263916016
284332,normal,3407,0,1782361935.1672955,0.0018889904022216797
284333,normal,2349,0,1782361935.1697679,0.002472400665283203
284334,normal,2909,0,1782361935.171503,0.0017352104187011719
284335,normal,59,0,1782361935.1735597,0.002056598663330078
284336,normal,1830,0,1782361935.1759195,0.0023598670959472656
284337,normal,396,0,1782361935.1772683,0.001348733901977539
284338,normal,2805,0,1782361935.1794603,0.0021920204162597656
284339,normal,2255,0,1782361935.1813085,0.0018482208251953125
284340,normal,46,0,1782361935.183464,0.0021555423736572266
284341,normal,2275,0,1782361935.1853452,0.0018811225891113281
284342,normal,1114,0,1782361935.1878572,0.0025119781494140625
284343,normal,3074,1,1782361935.1903343,0.0024771690368652344
284344,normal,1941,0,1782361935.191456,0.0011217594146728516
284345,normal,1423,0,1782361935.1932724,0.0018162727355957031
284346,normal,2733,0,1782361935.1954741,0.0022017955780029297
284347,normal,2849,0,1782361935.1975162,0.002042055130004883
284348,normal,656,0,1782361935.199518,0.0020017623901367188
284349,normal,2725,0,1782361935.2016504,0.002132415771484375
284350,normal,2402,0,1782361935.2033982,0.0017478466033935547
284351,normal,2585,0,1782361935.2055063,0.0021080970764160156
284352,normal,1923,0,1782361935.207463,0.0019567012786865234
284353,normal,230,0,1782361935.2099879,0.002524852752685547
284354,normal,2926,0,1782361935.2120147,0.002026796340942383
284355,normal,1797,0,1782361935.2135022,0.0014874935150146484
284356,normal,1460,0,1782361935.2153223,0.0018200874328613281
284357,normal,1367,1,1782361935.217488,0.0021657943725585938
284358,normal,3242,1,1782361935.2194445,0.001956462860107422
284359,normal,1622,0,1782361935.2213128,0.0018682479858398438
284360,normal,2968,0,1782361935.2233136,0.0020008087158203125
284361,normal,1208,0,1782361935.2255554,0.002241849899291992
284362,normal,2288,0,1782361935.2274299,0.0018744468688964844
284363,normal,3699,0,1782361935.2294183,0.0019884109497070312
284364,normal,262,0,1782361935.2315335,0.0021152496337890625
284365,normal,3615,0,1782361935.2335916,0.0020580291748046875
284366,normal,2818,0,1782361935.235506,0.0019145011901855469
284367,normal,3425,0,1782361935.2377503,0.002244234085083008
284368,normal,197,0,1782361935.2394965,0.0017461776733398438
284369,normal,73,0,1782361935.2414567,0.001960277557373047
284370,normal,2051,0,1782361935.2435575,0.002100706100463867
284371,normal,3252,1,1782361935.2455432,0.001985788345336914
284372,normal,1799,0,1782361935.2474961,0.0019528865814208984
284373,normal,2586,0,1782361935.2496016,0.0021054744720458984
284374,normal,156,0,1782361935.251327,0.0017254352569580078
284375,normal,260,0,1782361935.2533867,0.0020596981048583984
284376,normal,2120,0,1782361935.255397,0.002010345458984375
284377,normal,2681,0,1782361935.2574446,0.0020475387573242188
284378,normal,1370,1,1782361935.2594864,0.0020418167114257812
284379,normal,1955,0,1782361935.261539,0.0020525455474853516
284380,normal,1459,0,1782361935.2634082,0.00186920166015625
284381,normal,1475,0,1782361935.2654827,0.0020744800567626953
284382,normal,2931,0,1782361935.267859,0.0023763179779052734
284383,normal,1491,0,1782361935.2693763,0.0015172958374023438
284384,normal,3635,0,1782361935.2714775,0.0021011829376220703
284385,normal,3249,1,1782361935.273571,0.0020935535430908203
284386,normal,2071,0,1782361935.2754378,0.0018668174743652344
284387,normal,2828,0,1782361935.2774065,0.0019686222076416016
284388,normal,1384,0,1782361935.2793946,0.0019881725311279297
284389,normal,2386,0,1782361935.2812665,0.0018718242645263672
284390,normal,2842,0,1782361935.2834105,0.0021440982818603516
284391,normal,676,0,1782361935.2854834,0.0020728111267089844
284392,normal,14,0,1782361935.2875338,0.0020503997802734375
284393,normal,3503,0,1782361935.2895038,0.001970052719116211
284394,normal,525,0,1782361935.2914352,0.0019314289093017578
284395,normal,1813,0,1782361935.2933154,0.0018801689147949219
284396,normal,1630,0,1782361935.2954304,0.002115011215209961
284397,normal,831,2,1782361935.2974262,0.0019958019256591797
284398,normal,209,0,1782361935.2992637,0.0018374919891357422
284399,normal,844,2,1782361935.3020744,0.0028107166290283203
284400,normal,3094,1,1782361935.3034453,0.0013709068298339844
284401,normal,3698,0,1782361935.3052816,0.0018362998962402344
284402,normal,2582,0,1782361935.307551,0.002269268035888672
284403,normal,801,2,1782361935.309378,0.0018270015716552734
284404,normal,2133,0,1782361935.3113308,0.0019528865814208984
284405,normal,606,0,1782361935.3134863,0.0021555423736572266
284406,normal,3037,0,1782361935.3157997,0.002313375473022461
284407,normal,2139,0,1782361935.3177538,0.0019540786743164062
284408,normal,263,0,1782361935.3197079,0.0019540786743164062
284409,normal,1024,2,1782361935.3213491,0.0016412734985351562
284410,normal,1821,0,1782361935.3234615,0.0021123886108398438
284411,normal,1424,0,1782361935.3254392,0.001977682113647461
284412,normal,3666,0,1782361935.327722,0.002282857894897461
284413,normal,1057,0,1782361935.329299,0.0015769004821777344
284414,normal,2598,0,1782361935.3316948,0.0023958683013916016
284415,normal,2865,0,1782361935.3335125,0.0018177032470703125
284416,normal,501,0,1782361935.335387,0.0018744468688964844
284417,normal,2947,0,1782361935.3373585,0.0019714832305908203
284418,normal,1951,0,1782361935.339758,0.002399444580078125
284419,normal,1188,0,1782361935.34134,0.0015821456909179688
284420,normal,2841,0,1782361935.3434675,0.002127408981323242
284421,normal,1505,0,1782361935.3453946,0.0019271373748779297
284422,normal,2251,0,1782361935.3476076,0.002213001251220703
284423,normal,3539,0,1782361935.3494885,0.0018808841705322266
284424,normal,863,2,1782361935.3519144,0.0024259090423583984
284425,normal,2323,0,1782361935.3535776,0.0016632080078125
284426,normal,352,0,1782361935.355549,0.0019714832305908203
284427,normal,622,0,1782361935.3580878,0.0025386810302734375
284428,normal,2758,0,1782361935.3593848,0.0012969970703125
284429,normal,2751,0,1782361935.3614647,0.0020799636840820312
284430,normal,3424,0,1782361935.3634133,0.0019485950469970703
284431,normal,299,0,1782361935.3652935,0.0018801689147949219
284432,normal,2147,0,1782361935.3674214,0.0021278858184814453
284433,normal,994,2,1782361935.369446,0.0020246505737304688
284434,normal,3133,1,1782361935.3717782,0.0023322105407714844
284435,normal,708,0,1782361935.373444,0.0016658306121826172
284436,normal,720,0,1782361935.3754885,0.0020444393157958984
284437,normal,2399,0,1782361935.3773055,0.0018169879913330078
284438,normal,2542,0,1782361935.3794396,0.002134084701538086
284439,normal,2459,0,1782361935.3814862,0.0020465850830078125
284440,normal,2567,0,1782361935.3833704,0.0018842220306396484
284441,normal,1660,0,1782361935.3853729,0.0020024776458740234
284442,normal,1656,0,1782361935.3882282,0.0028553009033203125
284443,normal,3034,0,1782361935.3896267,0.0013985633850097656
284444,normal,2006,0,1782361935.3915174,0.0018906593322753906
284445,normal,2521,0,1782361935.3936982,0.002180814743041992
284446,normal,3327,1,1782361935.3955102,0.001811981201171875
284447,normal,1569,0,1782361935.3975654,0.0020551681518554688
284448,normal,3316,1,1782361935.399604,0.002038717269897461
284449,normal,3058,1,1782361935.4012597,0.00165557861328125
284450,normal,1614,0,1782361935.4039443,0.0026845932006835938
284451,normal,1111,0,1782361935.4055505,0.0016062259674072266
284452,normal,1862,0,1782361935.4074388,0.001888275146484375
284453,normal,1084,0,1782361935.4093468,0.0019080638885498047
284454,normal,2001,0,1782361935.411635,0.0022881031036376953
284455,normal,583,0,1782361935.4137197,0.0020847320556640625
284456,normal,3423,0,1782361935.415439,0.0017192363739013672
284457,normal,1414,0,1782361935.4173965,0.0019576549530029297
284458,normal,3295,1,1782361935.4194245,0.0020279884338378906
284459,normal,1300,0,1782361935.421319,0.0018944740295410156
284460,normal,2129,0,1782361935.4234588,0.0021398067474365234
284461,normal,295,0,1782361935.4252496,0.001790761947631836
284462,normal,3540,0,1782361935.4273088,0.0020592212677001953
284463,normal,3516,0,1782361935.4294267,0.0021178722381591797
284464,normal,92,0,1782361935.4312837,0.0018570423126220703
284465,normal,1358,1,1782361935.433482,0.0021982192993164062
284466,normal,3441,0,1782361935.435601,0.0021190643310546875
284467,normal,8,0,1782361935.4374557,0.0018546581268310547
284468,normal,18,0,1782361935.4394774,0.00202178955078125
284469,normal,1999,0,1782361935.4415882,0.002110719680786133
284470,normal,1884,0,1782361935.4432888,0.0017006397247314453
284471,normal,1798,0,1782361935.44552,0.002231121063232422
284472,normal,984,2,1782361935.447409,0.0018889904022216797
284473,normal,1601,0,1782361935.4494448,0.002035856246948242
284474,normal,1559,0,1782361935.45139,0.0019452571868896484
284475,normal,540,0,1782361935.45344,0.0020499229431152344
284476,normal,817,2,1782361935.455277,0.001837015151977539
284477,normal,226,0,1782361935.4574387,0.002161741256713867
284478,normal,2462,0,1782361935.4595757,0.0021369457244873047
284479,normal,3303,1,1782361935.4614155,0.0018398761749267578
284480,normal,1947,0,1782361935.4634314,0.002015829086303711
284481,normal,1678,0,1782361935.4655883,0.002156972885131836
284482,normal,2912,0,1782361935.4675379,0.0019495487213134766
284483,normal,2172,0,1782361935.4695497,0.0020117759704589844
284484,normal,111,0,1782361935.4716585,0.0021088123321533203
284485,normal,723,0,1782361935.473625,0.0019664764404296875
284486,normal,255,0,1782361935.4754627,0.0018377304077148438
284487,normal,3219,1,1782361935.477576,0.00211334228515625
284488,normal,2164,0,1782361935.4792907,0.0017147064208984375
284489,normal,3257,1,1782361935.481421,0.002130270004272461
284490,normal,120,0,1782361935.4834032,0.0019822120666503906
284491,normal,3690,0,1782361935.4853122,0.001909017562866211
284492,normal,3107,1,1782361935.487612,0.002299785614013672
284493,normal,1415,0,1782361935.4900146,0.0024025440216064453
284494,normal,3231,1,1782361935.4913352,0.0013206005096435547
284495,normal,3390,1,1782361935.4934468,0.002111673355102539
284496,normal,2698,0,1782361935.4954472,0.0020003318786621094
284497,normal,2839,0,1782361935.497349,0.001901865005493164
284498,normal,399,0,1782361935.4994042,0.0020551681518554688
284499,normal,2162,0,1782361935.5014768,0.002072572708129883
284500,normal,3276,1,1782361935.503464,0.0019872188568115234
284501,normal,2682,0,1782361935.5054567,0.0019927024841308594
284502,normal,2891,0,1782361935.5077534,0.0022966861724853516
284503,normal,3384,1,1782361935.5095124,0.0017590522766113281
284504,normal,2357,0,1782361935.511381,0.0018684864044189453
284505,normal,1685,0,1782361935.5134745,0.0020935535430908203
284506,normal,1222,0,1782361935.5153303,0.0018558502197265625
284507,normal,2538,0,1782361935.5175807,0.0022504329681396484
284508,normal,3166,1,1782361935.5197904,0.0022096633911132812
284509,normal,2076,0,1782361935.5215645,0.0017740726470947266
284510,normal,3526,0,1782361935.5234478,0.0018832683563232422
284511,normal,450,0,1782361935.5254984,0.002050638198852539
284512,normal,199,0,1782361935.5274756,0.001977205276489258
284513,normal,2791,0,1782361935.5294785,0.0020029544830322266
284514,normal,217,0,1782361935.53138,0.001901388168334961
284515,normal,799,2,1782361935.5332694,0.0018894672393798828
284516,normal,901,2,1782361935.535415,0.002145528793334961
284517,normal,926,2,1782361935.5374882,0.0020732879638671875
284518,normal,2668,0,1782361935.5395482,0.0020599365234375
284519,normal,2109,0,1782361935.541489,0.0019407272338867188
284520,normal,603,0,1782361935.5435257,0.0020368099212646484
284521,normal,1631,0,1782361935.545347,0.001821279525756836
284522,normal,852,2,1782361935.5473597,0.0020127296447753906
284523,normal,2560,0,1782361935.549453,0.0020933151245117188
284524,normal,261,0,1782361935.5512662,0.0018131732940673828
284525,normal,35,0,1782361935.55377,0.0025038719177246094
284526,normal,670,0,1782361935.5553675,0.0015974044799804688
284527,normal,1804,0,1782361935.5573993,0.0020318031311035156
284528,normal,2431,0,1782361935.5596023,0.0022029876708984375
284529,normal,233,0,1782361935.5615628,0.0019605159759521484
284530,normal,2290,0,1782361935.563376,0.0018131732940673828
284531,normal,2122,0,1782361935.5654361,0.0020601749420166016
284532,normal,2633,0,1782361935.5677884,0.0023522377014160156
284533,normal,2047,0,1782361935.569313,0.0015246868133544922
284534,normal,24,0,1782361935.5715282,0.002215147018432617
284535,normal,3050,1,1782361935.5741935,0.002665281295776367
284536,normal,3046,1,1782361935.5762386,0.002045154571533203
284537,normal,1589,0,1782361935.5775182,0.001279592514038086
284538,normal,1829,0,1782361935.5798712,0.0023529529571533203
284539,normal,3144,1,1782361935.581372,0.001500844955444336
284540,normal,855,2,1782361935.5836341,0.002262115478515625
284541,normal,2531,0,1782361935.5854583,0.0018241405487060547
284542,normal,1864,0,1782361935.5874224,0.001964092254638672
284543,normal,146,0,1782361935.5896986,0.002276182174682617
284544,normal,1353,1,1782361935.591556,0.0018575191497802734
284545,normal,1150,0,1782361935.5933042,0.0017480850219726562
284546,normal,1836,0,1782361935.5954576,0.0021533966064453125
284547,normal,3498,0,1782361935.597495,0.002037525177001953
284548,normal,309,0,1782361935.5999365,0.00244140625
284549,normal,774,2,1782361935.6023026,0.0023660659790039062
284550,normal,2680,0,1782361935.6033347,0.001032114028930664
284551,normal,2276,0,1782361935.60528,0.0019452571868896484
284552,normal,1741,0,1782361935.6074686,0.0021886825561523438
284553,normal,1550,0,1782361935.609842,0.0023734569549560547
284554,normal,284,0,1782361935.6114132,0.0015711784362792969
284555,normal,2664,0,1782361935.6134124,0.0019991397857666016
284556,normal,3161,1,1782361935.6155267,0.0021142959594726562
284557,normal,858,2,1782361935.6175284,0.0020017623901367188
284558,normal,1066,0,1782361935.6193638,0.0018353462219238281
284559,normal,1349,1,1782361935.6218026,0.002438783645629883
284560,normal,1227,0,1782361935.6240413,0.002238750457763672
284561,normal,2079,0,1782361935.6254218,0.0013804435729980469
284562,normal,2673,0,1782361935.6274285,0.0020067691802978516
284563,normal,2483,0,1782361935.6292539,0.0018253326416015625
284564,normal,2739,0,1782361935.6313016,0.0020477771759033203
284565,normal,2608,0,1782361935.6333358,0.0020341873168945312
284566,normal,1677,0,1782361935.6352937,0.0019578933715820312
284567,normal,3299,1,1782361935.6372924,0.0019986629486083984
284568,normal,1940,0,1782361935.6393201,0.002027750015258789
284569,normal,3198,1,1782361935.641254,0.0019338130950927734
284570,normal,1619,0,1782361935.6434586,0.0022046566009521484
284571,normal,1907,0,1782361935.6454635,0.002004861831665039
284572,normal,2819,0,1782361935.647355,0.0018916130065917969
284573,normal,3165,1,1782361935.6495125,0.002157449722290039
284574,normal,1507,0,1782361935.6518376,0.0023250579833984375
284575,normal,3552,0,1782361935.6533542,0.001516580581665039
284576,normal,1234,0,1782361935.6553593,0.0020051002502441406
284577,normal,2901,0,1782361935.657729,0.0023696422576904297
284578,normal,1247,0,1782361935.6595502,0.001821279525756836
284579,normal,833,2,1782361935.6616979,0.002147674560546875
284580,normal,2822,0,1782361935.6634731,0.0017752647399902344
284581,normal,879,2,1782361935.6653683,0.0018951892852783203
284582,normal,3313,1,1782361935.6674497,0.0020813941955566406
284583,normal,2660,0,1782361935.66958,0.002130270004272461
284584,normal,2963,0,1782361935.67135,0.00177001953125
284585,normal,2022,0,1782361935.673322,0.0019719600677490234
284586,normal,556,0,1782361935.6754518,0.002129793167114258
284587,normal,661,0,1782361935.677315,0.001863241195678711
284588,normal,3054,1,1782361935.679337,0.0020220279693603516
284589,normal,2218,0,1782361935.6816514,0.002314329147338867
284590,normal,1209,0,1782361935.683272,0.0016205310821533203
284591,normal,2850,0,1782361935.6854205,0.0021486282348632812
284592,normal,2639,0,1782361935.6874645,0.0020439624786376953
284593,normal,2298,0,1782361935.6892745,0.0018100738525390625
284594,normal,2496,0,1782361935.6914191,0.0021445751190185547
284595,normal,1256,0,1782361935.693726,0.0023069381713867188
284596,normal,28,0,1782361935.6956496,0.0019235610961914062
284597,normal,3704,0,1782361935.69746,0.001810312271118164
284598,normal,2081,0,1782361935.6995542,0.002094268798828125
284599,normal,179,0,1782361935.701861,0.002306699752807617
284600,normal,2394,0,1782361935.703311,0.0014500617980957031
284601,normal,2628,0,1782361935.705384,0.002073049545288086
284602,normal,608,0,1782361935.70725,0.0018661022186279297
284603,normal,2871,0,1782361935.7095659,0.0023157596588134766
284604,normal,876,2,1782361935.711316,0.0017502307891845703
284605,normal,3654,0,1782361935.7132037,0.0018875598907470703
284606,normal,1366,1,1782361935.7152293,0.002025604248046875
284607,normal,66,0,1782361935.7172494,0.002020120620727539
284608,normal,312,0,1782361935.7192714,0.0020220279693603516
284609,normal,12,0,1782361935.7213678,0.002096414566040039
284610,normal,1236,0,1782361935.7233095,0.001941680908203125
284611,normal,751,0,1782361935.7253366,0.0020270347595214844
284612,normal,7,0,1782361935.727269,0.001932382583618164
284613,normal,34,0,1782361935.729385,0.002115964889526367
284614,normal,2942,0,1782361935.7315192,0.0021343231201171875
284615,normal,802,2,1782361935.7335145,0.0019953250885009766
284616,normal,3521,0,1782361935.736021,0.0025064945220947266
284617,normal,425,0,1782361935.7372918,0.0012707710266113281
284618,normal,2204,0,1782361935.7396114,0.0023195743560791016
284619,normal,464,0,1782361935.741632,0.002020597457885742
284620,normal,577,0,1782361935.743465,0.0018329620361328125
284621,normal,2554,0,1782361935.745269,0.0018041133880615234
284622,normal,553,0,1782361935.7473722,0.002103090286254883
284623,normal,1083,0,1782361935.7493448,0.001972675323486328
284624,normal,195,0,1782361935.7512271,0.001882314682006836
284625,normal,2308,0,1782361935.753238,0.002010822296142578
284626,normal,1956,0,1782361935.7552931,0.0020551681518554688
284627,normal,1628,0,1782361935.7572527,0.001959562301635742
284628,normal,303,0,1782361935.7594883,0.0022356510162353516
284629,normal,1179,0,1782361935.7614405,0.0019521713256835938
284630,normal,1736,0,1782361935.763552,0.0021114349365234375
284631,normal,2951,0,1782361935.765482,0.0019299983978271484
284632,normal,2606,0,1782361935.7679355,0.0024535655975341797
284633,normal,1291,0,1782361935.7695534,0.0016179084777832031
284634,normal,662,0,1782361935.771697,0.0021436214447021484
284635,normal,949,2,1782361935.7741904,0.0024933815002441406
284636,normal,1571,0,1782361935.7754757,0.0012853145599365234
284637,normal,707,0,1782361935.7775729,0.0020971298217773438
284638,normal,1595,0,1782361935.7793944,0.0018215179443359375
284639,normal,161,0,1782361935.78148,0.0020856857299804688
284640,normal,1323,1,1782361935.7833734,0.0018932819366455078
284641,normal,2433,0,1782361935.7857704,0.0023970603942871094
284642,normal,2031,0,1782361935.7877247,0.001954317092895508
284643,normal,228,0,1782361935.789524,0.0017993450164794922
284644,normal,1123,0,1782361935.791405,0.0018808841705322266
284645,normal,566,0,1782361935.7933238,0.001918792724609375
284646,normal,1993,0,1782361935.7953432,0.0020194053649902344
284647,normal,3302,1,1782361935.7973204,0.001977205276489258
284648,normal,1278,0,1782361935.7994494,0.002129077911376953
284649,normal,1058,0,1782361935.801374,0.0019245147705078125
284650,normal,1856,0,1782361935.803907,0.002532958984375
284651,normal,2354,0,1782361935.8056135,0.0017066001892089844
284652,normal,110,0,1782361935.8075063,0.0018928050994873047
284653,normal,3547,0,1782361935.809476,0.001969575881958008
284654,normal,103,0,1782361935.811613,0.0021371841430664062
284655,normal,632,0,1782361935.8134923,0.0018792152404785156
284656,normal,1445,0,1782361935.8153944,0.0019021034240722656
284657,normal,2003,0,1782361935.817296,0.0019016265869140625
284658,normal,3430,0,1782361935.8199458,0.0026497840881347656
284659,normal,218,0,1782361935.8214812,0.0015354156494140625
284660,normal,316,0,1782361935.8233955,0.0019142627716064453
284661,normal,1680,0,1782361935.825396,0.002000570297241211
284662,normal,1489,0,1782361935.8277433,0.002347230911254883
284663,normal,1280,0,1782361935.8294895,0.0017461776733398438
284664,normal,499,0,1782361935.8315346,0.002045154571533203
284665,normal,658,0,1782361935.8333476,0.0018129348754882812
284666,normal,2702,0,1782361935.8353682,0.002020597457885742
284667,normal,2844,0,1782361935.837427,0.002058744430541992
284668,normal,421,0,1782361935.8393688,0.0019419193267822266
284669,normal,1540,0,1782361935.8414845,0.0021157264709472656
284670,normal,973,2,1782361935.8434396,0.0019550323486328125
284671,normal,20,0,1782361935.8453789,0.0019392967224121094
284672,normal,3602,0,1782361935.847385,0.002006053924560547
284673,normal,1071,0,1782361935.8494024,0.002017498016357422
284674,normal,2158,0,1782361935.8512907,0.001888275146484375
284675,normal,2060,0,1782361935.8535724,0.002281665802001953
284676,normal,526,0,1782361935.8554847,0.0019123554229736328
284677,normal,1944,0,1782361935.857349,0.0018641948699951172
284678,normal,640,0,1782361935.8594341,0.0020852088928222656
284679,normal,178,0,1782361935.8614864,0.00205230712890625
284680,normal,1899,0,1782361935.8634555,0.0019690990447998047
284681,normal,2036,0,1782361935.8655195,0.0020639896392822266
284682,normal,2731,0,1782361935.867368,0.001848459243774414
284683,normal,2529,0,1782361935.8693554,0.001987457275390625
284684,normal,3500,0,1782361935.871365,0.0020096302032470703
284685,normal,3053,1,1782361935.8732796,0.0019145011901855469
284686,normal,924,2,1782361935.8752344,0.001954793930053711
284687,normal,2000,0,1782361935.8772814,0.0020470619201660156
284688,normal,3066,1,1782361935.8792756,0.0019941329956054688
284689,normal,3506,0,1782361935.8812468,0.0019712448120117188
284690,normal,2902,0,1782361935.883411,0.002164125442504883
284691,normal,1711,0,1782361935.8853505,0.001939535140991211
284692,normal,2526,0,1782361935.8872483,0.0018978118896484375
284693,normal,2492,0,1782361935.8892503,0.0020020008087158203
284694,normal,3372,1,1782361935.891258,0.002007722854614258
284695,normal,1402,0,1782361935.8932207,0.0019626617431640625
284696,normal,2102,0,1782361935.8955045,0.002283811569213867
284697,normal,2243,0,1782361935.897568,0.0020635128021240234
284698,normal,979,2,1782361935.8992593,0.0016913414001464844
284699,normal,2466,0,1782361935.9012594,0.002000093460083008
284700,normal,3102,1,1782361935.903325,0.0020656585693359375
284701,normal,542,0,1782361935.905302,0.0019769668579101562
284702,normal,3451,0,1782361935.9073288,0.002026796340942383
284703,normal,976,2,1782361935.9093652,0.0020363330841064453
284704,normal,2646,0,1782361935.9114356,0.0020704269409179688
284705,normal,2540,0,1782361935.9132636,0.0018279552459716797
284706,normal,268,0,1782361935.9153438,0.002080202102661133
284707,normal,87,0,1782361935.9172328,0.0018889904022216797
284708,normal,971,2,1782361935.9192624,0.0020296573638916016
284709,normal,107,0,1782361935.921259,0.0019965171813964844
284710,normal,2800,0,1782361935.923253,0.0019941329956054688
284711,normal,1164,0,1782361935.9262307,0.002977609634399414
284712,normal,1652,0,1782361935.9273984,0.0011677742004394531
284713,normal,109,0,1782361935.9293776,0.0019791126251220703
284714,normal,2706,0,1782361935.9313383,0.00196075439453125
284715,normal,782,2,1782361935.9334364,0.00209808349609375
284716,normal,1204,0,1782361935.9354029,0.0019664764404296875
284717,normal,1696,0,1782361935.937411,0.002008199691772461
284718,normal,959,2,1782361935.9393146,0.001903533935546875
284719,normal,847,2,1782361935.9413893,0.002074718475341797
284720,normal,778,2,1782361935.9435983,0.0022089481353759766
284721,normal,2428,0,1782361935.9454296,0.0018312931060791016
284722,normal,2353,0,1782361935.9473312,0.0019016265869140625
284723,normal,3317,1,1782361935.94927,0.0019388198852539062
284724,normal,3549,0,1782361935.9513123,0.0020422935485839844
284725,normal,2346,0,1782361935.95331,0.001997709274291992
284726,normal,2753,0,1782361935.95529,0.0019800662994384766
284727,normal,2409,0,1782361935.9573655,0.0020754337310791016
284728,normal,3392,1,1782361935.9592016,0.0018360614776611328
284729,normal,1618,0,1782361935.9614565,0.002254962921142578
284730,normal,1592,0,1782361935.9632962,0.0018396377563476562
284731,normal,1305,0,1782361935.965378,0.0020818710327148438
284732,normal,1393,0,1782361935.9674103,0.0020322799682617188
284733,normal,1112,0,1782361935.9695332,0.0021228790283203125
284734,normal,2816,0,1782361935.971473,0.0019397735595703125
284735,normal,730,0,1782361935.9734688,0.0019958019256591797
284736,normal,2718,0,1782361935.9754176,0.0019488334655761719
284737,normal,55,0,1782361935.9774942,0.0020766258239746094
284738,normal,1933,0,1782361935.9793396,0.0018453598022460938
284739,normal,2983,0,1782361935.981418,0.0020782947540283203
284740,normal,1977,0,1782361935.9833028,0.0018849372863769531
284741,normal,114,0,1782361935.9854476,0.0021448135375976562
284742,normal,1097,0,1782361935.987642,0.0021944046020507812
284743,normal,2110,0,1782361935.989798,0.0021560192108154297
284744,normal,502,0,1782361935.9914668,0.001668691635131836
284745,normal,2572,0,1782361935.99328,0.0018131732940673828
284746,normal,576,0,1782361935.995246,0.0019659996032714844
284747,normal,2978,0,1782361935.9972608,0.0020148754119873047
284748,normal,1,0,1782361935.9992802,0.0020194053649902344
284749,normal,2351,0,1782361936.00126,0.001979827880859375
284750,normal,1822,0,1782361936.0033042,0.002044200897216797
284751,normal,3417,0,1782361936.0053039,0.0019996166229248047
284752,normal,1668,0,1782361972.5212798,0.0
284753,normal,373,0,1782361972.523295,0.0020151138305664062
284754,normal,267,0,1782361972.5254664,0.0021715164184570312
284755,normal,1571,0,1782361972.5273066,0.0018401145935058594
284756,normal,550,0,1782361972.5293877,0.002081155776977539
284757,normal,1678,0,1782361972.5313034,0.0019156932830810547
284758,normal,3143,1,1782361972.5333643,0.0020608901977539062
284759,normal,300,0,1782361972.5352716,0.0019073486328125
284760,normal,17,0,1782361972.5373297,0.0020580291748046875
284761,normal,527,0,1782361972.5392373,0.0019075870513916016
284762,normal,2794,0,1782361972.541412,0.002174854278564453
284763,normal,2967,0,1782361972.543271,0.0018589496612548828
284764,normal,1913,0,1782361972.5453646,0.0020935535430908203
284765,normal,2283,0,1782361972.5472744,0.0019097328186035156
284766,normal,659,0,1782361972.5494,0.0021257400512695312
284767,normal,234,0,1782361972.551291,0.0018908977508544922
284768,normal,2676,0,1782361972.553618,0.00232696533203125
284769,normal,2217,0,1782361972.5553029,0.0016849040985107422
284770,normal,2699,0,1782361972.5573177,0.0020148754119873047
284771,normal,2102,0,1782361972.5594656,0.0021479129791259766
284772,normal,2454,0,1782361972.5614462,0.0019805431365966797
284773,normal,3471,0,1782361972.5633504,0.0019042491912841797
284774,normal,868,2,1782361972.5654974,0.0021469593048095703
284775,normal,3272,1,1782361972.5674424,0.0019450187683105469
284776,normal,54,0,1782361972.569317,0.001874685287475586
284777,normal,2422,0,1782361972.5714872,0.002170085906982422
284778,normal,3036,0,1782361972.5734475,0.001960277557373047
284779,normal,1923,0,1782361972.5753186,0.0018711090087890625
284780,normal,1751,0,1782361972.5775797,0.0022611618041992188
284781,normal,2321,0,1782361972.5794454,0.0018656253814697266
284782,normal,1891,0,1782361972.5813181,0.0018727779388427734
284783,normal,1074,0,1782361972.5835195,0.0022013187408447266
284784,normal,2238,0,1782361972.5855086,0.001989126205444336
284785,normal,923,2,1782361972.5873506,0.0018420219421386719
284786,normal,568,0,1782361972.5894878,0.0021371841430664062
284787,normal,266,0,1782361972.5914438,0.0019559860229492188
284788,normal,882,2,1782361972.5933173,0.0018734931945800781
284789,normal,2253,0,1782361972.5954618,0.0021445751190185547
284790,normal,175,0,1782361972.597478,0.0020160675048828125
284791,normal,1170,0,1782361972.5993176,0.0018396377563476562
284792,normal,2881,0,1782361972.6014912,0.0021736621856689453
284793,normal,3118,1,1782361972.6035283,0.00203704833984375
284794,normal,93,0,1782361972.605317,0.0017888545989990234
284795,normal,2934,0,1782361972.607491,0.002173900604248047
284796,normal,1651,0,1782361972.6094432,0.0019521713256835938
284797,normal,1355,1,1782361972.6113164,0.0018732547760009766
284798,normal,1984,0,1782361972.6134882,0.002171754837036133
284799,normal,3038,0,1782361972.6155543,0.0020661354064941406
284800,normal,3198,1,1782361972.6173205,0.001766204833984375
284801,normal,1476,0,1782361972.6195672,0.0022466182708740234
284802,normal,924,2,1782361972.6213734,0.0018062591552734375
284803,normal,2582,0,1782361972.6233122,0.0019388198852539062
284804,normal,1305,0,1782361972.6252775,0.0019652843475341797
284805,normal,1797,0,1782361972.6272988,0.002021312713623047
284806,normal,2632,0,1782361972.6292837,0.001984834671020508
284807,normal,733,0,1782361972.6312802,0.0019965171813964844
284808,normal,3377,1,1782361972.6332867,0.00200653076171875
284809,normal,3041,0,1782361972.6353872,0.0021004676818847656
284810,normal,3248,1,1782361972.63726,0.0018727779388427734
284811,normal,1999,0,1782361972.6393654,0.0021054744720458984
284812,normal,2267,0,1782361972.6412554,0.001889944076538086
284813,normal,2913,0,1782361972.6433642,0.0021088123321533203
284814,normal,2739,0,1782361972.6452878,0.0019235610961914062
284815,normal,2096,0,1782361972.6473742,0.0020864009857177734
284816,normal,1308,0,1782361972.6492648,0.0018906593322753906
284817,normal,3157,1,1782361972.6515105,0.002245664596557617
284818,normal,3130,1,1782361972.653328,0.001817464828491211
284819,normal,3513,0,1782361972.6554635,0.0021355152130126953
284820,normal,2190,0,1782361972.6573584,0.0018949508666992188
284821,normal,1737,0,1782361972.6594386,0.002080202102661133
284822,normal,3289,1,1782361972.6613138,0.001875162124633789
284823,normal,2004,0,1782361972.6635149,0.002201080322265625
284824,normal,629,0,1782361972.6653073,0.0017924308776855469
284825,normal,1432,0,1782361972.6674638,0.002156496047973633
284826,normal,3170,1,1782361972.6693616,0.0018978118896484375
284827,normal,2249,0,1782361972.6714342,0.002072572708129883
284828,normal,2409,0,1782361972.6733131,0.001878976821899414
284829,normal,3626,0,1782361972.6755204,0.0022072792053222656
284830,normal,812,2,1782361972.677308,0.0017876625061035156
284831,normal,3636,0,1782361972.679463,0.002154827117919922
284832,normal,1058,0,1782361972.6813664,0.001903533935546875
284833,normal,2357,0,1782361972.6834583,0.0020918846130371094
284834,normal,19,0,1782361972.685311,0.0018527507781982422
284835,normal,1116,0,1782361972.687488,0.002177000045776367
284836,normal,3074,1,1782361972.6893091,0.0018210411071777344
284837,normal,3496,0,1782361972.691473,0.0021638870239257812
284838,normal,3568,0,1782361972.6933103,0.0018372535705566406
284839,normal,749,0,1782361972.6953063,0.0019960403442382812
284840,normal,2327,0,1782361972.6974633,0.002156972885131836
284841,normal,2120,0,1782361972.6993742,0.0019109249114990234
284842,normal,721,0,1782361972.7014058,0.002031564712524414
284843,normal,3489,0,1782361972.7032735,0.0018677711486816406
284844,normal,3254,1,1782361972.7055042,0.0022306442260742188
284845,normal,1232,0,1782361972.7073324,0.0018281936645507812
284846,normal,1269,0,1782361972.7094853,0.0021529197692871094
284847,normal,1631,0,1782361972.711303,0.0018177032470703125
284848,normal,2016,0,1782361972.7133727,0.002069711685180664
284849,normal,2307,0,1782361972.7152638,0.0018911361694335938
284850,normal,1390,0,1782361972.717286,0.002022266387939453
284851,normal,2082,0,1782361972.7193685,0.002082347869873047
284852,normal,1040,0,1782361972.7212684,0.0018999576568603516
284853,normal,2828,0,1782361972.7232947,0.0020263195037841797
284854,normal,215,0,1782361972.7253041,0.0020093917846679688
284855,normal,1978,0,1782361972.7272823,0.001978158950805664
284856,normal,3184,1,1782361972.7292907,0.0020084381103515625
284857,normal,3634,0,1782361972.7312965,0.0020058155059814453
284858,normal,51,0,1782361972.7332847,0.0019881725311279297
284859,normal,1799,0,1782361972.7352924,0.002007722854614258
284860,normal,2354,0,1782361972.737278,0.0019855499267578125
284861,normal,3583,0,1782361972.7393544,0.002076387405395508
284862,normal,249,0,1782361972.7413568,0.0020024776458740234
284863,normal,777,2,1782361972.7432568,0.0018999576568603516
284864,normal,1677,0,1782361972.745361,0.0021042823791503906
284865,normal,1168,0,1782361972.7473605,0.001999378204345703
284866,normal,150,0,1782361972.7492561,0.0018956661224365234
284867,normal,1819,0,1782361972.751353,0.002096891403198242
284868,normal,3424,0,1782361972.7533586,0.0020055770874023438
284869,normal,1992,0,1782361972.7552552,0.0018966197967529297
284870,normal,2167,0,1782361972.757462,0.0022068023681640625
284871,normal,3705,0,1782361972.7593968,0.0019347667694091797
284872,normal,22,0,1782361972.761457,0.0020601749420166016
284873,normal,2712,0,1782361972.763309,0.0018520355224609375
284874,normal,2225,0,1782361972.7654634,0.0021543502807617188
284875,normal,2056,0,1782361972.7673113,0.001847982406616211
284876,normal,2254,0,1782361972.7694585,0.002147197723388672
284877,normal,687,0,1782361972.7714007,0.0019421577453613281
284878,normal,3083,1,1782361972.7734597,0.0020589828491210938
284879,normal,955,2,1782361972.775308,0.0018482208251953125
284880,normal,2510,0,1782361972.777557,0.002249002456665039
284881,normal,598,0,1782361972.7793074,0.0017504692077636719
284882,normal,1939,0,1782361972.781457,0.0021495819091796875
284883,normal,1743,0,1782361972.783309,0.0018520355224609375
284884,normal,1723,0,1782361972.7854593,0.002150297164916992
284885,normal,2093,0,1782361972.78731,0.0018506050109863281
284886,normal,493,0,1782361972.7894678,0.002157926559448242
284887,normal,68,0,1782361972.7915704,0.0021026134490966797
284888,normal,722,0,1782361972.7933602,0.0017898082733154297
284889,normal,2295,0,1782361972.7956474,0.002287149429321289
284890,normal,1850,0,1782361972.7973585,0.001711130142211914
284891,normal,3307,1,1782361972.7997043,0.0023458003997802734
284892,normal,3380,1,1782361972.8014166,0.0017123222351074219
284893,normal,3510,0,1782361972.803363,0.0019464492797851562
284894,normal,339,0,1782361972.8054683,0.002105236053466797
284895,normal,3494,0,1782361972.8073196,0.0018513202667236328
284896,normal,2740,0,1782361972.8094728,0.002153158187866211
284897,normal,3224,1,1782361972.8113232,0.0018503665924072266
284898,normal,532,0,1782361972.8134775,0.0021543502807617188
284899,normal,288,0,1782361972.8153162,0.00183868408203125
284900,normal,2610,0,1782361972.8174725,0.0021562576293945312
284901,normal,2109,0,1782361972.8193245,0.0018520355224609375
284902,normal,181,0,1782361972.8214674,0.0021429061889648438
284903,normal,828,2,1782361972.8233466,0.0018792152404785156
284904,normal,66,0,1782361972.8254828,0.00213623046875
284905,normal,1911,0,1782361972.8273485,0.0018656253814697266
284906,normal,778,2,1782361972.8294804,0.002131938934326172
284907,normal,3017,0,1782361972.8313317,0.0018513202667236328
284908,normal,559,0,1782361972.8334677,0.0021359920501708984
284909,normal,1149,0,1782361972.835314,0.0018463134765625
284910,normal,2623,0,1782361972.8374894,0.0021753311157226562
284911,normal,1962,0,1782361972.8393142,0.0018248558044433594
284912,normal,2786,0,1782361972.8414693,0.0021550655364990234
284913,normal,2956,0,1782361972.8433354,0.0018661022186279297
284914,normal,1247,0,1782361972.8454769,0.0021414756774902344
284915,normal,482,0,1782361972.84732,0.0018432140350341797
284916,normal,2738,0,1782361972.849496,0.0021758079528808594
284917,normal,2511,0,1782361972.8513181,0.0018222332000732422
284918,normal,193,0,1782361972.8534775,0.0021593570709228516
284919,normal,3292,1,1782361972.8553402,0.0018627643585205078
284920,normal,881,2,1782361972.8574824,0.002142190933227539
284921,normal,3018,0,1782361972.8593526,0.0018701553344726562
284922,normal,2612,0,1782361972.8614998,0.002147197723388672
284923,normal,137,0,1782361972.8633199,0.0018200874328613281
284924,normal,3597,0,1782361972.8654678,0.0021479129791259766
284925,normal,3063,1,1782361972.8673446,0.0018768310546875
284926,normal,410,0,1782361972.869468,0.0021233558654785156
284927,normal,878,2,1782361972.871316,0.001847982406616211
284928,normal,1104,0,1782361972.8735056,0.00218963623046875
284929,normal,364,0,1782361972.8753443,0.00183868408203125
284930,normal,1281,0,1782361972.877482,0.0021376609802246094
284931,normal,81,0,1782361972.87935,0.0018680095672607422
284932,normal,1069,0,1782361972.8814692,0.002119302749633789
284933,normal,473,0,1782361972.8833172,0.001847982406616211
284934,normal,1255,0,1782361972.88551,0.0021927356719970703
284935,normal,675,0,1782361972.8873184,0.0018084049224853516
284936,normal,2149,0,1782361972.8894658,0.0021474361419677734
284937,normal,521,0,1782361972.891354,0.001888275146484375
284938,normal,3208,1,1782361972.8934302,0.0020761489868164062
284939,normal,2047,0,1782361972.8953416,0.0019114017486572266
284940,normal,53,0,1782361972.897513,0.0021712779998779297
284941,normal,2451,0,1782361972.8993397,0.0018267631530761719
284942,normal,3331,1,1782361972.901487,0.0021474361419677734
284943,normal,2416,0,1782361972.9033606,0.0018734931945800781
284944,normal,1699,0,1782361972.9054713,0.002110719680786133
284945,normal,70,0,1782361972.9073167,0.0018453598022460938
284946,normal,918,2,1782361972.9095182,0.002201557159423828
284947,normal,2957,0,1782361972.911317,0.001798868179321289
284948,normal,2650,0,1782361972.9134674,0.002150297164916992
284949,normal,3387,1,1782361972.915364,0.0018966197967529297
284950,normal,3311,1,1782361972.9174662,0.0021021366119384766
284951,normal,1712,0,1782361972.919314,0.0018477439880371094
284952,normal,2667,0,1782361972.9215243,0.002210378646850586
284953,normal,2671,0,1782361972.923315,0.001790761947631836
284954,normal,1492,0,1782361972.9254692,0.002154111862182617
284955,normal,1720,0,1782361972.92737,0.0019009113311767578
284956,normal,1017,2,1782361972.9294677,0.002097606658935547
284957,normal,1296,0,1782361972.931314,0.0018463134765625
284958,normal,3344,1,1782361972.9335287,0.002214670181274414
284959,normal,2603,0,1782361972.9353147,0.0017859935760498047
284960,normal,3512,0,1782361972.937469,0.0021543502807617188
284961,normal,1916,0,1782361972.939374,0.0019049644470214844
284962,normal,210,0,1782361972.9414678,0.002093791961669922
284963,normal,2651,0,1782361972.943315,0.0018472671508789062
284964,normal,3579,0,1782361972.9455335,0.002218484878540039
284965,normal,3175,1,1782361972.9473128,0.001779317855834961
284966,normal,1650,0,1782361972.9494672,0.0021543502807617188
284967,normal,2737,0,1782361972.9513798,0.0019125938415527344
284968,normal,2210,0,1782361972.9534655,0.0020856857299804688
284969,normal,3693,0,1782361972.9553447,0.0018792152404785156
284970,normal,3049,1,1782361972.957467,0.0021224021911621094
284971,normal,3375,1,1782361972.9593163,0.0018491744995117188
284972,normal,2128,0,1782361972.9614656,0.002149343490600586
284973,normal,902,2,1782361972.9633858,0.0019202232360839844
284974,normal,3211,1,1782361972.9654872,0.002101421356201172
284975,normal,1112,0,1782361972.9673536,0.0018663406372070312
284976,normal,453,0,1782361972.9695132,0.002159595489501953
284977,normal,920,2,1782361972.9713037,0.0017905235290527344
284978,normal,1133,0,1782361972.9734645,0.002160787582397461
284979,normal,1202,0,1782361972.97539,0.0019254684448242188
284980,normal,1500,0,1782361972.9774625,0.002072572708129883
284981,normal,3516,0,1782361972.9793184,0.0018558502197265625
284982,normal,2430,0,1782361972.9815478,0.002229452133178711
284983,normal,2805,0,1782361972.9833112,0.0017633438110351562
284984,normal,1746,0,1782361972.9854612,0.0021500587463378906
284985,normal,627,0,1782361972.9873955,0.0019342899322509766
284986,normal,1966,0,1782361972.9894643,0.002068758010864258
284987,normal,1129,0,1782361972.991364,0.00189971923828125
284988,normal,1709,0,1782361972.9933336,0.001969575881958008
284989,normal,1283,0,1782361972.9953172,0.001983642578125
284990,normal,31,0,1782361972.9974718,0.0021545886993408203
284991,normal,47,0,1782361972.9993994,0.0019276142120361328
284992,normal,503,0,1782361973.0014727,0.0020732879638671875
284993,normal,1121,0,1782361973.0033176,0.0018448829650878906
284994,normal,1711,0,1782361973.00556,0.0022423267364501953
284995,normal,303,0,1782361973.0073154,0.0017554759979248047
284996,normal,1251,0,1782361973.009468,0.002152681350708008
284997,normal,2152,0,1782361973.0114048,0.0019366741180419922
284998,normal,3016,0,1782361973.0134664,0.002061605453491211
284999,normal,3687,0,1782361973.015318,0.0018515586853027344
285000,normal,3234,1,1782361973.0175645,0.0022466182708740234
285001,normal,2332,0,1782361973.0193157,0.0017511844635009766
285002,normal,3594,0,1782361973.0214686,0.0021529197692871094
285003,normal,183,0,1782361973.0234096,0.0019409656524658203
285004,normal,1609,0,1782361973.0254693,0.0020596981048583984
285005,normal,405,0,1782361973.027318,0.0018486976623535156
285006,normal,2177,0,1782361973.0294716,0.002153635025024414
285007,normal,730,0,1782361973.0313175,0.0018458366394042969
285008,normal,381,0,1782361973.0334785,0.0021610260009765625
285009,normal,1611,0,1782361973.0353162,0.0018377304077148438
285010,normal,3188,1,1782361973.0374677,0.0021514892578125
285011,normal,2519,0,1782361973.039318,0.0018503665924072266
285012,normal,796,2,1782361973.0414736,0.0021555423736572266
285013,normal,139,0,1782361973.0433178,0.001844167709350586
285014,normal,510,0,1782361973.045465,0.002147197723388672
285015,normal,2106,0,1782361973.0473268,0.0018618106842041016
285016,normal,2155,0,1782361973.0499601,0.002633333206176758
285017,normal,391,0,1782361973.0513122,0.001352071762084961
285018,normal,1747,0,1782361973.0534754,0.0021631717681884766
285019,normal,1138,0,1782361973.0553174,0.0018420219421386719
285020,normal,1374,1,1782361973.0574675,0.0021500587463378906
285021,normal,2123,0,1782361973.0593152,0.0018477439880371094
285022,normal,1445,0,1782361973.061464,0.002148866653442383
285023,normal,2273,0,1782361973.0633152,0.0018510818481445312
285024,normal,309,0,1782361973.065473,0.002157926559448242
285025,normal,247,0,1782361973.067315,0.0018420219421386719
285026,normal,1676,0,1782361973.069466,0.002151012420654297
285027,normal,2769,0,1782361973.07132,0.00185394287109375
285028,normal,2160,0,1782361973.0734656,0.002145528793334961
285029,normal,433,0,1782361973.0753164,0.0018508434295654297
285030,normal,1253,0,1782361973.077493,0.002176523208618164
285031,normal,1647,0,1782361973.0793104,0.001817464828491211
285032,normal,333,0,1782361973.081485,0.0021746158599853516
285033,normal,1363,1,1782361973.0833154,0.0018303394317626953
285034,normal,219,0,1782361973.0854702,0.002154827117919922
285035,normal,2407,0,1782361973.087319,0.0018486976623535156
285036,normal,2256,0,1782361973.0894742,0.002155303955078125
285037,normal,56,0,1782361973.0913148,0.0018405914306640625
285038,normal,2281,0,1782361973.0934992,0.0021843910217285156
285039,normal,3536,0,1782361973.095341,0.0018417835235595703
285040,normal,1205,0,1782361973.0974746,0.002133607864379883
285041,normal,348,0,1782361973.0993161,0.0018415451049804688
285042,normal,2851,0,1782361973.1014998,0.002183675765991211
285043,normal,2089,0,1782361973.1033149,0.0018150806427001953
285044,normal,1580,0,1782361973.105471,0.0021560192108154297
285045,normal,1459,0,1782361973.1073468,0.0018758773803710938
285046,normal,1844,0,1782361973.1094675,0.0021207332611083984
285047,normal,3187,1,1782361973.1113284,0.0018608570098876953
285048,normal,1076,0,1782361973.1135037,0.0021753311157226562
285049,normal,3529,0,1782361973.1153154,0.0018117427825927734
285050,normal,1448,0,1782361973.1174676,0.0021522045135498047
285051,normal,1019,2,1782361973.1193516,0.0018839836120605469
285052,normal,1141,0,1782361973.1214666,0.002115011215209961
285053,normal,1031,0,1782361973.123315,0.001848459243774414
285054,normal,957,2,1782361973.1255152,0.0022001266479492188
285055,normal,232,0,1782361973.1273167,0.0018014907836914062
285056,normal,129,0,1782361973.1294658,0.0021491050720214844
285057,normal,2976,0,1782361973.131355,0.0018892288208007812
285058,normal,2977,0,1782361973.1334665,0.0021114349365234375
285059,normal,1623,0,1782361973.1353147,0.0018482208251953125
285060,normal,1936,0,1782361973.1375144,0.0021996498107910156
285061,normal,735,0,1782361973.1393142,0.0017998218536376953
285062,normal,1130,0,1782361973.1414673,0.002153158187866211
285063,normal,3144,1,1782361973.1433601,0.0018928050994873047
285064,normal,3004,0,1782361973.1454685,0.002108335494995117
285065,normal,1508,0,1782361973.1473162,0.0018477439880371094
285066,normal,2375,0,1782361973.14952,0.002203702926635742
285067,normal,126,0,1782361973.1513176,0.0017976760864257812
285068,normal,1025,2,1782361973.1534686,0.002151012420654297
285069,normal,1439,0,1782361973.1553679,0.0018992424011230469
285070,normal,1335,1,1782361973.1574662,0.0020983219146728516
285071,normal,186,0,1782361973.1593149,0.0018486976623535156
285072,normal,2840,0,1782361973.1615233,0.0022084712982177734
285073,normal,402,0,1782361973.1633153,0.0017919540405273438
285074,normal,2275,0,1782361973.165466,0.0021507740020751953
285075,normal,1460,0,1782361973.16737,0.0019040107727050781
285076,normal,1602,0,1782361973.1694686,0.002098560333251953
285077,normal,3194,1,1782361973.1713157,0.0018470287322998047
285078,normal,15,0,1782361973.1735299,0.002214193344116211
285079,normal,718,0,1782361973.1753147,0.0017848014831542969
285080,normal,1762,0,1782361973.177467,0.0021524429321289062
285081,normal,2145,0,1782361973.179376,0.0019087791442871094
285082,normal,501,0,1782361973.181466,0.0020902156829833984
285083,normal,2954,0,1782361973.1833177,0.0018515586853027344
285084,normal,3007,0,1782361973.185466,0.0021483898162841797
285085,normal,2168,0,1782361973.1873155,0.0018494129180908203
285086,normal,3639,0,1782361973.1894739,0.0021584033966064453
285087,normal,1024,2,1782361973.1913805,0.0019066333770751953
285088,normal,3520,0,1782361973.193468,0.0020875930786132812
285089,normal,3166,1,1782361973.1953142,0.0018460750579833984
285090,normal,3581,0,1782361973.1974654,0.0021512508392333984
285091,normal,3402,0,1782361973.199316,0.0018506050109863281
285092,normal,3227,1,1782361973.201469,0.0021529197692871094
285093,normal,896,2,1782361973.2033865,0.0019176006317138672
285094,normal,1378,1,1782361973.205467,0.0020804405212402344
285095,normal,2151,0,1782361973.2073197,0.0018527507781982422
285096,normal,3412,0,1782361973.2094674,0.002147674560546875
285097,normal,848,2,1782361973.211315,0.0018475055694580078
285098,normal,2714,0,1782361973.2134671,0.0021522045135498047
285099,normal,2685,0,1782361973.2153914,0.001924276351928711
285100,normal,1802,0,1782361973.2174633,0.002071857452392578
285101,normal,377,0,1782361973.2193165,0.0018532276153564453
285102,normal,807,2,1782361973.2215471,0.0022306442260742188
285103,normal,809,2,1782361973.223316,0.0017688274383544922
285104,normal,446,0,1782361973.2254672,0.0021512508392333984
285105,normal,293,0,1782361973.2273955,0.0019283294677734375
285106,normal,862,2,1782361973.229468,0.002072572708129883
285107,normal,3592,0,1782361973.231314,0.0018458366394042969
285108,normal,116,0,1782361973.2335558,0.002241849899291992
285109,normal,2456,0,1782361973.2353213,0.0017654895782470703
285110,normal,2033,0,1782361973.2374666,0.0021452903747558594
285111,normal,799,2,1782361973.2394001,0.0019335746765136719
285112,normal,930,2,1782361973.241473,0.0020728111267089844
285113,normal,821,2,1782361973.243318,0.0018451213836669922
285114,normal,488,0,1782361973.2455583,0.0022401809692382812
285115,normal,424,0,1782361973.2473161,0.0017578601837158203
285116,normal,212,0,1782361973.2494674,0.0021512508392333984
285117,normal,2165,0,1782361973.2514048,0.0019373893737792969
285118,normal,2658,0,1782361973.2534678,0.0020630359649658203
285119,normal,940,2,1782361973.2553165,0.0018486976623535156
285120,normal,3479,0,1782361973.2575622,0.002245664596557617
285121,normal,3192,1,1782361973.2593155,0.0017533302307128906
285122,normal,107,0,1782361973.2614748,0.0021593570709228516
285123,normal,2855,0,1782361973.2634108,0.0019359588623046875
285124,normal,2072,0,1782361973.265469,0.002058267593383789
285125,normal,78,0,1782361973.267324,0.0018548965454101562
285126,normal,3091,1,1782361973.2694898,0.0021657943725585938
285127,normal,1765,0,1782361973.271315,0.0018253326416015625
285128,normal,1943,0,1782361973.2734666,0.0021514892578125
285129,normal,2396,0,1782361973.2753215,0.0018548965454101562
285130,normal,2462,0,1782361973.2774694,0.0021479129791259766
285131,normal,3420,0,1782361973.2793272,0.001857757568359375
285132,normal,3644,0,1782361973.281477,0.002149820327758789
285133,normal,2294,0,1782361973.2833142,0.0018372535705566406
285134,normal,1014,2,1782361973.2854671,0.0021529197692871094
285135,normal,2350,0,1782361973.2873225,0.0018553733825683594
285136,normal,2723,0,1782361973.2894678,0.0021452903747558594
285137,normal,87,0,1782361973.2913194,0.0018515586853027344
285138,normal,1243,0,1782361973.2934833,0.0021638870239257812
285139,normal,286,0,1782361973.2953193,0.0018360614776611328
285140,normal,770,0,1782361973.2974799,0.0021605491638183594
285141,normal,67,0,1782361973.299327,0.0018470287322998047
285142,normal,1408,0,1782361973.3014677,0.0021407604217529297
285143,normal,2684,0,1782361973.3033152,0.0018475055694580078
285144,normal,1037,0,1782361973.305487,0.002171754837036133
285145,normal,3659,0,1782361973.307315,0.0018281936645507812
285146,normal,2146,0,1782361973.309467,0.002151966094970703
285147,normal,779,2,1782361973.3113468,0.0018796920776367188
285148,normal,2370,0,1782361973.3134773,0.0021305084228515625
285149,normal,2852,0,1782361973.3153148,0.0018374919891357422
285150,normal,2491,0,1782361973.3174915,0.0021767616271972656
285151,normal,188,0,1782361973.319315,0.00182342529296875
285152,normal,952,2,1782361973.3214664,0.0021514892578125
285153,normal,1621,0,1782361973.3233378,0.001871347427368164
285154,normal,3253,1,1782361973.3254676,0.002129793167114258
285155,normal,109,0,1782361973.3273172,0.0018496513366699219
285156,normal,1290,0,1782361973.3294973,0.0021800994873046875
285157,normal,1781,0,1782361973.3313134,0.0018160343170166016
285158,normal,1530,0,1782361973.333488,0.0021746158599853516
285159,normal,2554,0,1782361973.3353436,0.001855611801147461
285160,normal,74,0,1782361973.3374686,0.0021250247955322266
285161,normal,1658,0,1782361973.3393168,0.0018482208251953125
285162,normal,1372,1,1782361973.3415117,0.0021948814392089844
285163,normal,1950,0,1782361973.3433156,0.0018038749694824219
285164,normal,2980,0,1782361973.3454735,0.002157926559448242
285165,normal,1263,0,1782361973.3473475,0.0018739700317382812
285166,normal,3102,1,1782361973.3494792,0.0021317005157470703
285167,normal,2868,0,1782361973.3512974,0.0018181800842285156
285168,normal,2660,0,1782361973.3535159,0.002218484878540039
285169,normal,1689,0,1782361973.3553398,0.0018239021301269531
285170,normal,969,2,1782361973.357469,0.0021293163299560547
285171,normal,1498,0,1782361973.3594685,0.001999378204345703
285172,normal,1342,1,1782361973.3613133,0.0018448829650878906
285173,normal,2213,0,1782361973.3634732,0.0021598339080810547
285174,normal,939,2,1782361973.365463,0.0019898414611816406
285175,normal,198,0,1782361973.3673115,0.001848459243774414
285176,normal,3640,0,1782361973.3694942,0.0021827220916748047
285177,normal,2504,0,1782361973.371469,0.001974821090698242
285178,normal,757,0,1782361973.373312,0.0018429756164550781
285179,normal,2482,0,1782361973.3754642,0.0021522045135498047
285180,normal,1695,0,1782361973.3774655,0.0020012855529785156
285181,normal,831,2,1782361973.379311,0.0018455982208251953
285182,normal,37,0,1782361973.3814704,0.0021593570709228516
285183,normal,1928,0,1782361973.3834877,0.0020172595977783203
285184,normal,1467,0,1782361973.3853123,0.0018246173858642578
285185,normal,2993,0,1782361973.3874772,0.0021648406982421875
285186,normal,3054,1,1782361973.3894677,0.0019905567169189453
285187,normal,1963,0,1782361973.3913188,0.0018510818481445312
285188,normal,2381,0,1782361973.3934703,0.0021514892578125
285189,normal,209,0,1782361973.3955264,0.002056121826171875
285190,normal,3094,1,1782361973.39731,0.001783609390258789
285191,normal,2352,0,1782361973.399467,0.002156972885131836
285192,normal,2495,0,1782361973.4015255,0.0020585060119628906
285193,normal,3524,0,1782361973.4033134,0.0017879009246826172
285194,normal,1060,0,1782361973.405474,0.0021605491638183594
285195,normal,230,0,1782361973.4074762,0.002002239227294922
285196,normal,1386,0,1782361973.409309,0.001832723617553711
285197,normal,1519,0,1782361973.411464,0.0021550655364990234
285198,normal,2724,0,1782361973.413462,0.0019979476928710938
285199,normal,2857,0,1782361973.4153085,0.0018465518951416016
285200,normal,1649,0,1782361973.4174705,0.0021619796752929688
285201,normal,912,2,1782361973.41947,0.0019996166229248047
285202,normal,2690,0,1782361973.421313,0.0018429756164550781
285203,normal,588,0,1782361973.423469,0.0021560192108154297
285204,normal,3330,1,1782361973.4254625,0.001993417739868164
285205,normal,3633,0,1782361973.4273076,0.0018451213836669922
285206,normal,650,0,1782361973.4294753,0.0021677017211914062
285207,normal,3637,0,1782361973.4314697,0.0019943714141845703
285208,normal,4,0,1782361973.433309,0.0018393993377685547
285209,normal,760,0,1782361973.435472,0.002162933349609375
285210,normal,1368,1,1782361973.4375572,0.0020852088928222656
285211,normal,3673,0,1782361973.4393094,0.0017521381378173828
285212,normal,825,2,1782361973.4414704,0.0021610260009765625
285213,normal,3619,0,1782361973.4435472,0.002076864242553711
285214,normal,2067,0,1782361973.4453094,0.0017621517181396484
285215,normal,2141,0,1782361973.4474628,0.0021533966064453125
285216,normal,2704,0,1782361973.4494617,0.0019989013671875
285217,normal,1393,0,1782361973.4513092,0.0018475055694580078
285218,normal,2066,0,1782361973.4534726,0.002163410186767578
285219,normal,1215,0,1782361973.4554663,0.0019936561584472656
285220,normal,387,0,1782361973.4573092,0.0018429756164550781
285221,normal,1549,0,1782361973.4594855,0.0021762847900390625
285222,normal,3418,0,1782361973.4615514,0.002065896987915039
285223,normal,246,0,1782361973.4633083,0.001756906509399414
285224,normal,3226,1,1782361973.4654727,0.0021643638610839844
285225,normal,638,0,1782361973.467503,0.0020303726196289062
285226,normal,1534,0,1782361973.4692962,0.0017931461334228516
285227,normal,2324,0,1782361973.4714768,0.0021805763244628906
285228,normal,750,0,1782361973.473468,0.00199127197265625
285229,normal,3515,0,1782361973.47531,0.0018420219421386719
285230,normal,1958,0,1782361973.4774888,0.002178668975830078
285231,normal,2270,0,1782361973.4795773,0.0020885467529296875
285232,normal,885,2,1782361973.4813118,0.0017344951629638672
285233,normal,2045,0,1782361973.4834747,0.002162933349609375
285234,normal,1319,1,1782361973.4855595,0.0020847320556640625
285235,normal,3260,1,1782361973.4873114,0.0017518997192382812
285236,normal,2833,0,1782361973.4894733,0.0021619796752929688
285237,normal,1777,0,1782361973.4914682,0.0019948482513427734
285238,normal,661,0,1782361973.49331,0.0018417835235595703
285239,normal,1879,0,1782361973.4954872,0.0021772384643554688
285240,normal,1722,0,1782361973.4974692,0.001981973648071289
285241,normal,3070,1,1782361973.4993136,0.0018444061279296875
285242,normal,1893,0,1782361973.5014691,0.0021555423736572266
285243,normal,1395,0,1782361973.5034692,0.002000093460083008
285244,normal,2741,0,1782361973.5053127,0.0018434524536132812
285245,normal,3413,0,1782361973.50731,0.001997232437133789
285246,normal,1892,0,1782361973.509473,0.0021631717681884766
285247,normal,958,2,1782361973.511308,0.001834869384765625
285248,normal,297,0,1782361973.5134742,0.002166271209716797
285249,normal,2941,0,1782361973.5154724,0.0019981861114501953
285250,normal,3113,1,1782361973.517341,0.0018684864044189453
285251,normal,2566,0,1782361973.5194883,0.0021474361419677734
285252,normal,2282,0,1782361973.5214877,0.001999378204345703
285253,normal,224,0,1782361973.5233383,0.0018506050109863281
285254,normal,3044,0,1782361973.5254824,0.0021440982818603516
285255,normal,3065,1,1782361973.5274887,0.0020062923431396484
285256,normal,2973,0,1782361973.5293362,0.0018475055694580078
285257,normal,3438,0,1782361973.5314882,0.002151966094970703
285258,normal,398,0,1782361973.5334866,0.001998424530029297
285259,normal,3204,1,1782361973.5353355,0.0018489360809326172
285260,normal,785,2,1782361973.5374873,0.0021517276763916016
285261,normal,1600,0,1782361973.5394957,0.0020084381103515625
285262,normal,1204,0,1782361973.5413363,0.0018405914306640625
285263,normal,3013,0,1782361973.5434868,0.0021505355834960938
285264,normal,1629,0,1782361973.5455816,0.002094745635986328
285265,normal,2220,0,1782361973.5473342,0.001752614974975586
285266,normal,1724,0,1782361973.5494876,0.0021533966064453125
285267,normal,2836,0,1782361973.5514946,0.002007007598876953
285268,normal,1559,0,1782361973.5533345,0.0018398761749267578
285269,normal,3390,1,1782361973.5554903,0.002155780792236328
285270,normal,469,0,1782361973.557493,0.002002716064453125
285271,normal,530,0,1782361973.5593402,0.0018472671508789062
285272,normal,2328,0,1782361973.5614872,0.0021469593048095703
285273,normal,988,2,1782361973.5634935,0.0020062923431396484
285274,normal,2879,0,1782361973.5653343,0.001840829849243164
285275,normal,2926,0,1782361973.5674894,0.0021550655364990234
285276,normal,142,0,1782361973.5694885,0.0019991397857666016
285277,normal,2945,0,1782361973.5713327,0.001844167709350586
285278,normal,1315,0,1782361973.5734828,0.0021500587463378906
285279,normal,1535,0,1782361973.5754914,0.002008676528930664
285280,normal,2018,0,1782361973.5773354,0.0018439292907714844
285281,normal,2518,0,1782361973.579501,0.002165555953979492
285282,normal,149,0,1782361973.581489,0.0019881725311279297
285283,normal,1859,0,1782361973.5833344,0.0018453598022460938
285284,normal,3177,1,1782361973.5855083,0.002173900604248047
285285,normal,1352,1,1782361973.587348,0.0018396377563476562
285286,normal,3359,1,1782361973.589489,0.0021409988403320312
285287,normal,3502,0,1782361973.5913343,0.0018453598022460938
285288,normal,872,2,1782361973.593495,0.0021605491638183594
285289,normal,146,0,1782361973.595333,0.0018382072448730469
285290,normal,3459,0,1782361973.597537,0.0022039413452148438
285291,normal,1272,0,1782361973.5993526,0.0018155574798583984
285292,normal,3039,0,1782361973.6014943,0.002141714096069336
285293,normal,2543,0,1782361973.6033337,0.0018393993377685547
285294,normal,1102,0,1782361973.6054885,0.002154827117919922
285295,normal,1360,1,1782361973.6073315,0.0018429756164550781
285296,normal,3000,0,1782361973.6094904,0.0021588802337646484
285297,normal,408,0,1782361973.61149,0.0019996166229248047
285298,normal,2948,0,1782361973.6133342,0.001844167709350586
285299,normal,1740,0,1782361973.6154876,0.0021533966064453125
285300,normal,649,0,1782361973.6174972,0.0020096302032470703
285301,normal,194,0,1782361973.6193337,0.001836538314819336
285302,normal,400,0,1782361973.6219745,0.0026407241821289062
285303,normal,3404,0,1782361973.6233027,0.0013282299041748047
285304,normal,540,0,1782361973.6252847,0.001981973648071289
285305,normal,2503,0,1782361973.627299,0.0020143985748291016
285306,normal,374,0,1782361973.6293423,0.0020432472229003906
285307,normal,1260,0,1782361973.6314836,0.002141237258911133
285308,normal,200,0,1782361973.633333,0.0018494129180908203
285309,normal,1656,0,1782361973.6355257,0.0021927356719970703
285310,normal,1029,2,1782361973.6373365,0.0018107891082763672
285311,normal,505,0,1782361973.6394877,0.0021512508392333984
285312,normal,2716,0,1782361973.6414952,0.0020074844360351562
285313,normal,3382,1,1782361973.6433334,0.0018382072448730469
285314,normal,3197,1,1782361973.645488,0.0021545886993408203
285315,normal,2810,0,1782361973.6475203,0.0020322799682617188
285316,normal,3679,0,1782361973.6499999,0.00247955322265625
285317,normal,1646,0,1782361973.6512976,0.0012977123260498047
285318,normal,2383,0,1782361973.6535232,0.002225637435913086
285319,normal,154,0,1782361973.6553593,0.0018360614776611328
285320,normal,2046,0,1782361973.657291,0.0019316673278808594
285321,normal,3033,0,1782361973.6592968,0.0020058155059814453
285322,normal,2206,0,1782361973.6612728,0.00197601318359375
285323,normal,1690,0,1782361973.6634583,0.0021855831146240234
285324,normal,990,2,1782361973.6654923,0.0020339488983154297
285325,normal,714,0,1782361973.6673355,0.0018432140350341797
285326,normal,983,2,1782361973.6694868,0.0021512508392333984
285327,normal,2437,0,1782361973.67133,0.0018432140350341797
285328,normal,538,0,1782361973.673487,0.002156972885131836
285329,normal,2039,0,1782361973.675335,0.001847982406616211
285330,normal,231,0,1782361973.677489,0.002154111862182617
285331,normal,1422,0,1782361973.6793344,0.0018453598022460938
285332,normal,3247,1,1782361973.6814873,0.0021529197692871094
285333,normal,886,2,1782361973.6834877,0.0020003318786621094
285334,normal,1027,2,1782361973.685334,0.0018463134765625
285335,normal,2692,0,1782361973.6875472,0.0022132396697998047
285336,normal,3297,1,1782361973.6893358,0.0017886161804199219
285337,normal,3680,0,1782361973.691486,0.0021500587463378906
285338,normal,2971,0,1782361973.6933353,0.0018494129180908203
285339,normal,1221,0,1782361973.6955009,0.002165555953979492
285340,normal,1759,0,1782361973.6973338,0.0018329620361328125
285341,normal,748,0,1782361973.6993341,0.0020003318786621094
285342,normal,2663,0,1782361973.70149,0.002155780792236328
285343,normal,804,2,1782361973.703333,0.0018429756164550781
285344,normal,2607,0,1782361973.7055058,0.0021729469299316406
285345,normal,702,0,1782361973.707334,0.0018281936645507812
285346,normal,52,0,1782361973.7094913,0.0021572113037109375
285347,normal,613,0,1782361973.7113562,0.0018649101257324219
285348,normal,1002,2,1782361973.7134852,0.002129077911376953
285349,normal,1423,0,1782361973.7153323,0.0018470287322998047
285350,normal,599,0,1782361973.7174883,0.0021560192108154297
285351,normal,2388,0,1782361973.7195601,0.002071857452392578
285352,normal,315,0,1782361973.7213335,0.0017733573913574219
285353,normal,3396,1,1782361973.7234845,0.002151012420654297
285354,normal,1412,0,1782361973.7254841,0.0019996166229248047
285355,normal,3584,0,1782361973.727332,0.001847982406616211
285356,normal,2735,0,1782361973.7294874,0.002155303955078125
285357,normal,1628,0,1782361973.731564,0.0020766258239746094
285358,normal,3325,1,1782361973.7333336,0.0017695426940917969
285359,normal,2907,0,1782361973.735493,0.0021593570709228516
285360,normal,1706,0,1782361973.737335,0.0018420219421386719
285361,normal,2856,0,1782361973.739486,0.002151012420654297
285362,normal,1732,0,1782361973.7413328,0.0018467903137207031
285363,normal,2199,0,1782361973.743569,0.0022361278533935547
285364,normal,2625,0,1782361973.7453427,0.001773834228515625
285365,normal,2701,0,1782361973.7474856,0.0021429061889648438
285366,normal,2427,0,1782361973.7494867,0.002001047134399414
285367,normal,1579,0,1782361973.751342,0.0018553733825683594
285368,normal,2378,0,1782361973.7534876,0.002145528793334961
285369,normal,46,0,1782361973.7555745,0.0020868778228759766
285370,normal,1388,0,1782361973.7573333,0.0017588138580322266
285371,normal,1442,0,1782361973.7594855,0.0021522045135498047
285372,normal,1028,2,1782361973.7614868,0.0020012855529785156
285373,normal,2767,0,1782361973.763333,0.0018463134765625
285374,normal,1164,0,1782361973.765488,0.002154827117919922
285375,normal,2770,0,1782361973.7675815,0.0020935535430908203
285376,normal,3381,1,1782361973.7693336,0.0017521381378173828
285377,normal,665,0,1782361973.7714858,0.0021522045135498047
285378,normal,3154,1,1782361973.7734945,0.002008676528930664
285379,normal,951,2,1782361973.7753332,0.00183868408203125
285380,normal,26,0,1782361973.777485,0.0021517276763916016
285381,normal,2944,0,1782361973.7795634,0.002078533172607422
285382,normal,1794,0,1782361973.781329,0.0017654895782470703
285383,normal,2947,0,1782361973.7834907,0.002161741256713867
285384,normal,2481,0,1782361973.7854848,0.0019941329956054688
285385,normal,204,0,1782361973.7873335,0.0018486976623535156
285386,normal,3499,0,1782361973.7894838,0.002150297164916992
285387,normal,2097,0,1782361973.791491,0.0020072460174560547
285388,normal,3411,0,1782361973.7933362,0.0018451213836669922
285389,normal,2837,0,1782361973.7954872,0.002151012420654297
285390,normal,3064,1,1782361973.7974918,0.0020046234130859375
285391,normal,3225,1,1782361973.7993343,0.001842498779296875
285392,normal,3201,1,1782361973.8014853,0.002151012420654297
285393,normal,177,0,1782361973.8033342,0.0018489360809326172
285394,normal,1250,0,1782361973.8054838,0.0021495819091796875
285395,normal,1135,0,1782361973.8073354,0.0018515586853027344
285396,normal,1953,0,1782361973.8094978,0.002162456512451172
285397,normal,1177,0,1782361973.8113334,0.0018355846405029297
285398,normal,2061,0,1782361973.8134925,0.00215911865234375
285399,normal,1620,0,1782361973.8154936,0.002001047134399414
285400,normal,2487,0,1782361973.81733,0.0018362998962402344
285401,normal,1921,0,1782361973.8194885,0.002158641815185547
285402,normal,2865,0,1782361973.8215015,0.002012968063354492
285403,normal,3683,0,1782361973.8233342,0.001832723617553711
285404,normal,2038,0,1782361973.8254867,0.0021524429321289062
285405,normal,2079,0,1782361973.8274992,0.002012491226196289
285406,normal,2887,0,1782361973.8293338,0.0018346309661865234
285407,normal,584,0,1782361973.8314912,0.002157449722290039
285408,normal,1405,0,1782361973.8335085,0.0020172595977783203
285409,normal,152,0,1782361973.8353326,0.0018241405487060547
285410,normal,1203,0,1782361973.8375063,0.0021736621856689453
285411,normal,3279,1,1782361973.8394883,0.001981973648071289
285412,normal,1123,0,1782361973.841331,0.0018427371978759766
285413,normal,1489,0,1782361973.84349,0.0021588802337646484
285414,normal,2041,0,1782361973.845513,0.0020232200622558594
285415,normal,1970,0,1782361973.847336,0.0018229484558105469
285416,normal,3137,1,1782361973.8494866,0.0021505355834960938
285417,normal,2133,0,1782361973.8514986,0.002012014389038086
285418,normal,1935,0,1782361973.8533323,0.0018336772918701172
285419,normal,3303,1,1782361973.855486,0.002153635025024414
285420,normal,110,0,1782361973.857517,0.002031087875366211
285421,normal,1294,0,1782361973.8593345,0.001817464828491211
285422,normal,1566,0,1782361973.8614872,0.002152681350708008
285423,normal,1036,0,1782361973.8635218,0.0020346641540527344
285424,normal,1096,0,1782361973.8653333,0.0018115043640136719
285425,normal,1320,1,1782361973.8674896,0.0021562576293945312
285426,normal,2446,0,1782361973.8693323,0.0018427371978759766
285427,normal,464,0,1782361973.8714864,0.002154111862182617
285428,normal,3284,1,1782361973.8733323,0.0018458366394042969
285429,normal,2878,0,1782361973.8754785,0.0021462440490722656
285430,normal,1490,0,1782361973.8773162,0.0018377304077148438
285431,normal,2212,0,1782361973.8794785,0.0021622180938720703
285432,normal,1783,0,1782361973.8813705,0.00189208984375
285433,normal,3020,0,1782361973.88347,0.0020995140075683594
285434,normal,2216,0,1782361973.885316,0.0018458366394042969
285435,normal,776,2,1782361973.8874745,0.002158641815185547
285436,normal,2596,0,1782361973.8893156,0.0018410682678222656
285437,normal,1035,0,1782361973.8914905,0.002174854278564453
285438,normal,2331,0,1782361973.8933756,0.0018851757049560547
285439,normal,438,0,1782361973.8953142,0.0019385814666748047
285440,normal,1047,0,1782361973.897494,0.002179861068725586
285441,normal,1832,0,1782361973.8993776,0.0018835067749023438
285442,normal,2539,0,1782361973.90147,0.0020923614501953125
285443,normal,1354,1,1782361973.903313,0.0018429756164550781
285444,normal,2529,0,1782361973.9054852,0.002172231674194336
285445,normal,2042,0,1782361973.9073129,0.0018277168273925781
285446,normal,1835,0,1782361973.9094918,0.0021789073944091797
285447,normal,1237,0,1782361973.9113848,0.0018930435180664062
285448,normal,3686,0,1782361973.9134655,0.002080678939819336
285449,normal,3287,1,1782361973.9153352,0.0018696784973144531
285450,normal,3317,1,1782361973.9174662,0.0021309852600097656
285451,normal,388,0,1782361973.9193149,0.0018486976623535156
285452,normal,1157,0,1782361973.9214916,0.0021767616271972656
285453,normal,839,2,1782361973.9233167,0.001825094223022461
285454,normal,2178,0,1782361973.925468,0.0021512508392333984
285455,normal,3273,1,1782361973.9273353,0.0018672943115234375
285456,normal,2792,0,1782361973.9294794,0.0021440982818603516
285457,normal,2158,0,1782361973.931314,0.0018346309661865234
285458,normal,268,0,1782361973.9334915,0.0021774768829345703
285459,normal,2573,0,1782361973.9353144,0.0018229484558105469
285460,normal,1917,0,1782361973.9374688,0.0021543502807617188
285461,normal,3062,1,1782361973.9393353,0.0018665790557861328
285462,normal,1803,0,1782361973.9414737,0.002138376235961914
285463,normal,437,0,1782361973.9433143,0.0018405914306640625
285464,normal,2268,0,1782361973.945494,0.0021796226501464844
285465,normal,133,0,1782361973.947398,0.0019040107727050781
285466,normal,2170,0,1782361973.9494705,0.002072572708129883
285467,normal,1193,0,1782361973.951336,0.001865386962890625
285468,normal,3371,1,1782361973.9534726,0.002136707305908203
285469,normal,2011,0,1782361973.9553132,0.0018405914306640625
285470,normal,2428,0,1782361973.9574935,0.002180337905883789
285471,normal,3029,0,1782361973.9594026,0.001909017562866211
285472,normal,1101,0,1782361973.961466,0.0020635128021240234
285473,normal,73,0,1782361973.9633358,0.0018696784973144531
285474,normal,2366,0,1782361973.9654706,0.0021347999572753906
285475,normal,1739,0,1782361973.9673162,0.0018455982208251953
285476,normal,3133,1,1782361973.9694922,0.002176046371459961
285477,normal,1172,0,1782361973.9714081,0.0019159317016601562
285478,normal,2861,0,1782361973.9735715,0.002163410186767578
285479,normal,3195,1,1782361973.9753146,0.0017430782318115234
285480,normal,3357,1,1782361973.9774709,0.0021562576293945312
285481,normal,57,0,1782361973.9793124,0.0018415451049804688
285482,normal,2465,0,1782361973.9814703,0.002157926559448242
285483,normal,2858,0,1782361973.9833148,0.0018444061279296875
285484,normal,2287,0,1782361973.985467,0.0021522045135498047
285485,normal,1006,2,1782361973.9873164,0.0018494129180908203
285486,normal,1303,0,1782361973.9894753,0.0021588802337646484
285487,normal,3237,1,1782361973.9913173,0.0018420219421386719
285488,normal,3296,1,1782361973.9935207,0.0022034645080566406
285489,normal,255,0,1782361973.99532,0.0017993450164794922
285490,normal,2995,0,1782361973.997508,0.002187967300415039
285491,normal,2918,0,1782361973.999321,0.0018129348754882812
285492,normal,3444,0,1782361974.0014694,0.0021483898162841797
285493,normal,2408,0,1782361974.0033078,0.0018384456634521484
285494,normal,2925,0,1782361974.005481,0.002173185348510742
285495,normal,290,0,1782361974.0074232,0.0019421577453613281
285496,normal,1020,2,1782361974.0094666,0.002043485641479492
285497,normal,2032,0,1782361974.0113263,0.0018596649169921875
285498,normal,2524,0,1782361974.013471,0.0021445751190185547
285499,normal,3364,1,1782361974.0153162,0.0018453598022460938
285500,normal,27,0,1782361974.0174856,0.002169370651245117
285501,normal,2365,0,1782361974.01933,0.0018444061279296875
285502,normal,1738,0,1782361974.021466,0.0021359920501708984
285503,normal,1733,0,1782361974.0233319,0.0018658638000488281
285504,normal,2359,0,1782361974.02547,0.0021381378173828125
285505,normal,500,0,1782361974.0273144,0.0018444061279296875
285506,normal,1761,0,1782361974.0294905,0.002176046371459961
285507,normal,3474,0,1782361974.0313354,0.0018448829650878906
285508,normal,1292,0,1782361974.033468,0.0021326541900634766
285509,normal,1295,0,1782361974.0353365,0.0018684864044189453
285510,normal,1404,0,1782361974.0374715,0.002135038375854492
285511,normal,905,2,1782361974.0393157,0.001844167709350586
285512,normal,3135,1,1782361974.0414932,0.0021774768829345703
285513,normal,1323,1,1782361974.0433397,0.0018465518951416016
285514,normal,523,0,1782361974.0454667,0.002126932144165039
285515,normal,2824,0,1782361974.0473409,0.0018742084503173828
285516,normal,3617,0,1782361974.0494707,0.002129793167114258
285517,normal,2493,0,1782361974.051313,0.0018422603607177734
285518,normal,1727,0,1782361974.053496,0.0021829605102539062
285519,normal,414,0,1782361974.055344,0.0018482208251953125
285520,normal,2523,0,1782361974.0574682,0.0021240711212158203
285521,normal,1912,0,1782361974.0593388,0.0018706321716308594
285522,normal,2410,0,1782361974.0614705,0.0021317005157470703
285523,normal,2556,0,1782361974.0633137,0.0018432140350341797
285524,normal,1233,0,1782361974.0654953,0.002181529998779297
285525,normal,490,0,1782361974.06735,0.0018546581268310547
285526,normal,3251,1,1782361974.0694673,0.0021173954010009766
285527,normal,855,2,1782361974.071341,0.0018737316131591797
285528,normal,1946,0,1782361974.0734704,0.0021293163299560547
285529,normal,710,0,1782361974.075313,0.0018427371978759766
285530,normal,2591,0,1782361974.0775187,0.0022056102752685547
285531,normal,1071,0,1782361974.0793545,0.0018358230590820312
285532,normal,3461,0,1782361974.0814664,0.0021119117736816406
285533,normal,1142,0,1782361974.0833411,0.001874685287475586
285534,normal,2083,0,1782361974.0854745,0.0021333694458007812
285535,normal,2708,0,1782361974.087309,0.0018343925476074219
285536,normal,1554,0,1782361974.0894601,0.0021512508392333984
285537,normal,691,0,1782361974.0913084,0.0018482208251953125
285538,normal,658,0,1782361974.0934575,0.0021491050720214844
285539,normal,1270,0,1782361974.0953395,0.0018820762634277344
285540,normal,196,0,1782361974.0974658,0.0021262168884277344
285541,normal,243,0,1782361974.0993066,0.001840829849243164
285542,normal,2895,0,1782361974.1014621,0.0021555423736572266
285543,normal,1273,0,1782361974.1033094,0.0018472671508789062
285544,normal,1548,0,1782361974.1054626,0.002153158187866211
285545,normal,947,2,1782361974.107341,0.001878499984741211
285546,normal,2656,0,1782361974.1094658,0.002124786376953125
285547,normal,3681,0,1782361974.1113074,0.0018415451049804688
285548,normal,259,0,1782361974.1134617,0.0021543502807617188
285549,normal,515,0,1782361974.1153095,0.0018477439880371094
285550,normal,3233,1,1782361974.117463,0.002153635025024414
285551,normal,3153,1,1782361974.1193397,0.0018765926361083984
285552,normal,3340,1,1782361974.1214657,0.002125978469848633
285553,normal,2386,0,1782361974.1233099,0.001844167709350586
285554,normal,2886,0,1782361974.1254694,0.002159595489501953
285555,normal,708,0,1782361974.1273148,0.0018453598022460938
285556,normal,2675,0,1782361974.1294618,0.0021469593048095703
285557,normal,3409,0,1782361974.1313424,0.001880645751953125
285558,normal,1965,0,1782361974.1334727,0.002130270004272461
285559,normal,3293,1,1782361974.1353114,0.00183868408203125
285560,normal,1645,0,1782361974.1374648,0.0021533966064453125
285561,normal,3654,0,1782361974.1393356,0.001870870590209961
285562,normal,3622,0,1782361974.1414635,0.0021278858184814453
285563,normal,120,0,1782361974.1433427,0.0018792152404785156
285564,normal,1642,0,1782361974.1454673,0.0021245479583740234
285565,normal,1465,0,1782361974.1473095,0.0018422603607177734
285566,normal,1070,0,1782361974.1494625,0.0021529197692871094
285567,normal,3691,0,1782361974.151308,0.0018455982208251953
285568,normal,2873,0,1782361974.1534655,0.002157449722290039
285569,normal,1317,0,1782361974.1553433,0.0018777847290039062
285570,normal,1181,0,1782361974.1574779,0.002134561538696289
285571,normal,390,0,1782361974.1593084,0.0018305778503417969
285572,normal,3596,0,1782361974.1614623,0.0021538734436035156
285573,normal,3585,0,1782361974.1633146,0.001852273941040039
285574,normal,358,0,1782361974.165472,0.002157449722290039
285575,normal,1003,2,1782361974.1673446,0.0018725395202636719
285576,normal,1182,0,1782361974.1694686,0.0021240711212158203
285577,normal,1085,0,1782361974.1713114,0.0018427371978759766
285578,normal,1044,0,1782361974.1734633,0.002151966094970703
285579,normal,3210,1,1782361974.1753094,0.0018460750579833984
285580,normal,945,2,1782361974.1774619,0.0021524429321289062
285581,normal,117,0,1782361974.179345,0.0018830299377441406
285582,normal,3323,1,1782361974.1814666,0.0021216869354248047
285583,normal,3141,1,1782361974.1833081,0.0018415451049804688
285584,normal,1866,0,1782361974.1854641,0.0021560192108154297
285585,normal,3627,0,1782361974.1873097,0.0018455982208251953
285586,normal,2694,0,1782361974.1894624,0.002152681350708008
285587,normal,3252,1,1782361974.191347,0.00188446044921875
285588,normal,1056,0,1782361974.193478,0.002131223678588867
285589,normal,20,0,1782361974.19531,0.0018320083618164062
285590,normal,3026,0,1782361974.1974638,0.002153635025024414
285591,normal,2073,0,1782361974.1993103,0.0018465518951416016
285592,normal,3702,0,1782361974.2014623,0.002151966094970703
285593,normal,2689,0,1782361974.2033446,0.001882314682006836
285594,normal,2234,0,1782361974.2054684,0.0021238327026367188
285595,normal,3582,0,1782361974.207309,0.0018405914306640625
285596,normal,3266,1,1782361974.2094646,0.0021555423736572266
285597,normal,274,0,1782361974.2113092,0.001844644546508789
285598,normal,3164,1,1782361974.213462,0.0021529197692871094
285599,normal,3176,1,1782361974.2153122,0.001850128173828125
285600,normal,513,0,1782361974.2174687,0.002156496047973633
285601,normal,681,0,1782361974.2193103,0.0018415451049804688
285602,normal,3354,1,1782361974.221462,0.0021517276763916016
285603,normal,2746,0,1782361974.2233088,0.0018467903137207031
285604,normal,2392,0,1782361974.2254624,0.002153635025024414
285605,normal,21,0,1782361974.2273176,0.0018551349639892578
285606,normal,3073,1,1782361974.229468,0.0021505355834960938
285607,normal,3706,0,1782361974.2313137,0.0018455982208251953
285608,normal,3107,1,1782361974.2334626,0.002148866653442383
285609,normal,1574,0,1782361974.2353091,0.0018465518951416016
285610,normal,1674,0,1782361974.2374623,0.002153158187866211
285611,normal,369,0,1782361974.239322,0.0018596649169921875
285612,normal,2432,0,1782361974.2414737,0.0021517276763916016
285613,normal,1239,0,1782361974.2433114,0.0018377304077148438
285614,normal,608,0,1782361974.2454622,0.0021507740020751953
285615,normal,2555,0,1782361974.2473092,0.0018470287322998047
285616,normal,1220,0,1782361974.249817,0.0025076866149902344
285617,normal,633,0,1782361974.251314,0.001497030258178711
285618,normal,2377,0,1782361974.253441,0.0021271705627441406
285619,normal,900,2,1782361974.2552793,0.0018382072448730469
285620,normal,2577,0,1782361974.2573519,0.002072572708129883
285621,normal,2743,0,1782361974.2593446,0.0019927024841308594
285622,normal,3119,1,1782361974.2612715,0.0019268989562988281
285623,normal,1238,0,1782361974.2632847,0.0020132064819335938
285624,normal,3709,0,1782361974.265333,0.0020482540130615234
285625,normal,1127,0,1782361974.2672944,0.0019614696502685547
285626,normal,3101,1,1782361974.2692792,0.001984834671020508
285627,normal,2541,0,1782361974.2713356,0.0020563602447509766
285628,normal,1904,0,1782361974.2733278,0.0019922256469726562
285629,normal,1471,0,1782361974.2754886,0.002160787582397461
285630,normal,3085,1,1782361974.2774923,0.0020036697387695312
285631,normal,647,0,1782361974.2793329,0.0018405914306640625
285632,normal,600,0,1782361974.2814944,0.0021615028381347656
285633,normal,72,0,1782361974.2834911,0.001996755599975586
285634,normal,1619,0,1782361974.2853346,0.0018434524536132812
285635,normal,1726,0,1782361974.2874882,0.002153635025024414
285636,normal,822,2,1782361974.2894864,0.0019981861114501953
285637,normal,1570,0,1782361974.2913404,0.00185394287109375
285638,normal,1474,0,1782361974.2934847,0.002144336700439453
285639,normal,1703,0,1782361974.2954967,0.002012014389038086
285640,normal,1163,0,1782361974.2973337,0.001837015151977539
285641,normal,3264,1,1782361974.2993467,0.002012968063354492
285642,normal,3269,1,1782361974.3015056,0.0021588802337646484
285643,normal,2078,0,1782361974.303333,0.0018274784088134766
285644,normal,1454,0,1782361974.3055055,0.0021724700927734375
285645,normal,2718,0,1782361974.3074932,0.0019876956939697266
285646,normal,3574,0,1782361974.3093355,0.0018422603607177734
285647,normal,581,0,1782361974.3115172,0.0021817684173583984
285648,normal,1231,0,1782361974.3135004,0.001983165740966797
285649,normal,470,0,1782361974.315339,0.00183868408203125
285650,normal,3401,1,1782361974.3174958,0.0021567344665527344
285651,normal,1207,0,1782361974.3194952,0.001999378204345703
285652,normal,3528,0,1782361974.3213341,0.0018389225006103516
285653,normal,863,2,1782361974.3235059,0.002171754837036133
285654,normal,561,0,1782361974.3254924,0.0019865036010742188
285655,normal,3551,0,1782361974.3273656,0.0018732547760009766
285656,normal,3021,0,1782361974.3294873,0.0021216869354248047
285657,normal,91,0,1782361974.3314874,0.002000093460083008
285658,normal,3448,0,1782361974.3333335,0.0018460750579833984
285659,normal,3378,1,1782361974.335508,0.0021746158599853516
285660,normal,106,0,1782361974.337492,0.0019838809967041016
285661,normal,3450,0,1782361974.3393338,0.0018417835235595703
285662,normal,1195,0,1782361974.341493,0.00215911865234375
285663,normal,787,2,1782361974.3434973,0.002004384994506836
285664,normal,1779,0,1782361974.3453343,0.001837015151977539
285665,normal,2301,0,1782361974.3475075,0.002173185348510742
285666,normal,2479,0,1782361974.3493502,0.0018427371978759766
285667,normal,1981,0,1782361974.3513312,0.001981019973754883
285668,normal,302,0,1782361974.3535147,0.0021834373474121094
285669,normal,876,2,1782361974.355312,0.0017974376678466797
285670,normal,2790,0,1782361974.3574674,0.002155303955078125
285671,normal,2087,0,1782361974.3593533,0.0018858909606933594
285672,normal,1276,0,1782361974.3614702,0.0021169185638427734
285673,normal,1401,0,1782361974.3633127,0.001842498779296875
285674,normal,3701,0,1782361974.365508,0.0021953582763671875
285675,normal,1592,0,1782361974.3673136,0.0018055438995361328
285676,normal,1575,0,1782361974.3694694,0.002155780792236328
285677,normal,2706,0,1782361974.3713093,0.0018398761749267578
285678,normal,301,0,1782361974.3734663,0.002156972885131836
285679,normal,103,0,1782361974.3753111,0.0018448829650878906
285680,normal,1311,0,1782361974.3775086,0.0021975040435791016
285681,normal,1249,0,1782361974.3793085,0.0017998218536376953
285682,normal,543,0,1782361974.3814685,0.0021600723266601562
285683,normal,3265,1,1782361974.3833163,0.0018477439880371094
285684,normal,284,0,1782361974.3854663,0.0021500587463378906
285685,normal,2445,0,1782361974.3873086,0.0018422603607177734
285686,normal,1618,0,1782361974.3895106,0.0022020339965820312
285687,normal,2425,0,1782361974.3913171,0.001806497573852539
285688,normal,3700,0,1782361974.393467,0.002149820327758789
285689,normal,636,0,1782361974.3953521,0.0018851757049560547
285690,normal,624,0,1782361974.3974752,0.002123117446899414
285691,normal,1641,0,1782361974.3993108,0.0018355846405029297
285692,normal,3464,0,1782361974.40151,0.0021991729736328125
285693,normal,2614,0,1782361974.4033096,0.0017995834350585938
285694,normal,2310,0,1782361974.4054613,0.0021517276763916016
285695,normal,1753,0,1782361974.4073093,0.001847982406616211
285696,normal,507,0,1782361974.4094663,0.002156972885131836
285697,normal,257,0,1782361974.4113057,0.0018393993377685547
285698,normal,2970,0,1782361974.4135063,0.002200603485107422
285699,normal,2122,0,1782361974.4153214,0.0018150806427001953
285700,normal,16,0,1782361974.417465,0.0021436214447021484
285701,normal,3370,1,1782361974.4193096,0.001844644546508789
285702,normal,508,0,1782361974.4214606,0.002151012420654297
285703,normal,1956,0,1782361974.4233115,0.0018508434295654297
285704,normal,2752,0,1782361974.4255056,0.0021941661834716797
285705,normal,1458,0,1782361974.4273088,0.0018031597137451172
285706,normal,382,0,1782361974.4294655,0.0021567344665527344
285707,normal,1018,2,1782361974.4313111,0.0018455982208251953
285708,normal,3142,1,1782361974.433461,0.002149820327758789
285709,normal,36,0,1782361974.4353163,0.0018553733825683594
285710,normal,208,0,1782361974.4374688,0.0021524429321289062
285711,normal,2811,0,1782361974.4394145,0.0019457340240478516
285712,normal,2835,0,1782361974.441311,0.0018963813781738281
285713,normal,3391,1,1782361974.4434621,0.0021512508392333984
285714,normal,829,2,1782361974.4453135,0.0018513202667236328
285715,normal,3276,1,1782361974.447462,0.0021486282348632812
285716,normal,2464,0,1782361974.449309,0.0018470287322998047
285717,normal,3559,0,1782361974.4514704,0.002161264419555664
285718,normal,1752,0,1782361974.4533074,0.001837015151977539
285719,normal,522,0,1782361974.4554632,0.002155780792236328
285720,normal,1440,0,1782361974.4573078,0.001844644546508789
285721,normal,3557,0,1782361974.459463,0.0021550655364990234
285722,normal,2205,0,1782361974.4613142,0.0018513202667236328
285723,normal,1728,0,1782361974.463469,0.002154827117919922
285724,normal,3678,0,1782361974.4653084,0.0018393993377685547
285725,normal,367,0,1782361974.467464,0.0021555423736572266
285726,normal,2361,0,1782361974.469311,0.0018470287322998047
285727,normal,3312,1,1782361974.4714642,0.002153158187866211
285728,normal,3439,0,1782361974.473321,0.0018568038940429688
285729,normal,2999,0,1782361974.475472,0.002151012420654297
285730,normal,3436,0,1782361974.477311,0.0018389225006103516
285731,normal,1394,0,1782361974.4794633,0.0021524429321289062
285732,normal,2846,0,1782361974.481309,0.0018455982208251953
285733,normal,2297,0,1782361974.4834616,0.002152681350708008
285734,normal,2364,0,1782361974.4853265,0.0018649101257324219
285735,normal,1930,0,1782361974.4874692,0.002142667770385742
285736,normal,3291,1,1782361974.4893103,0.0018410682678222656
285737,normal,3456,0,1782361974.4914644,0.002154111862182617
285738,normal,233,0,1782361974.49331,0.0018455982208251953
285739,normal,1430,0,1782361974.4954624,0.0021524429321289062
285740,normal,244,0,1782361974.4973304,0.0018680095672607422
285741,normal,3560,0,1782361974.4994664,0.0021359920501708984
285742,normal,1343,1,1782361974.50131,0.0018436908721923828
285743,normal,1245,0,1782361974.503463,0.0021529197692871094
285744,normal,0,0,1782361974.5053093,0.0018463134765625
285745,normal,2501,0,1782361974.5074644,0.0021550655364990234
285746,normal,1982,0,1782361974.5093355,0.0018711090087890625
285747,normal,2662,0,1782361974.511468,0.002132415771484375
285748,normal,279,0,1782361974.51331,0.0018420219421386719
285749,normal,1808,0,1782361974.5155005,0.0021905899047851562
285750,normal,2901,0,1782361974.5173163,0.0018157958984375
285751,normal,1941,0,1782361974.519311,0.001994609832763672
285752,normal,227,0,1782361974.521498,0.002187013626098633
285753,normal,3457,0,1782361974.5233097,0.0018117427825927734
285754,normal,1328,1,1782361974.525463,0.0021533966064453125
285755,normal,1871,0,1782361974.5273428,0.0018796920776367188
285756,normal,2007,0,1782361974.5294693,0.002126455307006836
285757,normal,3376,1,1782361974.5313091,0.0018398761749267578
285758,normal,869,2,1782361974.5335019,0.0021927356719970703
285759,normal,185,0,1782361974.5353093,0.0018074512481689453
285760,normal,331,0,1782361974.5374627,0.0021533966064453125
285761,normal,1909,0,1782361974.5393488,0.001886129379272461
285762,normal,694,0,1782361974.541471,0.002122163772583008
285763,normal,2642,0,1782361974.543311,0.0018401145935058594
285764,normal,1705,0,1782361974.5455194,0.002208232879638672
285765,normal,2068,0,1782361974.547311,0.0017917156219482422
285766,normal,3429,0,1782361974.5494633,0.0021522045135498047
285767,normal,1995,0,1782361974.5513537,0.001890420913696289
285768,normal,2771,0,1782361974.5534828,0.002129077911376953
285769,normal,2447,0,1782361974.555306,0.0018231868743896484
285770,normal,1218,0,1782361974.5575106,0.0022046566009521484
285771,normal,465,0,1782361974.5593078,0.0017971992492675781
285772,normal,1969,0,1782361974.5614638,0.0021560192108154297
285773,normal,399,0,1782361974.5633576,0.001893758773803711
285774,normal,1026,2,1782361974.5654695,0.0021119117736816406
285775,normal,305,0,1782361974.56731,0.0018405914306640625
285776,normal,3578,0,1782361974.5695121,0.0022020339965820312
285777,normal,3668,0,1782361974.571313,0.0018007755279541016
285778,normal,271,0,1782361974.573464,0.002151012420654297
285779,normal,3451,0,1782361974.5753596,0.0018956661224365234
285780,normal,436,0,1782361974.5774899,0.002130270004272461
285781,normal,311,0,1782361974.579309,0.0018191337585449219
285782,normal,454,0,1782361974.581515,0.002206087112426758
285783,normal,2306,0,1782361974.58331,0.0017948150634765625
285784,normal,1192,0,1782361974.5854666,0.0021567344665527344
285785,normal,2534,0,1782361974.5873594,0.0018928050994873047
285786,normal,2222,0,1782361974.589469,0.002109527587890625
285787,normal,761,0,1782361974.591309,0.0018401145935058594
285788,normal,996,2,1782361974.5935152,0.002206087112426758
285789,normal,1925,0,1782361974.5953114,0.0017962455749511719
285790,normal,571,0,1782361974.597468,0.002156496047973633
285791,normal,913,2,1782361974.5993595,0.0018916130065917969
285792,normal,489,0,1782361974.6014714,0.0021119117736816406
285793,normal,2801,0,1782361974.6033106,0.0018391609191894531
285794,normal,3383,1,1782361974.605516,0.002205371856689453
285795,normal,2932,0,1782361974.6073089,0.00179290771484375
285796,normal,386,0,1782361974.609463,0.002154111862182617
285797,normal,2547,0,1782361974.6113598,0.0018968582153320312
285798,normal,1707,0,1782361974.613466,0.002106189727783203
285799,normal,1347,1,1782361974.615309,0.0018429756164550781
285800,normal,520,0,1782361974.6175175,0.0022084712982177734
285801,normal,1769,0,1782361974.6193163,0.001798868179321289
285802,normal,2028,0,1782361974.6214838,0.0021674633026123047
285803,normal,1166,0,1782361974.623307,0.0018231868743896484
285804,normal,1613,0,1782361974.625353,0.0020461082458496094
285805,normal,854,2,1782361974.627317,0.0019638538360595703
285806,normal,3169,1,1782361974.629518,0.002201080322265625
285807,normal,2400,0,1782361974.631472,0.0019540786743164062
285808,normal,1637,0,1782361974.6333122,0.0018401145935058594
285809,normal,161,0,1782361974.635519,0.0022068023681640625
285810,normal,668,0,1782361974.6374788,0.0019598007202148438
285811,normal,1282,0,1782361974.6393118,0.0018329620361328125
285812,normal,1066,0,1782361974.6414676,0.002155780792236328
285813,normal,2910,0,1782361974.6434782,0.0020105838775634766
285814,normal,3108,1,1782361974.64531,0.0018317699432373047
285815,normal,2129,0,1782361974.6475213,0.002211332321166992
285816,normal,517,0,1782361974.6494708,0.0019495487213134766
285817,normal,2024,0,1782361974.6513097,0.0018389225006103516
285818,normal,3316,1,1782361974.653472,0.0021622180938720703
285819,normal,975,2,1782361974.6554642,0.0019922256469726562
285820,normal,3526,0,1782361974.6573079,0.0018436908721923828
285821,normal,1106,0,1782361974.6595192,0.002211332321166992
285822,normal,982,2,1782361974.6614711,0.0019519329071044922
285823,normal,861,2,1782361974.6633117,0.0018405914306640625
285824,normal,2470,0,1782361974.6655169,0.0022051334381103516
285825,normal,1840,0,1782361974.6674724,0.0019555091857910156
285826,normal,3304,1,1782361974.6693099,0.0018374919891357422
285827,normal,368,0,1782361974.6715202,0.002210378646850586
285828,normal,3469,0,1782361974.6733098,0.0017895698547363281
285829,normal,3161,1,1782361974.6754644,0.0021545886993408203
285830,normal,273,0,1782361974.677311,0.0018465518951416016
285831,normal,1937,0,1782361974.679469,0.0021581649780273438
285832,normal,3410,0,1782361974.6813095,0.001840353012084961
285833,normal,2292,0,1782361974.6834614,0.002151966094970703
285834,normal,2148,0,1782361974.685464,0.0020024776458740234
285835,normal,3299,1,1782361974.6873815,0.0019176006317138672
285836,normal,1792,0,1782361974.689469,0.0020875930786132812
285837,normal,618,0,1782361974.6914945,0.0020253658294677734
285838,normal,1888,0,1782361974.6933143,0.0018198490142822266
285839,normal,1607,0,1782361974.6954732,0.0021588802337646484
285840,normal,216,0,1782361974.6974642,0.0019910335540771484
285841,normal,1140,0,1782361974.69931,0.0018458366394042969
285842,normal,2444,0,1782361974.7015135,0.0022034645080566406
285843,normal,3350,1,1782361974.7034702,0.0019567012786865234
285844,normal,512,0,1782361974.7053146,0.0018444061279296875
285845,normal,676,0,1782361974.707465,0.002150297164916992
285846,normal,76,0,1782361974.7094731,0.002008199691772461
285847,normal,2655,0,1782361974.71131,0.0018367767333984375
285848,normal,3452,0,1782361974.7134783,0.002168416976928711
285849,normal,59,0,1782361974.715469,0.0019905567169189453
285850,normal,1098,0,1782361974.7173095,0.0018405914306640625
285851,normal,1514,0,1782361974.7194645,0.0021550655364990234
285852,normal,772,2,1782361974.7214694,0.002004861831665039
285853,normal,3538,0,1782361974.72331,0.0018405914306640625
285854,normal,2900,0,1782361974.7254632,0.002153158187866211
285855,normal,3326,1,1782361974.7274678,0.0020046234130859375
285856,normal,2439,0,1782361974.7293103,0.001842498779296875
285857,normal,3105,1,1782361974.7314851,0.002174854278564453
285858,normal,2924,0,1782361974.7334678,0.0019826889038085938
285859,normal,95,0,1782361974.7353094,0.0018415451049804688
285860,normal,1847,0,1782361974.7374654,0.0021560192108154297
285861,normal,2581,0,1782361974.7394643,0.0019989013671875
285862,normal,3168,1,1782361974.741309,0.001844644546508789
285863,normal,2030,0,1782361974.7434928,0.0021839141845703125
285864,normal,2682,0,1782361974.7454708,0.0019779205322265625
285865,normal,3630,0,1782361974.7473097,0.0018389225006103516
285866,normal,1419,0,1782361974.749493,0.002183198928833008
285867,normal,357,0,1782361974.7514675,0.0019745826721191406
285868,normal,3349,1,1782361974.7533066,0.0018391609191894531
285869,normal,3453,0,1782361974.7554948,0.0021882057189941406
285870,normal,1137,0,1782361974.7574704,0.001975536346435547
285871,normal,2666,0,1782361974.7593088,0.0018384456634521484
285872,normal,1510,0,1782361974.7614973,0.002188444137573242
285873,normal,690,0,1782361974.7634683,0.001971006393432617
285874,normal,1178,0,1782361974.7653143,0.0018460750579833984
285875,normal,3555,0,1782361974.7675004,0.0021860599517822266
285876,normal,802,2,1782361974.769472,0.0019714832305908203
285877,normal,1578,0,1782361974.7713177,0.0018458366394042969
285878,normal,814,2,1782361974.7735047,0.002187013626098633
285879,normal,1078,0,1782361974.775474,0.0019693374633789062
285880,normal,2822,0,1782361974.7773097,0.0018355846405029297
285881,normal,2631,0,1782361974.779504,0.0021944046020507812
285882,normal,2812,0,1782361974.7814689,0.0019648075103759766
285883,normal,962,2,1782361974.78331,0.0018410682678222656
285884,normal,2964,0,1782361974.785508,0.0021979808807373047
285885,normal,1340,1,1782361974.7874773,0.0019693374633789062
285886,normal,3261,1,1782361974.789314,0.0018367767333984375
285887,normal,531,0,1782361974.7915094,0.0021953582763671875
285888,normal,1307,0,1782361974.793473,0.0019636154174804688
285889,normal,3121,1,1782361974.7953115,0.0018384456634521484
285890,normal,502,0,1782361974.7974725,0.0021610260009765625
285891,normal,1849,0,1782361974.7994711,0.0019986629486083984
285892,normal,62,0,1782361974.8013165,0.0018453598022460938
285893,normal,2023,0,1782361974.803514,0.0021975040435791016
285894,normal,1523,0,1782361974.8054686,0.0019545555114746094
285895,normal,1059,0,1782361974.807311,0.001842498779296875
285896,normal,836,2,1782361974.8095176,0.002206563949584961
285897,normal,1147,0,1782361974.81147,0.0019524097442626953
285898,normal,1222,0,1782361974.8133097,0.0018396377563476562
285899,normal,123,0,1782361974.8154657,0.0021560192108154297
285900,normal,830,2,1782361974.8174675,0.0020017623901367188
285901,normal,1406,0,1782361974.8193092,0.0018417835235595703
285902,normal,1131,0,1782361974.8215227,0.0022134780883789062
285903,normal,2040,0,1782361974.8234704,0.001947641372680664
285904,normal,1061,0,1782361974.8253126,0.0018422603607177734
285905,normal,2334,0,1782361974.8274982,0.0021855831146240234
285906,normal,1644,0,1782361974.8294647,0.0019664764404296875
285907,normal,310,0,1782361974.8313105,0.0018458366394042969
285908,normal,2081,0,1782361974.8335257,0.002215147018432617
285909,normal,2071,0,1782361974.8354647,0.0019390583038330078
285910,normal,336,0,1782361974.8373094,0.001844644546508789
285911,normal,2424,0,1782361974.8395286,0.0022192001342773438
285912,normal,1682,0,1782361974.8414707,0.0019421577453613281
285913,normal,2157,0,1782361974.8433285,0.001857757568359375
285914,normal,3319,1,1782361974.8454628,0.0021343231201171875
285915,normal,2616,0,1782361974.8474667,0.002003908157348633
285916,normal,1191,0,1782361974.8493092,0.001842498779296875
285917,normal,838,2,1782361974.851325,0.002015829086303711
285918,normal,542,0,1782361974.853538,0.002213001251220703
285919,normal,1798,0,1782361974.8552346,0.0016965866088867188
285920,normal,3508,0,1782361974.8572598,0.002025127410888672
285921,normal,2618,0,1782361974.859265,0.002005338668823242
285922,normal,1882,0,1782361974.8612647,0.0019996166229248047
285923,normal,3641,0,1782361974.8632548,0.001990079879760742
285924,normal,1895,0,1782361974.8653247,0.0020699501037597656
285925,normal,1156,0,1782361974.867272,0.001947164535522461
285926,normal,1736,0,1782361974.8693097,0.0020377635955810547
285927,normal,727,0,1782361974.871327,0.0020172595977783203
285928,normal,3086,1,1782361974.8733099,0.0019829273223876953
285929,normal,2121,0,1782361974.8755267,0.002216815948486328
285930,normal,118,0,1782361974.8774667,0.001940011978149414
285931,normal,2406,0,1782361974.87931,0.0018432140350341797
285932,normal,2678,0,1782361974.8814647,0.002154827117919922
285933,normal,3465,0,1782361974.883467,0.002002239227294922
285934,normal,3648,0,1782361974.885309,0.0018420219421386719
285935,normal,569,0,1782361974.8875294,0.0022203922271728516
285936,normal,3148,1,1782361974.8894708,0.0019414424896240234
285937,normal,2105,0,1782361974.8913095,0.00183868408203125
285938,normal,2619,0,1782361974.893528,0.002218484878540039
285939,normal,1046,0,1782361974.8954716,0.0019435882568359375
285940,normal,1278,0,1782361974.8973312,0.0018596649169921875
285941,normal,2885,0,1782361974.899506,0.002174854278564453
285942,normal,3569,0,1782361974.9014766,0.001970529556274414
285943,normal,904,2,1782361974.9033031,0.0018265247344970703
285944,normal,1065,0,1782361974.9055355,0.0022323131561279297
285945,normal,2942,0,1782361974.907313,0.00177764892578125
285946,normal,3088,1,1782361974.9094808,0.0021677017211914062
285947,normal,2423,0,1782361974.9113123,0.0018315315246582031
285948,normal,3025,0,1782361974.9134688,0.002156496047973633
285949,normal,1672,0,1782361974.915309,0.0018401145935058594
285950,normal,2182,0,1782361974.9175048,0.0021958351135253906
285951,normal,2245,0,1782361974.919577,0.0020720958709716797
285952,normal,2472,0,1782361974.921332,0.0017549991607666016
285953,normal,2641,0,1782361974.9234931,0.002161264419555664
285954,normal,574,0,1782361974.9254742,0.001981019973754883
285955,normal,3421,0,1782361974.9273126,0.0018384456634521484
285956,normal,411,0,1782361974.9294674,0.002154827117919922
285957,normal,2647,0,1782361974.931464,0.0019965171813964844
285958,normal,867,2,1782361974.9333117,0.0018477439880371094
285959,normal,1235,0,1782361974.935491,0.002179384231567383
285960,normal,319,0,1782361974.9373126,0.0018215179443359375
285961,normal,2825,0,1782361974.939472,0.0021593570709228516
285962,normal,135,0,1782361974.9413185,0.0018465518951416016
285963,normal,2787,0,1782361974.9434836,0.002165079116821289
285964,normal,3193,1,1782361974.945314,0.0018303394317626953
285965,normal,723,0,1782361974.9474757,0.002161741256713867
285966,normal,626,0,1782361974.9494686,0.001992940902709961
285967,normal,3306,1,1782361974.951311,0.001842498779296875
285968,normal,2059,0,1782361974.9534662,0.0021550655364990234
285969,normal,2572,0,1782361974.9554677,0.002001523971557617
285970,normal,3374,1,1782361974.957311,0.0018432140350341797
285971,normal,645,0,1782361974.9594827,0.002171754837036133
285972,normal,1627,0,1782361974.9614668,0.001984119415283203
285973,normal,2898,0,1782361974.9633129,0.0018460750579833984
285974,normal,2401,0,1782361974.9654956,0.0021827220916748047
285975,normal,1397,0,1782361974.9674845,0.0019888877868652344
285976,normal,3221,1,1782361974.9693136,0.0018291473388671875
285977,normal,504,0,1782361974.971487,0.0021734237670898438
285978,normal,1212,0,1782361974.9735138,0.002026796340942383
285979,normal,90,0,1782361974.9753165,0.001802682876586914
285980,normal,2848,0,1782361974.97749,0.0021734237670898438
285981,normal,237,0,1782361974.97947,0.0019800662994384766
285982,normal,547,0,1782361974.9813116,0.0018415451049804688
285983,normal,889,2,1782361974.9834917,0.0021800994873046875
285984,normal,3196,1,1782361974.9854681,0.001976490020751953
285985,normal,3475,0,1782361974.9873135,0.0018453598022460938
285986,normal,1173,0,1782361974.9894998,0.002186298370361328
285987,normal,2961,0,1782361974.9914703,0.001970529556274414
285988,normal,3256,1,1782361974.9933145,0.001844167709350586
285989,normal,2394,0,1782361974.9955287,0.002214193344116211
285990,normal,2605,0,1782361974.9974701,0.0019414424896240234
285991,normal,158,0,1782361974.9993274,0.0018572807312011719
285992,normal,1967,0,1782361975.001536,0.0022084712982177734
285993,normal,2415,0,1782361975.0032825,0.0017466545104980469
285994,normal,677,0,1782361975.0052745,0.0019919872283935547
285995,normal,931,2,1782361975.0072696,0.001995086669921875
285996,normal,884,2,1782361975.0092747,0.0020051002502441406
285997,normal,1013,2,1782361975.0112562,0.001981496810913086
285998,normal,2325,0,1782361975.013259,0.002002716064453125
285999,normal,516,0,1782361975.0152466,0.0019876956939697266
286000,normal,83,0,1782361975.0172338,0.0019872188568115234
286001,normal,2817,0,1782361975.0195057,0.002271890640258789
286002,normal,226,0,1782361975.0213854,0.0018796920776367188
286003,normal,2962,0,1782361975.0232687,0.0018832683563232422
286004,normal,2473,0,1782361975.0255067,0.002238035202026367
286005,normal,2640,0,1782361975.0273209,0.001814126968383789
286006,normal,1789,0,1782361975.0294647,0.00214385986328125
286007,normal,2540,0,1782361975.0312908,0.0018260478973388672
286008,normal,2208,0,1782361975.0332782,0.001987457275390625
286009,normal,2450,0,1782361975.0352788,0.002000570297241211
286010,normal,3093,1,1782361975.0374134,0.002134561538696289
286011,normal,1660,0,1782361975.0392692,0.0018558502197265625
286012,normal,2060,0,1782361975.0414667,0.0021975040435791016
286013,normal,2236,0,1782361975.04336,0.0018932819366455078
286014,normal,3030,0,1782361975.0454645,0.002104520797729492
286015,normal,280,0,1782361975.0473099,0.0018453598022460938
286016,normal,192,0,1782361975.049517,0.002207040786743164
286017,normal,460,0,1782361975.0514657,0.0019488334655761719
286018,normal,1729,0,1782361975.0533094,0.0018436908721923828
286019,normal,2314,0,1782361975.0554647,0.002155303955078125
286020,normal,2550,0,1782361975.0574663,0.002001523971557617
286021,normal,726,0,1782361975.059309,0.0018427371978759766
286022,normal,2003,0,1782361975.061523,0.0022139549255371094
286023,normal,943,2,1782361975.0634682,0.0019452571868896484
286024,normal,813,2,1782361975.0653098,0.0018415451049804688
286025,normal,2289,0,1782361975.0675254,0.0022156238555908203
286026,normal,2779,0,1782361975.069465,0.001939535140991211
286027,normal,2336,0,1782361975.0713086,0.0018436908721923828
286028,normal,1244,0,1782361975.0735273,0.0022187232971191406
286029,normal,3669,0,1782361975.075469,0.001941680908203125
286030,normal,3152,1,1782361975.0773094,0.001840353012084961
286031,normal,3539,0,1782361975.0795326,0.0022232532501220703
286032,normal,842,2,1782361975.0814705,0.0019378662109375
286033,normal,346,0,1782361975.0833106,0.0018401145935058594
286034,normal,1057,0,1782361975.085376,0.002065420150756836
286035,normal,2005,0,1782361975.0874648,0.002088785171508789
286036,normal,3059,1,1782361975.0893092,0.0018444061279296875
286037,normal,262,0,1782361975.0914643,0.0021550655364990234
286038,normal,48,0,1782361975.0934706,0.0020062923431396484
286039,normal,1175,0,1782361975.0953124,0.0018417835235595703
286040,normal,172,0,1782361975.0975363,0.002223968505859375
286041,normal,2260,0,1782361975.0994778,0.0019414424896240234
286042,normal,1042,0,1782361975.1013088,0.0018310546875
286043,normal,2905,0,1782361975.1035566,0.0022478103637695312
286044,normal,1582,0,1782361975.105309,0.0017523765563964844
286045,normal,3466,0,1782361975.107465,0.0021560192108154297
286046,normal,3125,1,1782361975.109379,0.0019140243530273438
286047,normal,1418,0,1782361975.1114664,0.0020873546600341797
286048,normal,2608,0,1782361975.1133108,0.0018444061279296875
286049,normal,3535,0,1782361975.1154647,0.0021538734436035156
286050,normal,2818,0,1782361975.1174679,0.002003192901611328
286051,normal,669,0,1782361975.1193113,0.0018434524536132812
286052,normal,2831,0,1782361975.121535,0.0022237300872802734
286053,normal,946,2,1782361975.1234672,0.0019321441650390625
286054,normal,2000,0,1782361975.1253083,0.0018410682678222656
286055,normal,3205,1,1782361975.1273801,0.002071857452392578
286056,normal,3397,1,1782361975.1294694,0.002089262008666992
286057,normal,1219,0,1782361975.1313095,0.0018401145935058594
286058,normal,306,0,1782361975.133536,0.002226591110229492
286059,normal,1931,0,1782361975.1354702,0.001934051513671875
286060,normal,2207,0,1782361975.137309,0.0018389225006103516
286061,normal,2300,0,1782361975.1395385,0.002229452133178711
286062,normal,3605,0,1782361975.141467,0.001928567886352539
286063,normal,2153,0,1782361975.143314,0.0018467903137207031
286064,normal,601,0,1782361975.145538,0.0022242069244384766
286065,normal,994,2,1782361975.147479,0.0019409656524658203
286066,normal,428,0,1782361975.1493092,0.0018301010131835938
286067,normal,363,0,1782361975.151465,0.002155780792236328
286068,normal,2490,0,1782361975.153472,0.002007007598876953
286069,normal,3667,0,1782361975.155311,0.0018391609191894531
286070,normal,3308,1,1782361975.157464,0.0021529197692871094
286071,normal,3527,0,1782361975.159472,0.0020079612731933594
286072,normal,2564,0,1782361975.1613097,0.0018377304077148438
286073,normal,3186,1,1782361975.1634684,0.002158641815185547
286074,normal,3468,0,1782361975.1654649,0.0019965171813964844
286075,normal,124,0,1782361975.1673129,0.001847982406616211
286076,normal,3203,1,1782361975.1694682,0.002155303955078125
286077,normal,2777,0,1782361975.1714823,0.00201416015625
286078,normal,894,2,1782361975.1733093,0.0018270015716552734
286079,normal,1929,0,1782361975.1754735,0.002164125442504883
286080,normal,3283,1,1782361975.1774693,0.0019958019256591797
286081,normal,3656,0,1782361975.179311,0.0018417835235595703
286082,normal,1986,0,1782361975.181476,0.002165079116821289
286083,normal,3244,1,1782361975.1834717,0.001995563507080078
286084,normal,1544,0,1782361975.1853092,0.0018374919891357422
286085,normal,3058,1,1782361975.1874788,0.0021696090698242188
286086,normal,3612,0,1782361975.1894684,0.001989603042602539
286087,normal,2997,0,1782361975.1913114,0.0018429756164550781
286088,normal,1088,0,1782361975.1934795,0.0021681785583496094
286089,normal,824,2,1782361975.1954799,0.0020003318786621094
286090,normal,5,0,1782361975.19731,0.0018301010131835938
286091,normal,1183,0,1782361975.1994941,0.002184152603149414
286092,normal,1344,1,1782361975.2014668,0.001972675323486328
286093,normal,2711,0,1782361975.2033112,0.0018444061279296875
286094,normal,1686,0,1782361975.2054837,0.0021724700927734375
286095,normal,1274,0,1782361975.2074656,0.001981973648071289
286096,normal,1622,0,1782361975.2093093,0.0018436908721923828
286097,normal,1876,0,1782361975.2114885,0.0021791458129882812
286098,normal,2551,0,1782361975.2134693,0.0019807815551757812
286099,normal,3699,0,1782361975.2153103,0.0018410682678222656
286100,normal,1585,0,1782361975.2174885,0.002178192138671875
286101,normal,3241,1,1782361975.219473,0.0019843578338623047
286102,normal,906,2,1782361975.221307,0.0018341541290283203
286103,normal,1604,0,1782361975.223494,0.002187013626098633
286104,normal,495,0,1782361975.2254686,0.0019745826721191406
286105,normal,3341,1,1782361975.2273102,0.0018415451049804688
286106,normal,2981,0,1782361975.2294943,0.002184152603149414
286107,normal,1169,0,1782361975.2314715,0.001977205276489258
286108,normal,1778,0,1782361975.23331,0.0018384456634521484
286109,normal,350,0,1782361975.2354643,0.0021543502807617188
286110,normal,3445,0,1782361975.2374668,0.0020024776458740234
286111,normal,341,0,1782361975.2393107,0.0018439292907714844
286112,normal,338,0,1782361975.2414656,0.002154827117919922
286113,normal,732,0,1782361975.2434719,0.0020062923431396484
286114,normal,758,0,1782361975.245309,0.0018372535705566406
286115,normal,897,2,1782361975.247505,0.0021958351135253906
286116,normal,1915,0,1782361975.2494652,0.001960277557373047
286117,normal,3379,1,1782361975.251308,0.0018427371978759766
286118,normal,1288,0,1782361975.253503,0.002195119857788086
286119,normal,3045,1,1782361975.2554731,0.001970052719116211
286120,normal,762,0,1782361975.2573104,0.0018372535705566406
286121,normal,2751,0,1782361975.259503,0.0021924972534179688
286122,normal,1532,0,1782361975.2614634,0.0019605159759521484
286123,normal,1466,0,1782361975.2633083,0.0018448829650878906
286124,normal,1949,0,1782361975.265514,0.0022056102752685547
286125,normal,566,0,1782361975.2674613,0.0019474029541015625
286126,normal,2305,0,1782361975.2693107,0.0018494129180908203
286127,normal,2580,0,1782361975.2715077,0.0021970272064208984
286128,normal,425,0,1782361975.2734647,0.001956939697265625
286129,normal,1830,0,1782361975.2753177,0.0018529891967773438
286130,normal,238,0,1782361975.2775133,0.002195596694946289
286131,normal,2972,0,1782361975.2794724,0.001959085464477539
286132,normal,817,2,1782361975.2813146,0.0018422603607177734
286133,normal,1382,0,1782361975.2835186,0.0022039413452148438
286134,normal,2844,0,1782361975.285464,0.00194549560546875
286135,normal,3577,0,1782361975.2873108,0.0018467903137207031
286136,normal,2576,0,1782361975.2895172,0.0022063255310058594
286137,normal,281,0,1782361975.2914672,0.0019500255584716797
286138,normal,1496,0,1782361975.2933123,0.0018451213836669922
286139,normal,3580,0,1782361975.2955215,0.002209186553955078
286140,normal,2485,0,1782361975.2974644,0.0019428730010986328
286141,normal,2138,0,1782361975.2993143,0.0018498897552490234
286142,normal,3067,1,1782361975.3015332,0.002218961715698242
286143,normal,2677,0,1782361975.3033133,0.0017800331115722656
286144,normal,1214,0,1782361975.3053145,0.0020012855529785156
286145,normal,1626,0,1782361975.3075268,0.0022122859954833984
286146,normal,2342,0,1782361975.3094687,0.0019419193267822266
286147,normal,1484,0,1782361975.3113139,0.0018451213836669922
286148,normal,2397,0,1782361975.3135283,0.0022144317626953125
286149,normal,1749,0,1782361975.3154736,0.0019452571868896484
286150,normal,2916,0,1782361975.3173144,0.001840829849243164
286151,normal,1114,0,1782361975.3195348,0.0022203922271728516
286152,normal,3662,0,1782361975.321468,0.0019333362579345703
286153,normal,1125,0,1782361975.3233147,0.0018465518951416016
286154,normal,313,0,1782361975.3255324,0.0022177696228027344
286155,normal,1758,0,1782361975.3274932,0.00196075439453125
286156,normal,1854,0,1782361975.3293188,0.001825571060180664
286157,normal,2803,0,1782361975.3315392,0.0022203922271728516
286158,normal,323,0,1782361975.333475,0.0019359588623046875
286159,normal,2233,0,1782361975.3353179,0.0018427371978759766
286160,normal,2480,0,1782361975.3375409,0.0022230148315429688
286161,normal,1581,0,1782361975.339473,0.0019321441650390625
286162,normal,1505,0,1782361975.341314,0.0018410682678222656
286163,normal,2915,0,1782361975.3435557,0.0022416114807128906
286164,normal,2919,0,1782361975.3454754,0.0019197463989257812
286165,normal,2611,0,1782361975.3473177,0.0018422603607177734
286166,normal,1012,2,1782361975.349493,0.0021753311157226562
286167,normal,835,2,1782361975.3513057,0.0018126964569091797
286168,normal,1506,0,1782361975.3532834,0.001977682113647461
286169,normal,1427,0,1782361975.3552785,0.001995086669921875
286170,normal,2509,0,1782361975.3573272,0.0020487308502197266
286171,normal,1478,0,1782361975.3594737,0.002146482467651367
286172,normal,2382,0,1782361975.3613887,0.00191497802734375
286173,normal,2568,0,1782361975.363475,0.0020864009857177734
286174,normal,2302,0,1782361975.3653157,0.0018405914306640625
286175,normal,1610,0,1782361975.3675103,0.002194643020629883
286176,normal,2561,0,1782361975.3694701,0.0019598007202148438
286177,normal,1346,1,1782361975.3713129,0.0018427371978759766
286178,normal,1341,1,1782361975.373762,0.00244903564453125
286179,normal,2562,0,1782361975.3753116,0.0015497207641601562
286180,normal,623,0,1782361975.3774672,0.0021555423736572266
286181,normal,3407,0,1782361975.379414,0.0019469261169433594
286182,normal,148,0,1782361975.381471,0.0020568370819091797
286183,normal,2624,0,1782361975.3833134,0.001842498779296875
286184,normal,3545,0,1782361975.3855472,0.002233743667602539
286185,normal,1714,0,1782361975.387476,0.0019288063049316406
286186,normal,3110,1,1782361975.389311,0.0018351078033447266
286187,normal,3288,1,1782361975.391469,0.002157926559448242
286188,normal,2821,0,1782361975.3934782,0.002009153366088867
286189,normal,365,0,1782361975.3953183,0.0018401145935058594
286190,normal,2982,0,1782361975.397496,0.002177715301513672
286191,normal,2854,0,1782361975.399474,0.0019779205322265625
286192,normal,2358,0,1782361975.4013114,0.0018374919891357422
286193,normal,995,2,1782361975.4034767,0.0021653175354003906
286194,normal,2548,0,1782361975.40547,0.0019931793212890625
286195,normal,689,0,1782361975.4073162,0.0018463134765625
286196,normal,2308,0,1782361975.4094722,0.0021560192108154297
286197,normal,1899,0,1782361975.4114792,0.002007007598876953
286198,normal,535,0,1782361975.4133103,0.0018310546875
286199,normal,1053,0,1782361975.4154696,0.0021593570709228516
286200,normal,2051,0,1782361975.4174697,0.002000093460083008
286201,normal,751,0,1782361975.4193153,0.0018455982208251953
286202,normal,1362,1,1782361975.4214685,0.002153158187866211
286203,normal,2337,0,1782361975.4234734,0.002004861831665039
286204,normal,2788,0,1782361975.4253106,0.0018372535705566406
286205,normal,1402,0,1782361975.4274826,0.0021719932556152344
286206,normal,2483,0,1782361975.4294677,0.0019850730895996094
286207,normal,2191,0,1782361975.4313118,0.001844167709350586
286208,normal,2176,0,1782361975.4334662,0.0021543502807617188
286209,normal,3076,1,1782361975.4354975,0.0020313262939453125
286210,normal,1190,0,1782361975.4373107,0.0018131732940673828
286211,normal,577,0,1782361975.4394681,0.002157449722290039
286212,normal,1407,0,1782361975.44147,0.0020017623901367188
286213,normal,1262,0,1782361975.4433134,0.0018434524536132812
286214,normal,3286,1,1782361975.4454594,0.002146005630493164
286215,normal,3066,1,1782361975.4474645,0.0020051002502441406
286216,normal,1961,0,1782361975.4493074,0.0018429756164550781
286217,normal,23,0,1782361975.451343,0.0020356178283691406
286218,normal,595,0,1782361975.4539957,0.0026526451110839844
286219,normal,50,0,1782361975.4552975,0.0013017654418945312
286220,normal,859,2,1782361975.4574609,0.002163410186767578
286221,normal,3339,1,1782361975.4594638,0.0020029544830322266
286222,normal,2648,0,1782361975.461309,0.0018451213836669922
286223,normal,3022,0,1782361975.4634614,0.0021524429321289062
286224,normal,2761,0,1782361975.4654775,0.0020160675048828125
286225,normal,2768,0,1782361975.467312,0.0018346309661865234
286226,normal,2806,0,1782361975.4694903,0.002178192138671875
286227,normal,2044,0,1782361975.4714658,0.001975536346435547
286228,normal,667,0,1782361975.47331,0.001844167709350586
286229,normal,2498,0,1782361975.4754956,0.0021855831146240234
286230,normal,442,0,1782361975.477436,0.0019404888153076172
286231,normal,1664,0,1782361975.4793115,0.0018754005432128906
286232,normal,1004,2,1782361975.481498,0.0021865367889404297
286233,normal,3002,0,1782361975.4834464,0.0019483566284179688
286234,normal,3490,0,1782361975.485309,0.0018625259399414062
286235,normal,1139,0,1782361975.4875205,0.0022115707397460938
286236,normal,2532,0,1782361975.4894712,0.0019507408142089844
286237,normal,1900,0,1782361975.4913096,0.0018384456634521484
286238,normal,909,2,1782361975.4935005,0.002190828323364258
286239,normal,178,0,1782361975.495443,0.0019426345825195312
286240,normal,1480,0,1782361975.4973104,0.0018672943115234375
286241,normal,3417,0,1782361975.4994648,0.0021543502807617188
286242,normal,409,0,1782361975.501464,0.0019991397857666016
286243,normal,79,0,1782361975.50331,0.0018460750579833984
286244,normal,746,0,1782361975.5055046,0.002194643020629883
286245,normal,355,0,1782361975.5074627,0.001958131790161133
286246,normal,2950,0,1782361975.5093076,0.0018448829650878906
286247,normal,1063,0,1782361975.511465,0.002157449722290039
286248,normal,3315,1,1782361975.5134628,0.001997709274291992
286249,normal,1545,0,1782361975.5153096,0.0018467903137207031
286250,normal,2517,0,1782361975.517462,0.0021524429321289062
286251,normal,2074,0,1782361975.519469,0.002007007598876953
286252,normal,332,0,1782361975.521309,0.0018398761749267578
286253,normal,1048,0,1782361975.523463,0.002154111862182617
286254,normal,1528,0,1782361975.5254624,0.001999378204345703
286255,normal,1598,0,1782361975.5273106,0.0018482208251953125
286256,normal,2228,0,1782361975.52947,0.0021593570709228516
286257,normal,2754,0,1782361975.531468,0.0019979476928710938
286258,normal,1838,0,1782361975.5333095,0.0018415451049804688
286259,normal,2674,0,1782361975.5354621,0.002152681350708008
286260,normal,3470,0,1782361975.5374665,0.002004384994506836
286261,normal,105,0,1782361975.539309,0.001842498779296875
286262,normal,214,0,1782361975.5414572,0.002148151397705078
286263,normal,1391,0,1782361975.5434654,0.002008199691772461
286264,normal,3223,1,1782361975.5453098,0.0018444061279296875
286265,normal,2670,0,1782361975.547463,0.002153158187866211
286266,normal,2588,0,1782361975.5494628,0.0019998550415039062
286267,normal,354,0,1782361975.5513093,0.0018465518951416016
286268,normal,3278,1,1782361975.553525,0.0022156238555908203
286269,normal,2595,0,1782361975.5554643,0.0019392967224121094
286270,normal,1920,0,1782361975.557306,0.0018417835235595703
286271,normal,992,2,1782361975.559461,0.0021550655364990234
286272,normal,2346,0,1782361975.5614657,0.0020046234130859375
286273,normal,698,0,1782361975.563309,0.0018432140350341797
286274,normal,190,0,1782361975.565528,0.002218961715698242
286275,normal,2802,0,1782361975.5674675,0.001939535140991211
286276,normal,1224,0,1782361975.5693142,0.0018467903137207031
286277,normal,2515,0,1782361975.5714617,0.0021474361419677734
286278,normal,1301,0,1782361975.5734606,0.0019989013671875
286279,normal,3075,1,1782361975.5753098,0.0018491744995117188
286280,normal,3282,1,1782361975.5774777,0.002167940139770508
286281,normal,1324,1,1782361975.579463,0.001985311508178711
286282,normal,2193,0,1782361975.5813074,0.0018444061279296875
286283,normal,2943,0,1782361975.5834615,0.002154111862182617
286284,normal,320,0,1782361975.5854628,0.0020012855529785156
286285,normal,2250,0,1782361975.5873108,0.001847982406616211
286286,normal,3181,1,1782361975.5895376,0.0022268295288085938
286287,normal,1903,0,1782361975.5914633,0.0019257068634033203
286288,normal,576,0,1782361975.593315,0.0018515586853027344
286289,normal,2269,0,1782361975.595458,0.0021431446075439453
286290,normal,673,0,1782361975.597461,0.0020029544830322266
286291,normal,1918,0,1782361975.59931,0.0018489360809326172
286292,normal,1624,0,1782361975.6014585,0.0021486282348632812
286293,normal,985,2,1782361975.6034632,0.0020046234130859375
286294,normal,2565,0,1782361975.6053092,0.0018460750579833984
286295,normal,3621,0,1782361975.6074684,0.00215911865234375
286296,normal,269,0,1782361975.609462,0.0019936561584472656
286297,normal,2421,0,1782361975.611308,0.0018460750579833984
286298,normal,1302,0,1782361975.613546,0.0022377967834472656
286299,normal,1034,0,1782361975.615463,0.001917123794555664
286300,normal,3019,0,1782361975.6173067,0.0018436908721923828
286301,normal,3111,1,1782361975.6195486,0.002241849899291992
286302,normal,1972,0,1782361975.621464,0.0019154548645019531
286303,normal,820,2,1782361975.6233087,0.001844644546508789
286304,normal,2528,0,1782361975.6254928,0.002184152603149414
286305,normal,1161,0,1782361975.6274612,0.0019683837890625
286306,normal,3351,1,1782361975.6293068,0.0018455982208251953
286307,normal,2211,0,1782361975.63146,0.002153158187866211
286308,normal,3425,0,1782361975.6334624,0.0020024776458740234
286309,normal,3295,1,1782361975.635308,0.0018455982208251953
286310,normal,1924,0,1782361975.637457,0.002148866653442383
286311,normal,2772,0,1782361975.6394641,0.0020072460174560547
286312,normal,3601,0,1782361975.641307,0.0018429756164550781
286313,normal,1421,0,1782361975.6434608,0.002153635025024414
286314,normal,768,0,1782361975.6454709,0.0020101070404052734
286315,normal,680,0,1782361975.6473107,0.0018398761749267578
286316,normal,2867,0,1782361975.649458,0.002147197723388672
286317,normal,467,0,1782361975.6514602,0.002002239227294922
286318,normal,1162,0,1782361975.653308,0.0018477439880371094
286319,normal,2164,0,1782361975.6554606,0.002152681350708008
286320,normal,1434,0,1782361975.6574736,0.002012968063354492
286321,normal,2090,0,1782361975.6593142,0.0018405914306640625
286322,normal,1834,0,1782361975.6614642,0.0021500587463378906
286323,normal,3708,0,1782361975.663473,0.002008676528930664
286324,normal,3229,1,1782361975.6653106,0.0018377304077148438
286325,normal,2502,0,1782361975.6674647,0.002154111862182617
286326,normal,706,0,1782361975.669468,0.002003192901611328
286327,normal,2313,0,1782361975.6713135,0.0018455982208251953
286328,normal,2953,0,1782361975.673464,0.0021505355834960938
286329,normal,2853,0,1782361975.6754694,0.002005338668823242
286330,normal,3079,1,1782361975.6773117,0.0018422603607177734
286331,normal,2189,0,1782361975.679466,0.0021543502807617188
286332,normal,3290,1,1782361975.681468,0.0020020008087158203
286333,normal,34,0,1782361975.6833117,0.0018436908721923828
286334,normal,2195,0,1782361975.6854718,0.0021600723266601562
286335,normal,1734,0,1782361975.6875284,0.002056598663330078
286336,normal,1322,1,1782361975.6893017,0.0017733573913574219
286337,normal,1865,0,1782361975.6914752,0.0021734237670898438
286338,normal,3145,1,1782361975.6934714,0.001996278762817383
286339,normal,3215,1,1782361975.6953378,0.0018663406372070312
286340,normal,2339,0,1782361975.6974676,0.002129793167114258
286341,normal,491,0,1782361975.6994708,0.002003192901611328
286342,normal,1128,0,1782361975.70131,0.0018391609191894531
286343,normal,312,0,1782361975.7035005,0.0021905899047851562
286344,normal,2827,0,1782361975.7054777,0.001977205276489258
286345,normal,1198,0,1782361975.707312,0.0018343925476074219
286346,normal,847,2,1782361975.7094657,0.002153635025024414
286347,normal,2513,0,1782361975.7114694,0.0020036697387695312
286348,normal,276,0,1782361975.7133098,0.001840353012084961
286349,normal,1864,0,1782361975.7154658,0.0021560192108154297
286350,normal,2849,0,1782361975.7174692,0.0020034313201904297
286351,normal,850,2,1782361975.719313,0.0018436908721923828
286352,normal,416,0,1782361975.7214735,0.0021605491638183594
286353,normal,1226,0,1782361975.7234793,0.0020058155059814453
286354,normal,509,0,1782361975.7253098,0.0018305778503417969
286355,normal,743,0,1782361975.7274666,0.0021567344665527344
286356,normal,2266,0,1782361975.7294703,0.0020036697387695312
286357,normal,2293,0,1782361975.731313,0.0018427371978759766
286358,normal,2186,0,1782361975.7335064,0.002193450927734375
286359,normal,1829,0,1782361975.7354722,0.001965761184692383
286360,normal,1809,0,1782361975.7373095,0.0018372535705566406
286361,normal,717,0,1782361975.739466,0.002156496047973633
286362,normal,2489,0,1782361975.7414672,0.0020012855529785156
286363,normal,384,0,1782361975.7433116,0.0018444061279296875
286364,normal,3126,1,1782361975.7454705,0.0021588802337646484
286365,normal,1499,0,1782361975.7474709,0.0020003318786621094
286366,normal,860,2,1782361975.749311,0.0018401145935058594
286367,normal,2838,0,1782361975.751466,0.0021550655364990234
286368,normal,140,0,1782361975.7534695,0.0020034313201904297
286369,normal,1515,0,1782361975.7553117,0.0018422603607177734
286370,normal,3697,0,1782361975.7574663,0.0021545886993408203
286371,normal,218,0,1782361975.7594707,0.002004384994506836
286372,normal,138,0,1782361975.7613091,0.0018384456634521484
286373,normal,292,0,1782361975.7634711,0.0021619796752929688
286374,normal,666,0,1782361975.7654662,0.001995086669921875
286375,normal,3446,0,1782361975.7673123,0.0018460750579833984
286376,normal,1108,0,1782361975.769464,0.0021517276763916016
286377,normal,1896,0,1782361975.771473,0.0020089149475097656
286378,normal,41,0,1782361975.7733092,0.0018362998962402344
286379,normal,648,0,1782361975.775474,0.0021648406982421875
286380,normal,592,0,1782361975.7775092,0.0020351409912109375
286381,normal,1136,0,1782361975.7793126,0.0018033981323242188
286382,normal,283,0,1782361975.7814627,0.0021500587463378906
286383,normal,849,2,1782361975.7834692,0.00200653076171875
286384,normal,1614,0,1782361975.7853389,0.0018696784973144531
286385,normal,2434,0,1782361975.78747,0.002131223678588867
286386,normal,6,0,1782361975.78954,0.0020699501037597656
286387,normal,1197,0,1782361975.7913258,0.0017857551574707031
286388,normal,2756,0,1782361975.7934713,0.002145528793334961
286389,normal,2175,0,1782361975.7955065,0.0020351409912109375
286390,normal,3270,1,1782361975.797351,0.0018444061279296875
286391,normal,2291,0,1782361975.7993777,0.002026796340942383
286392,normal,2590,0,1782361975.801496,0.002118349075317383
286393,normal,3061,1,1782361975.803312,0.0018160343170166016
286394,normal,3497,0,1782361975.8054633,0.0021512508392333984
286395,normal,3647,0,1782361975.8074703,0.002007007598876953
286396,normal,3047,1,1782361975.809319,0.0018486976623535156
286397,normal,1099,0,1782361975.8114674,0.0021483898162841797
286398,normal,1855,0,1782361975.8134665,0.0019991397857666016
286399,normal,2725,0,1782361975.815311,0.0018444061279296875
286400,normal,3441,0,1782361975.817541,0.002229928970336914
286401,normal,2930,0,1782361975.8194706,0.0019297599792480469
286402,normal,755,0,1782361975.8213112,0.0018405914306640625
286403,normal,2876,0,1782361975.8234668,0.0021555423736572266
286404,normal,934,2,1782361975.8254728,0.002006053924560547
286405,normal,3024,0,1782361975.8273132,0.001840353012084961
286406,normal,131,0,1782361975.8295457,0.0022325515747070312
286407,normal,621,0,1782361975.831474,0.0019283294677734375
286408,normal,2461,0,1782361975.8333106,0.001836538314819336
286409,normal,2530,0,1782361975.8354654,0.002154827117919922
286410,normal,2693,0,1782361975.8375058,0.002040386199951172
286411,normal,1952,0,1782361975.8394232,0.0019173622131347656
286412,normal,3615,0,1782361975.841393,0.0019698143005371094
286413,normal,2169,0,1782361975.8434706,0.0020775794982910156
286414,normal,2036,0,1782361975.8453348,0.0018641948699951172
286415,normal,389,0,1782361975.8475525,0.0022177696228027344
286416,normal,3040,0,1782361975.8494673,0.0019147396087646484
286417,normal,1851,0,1782361975.8513112,0.0018439292907714844
286418,normal,2988,0,1782361975.853463,0.0021517276763916016
286419,normal,674,0,1782361975.8554702,0.0020072460174560547
286420,normal,2395,0,1782361975.8573124,0.0018422603607177734
286421,normal,1874,0,1782361975.8595006,0.0021882057189941406
286422,normal,40,0,1782361975.8614705,0.0019698143005371094
286423,normal,786,2,1782361975.8633146,0.001844167709350586
286424,normal,3384,1,1782361975.8654633,0.0021486282348632812
286425,normal,2433,0,1782361975.8674688,0.0020055770874023438
286426,normal,1591,0,1782361975.8693101,0.0018413066864013672
286427,normal,555,0,1782361975.8714721,0.0021619796752929688
286428,normal,2355,0,1782361975.8734689,0.001996755599975586
286429,normal,2537,0,1782361975.8753116,0.0018427371978759766
286430,normal,130,0,1782361975.8774664,0.002154827117919922
286431,normal,3112,1,1782361975.879476,0.0020096302032470703
286432,normal,3310,1,1782361975.88131,0.0018339157104492188
286433,normal,1159,0,1782361975.8834672,0.0021572113037109375
286434,normal,252,0,1782361975.8854702,0.0020029544830322266
286435,normal,2874,0,1782361975.8873115,0.0018413066864013672
286436,normal,1415,0,1782361975.8894641,0.002152681350708008
286437,normal,1863,0,1782361975.8914688,0.0020046234130859375
286438,normal,927,2,1782361975.893311,0.0018422603607177734
286439,normal,1049,0,1782361975.8954737,0.0021626949310302734
286440,normal,1213,0,1782361975.8974767,0.0020029544830322266
286441,normal,2368,0,1782361975.8993113,0.0018346309661865234
286442,normal,3155,1,1782361975.9013858,0.0020744800567626953
286443,normal,3078,1,1782361975.9033644,0.001978635787963867
286444,normal,724,0,1782361975.9052873,0.0019228458404541016
286445,normal,2405,0,1782361975.9073694,0.0020821094512939453
286446,normal,1381,1,1782361975.909365,0.001995563507080078
286447,normal,734,0,1782361975.9112637,0.0018987655639648438
286448,normal,1509,0,1782361975.9133754,0.002111673355102539
286449,normal,871,2,1782361975.9153666,0.00199127197265625
286450,normal,2789,0,1782361975.917264,0.0018973350524902344
286451,normal,1470,0,1782361975.9193776,0.0021135807037353516
286452,normal,3485,0,1782361975.9213722,0.001994609832763672
286453,normal,744,0,1782361975.9232726,0.0019004344940185547
286454,normal,973,2,1782361975.9254868,0.002214193344116211
286455,normal,2795,0,1782361975.9273672,0.0018804073333740234
286456,normal,1588,0,1782361975.9292645,0.0018973350524902344
286457,normal,3361,1,1782361975.93149,0.0022253990173339844
286458,normal,1964,0,1782361975.93337,0.0018801689147949219
286459,normal,695,0,1782361975.9352758,0.001905679702758789
286460,normal,794,2,1782361975.9374692,0.002193450927734375
286461,normal,1997,0,1782361975.9394732,0.002003908157348633
286462,normal,3611,0,1782361975.9413116,0.0018384456634521484
286463,normal,3213,1,1782361975.943466,0.0021543502807617188
286464,normal,2762,0,1782361975.945469,0.0020029544830322266
286465,normal,616,0,1782361975.9473166,0.0018477439880371094
286466,normal,3632,0,1782361975.9494584,0.002141714096069336
286467,normal,688,0,1782361975.951471,0.0020127296447753906
286468,normal,1815,0,1782361975.953332,0.0018608570098876953
286469,normal,1122,0,1782361975.955464,0.002131938934326172
286470,normal,1356,1,1782361975.9574664,0.0020024776458740234
286471,normal,2936,0,1782361975.9593122,0.0018458366394042969
286472,normal,1670,0,1782361975.961495,0.0021827220916748047
286473,normal,2244,0,1782361975.9634678,0.0019729137420654297
286474,normal,2279,0,1782361975.965312,0.001844167709350586
286475,normal,2681,0,1782361975.9675035,0.0021915435791015625
286476,normal,2029,0,1782361975.9694593,0.001955747604370117
286477,normal,1,0,1782361975.9713125,0.0018532276153564453
286478,normal,2968,0,1782361975.9734578,0.0021452903747558594
286479,normal,476,0,1782361975.9754713,0.0020134449005126953
286480,normal,3147,1,1782361975.9773085,0.0018372535705566406
286481,normal,1697,0,1782361975.979465,0.002156496047973633
286482,normal,3642,0,1782361975.9814603,0.0019953250885009766
286483,normal,3587,0,1782361975.98331,0.0018496513366699219
286484,normal,2601,0,1782361975.9855056,0.002195596694946289
286485,normal,3462,0,1782361975.9874673,0.0019617080688476562
286486,normal,2939,0,1782361975.9893067,0.0018393993377685547
286487,normal,2309,0,1782361975.991469,0.0021622180938720703
286488,normal,2091,0,1782361975.9934573,0.0019884109497070312
286489,normal,2686,0,1782361975.9953113,0.00185394287109375
286490,normal,1011,2,1782361975.9974654,0.002154111862182617
286491,normal,3055,1,1782361975.9994712,0.0020058155059814453
286492,normal,880,2,1782361976.0013058,0.0018346309661865234
286493,normal,127,0,1782361976.0034661,0.002160310745239258
286494,normal,1827,0,1782361976.0054975,0.0020313262939453125
286495,normal,1433,0,1782361976.0073023,0.0018048286437988281
286496,normal,3220,1,1782361976.0094562,0.0021538734436035156
286497,normal,115,0,1782361976.011466,0.002009868621826172
286498,normal,2469,0,1782361976.0133076,0.0018415451049804688
286499,normal,2248,0,1782361976.015523,0.0022153854370117188
286500,normal,1312,0,1782361976.0174599,0.0019369125366210938
286501,normal,1661,0,1782361976.0193117,0.001851797103881836
286502,normal,2196,0,1782361976.0215178,0.002206087112426758
286503,normal,2604,0,1782361976.0234716,0.0019538402557373047
286504,normal,3422,0,1782361976.0253072,0.0018355846405029297
286505,normal,1387,0,1782361976.027466,0.0021588802337646484
286506,normal,782,2,1782361976.0294604,0.0019943714141845703
286507,normal,1332,1,1782361976.0313478,0.0018873214721679688
286508,normal,2606,0,1782361976.033524,0.0021762847900390625
286509,normal,3523,0,1782361976.0354762,0.0019521713256835938
286510,normal,1326,1,1782361976.0373058,0.0018296241760253906
286511,normal,1483,0,1782361976.039473,0.002167224884033203
286512,normal,653,0,1782361976.041461,0.001987934112548828
286513,normal,3068,1,1782361976.0433102,0.0018491744995117188
286514,normal,1310,0,1782361976.045458,0.0021479129791259766
286515,normal,2414,0,1782361976.047482,0.002023935317993164
286516,normal,42,0,1782361976.0493062,0.0018241405487060547
286517,normal,910,2,1782361976.0514753,0.0021691322326660156
286518,normal,1110,0,1782361976.0533323,0.0018570423126220703
286519,normal,3209,1,1782361976.0553267,0.0019943714141845703
286520,normal,589,0,1782361976.0575337,0.002207040786743164
286521,normal,3455,0,1782361976.0594168,0.0018830299377441406
286522,normal,3009,0,1782361976.061306,0.0018892288208007812
286523,normal,3478,0,1782361976.0635438,0.0022377967834472656
286524,normal,1934,0,1782361976.0654645,0.0019207000732421875
286525,normal,978,2,1782361976.0673082,0.0018436908721923828
286526,normal,641,0,1782361976.0695395,0.0022313594818115234
286527,normal,167,0,1782361976.0714688,0.0019292831420898438
286528,normal,1289,0,1782361976.073312,0.0018432140350341797
286529,normal,1816,0,1782361976.075554,0.002241849899291992
286530,normal,1045,0,1782361976.0774763,0.0019223690032958984
286531,normal,2904,0,1782361976.0793107,0.0018343925476074219
286532,normal,1148,0,1782361976.0814557,0.002145051956176758
286533,normal,1359,1,1782361976.0834177,0.001961946487426758
286534,normal,2871,0,1782361976.0853095,0.0018918514251708984
286535,normal,3356,1,1782361976.0874684,0.0021588802337646484
286536,normal,3460,0,1782361976.0894456,0.001977205276489258
286537,normal,2192,0,1782361976.0913088,0.001863241195678711
286538,normal,2783,0,1782361976.0934658,0.002156972885131836
286539,normal,1639,0,1782361976.0954154,0.0019495487213134766
286540,normal,890,2,1782361976.0973103,0.0018949508666992188
286541,normal,2458,0,1782361976.0995393,0.002228975296020508
286542,normal,1541,0,1782361976.1014764,0.0019371509552001953
286543,normal,803,2,1782361976.1033125,0.0018360614776611328
286544,normal,1533,0,1782361976.1054635,0.002151012420654297
286545,normal,2360,0,1782361976.1074696,0.002006053924560547
286546,normal,3392,1,1782361976.1093097,0.0018401145935058594
286547,normal,308,0,1782361976.1114676,0.002157926559448242
286548,normal,2569,0,1782361976.113473,0.002005338668823242
286549,normal,378,0,1782361976.115312,0.0018391609191894531
286550,normal,1041,0,1782361976.1174667,0.0021545886993408203
286551,normal,682,0,1782361976.1194704,0.0020036697387695312
286552,normal,851,2,1782361976.1213107,0.001840353012084961
286553,normal,1612,0,1782361976.123466,0.002155303955078125
286554,normal,2931,0,1782361976.1254692,0.002003192901611328
286555,normal,1022,2,1782361976.1273105,0.0018413066864013672
286556,normal,3258,1,1782361976.1294644,0.0021538734436035156
286557,normal,3163,1,1782361976.1314695,0.0020051002502441406
286558,normal,3556,0,1782361976.1333103,0.001840829849243164
286559,normal,1111,0,1782361976.1354783,0.002167940139770508
286560,normal,2467,0,1782361976.137467,0.001988649368286133
286561,normal,1688,0,1782361976.1393142,0.0018472671508789062
286562,normal,1755,0,1782361976.1414664,0.0021522045135498047
286563,normal,2014,0,1782361976.1434693,0.0020029544830322266
286564,normal,1812,0,1782361976.14531,0.0018405914306640625
286565,normal,1348,1,1782361976.1474662,0.0021562576293945312
286566,normal,764,0,1782361976.1494684,0.002002239227294922
286567,normal,1009,2,1782361976.1513128,0.0018444061279296875
286568,normal,1942,0,1782361976.1534703,0.002157449722290039
286569,normal,2347,0,1782361976.15547,0.0019996166229248047
286570,normal,351,0,1782361976.1573112,0.0018413066864013672
286571,normal,235,0,1782361976.159465,0.0021538734436035156
286572,normal,3212,1,1782361976.1614647,0.0019996166229248047
286573,normal,217,0,1782361976.1633136,0.0018489360809326172
286574,normal,578,0,1782361976.1654632,0.0021495819091796875
286575,normal,525,0,1782361976.1674745,0.0020112991333007812
286576,normal,967,2,1782361976.1693113,0.0018367767333984375
286577,normal,1576,0,1782361976.1714652,0.0021538734436035156
286578,normal,88,0,1782361976.173472,0.0020067691802978516
286579,normal,3698,0,1782361976.1753118,0.0018398761749267578
286580,normal,1989,0,1782361976.1774945,0.0021827220916748047
286581,normal,393,0,1782361976.1794698,0.0019752979278564453
286582,normal,113,0,1782361976.1813087,0.0018389225006103516
286583,normal,1596,0,1782361976.1834693,0.0021605491638183594
286584,normal,1741,0,1782361976.185469,0.0019996166229248047
286585,normal,2317,0,1782361976.1873124,0.0018434524536132812
286586,normal,1298,0,1782361976.189497,0.002184629440307617
286587,normal,3259,1,1782361976.191475,0.0019779205322265625
286588,normal,655,0,1782361976.1933105,0.0018355846405029297
286589,normal,3320,1,1782361976.1955013,0.002190828323364258
286590,normal,888,2,1782361976.1974661,0.0019648075103759766
286591,normal,2908,0,1782361976.1993167,0.0018506050109863281
286592,normal,1787,0,1782361976.2014866,0.0021698474884033203
286593,normal,12,0,1782361976.203467,0.001980304718017578
286594,normal,2179,0,1782361976.2053096,0.0018427371978759766
286595,normal,2496,0,1782361976.207505,0.0021953582763671875
286596,normal,362,0,1782361976.2094665,0.0019614696502685547
286597,normal,3519,0,1782361976.211311,0.001844644546508789
286598,normal,2333,0,1782361976.2135074,0.0021963119506835938
286599,normal,3178,1,1782361976.2154713,0.0019638538360595703
286600,normal,834,2,1782361976.2173107,0.0018393993377685547
286601,normal,180,0,1782361976.2195108,0.0022001266479492188
286602,normal,984,2,1782361976.2214649,0.0019540786743164062
286603,normal,2969,0,1782361976.2233102,0.0018453598022460938
286604,normal,3027,0,1782361976.2255132,0.0022029876708984375
286605,normal,1043,0,1782361976.2274714,0.001958131790161133
286606,normal,80,0,1782361976.2293103,0.0018389225006103516
286607,normal,3696,0,1782361976.231516,0.0022056102752685547
286608,normal,3200,1,1782361976.2334685,0.0019526481628417969
286609,normal,1957,0,1782361976.2353106,0.0018420219421386719
286610,normal,2845,0,1782361976.2375188,0.002208232879638672
286611,normal,3348,1,1782361976.23947,0.0019512176513671875
286612,normal,2110,0,1782361976.2413104,0.001840353012084961
286613,normal,2052,0,1782361976.2434669,0.002156496047973633
286614,normal,795,2,1782361976.245466,0.0019991397857666016
286615,normal,84,0,1782361976.2473326,0.0018665790557861328
286616,normal,3492,0,1782361976.2495222,0.00218963623046875
286617,normal,3487,0,1782361976.2514699,0.001947641372680664
286618,normal,3672,0,1782361976.25331,0.0018401145935058594
286619,normal,1573,0,1782361976.2554655,0.0021555423736572266
286620,normal,3329,1,1782361976.257468,0.0020024776458740234
286621,normal,2665,0,1782361976.2593117,0.0018436908721923828
286622,normal,3294,1,1782361976.2615266,0.0022149085998535156
286623,normal,2255,0,1782361976.2634695,0.0019428730010986328
286624,normal,2914,0,1782361976.265316,0.0018465518951416016
286625,normal,2055,0,1782361976.2675304,0.0022144317626953125
286626,normal,1745,0,1782361976.2694743,0.001943826675415039
286627,normal,1377,1,1782361976.2713096,0.0018353462219238281
286628,normal,1976,0,1782361976.273532,0.002222299575805664
286629,normal,552,0,1782361976.2754676,0.001935720443725586
286630,normal,1870,0,1782361976.2773092,0.0018415451049804688
286631,normal,1117,0,1782361976.279537,0.002227783203125
286632,normal,372,0,1782361976.2814646,0.0019276142120361328
286633,normal,3342,1,1782361976.2833118,0.0018472671508789062
286634,normal,1944,0,1782361976.2855363,0.002224445343017578
286635,normal,3267,1,1782361976.2874706,0.0019342899322509766
286636,normal,907,2,1782361976.2893143,0.0018436908721923828
286637,normal,3104,1,1782361976.291467,0.002152681350708008
286638,normal,2419,0,1782361976.2934673,0.0020003318786621094
286639,normal,1973,0,1782361976.2953184,0.0018510818481445312
286640,normal,2984,0,1782361976.2974656,0.002147197723388672
286641,normal,228,0,1782361976.2994657,0.002000093460083008
286642,normal,2584,0,1782361976.3013148,0.0018491744995117188
286643,normal,3231,1,1782361976.3034668,0.002151966094970703
286644,normal,926,2,1782361976.305473,0.0020062923431396484
286645,normal,3540,0,1782361976.3073125,0.0018393993377685547
286646,normal,415,0,1782361976.309547,0.0022344589233398438
286647,normal,1472,0,1782361976.31147,0.0019230842590332031
286648,normal,1187,0,1782361976.3133094,0.0018393993377685547
286649,normal,771,0,1782361976.3155494,0.0022399425506591797
286650,normal,2755,0,1782361976.3174691,0.0019197463989257812
286651,normal,3685,0,1782361976.3193097,0.0018405914306640625
286652,normal,3362,1,1782361976.3215518,0.0022420883178710938
286653,normal,2156,0,1782361976.323467,0.0019152164459228516
286654,normal,2989,0,1782361976.325309,0.0018420219421386719
286655,normal,2508,0,1782361976.3275635,0.002254486083984375
286656,normal,289,0,1782361976.3294675,0.0019040107727050781
286657,normal,2457,0,1782361976.331311,0.0018434524536132812
286658,normal,3096,1,1782361976.3335505,0.0022394657135009766
286659,normal,953,2,1782361976.3354685,0.0019180774688720703
286660,normal,1557,0,1782361976.3373086,0.0018401145935058594
286661,normal,1435,0,1782361976.339466,0.002157449722290039
286662,normal,699,0,1782361976.341472,0.0020058155059814453
286663,normal,2923,0,1782361976.343311,0.0018391609191894531
286664,normal,2661,0,1782361976.3454835,0.0021724700927734375
286665,normal,1560,0,1782361976.3474762,0.0019927024841308594
286666,normal,1225,0,1782361976.349323,0.0018467903137207031
286667,normal,2592,0,1782361976.3513033,0.001980304718017578
286668,normal,528,0,1782361976.3533473,0.0020439624786376953
286669,normal,2912,0,1782361976.355314,0.001966714859008789
286670,normal,625,0,1782361976.3574696,0.0021555423736572266
286671,normal,3358,1,1782361976.3594818,0.0020122528076171875
286672,normal,892,2,1782361976.3613126,0.0018308162689208984
286673,normal,1593,0,1782361976.3634667,0.002154111862182617
286674,normal,314,0,1782361976.3654697,0.0020029544830322266
286675,normal,2902,0,1782361976.3673098,0.0018401145935058594
286676,normal,541,0,1782361976.3694644,0.0021545886993408203
286677,normal,3473,0,1782361976.371472,0.0020074844360351562
286678,normal,153,0,1782361976.3733096,0.0018377304077148438
286679,normal,1068,0,1782361976.3754792,0.0021696090698242188
286680,normal,2760,0,1782361976.37747,0.001990795135498047
286681,normal,1955,0,1782361976.3793132,0.0018432140350341797
286682,normal,548,0,1782361976.3814647,0.0021514892578125
286683,normal,2626,0,1782361976.383471,0.0020062923431396484
286684,normal,1795,0,1782361976.385312,0.0018410682678222656
286685,normal,1685,0,1782361976.387481,0.002168893814086914
286686,normal,1975,0,1782361976.3894696,0.001988649368286133
286687,normal,950,2,1782361976.3913121,0.001842498779296875
286688,normal,2644,0,1782361976.3934681,0.0021560192108154297
286689,normal,1167,0,1782361976.3954701,0.0020020008087158203
286690,normal,426,0,1782361976.3973107,0.0018405914306640625
286691,normal,701,0,1782361976.3994663,0.0021555423736572266
286692,normal,434,0,1782361976.4014678,0.002001523971557617
286693,normal,539,0,1782361976.4033124,0.001844644546508789
286694,normal,560,0,1782361976.40549,0.0021774768829345703
286695,normal,3084,1,1782361976.4075024,0.002012491226196289
286696,normal,2418,0,1782361976.409311,0.0018086433410644531
286697,normal,3525,0,1782361976.4113133,0.002002239227294922
286698,normal,2443,0,1782361976.4134703,0.002156972885131836
286699,normal,2159,0,1782361976.4153144,0.001844167709350586
286700,normal,2807,0,1782361976.417466,0.0021514892578125
286701,normal,2888,0,1782361976.4194703,0.002004384994506836
286702,normal,3285,1,1782361976.4213097,0.0018393993377685547
286703,normal,3099,1,1782361976.4235172,0.002207517623901367
286704,normal,792,2,1782361976.4254715,0.001954317092895508
286705,normal,347,0,1782361976.427312,0.001840353012084961
286706,normal,3262,1,1782361976.4294982,0.002186298370361328
286707,normal,430,0,1782361976.4314718,0.0019736289978027344
286708,normal,1735,0,1782361976.4333081,0.0018362998962402344
286709,normal,1254,0,1782361976.4355016,0.002193450927734375
286710,normal,2373,0,1782361976.4374669,0.0019652843475341797
286711,normal,2866,0,1782361976.4393134,0.0018465518951416016
286712,normal,3666,0,1782361976.4415028,0.0021893978118896484
286713,normal,877,2,1782361976.4434702,0.0019674301147460938
286714,normal,1772,0,1782361976.4453099,0.0018396377563476562
286715,normal,1704,0,1782361976.4475071,0.002197265625
286716,normal,403,0,1782361976.449465,0.0019578933715820312
286717,normal,519,0,1782361976.4513109,0.0018458366394042969
286718,normal,69,0,1782361976.453464,0.002153158187866211
286719,normal,461,0,1782361976.4554706,0.00200653076171875
286720,normal,3649,0,1782361976.4573097,0.0018391609191894531
286721,normal,3482,0,1782361976.4595118,0.0022020339965820312
286722,normal,1189,0,1782361976.4614637,0.0019519329071044922
286723,normal,2298,0,1782361976.4633112,0.0018475055694580078
286724,normal,1437,0,1782361976.46549,0.0021789073944091797
286725,normal,2570,0,1782361976.4674714,0.0019812583923339844
286726,normal,422,0,1782361976.4693117,0.001840353012084961
286727,normal,609,0,1782361976.4715192,0.002207517623901367
286728,normal,2679,0,1782361976.4734683,0.0019490718841552734
286729,normal,2173,0,1782361976.4753118,0.0018434524536132812
286730,normal,2025,0,1782361976.477462,0.002150297164916992
286731,normal,3483,0,1782361976.4794686,0.00200653076171875
286732,normal,660,0,1782361976.4813087,0.0018401145935058594
286733,normal,1126,0,1782361976.483521,0.0022122859954833984
286734,normal,265,0,1782361976.4854677,0.0019466876983642578
286735,normal,1151,0,1782361976.4873116,0.0018439292907714844
286736,normal,1771,0,1782361976.4894648,0.002153158187866211
286737,normal,10,0,1782361976.4914708,0.002006053924560547
286738,normal,2459,0,1782361976.4933128,0.0018420219421386719
286739,normal,1033,0,1782361976.4955282,0.0022153854370117188
286740,normal,1201,0,1782361976.4974678,0.001939535140991211
286741,normal,2996,0,1782361976.4993117,0.0018439292907714844
286742,normal,2162,0,1782361976.501527,0.0022153854370117188
286743,normal,2880,0,1782361976.5034785,0.001951456069946289
286744,normal,2441,0,1782361976.505312,0.0018334388732910156
286745,normal,2043,0,1782361976.5075645,0.0022525787353515625
286746,normal,1885,0,1782361976.5094678,0.0019032955169677734
286747,normal,1277,0,1782361976.5113118,0.0018439292907714844
286748,normal,420,0,1782361976.5135326,0.0022208690643310547
286749,normal,3366,1,1782361976.515468,0.0019352436065673828
286750,normal,883,2,1782361976.5173118,0.0018439292907714844
286751,normal,1194,0,1782361976.5194657,0.0021538734436035156
286752,normal,1086,0,1782361976.5214684,0.002002716064453125
286753,normal,2385,0,1782361976.5233097,0.0018413066864013672
286754,normal,2098,0,1782361976.5255382,0.0022284984588623047
286755,normal,944,2,1782361976.5274694,0.0019311904907226562
286756,normal,1196,0,1782361976.5293105,0.0018410682678222656
286757,normal,3139,1,1782361976.531541,0.0022306442260742188
286758,normal,2864,0,1782361976.5335135,0.0019724369049072266
286759,normal,3159,1,1782361976.5354624,0.0019488334655761719
286760,normal,1464,0,1782361976.537559,0.0020966529846191406
286761,normal,1702,0,1782361976.5395892,0.0020301342010498047
286762,normal,239,0,1782361976.5413718,0.0017826557159423828
286763,normal,916,2,1782361976.5433507,0.0019788742065429688
286764,normal,960,2,1782361976.5452704,0.0019197463989257812
286765,normal,2054,0,1782361976.5472326,0.0019621849060058594
286766,normal,1993,0,1782361976.5493586,0.002125978469848633
286767,normal,1551,0,1782361976.5513146,0.0019559860229492188
286768,normal,1258,0,1782361976.553283,0.0019683837890625
286769,normal,1701,0,1782361976.5552654,0.001982450485229492
286770,normal,925,2,1782361976.5572982,0.002032756805419922
286771,normal,2602,0,1782361976.5593061,0.0020079612731933594
286772,normal,1842,0,1782361976.56149,0.0021839141845703125
286773,normal,693,0,1782361976.5634959,0.0020058155059814453
286774,normal,1353,1,1782361976.565384,0.0018880367279052734
286775,normal,2759,0,1782361976.567516,0.0021321773529052734
286776,normal,304,0,1782361976.569517,0.0020008087158203125
286777,normal,1974,0,1782361976.5714297,0.001912832260131836
286778,normal,1568,0,1782361976.5735104,0.002080678939819336
286779,normal,1327,1,1782361976.5755186,0.002008199691772461
286780,normal,800,2,1782361976.5774307,0.0019121170043945312
286781,normal,2142,0,1782361976.57942,0.0019893646240234375
286782,normal,3005,0,1782361976.5814478,0.002027750015258789
286783,normal,58,0,1782361976.5834258,0.0019779205322265625
286784,normal,3534,0,1782361976.5855165,0.0020906925201416016
286785,normal,740,0,1782361976.5875182,0.0020017623901367188
286786,normal,622,0,1782361976.589416,0.0018978118896484375
286787,normal,2553,0,1782361976.5914955,0.002079486846923828
286788,normal,2512,0,1782361976.59352,0.002024412155151367
286789,normal,1511,0,1782361976.595282,0.0017621517181396484
286790,normal,1200,0,1782361976.597462,0.002179861068725586
286791,normal,663,0,1782361976.5993996,0.0019376277923583984
286792,normal,121,0,1782361976.6018302,0.0024306774139404297
286793,normal,3313,1,1782361976.6032898,0.0014595985412597656
286794,normal,720,0,1782361976.6053307,0.002040863037109375
286795,normal,3449,0,1782361976.6073556,0.0020248889923095703
286796,normal,166,0,1782361976.609347,0.0019915103912353516
286797,normal,1890,0,1782361976.6112993,0.0019521713256835938
286798,normal,1461,0,1782361976.6132882,0.0019888877868652344
286799,normal,1776,0,1782361976.6154666,0.0021784305572509766
286800,normal,383,0,1782361976.6173584,0.0018918514251708984
286801,normal,1659,0,1782361976.619377,0.002018451690673828
286802,normal,3567,0,1782361976.6213527,0.0019757747650146484
286803,normal,1861,0,1782361976.6233158,0.0019631385803222656
286804,normal,111,0,1782361976.625297,0.0019812583923339844
286805,normal,253,0,1782361976.6272943,0.001997232437133789
286806,normal,597,0,1782361976.6292946,0.0020003318786621094
286807,normal,206,0,1782361976.6312835,0.0019888877868652344
286808,normal,327,0,1782361976.633335,0.0020515918731689453
286809,normal,2276,0,1782361976.6353962,0.002061128616333008
286810,normal,3408,0,1782361976.6373804,0.001984119415283203
286811,normal,3327,1,1782361976.6393745,0.0019941329956054688
286812,normal,2558,0,1782361976.641375,0.002000570297241211
286813,normal,2774,0,1782361976.64337,0.0019948482513427734
286814,normal,2744,0,1782361976.645429,0.0020589828491210938
286815,normal,165,0,1782361976.647431,0.0020020008087158203
286816,normal,1878,0,1782361976.649496,0.0020651817321777344
286817,normal,3127,1,1782361976.6513994,0.0019032955169677734
286818,normal,1144,0,1782361976.6534612,0.0020618438720703125
286819,normal,942,2,1782361976.655602,0.0021407604217529297
286820,normal,1075,0,1782361976.657394,0.0017919540405273438
286821,normal,2229,0,1782361976.6593025,0.0019085407257080078
286822,normal,2369,0,1782361976.6613507,0.0020482540130615234
286823,normal,736,0,1782361976.6633568,0.002006053924560547
286824,normal,2435,0,1782361976.6655428,0.0021860599517822266
286825,normal,1109,0,1782361976.667457,0.0019142627716064453
286826,normal,3300,1,1782361976.6694446,0.001987457275390625
286827,normal,2031,0,1782361976.6715236,0.002079010009765625
286828,normal,763,0,1782361976.6734188,0.0018951892852783203
286829,normal,1856,0,1782361976.6755006,0.0020818710327148438
286830,normal,325,0,1782361976.6774743,0.0019736289978027344
286831,normal,162,0,1782361976.6794949,0.002020597457885742
286832,normal,1558,0,1782361976.6815705,0.002075672149658203
286833,normal,808,2,1782361976.683344,0.0017733573913574219
286834,normal,396,0,1782361976.685353,0.002009153366088867
286835,normal,637,0,1782361976.687362,0.0020089149475097656
286836,normal,2559,0,1782361976.689287,0.0019249916076660156
286837,normal,1831,0,1782361976.691475,0.002187967300415039
286838,normal,1653,0,1782361976.6934052,0.00193023681640625
286839,normal,1300,0,1782361976.6953673,0.0019621849060058594
286840,normal,2652,0,1782361976.697356,0.001988649368286133
286841,normal,3454,0,1782361976.6993692,0.0020132064819335938
286842,normal,1693,0,1782361976.7015307,0.0021615028381347656
286843,normal,2991,0,1782361976.703879,0.0023484230041503906
286844,normal,2766,0,1782361976.7054317,0.001552581787109375
286845,normal,3368,1,1782361976.707367,0.0019352436065673828
286846,normal,3480,0,1782361976.709508,0.0021409988403320312
286847,normal,2372,0,1782361976.711363,0.0018551349639892578
286848,normal,856,2,1782361976.7133725,0.0020093917846679688
286849,normal,1525,0,1782361976.7155457,0.002173185348510742
286850,normal,1234,0,1782361976.717324,0.0017783641815185547
286851,normal,3562,0,1782361976.7193832,0.0020592212677001953
286852,normal,2796,0,1782361976.7213817,0.001998424530029297
286853,normal,1853,0,1782361976.7233868,0.0020051002502441406
286854,normal,254,0,1782361976.7253997,0.002012968063354492
286855,normal,2466,0,1782361976.7275107,0.0021109580993652344
286856,normal,1119,0,1782361976.7295444,0.002033710479736328
286857,normal,1299,0,1782361976.7314868,0.0019423961639404297
286858,normal,2505,0,1782361976.7334816,0.0019948482513427734
286859,normal,371,0,1782361976.735512,0.0020303726196289062
286860,normal,2782,0,1782361976.7374673,0.001955270767211914
286861,normal,462,0,1782361976.7393532,0.0018858909606933594
286862,normal,28,0,1782361976.7416308,0.0022776126861572266
286863,normal,1158,0,1782361976.7435713,0.0019404888153076172
286864,normal,1134,0,1782361976.7452934,0.001722097396850586
286865,normal,2799,0,1782361976.7474911,0.002197742462158203
286866,normal,201,0,1782361976.749497,0.0020058155059814453
286867,normal,1293,0,1782361976.7513518,0.0018548965454101562
286868,normal,759,0,1782361976.7532535,0.0019016265869140625
286869,normal,630,0,1782361976.755382,0.00212860107421875
286870,normal,3160,1,1782361976.7573197,0.0019376277923583984
286871,normal,1846,0,1782361976.759398,0.0020782947540283203
286872,normal,2107,0,1782361976.7613702,0.001972198486328125
286873,normal,2990,0,1782361976.7633085,0.0019383430480957031
286874,normal,662,0,1782361976.765414,0.0021054744720458984
286875,normal,654,0,1782361976.767452,0.0020380020141601562
286876,normal,2442,0,1782361976.76947,0.002017974853515625
286877,normal,472,0,1782361976.771374,0.0019040107727050781
286878,normal,263,0,1782361976.773417,0.002043008804321289
286879,normal,2938,0,1782361976.7754233,0.0020062923431396484
286880,normal,1313,0,1782361976.777388,0.0019648075103759766
286881,normal,3249,1,1782361976.7794511,0.0020630359649658203
286882,normal,205,0,1782361976.781278,0.0018267631530761719
286883,normal,2108,0,1782361976.78339,0.002112150192260742
286884,normal,3433,0,1782361976.785384,0.001993894577026367
286885,normal,961,2,1782361976.7873032,0.0019192695617675781
286886,normal,1079,0,1782361976.7893798,0.0020766258239746094
286887,normal,3363,1,1782361976.7913766,0.001996755599975586
286888,normal,818,2,1782361976.7933972,0.002020597457885742
286889,normal,3537,0,1782361976.7954276,0.0020303726196289062
286890,normal,2497,0,1782361976.7973764,0.0019488334655761719
286891,normal,1666,0,1782361976.7993708,0.0019943714141845703
286892,normal,477,0,1782361976.8013692,0.001998424530029297
286893,normal,3655,0,1782361976.8033645,0.0019953250885009766
286894,normal,3514,0,1782361976.8053787,0.00201416015625
286895,normal,349,0,1782361976.8074296,0.0020508766174316406
286896,normal,2700,0,1782361976.8094378,0.002008199691772461
286897,normal,2579,0,1782361976.8114831,0.0020453929901123047
286898,normal,1599,0,1782361976.8133526,0.0018694400787353516
286899,normal,1491,0,1782361976.815413,0.002060413360595703
286900,normal,1468,0,1782361976.8173883,0.0019752979278564453
286901,normal,99,0,1782361976.819389,0.0020008087158203125
286902,normal,245,0,1782361976.8213487,0.001959562301635742
286903,normal,853,2,1782361976.823352,0.0020034313201904297
286904,normal,1715,0,1782361976.825348,0.0019958019256591797
286905,normal,1493,0,1782361976.827529,0.0021810531616210938
286906,normal,989,2,1782361976.8293748,0.0018458366394042969
286907,normal,1662,0,1782361976.8315113,0.0021364688873291016
286908,normal,225,0,1782361976.833483,0.001971721649169922
286909,normal,1757,0,1782361976.8354843,0.0020012855529785156
286910,normal,974,2,1782361976.8374512,0.0019669532775878906
286911,normal,2126,0,1782361976.8394907,0.0020394325256347656
286912,normal,3120,1,1782361976.8415663,0.002075672149658203
286913,normal,3129,1,1782361976.843271,0.0017046928405761719
286914,normal,1105,0,1782361976.8453395,0.0020685195922851562
286915,normal,3437,0,1782361976.8473406,0.002001047134399414
286916,normal,2646,0,1782361976.849397,0.0020563602447509766
286917,normal,1179,0,1782361976.8513923,0.0019953250885009766
286918,normal,1223,0,1782361976.8533394,0.001947164535522461
286919,normal,2688,0,1782361976.8553534,0.0020139217376708984
286920,normal,1188,0,1782361976.8573408,0.001987457275390625
286921,normal,2533,0,1782361976.8597984,0.0024576187133789062
286922,normal,449,0,1782361976.8615417,0.001743316650390625
286923,normal,2296,0,1782361976.8634493,0.0019075870513916016
286924,normal,2862,0,1782361976.86539,0.0019407272338867188
286925,normal,43,0,1782361976.867389,0.0019989013671875
286926,normal,448,0,1782361976.8693883,0.001999378204345703
286927,normal,2426,0,1782361976.8715134,0.0021250247955322266
286928,normal,1894,0,1782361976.873518,0.0020046234130859375
286929,normal,1021,2,1782361976.8754098,0.0018918514251708984
286930,normal,2356,0,1782361976.8773987,0.0019888877868652344
286931,normal,1073,0,1782361976.8793976,0.0019989013671875
286932,normal,752,0,1782361976.8813958,0.0019981861114501953
286933,normal,603,0,1782361976.8838413,0.0024454593658447266
286934,normal,2583,0,1782361976.885498,0.0016567707061767578
286935,normal,1932,0,1782361976.887527,0.002028942108154297
286936,normal,1392,0,1782361976.8894038,0.0018768310546875
286937,normal,3245,1,1782361976.8915083,0.002104520797729492
286938,normal,769,0,1782361976.8935108,0.0020024776458740234
286939,normal,2937,0,1782361976.8953068,0.0017960071563720703
286940,normal,3046,1,1782361976.8977525,0.002445697784423828
286941,normal,3275,1,1782361976.8995388,0.0017862319946289062
286942,normal,3069,1,1782361976.9013355,0.001796722412109375
286943,normal,1411,0,1782361976.9035385,0.0022029876708984375
286944,normal,1165,0,1782361976.9057198,0.0021812915802001953
286945,normal,1680,0,1782361976.9072852,0.0015654563903808594
286946,normal,2183,0,1782361976.9093444,0.0020592212677001953
286947,normal,2436,0,1782361976.911375,0.002030611038208008
286948,normal,2621,0,1782361976.9133065,0.0019314289093017578
286949,normal,1206,0,1782361976.9153872,0.002080678939819336
286950,normal,2012,0,1782361976.9173517,0.001964569091796875
286951,normal,474,0,1782361976.9193647,0.002012968063354492
286952,normal,3171,1,1782361976.9213917,0.0020270347595214844
286953,normal,1318,0,1782361976.923431,0.002039194107055664
286954,normal,1082,0,1782361976.9254584,0.0020275115966796875
286955,normal,2008,0,1782361976.927454,0.001995563507080078
286956,normal,766,0,1782361976.9293585,0.0019044876098632812
286957,normal,2545,0,1782361976.931426,0.00206756591796875
286958,normal,1077,0,1782361976.9333637,0.0019376277923583984
286959,normal,1994,0,1782361976.935471,0.002107381820678711
286960,normal,3618,0,1782361976.9373026,0.0018315315246582031
286961,normal,2745,0,1782361976.939397,0.0020945072174072266
286962,normal,335,0,1782361976.9413934,0.001996278762817383
286963,normal,941,2,1782361976.9433,0.0019066333770751953
286964,normal,3467,0,1782361976.945378,0.0020780563354492188
286965,normal,278,0,1782361976.9473605,0.001982450485229492
286966,normal,1118,0,1782361976.9493968,0.0020363330841064453
286967,normal,917,2,1782361976.9515295,0.0021326541900634766
286968,normal,2546,0,1782361976.9533668,0.0018372535705566406
286969,normal,82,0,1782361976.955368,0.0020012855529785156
286970,normal,256,0,1782361976.9573681,0.002000093460083008
286971,normal,3399,1,1782361976.9593642,0.0019960403442382812
286972,normal,480,0,1782361976.9613633,0.0019991397857666016
286973,normal,1087,0,1782361976.9634056,0.0020422935485839844
286974,normal,3549,0,1782361976.9654322,0.0020265579223632812
286975,normal,2952,0,1782361976.9674494,0.0020172595977783203
286976,normal,1380,1,1782361976.969468,0.0020186901092529297
286977,normal,1867,0,1782361976.9714322,0.001964092254638672
286978,normal,456,0,1782361976.973387,0.001954793930053711
286979,normal,2748,0,1782361976.9754658,0.0020787715911865234
286980,normal,251,0,1782361976.9773698,0.0019040107727050781
286981,normal,1801,0,1782361976.9793477,0.0019779205322265625
286982,normal,174,0,1782361976.981351,0.002003192901611328
286983,normal,563,0,1782361976.9834137,0.0020627975463867188
286984,normal,2200,0,1782361976.9854655,0.002051830291748047
286985,normal,1826,0,1782361976.9874616,0.0019960403442382812
286986,normal,3589,0,1782361976.989507,0.0020453929901123047
286987,normal,3389,1,1782361976.9914167,0.0019097328186035156
286988,normal,1742,0,1782361976.9934833,0.0020666122436523438
286989,normal,2035,0,1782361976.9954255,0.0019421577453613281
286990,normal,471,0,1782361976.9974885,0.0020630359649658203
286991,normal,397,0,1782361976.9995134,0.0020248889923095703
286992,normal,1286,0,1782361977.0013428,0.001829385757446289
286993,normal,2571,0,1782361977.0032678,0.0019249916076660156
286994,normal,1336,1,1782361977.0053425,0.002074718475341797
286995,normal,2362,0,1782361977.0074267,0.0020842552185058594
286996,normal,2870,0,1782361977.0093534,0.0019266605377197266
286997,normal,3202,1,1782361977.011247,0.0018935203552246094
286998,normal,440,0,1782361977.0132627,0.002015829086303711
286999,normal,2653,0,1782361977.0152626,0.0019998550415039062
287000,normal,2230,0,1782361977.0176063,0.0023436546325683594
287001,normal,1143,0,1782361977.0195205,0.0019142627716064453
287002,normal,719,0,1782361977.0214381,0.0019176006317138672
287003,normal,330,0,1782361977.0233955,0.001957416534423828
287004,normal,3173,1,1782361977.0253954,0.0019998550415039062
287005,normal,316,0,1782361977.0273829,0.001987457275390625
287006,normal,2911,0,1782361977.0294971,0.0021142959594726562
287007,normal,3431,0,1782361977.0314457,0.0019485950469970703
287008,normal,1951,0,1782361977.0333796,0.0019338130950927734
287009,normal,546,0,1782361977.0353816,0.0020020008087158203
287010,normal,2187,0,1782361977.0373945,0.002012968063354492
287011,normal,223,0,1782361977.0393944,0.0019998550415039062
287012,normal,3217,1,1782361977.0417569,0.002362489700317383
287013,normal,1897,0,1782361977.0436156,0.0018587112426757812
287014,normal,1537,0,1782361977.045411,0.0017955303192138672
287015,normal,2484,0,1782361977.0474803,0.002069234848022461
287016,normal,2468,0,1782361977.049525,0.002044677734375
287017,normal,3625,0,1782361977.05141,0.0018849372863769531
287018,normal,729,0,1782361977.0532854,0.0018754005432128906
287019,normal,615,0,1782361977.0557091,0.0024237632751464844
287020,normal,3652,0,1782361977.057473,0.0017638206481933594
287021,normal,679,0,1782361977.0595062,0.002033233642578125
287022,normal,2636,0,1782361977.0614853,0.0019791126251220703
287023,normal,1425,0,1782361977.0635562,0.002070903778076172
287024,normal,1210,0,1782361977.0652835,0.0017273426055908203
287025,normal,2112,0,1782361977.0673952,0.002111673355102539
287026,normal,3670,0,1782361977.0693834,0.0019881725311279297
287027,normal,2634,0,1782361977.0713024,0.0019190311431884766
287028,normal,644,0,1782361977.073388,0.0020856857299804688
287029,normal,1487,0,1782361977.0753703,0.0019822120666503906
287030,normal,156,0,1782361977.0773406,0.0019702911376953125
287031,normal,816,2,1782361977.079384,0.002043485641479492
287032,normal,2785,0,1782361977.0814195,0.002035379409790039
287033,normal,1902,0,1782361977.0834603,0.002040863037109375
287034,normal,2243,0,1782361977.0854619,0.002001523971557617
287035,normal,2272,0,1782361977.087266,0.0018041133880615234
287036,normal,1160,0,1782361977.089432,0.0021660327911376953
287037,normal,191,0,1782361977.0914361,0.0020041465759277344
287038,normal,1813,0,1782361977.0934694,0.002033233642578125
287039,normal,1754,0,1782361977.095315,0.0018455982208251953
287040,normal,11,0,1782361977.0974011,0.002086162567138672
287041,normal,2536,0,1782361977.099406,0.002004861831665039
287042,normal,1186,0,1782361977.1013968,0.001990795135498047
287043,normal,2531,0,1782361977.1034079,0.0020110607147216797
287044,normal,3443,0,1782361977.105328,0.0019202232360839844
287045,normal,29,0,1782361977.1074667,0.0021386146545410156
287046,normal,3189,1,1782361977.1093924,0.0019257068634033203
287047,normal,1329,1,1782361977.111296,0.001903533935546875
287048,normal,1968,0,1782361977.1133645,0.0020685195922851562
287049,normal,3360,1,1782361977.1153808,0.002016305923461914
287050,normal,3216,1,1782361977.117371,0.0019903182983398438
287051,normal,1550,0,1782361977.119384,0.002012968063354492
287052,normal,837,2,1782361977.1214359,0.002051830291748047
287053,normal,2455,0,1782361977.1238122,0.0023763179779052734
287054,normal,1529,0,1782361977.1253223,0.0015101432800292969
287055,normal,356,0,1782361977.1273978,0.0020754337310791016
287056,normal,2226,0,1782361977.1293304,0.0019326210021972656
287057,normal,697,0,1782361977.1313698,0.0020394325256347656
287058,normal,2722,0,1782361977.1333437,0.001973867416381836
287059,normal,874,2,1782361977.135344,0.0020003318786621094
287060,normal,2181,0,1782361977.137354,0.002009868621826172
287061,normal,819,2,1782361977.1394777,0.0021238327026367188
287062,normal,171,0,1782361977.1413946,0.0019168853759765625
287063,normal,2882,0,1782361977.1434345,0.0020399093627929688
287064,normal,2475,0,1782361977.1454868,0.00205230712890625
287065,normal,1113,0,1782361977.147571,0.0020842552185058594
287066,normal,1996,0,1782361977.1493678,0.001796722412109375
287067,normal,911,2,1782361977.151569,0.002201080322265625
287068,normal,2318,0,1782361977.153416,0.0018470287322998047
287069,normal,1814,0,1782361977.1554327,0.002016782760620117
287070,normal,2628,0,1782361977.1573453,0.0019125938415527344
287071,normal,2892,0,1782361977.159343,0.001997709274291992
287072,normal,2353,0,1782361977.1613388,0.0019958019256591797
287073,normal,375,0,1782361977.163486,0.002147197723388672
287074,normal,1605,0,1782361977.1653397,0.0018537044525146484
287075,normal,3301,1,1782361977.16735,0.002010345458984375
287076,normal,2232,0,1782361977.1693432,0.0019931793212890625
287077,normal,2351,0,1782361977.1713405,0.001997232437133789
287078,normal,1463,0,1782361977.1739678,0.0026273727416992188
287079,normal,2471,0,1782361977.175506,0.0015382766723632812
287080,normal,3548,0,1782361977.1772754,0.0017693042755126953
287081,normal,394,0,1782361977.179303,0.0020275115966796875
287082,normal,1334,1,1782361977.1813877,0.0020847320556640625
287083,normal,3570,0,1782361977.18339,0.002002239227294922
287084,normal,32,0,1782361977.1855245,0.002134561538696289
287085,normal,1615,0,1782361977.1875067,0.0019822120666503906
287086,normal,483,0,1782361977.190312,0.0028052330017089844
287087,normal,2143,0,1782361977.1913064,0.0009944438934326172
287088,normal,2393,0,1782361977.1932642,0.0019578933715820312
287089,normal,1084,0,1782361977.1952853,0.0020210742950439453
287090,normal,1804,0,1782361977.1972902,0.002004861831665039
287091,normal,841,2,1782361977.1992939,0.0020036697387695312
287092,normal,1683,0,1782361977.20136,0.0020661354064941406
287093,normal,3124,1,1782361977.2033978,0.0020377635955810547
287094,normal,2184,0,1782361977.2053237,0.0019259452819824219
287095,normal,3573,0,1782361977.2073805,0.0020568370819091797
287096,normal,236,0,1782361977.2093706,0.001990079879760742
287097,normal,2691,0,1782361977.2113879,0.0020172595977783203
287098,normal,3250,1,1782361977.2132635,0.0018756389617919922
287099,normal,3322,1,1782361977.2155607,0.0022971630096435547
287100,normal,2814,0,1782361977.2174318,0.0018711090087890625
287101,normal,775,2,1782361977.2193289,0.0018970966339111328
287102,normal,2758,0,1782361977.2215438,0.0022149085998535156
287103,normal,656,0,1782361977.223711,0.002167224884033203
287104,normal,712,0,1782361977.2253873,0.001676321029663086
287105,normal,1543,0,1782361977.2273333,0.0019459724426269531
287106,normal,458,0,1782361977.229382,0.0020487308502197266
287107,normal,2889,0,1782361977.2312903,0.0019083023071289062
287108,normal,2341,0,1782361977.2334054,0.002115011215209961
287109,normal,1008,2,1782361977.2353992,0.001993894577026367
287110,normal,1901,0,1782361977.2373903,0.0019910335540771484
287111,normal,614,0,1782361977.2393188,0.001928567886352539
287112,normal,1717,0,1782361977.2414172,0.0020983219146728516
287113,normal,745,0,1782361977.243447,0.002029895782470703
287114,normal,3156,1,1782361977.245478,0.0020308494567871094
287115,normal,2209,0,1782361977.2473888,0.0019109249114990234
287116,normal,2763,0,1782361977.249338,0.0019490718841552734
287117,normal,324,0,1782361977.2514727,0.0021347999572753906
287118,normal,2304,0,1782361977.2534788,0.002006053924560547
287119,normal,2303,0,1782361977.255709,0.0022301673889160156
287120,normal,2124,0,1782361977.2574458,0.0017368793487548828
287121,normal,3428,0,1782361977.2592406,0.0017948150634765625
287122,normal,805,2,1782361977.2613118,0.0020711421966552734
287123,normal,2263,0,1782361977.2633111,0.001999378204345703
287124,normal,270,0,1782361977.2652898,0.001978635787963867
287125,normal,1671,0,1782361977.2673159,0.002026081085205078
287126,normal,1540,0,1782361977.2692926,0.0019767284393310547
287127,normal,2780,0,1782361977.2713344,0.0020418167114257812
287128,normal,3635,0,1782361977.273284,0.0019495487213134766
287129,normal,3591,0,1782361977.2752721,0.0019881725311279297
287130,normal,3593,0,1782361977.2774007,0.00212860107421875
287131,normal,1730,0,1782361977.2793775,0.0019767284393310547
287132,normal,1565,0,1782361977.281373,0.001995563507080078
287133,normal,321,0,1782361977.2833927,0.002019643783569336
287134,normal,147,0,1782361977.2854311,0.0020384788513183594
287135,normal,1103,0,1782361977.2874484,0.0020172595977783203
287136,normal,427,0,1782361977.2894845,0.0020360946655273438
287137,normal,3034,0,1782361977.291397,0.0019125938415527344
287138,normal,2899,0,1782361977.2933908,0.0019936561584472656
287139,normal,632,0,1782361977.295408,0.0020172595977783203
287140,normal,806,2,1782361977.29736,0.0019519329071044922
287141,normal,3645,0,1782361977.2993634,0.0020034313201904297
287142,normal,484,0,1782361977.301358,0.001994609832763672
287143,normal,1005,2,1782361977.3033602,0.002002239227294922
287144,normal,1555,0,1782361977.305406,0.002045869827270508
287145,normal,1587,0,1782361977.3074152,0.002009153366088867
287146,normal,1959,0,1782361977.3094404,0.002025127410888672
287147,normal,3388,1,1782361977.3114135,0.0019731521606445312
287148,normal,2516,0,1782361977.3136985,0.002285003662109375
287149,normal,412,0,1782361977.3153415,0.0016429424285888672
287150,normal,379,0,1782361977.3174393,0.0020978450775146484
287151,normal,774,2,1782361977.3195088,0.0020694732666015625
287152,normal,1451,0,1782361977.3214695,0.00196075439453125
287153,normal,2130,0,1782361977.3233628,0.0018932819366455078
287154,normal,2119,0,1782361977.3253522,0.0019893646240234375
287155,normal,3509,0,1782361977.327375,0.0020227432250976562
287156,normal,3604,0,1782361977.329424,0.002048969268798828
287157,normal,3531,0,1782361977.331409,0.0019850730895996094
287158,normal,1333,1,1782361977.333354,0.0019450187683105469
287159,normal,739,0,1782361977.33535,0.0019960403442382812
287160,normal,2526,0,1782361977.3373477,0.001997709274291992
287161,normal,1385,0,1782361977.339356,0.002008199691772461
287162,normal,3588,0,1782361977.3421676,0.0028116703033447266
287163,normal,1410,0,1782361977.3436415,0.0014739036560058594
287164,normal,3037,0,1782361977.3453455,0.0017039775848388672
287165,normal,747,0,1782361977.3473938,0.0020482540130615234
287166,normal,1708,0,1782361977.3493621,0.0019683837890625
287167,normal,2823,0,1782361977.3513336,0.0019714832305908203
287168,normal,1841,0,1782361977.3533962,0.002062559127807617
287169,normal,3334,1,1782361977.3554773,0.002081155776977539
287170,normal,221,0,1782361977.3572624,0.0017850399017333984
287171,normal,3505,0,1782361977.3592799,0.002017498016357422
287172,normal,657,0,1782361977.3613834,0.002103567123413086
287173,normal,2057,0,1782361977.3632748,0.0018913745880126953
287174,normal,1908,0,1782361977.3653538,0.002079010009765625
287175,normal,1072,0,1782361977.3675644,0.0022106170654296875
287176,normal,2669,0,1782361977.3694224,0.0018579959869384766
287177,normal,2259,0,1782361977.3714778,0.0020554065704345703
287178,normal,970,2,1782361977.373475,0.001997232437133789
287179,normal,511,0,1782361977.3754923,0.0020172595977783203
287180,normal,2218,0,1782361977.3774931,0.0020008087158203125
287181,normal,1773,0,1782361977.379698,0.00220489501953125
287182,normal,887,2,1782361977.3814878,0.0017898082733154297
287183,normal,3122,1,1782361977.383462,0.0019741058349609375
287184,normal,1625,0,1782361977.3856518,0.0021898746490478516
287185,normal,2750,0,1782361977.3875139,0.0018620491027832031
287186,normal,3318,1,1782361977.3895292,0.002015352249145508
287187,normal,3077,1,1782361977.3915415,0.0020122528076171875
287188,normal,3613,0,1782361977.3933015,0.0017600059509277344
287189,normal,1513,0,1782361977.3954933,0.002191781997680664
287190,normal,1983,0,1782361977.3974776,0.0019843578338623047
287191,normal,846,2,1782361977.3993948,0.001917123794555664
287192,normal,2286,0,1782361977.4014964,0.0021016597747802734
287193,normal,1287,0,1782361977.4034915,0.001995086669921875
287194,normal,452,0,1782361977.4053485,0.0018570423126220703
287195,normal,1820,0,1782361977.4075403,0.002191781997680664
287196,normal,1180,0,1782361977.4095597,0.0020194053649902344
287197,normal,3511,0,1782361977.4113991,0.0018393993377685547
287198,normal,2713,0,1782361977.4135282,0.002129077911376953
287199,normal,2240,0,1782361977.4154425,0.0019142627716064453
287200,normal,832,2,1782361977.417489,0.0020465850830078125
287201,normal,935,2,1782361977.4194403,0.0019512176513671875
287202,normal,2111,0,1782361977.4214587,0.002018451690673828
287203,normal,2659,0,1782361977.4234116,0.0019528865814208984
287204,normal,1275,0,1782361977.4254282,0.0020165443420410156
287205,normal,197,0,1782361977.4275017,0.002073526382446289
287206,normal,1884,0,1782361977.4293256,0.0018239021301269531
287207,normal,318,0,1782361977.431516,0.0021903514862060547
287208,normal,2136,0,1782361977.4334605,0.0019445419311523438
287209,normal,1857,0,1782361977.4354382,0.001977682113647461
287210,normal,291,0,1782361977.4374924,0.0020542144775390625
287211,normal,1240,0,1782361977.4394925,0.002000093460083008
287212,normal,1384,0,1782361977.441387,0.0018944740295410156
287213,normal,1569,0,1782361977.4433973,0.002010345458984375
287214,normal,2992,0,1782361977.4455,0.0021026134490966797
287215,normal,1700,0,1782361977.447443,0.0019431114196777344
287216,normal,3180,1,1782361977.4495645,0.002121448516845703
287217,normal,1512,0,1782361977.4514825,0.0019180774688720703
287218,normal,1640,0,1782361977.4535253,0.0020427703857421875
287219,normal,3114,1,1782361977.4554274,0.0019021034240722656
287220,normal,2859,0,1782361977.457515,0.0020875930786132812
287221,normal,2946,0,1782361977.459405,0.001889944076538086
287222,normal,322,0,1782361977.4614756,0.0020706653594970703
287223,normal,1681,0,1782361977.4634795,0.002003908157348633
287224,normal,2687,0,1782361977.4653842,0.0019047260284423828
287225,normal,3080,1,1782361977.4676166,0.0022323131561279297
287226,normal,2048,0,1782361977.4694877,0.0018711090087890625
287227,normal,2299,0,1782361977.471626,0.002138376235961914
287228,normal,2241,0,1782361977.473436,0.0018100738525390625
287229,normal,2896,0,1782361977.475534,0.0020978450775146484
287230,normal,2252,0,1782361977.4773853,0.0018513202667236328
287231,normal,1673,0,1782361977.4796505,0.0022652149200439453
287232,normal,1396,0,1782361977.481612,0.0019614696502685547
287233,normal,875,2,1782361977.4833207,0.0017087459564208984
287234,normal,2448,0,1782361977.4854972,0.002176523208618164
287235,normal,2994,0,1782361977.4875026,0.002005338668823242
287236,normal,94,0,1782361977.4894013,0.0018987655639648438
287237,normal,435,0,1782361977.49162,0.0022187232971191406
287238,normal,789,2,1782361977.4933748,0.0017547607421875
287239,normal,741,0,1782361977.4955003,0.0021255016326904297
287240,normal,3610,0,1782361977.497401,0.0019006729125976562
287241,normal,3236,1,1782361977.4995043,0.0021033287048339844
287242,normal,2587,0,1782361977.5020137,0.0025093555450439453
287243,normal,685,0,1782361977.5036063,0.0015926361083984375
287244,normal,18,0,1782361977.505506,0.00189971923828125
287245,normal,307,0,1782361977.5074337,0.0019276142120361328
287246,normal,432,0,1782361977.509411,0.0019774436950683594
287247,normal,468,0,1782361977.5115294,0.002118349075317383
287248,normal,1424,0,1782361977.5134208,0.0018913745880126953
287249,normal,2404,0,1782361977.5157468,0.0023260116577148438
287250,normal,3271,1,1782361977.5174024,0.00165557861328125
287251,normal,1774,0,1782361977.5194256,0.0020232200622558594
287252,normal,1652,0,1782361977.5214126,0.001986980438232422
287253,normal,317,0,1782361977.5234847,0.0020720958709716797
287254,normal,2420,0,1782361977.5253394,0.0018546581268310547
287255,normal,1054,0,1782361977.527728,0.0023887157440185547
287256,normal,1906,0,1782361977.5295916,0.0018634796142578125
287257,normal,506,0,1782361977.531419,0.0018274784088134766
287258,normal,2598,0,1782361977.533585,0.0021660327911376953
287259,normal,3246,1,1782361977.53546,0.0018749237060546875
287260,normal,3328,1,1782361977.5374997,0.002039670944213867
287261,normal,30,0,1782361977.5393322,0.0018324851989746094
287262,normal,1694,0,1782361977.5417027,0.002370595932006836
287263,normal,579,0,1782361977.5434783,0.001775503158569336
287264,normal,1246,0,1782361977.5454721,0.001993894577026367
287265,normal,353,0,1782361977.5476224,0.002150297164916992
287266,normal,1643,0,1782361977.5495138,0.0018913745880126953
287267,normal,1064,0,1782361977.551563,0.0020492076873779297
287268,normal,1788,0,1782361977.553356,0.00179290771484375
287269,normal,3498,0,1782361977.5555062,0.002150297164916992
287270,normal,2027,0,1782361977.557416,0.0019097328186035156
287271,normal,3602,0,1782361977.5595214,0.0021054744720458984
287272,normal,1601,0,1782361977.5613196,0.0017981529235839844
287273,normal,1494,0,1782361977.5635035,0.0021839141845703125
287274,normal,3427,0,1782361977.5654564,0.0019528865814208984
287275,normal,810,2,1782361977.567415,0.001958608627319336
287276,normal,163,0,1782361977.569537,0.0021219253540039062
287277,normal,590,0,1782361977.5714736,0.0019366741180419922
287278,normal,173,0,1782361977.573573,0.0020995140075683594
287279,normal,108,0,1782361977.5754094,0.0018362998962402344
287280,normal,1370,1,1782361977.5775192,0.0021097660064697266
287281,normal,864,2,1782361977.5794468,0.0019276142120361328
287282,normal,2429,0,1782361977.5815706,0.0021238327026367188
287283,normal,1825,0,1782361977.5834892,0.0019185543060302734
287284,normal,2488,0,1782361977.585419,0.0019297599792480469
287285,normal,707,0,1782361977.587419,0.002000093460083008
287286,normal,2842,0,1782361977.589521,0.002101898193359375
287287,normal,2001,0,1782361977.591328,0.0018069744110107422
287288,normal,2453,0,1782361977.593511,0.002183198928833008
287289,normal,1267,0,1782361977.5955102,0.0019991397857666016
287290,normal,3087,1,1782361977.5974438,0.0019335746765136719
287291,normal,406,0,1782361977.5997393,0.0022954940795898438
287292,normal,55,0,1782361977.6014009,0.001661539077758789
287293,normal,2161,0,1782361977.6035185,0.002117633819580078
287294,normal,1807,0,1782361977.6054173,0.0018987655639648438
287295,normal,742,0,1782361977.6075242,0.002106904983520508
287296,normal,3057,1,1782361977.6094165,0.0018923282623291016
287297,normal,2077,0,1782361977.611518,0.002101421356201172
287298,normal,2717,0,1782361977.6135473,0.0020294189453125
287299,normal,445,0,1782361977.615472,0.001924753189086914
287300,normal,1562,0,1782361977.6175895,0.0021173954010009766
287301,normal,1748,0,1782361977.6195095,0.0019199848175048828
287302,normal,537,0,1782361977.6213658,0.0018563270568847656
287303,normal,3222,1,1782361977.6235507,0.0021848678588867188
287304,normal,2323,0,1782361977.625443,0.0018923282623291016
287305,normal,2198,0,1782361977.6275544,0.0021114349365234375
287306,normal,2115,0,1782361977.6294148,0.0018603801727294922
287307,normal,3493,0,1782361977.63152,0.002105236053466797
287308,normal,1843,0,1782361977.6334114,0.0018913745880126953
287309,normal,1869,0,1782361977.6356094,0.0021979808807373047
287310,normal,1209,0,1782361977.637446,0.001836538314819336
287311,normal,963,2,1782361977.6395044,0.0020585060119628906
287312,normal,242,0,1782361977.6415641,0.0020596981048583984
287313,normal,494,0,1782361977.6435137,0.0019495487213134766
287314,normal,2791,0,1782361977.6454568,0.0019431114196777344
287315,normal,684,0,1782361977.6474798,0.002022981643676758
287316,normal,1038,0,1782361977.6495945,0.0021147727966308594
287317,normal,3345,1,1782361977.6515458,0.0019512176513671875
287318,normal,258,0,1782361977.6533856,0.0018398761749267578
287319,normal,2371,0,1782361977.6555243,0.0021386146545410156
287320,normal,815,2,1782361977.6574073,0.0018830299377441406
287321,normal,3553,0,1782361977.6595085,0.0021011829376220703
287322,normal,1910,0,1782361977.6617062,0.002197742462158203
287323,normal,2615,0,1782361977.6633158,0.0016095638275146484
287324,normal,1400,0,1782361977.6655006,0.0021848678588867188
287325,normal,1845,0,1782361977.6675022,0.002001523971557617
287326,normal,3600,0,1782361977.6694024,0.0019001960754394531
287327,normal,3405,0,1782361977.6717575,0.0023550987243652344
287328,normal,2664,0,1782361977.6738548,0.0020973682403564453
287329,normal,3533,0,1782361977.6754477,0.001592874526977539
287330,normal,3650,0,1782361977.6774135,0.001965761184692383
287331,normal,2215,0,1782361977.6795144,0.0021009445190429688
287332,normal,2492,0,1782361977.6814175,0.0019030570983886719
287333,normal,3472,0,1782361977.683522,0.002104520797729492
287334,normal,2645,0,1782361977.6855054,0.0019834041595458984
287335,normal,136,0,1782361977.6874917,0.001986265182495117
287336,normal,3495,0,1782361977.6894073,0.0019156932830810547
287337,normal,1367,1,1782361977.6915357,0.0021283626556396484
287338,normal,1837,0,1782361977.6934295,0.001893758773803711
287339,normal,2877,0,1782361977.6955407,0.002111196517944336
287340,normal,1679,0,1782361977.697443,0.0019023418426513672
287341,normal,1236,0,1782361977.6996026,0.002159595489501953
287342,normal,2246,0,1782361977.7015312,0.001928567886352539
287343,normal,2026,0,1782361977.7034533,0.0019221305847167969
287344,normal,2560,0,1782361977.7054892,0.002035856246948242
287345,normal,2221,0,1782361977.7075477,0.0020585060119628906
287346,normal,85,0,1782361977.709468,0.0019202232360839844
287347,normal,45,0,1782361977.7114742,0.0020062923431396484
287348,normal,2050,0,1782361977.7134984,0.0020241737365722656
287349,normal,2224,0,1782361977.7154367,0.0019383430480957031
287350,normal,826,2,1782361977.7173686,0.001931905746459961
287351,normal,2781,0,1782361977.719591,0.002222299575805664
287352,normal,1357,1,1782361977.7215734,0.001982450485229492
287353,normal,366,0,1782361977.7233253,0.0017518997192382812
287354,normal,3146,1,1782361977.7254438,0.0021185874938964844
287355,normal,3552,0,1782361977.727378,0.001934051513671875
287356,normal,1583,0,1782361977.7293527,0.001974821090698242
287357,normal,207,0,1782361977.7314441,0.0020914077758789062
287358,normal,3481,0,1782361977.7334182,0.0019741058349609375
287359,normal,3219,1,1782361977.7353284,0.0019102096557617188
287360,normal,287,0,1782361977.7374516,0.002123117446899414
287361,normal,1094,0,1782361977.7394478,0.001996278762817383
287362,normal,607,0,1782361977.7413886,0.0019407272338867188
287363,normal,840,2,1782361977.7435274,0.002138853073120117
287364,normal,3423,0,1782361977.745428,0.0019006729125976562
287365,normal,2680,0,1782361977.7473526,0.0019245147705078125
287366,normal,1577,0,1782361977.7494743,0.0021216869354248047
287367,normal,2949,0,1782361977.75148,0.0020058155059814453
287368,normal,2639,0,1782361977.7534053,0.0019252300262451172
287369,normal,1016,2,1782361977.7554421,0.0020368099212646484
287370,normal,3395,1,1782361977.757423,0.0019807815551757812
287371,normal,696,0,1782361977.75942,0.0019969940185546875
287372,normal,965,2,1782361977.7613184,0.0018985271453857422
287373,normal,3500,0,1782361977.7635121,0.0021936893463134766
287374,normal,1176,0,1782361977.7653491,0.001837015151977539
287375,normal,8,0,1782361977.7673645,0.002015352249145508
287376,normal,1280,0,1782361977.769464,0.0020995140075683594
287377,normal,1457,0,1782361977.7713068,0.0018427371978759766
287378,normal,1522,0,1782361977.7734745,0.0021677017211914062
287379,normal,352,0,1782361977.7754183,0.001943826675415039
287380,normal,1636,0,1782361977.7772954,0.0018770694732666016
287381,normal,534,0,1782361977.77948,0.002184629440307617
287382,normal,1080,0,1782361977.781422,0.0019419193267822266
287383,normal,2390,0,1782361977.783348,0.0019261837005615234
287384,normal,1309,0,1782361977.7856486,0.0023005008697509766
287385,normal,3081,1,1782361977.7874699,0.001821279525756836
287386,normal,337,0,1782361977.789314,0.001844167709350586
287387,normal,3098,1,1782361977.7915149,0.0022008419036865234
287388,normal,2202,0,1782361977.7934365,0.0019216537475585938
287389,normal,3309,1,1782361977.795286,0.0018494129180908203
287390,normal,1721,0,1782361977.7972698,0.0019838809967041016
287391,normal,3235,1,1782361977.7994137,0.00214385986328125
287392,normal,2264,0,1782361977.801311,0.0018973350524902344
287393,normal,1485,0,1782361977.803542,0.0022308826446533203
287394,normal,2262,0,1782361977.8054674,0.0019254684448242188
287395,normal,1171,0,1782361977.8073874,0.0019199848175048828
287396,normal,2239,0,1782361977.8094215,0.0020341873168945312
287397,normal,2020,0,1782361977.8115563,0.0021347999572753906
287398,normal,2535,0,1782361977.8133879,0.0018315315246582031
287399,normal,610,0,1782361977.8155951,0.0022072792053222656
287400,normal,1495,0,1782361977.8175414,0.0019462108612060547
287401,normal,1330,1,1782361977.8194427,0.001901388168334961
287402,normal,1261,0,1782361977.8215046,0.0020618438720703125
287403,normal,1898,0,1782361977.8235016,0.0019969940185546875
287404,normal,25,0,1782361977.8254137,0.0019121170043945312
287405,normal,2830,0,1782361977.8275218,0.0021080970764160156
287406,normal,2544,0,1782361977.8294826,0.00196075439453125
287407,normal,7,0,1782361977.8314266,0.0019440650939941406
287408,normal,586,0,1782361977.8334007,0.0019741058349609375
287409,normal,3575,0,1782361977.835509,0.002108335494995117
287410,normal,2017,0,1782361977.8373833,0.0018742084503173828
287411,normal,3677,0,1782361977.8400755,0.0026922225952148438
287412,normal,1375,1,1782361977.8417008,0.0016252994537353516
287413,normal,922,2,1782361977.8433416,0.0016407966613769531
287414,normal,564,0,1782361977.8455033,0.002161741256713867
287415,normal,1023,2,1782361977.8474743,0.001971006393432617
287416,normal,551,0,1782361977.849414,0.0019397735595703125
287417,normal,3684,0,1782361977.85157,0.002155780792236328
287418,normal,1527,0,1782361977.8534384,0.0018684864044189453
287419,normal,3150,1,1782361977.8555374,0.0020990371704101562
287420,normal,1768,0,1782361977.8579576,0.002420186996459961
287421,normal,3609,0,1782361977.8592577,0.0013000965118408203
287422,normal,2085,0,1782361977.8613732,0.002115488052368164
287423,normal,1154,0,1782361977.8633196,0.0019464492797851562
287424,normal,972,2,1782361977.8654926,0.0021729469299316406
287425,normal,1987,0,1782361977.867317,0.0018243789672851562
287426,normal,2963,0,1782361977.8697436,0.002426624298095703
287427,normal,3398,1,1782361977.8715587,0.0018150806427001953
287428,normal,705,0,1782361977.873408,0.0018494129180908203
287429,normal,1782,0,1782361977.8754003,0.0019922256469726562
287430,normal,2843,0,1782361977.8774955,0.0020952224731445312
287431,normal,3138,1,1782361977.879414,0.0019185543060302734
287432,normal,844,2,1782361977.8812976,0.0018835067749023438
287433,normal,1805,0,1782361977.8837817,0.0024840831756591797
287434,normal,2494,0,1782361977.885486,0.0017042160034179688
287435,normal,3097,1,1782361977.8873696,0.0018837451934814453
287436,normal,3158,1,1782361977.8894556,0.0020859241485595703
287437,normal,1945,0,1782361977.8915277,0.0020720958709716797
287438,normal,2589,0,1782361977.89331,0.0017824172973632812
287439,normal,2330,0,1782361977.895242,0.001931905746459961
287440,normal,2002,0,1782361977.8973527,0.002110719680786133
287441,normal,937,2,1782361977.8992448,0.00189208984375
287442,normal,361,0,1782361977.9013371,0.0020923614501953125
287443,normal,3542,0,1782361977.90325,0.001912832260131836
287444,normal,2417,0,1782361977.9053206,0.0020706653594970703
287445,normal,3324,1,1782361977.9073367,0.0020160675048828125
287446,normal,1032,0,1782361977.9092662,0.0019295215606689453
287447,normal,248,0,1782361977.9113638,0.002097606658935547
287448,normal,2695,0,1782361977.9133532,0.0019893646240234375
287449,normal,2116,0,1782361977.9152782,0.0019249916076660156
287450,normal,2227,0,1782361977.9172528,0.0019745826721191406
287451,normal,643,0,1782361977.9194198,0.0021669864654541016
287452,normal,2673,0,1782361977.921313,0.0018932819366455078
287453,normal,2344,0,1782361977.9233294,0.002016305923461914
287454,normal,2657,0,1782361977.9253478,0.002018451690673828
287455,normal,2316,0,1782361977.9272676,0.0019197463989257812
287456,normal,1242,0,1782361977.9293408,0.0020732879638671875
287457,normal,1414,0,1782361977.9313142,0.001973390579223633
287458,normal,2826,0,1782361977.9332638,0.0019495487213134766
287459,normal,1663,0,1782361977.9353552,0.0020914077758789062
287460,normal,1107,0,1782361977.9373975,0.0020422935485839844
287461,normal,1796,0,1782361977.939431,0.0020334720611572266
287462,normal,3447,0,1782361977.9413087,0.0018777847290039062
287463,normal,3109,1,1782361977.9435165,0.0022077560424804688
287464,normal,1744,0,1782361977.9454176,0.0019011497497558594
287465,normal,3151,1,1782361977.9475312,0.0021135807037353516
287466,normal,2021,0,1782361977.9495206,0.0019893646240234375
287467,normal,1858,0,1782361977.9514315,0.0019109249114990234
287468,normal,899,2,1782361977.9535685,0.0021369457244873047
287469,normal,2486,0,1782361977.9557369,0.002168416976928711
287470,normal,3614,0,1782361977.9573793,0.001642465591430664
287471,normal,833,2,1782361977.9594479,0.0020685195922851562
287472,normal,1775,0,1782361977.9615428,0.0020949840545654297
287473,normal,2575,0,1782361977.963428,0.0018851757049560547
287474,normal,3572,0,1782361977.9655073,0.0020792484283447266
287475,normal,1556,0,1782361977.967511,0.0020036697387695312
287476,normal,122,0,1782361977.9694047,0.001893758773803711
287477,normal,3182,1,1782361977.9715238,0.0021190643310546875
287478,normal,211,0,1782361977.9735882,0.0020644664764404297
287479,normal,2326,0,1782361977.9753475,0.0017592906951904297
287480,normal,486,0,1782361977.977574,0.002226591110229492
287481,normal,1561,0,1782361977.979534,0.0019598007202148438
287482,normal,1266,0,1782361977.9817545,0.002220630645751953
287483,normal,3530,0,1782361977.983374,0.001619577407836914
287484,normal,3134,1,1782361977.985573,0.002198934555053711
287485,normal,2707,0,1782361977.987521,0.0019478797912597656
287486,normal,3095,1,1782361977.9894972,0.0019762516021728516
287487,normal,1616,0,1782361977.9915004,0.002003192901611328
287488,normal,1922,0,1782361977.9933999,0.0018994808197021484
287489,normal,1542,0,1782361977.995504,0.002104043960571289
287490,normal,784,2,1782361977.9975038,0.0019998550415039062
287491,normal,3484,0,1782361977.9994962,0.001992464065551758
287492,normal,1256,0,1782361978.0014307,0.0019345283508300781
287493,normal,631,0,1782361978.003501,0.002070188522338867
287494,normal,3228,1,1782361978.0054018,0.0019009113311767578
287495,normal,2742,0,1782361978.0075128,0.0021109580993652344
287496,normal,1780,0,1782361978.0095065,0.0019936561584472656
287497,normal,2095,0,1782361978.0120435,0.0025370121002197266
287498,normal,213,0,1782361978.0135758,0.0015323162078857422
287499,normal,533,0,1782361978.0154853,0.001909494400024414
287500,normal,1449,0,1782361978.017406,0.0019207000732421875
287501,normal,1696,0,1782361978.0194342,0.002028226852416992
287502,normal,1919,0,1782361978.0215104,0.0020761489868164062
287503,normal,3620,0,1782361978.0234632,0.0019528865814208984
287504,normal,2832,0,1782361978.0255885,0.002125263214111328
287505,normal,3353,1,1782361978.0275083,0.0019197463989257812
287506,normal,328,0,1782361978.029409,0.0019006729125976562
287507,normal,3332,1,1782361978.0315242,0.0021152496337890625
287508,normal,444,0,1782361978.033524,0.0019998550415039062
287509,normal,664,0,1782361978.0354328,0.0019087791442871094
287510,normal,646,0,1782361978.037561,0.002128124237060547
287511,normal,3703,0,1782361978.0396278,0.0020668506622314453
287512,normal,715,0,1782361978.0413806,0.0017528533935546875
287513,normal,2449,0,1782361978.043584,0.0022034645080566406
287514,normal,75,0,1782361978.0456083,0.0020241737365722656
287515,normal,2525,0,1782361978.0474055,0.0017971992492675781
287516,normal,2070,0,1782361978.0494168,0.0020112991333007812
287517,normal,3232,1,1782361978.0517957,0.0023789405822753906
287518,normal,1889,0,1782361978.0534844,0.0016887187957763672
287519,normal,1450,0,1782361978.0554457,0.001961231231689453
287520,normal,2574,0,1782361978.057783,0.002337217330932617
287521,normal,202,0,1782361978.0599077,0.002124786376953125
287522,normal,2188,0,1782361978.061368,0.0014603137969970703
287523,normal,1760,0,1782361978.0636466,0.002278566360473633
287524,normal,2171,0,1782361978.0653098,0.0016632080078125
287525,normal,628,0,1782361978.0675027,0.002192974090576172
287526,normal,999,2,1782361978.0695198,0.0020170211791992188
287527,normal,1516,0,1782361978.071412,0.0018923282623291016
287528,normal,823,2,1782361978.0734284,0.002016305923461914
287529,normal,1567,0,1782361978.075499,0.0020706653594970703
287530,normal,605,0,1782361978.0773332,0.0018341541290283203
287531,normal,1811,0,1782361978.079561,0.002227783203125
287532,normal,1248,0,1782361978.0815709,0.002009868621826172
287533,normal,583,0,1782361978.083484,0.0019130706787109375
287534,normal,1716,0,1782361978.0854964,0.002012491226196289
287535,normal,1786,0,1782361978.0874665,0.001970052719116211
287536,normal,567,0,1782361978.089437,0.001970529556274414
287537,normal,2374,0,1782361978.0915742,0.0021371841430664062
287538,normal,1586,0,1782361978.0935636,0.0019893646240234375
287539,normal,182,0,1782361978.095316,0.0017523765563964844
287540,normal,611,0,1782361978.097513,0.0021970272064208984
287541,normal,496,0,1782361978.0995188,0.0020058155059814453
287542,normal,1488,0,1782361978.1014159,0.0018970966339111328
287543,normal,2709,0,1782361978.1034453,0.0020294189453125
287544,normal,1199,0,1782361978.1055317,0.0020864009857177734
287545,normal,1469,0,1782361978.1074345,0.0019028186798095703
287546,normal,1417,0,1782361978.1098237,0.002389192581176758
287547,normal,2402,0,1782361978.1113636,0.0015399456024169922
287548,normal,964,2,1782361978.1135252,0.0021615028381347656
287549,normal,2841,0,1782361978.1154149,0.0018897056579589844
287550,normal,683,0,1782361978.117513,0.00209808349609375
287551,normal,2069,0,1782361978.1194143,0.001901388168334961
287552,normal,299,0,1782361978.1215127,0.0020983219146728516
287553,normal,159,0,1782361978.1235523,0.002039670944213867
287554,normal,998,2,1782361978.125461,0.0019087791442871094
287555,normal,2311,0,1782361978.127587,0.002125978469848633
287556,normal,780,2,1782361978.1296062,0.002019166946411133
287557,normal,1665,0,1782361978.1313472,0.0017409324645996094
287558,normal,2506,0,1782361978.1335487,0.002201557159423828
287559,normal,2702,0,1782361978.135541,0.0019922256469726562
287560,normal,2979,0,1782361978.1375337,0.0019927024841308594
287561,normal,1211,0,1782361978.1394265,0.0018928050994873047
287562,normal,3674,0,1782361978.141534,0.0021076202392578125
287563,normal,870,2,1782361978.1434116,0.0018775463104248047
287564,normal,2847,0,1782361978.1458104,0.0023987293243408203
287565,normal,1839,0,1782361978.147412,0.0016016960144042969
287566,normal,1553,0,1782361978.1495945,0.002182483673095703
287567,normal,1010,2,1782361978.1515384,0.001943826675415039
287568,normal,2757,0,1782361978.1536891,0.0021507740020751953
287569,normal,3657,0,1782361978.1555128,0.0018236637115478516
287570,normal,1810,0,1782361978.157496,0.001983165740966797
287571,normal,3302,1,1782361978.1596522,0.0021562576293945312
287572,normal,2231,0,1782361978.1614528,0.001800537109375
287573,normal,2775,0,1782361978.1634064,0.001953601837158203
287574,normal,2960,0,1782361978.1655006,0.002094268798828125
287575,normal,2897,0,1782361978.1674027,0.0019021034240722656
287576,normal,976,2,1782361978.1695144,0.002111673355102539
287577,normal,3355,1,1782361978.1715863,0.002071857452392578
287578,normal,895,2,1782361978.1733994,0.0018131732940673828
287579,normal,3240,1,1782361978.175497,0.002097606658935547
287580,normal,3631,0,1782361978.1774971,0.002000093460083008
287581,normal,3501,0,1782361978.1794114,0.0019142627716064453
287582,normal,1153,0,1782361978.1823215,0.002910137176513672
287583,normal,686,0,1782361978.1837058,0.0013842582702636719
287584,normal,573,0,1782361978.185374,0.0016682147979736328
287585,normal,2174,0,1782361978.1875136,0.002139568328857422
287586,normal,3616,0,1782361978.1895196,0.002006053924560547
287587,normal,2103,0,1782361978.191423,0.0019032955169677734
287588,normal,948,2,1782361978.193576,0.002153158187866211
287589,normal,250,0,1782361978.1956992,0.002123117446899414
287590,normal,557,0,1782361978.1973178,0.0016186237335205078
287591,normal,168,0,1782361978.1995022,0.0021843910217285156
287592,normal,479,0,1782361978.2015185,0.002016305923461914
287593,normal,3486,0,1782361978.203422,0.001903533935546875
287594,normal,3419,0,1782361978.2055283,0.002106189727783203
287595,normal,2552,0,1782361978.207643,0.0021147727966308594
287596,normal,1429,0,1782361978.20952,0.0018770694732666016
287597,normal,3653,0,1782361978.2114854,0.0019652843475341797
287598,normal,1635,0,1782361978.2135258,0.002040386199951172
287599,normal,1590,0,1782361978.2155247,0.0019989013671875
287600,normal,1473,0,1782361978.2174168,0.00189208984375
287601,normal,3056,1,1782361978.2195194,0.0021026134490966797
287602,normal,1539,0,1782361978.2215073,0.001987934112548828
287603,normal,2037,0,1782361978.2235959,0.0020885467529296875
287604,normal,457,0,1782361978.2254834,0.0018875598907470703
287605,normal,1350,1,1782361978.2277446,0.0022611618041992188
287606,normal,725,0,1782361978.229746,0.002001523971557617
287607,normal,2730,0,1782361978.2315092,0.0017631053924560547
287608,normal,737,0,1782361978.233313,0.0018038749694824219
287609,normal,2890,0,1782361978.2354975,0.0021843910217285156
287610,normal,901,2,1782361978.237504,0.00200653076171875
287611,normal,203,0,1782361978.2393293,0.0018253326416015625
287612,normal,466,0,1782361978.2415116,0.0021822452545166016
287613,normal,2940,0,1782361978.2434344,0.0019228458404541016
287614,normal,731,0,1782361978.2454026,0.0019681453704833984
287615,normal,418,0,1782361978.247515,0.0021123886108398438
287616,normal,2627,0,1782361978.2495458,0.0020308494567871094
287617,normal,3463,0,1782361978.2514749,0.0019290447235107422
287618,normal,1431,0,1782361978.2535875,0.0021126270294189453
287619,normal,360,0,1782361978.2555,0.0019125938415527344
287620,normal,2349,0,1782361978.2573469,0.0018467903137207031
287621,normal,3280,1,1782361978.2595558,0.0022089481353759766
287622,normal,602,0,1782361978.2615106,0.001954793930053711
287623,normal,908,2,1782361978.2634943,0.001983642578125
287624,normal,3281,1,1782361978.2653117,0.001817464828491211
287625,normal,1015,2,1782361978.2674465,0.0021347999572753906
287626,normal,580,0,1782361978.269416,0.001969575881958008
287627,normal,1297,0,1782361978.2715125,0.002096414566040039
287628,normal,3661,0,1782361978.273525,0.002012491226196289
287629,normal,3532,0,1782361978.275428,0.0019030570983886719
287630,normal,92,0,1782361978.2775376,0.002109527587890625
287631,normal,1881,0,1782361978.2797003,0.0021626949310302734
287632,normal,498,0,1782361978.281326,0.0016257762908935547
287633,normal,3136,1,1782361978.2835174,0.002191305160522461
287634,normal,2242,0,1782361978.2855134,0.0019960403442382812
287635,normal,1364,1,1782361978.287415,0.0019016265869140625
287636,normal,65,0,1782361978.289516,0.0021009445190429688
287637,normal,652,0,1782361978.2915156,0.0019996166229248047
287638,normal,2903,0,1782361978.2934453,0.0019297599792480469
287639,normal,1905,0,1782361978.2955728,0.002127408981323242
287640,normal,2094,0,1782361978.297585,0.0020122528076171875
287641,normal,485,0,1782361978.2993963,0.0018112659454345703
287642,normal,1124,0,1782361978.3015537,0.002157449722290039
287643,normal,100,0,1782361978.3035347,0.001981019973754883
287644,normal,2064,0,1782361978.3054302,0.0018954277038574219
287645,normal,1462,0,1782361978.3075347,0.002104520797729492
287646,normal,2733,0,1782361978.3095129,0.001978158950805664
287647,normal,439,0,1782361978.3114097,0.0018968582153320312
287648,normal,1926,0,1782361978.313513,0.0021033287048339844
287649,normal,938,2,1782361978.3157816,0.002268552780151367
287650,normal,1100,0,1782361978.3173726,0.0015909671783447266
287651,normal,1547,0,1782361978.3195868,0.002214193344116211
287652,normal,3394,1,1782361978.3216517,0.002064943313598633
287653,normal,672,0,1782361978.323436,0.0017843246459960938
287654,normal,1227,0,1782361978.3256502,0.002214193344116211
287655,normal,1691,0,1782361978.3275428,0.0018925666809082031
287656,normal,2478,0,1782361978.3295534,0.0020105838775634766
287657,normal,2731,0,1782361978.3314877,0.0019342899322509766
287658,normal,915,2,1782361978.3335054,0.0020177364349365234
287659,normal,497,0,1782361978.335416,0.0019106864929199219
287660,normal,1090,0,1782361978.3375134,0.0020973682403564453
287661,normal,1150,0,1782361978.339508,0.001994609832763672
287662,normal,1630,0,1782361978.3414595,0.001951456069946289
287663,normal,2557,0,1782361978.343498,0.0020384788513183594
287664,normal,700,0,1782361978.3454986,0.002000570297241211
287665,normal,2084,0,1782361978.3474002,0.0019016265869140625
287666,normal,2872,0,1782361978.3494334,0.002033233642578125
287667,normal,2987,0,1782361978.3516939,0.002260446548461914
287668,normal,956,2,1782361978.353568,0.0018742084503173828
287669,normal,413,0,1782361978.3553002,0.0017321109771728516
287670,normal,128,0,1782361978.3572865,0.001986265182495117
287671,normal,3132,1,1782361978.3593047,0.0020182132720947266
287672,normal,1763,0,1782361978.3613038,0.0019991397857666016
287673,normal,38,0,1782361978.363336,0.0020322799682617188
287674,normal,144,0,1782361978.365534,0.0021979808807373047
287675,normal,169,0,1782361978.3672638,0.001729726791381836
287676,normal,993,2,1782361978.3692777,0.0020139217376708984
287677,normal,1089,0,1782361978.3712983,0.002020597457885742
287678,normal,2820,0,1782361978.3733957,0.0020973682403564453
287679,normal,1365,1,1782361978.3754442,0.002048492431640625
287680,normal,2638,0,1782361978.3773139,0.0018696784973144531
287681,normal,971,2,1782361978.3795369,0.0022230148315429688
287682,normal,1836,0,1782361978.3814425,0.001905679702758789
287683,normal,1880,0,1782361978.3834417,0.0019991397857666016
287684,normal,634,0,1782361978.3853765,0.0019347667694091797
287685,normal,2223,0,1782361978.3874736,0.0020971298217773438
287686,normal,1091,0,1782361978.3893,0.0018265247344970703
287687,normal,1501,0,1782361978.391479,0.0021789073944091797
287688,normal,1185,0,1782361978.3934865,0.0020074844360351562
287689,normal,3014,0,1782361978.3953662,0.0018796920776367188
287690,normal,141,0,1782361978.3973997,0.0020334720611572266
287691,normal,858,2,1782361978.399457,0.002057313919067383
287692,normal,3060,1,1782361978.4013705,0.0019135475158691406
287693,normal,3504,0,1782361978.4033108,0.0019402503967285156
287694,normal,767,0,1782361978.4053912,0.0020804405212402344
287695,normal,2117,0,1782361978.4073777,0.0019865036010742188
287696,normal,1039,0,1782361978.4094067,0.002028942108154297
287697,normal,3174,1,1782361978.4113393,0.0019326210021972656
287698,normal,2599,0,1782361978.413413,0.0020737648010253906
287699,normal,3347,1,1782361978.4154274,0.0020143985748291016
287700,normal,594,0,1782361978.417411,0.001983642578125
287701,normal,2288,0,1782361978.4194236,0.002012491226196289
287702,normal,3676,0,1782361978.4214058,0.0019822120666503906
287703,normal,1731,0,1782361978.4234672,0.0020613670349121094
287704,normal,936,2,1782361978.425388,0.001920938491821289
287705,normal,1447,0,1782361978.4273336,0.00194549560546875
287706,normal,2203,0,1782361978.4294384,0.0021047592163085938
287707,normal,260,0,1782361978.4313092,0.001870870590209961
287708,normal,2829,0,1782361978.4334576,0.0021483898162841797
287709,normal,2460,0,1782361978.4354458,0.0019881725311279297
287710,normal,2668,0,1782361978.4373024,0.0018565654754638672
287711,normal,1785,0,1782361978.4394255,0.002123117446899414
287712,normal,2127,0,1782361978.4413722,0.0019466876983642578
287713,normal,2643,0,1782361978.4433918,0.002019643783569336
287714,normal,1572,0,1782361978.4454343,0.002042531967163086
287715,normal,272,0,1782361978.447457,0.0020227432250976562
287716,normal,2975,0,1782361978.4493866,0.0019295215606689453
287717,normal,3690,0,1782361978.4514098,0.0020232200622558594
287718,normal,3123,1,1782361978.4534113,0.002001523971557617
287719,normal,343,0,1782361978.4555635,0.0021522045135498047
287720,normal,572,0,1782361978.4588091,0.0032455921173095703
287721,normal,2009,0,1782361978.4606924,0.0018832683563232422
287722,normal,2764,0,1782361978.4613154,0.0006229877471923828
287723,normal,1050,0,1782361978.463562,0.0022466182708740234
287724,normal,3403,0,1782361978.4654543,0.0018923282623291016
287725,normal,2277,0,1782361978.4677448,0.002290487289428711
287726,normal,1632,0,1782361978.4693005,0.0015556812286376953
287727,normal,2586,0,1782361978.471339,0.0020384788513183594
287728,normal,1291,0,1782361978.4734135,0.0020744800567626953
287729,normal,3071,1,1782361978.4754238,0.002010345458984375
287730,normal,2398,0,1782361978.4775472,0.0021233558654785156
287731,normal,753,0,1782361978.479411,0.001863718032836914
287732,normal,3263,1,1782361978.4815114,0.0021004676818847656
287733,normal,492,0,1782361978.483533,0.0020215511322021484
287734,normal,1536,0,1782361978.485477,0.0019440650939941406
287735,normal,2597,0,1782361978.4875743,0.0020973682403564453
287736,normal,949,2,1782361978.4895759,0.002001523971557617
287737,normal,419,0,1782361978.4915364,0.0019605159759521484
287738,normal,3089,1,1782361978.4935226,0.001986265182495117
287739,normal,1216,0,1782361978.495594,0.002071380615234375
287740,normal,2617,0,1782361978.4974885,0.0018944740295410156
287741,normal,1684,0,1782361978.4996486,0.0021600723266601562
287742,normal,3458,0,1782361978.50156,0.0019114017486572266
287743,normal,3103,1,1782361978.5034077,0.0018477439880371094
287744,normal,3257,1,1782361978.5055063,0.002098560333251953
287745,normal,2567,0,1782361978.507509,0.002002716064453125
287746,normal,1648,0,1782361978.5094032,0.001894235610961914
287747,normal,3242,1,1782361978.5116336,0.002230405807495117
287748,normal,3117,1,1782361978.5134218,0.0017881393432617188
287749,normal,3336,1,1782361978.5153978,0.00197601318359375
287750,normal,2463,0,1782361978.5175014,0.002103567123413086
287751,normal,2413,0,1782361978.519499,0.001997709274291992
287752,normal,112,0,1782361978.521989,0.0024900436401367188
287753,normal,1947,0,1782361978.5236366,0.0016474723815917969
287754,normal,987,2,1782361978.525575,0.0019383430480957031
287755,normal,2600,0,1782361978.5274081,0.001833200454711914
287756,normal,417,0,1782361978.5295079,0.002099752426147461
287757,normal,3595,0,1782361978.5315259,0.002017974853515625
287758,normal,3546,0,1782361978.5334282,0.0019023418426513672
287759,normal,3185,1,1782361978.5355413,0.0021131038665771484
287760,normal,2986,0,1782361978.537508,0.001966714859008789
287761,normal,64,0,1782361978.5394106,0.0019025802612304688
287762,normal,3092,1,1782361978.5415049,0.002094268798828125
287763,normal,3414,0,1782361978.5435195,0.002014636993408203
287764,normal,709,0,1782361978.545425,0.0019054412841796875
287765,normal,2654,0,1782361978.5475304,0.0021054744720458984
287766,normal,2928,0,1782361978.5496206,0.0020902156829833984
287767,normal,3337,1,1782361978.551594,0.001973390579223633
287768,normal,2594,0,1782361978.553438,0.0018439292907714844
287769,normal,582,0,1782361978.5555956,0.0021576881408691406
287770,normal,3131,1,1782361978.557411,0.0018153190612792969
287771,normal,2839,0,1782361978.5596204,0.0022094249725341797
287772,normal,3646,0,1782361978.561461,0.0018405914306640625
287773,normal,3695,0,1782361978.5635443,0.002083301544189453
287774,normal,2367,0,1782361978.5655954,0.002051115036010742
287775,normal,704,0,1782361978.5675845,0.001989126205444336
287776,normal,3665,0,1782361978.5694056,0.0018210411071777344
287777,normal,3149,1,1782361978.571551,0.002145528793334961
287778,normal,997,2,1782361978.5737236,0.0021724700927734375
287779,normal,1331,1,1782361978.5753233,0.0015997886657714844
287780,normal,24,0,1782361978.5775037,0.002180337905883789
287781,normal,3230,1,1782361978.5795083,0.0020046234130859375
287782,normal,2819,0,1782361978.5814168,0.0019085407257080078
287783,normal,2154,0,1782361978.5834403,0.002023458480834961
287784,normal,3,0,1782361978.5855167,0.002076387405395508
287785,normal,1862,0,1782361978.5873163,0.0017995834350585938
287786,normal,1497,0,1782361978.5895436,0.002227306365966797
287787,normal,63,0,1782361978.5915403,0.001996755599975586
287788,normal,342,0,1782361978.5934682,0.0019278526306152344
287789,normal,2507,0,1782361978.5955849,0.002116680145263672
287790,normal,176,0,1782361978.5975156,0.0019307136535644531
287791,normal,487,0,1782361978.5994427,0.0019271373748779297
287792,normal,1872,0,1782361978.6015565,0.002113819122314453
287793,normal,1713,0,1782361978.6035163,0.0019598007202148438
287794,normal,3090,1,1782361978.6054838,0.0019674301147460938
287795,normal,1155,0,1782361978.6074984,0.002014636993408203
287796,normal,1428,0,1782361978.6094592,0.00196075439453125
287797,normal,3010,0,1782361978.611444,0.001984834671020508
287798,normal,620,0,1782361978.6135397,0.0020956993103027344
287799,normal,1441,0,1782361978.615551,0.0020112991333007812
287800,normal,455,0,1782361978.617367,0.0018160343170166016
287801,normal,919,2,1782361978.6195812,0.002214193344116211
287802,normal,968,2,1782361978.6215262,0.0019450187683105469
287803,normal,2875,0,1782361978.6234171,0.0018908977508544922
287804,normal,2440,0,1782361978.6255171,0.0020999908447265625
287805,normal,921,2,1782361978.6275177,0.002000570297241211
287806,normal,1366,1,1782361978.629414,0.0018963813781738281
287807,normal,3599,0,1782361978.6315174,0.0021033287048339844
287808,normal,2053,0,1782361978.6335516,0.0020341873168945312
287809,normal,1479,0,1782361978.635462,0.0019104480743408203
287810,normal,1174,0,1782361978.6376958,0.002233743667602539
287811,normal,1477,0,1782361978.6394558,0.0017600059509277344
287812,normal,1507,0,1782361978.6414251,0.0019693374633789062
287813,normal,3623,0,1782361978.6435595,0.0021343231201171875
287814,normal,2201,0,1782361978.6455097,0.0019502639770507812
287815,normal,1338,1,1782361978.6474054,0.0018956661224365234
287816,normal,1228,0,1782361978.6495192,0.002113819122314453
287817,normal,298,0,1782361978.6515074,0.0019881725311279297
287818,normal,1887,0,1782361978.6534245,0.001917123794555664
287819,normal,865,2,1782361978.6555727,0.002148151397705078
287820,normal,1092,0,1782361978.6575933,0.002020597457885742
287821,normal,3543,0,1782361978.6594338,0.0018405914306640625
287822,normal,1750,0,1782361978.6615229,0.0020890235900878906
287823,normal,3268,1,1782361978.6636136,0.0020906925201416016
287824,normal,2863,0,1782361978.6654766,0.0018630027770996094
287825,normal,2319,0,1782361978.6676548,0.002178192138671875
287826,normal,1062,0,1782361978.669557,0.0019023418426513672
287827,normal,2261,0,1782361978.671482,0.0019249916076660156
287828,normal,2204,0,1782361978.673501,0.0020189285278320312
287829,normal,1306,0,1782361978.6755054,0.002004384994506836
287830,normal,2034,0,1782361978.6774018,0.0018963813781738281
287831,normal,86,0,1782361978.6795595,0.0021576881408691406
287832,normal,3321,1,1782361978.681556,0.0019965171813964844
287833,normal,157,0,1782361978.683402,0.0018460750579833984
287834,normal,2214,0,1782361978.6855006,0.002098560333251953
287835,normal,431,0,1782361978.6875236,0.002022981643676758
287836,normal,2683,0,1782361978.6893172,0.0017936229705810547
287837,normal,979,2,1782361978.6920023,0.002685070037841797
287838,normal,2132,0,1782361978.6936378,0.0016355514526367188
287839,normal,1990,0,1782361978.695418,0.0017800331115722656
287840,normal,2322,0,1782361978.6975083,0.0020904541015625
287841,normal,2609,0,1782361978.699508,0.0019996166229248047
287842,normal,3432,0,1782361978.70141,0.0019021034240722656
287843,normal,2315,0,1782361978.703521,0.0021109580993652344
287844,normal,1669,0,1782361978.7056408,0.002119779586791992
287845,normal,1933,0,1782361978.7073324,0.001691579818725586
287846,normal,395,0,1782361978.7095053,0.0021729469299316406
287847,normal,2438,0,1782361978.7115128,0.0020074844360351562
287848,normal,2235,0,1782361978.7134187,0.0019059181213378906
287849,normal,2726,0,1782361978.7155364,0.002117633819580078
287850,normal,670,0,1782361978.7177303,0.002193927764892578
287851,normal,1321,1,1782361978.7195885,0.0018582344055175781
287852,normal,3199,1,1782361978.72149,0.001901388168334961
287853,normal,1518,0,1782361978.7235239,0.0020339488983154297
287854,normal,1821,0,1782361978.7255008,0.0019769668579101562
287855,normal,2135,0,1782361978.7275038,0.0020029544830322266
287856,normal,3023,0,1782361978.7294464,0.0019426345825195312
287857,normal,1793,0,1782361978.731626,0.0021796226501464844
287858,normal,2538,0,1782361978.7334623,0.0018362998962402344
287859,normal,1132,0,1782361978.7355208,0.0020585060119628906
287860,normal,981,2,1782361978.7374098,0.0018889904022216797
287861,normal,3206,1,1782361978.7396204,0.0022106170654296875
287862,normal,3554,0,1782361978.741608,0.001987457275390625
287863,normal,2578,0,1782361978.7434132,0.0018053054809570312
287864,normal,3692,0,1782361978.745495,0.0020818710327148438
287865,normal,1475,0,1782361978.7473843,0.0018892288208007812
287866,normal,843,2,1782361978.7494192,0.002034902572631836
287867,normal,2271,0,1782361978.7515059,0.002086639404296875
287868,normal,392,0,1782361978.753429,0.0019230842590332031
287869,normal,2522,0,1782361978.7553995,0.001970529556274414
287870,normal,1081,0,1782361978.7575257,0.0021262168884277344
287871,normal,3586,0,1782361978.7595515,0.0020258426666259766
287872,normal,2063,0,1782361978.7614868,0.0019352436065673828
287873,normal,703,0,1782361978.7635682,0.0020813941955566406
287874,normal,852,2,1782361978.7655275,0.0019593238830566406
287875,normal,3521,0,1782361978.7674427,0.0019152164459228516
287876,normal,1369,1,1782361978.7694604,0.0020177364349365234
287877,normal,1977,0,1782361978.7715733,0.002112865447998047
287878,normal,1725,0,1782361978.7733607,0.001787424087524414
287879,normal,1279,0,1782361978.7755015,0.0021407604217529297
287880,normal,3207,1,1782361978.7775154,0.0020139217376708984
287881,normal,783,2,1782361978.7793255,0.0018100738525390625
287882,normal,3365,1,1782361978.7815137,0.0021882057189941406
287883,normal,1502,0,1782361978.7835255,0.0020117759704589844
287884,normal,1914,0,1782361978.7854292,0.0019037723541259766
287885,normal,678,0,1782361978.787554,0.002124786376953125
287886,normal,570,0,1782361978.789584,0.002029895782470703
287887,normal,345,0,1782361978.7914157,0.0018317699432373047
287888,normal,2834,0,1782361978.7935164,0.002100706100463867
287889,normal,1389,0,1782361978.7955172,0.0020008087158203125
287890,normal,1883,0,1782361978.7974114,0.001894235610961914
287891,normal,282,0,1782361978.7994328,0.002021312713623047
287892,normal,738,0,1782361978.8015294,0.0020966529846191406
287893,normal,2058,0,1782361978.8034542,0.001924753189086914
287894,normal,2019,0,1782361978.805577,0.0021228790283203125
287895,normal,329,0,1782361978.8075073,0.00193023681640625
287896,normal,119,0,1782361978.8095639,0.002056598663330078
287897,normal,617,0,1782361978.8114376,0.0018737316131591797
287898,normal,1373,1,1782361978.813542,0.0021042823791503906
287899,normal,1594,0,1782361978.8154824,0.0019404888153076172
287900,normal,3369,1,1782361978.8175159,0.0020334720611572266
287901,normal,2285,0,1782361978.8195126,0.001996755599975586
287902,normal,1383,0,1782361978.8214085,0.001895904541015625
287903,normal,3140,1,1782361978.8235123,0.0021038055419921875
287904,normal,558,0,1782361978.8256924,0.0021800994873046875
287905,normal,1852,0,1782361978.827406,0.0017135143280029297
287906,normal,2474,0,1782361978.8295784,0.0021724700927734375
287907,normal,554,0,1782361978.8316386,0.0020601749420166016
287908,normal,1456,0,1782361978.8337376,0.0020990371704101562
287909,normal,2808,0,1782361978.8354783,0.0017406940460205078
287910,normal,1606,0,1782361978.837558,0.0020797252655029297
287911,normal,1538,0,1782361978.8394322,0.0018742084503173828
287912,normal,518,0,1782361978.8415582,0.002125978469848633
287913,normal,1791,0,1782361978.8434045,0.0018463134765625
287914,normal,2696,0,1782361978.8454094,0.002004861831665039
287915,normal,2719,0,1782361978.8475,0.0020906925201416016
287916,normal,1552,0,1782361978.849498,0.0019979476928710938
287917,normal,3214,1,1782361978.8515162,0.0020182132720947266
287918,normal,2092,0,1782361978.8534,0.0018837451934814453
287919,normal,3031,0,1782361978.8555,0.0020999908447265625
287920,normal,2499,0,1782361978.8574002,0.0019001960754394531
287921,normal,2476,0,1782361978.8595011,0.0021009445190429688
287922,normal,1638,0,1782361978.862113,0.002611875534057617
287923,normal,44,0,1782361978.8636057,0.0014927387237548828
287924,normal,2727,0,1782361978.8654606,0.0018548965454101562
287925,normal,3608,0,1782361978.8675156,0.002054929733276367
287926,normal,1001,2,1782361978.8694088,0.0018932819366455078
287927,normal,2062,0,1782361978.8715174,0.0021085739135742188
287928,normal,2765,0,1782361978.8735516,0.0020341873168945312
287929,normal,2593,0,1782361978.8755977,0.0020461082458496094
287930,normal,3106,1,1782361978.8773174,0.0017197132110595703
287931,normal,635,0,1782361978.8795037,0.002186298370361328
287932,normal,1339,1,1782361978.881412,0.0019083023071289062
287933,normal,1998,0,1782361978.883536,0.0021240711212158203
287934,normal,1426,0,1782361978.8855262,0.001990079879760742
287935,normal,3607,0,1782361978.8874993,0.0019731521606445312
287936,normal,2966,0,1782361978.8896499,0.0021505355834960938
287937,normal,3179,1,1782361978.8915095,0.0018596649169921875
287938,normal,1000,2,1782361978.893478,0.0019683837890625
287939,normal,1230,0,1782361978.8956199,0.0021419525146484375
287940,normal,97,0,1782361978.897428,0.00180816650390625
287941,normal,2265,0,1782361978.8994117,0.001983642578125
287942,normal,429,0,1782361978.9016826,0.002270936965942383
287943,normal,1504,0,1782361978.903526,0.0018434524536132812
287944,normal,2613,0,1782361978.9053695,0.0018434524536132812
287945,normal,2278,0,1782361978.9076507,0.00228118896484375
287946,normal,3001,0,1782361978.9098759,0.002225160598754883
287947,normal,2697,0,1782361978.911399,0.0015230178833007812
287948,normal,114,0,1782361978.9133983,0.001999378204345703
287949,normal,1589,0,1782361978.9155135,0.0021152496337890625
287950,normal,928,2,1782361978.9172914,0.0017778873443603516
287951,normal,401,0,1782361978.9193938,0.002102375030517578
287952,normal,932,2,1782361978.921456,0.0020623207092285156
287953,normal,3624,0,1782361978.923294,0.0018379688262939453
287954,normal,60,0,1782361978.925379,0.002084970474243164
287955,normal,1667,0,1782361978.9274237,0.002044677734375
287956,normal,3043,0,1782361978.9293437,0.0019199848175048828
287957,normal,1617,0,1782361978.9314525,0.0021088123321533203
287958,normal,3576,0,1782361978.9334533,0.0020008087158203125
287959,normal,3372,1,1782361978.9352756,0.0018222332000732422
287960,normal,2959,0,1782361978.9374042,0.00212860107421875
287961,normal,3028,0,1782361978.939449,0.0020449161529541016
287962,normal,2920,0,1782361978.9414504,0.0020012855529785156
287963,normal,1517,0,1782361978.9434633,0.002012968063354492
287964,normal,1877,0,1782361978.9453633,0.0018999576568603516
287965,normal,1954,0,1782361978.9473279,0.001964569091796875
287966,normal,1873,0,1782361978.9493163,0.0019884109497070312
287967,normal,1868,0,1782361978.951455,0.002138853073120117
287968,normal,565,0,1782361978.9533138,0.0018587112426757812
287969,normal,1634,0,1782361978.9554343,0.002120494842529297
287970,normal,275,0,1782361978.9574387,0.002004384994506836
287971,normal,3373,1,1782361978.9595466,0.002107858657836914
287972,normal,2137,0,1782361978.9614127,0.0018661022186279297
287973,normal,1563,0,1782361978.9634347,0.0020220279693603516
287974,normal,2125,0,1782361978.9654357,0.002001047134399414
287975,normal,1379,1,1782361978.967556,0.0021202564239501953
287976,normal,980,2,1782361978.9694505,0.0018944740295410156
287977,normal,1784,0,1782361978.971425,0.0019745826721191406
287978,normal,3688,0,1782361978.9735677,0.002142667770385742
287979,normal,2927,0,1782361978.9754946,0.0019268989562988281
287980,normal,2185,0,1782361978.977479,0.0019843578338623047
287981,normal,189,0,1782361978.979618,0.0021390914916992188
287982,normal,9,0,1782361978.981485,0.0018668174743652344
287983,normal,1756,0,1782361978.983436,0.0019512176513671875
287984,normal,285,0,1782361978.9855359,0.002099752426147461
287985,normal,2431,0,1782361978.9875696,0.002033710479736328
287986,normal,132,0,1782361978.9894218,0.001852273941040039
287987,normal,3675,0,1782361978.9915147,0.0020928382873535156
287988,normal,71,0,1782361978.9935157,0.002001047134399414
287989,normal,101,0,1782361978.9954119,0.0018961429595947266
287990,normal,3598,0,1782361978.997701,0.0022890567779541016
287991,normal,1097,0,1782361978.9995165,0.0018155574798583984
287992,normal,1655,0,1782361979.0016088,0.0020923614501953125
287993,normal,2194,0,1782361979.0035136,0.0019047260284423828
287994,normal,3072,1,1782361979.0055451,0.002031564712524414
287995,normal,713,0,1782361979.007647,0.002101898193359375
287996,normal,1822,0,1782361979.0094104,0.0017633438110351562
287997,normal,2065,0,1782361979.0113344,0.0019240379333496094
287998,normal,2630,0,1782361979.0133655,0.002031087875366211
287999,normal,866,2,1782361979.0154188,0.0020532608032226562
288000,normal,2335,0,1782361979.0173426,0.0019237995147705078
288001,normal,954,2,1782361979.0193014,0.0019588470458984375
288002,normal,2732,0,1782361979.0213025,0.002001047134399414
288003,normal,1481,0,1782361979.0233448,0.0020422935485839844
288004,normal,2520,0,1782361979.0253124,0.0019676685333251953
288005,normal,3550,0,1782361979.0275724,0.002259969711303711
288006,normal,591,0,1782361979.0295994,0.0020270347595214844
288007,normal,3707,0,1782361979.0316026,0.002003192901611328
288008,normal,827,2,1782361979.03343,0.0018274784088134766
288009,normal,3048,1,1782361979.0353508,0.0019207000732421875
288010,normal,3015,0,1782361979.0375044,0.002153635025024414
288011,normal,1252,0,1782361979.0400715,0.0025670528411865234
288012,normal,2049,0,1782361979.0415845,0.0015130043029785156
288013,normal,2403,0,1782361979.0433729,0.0017883777618408203
288014,normal,2345,0,1782361979.0454671,0.002094268798828125
288015,normal,1818,0,1782361979.047606,0.002138853073120117
288016,normal,2629,0,1782361979.0493288,0.0017228126525878906
288017,normal,1146,0,1782361979.0514631,0.0021343231201171875
288018,normal,1257,0,1782361979.0535433,0.002080202102661133
288019,normal,164,0,1782361979.0554006,0.0018572807312011719
288020,normal,334,0,1782361979.057483,0.002082347869873047
288021,normal,3162,1,1782361979.059366,0.0018830299377441406
288022,normal,3416,0,1782361979.0614252,0.0020592212677001953
288023,normal,1907,0,1782361979.06335,0.001924753189086914
288024,normal,184,0,1782361979.0654924,0.0021424293518066406
288025,normal,1521,0,1782361979.0678546,0.0023622512817382812
288026,normal,1770,0,1782361979.0695024,0.0016477108001708984
288027,normal,478,0,1782361979.071642,0.002139568328857422
288028,normal,2933,0,1782361979.0734136,0.001771688461303711
288029,normal,3522,0,1782361979.0755174,0.0021038055419921875
288030,normal,3333,1,1782361979.0775435,0.002026081085205078
288031,normal,294,0,1782361979.0794723,0.0019288063049316406
288032,normal,3042,0,1782361979.0814192,0.0019469261169433594
288033,normal,2703,0,1782361979.0837302,0.0023109912872314453
288034,normal,326,0,1782361979.085421,0.0016908645629882812
288035,normal,3352,1,1782361979.087522,0.0021009445190429688
288036,normal,1860,0,1782361979.0896492,0.0021271705627441406
288037,normal,2816,0,1782361979.0921423,0.002493143081665039
288038,normal,1452,0,1782361979.093507,0.0013647079467773438
288039,normal,2237,0,1782361979.095454,0.0019469261169433594
288040,normal,1120,0,1782361979.097476,0.0020220279693603516
288041,normal,1633,0,1782361979.0994995,0.002023458480834961
288042,normal,2542,0,1782361979.1016054,0.0021059513092041016
288043,normal,1217,0,1782361979.1035202,0.0019147396087646484
288044,normal,1438,0,1782361979.1063251,0.002804994583129883
288045,normal,929,2,1782361979.107604,0.0012788772583007812
288046,normal,443,0,1782361979.1097248,0.0021207332611083984
288047,normal,2563,0,1782361979.111549,0.0018241405487060547
288048,normal,170,0,1782361979.113616,0.002067089080810547
288049,normal,3694,0,1782361979.1155941,0.001978158950805664
288050,normal,3346,1,1782361979.1177278,0.002133607864379883
288051,normal,3518,0,1782361979.1198802,0.0021524429321289062
288052,normal,1985,0,1782361979.1212926,0.0014123916625976562
288053,normal,728,0,1782361979.1235852,0.002292633056640625
288054,normal,2150,0,1782361979.1254373,0.0018520355224609375
288055,normal,2747,0,1782361979.1275194,0.0020821094512939453
288056,normal,1828,0,1782361979.1295586,0.002039194107055664
288057,normal,959,2,1782361979.1313016,0.0017430782318115234
288058,normal,2784,0,1782361979.133298,0.001996278762817383
288059,normal,2721,0,1782361979.1354187,0.0021207332611083984
288060,normal,798,2,1782361979.1374953,0.0020766258239746094
288061,normal,2131,0,1782361979.1393514,0.001856088638305664
288062,normal,451,0,1782361979.1414878,0.0021364688873291016
288063,normal,773,2,1782361979.1433518,0.0018639564514160156
288064,normal,35,0,1782361979.1454525,0.002100706100463867
288065,normal,1351,1,1782361979.1474974,0.0020449161529541016
288066,normal,1067,0,1782361979.149504,0.00200653076171875
288067,normal,2965,0,1782361979.1513636,0.0018596649169921875
288068,normal,991,2,1782361979.1534708,0.0021071434020996094
288069,normal,145,0,1782361979.1553836,0.001912832260131836
288070,normal,3082,1,1782361979.157463,0.002079486846923828
288071,normal,1608,0,1782361979.1594732,0.0020101070404052734
288072,normal,2312,0,1782361979.1614668,0.0019936561584472656
288073,normal,966,2,1782361979.1633146,0.0018477439880371094
288074,normal,3314,1,1782361979.1654787,0.002164125442504883
288075,normal,14,0,1782361979.1674082,0.0019295215606689453
288076,normal,3517,0,1782361979.1695127,0.002104520797729492
288077,normal,791,2,1782361979.1713927,0.0018799304962158203
288078,normal,3434,0,1782361979.173544,0.0021512508392333984
288079,normal,1833,0,1782361979.1753764,0.0018324851989746094
288080,normal,2804,0,1782361979.1775236,0.002147197723388672
288081,normal,2705,0,1782361979.179494,0.0019702911376953125
288082,normal,1524,0,1782361979.1813838,0.001889944076538086
288083,normal,1376,1,1782361979.1835713,0.002187490463256836
288084,normal,1361,1,1782361979.1854117,0.001840353012084961
288085,normal,1208,0,1782361979.187584,0.002172231674194336
288086,normal,3335,1,1782361979.1895125,0.001928567886352539
288087,normal,3689,0,1782361979.1914563,0.001943826675415039
288088,normal,3638,0,1782361979.1933446,0.001888275146484375
288089,normal,3274,1,1782361979.1954925,0.0021479129791259766
288090,normal,3566,0,1782361979.1974635,0.001971006393432617
288091,normal,619,0,1782361979.199376,0.0019125938415527344
288092,normal,801,2,1782361979.2016056,0.002229452133178711
288093,normal,3190,1,1782361979.2034736,0.0018680095672607422
288094,normal,2773,0,1782361979.2053297,0.001856088638305664
288095,normal,2921,0,1782361979.2075334,0.002203702926635742
288096,normal,3564,0,1782361979.2095087,0.0019752979278564453
288097,normal,77,0,1782361979.2114613,0.0019526481628417969
288098,normal,380,0,1782361979.2133293,0.0018680095672607422
288099,normal,2776,0,1782361979.2160077,0.002678394317626953
288100,normal,2290,0,1782361979.2175796,0.0015718936920166016
288101,normal,1152,0,1782361979.2193747,0.001795053482055664
288102,normal,1284,0,1782361979.2215981,0.002223491668701172
288103,normal,3430,0,1782361979.2233322,0.001734018325805664
288104,normal,756,0,1782361979.2254543,0.002122163772583008
288105,normal,3682,0,1782361979.2273893,0.0019350051879882812
288106,normal,1675,0,1782361979.2294815,0.002092123031616211
288107,normal,447,0,1782361979.2315853,0.0021038055419921875
288108,normal,1371,1,1782361979.2337134,0.002128124237060547
288109,normal,2909,0,1782361979.235806,0.002092599868774414
288110,normal,2749,0,1782361979.237401,0.0015950202941894531
288111,normal,2736,0,1782361979.2394538,0.002052783966064453
288112,normal,2412,0,1782361979.2413166,0.0018627643585205078
288113,normal,13,0,1782361979.243472,0.0021555423736572266
288114,normal,1940,0,1782361979.245399,0.0019268989562988281
288115,normal,1271,0,1782361979.247453,0.002053976058959961
288116,normal,2399,0,1782361979.249435,0.001981973648071289
288117,normal,793,2,1782361979.2514932,0.002058267593383789
288118,normal,1314,0,1782361979.253649,0.002155780792236328
288119,normal,2247,0,1782361979.2561896,0.00254058837890625
288120,normal,1710,0,1782361979.2579346,0.001744985580444336
288121,normal,475,0,1782361979.2593277,0.0013930797576904297
288122,normal,2793,0,1782361979.2617383,0.0024106502532958984
288123,normal,640,0,1782361979.2634869,0.0017485618591308594
288124,normal,3628,0,1782361979.2653856,0.0018987655639648438
288125,normal,2521,0,1782361979.2674434,0.002057790756225586
288126,normal,2166,0,1782361979.2701447,0.002701282501220703
288127,normal,545,0,1782361979.2715378,0.0013930797576904297
288128,normal,2698,0,1782361979.273516,0.001978158950805664
288129,normal,222,0,1782361979.2754698,0.0019538402557373047
288130,normal,2274,0,1782361979.2774925,0.0020227432250976562
288131,normal,2894,0,1782361979.279386,0.0018935203552246094
288132,normal,2958,0,1782361979.281561,0.002174854278564453
288133,normal,3172,1,1782361979.283332,0.0017712116241455078
288134,normal,788,2,1782361979.2857082,0.002376079559326172
288135,normal,143,0,1782361979.2875357,0.0018274784088134766
288136,normal,1718,0,1782361979.289406,0.0018703937530517578
288137,normal,2850,0,1782361979.2914884,0.002082347869873047
288138,normal,2633,0,1782361979.2937548,0.002266407012939453
288139,normal,2080,0,1782361979.2958367,0.0020818710327148438
288140,normal,3704,0,1782361979.2974102,0.0015735626220703125
288141,normal,2500,0,1782361979.299471,0.0020606517791748047
288142,normal,3006,0,1782361979.3013914,0.001920461654663086
288143,normal,2379,0,1782361979.3036397,0.0022482872009277344
288144,normal,2809,0,1782361979.3055916,0.0019519329071044922
288145,normal,2280,0,1782361979.3075514,0.0019598007202148438
288146,normal,536,0,1782361979.3094015,0.001850128173828125
288147,normal,3558,0,1782361979.3115542,0.002152681350708008
288148,normal,2389,0,1782361979.3133395,0.0017852783203125
288149,normal,3305,1,1782361979.315496,0.002156496047973633
288150,normal,986,2,1782361979.3174546,0.001958608627319336
288151,normal,1603,0,1782361979.3195205,0.002065896987915039
288152,normal,96,0,1782361979.3213995,0.001878976821899414
288153,normal,642,0,1782361979.323487,0.0020875930786132812
288154,normal,199,0,1782361979.3253546,0.001867532730102539
288155,normal,1938,0,1782361979.3276143,0.0022597312927246094
288156,normal,1268,0,1782361979.3294938,0.0018794536590576172
288157,normal,2978,0,1782361979.3313777,0.0018839836120605469
288158,normal,2951,0,1782361979.3334835,0.002105712890625
288159,normal,2075,0,1782361979.335349,0.0018656253814697266
288160,normal,2813,0,1782361979.3374276,0.002078533172607422
288161,normal,3218,1,1782361979.3394666,0.0020389556884765625
288162,normal,2860,0,1782361979.341372,0.0019054412841796875
288163,normal,39,0,1782361979.3436053,0.002233266830444336
288164,normal,1229,0,1782361979.345483,0.0018777847290039062
288165,normal,2729,0,1782361979.3475626,0.002079486846923828
288166,normal,2527,0,1782361979.3495739,0.0020112991333007812
288167,normal,2340,0,1782361979.3514938,0.0019199848175048828
288168,normal,2006,0,1782361979.3534954,0.002001523971557617
288169,normal,2015,0,1782361979.3553956,0.0019001960754394531
288170,normal,1052,0,1782361979.357468,0.0020723342895507812
288171,normal,1482,0,1782361979.3593597,0.0018918514251708984
288172,normal,1806,0,1782361979.3614323,0.002072572708129883
288173,normal,2391,0,1782361979.363331,0.0018987655639648438
288174,normal,3603,0,1782361979.365439,0.002107858657836914
288175,normal,1093,0,1782361979.367433,0.0019941329956054688
288176,normal,2672,0,1782361979.3695672,0.002134084701538086
288177,normal,2452,0,1782361979.3717263,0.00215911865234375
288178,normal,811,2,1782361979.373378,0.001651763916015625
288179,normal,2955,0,1782361979.3755121,0.002134084701538086
288180,normal,781,2,1782361979.3775036,0.0019915103912353516
288181,normal,2343,0,1782361979.379444,0.0019402503967285156
288182,normal,33,0,1782361979.3815017,0.002057790756225586
288183,normal,2197,0,1782361979.3834019,0.0019001960754394531
288184,normal,3011,0,1782361979.3853905,0.001988649368286133
288185,normal,2622,0,1782361979.3876328,0.0022423267364501953
288186,normal,790,2,1782361979.3893843,0.0017514228820800781
288187,normal,3298,1,1782361979.3913481,0.0019638538360595703
288188,normal,1875,0,1782361979.3934865,0.002138376235961914
288189,normal,3565,0,1782361979.395387,0.0019004344940185547
288190,normal,593,0,1782361979.3977537,0.002366781234741211
288191,normal,98,0,1782361979.3997858,0.002032041549682617
288192,normal,359,0,1782361979.4017491,0.001963376998901367
288193,normal,3547,0,1782361979.4034665,0.0017173290252685547
288194,normal,2384,0,1782361979.4055557,0.002089262008666992
288195,normal,1416,0,1782361979.407722,0.002166271209716797
288196,normal,1698,0,1782361979.4095619,0.0018398761749267578
288197,normal,441,0,1782361979.411812,0.002250194549560547
288198,normal,3406,0,1782361979.4142034,0.002391338348388672
288199,normal,1486,0,1782361979.4156532,0.0014498233795166016
288200,normal,606,0,1782361979.4173775,0.0017242431640625
288201,normal,914,2,1782361979.419595,0.002217531204223633
288202,normal,596,0,1782361979.4214764,0.0018813610076904297
288203,normal,1886,0,1782361979.4236035,0.0021271705627441406
288204,normal,2380,0,1782361979.4254978,0.001894235610961914
288205,normal,1531,0,1782361979.4274995,0.0020017623901367188
288206,normal,2411,0,1782361979.4294503,0.0019507408142089844
288207,normal,2585,0,1782361979.4317675,0.002317190170288086
288208,normal,651,0,1782361979.4334157,0.0016481876373291016
288209,normal,2076,0,1782361979.436134,0.0027184486389160156
288210,normal,2778,0,1782361979.4377415,0.0016074180603027344
288211,normal,240,0,1782361979.4394941,0.001752614974975586
288212,normal,1345,1,1782361979.4414454,0.0019512176513671875
288213,normal,2715,0,1782361979.4434197,0.001974344253540039
288214,normal,3629,0,1782361979.4455838,0.002164125442504883
288215,normal,3393,1,1782361979.4476326,0.0020487308502197266
288216,normal,481,0,1782361979.4497945,0.0021619796752929688
288217,normal,1719,0,1782361979.45195,0.0021555423736572266
288218,normal,277,0,1782361979.4535356,0.0015854835510253906
288219,normal,2284,0,1782361979.4557645,0.002228975296020508
288220,normal,125,0,1782361979.4574559,0.0016913414001464844
288221,normal,1927,0,1782361979.4595132,0.002057313919067383
288222,normal,2088,0,1782361979.4617863,0.002273082733154297
288223,normal,2710,0,1782361979.4637625,0.0019762516021728516
288224,normal,2363,0,1782361979.4655526,0.0017900466918945312
288225,normal,61,0,1782361979.4679277,0.0023751258850097656
288226,normal,1325,1,1782361979.4694521,0.0015244483947753906
288227,normal,2798,0,1782361979.471736,0.002283811569213867
288228,normal,2144,0,1782361979.4738145,0.002078533172607422
288229,normal,220,0,1782361979.4754918,0.0016772747039794922
288230,normal,893,2,1782361979.4775884,0.0020966529846191406
288231,normal,3671,0,1782361979.4796429,0.002054452896118164
288232,normal,1436,0,1782361979.4814556,0.0018126964569091797
288233,normal,1420,0,1782361979.483929,0.0024733543395996094
288234,normal,370,0,1782361979.4855974,0.0016684532165527344
288235,normal,1264,0,1782361979.4874206,0.0018231868743896484
288236,normal,3008,0,1782361979.48965,0.002229452133178711
288237,normal,692,0,1782361979.491451,0.0018010139465332031
288238,normal,3541,0,1782361979.493559,0.002107858657836914
288239,normal,3128,1,1782361979.4953732,0.0018143653869628906
288240,normal,2099,0,1782361979.497547,0.0021736621856689453
288241,normal,1051,0,1782361979.4993758,0.001828908920288086
288242,normal,2113,0,1782361979.5015233,0.0021474361419677734
288243,normal,3183,1,1782361979.5034459,0.001922607421875
288244,normal,2869,0,1782361979.505418,0.001972198486328125
288245,normal,2514,0,1782361979.5073922,0.0019741058349609375
288246,normal,1095,0,1782361979.5096915,0.0022993087768554688
288247,normal,1453,0,1782361979.5114102,0.001718759536743164
288248,normal,241,0,1782361979.5135603,0.0021500587463378906
288249,normal,2101,0,1782361979.5154712,0.0019109249114990234
288250,normal,2219,0,1782361979.5174677,0.0019965171813964844
288251,normal,1960,0,1782361979.5194232,0.0019555091857910156
288252,normal,2649,0,1782361979.5214708,0.0020475387573242188
288253,normal,585,0,1782361979.5233853,0.0019145011901855469
288254,normal,1349,1,1782361979.5255423,0.002156972885131836
288255,normal,2329,0,1782361979.527503,0.00196075439453125
288256,normal,3035,0,1782361979.529419,0.0019159317016601562
288257,normal,296,0,1782361979.5314658,0.002046823501586914
288258,normal,2134,0,1782361979.5334,0.0019342899322509766
288259,normal,2637,0,1782361979.5354347,0.0020346641540527344
288260,normal,2753,0,1782361979.5375714,0.002136707305908203
288261,normal,1520,0,1782361979.5394182,0.0018467903137207031
288262,normal,3590,0,1782361979.5414402,0.0020220279693603516
288263,normal,499,0,1782361979.5434008,0.0019605159759521484
288264,normal,2734,0,1782361979.5455258,0.0021250247955322266
288265,normal,2100,0,1782361979.54739,0.0018641948699951172
288266,normal,3115,1,1782361979.549742,0.002351999282836914
288267,normal,3643,0,1782361979.5514877,0.0017457008361816406
288268,normal,2929,0,1782361979.5533519,0.0018641948699951172
288269,normal,2387,0,1782361979.555475,0.002123117446899414
288270,normal,2140,0,1782361979.5573788,0.0019037723541259766
288271,normal,1817,0,1782361979.5594418,0.0020630359649658203
288272,normal,1824,0,1782361979.5613387,0.0018968582153320312
288273,normal,3003,0,1782361979.5634782,0.002139568328857422
288274,normal,514,0,1782361979.5653455,0.0018672943115234375
288275,normal,3255,1,1782361979.567534,0.002188444137573242
288276,normal,879,2,1782361979.5695593,0.0020253658294677734
288277,normal,3050,1,1782361979.571439,0.0018796920776367188
288278,normal,1409,0,1782361979.573507,0.002068042755126953
288279,normal,2549,0,1782361979.5754666,0.001959562301635742
288280,normal,1980,0,1782361979.5776222,0.0021555423736572266
288281,normal,3051,1,1782361979.579437,0.0018148422241210938
288282,normal,711,0,1782361979.5816178,0.002180814743041992
288283,normal,3660,0,1782361979.5833614,0.0017435550689697266
288284,normal,2891,0,1782361979.585569,0.002207517623901367
288285,normal,3100,1,1782361979.5875077,0.0019388198852539062
288286,normal,1564,0,1782361979.5894105,0.0019028186798095703
288287,normal,2086,0,1782361979.5919256,0.002515077590942383
288288,normal,1848,0,1782361979.593475,0.0015494823455810547
288289,normal,671,0,1782361979.5955338,0.002058744430541992
288290,normal,3116,1,1782361979.5974972,0.001963376998901367
288291,normal,2906,0,1782361979.6000464,0.0025491714477539062
288292,normal,2338,0,1782361979.6018693,0.0018229484558105469
288293,normal,1145,0,1782361979.603466,0.001596689224243164
288294,normal,344,0,1782361979.6056619,0.0021958351135253906
288295,normal,1241,0,1782361979.6074939,0.0018320083618164062
288296,normal,898,2,1782361979.6097443,0.0022504329681396484
288297,normal,2893,0,1782361979.6115983,0.00185394287109375
288298,normal,421,0,1782361979.6140077,0.0024094581604003906
288299,normal,195,0,1782361979.615602,0.0015943050384521484
288300,normal,526,0,1782361979.617937,0.002335071563720703
288301,normal,2163,0,1782361979.6194365,0.0014994144439697266
288302,normal,49,0,1782361979.621744,0.002307415008544922
288303,normal,3442,0,1782361979.6234045,0.0016605854034423828
288304,normal,2884,0,1782361979.625471,0.0020666122436523438
288305,normal,1657,0,1782361979.6274729,0.0020017623901367188
288306,normal,407,0,1782361979.629547,0.0020742416381835938
288307,normal,2257,0,1782361979.631586,0.0020389556884765625
288308,normal,102,0,1782361979.6339262,0.002340078353881836
288309,normal,1584,0,1782361979.636033,0.002106904983520508
288310,normal,1988,0,1782361979.6375988,0.001565694808959961
288311,normal,1764,0,1782361979.6394737,0.0018749237060546875
288312,normal,3165,1,1782361979.6415305,0.0020568370819091797
288313,normal,1446,0,1782361979.6435037,0.0019731521606445312
288314,normal,3426,0,1782361979.645499,0.0019953250885009766
288315,normal,3606,0,1782361979.6477764,0.002277374267578125
288316,normal,529,0,1782361979.6496396,0.001863241195678711
288317,normal,2998,0,1782361979.6519468,0.0023071765899658203
288318,normal,2985,0,1782361979.6534734,0.0015265941619873047
288319,normal,2348,0,1782361979.6555505,0.0020771026611328125
288320,normal,3440,0,1782361979.6575253,0.001974821090698242
288321,normal,423,0,1782361979.6596057,0.0020804405212402344
288322,normal,2010,0,1782361979.6615396,0.0019338130950927734
288323,normal,340,0,1782361979.663377,0.0018374919891357422
288324,normal,1503,0,1782361979.6666276,0.003250598907470703
288325,normal,1285,0,1782361979.6677077,0.0010800361633300781
288326,normal,797,2,1782361979.6695154,0.0018076896667480469
288327,normal,845,2,1782361979.6714885,0.0019731521606445312
288328,normal,1316,0,1782361979.6735575,0.0020689964294433594
288329,normal,151,0,1782361979.67548,0.0019223690032958984
288330,normal,1991,0,1782361979.6776364,0.002156496047973633
288331,normal,1823,0,1782361979.679341,0.0017046928405761719
288332,normal,612,0,1782361979.681428,0.0020868778228759766
288333,normal,3239,1,1782361979.6838052,0.0023772716522216797
288334,normal,3477,0,1782361979.6853955,0.0015902519226074219
288335,normal,2797,0,1782361979.6877007,0.002305269241333008
288336,normal,2114,0,1782361979.6897986,0.0020978450775146484
288337,normal,3367,1,1782361979.6917257,0.0019271373748779297
288338,normal,3243,1,1782361979.6935475,0.001821756362915039
288339,normal,3571,0,1782361979.6954646,0.001917123794555664
288340,normal,1455,0,1782361979.6973665,0.001901865005493164
288341,normal,463,0,1782361979.6995459,0.002179384231567383
288342,normal,903,2,1782361979.7017682,0.002222299575805664
288343,normal,549,0,1782361979.703487,0.001718759536743164
288344,normal,3385,1,1782361979.7057054,0.002218484878540039
288345,normal,2118,0,1782361979.708346,0.0026404857635498047
288346,normal,2376,0,1782361979.7093573,0.0010113716125488281
288347,normal,2022,0,1782361979.711596,0.002238750457763672
288348,normal,3032,0,1782361979.713575,0.0019788742065429688
288349,normal,2104,0,1782361979.7156477,0.0020728111267089844
288350,normal,1304,0,1782361979.7175677,0.0019199848175048828
288351,normal,2815,0,1782361979.7197533,0.0021855831146240234
288352,normal,1692,0,1782361979.7214365,0.0016832351684570312
288353,normal,587,0,1782361979.7236433,0.0022068023681640625
288354,normal,229,0,1782361979.7255085,0.0018651485443115234
288355,normal,1399,0,1782361979.7276177,0.0021092891693115234
288356,normal,2013,0,1782361979.7295547,0.0019369125366210938
288357,normal,2147,0,1782361979.731794,0.0022394657135009766
288358,normal,2883,0,1782361979.7336383,0.001844167709350586
288359,normal,3435,0,1782361979.735373,0.0017347335815429688
288360,normal,3563,0,1782361979.7376149,0.002241849899291992
288361,normal,575,0,1782361979.7393866,0.001771688461303711
288362,normal,2922,0,1782361979.741634,0.002247333526611328
288363,normal,3167,1,1782361979.7434578,0.0018239021301269531
288364,normal,1595,0,1782361979.7455122,0.002054452896118164
288365,normal,562,0,1782361979.7475183,0.002006053924560547
288366,normal,2800,0,1782361979.7495716,0.0020532608032226562
288367,normal,1800,0,1782361979.7515247,0.001953125
288368,normal,3052,1,1782361979.75368,0.002155303955078125
288369,normal,1654,0,1782361979.7556388,0.0019588470458984375
288370,normal,3191,1,1782361979.7575343,0.0018954277038574219
288371,normal,1687,0,1782361979.7593968,0.0018625259399414062
288372,normal,1055,0,1782361979.7616355,0.002238750457763672
288373,normal,3663,0,1782361979.7634022,0.0017666816711425781
288374,normal,3506,0,1782361979.7657013,0.002299070358276367
288375,normal,187,0,1782361979.7675436,0.0018422603607177734
288376,normal,3507,0,1782361979.769546,0.0020024776458740234
288377,normal,89,0,1782361979.7714186,0.0018725395202636719
288378,normal,1546,0,1782361979.773712,0.0022933483123779297
288379,normal,3544,0,1782361979.77585,0.0021381378173828125
288380,normal,1115,0,1782361979.7776039,0.0017538070678710938
288381,normal,2635,0,1782361979.7796488,0.0020449161529541016
288382,normal,544,0,1782361979.7816958,0.0020470619201660156
288383,normal,553,0,1782361979.7837021,0.0020062923431396484
288384,normal,2983,0,1782361979.7859297,0.0022275447845458984
288385,normal,3415,0,1782361979.7874718,0.0015420913696289062
288386,normal,1184,0,1782361979.7895339,0.002062082290649414
288387,normal,1526,0,1782361979.79174,0.002206087112426758
288388,normal,1030,0,1782361979.7935557,0.0018157958984375
288389,normal,1443,0,1782361979.7956898,0.002134084701538086
288390,normal,1007,2,1782361979.797617,0.0019271373748779297
288391,normal,450,0,1782361979.7994392,0.0018222332000732422
288392,normal,1259,0,1782361979.8016856,0.002246379852294922
288393,normal,2139,0,1782361979.803695,0.0020093917846679688
288394,normal,891,2,1782361979.805783,0.0020880699157714844
288395,normal,2974,0,1782361979.8074172,0.0016341209411621094
288396,normal,524,0,1782361979.8096604,0.0022432804107666016
288397,normal,3400,1,1782361979.8115308,0.0018703937530517578
288398,normal,1597,0,1782361979.8136818,0.002151012420654297
288399,normal,1413,0,1782361979.8154883,0.001806497573852539
288400,normal,754,0,1782361979.8177352,0.002246856689453125
288401,normal,3238,1,1782361979.8200233,0.0022881031036376953
288402,normal,264,0,1782361979.8216474,0.0016241073608398438
288403,normal,556,0,1782361979.823425,0.00177764892578125
288404,normal,1979,0,1782361979.8256338,0.002208709716796875
288405,normal,376,0,1782361979.827496,0.0018622875213623047
288406,normal,3476,0,1782361979.8294718,0.0019757747650146484
288407,normal,261,0,1782361979.8315969,0.0021250247955322266
288408,normal,716,0,1782361979.8337038,0.002106904983520508
288409,normal,2251,0,1782361979.8354676,0.0017638206481933594
288410,normal,933,2,1782361979.838264,0.0027964115142822266
288411,normal,2720,0,1782361979.8397837,0.0015196800231933594
288412,normal,2917,0,1782361979.8414612,0.0016775131225585938
288413,normal,3651,0,1782361979.8435314,0.002070188522338867
288414,normal,1083,0,1782361979.8455048,0.001973390579223633
288415,normal,3561,0,1782361979.8475003,0.001995563507080078
288416,normal,1398,0,1782361979.849632,0.0021317005157470703
288417,normal,2258,0,1782361979.8515642,0.0019321441650390625
288418,normal,1265,0,1782361979.853961,0.002396821975708008
288419,normal,3053,1,1782361979.8553793,0.0014183521270751953
288420,normal,3338,1,1782361979.8579805,0.002601146697998047
288421,normal,873,2,1782361979.860322,0.0023415088653564453
288422,normal,3012,0,1782361979.8614454,0.0011234283447265625
288423,normal,1766,0,1782361979.863602,0.002156496047973633
288424,normal,155,0,1782361979.8653655,0.0017635822296142578
288425,normal,104,0,1782361979.8681846,0.002819061279296875
288426,normal,1971,0,1782361979.8699923,0.0018076896667480469
288427,normal,3491,0,1782361979.8714788,0.0014865398406982422
288428,normal,3386,1,1782361979.8738484,0.0023696422576904297
288429,normal,295,0,1782361979.875556,0.0017075538635253906
288430,normal,3658,0,1782361979.8776503,0.002094268798828125
288431,normal,179,0,1782361979.8796413,0.0019910335540771484
288432,normal,2180,0,1782361979.8815072,0.0018658638000488281
288433,normal,1358,1,1782361979.8840683,0.0025610923767089844
288434,normal,857,2,1782361979.8862555,0.0021872520446777344
288435,normal,1790,0,1782361979.8876274,0.0013718605041503906
288436,normal,404,0,1782361979.8897266,0.002099275588989258
288437,normal,765,0,1782361979.8914325,0.0017058849334716797
288438,normal,2477,0,1782361979.893861,0.0024285316467285156
288439,normal,3488,0,1782361979.8958786,0.002017498016357422
288440,normal,134,0,1782361979.8976297,0.0017511844635009766
288441,normal,1767,0,1782361979.8996272,0.0019974708557128906
288442,normal,2620,0,1782361979.9019895,0.0023622512817382812
288443,normal,3503,0,1782361979.9034414,0.0014519691467285156
288444,normal,1948,0,1782361979.9054947,0.0020532608032226562
288445,normal,2320,0,1782361979.9075303,0.0020356178283691406
288446,normal,385,0,1782361979.9094534,0.0019230842590332031
288447,normal,1337,1,1782361979.9117117,0.00225830078125
288448,normal,3277,1,1782361979.9134212,0.0017094612121582031
288449,normal,639,0,1782361979.9156454,0.0022242069244384766
288450,normal,604,0,1782361979.9177315,0.002086162567138672
288451,normal,2172,0,1782361979.9195051,0.0017735958099365234
288452,normal,977,2,1782361979.921581,0.0020759105682373047
288453,normal,459,0,1782361979.9236035,0.0020225048065185547
288454,normal,2728,0,1782361979.9255452,0.001941680908203125
288455,normal,160,0,1782361979.9273665,0.001821279525756836
288456,normal,1444,0,1782361979.9298906,0.002524137496948242
288457,normal,2,0,1782361979.931549,0.0016584396362304688
288458,normal,2935,0,1782361979.9337132,0.002164125442504883
288459,normal,3664,0,1782361979.9357157,0.0020024776458740234
288460,normal,1403,0,1782361979.9374485,0.0017328262329101562
288461,normal,3343,1,1782361979.9394999,0.0020513534545898438
288462,normal,3416,0,1782362016.5549242,0.0
288463,normal,557,0,1782362016.5568774,0.001953125
288464,normal,1386,0,1782362016.5589807,0.0021033287048339844
288465,normal,1556,0,1782362016.5610535,0.0020728111267089844
288466,normal,2065,0,1782362016.5628726,0.0018191337585449219
288467,normal,3141,1,1782362016.5651863,0.0023136138916015625
288468,normal,406,0,1782362016.56697,0.0017838478088378906
288469,normal,1999,0,1782362016.569037,0.0020668506622314453
288470,normal,1618,0,1782362016.5709407,0.0019037723541259766
288471,normal,3458,0,1782362016.5730844,0.0021436214447021484
288472,normal,211,0,1782362016.5749295,0.0018451213836669922
288473,normal,3418,0,1782362016.5772092,0.0022797584533691406
288474,normal,2964,0,1782362016.5791247,0.0019154548645019531
288475,normal,2170,0,1782362016.580999,0.0018742084503173828
288476,normal,3707,0,1782362016.5831778,0.0021789073944091797
288477,normal,1279,0,1782362016.5849884,0.0018105506896972656
288478,normal,430,0,1782362016.5871828,0.0021944046020507812
288479,normal,414,0,1782362016.5890007,0.001817941665649414
288480,normal,1585,0,1782362016.5911474,0.0021467208862304688
288481,normal,1699,0,1782362016.5929701,0.0018227100372314453
288482,normal,646,0,1782362016.5950067,0.002036571502685547
288483,normal,3361,1,1782362016.5971353,0.00212860107421875
288484,normal,360,0,1782362016.5989351,0.0017998218536376953
288485,normal,863,2,1782362016.6010194,0.0020842552185058594
288486,normal,468,0,1782362016.6029873,0.001967906951904297
288487,normal,2369,0,1782362016.6049857,0.001998424530029297
288488,normal,348,0,1782362016.606934,0.0019483566284179688
288489,normal,556,0,1782362016.608993,0.0020589828491210938
288490,normal,2997,0,1782362016.6109848,0.001991748809814453
288491,normal,793,2,1782362016.612941,0.0019562244415283203
288492,normal,2233,0,1782362016.6149888,0.0020477771759033203
288493,normal,3669,0,1782362016.617021,0.0020322799682617188
288494,normal,1709,0,1782362016.618975,0.0019538402557373047
288495,normal,218,0,1782362016.6209955,0.002020597457885742
288496,normal,3690,0,1782362016.6229844,0.0019888877868652344
288497,normal,3226,1,1782362016.6249707,0.001986265182495117
288498,normal,819,2,1782362016.627,0.0020294189453125
288499,normal,2036,0,1782362016.6289854,0.001985311508178711
288500,normal,3497,0,1782362016.630927,0.001941680908203125
288501,normal,2944,0,1782362016.6329951,0.002068042755126953
288502,normal,3547,0,1782362016.6349852,0.001990079879760742
288503,normal,2544,0,1782362016.6369283,0.0019431114196777344
288504,normal,1919,0,1782362016.6389933,0.002064943313598633
288505,normal,3043,0,1782362016.6409843,0.0019910335540771484
288506,normal,3159,1,1782362016.6429286,0.0019443035125732422
288507,normal,3292,1,1782362016.644999,0.0020704269409179688
288508,normal,3650,0,1782362016.6469834,0.0019843578338623047
288509,normal,98,0,1782362016.6489754,0.0019919872283935547
288510,normal,637,0,1782362016.6509871,0.0020117759704589844
288511,normal,2471,0,1782362016.652931,0.001943826675415039
288512,normal,751,0,1782362016.6549876,0.002056598663330078
288513,normal,2000,0,1782362016.656997,0.0020093917846679688
288514,normal,2676,0,1782362016.6589901,0.0019931793212890625
288515,normal,2148,0,1782362016.660931,0.0019409656524658203
288516,normal,3513,0,1782362016.662993,0.0020618438720703125
288517,normal,1169,0,1782362016.6649873,0.0019943714141845703
288518,normal,3526,0,1782362016.666933,0.0019457340240478516
288519,normal,3307,1,1782362016.6689835,0.0020503997802734375
288520,normal,3368,1,1782362016.6709847,0.0020012855529785156
288521,normal,3542,0,1782362016.6729233,0.0019385814666748047
288522,normal,1499,0,1782362016.6750221,0.0020987987518310547
288523,normal,1884,0,1782362016.676927,0.0019049644470214844
288524,normal,3052,1,1782362016.6789548,0.002027750015258789
288525,normal,2934,0,1782362016.6809976,0.0020427703857421875
288526,normal,828,2,1782362016.682929,0.0019314289093017578
288527,normal,659,0,1782362016.6849172,0.0019881725311279297
288528,normal,1899,0,1782362016.6869793,0.002062082290649414
288529,normal,578,0,1782362016.6889544,0.0019750595092773438
288530,normal,1613,0,1782362016.690918,0.0019636154174804688
288531,normal,2041,0,1782362016.6930087,0.0020906925201416016
288532,normal,1837,0,1782362016.6950655,0.0020568370819091797
288533,normal,1765,0,1782362016.6969852,0.0019197463989257812
288534,normal,2791,0,1782362016.699055,0.002069711685180664
288535,normal,832,2,1782362016.7010736,0.0020186901092529297
288536,normal,2051,0,1782362016.7030277,0.0019540786743164062
288537,normal,281,0,1782362016.705143,0.0021152496337890625
288538,normal,2421,0,1782362016.70704,0.0018970966339111328
288539,normal,1890,0,1782362016.7089808,0.0019407272338867188
288540,normal,340,0,1782362016.711141,0.002160310745239258
288541,normal,743,0,1782362016.7129955,0.0018544197082519531
288542,normal,3101,1,1782362016.7151241,0.00212860107421875
288543,normal,707,0,1782362016.7169814,0.0018572807312011719
288544,normal,523,0,1782362016.7191577,0.0021762847900390625
288545,normal,1910,0,1782362016.720979,0.001821279525756836
288546,normal,2605,0,1782362016.7231476,0.0021686553955078125
288547,normal,1299,0,1782362016.724991,0.0018434524536132812
288548,normal,386,0,1782362016.7270482,0.0020570755004882812
288549,normal,3221,1,1782362016.7289813,0.0019330978393554688
288550,normal,3611,0,1782362016.731154,0.002172708511352539
288551,normal,3298,1,1782362016.732982,0.0018279552459716797
288552,normal,2262,0,1782362016.7351692,0.0021872520446777344
288553,normal,1380,1,1782362016.7369776,0.0018084049224853516
288554,normal,131,0,1782362016.7391038,0.0021262168884277344
288555,normal,3215,1,1782362016.7409987,0.0018949508666992188
288556,normal,3174,1,1782362016.7430718,0.002073049545288086
288557,normal,3539,0,1782362016.744958,0.001886129379272461
288558,normal,3092,1,1782362016.7469943,0.0020363330841064453
288559,normal,3477,0,1782362016.7490113,0.0020170211791992188
288560,normal,1676,0,1782362016.7508833,0.0018720626831054688
288561,normal,1094,0,1782362016.7529106,0.002027273178100586
288562,normal,2725,0,1782362016.754927,0.002016305923461914
288563,normal,1445,0,1782362016.7569036,0.0019767284393310547
288564,normal,2969,0,1782362016.758921,0.0020172595977783203
288565,normal,1694,0,1782362016.7609177,0.001996755599975586
288566,normal,1222,0,1782362016.763083,0.0021653175354003906
288567,normal,1968,0,1782362016.764917,0.0018339157104492188
288568,normal,1913,0,1782362016.7669792,0.0020623207092285156
288569,normal,2751,0,1782362016.7689157,0.0019364356994628906
288570,normal,3389,1,1782362016.7709827,0.002067089080810547
288571,normal,356,0,1782362016.7729142,0.0019314289093017578
288572,normal,1052,0,1782362016.774927,0.0020127296447753906
288573,normal,1146,0,1782362016.7770233,0.002096414566040039
288574,normal,2162,0,1782362016.7789497,0.001926422119140625
288575,normal,831,2,1782362016.7808986,0.0019488334655761719
288576,normal,1901,0,1782362016.7831368,0.0022382736206054688
288577,normal,65,0,1782362016.7849908,0.00185394287109375
288578,normal,3170,1,1782362016.78703,0.002039194107055664
288579,normal,3187,1,1782362016.7891352,0.002105236053466797
288580,normal,2672,0,1782362016.790976,0.001840829849243164
288581,normal,1358,1,1782362016.7932153,0.002239227294921875
288582,normal,461,0,1782362016.794997,0.0017817020416259766
288583,normal,635,0,1782362016.7971187,0.0021216869354248047
288584,normal,2266,0,1782362016.7989986,0.0018799304962158203
288585,normal,2364,0,1782362016.8010223,0.0020236968994140625
288586,normal,3035,0,1782362016.8031175,0.0020952224731445312
288587,normal,1269,0,1782362016.8049545,0.001837015151977539
288588,normal,3064,1,1782362016.8070383,0.0020837783813476562
288589,normal,142,0,1782362016.8091226,0.0020842552185058594
288590,normal,2076,0,1782362016.811123,0.0020003318786621094
288591,normal,1242,0,1782362016.8130708,0.0019478797912597656
288592,normal,2407,0,1782362016.8150597,0.0019888877868652344
288593,normal,307,0,1782362016.817031,0.0019712448120117188
288594,normal,638,0,1782362016.819381,0.0023500919342041016
288595,normal,3388,1,1782362016.8210082,0.001627206802368164
288596,normal,452,0,1782362016.82322,0.0022118091583251953
288597,normal,1191,0,1782362016.8250167,0.001796722412109375
288598,normal,843,2,1782362016.8271823,0.002165555953979492
288599,normal,1054,0,1782362016.8290286,0.0018463134765625
288600,normal,1523,0,1782362016.831185,0.002156496047973633
288601,normal,1505,0,1782362016.832992,0.0018069744110107422
288602,normal,242,0,1782362016.835185,0.002192974090576172
288603,normal,2371,0,1782362016.8370023,0.0018172264099121094
288604,normal,1936,0,1782362016.8391798,0.0021774768829345703
288605,normal,1666,0,1782362016.8409977,0.001817941665649414
288606,normal,613,0,1782362016.8431647,0.0021669864654541016
288607,normal,1697,0,1782362016.845199,0.002034425735473633
288608,normal,371,0,1782362016.8469825,0.0017833709716796875
288609,normal,3482,0,1782362016.8492086,0.002226114273071289
288610,normal,890,2,1782362016.8510954,0.0018868446350097656
288611,normal,2667,0,1782362016.8530104,0.00191497802734375
288612,normal,994,2,1782362016.8551364,0.002125978469848633
288613,normal,1302,0,1782362016.8569064,0.00177001953125
288614,normal,726,0,1782362016.8591187,0.0022122859954833984
288615,normal,3029,0,1782362016.8610678,0.0019490718841552734
288616,normal,1135,0,1782362016.8630004,0.0019326210021972656
288617,normal,3684,0,1782362016.8650334,0.0020329952239990234
288618,normal,1723,0,1782362016.867165,0.0021317005157470703
288619,normal,3026,0,1782362016.869121,0.0019559860229492188
288620,normal,3476,0,1782362016.8709943,0.0018732547760009766
288621,normal,176,0,1782362016.8729885,0.0019941329956054688
288622,normal,1060,0,1782362016.8749807,0.0019922256469726562
288623,normal,988,2,1782362016.8771157,0.002135038375854492
288624,normal,1058,0,1782362016.8790755,0.0019598007202148438
288625,normal,2288,0,1782362016.8809814,0.0019059181213378906
288626,normal,2006,0,1782362016.8830605,0.002079010009765625
288627,normal,40,0,1782362016.8850725,0.002012014389038086
288628,normal,319,0,1782362016.8870182,0.0019457340240478516
288629,normal,1641,0,1782362016.889107,0.002088785171508789
288630,normal,3478,0,1782362016.8911073,0.0020003318786621094
288631,normal,507,0,1782362016.8930151,0.0019078254699707031
288632,normal,2864,0,1782362016.8951056,0.0020904541015625
288633,normal,760,0,1782362016.897316,0.002210378646850586
288634,normal,1587,0,1782362016.8990018,0.0016858577728271484
288635,normal,1923,0,1782362016.901184,0.0021822452545166016
288636,normal,2650,0,1782362016.9031503,0.001966238021850586
288637,normal,1525,0,1782362016.9050345,0.0018842220306396484
288638,normal,2121,0,1782362016.9071743,0.0021398067474365234
288639,normal,3194,1,1782362016.9091835,0.002009153366088867
288640,normal,1270,0,1782362016.910944,0.0017604827880859375
288641,normal,2502,0,1782362016.9131444,0.0022003650665283203
288642,normal,2499,0,1782362016.9151313,0.001986980438232422
288643,normal,3036,0,1782362016.9170337,0.0019023418426513672
288644,normal,3400,1,1782362016.9191763,0.002142667770385742
288645,normal,2659,0,1782362016.9210322,0.0018558502197265625
288646,normal,3377,1,1782362016.9231274,0.0020952224731445312
288647,normal,109,0,1782362016.925001,0.0018734931945800781
288648,normal,3528,0,1782362016.927138,0.0021371841430664062
288649,normal,2573,0,1782362016.9291031,0.001965045928955078
288650,normal,2901,0,1782362016.9311528,0.002049684524536133
288651,normal,1494,0,1782362016.933171,0.0020182132720947266
288652,normal,1335,1,1782362016.9351273,0.0019562244415283203
288653,normal,1648,0,1782362016.936985,0.001857757568359375
288654,normal,2994,0,1782362016.939148,0.002162933349609375
288655,normal,1252,0,1782362016.941031,0.0018830299377441406
288656,normal,1366,1,1782362016.9429476,0.001916646957397461
288657,normal,1803,0,1782362016.9450772,0.0021295547485351562
288658,normal,3515,0,1782362016.947132,0.002054929733276367
288659,normal,1937,0,1782362016.9489825,0.0018503665924072266
288660,normal,1139,0,1782362016.9511483,0.0021657943725585938
288661,normal,1277,0,1782362016.9530413,0.0018930435180664062
288662,normal,2692,0,1782362016.9551344,0.002093076705932617
288663,normal,1683,0,1782362016.9571843,0.0020499229431152344
288664,normal,2922,0,1782362016.9589438,0.0017595291137695312
288665,normal,718,0,1782362016.9611523,0.0022084712982177734
288666,normal,1455,0,1782362016.9631317,0.001979351043701172
288667,normal,2485,0,1782362016.9650366,0.0019049644470214844
288668,normal,1688,0,1782362016.9671817,0.002145051956176758
288669,normal,2057,0,1782362016.9691854,0.0020036697387695312
288670,normal,3023,0,1782362016.9709425,0.0017571449279785156
288671,normal,1147,0,1782362016.9732563,0.002313852310180664
288672,normal,3311,1,1782362016.975107,0.0018506050109863281
288673,normal,671,0,1782362016.9770398,0.0019328594207763672
288674,normal,811,2,1782362016.9791877,0.0021479129791259766
288675,normal,1877,0,1782362016.981111,0.0019233226776123047
288676,normal,3346,1,1782362016.9829865,0.0018754005432128906
288677,normal,2023,0,1782362016.9852116,0.002225160598754883
288678,normal,1303,0,1782362016.9871376,0.0019259452819824219
288679,normal,823,2,1782362016.9889843,0.0018467903137207031
288680,normal,2574,0,1782362016.9912019,0.002217531204223633
288681,normal,1934,0,1782362016.9931064,0.0019044876098632812
288682,normal,3355,1,1782362016.9950764,0.001970052719116211
288683,normal,500,0,1782362016.9971895,0.0021131038665771484
288684,normal,1304,0,1782362016.9990044,0.0018148422241210938
288685,normal,862,2,1782362017.000988,0.001983642578125
288686,normal,1168,0,1782362017.0029995,0.002011537551879883
288687,normal,595,0,1782362017.0050468,0.002047300338745117
288688,normal,2224,0,1782362017.00693,0.0018832683563232422
288689,normal,3294,1,1782362017.0099256,0.0029954910278320312
288690,normal,2976,0,1782362017.0109375,0.0010118484497070312
288691,normal,2982,0,1782362017.0129278,0.0019903182983398438
288692,normal,2681,0,1782362017.015031,0.0021033287048339844
288693,normal,2193,0,1782362017.0170188,0.0019876956939697266
288694,normal,752,0,1782362017.018999,0.001980304718017578
288695,normal,1717,0,1782362017.0209832,0.001984119415283203
288696,normal,2265,0,1782362017.0231736,0.0021903514862060547
288697,normal,342,0,1782362017.0250003,0.0018267631530761719
288698,normal,2508,0,1782362017.0271552,0.002154827117919922
288699,normal,458,0,1782362017.029002,0.0018467903137207031
288700,normal,2801,0,1782362017.0311723,0.0021703243255615234
288701,normal,2466,0,1782362017.0329797,0.0018074512481689453
288702,normal,3566,0,1782362017.0351799,0.0022001266479492188
288703,normal,2482,0,1782362017.0370014,0.0018215179443359375
288704,normal,2164,0,1782362017.0391757,0.00217437744140625
288705,normal,1961,0,1782362017.040994,0.0018181800842285156
288706,normal,2787,0,1782362017.0431998,0.0022058486938476562
288707,normal,321,0,1782362017.0449758,0.001775979995727539
288708,normal,2189,0,1782362017.047178,0.002202272415161133
288709,normal,1933,0,1782362017.048999,0.0018210411071777344
288710,normal,2401,0,1782362017.0511737,0.0021746158599853516
288711,normal,2021,0,1782362017.0530436,0.0018699169158935547
288712,normal,1356,1,1782362017.055143,0.0020995140075683594
288713,normal,1053,0,1782362017.0570261,0.0018830299377441406
288714,normal,525,0,1782362017.059176,0.002149820327758789
288715,normal,1771,0,1782362017.0611756,0.0019996166229248047
288716,normal,1158,0,1782362017.063012,0.0018362998962402344
288717,normal,705,0,1782362017.0652623,0.0022504329681396484
288718,normal,1423,0,1782362017.067017,0.0017547607421875
288719,normal,1821,0,1782362017.0692656,0.002248525619506836
288720,normal,2430,0,1782362017.0711215,0.0018558502197265625
288721,normal,2289,0,1782362017.0730062,0.0018846988677978516
288722,normal,2365,0,1782362017.0752466,0.002240419387817383
288723,normal,2443,0,1782362017.0771618,0.0019152164459228516
288724,normal,1589,0,1782362017.0791662,0.002004384994506836
288725,normal,411,0,1782362017.0811036,0.0019373893737792969
288726,normal,3025,0,1782362017.083263,0.0021593570709228516
288727,normal,733,0,1782362017.085004,0.001741170883178711
288728,normal,1059,0,1782362017.087264,0.002259969711303711
288729,normal,22,0,1782362017.0891225,0.0018584728240966797
288730,normal,690,0,1782362017.09118,0.0020575523376464844
288731,normal,212,0,1782362017.0930939,0.0019137859344482422
288732,normal,840,2,1782362017.0952733,0.002179384231567383
288733,normal,2339,0,1782362017.0970151,0.0017418861389160156
288734,normal,1396,0,1782362017.0992362,0.0022211074829101562
288735,normal,788,2,1782362017.1011221,0.0018858909606933594
288736,normal,625,0,1782362017.1031952,0.002073049545288086
288737,normal,3099,1,1782362017.1050622,0.001867055892944336
288738,normal,2674,0,1782362017.1072512,0.0021889209747314453
288739,normal,871,2,1782362017.108987,0.0017359256744384766
288740,normal,396,0,1782362017.1112208,0.002233743667602539
288741,normal,490,0,1782362017.1130617,0.001840829849243164
288742,normal,1900,0,1782362017.115144,0.002082347869873047
288743,normal,1947,0,1782362017.1170673,0.0019233226776123047
288744,normal,820,2,1782362017.1192145,0.002147197723388672
288745,normal,1411,0,1782362017.120957,0.0017423629760742188
288746,normal,2029,0,1782362017.123235,0.0022780895233154297
288747,normal,3083,1,1782362017.1250603,0.0018253326416015625
288748,normal,2896,0,1782362017.1271374,0.0020771026611328125
288749,normal,2607,0,1782362017.1290588,0.0019214153289794922
288750,normal,2230,0,1782362017.131219,0.0021600723266601562
288751,normal,293,0,1782362017.1329567,0.001737833023071289
288752,normal,886,2,1782362017.1352282,0.002271413803100586
288753,normal,2975,0,1782362017.1370604,0.0018322467803955078
288754,normal,2745,0,1782362017.139057,0.0019965171813964844
288755,normal,3140,1,1782362017.141179,0.002122163772583008
288756,normal,1940,0,1782362017.142958,0.0017788410186767578
288757,normal,2635,0,1782362017.1451662,0.002208232879638672
288758,normal,1248,0,1782362017.1470044,0.0018382072448730469
288759,normal,3481,0,1782362017.1491594,0.0021550655364990234
288760,normal,2125,0,1782362017.1509461,0.0017867088317871094
288761,normal,1009,2,1782362017.1532044,0.00225830078125
288762,normal,2345,0,1782362017.1549857,0.0017812252044677734
288763,normal,213,0,1782362017.157226,0.002240419387817383
288764,normal,333,0,1782362017.1589355,0.0017094612121582031
288765,normal,2099,0,1782362017.1611776,0.0022420883178710938
288766,normal,925,2,1782362017.1629443,0.0017666816711425781
288767,normal,3543,0,1782362017.165246,0.0023016929626464844
288768,normal,119,0,1782362017.1669745,0.0017285346984863281
288769,normal,857,2,1782362017.1691742,0.0021996498107910156
288770,normal,3448,0,1782362017.1710854,0.001911163330078125
288771,normal,97,0,1782362017.1731694,0.002084016799926758
288772,normal,200,0,1782362017.1749706,0.0018012523651123047
288773,normal,948,2,1782362017.1772678,0.0022971630096435547
288774,normal,1111,0,1782362017.1790001,0.0017323493957519531
288775,normal,2197,0,1782362017.181152,0.002151966094970703
288776,normal,2442,0,1782362017.1830096,0.0018575191497802734
288777,normal,1045,0,1782362017.185188,0.0021784305572509766
288778,normal,1830,0,1782362017.1869445,0.001756429672241211
288779,normal,328,0,1782362017.1891851,0.0022406578063964844
288780,normal,1272,0,1782362017.190972,0.001786947250366211
288781,normal,1987,0,1782362017.19327,0.0022978782653808594
288782,normal,3456,0,1782362017.1949527,0.0016827583312988281
288783,normal,3600,0,1782362017.1971772,0.002224445343017578
288784,normal,645,0,1782362017.1989434,0.001766204833984375
288785,normal,1735,0,1782362017.2011716,0.002228260040283203
288786,normal,2575,0,1782362017.2031474,0.0019757747650146484
288787,normal,704,0,1782362017.2051246,0.001977205276489258
288788,normal,1559,0,1782362017.2069862,0.001861572265625
288789,normal,2405,0,1782362017.2092354,0.0022492408752441406
288790,normal,963,2,1782362017.211033,0.0017976760864257812
288791,normal,892,2,1782362017.2131734,0.0021402835845947266
288792,normal,2105,0,1782362017.215184,0.0020105838775634766
288793,normal,1282,0,1782362017.216943,0.0017590522766113281
288794,normal,1781,0,1782362017.219149,0.002206087112426758
288795,normal,2545,0,1782362017.221129,0.001979827880859375
288796,normal,858,2,1782362017.2230344,0.0019054412841796875
288797,normal,478,0,1782362017.2252622,0.002227783203125
288798,normal,1798,0,1782362017.2270243,0.0017621517181396484
288799,normal,987,2,1782362017.2291262,0.002101898193359375
288800,normal,128,0,1782362017.2310328,0.0019066333770751953
288801,normal,2270,0,1782362017.233153,0.0021202564239501953
288802,normal,3012,0,1782362017.2349987,0.0018455982208251953
288803,normal,1759,0,1782362017.2369778,0.0019791126251220703
288804,normal,3546,0,1782362017.2391427,0.0021648406982421875
288805,normal,492,0,1782362017.2410004,0.001857757568359375
288806,normal,59,0,1782362017.2429466,0.0019462108612060547
288807,normal,2489,0,1782362017.2450917,0.002145051956176758
288808,normal,2022,0,1782362017.24693,0.0018382072448730469
288809,normal,1757,0,1782362017.249115,0.0021851062774658203
288810,normal,2145,0,1782362017.2511132,0.0019981861114501953
288811,normal,3597,0,1782362017.2529294,0.0018162727355957031
288812,normal,2870,0,1782362017.2549293,0.0019998550415039062
288813,normal,2987,0,1782362017.2570107,0.0020813941955566406
288814,normal,3663,0,1782362017.2589304,0.0019197463989257812
288815,normal,318,0,1782362017.2609975,0.002067089080810547
288816,normal,103,0,1782362017.2629938,0.001996278762817383
288817,normal,711,0,1782362017.2649305,0.0019366741180419922
288818,normal,1271,0,1782362017.2669997,0.002069234848022461
288819,normal,2396,0,1782362017.2689931,0.001993417739868164
288820,normal,2067,0,1782362017.2709296,0.0019364356994628906
288821,normal,1609,0,1782362017.2729278,0.0019981861114501953
288822,normal,1986,0,1782362017.274957,0.0020291805267333984
288823,normal,2026,0,1782362017.2769997,0.0020427703857421875
288824,normal,3371,1,1782362017.2789268,0.0019271373748779297
288825,normal,2843,0,1782362017.28101,0.0020830631256103516
288826,normal,100,0,1782362017.2829282,0.0019183158874511719
288827,normal,1458,0,1782362017.285002,0.0020737648010253906
288828,normal,316,0,1782362017.2869844,0.001982450485229492
288829,normal,2198,0,1782362017.288928,0.0019435882568359375
288830,normal,2141,0,1782362017.2910078,0.0020797252655029297
288831,normal,605,0,1782362017.292992,0.0019843578338623047
288832,normal,1496,0,1782362017.294927,0.0019347667694091797
288833,normal,2670,0,1782362017.2969573,0.0020303726196289062
288834,normal,3472,0,1782362017.2989886,0.0020313262939453125
288835,normal,1702,0,1782362017.3009295,0.0019409656524658203
288836,normal,1397,0,1782362017.3029974,0.0020678043365478516
288837,normal,2547,0,1782362017.3049924,0.001995086669921875
288838,normal,1167,0,1782362017.3069293,0.0019369125366210938
288839,normal,454,0,1782362017.3089585,0.0020291805267333984
288840,normal,680,0,1782362017.3109934,0.002034902572631836
288841,normal,2460,0,1782362017.3129284,0.0019350051879882812
288842,normal,2902,0,1782362017.3150008,0.0020723342895507812
288843,normal,2315,0,1782362017.3169856,0.001984834671020508
288844,normal,1742,0,1782362017.3189273,0.001941680908203125
288845,normal,2127,0,1782362017.3209991,0.002071857452392578
288846,normal,1246,0,1782362017.3230004,0.0020012855529785156
288847,normal,1698,0,1782362017.3249283,0.0019278526306152344
288848,normal,2959,0,1782362017.3269968,0.0020685195922851562
288849,normal,378,0,1782362017.3290076,0.002010822296142578
288850,normal,3136,1,1782362017.3309286,0.001920938491821289
288851,normal,3280,1,1782362017.3330026,0.002074003219604492
288852,normal,2005,0,1782362017.3349857,0.001983165740966797
288853,normal,1622,0,1782362017.3369296,0.001943826675415039
288854,normal,3107,1,1782362017.338957,0.0020275115966796875
288855,normal,194,0,1782362017.3409853,0.002028226852416992
288856,normal,1485,0,1782362017.342928,0.0019426345825195312
288857,normal,2556,0,1782362017.3450005,0.002072572708129883
288858,normal,1429,0,1782362017.3469846,0.001984119415283203
288859,normal,1809,0,1782362017.3491948,0.0022101402282714844
288860,normal,2761,0,1782362017.3510225,0.0018277168273925781
288861,normal,2392,0,1782362017.3533027,0.0022802352905273438
288862,normal,1475,0,1782362017.3550055,0.0017027854919433594
288863,normal,1870,0,1782362017.3572743,0.0022687911987304688
288864,normal,3205,1,1782362017.3591304,0.001856088638305664
288865,normal,955,2,1782362017.361186,0.002055644989013672
288866,normal,3470,0,1782362017.3630614,0.0018754005432128906
288867,normal,1117,0,1782362017.3653796,0.002318143844604492
288868,normal,942,2,1782362017.3670073,0.0016276836395263672
288869,normal,1994,0,1782362017.3692918,0.002284526824951172
288870,normal,2151,0,1782362017.3711567,0.0018649101257324219
288871,normal,3342,1,1782362017.3732393,0.0020825862884521484
288872,normal,2695,0,1782362017.3750696,0.0018303394317626953
288873,normal,687,0,1782362017.3771734,0.0021038055419921875
288874,normal,2268,0,1782362017.3791134,0.001940011978149414
288875,normal,1800,0,1782362017.3810325,0.0019190311431884766
288876,normal,1382,0,1782362017.3830304,0.0019979476928710938
288877,normal,3195,1,1782362017.385252,0.0022215843200683594
288878,normal,2503,0,1782362017.3869877,0.001735687255859375
288879,normal,937,2,1782362017.389147,0.0021593570709228516
288880,normal,299,0,1782362017.3909762,0.0018291473388671875
288881,normal,1275,0,1782362017.3931496,0.0021734237670898438
288882,normal,2384,0,1782362017.3951585,0.0020089149475097656
288883,normal,3595,0,1782362017.396981,0.0018224716186523438
288884,normal,1346,1,1782362017.3991585,0.0021774768829345703
288885,normal,3185,1,1782362017.4009957,0.0018372535705566406
288886,normal,1674,0,1782362017.4031503,0.0021545886993408203
288887,normal,1708,0,1782362017.4049692,0.0018188953399658203
288888,normal,239,0,1782362017.407149,0.002179861068725586
288889,normal,1448,0,1782362017.4089942,0.0018451213836669922
288890,normal,2565,0,1782362017.4111671,0.0021729469299316406
288891,normal,674,0,1782362017.412923,0.0017559528350830078
288892,normal,2891,0,1782362017.4150708,0.002147674560546875
288893,normal,2412,0,1782362017.4169126,0.0018417835235595703
288894,normal,2696,0,1782362017.4189897,0.0020771026611328125
288895,normal,881,2,1782362017.4209118,0.0019221305847167969
288896,normal,269,0,1782362017.422983,0.0020711421966552734
288897,normal,2563,0,1782362017.425005,0.0020220279693603516
288898,normal,825,2,1782362017.4269326,0.0019276142120361328
288899,normal,3272,1,1782362017.428983,0.0020503997802734375
288900,normal,716,0,1782362017.4310036,0.002020597457885742
288901,normal,487,0,1782362017.432938,0.0019345283508300781
288902,normal,3464,0,1782362017.4349785,0.002040386199951172
288903,normal,1080,0,1782362017.436975,0.0019965171813964844
288904,normal,1077,0,1782362017.4389422,0.001967191696166992
288905,normal,855,2,1782362017.4409788,0.002036571502685547
288906,normal,608,0,1782362017.4429824,0.0020036697387695312
288907,normal,2323,0,1782362017.4449234,0.0019409656524658203
288908,normal,3585,0,1782362017.4470227,0.002099275588989258
288909,normal,3266,1,1782362017.44902,0.001997232437133789
288910,normal,1065,0,1782362017.4509244,0.0019044876098632812
288911,normal,3495,0,1782362017.4529872,0.0020627975463867188
288912,normal,1331,1,1782362017.4550242,0.00203704833984375
288913,normal,2406,0,1782362017.456936,0.0019116401672363281
288914,normal,587,0,1782362017.4589894,0.002053499221801758
288915,normal,115,0,1782362017.4609776,0.0019881725311279297
288916,normal,1770,0,1782362017.4629767,0.0019991397857666016
288917,normal,2326,0,1782362017.4649096,0.0019328594207763672
288918,normal,3182,1,1782362017.4669952,0.0020856857299804688
288919,normal,449,0,1782362017.468922,0.0019266605377197266
288920,normal,306,0,1782362017.4709837,0.0020618438720703125
288921,normal,1371,1,1782362017.4730046,0.0020208358764648438
288922,normal,3446,0,1782362017.4750984,0.002093791961669922
288923,normal,1549,0,1782362017.4771488,0.0020503997802734375
288924,normal,2936,0,1782362017.4790974,0.0019485950469970703
288925,normal,3004,0,1782362017.4810314,0.001934051513671875
288926,normal,3640,0,1782362017.4831343,0.0021028518676757812
288927,normal,1978,0,1782362017.4851458,0.002011537551879883
288928,normal,395,0,1782362017.4870257,0.0018799304962158203
288929,normal,2945,0,1782362017.4890947,0.0020689964294433594
288930,normal,774,2,1782362017.4913497,0.002254962921142578
288931,normal,1929,0,1782362017.4931867,0.001837015151977539
288932,normal,3214,1,1782362017.494943,0.0017561912536621094
288933,normal,1223,0,1782362017.4970908,0.0021479129791259766
288934,normal,1690,0,1782362017.4990005,0.0019097328186035156
288935,normal,43,0,1782362017.5011067,0.002106189727783203
288936,normal,2634,0,1782362017.5031428,0.0020360946655273438
288937,normal,675,0,1782362017.5049438,0.0018010139465332031
288938,normal,1034,0,1782362017.5072432,0.0022993087768554688
288939,normal,480,0,1782362017.5091462,0.0019030570983886719
288940,normal,2378,0,1782362017.510983,0.0018367767333984375
288941,normal,1506,0,1782362017.513285,0.002301931381225586
288942,normal,3685,0,1782362017.5150948,0.001809835433959961
288943,normal,3333,1,1782362017.516921,0.0018262863159179688
288944,normal,2462,0,1782362017.5190632,0.002142190933227539
288945,normal,3343,1,1782362017.5209775,0.0019142627716064453
288946,normal,2241,0,1782362017.5229535,0.00197601318359375
288947,normal,220,0,1782362017.5249546,0.002001047134399414
288948,normal,2878,0,1782362017.5270407,0.002086162567138672
288949,normal,2116,0,1782362017.528944,0.0019032955169677734
288950,normal,2007,0,1782362017.5310252,0.002081155776977539
288951,normal,3402,0,1782362017.5329962,0.001971006393432617
288952,normal,2124,0,1782362017.5350273,0.002031087875366211
288953,normal,2992,0,1782362017.5370142,0.001986980438232422
288954,normal,1,0,1782362017.539045,0.0020308494567871094
288955,normal,896,2,1782362017.5411277,0.0020825862884521484
288956,normal,1529,0,1782362017.5432036,0.0020759105682373047
288957,normal,974,2,1782362017.5450134,0.001809835433959961
288958,normal,806,2,1782362017.5469806,0.001967191696166992
288959,normal,513,0,1782362017.5490415,0.0020608901977539062
288960,normal,2727,0,1782362017.5510283,0.0019867420196533203
288961,normal,1236,0,1782362017.5529802,0.0019519329071044922
288962,normal,3016,0,1782362017.5550568,0.0020766258239746094
288963,normal,3073,1,1782362017.5570066,0.0019497871398925781
288964,normal,2139,0,1782362017.558981,0.001974344253540039
288965,normal,497,0,1782362017.5610456,0.0020647048950195312
288966,normal,2872,0,1782362017.5630527,0.002007007598876953
288967,normal,3524,0,1782362017.5650165,0.0019638538360595703
288968,normal,570,0,1782362017.5670261,0.0020096302032470703
288969,normal,1025,2,1782362017.5690813,0.0020551681518554688
288970,normal,3630,0,1782362017.5709288,0.0018475055694580078
288971,normal,364,0,1782362017.5731719,0.0022430419921875
288972,normal,3694,0,1782362017.575155,0.001983165740966797
288973,normal,846,2,1782362017.5769935,0.0018384456634521484
288974,normal,3509,0,1782362017.578978,0.0019845962524414062
288975,normal,3459,0,1782362017.5811818,0.002203702926635742
288976,normal,2109,0,1782362017.5829744,0.0017926692962646484
288977,normal,3024,0,1782362017.58496,0.0019855499267578125
288978,normal,315,0,1782362017.5871089,0.002148866653442383
288979,normal,301,0,1782362017.5889864,0.0018775463104248047
288980,normal,1855,0,1782362017.5909357,0.001949310302734375
288981,normal,121,0,1782362017.5930667,0.0021309852600097656
288982,normal,3028,0,1782362017.5949326,0.0018658638000488281
288983,normal,3453,0,1782362017.5969305,0.0019979476928710938
288984,normal,2586,0,1782362017.5990605,0.0021300315856933594
288985,normal,240,0,1782362017.6009302,0.0018696784973144531
288986,normal,1093,0,1782362017.6029375,0.0020072460174560547
288987,normal,84,0,1782362017.604983,0.0020456314086914062
288988,normal,2777,0,1782362017.6069322,0.0019490718841552734
288989,normal,1981,0,1782362017.6092014,0.002269268035888672
288990,normal,1713,0,1782362017.6113274,0.002125978469848633
288991,normal,3276,1,1782362017.6130018,0.0016744136810302734
288992,normal,1863,0,1782362017.615157,0.0021550655364990234
288993,normal,1533,0,1782362017.617145,0.0019881725311279297
288994,normal,1880,0,1782362017.6190484,0.0019032955169677734
288995,normal,3706,0,1782362017.6211436,0.0020952224731445312
288996,normal,754,0,1782362017.6231582,0.002014636993408203
288997,normal,2760,0,1782362017.624992,0.0018336772918701172
288998,normal,978,2,1782362017.626933,0.0019412040710449219
288999,normal,1124,0,1782362017.6290803,0.002147197723388672
289000,normal,159,0,1782362017.630992,0.0019116401672363281
289001,normal,477,0,1782362017.632921,0.0019290447235107422
289002,normal,2770,0,1782362017.6349597,0.002038717269897461
289003,normal,2306,0,1782362017.6369421,0.001982450485229492
289004,normal,2238,0,1782362017.638919,0.0019769668579101562
289005,normal,1091,0,1782362017.6409795,0.002060413360595703
289006,normal,1347,1,1782362017.6429427,0.0019631385803222656
289007,normal,2839,0,1782362017.6449187,0.00197601318359375
289008,normal,2259,0,1782362017.6469705,0.002051830291748047
289009,normal,271,0,1782362017.648956,0.0019855499267578125
289010,normal,2113,0,1782362017.6509154,0.0019593238830566406
289011,normal,1437,0,1782362017.6529722,0.0020568370819091797
289012,normal,467,0,1782362017.6549432,0.001971006393432617
289013,normal,885,2,1782362017.6569529,0.0020096302032470703
289014,normal,289,0,1782362017.6589718,0.0020189285278320312
289015,normal,2519,0,1782362017.6609302,0.0019583702087402344
289016,normal,223,0,1782362017.6629174,0.0019872188568115234
289017,normal,1530,0,1782362017.6649501,0.002032756805419922
289018,normal,465,0,1782362017.666944,0.001993894577026367
289019,normal,2859,0,1782362017.668954,0.002009868621826172
289020,normal,2075,0,1782362017.6709714,0.002017498016357422
289021,normal,3249,1,1782362017.6729314,0.0019600391387939453
289022,normal,918,2,1782362017.6749039,0.0019724369049072266
289023,normal,2072,0,1782362017.6769743,0.0020704269409179688
289024,normal,229,0,1782362017.6789033,0.0019290447235107422
289025,normal,2467,0,1782362017.6809692,0.002065896987915039
289026,normal,533,0,1782362017.6829515,0.0019822120666503906
289027,normal,3143,1,1782362017.6849825,0.002031087875366211
289028,normal,2619,0,1782362017.686913,0.0019304752349853516
289029,normal,1245,0,1782362017.688979,0.002065896987915039
289030,normal,785,2,1782362017.690903,0.0019240379333496094
289031,normal,559,0,1782362017.6929345,0.002031564712524414
289032,normal,3436,0,1782362017.6949744,0.0020399093627929688
289033,normal,1772,0,1782362017.6969032,0.0019288063049316406
289034,normal,3183,1,1782362017.698951,0.0020477771759033203
289035,normal,576,0,1782362017.7009518,0.0020008087158203125
289036,normal,1044,0,1782362017.7029445,0.0019927024841308594
289037,normal,609,0,1782362017.704937,0.001992464065551758
289038,normal,3385,1,1782362017.70696,0.002022981643676758
289039,normal,3046,1,1782362017.7089024,0.0019423961639404297
289040,normal,1002,2,1782362017.7109494,0.0020470619201660156
289041,normal,1339,1,1782362017.7129502,0.0020008087158203125
289042,normal,2829,0,1782362017.7149296,0.001979351043701172
289043,normal,1550,0,1782362017.7169523,0.0020227432250976562
289044,normal,2157,0,1782362017.71898,0.002027750015258789
289045,normal,3197,1,1782362017.7209315,0.001951456069946289
289046,normal,1030,0,1782362017.722949,0.002017498016357422
289047,normal,435,0,1782362017.7249882,0.002039194107055664
289048,normal,866,2,1782362017.7269475,0.0019593238830566406
289049,normal,3494,0,1782362017.7289407,0.0019931793212890625
289050,normal,2492,0,1782362017.7309718,0.002031087875366211
289051,normal,2161,0,1782362017.7329035,0.0019316673278808594
289052,normal,2431,0,1782362017.7349524,0.002048969268798828
289053,normal,1711,0,1782362017.736953,0.002000570297241211
289054,normal,3030,0,1782362017.7389314,0.0019783973693847656
289055,normal,2035,0,1782362017.7409356,0.0020041465759277344
289056,normal,1226,0,1782362017.7429743,0.002038717269897461
289057,normal,2469,0,1782362017.7449048,0.0019304752349853516
289058,normal,1670,0,1782362017.74695,0.002045154571533203
289059,normal,2436,0,1782362017.7489514,0.002001523971557617
289060,normal,684,0,1782362017.7509286,0.001977205276489258
289061,normal,1088,0,1782362017.7529604,0.0020318031311035156
289062,normal,2620,0,1782362017.754973,0.002012491226196289
289063,normal,2613,0,1782362017.756928,0.0019550323486328125
289064,normal,1925,0,1782362017.758944,0.0020160675048828125
289065,normal,1752,0,1782362017.760976,0.002032041549682617
289066,normal,654,0,1782362017.7629123,0.001936197280883789
289067,normal,577,0,1782362017.7649512,0.0020389556884765625
289068,normal,3560,0,1782362017.7669747,0.002023458480834961
289069,normal,859,2,1782362017.7689316,0.001956939697265625
289070,normal,365,0,1782362017.770938,0.0020062923431396484
289071,normal,1440,0,1782362017.7729516,0.002013683319091797
289072,normal,3562,0,1782362017.7749321,0.0019805431365966797
289073,normal,3360,1,1782362017.7769506,0.002018451690673828
289074,normal,2988,0,1782362017.778975,0.002024412155151367
289075,normal,1082,0,1782362017.7809708,0.0019958019256591797
289076,normal,558,0,1782362017.7829397,0.001968860626220703
289077,normal,2875,0,1782362017.7849524,0.0020127296447753906
289078,normal,1816,0,1782362017.7869027,0.0019502639770507812
289079,normal,623,0,1782362017.78895,0.002047300338745117
289080,normal,3165,1,1782362017.7909899,0.0020399093627929688
289081,normal,1441,0,1782362017.7929318,0.0019419193267822266
289082,normal,298,0,1782362017.794954,0.002022266387939453
289083,normal,3053,1,1782362017.7969716,0.002017498016357422
289084,normal,1264,0,1782362017.798933,0.0019614696502685547
289085,normal,3168,1,1782362017.8009512,0.0020182132720947266
289086,normal,1449,0,1782362017.8029757,0.002024412155151367
289087,normal,676,0,1782362017.8049042,0.001928567886352539
289088,normal,357,0,1782362017.8069797,0.0020754337310791016
289089,normal,2709,0,1782362017.808952,0.0019724369049072266
289090,normal,3626,0,1782362017.8109298,0.001977682113647461
289091,normal,2597,0,1782362017.8129804,0.002050638198852539
289092,normal,1170,0,1782362017.8149745,0.0019941329956054688
289093,normal,2892,0,1782362017.8169317,0.0019571781158447266
289094,normal,1192,0,1782362017.818952,0.0020203590393066406
289095,normal,349,0,1782362017.8209522,0.002000093460083008
289096,normal,809,2,1782362017.8229299,0.001977682113647461
289097,normal,2980,0,1782362017.8249507,0.0020208358764648438
289098,normal,3678,0,1782362017.826972,0.002021312713623047
289099,normal,2513,0,1782362017.8289325,0.0019605159759521484
289100,normal,2438,0,1782362017.8309486,0.0020160675048828125
289101,normal,272,0,1782362017.832989,0.002040386199951172
289102,normal,1777,0,1782362017.8349307,0.001941680908203125
289103,normal,2621,0,1782362017.8369424,0.0020117759704589844
289104,normal,1325,1,1782362017.8389544,0.002012014389038086
289105,normal,3345,1,1782362017.8409042,0.0019497871398925781
289106,normal,3158,1,1782362017.8429508,0.0020465850830078125
289107,normal,2261,0,1782362017.8450096,0.002058744430541992
289108,normal,803,2,1782362017.8470526,0.002043008804321289
289109,normal,2675,0,1782362017.8488922,0.0018396377563476562
289110,normal,79,0,1782362017.8509572,0.002064943313598633
289111,normal,3063,1,1782362017.8529267,0.001969575881958008
289112,normal,2584,0,1782362017.8550146,0.002087831497192383
289113,normal,1131,0,1782362017.857021,0.00200653076171875
289114,normal,156,0,1782362017.8588853,0.0018641948699951172
289115,normal,2627,0,1782362017.8609974,0.002112150192260742
289116,normal,2495,0,1782362017.8631349,0.002137422561645508
289117,normal,1680,0,1782362017.8649414,0.001806497573852539
289118,normal,1840,0,1782362017.8671787,0.0022373199462890625
289119,normal,1669,0,1782362017.8689485,0.0017697811126708984
289120,normal,1023,2,1782362017.8711305,0.0021820068359375
289121,normal,457,0,1782362017.8730125,0.0018820762634277344
289122,normal,1081,0,1782362017.8751583,0.0021457672119140625
289123,normal,3157,1,1782362017.8769546,0.0017962455749511719
289124,normal,2252,0,1782362017.8791585,0.0022039413452148438
289125,normal,3364,1,1782362017.8809493,0.001790761947631836
289126,normal,2953,0,1782362017.88314,0.002190828323364258
289127,normal,2646,0,1782362017.884948,0.0018079280853271484
289128,normal,1788,0,1782362017.887116,0.002167940139770508
289129,normal,15,0,1782362017.8889413,0.0018253326416015625
289130,normal,1996,0,1782362017.8911846,0.0022432804107666016
289131,normal,3372,1,1782362017.892957,0.0017724037170410156
289132,normal,3347,1,1782362017.8949604,0.0020034313201904297
289133,normal,2921,0,1782362017.8969429,0.001982450485229492
289134,normal,24,0,1782362017.899083,0.002140045166015625
289135,normal,3605,0,1782362017.9009414,0.0018584728240966797
289136,normal,361,0,1782362017.903132,0.0021905899047851562
289137,normal,1290,0,1782362017.9051228,0.001990795135498047
289138,normal,3656,0,1782362017.90698,0.0018572807312011719
289139,normal,710,0,1782362017.9091282,0.002148151397705078
289140,normal,1850,0,1782362017.9111223,0.0019941329956054688
289141,normal,2126,0,1782362017.9130044,0.0018820762634277344
289142,normal,3367,1,1782362017.9151354,0.0021309852600097656
289143,normal,3645,0,1782362017.9171221,0.0019867420196533203
289144,normal,1365,1,1782362017.9189944,0.0018723011016845703
289145,normal,3172,1,1782362017.921127,0.0021326541900634766
289146,normal,2223,0,1782362017.9231231,0.0019960403442382812
289147,normal,1564,0,1782362017.9249942,0.0018711090087890625
289148,normal,2943,0,1782362017.9271245,0.002130270004272461
289149,normal,2474,0,1782362017.9291313,0.0020067691802978516
289150,normal,1912,0,1782362017.930994,0.0018627643585205078
289151,normal,1401,0,1782362017.9331303,0.00213623046875
289152,normal,2104,0,1782362017.9351244,0.0019941329956054688
289153,normal,201,0,1782362017.9369948,0.0018703937530517578
289154,normal,3667,0,1782362017.9391322,0.002137422561645508
289155,normal,1914,0,1782362017.9411247,0.001992464065551758
289156,normal,2880,0,1782362017.942989,0.0018644332885742188
289157,normal,1847,0,1782362017.9451234,0.0021343231201171875
289158,normal,471,0,1782362017.9471264,0.0020029544830322266
289159,normal,880,2,1782362017.9489493,0.0018229484558105469
289160,normal,2911,0,1782362017.9511516,0.002202272415161133
289161,normal,3219,1,1782362017.9531407,0.001989126205444336
289162,normal,2286,0,1782362017.9549422,0.0018014907836914062
289163,normal,1579,0,1782362017.9571717,0.002229452133178711
289164,normal,3582,0,1782362017.9590068,0.0018351078033447266
289165,normal,3427,0,1782362017.9611475,0.0021407604217529297
289166,normal,2790,0,1782362017.9629838,0.0018362998962402344
289167,normal,1063,0,1782362017.9651337,0.002149820327758789
289168,normal,2282,0,1782362017.9669533,0.001819610595703125
289169,normal,2908,0,1782362017.9691436,0.0021903514862060547
289170,normal,3305,1,1782362017.9711316,0.001987934112548828
289171,normal,3698,0,1782362017.9729474,0.0018157958984375
289172,normal,1508,0,1782362017.9752018,0.002254486083984375
289173,normal,3593,0,1782362017.976992,0.0017900466918945312
289174,normal,2435,0,1782362017.9789445,0.0019526481628417969
289175,normal,1806,0,1782362017.9811554,0.002210855484008789
289176,normal,2318,0,1782362017.9831228,0.0019674301147460938
289177,normal,1515,0,1782362017.9849412,0.0018184185028076172
289178,normal,1707,0,1782362017.9871645,0.0022232532501220703
289179,normal,930,2,1782362017.989168,0.0020034313201904297
289180,normal,3559,0,1782362017.990974,0.001806020736694336
289181,normal,1315,0,1782362017.993174,0.0022001266479492188
289182,normal,1121,0,1782362017.9949787,0.0018045902252197266
289183,normal,3246,1,1782362017.9971514,0.002172708511352539
289184,normal,3576,0,1782362017.998998,0.0018465518951416016
289185,normal,2701,0,1782362018.0011172,0.002119302749633789
289186,normal,255,0,1782362018.002944,0.0018267631530761719
289187,normal,3290,1,1782362018.005172,0.0022280216217041016
289188,normal,352,0,1782362018.007841,0.002669095993041992
289189,normal,419,0,1782362018.0089567,0.001115560531616211
289190,normal,2593,0,1782362018.0111606,0.0022039413452148438
289191,normal,2624,0,1782362018.0131505,0.0019898414611816406
289192,normal,3323,1,1782362018.0149508,0.0018002986907958984
289193,normal,3644,0,1782362018.0171285,0.002177715301513672
289194,normal,1489,0,1782362018.0191202,0.001991748809814453
289195,normal,1149,0,1782362018.0209572,0.001837015151977539
289196,normal,104,0,1782362018.0231764,0.0022192001342773438
289197,normal,943,2,1782362018.0249705,0.0017940998077392578
289198,normal,1104,0,1782362018.0271235,0.0021529197692871094
289199,normal,888,2,1782362018.0290155,0.00189208984375
289200,normal,2553,0,1782362018.0311341,0.0021185874938964844
289201,normal,618,0,1782362018.032958,0.0018239021301269531
289202,normal,3121,1,1782362018.0351865,0.0022284984588623047
289203,normal,516,0,1782362018.0369473,0.001760721206665039
289204,normal,864,2,1782362018.0391293,0.0021820068359375
289205,normal,1601,0,1782362018.041019,0.0018897056579589844
289206,normal,1993,0,1782362018.043128,0.002109050750732422
289207,normal,565,0,1782362018.0449579,0.0018298625946044922
289208,normal,3225,1,1782362018.047186,0.0022280216217041016
289209,normal,3475,0,1782362018.0489445,0.001758575439453125
289210,normal,1807,0,1782362018.051134,0.00218963623046875
289211,normal,2932,0,1782362018.0530188,0.0018846988677978516
289212,normal,2883,0,1782362018.0551195,0.002100706100463867
289213,normal,93,0,1782362018.056958,0.0018384456634521484
289214,normal,2056,0,1782362018.05902,0.002062082290649414
289215,normal,3380,1,1782362018.0611365,0.0021164417266845703
289216,normal,3096,1,1782362018.0629425,0.001806020736694336
289217,normal,868,2,1782362018.0651853,0.0022428035736083984
289218,normal,2666,0,1782362018.0669463,0.0017609596252441406
289219,normal,351,0,1782362018.0691264,0.0021800994873046875
289220,normal,571,0,1782362018.0710182,0.0018918514251708984
289221,normal,2847,0,1782362018.073118,0.002099752426147461
289222,normal,394,0,1782362018.0749571,0.0018391609191894531
289223,normal,1095,0,1782362018.0771286,0.0021715164184570312
289224,normal,512,0,1782362018.0789552,0.0018265247344970703
289225,normal,1416,0,1782362018.081125,0.0021698474884033203
289226,normal,3520,0,1782362018.0829313,0.0018062591552734375
289227,normal,41,0,1782362018.0851195,0.0021882057189941406
289228,normal,1399,0,1782362018.0869436,0.0018241405487060547
289229,normal,1853,0,1782362018.0891488,0.0022051334381103516
289230,normal,1419,0,1782362018.0911193,0.001970529556274414
289231,normal,2302,0,1782362018.0929554,0.0018360614776611328
289232,normal,2187,0,1782362018.0951178,0.002162456512451172
289233,normal,1668,0,1782362018.0971193,0.002001523971557617
289234,normal,3001,0,1782362018.0989428,0.00182342529296875
289235,normal,2850,0,1782362018.1011176,0.002174854278564453
289236,normal,2913,0,1782362018.1031375,0.0020198822021484375
289237,normal,1481,0,1782362018.104944,0.001806497573852539
289238,normal,2498,0,1782362018.1071455,0.002201557159423828
289239,normal,2304,0,1782362018.1089497,0.0018041133880615234
289240,normal,1221,0,1782362018.1111279,0.002178192138671875
289241,normal,2993,0,1782362018.11302,0.00189208984375
289242,normal,154,0,1782362018.1151197,0.002099752426147461
289243,normal,1395,0,1782362018.116957,0.0018372535705566406
289244,normal,2108,0,1782362018.1191177,0.002160787582397461
289245,normal,1685,0,1782362018.1211286,0.002010822296142578
289246,normal,2487,0,1782362018.1229756,0.0018470287322998047
289247,normal,3701,0,1782362018.1251376,0.0021619796752929688
289248,normal,949,2,1782362018.1271284,0.001990795135498047
289249,normal,1345,1,1782362018.1289907,0.0018622875213623047
289250,normal,1935,0,1782362018.1311219,0.002131223678588867
289251,normal,2651,0,1782362018.133159,0.00203704833984375
289252,normal,2767,0,1782362018.1349473,0.0017883777618408203
289253,normal,1514,0,1782362018.1371434,0.002196073532104492
289254,normal,2008,0,1782362018.139116,0.001972675323486328
289255,normal,3705,0,1782362018.1409552,0.0018391609191894531
289256,normal,300,0,1782362018.1431231,0.002167940139770508
289257,normal,650,0,1782362018.145131,0.0020079612731933594
289258,normal,2629,0,1782362018.1469743,0.0018432140350341797
289259,normal,1822,0,1782362018.1491358,0.0021615028381347656
289260,normal,322,0,1782362018.1511579,0.0020220279693603516
289261,normal,1260,0,1782362018.1529598,0.0018019676208496094
289262,normal,2865,0,1782362018.1551619,0.0022020339965820312
289263,normal,905,2,1782362018.1569545,0.0017926692962646484
289264,normal,2002,0,1782362018.1591496,0.002195119857788086
289265,normal,3169,1,1782362018.1609526,0.0018029212951660156
289266,normal,1243,0,1782362018.1631148,0.0021622180938720703
289267,normal,703,0,1782362018.164991,0.0018761157989501953
289268,normal,1545,0,1782362018.1671212,0.002130270004272461
289269,normal,668,0,1782362018.169151,0.002029895782470703
289270,normal,1584,0,1782362018.1709914,0.001840353012084961
289271,normal,2497,0,1782362018.173121,0.0021295547485351562
289272,normal,2990,0,1782362018.1751173,0.001996278762817383
289273,normal,1891,0,1782362018.1769764,0.0018591880798339844
289274,normal,2208,0,1782362018.1789398,0.001963376998901367
289275,normal,3235,1,1782362018.1811175,0.002177715301513672
289276,normal,2212,0,1782362018.1829202,0.001802682876586914
289277,normal,853,2,1782362018.1849093,0.001989126205444336
289278,normal,946,2,1782362018.1869118,0.0020024776458740234
289279,normal,845,2,1782362018.188899,0.0019872188568115234
289280,normal,2015,0,1782362018.19091,0.0020110607147216797
289281,normal,1706,0,1782362018.1928947,0.0019845962524414062
289282,normal,562,0,1782362018.194941,0.002046346664428711
289283,normal,2782,0,1782362018.197013,0.002071857452392578
289284,normal,1351,1,1782362018.198958,0.0019450187683105469
289285,normal,1180,0,1782362018.2009451,0.0019872188568115234
289286,normal,2491,0,1782362018.2031324,0.0021872520446777344
289287,normal,540,0,1782362018.2051322,0.0019998550415039062
289288,normal,1328,1,1782362018.2069404,0.00180816650390625
289289,normal,3232,1,1782362018.209146,0.0022056102752685547
289290,normal,813,2,1782362018.2118115,0.0026655197143554688
289291,normal,2457,0,1782362018.212902,0.0010905265808105469
289292,normal,63,0,1782362018.2149196,0.002017498016357422
289293,normal,1917,0,1782362018.216997,0.002077341079711914
289294,normal,916,2,1782362018.2188756,0.0018787384033203125
289295,normal,2950,0,1782362018.2208836,0.0020079612731933594
289296,normal,641,0,1782362018.222934,0.0020503997802734375
289297,normal,3327,1,1782362018.2249532,0.002019166946411133
289298,normal,1656,0,1782362018.2268872,0.001934051513671875
289299,normal,305,0,1782362018.229132,0.002244710922241211
289300,normal,1895,0,1782362018.230952,0.0018200874328613281
289301,normal,2206,0,1782362018.2331617,0.0022096633911132812
289302,normal,807,2,1782362018.2351286,0.0019669532775878906
289303,normal,1540,0,1782362018.236983,0.0018544197082519531
289304,normal,701,0,1782362018.2391381,0.0021550655364990234
289305,normal,476,0,1782362018.2411351,0.0019969940185546875
289306,normal,3652,0,1782362018.2429466,0.0018115043640136719
289307,normal,3583,0,1782362018.2451272,0.0021805763244628906
289308,normal,1212,0,1782362018.2471306,0.0020034313201904297
289309,normal,940,2,1782362018.24895,0.0018193721771240234
289310,normal,37,0,1782362018.2511938,0.0022437572479248047
289311,normal,2702,0,1782362018.252941,0.00174713134765625
289312,normal,1037,0,1782362018.2551384,0.0021975040435791016
289313,normal,1436,0,1782362018.256953,0.0018146038055419922
289314,normal,860,2,1782362018.2590864,0.0021333694458007812
289315,normal,2756,0,1782362018.2609837,0.0018973350524902344
289316,normal,997,2,1782362018.263161,0.0021772384643554688
289317,normal,1751,0,1782362018.2651243,0.001963376998901367
289318,normal,375,0,1782362018.2669802,0.0018558502197265625
289319,normal,2841,0,1782362018.2691174,0.0021371841430664062
289320,normal,1383,0,1782362018.271137,0.002019643783569336
289321,normal,1962,0,1782362018.2729564,0.0018193721771240234
289322,normal,941,2,1782362018.275183,0.002226591110229492
289323,normal,2069,0,1782362018.2769392,0.0017561912536621094
289324,normal,171,0,1782362018.2789886,0.0020494461059570312
289325,normal,612,0,1782362018.2811253,0.002136707305908203
289326,normal,2686,0,1782362018.2831159,0.0019905567169189453
289327,normal,597,0,1782362018.284982,0.0018661022186279297
289328,normal,2285,0,1782362018.287119,0.0021369457244873047
289329,normal,2877,0,1782362018.289118,0.0019991397857666016
289330,normal,2389,0,1782362018.2909954,0.0018773078918457031
289331,normal,1369,1,1782362018.2931333,0.002137899398803711
289332,normal,2341,0,1782362018.2951148,0.001981496810913086
289333,normal,3178,1,1782362018.2969925,0.0018777847290039062
289334,normal,3021,0,1782362018.2991202,0.0021276473999023438
289335,normal,2333,0,1782362018.3011153,0.001995086669921875
289336,normal,2081,0,1782362018.3029888,0.0018734931945800781
289337,normal,288,0,1782362018.305124,0.0021352767944335938
289338,normal,786,2,1782362018.3071163,0.0019922256469726562
289339,normal,402,0,1782362018.3089843,0.0018680095672607422
289340,normal,441,0,1782362018.311113,0.0021288394927978516
289341,normal,2322,0,1782362018.3131216,0.0020084381103515625
289342,normal,1856,0,1782362018.3149838,0.0018622875213623047
289343,normal,150,0,1782362018.3171275,0.0021436214447021484
289344,normal,1178,0,1782362018.3192732,0.0021457672119140625
289345,normal,622,0,1782362018.3209808,0.0017075538635253906
289346,normal,2360,0,1782362018.323196,0.002215147018432617
289347,normal,463,0,1782362018.3250954,0.0018994808197021484
289348,normal,172,0,1782362018.3269339,0.0018384456634521484
289349,normal,3270,1,1782362018.3291886,0.0022547245025634766
289350,normal,2510,0,1782362018.331119,0.0019304752349853516
289351,normal,1887,0,1782362018.3329904,0.001871347427368164
289352,normal,2269,0,1782362018.3351266,0.00213623046875
289353,normal,1957,0,1782362018.3371253,0.0019986629486083984
289354,normal,596,0,1782362018.3389885,0.001863241195678711
289355,normal,2196,0,1782362018.3411257,0.0021371841430664062
289356,normal,3034,0,1782362018.343124,0.0019981861114501953
289357,normal,2083,0,1782362018.3449569,0.0018329620361328125
289358,normal,254,0,1782362018.3471875,0.0022306442260742188
289359,normal,550,0,1782362018.3491883,0.0020008087158203125
289360,normal,3138,1,1782362018.350948,0.0017597675323486328
289361,normal,765,0,1782362018.3531814,0.002233266830444336
289362,normal,607,0,1782362018.3551216,0.0019402503967285156
289363,normal,548,0,1782362018.3570166,0.0018949508666992188
289364,normal,1360,1,1782362018.3589447,0.001928091049194336
289365,normal,1388,0,1782362018.361121,0.0021762847900390625
289366,normal,3390,1,1782362018.3630068,0.0018858909606933594
289367,normal,2797,0,1782362018.365125,0.0021181106567382812
289368,normal,1701,0,1782362018.3671463,0.002021312713623047
289369,normal,3489,0,1782362018.3689446,0.001798391342163086
289370,normal,2769,0,1782362018.3711429,0.0021982192993164062
289371,normal,484,0,1782362018.3731434,0.002000570297241211
289372,normal,907,2,1782362018.3750372,0.001893758773803711
289373,normal,3491,0,1782362018.37711,0.0020728111267089844
289374,normal,1815,0,1782362018.3791475,0.002037525177001953
289375,normal,1239,0,1782362018.380952,0.001804351806640625
289376,normal,901,2,1782362018.3832119,0.002259969711303711
289377,normal,583,0,1782362018.384955,0.0017430782318115234
289378,normal,3438,0,1782362018.3871553,0.0022003650665283203
289379,normal,2107,0,1782362018.3889506,0.0017952919006347656
289380,normal,1805,0,1782362018.3911498,0.0021991729736328125
289381,normal,1817,0,1782362018.3929448,0.001795053482055664
289382,normal,491,0,1782362018.3952096,0.002264738082885742
289383,normal,1548,0,1782362018.3969817,0.001772165298461914
289384,normal,1051,0,1782362018.3991246,0.0021429061889648438
289385,normal,447,0,1782362018.4010193,0.0018947124481201172
289386,normal,380,0,1782362018.4031222,0.0021028518676757812
289387,normal,1288,0,1782362018.405015,0.0018928050994873047
289388,normal,1311,0,1782362018.407173,0.002157926559448242
289389,normal,2861,0,1782362018.4091568,0.0019838809967041016
289390,normal,2244,0,1782362018.4109461,0.0017893314361572266
289391,normal,2415,0,1782362018.4131312,0.0021851062774658203
289392,normal,1150,0,1782362018.4151247,0.001993417739868164
289393,normal,1594,0,1782362018.4170105,0.0018858909606933594
289394,normal,2504,0,1782362018.4191213,0.002110719680786133
289395,normal,2538,0,1782362018.4211557,0.002034425735473633
289396,normal,257,0,1782362018.4229448,0.001789093017578125
289397,normal,3146,1,1782362018.4251425,0.002197742462158203
289398,normal,2277,0,1782362018.4271188,0.0019762516021728516
289399,normal,161,0,1782362018.4290068,0.0018880367279052734
289400,normal,2340,0,1782362018.4311278,0.0021209716796875
289401,normal,1812,0,1782362018.4331453,0.002017498016357422
289402,normal,317,0,1782362018.4349823,0.001837015151977539
289403,normal,2721,0,1782362018.4371505,0.0021681785583496094
289404,normal,995,2,1782362018.4391224,0.0019719600677490234
289405,normal,2828,0,1782362018.4410079,0.0018854141235351562
289406,normal,1467,0,1782362018.4431179,0.002110004425048828
289407,normal,3176,1,1782362018.445153,0.0020351409912109375
289408,normal,1992,0,1782362018.4469426,0.0017895698547363281
289409,normal,1590,0,1782362018.4491441,0.002201557159423828
289410,normal,1871,0,1782362018.4511178,0.0019736289978027344
289411,normal,2792,0,1782362018.453006,0.001888275146484375
289412,normal,108,0,1782362018.4551184,0.0021123886108398438
289413,normal,19,0,1782362018.4571483,0.002029895782470703
289414,normal,3655,0,1782362018.4589942,0.0018458366394042969
289415,normal,842,2,1782362018.4611602,0.0021660327911376953
289416,normal,688,0,1782362018.4631245,0.0019643306732177734
289417,normal,2780,0,1782362018.465009,0.00188446044921875
289418,normal,3558,0,1782362018.4671197,0.002110719680786133
289419,normal,2043,0,1782362018.4691904,0.0020706653594970703
289420,normal,311,0,1782362018.4709496,0.0017592906951904297
289421,normal,1653,0,1782362018.4732027,0.0022530555725097656
289422,normal,1898,0,1782362018.4749537,0.001750946044921875
289423,normal,735,0,1782362018.477151,0.002197265625
289424,normal,1031,0,1782362018.4789371,0.0017862319946289062
289425,normal,524,0,1782362018.4811478,0.0022106170654296875
289426,normal,1205,0,1782362018.4829435,0.0017957687377929688
289427,normal,2930,0,1782362018.4851956,0.0022521018981933594
289428,normal,2552,0,1782362018.486948,0.0017523765563964844
289429,normal,1632,0,1782362018.4891515,0.0022034645080566406
289430,normal,1567,0,1782362018.490944,0.0017924308776855469
289431,normal,636,0,1782362018.4931378,0.002193927764892578
289432,normal,531,0,1782362018.4949443,0.001806497573852539
289433,normal,3608,0,1782362018.4971461,0.0022017955780029297
289434,normal,2648,0,1782362018.4991274,0.0019812583923339844
289435,normal,2773,0,1782362018.5010054,0.0018780231475830078
289436,normal,682,0,1782362018.5031195,0.0021140575408935547
289437,normal,2237,0,1782362018.5051498,0.0020303726196289062
289438,normal,174,0,1782362018.5069458,0.0017960071563720703
289439,normal,1984,0,1782362018.509147,0.002201080322265625
289440,normal,2477,0,1782362018.5111217,0.001974821090698242
289441,normal,1490,0,1782362018.5130057,0.0018839836120605469
289442,normal,2835,0,1782362018.5151198,0.0021140575408935547
289443,normal,1563,0,1782362018.5171406,0.0020208358764648438
289444,normal,1909,0,1782362018.5189514,0.0018107891082763672
289445,normal,1979,0,1782362018.5211484,0.0021970272064208984
289446,normal,13,0,1782362018.5231307,0.0019822120666503906
289447,normal,494,0,1782362018.5250137,0.0018830299377441406
289448,normal,1997,0,1782362018.5271242,0.0021104812622070312
289449,normal,353,0,1782362018.5291495,0.0020253658294677734
289450,normal,1755,0,1782362018.5309453,0.0017957687377929688
289451,normal,49,0,1782362018.5331457,0.0022003650665283203
289452,normal,2324,0,1782362018.5351257,0.0019800662994384766
289453,normal,2195,0,1782362018.5370095,0.0018837451934814453
289454,normal,3636,0,1782362018.539148,0.0021386146545410156
289455,normal,81,0,1782362018.5411186,0.001970529556274414
289456,normal,1001,2,1782362018.5430117,0.0018930435180664062
289457,normal,1234,0,1782362018.545121,0.0021092891693115234
289458,normal,2408,0,1782362018.5471535,0.0020325183868408203
289459,normal,1133,0,1782362018.5489447,0.001791238784790039
289460,normal,1725,0,1782362018.5512054,0.0022606849670410156
289461,normal,3406,0,1782362018.5529454,0.0017399787902832031
289462,normal,961,2,1782362018.555181,0.0022356510162353516
289463,normal,3126,1,1782362018.5570288,0.0018477439880371094
289464,normal,657,0,1782362018.5591495,0.0021207332611083984
289465,normal,481,0,1782362018.5609448,0.0017952919006347656
289466,normal,2376,0,1782362018.5632088,0.0022640228271484375
289467,normal,1491,0,1782362018.5649593,0.0017504692077636719
289468,normal,1865,0,1782362018.5671432,0.0021839141845703125
289469,normal,2822,0,1782362018.5690343,0.0018911361694335938
289470,normal,2274,0,1782362018.5711434,0.002109050750732422
289471,normal,145,0,1782362018.5729485,0.0018050670623779297
289472,normal,783,2,1782362018.5752187,0.002270221710205078
289473,normal,2814,0,1782362018.5769522,0.001733541488647461
289474,normal,1783,0,1782362018.5791602,0.0022079944610595703
289475,normal,29,0,1782362018.5810378,0.0018775463104248047
289476,normal,834,2,1782362018.583146,0.002108335494995117
289477,normal,404,0,1782362018.584945,0.001798868179321289
289478,normal,3242,1,1782362018.5870054,0.002060413360595703
289479,normal,1998,0,1782362018.5891128,0.002107381820678711
289480,normal,1240,0,1782362018.5910048,0.00189208984375
289481,normal,1402,0,1782362018.5931146,0.0021097660064697266
289482,normal,363,0,1782362018.595159,0.0020444393157958984
289483,normal,3154,1,1782362018.5969481,0.001789093017578125
289484,normal,2370,0,1782362018.5991442,0.002196073532104492
289485,normal,2894,0,1782362018.6011288,0.0019845962524414062
289486,normal,815,2,1782362018.6030078,0.001878976821899414
289487,normal,12,0,1782362018.6051228,0.002115011215209961
289488,normal,3352,1,1782362018.6071491,0.0020263195037841797
289489,normal,303,0,1782362018.6089447,0.0017955303192138672
289490,normal,1922,0,1782362018.611157,0.0022122859954833984
289491,normal,655,0,1782362018.6131296,0.001972675323486328
289492,normal,1026,2,1782362018.6150038,0.0018742084503173828
289493,normal,903,2,1782362018.6171334,0.0021295547485351562
289494,normal,3033,0,1782362018.619151,0.0020177364349365234
289495,normal,1691,0,1782362018.6209455,0.0017943382263183594
289496,normal,902,2,1782362018.6231546,0.002209186553955078
289497,normal,2250,0,1782362018.6251204,0.001965761184692383
289498,normal,1368,1,1782362018.6270044,0.0018839836120605469
289499,normal,730,0,1782362018.628944,0.001939535140991211
289500,normal,2789,0,1782362018.6311517,0.0022077560424804688
289501,normal,3117,1,1782362018.632944,0.0017924308776855469
289502,normal,957,2,1782362018.635164,0.0022199153900146484
289503,normal,3627,0,1782362018.6369436,0.0017795562744140625
289504,normal,1819,0,1782362018.6391463,0.002202749252319336
289505,normal,1107,0,1782362018.6409447,0.001798391342163086
289506,normal,1296,0,1782362018.6431255,0.002180814743041992
289507,normal,1266,0,1782362018.6450062,0.001880645751953125
289508,normal,3401,1,1782362018.6471334,0.0021271705627441406
289509,normal,1203,0,1782362018.6491513,0.002017974853515625
289510,normal,2863,0,1782362018.6509442,0.00179290771484375
289511,normal,1198,0,1782362018.6531525,0.002208232879638672
289512,normal,3212,1,1782362018.6551275,0.0019750595092773438
289513,normal,120,0,1782362018.6570072,0.0018796920776367188
289514,normal,2954,0,1782362018.6591182,0.0021109580993652344
289515,normal,141,0,1782362018.6611686,0.0020503997802734375
289516,normal,3218,1,1782362018.6629438,0.0017752647399902344
289517,normal,1333,1,1782362018.6651413,0.0021975040435791016
289518,normal,1462,0,1782362018.667122,0.0019805431365966797
289519,normal,1740,0,1782362018.6690094,0.0018875598907470703
289520,normal,83,0,1782362018.6711192,0.0021097660064697266
289521,normal,297,0,1782362018.6731591,0.0020399093627929688
289522,normal,1924,0,1782362018.6749525,0.0017933845520019531
289523,normal,2231,0,1782362018.6771436,0.0021910667419433594
289524,normal,2639,0,1782362018.678947,0.0018033981323242188
289525,normal,3588,0,1782362018.6811447,0.002197742462158203
289526,normal,1509,0,1782362018.6829436,0.001798868179321289
289527,normal,2845,0,1782362018.6851468,0.002203226089477539
289528,normal,2849,0,1782362018.6869464,0.0017995834350585938
289529,normal,3514,0,1782362018.6891565,0.0022101402282714844
289530,normal,3409,0,1782362018.6909583,0.0018017292022705078
289531,normal,3089,1,1782362018.6929984,0.0020401477813720703
289532,normal,1642,0,1782362018.6951578,0.0021593570709228516
289533,normal,1427,0,1782362018.697133,0.0019752979278564453
289534,normal,1513,0,1782362018.6989453,0.0018122196197509766
289535,normal,3223,1,1782362018.7011435,0.0021982192993164062
289536,normal,2811,0,1782362018.703166,0.0020225048065185547
289537,normal,3557,0,1782362018.7050102,0.001844167709350586
289538,normal,2359,0,1782362018.7071235,0.00211334228515625
289539,normal,3142,1,1782362018.709147,0.002023458480834961
289540,normal,2024,0,1782362018.7109473,0.0018002986907958984
289541,normal,3022,0,1782362018.7130098,0.002062559127807617
289542,normal,3449,0,1782362018.7151213,0.0021114349365234375
289543,normal,3265,1,1782362018.7170064,0.0018851757049560547
289544,normal,564,0,1782362018.719123,0.0021164417266845703
289545,normal,1412,0,1782362018.7211533,0.0020303726196289062
289546,normal,1003,2,1782362018.7229443,0.0017910003662109375
289547,normal,1233,0,1782362018.725144,0.0021996498107910156
289548,normal,147,0,1782362018.727117,0.0019731521606445312
289549,normal,1696,0,1782362018.7290094,0.0018923282623291016
289550,normal,3485,0,1782362018.7311206,0.002111196517944336
289551,normal,3561,0,1782362018.7331526,0.002032041549682617
289552,normal,1285,0,1782362018.734944,0.0017914772033691406
289553,normal,2595,0,1782362018.7371464,0.002202272415161133
289554,normal,1534,0,1782362018.7391176,0.0019712448120117188
289555,normal,629,0,1782362018.7410066,0.0018889904022216797
289556,normal,900,2,1782362018.7431254,0.002118825912475586
289557,normal,3642,0,1782362018.7451544,0.002028942108154297
289558,normal,58,0,1782362018.7469447,0.0017902851104736328
289559,normal,389,0,1782362018.749143,0.0021982192993164062
289560,normal,456,0,1782362018.7511194,0.001976490020751953
289561,normal,3216,1,1782362018.7530067,0.0018873214721679688
289562,normal,2744,0,1782362018.7551258,0.0021190643310546875
289563,normal,327,0,1782362018.7571578,0.002032041549682617
289564,normal,284,0,1782362018.7589436,0.0017857551574707031
289565,normal,336,0,1782362018.7611926,0.002249002456665039
289566,normal,3322,1,1782362018.762943,0.0017504692077636719
289567,normal,1916,0,1782362018.7651422,0.0021991729736328125
289568,normal,2314,0,1782362018.7669444,0.001802206039428711
289569,normal,1122,0,1782362018.7691514,0.002207040786743164
289570,normal,998,2,1782362018.7709434,0.0017919540405273438
289571,normal,1454,0,1782362018.7731888,0.0022454261779785156
289572,normal,1067,0,1782362018.7751217,0.0019328594207763672
289573,normal,1561,0,1782362018.7770076,0.0018858909606933594
289574,normal,979,2,1782362018.7791266,0.0021190643310546875
289575,normal,3186,1,1782362018.7811635,0.0020368099212646484
289576,normal,763,0,1782362018.7829454,0.0017819404602050781
289577,normal,1778,0,1782362018.7852037,0.00225830078125
289578,normal,428,0,1782362018.7871346,0.0019309520721435547
289579,normal,2855,0,1782362018.789004,0.0018694400787353516
289580,normal,422,0,1782362018.7911928,0.0021886825561523438
289581,normal,3211,1,1782362018.79302,0.001827239990234375
289582,normal,1014,2,1782362018.7951217,0.0021016597747802734
289583,normal,611,0,1782362018.7970417,0.0019199848175048828
289584,normal,1308,0,1782362018.7991235,0.0020818710327148438
289585,normal,1597,0,1782362018.8010101,0.001886606216430664
289586,normal,2178,0,1782362018.8031266,0.0021164417266845703
289587,normal,805,2,1782362018.805163,0.0020363330841064453
289588,normal,1710,0,1782362018.8069448,0.0017819404602050781
289589,normal,2724,0,1782362018.8092134,0.002268552780151367
289590,normal,2278,0,1782362018.8109741,0.001760721206665039
289591,normal,3658,0,1782362018.8134046,0.002430438995361328
289592,normal,838,2,1782362018.8150446,0.0016400814056396484
289593,normal,3646,0,1782362018.8172734,0.0022287368774414062
289594,normal,2134,0,1782362018.8190086,0.0017352104187011719
289595,normal,1716,0,1782362018.8211398,0.002131223678588867
289596,normal,125,0,1782362018.8231463,0.00200653076171875
289597,normal,3078,1,1782362018.8249452,0.001798868179321289
289598,normal,54,0,1782362018.827144,0.0021986961364746094
289599,normal,2455,0,1782362018.8291283,0.0019843578338623047
289600,normal,1220,0,1782362018.8310103,0.0018820762634277344
289601,normal,3580,0,1782362018.8331244,0.0021140575408935547
289602,normal,2831,0,1782362018.8351495,0.002025127410888672
289603,normal,971,2,1782362018.8369443,0.0017948150634765625
289604,normal,2468,0,1782362018.839005,0.0020606517791748047
289605,normal,2557,0,1782362018.8411217,0.002116680145263672
289606,normal,3236,1,1782362018.8430016,0.0018799304962158203
289607,normal,1469,0,1782362018.844943,0.0019414424896240234
289608,normal,3102,1,1782362018.8469152,0.001972198486328125
289609,normal,2972,0,1782362018.8489199,0.0020046234130859375
289610,normal,143,0,1782362018.850928,0.002008199691772461
289611,normal,2353,0,1782362018.8529446,0.0020165443420410156
289612,normal,3461,0,1782362018.8549442,0.0019996166229248047
289613,normal,1341,1,1782362018.8568976,0.0019533634185791016
289614,normal,3297,1,1782362018.8589504,0.002052783966064453
289615,normal,2705,0,1782362018.8610206,0.002070188522338867
289616,normal,2618,0,1782362018.8628721,0.0018515586853027344
289617,normal,1504,0,1782362018.8651667,0.0022945404052734375
289618,normal,2246,0,1782362018.8669455,0.0017788410186767578
289619,normal,2795,0,1782362018.8691518,0.0022063255310058594
289620,normal,1619,0,1782362018.8711183,0.0019664764404296875
289621,normal,1854,0,1782362018.873009,0.0018906593322753906
289622,normal,1232,0,1782362018.8749378,0.0019288063049316406
289623,normal,2426,0,1782362018.8771594,0.0022215843200683594
289624,normal,234,0,1782362018.8789608,0.0018014907836914062
289625,normal,996,2,1782362018.8809216,0.00196075439453125
289626,normal,1650,0,1782362018.882977,0.0020554065704345703
289627,normal,2779,0,1782362018.884886,0.001909017562866211
289628,normal,2882,0,1782362018.8871179,0.0022318363189697266
289629,normal,1394,0,1782362018.8891532,0.002035379409790039
289630,normal,1334,1,1782362018.8909452,0.0017919540405273438
289631,normal,3421,0,1782362018.893149,0.002203702926635742
289632,normal,2059,0,1782362018.8951201,0.0019712448120117188
289633,normal,2615,0,1782362018.897005,0.0018849372863769531
289634,normal,3614,0,1782362018.8991265,0.002121448516845703
289635,normal,3676,0,1782362018.9011533,0.002026796340942383
289636,normal,1112,0,1782362018.9029477,0.0017943382263183594
289637,normal,3152,1,1782362018.9051442,0.0021965503692626953
289638,normal,2066,0,1782362018.9071658,0.0020215511322021484
289639,normal,345,0,1782362018.9090364,0.0018706321716308594
289640,normal,893,2,1782362018.9111512,0.0021147727966308594
289641,normal,2591,0,1782362018.9131305,0.001979351043701172
289642,normal,3471,0,1782362018.9150102,0.0018796920776367188
289643,normal,2334,0,1782362018.9171238,0.0021135807037353516
289644,normal,2589,0,1782362018.9191782,0.002054452896118164
289645,normal,2853,0,1782362018.9209476,0.0017693042755126953
289646,normal,282,0,1782362018.923154,0.002206563949584961
289647,normal,1329,1,1782362018.925124,0.0019698143005371094
289648,normal,683,0,1782362018.9270093,0.0018854141235351562
289649,normal,3460,0,1782362018.9291277,0.002118349075317383
289650,normal,1758,0,1782362018.9311523,0.0020246505737304688
289651,normal,661,0,1782362018.9329467,0.0017943382263183594
289652,normal,2292,0,1782362018.9351523,0.0022056102752685547
289653,normal,1498,0,1782362018.9371305,0.001978158950805664
289654,normal,346,0,1782362018.9390075,0.0018770694732666016
289655,normal,1092,0,1782362018.9412878,0.0022802352905273438
289656,normal,2133,0,1782362018.942946,0.0016582012176513672
289657,normal,1818,0,1782362018.9451532,0.0022072792053222656
289658,normal,2754,0,1782362018.9469466,0.0017933845520019531
289659,normal,475,0,1782362018.9491525,0.0022058486938476562
289660,normal,3188,1,1782362018.9509451,0.0017926692962646484
289661,normal,8,0,1782362018.953147,0.0022017955780029297
289662,normal,2375,0,1782362018.9551268,0.001979827880859375
289663,normal,2616,0,1782362018.9570067,0.0018799304962158203
289664,normal,472,0,1782362018.9591262,0.0021195411682128906
289665,normal,1219,0,1782362018.9611595,0.002033233642578125
289666,normal,2740,0,1782362018.9629474,0.0017879009246826172
289667,normal,295,0,1782362018.9651465,0.0021991729736328125
289668,normal,2321,0,1782362018.967131,0.0019843578338623047
289669,normal,2155,0,1782362018.9690077,0.0018768310546875
289670,normal,3670,0,1782362018.9711595,0.0021517276763916016
289671,normal,339,0,1782362018.9731522,0.0019927024841308594
289672,normal,1265,0,1782362018.9749477,0.0017955303192138672
289673,normal,2433,0,1782362018.9771488,0.002201080322265625
289674,normal,1569,0,1782362018.9791243,0.001975536346435547
289675,normal,2383,0,1782362018.9810095,0.0018851757049560547
289676,normal,511,0,1782362018.9829445,0.0019350051879882812
289677,normal,2539,0,1782362018.985011,0.0020666122436523438
289678,normal,3075,1,1782362018.987121,0.002110004425048828
289679,normal,3301,1,1782362018.9890063,0.0018851757049560547
289680,normal,3483,0,1782362018.9910314,0.002025127410888672
289681,normal,2111,0,1782362018.9929116,0.0018801689147949219
289682,normal,951,2,1782362018.9949088,0.001997232437133789
289683,normal,3686,0,1782362018.996954,0.002045154571533203
289684,normal,2481,0,1782362018.999026,0.0020720958709716797
289685,normal,1101,0,1782362019.000909,0.0018830299377441406
289686,normal,2680,0,1782362019.003052,0.0021429061889648438
289687,normal,3357,1,1782362019.0049055,0.0018534660339355469
289688,normal,2363,0,1782362019.006947,0.0020415782928466797
289689,normal,3668,0,1782362019.0089195,0.0019724369049072266
289690,normal,338,0,1782362019.0109808,0.0020613670349121094
289691,normal,3612,0,1782362019.0128932,0.0019123554229736328
289692,normal,873,2,1782362019.0149212,0.0020279884338378906
289693,normal,1784,0,1782362019.016962,0.002040863037109375
289694,normal,2258,0,1782362019.0189123,0.0019502639770507812
289695,normal,894,2,1782362019.020937,0.0020246505737304688
289696,normal,3465,0,1782362019.022987,0.0020499229431152344
289697,normal,2263,0,1782362019.0248923,0.0019054412841796875
289698,normal,2505,0,1782362019.0269363,0.0020439624786376953
289699,normal,1224,0,1782362019.029223,0.002286672592163086
289700,normal,28,0,1782362019.0309777,0.0017547607421875
289701,normal,2084,0,1782362019.0331624,0.002184629440307617
289702,normal,2176,0,1782362019.0350096,0.0018472671508789062
289703,normal,2749,0,1782362019.0371575,0.0021479129791259766
289704,normal,61,0,1782362019.0391479,0.0019903182983398438
289705,normal,3550,0,1782362019.0409844,0.001836538314819336
289706,normal,2182,0,1782362019.043144,0.002159595489501953
289707,normal,3247,1,1782362019.0451736,0.0020296573638916016
289708,normal,451,0,1782362019.0469773,0.0018036365509033203
289709,normal,3017,0,1782362019.0491598,0.002182483673095703
289710,normal,1387,0,1782362019.0511408,0.001981019973754883
289711,normal,768,0,1782362019.0529895,0.0018486976623535156
289712,normal,739,0,1782362019.0551474,0.002157926559448242
289713,normal,2900,0,1782362019.0570068,0.001859426498413086
289714,normal,3006,0,1782362019.0591714,0.002164602279663086
289715,normal,3119,1,1782362019.0609455,0.0017740726470947266
289716,normal,2956,0,1782362019.0631273,0.0021817684173583984
289717,normal,1148,0,1782362019.0649438,0.0018165111541748047
289718,normal,2947,0,1782362019.0670462,0.002102375030517578
289719,normal,2660,0,1782362019.0689375,0.0018913745880126953
289720,normal,280,0,1782362019.0709162,0.001978635787963867
289721,normal,1497,0,1782362019.0729253,0.002009153366088867
289722,normal,1406,0,1782362019.0749204,0.001995086669921875
289723,normal,1102,0,1782362019.076978,0.0020575523376464844
289724,normal,1861,0,1782362019.0789204,0.0019423961639404297
289725,normal,2694,0,1782362019.0810242,0.0021038055419921875
289726,normal,610,0,1782362019.0829268,0.0019025802612304688
289727,normal,2664,0,1782362019.0849533,0.0020265579223632812
289728,normal,130,0,1782362019.0869448,0.0019915103912353516
289729,normal,1473,0,1782362019.088998,0.0020532608032226562
289730,normal,1839,0,1782362019.0909278,0.0019297599792480469
289731,normal,3463,0,1782362019.093016,0.0020880699157714844
289732,normal,2245,0,1782362019.0949335,0.0019176006317138672
289733,normal,1571,0,1782362019.096912,0.0019783973693847656
289734,normal,535,0,1782362019.0990045,0.002092599868774414
289735,normal,720,0,1782362019.100932,0.0019273757934570312
289736,normal,3369,1,1782362019.102911,0.0019791126251220703
289737,normal,1617,0,1782362019.1049604,0.0020494461059570312
289738,normal,962,2,1782362019.1069918,0.0020313262939453125
289739,normal,3445,0,1782362019.108939,0.001947164535522461
289740,normal,3224,1,1782362019.1110096,0.0020706653594970703
289741,normal,362,0,1782362019.1129503,0.0019407272338867188
289742,normal,2594,0,1782362019.1149194,0.0019690990447998047
289743,normal,1592,0,1782362019.1169043,0.001984834671020508
289744,normal,3487,0,1782362019.1188943,0.001990079879760742
289745,normal,1068,0,1782362019.1211624,0.002268075942993164
289746,normal,1010,2,1782362019.1231468,0.0019843578338623047
289747,normal,2866,0,1782362019.1249816,0.001834869384765625
289748,normal,114,0,1782362019.1271405,0.0021588802337646484
289749,normal,1479,0,1782362019.129139,0.001998424530029297
289750,normal,227,0,1782362019.1309443,0.0018053054809570312
289751,normal,3336,1,1782362019.133139,0.002194643020629883
289752,normal,1560,0,1782362019.1351364,0.0019974708557128906
289753,normal,2658,0,1782362019.136946,0.0018095970153808594
289754,normal,1558,0,1782362019.139136,0.002190113067626953
289755,normal,561,0,1782362019.141131,0.0019948482513427734
289756,normal,1882,0,1782362019.142945,0.001814126968383789
289757,normal,1782,0,1782362019.1451187,0.0021736621856689453
289758,normal,2305,0,1782362019.1471334,0.002014636993408203
289759,normal,1845,0,1782362019.1489227,0.0017893314361572266
289760,normal,977,2,1782362019.1509154,0.0019927024841308594
289761,normal,2014,0,1782362019.152937,0.0020215511322021484
289762,normal,3106,1,1782362019.1550722,0.0021352767944335938
289763,normal,1022,2,1782362019.156931,0.0018587112426757812
289764,normal,1120,0,1782362019.158952,0.0020210742950439453
289765,normal,1647,0,1782362019.1612291,0.0022771358489990234
289766,normal,1643,0,1782362019.1630356,0.001806497573852539
289767,normal,35,0,1782362019.165122,0.0020864009857177734
289768,normal,187,0,1782362019.167171,0.002048969268798828
289769,normal,2687,0,1782362019.1690176,0.0018465518951416016
289770,normal,34,0,1782362019.1711617,0.0021440982818603516
289771,normal,1028,2,1782362019.17303,0.0018682479858398438
289772,normal,3575,0,1782362019.175126,0.0020961761474609375
289773,normal,1801,0,1782362019.177021,0.0018949508666992188
289774,normal,335,0,1782362019.1791751,0.002154111862182617
289775,normal,663,0,1782362019.181005,0.0018298625946044922
289776,normal,1338,1,1782362019.182996,0.0019910335540771484
289777,normal,787,2,1782362019.1851592,0.0021631717681884766
289778,normal,3510,0,1782362019.1869116,0.0017523765563964844
289779,normal,3606,0,1782362019.188996,0.002084493637084961
289780,normal,889,2,1782362019.1909285,0.001932382583618164
289781,normal,1470,0,1782362019.192985,0.002056598663330078
289782,normal,883,2,1782362019.1951168,0.0021317005157470703
289783,normal,841,2,1782362019.196981,0.0018641948699951172
289784,normal,2876,0,1782362019.1991146,0.002133607864379883
289785,normal,816,2,1782362019.2011702,0.002055644989013672
289786,normal,2893,0,1782362019.202943,0.0017728805541992188
289787,normal,870,2,1782362019.2052338,0.0022907257080078125
289788,normal,401,0,1782362019.2069626,0.0017287731170654297
289789,normal,2776,0,1782362019.2089937,0.002031087875366211
289790,normal,3622,0,1782362019.2109945,0.0020008087158203125
289791,normal,372,0,1782362019.2131324,0.002137899398803711
289792,normal,3161,1,1782362019.2149153,0.0017828941345214844
289793,normal,1858,0,1782362019.216925,0.0020096302032470703
289794,normal,2154,0,1782362019.2189133,0.0019884109497070312
289795,normal,1074,0,1782362019.2209425,0.0020291805267333984
289796,normal,1792,0,1782362019.222913,0.001970529556274414
289797,normal,1116,0,1782362019.224947,0.0020339488983154297
289798,normal,2273,0,1782362019.226988,0.0020411014556884766
289799,normal,3532,0,1782362019.2289228,0.0019347667694091797
289800,normal,1644,0,1782362019.230997,0.0020742416381835938
289801,normal,1253,0,1782362019.2329426,0.00194549560546875
289802,normal,2832,0,1782362019.234911,0.0019683837890625
289803,normal,526,0,1782362019.2369502,0.002039194107055664
289804,normal,2225,0,1782362019.238925,0.001974821090698242
289805,normal,1930,0,1782362019.2409332,0.002008199691772461
289806,normal,729,0,1782362019.2429466,0.0020134449005126953
289807,normal,1187,0,1782362019.2449508,0.0020041465759277344
289808,normal,251,0,1782362019.2469296,0.0019788742065429688
289809,normal,3408,0,1782362019.248946,0.002016305923461914
289810,normal,1163,0,1782362019.2509837,0.0020377635955810547
289811,normal,1616,0,1782362019.2529225,0.0019388198852539062
289812,normal,2046,0,1782362019.254995,0.002072572708129883
289813,normal,3079,1,1782362019.2569497,0.0019545555114746094
289814,normal,2234,0,1782362019.2589157,0.0019659996032714844
289815,normal,1177,0,1782362019.2609468,0.002031087875366211
289816,normal,877,2,1782362019.2629373,0.0019905567169189453
289817,normal,848,2,1782362019.26495,0.0020127296447753906
289818,normal,1970,0,1782362019.2669456,0.001995563507080078
289819,normal,1189,0,1782362019.2689538,0.002008199691772461
289820,normal,616,0,1782362019.2709131,0.0019593238830566406
289821,normal,976,2,1782362019.2729464,0.002033233642578125
289822,normal,1739,0,1782362019.2749116,0.0019652843475341797
289823,normal,617,0,1782362019.2769213,0.0020096302032470703
289824,normal,1756,0,1782362019.2789826,0.0020613670349121094
289825,normal,2054,0,1782362019.280948,0.0019652843475341797
289826,normal,2632,0,1782362019.2829285,0.0019805431365966797
289827,normal,2567,0,1782362019.284947,0.002018451690673828
289828,normal,1289,0,1782362019.2869384,0.0019915103912353516
289829,normal,278,0,1782362019.2889276,0.001989126205444336
289830,normal,1964,0,1782362019.2909222,0.001994609832763672
289831,normal,488,0,1782362019.2929556,0.0020334720611572266
289832,normal,1747,0,1782362019.2949274,0.001971721649169922
289833,normal,2030,0,1782362019.2969446,0.0020172595977783203
289834,normal,2236,0,1782362019.2989821,0.002037525177001953
289835,normal,2284,0,1782362019.3009362,0.0019540786743164062
289836,normal,1945,0,1782362019.3029983,0.002062082290649414
289837,normal,1894,0,1782362019.304939,0.0019407272338867188
289838,normal,938,2,1782362019.3069124,0.001973390579223633
289839,normal,2710,0,1782362019.308945,0.0020325183868408203
289840,normal,3145,1,1782362019.310981,0.0020360946655273438
289841,normal,3318,1,1782362019.3129287,0.001947641372680664
289842,normal,1586,0,1782362019.315035,0.0021064281463623047
289843,normal,1075,0,1782362019.3169491,0.0019140243530273438
289844,normal,2332,0,1782362019.3189452,0.0019960403442382812
289845,normal,628,0,1782362019.3209472,0.0020020008087158203
289846,normal,182,0,1782362019.3229392,0.0019919872283935547
289847,normal,2350,0,1782362019.3249483,0.002009153366088867
289848,normal,3000,0,1782362019.3269966,0.0020482540130615234
289849,normal,2912,0,1782362019.3289378,0.0019412040710449219
289850,normal,236,0,1782362019.3309233,0.0019855499267578125
289851,normal,2291,0,1782362019.332946,0.0020227432250976562
289852,normal,2186,0,1782362019.33494,0.001993894577026367
289853,normal,1731,0,1782362019.3369377,0.001997709274291992
289854,normal,1027,2,1782362019.3390045,0.0020668506622314453
289855,normal,2226,0,1782362019.3410184,0.0020139217376708984
289856,normal,2388,0,1782362019.3429275,0.001909017562866211
289857,normal,3691,0,1782362019.344911,0.001983642578125
289858,normal,1621,0,1782362019.34698,0.0020689964294433594
289859,normal,911,2,1782362019.34904,0.0020599365234375
289860,normal,3267,1,1782362019.3511083,0.0020682811737060547
289861,normal,453,0,1782362019.3529186,0.001810312271118164
289862,normal,2919,0,1782362019.3549123,0.0019936561584472656
289863,normal,615,0,1782362019.3570836,0.0021712779998779297
289864,normal,1468,0,1782362019.3590724,0.0019888877868652344
289865,normal,1990,0,1782362019.3610666,0.0019941329956054688
289866,normal,3245,1,1782362019.3630252,0.001958608627319336
289867,normal,2916,0,1782362019.3651023,0.0020771026611328125
289868,normal,436,0,1782362019.3669615,0.0018591880798339844
289869,normal,1193,0,1782362019.3691466,0.0021851062774658203
289870,normal,1764,0,1782362019.3709786,0.0018320083618164062
289871,normal,393,0,1782362019.373125,0.002146482467651367
289872,normal,1952,0,1782362019.3751268,0.0020017623901367188
289873,normal,549,0,1782362019.376988,0.0018610954284667969
289874,normal,2929,0,1782362019.3791175,0.0021295547485351562
289875,normal,2750,0,1782362019.381131,0.0020134449005126953
289876,normal,1786,0,1782362019.3829522,0.001821279525756836
289877,normal,2128,0,1782362019.3851187,0.0021665096282958984
289878,normal,3699,0,1782362019.3871202,0.002001523971557617
289879,normal,1442,0,1782362019.388988,0.0018677711486816406
289880,normal,2399,0,1782362019.3911393,0.0021512508392333984
289881,normal,3602,0,1782362019.3931222,0.0019829273223876953
289882,normal,496,0,1782362019.394992,0.0018699169158935547
289883,normal,3037,0,1782362019.3971488,0.0021567344665527344
289884,normal,116,0,1782362019.3991334,0.0019845962524414062
289885,normal,2027,0,1782362019.400954,0.0018205642700195312
289886,normal,2424,0,1782362019.4031227,0.0021686553955078125
289887,normal,3591,0,1782362019.4051158,0.0019931793212890625
289888,normal,2400,0,1782362019.4071062,0.0019903182983398438
289889,normal,2781,0,1782362019.409052,0.0019457340240478516
289890,normal,2564,0,1782362019.4111302,0.0020782947540283203
289891,normal,1528,0,1782362019.4143126,0.0031824111938476562
289892,normal,1634,0,1782362019.4152644,0.0009517669677734375
289893,normal,696,0,1782362019.4171987,0.0019342899322509766
289894,normal,2949,0,1782362019.419098,0.0018992424011230469
289895,normal,2140,0,1782362019.421245,0.002147197723388672
289896,normal,1611,0,1782362019.4230385,0.0017933845520019531
289897,normal,92,0,1782362019.4252725,0.0022339820861816406
289898,normal,2794,0,1782362019.4269407,0.0016682147979736328
289899,normal,3410,0,1782362019.4290044,0.002063751220703125
289900,normal,1430,0,1782362019.4309793,0.001974821090698242
289901,normal,3128,1,1782362019.432938,0.0019588470458984375
289902,normal,1361,1,1782362019.4350498,0.002111673355102539
289903,normal,1722,0,1782362019.4369946,0.0019447803497314453
289904,normal,2310,0,1782362019.4389272,0.0019326210021972656
289905,normal,3179,1,1782362019.4410036,0.002076387405395508
289906,normal,3603,0,1782362019.4429817,0.001978158950805664
289907,normal,965,2,1782362019.444941,0.0019593238830566406
289908,normal,250,0,1782362019.447038,0.002096891403198242
289909,normal,167,0,1782362019.4489973,0.0019593238830566406
289910,normal,1390,0,1782362019.4509258,0.001928567886352539
289911,normal,1267,0,1782362019.4530156,0.0020897388458251953
289912,normal,2397,0,1782362019.4549239,0.0019083023071289062
289913,normal,2642,0,1782362019.4569514,0.0020275115966796875
289914,normal,2653,0,1782362019.4590495,0.00209808349609375
289915,normal,3530,0,1782362019.4609487,0.0018992424011230469
289916,normal,2931,0,1782362019.4631963,0.0022475719451904297
289917,normal,1062,0,1782362019.465166,0.0019698143005371094
289918,normal,3291,1,1782362019.4670346,0.0018684864044189453
289919,normal,1165,0,1782362019.4691746,0.002140045166015625
289920,normal,3440,0,1782362019.4710355,0.0018608570098876953
289921,normal,3574,0,1782362019.4729164,0.0018808841705322266
289922,normal,3198,1,1782362019.475158,0.0022416114807128906
289923,normal,3147,1,1782362019.4771733,0.002015352249145508
289924,normal,1639,0,1782362019.4789972,0.0018239021301269531
289925,normal,1172,0,1782362019.4811428,0.002145528793334961
289926,normal,2920,0,1782362019.4829974,0.0018546581268310547
289927,normal,3621,0,1782362019.4850812,0.0020837783813476562
289928,normal,2190,0,1782362019.4869847,0.001903533935546875
289929,normal,1256,0,1782362019.4891677,0.0021829605102539062
289930,normal,1773,0,1782362019.491009,0.0018413066864013672
289931,normal,232,0,1782362019.4931633,0.0021543502807617188
289932,normal,55,0,1782362019.4951925,0.0020291805267333984
289933,normal,3637,0,1782362019.4970295,0.001837015151977539
289934,normal,2558,0,1782362019.499279,0.002249479293823242
289935,normal,2810,0,1782362019.5009956,0.00171661376953125
289936,normal,1693,0,1782362019.503194,0.002198457717895508
289937,normal,3504,0,1782362019.5049918,0.0017976760864257812
289938,normal,1920,0,1782362019.5071938,0.0022020339965820312
289939,normal,2130,0,1782362019.50903,0.0018362998962402344
289940,normal,3314,1,1782362019.5111809,0.0021507740020751953
289941,normal,2441,0,1782362019.5131762,0.0019953250885009766
289942,normal,3703,0,1782362019.5149887,0.0018124580383300781
289943,normal,3286,1,1782362019.5169764,0.0019876956939697266
289944,normal,134,0,1782362019.5191827,0.0022063255310058594
289945,normal,935,2,1782362019.5210316,0.0018489360809326172
289946,normal,3353,1,1782362019.523186,0.0021543502807617188
289947,normal,2703,0,1782362019.5251667,0.0019807815551757812
289948,normal,238,0,1782362019.5269964,0.0018296241760253906
289949,normal,1164,0,1782362019.529146,0.0021495819091796875
289950,normal,2885,0,1782362019.531182,0.0020360946655273438
289951,normal,1194,0,1782362019.5330322,0.001850128173828125
289952,normal,1944,0,1782362019.5351715,0.0021393299102783203
289953,normal,2163,0,1782362019.537171,0.001999378204345703
289954,normal,132,0,1782362019.5390244,0.0018534660339355469
289955,normal,2598,0,1782362019.5412154,0.0021910667419433594
289956,normal,3430,0,1782362019.543184,0.0019686222076416016
289957,normal,1902,0,1782362019.5450175,0.0018334388732910156
289958,normal,96,0,1782362019.5471694,0.002151966094970703
289959,normal,2336,0,1782362019.5491638,0.0019943714141845703
289960,normal,3412,0,1782362019.550992,0.0018281936645507812
289961,normal,1946,0,1782362019.5531492,0.0021572113037109375
289962,normal,3490,0,1782362019.5551822,0.0020329952239990234
289963,normal,3289,1,1782362019.5570335,0.0018513202667236328
289964,normal,1342,1,1782362019.5591717,0.0021381378173828125
289965,normal,2661,0,1782362019.561175,0.0020034313201904297
289966,normal,2566,0,1782362019.562992,0.0018169879913330078
289967,normal,1273,0,1782362019.5651472,0.0021550655364990234
289968,normal,2536,0,1782362019.567181,0.0020339488983154297
289969,normal,3563,0,1782362019.5690367,0.001855611801147461
289970,normal,990,2,1782362019.571168,0.002131223678588867
289971,normal,1595,0,1782362019.5731435,0.001975536346435547
289972,normal,891,2,1782362019.5749915,0.001847982406616211
289973,normal,3437,0,1782362019.5771554,0.0021638870239257812
289974,normal,434,0,1782362019.579186,0.002030611038208008
289975,normal,3356,1,1782362019.5810297,0.0018436908721923828
289976,normal,2678,0,1782362019.5829554,0.0019257068634033203
289977,normal,3193,1,1782362019.585161,0.0022056102752685547
289978,normal,2168,0,1782362019.5869927,0.0018317699432373047
289979,normal,2623,0,1782362019.5891435,0.0021507740020751953
289980,normal,2472,0,1782362019.5911891,0.0020456314086914062
289981,normal,771,0,1782362019.5930157,0.0018265247344970703
289982,normal,1495,0,1782362019.595169,0.0021533966064453125
289983,normal,3340,1,1782362019.5971563,0.0019872188568115234
289984,normal,932,2,1782362019.5990205,0.0018641948699951172
289985,normal,1425,0,1782362019.601162,0.0021414756774902344
289986,normal,3662,0,1782362019.603176,0.00201416015625
289987,normal,1730,0,1782362019.6050432,0.001867055892944336
289988,normal,3203,1,1782362019.607165,0.0021219253540039062
289989,normal,1565,0,1782362019.6091585,0.001993417739868164
289990,normal,952,2,1782362019.6110392,0.001880645751953125
289991,normal,1393,0,1782362019.6131694,0.002130270004272461
289992,normal,1370,1,1782362019.6151612,0.001991748809814453
289993,normal,2671,0,1782362019.6170433,0.0018820762634277344
289994,normal,867,2,1782362019.6191373,0.0020940303802490234
289995,normal,2741,0,1782362019.6211746,0.0020372867584228516
289996,normal,1581,0,1782362019.6229935,0.0018188953399658203
289997,normal,2784,0,1782362019.6251616,0.0021681785583496094
289998,normal,2093,0,1782362019.627161,0.001999378204345703
289999,normal,3654,0,1782362019.6290405,0.0018794536590576172
290000,normal,2611,0,1782362019.6311393,0.0020987987518310547
290001,normal,1298,0,1782362019.6331763,0.00203704833984375
290002,normal,1774,0,1782362019.6349945,0.0018181800842285156
290003,normal,734,0,1782362019.6371663,0.002171754837036133
290004,normal,482,0,1782362019.6391675,0.0020012855529785156
290005,normal,3222,1,1782362019.6410387,0.0018711090087890625
290006,normal,442,0,1782362019.6431384,0.002099752426147461
290007,normal,560,0,1782362019.6451764,0.0020380020141601562
290008,normal,1354,1,1782362019.646997,0.0018205642700195312
290009,normal,1766,0,1782362019.6491563,0.0021593570709228516
290010,normal,474,0,1782362019.6511571,0.0020008087158203125
290011,normal,503,0,1782362019.6530387,0.0018815994262695312
290012,normal,2585,0,1782362019.6549568,0.0019180774688720703
290013,normal,2217,0,1782362019.657172,0.002215147018432617
290014,normal,544,0,1782362019.6589794,0.0018074512481689453
290015,normal,1330,1,1782362019.6610212,0.0020418167114257812
290016,normal,1729,0,1782362019.6632152,0.002193927764892578
290017,normal,1069,0,1782362019.6649444,0.0017292499542236328
290018,normal,1251,0,1782362019.6669407,0.001996278762817383
290019,normal,3210,1,1782362019.6690428,0.0021021366119384766
290020,normal,2732,0,1782362019.6709266,0.0018837451934814453
290021,normal,1312,0,1782362019.672982,0.0020554065704345703
290022,normal,256,0,1782362019.6750045,0.0020225048065185547
290023,normal,3659,0,1782362019.6769273,0.0019228458404541016
290024,normal,2582,0,1782362019.6789637,0.0020363330841064453
290025,normal,3349,1,1782362019.681004,0.002040386199951172
290026,normal,3457,0,1782362019.6829762,0.001972198486328125
290027,normal,1295,0,1782362019.684962,0.001985788345336914
290028,normal,3615,0,1782362019.6870198,0.002057790756225586
290029,normal,2003,0,1782362019.6889265,0.0019066333770751953
290030,normal,761,0,1782362019.690961,0.002034425735473633
290031,normal,78,0,1782362019.6930113,0.0020503997802734375
290032,normal,397,0,1782362019.694925,0.0019137859344482422
290033,normal,3295,1,1782362019.696962,0.00203704833984375
290034,normal,185,0,1782362019.6990056,0.002043485641479492
290035,normal,206,0,1782362019.7009628,0.0019571781158447266
290036,normal,1464,0,1782362019.702962,0.0019991397857666016
290037,normal,1134,0,1782362019.7050056,0.0020437240600585938
290038,normal,3639,0,1782362019.7069626,0.001956939697265625
290039,normal,1956,0,1782362019.7089324,0.0019698143005371094
290040,normal,1600,0,1782362019.7110167,0.0020842552185058594
290041,normal,3255,1,1782362019.7129254,0.0019087791442871094
290042,normal,2373,0,1782362019.7149622,0.0020368099212646484
290043,normal,1350,1,1782362019.716986,0.0020236968994140625
290044,normal,869,2,1782362019.7189264,0.0019404888153076172
290045,normal,582,0,1782362019.7209287,0.002002239227294922
290046,normal,1019,2,1782362019.7230158,0.002087116241455078
290047,normal,347,0,1782362019.7249293,0.0019135475158691406
290048,normal,3156,1,1782362019.7269597,0.0020303726196289062
290049,normal,1144,0,1782362019.7289863,0.0020265579223632812
290050,normal,1544,0,1782362019.7309608,0.0019745826721191406
290051,normal,2458,0,1782362019.7329326,0.001971721649169922
290052,normal,418,0,1782362019.7350113,0.0020787715911865234
290053,normal,2115,0,1782362019.7369258,0.0019145011901855469
290054,normal,691,0,1782362019.7389617,0.002035856246948242
290055,normal,3454,0,1782362019.7409918,0.0020301342010498047
290056,normal,822,2,1782362019.7429795,0.0019876956939697266
290057,normal,2706,0,1782362019.7449272,0.001947641372680664
290058,normal,3486,0,1782362019.7470167,0.0020895004272460938
290059,normal,928,2,1782362019.748927,0.0019104480743408203
290060,normal,959,2,1782362019.750962,0.002034902572631836
290061,normal,1763,0,1782362019.7529938,0.0020318031311035156
290062,normal,1911,0,1782362019.754975,0.0019812583923339844
290063,normal,1857,0,1782362019.7569427,0.0019676685333251953
290064,normal,2966,0,1782362019.7590067,0.0020639896392822266
290065,normal,1249,0,1782362019.7610364,0.0020296573638916016
290066,normal,1108,0,1782362019.7629619,0.0019254684448242188
290067,normal,3090,1,1782362019.764987,0.002025127410888672
290068,normal,1195,0,1782362019.7669735,0.0019865036010742188
290069,normal,2590,0,1782362019.7689273,0.0019538402557373047
290070,normal,2528,0,1782362019.7710142,0.0020868778228759766
290071,normal,1867,0,1782362019.772927,0.001912832260131836
290072,normal,2394,0,1782362019.7749789,0.002051830291748047
290073,normal,3056,1,1782362019.7769861,0.0020072460174560547
290074,normal,3403,0,1782362019.7789621,0.00197601318359375
290075,normal,1684,0,1782362019.7809258,0.0019636154174804688
290076,normal,3244,1,1782362019.7830293,0.002103567123413086
290077,normal,152,0,1782362019.7849236,0.001894235610961914
290078,normal,2102,0,1782362019.7869277,0.0020041465759277344
290079,normal,3285,1,1782362019.789008,0.002080202102661133
290080,normal,2833,0,1782362019.7909582,0.0019502639770507812
290081,normal,808,2,1782362019.7929587,0.002000570297241211
290082,normal,573,0,1782362019.7950106,0.002051830291748047
290083,normal,2078,0,1782362019.7969315,0.001920938491821289
290084,normal,3469,0,1782362019.7990232,0.002091646194458008
290085,normal,1825,0,1782362019.8010602,0.00203704833984375
290086,normal,3261,1,1782362019.8029976,0.0019373893737792969
290087,normal,1086,0,1782362019.8049262,0.001928567886352539
290088,normal,2763,0,1782362019.807002,0.0020759105682373047
290089,normal,589,0,1782362019.8089619,0.0019598007202148438
290090,normal,3257,1,1782362019.8109508,0.0019888877868652344
290091,normal,1190,0,1782362019.8129215,0.0019707679748535156
290092,normal,1995,0,1782362019.8149607,0.002039194107055664
290093,normal,3160,1,1782362019.816953,0.0019922256469726562
290094,normal,3573,0,1782362019.8190422,0.002089262008666992
290095,normal,2669,0,1782362019.8209815,0.0019392967224121094
290096,normal,1796,0,1782362019.8229246,0.0019431114196777344
290097,normal,195,0,1782362019.8250453,0.0021207332611083984
290098,normal,226,0,1782362019.826938,0.0018925666809082031
290099,normal,2464,0,1782362019.8289256,0.0019876956939697266
290100,normal,2657,0,1782362019.8309991,0.002073526382446289
290101,normal,1790,0,1782362019.8329604,0.001961231231689453
290102,normal,3274,1,1782362019.8349395,0.0019791126251220703
290103,normal,3503,0,1782362019.8369997,0.0020601749420166016
290104,normal,1073,0,1782362019.83896,0.001960277557373047
290105,normal,2999,0,1782362019.8409398,0.001979827880859375
290106,normal,3422,0,1782362019.843034,0.002094268798828125
290107,normal,3648,0,1782362019.8451097,0.002075672149658203
290108,normal,82,0,1782362019.8470404,0.0019307136535644531
290109,normal,2577,0,1782362019.849098,0.0020575523376464844
290110,normal,931,2,1782362019.8509743,0.0018763542175292969
290111,normal,3435,0,1782362019.8529937,0.0020194053649902344
290112,normal,1284,0,1782362019.8549113,0.0019176006317138672
290113,normal,1615,0,1782362019.857029,0.002117633819580078
290114,normal,2156,0,1782362019.858899,0.0018701553344726562
290115,normal,519,0,1782362019.8610399,0.0021407604217529297
290116,normal,850,2,1782362019.8628821,0.0018422603607177734
290117,normal,168,0,1782362019.8649988,0.002116680145263672
290118,normal,1794,0,1782362019.8671713,0.0021724700927734375
290119,normal,2951,0,1782362019.8689594,0.0017881393432617188
290120,normal,2475,0,1782362019.8711424,0.0021829605102539062
290121,normal,3553,0,1782362019.8731375,0.001995086669921875
290122,normal,1291,0,1782362019.874982,0.001844644546508789
290123,normal,594,0,1782362019.8771424,0.002160310745239258
290124,normal,1408,0,1782362019.8791409,0.001998424530029297
290125,normal,3150,1,1782362019.8809462,0.0018053054809570312
290126,normal,1363,1,1782362019.8831277,0.002181529998779297
290127,normal,1398,0,1782362019.8851614,0.002033710479736328
290128,normal,193,0,1782362019.887018,0.0018565654754638672
290129,normal,2723,0,1782362019.8891742,0.0021562576293945312
290130,normal,3320,1,1782362019.8911433,0.0019690990447998047
290131,normal,621,0,1782362019.8929477,0.001804351806640625
290132,normal,2172,0,1782362019.8951297,0.0021820068359375
290133,normal,2372,0,1782362019.8971455,0.002015829086303711
290134,normal,2016,0,1782362019.8989532,0.0018076896667480469
290135,normal,897,2,1782362019.9011796,0.0022263526916503906
290136,normal,966,2,1782362019.90314,0.0019605159759521484
290137,normal,1319,1,1782362019.9049907,0.0018506050109863281
290138,normal,2271,0,1782362019.906949,0.0019583702087402344
290139,normal,2986,0,1782362019.9091442,0.002195119857788086
290140,normal,2813,0,1782362019.910957,0.0018129348754882812
290141,normal,2089,0,1782362019.9131565,0.002199411392211914
290142,normal,408,0,1782362019.9151309,0.001974344253540039
290143,normal,2543,0,1782362019.916954,0.0018231868743896484
290144,normal,1021,2,1782362019.9191682,0.002214193344116211
290145,normal,1631,0,1782362019.9211462,0.0019779205322265625
290146,normal,398,0,1782362019.9229543,0.00180816650390625
290147,normal,391,0,1782362019.9251416,0.0021872520446777344
290148,normal,833,2,1782362019.927153,0.002011537551879883
290149,normal,2809,0,1782362019.9289527,0.0017995834350585938
290150,normal,3248,1,1782362019.931145,0.002192258834838867
290151,normal,1113,0,1782362019.9331274,0.001982450485229492
290152,normal,3251,1,1782362019.9349613,0.0018339157104492188
290153,normal,2152,0,1782362019.937145,0.002183675765991211
290154,normal,198,0,1782362019.9391317,0.0019867420196533203
290155,normal,1083,0,1782362019.94096,0.0018281936645507812
290156,normal,2559,0,1782362019.943014,0.002053976058959961
290157,normal,2521,0,1782362019.9451435,0.0021295547485351562
290158,normal,1032,0,1782362019.9469857,0.0018422603607177734
290159,normal,3533,0,1782362019.9491806,0.0021948814392089844
290160,normal,620,0,1782362019.9511476,0.0019669532775878906
290161,normal,861,2,1782362019.952963,0.0018155574798583984
290162,normal,2643,0,1782362019.9551704,0.0022072792053222656
290163,normal,2707,0,1782362019.9571323,0.001961946487426758
290164,normal,1415,0,1782362019.9589617,0.001829385757446289
290165,normal,1207,0,1782362019.9611654,0.002203702926635742
290166,normal,1109,0,1782362019.9631274,0.001961946487426758
290167,normal,3531,0,1782362019.9649637,0.0018362998962402344
290168,normal,3431,0,1782362019.9671483,0.002184629440307617
290169,normal,2316,0,1782362019.9691281,0.001979827880859375
290170,normal,1789,0,1782362019.9709618,0.0018336772918701172
290171,normal,88,0,1782362019.973158,0.002196073532104492
290172,normal,1250,0,1782362019.9751356,0.001977682113647461
290173,normal,1013,2,1782362019.976959,0.00182342529296875
290174,normal,2419,0,1782362019.9791467,0.0021877288818359375
290175,normal,1604,0,1782362019.9811375,0.001990795135498047
290176,normal,2764,0,1782362019.9829743,0.0018367767333984375
290177,normal,3051,1,1782362019.9849813,0.002007007598876953
290178,normal,2097,0,1782362019.987132,0.0021507740020751953
290179,normal,3098,1,1782362019.988958,0.0018258094787597656
290180,normal,3088,1,1782362019.991154,0.002196073532104492
290181,normal,3164,1,1782362019.9929936,0.0018396377563476562
290182,normal,47,0,1782362019.9951427,0.0021491050720214844
290183,normal,42,0,1782362019.996947,0.001804351806640625
290184,normal,2886,0,1782362019.9991436,0.0021965503692626953
290185,normal,1160,0,1782362020.0009575,0.0018138885498046875
290186,normal,2071,0,1782362020.0031686,0.0022110939025878906
290187,normal,2821,0,1782362020.0051198,0.0019512176513671875
290188,normal,1667,0,1782362020.006978,0.0018582344055175781
290189,normal,2550,0,1782362020.009173,0.0021948814392089844
290190,normal,3173,1,1782362020.0111487,0.0019757747650146484
290191,normal,879,2,1782362020.0140166,0.0028679370880126953
290192,normal,2793,0,1782362020.0149772,0.0009605884552001953
290193,normal,1516,0,1782362020.0169618,0.0019845962524414062
290194,normal,1176,0,1782362020.0190756,0.002113819122314453
290195,normal,579,0,1782362020.0209281,0.0018525123596191406
290196,normal,1418,0,1782362020.0231361,0.0022079944610595703
290197,normal,1671,0,1782362020.0249531,0.0018169879913330078
290198,normal,1323,1,1782362020.0271833,0.0022301673889160156
290199,normal,1941,0,1782362020.029057,0.0018737316131591797
290200,normal,1208,0,1782362020.0309749,0.0019178390502929688
290201,normal,797,2,1782362020.0331485,0.0021736621856689453
290202,normal,632,0,1782362020.0350912,0.0019426345825195312
290203,normal,407,0,1782362020.03696,0.0018687248229980469
290204,normal,606,0,1782362020.0391607,0.0022008419036865234
290205,normal,3556,0,1782362020.0410802,0.0019195079803466797
290206,normal,438,0,1782362020.0429757,0.0018954277038574219
290207,normal,3282,1,1782362020.0451696,0.002193927764892578
290208,normal,177,0,1782362020.0470805,0.0019109249114990234
290209,normal,755,0,1782362020.0489757,0.0018951892852783203
290210,normal,660,0,1782362020.051151,0.0021753311157226562
290211,normal,1664,0,1782362020.0530767,0.0019257068634033203
290212,normal,1954,0,1782362020.055007,0.00193023681640625
290213,normal,542,0,1782362020.057135,0.002128124237060547
290214,normal,1852,0,1782362020.059145,0.002009868621826172
290215,normal,2096,0,1782362020.0609617,0.0018167495727539062
290216,normal,3076,1,1782362020.0631678,0.002206087112426758
290217,normal,2638,0,1782362020.0651274,0.001959562301635742
290218,normal,1677,0,1782362020.0669758,0.001848459243774414
290219,normal,3671,0,1782362020.0691879,0.002212047576904297
290220,normal,2459,0,1782362020.0711281,0.0019402503967285156
290221,normal,2103,0,1782362020.0729582,0.0018301010131835938
290222,normal,2009,0,1782362020.0751538,0.002195596694946289
290223,normal,1451,0,1782362020.0771232,0.0019693374633789062
290224,normal,1624,0,1782362020.078947,0.0018239021301269531
290225,normal,1620,0,1782362020.0811193,0.002172231674194336
290226,normal,2541,0,1782362020.0831263,0.002007007598876953
290227,normal,1200,0,1782362020.084949,0.0018227100372314453
290228,normal,3610,0,1782362020.08712,0.002171039581298828
290229,normal,1972,0,1782362020.0891297,0.0020096302032470703
290230,normal,1652,0,1782362020.0909448,0.0018150806427001953
290231,normal,2228,0,1782362020.0931308,0.0021860599517822266
290232,normal,830,2,1782362020.0951312,0.0020003318786621094
290233,normal,927,2,1782362020.0969584,0.001827239990234375
290234,normal,3373,1,1782362020.0991423,0.0021839141845703125
290235,normal,1422,0,1782362020.1011372,0.0019948482513427734
290236,normal,1637,0,1782362020.1029603,0.0018231868743896484
290237,normal,2617,0,1782362020.1049616,0.0020012855529785156
290238,normal,1537,0,1782362020.1071281,0.0021665096282958984
290239,normal,355,0,1782362020.1089633,0.0018351078033447266
290240,normal,2529,0,1782362020.1111307,0.0021674633026123047
290241,normal,721,0,1782362020.113125,0.0019943714141845703
290242,normal,3394,1,1782362020.1149588,0.0018336772918701172
290243,normal,985,2,1782362020.1171365,0.002177715301513672
290244,normal,3496,0,1782362020.1191244,0.001987934112548828
290245,normal,276,0,1782362020.120953,0.0018286705017089844
290246,normal,2165,0,1782362020.1231606,0.002207517623901367
290247,normal,439,0,1782362020.1251292,0.0019686222076416016
290248,normal,1943,0,1782362020.126958,0.0018286705017089844
290249,normal,2249,0,1782362020.1291351,0.0021772384643554688
290250,normal,1293,0,1782362020.1311274,0.0019922256469726562
290251,normal,2166,0,1782362020.1329587,0.0018312931060791016
290252,normal,1967,0,1782362020.135139,0.002180337905883789
290253,normal,799,2,1782362020.1371348,0.0019958019256591797
290254,normal,1056,0,1782362020.13896,0.001825094223022461
290255,normal,3149,1,1782362020.1411343,0.00217437744140625
290256,normal,2846,0,1782362020.143127,0.0019927024841308594
290257,normal,118,0,1782362020.1449597,0.001832723617553711
290258,normal,2527,0,1782362020.1471357,0.002176046371459961
290259,normal,2335,0,1782362020.1491287,0.001992940902709961
290260,normal,1524,0,1782362020.1509593,0.0018305778503417969
290261,normal,2106,0,1782362020.153155,0.0021958351135253906
290262,normal,1574,0,1782362020.1551263,0.0019712448120117188
290263,normal,737,0,1782362020.1569586,0.0018322467803955078
290264,normal,46,0,1782362020.1591318,0.002173185348510742
290265,normal,1955,0,1782362020.1609519,0.0018200874328613281
290266,normal,1231,0,1782362020.1631396,0.0021877288818359375
290267,normal,2818,0,1782362020.1649573,0.0018177032470703125
290268,normal,2403,0,1782362020.167124,0.002166748046875
290269,normal,970,2,1782362020.1689599,0.0018358230590820312
290270,normal,1827,0,1782362020.1709557,0.0019958019256591797
290271,normal,2379,0,1782362020.1729214,0.001965761184692383
290272,normal,1465,0,1782362020.1750805,0.00215911865234375
290273,normal,2946,0,1782362020.176938,0.0018575191497802734
290274,normal,1736,0,1782362020.1790628,0.002124786376953125
290275,normal,2728,0,1782362020.1810157,0.0019528865814208984
290276,normal,3003,0,1782362020.1829336,0.0019178390502929688
290277,normal,1527,0,1782362020.1849816,0.002048015594482422
290278,normal,4,0,1782362020.1869552,0.0019736289978027344
290279,normal,3148,1,1782362020.188934,0.0019788742065429688
290280,normal,929,2,1782362020.1909523,0.0020182132720947266
290281,normal,1114,0,1782362020.1929612,0.0020089149475097656
290282,normal,753,0,1782362020.1949136,0.0019524097442626953
290283,normal,3634,0,1782362020.196952,0.0020384788513183594
290284,normal,1958,0,1782362020.1989515,0.001999378204345703
290285,normal,3599,0,1782362020.2009122,0.00196075439453125
290286,normal,2191,0,1782362020.202959,0.002046823501586914
290287,normal,2183,0,1782362020.2049506,0.0019915103912353516
290288,normal,1659,0,1782362020.2069366,0.0019860267639160156
290289,normal,3066,1,1782362020.2089512,0.002014636993408203
290290,normal,2926,0,1782362020.2109559,0.0020046234130859375
290291,normal,3171,1,1782362020.2129252,0.0019693374633789062
290292,normal,1450,0,1782362020.2149587,0.0020334720611572266
290293,normal,3065,1,1782362020.2169597,0.002001047134399414
290294,normal,117,0,1782362020.218924,0.0019643306732177734
290295,normal,3050,1,1782362020.220914,0.0019898414611816406
290296,normal,814,2,1782362020.2229578,0.0020439624786376953
290297,normal,2535,0,1782362020.2249246,0.001966714859008789
290298,normal,155,0,1782362020.2269564,0.0020318031311035156
290299,normal,2971,0,1782362020.228959,0.002002716064453125
290300,normal,2463,0,1782362020.2309268,0.0019676685333251953
290301,normal,3127,1,1782362020.2329526,0.0020258426666259766
290302,normal,1128,0,1782362020.2349598,0.0020072460174560547
290303,normal,247,0,1782362020.2369256,0.001965761184692383
290304,normal,1879,0,1782362020.2389529,0.002027273178100586
290305,normal,1724,0,1782362020.2409582,0.002005338668823242
290306,normal,1655,0,1782362020.242926,0.0019676685333251953
290307,normal,1173,0,1782362020.2449515,0.002025604248046875
290308,normal,777,2,1782362020.2469566,0.0020051002502441406
290309,normal,750,0,1782362020.2489266,0.001970052719116211
290310,normal,2933,0,1782362020.2509527,0.002026081085205078
290311,normal,2778,0,1782362020.2529576,0.002004861831665039
290312,normal,258,0,1782362020.2549312,0.0019736289978027344
290313,normal,3059,1,1782362020.2569637,0.0020325183868408203
290314,normal,3309,1,1782362020.2589593,0.001995563507080078
290315,normal,2856,0,1782362020.2609282,0.001968860626220703
290316,normal,1738,0,1782362020.2629552,0.0020270347595214844
290317,normal,1762,0,1782362020.2649584,0.002003192901611328
290318,normal,2313,0,1782362020.2669117,0.0019533634185791016
290319,normal,1057,0,1782362020.2689528,0.0020411014556884766
290320,normal,3540,0,1782362020.2709577,0.002004861831665039
290321,normal,872,2,1782362020.2729282,0.001970529556274414
290322,normal,3649,0,1782362020.274955,0.002026796340942383
290323,normal,2903,0,1782362020.276955,0.0019998550415039062
290324,normal,1512,0,1782362020.278926,0.001971006393432617
290325,normal,2040,0,1782362020.280954,0.0020279884338378906
290326,normal,2047,0,1782362020.2829459,0.0019919872283935547
290327,normal,2560,0,1782362020.2849133,0.0019674301147460938
290328,normal,421,0,1782362020.2869527,0.0020394325256347656
290329,normal,1875,0,1782362020.288945,0.0019922256469726562
290330,normal,1557,0,1782362020.2909129,0.001967906951904297
290331,normal,3688,0,1782362020.29296,0.0020470619201660156
290332,normal,640,0,1782362020.294946,0.0019860267639160156
290333,normal,719,0,1782362020.2969244,0.0019783973693847656
290334,normal,1089,0,1782362020.2989614,0.00203704833984375
290335,normal,3536,0,1782362020.3009586,0.001997232437133789
290336,normal,2628,0,1782362020.302932,0.001973390579223633
290337,normal,2131,0,1782362020.3049545,0.0020225048065185547
290338,normal,2644,0,1782362020.306961,0.00200653076171875
290339,normal,2898,0,1782362020.3089259,0.0019648075103759766
290340,normal,3048,1,1782362020.3109627,0.0020368099212646484
290341,normal,515,0,1782362020.3129592,0.0019965171813964844
290342,normal,2456,0,1782362020.3149257,0.0019664764404296875
290343,normal,1808,0,1782362020.3169644,0.002038717269897461
290344,normal,1500,0,1782362020.3189583,0.001993894577026367
290345,normal,228,0,1782362020.3209267,0.0019683837890625
290346,normal,3015,0,1782362020.3229518,0.002025127410888672
290347,normal,1070,0,1782362020.3249576,0.0020058155059814453
290348,normal,354,0,1782362020.3269262,0.0019686222076416016
290349,normal,2554,0,1782362020.3289535,0.002027273178100586
290350,normal,1376,1,1782362020.3309562,0.002002716064453125
290351,normal,2454,0,1782362020.332931,0.001974821090698242
290352,normal,2730,0,1782362020.3349545,0.002023458480834961
290353,normal,264,0,1782362020.3369584,0.002003908157348633
290354,normal,780,2,1782362020.338928,0.001969575881958008
290355,normal,1532,0,1782362020.3410742,0.0021462440490722656
290356,normal,2995,0,1782362020.3429148,0.0018405914306640625
290357,normal,1196,0,1782362020.3449259,0.0020110607147216797
290358,normal,2264,0,1782362020.3469496,0.0020236968994140625
290359,normal,292,0,1782362020.3492854,0.002335786819458008
290360,normal,1162,0,1782362020.3509884,0.001703023910522461
290361,normal,844,2,1782362020.3531117,0.0021233558654785156
290362,normal,261,0,1782362020.3549776,0.0018658638000488281
290363,normal,493,0,1782362020.3570948,0.002117156982421875
290364,normal,2799,0,1782362020.3591266,0.0020318031311035156
290365,normal,1310,0,1782362020.3609383,0.0018117427825927734
290366,normal,1493,0,1782362020.3630946,0.0021562576293945312
290367,normal,2610,0,1782362020.3651686,0.002074003219604492
290368,normal,2150,0,1782362020.366989,0.0018203258514404297
290369,normal,527,0,1782362020.3691733,0.0021843910217285156
290370,normal,3571,0,1782362020.371232,0.002058744430541992
290371,normal,2301,0,1782362020.37302,0.0017879009246826172
290372,normal,2816,0,1782362020.3750067,0.0019867420196533203
290373,normal,2719,0,1782362020.377231,0.0022242069244384766
290374,normal,2329,0,1782362020.3790083,0.0017774105072021484
290375,normal,2381,0,1782362020.3811882,0.002179861068725586
290376,normal,2368,0,1782362020.383161,0.0019729137420654297
290377,normal,2838,0,1782362020.385046,0.0018849372863769531
290378,normal,1776,0,1782362020.3871088,0.0020627975463867188
290379,normal,188,0,1782362020.3891366,0.002027750015258789
290380,normal,1403,0,1782362020.3909824,0.0018458366394042969
290381,normal,3370,1,1782362020.3931549,0.0021724700927734375
290382,normal,958,2,1782362020.3951592,0.002004384994506836
290383,normal,3680,0,1782362020.3969977,0.0018384456634521484
290384,normal,2213,0,1782362020.3992198,0.0022220611572265625
290385,normal,3206,1,1782362020.401209,0.0019893646240234375
290386,normal,2952,0,1782362020.403158,0.0019488334655761719
290387,normal,2996,0,1782362020.4050272,0.00186920166015625
290388,normal,3189,1,1782362020.407285,0.002257823944091797
290389,normal,599,0,1782362020.4090219,0.0017368793487548828
290390,normal,2906,0,1782362020.4111743,0.0021524429321289062
290391,normal,2063,0,1782362020.4131007,0.001926422119140625
290392,normal,2699,0,1782362020.4151423,0.0020415782928466797
290393,normal,217,0,1782362020.4169931,0.0018508434295654297
290394,normal,1582,0,1782362020.4192193,0.002226114273071289
290395,normal,2293,0,1782362020.4209769,0.0017576217651367188
290396,normal,80,0,1782362020.4231226,0.0021457672119140625
290397,normal,2500,0,1782362020.4250534,0.0019307136535644531
290398,normal,1230,0,1782362020.4270854,0.002032041549682617
290399,normal,440,0,1782362020.4289613,0.0018758773803710938
290400,normal,3379,1,1782362020.4311657,0.002204418182373047
290401,normal,986,2,1782362020.4329886,0.0018229484558105469
290402,normal,1628,0,1782362020.4350836,0.0020949840545654297
290403,normal,2807,0,1782362020.4371028,0.002019166946411133
290404,normal,3268,1,1782362020.4389954,0.0018925666809082031
290405,normal,2177,0,1782362020.441072,0.0020766258239746094
290406,normal,3399,1,1782362020.443116,0.0020439624786376953
290407,normal,392,0,1782362020.444963,0.0018470287322998047
290408,normal,3115,1,1782362020.447079,0.002115964889526367
290409,normal,732,0,1782362020.449062,0.001983165740966797
290410,normal,1036,0,1782362020.4509792,0.001917123794555664
290411,normal,1447,0,1782362020.4530323,0.0020530223846435547
290412,normal,3620,0,1782362020.4551067,0.0020744800567626953
290413,normal,702,0,1782362020.4570353,0.001928567886352539
290414,normal,992,2,1782362020.4590938,0.0020585060119628906
290415,normal,2037,0,1782362020.4610736,0.001979827880859375
290416,normal,1718,0,1782362020.4630022,0.001928567886352539
290417,normal,1391,0,1782362020.4650948,0.002092599868774414
290418,normal,1385,0,1782362020.46708,0.001985311508178711
290419,normal,2229,0,1782362020.4691482,0.002068042755126953
290420,normal,795,2,1782362020.4709918,0.0018436908721923828
290421,normal,1552,0,1782362020.473169,0.0021772384643554688
290422,normal,2279,0,1782362020.4750144,0.0018453598022460938
290423,normal,3393,1,1782362020.4770873,0.0020728111267089844
290424,normal,2144,0,1782362020.4790485,0.001961231231689453
290425,normal,697,0,1782362020.4811008,0.00205230712890625
290426,normal,2061,0,1782362020.4829822,0.0018813610076904297
290427,normal,2874,0,1782362020.4852052,0.0022230148315429688
290428,normal,692,0,1782362020.4869633,0.0017580986022949219
290429,normal,2935,0,1782362020.4891627,0.002199411392211914
290430,normal,658,0,1782362020.491215,0.00205230712890625
290431,normal,3110,1,1782362020.4929461,0.0017311573028564453
290432,normal,3675,0,1782362020.495138,0.002191781997680664
290433,normal,1417,0,1782362020.4971209,0.0019829273223876953
290434,normal,324,0,1782362020.4989607,0.0018398761749267578
290435,normal,1760,0,1782362020.5009196,0.0019588470458984375
290436,normal,2088,0,1782362020.5031266,0.002207040786743164
290437,normal,2726,0,1782362020.5049324,0.0018057823181152344
290438,normal,2561,0,1782362020.5071986,0.0022661685943603516
290439,normal,534,0,1782362020.5091226,0.0019240379333496094
290440,normal,1606,0,1782362020.5109437,0.0018210411071777344
290441,normal,3060,1,1782362020.5131378,0.0021941661834716797
290442,normal,2418,0,1782362020.5151012,0.001963376998901367
290443,normal,689,0,1782362020.5171661,0.002064943313598633
290444,normal,3581,0,1782362020.5189383,0.001772165298461914
290445,normal,2308,0,1782362020.5211399,0.002201557159423828
290446,normal,2351,0,1782362020.5229554,0.0018155574798583984
290447,normal,1307,0,1782362020.5249238,0.0019683837890625
290448,normal,1629,0,1782362020.5269327,0.0020089149475097656
290449,normal,2924,0,1782362020.5291328,0.0022001266479492188
290450,normal,334,0,1782362020.5309122,0.001779317855834961
290451,normal,1889,0,1782362020.533001,0.002088785171508789
290452,normal,3660,0,1782362020.5349433,0.0019423961639404297
290453,normal,2398,0,1782362020.5369148,0.0019714832305908203
290454,normal,603,0,1782362020.5389507,0.002035856246948242
290455,normal,1154,0,1782362020.540939,0.0019884109497070312
290456,normal,2098,0,1782362020.5429237,0.0019845962524414062
290457,normal,1125,0,1782362020.5449996,0.0020759105682373047
290458,normal,1885,0,1782362020.5469558,0.0019562244415283203
290459,normal,94,0,1782362020.5489125,0.0019567012786865234
290460,normal,190,0,1782362020.5509527,0.0020401477813720703
290461,normal,2239,0,1782362020.5529459,0.0019931793212890625
290462,normal,769,0,1782362020.5549235,0.001977682113647461
290463,normal,914,2,1782362020.5570083,0.0020847320556640625
290464,normal,789,2,1782362020.5589476,0.0019392967224121094
290465,normal,66,0,1782362020.5609152,0.0019676685333251953
290466,normal,413,0,1782362020.5629485,0.002033233642578125
290467,normal,770,0,1782362020.5649395,0.0019910335540771484
290468,normal,210,0,1782362020.56711,0.002170562744140625
290469,normal,314,0,1782362020.5693457,0.0022356510162353516
290470,normal,2256,0,1782362020.5711505,0.0018048286437988281
290471,normal,2205,0,1782362020.5732477,0.0020971298217773438
290472,normal,3632,0,1782362020.5751352,0.0018875598907470703
290473,normal,433,0,1782362020.5769486,0.0018134117126464844
290474,normal,552,0,1782362020.5790055,0.0020568370819091797
290475,normal,3008,0,1782362020.5809155,0.0019099712371826172
290476,normal,241,0,1782362020.5829227,0.0020072460174560547
290477,normal,2939,0,1782362020.5850027,0.0020799636840820312
290478,normal,1862,0,1782362020.5869226,0.0019199848175048828
290479,normal,2404,0,1782362020.5889232,0.002000570297241211
290480,normal,2158,0,1782362020.5910242,0.0021009445190429688
290481,normal,3354,1,1782362020.593005,0.0019807815551757812
290482,normal,21,0,1782362020.5951989,0.002193927764892578
290483,normal,1281,0,1782362020.5972347,0.002035856246948242
290484,normal,2546,0,1782362020.5989628,0.001728057861328125
290485,normal,1931,0,1782362020.6011076,0.0021448135375976562
290486,normal,685,0,1782362020.6030128,0.001905202865600586
290487,normal,3468,0,1782362020.605113,0.002100229263305664
290488,normal,3047,1,1782362020.6070054,0.0018923282623291016
290489,normal,72,0,1782362020.6090643,0.0020589828491210938
290490,normal,2068,0,1782362020.6111717,0.002107381820678711
290491,normal,3467,0,1782362020.6130629,0.0018911361694335938
290492,normal,3252,1,1782362020.6150353,0.0019724369049072266
290493,normal,367,0,1782362020.6170664,0.002031087875366211
290494,normal,1258,0,1782362020.6190016,0.0019352436065673828
290495,normal,183,0,1782362020.6210973,0.0020956993103027344
290496,normal,3007,0,1782362020.6230853,0.001987934112548828
290497,normal,3273,1,1782362020.6249855,0.0019001960754394531
290498,normal,1893,0,1782362020.6270928,0.002107381820678711
290499,normal,3351,1,1782362020.6290867,0.001993894577026367
290500,normal,1908,0,1782362020.6310346,0.0019478797912597656
290501,normal,330,0,1782362020.6332157,0.0021810531616210938
290502,normal,3665,0,1782362020.6353219,0.002106189727783203
290503,normal,3366,1,1782362020.6372943,0.0019724369049072266
290504,normal,2423,0,1782362020.6389806,0.0016863346099853516
290505,normal,1039,0,1782362020.6411517,0.002171039581298828
290506,normal,798,2,1782362020.6429892,0.0018374919891357422
290507,normal,837,2,1782362020.6451094,0.0021202564239501953
290508,normal,1675,0,1782362020.6470847,0.0019752979278564453
290509,normal,2214,0,1782362020.6490793,0.001994609832763672
290510,normal,2889,0,1782362020.6510015,0.0019221305847167969
290511,normal,376,0,1782362020.653124,0.002122640609741211
290512,normal,1881,0,1782362020.6549428,0.0018186569213867188
290513,normal,252,0,1782362020.6570003,0.0020575523376464844
290514,normal,782,2,1782362020.6590972,0.002096891403198242
290515,normal,1873,0,1782362020.6609643,0.001867055892944336
290516,normal,2540,0,1782362020.6629765,0.0020122528076171875
290517,normal,3177,1,1782362020.665123,0.002146482467651367
290518,normal,1661,0,1782362020.666873,0.0017499923706054688
290519,normal,602,0,1782362020.669063,0.002190113067626953
290520,normal,469,0,1782362020.6708694,0.0018062591552734375
290521,normal,1486,0,1782362020.672919,0.002049684524536133
290522,normal,2708,0,1782362020.674929,0.002009868621826172
290523,normal,2815,0,1782362020.6769192,0.0019903182983398438
290524,normal,3254,1,1782362020.6789286,0.0020093917846679688
290525,normal,1720,0,1782362020.681125,0.0021963119506835938
290526,normal,3229,1,1782362020.6830757,0.0019507408142089844
290527,normal,1542,0,1782362020.6849487,0.001873016357421875
290528,normal,2737,0,1782362020.6869557,0.002007007598876953
290529,normal,3423,0,1782362020.6890898,0.002134084701538086
290530,normal,1320,1,1782362020.6909432,0.0018534660339355469
290531,normal,415,0,1782362020.6931534,0.0022101402282714844
290532,normal,3324,1,1782362020.6950703,0.0019168853759765625
290533,normal,64,0,1782362020.6970537,0.0019834041595458984
290534,normal,1907,0,1782362020.6990557,0.0020020008087158203
290535,normal,2633,0,1782362020.7012517,0.002196073532104492
290536,normal,1300,0,1782362020.7030628,0.0018110275268554688
290537,normal,2476,0,1782362020.7051842,0.002121448516845703
290538,normal,1197,0,1782362020.707158,0.001973867416381836
290539,normal,2146,0,1782362020.7091122,0.0019540786743164062
290540,normal,2568,0,1782362020.711021,0.0019087791442871094
290541,normal,2327,0,1782362020.7130618,0.002040863037109375
290542,normal,532,0,1782362020.7149975,0.001935720443725586
290543,normal,1973,0,1782362020.7170844,0.0020868778228759766
290544,normal,1201,0,1782362020.719124,0.002039670944213867
290545,normal,801,2,1782362020.7210107,0.001886606216430664
290546,normal,2307,0,1782362020.7231085,0.0020978450775146484
290547,normal,3442,0,1782362020.725064,0.0019555091857910156
290548,normal,1874,0,1782362020.726988,0.0019240379333496094
290549,normal,3544,0,1782362020.7293317,0.0023436546325683594
290550,normal,1090,0,1782362020.7312007,0.0018689632415771484
290551,normal,514,0,1782362020.7329414,0.0017406940460205078
290552,normal,2899,0,1782362020.7350807,0.0021393299102783203
290553,normal,2320,0,1782362020.737061,0.001980304718017578
290554,normal,320,0,1782362020.7389977,0.0019366741180419922
290555,normal,3439,0,1782362020.7411325,0.0021347999572753906
290556,normal,3196,1,1782362020.7432363,0.0021038055419921875
290557,normal,502,0,1782362020.7449918,0.0017554759979248047
290558,normal,426,0,1782362020.747078,0.002086162567138672
290559,normal,1446,0,1782362020.7491047,0.002026796340942383
290560,normal,874,2,1782362020.7510185,0.0019137859344482422
290561,normal,712,0,1782362020.7531893,0.0021708011627197266
290562,normal,2569,0,1782362020.7552128,0.002023458480834961
290563,normal,2422,0,1782362020.7569797,0.0017669200897216797
290564,normal,358,0,1782362020.759141,0.002161264419555664
290565,normal,1578,0,1782362020.76116,0.0020189285278320312
290566,normal,3010,0,1782362020.763058,0.001898050308227539
290567,normal,1942,0,1782362020.76514,0.0020821094512939453
290568,normal,3041,0,1782362020.767165,0.0020248889923095703
290569,normal,2844,0,1782362020.768985,0.0018200874328613281
290570,normal,2346,0,1782362020.7710552,0.002070188522338867
290571,normal,3132,1,1782362020.7731347,0.002079486846923828
290572,normal,3638,0,1782362020.775065,0.00193023681640625
290573,normal,1355,1,1782362020.776991,0.0019259452819824219
290574,normal,2220,0,1782362020.779024,0.0020329952239990234
290575,normal,51,0,1782362020.7811847,0.002160787582397461
290576,normal,2722,0,1782362020.783022,0.0018372535705566406
290577,normal,2337,0,1782362020.7850778,0.0020558834075927734
290578,normal,626,0,1782362020.7870088,0.0019309520721435547
290579,normal,1389,0,1782362020.789141,0.0021321773529052734
290580,normal,5,0,1782362020.7911482,0.0020072460174560547
290581,normal,2848,0,1782362020.793085,0.0019369125366210938
290582,normal,2427,0,1782362020.795112,0.002026796340942383
290583,normal,794,2,1782362020.797077,0.001965045928955078
290584,normal,3564,0,1782362020.799083,0.002006053924560547
290585,normal,2055,0,1782362020.8010285,0.00194549560546875
290586,normal,521,0,1782362020.8030608,0.0020322799682617188
290587,normal,1630,0,1782362020.805259,0.0021982192993164062
290588,normal,1679,0,1782362020.8070495,0.0017905235290527344
290589,normal,2267,0,1782362020.8091998,0.002150297164916992
290590,normal,1687,0,1782362020.8110516,0.001851797103881836
290591,normal,1420,0,1782362020.813162,0.0021104812622070312
290592,normal,1478,0,1782362020.815138,0.00197601318359375
290593,normal,3625,0,1782362020.8169913,0.0018532276153564453
290594,normal,286,0,1782362020.819169,0.002177715301513672
290595,normal,2819,0,1782362020.8212037,0.0020346641540527344
290596,normal,810,2,1782362020.8229473,0.0017435550689697266
290597,normal,1715,0,1782362020.825063,0.0021157264709472656
290598,normal,2970,0,1782362020.8271167,0.0020537376403808594
290599,normal,446,0,1782362020.828957,0.001840353012084961
290600,normal,30,0,1782362020.8310313,0.0020742416381835938
290601,normal,2354,0,1782362020.833026,0.001994609832763672
290602,normal,191,0,1782362020.835191,0.002165079116821289
290603,normal,1835,0,1782362020.8370943,0.0019032955169677734
290604,normal,1610,0,1782362020.8392134,0.0021190643310546875
290605,normal,924,2,1782362020.8409152,0.0017018318176269531
290606,normal,3227,1,1782362020.8431754,0.0022602081298828125
290607,normal,3704,0,1782362020.8449998,0.0018243789672851562
290608,normal,16,0,1782362020.846982,0.0019822120666503906
290609,normal,947,2,1782362020.8490639,0.0020818710327148438
290610,normal,2319,0,1782362020.8510222,0.0019583702087402344
290611,normal,746,0,1782362020.853111,0.002088785171508789
290612,normal,3592,0,1782362020.8550005,0.0018894672393798828
290613,normal,566,0,1782362020.8570447,0.002044200897216797
290614,normal,909,2,1782362020.858995,0.0019502639770507812
290615,normal,856,2,1782362020.8611252,0.002130270004272461
290616,normal,2572,0,1782362020.8630345,0.0019092559814453125
290617,normal,448,0,1782362020.8651016,0.002067089080810547
290618,normal,455,0,1782362020.8671374,0.002035856246948242
290619,normal,501,0,1782362020.8690338,0.0018963813781738281
290620,normal,3330,1,1782362020.8710208,0.001986980438232422
290621,normal,304,0,1782362020.8730123,0.0019915103912353516
290622,normal,3262,1,1782362020.8750541,0.0020418167114257812
290623,normal,2136,0,1782362020.8769317,0.0018775463104248047
290624,normal,3288,1,1782362020.8790152,0.0020835399627685547
290625,normal,2137,0,1782362020.8810127,0.0019974708557128906
290626,normal,2715,0,1782362020.8830078,0.001995086669921875
290627,normal,3277,1,1782362020.885114,0.002106189727783203
290628,normal,3697,0,1782362020.887239,0.0021250247955322266
290629,normal,3677,0,1782362020.888921,0.0016820430755615234
290630,normal,1689,0,1782362020.8910244,0.0021033287048339844
290631,normal,2682,0,1782362020.8929605,0.001936197280883789
290632,normal,2185,0,1782362020.8950305,0.0020699501037597656
290633,normal,1400,0,1782362020.8970714,0.002040863037109375
290634,normal,919,2,1782362020.8991501,0.0020787715911865234
290635,normal,3258,1,1782362020.9008803,0.001730203628540039
290636,normal,1828,0,1782362020.9030259,0.002145528793334961
290637,normal,179,0,1782362020.9049768,0.001950979232788086
290638,normal,2,0,1782362020.9069161,0.0019392967224121094
290639,normal,3344,1,1782362020.9089446,0.0020284652709960938
290640,normal,1255,0,1782362020.9110324,0.002087831497192383
290641,normal,1159,0,1782362020.9129384,0.0019059181213378906
290642,normal,199,0,1782362020.9150295,0.0020911693572998047
290643,normal,2199,0,1782362020.917281,0.0022513866424560547
290644,normal,36,0,1782362020.9193344,0.002053499221801758
290645,normal,762,0,1782362020.9209347,0.0016002655029296875
290646,normal,2742,0,1782362020.923022,0.0020873546600341797
290647,normal,1605,0,1782362020.925095,0.002073049545288086
290648,normal,253,0,1782362020.927076,0.001981019973754883
290649,normal,1554,0,1782362020.9290862,0.0020101070404052734
290650,normal,1153,0,1782362020.9310117,0.0019254684448242188
290651,normal,3125,1,1782362020.9330091,0.0019974708557128906
290652,normal,44,0,1782362020.935251,0.002241849899291992
290653,normal,245,0,1782362020.937098,0.0018470287322998047
290654,normal,23,0,1782362020.9389467,0.0018486976623535156
290655,normal,3019,0,1782362020.940931,0.0019843578338623047
290656,normal,382,0,1782362020.942959,0.0020279884338378906
290657,normal,2352,0,1782362020.9449768,0.0020177364349365234
290658,normal,2445,0,1782362020.9469256,0.0019488334655761719
290659,normal,75,0,1782362020.9490108,0.0020852088928222656
290660,normal,2909,0,1782362020.9509625,0.0019516944885253906
290661,normal,2173,0,1782362020.9529107,0.0019481182098388672
290662,normal,1775,0,1782362020.9549904,0.0020797252655029297
290663,normal,1623,0,1782362020.9570262,0.002035856246948242
290664,normal,1035,0,1782362020.9589474,0.0019211769104003906
290665,normal,1836,0,1782362020.9609149,0.0019674301147460938
290666,normal,2461,0,1782362020.9629872,0.0020723342895507812
290667,normal,3337,1,1782362020.9649377,0.0019505023956298828
290668,normal,3386,1,1782362020.967097,0.0021593570709228516
290669,normal,1599,0,1782362020.9689393,0.0018422603607177734
290670,normal,2425,0,1782362020.9709175,0.001978158950805664
290671,normal,2387,0,1782362020.9729795,0.002062082290649414
290672,normal,1804,0,1782362020.974964,0.0019843578338623047
290673,normal,1257,0,1782362020.9769166,0.0019526481628417969
290674,normal,1460,0,1782362020.978985,0.0020685195922851562
290675,normal,2058,0,1782362020.980982,0.0019969940185546875
290676,normal,545,0,1782362020.9829302,0.0019481182098388672
290677,normal,2135,0,1782362020.984979,0.0020487308502197266
290678,normal,3166,1,1782362020.9872196,0.0022406578063964844
290679,normal,510,0,1782362020.9891014,0.0018818378448486328
290680,normal,423,0,1782362020.991011,0.001909494400024414
290681,normal,1614,0,1782362020.9931324,0.002121448516845703
290682,normal,265,0,1782362020.9951224,0.001990079879760742
290683,normal,215,0,1782362020.9970794,0.001956939697265625
290684,normal,139,0,1782362020.9990287,0.001949310302734375
290685,normal,3396,1,1782362021.0011878,0.00215911865234375
290686,normal,2985,0,1782362021.003162,0.0019741058349609375
290687,normal,1989,0,1782362021.004986,0.0018241405487060547
290688,normal,1492,0,1782362021.0071642,0.002178192138671875
290689,normal,149,0,1782362021.008957,0.0017926692962646484
290690,normal,2343,0,1782362021.0110412,0.0020842552185058594
290691,normal,499,0,1782362021.0130737,0.0020325183868408203
290692,normal,3579,0,1782362021.0152738,0.0022001266479492188
290693,normal,344,0,1782362021.017003,0.0017292499542236328
290694,normal,275,0,1782362021.0192008,0.002197742462158203
290695,normal,2854,0,1782362021.0210598,0.0018589496612548828
290696,normal,3617,0,1782362021.0232933,0.0022335052490234375
290697,normal,1969,0,1782362021.025022,0.0017287731170654297
290698,normal,3382,1,1782362021.0271127,0.0020906925201416016
290699,normal,715,0,1782362021.028961,0.0018482208251953125
290700,normal,178,0,1782362021.0310442,0.002083301544189453
290701,normal,3484,0,1782362021.032898,0.0018537044525146484
290702,normal,614,0,1782362021.0350134,0.002115488052368164
290703,normal,2542,0,1782362021.0369384,0.0019249916076660156
290704,normal,3693,0,1782362021.0390337,0.0020952224731445312
290705,normal,759,0,1782362021.0409274,0.001893758773803711
290706,normal,2095,0,1782362021.0429802,0.002052783966064453
290707,normal,1118,0,1782362021.044994,0.0020139217376708984
290708,normal,827,2,1782362021.0470185,0.002024412155151367
290709,normal,1011,2,1782362021.0492418,0.0022232532501220703
290710,normal,601,0,1782362021.0508773,0.0016355514526367188
290711,normal,3310,1,1782362021.0529206,0.0020432472229003906
290712,normal,3447,0,1782362021.0548933,0.001972675323486328
290713,normal,3329,1,1782362021.056919,0.0020258426666259766
290714,normal,1367,1,1782362021.058953,0.0020339488983154297
290715,normal,2743,0,1782362021.060935,0.001981973648071289
290716,normal,1283,0,1782362021.0628994,0.0019643306732177734
290717,normal,3417,0,1782362021.0649278,0.0020284652709960938
290718,normal,85,0,1782362021.0669134,0.0019855499267578125
290719,normal,113,0,1782362021.068952,0.002038717269897461
290720,normal,1977,0,1782362021.07109,0.002137899398803711
290721,normal,3312,1,1782362021.072996,0.0019059181213378906
290722,normal,3253,1,1782362021.0749745,0.001978635787963867
290723,normal,163,0,1782362021.0771253,0.0021507740020751953
290724,normal,3498,0,1782362021.0790868,0.0019614696502685547
290725,normal,2603,0,1782362021.0809906,0.0019037723541259766
290726,normal,2649,0,1782362021.0828657,0.001875162124633789
290727,normal,3133,1,1782362021.085042,0.0021762847900390625
290728,normal,3443,0,1782362021.0869372,0.0018951892852783203
290729,normal,1501,0,1782362021.0889277,0.0019905567169189453
290730,normal,1008,2,1782362021.090944,0.002016305923461914
290731,normal,3696,0,1782362021.0930207,0.0020766258239746094
290732,normal,1006,2,1782362021.0948732,0.0018525123596191406
290733,normal,3055,1,1782362021.0969326,0.002059459686279297
290734,normal,2039,0,1782362021.0988994,0.001966714859008789
290735,normal,508,0,1782362021.10092,0.002020597457885742
290736,normal,2768,0,1782362021.1029003,0.001980304718017578
290737,normal,1079,0,1782362021.104918,0.0020177364349365234
290738,normal,849,2,1782362021.1069171,0.0019991397857666016
290739,normal,2783,0,1782362021.1089008,0.001983642578125
290740,normal,2981,0,1782362021.111052,0.0021512508392333984
290741,normal,2580,0,1782362021.1130192,0.001967191696166992
290742,normal,3334,1,1782362021.115061,0.0020418167114257812
290743,normal,270,0,1782362021.1170187,0.0019576549530029297
290744,normal,122,0,1782362021.1190398,0.0020210742950439453
290745,normal,2120,0,1782362021.1209962,0.001956462860107422
290746,normal,173,0,1782362021.1230698,0.002073526382446289
290747,normal,693,0,1782362021.125085,0.002015352249145508
290748,normal,2227,0,1782362021.1270406,0.0019555091857910156
290749,normal,2631,0,1782362021.129056,0.002015352249145508
290750,normal,1834,0,1782362021.1310563,0.0020003318786621094
290751,normal,3009,0,1782362021.1330311,0.001974821090698242
290752,normal,1483,0,1782362021.1350567,0.002025604248046875
290753,normal,20,0,1782362021.1370354,0.001978635787963867
290754,normal,3287,1,1782362021.1390705,0.0020351409912109375
290755,normal,1413,0,1782362021.1410508,0.001980304718017578
290756,normal,2283,0,1782362021.143045,0.0019941329956054688
290757,normal,3304,1,1782362021.145019,0.0019741058349609375
290758,normal,388,0,1782362021.1470418,0.0020227432250976562
290759,normal,2348,0,1782362021.1490297,0.001987934112548828
290760,normal,2025,0,1782362021.151086,0.0020563602447509766
290761,normal,3613,0,1782362021.1530342,0.0019481182098388672
290762,normal,2852,0,1782362021.155253,0.0022187232971191406
290763,normal,2062,0,1782362021.1571677,0.0019147396087646484
290764,normal,2511,0,1782362021.1590617,0.0018939971923828125
290765,normal,2637,0,1782362021.161155,0.0020933151245117188
290766,normal,2367,0,1782362021.163132,0.0019769668579101562
290767,normal,2028,0,1782362021.1650276,0.0018956661224365234
290768,normal,3070,1,1782362021.1671252,0.002097606658935547
290769,normal,3137,1,1782362021.169124,0.0019986629486083984
290770,normal,1337,1,1782362021.1710968,0.0019729137420654297
290771,normal,343,0,1782362021.1731005,0.0020036697387695312
290772,normal,3376,1,1782362021.1751199,0.0020194053649902344
290773,normal,756,0,1782362021.1770425,0.001922607421875
290774,normal,1098,0,1782362021.1790528,0.002010345458984375
290775,normal,2937,0,1782362021.1810791,0.0020263195037841797
290776,normal,3192,1,1782362021.1830235,0.0019443035125732422
290777,normal,2860,0,1782362021.1850822,0.002058744430541992
290778,normal,522,0,1782362021.1870496,0.0019674301147460938
290779,normal,259,0,1782362021.1891148,0.0020651817321777344
290780,normal,3300,1,1782362021.1910138,0.0018990039825439453
290781,normal,249,0,1782362021.1931167,0.0021028518676757812
290782,normal,3293,1,1782362021.195126,0.0020093917846679688
290783,normal,3002,0,1782362021.197026,0.0018999576568603516
290784,normal,2522,0,1782362021.1990898,0.002063751220703125
290785,normal,2998,0,1782362021.2009954,0.001905679702758789
290786,normal,731,0,1782362021.2031932,0.002197742462158203
290787,normal,3077,1,1782362021.2053971,0.0022039413452148438
290788,normal,52,0,1782362021.2069738,0.0015766620635986328
290789,normal,2251,0,1782362021.2090595,0.0020856857299804688
290790,normal,2020,0,1782362021.2110624,0.0020029544830322266
290791,normal,309,0,1782362021.213019,0.001956462860107422
290792,normal,1439,0,1782362021.2159746,0.0029556751251220703
290793,normal,1551,0,1782362021.2169363,0.0009617805480957031
290794,normal,57,0,1782362021.2190878,0.0021514892578125
290795,normal,781,2,1782362021.220916,0.0018281936645507812
290796,normal,2243,0,1782362021.2230303,0.0021142959594726562
290797,normal,1005,2,1782362021.225071,0.0020406246185302734
290798,normal,1974,0,1782362021.2270038,0.0019328594207763672
290799,normal,3139,1,1782362021.229039,0.0020351409912109375
290800,normal,1538,0,1782362021.2310789,0.0020399093627929688
290801,normal,2736,0,1782362021.233016,0.0019371509552001953
290802,normal,3407,0,1782362021.2350526,0.002036571502685547
290803,normal,2362,0,1782362021.2370732,0.002020597457885742
290804,normal,2587,0,1782362021.2390633,0.001990079879760742
290805,normal,2890,0,1782362021.2409394,0.0018761157989501953
290806,normal,1048,0,1782362021.2431004,0.0021610260009765625
290807,normal,3516,0,1782362021.2450058,0.0019054412841796875
290808,normal,3635,0,1782362021.2470536,0.0020477771759033203
290809,normal,2895,0,1782362021.2491665,0.002112865447998047
290810,normal,1983,0,1782362021.2512333,0.0020668506622314453
290811,normal,437,0,1782362021.2530353,0.0018019676208496094
290812,normal,2391,0,1782362021.2551615,0.0021262168884277344
290813,normal,459,0,1782362021.257076,0.0019145011901855469
290814,normal,3549,0,1782362021.2590928,0.002016782760620117
290815,normal,708,0,1782362021.2610369,0.0019440650939941406
290816,normal,3584,0,1782362021.2630842,0.002047300338745117
290817,normal,835,2,1782362021.2650738,0.001989603042602539
290818,normal,2420,0,1782362021.2670348,0.0019609928131103516
290819,normal,2991,0,1782362021.2691126,0.002077817916870117
290820,normal,2347,0,1782362021.271063,0.0019505023956298828
290821,normal,878,2,1782362021.2730813,0.0020182132720947266
290822,normal,3134,1,1782362021.275137,0.002055644989013672
290823,normal,553,0,1782362021.277044,0.0019071102142333984
290824,normal,76,0,1782362021.2790053,0.001961231231689453
290825,normal,1183,0,1782362021.2810261,0.0020208358764648438
290826,normal,2018,0,1782362021.2830923,0.0020661354064941406
290827,normal,580,0,1782362021.2849352,0.0018429756164550781
290828,normal,2114,0,1782362021.2869778,0.002042531967163086
290829,normal,3674,0,1782362021.2889276,0.0019497871398925781
290830,normal,287,0,1782362021.2909248,0.001997232437133789
290831,normal,290,0,1782362021.2929595,0.0020346641540527344
290832,normal,279,0,1782362021.294927,0.0019674301147460938
290833,normal,2175,0,1782362021.2969909,0.0020639896392822266
290834,normal,1016,2,1782362021.2989662,0.0019752979278564453
290835,normal,727,0,1782362021.3009374,0.0019712448120117188
290836,normal,1797,0,1782362021.3029575,0.002020120620727539
290837,normal,2965,0,1782362021.3049593,0.0020017623901367188
290838,normal,1426,0,1782362021.3069084,0.0019490718841552734
290839,normal,3238,1,1782362021.308951,0.002042531967163086
290840,normal,3666,0,1782362021.310952,0.002001047134399414
290841,normal,778,2,1782362021.312987,0.0020351409912109375
290842,normal,3624,0,1782362021.3149607,0.0019736289978027344
290843,normal,1612,0,1782362021.317045,0.0020842552185058594
290844,normal,3587,0,1782362021.3189242,0.0018792152404785156
290845,normal,2342,0,1782362021.3209229,0.0019986629486083984
290846,normal,443,0,1782362021.32298,0.0020570755004882812
290847,normal,1278,0,1782362021.3249068,0.0019268989562988281
290848,normal,3413,0,1782362021.3269763,0.0020694732666015625
290849,normal,3082,1,1782362021.3289657,0.0019893646240234375
290850,normal,3071,1,1782362021.3309107,0.0019450187683105469
290851,normal,1372,1,1782362021.3330276,0.0021169185638427734
290852,normal,420,0,1782362021.3349397,0.0019121170043945312
290853,normal,2812,0,1782362021.3369284,0.001988649368286133
290854,normal,1484,0,1782362021.3390198,0.0020914077758789062
290855,normal,3260,1,1782362021.340926,0.0019061565399169922
290856,normal,2437,0,1782362021.3429384,0.002012491226196289
290857,normal,1660,0,1782362021.3449235,0.0019850730895996094
290858,normal,584,0,1782362021.3470333,0.0021097660064697266
290859,normal,1918,0,1782362021.3490663,0.0020329952239990234
290860,normal,1876,0,1782362021.3510096,0.001943349838256836
290861,normal,2858,0,1782362021.3529117,0.0019021034240722656
290862,normal,2614,0,1782362021.354896,0.0019843578338623047
290863,normal,107,0,1782362021.3569162,0.002020120620727539
290864,normal,1206,0,1782362021.3590126,0.002096414566040039
290865,normal,1072,0,1782362021.3608837,0.0018711090087890625
290866,normal,2167,0,1782362021.362905,0.002021312713623047
290867,normal,2968,0,1782362021.364903,0.0019979476928710938
290868,normal,1905,0,1782362021.3668828,0.001979827880859375
290869,normal,3208,1,1782362021.36911,0.002227306365966797
290870,normal,2174,0,1782362021.3711727,0.002062559127807617
290871,normal,1049,0,1782362021.372935,0.00176239013671875
290872,normal,111,0,1782362021.375026,0.002090930938720703
290873,normal,2537,0,1782362021.3769813,0.001955270767211914
290874,normal,1846,0,1782362021.3789182,0.0019369125366210938
290875,normal,2804,0,1782362021.3809204,0.002002239227294922
290876,normal,2690,0,1782362021.3831773,0.0022568702697753906
290877,normal,652,0,1782362021.385053,0.0018756389617919922
290878,normal,945,2,1782362021.3869922,0.0019392967224121094
290879,normal,140,0,1782362021.3889112,0.0019190311431884766
290880,normal,2748,0,1782362021.3909802,0.0020689964294433594
290881,normal,2493,0,1782362021.3929653,0.0019850730895996094
290882,normal,572,0,1782362021.3953435,0.002378225326538086
290883,normal,539,0,1782362021.3970726,0.0017290115356445312
290884,normal,887,2,1782362021.399066,0.001993417739868164
290885,normal,1050,0,1782362021.401035,0.0019690990447998047
290886,normal,669,0,1782362021.4030383,0.002003192901611328
290887,normal,2085,0,1782362021.4050424,0.0020041465759277344
290888,normal,796,2,1782362021.4070022,0.0019598007202148438
290889,normal,2496,0,1782362021.409147,0.0021448135375976562
290890,normal,308,0,1782362021.4110863,0.0019392967224121094
290891,normal,1085,0,1782362021.4129634,0.0018770694732666016
290892,normal,3325,1,1782362021.4149325,0.0019690990447998047
290893,normal,146,0,1782362021.4170535,0.0021209716796875
290894,normal,826,2,1782362021.4191055,0.0020520687103271484
290895,normal,1851,0,1782362021.4208763,0.0017707347869873047
290896,normal,1476,0,1782362021.422903,0.002026796340942383
290897,normal,779,2,1782362021.4249923,0.002089262008666992
290898,normal,2432,0,1782362021.426942,0.0019497871398925781
290899,normal,359,0,1782362021.4289508,0.002008676528930664
290900,normal,1444,0,1782362021.4309409,0.001990079879760742
290901,normal,1392,0,1782362021.4329324,0.0019915103912353516
290902,normal,1844,0,1782362021.4349427,0.002010345458984375
290903,normal,3397,1,1782362021.436964,0.002021312713623047
290904,normal,2800,0,1782362021.4389546,0.0019905567169189453
290905,normal,2042,0,1782362021.441025,0.0020704269409179688
290906,normal,2940,0,1782362021.4430373,0.0020122528076171875
290907,normal,3493,0,1782362021.444948,0.0019106864929199219
290908,normal,1343,1,1782362021.4469779,0.002029895782470703
290909,normal,2079,0,1782362021.4489973,0.0020194053649902344
290910,normal,913,2,1782362021.4510252,0.0020279884338378906
290911,normal,506,0,1782362021.4528847,0.001859426498413086
290912,normal,1138,0,1782362021.4549305,0.002045869827270508
290913,normal,74,0,1782362021.4569387,0.002008199691772461
290914,normal,854,2,1782362021.45893,0.00199127197265625
290915,normal,784,2,1782362021.4609158,0.001985788345336914
290916,normal,62,0,1782362021.4629507,0.002034902572631836
290917,normal,538,0,1782362021.464945,0.0019943714141845703
290918,normal,366,0,1782362021.46712,0.002174854278564453
290919,normal,2967,0,1782362021.4689214,0.0018014907836914062
290920,normal,3499,0,1782362021.4709518,0.0020303726196289062
290921,normal,3190,1,1782362021.4729538,0.0020020008087158203
290922,normal,1746,0,1782362021.4749315,0.001977682113647461
290923,normal,102,0,1782362021.4769547,0.0020232200622558594
290924,normal,381,0,1782362021.4789577,0.0020029544830322266
290925,normal,205,0,1782362021.480963,0.002005338668823242
290926,normal,3313,1,1782362021.4830213,0.002058267593383789
290927,normal,1976,0,1782362021.485033,0.0020117759704589844
290928,normal,993,2,1782362021.487016,0.0019829273223876953
290929,normal,1038,0,1782362021.4890366,0.002020597457885742
290930,normal,647,0,1782362021.4910576,0.0020210742950439453
290931,normal,630,0,1782362021.4929645,0.0019068717956542969
290932,normal,2132,0,1782362021.4950664,0.002101898193359375
290933,normal,2830,0,1782362021.4970305,0.001964092254638672
290934,normal,1640,0,1782362021.499024,0.001993417739868164
290935,normal,2501,0,1782362021.501031,0.002007007598876953
290936,normal,764,0,1782362021.503174,0.0021431446075439453
290937,normal,1811,0,1782362021.5050585,0.00188446044921875
290938,normal,3319,1,1782362021.5071192,0.0020606517791748047
290939,normal,1959,0,1782362021.509084,0.0019648075103759766
290940,normal,3518,0,1782362021.5111468,0.0020627975463867188
290941,normal,2717,0,1782362021.513102,0.001955270767211914
290942,normal,2785,0,1782362021.5151317,0.0020296573638916016
290943,normal,2218,0,1782362021.5171242,0.001992464065551758
290944,normal,2147,0,1782362021.5191305,0.0020062923431396484
290945,normal,2094,0,1782362021.520949,0.0018184185028076172
290946,normal,736,0,1782362021.523015,0.0020661354064941406
290947,normal,2570,0,1782362021.5249496,0.0019345283508300781
290948,normal,3044,0,1782362021.5270462,0.0020966529846191406
290949,normal,1348,1,1782362021.5291176,0.002071380615234375
290950,normal,2689,0,1782362021.5309281,0.0018105506896972656
290951,normal,67,0,1782362021.5330238,0.0020956993103027344
290952,normal,604,0,1782362021.5350103,0.0019865036010742188
290953,normal,767,0,1782362021.537023,0.0020127296447753906
290954,normal,184,0,1782362021.539579,0.00255584716796875
290955,normal,3590,0,1782362021.5412393,0.0016603469848632812
290956,normal,460,0,1782362021.5429945,0.0017552375793457031
290957,normal,2328,0,1782362021.5450723,0.002077817916870117
290958,normal,1658,0,1782362021.5470524,0.0019800662994384766
290959,normal,39,0,1782362021.5490625,0.0020101070404052734
290960,normal,2685,0,1782362021.5511036,0.0020411014556884766
290961,normal,2820,0,1782362021.5531323,0.0020287036895751953
290962,normal,2090,0,1782362021.5550597,0.0019273757934570312
290963,normal,202,0,1782362021.557059,0.001999378204345703
290964,normal,90,0,1782362021.5590422,0.001983165740966797
290965,normal,2209,0,1782362021.5610607,0.002018451690673828
290966,normal,3200,1,1782362021.5630577,0.0019969940185546875
290967,normal,166,0,1782362021.5650907,0.0020329952239990234
290968,normal,3093,1,1782362021.5670903,0.0019996166229248047
290969,normal,790,2,1782362021.5690715,0.0019812583923339844
290970,normal,2803,0,1782362021.5711522,0.002080678939819336
290971,normal,429,0,1782362021.5736272,0.0024750232696533203
290972,normal,2714,0,1782362021.5752819,0.0016546249389648438
290973,normal,934,2,1782362021.5769627,0.0016808509826660156
290974,normal,1749,0,1782362021.579056,0.0020933151245117188
290975,normal,2447,0,1782362021.5810957,0.002039670944213867
290976,normal,1938,0,1782362021.583103,0.0020072460174560547
290977,normal,852,2,1782362021.5851445,0.0020415782928466797
290978,normal,3031,0,1782362021.5870554,0.0019109249114990234
290979,normal,3256,1,1782362021.5890987,0.0020432472229003906
290980,normal,1047,0,1782362021.5909245,0.0018258094787597656
290981,normal,3479,0,1782362021.5931952,0.0022706985473632812
290982,normal,3074,1,1782362021.5951707,0.001975536346435547
290983,normal,3434,0,1782362021.5970187,0.001847982406616211
290984,normal,495,0,1782362021.5990067,0.001987934112548828
290985,normal,2734,0,1782362021.6010776,0.002070903778076172
290986,normal,3045,1,1782362021.603049,0.0019714832305908203
290987,normal,3681,0,1782362021.6050644,0.002015352249145508
290988,normal,274,0,1782362021.6070375,0.0019731521606445312
290989,normal,2211,0,1782362021.6090372,0.0019996166229248047
290990,normal,2752,0,1782362021.6110713,0.0020341873168945312
290991,normal,2296,0,1782362021.6130714,0.002000093460083008
290992,normal,3452,0,1782362021.6150975,0.002026081085205078
290993,normal,1926,0,1782362021.6171122,0.002014636993408203
290994,normal,1859,0,1782362021.6190422,0.0019299983978271484
290995,normal,3058,1,1782362021.6210566,0.0020143985748291016
290996,normal,3103,1,1782362021.6230958,0.002039194107055664
290997,normal,2915,0,1782362021.6250255,0.0019297599792480469
290998,normal,2235,0,1782362021.627125,0.0020995140075683594
290999,normal,3116,1,1782362021.628963,0.0018379688262939453
291000,normal,745,0,1782362021.6310353,0.0020723342895507812
291001,normal,2942,0,1782362021.6330414,0.002006053924560547
291002,normal,1087,0,1782362021.6350448,0.0020034313201904297
291003,normal,3259,1,1782362021.6370366,0.001991748809814453
291004,normal,2925,0,1782362021.639057,0.0020203590393066406
291005,normal,2673,0,1782362021.6410713,0.0020143985748291016
291006,normal,416,0,1782362021.6430142,0.0019428730010986328
291007,normal,3332,1,1782362021.6451013,0.002087116241455078
291008,normal,709,0,1782362021.646966,0.0018646717071533203
291009,normal,980,2,1782362021.6490283,0.0020623207092285156
291010,normal,1596,0,1782362021.6510494,0.0020210742950439453
291011,normal,3505,0,1782362021.6530468,0.0019974708557128906
291012,normal,665,0,1782362021.6550417,0.0019948482513427734
291013,normal,2729,0,1782362021.6569874,0.0019457340240478516
291014,normal,431,0,1782362021.6591046,0.002117156982421875
291015,normal,1217,0,1782362021.6610277,0.0019230842590332031
291016,normal,2562,0,1782362021.6631265,0.0020987987518310547
291017,normal,370,0,1782362021.6650047,0.0018782615661621094
291018,normal,537,0,1782362021.667054,0.0020492076873779297
291019,normal,71,0,1782362021.6690578,0.002003908157348633
291020,normal,3086,1,1782362021.671003,0.0019452571868896484
291021,normal,1991,0,1782362021.672994,0.001990795135498047
291022,normal,2735,0,1782362021.6750307,0.0020368099212646484
291023,normal,2691,0,1782362021.6770098,0.0019791126251220703
291024,normal,1254,0,1782362021.6790512,0.002041339874267578
291025,normal,3450,0,1782362021.681151,0.002099752426147461
291026,normal,2775,0,1782362021.6830385,0.0018875598907470703
291027,normal,724,0,1782362021.6851683,0.002129793167114258
291028,normal,1703,0,1782362021.6870766,0.0019083023071289062
291029,normal,70,0,1782362021.6891108,0.0020341873168945312
291030,normal,165,0,1782362021.6911445,0.002033710479736328
291031,normal,10,0,1782362021.6930974,0.0019528865814208984
291032,normal,1950,0,1782362021.6952467,0.002149343490600586
291033,normal,528,0,1782362021.6969836,0.0017368793487548828
291034,normal,1672,0,1782362021.6990259,0.0020422935485839844
291035,normal,1421,0,1782362021.7010298,0.002003908157348633
291036,normal,112,0,1782362021.703012,0.0019822120666503906
291037,normal,329,0,1782362021.7051525,0.002140522003173828
291038,normal,1915,0,1782362021.706944,0.0017914772033691406
291039,normal,3522,0,1782362021.7090087,0.0020647048950195312
291040,normal,3567,0,1782362021.711014,0.002005338668823242
291041,normal,3384,1,1782362021.7130222,0.002008199691772461
291042,normal,1982,0,1782362021.715228,0.0022058486938476562
291043,normal,530,0,1782362021.7172177,0.001989603042602539
291044,normal,2524,0,1782362021.719119,0.001901388168334961
291045,normal,3042,0,1782362021.721021,0.001901865005493164
291046,normal,1432,0,1782362021.7230246,0.0020036697387695312
291047,normal,2483,0,1782362021.725027,0.0020024776458740234
291048,normal,1636,0,1782362021.7270377,0.0020105838775634766
291049,normal,1888,0,1782362021.7291682,0.0021305084228515625
291050,normal,2989,0,1782362021.730995,0.0018267631530761719
291051,normal,1352,1,1782362021.7330463,0.0020513534545898438
291052,normal,547,0,1782362021.7350595,0.0020132064819335938
291053,normal,954,2,1782362021.7370644,0.002004861831665039
291054,normal,3653,0,1782362021.7390423,0.0019779205322265625
291055,normal,2045,0,1782362021.741419,0.0023767948150634766
291056,normal,1155,0,1782362021.7431827,0.0017635822296142578
291057,normal,3519,0,1782362021.7451494,0.001966714859008789
291058,normal,99,0,1782362021.747037,0.0018875598907470703
291059,normal,1225,0,1782362021.749152,0.002115011215209961
291060,normal,2507,0,1782362021.751079,0.0019271373748779297
291061,normal,1824,0,1782362021.7530692,0.001990079879760742
291062,normal,25,0,1782362021.7551482,0.002079010009765625
291063,normal,662,0,1782362021.7572076,0.002059459686279297
291064,normal,2222,0,1782362021.7590084,0.0018007755279541016
291065,normal,2720,0,1782362021.761323,0.0023145675659179688
291066,normal,2757,0,1782362021.763366,0.002043008804321289
291067,normal,1119,0,1782362021.7650847,0.001718759536743164
291068,normal,2297,0,1782362021.7670429,0.001958131790161133
291069,normal,2612,0,1782362021.769051,0.002008199691772461
291070,normal,2551,0,1782362021.7711062,0.0020551681518554688
291071,normal,1357,1,1782362021.7730606,0.001954317092895508
291072,normal,2641,0,1782362021.77507,0.0020093917846679688
291073,normal,3339,1,1782362021.7770753,0.002005338668823242
291074,normal,2596,0,1782362021.7790442,0.001968860626220703
291075,normal,1142,0,1782362021.7810376,0.001993417739868164
291076,normal,1179,0,1782362021.783071,0.0020334720611572266
291077,normal,2395,0,1782362021.7850997,0.0020287036895751953
291078,normal,2700,0,1782362021.7870975,0.001997709274291992
291079,normal,2955,0,1782362021.789075,0.0019774436950683594
291080,normal,3619,0,1782362021.7910545,0.0019795894622802734
291081,normal,2509,0,1782362021.793204,0.0021495819091796875
291082,normal,567,0,1782362021.7950933,0.0018892288208007812
291083,normal,2011,0,1782362021.7971323,0.0020389556884765625
291084,normal,839,2,1782362021.7989864,0.0018541812896728516
291085,normal,2825,0,1782362021.8010569,0.0020704269409179688
291086,normal,964,2,1782362021.803054,0.001997232437133789
291087,normal,3302,1,1782362021.8050392,0.0019850730895996094
291088,normal,2917,0,1782362021.8069577,0.0019185543060302734
291089,normal,3054,1,1782362021.8090527,0.0020949840545654297
291090,normal,2429,0,1782362021.8110573,0.0020046234130859375
291091,normal,2733,0,1782362021.8130732,0.002015829086303711
291092,normal,2311,0,1782362021.8154998,0.002426624298095703
291093,normal,895,2,1782362021.817113,0.0016131401062011719
291094,normal,698,0,1782362021.8190725,0.001959562301635742
291095,normal,1218,0,1782362021.82117,0.002097606658935547
291096,normal,3144,1,1782362021.8231692,0.0019991397857666016
291097,normal,2344,0,1782362021.8250644,0.0018951892852783203
291098,normal,3673,0,1782362021.8271685,0.002104043960571289
291099,normal,3061,1,1782362021.8291824,0.0020139217376708984
291100,normal,2159,0,1782362021.8311174,0.0019350051879882812
291101,normal,3109,1,1782362021.8332455,0.002128124237060547
291102,normal,2905,0,1782362021.8351812,0.001935720443725586
291103,normal,323,0,1782362021.8370876,0.0019063949584960938
291104,normal,379,0,1782362021.8391938,0.002106189727783203
291105,normal,3529,0,1782362021.8412035,0.0020096302032470703
291106,normal,2358,0,1782362021.8429983,0.0017948150634765625
291107,normal,2600,0,1782362021.8451076,0.0021092891693115234
291108,normal,875,2,1782362021.8470345,0.0019268989562988281
291109,normal,3040,0,1782362021.8489382,0.0019037723541259766
291110,normal,973,2,1782362021.851212,0.0022737979888916016
291111,normal,1209,0,1782362021.853086,0.0018739700317382812
291112,normal,3480,0,1782362021.8550768,0.001990795135498047
291113,normal,3062,1,1782362021.8571355,0.002058744430541992
291114,normal,1428,0,1782362021.8590932,0.0019576549530029297
291115,normal,2280,0,1782362021.8611028,0.0020096302032470703
291116,normal,77,0,1782362021.8631098,0.002007007598876953
291117,normal,18,0,1782362021.8650815,0.001971721649169922
291118,normal,3451,0,1782362021.8672113,0.002129793167114258
291119,normal,214,0,1782362021.8689368,0.0017254352569580078
291120,normal,2255,0,1782362021.8710732,0.0021364688873291016
291121,normal,2451,0,1782362021.8730106,0.0019373893737792969
291122,normal,2440,0,1782362021.8750622,0.0020515918731689453
291123,normal,2604,0,1782362021.8771408,0.002078533172607422
291124,normal,910,2,1782362021.8789394,0.0017986297607421875
291125,normal,2711,0,1782362021.881091,0.0021517276763916016
291126,normal,1137,0,1782362021.8830323,0.0019412040710449219
291127,normal,425,0,1782362021.885038,0.0020055770874023438
291128,normal,2439,0,1782362021.8871188,0.0020809173583984375
291129,normal,1043,0,1782362021.8892639,0.002145051956176758
291130,normal,2974,0,1782362021.8909762,0.0017123222351074219
291131,normal,1041,0,1782362021.893042,0.002065896987915039
291132,normal,1960,0,1782362021.8950343,0.0019922256469726562
291133,normal,2382,0,1782362021.8970456,0.0020112991333007812
291134,normal,2356,0,1782362021.8990538,0.002008199691772461
291135,normal,2050,0,1782362021.9012117,0.002157926559448242
291136,normal,1700,0,1782362021.9030735,0.0018618106842041016
291137,normal,898,2,1782362021.904977,0.001903533935546875
291138,normal,2118,0,1782362021.9070358,0.002058744430541992
291139,normal,953,2,1782362021.9090524,0.0020165443420410156
291140,normal,968,2,1782362021.9111757,0.0021233558654785156
291141,normal,2731,0,1782362021.913166,0.0019903182983398438
291142,normal,45,0,1782362021.9151745,0.0020084381103515625
291143,normal,3507,0,1782362021.9171379,0.001963376998901367
291144,normal,2515,0,1782362021.9190922,0.001954317092895508
291145,normal,3616,0,1782362021.9210758,0.001983642578125
291146,normal,2516,0,1782362021.92318,0.0021042823791503906
291147,normal,3391,1,1782362021.925009,0.001828908920288086
291148,normal,749,0,1782362021.9272313,0.002222299575805664
291149,normal,350,0,1782362021.9292514,0.002020120620727539
291150,normal,2579,0,1782362021.9311924,0.0019409656524658203
291151,normal,2203,0,1782362021.9331634,0.001971006393432617
291152,normal,1033,0,1782362021.9351,0.0019366741180419922
291153,normal,2609,0,1782362021.9372203,0.0021202564239501953
291154,normal,1519,0,1782362021.93894,0.0017197132110595703
291155,normal,1654,0,1782362021.941113,0.0021729469299316406
291156,normal,310,0,1782362021.9431875,0.0020744800567626953
291157,normal,1745,0,1782362021.9451756,0.0019881725311279297
291158,normal,175,0,1782362021.947068,0.0018923282623291016
291159,normal,3087,1,1782362021.9492137,0.0021457672119140625
291160,normal,3181,1,1782362021.9510357,0.0018219947814941406
291161,normal,162,0,1782362021.9530334,0.001997709274291992
291162,normal,387,0,1782362021.9550915,0.0020580291748046875
291163,normal,1883,0,1782362021.9570894,0.0019979476928710938
291164,normal,600,0,1782362021.9592745,0.0021851062774658203
291165,normal,3398,1,1782362021.961018,0.0017435550689697266
291166,normal,2092,0,1782362021.963072,0.002053976058959961
291167,normal,384,0,1782362021.9652123,0.0021402835845947266
291168,normal,1635,0,1782362021.9670663,0.00185394287109375
291169,normal,1741,0,1782362021.9689884,0.0019221305847167969
291170,normal,3331,1,1782362021.9710875,0.0020990371704101562
291171,normal,1477,0,1782362021.9728944,0.0018069744110107422
291172,normal,1826,0,1782362021.9751415,0.0022470951080322266
291173,normal,812,2,1782362021.9770505,0.001909017562866211
291174,normal,1184,0,1782362021.9790862,0.0020356178283691406
291175,normal,939,2,1782362021.9811566,0.0020704269409179688
291176,normal,2488,0,1782362021.9829814,0.0018248558044433594
291177,normal,2194,0,1782362021.9849057,0.001924276351928711
291178,normal,369,0,1782362021.987015,0.0021092891693115234
291179,normal,2366,0,1782362021.9889328,0.0019178390502929688
291180,normal,2837,0,1782362021.9909055,0.001972675323486328
291181,normal,2444,0,1782362021.9930353,0.002129793167114258
291182,normal,3708,0,1782362021.994935,0.00189971923828125
291183,normal,3326,1,1782362021.9969218,0.0019867420196533203
291184,normal,409,0,1782362021.9989932,0.002071380615234375
291185,normal,2060,0,1782362022.0010262,0.0020329952239990234
291186,normal,3415,0,1782362022.0029337,0.0019075870513916016
291187,normal,1017,2,1782362022.0050428,0.002109050750732422
291188,normal,3387,1,1782362022.006987,0.0019443035125732422
291189,normal,3153,1,1782362022.0089796,0.001992464065551758
291190,normal,1204,0,1782362022.010962,0.001982450485229492
291191,normal,3661,0,1782362022.013015,0.0020530223846435547
291192,normal,1106,0,1782362022.0149558,0.0019407272338867188
291193,normal,2977,0,1782362022.0169995,0.0020437240600585938
291194,normal,1921,0,1782362022.0190387,0.002039194107055664
291195,normal,1096,0,1782362022.0209482,0.001909494400024414
291196,normal,224,0,1782362022.023193,0.002244710922241211
291197,normal,2766,0,1782362022.0250876,0.0018947124481201172
291198,normal,509,0,1782362022.027166,0.0020782947540283203
291199,normal,2188,0,1782362022.0290906,0.001924753189086914
291200,normal,3243,1,1782362022.0310235,0.0019328594207763672
291201,normal,1280,0,1782362022.0329232,0.00189971923828125
291202,normal,1588,0,1782362022.0350413,0.0021181106567382812
291203,normal,2808,0,1782362022.037049,0.002007722854614258
291204,normal,967,2,1782362022.0389054,0.0018563270568847656
291205,normal,1084,0,1782362022.0410197,0.0021142959594726562
291206,normal,3167,1,1782362022.0430768,0.0020570755004882812
291207,normal,1607,0,1782362022.0449638,0.0018870830535888672
291208,normal,2978,0,1782362022.04711,0.0021462440490722656
291209,normal,1055,0,1782362022.0490267,0.001916646957397461
291210,normal,3038,0,1782362022.0509326,0.0019059181213378906
291211,normal,2452,0,1782362022.052936,0.0020034313201904297
291212,normal,3264,1,1782362022.0549219,0.001985788345336914
291213,normal,1928,0,1782362022.056902,0.0019800662994384766
291214,normal,3462,0,1782362022.059229,0.00232696533203125
291215,normal,3598,0,1782362022.061022,0.0017931461334228516
291216,normal,0,0,1782362022.0630786,0.002056598663330078
291217,normal,3091,1,1782362022.0649216,0.0018429756164550781
291218,normal,151,0,1782362022.067,0.0020782947540283203
291219,normal,1262,0,1782362022.0689006,0.0019006729125976562
291220,normal,1583,0,1782362022.0711112,0.0022106170654296875
291221,normal,1769,0,1782362022.0731132,0.0020020008087158203
291222,normal,1321,1,1782362022.0749333,0.0018200874328613281
291223,normal,2626,0,1782362022.0771909,0.0022575855255126953
291224,normal,912,2,1782362022.0789871,0.0017962455749511719
291225,normal,1130,0,1782362022.0810258,0.002038717269897461
291226,normal,1795,0,1782362022.082927,0.0019011497497558594
291227,normal,2704,0,1782362022.0851479,0.0022208690643310547
291228,normal,2571,0,1782362022.0872169,0.0020689964294433594
291229,normal,2377,0,1782362022.088997,0.0017800331115722656
291230,normal,1424,0,1782362022.0911522,0.002155303955078125
291231,normal,653,0,1782362022.0931387,0.0019865036010742188
291232,normal,2871,0,1782362022.0950098,0.0018711090087890625
291233,normal,1573,0,1782362022.0969288,0.0019190311431884766
291234,normal,3695,0,1782362022.0990222,0.0020933151245117188
291235,normal,1326,1,1782362022.1010356,0.0020134449005126953
291236,normal,804,2,1782362022.1029394,0.0019037723541259766
291237,normal,1860,0,1782362022.1052868,0.0023474693298339844
291238,normal,137,0,1782362022.107073,0.0017862319946289062
291239,normal,591,0,1782362022.1089926,0.0019195079803466797
291240,normal,1566,0,1782362022.1109362,0.0019435882568359375
291241,normal,2904,0,1782362022.1129675,0.0020313262939453125
291242,normal,1157,0,1782362022.115043,0.0020754337310791016
291243,normal,2802,0,1782362022.1169834,0.0019404888153076172
291244,normal,3011,0,1782362022.1190534,0.0020699501037597656
291245,normal,666,0,1782362022.1210496,0.001996278762817383
291246,normal,3702,0,1782362022.1229234,0.0018737316131591797
291247,normal,186,0,1782362022.1251643,0.002240896224975586
291248,normal,3283,1,1782362022.127002,0.0018377304077148438
291249,normal,1502,0,1782362022.1289608,0.0019588470458984375
291250,normal,296,0,1782362022.1309838,0.002022981643676758
291251,normal,2142,0,1782362022.1330411,0.002057313919067383
291252,normal,3032,0,1782362022.135016,0.001974821090698242
291253,normal,2718,0,1782362022.1372297,0.002213716506958008
291254,normal,2479,0,1782362022.1390934,0.001863718032836914
291255,normal,1374,1,1782362022.1412048,0.0021114349365234375
291256,normal,546,0,1782362022.1430836,0.0018787384033203125
291257,normal,1306,0,1782362022.1449354,0.001851797103881836
291258,normal,3551,0,1782362022.1469226,0.0019872188568115234
291259,normal,337,0,1782362022.1489398,0.0020172595977783203
291260,normal,1317,0,1782362022.1511223,0.002182483673095703
291261,normal,2698,0,1782362022.1529894,0.001867055892944336
291262,normal,829,2,1782362022.1550252,0.002035856246948242
291263,normal,1151,0,1782362022.1571207,0.002095460891723633
291264,normal,3604,0,1782362022.1592023,0.002081632614135742
291265,normal,1686,0,1782362022.160926,0.0017237663269042969
291266,normal,331,0,1782362022.1630785,0.0021524429321289062
291267,normal,3365,1,1782362022.1650972,0.0020186901092529297
291268,normal,164,0,1782362022.1670296,0.001932382583618164
291269,normal,3683,0,1782362022.169094,0.0020644664764404297
291270,normal,899,2,1782362022.1711001,0.002006053924560547
291271,normal,2434,0,1782362022.1730611,0.0019609928131103516
291272,normal,2012,0,1782362022.1750698,0.002008676528930664
291273,normal,3414,0,1782362022.1771464,0.0020766258239746094
291274,normal,1145,0,1782362022.17902,0.0018734931945800781
291275,normal,1211,0,1782362022.1810627,0.0020427703857421875
291276,normal,2349,0,1782362022.1831105,0.0020477771759033203
291277,normal,1657,0,1782362022.1850863,0.0019757747650146484
291278,normal,1244,0,1782362022.1870053,0.0019190311431884766
291279,normal,1463,0,1782362022.1890934,0.0020880699157714844
291280,normal,3375,1,1782362022.191207,0.0021135807037353516
291281,normal,1695,0,1782362022.1930668,0.001859903335571289
291282,normal,639,0,1782362022.1952817,0.0022149085998535156
291283,normal,3657,0,1782362022.1970372,0.0017554759979248047
291284,normal,2428,0,1782362022.1992822,0.0022449493408203125
291285,normal,1336,1,1782362022.201115,0.001832723617553711
291286,normal,2331,0,1782362022.2032027,0.002087831497192383
291287,normal,2798,0,1782362022.205059,0.0018563270568847656
291288,normal,1904,0,1782362022.2072935,0.0022344589233398438
291289,normal,3207,1,1782362022.2090676,0.0017740726470947266
291290,normal,2478,0,1782362022.2112417,0.0021741390228271484
291291,normal,1598,0,1782362022.2130766,0.001834869384765625
291292,normal,1409,0,1782362022.2150764,0.0019998550415039062
291293,normal,1166,0,1782362022.2170901,0.002013683319091797
291294,normal,2200,0,1782362022.2191923,0.0021021366119384766
291295,normal,2143,0,1782362022.221081,0.0018887519836425781
291296,normal,551,0,1782362022.2231815,0.0021004676818847656
291297,normal,1832,0,1782362022.22515,0.0019686222076416016
291298,normal,1833,0,1782362022.2270644,0.0019142627716064453
291299,normal,3039,0,1782362022.2290697,0.002005338668823242
291300,normal,243,0,1782362022.2316413,0.002571582794189453
291301,normal,2303,0,1782362022.2331884,0.001547098159790039
291302,normal,374,0,1782362022.235072,0.0018835067749023438
291303,normal,651,0,1782362022.2370756,0.0020036697387695312
291304,normal,1286,0,1782362022.239047,0.0019714832305908203
291305,normal,2923,0,1782362022.2410738,0.002026796340942383
291306,normal,586,0,1782362022.2431428,0.0020689964294433594
291307,normal,1040,0,1782362022.2451775,0.0020346641540527344
291308,normal,631,0,1782362022.2470925,0.00191497802734375
291309,normal,160,0,1782362022.2489657,0.0018732547760009766
291310,normal,960,2,1782362022.2510605,0.002094745635986328
291311,normal,3426,0,1782362022.2530859,0.0020253658294677734
291312,normal,1705,0,1782362022.2549953,0.001909494400024414
291313,normal,2417,0,1782362022.2570918,0.002096414566040039
291314,normal,2416,0,1782362022.2589815,0.0018897056579589844
291315,normal,981,2,1782362022.2610726,0.0020911693572998047
291316,normal,1903,0,1782362022.2630646,0.0019919872283935547
291317,normal,627,0,1782362022.2652786,0.0022139549255371094
291318,normal,1799,0,1782362022.267556,0.002277374267578125
291319,normal,1115,0,1782362022.268994,0.001438140869140625
291320,normal,2309,0,1782362022.2710109,0.002016782760620117
291321,normal,432,0,1782362022.2730868,0.0020759105682373047
291322,normal,3278,1,1782362022.2751334,0.0020465850830078125
291323,normal,2647,0,1782362022.277067,0.0019335746765136719
291324,normal,2294,0,1782362022.2791276,0.0020606517791748047
291325,normal,757,0,1782362022.281179,0.0020513534545898438
291326,normal,2679,0,1782362022.282937,0.0017580986022949219
291327,normal,2219,0,1782362022.285088,0.002151012420654297
291328,normal,2534,0,1782362022.2873006,0.0022125244140625
291329,normal,1543,0,1782362022.2889822,0.0016815662384033203
291330,normal,699,0,1782362022.291054,0.002071857452392578
291331,normal,2465,0,1782362022.2929552,0.0019011497497558594
291332,normal,2599,0,1782362022.2950492,0.0020940303802490234
291333,normal,3175,1,1782362022.2970006,0.001951456069946289
291334,normal,590,0,1782362022.2991028,0.0021021366119384766
291335,normal,1332,1,1782362022.3010583,0.0019555091857910156
291336,normal,2918,0,1782362022.3030841,0.0020258426666259766
291337,normal,1562,0,1782362022.3050594,0.0019752979278564453
291338,normal,2592,0,1782362022.3071737,0.0021142959594726562
291339,normal,3217,1,1782362022.309118,0.0019443035125732422
291340,normal,3500,0,1782362022.3111105,0.001992464065551758
291341,normal,2961,0,1782362022.3131967,0.002086162567138672
291342,normal,2160,0,1782362022.3150656,0.0018689632415771484
291343,normal,3441,0,1782362022.3170826,0.0020170211791992188
291344,normal,2668,0,1782362022.3192303,0.002147674560546875
291345,normal,588,0,1782362022.321149,0.001918792724609375
291346,normal,1649,0,1782362022.323006,0.0018568038940429688
291347,normal,1831,0,1782362022.3251624,0.002156496047973633
291348,normal,1024,2,1782362022.327046,0.0018835067749023438
291349,normal,2181,0,1782362022.3290708,0.0020248889923095703
291350,normal,1443,0,1782362022.3311846,0.002113819122314453
291351,normal,2588,0,1782362022.3330615,0.0018768310546875
291352,normal,3130,1,1782362022.3350804,0.0020189285278320312
291353,normal,445,0,1782362022.3371904,0.002110004425048828
291354,normal,1199,0,1782362022.3390958,0.0019054412841796875
291355,normal,569,0,1782362022.3409524,0.0018565654754638672
291356,normal,2576,0,1782362022.3431737,0.002221345901489258
291357,normal,2138,0,1782362022.3450782,0.0019044876098632812
291358,normal,2240,0,1782362022.3470523,0.0019741058349609375
291359,normal,3709,0,1782362022.3492122,0.0021598339080810547
291360,normal,2446,0,1782362022.3510373,0.001825094223022461
291361,normal,989,2,1782362022.353246,0.002208709716796875
291362,normal,3112,1,1782362022.3550193,0.0017733573913574219
291363,normal,3306,1,1782362022.3571365,0.002117156982421875
291364,normal,1627,0,1782362022.358937,0.001800537109375
291365,normal,644,0,1782362022.3610806,0.0021436214447021484
291366,normal,634,0,1782362022.3629954,0.0019147396087646484
291367,normal,3095,1,1782362022.3650696,0.0020742416381835938
291368,normal,3199,1,1782362022.366965,0.0018954277038574219
291369,normal,1457,0,1782362022.369043,0.0020780563354492188
291370,normal,1152,0,1782362022.371039,0.0019958019256591797
291371,normal,3234,1,1782362022.3730342,0.0019953250885009766
291372,normal,2201,0,1782362022.3751256,0.0020914077758789062
291373,normal,3163,1,1782362022.3769581,0.0018324851989746094
291374,normal,405,0,1782362022.3790984,0.0021402835845947266
291375,normal,2290,0,1782362022.381127,0.0020287036895751953
291376,normal,2654,0,1782362022.383052,0.0019249916076660156
291377,normal,1301,0,1782362022.3850663,0.00201416015625
291378,normal,3321,1,1782362022.3870387,0.0019724369049072266
291379,normal,1305,0,1782362022.3890717,0.0020329952239990234
291380,normal,2010,0,1782362022.391054,0.0019822120666503906
291381,normal,135,0,1782362022.3930385,0.0019845962524414062
291382,normal,722,0,1782362022.395044,0.0020055770874023438
291383,normal,1963,0,1782362022.3968983,0.0018541812896728516
291384,normal,3534,0,1782362022.3990963,0.0021979808807373047
291385,normal,1743,0,1782362022.4009368,0.0018405914306640625
291386,normal,3069,1,1782362022.4030397,0.0021028518676757812
291387,normal,2938,0,1782362022.4050536,0.0020139217376708984
291388,normal,2119,0,1782362022.4070804,0.002026796340942383
291389,normal,2300,0,1782362022.409098,0.002017498016357422
291390,normal,1487,0,1782362022.4115853,0.0024874210357666016
291391,normal,462,0,1782362022.4131353,0.0015499591827392578
291392,normal,3308,1,1782362022.415076,0.0019407272338867188
291393,normal,2834,0,1782362022.4173727,0.0022966861724853516
291394,normal,2625,0,1782362022.4189234,0.0015506744384765625
291395,normal,1820,0,1782362022.4210334,0.002110004425048828
291396,normal,2484,0,1782362022.4231164,0.0020830631256103516
291397,normal,1535,0,1782362022.4250827,0.001966238021850586
291398,normal,1823,0,1782362022.4271967,0.0021140575408935547
291399,normal,1753,0,1782362022.4289126,0.0017158985137939453
291400,normal,656,0,1782362022.4310505,0.002137899398803711
291401,normal,723,0,1782362022.4330618,0.0020112991333007812
291402,normal,6,0,1782362022.4350562,0.0019943714141845703
291403,normal,2979,0,1782362022.437034,0.001977682113647461
291404,normal,2192,0,1782362022.4391587,0.002124786376953125
291405,normal,1318,0,1782362022.4411688,0.0020101070404052734
291406,normal,262,0,1782362022.4430065,0.0018377304077148438
291407,normal,2281,0,1782362022.4451213,0.0021147727966308594
291408,normal,2473,0,1782362022.446988,0.0018668174743652344
291409,normal,1078,0,1782362022.4491026,0.002114534378051758
291410,normal,2578,0,1782362022.4510272,0.0019245147705078125
291411,normal,86,0,1782362022.453148,0.0021207332611083984
291412,normal,2712,0,1782362022.4551299,0.001981973648071289
291413,normal,3383,1,1782362022.4571013,0.0019714832305908203
291414,normal,3204,1,1782362022.4589872,0.0018858909606933594
291415,normal,383,0,1782362022.461179,0.002191781997680664
291416,normal,982,2,1782362022.463118,0.0019390583038330078
291417,normal,1359,1,1782362022.4650993,0.0019812583923339844
291418,normal,1202,0,1782362022.46705,0.0019507408142089844
291419,normal,101,0,1782362022.4690776,0.0020275115966796875
291420,normal,410,0,1782362022.471089,0.0020112991333007812
291421,normal,3631,0,1782362022.4730394,0.0019505023956298828
291422,normal,2746,0,1782362022.4750865,0.0020470619201660156
291423,normal,2411,0,1782362022.4770834,0.0019969940185546875
291424,normal,3502,0,1782362022.4790816,0.0019981861114501953
291425,normal,791,2,1782362022.4810565,0.001974821090698242
291426,normal,2771,0,1782362022.4831069,0.0020503997802734375
291427,normal,758,0,1782362022.4850922,0.001985311508178711
291428,normal,2390,0,1782362022.4870298,0.0019376277923583984
291429,normal,123,0,1782362022.489079,0.0020492076873779297
291430,normal,246,0,1782362022.4911175,0.0020384788513183594
291431,normal,1518,0,1782362022.4931436,0.002026081085205078
291432,normal,2184,0,1782362022.495133,0.0019893646240234375
291433,normal,2622,0,1782362022.4969893,0.0018563270568847656
291434,normal,3523,0,1782362022.4990933,0.002104043960571289
291435,normal,3105,1,1782362022.5010836,0.0019903182983398438
291436,normal,3679,0,1782362022.5030603,0.0019767284393310547
291437,normal,14,0,1782362022.505135,0.002074718475341797
291438,normal,87,0,1782362022.5070112,0.0018761157989501953
291439,normal,3228,1,1782362022.5090575,0.002046346664428711
291440,normal,1665,0,1782362022.5111136,0.002056121826171875
291441,normal,2034,0,1782362022.5130286,0.00191497802734375
291442,normal,1638,0,1782362022.5150394,0.002010822296142578
291443,normal,1864,0,1782362022.5170114,0.0019719600677490234
291444,normal,714,0,1782362022.5190856,0.0020742416381835938
291445,normal,1692,0,1782362022.521035,0.001949310302734375
291446,normal,563,0,1782362022.523093,0.0020580291748046875
291447,normal,158,0,1782362022.525087,0.0019941329956054688
291448,normal,400,0,1782362022.5270705,0.0019834041595458984
291449,normal,2941,0,1782362022.5291522,0.002081632614135742
291450,normal,1213,0,1782362022.5310566,0.0019044876098632812
291451,normal,489,0,1782362022.533098,0.002041339874267578
291452,normal,207,0,1782362022.5351238,0.0020258426666259766
291453,normal,2531,0,1782362022.5370078,0.0018839836120605469
291454,normal,3506,0,1782362022.5390675,0.0020596981048583984
291455,normal,2330,0,1782362022.5410936,0.002026081085205078
291456,normal,1127,0,1782362022.5430892,0.001995563507080078
291457,normal,1712,0,1782362022.545024,0.0019347667694091797
291458,normal,3554,0,1782362022.5471218,0.0020978450775146484
291459,normal,1214,0,1782362022.54916,0.002038240432739258
291460,normal,2413,0,1782362022.5509915,0.0018315315246582031
291461,normal,2824,0,1782362022.5531366,0.002145051956176758
291462,normal,1721,0,1782362022.5551481,0.002011537551879883
291463,normal,728,0,1782362022.5571284,0.001980304718017578
291464,normal,1215,0,1782362022.5590162,0.0018877983093261719
291465,normal,917,2,1782362022.5611656,0.002149343490600586
291466,normal,2312,0,1782362022.5631196,0.0019540786743164062
291467,normal,2207,0,1782362022.5650961,0.001976490020751953
291468,normal,1181,0,1782362022.566978,0.0018818378448486328
291469,normal,1404,0,1782362022.5690427,0.0020647048950195312
291470,normal,1868,0,1782362022.5710893,0.0020465850830078125
291471,normal,3014,0,1782362022.5731454,0.002056121826171875
291472,normal,585,0,1782362022.5749323,0.001786947250366211
291473,normal,983,2,1782362022.5770843,0.002151966094970703
291474,normal,3296,1,1782362022.579074,0.001989603042602539
291475,normal,244,0,1782362022.5810254,0.001951456069946289
291476,normal,884,2,1782362022.583294,0.002268552780151367
291477,normal,1235,0,1782362022.5852,0.0019061565399169922
291478,normal,821,2,1782362022.5871022,0.0019021034240722656
291479,normal,91,0,1782362022.589062,0.0019598007202148438
291480,normal,2013,0,1782362022.5910962,0.0020341873168945312
291481,normal,3419,0,1782362022.5930548,0.001958608627319336
291482,normal,1407,0,1782362022.5951383,0.0020835399627685547
291483,normal,2017,0,1782362022.597175,0.002036571502685547
291484,normal,3420,0,1782362022.5989597,0.0017848014831542969
291485,normal,2984,0,1782362022.6010983,0.0021386146545410156
291486,normal,1737,0,1782362022.6030862,0.001987934112548828
291487,normal,1719,0,1782362022.605045,0.0019588470458984375
291488,normal,1555,0,1782362022.6070564,0.0020112991333007812
291489,normal,2325,0,1782362022.6092765,0.00222015380859375
291490,normal,2275,0,1782362022.6111124,0.0018358230590820312
291491,normal,1602,0,1782362022.6131344,0.0020220279693603516
291492,normal,2881,0,1782362022.6150837,0.001949310302734375
291493,normal,3328,1,1782362022.617115,0.0020313262939453125
291494,normal,2204,0,1782362022.619125,0.002009868621826172
291495,normal,3250,1,1782362022.6210077,0.001882791519165039
291496,normal,3100,1,1782362022.623156,0.0021483898162841797
291497,normal,3362,1,1782362022.6250842,0.001928091049194336
291498,normal,148,0,1782362022.6270168,0.0019326210021972656
291499,normal,3541,0,1782362022.629318,0.0023012161254882812
291500,normal,1438,0,1782362022.6312008,0.001882791519165039
291501,normal,3687,0,1782362022.6332092,0.0020084381103515625
291502,normal,2806,0,1782362022.6349475,0.0017383098602294922
291503,normal,3404,0,1782362022.6370869,0.0021393299102783203
291504,normal,3474,0,1782362022.6391044,0.002017498016357422
291505,normal,33,0,1782362022.64105,0.0019457340240478516
291506,normal,110,0,1782362022.6431096,0.002059459686279297
291507,normal,2001,0,1782362022.645087,0.0019774436950683594
291508,normal,1241,0,1782362022.6470277,0.0019407272338867188
291509,normal,2873,0,1782362022.6490915,0.002063751220703125
291510,normal,3135,1,1782362022.6511106,0.002019166946411133
291511,normal,3049,1,1782362022.6530821,0.0019714832305908203
291512,normal,2450,0,1782362022.655118,0.002035856246948242
291513,normal,9,0,1782362022.6569953,0.0018773078918457031
291514,normal,2385,0,1782362022.6590724,0.0020771026611328125
291515,normal,3279,1,1782362022.6610916,0.002019166946411133
291516,normal,1314,0,1782362022.663148,0.0020563602447509766
291517,normal,748,0,1782362022.6651082,0.001960277557373047
291518,normal,197,0,1782362022.6669688,0.0018606185913085938
291519,normal,1276,0,1782362022.669098,0.002129077911376953
291520,normal,2601,0,1782362022.6710548,0.001956939697265625
291521,normal,68,0,1782362022.6731305,0.002075672149658203
291522,normal,2276,0,1782362022.6751082,0.001977682113647461
291523,normal,619,0,1782362022.6770651,0.001956939697265625
291524,normal,1768,0,1782362022.6790762,0.0020110607147216797
291525,normal,2295,0,1782362022.681253,0.0021767616271972656
291526,normal,2683,0,1782362022.6829875,0.0017344951629638672
291527,normal,1405,0,1782362022.6851127,0.002125263214111328
291528,normal,222,0,1782362022.6870954,0.0019826889038085938
291529,normal,2044,0,1782362022.688964,0.0018684864044189453
291530,normal,2716,0,1782362022.6911097,0.0021457672119140625
291531,normal,598,0,1782362022.6930907,0.001981019973754883
291532,normal,3577,0,1782362022.6950784,0.0019876956939697266
291533,normal,273,0,1782362022.6971405,0.002062082290649414
291534,normal,3237,1,1782362022.6990683,0.0019278526306152344
291535,normal,3162,1,1782362022.7011185,0.002050161361694336
291536,normal,3271,1,1782362022.702998,0.0018794536590576172
291537,normal,944,2,1782362022.7051113,0.00211334228515625
291538,normal,1896,0,1782362022.707075,0.0019638538360595703
291539,normal,3013,0,1782362022.7090676,0.001992464065551758
291540,normal,3191,1,1782362022.7110999,0.0020322799682617188
291541,normal,2549,0,1782362022.7130337,0.0019338130950927734
291542,normal,3455,0,1782362022.7151139,0.002080202102661133
291543,normal,1344,1,1782362022.7172632,0.002149343490600586
291544,normal,2357,0,1782362022.7190037,0.0017404556274414062
291545,normal,1949,0,1782362022.721109,0.002105236053466797
291546,normal,1292,0,1782362022.7231085,0.0019996166229248047
291547,normal,1379,1,1782362022.7251115,0.0020029544830322266
291548,normal,1511,0,1782362022.7271488,0.0020372867584228516
291549,normal,581,0,1782362022.7291496,0.0020008087158203125
291550,normal,1435,0,1782362022.7311482,0.0019986629486083984
291551,normal,3220,1,1782362022.7330709,0.001922607421875
291552,normal,260,0,1782362022.7351148,0.0020439624786376953
291553,normal,1575,0,1782362022.7370474,0.0019326210021972656
291554,normal,2038,0,1782362022.7390978,0.0020503997802734375
291555,normal,1185,0,1782362022.7410796,0.0019817352294921875
291556,normal,1297,0,1782362022.7430935,0.0020139217376708984
291557,normal,2470,0,1782362022.7450247,0.0019311904907226562
291558,normal,2759,0,1782362022.7470777,0.0020530223846435547
291559,normal,1510,0,1782362022.7490227,0.0019450187683105469
291560,normal,219,0,1782362022.7510114,0.001988649368286133
291561,normal,3488,0,1782362022.753297,0.0022857189178466797
291562,normal,266,0,1782362022.7551463,0.0018491744995117188
291563,normal,2299,0,1782362022.7570908,0.0019445419311523438
291564,normal,1340,1,1782362022.7591105,0.002019643783569336
291565,normal,2514,0,1782362022.7610471,0.0019366741180419922
291566,normal,1939,0,1782362022.7630885,0.002041339874267578
291567,normal,2857,0,1782362022.765123,0.002034425735473633
291568,normal,1531,0,1782362022.7671158,0.001992940902709961
291569,normal,969,2,1782362022.7690513,0.0019354820251464844
291570,normal,3511,0,1782362022.7710602,0.0020089149475097656
291571,normal,106,0,1782362022.7729347,0.0018744468688964844
291572,normal,1791,0,1782362022.7751021,0.0021674633026123047
291573,normal,1522,0,1782362022.777111,0.0020089149475097656
291574,normal,672,0,1782362022.7792122,0.0021011829376220703
291575,normal,3537,0,1782362022.7811184,0.0019061565399169922
291576,normal,473,0,1782362022.7831724,0.002053976058959961
291577,normal,3151,1,1782362022.7850087,0.0018362998962402344
291578,normal,1287,0,1782362022.78711,0.002101421356201172
291579,normal,1471,0,1782362022.7891896,0.002079486846923828
291580,normal,1364,1,1782362022.790962,0.0017724037170410156
291581,normal,817,2,1782362022.7932014,0.0022394657135009766
291582,normal,2960,0,1782362022.79514,0.0019385814666748047
291583,normal,1015,2,1782362022.79708,0.001940011978149414
291584,normal,1651,0,1782362022.7992008,0.0021207332611083984
291585,normal,2962,0,1782362022.8012938,0.002093076705932617
291586,normal,1313,0,1782362022.803051,0.0017571449279785156
291587,normal,2117,0,1782362022.8050997,0.0020487308502197266
291588,normal,776,2,1782362022.8071082,0.0020084381103515625
291589,normal,2380,0,1782362022.8090384,0.00193023681640625
291590,normal,800,2,1782362022.8110983,0.0020599365234375
291591,normal,3350,1,1782362022.8130884,0.001990079879760742
291592,normal,2677,0,1782362022.8150253,0.0019369125366210938
291593,normal,138,0,1782362022.8169951,0.0019698143005371094
291594,normal,1453,0,1782362022.8191326,0.002137422561645508
291595,normal,1456,0,1782362022.8209913,0.0018587112426757812
291596,normal,773,2,1782362022.8231535,0.0021622180938720703
291597,normal,1744,0,1782362022.8250577,0.0019042491912841797
291598,normal,2287,0,1782362022.8270602,0.0020024776458740234
291599,normal,2958,0,1782362022.829146,0.0020856857299804688
291600,normal,196,0,1782362022.8310313,0.0018854141235351562
291601,normal,3240,1,1782362022.8331008,0.0020694732666015625
291602,normal,3586,0,1782362022.835035,0.0019342899322509766
291603,normal,3521,0,1782362022.8371303,0.0020952224731445312
291604,normal,2110,0,1782362022.8389828,0.0018525123596191406
291605,normal,2171,0,1782362022.8410578,0.0020749568939208984
291606,normal,1517,0,1782362022.8452518,0.004194021224975586
291607,normal,313,0,1782362022.8453238,7.200241088867188e-05
291608,normal,2693,0,1782362022.8469448,0.0016210079193115234
291609,normal,1748,0,1782362022.8490036,0.002058744430541992
291610,normal,31,0,1782362022.8510933,0.0020897388458251953
291611,normal,2361,0,1782362022.8529944,0.0019011497497558594
291612,normal,1726,0,1782362022.8549516,0.0019571781158447266
291613,normal,263,0,1782362022.8569338,0.0019822120666503906
291614,normal,2049,0,1782362022.85898,0.0020461082458496094
291615,normal,485,0,1782362022.8609147,0.0019347667694091797
291616,normal,2655,0,1782362022.862916,0.0020012855529785156
291617,normal,1294,0,1782362022.8649468,0.0020308494567871094
291618,normal,3432,0,1782362022.8669827,0.002035856246948242
291619,normal,3094,1,1782362022.8690035,0.0020208358764648438
291620,normal,3395,1,1782362022.8710046,0.002001047134399414
291621,normal,1012,2,1782362022.8729622,0.0019576549530029297
291622,normal,27,0,1782362022.8749382,0.00197601318359375
291623,normal,956,2,1782362022.876934,0.0019958019256591797
291624,normal,1577,0,1782362022.8789425,0.0020084381103515625
291625,normal,1007,2,1782362022.8809183,0.0019757747650146484
291626,normal,1434,0,1782362022.8829036,0.001985311508178711
291627,normal,2449,0,1782362022.8848803,0.0019767284393310547
291628,normal,1541,0,1782362022.886913,0.002032756805419922
291629,normal,325,0,1782362022.8890207,0.0021076202392578125
291630,normal,1750,0,1782362022.8909848,0.001964092254638672
291631,normal,377,0,1782362022.892943,0.001958131790161133
291632,normal,568,0,1782362022.894996,0.0020530223846435547
291633,normal,1572,0,1782362022.897098,0.0021021366119384766
291634,normal,291,0,1782362022.8989124,0.0018143653869628906
291635,normal,3501,0,1782362022.900987,0.0020744800567626953
291636,normal,73,0,1782362022.9029872,0.0020003318786621094
291637,normal,1373,1,1782362022.9049284,0.0019412040710449219
291638,normal,1375,1,1782362022.9069655,0.00203704833984375
291639,normal,1754,0,1782362022.9088836,0.0019180774688720703
291640,normal,922,2,1782362022.9109447,0.002061128616333008
291641,normal,2087,0,1782362022.9129944,0.002049684524536133
291642,normal,950,2,1782362022.9149108,0.0019164085388183594
291643,normal,2869,0,1782362022.9168706,0.0019598007202148438
291644,normal,2762,0,1782362022.9189394,0.002068758010864258
291645,normal,48,0,1782362022.9208734,0.001934051513671875
291646,normal,2052,0,1782362022.9229386,0.0020651817321777344
291647,normal,2453,0,1782362022.925281,0.0023424625396728516
291648,normal,2796,0,1782362022.9270985,0.001817464828491211
291649,normal,32,0,1782362022.9289157,0.0018172264099121094
291650,normal,38,0,1782362022.9309545,0.002038717269897461
291651,normal,1186,0,1782362022.9329128,0.0019583702087402344
291652,normal,915,2,1782362022.9349463,0.0020334720611572266
291653,normal,3569,0,1782362022.9369087,0.001962423324584961
291654,normal,3358,1,1782362022.939038,0.0021293163299560547
291655,normal,3555,0,1782362022.9409287,0.0018906593322753906
291656,normal,3572,0,1782362022.9429235,0.0019948482513427734
291657,normal,1869,0,1782362022.9449117,0.0019881725311279297
291658,normal,2533,0,1782362022.9469094,0.001997709274291992
291659,normal,2897,0,1782362022.9489093,0.0019998550415039062
291660,normal,144,0,1782362022.950937,0.002027750015258789
291661,normal,3607,0,1782362022.952966,0.002028942108154297
291662,normal,991,2,1782362022.9549851,0.002019166946411133
291663,normal,2662,0,1782362022.9569366,0.001951456069946289
291664,normal,1362,1,1782362022.9591112,0.0021746158599853516
291665,normal,3492,0,1782362022.961528,0.002416849136352539
291666,normal,921,2,1782362022.962944,0.0014159679412841797
291667,normal,766,0,1782362022.9648836,0.001939535140991211
291668,normal,555,0,1782362022.9669645,0.0020809173583984375
291669,normal,230,0,1782362022.9690294,0.002064943313598633
291670,normal,1316,0,1782362022.9710417,0.0020122528076171875
291671,normal,2765,0,1782362022.973022,0.001980304718017578
291672,normal,1171,0,1782362022.9750712,0.0020492076873779297
291673,normal,464,0,1782362022.9769323,0.0018610954284667969
291674,normal,3601,0,1782362022.9792233,0.002290964126586914
291675,normal,3315,1,1782362022.981306,0.00208282470703125
291676,normal,738,0,1782362022.9829838,0.0016777515411376953
291677,normal,2153,0,1782362022.984889,0.001905202865600586
291678,normal,2179,0,1782362022.9870174,0.0021283626556396484
291679,normal,1734,0,1782362022.9889944,0.0019769668579101562
291680,normal,157,0,1782362022.990935,0.0019407272338867188
291681,normal,2884,0,1782362022.9929452,0.0020101070404052734
291682,normal,2033,0,1782362022.994908,0.001962900161743164
291683,normal,1100,0,1782362022.9969013,0.0019931793212890625
291684,normal,3682,0,1782362022.998916,0.002014636993408203
291685,normal,2506,0,1782362023.0009542,0.002038240432739258
291686,normal,1793,0,1782362023.0029495,0.0019953250885009766
291687,normal,2688,0,1782362023.0049803,0.0020308494567871094
291688,normal,706,0,1782362023.0068886,0.0019083023071289062
291689,normal,1521,0,1782362023.0089276,0.0020389556884765625
291690,normal,3113,1,1782362023.0109422,0.002014636993408203
291691,normal,181,0,1782362023.0129519,0.0020096302032470703
291692,normal,1507,0,1782362023.0151303,0.0021784305572509766
291693,normal,1123,0,1782362023.017614,0.0024836063385009766
291694,normal,1646,0,1782362023.0190723,0.0014584064483642578
291695,normal,1704,0,1782362023.0210629,0.0019905567169189453
291696,normal,975,2,1782362023.023093,0.0020301342010498047
291697,normal,1848,0,1782362023.0250719,0.0019788742065429688
291698,normal,390,0,1782362023.0271828,0.0021109580993652344
291699,normal,536,0,1782362023.0291376,0.001954793930053711
291700,normal,1568,0,1782362023.0310917,0.0019540786743164062
291701,normal,3594,0,1782362023.033244,0.0021522045135498047
291702,normal,2053,0,1782362023.0351954,0.001951456069946289
291703,normal,933,2,1782362023.0372121,0.002016782760620117
291704,normal,248,0,1782362023.0393326,0.002120494842529297
291705,normal,1482,0,1782362023.0410092,0.0016765594482421875
291706,normal,1645,0,1782362023.0430481,0.0020389556884765625
291707,normal,3184,1,1782362023.0449145,0.0018663406372070312
291708,normal,1263,0,1782362023.0469925,0.0020780563354492188
291709,normal,3628,0,1782362023.0490115,0.0020189285278320312
291710,normal,1520,0,1782362023.0510259,0.0020143985748291016
291711,normal,1042,0,1782362023.0530872,0.0020613670349121094
291712,normal,1175,0,1782362023.0551019,0.002014636993408203
291713,normal,2247,0,1782362023.0569482,0.0018463134765625
291714,normal,2409,0,1782362023.059035,0.0020868778228759766
291715,normal,312,0,1782362023.061338,0.002302885055541992
291716,normal,2697,0,1782362023.0631735,0.0018355846405029297
291717,normal,2640,0,1782362023.0651052,0.0019316673278808594
291718,normal,2448,0,1782362023.067037,0.001931905746459961
291719,normal,2338,0,1782362023.0690134,0.0019762516021728516
291720,normal,2823,0,1782362023.071017,0.0020036697387695312
291721,normal,1953,0,1782362023.0729215,0.0019044876098632812
291722,normal,2652,0,1782362023.0752032,0.002281665802001953
291723,normal,1410,0,1782362023.0769544,0.0017511844635009766
291724,normal,1842,0,1782362023.0790713,0.0021169185638427734
291725,normal,204,0,1782362023.081135,0.002063751220703125
291726,normal,1136,0,1782362023.0830305,0.0018954277038574219
291727,normal,2755,0,1782362023.085021,0.0019905567169189453
291728,normal,7,0,1782362023.087008,0.001986980438232422
291729,normal,3633,0,1782362023.0890205,0.002012491226196289
291730,normal,69,0,1782362023.0910494,0.002028942108154297
291731,normal,2129,0,1782362023.092981,0.0019316673278808594
291732,normal,2253,0,1782362023.094993,0.002012014389038086
291733,normal,368,0,1782362023.0969884,0.0019953250885009766
291734,normal,1682,0,1782362023.0990381,0.002049684524536133
291735,normal,679,0,1782362023.1009917,0.001953601837158203
291736,normal,11,0,1782362023.1030715,0.0020797252655029297
291737,normal,2957,0,1782362023.104925,0.0018534660339355469
291738,normal,3444,0,1782362023.1070118,0.0020868778228759766
291739,normal,3122,1,1782362023.1089597,0.0019478797912597656
291740,normal,2091,0,1782362023.1109583,0.0019986629486083984
291741,normal,3080,1,1782362023.112985,0.0020265579223632812
291742,normal,2414,0,1782362023.1152048,0.0022199153900146484
291743,normal,3692,0,1782362023.1171527,0.0019478797912597656
291744,normal,3538,0,1782362023.1189568,0.0018041133880615234
291745,normal,642,0,1782362023.1209545,0.001997709274291992
291746,normal,3118,1,1782362023.123036,0.0020813941955566406
291747,normal,3512,0,1782362023.1249642,0.0019283294677734375
291748,normal,1591,0,1782362023.1270323,0.002068042755126953
291749,normal,1593,0,1782362023.129166,0.002133607864379883
291750,normal,543,0,1782362023.1309924,0.0018265247344970703
291751,normal,3473,0,1782362023.132957,0.001964569091796875
291752,normal,3589,0,1782362023.1351597,0.002202749252319336
291753,normal,1353,1,1782362023.1374927,0.002332925796508789
291754,normal,1951,0,1782362023.1402597,0.0027670860290527344
291755,normal,2355,0,1782362023.1409366,0.0006768703460693359
291756,normal,1603,0,1782362023.143188,0.0022513866424560547
291757,normal,3269,1,1782362023.1454012,0.0022132396697998047
291758,normal,1897,0,1782362023.1473906,0.0019893646240234375
291759,normal,1580,0,1782362023.149133,0.0017423629760742188
291760,normal,1625,0,1782362023.1512418,0.0021088123321533203
291761,normal,1906,0,1782362023.15316,0.0019183158874511719
291762,normal,133,0,1782362023.1552155,0.0020554065704345703
291763,normal,3548,0,1782362023.1570034,0.0017879009246826172
291764,normal,1103,0,1782362023.1590242,0.0020208358764648438
291765,normal,1526,0,1782362023.1613019,0.0022776126861572266
291766,normal,836,2,1782362023.1630528,0.001750946044921875
291767,normal,399,0,1782362023.1650217,0.001968860626220703
291768,normal,3275,1,1782362023.1670187,0.0019969940185546875
291769,normal,2786,0,1782362023.169091,0.0020723342895507812
291770,normal,725,0,1782362023.171036,0.0019450187683105469
291771,normal,237,0,1782362023.1729896,0.001953601837158203
291772,normal,1210,0,1782362023.1749978,0.002008199691772461
291773,normal,2973,0,1782362023.176956,0.001958131790161133
291774,normal,3411,0,1782362023.1790304,0.0020744800567626953
291775,normal,3230,1,1782362023.1809895,0.001959085464477539
291776,normal,127,0,1782362023.183035,0.0020453929901123047
291777,normal,2073,0,1782362023.1849954,0.0019605159759521484
291778,normal,2518,0,1782362023.1870205,0.002025127410888672
291779,normal,3629,0,1782362023.1889863,0.001965761184692383
291780,normal,2149,0,1782362023.1910205,0.0020341873168945312
291781,normal,3108,1,1782362023.3124797,0.1214592456817627
291782,normal,2888,0,1782362023.312583,0.00010323524475097656
291783,normal,1129,0,1782362023.3126187,3.5762786865234375e-05
291784,normal,554,0,1782362023.3126493,3.0517578125e-05
291785,normal,2480,0,1782362023.312699,4.982948303222656e-05
291786,normal,233,0,1782362023.3127286,2.956390380859375e-05
291787,normal,2064,0,1782362023.3127563,2.765655517578125e-05
291788,normal,741,0,1782362023.3127828,2.6464462280273438e-05
291789,normal,1461,0,1782362023.3128085,2.574920654296875e-05
291790,normal,681,0,1782362023.312834,2.5510787963867188e-05
291791,normal,1156,0,1782362023.3128583,2.4318695068359375e-05
291792,normal,1071,0,1782362023.3128834,2.5033950805664062e-05
291793,normal,2232,0,1782362023.3129098,2.6464462280273438e-05
291794,normal,747,0,1782362023.312935,2.5272369384765625e-05
291841,normal,649,0,1782362023.3130105,7.534027099609375e-05
291842,normal,1761,0,1782362023.3149977,0.0019872188568115234
291843,normal,3643,0,1782362023.31758,0.0025823116302490234
291844,normal,2530,0,1782362023.319648,0.002068042755126953
291845,normal,923,2,1782362023.3213208,0.0016727447509765625
291846,normal,1066,0,1782362023.3231452,0.0018243789672851562
291847,normal,498,0,1782362023.325269,0.0021238327026367188
291848,normal,2525,0,1782362023.3270423,0.0017733573913574219
291849,normal,326,0,1782362023.3292294,0.002187013626098633
291850,normal,3596,0,1782362023.3311179,0.0018885135650634766
291851,normal,1488,0,1782362023.3331485,0.002030611038208008
291852,normal,3233,1,1782362023.3356242,0.002475738525390625
291853,normal,1988,0,1782362023.337705,0.002080678939819336
291854,normal,3381,1,1782362023.339253,0.0015480518341064453
291855,normal,1678,0,1782362023.341202,0.0019490718841552734
291856,normal,3123,1,1782362023.3429692,0.0017671585083007812
291857,normal,3202,1,1782362023.3451643,0.002195119857788086
291858,normal,2216,0,1782362023.347441,0.0022766590118408203
291859,normal,2548,0,1782362023.3490388,0.0015978813171386719
291860,normal,2910,0,1782362023.3513114,0.0022726058959960938
291861,normal,1546,0,1782362023.3533673,0.0020558834075927734
291862,normal,2928,0,1782362023.355205,0.0018377304077148438
291863,normal,2636,0,1782362023.3571186,0.0019135475158691406
291864,normal,1097,0,1782362023.3590944,0.0019757747650146484
291865,normal,1174,0,1782362023.3611648,0.0020704269409179688
291866,normal,1633,0,1782362023.3633223,0.002157449722290039
291867,normal,89,0,1782362023.365257,0.0019347667694091797
291868,normal,3552,0,1782362023.3672903,0.002033233642578125
291869,normal,904,2,1782362023.3694654,0.0021750926971435547
291870,normal,1466,0,1782362023.3712955,0.0018301010131835938
291871,normal,2410,0,1782362023.3731172,0.001821756362915039
291872,normal,403,0,1782362023.375597,0.0024797916412353516
291873,normal,713,0,1782362023.3774571,0.0018601417541503906
291874,normal,3018,0,1782362023.3792417,0.0017845630645751953
291875,normal,3081,1,1782362023.3812375,0.0019958019256591797
291876,normal,1536,0,1782362023.3832176,0.0019800662994384766
291877,normal,1975,0,1782362023.3850596,0.0018420219421386719
291878,normal,678,0,1782362023.3871143,0.0020546913146972656
291879,normal,936,2,1782362023.389048,0.0019338130950927734
291880,normal,124,0,1782362023.391118,0.0020699501037597656
291881,normal,1733,0,1782362023.393117,0.0019989013671875
291882,normal,2772,0,1782362023.3952348,0.0021178722381591797
291883,normal,2077,0,1782362023.3971176,0.001882791519165039
291884,normal,1046,0,1782362023.3990474,0.0019297599792480469
291885,normal,1324,1,1782362023.4010398,0.001992464065551758
291886,normal,1608,0,1782362023.4031358,0.002095937728881836
291887,normal,2963,0,1782362023.4049804,0.001844644546508789
291888,normal,268,0,1782362023.407003,0.0020225048065185547
291889,normal,1414,0,1782362023.4090018,0.0019989013671875
291890,normal,2082,0,1782362023.4109495,0.001947641372680664
291891,normal,529,0,1782362023.4130502,0.002100706100463867
291892,normal,3525,0,1782362023.4149637,0.0019135475158691406
291893,normal,424,0,1782362023.417061,0.0020973682403564453
291894,normal,3609,0,1782362023.419021,0.0019598007202148438
291895,normal,2851,0,1782362023.4210505,0.0020296573638916016
291896,normal,126,0,1782362023.4230945,0.0020439624786376953
291897,normal,2523,0,1782362023.425062,0.0019674301147460938
291898,normal,2112,0,1782362023.426956,0.0018939971923828125
291899,normal,3623,0,1782362023.429,0.0020439624786376953
291900,normal,2317,0,1782362023.431007,0.002007007598876953
291901,normal,2788,0,1782362023.4329846,0.001977682113647461
291902,normal,3425,0,1782362023.4349802,0.001995563507080078
291903,normal,1662,0,1782362023.4369574,0.001977205276489258
291904,normal,3201,1,1782362023.4389944,0.00203704833984375
291905,normal,3120,1,1782362023.4409838,0.0019893646240234375
291906,normal,3428,0,1782362023.443015,0.0020313262939453125
291907,normal,3155,1,1782362023.445051,0.002035856246948242
291908,normal,412,0,1782362023.4470146,0.0019636154174804688
291909,normal,667,0,1782362023.449104,0.0020895004272460938
291910,normal,1229,0,1782362023.4510858,0.0019817352294921875
291911,normal,221,0,1782362023.4530988,0.002012968063354492
291912,normal,648,0,1782362023.455271,0.002172231674194336
291913,normal,3527,0,1782362023.4571054,0.0018343925476074219
291914,normal,1378,1,1782362023.4592326,0.0021271705627441406
291915,normal,2494,0,1782362023.4613488,0.0021162033081054688
291916,normal,1029,2,1782362023.463138,0.0017893314361572266
291917,normal,908,2,1782362023.4650147,0.0018765926361083984
291918,normal,3672,0,1782362023.467138,0.0021233558654785156
291919,normal,1452,0,1782362023.4690135,0.0018754005432128906
291920,normal,2221,0,1782362023.47117,0.002156496047973633
291921,normal,3084,1,1782362023.473107,0.0019371509552001953
291922,normal,2948,0,1782362023.4750295,0.0019223690032958984
291923,normal,1714,0,1782362023.4771016,0.0020720958709716797
291924,normal,470,0,1782362023.479015,0.0019135475158691406
291925,normal,3124,1,1782362023.4811687,0.002153635025024414
291926,normal,1143,0,1782362023.4830732,0.0019044876098632812
291927,normal,1141,0,1782362023.485107,0.002033710479736328
291928,normal,1261,0,1782362023.4874942,0.0023872852325439453
291929,normal,3338,1,1782362023.4893553,0.0018610954284667969
291930,normal,1227,0,1782362023.4913,0.0019447803497314453
291931,normal,2086,0,1782362023.4932406,0.0019404888153076172
291932,normal,742,0,1782362023.4951184,0.0018777847290039062
291933,normal,574,0,1782362023.4973214,0.0022029876708984375
291934,normal,3700,0,1782362023.4991343,0.0018129348754882812
291935,normal,1878,0,1782362023.501135,0.0020008087158203125
291936,normal,3335,1,1782362023.503226,0.002090930938720703
291937,normal,341,0,1782362023.5050185,0.0017924308776855469
291938,normal,3363,1,1782362023.5072281,0.0022096633911132812
291939,normal,1681,0,1782362023.5090725,0.0018444061279296875
291940,normal,2738,0,1782362023.5111275,0.002054929733276367
291941,normal,2210,0,1782362023.5130296,0.0019021034240722656
291942,normal,2656,0,1782362023.5151196,0.002089977264404297
291943,normal,1553,0,1782362023.5169826,0.0018630027770996094
291944,normal,999,2,1782362023.519119,0.0021364688873291016
291945,normal,1813,0,1782362023.521321,0.0022020339965820312
291946,normal,1126,0,1782362023.5233715,0.0020503997802734375
291947,normal,1966,0,1782362023.5256445,0.002273082733154297
291948,normal,373,0,1782362023.5273237,0.0016791820526123047
291949,normal,2257,0,1782362023.5291095,0.0017857551574707031
291950,normal,2374,0,1782362023.5311055,0.0019960403442382812
291951,normal,984,2,1782362023.5331645,0.0020589828491210938
291952,normal,1810,0,1782362023.5349956,0.0018310546875
291953,normal,153,0,1782362023.5373046,0.002309083938598633
291954,normal,483,0,1782362023.539516,0.002211332321166992
291955,normal,3508,0,1782362023.541458,0.0019419193267822266
291956,normal,1980,0,1782362023.5430126,0.001554727554321289
291957,normal,450,0,1782362023.5454013,0.0023887157440185547
291958,normal,1472,0,1782362023.5473928,0.0019915103912353516
291959,normal,3111,1,1782362023.5490549,0.0016620159149169922
291960,normal,2868,0,1782362023.551062,0.0020072460174560547
291961,normal,385,0,1782362023.5529802,0.0019180774688720703
291962,normal,882,2,1782362023.555004,0.0020236968994140625
291963,normal,1829,0,1782362023.5572457,0.002241849899291992
291964,normal,906,2,1782362023.5591588,0.0019130706787109375
291965,normal,593,0,1782362023.561069,0.0019102096557617188
291966,normal,1547,0,1782362023.5631757,0.0021066665649414062
291967,normal,1780,0,1782362023.5651362,0.0019605159759521484
291968,normal,1814,0,1782362023.5671375,0.0020012855529785156
291969,normal,1663,0,1782362023.569181,0.002043485641479492
291970,normal,677,0,1782362023.5711038,0.0019228458404541016
291971,normal,209,0,1782362023.5733805,0.0022766590118408203
291972,normal,3466,0,1782362023.5752506,0.0018701553344726562
291973,normal,2031,0,1782362023.5770738,0.0018231868743896484
291974,normal,1182,0,1782362023.57899,0.0019161701202392578
291975,normal,3424,0,1782362023.5813246,0.0023345947265625
291976,normal,1866,0,1782362023.58316,0.0018353462219238281
291977,normal,1018,2,1782362023.5850782,0.0019183158874511719
291978,normal,1570,0,1782362023.5871146,0.0020363330841064453
291979,normal,3359,1,1782362023.5889413,0.0018267631530761719
291980,normal,3303,1,1782362023.5909932,0.002051830291748047
291981,normal,2272,0,1782362023.5931492,0.0021560192108154297
291982,normal,1099,0,1782362023.5950801,0.0019309520721435547
291983,normal,2074,0,1782362023.5971768,0.0020966529846191406
291984,normal,1238,0,1782362023.5991285,0.0019516944885253906
291985,normal,2739,0,1782362023.6010375,0.001909017562866211
291986,normal,1431,0,1782362023.6032522,0.002214670181274414
291987,normal,302,0,1782362023.605142,0.001889944076538086
291988,normal,2645,0,1782362023.607061,0.001918792724609375
291989,normal,664,0,1782362023.6090739,0.002012968063354492
291990,normal,2758,0,1782362023.6111112,0.0020372867584228516
291991,normal,2070,0,1782362023.612954,0.0018427371978759766
291992,normal,3129,1,1782362023.6151683,0.0022144317626953125
291993,normal,2517,0,1782362023.617192,0.0020236968994140625
291994,normal,1886,0,1782362023.619377,0.0021848678588867188
291995,normal,3299,1,1782362023.621145,0.0017681121826171875
291996,normal,1004,2,1782362023.6232135,0.0020685195922851562
291997,normal,876,2,1782362023.6251307,0.001917123794555664
291998,normal,3647,0,1782362023.62702,0.0018892288208007812
291999,normal,1576,0,1782362023.6291695,0.0021495819091796875
292000,normal,633,0,1782362023.631053,0.0018835067749023438
292001,normal,2520,0,1782362023.6331282,0.0020751953125
292002,normal,3317,1,1782362023.6349573,0.0018291473388671875
292003,normal,2019,0,1782362023.6369944,0.00203704833984375
292004,normal,1841,0,1782362023.6391695,0.0021750926971435547
292005,normal,2665,0,1782362023.6409917,0.0018222332000732422
292006,normal,1322,1,1782362023.6433196,0.0023279190063476562
292007,normal,2298,0,1782362023.6451218,0.001802206039428711
292008,normal,2805,0,1782362023.6470656,0.001943826675415039
292009,normal,3027,0,1782362023.6490557,0.001990079879760742
292010,normal,2826,0,1782362023.651138,0.002082347869873047
292011,normal,2879,0,1782362023.6531248,0.0019867420196533203
292012,normal,3433,0,1782362023.6551871,0.0020623207092285156
292013,normal,189,0,1782362023.6570911,0.0019040107727050781
292014,normal,1626,0,1782362023.6591291,0.0020380020141601562
292015,normal,3209,1,1782362023.6611974,0.0020682811737060547
292016,normal,2486,0,1782362023.6632624,0.002064943313598633
292017,normal,2555,0,1782362023.665165,0.0019025802612304688
292018,normal,670,0,1782362023.6670744,0.001909494400024414
292019,normal,3641,0,1782362023.6690176,0.0019431114196777344
292020,normal,95,0,1782362023.671179,0.0021615028381347656
292021,normal,105,0,1782362023.6729903,0.0018112659454345703
292022,normal,2983,0,1782362023.6753314,0.002341032028198242
292023,normal,3131,1,1782362023.6770315,0.0017001628875732422
292024,normal,2393,0,1782362023.678963,0.0019314289093017578
292025,normal,3392,1,1782362023.681112,0.0021491050720214844
292026,normal,2123,0,1782362023.6830323,0.0019202232360839844
292027,normal,865,2,1782362023.684996,0.0019636154174804688
292028,normal,3180,1,1782362023.6877542,0.0027582645416259766
292029,normal,1000,2,1782362023.6895885,0.0018343925476074219
292030,normal,775,2,1782362023.6912553,0.0016667842864990234
292031,normal,1309,0,1782362023.693136,0.001880645751953125
292032,normal,2608,0,1782362023.6952713,0.0021352767944335938
292033,normal,2753,0,1782362023.6971226,0.0018513202667236328
292034,normal,208,0,1782362023.6990626,0.001940011978149414
292035,normal,1474,0,1782362023.701217,0.0021543502807617188
292036,normal,1728,0,1782362023.7033389,0.0021219253540039062
292037,normal,847,2,1782362023.7051158,0.0017769336700439453
292038,normal,920,2,1782362023.7070472,0.0019314289093017578
292039,normal,541,0,1782362023.7090676,0.0020203590393066406
292040,normal,2914,0,1782362023.7111619,0.002094268798828125
292041,normal,283,0,1782362023.7131293,0.0019674301147460938
292042,normal,3072,1,1782362023.7152283,0.0020990371704101562
292043,normal,972,2,1782362023.7170024,0.0017740726470947266
292044,normal,744,0,1782362023.719094,0.002091646194458008
292045,normal,1673,0,1782362023.7210727,0.001978635787963867
292046,normal,3429,0,1782362023.7232556,0.0021829605102539062
292047,normal,3281,1,1782362023.7251985,0.0019428730010986328
292048,normal,2817,0,1782362023.727578,0.0023794174194335938
292049,normal,824,2,1782362023.729928,0.0023500919342041016
292050,normal,3067,1,1782362023.7314355,0.0015075206756591797
292051,normal,427,0,1782362023.7331777,0.0017421245574951172
292052,normal,235,0,1782362023.7351897,0.002012014389038086
292053,normal,2747,0,1782362023.7371042,0.0019145011901855469
292054,normal,686,0,1782362023.7396145,0.0025103092193603516
292055,normal,3,0,1782362023.7411602,0.0015456676483154297
292056,normal,1274,0,1782362023.74363,0.002469778060913086
292057,normal,2490,0,1782362023.7452173,0.0015873908996582031
292058,normal,1932,0,1782362023.7471795,0.0019621849060058594
292059,normal,2862,0,1782362023.7492783,0.0020987987518310547
292060,normal,1843,0,1782362023.751049,0.0017707347869873047
292061,normal,1064,0,1782362023.7531798,0.002130746841430664
292062,normal,2202,0,1782362023.7550402,0.0018603801727294922
292063,normal,3114,1,1782362023.7570286,0.0019884109497070312
292064,normal,3284,1,1782362023.7591736,0.002145051956176758
292065,normal,2630,0,1782362023.7611532,0.0019795894622802734
292066,normal,592,0,1782362023.7630339,0.001880645751953125
292067,normal,3020,0,1782362023.7651563,0.0021224021911621094
292068,normal,3405,0,1782362023.7672243,0.002068042755126953
292069,normal,3570,0,1782362023.7698684,0.002644062042236328
292070,normal,2180,0,1782362023.7717283,0.001859903335571289
292071,normal,136,0,1782362023.7730696,0.0013413429260253906
292072,normal,700,0,1782362023.775185,0.002115488052368164
292073,normal,518,0,1782362023.7771676,0.001982450485229492
292074,normal,1539,0,1782362023.7791739,0.0020062923431396484
292075,normal,1785,0,1782362023.7810936,0.0019197463989257812
292076,normal,225,0,1782362023.7832086,0.002115011215209961
292077,normal,2080,0,1782362023.7851322,0.0019235610961914062
292078,normal,3263,1,1782362023.7872314,0.002099275588989258
292079,normal,624,0,1782362023.7889924,0.0017609596252441406
292080,normal,2526,0,1782362023.7914493,0.0024569034576416016
292081,normal,1849,0,1782362023.7933593,0.0019099712371826172
292082,normal,486,0,1782362023.795103,0.0017437934875488281
292083,normal,3316,1,1782362023.7972143,0.002111196517944336
292084,normal,2927,0,1782362023.7990146,0.0018002986907958984
292085,normal,1259,0,1782362023.8011348,0.0021202564239501953
292086,normal,56,0,1782362023.803062,0.0019271373748779297
292087,normal,818,2,1782362023.8051198,0.002057790756225586
292088,normal,3664,0,1782362023.8070114,0.0018916130065917969
292089,normal,3378,1,1782362023.809076,0.0020647048950195312
292090,normal,1872,0,1782362023.8110006,0.0019245147705078125
292091,normal,2583,0,1782362023.8131328,0.0021321773529052734
292092,normal,3348,1,1782362023.8152072,0.0020744800567626953
292093,normal,3517,0,1782362023.8171897,0.001982450485229492
292094,normal,1327,1,1782362023.8192105,0.0020208358764648438
292095,normal,3578,0,1782362023.8213627,0.0021522045135498047
292096,normal,2887,0,1782362023.8231735,0.0018107891082763672
292097,normal,2774,0,1782362023.825296,0.0021224021911621094
292098,normal,802,2,1782362023.827263,0.001967191696166992
292099,normal,60,0,1782362023.8291454,0.001882314682006836
292100,normal,26,0,1782362023.831263,0.002117633819580078
292101,normal,1216,0,1782362023.8333051,0.002042055130004883
292102,normal,1105,0,1782362023.8351526,0.0018475055694580078
292103,normal,1965,0,1782362023.837225,0.0020723342895507812
292104,normal,1927,0,1782362023.8391101,0.0018851757049560547
292105,normal,17,0,1782362023.8411193,0.002009153366088867
292106,normal,53,0,1782362023.8433433,0.002223968505859375
292107,normal,2840,0,1782362023.8451507,0.0018074512481689453
292108,normal,3231,1,1782362023.8471794,0.0020287036895751953
292109,normal,332,0,1782362023.8491108,0.0019314289093017578
292110,normal,1985,0,1782362023.851249,0.0021381378173828125
292111,normal,1237,0,1782362023.853283,0.0020339488983154297
292112,normal,2032,0,1782362023.8551605,0.0018775463104248047
292113,normal,216,0,1782362023.8571448,0.0019843578338623047
292114,normal,3565,0,1782362023.8590326,0.0018877983093261719
292115,normal,2836,0,1782362023.861113,0.0020804405212402344
292116,normal,2602,0,1782362023.8632581,0.002145051956176758
292117,normal,1247,0,1782362023.8651748,0.001916646957397461
292118,normal,1076,0,1782362023.8671277,0.0019528865814208984
292119,normal,3104,1,1782362023.8691688,0.0020411014556884766
292120,normal,2386,0,1782362023.87116,0.00199127197265625
292121,normal,1802,0,1782362023.8732278,0.0020678043365478516
292122,normal,3057,1,1782362023.8753352,0.002107381820678711
292123,normal,2169,0,1782362023.8771129,0.00177764892578125
292124,normal,1727,0,1782362023.8791833,0.0020704269409179688
292125,normal,50,0,1782362023.8811615,0.001978158950805664
292126,normal,1838,0,1782362023.8831396,0.001978158950805664
292127,normal,717,0,1782362023.8853273,0.0021877288818359375
292128,normal,2827,0,1782362023.8870997,0.0017724037170410156
292129,normal,740,0,1782362023.8897605,0.0026607513427734375
292130,normal,2907,0,1782362023.8912818,0.0015213489532470703
292131,normal,3545,0,1782362023.8931446,0.0018627643585205078
292132,normal,3341,1,1782362023.8951054,0.00196075439453125
292133,normal,792,2,1782362023.8973882,0.002282857894897461
292134,normal,694,0,1782362023.89922,0.0018317699432373047
292135,normal,3097,1,1782362023.9011788,0.0019588470458984375
292136,normal,1110,0,1782362023.9034827,0.0023038387298583984
292137,normal,3005,0,1782362023.9053016,0.0018188953399658203
292138,normal,3068,1,1782362023.9072645,0.001962900161743164
292139,normal,2004,0,1782362023.9092557,0.00199127197265625
292140,normal,1188,0,1782362023.9112651,0.0020093917846679688
292141,normal,2402,0,1782362023.913309,0.0020439624786376953
292142,normal,2254,0,1782362023.9152458,0.0019366741180419922
292143,normal,3651,0,1782362023.9170783,0.0018324851989746094
292144,normal,1767,0,1782362023.9191172,0.0020389556884765625
292145,normal,444,0,1782362023.9212472,0.0021300315856933594
292146,normal,517,0,1782362023.9234493,0.0022020339965820312
292147,normal,277,0,1782362023.9253561,0.0019068717956542969
292148,normal,170,0,1782362023.9273143,0.001958131790161133
292149,normal,2713,0,1782362023.929297,0.0019826889038085938
292150,normal,466,0,1782362023.9311903,0.0018932819366455078
292151,normal,3568,0,1782362023.9332478,0.0020575523376464844
292152,normal,1349,1,1782362023.935126,0.0018782615661621094
292153,normal,2684,0,1782362023.937227,0.0021009445190429688
292154,normal,3618,0,1782362023.9397311,0.002504110336303711
292155,normal,1061,0,1782362023.941866,0.0021347999572753906
292156,normal,285,0,1782362023.9434192,0.0015532970428466797
292157,normal,3239,1,1782362023.9452288,0.0018095970153808594
292158,normal,2048,0,1782362023.947138,0.0019092559814453125
292159,normal,1480,0,1782362023.9495692,0.002431154251098633
292160,normal,772,2,1782362023.9512105,0.0016412734985351562
292161,normal,1228,0,1782362023.9531329,0.0019223690032958984
292162,normal,1161,0,1782362023.955295,0.0021622180938720703
292163,normal,1433,0,1782362023.9572515,0.001956462860107422
292164,normal,1140,0,1782362023.959091,0.0018393993377685547
292165,normal,1732,0,1782362023.9611807,0.0020897388458251953
292166,normal,1779,0,1782362023.963135,0.001954317092895508
292167,normal,2512,0,1782362023.9651425,0.0020074844360351562
292168,normal,1132,0,1782362023.9671044,0.001961946487426758
292169,normal,1971,0,1782362023.9691412,0.0020368099212646484
292170,normal,2260,0,1782362023.9713085,0.002167224884033203
292171,normal,2842,0,1782362023.9733815,0.002073049545288086
292172,normal,2411,0,1782362060.208026,0.0
292173,normal,1128,0,1782362060.2100434,0.002017498016357422
292174,normal,2691,0,1782362060.2120097,0.001966238021850586
292175,normal,463,0,1782362060.214072,0.0020623207092285156
292176,normal,2943,0,1782362060.2160304,0.0019583702087402344
292177,normal,1120,0,1782362060.2181556,0.002125263214111328
292178,normal,2246,0,1782362060.2200296,0.0018739700317382812
292179,normal,1637,0,1782362060.222002,0.0019724369049072266
292180,normal,1425,0,1782362060.2240446,0.002042531967163086
292181,normal,3086,1,1782362060.2261188,0.0020742416381835938
292182,normal,1150,0,1782362060.2280264,0.0019075870513916016
292183,normal,453,0,1782362060.2302938,0.0022673606872558594
292184,normal,1436,0,1782362060.2321122,0.0018184185028076172
292185,normal,577,0,1782362060.234241,0.0021288394927978516
292186,normal,94,0,1782362060.2362146,0.0019736289978027344
292187,normal,1348,1,1782362060.2381463,0.0019316673278808594
292188,normal,1316,0,1782362060.2401984,0.0020520687103271484
292189,normal,984,2,1782362060.2420707,0.0018723011016845703
292190,normal,2377,0,1782362060.244266,0.0021953582763671875
292191,normal,3417,0,1782362060.2461421,0.0018761157989501953
292192,normal,2842,0,1782362060.2481086,0.0019664764404296875
292193,normal,706,0,1782362060.250255,0.002146482467651367
292194,normal,2324,0,1782362060.2520883,0.001833200454711914
292195,normal,3593,0,1782362060.2542436,0.002155303955078125
292196,normal,2695,0,1782362060.2561018,0.0018582344055175781
292197,normal,1239,0,1782362060.2582364,0.002134561538696289
292198,normal,1492,0,1782362060.2601283,0.0018918514251708984
292199,normal,451,0,1782362060.2622452,0.0021169185638427734
292200,normal,3485,0,1782362060.2642024,0.0019571781158447266
292201,normal,3072,1,1782362060.266089,0.001886606216430664
292202,normal,3388,1,1782362060.2682965,0.002207517623901367
292203,normal,1781,0,1782362060.2701187,0.0018222332000732422
292204,normal,1274,0,1782362060.2723098,0.0021910667419433594
292205,normal,2851,0,1782362060.274153,0.0018432140350341797
292206,normal,2964,0,1782362060.276238,0.002084970474243164
292207,normal,1962,0,1782362060.2780771,0.0018391609191894531
292208,normal,3222,1,1782362060.280269,0.002191781997680664
292209,normal,2737,0,1782362060.282224,0.0019550323486328125
292210,normal,1677,0,1782362060.28409,0.0018661022186279297
292211,normal,149,0,1782362060.2862628,0.002172708511352539
292212,normal,3490,0,1782362060.288228,0.0019652843475341797
292213,normal,3319,1,1782362060.2900875,0.001859426498413086
292214,normal,375,0,1782362060.29231,0.0022225379943847656
292215,normal,1350,1,1782362060.2942328,0.0019228458404541016
292216,normal,274,0,1782362060.2960994,0.0018665790557861328
292217,normal,3351,1,1782362060.2982996,0.0022001266479492188
292218,normal,1983,0,1782362060.3002284,0.0019288063049316406
292219,normal,1245,0,1782362060.3020856,0.0018572807312011719
292220,normal,885,2,1782362060.3043087,0.0022230148315429688
292221,normal,3662,0,1782362060.306234,0.0019252300262451172
292222,normal,1636,0,1782362060.3080935,0.0018596649169921875
292223,normal,2109,0,1782362060.3103285,0.002234935760498047
292224,normal,2111,0,1782362060.3122413,0.001912832260131836
292225,normal,2096,0,1782362060.3140829,0.0018415451049804688
292226,normal,440,0,1782362060.3163023,0.0022194385528564453
292227,normal,3197,1,1782362060.3182285,0.0019261837005615234
292228,normal,1759,0,1782362060.320086,0.0018575191497802734
292229,normal,1064,0,1782362060.3223102,0.0022242069244384766
292230,normal,3386,1,1782362060.3242269,0.001916646957397461
292231,normal,3372,1,1782362060.3261025,0.0018756389617919922
292232,normal,2417,0,1782362060.3283126,0.0022101402282714844
292233,normal,2756,0,1782362060.3302257,0.0019130706787109375
292234,normal,366,0,1782362060.3320792,0.0018534660339355469
292235,normal,3220,1,1782362060.3342683,0.002189159393310547
292236,normal,973,2,1782362060.3362267,0.0019583702087402344
292237,normal,181,0,1782362060.3381207,0.0018939971923828125
292238,normal,692,0,1782362060.3402927,0.0021719932556152344
292239,normal,1146,0,1782362060.3422294,0.0019366741180419922
292240,normal,352,0,1782362060.3440933,0.0018639564514160156
292241,normal,373,0,1782362060.3462677,0.00217437744140625
292242,normal,3186,1,1782362060.3482313,0.0019636154174804688
292243,normal,1744,0,1782362060.3503017,0.0020704269409179688
292244,normal,2398,0,1782362060.352258,0.0019562244415283203
292245,normal,3102,1,1782362060.3543074,0.0020494461059570312
292246,normal,821,2,1782362060.3561122,0.0018048286437988281
292247,normal,1543,0,1782362060.35837,0.002257823944091797
292248,normal,709,0,1782362060.3602338,0.001863718032836914
292249,normal,1913,0,1782362060.3621354,0.0019016265869140625
292250,normal,665,0,1782362060.3642628,0.002127408981323242
292251,normal,17,0,1782362060.3662825,0.002019643783569336
292252,normal,3636,0,1782362060.3680155,0.0017330646514892578
292253,normal,3250,1,1782362060.3700655,0.0020499229431152344
292254,normal,1429,0,1782362060.3720684,0.0020029544830322266
292255,normal,2046,0,1782362060.374018,0.0019495487213134766
292256,normal,1662,0,1782362060.3760726,0.0020546913146972656
292257,normal,135,0,1782362060.378085,0.0020122528076171875
292258,normal,3145,1,1782362060.380028,0.0019431114196777344
292259,normal,926,2,1782362060.3821123,0.0020842552185058594
292260,normal,2218,0,1782362060.3842509,0.0021386146545410156
292261,normal,3637,0,1782362060.3862243,0.001973390579223633
292262,normal,2329,0,1782362060.3881493,0.0019249916076660156
292263,normal,572,0,1782362060.390269,0.002119779586791992
292264,normal,1307,0,1782362060.3920922,0.0018231868743896484
292265,normal,3573,0,1782362060.3942575,0.0021653175354003906
292266,normal,1538,0,1782362060.3961864,0.0019288063049316406
292267,normal,1116,0,1782362060.3982298,0.002043485641479492
292268,normal,248,0,1782362060.40014,0.0019102096557617188
292269,normal,3042,0,1782362060.4022713,0.002131223678588867
292270,normal,3248,1,1782362060.4041338,0.0018625259399414062
292271,normal,2151,0,1782362060.4060874,0.001953601837158203
292272,normal,1694,0,1782362060.4083273,0.0022399425506591797
292273,normal,2393,0,1782362060.410096,0.0017685890197753906
292274,normal,266,0,1782362060.412273,0.002177000045776367
292275,normal,2006,0,1782362060.4142172,0.0019443035125732422
292276,normal,2242,0,1782362060.416092,0.001874685287475586
292277,normal,1272,0,1782362060.4182673,0.0021753311157226562
292278,normal,1372,1,1782362060.4202836,0.002016305923461914
292279,normal,1528,0,1782362060.4220874,0.0018038749694824219
292280,normal,2869,0,1782362060.424257,0.0021696090698242188
292281,normal,2223,0,1782362060.4262047,0.001947641372680664
292282,normal,3284,1,1782362060.428233,0.002028226852416992
292283,normal,131,0,1782362060.430138,0.001905202865600586
292284,normal,3304,1,1782362060.4322653,0.0021271705627441406
292285,normal,667,0,1782362060.4341109,0.0018455982208251953
292286,normal,2219,0,1782362060.436266,0.0021550655364990234
292287,normal,2535,0,1782362060.4381795,0.0019135475158691406
292288,normal,2444,0,1782362060.4400904,0.0019109249114990234
292289,normal,2867,0,1782362060.4422657,0.0021753311157226562
292290,normal,1165,0,1782362060.4441803,0.0019145011901855469
292291,normal,2492,0,1782362060.4460905,0.0019102096557617188
292292,normal,435,0,1782362060.4482665,0.002176046371459961
292293,normal,2812,0,1782362060.4501445,0.0018780231475830078
292294,normal,2228,0,1782362060.4520566,0.0019121170043945312
292295,normal,3493,0,1782362060.4541767,0.0021200180053710938
292296,normal,2530,0,1782362060.4560921,0.0019154548645019531
292297,normal,3227,1,1782362060.4581318,0.002039670944213867
292298,normal,123,0,1782362060.4600954,0.0019636154174804688
292299,normal,2517,0,1782362060.462088,0.0019927024841308594
292300,normal,2314,0,1782362060.4640453,0.0019571781158447266
292301,normal,786,2,1782362060.4661114,0.0020661354064941406
292302,normal,3614,0,1782362060.4681005,0.001989126205444336
292303,normal,2565,0,1782362060.470075,0.001974344253540039
292304,normal,2345,0,1782362060.4720962,0.002021312713623047
292305,normal,2647,0,1782362060.4741101,0.0020139217376708984
292306,normal,1726,0,1782362060.476204,0.002093791961669922
292307,normal,2282,0,1782362060.4781358,0.001931905746459961
292308,normal,2121,0,1782362060.4802613,0.0021255016326904297
292309,normal,673,0,1782362060.4821095,0.0018482208251953125
292310,normal,2089,0,1782362060.4842823,0.002172708511352539
292311,normal,1008,2,1782362060.4861794,0.0018970966339111328
292312,normal,1865,0,1782362060.4882355,0.002056121826171875
292313,normal,2074,0,1782362060.4901457,0.0019102096557617188
292314,normal,2658,0,1782362060.492282,0.00213623046875
292315,normal,1092,0,1782362060.4940925,0.0018105506896972656
292316,normal,2418,0,1782362060.4962745,0.0021820068359375
292317,normal,1337,1,1782362060.4981813,0.0019068717956542969
292318,normal,2273,0,1782362060.500237,0.002055644989013672
292319,normal,89,0,1782362060.5021412,0.0019042491912841797
292320,normal,1365,1,1782362060.5042732,0.002131938934326172
292321,normal,2424,0,1782362060.5060887,0.0018155574798583984
292322,normal,2354,0,1782362060.50826,0.0021712779998779297
292323,normal,2995,0,1782362060.5101776,0.0019176006317138672
292324,normal,743,0,1782362060.5122316,0.002053976058959961
292325,normal,1300,0,1782362060.5141435,0.0019118785858154297
292326,normal,616,0,1782362060.516264,0.002120494842529297
292327,normal,1485,0,1782362060.5180902,0.0018262863159179688
292328,normal,1893,0,1782362060.5202572,0.0021669864654541016
292329,normal,3454,0,1782362060.522228,0.0019707679748535156
292330,normal,473,0,1782362060.5240927,0.0018646717071533203
292331,normal,227,0,1782362060.5262563,0.0021636486053466797
292332,normal,3689,0,1782362060.528173,0.001916646957397461
292333,normal,3010,0,1782362060.5302472,0.0020742416381835938
292334,normal,1817,0,1782362060.5321445,0.0018973350524902344
292335,normal,3326,1,1782362060.534278,0.0021333694458007812
292336,normal,718,0,1782362060.5368323,0.0025544166564941406
292337,normal,758,0,1782362060.5380783,0.0012459754943847656
292338,normal,1223,0,1782362060.5402007,0.0021224021911621094
292339,normal,1846,0,1782362060.542056,0.0018553733825683594
292340,normal,746,0,1782362060.5441935,0.002137422561645508
292341,normal,525,0,1782362060.5461037,0.0019102096557617188
292342,normal,3123,1,1782362060.5480447,0.0019409656524658203
292343,normal,1890,0,1782362060.5501664,0.0021216869354248047
292344,normal,3356,1,1782362060.5520637,0.0018973350524902344
292345,normal,9,0,1782362060.5540476,0.0019838809967041016
292346,normal,3442,0,1782362060.5561087,0.002061128616333008
292347,normal,865,2,1782362060.5580657,0.001956939697265625
292348,normal,3079,1,1782362060.560072,0.0020062923431396484
292349,normal,2625,0,1782362060.5621097,0.0020377635955810547
292350,normal,3350,1,1782362060.564058,0.0019483566284179688
292351,normal,1323,1,1782362060.566221,0.002162933349609375
292352,normal,3229,1,1782362060.568131,0.0019099712371826172
292353,normal,897,2,1782362060.570059,0.001928091049194336
292354,normal,3043,0,1782362060.5720458,0.0019867420196533203
292355,normal,1498,0,1782362060.5741086,0.0020627975463867188
292356,normal,2599,0,1782362060.5760586,0.0019500255584716797
292357,normal,2888,0,1782362060.5780468,0.0019881725311279297
292358,normal,1461,0,1782362060.5801442,0.0020973682403564453
292359,normal,2256,0,1782362060.5820932,0.0019490718841552734
292360,normal,1599,0,1782362060.5840492,0.0019559860229492188
292361,normal,1892,0,1782362060.586146,0.002096891403198242
292362,normal,1333,1,1782362060.588084,0.0019378662109375
292363,normal,2192,0,1782362060.5900476,0.0019636154174804688
292364,normal,3329,1,1782362060.5921073,0.0020596981048583984
292365,normal,858,2,1782362060.5940835,0.0019762516021728516
292366,normal,533,0,1782362060.5960476,0.001964092254638672
292367,normal,1305,0,1782362060.5981123,0.0020647048950195312
292368,normal,3676,0,1782362060.600086,0.0019736289978027344
292369,normal,344,0,1782362060.6020505,0.001964569091796875
292370,normal,707,0,1782362060.6041129,0.0020623207092285156
292371,normal,1228,0,1782362060.6060884,0.001975536346435547
292372,normal,929,2,1782362060.6080492,0.00196075439453125
292373,normal,1950,0,1782362060.6101127,0.0020635128021240234
292374,normal,479,0,1782362060.6120853,0.001972675323486328
292375,normal,2319,0,1782362060.6140466,0.001961231231689453
292376,normal,1001,2,1782362060.616113,0.002066373825073242
292377,normal,1289,0,1782362060.6180842,0.0019712448120117188
292378,normal,1697,0,1782362060.6200478,0.0019636154174804688
292379,normal,2467,0,1782362060.622124,0.0020761489868164062
292380,normal,2133,0,1782362060.6240916,0.0019676685333251953
292381,normal,3410,0,1782362060.6260498,0.001958131790161133
292382,normal,1363,1,1782362060.6281128,0.0020630359649658203
292383,normal,1904,0,1782362060.630089,0.0019762516021728516
292384,normal,2537,0,1782362060.6320488,0.0019598007202148438
292385,normal,1386,0,1782362060.6341124,0.0020635128021240234
292386,normal,886,2,1782362060.6360867,0.001974344253540039
292387,normal,1878,0,1782362060.6380482,0.0019614696502685547
292388,normal,2771,0,1782362060.6401124,0.002064228057861328
292389,normal,2435,0,1782362060.6420903,0.0019779205322265625
292390,normal,2421,0,1782362060.6440508,0.0019605159759521484
292391,normal,39,0,1782362060.6461172,0.002066373825073242
292392,normal,856,2,1782362060.6480856,0.0019683837890625
292393,normal,2210,0,1782362060.6500463,0.00196075439453125
292394,normal,1590,0,1782362060.6521122,0.002065896987915039
292395,normal,3046,1,1782362060.654096,0.001983642578125
292396,normal,1005,2,1782362060.6560478,0.0019519329071044922
292397,normal,2479,0,1782362060.6581295,0.002081632614135742
292398,normal,2041,0,1782362060.6600976,0.0019681453704833984
292399,normal,218,0,1782362060.662048,0.0019505023956298828
292400,normal,3456,0,1782362060.664112,0.0020639896392822266
292401,normal,2927,0,1782362060.6660898,0.001977682113647461
292402,normal,3532,0,1782362060.6680493,0.001959562301635742
292403,normal,2376,0,1782362060.670112,0.002062559127807617
292404,normal,1959,0,1782362060.6720889,0.0019769668579101562
292405,normal,1260,0,1782362060.6740472,0.0019583702087402344
292406,normal,183,0,1782362060.6761124,0.0020651817321777344
292407,normal,2104,0,1782362060.678089,0.001976490020751953
292408,normal,2477,0,1782362060.6800485,0.001959562301635742
292409,normal,424,0,1782362060.6821117,0.002063274383544922
292410,normal,2449,0,1782362060.6840873,0.001975536346435547
292411,normal,2339,0,1782362060.68605,0.0019626617431640625
292412,normal,1891,0,1782362060.6881094,0.002059459686279297
292413,normal,361,0,1782362060.6900928,0.0019834041595458984
292414,normal,2180,0,1782362060.6920755,0.0019826889038085938
292415,normal,964,2,1782362060.694112,0.002036571502685547
292416,normal,505,0,1782362060.6960883,0.0019762516021728516
292417,normal,489,0,1782362060.6980493,0.0019609928131103516
292418,normal,2478,0,1782362060.7001176,0.0020682811737060547
292419,normal,900,2,1782362060.702088,0.001970529556274414
292420,normal,948,2,1782362060.704048,0.0019598007202148438
292421,normal,624,0,1782362060.706146,0.00209808349609375
292422,normal,1491,0,1782362060.7080922,0.0019462108612060547
292423,normal,2830,0,1782362060.7100482,0.0019559860229492188
292424,normal,1901,0,1782362060.7121155,0.0020673274993896484
292425,normal,2716,0,1782362060.714088,0.0019724369049072266
292426,normal,119,0,1782362060.716046,0.001958131790161133
292427,normal,2028,0,1782362060.7181134,0.0020673274993896484
292428,normal,1441,0,1782362060.720088,0.0019745826721191406
292429,normal,3516,0,1782362060.7220526,0.001964569091796875
292430,normal,1292,0,1782362060.7241278,0.0020751953125
292431,normal,1117,0,1782362060.7260952,0.0019674301147460938
292432,normal,1872,0,1782362060.7280467,0.001951456069946289
292433,normal,2768,0,1782362060.730105,0.002058267593383789
292434,normal,2870,0,1782362060.7320864,0.001981496810913086
292435,normal,774,2,1782362060.7340493,0.001962900161743164
292436,normal,1243,0,1782362060.7361107,0.0020613670349121094
292437,normal,1678,0,1782362060.7380958,0.0019850730895996094
292438,normal,3395,1,1782362060.7400484,0.0019526481628417969
292439,normal,3709,0,1782362060.7421122,0.002063751220703125
292440,normal,3054,1,1782362060.7440922,0.0019800662994384766
292441,normal,1981,0,1782362060.746047,0.001954793930053711
292442,normal,3605,0,1782362060.748109,0.002062082290649414
292443,normal,1108,0,1782362060.7500963,0.0019872188568115234
292444,normal,2528,0,1782362060.752045,0.0019485950469970703
292445,normal,2081,0,1782362060.7541027,0.002057790756225586
292446,normal,1915,0,1782362060.7562983,0.002195596694946289
292447,normal,1422,0,1782362060.7580585,0.001760244369506836
292448,normal,2010,0,1782362060.7601144,0.0020558834075927734
292449,normal,520,0,1782362060.762084,0.001969575881958008
292450,normal,360,0,1782362060.7640443,0.001960277557373047
292451,normal,2115,0,1782362060.766104,0.0020596981048583984
292452,normal,3486,0,1782362060.7680876,0.001983642578125
292453,normal,1930,0,1782362060.7700467,0.001959085464477539
292454,normal,1072,0,1782362060.7721074,0.0020606517791748047
292455,normal,210,0,1782362060.7740843,0.0019769668579101562
292456,normal,1133,0,1782362060.7760465,0.0019621849060058594
292457,normal,2916,0,1782362060.7781205,0.002074003219604492
292458,normal,2167,0,1782362060.7800808,0.001960277557373047
292459,normal,1835,0,1782362060.782047,0.001966238021850586
292460,normal,1123,0,1782362060.7841103,0.002063274383544922
292461,normal,166,0,1782362060.7860808,0.001970529556274414
292462,normal,2553,0,1782362060.7880456,0.0019648075103759766
292463,normal,2727,0,1782362060.7901118,0.0020661354064941406
292464,normal,1176,0,1782362060.79208,0.0019681453704833984
292465,normal,2124,0,1782362060.7940469,0.0019669532775878906
292466,normal,1542,0,1782362060.7961097,0.0020627975463867188
292467,normal,3249,1,1782362060.798083,0.001973390579223633
292468,normal,2699,0,1782362060.8000472,0.001964092254638672
292469,normal,1827,0,1782362060.8021085,0.0020613670349121094
292470,normal,1411,0,1782362060.8040771,0.0019686222076416016
292471,normal,2327,0,1782362060.8060434,0.001966238021850586
292472,normal,1144,0,1782362060.8081121,0.002068758010864258
292473,normal,2912,0,1782362060.8100822,0.001970052719116211
292474,normal,1443,0,1782362060.812045,0.001962900161743164
292475,normal,2250,0,1782362060.814116,0.002070903778076172
292476,normal,1000,2,1782362060.8160894,0.001973390579223633
292477,normal,701,0,1782362060.8180492,0.0019598007202148438
292478,normal,1813,0,1782362060.8201115,0.0020623207092285156
292479,normal,2939,0,1782362060.822081,0.001969575881958008
292480,normal,219,0,1782362060.824047,0.0019659996032714844
292481,normal,3221,1,1782362060.8261113,0.002064228057861328
292482,normal,947,2,1782362060.8280814,0.001970052719116211
292483,normal,2958,0,1782362060.830045,0.0019636154174804688
292484,normal,1096,0,1782362060.8321118,0.0020668506622314453
292485,normal,3273,1,1782362060.8340778,0.0019659996032714844
292486,normal,1896,0,1782362060.8360462,0.0019683837890625
292487,normal,3021,0,1782362060.8380752,0.002028942108154297
292488,normal,1016,2,1782362060.840081,0.0020058155059814453
292489,normal,1147,0,1782362060.8420484,0.0019674301147460938
292490,normal,1336,1,1782362060.8441198,0.002071380615234375
292491,normal,1308,0,1782362060.8460815,0.0019617080688476562
292492,normal,2459,0,1782362060.8480484,0.0019669532775878906
292493,normal,2664,0,1782362060.8501108,0.0020623207092285156
292494,normal,1380,1,1782362060.852077,0.001966238021850586
292495,normal,1861,0,1782362060.8540456,0.0019686222076416016
292496,normal,3153,1,1782362060.8561106,0.002064943313598633
292497,normal,1818,0,1782362060.8580825,0.0019719600677490234
292498,normal,2510,0,1782362060.8600435,0.0019609928131103516
292499,normal,2892,0,1782362060.8621054,0.0020618438720703125
292500,normal,3541,0,1782362060.8640788,0.001973390579223633
292501,normal,2601,0,1782362060.8660474,0.0019686222076416016
292502,normal,2132,0,1782362060.8681192,0.002071857452392578
292503,normal,954,2,1782362060.8702397,0.002120494842529297
292504,normal,970,2,1782362060.8720877,0.001847982406616211
292505,normal,383,0,1782362060.8743541,0.002266407012939453
292506,normal,3528,0,1782362060.8762593,0.001905202865600586
292507,normal,2086,0,1782362060.8780868,0.0018274784088134766
292508,normal,3620,0,1782362060.8802655,0.002178668975830078
292509,normal,2749,0,1782362060.8822312,0.001965761184692383
292510,normal,688,0,1782362060.8840919,0.0018606185913085938
292511,normal,3154,1,1782362060.886272,0.0021800994873046875
292512,normal,68,0,1782362060.8882353,0.001963376998901367
292513,normal,981,2,1782362060.8901162,0.0018808841705322266
292514,normal,1171,0,1782362060.8922725,0.0021562576293945312
292515,normal,2526,0,1782362060.8942451,0.001972675323486328
292516,normal,2495,0,1782362060.8961127,0.001867532730102539
292517,normal,3109,1,1782362060.8982728,0.0021600723266601562
292518,normal,3104,1,1782362060.900233,0.001960277557373047
292519,normal,1440,0,1782362060.9021199,0.0018868446350097656
292520,normal,920,2,1782362060.9042761,0.0021562576293945312
292521,normal,3673,0,1782362060.9062414,0.0019652843475341797
292522,normal,2646,0,1782362060.9080827,0.0018413066864013672
292523,normal,3383,1,1782362060.9102836,0.0022008419036865234
292524,normal,2016,0,1782362060.9122386,0.0019550323486328125
292525,normal,1742,0,1782362060.9141197,0.0018811225891113281
292526,normal,146,0,1782362060.9162724,0.002152681350708008
292527,normal,3550,0,1782362060.9182484,0.00197601318359375
292528,normal,506,0,1782362060.920083,0.0018346309661865234
292529,normal,2438,0,1782362060.922285,0.0022020339965820312
292530,normal,2721,0,1782362060.924276,0.0019910335540771484
292531,normal,1388,0,1782362060.9260833,0.0018072128295898438
292532,normal,648,0,1782362060.9282727,0.0021893978118896484
292533,normal,1201,0,1782362060.9302433,0.001970529556274414
292534,normal,806,2,1782362060.932084,0.001840829849243164
292535,normal,2035,0,1782362060.9342794,0.0021953582763671875
292536,normal,1728,0,1782362060.9362462,0.001966714859008789
292537,normal,1603,0,1782362060.9380853,0.0018391609191894531
292538,normal,2162,0,1782362060.9402728,0.002187490463256836
292539,normal,48,0,1782362060.9422634,0.0019905567169189453
292540,normal,732,0,1782362060.9440832,0.0018198490142822266
292541,normal,873,2,1782362060.946271,0.0021877288818359375
292542,normal,3588,0,1782362060.9482448,0.001973867416381836
292543,normal,2222,0,1782362060.9500852,0.001840353012084961
292544,normal,2020,0,1782362060.9522727,0.002187490463256836
292545,normal,1399,0,1782362060.954248,0.0019752979278564453
292546,normal,835,2,1782362060.9561157,0.0018677711486816406
292547,normal,167,0,1782362060.9581153,0.0019996166229248047
292548,normal,1369,1,1782362060.9602566,0.002141237258911133
292549,normal,2997,0,1782362060.9620826,0.0018260478973388672
292550,normal,2220,0,1782362060.9642656,0.0021829605102539062
292551,normal,838,2,1782362060.9662392,0.0019736289978027344
292552,normal,168,0,1782362060.968215,0.0019757747650146484
292553,normal,296,0,1782362060.970237,0.0020220279693603516
292554,normal,2186,0,1782362060.9721947,0.0019576549530029297
292555,normal,1162,0,1782362060.9742458,0.002051115036010742
292556,normal,353,0,1782362060.9761488,0.0019030570983886719
292557,normal,636,0,1782362060.978293,0.0021440982818603516
292558,normal,3172,1,1782362060.9801917,0.0018987655639648438
292559,normal,1432,0,1782362060.9822855,0.002093791961669922
292560,normal,516,0,1782362060.984164,0.001878499984741211
292561,normal,2655,0,1782362060.9860923,0.0019283294677734375
292562,normal,2283,0,1782362060.9882624,0.002170085906982422
292563,normal,235,0,1782362060.990169,0.0019066333770751953
292564,normal,1319,1,1782362060.9921293,0.001960277557373047
292565,normal,3255,1,1782362060.9942403,0.0021109580993652344
292566,normal,1808,0,1782362060.9960995,0.0018591880798339844
292567,normal,1251,0,1782362060.9980583,0.0019588470458984375
292568,normal,1330,1,1782362061.0002332,0.002174854278564453
292569,normal,3271,1,1782362061.0022688,0.0020356178283691406
292570,normal,1814,0,1782362061.004091,0.0018222332000732422
292571,normal,710,0,1782362061.0062706,0.0021796226501464844
292572,normal,294,0,1782362061.0081627,0.00189208984375
292573,normal,1161,0,1782362061.0102284,0.0020656585693359375
292574,normal,875,2,1782362061.0121408,0.0019123554229736328
292575,normal,3014,0,1782362061.014269,0.0021283626556396484
292576,normal,598,0,1782362061.016091,0.0018219947814941406
292577,normal,59,0,1782362061.0182738,0.0021827220916748047
292578,normal,501,0,1782362061.0201726,0.0018987655639648438
292579,normal,1011,2,1782362061.0222485,0.0020759105682373047
292580,normal,1971,0,1782362061.0241468,0.0018982887268066406
292581,normal,2942,0,1782362061.0262733,0.002126455307006836
292582,normal,116,0,1782362061.0281143,0.0018410682678222656
292583,normal,2924,0,1782362061.0302694,0.0021550655364990234
292584,normal,87,0,1782362061.0321643,0.0018949508666992188
292585,normal,3213,1,1782362061.034113,0.0019485950469970703
292586,normal,1252,0,1782362061.0362718,0.0021588802337646484
292587,normal,3259,1,1782362061.0381591,0.0018873214721679688
292588,normal,3534,0,1782362061.0402458,0.002086639404296875
292589,normal,1858,0,1782362061.0421479,0.0019021034240722656
292590,normal,3592,0,1782362061.0442722,0.002124309539794922
292591,normal,1211,0,1782362061.0461102,0.0018379688262939453
292592,normal,1270,0,1782362061.0482628,0.002152681350708008
292593,normal,678,0,1782362061.0501645,0.0019016265869140625
292594,normal,2357,0,1782362061.0522513,0.0020868778228759766
292595,normal,755,0,1782362061.054145,0.001893758773803711
292596,normal,1750,0,1782362061.0562775,0.002132415771484375
292597,normal,1787,0,1782362061.058114,0.001836538314819336
292598,normal,1299,0,1782362061.060266,0.002151966094970703
292599,normal,2261,0,1782362061.062154,0.0018880367279052734
292600,normal,2895,0,1782362061.064242,0.002087831497192383
292601,normal,1857,0,1782362061.0661423,0.0019004344940185547
292602,normal,2494,0,1782362061.0682647,0.0021224021911621094
292603,normal,33,0,1782362061.0701227,0.0018579959869384766
292604,normal,2961,0,1782362061.0722651,0.0021424293518066406
292605,normal,2230,0,1782362061.0741537,0.0018885135650634766
292606,normal,85,0,1782362061.0762465,0.0020928382873535156
292607,normal,2798,0,1782362061.078148,0.001901388168334961
292608,normal,656,0,1782362061.0802758,0.0021278858184814453
292609,normal,1766,0,1782362061.0821157,0.0018398761749267578
292610,normal,3215,1,1782362061.0841393,0.0020236968994140625
292611,normal,66,0,1782362061.0862749,0.0021355152130126953
292612,normal,1805,0,1782362061.0881176,0.0018427371978759766
292613,normal,2747,0,1782362061.0902789,0.002161264419555664
292614,normal,3232,1,1782362061.092164,0.0018851757049560547
292615,normal,1100,0,1782362061.0942485,0.002084493637084961
292616,normal,1807,0,1782362061.096145,0.0018963813781738281
292617,normal,1753,0,1782362061.0982673,0.0021224021911621094
292618,normal,1466,0,1782362061.1000912,0.0018239021301269531
292619,normal,1202,0,1782362061.102267,0.0021758079528808594
292620,normal,670,0,1782362061.1041515,0.00188446044921875
292621,normal,3475,0,1782362061.106245,0.0020935535430908203
292622,normal,2058,0,1782362061.108127,0.0018820762634277344
292623,normal,1569,0,1782362061.1102717,0.0021445751190185547
292624,normal,1527,0,1782362061.1121147,0.0018429756164550781
292625,normal,909,2,1782362061.1142678,0.002153158187866211
292626,normal,3151,1,1782362061.1161554,0.0018875598907470703
292627,normal,1618,0,1782362061.118248,0.002092599868774414
292628,normal,3422,0,1782362061.1201508,0.0019028186798095703
292629,normal,1535,0,1782362061.1222699,0.0021190643310546875
292630,normal,21,0,1782362061.1241088,0.0018389225006103516
292631,normal,1397,0,1782362061.126145,0.0020360946655273438
292632,normal,3094,1,1782362061.1282825,0.0021376609802246094
292633,normal,153,0,1782362061.1301048,0.0018222332000732422
292634,normal,2883,0,1782362061.1322594,0.0021545886993408203
292635,normal,772,2,1782362061.1341631,0.0019037723541259766
292636,normal,1609,0,1782362061.1362393,0.0020761489868164062
292637,normal,1838,0,1782362061.1390254,0.0027861595153808594
292638,normal,1718,0,1782362061.1401024,0.0010769367218017578
292639,normal,3638,0,1782362061.1421456,0.0020432472229003906
292640,normal,368,0,1782362061.1442277,0.0020821094512939453
292641,normal,802,2,1782362061.1461108,0.0018830299377441406
292642,normal,2150,0,1782362061.1482255,0.0021147727966308594
292643,normal,2291,0,1782362061.1501386,0.0019130706787109375
292644,normal,11,0,1782362061.152284,0.0021452903747558594
292645,normal,1924,0,1782362061.1540926,0.0018086433410644531
292646,normal,2728,0,1782362061.156286,0.002193450927734375
292647,normal,3168,1,1782362061.1581411,0.0018551349639892578
292648,normal,83,0,1782362061.1603286,0.002187490463256836
292649,normal,1193,0,1782362061.1622274,0.0018987655639648438
292650,normal,691,0,1782362061.164059,0.0018315315246582031
292651,normal,609,0,1782362061.1660483,0.0019893646240234375
292652,normal,2706,0,1782362061.1683066,0.00225830078125
292653,normal,1707,0,1782362061.1700816,0.0017750263214111328
292654,normal,2800,0,1782362061.1722178,0.00213623046875
292655,normal,2129,0,1782362061.1740959,0.0018780231475830078
292656,normal,1725,0,1782362061.1762094,0.0021135807037353516
292657,normal,1712,0,1782362061.1781447,0.0019352436065673828
292658,normal,2215,0,1782362061.180143,0.001998424530029297
292659,normal,2358,0,1782362061.1820517,0.0019085407257080078
292660,normal,3266,1,1782362061.1841836,0.002131938934326172
292661,normal,1275,0,1782362061.1861293,0.0019457340240478516
292662,normal,3016,0,1782362061.1881142,0.001984834671020508
292663,normal,634,0,1782362061.1900282,0.0019140243530273438
292664,normal,437,0,1782362061.192075,0.002046823501586914
292665,normal,1395,0,1782362061.1942132,0.0021381378173828125
292666,normal,1927,0,1782362061.1960688,0.001855611801147461
292667,normal,515,0,1782362061.1981032,0.002034425735473633
292668,normal,602,0,1782362061.200073,0.0019698143005371094
292669,normal,1713,0,1782362061.2021928,0.002119779586791992
292670,normal,1464,0,1782362061.2040741,0.0018813610076904297
292671,normal,3096,1,1782362061.2061267,0.0020525455474853516
292672,normal,682,0,1782362061.2081904,0.002063751220703125
292673,normal,56,0,1782362061.210278,0.0020875930786132812
292674,normal,2410,0,1782362061.212155,0.0018770694732666016
292675,normal,1352,1,1782362061.2142413,0.002086162567138672
292676,normal,1412,0,1782362061.2161405,0.0018992424011230469
292677,normal,2576,0,1782362061.218268,0.002127408981323242
292678,normal,159,0,1782362061.22009,0.0018219947814941406
292679,normal,2026,0,1782362061.2222548,0.0021648406982421875
292680,normal,2004,0,1782362061.2241504,0.0018956661224365234
292681,normal,1629,0,1782362061.226238,0.0020875930786132812
292682,normal,2726,0,1782362061.2281415,0.001903533935546875
292683,normal,1914,0,1782362061.230255,0.00211334228515625
292684,normal,2735,0,1782362061.232089,0.0018341541290283203
292685,normal,3507,0,1782362061.2342477,0.002158641815185547
292686,normal,300,0,1782362061.2360535,0.0018057823181152344
292687,normal,2922,0,1782362061.2380705,0.0020170211791992188
292688,normal,3559,0,1782362061.240232,0.0021615028381347656
292689,normal,244,0,1782362061.2420552,0.0018231868743896484
292690,normal,1085,0,1782362061.244071,0.002015829086303711
292691,normal,319,0,1782362061.2462373,0.002166271209716797
292692,normal,2778,0,1782362061.248053,0.0018157958984375
292693,normal,3265,1,1782362061.250075,0.0020220279693603516
292694,normal,2780,0,1782362061.2522266,0.0021514892578125
292695,normal,1674,0,1782362061.254063,0.0018362998962402344
292696,normal,67,0,1782362061.2560685,0.0020055770874023438
292697,normal,635,0,1782362061.2582247,0.0021562576293945312
292698,normal,326,0,1782362061.260062,0.0018372535705566406
292699,normal,2017,0,1782362061.2620735,0.002011537551879883
292700,normal,906,2,1782362061.2642236,0.0021500587463378906
292701,normal,1131,0,1782362061.266052,0.0018284320831298828
292702,normal,536,0,1782362061.2680666,0.002014636993408203
292703,normal,2161,0,1782362061.2702212,0.0021545886993408203
292704,normal,287,0,1782362061.2720985,0.0018773078918457031
292705,normal,2685,0,1782362061.2740738,0.0019752979278564453
292706,normal,3047,1,1782362061.2761164,0.002042531967163086
292707,normal,714,0,1782362061.2780516,0.0019352436065673828
292708,normal,2770,0,1782362061.2800252,0.0019736289978027344
292709,normal,3420,0,1782362061.2820723,0.0020470619201660156
292710,normal,1129,0,1782362061.2842963,0.002223968505859375
292711,normal,1022,2,1782362061.2860909,0.001794576644897461
292712,normal,3038,0,1782362061.2882576,0.002166748046875
292713,normal,1180,0,1782362061.2901506,0.0018930435180664062
292714,normal,3526,0,1782362061.2922354,0.0020847320556640625
292715,normal,2172,0,1782362061.294258,0.0020227432250976562
292716,normal,568,0,1782362061.2961595,0.001901388168334961
292717,normal,1980,0,1782362061.2982407,0.002081155776977539
292718,normal,1338,1,1782362061.300091,0.0018503665924072266
292719,normal,938,2,1782362061.3022587,0.0021677017211914062
292720,normal,3505,0,1782362061.3040776,0.0018188953399658203
292721,normal,840,2,1782362061.3062272,0.0021495819091796875
292722,normal,719,0,1782362061.3080556,0.0018284320831298828
292723,normal,1182,0,1782362061.3100874,0.0020318031311035156
292724,normal,2506,0,1782362061.312113,0.002025604248046875
292725,normal,1172,0,1782362061.3140996,0.0019865036010742188
292726,normal,2833,0,1782362061.3160658,0.001966238021850586
292727,normal,2971,0,1782362061.318226,0.002160310745239258
292728,normal,1456,0,1782362061.3200307,0.0018045902252197266
292729,normal,249,0,1782362061.3220668,0.0020360946655273438
292730,normal,73,0,1782362061.324191,0.002124309539794922
292731,normal,2611,0,1782362061.326072,0.0018808841705322266
292732,normal,2355,0,1782362061.3280702,0.0019981861114501953
292733,normal,2123,0,1782362061.3301394,0.002069234848022461
292734,normal,1503,0,1782362061.332144,0.0020046234130859375
292735,normal,2730,0,1782362061.3342044,0.002060413360595703
292736,normal,2629,0,1782362061.336077,0.0018725395202636719
292737,normal,3146,1,1782362061.3380992,0.002022266387939453
292738,normal,932,2,1782362061.3402076,0.002108335494995117
292739,normal,2497,0,1782362061.3421357,0.001928091049194336
292740,normal,3647,0,1782362061.344127,0.00199127197265625
292741,normal,629,0,1782362061.3462012,0.0020742416381835938
292742,normal,2209,0,1782362061.3480747,0.0018734931945800781
292743,normal,2863,0,1782362061.350129,0.0020542144775390625
292744,normal,1665,0,1782362061.3520684,0.001939535140991211
292745,normal,3654,0,1782362061.3542635,0.002195119857788086
292746,normal,2933,0,1782362061.356168,0.0019044876098632812
292747,normal,1077,0,1782362061.3580692,0.0019011497497558594
292748,normal,1480,0,1782362061.3602295,0.002160310745239258
292749,normal,1261,0,1782362061.3622007,0.0019712448120117188
292750,normal,173,0,1782362061.3640678,0.001867055892944336
292751,normal,1467,0,1782362061.366238,0.0021703243255615234
292752,normal,2098,0,1782362061.3681664,0.0019283294677734375
292753,normal,22,0,1782362061.3700657,0.0018992424011230469
292754,normal,2519,0,1782362061.3723214,0.002255678176879883
292755,normal,2712,0,1782362061.3741763,0.0018548965454101562
292756,normal,1183,0,1782362061.376062,0.0018856525421142578
292757,normal,1876,0,1782362061.3780909,0.002028942108154297
292758,normal,2602,0,1782362061.3802698,0.0021789073944091797
292759,normal,2923,0,1782362061.3821054,0.0018355846405029297
292760,normal,3166,1,1782362061.3842552,0.002149820327758789
292761,normal,993,2,1782362061.386158,0.0019028186798095703
292762,normal,1688,0,1782362061.3880765,0.0019185543060302734
292763,normal,3520,0,1782362061.3902323,0.002155780792236328
292764,normal,1499,0,1782362061.3920662,0.0018339157104492188
292765,normal,3370,1,1782362061.394023,0.0019567012786865234
292766,normal,2592,0,1782362061.3961055,0.0020825862884521484
292767,normal,111,0,1782362061.3980567,0.0019512176513671875
292768,normal,2371,0,1782362061.4000232,0.0019664764404296875
292769,normal,1967,0,1782362061.4021318,0.0021085739135742188
292770,normal,1797,0,1782362061.4040244,0.0018925666809082031
292771,normal,1057,0,1782362061.4060557,0.0020313262939453125
292772,normal,543,0,1782362061.408073,0.0020172595977783203
292773,normal,2160,0,1782362061.410112,0.0020389556884765625
292774,normal,140,0,1782362061.4120297,0.0019178390502929688
292775,normal,1127,0,1782362061.4140708,0.0020411014556884766
292776,normal,3648,0,1782362061.4160569,0.0019860267639160156
292777,normal,2484,0,1782362061.4180217,0.0019648075103759766
292778,normal,2777,0,1782362061.4200692,0.0020475387573242188
292779,normal,350,0,1782362061.422062,0.0019927024841308594
292780,normal,2762,0,1782362061.424064,0.0020020008087158203
292781,normal,2097,0,1782362061.4260724,0.0020084381103515625
292782,normal,2254,0,1782362061.428089,0.0020165443420410156
292783,normal,3446,0,1782362061.4300616,0.001972675323486328
292784,normal,1611,0,1782362061.4321,0.0020384788513183594
292785,normal,1310,0,1782362061.4340215,0.0019214153289794922
292786,normal,1389,0,1782362061.4360828,0.0020613670349121094
292787,normal,2152,0,1782362061.4380746,0.001991748809814453
292788,normal,3300,1,1782362061.4400723,0.001997709274291992
292789,normal,1106,0,1782362061.4420226,0.0019502639770507812
292790,normal,623,0,1782362061.4441082,0.0020856857299804688
292791,normal,749,0,1782362061.4461198,0.002011537551879883
292792,normal,1664,0,1782362061.4480271,0.0019073486328125
292793,normal,1871,0,1782362061.4500697,0.002042531967163086
292794,normal,3400,1,1782362061.4520571,0.001987457275390625
292795,normal,3298,1,1782362061.4540741,0.0020170211791992188
292796,normal,2848,0,1782362061.4561005,0.0020263195037841797
292797,normal,2012,0,1782362061.4580255,0.0019249916076660156
292798,normal,1772,0,1782362061.4601493,0.0021238327026367188
292799,normal,919,2,1782362061.462266,0.002116680145263672
292800,normal,647,0,1782362061.4640834,0.001817464828491211
292801,normal,1212,0,1782362061.466028,0.0019445419311523438
292802,normal,1173,0,1782362061.468072,0.0020439624786376953
292803,normal,323,0,1782362061.4701207,0.0020487308502197266
292804,normal,3226,1,1782362061.4720147,0.0018939971923828125
292805,normal,124,0,1782362061.4740834,0.002068758010864258
292806,normal,684,0,1782362061.4760563,0.0019729137420654297
292807,normal,3465,0,1782362061.4780238,0.0019674301147460938
292808,normal,3191,1,1782362061.4800756,0.002051830291748047
292809,normal,1653,0,1782362061.4820554,0.001979827880859375
292810,normal,1849,0,1782362061.484059,0.0020036697387695312
292811,normal,1749,0,1782362061.4860768,0.0020177364349365234
292812,normal,449,0,1782362061.4880133,0.0019364356994628906
292813,normal,751,0,1782362061.490023,0.0020096302032470703
292814,normal,422,0,1782362061.4921036,0.002080678939819336
292815,normal,2200,0,1782362061.4940593,0.001955747604370117
292816,normal,1143,0,1782362061.4960222,0.001962900161743164
292817,normal,1258,0,1782362061.498101,0.0020787715911865234
292818,normal,464,0,1782362061.5000966,0.001995563507080078
292819,normal,301,0,1782362061.5020626,0.0019659996032714844
292820,normal,2471,0,1782362061.5041032,0.0020406246185302734
292821,normal,2457,0,1782362061.5060234,0.0019202232360839844
292822,normal,693,0,1782362061.5080602,0.0020368099212646484
292823,normal,1121,0,1782362061.5101538,0.0020935535430908203
292824,normal,992,2,1782362061.5120256,0.0018718242645263672
292825,normal,3513,0,1782362061.5141113,0.0020856857299804688
292826,normal,508,0,1782362061.5163589,0.0022475719451904297
292827,normal,3083,1,1782362061.5180895,0.0017306804656982422
292828,normal,566,0,1782362061.5200286,0.0019390583038330078
292829,normal,978,2,1782362061.5220714,0.0020427703857421875
292830,normal,99,0,1782362061.524057,0.0019855499267578125
292831,normal,2247,0,1782362061.5260642,0.0020072460174560547
292832,normal,386,0,1782362061.5280743,0.0020101070404052734
292833,normal,243,0,1782362061.530056,0.0019817352294921875
292834,normal,399,0,1782362061.5320632,0.0020072460174560547
292835,normal,595,0,1782362061.5341053,0.002042055130004883
292836,normal,542,0,1782362061.536109,0.0020036697387695312
292837,normal,335,0,1782362061.538063,0.0019540786743164062
292838,normal,3133,1,1782362061.5402274,0.0021643638610839844
292839,normal,182,0,1782362061.542067,0.0018396377563476562
292840,normal,3074,1,1782362061.5440748,0.002007722854614258
292841,normal,1450,0,1782362061.5462236,0.002148866653442383
292842,normal,2107,0,1782362061.5480542,0.0018305778503417969
292843,normal,1017,2,1782362061.5500746,0.0020203590393066406
292844,normal,943,2,1782362061.5522223,0.002147674560546875
292845,normal,3408,0,1782362061.554053,0.0018308162689208984
292846,normal,2034,0,1782362061.556067,0.0020139217376708984
292847,normal,2397,0,1782362061.5582612,0.0021941661834716797
292848,normal,1531,0,1782362061.5600314,0.0017702579498291016
292849,normal,2595,0,1782362061.562067,0.0020356178283691406
292850,normal,2542,0,1782362061.5642211,0.002154111862182617
292851,normal,129,0,1782362061.5660298,0.0018086433410644531
292852,normal,1989,0,1782362061.5680666,0.0020368099212646484
292853,normal,1633,0,1782362061.5702434,0.0021767616271972656
292854,normal,2238,0,1782362061.572033,0.0017895698547363281
292855,normal,3261,1,1782362061.5740685,0.0020356178283691406
292856,normal,3276,1,1782362061.5762224,0.0021538734436035156
292857,normal,376,0,1782362061.57803,0.0018076896667480469
292858,normal,770,0,1782362061.5800645,0.002034425735473633
292859,normal,444,0,1782362061.5822244,0.0021598339080810547
292860,normal,1347,1,1782362061.5840313,0.0018069744110107422
292861,normal,230,0,1782362061.5861259,0.0020945072174072266
292862,normal,3702,0,1782362061.5881145,0.001988649368286133
292863,normal,2019,0,1782362061.5900538,0.0019392967224121094
292864,normal,2293,0,1782362061.5920613,0.0020074844360351562
292865,normal,509,0,1782362061.594104,0.0020427703857421875
292866,normal,1451,0,1782362061.5960684,0.0019643306732177734
292867,normal,445,0,1782362061.5981886,0.0021202564239501953
292868,normal,176,0,1782362061.6000848,0.0018961429595947266
292869,normal,1824,0,1782362061.602139,0.0020542144775390625
292870,normal,113,0,1782362061.6040738,0.0019347667694091797
292871,normal,1987,0,1782362061.6062233,0.0021495819091796875
292872,normal,2502,0,1782362061.6080573,0.0018339157104492188
292873,normal,617,0,1782362061.6100905,0.002033233642578125
292874,normal,2738,0,1782362061.6121285,0.0020380020141601562
292875,normal,3139,1,1782362061.6140213,0.0018928050994873047
292876,normal,190,0,1782362061.6160688,0.0020475387573242188
292877,normal,1999,0,1782362061.618101,0.002032041549682617
292878,normal,3404,0,1782362061.620033,0.0019321441650390625
292879,normal,1416,0,1782362061.6221888,0.002155780792236328
292880,normal,1402,0,1782362061.6240835,0.0018947124481201172
292881,normal,404,0,1782362061.626132,0.002048492431640625
292882,normal,3363,1,1782362061.6280713,0.0019392967224121094
292883,normal,518,0,1782362061.6302211,0.002149820327758789
292884,normal,3496,0,1782362061.6320488,0.0018277168273925781
292885,normal,792,2,1782362061.634064,0.0020151138305664062
292886,normal,917,2,1782362061.6361816,0.002117633819580078
292887,normal,1314,0,1782362061.6380284,0.0018467903137207031
292888,normal,2475,0,1782362061.6400647,0.0020363330841064453
292889,normal,3568,0,1782362061.6421032,0.0020384788513183594
292890,normal,2811,0,1782362061.6441116,0.0020084381103515625
292891,normal,2181,0,1782362061.646065,0.0019533634185791016
292892,normal,2380,0,1782362061.6482222,0.0021572113037109375
292893,normal,878,2,1782362061.6500285,0.0018062591552734375
292894,normal,2744,0,1782362061.6520653,0.0020368099212646484
292895,normal,674,0,1782362061.6541028,0.002037525177001953
292896,normal,1403,0,1782362061.6560335,0.0019307136535644531
292897,normal,930,2,1782362061.6582124,0.0021789073944091797
292898,normal,1573,0,1782362061.6602168,0.002004384994506836
292899,normal,2841,0,1782362061.6621358,0.0019190311431884766
292900,normal,1691,0,1782362061.6640282,0.0018923282623291016
292901,normal,1523,0,1782362061.6661024,0.0020742416381835938
292902,normal,2857,0,1782362061.668088,0.0019855499267578125
292903,normal,1949,0,1782362061.6700683,0.001980304718017578
292904,normal,3012,0,1782362061.672077,0.002008676528930664
292905,normal,603,0,1782362061.6740618,0.001984834671020508
292906,normal,2934,0,1782362061.6760232,0.0019614696502685547
292907,normal,1038,0,1782362061.6780994,0.0020761489868164062
292908,normal,1290,0,1782362061.6800885,0.001989126205444336
292909,normal,1101,0,1782362061.682066,0.0019774436950683594
292910,normal,3171,1,1782362061.6841013,0.002035379409790039
292911,normal,2031,0,1782362061.686113,0.0020117759704589844
292912,normal,2274,0,1782362061.6882453,0.0021321773529052734
292913,normal,1910,0,1782362061.690128,0.001882791519165039
292914,normal,2204,0,1782362061.6922066,0.002078533172607422
292915,normal,2787,0,1782362061.6942358,0.0020291805267333984
292916,normal,1740,0,1782362061.696147,0.001911163330078125
292917,normal,120,0,1782362061.698191,0.0020439624786376953
292918,normal,1140,0,1782362061.7000735,0.0018825531005859375
292919,normal,1544,0,1782362061.7021046,0.002031087875366211
292920,normal,939,2,1782362061.7041142,0.0020096302032470703
292921,normal,1234,0,1782362061.706192,0.002077817916870117
292922,normal,334,0,1782362061.708074,0.0018820762634277344
292923,normal,42,0,1782362061.7101052,0.002031087875366211
292924,normal,1762,0,1782362061.7121117,0.00200653076171875
292925,normal,2310,0,1782362061.7141263,0.002014636993408203
292926,normal,2429,0,1782362061.7160978,0.0019714832305908203
292927,normal,1159,0,1782362061.7181141,0.002016305923461914
292928,normal,1809,0,1782362061.7201126,0.001998424530029297
292929,normal,1826,0,1782362061.7220972,0.0019845962524414062
292930,normal,2541,0,1782362061.72411,0.0020127296447753906
292931,normal,2083,0,1782362061.7262344,0.0021245479583740234
292932,normal,2159,0,1782362061.728253,0.002018451690673828
292933,normal,3116,1,1782362061.7300892,0.0018362998962402344
292934,normal,2694,0,1782362061.7322567,0.0021674633026123047
292935,normal,883,2,1782362061.7341566,0.0018999576568603516
292936,normal,1296,0,1782362061.7362368,0.002080202102661133
292937,normal,369,0,1782362061.738912,0.002675294876098633
292938,normal,3194,1,1782362061.7401369,0.0012247562408447266
292939,normal,1023,2,1782362061.7420824,0.00194549560546875
292940,normal,25,0,1782362061.7442353,0.0021529197692871094
292941,normal,3093,1,1782362061.7460158,0.0017805099487304688
292942,normal,3064,1,1782362061.7480655,0.002049684524536133
292943,normal,593,0,1782362061.750226,0.0021605491638183594
292944,normal,2775,0,1782362061.752022,0.0017960071563720703
292945,normal,1917,0,1782362061.7540128,0.001990795135498047
292946,normal,272,0,1782362061.7561052,0.0020923614501953125
292947,normal,2251,0,1782362061.7580216,0.0019164085388183594
292948,normal,2153,0,1782362061.760197,0.0021753311157226562
292949,normal,3690,0,1782362061.7620864,0.0018894672393798828
292950,normal,928,2,1782362061.764124,0.002037525177001953
292951,normal,1836,0,1782362061.766075,0.001950979232788086
292952,normal,1249,0,1782362061.7682853,0.002210378646850586
292953,normal,1880,0,1782362061.7700295,0.0017442703247070312
292954,normal,3035,0,1782362061.772073,0.002043485641479492
292955,normal,2577,0,1782362061.7742255,0.0021524429321289062
292956,normal,2665,0,1782362061.7760174,0.0017919540405273438
292957,normal,1598,0,1782362061.7780657,0.0020482540130615234
292958,normal,633,0,1782362061.7802238,0.0021581649780273438
292959,normal,1437,0,1782362061.782052,0.0018281936645507812
292960,normal,2624,0,1782362061.7840683,0.002016305923461914
292961,normal,1587,0,1782362061.7861362,0.0020678043365478516
292962,normal,170,0,1782362061.7880309,0.0018947124481201172
292963,normal,2299,0,1782362061.7901907,0.0021598339080810547
292964,normal,1246,0,1782362061.7920978,0.0019071102142333984
292965,normal,1250,0,1782362061.7941012,0.0020034313201904297
292966,normal,959,2,1782362061.7961967,0.002095460891723633
292967,normal,1474,0,1782362061.7980855,0.0018887519836425781
292968,normal,3049,1,1782362061.800101,0.0020155906677246094
292969,normal,2337,0,1782362061.8022041,0.002103090286254883
292970,normal,1951,0,1782362061.804085,0.0018808841705322266
292971,normal,1415,0,1782362061.8061023,0.0020172595977783203
292972,normal,3071,1,1782362061.8081987,0.002096414566040039
292973,normal,2368,0,1782362061.8100858,0.0018870830535888672
292974,normal,2120,0,1782362061.8121023,0.0020165443420410156
292975,normal,2949,0,1782362061.8142111,0.0021088123321533203
292976,normal,2052,0,1782362061.8160887,0.0018775463104248047
292977,normal,370,0,1782362061.818098,0.0020093917846679688
292978,normal,3594,0,1782362061.820198,0.0020999908447265625
292979,normal,2793,0,1782362061.8220782,0.0018801689147949219
292980,normal,2920,0,1782362061.8240945,0.002016305923461914
292981,normal,733,0,1782362061.8262005,0.0021059513092041016
292982,normal,2610,0,1782362061.828077,0.0018765926361083984
292983,normal,796,2,1782362061.8301136,0.002036571502685547
292984,normal,1302,0,1782362061.8321984,0.0020847320556640625
292985,normal,2226,0,1782362061.8340774,0.001878976821899414
292986,normal,3501,0,1782362061.836097,0.002019643783569336
292987,normal,1510,0,1782362061.8382006,0.002103567123413086
292988,normal,401,0,1782362061.8400757,0.001875162124633789
292989,normal,24,0,1782362061.8420942,0.002018451690673828
292990,normal,2008,0,1782362061.8442137,0.0021195411682128906
292991,normal,228,0,1782362061.846083,0.00186920166015625
292992,normal,1393,0,1782362061.8480885,0.0020055770874023438
292993,normal,2141,0,1782362061.85022,0.0021314620971679688
292994,normal,2407,0,1782362061.8520741,0.0018541812896728516
292995,normal,1659,0,1782362061.8540895,0.002015352249145508
292996,normal,1213,0,1782362061.8561993,0.0021097660064697266
292997,normal,676,0,1782362061.8580818,0.0018825531005859375
292998,normal,1481,0,1782362061.860091,0.002009153366088867
292999,normal,1478,0,1782362061.8622227,0.0021317005157470703
293000,normal,1442,0,1782362061.8640769,0.0018541812896728516
293001,normal,1875,0,1782362061.8660936,0.002016782760620117
293002,normal,1973,0,1782362061.8682027,0.002109050750732422
293003,normal,2106,0,1782362061.870084,0.0018813610076904297
293004,normal,2003,0,1782362061.872099,0.0020148754119873047
293005,normal,2262,0,1782362061.874012,0.0019130706787109375
293006,normal,1042,0,1782362061.8761554,0.002143383026123047
293007,normal,3542,0,1782362061.8780277,0.0018723011016845703
293008,normal,2990,0,1782362061.8800745,0.002046823501586914
293009,normal,1767,0,1782362061.8821323,0.002057790756225586
293010,normal,2864,0,1782362061.8840203,0.0018880367279052734
293011,normal,3643,0,1782362061.8860679,0.0020475387573242188
293012,normal,388,0,1782362061.8881383,0.0020704269409179688
293013,normal,1710,0,1782362061.8901162,0.0019779205322265625
293014,normal,2827,0,1782362061.8922112,0.0020949840545654297
293015,normal,1392,0,1782362061.8940837,0.0018725395202636719
293016,normal,576,0,1782362061.8962233,0.002139568328857422
293017,normal,3242,1,1782362061.898031,0.0018076896667480469
293018,normal,2065,0,1782362061.90014,0.002109050750732422
293019,normal,2741,0,1782362061.9021094,0.0019693374633789062
293020,normal,1010,2,1782362061.9041975,0.0020880699157714844
293021,normal,3412,0,1782362061.9061007,0.0019032955169677734
293022,normal,3322,1,1782362061.9082367,0.0021359920501708984
293023,normal,898,2,1782362061.910024,0.0017871856689453125
293024,normal,2584,0,1782362061.912138,0.0021140575408935547
293025,normal,1579,0,1782362061.9141028,0.0019648075103759766
293026,normal,191,0,1782362061.9162095,0.0021066665649414062
293027,normal,2373,0,1782362061.918082,0.0018725395202636719
293028,normal,1602,0,1782362061.9202259,0.00214385986328125
293029,normal,2015,0,1782362061.9220235,0.0017976760864257812
293030,normal,1819,0,1782362061.924139,0.002115488052368164
293031,normal,467,0,1782362061.926103,0.001964092254638672
293032,normal,2462,0,1782362061.928212,0.0021088123321533203
293033,normal,913,2,1782362061.9300852,0.0018732547760009766
293034,normal,3165,1,1782362061.9322321,0.0021469593048095703
293035,normal,2562,0,1782362061.9340255,0.0017933845520019531
293036,normal,630,0,1782362061.936115,0.0020895004272460938
293037,normal,253,0,1782362061.9381084,0.001993417739868164
293038,normal,3418,0,1782362061.9402015,0.002093076705932617
293039,normal,371,0,1782362061.9421444,0.0019428730010986328
293040,normal,1303,0,1782362061.944227,0.0020825862884521484
293041,normal,1639,0,1782362061.946016,0.001789093017578125
293042,normal,3639,0,1782362061.9481204,0.0021042823791503906
293043,normal,540,0,1782362061.9501092,0.0019888877868652344
293044,normal,1763,0,1782362061.952194,0.0020847320556640625
293045,normal,1112,0,1782362061.954084,0.001889944076538086
293046,normal,3251,1,1782362061.956222,0.0021381378173828125
293047,normal,2234,0,1782362061.9580178,0.0017957687377929688
293048,normal,545,0,1782362061.9601018,0.002084016799926758
293049,normal,1463,0,1782362061.962105,0.002003192901611328
293050,normal,679,0,1782362061.9641976,0.002092599868774414
293051,normal,3024,0,1782362061.9660847,0.0018870830535888672
293052,normal,1495,0,1782362061.9682293,0.0021445751190185547
293053,normal,1210,0,1782362061.9700162,0.001786947250366211
293054,normal,1945,0,1782362061.9721093,0.002093076705932617
293055,normal,70,0,1782362061.974027,0.0019176006317138672
293056,normal,3476,0,1782362061.976062,0.0020351409912109375
293057,normal,3691,0,1782362061.9780686,0.00200653076171875
293058,normal,1668,0,1782362061.9800336,0.001965045928955078
293059,normal,1899,0,1782362061.9820614,0.002027750015258789
293060,normal,3289,1,1782362061.9840991,0.0020377635955810547
293061,normal,1931,0,1782362061.9860277,0.001928567886352539
293062,normal,2374,0,1782362061.9881337,0.0021059513092041016
293063,normal,2474,0,1782362061.9901173,0.001983642578125
293064,normal,857,2,1782362061.9920933,0.00197601318359375
293065,normal,429,0,1782362061.9941165,0.0020232200622558594
293066,normal,643,0,1782362061.996113,0.0019965171813964844
293067,normal,731,0,1782362061.9980974,0.0019843578338623047
293068,normal,362,0,1782362062.000119,0.0020215511322021484
293069,normal,114,0,1782362062.0021179,0.0019989013671875
293070,normal,1606,0,1782362062.0040934,0.001975536346435547
293071,normal,1219,0,1782362062.0061147,0.002021312713623047
293072,normal,27,0,1782362062.008115,0.0020003318786621094
293073,normal,3296,1,1782362062.0100958,0.0019807815551757812
293074,normal,2108,0,1782362062.0121164,0.002020597457885742
293075,normal,1939,0,1782362062.0141091,0.0019927024841308594
293076,normal,2235,0,1782362062.0160918,0.0019826889038085938
293077,normal,207,0,1782362062.0180671,0.0019752979278564453
293078,normal,1376,1,1782362062.0201178,0.002050638198852539
293079,normal,2918,0,1782362062.02202,0.0019023418426513672
293080,normal,2618,0,1782362062.0240636,0.002043485641479492
293081,normal,2433,0,1782362062.0261188,0.0020551681518554688
293082,normal,35,0,1782362062.0281072,0.0019884109497070312
293083,normal,2822,0,1782362062.030199,0.0020918846130371094
293084,normal,781,2,1782362062.0320837,0.0018846988677978516
293085,normal,1002,2,1782362062.034222,0.0021381378173828125
293086,normal,3558,0,1782362062.036015,0.0017931461334228516
293087,normal,299,0,1782362062.0381079,0.0020928382873535156
293088,normal,246,0,1782362062.0401046,0.001996755599975586
293089,normal,2122,0,1782362062.0421999,0.0020952224731445312
293090,normal,2486,0,1782362062.0440853,0.0018854141235351562
293091,normal,60,0,1782362062.0462253,0.002140045166015625
293092,normal,1253,0,1782362062.048016,0.001790761947631836
293093,normal,3381,1,1782362062.0501099,0.002093791961669922
293094,normal,2309,0,1782362062.0521019,0.0019919872283935547
293095,normal,2241,0,1782362062.054199,0.0020971298217773438
293096,normal,1421,0,1782362062.0560842,0.0018851757049560547
293097,normal,1263,0,1782362062.058224,0.0021398067474365234
293098,normal,2666,0,1782362062.0600166,0.0017926692962646484
293099,normal,110,0,1782362062.0621033,0.002086639404296875
293100,normal,3701,0,1782362062.0641131,0.002009868621826172
293101,normal,297,0,1782362062.0661979,0.0020847320556640625
293102,normal,205,0,1782362062.0680857,0.0018877983093261719
293103,normal,3651,0,1782362062.0702229,0.0021371841430664062
293104,normal,3599,0,1782362062.072017,0.0017940998077392578
293105,normal,1048,0,1782362062.0741136,0.0020966529846191406
293106,normal,1974,0,1782362062.0761025,0.0019888877868652344
293107,normal,945,2,1782362062.0782099,0.002107381820678711
293108,normal,680,0,1782362062.080083,0.001873016357421875
293109,normal,829,2,1782362062.0822217,0.002138853073120117
293110,normal,3066,1,1782362062.0840163,0.001794576644897461
293111,normal,3070,1,1782362062.0861118,0.002095460891723633
293112,normal,3204,1,1782362062.0880132,0.001901388168334961
293113,normal,1711,0,1782362062.0900652,0.0020520687103271484
293114,normal,1394,0,1782362062.0922225,0.0021572113037109375
293115,normal,3098,1,1782362062.0940268,0.001804351806640625
293116,normal,1400,0,1782362062.096068,0.0020411014556884766
293117,normal,2463,0,1782362062.0982227,0.002154827117919922
293118,normal,1324,1,1782362062.1000226,0.0017998218536376953
293119,normal,813,2,1782362062.1020656,0.002043008804321289
293120,normal,18,0,1782362062.1042328,0.002167224884033203
293121,normal,784,2,1782362062.1060214,0.0017886161804199219
293122,normal,2367,0,1782362062.1080656,0.002044200897216797
293123,normal,736,0,1782362062.1102169,0.0021512508392333984
293124,normal,1997,0,1782362062.1120198,0.0018029212951660156
293125,normal,2037,0,1782362062.1140711,0.0020513534545898438
293126,normal,1804,0,1782362062.1162245,0.0021533966064453125
293127,normal,597,0,1782362062.1180205,0.0017960071563720703
293128,normal,1979,0,1782362062.1200655,0.0020449161529541016
293129,normal,2011,0,1782362062.1222231,0.0021576881408691406
293130,normal,2177,0,1782362062.124087,0.0018639564514160156
293131,normal,172,0,1782362062.1260889,0.0020017623901367188
293132,normal,874,2,1782362062.1282053,0.0021164417266845703
293133,normal,3451,0,1782362062.130023,0.0018177032470703125
293134,normal,3353,1,1782362062.1320655,0.002042531967163086
293135,normal,560,0,1782362062.1342304,0.0021648406982421875
293136,normal,2063,0,1782362062.1360276,0.0017971992492675781
293137,normal,1015,2,1782362062.1380649,0.0020372867584228516
293138,normal,3506,0,1782362062.1402266,0.002161741256713867
293139,normal,208,0,1782362062.1420915,0.0018649101257324219
293140,normal,441,0,1782362062.1440675,0.00197601318359375
293141,normal,1724,0,1782362062.146245,0.0021774768829345703
293142,normal,831,2,1782362062.1480253,0.0017802715301513672
293143,normal,2690,0,1782362062.150069,0.0020437240600585938
293144,normal,3441,0,1782362062.152225,0.0021560192108154297
293145,normal,2362,0,1782362062.1540484,0.00182342529296875
293146,normal,827,2,1782362062.1560702,0.00202178955078125
293147,normal,51,0,1782362062.1582246,0.0021543502807617188
293148,normal,3343,1,1782362062.1600206,0.0017960071563720703
293149,normal,1860,0,1782362062.1620693,0.0020487308502197266
293150,normal,1764,0,1782362062.1642404,0.002171039581298828
293151,normal,164,0,1782362062.1660278,0.001787424087524414
293152,normal,1960,0,1782362062.16836,0.0023322105407714844
293153,normal,2790,0,1782362062.1701243,0.0017642974853515625
293154,normal,1269,0,1782362062.1723034,0.0021791458129882812
293155,normal,3597,0,1782362062.1742673,0.0019638538360595703
293156,normal,1716,0,1782362062.1762784,0.0020110607147216797
293157,normal,510,0,1782362062.1783829,0.002104520797729492
293158,normal,1265,0,1782362062.1801107,0.0017278194427490234
293159,normal,2480,0,1782362062.1823933,0.0022826194763183594
293160,normal,968,2,1782362062.1843147,0.0019214153289794922
293161,normal,3578,0,1782362062.1862514,0.0019366741180419922
293162,normal,2099,0,1782362062.1882682,0.002016782760620117
293163,normal,36,0,1782362062.1901712,0.0019030570983886719
293164,normal,2781,0,1782362062.1920822,0.0019109249114990234
293165,normal,677,0,1782362062.194275,0.0021927356719970703
293166,normal,942,2,1782362062.1961691,0.001894235610961914
293167,normal,2331,0,1782362062.1980848,0.0019156932830810547
293168,normal,817,2,1782362062.200282,0.002197265625
293169,normal,3359,1,1782362062.2021697,0.0018875598907470703
293170,normal,3525,0,1782362062.2040837,0.0019140243530273438
293171,normal,822,2,1782362062.2062776,0.002193927764892578
293172,normal,2118,0,1782362062.2081645,0.0018868446350097656
293173,normal,2643,0,1782362062.2100835,0.0019190311431884766
293174,normal,1037,0,1782362062.2122827,0.0021991729736328125
293175,normal,996,2,1782362062.2141778,0.0018951892852783203
293176,normal,2391,0,1782362062.2160814,0.001903533935546875
293177,normal,941,2,1782362062.2182765,0.002195119857788086
293178,normal,2145,0,1782362062.2201958,0.0019192695617675781
293179,normal,2940,0,1782362062.2220855,0.0018897056579589844
293180,normal,863,2,1782362062.2242732,0.0021877288818359375
293181,normal,1254,0,1782362062.2261753,0.0019021034240722656
293182,normal,1509,0,1782362062.2280848,0.001909494400024414
293183,normal,1103,0,1782362062.230276,0.002191305160522461
293184,normal,1642,0,1782362062.2321749,0.0018987655639648438
293185,normal,1507,0,1782362062.2340796,0.0019047260284423828
293186,normal,1985,0,1782362062.236274,0.0021944046020507812
293187,normal,1098,0,1782362062.2381737,0.00189971923828125
293188,normal,2440,0,1782362062.2400827,0.001909017562866211
293189,normal,1671,0,1782362062.2422738,0.0021910667419433594
293190,normal,1346,1,1782362062.244135,0.0018610954284667969
293191,normal,292,0,1782362062.2460825,0.001947641372680664
293192,normal,1994,0,1782362062.248275,0.0021924972534179688
293193,normal,221,0,1782362062.2501757,0.0019006729125976562
293194,normal,2725,0,1782362062.2520869,0.001911163330078125
293195,normal,3577,0,1782362062.2542758,0.0021889209747314453
293196,normal,1990,0,1782362062.2561839,0.0019080638885498047
293197,normal,3521,0,1782362062.2580824,0.0018985271453857422
293198,normal,2257,0,1782362062.26028,0.0021975040435791016
293199,normal,217,0,1782362062.262178,0.001898050308227539
293200,normal,483,0,1782362062.2640831,0.001905202865600586
293201,normal,1427,0,1782362062.26628,0.002196788787841797
293202,normal,2908,0,1782362062.2681813,0.001901388168334961
293203,normal,766,0,1782362062.270084,0.0019025802612304688
293204,normal,3589,0,1782362062.2722855,0.002201557159423828
293205,normal,1084,0,1782362062.2741966,0.001911163330078125
293206,normal,61,0,1782362062.2760801,0.0018835067749023438
293207,normal,1488,0,1782362062.2782729,0.0021927356719970703
293208,normal,3105,1,1782362062.2801886,0.0019156932830810547
293209,normal,1937,0,1782362062.282083,0.0018944740295410156
293210,normal,226,0,1782362062.2842727,0.00218963623046875
293211,normal,1968,0,1782362062.2861793,0.0019066333770751953
293212,normal,3346,1,1782362062.288085,0.001905679702758789
293213,normal,1033,0,1782362062.2902753,0.0021903514862060547
293214,normal,2636,0,1782362062.292187,0.0019116401672363281
293215,normal,3366,1,1782362062.2940843,0.0018973350524902344
293216,normal,2669,0,1782362062.2962737,0.0021893978118896484
293217,normal,2045,0,1782362062.2981954,0.0019216537475585938
293218,normal,3148,1,1782362062.3000813,0.0018858909606933594
293219,normal,1752,0,1782362062.3022707,0.0021893978118896484
293220,normal,853,2,1782362062.3041828,0.0019121170043945312
293221,normal,2620,0,1782362062.3060863,0.001903533935546875
293222,normal,2993,0,1782362062.3082747,0.002188444137573242
293223,normal,1675,0,1782362062.310185,0.0019102096557617188
293224,normal,2077,0,1782362062.3120797,0.0018947124481201172
293225,normal,3080,1,1782362062.314111,0.0020313262939453125
293226,normal,196,0,1782362062.3162513,0.0021402835845947266
293227,normal,1761,0,1782362062.3180842,0.0018329620361328125
293228,normal,343,0,1782362062.320263,0.002178668975830078
293229,normal,3644,0,1782362062.3221881,0.0019252300262451172
293230,normal,789,2,1782362062.3240967,0.0019085407257080078
293231,normal,2876,0,1782362062.3262732,0.002176523208618164
293232,normal,1487,0,1782362062.3281987,0.0019254684448242188
293233,normal,1118,0,1782362062.3300831,0.00188446044921875
293234,normal,671,0,1782362062.3322737,0.0021905899047851562
293235,normal,2018,0,1782362062.3341684,0.0018947124481201172
293236,normal,3478,0,1782362062.3360822,0.0019137859344482422
293237,normal,620,0,1782362062.3389769,0.0028946399688720703
293238,normal,3032,0,1782362062.340317,0.0013401508331298828
293239,normal,951,2,1782362062.3420982,0.0017812252044677734
293240,normal,2972,0,1782362062.344027,0.0019288063049316406
293241,normal,1515,0,1782362062.3460474,0.0020203590393066406
293242,normal,2588,0,1782362062.3480299,0.001982450485229492
293243,normal,331,0,1782362062.3500476,0.0020177364349365234
293244,normal,3635,0,1782362062.3520603,0.0020127296447753906
293245,normal,776,2,1782362062.354064,0.0020036697387695312
293246,normal,1986,0,1782362062.356054,0.001990079879760742
293247,normal,1471,0,1782362062.35805,0.0019960403442382812
293248,normal,2491,0,1782362062.3600616,0.002011537551879883
293249,normal,3536,0,1782362062.3620613,0.0019996166229248047
293250,normal,1574,0,1782362062.3640115,0.0019502639770507812
293251,normal,2023,0,1782362062.3661244,0.002112865447998047
293252,normal,397,0,1782362062.3680124,0.0018880367279052734
293253,normal,1255,0,1782362062.3700206,0.002008199691772461
293254,normal,2277,0,1782362062.3720336,0.002012968063354492
293255,normal,3223,1,1782362062.3742173,0.002183675765991211
293256,normal,2239,0,1782362062.3759959,0.0017786026000976562
293257,normal,1549,0,1782362062.37806,0.002064228057861328
293258,normal,2531,0,1782362062.3800251,0.001965045928955078
293259,normal,3696,0,1782362062.3820105,0.001985311508178711
293260,normal,3484,0,1782362062.3841147,0.0021042823791503906
293261,normal,967,2,1782362062.3860989,0.001984119415283203
293262,normal,3018,0,1782362062.3880029,0.0019040107727050781
293263,normal,1504,0,1782362062.3901017,0.0020987987518310547
293264,normal,2704,0,1782362062.3921242,0.0020225048065185547
293265,normal,2660,0,1782362062.3940847,0.0019605159759521484
293266,normal,579,0,1782362062.3962977,0.002213001251220703
293267,normal,1286,0,1782362062.3980942,0.0017964839935302734
293268,normal,921,2,1782362062.4002645,0.0021703243255615234
293269,normal,3081,1,1782362062.4020958,0.0018312931060791016
293270,normal,3406,0,1782362062.404279,0.002183198928833008
293271,normal,333,0,1782362062.4061427,0.001863718032836914
293272,normal,985,2,1782362062.4081361,0.001993417739868164
293273,normal,288,0,1782362062.4102557,0.0021195411682128906
293274,normal,2773,0,1782362062.4121888,0.0019330978393554688
293275,normal,587,0,1782362062.4140882,0.0018994808197021484
293276,normal,162,0,1782362062.416294,0.0022058486938476562
293277,normal,2353,0,1782362062.4181342,0.0018401145935058594
293278,normal,924,2,1782362062.4201236,0.0019893646240234375
293279,normal,2985,0,1782362062.4222553,0.0021317005157470703
293280,normal,1390,0,1782362062.4241781,0.0019228458404541016
293281,normal,987,2,1782362062.426089,0.0019109249114990234
293282,normal,502,0,1782362062.4282827,0.0021936893463134766
293283,normal,3345,1,1782362062.430135,0.001852273941040039
293284,normal,1799,0,1782362062.4320955,0.0019605159759521484
293285,normal,1779,0,1782362062.4342575,0.0021619796752929688
293286,normal,2252,0,1782362062.4361646,0.0019071102142333984
293287,normal,1783,0,1782362062.4380896,0.0019249916076660156
293288,normal,3053,1,1782362062.4401164,0.002026796340942383
293289,normal,2594,0,1782362062.442245,0.00212860107421875
293290,normal,1867,0,1782362062.4441159,0.001870870590209961
293291,normal,2382,0,1782362062.446259,0.0021431446075439453
293292,normal,2707,0,1782362062.44818,0.001920938491821289
293293,normal,1073,0,1782362062.4500873,0.0019073486328125
293294,normal,3500,0,1782362062.4522624,0.0021750926971435547
293295,normal,1803,0,1782362062.454139,0.0018765926361083984
293296,normal,683,0,1782362062.4561312,0.0019922256469726562
293297,normal,528,0,1782362062.4582558,0.0021245479583740234
293298,normal,3067,1,1782362062.4601982,0.0019423961639404297
293299,normal,3443,0,1782362062.46209,0.0018918514251708984
293300,normal,1477,0,1782362062.4642808,0.002190828323364258
293301,normal,426,0,1782362062.4661465,0.0018656253814697266
293302,normal,1902,0,1782362062.468131,0.0019845962524414062
293303,normal,2795,0,1782362062.4702585,0.002127408981323242
293304,normal,2524,0,1782362062.4721804,0.0019218921661376953
293305,normal,1408,0,1782362062.4741213,0.0019409656524658203
293306,normal,1428,0,1782362062.476285,0.0021636486053466797
293307,normal,3623,0,1782362062.4781415,0.0018565654754638672
293308,normal,628,0,1782362062.4801145,0.0019729137420654297
293309,normal,1524,0,1782362062.4822564,0.0021419525146484375
293310,normal,2763,0,1782362062.4841914,0.0019350051879882812
293311,normal,2388,0,1782362062.4860904,0.0018990039825439453
293312,normal,3120,1,1782362062.4882724,0.0021820068359375
293313,normal,548,0,1782362062.4901412,0.0018687248229980469
293314,normal,303,0,1782362062.4921043,0.0019631385803222656
293315,normal,1575,0,1782362062.494261,0.0021567344665527344
293316,normal,3110,1,1782362062.4961581,0.0018970966339111328
293317,normal,1995,0,1782362062.4980876,0.0019295215606689453
293318,normal,2434,0,1782362062.500259,0.0021712779998779297
293319,normal,2195,0,1782362062.5021417,0.001882791519165039
293320,normal,820,2,1782362062.5041041,0.001962423324584961
293321,normal,3429,0,1782362062.5062556,0.0021514892578125
293322,normal,1940,0,1782362062.5081763,0.0019207000732421875
293323,normal,819,2,1782362062.510088,0.0019116401672363281
293324,normal,1476,0,1782362062.5122707,0.0021827220916748047
293325,normal,877,2,1782362062.514147,0.0018763542175292969
293326,normal,922,2,1782362062.5161014,0.001954317092895508
293327,normal,899,2,1782362062.5182528,0.0021514892578125
293328,normal,3252,1,1782362062.5201838,0.0019309520721435547
293329,normal,1426,0,1782362062.522087,0.0019032955169677734
293330,normal,109,0,1782362062.5242693,0.0021822452545166016
293331,normal,213,0,1782362062.5261421,0.0018727779388427734
293332,normal,1218,0,1782362062.5281036,0.0019614696502685547
293333,normal,1439,0,1782362062.5302782,0.0021746158599853516
293334,normal,454,0,1782362062.5321968,0.0019185543060302734
293335,normal,1906,0,1782362062.5340908,0.0018939971923828125
293336,normal,1991,0,1782362062.5362744,0.002183675765991211
293337,normal,49,0,1782362062.5381553,0.0018808841705322266
293338,normal,1921,0,1782362062.5401213,0.0019659996032714844
293339,normal,1578,0,1782362062.54229,0.0021686553955078125
293340,normal,1301,0,1782362062.5441883,0.0018982887268066406
293341,normal,1475,0,1782362062.5460875,0.0018992424011230469
293342,normal,2216,0,1782362062.5482714,0.0021839141845703125
293343,normal,3209,1,1782362062.5501435,0.0018720626831054688
293344,normal,1802,0,1782362062.552104,0.0019605159759521484
293345,normal,1657,0,1782362062.5542502,0.0021462440490722656
293346,normal,2838,0,1782362062.5561817,0.0019314289093017578
293347,normal,3253,1,1782362062.5580878,0.0019061565399169922
293348,normal,2381,0,1782362062.5602703,0.002182483673095703
293349,normal,876,2,1782362062.5621355,0.0018651485443115234
293350,normal,1520,0,1782362062.5641088,0.001973390579223633
293351,normal,3502,0,1782362062.566256,0.002147197723388672
293352,normal,3571,0,1782362062.5681548,0.0018987655639648438
293353,normal,2117,0,1782362062.5700865,0.0019316673278808594
293354,normal,537,0,1782362062.5722814,0.0021948814392089844
293355,normal,3348,1,1782362062.5741463,0.0018649101257324219
293356,normal,3582,0,1782362062.5760794,0.0019330978393554688
293357,normal,3681,0,1782362062.578259,0.0021796226501464844
293358,normal,2441,0,1782362062.5801852,0.0019261837005615234
293359,normal,1533,0,1782362062.5820892,0.0019040107727050781
293360,normal,1230,0,1782362062.5842714,0.0021822452545166016
293361,normal,668,0,1782362062.5861363,0.0018649101257324219
293362,normal,2754,0,1782362062.5881035,0.001967191696166992
293363,normal,2899,0,1782362062.5902555,0.002151966094970703
293364,normal,2683,0,1782362062.5921693,0.0019137859344482422
293365,normal,2050,0,1782362062.5940747,0.0019054412841796875
293366,normal,2489,0,1782362062.5962536,0.0021789073944091797
293367,normal,2568,0,1782362062.5981572,0.001903533935546875
293368,normal,3056,1,1782362062.6000772,0.0019199848175048828
293369,normal,2549,0,1782362062.6022446,0.0021674633026123047
293370,normal,1224,0,1782362062.6040323,0.0017876625061035156
293371,normal,2061,0,1782362062.6061215,0.002089262008666992
293372,normal,275,0,1782362062.6080186,0.0018970966339111328
293373,normal,101,0,1782362062.6101587,0.002140045166015625
293374,normal,3027,0,1782362062.6120489,0.0018901824951171875
293375,normal,3494,0,1782362062.614151,0.0021021366119384766
293376,normal,1345,1,1782362062.6161063,0.001955270767211914
293377,normal,2837,0,1782362062.6180532,0.0019469261169433594
293378,normal,493,0,1782362062.6201534,0.002100229263305664
293379,normal,3173,1,1782362062.6220748,0.0019214153289794922
293380,normal,1361,1,1782362062.624155,0.002080202102661133
293381,normal,3009,0,1782362062.6260517,0.0018966197967529297
293382,normal,581,0,1782362062.628154,0.002102375030517578
293383,normal,3033,0,1782362062.6300325,0.001878499984741211
293384,normal,295,0,1782362062.632148,0.002115488052368164
293385,normal,3396,1,1782362062.6340654,0.0019173622131347656
293386,normal,2915,0,1782362062.6361482,0.00208282470703125
293387,normal,1457,0,1782362062.6380336,0.0018854141235351562
293388,normal,3457,0,1782362062.640143,0.0021092891693115234
293389,normal,2317,0,1782362062.6420176,0.001874685287475586
293390,normal,586,0,1782362062.6441293,0.002111673355102539
293391,normal,3135,1,1782362062.6460347,0.0019054412841796875
293392,normal,1972,0,1782362062.6481297,0.0020949840545654297
293393,normal,2913,0,1782362062.6500204,0.0018906593322753906
293394,normal,2853,0,1782362062.6521282,0.002107858657836914
293395,normal,3706,0,1782362062.6540182,0.001889944076538086
293396,normal,154,0,1782362062.656134,0.0021157264709472656
293397,normal,1186,0,1782362062.658023,0.0018892288208007812
293398,normal,1420,0,1782362062.6601198,0.0020966529846191406
293399,normal,3279,1,1782362062.6620157,0.001895904541015625
293400,normal,1916,0,1782362062.6641314,0.0021157264709472656
293401,normal,2290,0,1782362062.666012,0.001880645751953125
293402,normal,2487,0,1782362062.6681266,0.002114534378051758
293403,normal,1136,0,1782362062.6700063,0.0018796920776367188
293404,normal,1304,0,1782362062.6721356,0.0021293163299560547
293405,normal,1192,0,1782362062.674019,0.0018835067749023438
293406,normal,2544,0,1782362062.6761372,0.0021181106567382812
293407,normal,867,2,1782362062.6780245,0.0018873214721679688
293408,normal,1209,0,1782362062.680131,0.0021064281463623047
293409,normal,2948,0,1782362062.6820655,0.0019345283508300781
293410,normal,2143,0,1782362062.684126,0.002060413360595703
293411,normal,340,0,1782362062.68606,0.001934051513671875
293412,normal,884,2,1782362062.6881316,0.0020716190338134766
293413,normal,136,0,1782362062.6900568,0.0019252300262451172
293414,normal,2413,0,1782362062.6922746,0.0022177696228027344
293415,normal,934,2,1782362062.6940117,0.0017371177673339844
293416,normal,3141,1,1782362062.696271,0.0022592544555664062
293417,normal,446,0,1782362062.69809,0.0018191337585449219
293418,normal,952,2,1782362062.700253,0.002162933349609375
293419,normal,1625,0,1782362062.702083,0.0018301010131835938
293420,normal,252,0,1782362062.704275,0.002191781997680664
293421,normal,1326,1,1782362062.706146,0.0018711090087890625
293422,normal,3332,1,1782362062.7080832,0.0019371509552001953
293423,normal,3137,1,1782362062.7101107,0.0020275115966796875
293424,normal,3190,1,1782362062.712257,0.0021462440490722656
293425,normal,1177,0,1782362062.7140818,0.0018248558044433594
293426,normal,2880,0,1782362062.7162778,0.002196073532104492
293427,normal,392,0,1782362062.718173,0.0018951892852783203
293428,normal,1993,0,1782362062.7200842,0.001911163330078125
293429,normal,2633,0,1782362062.7222693,0.0021851062774658203
293430,normal,2182,0,1782362062.7241404,0.0018711090087890625
293431,normal,457,0,1782362062.7260838,0.001943349838256836
293432,normal,2840,0,1782362062.7282763,0.0021924972534179688
293433,normal,262,0,1782362062.7301474,0.0018711090087890625
293434,normal,976,2,1782362062.7320824,0.0019350051879882812
293435,normal,3297,1,1782362062.7342725,0.002190113067626953
293436,normal,3596,0,1782362062.7361512,0.0018787384033203125
293437,normal,1282,0,1782362062.7380817,0.0019304752349853516
293438,normal,500,0,1782362062.740274,0.002192258834838867
293439,normal,2769,0,1782362062.742205,0.0019309520721435547
293440,normal,1938,0,1782362062.7440836,0.0018787384033203125
293441,normal,223,0,1782362062.7462711,0.002187490463256836
293442,normal,2708,0,1782362062.7481706,0.0018994808197021484
293443,normal,1124,0,1782362062.7500818,0.001911163330078125
293444,normal,206,0,1782362062.752269,0.0021872520446777344
293445,normal,1267,0,1782362062.7541478,0.0018787384033203125
293446,normal,2270,0,1782362062.7560844,0.0019366741180419922
293447,normal,2676,0,1782362062.7582738,0.0021893978118896484
293448,normal,2513,0,1782362062.7601638,0.001889944076538086
293449,normal,825,2,1782362062.762079,0.0019152164459228516
293450,normal,2185,0,1782362062.7642705,0.0021915435791015625
293451,normal,339,0,1782362062.7661662,0.0018956661224365234
293452,normal,2697,0,1782362062.7680826,0.0019164085388183594
293453,normal,2131,0,1782362062.7702715,0.0021889209747314453
293454,normal,1754,0,1782362062.7721558,0.0018842220306396484
293455,normal,1003,2,1782362062.7740834,0.0019276142120361328
293456,normal,232,0,1782362062.7763748,0.002291440963745117
293457,normal,1417,0,1782362062.778223,0.0018482208251953125
293458,normal,760,0,1782362062.780239,0.0020160675048828125
293459,normal,3530,0,1782362062.782456,0.002216815948486328
293460,normal,589,0,1782362062.7842798,0.0018239021301269531
293461,normal,2626,0,1782362062.7862415,0.0019617080688476562
293462,normal,2308,0,1782362062.7884464,0.00220489501953125
293463,normal,2987,0,1782362062.7902465,0.0018000602722167969
293464,normal,1027,2,1782362062.7922409,0.0019943714141845703
293465,normal,2297,0,1782362062.794268,0.0020270347595214844
293466,normal,611,0,1782362062.7961626,0.0018947124481201172
293467,normal,3665,0,1782362062.7980826,0.0019199848175048828
293468,normal,102,0,1782362062.800273,0.0021903514862060547
293469,normal,2559,0,1782362062.8021486,0.0018756389617919922
293470,normal,995,2,1782362062.8040838,0.0019352436065673828
293471,normal,2439,0,1782362062.806277,0.0021932125091552734
293472,normal,2323,0,1782362062.808159,0.0018820762634277344
293473,normal,1631,0,1782362062.810081,0.0019218921661376953
293474,normal,1546,0,1782362062.8122716,0.0021905899047851562
293475,normal,1454,0,1782362062.814156,0.00188446044921875
293476,normal,3306,1,1782362062.8160827,0.0019266605377197266
293477,normal,10,0,1782362062.8182733,0.0021905899047851562
293478,normal,2527,0,1782362062.8201532,0.0018799304962158203
293479,normal,3555,0,1782362062.8220828,0.0019295215606689453
293480,normal,2703,0,1782362062.8242705,0.0021877288818359375
293481,normal,974,2,1782362062.8261528,0.001882314682006836
293482,normal,780,2,1782362062.8280833,0.0019304752349853516
293483,normal,3553,0,1782362062.8302655,0.0021822452545166016
293484,normal,106,0,1782362062.8321497,0.0018842220306396484
293485,normal,747,0,1782362062.8340838,0.001934051513671875
293486,normal,2570,0,1782362062.8362746,0.002190828323364258
293487,normal,1782,0,1782362062.8381493,0.001874685287475586
293488,normal,1545,0,1782362062.8400822,0.0019328594207763672
293489,normal,1623,0,1782362062.8422706,0.002188444137573242
293490,normal,2174,0,1782362062.8441656,0.0018949508666992188
293491,normal,3557,0,1782362062.846083,0.0019173622131347656
293492,normal,2717,0,1782362062.8482742,0.002191305160522461
293493,normal,2627,0,1782362062.8501492,0.0018749237060546875
293494,normal,1012,2,1782362062.8520818,0.0019326210021972656
293495,normal,2639,0,1782362062.8542714,0.00218963623046875
293496,normal,1189,0,1782362062.856148,0.0018765926361083984
293497,normal,3203,1,1782362062.8580825,0.0019345283508300781
293498,normal,3540,0,1782362062.8602653,0.0021827220916748047
293499,normal,3556,0,1782362062.8621426,0.0018773078918457031
293500,normal,1379,1,1782362062.8640826,0.001940011978149414
293501,normal,1387,0,1782362062.866273,0.0021903514862060547
293502,normal,1965,0,1782362062.8681407,0.0018677711486816406
293503,normal,1486,0,1782362062.8700836,0.0019428730010986328
293504,normal,2962,0,1782362062.872271,0.002187490463256836
293505,normal,1597,0,1782362062.8741379,0.0018668174743652344
293506,normal,3569,0,1782362062.8760676,0.0019297599792480469
293507,normal,1174,0,1782362062.8782718,0.0022041797637939453
293508,normal,2992,0,1782362062.8801425,0.0018706321716308594
293509,normal,864,2,1782362062.8820825,0.001940011978149414
293510,normal,1018,2,1782362062.8842752,0.0021927356719970703
293511,normal,3140,1,1782362062.8861375,0.0018622875213623047
293512,normal,745,0,1782362062.8880816,0.0019440650939941406
293513,normal,2884,0,1782362062.8901083,0.002026796340942383
293514,normal,958,2,1782362062.8921354,0.0020270347595214844
293515,normal,2292,0,1782362062.8940854,0.0019500255584716797
293516,normal,2476,0,1782362062.896268,0.002182483673095703
293517,normal,2419,0,1782362062.8981357,0.0018677711486816406
293518,normal,607,0,1782362062.9000814,0.0019457340240478516
293519,normal,96,0,1782362062.9023123,0.0022308826446533203
293520,normal,1051,0,1782362062.9041333,0.0018210411071777344
293521,normal,351,0,1782362062.906081,0.001947641372680664
293522,normal,1936,0,1782362062.9082673,0.002186298370361328
293523,normal,387,0,1782362062.9101284,0.0018610954284667969
293524,normal,3185,1,1782362062.9121008,0.0019724369049072266
293525,normal,1351,1,1782362062.9142725,0.002171754837036133
293526,normal,487,0,1782362062.9161253,0.0018527507781982422
293527,normal,916,2,1782362062.918086,0.00196075439453125
293528,normal,1771,0,1782362062.9201093,0.0020232200622558594
293529,normal,2328,0,1782362062.9222608,0.0021514892578125
293530,normal,1698,0,1782362062.9240813,0.0018205642700195312
293531,normal,3428,0,1782362062.9263034,0.0022220611572265625
293532,normal,158,0,1782362062.9281347,0.0018312931060791016
293533,normal,112,0,1782362062.9300814,0.0019466876983642578
293534,normal,3069,1,1782362062.9322717,0.0021903514862060547
293535,normal,1206,0,1782362062.9341395,0.0018677711486816406
293536,normal,854,2,1782362062.9360812,0.001941680908203125
293537,normal,2211,0,1782362062.9382849,0.002203702926635742
293538,normal,1130,0,1782362062.940803,0.002518177032470703
293539,normal,2552,0,1782362062.9421182,0.0013151168823242188
293540,normal,354,0,1782362062.944326,0.0022077560424804688
293541,normal,1743,0,1782362062.9460857,0.0017597675323486328
293542,normal,869,2,1782362062.9482594,0.0021736621856689453
293543,normal,1175,0,1782362062.9501064,0.0018470287322998047
293544,normal,583,0,1782362062.952238,0.0021317005157470703
293545,normal,142,0,1782362062.95411,0.0018718242645263672
293546,normal,908,2,1782362062.9562545,0.0021445751190185547
293547,normal,2325,0,1782362062.958089,0.0018346309661865234
293548,normal,3117,1,1782362062.9602606,0.0021715164184570312
293549,normal,927,2,1782362062.9621117,0.0018510818481445312
293550,normal,514,0,1782362062.9642413,0.0021295547485351562
293551,normal,859,2,1782362062.9661036,0.0018622875213623047
293552,normal,2346,0,1782362062.9682546,0.002151012420654297
293553,normal,3183,1,1782362062.9701016,0.0018470287322998047
293554,normal,2057,0,1782362062.9722574,0.002155780792236328
293555,normal,841,2,1782362062.9741051,0.0018477439880371094
293556,normal,1922,0,1782362062.9762511,0.002146005630493164
293557,normal,2839,0,1782362062.9780722,0.0018210411071777344
293558,normal,280,0,1782362062.9802547,0.002182483673095703
293559,normal,3609,0,1782362062.9820795,0.0018248558044433594
293560,normal,3560,0,1782362062.9842715,0.0021920204162597656
293561,normal,3234,1,1782362062.986106,0.0018343925476074219
293562,normal,127,0,1782362062.9882984,0.0021924972534179688
293563,normal,3472,0,1782362062.9900942,0.0017957687377929688
293564,normal,2700,0,1782362062.9922543,0.0021600723266601562
293565,normal,2641,0,1782362062.9941547,0.0019004344940185547
293566,normal,1067,0,1782362062.9960878,0.0019330978393554688
293567,normal,1933,0,1782362062.9982688,0.0021810531616210938
293568,normal,762,0,1782362063.0001218,0.0018529891967773438
293569,normal,1312,0,1782362063.0020878,0.0019659996032714844
293570,normal,3309,1,1782362063.004266,0.002178192138671875
293571,normal,596,0,1782362063.0061371,0.0018711090087890625
293572,normal,918,2,1782362063.0080874,0.0019502639770507812
293573,normal,2301,0,1782362063.0102723,0.0021848678588867188
293574,normal,1864,0,1782362063.0121098,0.0018374919891357422
293575,normal,2208,0,1782362063.0141063,0.0019965171813964844
293576,normal,1517,0,1782362063.0162468,0.002140522003173828
293577,normal,3508,0,1782362063.0181425,0.0018956661224365234
293578,normal,750,0,1782362063.020088,0.00194549560546875
293579,normal,1605,0,1782362063.0222735,0.0021855831146240234
293580,normal,2622,0,1782362063.0241213,0.0018477439880371094
293581,normal,2272,0,1782362063.0261068,0.0019855499267578125
293582,normal,137,0,1782362063.0282521,0.0021452903747558594
293583,normal,953,2,1782362063.0301805,0.0019283294677734375
293584,normal,2903,0,1782362063.0320883,0.0019078254699707031
293585,normal,2512,0,1782362063.034271,0.0021827220916748047
293586,normal,1776,0,1782362063.0361211,0.001850128173828125
293587,normal,2644,0,1782362063.0381033,0.0019822120666503906
293588,normal,870,2,1782362063.0402608,0.002157449722290039
293589,normal,2597,0,1782362063.0421758,0.00191497802734375
293590,normal,2288,0,1782362063.0440898,0.0019140243530273438
293591,normal,3076,1,1782362063.0462828,0.002192974090576172
293592,normal,3088,1,1782362063.0481164,0.0018336772918701172
293593,normal,407,0,1782362063.0501206,0.0020041465759277344
293594,normal,2858,0,1782362063.0522485,0.0021278858184814453
293595,normal,3180,1,1782362063.05414,0.0018916130065917969
293596,normal,666,0,1782362063.0560882,0.0019481182098388672
293597,normal,1298,0,1782362063.0582712,0.0021829605102539062
293598,normal,3649,0,1782362063.0603023,0.002031087875366211
293599,normal,2452,0,1782362063.0621037,0.0018014907836914062
293600,normal,2843,0,1782362063.0642521,0.0021483898162841797
293601,normal,1737,0,1782362063.066144,0.0018918514251708984
293602,normal,1297,0,1782362063.0680885,0.0019445419311523438
293603,normal,3419,0,1782362063.0702794,0.002190828323364258
293604,normal,759,0,1782362063.072119,0.0018396377563476562
293605,normal,971,2,1782362063.0741057,0.0019867420196533203
293606,normal,3159,1,1782362063.0762525,0.0021467208862304688
293607,normal,92,0,1782362063.0781667,0.0019142627716064453
293608,normal,499,0,1782362063.0800655,0.0018987655639648438
293609,normal,1596,0,1782362063.0822709,0.002205371856689453
293610,normal,291,0,1782362063.08411,0.0018391609191894531
293611,normal,414,0,1782362063.0861042,0.0019941329956054688
293612,normal,3407,0,1782362063.0882533,0.0021491050720214844
293613,normal,2898,0,1782362063.0901673,0.0019140243530273438
293614,normal,2189,0,1782362063.0920877,0.001920461654663086
293615,normal,231,0,1782362063.094269,0.0021812915802001953
293616,normal,1453,0,1782362063.0961149,0.0018458366394042969
293617,normal,1115,0,1782362063.098106,0.0019910335540771484
293618,normal,2446,0,1782362063.1002562,0.002150297164916992
293619,normal,1024,2,1782362063.102153,0.0018968582153320312
293620,normal,2066,0,1782362063.1040888,0.001935720443725586
293621,normal,13,0,1782362063.1062715,0.0021827220916748047
293622,normal,3340,1,1782362063.1081028,0.0018312931060791016
293623,normal,944,2,1782362063.1101065,0.0020036697387695312
293624,normal,428,0,1782362063.1122534,0.0021469593048095703
293625,normal,778,2,1782362063.1141293,0.0018758773803710938
293626,normal,3384,1,1782362063.11609,0.00196075439453125
293627,normal,1178,0,1782362063.118273,0.0021829605102539062
293628,normal,12,0,1782362063.1201022,0.0018291473388671875
293629,normal,3430,0,1782362063.122105,0.002002716064453125
293630,normal,2379,0,1782362063.1242461,0.002141237258911133
293631,normal,1942,0,1782362063.1261332,0.0018870830535888672
293632,normal,2163,0,1782362063.1280663,0.0019330978393554688
293633,normal,2914,0,1782362063.1302717,0.002205371856689453
293634,normal,178,0,1782362063.1321018,0.0018301010131835938
293635,normal,1518,0,1782362063.1341045,0.002002716064453125
293636,normal,1225,0,1782362063.1362503,0.0021457672119140625
293637,normal,1089,0,1782362063.1381478,0.001897573471069336
293638,normal,600,0,1782362063.140086,0.0019381046295166016
293639,normal,1572,0,1782362063.1423342,0.0022482872009277344
293640,normal,1811,0,1782362063.144094,0.0017597675323486328
293641,normal,1741,0,1782362063.1461,0.002006053924560547
293642,normal,1800,0,1782362063.1482534,0.0021533966064453125
293643,normal,3196,1,1782362063.1501386,0.0018851757049560547
293644,normal,2294,0,1782362063.1520875,0.0019488334655761719
293645,normal,259,0,1782362063.1542826,0.002195119857788086
293646,normal,1083,0,1782362063.1561062,0.0018236637115478516
293647,normal,726,0,1782362063.1580935,0.0019872188568115234
293648,normal,2988,0,1782362063.1602519,0.0021584033966064453
293649,normal,3603,0,1782362063.1621165,0.0018646717071533203
293650,normal,1036,0,1782362063.1640875,0.001971006393432617
293651,normal,1041,0,1782362063.1662765,0.0021889209747314453
293652,normal,1435,0,1782362063.1682448,0.0019683837890625
293653,normal,3368,1,1782362063.1700752,0.0018303394317626953
293654,normal,2515,0,1782362063.1720743,0.0019991397857666016
293655,normal,2049,0,1782362063.1740754,0.002001047134399414
293656,normal,1413,0,1782362063.1760247,0.001949310302734375
293657,normal,3085,1,1782362063.178109,0.0020842552185058594
293658,normal,3044,0,1782362063.1800098,0.0019009113311767578
293659,normal,3238,1,1782362063.1820686,0.002058744430541992
293660,normal,575,0,1782362063.1840649,0.001996278762817383
293661,normal,2488,0,1782362063.1860056,0.0019407272338867188
293662,normal,2423,0,1782362063.1880658,0.0020601749420166016
293663,normal,1344,1,1782362063.1900487,0.0019829273223876953
293664,normal,1844,0,1782362063.192013,0.0019643306732177734
293665,normal,830,2,1782362063.194065,0.0020520687103271484
293666,normal,521,0,1782362063.1960752,0.0020101070404052734
293667,normal,1232,0,1782362063.1980073,0.0019321441650390625
293668,normal,2792,0,1782362063.2000642,0.0020568370819091797
293669,normal,914,2,1782362063.202065,0.0020008087158203125
293670,normal,3468,0,1782362063.2040257,0.00196075439453125
293671,normal,3413,0,1782362063.2060769,0.002051115036010742
293672,normal,3401,1,1782362063.208087,0.0020101070404052734
293673,normal,2284,0,1782362063.2100089,0.0019218921661376953
293674,normal,1226,0,1782362063.2120671,0.002058267593383789
293675,normal,1055,0,1782362063.2140627,0.001995563507080078
293676,normal,3533,0,1782362063.216019,0.0019562244415283203
293677,normal,1236,0,1782362063.218076,0.0020570755004882812
293678,normal,2271,0,1782362063.2201014,0.0020253658294677734
293679,normal,148,0,1782362063.2220068,0.0019054412841796875
293680,normal,2578,0,1782362063.224075,0.0020682811737060547
293681,normal,3060,1,1782362063.226066,0.0019910335540771484
293682,normal,413,0,1782362063.2280207,0.0019545555114746094
293683,normal,1424,0,1782362063.2300754,0.0020546913146972656
293684,normal,2803,0,1782362063.2320912,0.002015829086303711
293685,normal,698,0,1782362063.2340095,0.0019183158874511719
293686,normal,849,2,1782362063.236065,0.0020554065704345703
293687,normal,2202,0,1782362063.2380636,0.0019986629486083984
293688,normal,3565,0,1782362063.2400153,0.0019516944885253906
293689,normal,2555,0,1782362063.2420747,0.002059459686279297
293690,normal,2543,0,1782362063.244095,0.0020203590393066406
293691,normal,999,2,1782362063.2460132,0.0019180774688720703
293692,normal,2503,0,1782362063.2480676,0.002054452896118164
293693,normal,2375,0,1782362063.2500637,0.0019960403442382812
293694,normal,2348,0,1782362063.2520165,0.0019528865814208984
293695,normal,2338,0,1782362063.254075,0.0020585060119628906
293696,normal,3378,1,1782362063.2560918,0.002016782760620117
293697,normal,3118,1,1782362063.2580059,0.0019140243530273438
293698,normal,2356,0,1782362063.2600632,0.002057313919067383
293699,normal,2846,0,1782362063.2620616,0.001998424530029297
293700,normal,3631,0,1782362063.264026,0.0019643306732177734
293701,normal,3549,0,1782362063.266074,0.002048015594482422
293702,normal,78,0,1782362063.2680879,0.0020139217376708984
293703,normal,79,0,1782362063.2700038,0.0019159317016601562
293704,normal,663,0,1782362063.2720594,0.002055644989013672
293705,normal,282,0,1782362063.2740695,0.0020101070404052734
293706,normal,1944,0,1782362063.2760205,0.001950979232788086
293707,normal,1283,0,1782362063.2780771,0.002056598663330078
293708,normal,2021,0,1782362063.2800934,0.002016305923461914
293709,normal,3390,1,1782362063.2820063,0.001912832260131836
293710,normal,1459,0,1782362063.2840657,0.002059459686279297
293711,normal,2926,0,1782362063.2860665,0.0020008087158203125
293712,normal,2318,0,1782362063.2880147,0.0019481182098388672
293713,normal,2306,0,1782362063.2900748,0.0020601749420166016
293714,normal,977,2,1782362063.292092,0.0020172595977783203
293715,normal,2978,0,1782362063.2940133,0.0019211769104003906
293716,normal,1895,0,1782362063.296059,0.0020456314086914062
293717,normal,2267,0,1782362063.2980783,0.0020194053649902344
293718,normal,3436,0,1782362063.3000207,0.0019423961639404297
293719,normal,2483,0,1782362063.3020716,0.0020508766174316406
293720,normal,3477,0,1782362063.3040912,0.002019643783569336
293721,normal,2426,0,1782362063.3060048,0.0019135475158691406
293722,normal,511,0,1782362063.308064,0.0020592212677001953
293723,normal,3515,0,1782362063.3100615,0.0019974708557128906
293724,normal,365,0,1782362063.3120198,0.0019583702087402344
293725,normal,3073,1,1782362063.3140836,0.002063751220703125
293726,normal,2194,0,1782362063.3160627,0.0019791126251220703
293727,normal,1374,1,1782362063.3180263,0.0019636154174804688
293728,normal,1285,0,1782362063.3200755,0.0020492076873779297
293729,normal,640,0,1782362063.322129,0.002053499221801758
293730,normal,2956,0,1782362063.3240037,0.001874685287475586
293731,normal,1784,0,1782362063.3260903,0.002086639404296875
293732,normal,904,2,1782362063.3280942,0.002003908157348633
293733,normal,3188,1,1782362063.3300116,0.0019173622131347656
293734,normal,1897,0,1782362063.3320768,0.0020651817321777344
293735,normal,979,2,1782362063.3340292,0.0019524097442626953
293736,normal,1773,0,1782362063.3360271,0.0019979476928710938
293737,normal,105,0,1782362063.3380759,0.0020487308502197266
293738,normal,1855,0,1782362063.3400905,0.002014636993408203
293739,normal,1567,0,1782362063.3420029,0.0019123554229736328
293740,normal,1946,0,1782362063.3440807,0.002077817916870117
293741,normal,3015,0,1782362063.3460624,0.0019817352294921875
293742,normal,1266,0,1782362063.348102,0.002039670944213867
293743,normal,1966,0,1782362063.350049,0.0019469261169433594
293744,normal,2402,0,1782362063.3520575,0.0020084381103515625
293745,normal,585,0,1782362063.354021,0.0019636154174804688
293746,normal,3095,1,1782362063.356054,0.0020329952239990234
293747,normal,1276,0,1782362063.3580346,0.0019805431365966797
293748,normal,3124,1,1782362063.360009,0.001974344253540039
293749,normal,132,0,1782362063.3620362,0.002027273178100586
293750,normal,2493,0,1782362063.3640733,0.00203704833984375
293751,normal,2533,0,1782362063.3660238,0.0019505023956298828
293752,normal,3247,1,1782362063.3681142,0.0020904541015625
293753,normal,2809,0,1782362063.3700352,0.001920938491821289
293754,normal,3059,1,1782362063.3720102,0.0019750595092773438
293755,normal,1203,0,1782362063.3740995,0.002089262008666992
293756,normal,3510,0,1782362063.37611,0.0020105838775634766
293757,normal,1526,0,1782362063.3780775,0.0019674301147460938
293758,normal,2687,0,1782362063.3801122,0.0020346641540527344
293759,normal,872,2,1782362063.3821962,0.002084016799926758
293760,normal,460,0,1782362063.3840787,0.0018825531005859375
293761,normal,1050,0,1782362063.386116,0.0020372867584228516
293762,normal,561,0,1782362063.388162,0.002045869827270508
293763,normal,2335,0,1782362063.390062,0.0019001960754394531
293764,normal,1331,1,1782362063.3921697,0.0021076202392578125
293765,normal,1244,0,1782362063.3941548,0.0019850730895996094
293766,normal,1039,0,1782362063.3960173,0.0018625259399414062
293767,normal,3646,0,1782362063.3980856,0.0020682811737060547
293768,normal,130,0,1782362063.400121,0.002035379409790039
293769,normal,3281,1,1782362063.402057,0.0019359588623046875
293770,normal,3017,0,1782362063.4040284,0.0019714832305908203
293771,normal,612,0,1782362063.4061122,0.0020837783813476562
293772,normal,1851,0,1782362063.4081466,0.002034425735473633
293773,normal,1094,0,1782362063.4100509,0.0019042491912841797
293774,normal,2130,0,1782362063.4120681,0.0020172595977783203
293775,normal,2684,0,1782362063.4140167,0.0019485950469970703
293776,normal,1512,0,1782362063.4160128,0.0019960403442382812
293777,normal,1658,0,1782362063.4180613,0.002048492431640625
293778,normal,363,0,1782362063.4200113,0.0019500255584716797
293779,normal,880,2,1782362063.4220216,0.002010345458984375
293780,normal,721,0,1782362063.4240582,0.002036571502685547
293781,normal,2175,0,1782362063.426025,0.001966714859008789
293782,normal,409,0,1782362063.4280584,0.0020334720611572266
293783,normal,606,0,1782362063.430223,0.002164602279663086
293784,normal,1375,1,1782362063.4320836,0.0018606185913085938
293785,normal,852,2,1782362063.4342153,0.0021317005157470703
293786,normal,1667,0,1782362063.4362974,0.0020821094512939453
293787,normal,2103,0,1782362063.4380975,0.0018000602722167969
293788,normal,3653,0,1782362063.4402094,0.0021119117736816406
293789,normal,434,0,1782362063.442252,0.002042531967163086
293790,normal,470,0,1782362063.4440877,0.0018358230590820312
293791,normal,826,2,1782362063.44625,0.0021622180938720703
293792,normal,2091,0,1782362063.4480655,0.0018155574798583984
293793,normal,2615,0,1782362063.4502492,0.002183675765991211
293794,normal,1840,0,1782362063.4520764,0.001827239990234375
293795,normal,3138,1,1782362063.4542096,0.0021331310272216797
293796,normal,3097,1,1782362063.456084,0.0018744468688964844
293797,normal,2804,0,1782362063.458176,0.0020918846130371094
293798,normal,3601,0,1782362063.460241,0.0020651817321777344
293799,normal,3114,1,1782362063.4620883,0.0018472671508789062
293800,normal,3650,0,1782362063.4641585,0.002070188522338867
293801,normal,1087,0,1782362063.4662578,0.002099275588989258
293802,normal,26,0,1782362063.468094,0.0018362998962402344
293803,normal,3107,1,1782362063.4701648,0.0020706653594970703
293804,normal,3315,1,1782362063.4721954,0.002030611038208008
293805,normal,1859,0,1782362063.4740334,0.0018379688262939453
293806,normal,3679,0,1782362063.4761245,0.0020911693572998047
293807,normal,2344,0,1782362063.4781764,0.002051830291748047
293808,normal,2757,0,1782362063.4800556,0.0018792152404785156
293809,normal,887,2,1782362063.482077,0.002021312713623047
293810,normal,1021,2,1782362063.4840686,0.001991748809814453
293811,normal,708,0,1782362063.486028,0.0019593238830566406
293812,normal,1647,0,1782362063.4880507,0.0020227432250976562
293813,normal,2968,0,1782362063.4900827,0.002032041549682617
293814,normal,2298,0,1782362063.4920533,0.001970529556274414
293815,normal,1866,0,1782362063.4940355,0.0019822120666503906
293816,normal,2490,0,1782362063.496134,0.002098560333251953
293817,normal,3256,1,1782362063.4980834,0.001949310302734375
293818,normal,1882,0,1782362063.5000498,0.0019664764404296875
293819,normal,438,0,1782362063.5020773,0.0020275115966796875
293820,normal,3001,0,1782362063.5040562,0.0019788742065429688
293821,normal,3335,1,1782362063.5060523,0.0019960403442382812
293822,normal,3695,0,1782362063.508156,0.0021038055419921875
293823,normal,2910,0,1782362063.5100732,0.001917123794555664
293824,normal,2214,0,1782362063.512013,0.0019397735595703125
293825,normal,2932,0,1782362063.5141006,0.0020875930786132812
293826,normal,2539,0,1782362063.5160134,0.001912832260131836
293827,normal,1384,0,1782362063.5181172,0.0021038055419921875
293828,normal,2064,0,1782362063.520087,0.0019698143005371094
293829,normal,1405,0,1782362063.5220864,0.001999378204345703
293830,normal,1075,0,1782362063.5240197,0.0019333362579345703
293831,normal,2581,0,1782362063.5261984,0.002178668975830078
293832,normal,185,0,1782362063.5280724,0.0018739700317382812
293833,normal,255,0,1782362063.5300508,0.0019783973693847656
293834,normal,2188,0,1782362063.5321417,0.002090930938720703
293835,normal,1696,0,1782362063.534015,0.0018732547760009766
293836,normal,662,0,1782362063.5361142,0.002099275588989258
293837,normal,1869,0,1782362063.5380757,0.0019614696502685547
293838,normal,3492,0,1782362063.5401223,0.0020465850830078125
293839,normal,3307,1,1782362063.5423121,0.0021898746490478516
293840,normal,1736,0,1782362063.5440567,0.0017445087432861328
293841,normal,318,0,1782362063.54601,0.0019533634185791016
293842,normal,1419,0,1782362063.5481653,0.002155303955078125
293843,normal,839,2,1782362063.5500937,0.0019283294677734375
293844,normal,314,0,1782362063.5520122,0.0019185543060302734
293845,normal,862,2,1782362063.5541778,0.002165555953979492
293846,normal,3280,1,1782362063.5560553,0.0018775463104248047
293847,normal,3587,0,1782362063.5580103,0.0019550323486328125
293848,normal,1355,1,1782362063.560127,0.002116680145263672
293849,normal,37,0,1782362063.5621066,0.0019795894622802734
293850,normal,238,0,1782362063.564011,0.0019044876098632812
293851,normal,2044,0,1782362063.5661602,0.0021491050720214844
293852,normal,1185,0,1782362063.5680568,0.0018966197967529297
293853,normal,834,2,1782362063.570011,0.0019540786743164062
293854,normal,2394,0,1782362063.5720918,0.0020809173583984375
293855,normal,2304,0,1782362063.574107,0.0020151138305664062
293856,normal,1863,0,1782362063.5760102,0.0019032955169677734
293857,normal,482,0,1782362063.5781183,0.0021080970764160156
293858,normal,2882,0,1782362063.580106,0.0019876956939697266
293859,normal,322,0,1782362063.5820093,0.0019032955169677734
293860,normal,125,0,1782362063.584112,0.0021026134490966797
293861,normal,791,2,1782362063.5861804,0.0020685195922851562
293862,normal,2285,0,1782362063.588118,0.0019376277923583984
293863,normal,3686,0,1782362063.5901594,0.002041339874267578
293864,normal,276,0,1782362063.5921063,0.0019469261169433594
293865,normal,3483,0,1782362063.5940135,0.0019071102142333984
293866,normal,3160,1,1782362063.596168,0.0021545886993408203
293867,normal,761,0,1782362063.5981333,0.0019652843475341797
293868,normal,1462,0,1782362063.600071,0.0019376277923583984
293869,normal,3434,0,1782362063.6020837,0.0020127296447753906
293870,normal,3371,1,1782362063.6041045,0.0020208358764648438
293871,normal,800,2,1782362063.6060538,0.001949310302734375
293872,normal,3136,1,1782362063.6080723,0.002018451690673828
293873,normal,3387,1,1782362063.6101427,0.0020704269409179688
293874,normal,278,0,1782362063.6120803,0.0019376277923583984
293875,normal,1831,0,1782362063.6140356,0.001955270767211914
293876,normal,2002,0,1782362063.6161184,0.00208282470703125
293877,normal,892,2,1782362063.6180356,0.001917123794555664
293878,normal,1382,0,1782362063.6201108,0.0020751953125
293879,normal,3678,0,1782362063.6221018,0.0019910335540771484
293880,normal,465,0,1782362063.6240795,0.001977682113647461
293881,normal,1615,0,1782362063.6260343,0.001954793930053711
293882,normal,2365,0,1782362063.628123,0.002088785171508789
293883,normal,768,0,1782362063.6300344,0.0019114017486572266
293884,normal,3331,1,1782362063.6321115,0.0020771026611328125
293885,normal,3487,0,1782362063.6341076,0.0019960403442382812
293886,normal,2719,0,1782362063.6360586,0.001950979232788086
293887,normal,1958,0,1782362063.6380363,0.001977682113647461
293888,normal,2448,0,1782362063.6401112,0.0020749568939208984
293889,normal,1918,0,1782362063.642036,0.001924753189086914
293890,normal,1947,0,1782362063.644109,0.002073049545288086
293891,normal,2714,0,1782362063.6461039,0.0019948482513427734
293892,normal,3471,0,1782362063.648032,0.001928091049194336
293893,normal,2073,0,1782362063.6500351,0.002003192901611328
293894,normal,1595,0,1782362063.6521215,0.0020864009857177734
293895,normal,1081,0,1782362063.6540344,0.001912832260131836
293896,normal,3538,0,1782362063.6562197,0.002185344696044922
293897,normal,1259,0,1782362063.6581173,0.001897573471069336
293898,normal,1113,0,1782362063.6600747,0.001957416534423828
293899,normal,2789,0,1782362063.6622305,0.002155780792236328
293900,normal,1635,0,1782362063.664235,0.0020046234130859375
293901,normal,3192,1,1782362063.6660736,0.0018384456634521484
293902,normal,84,0,1782362063.6682065,0.002132892608642578
293903,normal,1082,0,1782362063.670195,0.001988649368286133
293904,normal,2561,0,1782362063.6720538,0.0018587112426757812
293905,normal,374,0,1782362063.6740818,0.0020279884338378906
293906,normal,1982,0,1782362063.6760845,0.002002716064453125
293907,normal,1031,0,1782362063.6780744,0.0019898414611816406
293908,normal,2268,0,1782362063.6800263,0.0019519329071044922
293909,normal,2930,0,1782362063.682098,0.0020716190338134766
293910,normal,2316,0,1782362063.6840062,0.0019083023071289062
293911,normal,2617,0,1782362063.6860955,0.002089262008666992
293912,normal,475,0,1782362063.6880908,0.0019953250885009766
293913,normal,1792,0,1782362063.6900525,0.0019617080688476562
293914,normal,298,0,1782362063.6920986,0.0020461082458496094
293915,normal,1774,0,1782362063.6941166,0.002017974853515625
293916,normal,3023,0,1782362063.6960504,0.0019338130950927734
293917,normal,3567,0,1782362063.6982226,0.002172231674194336
293918,normal,2612,0,1782362063.7000768,0.0018541812896728516
293919,normal,3218,1,1782362063.7020545,0.001977682113647461
293920,normal,72,0,1782362063.70409,0.0020356178283691406
293921,normal,3600,0,1782362063.7061882,0.00209808349609375
293922,normal,2149,0,1782362063.708037,0.0018486976623535156
293923,normal,7,0,1782362063.710095,0.0020580291748046875
293924,normal,1964,0,1782362063.7122083,0.00211334228515625
293925,normal,2709,0,1782362063.7140362,0.0018279552459716797
293926,normal,139,0,1782362063.716105,0.002068758010864258
293927,normal,458,0,1782362063.7182076,0.0021026134490966797
293928,normal,3666,0,1782362063.7200878,0.0018801689147949219
293929,normal,3132,1,1782362063.7221148,0.0020270347595214844
293930,normal,3535,0,1782362063.7243178,0.0022029876708984375
293931,normal,1627,0,1782362063.7260935,0.0017757415771484375
293932,normal,902,2,1782362063.7281184,0.0020248889923095703
293933,normal,3606,0,1782362063.730318,0.0021996498107910156
293934,normal,756,0,1782362063.7320843,0.001766204833984375
293935,normal,38,0,1782362063.7341151,0.0020308494567871094
293936,normal,384,0,1782362063.7362392,0.0021240711212158203
293937,normal,1187,0,1782362063.7380886,0.0018494129180908203
293938,normal,3469,0,1782362063.740116,0.002027273178100586
293939,normal,1367,1,1782362063.742329,0.002213001251220703
293940,normal,711,0,1782362063.744091,0.0017621517181396484
293941,normal,3176,1,1782362063.7461164,0.0020253658294677734
293942,normal,2788,0,1782362063.7482672,0.0021507740020751953
293943,normal,133,0,1782362063.750135,0.0018677711486816406
293944,normal,3450,0,1782362063.752169,0.0020339488983154297
293945,normal,1909,0,1782362063.7541952,0.0020263195037841797
293946,normal,2237,0,1782362063.7561643,0.0019690990447998047
293947,normal,1732,0,1782362063.758049,0.0018846988677978516
293948,normal,532,0,1782362063.7603216,0.0022726058959960938
293949,normal,2563,0,1782362063.7620962,0.0017745494842529297
293950,normal,3629,0,1782362063.764207,0.002110719680786133
293951,normal,347,0,1782362063.7662492,0.0020422935485839844
293952,normal,2322,0,1782362063.7681127,0.0018634796142578125
293953,normal,1370,1,1782362063.7701015,0.0019888877868652344
293954,normal,2249,0,1782362063.7722435,0.0021419525146484375
293955,normal,1327,1,1782362063.7740617,0.0018181800842285156
293956,normal,2854,0,1782362063.7760894,0.002027750015258789
293957,normal,2525,0,1782362063.7780952,0.0020058155059814453
293958,normal,2970,0,1782362063.7803001,0.00220489501953125
293959,normal,2906,0,1782362063.7820709,0.0017707347869873047
293960,normal,2313,0,1782362063.7843206,0.0022497177124023438
293961,normal,495,0,1782362063.7860842,0.0017635822296142578
293962,normal,3357,1,1782362063.78823,0.0021457672119140625
293963,normal,240,0,1782362063.7902439,0.0020139217376708984
293964,normal,393,0,1782362063.7922149,0.001971006393432617
293965,normal,2000,0,1782362063.794202,0.0019872188568115234
293966,normal,657,0,1782362063.7962399,0.0020377635955810547
293967,normal,1604,0,1782362063.7980864,0.0018465518951416016
293968,normal,1102,0,1782362063.800071,0.0019845962524414062
293969,normal,574,0,1782362063.8022096,0.0021386146545410156
293970,normal,1775,0,1782362063.8040795,0.0018699169158935547
293971,normal,1591,0,1782362063.8061886,0.002109050750732422
293972,normal,2603,0,1782362063.8081036,0.00191497802734375
293973,normal,3579,0,1782362063.8100865,0.0019829273223876953
293974,normal,2024,0,1782362063.8121846,0.00209808349609375
293975,normal,1054,0,1782362063.814103,0.0019183158874511719
293976,normal,2105,0,1782362063.8160703,0.0019674301147460938
293977,normal,1682,0,1782362063.8181765,0.002106189727783203
293978,normal,2967,0,1782362063.8201225,0.0019459724426269531
293979,normal,187,0,1782362063.8220625,0.001940011978149414
293980,normal,2604,0,1782362063.824126,0.0020635128021240234
293981,normal,1188,0,1782362063.8261094,0.0019834041595458984
293982,normal,1359,1,1782362063.8280768,0.0019674301147460938
293983,normal,1889,0,1782362063.8300548,0.0019779205322265625
293984,normal,3262,1,1782362063.832102,0.002047300338745117
293985,normal,452,0,1782362063.8342164,0.0021142959594726562
293986,normal,2945,0,1782362063.8360143,0.0017979145050048828
293987,normal,2905,0,1782362063.838114,0.002099752426147461
293988,normal,517,0,1782362063.8400705,0.001956462860107422
293989,normal,1856,0,1782362063.8422618,0.002191305160522461
293990,normal,2831,0,1782362063.844113,0.0018513202667236328
293991,normal,2196,0,1782362063.8460107,0.001897573471069336
293992,normal,1455,0,1782362063.8481116,0.0021009445190429688
293993,normal,3084,1,1782362063.8500943,0.0019826889038085938
293994,normal,1815,0,1782362063.8520243,0.0019299983978271484
293995,normal,1138,0,1782362063.8540676,0.0020432472229003906
293996,normal,661,0,1782362063.8561091,0.0020415782928466797
293997,normal,2751,0,1782362063.8580303,0.0019211769104003906
293998,normal,895,2,1782362063.860064,0.002033710479736328
293999,normal,2414,0,1782362063.8621082,0.002044200897216797
294000,normal,1649,0,1782362063.8640535,0.0019452571868896484
294001,normal,2734,0,1782362063.8660927,0.002039194107055664
294002,normal,3333,1,1782362063.8681068,0.00201416015625
294003,normal,1558,0,1782362063.8700545,0.001947641372680664
294004,normal,2482,0,1782362063.8720934,0.0020389556884765625
294005,normal,3214,1,1782362063.8742657,0.002172231674194336
294006,normal,2139,0,1782362063.876074,0.0018084049224853516
294007,normal,402,0,1782362063.8782132,0.0021390914916992188
294008,normal,1079,0,1782362063.8801541,0.0019409656524658203
294009,normal,1145,0,1782362063.88203,0.0018758773803710938
294010,normal,972,2,1782362063.884064,0.0020339488983154297
294011,normal,242,0,1782362063.8860965,0.0020325183868408203
294012,normal,3470,0,1782362063.8880281,0.0019316673278808594
294013,normal,6,0,1782362063.8900635,0.002035379409790039
294014,normal,1925,0,1782362063.8920965,0.0020329952239990234
294015,normal,2965,0,1782362063.8940306,0.001934051513671875
294016,normal,1268,0,1782362063.8960667,0.0020360946655273438
294017,normal,47,0,1782362063.898103,0.0020363330841064453
294018,normal,1540,0,1782362063.9000285,0.0019254684448242188
294019,normal,1125,0,1782362063.902066,0.002037525177001953
294020,normal,3481,0,1782362063.9040952,0.0020291805267333984
294021,normal,1032,0,1782362063.9060273,0.0019321441650390625
294022,normal,2605,0,1782362063.908066,0.002038717269897461
294023,normal,2470,0,1782362063.910097,0.0020308494567871094
294024,normal,3037,0,1782362063.9120274,0.0019304752349853516
294025,normal,2281,0,1782362063.9140642,0.0020368099212646484
294026,normal,250,0,1782362063.9160948,0.002030611038208008
294027,normal,2056,0,1782362063.9180279,0.0019330978393554688
294028,normal,3240,1,1782362063.9200647,0.0020368099212646484
294029,normal,763,0,1782362063.922097,0.0020322799682617188
294030,normal,313,0,1782362063.9240272,0.00193023681640625
294031,normal,1680,0,1782362063.9260666,0.0020394325256347656
294032,normal,1134,0,1782362063.9280975,0.0020308494567871094
294033,normal,2178,0,1782362063.930028,0.0019304752349853516
294034,normal,2585,0,1782362063.9320707,0.0020427703857421875
294035,normal,2224,0,1782362063.9340954,0.0020246505737304688
294036,normal,1705,0,1782362063.9360325,0.0019371509552001953
294037,normal,2662,0,1782362063.9380715,0.0020389556884765625
294038,normal,14,0,1782362063.9400954,0.002023935317993164
294039,normal,1645,0,1782362063.9420297,0.0019342899322509766
294040,normal,1886,0,1782362063.944065,0.002035379409790039
294041,normal,2295,0,1782362063.9462593,0.0021941661834716797
294042,normal,2266,0,1782362063.9480786,0.0018193721771240234
294043,normal,3699,0,1782362063.9502652,0.0021865367889404297
294044,normal,534,0,1782362063.95224,0.001974821090698242
294045,normal,2596,0,1782362063.9540708,0.0018308162689208984
294046,normal,998,2,1782362063.9562376,0.002166748046875
294047,normal,2886,0,1782362063.9582343,0.001996755599975586
294048,normal,315,0,1782362063.9600697,0.0018353462219238281
294049,normal,3659,0,1782362063.9622557,0.0021860599517822266
294050,normal,651,0,1782362063.9641042,0.001848459243774414
294051,normal,330,0,1782362063.9660175,0.001913309097290039
294052,normal,2134,0,1782362063.9682348,0.0022172927856445312
294053,normal,741,0,1782362063.9701238,0.0018889904022216797
294054,normal,3310,1,1782362063.972065,0.0019412040710449219
294055,normal,456,0,1782362063.974077,0.002012014389038086
294056,normal,2534,0,1782362063.9761271,0.002050161361694336
294057,normal,1834,0,1782362063.978057,0.0019297599792480469
294058,normal,3380,1,1782362063.9801314,0.0020744800567626953
294059,normal,2330,0,1782362063.9820762,0.0019447803497314453
294060,normal,75,0,1782362063.984019,0.0019428730010986328
294061,normal,433,0,1782362063.9860785,0.002059459686279297
294062,normal,1684,0,1782362063.9880853,0.0020067691802978516
294063,normal,271,0,1782362063.990063,0.001977682113647461
294064,normal,2085,0,1782362063.9920979,0.002034902572631836
294065,normal,193,0,1782362063.9940662,0.0019683837890625
294066,normal,1309,0,1782362063.9960675,0.0020012855529785156
294067,normal,1502,0,1782362063.998105,0.002037525177001953
294068,normal,1747,0,1782362064.0000973,0.0019922256469726562
294069,normal,722,0,1782362064.0022082,0.0021109580993652344
294070,normal,1769,0,1782362064.0040653,0.0018570423126220703
294071,normal,1666,0,1782362064.0061157,0.0020503997802734375
294072,normal,2631,0,1782362064.008208,0.0020923614501953125
294073,normal,1843,0,1782362064.010071,0.0018630027770996094
294074,normal,605,0,1782362064.012095,0.002023935317993164
294075,normal,715,0,1782362064.0142128,0.0021178722381591797
294076,normal,2957,0,1782362064.0160685,0.001855611801147461
294077,normal,126,0,1782362064.0180929,0.002024412155151367
294078,normal,2231,0,1782362064.0202072,0.0021142959594726562
294079,normal,2802,0,1782362064.0220668,0.0018596649169921875
294080,normal,3613,0,1782362064.0241024,0.0020356178283691406
294081,normal,689,0,1782362064.0262065,0.002104043960571289
294082,normal,3514,0,1782362064.0280716,0.0018651485443115234
294083,normal,2472,0,1782362064.030091,0.0020194053649902344
294084,normal,2887,0,1782362064.0322084,0.0021173954010009766
294085,normal,2902,0,1782362064.0340664,0.0018579959869384766
294086,normal,1833,0,1782362064.0360925,0.002026081085205078
294087,normal,31,0,1782362064.0382097,0.002117156982421875
294088,normal,3318,1,1782362064.0402067,0.0019969940185546875
294089,normal,2025,0,1782362064.0422757,0.0020689964294433594
294090,normal,188,0,1782362064.044084,0.0018084049224853516
294091,normal,3167,1,1782362064.0461316,0.0020475387573242188
294092,normal,214,0,1782362064.0481577,0.002026081085205078
294093,normal,2460,0,1782362064.05003,0.0018723011016845703
294094,normal,408,0,1782362064.0520642,0.0020341873168945312
294095,normal,1423,0,1782362064.0541098,0.0020456314086914062
294096,normal,1156,0,1782362064.0560284,0.0019185543060302734
294097,normal,3675,0,1782362064.0580654,0.00203704833984375
294098,normal,1735,0,1782362064.0601027,0.0020372867584228516
294099,normal,889,2,1782362064.0620298,0.0019271373748779297
294100,normal,2350,0,1782362064.0640666,0.0020368099212646484
294101,normal,3403,0,1782362064.0661001,0.0020334720611572266
294102,normal,1907,0,1782362064.0680282,0.001928091049194336
294103,normal,2973,0,1782362064.0700674,0.002039194107055664
294104,normal,1613,0,1782362064.0720966,0.0020291805267333984
294105,normal,804,2,1782362064.074028,0.0019314289093017578
294106,normal,1472,0,1782362064.0760698,0.0020418167114257812
294107,normal,1220,0,1782362064.0780942,0.002024412155151367
294108,normal,3365,1,1782362064.08003,0.001935720443725586
294109,normal,2392,0,1782362064.0820658,0.002035856246948242
294110,normal,1339,1,1782362064.0840976,0.0020318031311035156
294111,normal,3328,1,1782362064.086029,0.0019314289093017578
294112,normal,279,0,1782362064.0880644,0.002035379409790039
294113,normal,3355,1,1782362064.0900927,0.002028226852416992
294114,normal,1271,0,1782362064.0920336,0.0019409656524658203
294115,normal,660,0,1782362064.0940661,0.0020325183868408203
294116,normal,2981,0,1782362064.0960965,0.0020303726196289062
294117,normal,237,0,1782362064.0980265,0.0019299983978271484
294118,normal,3075,1,1782362064.100064,0.002037525177001953
294119,normal,3149,1,1782362064.1020975,0.0020334720611572266
294120,normal,2453,0,1782362064.1040282,0.0019307136535644531
294121,normal,2984,0,1782362064.1060662,0.0020380020141601562
294122,normal,3239,1,1782362064.1080947,0.0020284652709960938
294123,normal,439,0,1782362064.1100261,0.0019314289093017578
294124,normal,1842,0,1782362064.1120644,0.002038240432739258
294125,normal,2856,0,1782362064.1140964,0.002032041549682617
294126,normal,345,0,1782362064.1160269,0.0019304752349853516
294127,normal,2445,0,1782362064.1180706,0.0020437240600585938
294128,normal,1046,0,1782362064.1200953,0.0020246505737304688
294129,normal,2783,0,1782362064.1220288,0.0019335746765136719
294130,normal,1852,0,1782362064.124064,0.0020351409912109375
294131,normal,504,0,1782362064.126098,0.0020339488983154297
294132,normal,1640,0,1782362064.1280274,0.0019295215606689453
294133,normal,3233,1,1782362064.1300619,0.002034425735473633
294134,normal,3674,0,1782362064.1321006,0.002038717269897461
294135,normal,1778,0,1782362064.1340277,0.0019271373748779297
294136,normal,1070,0,1782362064.1360655,0.0020377635955810547
294137,normal,400,0,1782362064.138096,0.002030611038208008
294138,normal,557,0,1782362064.140032,0.0019359588623046875
294139,normal,1641,0,1782362064.1431768,0.0031447410583496094
294140,normal,3460,0,1782362064.1440732,0.000896453857421875
294141,normal,2813,0,1782362064.146028,0.001954793930053711
294142,normal,1903,0,1782362064.1480637,0.0020356178283691406
294143,normal,16,0,1782362064.150097,0.002033233642578125
294144,normal,2207,0,1782362064.1520276,0.0019307136535644531
294145,normal,46,0,1782362064.1540642,0.002036571502685547
294146,normal,265,0,1782362064.1560936,0.0020294189453125
294147,normal,3320,1,1782362064.158028,0.0019342899322509766
294148,normal,3008,0,1782362064.160065,0.00203704833984375
294149,normal,2659,0,1782362064.1620982,0.002033233642578125
294150,normal,2722,0,1782362064.1640263,0.001928091049194336
294151,normal,342,0,1782362064.1660638,0.002037525177001953
294152,normal,411,0,1782362064.1682544,0.0021905899047851562
294153,normal,811,2,1782362064.1700504,0.0017960071563720703
294154,normal,794,2,1782362064.172024,0.0019736289978027344
294155,normal,3511,0,1782362064.1741104,0.0020864009857177734
294156,normal,372,0,1782362064.1760201,0.0019097328186035156
294157,normal,638,0,1782362064.1780834,0.002063274383544922
294158,normal,2952,0,1782362064.180085,0.002001523971557617
294159,normal,2359,0,1782362064.182021,0.0019359588623046875
294160,normal,814,2,1782362064.1840801,0.0020592212677001953
294161,normal,3156,1,1782362064.186089,0.0020089149475097656
294162,normal,724,0,1782362064.1880543,0.0019652843475341797
294163,normal,2650,0,1782362064.190094,0.002039670944213867
294164,normal,277,0,1782362064.1921206,0.0020265579223632812
294165,normal,3581,0,1782362064.1940234,0.0019028186798095703
294166,normal,1195,0,1782362064.196116,0.002092599868774414
294167,normal,2269,0,1782362064.1981118,0.0019958019256591797
294168,normal,925,2,1782362064.2000177,0.0019059181213378906
294169,normal,478,0,1782362064.2021158,0.00209808349609375
294170,normal,923,2,1782362064.20412,0.0020041465759277344
294171,normal,3308,1,1782362064.206018,0.001898050308227539
294172,normal,2889,0,1782362064.2081168,0.0020987987518310547
294173,normal,2675,0,1782362064.2101157,0.0019989013671875
294174,normal,989,2,1782362064.212018,0.0019023418426513672
294175,normal,2456,0,1782362064.2141168,0.0020987987518310547
294176,normal,261,0,1782362064.2161067,0.0019898414611816406
294177,normal,290,0,1782362064.2180169,0.0019102096557617188
294178,normal,2336,0,1782362064.220125,0.0021080970764160156
294179,normal,115,0,1782362064.2221203,0.0019953250885009766
294180,normal,3503,0,1782362064.2241948,0.0020744800567626953
294181,normal,1557,0,1782362064.2261345,0.0019397735595703125
294182,normal,2979,0,1782362064.2280715,0.0019369125366210938
294183,normal,2156,0,1782362064.2300568,0.001985311508178711
294184,normal,3299,1,1782362064.2320359,0.0019791126251220703
294185,normal,2155,0,1782362064.2339828,0.0019469261169433594
294186,normal,621,0,1782362064.236023,0.0020401477813720703
294187,normal,462,0,1782362064.2381475,0.0021245479583740234
294188,normal,161,0,1782362064.2400074,0.001859903335571289
294189,normal,2080,0,1782362064.2420533,0.002045869827270508
294190,normal,2112,0,1782362064.2440314,0.001978158950805664
294191,normal,1065,0,1782362064.2461526,0.0021212100982666016
294192,normal,241,0,1782362064.2480881,0.0019354820251464844
294193,normal,2390,0,1782362064.2500758,0.0019876956939697266
294194,normal,2158,0,1782362064.2521973,0.002121448516845703
294195,normal,122,0,1782362064.2541409,0.0019435882568359375
294196,normal,1514,0,1782362064.2561243,0.0019834041595458984
294197,normal,1506,0,1782362064.2581785,0.0020542144775390625
294198,normal,1853,0,1782362064.26015,0.0019714832305908203
294199,normal,3313,1,1782362064.2621386,0.001988649368286133
294200,normal,669,0,1782362064.264186,0.002047300338745117
294201,normal,264,0,1782362064.2661595,0.0019736289978027344
294202,normal,3111,1,1782362064.2681422,0.0019826889038085938
294203,normal,1279,0,1782362064.2701879,0.0020456314086914062
294204,normal,1873,0,1782362064.2721412,0.0019533634185791016
294205,normal,2399,0,1782362064.274126,0.001984834671020508
294206,normal,1617,0,1782362064.27618,0.002053976058959961
294207,normal,1534,0,1782362064.2780268,0.0018467903137207031
294208,normal,1458,0,1782362064.2802162,0.0021893978118896484
294209,normal,2670,0,1782362064.2823021,0.0020859241485595703
294210,normal,1074,0,1782362064.2842314,0.0019292831420898438
294211,normal,2755,0,1782362064.286099,0.001867532730102539
294212,normal,100,0,1782362064.2881763,0.002077341079711914
294213,normal,3184,1,1782362064.2900999,0.0019235610961914062
294214,normal,2409,0,1782362064.2921457,0.002045869827270508
294215,normal,283,0,1782362064.2941666,0.0020208358764648438
294216,normal,1829,0,1782362064.2961786,0.002012014389038086
294217,normal,2396,0,1782362064.2981727,0.0019941329956054688
294218,normal,1135,0,1782362064.300143,0.0019702911376953125
294219,normal,2360,0,1782362064.3021452,0.002002239227294922
294220,normal,1078,0,1782362064.3040774,0.0019321441650390625
294221,normal,2859,0,1782362064.3061912,0.002113819122314453
294222,normal,2874,0,1782362064.308151,0.0019598007202148438
294223,normal,1620,0,1782362064.3100672,0.0019161701202392578
294224,normal,783,2,1782362064.3121312,0.0020639896392822266
294225,normal,2326,0,1782362064.3140657,0.0019345283508300781
294226,normal,675,0,1782362064.316051,0.001985311508178711
294227,normal,2829,0,1782362064.3180609,0.002009868621826172
294228,normal,2817,0,1782362064.3201385,0.0020775794982910156
294229,normal,1998,0,1782362064.3222194,0.0020809173583984375
294230,normal,1513,0,1782362064.3240185,0.0017991065979003906
294231,normal,1920,0,1782362064.3260357,0.0020172595977783203
294232,normal,3574,0,1782362064.3280175,0.0019817352294921875
294233,normal,1708,0,1782362064.3300343,0.002016782760620117
294234,normal,2794,0,1782362064.3320591,0.0020248889923095703
294235,normal,779,2,1782362064.3341372,0.0020780563354492188
294236,normal,3504,0,1782362064.3361712,0.0020339488983154297
294237,normal,1610,0,1782362064.3381271,0.0019559860229492188
294238,normal,2996,0,1782362064.3400102,0.0018830299377441406
294239,normal,2810,0,1782362064.3421378,0.0021276473999023438
294240,normal,965,2,1782362064.344089,0.0019512176513671875
294241,normal,2116,0,1782362064.346,0.0019109249114990234
294242,normal,2203,0,1782362064.3479996,0.0019996166229248047
294243,normal,2280,0,1782362064.350103,0.0021033287048339844
294244,normal,2702,0,1782362064.3520906,0.0019876956939697266
294245,normal,157,0,1782362064.3540685,0.0019779205322265625
294246,normal,3452,0,1782362064.3562663,0.002197742462158203
294247,normal,2088,0,1782362064.358106,0.0018396377563476562
294248,normal,2183,0,1782362064.360297,0.0021910667419433594
294249,normal,3237,1,1782362064.3621013,0.001804351806640625
294250,normal,912,2,1782362064.3641078,0.00200653076171875
294251,normal,777,2,1782362064.3663135,0.0022056102752685547
294252,normal,1701,0,1782362064.3680494,0.0017359256744384766
294253,normal,1328,1,1782362064.3701305,0.002081155776977539
294254,normal,2764,0,1782362064.372013,0.0018825531005859375
294255,normal,2879,0,1782362064.3741655,0.0021524429321289062
294256,normal,88,0,1782362064.3761492,0.001983642578125
294257,normal,1194,0,1782362064.3780262,0.0018770694732666016
294258,normal,3427,0,1782362064.3801057,0.002079486846923828
294259,normal,569,0,1782362064.382132,0.0020263195037841797
294260,normal,2458,0,1782362064.3841789,0.002046823501586914
294261,normal,590,0,1782362064.3863473,0.002168416976928711
294262,normal,3376,1,1782362064.388094,0.0017466545104980469
294263,normal,2753,0,1782362064.3903043,0.002210378646850586
294264,normal,1703,0,1782362064.3920958,0.0017914772033691406
294265,normal,3091,1,1782362064.3941135,0.0020177364349365234
294266,normal,700,0,1782362064.3963041,0.0021905899047851562
294267,normal,3000,0,1782362064.3980258,0.0017216205596923828
294268,normal,2451,0,1782362064.400238,0.0022122859954833984
294269,normal,1277,0,1782362064.4021354,0.0018973350524902344
294270,normal,773,2,1782362064.4041128,0.0019774436950683594
294271,normal,2740,0,1782362064.4061198,0.002007007598876953
294272,normal,2126,0,1782362064.4081838,0.0020639896392822266
294273,normal,1357,1,1782362064.410031,0.0018472671508789062
294274,normal,346,0,1782362064.4121711,0.002140045166015625
294275,normal,3090,1,1782362064.4141285,0.001957416534423828
294276,normal,1460,0,1782362064.4161334,0.002004861831665039
294277,normal,524,0,1782362064.418087,0.001953601837158203
294278,normal,1056,0,1782362064.4201818,0.002094745635986328
294279,normal,2240,0,1782362064.4220293,0.0018475055694580078
294280,normal,2496,0,1782362064.4242365,0.0022072792053222656
294281,normal,2574,0,1782362064.426142,0.0019054412841796875
294282,normal,1086,0,1782362064.4280648,0.0019228458404541016
294283,normal,1954,0,1782362064.4301996,0.0021347999572753906
294284,normal,975,2,1782362064.432181,0.0019812583923339844
294285,normal,3616,0,1782362064.4340334,0.0018525123596191406
294286,normal,3193,1,1782362064.4361393,0.0021059513092041016
294287,normal,625,0,1782362064.4381254,0.0019860267639160156
294288,normal,3671,0,1782362064.4401927,0.0020673274993896484
294289,normal,2110,0,1782362064.4420314,0.00183868408203125
294290,normal,1071,0,1782362064.4441793,0.0021479129791259766
294291,normal,3126,1,1782362064.4460006,0.001821279525756836
294292,normal,3157,1,1782362064.448191,0.0021903514862060547
294293,normal,3339,1,1782362064.450199,0.0020079612731933594
294294,normal,2079,0,1782362064.4521203,0.0019214153289794922
294295,normal,727,0,1782362064.4542067,0.0020864009857177734
294296,normal,3169,1,1782362064.4560344,0.0018277168273925781
294297,normal,1585,0,1782362064.4581964,0.0021619796752929688
294298,normal,1723,0,1782362064.4600604,0.0018639564514160156
294299,normal,332,0,1782362064.4622245,0.002164125442504883
294300,normal,1152,0,1782362064.464034,0.0018095970153808594
294301,normal,3479,0,1782362064.466253,0.002218961715698242
294302,normal,2138,0,1782362064.4680858,0.001832723617553711
294303,normal,3187,1,1782362064.4702644,0.002178668975830078
294304,normal,3212,1,1782362064.4720755,0.0018110275268554688
294305,normal,2938,0,1782362064.4742026,0.0021271705627441406
294306,normal,2165,0,1782362064.4761274,0.001924753189086914
294307,normal,2090,0,1782362064.4781368,0.0020093917846679688
294308,normal,1496,0,1782362064.4801633,0.0020265579223632812
294309,normal,1104,0,1782362064.4820738,0.0019104480743408203
294310,normal,1368,1,1782362064.4840953,0.0020215511322021484
294311,normal,720,0,1782362064.48612,0.0020246505737304688
294312,normal,1884,0,1782362064.488001,0.0018811225891113281
294313,normal,1823,0,1782362064.4901505,0.002149343490600586
294314,normal,990,2,1782362064.4921076,0.0019571781158447266
294315,normal,3444,0,1782362064.4939961,0.0018885135650634766
294316,normal,2711,0,1782362064.4961023,0.002106189727783203
294317,normal,2896,0,1782362064.4980776,0.0019752979278564453
294318,normal,2739,0,1782362064.5000982,0.002020597457885742
294319,normal,2689,0,1782362064.5019698,0.0018715858459472656
294320,normal,3029,0,1782362064.5040948,0.0021250247955322266
294321,normal,893,2,1782362064.5059774,0.0018825531005859375
294322,normal,1141,0,1782362064.5080671,0.0020897388458251953
294323,normal,1500,0,1782362064.5101273,0.0020601749420166016
294324,normal,3580,0,1782362064.5120761,0.0019488334655761719
294325,normal,2523,0,1782362064.5141442,0.002068042755126953
294326,normal,3050,1,1782362064.5161767,0.0020325183868408203
294327,normal,1953,0,1782362064.5180116,0.001834869384765625
294328,normal,1280,0,1782362064.5201676,0.0021560192108154297
294329,normal,1479,0,1782362064.5221255,0.0019578933715820312
294330,normal,1932,0,1782362064.523996,0.0018706321716308594
294331,normal,903,2,1782362064.5261014,0.002105236053466797
294332,normal,2815,0,1782362064.5281003,0.0019989013671875
294333,normal,1160,0,1782362064.5300004,0.0019001960754394531
294334,normal,423,0,1782362064.5321221,0.0021216869354248047
294335,normal,2743,0,1782362064.5341103,0.0019881725311279297
294336,normal,251,0,1782362064.536053,0.0019426345825195312
294337,normal,3278,1,1782362064.5380955,0.002042531967163086
294338,normal,2834,0,1782362064.540225,0.0021295547485351562
294339,normal,1468,0,1782362064.5422015,0.001976490020751953
294340,normal,327,0,1782362064.5440252,0.0018236637115478516
294341,normal,936,2,1782362064.5461097,0.002084493637084961
294342,normal,3632,0,1782362064.5480375,0.0019278526306152344
294343,normal,559,0,1782362064.5501213,0.0020837783813476562
294344,normal,2897,0,1782362064.5521774,0.002056121826171875
294345,normal,588,0,1782362064.5540342,0.0018568038940429688
294346,normal,3531,0,1782362064.556159,0.002124786376953125
294347,normal,1923,0,1782362064.558131,0.0019719600677490234
294348,normal,716,0,1782362064.560092,0.0019609928131103516
294349,normal,320,0,1782362064.56203,0.0019381046295166016
294350,normal,3522,0,1782362064.5641284,0.0020983219146728516
294351,normal,3621,0,1782362064.5660052,0.0018768310546875
294352,normal,2931,0,1782362064.5681803,0.0021750926971435547
294353,normal,186,0,1782362064.5701277,0.0019474029541015625
294354,normal,395,0,1782362064.5720627,0.0019350051879882812
294355,normal,610,0,1782362064.5740983,0.0020356178283691406
294356,normal,2504,0,1782362064.5761948,0.002096414566040039
294357,normal,2651,0,1782362064.578011,0.0018162727355957031
294358,normal,1806,0,1782362064.5802464,0.00223541259765625
294359,normal,1656,0,1782362064.5821538,0.0019073486328125
294360,normal,415,0,1782362064.5840294,0.0018756389617919922
294361,normal,1069,0,1782362064.5863245,0.0022950172424316406
294362,normal,3543,0,1782362064.5883784,0.002053976058959961
294363,normal,3489,0,1782362064.590029,0.0016505718231201172
294364,normal,3411,0,1782362064.5921445,0.002115488052368164
294365,normal,1553,0,1782362064.5941253,0.0019807815551757812
294366,normal,1592,0,1782362064.5960088,0.0018835067749023438
294367,normal,3657,0,1782362064.598003,0.0019941329956054688
294368,normal,1383,0,1782362064.6000788,0.0020759105682373047
294369,normal,1539,0,1782362064.6019971,0.0019183158874511719
294370,normal,364,0,1782362064.6040947,0.002097606658935547
294371,normal,3683,0,1782362064.6061215,0.002026796340942383
294372,normal,3688,0,1782362064.608081,0.001959562301635742
294373,normal,2538,0,1782362064.610062,0.0019807815551757812
294374,normal,3303,1,1782362064.6121407,0.0020787715911865234
294375,normal,2518,0,1782362064.6140575,0.0019168853759765625
294376,normal,1287,0,1782362064.6161213,0.002063751220703125
294377,normal,1434,0,1782362064.6181924,0.0020711421966552734
294378,normal,2514,0,1782362064.620023,0.0018305778503417969
294379,normal,788,2,1782362064.6220174,0.0019943714141845703
294380,normal,937,2,1782362064.6241448,0.002127408981323242
294381,normal,2042,0,1782362064.6260216,0.0018768310546875
294382,normal,1501,0,1782362064.6280842,0.002062559127807617
294383,normal,1790,0,1782362064.630132,0.0020477771759033203
294384,normal,306,0,1782362064.632062,0.0019299983978271484
294385,normal,324,0,1782362064.6340983,0.0020363330841064453
294386,normal,1670,0,1782362064.6361356,0.0020372867584228516
294387,normal,3437,0,1782362064.6380007,0.0018651485443115234
294388,normal,1654,0,1782362064.640181,0.002180337905883789
294389,normal,2941,0,1782362064.6421611,0.0019800662994384766
294390,normal,594,0,1782362064.6440527,0.0018916130065917969
294391,normal,3292,1,1782362064.6461768,0.0021240711212158203
294392,normal,2994,0,1782362064.6481988,0.0020220279693603516
294393,normal,1628,0,1782362064.6501114,0.0019125938415527344
294394,normal,2796,0,1782362064.652228,0.002116680145263672
294395,normal,3405,0,1782362064.654152,0.0019237995147705078
294396,normal,3198,1,1782362064.6561852,0.002033233642578125
294397,normal,2628,0,1782362064.6580791,0.0018939971923828125
294398,normal,2909,0,1782362064.6602297,0.0021505355834960938
294399,normal,2071,0,1782362064.662038,0.0018084049224853516
294400,normal,3463,0,1782362064.6641543,0.0021162033081054688
294401,normal,1445,0,1782362064.666213,0.002058744430541992
294402,normal,1058,0,1782362064.668218,0.002004861831665039
294403,normal,2729,0,1782362064.670124,0.0019061565399169922
294404,normal,790,2,1782362064.672321,0.0021970272064208984
294405,normal,74,0,1782362064.6741753,0.0018541812896728516
294406,normal,705,0,1782362064.676166,0.001990795135498047
294407,normal,1045,0,1782362064.6783009,0.0021347999572753906
294408,normal,1638,0,1782362064.6802046,0.0019037723541259766
294409,normal,171,0,1782362064.6821463,0.001941680908203125
294410,normal,3519,0,1782362064.6841445,0.0019981861114501953
294411,normal,2060,0,1782362064.6860383,0.001893758773803711
294412,normal,2835,0,1782362064.6881518,0.0021135807037353516
294413,normal,3464,0,1782362064.690245,0.002093076705932617
294414,normal,2191,0,1782362064.6920474,0.0018024444580078125
294415,normal,1530,0,1782362064.6941066,0.0020592212677001953
294416,normal,547,0,1782362064.6961372,0.002030611038208008
294417,normal,427,0,1782362064.6980124,0.001875162124633789
294418,normal,1760,0,1782362064.700568,0.0025556087493896484
294419,normal,28,0,1782362064.702286,0.0017180442810058594
294420,normal,3576,0,1782362064.7042463,0.001960277557373047
294421,normal,2784,0,1782362064.7060664,0.0018200874328613281
294422,normal,2436,0,1782362064.708229,0.0021626949310302734
294423,normal,931,2,1782362064.7100701,0.0018410682678222656
294424,normal,2205,0,1782362064.7122874,0.0022172927856445312
294425,normal,556,0,1782362064.7140815,0.0017940998077392578
294426,normal,2677,0,1782362064.7161677,0.002086162567138672
294427,normal,2148,0,1782362064.7180386,0.001870870590209961
294428,normal,1062,0,1782362064.7201672,0.00212860107421875
294429,normal,3611,0,1782362064.7220235,0.0018563270568847656
294430,normal,103,0,1782362064.7242055,0.0021820068359375
294431,normal,419,0,1782362064.7262654,0.0020599365234375
294432,normal,3462,0,1782362064.7280583,0.00179290771484375
294433,normal,2403,0,1782362064.7301967,0.002138376235961914
294434,normal,836,2,1782362064.7322223,0.002025604248046875
294435,normal,2893,0,1782362064.7340748,0.0018525123596191406
294436,normal,1839,0,1782362064.736243,0.0021681785583496094
294437,normal,997,2,1782362064.738193,0.0019500255584716797
294438,normal,2227,0,1782362064.7401247,0.0019316673278808594
294439,normal,2954,0,1782362064.7432039,0.0030791759490966797
294440,normal,177,0,1782362064.7442942,0.0010902881622314453
294441,normal,311,0,1782362064.746814,0.002519845962524414
294442,normal,3703,0,1782362064.7481356,0.001321554183959961
294443,normal,3147,1,1782362064.7502491,0.0021135807037353516
294444,normal,358,0,1782362064.7520585,0.0018093585968017578
294445,normal,55,0,1782362064.7542584,0.002199888229370117
294446,normal,810,2,1782362064.7560885,0.0018301010131835938
294447,normal,2828,0,1782362064.7581475,0.0020589828491210938
294448,normal,797,2,1782362064.7600732,0.0019257068634033203
294449,normal,1870,0,1782362064.762234,0.002160787582397461
294450,normal,2101,0,1782362064.7640326,0.0017986297607421875
294451,normal,281,0,1782362064.7662163,0.002183675765991211
294452,normal,527,0,1782362064.7681818,0.0019655227661132812
294453,normal,2731,0,1782362064.7702072,0.0020253658294677734
294454,normal,0,0,1782362064.7720563,0.0018491744995117188
294455,normal,2087,0,1782362064.7742684,0.002212047576904297
294456,normal,3377,1,1782362064.7760787,0.001810312271118164
294457,normal,1992,0,1782362064.7782404,0.002161741256713867
294458,normal,93,0,1782362064.7801676,0.0019271373748779297
294459,normal,955,2,1782362064.7821472,0.0019795894622802734
294460,normal,3624,0,1782362064.7840688,0.0019216537475585938
294461,normal,622,0,1782362064.7861862,0.0021173954010009766
294462,normal,754,0,1782362064.7880545,0.0018682479858398438
294463,normal,1566,0,1782362064.7901769,0.0021224021911621094
294464,normal,3708,0,1782362064.7922049,0.0020279884338378906
294465,normal,1148,0,1782362064.794064,0.0018591880798339844
294466,normal,2168,0,1782362064.7962332,0.0021691322326660156
294467,normal,3031,0,1782362064.798129,0.001895904541015625
294468,normal,1398,0,1782362064.8001425,0.0020134449005126953
294469,normal,3127,1,1782362064.8020668,0.001924276351928711
294470,normal,3374,1,1782362064.8042362,0.002169370651245117
294471,normal,3509,0,1782362064.8060153,0.0017790794372558594
294472,normal,2187,0,1782362064.808138,0.002122640609741211
294473,normal,3358,1,1782362064.8100584,0.001920461654663086
294474,normal,3295,1,1782362064.8121345,0.0020761489868164062
294475,normal,1431,0,1782362064.8140352,0.0019006729125976562
294476,normal,3058,1,1782362064.8161273,0.002092123031616211
294477,normal,492,0,1782362064.8179984,0.0018711090087890625
294478,normal,3022,0,1782362064.820114,0.002115488052368164
294479,normal,69,0,1782362064.822053,0.0019390583038330078
294480,normal,2248,0,1782362064.8240871,0.0020341873168945312
294481,normal,3630,0,1782362064.8260832,0.0019960403442382812
294482,normal,2464,0,1782362064.8281014,0.0020182132720947266
294483,normal,782,2,1782362064.8301733,0.002071857452392578
294484,normal,1681,0,1782362064.8320694,0.0018961429595947266
294485,normal,2127,0,1782362064.8341687,0.002099275588989258
294486,normal,946,2,1782362064.836087,0.0019183158874511719
294487,normal,3158,1,1782362064.8381689,0.0020818710327148438
294488,normal,3163,1,1782362064.84008,0.001911163330078125
294489,normal,1318,0,1782362064.8421612,0.002081155776977539
294490,normal,1231,0,1782362064.8441992,0.0020380020141601562
294491,normal,2342,0,1782362064.8460221,0.0018229484558105469
294492,normal,639,0,1782362064.8480878,0.0020656585693359375
294493,normal,2705,0,1782362064.8500135,0.0019257068634033203
294494,normal,2062,0,1782362064.8521178,0.0021042823791503906
294495,normal,2384,0,1782362064.8540788,0.0019609928131103516
294496,normal,2415,0,1782362064.8560283,0.0019495487213134766
294497,normal,62,0,1782362064.8580327,0.002004384994506836
294498,normal,803,2,1782362064.8600264,0.0019936561584472656
294499,normal,2911,0,1782362064.8621829,0.002156496047973633
294500,normal,3680,0,1782362064.864307,0.0021240711212158203
294501,normal,3435,0,1782362064.8660607,0.0017538070678710938
294502,normal,1644,0,1782362064.8681402,0.002079486846923828
294503,normal,40,0,1782362064.870141,0.0020008087158203125
294504,normal,3480,0,1782362064.8721585,0.002017498016357422
294505,normal,1848,0,1782362064.8742158,0.002057313919067383
294506,normal,1111,0,1782362064.8762026,0.0019867420196533203
294507,normal,2225,0,1782362064.8780708,0.0018682479858398438
294508,normal,1066,0,1782362064.8801312,0.002060413360595703
294509,normal,2746,0,1782362064.8822513,0.0021200180053710938
294510,normal,2520,0,1782362064.8841758,0.0019245147705078125
294511,normal,2955,0,1782362064.886151,0.0019752979278564453
294512,normal,868,2,1782362064.8883152,0.002164125442504883
294513,normal,1722,0,1782362064.8902576,0.0019423961639404297
294514,normal,2975,0,1782362064.8922434,0.001985788345336914
294515,normal,3020,0,1782362064.894246,0.002002716064453125
294516,normal,1655,0,1782362064.8963342,0.0020880699157714844
294517,normal,3030,0,1782362064.8981943,0.0018601417541503906
294518,normal,3586,0,1782362064.900335,0.0021407604217529297
294519,normal,204,0,1782362064.9022992,0.001964092254638672
294520,normal,3243,1,1782362064.9042094,0.0019102096557617188
294521,normal,80,0,1782362064.906462,0.0022525787353515625
294522,normal,1786,0,1782362064.9085727,0.002110719680786133
294523,normal,3134,1,1782362064.9102597,0.0016870498657226562
294524,normal,1483,0,1782362064.9121597,0.0018999576568603516
294525,normal,1315,0,1782362064.9142818,0.002122163772583008
294526,normal,2408,0,1782362064.9161673,0.0018854141235351562
294527,normal,1320,1,1782362064.9182715,0.0021042823791503906
294528,normal,512,0,1782362064.9202192,0.001947641372680664
294529,normal,2142,0,1782362064.9221668,0.001947641372680664
294530,normal,2976,0,1782362064.9242358,0.0020689964294433594
294531,normal,3013,0,1782362064.9262269,0.0019910335540771484
294532,normal,1607,0,1782362064.9281988,0.0019719600677490234
294533,normal,2904,0,1782362064.9302673,0.0020685195922851562
294534,normal,2821,0,1782362064.9321032,0.0018358230590820312
294535,normal,2349,0,1782362064.934165,0.0020618438720703125
294536,normal,757,0,1782362064.9362643,0.002099275588989258
294537,normal,1404,0,1782362064.938194,0.0019297599792480469
294538,normal,3399,1,1782362064.9402723,0.0020782947540283203
294539,normal,2442,0,1782362064.9421065,0.0018341541290283203
294540,normal,2370,0,1782362064.944051,0.0019445419311523438
294541,normal,1205,0,1782362064.9461462,0.0020952224731445312
294542,normal,285,0,1782362064.9480684,0.0019221305847167969
294543,normal,1482,0,1782362064.950065,0.0019965171813964844
294544,normal,549,0,1782362064.952034,0.0019690990447998047
294545,normal,3189,1,1782362064.9540653,0.0020313262939453125
294546,normal,198,0,1782362064.9561205,0.0020551681518554688
294547,normal,1198,0,1782362064.958066,0.00194549560546875
294548,normal,3551,0,1782362064.9601977,0.0021317005157470703
294549,normal,3062,1,1782362064.962039,0.0018413066864013672
294550,normal,3552,0,1782362064.9641654,0.002126455307006836
294551,normal,871,2,1782362064.9661663,0.0020008087158203125
294552,normal,1594,0,1782362064.9680324,0.0018661022186279297
294553,normal,3697,0,1782362064.9702184,0.0021860599517822266
294554,normal,3705,0,1782362064.9720852,0.0018668174743652344
294555,normal,3144,1,1782362064.9744577,0.0023725032806396484
294556,normal,1222,0,1782362064.9760697,0.001611948013305664
294557,normal,615,0,1782362064.9781735,0.0021038055419921875
294558,normal,1158,0,1782362064.9800513,0.0018777847290039062
294559,normal,798,2,1782362064.9821827,0.0021314620971679688
294560,normal,2014,0,1782362064.984168,0.001985311508178711
294561,normal,3402,0,1782362064.9860249,0.0018568038940429688
294562,normal,156,0,1782362064.988149,0.0021240711212158203
294563,normal,1963,0,1782362064.990179,0.0020301342010498047
294564,normal,2583,0,1782362064.992093,0.0019140243530273438
294565,normal,1929,0,1782362064.9942129,0.002119779586791992
294566,normal,1200,0,1782362064.996104,0.0018911361694335938
294567,normal,1208,0,1782362064.9982996,0.002195596694946289
294568,normal,2951,0,1782362065.0002136,0.0019140243530273438
294569,normal,845,2,1782362065.002214,0.0020003318786621094
294570,normal,1068,0,1782362065.004128,0.0019140243530273438
294571,normal,573,0,1782362065.0061736,0.0020456314086914062
294572,normal,284,0,1782362065.0083144,0.0021407604217529297
294573,normal,2767,0,1782362065.0100515,0.0017371177673339844
294574,normal,2051,0,1782362065.0121677,0.0021162033081054688
294575,normal,385,0,1782362065.0141454,0.001977682113647461
294576,normal,1551,0,1782362065.0160146,0.00186920166015625
294577,normal,3625,0,1782362065.0182996,0.002285003662109375
294578,normal,19,0,1782362065.02002,0.001720428466796875
294579,normal,2732,0,1782362065.022142,0.0021219253540039062
294580,normal,239,0,1782362065.024015,0.001873016357421875
294581,normal,3068,1,1782362065.026143,0.002128124237060547
294582,normal,3082,1,1782362065.028524,0.002380847930908203
294583,normal,2750,0,1782362065.0303516,0.0018277168273925781
294584,normal,3161,1,1782362065.0321386,0.001786947250366211
294585,normal,2819,0,1782362065.0341728,0.0020341873168945312
294586,normal,3431,0,1782362065.0360386,0.0018658638000488281
294587,normal,2333,0,1782362065.0381694,0.002130746841430664
294588,normal,2868,0,1782362065.040069,0.00189971923828125
294589,normal,1006,2,1782362065.0422208,0.0021517276763916016
294590,normal,310,0,1782362065.0440354,0.0018146038055419922
294591,normal,1214,0,1782362065.0462027,0.002167224884033203
294592,normal,1293,0,1782362065.04803,0.001827239990234375
294593,normal,591,0,1782362065.0501585,0.00212860107421875
294594,normal,3301,1,1782362065.0520482,0.0018897056579589844
294595,normal,3379,1,1782362065.0541785,0.002130270004272461
294596,normal,1167,0,1782362065.0562005,0.0020220279693603516
294597,normal,2067,0,1782362065.0583603,0.0021598339080810547
294598,normal,147,0,1782362065.0601773,0.0018169879913330078
294599,normal,421,0,1782362065.0622697,0.0020923614501953125
294600,normal,2540,0,1782362065.064154,0.0018842220306396484
294601,normal,1028,2,1782362065.0661411,0.0019872188568115234
294602,normal,1700,0,1782362065.0682187,0.0020775794982910156
294603,normal,3385,1,1782362065.07026,0.002041339874267578
294604,normal,1877,0,1782362065.072269,0.0020089149475097656
294605,normal,1845,0,1782362065.0741937,0.001924753189086914
294606,normal,1593,0,1782362065.0760715,0.0018777847290039062
294607,normal,2634,0,1782362065.0783749,0.0023033618927001953
294608,normal,1689,0,1782362065.0803444,0.001969575881958008
294609,normal,108,0,1782362065.0821133,0.0017688274383544922
294610,normal,3323,1,1782362065.0841975,0.0020842552185058594
294611,normal,117,0,1782362065.086082,0.00188446044921875
294612,normal,513,0,1782362065.088014,0.001931905746459961
294613,normal,1563,0,1782362065.0899944,0.0019805431365966797
294614,normal,3466,0,1782362065.0920541,0.0020596981048583984
294615,normal,1334,1,1782362065.0939944,0.0019402503967285156
294616,normal,2102,0,1782362065.0960808,0.0020864009857177734
294617,normal,2865,0,1782362065.0980828,0.0020020008087158203
294618,normal,1241,0,1782362065.1000538,0.001971006393432617
294619,normal,1988,0,1782362065.1021085,0.0020546913146972656
294620,normal,3583,0,1782362065.1041102,0.0020017623901367188
294621,normal,3670,0,1782362065.1060333,0.0019230842590332031
294622,normal,2430,0,1782362065.108229,0.002195596694946289
294623,normal,1469,0,1782362065.1100972,0.0018682479858398438
294624,normal,325,0,1782362065.1122284,0.002131223678588867
294625,normal,1335,1,1782362065.1141038,0.0018754005432128906
294626,normal,1137,0,1782362065.1161537,0.0020499229431152344
294627,normal,3707,0,1782362065.1180515,0.0018978118896484375
294628,normal,2499,0,1782362065.1201744,0.0021228790283203125
294629,normal,503,0,1782362065.1221762,0.0020017623901367188
294630,normal,567,0,1782362065.12406,0.0018837451934814453
294631,normal,3202,1,1782362065.126213,0.002153158187866211
294632,normal,1179,0,1782362065.1282406,0.0020275115966796875
294633,normal,32,0,1782362065.1300557,0.0018150806427001953
294634,normal,3617,0,1782362065.1321619,0.002106189727783203
294635,normal,3634,0,1782362065.134159,0.001997232437133789
294636,normal,771,0,1782362065.1360357,0.0018765926361083984
294637,normal,2545,0,1782362065.1381626,0.002126932144165039
294638,normal,3615,0,1782362065.1401646,0.0020020008087158203
294639,normal,3564,0,1782362065.1420836,0.0019190311431884766
294640,normal,3099,1,1782362065.1442134,0.002129793167114258
294641,normal,2638,0,1782362065.146296,0.0020825862884521484
294642,normal,530,0,1782362065.148119,0.0018229484558105469
294643,normal,3517,0,1782362065.1500573,0.0019383430480957031
294644,normal,1264,0,1782362065.1522179,0.0021605491638183594
294645,normal,1444,0,1782362065.1540294,0.0018115043640136719
294646,normal,348,0,1782362065.1561503,0.0021209716796875
294647,normal,391,0,1782362065.1581511,0.0020008087158203125
294648,normal,3398,1,1782362065.1600187,0.001867532730102539
294649,normal,1490,0,1782362065.1621854,0.002166748046875
294650,normal,304,0,1782362065.1642215,0.0020360946655273438
294651,normal,1559,0,1782362065.1661296,0.0019080638885498047
294652,normal,1493,0,1782362065.1682055,0.0020759105682373047
294653,normal,3155,1,1782362065.1702971,0.002091646194458008
294654,normal,443,0,1782362065.1720672,0.00177001953125
294655,normal,2147,0,1782362065.1740716,0.002004384994506836
294656,normal,2713,0,1782362065.1760726,0.002001047134399414
294657,normal,1695,0,1782362065.1780648,0.0019922256469726562
294658,normal,134,0,1782362065.1800745,0.0020096302032470703
294659,normal,3003,0,1782362065.1820726,0.0019981861114501953
294660,normal,3608,0,1782362065.18402,0.0019474029541015625
294661,normal,956,2,1782362065.1860611,0.0020411014556884766
294662,normal,2861,0,1782362065.1880252,0.001964092254638672
294663,normal,2352,0,1782362065.190052,0.002026796340942383
294664,normal,1132,0,1782362065.192062,0.002009868621826172
294665,normal,3321,1,1782362065.19406,0.0019981861114501953
294666,normal,1181,0,1782362065.1959877,0.0019276142120361328
294667,normal,896,2,1782362065.1980767,0.0020890235900878906
294668,normal,3178,1,1782362065.2003348,0.0022580623626708984
294669,normal,209,0,1782362065.2020977,0.0017628669738769531
294670,normal,2341,0,1782362065.2040312,0.0019335746765136719
294671,normal,3704,0,1782362065.2060883,0.0020570755004882812
294672,normal,2485,0,1782362065.2080016,0.001913309097290039
294673,normal,3179,1,1782362065.2100253,0.0020236968994140625
294674,normal,2385,0,1782362065.2121139,0.0020885467529296875
294675,normal,1325,1,1782362065.2140272,0.001913309097290039
294676,normal,1643,0,1782362065.2160943,0.002067089080810547
294677,normal,3007,0,1782362065.2180727,0.0019783973693847656
294678,normal,3092,1,1782362065.2200124,0.0019397735595703125
294679,normal,1801,0,1782362065.2220716,0.0020592212677001953
294680,normal,2575,0,1782362065.2240834,0.0020117759704589844
294681,normal,380,0,1782362065.2260225,0.0019390583038330078
294682,normal,247,0,1782362065.2282288,0.0022063255310058594
294683,normal,699,0,1782362065.2301435,0.0019147396087646484
294684,normal,2029,0,1782362065.2320719,0.0019283294677734375
294685,normal,2983,0,1782362065.2340982,0.0020263195037841797
294686,normal,1751,0,1782362065.2361734,0.0020751953125
294687,normal,1342,1,1782362065.2380307,0.0018572807312011719
294688,normal,420,0,1782362065.2401052,0.0020744800567626953
294689,normal,1317,0,1782362065.2421594,0.0020542144775390625
294690,normal,15,0,1782362065.244111,0.0019516944885253906
294691,normal,165,0,1782362065.2460694,0.0019583702087402344
294692,normal,1227,0,1782362065.248081,0.002011537551879883
294693,normal,3330,1,1782362065.25031,0.002228975296020508
294694,normal,3375,1,1782362065.2520366,0.0017266273498535156
294695,normal,2213,0,1782362065.254147,0.0021104812622070312
294696,normal,43,0,1782362065.2560244,0.0018773078918457031
294697,normal,486,0,1782362065.2581155,0.0020911693572998047
294698,normal,3389,1,1782362065.260097,0.001981496810913086
294699,normal,1584,0,1782362065.262027,0.0019299983978271484
294700,normal,1349,1,1782362065.2640605,0.0020334720611572266
294701,normal,1934,0,1782362065.266068,0.0020074844360351562
294702,normal,86,0,1782362065.2680862,0.0020182132720947266
294703,normal,962,2,1782362065.2700377,0.001951456069946289
294704,normal,1163,0,1782362065.272149,0.0021114349365234375
294705,normal,915,2,1782362065.2740362,0.0018870830535888672
294706,normal,911,2,1782362065.2761858,0.0021495819091796875
294707,normal,3458,0,1782362065.2780323,0.0018465518951416016
294708,normal,2315,0,1782362065.2801359,0.002103567123413086
294709,normal,2296,0,1782362065.2822068,0.002070903778076172
294710,normal,1731,0,1782362065.2841966,0.0019898414611816406
294711,normal,2276,0,1782362065.2860498,0.0018532276153564453
294712,normal,2481,0,1782362065.288135,0.0020852088928222656
294713,normal,2232,0,1782362065.2901397,0.0020046234130859375
294714,normal,816,2,1782362065.2920396,0.0018999576568603516
294715,normal,3537,0,1782362065.2941315,0.0020918846130371094
294716,normal,2642,0,1782362065.2961385,0.002007007598876953
294717,normal,2447,0,1782362065.2980337,0.0018951892852783203
294718,normal,349,0,1782362065.3000972,0.0020635128021240234
294719,normal,3119,1,1782362065.3020935,0.001996278762817383
294720,normal,3645,0,1782362065.3040147,0.0019211769104003906
294721,normal,3342,1,1782362065.30602,0.002005338668823242
294722,normal,1059,0,1782362065.3080935,0.002073526382446289
294723,normal,2529,0,1782362065.310056,0.001962423324584961
294724,normal,809,2,1782362065.311998,0.0019419193267822266
294725,normal,2001,0,1782362065.314082,0.002084016799926758
294726,normal,767,0,1782362065.316056,0.0019741058349609375
294727,normal,1795,0,1782362065.3182461,0.002190113067626953
294728,normal,1550,0,1782362065.3201454,0.0018992424011230469
294729,normal,1095,0,1782362065.3222082,0.0020627975463867188
294730,normal,484,0,1782362065.3240886,0.0018804073333740234
294731,normal,2944,0,1782362065.3262193,0.002130746841430664
294732,normal,1788,0,1782362065.328134,0.0019147396087646484
294733,normal,828,2,1782362065.3301363,0.002002239227294922
294734,normal,410,0,1782362065.3321986,0.0020623207092285156
294735,normal,1758,0,1782362065.334082,0.0018832683563232422
294736,normal,882,2,1782362065.33618,0.00209808349609375
294737,normal,480,0,1782362065.3383038,0.0021238327026367188
294738,normal,2125,0,1782362065.3401692,0.001865386962890625
294739,normal,1721,0,1782362065.3428078,0.002638578414916992
294740,normal,145,0,1782362065.344262,0.0014541149139404297
294741,normal,848,2,1782362065.346116,0.0018541812896728516
294742,normal,1447,0,1782362065.3483098,0.0021936893463134766
294743,normal,1343,1,1782362065.35009,0.0017802715301513672
294744,normal,485,0,1782362065.3521595,0.0020694732666015625
294745,normal,2678,0,1782362065.3540251,0.0018656253814697266
294746,normal,1560,0,1782362065.3561015,0.002076387405395508
294747,normal,2416,0,1782362065.3579721,0.0018706321716308594
294748,normal,1952,0,1782362065.3600729,0.002100706100463867
294749,normal,2253,0,1782362065.362026,0.001953125
294750,normal,855,2,1782362065.3640628,0.0020368099212646484
294751,normal,416,0,1782362065.365993,0.00193023681640625
294752,normal,2556,0,1782362065.3680103,0.0020172595977783203
294753,normal,1191,0,1782362065.3700116,0.0020012855529785156
294754,normal,355,0,1782362065.3720324,0.0020208358764648438
294755,normal,3150,1,1782362065.374017,0.0019845962524414062
294756,normal,2450,0,1782362065.3762844,0.0022673606872558594
294757,normal,1190,0,1782362065.378119,0.0018346309661865234
294758,normal,3195,1,1782362065.3800259,0.0019068717956542969
294759,normal,425,0,1782362065.382016,0.001990079879760742
294760,normal,200,0,1782362065.3840194,0.0020034313201904297
294761,normal,2070,0,1782362065.386006,0.0019867420196533203
294762,normal,1568,0,1782362065.3880394,0.002033233642578125
294763,normal,2366,0,1782362065.3900812,0.0020418167114257812
294764,normal,1034,0,1782362065.3920765,0.0019953250885009766
294765,normal,1452,0,1782362065.394012,0.0019354820251464844
294766,normal,1217,0,1782362065.396012,0.002000093460083008
294767,normal,1702,0,1782362065.3980277,0.0020155906677246094
294768,normal,3459,0,1782362065.400016,0.0019884109497070312
294769,normal,3113,1,1782362065.4021628,0.0021467208862304688
294770,normal,2428,0,1782362065.404168,0.0020051002502441406
294771,normal,626,0,1782362065.4060361,0.0018682479858398438
294772,normal,565,0,1782362065.4080215,0.001985311508178711
294773,normal,1340,1,1782362065.4100745,0.0020530223846435547
294774,normal,1044,0,1782362065.41203,0.0019555091857910156
294775,normal,2878,0,1782362065.414033,0.0020029544830322266
294776,normal,3684,0,1782362065.4161658,0.002132892608642578
294777,normal,3260,1,1782362065.4180644,0.0018985271453857422
294778,normal,3570,0,1782362065.4200609,0.0019965171813964844
294779,normal,431,0,1782362065.422241,0.0021800994873046875
294780,normal,199,0,1782362065.4241793,0.0019383430480957031
294781,normal,1883,0,1782362065.425998,0.0018186569213867188
294782,normal,3291,1,1782362065.4280262,0.002028226852416992
294783,normal,2468,0,1782362065.430037,0.002010822296142578
294784,normal,430,0,1782362065.4320025,0.0019655227661132812
294785,normal,268,0,1782362065.434052,0.0020494461059570312
294786,normal,3211,1,1782362065.4360049,0.0019528865814208984
294787,normal,3590,0,1782362065.4380305,0.002025604248046875
294788,normal,1941,0,1782362065.440021,0.0019905567169189453
294789,normal,1029,2,1782362065.4420311,0.0020101070404052734
294790,normal,1581,0,1782362065.4440577,0.0020265579223632812
294791,normal,2649,0,1782362065.4462667,0.0022089481353759766
294792,normal,1470,0,1782362065.448005,0.0017383098602294922
294793,normal,1154,0,1782362065.4500575,0.0020525455474853516
294794,normal,3305,1,1782362065.4521883,0.002130746841430664
294795,normal,703,0,1782362065.4540038,0.0018155574798583984
294796,normal,2548,0,1782362065.456085,0.002081155776977539
294797,normal,2791,0,1782362065.4581645,0.002079486846923828
294798,normal,3685,0,1782362065.4600034,0.0018389225006103516
294799,normal,2084,0,1782362065.4620578,0.002054452896118164
294800,normal,3663,0,1782362065.4641292,0.002071380615234375
294801,normal,3217,1,1782362065.4660032,0.0018739700317382812
294802,normal,1709,0,1782362065.4680648,0.002061605453491211
294803,normal,30,0,1782362065.47013,0.0020651817321777344
294804,normal,795,2,1782362065.4720917,0.0019617080688476562
294805,normal,1354,1,1782362065.474001,0.0019092559814453125
294806,normal,1552,0,1782362065.4760578,0.0020568370819091797
294807,normal,2824,0,1782362065.4779994,0.001941680908203125
294808,normal,695,0,1782362065.4800947,0.0020952224731445312
294809,normal,1672,0,1782362065.4820313,0.0019366741180419922
294810,normal,1414,0,1782362065.4840577,0.0020263195037841797
294811,normal,604,0,1782362065.4859579,0.0019001960754394531
294812,normal,3206,1,1782362065.488062,0.002104043960571289
294813,normal,3660,0,1782362065.4899971,0.0019352436065673828
294814,normal,2974,0,1782362065.4920397,0.002042531967163086
294815,normal,3152,1,1782362065.4940639,0.0020241737365722656
294816,normal,2776,0,1782362065.4960222,0.0019583702087402344
294817,normal,1281,0,1782362065.498022,0.0019998550415039062
294818,normal,3438,0,1782362065.500108,0.0020859241485595703
294819,normal,2760,0,1782362065.5019996,0.0018916130065917969
294820,normal,1555,0,1782362065.5040152,0.0020155906677246094
294821,normal,121,0,1782362065.5060241,0.0020089149475097656
294822,normal,2805,0,1782362065.5080206,0.0019965171813964844
294823,normal,2786,0,1782362065.5100672,0.0020465850830078125
294824,normal,738,0,1782362065.51209,0.0020227432250976562
294825,normal,686,0,1782362065.5140235,0.0019335746765136719
294826,normal,1311,0,1782362065.5161667,0.0021431446075439453
294827,normal,3103,1,1782362065.518144,0.001977205276489258
294828,normal,1841,0,1782362065.520003,0.0018591880798339844
294829,normal,2076,0,1782362065.5220344,0.0020313262939453125
294830,normal,1043,0,1782362065.5240614,0.0020270347595214844
294831,normal,1687,0,1782362065.526082,0.002020597457885742
294832,normal,2630,0,1782362065.5279963,0.0019142627716064453
294833,normal,619,0,1782362065.5300212,0.0020248889923095703
294834,normal,341,0,1782362065.532007,0.001985788345336914
294835,normal,1547,0,1782362065.5340133,0.0020062923431396484
294836,normal,1616,0,1782362065.5360634,0.002050161361694336
294837,normal,3311,1,1782362065.5379949,0.0019314289093017578
294838,normal,2546,0,1782362065.5400321,0.0020372867584228516
294839,normal,1582,0,1782362065.5420334,0.0020012855529785156
294840,normal,2921,0,1782362065.5440395,0.002006053924560547
294841,normal,3175,1,1782362065.5460746,0.0020351409912109375
294842,normal,1040,0,1782362065.54817,0.002095460891723633
294843,normal,1669,0,1782362065.550026,0.0018558502197265625
294844,normal,2849,0,1782362065.5520353,0.0020093917846679688
294845,normal,3656,0,1782362065.5540278,0.001992464065551758
294846,normal,2873,0,1782362065.556029,0.0020012855529785156
294847,normal,2307,0,1782362065.5580258,0.001996755599975586
294848,normal,2536,0,1782362065.5601141,0.002088308334350586
294849,normal,1097,0,1782362065.5620072,0.0018930435180664062
294850,normal,3655,0,1782362065.5640395,0.0020322799682617188
294851,normal,1169,0,1782362065.5660493,0.002009868621826172
294852,normal,1632,0,1782362065.568058,0.002008676528930664
294853,normal,2400,0,1782362065.5700102,0.0019521713256835938
294854,normal,1561,0,1782362065.5722241,0.0022139549255371094
294855,normal,2894,0,1782362065.574114,0.001889944076538086
294856,normal,3482,0,1782362065.5760689,0.001954793930053711
294857,normal,541,0,1782362065.5780804,0.002011537551879883
294858,normal,2832,0,1782362065.5801487,0.0020682811737060547
294859,normal,618,0,1782362065.5821412,0.001992464065551758
294860,normal,2508,0,1782362065.5840926,0.001951456069946289
294861,normal,2679,0,1782362065.5861113,0.0020186901092529297
294862,normal,3693,0,1782362065.5881646,0.0020532608032226562
294863,normal,3432,0,1782362065.590177,0.002012491226196289
294864,normal,3,0,1782362065.592188,0.002010822296142578
294865,normal,2320,0,1782362065.5942495,0.002061605453491211
294866,normal,2516,0,1782362065.5962424,0.001992940902709961
294867,normal,3575,0,1782362065.598013,0.0017704963684082031
294868,normal,2532,0,1782362065.600234,0.0022211074829101562
294869,normal,2043,0,1782362065.6021764,0.0019423961639404297
294870,normal,3244,1,1782362065.6040668,0.001890420913696289
294871,normal,3423,0,1782362065.6060772,0.002010345458984375
294872,normal,2199,0,1782362065.608184,0.002106904983520508
294873,normal,1262,0,1782362065.6100683,0.0018842220306396484
294874,normal,3467,0,1782362065.6120706,0.002002239227294922
294875,normal,169,0,1782362065.6142328,0.0021622180938720703
294876,normal,2404,0,1782362065.6160367,0.0018038749694824219
294877,normal,1004,2,1782362065.6181746,0.002137899398803711
294878,normal,2736,0,1782362065.620003,0.0018284320831298828
294879,normal,2871,0,1782362065.622079,0.0020759105682373047
294880,normal,3337,1,1782362065.6242297,0.0021507740020751953
294881,normal,550,0,1782362065.626127,0.0018973350524902344
294882,normal,1646,0,1782362065.6282127,0.0020856857299804688
294883,normal,488,0,1782362065.6300685,0.0018558502197265625
294884,normal,1928,0,1782362065.6322753,0.0022068023681640625
294885,normal,2587,0,1782362065.634085,0.0018095970153808594
294886,normal,2055,0,1782362065.6362762,0.002191305160522461
294887,normal,396,0,1782362065.638172,0.0018956661224365234
294888,normal,405,0,1782362065.6402333,0.0020613670349121094
294889,normal,3338,1,1782362065.642178,0.0019447803497314453
294890,normal,2093,0,1782362065.6440728,0.0018947124481201172
294891,normal,2607,0,1782362065.646093,0.002020120620727539
294892,normal,3362,1,1782362065.6480825,0.001989603042602539
294893,normal,2425,0,1782362065.650062,0.0019795894622802734
294894,normal,490,0,1782362065.6520648,0.002002716064453125
294895,normal,1053,0,1782362065.6540563,0.0019915103912353516
294896,normal,151,0,1782362065.6560793,0.002022981643676758
294897,normal,1879,0,1782362065.6580787,0.001999378204345703
294898,normal,2059,0,1782362065.6603138,0.0022351741790771484
294899,normal,329,0,1782362065.6620274,0.0017135143280029297
294900,normal,305,0,1782362065.6640534,0.002026081085205078
294901,normal,469,0,1782362065.66609,0.002036571502685547
294902,normal,879,2,1782362065.668059,0.0019690990447998047
294903,normal,1619,0,1782362065.670028,0.001968860626220703
294904,normal,3130,1,1782362065.6721134,0.002085447311401367
294905,normal,1912,0,1782362065.6740375,0.0019240379333496094
294906,normal,1612,0,1782362065.6760497,0.0020122528076171875
294907,normal,65,0,1782362065.6780696,0.0020198822021484375
294908,normal,3416,0,1782362065.6800835,0.0020139217376708984
294909,normal,3290,1,1782362065.6820774,0.001993894577026367
294910,normal,202,0,1782362065.6841607,0.002083301544189453
294911,normal,1887,0,1782362065.6860664,0.001905679702758789
294912,normal,2245,0,1782362065.6881464,0.0020799636840820312
294913,normal,2680,0,1782362065.6901095,0.0019631385803222656
294914,normal,866,2,1782362065.6921961,0.002086639404296875
294915,normal,1448,0,1782362065.6940048,0.0018086433410644531
294916,normal,3622,0,1782362065.6961908,0.0021860599517822266
294917,normal,2383,0,1782362065.6980596,0.0018687248229980469
294918,normal,2847,0,1782362065.7000153,0.001955747604370117
294919,normal,2334,0,1782362065.7020109,0.001995563507080078
294920,normal,2947,0,1782362065.7040517,0.002040863037109375
294921,normal,833,2,1782362065.7060184,0.001966714859008789
294922,normal,632,0,1782362065.7080069,0.0019884109497070312
294923,normal,658,0,1782362065.710028,0.0020210742950439453
294924,normal,3439,0,1782362065.7120254,0.0019974708557128906
294925,normal,71,0,1782362065.7143996,0.0023741722106933594
294926,normal,3325,1,1782362065.7161365,0.0017368793487548828
294927,normal,2653,0,1782362065.7180111,0.001874685287475586
294928,normal,553,0,1782362065.7200365,0.0020253658294677734
294929,normal,1,0,1782362065.7220676,0.002031087875366211
294930,normal,1109,0,1782362065.7240121,0.0019445419311523438
294931,normal,1704,0,1782362065.726039,0.002026796340942383
294932,normal,412,0,1782362065.728065,0.002026081085205078
294933,normal,2197,0,1782362065.7300515,0.0019865036010742188
294934,normal,2582,0,1782362065.732063,0.002011537551879883
294935,normal,1850,0,1782362065.73413,0.0020668506622314453
294936,normal,2807,0,1782362065.7360384,0.0019085407257080078
294937,normal,3415,0,1782362065.7380714,0.0020329952239990234
294938,normal,3561,0,1782362065.7401457,0.0020742416381835938
294939,normal,1449,0,1782362065.7422407,0.0020949840545654297
294940,normal,174,0,1782362065.7441413,0.0019006729125976562
294941,normal,2258,0,1782362065.746081,0.0019397735595703125
294942,normal,1418,0,1782362065.7480595,0.0019783973693847656
294943,normal,2068,0,1782362065.7501464,0.0020868778228759766
294944,normal,1825,0,1782362065.7520792,0.0019328594207763672
294945,normal,1164,0,1782362065.7540178,0.0019385814666748047
294946,normal,1063,0,1782362065.7561736,0.002155780792236328
294947,normal,652,0,1782362065.758088,0.0019145011901855469
294948,normal,3210,1,1782362065.7600386,0.0019505023956298828
294949,normal,1755,0,1782362065.7620492,0.0020105838775634766
294950,normal,846,2,1782362065.7641077,0.0020585060119628906
294951,normal,2560,0,1782362065.7660518,0.0019440650939941406
294952,normal,63,0,1782362065.7680652,0.0020134449005126953
294953,normal,1948,0,1782362065.7701683,0.002103090286254883
294954,normal,637,0,1782362065.7720368,0.0018684864044189453
294955,normal,3672,0,1782362065.7740383,0.002001523971557617
294956,normal,2657,0,1782362065.7760751,0.0020368099212646484
294957,normal,1816,0,1782362065.778053,0.0019779205322265625
294958,normal,359,0,1782362065.7800503,0.001997232437133789
294959,normal,2774,0,1782362065.7821367,0.0020864009857177734
294960,normal,2877,0,1782362065.784087,0.0019502639770507812
294961,normal,555,0,1782362065.7860467,0.0019598007202148438
294962,normal,3473,0,1782362065.7880917,0.0020449161529541016
294963,normal,2901,0,1782362065.7900398,0.0019481182098388672
294964,normal,1090,0,1782362065.7920845,0.002044677734375
294965,normal,2009,0,1782362065.7940974,0.002012968063354492
294966,normal,642,0,1782362065.7962158,0.002118349075317383
294967,normal,1706,0,1782362065.7980375,0.001821756362915039
294968,normal,894,2,1782362065.8001292,0.002091646194458008
294969,normal,2048,0,1782362065.8020623,0.0019330978393554688
294970,normal,837,2,1782362065.8040776,0.002015352249145508
294971,normal,608,0,1782362065.8061543,0.0020766258239746094
294972,normal,3254,1,1782362065.808102,0.001947641372680664
294973,normal,3612,0,1782362065.81008,0.001978158950805664
294974,normal,740,0,1782362065.8121624,0.002082347869873047
294975,normal,824,2,1782362065.8140109,0.001848459243774414
294976,normal,535,0,1782362065.8160625,0.0020515918731689453
294977,normal,3602,0,1782362065.818131,0.0020685195922851562
294978,normal,646,0,1782362065.8200397,0.0019087791442871094
294979,normal,194,0,1782362065.822057,0.0020172595977783203
294980,normal,1548,0,1782362065.824127,0.0020699501037597656
294981,normal,155,0,1782362065.826064,0.0019371509552001953
294982,normal,2278,0,1782362065.8281388,0.002074718475341797
294983,normal,1184,0,1782362065.8301022,0.001963376998901367
294984,normal,82,0,1782362065.8320167,0.0019145011901855469
294985,normal,2673,0,1782362065.833994,0.001977205276489258
294986,normal,211,0,1782362065.836028,0.0020341873168945312
294987,normal,245,0,1782362065.8380203,0.0019922256469726562
294988,normal,3518,0,1782362065.8400235,0.002003192901611328
294989,normal,52,0,1782362065.842019,0.001995563507080078
294990,normal,681,0,1782362065.8440292,0.0020101070404052734
294991,normal,3006,0,1782362065.8460586,0.0020294189453125
294992,normal,552,0,1782362065.8480759,0.0020172595977783203
294993,normal,901,2,1782362065.8500884,0.002012491226196289
294994,normal,273,0,1782362065.8520882,0.0019998550415039062
294995,normal,905,2,1782362065.8540711,0.0019829273223876953
294996,normal,2431,0,1782362065.856122,0.0020508766174316406
294997,normal,498,0,1782362065.8579714,0.0018494129180908203
294998,normal,1919,0,1782362065.8602104,0.0022389888763427734
294999,normal,3391,1,1782362065.8621538,0.001943349838256836
295000,normal,823,2,1782362065.864133,0.0019791126251220703
295001,normal,3201,1,1782362065.8662376,0.0021047592163085938
295002,normal,1364,1,1782362065.8680115,0.001773834228515625
295003,normal,522,0,1782362065.8701735,0.0021619796752929688
295004,normal,1765,0,1782362065.8722563,0.00208282470703125
295005,normal,222,0,1782362065.8740504,0.0017940998077392578
295006,normal,1076,0,1782362065.8761759,0.0021255016326904297
295007,normal,286,0,1782362065.8782334,0.0020575523376464844
295008,normal,1377,1,1782362065.8800092,0.0017757415771484375
295009,normal,195,0,1782362065.8821783,0.0021691322326660156
295010,normal,2039,0,1782362065.8844743,0.002295970916748047
295011,normal,2672,0,1782362065.8862762,0.0018019676208496094
295012,normal,128,0,1782362065.888055,0.0017788410186767578
295013,normal,3200,1,1782362065.890264,0.0022089481353759766
295014,normal,2551,0,1782362065.892007,0.0017430782318115234
295015,normal,2432,0,1782362065.894158,0.0021507740020751953
295016,normal,141,0,1782362065.8961866,0.0020287036895751953
295017,normal,189,0,1782362065.8980582,0.0018715858459472656
295018,normal,2862,0,1782362065.9001317,0.002073526382446289
295019,normal,2170,0,1782362065.9021356,0.002003908157348633
295020,normal,2907,0,1782362065.9040349,0.0018992424011230469
295021,normal,2986,0,1782362065.9062455,0.0022106170654296875
295022,normal,1237,0,1782362065.9081802,0.0019347667694091797
295023,normal,1622,0,1782362065.9101973,0.0020170211791992188
295024,normal,8,0,1782362065.9123247,0.002127408981323242
295025,normal,1288,0,1782362065.9143727,0.002048015594482422
295026,normal,390,0,1782362065.9161296,0.001756906509399414
295027,normal,1322,1,1782362065.9181507,0.0020210742950439453
295028,normal,312,0,1782362065.9202526,0.002101898193359375
295029,normal,3548,0,1782362065.922113,0.0018603801727294922
295030,normal,1026,2,1782362065.9240897,0.0019767284393310547
295031,normal,3667,0,1782362065.9263847,0.0022950172424316406
295032,normal,1438,0,1782362065.928218,0.001833200454711914
295033,normal,650,0,1782362065.9301558,0.0019378662109375
295034,normal,2264,0,1782362065.9322052,0.0020494461059570312
295035,normal,815,2,1782362065.9341967,0.0019915103912353516
295036,normal,2937,0,1782362065.9361796,0.0019829273223876953
295037,normal,2550,0,1782362065.938077,0.0018973350524902344
295038,normal,23,0,1782362065.9401891,0.002112150192260742
295039,normal,1142,0,1782362065.9421546,0.0019655227661132812
295040,normal,3440,0,1782362065.9449854,0.0028307437896728516
295041,normal,3364,1,1782362065.946015,0.0010294914245605469
295042,normal,3224,1,1782362065.9481752,0.002160310745239258
295043,normal,3040,0,1782362065.9500608,0.0018856525421142578
295044,normal,1874,0,1782362065.9520683,0.0020074844360351562
295045,normal,3246,1,1782362065.9540136,0.0019452571868896484
295046,normal,2498,0,1782362065.956082,0.0020685195922851562
295047,normal,2287,0,1782362065.9580863,0.0020041465759277344
295048,normal,403,0,1782362065.9600794,0.0019931793212890625
295049,normal,461,0,1782362065.9620173,0.0019378662109375
295050,normal,1894,0,1782362065.9640896,0.0020723342895507812
295051,normal,203,0,1782362065.9659867,0.0018970966339111328
295052,normal,3499,0,1782362065.9680958,0.002109050750732422
295053,normal,842,2,1782362065.9700336,0.0019378662109375
295054,normal,2144,0,1782362065.9720602,0.0020265579223632812
295055,normal,3177,1,1782362065.9741235,0.002063274383544922
295056,normal,2919,0,1782362065.976003,0.0018794536590576172
295057,normal,3677,0,1782362065.9780676,0.0020647048950195312
295058,normal,1157,0,1782362065.980274,0.0022063255310058594
295059,normal,1608,0,1782362065.9820325,0.001758575439453125
295060,normal,2321,0,1782362065.9840856,0.0020530223846435547
295061,normal,601,0,1782362065.9864004,0.0023148059844970703
295062,normal,578,0,1782362065.9880278,0.0016274452209472656
295063,normal,2733,0,1782362065.9901767,0.002148866653442383
295064,normal,3121,1,1782362065.9920545,0.0018777847290039062
295065,normal,2260,0,1782362065.994187,0.0021326541900634766
295066,normal,81,0,1782362065.9960735,0.0018863677978515625
295067,normal,3125,1,1782362065.9981802,0.0021066665649414062
295068,normal,1660,0,1782362066.0000892,0.001909017562866211
295069,normal,269,0,1782362066.0021832,0.0020940303802490234
295070,normal,1733,0,1782362066.0041113,0.001928091049194336
295071,normal,2953,0,1782362066.006066,0.001954793930053711
295072,normal,2875,0,1782362066.008024,0.0019578933715820312
295073,normal,316,0,1782362066.0102677,0.0022437572479248047
295074,normal,1291,0,1782362066.0120122,0.0017445087432861328
295075,normal,2715,0,1782362066.0140383,0.002026081085205078
295076,normal,531,0,1782362066.0161378,0.0020995140075683594
295077,normal,1739,0,1782362066.018012,0.0018742084503173828
295078,normal,1240,0,1782362066.0200403,0.002028226852416992
295079,normal,3547,0,1782362066.0220387,0.001998424530029297
295080,normal,2347,0,1782362066.0240946,0.0020558834075927734
295081,normal,2571,0,1782362066.0260134,0.001918792724609375
295082,normal,1052,0,1782362066.0280364,0.002022981643676758
295083,normal,2688,0,1782362066.0300784,0.002042055130004883
295084,normal,3294,1,1782362066.0320957,0.0020172595977783203
295085,normal,1489,0,1782362066.0341313,0.0020356178283691406
295086,normal,1410,0,1782362066.0360165,0.0018851757049560547
295087,normal,448,0,1782362066.038091,0.0020744800567626953
295088,normal,3283,1,1782362066.0400765,0.0019855499267578125
295089,normal,3523,0,1782362066.0419953,0.001918792724609375
295090,normal,3011,0,1782362066.0440297,0.002034425735473633
295091,normal,801,2,1782362066.0460982,0.0020685195922851562
295092,normal,302,0,1782362066.048084,0.001985788345336914
295093,normal,3235,1,1782362066.0500093,0.0019252300262451172
295094,normal,491,0,1782362066.0520382,0.002028942108154297
295095,normal,753,0,1782362066.054033,0.0019948482513427734
295096,normal,3700,0,1782362066.0560286,0.001995563507080078
295097,normal,1505,0,1782362066.0580363,0.002007722854614258
295098,normal,466,0,1782362066.0605376,0.002501249313354492
295099,normal,1770,0,1782362066.0621278,0.0015902519226074219
295100,normal,2818,0,1782362066.06405,0.0019221305847167969
295101,normal,1715,0,1782362066.066005,0.0019550323486328125
295102,normal,1692,0,1782362066.0679991,0.0019941329956054688
295103,normal,723,0,1782362066.0700045,0.002005338668823242
295104,normal,1373,1,1782362066.072103,0.002098560333251953
295105,normal,3687,0,1782362066.0740614,0.0019583702087402344
295106,normal,3627,0,1782362066.0760202,0.0019588470458984375
295107,normal,398,0,1782362066.0780172,0.0019969940185546875
295108,normal,53,0,1782362066.080013,0.0019958019256591797
295109,normal,2198,0,1782362066.0820253,0.0020122528076171875
295110,normal,1911,0,1782362066.0840127,0.001987457275390625
295111,normal,2137,0,1782362066.0860953,0.0020825862884521484
295112,normal,950,2,1782362066.088116,0.002020597457885742
295113,normal,2119,0,1782362066.0900898,0.001973867416381836
295114,normal,1757,0,1782362066.0920815,0.001991748809814453
295115,normal,3131,1,1782362066.0940971,0.0020155906677246094
295116,normal,787,2,1782362066.0960763,0.0019791126251220703
295117,normal,2616,0,1782362066.0980203,0.0019440650939941406
295118,normal,2164,0,1782362066.1002414,0.0022211074829101562
295119,normal,526,0,1782362066.1020858,0.0018444061279296875
295120,normal,356,0,1782362066.1040611,0.0019752979278564453
295121,normal,2217,0,1782362066.106253,0.002191781997680664
295122,normal,3129,1,1782362066.1082847,0.0020318031311035156
295123,normal,3449,0,1782362066.1100593,0.0017745494842529297
295124,normal,337,0,1782362066.1120067,0.0019474029541015625
295125,normal,3002,0,1782362066.113997,0.0019903182983398438
295126,normal,180,0,1782362066.116036,0.0020389556884765625
295127,normal,712,0,1782362066.1180274,0.0019915103912353516
295128,normal,1407,0,1782362066.1200259,0.001998424530029297
295129,normal,539,0,1782362066.1220093,0.0019834041595458984
295130,normal,645,0,1782362066.124032,0.0020227432250976562
295131,normal,1881,0,1782362066.1260247,0.0019927024841308594
295132,normal,1216,0,1782362066.128055,0.0020303726196289062
295133,normal,2758,0,1782362066.1300619,0.0020067691802978516
295134,normal,1105,0,1782362066.1320403,0.0019783973693847656
295135,normal,2966,0,1782362066.1340137,0.001973390579223633
295136,normal,3208,1,1782362066.1360347,0.0020210742950439453
295137,normal,1727,0,1782362066.1380517,0.0020170211791992188
295138,normal,519,0,1782362066.1400607,0.0020089149475097656
295139,normal,2554,0,1782362066.14205,0.0019893646240234375
295140,normal,2959,0,1782362066.1440156,0.0019655227661132812
295141,normal,1935,0,1782362066.1461308,0.0021152496337890625
295142,normal,1683,0,1782362066.1480145,0.0018837451934814453
295143,normal,2406,0,1782362066.1500173,0.002002716064453125
295144,normal,3041,0,1782362066.1520147,0.0019974708557128906
295145,normal,1061,0,1782362066.1540196,0.002004861831665039
295146,normal,91,0,1782362066.1560335,0.0020139217376708984
295147,normal,2608,0,1782362066.1580853,0.002051830291748047
295148,normal,2343,0,1782362066.1600268,0.0019414424896240234
295149,normal,1720,0,1782362066.1620173,0.0019905567169189453
295150,normal,3004,0,1782362066.1640234,0.002006053924560547
295151,normal,2667,0,1782362066.1660182,0.0019948482513427734
295152,normal,2386,0,1782362066.168011,0.0019927024841308594
295153,normal,2613,0,1782362066.1700034,0.001992464065551758
295154,normal,3349,1,1782362066.1720388,0.002035379409790039
295155,normal,1565,0,1782362066.1740553,0.0020165443420410156
295156,normal,95,0,1782362066.176077,0.0020215511322021484
295157,normal,793,2,1782362066.1780827,0.0020058155059814453
295158,normal,1170,0,1782362066.18006,0.001977205276489258
295159,normal,655,0,1782362066.1820252,0.0019652843475341797
295160,normal,1832,0,1782362066.1840224,0.001997232437133789
295161,normal,2312,0,1782362066.1860375,0.0020151138305664062
295162,normal,1745,0,1782362066.1880083,0.0019707679748535156
295163,normal,1624,0,1782362066.1899998,0.0019915103912353516
295164,normal,2808,0,1782362066.192007,0.0020072460174560547
295165,normal,2593,0,1782362066.194103,0.002095937728881836
295166,normal,1406,0,1782362066.1960669,0.0019638538360595703
295167,normal,201,0,1782362066.1980836,0.002016782760620117
295168,normal,254,0,1782362066.2001283,0.002044677734375
295169,normal,2860,0,1782362066.202062,0.0019335746765136719
295170,normal,2852,0,1782362066.2040823,0.0020203590393066406
295171,normal,3367,1,1782362066.2061415,0.0020592212677001953
295172,normal,2654,0,1782362066.2080994,0.0019578933715820312
295173,normal,808,2,1782362066.210151,0.0020515918731689453
295174,normal,799,2,1782362066.211984,0.0018329620361328125
295175,normal,3563,0,1782362066.2139986,0.002014636993408203
295176,normal,1508,0,1782362066.2159956,0.0019969940185546875
295177,normal,2989,0,1782362066.2179916,0.0019960403442382812
295178,normal,2866,0,1782362066.220078,0.0020864009857177734
295179,normal,728,0,1782362066.2219968,0.001918792724609375
295180,normal,982,2,1782362066.223996,0.0019991397857666016
295181,normal,3231,1,1782362066.2260003,0.002004384994506836
295182,normal,2766,0,1782362066.2280061,0.0020058155059814453
295183,normal,1970,0,1782362066.2302046,0.002198457717895508
295184,normal,2233,0,1782362066.2321725,0.001967906951904297
295185,normal,1729,0,1782362066.2340496,0.0018770694732666016
295186,normal,2586,0,1782362066.2360394,0.0019898414611816406
295187,normal,1943,0,1782362066.2380075,0.0019681453704833984
295188,normal,2100,0,1782362066.2400162,0.002008676528930664
295189,normal,2243,0,1782362066.2420034,0.0019872188568115234
295190,normal,1110,0,1782362066.244166,0.002162456512451172
295191,normal,752,0,1782362066.2460098,0.0018439292907714844
295192,normal,2648,0,1782362066.248013,0.002003192901611328
295193,normal,308,0,1782362066.2500303,0.0020172595977783203
295194,normal,3455,0,1782362066.2520509,0.002020597457885742
295195,normal,212,0,1782362066.2540216,0.0019707679748535156
295196,normal,307,0,1782362066.2563922,0.002370595932006836
295197,normal,1358,1,1782362066.2581167,0.0017244815826416016
295198,normal,2621,0,1782362066.2601254,0.002008676528930664
295199,normal,20,0,1782362066.2621799,0.002054452896118164
295200,normal,3100,1,1782362066.264101,0.0019211769104003906
295201,normal,3664,0,1782362066.2661543,0.0020532608032226562
295202,normal,1789,0,1782362066.2681499,0.001995563507080078
295203,normal,2412,0,1782362066.2701583,0.0020084381103515625
295204,normal,1035,0,1782362066.2721438,0.0019855499267578125
295205,normal,694,0,1782362066.2741537,0.002009868621826172
295206,normal,1204,0,1782362066.2760656,0.0019118785858154297
295207,normal,1976,0,1782362066.2783396,0.002274036407470703
295208,normal,3591,0,1782362066.2800562,0.00171661376953125
295209,normal,2229,0,1782362066.2820022,0.0019459724426269531
295210,normal,1030,0,1782362066.284039,0.0020368099212646484
295211,normal,2845,0,1782362066.2860572,0.0020182132720947266
295212,normal,843,2,1782362066.2880611,0.002003908157348633
295213,normal,236,0,1782362066.2900517,0.0019905567169189453
295214,normal,3682,0,1782362066.2920642,0.002012491226196289
295215,normal,267,0,1782362066.2940338,0.001969575881958008
295216,normal,2980,0,1782362066.2961154,0.002081632614135742
295217,normal,2579,0,1782362066.2980697,0.001954317092895508
295218,normal,1626,0,1782362066.3000667,0.0019969940185546875
295219,normal,1295,0,1782362066.302137,0.002070188522338867
295220,normal,2263,0,1782362066.3040643,0.0019273757934570312
295221,normal,1516,0,1782362066.3060513,0.001986980438232422
295222,normal,1256,0,1782362066.3081446,0.0020933151245117188
295223,normal,3610,0,1782362066.3100822,0.0019376277923583984
295224,normal,2797,0,1782362066.3120825,0.0020003318786621094
295225,normal,3087,1,1782362066.314071,0.0019884109497070312
295226,normal,775,2,1782362066.3160708,0.0019998550415039062
295227,normal,742,0,1782362066.3180537,0.0019829273223876953
295228,normal,1465,0,1782362066.3201313,0.0020775794982910156
295229,normal,1371,1,1782362066.3220646,0.0019333362579345703
295230,normal,3524,0,1782362066.3240275,0.001962900161743164
295231,normal,2547,0,1782362066.3260233,0.0019958019256591797
295232,normal,1785,0,1782362066.328039,0.0020155906677246094
295233,normal,2473,0,1782362066.330057,0.002017974853515625
295234,normal,592,0,1782362066.3320315,0.0019745826721191406
295235,normal,1521,0,1782362066.334052,0.002020597457885742
295236,normal,2745,0,1782362066.3360002,0.0019481182098388672
295237,normal,571,0,1782362066.3380404,0.0020401477813720703
295238,normal,1648,0,1782362066.3400614,0.0020210742950439453
295239,normal,1229,0,1782362066.3420749,0.0020134449005126953
295240,normal,1385,0,1782362066.3440704,0.001995563507080078
295241,normal,2040,0,1782362066.3461761,0.002105712890625
295242,normal,1341,1,1782362066.348064,0.0018877983093261719
295243,normal,1686,0,1782362066.3501282,0.002064228057861328
295244,normal,672,0,1782362066.3522825,0.0021543502807617188
295245,normal,3061,1,1782362066.3539732,0.0016906261444091797
295246,normal,3316,1,1782362066.3560374,0.002064228057861328
295247,normal,406,0,1782362066.3580618,0.002024412155151367
295248,normal,3275,1,1782362066.3599901,0.0019283294677734375
295249,normal,986,2,1782362066.362039,0.002048969268798828
295250,normal,2682,0,1782362066.364089,0.0020499229431152344
295251,normal,2836,0,1782362066.3660245,0.0019354820251464844
295252,normal,3421,0,1782362066.3680851,0.0020606517791748047
295253,normal,2113,0,1782362066.3700805,0.0019953250885009766
295254,normal,3317,1,1782362066.3720894,0.0020089149475097656
295255,normal,1284,0,1782362066.374072,0.0019826889038085938
295256,normal,729,0,1782362066.376122,0.0020499229431152344
295257,normal,2566,0,1782362066.3780398,0.0019178390502929688
295258,normal,3327,1,1782362066.3801615,0.0021216869354248047
295259,normal,2623,0,1782362066.3820004,0.0018389225006103516
295260,normal,546,0,1782362066.3840394,0.0020389556884765625
295261,normal,1446,0,1782362066.3860364,0.0019969940185546875
295262,normal,1166,0,1782362066.388078,0.0020415782928466797
295263,normal,584,0,1782362066.3900537,0.0019757747650146484
295264,normal,309,0,1782362066.392032,0.001978158950805664
295265,normal,3142,1,1782362066.3940594,0.0020275115966796875
295266,normal,2005,0,1782362066.396033,0.0019736289978027344
295267,normal,2696,0,1782362066.3979995,0.0019664764404296875
295268,normal,2033,0,1782362066.400412,0.002412557601928711
295269,normal,2567,0,1782362066.4020264,0.0016143321990966797
295270,normal,1532,0,1782362066.404026,0.0019996166229248047
295271,normal,258,0,1782362066.4060276,0.002001523971557617
295272,normal,697,0,1782362066.4080243,0.001996755599975586
295273,normal,3607,0,1782362066.4100604,0.0020360946655273438
295274,normal,2977,0,1782362066.4120708,0.002010345458984375
295275,normal,3546,0,1782362066.4140267,0.0019559860229492188
295276,normal,1525,0,1782362066.4160707,0.0020439624786376953
295277,normal,2351,0,1782362066.4180202,0.0019495487213134766
295278,normal,1519,0,1782362066.420024,0.0020036697387695312
295279,normal,3274,1,1782362066.4220543,0.0020303726196289062
295280,normal,1013,2,1782362066.4240599,0.0020055770874023438
295281,normal,432,0,1782362066.4260588,0.0019989013671875
295282,normal,494,0,1782362066.428161,0.0021021366119384766
295283,normal,2782,0,1782362066.430091,0.0019299983978271484
295284,normal,2572,0,1782362066.4320657,0.001974821090698242
295285,normal,847,2,1782362066.4340372,0.0019714832305908203
295286,normal,1847,0,1782362066.436115,0.002077817916870117
295287,normal,2826,0,1782362066.4380522,0.0019371509552001953
295288,normal,1247,0,1782362066.4400702,0.002017974853515625
295289,normal,1905,0,1782362066.4421854,0.0021152496337890625
295290,normal,477,0,1782362066.444035,0.0018496513366699219
295291,normal,2184,0,1782362066.4460323,0.001997232437133789
295292,normal,1717,0,1782362066.4482784,0.0022461414337158203
295293,normal,1614,0,1782362066.4501839,0.0019054412841796875
295294,normal,2171,0,1782362066.4519913,0.0018074512481689453
295295,normal,2030,0,1782362066.4540663,0.0020749568939208984
295296,normal,3019,0,1782362066.4560242,0.0019578933715820312
295297,normal,1956,0,1782362066.4580352,0.0020110607147216797
295298,normal,3270,1,1782362066.4600625,0.002027273178100586
295299,normal,468,0,1782362066.4620147,0.0019521713256835938
295300,normal,1862,0,1782362066.4640534,0.002038717269897461
295301,normal,3078,1,1782362066.4660642,0.002010822296142578
295302,normal,2928,0,1782362066.4680746,0.002010345458984375
295303,normal,3488,0,1782362066.4700725,0.0019979476928710938
295304,normal,963,2,1782362066.4721282,0.002055644989013672
295305,normal,2881,0,1782362066.4740744,0.0019462108612060547
295306,normal,3361,1,1782362066.4760413,0.0019669532775878906
295307,normal,450,0,1782362066.4781559,0.002114534378051758
295308,normal,3497,0,1782362066.480034,0.0018782615661621094
295309,normal,2221,0,1782362066.4821317,0.002097606658935547
295310,normal,179,0,1782362066.484124,0.0019922256469726562
295311,normal,152,0,1782362066.4860637,0.0019397735595703125
295312,normal,2157,0,1782362066.488028,0.0019643306732177734
295313,normal,472,0,1782362066.4901402,0.002112150192260742
295314,normal,3369,1,1782362066.4920597,0.0019195079803466797
295315,normal,2190,0,1782362066.4940755,0.002015829086303711
295316,normal,1378,1,1782362066.496265,0.0021893978118896484
295317,normal,1768,0,1782362066.4980526,0.0017876625061035156
295318,normal,961,2,1782362066.500068,0.002015352249145508
295319,normal,2656,0,1782362066.502118,0.002050161361694336
295320,normal,1798,0,1782362066.5040395,0.0019214153289794922
295321,normal,1996,0,1782362066.5060554,0.002015829086303711
295322,normal,614,0,1782362066.508127,0.0020716190338134766
295323,normal,1294,0,1782362066.5100503,0.0019233226776123047
295324,normal,471,0,1782362066.512077,0.002026796340942383
295325,normal,3288,1,1782362066.5141537,0.0020766258239746094
295326,normal,2022,0,1782362066.5160563,0.0019025802612304688
295327,normal,1854,0,1782362066.5180783,0.0020220279693603516
295328,normal,1529,0,1782362066.520079,0.002000570297241211
295329,normal,966,2,1782362066.5220892,0.002010345458984375
295330,normal,455,0,1782362066.5240588,0.001969575881958008
295331,normal,1634,0,1782362066.5261176,0.002058744430541992
295332,normal,2710,0,1782362066.5280285,0.0019109249114990234
295333,normal,3692,0,1782362066.5300415,0.002012968063354492
295334,normal,1777,0,1782362066.532133,0.002091646194458008
295335,normal,2600,0,1782362066.5340712,0.0019381046295166016
295336,normal,2580,0,1782362066.5360873,0.0020160675048828125
295337,normal,1235,0,1782362066.5381727,0.002085447311401367
295338,normal,2591,0,1782362066.540056,0.0018832683563232422
295339,normal,769,0,1782362066.5421042,0.0020482540130615234
295340,normal,687,0,1782362066.544082,0.001977682113647461
295341,normal,192,0,1782362066.546013,0.0019311904907226562
295342,normal,1794,0,1782362066.548077,0.0020639896392822266
295343,normal,381,0,1782362066.5500872,0.0020101070404052734
295344,normal,1273,0,1782362066.551997,0.0019097328186035156
295345,normal,175,0,1782362066.554014,0.0020170211791992188
295346,normal,3354,1,1782362066.5560133,0.001999378204345703
295347,normal,570,0,1782362066.5580206,0.0020072460174560547
295348,normal,3445,0,1782362066.5600343,0.002013683319091797
295349,normal,2094,0,1782362066.562025,0.001990795135498047
295350,normal,2999,0,1782362066.5640554,0.0020303726196289062
295351,normal,263,0,1782362066.5660496,0.0019941329956054688
295352,normal,2275,0,1782362066.5680206,0.001971006393432617
295353,normal,3101,1,1782362066.5701578,0.0021371841430664062
295354,normal,216,0,1782362066.5720885,0.0019307136535644531
295355,normal,3393,1,1782362066.5740557,0.001967191696166992
295356,normal,1693,0,1782362066.576033,0.0019774436950683594
295357,normal,627,0,1782362066.5780602,0.0020270347595214844
295358,normal,2078,0,1782362066.5800314,0.0019712448120117188
295359,normal,1381,1,1782362066.5821016,0.002070188522338867
295360,normal,1049,0,1782362066.5840259,0.001924276351928711
295361,normal,785,2,1782362066.5860302,0.002004384994506836
295362,normal,2969,0,1782362066.5880704,0.0020401477813720703
295363,normal,2589,0,1782362066.590033,0.0019626617431640625
295364,normal,1522,0,1782362066.5920527,0.002019643783569336
295365,normal,2692,0,1782362066.5940635,0.002010822296142578
295366,normal,3562,0,1782362066.59607,0.00200653076171875
295367,normal,3397,1,1782362066.5981653,0.0020952224731445312
295368,normal,730,0,1782362066.6001263,0.0019609928131103516
295369,normal,3245,1,1782362066.602024,0.0018978118896484375
295370,normal,1153,0,1782362066.6040978,0.0020737648010253906
295371,normal,118,0,1782362066.6060178,0.0019199848175048828
295372,normal,725,0,1782362066.608112,0.002094268798828125
295373,normal,3392,1,1782362066.610075,0.001962900161743164
295374,normal,2668,0,1782362066.6121585,0.0020835399627685547
295375,normal,2300,0,1782362066.614041,0.0018825531005859375
295376,normal,1007,2,1782362066.6161091,0.002068042755126953
295377,normal,991,2,1782362066.618014,0.0019049644470214844
295378,normal,2645,0,1782362066.620076,0.0020618438720703125
295379,normal,748,0,1782362066.6221328,0.0020568370819091797
295380,normal,2950,0,1782362066.6240218,0.0018889904022216797
295381,normal,3584,0,1782362066.626056,0.0020341873168945312
295382,normal,1589,0,1782362066.6282854,0.002229452133178711
295383,normal,3106,1,1782362066.630038,0.001752614974975586
295384,normal,3658,0,1782362066.6320796,0.0020415782928466797
295385,normal,3640,0,1782362066.6342428,0.0021631717681884766
295386,normal,2900,0,1782362066.6360164,0.0017735958099365234
295387,normal,554,0,1782362066.638182,0.002165555953979492
295388,normal,2925,0,1782362066.640263,0.002081155776977539
295389,normal,3360,1,1782362066.6420777,0.0018146038055419922
295390,normal,2929,0,1782362066.6441293,0.0020515918731689453
295391,normal,3409,0,1782362066.646248,0.002118825912475586
295392,normal,418,0,1782362066.6480353,0.0017871856689453125
295393,normal,1791,0,1782362066.6501098,0.0020744800567626953
295394,normal,2606,0,1782362066.6522803,0.002170562744140625
295395,normal,5,0,1782362066.654087,0.0018067359924316406
295396,normal,1332,1,1782362066.6560736,0.0019865036010742188
295397,normal,3258,1,1782362066.658213,0.0021393299102783203
295398,normal,144,0,1782362066.6599724,0.0017595291137695312
295399,normal,717,0,1782362066.6620746,0.0021021366119384766
295400,normal,3045,1,1782362066.6641283,0.0020537376403808594
295401,normal,2128,0,1782362066.666012,0.0018837451934814453
295402,normal,2259,0,1782362066.6680598,0.0020477771759033203
295403,normal,2598,0,1782362066.670134,0.0020742416381835938
295404,normal,138,0,1782362066.6720283,0.001894235610961914
295405,normal,1149,0,1782362066.6740303,0.0020020008087158203
295406,normal,3448,0,1782362066.6761768,0.002146482467651367
295407,normal,1215,0,1782362066.6780074,0.0018305778503417969
295408,normal,807,2,1782362066.6800392,0.0020318031311035156
295409,normal,2072,0,1782362066.6821175,0.0020782947540283203
295410,normal,1484,0,1782362066.6840127,0.0018951892852783203
295411,normal,3474,0,1782362066.6860766,0.0020639896392822266
295412,normal,3661,0,1782362066.6883183,0.0022416114807128906
295413,normal,1564,0,1782362066.6905105,0.002192258834838867
295414,normal,2936,0,1782362066.6924634,0.0019528865814208984
295415,normal,2303,0,1782362066.694779,0.002315521240234375
295416,normal,1060,0,1782362066.6961925,0.001413583755493164
295417,normal,1926,0,1782362066.6982079,0.002015352249145508
295418,normal,2806,0,1782362066.7000506,0.0018427371978759766
295419,normal,1353,1,1782362066.702228,0.0021774768829345703
295420,normal,1556,0,1782362066.7040417,0.001813650131225586
295421,normal,2982,0,1782362066.7061462,0.002104520797729492
295422,normal,1975,0,1782362066.708033,0.0018868446350097656
295423,normal,1652,0,1782362066.7101681,0.002135038375854492
295424,normal,1119,0,1782362066.7124135,0.0022454261779785156
295425,normal,1583,0,1782362066.7141435,0.0017299652099609375
295426,normal,77,0,1782362066.716105,0.0019614696502685547
295427,normal,1821,0,1782362066.718364,0.0022590160369873047
295428,normal,1580,0,1782362066.7203074,0.001943349838256836
295429,normal,1366,1,1782362066.7222018,0.0018944740295410156
295430,normal,3115,1,1782362066.7241762,0.001974344253540039
295431,normal,2765,0,1782362066.7261207,0.0019445419311523438
295432,normal,57,0,1782362066.7281473,0.0020265579223632812
295433,normal,2564,0,1782362066.7302938,0.002146482467651367
295434,normal,2136,0,1782362066.7320998,0.001806020736694336
295435,normal,3447,0,1782362066.7340364,0.0019366741180419922
295436,normal,734,0,1782362066.736146,0.002109527587890625
295437,normal,3293,1,1782362066.7380567,0.0019106864929199219
295438,normal,3512,0,1782362066.7401958,0.0021390914916992188
295439,normal,3642,0,1782362066.7422054,0.0020096302032470703
295440,normal,2047,0,1782362066.7440588,0.0018534660339355469
295441,normal,582,0,1782362066.7460608,0.0020020008087158203
295442,normal,3314,1,1782362066.7481384,0.0020775794982910156
295443,normal,2522,0,1782362066.750051,0.0019125938415527344
295444,normal,861,2,1782362066.7522023,0.0021512508392333984
295445,normal,1978,0,1782362066.7548804,0.0026781558990478516
295446,normal,844,2,1782362066.7562294,0.0013489723205566406
295447,normal,3491,0,1782362066.7580833,0.00185394287109375
295448,normal,2420,0,1782362066.7601643,0.0020809173583984375
295449,normal,50,0,1782362066.7620723,0.0019080638885498047
295450,normal,442,0,1782362066.764041,0.0019686222076416016
295451,normal,2279,0,1782362066.7661085,0.00206756591796875
295452,normal,150,0,1782362066.7683117,0.002203226089477539
295453,normal,317,0,1782362066.7700956,0.0017838478088378906
295454,normal,2369,0,1782362066.772123,0.0020275115966796875
295455,normal,3698,0,1782362066.774059,0.0019359588623046875
295456,normal,969,2,1782362066.7761593,0.002100229263305664
295457,normal,2935,0,1782362066.7781966,0.0020372867584228516
295458,normal,2500,0,1782362066.7800686,0.0018720626831054688
295459,normal,1796,0,1782362066.7822452,0.002176523208618164
295460,normal,3652,0,1782362066.7842221,0.0019769668579101562
295461,normal,2140,0,1782362066.786111,0.0018889904022216797
295462,normal,2511,0,1782362066.7881129,0.0020017623901367188
295463,normal,64,0,1782362066.790557,0.002444028854370117
295464,normal,2759,0,1782362066.7927675,0.0022106170654296875
295465,normal,3057,1,1782362066.7942564,0.0014889240264892578
295466,normal,818,2,1782362066.7962594,0.0020029544830322266
295467,normal,1661,0,1782362066.798711,0.002451658248901367
295468,normal,3566,0,1782362066.8004467,0.001735687255859375
295469,normal,664,0,1782362066.8022196,0.0017728805541992188
295470,normal,704,0,1782362066.8041506,0.0019309520721435547
295471,normal,685,0,1782362066.8064492,0.002298593521118164
295472,normal,1554,0,1782362066.8084462,0.0019969940185546875
295473,normal,2946,0,1782362066.8103309,0.0018846988677978516
295474,normal,2814,0,1782362066.8121066,0.0017757415771484375
295475,normal,1571,0,1782362066.8141086,0.0020020008087158203
295476,normal,1663,0,1782362066.8160355,0.0019268989562988281
295477,normal,1196,0,1782362066.8181098,0.0020742416381835938
295478,normal,3228,1,1782362066.8202953,0.0021855831146240234
295479,normal,2505,0,1782362066.8221786,0.0018832683563232422
295480,normal,3036,0,1782362066.8241615,0.0019829273223876953
295481,normal,2173,0,1782362066.826086,0.0019245147705078125
295482,normal,3143,1,1782362066.8281157,0.0020296573638916016
295483,normal,940,2,1782362066.830205,0.002089262008666992
295484,normal,1621,0,1782362066.8322682,0.002063274383544922
295485,normal,367,0,1782362066.8342261,0.0019578933715820312
295486,normal,2193,0,1782362066.8363924,0.002166271209716797
295487,normal,2801,0,1782362066.838329,0.0019366741180419922
295488,normal,3668,0,1782362066.8402874,0.0019583702087402344
295489,normal,3498,0,1782362066.8420682,0.0017807483673095703
295490,normal,1977,0,1782362066.8441064,0.002038240432739258
295491,normal,2206,0,1782362066.8462605,0.002154111862182617
295492,normal,2917,0,1782362066.8482058,0.0019452571868896484
295493,normal,3287,1,1782362066.8502955,0.0020897388458251953
295494,normal,377,0,1782362066.852153,0.0018575191497802734
295495,normal,3424,0,1782362066.8541908,0.0020377635955810547
295496,normal,3207,1,1782362066.8561184,0.0019276142120361328
295497,normal,3236,1,1782362066.858304,0.0021855831146240234
295498,normal,1577,0,1782362066.860169,0.0018649101257324219
295499,normal,1396,0,1782362066.862187,0.002017974853515625
295500,normal,3554,0,1782362066.8642778,0.002090930938720703
295501,normal,3108,1,1782362066.866392,0.0021140575408935547
295502,normal,3618,0,1782362066.8684628,0.002070903778076172
295503,normal,3382,1,1782362066.870429,0.001966238021850586
295504,normal,2013,0,1782362066.8722563,0.001827239990234375
295505,normal,739,0,1782362066.8744676,0.002211332321166992
295506,normal,3324,1,1782362066.8763924,0.001924753189086914
295507,normal,860,2,1782362066.878173,0.0017807483673095703
295508,normal,654,0,1782362066.8802378,0.0020647048950195312
295509,normal,2720,0,1782362066.8820546,0.0018167495727539062
295510,normal,562,0,1782362066.8842359,0.0021812915802001953
295511,normal,1746,0,1782362066.8861685,0.0019326210021972656
295512,normal,2427,0,1782362066.8882585,0.002089977264404297
295513,normal,2501,0,1782362066.8902926,0.0020341873168945312
295514,normal,3277,1,1782362066.8922455,0.0019528865814208984
295515,normal,2332,0,1782362066.8941367,0.0018911361694335938
295516,normal,1984,0,1782362066.896272,0.0021352767944335938
295517,normal,3268,1,1782362066.8982058,0.0019338130950927734
295518,normal,3461,0,1782362066.9001322,0.001926422119140625
295519,normal,2095,0,1782362066.9026432,0.0025110244750976562
295520,normal,1562,0,1782362066.904356,0.001712799072265625
295521,normal,2674,0,1782362066.9061928,0.0018367767333984375
295522,normal,394,0,1782362066.9081955,0.002002716064453125
295523,normal,29,0,1782362066.910216,0.002020597457885742
295524,normal,659,0,1782362066.9121203,0.0019042491912841797
295525,normal,3633,0,1782362066.914227,0.0021066665649414062
295526,normal,3048,1,1782362066.9163947,0.0021677017211914062
295527,normal,2069,0,1782362066.918244,0.0018491744995117188
295528,normal,3051,1,1782362066.9201667,0.0019228458404541016
295529,normal,507,0,1782362066.9224484,0.002281665802001953
295530,normal,2698,0,1782362066.9241648,0.0017163753509521484
295531,normal,2855,0,1782362066.9263546,0.0021898746490478516
295532,normal,2405,0,1782362066.928239,0.00188446044921875
295533,normal,2681,0,1782362066.930223,0.0019838809967041016
295534,normal,2036,0,1782362066.9323022,0.0020792484283447266
295535,normal,1541,0,1782362066.9342728,0.001970529556274414
295536,normal,3527,0,1782362066.936405,0.0021321773529052734
295537,normal,1168,0,1782362066.9382887,0.0018837451934814453
295538,normal,1401,0,1782362066.940346,0.002057313919067383
295539,normal,1221,0,1782362066.9421806,0.0018346309661865234
295540,normal,2609,0,1782362066.9445074,0.0023267269134521484
295541,normal,1114,0,1782362066.946301,0.0017936229705810547
295542,normal,3267,1,1782362066.9481795,0.001878499984741211
295543,normal,476,0,1782362066.9503865,0.002207040786743164
295544,normal,631,0,1782362066.952313,0.001926422119140625
295545,normal,1360,1,1782362066.9541996,0.001886606216430664
295546,normal,1257,0,1782362066.9563644,0.0021648406982421875
295547,normal,1679,0,1782362066.9590375,0.0026731491088867188
295548,normal,293,0,1782362066.961084,0.002046346664428711
295549,normal,2465,0,1782362066.9623868,0.001302957534790039
295550,normal,3162,1,1782362066.9642506,0.001863718032836914
295551,normal,1888,0,1782362066.966115,0.0018644332885742188
295552,normal,321,0,1782362066.9682238,0.0021088123321533203
295553,normal,2255,0,1782362066.970236,0.0020122528076171875
295554,normal,3225,1,1782362066.9720912,0.0018551349639892578
295555,normal,220,0,1782362066.974292,0.0022008419036865234
295556,normal,3453,0,1782362066.9763162,0.0020241737365722656
295557,normal,641,0,1782362066.9781027,0.0017864704132080078
295558,normal,1019,2,1782362066.980248,0.0021452903747558594
295559,normal,1494,0,1782362066.982211,0.0019631385803222656
295560,normal,3414,0,1782362066.9841478,0.0019366741180419922
295561,normal,3669,0,1782362066.986229,0.002081155776977539
295562,normal,805,2,1782362066.9882324,0.0020034313201904297
295563,normal,713,0,1782362066.9906292,0.002396821975708008
295564,normal,3694,0,1782362066.9923465,0.0017173290252685547
295565,normal,1898,0,1782362066.9941711,0.0018246173858642578
295566,normal,336,0,1782362066.9963124,0.002141237258911133
295567,normal,907,2,1782362066.9982045,0.00189208984375
295568,normal,143,0,1782362067.00019,0.0019855499267578125
295569,normal,2027,0,1782362067.0021887,0.0019986629486083984
295570,normal,1630,0,1782362067.004041,0.001852273941040039
295571,normal,890,2,1782362067.0064247,0.002383708953857422
295572,normal,1673,0,1782362067.0082371,0.0018124580383300781
295573,normal,702,0,1782362067.010166,0.0019288063049316406
295574,normal,2573,0,1782362067.0121121,0.0019462108612060547
295575,normal,1586,0,1782362067.0142848,0.002172708511352539
295576,normal,3585,0,1782362067.0165205,0.0022356510162353516
295577,normal,2701,0,1782362067.018169,0.0016484260559082031
295578,normal,1955,0,1782362067.0200646,0.0018956661224365234
295579,normal,357,0,1782362067.0220377,0.0019731521606445312
295580,normal,564,0,1782362067.0241017,0.0020639896392822266
295581,normal,3641,0,1782362067.0260944,0.0019927024841308594
295582,normal,2387,0,1782362067.028086,0.0019915103912353516
295583,normal,41,0,1782362067.0301404,0.002054452896118164
295584,normal,538,0,1782362067.032153,0.002012491226196289
295585,normal,270,0,1782362067.034042,0.0018889904022216797
295586,normal,382,0,1782362067.0361295,0.0020875930786132812
295587,normal,3426,0,1782362067.038227,0.002097606658935547
295588,normal,644,0,1782362067.0401752,0.0019481182098388672
295589,normal,3595,0,1782362067.0421705,0.0019953250885009766
295590,normal,2176,0,1782362067.0441015,0.0019309520721435547
295591,normal,881,2,1782362067.0461156,0.00201416015625
295592,normal,3352,1,1782362067.0481417,0.002026081085205078
295593,normal,3264,1,1782362067.0502687,0.002126932144165039
295594,normal,1238,0,1782362067.0521197,0.0018510818481445312
295595,normal,2244,0,1782362067.0542614,0.002141714096069336
295596,normal,988,2,1782362067.0561287,0.0018672943115234375
295597,normal,1699,0,1782362067.0582447,0.002115964889526367
295598,normal,289,0,1782362067.0602503,0.0020055770874023438
295599,normal,496,0,1782362067.0621607,0.0019104480743408203
295600,normal,1714,0,1782362067.0642526,0.0020918846130371094
295601,normal,1473,0,1782362067.0662901,0.002037525177001953
295602,normal,3269,1,1782362067.0681708,0.001880645751953125
295603,normal,690,0,1782362067.0703204,0.0021495819091796875
295604,normal,97,0,1782362067.0722468,0.001926422119140625
295605,normal,3112,1,1782362067.0742,0.001953125
295606,normal,1676,0,1782362067.0763094,0.002109527587890625
295607,normal,3341,1,1782362067.07828,0.001970529556274414
295608,normal,764,0,1782362067.080094,0.001814126968383789
295609,normal,447,0,1782362067.0821953,0.0021011829376220703
295610,normal,1868,0,1782362067.0842023,0.002007007598876953
295611,normal,45,0,1782362067.0860627,0.0018603801727294922
295612,normal,2885,0,1782362067.0882254,0.0021626949310302734
295613,normal,1685,0,1782362067.090288,0.002062559127807617
295614,normal,2748,0,1782362067.0921125,0.0018246173858642578
295615,normal,1122,0,1782362067.0943468,0.002234220504760742
295616,normal,1830,0,1782362067.096221,0.0018742084503173828
295617,normal,1536,0,1782362067.0981216,0.0019006729125976562
295618,normal,1730,0,1782362067.1002297,0.0021080970764160156
295619,normal,260,0,1782362067.102487,0.0022573471069335938
295620,normal,3619,0,1782362067.1043453,0.0018582344055175781
295621,normal,1961,0,1782362067.1061375,0.0017921924591064453
295622,normal,338,0,1782362067.1082122,0.002074718475341797
295623,normal,184,0,1782362067.1100962,0.0018839836120605469
295624,normal,1199,0,1782362067.1121762,0.0020799636840820312
295625,normal,2723,0,1782362067.1142669,0.0020906925201416016
295626,normal,215,0,1782362067.116113,0.0018460750579833984
295627,normal,1093,0,1782362067.1183345,0.0022215843200683594
295628,normal,1091,0,1782362067.1202607,0.0019261837005615234
295629,normal,3302,1,1782362067.122329,0.0020682811737060547
295630,normal,3199,1,1782362067.1241362,0.0018072128295898438
295631,normal,98,0,1782362067.1263006,0.0021643638610839844
295632,normal,1047,0,1782362067.1281092,0.0018086433410644531
295633,normal,2742,0,1782362067.130284,0.002174854278564453
295634,normal,2635,0,1782362067.1322691,0.0019850730895996094
295635,normal,1497,0,1782362067.1341183,0.0018491744995117188
295636,normal,1810,0,1782362067.13642,0.0023016929626464844
295637,normal,2038,0,1782362067.138437,0.0020170211791992188
295638,normal,1126,0,1782362067.1401312,0.0016942024230957031
295639,normal,850,2,1782362067.142276,0.0021448135375976562
295640,normal,2752,0,1782362067.1442974,0.002021312713623047
295641,normal,76,0,1782362067.1467545,0.002457141876220703
295642,normal,3572,0,1782362067.148183,0.0014286041259765625
295643,normal,3272,1,1782362067.1504023,0.0022192001342773438
295644,normal,1014,2,1782362067.152301,0.0018987655639648438
295645,normal,3495,0,1782362067.1545286,0.0022275447845458984
295646,normal,3604,0,1782362067.1564221,0.0018935203552246094
295647,normal,2053,0,1782362067.1585312,0.002109050750732422
295648,normal,3182,1,1782362067.1606078,0.0020766258239746094
295649,normal,3312,1,1782362067.162837,0.0022292137145996094
295650,normal,994,2,1782362067.1648152,0.001978158950805664
295651,normal,225,0,1782362067.1661162,0.0013010501861572266
295652,normal,224,0,1782362067.1683097,0.002193450927734375
295653,normal,653,0,1782362067.1701074,0.0017976760864257812
295654,normal,2236,0,1782362067.1722357,0.0021283626556396484
295655,normal,3026,0,1782362067.1743445,0.0021088123321533203
295656,normal,3529,0,1782362067.176409,0.0020644664764404297
295657,normal,891,2,1782362067.178186,0.0017769336700439453
295658,normal,2469,0,1782362067.1804826,0.0022966861724853516
295659,normal,2891,0,1782362067.1821406,0.0016579627990722656
295660,normal,2212,0,1782362067.1843033,0.0021626949310302734
295661,normal,3089,1,1782362067.1863315,0.002028226852416992
295662,normal,544,0,1782362067.1882188,0.0018873214721679688
295663,normal,3205,1,1782362067.1903188,0.0020999908447265625
295664,normal,3282,1,1782362067.1922848,0.0019659996032714844
295665,normal,551,0,1782362067.1943684,0.0020835399627685547
295666,normal,2092,0,1782362067.1981723,0.0038039684295654297
295667,normal,2054,0,1782362067.1982684,9.608268737792969e-05
295668,normal,3065,1,1782362067.2004366,0.0021681785583496094
295669,normal,2401,0,1782362067.2023299,0.0018932819366455078
295670,normal,3230,1,1782362067.2043588,0.002028942108154297
295671,normal,3626,0,1782362067.2062118,0.0018529891967773438
295672,normal,2075,0,1782362067.2083805,0.0021686553955078125
295673,normal,2590,0,1782362067.210751,0.002370595932006836
295674,normal,2761,0,1782362067.2123282,0.001577138900756836
295675,normal,2825,0,1782362067.2143543,0.002026081085205078
295676,normal,3028,0,1782362067.2162476,0.0018932819366455078
295677,normal,832,2,1782362067.2186058,0.0023581981658935547
295678,normal,1329,1,1782362067.2203653,0.0017595291137695312
295679,normal,34,0,1782362067.2222822,0.0019168853759765625
295680,normal,1969,0,1782362067.2241113,0.0018291473388671875
295681,normal,1570,0,1782362067.2263293,0.002218008041381836
295682,normal,960,2,1782362067.2282455,0.0019161701202392578
295683,normal,523,0,1782362067.230287,0.0020415782928466797
295684,normal,1780,0,1782362067.2322514,0.0019643306732177734
295685,normal,3181,1,1782362067.2343462,0.002094745635986328
295686,normal,1139,0,1782362067.2361794,0.001833200454711914
295687,normal,2364,0,1782362067.2383611,0.0021817684173583984
295688,normal,1207,0,1782362067.240851,0.002489805221557617
295689,normal,497,0,1782362067.2422585,0.001407623291015625
295690,normal,2799,0,1782362067.244355,0.002096414566040039
295691,normal,197,0,1782362067.2463768,0.00202178955078125
295692,normal,613,0,1782362067.248274,0.0018973350524902344
295693,normal,2032,0,1782362067.2501593,0.0018851757049560547
295694,normal,3005,0,1782362067.2524295,0.002270221710205078
295695,normal,2509,0,1782362067.25424,0.0018105506896972656
295696,normal,1233,0,1782362067.2563179,0.002077817916870117
295697,normal,2619,0,1782362067.2583857,0.0020678043365478516
295698,normal,765,0,1782362067.2601845,0.001798868179321289
295699,normal,2963,0,1782362067.262406,0.0022215843200683594
295700,normal,3286,1,1782362067.26435,0.001943826675415039
295701,normal,1242,0,1782362067.26637,0.002020120620727539
295702,normal,3373,1,1782362067.2684476,0.0020775794982910156
295703,normal,2,0,1782362067.2704904,0.0020427703857421875
295704,normal,481,0,1782362067.2723212,0.0018308162689208984
295705,normal,744,0,1782362067.274378,0.0020568370819091797
295706,normal,1601,0,1782362067.2764504,0.0020723342895507812
295707,normal,256,0,1782362067.2783575,0.0019071102142333984
295708,normal,163,0,1782362067.2802634,0.0019059181213378906
295709,normal,933,2,1782362067.2823415,0.0020780563354492188
295710,normal,3164,1,1782362067.2841067,0.0017652511596679688
295711,normal,2998,0,1782362067.2862656,0.0021588802337646484
295712,normal,233,0,1782362067.2882278,0.0019621849060058594
295713,normal,2135,0,1782362067.2904096,0.0021817684173583984
295714,normal,735,0,1782362067.2923489,0.0019392967224121094
295715,normal,3128,1,1782362067.2943141,0.0019652843475341797
295716,normal,851,2,1782362067.2963653,0.002051115036010742
295717,normal,3285,1,1782362067.298239,0.0018737316131591797
295718,normal,2389,0,1782362067.3002462,0.0020072460174560547
295719,normal,44,0,1782362067.3021474,0.0019011497497558594
295720,normal,3077,1,1782362067.3049958,0.002848386764526367
295721,normal,1080,0,1782362067.3064742,0.001478433609008789
295722,normal,3539,0,1782362067.3082278,0.0017535686492919922
295723,normal,1278,0,1782362067.3102267,0.0019989013671875
295724,normal,2816,0,1782362067.3122253,0.0019986629486083984
295725,normal,474,0,1782362067.3142798,0.002054452896118164
295726,normal,580,0,1782362067.3162882,0.0020084381103515625
295727,normal,1313,0,1782362067.3184757,0.002187490463256836
295728,normal,649,0,1782362067.320304,0.0018281936645507812
295729,normal,3347,1,1782362067.322388,0.002084016799926758
295730,normal,1248,0,1782362067.3243697,0.0019817352294921875
295731,normal,2455,0,1782362067.326189,0.0018193721771240234
295732,normal,3063,1,1782362067.3282657,0.0020766258239746094
295733,normal,229,0,1782362067.3302321,0.0019664764404296875
295734,normal,1020,2,1782362067.332258,0.0020258426666259766
295735,normal,3034,0,1782362067.3342729,0.0020148754119873047
295736,normal,2772,0,1782362067.3362386,0.001965761184692383
295737,normal,1321,1,1782362067.3383844,0.0021457672119140625
295738,normal,1576,0,1782362067.340353,0.0019686222076416016
295739,normal,3055,1,1782362067.3422425,0.0018894672393798828
295740,normal,3219,1,1782362067.34416,0.0019176006317138672
295741,normal,2558,0,1782362067.3463826,0.0022225379943847656
295742,normal,1908,0,1782362067.348297,0.0019145011901855469
295743,normal,2779,0,1782362067.350195,0.0018978118896484375
295744,normal,1197,0,1782362067.352102,0.0019071102142333984
295745,normal,2640,0,1782362067.3545687,0.0024666786193847656
295746,normal,1738,0,1782362067.356233,0.0016641616821289062
295747,normal,2661,0,1782362067.358187,0.0019540786743164062
295748,normal,2265,0,1782362067.3605611,0.0023741722106933594
295749,normal,2872,0,1782362067.3630152,0.002454042434692383
295750,normal,2395,0,1782362067.3643346,0.0013194084167480469
295751,normal,910,2,1782362067.3664124,0.002077817916870117
295752,normal,2652,0,1782362067.3680906,0.0016782283782958984
295753,normal,1151,0,1782362067.370229,0.002138376235961914
295754,normal,2614,0,1782362067.3723145,0.002085447311401367
295755,normal,389,0,1782362067.374114,0.0017995834350585938
295756,normal,983,2,1782362067.3763928,0.0022788047790527344
295757,normal,558,0,1782362067.3782241,0.0018312931060791016
295758,normal,3241,1,1782362067.3804543,0.0022301673889160156
295759,normal,2179,0,1782362067.382205,0.0017507076263427734
295760,normal,1107,0,1782362067.3842447,0.002039670944213867
295761,normal,1362,1,1782362067.3862016,0.001956939697265625
295762,normal,2890,0,1782362067.3883297,0.002128124237060547
295763,normal,2305,0,1782362067.3902986,0.001968860626220703
295764,normal,90,0,1782362067.3922553,0.0019567012786865234
295765,normal,2785,0,1782362067.3947704,0.002515077590942383
295766,normal,1885,0,1782362067.3963766,0.0016062259674072266
295767,normal,107,0,1782362067.3983474,0.0019707679748535156
295768,normal,2693,0,1782362067.4003284,0.001981019973754883
295769,normal,980,2,1782362067.402473,0.0021445751190185547
295770,normal,2960,0,1782362067.4043741,0.0019011497497558594
295771,normal,2201,0,1782362067.406315,0.0019409656524658203
295772,normal,529,0,1782362067.4082246,0.001909494400024414
295773,normal,2850,0,1782362067.4106588,0.002434253692626953
295774,normal,1306,0,1782362067.4123895,0.0017306804656982422
295775,normal,3334,1,1782362067.4143796,0.001990079879760742
295776,normal,3216,1,1782362067.416156,0.0017764568328857422
295777,normal,3336,1,1782362067.4185345,0.0023784637451171875
295778,normal,1088,0,1782362067.420559,0.002024412155151367
295779,normal,935,2,1782362067.422474,0.00191497802734375
295780,normal,2443,0,1782362067.4241743,0.0017004013061523438
295781,normal,3628,0,1782362067.4263291,0.002154827117919922
295782,normal,1812,0,1782362067.4281015,0.0017724037170410156
295783,normal,379,0,1782362067.4302607,0.00215911865234375
295784,normal,3545,0,1782362067.4323611,0.0021004676818847656
295785,normal,2114,0,1782362067.4341302,0.0017690658569335938
295786,normal,2521,0,1782362067.436367,0.0022368431091308594
295787,normal,1588,0,1782362067.4382484,0.0018813610076904297
295788,normal,2311,0,1782362067.4403813,0.002132892608642578
295789,normal,1820,0,1782362067.442328,0.0019466876983642578
295790,normal,3344,1,1782362067.4444382,0.0021102428436279297
295791,normal,1600,0,1782362067.446316,0.0018777847290039062
295792,normal,1430,0,1782362067.448347,0.002031087875366211
295793,normal,2663,0,1782362067.450262,0.00191497802734375
295794,normal,3257,1,1782362067.4523497,0.0020875930786132812
295795,normal,1409,0,1782362067.454203,0.0018532276153564453
295796,normal,3122,1,1782362067.4564352,0.0022323131561279297
295797,normal,2437,0,1782362067.4582357,0.001800537109375
295798,normal,328,0,1782362067.4602695,0.002033710479736328
295799,normal,812,2,1782362067.4624043,0.0021347999572753906
295800,normal,2454,0,1782362067.464283,0.0018787384033203125
295801,normal,2363,0,1782362067.4662108,0.0019278526306152344
295802,normal,888,2,1782362067.4685197,0.0023088455200195312
295803,normal,2372,0,1782362067.4703646,0.0018448829650878906
295804,normal,378,0,1782362067.472448,0.0020835399627685547
295805,normal,2718,0,1782362067.4742873,0.0018391609191894531
295806,normal,2671,0,1782362067.4763997,0.0021123886108398438
295807,normal,2302,0,1782362067.4784646,0.002064943313598633
295808,normal,257,0,1782362067.4804866,0.0020220279693603516
295809,normal,1511,0,1782362067.4823594,0.0018727779388427734
295810,normal,104,0,1782362067.4842184,0.0018589496612548828
295811,normal,563,0,1782362067.4863513,0.002132892608642578
295812,normal,1025,2,1782362067.4881063,0.0017549991607666016
295813,normal,1690,0,1782362067.490324,0.0022177696228027344
295814,normal,737,0,1782362067.4922237,0.00189971923828125
295815,normal,1009,2,1782362067.494404,0.002180337905883789
295816,normal,1822,0,1782362067.4963245,0.001920461654663086
295817,normal,2823,0,1782362067.4983237,0.0019991397857666016
295818,normal,1391,0,1782362067.500261,0.0019373893737792969
295819,normal,160,0,1782362067.5023334,0.0020723342895507812
295820,normal,3174,1,1782362067.504252,0.0019185543060302734
295821,normal,1155,0,1782362067.5072393,0.002987384796142578
295822,normal,2007,0,1782362067.508402,0.0011627674102783203
295823,normal,1957,0,1782362067.5103624,0.001960277557373047
295824,normal,234,0,1782362067.5121326,0.0017702579498291016
295825,normal,2820,0,1782362067.5143507,0.002218008041381836
295826,normal,2146,0,1782362067.5162473,0.0018966197967529297
295827,normal,2361,0,1782362067.5182674,0.002020120620727539
295828,normal,2289,0,1782362067.5203373,0.0020699501037597656
295829,normal,1734,0,1782362067.5225012,0.0021638870239257812
295830,normal,599,0,1782362067.5242894,0.0017881393432617188
295831,normal,2461,0,1782362067.526486,0.0021965503692626953
295832,normal,436,0,1782362067.5283918,0.0019059181213378906
295833,normal,1719,0,1782362067.5303516,0.0019598007202148438
295834,normal,2422,0,1782362067.5324638,0.002112150192260742
295835,normal,54,0,1782362067.5343046,0.001840829849243164
295836,normal,2169,0,1782362067.5362844,0.001979827880859375
295837,normal,1900,0,1782362067.5383966,0.002112150192260742
295838,normal,4,0,1782362067.5408,0.0024034976959228516
295839,normal,2378,0,1782362067.5423884,0.0015883445739746094
295840,normal,3394,1,1782362067.5443509,0.001962423324584961
295841,normal,417,0,1782362067.5464506,0.002099752426147461
295842,normal,2991,0,1782362067.54828,0.001829385757446289
295843,normal,1650,0,1782362067.5506263,0.0023462772369384766
295844,normal,696,0,1782362067.5523396,0.0017132759094238281
295845,normal,2466,0,1782362067.5540977,0.0017580986022949219
295846,normal,1099,0,1782362067.5568142,0.002716541290283203
295847,normal,1433,0,1782362067.5582724,0.0014581680297851562
295848,normal,58,0,1782362067.5604217,0.002149343490600586
295849,normal,2082,0,1782362067.562111,0.0016891956329345703
295850,normal,1837,0,1782362067.5653162,0.0032052993774414062
295851,normal,1756,0,1782362067.5670645,0.0017483234405517578
295852,normal,1651,0,1782362067.5684583,0.0013937950134277344
295853,normal,3425,0,1782362067.5703175,0.0018591880798339844
295854,normal,949,2,1782362067.5721254,0.0018079280853271484
295855,normal,3039,0,1782362067.5742197,0.002094268798828125
295856,normal,3263,1,1782362067.576344,0.002124309539794922
295857,normal,2557,0,1782362067.578134,0.0017900466918945312
295858,normal,1793,0,1782362067.5803075,0.0021734237670898438
295859,normal,2637,0,1782362067.5824351,0.0021276473999023438
295860,normal,1537,0,1782362067.5841067,0.0016715526580810547
295861,normal,3544,0,1782362067.586277,0.0021703243255615234
295862,normal,3052,1,1782362067.5881045,0.0018274784088134766
295863,normal,1828,0,1782362067.5902839,0.002179384231567383
295864,normal,2507,0,1782362067.5921974,0.0019135475158691406
295865,normal,957,2,1782362067.5942953,0.0020978450775146484
295866,normal,2686,0,1782362067.5965717,0.0022764205932617188
295867,normal,2844,0,1782362067.5983531,0.001781463623046875
295868,normal,2286,0,1782362067.600165,0.0018117427825927734
295869,normal,2166,0,1782362067.6022809,0.002115964889526367
295870,normal,459,0,1782362067.6042793,0.001998424530029297
295871,normal,3170,1,1782362067.6064026,0.0021233558654785156
295872,normal,2340,0,1782362067.60824,0.0018372535705566406
295873,normal,3598,0,1782362067.6102889,0.002048969268798828
295874,normal,2632,0,1782362067.612515,0.002226114273071289
295875,normal,1748,0,1782362067.6142545,0.001739501953125
295876,normal,3433,0,1782362067.6161807,0.0019261837005615234
295877,normal,2724,0,1782362067.6186345,0.0024538040161132812
295878,normal,2154,0,1782362067.6205792,0.0019447803497314453
295879,normal,1356,1,1782362067.6222537,0.0016744136810302734
295880,normal,3025,0,1782362067.624133,0.0018794536590576172
295881,normal,2569,0,1782362067.6262305,0.0020973682403564453
295882,normal,376,0,1782362104.1249778,0.0
295883,normal,3124,1,1782362104.1269956,0.0020177364349365234
295884,normal,1377,1,1782362104.1289957,0.002000093460083008
295885,normal,800,2,1782362104.1309988,0.002003192901611328
295886,normal,199,0,1782362104.1330798,0.0020809173583984375
295887,normal,2812,0,1782362104.1348877,0.0018079280853271484
295888,normal,871,2,1782362104.1369839,0.0020961761474609375
295889,normal,837,2,1782362104.1389203,0.0019364356994628906
295890,normal,890,2,1782362104.1408577,0.0019373893737792969
295891,normal,702,0,1782362104.1429887,0.0021309852600097656
295892,normal,1261,0,1782362104.1448731,0.00188446044921875
295893,normal,2595,0,1782362104.1469557,0.0020825862884521484
295894,normal,774,2,1782362104.148899,0.001943349838256836
295895,normal,1289,0,1782362104.150888,0.0019888877868652344
295896,normal,827,2,1782362104.1529377,0.002049684524536133
295897,normal,1764,0,1782362104.1549087,0.001971006393432617
295898,normal,58,0,1782362104.156891,0.001982450485229492
295899,normal,1725,0,1782362104.1589804,0.002089262008666992
295900,normal,159,0,1782362104.160912,0.0019316673278808594
295901,normal,2631,0,1782362104.162931,0.0020189285278320312
295902,normal,2826,0,1782362104.1649134,0.001982450485229492
295903,normal,2102,0,1782362104.166981,0.00206756591796875
295904,normal,2422,0,1782362104.1689327,0.0019516944885253906
295905,normal,3088,1,1782362104.1709146,0.001981973648071289
295906,normal,2399,0,1782362104.1729074,0.0019927024841308594
295907,normal,551,0,1782362104.1749275,0.002020120620727539
295908,normal,2204,0,1782362104.1769192,0.001991748809814453
295909,normal,3071,1,1782362104.1789336,0.0020143985748291016
295910,normal,90,0,1782362104.1809618,0.002028226852416992
295911,normal,472,0,1782362104.182911,0.0019490718841552734
295912,normal,3480,0,1782362104.1849072,0.001996278762817383
295913,normal,896,2,1782362104.1869628,0.002055644989013672
295914,normal,1118,0,1782362104.1889136,0.0019507408142089844
295915,normal,684,0,1782362104.1909072,0.0019936561584472656
295916,normal,1250,0,1782362104.1929579,0.002050638198852539
295917,normal,938,2,1782362104.1949098,0.0019519329071044922
295918,normal,3206,1,1782362104.1969066,0.001996755599975586
295919,normal,3457,0,1782362104.198966,0.002059459686279297
295920,normal,1733,0,1782362104.2009087,0.0019426345825195312
295921,normal,2760,0,1782362104.2029076,0.0019989013671875
295922,normal,108,0,1782362104.204962,0.002054452896118164
295923,normal,2652,0,1782362104.2069092,0.001947164535522461
295924,normal,3371,1,1782362104.2089067,0.0019974708557128906
295925,normal,1330,1,1782362104.2109635,0.0020568370819091797
295926,normal,3459,0,1782362104.2129083,0.0019447803497314453
295927,normal,1916,0,1782362104.2149181,0.002009868621826172
295928,normal,1388,0,1782362104.2169695,0.0020513534545898438
295929,normal,2582,0,1782362104.21891,0.0019404888153076172
295930,normal,894,2,1782362104.2209804,0.0020704269409179688
295931,normal,3703,0,1782362104.222962,0.001981496810913086
295932,normal,1244,0,1782362104.2249138,0.0019519329071044922
295933,normal,3000,0,1782362104.2269096,0.0019958019256591797
295934,normal,1417,0,1782362104.2289627,0.0020530223846435547
295935,normal,3186,1,1782362104.230914,0.001951456069946289
295936,normal,1380,1,1782362104.2330742,0.0021600723266601562
295937,normal,564,0,1782362104.2349622,0.0018880367279052734
295938,normal,3208,1,1782362104.2369056,0.001943349838256836
295939,normal,3699,0,1782362104.2389174,0.0020117759704589844
295940,normal,602,0,1782362104.2409587,0.002041339874267578
295941,normal,2762,0,1782362104.24291,0.0019512176513671875
295942,normal,3509,0,1782362104.245002,0.002092123031616211
295943,normal,3466,0,1782362104.2469087,0.0019066333770751953
295944,normal,2913,0,1782362104.2489076,0.0019989013671875
295945,normal,757,0,1782362104.2509441,0.002036571502685547
295946,normal,1318,0,1782362104.252917,0.0019729137420654297
295947,normal,2193,0,1782362104.2549133,0.001996278762817383
295948,normal,1570,0,1782362104.2569437,0.0020303726196289062
295949,normal,3275,1,1782362104.258961,0.0020172595977783203
295950,normal,3120,1,1782362104.2609136,0.0019526481628417969
295951,normal,2715,0,1782362104.2629082,0.001994609832763672
295952,normal,2514,0,1782362104.2649584,0.002050161361694336
295953,normal,3521,0,1782362104.266911,0.0019526481628417969
295954,normal,2805,0,1782362104.2689087,0.001997709274291992
295955,normal,350,0,1782362104.2709582,0.0020494461059570312
295956,normal,277,0,1782362104.272907,0.0019488334655761719
295957,normal,322,0,1782362104.2749236,0.0020165443420410156
295958,normal,439,0,1782362104.2769585,0.002034902572631836
295959,normal,1657,0,1782362104.2789052,0.0019466876983642578
295960,normal,1169,0,1782362104.2809434,0.002038240432739258
295961,normal,3317,1,1782362104.2829576,0.00201416015625
295962,normal,585,0,1782362104.2849088,0.0019512176513671875
295963,normal,2121,0,1782362104.2869081,0.001999378204345703
295964,normal,389,0,1782362104.2889557,0.0020475387573242188
295965,normal,1158,0,1782362104.2909074,0.0019516944885253906
295966,normal,3160,1,1782362104.2929094,0.0020020008087158203
295967,normal,755,0,1782362104.294965,0.002055644989013672
295968,normal,658,0,1782362104.2969072,0.0019421577453613281
295969,normal,2366,0,1782362104.298907,0.0019998550415039062
295970,normal,520,0,1782362104.3009593,0.00205230712890625
295971,normal,3413,0,1782362104.3029075,0.0019481182098388672
295972,normal,423,0,1782362104.3048985,0.0019910335540771484
295973,normal,3092,1,1782362104.306963,0.0020644664764404297
295974,normal,1121,0,1782362104.3089108,0.0019478797912597656
295975,normal,1523,0,1782362104.3109107,0.0019998550415039062
295976,normal,1864,0,1782362104.3129597,0.002048969268798828
295977,normal,2048,0,1782362104.3149097,0.0019500255584716797
295978,normal,2586,0,1782362104.3169086,0.0019989013671875
295979,normal,2948,0,1782362104.3189578,0.0020492076873779297
295980,normal,3210,1,1782362104.3209095,0.0019516944885253906
295981,normal,2446,0,1782362104.3229096,0.002000093460083008
295982,normal,738,0,1782362104.3250828,0.002173185348510742
295983,normal,849,2,1782362104.326942,0.0018591880798339844
295984,normal,899,2,1782362104.3291237,0.0021817684173583984
295985,normal,1537,0,1782362104.3310487,0.0019249916076660156
295986,normal,1761,0,1782362104.3330126,0.0019638538360595703
295987,normal,618,0,1782362104.335126,0.00211334228515625
295988,normal,586,0,1782362104.336973,0.0018470287322998047
295989,normal,91,0,1782362104.3390608,0.002087831497192383
295990,normal,1670,0,1782362104.3409874,0.0019266605377197266
295991,normal,323,0,1782362104.3431163,0.0021288394927978516
295992,normal,2989,0,1782362104.3449388,0.0018224716186523438
295993,normal,2368,0,1782362104.3471494,0.0022106170654296875
295994,normal,2293,0,1782362104.3490465,0.0018970966339111328
295995,normal,2197,0,1782362104.3509529,0.0019063949584960938
295996,normal,2284,0,1782362104.3530045,0.0020515918731689453
295997,normal,3197,1,1782362104.3549175,0.0019130706787109375
295998,normal,2674,0,1782362104.3569226,0.0020051002502441406
295999,normal,1280,0,1782362104.3588989,0.0019762516021728516
296000,normal,1106,0,1782362104.360933,0.0020341873168945312
296001,normal,2490,0,1782362104.3628986,0.0019655227661132812
296002,normal,3199,1,1782362104.3649058,0.0020072460174560547
296003,normal,1656,0,1782362104.3668976,0.001991748809814453
296004,normal,2021,0,1782362104.3689072,0.0020096302032470703
296005,normal,3694,0,1782362104.3709083,0.002001047134399414
296006,normal,543,0,1782362104.37292,0.0020117759704589844
296007,normal,3125,1,1782362104.3748987,0.001978635787963867
296008,normal,1010,2,1782362104.3768985,0.0019998550415039062
296009,normal,2023,0,1782362104.378915,0.0020165443420410156
296010,normal,2173,0,1782362104.3809037,0.001988649368286133
296011,normal,1009,2,1782362104.382896,0.0019922256469726562
296012,normal,2637,0,1782362104.3849115,0.0020155906677246094
296013,normal,314,0,1782362104.3869016,0.001990079879760742
296014,normal,1778,0,1782362104.3888843,0.0019826889038085938
296015,normal,238,0,1782362104.3908825,0.0019981861114501953
296016,normal,2877,0,1782362104.392884,0.002001523971557617
296017,normal,1867,0,1782362104.3948839,0.0019998550415039062
296018,normal,3116,1,1782362104.3968835,0.0019996166229248047
296019,normal,284,0,1782362104.3988824,0.0019989013671875
296020,normal,1533,0,1782362104.4008834,0.002001047134399414
296021,normal,3305,1,1782362104.402883,0.0019996166229248047
296022,normal,1934,0,1782362104.4049168,0.002033710479736328
296023,normal,1081,0,1782362104.4069264,0.0020096302032470703
296024,normal,281,0,1782362104.4089022,0.0019757747650146484
296025,normal,1035,0,1782362104.4109187,0.0020165443420410156
296026,normal,3072,1,1782362104.4129117,0.001992940902709961
296027,normal,965,2,1782362104.414898,0.001986265182495117
296028,normal,3411,0,1782362104.4169095,0.002011537551879883
296029,normal,1861,0,1782362104.4189107,0.0020012855529785156
296030,normal,1633,0,1782362104.420912,0.0020012855529785156
296031,normal,167,0,1782362104.4229078,0.0019958019256591797
296032,normal,2106,0,1782362104.4249332,0.0020253658294677734
296033,normal,2899,0,1782362104.426903,0.0019698143005371094
296034,normal,639,0,1782362104.42891,0.002007007598876953
296035,normal,2776,0,1782362104.4309304,0.0020203590393066406
296036,normal,2894,0,1782362104.432887,0.0019567012786865234
296037,normal,2941,0,1782362104.4348829,0.0019958019256591797
296038,normal,1649,0,1782362104.43688,0.001997232437133789
296039,normal,3553,0,1782362104.4389086,0.0020284652709960938
296040,normal,2421,0,1782362104.4408803,0.001971721649169922
296041,normal,2573,0,1782362104.4428809,0.002000570297241211
296042,normal,2766,0,1782362104.4449084,0.0020275115966796875
296043,normal,3572,0,1782362104.4468818,0.001973390579223633
296044,normal,156,0,1782362104.4488816,0.0019998550415039062
296045,normal,752,0,1782362104.4509199,0.002038240432739258
296046,normal,2409,0,1782362104.4528806,0.00196075439453125
296047,normal,864,2,1782362104.4548826,0.0020020008087158203
296048,normal,3465,0,1782362104.4568799,0.001997232437133789
296049,normal,3471,0,1782362104.4588828,0.0020029544830322266
296050,normal,812,2,1782362104.4608834,0.002000570297241211
296051,normal,1614,0,1782362104.4628825,0.0019991397857666016
296052,normal,2578,0,1782362104.4648795,0.0019969940185546875
296053,normal,3271,1,1782362104.4668891,0.0020096302032470703
296054,normal,3667,0,1782362104.4688787,0.001989603042602539
296055,normal,3384,1,1782362104.4708798,0.002001047134399414
296056,normal,3575,0,1782362104.4728777,0.0019979476928710938
296057,normal,1021,2,1782362104.474909,0.0020313262939453125
296058,normal,1525,0,1782362104.4768782,0.0019690990447998047
296059,normal,3173,1,1782362104.4788785,0.0020003318786621094
296060,normal,1246,0,1782362104.4809163,0.0020377635955810547
296061,normal,1095,0,1782362104.482882,0.001965761184692383
296062,normal,2693,0,1782362104.4848783,0.001996278762817383
296063,normal,2957,0,1782362104.486906,0.002027750015258789
296064,normal,2846,0,1782362104.4888842,0.001978158950805664
296065,normal,1995,0,1782362104.4908805,0.001996278762817383
296066,normal,1562,0,1782362104.492906,0.002025604248046875
296067,normal,3432,0,1782362104.4948802,0.0019741058349609375
296068,normal,2527,0,1782362104.4968805,0.0020003318786621094
296069,normal,2365,0,1782362104.4989088,0.002028226852416992
296070,normal,285,0,1782362104.5009122,0.0020034313201904297
296071,normal,1281,0,1782362104.502882,0.0019698143005371094
296072,normal,3588,0,1782362104.504881,0.0019989013671875
296073,normal,545,0,1782362104.506881,0.002000093460083008
296074,normal,1474,0,1782362104.5088847,0.0020036697387695312
296075,normal,2669,0,1782362104.510905,0.0020203590393066406
296076,normal,2411,0,1782362104.5128822,0.001977205276489258
296077,normal,189,0,1782362104.5148854,0.002003192901611328
296078,normal,1990,0,1782362104.5169108,0.0020253658294677734
296079,normal,997,2,1782362104.5188816,0.0019707679748535156
296080,normal,3230,1,1782362104.5208821,0.002000570297241211
296081,normal,2130,0,1782362104.5229075,0.0020253658294677734
296082,normal,1103,0,1782362104.5248806,0.0019731521606445312
296083,normal,1000,2,1782362104.5268865,0.0020058155059814453
296084,normal,1701,0,1782362104.5289135,0.0020270347595214844
296085,normal,1678,0,1782362104.5308874,0.001973867416381836
296086,normal,756,0,1782362104.53288,0.0019927024841308594
296087,normal,3500,0,1782362104.5349054,0.0020253658294677734
296088,normal,1534,0,1782362104.5368798,0.001974344253540039
296089,normal,239,0,1782362104.5388803,0.002000570297241211
296090,normal,1433,0,1782362104.5409043,0.002023935317993164
296091,normal,3375,1,1782362104.5428789,0.0019745826721191406
296092,normal,1184,0,1782362104.544879,0.002000093460083008
296093,normal,137,0,1782362104.5469024,0.002023458480834961
296094,normal,1272,0,1782362104.5488806,0.001978158950805664
296095,normal,3182,1,1782362104.5508802,0.0019996166229248047
296096,normal,1785,0,1782362104.5529041,0.002023935317993164
296097,normal,747,0,1782362104.554882,0.0019779205322265625
296098,normal,3416,0,1782362104.556882,0.0019998550415039062
296099,normal,883,2,1782362104.5589042,0.002022266387939453
296100,normal,2026,0,1782362104.5608838,0.0019795894622802734
296101,normal,78,0,1782362104.5628808,0.0019969940185546875
296102,normal,1753,0,1782362104.5649047,0.002023935317993164
296103,normal,1200,0,1782362104.5668972,0.001992464065551758
296104,normal,3399,1,1782362104.5688815,0.0019843578338623047
296105,normal,1468,0,1782362104.5709023,0.0020208358764648438
296106,normal,1142,0,1782362104.5728834,0.001981019973754883
296107,normal,2775,0,1782362104.5748942,0.002010822296142578
296108,normal,2192,0,1782362104.576903,0.0020089149475097656
296109,normal,2095,0,1782362104.5788786,0.001975536346435547
296110,normal,582,0,1782362104.5808852,0.00200653076171875
296111,normal,3659,0,1782362104.5829039,0.0020186901092529297
296112,normal,1253,0,1782362104.5848796,0.0019757747650146484
296113,normal,368,0,1782362104.5868814,0.0020017623901367188
296114,normal,447,0,1782362104.5889049,0.002023458480834961
296115,normal,2462,0,1782362104.5908794,0.0019745826721191406
296116,normal,3326,1,1782362104.5928805,0.002001047134399414
296117,normal,1638,0,1782362104.5949023,0.00202178955078125
296118,normal,629,0,1782362104.5968816,0.001979351043701172
296119,normal,3537,0,1782362104.5988803,0.0019986629486083984
296120,normal,3025,0,1782362104.6009014,0.0020210742950439453
296121,normal,1447,0,1782362104.6028786,0.001977205276489258
296122,normal,3049,1,1782362104.6048787,0.002000093460083008
296123,normal,1632,0,1782362104.6068866,0.0020079612731933594
296124,normal,2152,0,1782362104.6088808,0.0019941329956054688
296125,normal,2163,0,1782362104.6108816,0.0020008087158203125
296126,normal,1112,0,1782362104.6128998,0.0020182132720947266
296127,normal,273,0,1782362104.614879,0.0019791126251220703
296128,normal,214,0,1782362104.6169183,0.0020394325256347656
296129,normal,3583,0,1782362104.61888,0.0019617080688476562
296130,normal,1411,0,1782362104.6208794,0.001999378204345703
296131,normal,1744,0,1782362104.6228788,0.001999378204345703
296132,normal,3496,0,1782362104.6249404,0.002061605453491211
296133,normal,3372,1,1782362104.626879,0.0019385814666748047
296134,normal,1541,0,1782362104.6288798,0.0020008087158203125
296135,normal,3231,1,1782362104.6309264,0.0020465850830078125
296136,normal,2974,0,1782362104.6328793,0.0019528865814208984
296137,normal,3654,0,1782362104.6348794,0.002000093460083008
296138,normal,3345,1,1782362104.6369095,0.0020301342010498047
296139,normal,343,0,1782362104.6388876,0.001978158950805664
296140,normal,2914,0,1782362104.640894,0.0020062923431396484
296141,normal,699,0,1782362104.6436126,0.002718687057495117
296142,normal,2392,0,1782362104.6448839,0.0012712478637695312
296143,normal,3251,1,1782362104.646904,0.002020120620727539
296144,normal,2603,0,1782362104.6488986,0.001994609832763672
296145,normal,1518,0,1782362104.6508973,0.0019986629486083984
296146,normal,625,0,1782362104.6528752,0.0019779205322265625
296147,normal,397,0,1782362104.6549685,0.0020933151245117188
296148,normal,116,0,1782362104.656877,0.0019085407257080078
296149,normal,1833,0,1782362104.658893,0.0020160675048828125
296150,normal,1478,0,1782362104.6609037,0.0020105838775634766
296151,normal,244,0,1782362104.6628747,0.001971006393432617
296152,normal,1220,0,1782362104.6648917,0.0020170211791992188
296153,normal,1650,0,1782362104.6668978,0.002006053924560547
296154,normal,3299,1,1782362104.668873,0.0019752979278564453
296155,normal,3020,0,1782362104.6709082,0.0020351409912109375
296156,normal,2391,0,1782362104.672908,0.0019998550415039062
296157,normal,60,0,1782362104.674875,0.0019669532775878906
296158,normal,3356,1,1782362104.6768932,0.0020182132720947266
296159,normal,1490,0,1782362104.6788974,0.0020041465759277344
296160,normal,3194,1,1782362104.6808734,0.00197601318359375
296161,normal,2814,0,1782362104.6828926,0.002019166946411133
296162,normal,2711,0,1782362104.6848788,0.001986265182495117
296163,normal,3224,1,1782362104.686897,0.0020182132720947266
296164,normal,1258,0,1782362104.688875,0.0019779205322265625
296165,normal,1865,0,1782362104.6909282,0.0020532608032226562
296166,normal,263,0,1782362104.692892,0.0019638538360595703
296167,normal,2423,0,1782362104.6948724,0.001980304718017578
296168,normal,846,2,1782362104.6969306,0.002058267593383789
296169,normal,926,2,1782362104.6988907,0.0019600391387939453
296170,normal,2057,0,1782362104.700874,0.0019834041595458984
296171,normal,1348,1,1782362104.7029295,0.0020554065704345703
296172,normal,3213,1,1782362104.7048914,0.001961946487426758
296173,normal,2126,0,1782362104.7068784,0.001986980438232422
296174,normal,3143,1,1782362104.708922,0.002043485641479492
296175,normal,131,0,1782362104.710903,0.001981019973754883
296176,normal,1968,0,1782362104.7129042,0.0020012855529785156
296177,normal,429,0,1782362104.7149217,0.002017498016357422
296178,normal,2695,0,1782362104.7169008,0.0019791126251220703
296179,normal,353,0,1782362104.7189019,0.002001047134399414
296180,normal,191,0,1782362104.7209194,0.002017498016357422
296181,normal,2895,0,1782362104.7229083,0.0019888877868652344
296182,normal,506,0,1782362104.7249024,0.0019941329956054688
296183,normal,83,0,1782362104.7268972,0.0019948482513427734
296184,normal,2741,0,1782362104.7289002,0.0020029544830322266
296185,normal,1760,0,1782362104.7309005,0.0020003318786621094
296186,normal,2256,0,1782362104.7329178,0.0020172595977783203
296187,normal,782,2,1782362104.7349017,0.0019838809967041016
296188,normal,1844,0,1782362104.7369034,0.0020017623901367188
296189,normal,721,0,1782362104.738919,0.0020155906677246094
296190,normal,2109,0,1782362104.7409012,0.0019822120666503906
296191,normal,1790,0,1782362104.7429004,0.0019991397857666016
296192,normal,1212,0,1782362104.7448938,0.001993417739868164
296193,normal,2521,0,1782362104.746876,0.0019822120666503906
296194,normal,2673,0,1782362104.7489352,0.0020592212677001953
296195,normal,840,2,1782362104.7508924,0.0019571781158447266
296196,normal,1661,0,1782362104.752894,0.002001523971557617
296197,normal,3134,1,1782362104.7548766,0.0019826889038085938
296198,normal,2271,0,1782362104.7569325,0.0020558834075927734
296199,normal,1473,0,1782362104.758899,0.0019664764404296875
296200,normal,475,0,1782362104.7608767,0.001977682113647461
296201,normal,1146,0,1782362104.7629442,0.00206756591796875
296202,normal,272,0,1782362104.7648754,0.0019311904907226562
296203,normal,2054,0,1782362104.7668917,0.002016305923461914
296204,normal,2771,0,1782362104.768932,0.002040386199951172
296205,normal,957,2,1782362104.7708986,0.0019664764404296875
296206,normal,311,0,1782362104.7729151,0.0020165443420410156
296207,normal,1234,0,1782362104.7748935,0.0019783973693847656
296208,normal,3612,0,1782362104.776893,0.001999378204345703
296209,normal,617,0,1782362104.7788754,0.001982450485229492
296210,normal,1668,0,1782362104.7809293,0.002053976058959961
296211,normal,2706,0,1782362104.7828922,0.001962900161743164
296212,normal,3249,1,1782362104.784875,0.0019826889038085938
296213,normal,111,0,1782362104.786928,0.0020530223846435547
296214,normal,3309,1,1782362104.7888942,0.001966238021850586
296215,normal,3403,0,1782362104.7908747,0.0019805431365966797
296216,normal,694,0,1782362104.7929256,0.0020508766174316406
296217,normal,2744,0,1782362104.7948947,0.0019690990447998047
296218,normal,3484,0,1782362104.7968752,0.0019805431365966797
296219,normal,1061,0,1782362104.7989264,0.002051115036010742
296220,normal,1202,0,1782362104.8009007,0.001974344253540039
296221,normal,204,0,1782362104.8028753,0.0019745826721191406
296222,normal,2155,0,1782362104.8049273,0.0020520687103271484
296223,normal,719,0,1782362104.8069172,0.0019898414611816406
296224,normal,648,0,1782362104.8088748,0.0019576549530029297
296225,normal,2505,0,1782362104.8109248,0.0020499229431152344
296226,normal,2700,0,1782362104.812893,0.0019681453704833984
296227,normal,3431,0,1782362104.814875,0.001981973648071289
296228,normal,3178,1,1782362104.8169227,0.0020477771759033203
296229,normal,897,2,1782362104.8188953,0.001972675323486328
296230,normal,2837,0,1782362104.8208745,0.0019791126251220703
296231,normal,1132,0,1782362104.8229299,0.0020554065704345703
296232,normal,1237,0,1782362104.8248978,0.001967906951904297
296233,normal,3261,1,1782362104.8268769,0.0019791126251220703
296234,normal,740,0,1782362104.828927,0.002050161361694336
296235,normal,1681,0,1782362104.8308933,0.001966238021850586
296236,normal,3113,1,1782362104.8328757,0.001982450485229492
296237,normal,15,0,1782362104.834928,0.00205230712890625
296238,normal,3363,1,1782362104.836896,0.001967906951904297
296239,normal,1904,0,1782362104.8388727,0.0019767284393310547
296240,normal,2982,0,1782362104.8409355,0.0020627975463867188
296241,normal,2782,0,1782362104.842894,0.001958608627319336
296242,normal,1922,0,1782362104.8448756,0.001981496810913086
296243,normal,1033,0,1782362104.8469255,0.0020499229431152344
296244,normal,1102,0,1782362104.848892,0.0019664764404296875
296245,normal,1401,0,1782362104.8508756,0.001983642578125
296246,normal,3414,0,1782362104.8529274,0.002051830291748047
296247,normal,259,0,1782362104.854893,0.0019655227661132812
296248,normal,2149,0,1782362104.856874,0.001981019973754883
296249,normal,3647,0,1782362104.8589265,0.0020525455474853516
296250,normal,2327,0,1782362104.8608932,0.001966714859008789
296251,normal,2504,0,1782362104.8628738,0.0019805431365966797
296252,normal,952,2,1782362104.8649237,0.0020499229431152344
296253,normal,1497,0,1782362104.8668923,0.0019686222076416016
296254,normal,102,0,1782362104.8688753,0.0019829273223876953
296255,normal,1936,0,1782362104.8709245,0.0020492076873779297
296256,normal,3228,1,1782362104.872893,0.0019686222076416016
296257,normal,96,0,1782362104.874874,0.001981019973754883
296258,normal,1149,0,1782362104.8769243,0.002050161361694336
296259,normal,3137,1,1782362104.8788996,0.0019752979278564453
296260,normal,2261,0,1782362104.880876,0.001976490020751953
296261,normal,2924,0,1782362104.8829303,0.0020542144775390625
296262,normal,921,2,1782362104.8848927,0.001962423324584961
296263,normal,1269,0,1782362104.8868744,0.0019817352294921875
296264,normal,320,0,1782362104.8889246,0.002050161361694336
296265,normal,1453,0,1782362104.8909047,0.0019800662994384766
296266,normal,1808,0,1782362104.8928754,0.0019707679748535156
296267,normal,1364,1,1782362104.894926,0.002050638198852539
296268,normal,410,0,1782362104.896901,0.001974821090698242
296269,normal,3529,0,1782362104.898875,0.0019741058349609375
296270,normal,401,0,1782362104.9009242,0.0020492076873779297
296271,normal,62,0,1782362104.9028928,0.0019686222076416016
296272,normal,3016,0,1782362104.904874,0.0019812583923339844
296273,normal,856,2,1782362104.9069262,0.0020520687103271484
296274,normal,3336,1,1782362104.9088936,0.0019674301147460938
296275,normal,1640,0,1782362104.9109128,0.002019166946411133
296276,normal,764,0,1782362104.9128942,0.001981496810913086
296277,normal,2939,0,1782362104.9148939,0.0019996166229248047
296278,normal,1251,0,1782362104.9168758,0.001981973648071289
296279,normal,3552,0,1782362104.918943,0.002067089080810547
296280,normal,2960,0,1782362104.9208932,0.0019502639770507812
296281,normal,3080,1,1782362104.9228742,0.001981019973754883
296282,normal,2929,0,1782362104.9249237,0.0020494461059570312
296283,normal,1737,0,1782362104.926892,0.0019683837890625
296284,normal,468,0,1782362104.9288745,0.001982450485229492
296285,normal,1224,0,1782362104.9309318,0.002057313919067383
296286,normal,2176,0,1782362104.9329133,0.001981496810913086
296287,normal,521,0,1782362104.9349089,0.001995563507080078
296288,normal,1201,0,1782362104.93695,0.0020411014556884766
296289,normal,1933,0,1782362104.9389086,0.001958608627319336
296290,normal,3289,1,1782362104.9409103,0.0020017623901367188
296291,normal,3683,0,1782362104.942953,0.0020427703857421875
296292,normal,355,0,1782362104.9449062,0.001953125
296293,normal,3374,1,1782362104.9469087,0.0020024776458740234
296294,normal,667,0,1782362104.9489524,0.0020437240600585938
296295,normal,2006,0,1782362104.950908,0.0019555091857910156
296296,normal,2294,0,1782362104.9529076,0.0019996166229248047
296297,normal,1969,0,1782362104.954954,0.002046346664428711
296298,normal,1814,0,1782362104.9569151,0.001961231231689453
296299,normal,2952,0,1782362104.9589093,0.0019941329956054688
296300,normal,1236,0,1782362104.9609556,0.002046346664428711
296301,normal,2853,0,1782362104.9629083,0.0019526481628417969
296302,normal,255,0,1782362104.9649084,0.002000093460083008
296303,normal,631,0,1782362104.9669478,0.0020394325256347656
296304,normal,372,0,1782362104.9689348,0.001986980438232422
296305,normal,2723,0,1782362104.970915,0.001980304718017578
296306,normal,1238,0,1782362104.972939,0.002023935317993164
296307,normal,3205,1,1782362104.974908,0.0019690990447998047
296308,normal,2727,0,1782362104.976912,0.002003908157348633
296309,normal,1366,1,1782362104.978938,0.002026081085205078
296310,normal,2985,0,1782362104.980907,0.001968860626220703
296311,normal,880,2,1782362104.9829087,0.0020017623901367188
296312,normal,1133,0,1782362104.9849453,0.002036571502685547
296313,normal,928,2,1782362104.9869072,0.001961946487426758
296314,normal,492,0,1782362104.9889085,0.0020012855529785156
296315,normal,3101,1,1782362104.990938,0.0020294189453125
296316,normal,1543,0,1782362104.992908,0.001970052719116211
296317,normal,1729,0,1782362104.9949076,0.0019996166229248047
296318,normal,418,0,1782362104.9969568,0.0020492076873779297
296319,normal,3296,1,1782362104.9989076,0.0019507408142089844
296320,normal,1586,0,1782362105.000906,0.001998424530029297
296321,normal,2722,0,1782362105.0029378,0.0020318031311035156
296322,normal,105,0,1782362105.0049312,0.001993417739868164
296323,normal,3624,0,1782362105.0069084,0.001977205276489258
296324,normal,55,0,1782362105.0089462,0.0020377635955810547
296325,normal,1955,0,1782362105.0109076,0.0019614696502685547
296326,normal,1606,0,1782362105.0129046,0.0019969940185546875
296327,normal,3005,0,1782362105.0149355,0.0020308494567871094
296328,normal,362,0,1782362105.0169067,0.0019712448120117188
296329,normal,2069,0,1782362105.0189126,0.0020058155059814453
296330,normal,2349,0,1782362105.0209463,0.002033710479736328
296331,normal,2571,0,1782362105.0229063,0.0019600391387939453
296332,normal,1089,0,1782362105.0249372,0.0020308494567871094
296333,normal,1853,0,1782362105.0269356,0.001998424530029297
296334,normal,2624,0,1782362105.028907,0.0019714832305908203
296335,normal,2956,0,1782362105.0309107,0.0020036697387695312
296336,normal,3190,1,1782362105.0329456,0.002034902572631836
296337,normal,2870,0,1782362105.0349133,0.0019676685333251953
296338,normal,2699,0,1782362105.0369058,0.001992464065551758
296339,normal,1154,0,1782362105.0389378,0.002032041549682617
296340,normal,3585,0,1782362105.040907,0.0019690990447998047
296341,normal,50,0,1782362105.0429065,0.0019996166229248047
296342,normal,1665,0,1782362105.0449433,0.0020368099212646484
296343,normal,2030,0,1782362105.0469055,0.0019621849060058594
296344,normal,450,0,1782362105.048906,0.002000570297241211
296345,normal,1600,0,1782362105.0509326,0.0020265579223632812
296346,normal,477,0,1782362105.0529068,0.0019741058349609375
296347,normal,3563,0,1782362105.0548882,0.001981496810913086
296348,normal,3549,0,1782362105.0568864,0.0019981861114501953
296349,normal,454,0,1782362105.0588665,0.0019800662994384766
296350,normal,1287,0,1782362105.0608635,0.0019969940185546875
296351,normal,1517,0,1782362105.0628796,0.0020160675048828125
296352,normal,717,0,1782362105.0648632,0.001983642578125
296353,normal,2757,0,1782362105.0668633,0.002000093460083008
296354,normal,2793,0,1782362105.0689166,0.0020532608032226562
296355,normal,621,0,1782362105.0708656,0.0019490718841552734
296356,normal,3618,0,1782362105.0728624,0.001996755599975586
296357,normal,804,2,1782362105.0748885,0.002026081085205078
296358,normal,1782,0,1782362105.076906,0.002017498016357422
296359,normal,328,0,1782362105.0789082,0.002002239227294922
296360,normal,1078,0,1782362105.0809348,0.0020265579223632812
296361,normal,366,0,1782362105.082907,0.001972198486328125
296362,normal,992,2,1782362105.0849054,0.001998424530029297
296363,normal,2325,0,1782362105.0869381,0.002032756805419922
296364,normal,3315,1,1782362105.0889094,0.0019712448120117188
296365,normal,2539,0,1782362105.0909069,0.0019974708557128906
296366,normal,701,0,1782362105.0929327,0.0020258426666259766
296367,normal,3486,0,1782362105.0949063,0.0019736289978027344
296368,normal,2217,0,1782362105.0969064,0.002000093460083008
296369,normal,1053,0,1782362105.0989423,0.002035856246948242
296370,normal,2979,0,1782362105.1009066,0.0019643306732177734
296371,normal,405,0,1782362105.102905,0.001998424530029297
296372,normal,1026,2,1782362105.1049302,0.002025127410888672
296373,normal,3567,0,1782362105.1069067,0.001976490020751953
296374,normal,2287,0,1782362105.108925,0.002018451690673828
296375,normal,104,0,1782362105.1110666,0.0021414756774902344
296376,normal,1908,0,1782362105.1129117,0.0018451213836669922
296377,normal,233,0,1782362105.1149058,0.0019941329956054688
296378,normal,2823,0,1782362105.1169412,0.002035379409790039
296379,normal,1374,1,1782362105.1189055,0.0019643306732177734
296380,normal,245,0,1782362105.1209054,0.0019998550415039062
296381,normal,744,0,1782362105.122942,0.002036571502685547
296382,normal,1795,0,1782362105.1249058,0.0019638538360595703
296383,normal,3046,1,1782362105.126907,0.0020012855529785156
296384,normal,316,0,1782362105.12894,0.0020329952239990234
296385,normal,3219,1,1782362105.1309028,0.0019626617431640625
296386,normal,895,2,1782362105.132901,0.0019981861114501953
296387,normal,2180,0,1782362105.134923,0.0020220279693603516
296388,normal,3430,0,1782362105.1369002,0.001977205276489258
296389,normal,2405,0,1782362105.1389015,0.0020012855529785156
296390,normal,3083,1,1782362105.1409287,0.002027273178100586
296391,normal,1609,0,1782362105.1429014,0.001972675323486328
296392,normal,1690,0,1782362105.1449006,0.0019991397857666016
296393,normal,1462,0,1782362105.1469347,0.0020341873168945312
296394,normal,491,0,1782362105.1489017,0.0019669532775878906
296395,normal,2865,0,1782362105.1509063,0.0020046234130859375
296396,normal,3443,0,1782362105.1529465,0.0020401477813720703
296397,normal,3322,1,1782362105.1549013,0.001954793930053711
296398,normal,1683,0,1782362105.156903,0.0020017623901367188
296399,normal,1658,0,1782362105.1589103,0.0020072460174560547
296400,normal,480,0,1782362105.1609037,0.001993417739868164
296401,normal,179,0,1782362105.1629012,0.0019974708557128906
296402,normal,2927,0,1782362105.1649346,0.0020334720611572266
296403,normal,2375,0,1782362105.1669025,0.001967906951904297
296404,normal,3135,1,1782362105.1689012,0.0019986629486083984
296405,normal,1716,0,1782362105.1709375,0.0020363330841064453
296406,normal,1163,0,1782362105.1730719,0.0021343231201171875
296407,normal,598,0,1782362105.1749763,0.0019044876098632812
296408,normal,1205,0,1782362105.1769564,0.0019800662994384766
296409,normal,2367,0,1782362105.1789234,0.0019669532775878906
296410,normal,442,0,1782362105.1809433,0.0020198822021484375
296411,normal,1812,0,1782362105.1828895,0.0019462108612060547
296412,normal,724,0,1782362105.1849368,0.002047300338745117
296413,normal,3692,0,1782362105.1869054,0.0019686222076416016
296414,normal,1956,0,1782362105.1889381,0.002032756805419922
296415,normal,3195,1,1782362105.1910188,0.002080678939819336
296416,normal,2973,0,1782362105.1929216,0.0019028186798095703
296417,normal,3451,0,1782362105.194909,0.001987457275390625
296418,normal,400,0,1782362105.19694,0.0020308494567871094
296419,normal,103,0,1782362105.1989386,0.0019986629486083984
296420,normal,1047,0,1782362105.2009325,0.001993894577026367
296421,normal,2555,0,1782362105.2030244,0.0020918846130371094
296422,normal,2451,0,1782362105.204908,0.0018835067749023438
296423,normal,901,2,1782362105.206937,0.0020291805267333984
296424,normal,2781,0,1782362105.209005,0.002068042755126953
296425,normal,3607,0,1782362105.2109144,0.0019092559814453125
296426,normal,1756,0,1782362105.2130742,0.0021598339080810547
296427,normal,815,2,1782362105.2149167,0.001842498779296875
296428,normal,1391,0,1782362105.2170165,0.002099752426147461
296429,normal,3571,0,1782362105.2189465,0.0019299983978271484
296430,normal,531,0,1782362105.2210073,0.0020608901977539062
296431,normal,20,0,1782362105.2229056,0.0018982887268066406
296432,normal,2921,0,1782362105.2249174,0.0020117759704589844
296433,normal,275,0,1782362105.2269716,0.0020542144775390625
296434,normal,481,0,1782362105.2288654,0.001893758773803711
296435,normal,2867,0,1782362105.2310853,0.0022199153900146484
296436,normal,1229,0,1782362105.2328749,0.0017895698547363281
296437,normal,2232,0,1782362105.2350605,0.0021855831146240234
296438,normal,1621,0,1782362105.2369277,0.0018672943115234375
296439,normal,386,0,1782362105.2389722,0.0020444393157958984
296440,normal,172,0,1782362105.2408664,0.001894235610961914
296441,normal,182,0,1782362105.2435548,0.0026884078979492188
296442,normal,379,0,1782362105.2449908,0.001435995101928711
296443,normal,1819,0,1782362105.2469106,0.0019197463989257812
296444,normal,180,0,1782362105.2488687,0.001958131790161133
296445,normal,2855,0,1782362105.2509015,0.002032756805419922
296446,normal,3477,0,1782362105.2528906,0.001989126205444336
296447,normal,913,2,1782362105.254978,0.0020873546600341797
296448,normal,2889,0,1782362105.256868,0.001889944076538086
296449,normal,983,2,1782362105.258901,0.0020329952239990234
296450,normal,903,2,1782362105.2608662,0.0019652843475341797
296451,normal,546,0,1782362105.262943,0.002076864242553711
296452,normal,716,0,1782362105.26493,0.001986980438232422
296453,normal,674,0,1782362105.2668812,0.0019512176513671875
296454,normal,3151,1,1782362105.2689376,0.0020563602447509766
296455,normal,3645,0,1782362105.2709546,0.0020170211791992188
296456,normal,1519,0,1782362105.272888,0.0019333362579345703
296457,normal,1192,0,1782362105.2749395,0.0020515918731689453
296458,normal,1741,0,1782362105.2769282,0.001988649368286133
296459,normal,3658,0,1782362105.2788813,0.001953125
296460,normal,1718,0,1782362105.2810056,0.002124309539794922
296461,normal,2029,0,1782362105.2829082,0.0019025802612304688
296462,normal,2373,0,1782362105.2848787,0.001970529556274414
296463,normal,2898,0,1782362105.2869372,0.0020585060119628906
296464,normal,1664,0,1782362105.289007,0.002069711685180664
296465,normal,3150,1,1782362105.2909005,0.0018935203552246094
296466,normal,385,0,1782362105.292938,0.002037525177001953
296467,normal,2100,0,1782362105.2950034,0.002065420150756836
296468,normal,2792,0,1782362105.296923,0.0019195079803466797
296469,normal,393,0,1782362105.2990158,0.0020928382873535156
296470,normal,2778,0,1782362105.300907,0.0018911361694335938
296471,normal,497,0,1782362105.3029141,0.0020072460174560547
296472,normal,753,0,1782362105.304937,0.0020227432250976562
296473,normal,2830,0,1782362105.307003,0.0020661354064941406
296474,normal,3184,1,1782362105.3089676,0.001964569091796875
296475,normal,595,0,1782362105.3110037,0.0020360946655273438
296476,normal,1757,0,1782362105.3129072,0.001903533935546875
296477,normal,2387,0,1782362105.3149204,0.0020132064819335938
296478,normal,3094,1,1782362105.3170028,0.002082347869873047
296479,normal,3254,1,1782362105.318906,0.0019032955169677734
296480,normal,1305,0,1782362105.3209167,0.0020105838775634766
296481,normal,1886,0,1782362105.323081,0.0021643638610839844
296482,normal,2873,0,1782362105.3249137,0.001832723617553711
296483,normal,3192,1,1782362105.3269908,0.0020771026611328125
296484,normal,3595,0,1782362105.3289196,0.0019288063049316406
296485,normal,100,0,1782362105.3310068,0.002087116241455078
296486,normal,727,0,1782362105.3329153,0.0019085407257080078
296487,normal,326,0,1782362105.3350081,0.0020928382873535156
296488,normal,2531,0,1782362105.3369086,0.0019004344940185547
296489,normal,1494,0,1782362105.3389156,0.002007007598876953
296490,normal,2902,0,1782362105.3410132,0.002097606658935547
296491,normal,2343,0,1782362105.3429077,0.0018944740295410156
296492,normal,349,0,1782362105.3449202,0.002012491226196289
296493,normal,1535,0,1782362105.347011,0.002090930938720703
296494,normal,1065,0,1782362105.3492217,0.0022106170654296875
296495,normal,1958,0,1782362105.3510728,0.0018510818481445312
296496,normal,1119,0,1782362105.3529453,0.0018725395202636719
296497,normal,2709,0,1782362105.3552232,0.002277851104736328
296498,normal,3708,0,1782362105.3570964,0.0018732547760009766
296499,normal,3601,0,1782362105.358962,0.0018656253814697266
296500,normal,1242,0,1782362105.361227,0.0022649765014648438
296501,normal,2654,0,1782362105.3630943,0.0018672943115234375
296502,normal,1511,0,1782362105.3649638,0.0018694400787353516
296503,normal,3406,0,1782362105.3673604,0.0023965835571289062
296504,normal,793,2,1782362105.3689609,0.001600503921508789
296505,normal,3196,1,1782362105.3711421,0.0021812915802001953
296506,normal,1923,0,1782362105.373,0.001857757568359375
296507,normal,1500,0,1782362105.375095,0.0020949840545654297
296508,normal,527,0,1782362105.3769643,0.0018694400787353516
296509,normal,57,0,1782362105.379143,0.002178668975830078
296510,normal,1545,0,1782362105.3813465,0.0022034645080566406
296511,normal,2469,0,1782362105.3830755,0.0017290115356445312
296512,normal,203,0,1782362105.384967,0.0018916130065917969
296513,normal,494,0,1782362105.387099,0.002131938934326172
296514,normal,1842,0,1782362105.3889627,0.001863718032836914
296515,normal,1369,1,1782362105.391143,0.002180337905883789
296516,normal,1018,2,1782362105.3929646,0.0018215179443359375
296517,normal,52,0,1782362105.3951385,0.002173900604248047
296518,normal,2302,0,1782362105.3969705,0.0018320083618164062
296519,normal,614,0,1782362105.3990307,0.0020601749420166016
296520,normal,1031,0,1782362105.400942,0.0019114017486572266
296521,normal,3217,1,1782362105.4031503,0.002208232879638672
296522,normal,2144,0,1782362105.405057,0.0019066333770751953
296523,normal,3164,1,1782362105.4069493,0.0018923282623291016
296524,normal,2033,0,1782362105.4090617,0.0021123886108398438
296525,normal,1897,0,1782362105.4109204,0.0018587112426757812
296526,normal,2020,0,1782362105.412971,0.002050638198852539
296527,normal,1153,0,1782362105.4149709,0.0019998550415039062
296528,normal,2255,0,1782362105.4169183,0.0019474029541015625
296529,normal,839,2,1782362105.4189765,0.002058267593383789
296530,normal,2036,0,1782362105.4209702,0.0019936561584472656
296531,normal,1608,0,1782362105.4229226,0.0019524097442626953
296532,normal,1564,0,1782362105.4250007,0.0020780563354492188
296533,normal,2556,0,1782362105.4269714,0.0019707679748535156
296534,normal,2081,0,1782362105.4289222,0.0019507408142089844
296535,normal,2385,0,1782362105.4309692,0.0020470619201660156
296536,normal,967,2,1782362105.4329722,0.0020029544830322266
296537,normal,2170,0,1782362105.4349244,0.0019521713256835938
296538,normal,3402,0,1782362105.436968,0.0020437240600585938
296539,normal,2224,0,1782362105.4389694,0.0020012855529785156
296540,normal,1014,2,1782362105.4409223,0.0019528865814208984
296541,normal,3377,1,1782362105.4429693,0.0020470619201660156
296542,normal,2289,0,1782362105.44497,0.002000570297241211
296543,normal,2570,0,1782362105.4469209,0.001950979232788086
296544,normal,3166,1,1782362105.4489703,0.0020494461059570312
296545,normal,6,0,1782362105.4509697,0.001999378204345703
296546,normal,636,0,1782362105.4529276,0.0019578933715820312
296547,normal,3559,0,1782362105.454969,0.002041339874267578
296548,normal,3577,0,1782362105.4569707,0.0020017623901367188
296549,normal,1161,0,1782362105.4589272,0.001956462860107422
296550,normal,1800,0,1782362105.4609911,0.0020639896392822266
296551,normal,1809,0,1782362105.4629269,0.001935720443725586
296552,normal,1448,0,1782362105.464931,0.0020041465759277344
296553,normal,3487,0,1782362105.4669704,0.0020394325256347656
296554,normal,2243,0,1782362105.4689698,0.001999378204345703
296555,normal,2346,0,1782362105.4709249,0.0019550323486328125
296556,normal,32,0,1782362105.4729776,0.002052783966064453
296557,normal,1773,0,1782362105.4749699,0.0019922256469726562
296558,normal,276,0,1782362105.476928,0.001958131790161133
296559,normal,1487,0,1782362105.4789684,0.002040386199951172
296560,normal,3057,1,1782362105.4809692,0.0020008087158203125
296561,normal,1001,2,1782362105.482923,0.0019538402557373047
296562,normal,254,0,1782362105.4849684,0.0020453929901123047
296563,normal,3050,1,1782362105.4869702,0.0020017623901367188
296564,normal,3650,0,1782362105.4889238,0.001953601837158203
296565,normal,886,2,1782362105.4909685,0.002044677734375
296566,normal,391,0,1782362105.4929929,0.002024412155151367
296567,normal,3181,1,1782362105.4949234,0.0019304752349853516
296568,normal,2315,0,1782362105.4969726,0.0020492076873779297
296569,normal,3541,0,1782362105.498971,0.001998424530029297
296570,normal,2067,0,1782362105.5009282,0.0019571781158447266
296571,normal,2166,0,1782362105.5029778,0.002049684524536133
296572,normal,872,2,1782362105.5049698,0.0019919872283935547
296573,normal,2264,0,1782362105.5069258,0.0019559860229492188
296574,normal,2581,0,1782362105.5089686,0.0020427703857421875
296575,normal,1746,0,1782362105.5109692,0.002000570297241211
296576,normal,939,2,1782362105.512925,0.001955747604370117
296577,normal,209,0,1782362105.514969,0.002044200897216797
296578,normal,2998,0,1782362105.5169692,0.002000093460083008
296579,normal,398,0,1782362105.518964,0.0019948482513427734
296580,normal,597,0,1782362105.5209415,0.0019774436950683594
296581,normal,94,0,1782362105.5229716,0.0020301342010498047
296582,normal,2742,0,1782362105.5249333,0.0019617080688476562
296583,normal,2025,0,1782362105.5269554,0.0020220279693603516
296584,normal,2703,0,1782362105.5289774,0.0020220279693603516
296585,normal,3495,0,1782362105.5309227,0.0019452571868896484
296586,normal,1363,1,1782362105.5329692,0.0020465850830078125
296587,normal,2544,0,1782362105.5349762,0.002007007598876953
296588,normal,2147,0,1782362105.5369241,0.0019478797912597656
296589,normal,461,0,1782362105.5389698,0.0020456314086914062
296590,normal,1604,0,1782362105.5409708,0.002001047134399414
296591,normal,1324,1,1782362105.5429308,0.0019600391387939453
296592,normal,2698,0,1782362105.5449696,0.002038717269897461
296593,normal,576,0,1782362105.546971,0.002001523971557617
296594,normal,875,2,1782362105.5489213,0.0019502639770507812
296595,normal,3434,0,1782362105.5509684,0.0020470619201660156
296596,normal,3267,1,1782362105.5529695,0.002001047134399414
296597,normal,1688,0,1782362105.5549214,0.0019519329071044922
296598,normal,3318,1,1782362105.5572715,0.0023500919342041016
296599,normal,2788,0,1782362105.558954,0.0016825199127197266
296600,normal,240,0,1782362105.5609603,0.0020062923431396484
296601,normal,1742,0,1782362105.562972,0.0020117759704589844
296602,normal,709,0,1782362105.5649724,0.0020003318786621094
296603,normal,3515,0,1782362105.5669234,0.001950979232788086
296604,normal,3001,0,1782362105.5689707,0.002047300338745117
296605,normal,458,0,1782362105.5709748,0.0020041465759277344
296606,normal,77,0,1782362105.5729203,0.00194549560546875
296607,normal,9,0,1782362105.5749748,0.002054452896118164
296608,normal,3129,1,1782362105.5770633,0.0020885467529296875
296609,normal,2195,0,1782362105.5789247,0.0018613338470458984
296610,normal,995,2,1782362105.5809636,0.0020389556884765625
296611,normal,1110,0,1782362105.5829704,0.0020067691802978516
296612,normal,1597,0,1782362105.584918,0.001947641372680664
296613,normal,3141,1,1782362105.5869884,0.0020704269409179688
296614,normal,3444,0,1782362105.5889428,0.001954317092895508
296615,normal,2524,0,1782362105.590916,0.0019731521606445312
296616,normal,3133,1,1782362105.5929718,0.0020558834075927734
296617,normal,3272,1,1782362105.5949702,0.001998424530029297
296618,normal,1372,1,1782362105.5969152,0.0019450187683105469
296619,normal,1350,1,1782362105.598969,0.0020537376403808594
296620,normal,2254,0,1782362105.6009786,0.0020096302032470703
296621,normal,1264,0,1782362105.6029186,0.001940011978149414
296622,normal,816,2,1782362105.6049712,0.0020525455474853516
296623,normal,725,0,1782362105.6069725,0.0020012855529785156
296624,normal,1431,0,1782362105.608927,0.0019545555114746094
296625,normal,1265,0,1782362105.6109707,0.0020437240600585938
296626,normal,3446,0,1782362105.6129453,0.0019745826721191406
296627,normal,140,0,1782362105.614918,0.001972675323486328
296628,normal,2551,0,1782362105.6169443,0.0020263195037841797
296629,normal,2295,0,1782362105.6189556,0.0020112991333007812
296630,normal,1393,0,1782362105.6209307,0.0019750595092773438
296631,normal,660,0,1782362105.622957,0.0020263195037841797
296632,normal,663,0,1782362105.6249838,0.002026796340942383
296633,normal,3081,1,1782362105.6269264,0.0019426345825195312
296634,normal,1368,1,1782362105.6289597,0.002033233642578125
296635,normal,457,0,1782362105.6309838,0.0020241737365722656
296636,normal,951,2,1782362105.6329157,0.001931905746459961
296637,normal,3073,1,1782362105.63497,0.0020542144775390625
296638,normal,460,0,1782362105.6369786,0.002008676528930664
296639,normal,1327,1,1782362105.6389182,0.001939535140991211
296640,normal,974,2,1782362105.6409686,0.0020503997802734375
296641,normal,2428,0,1782362105.6429036,0.0019350051879882812
296642,normal,726,0,1782362105.6449158,0.0020122528076171875
296643,normal,3417,0,1782362105.6469705,0.0020546913146972656
296644,normal,1620,0,1782362105.6489713,0.0020008087158203125
296645,normal,2218,0,1782362105.6509247,0.0019533634185791016
296646,normal,73,0,1782362105.6529768,0.0020520687103271484
296647,normal,1981,0,1782362105.6549451,0.0019683837890625
296648,normal,417,0,1782362105.656926,0.0019807815551757812
296649,normal,303,0,1782362105.658982,0.002056121826171875
296650,normal,2752,0,1782362105.6609461,0.001964092254638672
296651,normal,1088,0,1782362105.6629238,0.001977682113647461
296652,normal,544,0,1782362105.6649697,0.002045869827270508
296653,normal,563,0,1782362105.6669703,0.002000570297241211
296654,normal,818,2,1782362105.668917,0.0019466876983642578
296655,normal,1359,1,1782362105.6709719,0.002054929733276367
296656,normal,3628,0,1782362105.6728985,0.0019266605377197266
296657,normal,3355,1,1782362105.6749449,0.002046346664428711
296658,normal,2250,0,1782362105.6769419,0.0019969940185546875
296659,normal,2019,0,1782362105.6788857,0.001943826675415039
296660,normal,1588,0,1782362105.6809564,0.0020706653594970703
296661,normal,1762,0,1782362105.6829576,0.0020012855529785156
296662,normal,1328,1,1782362105.6849425,0.001984834671020508
296663,normal,993,2,1782362105.686916,0.0019736289978027344
296664,normal,35,0,1782362105.6889465,0.0020303726196289062
296665,normal,1058,0,1782362105.6909297,0.001983165740966797
296666,normal,2272,0,1782362105.692929,0.001999378204345703
296667,normal,1403,0,1782362105.6949556,0.0020265579223632812
296668,normal,2179,0,1782362105.6969285,0.0019729137420654297
296669,normal,370,0,1782362105.6989267,0.0019981861114501953
296670,normal,1263,0,1782362105.7009704,0.0020437240600585938
296671,normal,2935,0,1782362105.7029283,0.0019578933715820312
296672,normal,777,2,1782362105.704926,0.001997709274291992
296673,normal,2410,0,1782362105.7069707,0.002044677734375
296674,normal,408,0,1782362105.7089305,0.0019598007202148438
296675,normal,786,2,1782362105.7109237,0.0019931793212890625
296676,normal,3554,0,1782362105.7129414,0.0020177364349365234
296677,normal,95,0,1782362105.7149277,0.001986265182495117
296678,normal,2729,0,1782362105.7169237,0.0019960403442382812
296679,normal,3273,1,1782362105.7189684,0.002044677734375
296680,normal,2559,0,1782362105.7209282,0.0019598007202148438
296681,normal,708,0,1782362105.7229216,0.001993417739868164
296682,normal,2576,0,1782362105.724969,0.002047300338745117
296683,normal,3581,0,1782362105.726929,0.0019600391387939453
296684,normal,2668,0,1782362105.728921,0.0019919872283935547
296685,normal,946,2,1782362105.7309701,0.0020492076873779297
296686,normal,3505,0,1782362105.7329278,0.0019576549530029297
296687,normal,3053,1,1782362105.7349238,0.0019960403442382812
296688,normal,1231,0,1782362105.7369769,0.0020530223846435547
296689,normal,2425,0,1782362105.7389016,0.001924753189086914
296690,normal,878,2,1782362105.7409198,0.0020182132720947266
296691,normal,1331,1,1782362105.7429683,0.002048492431640625
296692,normal,3485,0,1782362105.7449276,0.0019593238830566406
296693,normal,1037,0,1782362105.7469432,0.0020155906677246094
296694,normal,1041,0,1782362105.7489696,0.0020263195037841797
296695,normal,3039,0,1782362105.750928,0.0019583702087402344
296696,normal,3323,1,1782362105.752921,0.0019931793212890625
296697,normal,3157,1,1782362105.7549708,0.002049684524536133
296698,normal,794,2,1782362105.7569277,0.001956939697265625
296699,normal,229,0,1782362105.7589211,0.001993417739868164
296700,normal,2567,0,1782362105.7609694,0.0020482540130615234
296701,normal,3347,1,1782362105.7629256,0.0019562244415283203
296702,normal,34,0,1782362105.764926,0.0020003318786621094
296703,normal,1145,0,1782362105.7669415,0.0020155906677246094
296704,normal,2772,0,1782362105.7689261,0.0019845962524414062
296705,normal,2988,0,1782362105.7709436,0.002017498016357422
296706,normal,3605,0,1782362105.7729733,0.0020296573638916016
296707,normal,556,0,1782362105.774932,0.001958608627319336
296708,normal,3062,1,1782362105.7769294,0.0019974708557128906
296709,normal,3201,1,1782362105.7789698,0.002040386199951172
296710,normal,3357,1,1782362105.7809277,0.0019578933715820312
296711,normal,2994,0,1782362105.7829342,0.00200653076171875
296712,normal,42,0,1782362105.7849708,0.002036571502685547
296713,normal,1938,0,1782362105.7869291,0.0019583702087402344
296714,normal,2443,0,1782362105.788921,0.0019919872283935547
296715,normal,2335,0,1782362105.7909815,0.002060413360595703
296716,normal,762,0,1782362105.7929282,0.0019466876983642578
296717,normal,2324,0,1782362105.7949376,0.0020093917846679688
296718,normal,526,0,1782362105.7969701,0.0020325183868408203
296719,normal,2414,0,1782362105.7989287,0.001958608627319336
296720,normal,2648,0,1782362105.8009214,0.0019927024841308594
296721,normal,3161,1,1782362105.8029702,0.0020487308502197266
296722,normal,2691,0,1782362105.8049264,0.0019562244415283203
296723,normal,608,0,1782362105.8069193,0.001992940902709961
296724,normal,935,2,1782362105.8089697,0.0020503997802734375
296725,normal,2242,0,1782362105.8109274,0.0019576549530029297
296726,normal,265,0,1782362105.8129578,0.0020303726196289062
296727,normal,2519,0,1782362105.814937,0.001979351043701172
296728,normal,2828,0,1782362105.8169496,0.002012491226196289
296729,normal,3159,1,1782362105.818918,0.0019683837890625
296730,normal,1407,0,1782362105.8209717,0.0020537376403808594
296731,normal,82,0,1782362105.8229716,0.0019998550415039062
296732,normal,3018,0,1782362105.824919,0.0019474029541015625
296733,normal,1747,0,1782362105.8269732,0.0020542144775390625
296734,normal,1832,0,1782362105.8289711,0.0019979476928710938
296735,normal,346,0,1782362105.830919,0.0019478797912597656
296736,normal,2207,0,1782362105.8329704,0.0020513534545898438
296737,normal,313,0,1782362105.8349707,0.0020003318786621094
296738,normal,2004,0,1782362105.836928,0.0019571781158447266
296739,normal,1719,0,1782362105.8389723,0.0020444393157958984
296740,normal,1185,0,1782362105.840962,0.001989603042602539
296741,normal,592,0,1782362105.84296,0.0019979476928710938
296742,normal,2745,0,1782362105.8454459,0.002485990524291992
296743,normal,3354,1,1782362105.8470867,0.0016407966613769531
296744,normal,2303,0,1782362105.8489757,0.0018889904022216797
296745,normal,1370,1,1782362105.8511295,0.0021538734436035156
296746,normal,994,2,1782362105.8529625,0.0018329620361328125
296747,normal,2614,0,1782362105.8551395,0.002177000045776367
296748,normal,177,0,1782362105.8569326,0.0017931461334228516
296749,normal,1113,0,1782362105.8591337,0.002201080322265625
296750,normal,2291,0,1782362105.8609672,0.0018334388732910156
296751,normal,1868,0,1782362105.8631337,0.0021665096282958984
296752,normal,170,0,1782362105.8649673,0.0018336772918701172
296753,normal,2583,0,1782362105.8671222,0.002154827117919922
296754,normal,267,0,1782362105.8689582,0.0018360614776611328
296755,normal,2811,0,1782362105.87114,0.0021817684173583984
296756,normal,2407,0,1782362105.8729753,0.0018353462219238281
296757,normal,1755,0,1782362105.87514,0.002164602279663086
296758,normal,1818,0,1782362105.876972,0.0018320083618164062
296759,normal,2345,0,1782362105.87914,0.002167940139770508
296760,normal,381,0,1782362105.8809597,0.0018198490142822266
296761,normal,788,2,1782362105.8831384,0.002178668975830078
296762,normal,2983,0,1782362105.884973,0.0018346309661865234
296763,normal,2980,0,1782362105.8871362,0.0021631717681884766
296764,normal,2134,0,1782362105.8889766,0.001840353012084961
296765,normal,3646,0,1782362105.8911407,0.002164125442504883
296766,normal,638,0,1782362105.8929646,0.0018239021301269531
296767,normal,1825,0,1782362105.8951988,0.002234220504760742
296768,normal,130,0,1782362105.8970993,0.0019004344940185547
296769,normal,2105,0,1782362105.8989599,0.0018606185913085938
296770,normal,1576,0,1782362105.9011576,0.002197742462158203
296771,normal,1530,0,1782362105.903094,0.0019364356994628906
296772,normal,1274,0,1782362105.9049594,0.001865386962890625
296773,normal,2511,0,1782362105.9071608,0.0022013187408447266
296774,normal,1514,0,1782362105.9090889,0.001928091049194336
296775,normal,3564,0,1782362105.910967,0.0018782615661621094
296776,normal,226,0,1782362105.9131641,0.0021970272064208984
296777,normal,3510,0,1782362105.91504,0.0018758773803710938
296778,normal,336,0,1782362105.916964,0.0019240379333496094
296779,normal,991,2,1782362105.919164,0.002199888229370117
296780,normal,75,0,1782362105.921087,0.0019230842590332031
296781,normal,822,2,1782362105.9229584,0.001871347427368164
296782,normal,3381,1,1782362105.925168,0.0022096633911132812
296783,normal,298,0,1782362105.927088,0.0019199848175048828
296784,normal,3386,1,1782362105.9289598,0.0018718242645263672
296785,normal,1731,0,1782362105.9311764,0.0022165775299072266
296786,normal,302,0,1782362105.9331307,0.001954317092895508
296787,normal,2037,0,1782362105.934958,0.001827239990234375
296788,normal,2316,0,1782362105.9371798,0.002221822738647461
296789,normal,1618,0,1782362105.9390733,0.0018935203552246094
296790,normal,89,0,1782362105.9409587,0.0018854141235351562
296791,normal,3619,0,1782362105.9431775,0.0022187232971191406
296792,normal,2055,0,1782362105.9450858,0.0019083023071289062
296793,normal,149,0,1782362105.9469607,0.0018749237060546875
296794,normal,200,0,1782362105.9491796,0.002218961715698242
296795,normal,766,0,1782362105.9510915,0.0019118785858154297
296796,normal,221,0,1782362105.9529583,0.0018668174743652344
296797,normal,121,0,1782362105.9551806,0.002222299575805664
296798,normal,443,0,1782362105.9570928,0.0019121170043945312
296799,normal,2348,0,1782362105.9589581,0.001865386962890625
296800,normal,2628,0,1782362105.9611866,0.0022284984588623047
296801,normal,2937,0,1782362105.9630806,0.0018939971923828125
296802,normal,1771,0,1782362105.964962,0.0018813610076904297
296803,normal,292,0,1782362105.9671836,0.0022215843200683594
296804,normal,2495,0,1782362105.9690921,0.0019085407257080078
296805,normal,1659,0,1782362105.9709666,0.0018744468688964844
296806,normal,1821,0,1782362105.9729857,0.002019166946411133
296807,normal,282,0,1782362105.9749053,0.0019195079803466797
296808,normal,2934,0,1782362105.97693,0.0020246505737304688
296809,normal,3115,1,1782362105.9789312,0.0020012855529785156
296810,normal,392,0,1782362105.9809551,0.002023935317993164
296811,normal,1630,0,1782362105.98293,0.001974821090698242
296812,normal,235,0,1782362105.9849293,0.001999378204345703
296813,normal,2438,0,1782362105.9869533,0.002023935317993164
296814,normal,2285,0,1782362105.9889195,0.001966238021850586
296815,normal,833,2,1782362105.9909348,0.002015352249145508
296816,normal,2275,0,1782362105.9929552,0.0020203590393066406
296817,normal,630,0,1782362105.99493,0.001974821090698242
296818,normal,2474,0,1782362105.9969287,0.0019986629486083984
296819,normal,1974,0,1782362105.998955,0.0020263195037841797
296820,normal,538,0,1782362106.0009277,0.001972675323486328
296821,normal,3560,0,1782362106.0029292,0.002001523971557617
296822,normal,41,0,1782362106.0049648,0.0020356178283691406
296823,normal,1501,0,1782362106.0069292,0.0019643306732177734
296824,normal,641,0,1782362106.0089293,0.002000093460083008
296825,normal,1429,0,1782362106.0109692,0.0020399093627929688
296826,normal,3068,1,1782362106.012925,0.001955747604370117
296827,normal,2454,0,1782362106.014933,0.002008199691772461
296828,normal,1006,2,1782362106.016958,0.0020248889923095703
296829,normal,2806,0,1782362106.0189297,0.001971721649169922
296830,normal,425,0,1782362106.020929,0.001999378204345703
296831,normal,1004,2,1782362106.0229578,0.0020287036895751953
296832,normal,2900,0,1782362106.0249279,0.001970052719116211
296833,normal,1116,0,1782362106.02693,0.002002239227294922
296834,normal,2005,0,1782362106.028957,0.002026796340942383
296835,normal,2813,0,1782362106.0309289,0.0019719600677490234
296836,normal,811,2,1782362106.0329278,0.0019989013671875
296837,normal,3346,1,1782362106.0349588,0.002031087875366211
296838,normal,2701,0,1782362106.0369287,0.0019698143005371094
296839,normal,852,2,1782362106.0389748,0.0020461082458496094
296840,normal,760,0,1782362106.0409198,0.0019450187683105469
296841,normal,3058,1,1782362106.0429301,0.002010345458984375
296842,normal,549,0,1782362106.044938,0.0020079612731933594
296843,normal,1049,0,1782362106.046955,0.0020170211791992188
296844,normal,1792,0,1782362106.0489407,0.0019855499267578125
296845,normal,807,2,1782362106.0509284,0.0019876956939697266
296846,normal,3501,0,1782362106.0529547,0.0020263195037841797
296847,normal,1495,0,1782362106.0549288,0.0019741058349609375
296848,normal,1759,0,1782362106.0569293,0.002000570297241211
296849,normal,141,0,1782362106.058955,0.002025604248046875
296850,normal,3279,1,1782362106.0609272,0.001972198486328125
296851,normal,3482,0,1782362106.0629249,0.001997709274291992
296852,normal,3393,1,1782362106.0649602,0.002035379409790039
296853,normal,933,2,1782362106.0669265,0.001966238021850586
296854,normal,3448,0,1782362106.0689273,0.0020008087158203125
296855,normal,2585,0,1782362106.0709517,0.002024412155151367
296856,normal,1765,0,1782362106.07293,0.0019783973693847656
296857,normal,2120,0,1782362106.0749023,0.001972198486328125
296858,normal,388,0,1782362106.0769513,0.002048969268798828
296859,normal,2290,0,1782362106.0789285,0.001977205276489258
296860,normal,119,0,1782362106.0809288,0.0020003318786621094
296861,normal,1738,0,1782362106.0829298,0.002001047134399414
296862,normal,1689,0,1782362106.0849288,0.0019989013671875
296863,normal,1454,0,1782362106.0869281,0.001999378204345703
296864,normal,1623,0,1782362106.0891626,0.0022344589233398438
296865,normal,13,0,1782362106.0909111,0.0017485618591308594
296866,normal,2910,0,1782362106.0931385,0.002227306365966797
296867,normal,715,0,1782362106.095002,0.0018634796142578125
296868,normal,1315,0,1782362106.096927,0.0019249916076660156
296869,normal,754,0,1782362106.0991392,0.0022122859954833984
296870,normal,2733,0,1782362106.1009245,0.0017852783203125
296871,normal,3095,1,1782362106.102925,0.002000570297241211
296872,normal,2172,0,1782362106.1049688,0.0020437240600585938
296873,normal,909,2,1782362106.1069684,0.0019996166229248047
296874,normal,2307,0,1782362106.108922,0.001953601837158203
296875,normal,606,0,1782362106.1109695,0.0020475387573242188
296876,normal,3232,1,1782362106.1129894,0.0020198822021484375
296877,normal,2517,0,1782362106.1149218,0.001932382583618164
296878,normal,591,0,1782362106.1169713,0.0020494461059570312
296879,normal,1151,0,1782362106.118997,0.0020258426666259766
296880,normal,1068,0,1782362106.120922,0.0019249916076660156
296881,normal,3142,1,1782362106.1229756,0.002053499221801758
296882,normal,2436,0,1782362106.1249871,0.002011537551879883
296883,normal,2306,0,1782362106.1269295,0.0019423961639404297
296884,normal,1138,0,1782362106.1289766,0.0020470619201660156
296885,normal,1780,0,1782362106.130996,0.0020194053649902344
296886,normal,1266,0,1782362106.1329205,0.0019245147705078125
296887,normal,1991,0,1782362106.1349802,0.0020596981048583984
296888,normal,125,0,1782362106.1369886,0.0020084381103515625
296889,normal,2426,0,1782362106.1389227,0.001934051513671875
296890,normal,434,0,1782362106.1409817,0.0020589828491210938
296891,normal,2671,0,1782362106.1429656,0.0019838809967041016
296892,normal,3252,1,1782362106.1449244,0.0019588470458984375
296893,normal,2078,0,1782362106.146985,0.0020606517791748047
296894,normal,2803,0,1782362106.1489856,0.002000570297241211
296895,normal,2370,0,1782362106.1509266,0.0019409656524658203
296896,normal,2296,0,1782362106.1529875,0.0020608901977539062
296897,normal,3674,0,1782362106.154988,0.002000570297241211
296898,normal,1129,0,1782362106.1569211,0.0019330978393554688
296899,normal,1951,0,1782362106.15899,0.002068758010864258
296900,normal,1619,0,1782362106.1609714,0.001981496810913086
296901,normal,3422,0,1782362106.1629272,0.001955747604370117
296902,normal,942,2,1782362106.164991,0.002063751220703125
296903,normal,3154,1,1782362106.1669881,0.001997232437133789
296904,normal,868,2,1782362106.1689277,0.001939535140991211
296905,normal,364,0,1782362106.1709929,0.0020651817321777344
296906,normal,1706,0,1782362106.1729946,0.0020017623901367188
296907,normal,3533,0,1782362106.174907,0.0019123554229736328
296908,normal,196,0,1782362106.1769974,0.0020904541015625
296909,normal,3511,0,1782362106.1789637,0.001966238021850586
296910,normal,2216,0,1782362106.1809533,0.001989603042602539
296911,normal,2475,0,1782362106.183,0.002046823501586914
296912,normal,1940,0,1782362106.184962,0.001961946487426758
296913,normal,1333,1,1782362106.186921,0.0019588470458984375
296914,normal,2488,0,1782362106.1890018,0.0020809173583984375
296915,normal,1168,0,1782362106.1910245,0.0020227432250976562
296916,normal,1948,0,1782362106.1929114,0.0018868446350097656
296917,normal,916,2,1782362106.195004,0.002092599868774414
296918,normal,3493,0,1782362106.1969664,0.001962423324584961
296919,normal,613,0,1782362106.198916,0.0019495487213134766
296920,normal,3405,0,1782362106.2009373,0.002021312713623047
296921,normal,112,0,1782362106.2029822,0.0020449161529541016
296922,normal,2360,0,1782362106.2049363,0.0019540786743164062
296923,normal,3653,0,1782362106.2070088,0.002072572708129883
296924,normal,642,0,1782362106.2089841,0.0019752979278564453
296925,normal,3598,0,1782362106.210923,0.0019388198852539062
296926,normal,2510,0,1782362106.21301,0.002087116241455078
296927,normal,232,0,1782362106.2150395,0.0020294189453125
296928,normal,2506,0,1782362106.2169082,0.0018687248229980469
296929,normal,1654,0,1782362106.219013,0.0021047592163085938
296930,normal,1108,0,1782362106.2209895,0.001976490020751953
296931,normal,1126,0,1782362106.2229228,0.0019333362579345703
296932,normal,1428,0,1782362106.2249541,0.0020313262939453125
296933,normal,696,0,1782362106.2269964,0.0020422935485839844
296934,normal,1484,0,1782362106.2289238,0.0019273757934570312
296935,normal,2263,0,1782362106.2309222,0.001998424530029297
296936,normal,1996,0,1782362106.2329955,0.0020732879638671875
296937,normal,3408,0,1782362106.2349222,0.0019266605377197266
296938,normal,3664,0,1782362106.2369237,0.002001523971557617
296939,normal,1774,0,1782362106.2389956,0.002071857452392578
296940,normal,1303,0,1782362106.2409155,0.0019199848175048828
296941,normal,2086,0,1782362106.2429268,0.0020112991333007812
296942,normal,3489,0,1782362106.2449992,0.0020723342895507812
296943,normal,1931,0,1782362106.246925,0.0019259452819824219
296944,normal,1115,0,1782362106.2489367,0.002011537551879883
296945,normal,264,0,1782362106.2509723,0.0020356178283691406
296946,normal,1339,1,1782362106.2529223,0.0019500255584716797
296947,normal,1626,0,1782362106.254932,0.0020096302032470703
296948,normal,308,0,1782362106.2569711,0.002039194107055664
296949,normal,502,0,1782362106.2589228,0.0019516944885253906
296950,normal,2807,0,1782362106.2609332,0.002010345458984375
296951,normal,1628,0,1782362106.2629745,0.002041339874267578
296952,normal,153,0,1782362106.2649617,0.0019872188568115234
296953,normal,2608,0,1782362106.2669365,0.001974821090698242
296954,normal,1556,0,1782362106.269006,0.0020694732666015625
296955,normal,2841,0,1782362106.270924,0.0019180774688720703
296956,normal,977,2,1782362106.2729375,0.0020134449005126953
296957,normal,485,0,1782362106.2750049,0.0020673274993896484
296958,normal,861,2,1782362106.276923,0.0019180774688720703
296959,normal,3010,0,1782362106.2789414,0.002018451690673828
296960,normal,2282,0,1782362106.2809687,0.002027273178100586
296961,normal,2298,0,1782362106.2829318,0.0019631385803222656
296962,normal,3089,1,1782362106.2849436,0.0020117759704589844
296963,normal,2401,0,1782362106.286966,0.0020225048065185547
296964,normal,2492,0,1782362106.2889218,0.001955747604370117
296965,normal,1579,0,1782362106.2909486,0.002026796340942383
296966,normal,2663,0,1782362106.2929907,0.002042055130004883
296967,normal,529,0,1782362106.2949252,0.0019345283508300781
296968,normal,569,0,1782362106.2969234,0.0019981861114501953
296969,normal,1815,0,1782362106.2990067,0.002083301544189453
296970,normal,1648,0,1782362106.300932,0.0019252300262451172
296971,normal,2444,0,1782362106.3029513,0.0020194053649902344
296972,normal,668,0,1782362106.3050022,0.0020508766174316406
296973,normal,2334,0,1782362106.306923,0.0019207000732421875
296974,normal,1421,0,1782362106.3089526,0.0020296573638916016
296975,normal,2472,0,1782362106.310998,0.0020453929901123047
296976,normal,1073,0,1782362106.3129206,0.001922607421875
296977,normal,3621,0,1782362106.3150327,0.002112150192260742
296978,normal,2971,0,1782362106.3169775,0.0019447803497314453
296979,normal,584,0,1782362106.3189268,0.001949310302734375
296980,normal,399,0,1782362106.3209593,0.0020325183868408203
296981,normal,2990,0,1782362106.3230164,0.0020570755004882812
296982,normal,1445,0,1782362106.3249242,0.0019078254699707031
296983,normal,859,2,1782362106.3269734,0.0020492076873779297
296984,normal,1314,0,1782362106.329,0.0020265579223632812
296985,normal,2355,0,1782362106.3309238,0.0019237995147705078
296986,normal,3551,0,1782362106.3329625,0.002038717269897461
296987,normal,1148,0,1782362106.3349934,0.0020308494567871094
296988,normal,3207,1,1782362106.3369205,0.0019271373748779297
296989,normal,2229,0,1782362106.338965,0.0020444393157958984
296990,normal,2455,0,1782362106.341017,0.0020520687103271484
296991,normal,2849,0,1782362106.3429253,0.0019083023071289062
296992,normal,290,0,1782362106.3449223,0.0019969940185546875
296993,normal,22,0,1782362106.3469882,0.002065896987915039
296994,normal,3522,0,1782362106.3490713,0.0020830631256103516
296995,normal,665,0,1782362106.3509173,0.0018460750579833984
296996,normal,1022,2,1782362106.3529255,0.002008199691772461
296997,normal,2175,0,1782362106.3550797,0.002154111862182617
296998,normal,2191,0,1782362106.3569913,0.0019116401672363281
296999,normal,1852,0,1782362106.3590763,0.002084970474243164
297000,normal,2252,0,1782362106.360929,0.0018527507781982422
297001,normal,3019,0,1782362106.3631506,0.0022215843200683594
297002,normal,2785,0,1782362106.3649564,0.0018057823181152344
297003,normal,3476,0,1782362106.3669195,0.0019631385803222656
297004,normal,1458,0,1782362106.369155,0.00223541259765625
297005,normal,2312,0,1782362106.370954,0.0017991065979003906
297006,normal,2707,0,1782362106.3729188,0.0019648075103759766
297007,normal,3498,0,1782362106.3751566,0.0022377967834472656
297008,normal,1294,0,1782362106.3769555,0.001798868179321289
297009,normal,2478,0,1782362106.3789196,0.001964092254638672
297010,normal,1420,0,1782362106.3812401,0.002320528030395508
297011,normal,1340,1,1782362106.3829257,0.0016856193542480469
297012,normal,2970,0,1782362106.3848958,0.001970052719116211
297013,normal,3678,0,1782362106.3868916,0.0019958019256591797
297014,normal,269,0,1782362106.3889327,0.0020411014556884766
297015,normal,2882,0,1782362106.3908887,0.0019559860229492188
297016,normal,2093,0,1782362106.392892,0.002003192901611328
297017,normal,879,2,1782362106.3948948,0.0020029544830322266
297018,normal,787,2,1782362106.3968894,0.001994609832763672
297019,normal,1791,0,1782362106.3988905,0.002001047134399414
297020,normal,2485,0,1782362106.400912,0.0020215511322021484
297021,normal,190,0,1782362106.4028904,0.0019783973693847656
297022,normal,2491,0,1782362106.4048886,0.0019981861114501953
297023,normal,1134,0,1782362106.4068997,0.0020110607147216797
297024,normal,1925,0,1782362106.4088905,0.001990795135498047
297025,normal,785,2,1782362106.4108877,0.001997232437133789
297026,normal,792,2,1782362106.4128938,0.002006053924560547
297027,normal,1903,0,1782362106.4148886,0.0019948482513427734
297028,normal,857,2,1782362106.4168882,0.0019996166229248047
297029,normal,2632,0,1782362106.4188979,0.0020096302032470703
297030,normal,1666,0,1782362106.4208946,0.001996755599975586
297031,normal,2561,0,1782362106.4228907,0.0019960403442382812
297032,normal,1020,2,1782362106.4248967,0.002006053924560547
297033,normal,1136,0,1782362106.4268978,0.002001047134399414
297034,normal,1878,0,1782362106.4288888,0.0019910335540771484
297035,normal,2600,0,1782362106.430896,0.0020072460174560547
297036,normal,1715,0,1782362106.4328887,0.0019927024841308594
297037,normal,3702,0,1782362106.43489,0.0020012855529785156
297038,normal,540,0,1782362106.436893,0.0020029544830322266
297039,normal,2440,0,1782362106.4388926,0.0019996166229248047
297040,normal,2666,0,1782362106.440931,0.0020384788513183594
297041,normal,287,0,1782362106.442902,0.001971006393432617
297042,normal,2619,0,1782362106.4459474,0.003045320510864258
297043,normal,1394,0,1782362106.4469063,0.0009589195251464844
297044,normal,1064,0,1782362106.4489224,0.0020160675048828125
297045,normal,1869,0,1782362106.4509299,0.0020074844360351562
297046,normal,799,2,1782362106.4529293,0.001999378204345703
297047,normal,1527,0,1782362106.4548883,0.001959085464477539
297048,normal,2277,0,1782362106.456944,0.002055644989013672
297049,normal,3469,0,1782362106.4589224,0.0019783973693847656
297050,normal,1859,0,1782362106.460887,0.001964569091796875
297051,normal,1508,0,1782362106.4629319,0.0020449161529541016
297052,normal,1164,0,1782362106.4649317,0.0019998550415039062
297053,normal,2138,0,1782362106.4668913,0.001959562301635742
297054,normal,59,0,1782362106.4689305,0.002039194107055664
297055,normal,3163,1,1782362106.4709234,0.001992940902709961
297056,normal,1687,0,1782362106.47289,0.0019664764404296875
297057,normal,3546,0,1782362106.4749367,0.002046823501586914
297058,normal,673,0,1782362106.4768891,0.0019524097442626953
297059,normal,3589,0,1782362106.478899,0.002009868621826172
297060,normal,2656,0,1782362106.4808886,0.001989603042602539
297061,normal,1362,1,1782362106.48289,0.0020012855529785156
297062,normal,1194,0,1782362106.484894,0.0020041465759277344
297063,normal,3006,0,1782362106.4868891,0.001995086669921875
297064,normal,3047,1,1782362106.4888914,0.002002239227294922
297065,normal,86,0,1782362106.490889,0.001997709274291992
297066,normal,1684,0,1782362106.4928894,0.0020003318786621094
297067,normal,955,2,1782362106.49489,0.002000570297241211
297068,normal,1219,0,1782362106.4968958,0.0020058155059814453
297069,normal,3352,1,1782362106.4988883,0.001992464065551758
297070,normal,2579,0,1782362106.5008965,0.002008199691772461
297071,normal,2901,0,1782362106.5029047,0.002008199691772461
297072,normal,2799,0,1782362106.5048892,0.0019845962524414062
297073,normal,3626,0,1782362106.5068882,0.0019989013671875
297074,normal,185,0,1782362106.5088918,0.0020036697387695312
297075,normal,2347,0,1782362106.5110323,0.002140522003173828
297076,normal,3680,0,1782362106.5128896,0.0018572807312011719
297077,normal,2382,0,1782362106.5148938,0.0020041465759277344
297078,normal,912,2,1782362106.5168936,0.0019998550415039062
297079,normal,3682,0,1782362106.5188868,0.0019931793212890625
297080,normal,335,0,1782362106.520903,0.002016305923461914
297081,normal,2746,0,1782362106.52289,0.001986980438232422
297082,normal,2667,0,1782362106.5248878,0.001997709274291992
297083,normal,1085,0,1782362106.5268962,0.0020084381103515625
297084,normal,972,2,1782362106.528887,0.001990795135498047
297085,normal,2059,0,1782362106.5308888,0.0020017623901367188
297086,normal,1048,0,1782362106.5328994,0.0020105838775634766
297087,normal,720,0,1782362106.5348878,0.0019884109497070312
297088,normal,166,0,1782362106.5368862,0.001998424530029297
297089,normal,649,0,1782362106.5388947,0.0020084381103515625
297090,normal,539,0,1782362106.540886,0.00199127197265625
297091,normal,2056,0,1782362106.5428903,0.002004384994506836
297092,normal,3136,1,1782362106.5448947,0.002004384994506836
297093,normal,3105,1,1782362106.5468879,0.0019931793212890625
297094,normal,1208,0,1782362106.5488942,0.0020062923431396484
297095,normal,331,0,1782362106.5508978,0.0020036697387695312
297096,normal,3373,1,1782362106.5528903,0.001992464065551758
297097,normal,1398,0,1782362106.5548944,0.0020041465759277344
297098,normal,1584,0,1782362106.5569105,0.0020160675048828125
297099,normal,691,0,1782362106.5588887,0.001978158950805664
297100,normal,150,0,1782362106.5608888,0.002000093460083008
297101,normal,2082,0,1782362106.5628932,0.002004384994506836
297102,normal,573,0,1782362106.5648882,0.001995086669921875
297103,normal,1097,0,1782362106.5668876,0.001999378204345703
297104,normal,1845,0,1782362106.5688953,0.002007722854614258
297105,normal,1949,0,1782362106.5708888,0.001993417739868164
297106,normal,2283,0,1782362106.572889,0.0020003318786621094
297107,normal,1442,0,1782362106.574901,0.002012014389038086
297108,normal,431,0,1782362106.5768907,0.001989603042602539
297109,normal,3632,0,1782362106.5788903,0.0019996166229248047
297110,normal,2487,0,1782362106.5808942,0.002003908157348633
297111,normal,3078,1,1782362106.582888,0.0019936561584472656
297112,normal,17,0,1782362106.584924,0.0020360946655273438
297113,normal,2397,0,1782362106.586893,0.0019690990447998047
297114,normal,2617,0,1782362106.5888894,0.001996278762817383
297115,normal,659,0,1782362106.590887,0.001997709274291992
297116,normal,2692,0,1782362106.5928953,0.002008199691772461
297117,normal,1069,0,1782362106.5948942,0.0019989013671875
297118,normal,3069,1,1782362106.5968857,0.0019915103912353516
297119,normal,2638,0,1782362106.5988982,0.002012491226196289
297120,normal,2767,0,1782362106.6008887,0.0019905567169189453
297121,normal,500,0,1782362106.6028888,0.002000093460083008
297122,normal,714,0,1782362106.6048925,0.0020036697387695312
297123,normal,168,0,1782362106.6068897,0.001997232437133789
297124,normal,202,0,1782362106.6088893,0.0019996166229248047
297125,normal,609,0,1782362106.6108956,0.0020062923431396484
297126,normal,1536,0,1782362106.6128883,0.0019927024841308594
297127,normal,3548,0,1782362106.6148884,0.002000093460083008
297128,normal,3606,0,1782362106.6168945,0.002006053924560547
297129,normal,3193,1,1782362106.618893,0.001998424530029297
297130,normal,2886,0,1782362106.6208913,0.001998424530029297
297131,normal,2804,0,1782362106.6228967,0.002005338668823242
297132,normal,2083,0,1782362106.6249044,0.002007722854614258
297133,normal,515,0,1782362106.6269166,0.0020122528076171875
297134,normal,0,0,1782362106.628894,0.0019774436950683594
297135,normal,36,0,1782362106.6308875,0.001993417739868164
297136,normal,175,0,1782362106.6328862,0.0019986629486083984
297137,normal,3557,0,1782362106.6348994,0.0020132064819335938
297138,normal,3169,1,1782362106.636888,0.001988649368286133
297139,normal,1797,0,1782362106.6388884,0.0020003318786621094
297140,normal,662,0,1782362106.6408892,0.0020008087158203125
297141,normal,3573,0,1782362106.6428869,0.001997709274291992
297142,normal,1382,0,1782362106.644888,0.002001047134399414
297143,normal,3565,0,1782362106.64689,0.0020020008087158203
297144,normal,123,0,1782362106.6488895,0.0019996166229248047
297145,normal,1083,0,1782362106.6508877,0.0019981861114501953
297146,normal,3361,1,1782362106.6528916,0.002003908157348633
297147,normal,2795,0,1782362106.6548882,0.0019965171813964844
297148,normal,252,0,1782362106.65689,0.0020017623901367188
297149,normal,3255,1,1782362106.6588943,0.002004384994506836
297150,normal,1248,0,1782362106.6608903,0.0019960403442382812
297151,normal,557,0,1782362106.6628892,0.0019989013671875
297152,normal,117,0,1782362106.6648889,0.0019996166229248047
297153,normal,568,0,1782362106.6669097,0.0020208358764648438
297154,normal,432,0,1782362106.6688883,0.001978635787963867
297155,normal,3128,1,1782362106.670892,0.0020036697387695312
297156,normal,2228,0,1782362106.6728954,0.0020034313201904297
297157,normal,622,0,1782362106.674906,0.0020105838775634766
297158,normal,1077,0,1782362106.676895,0.0019888877868652344
297159,normal,1810,0,1782362106.6789346,0.002039670944213867
297160,normal,979,2,1782362106.680903,0.0019683837890625
297161,normal,217,0,1782362106.6829498,0.002046823501586914
297162,normal,2852,0,1782362106.6848893,0.001939535140991211
297163,normal,1460,0,1782362106.6868887,0.001999378204345703
297164,normal,1505,0,1782362106.6888907,0.0020020008087158203
297165,normal,2140,0,1782362106.6908886,0.0019979476928710938
297166,normal,1502,0,1782362106.69289,0.0020012855529785156
297167,normal,427,0,1782362106.6948903,0.0020003318786621094
297168,normal,958,2,1782362106.6968887,0.001998424530029297
297169,normal,1223,0,1782362106.6988883,0.0019996166229248047
297170,normal,248,0,1782362106.70089,0.0020017623901367188
297171,normal,902,2,1782362106.7028902,0.002000093460083008
297172,normal,1967,0,1782362106.7048876,0.0019974708557128906
297173,normal,473,0,1782362106.7068942,0.00200653076171875
297174,normal,1816,0,1782362106.708888,0.001993894577026367
297175,normal,1946,0,1782362106.710888,0.0019998550415039062
297176,normal,270,0,1782362106.7129035,0.0020155906677246094
297177,normal,842,2,1782362106.7148898,0.001986265182495117
297178,normal,862,2,1782362106.7168875,0.001997709274291992
297179,normal,962,2,1782362106.718894,0.00200653076171875
297180,normal,2787,0,1782362106.7208877,0.0019936561584472656
297181,normal,851,2,1782362106.722892,0.002004384994506836
297182,normal,1998,0,1782362106.7248886,0.0019965171813964844
297183,normal,1386,0,1782362106.7268877,0.0019991397857666016
297184,normal,2713,0,1782362106.7288897,0.0020020008087158203
297185,normal,2905,0,1782362106.7308912,0.002001523971557617
297186,normal,2354,0,1782362106.7328868,0.001995563507080078
297187,normal,1641,0,1782362106.7348886,0.0020017623901367188
297188,normal,706,0,1782362106.736889,0.0020003318786621094
297189,normal,2164,0,1782362106.738888,0.0019991397857666016
297190,normal,390,0,1782362106.7408876,0.0019996166229248047
297191,normal,1799,0,1782362106.742893,0.002005338668823242
297192,normal,1720,0,1782362106.7448843,0.00199127197265625
297193,normal,3189,1,1782362106.746928,0.0020437240600585938
297194,normal,1879,0,1782362106.7488852,0.0019571781158447266
297195,normal,2073,0,1782362106.750892,0.0020067691802978516
297196,normal,2686,0,1782362106.7529154,0.002023458480834961
297197,normal,3162,1,1782362106.7549534,0.0020380020141601562
297198,normal,2523,0,1782362106.7568994,0.0019459724426269531
297199,normal,1182,0,1782362106.7588925,0.0019931793212890625
297200,normal,2099,0,1782362106.7608907,0.0019981861114501953
297201,normal,3558,0,1782362106.762891,0.0020003318786621094
297202,normal,3497,0,1782362106.7649164,0.0020253658294677734
297203,normal,446,0,1782362106.7669017,0.001985311508178711
297204,normal,2051,0,1782362106.7688894,0.0019876956939697266
297205,normal,1210,0,1782362106.770888,0.0019986629486083984
297206,normal,155,0,1782362106.7729251,0.00203704833984375
297207,normal,519,0,1782362106.7748895,0.0019643306732177734
297208,normal,1406,0,1782362106.7768896,0.002000093460083008
297209,normal,1554,0,1782362106.7788954,0.0020058155059814453
297210,normal,3007,0,1782362106.7808878,0.001992464065551758
297211,normal,3491,0,1782362106.7828872,0.001999378204345703
297212,normal,1694,0,1782362106.7848964,0.002009153366088867
297213,normal,163,0,1782362106.7868896,0.0019931793212890625
297214,normal,3067,1,1782362106.7888896,0.002000093460083008
297215,normal,3258,1,1782362106.7909045,0.0020148754119873047
297216,normal,404,0,1782362106.7929242,0.002019643783569336
297217,normal,3293,1,1782362106.7948906,0.0019664764404296875
297218,normal,3540,0,1782362106.7968943,0.0020036697387695312
297219,normal,325,0,1782362106.7988882,0.001993894577026367
297220,normal,1855,0,1782362106.8008873,0.0019991397857666016
297221,normal,3656,0,1782362106.8029003,0.002012968063354492
297222,normal,3256,1,1782362106.8048844,0.001984119415283203
297223,normal,2748,0,1782362106.8068893,0.002004861831665039
297224,normal,2395,0,1782362106.8088946,0.002005338668823242
297225,normal,3420,0,1782362106.8108969,0.002002239227294922
297226,normal,3620,0,1782362106.8128896,0.0019927024841308594
297227,normal,1087,0,1782362106.8149,0.002010345458984375
297228,normal,1591,0,1782362106.8168907,0.001990795135498047
297229,normal,3035,0,1782362106.8188894,0.0019986629486083984
297230,normal,1776,0,1782362106.8208938,0.002004384994506836
297231,normal,3084,1,1782362106.8228898,0.0019960403442382812
297232,normal,1221,0,1782362106.8248875,0.001997709274291992
297233,normal,1703,0,1782362106.8269284,0.002040863037109375
297234,normal,56,0,1782362106.8288946,0.001966238021850586
297235,normal,3185,1,1782362106.8308897,0.001995086669921875
297236,normal,2839,0,1782362106.8328936,0.002003908157348633
297237,normal,1342,1,1782362106.834889,0.0019953250885009766
297238,normal,2032,0,1782362106.8368883,0.001999378204345703
297239,normal,293,0,1782362106.838894,0.0020055770874023438
297240,normal,2011,0,1782362106.8408875,0.0019936561584472656
297241,normal,1423,0,1782362106.8428879,0.0020003318786621094
297242,normal,65,0,1782362106.844893,0.0020051002502441406
297243,normal,2311,0,1782362106.846887,0.0019941329956054688
297244,normal,1713,0,1782362106.8488872,0.002000093460083008
297245,normal,885,2,1782362106.850892,0.002004861831665039
297246,normal,2906,0,1782362106.8528898,0.001997709274291992
297247,normal,2779,0,1782362106.8548887,0.0019989013671875
297248,normal,72,0,1782362106.8568912,0.0020024776458740234
297249,normal,605,0,1782362106.858891,0.0019998550415039062
297250,normal,2132,0,1782362106.86089,0.0019989013671875
297251,normal,2749,0,1782362106.8628888,0.0019989013671875
297252,normal,1498,0,1782362106.864888,0.0019991397857666016
297253,normal,1857,0,1782362106.8668883,0.0020003318786621094
297254,normal,3177,1,1782362106.8688986,0.002010345458984375
297255,normal,881,2,1782362106.8708901,0.0019915103912353516
297256,normal,1482,0,1782362106.8728883,0.0019981861114501953
297257,normal,1983,0,1782362106.8748882,0.0019998550415039062
297258,normal,3649,0,1782362106.8768876,0.001999378204345703
297259,normal,474,0,1782362106.878888,0.0020003318786621094
297260,normal,4,0,1782362106.8808913,0.0020034313201904297
297261,normal,1171,0,1782362106.8828874,0.0019960403442382812
297262,normal,1607,0,1782362106.8848896,0.002002239227294922
297263,normal,39,0,1782362106.8868878,0.0019981861114501953
297264,normal,79,0,1782362106.8888886,0.0020008087158203125
297265,normal,2986,0,1782362106.8908873,0.0019986629486083984
297266,normal,2993,0,1782362106.8928895,0.002002239227294922
297267,normal,2496,0,1782362106.89489,0.002000570297241211
297268,normal,2135,0,1782362106.8968885,0.001998424530029297
297269,normal,1898,0,1782362106.8988893,0.0020008087158203125
297270,normal,508,0,1782362106.9008896,0.0020003318786621094
297271,normal,3519,0,1782362106.9028895,0.0019998550415039062
297272,normal,1155,0,1782362106.9048889,0.001999378204345703
297273,normal,2677,0,1782362106.9068983,0.0020093917846679688
297274,normal,651,0,1782362106.908888,0.0019898414611816406
297275,normal,262,0,1782362106.9108887,0.002000570297241211
297276,normal,3622,0,1782362106.9128873,0.0019986629486083984
297277,normal,129,0,1782362106.9149218,0.002034425735473633
297278,normal,3648,0,1782362106.91689,0.0019681453704833984
297279,normal,1977,0,1782362106.9189117,0.00202178955078125
297280,normal,3140,1,1782362106.9208941,0.001982450485229492
297281,normal,3518,0,1782362106.9228897,0.001995563507080078
297282,normal,181,0,1782362106.924919,0.0020291805267333984
297283,normal,925,2,1782362106.9269092,0.0019903182983398438
297284,normal,2791,0,1782362106.9289124,0.002003192901611328
297285,normal,647,0,1782362106.930913,0.002000570297241211
297286,normal,2928,0,1782362106.9329052,0.0019922256469726562
297287,normal,1831,0,1782362106.9349065,0.0020012855529785156
297288,normal,268,0,1782362106.9368796,0.0019731521606445312
297289,normal,2461,0,1782362106.9389079,0.002028226852416992
297290,normal,1005,2,1782362106.9408557,0.0019478797912597656
297291,normal,1840,0,1782362106.9428554,0.0019996166229248047
297292,normal,54,0,1782362106.944927,0.0020716190338134766
297293,normal,700,0,1782362106.9468646,0.0019376277923583984
297294,normal,1583,0,1782362106.948867,0.0020024776458740234
297295,normal,1320,1,1782362106.9509366,0.0020694732666015625
297296,normal,2963,0,1782362106.9528923,0.001955747604370117
297297,normal,797,2,1782362106.9548924,0.002000093460083008
297298,normal,1912,0,1782362106.9568942,0.0020017623901367188
297299,normal,1418,0,1782362106.9588897,0.001995563507080078
297300,normal,3679,0,1782362106.9608908,0.002001047134399414
297301,normal,2007,0,1782362106.9628909,0.002000093460083008
297302,normal,1101,0,1782362106.9648926,0.0020017623901367188
297303,normal,3421,0,1782362106.9668903,0.001997709274291992
297304,normal,1559,0,1782362106.9688919,0.002001523971557617
297305,normal,3693,0,1782362106.9708898,0.0019979476928710938
297306,normal,1222,0,1782362106.9728894,0.0019996166229248047
297307,normal,2072,0,1782362106.974891,0.002001523971557617
297308,normal,1286,0,1782362106.9777105,0.002819538116455078
297309,normal,135,0,1782362106.9789107,0.0012001991271972656
297310,normal,465,0,1782362106.98093,0.0020194053649902344
297311,normal,553,0,1782362106.9829025,0.0019724369049072266
297312,normal,3666,0,1782362106.9849546,0.0020520687103271484
297313,normal,71,0,1782362106.9869075,0.0019528865814208984
297314,normal,866,2,1782362106.9888854,0.0019779205322265625
297315,normal,528,0,1782362106.9909334,0.002048015594482422
297316,normal,1387,0,1782362106.9929264,0.001992940902709961
297317,normal,555,0,1782362106.9949095,0.001983165740966797
297318,normal,25,0,1782362106.996947,0.002037525177001953
297319,normal,1801,0,1782362106.9989328,0.001985788345336914
297320,normal,3301,1,1782362107.0009074,0.0019745826721191406
297321,normal,1875,0,1782362107.002934,0.0020265579223632812
297322,normal,510,0,1782362107.0049272,0.0019931793212890625
297323,normal,505,0,1782362107.006911,0.0019838809967041016
297324,normal,934,2,1782362107.0089467,0.0020356178283691406
297325,normal,3108,1,1782362107.010927,0.001980304718017578
297326,normal,3697,0,1782362107.0129046,0.001977682113647461
297327,normal,1512,0,1782362107.0149024,0.001997709274291992
297328,normal,1054,0,1782362107.0169263,0.002023935317993164
297329,normal,3109,1,1782362107.018907,0.0019807815551757812
297330,normal,371,0,1782362107.0209444,0.0020372867584228516
297331,normal,3438,0,1782362107.0229325,0.0019881725311279297
297332,normal,695,0,1782362107.0249283,0.0019958019256591797
297333,normal,154,0,1782362107.0269322,0.002003908157348633
297334,normal,1596,0,1782362107.028947,0.0020148754119873047
297335,normal,973,2,1782362107.0308867,0.001939535140991211
297336,normal,1207,0,1782362107.0329485,0.0020618438720703125
297337,normal,1603,0,1782362107.034932,0.0019834041595458984
297338,normal,2381,0,1782362107.036905,0.0019731521606445312
297339,normal,860,2,1782362107.0389314,0.0020263195037841797
297340,normal,1247,0,1782362107.040927,0.001995563507080078
297341,normal,1410,0,1782362107.0429056,0.001978635787963867
297342,normal,570,0,1782362107.0461917,0.003286123275756836
297343,normal,3611,0,1782362107.0471442,0.0009524822235107422
297344,normal,1080,0,1782362107.0489216,0.0017774105072021484
297345,normal,1190,0,1782362107.051089,0.0021674633026123047
297346,normal,3313,1,1782362107.052965,0.0018758773803710938
297347,normal,1944,0,1782362107.0550857,0.0021207332611083984
297348,normal,2908,0,1782362107.0569215,0.0018358230590820312
297349,normal,93,0,1782362107.0592504,0.0023288726806640625
297350,normal,2817,0,1782362107.0609152,0.001664876937866211
297351,normal,656,0,1782362107.063094,0.002178668975830078
297352,normal,3670,0,1782362107.064973,0.0018792152404785156
297353,normal,3033,0,1782362107.0670881,0.002115011215209961
297354,normal,1892,0,1782362107.0689163,0.0018281936645507812
297355,normal,402,0,1782362107.0709355,0.002019166946411133
297356,normal,1561,0,1782362107.0730746,0.0021390914916992188
297357,normal,3268,1,1782362107.0749152,0.0018405914306640625
297358,normal,1186,0,1782362107.0770855,0.0021703243255615234
297359,normal,3238,1,1782362107.078916,0.0018305778503417969
297360,normal,1728,0,1782362107.0810835,0.0021674633026123047
297361,normal,907,2,1782362107.082915,0.0018315315246582031
297362,normal,3578,0,1782362107.0850916,0.002176523208618164
297363,normal,1311,0,1782362107.0869174,0.0018258094787597656
297364,normal,1772,0,1782362107.0890827,0.0021653175354003906
297365,normal,387,0,1782362107.0909522,0.0018694400787353516
297366,normal,3284,1,1782362107.092916,0.0019638538360595703
297367,normal,845,2,1782362107.0951586,0.002242565155029297
297368,normal,1211,0,1782362107.0969548,0.0017962455749511719
297369,normal,2512,0,1782362107.0989356,0.0019807815551757812
297370,normal,1283,0,1782362107.101154,0.002218484878540039
297371,normal,3676,0,1782362107.102973,0.0018188953399658203
297372,normal,2601,0,1782362107.1049163,0.001943349838256836
297373,normal,2178,0,1782362107.1071572,0.002240896224975586
297374,normal,1496,0,1782362107.108953,0.0017957687377929688
297375,normal,950,2,1782362107.1109319,0.0019788742065429688
297376,normal,2356,0,1782362107.1131594,0.0022275447845458984
297377,normal,2118,0,1782362107.114941,0.001781463623046875
297378,normal,2809,0,1782362107.116934,0.0019931793212890625
297379,normal,2437,0,1782362107.1191592,0.002225160598754883
297380,normal,2919,0,1782362107.120956,0.001796722412109375
297381,normal,1111,0,1782362107.1230886,0.0021326541900634766
297382,normal,796,2,1782362107.1249943,0.001905679702758789
297383,normal,329,0,1782362107.127087,0.0020928382873535156
297384,normal,1057,0,1782362107.128919,0.0018317699432373047
297385,normal,3286,1,1782362107.1311698,0.0022509098052978516
297386,normal,3341,1,1782362107.1329384,0.0017685890197753906
297387,normal,2460,0,1782362107.1350815,0.0021431446075439453
297388,normal,3455,0,1782362107.1370006,0.0019190311431884766
297389,normal,1766,0,1782362107.1390884,0.002087831497192383
297390,normal,936,2,1782362107.1409209,0.0018324851989746094
297391,normal,588,0,1782362107.1431746,0.0022537708282470703
297392,normal,2981,0,1782362107.1449337,0.0017590522766113281
297393,normal,3592,0,1782362107.147082,0.0021483898162841797
297394,normal,63,0,1782362107.1490047,0.001922607421875
297395,normal,1452,0,1782362107.1510909,0.002086162567138672
297396,normal,2222,0,1782362107.1529152,0.0018243789672851562
297397,normal,2507,0,1782362107.1551855,0.002270221710205078
297398,normal,2214,0,1782362107.1569853,0.0017998218536376953
297399,normal,2092,0,1782362107.1589353,0.0019500255584716797
297400,normal,887,2,1782362107.161187,0.0022516250610351562
297401,normal,3367,1,1782362107.16293,0.0017430782318115234
297402,normal,2292,0,1782362107.1650908,0.002160787582397461
297403,normal,3250,1,1782362107.1669157,0.0018248558044433594
297404,normal,220,0,1782362107.1690896,0.002173900604248047
297405,normal,1888,0,1782362107.1709144,0.0018248558044433594
297406,normal,3462,0,1782362107.1731856,0.0022711753845214844
297407,normal,2050,0,1782362107.1749246,0.0017390251159667969
297408,normal,542,0,1782362107.1770973,0.002172708511352539
297409,normal,261,0,1782362107.1789186,0.001821279525756836
297410,normal,1553,0,1782362107.1810954,0.0021767616271972656
297411,normal,438,0,1782362107.1829152,0.0018198490142822266
297412,normal,1788,0,1782362107.1853104,0.002395153045654297
297413,normal,768,0,1782362107.1869812,0.00167083740234375
297414,normal,3097,1,1782362107.1889343,0.001953125
297415,normal,2636,0,1782362107.1911983,0.0022640228271484375
297416,normal,24,0,1782362107.1929271,0.0017287731170654297
297417,normal,1872,0,1782362107.195087,0.0021598339080810547
297418,normal,1798,0,1782362107.1969264,0.0018393993377685547
297419,normal,360,0,1782362107.1989462,0.0020198822021484375
297420,normal,2645,0,1782362107.201091,0.0021448135375976562
297421,normal,1636,0,1782362107.2029295,0.0018384456634521484
297422,normal,1506,0,1782362107.204943,0.0020134449005126953
297423,normal,2560,0,1782362107.2070866,0.0021436214447021484
297424,normal,3633,0,1782362107.2089307,0.001844167709350586
297425,normal,824,2,1782362107.2109487,0.002017974853515625
297426,normal,2429,0,1782362107.2130914,0.002142667770385742
297427,normal,1986,0,1782362107.2148945,0.0018031597137451172
297428,normal,1414,0,1782362107.2169807,0.002086162567138672
297429,normal,581,0,1782362107.2189183,0.0019376277923583984
297430,normal,2497,0,1782362107.2212844,0.0023660659790039062
297431,normal,283,0,1782362107.222947,0.0016624927520751953
297432,normal,2427,0,1782362107.2249775,0.002030611038208008
297433,normal,550,0,1782362107.2271304,0.0021529197692871094
297434,normal,2718,0,1782362107.2290027,0.0018723011016845703
297435,normal,1034,0,1782362107.231091,0.002088308334350586
297436,normal,2376,0,1782362107.233004,0.0019130706787109375
297437,normal,507,0,1782362107.2349758,0.001971721649169922
297438,normal,455,0,1782362107.236972,0.001996278762817383
297439,normal,1624,0,1782362107.2391334,0.002161264419555664
297440,normal,2209,0,1782362107.2409766,0.0018432140350341797
297441,normal,2379,0,1782362107.2429755,0.0019989013671875
297442,normal,956,2,1782362107.245051,0.0020754337310791016
297443,normal,1885,0,1782362107.2469811,0.00193023681640625
297444,normal,1349,1,1782362107.2489731,0.0019919872283935547
297445,normal,1526,0,1782362107.2511437,0.002170562744140625
297446,normal,2319,0,1782362107.252975,0.0018312931060791016
297447,normal,1140,0,1782362107.2549736,0.0019986629486083984
297448,normal,3707,0,1782362107.2571437,0.002170085906982422
297449,normal,3349,1,1782362107.2590518,0.0019080638885498047
297450,normal,145,0,1782362107.2609456,0.001893758773803711
297451,normal,2501,0,1782362107.262928,0.001982450485229492
297452,normal,1783,0,1782362107.2649436,0.0020155906677246094
297453,normal,910,2,1782362107.2669582,0.002014636993408203
297454,normal,3156,1,1782362107.2689242,0.0019659996032714844
297455,normal,286,0,1782362107.2709446,0.0020203590393066406
297456,normal,736,0,1782362107.272941,0.0019965171813964844
297457,normal,1341,1,1782362107.2749267,0.0019855499267578125
297458,normal,147,0,1782362107.2769432,0.0020165443420410156
297459,normal,304,0,1782362107.2789414,0.0019981861114501953
297460,normal,1357,1,1782362107.2809277,0.001986265182495117
297461,normal,2999,0,1782362107.282947,0.0020194053649902344
297462,normal,3332,1,1782362107.28497,0.002022981643676758
297463,normal,2433,0,1782362107.2869277,0.0019576549530029297
297464,normal,1150,0,1782362107.2889435,0.002015829086303711
297465,normal,599,0,1782362107.2909548,0.0020112991333007812
297466,normal,1538,0,1782362107.2929275,0.001972675323486328
297467,normal,1571,0,1782362107.2949448,0.0020172595977783203
297468,normal,278,0,1782362107.2969768,0.002032041549682617
297469,normal,169,0,1782362107.298929,0.0019521713256835938
297470,normal,888,2,1782362107.3009427,0.002013683319091797
297471,normal,74,0,1782362107.3029563,0.002013683319091797
297472,normal,959,2,1782362107.3049276,0.0019712448120117188
297473,normal,976,2,1782362107.306946,0.002018451690673828
297474,normal,2127,0,1782362107.3089774,0.0020313262939453125
297475,normal,1443,0,1782362107.3109303,0.0019528865814208984
297476,normal,499,0,1782362107.3129478,0.002017498016357422
297477,normal,1679,0,1782362107.314958,0.002010345458984375
297478,normal,3426,0,1782362107.3169265,0.0019683837890625
297479,normal,2225,0,1782362107.3189461,0.002019643783569336
297480,normal,596,0,1782362107.3209817,0.0020356178283691406
297481,normal,1257,0,1782362107.3229282,0.0019464492797851562
297482,normal,2112,0,1782362107.32494,0.0020117759704589844
297483,normal,2085,0,1782362107.3269415,0.002001523971557617
297484,normal,676,0,1782362107.3289278,0.001986265182495117
297485,normal,3060,1,1782362107.3309443,0.0020165443420410156
297486,normal,1306,0,1782362107.33297,0.002025604248046875
297487,normal,1175,0,1782362107.3349278,0.0019578933715820312
297488,normal,2129,0,1782362107.3369515,0.0020236968994140625
297489,normal,1066,0,1782362107.3389552,0.0020036697387695312
297490,normal,3483,0,1782362107.340928,0.0019729137420654297
297491,normal,1752,0,1782362107.3429446,0.0020165443420410156
297492,normal,2452,0,1782362107.344974,0.0020294189453125
297493,normal,466,0,1782362107.3469265,0.0019524097442626953
297494,normal,1924,0,1782362107.349139,0.0022125244140625
297495,normal,351,0,1782362107.3509588,0.0018198490142822266
297496,normal,1399,0,1782362107.3531842,0.0022253990173339844
297497,normal,3340,1,1782362107.3549407,0.001756429672241211
297498,normal,1084,0,1782362107.3569448,0.0020041465759277344
297499,normal,3314,1,1782362107.3590703,0.0021255016326904297
297500,normal,3122,1,1782362107.361029,0.001958608627319336
297501,normal,3709,0,1782362107.3629112,0.001882314682006836
297502,normal,989,2,1782362107.3650744,0.0021631717681884766
297503,normal,3055,1,1782362107.3669703,0.001895904541015625
297504,normal,1803,0,1782362107.3689215,0.0019512176513671875
297505,normal,1060,0,1782362107.371073,0.0021514892578125
297506,normal,98,0,1782362107.3729482,0.001875162124633789
297507,normal,2926,0,1782362107.3749287,0.0019805431365966797
297508,normal,1927,0,1782362107.3773658,0.002437114715576172
297509,normal,1273,0,1782362107.3789105,0.0015447139739990234
297510,normal,1929,0,1782362107.3809228,0.0020122528076171875
297511,normal,1344,1,1782362107.3830042,0.0020813941955566406
297512,normal,1233,0,1782362107.384938,0.0019338130950927734
297513,normal,2212,0,1782362107.3869436,0.0020055770874023438
297514,normal,2923,0,1782362107.3889372,0.0019936561584472656
297515,normal,213,0,1782362107.3909109,0.0019736289978027344
297516,normal,3130,1,1782362107.3929324,0.0020215511322021484
297517,normal,3530,0,1782362107.3949323,0.0019998550415039062
297518,normal,927,2,1782362107.3969767,0.0020444393157958984
297519,normal,847,2,1782362107.398965,0.0019881725311279297
297520,normal,2943,0,1782362107.4010122,0.002047300338745117
297521,normal,1531,0,1782362107.4029717,0.001959562301635742
297522,normal,3066,1,1782362107.4049642,0.001992464065551758
297523,normal,2662,0,1782362107.4070184,0.0020542144775390625
297524,normal,900,2,1782362107.408969,0.0019505023956298828
297525,normal,1866,0,1782362107.410964,0.001995086669921875
297526,normal,1581,0,1782362107.4130177,0.0020537376403808594
297527,normal,3023,0,1782362107.414987,0.0019693374633789062
297528,normal,2891,0,1782362107.416965,0.0019779205322265625
297529,normal,3014,0,1782362107.4190207,0.002055644989013672
297530,normal,1542,0,1782362107.4209704,0.0019497871398925781
297531,normal,3054,1,1782362107.422937,0.0019664764404296875
297532,normal,330,0,1782362107.4250216,0.0020847320556640625
297533,normal,3561,0,1782362107.426964,0.0019423961639404297
297534,normal,2363,0,1782362107.4291742,0.0022101402282714844
297535,normal,3705,0,1782362107.4310331,0.0018589496612548828
297536,normal,2045,0,1782362107.433258,0.0022249221801757812
297537,normal,3013,0,1782362107.4349701,0.0017120838165283203
297538,normal,2018,0,1782362107.4371648,0.002194643020629883
297539,normal,1225,0,1782362107.4391458,0.001981019973754883
297540,normal,2053,0,1782362107.4411232,0.0019774436950683594
297541,normal,3441,0,1782362107.4430387,0.0019154548645019531
297542,normal,1860,0,1782362107.4450247,0.0019860267639160156
297543,normal,3456,0,1782362107.4469707,0.0019459724426269531
297544,normal,2119,0,1782362107.4491694,0.0021986961364746094
297545,normal,954,2,1782362107.4510236,0.0018541812896728516
297546,normal,1007,2,1782362107.4529734,0.0019497871398925781
297547,normal,1709,0,1782362107.4550347,0.0020613670349121094
297548,normal,2659,0,1782362107.4569643,0.0019295215606689453
297549,normal,904,2,1782362107.458963,0.0019986629486083984
297550,normal,3358,1,1782362107.4610364,0.002073526382446289
297551,normal,683,0,1782362107.4629598,0.0019233226776123047
297552,normal,2879,0,1782362107.4649622,0.0020024776458740234
297553,normal,409,0,1782362107.4670382,0.0020759105682373047
297554,normal,2403,0,1782362107.4689653,0.0019271373748779297
297555,normal,2223,0,1782362107.4709632,0.0019979476928710938
297556,normal,2235,0,1782362107.4730422,0.002079010009765625
297557,normal,1470,0,1782362107.4749672,0.0019249916076660156
297558,normal,43,0,1782362107.476959,0.001991748809814453
297559,normal,2330,0,1782362107.4789488,0.0019898414611816406
297560,normal,1708,0,1782362107.480965,0.0020160675048828125
297561,normal,610,0,1782362107.4829638,0.0019989013671875
297562,normal,1476,0,1782362107.4850454,0.002081632614135742
297563,normal,2070,0,1782362107.4869614,0.0019159317016601562
297564,normal,2480,0,1782362107.4889631,0.0020017623901367188
297565,normal,2231,0,1782362107.491048,0.002084970474243164
297566,normal,2629,0,1782362107.4929712,0.0019230842590332031
297567,normal,2269,0,1782362107.494963,0.001991748809814453
297568,normal,2313,0,1782362107.4970512,0.002088308334350586
297569,normal,1290,0,1782362107.4989629,0.0019116401672363281
297570,normal,1228,0,1782362107.5009632,0.0020003318786621094
297571,normal,3566,0,1782362107.503075,0.002111673355102539
297572,normal,1663,0,1782362107.5049636,0.0018887519836425781
297573,normal,3370,1,1782362107.5069637,0.002000093460083008
297574,normal,1899,0,1782362107.509057,0.0020933151245117188
297575,normal,2969,0,1782362107.5109606,0.001903533935546875
297576,normal,2735,0,1782362107.5129633,0.002002716064453125
297577,normal,2220,0,1782362107.5150383,0.0020749568939208984
297578,normal,3043,0,1782362107.5169566,0.0019183158874511719
297579,normal,3608,0,1782362107.518963,0.00200653076171875
297580,normal,1910,0,1782362107.5209644,0.0020012855529785156
297581,normal,678,0,1782362107.5229619,0.0019974708557128906
297582,normal,2784,0,1782362107.524963,0.002001047134399414
297583,normal,2798,0,1782362107.5269666,0.0020036697387695312
297584,normal,2604,0,1782362107.5289588,0.0019922256469726562
297585,normal,1019,2,1782362107.5309713,0.002012491226196289
297586,normal,2625,0,1782362107.5329683,0.0019969940185546875
297587,normal,2860,0,1782362107.5349517,0.0019834041595458984
297588,normal,2528,0,1782362107.5369618,0.0020101070404052734
297589,normal,1939,0,1782362107.53897,0.002008199691772461
297590,normal,2684,0,1782362107.5410006,0.002030611038208008
297591,normal,1582,0,1782362107.5429337,0.0019330978393554688
297592,normal,3308,1,1782362107.5449631,0.0020294189453125
297593,normal,2416,0,1782362107.546954,0.001990795135498047
297594,normal,3675,0,1782362107.5489357,0.0019817352294921875
297595,normal,30,0,1782362107.5509746,0.0020389556884765625
297596,normal,1371,1,1782362107.5529654,0.001990795135498047
297597,normal,2445,0,1782362107.554962,0.0019965171813964844
297598,normal,2738,0,1782362107.5569777,0.002015829086303711
297599,normal,2646,0,1782362107.5589576,0.001979827880859375
297600,normal,2640,0,1782362107.5609627,0.0020051002502441406
297601,normal,632,0,1782362107.5629783,0.0020155906677246094
297602,normal,3494,0,1782362107.5649712,0.001992940902709961
297603,normal,2720,0,1782362107.5669343,0.0019631385803222656
297604,normal,889,2,1782362107.5689828,0.002048492431640625
297605,normal,484,0,1782362107.5709877,0.002004861831665039
297606,normal,1028,2,1782362107.572935,0.0019474029541015625
297607,normal,274,0,1782362107.5749853,0.002050161361694336
297608,normal,2854,0,1782362107.57697,0.001984834671020508
297609,normal,1662,0,1782362107.5789351,0.001965045928955078
297610,normal,459,0,1782362107.5809884,0.0020532608032226562
297611,normal,1015,2,1782362107.5829685,0.0019800662994384766
297612,normal,1332,1,1782362107.5849624,0.001993894577026367
297613,normal,587,0,1782362107.586988,0.002025604248046875
297614,normal,3365,1,1782362107.5889695,0.001981496810913086
297615,normal,2680,0,1782362107.5909607,0.00199127197265625
297616,normal,1724,0,1782362107.5929928,0.002032041549682617
297617,normal,3574,0,1782362107.5949647,0.0019719600677490234
297618,normal,369,0,1782362107.596957,0.0019922256469726562
297619,normal,2148,0,1782362107.5989945,0.002037525177001953
297620,normal,2592,0,1782362107.6009624,0.001967906951904297
297621,normal,136,0,1782362107.602961,0.0019986629486083984
297622,normal,3171,1,1782362107.6049974,0.0020363330841064453
297623,normal,733,0,1782362107.606959,0.0019617080688476562
297624,normal,266,0,1782362107.6089725,0.0020134449005126953
297625,normal,1170,0,1782362107.610999,0.0020265579223632812
297626,normal,3038,0,1782362107.6129746,0.001975536346435547
297627,normal,2202,0,1782362107.614962,0.001987457275390625
297628,normal,1282,0,1782362107.6170027,0.0020406246185302734
297629,normal,324,0,1782362107.6189651,0.001962423324584961
297630,normal,2655,0,1782362107.6209614,0.001996278762817383
297631,normal,3547,0,1782362107.6230044,0.002043008804321289
297632,normal,650,0,1782362107.6250038,0.001999378204345703
297633,normal,469,0,1782362107.6269338,0.0019299983978271484
297634,normal,3328,1,1782362107.6290069,0.002073049545288086
297635,normal,741,0,1782362107.6309402,0.0019333362579345703
297636,normal,2954,0,1782362107.6329618,0.0020215511322021484
297637,normal,3065,1,1782362107.6350088,0.0020470619201660156
297638,normal,3586,0,1782362107.6370215,0.0020127296447753906
297639,normal,3538,0,1782362107.6389346,0.0019130706787109375
297640,normal,211,0,1782362107.6410124,0.002077817916870117
297641,normal,1599,0,1782362107.6429555,0.0019431114196777344
297642,normal,705,0,1782362107.6449964,0.002040863037109375
297643,normal,3395,1,1782362107.6479795,0.00298309326171875
297644,normal,703,0,1782362107.6489766,0.0009970664978027344
297645,normal,2249,0,1782362107.6509628,0.001986265182495117
297646,normal,1249,0,1782362107.6530163,0.002053499221801758
297647,normal,2672,0,1782362107.6549366,0.0019202232360839844
297648,normal,3176,1,1782362107.656932,0.001995563507080078
297649,normal,1125,0,1782362107.6590173,0.0020852088928222656
297650,normal,2532,0,1782362107.6609366,0.0019192695617675781
297651,normal,882,2,1782362107.662963,0.0020263195037841797
297652,normal,2660,0,1782362107.6650221,0.0020592212677001953
297653,normal,3655,0,1782362107.666938,0.0019159317016601562
297654,normal,3445,0,1782362107.6689653,0.002027273178100586
297655,normal,3180,1,1782362107.6710258,0.002060413360595703
297656,normal,874,2,1782362107.6729383,0.0019125938415527344
297657,normal,2633,0,1782362107.6749368,0.001998424530029297
297658,normal,483,0,1782362107.6770277,0.002090930938720703
297659,normal,3277,1,1782362107.6789358,0.0019080638885498047
297660,normal,2730,0,1782362107.680959,0.0020232200622558594
297661,normal,3270,1,1782362107.682963,0.002003908157348633
297662,normal,2431,0,1782362107.6849377,0.001974821090698242
297663,normal,1807,0,1782362107.6869724,0.0020346641540527344
297664,normal,2259,0,1782362107.6890318,0.002059459686279297
297665,normal,2565,0,1782362107.6909506,0.001918792724609375
297666,normal,1056,0,1782362107.6929367,0.0019860267639160156
297667,normal,1914,0,1782362107.6950347,0.00209808349609375
297668,normal,3158,1,1782362107.6969645,0.0019297599792480469
297669,normal,1177,0,1782362107.6989386,0.0019741058349609375
297670,normal,1686,0,1782362107.7010376,0.0020990371704101562
297671,normal,1090,0,1782362107.7029676,0.0019299983978271484
297672,normal,2577,0,1782362107.7049382,0.001970529556274414
297673,normal,231,0,1782362107.7070403,0.0021021366119384766
297674,normal,930,2,1782362107.7089484,0.0019080638885498047
297675,normal,1532,0,1782362107.7109373,0.0019888877868652344
297676,normal,3663,0,1782362107.7130427,0.0021054744720458984
297677,normal,2694,0,1782362107.7149448,0.0019021034240722656
297678,normal,3635,0,1782362107.7169647,0.0020198822021484375
297679,normal,1203,0,1782362107.7190444,0.0020797252655029297
297680,normal,478,0,1782362107.7209566,0.0019121170043945312
297681,normal,441,0,1782362107.7229285,0.0019719600677490234
297682,normal,3226,1,1782362107.7250454,0.0021169185638427734
297683,normal,3545,0,1782362107.726964,0.0019185543060302734
297684,normal,464,0,1782362107.7289362,0.001972198486328125
297685,normal,2074,0,1782362107.7310512,0.002115011215209961
297686,normal,1510,0,1782362107.732949,0.0018978118896484375
297687,normal,1279,0,1782362107.734938,0.0019888877868652344
297688,normal,3030,0,1782362107.7370543,0.0021164417266845703
297689,normal,2482,0,1782362107.7389526,0.0018982887268066406
297690,normal,2098,0,1782362107.740963,0.002010345458984375
297691,normal,3625,0,1782362107.7430544,0.0020914077758789062
297692,normal,1486,0,1782362107.7449968,0.0019423961639404297
297693,normal,3528,0,1782362107.7469332,0.0019364356994628906
297694,normal,1346,1,1782362107.749057,0.0021238327026367188
297695,normal,2563,0,1782362107.75095,0.0018930435180664062
297696,normal,1483,0,1782362107.7529643,0.00201416015625
297697,normal,834,2,1782362107.7550595,0.0020952224731445312
297698,normal,1574,0,1782362107.7569494,0.001889944076538086
297699,normal,2721,0,1782362107.758965,0.0020155906677246094
297700,normal,1209,0,1782362107.7609382,0.0019731521606445312
297701,normal,1043,0,1782362107.762955,0.002016782760620117
297702,normal,3229,1,1782362107.7649705,0.0020155906677246094
297703,normal,1796,0,1782362107.7669663,0.0019958019256591797
297704,normal,2821,0,1782362107.768951,0.0019845962524414062
297705,normal,1489,0,1782362107.7709634,0.002012491226196289
297706,normal,541,0,1782362107.7729688,0.002005338668823242
297707,normal,448,0,1782362107.7749455,0.0019767284393310547
297708,normal,1567,0,1782362107.7769644,0.0020189285278320312
297709,normal,2028,0,1782362107.7789721,0.002007722854614258
297710,normal,1896,0,1782362107.7809565,0.0019843578338623047
297711,normal,421,0,1782362107.7829647,0.002008199691772461
297712,normal,1439,0,1782362107.784974,0.0020093917846679688
297713,normal,452,0,1782362107.7869492,0.0019750595092773438
297714,normal,3450,0,1782362107.7889652,0.0020160675048828125
297715,normal,2838,0,1782362107.7909768,0.002011537551879883
297716,normal,3376,1,1782362107.7929523,0.001975536346435547
297717,normal,407,0,1782362107.7949643,0.002012014389038086
297718,normal,1188,0,1782362107.7969782,0.0020139217376708984
297719,normal,3378,1,1782362107.7989588,0.0019805431365966797
297720,normal,205,0,1782362107.8009388,0.0019800662994384766
297721,normal,3415,0,1782362107.8029807,0.0020418167114257812
297722,normal,1740,0,1782362107.8049595,0.0019788742065429688
297723,normal,3295,1,1782362107.806964,0.002004384994506836
297724,normal,623,0,1782362107.8089833,0.0020194053649902344
297725,normal,1321,1,1782362107.810961,0.001977682113647461
297726,normal,194,0,1782362107.8129656,0.0020046234130859375
297727,normal,3490,0,1782362107.8149855,0.0020198822021484375
297728,normal,3247,1,1782362107.8169522,0.001966714859008789
297729,normal,3602,0,1782362107.8189652,0.002012968063354492
297730,normal,1637,0,1782362107.8209887,0.002023458480834961
297731,normal,1094,0,1782362107.8229456,0.001956939697265625
297732,normal,2597,0,1782362107.8249388,0.0019931793212890625
297733,normal,1477,0,1782362107.8270059,0.002067089080810547
297734,normal,512,0,1782362107.8289568,0.001950979232788086
297735,normal,115,0,1782362107.8309724,0.0020155906677246094
297736,normal,1472,0,1782362107.832994,0.0020215511322021484
297737,normal,677,0,1782362107.834958,0.001964092254638672
297738,normal,2644,0,1782362107.8369634,0.002005338668823242
297739,normal,1813,0,1782362107.8389964,0.0020329952239990234
297740,normal,3121,1,1782362107.840957,0.0019605159759521484
297741,normal,1930,0,1782362107.8429725,0.0020155906677246094
297742,normal,780,2,1782362107.8449852,0.0020127296447753906
297743,normal,3077,1,1782362107.8469512,0.0019659996032714844
297744,normal,1092,0,1782362107.848969,0.0020177364349365234
297745,normal,3329,1,1782362107.8510017,0.002032756805419922
297746,normal,2681,0,1782362107.852958,0.0019562244415283203
297747,normal,2371,0,1782362107.854965,0.002007007598876953
297748,normal,2384,0,1782362107.857004,0.0020389556884765625
297749,normal,3244,1,1782362107.8589537,0.0019497871398925781
297750,normal,1438,0,1782362107.8609345,0.0019807815551757812
297751,normal,2122,0,1782362107.863005,0.0020704269409179688
297752,normal,2768,0,1782362107.8649547,0.0019497871398925781
297753,normal,1504,0,1782362107.8669648,0.0020101070404052734
297754,normal,2622,0,1782362107.869008,0.0020432472229003906
297755,normal,953,2,1782362107.870957,0.0019488334655761719
297756,normal,1008,2,1782362107.873117,0.0021600723266601562
297757,normal,384,0,1782362107.8750174,0.0019004344940185547
297758,normal,3283,1,1782362107.8770092,0.001991748809814453
297759,normal,2097,0,1782362107.879091,0.0020818710327148438
297760,normal,988,2,1782362107.8810213,0.00193023681640625
297761,normal,1692,0,1782362107.8832543,0.0022330284118652344
297762,normal,1976,0,1782362107.885034,0.001779794692993164
297763,normal,2262,0,1782362107.8870163,0.0019822120666503906
297764,normal,29,0,1782362107.8889742,0.0019578933715820312
297765,normal,85,0,1782362107.8909225,0.0019483566284179688
297766,normal,1979,0,1782362107.8929367,0.00201416015625
297767,normal,2418,0,1782362107.89492,0.0019834041595458984
297768,normal,2869,0,1782362107.8969223,0.002002239227294922
297769,normal,3274,1,1782362107.8989222,0.0019998550415039062
297770,normal,666,0,1782362107.9009213,0.0019991397857666016
297771,normal,3350,1,1782362107.9029212,0.0019998550415039062
297772,normal,1828,0,1782362107.9049242,0.0020029544830322266
297773,normal,671,0,1782362107.9069223,0.0019981861114501953
297774,normal,3297,1,1782362107.9089203,0.0019979476928710938
297775,normal,1459,0,1782362107.9110248,0.002104520797729492
297776,normal,3527,0,1782362107.9129205,0.0018956661224365234
297777,normal,855,2,1782362107.9149222,0.0020017623901367188
297778,normal,1754,0,1782362107.9169292,0.002007007598876953
297779,normal,1994,0,1782362107.9189193,0.001990079879760742
297780,normal,212,0,1782362107.9209266,0.0020072460174560547
297781,normal,1850,0,1782362107.9229317,0.0020051002502441406
297782,normal,3303,1,1782362107.9249198,0.0019881725311279297
297783,normal,1528,0,1782362107.9269214,0.002001523971557617
297784,normal,2564,0,1782362107.929091,0.0021696090698242188
297785,normal,2542,0,1782362107.9309204,0.001829385757446289
297786,normal,333,0,1782362107.9329453,0.0020248889923095703
297787,normal,3594,0,1782362107.9349368,0.0019915103912353516
297788,normal,1405,0,1782362107.936921,0.001984119415283203
297789,normal,616,0,1782362107.938921,0.002000093460083008
297790,normal,1271,0,1782362107.941094,0.0021729469299316406
297791,normal,3353,1,1782362107.9429379,0.0018439292907714844
297792,normal,413,0,1782362107.945072,0.002134084701538086
297793,normal,1432,0,1782362107.9470959,0.002023935317993164
297794,normal,772,2,1782362107.9489336,0.0018377304077148438
297795,normal,2596,0,1782362107.9510772,0.0021436214447021484
297796,normal,1179,0,1782362107.9529607,0.0018835067749023438
297797,normal,2358,0,1782362107.955094,0.0021333694458007812
297798,normal,2219,0,1782362107.9569314,0.0018372535705566406
297799,normal,2088,0,1782362107.9591007,0.002169370651245117
297800,normal,2534,0,1782362107.9609418,0.0018410682678222656
297801,normal,1059,0,1782362107.9630697,0.0021278858184814453
297802,normal,2687,0,1782362107.9649484,0.0018787384033203125
297803,normal,1457,0,1782362107.9670935,0.002145051956176758
297804,normal,332,0,1782362107.9689198,0.0018262863159179688
297805,normal,118,0,1782362107.971123,0.002203226089477539
297806,normal,3287,1,1782362107.9729342,0.0018112659454345703
297807,normal,1835,0,1782362107.9749174,0.001983165740966797
297808,normal,488,0,1782362107.9771307,0.0022132396697998047
297809,normal,2736,0,1782362107.979014,0.0018832683563232422
297810,normal,3118,1,1782362107.9809186,0.0019047260284423828
297811,normal,3298,1,1782362107.9831285,0.002209901809692383
297812,normal,1568,0,1782362107.984915,0.0017864704132080078
297813,normal,1693,0,1782362107.9870687,0.002153635025024414
297814,normal,3596,0,1782362107.988959,0.001890420913696289
297815,normal,2530,0,1782362107.9910467,0.0020875930786132812
297816,normal,3059,1,1782362107.9929183,0.0018715858459472656
297817,normal,826,2,1782362107.9951384,0.00222015380859375
297818,normal,1336,1,1782362107.9969335,0.001795053482055664
297819,normal,2419,0,1782362107.9990814,0.0021479129791259766
297820,normal,2340,0,1782362108.0009613,0.0018799304962158203
297821,normal,2996,0,1782362108.002936,0.0019745826721191406
297822,normal,2661,0,1782362108.0050838,0.0021479129791259766
297823,normal,3555,0,1782362108.0068944,0.0018105506896972656
297824,normal,309,0,1782362108.008903,0.002008676528930664
297825,normal,2912,0,1782362108.0110095,0.0021064281463623047
297826,normal,3237,1,1782362108.012882,0.0018725395202636719
297827,normal,664,0,1782362108.0149412,0.0020592212677001953
297828,normal,1839,0,1782362108.0170717,0.0021305084228515625
297829,normal,1959,0,1782362108.0189714,0.00189971923828125
297830,normal,383,0,1782362108.0210912,0.002119779586791992
297831,normal,547,0,1782362108.0230775,0.001986265182495117
297832,normal,3085,1,1782362108.0249753,0.0018978118896484375
297833,normal,382,0,1782362108.0270875,0.002112150192260742
297834,normal,1098,0,1782362108.0289183,0.0018308162689208984
297835,normal,2689,0,1782362108.0311527,0.0022344589233398438
297836,normal,2234,0,1782362108.0329323,0.0017795562744140625
297837,normal,2159,0,1782362108.035078,0.0021457672119140625
297838,normal,1499,0,1782362108.0369787,0.0019006729125976562
297839,normal,3172,1,1782362108.0390773,0.002098560333251953
297840,normal,271,0,1782362108.0409226,0.0018453598022460938
297841,normal,2198,0,1782362108.0431566,0.0022339820861816406
297842,normal,3126,1,1782362108.044922,0.0017654895782470703
297843,normal,2076,0,1782362108.0470705,0.0021483898162841797
297844,normal,2003,0,1782362108.0489843,0.0019137859344482422
297845,normal,3324,1,1782362108.0510798,0.002095460891723633
297846,normal,3090,1,1782362108.0529735,0.001893758773803711
297847,normal,1444,0,1782362108.0551617,0.0021882057189941406
297848,normal,1622,0,1782362108.056965,0.0018033981323242188
297849,normal,2682,0,1782362108.0589375,0.0019724369049072266
297850,normal,1509,0,1782362108.0611682,0.0022306442260742188
297851,normal,3227,1,1782362108.0630198,0.0018515586853027344
297852,normal,2420,0,1782362108.064936,0.0019161701202392578
297853,normal,38,0,1782362108.0671701,0.002234220504760742
297854,normal,2907,0,1782362108.0689397,0.0017695426940917969
297855,normal,3556,0,1782362108.0711372,0.0021975040435791016
297856,normal,1856,0,1782362108.0731726,0.002035379409790039
297857,normal,2084,0,1782362108.0749464,0.001773834228515625
297858,normal,2685,0,1782362108.0771005,0.002154111862182617
297859,normal,801,2,1782362108.078976,0.0018754005432128906
297860,normal,825,2,1782362108.0810046,0.0020287036895751953
297861,normal,3215,1,1782362108.0830832,0.002078533172607422
297862,normal,2946,0,1782362108.08494,0.0018568038940429688
297863,normal,2714,0,1782362108.086902,0.001961946487426758
297864,normal,686,0,1782362108.0889745,0.002072572708129883
297865,normal,1277,0,1782362108.0909302,0.001955747604370117
297866,normal,1722,0,1782362108.0929446,0.0020143985748291016
297867,normal,1739,0,1782362108.0949593,0.002014636993408203
297868,normal,1162,0,1782362108.0969303,0.001971006393432617
297869,normal,2566,0,1782362108.0990968,0.0021665096282958984
297870,normal,2676,0,1782362108.100926,0.0018291473388671875
297871,normal,2550,0,1782362108.1031833,0.0022573471069335938
297872,normal,3479,0,1782362108.1049242,0.0017409324645996094
297873,normal,2769,0,1782362108.1070716,0.0021474361419677734
297874,normal,970,2,1782362108.1090083,0.0019366741180419922
297875,normal,53,0,1782362108.1110716,0.002063274383544922
297876,normal,3183,1,1782362108.1129673,0.0018956661224365234
297877,normal,234,0,1782362108.1151881,0.0022208690643310547
297878,normal,2040,0,1782362108.116944,0.0017559528350830078
297879,normal,3220,1,1782362108.1190715,0.002127408981323242
297880,normal,2476,0,1782362108.1210163,0.0019447803497314453
297881,normal,941,2,1782362108.1230743,0.0020580291748046875
297882,normal,2110,0,1782362108.1249216,0.0018472671508789062
297883,normal,2978,0,1782362108.127133,0.002211332321166992
297884,normal,2859,0,1782362108.128921,0.0017881393432617188
297885,normal,3514,0,1782362108.131072,0.002151012420654297
297886,normal,1475,0,1782362108.1329215,0.0018494129180908203
297887,normal,2027,0,1782362108.1350727,0.0021512508392333984
297888,normal,341,0,1782362108.1370168,0.0019440650939941406
297889,normal,554,0,1782362108.1391332,0.0021164417266845703
297890,normal,2548,0,1782362108.1412957,0.002162456512451172
297891,normal,3668,0,1782362108.1432285,0.0019328594207763672
297892,normal,2890,0,1782362108.1452365,0.0020079612731933594
297893,normal,3106,1,1782362108.146952,0.0017154216766357422
297894,normal,2066,0,1782362108.1490338,0.0020818710327148438
297895,normal,359,0,1782362108.1508934,0.0018596649169921875
297896,normal,1322,1,1782362108.152952,0.0020585060119628906
297897,normal,3419,0,1782362108.1550765,0.0021245479583740234
297898,normal,2909,0,1782362108.1569977,0.0019211769104003906
297899,normal,3311,1,1782362108.1591,0.002102375030517578
297900,normal,2764,0,1782362108.1609771,0.0018770694732666016
297901,normal,2987,0,1782362108.16301,0.002032756805419922
297902,normal,781,2,1782362108.165221,0.0022110939025878906
297903,normal,2245,0,1782362108.1671195,0.0018985271453857422
297904,normal,3636,0,1782362108.168885,0.0017654895782470703
297905,normal,3520,0,1782362108.1709948,0.0021097660064697266
297906,normal,2486,0,1782362108.172943,0.0019483566284179688
297907,normal,69,0,1782362108.1749947,0.0020515918731689453
297908,normal,3281,1,1782362108.1768894,0.0018947124481201172
297909,normal,198,0,1782362108.1789322,0.0020427703857421875
297910,normal,2372,0,1782362108.181034,0.002101898193359375
297911,normal,876,2,1782362108.182986,0.0019519329071044922
297912,normal,1781,0,1782362108.1850247,0.002038717269897461
297913,normal,2609,0,1782362108.187025,0.0020003318786621094
297914,normal,3351,1,1782362108.1889892,0.001964092254638672
297915,normal,2827,0,1782362108.1910298,0.0020406246185302734
297916,normal,2498,0,1782362108.192984,0.001954317092895508
297917,normal,3253,1,1782362108.19503,0.002045869827270508
297918,normal,1645,0,1782362108.1970265,0.0019965171813964844
297919,normal,985,2,1782362108.1989896,0.0019631385803222656
297920,normal,2104,0,1782362108.2017431,0.0027534961700439453
297921,normal,315,0,1782362108.2031672,0.0014240741729736328
297922,normal,1647,0,1782362108.205171,0.002003908157348633
297923,normal,1467,0,1782362108.2074423,0.0022711753845214844
297924,normal,3534,0,1782362108.2090056,0.0015633106231689453
297925,normal,2012,0,1782362108.2111049,0.002099275588989258
297926,normal,1160,0,1782362108.2135847,0.0024797916412353516
297927,normal,1593,0,1782362108.2149258,0.001341104507446289
297928,normal,3100,1,1782362108.2171257,0.002199888229370117
297929,normal,2276,0,1782362108.218961,0.0018353462219238281
297930,normal,644,0,1782362108.2210565,0.002095460891723633
297931,normal,3041,0,1782362108.2229497,0.0018932819366455078
297932,normal,3170,1,1782362108.2250836,0.0021338462829589844
297933,normal,1416,0,1782362108.2269208,0.0018372535705566406
297934,normal,3037,0,1782362108.2291694,0.002248525619506836
297935,normal,11,0,1782362108.2309544,0.0017850399017333984
297936,normal,3532,0,1782362108.2330503,0.002095937728881836
297937,normal,3385,1,1782362108.234912,0.001861572265625
297938,normal,2588,0,1782362108.2370112,0.002099275588989258
297939,normal,237,0,1782362108.2389057,0.0018944740295410156
297940,normal,80,0,1782362108.2410235,0.0021178722381591797
297941,normal,2058,0,1782362108.2429583,0.0019347667694091797
297942,normal,739,0,1782362108.245227,0.0022687911987304688
297943,normal,2314,0,1782362108.2470114,0.0017843246459960938
297944,normal,990,2,1782362108.2490711,0.0020596981048583984
297945,normal,97,0,1782362108.2509763,0.001905202865600586
297946,normal,2,0,1782362108.2530475,0.0020711421966552734
297947,normal,215,0,1782362108.2549527,0.001905202865600586
297948,normal,3288,1,1782362108.257036,0.002083301544189453
297949,normal,3111,1,1782362108.2590148,0.0019788742065429688
297950,normal,735,0,1782362108.2609153,0.0019004344940185547
297951,normal,84,0,1782362108.2630663,0.002151012420654297
297952,normal,1952,0,1782362108.2649775,0.001911163330078125
297953,normal,396,0,1782362108.2670631,0.0020856857299804688
297954,normal,3234,1,1782362108.2689884,0.0019252300262451172
297955,normal,3327,1,1782362108.2711396,0.0021512508392333984
297956,normal,2545,0,1782362108.2730927,0.001953125
297957,normal,2992,0,1782362108.2750652,0.0019724369049072266
297958,normal,138,0,1782362108.277159,0.002093791961669922
297959,normal,1302,0,1782362108.2788985,0.001739501953125
297960,normal,228,0,1782362108.2810013,0.0021028518676757812
297961,normal,1592,0,1782362108.2829976,0.001996278762817383
297962,normal,2123,0,1782362108.2849247,0.0019271373748779297
297963,normal,2932,0,1782362108.2870364,0.002111673355102539
297964,normal,3144,1,1782362108.2889903,0.0019538402557373047
297965,normal,1507,0,1782362108.290881,0.0018906593322753906
297966,normal,207,0,1782362108.2929883,0.002107381820678711
297967,normal,1441,0,1782362108.2952213,0.0022330284118652344
297968,normal,1919,0,1782362108.29709,0.0018687248229980469
297969,normal,2708,0,1782362108.2990391,0.0019490718841552734
297970,normal,1745,0,1782362108.301271,0.0022318363189697266
297971,normal,2953,0,1782362108.302909,0.0016379356384277344
297972,normal,3579,0,1782362108.3050156,0.0021066665649414062
297973,normal,1806,0,1782362108.3070095,0.001993894577026367
297974,normal,2916,0,1782362108.3089073,0.0018978118896484375
297975,normal,2616,0,1782362108.3112922,0.0023849010467529297
297976,normal,1546,0,1782362108.313077,0.0017848014831542969
297977,normal,2940,0,1782362108.31489,0.0018129348754882812
297978,normal,2215,0,1782362108.316992,0.0021021366119384766
297979,normal,3225,1,1782362108.3190048,0.0020127296447753906
297980,normal,1767,0,1782362108.320921,0.0019161701202392578
297981,normal,3337,1,1782362108.3232527,0.0023317337036132812
297982,normal,1669,0,1782362108.3250842,0.0018315315246582031
297983,normal,1811,0,1782362108.3270211,0.0019369125366210938
297984,normal,917,2,1782362108.32904,0.0020189285278320312
297985,normal,260,0,1782362108.33118,0.002140045166015625
297986,normal,2657,0,1782362108.333,0.0018198490142822266
297987,normal,2009,0,1782362108.3348942,0.001894235610961914
297988,normal,1697,0,1782362108.3373137,0.0024194717407226562
297989,normal,3276,1,1782362108.339163,0.0018494129180908203
297990,normal,2761,0,1782362108.341037,0.0018739700317382812
297991,normal,2161,0,1782362108.3431425,0.0021054744720458984
297992,normal,2221,0,1782362108.3453634,0.0022208690643310547
297993,normal,3610,0,1782362108.3469877,0.0016243457794189453
297994,normal,3688,0,1782362108.3490157,0.0020279884338378906
297995,normal,2359,0,1782362108.3509398,0.0019240379333496094
297996,normal,2607,0,1782362108.353068,0.0021283626556396484
297997,normal,1044,0,1782362108.3549209,0.0018527507781982422
297998,normal,2308,0,1782362108.3570297,0.0021088123321533203
297999,normal,1735,0,1782362108.358916,0.0018863677978515625
298000,normal,187,0,1782362108.3610203,0.0021042823791503906
298001,normal,433,0,1782362108.3629878,0.0019674301147460938
298002,normal,808,2,1782362108.36499,0.002002239227294922
298003,normal,680,0,1782362108.3670883,0.0020983219146728516
298004,normal,289,0,1782362108.368921,0.001832723617553711
298005,normal,984,2,1782362108.3710418,0.0021207332611083984
298006,normal,1560,0,1782362108.3730645,0.0020227432250976562
298007,normal,1213,0,1782362108.375016,0.001951456069946289
298008,normal,456,0,1782362108.3769898,0.001973867416381836
298009,normal,1100,0,1782362108.3789964,0.00200653076171875
298010,normal,490,0,1782362108.3809226,0.0019261837005615234
298011,normal,110,0,1782362108.3830228,0.002100229263305664
298012,normal,1985,0,1782362108.3850086,0.001985788345336914
298013,normal,518,0,1782362108.3869243,0.0019156932830810547
298014,normal,188,0,1782362108.3890398,0.002115488052368164
298015,normal,2537,0,1782362108.3910341,0.0019943714141845703
298016,normal,3216,1,1782362108.392989,0.001954793930053711
298017,normal,223,0,1782362108.394937,0.0019481182098388672
298018,normal,2267,0,1782362108.3970032,0.0020661354064941406
298019,normal,2739,0,1782362108.3989048,0.0019016265869140625
298020,normal,2139,0,1782362108.4009953,0.0020904541015625
298021,normal,1215,0,1782362108.4030128,0.002017498016357422
298022,normal,3209,1,1782362108.404897,0.0018842220306396484
298023,normal,2605,0,1782362108.4070516,0.0021545886993408203
298024,normal,1390,0,1782362108.4089746,0.0019230842590332031
298025,normal,3609,0,1782362108.4111016,0.002126932144165039
298026,normal,2124,0,1782362108.4129179,0.0018162727355957031
298027,normal,161,0,1782362108.415031,0.0021131038665771484
298028,normal,831,2,1782362108.4169147,0.0018837451934814453
298029,normal,1127,0,1782362108.4189813,0.0020666122436523438
298030,normal,195,0,1782362108.4209847,0.0020034313201904297
298031,normal,3472,0,1782362108.422878,0.0018932819366455078
298032,normal,2310,0,1782362108.4250064,0.0021283626556396484
298033,normal,1114,0,1782362108.4270532,0.002046823501586914
298034,normal,373,0,1782362108.4290009,0.001947641372680664
298035,normal,3677,0,1782362108.431117,0.0021162033081054688
298036,normal,763,0,1782362108.4330077,0.0018906593322753906
298037,normal,2404,0,1782362108.4350567,0.002048969268798828
298038,normal,47,0,1782362108.436995,0.0019383430480957031
298039,normal,487,0,1782362108.4391568,0.002161741256713867
298040,normal,1385,0,1782362108.4410384,0.0018815994262695312
298041,normal,133,0,1782362108.4428847,0.0018463134765625
298042,normal,723,0,1782362108.4449816,0.002096891403198242
298043,normal,1539,0,1782362108.4468818,0.0019001960754394531
298044,normal,2917,0,1782362108.4489996,0.0021178722381591797
298045,normal,1965,0,1782362108.4510887,0.0020890235900878906
298046,normal,1307,0,1782362108.452883,0.0017943382263183594
298047,normal,449,0,1782362108.4549792,0.0020961761474609375
298048,normal,509,0,1782362108.4569862,0.002007007598876953
298049,normal,2863,0,1782362108.4588933,0.0019071102142333984
298050,normal,1580,0,1782362108.4616091,0.0027158260345458984
298051,normal,361,0,1782362108.4631412,0.0015320777893066406
298052,normal,2705,0,1782362108.4648964,0.0017552375793457031
298053,normal,1278,0,1782362108.4670062,0.0021097660064697266
298054,normal,451,0,1782362108.4690065,0.0020003318786621094
298055,normal,3260,1,1782362108.4709074,0.0019009113311767578
298056,normal,685,0,1782362108.473161,0.0022535324096679688
298057,normal,1293,0,1782362108.4749131,0.0017521381378173828
298058,normal,2278,0,1782362108.4770088,0.0020956993103027344
298059,normal,2010,0,1782362108.4790146,0.0020058155059814453
298060,normal,906,2,1782362108.481034,0.0020194053649902344
298061,normal,3236,1,1782362108.482928,0.0018939971923828125
298062,normal,134,0,1782362108.4851997,0.0022716522216796875
298063,normal,2834,0,1782362108.487171,0.0019712448120117188
298064,normal,3312,1,1782362108.4889786,0.0018076896667480469
298065,normal,3241,1,1782362108.4909992,0.002020597457885742
298066,normal,148,0,1782362108.4931335,0.0021343231201171875
298067,normal,1993,0,1782362108.4950278,0.001894235610961914
298068,normal,422,0,1782362108.4969013,0.0018734931945800781
298069,normal,1834,0,1782362108.4993098,0.0024085044860839844
298070,normal,3233,1,1782362108.5010781,0.001768350601196289
298071,normal,601,0,1782362108.5029182,0.0018401145935058594
298072,normal,1384,0,1782362108.5051055,0.0021872520446777344
298073,normal,640,0,1782362108.5071688,0.002063274383544922
298074,normal,143,0,1782362108.508923,0.0017542839050292969
298075,normal,964,2,1782362108.5109847,0.002061605453491211
298076,normal,305,0,1782362108.5128982,0.0019135475158691406
298077,normal,1105,0,1782362108.5150118,0.0021135807037353516
298078,normal,3248,1,1782362108.5170135,0.0020017623901367188
298079,normal,68,0,1782362108.518911,0.0018973350524902344
298080,normal,2434,0,1782362108.5210097,0.0020987987518310547
298081,normal,1434,0,1782362108.5230231,0.0020134449005126953
298082,normal,1017,2,1782362108.5250018,0.001978635787963867
298083,normal,201,0,1782362108.5270054,0.0020036697387695312
298084,normal,2541,0,1782362108.529101,0.002095460891723633
298085,normal,3145,1,1782362108.530895,0.0017940998077392578
298086,normal,2361,0,1782362108.5330434,0.0021483898162841797
298087,normal,5,0,1782362108.5350728,0.0020294189453125
298088,normal,3245,1,1782362108.5370252,0.0019524097442626953
298089,normal,171,0,1782362108.5389705,0.0019452571868896484
298090,normal,2751,0,1782362108.5409977,0.002027273178100586
298091,normal,922,2,1782362108.5429282,0.0019304752349853516
298092,normal,120,0,1782362108.5450258,0.002097606658935547
298093,normal,1547,0,1782362108.5470262,0.0020003318786621094
298094,normal,2380,0,1782362108.5489182,0.00189208984375
298095,normal,2377,0,1782362108.551037,0.002118825912475586
298096,normal,2187,0,1782362108.5530374,0.0020003318786621094
298097,normal,697,0,1782362108.554979,0.001941680908203125
298098,normal,3543,0,1782362108.5570195,0.002040386199951172
298099,normal,773,2,1782362108.558999,0.0019795894622802734
298100,normal,1566,0,1782362108.5608993,0.0019001960754394531
298101,normal,2572,0,1782362108.562998,0.0020987987518310547
298102,normal,1404,0,1782362108.5650012,0.002003192901611328
298103,normal,3031,0,1782362108.566894,0.0018928050994873047
298104,normal,944,2,1782362108.5690534,0.0021593570709228516
298105,normal,319,0,1782362108.5709827,0.0019292831420898438
298106,normal,751,0,1782362108.5730846,0.002101898193359375
298107,normal,243,0,1782362108.5749245,0.0018398761749267578
298108,normal,67,0,1782362108.5770285,0.002104043960571289
298109,normal,1217,0,1782362108.578957,0.001928567886352539
298110,normal,3200,1,1782362108.5809803,0.0020232200622558594
298111,normal,183,0,1782362108.5829847,0.002004384994506836
298112,normal,1851,0,1782362108.5848958,0.001911163330078125
298113,normal,784,2,1782362108.5870533,0.002157449722290039
298114,normal,2627,0,1782362108.5890605,0.0020072460174560547
298115,normal,1635,0,1782362108.590956,0.0018954277038574219
298116,normal,2042,0,1782362108.5930588,0.0021028518676757812
298117,normal,1964,0,1782362108.595048,0.001989126205444336
298118,normal,339,0,1782362108.5971055,0.0020575523376464844
298119,normal,1373,1,1782362108.5989547,0.0018491744995117188
298120,normal,1345,1,1782362108.601137,0.0021822452545166016
298121,normal,821,2,1782362108.6031425,0.0020055770874023438
298122,normal,3218,1,1782362108.6048927,0.0017502307891845703
298123,normal,940,2,1782362108.6069856,0.0020928382873535156
298124,normal,1252,0,1782362108.6088822,0.0018966197967529297
298125,normal,3696,0,1782362108.6109848,0.0021026134490966797
298126,normal,2808,0,1782362108.6132681,0.002283334732055664
298127,normal,1880,0,1782362108.6150281,0.0017600059509277344
298128,normal,3642,0,1782362108.617073,0.0020449161529541016
298129,normal,1003,2,1782362108.6189885,0.0019154548645019531
298130,normal,828,2,1782362108.6213117,0.002323150634765625
298131,normal,3239,1,1782362108.6232157,0.0019040107727050781
298132,normal,1550,0,1782362108.6250544,0.00183868408203125
298133,normal,3508,0,1782362108.6272516,0.002197265625
298134,normal,3334,1,1782362108.6290596,0.0018079280853271484
298135,normal,2892,0,1782362108.6310585,0.0019989013671875
298136,normal,2241,0,1782362108.6330504,0.0019919872283935547
298137,normal,3427,0,1782362108.6350586,0.002008199691772461
298138,normal,713,0,1782362108.637205,0.0021462440490722656
298139,normal,3002,0,1782362108.639342,0.0021371841430664062
298140,normal,1707,0,1782362108.6409307,0.001588582992553711
298141,normal,2737,0,1782362108.6430974,0.002166748046875
298142,normal,1120,0,1782362108.6450696,0.001972198486328125
298143,normal,2797,0,1782362108.647033,0.001963376998901367
298144,normal,2240,0,1782362108.648976,0.0019431114196777344
298145,normal,2833,0,1782362108.651177,0.0022008419036865234
298146,normal,2719,0,1782362108.6530366,0.0018596649169921875
298147,normal,503,0,1782362108.6551192,0.0020825862884521484
298148,normal,516,0,1782362108.657501,0.0023818016052246094
298149,normal,2650,0,1782362108.6597264,0.0022253990173339844
298150,normal,3686,0,1782362108.6610038,0.0012774467468261719
298151,normal,453,0,1782362108.6632154,0.0022115707397460938
298152,normal,1335,1,1782362108.6655042,0.002288818359375
298153,normal,770,0,1782362108.6671987,0.0016944408416748047
298154,normal,1572,0,1782362108.669609,0.002410411834716797
298155,normal,2976,0,1782362108.6715012,0.00189208984375
298156,normal,206,0,1782362108.6730494,0.0015482902526855469
298157,normal,345,0,1782362108.6750836,0.0020341873168945312
298158,normal,1241,0,1782362108.677047,0.001963376998901367
298159,normal,1093,0,1782362108.6790142,0.001967191696166992
298160,normal,1025,2,1782362108.6810725,0.002058267593383789
298161,normal,2450,0,1782362108.6829553,0.001882791519165039
298162,normal,479,0,1782362108.6851194,0.002164125442504883
298163,normal,1674,0,1782362108.6869245,0.0018050670623779297
298164,normal,3640,0,1782362108.6890423,0.0021178722381591797
298165,normal,2758,0,1782362108.6910899,0.0020475387573242188
298166,normal,2931,0,1782362108.6930878,0.0019979476928710938
298167,normal,419,0,1782362108.6950183,0.0019304752349853516
298168,normal,1721,0,1782362108.697083,0.0020647048950195312
298169,normal,321,0,1782362108.698914,0.0018310546875
298170,normal,2039,0,1782362108.7009847,0.0020706653594970703
298171,normal,2260,0,1782362108.7032382,0.0022535324096679688
298172,normal,1354,1,1782362108.7049298,0.001691579818725586
298173,normal,3262,1,1782362108.7070293,0.0020995140075683594
298174,normal,1699,0,1782362108.7090185,0.001989126205444336
298175,normal,2525,0,1782362108.7110448,0.0020263195037841797
298176,normal,241,0,1782362108.7129421,0.0018973350524902344
298177,normal,2670,0,1782362108.7151303,0.0021882057189941406
298178,normal,1240,0,1782362108.7169554,0.001825094223022461
298179,normal,2679,0,1782362108.7190583,0.0021028518676757812
298180,normal,841,2,1782362108.7210867,0.0020284652709960938
298181,normal,1040,0,1782362108.7229056,0.0018188953399658203
298182,normal,1204,0,1782362108.7249358,0.0020301342010498047
298183,normal,2459,0,1782362108.7270641,0.0021283626556396484
298184,normal,966,2,1782362108.7288806,0.0018165111541748047
298185,normal,1838,0,1782362108.7309103,0.0020296573638916016
298186,normal,1039,0,1782362108.733039,0.00212860107421875
298187,normal,114,0,1782362108.7349217,0.001882791519165039
298188,normal,1817,0,1782362108.7369723,0.002050638198852539
298189,normal,1841,0,1782362108.7390175,0.002045154571533203
298190,normal,2090,0,1782362108.7408957,0.0018782615661621094
298191,normal,2710,0,1782362108.7429225,0.002026796340942383
298192,normal,923,2,1782362108.7450101,0.0020875930786132812
298193,normal,3544,0,1782362108.7468984,0.001888275146484375
298194,normal,2101,0,1782362108.7488992,0.0020008087158203125
298195,normal,2915,0,1782362108.7509797,0.0020804405212402344
298196,normal,2508,0,1782362108.7529283,0.0019485950469970703
298197,normal,2968,0,1782362108.7549427,0.0020143985748291016
298198,normal,2208,0,1782362108.7570446,0.002101898193359375
298199,normal,1577,0,1782362108.7589579,0.001913309097290039
298200,normal,2653,0,1782362108.7611632,0.002205371856689453
298201,normal,679,0,1782362108.7629726,0.0018093585968017578
298202,normal,3516,0,1782362108.764982,0.0020093917846679688
298203,normal,1696,0,1782362108.7669678,0.001985788345336914
298204,normal,1902,0,1782362108.7689898,0.0020220279693603516
298205,normal,3107,1,1782362108.7709074,0.0019176006317138672
298206,normal,51,0,1782362108.7729065,0.0019991397857666016
298207,normal,963,2,1782362108.7752297,0.002323150634765625
298208,normal,3117,1,1782362108.7769215,0.0016918182373046875
298209,normal,295,0,1782362108.778919,0.0019974708557128906
298210,normal,444,0,1782362108.780964,0.0020449161529541016
298211,normal,1375,1,1782362108.7828693,0.0019054412841796875
298212,normal,1027,2,1782362108.7850075,0.0021381378173828125
298213,normal,2649,0,1782362108.7869873,0.001979827880859375
298214,normal,3212,1,1782362108.789015,0.002027750015258789
298215,normal,1909,0,1782362108.7908819,0.0018668174743652344
298216,normal,2128,0,1782362108.792914,0.002032041549682617
298217,normal,2845,0,1782362108.794906,0.0019919872283935547
298218,normal,2213,0,1782362108.796905,0.0019991397857666016
298219,normal,3310,1,1782362108.7989671,0.002062082290649414
298220,normal,1304,0,1782362108.8008661,0.0018990039825439453
298221,normal,924,2,1782362108.8028839,0.0020177364349365234
298222,normal,1427,0,1782362108.804898,0.00201416015625
298223,normal,1997,0,1782362108.8068995,0.002001523971557617
298224,normal,1655,0,1782362108.808906,0.00200653076171875
298225,normal,2239,0,1782362108.811053,0.0021469593048095703
298226,normal,2997,0,1782362108.8130062,0.001953125
298227,normal,3603,0,1782362108.8149378,0.0019316673278808594
298228,normal,2331,0,1782362108.8169756,0.0020377635955810547
298229,normal,1055,0,1782362108.8189502,0.0019745826721191406
298230,normal,3214,1,1782362108.8209145,0.0019643306732177734
298231,normal,2955,0,1782362108.8229012,0.0019867420196533203
298232,normal,3542,0,1782362108.8249257,0.002024412155151367
298233,normal,3454,0,1782362108.8269756,0.0020499229431152344
298234,normal,486,0,1782362108.8289564,0.0019807815551757812
298235,normal,440,0,1782362108.8310113,0.002054929733276367
298236,normal,2338,0,1782362108.8329418,0.0019304752349853516
298237,normal,3392,1,1782362108.8350394,0.002097606658935547
298238,normal,139,0,1782362108.8368855,0.0018460750579833984
298239,normal,3512,0,1782362108.8389187,0.002033233642578125
298240,normal,3651,0,1782362108.8410778,0.00215911865234375
298241,normal,1551,0,1782362108.843002,0.001924276351928711
298242,normal,1195,0,1782362108.8449912,0.001989126205444336
298243,normal,2203,0,1782362108.8476315,0.002640247344970703
298244,normal,1953,0,1782362108.849163,0.0015316009521484375
298245,normal,164,0,1782362108.8510072,0.001844167709350586
298246,normal,2634,0,1782362108.8532243,0.0022170543670654297
298247,normal,567,0,1782362108.8550177,0.0017933845520019531
298248,normal,2553,0,1782362108.8575897,0.0025720596313476562
298249,normal,1625,0,1782362108.8589544,0.0013647079467773438
298250,normal,2575,0,1782362108.861151,0.0021965503692626953
298251,normal,2227,0,1782362108.8629425,0.0017914772033691406
298252,normal,2885,0,1782362108.8651335,0.0021910667419433594
298253,normal,3524,0,1782362108.866942,0.0018084049224853516
298254,normal,978,2,1782362108.8690555,0.0021135807037353516
298255,normal,403,0,1782362108.8710394,0.0019838809967041016
298256,normal,3223,1,1782362108.8729463,0.0019068717956542969
298257,normal,2430,0,1782362108.8751624,0.0022161006927490234
298258,normal,230,0,1782362108.877023,0.0018606185913085938
298259,normal,2473,0,1782362108.8790357,0.0020127296447753906
298260,normal,3506,0,1782362108.8809292,0.0018935203552246094
298261,normal,3003,0,1782362108.8831265,0.002197265625
298262,normal,524,0,1782362108.8849516,0.001825094223022461
298263,normal,2136,0,1782362108.8870435,0.0020918846130371094
298264,normal,1966,0,1782362108.8890674,0.002023935317993164
298265,normal,1882,0,1782362108.8912926,0.002225160598754883
298266,normal,1488,0,1782362108.8929892,0.0016965866088867188
298267,normal,3265,1,1782362108.895158,0.002168893814086914
298268,normal,1079,0,1782362108.8969865,0.0018284320831298828
298269,normal,2415,0,1782362108.8990579,0.002071380615234375
298270,normal,3517,0,1782362108.901001,0.0019431114196777344
298271,normal,565,0,1782362108.9030256,0.0020246505737304688
298272,normal,3103,1,1782362108.9049144,0.0018887519836425781
298273,normal,1680,0,1782362108.9071376,0.0022232532501220703
298274,normal,1176,0,1782362108.9090323,0.0018947124481201172
298275,normal,3391,1,1782362108.9109755,0.0019431114196777344
298276,normal,1466,0,1782362108.9132252,0.0022497177124023438
298277,normal,1042,0,1782362108.9151597,0.0019345283508300781
298278,normal,2309,0,1782362108.9171703,0.0020105838775634766
298279,normal,3641,0,1782362108.9190521,0.0018818378448486328
298280,normal,2612,0,1782362108.9211874,0.0021352767944335938
298281,normal,1413,0,1782362108.9230742,0.0018868446350097656
298282,normal,1751,0,1782362108.9250963,0.0020220279693603516
298283,normal,898,2,1782362108.9270368,0.0019404888153076172
298284,normal,1389,0,1782362108.9289129,0.0018761157989501953
298285,normal,2884,0,1782362108.9310987,0.002185821533203125
298286,normal,2878,0,1782362108.932968,0.00186920166015625
298287,normal,873,2,1782362108.9351385,0.002170562744140625
298288,normal,2031,0,1782362108.9369972,0.0018587112426757812
298289,normal,809,2,1782362108.9390252,0.0020279884338378906
298290,normal,3008,0,1782362108.9409206,0.0018954277038574219
298291,normal,1957,0,1782362108.9431047,0.002184152603149414
298292,normal,1409,0,1782362108.9455159,0.0024111270904541016
298293,normal,40,0,1782362108.9472942,0.0017783641815185547
298294,normal,2493,0,1782362108.9491513,0.0018570423126220703
298295,normal,2533,0,1782362108.950932,0.0017807483673095703
298296,normal,2796,0,1782362108.953035,0.002103090286254883
298297,normal,1196,0,1782362108.9551249,0.0020897388458251953
298298,normal,572,0,1782362108.9569302,0.0018053054809570312
298299,normal,3155,1,1782362108.9594612,0.0025310516357421875
298300,normal,1446,0,1782362108.961049,0.0015878677368164062
298301,normal,1529,0,1782362108.9629207,0.0018715858459472656
298302,normal,2103,0,1782362108.9650316,0.0021109580993652344
298303,normal,2832,0,1782362108.9670186,0.001986980438232422
298304,normal,3342,1,1782362108.9690583,0.002039670944213867
298305,normal,3689,0,1782362108.9714682,0.0024099349975585938
298306,normal,1653,0,1782362108.973277,0.0018088817596435547
298307,normal,1698,0,1782362108.9751203,0.0018432140350341797
298308,normal,3132,1,1782362108.9770668,0.0019464492797851562
298309,normal,1297,0,1782362108.979271,0.0022041797637939453
298310,normal,2552,0,1782362108.9812076,0.0019366741180419922
298311,normal,1848,0,1782362108.983404,0.0021963119506835938
298312,normal,1926,0,1782362108.9852223,0.0018184185028076172
298313,normal,1524,0,1782362108.9871442,0.0019218921661376953
298314,normal,406,0,1782362108.9892828,0.0021386146545410156
298315,normal,348,0,1782362108.9914572,0.00217437744140625
298316,normal,3320,1,1782362108.9930515,0.0015943050384521484
298317,normal,3203,1,1782362108.9950435,0.0019919872283935547
298318,normal,1197,0,1782362108.9971058,0.0020623207092285156
298319,normal,3344,1,1782362108.9989345,0.0018286705017089844
298320,normal,1889,0,1782362109.001042,0.002107381820678711
298321,normal,1469,0,1782362109.0031552,0.00211334228515625
298322,normal,3045,1,1782362109.0049572,0.0018019676208496094
298323,normal,1130,0,1782362109.007051,0.002093791961669922
298324,normal,3407,0,1782362109.009131,0.0020799636840820312
298325,normal,246,0,1782362109.0109773,0.0018463134765625
298326,normal,1846,0,1782362109.0132334,0.002256155014038086
298327,normal,2690,0,1782362109.015105,0.0018715858459472656
298328,normal,2630,0,1782362109.0170803,0.0019752979278564453
298329,normal,318,0,1782362109.0189235,0.0018432140350341797
298330,normal,1617,0,1782362109.0211632,0.002239704132080078
298331,normal,3222,1,1782362109.023021,0.001857757568359375
298332,normal,2697,0,1782362109.0250287,0.002007722854614258
298333,normal,844,2,1782362109.0272043,0.002175569534301758
298334,normal,2540,0,1782362109.0289145,0.0017101764678955078
298335,normal,31,0,1782362109.031071,0.002156496047973633
298336,normal,3099,1,1782362109.0330236,0.0019526481628417969
298337,normal,798,2,1782362109.0350509,0.002027273178100586
298338,normal,3175,1,1782362109.0369456,0.0018947124481201172
298339,normal,535,0,1782362109.0391443,0.0021986961364746094
298340,normal,1913,0,1782362109.0409608,0.0018165111541748047
298341,normal,344,0,1782362109.0429652,0.002004384994506836
298342,normal,2641,0,1782362109.0452173,0.0022521018981933594
298343,normal,1291,0,1782362109.0469413,0.0017240047454833984
298344,normal,127,0,1782362109.0490434,0.0021021366119384766
298345,normal,2589,0,1782362109.0511394,0.002095937728881836
298346,normal,2071,0,1782362109.0529385,0.0017991065979003906
298347,normal,692,0,1782362109.0550396,0.0021011829376220703
298348,normal,1660,0,1782362109.057132,0.0020923614501953125
298349,normal,1673,0,1782362109.0589867,0.0018546581268310547
298350,normal,2001,0,1782362109.0611286,0.0021419525146484375
298351,normal,216,0,1782362109.0631952,0.0020666122436523438
298352,normal,1980,0,1782362109.0649483,0.001753091812133789
298353,normal,2716,0,1782362109.0670748,0.002126455307006836
298354,normal,3011,0,1782362109.069077,0.002002239227294922
298355,normal,1029,2,1782362109.0710354,0.0019583702087402344
298356,normal,3148,1,1782362109.072916,0.001880645751953125
298357,normal,1104,0,1782362109.0751214,0.002205371856689453
298358,normal,2080,0,1782362109.076921,0.0017995834350585938
298359,normal,2049,0,1782362109.0791752,0.0022542476654052734
298360,normal,3009,0,1782362109.081065,0.0018897056579589844
298361,normal,3235,1,1782362109.0830288,0.0019638538360595703
298362,normal,2394,0,1782362109.085125,0.0020961761474609375
298363,normal,1038,0,1782362109.0872028,0.002077817916870117
298364,normal,8,0,1782362109.0891263,0.0019235610961914062
298365,normal,2333,0,1782362109.0910268,0.0019004344940185547
298366,normal,949,2,1782362109.0934334,0.002406597137451172
298367,normal,152,0,1782362109.0951276,0.0016942024230957031
298368,normal,1565,0,1782362109.0970156,0.0018880367279052734
298369,normal,1973,0,1782362109.0991328,0.002117156982421875
298370,normal,1109,0,1782362109.1010568,0.0019240379333496094
298371,normal,2352,0,1782362109.1030147,0.0019578933715820312
298372,normal,3424,0,1782362109.1052916,0.002276897430419922
298373,normal,1743,0,1782362109.1069179,0.0016262531280517578
298374,normal,971,2,1782362109.1091025,0.002184629440307617
298375,normal,1464,0,1782362109.1110084,0.0019059181213378906
298376,normal,2014,0,1782362109.1131268,0.002118349075317383
298377,normal,249,0,1782362109.1155288,0.002402067184448242
298378,normal,690,0,1782362109.1170502,0.0015213489532470703
298379,normal,1218,0,1782362109.1191733,0.002123117446899414
298380,normal,354,0,1782362109.121206,0.002032756805419922
298381,normal,2151,0,1782362109.1230316,0.001825571060180664
298382,normal,2044,0,1782362109.1251411,0.002109527587890625
298383,normal,2068,0,1782362109.1270354,0.001894235610961914
298384,normal,1157,0,1782362109.1291487,0.00211334228515625
298385,normal,3671,0,1782362109.1315644,0.0024156570434570312
298386,normal,2975,0,1782362109.1329765,0.0014121532440185547
298387,normal,420,0,1782362109.1352448,0.0022683143615722656
298388,normal,1152,0,1782362109.1370614,0.0018165111541748047
298389,normal,2658,0,1782362109.139032,0.001970529556274414
298390,normal,745,0,1782362109.1411672,0.0021352767944335938
298391,normal,769,0,1782362109.1430957,0.001928567886352539
298392,normal,561,0,1782362109.1450837,0.001987934112548828
298393,normal,2754,0,1782362109.1470509,0.001967191696166992
298394,normal,2951,0,1782362109.1491394,0.0020885467529296875
298395,normal,1736,0,1782362109.151396,0.002256631851196289
298396,normal,2842,0,1782362109.1536334,0.0022373199462890625
298397,normal,342,0,1782362109.1550913,0.0014579296112060547
298398,normal,2750,0,1782362109.1570127,0.0019214153289794922
298399,normal,2075,0,1782362109.1594052,0.0023925304412841797
298400,normal,1712,0,1782362109.161297,0.0018918514251708984
298401,normal,552,0,1782362109.1631708,0.0018737316131591797
298402,normal,2665,0,1782362109.1653259,0.0021550655364990234
298403,normal,3657,0,1782362109.167231,0.001905202865600586
298404,normal,1050,0,1782362109.1690567,0.001825571060180664
298405,normal,537,0,1782362109.1711314,0.002074718475341797
298406,normal,1165,0,1782362109.1730704,0.0019390583038330078
298407,normal,2647,0,1782362109.1751642,0.002093791961669922
298408,normal,975,2,1782362109.177034,0.0018696784973144531
298409,normal,1732,0,1782362109.1791356,0.0021016597747802734
298410,normal,511,0,1782362109.181025,0.0018894672393798828
298411,normal,1051,0,1782362109.183059,0.0020339488983154297
298412,normal,1137,0,1782362109.1851017,0.0020427703857421875
298413,normal,258,0,1782362109.1870828,0.001981019973754883
298414,normal,3004,0,1782362109.1892247,0.0021419525146484375
298415,normal,2755,0,1782362109.1911523,0.0019276142120361328
298416,normal,943,2,1782362109.1930137,0.0018613338470458984
298417,normal,2724,0,1782362109.1951737,0.0021600723266601562
298418,normal,1544,0,1782362109.1971505,0.0019767284393310547
298419,normal,2279,0,1782362109.1991286,0.001978158950805664
298420,normal,225,0,1782362109.2010627,0.001934051513671875
298421,normal,2918,0,1782362109.203134,0.002071380615234375
298422,normal,813,2,1782362109.2050314,0.0018973350524902344
298423,normal,3433,0,1782362109.207142,0.002110719680786133
298424,normal,1337,1,1782362109.2091007,0.001958608627319336
298425,normal,1589,0,1782362109.2110412,0.0019404888153076172
298426,normal,2893,0,1782362109.213154,0.002112865447998047
298427,normal,2383,0,1782362109.215105,0.001950979232788086
298428,normal,1615,0,1782362109.217164,0.0020589828491210938
298429,normal,3623,0,1782362109.2190263,0.0018622875213623047
298430,normal,3531,0,1782362109.2211452,0.002118825912475586
298431,normal,2675,0,1782362109.2230291,0.0018839836120605469
298432,normal,1338,1,1782362109.2251394,0.0021102428436279297
298433,normal,2861,0,1782362109.227079,0.001939535140991211
298434,normal,99,0,1782362109.2289312,0.001852273941040039
298435,normal,1900,0,1782362109.2312505,0.0023193359375
298436,normal,2509,0,1782362109.2330391,0.0017886161804199219
298437,normal,3369,1,1782362109.2351189,0.0020797252655029297
298438,normal,911,2,1782362109.237137,0.0020182132720947266
298439,normal,1180,0,1782362109.2389653,0.0018281936645507812
298440,normal,1381,1,1782362109.2411635,0.0021982192993164062
298441,normal,3082,1,1782362109.243055,0.0018916130065917969
298442,normal,3481,0,1782362109.245173,0.0021178722381591797
298443,normal,2089,0,1782362109.247036,0.0018630027770996094
298444,normal,1123,0,1782362109.2491386,0.0021026134490966797
298445,normal,1748,0,1782362109.2510757,0.0019371509552001953
298446,normal,2143,0,1782362109.2530022,0.001926422119140625
298447,normal,836,2,1782362109.2552104,0.002208232879638672
298448,normal,3319,1,1782362109.257137,0.0019266605377197266
298449,normal,968,2,1782362109.2590892,0.0019521713256835938
298450,normal,250,0,1782362109.2613008,0.0022115707397460938
298451,normal,628,0,1782362109.2634664,0.002165555953979492
298452,normal,1837,0,1782362109.2650912,0.0016248226165771484
298453,normal,1827,0,1782362109.267214,0.0021228790283203125
298454,normal,2332,0,1782362109.2691424,0.0019283294677734375
298455,normal,2995,0,1782362109.2710266,0.0018842220306396484
298456,normal,2621,0,1782362109.2731338,0.0021071434020996094
298457,normal,1587,0,1782362109.2750723,0.0019385814666748047
298458,normal,1854,0,1782362109.277044,0.001971721649169922
298459,normal,2843,0,1782362109.2792401,0.002196073532104492
298460,normal,463,0,1782362109.280924,0.001683950424194336
298461,normal,1555,0,1782362109.2830446,0.002120494842529297
298462,normal,162,0,1782362109.2851257,0.002081155776977539
298463,normal,1937,0,1782362109.2869368,0.0018110275268554688
298464,normal,3599,0,1782362109.2894764,0.0025396347045898438
298465,normal,1284,0,1782362109.2910638,0.0015873908996582031
298466,normal,2546,0,1782362109.2931886,0.002124786376953125
298467,normal,829,2,1782362109.295123,0.0019345283508300781
298468,normal,1191,0,1782362109.2970319,0.0019087791442871094
298469,normal,566,0,1782362109.2991555,0.002123594284057617
298470,normal,3590,0,1782362109.3010395,0.0018839836120605469
298471,normal,3202,1,1782362109.3031502,0.002110719680786133
298472,normal,1975,0,1782362109.3052027,0.0020525455474853516
298473,normal,70,0,1782362109.3070593,0.0018565654754638672
298474,normal,2471,0,1782362109.309129,0.002069711685180664
298475,normal,1770,0,1782362109.3110602,0.0019311904907226562
298476,normal,2113,0,1782362109.3130288,0.0019686222076416016
298477,normal,1070,0,1782362109.315152,0.002123117446899414
298478,normal,2457,0,1782362109.3171318,0.001979827880859375
298479,normal,893,2,1782362109.3192158,0.002084016799926758
298480,normal,294,0,1782362109.3211691,0.0019533634185791016
298481,normal,737,0,1782362109.3230693,0.0019001960754394531
298482,normal,3091,1,1782362109.325151,0.002081632614135742
298483,normal,612,0,1782362109.3271773,0.0020263195037841797
298484,normal,307,0,1782362109.3289907,0.0018134117126464844
298485,normal,732,0,1782362109.3311057,0.002115011215209961
298486,normal,416,0,1782362109.333014,0.0019083023071289062
298487,normal,501,0,1782362109.3351288,0.0021147727966308594
298488,normal,3263,1,1782362109.3370616,0.0019328594207763672
298489,normal,1450,0,1782362109.3392336,0.0021719932556152344
298490,normal,1075,0,1782362109.3410983,0.0018646717071533203
298491,normal,3449,0,1782362109.3431275,0.0020291805267333984
298492,normal,2606,0,1782362109.345345,0.002217531204223633
298493,normal,1032,0,1782362109.3469398,0.0015947818756103516
298494,normal,1256,0,1782362109.3491483,0.0022084712982177734
298495,normal,1189,0,1782362109.3513331,0.0021848678588867188
298496,normal,1383,0,1782362109.3535244,0.002191305160522461
298497,normal,1893,0,1782362109.3550055,0.0014810562133789062
298498,normal,2357,0,1782362109.3572633,0.002257823944091797
298499,normal,3576,0,1782362109.3590286,0.0017652511596679688
298500,normal,3418,0,1782362109.3611312,0.0021026134490966797
298501,normal,850,2,1782362109.3633866,0.0022554397583007812
298502,normal,2569,0,1782362109.3651614,0.0017747879028320312
298503,normal,1255,0,1782362109.3672328,0.002071380615234375
298504,normal,2441,0,1782362109.3690257,0.00179290771484375
298505,normal,3662,0,1782362109.3711812,0.0021555423736572266
298506,normal,186,0,1782362109.3730383,0.0018570423126220703
298507,normal,1901,0,1782362109.3751557,0.0021173954010009766
298508,normal,1714,0,1782362109.3770945,0.0019388198852539062
298509,normal,1117,0,1782362109.3790436,0.0019490718841552734
298510,normal,1415,0,1782362109.3811696,0.002125978469848633
298511,normal,1769,0,1782362109.3829782,0.0018086433410644531
298512,normal,746,0,1782362109.3850157,0.002037525177001953
298513,normal,1013,2,1782362109.3871627,0.0021469593048095703
298514,normal,414,0,1782362109.3890839,0.0019211769104003906
298515,normal,789,2,1782362109.3910334,0.0019495487213134766
298516,normal,347,0,1782362109.3931518,0.002118349075317383
298517,normal,340,0,1782362109.3950884,0.0019366741180419922
298518,normal,3410,0,1782362109.3970542,0.001965761184692383
298519,normal,2189,0,1782362109.3991776,0.0021233558654785156
298520,normal,2584,0,1782362109.4011505,0.0019729137420654297
298521,normal,3362,1,1782362109.4032412,0.0020906925201416016
298522,normal,3339,1,1782362109.4050457,0.0018045902252197266
298523,normal,3629,0,1782362109.4071777,0.002131938934326172
298524,normal,2967,0,1782362109.409073,0.0018954277038574219
298525,normal,2938,0,1782362109.4111373,0.002064228057861328
298526,normal,3061,1,1782362109.413066,0.001928567886352539
298527,normal,3044,0,1782362109.4150171,0.0019512176513671875
298528,normal,865,2,1782362109.4171393,0.002122163772583008
298529,normal,1671,0,1782362109.4191034,0.001964092254638672
298530,normal,3187,1,1782362109.4210944,0.0019910335540771484
298531,normal,1071,0,1782362109.4232104,0.002115964889526367
298532,normal,2829,0,1782362109.425216,0.0020055770874023438
298533,normal,1479,0,1782362109.4270926,0.0018765926361083984
298534,normal,445,0,1782362109.4292622,0.0021696090698242188
298535,normal,2961,0,1782362109.4310014,0.0017392635345458984
298536,normal,2820,0,1782362109.433182,0.0021805763244628906
298537,normal,437,0,1782362109.4351892,0.0020072460174560547
298538,normal,2280,0,1782362109.4370782,0.0018889904022216797
298539,normal,299,0,1782362109.4390159,0.0019376277923583984
298540,normal,533,0,1782362109.4411306,0.0021147727966308594
298541,normal,2590,0,1782362109.4430773,0.0019466876983642578
298542,normal,3404,0,1782362109.4450278,0.0019505023956298828
298543,normal,2286,0,1782362109.4472654,0.002237558364868164
298544,normal,1166,0,1782362109.449844,0.0025784969329833984
298545,normal,1891,0,1782362109.4509294,0.001085519790649414
298546,normal,3075,1,1782362109.4531298,0.0022003650665283203
298547,normal,2972,0,1782362109.4550195,0.0018897056579589844
298548,normal,2936,0,1782362109.4570475,0.0020279884338378906
298549,normal,2273,0,1782362109.4593928,0.0023453235626220703
298550,normal,1156,0,1782362109.461405,0.0020122528076171875
298551,normal,2236,0,1782362109.463058,0.0016529560089111328
298552,normal,2463,0,1782362109.4651375,0.002079486846923828
298553,normal,2342,0,1782362109.4669268,0.0017893314361572266
298554,normal,2502,0,1782362109.4691415,0.002214670181274414
298555,normal,1820,0,1782362109.4710386,0.0018970966339111328
298556,normal,3269,1,1782362109.4732978,0.0022592544555664062
298557,normal,2958,0,1782362109.4749627,0.001664876937866211
298558,normal,3032,0,1782362109.4771338,0.002171039581298828
298559,normal,2211,0,1782362109.4789364,0.001802682876586914
298560,normal,1847,0,1782362109.4811728,0.0022363662719726562
298561,normal,1548,0,1782362109.483054,0.0018811225891113281
298562,normal,3396,1,1782362109.4850426,0.001988649368286133
298563,normal,2643,0,1782362109.4872804,0.0022377967834472656
298564,normal,1329,1,1782362109.48914,0.0018596649169921875
298565,normal,2300,0,1782362109.4910455,0.0019054412841796875
298566,normal,426,0,1782362109.4932497,0.0022041797637939453
298567,normal,517,0,1782362109.495147,0.0018973350524902344
298568,normal,3637,0,1782362109.497284,0.0021369457244873047
298569,normal,3423,0,1782362109.4991207,0.0018367767333984375
298570,normal,590,0,1782362109.5011344,0.002013683319091797
298571,normal,3468,0,1782362109.5029335,0.0017991065979003906
298572,normal,2765,0,1782362109.5053384,0.002404928207397461
298573,normal,2850,0,1782362109.5070772,0.0017387866973876953
298574,normal,365,0,1782362109.508912,0.001834869384765625
298575,normal,192,0,1782362109.5110173,0.002105236053466797
298576,normal,1183,0,1782362109.5130138,0.0019965171813964844
298577,normal,2157,0,1782362109.514901,0.0018870830535888672
298578,normal,1159,0,1782362109.5170395,0.0021386146545410156
298579,normal,3131,1,1782362109.5190415,0.0020020008087158203
298580,normal,251,0,1782362109.5209339,0.0018923282623291016
298581,normal,2016,0,1782362109.5229187,0.001984834671020508
298582,normal,743,0,1782362109.5250657,0.0021469593048095703
298583,normal,1883,0,1782362109.5269399,0.0018742084503173828
298584,normal,3390,1,1782362109.528984,0.002044200897216797
298585,normal,3243,1,1782362109.531098,0.002113819122314453
298586,normal,2513,0,1782362109.5329554,0.0018575191497802734
298587,normal,2466,0,1782362109.535027,0.0020716190338134766
298588,normal,2448,0,1782362109.5370703,0.0020432472229003906
298589,normal,1485,0,1782362109.538977,0.0019066333770751953
298590,normal,2142,0,1782362109.5410783,0.002101421356201172
298591,normal,646,0,1782362109.5429432,0.0018649101257324219
298592,normal,3591,0,1782362109.5449116,0.0019683837890625
298593,normal,2199,0,1782362109.5470338,0.002122163772583008
298594,normal,960,2,1782362109.5490324,0.0019986629486083984
298595,normal,759,0,1782362109.550917,0.00188446044921875
298596,normal,1310,0,1782362109.5530412,0.002124309539794922
298597,normal,2238,0,1782362109.5550508,0.0020096302032470703
298598,normal,2731,0,1782362109.5569422,0.0018913745880126953
298599,normal,3687,0,1782362109.5591252,0.0021829605102539062
298600,normal,2153,0,1782362109.5609531,0.0018279552459716797
298601,normal,1206,0,1782362109.5629199,0.001966714859008789
298602,normal,1727,0,1782362109.5650406,0.0021207332611083984
298603,normal,3152,1,1782362109.5670469,0.0020062923431396484
298604,normal,1978,0,1782362109.5689178,0.001870870590209961
298605,normal,1492,0,1782362109.5710342,0.0021164417266845703
298606,normal,2789,0,1782362109.5730598,0.002025604248046875
298607,normal,1456,0,1782362109.575134,0.0020742416381835938
298608,normal,559,0,1782362109.5772028,0.002068758010864258
298609,normal,2949,0,1782362109.5789585,0.0017557144165039062
298610,normal,2424,0,1782362109.5810711,0.0021126270294189453
298611,normal,1292,0,1782362109.5829487,0.0018775463104248047
298612,normal,3502,0,1782362109.5850878,0.0021390914916992188
298613,normal,2866,0,1782362109.5870438,0.0019559860229492188
298614,normal,2529,0,1782362109.5889313,0.0018875598907470703
298615,normal,1970,0,1782362109.5911386,0.0022072792053222656
298616,normal,2323,0,1782362109.592993,0.0018544197082519531
298617,normal,1131,0,1782362109.5950866,0.0020935535430908203
298618,normal,1313,0,1782362109.5971994,0.002112865447998047
298619,normal,1187,0,1782362109.599032,0.0018324851989746094
298620,normal,999,2,1782362109.6011953,0.002163410186767578
298621,normal,2125,0,1782362109.6033561,0.002160787582397461
298622,normal,3631,0,1782362109.6050608,0.0017046928405761719
298623,normal,2494,0,1782362109.6071665,0.002105712890625
298624,normal,3024,0,1782362109.6092448,0.0020782947540283203
298625,normal,1540,0,1782362109.6110098,0.0017650127410888672
298626,normal,3478,0,1782362109.6131337,0.0021238327026367188
298627,normal,1245,0,1782362109.6150303,0.0018966197967529297
298628,normal,1723,0,1782362109.6170413,0.0020110607147216797
298629,normal,945,2,1782362109.6193175,0.002276182174682617
298630,normal,3290,1,1782362109.62102,0.0017025470733642578
298631,normal,1804,0,1782362109.6230452,0.002025127410888672
298632,normal,2353,0,1782362109.6250107,0.0019655227661132812
298633,normal,1296,0,1782362109.627143,0.0021321773529052734
298634,normal,2780,0,1782362109.6289895,0.0018465518951416016
298635,normal,1353,1,1782362109.6313467,0.0023572444915771484
298636,normal,870,2,1782362109.6330042,0.0016574859619140625
298637,normal,1676,0,1782362109.635279,0.002274751663208008
298638,normal,1972,0,1782362109.6370275,0.0017485618591308594
298639,normal,2186,0,1782362109.6391718,0.002144336700439453
298640,normal,2871,0,1782362109.6409466,0.0017747879028320312
298641,normal,937,2,1782362109.642957,0.002010345458984375
298642,normal,3442,0,1782362109.6451716,0.002214670181274414
298643,normal,2388,0,1782362109.6473591,0.002187490463256836
298644,normal,1717,0,1782362109.6489983,0.0016391277313232422
298645,normal,2549,0,1782362109.6510894,0.0020911693572998047
298646,normal,832,2,1782362109.6530921,0.002002716064453125
298647,normal,1412,0,1782362109.6550603,0.0019681453704833984
298648,normal,2759,0,1782362109.657187,0.0021266937255859375
298649,normal,3503,0,1782362109.6591291,0.0019421577453613281
298650,normal,835,2,1782362109.661077,0.0019478797912597656
298651,normal,2266,0,1782362109.6630874,0.002010345458984375
298652,normal,3401,1,1782362109.6649508,0.0018634796142578125
298653,normal,380,0,1782362109.667324,0.002373218536376953
298654,normal,48,0,1782362109.6696928,0.0023686885833740234
298655,normal,578,0,1782362109.6713457,0.0016529560089111328
298656,normal,3428,0,1782362109.6729412,0.0015954971313476562
298657,normal,1167,0,1782362109.6753514,0.0024101734161376953
298658,normal,1396,0,1782362109.6775255,0.0021741390228271484
298659,normal,1178,0,1782362109.6791813,0.0016558170318603516
298660,normal,1836,0,1782362109.6814358,0.002254486083984375
298661,normal,1408,0,1782362109.6835647,0.0021288394927978516
298662,normal,1890,0,1782362109.6850045,0.001439809799194336
298663,normal,19,0,1782362109.6871412,0.002136707305908203
298664,normal,2244,0,1782362109.6890454,0.0019042491912841797
298665,normal,2386,0,1782362109.6909223,0.0018768310546875
298666,normal,2864,0,1782362109.6931474,0.002225160598754883
298667,normal,2061,0,1782362109.694947,0.0017995834350585938
298668,normal,2270,0,1782362109.6970582,0.002111196517944336
298669,normal,1911,0,1782362109.6991546,0.002096414566040039
298670,normal,10,0,1782362109.7009358,0.0017812252044677734
298671,normal,1578,0,1782362109.7030919,0.0021560192108154297
298672,normal,3463,0,1782362109.7050984,0.00200653076171875
298673,normal,2790,0,1782362109.707055,0.0019567012786865234
298674,normal,1521,0,1782362109.7090125,0.001957416534423828
298675,normal,435,0,1782362109.71112,0.002107381820678711
298676,normal,1642,0,1782362109.71315,0.0020301342010498047
298677,normal,1365,1,1782362109.715009,0.0018589496612548828
298678,normal,2598,0,1782362109.7171795,0.002170562744140625
298679,normal,3467,0,1782362109.719012,0.0018324851989746094
298680,normal,2449,0,1782362109.720934,0.0019218921661376953
298681,normal,562,0,1782362109.7231467,0.0022127628326416016
298682,normal,1143,0,1782362109.7249472,0.001800537109375
298683,normal,2688,0,1782362109.7270505,0.0021033287048339844
298684,normal,1288,0,1782362109.7291605,0.002110004425048828
298685,normal,2043,0,1782362109.7309556,0.001795053482055664
298686,normal,2091,0,1782362109.73307,0.0021142959594726562
298687,normal,722,0,1782362109.735296,0.002226114273071289
298688,normal,892,2,1782362109.7369337,0.0016376972198486328
298689,normal,1768,0,1782362109.7390006,0.0020668506622314453
298690,normal,2141,0,1782362109.7410285,0.0020279884338378906
298691,normal,2137,0,1782362109.742928,0.0018994808197021484
298692,normal,2145,0,1782362109.7450292,0.0021011829376220703
298693,normal,1426,0,1782362109.7470253,0.0019960403442382812
298694,normal,87,0,1782362109.7489326,0.0019073486328125
298695,normal,3470,0,1782362109.751087,0.0021543502807617188
298696,normal,996,2,1782362109.7530851,0.0019981861114501953
298697,normal,301,0,1782362109.7550342,0.0019490718841552734
298698,normal,790,2,1782362109.7569354,0.0019011497497558594
298699,normal,1046,0,1782362109.7590475,0.002112150192260742
298700,normal,489,0,1782362109.7609339,0.0018863677978515625
298701,normal,3437,0,1782362109.7630687,0.0021347999572753906
298702,normal,176,0,1782362109.7650173,0.0019485950469970703
298703,normal,2362,0,1782362109.7669058,0.0018885135650634766
298704,normal,575,0,1782362109.769029,0.002123117446899414
298705,normal,1135,0,1782362109.770901,0.0018720626831054688
298706,normal,1082,0,1782362109.7731524,0.0022513866424560547
298707,normal,919,2,1782362109.7749734,0.0018210411071777344
298708,normal,1141,0,1782362109.7770753,0.002101898193359375
298709,normal,1227,0,1782362109.779001,0.0019257068634033203
298710,normal,1695,0,1782362109.781028,0.0020270347595214844
298711,normal,3242,1,1782362109.7831771,0.0021491050720214844
298712,normal,981,2,1782362109.7852302,0.0020530223846435547
298713,normal,2732,0,1782362109.7871277,0.001897573471069336
298714,normal,3492,0,1782362109.789133,0.002005338668823242
298715,normal,3473,0,1782362109.7909074,0.0017743110656738281
298716,normal,1440,0,1782362109.7929146,0.0020072460174560547
298717,normal,2079,0,1782362109.7950425,0.0021278858184814453
298718,normal,2052,0,1782362109.7970972,0.0020546913146972656
298719,normal,2156,0,1782362109.7990663,0.0019690990447998047
298720,normal,2702,0,1782362109.8010414,0.0019750595092773438
298721,normal,1309,0,1782362109.802907,0.0018656253814697266
298722,normal,1267,0,1782362109.8049011,0.0019941329956054688
298723,normal,1824,0,1782362109.807042,0.0021407604217529297
298724,normal,2456,0,1782362109.8093226,0.002280712127685547
298725,normal,2599,0,1782362109.8110042,0.0016815662384033203
298726,normal,1402,0,1782362109.813169,0.0021648406982421875
298727,normal,1480,0,1782362109.815102,0.0019330978393554688
298728,normal,1285,0,1782362109.816906,0.0018038749694824219
298729,normal,2626,0,1782362109.8190413,0.0021352767944335938
298730,normal,1884,0,1782362109.8209245,0.0018832683563232422
298731,normal,2568,0,1782362109.8230395,0.002115011215209961
298732,normal,1984,0,1782362109.8250759,0.0020363330841064453
298733,normal,428,0,1782362109.8269536,0.0018777847290039062
298734,normal,2468,0,1782362109.8290305,0.002076864242553711
298735,normal,1877,0,1782362109.8310275,0.0019969940185546875
298736,normal,1843,0,1782362109.8329272,0.00189971923828125
298737,normal,2836,0,1782362109.8350463,0.0021190643310546875
298738,normal,1437,0,1782362109.8370464,0.002000093460083008
298739,normal,1367,1,1782362109.8389955,0.0019490718841552734
298740,normal,2965,0,1782362109.8410792,0.0020837783813476562
298741,normal,775,2,1782362109.8431208,0.0020415782928466797
298742,normal,3,0,1782362109.8449593,0.0018384456634521484
298743,normal,1012,2,1782362109.8471692,0.002209901809692383
298744,normal,2248,0,1782362109.8489852,0.0018160343170166016
298745,normal,3266,1,1782362109.8510115,0.0020263195037841797
298746,normal,1987,0,1782362109.8528976,0.001886129379272461
298747,normal,1024,2,1782362109.8551488,0.002251148223876953
298748,normal,208,0,1782362109.8569608,0.001811981201171875
298749,normal,66,0,1782362109.8591228,0.0021619796752929688
298750,normal,3042,0,1782362109.8611395,0.002016782760620117
298751,normal,1789,0,1782362109.8631437,0.0020041465759277344
298752,normal,16,0,1782362109.8650768,0.0019330978393554688
298753,normal,3387,1,1782362109.8670225,0.0019457340240478516
298754,normal,2615,0,1782362109.8690605,0.0020380020141601562
298755,normal,3079,1,1782362109.8712435,0.0021829605102539062
298756,normal,2815,0,1782362109.873136,0.0018925666809082031
298757,normal,3330,1,1782362109.8751588,0.0020227432250976562
298758,normal,626,0,1782362109.876978,0.0018191337585449219
298759,normal,3364,1,1782362109.8790927,0.0021147727966308594
298760,normal,2489,0,1782362109.8810437,0.001950979232788086
298761,normal,689,0,1782362109.8830078,0.001964092254638672
298762,normal,2642,0,1782362109.885502,0.002494335174560547
298763,normal,310,0,1782362109.8869054,0.0014033317565917969
298764,normal,352,0,1782362109.8890593,0.0021538734436035156
298765,normal,3526,0,1782362109.891049,0.001989603042602539
298766,normal,877,2,1782362109.8929214,0.0018725395202636719
298767,normal,142,0,1782362109.8950553,0.0021338462829589844
298768,normal,2920,0,1782362109.8970551,0.0019998550415039062
298769,normal,2728,0,1782362109.898944,0.0018887519836425781
298770,normal,2013,0,1782362109.9010494,0.0021054744720458984
298771,normal,1147,0,1782362109.9030674,0.002017974853515625
298772,normal,534,0,1782362109.9049575,0.0018901824951171875
298773,normal,279,0,1782362109.9069328,0.0019752979278564453
298774,normal,1316,0,1782362109.9090273,0.0020945072174072266
298775,normal,853,2,1782362109.9109306,0.0019032955169677734
298776,normal,2321,0,1782362109.9130552,0.0021245479583740234
298777,normal,1960,0,1782362109.9151447,0.0020895004272460938
298778,normal,3021,0,1782362109.916944,0.0017993450164794922
298779,normal,3017,0,1782362109.919124,0.002179861068725586
298780,normal,462,0,1782362109.9212582,0.0021343231201171875
298781,normal,2515,0,1782362109.9230013,0.0017430782318115234
298782,normal,2984,0,1782362109.9250689,0.00206756591796875
298783,normal,2610,0,1782362109.9271677,0.0020987987518310547
298784,normal,3102,1,1782362109.928975,0.0018074512481689453
298785,normal,436,0,1782362109.9310353,0.0020601749420166016
298786,normal,3292,1,1782362109.9331312,0.002095937728881836
298787,normal,2000,0,1782362109.9349318,0.001800537109375
298788,normal,1942,0,1782362109.9370475,0.0021157264709472656
298789,normal,356,0,1782362109.9392166,0.0021691322326660156
298790,normal,838,2,1782362109.940975,0.0017583370208740234
298791,normal,3291,1,1782362109.9431422,0.002167224884033203
298792,normal,2182,0,1782362109.945188,0.002045869827270508
298793,normal,2696,0,1782362109.9473398,0.0021517276763916016
298794,normal,1317,0,1782362109.9489903,0.0016505718231201172
298795,normal,810,2,1782362109.951184,0.0021936893463134766
298796,normal,3584,0,1782362109.953124,0.001940011978149414
298797,normal,2825,0,1782362109.955081,0.001956939697265625
298798,normal,2618,0,1782362109.957126,0.0020449161529541016
298799,normal,637,0,1782362109.9589381,0.0018122196197509766
298800,normal,2594,0,1782362109.9610412,0.002103090286254883
298801,normal,1172,0,1782362109.9631255,0.0020842552185058594
298802,normal,728,0,1782362109.9650452,0.0019197463989257812
298803,normal,1299,0,1782362109.966953,0.0019078254699707031
298804,normal,3604,0,1782362109.969128,0.002174854278564453
298805,normal,3366,1,1782362109.9709225,0.001794576644897461
298806,normal,61,0,1782362109.9730327,0.0021102428436279297
298807,normal,2168,0,1782362109.9751334,0.002100706100463867
298808,normal,144,0,1782362109.9777186,0.002585172653198242
298809,normal,1992,0,1782362109.9790916,0.0013730525970458984
298810,normal,3615,0,1782362109.9811711,0.002079486846923828
298811,normal,1874,0,1782362109.9830585,0.0018873214721679688
298812,normal,1651,0,1782362109.9851599,0.002101421356201172
298813,normal,3661,0,1782362109.9870477,0.0018877983093261719
298814,normal,2904,0,1782362109.9892478,0.0022001266479492188
298815,normal,3388,1,1782362109.991016,0.0017681121826171875
298816,normal,1128,0,1782362109.993144,0.002128124237060547
298817,normal,3257,1,1782362109.995091,0.0019469261169433594
298818,normal,2824,0,1782362109.9970584,0.0019674301147460938
298819,normal,312,0,1782362109.9991734,0.002115011215209961
298820,normal,3048,1,1782362110.0011072,0.0019338130950927734
298821,normal,2246,0,1782362110.0031471,0.0020399093627929688
298822,normal,107,0,1782362110.005364,0.002216815948486328
298823,normal,891,2,1782362110.0070217,0.001657724380493164
298824,normal,1667,0,1782362110.008999,0.0019774436950683594
298825,normal,1424,0,1782362110.0112872,0.0022881031036376953
298826,normal,1921,0,1782362110.0130801,0.00179290771484375
298827,normal,3394,1,1782362110.0153744,0.002294301986694336
298828,normal,2959,0,1782362110.0172632,0.0018887519836425781
298829,normal,2226,0,1782362110.0190966,0.0018334388732910156
298830,normal,1230,0,1782362110.0212705,0.002173900604248047
298831,normal,101,0,1782362110.023536,0.002265453338623047
298832,normal,1522,0,1782362110.0250356,0.0014996528625488281
298833,normal,1971,0,1782362110.0271516,0.002115964889526367
298834,normal,3475,0,1782362110.0290227,0.0018711090087890625
298835,normal,2743,0,1782362110.031241,0.0022182464599609375
298836,normal,1300,0,1782362110.0329905,0.0017495155334472656
298837,normal,2184,0,1782362110.0350266,0.0020360946655273438
298838,normal,710,0,1782362110.037027,0.0020003318786621094
298839,normal,1,0,1782362110.0390308,0.002003908157348633
298840,normal,1276,0,1782362110.0410125,0.0019817352294921875
298841,normal,1639,0,1782362110.0430484,0.002035856246948242
298842,normal,1643,0,1782362110.0450623,0.0020139217376708984
298843,normal,1392,0,1782362110.0472693,0.002207040786743164
298844,normal,2258,0,1782362110.0499253,0.0026559829711914062
298845,normal,704,0,1782362110.0509977,0.0010724067687988281
298846,normal,1652,0,1782362110.0531335,0.002135753631591797
298847,normal,174,0,1782362110.0549755,0.0018420219421386719
298848,normal,867,2,1782362110.0571227,0.002147197723388672
298849,normal,3614,0,1782362110.0591464,0.0020236968994140625
298850,normal,577,0,1782362110.0610063,0.001859903335571289
298851,normal,998,2,1782362110.063084,0.0020775794982910156
298852,normal,1726,0,1782362110.0650215,0.0019376277923583984
298853,normal,2046,0,1782362110.0669541,0.0019326210021972656
298854,normal,2933,0,1782362110.0691605,0.0022063255310058594
298855,normal,1002,2,1782362110.0710468,0.0018863677978515625
298856,normal,3138,1,1782362110.0731223,0.0020754337310791016
298857,normal,633,0,1782362110.0750582,0.0019359588623046875
298858,normal,2535,0,1782362110.0771034,0.002045154571533203
298859,normal,2794,0,1782362110.0789826,0.0018792152404785156
298860,normal,493,0,1782362110.0810788,0.0020961761474609375
298861,normal,2190,0,1782362110.083063,0.001984119415283203
298862,normal,765,0,1782362110.0849185,0.001855611801147461
298863,normal,2942,0,1782362110.0870328,0.0021142959594726562
298864,normal,219,0,1782362110.0890644,0.002031564712524414
298865,normal,37,0,1782362110.090893,0.0018286705017089844
298866,normal,931,2,1782362110.0929117,0.0020186901092529297
298867,normal,2268,0,1782362110.0949974,0.0020856857299804688
298868,normal,3110,1,1782362110.097189,0.0021915435791015625
298869,normal,1575,0,1782362110.0989802,0.001791238784790039
298870,normal,3379,1,1782362110.1011035,0.0021233558654785156
298871,normal,2060,0,1782362110.1029525,0.0018489360809326172
298872,normal,2181,0,1782362110.1050892,0.002136707305908203
298873,normal,3139,1,1782362110.1070502,0.0019609928131103516
298874,normal,803,2,1782362110.108911,0.0018608570098876953
298875,normal,1758,0,1782362110.1110115,0.0021004676818847656
298876,normal,681,0,1782362110.1130803,0.002068758010864258
298877,normal,1779,0,1782362110.1149654,0.0018851757049560547
298878,normal,1139,0,1782362110.1170533,0.002087831497192383
298879,normal,1270,0,1782362110.1191747,0.002121448516845703
298880,normal,779,2,1782362110.121129,0.001954317092895508
298881,normal,2862,0,1782362110.1231909,0.0020618438720703125
298882,normal,2464,0,1782362110.1249988,0.0018079280853271484
298883,normal,64,0,1782362110.12713,0.002131223678588867
298884,normal,2777,0,1782362110.1290426,0.0019125938415527344
298885,normal,3051,1,1782362110.131176,0.0021333694458007812
298886,normal,2547,0,1782362110.1329393,0.0017633438110351562
298887,normal,1091,0,1782362110.1350276,0.002088308334350586
298888,normal,1268,0,1782362110.1370542,0.0020265579223632812
298889,normal,3681,0,1782362110.138957,0.0019028186798095703
298890,normal,1826,0,1782362110.141034,0.002076864242553711
298891,normal,3616,0,1782362110.14305,0.0020160675048828125
298892,normal,334,0,1782362110.144903,0.0018529891967773438
298893,normal,2247,0,1782362110.147011,0.0021080970764160156
298894,normal,2620,0,1782362110.1490684,0.002057313919067383
298895,normal,657,0,1782362110.1513758,0.002307415008544922
298896,normal,805,2,1782362110.1529922,0.0016164779663085938
298897,normal,157,0,1782362110.1552074,0.002215147018432617
298898,normal,327,0,1782362110.1569977,0.0017902851104736328
298899,normal,2378,0,1782362110.15892,0.0019223690032958984
298900,normal,986,2,1782362110.1610882,0.0021681785583496094
298901,normal,2802,0,1782362110.1629307,0.001842498779296875
298902,normal,653,0,1782362110.1650517,0.0021209716796875
298903,normal,1122,0,1782362110.1673563,0.002304553985595703
298904,normal,2339,0,1782362110.1689115,0.0015552043914794922
298905,normal,2872,0,1782362110.1710129,0.002101421356201172
298906,normal,1052,0,1782362110.1730716,0.002058744430541992
298907,normal,28,0,1782362110.174928,0.0018563270568847656
298908,normal,948,2,1782362110.1770337,0.002105712890625
298909,normal,3246,1,1782362110.1791358,0.0021021366119384766
298910,normal,2281,0,1782362110.1809576,0.001821756362915039
298911,normal,819,2,1782362110.1830378,0.002080202102661133
298912,normal,2704,0,1782362110.1850762,0.0020384788513183594
298913,normal,3282,1,1782362110.1874585,0.0023822784423828125
298914,normal,1862,0,1782362110.1895797,0.0021212100982666016
298915,normal,1232,0,1782362110.1909127,0.001332998275756836
298916,normal,1775,0,1782362110.1930113,0.002098560333251953
298917,normal,257,0,1782362110.1952202,0.0022089481353759766
298918,normal,1045,0,1782362110.1971684,0.0019481182098388672
298919,normal,1422,0,1782362110.1994567,0.002288341522216797
298920,normal,1355,1,1782362110.2014477,0.0019910335540771484
298921,normal,173,0,1782362110.2029734,0.0015256404876708984
298922,normal,1216,0,1782362110.2050142,0.002040863037109375
298923,normal,749,0,1782362110.206915,0.0019006729125976562
298924,normal,3673,0,1782362110.2090635,0.0021486282348632812
298925,normal,604,0,1782362110.2109253,0.0018618106842041016
298926,normal,2253,0,1782362110.2130418,0.0021164417266845703
298927,normal,2651,0,1782362110.2150757,0.0020339488983154297
298928,normal,2770,0,1782362110.2169206,0.0018448829650878906
298929,normal,693,0,1782362110.219041,0.002120494842529297
298930,normal,338,0,1782362110.2211297,0.0020885467529296875
298931,normal,467,0,1782362110.2230182,0.0018885135650634766
298932,normal,2131,0,1782362110.2250032,0.0019850730895996094
298933,normal,1935,0,1782362110.2270896,0.0020864009857177734
298934,normal,218,0,1782362110.2289336,0.0018439292907714844
298935,normal,2201,0,1782362110.2311475,0.0022139549255371094
298936,normal,1823,0,1782362110.23303,0.0018825531005859375
298937,normal,2753,0,1782362110.235037,0.002007007598876953
298938,normal,3617,0,1782362110.2369244,0.0018873214721679688
298939,normal,987,2,1782362110.239074,0.0021495819091796875
298940,normal,1199,0,1782362110.2409196,0.0018455982208251953
298941,normal,3114,1,1782362110.2430587,0.0021390914916992188
298942,normal,193,0,1782362110.2450767,0.002017974853515625
298943,normal,2783,0,1782362110.246963,0.0018863677978515625
298944,normal,1124,0,1782362110.2490563,0.0020933151245117188
298945,normal,1749,0,1782362110.2511077,0.0020513534545898438
298946,normal,3306,1,1782362110.2530396,0.001931905746459961
298947,normal,2077,0,1782362110.2549176,0.0018780231475830078
298948,normal,2317,0,1782362110.257088,0.0021703243255615234
298949,normal,712,0,1782362110.258916,0.0018279552459716797
298950,normal,2774,0,1782362110.261049,0.0021331310272216797
298951,normal,2115,0,1782362110.263076,0.0020270347595214844
298952,normal,2408,0,1782362110.2649274,0.0018513202667236328
298953,normal,2740,0,1782362110.2670853,0.002157926559448242
298954,normal,126,0,1782362110.2691371,0.002051830291748047
298955,normal,2301,0,1782362110.270987,0.0018498897552490234
298956,normal,2786,0,1782362110.273074,0.0020868778228759766
298957,normal,2350,0,1782362110.2750878,0.0020139217376708984
298958,normal,2116,0,1782362110.276931,0.0018432140350341797
298959,normal,2467,0,1782362110.2790692,0.0021381378173828125
298960,normal,2304,0,1782362110.2810624,0.0019931793212890625
298961,normal,2297,0,1782362110.2829046,0.0018422603607177734
298962,normal,670,0,1782362110.2849061,0.002001523971557617
298963,normal,1074,0,1782362110.2870233,0.002117156982421875
298964,normal,2977,0,1782362110.2889917,0.0019683837890625
298965,normal,375,0,1782362110.2909615,0.0019698143005371094
298966,normal,178,0,1782362110.2931514,0.0021898746490478516
298967,normal,3198,1,1782362110.295085,0.0019335746765136719
298968,normal,1871,0,1782362110.2971504,0.002065420150756836
298969,normal,1685,0,1782362110.2992258,0.0020754337310791016
298970,normal,914,2,1782362110.3011584,0.0019326210021972656
298971,normal,1915,0,1782362110.3032222,0.002063751220703125
298972,normal,2322,0,1782362110.305063,0.001840829849243164
298973,normal,1376,1,1782362110.3069062,0.0018432140350341797
298974,normal,3359,1,1782362110.308907,0.0020008087158203125
298975,normal,504,0,1782362110.3109875,0.0020804405212402344
298976,normal,1334,1,1782362110.3131604,0.0021729469299316406
298977,normal,579,0,1782362110.314928,0.0017676353454589844
298978,normal,1099,0,1782362110.316976,0.002048015594482422
298979,normal,1750,0,1782362110.3188896,0.0019135475158691406
298980,normal,2831,0,1782362110.320898,0.0020084381103515625
298981,normal,1954,0,1782362110.3232002,0.0023021697998046875
298982,normal,3652,0,1782362110.3252127,0.002012491226196289
298983,normal,3221,1,1782362110.3270915,0.0018787384033203125
298984,normal,2819,0,1782362110.3291557,0.002064228057861328
298985,normal,2087,0,1782362110.3311512,0.001995563507080078
298986,normal,748,0,1782362110.332954,0.001802682876586914
298987,normal,3368,1,1782362110.33503,0.0020761489868164062
298988,normal,2574,0,1782362110.3370273,0.001997232437133789
298989,normal,1704,0,1782362110.3390367,0.0020093917846679688
298990,normal,2930,0,1782362110.34132,0.002283334732055664
298991,normal,2520,0,1782362110.3429892,0.001669168472290039
298992,normal,1067,0,1782362110.3450189,0.0020296573638916016
298993,normal,2174,0,1782362110.3470116,0.0019927024841308594
298994,normal,830,2,1782362110.3490582,0.0020465850830078125
298995,normal,122,0,1782362110.35104,0.0019817352294921875
298996,normal,1319,1,1782362110.3530438,0.002003908157348633
298997,normal,1870,0,1782362110.3554032,0.0023593902587890625
298998,normal,820,2,1782362110.3572016,0.001798391342163086
298999,normal,3638,0,1782362110.3591173,0.0019156932830810547
299000,normal,2593,0,1782362110.3610103,0.0018930435180664062
299001,normal,1503,0,1782362110.363056,0.0020456314086914062
299002,normal,1887,0,1782362110.36505,0.0019941329956054688
299003,normal,530,0,1782362110.366956,0.0019059181213378906
299004,normal,2848,0,1782362110.3688972,0.0019412040710449219
299005,normal,2162,0,1782362110.3709345,0.0020372867584228516
299006,normal,496,0,1782362110.3731265,0.0021920204162597656
299007,normal,1982,0,1782362110.3749924,0.0018658638000488281
299008,normal,3597,0,1782362110.3771245,0.0021321773529052734
299009,normal,3307,1,1782362110.3790343,0.0019097328186035156
299010,normal,2393,0,1782362110.381196,0.002161741256713867
299011,normal,1361,1,1782362110.383024,0.0018279552459716797
299012,normal,280,0,1782362110.3849227,0.0018987655639648438
299013,normal,2726,0,1782362110.3873756,0.002452850341796875
299014,normal,1928,0,1782362110.3894124,0.0020368099212646484
299015,normal,525,0,1782362110.3911524,0.0017399787902832031
299016,normal,3179,1,1782362110.3930328,0.0018804073333740234
299017,normal,742,0,1782362110.3950493,0.0020165443420410156
299018,normal,2876,0,1782362110.3969727,0.0019233226776123047
299019,normal,594,0,1782362110.3989952,0.0020225048065185547
299020,normal,3070,1,1782362110.4011214,0.0021262168884277344
299021,normal,2447,0,1782362110.403057,0.001935720443725586
299022,normal,3294,1,1782362110.4050014,0.0019443035125732422
299023,normal,1552,0,1782362110.407028,0.0020265579223632812
299024,normal,1356,1,1782362110.4089322,0.0019042491912841797
299025,normal,2390,0,1782362110.410917,0.001984834671020508
299026,normal,3398,1,1782362110.4131174,0.0022003650665283203
299027,normal,2158,0,1782362110.4149356,0.0018181800842285156
299028,normal,3348,1,1782362110.4169438,0.002008199691772461
299029,normal,1822,0,1782362110.4190626,0.002118825912475586
299030,normal,1436,0,1782362110.4210238,0.001961231231689453
299031,normal,1602,0,1782362110.4229283,0.0019044876098632812
299032,normal,3147,1,1782362110.4250014,0.002073049545288086
299033,normal,247,0,1782362110.426917,0.0019156932830810547
299034,normal,1590,0,1782362110.4289155,0.001998424530029297
299035,normal,3343,1,1782362110.431013,0.002097606658935547
299036,normal,1873,0,1782362110.4329104,0.0018973350524902344
299037,normal,908,2,1782362110.4349916,0.002081155776977539
299038,normal,2169,0,1782362110.4370856,0.0020940303802490234
299039,normal,1275,0,1782362110.4390888,0.002003192901611328
299040,normal,3204,1,1782362110.4409447,0.0018558502197265625
299041,normal,3321,1,1782362110.443026,0.0020813941955566406
299042,normal,2844,0,1782362110.444983,0.001956939697265625
299043,normal,3660,0,1782362110.4468927,0.0019097328186035156
299044,normal,2107,0,1782362110.4489768,0.002084016799926758
299045,normal,7,0,1782362110.4508908,0.0019140243530273438
299046,normal,1076,0,1782362110.4528875,0.001996755599975586
299047,normal,3331,1,1782362110.455047,0.0021593570709228516
299048,normal,2964,0,1782362110.4570131,0.001966238021850586
299049,normal,2875,0,1782362110.4590209,0.002007722854614258
299050,normal,3582,0,1782362110.461213,0.002192258834838867
299051,normal,3507,0,1782362110.4630265,0.0018134117126464844
299052,normal,1784,0,1782362110.4650764,0.0020499229431152344
299053,normal,3580,0,1782362110.4670928,0.002016305923461914
299054,normal,33,0,1782362110.4690459,0.001953125
299055,normal,1549,0,1782362110.4711215,0.002075672149658203
299056,normal,1705,0,1782362110.4730852,0.0019636154174804688
299057,normal,843,2,1782362110.4748938,0.0018086433410644531
299058,normal,884,2,1782362110.4768918,0.0019979476928710938
299059,normal,92,0,1782362110.4789762,0.002084493637084961
299060,normal,731,0,1782362110.4809792,0.0020029544830322266
299061,normal,3174,1,1782362110.4829776,0.001998424530029297
299062,normal,3695,0,1782362110.4849946,0.0020170211791992188
299063,normal,2945,0,1782362110.4869392,0.0019445419311523438
299064,normal,1710,0,1782362110.488899,0.0019598007202148438
299065,normal,961,2,1782362110.4909856,0.002086639404296875
299066,normal,698,0,1782362110.4933608,0.0023751258850097656
299067,normal,2237,0,1782362110.4952862,0.0019254684448242188
299068,normal,2810,0,1782362110.497105,0.0018186569213867188
299069,normal,635,0,1782362110.4989355,0.0018305778503417969
299070,normal,574,0,1782362110.5009387,0.002003192901611328
299071,normal,2470,0,1782362110.503007,0.0020682811737060547
299072,normal,823,2,1782362110.50492,0.0019130706787109375
299073,normal,1631,0,1782362110.5073533,0.002433300018310547
299074,normal,363,0,1782362110.509036,0.0016827583312988281
299075,normal,2230,0,1782362110.511041,0.002004861831665039
299076,normal,3453,0,1782362110.5129404,0.0018994808197021484
299077,normal,1932,0,1782362110.5151606,0.00222015380859375
299078,normal,2400,0,1782362110.516963,0.0018024444580078125
299079,normal,2344,0,1782362110.5192347,0.0022716522216796875
299080,normal,3535,0,1782362110.521299,0.002064228057861328
299081,normal,2856,0,1782362110.5230196,0.0017206668853759766
299082,normal,2903,0,1782362110.5250223,0.002002716064453125
299083,normal,21,0,1782362110.5272796,0.0022573471069335938
299084,normal,2413,0,1782362110.5290473,0.0017676353454589844
299085,normal,12,0,1782362110.5312328,0.0021855831146240234
299086,normal,197,0,1782362110.533233,0.002000093460083008
299087,normal,3499,0,1782362110.5350657,0.001832723617553711
299088,normal,424,0,1782362110.5371187,0.0020530223846435547
299089,normal,2305,0,1782362110.5394073,0.0022885799407958984
299090,normal,2210,0,1782362110.5410783,0.0016710758209228516
299091,normal,2412,0,1782362110.542942,0.001863718032836914
299092,normal,2206,0,1782362110.5450363,0.002094268798828125
299093,normal,2465,0,1782362110.5468898,0.0018534660339355469
299094,normal,1917,0,1782362110.5491467,0.0022568702697753906
299095,normal,1945,0,1782362110.5510404,0.001893758773803711
299096,normal,3300,1,1782362110.5530667,0.0020263195037841797
299097,normal,1516,0,1782362110.554953,0.0018863677978515625
299098,normal,1702,0,1782362110.5571322,0.0021791458129882812
299099,normal,734,0,1782362110.5589678,0.0018355846405029297
299100,normal,3104,1,1782362110.561001,0.002033233642578125
299101,normal,2481,0,1782362110.563232,0.0022308826446533203
299102,normal,3087,1,1782362110.5650384,0.001806497573852539
299103,normal,2712,0,1782362110.566938,0.0018994808197021484
299104,normal,2847,0,1782362110.5691655,0.0022275447845458984
299105,normal,2111,0,1782362110.5709925,0.0018270015716552734
299106,normal,470,0,1782362110.573143,0.0021505355834960938
299107,normal,1829,0,1782362110.5751219,0.0019788742065429688
299108,normal,2024,0,1782362110.576923,0.0018010139465332031
299109,normal,2406,0,1782362110.5789583,0.002035379409790039
299110,normal,3539,0,1782362110.581147,0.0021886825561523438
299111,normal,1612,0,1782362110.5829566,0.0018095970153808594
299112,normal,3302,1,1782362110.5850608,0.0021042823791503906
299113,normal,3400,1,1782362110.5871804,0.0021195411682128906
299114,normal,1259,0,1782362110.588965,0.0017845630645751953
299115,normal,3698,0,1782362110.5910823,0.0021173954010009766
299116,normal,2398,0,1782362110.5933285,0.0022461414337158203
299117,normal,571,0,1782362110.5950665,0.0017380714416503906
299118,normal,3168,1,1782362110.5969412,0.001874685287475586
299119,normal,3569,0,1782362110.5991466,0.002205371856689453
299120,normal,1947,0,1782362110.6009367,0.0017900466918945312
299121,normal,514,0,1782362110.6030478,0.002111196517944336
299122,normal,49,0,1782362110.60514,0.002092123031616211
299123,normal,14,0,1782362110.6072774,0.002137422561645508
299124,normal,1326,1,1782362110.609019,0.001741647720336914
299125,normal,795,2,1782362110.6125603,0.003541231155395508
299126,normal,3562,0,1782362110.6129797,0.00041937828063964844
299127,normal,3685,0,1782362110.6153166,0.0023369789123535156
299128,normal,1449,0,1782362110.6169052,0.001588582992553711
299129,normal,3112,1,1782362110.61897,0.0020647048950195312
299130,normal,1557,0,1782362110.6209655,0.001995563507080078
299131,normal,2017,0,1782362110.6229343,0.001968860626220703
299132,normal,2734,0,1782362110.6249282,0.001993894577026367
299133,normal,2064,0,1782362110.6269376,0.0020093917846679688
299134,normal,2763,0,1782362110.6289928,0.0020551681518554688
299135,normal,1395,0,1782362110.6310618,0.0020689964294433594
299136,normal,2522,0,1782362110.6332896,0.002227783203125
299137,normal,1063,0,1782362110.6350114,0.0017218589782714844
299138,normal,3550,0,1782362110.6372304,0.002218961715698242
299139,normal,300,0,1782362110.6392512,0.0020208358764648438
299140,normal,3435,0,1782362110.6409347,0.0016834735870361328
299141,normal,1513,0,1782362110.6430306,0.002095937728881836
299142,normal,682,0,1782362110.6449175,0.0018868446350097656
299143,normal,532,0,1782362110.646954,0.002036571502685547
299144,normal,3488,0,1782362110.648977,0.002022981643676758
299145,normal,718,0,1782362110.6510358,0.002058744430541992
299146,normal,317,0,1782362110.652965,0.0019292831420898438
299147,normal,1308,0,1782362110.6549668,0.0020017623901367188
299148,normal,1243,0,1782362110.6571288,0.0021619796752929688
299149,normal,920,2,1782362110.6590905,0.0019617080688476562
299150,normal,2063,0,1782362110.6609497,0.0018591880798339844
299151,normal,3440,0,1782362110.6631324,0.0021827220916748047
299152,normal,1378,1,1782362110.6650558,0.0019233226776123047
299153,normal,758,0,1782362110.6669424,0.001886606216430664
299154,normal,3447,0,1782362110.6691914,0.002249002456665039
299155,normal,1677,0,1782362110.6709673,0.001775979995727539
299156,normal,2336,0,1782362110.6731431,0.0021758079528808594
299157,normal,2883,0,1782362110.675235,0.0020918846130371094
299158,normal,3613,0,1782362110.6769843,0.001749277114868164
299159,normal,2369,0,1782362110.6789198,0.0019354820251464844
299160,normal,1999,0,1782362110.6810973,0.0021774768829345703
299161,normal,1481,0,1782362110.683021,0.0019237995147705078
299162,normal,1430,0,1782362110.685018,0.0019969940185546875
299163,normal,947,2,1782362110.6870062,0.0019881725311279297
299164,normal,791,2,1782362110.6890717,0.002065420150756836
299165,normal,3146,1,1782362110.6909592,0.0018875598907470703
299166,normal,3015,0,1782362110.6933122,0.0023529529571533203
299167,normal,583,0,1782362110.6951253,0.0018131732940673828
299168,normal,2897,0,1782362110.6970396,0.0019142627716064453
299169,normal,81,0,1782362110.6989806,0.0019409656524658203
299170,normal,655,0,1782362110.7010837,0.002103090286254883
299171,normal,620,0,1782362110.702949,0.001865386962890625
299172,normal,2499,0,1782362110.7050724,0.0021233558654785156
299173,normal,1605,0,1782362110.707058,0.0019855499267578125
299174,normal,3665,0,1782362110.708977,0.0019190311431884766
299175,normal,3630,0,1782362110.7110686,0.002091646194458008
299176,normal,1711,0,1782362110.713164,0.002095460891723633
299177,normal,661,0,1782362110.71539,0.0022258758544921875
299178,normal,1595,0,1782362110.7173064,0.0019164085388183594
299179,normal,3380,1,1782362110.7196264,0.0023200511932373047
299180,normal,3513,0,1782362110.7210736,0.0014472007751464844
299181,normal,3593,0,1782362110.72374,0.002666473388671875
299182,normal,128,0,1782362110.7248552,0.0011150836944580078
299183,normal,2818,0,1782362110.727042,0.0021867752075195312
299184,normal,1323,1,1782362110.729134,0.002092123031616211
299185,normal,2396,0,1782362110.7309875,0.0018534660339355469
299186,normal,1863,0,1782362110.7331662,0.002178668975830078
299187,normal,2536,0,1782362110.7351677,0.002001523971557617
299188,normal,1907,0,1782362110.736965,0.0017971992492675781
299189,normal,1036,0,1782362110.7388935,0.001928567886352539
299190,normal,3397,1,1782362110.7409632,0.002069711685180664
299191,normal,707,0,1782362110.7431474,0.002184152603149414
299192,normal,2538,0,1782362110.7450023,0.0018548965454101562
299193,normal,1629,0,1782362110.7471232,0.0021209716796875
299194,normal,730,0,1782362110.749082,0.0019588470458984375
299195,normal,358,0,1782362110.750931,0.0018489360809326172
299196,normal,1963,0,1782362110.7530737,0.002142667770385742
299197,normal,2274,0,1782362110.7550397,0.0019659996032714844
299198,normal,3165,1,1782362110.7569978,0.001958131790161133
299199,normal,3439,0,1782362110.759127,0.002129077911376953
299200,normal,863,2,1782362110.7611823,0.0020554065704345703
299201,normal,367,0,1782362110.7631352,0.0019528865814208984
299202,normal,3063,1,1782362110.7650483,0.0019130706787109375
299203,normal,3149,1,1782362110.7670734,0.002025127410888672
299204,normal,643,0,1782362110.7690296,0.0019562244415283203
299205,normal,378,0,1782362110.7710013,0.001971721649169922
299206,normal,1451,0,1782362110.7730856,0.0020842552185058594
299207,normal,1144,0,1782362110.7750108,0.0019252300262451172
299208,normal,3123,1,1782362110.7770352,0.002024412155151367
299209,normal,291,0,1782362110.7790768,0.0020415782928466797
299210,normal,44,0,1782362110.780939,0.0018622875213623047
299211,normal,1616,0,1782362110.783073,0.0021338462829589844
299212,normal,761,0,1782362110.7852483,0.0021753311157226562
299213,normal,412,0,1782362110.7872486,0.0020003318786621094
299214,normal,1627,0,1782362110.7891834,0.0019347667694091797
299215,normal,2015,0,1782362110.7912276,0.002044200897216797
299216,normal,3452,0,1782362110.7930968,0.00186920166015625
299217,normal,1397,0,1782362110.795321,0.0022242069244384766
299218,normal,2664,0,1782362110.79709,0.0017690658569335938
299219,normal,2543,0,1782362110.7991521,0.002062082290649414
299220,normal,1520,0,1782362110.8010936,0.0019414424896240234
299221,normal,3098,1,1782362110.8032277,0.002134084701538086
299222,normal,495,0,1782362110.8049784,0.0017507076263427734
299223,normal,3333,1,1782362110.8072383,0.002259969711303711
299224,normal,2874,0,1782362110.8090935,0.0018551349639892578
299225,normal,3504,0,1782362110.8113887,0.002295255661010742
299226,normal,2516,0,1782362110.813151,0.0017621517181396484
299227,normal,297,0,1782362110.8153965,0.002245664596557617
299228,normal,3672,0,1782362110.8173742,0.001977682113647461
299229,normal,1351,1,1782362110.8192487,0.0018744468688964844
299230,normal,2008,0,1782362110.8212967,0.002048015594482422
299231,normal,2950,0,1782362110.8231974,0.0019006729125976562
299232,normal,3335,1,1782362110.8252962,0.0020987987518310547
299233,normal,2442,0,1782362110.827383,0.0020868778228759766
299234,normal,1515,0,1782362110.82917,0.001786947250366211
299235,normal,1988,0,1782362110.8311014,0.0019314289093017578
299236,normal,2288,0,1782362110.8332243,0.0021228790283203125
299237,normal,2801,0,1782362110.8351562,0.001931905746459961
299238,normal,1830,0,1782362110.8369713,0.0018150806427001953
299239,normal,1794,0,1782362110.8395941,0.002622842788696289
299240,normal,3026,0,1782362110.8410707,0.0014765262603759766
299241,normal,1613,0,1782362110.8431497,0.002079010009765625
299242,normal,3012,0,1782362110.8451667,0.0020170211791992188
299243,normal,3461,0,1782362110.8472688,0.0021021366119384766
299244,normal,3669,0,1782362110.8492863,0.002017498016357422
299245,normal,2962,0,1782362110.8512874,0.002001047134399414
299246,normal,3153,1,1782362110.8543003,0.0030128955841064453
299247,normal,2602,0,1782362110.855488,0.0011878013610839844
299248,normal,2389,0,1782362110.8574047,0.001916646957397461
299249,normal,3188,1,1782362110.85908,0.0016753673553466797
299250,normal,1558,0,1782362110.8610828,0.002002716064453125
299251,normal,1352,1,1782362110.8632529,0.002170085906982422
299252,normal,729,0,1782362110.8649876,0.0017347335815429688
299253,normal,1198,0,1782362110.8672247,0.002237081527709961
299254,normal,2896,0,1782362110.8695028,0.0022780895233154297
299255,normal,2591,0,1782362110.871284,0.0017812252044677734
299256,normal,2328,0,1782362110.8729835,0.0016994476318359375
299257,normal,2047,0,1782362110.8752415,0.0022580623626708984
299258,normal,3644,0,1782362110.8770077,0.001766204833984375
299259,normal,2065,0,1782362110.8792422,0.0022344589233398438
299260,normal,1379,1,1782362110.8810835,0.0018413066864013672
299261,normal,3587,0,1782362110.8834827,0.0023992061614990234
299262,normal,1610,0,1782362110.885359,0.0018763542175292969
299263,normal,2822,0,1782362110.887465,0.0021059513092041016
299264,normal,2835,0,1782362110.889447,0.001981973648071289
299265,normal,76,0,1782362110.8911955,0.0017485618591308594
299266,normal,2041,0,1782362110.8930926,0.0018970966339111328
299267,normal,3280,1,1782362110.895177,0.0020842552185058594
299268,normal,160,0,1782362110.8971248,0.0019478797912597656
299269,normal,3429,0,1782362110.8991592,0.002034425735473633
299270,normal,242,0,1782362110.901553,0.0023937225341796875
299271,normal,337,0,1782362110.903628,0.0020751953125
299272,normal,2966,0,1782362110.9052498,0.0016217231750488281
299273,normal,611,0,1782362110.9071536,0.0019037723541259766
299274,normal,2922,0,1782362110.9090316,0.0018780231475830078
299275,normal,802,2,1782362110.9116268,0.002595186233520508
299276,normal,3691,0,1782362110.9132183,0.0015914440155029297
299277,normal,3040,0,1782362110.915021,0.001802682876586914
299278,normal,687,0,1782362110.9170992,0.0020782947540283203
299279,normal,3119,1,1782362110.9194028,0.002303600311279297
299280,normal,2587,0,1782362110.9211802,0.0017774105072021484
299281,normal,675,0,1782362110.9231331,0.0019528865814208984
299282,normal,2439,0,1782362110.925165,0.0020318031311035156
299283,normal,1193,0,1782362110.927142,0.0019769668579101562
299284,normal,905,2,1782362110.9292734,0.0021314620971679688
299285,normal,1461,0,1782362110.9309947,0.0017213821411132812
299286,normal,3086,1,1782362110.9331646,0.0021698474884033203
299287,normal,3382,1,1782362110.9350197,0.0018551349639892578
299288,normal,3634,0,1782362110.937223,0.002203226089477539
299289,normal,2477,0,1782362110.9391751,0.0019521713256835938
299290,normal,3460,0,1782362110.9411259,0.0019507408142089844
299291,normal,615,0,1782362110.9432003,0.0020744800567626953
299292,normal,1646,0,1782362110.9451833,0.0019829273223876953
299293,normal,3278,1,1782362110.9473097,0.002126455307006836
299294,normal,3304,1,1782362110.9493184,0.002008676528930664
299295,normal,46,0,1782362110.95102,0.0017015933990478516
299296,normal,2683,0,1782362110.9530203,0.0020003318786621094
299297,normal,2558,0,1782362110.9553828,0.002362489700317383
299298,normal,27,0,1782362110.9571838,0.0018010139465332031
299299,normal,522,0,1782362110.9592752,0.0020914077758789062
299300,normal,2150,0,1782362110.9611075,0.0018322467803955078
299301,normal,1682,0,1782362110.9630756,0.0019681453704833984
299302,normal,2337,0,1782362110.9653995,0.0023238658905029297
299303,normal,918,2,1782362110.9671416,0.0017421245574951172
299304,normal,2194,0,1782362110.9694479,0.002306222915649414
299305,normal,1358,1,1782362110.9715862,0.002138376235961914
299306,normal,2432,0,1782362110.9731085,0.0015223026275634766
299307,normal,1254,0,1782362110.9750779,0.0019693374633789062
299308,normal,1569,0,1782362110.9772158,0.002137899398803711
299309,normal,3523,0,1782362110.9791405,0.001924753189086914
299310,normal,2868,0,1782362110.9809837,0.0018432140350341797
299311,normal,2526,0,1782362110.9832575,0.0022737979888916016
299312,normal,548,0,1782362110.9850776,0.0018200874328613281
299313,normal,2880,0,1782362110.987227,0.002149343490600586
299314,normal,750,0,1782362110.98906,0.0018329620361328125
299315,normal,1894,0,1782362110.9913127,0.002252817153930664
299316,normal,1601,0,1782362110.9931705,0.001857757568359375
299317,normal,1347,1,1782362110.9951758,0.002005338668823242
299318,normal,776,2,1782362110.9970381,0.0018622875213623047
299319,normal,1419,0,1782362110.999129,0.002090930938720703
299320,normal,654,0,1782362111.0011199,0.001990795135498047
299321,normal,124,0,1782362111.003045,0.0019252300262451172
299322,normal,1730,0,1782362111.0050933,0.0020482540130615234
299323,normal,2146,0,1782362111.007228,0.002134561538696289
299324,normal,2747,0,1782362111.0090444,0.0018165111541748047
299325,normal,783,2,1782362111.0111854,0.0021409988403320312
299326,normal,2094,0,1782362111.0135207,0.0023353099822998047
299327,normal,1787,0,1782362111.0151663,0.0016455650329589844
299328,normal,132,0,1782362111.0172296,0.002063274383544922
299329,normal,1691,0,1782362111.0192504,0.0020208358764648438
299330,normal,3064,1,1782362111.02131,0.0020596981048583984
299331,normal,45,0,1782362111.0235324,0.002222299575805664
299332,normal,2435,0,1782362111.0251808,0.0016484260559082031
299333,normal,2265,0,1782362111.027015,0.0018341541290283203
299334,normal,3211,1,1782362111.0293834,0.002368450164794922
299335,normal,1226,0,1782362111.0313692,0.001985788345336914
299336,normal,1493,0,1782362111.0332341,0.0018649101257324219
299337,normal,2205,0,1782362111.035212,0.0019779205322265625
299338,normal,711,0,1782362111.0371675,0.0019555091857910156
299339,normal,619,0,1782362111.0390453,0.0018777847290039062
299340,normal,3056,1,1782362111.0412843,0.0022389888763427734
299341,normal,3600,0,1782362111.0436852,0.0024008750915527344
299342,normal,3690,0,1782362111.045097,0.0014119148254394531
299343,normal,1906,0,1782362111.0471406,0.002043485641479492
299344,normal,1895,0,1782362111.0493736,0.0022330284118652344
299345,normal,3027,0,1782362111.0512307,0.0018570423126220703
299346,normal,2484,0,1782362111.0532484,0.0020177364349365234
299347,normal,2326,0,1782362111.055067,0.0018186569213867188
299348,normal,1563,0,1782362111.0579581,0.002891063690185547
299349,normal,1360,1,1782362111.0593467,0.0013885498046875
299350,normal,374,0,1782362111.0612097,0.0018630027770996094
299351,normal,3338,1,1782362111.06309,0.0018804073333740234
299352,normal,2351,0,1782362111.0652301,0.002140045166015625
299353,normal,2233,0,1782362111.0671408,0.0019106864929199219
299354,normal,1634,0,1782362111.0689843,0.0018434524536132812
299355,normal,1465,0,1782362111.0713341,0.002349853515625
299356,normal,771,0,1782362111.073405,0.002070903778076172
299357,normal,430,0,1782362111.074984,0.0015790462493896484
299358,normal,2117,0,1782362111.077544,0.0025599002838134766
299359,normal,858,2,1782362111.0796797,0.002135753631591797
299360,normal,580,0,1782362111.08126,0.0015802383422851562
299361,normal,158,0,1782362111.0830932,0.001833200454711914
299362,normal,1989,0,1782362111.085262,0.002168893814086914
299363,normal,1777,0,1782362111.0870347,0.0017726421356201172
299364,normal,2200,0,1782362111.0891707,0.0021359920501708984
299365,normal,253,0,1782362111.0911007,0.0019299983978271484
299366,normal,600,0,1782362111.0933855,0.0022847652435302734
299367,normal,2554,0,1782362111.0955737,0.0021882057189941406
299368,normal,2635,0,1782362111.097808,0.002234220504760742
299369,normal,1672,0,1782362111.0995746,0.0017666816711425781
299370,normal,2458,0,1782362111.100991,0.0014164447784423828
299371,normal,2160,0,1782362111.1032057,0.002214670181274414
299372,normal,3034,0,1782362111.105173,0.0019674301147460938
299373,normal,1435,0,1782362111.1070793,0.0019061565399169922
299374,normal,1325,1,1782362111.109912,0.002832651138305664
299375,normal,1262,0,1782362111.111368,0.0014560222625732422
299376,normal,2154,0,1782362111.1133108,0.0019428730010986328
299377,normal,2402,0,1782362111.1153588,0.002048015594482422
299378,normal,1585,0,1782362111.1171732,0.0018143653869628906
299379,normal,2678,0,1782362111.1196089,0.0024356842041015625
299380,normal,2133,0,1782362111.121697,0.0020880699157714844
299381,normal,3643,0,1782362111.123446,0.0017490386962890625
299382,normal,2816,0,1782362111.1252801,0.0018341541290283203
299383,normal,1594,0,1782362111.1272988,0.0020186901092529297
299384,normal,3022,0,1782362111.1289794,0.001680612564086914
299385,normal,2177,0,1782362111.131385,0.0024056434631347656
299386,normal,1107,0,1782362111.1335309,0.0021457672119140625
299387,normal,1644,0,1782362111.1352146,0.0016837120056152344
299388,normal,357,0,1782362111.1371,0.0018854141235351562
299389,normal,3191,1,1782362111.139246,0.002146005630493164
299390,normal,1675,0,1782362111.1409798,0.0017337799072265625
299391,normal,3568,0,1782362111.143174,0.0021941661834716797
299392,normal,3639,0,1782362111.145225,0.002051115036010742
299393,normal,2911,0,1782362111.147077,0.0018520355224609375
299394,normal,3240,1,1782362111.149099,0.0020220279693603516
299395,normal,1941,0,1782362111.1513257,0.002226591110229492
299396,normal,3167,1,1782362111.1530137,0.0016880035400390625
299397,normal,1174,0,1782362111.1552186,0.00220489501953125
299398,normal,2257,0,1782362111.1570623,0.0018436908721923828
299399,normal,1016,2,1782362111.1590922,0.002029895782470703
299400,normal,3706,0,1782362111.1610615,0.0019693374633789062
299401,normal,1598,0,1782362111.163192,0.0021305084228515625
299402,normal,109,0,1782362111.1649542,0.0017621517181396484
299403,normal,165,0,1782362111.1670947,0.002140522003173828
299404,normal,26,0,1782362111.1692674,0.002172708511352539
299405,normal,377,0,1782362111.171161,0.0018935203552246094
299406,normal,1214,0,1782362111.173182,0.0020210742950439453
299407,normal,222,0,1782362111.1751747,0.0019927024841308594
299408,normal,2858,0,1782362111.1769772,0.0018024444580078125
299409,normal,3036,0,1782362111.1792746,0.0022974014282226562
299410,normal,3074,1,1782362111.1810966,0.0018219947814941406
299411,normal,1961,0,1782362111.1830986,0.0020020008087158203
299412,normal,210,0,1782362111.1852386,0.002140045166015625
299413,normal,3259,1,1782362111.1871362,0.001897573471069336
299414,normal,1343,1,1782362111.1890144,0.0018782615661621094
299415,normal,1793,0,1782362111.1911297,0.0021152496337890625
299416,normal,3052,1,1782362111.193262,0.002132415771484375
299417,normal,2503,0,1782362111.1950889,0.0018267631530761719
299418,normal,982,2,1782362111.1971397,0.0020508766174316406
299419,normal,2483,0,1782362111.199321,0.0021812915802001953
299420,normal,1301,0,1782362111.2011094,0.0017883777618408203
299421,normal,3627,0,1782362111.2031806,0.0020711421966552734
299422,normal,113,0,1782362111.2051957,0.0020151138305664062
299423,normal,817,2,1782362111.2071347,0.0019390583038330078
299424,normal,3412,0,1782362111.2091863,0.0020515918731689453
299425,normal,2188,0,1782362111.211221,0.0020346641540527344
299426,normal,778,2,1782362111.2132092,0.0019881725311279297
299427,normal,1295,0,1782362111.2154694,0.0022602081298828125
299428,normal,1849,0,1782362111.2172,0.0017306804656982422
299429,normal,523,0,1782362111.2190087,0.0018086433410644531
299430,normal,2171,0,1782362111.2211215,0.002112865447998047
299431,normal,3285,1,1782362111.2233186,0.0021970272064208984
299432,normal,2114,0,1782362111.2250953,0.0017766952514648438
299433,normal,2034,0,1782362111.2272694,0.0021741390228271484
299434,normal,3425,0,1782362111.229171,0.0019016265869140625
299435,normal,1062,0,1782362111.2310483,0.0018773078918457031
299436,normal,513,0,1782362111.2332895,0.0022411346435546875
299437,normal,498,0,1782362111.2355516,0.002262115478515625
299438,normal,3093,1,1782362111.2372096,0.0016579627990722656
299439,normal,2562,0,1782362111.2392526,0.002043008804321289
299440,normal,915,2,1782362111.2413485,0.002095937728881836
299441,normal,1962,0,1782362111.243363,0.0020143985748291016
299442,normal,3325,1,1782362111.2452686,0.001905679702758789
299443,normal,2623,0,1782362111.2475038,0.0022351741790771484
299444,normal,2500,0,1782362111.249096,0.0015921592712402344
299445,normal,2183,0,1782362111.2511363,0.002040386199951172
299446,normal,1611,0,1782362111.2533438,0.002207517623901367
299447,normal,88,0,1782362111.2555132,0.002169370651245117
299448,normal,1011,2,1782362111.2571084,0.0015952587127685547
299449,normal,2320,0,1782362111.2592149,0.0021064281463623047
299450,normal,3704,0,1782362111.2611427,0.0019278526306152344
299451,normal,1943,0,1782362111.2630742,0.0019314289093017578
299452,normal,1763,0,1782362111.2650807,0.00200653076171875
299453,normal,224,0,1782362111.2674732,0.0023925304412841797
299454,normal,3700,0,1782362111.2697861,0.002312898635864258
299455,normal,3570,0,1782362111.2714496,0.0016634464263916016
299456,normal,2925,0,1782362111.273037,0.0015873908996582031
299457,normal,2840,0,1782362111.2750957,0.002058744430541992
299458,normal,2251,0,1782362111.277229,0.0021333694458007812
299459,normal,2479,0,1782362111.2792945,0.002065420150756836
299460,normal,767,0,1782362111.281294,0.0019996166229248047
299461,normal,151,0,1782362111.2832825,0.0019884109497070312
299462,normal,415,0,1782362111.2855194,0.0022368431091308594
299463,normal,672,0,1782362111.287223,0.0017037391662597656
299464,normal,2364,0,1782362111.2890878,0.0018646717071533203
299465,normal,3029,0,1782362111.2909882,0.0019004344940185547
299466,normal,2318,0,1782362111.293245,0.0022568702697753906
299467,normal,2518,0,1782362111.2950985,0.0018534660339355469
299468,normal,1235,0,1782362111.2971396,0.0020411014556884766
299469,normal,1260,0,1782362111.3000863,0.002946615219116211
299470,normal,593,0,1782362111.3012214,0.001135110855102539
299471,normal,146,0,1782362111.3034236,0.002202272415161133
299472,normal,3701,0,1782362111.3050468,0.0016231536865234375
299473,normal,2299,0,1782362111.3073401,0.0022933483123779297
299474,normal,2800,0,1782362111.3091648,0.0018246173858642578
299475,normal,2851,0,1782362111.3112032,0.0020384788513183594
299476,normal,2881,0,1782362111.3130987,0.0018954277038574219
299477,normal,3409,0,1782362111.315997,0.0028982162475585938
299478,normal,1072,0,1782362111.3171773,0.001180410385131836
299479,normal,688,0,1782362111.3193038,0.002126455307006836
299480,normal,1425,0,1782362111.3209565,0.0016527175903320312
299481,normal,1700,0,1782362111.3231022,0.0021457672119140625
299482,normal,296,0,1782362111.3253434,0.0022411346435546875
299483,normal,476,0,1782362111.3277104,0.0023670196533203125
299484,normal,18,0,1782362111.3293643,0.001653909683227539
299485,normal,1920,0,1782362111.331035,0.0016705989837646484
299486,normal,1905,0,1782362111.3329465,0.0019116401672363281
299487,normal,1086,0,1782362111.3348792,0.0019326210021972656
299488,normal,3076,1,1782362111.337388,0.002508878707885742
299489,normal,2944,0,1782362111.3393278,0.0019397735595703125
299490,normal,395,0,1782362111.3412678,0.001940011978149414
299491,normal,669,0,1782362111.343288,0.002020120620727539
299492,normal,2773,0,1782362111.34514,0.0018520355224609375
299493,normal,2453,0,1782362111.347018,0.0018780231475830078
299494,normal,854,2,1782362111.3491652,0.002147197723388672
299495,normal,652,0,1782362111.3509321,0.0017669200897216797
299496,normal,1239,0,1782362111.3529923,0.0020601749420166016
299497,normal,624,0,1782362111.3549948,0.0020024776458740234
299498,normal,1491,0,1782362111.3569567,0.001961946487426758
299499,normal,2991,0,1782362111.3592002,0.002243518829345703
299500,normal,2717,0,1782362111.3609138,0.0017135143280029297
299501,normal,2329,0,1782362111.3629744,0.0020606517791748047
299502,normal,2108,0,1782362111.3652709,0.00229644775390625
299503,normal,560,0,1782362111.3672135,0.0019426345825195312
299504,normal,589,0,1782362111.3692286,0.0020151138305664062
299505,normal,3684,0,1782362111.3711784,0.0019497871398925781
299506,normal,2857,0,1782362111.37309,0.0019116401672363281
299507,normal,558,0,1782362111.3752434,0.0021533966064453125
299508,normal,2165,0,1782362111.3770876,0.001844167709350586
299509,normal,411,0,1782362111.3793347,0.0022470951080322266
299510,normal,3389,1,1782362111.3811467,0.001811981201171875
299511,normal,627,0,1782362111.3831353,0.001988649368286133
299512,normal,227,0,1782362111.3852425,0.0021071434020996094
299513,normal,1805,0,1782362111.3870034,0.0017609596252441406
299514,normal,2167,0,1782362111.3894012,0.002397775650024414
299515,normal,1400,0,1782362111.3910904,0.0016891956329345703
299516,normal,2022,0,1782362111.393034,0.0019435882568359375
299517,normal,607,0,1782362111.3952155,0.002181529998779297
299518,normal,1802,0,1782362111.3971045,0.0018889904022216797
299519,normal,2639,0,1782362111.3991485,0.0020439624786376953
299520,normal,2374,0,1782362111.4011312,0.0019826889038085938
299521,normal,634,0,1782362111.4033446,0.0022134780883789062
299522,normal,394,0,1782362111.4051058,0.0017611980438232422
299523,normal,2196,0,1782362111.407208,0.0021021366119384766
299524,normal,1181,0,1782362111.4091935,0.0019855499267578125
299525,normal,288,0,1782362111.411104,0.0019104480743408203
299526,normal,1173,0,1782362111.4131658,0.0020618438720703125
299527,normal,2185,0,1782362111.4152186,0.002052783966064453
299528,normal,2341,0,1782362111.4170494,0.0018308162689208984
299529,normal,814,2,1782362111.4192255,0.002176046371459961
299530,normal,2725,0,1782362111.421221,0.001995563507080078
299531,normal,980,2,1782362111.4231043,0.0018832683563232422
299532,normal,184,0,1782362111.4251957,0.0020914077758789062
299533,normal,3436,0,1782362111.427121,0.0019252300262451172
299534,normal,1858,0,1782362111.4291584,0.002037525177001953
299535,normal,3316,1,1782362111.4314744,0.002315998077392578
299536,normal,256,0,1782362111.4331481,0.0016736984252929688
299537,normal,1876,0,1782362111.4352262,0.0020780563354492188
299538,normal,932,2,1782362111.4371617,0.0019354820251464844
299539,normal,3383,1,1782362111.4392836,0.0021219253540039062
299540,normal,806,2,1782362111.4412773,0.0019936561584472656
299541,normal,471,0,1782362111.4433088,0.002031564712524414
299542,normal,3474,0,1782362111.445369,0.0020601749420166016
299543,normal,3458,0,1782362111.4473174,0.0019483566284179688
299544,normal,236,0,1782362111.4492798,0.001962423324584961
299545,normal,2062,0,1782362111.4511628,0.0018830299377441406
299546,normal,1471,0,1782362111.4531965,0.002033710479736328
299547,normal,3264,1,1782362111.4552662,0.002069711685180664
299548,normal,1786,0,1782362111.4573243,0.0020580291748046875
299549,normal,1455,0,1782362111.4595118,0.002187490463256836
299550,normal,2947,0,1782362111.4612372,0.0017254352569580078
299551,normal,23,0,1782362111.4643004,0.003063201904296875
299552,normal,2002,0,1782362111.4649692,0.0006687641143798828
299553,normal,2038,0,1782362111.4670825,0.00211334228515625
299554,normal,306,0,1782362111.469216,0.002133607864379883
299555,normal,1734,0,1782362111.4711607,0.0019445419311523438
299556,normal,1023,2,1782362111.4734595,0.0022988319396972656
299557,normal,3028,0,1782362111.4757822,0.002322673797607422
299558,normal,1881,0,1782362111.4773023,0.0015201568603515625
299559,normal,2417,0,1782362111.4789824,0.001680135726928711
299560,normal,2756,0,1782362111.4812324,0.0022499561309814453
299561,normal,848,2,1782362111.4830005,0.0017681121826171875
299562,normal,1096,0,1782362111.4852421,0.0022416114807128906
299563,normal,3096,1,1782362111.4870975,0.0018553733825683594
299564,normal,2557,0,1782362111.489569,0.002471446990966797
299565,normal,536,0,1782362111.4913356,0.0017666816711425781
299566,normal,929,2,1782362111.4932728,0.0019371509552001953
299567,normal,1463,0,1782362111.495371,0.0020983219146728516
299568,normal,869,2,1782362111.4970722,0.0017011165618896484
299569,normal,3127,1,1782362111.499228,0.002155780792236328
299570,normal,2613,0,1782362111.500985,0.001756906509399414
299571,normal,3525,0,1782362111.5031047,0.002119779586791992
299572,normal,1918,0,1782362111.5052743,0.0021696090698242188
299573,normal,106,0,1782362111.5072722,0.0019979476928710938
299574,normal,2096,0,1782362111.5092723,0.002000093460083008
299575,normal,2888,0,1782362111.5111392,0.0018668174743652344
299576,normal,2887,0,1782362111.5134137,0.0022745132446289062
299577,normal,603,0,1782362111.5158632,0.002449512481689453
299578,normal,482,0,1782362111.5172863,0.0014231204986572266
299579,normal,2580,0,1782362111.5189795,0.0016932487487792969
299580,normal,1030,0,1782362111.5211027,0.002123117446899414
299581,normal,2035,0,1782362111.523613,0.0025103092193603516
299582,normal,1950,0,1782362111.525477,0.0018639564514160156
299583,normal,645,0,1782362111.5272186,0.001741647720336914
299584,normal,3464,0,1782362111.5293465,0.0021278858184814453
299585,normal,1298,0,1782362111.5313616,0.0020151138305664062
299586,normal,2611,0,1782362111.5332513,0.0018897056579589844
299587,normal,1573,0,1782362111.5351968,0.00194549560546875
299588,normal,969,2,1782362111.537436,0.002239227294921875
299589,normal,3536,0,1782362111.5395327,0.0020966529846191406
299590,normal,1312,0,1782362111.5411544,0.0016217231750488281
299591,normal,3360,1,1782362111.5430105,0.001856088638305664
299592,normal,3267,1,1782362148.1112225,0.0
299593,normal,147,0,1782362148.1132102,0.0019876956939697266
299594,normal,3163,1,1782362148.1152403,0.0020301342010498047
299595,normal,2061,0,1782362148.117255,0.002014636993408203
299596,normal,3194,1,1782362148.1193192,0.002064228057861328
299597,normal,2231,0,1782362148.121336,0.002016782760620117
299598,normal,1136,0,1782362148.1232603,0.001924276351928711
299599,normal,2292,0,1782362148.1252348,0.0019745826721191406
299600,normal,1886,0,1782362148.1273177,0.00208282470703125
299601,normal,3381,1,1782362148.1295025,0.0021848678588867188
299602,normal,1560,0,1782362148.131243,0.0017404556274414062
299603,normal,652,0,1782362148.133446,0.0022029876708984375
299604,normal,1955,0,1782362148.1353114,0.001865386962890625
299605,normal,2191,0,1782362148.1372845,0.0019731521606445312
299606,normal,474,0,1782362148.1392868,0.002002239227294922
299607,normal,1195,0,1782362148.1414096,0.0021228790283203125
299608,normal,145,0,1782362148.1432261,0.0018165111541748047
299609,normal,791,2,1782362148.1452441,0.002017974853515625
299610,normal,3123,1,1782362148.1472707,0.0020265579223632812
299611,normal,1504,0,1782362148.1492662,0.001995563507080078
299612,normal,3556,0,1782362148.1512632,0.0019969940185546875
299613,normal,1436,0,1782362148.1532793,0.0020160675048828125
299614,normal,447,0,1782362148.155252,0.001972675323486328
299615,normal,596,0,1782362148.1572797,0.002027750015258789
299616,normal,818,2,1782362148.1592748,0.001995086669921875
299617,normal,27,0,1782362148.1612406,0.001965761184692383
299618,normal,1257,0,1782362148.1632383,0.001997709274291992
299619,normal,3231,1,1782362148.1652718,0.0020334720611572266
299620,normal,643,0,1782362148.1672225,0.0019507408142089844
299621,normal,483,0,1782362148.1692772,0.0020546913146972656
299622,normal,1259,0,1782362148.1712706,0.001993417739868164
299623,normal,1382,0,1782362148.1732697,0.0019991397857666016
299624,normal,2288,0,1782362148.175272,0.002002239227294922
299625,normal,2866,0,1782362148.177245,0.0019729137420654297
299626,normal,2578,0,1782362148.1792238,0.0019788742065429688
299627,normal,2499,0,1782362148.1812742,0.0020503997802734375
299628,normal,3563,0,1782362148.1832716,0.0019974708557128906
299629,normal,3015,0,1782362148.185234,0.001962423324584961
299630,normal,2983,0,1782362148.187271,0.00203704833984375
299631,normal,1610,0,1782362148.1892755,0.002004384994506836
299632,normal,666,0,1782362148.1912355,0.0019600391387939453
299633,normal,3469,0,1782362148.1932788,0.0020432472229003906
299634,normal,2198,0,1782362148.1952689,0.001990079879760742
299635,normal,146,0,1782362148.1972423,0.001973390579223633
299636,normal,2595,0,1782362148.199305,0.0020627975463867188
299637,normal,1986,0,1782362148.2012775,0.0019724369049072266
299638,normal,696,0,1782362148.203239,0.0019614696502685547
299639,normal,708,0,1782362148.2052753,0.0020363330841064453
299640,normal,1315,0,1782362148.20727,0.001994609832763672
299641,normal,1666,0,1782362148.2092416,0.001971721649169922
299642,normal,2925,0,1782362148.2112753,0.002033710479736328
299643,normal,1723,0,1782362148.213272,0.001996755599975586
299644,normal,3488,0,1782362148.215243,0.001971006393432617
299645,normal,2713,0,1782362148.2172709,0.002027750015258789
299646,normal,2389,0,1782362148.219268,0.001997232437133789
299647,normal,1624,0,1782362148.2212436,0.001975536346435547
299648,normal,1751,0,1782362148.223311,0.0020673274993896484
299649,normal,1287,0,1782362148.2255764,0.002265453338623047
299650,normal,1583,0,1782362148.2274215,0.0018451213836669922
299651,normal,3505,0,1782362148.229399,0.0019774436950683594
299652,normal,1596,0,1782362148.2312899,0.0018908977508544922
299653,normal,2900,0,1782362148.233224,0.001934051513671875
299654,normal,1799,0,1782362148.2352724,0.002048492431640625
299655,normal,2365,0,1782362148.2372699,0.0019974708557128906
299656,normal,1041,0,1782362148.2392375,0.0019676685333251953
299657,normal,1162,0,1782362148.241268,0.0020303726196289062
299658,normal,3024,0,1782362148.2432718,0.002003908157348633
299659,normal,2658,0,1782362148.2452366,0.0019648075103759766
299660,normal,3224,1,1782362148.247238,0.0020012855529785156
299661,normal,625,0,1782362148.2493038,0.002065896987915039
299662,normal,695,0,1782362148.251224,0.0019202232360839844
299663,normal,3590,0,1782362148.2532814,0.002057313919067383
299664,normal,1176,0,1782362148.2552736,0.0019922256469726562
299665,normal,2756,0,1782362148.2572453,0.001971721649169922
299666,normal,2407,0,1782362148.2592716,0.0020263195037841797
299667,normal,882,2,1782362148.2612717,0.002000093460083008
299668,normal,679,0,1782362148.2632334,0.0019617080688476562
299669,normal,3467,0,1782362148.2652676,0.0020341873168945312
299670,normal,1350,1,1782362148.2672725,0.002004861831665039
299671,normal,2926,0,1782362148.2692375,0.001965045928955078
299672,normal,215,0,1782362148.2712436,0.002006053924560547
299673,normal,2124,0,1782362148.2732685,0.0020248889923095703
299674,normal,3385,1,1782362148.2752495,0.001981019973754883
299675,normal,2888,0,1782362148.277275,0.002025604248046875
299676,normal,2747,0,1782362148.279274,0.0019989013671875
299677,normal,1248,0,1782362148.281246,0.0019719600677490234
299678,normal,3547,0,1782362148.2832377,0.001991748809814453
299679,normal,2341,0,1782362148.2852705,0.002032756805419922
299680,normal,2572,0,1782362148.2872357,0.0019652843475341797
299681,normal,2470,0,1782362148.289272,0.0020363330841064453
299682,normal,3542,0,1782362148.2912753,0.002003192901611328
299683,normal,2760,0,1782362148.2932389,0.0019636154174804688
299684,normal,1488,0,1782362148.295332,0.002093076705932617
299685,normal,176,0,1782362148.2972872,0.001955270767211914
299686,normal,1651,0,1782362148.299247,0.0019598007202148438
299687,normal,2262,0,1782362148.301245,0.0019979476928710938
299688,normal,3338,1,1782362148.3032753,0.0020303726196289062
299689,normal,943,2,1782362148.3052368,0.0019614696502685547
299690,normal,2068,0,1782362148.307287,0.002050161361694336
299691,normal,1336,1,1782362148.3092391,0.0019521713256835938
299692,normal,2543,0,1782362148.3112392,0.002000093460083008
299693,normal,3544,0,1782362148.3132274,0.0019881725311279297
299694,normal,333,0,1782362148.3152294,0.0020020008087158203
299695,normal,2103,0,1782362148.3172276,0.0019981861114501953
299696,normal,685,0,1782362148.3192184,0.001990795135498047
299697,normal,3029,0,1782362148.3212936,0.0020751953125
299698,normal,636,0,1782362148.3240218,0.0027282238006591797
299699,normal,769,0,1782362148.3251944,0.0011725425720214844
299700,normal,3158,1,1782362148.3272305,0.0020360946655273438
299701,normal,2345,0,1782362148.3292494,0.0020189285278320312
299702,normal,3679,0,1782362148.3312266,0.001977205276489258
299703,normal,1014,2,1782362148.3332305,0.002003908157348633
299704,normal,3635,0,1782362148.3352265,0.0019960403442382812
299705,normal,3152,1,1782362148.3372931,0.0020666122436523438
299706,normal,2351,0,1782362148.3392754,0.0019822120666503906
299707,normal,3297,1,1782362148.3414698,0.0021944046020507812
299708,normal,2194,0,1782362148.343278,0.00180816650390625
299709,normal,2623,0,1782362148.345398,0.0021200180053710938
299710,normal,1895,0,1782362148.3472831,0.0018851757049560547
299711,normal,731,0,1782362148.3495464,0.002263307571411133
299712,normal,3374,1,1782362148.3512793,0.0017328262329101562
299713,normal,3072,1,1782362148.353269,0.0019898414611816406
299714,normal,1414,0,1782362148.3554254,0.0021562576293945312
299715,normal,2859,0,1782362148.357302,0.0018765926361083984
299716,normal,2406,0,1782362148.3593965,0.0020945072174072266
299717,normal,359,0,1782362148.36127,0.0018734931945800781
299718,normal,3129,1,1782362148.3634295,0.002159595489501953
299719,normal,2397,0,1782362148.3652554,0.0018258094787597656
299720,normal,581,0,1782362148.3674245,0.0021691322326660156
299721,normal,1664,0,1782362148.369307,0.0018825531005859375
299722,normal,2001,0,1782362148.3714323,0.002125263214111328
299723,normal,143,0,1782362148.3732636,0.0018312931060791016
299724,normal,1783,0,1782362148.3754816,0.002218008041381836
299725,normal,2053,0,1782362148.3773098,0.0018281936645507812
299726,normal,1575,0,1782362148.379282,0.001972198486328125
299727,normal,2461,0,1782362148.3814278,0.0021457672119140625
299728,normal,3067,1,1782362148.383283,0.0018551349639892578
299729,normal,3286,1,1782362148.38542,0.0021371841430664062
299730,normal,2721,0,1782362148.3872836,0.0018634796142578125
299731,normal,3555,0,1782362148.3894424,0.0021588802337646484
299732,normal,989,2,1782362148.3912733,0.0018308162689208984
299733,normal,2642,0,1782362148.3934207,0.0021474361419677734
299734,normal,752,0,1782362148.3952703,0.0018496513366699219
299735,normal,2652,0,1782362148.3974543,0.0021839141845703125
299736,normal,3146,1,1782362148.3992789,0.0018246173858642578
299737,normal,3025,0,1782362148.401442,0.0021631717681884766
299738,normal,2342,0,1782362148.4032674,0.0018253326416015625
299739,normal,2687,0,1782362148.4054408,0.0021734237670898438
299740,normal,2143,0,1782362148.4072676,0.0018267631530761719
299741,normal,2975,0,1782362148.4094396,0.0021719932556152344
299742,normal,2269,0,1782362148.4113297,0.0018901824951171875
299743,normal,3220,1,1782362148.4134145,0.0020847320556640625
299744,normal,1144,0,1782362148.4152653,0.0018508434295654297
299745,normal,3519,0,1782362148.4174364,0.002171039581298828
299746,normal,765,0,1782362148.4192686,0.0018322467803955078
299747,normal,353,0,1782362148.4214387,0.002170085906982422
299748,normal,2625,0,1782362148.4233305,0.0018918514251708984
299749,normal,1910,0,1782362148.4254377,0.0021071434020996094
299750,normal,831,2,1782362148.4272702,0.0018324851989746094
299751,normal,2898,0,1782362148.4294229,0.002152681350708008
299752,normal,830,2,1782362148.4312673,0.0018444061279296875
299753,normal,2084,0,1782362148.4334452,0.0021779537200927734
299754,normal,396,0,1782362148.4353418,0.0018966197967529297
299755,normal,173,0,1782362148.437446,0.0021042823791503906
299756,normal,3518,0,1782362148.4392686,0.0018224716186523438
299757,normal,73,0,1782362148.441456,0.002187490463256836
299758,normal,3454,0,1782362148.4432645,0.0018084049224853516
299759,normal,3654,0,1782362148.4454465,0.0021820068359375
299760,normal,256,0,1782362148.4473405,0.0018939971923828125
299761,normal,2762,0,1782362148.4494507,0.0021102428436279297
299762,normal,1772,0,1782362148.4512649,0.001814126968383789
299763,normal,1342,1,1782362148.453428,0.0021631717681884766
299764,normal,1697,0,1782362148.4552853,0.0018572807312011719
299765,normal,1117,0,1782362148.4572911,0.0020058155059814453
299766,normal,160,0,1782362148.4595015,0.002210378646850586
299767,normal,1841,0,1782362148.4613113,0.001809835433959961
299768,normal,536,0,1782362148.4634352,0.0021238327026367188
299769,normal,2381,0,1782362148.465287,0.001851797103881836
299770,normal,3493,0,1782362148.467431,0.0021440982818603516
299771,normal,805,2,1782362148.4692938,0.0018627643585205078
299772,normal,172,0,1782362148.4714255,0.0021317005157470703
299773,normal,573,0,1782362148.473333,0.0019073486328125
299774,normal,747,0,1782362148.4752612,0.0019283294677734375
299775,normal,165,0,1782362148.4774299,0.0021686553955078125
299776,normal,647,0,1782362148.4792614,0.0018315315246582031
299777,normal,352,0,1782362148.4814384,0.002177000045776367
299778,normal,2346,0,1782362148.483266,0.0018277168273925781
299779,normal,527,0,1782362148.4854581,0.0021920204162597656
299780,normal,2322,0,1782362148.4872632,0.0018050670623779297
299781,normal,3337,1,1782362148.4894354,0.002172231674194336
299782,normal,2540,0,1782362148.4912782,0.0018427371978759766
299783,normal,3527,0,1782362148.4932814,0.002003192901611328
299784,normal,3114,1,1782362148.4954512,0.0021698474884033203
299785,normal,356,0,1782362148.4973261,0.0018749237060546875
299786,normal,1547,0,1782362148.499268,0.0019419193267822266
299787,normal,3131,1,1782362148.501427,0.0021588802337646484
299788,normal,1563,0,1782362148.5032666,0.0018396377563476562
299789,normal,3010,0,1782362148.5054505,0.0021839141845703125
299790,normal,3036,0,1782362148.5072777,0.001827239990234375
299791,normal,2773,0,1782362148.5094457,0.002167940139770508
299792,normal,1210,0,1782362148.5112684,0.0018227100372314453
299793,normal,1075,0,1782362148.5134306,0.0021622180938720703
299794,normal,3636,0,1782362148.5152526,0.0018219947814941406
299795,normal,1960,0,1782362148.5174348,0.0021822452545166016
299796,normal,2585,0,1782362148.519282,0.0018472671508789062
299797,normal,514,0,1782362148.5215008,0.0022187232971191406
299798,normal,1217,0,1782362148.5232978,0.0017969608306884766
299799,normal,2422,0,1782362148.5254357,0.002137899398803711
299800,normal,2622,0,1782362148.527265,0.001829385757446289
299801,normal,870,2,1782362148.5294378,0.002172708511352539
299802,normal,423,0,1782362148.53128,0.0018422603607177734
299803,normal,3484,0,1782362148.5334382,0.0021581649780273438
299804,normal,361,0,1782362148.5353143,0.0018761157989501953
299805,normal,2722,0,1782362148.5375834,0.0022690296173095703
299806,normal,3016,0,1782362148.5393567,0.0017733573913574219
299807,normal,408,0,1782362148.5414822,0.0021255016326904297
299808,normal,1044,0,1782362148.543611,0.0021288394927978516
299809,normal,3292,1,1782362148.545405,0.0017938613891601562
299810,normal,3486,0,1782362148.5474515,0.0020465850830078125
299811,normal,535,0,1782362148.5496156,0.002164125442504883
299812,normal,238,0,1782362148.5513732,0.0017576217651367188
299813,normal,2215,0,1782362148.5535638,0.0021905899047851562
299814,normal,468,0,1782362148.5555956,0.0020318031311035156
299815,normal,1946,0,1782362148.557388,0.0017924308776855469
299816,normal,2601,0,1782362148.5594485,0.002060413360595703
299817,normal,3061,1,1782362148.5616078,0.0021593570709228516
299818,normal,3012,0,1782362148.563341,0.0017330646514892578
299819,normal,942,2,1782362148.565429,0.0020880699157714844
299820,normal,1076,0,1782362148.5675929,0.0021638870239257812
299821,normal,698,0,1782362148.569372,0.0017790794372558594
299822,normal,673,0,1782362148.5713477,0.0019757747650146484
299823,normal,2360,0,1782362148.5734787,0.0021309852600097656
299824,normal,1557,0,1782362148.5752728,0.0017940998077392578
299825,normal,3501,0,1782362148.5774539,0.0021810531616210938
299826,normal,392,0,1782362148.5792968,0.0018429756164550781
299827,normal,1820,0,1782362148.5814588,0.0021619796752929688
299828,normal,67,0,1782362148.5832908,0.0018320083618164062
299829,normal,1230,0,1782362148.585498,0.0022072792053222656
299830,normal,421,0,1782362148.587268,0.00177001953125
299831,normal,402,0,1782362148.5894608,0.0021927356719970703
299832,normal,524,0,1782362148.5913026,0.0018417835235595703
299833,normal,612,0,1782362148.5934412,0.0021386146545410156
299834,normal,2313,0,1782362148.5953305,0.0018892288208007812
299835,normal,2008,0,1782362148.5974584,0.0021278858184814453
299836,normal,627,0,1782362148.5993276,0.00186920166015625
299837,normal,1273,0,1782362148.6012902,0.0019626617431640625
299838,normal,2556,0,1782362148.6034348,0.0021445751190185547
299839,normal,1586,0,1782362148.6052816,0.0018467903137207031
299840,normal,3299,1,1782362148.607291,0.0020093917846679688
299841,normal,2310,0,1782362148.6094759,0.0021848678588867188
299842,normal,644,0,1782362148.611268,0.0017921924591064453
299843,normal,2810,0,1782362148.6134412,0.002173185348510742
299844,normal,1515,0,1782362148.6153166,0.0018754005432128906
299845,normal,240,0,1782362148.6174371,0.002120494842529297
299846,normal,814,2,1782362148.6193252,0.0018880367279052734
299847,normal,331,0,1782362148.62147,0.0021448135375976562
299848,normal,3566,0,1782362148.6232688,0.001798868179321289
299849,normal,2993,0,1782362148.6254756,0.0022068023681640625
299850,normal,3392,1,1782362148.6272984,0.0018227100372314453
299851,normal,2799,0,1782362148.6293173,0.0020189285278320312
299852,normal,308,0,1782362148.6313238,0.00200653076171875
299853,normal,1392,0,1782362148.6334772,0.0021533966064453125
299854,normal,1094,0,1782362148.635267,0.0017898082733154297
299855,normal,3145,1,1782362148.6374536,0.0021865367889404297
299856,normal,1627,0,1782362148.6392837,0.0018301010131835938
299857,normal,1388,0,1782362148.6414537,0.002170085906982422
299858,normal,3113,1,1782362148.6432798,0.0018260478973388672
299859,normal,1529,0,1782362148.6454763,0.0021965503692626953
299860,normal,1956,0,1782362148.6472666,0.0017902851104736328
299861,normal,3035,0,1782362148.6494794,0.0022127628326416016
299862,normal,2051,0,1782362148.65128,0.001800537109375
299863,normal,462,0,1782362148.6534271,0.002147197723388672
299864,normal,2141,0,1782362148.6553297,0.0019025802612304688
299865,normal,3647,0,1782362148.6574867,0.002156972885131836
299866,normal,1284,0,1782362148.6592698,0.001783132553100586
299867,normal,795,2,1782362148.661474,0.0022041797637939453
299868,normal,3458,0,1782362148.6632788,0.0018048286437988281
299869,normal,1360,1,1782362148.6654441,0.0021653175354003906
299870,normal,44,0,1782362148.6673303,0.001886129379272461
299871,normal,2791,0,1782362148.669492,0.002161741256713867
299872,normal,2659,0,1782362148.6712673,0.0017752647399902344
299873,normal,208,0,1782362148.6734545,0.0021872520446777344
299874,normal,2079,0,1782362148.675288,0.0018334388732910156
299875,normal,562,0,1782362148.677443,0.0021550655364990234
299876,normal,1701,0,1782362148.6792881,0.0018451213836669922
299877,normal,3434,0,1782362148.6814988,0.0022106170654296875
299878,normal,81,0,1782362148.6832864,0.0017876625061035156
299879,normal,1297,0,1782362148.68529,0.0020036697387695312
299880,normal,3684,0,1782362148.6874335,0.002143383026123047
299881,normal,1696,0,1782362148.6893306,0.0018970966339111328
299882,normal,2457,0,1782362148.6912873,0.0019567012786865234
299883,normal,1945,0,1782362148.6934988,0.0022115707397460938
299884,normal,2568,0,1782362148.6952965,0.0017976760864257812
299885,normal,195,0,1782362148.697289,0.001992464065551758
299886,normal,1300,0,1782362148.6995046,0.0022156238555908203
299887,normal,1403,0,1782362148.7012875,0.0017828941345214844
299888,normal,452,0,1782362148.7034526,0.002165079116821289
299889,normal,801,2,1782362148.705289,0.0018362998962402344
299890,normal,3347,1,1782362148.7074518,0.002162933349609375
299891,normal,1494,0,1782362148.7092898,0.0018379688262939453
299892,normal,2270,0,1782362148.7114763,0.0021865367889404297
299893,normal,2774,0,1782362148.7132695,0.0017931461334228516
299894,normal,2040,0,1782362148.7154493,0.002179861068725586
299895,normal,1381,1,1782362148.7172892,0.0018398761749267578
299896,normal,103,0,1782362148.7194486,0.0021593570709228516
299897,normal,1157,0,1782362148.721279,0.0018303394317626953
299898,normal,3686,0,1782362148.7235088,0.002229928970336914
299899,normal,1006,2,1782362148.7252748,0.0017659664154052734
299900,normal,2094,0,1782362148.7274919,0.0022170543670654297
299901,normal,2176,0,1782362148.7293599,0.0018680095672607422
299902,normal,2982,0,1782362148.7314644,0.002104520797729492
299903,normal,2646,0,1782362148.7332919,0.0018274784088134766
299904,normal,1394,0,1782362148.7354703,0.0021784305572509766
299905,normal,2464,0,1782362148.7372713,0.0018010139465332031
299906,normal,3477,0,1782362148.7394536,0.0021822452545166016
299907,normal,979,2,1782362148.741279,0.0018253326416015625
299908,normal,2536,0,1782362148.7434375,0.002158641815185547
299909,normal,3326,1,1782362148.7453325,0.0018949508666992188
299910,normal,1451,0,1782362148.7475302,0.002197742462158203
299911,normal,1729,0,1782362148.7492704,0.0017402172088623047
299912,normal,2639,0,1782362148.7514808,0.002210378646850586
299913,normal,862,2,1782362148.753375,0.001894235610961914
299914,normal,1191,0,1782362148.7554605,0.002085447311401367
299915,normal,1546,0,1782362148.7572916,0.0018310546875
299916,normal,190,0,1782362148.7594368,0.0021452903747558594
299917,normal,3037,0,1782362148.7612774,0.0018405914306640625
299918,normal,925,2,1782362148.7634494,0.0021719932556152344
299919,normal,2105,0,1782362148.7652998,0.0018503665924072266
299920,normal,2946,0,1782362148.767465,0.0021653175354003906
299921,normal,388,0,1782362148.7692919,0.0018267631530761719
299922,normal,2848,0,1782362148.7714732,0.0021812915802001953
299923,normal,1498,0,1782362148.773269,0.0017957687377929688
299924,normal,1990,0,1782362148.7754483,0.002179384231567383
299925,normal,1264,0,1782362148.7773943,0.0019459724426269531
299926,normal,2738,0,1782362148.7794645,0.002070188522338867
299927,normal,3192,1,1782362148.7812874,0.0018229484558105469
299928,normal,2382,0,1782362148.783453,0.002165555953979492
299929,normal,743,0,1782362148.7852633,0.001810312271118164
299930,normal,879,2,1782362148.7874508,0.002187490463256836
299931,normal,663,0,1782362148.7892854,0.0018346309661865234
299932,normal,0,0,1782362148.7914617,0.0021762847900390625
299933,normal,954,2,1782362148.7932963,0.0018346309661865234
299934,normal,207,0,1782362148.7954745,0.002178192138671875
299935,normal,2446,0,1782362148.7972715,0.0017969608306884766
299936,normal,3014,0,1782362148.7994494,0.0021779537200927734
299937,normal,2869,0,1782362148.8012915,0.0018420219421386719
299938,normal,824,2,1782362148.803458,0.0021665096282958984
299939,normal,101,0,1782362148.8052936,0.0018355846405029297
299940,normal,1500,0,1782362148.8074806,0.002187013626098633
299941,normal,533,0,1782362148.809272,0.0017914772033691406
299942,normal,1681,0,1782362148.8114493,0.0021772384643554688
299943,normal,2425,0,1782362148.8132946,0.0018453598022460938
299944,normal,133,0,1782362148.81549,0.0021953582763671875
299945,normal,1782,0,1782362148.817296,0.001806020736694336
299946,normal,3323,1,1782362148.8194704,0.00217437744140625
299947,normal,669,0,1782362148.8212743,0.0018038749694824219
299948,normal,2817,0,1782362148.8234587,0.0021843910217285156
299949,normal,1285,0,1782362148.8253071,0.001848459243774414
299950,normal,1662,0,1782362148.8274362,0.002129077911376953
299951,normal,1389,0,1782362148.8293233,0.0018870830535888672
299952,normal,2483,0,1782362148.8314338,0.0021104812622070312
299953,normal,3308,1,1782362148.833266,0.0018322467803955078
299954,normal,1067,0,1782362148.835291,0.0020248889923095703
299955,normal,3047,1,1782362148.8374567,0.0021657943725585938
299956,normal,1576,0,1782362148.839262,0.0018053054809570312
299957,normal,3709,0,1782362148.8414543,0.002192258834838867
299958,normal,2526,0,1782362148.8433073,0.0018529891967773438
299959,normal,2605,0,1782362148.8454597,0.0021524429321289062
299960,normal,2039,0,1782362148.8472893,0.0018296241760253906
299961,normal,1871,0,1782362148.8494706,0.0021812915802001953
299962,normal,1817,0,1782362148.8512688,0.0017981529235839844
299963,normal,92,0,1782362148.8534582,0.0021893978118896484
299964,normal,3031,0,1782362148.85532,0.0018618106842041016
299965,normal,48,0,1782362148.8574615,0.0021414756774902344
299966,normal,2302,0,1782362148.8593156,0.0018541812896728516
299967,normal,276,0,1782362148.861435,0.002119302749633789
299968,normal,1698,0,1782362148.8634274,0.001992464065551758
299969,normal,3051,1,1782362148.865279,0.0018515586853027344
299970,normal,3395,1,1782362148.867488,0.0022089481353759766
299971,normal,3122,1,1782362148.8692951,0.0018072128295898438
299972,normal,1511,0,1782362148.8712778,0.0019826889038085938
299973,normal,2705,0,1782362148.8734694,0.0021915435791015625
299974,normal,3695,0,1782362148.875297,0.0018277168273925781
299975,normal,348,0,1782362148.8774655,0.002168416976928711
299976,normal,2748,0,1782362148.8792865,0.0018210411071777344
299977,normal,761,0,1782362148.881288,0.002001523971557617
299978,normal,2136,0,1782362148.8833036,0.0020155906677246094
299979,normal,1981,0,1782362148.8854806,0.002177000045776367
299980,normal,2229,0,1782362148.8872766,0.0017960071563720703
299981,normal,1600,0,1782362148.8894413,0.002164602279663086
299982,normal,2649,0,1782362148.891276,0.0018346309661865234
299983,normal,1567,0,1782362148.8932729,0.0019969940185546875
299984,normal,1,0,1782362148.8954334,0.0021605491638183594
299985,normal,1061,0,1782362148.8973346,0.0019011497497558594
299986,normal,1480,0,1782362148.899402,0.0020673274993896484
299987,normal,1573,0,1782362148.9012935,0.0018916130065917969
299988,normal,836,2,1782362148.9034803,0.0021867752075195312
299989,normal,293,0,1782362148.9052987,0.0018184185028076172
299990,normal,2559,0,1782362148.9072824,0.001983642578125
299991,normal,1637,0,1782362148.9094317,0.002149343490600586
299992,normal,768,0,1782362148.9113243,0.0018925666809082031
299993,normal,2634,0,1782362148.9132707,0.0019464492797851562
299994,normal,1704,0,1782362148.915439,0.0021681785583496094
299995,normal,2929,0,1782362148.9172726,0.0018336772918701172
299996,normal,2968,0,1782362148.9194498,0.0021772384643554688
299997,normal,1851,0,1782362148.9212716,0.001821756362915039
299998,normal,1673,0,1782362148.9233303,0.002058744430541992
299999,normal,585,0,1782362148.9255462,0.002215862274169922
300000,normal,3062,1,1782362148.9274392,0.0018930435180664062
300001,normal,672,0,1782362148.929306,0.0018668174743652344
300002,normal,2388,0,1782362148.9314423,0.00213623046875
300003,normal,2590,0,1782362148.933308,0.0018656253814697266
300004,normal,3640,0,1782362148.9352565,0.0019485950469970703
300005,normal,1999,0,1782362148.9374065,0.0021500587463378906
300006,normal,2538,0,1782362148.9392362,0.0018296241760253906
300007,normal,517,0,1782362148.9412715,0.002035379409790039
300008,normal,1141,0,1782362148.9432871,0.0020155906677246094
300009,normal,3188,1,1782362148.9452806,0.001993417739868164
300010,normal,1066,0,1782362148.9472356,0.0019550323486328125
300011,normal,2742,0,1782362148.9492846,0.002048969268798828
300012,normal,1005,2,1782362148.9512699,0.001985311508178711
300013,normal,3069,1,1782362148.9532518,0.001981973648071289
300014,normal,404,0,1782362148.9552872,0.002035379409790039
300015,normal,936,2,1782362148.9573126,0.0020253658294677734
300016,normal,1997,0,1782362148.9592347,0.0019221305847167969
300017,normal,2184,0,1782362148.9612784,0.0020437240600585938
300018,normal,1618,0,1782362148.9633057,0.002027273178100586
300019,normal,834,2,1782362148.9652529,0.001947164535522461
300020,normal,641,0,1782362148.9672813,0.0020284652709960938
300021,normal,1377,1,1782362148.9693148,0.0020334720611572266
300022,normal,1207,0,1782362148.971251,0.001936197280883789
300023,normal,2663,0,1782362148.9732926,0.0020415782928466797
300024,normal,2240,0,1782362148.9753308,0.002038240432739258
300025,normal,2591,0,1782362148.9772189,0.0018880367279052734
300026,normal,1747,0,1782362148.9792964,0.0020775794982910156
300027,normal,1584,0,1782362148.981307,0.0020105838775634766
300028,normal,3468,0,1782362148.9834468,0.0021398067474365234
300029,normal,1131,0,1782362148.9852738,0.0018270015716552734
300030,normal,623,0,1782362148.9874341,0.002160310745239258
300031,normal,399,0,1782362148.9892788,0.001844644546508789
300032,normal,2776,0,1782362148.9914646,0.002185821533203125
300033,normal,365,0,1782362148.9932792,0.0018146038055419922
300034,normal,239,0,1782362148.9954424,0.0021631717681884766
300035,normal,742,0,1782362148.9972718,0.001829385757446289
300036,normal,1970,0,1782362148.9994578,0.0021860599517822266
300037,normal,1727,0,1782362149.0012698,0.001811981201171875
300038,normal,3577,0,1782362149.0034516,0.0021817684173583984
300039,normal,414,0,1782362149.0052679,0.0018162727355957031
300040,normal,2562,0,1782362149.0074623,0.0021944046020507812
300041,normal,619,0,1782362149.009295,0.001832723617553711
300042,normal,74,0,1782362149.0114374,0.0021424293518066406
300043,normal,1277,0,1782362149.0132813,0.0018439292907714844
300044,normal,985,2,1782362149.015292,0.0020105838775634766
300045,normal,3581,0,1782362149.0174408,0.002148866653442383
300046,normal,2256,0,1782362149.0192692,0.0018284320831298828
300047,normal,1753,0,1782362149.0212724,0.002003192901611328
300048,normal,3490,0,1782362149.0234292,0.0021567344665527344
300049,normal,754,0,1782362149.025308,0.0018787384033203125
300050,normal,3331,1,1782362149.027327,0.002019166946411133
300051,normal,2928,0,1782362149.0294752,0.002148151397705078
300052,normal,307,0,1782362149.0312583,0.001783132553100586
300053,normal,3562,0,1782362149.0334482,0.0021898746490478516
300054,normal,2009,0,1782362149.0352879,0.0018396377563476562
300055,normal,1570,0,1782362149.0374665,0.002178668975830078
300056,normal,2477,0,1782362149.0392675,0.0018010139465332031
300057,normal,3614,0,1782362149.0414276,0.0021600723266601562
300058,normal,2612,0,1782362149.0432725,0.0018448829650878906
300059,normal,442,0,1782362149.0452929,0.0020203590393066406
300060,normal,586,0,1782362149.047433,0.002140045166015625
300061,normal,2396,0,1782362149.0492694,0.001836538314819336
300062,normal,1266,0,1782362149.0513022,0.002032756805419922
300063,normal,1936,0,1782362149.0534713,0.0021691322326660156
300064,normal,1022,2,1782362149.0552843,0.0018129348754882812
300065,normal,2845,0,1782362149.0572941,0.002009868621826172
300066,normal,3540,0,1782362149.059431,0.0021369457244873047
300067,normal,2490,0,1782362149.061264,0.0018329620361328125
300068,normal,1606,0,1782362149.0632708,0.0020067691802978516
300069,normal,3689,0,1782362149.0654345,0.0021636486053466797
300070,normal,69,0,1782362149.0673065,0.0018720626831054688
300071,normal,2027,0,1782362149.0692935,0.001986980438232422
300072,normal,2449,0,1782362149.071435,0.0021414756774902344
300073,normal,1762,0,1782362149.0732641,0.0018291473388671875
300074,normal,3270,1,1782362149.0752685,0.002004384994506836
300075,normal,1702,0,1782362149.0774367,0.0021681785583496094
300076,normal,2789,0,1782362149.079276,0.0018393993377685547
300077,normal,1088,0,1782362149.0812943,0.0020182132720947266
300078,normal,802,2,1782362149.0834315,0.0021371841430664062
300079,normal,111,0,1782362149.0852787,0.0018472671508789062
300080,normal,2615,0,1782362149.087296,0.0020172595977783203
300081,normal,1502,0,1782362149.089407,0.0021109580993652344
300082,normal,2445,0,1782362149.0912387,0.0018317699432373047
300083,normal,318,0,1782362149.0932646,0.0020258426666259766
300084,normal,1963,0,1782362149.0953162,0.0020515918731689453
300085,normal,3001,0,1782362149.0974162,0.0020999908447265625
300086,normal,2991,0,1782362149.0992386,0.0018224716186523438
300087,normal,437,0,1782362149.1012754,0.0020368099212646484
300088,normal,2,0,1782362149.1032376,0.0019621849060058594
300089,normal,1024,2,1782362149.1052382,0.002000570297241211
300090,normal,1996,0,1782362149.1072829,0.002044677734375
300091,normal,3160,1,1782362149.1092374,0.0019545555114746094
300092,normal,542,0,1782362149.1112366,0.0019991397857666016
300093,normal,634,0,1782362149.1132803,0.0020437240600585938
300094,normal,211,0,1782362149.1152458,0.0019655227661132812
300095,normal,2808,0,1782362149.1172621,0.002016305923461914
300096,normal,2813,0,1782362149.1192765,0.0020143985748291016
300097,normal,1039,0,1782362149.1212459,0.0019693374633789062
300098,normal,1368,1,1782362149.1232696,0.0020236968994140625
300099,normal,1147,0,1782362149.1252778,0.002008199691772461
300100,normal,3290,1,1782362149.1272366,0.0019588470458984375
300101,normal,1907,0,1782362149.1292758,0.002039194107055664
300102,normal,665,0,1782362149.1312878,0.002012014389038086
300103,normal,2549,0,1782362149.1332355,0.001947641372680664
300104,normal,703,0,1782362149.1352696,0.0020341873168945312
300105,normal,3182,1,1782362149.137286,0.002016305923461914
300106,normal,2167,0,1782362149.139237,0.001950979232788086
300107,normal,1647,0,1782362149.1412685,0.002031564712524414
300108,normal,46,0,1782362149.1432748,0.0020062923431396484
300109,normal,819,2,1782362149.1452374,0.0019626617431640625
300110,normal,590,0,1782362149.1472676,0.0020301342010498047
300111,normal,1028,2,1782362149.1492743,0.0020067691802978516
300112,normal,3306,1,1782362149.1512392,0.0019648075103759766
300113,normal,2511,0,1782362149.1532705,0.0020313262939453125
300114,normal,2108,0,1782362149.1552765,0.002006053924560547
300115,normal,826,2,1782362149.1572378,0.001961231231689453
300116,normal,1566,0,1782362149.1592607,0.002022981643676758
300117,normal,509,0,1782362149.1613016,0.002040863037109375
300118,normal,961,2,1782362149.1632392,0.0019376277923583984
300119,normal,1821,0,1782362149.1652644,0.002025127410888672
300120,normal,1296,0,1782362149.16728,0.0020155906677246094
300121,normal,2893,0,1782362149.169237,0.001956939697265625
300122,normal,2081,0,1782362149.1712668,0.002029895782470703
300123,normal,2179,0,1782362149.1732745,0.002007722854614258
300124,normal,1222,0,1782362149.175353,0.002078533172607422
300125,normal,838,2,1782362149.1772385,0.0018854141235351562
300126,normal,1835,0,1782362149.1792881,0.002049684524536133
300127,normal,2185,0,1782362149.1812534,0.0019652843475341797
300128,normal,272,0,1782362149.183267,0.002013683319091797
300129,normal,1295,0,1782362149.1852741,0.002007007598876953
300130,normal,2631,0,1782362149.1872373,0.0019631385803222656
300131,normal,1174,0,1782362149.1892695,0.0020322799682617188
300132,normal,945,2,1782362149.1912735,0.002003908157348633
300133,normal,915,2,1782362149.193237,0.0019636154174804688
300134,normal,1223,0,1782362149.1952715,0.002034425735473633
300135,normal,1682,0,1782362149.197278,0.00200653076171875
300136,normal,2600,0,1782362149.1992362,0.001958131790161133
300137,normal,3572,0,1782362149.2012584,0.002022266387939453
300138,normal,1443,0,1782362149.2032723,0.0020139217376708984
300139,normal,2618,0,1782362149.2053065,0.0020341873168945312
300140,normal,3534,0,1782362149.2072318,0.0019252300262451172
300141,normal,273,0,1782362149.2092776,0.002045869827270508
300142,normal,3678,0,1782362149.2112374,0.0019598007202148438
300143,normal,3586,0,1782362149.2132764,0.0020389556884765625
300144,normal,1971,0,1782362149.2152731,0.001996755599975586
300145,normal,2488,0,1782362149.2172682,0.001995086669921875
300146,normal,2258,0,1782362149.2192678,0.0019996166229248047
300147,normal,70,0,1782362149.2212749,0.002007007598876953
300148,normal,779,2,1782362149.2232482,0.001973390579223633
300149,normal,1129,0,1782362149.2252426,0.0019943714141845703
300150,normal,815,2,1782362149.2272713,0.0020287036895751953
300151,normal,3128,1,1782362149.2292705,0.0019991397857666016
300152,normal,22,0,1782362149.2312653,0.0019948482513427734
300153,normal,1512,0,1782362149.233276,0.0020105838775634766
300154,normal,3078,1,1782362149.235241,0.001965045928955078
300155,normal,1924,0,1782362149.2372482,0.0020072460174560547
300156,normal,72,0,1782362149.2392766,0.0020284652709960938
300157,normal,3466,0,1782362149.2412438,0.001967191696166992
300158,normal,309,0,1782362149.243248,0.0020041465759277344
300159,normal,873,2,1782362149.24528,0.002032041549682617
300160,normal,2207,0,1782362149.2472405,0.0019605159759521484
300161,normal,3092,1,1782362149.249237,0.0019965171813964844
300162,normal,3471,0,1782362149.2513027,0.0020656585693359375
300163,normal,2000,0,1782362149.2532318,0.0019290447235107422
300164,normal,2144,0,1782362149.255241,0.002009153366088867
300165,normal,583,0,1782362149.2574122,0.0021712779998779297
300166,normal,1269,0,1782362149.2592614,0.0018491744995117188
300167,normal,2671,0,1782362149.2612393,0.0019779205322265625
300168,normal,205,0,1782362149.2632706,0.0020313262939453125
300169,normal,3588,0,1782362149.265242,0.0019714832305908203
300170,normal,1049,0,1782362149.2672403,0.0019981861114501953
300171,normal,2934,0,1782362149.2692773,0.00203704833984375
300172,normal,1678,0,1782362149.2712371,0.0019598007202148438
300173,normal,2402,0,1782362149.2732399,0.002002716064453125
300174,normal,710,0,1782362149.275271,0.002031087875366211
300175,normal,865,2,1782362149.277239,0.0019681453704833984
300176,normal,1281,0,1782362149.2792704,0.0020313262939453125
300177,normal,676,0,1782362149.281266,0.001995563507080078
300178,normal,132,0,1782362149.2832372,0.0019712448120117188
300179,normal,175,0,1782362149.285299,0.0020618438720703125
300180,normal,2458,0,1782362149.2872715,0.0019724369049072266
300181,normal,139,0,1782362149.2892365,0.001965045928955078
300182,normal,2209,0,1782362149.2912824,0.002045869827270508
300183,normal,1132,0,1782362149.2932715,0.001989126205444336
300184,normal,50,0,1782362149.2952435,0.0019719600677490234
300185,normal,1004,2,1782362149.2972372,0.0019936561584472656
300186,normal,3457,0,1782362149.2993057,0.0020685195922851562
300187,normal,153,0,1782362149.3012393,0.0019335746765136719
300188,normal,1057,0,1782362149.3032377,0.001998424530029297
300189,normal,755,0,1782362149.3052716,0.0020339488983154297
300190,normal,856,2,1782362149.3072383,0.001966714859008789
300191,normal,559,0,1782362149.30924,0.0020017623901367188
300192,normal,3405,0,1782362149.3112743,0.0020341873168945312
300193,normal,2424,0,1782362149.3132308,0.001956462860107422
300194,normal,3541,0,1782362149.3152363,0.0020055770874023438
300195,normal,1581,0,1782362149.317277,0.0020406246185302734
300196,normal,3173,1,1782362149.3192394,0.001962423324584961
300197,normal,1445,0,1782362149.3212392,0.0019998550415039062
300198,normal,1307,0,1782362149.323315,0.002075672149658203
300199,normal,2838,0,1782362149.3252542,0.0019392967224121094
300200,normal,3597,0,1782362149.3272364,0.0019822120666503906
300201,normal,3118,1,1782362149.3293252,0.002088785171508789
300202,normal,1866,0,1782362149.3312368,0.0019116401672363281
300203,normal,714,0,1782362149.3332376,0.0020008087158203125
300204,normal,1805,0,1782362149.3353152,0.0020775794982910156
300205,normal,3412,0,1782362149.3372364,0.0019211769104003906
300206,normal,2187,0,1782362149.3392377,0.0020012855529785156
300207,normal,1107,0,1782362149.3413153,0.0020775794982910156
300208,normal,411,0,1782362149.3432376,0.0019223690032958984
300209,normal,2093,0,1782362149.3452318,0.0019941329956054688
300210,normal,2493,0,1782362149.3473055,0.0020737648010253906
300211,normal,1522,0,1782362149.349274,0.0019683837890625
300212,normal,1855,0,1782362149.351212,0.0019381046295166016
300213,normal,26,0,1782362149.3532379,0.0020258426666259766
300214,normal,343,0,1782362149.355222,0.001984119415283203
300215,normal,2373,0,1782362149.3572354,0.0020134449005126953
300216,normal,3234,1,1782362149.3593326,0.0020971298217773438
300217,normal,1423,0,1782362149.3611817,0.0018491744995117188
300218,normal,229,0,1782362149.363335,0.002153158187866211
300219,normal,451,0,1782362149.3654485,0.0021135807037353516
300220,normal,3242,1,1782362149.3672004,0.0017518997192382812
300221,normal,3346,1,1782362149.3694272,0.0022268295288085938
300222,normal,1818,0,1782362149.3713303,0.0019030570983886719
300223,normal,113,0,1782362149.3734634,0.0021331310272216797
300224,normal,516,0,1782362149.3752708,0.0018074512481689453
300225,normal,2924,0,1782362149.3774335,0.0021626949310302734
300226,normal,2809,0,1782362149.3792677,0.0018341541290283203
300227,normal,608,0,1782362149.381293,0.0020253658294677734
300228,normal,1626,0,1782362149.383433,0.002140045166015625
300229,normal,1847,0,1782362149.3852882,0.0018551349639892578
300230,normal,598,0,1782362149.3873017,0.0020134449005126953
300231,normal,1165,0,1782362149.3894293,0.0021276473999023438
300232,normal,2038,0,1782362149.391318,0.0018887519836425781
300233,normal,192,0,1782362149.3932714,0.0019533634185791016
300234,normal,3552,0,1782362149.3954535,0.0021820068359375
300235,normal,2254,0,1782362149.3973122,0.0018587112426757812
300236,normal,3006,0,1782362149.3992712,0.001959085464477539
300237,normal,1424,0,1782362149.4014375,0.002166271209716797
300238,normal,2060,0,1782362149.403348,0.0019104480743408203
300239,normal,595,0,1782362149.4052932,0.0019452571868896484
300240,normal,312,0,1782362149.4074333,0.002140045166015625
300241,normal,3703,0,1782362149.4093082,0.0018749237060546875
300242,normal,1899,0,1782362149.4112706,0.001962423324584961
300243,normal,600,0,1782362149.41343,0.0021593570709228516
300244,normal,406,0,1782362149.415265,0.0018351078033447266
300245,normal,1717,0,1782362149.4174848,0.002219676971435547
300246,normal,1326,1,1782362149.4193497,0.0018649101257324219
300247,normal,1357,1,1782362149.421465,0.0021152496337890625
300248,normal,137,0,1782362149.423292,0.0018270015716552734
300249,normal,2070,0,1782362149.4254313,0.0021393299102783203
300250,normal,1173,0,1782362149.4272664,0.0018351078033447266
300251,normal,1221,0,1782362149.429454,0.0021877288818359375
300252,normal,1153,0,1782362149.4313083,0.0018541812896728516
300253,normal,858,2,1782362149.4334333,0.0021250247955322266
300254,normal,298,0,1782362149.4352963,0.0018630027770996094
300255,normal,574,0,1782362149.4374514,0.0021550655364990234
300256,normal,1686,0,1782362149.439279,0.0018277168273925781
300257,normal,534,0,1782362149.4414415,0.002162456512451172
300258,normal,1676,0,1782362149.4433649,0.0019233226776123047
300259,normal,3112,1,1782362149.4454646,0.002099752426147461
300260,normal,2127,0,1782362149.4472778,0.0018131732940673828
300261,normal,728,0,1782362149.4494326,0.002154827117919922
300262,normal,1128,0,1782362149.4512854,0.0018527507781982422
300263,normal,740,0,1782362149.4532747,0.0019893646240234375
300264,normal,3174,1,1782362149.4554412,0.0021665096282958984
300265,normal,3215,1,1782362149.4573076,0.0018663406372070312
300266,normal,1071,0,1782362149.4592707,0.0019631385803222656
300267,normal,2531,0,1782362149.461434,0.0021631717681884766
300268,normal,2177,0,1782362149.463266,0.0018320083618164062
300269,normal,1310,0,1782362149.4652705,0.0020046234130859375
300270,normal,189,0,1782362149.4674308,0.002160310745239258
300271,normal,555,0,1782362149.4692924,0.001861572265625
300272,normal,2434,0,1782362149.4712975,0.0020051002502441406
300273,normal,320,0,1782362149.473588,0.002290487289428711
300274,normal,3608,0,1782362149.4753008,0.001712799072265625
300275,normal,1582,0,1782362149.4774358,0.002135038375854492
300276,normal,2174,0,1782362149.4793742,0.0019383430480957031
300277,normal,2044,0,1782362149.481463,0.002088785171508789
300278,normal,978,2,1782362149.4832914,0.0018284320831298828
300279,normal,3020,0,1782362149.4854572,0.0021657943725585938
300280,normal,2839,0,1782362149.487288,0.0018308162689208984
300281,normal,416,0,1782362149.4894612,0.002173185348510742
300282,normal,3600,0,1782362149.4913824,0.0019211769104003906
300283,normal,2069,0,1782362149.4934318,0.0020494461059570312
300284,normal,302,0,1782362149.495287,0.0018551349639892578
300285,normal,2453,0,1782362149.4975462,0.0022592544555664062
300286,normal,1900,0,1782362149.4992929,0.0017466545104980469
300287,normal,1592,0,1782362149.5014358,0.0021429061889648438
300288,normal,530,0,1782362149.5034013,0.0019655227661132812
300289,normal,1384,0,1782362149.505434,0.002032756805419922
300290,normal,1340,1,1782362149.5072887,0.0018546581268310547
300291,normal,1274,0,1782362149.509452,0.002163410186767578
300292,normal,478,0,1782362149.5112922,0.0018401145935058594
300293,normal,1801,0,1782362149.5134315,0.0021393299102783203
300294,normal,1909,0,1782362149.51539,0.0019583702087402344
300295,normal,1213,0,1782362149.5174441,0.0020542144775390625
300296,normal,2200,0,1782362149.5192852,0.0018410682678222656
300297,normal,1875,0,1782362149.5215042,0.002218961715698242
300298,normal,2640,0,1782362149.5232868,0.0017826557159423828
300299,normal,3399,1,1782362149.525797,0.00251007080078125
300300,normal,835,2,1782362149.5273342,0.001537322998046875
300301,normal,1442,0,1782362149.529327,0.0019927024841308594
300302,normal,589,0,1782362149.5312846,0.0019576549530029297
300303,normal,2967,0,1782362149.5332937,0.002009153366088867
300304,normal,1337,1,1782362149.5352497,0.0019559860229492188
300305,normal,3336,1,1782362149.5372849,0.0020351409912109375
300306,normal,150,0,1782362149.5392823,0.0019974708557128906
300307,normal,1640,0,1782362149.541248,0.001965761184692383
300308,normal,380,0,1782362149.5432851,0.00203704833984375
300309,normal,1884,0,1782362149.545281,0.0019958019256591797
300310,normal,260,0,1782362149.5472462,0.0019652843475341797
300311,normal,492,0,1782362149.5492787,0.0020325183868408203
300312,normal,957,2,1782362149.551278,0.001999378204345703
300313,normal,1923,0,1782362149.5532436,0.0019655227661132812
300314,normal,941,2,1782362149.5552812,0.002037525177001953
300315,normal,303,0,1782362149.557285,0.002003908157348633
300316,normal,1785,0,1782362149.5592449,0.0019598007202148438
300317,normal,2010,0,1782362149.5612838,0.0020389556884765625
300318,normal,3177,1,1782362149.563406,0.002122163772583008
300319,normal,2661,0,1782362149.565248,0.0018420219421386719
300320,normal,3475,0,1782362149.567274,0.002026081085205078
300321,normal,2289,0,1782362149.5692806,0.00200653076171875
300322,normal,3274,1,1782362149.5712423,0.0019617080688476562
300323,normal,3249,1,1782362149.5732799,0.002037525177001953
300324,normal,242,0,1782362149.5752802,0.0020003318786621094
300325,normal,2510,0,1782362149.5772438,0.0019636154174804688
300326,normal,2295,0,1782362149.57928,0.0020360946655273438
300327,normal,80,0,1782362149.5812926,0.0020127296447753906
300328,normal,3611,0,1782362149.583246,0.0019533634185791016
300329,normal,83,0,1782362149.5852818,0.002035856246948242
300330,normal,3700,0,1782362149.5872798,0.0019979476928710938
300331,normal,3304,1,1782362149.5892456,0.001965761184692383
300332,normal,3068,1,1782362149.591284,0.0020384788513183594
300333,normal,127,0,1782362149.593279,0.0019948482513427734
300334,normal,3418,0,1782362149.5952446,0.001965761184692383
300335,normal,2911,0,1782362149.597287,0.0020422935485839844
300336,normal,245,0,1782362149.5992787,0.001991748809814453
300337,normal,3538,0,1782362149.6012437,0.001965045928955078
300338,normal,179,0,1782362149.6032798,0.0020360946655273438
300339,normal,1444,0,1782362149.60528,0.002000093460083008
300340,normal,2966,0,1782362149.6072447,0.0019648075103759766
300341,normal,724,0,1782362149.6093218,0.0020771026611328125
300342,normal,2971,0,1782362149.611279,0.0019571781158447266
300343,normal,162,0,1782362149.6132436,0.001964569091796875
300344,normal,3568,0,1782362149.615279,0.002035379409790039
300345,normal,112,0,1782362149.617284,0.0020051002502441406
300346,normal,2099,0,1782362149.619243,0.0019588470458984375
300347,normal,1201,0,1782362149.6212788,0.002035856246948242
300348,normal,2741,0,1782362149.623287,0.002008199691772461
300349,normal,2471,0,1782362149.6252484,0.0019614696502685547
300350,normal,2500,0,1782362149.6272788,0.0020303726196289062
300351,normal,816,2,1782362149.6292813,0.0020024776458740234
300352,normal,2160,0,1782362149.6312447,0.001963376998901367
300353,normal,1856,0,1782362149.6332471,0.0020024776458740234
300354,normal,3452,0,1782362149.6352842,0.00203704833984375
300355,normal,3682,0,1782362149.6372428,0.001958608627319336
300356,normal,410,0,1782362149.6392808,0.0020380020141601562
300357,normal,975,2,1782362149.6412868,0.002006053924560547
300358,normal,2104,0,1782362149.643244,0.0019571781158447266
300359,normal,345,0,1782362149.6452808,0.0020368099212646484
300360,normal,903,2,1782362149.6472843,0.0020034313201904297
300361,normal,2907,0,1782362149.6492443,0.0019600391387939453
300362,normal,841,2,1782362149.6512797,0.002035379409790039
300363,normal,1619,0,1782362149.65328,0.0020003318786621094
300364,normal,1703,0,1782362149.6552472,0.001967191696166992
300365,normal,1473,0,1782362149.6572824,0.0020351409912109375
300366,normal,3480,0,1782362149.6592796,0.001997232437133789
300367,normal,1656,0,1782362149.6612477,0.0019681453704833984
300368,normal,3105,1,1782362149.66328,0.0020322799682617188
300369,normal,3650,0,1782362149.6652787,0.0019986629486083984
300370,normal,2769,0,1782362149.6672437,0.001965045928955078
300371,normal,1347,1,1782362149.6692781,0.002034425735473633
300372,normal,2957,0,1782362149.6712782,0.002000093460083008
300373,normal,3222,1,1782362149.6732445,0.001966238021850586
300374,normal,3007,0,1782362149.6752858,0.002041339874267578
300375,normal,704,0,1782362149.6772935,0.002007722854614258
300376,normal,2602,0,1782362149.6792526,0.001959085464477539
300377,normal,2693,0,1782362149.681288,0.002035379409790039
300378,normal,1449,0,1782362149.683289,0.002001047134399414
300379,normal,1595,0,1782362149.6852484,0.0019593238830566406
300380,normal,2835,0,1782362149.6872761,0.002027750015258789
300381,normal,1665,0,1782362149.689295,0.0020189285278320312
300382,normal,3587,0,1782362149.6912248,0.0019297599792480469
300383,normal,869,2,1782362149.6932921,0.0020673274993896484
300384,normal,3172,1,1782362149.6952927,0.002000570297241211
300385,normal,1982,0,1782362149.697269,0.0019762516021728516
300386,normal,3027,0,1782362149.6992998,0.0020308494567871094
300387,normal,1674,0,1782362149.701295,0.001995086669921875
300388,normal,686,0,1782362149.7032485,0.001953601837158203
300389,normal,3176,1,1782362149.7052796,0.002031087875366211
300390,normal,2506,0,1782362149.7074292,0.0021495819091796875
300391,normal,1499,0,1782362149.7093048,0.0018756389617919922
300392,normal,3094,1,1782362149.7112823,0.0019774436950683594
300393,normal,887,2,1782362149.713286,0.0020036697387695312
300394,normal,3226,1,1782362149.715246,0.0019600391387939453
300395,normal,2166,0,1782362149.7172859,0.0020399093627929688
300396,normal,3667,0,1782362149.719279,0.0019931793212890625
300397,normal,3674,0,1782362149.7212439,0.0019648075103759766
300398,normal,3321,1,1782362149.7232807,0.0020368099212646484
300399,normal,2376,0,1782362149.7252812,0.002000570297241211
300400,normal,2736,0,1782362149.7272427,0.0019614696502685547
300401,normal,3479,0,1782362149.729284,0.002041339874267578
300402,normal,3659,0,1782362149.7312815,0.0019974708557128906
300403,normal,1713,0,1782362149.733248,0.0019664764404296875
300404,normal,1351,1,1782362149.735275,0.0020270347595214844
300405,normal,880,2,1782362149.7372866,0.002011537551879883
300406,normal,2233,0,1782362149.73924,0.0019533634185791016
300407,normal,488,0,1782362149.7412808,0.002040863037109375
300408,normal,2113,0,1782362149.74328,0.0019991397857666016
300409,normal,2007,0,1782362149.7452464,0.0019664764404296875
300410,normal,3665,0,1782362149.7472732,0.002026796340942383
300411,normal,3707,0,1782362149.749286,0.0020127296447753906
300412,normal,82,0,1782362149.7512453,0.0019593238830566406
300413,normal,3464,0,1782362149.753283,0.0020377635955810547
300414,normal,1286,0,1782362149.7552822,0.0019991397857666016
300415,normal,233,0,1782362149.7572408,0.001958608627319336
300416,normal,1609,0,1782362149.759278,0.0020372867584228516
300417,normal,2606,0,1782362149.7612805,0.0020024776458740234
300418,normal,463,0,1782362149.763241,0.0019605159759521484
300419,normal,1233,0,1782362149.765276,0.002034902572631836
300420,normal,2699,0,1782362149.7672799,0.002003908157348633
300421,normal,2894,0,1782362149.7692392,0.0019593238830566406
300422,normal,1615,0,1782362149.7712755,0.0020363330841064453
300423,normal,2851,0,1782362149.7732794,0.002003908157348633
300424,normal,1050,0,1782362149.7752423,0.001962900161743164
300425,normal,2650,0,1782362149.7772799,0.002037525177001953
300426,normal,1030,0,1782362149.779278,0.0019981861114501953
300427,normal,1491,0,1782362149.7812393,0.001961231231689453
300428,normal,515,0,1782362149.7832768,0.002037525177001953
300429,normal,1247,0,1782362149.7852798,0.0020029544830322266
300430,normal,2768,0,1782362149.7872388,0.001959085464477539
300431,normal,817,2,1782362149.7892795,0.0020406246185302734
300432,normal,3601,0,1782362149.7912831,0.0020036697387695312
300433,normal,204,0,1782362149.7932417,0.001958608627319336
300434,normal,2385,0,1782362149.795277,0.002035379409790039
300435,normal,53,0,1782362149.7972791,0.0020020008087158203
300436,normal,3033,0,1782362149.7992427,0.0019636154174804688
300437,normal,996,2,1782362149.8012757,0.0020329952239990234
300438,normal,1051,0,1782362149.803277,0.0020012855529785156
300439,normal,2969,0,1782362149.8052409,0.0019638538360595703
300440,normal,1239,0,1782362149.8072762,0.002035379409790039
300441,normal,1848,0,1782362149.809278,0.0020017623901367188
300442,normal,1542,0,1782362149.8112392,0.001961231231689453
300443,normal,3264,1,1782362149.8132794,0.0020401477813720703
300444,normal,1524,0,1782362149.8152788,0.001999378204345703
300445,normal,2916,0,1782362149.8172495,0.0019707679748535156
300446,normal,2491,0,1782362149.8192804,0.0020308494567871094
300447,normal,2807,0,1782362149.8212826,0.002002239227294922
300448,normal,1869,0,1782362149.8232436,0.0019609928131103516
300449,normal,45,0,1782362149.8252766,0.0020329952239990234
300450,normal,1917,0,1782362149.8272817,0.0020051002502441406
300451,normal,2169,0,1782362149.8292408,0.001959085464477539
300452,normal,3619,0,1782362149.8313012,0.002060413360595703
300453,normal,2592,0,1782362149.8332775,0.0019762516021728516
300454,normal,1113,0,1782362149.8352406,0.0019631385803222656
300455,normal,839,2,1782362149.837276,0.002035379409790039
300456,normal,3360,1,1782362149.839276,0.002000093460083008
300457,normal,3641,0,1782362149.841242,0.0019659996032714844
300458,normal,3413,0,1782362149.8432817,0.002039670944213867
300459,normal,3223,1,1782362149.8452752,0.001993417739868164
300460,normal,2450,0,1782362149.8472385,0.001963376998901367
300461,normal,1370,1,1782362149.8492818,0.0020432472229003906
300462,normal,3169,1,1782362149.8513262,0.0020444393157958984
300463,normal,847,2,1782362149.8532274,0.0019011497497558594
300464,normal,1505,0,1782362149.8552825,0.0020551681518554688
300465,normal,3442,0,1782362149.8572283,0.0019457340240478516
300466,normal,949,2,1782362149.8593044,0.0020761489868164062
300467,normal,1319,1,1782362149.8612611,0.0019567012786865234
300468,normal,15,0,1782362149.8632846,0.002023458480834961
300469,normal,2164,0,1782362149.8652358,0.0019512176513671875
300470,normal,104,0,1782362149.867306,0.002070188522338867
300471,normal,1334,1,1782362149.8692718,0.001965761184692383
300472,normal,3370,1,1782362149.8712425,0.0019707679748535156
300473,normal,3391,1,1782362149.8732905,0.002048015594482422
300474,normal,3359,1,1782362149.8752306,0.001940011978149414
300475,normal,154,0,1782362149.877257,0.0020265579223632812
300476,normal,375,0,1782362149.879279,0.00202178955078125
300477,normal,3694,0,1782362149.8812418,0.001962900161743164
300478,normal,386,0,1782362149.883236,0.0019941329956054688
300479,normal,2564,0,1782362149.8852472,0.0020112991333007812
300480,normal,2723,0,1782362149.8872178,0.001970529556274414
300481,normal,430,0,1782362149.8892467,0.002028942108154297
300482,normal,1736,0,1782362149.8912995,0.002052783966064453
300483,normal,1591,0,1782362149.893284,0.0019845962524414062
300484,normal,1716,0,1782362149.895245,0.0019609928131103516
300485,normal,3235,1,1782362149.897307,0.0020618438720703125
300486,normal,883,2,1782362149.8994465,0.002139568328857422
300487,normal,594,0,1782362149.9013047,0.0018582344055175781
300488,normal,2218,0,1782362149.9034424,0.0021376609802246094
300489,normal,1613,0,1782362149.9053552,0.001912832260131836
300490,normal,1114,0,1782362149.9074514,0.0020961761474609375
300491,normal,1356,1,1782362149.9093075,0.001856088638305664
300492,normal,2877,0,1782362149.9114404,0.002132892608642578
300493,normal,1379,1,1782362149.913305,0.0018646717071533203
300494,normal,1478,0,1782362149.9154615,0.002156496047973633
300495,normal,2959,0,1782362149.9173596,0.001898050308227539
300496,normal,2580,0,1782362149.9194565,0.002096891403198242
300497,normal,2557,0,1782362149.9212976,0.0018410682678222656
300498,normal,2611,0,1782362149.9234314,0.0021338462829589844
300499,normal,2418,0,1782362149.9252949,0.0018634796142578125
300500,normal,2780,0,1782362149.927448,0.002153158187866211
300501,normal,1471,0,1782362149.9292734,0.0018253326416015625
300502,normal,3620,0,1782362149.9314559,0.002182483673095703
300503,normal,376,0,1782362149.9333305,0.001874685287475586
300504,normal,2469,0,1782362149.9354408,0.0021102428436279297
300505,normal,3705,0,1782362149.9373028,0.0018620491027832031
300506,normal,681,0,1782362149.9394426,0.0021398067474365234
300507,normal,1278,0,1782362149.9412875,0.0018448829650878906
300508,normal,2915,0,1782362149.9434369,0.002149343490600586
300509,normal,1085,0,1782362149.9452982,0.0018613338470458984
300510,normal,1486,0,1782362149.9474564,0.0021581649780273438
300511,normal,1216,0,1782362149.949302,0.0018455982208251953
300512,normal,2849,0,1782362149.9514415,0.002139568328857422
300513,normal,1395,0,1782362149.953284,0.001842498779296875
300514,normal,549,0,1782362149.9554572,0.002173185348510742
300515,normal,296,0,1782362149.9572914,0.0018341541290283203
300516,normal,1119,0,1782362149.9594393,0.0021479129791259766
300517,normal,1477,0,1782362149.961314,0.001874685287475586
300518,normal,2696,0,1782362149.963442,0.002128124237060547
300519,normal,552,0,1782362149.9652898,0.0018477439880371094
300520,normal,1553,0,1782362149.9674513,0.0021615028381347656
300521,normal,222,0,1782362149.9692895,0.0018382072448730469
300522,normal,1824,0,1782362149.9714408,0.0021512508392333984
300523,normal,149,0,1782362149.9734359,0.001995086669921875
300524,normal,2109,0,1782362149.975295,0.0018591880798339844
300525,normal,2409,0,1782362149.9774535,0.0021584033966064453
300526,normal,3348,1,1782362149.9792926,0.0018391609191894531
300527,normal,2880,0,1782362149.9814491,0.002156496047973633
300528,normal,3041,0,1782362149.983288,0.0018389225006103516
300529,normal,360,0,1782362149.9852905,0.0020024776458740234
300530,normal,2188,0,1782362149.9874494,0.0021588802337646484
300531,normal,1889,0,1782362149.9892921,0.0018427371978759766
300532,normal,2733,0,1782362149.9914503,0.0021581649780273438
300533,normal,335,0,1782362149.993324,0.0018737316131591797
300534,normal,505,0,1782362149.9954388,0.0021147727966308594
300535,normal,2213,0,1782362149.9973001,0.0018613338470458984
300536,normal,799,2,1782362149.9994538,0.002153635025024414
300537,normal,2390,0,1782362150.0012963,0.001842498779296875
300538,normal,2339,0,1782362150.0034606,0.0021643638610839844
300539,normal,2637,0,1782362150.0052896,0.001828908920288086
300540,normal,3500,0,1782362150.0074441,0.0021545886993408203
300541,normal,429,0,1782362150.0093017,0.0018575191497802734
300542,normal,1578,0,1782362150.0115209,0.0022192001342773438
300543,normal,2551,0,1782362150.0132885,0.0017676353454589844
300544,normal,3481,0,1782362150.0154436,0.0021550655364990234
300545,normal,541,0,1782362150.0173063,0.0018627643585205078
300546,normal,1198,0,1782362150.0194435,0.0021371841430664062
300547,normal,599,0,1782362150.0212996,0.001856088638305664
300548,normal,716,0,1782362150.023443,0.002143383026123047
300549,normal,77,0,1782362150.0253055,0.0018625259399414062
300550,normal,767,0,1782362150.0274625,0.002156972885131836
300551,normal,3575,0,1782362150.0292745,0.001811981201171875
300552,normal,1127,0,1782362150.0314322,0.0021576881408691406
300553,normal,193,0,1782362150.0332923,0.0018601417541503906
300554,normal,3289,1,1782362150.0352943,0.0020020008087158203
300555,normal,1081,0,1782362150.0374374,0.0021431446075439453
300556,normal,2314,0,1782362150.0393014,0.0018639564514160156
300557,normal,1954,0,1782362150.0414443,0.0021429061889648438
300558,normal,1906,0,1782362150.043311,0.0018668174743652344
300559,normal,2321,0,1782362150.0454543,0.0021431446075439453
300560,normal,2133,0,1782362150.0472796,0.0018253326416015625
300561,normal,729,0,1782362150.049443,0.002163410186767578
300562,normal,1046,0,1782362150.0512934,0.0018503665924072266
300563,normal,2246,0,1782362150.0534427,0.002149343490600586
300564,normal,2454,0,1782362150.055279,0.0018362998962402344
300565,normal,1383,0,1782362150.0572748,0.0019958019256591797
300566,normal,2265,0,1782362150.059454,0.0021791458129882812
300567,normal,3363,1,1782362150.0613208,0.0018668174743652344
300568,normal,2943,0,1782362150.0632708,0.0019500255584716797
300569,normal,2237,0,1782362150.065455,0.002184152603149414
300570,normal,1966,0,1782362150.0673237,0.0018687248229980469
300571,normal,2122,0,1782362150.069278,0.001954317092895508
300572,normal,692,0,1782362150.0714486,0.002170562744140625
300573,normal,418,0,1782362150.0733242,0.0018756389617919922
300574,normal,3455,0,1782362150.0752845,0.001960277557373047
300575,normal,1139,0,1782362150.0774426,0.0021581649780273438
300576,normal,2583,0,1782362150.0793278,0.0018851757049560547
300577,normal,2923,0,1782362150.0812776,0.0019497871398925781
300578,normal,2824,0,1782362150.0834408,0.0021631717681884766
300579,normal,2589,0,1782362150.0853379,0.0018970966339111328
300580,normal,187,0,1782362150.0872757,0.0019378662109375
300581,normal,87,0,1782362150.0894425,0.002166748046875
300582,normal,477,0,1782362150.0913384,0.001895904541015625
300583,normal,2130,0,1782362150.0932763,0.0019378662109375
300584,normal,1827,0,1782362150.0954406,0.0021643638610839844
300585,normal,12,0,1782362150.0973353,0.0018947124481201172
300586,normal,3050,1,1782362150.0992827,0.0019474029541015625
300587,normal,3513,0,1782362150.1014435,0.002160787582397461
300588,normal,1190,0,1782362150.1033387,0.0018951892852783203
300589,normal,1828,0,1782362150.1052783,0.001939535140991211
300590,normal,3639,0,1782362150.1074398,0.0021615028381347656
300591,normal,2820,0,1782362150.1093502,0.0019104480743408203
300592,normal,1168,0,1782362150.111278,0.0019278526306152344
300593,normal,1892,0,1782362150.1134398,0.002161741256713867
300594,normal,844,2,1782362150.1153421,0.0019023418426513672
300595,normal,2484,0,1782362150.1172762,0.001934051513671875
300596,normal,1331,1,1782362150.1194427,0.0021665096282958984
300597,normal,2678,0,1782362150.121346,0.0019032955169677734
300598,normal,2138,0,1782362150.123275,0.0019290447235107422
300599,normal,3508,0,1782362150.1254425,0.0021674633026123047
300600,normal,473,0,1782362150.1281528,0.0027103424072265625
300601,normal,2586,0,1782362150.1293287,0.0011758804321289062
300602,normal,3676,0,1782362150.1314375,0.0021088123321533203
300603,normal,2624,0,1782362150.1332946,0.0018570423126220703
300604,normal,1177,0,1782362150.1352756,0.001981019973754883
300605,normal,2497,0,1782362150.1374526,0.002177000045776367
300606,normal,2026,0,1782362150.1392775,0.0018248558044433594
300607,normal,2598,0,1782362150.141282,0.0020046234130859375
300608,normal,1197,0,1782362150.1434586,0.002176523208618164
300609,normal,1554,0,1782362150.1452837,0.001825094223022461
300610,normal,96,0,1782362150.147276,0.0019922256469726562
300611,normal,3115,1,1782362150.1494546,0.002178668975830078
300612,normal,2025,0,1782362150.151277,0.0018224716186523438
300613,normal,2879,0,1782362150.1532776,0.002000570297241211
300614,normal,2603,0,1782362150.1554532,0.002175569534301758
300615,normal,977,2,1782362150.1572804,0.001827239990234375
300616,normal,3059,1,1782362150.1592762,0.0019958019256591797
300617,normal,2441,0,1782362150.1612582,0.001981973648071289
300618,normal,2782,0,1782362150.163282,0.0020236968994140625
300619,normal,2599,0,1782362150.1652448,0.001962900161743164
300620,normal,2063,0,1782362150.1672862,0.002041339874267578
300621,normal,1283,0,1782362150.1692805,0.0019943714141845703
300622,normal,295,0,1782362150.171245,0.001964569091796875
300623,normal,864,2,1782362150.1732879,0.0020427703857421875
300624,normal,2988,0,1782362150.1752794,0.0019915103912353516
300625,normal,2266,0,1782362150.1772432,0.0019638538360595703
300626,normal,2097,0,1782362150.17928,0.0020368099212646484
300627,normal,2476,0,1782362150.1812532,0.0019731521606445312
300628,normal,899,2,1782362150.1832466,0.001993417739868164
300629,normal,1513,0,1782362150.1852984,0.002051830291748047
300630,normal,1803,0,1782362150.187281,0.001982450485229492
300631,normal,639,0,1782362150.1892474,0.0019664764404296875
300632,normal,2632,0,1782362150.1912804,0.0020329952239990234
300633,normal,3397,1,1782362150.1932786,0.0019981861114501953
300634,normal,155,0,1782362150.1952512,0.001972675323486328
300635,normal,1628,0,1782362150.1972759,0.0020246505737304688
300636,normal,2534,0,1782362150.199278,0.002002239227294922
300637,normal,2712,0,1782362150.2012436,0.0019655227661132812
300638,normal,2374,0,1782362150.2032766,0.0020329952239990234
300639,normal,2301,0,1782362150.2052736,0.0019969940185546875
300640,normal,2727,0,1782362150.2072413,0.0019676685333251953
300641,normal,628,0,1782362150.209279,0.0020377635955810547
300642,normal,1758,0,1782362150.211281,0.0020020008087158203
300643,normal,1680,0,1782362150.2132459,0.0019648075103759766
300644,normal,2823,0,1782362150.2152803,0.002034425735473633
300645,normal,1364,1,1782362150.2172902,0.002009868621826172
300646,normal,2984,0,1782362150.2192435,0.0019533634185791016
300647,normal,1069,0,1782362150.2212875,0.0020439624786376953
300648,normal,1598,0,1782362150.2232795,0.0019919872283935547
300649,normal,987,2,1782362150.2252433,0.0019638538360595703
300650,normal,1362,1,1782362150.2272928,0.0020494461059570312
300651,normal,507,0,1782362150.2292867,0.001993894577026367
300652,normal,783,2,1782362150.231244,0.001957416534423828
300653,normal,2361,0,1782362150.233279,0.002034902572631836
300654,normal,2052,0,1782362150.235287,0.0020079612731933594
300655,normal,1648,0,1782362150.2372468,0.0019598007202148438
300656,normal,2885,0,1782362150.239279,0.0020322799682617188
300657,normal,896,2,1782362150.2412772,0.0019981861114501953
300658,normal,2165,0,1782362150.2432451,0.001967906951904297
300659,normal,2326,0,1782362150.2452774,0.0020322799682617188
300660,normal,3302,1,1782362150.2472804,0.0020029544830322266
300661,normal,3584,0,1782362150.2492423,0.001961946487426758
300662,normal,2468,0,1782362150.2512848,0.002042531967163086
300663,normal,1437,0,1782362150.2532785,0.0019936561584472656
300664,normal,181,0,1782362150.2552474,0.001968860626220703
300665,normal,923,2,1782362150.257284,0.002036571502685547
300666,normal,3615,0,1782362150.2592895,0.0020055770874023438
300667,normal,1708,0,1782362150.2612503,0.00196075439453125
300668,normal,3605,0,1782362150.2632818,0.002031564712524414
300669,normal,2394,0,1782362150.2652903,0.0020084381103515625
300670,normal,3298,1,1782362150.2672436,0.0019533634185791016
300671,normal,3592,0,1782362150.2692819,0.002038240432739258
300672,normal,3589,0,1782362150.2712865,0.0020046234130859375
300673,normal,2135,0,1782362150.2732532,0.001966714859008789
300674,normal,658,0,1782362150.2752807,0.0020275115966796875
300675,normal,283,0,1782362150.277282,0.0020012855529785156
300676,normal,2220,0,1782362150.2792451,0.0019631385803222656
300677,normal,304,0,1782362150.2812965,0.0020513534545898438
300678,normal,707,0,1782362150.2832727,0.0019762516021728516
300679,normal,1148,0,1782362150.2852437,0.001971006393432617
300680,normal,3520,0,1782362150.2872803,0.002036571502685547
300681,normal,2271,0,1782362150.289278,0.001997709274291992
300682,normal,1465,0,1782362150.291242,0.0019638538360595703
300683,normal,2315,0,1782362150.2932963,0.002054452896118164
300684,normal,465,0,1782362150.2952807,0.0019843578338623047
300685,normal,1737,0,1782362150.2972474,0.001966714859008789
300686,normal,773,2,1782362150.2992857,0.002038240432739258
300687,normal,1481,0,1782362150.301281,0.0019953250885009766
300688,normal,829,2,1782362150.3032448,0.0019638538360595703
300689,normal,2520,0,1782362150.3052793,0.002034425735473633
300690,normal,3439,0,1782362150.3072798,0.002000570297241211
300691,normal,64,0,1782362150.3092446,0.0019648075103759766
300692,normal,554,0,1782362150.3112812,0.002036571502685547
300693,normal,136,0,1782362150.3132844,0.002003192901611328
300694,normal,1243,0,1782362150.315246,0.0019617080688476562
300695,normal,407,0,1782362150.3172803,0.0020341873168945312
300696,normal,1905,0,1782362150.3192792,0.0019989013671875
300697,normal,1292,0,1782362150.3212457,0.0019664764404296875
300698,normal,1017,2,1782362150.3232825,0.0020368099212646484
300699,normal,367,0,1782362150.32528,0.0019974708557128906
300700,normal,3076,1,1782362150.327244,0.001964092254638672
300701,normal,438,0,1782362150.3292904,0.002046346664428711
300702,normal,3269,1,1782362150.3312798,0.0019893646240234375
300703,normal,3498,0,1782362150.3332443,0.001964569091796875
300704,normal,3532,0,1782362150.3354535,0.002209186553955078
300705,normal,2414,0,1782362150.337335,0.0018815994262695312
300706,normal,1779,0,1782362150.3394446,0.002109527587890625
300707,normal,2352,0,1782362150.3412738,0.0018291473388671875
300708,normal,3093,1,1782362150.3434389,0.002165079116821289
300709,normal,2308,0,1782362150.345302,0.001863241195678711
300710,normal,2355,0,1782362150.3474417,0.002139568328857422
300711,normal,368,0,1782362150.349433,0.00199127197265625
300712,normal,2486,0,1782362150.351271,0.0018379688262939453
300713,normal,1514,0,1782362150.35345,0.0021791458129882812
300714,normal,723,0,1782362150.3555791,0.002129077911376953
300715,normal,220,0,1782362150.357316,0.0017368793487548828
300716,normal,2197,0,1782362150.3595967,0.002280712127685547
300717,normal,1947,0,1782362150.3615465,0.0019497871398925781
300718,normal,2241,0,1782362150.3634377,0.0018911361694335938
300719,normal,874,2,1782362150.3653102,0.0018725395202636719
300720,normal,346,0,1782362150.3674598,0.0021495819091796875
300721,normal,1228,0,1782362150.3692932,0.0018334388732910156
300722,normal,2981,0,1782362150.3714576,0.0021643638610839844
300723,normal,275,0,1782362150.3733504,0.0018928050994873047
300724,normal,1633,0,1782362150.3754344,0.002084016799926758
300725,normal,1679,0,1782362150.3773289,0.0018944740295410156
300726,normal,1842,0,1782362150.379457,0.002128124237060547
300727,normal,1992,0,1782362150.381291,0.0018339157104492188
300728,normal,398,0,1782362150.383477,0.0021860599517822266
300729,normal,939,2,1782362150.3853548,0.0018777847290039062
300730,normal,3573,0,1782362150.3874404,0.0020856857299804688
300731,normal,1103,0,1782362150.3893242,0.0018837451934814453
300732,normal,3598,0,1782362150.3914576,0.0021333694458007812
300733,normal,522,0,1782362150.393356,0.0018985271453857422
300734,normal,3353,1,1782362150.3953135,0.001957416534423828
300735,normal,2123,0,1782362150.3973181,0.0020046234130859375
300736,normal,237,0,1782362150.3992543,0.001936197280883789
300737,normal,199,0,1782362150.4013062,0.002051830291748047
300738,normal,725,0,1782362150.4033008,0.001994609832763672
300739,normal,1418,0,1782362150.4052508,0.0019500255584716797
300740,normal,2680,0,1782362150.4073048,0.002053976058959961
300741,normal,2821,0,1782362150.4093156,0.002010822296142578
300742,normal,2584,0,1782362150.41126,0.0019443035125732422
300743,normal,2537,0,1782362150.4133043,0.0020444393157958984
300744,normal,1420,0,1782362150.4153101,0.0020058155059814453
300745,normal,131,0,1782362150.4172552,0.0019450187683105469
300746,normal,470,0,1782362150.4193172,0.002062082290649414
300747,normal,1007,2,1782362150.421306,0.001988649368286133
300748,normal,2159,0,1782362150.4232564,0.0019505023956298828
300749,normal,2338,0,1782362150.4253142,0.002057790756225586
300750,normal,1638,0,1782362150.4273005,0.001986265182495117
300751,normal,3135,1,1782362150.4292574,0.001956939697265625
300752,normal,454,0,1782362150.431304,0.0020465850830078125
300753,normal,2530,0,1782362150.4333012,0.001997232437133789
300754,normal,2730,0,1782362150.4352536,0.0019524097442626953
300755,normal,2285,0,1782362150.4373024,0.0020487308502197266
300756,normal,2917,0,1782362150.439305,0.002002716064453125
300757,normal,1116,0,1782362150.4412503,0.0019452571868896484
300758,normal,2291,0,1782362150.443301,0.002050638198852539
300759,normal,3091,1,1782362150.4453006,0.0019996166229248047
300760,normal,513,0,1782362150.4472501,0.0019495487213134766
300761,normal,3645,0,1782362150.4493039,0.0020537376403808594
300762,normal,1313,0,1782362150.4513042,0.0020003318786621094
300763,normal,3210,1,1782362150.45325,0.0019457340240478516
300764,normal,3369,1,1782362150.4553237,0.0020737648010253906
300765,normal,3262,1,1782362150.457303,0.001979351043701172
300766,normal,1343,1,1782362150.4592564,0.0019533634185791016
300767,normal,52,0,1782362150.4613154,0.0020589828491210938
300768,normal,2847,0,1782362150.4633138,0.001998424530029297
300769,normal,2861,0,1782362150.4652526,0.0019388198852539062
300770,normal,1235,0,1782362150.467302,0.0020494461059570312
300771,normal,397,0,1782362150.4693005,0.001998424530029297
300772,normal,1535,0,1782362150.4712548,0.001954317092895508
300773,normal,86,0,1782362150.4733033,0.002048492431640625
300774,normal,621,0,1782362150.4753008,0.0019974708557128906
300775,normal,3070,1,1782362150.4773192,0.002018451690673828
300776,normal,1794,0,1782362150.4792738,0.0019545555114746094
300777,normal,3053,1,1782362150.4812992,0.0020253658294677734
300778,normal,466,0,1782362150.4832535,0.001954317092895508
300779,normal,164,0,1782362150.4853172,0.002063751220703125
300780,normal,1965,0,1782362150.4873042,0.001986980438232422
300781,normal,60,0,1782362150.4892552,0.001950979232788086
300782,normal,2046,0,1782362150.4913023,0.0020470619201660156
300783,normal,2276,0,1782362150.4933107,0.0020084381103515625
300784,normal,3032,0,1782362150.4952533,0.0019426345825195312
300785,normal,219,0,1782362150.497414,0.002160787582397461
300786,normal,2319,0,1782362150.4993396,0.0019254684448242188
300787,normal,3186,1,1782362150.501257,0.0019173622131347656
300788,normal,3394,1,1782362150.503303,0.0020461082458496094
300789,normal,323,0,1782362150.505302,0.0019989013671875
300790,normal,660,0,1782362150.507264,0.001961946487426758
300791,normal,497,0,1782362150.50931,0.0020461082458496094
300792,normal,3553,0,1782362150.5113134,0.0020034313201904297
300793,normal,2324,0,1782362150.5132623,0.0019488334655761719
300794,normal,1034,0,1782362150.5153022,0.0020399093627929688
300795,normal,1898,0,1782362150.5173073,0.0020051002502441406
300796,normal,2648,0,1782362150.5192523,0.0019450187683105469
300797,normal,90,0,1782362150.5213044,0.0020520687103271484
300798,normal,734,0,1782362150.5233314,0.0020270347595214844
300799,normal,1047,0,1782362150.525257,0.0019257068634033203
300800,normal,1622,0,1782362150.5273166,0.002059459686279297
300801,normal,1630,0,1782362150.5293276,0.0020110607147216797
300802,normal,1742,0,1782362150.5312638,0.001936197280883789
300803,normal,3026,0,1782362150.5333083,0.0020444393157958984
300804,normal,1149,0,1782362150.535371,0.0020627975463867188
300805,normal,487,0,1782362150.5372496,0.001878499984741211
300806,normal,43,0,1782362150.5393047,0.0020551681518554688
300807,normal,930,2,1782362150.5413039,0.0019991397857666016
300808,normal,2467,0,1782362150.5432556,0.0019516944885253906
300809,normal,2508,0,1782362150.545318,0.0020623207092285156
300810,normal,3507,0,1782362150.5473294,0.002011537551879883
300811,normal,2779,0,1782362150.5492532,0.0019237995147705078
300812,normal,3537,0,1782362150.5513258,0.002072572708129883
300813,normal,1739,0,1782362150.5533254,0.0019996166229248047
300814,normal,2781,0,1782362150.5552557,0.00193023681640625
300815,normal,1710,0,1782362150.5573375,0.0020818710327148438
300816,normal,118,0,1782362150.5593019,0.0019643306732177734
300817,normal,243,0,1782362150.5612526,0.0019507408142089844
300818,normal,1276,0,1782362150.563306,0.002053499221801758
300819,normal,2043,0,1782362150.5653007,0.001994609832763672
300820,normal,631,0,1782362150.5672536,0.0019528865814208984
300821,normal,2509,0,1782362150.569303,0.0020494461059570312
300822,normal,3430,0,1782362150.571342,0.0020389556884765625
300823,normal,3204,1,1782362150.57325,0.0019080638885498047
300824,normal,1816,0,1782362150.575315,0.002064943313598633
300825,normal,3697,0,1782362150.5773041,0.001989126205444336
300826,normal,1101,0,1782362150.5792544,0.0019502639770507812
300827,normal,1143,0,1782362150.5813143,0.0020599365234375
300828,normal,1721,0,1782362150.5833116,0.001997232437133789
300829,normal,2140,0,1782362150.5852532,0.001941680908203125
300830,normal,3680,0,1782362150.5873032,0.0020499229431152344
300831,normal,2456,0,1782362150.5893047,0.002001523971557617
300832,normal,3389,1,1782362150.5912564,0.0019516944885253906
300833,normal,2826,0,1782362150.5933032,0.002046823501586914
300834,normal,746,0,1782362150.5953164,0.0020132064819335938
300835,normal,1781,0,1782362150.5972583,0.0019419193267822266
300836,normal,3648,0,1782362150.5993032,0.0020449161529541016
300837,normal,655,0,1782362150.6013007,0.0019974708557128906
300838,normal,1009,2,1782362150.603256,0.001955270767211914
300839,normal,248,0,1782362150.6053026,0.0020465850830078125
300840,normal,3263,1,1782362150.6073008,0.0019981861114501953
300841,normal,3687,0,1782362150.6092768,0.00197601318359375
300842,normal,1915,0,1782362150.611332,0.0020551681518554688
300843,normal,1484,0,1782362150.613299,0.0019669532775878906
300844,normal,991,2,1782362150.615254,0.0019550323486328125
300845,normal,1415,0,1782362150.6173134,0.002059459686279297
300846,normal,1003,2,1782362150.6193013,0.001987934112548828
300847,normal,443,0,1782362150.621256,0.001954793930053711
300848,normal,1887,0,1782362150.6233034,0.002047300338745117
300849,normal,2994,0,1782362150.6252997,0.001996278762817383
300850,normal,391,0,1782362150.6272507,0.001950979232788086
300851,normal,271,0,1782362150.629303,0.00205230712890625
300852,normal,2462,0,1782362150.6313024,0.001999378204345703
300853,normal,2653,0,1782362150.6332536,0.0019512176513671875
300854,normal,855,2,1782362150.635304,0.0020503997802734375
300855,normal,1482,0,1782362150.6373246,0.002020597457885742
300856,normal,741,0,1782362150.6392553,0.0019307136535644531
300857,normal,1260,0,1782362150.6413035,0.0020482540130615234
300858,normal,269,0,1782362150.643319,0.002015352249145508
300859,normal,440,0,1782362150.6452534,0.0019345283508300781
300860,normal,3343,1,1782362150.6473029,0.0020494461059570312
300861,normal,657,0,1782362150.6493173,0.0020143985748291016
300862,normal,1872,0,1782362150.651249,0.0019316673278808594
300863,normal,3545,0,1782362150.6533031,0.0020542144775390625
300864,normal,3411,0,1782362150.6553,0.001996755599975586
300865,normal,1462,0,1782362150.657258,0.001958131790161133
300866,normal,68,0,1782362150.6593196,0.002061605453491211
300867,normal,2704,0,1782362150.6613092,0.001989603042602539
300868,normal,3482,0,1782362150.6632533,0.0019440650939941406
300869,normal,3144,1,1782362150.6653187,0.002065420150756836
300870,normal,902,2,1782362150.667304,0.001985311508178711
300871,normal,3364,1,1782362150.669255,0.001950979232788086
300872,normal,210,0,1782362150.6713033,0.0020482540130615234
300873,normal,3294,1,1782362150.6732998,0.0019965171813964844
300874,normal,2853,0,1782362150.6752534,0.001953601837158203
300875,normal,2056,0,1782362150.6773028,0.0020494461059570312
300876,normal,2107,0,1782362150.6792998,0.0019969940185546875
300877,normal,2862,0,1782362150.6812587,0.0019588470458984375
300878,normal,54,0,1782362150.6833148,0.002056121826171875
300879,normal,405,0,1782362150.6853018,0.001986980438232422
300880,normal,2199,0,1782362150.6872554,0.001953601837158203
300881,normal,315,0,1782362150.6893399,0.002084493637084961
300882,normal,3386,1,1782362150.6913006,0.00196075439453125
300883,normal,1998,0,1782362150.693254,0.0019533634185791016
300884,normal,2014,0,1782362150.6953216,0.00206756591796875
300885,normal,2724,0,1782362150.6979394,0.0026178359985351562
300886,normal,62,0,1782362150.699502,0.0015625953674316406
300887,normal,3197,1,1782362150.7013226,0.0018205642700195312
300888,normal,1685,0,1782362150.7034717,0.0021491050720214844
300889,normal,373,0,1782362150.705298,0.0018262863159179688
300890,normal,889,2,1782362150.7074573,0.0021593570709228516
300891,normal,2075,0,1782362150.7093182,0.0018608570098876953
300892,normal,711,0,1782362150.7114353,0.002117156982421875
300893,normal,1102,0,1782362150.713315,0.0018796920776367188
300894,normal,3506,0,1782362150.7154577,0.002142667770385742
300895,normal,2306,0,1782362150.717437,0.001979351043701172
300896,normal,3473,0,1782362150.7193074,0.0018703937530517578
300897,normal,715,0,1782362150.721458,0.0021505355834960938
300898,normal,1419,0,1782362150.723292,0.0018341541290283203
300899,normal,912,2,1782362150.7254906,0.002198457717895508
300900,normal,2931,0,1782362150.727339,0.001848459243774414
300901,normal,904,2,1782362150.7294354,0.002096414566040039
300902,normal,2255,0,1782362150.731326,0.0018906593322753906
300903,normal,38,0,1782362150.7334552,0.002129077911376953
300904,normal,3485,0,1782362150.7353563,0.0019011497497558594
300905,normal,2517,0,1782362150.7373226,0.001966238021850586
300906,normal,1659,0,1782362150.7393134,0.001990795135498047
300907,normal,1246,0,1782362150.7412512,0.0019378662109375
300908,normal,1545,0,1782362150.7433295,0.0020782947540283203
300909,normal,1495,0,1782362150.7453125,0.0019829273223876953
300910,normal,124,0,1782362150.7472668,0.001954317092895508
300911,normal,2961,0,1782362150.7493167,0.0020499229431152344
300912,normal,2912,0,1782362150.7513003,0.001983642578125
300913,normal,2614,0,1782362150.753257,0.0019567012786865234
300914,normal,2737,0,1782362150.7553213,0.002064228057861328
300915,normal,1580,0,1782362150.7573326,0.0020112991333007812
300916,normal,3261,1,1782362150.7592547,0.0019221305847167969
300917,normal,1969,0,1782362150.7613049,0.002050161361694336
300918,normal,1339,1,1782362150.7633035,0.0019986629486083984
300919,normal,3296,1,1782362150.7652578,0.001954317092895508
300920,normal,1328,1,1782362150.7673094,0.0020515918731689453
300921,normal,2691,0,1782362150.7692997,0.0019903182983398438
300922,normal,1672,0,1782362150.7712579,0.001958131790161133
300923,normal,1105,0,1782362150.7733045,0.0020465850830078125
300924,normal,78,0,1782362150.7753055,0.002001047134399414
300925,normal,2428,0,1782362150.7772539,0.0019483566284179688
300926,normal,1516,0,1782362150.7793202,0.002066373825073242
300927,normal,3521,0,1782362150.781304,0.001983642578125
300928,normal,431,0,1782362150.783253,0.0019490718841552734
300929,normal,3043,0,1782362150.7853184,0.002065420150756836
300930,normal,234,0,1782362150.7873046,0.001986265182495117
300931,normal,2932,0,1782362150.78925,0.0019452571868896484
300932,normal,354,0,1782362150.7913153,0.002065420150756836
300933,normal,820,2,1782362150.7933064,0.0019910335540771484
300934,normal,2785,0,1782362150.7952528,0.0019464492797851562
300935,normal,2443,0,1782362150.7973044,0.0020515918731689453
300936,normal,1549,0,1782362150.7993028,0.001998424530029297
300937,normal,2871,0,1782362150.8012547,0.0019519329071044922
300938,normal,632,0,1782362150.8033044,0.002049684524536133
300939,normal,2228,0,1782362150.805331,0.0020265579223632812
300940,normal,1234,0,1782362150.8072574,0.001926422119140625
300941,normal,1463,0,1782362150.8093202,0.0020627975463867188
300942,normal,3023,0,1782362150.8113048,0.0019845962524414062
300943,normal,1902,0,1782362150.8132565,0.0019516944885253906
300944,normal,3329,1,1782362150.8153033,0.002046823501586914
300945,normal,3309,1,1782362150.8173,0.001996755599975586
300946,normal,2328,0,1782362150.8192556,0.0019555091857910156
300947,normal,958,2,1782362150.8213196,0.0020639896392822266
300948,normal,1305,0,1782362150.8233294,0.002009868621826172
300949,normal,1948,0,1782362150.8252478,0.0019183158874511719
300950,normal,2466,0,1782362150.8273094,0.002061605453491211
300951,normal,2106,0,1782362150.8293023,0.001992940902709961
300952,normal,721,0,1782362150.8312504,0.0019481182098388672
300953,normal,110,0,1782362150.8333018,0.0020513534545898438
300954,normal,3166,1,1782362150.835301,0.0019991397857666016
300955,normal,364,0,1782362150.8372471,0.0019462108612060547
300956,normal,259,0,1782362150.8393044,0.002057313919067383
300957,normal,984,2,1782362150.8413033,0.0019989013671875
300958,normal,342,0,1782362150.8432553,0.0019519329071044922
300959,normal,3085,1,1782362150.8453116,0.0020563602447509766
300960,normal,1329,1,1782362150.8473039,0.0019922256469726562
300961,normal,796,2,1782362150.8492694,0.0019655227661132812
300962,normal,3126,1,1782362150.851317,0.0020475387573242188
300963,normal,3491,0,1782362150.8533297,0.0020127296447753906
300964,normal,326,0,1782362150.8552535,0.0019237995147705078
300965,normal,2854,0,1782362150.8573318,0.0020782947540283203
300966,normal,2323,0,1782362150.8593187,0.001986980438232422
300967,normal,2243,0,1782362150.8612537,0.0019350051879882812
300968,normal,3701,0,1782362150.8633075,0.0020537376403808594
300969,normal,2524,0,1782362150.8653026,0.001995086669921875
300970,normal,3316,1,1782362150.867255,0.0019524097442626953
300971,normal,1111,0,1782362150.8694413,0.002186298370361328
300972,normal,2111,0,1782362150.8713167,0.0018754005432128906
300973,normal,1126,0,1782362150.8734481,0.0021314620971679688
300974,normal,3054,1,1782362150.8753335,0.0018854141235351562
300975,normal,2886,0,1782362150.8774455,0.0021119117736816406
300976,normal,1355,1,1782362150.879267,0.0018215179443359375
300977,normal,3529,0,1782362150.881657,0.0023899078369140625
300978,normal,2242,0,1782362150.883366,0.0017092227935791016
300979,normal,482,0,1782362150.8853445,0.0019783973693847656
300980,normal,2312,0,1782362150.8873224,0.0019779205322265625
300981,normal,618,0,1782362150.8893056,0.001983165740966797
300982,normal,1654,0,1782362150.8912485,0.0019428730010986328
300983,normal,2711,0,1782362150.8932872,0.002038717269897461
300984,normal,3219,1,1782362150.8952827,0.001995563507080078
300985,normal,1485,0,1782362150.8972473,0.001964569091796875
300986,normal,3162,1,1782362150.8993015,0.0020542144775390625
300987,normal,3629,0,1782362150.901295,0.001993417739868164
300988,normal,2204,0,1782362150.9032815,0.0019865036010742188
300989,normal,2707,0,1782362150.9052808,0.001999378204345703
300990,normal,3424,0,1782362150.9072807,0.0019998550415039062
300991,normal,2015,0,1782362150.9092462,0.0019655227661132812
300992,normal,540,0,1782362150.9112806,0.002034425735473633
300993,normal,1455,0,1782362150.91328,0.001999378204345703
300994,normal,3548,0,1782362150.915249,0.0019690990447998047
300995,normal,2030,0,1782362150.917277,0.0020279884338378906
300996,normal,744,0,1782362150.9192815,0.002004384994506836
300997,normal,1668,0,1782362150.9212718,0.0019903182983398438
300998,normal,469,0,1782362150.9232826,0.002010822296142578
300999,normal,3320,1,1782362150.9252753,0.0019927024841308594
301000,normal,1590,0,1782362150.9272537,0.0019783973693847656
301001,normal,656,0,1782362150.9292817,0.0020279884338378906
301002,normal,3657,0,1782362150.9312806,0.0019989013671875
301003,normal,2077,0,1782362150.9332464,0.001965761184692383
301004,normal,2016,0,1782362150.9352775,0.002031087875366211
301005,normal,2202,0,1782362150.9373002,0.0020227432250976562
301006,normal,2565,0,1782362150.9392292,0.0019290447235107422
301007,normal,2489,0,1782362150.9412756,0.002046346664428711
301008,normal,2304,0,1782362150.943274,0.001998424530029297
301009,normal,3000,0,1782362150.9452405,0.0019664764404296875
301010,normal,3681,0,1782362150.9472718,0.0020313262939453125
301011,normal,3675,0,1782362150.9492779,0.002006053924560547
301012,normal,1510,0,1782362150.9512525,0.0019745826721191406
301013,normal,2627,0,1782362150.9532995,0.0020470619201660156
301014,normal,2620,0,1782362150.9552772,0.001977682113647461
301015,normal,288,0,1782362150.9572592,0.001981973648071289
301016,normal,3324,1,1782362150.9592774,0.0020182132720947266
301017,normal,857,2,1782362150.961458,0.0021805763244628906
301018,normal,2384,0,1782362150.9633963,0.0019383430480957031
301019,normal,2134,0,1782362150.9652786,0.001882314682006836
301020,normal,648,0,1782362150.967402,0.0021233558654785156
301021,normal,2392,0,1782362150.9694304,0.0020284652709960938
301022,normal,2896,0,1782362150.971252,0.0018215179443359375
301023,normal,1768,0,1782362150.9733844,0.002132415771484375
301024,normal,2230,0,1782362150.975283,0.0018985271453857422
301025,normal,956,2,1782362150.9772758,0.001992940902709961
301026,normal,3273,1,1782362150.9792747,0.0019989013671875
301027,normal,3702,0,1782362150.9812562,0.001981496810913086
301028,normal,1867,0,1782362150.9832783,0.0020220279693603516
301029,normal,3393,1,1782362150.9852808,0.0020024776458740234
301030,normal,3278,1,1782362150.9872663,0.0019855499267578125
301031,normal,1530,0,1782362150.9892817,0.002015352249145508
301032,normal,2881,0,1782362150.9912734,0.001991748809814453
301033,normal,2282,0,1782362150.9932728,0.001999378204345703
301034,normal,2803,0,1782362150.9952812,0.0020084381103515625
301035,normal,251,0,1782362150.9972818,0.002000570297241211
301036,normal,726,0,1782362150.9992666,0.001984834671020508
301037,normal,645,0,1782362151.001282,0.002015352249145508
301038,normal,1161,0,1782362151.0032713,0.0019893646240234375
301039,normal,866,2,1782362151.0052629,0.0019915103912353516
301040,normal,762,0,1782362151.0072818,0.0020189285278320312
301041,normal,2942,0,1782362151.0092807,0.0019989013671875
301042,normal,3175,1,1782362151.0112731,0.001992464065551758
301043,normal,1826,0,1782362151.0132732,0.002000093460083008
301044,normal,886,2,1782362151.0152764,0.002003192901611328
301045,normal,687,0,1782362151.01727,0.0019936561584472656
301046,normal,1538,0,1782362151.0192838,0.002013683319091797
301047,normal,2278,0,1782362151.0212808,0.0019969940185546875
301048,normal,1466,0,1782362151.0232656,0.001984834671020508
301049,normal,1744,0,1782362151.0252712,0.0020055770874023438
301050,normal,3533,0,1782362151.0272832,0.002012014389038086
301051,normal,3046,1,1782362151.0292664,0.001983165740966797
301052,normal,2519,0,1782362151.0312965,0.0020301342010498047
301053,normal,3646,0,1782362151.0332825,0.0019860267639160156
301054,normal,3104,1,1782362151.0352597,0.001977205276489258
301055,normal,2059,0,1782362151.0372894,0.0020296573638916016
301056,normal,1882,0,1782362151.039289,0.0019996166229248047
301057,normal,3138,1,1782362151.041268,0.0019791126251220703
301058,normal,906,2,1782362151.043279,0.002010822296142578
301059,normal,1536,0,1782362151.0452838,0.002004861831665039
301060,normal,188,0,1782362151.0472841,0.0020003318786621094
301061,normal,1008,2,1782362151.0492766,0.001992464065551758
301062,normal,918,2,1782362151.0512795,0.0020029544830322266
301063,normal,1012,2,1782362151.0532718,0.0019922256469726562
301064,normal,89,0,1782362151.055277,0.002005338668823242
301065,normal,3516,0,1782362151.057274,0.0019969940185546875
301066,normal,3229,1,1782362151.05928,0.0020058155059814453
301067,normal,2305,0,1782362151.0612772,0.001997232437133789
301068,normal,486,0,1782362151.063282,0.002004861831665039
301069,normal,284,0,1782362151.0652733,0.00199127197265625
301070,normal,520,0,1782362151.0672805,0.0020072460174560547
301071,normal,1121,0,1782362151.0692725,0.0019919872283935547
301072,normal,2665,0,1782362151.0712688,0.001996278762817383
301073,normal,751,0,1782362151.0732765,0.002007722854614258
301074,normal,395,0,1782362151.07528,0.0020034313201904297
301075,normal,247,0,1782362151.0772727,0.0019927024841308594
301076,normal,1496,0,1782362151.079291,0.002018451690673828
301077,normal,551,0,1782362151.0812788,0.0019876956939697266
301078,normal,2507,0,1782362151.083243,0.001964092254638672
301079,normal,1693,0,1782362151.085278,0.0020351409912109375
301080,normal,3410,0,1782362151.0872798,0.0020017623901367188
301081,normal,2904,0,1782362151.0892432,0.001963376998901367
301082,normal,2065,0,1782362151.0912743,0.002031087875366211
301083,normal,2309,0,1782362151.0932868,0.002012491226196289
301084,normal,2827,0,1782362151.0952466,0.0019598007202148438
301085,normal,806,2,1782362151.097278,0.002031564712524414
301086,normal,3550,0,1782362151.0992806,0.0020024776458740234
301087,normal,419,0,1782362151.1012414,0.00196075439453125
301088,normal,444,0,1782362151.1032758,0.002034425735473633
301089,normal,244,0,1782362151.1052818,0.002006053924560547
301090,normal,3371,1,1782362151.1072419,0.0019600391387939453
301091,normal,1245,0,1782362151.1092815,0.002039670944213867
301092,normal,615,0,1782362151.1112773,0.0019958019256591797
301093,normal,748,0,1782362151.1132474,0.001970052719116211
301094,normal,3664,0,1782362151.1152878,0.002040386199951172
301095,normal,2047,0,1782362151.1172833,0.001995563507080078
301096,normal,291,0,1782362151.1192427,0.0019593238830566406
301097,normal,2155,0,1782362151.1212897,0.0020470619201660156
301098,normal,730,0,1782362151.1232765,0.0019867420196533203
301099,normal,3671,0,1782362151.1252675,0.0019910335540771484
301100,normal,1642,0,1782362151.1272788,0.0020112991333007812
301101,normal,1868,0,1782362151.1292841,0.002005338668823242
301102,normal,2701,0,1782362151.1312428,0.001958608627319336
301103,normal,827,2,1782362151.133276,0.002033233642578125
301104,normal,2226,0,1782362151.1352708,0.0019948482513427734
301105,normal,843,2,1782362151.1372554,0.0019845962524414062
301106,normal,1151,0,1782362151.139245,0.001989603042602539
301107,normal,2772,0,1782362151.1412785,0.0020334720611572266
301108,normal,2999,0,1782362151.1432486,0.001970052719116211
301109,normal,837,2,1782362151.1452725,0.002023935317993164
301110,normal,435,0,1782362151.1472843,0.0020117759704589844
301111,normal,1757,0,1782362151.1492424,0.001958131790161133
301112,normal,1013,2,1782362151.1513813,0.002138853073120117
301113,normal,3511,0,1782362151.153293,0.0019116401672363281
301114,normal,1975,0,1782362151.1552806,0.0019876956939697266
301115,normal,7,0,1782362151.1572926,0.002012014389038086
301116,normal,1537,0,1782362151.1592786,0.0019860267639160156
301117,normal,3403,0,1782362151.1612487,0.001970052719116211
301118,normal,3089,1,1782362151.1632786,0.002029895782470703
301119,normal,3625,0,1782362151.16528,0.002001523971557617
301120,normal,1441,0,1782362151.1672492,0.0019690990447998047
301121,normal,2542,0,1782362151.1692705,0.002021312713623047
301122,normal,467,0,1782362151.171278,0.0020074844360351562
301123,normal,1115,0,1782362151.1732593,0.0019812583923339844
301124,normal,3476,0,1782362151.175276,0.002016782760620117
301125,normal,3335,1,1782362151.1772795,0.0020034313201904297
301126,normal,2096,0,1782362151.1792471,0.0019676685333251953
301127,normal,3503,0,1782362151.1812925,0.0020453929901123047
301128,normal,891,2,1782362151.183279,0.0019865036010742188
301129,normal,194,0,1782362151.1852496,0.001970529556274414
301130,normal,1080,0,1782362151.1872783,0.0020287036895751953
301131,normal,1774,0,1782362151.1892757,0.0019974708557128906
301132,normal,937,2,1782362151.191247,0.0019712448120117188
301133,normal,2267,0,1782362151.1932447,0.001997709274291992
301134,normal,3310,1,1782362151.1952834,0.002038717269897461
301135,normal,3378,1,1782362151.1972547,0.0019712448120117188
301136,normal,3582,0,1782362151.199279,0.002024412155151367
301137,normal,2522,0,1782362151.2012758,0.001996755599975586
301138,normal,1074,0,1782362151.2032528,0.0019769668579101562
301139,normal,3339,1,1782362151.2052765,0.0020236968994140625
301140,normal,1652,0,1782362151.207275,0.001998424530029297
301141,normal,227,0,1782362151.209252,0.001977205276489258
301142,normal,2706,0,1782362151.2112799,0.002027750015258789
301143,normal,1989,0,1782362151.2132788,0.0019989013671875
301144,normal,1084,0,1782362151.215258,0.0019791126251220703
301145,normal,1493,0,1782362151.2172775,0.002019643783569336
301146,normal,1378,1,1782362151.2192786,0.002001047134399414
301147,normal,2570,0,1782362151.22126,0.001981496810913086
301148,normal,2765,0,1782362151.2232766,0.0020165443420410156
301149,normal,1771,0,1782362151.2252705,0.001993894577026367
301150,normal,550,0,1782362151.2272608,0.0019903182983398438
301151,normal,1025,2,1782362151.2292805,0.002019643783569336
301152,normal,1304,0,1782362151.231281,0.002000570297241211
301153,normal,1877,0,1782362151.2332618,0.0019807815551757812
301154,normal,3487,0,1782362151.2352788,0.0020170211791992188
301155,normal,140,0,1782362151.237285,0.002006053924560547
301156,normal,2137,0,1782362151.2392557,0.0019707679748535156
301157,normal,2901,0,1782362151.2412763,0.002020597457885742
301158,normal,3656,0,1782362151.2433176,0.002041339874267578
301159,normal,745,0,1782362151.2452452,0.0019276142120361328
301160,normal,1289,0,1782362151.247294,0.0020487308502197266
301161,normal,916,2,1782362151.2492948,0.0020008087158203125
301162,normal,2922,0,1782362151.251314,0.002019166946411133
301163,normal,2856,0,1782362151.2533033,0.0019893646240234375
301164,normal,2610,0,1782362151.2553124,0.002009153366088867
301165,normal,1026,2,1782362151.2572527,0.0019402503967285156
301166,normal,317,0,1782362151.2592921,0.0020394325256347656
301167,normal,3083,1,1782362151.2612934,0.0020012855529785156
301168,normal,1001,2,1782362151.263244,0.0019505023956298828
301169,normal,2297,0,1782362151.2652814,0.002037525177001953
301170,normal,2945,0,1782362151.2672772,0.0019958019256591797
301171,normal,1293,0,1782362151.2692897,0.002012491226196289
301172,normal,106,0,1782362151.27128,0.0019903182983398438
301173,normal,3613,0,1782362151.2732844,0.002004384994506836
301174,normal,3594,0,1782362151.275268,0.001983642578125
301175,normal,2362,0,1782362151.2772775,0.0020093917846679688
301176,normal,1506,0,1782362151.2792702,0.0019927024841308594
301177,normal,3383,1,1782362151.2813084,0.002038240432739258
301178,normal,2236,0,1782362151.2832782,0.0019698143005371094
301179,normal,2387,0,1782362151.2852795,0.0020012855529785156
301180,normal,3246,1,1782362151.28727,0.0019905567169189453
301181,normal,1959,0,1782362151.289278,0.0020079612731933594
301182,normal,40,0,1782362151.291272,0.001993894577026367
301183,normal,2587,0,1782362151.2932665,0.001994609832763672
301184,normal,2788,0,1782362151.2952845,0.002017974853515625
301185,normal,1935,0,1782362151.2972784,0.001993894577026367
301186,normal,1155,0,1782362151.299266,0.0019876956939697266
301187,normal,3109,1,1782362151.3012774,0.0020112991333007812
301188,normal,2515,0,1782362151.303288,0.0020105838775634766
301189,normal,1208,0,1782362151.3052611,0.0019731521606445312
301190,normal,481,0,1782362151.3072772,0.0020160675048828125
301191,normal,1254,0,1782362151.3092794,0.002002239227294922
301192,normal,3502,0,1782362151.3112648,0.001985311508178711
301193,normal,2150,0,1782362151.313276,0.0020112991333007812
301194,normal,2641,0,1782362151.315278,0.0020020008087158203
301195,normal,2660,0,1782362151.3172436,0.0019655227661132812
301196,normal,3652,0,1782362151.3192823,0.002038717269897461
301197,normal,2020,0,1782362151.32128,0.001997709274291992
301198,normal,2359,0,1782362151.3232353,0.001955270767211914
301199,normal,732,0,1782362151.3252919,0.002056598663330078
301200,normal,1939,0,1782362151.3274598,0.002167940139770508
301201,normal,3207,1,1782362151.3292797,0.0018198490142822266
301202,normal,1991,0,1782362151.3313353,0.002055644989013672
301203,normal,3330,1,1782362151.3333166,0.0019812583923339844
301204,normal,3642,0,1782362151.3352606,0.0019440650939941406
301205,normal,169,0,1782362151.337306,0.0020453929901123047
301206,normal,2022,0,1782362151.3392856,0.0019795894622802734
301207,normal,1752,0,1782362151.3412447,0.001959085464477539
301208,normal,962,2,1782362151.3433368,0.002092123031616211
301209,normal,1454,0,1782362151.345283,0.0019462108612060547
301210,normal,142,0,1782362151.3472588,0.0019757747650146484
301211,normal,1791,0,1782362151.3494382,0.002179384231567383
301212,normal,699,0,1782362151.3512945,0.0018563270568847656
301213,normal,1597,0,1782362151.3534415,0.0021469593048095703
301214,normal,3052,1,1782362151.3553503,0.0019087791442871094
301215,normal,2201,0,1782362151.3572898,0.001939535140991211
301216,normal,3670,0,1782362151.359269,0.0019791126251220703
301217,normal,2142,0,1782362151.3612819,0.002012968063354492
301218,normal,2895,0,1782362151.3632874,0.0020055770874023438
301219,normal,2874,0,1782362151.3652465,0.001959085464477539
301220,normal,1658,0,1782362151.3672798,0.002033233642578125
301221,normal,17,0,1782362151.3692818,0.0020020008087158203
301222,normal,393,0,1782362151.3712287,0.0019469261169433594
301223,normal,2353,0,1782362151.3732817,0.0020530223846435547
301224,normal,1585,0,1782362151.3752823,0.002000570297241211
301225,normal,2998,0,1782362151.3772454,0.0019631385803222656
301226,normal,756,0,1782362151.379276,0.002030611038208008
301227,normal,2965,0,1782362151.3812795,0.0020034313201904297
301228,normal,3154,1,1782362151.3832426,0.0019631385803222656
301229,normal,2366,0,1782362151.3852792,0.002036571502685547
301230,normal,2550,0,1782362151.3872783,0.0019991397857666016
301231,normal,684,0,1782362151.389238,0.0019598007202148438
301232,normal,2391,0,1782362151.3912804,0.0020422935485839844
301233,normal,3102,1,1782362151.3932824,0.0020020008087158203
301234,normal,694,0,1782362151.395245,0.0019626617431640625
301235,normal,2430,0,1782362151.3972812,0.0020360946655273438
301236,normal,2822,0,1782362151.3992767,0.001995563507080078
301237,normal,1203,0,1782362151.4012399,0.0019631385803222656
301238,normal,944,2,1782362151.403287,0.0020470619201660156
301239,normal,1675,0,1782362151.4052782,0.00199127197265625
301240,normal,2369,0,1782362151.4072473,0.0019690990447998047
301241,normal,2399,0,1782362151.409287,0.002039670944213867
301242,normal,2913,0,1782362151.4112723,0.001985311508178711
301243,normal,3170,1,1782362151.4132502,0.0019779205322265625
301244,normal,640,0,1782362151.4152458,0.001995563507080078
301245,normal,2125,0,1782362151.4172797,0.0020339488983154297
301246,normal,1483,0,1782362151.419251,0.0019712448120117188
301247,normal,2935,0,1782362151.4212794,0.0020284652709960938
301248,normal,2162,0,1782362151.4232714,0.0019919872283935547
301249,normal,1521,0,1782362151.425244,0.001972675323486328
301250,normal,3073,1,1782362151.427283,0.0020389556884765625
301251,normal,897,2,1782362151.4303339,0.0030508041381835938
301252,normal,3416,0,1782362151.4312499,0.0009160041809082031
301253,normal,3495,0,1782362151.4332724,0.0020225048065185547
301254,normal,2801,0,1782362151.435275,0.002002716064453125
301255,normal,3525,0,1782362151.4372563,0.0019812583923339844
301256,normal,255,0,1782362151.4392796,0.0020232200622558594
301257,normal,964,2,1782362151.4412842,0.0020046234130859375
301258,normal,226,0,1782362151.4432592,0.0019750595092773438
301259,normal,1880,0,1782362151.4452703,0.0020110607147216797
301260,normal,792,2,1782362151.447276,0.0020058155059814453
301261,normal,2927,0,1782362151.4492538,0.001977682113647461
301262,normal,2868,0,1782362151.4512792,0.0020253658294677734
301263,normal,1972,0,1782362151.4532769,0.001997709274291992
301264,normal,2582,0,1782362151.4552536,0.0019767284393310547
301265,normal,654,0,1782362151.4572728,0.002019166946411133
301266,normal,892,2,1782362151.4592843,0.002011537551879883
301267,normal,881,2,1782362151.4612463,0.001961946487426758
301268,normal,2523,0,1782362151.463279,0.002032756805419922
301269,normal,1352,1,1782362151.4652987,0.002019643783569336
301270,normal,3443,0,1782362151.467272,0.001973390579223633
301271,normal,609,0,1782362151.4692872,0.0020151138305664062
301272,normal,786,2,1782362151.47128,0.001992940902709961
301273,normal,3373,1,1782362151.4732652,0.0019850730895996094
301274,normal,3583,0,1782362151.4752827,0.002017498016357422
301275,normal,3342,1,1782362151.4772844,0.0020017623901367188
301276,normal,2604,0,1782362151.4792435,0.001959085464477539
301277,normal,3065,1,1782362151.4812822,0.002038717269897461
301278,normal,23,0,1782362151.4832788,0.0019965171813964844
301279,normal,2717,0,1782362151.4852653,0.0019865036010742188
301280,normal,1849,0,1782362151.4872732,0.0020079612731933594
301281,normal,1015,2,1782362151.48927,0.001996755599975586
301282,normal,1104,0,1782362151.4912653,0.0019953250885009766
301283,normal,1232,0,1782362151.4932792,0.0020139217376708984
301284,normal,845,2,1782362151.4952781,0.0019989013671875
301285,normal,664,0,1782362151.4972694,0.00199127197265625
301286,normal,228,0,1782362151.4992716,0.002002239227294922
301287,normal,1163,0,1782362151.5012825,0.002010822296142578
301288,normal,3266,1,1782362151.5032425,0.0019600391387939453
301289,normal,1507,0,1782362151.5052793,0.0020368099212646484
301290,normal,334,0,1782362151.5072844,0.0020051002502441406
301291,normal,1548,0,1782362151.50927,0.0019855499267578125
301292,normal,2118,0,1782362151.5112855,0.0020155906677246094
301293,normal,1745,0,1782362151.5132704,0.001984834671020508
301294,normal,422,0,1782362151.5152707,0.0020003318786621094
301295,normal,1344,1,1782362151.5172813,0.0020105838775634766
301296,normal,2253,0,1782362151.51928,0.0019986629486083984
301297,normal,2049,0,1782362151.521275,0.001995086669921875
301298,normal,3181,1,1782362151.5232782,0.002003192901611328
301299,normal,3243,1,1782362151.5252824,0.0020041465759277344
301300,normal,510,0,1782362151.5272644,0.001981973648071289
301301,normal,3536,0,1782362151.529283,0.0020186901092529297
301302,normal,1883,0,1782362151.5312777,0.001994609832763672
301303,normal,521,0,1782362151.5332627,0.0019850730895996094
301304,normal,1845,0,1782362151.535272,0.002009153366088867
301305,normal,1087,0,1782362151.5375986,0.0023267269134521484
301306,normal,432,0,1782362151.539262,0.0016634464263916016
301307,normal,2980,0,1782362151.5414257,0.0021636486053466797
301308,normal,3382,1,1782362151.5436435,0.0022177696228027344
301309,normal,2058,0,1782362151.5453672,0.0017237663269042969
301310,normal,1308,0,1782362151.5475056,0.002138376235961914
301311,normal,1653,0,1782362151.5493956,0.001889944076538086
301312,normal,2320,0,1782362151.5512578,0.0018622875213623047
301313,normal,1691,0,1782362151.553305,0.0020470619201660156
301314,normal,919,2,1782362151.5552888,0.0019838809967041016
301315,normal,2034,0,1782362151.557281,0.0019922256469726562
301316,normal,553,0,1782362151.5594134,0.002132415771484375
301317,normal,1346,1,1782362151.5613947,0.0019812583923339844
301318,normal,4,0,1782362151.5633028,0.0019080638885498047
301319,normal,1244,0,1782362151.5653532,0.0020503997802734375
301320,normal,3030,0,1782362151.567399,0.002045869827270508
301321,normal,2153,0,1782362151.5692856,0.001886606216430664
301322,normal,3071,1,1782362151.5714471,0.0021615028381347656
301323,normal,3535,0,1782362151.5734355,0.0019884109497070312
301324,normal,1270,0,1782362151.575295,0.001859426498413086
301325,normal,84,0,1782362151.5774472,0.0021522045135498047
301326,normal,1229,0,1782362151.5794768,0.0020296573638916016
301327,normal,653,0,1782362151.5812974,0.0018205642700195312
301328,normal,2905,0,1782362151.5834415,0.0021440982818603516
301329,normal,702,0,1782362151.58544,0.001998424530029297
301330,normal,1093,0,1782362151.5872965,0.0018565654754638672
301331,normal,1301,0,1782362151.5894446,0.002148151397705078
301332,normal,739,0,1782362151.5914283,0.001983642578125
301333,normal,885,2,1782362151.5933013,0.001873016357421875
301334,normal,2933,0,1782362151.5954368,0.0021355152130126953
301335,normal,1719,0,1782362151.5974433,0.00200653076171875
301336,normal,2910,0,1782362151.5992708,0.0018274784088134766
301337,normal,776,2,1782362151.601445,0.0021741390228271484
301338,normal,230,0,1782362151.6034298,0.001984834671020508
301339,normal,3440,0,1782362151.6052992,0.0018694400787353516
301340,normal,3254,1,1782362151.6074338,0.002134561538696289
301341,normal,3496,0,1782362151.6094296,0.0019958019256591797
301342,normal,822,2,1782362151.6113057,0.0018761157989501953
301343,normal,1097,0,1782362151.6134434,0.0021376609802246094
301344,normal,605,0,1782362151.6154284,0.0019850730895996094
301345,normal,720,0,1782362151.6172996,0.0018711090087890625
301346,normal,2944,0,1782362151.6194394,0.0021398067474365234
301347,normal,1199,0,1782362151.6214216,0.0019822120666503906
301348,normal,901,2,1782362151.6233063,0.0018846988677978516
301349,normal,3649,0,1782362151.6254468,0.002140522003173828
301350,normal,547,0,1782362151.6274242,0.0019774436950683594
301351,normal,2725,0,1782362151.6293023,0.0018780231475830078
301352,normal,3565,0,1782362151.63144,0.0021376609802246094
301353,normal,3156,1,1782362151.6334264,0.0019865036010742188
301354,normal,860,2,1782362151.635304,0.0018775463104248047
301355,normal,2569,0,1782362151.6374323,0.0021283626556396484
301356,normal,2684,0,1782362151.639423,0.0019905567169189453
301357,normal,1476,0,1782362151.64131,0.0018870830535888672
301358,normal,617,0,1782362151.643431,0.0021209716796875
301359,normal,1489,0,1782362151.6454291,0.0019981861114501953
301360,normal,3459,0,1782362151.6473062,0.0018770694732666016
301361,normal,3056,1,1782362151.6494327,0.002126455307006836
301362,normal,1802,0,1782362151.6514244,0.001991748809814453
301363,normal,403,0,1782362151.6532962,0.0018718242645263672
301364,normal,854,2,1782362151.6554317,0.0021355152130126953
301365,normal,3368,1,1782362151.6574488,0.0020170211791992188
301366,normal,677,0,1782362151.659325,0.0018761157989501953
301367,normal,261,0,1782362151.6614518,0.002126932144165039
301368,normal,675,0,1782362151.6634529,0.002001047134399414
301369,normal,2814,0,1782362151.665317,0.0018641948699951172
301370,normal,3134,1,1782362151.6674445,0.002127408981323242
301371,normal,556,0,1782362151.6694343,0.0019898414611816406
301372,normal,1894,0,1782362151.6713154,0.0018811225891113281
301373,normal,670,0,1782362151.6734436,0.002128124237060547
301374,normal,1000,2,1782362151.6754334,0.0019898414611816406
301375,normal,2216,0,1782362151.6773188,0.0018854141235351562
301376,normal,1565,0,1782362151.6794462,0.002127408981323242
301377,normal,1265,0,1782362151.681413,0.001966714859008789
301378,normal,2225,0,1782362151.6833138,0.0019009113311767578
301379,normal,593,0,1782362151.6854472,0.0021333694458007812
301380,normal,258,0,1782362151.6874468,0.0019996166229248047
301381,normal,980,2,1782362151.6892831,0.0018362998962402344
301382,normal,2004,0,1782362151.69134,0.0020568370819091797
301383,normal,385,0,1782362151.693434,0.0020940303802490234
301384,normal,1164,0,1782362151.695317,0.0018830299377441406
301385,normal,1814,0,1782362151.6974447,0.0021276473999023438
301386,normal,428,0,1782362151.6994371,0.001992464065551758
301387,normal,1490,0,1782362151.7013373,0.0019001960754394531
301388,normal,3307,1,1782362151.7035432,0.0022058486938476562
301389,normal,1579,0,1782362151.7054732,0.0019299983978271484
301390,normal,2448,0,1782362151.7073183,0.0018451213836669922
301391,normal,1908,0,1782362151.70945,0.0021317005157470703
301392,normal,606,0,1782362151.711432,0.001981973648071289
301393,normal,2211,0,1782362151.7133195,0.0018875598907470703
301394,normal,3313,1,1782362151.715463,0.002143383026123047
301395,normal,2728,0,1782362151.7174342,0.0019712448120117188
301396,normal,3453,0,1782362151.719294,0.001859903335571289
301397,normal,1979,0,1782362151.7214663,0.002172231674194336
301398,normal,764,0,1782362151.7234342,0.001967906951904297
301399,normal,3628,0,1782362151.725309,0.001874685287475586
301400,normal,1124,0,1782362151.727444,0.002135038375854492
301401,normal,2432,0,1782362151.7294323,0.0019884109497070312
301402,normal,900,2,1782362151.731291,0.0018587112426757812
301403,normal,651,0,1782362151.7334428,0.0021517276763916016
301404,normal,1528,0,1782362151.7354293,0.0019865036010742188
301405,normal,1562,0,1782362151.7372935,0.0018641948699951172
301406,normal,3281,1,1782362151.7394428,0.002149343490600586
301407,normal,2244,0,1782362151.7414498,0.002007007598876953
301408,normal,3137,1,1782362151.7432933,0.0018434524536132812
301409,normal,1914,0,1782362151.7454436,0.002150297164916992
301410,normal,689,0,1782362151.7474425,0.0019989013671875
301411,normal,351,0,1782362151.7492943,0.001851797103881836
301412,normal,250,0,1782362151.7514453,0.002151012420654297
301413,normal,3019,0,1782362151.753431,0.001985788345336914
301414,normal,6,0,1782362151.7552958,0.0018646717071533203
301415,normal,1353,1,1782362151.7574384,0.002142667770385742
301416,normal,3240,1,1782362151.7594404,0.0020020008087158203
301417,normal,3,0,1782362151.7613015,0.0018610954284667969
301418,normal,2679,0,1782362151.7634442,0.002142667770385742
301419,normal,2260,0,1782362151.7654178,0.0019736289978027344
301420,normal,3492,0,1782362151.7672973,0.0018794536590576172
301421,normal,2433,0,1782362151.76945,0.002152681350708008
301422,normal,3567,0,1782362151.7714298,0.001979827880859375
301423,normal,2196,0,1782362151.7732983,0.0018684864044189453
301424,normal,1631,0,1782362151.775448,0.002149820327758789
301425,normal,1045,0,1782362151.7774363,0.0019881725311279297
301426,normal,2451,0,1782362151.7792943,0.0018579959869384766
301427,normal,306,0,1782362151.781457,0.0021626949310302734
301428,normal,1949,0,1782362151.7834342,0.001977205276489258
301429,normal,3632,0,1782362151.7853131,0.001878976821899414
301430,normal,2410,0,1782362151.787445,0.002131938934326172
301431,normal,525,0,1782362151.789433,0.001987934112548828
301432,normal,2887,0,1782362151.7913067,0.0018737316131591797
301433,normal,3683,0,1782362151.7934396,0.002132892608642578
301434,normal,2080,0,1782362151.7954686,0.002028942108154297
301435,normal,1775,0,1782362151.7972999,0.0018312931060791016
301436,normal,338,0,1782362151.799445,0.002145051956176758
301437,normal,1159,0,1782362151.801434,0.001989126205444336
301438,normal,2921,0,1782362151.8033,0.0018658638000488281
301439,normal,2245,0,1782362151.8054454,0.002145528793334961
301440,normal,2787,0,1782362151.80743,0.0019845962524414062
301441,normal,330,0,1782362151.8092992,0.00186920166015625
301442,normal,1657,0,1782362151.8114452,0.002146005630493164
301443,normal,1977,0,1782362151.8134341,0.0019888877868652344
301444,normal,387,0,1782362151.815303,0.0018689632415771484
301445,normal,905,2,1782362151.8173237,0.002020597457885742
301446,normal,572,0,1782362151.8194485,0.002124786376953125
301447,normal,3376,1,1782362151.8212988,0.0018503665924072266
301448,normal,1338,1,1782362151.8234437,0.0021448135375976562
301449,normal,3579,0,1782362151.8254375,0.001993894577026367
301450,normal,2383,0,1782362151.8273041,0.0018665790557861328
301451,normal,458,0,1782362151.8294423,0.0021381378173828125
301452,normal,709,0,1782362151.8314295,0.0019872188568115234
301453,normal,3356,1,1782362151.8332996,0.0018701553344726562
301454,normal,2158,0,1782362151.8354542,0.0021545886993408203
301455,normal,1182,0,1782362151.837431,0.0019767284393310547
301456,normal,3660,0,1782362151.8393574,0.001926422119140625
301457,normal,3191,1,1782362151.841456,0.002098560333251953
301458,normal,863,2,1782362151.8434317,0.0019757747650146484
301459,normal,1601,0,1782362151.845304,0.0018723011016845703
301460,normal,1942,0,1782362151.8474433,0.0021393299102783203
301461,normal,2170,0,1782362151.8494353,0.0019919872283935547
301462,normal,2173,0,1782362151.8512957,0.0018603801727294922
301463,normal,3211,1,1782362151.8534443,0.0021486282348632812
301464,normal,3121,1,1782362151.855433,0.001988649368286133
301465,normal,2286,0,1782362151.8573158,0.001882791519165039
301466,normal,3668,0,1782362151.859473,0.0021572113037109375
301467,normal,3616,0,1782362151.8614316,0.001958608627319336
301468,normal,1755,0,1782362151.863297,0.001865386962890625
301469,normal,209,0,1782362151.8654544,0.002157449722290039
301470,normal,693,0,1782362151.867344,0.0018894672393798828
301471,normal,1385,0,1782362151.869552,0.0022079944610595703
301472,normal,1809,0,1782362151.8713377,0.0017857551574707031
301473,normal,2958,0,1782362151.8734822,0.0021445751190185547
301474,normal,840,2,1782362151.875273,0.001790761947631836
301475,normal,940,2,1782362151.877448,0.0021750926971435547
301476,normal,2212,0,1782362151.8793366,0.0018885135650634766
301477,normal,1183,0,1782362151.8813496,0.002012968063354492
301478,normal,2017,0,1782362151.8836143,0.002264738082885742
301479,normal,1479,0,1782362151.8854709,0.0018565654754638672
301480,normal,2504,0,1782362151.8874323,0.0019614696502685547
301481,normal,2986,0,1782362151.889408,0.0019757747650146484
301482,normal,2217,0,1782362151.8915293,0.0021212100982666016
301483,normal,1145,0,1782362151.8933916,0.0018622875213623047
301484,normal,3517,0,1782362151.8953218,0.00193023681640625
301485,normal,3666,0,1782362151.8972821,0.001960277557373047
301486,normal,928,2,1782362151.8993745,0.0020923614501953125
301487,normal,1202,0,1782362151.9013526,0.001978158950805664
301488,normal,56,0,1782362151.9036434,0.0022907257080078125
301489,normal,1048,0,1782362151.9053226,0.0016791820526123047
301490,normal,2889,0,1782362151.9076061,0.0022835731506347656
301491,normal,2021,0,1782362151.9094665,0.0018603801727294922
301492,normal,2655,0,1782362151.9114702,0.0020036697387695312
301493,normal,1944,0,1782362151.9134717,0.002001523971557617
301494,normal,1079,0,1782362151.9156137,0.0021419525146484375
301495,normal,1406,0,1782362151.9173338,0.0017201900482177734
301496,normal,1167,0,1782362151.9196115,0.0022776126861572266
301497,normal,337,0,1782362151.921466,0.0018546581268310547
301498,normal,1236,0,1782362151.9234757,0.0020096302032470703
301499,normal,3066,1,1782362151.925463,0.0019872188568115234
301500,normal,1859,0,1782362151.9275024,0.0020394325256347656
301501,normal,2669,0,1782362151.9301763,0.0026738643646240234
301502,normal,1242,0,1782362151.9313219,0.0011456012725830078
301503,normal,622,0,1782362151.9335823,0.002260446548461914
301504,normal,3691,0,1782362151.9352944,0.0017120838165283203
301505,normal,2334,0,1782362151.9375317,0.0022373199462890625
301506,normal,784,2,1782362151.9393735,0.0018417835235595703
301507,normal,2516,0,1782362151.9412267,0.0018532276153564453
301508,normal,782,2,1782362151.9432786,0.002051830291748047
301509,normal,2421,0,1782362151.945323,0.0020444393157958984
301510,normal,2367,0,1782362151.947246,0.0019230842590332031
301511,normal,2936,0,1782362151.9492507,0.0020046234130859375
301512,normal,417,0,1782362151.9512694,0.0020186901092529297
301513,normal,355,0,1782362151.953247,0.001977682113647461
301514,normal,3196,1,1782362151.955279,0.002032041549682617
301515,normal,2496,0,1782362151.9573922,0.0021131038665771484
301516,normal,2902,0,1782362151.959252,0.001859903335571289
301517,normal,2608,0,1782362151.9614372,0.0021851062774658203
301518,normal,712,0,1782362151.9634228,0.0019855499267578125
301519,normal,1572,0,1782362151.9652674,0.001844644546508789
301520,normal,1402,0,1782362151.9674335,0.0021660327911376953
301521,normal,2329,0,1782362151.969431,0.0019974708557128906
301522,normal,20,0,1782362151.9712672,0.0018362998962402344
301523,normal,2146,0,1782362151.9735458,0.002278566360473633
301524,normal,3248,1,1782362151.9754384,0.0018925666809082031
301525,normal,2259,0,1782362151.9773026,0.0018641948699951172
301526,normal,503,0,1782362151.9794385,0.0021359920501708984
301527,normal,3157,1,1782362151.9814334,0.0019948482513427734
301528,normal,494,0,1782362151.9832714,0.0018379688262939453
301529,normal,1671,0,1782362151.9854336,0.0021622180938720703
301530,normal,185,0,1782362151.9874356,0.0020020008087158203
301531,normal,1110,0,1782362151.9892614,0.0018258094787597656
301532,normal,1688,0,1782362151.9914274,0.0021660327911376953
301533,normal,3044,0,1782362151.9934354,0.0020079612731933594
301534,normal,649,0,1782362151.9952824,0.0018470287322998047
301535,normal,2514,0,1782362151.9974372,0.002154827117919922
301536,normal,512,0,1782362151.9994402,0.0020029544830322266
301537,normal,3623,0,1782362152.0012615,0.001821279525756836
301538,normal,1819,0,1782362152.0035186,0.002257108688354492
301539,normal,2478,0,1782362152.0054297,0.001911163330078125
301540,normal,2344,0,1782362152.0072637,0.0018339157104492188
301541,normal,1188,0,1782362152.0094285,0.0021648406982421875
301542,normal,336,0,1782362152.0114284,0.0019998550415039062
301543,normal,2834,0,1782362152.0132878,0.001859426498413086
301544,normal,3327,1,1782362152.0154483,0.0021605491638183594
301545,normal,2908,0,1782362152.0174322,0.0019838809967041016
301546,normal,3317,1,1782362152.0192637,0.0018315315246582031
301547,normal,2090,0,1782362152.021433,0.002169370651245117
301548,normal,3621,0,1782362152.0234315,0.001998424530029297
301549,normal,2264,0,1782362152.0252683,0.0018367767333984375
301550,normal,3610,0,1782362152.0274267,0.0021584033966064453
301551,normal,1722,0,1782362152.0294352,0.0020084381103515625
301552,normal,2186,0,1782362152.0312622,0.0018270015716552734
301553,normal,1748,0,1782362152.0334287,0.0021665096282958984
301554,normal,1320,1,1782362152.0354338,0.0020051002502441406
301555,normal,1092,0,1782362152.0372772,0.0018434524536132812
301556,normal,2767,0,1782362152.0394623,0.0021851062774658203
301557,normal,3602,0,1782362152.041434,0.001971721649169922
301558,normal,2714,0,1782362152.0432675,0.0018334388732910156
301559,normal,1209,0,1782362152.045422,0.0021545886993408203
301560,normal,1540,0,1782362152.0474324,0.002010345458984375
301561,normal,560,0,1782362152.0492573,0.0018248558044433594
301562,normal,2055,0,1782362152.0513918,0.002134561538696289
301563,normal,1150,0,1782362152.0533152,0.0019233226776123047
301564,normal,2311,0,1782362152.05525,0.0019347667694091797
301565,normal,1764,0,1782362152.0572784,0.0020284652709960938
301566,normal,690,0,1782362152.0592773,0.0019989013671875
301567,normal,2181,0,1782362152.0612454,0.0019681453704833984
301568,normal,1404,0,1782362152.0632422,0.001996755599975586
301569,normal,2435,0,1782362152.065239,0.001996755599975586
301570,normal,3409,0,1782362152.0672598,0.0020208358764648438
301571,normal,3643,0,1782362152.069266,0.0020062923431396484
301572,normal,3101,1,1782362152.0712392,0.0019731521606445312
301573,normal,2336,0,1782362152.0732105,0.0019712448120117188
301574,normal,616,0,1782362152.0752714,0.0020608901977539062
301575,normal,894,2,1782362152.07724,0.0019686222076416016
301576,normal,3489,0,1782362152.0792093,0.0019693374633789062
301577,normal,3147,1,1782362152.0812726,0.002063274383544922
301578,normal,2518,0,1782362152.08324,0.0019674301147460938
301579,normal,1374,1,1782362152.0852084,0.0019683837890625
301580,normal,680,0,1782362152.0872734,0.002064943313598633
301581,normal,3574,0,1782362152.0892403,0.0019669532775878906
301582,normal,1064,0,1782362152.0912094,0.0019690990447998047
301583,normal,1032,0,1782362152.0932953,0.0020859241485595703
301584,normal,1146,0,1782362152.095239,0.0019435882568359375
301585,normal,2539,0,1782362152.0972104,0.0019714832305908203
301586,normal,3658,0,1782362152.0992737,0.002063274383544922
301587,normal,33,0,1782362152.1012802,0.00200653076171875
301588,normal,780,2,1782362152.103214,0.0019338130950927734
301589,normal,3450,0,1782362152.1053,0.0020859241485595703
301590,normal,2689,0,1782362152.1072571,0.0019571781158447266
301591,normal,2815,0,1782362152.109211,0.0019538402557373047
301592,normal,2401,0,1782362152.1112764,0.002065420150756836
301593,normal,2731,0,1782362152.1132414,0.001965045928955078
301594,normal,2567,0,1782362152.1152074,0.0019659996032714844
301595,normal,3260,1,1782362152.117268,0.0020606517791748047
301596,normal,970,2,1782362152.1192396,0.0019714832305908203
301597,normal,3217,1,1782362152.1212108,0.0019712448120117188
301598,normal,1390,0,1782362152.1233861,0.0021753311157226562
301599,normal,3060,1,1782362152.1254933,0.0021071434020996094
301600,normal,3239,1,1782362152.1272888,0.0017955303192138672
301601,normal,3201,1,1782362152.1299372,0.0026483535766601562
301602,normal,2163,0,1782362152.1313326,0.0013954639434814453
301603,normal,929,2,1782362152.1332839,0.0019512176513671875
301604,normal,2872,0,1782362152.1353533,0.0020694732666015625
301605,normal,109,0,1782362152.1372418,0.0018885135650634766
301606,normal,3427,0,1782362152.139227,0.0019850730895996094
301607,normal,1694,0,1782362152.1413956,0.0021686553955078125
301608,normal,2753,0,1782362152.1434002,0.0020046234130859375
301609,normal,750,0,1782362152.1452906,0.001890420913696289
301610,normal,3462,0,1782362152.1474082,0.002117633819580078
301611,normal,3183,1,1782362152.1494026,0.0019943714141845703
301612,normal,180,0,1782362152.1514049,0.002002239227294922
301613,normal,2074,0,1782362152.1534753,0.0020704269409179688
301614,normal,3560,0,1782362152.1554499,0.0019745826721191406
301615,normal,394,0,1782362152.15734,0.0018901824951171875
301616,normal,1090,0,1782362152.1594236,0.0020835399627685547
301617,normal,2013,0,1782362152.1614196,0.0019960403442382812
301618,normal,2066,0,1782362152.163303,0.0018832683563232422
301619,normal,319,0,1782362152.1654046,0.0021016597747802734
301620,normal,453,0,1782362152.1674173,0.0020127296447753906
301621,normal,2018,0,1782362152.1692946,0.0018773078918457031
301622,normal,241,0,1782362152.1714222,0.0021276473999023438
301623,normal,3325,1,1782362152.1734166,0.0019943714141845703
301624,normal,235,0,1782362152.1752982,0.0018815994262695312
301625,normal,1324,1,1782362152.1774032,0.0021049976348876953
301626,normal,2695,0,1782362152.1794212,0.002017974853515625
301627,normal,2416,0,1782362152.1813877,0.0019664764404296875
301628,normal,1667,0,1782362152.1834755,0.002087831497192383
301629,normal,575,0,1782362152.1854434,0.001967906951904297
301630,normal,662,0,1782362152.187431,0.0019876956939697266
301631,normal,369,0,1782362152.1894052,0.0019741058349609375
301632,normal,3187,1,1782362152.1915781,0.0021729469299316406
301633,normal,3005,0,1782362152.1932707,0.0016925334930419922
301634,normal,982,2,1782362152.1953979,0.0021271705627441406
301635,normal,568,0,1782362152.1974735,0.002075672149658203
301636,normal,1978,0,1782362152.199298,0.0018243789672851562
301637,normal,1325,1,1782362152.2014592,0.002161264419555664
301638,normal,2846,0,1782362152.203359,0.00189971923828125
301639,normal,1839,0,1782362152.2052782,0.0019192695617675781
301640,normal,602,0,1782362152.207417,0.002138853073120117
301641,normal,1789,0,1782362152.2094455,0.0020284652709960938
301642,normal,1373,1,1782362152.2113466,0.0019011497497558594
301643,normal,2110,0,1782362152.2134442,0.002097606658935547
301644,normal,1439,0,1782362152.2153783,0.001934051513671875
301645,normal,1852,0,1782362152.2173054,0.0019271373748779297
301646,normal,538,0,1782362152.2194047,0.002099275588989258
301647,normal,2947,0,1782362152.2214131,0.0020084381103515625
301648,normal,1160,0,1782362152.2232993,0.001886129379272461
301649,normal,158,0,1782362152.2255213,0.0022220611572265625
301650,normal,1655,0,1782362152.2273152,0.0017938613891601562
301651,normal,570,0,1782362152.2292812,0.0019659996032714844
301652,normal,2064,0,1782362152.2313845,0.0021033287048339844
301653,normal,1058,0,1782362152.233391,0.00200653076171875
301654,normal,3435,0,1782362152.2353008,0.0019097328186035156
301655,normal,65,0,1782362152.2374077,0.002106904983520508
301656,normal,1397,0,1782362152.2394507,0.002043008804321289
301657,normal,999,2,1782362152.2413206,0.0018699169158935547
301658,normal,2575,0,1782362152.243326,0.002005338668823242
301659,normal,1432,0,1782362152.2454069,0.0020809173583984375
301660,normal,1533,0,1782362152.2473576,0.0019507408142089844
301661,normal,2976,0,1782362152.2492766,0.0019190311431884766
301662,normal,842,2,1782362152.251367,0.0020904541015625
301663,normal,683,0,1782362152.2532754,0.0019083023071289062
301664,normal,529,0,1782362152.255469,0.0021936893463134766
301665,normal,1450,0,1782362152.2574449,0.0019757747650146484
301666,normal,119,0,1782362152.259358,0.0019130706787109375
301667,normal,3626,0,1782362152.2613752,0.0020172595977783203
301668,normal,2293,0,1782362152.263595,0.0022199153900146484
301669,normal,1649,0,1782362152.2653372,0.0017421245574951172
301670,normal,2956,0,1782362152.2673771,0.0020399093627929688
301671,normal,277,0,1782362152.2695842,0.002207040786743164
301672,normal,1294,0,1782362152.2712774,0.0016932487487792969
301673,normal,3116,1,1782362152.2733612,0.0020837783813476562
301674,normal,2544,0,1782362152.2753584,0.001997232437133789
301675,normal,1995,0,1782362152.277281,0.001922607421875
301676,normal,297,0,1782362152.279413,0.002131938934326172
301677,normal,960,2,1782362152.2813609,0.0019478797912597656
301678,normal,1617,0,1782362152.2832575,0.0018966197967529297
301679,normal,500,0,1782362152.2853599,0.002102375030517578
301680,normal,2914,0,1782362152.2876508,0.002290964126586914
301681,normal,3107,1,1782362152.289494,0.0018432140350341797
301682,normal,1312,0,1782362152.2913508,0.0018568038940429688
301683,normal,1321,1,1782362152.2933676,0.002016782760620117
301684,normal,114,0,1782362152.2953014,0.0019338130950927734
301685,normal,1215,0,1782362152.2973604,0.0020589828491210938
301686,normal,2145,0,1782362152.2996445,0.0022840499877929688
301687,normal,3396,1,1782362152.3012857,0.0016412734985351562
301688,normal,1426,0,1782362152.3033953,0.002109527587890625
301689,normal,3634,0,1782362152.3053584,0.0019631385803222656
301690,normal,2028,0,1782362152.3073347,0.0019762516021728516
301691,normal,1038,0,1782362152.3094008,0.0020661354064941406
301692,normal,2287,0,1782362152.311458,0.002057313919067383
301693,normal,401,0,1782362152.3134258,0.0019676685333251953
301694,normal,163,0,1782362152.3153825,0.0019567012786865234
301695,normal,236,0,1782362152.3174646,0.0020821094512939453
301696,normal,1836,0,1782362152.3194215,0.001956939697265625
301697,normal,794,2,1782362152.3213775,0.0019559860229492188
301698,normal,174,0,1782362152.3234434,0.002065896987915039
301699,normal,1796,0,1782362152.325542,0.002098560333251953
301700,normal,2962,0,1782362152.327398,0.001856088638305664
301701,normal,2380,0,1782362152.329392,0.001993894577026367
301702,normal,2263,0,1782362152.3314302,0.002038240432739258
301703,normal,459,0,1782362152.3334582,0.0020279884338378906
301704,normal,3251,1,1782362152.3353455,0.0018873214721679688
301705,normal,1428,0,1782362152.3372803,0.0019347667694091797
301706,normal,1318,0,1782362152.3394165,0.00213623046875
301707,normal,3048,1,1782362152.341367,0.0019505023956298828
301708,normal,2964,0,1782362152.3432562,0.0018892288208007812
301709,normal,1926,0,1782362152.3453507,0.0020945072174072266
301710,normal,382,0,1782362152.3473585,0.002007722854614258
301711,normal,2566,0,1782362152.3492754,0.0019168853759765625
301712,normal,1196,0,1782362152.351442,0.002166748046875
301713,normal,1661,0,1782362152.3533986,0.001956462860107422
301714,normal,2325,0,1782362152.355304,0.0019054412841796875
301715,normal,3444,0,1782362152.35739,0.0020859241485595703
301716,normal,537,0,1782362152.3593678,0.0019779205322265625
301717,normal,717,0,1782362152.3614237,0.0020558834075927734
301718,normal,34,0,1782362152.3633368,0.0019130706787109375
301719,normal,2700,0,1782362152.365382,0.002045154571533203
301720,normal,3448,0,1782362152.3673918,0.002009868621826172
301721,normal,2417,0,1782362152.3693814,0.001989603042602539
301722,normal,1773,0,1782362152.3713741,0.0019927024841308594
301723,normal,1795,0,1782362152.3733048,0.0019307136535644531
301724,normal,2970,0,1782362152.375382,0.0020771026611328125
301725,normal,425,0,1782362152.3773642,0.0019822120666503906
301726,normal,2002,0,1782362152.3793569,0.0019927024841308594
301727,normal,1840,0,1782362152.3813148,0.0019578933715820312
301728,normal,2032,0,1782362152.3833556,0.002040863037109375
301729,normal,1440,0,1782362152.385358,0.0020024776458740234
301730,normal,1077,0,1782362152.387394,0.002035856246948242
301731,normal,2283,0,1782362152.3893614,0.0019674301147460938
301732,normal,2581,0,1782362152.3914201,0.002058744430541992
301733,normal,446,0,1782362152.3933663,0.0019462108612060547
301734,normal,1520,0,1782362152.3953798,0.0020134449005126953
301735,normal,2852,0,1782362152.3973777,0.0019979476928710938
301736,normal,2555,0,1782362152.3993478,0.001970052719116211
301737,normal,177,0,1782362152.4013612,0.0020134449005126953
301738,normal,1130,0,1782362152.403357,0.0019958019256591797
301739,normal,49,0,1782362152.4053664,0.0020093917846679688
301740,normal,850,2,1782362152.407588,0.0022215843200683594
301741,normal,2335,0,1782362152.4092698,0.0016818046569824219
301742,normal,2974,0,1782362152.411407,0.0021371841430664062
301743,normal,1660,0,1782362152.4133952,0.0019881725311279297
301744,normal,1707,0,1782362152.415503,0.002107858657836914
301745,normal,3543,0,1782362152.41727,0.0017669200897216797
301746,normal,2949,0,1782362152.4194384,0.002168416976928711
301747,normal,3423,0,1782362152.4213843,0.0019459724426269531
301748,normal,3655,0,1782362152.4232423,0.0018579959869384766
301749,normal,1934,0,1782362152.42531,0.00206756591796875
301750,normal,3245,1,1782362152.4271944,0.00188446044921875
301751,normal,266,0,1782362152.429343,0.0021486282348632812
301752,normal,2036,0,1782362152.431339,0.0019960403442382812
301753,normal,3561,0,1782362152.4331932,0.0018541812896728516
301754,normal,1812,0,1782362152.4353046,0.0021114349365234375
301755,normal,9,0,1782362152.4373055,0.0020008087158203125
301756,normal,2423,0,1782362152.4395323,0.0022268295288085938
301757,normal,580,0,1782362152.4414349,0.0019025802612304688
301758,normal,489,0,1782362152.443267,0.0018322467803955078
301759,normal,3153,1,1782362152.4452047,0.0019376277923583984
301760,normal,3167,1,1782362152.447315,0.0021102428436279297
301761,normal,914,2,1782362152.44933,0.0020151138305664062
301762,normal,2698,0,1782362152.451289,0.0019588470458984375
301763,normal,3704,0,1782362152.4532738,0.001984834671020508
301764,normal,2950,0,1782362152.4553103,0.002036571502685547
301765,normal,1893,0,1782362152.4572043,0.0018939971923828125
301766,normal,1927,0,1782362152.4593422,0.002137899398803711
301767,normal,1730,0,1782362152.4613335,0.00199127197265625
301768,normal,1142,0,1782362152.46343,0.002096414566040039
301769,normal,3593,0,1782362152.4654374,0.0020074844360351562
301770,normal,97,0,1782362152.4673483,0.0019109249114990234
301771,normal,420,0,1782362152.4692578,0.001909494400024414
301772,normal,3474,0,1782362152.4712842,0.0020263195037841797
301773,normal,1709,0,1782362152.4733438,0.0020596981048583984
301774,normal,3398,1,1782362152.4752538,0.0019099712371826172
301775,normal,2102,0,1782362152.4774048,0.002151012420654297
301776,normal,2833,0,1782362152.4793928,0.001987934112548828
301777,normal,667,0,1782362152.4812033,0.0018105506896972656
301778,normal,624,0,1782362152.4833672,0.0021638870239257812
301779,normal,325,0,1782362152.4853618,0.001994609832763672
301780,normal,1226,0,1782362152.4871955,0.0018336772918701172
301781,normal,1371,1,1782362152.489293,0.002097606658935547
301782,normal,1976,0,1782362152.4912953,0.002002239227294922
301783,normal,3426,0,1782362152.4931989,0.001903533935546875
301784,normal,231,0,1782362152.495294,0.0020952224731445312
301785,normal,2812,0,1782362152.4972863,0.0019922256469726562
301786,normal,2131,0,1782362152.499203,0.001916646957397461
301787,normal,1212,0,1782362152.501311,0.0021080970764160156
301788,normal,3259,1,1782362152.50335,0.0020389556884765625
301789,normal,3366,1,1782362152.5052624,0.0019123554229736328
301790,normal,1904,0,1782362152.507195,0.0019326210021972656
301791,normal,633,0,1782362152.50931,0.002115011215209961
301792,normal,1957,0,1782362152.511239,0.0019290447235107422
301793,normal,36,0,1782362152.5132594,0.0020203590393066406
301794,normal,1204,0,1782362152.515319,0.0020596981048583984
301795,normal,1156,0,1782362152.5171897,0.0018706321716308594
301796,normal,2643,0,1782362152.5192993,0.002109527587890625
301797,normal,872,2,1782362152.5213115,0.0020122528076171875
301798,normal,332,0,1782362152.523213,0.001901388168334961
301799,normal,2844,0,1782362152.5253005,0.0020875930786132812
301800,normal,107,0,1782362152.5273917,0.0020911693572998047
301801,normal,347,0,1782362152.5292377,0.0018460750579833984
301802,normal,2284,0,1782362152.531303,0.0020651817321777344
301803,normal,1109,0,1782362152.5333054,0.0020024776458740234
301804,normal,1253,0,1782362152.5352023,0.0018968582153320312
301805,normal,1793,0,1782362152.5372798,0.0020775794982910156
301806,normal,3198,1,1782362152.5392876,0.002007722854614258
301807,normal,3288,1,1782362152.5412183,0.0019307136535644531
301808,normal,216,0,1782362152.543315,0.0020966529846191406
301809,normal,265,0,1782362152.5453238,0.0020089149475097656
301810,normal,2117,0,1782362152.547268,0.0019440650939941406
301811,normal,1091,0,1782362152.5492513,0.0019834041595458984
301812,normal,3522,0,1782362152.5512884,0.00203704833984375
301813,normal,3075,1,1782362152.5532143,0.0019259452819824219
301814,normal,1943,0,1782362152.555295,0.002080678939819336
301815,normal,1635,0,1782362152.5572708,0.0019757747650146484
301816,normal,3607,0,1782362152.559181,0.0019102096557617188
301817,normal,1938,0,1782362152.561283,0.0021021366119384766
301818,normal,2759,0,1782362152.56334,0.0020568370819091797
301819,normal,117,0,1782362152.5652332,0.0018932819366455078
301820,normal,455,0,1782362152.5672483,0.0020151138305664062
301821,normal,1175,0,1782362152.5693293,0.0020809173583984375
301822,normal,2356,0,1782362152.5713944,0.0020651817321777344
301823,normal,2597,0,1782362152.5732386,0.001844167709350586
301824,normal,2350,0,1782362152.5753703,0.0021317005157470703
301825,normal,1358,1,1782362152.5772688,0.0018985271453857422
301826,normal,1589,0,1782362152.5792365,0.0019676685333251953
301827,normal,1120,0,1782362152.5812616,0.002025127410888672
301828,normal,759,0,1782362152.5831776,0.0019159317016601562
301829,normal,1231,0,1782362152.5852656,0.0020880699157714844
301830,normal,3082,1,1782362152.5872934,0.002027750015258789
301831,normal,1861,0,1782362152.58918,0.001886606216430664
301832,normal,3185,1,1782362152.5912635,0.0020835399627685547
301833,normal,3557,0,1782362152.5932682,0.0020046234130859375
301834,normal,1734,0,1782362152.5951934,0.0019252300262451172
301835,normal,253,0,1782362152.5976377,0.0024442672729492188
301836,normal,1930,0,1782362152.599359,0.0017213821411132812
301837,normal,287,0,1782362152.6012027,0.0018436908721923828
301838,normal,1749,0,1782362152.6032655,0.0020627975463867188
301839,normal,2415,0,1782362152.6052725,0.002007007598876953
301840,normal,1240,0,1782362152.6071873,0.0019147396087646484
301841,normal,267,0,1782362152.609327,0.0021398067474365234
301842,normal,1492,0,1782362152.61127,0.0019428730010986328
301843,normal,878,2,1782362152.6131787,0.0019087791442871094
301844,normal,2395,0,1782362152.6152709,0.002092123031616211
301845,normal,252,0,1782362152.6172755,0.0020046234130859375
301846,normal,344,0,1782362152.619195,0.0019195079803466797
301847,normal,1564,0,1782362152.6213043,0.0021092891693115234
301848,normal,2638,0,1782362152.6233726,0.0020682811737060547
301849,normal,2666,0,1782362152.6252325,0.001859903335571289
301850,normal,948,2,1782362152.6272402,0.002007722854614258
301851,normal,305,0,1782362152.6293736,0.0021333694458007812
301852,normal,1932,0,1782362152.631223,0.0018494129180908203
301853,normal,1858,0,1782362152.6333592,0.00213623046875
301854,normal,733,0,1782362152.6354249,0.0020656585693359375
301855,normal,2505,0,1782362152.6372979,0.001873016357421875
301856,normal,3130,1,1782362152.639219,0.0019211769104003906
301857,normal,2337,0,1782362152.6413898,0.0021708011627197266
301858,normal,2252,0,1782362152.643311,0.0019211769104003906
301859,normal,2203,0,1782362152.645271,0.0019600391387939453
301860,normal,1958,0,1782362152.647334,0.0020630359649658203
301861,normal,3367,1,1782362152.649511,0.002177000045776367
301862,normal,3202,1,1782362152.6512866,0.001775503158569336
301863,normal,2190,0,1782362152.6533866,0.0020999908447265625
301864,normal,1288,0,1782362152.6552777,0.0018911361694335938
301865,normal,2657,0,1782362152.6573935,0.0021157264709472656
301866,normal,2307,0,1782362152.659419,0.002025604248046875
301867,normal,2054,0,1782362152.661348,0.0019290447235107422
301868,normal,246,0,1782362152.6633592,0.0020110607147216797
301869,normal,99,0,1782362152.6653802,0.0020210742950439453
301870,normal,661,0,1782362152.6673024,0.0019221305847167969
301871,normal,2532,0,1782362152.669439,0.002136707305908203
301872,normal,3244,1,1782362152.671459,0.0020198822021484375
301873,normal,2513,0,1782362152.6733356,0.0018765926361083984
301874,normal,1798,0,1782362152.6752796,0.0019440650939941406
301875,normal,3322,1,1782362152.67743,0.002150297164916992
301876,normal,2413,0,1782362152.6793106,0.001880645751953125
301877,normal,1268,0,1782362152.6813104,0.0019998550415039062
301878,normal,1349,1,1782362152.6834242,0.002113819122314453
301879,normal,738,0,1782362152.685397,0.001972675323486328
301880,normal,2794,0,1782362152.68728,0.0018830299377441406
301881,normal,1792,0,1782362152.689377,0.0020971298217773438
301882,normal,700,0,1782362152.6912737,0.0018966197967529297
301883,normal,1224,0,1782362152.6933959,0.002122163772583008
301884,normal,646,0,1782362152.6953733,0.0019774436950683594
301885,normal,1408,0,1782362152.6973162,0.0019428730010986328
301886,normal,3042,0,1782362152.6994328,0.002116680145263672
301887,normal,2682,0,1782362152.701456,0.0020232200622558594
301888,normal,3365,1,1782362152.703361,0.0019049644470214844
301889,normal,1614,0,1782362152.7053201,0.001959085464477539
301890,normal,2152,0,1782362152.7074065,0.0020864009857177734
301891,normal,3554,0,1782362152.7093601,0.001953601837158203
301892,normal,775,2,1782362152.7112763,0.0019161701202392578
301893,normal,2011,0,1782362152.7133996,0.0021233558654785156
301894,normal,1829,0,1782362152.715271,0.001871347427368164
301895,normal,2863,0,1782362152.7174675,0.0021965503692626953
301896,normal,371,0,1782362152.7193482,0.001880645751953125
301897,normal,2178,0,1782362152.7213485,0.0020003318786621094
301898,normal,638,0,1782362152.723399,0.0020503997802734375
301899,normal,2280,0,1782362152.7256582,0.0022592544555664062
301900,normal,3237,1,1782362152.727304,0.001645803451538086
301901,normal,2527,0,1782362152.7294002,0.0020961761474609375
301902,normal,2899,0,1782362152.7314658,0.0020656585693359375
301903,normal,3596,0,1782362152.7332506,0.0017848014831542969
301904,normal,1509,0,1782362152.735311,0.002060413360595703
301905,normal,2279,0,1782362152.737302,0.0019910335540771484
301906,normal,3142,1,1782362152.739299,0.0019969940185546875
301907,normal,3400,1,1782362152.7412722,0.0019731521606445312
301908,normal,2997,0,1782362152.7432868,0.002014636993408203
301909,normal,2364,0,1782362152.7452943,0.0020074844360351562
301910,normal,1612,0,1782362152.7472858,0.0019915103912353516
301911,normal,217,0,1782362152.749378,0.002092123031616211
301912,normal,1020,2,1782362152.751474,0.002095937728881836
301913,normal,876,2,1782362152.7532423,0.001768350601196289
301914,normal,35,0,1782362152.7552972,0.002054929733276367
301915,normal,607,0,1782362152.7572944,0.001997232437133789
301916,normal,1896,0,1782362152.7593043,0.002009868621826172
301917,normal,3402,0,1782362152.7613747,0.0020704269409179688
301918,normal,2029,0,1782362152.7632878,0.0019130706787109375
301919,normal,300,0,1782362152.765291,0.002003192901611328
301920,normal,1118,0,1782362152.7672966,0.0020055770874023438
301921,normal,1029,2,1782362152.7693179,0.002021312713623047
301922,normal,321,0,1782362152.771327,0.002009153366088867
301923,normal,1073,0,1782362152.7733238,0.001996755599975586
301924,normal,1810,0,1782362152.7753017,0.0019779205322265625
301925,normal,3661,0,1782362152.777312,0.002010345458984375
301926,normal,561,0,1782362152.7793648,0.002052783966064453
301927,normal,3637,0,1782362152.7817848,0.0024199485778808594
301928,normal,3039,0,1782362152.7834992,0.001714468002319336
301929,normal,924,2,1782362152.7852366,0.001737356185913086
301930,normal,2545,0,1782362152.7872958,0.0020592212677001953
301931,normal,3428,0,1782362152.789254,0.001958131790161133
301932,normal,123,0,1782362152.7913384,0.002084493637084961
301933,normal,1282,0,1782362152.793313,0.0019745826721191406
301934,normal,3268,1,1782362152.7954493,0.00213623046875
301935,normal,1873,0,1782362152.7972972,0.001847982406616211
301936,normal,2577,0,1782362152.7996044,0.0023071765899658203
301937,normal,620,0,1782362152.8015428,0.0019383430480957031
301938,normal,2811,0,1782362152.803264,0.0017211437225341797
301939,normal,191,0,1782362152.80532,0.002056121826171875
301940,normal,1735,0,1782362152.8073754,0.0020554065704345703
301941,normal,2571,0,1782362152.8093853,0.002009868621826172
301942,normal,1314,0,1782362152.8113022,0.0019168853759765625
301943,normal,722,0,1782362152.8133814,0.0020792484283447266
301944,normal,1881,0,1782362152.8153946,0.0020132064819335938
301945,normal,2299,0,1782362152.817317,0.0019223690032958984
301946,normal,3074,1,1782362152.8194423,0.002125263214111328
301947,normal,203,0,1782362152.8214705,0.002028226852416992
301948,normal,1189,0,1782362152.8232946,0.0018241405487060547
301949,normal,1518,0,1782362152.8254108,0.0021162033081054688
301950,normal,88,0,1782362152.8274298,0.0020189285278320312
301951,normal,2182,0,1782362152.8293488,0.0019190311431884766
301952,normal,186,0,1782362152.8313637,0.0020148754119873047
301953,normal,2482,0,1782362152.8333776,0.0020139217376708984
301954,normal,1011,2,1782362152.8352935,0.0019159317016601562
301955,normal,3419,0,1782362152.8374007,0.0021071434020996094
301956,normal,2224,0,1782362152.8394043,0.0020036697387695312
301957,normal,1588,0,1782362152.841308,0.0019037723541259766
301958,normal,1541,0,1782362152.8433964,0.002088308334350586
301959,normal,413,0,1782362152.845411,0.002014636993408203
301960,normal,3013,0,1782362152.8472764,0.001865386962890625
301961,normal,1555,0,1782362152.8493729,0.002096414566040039
301962,normal,1919,0,1782362152.8513827,0.002009868621826172
301963,normal,2151,0,1782362152.8532734,0.0018906593322753906
301964,normal,3216,1,1782362152.8553836,0.0021102428436279297
301965,normal,1885,0,1782362152.85743,0.002046346664428711
301966,normal,3334,1,1782362152.859348,0.0019180774688720703
301967,normal,713,0,1782362152.8613694,0.002021312713623047
301968,normal,2277,0,1782362152.8634362,0.0020668506622314453
301969,normal,1474,0,1782362152.8653002,0.0018639564514160156
301970,normal,1291,0,1782362152.8674026,0.002102375030517578
301971,normal,931,2,1782362152.8692968,0.001894235610961914
301972,normal,678,0,1782362152.871265,0.0019681453704833984
301973,normal,637,0,1782362152.8732529,0.001987934112548828
301974,normal,1687,0,1782362152.875246,0.0019931793212890625
301975,normal,2221,0,1782362152.8772964,0.0020503997802734375
301976,normal,502,0,1782362152.8792198,0.0019233226776123047
301977,normal,3280,1,1782362152.8813837,0.0021638870239257812
301978,normal,2116,0,1782362152.8833575,0.001973867416381836
301979,normal,2095,0,1782362152.8853915,0.0020339488983154297
301980,normal,1846,0,1782362152.887375,0.001983642578125
301981,normal,2960,0,1782362152.8893762,0.002001047134399414
301982,normal,2978,0,1782362152.8913255,0.001949310302734375
301983,normal,3171,1,1782362152.893338,0.002012491226196289
301984,normal,94,0,1782362152.8953884,0.0020503997802734375
301985,normal,2654,0,1782362152.897283,0.0018947124481201172
301986,normal,3057,1,1782362152.8994038,0.0021207332611083984
301987,normal,280,0,1782362152.901299,0.0018951892852783203
301988,normal,3576,0,1782362152.9033248,0.0020258426666259766
301989,normal,1413,0,1782362152.9053664,0.0020415782928466797
301990,normal,1095,0,1782362152.907275,0.0019085407257080078
301991,normal,2232,0,1782362152.909489,0.0022139549255371094
301992,normal,129,0,1782362152.9115303,0.002041339874267578
301993,normal,3165,1,1782362152.9132526,0.0017223358154296875
301994,normal,1417,0,1782362152.9153452,0.002092599868774414
301995,normal,384,0,1782362152.9173625,0.0020172595977783203
301996,normal,3380,1,1782362152.9193602,0.001997709274291992
301997,normal,2035,0,1782362152.921342,0.0019817352294921875
301998,normal,11,0,1782362152.9234798,0.002137899398803711
301999,normal,3351,1,1782362152.9252226,0.0017428398132324219
302000,normal,898,2,1782362152.9273667,0.0021440982818603516
302001,normal,1776,0,1782362152.9293683,0.002001523971557617
302002,normal,3275,1,1782362152.9313045,0.001936197280883789
302003,normal,1205,0,1782362152.9334147,0.0021102428436279297
302004,normal,1778,0,1782362152.9356031,0.002188444137573242
302005,normal,3017,0,1782362152.9374888,0.0018856525421142578
302006,normal,973,2,1782362152.9394586,0.0019698143005371094
302007,normal,1279,0,1782362152.9415374,0.0020787715911865234
302008,normal,1302,0,1782362152.9433503,0.0018129348754882812
302009,normal,3247,1,1782362152.9454734,0.002123117446899414
302010,normal,121,0,1782362152.9473765,0.0019030570983886719
302011,normal,2746,0,1782362152.949613,0.002236604690551758
302012,normal,3512,0,1782362152.951462,0.0018489360809326172
302013,normal,3079,1,1782362152.9535596,0.002097606658935547
302014,normal,877,2,1782362152.955278,0.001718282699584961
302015,normal,3155,1,1782362152.95776,0.002482175827026367
302016,normal,1797,0,1782362152.9595134,0.0017533302307128906
302017,normal,2903,0,1782362152.961293,0.0017795562744140625
302018,normal,2348,0,1782362152.9633896,0.0020966529846191406
302019,normal,182,0,1782362152.9654682,0.002078533172607422
302020,normal,1361,1,1782362152.9673784,0.0019102096557617188
302021,normal,125,0,1782362152.969375,0.0019965171813964844
302022,normal,148,0,1782362152.9714692,0.002094268798828125
302023,normal,1611,0,1782362152.973348,0.0018787384033203125
302024,normal,1433,0,1782362152.9754252,0.002077341079711914
302025,normal,1994,0,1782362152.9774485,0.0020232200622558594
302026,normal,357,0,1782362152.9794042,0.001955747604370117
302027,normal,224,0,1782362152.9814048,0.002000570297241211
302028,normal,1060,0,1782362152.9833908,0.0019860267639160156
302029,normal,1543,0,1782362152.9854207,0.002029895782470703
302030,normal,1206,0,1782362152.9873807,0.0019600391387939453
302031,normal,1767,0,1782362152.9894698,0.0020890235900878906
302032,normal,3058,1,1782362152.9912956,0.0018258094787597656
302033,normal,571,0,1782362152.9933941,0.002098560333251953
302034,normal,3698,0,1782362152.9954267,0.0020325183868408203
302035,normal,2404,0,1782362152.9973788,0.0019521713256835938
302036,normal,2685,0,1782362152.999542,0.0021631717681884766
302037,normal,1503,0,1782362153.0013843,0.0018422603607177734
302038,normal,972,2,1782362153.0034397,0.0020554065704345703
302039,normal,2676,0,1782362153.0054054,0.001965761184692383
302040,normal,322,0,1782362153.007407,0.002001523971557617
302041,normal,178,0,1782362153.0093563,0.001949310302734375
302042,normal,262,0,1782362153.0114117,0.0020554065704345703
302043,normal,1372,1,1782362153.013413,0.0020012855529785156
302044,normal,3159,1,1782362153.015354,0.0019409656524658203
302045,normal,2690,0,1782362153.0174356,0.002081632614135742
302046,normal,2132,0,1782362153.0194528,0.0020172595977783203
302047,normal,3696,0,1782362153.0214043,0.001951456069946289
302048,normal,565,0,1782362153.0233803,0.00197601318359375
302049,normal,2930,0,1782362153.025455,0.002074718475341797
302050,normal,579,0,1782362153.0272725,0.001817464828491211
302051,normal,2757,0,1782362153.0294316,0.00215911865234375
302052,normal,3569,0,1782362153.0314534,0.00202178955078125
302053,normal,76,0,1782362153.0332518,0.001798391342163086
302054,normal,2870,0,1782362153.0354044,0.002152681350708008
302055,normal,907,2,1782362153.037409,0.0020046234130859375
302056,normal,1122,0,1782362153.0393524,0.001943349838256836
302057,normal,1523,0,1782362153.041499,0.002146482467651367
302058,normal,2607,0,1782362153.0434043,0.0019054412841796875
302059,normal,3090,1,1782362153.0454707,0.002066373825073242
302060,normal,2683,0,1782362153.0473237,0.0018529891967773438
302061,normal,2172,0,1782362153.0495958,0.0022721290588378906
302062,normal,688,0,1782362153.051314,0.001718282699584961
302063,normal,2227,0,1782362153.0535007,0.0021865367889404297
302064,normal,3088,1,1782362153.055442,0.0019414424896240234
302065,normal,3258,1,1782362153.0573733,0.0019311904907226562
302066,normal,2442,0,1782362153.0593514,0.001978158950805664
302067,normal,1056,0,1782362153.0614018,0.0020503997802734375
302068,normal,1777,0,1782362153.0633435,0.001941680908203125
302069,normal,2857,0,1782362153.065487,0.002143383026123047
302070,normal,2795,0,1782362153.0673673,0.0018804073333740234
302071,normal,1862,0,1782362153.0693016,0.0019342899322509766
302072,normal,3293,1,1782362153.0713942,0.002092599868774414
302073,normal,400,0,1782362153.073397,0.002002716064453125
302074,normal,952,2,1782362153.07538,0.001983165740966797
302075,normal,3206,1,1782362153.0777433,0.0023632049560546875
302076,normal,3164,1,1782362153.079408,0.0016646385192871094
302077,normal,3213,1,1782362153.081315,0.0019071102142333984
302078,normal,1096,0,1782362153.083402,0.0020868778228759766
302079,normal,592,0,1782362153.0854068,0.002004861831665039
302080,normal,674,0,1782362153.087351,0.0019443035125732422
302081,normal,2891,0,1782362153.0894804,0.0021293163299560547
302082,normal,61,0,1782362153.0913715,0.0018911361694335938
302083,normal,212,0,1782362153.093399,0.0020275115966796875
302084,normal,1399,0,1782362153.0953517,0.0019526481628417969
302085,normal,349,0,1782362153.0974143,0.002062559127807617
302086,normal,682,0,1782362153.099363,0.0019488334655761719
302087,normal,1731,0,1782362153.1014423,0.0020792484283447266
302088,normal,278,0,1782362153.1034698,0.0020275115966796875
302089,normal,381,0,1782362153.1053555,0.0018856525421142578
302090,normal,201,0,1782362153.1074133,0.002057790756225586
302091,normal,2703,0,1782362153.1094875,0.0020742416381835938
302092,normal,1152,0,1782362153.1113224,0.001834869384765625
302093,normal,3504,0,1782362153.1134346,0.002112150192260742
302094,normal,950,2,1782362153.115516,0.0020813941955566406
302095,normal,3571,0,1782362153.1174104,0.0018944740295410156
302096,normal,214,0,1782362153.1194434,0.0020329952239990234
302097,normal,922,2,1782362153.121408,0.001964569091796875
302098,normal,3514,0,1782362153.12344,0.002032041549682617
302099,normal,2672,0,1782362153.125413,0.0019729137420654297
302100,normal,2662,0,1782362153.127422,0.002009153366088867
302101,normal,1435,0,1782362153.1293743,0.0019521713256835938
302102,normal,808,2,1782362153.1317244,0.0023500919342041016
302103,normal,3143,1,1782362153.1333313,0.0016069412231445312
302104,normal,268,0,1782362153.1353567,0.0020253658294677734
302105,normal,1603,0,1782362153.1374068,0.002050161361694336
302106,normal,1988,0,1782362153.1393948,0.001987934112548828
302107,normal,144,0,1782362153.1412568,0.0018620491027832031
302108,normal,3564,0,1782362153.1434274,0.002170562744140625
302109,normal,2393,0,1782362153.145468,0.0020406246185302734
302110,normal,2635,0,1782362153.1473217,0.0018537044525146484
302111,normal,642,0,1782362153.1494534,0.0021317005157470703
302112,normal,1937,0,1782362153.1513753,0.0019218921661376953
302113,normal,610,0,1782362153.1533644,0.001989126205444336
302114,normal,1366,1,1782362153.1553454,0.001981019973754883
302115,normal,286,0,1782362153.1574566,0.002111196517944336
302116,normal,613,0,1782362153.1592922,0.0018355846405029297
302117,normal,184,0,1782362153.1613734,0.002081155776977539
302118,normal,2475,0,1782362153.163409,0.0020356178283691406
302119,normal,1552,0,1782362153.165298,0.0018889904022216797
302120,normal,316,0,1782362153.167336,0.0020380020141601562
302121,normal,450,0,1782362153.1694083,0.0020723342895507812
302122,normal,508,0,1782362153.1712766,0.0018682479858398438
302123,normal,1922,0,1782362153.17345,0.0021734237670898438
302124,normal,1108,0,1782362153.1754212,0.0019712448120117188
302125,normal,1398,0,1782362153.1773586,0.0019373893737792969
302126,normal,3415,0,1782362153.1794224,0.002063751220703125
302127,normal,2073,0,1782362153.1814172,0.0019948482513427734
302128,normal,3004,0,1782362153.1833572,0.001940011978149414
302129,normal,3049,1,1782362153.1854403,0.0020830631256103516
302130,normal,2816,0,1782362153.1874552,0.0020148754119873047
302131,normal,2272,0,1782362153.1893485,0.0018932819366455078
302132,normal,1644,0,1782362153.1915684,0.0022199153900146484
302133,normal,1770,0,1782362153.1934402,0.0018718242645263672
302134,normal,1290,0,1782362153.1952937,0.0018534660339355469
302135,normal,2208,0,1782362153.1975093,0.0022156238555908203
302136,normal,965,2,1782362153.1994507,0.0019414424896240234
302137,normal,2411,0,1782362153.2012653,0.0018146038055419922
302138,normal,3077,1,1782362153.20342,0.0021545886993408203
302139,normal,29,0,1782362153.2053933,0.001973390579223633
302140,normal,963,2,1782362153.2073317,0.0019383430480957031
302141,normal,1759,0,1782362153.2094736,0.0021419525146484375
302142,normal,1271,0,1782362153.2113922,0.0019185543060302734
302143,normal,1472,0,1782362153.2134333,0.0020411014556884766
302144,normal,171,0,1782362153.2153199,0.001886606216430664
302145,normal,18,0,1782362153.2176113,0.002291440963745117
302146,normal,223,0,1782362153.2193184,0.0017070770263671875
302147,normal,197,0,1782362153.221489,0.002170562744140625
302148,normal,1695,0,1782362153.2234848,0.0019958019256591797
302149,normal,757,0,1782362153.2253,0.0018153190612792969
302150,normal,1354,1,1782362153.227378,0.002077817916870117
302151,normal,603,0,1782362153.2293723,0.0019943714141845703
302152,normal,933,2,1782362153.2313237,0.001951456069946289
302153,normal,479,0,1782362153.233438,0.0021142959594726562
302154,normal,932,2,1782362153.2354202,0.0019822120666503906
302155,normal,1391,0,1782362153.237323,0.0019028186798095703
302156,normal,1359,1,1782362153.239379,0.0020558834075927734
302157,normal,1099,0,1782362153.2413692,0.0019903182983398438
302158,normal,19,0,1782362153.2434328,0.0020635128021240234
302159,normal,3282,1,1782362153.2458,0.002367258071899414
302160,normal,5,0,1782362153.2474234,0.001623392105102539
302161,normal,2037,0,1782362153.2492392,0.0018157958984375
302162,normal,30,0,1782362153.2513838,0.0021445751190185547
302163,normal,1194,0,1782362153.2533906,0.0020067691802978516
302164,normal,1850,0,1782362153.255346,0.0019555091857910156
302165,normal,75,0,1782362153.257477,0.0021309852600097656
302166,normal,1327,1,1782362153.259418,0.0019409656524658203
302167,normal,1251,0,1782362153.2613244,0.0019063949584960938
302168,normal,3272,1,1782362153.2633936,0.002069234848022461
302169,normal,1070,0,1782362153.265392,0.001998424530029297
302170,normal,2168,0,1782362153.267342,0.0019500255584716797
302171,normal,735,0,1782362153.2693968,0.0020546913146972656
302172,normal,577,0,1782362153.2714906,0.002093791961669922
302173,normal,1726,0,1782362153.273338,0.0018475055694580078
302174,normal,2331,0,1782362153.2754347,0.0020966529846191406
302175,normal,3250,1,1782362153.2774448,0.0020101070404052734
302176,normal,3252,1,1782362153.2793267,0.0018818378448486328
302177,normal,2694,0,1782362153.281421,0.002094268798828125
302178,normal,1317,0,1782362153.2834735,0.0020525455474853516
302179,normal,2091,0,1782362153.2854323,0.0019588470458984375
302180,normal,1863,0,1782362153.2874691,0.0020368099212646484
302181,normal,626,0,1782362153.2893896,0.001920461654663086
302182,normal,448,0,1782362153.2914064,0.002016782760620117
302183,normal,3465,0,1782362153.2934175,0.0020110607147216797
302184,normal,1023,2,1782362153.2953959,0.0019783973693847656
302185,normal,1059,0,1782362153.2973511,0.001955270767211914
302186,normal,449,0,1782362153.2994232,0.0020720958709716797
302187,normal,2235,0,1782362153.3014216,0.001998424530029297
302188,normal,362,0,1782362153.3032541,0.0018324851989746094
302189,normal,2332,0,1782362153.3053775,0.0021233558654785156
302190,normal,3432,0,1782362153.3073924,0.0020148754119873047
302191,normal,2806,0,1782362153.3093433,0.001950979232788086
302192,normal,249,0,1782362153.311423,0.0020797252655029297
302193,normal,2377,0,1782362153.3134353,0.0020122528076171875
302194,normal,1853,0,1782362153.315417,0.0019817352294921875
302195,normal,2379,0,1782362153.3173022,0.0018851757049560547
302196,normal,3528,0,1782362153.3193948,0.002092599868774414
302197,normal,2161,0,1782362153.3213735,0.001978635787963867
302198,normal,2878,0,1782362153.3234234,0.0020499229431152344
302199,normal,564,0,1782362153.3254447,0.002021312713623047
302200,normal,1427,0,1782362153.3272479,0.0018031597137451172
302201,normal,1460,0,1782362153.329406,0.0021581649780273438
302202,normal,1367,1,1782362153.3314023,0.001996278762817383
302203,normal,650,0,1782362153.3333542,0.0019519329071044922
302204,normal,2275,0,1782362153.3354132,0.0020589828491210938
302205,normal,3279,1,1782362153.3374102,0.0019969940185546875
302206,normal,1951,0,1782362153.3394642,0.002053976058959961
302207,normal,3103,1,1782362153.3412435,0.001779317855834961
302208,normal,976,2,1782362153.3433874,0.00214385986328125
302209,normal,3685,0,1782362153.3453407,0.0019533634185791016
302210,normal,3451,0,1782362153.3473895,0.0020487308502197266
302211,normal,2596,0,1782362153.349529,0.002139568328857422
302212,normal,1602,0,1782362153.351315,0.0017859935760498047
302213,normal,441,0,1782362153.353459,0.00214385986328125
302214,normal,2501,0,1782362153.355471,0.002012014389038086
302215,normal,1620,0,1782362153.3573074,0.001836538314819336
302216,normal,3209,1,1782362153.3594973,0.0021898746490478516
302217,normal,2985,0,1782362153.3613746,0.0018773078918457031
302218,normal,1237,0,1782362153.3633683,0.0019936561584472656
302219,normal,2563,0,1782362153.3654041,0.002035856246948242
302220,normal,2042,0,1782362153.3674116,0.0020074844360351562
302221,normal,3253,1,1782362153.36933,0.0019183158874511719
302222,normal,3414,0,1782362153.3713896,0.0020596981048583984
302223,normal,531,0,1782362153.373386,0.001996278762817383
302224,normal,1018,2,1782362153.3753955,0.0020096302032470703
302225,normal,378,0,1782362153.3773584,0.001962900161743164
302226,normal,852,2,1782362153.379453,0.0020945072174072266
302227,normal,2996,0,1782362153.3813472,0.001894235610961914
302228,normal,1186,0,1782362153.3834643,0.002117156982421875
302229,normal,2792,0,1782362153.385462,0.001997709274291992
302230,normal,3064,1,1782362153.3872983,0.0018362998962402344
302231,normal,2250,0,1782362153.389465,0.002166748046875
302232,normal,471,0,1782362153.3915274,0.0020623207092285156
302233,normal,1733,0,1782362153.3932433,0.0017158985137939453
302234,normal,2129,0,1782362153.3953795,0.00213623046875
302235,normal,2719,0,1782362153.3973763,0.001996755599975586
302236,normal,2941,0,1782362153.3993242,0.0019478797912597656
302237,normal,766,0,1782362153.401438,0.002113819122314453
302238,normal,774,2,1782362153.403327,0.0018889904022216797
302239,normal,3559,0,1782362153.405371,0.0020439624786376953
302240,normal,130,0,1782362153.4073756,0.0020046234130859375
302241,normal,491,0,1782362153.409374,0.001998424530029297
302242,normal,2805,0,1782362153.4115622,0.0021882057189941406
302243,normal,2412,0,1782362153.413442,0.0018796920776367188
302244,normal,257,0,1782362153.4154153,0.001973390579223633
302245,normal,3591,0,1782362153.4173322,0.0019168853759765625
302246,normal,2343,0,1782362153.4193935,0.0020613670349121094
302247,normal,3332,1,1782362153.4213817,0.0019881725311279297
302248,normal,3319,1,1782362153.423288,0.0019063949584960938
302249,normal,1170,0,1782362153.425507,0.002218961715698242
302250,normal,1670,0,1782362153.4273393,0.0018322467803955078
302251,normal,1469,0,1782362153.429379,0.002039670944213867
302252,normal,2963,0,1782362153.4313428,0.0019638538360595703
302253,normal,1974,0,1782362153.4333954,0.0020525455474853516
302254,normal,968,2,1782362153.4353528,0.001957416534423828
302255,normal,2836,0,1782362153.437524,0.0021712779998779297
302256,normal,200,0,1782362153.4395676,0.002043485641479492
302257,normal,1876,0,1782362153.4413023,0.0017347335815429688
302258,normal,1158,0,1782362153.443468,0.0021657943725585938
302259,normal,1760,0,1782362153.4454176,0.0019495487213134766
302260,normal,2740,0,1782362153.4473164,0.0018987655639648438
302261,normal,1256,0,1782362153.4494102,0.002093791961669922
302262,normal,3291,1,1782362153.4515457,0.0021355152130126953
302263,normal,1952,0,1782362153.4534092,0.0018634796142578125
302264,normal,141,0,1782362153.4553754,0.001966238021850586
302265,normal,3677,0,1782362153.457584,0.0022084712982177734
302266,normal,825,2,1782362153.4594908,0.0019068717956542969
302267,normal,2261,0,1782362153.4614294,0.0019385814666748047
302268,normal,2561,0,1782362153.4634023,0.0019729137420654297
302269,normal,167,0,1782362153.4652045,0.001802206039428711
302270,normal,31,0,1782362153.4673948,0.0021903514862060547
302271,normal,597,0,1782362153.469398,0.002003192901611328
302272,normal,2370,0,1782362153.471341,0.0019428730010986328
302273,normal,920,2,1782362153.4733853,0.0020444393157958984
302274,normal,1558,0,1782362153.4753928,0.0020074844360351562
302275,normal,3151,1,1782362153.4773552,0.001962423324584961
302276,normal,1380,1,1782362153.479427,0.002071857452392578
302277,normal,3669,0,1782362153.4814384,0.0020112991333007812
302278,normal,1461,0,1782362153.483381,0.0019426345825195312
302279,normal,3355,1,1782362153.4853723,0.00199127197265625
302280,normal,3706,0,1782362153.4874065,0.0020341873168945312
302281,normal,2427,0,1782362153.4893756,0.0019690990447998047
302282,normal,2487,0,1782362153.491438,0.0020623207092285156
302283,normal,3387,1,1782362153.4934158,0.0019779205322265625
302284,normal,3314,1,1782362153.4953353,0.0019195079803466797
302285,normal,1715,0,1782362153.4974065,0.0020711421966552734
302286,normal,781,2,1782362153.4993992,0.0019927024841308594
302287,normal,2210,0,1782362153.50136,0.00196075439453125
302288,normal,2533,0,1782362153.503413,0.0020530223846435547
302289,normal,1559,0,1782362153.505382,0.0019690990447998047
302290,normal,974,2,1782362153.5073829,0.0020008087158203125
302291,normal,2474,0,1782362153.5093868,0.002003908157348633
302292,normal,3038,0,1782362153.5113876,0.0020008087158203125
302293,normal,3040,0,1782362153.51334,0.0019524097442626953
302294,normal,566,0,1782362153.5153916,0.0020515918731689453
302295,normal,2613,0,1782362153.5173879,0.001996278762817383
302296,normal,2793,0,1782362153.5193605,0.001972675323486328
302297,normal,2147,0,1782362153.5214243,0.002063751220703125
302298,normal,853,2,1782362153.523583,0.002158641815185547
302299,normal,1405,0,1782362153.5253673,0.0017843246459960938
302300,normal,2954,0,1782362153.5275185,0.0021512508392333984
302301,normal,2710,0,1782362153.529396,0.0018775463104248047
302302,normal,282,0,1782362153.5315006,0.002104520797729492
302303,normal,327,0,1782362153.533415,0.0019145011901855469
302304,normal,2378,0,1782362153.535452,0.0020368099212646484
302305,normal,813,2,1782362153.5373485,0.0018966197967529297
302306,normal,3530,0,1782362153.5394094,0.0020608901977539062
302307,normal,3349,1,1782362153.5414088,0.001999378204345703
302308,normal,2386,0,1782362153.5434406,0.0020318031311035156
302309,normal,1487,0,1782362153.5453172,0.0018765926361083984
302310,normal,2330,0,1782362153.5473258,0.002008676528930664
302311,normal,1837,0,1782362153.5492654,0.001939535140991211
302312,normal,2656,0,1782362153.551268,0.002002716064453125
302313,normal,2024,0,1782362153.5533044,0.0020363330841064453
302314,normal,25,0,1782362153.5552738,0.0019693374633789062
302315,normal,3277,1,1782362153.5573668,0.002093076705932617
302316,normal,1053,0,1782362153.55927,0.0019030570983886719
302317,normal,58,0,1782362153.5612051,0.0019352436065673828
302318,normal,1027,2,1782362153.5632613,0.002056121826171875
302319,normal,2333,0,1782362153.5652435,0.0019822120666503906
302320,normal,2082,0,1782362153.5672903,0.002046823501586914
302321,normal,156,0,1782362153.5692472,0.001956939697265625
302322,normal,875,2,1782362153.5712388,0.0019915103912353516
302323,normal,523,0,1782362153.5732384,0.0019996166229248047
302324,normal,2771,0,1782362153.5752523,0.0020139217376708984
302325,normal,2157,0,1782362153.5773563,0.002104043960571289
302326,normal,2798,0,1782362153.5794616,0.002105236053466797
302327,normal,506,0,1782362153.5811975,0.0017359256744384766
302328,normal,1298,0,1782362153.5832386,0.0020411014556884766
302329,normal,2347,0,1782362153.5852406,0.0020020008087158203
302330,normal,2790,0,1782362153.5872452,0.0020046234130859375
302331,normal,934,2,1782362153.5892496,0.002004384994506836
302332,normal,1100,0,1782362153.591296,0.002046346664428711
302333,normal,2850,0,1782362153.5932455,0.0019495487213134766
302334,normal,2023,0,1782362153.595245,0.001999378204345703
302335,normal,270,0,1782362153.5972512,0.0020062923431396484
302336,normal,1950,0,1782362153.5992584,0.0020072460174560547
302337,normal,3627,0,1782362153.6012654,0.002007007598876953
302338,normal,2882,0,1782362153.603278,0.002012491226196289
302339,normal,1134,0,1782362153.6052732,0.0019953250885009766
302340,normal,14,0,1782362153.6072617,0.0019884109497070312
302341,normal,2718,0,1782362153.60926,0.001998424530029297
302342,normal,2554,0,1782362153.6114035,0.002143383026123047
302343,normal,1903,0,1782362153.6137433,0.0023398399353027344
302344,normal,1255,0,1782362153.6152103,0.001466989517211914
302345,normal,3407,0,1782362153.617317,0.0021066665649414062
302346,normal,995,2,1782362153.6194284,0.0021114349365234375
302347,normal,2481,0,1782362153.6212847,0.0018563270568847656
302348,normal,1037,0,1782362153.623329,0.002044200897216797
302349,normal,1138,0,1782362153.625466,0.0021371841430664062
302350,normal,893,2,1782362153.6274433,0.001977205276489258
302351,normal,79,0,1782362153.6293123,0.0018689632415771484
302352,normal,576,0,1782362153.631579,0.0022666454315185547
302353,normal,2459,0,1782362153.6335518,0.0019729137420654297
302354,normal,1083,0,1782362153.6352742,0.0017223358154296875
302355,normal,2867,0,1782362153.6373699,0.0020956993103027344
302356,normal,2752,0,1782362153.6392684,0.0018985271453857422
302357,normal,292,0,1782362153.6413796,0.002111196517944336
302358,normal,1732,0,1782362153.643382,0.0020024776458740234
302359,normal,290,0,1782362153.6452844,0.0019023418426513672
302360,normal,340,0,1782362153.6473887,0.0021042823791503906
302361,normal,3205,1,1782362153.6493804,0.001991748809814453
302362,normal,3638,0,1782362153.6513062,0.0019257068634033203
302363,normal,3344,1,1782362153.653338,0.0020318031311035156
302364,normal,2755,0,1782362153.6553485,0.0020105838775634766
302365,normal,3384,1,1782362153.6572201,0.0018715858459472656
302366,normal,569,0,1782362153.6592696,0.0020494461059570312
302367,normal,218,0,1782362153.6612718,0.002002239227294922
302368,normal,3284,1,1782362153.6632626,0.001990795135498047
302369,normal,3328,1,1782362153.6652923,0.0020296573638916016
302370,normal,1214,0,1782362153.6672628,0.001970529556274414
302371,normal,969,2,1782362153.6692278,0.001965045928955078
302372,normal,1983,0,1782362153.671269,0.0020411014556884766
302373,normal,32,0,1782362153.6732821,0.0020132064819335938
302374,normal,39,0,1782362153.675248,0.001965761184692383
302375,normal,445,0,1782362153.6772704,0.0020225048065185547
302376,normal,1811,0,1782362153.6793573,0.0020868778228759766
302377,normal,2548,0,1782362153.6811917,0.0018343925476074219
302378,normal,63,0,1782362153.683253,0.0020613670349121094
302379,normal,55,0,1782362153.6852455,0.001992464065551758
302380,normal,2398,0,1782362153.6872516,0.002006053924560547
302381,normal,1786,0,1782362153.6892538,0.002002239227294922
302382,normal,28,0,1782362153.6913006,0.002046823501586914
302383,normal,2636,0,1782362153.6932955,0.0019948482513427734
302384,normal,3193,1,1782362153.695263,0.0019674301147460938
302385,normal,1941,0,1782362153.697322,0.0020589828491210938
302386,normal,563,0,1782362153.6993334,0.002011537551879883
302387,normal,849,2,1782362153.7012372,0.0019037723541259766
302388,normal,3106,1,1782362153.7032914,0.0020542144775390625
302389,normal,3111,1,1782362153.70526,0.0019686222076416016
302390,normal,2541,0,1782362153.7072647,0.0020046234130859375
302391,normal,3441,0,1782362153.7092469,0.0019822120666503906
302392,normal,2431,0,1782362153.7112536,0.0020067691802978516
302393,normal,760,0,1782362153.713248,0.0019943714141845703
302394,normal,2892,0,1782362153.7153041,0.002056121826171875
302395,normal,1434,0,1782362153.7172887,0.0019845962524414062
302396,normal,2630,0,1782362153.719299,0.002010345458984375
302397,normal,1396,0,1782362153.7213044,0.002005338668823242
302398,normal,2327,0,1782362153.7232556,0.0019512176513671875
302399,normal,1641,0,1782362153.7252827,0.0020270347595214844
302400,normal,2819,0,1782362153.7272851,0.0020024776458740234
302401,normal,3110,1,1782362153.7292452,0.0019600391387939453
302402,normal,2512,0,1782362153.7322485,0.003003358840942383
302403,normal,998,2,1782362153.7332482,0.0009996891021728516
302404,normal,3357,1,1782362153.735221,0.001972675323486328
302405,normal,3257,1,1782362153.7372494,0.0020284652709960938
302406,normal,3230,1,1782362153.7392256,0.0019762516021728516
302407,normal,2992,0,1782362153.741267,0.002041339874267578
302408,normal,3098,1,1782362153.743257,0.001990079879760742
302409,normal,3256,1,1782362153.7452888,0.0020318031311035156
302410,normal,2784,0,1782362153.7473414,0.0020525455474853516
302411,normal,1912,0,1782362153.74934,0.0019986629486083984
302412,normal,1219,0,1782362153.7513013,0.001961231231689453
302413,normal,3283,1,1782362153.753789,0.002487659454345703
302414,normal,2786,0,1782362153.7554107,0.0016217231750488281
302415,normal,2492,0,1782362153.757269,0.0018582344055175781
302416,normal,1663,0,1782362153.7592976,0.0020287036895751953
302417,normal,461,0,1782362153.7612944,0.001996755599975586
302418,normal,1456,0,1782362153.7632437,0.001949310302734375
302419,normal,1458,0,1782362153.7653072,0.0020635128021240234
302420,normal,1036,0,1782362153.7673132,0.002006053924560547
302421,normal,2083,0,1782362153.7692518,0.0019385814666748047
302422,normal,3055,1,1782362153.771275,0.0020232200622558594
302423,normal,1021,2,1782362153.7732708,0.0019958019256591797
302424,normal,3018,0,1782362153.7752817,0.002010822296142578
302425,normal,159,0,1782362153.777282,0.0020003318786621094
302426,normal,983,2,1782362153.7793484,0.002066373825073242
302427,normal,279,0,1782362153.7813668,0.002018451690673828
302428,normal,1475,0,1782362153.783326,0.001959085464477539
302429,normal,2939,0,1782362153.7852948,0.001968860626220703
302430,normal,1838,0,1782362153.7873578,0.0020630359649658203
302431,normal,2357,0,1782362153.7892966,0.0019388198852539062
302432,normal,102,0,1782362153.7912793,0.0019826889038085938
302433,normal,2990,0,1782362153.7934334,0.002154111862182617
302434,normal,254,0,1782362153.7953432,0.0019097328186035156
302435,normal,329,0,1782362153.7973473,0.0020041465759277344
302436,normal,1062,0,1782362153.7995782,0.0022308826446533203
302437,normal,2734,0,1782362153.8016467,0.0020685195922851562
302438,normal,1825,0,1782362153.8032722,0.0016255378723144531
302439,normal,1227,0,1782362153.8053515,0.0020792484283447266
302440,normal,3510,0,1782362153.8072712,0.0019197463989257812
302441,normal,183,0,1782362153.8093793,0.0021080970764160156
302442,normal,3662,0,1782362153.8113651,0.001985788345336914
302443,normal,2674,0,1782362153.8133,0.0019347667694091797
302444,normal,2175,0,1782362153.8153064,0.00200653076171875
302445,normal,1519,0,1782362153.8173072,0.0020008087158203125
302446,normal,1218,0,1782362153.819311,0.0020036697387695312
302447,normal,221,0,1782362153.8213012,0.0019903182983398438
302448,normal,3295,1,1782362153.8233168,0.0020155906677246094
302449,normal,3149,1,1782362153.8252902,0.001973390579223633
302450,normal,493,0,1782362153.8272789,0.001988649368286133
302451,normal,2050,0,1782362153.8292894,0.0020105838775634766
302452,normal,1410,0,1782362153.831316,0.0020265579223632812
302453,normal,3618,0,1782362153.833282,0.0019659996032714844
302454,normal,1193,0,1782362153.8352835,0.002001523971557617
302455,normal,697,0,1782362153.837313,0.0020294189453125
302456,normal,1807,0,1782362153.839289,0.00197601318359375
302457,normal,546,0,1782362153.841281,0.0019919872283935547
302458,normal,1831,0,1782362153.843288,0.002007007598876953
302459,normal,1787,0,1782362153.845296,0.0020079612731933594
302460,normal,1457,0,1782362153.8473735,0.0020775794982910156
302461,normal,1683,0,1782362153.849252,0.001878499984741211
302462,normal,3497,0,1782362153.8512826,0.002030611038208008
302463,normal,310,0,1782362153.8533335,0.0020508766174316406
302464,normal,788,2,1782362153.8552394,0.0019059181213378906
302465,normal,294,0,1782362153.8572729,0.0020334720611572266
302466,normal,1179,0,1782362153.8592942,0.002021312713623047
302467,normal,1098,0,1782362153.861284,0.0019898414611816406
302468,normal,518,0,1782362153.863299,0.0020148754119873047
302469,normal,313,0,1782362153.8653226,0.0020236968994140625
302470,normal,3401,1,1782362153.8673093,0.0019867420196533203
302471,normal,390,0,1782362153.8693643,0.002054929733276367
302472,normal,3390,1,1782362153.8712926,0.0019283294677734375
302473,normal,908,2,1782362153.8732457,0.001953125
302474,normal,3301,1,1782362153.8752968,0.002051115036010742
302475,normal,2951,0,1782362153.8772647,0.001967906951904297
302476,normal,1043,0,1782362153.8792613,0.0019965171813964844
302477,normal,3021,0,1782362153.8812568,0.001995563507080078
302478,normal,3241,1,1782362153.8832564,0.0019996166229248047
302479,normal,3100,1,1782362153.8852785,0.0020220279693603516
302480,normal,166,0,1782362153.8873272,0.0020487308502197266
302481,normal,100,0,1782362153.8892984,0.0019712448120117188
302482,normal,3189,1,1782362153.891313,0.002014636993408203
302483,normal,3125,1,1782362153.893311,0.0019979476928710938
302484,normal,3549,0,1782362153.8952954,0.0019843578338623047
302485,normal,3509,0,1782362153.8973622,0.0020668506622314453
302486,normal,2121,0,1782362153.8992884,0.0019261837005615234
302487,normal,3595,0,1782362153.9012966,0.002008199691772461
302488,normal,2948,0,1782362153.9032774,0.0019807815551757812
302489,normal,611,0,1782362153.905317,0.002039670944213867
302490,normal,2238,0,1782362153.9072814,0.0019643306732177734
302491,normal,2239,0,1782362153.9093046,0.0020232200622558594
302492,normal,3081,1,1782362153.9112737,0.0019690990447998047
302493,normal,2281,0,1782362153.9133563,0.0020825862884521484
302494,normal,1534,0,1782362153.915258,0.0019016265869140625
302495,normal,1429,0,1782362153.9173365,0.002078533172607422
302496,normal,1605,0,1782362153.919345,0.0020084381103515625
302497,normal,2048,0,1782362153.9216208,0.0022759437561035156
302498,normal,3531,0,1782362153.9234564,0.0018355846405029297
302499,normal,3631,0,1782362153.9254026,0.0019462108612060547
302500,normal,2777,0,1782362153.9272745,0.0018718242645263672
302501,normal,2296,0,1782362153.929403,0.00212860107421875
302502,normal,37,0,1782362153.9314005,0.0019974708557128906
302503,normal,2419,0,1782362153.933378,0.0019774436950683594
302504,normal,2154,0,1782362153.9353106,0.0019326210021972656
302505,normal,701,0,1782362153.9373908,0.002080202102661133
302506,normal,3161,1,1782362153.9392796,0.0018887519836425781
302507,normal,202,0,1782362153.9414074,0.0021278858184814453
302508,normal,614,0,1782362153.943406,0.0019986629486083984
302509,normal,2193,0,1782362153.94539,0.0019838809967041016
302510,normal,484,0,1782362153.947447,0.0020570755004882812
302511,normal,2940,0,1782362153.949492,0.0020449161529541016
302512,normal,3305,1,1782362153.9513247,0.001832723617553711
302513,normal,1275,0,1782362153.9533834,0.002058744430541992
302514,normal,2444,0,1782362153.955516,0.0021326541900634766
302515,normal,659,0,1782362153.957283,0.0017669200897216797
302516,normal,2214,0,1782362153.9595263,0.0022432804107666016
302517,normal,2439,0,1782362153.9615693,0.002043008804321289
302518,normal,2619,0,1782362153.9633653,0.0017960071563720703
302519,normal,1187,0,1782362153.9652693,0.0019040107727050781
302520,normal,2349,0,1782362153.9674892,0.0022199153900146484
302521,normal,1940,0,1782362153.9693766,0.0018873214721679688
302522,normal,1430,0,1782362153.9713047,0.001928091049194336
302523,normal,366,0,1782362153.973388,0.002083301544189453
302524,normal,771,0,1782362153.9752517,0.001863718032836914
302525,normal,2503,0,1782362153.9773834,0.0021317005157470703
302526,normal,895,2,1782362153.9793918,0.0020084381103515625
302527,normal,363,0,1782362153.9812605,0.0018687248229980469
302528,normal,2681,0,1782362153.9833884,0.0021278858184814453
302529,normal,3195,1,1782362153.985389,0.002000570297241211
302530,normal,374,0,1782362153.987301,0.0019121170043945312
302531,normal,758,0,1782362153.9893212,0.002020120620727539
302532,normal,95,0,1782362153.991544,0.002222776412963867
302533,normal,871,2,1782362153.99325,0.0017058849334716797
302534,normal,2758,0,1782362153.995501,0.002251148223876953
302535,normal,1422,0,1782362153.9973865,0.0018854141235351562
302536,normal,2764,0,1782362153.9994411,0.0020546913146972656
302537,normal,2750,0,1782362154.0013964,0.001955270767211914
302538,normal,917,2,1782362154.0033731,0.0019767284393310547
302539,normal,3008,0,1782362154.0054016,0.0020284652709960938
302540,normal,1833,0,1782362154.00737,0.0019683837890625
302541,normal,2745,0,1782362154.0094981,0.002128124237060547
302542,normal,3099,1,1782362154.0113947,0.0018966197967529297
302543,normal,170,0,1782362154.0134103,0.0020155906677246094
302544,normal,2156,0,1782362154.015573,0.0021626949310302734
302545,normal,1200,0,1782362154.0172713,0.0016982555389404297
302546,normal,3136,1,1782362154.0194755,0.0022041797637939453
302547,normal,2219,0,1782362154.0214777,0.002002239227294922
302548,normal,2667,0,1782362154.023374,0.0018963813781738281
302549,normal,1184,0,1782362154.0253751,0.002001047134399414
302550,normal,2429,0,1782362154.0274794,0.0021042823791503906
302551,normal,1065,0,1782362154.0294116,0.0019321441650390625
302552,normal,1921,0,1782362154.0314238,0.0020122528076171875
302553,normal,3612,0,1782362154.0335565,0.0021326541900634766
302554,normal,1072,0,1782362154.035357,0.001800537109375
302555,normal,2303,0,1782362154.037402,0.0020449161529541016
302556,normal,3630,0,1782362154.0394924,0.0020904541015625
302557,normal,57,0,1782362154.0413885,0.0018961429595947266
302558,normal,1016,2,1782362154.0434086,0.002020120620727539
302559,normal,1984,0,1782362154.0454679,0.0020592212677001953
302560,normal,472,0,1782362154.0473669,0.0018990039825439453
302561,normal,778,2,1782362154.0495844,0.002217531204223633
302562,normal,2633,0,1782362154.0515978,0.0020134449005126953
302563,normal,122,0,1782362154.0533304,0.0017325878143310547
302564,normal,1815,0,1782362154.0554385,0.0021080970764160156
302565,normal,3265,1,1782362154.0576084,0.0021698474884033203
302566,normal,3354,1,1782362154.05939,0.0017817020416259766
302567,normal,2840,0,1782362154.0614896,0.0020995140075683594
302568,normal,1593,0,1782362154.0635498,0.0020601749420166016
302569,normal,1804,0,1782362154.0654063,0.0018565654754638672
302570,normal,988,2,1782362154.0675018,0.002095460891723633
302571,normal,630,0,1782362154.069463,0.001961231231689453
302572,normal,3546,0,1782362154.0713606,0.001897573471069336
302573,normal,3228,1,1782362154.0734575,0.002096891403198242
302574,normal,2918,0,1782362154.0754623,0.002004861831665039
302575,normal,3199,1,1782362154.0774632,0.0020008087158203125
302576,normal,2317,0,1782362154.079265,0.0018019676208496094
302577,normal,946,2,1782362154.0814664,0.0022013187408447266
302578,normal,2525,0,1782362154.0833566,0.0018901824951171875
302579,normal,2248,0,1782362154.0854566,0.0020999908447265625
302580,normal,1267,0,1782362154.0880682,0.0026116371154785156
302581,normal,938,2,1782362154.0895467,0.001478433609008789
302582,normal,2268,0,1782362154.0914125,0.0018658638000488281
302583,normal,2560,0,1782362154.0934834,0.002070903778076172
302584,normal,324,0,1782362154.095276,0.0017926692962646484
302585,normal,3238,1,1782362154.0974808,0.0022046566009521484
302586,normal,3653,0,1782362154.0995255,0.002044677734375
302587,normal,2057,0,1782362154.1014845,0.001959085464477539
302588,normal,3141,1,1782362154.1033707,0.001886129379272461
302589,normal,2818,0,1782362154.1054683,0.002097606658935547
302590,normal,1035,0,1782362154.1073728,0.0019044876098632812
302591,normal,379,0,1782362154.1093895,0.002016782760620117
302592,normal,981,2,1782362154.1114855,0.002095937728881836
302593,normal,1800,0,1782362154.1134803,0.0019948482513427734
302594,normal,2502,0,1782362154.1154544,0.0019741058349609375
302595,normal,1078,0,1782362154.1175516,0.0020971298217773438
302596,normal,2222,0,1782362154.1193616,0.0018100738525390625
302597,normal,3358,1,1782362154.1214728,0.002111196517944336
302598,normal,232,0,1782362154.123531,0.002058267593383789
302599,normal,2521,0,1782362154.125237,0.0017058849334716797
302600,normal,601,0,1782362154.1277316,0.0024945735931396484
302601,normal,3673,0,1782362154.1294568,0.0017251968383789062
302602,normal,2576,0,1782362154.1313078,0.0018510818481445312
302603,normal,2115,0,1782362154.1337285,0.002420663833618164
302604,normal,59,0,1782362154.135652,0.0019235610961914062
302605,normal,2692,0,1782362154.1372917,0.0016396045684814453
302606,normal,1211,0,1782362154.1393821,0.0020904541015625
302607,normal,1452,0,1782362154.1413732,0.0019910335540771484
302608,normal,120,0,1782362154.143289,0.0019159317016601562
302609,normal,3255,1,1782362154.1454024,0.00211334228515625
302610,normal,1763,0,1782362154.147399,0.0019965171813964844
302611,normal,1387,0,1782362154.1492848,0.0018858909606933594
302612,normal,198,0,1782362154.1513076,0.0020227432250976562
302613,normal,370,0,1782362154.1534262,0.0021185874938964844
302614,normal,691,0,1782362154.1553316,0.0019054412841796875
302615,normal,591,0,1782362154.157353,0.002021312713623047
302616,normal,213,0,1782362154.159426,0.002073049545288086
302617,normal,557,0,1782362154.1612828,0.0018568038940429688
302618,normal,584,0,1782362154.1634362,0.0021533966064453125
302619,normal,13,0,1782362154.16545,0.0020139217376708984
302620,normal,168,0,1782362154.167367,0.0019168853759765625
302621,normal,3558,0,1782362154.1692858,0.001918792724609375
302622,normal,498,0,1782362154.1713939,0.0021080970764160156
302623,normal,2274,0,1782362154.173298,0.0019040107727050781
302624,normal,2855,0,1782362154.1753018,0.002003908157348633
302625,normal,1993,0,1782362154.1774113,0.002109527587890625
302626,normal,2673,0,1782362154.1793272,0.0019159317016601562
302627,normal,526,0,1782362154.181453,0.0021257400512695312
302628,normal,1311,0,1782362154.1834066,0.001953601837158203
302629,normal,3227,1,1782362154.1852772,0.0018706321716308594
302630,normal,377,0,1782362154.1874099,0.0021326541900634766
302631,normal,1629,0,1782362154.189394,0.001984119415283203
302632,normal,2739,0,1782362154.1912928,0.0018987655639648438
302633,normal,3539,0,1782362154.1933918,0.0020990371704101562
302634,normal,2938,0,1782362154.1954465,0.0020546913146972656
302635,normal,635,0,1782362154.197339,0.0018925666809082031
302636,normal,2358,0,1782362154.1993701,0.002031087875366211
302637,normal,1822,0,1782362154.2014587,0.0020885467529296875
302638,normal,2460,0,1782362154.203313,0.0018544197082519531
302639,normal,311,0,1782362154.2053006,0.001987457275390625
302640,normal,2593,0,1782362154.2074308,0.002130270004272461
302641,normal,3663,0,1782362154.2093024,0.0018715858459472656
302642,normal,2979,0,1782362154.2112787,0.0019762516021728516
302643,normal,2749,0,1782362154.2133963,0.002117633819580078
302644,normal,152,0,1782362154.2152746,0.0018782615661621094
302645,normal,1587,0,1782362154.217462,0.002187490463256836
302646,normal,1632,0,1782362154.2194598,0.001997709274291992
302647,normal,2139,0,1782362154.221348,0.001888275146484375
302648,normal,2919,0,1782362154.223405,0.0020568370819091797
302649,normal,108,0,1782362154.2254856,0.002080678939819336
302650,normal,543,0,1782362154.2273734,0.0018877983093261719
302651,normal,3551,0,1782362154.2293496,0.0019762516021728516
302652,normal,1761,0,1782362154.2315223,0.002172708511352539
302653,normal,1068,0,1782362154.233436,0.0019137859344482422
302654,normal,803,2,1782362154.2352748,0.00183868408203125
302655,normal,2716,0,1782362154.2373922,0.0021173954010009766
302656,normal,2368,0,1782362154.2392676,0.0018754005432128906
302657,normal,2528,0,1782362154.241377,0.002109527587890625
302658,normal,1467,0,1782362154.2434568,0.0020797252655029297
302659,normal,1808,0,1782362154.2452672,0.001810312271118164
302660,normal,1574,0,1782362154.2473493,0.0020821094512939453
302661,normal,1920,0,1782362154.2493753,0.002026081085205078
302662,normal,832,2,1782362154.2512693,0.0018939971923828125
302663,normal,1280,0,1782362154.2538922,0.002622842788696289
302664,normal,2495,0,1782362154.2554884,0.001596212387084961
302665,normal,3599,0,1782362154.2573059,0.001817464828491211
302666,normal,971,2,1782362154.2593584,0.0020525455474853516
302667,normal,1857,0,1782362154.2612526,0.001894235610961914
302668,normal,2112,0,1782362154.2633407,0.0020880699157714844
302669,normal,3617,0,1782362154.2652843,0.0019435882568359375
302670,normal,1345,1,1782362154.2674036,0.002119302749633789
302671,normal,753,0,1782362154.2692893,0.0018856525421142578
302672,normal,1769,0,1782362154.2713215,0.0020322799682617188
302673,normal,2763,0,1782362154.27333,0.0020084381103515625
302674,normal,992,2,1782362154.275333,0.0020029544830322266
302675,normal,736,0,1782362154.2772863,0.0019533634185791016
302676,normal,544,0,1782362154.2793298,0.002043485641479492
302677,normal,2375,0,1782362154.2813568,0.0020270347595214844
302678,normal,861,2,1782362154.2833693,0.002012491226196289
302679,normal,2890,0,1782362154.285371,0.0020017623901367188
302680,normal,3688,0,1782362154.2873137,0.0019426345825195312
302681,normal,2479,0,1782362154.2894053,0.002091646194458008
302682,normal,2708,0,1782362154.2913573,0.0019519329071044922
302683,normal,2251,0,1782362154.2932885,0.0019311904907226562
302684,normal,2400,0,1782362154.2955303,0.002241849899291992
302685,normal,2354,0,1782362154.2973528,0.0018224716186523438
302686,normal,763,0,1782362154.2992315,0.0018787384033203125
302687,normal,3622,0,1782362154.3015482,0.002316713333129883
302688,normal,1689,0,1782362154.3035789,0.002030611038208008
302689,normal,1086,0,1782362154.3052988,0.0017199516296386719
302690,normal,480,0,1782362154.307336,0.0020372867584228516
302691,normal,3124,1,1782362154.309326,0.0019898414611816406
302692,normal,3606,0,1782362154.3112648,0.0019388198852539062
302693,normal,3225,1,1782362154.3133323,0.00206756591796875
302694,normal,1806,0,1782362154.3153496,0.0020172595977783203
302695,normal,2205,0,1782362154.3173301,0.0019805431365966797
302696,normal,528,0,1782362154.319274,0.001943826675415039
302697,normal,2558,0,1782362154.3213491,0.0020751953125
302698,normal,1738,0,1782362154.3233163,0.001967191696166992
302699,normal,1928,0,1782362154.3254597,0.002143383026123047
302700,normal,2715,0,1782362154.327293,0.001833200454711914
302701,normal,3318,1,1782362154.3294275,0.002134561538696289
302702,normal,1765,0,1782362154.3313673,0.0019397735595703125
302703,normal,851,2,1782362154.3334227,0.0020554065704345703
302704,normal,71,0,1782362154.335368,0.0019452571868896484
302705,normal,1322,1,1782362154.3374622,0.002094268798828125
302706,normal,2463,0,1782362154.339257,0.0017948150634765625
302707,normal,2003,0,1782362154.3413572,0.002100229263305664
302708,normal,789,2,1782362154.3434103,0.0020530223846435547
302709,normal,3285,1,1782362154.3452792,0.0018689632415771484
302710,normal,2825,0,1782362154.347427,0.002147674560546875
302711,normal,718,0,1782362154.349394,0.001967191696166992
302712,normal,833,2,1782362154.3514607,0.0020666122436523438
302713,normal,2480,0,1782362154.3532188,0.0017580986022949219
302714,normal,1532,0,1782362154.355271,0.00205230712890625
302715,normal,823,2,1782362154.3572528,0.0019817352294921875
302716,normal,927,2,1782362154.359246,0.0019931793212890625
302717,normal,3148,1,1782362154.3613098,0.002063751220703125
302718,normal,3421,0,1782362154.3632407,0.0019309520721435547
302719,normal,2300,0,1782362154.3654544,0.002213716506958008
302720,normal,2290,0,1782362154.3673167,0.0018622875213623047
302721,normal,274,0,1782362154.369484,0.002167224884033203
302722,normal,2019,0,1782362154.3713336,0.0018496513366699219
302723,normal,1425,0,1782362154.3734696,0.0021359920501708984
302724,normal,1699,0,1782362154.3754191,0.0019495487213134766
302725,normal,1421,0,1782362154.3773718,0.0019526481628417969
302726,normal,3494,0,1782362154.3794541,0.002082347869873047
302727,normal,1604,0,1782362154.38141,0.001955747604370117
302728,normal,1843,0,1782362154.3833518,0.0019419193267822266
302729,normal,2033,0,1782362154.3853562,0.002004384994506836
302730,normal,1453,0,1782362154.3874125,0.0020563602447509766
302731,normal,3011,0,1782362154.3894455,0.0020329952239990234
302732,normal,41,0,1782362154.3913248,0.0018792152404785156
302733,normal,3108,1,1782362154.393493,0.0021681785583496094
302734,normal,126,0,1782362154.3953364,0.0018434524536132812
302735,normal,1172,0,1782362154.3976123,0.0022759437561035156
302736,normal,1459,0,1782362154.399507,0.0018947124481201172
302737,normal,2498,0,1782362154.4013577,0.0018506050109863281
302738,normal,1854,0,1782362154.4034407,0.0020830631256103516
302739,normal,3315,1,1782362154.40546,0.002019166946411133
302740,normal,42,0,1782362154.4073915,0.0019316673278808594
302741,normal,804,2,1782362154.4093611,0.001969575881958008
302742,normal,913,2,1782362154.4114635,0.002102375030517578
302743,normal,3523,0,1782362154.413581,0.0021173954010009766
302744,normal,2546,0,1782362154.415279,0.0016980171203613281
302745,normal,1901,0,1782362154.4174576,0.002178668975830078
302746,normal,225,0,1782362154.4193573,0.00189971923828125
302747,normal,1918,0,1782362154.4214554,0.00209808349609375
302748,normal,2675,0,1782362154.4235027,0.002047300338745117
302749,normal,1135,0,1782362154.4259713,0.002468585968017578
302750,normal,8,0,1782362154.4275267,0.0015554428100585938
302751,normal,1225,0,1782362154.4294953,0.0019686222076416016
302752,normal,2574,0,1782362154.4313679,0.0018725395202636719
302753,normal,3603,0,1782362154.4335017,0.0021338462829589844
302754,normal,3063,1,1782362154.4353771,0.0018754005432128906
302755,normal,499,0,1782362154.437559,0.0021817684173583984
302756,normal,1865,0,1782362154.4393878,0.001828908920288086
302757,normal,1055,0,1782362154.4414597,0.002071857452392578
302758,normal,578,0,1782362154.4433608,0.0019011497497558594
302759,normal,951,2,1782362154.445463,0.0021021366119384766
302760,normal,3580,0,1782362154.44749,0.0020270347595214844
302761,normal,3350,1,1782362154.449286,0.0017960071563720703
302762,normal,2552,0,1782362154.451414,0.002128124237060547
302763,normal,1508,0,1782362154.453491,0.002076864242553711
302764,normal,3203,1,1782362154.4553714,0.0018804073333740234
302765,normal,1112,0,1782362154.4574196,0.0020482540130615234
302766,normal,3644,0,1782362154.4599576,0.002537965774536133
302767,normal,966,2,1782362154.461648,0.0016903877258300781
302768,normal,2553,0,1782362154.4632812,0.0016331672668457031
302769,normal,504,0,1782362154.4654922,0.0022110939025878906
302770,normal,867,2,1782362154.467407,0.0019147396087646484
302771,normal,372,0,1782362154.469439,0.002032041549682617
302772,normal,2041,0,1782362154.4715712,0.0021321773529052734
302773,normal,2408,0,1782362154.4734051,0.0018339157104492188
302774,normal,1330,1,1782362154.4754927,0.0020875930786132812
302775,normal,1754,0,1782362154.4774666,0.001973867416381836
302776,normal,2726,0,1782362154.479607,0.002140522003173828
302777,normal,2119,0,1782362154.4814985,0.0018913745880126953
302778,normal,415,0,1782362154.483493,0.001994609832763672
302779,normal,341,0,1782362154.485248,0.0017549991607666016
302780,normal,3028,0,1782362154.4873693,0.0021212100982666016
302781,normal,2257,0,1782362154.4893744,0.0020051002502441406
302782,normal,1180,0,1782362154.4912622,0.0018877983093261719
302783,normal,2573,0,1782362154.4934726,0.002210378646850586
302784,normal,3478,0,1782362154.4954474,0.001974821090698242
302785,normal,21,0,1782362154.497374,0.0019266605377197266
302786,normal,1261,0,1782362154.4994044,0.0020303726196289062
302787,normal,1140,0,1782362154.5015302,0.0021257400512695312
302788,normal,706,0,1782362154.503308,0.0017778873443603516
302789,normal,2761,0,1782362154.5052738,0.001965761184692383
302790,normal,2677,0,1782362154.5073726,0.0020987987518310547
302791,normal,2754,0,1782362154.509291,0.0019183158874511719
302792,normal,629,0,1782362154.5114245,0.002133607864379883
302793,normal,1468,0,1782362154.5135307,0.002106189727783203
302794,normal,1019,2,1782362154.5152884,0.0017576217651367188
302795,normal,1272,0,1782362154.5174627,0.00217437744140625
302796,normal,2579,0,1782362154.5194862,0.002023458480834961
302797,normal,2045,0,1782362154.5213835,0.0018973350524902344
302798,normal,548,0,1782362154.5234063,0.0020227432250976562
302799,normal,2426,0,1782362154.5255263,0.0021200180053710938
302800,normal,846,2,1782362154.5276115,0.0020852088928222656
302801,normal,2473,0,1782362154.5292883,0.001676797866821289
302802,normal,151,0,1782362154.5314775,0.002189159393310547
302803,normal,1303,0,1782362154.5333126,0.0018351078033447266
302804,normal,2797,0,1782362154.5354757,0.0021631717681884766
302805,normal,1933,0,1782362154.5374777,0.0020020008087158203
302806,normal,2743,0,1782362154.539368,0.0018901824951171875
302807,normal,161,0,1782362154.5414016,0.002033710479736328
302808,normal,426,0,1782362154.5435305,0.0021288394927978516
302809,normal,811,2,1782362154.5453355,0.0018050670623779297
302810,normal,772,2,1782362154.5475533,0.0022177696228027344
302811,normal,1830,0,1782362154.5493186,0.0017652511596679688
302812,normal,1341,1,1782362154.5512848,0.001966238021850586
302813,normal,1746,0,1782362154.5532653,0.0019805431365966797
302814,normal,1832,0,1782362154.5553243,0.0020589828491210938
302815,normal,457,0,1782362154.5573287,0.002004384994506836
302816,normal,539,0,1782362154.559387,0.002058267593383789
302817,normal,3140,1,1782362154.5614085,0.0020215511322021484
302818,normal,1033,0,1782362154.5633883,0.001979827880859375
302819,normal,383,0,1782362154.5654266,0.002038240432739258
302820,normal,2629,0,1782362154.567481,0.002054452896118164
302821,normal,1669,0,1782362154.5693686,0.0018875598907470703
302822,normal,909,2,1782362154.5714326,0.0020639896392822266
302823,normal,2644,0,1782362154.5734923,0.0020596981048583984
302824,normal,1864,0,1782362154.575304,0.0018117427825927734
302825,normal,1526,0,1782362154.5774963,0.002192258834838867
302826,normal,2829,0,1782362154.5795212,0.0020248889923095703
302827,normal,1888,0,1782362154.5812838,0.0017626285552978516
302828,normal,3372,1,1782362154.5834012,0.0021173954010009766
302829,normal,1407,0,1782362154.5853987,0.0019974708557128906
302830,normal,350,0,1782362154.5873387,0.001940011978149414
302831,normal,2906,0,1782362154.589472,0.0021333694458007812
302832,normal,490,0,1782362154.5914724,0.0020003318786621094
302833,normal,2744,0,1782362154.5934389,0.0019664764404296875
302834,normal,2189,0,1782362154.5955317,0.0020928382873535156
302835,normal,3651,0,1782362154.5974867,0.0019550323486328125
302836,normal,2192,0,1782362154.6003854,0.002898693084716797
302837,normal,1718,0,1782362154.6011662,0.0007808208465576172
302838,normal,3438,0,1782362154.603506,0.0023398399353027344
302839,normal,1813,0,1782362154.6054995,0.001993417739868164
302840,normal,495,0,1782362154.6074867,0.0019872188568115234
302841,normal,3461,0,1782362154.6092927,0.001806020736694336
302842,normal,1929,0,1782362154.611293,0.0020003318786621094
302843,normal,1725,0,1782362154.6133225,0.0020294189453125
302844,normal,2865,0,1782362154.6153069,0.0019843578338623047
302845,normal,2089,0,1782362154.617812,0.002505064010620117
302846,normal,926,2,1782362154.6195734,0.0017614364624023438
302847,normal,93,0,1782362154.621574,0.002000570297241211
302848,normal,2987,0,1782362154.623339,0.0017650127410888672
302849,normal,3341,1,1782362154.625298,0.001959085464477539
302850,normal,2031,0,1782362154.6274164,0.002118349075317383
302851,normal,206,0,1782362154.6293418,0.0019254684448242188
302852,normal,2617,0,1782362154.6313965,0.0020546913146972656
302853,normal,3117,1,1782362154.6338797,0.0024831295013427734
302854,normal,986,2,1782362154.635513,0.0016334056854248047
302855,normal,1238,0,1782362154.6374052,0.00189208984375
302856,normal,2195,0,1782362154.6395063,0.0021011829376220703
302857,normal,2668,0,1782362154.6413753,0.0018689632415771484
302858,normal,116,0,1782362154.6434963,0.0021209716796875
302859,normal,3515,0,1782362154.6454065,0.0019102096557617188
302860,normal,1412,0,1782362154.647325,0.0019185543060302734
302861,normal,1106,0,1782362154.6496062,0.00228118896484375
302862,normal,2223,0,1782362154.651635,0.0020287036895751953
302863,normal,2092,0,1782362154.6534183,0.0017833709716796875
302864,normal,2697,0,1782362154.6554122,0.001993894577026367
302865,normal,967,2,1782362154.6577501,0.002337932586669922
302866,normal,2455,0,1782362154.6595142,0.001764059066772461
302867,normal,1401,0,1782362154.6614404,0.0019261837005615234
302868,normal,456,0,1782362154.6633325,0.00189208984375
302869,normal,3404,0,1782362154.6654189,0.0020864009857177734
302870,normal,1181,0,1782362154.6673622,0.001943349838256836
302871,normal,3002,0,1782362154.669471,0.0021088123321533203
302872,normal,812,2,1782362154.6713684,0.0018973350524902344
302873,normal,2403,0,1782362154.673457,0.0020885467529296875
302874,normal,1258,0,1782362154.6754546,0.001997709274291992
302875,normal,3609,0,1782362154.6774104,0.001955747604370117
302876,normal,567,0,1782362154.6795347,0.002124309539794922
302877,normal,1650,0,1782362154.6814756,0.0019409656524658203
302878,normal,2645,0,1782362154.683475,0.001999378204345703
302879,normal,3340,1,1782362154.6854305,0.0019555091857910156
302880,normal,1544,0,1782362154.687523,0.0020923614501953125
302881,normal,3672,0,1782362154.6894367,0.0019137859344482422
302882,normal,134,0,1782362154.6915448,0.0021080970764160156
302883,normal,135,0,1782362154.693505,0.001960277557373047
302884,normal,2729,0,1782362154.6953983,0.0018932819366455078
302885,normal,604,0,1782362154.697861,0.002462625503540039
302886,normal,2012,0,1782362154.6998665,0.0020055770874023438
302887,normal,2494,0,1782362154.7015085,0.001641988754272461
302888,normal,3420,0,1782362154.7038326,0.0023241043090820312
302889,normal,2841,0,1782362154.7053854,0.0015528202056884766
302890,normal,3456,0,1782362154.7074955,0.002110004425048828
302891,normal,3445,0,1782362154.7094626,0.001967191696166992
302892,normal,1621,0,1782362154.7115865,0.0021238327026367188
302893,normal,2436,0,1782362154.713349,0.0017626285552978516
302894,normal,1241,0,1782362154.715506,0.002156972885131836
302895,normal,3208,1,1782362154.7173762,0.0018701553344726562
302896,normal,2071,0,1782362154.7193983,0.0020220279693603516
302897,normal,3526,0,1782362154.7214055,0.0020072460174560547
302898,normal,1333,1,1782362154.7235107,0.002105236053466797
302899,normal,1335,1,1782362154.7254035,0.0018928050994873047
302900,normal,2800,0,1782362154.727631,0.0022275447845458984
302901,normal,1913,0,1782362154.7294562,0.001825094223022461
302902,normal,785,2,1782362154.7315261,0.0020699501037597656
302903,normal,1348,1,1782362154.7333877,0.001861572265625
302904,normal,3133,1,1782362154.7354815,0.002093791961669922
302905,normal,3446,0,1782362154.7373714,0.001889944076538086
302906,normal,1720,0,1782362154.739475,0.002103567123413086
302907,normal,1711,0,1782362154.7414277,0.0019526481628417969
302908,normal,2316,0,1782362154.74331,0.001882314682006836
302909,normal,3408,0,1782362154.7453952,0.0020852088928222656
302910,normal,884,2,1782362154.7475173,0.002122163772583008
302911,normal,464,0,1782362154.7494066,0.0018892288208007812
302912,normal,2088,0,1782362154.7516918,0.0022852420806884766
302913,normal,1386,0,1782362154.7534726,0.0017807483673095703
302914,normal,2709,0,1782362154.7553875,0.00191497802734375
302915,normal,3086,1,1782362154.7575736,0.0021860599517822266
302916,normal,1870,0,1782362154.7595534,0.001979827880859375
302917,normal,1879,0,1782362154.7615728,0.0020194053649902344
302918,normal,289,0,1782362154.7635136,0.0019407272338867188
302919,normal,1042,0,1782362154.765594,0.0020804405212402344
302920,normal,1967,0,1782362154.7675495,0.0019555091857910156
302921,normal,1527,0,1782362154.7697861,0.002236604690551758
302922,normal,1154,0,1782362154.7714972,0.001711130142211914
302923,normal,3578,0,1782362154.773349,0.001851797103881836
302924,normal,3180,1,1782362154.7754261,0.0020771026611328125
302925,normal,2206,0,1782362154.7774198,0.0019936561584472656
302926,normal,434,0,1782362154.779419,0.0019991397857666016
302927,normal,2100,0,1782362154.781604,0.0021851062774658203
302928,normal,2273,0,1782362154.7833927,0.0017886161804199219
302929,normal,2438,0,1782362154.7852707,0.0018780231475830078
302930,normal,2735,0,1782362154.7873883,0.002117633819580078
302931,normal,3232,1,1782362154.7893794,0.0019910335540771484
302932,normal,2804,0,1782362154.7915385,0.00215911865234375
302933,normal,2609,0,1782362154.7939913,0.002452850341796875
302934,normal,2995,0,1782362154.7959216,0.00193023681640625
302935,normal,2796,0,1782362154.7976546,0.0017330646514892578
302936,normal,1608,0,1782362154.7995164,0.0018618106842041016
302937,normal,2149,0,1782362154.801811,0.0022945404052734375
302938,normal,810,2,1782362154.8034213,0.0016102790832519531
302939,normal,496,0,1782362154.8056135,0.002192258834838867
302940,normal,501,0,1782362154.8075972,0.001983642578125
302941,normal,1123,0,1782362154.8099005,0.0023033618927001953
302942,normal,790,2,1782362154.8114507,0.0015501976013183594
302943,normal,3693,0,1782362154.8134027,0.0019519329071044922
302944,normal,3311,1,1782362154.815283,0.0018804073333740234
302945,normal,1931,0,1782362154.8174038,0.0021207332611083984
302946,normal,1700,0,1782362154.819407,0.002003192901611328
302947,normal,3470,0,1782362154.8215222,0.0021152496337890625
302948,normal,3003,0,1782362154.8234026,0.0018804073333740234
302949,normal,1741,0,1782362154.8256426,0.0022399425506591797
302950,normal,439,0,1782362154.8274546,0.001811981201171875
302951,normal,1178,0,1782362154.8295088,0.0020542144775390625
302952,normal,807,2,1782362154.8314724,0.0019636154174804688
302953,normal,3150,1,1782362154.833982,0.002509593963623047
302954,normal,1973,0,1782362154.836191,0.0022089481353759766
302955,normal,1063,0,1782362154.8377583,0.0015673637390136719
302956,normal,1788,0,1782362154.8393483,0.0015900135040283203
302957,normal,1728,0,1782362154.8418431,0.00249481201171875
302958,normal,2472,0,1782362154.8435266,0.0016834735870361328
302959,normal,2098,0,1782362154.8454204,0.001893758773803711
302960,normal,3080,1,1782362154.8474336,0.0020132064819335938
302961,normal,85,0,1782362154.8498337,0.0024001598358154297
302962,normal,1577,0,1782362154.8519907,0.002156972885131836
302963,normal,787,2,1782362154.8534524,0.0014617443084716797
302964,normal,1705,0,1782362154.855434,0.001981496810913086
302965,normal,2626,0,1782362154.857323,0.0018889904022216797
302966,normal,3084,1,1782362154.8594568,0.0021338462829589844
302967,normal,1517,0,1782362154.8614626,0.0020058155059814453
302968,normal,2006,0,1782362154.8633437,0.0018811225891113281
302969,normal,1416,0,1782362154.865439,0.0020952224731445312
302970,normal,935,2,1782362154.8675706,0.0021317005157470703
302971,normal,3379,1,1782362154.869567,0.001996278762817383
302972,normal,558,0,1782362154.8714159,0.0018489360809326172
302973,normal,2087,0,1782362154.8736453,0.002229452133178711
302974,normal,1690,0,1782362154.8755274,0.0018820762634277344
302975,normal,888,2,1782362154.8775394,0.002012014389038086
302976,normal,1636,0,1782362154.8796272,0.002087831497192383
302977,normal,1925,0,1782362154.881358,0.0017306804656982422
302978,normal,3417,0,1782362154.8838897,0.002531766891479492
302979,normal,2977,0,1782362154.8857899,0.0019001960754394531
302980,normal,1137,0,1782362154.8875172,0.0017273426055908203
302981,normal,1766,0,1782362154.8895462,0.002028942108154297
302982,normal,868,2,1782362154.89208,0.0025339126586914062
302983,normal,3212,1,1782362154.8937347,0.0016546249389648438
302984,normal,3633,0,1782362154.8956478,0.0019130706787109375
302985,normal,2647,0,1782362154.8974857,0.0018379688262939453
302986,normal,797,2,1782362154.8993344,0.0018486976623535156
302987,normal,433,0,1782362154.9014668,0.002132415771484375
302988,normal,947,2,1782362154.9035432,0.002076387405395508
302989,normal,138,0,1782362154.9053395,0.0017962455749511719
302990,normal,3096,1,1782362154.9076102,0.0022706985473632812
302991,normal,809,2,1782362154.9093657,0.0017554759979248047
302992,normal,3431,0,1782362154.9113007,0.0019350051879882812
302993,normal,1712,0,1782362154.9134803,0.0021796226501464844
302994,normal,588,0,1782362154.915497,0.002016782760620117
302995,normal,1409,0,1782362154.917374,0.0018768310546875
302996,normal,3433,0,1782362154.9193885,0.002014636993408203
302997,normal,2120,0,1782362154.9214892,0.002100706100463867
302998,normal,3449,0,1782362154.9233594,0.0018701553344726562
302999,normal,1448,0,1782362154.925605,0.002245664596557617
303000,normal,1643,0,1782362154.9275005,0.0018954277038574219
303001,normal,1962,0,1782362154.9296105,0.002110004425048828
303002,normal,2952,0,1782362154.9316075,0.0019969940185546875
303003,normal,3233,1,1782362154.9334505,0.0018429756164550781
303004,normal,1470,0,1782362154.9353623,0.0019118785858154297
303005,normal,2843,0,1782362154.9374096,0.002047300338745117
303006,normal,24,0,1782362154.9395666,0.002156972885131836
303007,normal,1082,0,1782362154.9413896,0.0018229484558105469
303008,normal,3352,1,1782362154.9434264,0.0020368099212646484
303009,normal,1890,0,1782362154.945447,0.002020597457885742
303010,normal,1169,0,1782362154.9473135,0.0018665790557861328
303011,normal,2247,0,1782362154.9494438,0.002130270004272461
303012,normal,511,0,1782362154.9517748,0.0023310184478759766
303013,normal,2909,0,1782362154.953346,0.0015711784362792969
303014,normal,2670,0,1782362154.9556053,0.0022592544555664062
303015,normal,990,2,1782362154.9574213,0.0018160343170166016
303016,normal,2832,0,1782362154.9594479,0.0020265579223632812
303017,normal,1692,0,1782362154.961691,0.0022430419921875
303018,normal,3436,0,1782362154.9633884,0.001697540283203125
303019,normal,2720,0,1782362154.9653413,0.0019528865814208984
303020,normal,1192,0,1782362154.9675791,0.0022377967834472656
303021,normal,2920,0,1782362154.96952,0.0019409656524658203
303022,normal,2873,0,1782362154.9714031,0.0018830299377441406
303023,normal,328,0,1782362154.9733796,0.001976490020751953
303024,normal,2294,0,1782362154.9755192,0.002139568328857422
303025,normal,3362,1,1782362154.9773898,0.0018706321716308594
303026,normal,1961,0,1782362154.979403,0.0020132064819335938
303027,normal,2953,0,1782362154.98169,0.0022869110107421875
303028,normal,1571,0,1782362154.9833245,0.0016345977783203125
303029,normal,2452,0,1782362154.9854536,0.002129077911376953
303030,normal,1393,0,1782362154.9874961,0.002042531967163086
303031,normal,358,0,1782362154.9892843,0.0017881393432617188
303032,normal,2180,0,1782362154.9912744,0.001990079879760742
303033,normal,1363,1,1782362154.9939075,0.0026330947875976562
303034,normal,157,0,1782362154.9956253,0.0017178058624267578
303035,normal,301,0,1782362154.9978583,0.0022330284118652344
303036,normal,3214,1,1782362154.999541,0.0016827583312988281
303037,normal,719,0,1782362155.001396,0.0018548965454101562
303038,normal,16,0,1782362155.0037827,0.002386808395385742
303039,normal,1376,1,1782362155.0055044,0.0017216205596923828
303040,normal,2128,0,1782362155.0077963,0.0022919178009033203
303041,normal,2775,0,1782362155.009631,0.0018346309661865234
303042,normal,3303,1,1782362155.0116093,0.0019783973693847656
303043,normal,705,0,1782362155.0134556,0.0018463134765625
303044,normal,3312,1,1782362155.015517,0.0020613670349121094
303045,normal,3097,1,1782362155.0176454,0.0021283626556396484
303046,normal,2802,0,1782362155.0192816,0.0016362667083740234
303047,normal,2171,0,1782362155.0214186,0.0021369457244873047
303048,normal,1375,1,1782362155.0234218,0.002003192901611328
303049,normal,1953,0,1782362155.0254881,0.002066373825073242
303050,normal,3624,0,1782362155.0276256,0.002137422561645508
303051,normal,1625,0,1782362155.0294569,0.0018312931060791016
303052,normal,828,2,1782362155.0314183,0.0019614696502685547
303053,normal,2766,0,1782362155.0333853,0.0019669532775878906
303054,normal,314,0,1782362155.035515,0.002129793167114258
303055,normal,3388,1,1782362155.0373209,0.0018057823181152344
303056,normal,299,0,1782362155.0395184,0.0021975040435791016
303057,normal,1677,0,1782362155.0420778,0.0025594234466552734
303058,normal,1740,0,1782362155.04392,0.0018422603607177734
303059,normal,281,0,1782362155.0455925,0.001672506332397461
303060,normal,2837,0,1782362155.0474832,0.0018906593322753906
303061,normal,1431,0,1782362155.0494046,0.0019214153289794922
303062,normal,2594,0,1782362155.0518556,0.0024509429931640625
303063,normal,1645,0,1782362155.053588,0.0017323493957519531
303064,normal,264,0,1782362155.0553105,0.001722574234008789
303065,normal,3422,0,1782362155.0577943,0.002483844757080078
303066,normal,66,0,1782362155.0595343,0.0017399787902832031
303067,normal,427,0,1782362155.0613728,0.0018384456634521484
303068,normal,1031,0,1782362155.0636222,0.002249479293823242
303069,normal,1599,0,1782362155.0654519,0.0018296241760253906
303070,normal,409,0,1782362155.0674565,0.0020046234130859375
303071,normal,1040,0,1782362155.0694304,0.001973867416381836
303072,normal,3585,0,1782362155.071597,0.002166748046875
303073,normal,1980,0,1782362155.073426,0.001828908920288086
303074,normal,2148,0,1782362155.0757434,0.0023174285888671875
303075,normal,1964,0,1782362155.077556,0.0018124580383300781
303076,normal,1551,0,1782362155.0795984,0.002042531967163086
303077,normal,1646,0,1782362155.0814526,0.0018541812896728516
303078,normal,1365,1,1782362155.0837524,0.002299785614013672
303079,normal,1171,0,1782362155.0854807,0.0017282962799072266
303080,normal,3300,1,1782362155.0878162,0.0023355484008789062
303081,normal,436,0,1782362155.0898566,0.002040386199951172
303082,normal,3447,0,1782362155.0916038,0.00174713134765625
303083,normal,2972,0,1782362155.0933967,0.00179290771484375
303084,normal,3460,0,1782362155.0961084,0.002711772918701172
303085,normal,777,2,1782362155.0978842,0.0017757415771484375
303086,normal,2688,0,1782362155.0996823,0.0017981529235839844
303087,normal,475,0,1782362155.1014693,0.001786947250366211
303088,normal,98,0,1782362155.1033502,0.0018808841705322266
303089,normal,3333,1,1782362155.105585,0.002234935760498047
303090,normal,800,2,1782362155.107589,0.002003908157348633
303091,normal,1525,0,1782362155.1093779,0.0017888545989990234
303092,normal,2101,0,1782362155.1114686,0.0020906925201416016
303093,normal,3699,0,1782362155.1135495,0.0020809173583984375
303094,normal,2420,0,1782362155.1153173,0.001767873764038086
303095,normal,1684,0,1782362155.1175692,0.002251863479614258
303096,normal,798,2,1782362155.1195712,0.0020020008087158203
303097,normal,2860,0,1782362155.1213946,0.00182342529296875
303098,normal,2447,0,1782362155.123678,0.002283334732055664
303099,normal,1968,0,1782362155.1255746,0.0018966197967529297
303100,normal,993,2,1782362155.127413,0.0018384456634521484
303101,normal,1878,0,1782362155.1295917,0.002178668975830078
303102,normal,128,0,1782362155.1315355,0.001943826675415039
303103,normal,1594,0,1782362155.1334734,0.0019378662109375
303104,normal,2535,0,1782362155.1356025,0.002129077911376953
303105,normal,1369,1,1782362155.1376312,0.0020287036895751953
303106,normal,2884,0,1782362155.1393456,0.001714468002319336
303107,normal,1125,0,1782362155.1415637,0.002218008041381836
303108,normal,3499,0,1782362155.1435366,0.0019729137420654297
303109,normal,3692,0,1782362155.1453211,0.0017845630645751953
303110,normal,1262,0,1782362155.147591,0.0022699832916259766
303111,normal,1834,0,1782362155.1496096,0.002018451690673828
303112,normal,3483,0,1782362155.1514323,0.0018227100372314453
303113,normal,1790,0,1782362155.1535347,0.002102375030517578
303114,normal,2318,0,1782362155.1559842,0.002449512481689453
303115,normal,1556,0,1782362155.157476,0.0014917850494384766
303116,normal,1780,0,1782362155.1596847,0.002208709716796875
303117,normal,3375,1,1782362155.1615012,0.0018165111541748047
303118,normal,285,0,1782362155.1634927,0.0019915103912353516
303119,normal,2529,0,1782362155.1656215,0.0021288394927978516
303120,normal,1706,0,1782362155.1675513,0.0019297599792480469
303121,normal,1823,0,1782362155.1693182,0.0017669200897216797
303122,normal,1714,0,1782362155.171449,0.002130746841430664
303123,normal,3361,1,1782362155.1736102,0.002161264419555664
303124,normal,1897,0,1782362155.1753867,0.0017764568328857422
303125,normal,3377,1,1782362155.177907,0.002520322799682617
303126,normal,519,0,1782362155.1795025,0.0015954971313476562
303127,normal,1411,0,1782362155.1813703,0.0018677711486816406
303128,normal,921,2,1782362155.1836143,0.0022439956665039062
303129,normal,3604,0,1782362155.1854377,0.00182342529296875
303130,normal,3271,1,1782362155.1875436,0.0021059513092041016
303131,normal,2086,0,1782362155.189434,0.001890420913696289
303132,normal,910,2,1782362155.1924481,0.003014087677001953
303133,normal,2485,0,1782362155.1935563,0.0011081695556640625
303134,normal,2062,0,1782362155.195373,0.0018167495727539062
303135,normal,1616,0,1782362155.1975944,0.002221345901489258
303136,normal,1724,0,1782362155.1995385,0.0019440650939941406
303137,normal,51,0,1782362155.2015212,0.0019826889038085938
303138,normal,3119,1,1782362155.20363,0.0021088123321533203
303139,normal,3690,0,1782362155.2057967,0.002166748046875
303140,normal,2076,0,1782362155.2077692,0.0019724369049072266
303141,normal,47,0,1782362155.2096183,0.0018491744995117188
303142,normal,476,0,1782362155.2114341,0.0018157958984375
303143,normal,2371,0,1782362155.2135863,0.0021522045135498047
303144,normal,412,0,1782362155.2158034,0.0022170543670654297
303145,normal,3218,1,1782362155.2174044,0.0016009807586669922
303146,normal,3139,1,1782362155.2195568,0.0021524429321289062
303147,normal,1133,0,1782362155.2217257,0.002168893814086914
303148,normal,1531,0,1782362155.2235794,0.0018537044525146484
303149,normal,1323,1,1782362155.2255569,0.0019774436950683594
303150,normal,2842,0,1782362155.2279394,0.002382516860961914
303151,normal,2183,0,1782362155.2293913,0.0014519691467285156
303152,normal,1185,0,1782362155.2315621,0.0021708011627197266
303153,normal,2897,0,1782362155.2336986,0.0021364688873291016
303154,normal,3045,1,1782362155.235318,0.0016193389892578125
303155,normal,2078,0,1782362155.238029,0.002711057662963867
303156,normal,2686,0,1782362155.2401435,0.002114534378051758
303157,normal,848,2,1782362155.2420886,0.0019450187683105469
303158,normal,2621,0,1782362155.2437086,0.0016200542449951172
303159,normal,1447,0,1782362155.2457974,0.002088785171508789
303160,normal,587,0,1782362155.2479336,0.00213623046875
303161,normal,3022,0,1782362155.249402,0.0014684200286865234
303162,normal,2437,0,1782362155.2515779,0.0021758079528808594
303163,normal,2005,0,1782362155.2533202,0.0017423629760742188
303164,normal,263,0,1782362155.2557228,0.0024025440216064453
303165,normal,1639,0,1782362155.2577114,0.001988649368286133
303166,normal,1002,2,1782362155.259389,0.0016775131225585938
303167,normal,2875,0,1782362155.2616067,0.0022177696228027344
303168,normal,1501,0,1782362155.2634583,0.0018515586853027344
303169,normal,793,2,1782362155.265337,0.0018787384033203125
303170,normal,1743,0,1782362155.267611,0.002274036407470703
303171,normal,3406,0,1782362155.2695038,0.0018928050994873047
303172,normal,1306,0,1782362155.2719066,0.002402782440185547
303173,normal,2864,0,1782362155.2736506,0.0017440319061279297
303174,normal,859,2,1782362155.275551,0.0019004344940185547
303175,normal,3236,1,1782362155.2774117,0.0018606185913085938
303176,normal,2828,0,1782362155.2796204,0.002208709716796875
303177,normal,1623,0,1782362155.2816446,0.0020241737365722656
303178,normal,2465,0,1782362155.2835836,0.0019390583038330078
303179,normal,3095,1,1782362155.285525,0.0019414424896240234
303180,normal,1263,0,1782362155.2879431,0.002418041229248047
303181,normal,2372,0,1782362155.2895424,0.0015993118286132812
303182,normal,3287,1,1782362155.291464,0.0019216537475585938
303183,normal,3132,1,1782362155.2936003,0.00213623046875
303184,normal,115,0,1782362155.2955554,0.0019550323486328125
303185,normal,770,0,1782362155.2978096,0.0022542476654052734
303186,normal,2114,0,1782362155.299483,0.0016734600067138672
303187,normal,545,0,1782362155.3013911,0.0019080638885498047
303188,normal,2876,0,1782362155.3034508,0.0020596981048583984
303189,normal,1220,0,1782362155.3055358,0.002084970474243164
303190,normal,1497,0,1782362155.3073778,0.0018420219421386719
303191,normal,749,0,1782362155.309478,0.002100229263305664
303192,normal,890,2,1782362155.311553,0.0020749568939208984
303193,normal,1985,0,1782362155.3133342,0.0017812252044677734
303194,normal,953,2,1782362155.3155553,0.0022211074829101562
303195,normal,994,2,1782362155.3175797,0.002024412155151367
303196,normal,911,2,1782362155.3194997,0.0019199848175048828
303197,normal,727,0,1782362155.3216436,0.00214385986328125
303198,normal,1166,0,1782362155.3235955,0.0019519329071044922
303199,normal,1446,0,1782362155.3254783,0.001882791519165039
303200,normal,1464,0,1782362155.3274798,0.002001523971557617
303201,normal,2831,0,1782362155.3297014,0.0022215843200683594
303202,normal,2830,0,1782362155.331468,0.0017666816711425781
303203,normal,2298,0,1782362155.3336236,0.0021555423736572266
303204,normal,2973,0,1782362155.3354917,0.0018680095672607422
303205,normal,2955,0,1782362155.337309,0.0018172264099121094
303206,normal,3570,0,1782362155.3395565,0.0022475719451904297
303207,normal,2067,0,1782362155.3415017,0.0019452571868896484
303208,normal,2363,0,1782362155.343563,0.0020613670349121094
303209,normal,737,0,1782362155.3455045,0.0019414424896240234
303210,normal,1309,0,1782362155.347705,0.0022003650665283203
303211,normal,1911,0,1782362155.3495622,0.0018572807312011719
303212,normal,1784,0,1782362155.3515353,0.0019731521606445312
303213,normal,2702,0,1782362155.3535156,0.001980304718017578
303214,normal,3437,0,1782362155.355429,0.001913309097290039
303215,normal,2989,0,1782362155.3573143,0.0018854141235351562
303216,normal,3179,1,1782362155.3595452,0.0022308826446533203
303217,normal,2126,0,1782362155.361433,0.0018877983093261719
303218,normal,3276,1,1782362155.363498,0.002064943313598633
303219,normal,1250,0,1782362155.3653786,0.001880645751953125
303220,normal,1332,1,1782362155.367397,0.002018451690673828
303221,normal,3168,1,1782362155.3692598,0.0018627643585205078
303222,normal,339,0,1782362155.3714254,0.002165555953979492
303223,normal,2770,0,1782362155.3733487,0.0019233226776123047
303224,normal,1316,0,1782362155.375493,0.002144336700439453
303225,normal,2778,0,1782362155.3774517,0.001958608627319336
303226,normal,1539,0,1782362155.379307,0.0018553733825683594
303227,normal,2783,0,1782362155.381409,0.002101898193359375
303228,normal,3345,1,1782362155.3834999,0.002090930938720703
303229,normal,3425,0,1782362155.385488,0.0019881725311279297
303230,normal,955,2,1782362155.3877742,0.002286195755004883
303231,normal,668,0,1782362155.3896272,0.0018529891967773438
303232,normal,1569,0,1782362155.3913474,0.0017201900482177734
303233,normal,2616,0,1782362155.393412,0.0020647048950195312
303234,normal,1607,0,1782362155.3953729,0.00196075439453125
303235,normal,1634,0,1782362155.3974144,0.0020415782928466797
303236,normal,1874,0,1782362155.3994017,0.0019872188568115234
303237,normal,1052,0,1782362155.4014964,0.002094745635986328
303238,normal,196,0,1782362155.4036007,0.0021042823791503906
303239,normal,2085,0,1782362155.4053977,0.0017969608306884766
303240,normal,2628,0,1782362155.4075491,0.0021514892578125
303241,normal,2732,0,1782362155.4094126,0.0018634796142578125
303242,normal,10,0,1782362155.411469,0.0020563602447509766
303243,normal,3087,1,1782362155.4135025,0.0020334720611572266
303244,normal,2751,0,1782362155.415383,0.001880645751953125
303245,normal,3472,0,1782362155.417489,0.0021059513092041016
303246,normal,105,0,1782362155.4194252,0.001936197280883789
303247,normal,997,2,1782362155.4212742,0.0018489360809326172
303248,normal,671,0,1782362155.4234276,0.0021533966064453125
303249,normal,2234,0,1782362155.4254665,0.0020389556884765625
303250,normal,2440,0,1782362155.4280899,0.002623319625854492
303251,normal,3034,0,1782362155.430109,0.002019166946411133
303252,normal,1299,0,1782362155.4313905,0.0012814998626708984
303253,normal,1252,0,1782362155.4333699,0.001979351043701172
303254,normal,3221,1,1782362155.4353192,0.001949310302734375
303255,normal,3708,0,1782362155.4375188,0.0021996498107910156
303256,normal,1844,0,1782362155.4393485,0.0018296241760253906
303257,normal,1750,0,1782362155.441453,0.002104520797729492
303258,normal,3524,0,1782362155.444053,0.002599954605102539
303259,normal,3127,1,1782362155.4456081,0.0015552043914794922
303260,normal,959,2,1782362155.447374,0.0017659664154052734
303261,normal,1010,2,1782362155.4500697,0.0026955604553222656
303262,normal,1550,0,1782362155.4517195,0.0016498565673828125
303263,normal,3178,1,1782362155.4533806,0.001661062240600586
303264,normal,1568,0,1782362155.4554532,0.002072572708129883
303265,normal,2249,0,1782362155.4572833,0.0018301010131835938
303266,normal,1916,0,1782362155.459608,0.002324819564819336
303267,normal,3463,0,1782362155.4614477,0.0018396377563476562
303268,normal,582,0,1782362155.4633327,0.0018849372863769531
303269,normal,1054,0,1782362155.465418,0.002085447311401367
303270,normal,1561,0,1782362155.4674184,0.0020003318786621094
303271,normal,3429,0,1782362155.469289,0.0018706321716308594
303272,normal,2651,0,1782362155.471444,0.002154827117919922
303273,normal,2405,0,1782362155.4740124,0.002568483352661133
303274,normal,532,0,1782362155.4754555,0.0014431476593017578
303275,normal,3184,1,1782362155.477585,0.0021295547485351562
303276,normal,485,0,1782362155.4794476,0.0018625259399414062
303277,normal,2883,0,1782362155.481367,0.0019195079803466797
303278,normal,1756,0,1782362155.4835575,0.0021903514862060547
303279,normal,424,0,1782362155.4855316,0.0019741058349609375
303280,normal,1987,0,1782362155.487381,0.0018494129180908203
303281,normal,2858,0,1782362155.4896567,0.002275705337524414
303282,normal,3120,1,1782362155.4915388,0.0018820762634277344
303283,normal,1249,0,1782362155.4933908,0.0018520355224609375
303284,normal,1089,0,1782362155.4954393,0.002048492431640625
303285,normal,2588,0,1782362155.4977176,0.0022783279418945312
303286,normal,91,0,1782362155.499685,0.0019674301147460938
303287,normal,2937,0,1782362155.501369,0.001683950424194336
303288,normal,1400,0,1782362155.503468,0.0020990371704101562
303289,normal,2664,0,1782362155.5052946,0.0018265247344970703
303290,normal,821,2,1782362155.5073688,0.0020742416381835938
303291,normal,460,0,1782362155.5094247,0.0020558834075927734
303292,normal,389,0,1782362155.5112867,0.0018620491027832031
303293,normal,3190,1,1782362155.5133216,0.002034902572631836
303294,normal,2340,0,1782362155.5154383,0.002116680145263672
303295,normal,1860,0,1782362155.5172758,0.0018374919891357422
303296,normal,2547,0,1782362155.5194223,0.002146482467651367
303297,normal,1891,0,1782362155.521434,0.0020117759704589844
303298,normal,1438,0,1782362155.5236597,0.002225637435913086
303299,normal,3200,1,1782362155.5256166,0.001956939697265625
303300,normal,2072,0,1782362155.527751,0.0021343231201171875
303301,normal,3009,0,1782362155.5294127,0.0016617774963378906
303302,normal,232,0,1782362192.0383298,0.0
303303,normal,2381,0,1782362192.0403464,0.0020165443420410156
303304,normal,17,0,1782362192.0423968,0.0020503997802734375
303305,normal,25,0,1782362192.0443351,0.0019383430480957031
303306,normal,487,0,1782362192.0463517,0.0020165443420410156
303307,normal,3027,0,1782362192.0484428,0.0020911693572998047
303308,normal,3391,1,1782362192.0504642,0.002021312713623047
303309,normal,2824,0,1782362192.0523002,0.0018360614776611328
303310,normal,156,0,1782362192.054451,0.0021507740020751953
303311,normal,909,2,1782362192.056473,0.0020220279693603516
303312,normal,2733,0,1782362192.0583096,0.001836538314819336
303313,normal,2774,0,1782362192.0605552,0.002245664596557617
303314,normal,1135,0,1782362192.0623639,0.0018086433410644531
303315,normal,1532,0,1782362192.0645797,0.002215862274169922
303316,normal,2557,0,1782362192.0665395,0.0019598007202148438
303317,normal,1856,0,1782362192.0683994,0.001859903335571289
303318,normal,3385,1,1782362192.070569,0.0021696090698242188
303319,normal,3570,0,1782362192.0723994,0.0018303394317626953
303320,normal,234,0,1782362192.0743964,0.0019969940185546875
303321,normal,898,2,1782362192.0765104,0.0021140575408935547
303322,normal,2245,0,1782362192.0785553,0.0020449161529541016
303323,normal,3495,0,1782362192.0803628,0.0018074512481689453
303324,normal,2451,0,1782362192.0823545,0.001991748809814453
303325,normal,2988,0,1782362192.0845432,0.0021886825561523438
303326,normal,2843,0,1782362192.0863647,0.0018215179443359375
303327,normal,285,0,1782362192.0885162,0.0021514892578125
303328,normal,1739,0,1782362192.0905485,0.0020322799682617188
303329,normal,2731,0,1782362192.0924077,0.0018591880798339844
303330,normal,3335,1,1782362192.094514,0.002106189727783203
303331,normal,3451,0,1782362192.096529,0.0020151138305664062
303332,normal,2024,0,1782362192.0983546,0.001825571060180664
303333,normal,1795,0,1782362192.1005878,0.002233266830444336
303334,normal,165,0,1782362192.102379,0.001791238784790039
303335,normal,2333,0,1782362192.1044395,0.002060413360595703
303336,normal,2838,0,1782362192.1063886,0.0019490718841552734
303337,normal,1617,0,1782362192.1085515,0.002162933349609375
303338,normal,1089,0,1782362192.110421,0.0018694400787353516
303339,normal,534,0,1782362192.112566,0.002145051956176758
303340,normal,43,0,1782362192.114727,0.0021610260009765625
303341,normal,2216,0,1782362192.1164124,0.0016853809356689453
303342,normal,1544,0,1782362192.118789,0.002376556396484375
303343,normal,2293,0,1782362192.1205554,0.0017664432525634766
303344,normal,485,0,1782362192.122574,0.0020186901092529297
303345,normal,567,0,1782362192.1246128,0.002038717269897461
303346,normal,1552,0,1782362192.1267416,0.0021288394927978516
303347,normal,3452,0,1782362192.1284142,0.001672506332397461
303348,normal,3558,0,1782362192.1307845,0.0023703575134277344
303349,normal,655,0,1782362192.132554,0.0017695426940917969
303350,normal,1884,0,1782362192.1345747,0.002020597457885742
303351,normal,1011,2,1782362192.1367478,0.002173185348510742
303352,normal,1558,0,1782362192.1384337,0.0016858577728271484
303353,normal,1624,0,1782362192.1407511,0.0023174285888671875
303354,normal,2913,0,1782362192.1424773,0.0017261505126953125
303355,normal,1974,0,1782362192.1447563,0.002279043197631836
303356,normal,3152,1,1782362192.1464162,0.0016598701477050781
303357,normal,2434,0,1782362192.1488345,0.0024182796478271484
303358,normal,3441,0,1782362192.1505525,0.0017180442810058594
303359,normal,434,0,1782362192.1525629,0.002010345458984375
303360,normal,517,0,1782362192.1546247,0.0020618438720703125
303361,normal,3587,0,1782362192.156754,0.0021293163299560547
303362,normal,3692,0,1782362192.1584146,0.0016605854034423828
303363,normal,2815,0,1782362192.1608162,0.002401590347290039
303364,normal,601,0,1782362192.1625607,0.0017445087432861328
303365,normal,1804,0,1782362192.1645658,0.0020051002502441406
303366,normal,1626,0,1782362192.1666293,0.0020635128021240234
303367,normal,3358,1,1782362192.1687565,0.0021271705627441406
303368,normal,2870,0,1782362192.1704154,0.0016589164733886719
303369,normal,1821,0,1782362192.172824,0.0024085044860839844
303370,normal,3635,0,1782362192.174607,0.001783132553100586
303371,normal,1195,0,1782362192.1764393,0.0018322467803955078
303372,normal,2760,0,1782362192.1785958,0.002156496047973633
303373,normal,777,2,1782362192.1805317,0.0019359588623046875
303374,normal,2247,0,1782362192.1823943,0.0018625259399414062
303375,normal,2173,0,1782362192.184612,0.0022177696228027344
303376,normal,2500,0,1782362192.1865337,0.0019216537475585938
303377,normal,938,2,1782362192.1883986,0.0018649101257324219
303378,normal,3284,1,1782362192.1905236,0.0021250247955322266
303379,normal,2266,0,1782362192.192528,0.002004384994506836
303380,normal,1940,0,1782362192.1943843,0.0018563270568847656
303381,normal,85,0,1782362192.1965125,0.002128124237060547
303382,normal,660,0,1782362192.1985114,0.0019989013671875
303383,normal,691,0,1782362192.2003887,0.0018773078918457031
303384,normal,1095,0,1782362192.202535,0.0021462440490722656
303385,normal,1984,0,1782362192.2045317,0.001996755599975586
303386,normal,2880,0,1782362192.2064,0.0018682479858398438
303387,normal,821,2,1782362192.2085304,0.0021305084228515625
303388,normal,337,0,1782362192.2105312,0.0020008087158203125
303389,normal,2376,0,1782362192.2123938,0.0018625259399414062
303390,normal,1543,0,1782362192.2143943,0.002000570297241211
303391,normal,24,0,1782362192.2165284,0.002134084701538086
303392,normal,865,2,1782362192.2183986,0.0018701553344726562
303393,normal,448,0,1782362192.2205365,0.002137899398803711
303394,normal,46,0,1782362192.222763,0.002226591110229492
303395,normal,503,0,1782362192.2257748,0.0030117034912109375
303396,normal,198,0,1782362192.2265682,0.00079345703125
303397,normal,1128,0,1782362192.228605,0.0020368099212646484
303398,normal,1420,0,1782362192.2305439,0.0019388198852539062
303399,normal,2947,0,1782362192.232577,0.002033233642578125
303400,normal,3515,0,1782362192.234735,0.002157926559448242
303401,normal,757,0,1782362192.2364128,0.0016777515411376953
303402,normal,1783,0,1782362192.2384474,0.0020346641540527344
303403,normal,662,0,1782362192.2408311,0.002383708953857422
303404,normal,3579,0,1782362192.242554,0.0017228126525878906
303405,normal,3630,0,1782362192.2444425,0.0018885135650634766
303406,normal,904,2,1782362192.2467537,0.002311229705810547
303407,normal,675,0,1782362192.2484124,0.0016586780548095703
303408,normal,1206,0,1782362192.2507577,0.0023453235626220703
303409,normal,49,0,1782362192.2525527,0.001795053482055664
303410,normal,1901,0,1782362192.254559,0.0020062923431396484
303411,normal,3212,1,1782362192.2565582,0.0019991397857666016
303412,normal,197,0,1782362192.2587476,0.0021893978118896484
303413,normal,2563,0,1782362192.260413,0.001665353775024414
303414,normal,2605,0,1782362192.2627535,0.002340555191040039
303415,normal,68,0,1782362192.2645447,0.001791238784790039
303416,normal,2095,0,1782362192.2665658,0.0020210742950439453
303417,normal,3088,1,1782362192.2685504,0.0019845962524414062
303418,normal,3058,1,1782362192.2707455,0.002195119857788086
303419,normal,1136,0,1782362192.272413,0.0016674995422363281
303420,normal,1764,0,1782362192.2747579,0.002344846725463867
303421,normal,246,0,1782362192.2765534,0.0017955303192138672
303422,normal,961,2,1782362192.2785635,0.0020101070404052734
303423,normal,1666,0,1782362192.2805727,0.002009153366088867
303424,normal,2796,0,1782362192.2827678,0.002195119857788086
303425,normal,3367,1,1782362192.284414,0.001646280288696289
303426,normal,1311,0,1782362192.2867663,0.0023522377014160156
303427,normal,935,2,1782362192.2885284,0.0017621517181396484
303428,normal,2995,0,1782362192.2905345,0.002006053924560547
303429,normal,1562,0,1782362192.2925682,0.002033710479736328
303430,normal,2822,0,1782362192.2947373,0.0021691322326660156
303431,normal,199,0,1782362192.2964103,0.001672983169555664
303432,normal,1250,0,1782362192.2987654,0.0023550987243652344
303433,normal,20,0,1782362192.3005493,0.0017838478088378906
303434,normal,1875,0,1782362192.3025582,0.0020089149475097656
303435,normal,1302,0,1782362192.304596,0.0020377635955810547
303436,normal,1204,0,1782362192.3067448,0.002148866653442383
303437,normal,1265,0,1782362192.3084135,0.001668691635131836
303438,normal,2081,0,1782362192.3107681,0.0023546218872070312
303439,normal,3649,0,1782362192.312545,0.0017769336700439453
303440,normal,1652,0,1782362192.3145554,0.002010345458984375
303441,normal,1396,0,1782362192.3165843,0.002028942108154297
303442,normal,114,0,1782362192.3187494,0.002165079116821289
303443,normal,3571,0,1782362192.3204129,0.0016634464263916016
303444,normal,3095,1,1782362192.3227756,0.0023627281188964844
303445,normal,2927,0,1782362192.324549,0.0017733573913574219
303446,normal,3531,0,1782362192.3265622,0.0020132064819335938
303447,normal,2583,0,1782362192.3285928,0.002030611038208008
303448,normal,3442,0,1782362192.330745,0.0021522045135498047
303449,normal,2103,0,1782362192.332412,0.001667022705078125
303450,normal,1956,0,1782362192.3347797,0.002367734909057617
303451,normal,908,2,1782362192.3365448,0.0017650127410888672
303452,normal,2783,0,1782362192.3385627,0.002017974853515625
303453,normal,146,0,1782362192.3404598,0.0018970966339111328
303454,normal,1253,0,1782362192.3427503,0.002290487289428711
303455,normal,3134,1,1782362192.344419,0.001668691635131836
303456,normal,2302,0,1782362192.3467963,0.0023772716522216797
303457,normal,2976,0,1782362192.3485777,0.001781463623046875
303458,normal,53,0,1782362192.3504274,0.0018496513366699219
303459,normal,1121,0,1782362192.3525574,0.0021300315856933594
303460,normal,1018,2,1782362192.3545732,0.002015829086303711
303461,normal,2045,0,1782362192.35634,0.0017666816711425781
303462,normal,2034,0,1782362192.3583682,0.002028226852416992
303463,normal,37,0,1782362192.3605535,0.002185344696044922
303464,normal,1801,0,1782362192.3623393,0.0017857551574707031
303465,normal,263,0,1782362192.3645048,0.002165555953979492
303466,normal,722,0,1782362192.3665018,0.0019969940185546875
303467,normal,242,0,1782362192.3683548,0.0018529891967773438
303468,normal,3593,0,1782362192.3705246,0.0021698474884033203
303469,normal,972,2,1782362192.3725057,0.001981019973754883
303470,normal,624,0,1782362192.3743527,0.0018470287322998047
303471,normal,1570,0,1782362192.3767533,0.002400636672973633
303472,normal,1371,1,1782362192.3784428,0.0016894340515136719
303473,normal,2590,0,1782362192.3805592,0.0021164417266845703
303474,normal,3071,1,1782362192.3824835,0.001924276351928711
303475,normal,2533,0,1782362192.384741,0.0022575855255126953
303476,normal,2282,0,1782362192.3864038,0.0016627311706542969
303477,normal,686,0,1782362192.3886328,0.002228975296020508
303478,normal,35,0,1782362192.3905075,0.001874685287475586
303479,normal,2864,0,1782362192.3925574,0.0020499229431152344
303480,normal,811,2,1782362192.3943417,0.0017843246459960938
303481,normal,2122,0,1782362192.396566,0.0022242069244384766
303482,normal,2287,0,1782362192.3983543,0.0017883777618408203
303483,normal,651,0,1782362192.400564,0.0022096633911132812
303484,normal,266,0,1782362192.4026146,0.002050638198852539
303485,normal,77,0,1782362192.4043465,0.00173187255859375
303486,normal,2925,0,1782362192.4064996,0.002153158187866211
303487,normal,3670,0,1782362192.4087646,0.0022649765014648438
303488,normal,1193,0,1782362192.4104075,0.0016429424285888672
303489,normal,1017,2,1782362192.4127052,0.002297639846801758
303490,normal,1982,0,1782362192.4145668,0.001861572265625
303491,normal,2520,0,1782362192.4165735,0.0020067691802978516
303492,normal,2886,0,1782362192.4184992,0.0019257068634033203
303493,normal,2865,0,1782362192.4207375,0.0022382736206054688
303494,normal,2450,0,1782362192.422415,0.0016775131225585938
303495,normal,2341,0,1782362192.4246001,0.0021851062774658203
303496,normal,3354,1,1782362192.426652,0.002051830291748047
303497,normal,2889,0,1782362192.4284992,0.0018472671508789062
303498,normal,1554,0,1782362192.4304028,0.001903533935546875
303499,normal,754,0,1782362192.432729,0.0023262500762939453
303500,normal,126,0,1782362192.4343898,0.0016608238220214844
303501,normal,2265,0,1782362192.4365678,0.0021779537200927734
303502,normal,3098,1,1782362192.4385562,0.0019884109497070312
303503,normal,1489,0,1782362192.4403408,0.0017845630645751953
303504,normal,1111,0,1782362192.4425366,0.0021958351135253906
303505,normal,3315,1,1782362192.4445336,0.0019969940185546875
303506,normal,2304,0,1782362192.446339,0.0018053054809570312
303507,normal,3403,0,1782362192.4485734,0.0022344589233398438
303508,normal,1547,0,1782362192.4505153,0.0019419193267822266
303509,normal,2239,0,1782362192.4523563,0.0018410682678222656
303510,normal,352,0,1782362192.4545686,0.0022122859954833984
303511,normal,2130,0,1782362192.4565115,0.0019428730010986328
303512,normal,2077,0,1782362192.4583626,0.0018510818481445312
303513,normal,247,0,1782362192.4605792,0.0022165775299072266
303514,normal,467,0,1782362192.462512,0.0019328594207763672
303515,normal,33,0,1782362192.4643562,0.001844167709350586
303516,normal,2380,0,1782362192.4665694,0.0022132396697998047
303517,normal,2472,0,1782362192.4685125,0.0019431114196777344
303518,normal,3090,1,1782362192.4703567,0.001844167709350586
303519,normal,2764,0,1782362192.4725838,0.0022270679473876953
303520,normal,2253,0,1782362192.4743557,0.0017719268798828125
303521,normal,2960,0,1782362192.4765105,0.002154827117919922
303522,normal,1149,0,1782362192.478422,0.0019114017486572266
303523,normal,3484,0,1782362192.4805102,0.002088308334350586
303524,normal,493,0,1782362192.482358,0.0018477439880371094
303525,normal,296,0,1782362192.4845953,0.0022373199462890625
303526,normal,295,0,1782362192.4863539,0.001758575439453125
303527,normal,415,0,1782362192.4885123,0.0021584033966064453
303528,normal,2498,0,1782362192.4904263,0.0019140243530273438
303529,normal,3707,0,1782362192.49252,0.002093791961669922
303530,normal,622,0,1782362192.4943764,0.0018563270568847656
303531,normal,3040,0,1782362192.4965913,0.0022149085998535156
303532,normal,3229,1,1782362192.498354,0.0017626285552978516
303533,normal,3197,1,1782362192.500527,0.0021729469299316406
303534,normal,1918,0,1782362192.5024276,0.0019006729125976562
303535,normal,2437,0,1782362192.5045204,0.0020928382873535156
303536,normal,481,0,1782362192.506363,0.001842498779296875
303537,normal,956,2,1782362192.5085926,0.0022296905517578125
303538,normal,1382,0,1782362192.5105124,0.0019197463989257812
303539,normal,2296,0,1782362192.5123572,0.0018448829650878906
303540,normal,974,2,1782362192.5145884,0.002231121063232422
303541,normal,1560,0,1782362192.5165248,0.0019364356994628906
303542,normal,2793,0,1782362192.5183616,0.0018367767333984375
303543,normal,836,2,1782362192.5205944,0.002232789993286133
303544,normal,314,0,1782362192.52251,0.0019156932830810547
303545,normal,516,0,1782362192.5243587,0.0018486976623535156
303546,normal,1527,0,1782362192.5265863,0.0022275447845458984
303547,normal,2154,0,1782362192.5285149,0.001928567886352539
303548,normal,917,2,1782362192.5303595,0.001844644546508789
303549,normal,1040,0,1782362192.5326023,0.0022428035736083984
303550,normal,3226,1,1782362192.5345137,0.0019114017486572266
303551,normal,3,0,1782362192.5363848,0.0018711090087890625
303552,normal,2031,0,1782362192.538592,0.0022072792053222656
303553,normal,787,2,1782362192.5405667,0.0019745826721191406
303554,normal,3307,1,1782362192.5423408,0.0017740726470947266
303555,normal,732,0,1782362192.5445924,0.0022516250610351562
303556,normal,3041,0,1782362192.5465136,0.0019211769104003906
303557,normal,943,2,1782362192.5483782,0.0018646717071533203
303558,normal,3262,1,1782362192.5505464,0.0021681785583496094
303559,normal,1054,0,1782362192.5525148,0.0019683837890625
303560,normal,1848,0,1782362192.5543845,0.0018696784973144531
303561,normal,929,2,1782362192.5563614,0.0019769668579101562
303562,normal,1507,0,1782362192.5585103,0.002148866653442383
303563,normal,543,0,1782362192.5603583,0.001847982406616211
303564,normal,1000,2,1782362192.5625174,0.00215911865234375
303565,normal,211,0,1782362192.5645118,0.0019943714141845703
303566,normal,1321,1,1782362192.566404,0.0018923282623291016
303567,normal,630,0,1782362192.5685985,0.0021944046020507812
303568,normal,639,0,1782362192.570514,0.0019154548645019531
303569,normal,841,2,1782362192.5723777,0.001863718032836914
303570,normal,2678,0,1782362192.5745218,0.0021440982818603516
303571,normal,1324,1,1782362192.576537,0.0020151138305664062
303572,normal,3591,0,1782362192.578378,0.0018410682678222656
303573,normal,1549,0,1782362192.58052,0.0021419525146484375
303574,normal,2407,0,1782362192.5825095,0.001989603042602539
303575,normal,1609,0,1782362192.584352,0.001842498779296875
303576,normal,2477,0,1782362192.5865214,0.002169370651245117
303577,normal,1145,0,1782362192.5885115,0.001990079879760742
303578,normal,1832,0,1782362192.5904021,0.0018906593322753906
303579,normal,1876,0,1782362192.5925238,0.0021216869354248047
303580,normal,3310,1,1782362192.5945141,0.0019903182983398438
303581,normal,1395,0,1782362192.5963585,0.0018444061279296875
303582,normal,915,2,1782362192.5985467,0.0021882057189941406
303583,normal,3569,0,1782362192.6005125,0.001965761184692383
303584,normal,1333,1,1782362192.6023562,0.0018436908721923828
303585,normal,2029,0,1782362192.6045313,0.0021750926971435547
303586,normal,874,2,1782362192.6065116,0.001980304718017578
303587,normal,2611,0,1782362192.60851,0.001998424530029297
303588,normal,3374,1,1782362192.6103811,0.0018711090087890625
303589,normal,267,0,1782362192.6125112,0.0021300315856933594
303590,normal,3190,1,1782362192.614359,0.0018477439880371094
303591,normal,1865,0,1782362192.6165416,0.0021827220916748047
303592,normal,977,2,1782362192.6185148,0.0019731521606445312
303593,normal,1923,0,1782362192.6203592,0.0018444061279296875
303594,normal,226,0,1782362192.622538,0.0021789073944091797
303595,normal,835,2,1782362192.624509,0.001971006393432617
303596,normal,1280,0,1782362192.6263757,0.0018665790557861328
303597,normal,2030,0,1782362192.6285403,0.002164602279663086
303598,normal,1224,0,1782362192.6305108,0.001970529556274414
303599,normal,1965,0,1782362192.6323566,0.0018458366394042969
303600,normal,780,2,1782362192.6345453,0.0021886825561523438
303601,normal,3178,1,1782362192.6365116,0.001966238021850586
303602,normal,3077,1,1782362192.638358,0.0018465518951416016
303603,normal,766,0,1782362192.640598,0.0022399425506591797
303604,normal,1997,0,1782362192.6425173,0.0019192695617675781
303605,normal,2730,0,1782362192.6443617,0.0018444061279296875
303606,normal,459,0,1782362192.6465452,0.0021834373474121094
303607,normal,307,0,1782362192.64851,0.0019648075103759766
303608,normal,3004,0,1782362192.6503558,0.0018458366394042969
303609,normal,3329,1,1782362192.6525571,0.0022013187408447266
303610,normal,272,0,1782362192.6545117,0.0019545555114746094
303611,normal,1260,0,1782362192.6563745,0.0018627643585205078
303612,normal,709,0,1782362192.6585546,0.0021800994873046875
303613,normal,1639,0,1782362192.6605093,0.001954793930053711
303614,normal,863,2,1782362192.6624544,0.0019450187683105469
303615,normal,812,2,1782362192.6645672,0.002112865447998047
303616,normal,2356,0,1782362192.6665578,0.0019905567169189453
303617,normal,3469,0,1782362192.6683414,0.001783609390258789
303618,normal,205,0,1782362192.6705592,0.0022177696228027344
303619,normal,3675,0,1782362192.672513,0.0019538402557373047
303620,normal,3199,1,1782362192.6743608,0.0018477439880371094
303621,normal,1557,0,1782362192.6765707,0.002209901809692383
303622,normal,2728,0,1782362192.6785116,0.0019409656524658203
303623,normal,1730,0,1782362192.6803563,0.001844644546508789
303624,normal,2603,0,1782362192.6825674,0.0022110939025878906
303625,normal,719,0,1782362192.6845267,0.0019593238830566406
303626,normal,3414,0,1782362192.6863618,0.0018351078033447266
303627,normal,2080,0,1782362192.6885784,0.0022165775299072266
303628,normal,2099,0,1782362192.6905143,0.0019359588623046875
303629,normal,3110,1,1782362192.6924162,0.001901865005493164
303630,normal,40,0,1782362192.6945696,0.0021533966064453125
303631,normal,387,0,1782362192.696567,0.0019974708557128906
303632,normal,3478,0,1782362192.698341,0.001773834228515625
303633,normal,3176,1,1782362192.7005768,0.002235889434814453
303634,normal,3582,0,1782362192.702508,0.0019311904907226562
303635,normal,2084,0,1782362192.704353,0.0018451213836669922
303636,normal,2394,0,1782362192.7065713,0.0022182464599609375
303637,normal,395,0,1782362192.708511,0.0019397735595703125
303638,normal,734,0,1782362192.7103403,0.0018291473388671875
303639,normal,32,0,1782362192.7125838,0.002243518829345703
303640,normal,1847,0,1782362192.7145143,0.0019304752349853516
303641,normal,343,0,1782362192.7164044,0.0018901824951171875
303642,normal,445,0,1782362192.718575,0.002170562744140625
303643,normal,1729,0,1782362192.7205148,0.0019397735595703125
303644,normal,2157,0,1782362192.722356,0.0018413066864013672
303645,normal,341,0,1782362192.7245874,0.0022313594818115234
303646,normal,177,0,1782362192.7265115,0.0019240379333496094
303647,normal,3536,0,1782362192.7283595,0.001847982406616211
303648,normal,857,2,1782362192.7305837,0.0022242069244384766
303649,normal,2194,0,1782362192.732512,0.0019283294677734375
303650,normal,727,0,1782362192.7343755,0.0018634796142578125
303651,normal,1037,0,1782362192.7365932,0.0022177696228027344
303652,normal,1616,0,1782362192.7385159,0.001922607421875
303653,normal,78,0,1782362192.7403574,0.0018415451049804688
303654,normal,1456,0,1782362192.742588,0.0022306442260742188
303655,normal,134,0,1782362192.7445147,0.0019266605377197266
303656,normal,2196,0,1782362192.7463748,0.0018601417541503906
303657,normal,1472,0,1782362192.7486036,0.0022287368774414062
303658,normal,3620,0,1782362192.750512,0.0019083023071289062
303659,normal,2391,0,1782362192.7523522,0.001840353012084961
303660,normal,168,0,1782362192.7545962,0.0022439956665039062
303661,normal,1022,2,1782362192.7565122,0.0019159317016601562
303662,normal,419,0,1782362192.758358,0.0018458366394042969
303663,normal,939,2,1782362192.7606041,0.0022461414337158203
303664,normal,2621,0,1782362192.7625132,0.001909017562866211
303665,normal,1796,0,1782362192.7643588,0.0018455982208251953
303666,normal,1830,0,1782362192.7665968,0.002238035202026367
303667,normal,3341,1,1782362192.7685256,0.0019288063049316406
303668,normal,585,0,1782362192.7703602,0.0018346309661865234
303669,normal,2964,0,1782362192.7725945,0.002234220504760742
303670,normal,180,0,1782362192.7745135,0.0019190311431884766
303671,normal,2014,0,1782362192.7764044,0.0018908977508544922
303672,normal,1667,0,1782362192.778351,0.0019466876983642578
303673,normal,2311,0,1782362192.7805336,0.002182483673095703
303674,normal,2868,0,1782362192.782348,0.0018143653869628906
303675,normal,2833,0,1782362192.7843523,0.002004384994506836
303676,normal,2010,0,1782362192.7865365,0.002184152603149414
303677,normal,140,0,1782362192.7883499,0.0018134117126464844
303678,normal,1328,1,1782362192.790355,0.0020051002502441406
303679,normal,1661,0,1782362192.7923858,0.0020308494567871094
303680,normal,804,2,1782362192.7943535,0.0019676685333251953
303681,normal,425,0,1782362192.7963912,0.0020377635955810547
303682,normal,3619,0,1782362192.7985077,0.0021164417266845703
303683,normal,1385,0,1782362192.8003452,0.0018374919891357422
303684,normal,1401,0,1782362192.8023596,0.0020143985748291016
303685,normal,55,0,1782362192.8045306,0.002171039581298828
303686,normal,848,2,1782362192.8063529,0.0018222332000732422
303687,normal,2464,0,1782362192.8083615,0.002008676528930664
303688,normal,578,0,1782362192.8105361,0.0021746158599853516
303689,normal,2841,0,1782362192.8123615,0.0018253326416015625
303690,normal,999,2,1782362192.814368,0.00200653076171875
303691,normal,1013,2,1782362192.8165388,0.0021708011627197266
303692,normal,3584,0,1782362192.8183687,0.0018298625946044922
303693,normal,1642,0,1782362192.8203664,0.001997709274291992
303694,normal,1954,0,1782362192.822539,0.002172708511352539
303695,normal,94,0,1782362192.8245947,0.002055644989013672
303696,normal,1926,0,1782362192.8270276,0.0024328231811523438
303697,normal,2961,0,1782362192.82851,0.0014824867248535156
303698,normal,3007,0,1782362192.830435,0.0019249916076660156
303699,normal,2414,0,1782362192.8325272,0.002092123031616211
303700,normal,670,0,1782362192.8345022,0.0019750595092773438
303701,normal,3240,1,1782362192.836375,0.0018727779388427734
303702,normal,742,0,1782362192.8385358,0.002160787582397461
303703,normal,1052,0,1782362192.8405201,0.0019843578338623047
303704,normal,2813,0,1782362192.8424091,0.0018889904022216797
303705,normal,1942,0,1782362192.8445487,0.002139568328857422
303706,normal,10,0,1782362192.8465154,0.001966714859008789
303707,normal,1279,0,1782362192.8483727,0.0018572807312011719
303708,normal,1020,2,1782362192.8505116,0.002138853073120117
303709,normal,1529,0,1782362192.852532,0.0020203590393066406
303710,normal,2766,0,1782362192.8543725,0.0018405914306640625
303711,normal,3460,0,1782362192.8565848,0.0022122859954833984
303712,normal,815,2,1782362192.8584957,0.0019109249114990234
303713,normal,3353,1,1782362192.8603718,0.0018761157989501953
303714,normal,3082,1,1782362192.8626235,0.0022516250610351562
303715,normal,2222,0,1782362192.8645194,0.001895904541015625
303716,normal,2915,0,1782362192.8663807,0.0018613338470458984
303717,normal,2620,0,1782362192.868553,0.002172231674194336
303718,normal,3182,1,1782362192.8705254,0.0019724369049072266
303719,normal,3020,0,1782362192.8723717,0.0018463134765625
303720,normal,3350,1,1782362192.8745685,0.002196788787841797
303721,normal,248,0,1782362192.8765173,0.0019488334655761719
303722,normal,2323,0,1782362192.8783698,0.0018525123596191406
303723,normal,1943,0,1782362192.8805544,0.002184629440307617
303724,normal,1310,0,1782362192.8825254,0.001971006393432617
303725,normal,3644,0,1782362192.8843613,0.0018358230590820312
303726,normal,3273,1,1782362192.8865695,0.002208232879638672
303727,normal,1705,0,1782362192.8884432,0.0018737316131591797
303728,normal,1822,0,1782362192.8903375,0.001894235610961914
303729,normal,3202,1,1782362192.8923337,0.001996278762817383
303730,normal,941,2,1782362192.89435,0.002016305923461914
303731,normal,463,0,1782362192.8963344,0.0019843578338623047
303732,normal,614,0,1782362192.8983326,0.0019981861114501953
303733,normal,3013,0,1782362192.9003518,0.002019166946411133
303734,normal,2178,0,1782362192.902332,0.001980304718017578
303735,normal,2966,0,1782362192.9043312,0.0019991397857666016
303736,normal,3660,0,1782362192.9063601,0.002028942108154297
303737,normal,2567,0,1782362192.908333,0.0019729137420654297
303738,normal,2515,0,1782362192.9103334,0.0020003318786621094
303739,normal,1194,0,1782362192.9123578,0.002024412155151367
303740,normal,1589,0,1782362192.9143317,0.001973867416381836
303741,normal,453,0,1782362192.9163337,0.0020020008087158203
303742,normal,375,0,1782362192.9183428,0.002009153366088867
303743,normal,1169,0,1782362192.9203491,0.0020062923431396484
303744,normal,2697,0,1782362192.9223275,0.0019783973693847656
303745,normal,2634,0,1782362192.924345,0.002017498016357422
303746,normal,113,0,1782362192.926353,0.0020079612731933594
303747,normal,3269,1,1782362192.9283602,0.0020072460174560547
303748,normal,416,0,1782362192.9303539,0.0019936561584472656
303749,normal,67,0,1782362192.9323354,0.001981496810913086
303750,normal,3447,0,1782362192.9343274,0.0019919872283935547
303751,normal,1755,0,1782362192.9363482,0.0020208358764648438
303752,normal,3322,1,1782362192.938334,0.001985788345336914
303753,normal,813,2,1782362192.9403336,0.0019996166229248047
303754,normal,3238,1,1782362192.9423428,0.002009153366088867
303755,normal,689,0,1782362192.9443345,0.001991748809814453
303756,normal,219,0,1782362192.946328,0.001993417739868164
303757,normal,2163,0,1782362192.9483478,0.0020198822021484375
303758,normal,1340,1,1782362192.9503353,0.001987457275390625
303759,normal,3296,1,1782362192.9523344,0.0019991397857666016
303760,normal,2349,0,1782362192.9543447,0.002010345458984375
303761,normal,3157,1,1782362192.9563334,0.001988649368286133
303762,normal,1477,0,1782362192.9583647,0.0020313262939453125
303763,normal,2043,0,1782362192.9603555,0.001990795135498047
303764,normal,995,2,1782362192.962364,0.0020084381103515625
303765,normal,2710,0,1782362192.9643433,0.001979351043701172
303766,normal,1749,0,1782362192.9663367,0.001993417739868164
303767,normal,1556,0,1782362192.9685502,0.0022134780883789062
303768,normal,3555,0,1782362192.9703815,0.0018312931060791016
303769,normal,249,0,1782362192.972421,0.0020394325256347656
303770,normal,3480,0,1782362192.9743145,0.0018935203552246094
303771,normal,2403,0,1782362192.9763622,0.0020477771759033203
303772,normal,3064,1,1782362192.9785125,0.002150297164916992
303773,normal,532,0,1782362192.9803183,0.0018057823181152344
303774,normal,324,0,1782362192.9823983,0.0020799636840820312
303775,normal,632,0,1782362192.9845345,0.00213623046875
303776,normal,1267,0,1782362192.9863195,0.0017850399017333984
303777,normal,716,0,1782362192.9885044,0.0021848678588867188
303778,normal,1393,0,1782362192.9903586,0.0018541812896728516
303779,normal,1342,1,1782362192.9923754,0.002016782760620117
303780,normal,1577,0,1782362192.9943283,0.0019528865814208984
303781,normal,3334,1,1782362192.996359,0.0020308494567871094
303782,normal,1678,0,1782362192.9983366,0.0019774436950683594
303783,normal,1064,0,1782362193.0003269,0.0019903182983398438
303784,normal,1355,1,1782362193.002341,0.00201416015625
303785,normal,1945,0,1782362193.00433,0.0019888877868652344
303786,normal,3561,0,1782362193.0063384,0.0020084381103515625
303787,normal,2264,0,1782362193.0083764,0.0020380020141601562
303788,normal,2666,0,1782362193.0103385,0.0019621849060058594
303789,normal,706,0,1782362193.012304,0.0019655227661132812
303790,normal,1341,1,1782362193.014373,0.0020689964294433594
303791,normal,353,0,1782362193.0166314,0.00225830078125
303792,normal,1211,0,1782362193.0184524,0.0018210411071777344
303793,normal,2212,0,1782362193.0205865,0.002134084701538086
303794,normal,1092,0,1782362193.0224311,0.001844644546508789
303795,normal,856,2,1782362193.024433,0.0020017623901367188
303796,normal,330,0,1782362193.0263572,0.001924276351928711
303797,normal,3695,0,1782362193.0283222,0.001965045928955078
303798,normal,3035,0,1782362193.0303082,0.0019860267639160156
303799,normal,1733,0,1782362193.0323484,0.0020401477813720703
303800,normal,72,0,1782362193.0343199,0.0019714832305908203
303801,normal,1586,0,1782362193.036316,0.0019960403442382812
303802,normal,3360,1,1782362193.0383704,0.002054452896118164
303803,normal,2159,0,1782362193.0403128,0.0019423961639404297
303804,normal,2046,0,1782362193.042351,0.002038240432739258
303805,normal,2523,0,1782362193.0443501,0.0019991397857666016
303806,normal,2753,0,1782362193.0463269,0.0019767284393310547
303807,normal,3321,1,1782362193.0483036,0.0019767284393310547
303808,normal,515,0,1782362193.0503612,0.0020575523376464844
303809,normal,3271,1,1782362193.052309,0.0019478797912597656
303810,normal,2210,0,1782362193.0543098,0.0020008087158203125
303811,normal,3572,0,1782362193.0563333,0.002023458480834961
303812,normal,2944,0,1782362193.0583274,0.0019941329956054688
303813,normal,3162,1,1782362193.0603497,0.002022266387939453
303814,normal,786,2,1782362193.062543,0.0021932125091552734
303815,normal,1203,0,1782362193.0643537,0.0018107891082763672
303816,normal,1163,0,1782362193.0665324,0.002178668975830078
303817,normal,1007,2,1782362193.0685456,0.0020132064819335938
303818,normal,1297,0,1782362193.0703588,0.0018131732940673828
303819,normal,1799,0,1782362193.0725358,0.002177000045776367
303820,normal,1701,0,1782362193.074518,0.0019822120666503906
303821,normal,1960,0,1782362193.0763636,0.0018455982208251953
303822,normal,547,0,1782362193.0785518,0.0021882057189941406
303823,normal,62,0,1782362193.0805187,0.0019669532775878906
303824,normal,2001,0,1782362193.0823784,0.0018596649169921875
303825,normal,2390,0,1782362193.0845456,0.002167224884033203
303826,normal,1647,0,1782362193.0865138,0.0019681453704833984
303827,normal,2576,0,1782362193.088359,0.0018453598022460938
303828,normal,3382,1,1782362193.0905447,0.0021855831146240234
303829,normal,63,0,1782362193.0925348,0.001990079879760742
303830,normal,2086,0,1782362193.0944378,0.0019030570983886719
303831,normal,231,0,1782362193.0964637,0.0020258426666259766
303832,normal,136,0,1782362193.0987759,0.002312183380126953
303833,normal,2179,0,1782362193.1003907,0.0016148090362548828
303834,normal,3686,0,1782362193.1023972,0.00200653076171875
303835,normal,705,0,1782362193.1043856,0.0019884109497070312
303836,normal,508,0,1782362193.1062858,0.0019001960754394531
303837,normal,2551,0,1782362193.1085494,0.0022635459899902344
303838,normal,2331,0,1782362193.110521,0.001971721649169922
303839,normal,139,0,1782362193.1124065,0.0018854141235351562
303840,normal,1897,0,1782362193.1146455,0.0022389888763427734
303841,normal,392,0,1782362193.1165228,0.0018773078918457031
303842,normal,923,2,1782362193.1185024,0.0019795894622802734
303843,normal,2427,0,1782362193.1204543,0.0019519329071044922
303844,normal,71,0,1782362193.1225207,0.002066373825073242
303845,normal,1243,0,1782362193.1243868,0.0018661022186279297
303846,normal,1645,0,1782362193.126404,0.0020172595977783203
303847,normal,1994,0,1782362193.1285422,0.0021381378173828125
303848,normal,2609,0,1782362193.1303716,0.001829385757446289
303849,normal,1172,0,1782362193.1324008,0.0020291805267333984
303850,normal,3435,0,1782362193.1345134,0.0021126270294189453
303851,normal,2703,0,1782362193.1364138,0.0019004344940185547
303852,normal,2219,0,1782362193.1384542,0.002040386199951172
303853,normal,637,0,1782362193.1407394,0.0022852420806884766
303854,normal,1491,0,1782362193.1424155,0.0016760826110839844
303855,normal,1173,0,1782362193.144648,0.0022325515747070312
303856,normal,2859,0,1782362193.1465676,0.0019195079803466797
303857,normal,1654,0,1782362193.1484387,0.0018711090087890625
303858,normal,1119,0,1782362193.150637,0.0021982192993164062
303859,normal,1519,0,1782362193.1525695,0.0019326210021972656
303860,normal,830,2,1782362193.1544154,0.0018458366394042969
303861,normal,1334,1,1782362193.156565,0.0021495819091796875
303862,normal,1597,0,1782362193.1587536,0.0021886825561523438
303863,normal,1196,0,1782362193.1604128,0.0016591548919677734
303864,normal,625,0,1782362193.1625798,0.0021669864654541016
303865,normal,1703,0,1782362193.164747,0.002167224884033203
303866,normal,2828,0,1782362193.1664166,0.0016696453094482422
303867,normal,1760,0,1782362193.1685517,0.002135038375854492
303868,normal,3518,0,1782362193.17078,0.002228260040283203
303869,normal,1993,0,1782362193.172415,0.0016350746154785156
303870,normal,2570,0,1782362193.1745687,0.002153635025024414
303871,normal,2655,0,1782362193.176724,0.002155303955078125
303872,normal,877,2,1782362193.1784036,0.0016796588897705078
303873,normal,2892,0,1782362193.1805394,0.002135753631591797
303874,normal,3024,0,1782362193.182534,0.001994609832763672
303875,normal,1989,0,1782362193.1843948,0.0018608570098876953
303876,normal,2770,0,1782362193.1865277,0.002132892608642578
303877,normal,2525,0,1782362193.188532,0.002004384994506836
303878,normal,1433,0,1782362193.1903977,0.0018656253814697266
303879,normal,236,0,1782362193.1925268,0.002129077911376953
303880,normal,421,0,1782362193.1945353,0.0020084381103515625
303881,normal,2846,0,1782362193.1963959,0.0018606185913085938
303882,normal,282,0,1782362193.198551,0.0021550655364990234
303883,normal,2649,0,1782362193.2005303,0.001979351043701172
303884,normal,2794,0,1782362193.202404,0.0018737316131591797
303885,normal,3022,0,1782362193.2045288,0.002124786376953125
303886,normal,3362,1,1782362193.2065277,0.0019989013671875
303887,normal,1551,0,1782362193.2083929,0.0018651485443115234
303888,normal,3528,0,1782362193.2105181,0.002125263214111328
303889,normal,2366,0,1782362193.2125309,0.0020127296447753906
303890,normal,3306,1,1782362193.2143993,0.0018684864044189453
303891,normal,1715,0,1782362193.2165396,0.0021402835845947266
303892,normal,2492,0,1782362193.2185447,0.0020051002502441406
303893,normal,944,2,1782362193.2203946,0.0018498897552490234
303894,normal,1770,0,1782362193.2225416,0.0021469593048095703
303895,normal,1043,0,1782362193.2245276,0.0019860267639160156
303896,normal,2705,0,1782362193.2263951,0.001867532730102539
303897,normal,1604,0,1782362193.2285495,0.0021543502807617188
303898,normal,2845,0,1782362193.230531,0.001981496810913086
303899,normal,1908,0,1782362193.2323947,0.001863718032836914
303900,normal,1039,0,1782362193.2345448,0.0021500587463378906
303901,normal,1464,0,1782362193.236528,0.001983165740966797
303902,normal,3488,0,1782362193.2383916,0.001863718032836914
303903,normal,861,2,1782362193.240566,0.00217437744140625
303904,normal,3549,0,1782362193.2425323,0.001966238021850586
303905,normal,2673,0,1782362193.244395,0.0018627643585205078
303906,normal,695,0,1782362193.246546,0.002151012420654297
303907,normal,439,0,1782362193.2485292,0.001983165740966797
303908,normal,2230,0,1782362193.250576,0.002046823501586914
303909,normal,1873,0,1782362193.252594,0.002017974853515625
303910,normal,1687,0,1782362193.254556,0.001961946487426758
303911,normal,491,0,1782362193.2564173,0.0018613338470458984
303912,normal,2480,0,1782362193.2585864,0.0021691322326660156
303913,normal,1024,2,1782362193.2605584,0.0019719600677490234
303914,normal,1028,2,1782362193.262415,0.0018565654754638672
303915,normal,277,0,1782362193.2646081,0.0021932125091552734
303916,normal,73,0,1782362193.266558,0.0019497871398925781
303917,normal,3439,0,1782362193.2684138,0.0018558502197265625
303918,normal,2119,0,1782362193.2705972,0.0021834373474121094
303919,normal,3393,1,1782362193.2725592,0.001961946487426758
303920,normal,2180,0,1782362193.2744136,0.0018544197082519531
303921,normal,1676,0,1782362193.2766016,0.002187967300415039
303922,normal,1834,0,1782362193.2785563,0.001954793930053711
303923,normal,723,0,1782362193.280422,0.0018656253814697266
303924,normal,2094,0,1782362193.2825975,0.002175569534301758
303925,normal,3377,1,1782362193.2845545,0.001956939697265625
303926,normal,3191,1,1782362193.2864141,0.0018596649169921875
303927,normal,717,0,1782362193.288606,0.002191781997680664
303928,normal,674,0,1782362193.2905552,0.001949310302734375
303929,normal,2149,0,1782362193.2924147,0.001859426498413086
303930,normal,3578,0,1782362193.2945936,0.0021789073944091797
303931,normal,580,0,1782362193.2965524,0.0019588470458984375
303932,normal,83,0,1782362193.2984183,0.0018658638000488281
303933,normal,1629,0,1782362193.30061,0.002191781997680664
303934,normal,899,2,1782362193.3025572,0.001947164535522461
303935,normal,1493,0,1782362193.3044162,0.0018589496612548828
303936,normal,3623,0,1782362193.3066015,0.002185344696044922
303937,normal,338,0,1782362193.3085573,0.001955747604370117
303938,normal,2318,0,1782362193.3104153,0.0018579959869384766
303939,normal,1690,0,1782362193.3126185,0.002203226089477539
303940,normal,3122,1,1782362193.314555,0.0019364356994628906
303941,normal,2894,0,1782362193.316416,0.0018610954284667969
303942,normal,3434,0,1782362193.3186204,0.002204418182373047
303943,normal,2493,0,1782362193.3205526,0.0019321441650390625
303944,normal,3566,0,1782362193.3224149,0.0018622875213623047
303945,normal,260,0,1782362193.3246224,0.002207517623901367
303946,normal,3682,0,1782362193.3265579,0.0019354820251464844
303947,normal,3344,1,1782362193.3284163,0.0018584728240966797
303948,normal,875,2,1782362193.330611,0.002194643020629883
303949,normal,994,2,1782362193.332557,0.0019459724426269531
303950,normal,3689,0,1782362193.3344152,0.0018582344055175781
303951,normal,2990,0,1782362193.3366392,0.002223968505859375
303952,normal,673,0,1782362193.3385644,0.0019252300262451172
303953,normal,661,0,1782362193.3404148,0.0018503665924072266
303954,normal,1384,0,1782362193.3426135,0.0021986961364746094
303955,normal,150,0,1782362193.3445585,0.0019450187683105469
303956,normal,748,0,1782362193.3464313,0.0018727779388427734
303957,normal,3444,0,1782362193.3485675,0.00213623046875
303958,normal,658,0,1782362193.3503869,0.0018193721771240234
303959,normal,1775,0,1782362193.3524477,0.0020608901977539062
303960,normal,523,0,1782362193.3547416,0.002293825149536133
303961,normal,3259,1,1782362193.3565547,0.0018131732940673828
303962,normal,406,0,1782362193.3585732,0.002018451690673828
303963,normal,1672,0,1782362193.3606179,0.002044677734375
303964,normal,82,0,1782362193.362734,0.0021162033081054688
303965,normal,855,2,1782362193.3644116,0.0016775131225585938
303966,normal,2992,0,1782362193.3668025,0.0023908615112304688
303967,normal,3351,1,1782362193.3685586,0.0017561912536621094
303968,normal,3275,1,1782362193.370573,0.0020143985748291016
303969,normal,336,0,1782362193.3726258,0.002052783966064453
303970,normal,1499,0,1782362193.3747628,0.0021369457244873047
303971,normal,446,0,1782362193.3764217,0.0016589164733886719
303972,normal,2853,0,1782362193.3784997,0.0020780563354492188
303973,normal,1878,0,1782362193.3805573,0.0020575523376464844
303974,normal,3291,1,1782362193.3825738,0.0020165443420410156
303975,normal,1391,0,1782362193.3846385,0.0020647048950195312
303976,normal,3420,0,1782362193.3865757,0.0019371509552001953
303977,normal,2003,0,1782362193.3885548,0.0019791126251220703
303978,normal,2476,0,1782362193.3907232,0.002168416976928711
303979,normal,1127,0,1782362193.3925505,0.001827239990234375
303980,normal,2073,0,1782362193.394591,0.0020406246185302734
303981,normal,1348,1,1782362193.3964713,0.0018801689147949219
303982,normal,998,2,1782362193.3986104,0.0021390914916992188
303983,normal,594,0,1782362193.4004765,0.0018661022186279297
303984,normal,3138,1,1782362193.4025705,0.0020940303802490234
303985,normal,648,0,1782362193.4045525,0.001981973648071289
303986,normal,2716,0,1782362193.4064097,0.0018572807312011719
303987,normal,1102,0,1782362193.4085677,0.002157926559448242
303988,normal,2600,0,1782362193.4105628,0.001995086669921875
303989,normal,3009,0,1782362193.412415,0.001852273941040039
303990,normal,1171,0,1782362193.4145741,0.00215911865234375
303991,normal,1459,0,1782362193.4165545,0.001980304718017578
303992,normal,566,0,1782362193.4184077,0.0018532276153564453
303993,normal,986,2,1782362193.420571,0.002163410186767578
303994,normal,2522,0,1782362193.4225664,0.0019953250885009766
303995,normal,2054,0,1782362193.4244602,0.001893758773803711
303996,normal,1320,1,1782362193.4266238,0.0021636486053466797
303997,normal,3280,1,1782362193.428543,0.0019192695617675781
303998,normal,1774,0,1782362193.43041,0.0018668174743652344
303999,normal,3547,0,1782362193.432433,0.002022981643676758
304000,normal,2737,0,1782362193.4345481,0.0021152496337890625
304001,normal,1536,0,1782362193.4363928,0.001844644546508789
304002,normal,692,0,1782362193.4384313,0.0020384788513183594
304003,normal,3595,0,1782362193.440553,0.0021216869354248047
304004,normal,1518,0,1782362193.4423785,0.001825571060180664
304005,normal,649,0,1782362193.4444363,0.002057790756225586
304006,normal,1713,0,1782362193.4464383,0.0020020008087158203
304007,normal,2484,0,1782362193.4483802,0.0019419193267822266
304008,normal,390,0,1782362193.4503424,0.0019621849060058594
304009,normal,1270,0,1782362193.4524903,0.0021479129791259766
304010,normal,519,0,1782362193.4543648,0.0018744468688964844
304011,normal,1074,0,1782362193.4563246,0.0019598007202148438
304012,normal,2910,0,1782362193.4584663,0.002141714096069336
304013,normal,1298,0,1782362193.4603596,0.0018932819366455078
304014,normal,3375,1,1782362193.4623284,0.001968860626220703
304015,normal,2091,0,1782362193.4644473,0.002118825912475586
304016,normal,905,2,1782362193.4663591,0.0019118785858154297
304017,normal,3193,1,1782362193.46833,0.0019707679748535156
304018,normal,1951,0,1782362193.4703717,0.0020418167114257812
304019,normal,522,0,1782362193.472364,0.0019922256469726562
304020,normal,3109,1,1782362193.4743342,0.0019702911376953125
304021,normal,1410,0,1782362193.476377,0.0020427703857421875
304022,normal,1669,0,1782362193.4783573,0.001980304718017578
304023,normal,2582,0,1782362193.4803271,0.0019698143005371094
304024,normal,1606,0,1782362193.4823806,0.002053499221801758
304025,normal,2888,0,1782362193.484378,0.0019974708557128906
304026,normal,1602,0,1782362193.4863214,0.001943349838256836
304027,normal,155,0,1782362193.488378,0.002056598663330078
304028,normal,2978,0,1782362193.4904764,0.0020983219146728516
304029,normal,1673,0,1782362193.4923236,0.0018472671508789062
304030,normal,3337,1,1782362193.494375,0.0020513534545898438
304031,normal,3608,0,1782362193.496377,0.0020020008087158203
304032,normal,1885,0,1782362193.498323,0.0019459724426269531
304033,normal,3588,0,1782362193.500367,0.0020439624786376953
304034,normal,2143,0,1782362193.5023608,0.001993894577026367
304035,normal,118,0,1782362193.5043454,0.0019845962524414062
304036,normal,2475,0,1782362193.5063868,0.002041339874267578
304037,normal,2619,0,1782362193.5083573,0.001970529556274414
304038,normal,3222,1,1782362193.5103235,0.001966238021850586
304039,normal,2168,0,1782362193.5123818,0.002058267593383789
304040,normal,2665,0,1782362193.5143628,0.001981019973754883
304041,normal,3458,0,1782362193.5163224,0.001959562301635742
304042,normal,2752,0,1782362193.5183833,0.0020608901977539062
304043,normal,3361,1,1782362193.5203655,0.0019822120666503906
304044,normal,2065,0,1782362193.522327,0.0019614696502685547
304045,normal,3467,0,1782362193.52438,0.0020530223846435547
304046,normal,1403,0,1782362193.5263662,0.001986265182495117
304047,normal,162,0,1782362193.5283272,0.0019609928131103516
304048,normal,2936,0,1782362193.530376,0.0020487308502197266
304049,normal,1986,0,1782362193.532356,0.0019800662994384766
304050,normal,930,2,1782362193.5343313,0.0019752979278564453
304051,normal,541,0,1782362193.5363913,0.0020599365234375
304052,normal,2931,0,1782362193.5383632,0.0019719600677490234
304053,normal,3061,1,1782362193.5403242,0.0019609928131103516
304054,normal,1627,0,1782362193.5423813,0.0020570755004882812
304055,normal,2810,0,1782362193.5443568,0.001975536346435547
304056,normal,749,0,1782362193.5463362,0.001979351043701172
304057,normal,1902,0,1782362193.5483756,0.0020394325256347656
304058,normal,3174,1,1782362193.5503552,0.0019795894622802734
304059,normal,3300,1,1782362193.5523317,0.001976490020751953
304060,normal,2267,0,1782362193.5543797,0.002048015594482422
304061,normal,1565,0,1782362193.5563602,0.0019805431365966797
304062,normal,827,2,1782362193.5583243,0.001964092254638672
304063,normal,3021,0,1782362193.5603805,0.002056121826171875
304064,normal,683,0,1782362193.562356,0.001975536346435547
304065,normal,2550,0,1782362193.564326,0.001970052719116211
304066,normal,1891,0,1782362193.566379,0.0020530223846435547
304067,normal,329,0,1782362193.5683632,0.001984119415283203
304068,normal,3302,1,1782362193.5703268,0.0019636154174804688
304069,normal,801,2,1782362193.572378,0.002051115036010742
304070,normal,1244,0,1782362193.574357,0.0019791126251220703
304071,normal,3003,0,1782362193.5763268,0.0019698143005371094
304072,normal,2076,0,1782362193.578378,0.002051115036010742
304073,normal,2369,0,1782362193.5803437,0.001965761184692383
304074,normal,331,0,1782362193.5823402,0.0019965171813964844
304075,normal,435,0,1782362193.5843549,0.002014636993408203
304076,normal,2979,0,1782362193.5863314,0.001976490020751953
304077,normal,1220,0,1782362193.5883274,0.0019960403442382812
304078,normal,154,0,1782362193.5903478,0.0020203590393066406
304079,normal,1084,0,1782362193.5923874,0.002039670944213867
304080,normal,1418,0,1782362193.5945694,0.0021820068359375
304081,normal,1981,0,1782362193.5965292,0.0019598007202148438
304082,normal,3101,1,1782362193.598389,0.0018596649169921875
304083,normal,2283,0,1782362193.6005948,0.0022058486938476562
304084,normal,978,2,1782362193.60253,0.0019352436065673828
304085,normal,3066,1,1782362193.6043928,0.0018627643585205078
304086,normal,1625,0,1782362193.6066165,0.0022237300872802734
304087,normal,721,0,1782362193.6085253,0.0019087791442871094
304088,normal,3330,1,1782362193.6103914,0.0018661022186279297
304089,normal,3661,0,1782362193.6125975,0.002206087112426758
304090,normal,117,0,1782362193.6145263,0.0019288063049316406
304091,normal,1528,0,1782362193.616392,0.0018656253814697266
304092,normal,703,0,1782362193.6186209,0.002228975296020508
304093,normal,2263,0,1782362193.6205046,0.0018837451934814453
304094,normal,1530,0,1782362193.6223948,0.0018901824951171875
304095,normal,3219,1,1782362193.6245303,0.0021355152130126953
304096,normal,2902,0,1782362193.6265256,0.0019953250885009766
304097,normal,3255,1,1782362193.6283906,0.0018649101257324219
304098,normal,2124,0,1782362193.6305418,0.0021512508392333984
304099,normal,357,0,1782362193.6325202,0.0019783973693847656
304100,normal,3388,1,1782362193.6343927,0.0018725395202636719
304101,normal,1055,0,1782362193.6365333,0.002140522003173828
304102,normal,2232,0,1782362193.63853,0.001996755599975586
304103,normal,350,0,1782362193.6403894,0.001859426498413086
304104,normal,407,0,1782362193.6425335,0.0021440982818603516
304105,normal,1313,0,1782362193.6445293,0.0019958019256591797
304106,normal,56,0,1782362193.6463952,0.0018658638000488281
304107,normal,3685,0,1782362193.6485355,0.0021402835845947266
304108,normal,788,2,1782362193.6505299,0.0019943714141845703
304109,normal,1272,0,1782362193.6523979,0.0018680095672607422
304110,normal,354,0,1782362193.6545467,0.002148866653442383
304111,normal,797,2,1782362193.6565259,0.0019791126251220703
304112,normal,829,2,1782362193.6583936,0.0018677711486816406
304113,normal,1761,0,1782362193.6605442,0.0021505355834960938
304114,normal,2169,0,1782362193.6625292,0.0019850730895996094
304115,normal,946,2,1782362193.6643918,0.0018625259399414062
304116,normal,1723,0,1782362193.6665337,0.0021419525146484375
304117,normal,2723,0,1782362193.6685374,0.0020036697387695312
304118,normal,1221,0,1782362193.6703954,0.0018579959869384766
304119,normal,3453,0,1782362193.6725266,0.002131223678588867
304120,normal,2802,0,1782362193.674537,0.002010345458984375
304121,normal,206,0,1782362193.6763892,0.001852273941040039
304122,normal,556,0,1782362193.6785295,0.0021402835845947266
304123,normal,1948,0,1782362193.6805286,0.0019991397857666016
304124,normal,3573,0,1782362193.6823921,0.0018634796142578125
304125,normal,973,2,1782362193.6845286,0.0021364688873291016
304126,normal,2685,0,1782362193.6865275,0.0019989013671875
304127,normal,2261,0,1782362193.6883965,0.0018689632415771484
304128,normal,2676,0,1782362193.6905313,0.0021347999572753906
304129,normal,600,0,1782362193.692548,0.002016782760620117
304130,normal,3177,1,1782362193.6943986,0.0018506050109863281
304131,normal,1292,0,1782362193.6965704,0.002171754837036133
304132,normal,2592,0,1782362193.6985247,0.001954317092895508
304133,normal,925,2,1782362193.700401,0.0018763542175292969
304134,normal,1023,2,1782362193.7024024,0.0020012855529785156
304135,normal,583,0,1782362193.704466,0.002063751220703125
304136,normal,568,0,1782362193.7065067,0.0020406246185302734
304137,normal,3433,0,1782362193.7083907,0.0018839836120605469
304138,normal,710,0,1782362193.7104645,0.0020737648010253906
304139,normal,1759,0,1782362193.7123277,0.001863241195678711
304140,normal,1073,0,1782362193.714322,0.0019943714141845703
304141,normal,860,2,1782362193.716377,0.002054929733276367
304142,normal,1998,0,1782362193.718357,0.0019800662994384766
304143,normal,3200,1,1782362193.7203238,0.001966714859008789
304144,normal,1031,0,1782362193.7223852,0.0020613670349121094
304145,normal,778,2,1782362193.7243574,0.001972198486328125
304146,normal,2651,0,1782362193.7263222,0.0019648075103759766
304147,normal,3396,1,1782362193.72838,0.002057790756225586
304148,normal,2039,0,1782362193.730357,0.0019769668579101562
304149,normal,2215,0,1782362193.7323236,0.001966714859008789
304150,normal,1360,1,1782362193.7343798,0.002056121826171875
304151,normal,3457,0,1782362193.7363575,0.001977682113647461
304152,normal,1890,0,1782362193.7383232,0.001965761184692383
304153,normal,3553,0,1782362193.740377,0.0020537376403808594
304154,normal,3132,1,1782362193.7423575,0.0019805431365966797
304155,normal,3483,0,1782362193.7443256,0.0019681453704833984
304156,normal,3063,1,1782362193.7463777,0.0020520687103271484
304157,normal,832,2,1782362193.7483654,0.0019876956939697266
304158,normal,2907,0,1782362193.7503283,0.001962900161743164
304159,normal,1399,0,1782362193.7523785,0.002050161361694336
304160,normal,47,0,1782362193.75436,0.001981496810913086
304161,normal,2751,0,1782362193.7563415,0.001981496810913086
304162,normal,3096,1,1782362193.758383,0.0020415782928466797
304163,normal,591,0,1782362193.7603614,0.0019783973693847656
304164,normal,3144,1,1782362193.762323,0.0019614696502685547
304165,normal,39,0,1782362193.7643788,0.0020558834075927734
304166,normal,144,0,1782362193.7663634,0.0019845962524414062
304167,normal,3031,0,1782362193.768328,0.001964569091796875
304168,normal,2016,0,1782362193.7703779,0.0020499229431152344
304169,normal,2367,0,1782362193.7723556,0.001977682113647461
304170,normal,483,0,1782362193.7743316,0.00197601318359375
304171,normal,3665,0,1782362193.7763803,0.0020487308502197266
304172,normal,1093,0,1782362193.7783594,0.0019791126251220703
304173,normal,2092,0,1782362193.7803314,0.0019719600677490234
304174,normal,3130,1,1782362193.7823796,0.0020482540130615234
304175,normal,258,0,1782362193.7843544,0.001974821090698242
304176,normal,1780,0,1782362193.7863297,0.0019752979278564453
304177,normal,3494,0,1782362193.7883809,0.002051115036010742
304178,normal,475,0,1782362193.7903578,0.0019769668579101562
304179,normal,1001,2,1782362193.7923262,0.0019683837890625
304180,normal,2502,0,1782362193.7943766,0.0020503997802734375
304181,normal,2256,0,1782362193.7963557,0.0019791126251220703
304182,normal,679,0,1782362193.7983289,0.0019731521606445312
304183,normal,130,0,1782362193.8003871,0.002058267593383789
304184,normal,3263,1,1782362193.8023586,0.0019714832305908203
304185,normal,3463,0,1782362193.8043246,0.0019659996032714844
304186,normal,849,2,1782362193.8063762,0.0020515918731689453
304187,normal,3133,1,1782362193.8083577,0.001981496810913086
304188,normal,1823,0,1782362193.8103304,0.001972675323486328
304189,normal,1818,0,1782362193.8123834,0.0020530223846435547
304190,normal,3703,0,1782362193.8143566,0.0019731521606445312
304191,normal,2257,0,1782362193.8163273,0.0019707679748535156
304192,normal,2106,0,1782362193.818378,0.002050638198852539
304193,normal,2107,0,1782362193.820356,0.0019779205322265625
304194,normal,3129,1,1782362193.822326,0.001970052719116211
304195,normal,713,0,1782362193.8243825,0.002056598663330078
304196,normal,3225,1,1782362193.8263688,0.001986265182495117
304197,normal,3299,1,1782362193.8283257,0.001956939697265625
304198,normal,2754,0,1782362193.830375,0.0020492076873779297
304199,normal,490,0,1782362193.832368,0.001992940902709961
304200,normal,1042,0,1782362193.8343263,0.0019583702087402344
304201,normal,3213,1,1782362193.8363767,0.0020503997802734375
304202,normal,2674,0,1782362193.8383582,0.001981496810913086
304203,normal,74,0,1782362193.840326,0.001967906951904297
304204,normal,2419,0,1782362193.8423796,0.002053499221801758
304205,normal,1096,0,1782362193.8443599,0.001980304718017578
304206,normal,19,0,1782362193.8463254,0.0019655227661132812
304207,normal,750,0,1782362193.8483748,0.0020494461059570312
304208,normal,1750,0,1782362193.850358,0.001983165740966797
304209,normal,615,0,1782362193.8523233,0.0019652843475341797
304210,normal,617,0,1782362193.8543806,0.002057313919067383
304211,normal,3033,0,1782362193.8563573,0.0019767284393310547
304212,normal,1141,0,1782362193.858325,0.0019676685333251953
304213,normal,1177,0,1782362193.8603861,0.002061128616333008
304214,normal,2214,0,1782362193.8623555,0.0019693374633789062
304215,normal,2743,0,1782362193.86433,0.0019745826721191406
304216,normal,1582,0,1782362193.8663757,0.0020456314086914062
304217,normal,2026,0,1782362193.8683608,0.0019850730895996094
304218,normal,2396,0,1782362193.8703244,0.0019636154174804688
304219,normal,1330,1,1782362193.8723779,0.002053499221801758
304220,normal,342,0,1782362193.8743556,0.001977682113647461
304221,normal,2715,0,1782362193.8763275,0.0019719600677490234
304222,normal,1138,0,1782362193.8783803,0.002052783966064453
304223,normal,2740,0,1782362193.880356,0.0019757747650146484
304224,normal,3600,0,1782362193.8823247,0.0019686222076416016
304225,normal,1347,1,1782362193.8843758,0.002051115036010742
304226,normal,1541,0,1782362193.8863573,0.001981496810913086
304227,normal,1933,0,1782362193.8883307,0.001973390579223633
304228,normal,1608,0,1782362193.8903759,0.002045154571533203
304229,normal,2249,0,1782362193.892357,0.0019812583923339844
304230,normal,1644,0,1782362193.8943217,0.001964569091796875
304231,normal,51,0,1782362193.8963764,0.0020546913146972656
304232,normal,21,0,1782362193.8983552,0.0019788742065429688
304233,normal,1768,0,1782362193.9003541,0.0019989013671875
304234,normal,457,0,1782362193.9023914,0.0020372867584228516
304235,normal,345,0,1782362193.9043658,0.001974344253540039
304236,normal,2400,0,1782362193.9063406,0.001974821090698242
304237,normal,584,0,1782362193.9083827,0.002042055130004883
304238,normal,2633,0,1782362193.9103634,0.0019807815551757812
304239,normal,667,0,1782362193.9123247,0.001961231231689453
304240,normal,1356,1,1782362193.9143767,0.0020520687103271484
304241,normal,3590,0,1782362193.916357,0.001980304718017578
304242,normal,3445,0,1782362193.9183269,0.0019698143005371094
304243,normal,1076,0,1782362193.9203598,0.0020329952239990234
304244,normal,1996,0,1782362193.9223588,0.0019989013671875
304245,normal,2561,0,1782362193.9243238,0.001965045928955078
304246,normal,1463,0,1782362193.926378,0.0020542144775390625
304247,normal,1817,0,1782362193.9283843,0.0020062923431396484
304248,normal,1316,0,1782362193.9303231,0.0019388198852539062
304249,normal,301,0,1782362193.9323854,0.0020623207092285156
304250,normal,1716,0,1782362193.9343596,0.0019741058349609375
304251,normal,611,0,1782362193.9363217,0.0019621849060058594
304252,normal,404,0,1782362193.9383914,0.002069711685180664
304253,normal,1482,0,1782362193.9403586,0.001967191696166992
304254,normal,3366,1,1782362193.9423332,0.0019745826721191406
304255,normal,145,0,1782362193.9443789,0.0020456314086914062
304256,normal,2198,0,1782362193.9463587,0.001979827880859375
304257,normal,1794,0,1782362193.9483218,0.0019631385803222656
304258,normal,2165,0,1782362193.9503798,0.0020580291748046875
304259,normal,2308,0,1782362193.952357,0.001977205276489258
304260,normal,816,2,1782362193.9543498,0.0019927024841308594
304261,normal,1085,0,1782362193.95636,0.002010345458984375
304262,normal,3470,0,1782362193.958335,0.001974821090698242
304263,normal,1844,0,1782362193.9603248,0.0019898414611816406
304264,normal,1592,0,1782362193.96238,0.0020551681518554688
304265,normal,1533,0,1782362193.9643562,0.0019762516021728516
304266,normal,2612,0,1782362193.9663243,0.0019681453704833984
304267,normal,1909,0,1782362193.9683788,0.002054452896118164
304268,normal,2433,0,1782362193.9703557,0.0019769668579101562
304269,normal,862,2,1782362193.9723213,0.0019655227661132812
304270,normal,292,0,1782362193.974376,0.0020546913146972656
304271,normal,288,0,1782362193.9763625,0.0019865036010742188
304272,normal,2804,0,1782362193.9783292,0.001966714859008789
304273,normal,2959,0,1782362193.9803689,0.002039670944213867
304274,normal,3406,0,1782362193.9823637,0.0019948482513427734
304275,normal,606,0,1782362193.9843252,0.0019614696502685547
304276,normal,3581,0,1782362193.9863803,0.0020551681518554688
304277,normal,422,0,1782362193.9883592,0.0019788742065429688
304278,normal,1225,0,1782362193.9903216,0.001962423324584961
304279,normal,1765,0,1782362193.9923773,0.002055644989013672
304280,normal,3044,0,1782362193.9943566,0.001979351043701172
304281,normal,2252,0,1782362193.996321,0.0019643306732177734
304282,normal,2478,0,1782362193.9983816,0.0020606517791748047
304283,normal,2326,0,1782362194.0003564,0.001974821090698242
304284,normal,2009,0,1782362194.0023367,0.001980304718017578
304285,normal,2924,0,1782362194.0043817,0.0020449161529541016
304286,normal,61,0,1782362194.0063584,0.0019767284393310547
304287,normal,864,2,1782362194.0083263,0.001967906951904297
304288,normal,1828,0,1782362194.0103827,0.0020563602447509766
304289,normal,2011,0,1782362194.0123587,0.00197601318359375
304290,normal,2546,0,1782362194.0143251,0.0019664764404296875
304291,normal,2844,0,1782362194.0163832,0.0020580291748046875
304292,normal,2384,0,1782362194.0183578,0.0019745826721191406
304293,normal,497,0,1782362194.0203364,0.001978635787963867
304294,normal,1129,0,1782362194.0223818,0.0020453929901123047
304295,normal,533,0,1782362194.0245755,0.0021936893463134766
304296,normal,605,0,1782362194.0264497,0.0018742084503173828
304297,normal,2237,0,1782362194.0284066,0.001956939697265625
304298,normal,58,0,1782362194.03058,0.0021734237670898438
304299,normal,770,0,1782362194.0324094,0.001829385757446289
304300,normal,158,0,1782362194.0345592,0.002149820327758789
304301,normal,521,0,1782362194.0364146,0.0018553733825683594
304302,normal,962,2,1782362194.0385413,0.0021266937255859375
304303,normal,1635,0,1782362194.0405629,0.0020215511322021484
304304,normal,3251,1,1782362194.0424125,0.0018496513366699219
304305,normal,93,0,1782362194.0445323,0.002119779586791992
304306,normal,137,0,1782362194.0465596,0.002027273178100586
304307,normal,3145,1,1782362194.048408,0.001848459243774414
304308,normal,2930,0,1782362194.050384,0.00197601318359375
304309,normal,833,2,1782362194.0525675,0.0021834373474121094
304310,normal,60,0,1782362194.054409,0.0018415451049804688
304311,normal,2629,0,1782362194.056538,0.002129077911376953
304312,normal,1361,1,1782362194.0586483,0.0021102428436279297
304313,normal,2048,0,1782362194.0603805,0.0017321109771728516
304314,normal,1506,0,1782362194.0626414,0.002260923385620117
304315,normal,708,0,1782362194.064388,0.0017466545104980469
304316,normal,3615,0,1782362194.0665712,0.002183198928833008
304317,normal,1285,0,1782362194.0683892,0.001817941665649414
304318,normal,3038,0,1782362194.0705519,0.0021626949310302734
304319,normal,188,0,1782362194.072408,0.001856088638305664
304320,normal,4,0,1782362194.0745618,0.0021538734436035156
304321,normal,1855,0,1782362194.0765562,0.0019943714141845703
304322,normal,3405,0,1782362194.0784047,0.001848459243774414
304323,normal,2177,0,1782362194.0805473,0.002142667770385742
304324,normal,2718,0,1782362194.0825634,0.0020160675048828125
304325,normal,3637,0,1782362194.0844066,0.0018432140350341797
304326,normal,1182,0,1782362194.0865476,0.0021409988403320312
304327,normal,950,2,1782362194.0885592,0.002011537551879883
304328,normal,2315,0,1782362194.0904078,0.0018486976623535156
304329,normal,2832,0,1782362194.092554,0.0021462440490722656
304330,normal,2481,0,1782362194.094438,0.0018839836120605469
304331,normal,2097,0,1782362194.0964215,0.0019834041595458984
304332,normal,2893,0,1782362194.098732,0.002310514450073242
304333,normal,1006,2,1782362194.1003904,0.0016584396362304688
304334,normal,2817,0,1782362194.102519,0.00212860107421875
304335,normal,953,2,1782362194.1043415,0.0018224716186523438
304336,normal,2675,0,1782362194.1063201,0.001978635787963867
304337,normal,1004,2,1782362194.1083105,0.0019903182983398438
304338,normal,2672,0,1782362194.1104102,0.002099752426147461
304339,normal,153,0,1782362194.1125433,0.0021331310272216797
304340,normal,227,0,1782362194.1144087,0.001865386962890625
304341,normal,3332,1,1782362194.116564,0.002155303955078125
304342,normal,2058,0,1782362194.1187131,0.0021491050720214844
304343,normal,2615,0,1782362194.1205392,0.0018260478973388672
304344,normal,3161,1,1782362194.1227295,0.0021903514862060547
304345,normal,3544,0,1782362194.1245022,0.0017726421356201172
304346,normal,2635,0,1782362194.1265576,0.0020554065704345703
304347,normal,315,0,1782362194.1285522,0.001994609832763672
304348,normal,1307,0,1782362194.130626,0.0020737648010253906
304349,normal,15,0,1782362194.1325471,0.0019211769104003906
304350,normal,1594,0,1782362194.1345706,0.002023458480834961
304351,normal,823,2,1782362194.1367173,0.0021467208862304688
304352,normal,2543,0,1782362194.138416,0.0016987323760986328
304353,normal,30,0,1782362194.14076,0.002343893051147461
304354,normal,2052,0,1782362194.1425135,0.0017535686492919922
304355,normal,1287,0,1782362194.1445603,0.002046823501586914
304356,normal,2668,0,1782362194.146545,0.0019845962524414062
304357,normal,702,0,1782362194.1486447,0.002099752426147461
304358,normal,3155,1,1782362194.1505516,0.0019068717956542969
304359,normal,2989,0,1782362194.1525917,0.0020401477813720703
304360,normal,3131,1,1782362194.154727,0.0021352767944335938
304361,normal,2074,0,1782362194.1564214,0.0016944408416748047
304362,normal,364,0,1782362194.1587157,0.002294301986694336
304363,normal,3421,0,1782362194.16053,0.0018143653869628906
304364,normal,3336,1,1782362194.1625602,0.0020301342010498047
304365,normal,1662,0,1782362194.164559,0.0019986629486083984
304366,normal,1266,0,1782362194.1667292,0.0021703243255615234
304367,normal,769,0,1782362194.1684127,0.0016834735870361328
304368,normal,2021,0,1782362194.1707277,0.002315044403076172
304369,normal,391,0,1782362194.1725194,0.0017917156219482422
304370,normal,302,0,1782362194.174563,0.002043485641479492
304371,normal,469,0,1782362194.176447,0.0018839836120605469
304372,normal,1512,0,1782362194.178708,0.0022611618041992188
304373,normal,1632,0,1782362194.180411,0.001703023910522461
304374,normal,101,0,1782362194.1827376,0.002326488494873047
304375,normal,2829,0,1782362194.184518,0.0017805099487304688
304376,normal,2354,0,1782362194.1865613,0.0020432472229003906
304377,normal,545,0,1782362194.188562,0.002000570297241211
304378,normal,2025,0,1782362194.1906364,0.0020744800567626953
304379,normal,3371,1,1782362194.1925478,0.0019114017486572266
304380,normal,1212,0,1782362194.1946054,0.0020575523376464844
304381,normal,1641,0,1782362194.1967158,0.0021104812622070312
304382,normal,2208,0,1782362194.1984105,0.0016946792602539062
304383,normal,275,0,1782362194.200758,0.0023474693298339844
304384,normal,647,0,1782362194.2025971,0.0018391609191894531
304385,normal,3107,1,1782362194.2044015,0.001804351806640625
304386,normal,278,0,1782362194.2066267,0.002225160598754883
304387,normal,1587,0,1782362194.2086353,0.002008676528930664
304388,normal,802,2,1782362194.2105603,0.0019249916076660156
304389,normal,1210,0,1782362194.2125778,0.002017498016357422
304390,normal,1375,1,1782362194.214624,0.0020461082458496094
304391,normal,1161,0,1782362194.2165642,0.0019402503967285156
304392,normal,684,0,1782362194.2186053,0.0020411014556884766
304393,normal,54,0,1782362194.2207131,0.002107858657836914
304394,normal,1409,0,1782362194.222411,0.0016977787017822266
304395,normal,334,0,1782362194.2247767,0.0023658275604248047
304396,normal,3606,0,1782362194.2265182,0.0017414093017578125
304397,normal,3117,1,1782362194.228558,0.0020399093627929688
304398,normal,889,2,1782362194.230585,0.0020270347595214844
304399,normal,1457,0,1782362194.2326193,0.0020341873168945312
304400,normal,1842,0,1782362194.234553,0.0019338130950927734
304401,normal,676,0,1782362194.2364635,0.0019104480743408203
304402,normal,2790,0,1782362194.2387226,0.0022590160369873047
304403,normal,1213,0,1782362194.2404134,0.0016908645629882812
304404,normal,2850,0,1782362194.2427866,0.002373218536376953
304405,normal,3450,0,1782362194.2445228,0.0017361640930175781
304406,normal,2028,0,1782362194.2465606,0.0020377635955810547
304407,normal,948,2,1782362194.2485929,0.0020322799682617188
304408,normal,666,0,1782362194.2506483,0.0020554065704345703
304409,normal,1155,0,1782362194.2524142,0.0017659664154052734
304410,normal,3667,0,1782362194.2547736,0.0023593902587890625
304411,normal,2109,0,1782362194.2565286,0.0017549991607666016
304412,normal,1991,0,1782362194.2585611,0.0020325183868408203
304413,normal,2272,0,1782362194.2605958,0.0020346641540527344
304414,normal,1217,0,1782362194.2625647,0.001968860626220703
304415,normal,417,0,1782362194.2645407,0.00197601318359375
304416,normal,1903,0,1782362194.26664,0.002099275588989258
304417,normal,2141,0,1782362194.2687771,0.0021371841430664062
304418,normal,237,0,1782362194.270409,0.0016319751739501953
304419,normal,1682,0,1782362194.2725492,0.002140045166015625
304420,normal,3373,1,1782362194.274529,0.001979827880859375
304421,normal,922,2,1782362194.2765627,0.002033710479736328
304422,normal,3214,1,1782362194.2786252,0.002062559127807617
304423,normal,2117,0,1782362194.280447,0.001821756362915039
304424,normal,3317,1,1782362194.282558,0.0021109580993652344
304425,normal,2779,0,1782362194.2845027,0.0019447803497314453
304426,normal,2033,0,1782362194.2867796,0.002276897430419922
304427,normal,2692,0,1782362194.2884166,0.0016369819641113281
304428,normal,203,0,1782362194.2906241,0.002207517623901367
304429,normal,1357,1,1782362194.29246,0.0018358230590820312
304430,normal,1850,0,1782362194.2946546,0.002194643020629883
304431,normal,504,0,1782362194.2964897,0.0018351078033447266
304432,normal,1719,0,1782362194.2987728,0.0022830963134765625
304433,normal,3359,1,1782362194.300381,0.001608133316040039
304434,normal,3206,1,1782362194.3024783,0.0020973682403564453
304435,normal,1238,0,1782362194.3043854,0.0019071102142333984
304436,normal,3647,0,1782362194.306512,0.0021266937255859375
304437,normal,3428,0,1782362194.308495,0.0019829273223876953
304438,normal,3345,1,1782362194.310768,0.0022728443145751953
304439,normal,3100,1,1782362194.3124075,0.0016396045684814453
304440,normal,3118,1,1782362194.3145456,0.0021381378173828125
304441,normal,598,0,1782362194.3166258,0.002080202102661133
304442,normal,3148,1,1782362194.318377,0.0017511844635009766
304443,normal,1359,1,1782362194.3205466,0.0021696090698242188
304444,normal,92,0,1782362194.32256,0.0020134449005126953
304445,normal,3119,1,1782362194.32441,0.0018498897552490234
304446,normal,2280,0,1782362194.3265486,0.0021386146545410156
304447,normal,1668,0,1782362194.3285732,0.0020246505737304688
304448,normal,1546,0,1782362194.3304112,0.0018379688262939453
304449,normal,1802,0,1782362194.3325627,0.0021514892578125
304450,normal,1186,0,1782362194.3345594,0.001996755599975586
304451,normal,3672,0,1782362194.3364122,0.0018527507781982422
304452,normal,2190,0,1782362194.3385658,0.002153635025024414
304453,normal,1859,0,1782362194.34057,0.0020041465759277344
304454,normal,3235,1,1782362194.3424065,0.001836538314819336
304455,normal,2066,0,1782362194.3445659,0.0021593570709228516
304456,normal,2459,0,1782362194.3468091,0.0022432804107666016
304457,normal,3264,1,1782362194.348599,0.0017898082733154297
304458,normal,700,0,1782362194.350367,0.0017681121826171875
304459,normal,1675,0,1782362194.3525865,0.0022194385528564453
304460,normal,3189,1,1782362194.3543959,0.0018093585968017578
304461,normal,2463,0,1782362194.356572,0.002176046371459961
304462,normal,536,0,1782362194.3587449,0.0021729469299316406
304463,normal,1339,1,1782362194.3603888,0.0016438961029052734
304464,normal,2624,0,1782362194.3624206,0.0020318031311035156
304465,normal,461,0,1782362194.3648336,0.002413034439086914
304466,normal,2652,0,1782362194.3663929,0.0015592575073242188
304467,normal,239,0,1782362194.3685699,0.002177000045776367
304468,normal,1571,0,1782362194.3707533,0.0021834373474121094
304469,normal,1150,0,1782362194.3724217,0.0016684532165527344
304470,normal,312,0,1782362194.3745677,0.002146005630493164
304471,normal,2878,0,1782362194.3767562,0.002188444137573242
304472,normal,414,0,1782362194.3784025,0.001646280288696289
304473,normal,1975,0,1782362194.3804188,0.002016305923461914
304474,normal,107,0,1782362194.3826306,0.0022118091583251953
304475,normal,120,0,1782362194.3843875,0.001756906509399414
304476,normal,2273,0,1782362194.386757,0.002369403839111328
304477,normal,13,0,1782362194.3884342,0.0016772747039794922
304478,normal,3137,1,1782362194.3905547,0.002120494842529297
304479,normal,951,2,1782362194.392429,0.0018744468688964844
304480,normal,1947,0,1782362194.3947754,0.0023462772369384766
304481,normal,2089,0,1782362194.3964634,0.0016880035400390625
304482,normal,1012,2,1782362194.3985827,0.002119302749633789
304483,normal,1738,0,1782362194.4006207,0.0020380020141601562
304484,normal,1531,0,1782362194.4023793,0.001758575439453125
304485,normal,613,0,1782362194.404586,0.0022068023681640625
304486,normal,1580,0,1782362194.4065607,0.0019745826721191406
304487,normal,3172,1,1782362194.4083803,0.001819610595703125
304488,normal,5,0,1782362194.4105937,0.0022134780883789062
304489,normal,3288,1,1782362194.4125817,0.001987934112548828
304490,normal,3455,0,1782362194.4143803,0.0017986297607421875
304491,normal,1454,0,1782362194.4165268,0.002146482467651367
304492,normal,488,0,1782362194.4185503,0.002023458480834961
304493,normal,1866,0,1782362194.4203794,0.0018291473388671875
304494,normal,3318,1,1782362194.4225938,0.0022144317626953125
304495,normal,3411,0,1782362194.424767,0.002173185348510742
304496,normal,3050,1,1782362194.4263759,0.0016088485717773438
304497,normal,41,0,1782362194.428593,0.0022170543670654297
304498,normal,3509,0,1782362194.4305615,0.0019686222076416016
304499,normal,544,0,1782362194.4323795,0.001817941665649414
304500,normal,265,0,1782362194.4345124,0.002132892608642578
304501,normal,99,0,1782362194.4365432,0.0020308494567871094
304502,normal,2274,0,1782362194.4383838,0.0018405914306640625
304503,normal,3702,0,1782362194.4406018,0.002218008041381836
304504,normal,992,2,1782362194.4425635,0.0019617080688476562
304505,normal,530,0,1782362194.4443777,0.001814126968383789
304506,normal,273,0,1782362194.4466014,0.0022237300872802734
304507,normal,447,0,1782362194.4485438,0.0019423961639404297
304508,normal,1540,0,1782362194.4503782,0.0018343925476074219
304509,normal,2314,0,1782362194.4526007,0.0022225379943847656
304510,normal,736,0,1782362194.454564,0.001963376998901367
304511,normal,1467,0,1782362194.456377,0.0018129348754882812
304512,normal,3520,0,1782362194.4586053,0.002228260040283203
304513,normal,3596,0,1782362194.4605663,0.0019609928131103516
304514,normal,2858,0,1782362194.4623728,0.001806497573852539
304515,normal,3211,1,1782362194.4645152,0.0021424293518066406
304516,normal,499,0,1782362194.466541,0.0020258426666259766
304517,normal,470,0,1782362194.4685202,0.0019791126251220703
304518,normal,773,2,1782362194.4703562,0.0018360614776611328
304519,normal,1087,0,1782362194.4725533,0.0021970272064208984
304520,normal,1862,0,1782362194.4743762,0.0018229484558105469
304521,normal,3347,1,1782362194.4763598,0.001983642578125
304522,normal,2974,0,1782362194.4785535,0.0021936893463134766
304523,normal,1288,0,1782362194.4803774,0.0018239021301269531
304524,normal,3365,1,1782362194.4823725,0.001995086669921875
304525,normal,2417,0,1782362194.484555,0.002182483673095703
304526,normal,385,0,1782362194.486367,0.001811981201171875
304527,normal,2897,0,1782362194.488446,0.002079010009765625
304528,normal,2207,0,1782362194.4905515,0.0021054744720458984
304529,normal,1412,0,1782362194.4923775,0.0018260478973388672
304530,normal,2017,0,1782362194.494367,0.0019893646240234375
304531,normal,743,0,1782362194.4965565,0.00218963623046875
304532,normal,1962,0,1782362194.4983685,0.001811981201171875
304533,normal,809,2,1782362194.5003793,0.002010822296142578
304534,normal,1426,0,1782362194.5025234,0.0021440982818603516
304535,normal,664,0,1782362194.5043774,0.00185394287109375
304536,normal,1812,0,1782362194.5063765,0.0019991397857666016
304537,normal,356,0,1782362194.5085526,0.002176046371459961
304538,normal,1436,0,1782362194.5103788,0.0018262863159179688
304539,normal,208,0,1782362194.5123749,0.0019960403442382812
304540,normal,3464,0,1782362194.5145552,0.002180337905883789
304541,normal,1972,0,1782362194.5163743,0.0018191337585449219
304542,normal,34,0,1782362194.5183775,0.002003192901611328
304543,normal,2506,0,1782362194.5205631,0.0021855831146240234
304544,normal,1517,0,1782362194.5223768,0.001813650131225586
304545,normal,2926,0,1782362194.5243926,0.002015829086303711
304546,normal,281,0,1782362194.5265555,0.002162933349609375
304547,normal,376,0,1782362194.5283842,0.0018286705017089844
304548,normal,2035,0,1782362194.5303855,0.0020012855529785156
304549,normal,2806,0,1782362194.532553,0.0021674633026123047
304550,normal,2174,0,1782362194.5343754,0.0018224716186523438
304551,normal,3002,0,1782362194.536399,0.002023458480834961
304552,normal,2068,0,1782362194.5385785,0.0021796226501464844
304553,normal,3356,1,1782362194.5403733,0.0017948150634765625
304554,normal,2258,0,1782362194.5423865,0.0020132064819335938
304555,normal,2683,0,1782362194.544526,0.002139568328857422
304556,normal,264,0,1782362194.5463777,0.0018515586853027344
304557,normal,3468,0,1782362194.5484066,0.002028942108154297
304558,normal,2005,0,1782362194.5505607,0.002154111862182617
304559,normal,896,2,1782362194.5523841,0.00182342529296875
304560,normal,2598,0,1782362194.5543952,0.0020110607147216797
304561,normal,2747,0,1782362194.5565526,0.002157449722290039
304562,normal,2421,0,1782362194.558376,0.00182342529296875
304563,normal,1259,0,1782362194.5604,0.002023935317993164
304564,normal,3208,1,1782362194.5625665,0.0021665096282958984
304565,normal,2659,0,1782362194.5643756,0.0018091201782226562
304566,normal,1934,0,1782362194.5664005,0.0020248889923095703
304567,normal,2497,0,1782362194.568555,0.0021545886993408203
304568,normal,2023,0,1782362194.5703816,0.0018265247344970703
304569,normal,528,0,1782362194.5724015,0.0020198822021484375
304570,normal,1670,0,1782362194.57456,0.0021584033966064453
304571,normal,59,0,1782362194.5763774,0.001817464828491211
304572,normal,1404,0,1782362194.5784075,0.0020301342010498047
304573,normal,3521,0,1782362194.5805957,0.0021882057189941406
304574,normal,2447,0,1782362194.5823581,0.00176239013671875
304575,normal,2948,0,1782362194.584404,0.002045869827270508
304576,normal,2364,0,1782362194.586539,0.002135038375854492
304577,normal,529,0,1782362194.5883656,0.0018265247344970703
304578,normal,1441,0,1782362194.5904098,0.002044200897216797
304579,normal,382,0,1782362194.592532,0.002122163772583008
304580,normal,2789,0,1782362194.5943546,0.0018227100372314453
304581,normal,1724,0,1782362194.59642,0.002065420150756836
304582,normal,1442,0,1782362194.5985355,0.002115488052368164
304583,normal,1743,0,1782362194.6003647,0.0018291473388671875
304584,normal,2284,0,1782362194.6024384,0.0020737648010253906
304585,normal,2345,0,1782362194.60456,0.002121448516845703
304586,normal,2449,0,1782362194.6063724,0.0018124580383300781
304587,normal,537,0,1782362194.6084132,0.002040863037109375
304588,normal,1700,0,1782362194.6105473,0.002134084701538086
304589,normal,3267,1,1782362194.6123638,0.0018165111541748047
304590,normal,3276,1,1782362194.6144297,0.002065896987915039
304591,normal,872,2,1782362194.616541,0.002111196517944336
304592,normal,255,0,1782362194.6183565,0.0018155574798583984
304593,normal,818,2,1782362194.620423,0.0020666122436523438
304594,normal,2521,0,1782362194.6225483,0.002125263214111328
304595,normal,293,0,1782362194.6243658,0.001817464828491211
304596,normal,3286,1,1782362194.6263916,0.0020258426666259766
304597,normal,2922,0,1782362194.6289067,0.002515077590942383
304598,normal,1526,0,1782362194.630362,0.0014553070068359375
304599,normal,883,2,1782362194.632633,0.002270936965942383
304600,normal,2516,0,1782362194.634544,0.0019109249114990234
304601,normal,1640,0,1782362194.6363637,0.0018198490142822266
304602,normal,426,0,1782362194.6385827,0.002218961715698242
304603,normal,2538,0,1782362194.6404786,0.001895904541015625
304604,normal,2923,0,1782362194.6423585,0.0018799304962158203
304605,normal,1514,0,1782362194.644581,0.0022225379943847656
304606,normal,2038,0,1782362194.646474,0.0018928050994873047
304607,normal,2040,0,1782362194.6483622,0.001888275146484375
304608,normal,891,2,1782362194.6504347,0.002072572708129883
304609,normal,1123,0,1782362194.6525233,0.0020885467529296875
304610,normal,2584,0,1782362194.65454,0.002016782760620117
304611,normal,3076,1,1782362194.6564384,0.0018982887268066406
304612,normal,1581,0,1782362194.65854,0.0021016597747802734
304613,normal,185,0,1782362194.6603563,0.0018162727355957031
304614,normal,2929,0,1782362194.6624,0.0020437240600585938
304615,normal,2928,0,1782362194.6643915,0.0019915103912353516
304616,normal,1877,0,1782362194.666516,0.0021245479583740234
304617,normal,3390,1,1782362194.6684513,0.0019352436065673828
304618,normal,3525,0,1782362194.6705365,0.0020852088928222656
304619,normal,511,0,1782362194.6723573,0.0018208026885986328
304620,normal,366,0,1782362194.674443,0.0020856857299804688
304621,normal,1504,0,1782362194.6765404,0.0020973682403564453
304622,normal,507,0,1782362194.6783788,0.0018384456634521484
304623,normal,1068,0,1782362194.6804585,0.0020797252655029297
304624,normal,1466,0,1782362194.6825387,0.002080202102661133
304625,normal,1458,0,1782362194.6843655,0.0018267631530761719
304626,normal,3540,0,1782362194.6864479,0.002082347869873047
304627,normal,2452,0,1782362194.6885676,0.002119779586791992
304628,normal,1887,0,1782362194.690367,0.0017993450164794922
304629,normal,1679,0,1782362194.6924534,0.0020864009857177734
304630,normal,3270,1,1782362194.6945384,0.002084970474243164
304631,normal,2711,0,1782362194.6963568,0.0018184185028076172
304632,normal,840,2,1782362194.6984515,0.002094745635986328
304633,normal,795,2,1782362194.7005382,0.002086639404296875
304634,normal,1351,1,1782362194.7023566,0.0018184185028076172
304635,normal,1498,0,1782362194.704368,0.002011537551879883
304636,normal,2461,0,1782362194.7063496,0.001981496810913086
304637,normal,2271,0,1782362194.7083297,0.0019800662994384766
304638,normal,3320,1,1782362194.7103333,0.0020036697387695312
304639,normal,398,0,1782362194.7123392,0.0020058155059814453
304640,normal,3512,0,1782362194.7143364,0.001997232437133789
304641,normal,2022,0,1782362194.716347,0.0020105838775634766
304642,normal,1916,0,1782362194.7183406,0.0019936561584472656
304643,normal,2041,0,1782362194.7203364,0.0019958019256591797
304644,normal,1197,0,1782362194.7223842,0.0020477771759033203
304645,normal,3352,1,1782362194.7243695,0.001985311508178711
304646,normal,286,0,1782362194.7264886,0.0021190643310546875
304647,normal,1955,0,1782362194.7284267,0.0019381046295166016
304648,normal,3567,0,1782362194.73049,0.002063274383544922
304649,normal,323,0,1782362194.7324207,0.0019307136535644531
304650,normal,1379,1,1782362194.734576,0.002155303955078125
304651,normal,3364,1,1782362194.7364597,0.0018837451934814453
304652,normal,1697,0,1782362194.7385323,0.002072572708129883
304653,normal,1819,0,1782362194.7404423,0.0019099712371826172
304654,normal,1911,0,1782362194.7425554,0.0021131038665771484
304655,normal,303,0,1782362194.7443876,0.0018322467803955078
304656,normal,764,0,1782362194.746569,0.0021812915802001953
304657,normal,3436,0,1782362194.7484636,0.0018947124481201172
304658,normal,3394,1,1782362194.750565,0.002101421356201172
304659,normal,1839,0,1782362194.7524588,0.001893758773803711
304660,normal,1014,2,1782362194.7545655,0.0021066665649414062
304661,normal,340,0,1782362194.7563996,0.0018341541290283203
304662,normal,3309,1,1782362194.7585864,0.0021867752075195312
304663,normal,187,0,1782362194.7604697,0.0018832683563232422
304664,normal,2540,0,1782362194.762433,0.001963376998901367
304665,normal,1497,0,1782362194.764589,0.0021560192108154297
304666,normal,1889,0,1782362194.76647,0.0018808841705322266
304667,normal,3666,0,1782362194.768437,0.0019669532775878906
304668,normal,1381,1,1782362194.770584,0.002147197723388672
304669,normal,2221,0,1782362194.7724905,0.0019063949584960938
304670,normal,3633,0,1782362194.7745218,0.0020313262939453125
304671,normal,2821,0,1782362194.7764566,0.0019347667694091797
304672,normal,932,2,1782362194.7785592,0.0021026134490966797
304673,normal,792,2,1782362194.7804291,0.0018699169158935547
304674,normal,2565,0,1782362194.7825902,0.0021610260009765625
304675,normal,405,0,1782362194.7844696,0.0018794536590576172
304676,normal,2827,0,1782362194.786429,0.0019593238830566406
304677,normal,1133,0,1782362194.7886055,0.002176523208618164
304678,normal,2698,0,1782362194.7904694,0.0018639564514160156
304679,normal,1782,0,1782362194.7923887,0.0019192695617675781
304680,normal,428,0,1782362194.7946074,0.0022187232971191406
304681,normal,2553,0,1782362194.7964659,0.0018584728240966797
304682,normal,2826,0,1782362194.798566,0.002100229263305664
304683,normal,1318,0,1782362194.8004723,0.0019061565399169922
304684,normal,3295,1,1782362194.8025682,0.002095937728881836
304685,normal,2767,0,1782362194.804388,0.0018198490142822266
304686,normal,1276,0,1782362194.8065805,0.0021924972534179688
304687,normal,1803,0,1782362194.8084738,0.0018932819366455078
304688,normal,3053,1,1782362194.8104289,0.0019550323486328125
304689,normal,1900,0,1782362194.8125303,0.002101421356201172
304690,normal,524,0,1782362194.814476,0.0019457340240478516
304691,normal,1964,0,1782362194.8165243,0.0020482540130615234
304692,normal,2132,0,1782362194.8183897,0.001865386962890625
304693,normal,1116,0,1782362194.8205578,0.0021681785583496094
304694,normal,1125,0,1782362194.8223867,0.001828908920288086
304695,normal,413,0,1782362194.824526,0.0021393299102783203
304696,normal,587,0,1782362194.8264754,0.001949310302734375
304697,normal,885,2,1782362194.8285227,0.002047300338745117
304698,normal,1718,0,1782362194.8303933,0.0018706321716308594
304699,normal,1245,0,1782362194.8325603,0.0021669864654541016
304700,normal,1938,0,1782362194.8343987,0.0018384456634521484
304701,normal,505,0,1782362194.83653,0.002131223678588867
304702,normal,949,2,1782362194.8384721,0.0019421577453613281
304703,normal,2090,0,1782362194.8405354,0.002063274383544922
304704,normal,2942,0,1782362194.8423998,0.0018644332885742188
304705,normal,104,0,1782362194.8445623,0.002162456512451172
304706,normal,2151,0,1782362194.8463874,0.001825094223022461
304707,normal,1419,0,1782362194.8485396,0.0021522045135498047
304708,normal,2604,0,1782362194.8504739,0.0019342899322509766
304709,normal,494,0,1782362194.8525248,0.0020508766174316406
304710,normal,26,0,1782362194.8544016,0.0018768310546875
304711,normal,31,0,1782362194.8565676,0.0021660327911376953
304712,normal,912,2,1782362194.8583896,0.0018219947814941406
304713,normal,1618,0,1782362194.8605342,0.0021445751190185547
304714,normal,1160,0,1782362194.8624706,0.0019364356994628906
304715,normal,1191,0,1782362194.8645222,0.0020515918731689453
304716,normal,3386,1,1782362194.8664057,0.0018835067749023438
304717,normal,712,0,1782362194.8685596,0.0021538734436035156
304718,normal,2519,0,1782362194.870388,0.0018284320831298828
304719,normal,2255,0,1782362194.8725245,0.0021364688873291016
304720,normal,838,2,1782362194.8744776,0.001953125
304721,normal,1810,0,1782362194.8765244,0.002046823501586914
304722,normal,1583,0,1782362194.8784242,0.00189971923828125
304723,normal,2206,0,1782362194.880563,0.002138853073120117
304724,normal,478,0,1782362194.8823872,0.0018241405487060547
304725,normal,3545,0,1782362194.884533,0.0021457672119140625
304726,normal,2601,0,1782362194.8864741,0.0019412040710449219
304727,normal,270,0,1782362194.8885224,0.0020482540130615234
304728,normal,3034,0,1782362194.8905463,0.002023935317993164
304729,normal,1242,0,1782362194.8925245,0.001978158950805664
304730,normal,1170,0,1782362194.8944287,0.0019042491912841797
304731,normal,1598,0,1782362194.896534,0.002105236053466797
304732,normal,2578,0,1782362194.8984704,0.0019364356994628906
304733,normal,1773,0,1782362194.9005227,0.00205230712890625
304734,normal,1726,0,1782362194.9024112,0.0018885135650634766
304735,normal,3404,0,1782362194.9045327,0.002121448516845703
304736,normal,486,0,1782362194.9064283,0.0018956661224365234
304737,normal,3622,0,1782362194.9085383,0.002110004425048828
304738,normal,1808,0,1782362194.9104693,0.0019309520721435547
304739,normal,2158,0,1782362194.9125242,0.002054929733276367
304740,normal,254,0,1782362194.914416,0.0018918514251708984
304741,normal,190,0,1782362194.916558,0.0021419525146484375
304742,normal,1051,0,1782362194.9183939,0.0018358230590820312
304743,normal,3389,1,1782362194.9205415,0.002147674560546875
304744,normal,2397,0,1782362194.9224627,0.0019211769104003906
304745,normal,1094,0,1782362194.9245214,0.002058744430541992
304746,normal,3482,0,1782362194.9264207,0.0018992424011230469
304747,normal,790,2,1782362194.9285665,0.0021457672119140625
304748,normal,3552,0,1782362194.930387,0.0018205642700195312
304749,normal,650,0,1782362194.9325514,0.0021643638610839844
304750,normal,3205,1,1782362194.9344697,0.0019183158874511719
304751,normal,372,0,1782362194.9365237,0.002053976058959961
304752,normal,87,0,1782362194.938425,0.001901388168334961
304753,normal,2686,0,1782362194.9405625,0.002137422561645508
304754,normal,284,0,1782362194.942425,0.0018625259399414062
304755,normal,1683,0,1782362194.9445565,0.0021314620971679688
304756,normal,1949,0,1782362194.9464674,0.0019109249114990234
304757,normal,202,0,1782362194.9485228,0.0020554065704345703
304758,normal,2739,0,1782362194.95043,0.0019071102142333984
304759,normal,3678,0,1782362194.952556,0.002125978469848633
304760,normal,2334,0,1782362194.9543862,0.0018303394317626953
304761,normal,105,0,1782362194.956571,0.0021848678588867188
304762,normal,2534,0,1782362194.9585063,0.0019352436065673828
304763,normal,2036,0,1782362194.960522,0.0020155906677246094
304764,normal,2189,0,1782362194.9624352,0.001913309097290039
304765,normal,2446,0,1782362194.9645612,0.002125978469848633
304766,normal,3146,1,1782362194.9663885,0.001827239990234375
304767,normal,1134,0,1782362194.9685621,0.0021736621856689453
304768,normal,2337,0,1782362194.9704993,0.0019371509552001953
304769,normal,866,2,1782362194.9725256,0.0020263195037841797
304770,normal,3079,1,1782362194.9744437,0.0019180774688720703
304771,normal,3680,0,1782362194.9765353,0.002091646194458008
304772,normal,3656,0,1782362194.978391,0.001855611801147461
304773,normal,844,2,1782362194.9805863,0.0021953582763671875
304774,normal,638,0,1782362194.982455,0.0018687248229980469
304775,normal,3368,1,1782362194.98452,0.002064943313598633
304776,normal,1561,0,1782362194.9864445,0.0019245147705078125
304777,normal,2483,0,1782362194.9885604,0.002115964889526367
304778,normal,1637,0,1782362194.9903867,0.0018262863159179688
304779,normal,1468,0,1782362194.9925723,0.0021855831146240234
304780,normal,755,0,1782362194.9944935,0.0019211769104003906
304781,normal,2932,0,1782362194.9965374,0.0020439624786376953
304782,normal,720,0,1782362194.9984474,0.0019099712371826172
304783,normal,1439,0,1782362195.0005326,0.0020852088928222656
304784,normal,80,0,1782362195.0024261,0.0018935203552246094
304785,normal,740,0,1782362195.0045745,0.0021483898162841797
304786,normal,1388,0,1782362195.0065308,0.0019562244415283203
304787,normal,2415,0,1782362195.0084057,0.0018749237060546875
304788,normal,2368,0,1782362195.010539,0.0021333694458007812
304789,normal,1751,0,1782362195.012559,0.0020198822021484375
304790,normal,2240,0,1782362195.0143747,0.0018157958984375
304791,normal,640,0,1782362195.016542,0.002167224884033203
304792,normal,1928,0,1782362195.0185587,0.002016782760620117
304793,normal,989,2,1782362195.0203767,0.001817941665649414
304794,normal,2164,0,1782362195.0225403,0.0021636486053466797
304795,normal,936,2,1782362195.0245626,0.002022266387939453
304796,normal,1732,0,1782362195.0263748,0.0018122196197509766
304797,normal,988,2,1782362195.0285857,0.002210855484008789
304798,normal,2131,0,1782362195.030564,0.0019783973693847656
304799,normal,2953,0,1782362195.0324185,0.0018544197082519531
304800,normal,3180,1,1782362195.0345588,0.0021402835845947266
304801,normal,253,0,1782362195.0365741,0.002015352249145508
304802,normal,3392,1,1782362195.0384076,0.0018334388732910156
304803,normal,2135,0,1782362195.0405583,0.0021507740020751953
304804,normal,1376,1,1782362195.0425644,0.002006053924560547
304805,normal,621,0,1782362195.044404,0.0018396377563476562
304806,normal,191,0,1782362195.0465646,0.0021605491638183594
304807,normal,1045,0,1782362195.0485613,0.001996755599975586
304808,normal,572,0,1782362195.050418,0.0018565654754638672
304809,normal,3333,1,1782362195.0525641,0.0021462440490722656
304810,normal,2748,0,1782362195.0545483,0.001984119415283203
304811,normal,1323,1,1782362195.0564618,0.0019135475158691406
304812,normal,845,2,1782362195.058759,0.0022971630096435547
304813,normal,2032,0,1782362195.060724,0.001965045928955078
304814,normal,2250,0,1782362195.0625548,0.0018308162689208984
304815,normal,229,0,1782362195.0645716,0.002016782760620117
304816,normal,3343,1,1782362195.0667505,0.0021789073944091797
304817,normal,1440,0,1782362195.0684097,0.0016591548919677734
304818,normal,2195,0,1782362195.0707548,0.0023450851440429688
304819,normal,2205,0,1782362195.072496,0.001741170883178711
304820,normal,2993,0,1782362195.0747602,0.002264261245727539
304821,normal,1148,0,1782362195.0764194,0.0016591548919677734
304822,normal,2535,0,1782362195.0785637,0.002144336700439453
304823,normal,3543,0,1782362195.0805671,0.0020034313201904297
304824,normal,2632,0,1782362195.0824215,0.0018544197082519531
304825,normal,2987,0,1782362195.084759,0.0023374557495117188
304826,normal,699,0,1782362195.0864077,0.0016486644744873047
304827,normal,2348,0,1782362195.0885742,0.0021665096282958984
304828,normal,1269,0,1782362195.0907423,0.0021681785583496094
304829,normal,172,0,1782362195.0923896,0.0016472339630126953
304830,normal,2231,0,1782362195.0944307,0.0020411014556884766
304831,normal,3700,0,1782362195.0967512,0.002320528030395508
304832,normal,1930,0,1782362195.0983565,0.0016052722930908203
304833,normal,89,0,1782362195.1005824,0.0022258758544921875
304834,normal,1746,0,1782362195.102495,0.0019125938415527344
304835,normal,3699,0,1782362195.1045322,0.0020372867584228516
304836,normal,2640,0,1782362195.1064224,0.0018901824951171875
304837,normal,2299,0,1782362195.108507,0.002084493637084961
304838,normal,1286,0,1782362195.1103714,0.0018644332885742188
304839,normal,3314,1,1782362195.1125789,0.002207517623901367
304840,normal,990,2,1782362195.1145048,0.0019259452819824219
304841,normal,2773,0,1782362195.1163523,0.0018475055694580078
304842,normal,970,2,1782362195.1185806,0.002228260040283203
304843,normal,132,0,1782362195.1204813,0.0019006729125976562
304844,normal,2160,0,1782362195.1223514,0.0018701553344726562
304845,normal,2693,0,1782362195.1245823,0.0022308826446533203
304846,normal,1548,0,1782362195.1265025,0.0019202232360839844
304847,normal,1595,0,1782362195.1283517,0.0018491744995117188
304848,normal,1576,0,1782362195.130586,0.002234220504760742
304849,normal,2455,0,1782362195.1324778,0.0018918514251708984
304850,normal,3254,1,1782362195.1343508,0.001873016357421875
304851,normal,887,2,1782362195.1365886,0.0022377967834472656
304852,normal,1858,0,1782362195.1384943,0.001905679702758789
304853,normal,346,0,1782362195.1403513,0.0018570423126220703
304854,normal,3526,0,1782362195.142626,0.002274751663208008
304855,normal,2503,0,1782362195.144355,0.0017290115356445312
304856,normal,2335,0,1782362195.1465821,0.0022270679473876953
304857,normal,1421,0,1782362195.1483421,0.0017600059509277344
304858,normal,1344,1,1782362195.1504054,0.002063274383544922
304859,normal,839,2,1782362195.1523616,0.0019562244415283203
304860,normal,597,0,1782362195.1544497,0.0020880699157714844
304861,normal,1009,2,1782362195.1564174,0.0019676685333251953
304862,normal,2316,0,1782362195.1583555,0.0019381046295166016
304863,normal,2134,0,1782362195.1604476,0.002092123031616211
304864,normal,2803,0,1782362195.1624067,0.001959085464477539
304865,normal,1218,0,1782362195.1643612,0.0019545555114746094
304866,normal,2734,0,1782362195.1663523,0.0019910335540771484
304867,normal,3412,0,1782362195.1684086,0.0020563602447509766
304868,normal,1825,0,1782362195.1703534,0.0019447803497314453
304869,normal,1239,0,1782362195.172352,0.0019986629486083984
304870,normal,2360,0,1782362195.1745086,0.002156496047973633
304871,normal,16,0,1782362195.1763597,0.0018510818481445312
304872,normal,2729,0,1782362195.1783566,0.0019969940185546875
304873,normal,1038,0,1782362195.1804106,0.002053976058959961
304874,normal,3437,0,1782362195.1824107,0.002000093460083008
304875,normal,2688,0,1782362195.1843572,0.0019464492797851562
304876,normal,2075,0,1782362195.1865022,0.002145051956176758
304877,normal,526,0,1782362195.1883535,0.0018513202667236328
304878,normal,3304,1,1782362195.190359,0.0020055770874023438
304879,normal,1931,0,1782362195.1925094,0.002150297164916992
304880,normal,1370,1,1782362195.1943514,0.0018420219421386719
304881,normal,2952,0,1782362195.1963627,0.0020112991333007812
304882,normal,2201,0,1782362195.1984043,0.0020415782928466797
304883,normal,1305,0,1782362195.2003536,0.001949310302734375
304884,normal,1985,0,1782362195.202364,0.002010345458984375
304885,normal,1300,0,1782362195.2045333,0.002169370651245117
304886,normal,1649,0,1782362195.206369,0.0018355846405029297
304887,normal,65,0,1782362195.2084663,0.0020973682403564453
304888,normal,2013,0,1782362195.210413,0.0019466876983642578
304889,normal,641,0,1782362195.2123456,0.0019326210021972656
304890,normal,2435,0,1782362195.2143288,0.001983165740966797
304891,normal,1058,0,1782362195.2163737,0.0020449161529541016
304892,normal,1522,0,1782362195.2183266,0.0019528865814208984
304893,normal,1112,0,1782362195.2203617,0.0020351409912109375
304894,normal,1843,0,1782362195.222413,0.0020513534545898438
304895,normal,627,0,1782362195.2244856,0.002072572708129883
304896,normal,96,0,1782362195.2264423,0.0019567012786865234
304897,normal,2254,0,1782362195.2284927,0.0020503997802734375
304898,normal,2714,0,1782362195.2305481,0.0020554065704345703
304899,normal,1987,0,1782362195.2323709,0.0018227100372314453
304900,normal,1525,0,1782362195.2343392,0.0019683837890625
304901,normal,1648,0,1782362195.2362895,0.0019502639770507812
304902,normal,1892,0,1782362195.2383132,0.0020236968994140625
304903,normal,3127,1,1782362195.2403028,0.001989603042602539
304904,normal,2510,0,1782362195.2423213,0.002018451690673828
304905,normal,2248,0,1782362195.2443488,0.0020275115966796875
304906,normal,633,0,1782362195.2463665,0.0020177364349365234
304907,normal,1671,0,1782362195.248457,0.0020904541015625
304908,normal,1564,0,1782362195.2503688,0.0019118785858154297
304909,normal,1115,0,1782362195.2525356,0.002166748046875
304910,normal,3705,0,1782362195.254379,0.0018434524536132812
304911,normal,893,2,1782362195.2565904,0.002211332321166992
304912,normal,2765,0,1782362195.2584162,0.0018258094787597656
304913,normal,1737,0,1782362195.2605157,0.0020995140075683594
304914,normal,3418,0,1782362195.262385,0.00186920166015625
304915,normal,1904,0,1782362195.264561,0.002176046371459961
304916,normal,2428,0,1782362195.2663875,0.0018265247344970703
304917,normal,980,2,1782362195.2685318,0.002144336700439453
304918,normal,3218,1,1782362195.2704353,0.001903533935546875
304919,normal,656,0,1782362195.2725267,0.0020914077758789062
304920,normal,3026,0,1782362195.2744164,0.0018897056579589844
304921,normal,1569,0,1782362195.2767594,0.0023429393768310547
304922,normal,1653,0,1782362195.2784107,0.0016512870788574219
304923,normal,2914,0,1782362195.2806072,0.0021965503692626953
304924,normal,3398,1,1782362195.282584,0.0019767284393310547
304925,normal,2552,0,1782362195.28441,0.0018260478973388672
304926,normal,492,0,1782362195.2865646,0.0021545886993408203
304927,normal,3313,1,1782362195.2885902,0.002025604248046875
304928,normal,1542,0,1782362195.290553,0.001962900161743164
304929,normal,2687,0,1782362195.2924361,0.0018830299377441406
304930,normal,2093,0,1782362195.2947657,0.002329587936401367
304931,normal,2954,0,1782362195.2964134,0.0016477108001708984
304932,normal,1791,0,1782362195.2985654,0.002151966094970703
304933,normal,2325,0,1782362195.3006074,0.002042055130004883
304934,normal,2142,0,1782362195.3025537,0.0019462108612060547
304935,normal,3611,0,1782362195.3045032,0.0019495487213134766
304936,normal,2362,0,1782362195.3067582,0.002254962921142578
304937,normal,2524,0,1782362195.3084166,0.0016584396362304688
304938,normal,1240,0,1782362195.3105707,0.002154111862182617
304939,normal,2724,0,1782362195.3126087,0.0020380020141601562
304940,normal,1840,0,1782362195.3145542,0.00194549560546875
304941,normal,217,0,1782362195.3164191,0.0018649101257324219
304942,normal,3491,0,1782362195.3187592,0.002340078353881836
304943,normal,1941,0,1782362195.3204117,0.0016524791717529297
304944,normal,1034,0,1782362195.322569,0.0021572113037109375
304945,normal,894,2,1782362195.3246095,0.0020406246185302734
304946,normal,1365,1,1782362195.3265533,0.001943826675415039
304947,normal,1771,0,1782362195.3284113,0.0018579959869384766
304948,normal,1487,0,1782362195.3307576,0.0023462772369384766
304949,normal,3326,1,1782362195.3325582,0.001800537109375
304950,normal,2903,0,1782362195.3344262,0.0018680095672607422
304951,normal,2721,0,1782362195.3367429,0.002316713333129883
304952,normal,2819,0,1782362195.3384087,0.0016658306121826172
304953,normal,2911,0,1782362195.3405566,0.0021479129791259766
304954,normal,1199,0,1782362195.3427808,0.0022242069244384766
304955,normal,3485,0,1782362195.344548,0.0017671585083007812
304956,normal,3015,0,1782362195.346521,0.0019729137420654297
304957,normal,1932,0,1782362195.3487186,0.002197742462158203
304958,normal,1505,0,1782362195.3504488,0.001730203628540039
304959,normal,3039,0,1782362195.3524404,0.0019915103912353516
304960,normal,3268,1,1782362195.354623,0.0021827220916748047
304961,normal,2771,0,1782362195.356407,0.0017838478088378906
304962,normal,3290,1,1782362195.3586571,0.002250194549560547
304963,normal,2469,0,1782362195.3604882,0.0018310546875
304964,normal,2940,0,1782362195.3625517,0.0020635128021240234
304965,normal,1331,1,1782362195.3644445,0.0018928050994873047
304966,normal,3128,1,1782362195.3667564,0.0023119449615478516
304967,normal,968,2,1782362195.3684132,0.0016567707061767578
304968,normal,776,2,1782362195.3705783,0.002165079116821289
304969,normal,783,2,1782362195.3726192,0.002040863037109375
304970,normal,1389,0,1782362195.3745549,0.001935720443725586
304971,normal,1688,0,1782362195.3764465,0.0018916130065917969
304972,normal,2801,0,1782362195.3787658,0.0023193359375
304973,normal,1721,0,1782362195.380418,0.0016522407531738281
304974,normal,2741,0,1782362195.3825958,0.002177715301513672
304975,normal,465,0,1782362195.38461,0.00201416015625
304976,normal,954,2,1782362195.3865721,0.0019621849060058594
304977,normal,3298,1,1782362195.3884509,0.0018787384033203125
304978,normal,2491,0,1782362195.390758,0.0023071765899658203
304979,normal,3690,0,1782362195.392419,0.001661062240600586
304980,normal,2912,0,1782362195.3945758,0.0021567344665527344
304981,normal,1896,0,1782362195.3966093,0.0020334720611572266
304982,normal,3548,0,1782362195.3985574,0.0019481182098388672
304983,normal,3400,1,1782362195.400456,0.0018985271453857422
304984,normal,696,0,1782362195.402758,0.002301931381225586
304985,normal,298,0,1782362195.4044151,0.001657247543334961
304986,normal,1698,0,1782362195.4065764,0.002161264419555664
304987,normal,826,2,1782362195.408606,0.0020296573638916016
304988,normal,726,0,1782362195.4105537,0.001947641372680664
304989,normal,186,0,1782362195.4124625,0.0019087791442871094
304990,normal,1591,0,1782362195.4147632,0.002300739288330078
304991,normal,1201,0,1782362195.4164135,0.0016503334045410156
304992,normal,2717,0,1782362195.4185824,0.002168893814086914
304993,normal,2560,0,1782362195.4206083,0.0020258426666259766
304994,normal,2530,0,1782362195.4225564,0.0019481182098388672
304995,normal,1990,0,1782362195.4244652,0.0019087791442871094
304996,normal,3683,0,1782362195.4267612,0.002295970916748047
304997,normal,3243,1,1782362195.4284165,0.0016553401947021484
304998,normal,151,0,1782362195.4305875,0.002171039581298828
304999,normal,2562,0,1782362195.432614,0.0020265579223632812
305000,normal,2921,0,1782362195.4344163,0.001802206039428711
305001,normal,1275,0,1782362195.436589,0.002172708511352539
305002,normal,3614,0,1782362195.4386098,0.0020208358764648438
305003,normal,1559,0,1782362195.4405568,0.0019469261169433594
305004,normal,671,0,1782362195.4424722,0.0019154548645019531
305005,normal,1447,0,1782362195.4447694,0.0022971630096435547
305006,normal,1099,0,1782362195.4464188,0.0016493797302246094
305007,normal,411,0,1782362195.4485967,0.0021779537200927734
305008,normal,1110,0,1782362195.4505997,0.0020029544830322266
305009,normal,2906,0,1782362195.4525568,0.0019571781158447266
305010,normal,280,0,1782362195.4544783,0.0019214153289794922
305011,normal,514,0,1782362195.456757,0.0022788047790527344
305012,normal,2784,0,1782362195.4584134,0.0016562938690185547
305013,normal,3413,0,1782362195.4605992,0.002185821533203125
305014,normal,1291,0,1782362195.4625926,0.001993417739868164
305015,normal,1643,0,1782362195.464567,0.001974344253540039
305016,normal,1959,0,1782362195.4664812,0.0019142627716064453
305017,normal,2973,0,1782362195.4687638,0.0022826194763183594
305018,normal,2166,0,1782362195.470414,0.001650094985961914
305019,normal,2757,0,1782362195.472606,0.0021920204162597656
305020,normal,803,2,1782362195.4746017,0.0019958019256591797
305021,normal,1657,0,1782362195.4765697,0.001967906951904297
305022,normal,2079,0,1782362195.4784296,0.001859903335571289
305023,normal,1851,0,1782362195.4807563,0.0023267269134521484
305024,normal,1268,0,1782362195.4824202,0.0016639232635498047
305025,normal,3431,0,1782362195.484493,0.0020728111267089844
305026,normal,444,0,1782362195.4867566,0.0022635459899902344
305027,normal,3632,0,1782362195.4884186,0.0016620159149169922
305028,normal,2423,0,1782362195.490612,0.002193450927734375
305029,normal,1937,0,1782362195.4926016,0.001989603042602539
305030,normal,1010,2,1782362195.4945533,0.0019516944885253906
305031,normal,2898,0,1782362195.4964957,0.0019423961639404297
305032,normal,1853,0,1782362195.4987907,0.0022950172424316406
305033,normal,1424,0,1782362195.5004187,0.0016279220581054688
305034,normal,1469,0,1782362195.5026293,0.0022106170654296875
305035,normal,2613,0,1782362195.504596,0.001966714859008789
305036,normal,897,2,1782362195.5065513,0.001955270767211914
305037,normal,358,0,1782362195.5085025,0.0019512176513671875
305038,normal,2908,0,1782362195.5107632,0.0022606849670410156
305039,normal,819,2,1782362195.512417,0.001653909683227539
305040,normal,2591,0,1782362195.5146291,0.002212047576904297
305041,normal,1103,0,1782362195.5165913,0.0019621849060058594
305042,normal,143,0,1782362195.5185502,0.0019588470458984375
305043,normal,1910,0,1782362195.5205107,0.0019605159759521484
305044,normal,1939,0,1782362195.522766,0.0022554397583007812
305045,normal,3227,1,1782362195.5244167,0.0016505718231201172
305046,normal,2104,0,1782362195.5266085,0.002191781997680664
305047,normal,2706,0,1782362195.5286002,0.001991748809814453
305048,normal,3072,1,1782362195.5305612,0.0019609928131103516
305049,normal,182,0,1782362195.532504,0.0019428730010986328
305050,normal,1060,0,1782362195.5347607,0.002256631851196289
305051,normal,2213,0,1782362195.5364177,0.0016570091247558594
305052,normal,1610,0,1782362195.5385566,0.002138853073120117
305053,normal,3139,1,1782362195.5406096,0.0020530223846435547
305054,normal,3241,1,1782362195.5424216,0.001811981201171875
305055,normal,1944,0,1782362195.5445774,0.002155780792236328
305056,normal,2776,0,1782362195.5466068,0.0020294189453125
305057,normal,892,2,1782362195.5485566,0.0019497871398925781
305058,normal,1665,0,1782362195.5504305,0.0018739700317382812
305059,normal,707,0,1782362195.5527532,0.002322673797607422
305060,normal,3556,0,1782362195.554417,0.0016636848449707031
305061,normal,3646,0,1782362195.5565796,0.0021626949310302734
305062,normal,3551,0,1782362195.5585968,0.0020172595977783203
305063,normal,3245,1,1782362195.560606,0.002009153366088867
305064,normal,44,0,1782362195.5624442,0.0018382072448730469
305065,normal,169,0,1782362195.5647545,0.0023102760314941406
305066,normal,1727,0,1782362195.5664208,0.0016663074493408203
305067,normal,509,0,1782362195.5685816,0.002160787582397461
305068,normal,3195,1,1782362195.5705938,0.0020122528076171875
305069,normal,1471,0,1782362195.5725534,0.001959562301635742
305070,normal,262,0,1782362195.574431,0.0018775463104248047
305071,normal,1833,0,1782362195.5767546,0.002323627471923828
305072,normal,2759,0,1782362195.5784218,0.0016672611236572266
305073,normal,2115,0,1782362195.5805645,0.002142667770385742
305074,normal,2445,0,1782362195.5826106,0.0020461082458496094
305075,normal,3517,0,1782362195.5845513,0.0019407272338867188
305076,normal,2970,0,1782362195.5864367,0.0018854141235351562
305077,normal,886,2,1782362195.5887575,0.0023207664489746094
305078,normal,1450,0,1782362195.5904148,0.001657247543334961
305079,normal,3258,1,1782362195.5925508,0.0021359920501708984
305080,normal,1567,0,1782362195.5946088,0.0020580291748046875
305081,normal,110,0,1782362195.5965528,0.0019440650939941406
305082,normal,1345,1,1782362195.5984426,0.0018897056579589844
305083,normal,2566,0,1782362195.6007245,0.0022819042205810547
305084,normal,1995,0,1782362195.6024148,0.0016903877258300781
305085,normal,3504,0,1782362195.604565,0.0021500587463378906
305086,normal,1966,0,1782362195.6065986,0.002033710479736328
305087,normal,362,0,1782362195.6085534,0.001954793930053711
305088,normal,274,0,1782362195.610446,0.0018925666809082031
305089,normal,2436,0,1782362195.6127517,0.002305746078491211
305090,normal,963,2,1782362195.6144137,0.0016620159149169922
305091,normal,2900,0,1782362195.6165707,0.002156972885131836
305092,normal,2800,0,1782362195.6185935,0.0020227432250976562
305093,normal,2385,0,1782362195.6205602,0.001966714859008789
305094,normal,2288,0,1782362195.6224465,0.0018863677978515625
305095,normal,2322,0,1782362195.624758,0.0023114681243896484
305096,normal,1674,0,1782362195.6264133,0.0016553401947021484
305097,normal,561,0,1782362195.6285744,0.0021610260009765625
305098,normal,1599,0,1782362195.630605,0.002030611038208008
305099,normal,1254,0,1782362195.632552,0.0019469261169433594
305100,normal,2780,0,1782362195.634461,0.001909017562866211
305101,normal,437,0,1782362195.6367552,0.002294301986694336
305102,normal,903,2,1782362195.638418,0.0016627311706542969
305103,normal,1744,0,1782362195.64058,0.0021619796752929688
305104,normal,784,2,1782362195.6426017,0.00202178955078125
305105,normal,3424,0,1782362195.6445491,0.0019474029541015625
305106,normal,3203,1,1782362195.6464572,0.0019080638885498047
305107,normal,1156,0,1782362195.6487534,0.0022962093353271484
305108,normal,3477,0,1782362195.6504123,0.0016589164733886719
305109,normal,3613,0,1782362195.6525812,0.002168893814086914
305110,normal,3287,1,1782362195.6545894,0.002008199691772461
305111,normal,3097,1,1782362195.6565769,0.001987457275390625
305112,normal,374,0,1782362195.6586096,0.002032756805419922
305113,normal,1386,0,1782362195.6605866,0.0019769668579101562
305114,normal,677,0,1782362195.6625514,0.0019648075103759766
305115,normal,2725,0,1782362195.6644638,0.0019123554229736328
305116,normal,397,0,1782362195.6667542,0.002290487289428711
305117,normal,3640,0,1782362195.6684124,0.0016582012176513672
305118,normal,133,0,1782362195.6705854,0.0021729469299316406
305119,normal,2218,0,1782362195.67259,0.0020046234130859375
305120,normal,3381,1,1782362195.674548,0.0019578933715820312
305121,normal,1476,0,1782362195.67647,0.0019221305847167969
305122,normal,2775,0,1782362195.6787615,0.002291440963745117
305123,normal,3704,0,1782362195.6804125,0.0016510486602783203
305124,normal,1967,0,1782362195.682593,0.0021805763244628906
305125,normal,3628,0,1782362195.6845891,0.0019960403442382812
305126,normal,3281,1,1782362195.6865606,0.0019714832305908203
305127,normal,1214,0,1782362195.6884763,0.0019156932830810547
305128,normal,2486,0,1782362195.690885,0.002408742904663086
305129,normal,1354,1,1782362195.6925516,0.0016665458679199219
305130,normal,1350,1,1782362195.6944761,0.0019245147705078125
305131,normal,1308,0,1782362195.696756,0.0022797584533691406
305132,normal,2573,0,1782362195.6984196,0.0016636848449707031
305133,normal,3541,0,1782362195.7005982,0.002178668975830078
305134,normal,854,2,1782362195.7025812,0.0019829273223876953
305135,normal,1936,0,1782362195.7045496,0.0019683837890625
305136,normal,464,0,1782362195.7065597,0.0020101070404052734
305137,normal,3056,1,1782362195.7085755,0.002015829086303711
305138,normal,2319,0,1782362195.7106318,0.0020563602447509766
305139,normal,2861,0,1782362195.7126029,0.001971006393432617
305140,normal,527,0,1782362195.7145755,0.001972675323486328
305141,normal,3492,0,1782362195.7165499,0.001974344253540039
305142,normal,1353,1,1782362195.718488,0.0019381046295166016
305143,normal,1003,2,1782362195.7207537,0.0022656917572021484
305144,normal,3430,0,1782362195.7224133,0.0016596317291259766
305145,normal,367,0,1782362195.7246077,0.0021944046020507812
305146,normal,2220,0,1782362195.7265716,0.0019638538360595703
305147,normal,2513,0,1782362195.7285523,0.0019807815551757812
305148,normal,2641,0,1782362195.7304926,0.0019402503967285156
305149,normal,1423,0,1782362195.7327518,0.0022592544555664062
305150,normal,115,0,1782362195.7344124,0.0016605854034423828
305151,normal,3084,1,1782362195.7366238,0.002211332321166992
305152,normal,2951,0,1782362195.7385833,0.001959562301635742
305153,normal,1539,0,1782362195.7405527,0.0019693374633789062
305154,normal,1114,0,1782362195.7424965,0.001943826675415039
305155,normal,2797,0,1782362195.744755,0.0022585391998291016
305156,normal,36,0,1782362195.746413,0.0016579627990722656
305157,normal,3607,0,1782362195.748622,0.0022089481353759766
305158,normal,1784,0,1782362195.7505853,0.001963376998901367
305159,normal,1219,0,1782362195.7525492,0.0019638538360595703
305160,normal,3673,0,1782362195.7544122,0.0018630027770996094
305161,normal,2916,0,1782362195.756754,0.002341747283935547
305162,normal,2050,0,1782362195.758413,0.0016591548919677734
305163,normal,2183,0,1782362195.7606397,0.002226591110229492
305164,normal,1181,0,1782362195.7625804,0.0019407272338867188
305165,normal,1664,0,1782362195.7645514,0.001971006393432617
305166,normal,2918,0,1782362195.7665052,0.0019538402557373047
305167,normal,3106,1,1782362195.768754,0.0022487640380859375
305168,normal,2155,0,1782362195.7704246,0.0016705989837646484
305169,normal,2171,0,1782362195.7725823,0.0021576881408691406
305170,normal,3425,0,1782362195.7745888,0.00200653076171875
305171,normal,250,0,1782362195.7765603,0.0019714832305908203
305172,normal,2982,0,1782362195.778417,0.0018568038940429688
305173,normal,171,0,1782362195.7807498,0.0023326873779296875
305174,normal,251,0,1782362195.7824132,0.0016634464263916016
305175,normal,2251,0,1782362195.784546,0.0021326541900634766
305176,normal,3530,0,1782362195.7865727,0.002026796340942383
305177,normal,393,0,1782362195.788554,0.0019812583923339844
305178,normal,3370,1,1782362195.7904224,0.0018684864044189453
305179,normal,2571,0,1782362195.7927637,0.0023412704467773438
305180,normal,2456,0,1782362195.7944143,0.0016505718231201172
305181,normal,1677,0,1782362195.7965488,0.002134561538696289
305182,normal,2244,0,1782362195.7985797,0.0020308494567871094
305183,normal,2460,0,1782362195.8005521,0.0019724369049072266
305184,normal,1035,0,1782362195.8024263,0.0018742084503173828
305185,normal,325,0,1782362195.804753,0.0023267269134521484
305186,normal,3005,0,1782362195.806409,0.0016558170318603516
305187,normal,1256,0,1782362195.8085868,0.0021779537200927734
305188,normal,3580,0,1782362195.8105903,0.0020034313201904297
305189,normal,1593,0,1782362195.812553,0.0019626617431640625
305190,normal,1596,0,1782362195.8145173,0.0019643306732177734
305191,normal,2713,0,1782362195.8167558,0.0022385120391845703
305192,normal,2148,0,1782362195.8184168,0.001661062240600586
305193,normal,1432,0,1782362195.8205616,0.0021448135375976562
305194,normal,1336,1,1782362195.8225832,0.0020215511322021484
305195,normal,2873,0,1782362195.8245163,0.0019330978393554688
305196,normal,196,0,1782362195.8264153,0.0018990039825439453
305197,normal,3019,0,1782362195.8285449,0.0021295547485351562
305198,normal,704,0,1782362195.8308094,0.0022644996643066406
305199,normal,2292,0,1782362195.8324108,0.0016014575958251953
305200,normal,934,2,1782362195.8345268,0.002115964889526367
305201,normal,1105,0,1782362195.8363967,0.0018699169158935547
305202,normal,3503,0,1782362195.8385322,0.0021355152130126953
305203,normal,825,2,1782362195.8404078,0.0018756389617919922
305204,normal,360,0,1782362195.8425596,0.0021517276763916016
305205,normal,3147,1,1782362195.8444457,0.001886129379272461
305206,normal,466,0,1782362195.8465588,0.0021131038665771484
305207,normal,279,0,1782362195.8483493,0.0017905235290527344
305208,normal,921,2,1782362195.8503482,0.0019989013671875
305209,normal,1383,0,1782362195.852406,0.002057790756225586
305210,normal,3246,1,1782362195.8543754,0.0019693374633789062
305211,normal,3380,1,1782362195.856323,0.001947641372680664
305212,normal,1704,0,1782362195.8583775,0.002054452896118164
305213,normal,2473,0,1782362195.8603702,0.0019927024841308594
305214,normal,344,0,1782362195.86233,0.0019598007202148438
305215,normal,2647,0,1782362195.8643785,0.002048492431640625
305216,normal,3514,0,1782362195.866361,0.001982450485229492
305217,normal,620,0,1782362195.868322,0.0019609928131103516
305218,normal,306,0,1782362195.8703847,0.0020627975463867188
305219,normal,2234,0,1782362195.8723607,0.00197601318359375
305220,normal,685,0,1782362195.874322,0.001961231231689453
305221,normal,718,0,1782362195.876377,0.0020551681518554688
305222,normal,595,0,1782362195.878365,0.001987934112548828
305223,normal,616,0,1782362195.8803248,0.0019598007202148438
305224,normal,1585,0,1782362195.882377,0.0020520687103271484
305225,normal,170,0,1782362195.8843586,0.0019817352294921875
305226,normal,3663,0,1782362195.8863227,0.001964092254638672
305227,normal,1566,0,1782362195.8883781,0.0020554065704345703
305228,normal,3454,0,1782362195.89036,0.001981973648071289
305229,normal,3102,1,1782362195.8923314,0.0019712448120117188
305230,normal,289,0,1782362195.8943794,0.002048015594482422
305231,normal,2470,0,1782362195.8963587,0.001979351043701172
305232,normal,3542,0,1782362195.898323,0.0019643306732177734
305233,normal,550,0,1782362195.9003775,0.002054452896118164
305234,normal,3069,1,1782362195.9023657,0.0019881725311279297
305235,normal,2176,0,1782362195.9043214,0.001955747604370117
305236,normal,2656,0,1782362195.9063776,0.002056121826171875
305237,normal,1005,2,1782362195.9083652,0.0019876956939697266
305238,normal,1189,0,1782362195.9103224,0.0019571781158447266
305239,normal,2291,0,1782362195.9123821,0.0020596981048583984
305240,normal,2087,0,1782362195.9143627,0.0019805431365966797
305241,normal,2786,0,1782362195.9163218,0.001959085464477539
305242,normal,1405,0,1782362195.9183772,0.0020554065704345703
305243,normal,441,0,1782362195.920359,0.0019817352294921875
305244,normal,834,2,1782362195.9223266,0.0019676685333251953
305245,normal,317,0,1782362195.9243832,0.002056598663330078
305246,normal,1545,0,1782362195.9263616,0.0019783973693847656
305247,normal,3496,0,1782362195.9283278,0.001966238021850586
305248,normal,3417,0,1782362195.9303813,0.002053499221801758
305249,normal,1168,0,1782362195.9323735,0.0019922256469726562
305250,normal,604,0,1782362195.9343255,0.0019519329071044922
305251,normal,1247,0,1782362195.9363823,0.0020568370819091797
305252,normal,2488,0,1782362195.9383593,0.0019769668579101562
305253,normal,1283,0,1782362195.9403245,0.0019652843475341797
305254,normal,1722,0,1782362195.9423935,0.0020689964294433594
305255,normal,969,2,1782362195.944357,0.001963376998901367
305256,normal,798,2,1782362195.946326,0.0019690990447998047
305257,normal,3638,0,1782362195.9486227,0.0022966861724853516
305258,normal,1215,0,1782362195.9503703,0.0017476081848144531
305259,normal,3537,0,1782362195.9524298,0.002059459686279297
305260,normal,1416,0,1782362195.9545386,0.0021088123321533203
305261,normal,351,0,1782362195.9563732,0.0018346309661865234
305262,normal,3023,0,1782362195.9584394,0.0020661354064941406
305263,normal,3641,0,1782362195.960532,0.002092599868774414
305264,normal,1452,0,1782362195.9623735,0.0018415451049804688
305265,normal,3577,0,1782362195.9644332,0.0020596981048583984
305266,normal,84,0,1782362195.9665408,0.0021076202392578125
305267,normal,3153,1,1782362195.9683745,0.0018336772918701172
305268,normal,2991,0,1782362195.970445,0.0020704269409179688
305269,normal,2044,0,1782362195.9725256,0.002080678939819336
305270,normal,525,0,1782362195.9743752,0.0018496513366699219
305271,normal,2899,0,1782362195.9764383,0.0020630359649658203
305272,normal,1251,0,1782362195.978557,0.002118825912475586
305273,normal,252,0,1782362195.9805129,0.001955747604370117
305274,normal,928,2,1782362195.9824471,0.0019342899322509766
305275,normal,3016,0,1782362195.9845486,0.002101421356201172
305276,normal,3030,0,1782362195.9863703,0.001821756362915039
305277,normal,2466,0,1782362195.9884512,0.0020809173583984375
305278,normal,3282,1,1782362195.990544,0.0020928382873535156
305279,normal,1893,0,1782362195.9923527,0.0018086433410644531
305280,normal,548,0,1782362195.9944398,0.002087116241455078
305281,normal,433,0,1782362195.996459,0.002019166946411133
305282,normal,1132,0,1782362195.9983263,0.0018672943115234375
305283,normal,2424,0,1782362196.0003214,0.001995086669921875
305284,normal,2602,0,1782362196.0023856,0.002064228057861328
305285,normal,2133,0,1782362196.0043535,0.001967906951904297
305286,normal,2082,0,1782362196.006323,0.001969575881958008
305287,normal,2588,0,1782362196.0083947,0.0020716190338134766
305288,normal,2508,0,1782362196.0103683,0.0019736289978027344
305289,normal,3466,0,1782362196.012346,0.001977682113647461
305290,normal,238,0,1782362196.0143788,0.002032756805419922
305291,normal,349,0,1782362196.016375,0.001996278762817383
305292,normal,2939,0,1782362196.018324,0.0019488334655761719
305293,normal,2278,0,1782362196.0204058,0.0020818710327148438
305294,normal,2487,0,1782362196.0223775,0.001971721649169922
305295,normal,2539,0,1782362196.0243287,0.0019512176513671875
305296,normal,1836,0,1782362196.0264025,0.0020737648010253906
305297,normal,2866,0,1782362196.0283763,0.001973867416381836
305298,normal,2499,0,1782362196.0303266,0.0019502639770507812
305299,normal,2616,0,1782362196.032405,0.0020782947540283203
305300,normal,1397,0,1782362196.0343766,0.001971721649169922
305301,normal,178,0,1782362196.0363238,0.001947164535522461
305302,normal,687,0,1782362196.0383933,0.0020694732666015625
305303,normal,1660,0,1782362196.0403755,0.0019822120666503906
305304,normal,3472,0,1782362196.042325,0.0019495487213134766
305305,normal,2303,0,1782362196.044401,0.0020759105682373047
305306,normal,644,0,1782362196.0463855,0.0019845962524414062
305307,normal,2690,0,1782362196.0483298,0.0019443035125732422
305308,normal,831,2,1782362196.0504029,0.002073049545288086
305309,normal,884,2,1782362196.052515,0.002112150192260742
305310,normal,608,0,1782362196.05447,0.0019550323486328125
305311,normal,1443,0,1782362196.0573742,0.002904176712036133
305312,normal,9,0,1782362196.0584397,0.0010654926300048828
305313,normal,1978,0,1782362196.0605094,0.002069711685180664
305314,normal,1573,0,1782362196.0623577,0.0018482208251953125
305315,normal,3166,1,1782362196.0642877,0.0019299983978271484
305316,normal,3043,0,1782362196.0663803,0.002092599868774414
305317,normal,1435,0,1782362196.0683856,0.002005338668823242
305318,normal,3479,0,1782362196.0704083,0.0020227432250976562
305319,normal,3319,1,1782362196.072404,0.001995563507080078
305320,normal,1078,0,1782362196.074386,0.001981973648071289
305321,normal,2507,0,1782362196.0763888,0.0020029544830322266
305322,normal,241,0,1782362196.07844,0.002051115036010742
305323,normal,401,0,1782362196.080533,0.002093076705932617
305324,normal,2192,0,1782362196.0825198,0.0019867420196533203
305325,normal,2904,0,1782362196.0843723,0.0018525123596191406
305326,normal,3233,1,1782362196.0863864,0.00201416015625
305327,normal,2126,0,1782362196.0884075,0.0020210742950439453
305328,normal,2595,0,1782362196.0903983,0.001990795135498047
305329,normal,1692,0,1782362196.0923805,0.0019822120666503906
305330,normal,1374,1,1782362196.094513,0.002132415771484375
305331,normal,1969,0,1782362196.0964231,0.0019102096557617188
305332,normal,215,0,1782362196.09853,0.002106904983520508
305333,normal,1742,0,1782362196.100524,0.001993894577026367
305334,normal,2285,0,1782362196.1025324,0.0020084381103515625
305335,normal,2795,0,1782362196.1044402,0.0019078254699707031
305336,normal,3524,0,1782362196.1063628,0.001922607421875
305337,normal,1241,0,1782362196.108483,0.0021202564239501953
305338,normal,2482,0,1782362196.110425,0.0019419193267822266
305339,normal,636,0,1782362196.112447,0.0020220279693603516
305340,normal,149,0,1782362196.1153045,0.0028574466705322266
305341,normal,2100,0,1782362196.1166022,0.0012977123260498047
305342,normal,3498,0,1782362196.1186821,0.0020799636840820312
305343,normal,216,0,1782362196.1204689,0.0017867088317871094
305344,normal,335,0,1782362196.1225717,0.0021028518676757812
305345,normal,1417,0,1782362196.1244845,0.001912832260131836
305346,normal,629,0,1782362196.127127,0.002642393112182617
305347,normal,430,0,1782362196.1283412,0.0012142658233642578
305348,normal,2682,0,1782362196.1304862,0.002145051956176758
305349,normal,400,0,1782362196.1324623,0.00197601318359375
305350,normal,2357,0,1782362196.134461,0.0019986629486083984
305351,normal,2395,0,1782362196.1364608,0.0019998550415039062
305352,normal,1164,0,1782362196.1384652,0.002004384994506836
305353,normal,1143,0,1782362196.1405594,0.002094268798828125
305354,normal,3154,1,1782362196.1424592,0.00189971923828125
305355,normal,2383,0,1782362196.1444554,0.001996278762817383
305356,normal,1521,0,1782362196.1464615,0.002006053924560547
305357,normal,2556,0,1782362196.148456,0.001994609832763672
305358,normal,2623,0,1782362196.150457,0.0020008087158203125
305359,normal,1368,1,1782362196.1523852,0.0019283294677734375
305360,normal,2750,0,1782362196.1543977,0.002012491226196289
305361,normal,1854,0,1782362196.156524,0.0021262168884277344
305362,normal,3140,1,1782362196.1585064,0.001982450485229492
305363,normal,3601,0,1782362196.1603663,0.001859903335571289
305364,normal,1537,0,1782362196.162473,0.0021066665649414062
305365,normal,2722,0,1782362196.1644588,0.001985788345336914
305366,normal,3279,1,1782362196.1663835,0.001924753189086914
305367,normal,796,2,1782362196.1684287,0.002045154571533203
305368,normal,2809,0,1782362196.1703854,0.0019567012786865234
305369,normal,309,0,1782362196.172487,0.0021016597747802734
305370,normal,1963,0,1782362196.1744459,0.0019588470458984375
305371,normal,2416,0,1782362196.1765006,0.0020546913146972656
305372,normal,2587,0,1782362196.1783566,0.001856088638305664
305373,normal,2630,0,1782362196.180438,0.0020813941955566406
305374,normal,1108,0,1782362196.1824484,0.002010345458984375
305375,normal,966,2,1782362196.1845562,0.002107858657836914
305376,normal,2622,0,1782362196.1864543,0.001898050308227539
305377,normal,454,0,1782362196.1885529,0.002098560333251953
305378,normal,774,2,1782362196.190312,0.0017590522766113281
305379,normal,3086,1,1782362196.1925466,0.0022346973419189453
305380,normal,1485,0,1782362196.1945245,0.0019779205322265625
305381,normal,2346,0,1782362196.196627,0.002102375030517578
305382,normal,3049,1,1782362196.1984258,0.001798868179321289
305383,normal,1322,1,1782362196.2005134,0.0020875930786132812
305384,normal,806,2,1782362196.202425,0.0019116401672363281
305385,normal,745,0,1782362196.2045412,0.0021162033081054688
305386,normal,431,0,1782362196.2067702,0.002228975296020508
305387,normal,2736,0,1782362196.2084804,0.0017101764678955078
305388,normal,2949,0,1782362196.210618,0.0021376609802246094
305389,normal,2935,0,1782362196.2124321,0.001814126968383789
305390,normal,771,0,1782362196.2144043,0.001972198486328125
305391,normal,2365,0,1782362196.2164347,0.0020303726196289062
305392,normal,2137,0,1782362196.2184432,0.0020084381103515625
305393,normal,2199,0,1782362196.2206018,0.002158641815185547
305394,normal,1455,0,1782362196.2223353,0.001733541488647461
305395,normal,1030,0,1782362196.2244177,0.002082347869873047
305396,normal,2105,0,1782362196.2265491,0.0021314620971679688
305397,normal,2849,0,1782362196.2283897,0.0018405914306640625
305398,normal,1501,0,1782362196.2304475,0.002057790756225586
305399,normal,1907,0,1782362196.2326224,0.002174854278564453
305400,normal,3481,0,1782362196.2345438,0.0019214153289794922
305401,normal,767,0,1782362196.2364514,0.0019075870513916016
305402,normal,1515,0,1782362196.2385035,0.0020520687103271484
305403,normal,850,2,1782362196.240505,0.002001523971557617
305404,normal,824,2,1782362196.2424378,0.0019328594207763672
305405,normal,484,0,1782362196.2446265,0.0021886825561523438
305406,normal,3378,1,1782362196.246475,0.001848459243774414
305407,normal,3559,0,1782362196.2484531,0.001978158950805664
305408,normal,2825,0,1782362196.250579,0.002125978469848633
305409,normal,1261,0,1782362196.2524164,0.0018372535705566406
305410,normal,2295,0,1782362196.2544377,0.002021312713623047
305411,normal,1961,0,1782362196.2563276,0.001889944076538086
305412,normal,1284,0,1782362196.2583508,0.0020232200622558594
305413,normal,88,0,1782362196.2603967,0.002045869827270508
305414,normal,1408,0,1782362196.2623599,0.0019631385803222656
305415,normal,3694,0,1782362196.2643518,0.0019919872283935547
305416,normal,3266,1,1782362196.266458,0.002106189727783203
305417,normal,1153,0,1782362196.268349,0.0018908977508544922
305418,normal,2270,0,1782362196.2704477,0.0020987987518310547
305419,normal,2596,0,1782362196.2724733,0.002025604248046875
305420,normal,408,0,1782362196.2744205,0.001947164535522461
305421,normal,1584,0,1782362196.2763832,0.0019626617431640625
305422,normal,1778,0,1782362196.2784023,0.002019166946411133
305423,normal,2778,0,1782362196.2803557,0.0019533634185791016
305424,normal,1814,0,1782362196.2824113,0.002055644989013672
305425,normal,1130,0,1782362196.2844322,0.0020208358764648438
305426,normal,1057,0,1782362196.2863483,0.0019161701202392578
305427,normal,1180,0,1782362196.2883627,0.0020143985748291016
305428,normal,2197,0,1782362196.290387,0.0020241737365722656
305429,normal,2389,0,1782362196.2923405,0.001953601837158203
305430,normal,121,0,1782362196.2943976,0.0020570755004882812
305431,normal,520,0,1782362196.2963505,0.0019528865814208984
305432,normal,3261,1,1782362196.2983818,0.0020313262939453125
305433,normal,960,2,1782362196.3004043,0.0020225048065185547
305434,normal,1301,0,1782362196.302355,0.0019507408142089844
305435,normal,3186,1,1782362196.304335,0.0019800662994384766
305436,normal,1315,0,1782362196.3063347,0.0019996166229248047
305437,normal,27,0,1782362196.308374,0.002039194107055664
305438,normal,2259,0,1782362196.310317,0.0019431114196777344
305439,normal,1303,0,1782362196.3124037,0.002086639404296875
305440,normal,1614,0,1782362196.3144112,0.0020074844360351562
305441,normal,1607,0,1782362196.316382,0.0019707679748535156
305442,normal,2101,0,1782362196.3183384,0.001956462860107422
305443,normal,1387,0,1782362196.3203502,0.0020117759704589844
305444,normal,2328,0,1782362196.3223739,0.0020236968994140625
305445,normal,3089,1,1782362196.324329,0.0019550323486328125
305446,normal,1924,0,1782362196.3263369,0.0020079612731933594
305447,normal,1495,0,1782362196.328332,0.001995086669921875
305448,normal,3093,1,1782362196.3303397,0.002007722854614258
305449,normal,2975,0,1782362196.3323855,0.002045869827270508
305450,normal,328,0,1782362196.3343527,0.001967191696166992
305451,normal,18,0,1782362196.336378,0.0020253658294677734
305452,normal,3340,1,1782362196.3383977,0.002019643783569336
305453,normal,359,0,1782362196.34036,0.0019621849060058594
305454,normal,235,0,1782362196.342384,0.0020241737365722656
305455,normal,2339,0,1782362196.3444011,0.0020170211791992188
305456,normal,1329,1,1782362196.3463635,0.001962423324584961
305457,normal,2123,0,1782362196.3482969,0.0019333362579345703
305458,normal,1158,0,1782362196.350419,0.002122163772583008
305459,normal,3207,1,1782362196.3523672,0.0019481182098388672
305460,normal,1019,2,1782362196.3545218,0.0021545886993408203
305461,normal,1431,0,1782362196.3563726,0.0018508434295654297
305462,normal,663,0,1782362196.3584166,0.0020439624786376953
305463,normal,1971,0,1782362196.3603337,0.001917123794555664
305464,normal,69,0,1782362196.36242,0.0020864009857177734
305465,normal,1475,0,1782362196.3645759,0.002155780792236328
305466,normal,1659,0,1782362196.366465,0.0018892288208007812
305467,normal,2388,0,1782362196.368623,0.002157926559448242
305468,normal,1646,0,1782362196.370389,0.0017659664154052734
305469,normal,1484,0,1782362196.3724399,0.0020508766174316406
305470,normal,3461,0,1782362196.3743923,0.0019524097442626953
305471,normal,1513,0,1782362196.3764641,0.002071857452392578
305472,normal,554,0,1782362196.3785393,0.0020751953125
305473,normal,3231,1,1782362196.380495,0.001955747604370117
305474,normal,2332,0,1782362196.382325,0.0018298625946044922
305475,normal,2689,0,1782362196.3844774,0.0021524429321289062
305476,normal,3507,0,1782362196.3864524,0.0019750595092773438
305477,normal,1788,0,1782362196.388334,0.0018815994262695312
305478,normal,1845,0,1782362196.3907492,0.002415180206298828
305479,normal,1702,0,1782362196.3927512,0.0020020008087158203
305480,normal,1628,0,1782362196.3944147,0.0016634464263916016
305481,normal,1588,0,1782362196.3965578,0.0021431446075439453
305482,normal,1027,2,1782362196.3985765,0.0020186901092529297
305483,normal,1029,2,1782362196.400446,0.0018694400787353516
305484,normal,3168,1,1782362196.4024947,0.0020487308502197266
305485,normal,2768,0,1782362196.4048002,0.0023055076599121094
305486,normal,2392,0,1782362196.4065254,0.0017251968383789062
305487,normal,2854,0,1782362196.408353,0.0018277168273925781
305488,normal,2857,0,1782362196.4106545,0.002301454544067383
305489,normal,1711,0,1782362196.4124858,0.0018312931060791016
305490,normal,3446,0,1782362196.4144044,0.0019185543060302734
305491,normal,1686,0,1782362196.4164128,0.0020084381103515625
305492,normal,2648,0,1782362196.4184904,0.0020775794982910156
305493,normal,2496,0,1782362196.4203699,0.0018794536590576172
305494,normal,1868,0,1782362196.4224963,0.002126455307006836
305495,normal,1231,0,1782362196.4244432,0.0019469261169433594
305496,normal,2631,0,1782362196.4265513,0.0021080970764160156
305497,normal,318,0,1782362196.4289472,0.0023958683013916016
305498,normal,3085,1,1782362196.4314594,0.002512216567993164
305499,normal,14,0,1782362196.432316,0.0008566379547119141
305500,normal,3247,1,1782362196.43452,0.0022039413452148438
305501,normal,2053,0,1782362196.4363403,0.0018203258514404297
305502,normal,996,2,1782362196.4384859,0.002145528793334961
305503,normal,327,0,1782362196.4404576,0.001971721649169922
305504,normal,3355,1,1782362196.4423501,0.0018925666809082031
305505,normal,1097,0,1782362196.4444892,0.0021390914916992188
305506,normal,2301,0,1782362196.4465356,0.002046346664428711
305507,normal,643,0,1782362196.44833,0.0017943382263183594
305508,normal,1725,0,1782362196.4504447,0.0021147727966308594
305509,normal,1684,0,1782362196.4523656,0.001920938491821289
305510,normal,2060,0,1782362196.4544277,0.002062082290649414
305511,normal,479,0,1782362196.4563417,0.0019140243530273438
305512,normal,472,0,1782362196.4584858,0.0021440982818603516
305513,normal,2695,0,1782362196.460395,0.0019092559814453125
305514,normal,653,0,1782362196.4625237,0.00212860107421875
305515,normal,2749,0,1782362196.4645205,0.001996755599975586
305516,normal,79,0,1782362196.466366,0.0018455982208251953
305517,normal,321,0,1782362196.4684825,0.0021164417266845703
305518,normal,2401,0,1782362196.470398,0.0019154548645019531
305519,normal,1479,0,1782362196.4724832,0.0020852088928222656
305520,normal,2405,0,1782362196.4743347,0.0018515586853027344
305521,normal,779,2,1782362196.4764552,0.002120494842529297
305522,normal,3194,1,1782362196.4783537,0.0018985271453857422
305523,normal,690,0,1782362196.4807012,0.0023474693298339844
305524,normal,451,0,1782362196.4824834,0.0017821788787841797
305525,normal,3151,1,1782362196.4843981,0.0019147396087646484
305526,normal,2699,0,1782362196.4865966,0.002198457717895508
305527,normal,1118,0,1782362196.488617,0.0020203590393066406
305528,normal,3583,0,1782362196.4904087,0.0017917156219482422
305529,normal,2702,0,1782362196.492591,0.0021822452545166016
305530,normal,586,0,1782362196.4946141,0.0020232200622558594
305531,normal,370,0,1782362196.496312,0.0016977787017822266
305532,normal,1899,0,1782362196.4984298,0.0021178722381591797
305533,normal,3625,0,1782362196.5003853,0.0019555091857910156
305534,normal,2554,0,1782362196.5024478,0.002062559127807617
305535,normal,698,0,1782362196.504484,0.0020360946655273438
305536,normal,1508,0,1782362196.5063708,0.0018868446350097656
305537,normal,3369,1,1782362196.5084252,0.002054452896118164
305538,normal,1154,0,1782362196.5103242,0.0018990039825439453
305539,normal,3297,1,1782362196.512567,0.0022428035736083984
305540,normal,3087,1,1782362196.5149825,0.0024154186248779297
305541,normal,3645,0,1782362196.5164645,0.0014820098876953125
305542,normal,631,0,1782362196.5183744,0.0019099712371826172
305543,normal,2781,0,1782362196.5204375,0.0020630359649658203
305544,normal,379,0,1782362196.5223548,0.0019173622131347656
305545,normal,2069,0,1782362196.5244646,0.0021097660064697266
305546,normal,3346,1,1782362196.526471,0.0020062923431396484
305547,normal,462,0,1782362196.528341,0.0018701553344726562
305548,normal,1445,0,1782362196.5304291,0.0020880699157714844
305549,normal,482,0,1782362196.5323808,0.0019516944885253906
305550,normal,2312,0,1782362196.5344696,0.002088785171508789
305551,normal,3490,0,1782362196.536451,0.001981496810913086
305552,normal,1067,0,1782362196.5384307,0.0019795894622802734
305553,normal,1500,0,1782362196.5403616,0.0019309520721435547
305554,normal,2671,0,1782362196.5424638,0.0021021366119384766
305555,normal,2153,0,1782362196.5445983,0.002134561538696289
305556,normal,2679,0,1782362196.5469944,0.002396106719970703
305557,normal,2162,0,1782362196.5484884,0.0014939308166503906
305558,normal,2338,0,1782362196.550452,0.0019636154174804688
305559,normal,1563,0,1782362196.5524442,0.0019922256469726562
305560,normal,958,2,1782362196.5545447,0.0021004676818847656
305561,normal,3323,1,1782362196.5564368,0.00189208984375
305562,normal,3532,0,1782362196.5587068,0.0022699832916259766
305563,normal,112,0,1782362196.560443,0.0017361640930175781
305564,normal,1781,0,1782362196.5625558,0.002112865447998047
305565,normal,2191,0,1782362196.564527,0.0019712448120117188
305566,normal,1510,0,1782362196.5663953,0.0018682479858398438
305567,normal,3204,1,1782362196.5683336,0.0019383430480957031
305568,normal,2642,0,1782362196.5704248,0.0020911693572998047
305569,normal,3677,0,1782362196.5725093,0.002084493637084961
305570,normal,1289,0,1782362196.5743878,0.001878499984741211
305571,normal,1509,0,1782362196.5765114,0.002123594284057617
305572,normal,1478,0,1782362196.578462,0.0019505023956298828
305573,normal,204,0,1782362196.58084,0.002378225326538086
305574,normal,3657,0,1782362196.582406,0.0015659332275390625
305575,normal,1550,0,1782362196.584469,0.0020630359649658203
305576,normal,3124,1,1782362196.5863943,0.0019252300262451172
305577,normal,2238,0,1782362196.5883806,0.001986265182495117
305578,normal,45,0,1782362196.590486,0.0021054744720458984
305579,normal,1390,0,1782362196.5923784,0.0018923282623291016
305580,normal,715,0,1782362196.594394,0.0020155906677246094
305581,normal,1152,0,1782362196.5965555,0.0021615028381347656
305582,normal,1335,1,1782362196.5983267,0.0017712116241455078
305583,normal,1689,0,1782362196.600346,0.0020194053649902344
305584,normal,1615,0,1782362196.6024501,0.002104043960571289
305585,normal,2225,0,1782362196.6043513,0.0019011497497558594
305586,normal,2409,0,1782362196.606347,0.0019958019256591797
305587,normal,179,0,1782362196.608491,0.00214385986328125
305588,normal,870,2,1782362196.6104195,0.001928567886352539
305589,normal,2812,0,1782362196.6124399,0.0020203590393066406
305590,normal,1026,2,1782362196.6145277,0.002087831497192383
305591,normal,725,0,1782362196.616349,0.001821279525756836
305592,normal,3115,1,1782362196.6183794,0.0020303726196289062
305593,normal,1430,0,1782362196.6204977,0.002118349075317383
305594,normal,2063,0,1782362196.622316,0.0018181800842285156
305595,normal,959,2,1782362196.6243353,0.0020194053649902344
305596,normal,3564,0,1782362196.6264417,0.0021064281463623047
305597,normal,1655,0,1782362196.6285815,0.0021398067474365234
305598,normal,2997,0,1782362196.6303704,0.0017888545989990234
305599,normal,1735,0,1782362196.632537,0.0021665096282958984
305600,normal,1837,0,1782362196.6344585,0.0019216537475585938
305601,normal,3696,0,1782362196.6365075,0.002048969268798828
305602,normal,1906,0,1782362196.6384492,0.001941680908203125
305603,normal,2986,0,1782362196.6404955,0.002046346664428711
305604,normal,209,0,1782362196.6424942,0.0019986629486083984
305605,normal,1294,0,1782362196.644395,0.0019009113311767578
305606,normal,3636,0,1782362196.6463273,0.0019321441650390625
305607,normal,3311,1,1782362196.6483235,0.001996278762817383
305608,normal,588,0,1782362196.6505768,0.002253293991088867
305609,normal,1414,0,1782362196.652318,0.001741170883178711
305610,normal,224,0,1782362196.6543186,0.002000570297241211
305611,normal,967,2,1782362196.6564684,0.002149820327758789
305612,normal,759,0,1782362196.6583033,0.001834869384765625
305613,normal,1120,0,1782362196.6609461,0.0026428699493408203
305614,normal,2479,0,1782362196.6625752,0.0016291141510009766
305615,normal,123,0,1782362196.6643467,0.0017714500427246094
305616,normal,3126,1,1782362196.6664352,0.0020885467529296875
305617,normal,3691,0,1782362196.6683865,0.0019512176513671875
305618,normal,2426,0,1782362196.670459,0.002072572708129883
305619,normal,230,0,1782362196.672498,0.0020389556884765625
305620,normal,310,0,1782362196.6744006,0.0019025802612304688
305621,normal,2187,0,1782362196.6763232,0.001922607421875
305622,normal,1228,0,1782362196.6784391,0.002115964889526367
305623,normal,2444,0,1782362196.680416,0.0019769668579101562
305624,normal,1860,0,1782362196.6823661,0.0019500255584716797
305625,normal,3401,1,1782362196.6844797,0.0021135807037353516
305626,normal,2517,0,1782362196.6866271,0.0021474361419677734
305627,normal,2309,0,1782362196.6883965,0.0017693042755126953
305628,normal,2307,0,1782362196.6905415,0.002145051956176758
305629,normal,174,0,1782362196.6925635,0.0020220279693603516
305630,normal,2448,0,1782362196.694539,0.001975536346435547
305631,normal,3223,1,1782362196.696504,0.001965045928955078
305632,normal,3289,1,1782362196.6985195,0.002015352249145508
305633,normal,2382,0,1782362196.700573,0.002053499221801758
305634,normal,396,0,1782362196.7028453,0.002272367477416992
305635,normal,1273,0,1782362196.7043843,0.001538991928100586
305636,normal,3125,1,1782362196.70645,0.0020656585693359375
305637,normal,450,0,1782362196.7083364,0.0018863677978515625
305638,normal,371,0,1782362196.7105963,0.002259969711303711
305639,normal,3383,1,1782362196.7123747,0.0017783641815185547
305640,normal,3224,1,1782362196.7145348,0.0021600723266601562
305641,normal,2593,0,1782362196.7165515,0.002016782760620117
305642,normal,192,0,1782362196.7186027,0.002051115036010742
305643,normal,1080,0,1782362196.7204676,0.0018649101257324219
305644,normal,1524,0,1782362196.722426,0.0019583702087402344
305645,normal,3681,0,1782362196.724401,0.0019750595092773438
305646,normal,2877,0,1782362196.7264886,0.0020875930786132812
305647,normal,2564,0,1782362196.7284281,0.001939535140991211
305648,normal,2568,0,1782362196.7303796,0.001951456069946289
305649,normal,1274,0,1782362196.732541,0.0021615028381347656
305650,normal,2056,0,1782362196.7344317,0.0018906593322753906
305651,normal,2981,0,1782362196.7363467,0.00191497802734375
305652,normal,1427,0,1782362196.738441,0.002094268798828125
305653,normal,531,0,1782362196.7403927,0.0019516944885253906
305654,normal,1314,0,1782362196.742434,0.002041339874267578
305655,normal,1363,1,1782362196.7443697,0.001935720443725586
305656,normal,668,0,1782362196.7465055,0.002135753631591797
305657,normal,2343,0,1782362196.7485228,0.0020172595977783203
305658,normal,42,0,1782362196.7504282,0.0019054412841796875
305659,normal,1488,0,1782362196.7524414,0.0020132064819335938
305660,normal,221,0,1782362196.7543695,0.001928091049194336
305661,normal,2681,0,1782362196.7563207,0.0019512176513671875
305662,normal,1805,0,1782362196.758438,0.0021173954010009766
305663,normal,688,0,1782362196.760317,0.001878976821899414
305664,normal,2,0,1782362196.762454,0.0021369457244873047
305665,normal,3092,1,1782362196.7644567,0.002002716064453125
305666,normal,1063,0,1782362196.7664404,0.001983642578125
305667,normal,1511,0,1782362196.7685611,0.0021207332611083984
305668,normal,3150,1,1782362196.7705145,0.0019533634185791016
305669,normal,147,0,1782362196.7724166,0.0019021034240722656
305670,normal,1077,0,1782362196.774486,0.0020694732666015625
305671,normal,2004,0,1782362196.77654,0.002053976058959961
305672,normal,3120,1,1782362196.7785194,0.001979351043701172
305673,normal,3585,0,1782362196.7803218,0.0018024444580078125
305674,normal,563,0,1782362196.782429,0.0021071434020996094
305675,normal,888,2,1782362196.784316,0.0018870830535888672
305676,normal,539,0,1782362196.7864313,0.0021152496337890625
305677,normal,7,0,1782362196.7884228,0.0019915103912353516
305678,normal,2664,0,1782362196.7903395,0.001916646957397461
305679,normal,2049,0,1782362196.7924254,0.0020859241485595703
305680,normal,2145,0,1782362196.7943664,0.0019409656524658203
305681,normal,1790,0,1782362196.7964354,0.0020689964294433594
305682,normal,23,0,1782362196.7989707,0.0025353431701660156
305683,normal,3156,1,1782362196.8004894,0.0015187263488769531
305684,normal,2402,0,1782362196.8023353,0.0018458366394042969
305685,normal,38,0,1782362196.8044436,0.002108335494995117
305686,normal,1568,0,1782362196.8064225,0.0019788742065429688
305687,normal,1106,0,1782362196.8083463,0.0019237995147705078
305688,normal,305,0,1782362196.8105197,0.0021734237670898438
305689,normal,2782,0,1782362196.81237,0.0018503665924072266
305690,normal,577,0,1782362196.814478,0.002107858657836914
305691,normal,3036,0,1782362196.8163276,0.0018496513366699219
305692,normal,1192,0,1782362196.8184457,0.0021181106567382812
305693,normal,2514,0,1782362196.8203573,0.0019116401672363281
305694,normal,1079,0,1782362196.8224785,0.0021212100982666016
305695,normal,2260,0,1782362196.8244412,0.0019626617431640625
305696,normal,477,0,1782362196.8266134,0.002172231674194336
305697,normal,3489,0,1782362196.8285148,0.001901388168334961
305698,normal,3634,0,1782362196.8305976,0.00208282470703125
305699,normal,1179,0,1782362196.8324332,0.0018355846405029297
305700,normal,2425,0,1782362196.8345935,0.002160310745239258
305701,normal,1983,0,1782362196.836821,0.0022275447845458984
305702,normal,1070,0,1782362196.8385284,0.001707315444946289
305703,normal,1082,0,1782362196.8404903,0.001961946487426758
305704,normal,3338,1,1782362196.8426096,0.002119302749633789
305705,normal,175,0,1782362196.844857,0.002247333526611328
305706,normal,2188,0,1782362196.846412,0.0015549659729003906
305707,normal,3078,1,1782362196.8484452,0.002033233642578125
305708,normal,2432,0,1782362196.8503246,0.0018794536590576172
305709,normal,1162,0,1782362196.8526418,0.002317190170288086
305710,normal,1792,0,1782362196.85446,0.0018181800842285156
305711,normal,361,0,1782362196.8564026,0.0019426345825195312
305712,normal,1325,1,1782362196.8585413,0.0021386146545410156
305713,normal,240,0,1782362196.86059,0.0020487308502197266
305714,normal,2875,0,1782362196.8628962,0.002306222915649414
305715,normal,403,0,1782362196.8643286,0.0014324188232421875
305716,normal,476,0,1782362196.866502,0.0021734237670898438
305717,normal,2745,0,1782362196.8683965,0.0018944740295410156
305718,normal,127,0,1782362196.8704588,0.0020623207092285156
305719,normal,3121,1,1782362196.8724792,0.0020203590393066406
305720,normal,964,2,1782362196.874393,0.0019137859344482422
305721,normal,1413,0,1782362196.8765857,0.0021927356719970703
305722,normal,579,0,1782362196.8784394,0.0018537044525146484
305723,normal,2146,0,1782362196.8803554,0.0019159317016601562
305724,normal,3410,0,1782362196.8824663,0.0021109580993652344
305725,normal,2884,0,1782362196.8844223,0.0019559860229492188
305726,normal,201,0,1782362196.886351,0.0019288063049316406
305727,normal,1826,0,1782362196.8884647,0.0021135807037353516
305728,normal,2574,0,1782362196.890467,0.002002239227294922
305729,normal,2610,0,1782362196.8923848,0.0019178390502929688
305730,normal,2691,0,1782362196.894544,0.00215911865234375
305731,normal,3529,0,1782362196.8964038,0.001859903335571289
305732,normal,2019,0,1782362196.8983557,0.0019519329071044922
305733,normal,2372,0,1782362196.9004765,0.0021207332611083984
305734,normal,460,0,1782362196.9023838,0.0019073486328125
305735,normal,2597,0,1782362196.9044445,0.0020606517791748047
305736,normal,3301,1,1782362196.9063437,0.0018992424011230469
305737,normal,900,2,1782362196.9084463,0.0021026134490966797
305738,normal,3000,0,1782362196.9104967,0.0020503997802734375
305739,normal,1838,0,1782362196.9123902,0.0018935203552246094
305740,normal,1763,0,1782362196.9145215,0.002131223678588867
305741,normal,2387,0,1782362196.9164574,0.0019359588623046875
305742,normal,200,0,1782362196.9185047,0.002047300338745117
305743,normal,1236,0,1782362196.9204662,0.0019614696502685547
305744,normal,363,0,1782362196.922411,0.0019447803497314453
305745,normal,573,0,1782362196.9245837,0.002172708511352539
305746,normal,438,0,1782362196.926613,0.0020294189453125
305747,normal,3560,0,1782362196.9283266,0.0017135143280029297
305748,normal,3523,0,1782362196.9304426,0.002115964889526367
305749,normal,910,2,1782362196.932371,0.0019283294677734375
305750,normal,66,0,1782362196.9344597,0.002088785171508789
305751,normal,1912,0,1782362196.9363275,0.0018677711486816406
305752,normal,955,2,1782362196.9384341,0.0021066665649414062
305753,normal,2969,0,1782362196.9403229,0.0018887519836425781
305754,normal,1857,0,1782362196.942437,0.0021140575408935547
305755,normal,2241,0,1782362196.9444833,0.002046346664428711
305756,normal,339,0,1782362196.9467554,0.0022721290588378906
305757,normal,332,0,1782362196.9483993,0.0016438961029052734
305758,normal,173,0,1782362196.9504557,0.0020563602447509766
305759,normal,3181,1,1782362196.9523385,0.001882791519165039
305760,normal,3643,0,1782362196.954464,0.0021255016326904297
305761,normal,535,0,1782362196.9564352,0.0019712448120117188
305762,normal,581,0,1782362196.9584594,0.0020241737365722656
305763,normal,1107,0,1782362196.9603498,0.001890420913696289
305764,normal,2791,0,1782362196.9624658,0.002115964889526367
305765,normal,1699,0,1782362196.964352,0.001886129379272461
305766,normal,3045,1,1782362196.9664807,0.0021288394927978516
305767,normal,945,2,1782362196.9684532,0.0019724369049072266
305768,normal,1349,1,1782362196.9706209,0.0021677017211914062
305769,normal,1925,0,1782362196.972588,0.001967191696166992
305770,normal,3123,1,1782362196.9745407,0.0019526481628417969
305771,normal,957,2,1782362196.9764135,0.0018727779388427734
305772,normal,2700,0,1782362196.978583,0.0021696090698242188
305773,normal,569,0,1782362196.980545,0.001961946487426758
305774,normal,3624,0,1782362196.982605,0.0020599365234375
305775,normal,3054,1,1782362196.9847438,0.002138853073120117
305776,normal,2320,0,1782362196.9865274,0.001783609390258789
305777,normal,1081,0,1782362196.9886436,0.0021162033081054688
305778,normal,163,0,1782362196.9907227,0.002079010009765625
305779,normal,1520,0,1782362196.9925268,0.0018041133880615234
305780,normal,1015,2,1782362196.994462,0.0019352436065673828
305781,normal,2654,0,1782362196.9965522,0.0020902156829833984
305782,normal,2286,0,1782362196.9986205,0.0020682811737060547
305783,normal,3576,0,1782362197.000467,0.0018465518951416016
305784,normal,3493,0,1782362197.0025766,0.002109527587890625
305785,normal,3014,0,1782362197.0045586,0.001981973648071289
305786,normal,3209,1,1782362197.006463,0.0019044876098632812
305787,normal,1574,0,1782362197.008569,0.0021059513092041016
305788,normal,2984,0,1782362197.0106077,0.002038717269897461
305789,normal,1216,0,1782362197.012462,0.0018541812896728516
305790,normal,2885,0,1782362197.0145772,0.0021152496337890625
305791,normal,1572,0,1782362197.016546,0.001968860626220703
305792,normal,2937,0,1782362197.0183923,0.0018463134765625
305793,normal,1159,0,1782362197.020507,0.0021147727966308594
305794,normal,2127,0,1782362197.0226293,0.002122163772583008
305795,normal,1913,0,1782362197.0244656,0.0018362998962402344
305796,normal,1634,0,1782362197.026364,0.0018985271453857422
305797,normal,1872,0,1782362197.028578,0.0022139549255371094
305798,normal,1226,0,1782362197.0304172,0.0018391609191894531
305799,normal,2418,0,1782362197.0325599,0.002142667770385742
305800,normal,2217,0,1782362197.0344973,0.0019373893737792969
305801,normal,2851,0,1782362197.0363991,0.001901865005493164
305802,normal,2738,0,1782362197.0385194,0.0021202564239501953
305803,normal,3679,0,1782362197.040575,0.002055644989013672
305804,normal,2462,0,1782362197.042462,0.0018870830535888672
305805,normal,1756,0,1782362197.044561,0.0020987987518310547
305806,normal,2653,0,1782362197.0463777,0.0018167495727539062
305807,normal,1190,0,1782362197.0484395,0.0020618438720703125
305808,normal,2150,0,1782362197.050448,0.0020084381103515625
305809,normal,131,0,1782362197.052489,0.0020411014556884766
305810,normal,2441,0,1782362197.0543406,0.0018515586853027344
305811,normal,1422,0,1782362197.0565426,0.0022020339965820312
305812,normal,2511,0,1782362197.058474,0.0019314289093017578
305813,normal,3215,1,1782362197.0604272,0.001953125
305814,normal,920,2,1782362197.0625553,0.002128124237060547
305815,normal,3387,1,1782362197.0643742,0.0018188953399658203
305816,normal,2489,0,1782362197.0664515,0.002077341079711914
305817,normal,2628,0,1782362197.0684204,0.001968860626220703
305818,normal,3708,0,1782362197.0704553,0.002034902572631836
305819,normal,590,0,1782362197.0723405,0.0018851757049560547
305820,normal,1636,0,1782362197.0744524,0.0021119117736816406
305821,normal,1075,0,1782362197.0763779,0.0019254684448242188
305822,normal,3407,0,1782362197.0785677,0.0021898746490478516
305823,normal,8,0,1782362197.0804238,0.001856088638305664
305824,normal,167,0,1782362197.082539,0.0021152496337890625
305825,normal,1785,0,1782362197.0844486,0.001909494400024414
305826,normal,1958,0,1782362197.0864482,0.0019996166229248047
305827,normal,1883,0,1782362197.0885582,0.002110004425048828
305828,normal,2350,0,1782362197.0905209,0.0019626617431640625
305829,normal,1461,0,1782362197.092493,0.001972198486328125
305830,normal,1579,0,1782362197.094449,0.0019559860229492188
305831,normal,2279,0,1782362197.0963986,0.0019495487213134766
305832,normal,1950,0,1782362197.0984674,0.002068758010864258
305833,normal,3308,1,1782362197.1004195,0.0019521713256835938
305834,normal,987,2,1782362197.102513,0.0020935535430908203
305835,normal,2203,0,1782362197.104334,0.0018210411071777344
305836,normal,2438,0,1782362197.106455,0.0021209716796875
305837,normal,2458,0,1782362197.1083324,0.0018773078918457031
305838,normal,2373,0,1782362197.1104486,0.0021162033081054688
305839,normal,937,2,1782362197.112475,0.0020263195037841797
305840,normal,116,0,1782362197.1144948,0.0020198822021484375
305841,normal,1553,0,1782362197.11651,0.0020151138305664062
305842,normal,2818,0,1782362197.1185658,0.0020558834075927734
305843,normal,1680,0,1782362197.120578,0.0020122528076171875
305844,normal,3210,1,1782362197.1223655,0.001787424087524414
305845,normal,1185,0,1782362197.1244752,0.0021097660064697266
305846,normal,2406,0,1782362197.126367,0.0018918514251708984
305847,normal,2088,0,1782362197.1284738,0.0021066665649414062
305848,normal,3198,1,1782362197.1306987,0.0022249221801757812
305849,normal,98,0,1782362197.1324458,0.00174713134765625
305850,normal,2310,0,1782362197.1344478,0.0020020008087158203
305851,normal,3010,0,1782362197.1364207,0.0019729137420654297
305852,normal,618,0,1782362197.138363,0.0019421577453613281
305853,normal,3294,1,1782362197.140499,0.00213623046875
305854,normal,3701,0,1782362197.1424432,0.0019440650939941406
305855,normal,1523,0,1782362197.144358,0.0019147396087646484
305856,normal,3028,0,1782362197.1464696,0.002111673355102539
305857,normal,553,0,1782362197.1484442,0.0019745826721191406
305858,normal,1658,0,1782362197.150395,0.0019507408142089844
305859,normal,3557,0,1782362197.152471,0.0020761489868164062
305860,normal,1831,0,1782362197.154495,0.002023935317993164
305861,normal,2505,0,1782362197.156525,0.002029895782470703
305862,normal,2147,0,1782362197.1584823,0.001957416534423828
305863,normal,138,0,1782362197.1605892,0.002106904983520508
305864,normal,3328,1,1782362197.162476,0.0018868446350097656
305865,normal,1490,0,1782362197.164481,0.002004861831665039
305866,normal,2709,0,1782362197.1663864,0.0019054412841796875
305867,normal,772,2,1782362197.1684518,0.002065420150756836
305868,normal,2645,0,1782362197.1703942,0.0019423961639404297
305869,normal,1745,0,1782362197.1725864,0.002192258834838867
305870,normal,3554,0,1782362197.1744277,0.0018413066864013672
305871,normal,2549,0,1782362197.1765792,0.0021514892578125
305872,normal,3136,1,1782362197.1786318,0.0020525455474853516
305873,normal,2298,0,1782362197.18034,0.0017082691192626953
305874,normal,2422,0,1782362197.1824648,0.002124786376953125
305875,normal,1209,0,1782362197.184596,0.002131223678588867
305876,normal,2882,0,1782362197.186531,0.0019350051879882812
305877,normal,389,0,1782362197.188587,0.0020558834075927734
305878,normal,2059,0,1782362197.190483,0.0018961429595947266
305879,normal,3684,0,1782362197.1924217,0.0019385814666748047
305880,normal,297,0,1782362197.1945446,0.0021228790283203125
305881,normal,2805,0,1782362197.19653,0.0019855499267578125
305882,normal,122,0,1782362197.1987867,0.002256631851196289
305883,normal,2883,0,1782362197.2003868,0.001600027084350586
305884,normal,2742,0,1782362197.2024987,0.0021119117736816406
305885,normal,1538,0,1782362197.2043934,0.0018947124481201172
305886,normal,2057,0,1782362197.2065258,0.002132415771484375
305887,normal,2529,0,1782362197.2084472,0.0019214153289794922
305888,normal,2531,0,1782362197.210375,0.0019278526306152344
305889,normal,3538,0,1782362197.2123823,0.0020072460174560547
305890,normal,1446,0,1782362197.2144847,0.002102375030517578
305891,normal,1282,0,1782362197.2164357,0.001950979232788086
305892,normal,1425,0,1782362197.2183669,0.0019311904907226562
305893,normal,1200,0,1782362197.2204642,0.0020973682403564453
305894,normal,313,0,1782362197.2223642,0.0018999576568603516
305895,normal,902,2,1782362197.2243667,0.0020024776458740234
305896,normal,609,0,1782362197.2264745,0.002107858657836914
305897,normal,3459,0,1782362197.2283463,0.0018718242645263672
305898,normal,635,0,1782362197.2303984,0.0020520687103271484
305899,normal,1813,0,1782362197.232537,0.0021386146545410156
305900,normal,233,0,1782362197.2344291,0.00189208984375
305901,normal,141,0,1782362197.2363765,0.0019474029541015625
305902,normal,2121,0,1782362197.2384927,0.0021162033081054688
305903,normal,3060,1,1782362197.240416,0.0019233226776123047
305904,normal,3216,1,1782362197.242335,0.0019190311431884766
305905,normal,820,2,1782362197.2444491,0.0021140575408935547
305906,normal,1326,1,1782362197.2463322,0.0018830299377441406
305907,normal,3519,0,1782362197.2483335,0.0020012855529785156
305908,normal,3402,0,1782362197.2505777,0.002244234085083008
305909,normal,386,0,1782362197.2523615,0.0017838478088378906
305910,normal,2440,0,1782362197.2544258,0.002064228057861328
305911,normal,2726,0,1782362197.2565324,0.0021066665649414062
305912,normal,2980,0,1782362197.258459,0.0019266605377197266
305913,normal,2727,0,1782362197.2604635,0.002004384994506836
305914,normal,2067,0,1782362197.2624898,0.0020263195037841797
305915,normal,1147,0,1782362197.2644415,0.0019516944885253906
305916,normal,729,0,1782362197.2664554,0.0020139217376708984
305917,normal,111,0,1782362197.2683952,0.0019397735595703125
305918,normal,3230,1,1782362197.270335,0.0019397735595703125
305919,normal,2330,0,1782362197.2723386,0.0020036697387695312
305920,normal,2125,0,1782362197.2744582,0.0021195411682128906
305921,normal,2431,0,1782362197.2764535,0.0019953250885009766
305922,normal,3217,1,1782362197.2783296,0.0018761157989501953
305923,normal,793,2,1782362197.280448,0.002118349075317383
305924,normal,2112,0,1782362197.2823312,0.0018832683563232422
305925,normal,3419,0,1782362197.2843335,0.002002239227294922
305926,normal,1100,0,1782362197.2867682,0.0024347305297851562
305927,normal,76,0,1782362197.2884054,0.0016372203826904297
305928,normal,3073,1,1782362197.2904713,0.002065896987915039
305929,normal,791,2,1782362197.2924373,0.0019659996032714844
305930,normal,2856,0,1782362197.2943466,0.0019092559814453125
305931,normal,3604,0,1782362197.2963743,0.002027750015258789
305932,normal,1714,0,1782362197.298524,0.0021495819091796875
305933,normal,1757,0,1782362197.3003657,0.0018417835235595703
305934,normal,682,0,1782362197.302689,0.0023233890533447266
305935,normal,1142,0,1782362197.3043554,0.0016663074493408203
305936,normal,562,0,1782362197.3063357,0.001980304718017578
305937,normal,378,0,1782362197.3083422,0.00200653076171875
305938,normal,2677,0,1782362197.3104594,0.002117156982421875
305939,normal,3448,0,1782362197.3123584,0.0018990039825439453
305940,normal,3617,0,1782362197.3144014,0.002043008804321289
305941,normal,1411,0,1782362197.3165467,0.0021452903747558594
305942,normal,3048,1,1782362197.3183486,0.0018019676208496094
305943,normal,2128,0,1782362197.3203585,0.002009868621826172
305944,normal,570,0,1782362197.3229775,0.002619028091430664
305945,normal,2223,0,1782362197.3250878,0.0021102428436279297
305946,normal,3025,0,1782362197.3263412,0.001253366470336914
305947,normal,1874,0,1782362197.3289309,0.002589702606201172
305948,normal,2398,0,1782362197.330519,0.0015881061553955078
305949,normal,1407,0,1782362197.3328347,0.0023157596588134766
305950,normal,3244,1,1782362197.3348408,0.002006053924560547
305951,normal,881,2,1782362197.3364348,0.0015940666198730469
305952,normal,2977,0,1782362197.3383408,0.0019059181213378906
305953,normal,2170,0,1782362197.3404546,0.002113819122314453
305954,normal,3074,1,1782362197.342338,0.0018835067749023438
305955,normal,3357,1,1782362197.3444662,0.002128124237060547
305956,normal,1460,0,1782362197.3464377,0.0019714832305908203
305957,normal,2012,0,1782362197.348371,0.0019333362579345703
305958,normal,3415,0,1782362197.350416,0.0020449161529541016
305959,normal,75,0,1782362197.3524537,0.0020377635955810547
305960,normal,1434,0,1782362197.354376,0.0019223690032958984
305961,normal,3706,0,1782362197.3565562,0.0021800994873046875
305962,normal,1481,0,1782362197.3585258,0.001969575881958008
305963,normal,549,0,1782362197.36042,0.001894235610961914
305964,normal,2934,0,1782362197.3624935,0.002073526382446289
305965,normal,2799,0,1782362197.3644536,0.0019600391387939453
305966,normal,1797,0,1782362197.3665133,0.0020596981048583984
305967,normal,2532,0,1782362197.368437,0.0019237995147705078
305968,normal,2879,0,1782362197.37056,0.0021228790283203125
305969,normal,2429,0,1782362197.3723454,0.0017855167388916016
305970,normal,2867,0,1782362197.374491,0.002145528793334961
305971,normal,257,0,1782362197.3764458,0.001954793930053711
305972,normal,2983,0,1782362197.3783495,0.0019037723541259766
305973,normal,1898,0,1782362197.3805008,0.0021512508392333984
305974,normal,1139,0,1782362197.3824606,0.0019598007202148438
305975,normal,287,0,1782362197.3844862,0.002025604248046875
305976,normal,1623,0,1782362197.3863628,0.0018765926361083984
305977,normal,1970,0,1782362197.3884554,0.002092599868774414
305978,normal,2732,0,1782362197.3903165,0.0018610954284667969
305979,normal,2585,0,1782362197.392415,0.002098560333251953
305980,normal,1694,0,1782362197.3943284,0.001913309097290039
305981,normal,1044,0,1782362197.3963246,0.001996278762817383
305982,normal,983,2,1782362197.398412,0.0020873546600341797
305983,normal,157,0,1782362197.4003582,0.0019462108612060547
305984,normal,1863,0,1782362197.4023705,0.0020122528076171875
305985,normal,1811,0,1782362197.4043717,0.0020012855529785156
305986,normal,2211,0,1782362197.4065328,0.0021610260009765625
305987,normal,125,0,1782362197.4083393,0.001806497573852539
305988,normal,2626,0,1782362197.410332,0.0019927024841308594
305989,normal,2085,0,1782362197.4124289,0.002096891403198242
305990,normal,2378,0,1782362197.4143696,0.0019407272338867188
305991,normal,3070,1,1782362197.4163175,0.0019478797912597656
305992,normal,2465,0,1782362197.4184127,0.0020952224731445312
305993,normal,1262,0,1782362197.4203115,0.0018987655639648438
305994,normal,2342,0,1782362197.4224577,0.0021462440490722656
305995,normal,409,0,1782362197.4244227,0.001965045928955078
305996,normal,2707,0,1782362197.4263637,0.0019409656524658203
305997,normal,3592,0,1782362197.4283829,0.002019166946411133
305998,normal,3277,1,1782362197.4304738,0.002090930938720703
305999,normal,2262,0,1782362197.4325566,0.00208282470703125
306000,normal,3574,0,1782362197.434425,0.0018684864044189453
306001,normal,3236,1,1782362197.4364717,0.0020465850830078125
306002,normal,868,2,1782362197.438411,0.0019392967224121094
306003,normal,207,0,1782362197.440311,0.0018999576568603516
306004,normal,1176,0,1782362197.4425468,0.002235889434814453
306005,normal,2967,0,1782362197.4443703,0.00182342529296875
306006,normal,2404,0,1782362197.4464684,0.00209808349609375
306007,normal,1816,0,1782362197.4485528,0.002084493637084961
306008,normal,1789,0,1782362197.4503415,0.0017886161804199219
306009,normal,3173,1,1782362197.4524446,0.002103090286254883
306010,normal,1754,0,1782362197.4545288,0.0020842552185058594
306011,normal,3539,0,1782362197.4564302,0.001901388168334961
306012,normal,1066,0,1782362197.4586396,0.0022094249725341797
306013,normal,1707,0,1782362197.4605837,0.0019440650939941406
306014,normal,1016,2,1782362197.4625068,0.0019230842590332031
306015,normal,2474,0,1782362197.4644887,0.001981973648071289
306016,normal,3083,1,1782362197.4665415,0.002052783966064453
306017,normal,2454,0,1782362197.4684548,0.001913309097290039
306018,normal,1946,0,1782362197.4705076,0.002052783966064453
306019,normal,1049,0,1782362197.4726157,0.0021080970764160156
306020,normal,3432,0,1782362197.4745886,0.0019729137420654297
306021,normal,1165,0,1782362197.4765117,0.0019230842590332031
306022,normal,513,0,1782362197.4785848,0.002073049545288086
306023,normal,2968,0,1782362197.4804788,0.0018939971923828125
306024,normal,2537,0,1782362197.482485,0.0020062923431396484
306025,normal,2830,0,1782362197.4845884,0.0021033287048339844
306026,normal,751,0,1782362197.4864895,0.0019011497497558594
306027,normal,2411,0,1782362197.4885666,0.0020771026611328125
306028,normal,582,0,1782362197.4905612,0.001994609832763672
306029,normal,2807,0,1782362197.4925525,0.00199127197265625
306030,normal,1815,0,1782362197.494452,0.0018994808197021484
306031,normal,1227,0,1782362197.496564,0.0021119117736816406
306032,normal,1178,0,1782362197.4984071,0.0018432140350341797
306033,normal,642,0,1782362197.5005844,0.0021772384643554688
306034,normal,2453,0,1782362197.5025764,0.0019919872283935547
306035,normal,1881,0,1782362197.504513,0.0019366741180419922
306036,normal,3081,1,1782362197.506452,0.0019390583038330078
306037,normal,2950,0,1782362197.5085466,0.0020945072174072266
306038,normal,858,2,1782362197.510578,0.0020313262939453125
306039,normal,410,0,1782362197.512476,0.001898050308227539
306040,normal,735,0,1782362197.5145342,0.002058267593383789
306041,normal,3676,0,1782362197.5164948,0.0019605159759521484
306042,normal,3091,1,1782362197.5183873,0.0018925666809082031
306043,normal,1113,0,1782362197.520395,0.002007722854614258
306044,normal,2847,0,1782362197.5224195,0.002024412155151367
306045,normal,222,0,1782362197.5244422,0.0020227432250976562
306046,normal,3575,0,1782362197.526767,0.002324819564819336
306047,normal,2224,0,1782362197.5285392,0.001772165298461914
306048,normal,907,2,1782362197.5304627,0.0019235610961914062
306049,normal,1846,0,1782362197.532551,0.002088308334350586
306050,normal,449,0,1782362197.5344741,0.0019230842590332031
306051,normal,895,2,1782362197.5364678,0.0019936561584472656
306052,normal,626,0,1782362197.5385334,0.0020656585693359375
306053,normal,3605,0,1782362197.5403824,0.0018489360809326172
306054,normal,3658,0,1782362197.5424917,0.0021092891693115234
306055,normal,2746,0,1782362197.5446286,0.0021369457244873047
306056,normal,997,2,1782362197.5463696,0.0017409324645996094
306057,normal,1880,0,1782362197.548464,0.0020945072174072266
306058,normal,1208,0,1782362197.55053,0.002065896987915039
306059,normal,2917,0,1782362197.5524714,0.0019414424896240234
306060,normal,1927,0,1782362197.5544577,0.001986265182495117
306061,normal,424,0,1782362197.55647,0.0020122528076171875
306062,normal,3626,0,1782362197.558513,0.002043008804321289
306063,normal,2644,0,1782362197.5605185,0.0020055770874023438
306064,normal,1248,0,1782362197.5625257,0.0020072460174560547
306065,normal,2890,0,1782362197.5645218,0.0019960403442382812
306066,normal,3080,1,1782362197.5664737,0.0019519329071044922
306067,normal,2901,0,1782362197.568443,0.0019693374633789062
306068,normal,805,2,1782362197.5705261,0.0020830631256103516
306069,normal,2667,0,1782362197.5724545,0.0019283294677734375
306070,normal,869,2,1782362197.5745153,0.0020608901977539062
306071,normal,2118,0,1782362197.576445,0.0019297599792480469
306072,normal,3037,0,1782362197.5784554,0.002010345458984375
306073,normal,697,0,1782362197.5805235,0.002068042755126953
306074,normal,2735,0,1782362197.5825183,0.0019948482513427734
306075,normal,3111,1,1782362197.5845249,0.00200653076171875
306076,normal,3011,0,1782362197.586513,0.0019881725311279297
306077,normal,1852,0,1782362197.588479,0.0019659996032714844
306078,normal,3603,0,1782362197.590605,0.002125978469848633
306079,normal,747,0,1782362197.5925722,0.001967191696166992
306080,normal,1086,0,1782362197.5945473,0.0019750595092773438
306081,normal,2306,0,1782362197.5963573,0.0018100738525390625
306082,normal,3260,1,1782362197.5985172,0.0021598339080810547
306083,normal,3285,1,1782362197.6003633,0.0018460750579833984
306084,normal,2762,0,1782362197.6024508,0.0020875930786132812
306085,normal,2958,0,1782362197.604702,0.002251148223876953
306086,normal,2313,0,1782362197.6063495,0.0016474723815917969
306087,normal,1257,0,1782362197.6084425,0.002093076705932617
306088,normal,919,2,1782362197.6105008,0.002058267593383789
306089,normal,1656,0,1782362197.6124446,0.001943826675415039
306090,normal,654,0,1782362197.61488,0.002435445785522461
306091,normal,540,0,1782362197.6165252,0.0016450881958007812
306092,normal,1731,0,1782362197.6185744,0.0020492076873779297
306093,normal,1091,0,1782362197.6205757,0.0020012855529785156
306094,normal,940,2,1782362197.6224194,0.0018436908721923828
306095,normal,906,2,1782362197.6244535,0.0020341873168945312
306096,normal,890,2,1782362197.6265595,0.0021059513092041016
306097,normal,576,0,1782362197.6283777,0.0018181800842285156
306098,normal,2393,0,1782362197.630657,0.0022792816162109375
306099,normal,672,0,1782362197.6333122,0.0026552677154541016
306100,normal,2443,0,1782362197.6343336,0.0010213851928710938
306101,normal,758,0,1782362197.6364374,0.0021038055419921875
306102,normal,52,0,1782362197.6384408,0.0020034313201904297
306103,normal,984,2,1782362197.6404953,0.002054452896118164
306104,normal,2509,0,1782362197.642447,0.0019516944885253906
306105,normal,1762,0,1782362197.6445749,0.0021278858184814453
306106,normal,739,0,1782362197.6464658,0.0018908977508544922
306107,normal,502,0,1782362197.648597,0.002131223678588867
306108,normal,2823,0,1782362197.6504261,0.0018291473388671875
306109,normal,1720,0,1782362197.652558,0.002131938934326172
306110,normal,1590,0,1782362197.654448,0.001889944076538086
306111,normal,2617,0,1782362197.656644,0.002196073532104492
306112,normal,3068,1,1782362197.6585262,0.0018820762634277344
306113,normal,3234,1,1782362197.6605325,0.0020062923431396484
306114,normal,808,2,1782362197.662446,0.0019135475158691406
306115,normal,48,0,1782362197.6647437,0.002297639846801758
306116,normal,1600,0,1782362197.6664612,0.0017175674438476562
306117,normal,2185,0,1782362197.6684232,0.001961946487426758
306118,normal,2555,0,1782362197.6705122,0.0020890235900878906
306119,normal,2102,0,1782362197.672543,0.0020308494567871094
306120,normal,2581,0,1782362197.6748116,0.002268552780151367
306121,normal,91,0,1782362197.6764693,0.001657724380493164
306122,normal,1122,0,1782362197.678525,0.002055644989013672
306123,normal,319,0,1782362197.6805282,0.002003192901611328
306124,normal,3568,0,1782362197.6824892,0.0019609928131103516
306125,normal,2669,0,1782362197.6844978,0.002008676528930664
306126,normal,2814,0,1782362197.6865108,0.002012968063354492
306127,normal,3639,0,1782362197.6884384,0.0019276142120361328
306128,normal,1708,0,1782362197.6904795,0.0020411014556884766
306129,normal,3187,1,1782362197.6924667,0.0019872188568115234
306130,normal,418,0,1782362197.6944828,0.0020160675048828125
306131,normal,2627,0,1782362197.6964738,0.0019910335540771484
306132,normal,119,0,1782362197.698463,0.001989126205444336
306133,normal,3475,0,1782362197.7005625,0.0020995140075683594
306134,normal,1620,0,1782362197.7023623,0.0017998218536376953
306135,normal,2037,0,1782362197.7048872,0.002524852752685547
306136,normal,3562,0,1782362197.7063868,0.0014996528625488281
306137,normal,443,0,1782362197.7084506,0.002063751220703125
306138,normal,1109,0,1782362197.7104433,0.0019927024841308594
306139,normal,2608,0,1782362197.7125163,0.002073049545288086
306140,normal,1613,0,1782362197.7144208,0.0019044876098632812
306141,normal,2720,0,1782362197.716416,0.001995086669921875
306142,normal,128,0,1782362197.7184749,0.0020589828491210938
306143,normal,1473,0,1782362197.7205465,0.0020716190338134766
306144,normal,2569,0,1782362197.7225056,0.001959085464477539
306145,normal,2269,0,1782362197.7245667,0.002061128616333008
306146,normal,1071,0,1782362197.726475,0.0019083023071289062
306147,normal,1271,0,1782362197.7284412,0.001966238021850586
306148,normal,744,0,1782362197.7305646,0.0021233558654785156
306149,normal,1332,1,1782362197.7324162,0.0018515586853027344
306150,normal,2340,0,1782362197.7344537,0.002037525177001953
306151,normal,822,2,1782362197.7365696,0.002115964889526367
306152,normal,3648,0,1782362197.7382963,0.0017266273498535156
306153,normal,164,0,1782362197.7404108,0.002114534378051758
306154,normal,926,2,1782362197.7425182,0.002107381820678711
306155,normal,3160,1,1782362197.7443333,0.0018150806427001953
306156,normal,1232,0,1782362197.7464445,0.002111196517944336
306157,normal,3184,1,1782362197.7484417,0.001997232437133789
306158,normal,3167,1,1782362197.7503273,0.0018856525421142578
306159,normal,432,0,1782362197.7523267,0.001999378204345703
306160,normal,538,0,1782362197.7544937,0.0021669864654541016
306161,normal,1295,0,1782362197.7567754,0.002281665802001953
306162,normal,2559,0,1782362197.7585738,0.001798391342163086
306163,normal,2696,0,1782362197.7604468,0.001873016357421875
306164,normal,64,0,1782362197.7623954,0.0019485950469970703
306165,normal,546,0,1782362197.7643666,0.0019712448120117188
306166,normal,1772,0,1782362197.7665157,0.0021491050720214844
306167,normal,473,0,1782362197.7683673,0.0018515586853027344
306168,normal,1327,1,1782362197.7705579,0.0021905899047851562
306169,normal,2329,0,1782362197.772489,0.0019311904907226562
306170,normal,333,0,1782362197.7743537,0.0018646717071533203
306171,normal,807,2,1782362197.7763534,0.0019996166229248047
306172,normal,1503,0,1782362197.7784853,0.002131938934326172
306173,normal,3471,0,1782362197.7803676,0.001882314682006836
306174,normal,2798,0,1782362197.7824333,0.0020656585693359375
306175,normal,2355,0,1782362197.7845316,0.0020983219146728516
306176,normal,2938,0,1782362197.7863567,0.001825094223022461
306177,normal,1462,0,1782362197.7883484,0.001991748809814453
306178,normal,852,2,1782362197.7910655,0.0027170181274414062
306179,normal,3372,1,1782362197.7930875,0.0020220279693603516
306180,normal,2541,0,1782362197.794347,0.0012595653533935547
306181,normal,810,2,1782362197.7965841,0.002237081527709961
306182,normal,2370,0,1782362197.7983482,0.001764059066772461
306183,normal,1693,0,1782362197.800395,0.002046823501586914
306184,normal,979,2,1782362197.8025084,0.00211334228515625
306185,normal,57,0,1782362197.8044212,0.001912832260131836
306186,normal,347,0,1782362197.8064744,0.0020532608032226562
306187,normal,1229,0,1782362197.8084106,0.001936197280883789
306188,normal,1,0,1782362197.810525,0.0021142959594726562
306189,normal,3474,0,1782362197.8125467,0.00202178955078125
306190,normal,2852,0,1782362197.8143625,0.0018157958984375
306191,normal,2064,0,1782362197.8162975,0.0019350051879882812
306192,normal,3522,0,1782362197.818395,0.0020973682403564453
306193,normal,495,0,1782362197.820375,0.0019800662994384766
306194,normal,2358,0,1782362197.822312,0.0019371509552001953
306195,normal,3429,0,1782362197.8243911,0.002079010009765625
306196,normal,3668,0,1782362197.8263946,0.0020034313201904297
306197,normal,2408,0,1782362197.8283277,0.0019330978393554688
306198,normal,518,0,1782362197.83045,0.0021224021911621094
306199,normal,603,0,1782362197.8324676,0.002017498016357422
306200,normal,2869,0,1782362197.8343914,0.0019237995147705078
306201,normal,2242,0,1782362197.8362896,0.0018982887268066406
306202,normal,2971,0,1782362197.8384259,0.00213623046875
306203,normal,3631,0,1782362197.8403478,0.0019218921661376953
306204,normal,3099,1,1782362197.842421,0.0020732879638671875
306205,normal,1630,0,1782362197.8444247,0.0020036697387695312
306206,normal,3196,1,1782362197.8463116,0.0018868446350097656
306207,normal,3250,1,1782362197.848393,0.0020813941955566406
306208,normal,2957,0,1782362197.8504226,0.0020296573638916016
306209,normal,2336,0,1782362197.8523293,0.0019066333770751953
306210,normal,3017,0,1782362197.8544502,0.0021209716796875
306211,normal,1008,2,1782362197.8565466,0.002096414566040039
306212,normal,348,0,1782362197.8583176,0.0017709732055664062
306213,normal,1800,0,1782362197.8604164,0.0020987987518310547
306214,normal,1555,0,1782362197.8623989,0.001982450485229492
306215,normal,551,0,1782362197.8643029,0.0019040107727050781
306216,normal,159,0,1782362197.8663979,0.0020949840545654297
306217,normal,1953,0,1782362197.868394,0.0019960403442382812
306218,normal,2495,0,1782362197.8703437,0.0019497871398925781
306219,normal,2351,0,1782362197.8724449,0.0021011829376220703
306220,normal,3249,1,1782362197.8744373,0.001992464065551758
306221,normal,3621,0,1782362197.8763907,0.0019533634185791016
306222,normal,3042,0,1782362197.8783324,0.001941680908203125
306223,normal,373,0,1782362197.8804317,0.002099275588989258
306224,normal,762,0,1782362197.8823717,0.001940011978149414
306225,normal,1695,0,1782362197.8842976,0.0019259452819824219
306226,normal,1205,0,1782362197.8864164,0.002118825912475586
306227,normal,218,0,1782362197.8882928,0.0018763542175292969
306228,normal,2704,0,1782362197.8904157,0.0021228790283203125
306229,normal,2083,0,1782362197.892561,0.0021452903747558594
306230,normal,1752,0,1782362197.8944547,0.001893758773803711
306231,normal,694,0,1782362197.8964088,0.0019540786743164062
306232,normal,785,2,1782362197.8986406,0.0022318363189697266
306233,normal,1496,0,1782362197.900634,0.001993417739868164
306234,normal,3067,1,1782362197.9024305,0.0017964839935302734
306235,normal,70,0,1782362197.9046564,0.0022258758544921875
306236,normal,3409,0,1782362197.9064798,0.00182342529296875
306237,normal,1252,0,1782362197.9084156,0.001935720443725586
306238,normal,2152,0,1782362197.9105077,0.002092123031616211
306239,normal,2544,0,1782362197.9123359,0.0018281936645507812
306240,normal,471,0,1782362197.9143388,0.0020029544830322266
306241,normal,1429,0,1782362197.916733,0.0023941993713378906
306242,normal,843,2,1782362197.9183407,0.001607656478881836
306243,normal,2839,0,1782362197.9203868,0.0020461082458496094
306244,normal,3629,0,1782362197.9224987,0.0021119117736816406
306245,normal,1317,0,1782362197.92433,0.0018312931060791016
306246,normal,3342,1,1782362197.926395,0.002064943313598633
306247,normal,1438,0,1782362197.9291825,0.0027875900268554688
306248,normal,2110,0,1782362197.9305756,0.0013930797576904297
306249,normal,3473,0,1782362197.9324062,0.0018305778503417969
306250,normal,1146,0,1782362197.934516,0.0021097660064697266
306251,normal,2289,0,1782362197.9363627,0.0018467903137207031
306252,normal,1101,0,1782362197.9383662,0.0020034313201904297
306253,normal,901,2,1782362197.940745,0.0023789405822753906
306254,normal,322,0,1782362197.9423985,0.001653432846069336
306255,normal,304,0,1782362197.9443834,0.001984834671020508
306256,normal,1516,0,1782362197.9465058,0.0021224021911621094
306257,normal,2643,0,1782362197.9483435,0.0018377304077148438
306258,normal,124,0,1782362197.9504135,0.0020699501037597656
306259,normal,394,0,1782362197.9525354,0.0021219253540039062
306260,normal,2769,0,1782362197.9544144,0.001878976821899414
306261,normal,1977,0,1782362197.9563901,0.0019757747650146484
306262,normal,592,0,1782362197.9585314,0.002141237258911133
306263,normal,3535,0,1782362197.9604588,0.0019273757934570312
306264,normal,2379,0,1782362197.963043,0.002584218978881836
306265,normal,195,0,1782362197.9647322,0.0016891956329345703
306266,normal,2209,0,1782362197.966299,0.0015668869018554688
306267,normal,2956,0,1782362197.9684157,0.002116680145263672
306268,normal,610,0,1782362197.9704406,0.0020248889923095703
306269,normal,1633,0,1782362197.9723592,0.0019185543060302734
306270,normal,2047,0,1782362197.9744012,0.002042055130004883
306271,normal,500,0,1782362197.9767425,0.0023412704467773438
306272,normal,102,0,1782362197.978403,0.0016605854034423828
306273,normal,3272,1,1782362197.9805155,0.0021123886108398438
306274,normal,2680,0,1782362197.9827147,0.0021991729736328125
306275,normal,468,0,1782362197.9843876,0.001672983169555664
306276,normal,542,0,1782362197.9863598,0.001972198486328125
306277,normal,1979,0,1782362197.9884007,0.002040863037109375
306278,normal,2963,0,1782362197.9903045,0.0019037723541259766
306279,normal,2985,0,1782362197.992422,0.002117633819580078
306280,normal,768,0,1782362197.9944077,0.0019855499267578125
306281,normal,6,0,1782362197.9963064,0.0018987655639648438
306282,normal,1888,0,1782362197.9983919,0.002085447311401367
306283,normal,1992,0,1782362198.0003817,0.0019898414611816406
306284,normal,1065,0,1782362198.002358,0.0019762516021728516
306285,normal,1663,0,1782362198.0043771,0.002019166946411133
306286,normal,1255,0,1782362198.006456,0.0020787715911865234
306287,normal,871,2,1782362198.0082948,0.0018389225006103516
306288,normal,2227,0,1782362198.0104003,0.0021054744720458984
306289,normal,455,0,1782362198.012391,0.001990795135498047
306290,normal,2233,0,1782362198.0144017,0.0020105838775634766
306291,normal,3487,0,1782362198.016409,0.0020072460174560547
306292,normal,3149,1,1782362198.018311,0.0019021034240722656
306293,normal,794,2,1782362198.020329,0.002017974853515625
306294,normal,3655,0,1782362198.0224302,0.0021011829376220703
306295,normal,160,0,1782362198.0243232,0.0018930435180664062
306296,normal,1346,1,1782362198.0263357,0.002012491226196289
306297,normal,2268,0,1782362198.0284433,0.0021076202392578125
306298,normal,2636,0,1782362198.0303686,0.0019252300262451172
306299,normal,2161,0,1782362198.0324128,0.002044200897216797
306300,normal,3546,0,1782362198.0343149,0.0019021034240722656
306301,normal,1685,0,1782362198.03642,0.002105236053466797
306302,normal,1053,0,1782362198.038326,0.0019059181213378906
306303,normal,3065,1,1782362198.0404162,0.0020902156829833984
306304,normal,135,0,1782362198.042322,0.001905679702758789
306305,normal,1144,0,1782362198.0443096,0.0019876956939697266
306306,normal,2876,0,1782362198.0463607,0.002051115036010742
306307,normal,1223,0,1782362198.0483804,0.002019643783569336
306308,normal,1373,1,1782362198.0504036,0.0020232200622558594
306309,normal,3440,0,1782362198.0523927,0.001989126205444336
306310,normal,3029,0,1782362198.0543542,0.0019614696502685547
306311,normal,2228,0,1782362198.0563407,0.0019865036010742188
306312,normal,1140,0,1782362198.058382,0.002041339874267578
306313,normal,276,0,1782362198.060309,0.0019268989562988281
306314,normal,2236,0,1782362198.0623121,0.002003192901611328
306315,normal,2527,0,1782362198.064419,0.002106904983520508
306316,normal,2946,0,1782362198.0663092,0.0018901824951171875
306317,normal,1104,0,1782362198.068451,0.002141714096069336
306318,normal,3062,1,1782362198.07039,0.0019390583038330078
306319,normal,781,2,1782362198.0724206,0.002030611038208008
306320,normal,244,0,1782362198.0744407,0.002020120620727539
306321,normal,194,0,1782362198.0766137,0.0021729469299316406
306322,normal,1611,0,1782362198.0784545,0.001840829849243164
306323,normal,3594,0,1782362198.08056,0.0021054744720458984
306324,normal,2015,0,1782362198.0826328,0.0020728111267089844
306325,normal,2139,0,1782362198.0843446,0.0017118453979492188
306326,normal,1929,0,1782362198.086404,0.002059459686279297
306327,normal,3305,1,1782362198.0883994,0.0019953250885009766
306328,normal,501,0,1782362198.0904672,0.0020678043365478516
306329,normal,2526,0,1782362198.092574,0.0021066665649414062
306330,normal,2129,0,1782362198.094371,0.0017971992492675781
306331,normal,3527,0,1782362198.0964224,0.0020513534545898438
306332,normal,429,0,1782362198.0984805,0.0020580291748046875
306333,normal,3687,0,1782362198.1003554,0.0018749237060546875
306334,normal,2896,0,1782362198.1027737,0.0024182796478271484
306335,normal,2761,0,1782362198.1048045,0.0020308494567871094
306336,normal,2512,0,1782362198.1063704,0.0015659332275390625
306337,normal,3408,0,1782362198.1082926,0.0019221305847167969
306338,normal,3159,1,1782362198.1103485,0.0020558834075927734
306339,normal,3175,1,1782362198.1123328,0.0019843578338623047
306340,normal,2300,0,1782362198.114346,0.0020132064819335938
306341,normal,817,2,1782362198.1164784,0.002132415771484375
306342,normal,1184,0,1782362198.118291,0.0018124580383300781
306343,normal,991,2,1782362198.1203222,0.0020313262939453125
306344,normal,2243,0,1782362198.1223323,0.0020101070404052734
306345,normal,3201,1,1782362198.1243482,0.002015829086303711
306346,normal,2840,0,1782362198.1263435,0.0019953250885009766
306347,normal,1973,0,1782362198.128349,0.0020055770874023438
306348,normal,3242,1,1782362198.1303413,0.0019922256469726562
306349,normal,1069,0,1782362198.1323497,0.0020084381103515625
306350,normal,3363,1,1782362198.1343403,0.0019905567169189453
306351,normal,1278,0,1782362198.136436,0.0020956993103027344
306352,normal,2862,0,1782362198.1389127,0.0024766921997070312
306353,normal,1621,0,1782362198.140327,0.0014142990112304688
306354,normal,300,0,1782362198.142324,0.0019969940185546875
306355,normal,3597,0,1782362198.1443632,0.002039194107055664
306356,normal,161,0,1782362198.1463776,0.0020143985748291016
306357,normal,1400,0,1782362198.1483886,0.0020110607147216797
306358,normal,81,0,1782362198.150398,0.0020093917846679688
306359,normal,1622,0,1782362198.1524622,0.002064228057861328
306360,normal,214,0,1782362198.1543257,0.0018634796142578125
306361,normal,3331,1,1782362198.1564856,0.0021598339080810547
306362,normal,3265,1,1782362198.158727,0.002241373062133789
306363,normal,1769,0,1782362198.1603777,0.0016508102416992188
306364,normal,1062,0,1782362198.1623552,0.0019774436950683594
306365,normal,299,0,1782362198.164444,0.002088785171508789
306366,normal,148,0,1782362198.166452,0.0020079612731933594
306367,normal,320,0,1782362198.1683707,0.001918792724609375
306368,normal,775,2,1782362198.170363,0.0019922256469726562
306369,normal,29,0,1782362198.1724567,0.002093791961669922
306370,normal,1917,0,1782362198.1743455,0.0018887519836425781
306371,normal,3158,1,1782362198.1764991,0.002153635025024414
306372,normal,765,0,1782362198.178413,0.0019137859344482422
306373,normal,2836,0,1782362198.1805038,0.002090930938720703
306374,normal,952,2,1782362198.1823943,0.001890420913696289
306375,normal,3179,1,1782362198.18446,0.0020656585693359375
306376,normal,1575,0,1782362198.1864316,0.001971721649169922
306377,normal,1535,0,1782362198.188422,0.0019903182983398438
306378,normal,1809,0,1782362198.1904473,0.0020253658294677734
306379,normal,3292,1,1782362198.1924186,0.0019712448120117188
306380,normal,245,0,1782362198.1943707,0.0019521713256835938
306381,normal,1437,0,1782362198.196463,0.0020923614501953125
306382,normal,311,0,1782362198.198373,0.0019099712371826172
306383,normal,1392,0,1782362198.200476,0.0021028518676757812
306384,normal,498,0,1782362198.202372,0.0018961429595947266
306385,normal,1237,0,1782362198.2044954,0.0021233558654785156
306386,normal,176,0,1782362198.206384,0.0018885135650634766
306387,normal,456,0,1782362198.2085092,0.002125263214111328
306388,normal,593,0,1782362198.2103562,0.0018470287322998047
306389,normal,1681,0,1782362198.2124603,0.002104043960571289
306390,normal,2639,0,1782362198.2143464,0.001886129379272461
306391,normal,1398,0,1782362198.2164583,0.0021119117736816406
306392,normal,3586,0,1782362198.2183442,0.0018858909606933594
306393,normal,381,0,1782362198.2205024,0.0021581649780273438
306394,normal,2536,0,1782362198.2224479,0.00194549560546875
306395,normal,129,0,1782362198.224419,0.0019712448120117188
306396,normal,3511,0,1782362198.2265487,0.0021295547485351562
306397,normal,2116,0,1782362198.2284396,0.0018908977508544922
306398,normal,2078,0,1782362198.2303767,0.0019371509552001953
306399,normal,223,0,1782362198.2325382,0.0021615028381347656
306400,normal,2756,0,1782362198.235196,0.0026578903198242188
306401,normal,3220,1,1782362198.2363665,0.0011703968048095703
306402,normal,3650,0,1782362198.2383432,0.0019767284393310547
306403,normal,2905,0,1782362198.2403462,0.0020029544830322266
306404,normal,2294,0,1782362198.2423463,0.002000093460083008
306405,normal,377,0,1782362198.2446363,0.002290010452270508
306406,normal,220,0,1782362198.2463715,0.0017352104187011719
306407,normal,3325,1,1782362198.2484133,0.0020418167114257812
306408,normal,2518,0,1782362198.250471,0.002057790756225586
306409,normal,1494,0,1782362198.2524898,0.0020186901092529297
306410,normal,3443,0,1782362198.2544181,0.0019283294677734375
306411,normal,2909,0,1782362198.2564185,0.0020003318786621094
306412,normal,3508,0,1782362198.2585268,0.002108335494995117
306413,normal,2996,0,1782362198.2604952,0.0019683837890625
306414,normal,1922,0,1782362198.2623372,0.0018420219421386719
306415,normal,2471,0,1782362198.264443,0.002105712890625
306416,normal,2962,0,1782362198.2663307,0.0018877983093261719
306417,normal,1465,0,1782362198.268348,0.0020172595977783203
306418,normal,3563,0,1782362198.2705257,0.002177715301513672
306419,normal,2371,0,1782362198.2723386,0.0018129348754882812
306420,normal,555,0,1782362198.2743273,0.001988649368286133
306421,normal,2363,0,1782362198.2764428,0.002115488052368164
306422,normal,1372,1,1782362198.278329,0.001886129379272461
306423,normal,918,2,1782362198.2809165,0.002587556838989258
306424,normal,3256,1,1782362198.2826278,0.0017113685607910156
306425,normal,1736,0,1782362198.2843614,0.001733541488647461
306426,normal,3183,1,1782362198.286457,0.0020956993103027344
306427,normal,1758,0,1782362198.288362,0.0019049644470214844
306428,normal,3094,1,1782362198.2903569,0.0019948482513427734
306429,normal,95,0,1782362198.2925081,0.0021512508392333984
306430,normal,1935,0,1782362198.2945547,0.0020465850830078125
306431,normal,1202,0,1782362198.2963402,0.0017855167388916016
306432,normal,1766,0,1782362198.298449,0.0021088123321533203
306433,normal,3075,1,1782362198.3003561,0.0019071102142333984
306434,normal,2352,0,1782362198.3024642,0.0021080970764160156
306435,normal,2618,0,1782362198.3044796,0.002015352249145508
306436,normal,1198,0,1782362198.306564,0.002084493637084961
306437,normal,2485,0,1782362198.3085701,0.002006053924560547
306438,normal,2324,0,1782362198.310436,0.0018658638000488281
306439,normal,3171,1,1782362198.3125293,0.0020933151245117188
306440,normal,1378,1,1782362198.3144693,0.001940011978149414
306441,normal,1090,0,1782362198.3165562,0.0020868778228759766
306442,normal,3303,1,1782362198.3183475,0.001791238784790039
306443,normal,100,0,1782362198.320748,0.002400636672973633
306444,normal,3052,1,1782362198.3224955,0.0017473697662353516
306445,normal,3008,0,1782362198.3244767,0.0019812583923339844
306446,normal,2136,0,1782362198.3267617,0.002285003662109375
306447,normal,2872,0,1782362198.3286147,0.0018529891967773438
306448,normal,942,2,1782362198.3305125,0.0018978118896484375
306449,normal,3104,1,1782362198.3323445,0.0018320083618164062
306450,normal,1827,0,1782362198.3344452,0.002100706100463867
306451,normal,2182,0,1782362198.3363342,0.0018889904022216797
306452,normal,3283,1,1782362198.3384728,0.0021386146545410156
306453,normal,3709,0,1782362198.3403592,0.0018863677978515625
306454,normal,3693,0,1782362198.3424714,0.002112150192260742
306455,normal,3500,0,1782362198.3443458,0.0018744468688964844
306456,normal,1249,0,1782362198.3464613,0.002115488052368164
306457,normal,2490,0,1782362198.3484175,0.0019562244415283203
306458,normal,574,0,1782362198.3504744,0.0020568370819091797
306459,normal,2172,0,1782362198.3525243,0.0020499229431152344
306460,normal,1867,0,1782362198.3543355,0.0018112659454345703
306461,normal,3642,0,1782362198.3564432,0.0021076202392578125
306462,normal,3059,1,1782362198.3585095,0.002066373825073242
306463,normal,2235,0,1782362198.3604732,0.0019636154174804688
306464,normal,2545,0,1782362198.36243,0.001956939697265625
306465,normal,599,0,1782362198.3643641,0.001934051513671875
306466,normal,3550,0,1782362198.3664675,0.0021033287048339844
306467,normal,746,0,1782362198.3685048,0.0020372867584228516
306468,normal,2694,0,1782362198.370385,0.0018801689147949219
306469,normal,782,2,1782362198.3723931,0.002008199691772461
306470,normal,3248,1,1782362198.3744822,0.0020890235900878906
306471,normal,166,0,1782362198.37636,0.0018777847290039062
306472,normal,2072,0,1782362198.3786042,0.002244234085083008
306473,normal,3221,1,1782362198.3804283,0.0018241405487060547
306474,normal,2096,0,1782362198.3824842,0.0020558834075927734
306475,normal,2684,0,1782362198.3846586,0.00217437744140625
306476,normal,1786,0,1782362198.3863797,0.0017211437225341797
306477,normal,3032,0,1782362198.3883832,0.0020034313201904297
306478,normal,2226,0,1782362198.390588,0.00220489501953125
306479,normal,711,0,1782362198.3923986,0.0018105506896972656
306480,normal,1319,1,1782362198.3946319,0.002233266830444336
306481,normal,213,0,1782362198.3965082,0.0018763542175292969
306482,normal,384,0,1782362198.3984644,0.0019562244415283203
306483,normal,1841,0,1782362198.400621,0.002156496047973633
306484,normal,1709,0,1782362198.402432,0.0018110275268554688
306485,normal,753,0,1782362198.404516,0.002084016799926758
306486,normal,2994,0,1782362198.4065015,0.0019855499267578125
306487,normal,680,0,1782362198.4083292,0.0018277168273925781
306488,normal,3164,1,1782362198.4105616,0.0022323131561279297
306489,normal,2811,0,1782362198.412362,0.001800537109375
306490,normal,1036,0,1782362198.414472,0.002110004425048828
306491,normal,2837,0,1782362198.416465,0.001992940902709961
306492,normal,2062,0,1782362198.4185555,0.0020904541015625
306493,normal,1098,0,1782362198.420503,0.0019474029541015625
306494,normal,510,0,1782362198.4224274,0.0019245147705078125
306495,normal,1449,0,1782362198.4246893,0.0022618770599365234
306496,normal,380,0,1782362198.4264662,0.0017769336700439453
306497,normal,225,0,1782362198.42845,0.0019838809967041016
306498,normal,2184,0,1782362198.4306195,0.002169370651245117
306499,normal,876,2,1782362198.432446,0.0018265247344970703
306500,normal,1263,0,1782362198.4343393,0.0018932819366455078
306501,normal,452,0,1782362198.4364522,0.002112865447998047
306502,normal,3654,0,1782362198.4383337,0.0018815994262695312
306503,normal,879,2,1782362198.4407086,0.002374887466430664
306504,normal,1741,0,1782362198.4423351,0.0016264915466308594
306505,normal,2420,0,1782362198.4444458,0.002110719680786133
306506,normal,3113,1,1782362198.4463308,0.0018849372863769531
306507,normal,612,0,1782362198.4484417,0.0021109580993652344
306508,normal,184,0,1782362198.4505644,0.002122640609741211
306509,normal,1710,0,1782362198.4528499,0.002285480499267578
306510,normal,2646,0,1782362198.4544299,0.0015799999237060547
306511,normal,1728,0,1782362198.4563382,0.0019083023071289062
306512,normal,1864,0,1782362198.4584548,0.002116680145263672
306513,normal,571,0,1782362198.460459,0.0020041465759277344
306514,normal,1502,0,1782362198.462393,0.001934051513671875
306515,normal,290,0,1782362198.4646204,0.002227306365966797
306516,normal,1041,0,1782362198.466401,0.0017807483673095703
306517,normal,2558,0,1782362198.468336,0.0019350051879882812
306518,normal,1712,0,1782362198.4704623,0.0021262168884277344
306519,normal,3653,0,1782362198.4723494,0.0018870830535888672
306520,normal,728,0,1782362198.4744983,0.002148866653442383
306521,normal,1895,0,1782362198.476377,0.0018787384033203125
306522,normal,3602,0,1782362198.478521,0.0021440982818603516
306523,normal,985,2,1782362198.4804134,0.0018923282623291016
306524,normal,1056,0,1782362198.4823635,0.0019500255584716797
306525,normal,3698,0,1782362198.4845972,0.002233743667602539
306526,normal,993,2,1782362198.487101,0.0025038719177246094
306527,normal,3427,0,1782362198.4884486,0.0013475418090820312
306528,normal,2887,0,1782362198.4904547,0.002006053924560547
306529,normal,243,0,1782362198.4923773,0.001922607421875
306530,normal,2955,0,1782362198.494392,0.002014636993408203
306531,normal,1869,0,1782362198.4965396,0.002147674560546875
306532,normal,1717,0,1782362198.498506,0.0019664764404296875
306533,normal,2586,0,1782362198.5004935,0.001987457275390625
306534,normal,1364,1,1782362198.5024774,0.0019838809967041016
306535,normal,474,0,1782362198.5044682,0.001990795135498047
306536,normal,1050,0,1782362198.5067258,0.0022575855255126953
306537,normal,1578,0,1782362198.5084386,0.001712799072265625
306538,normal,558,0,1782362198.510344,0.0019054412841796875
306539,normal,1258,0,1782362198.5124278,0.0020837783813476562
306540,normal,1309,0,1782362198.5144632,0.002035379409790039
306541,normal,880,2,1782362198.5164127,0.0019495487213134766
306542,normal,1059,0,1782362198.518485,0.0020723342895507812
306543,normal,2297,0,1782362198.5204794,0.0019943714141845703
306544,normal,2589,0,1782362198.5224288,0.001949310302734375
306545,normal,3384,1,1782362198.5245566,0.0021278858184814453
306546,normal,731,0,1782362198.5268476,0.002290964126586914
306547,normal,3505,0,1782362198.5285478,0.0017001628875732422
306548,normal,1428,0,1782362198.5307398,0.0021920204162597656
306549,normal,2006,0,1782362198.532443,0.0017032623291015625
306550,normal,3142,1,1782362198.5343897,0.0019466876983642578
306551,normal,2599,0,1782362198.5362973,0.0019075870513916016
306552,normal,1352,1,1782362198.53844,0.002142667770385742
306553,normal,2835,0,1782362198.5403965,0.001956462860107422
306554,normal,2111,0,1782362198.5424237,0.002027273178100586
306555,normal,3112,1,1782362198.5444252,0.002001523971557617
306556,normal,3664,0,1782362198.5467267,0.002301454544067383
306557,normal,1470,0,1782362198.5485518,0.001825094223022461
306558,normal,268,0,1782362198.5506501,0.0020983219146728516
306559,normal,2708,0,1782362198.5523963,0.0017461776733398438
306560,normal,1451,0,1782362198.554453,0.002056598663330078
306561,normal,976,2,1782362198.5564713,0.002018451690673828
306562,normal,701,0,1782362198.5584621,0.001990795135498047
306563,normal,975,2,1782362198.5604548,0.0019927024841308594
306564,normal,506,0,1782362198.5628617,0.0024068355560302734
306565,normal,2712,0,1782362198.564636,0.0017743110656738281
306566,normal,2831,0,1782362198.5665877,0.0019516944885253906
306567,normal,681,0,1782362198.5685596,0.0019719600677490234
306568,normal,3662,0,1782362198.570417,0.0018572807312011719
306569,normal,3516,0,1782362198.57256,0.0021431446075439453
306570,normal,837,2,1782362198.574423,0.0018630027770996094
306571,normal,2972,0,1782362198.5766282,0.0022051334381103516
306572,normal,2071,0,1782362198.578495,0.0018668174743652344
306573,normal,1151,0,1782362198.5808063,0.002311229705810547
306574,normal,2871,0,1782362198.5825438,0.0017375946044921875
306575,normal,3324,1,1782362198.5846968,0.0021529197692871094
306576,normal,3399,1,1782362198.5866756,0.0019788742065429688
306577,normal,496,0,1782362198.58854,0.0018644332885742188
306578,normal,50,0,1782362198.5906081,0.002068042755126953
306579,normal,3486,0,1782362198.5926182,0.0020101070404052734
306580,normal,3397,1,1782362198.5945275,0.0019092559814453125
306581,normal,388,0,1782362198.59655,0.0020225048065185547
306582,normal,1952,0,1782362198.5986495,0.0020995140075683594
306583,normal,1448,0,1782362198.6004374,0.0017879009246826172
306584,normal,2881,0,1782362198.6026,0.0021626949310302734
306585,normal,1126,0,1782362198.6047454,0.0021452903747558594
306586,normal,2359,0,1782362198.6065974,0.0018520355224609375
306587,normal,3165,1,1782362198.6086774,0.0020799636840820312
306588,normal,3669,0,1782362198.6106462,0.001968860626220703
306589,normal,2399,0,1782362198.6130364,0.002390146255493164
306590,normal,1377,1,1782362198.6145191,0.0014827251434326172
306591,normal,619,0,1782362198.6166124,0.0020933151245117188
306592,normal,2186,0,1782362198.6187077,0.0020952224731445312
306593,normal,3476,0,1782362198.6208868,0.0021791458129882812
306594,normal,2625,0,1782362198.6227746,0.0018877983093261719
306595,normal,294,0,1782362198.6247191,0.0019445419311523438
306596,normal,1921,0,1782362198.627955,0.0032358169555664062
306597,normal,228,0,1782362198.628394,0.00043892860412597656
306598,normal,2744,0,1782362198.630545,0.002151012420654297
306599,normal,1299,0,1782362198.6326087,0.002063751220703125
306600,normal,2412,0,1782362198.6347032,0.0020945072174072266
306601,normal,2504,0,1782362198.636427,0.0017237663269042969
306602,normal,259,0,1782362198.638479,0.0020520687103271484
306603,normal,1976,0,1782362198.6405823,0.0021033287048339844
306604,normal,2941,0,1782362198.6424186,0.0018362998962402344
306605,normal,2772,0,1782362198.644725,0.0023064613342285156
306606,normal,28,0,1782362198.6470923,0.002367258071899414
306607,normal,2204,0,1782362198.6487212,0.001628875732421875
306608,normal,326,0,1782362198.6503613,0.0016400814056396484
306609,normal,828,2,1782362198.652444,0.0020825862884521484
306610,normal,3612,0,1782362198.6544287,0.001984834671020508
306611,normal,256,0,1782362198.6564333,0.0020046234130859375
306612,normal,1290,0,1782362198.6583855,0.0019521713256835938
306613,normal,97,0,1782362198.660487,0.002101421356201172
306614,normal,724,0,1782362198.6624398,0.0019528865814208984
306615,normal,1612,0,1782362198.66441,0.0019702911376953125
306616,normal,3379,1,1782362198.6666982,0.0022881031036376953
306617,normal,2816,0,1782362198.668546,0.0018477439880371094
306618,normal,2575,0,1782362198.6706553,0.0021092891693115234
306619,normal,602,0,1782362198.6725132,0.0018579959869384766
306620,normal,3192,1,1782362198.6745892,0.0020759105682373047
306621,normal,1753,0,1782362198.6769474,0.0023581981658935547
306622,normal,3610,0,1782362198.6784976,0.0015501976013183594
306623,normal,212,0,1782362198.6807275,0.002229928970336914
306624,normal,2548,0,1782362198.6825514,0.0018239021301269531
306625,normal,1696,0,1782362198.6850238,0.002472400665283203
306626,normal,1734,0,1782362198.6872761,0.002252340316772461
306627,normal,2347,0,1782362198.6885822,0.0013060569763183594
306628,normal,1343,1,1782362198.6904829,0.0019006729125976562
306629,normal,1886,0,1782362198.692585,0.0021021366119384766
306630,normal,3252,1,1782362198.694763,0.0021779537200927734
306631,normal,714,0,1782362198.6968584,0.002095460891723633
306632,normal,2528,0,1782362198.698894,0.0020356178283691406
306633,normal,873,2,1782362198.7011254,0.0022313594818115234
306634,normal,2002,0,1782362198.7024064,0.0012810230255126953
306635,normal,3618,0,1782362198.7047076,0.0023012161254882812
306636,normal,1871,0,1782362198.7064414,0.0017337799072265625
306637,normal,1117,0,1782362198.7085037,0.0020623207092285156
306638,normal,1175,0,1782362198.71056,0.0020563602447509766
306639,normal,752,0,1782362198.7126403,0.002080202102661133
306640,normal,489,0,1782362198.7144904,0.001850128173828125
306641,normal,1358,1,1782362198.7167118,0.002221345901489258
306642,normal,2661,0,1782362198.7185237,0.001811981201171875
306643,normal,914,2,1782362198.7206187,0.0020949840545654297
306644,normal,3274,1,1782362198.7227604,0.002141714096069336
306645,normal,2614,0,1782362198.7245371,0.0017766952514648438
306646,normal,1338,1,1782362198.726869,0.002331972122192383
306647,normal,1088,0,1782362198.7286274,0.0017583370208740234
306648,normal,3456,0,1782362198.730968,0.002340555191040039
306649,normal,1235,0,1782362198.7326844,0.0017163753509521484
306650,normal,2657,0,1782362198.7347093,0.0020248889923095703
306651,normal,261,0,1782362198.7366247,0.0019154548645019531
306652,normal,1394,0,1782362198.738852,0.002227306365966797
306653,normal,3169,1,1782362198.740511,0.0016589164733886719
306654,normal,1777,0,1782362198.7423642,0.0018532276153564453
306655,normal,2167,0,1782362198.7445798,0.0022156238555908203
306656,normal,2276,0,1782362198.7464828,0.0019030570983886719
306657,normal,1131,0,1782362198.748504,0.0020210742950439453
306658,normal,730,0,1782362198.750999,0.0024950504302978516
306659,normal,628,0,1782362198.7524686,0.0014696121215820312
306660,normal,2820,0,1782362198.7546918,0.0022232532501220703
306661,normal,2501,0,1782362198.7564912,0.0017993450164794922
306662,normal,3339,1,1782362198.7585661,0.0020749568939208984
306663,normal,3465,0,1782362198.7607207,0.0021545886993408203
306664,normal,1603,0,1782362198.7625823,0.001861572265625
306665,normal,693,0,1782362198.765402,0.0028197765350341797
306666,normal,2281,0,1782362198.7668016,0.0013995170593261719
306667,normal,423,0,1782362198.7685847,0.001783132553100586
306668,normal,851,2,1782362198.7707107,0.002125978469848633
306669,normal,846,2,1782362198.7724395,0.0017287731170654297
306670,normal,2637,0,1782362198.7746985,0.0022590160369873047
306671,normal,2895,0,1782362198.77642,0.0017216205596923828
306672,normal,2658,0,1782362198.7786071,0.002187013626098633
306673,normal,1293,0,1782362198.7807903,0.002183198928833008
306674,normal,3001,0,1782362198.78244,0.001649618148803711
306675,normal,365,0,1782362198.784729,0.0022890567779541016
306676,normal,3598,0,1782362198.786582,0.0018529891967773438
306677,normal,2580,0,1782362198.7886426,0.0020606517791748047
306678,normal,2494,0,1782362198.7906272,0.0019845962524414062
306679,normal,1033,0,1782362198.7926023,0.0019750595092773438
306680,normal,799,2,1782362198.7948027,0.0022003650665283203
306681,normal,3688,0,1782362198.7967951,0.001992464065551758
306682,normal,2442,0,1782362198.798583,0.0017879009246826172
306683,normal,3627,0,1782362198.8007026,0.0021195411682128906
306684,normal,1638,0,1782362198.8026884,0.001985788345336914
306685,normal,596,0,1782362198.8046312,0.0019428730010986328
306686,normal,2277,0,1782362198.806626,0.0019948482513427734
306687,normal,2290,0,1782362198.808534,0.0019078254699707031
306688,normal,733,0,1782362198.811055,0.002521038055419922
306689,normal,3185,1,1782362198.812938,0.0018830299377441406
306690,normal,1787,0,1782362198.8145814,0.0016434192657470703
306691,normal,369,0,1782362198.8167727,0.002191305160522461
306692,normal,1894,0,1782362198.818651,0.0018782615661621094
306693,normal,2327,0,1782362198.820979,0.002328157424926758
306694,normal,1779,0,1782362198.8225749,0.0015957355499267578
306695,normal,412,0,1782362198.8249097,0.0023348331451416016
306696,normal,559,0,1782362198.8264322,0.0015225410461425781
306697,normal,678,0,1782362198.828502,0.002069711685180664
306698,normal,2638,0,1782362198.8307352,0.002233266830444336
306699,normal,1304,0,1782362198.8328679,0.0021326541900634766
306700,normal,1402,0,1782362198.8356476,0.002779722213745117
306701,normal,1025,2,1782362198.8365026,0.0008549690246582031
306702,normal,3502,0,1782362198.8385687,0.0020661354064941406
306703,normal,1486,0,1782362198.8404334,0.0018646717071533203
306704,normal,3006,0,1782362198.842579,0.002145528793334961
306705,normal,1915,0,1782362198.8446229,0.0020439624786376953
306706,normal,1919,0,1782362198.846555,0.0019321441650390625
306707,normal,2468,0,1782362198.8484952,0.0019402503967285156
306708,normal,3312,1,1782362198.8504908,0.001995563507080078
306709,normal,924,2,1782362198.852407,0.0019161701202392578
306710,normal,2577,0,1782362198.8545382,0.002131223678588867
306711,normal,2246,0,1782362198.8565273,0.001989126205444336
306712,normal,2788,0,1782362198.85935,0.0028226375579833984
306713,normal,2848,0,1782362198.860722,0.0013720989227294922
306714,normal,108,0,1782362198.8625875,0.001865386962890625
306715,normal,1776,0,1782362198.864321,0.001733541488647461
306716,normal,2375,0,1782362198.8664246,0.002103567123413086
306717,normal,2120,0,1782362198.8684237,0.0019991397857666016
306718,normal,440,0,1782362198.8705614,0.0021376609802246094
306719,normal,2138,0,1782362198.8726163,0.002054929733276367
306720,normal,3135,1,1782362198.874675,0.002058744430541992
306721,normal,383,0,1782362198.8764439,0.0017688274383544922
306722,normal,308,0,1782362198.8784373,0.001993417739868164
306723,normal,2579,0,1782362198.8806026,0.0021653175354003906
306724,normal,1651,0,1782362198.8824947,0.00189208984375
306725,normal,947,2,1782362198.8844185,0.0019237995147705078
306726,normal,1222,0,1782362198.8865485,0.0021300315856933594
306727,normal,1483,0,1782362198.8890023,0.0024538040161132812
306728,normal,2777,0,1782362198.8907053,0.001703023910522461
306729,normal,3018,0,1782362198.8924992,0.0017938613891601562
306730,normal,2662,0,1782362198.8945544,0.0020551681518554688
306731,normal,652,0,1782362198.8965845,0.0020301342010498047
306732,normal,2874,0,1782362198.8985715,0.001986980438232422
306733,normal,1124,0,1782362198.900643,0.0020716190338134766
306734,normal,512,0,1782362198.9024475,0.001804351806640625
306735,normal,789,2,1782362198.9050167,0.0025691986083984375
306736,normal,2193,0,1782362198.9065564,0.0015397071838378906
306737,normal,1968,0,1782362198.908575,0.0020186901092529297
306738,normal,2374,0,1782362198.9104018,0.0018267631530761719
306739,normal,291,0,1782362198.9127834,0.002381563186645508
306740,normal,842,2,1782362198.914598,0.0018146038055419922
306741,normal,3513,0,1782362198.916425,0.0018270015716552734
306742,normal,3449,0,1782362198.9185,0.0020749568939208984
306743,normal,2361,0,1782362198.9203556,0.001855611801147461
306744,normal,1230,0,1782362198.9224908,0.0021352767944335938
306745,normal,2547,0,1782362198.9248168,0.0023260116577148438
306746,normal,1296,0,1782362198.926471,0.0016541481018066406
306747,normal,2353,0,1782362198.9284658,0.0019948482513427734
306748,normal,981,2,1782362198.9306443,0.0021784305572509766
306749,normal,3105,1,1782362198.9325378,0.0018935203552246094
306750,normal,1807,0,1782362198.9345934,0.002055644989013672
306751,normal,1767,0,1782362198.9366035,0.0020101070404052734
306752,normal,2055,0,1782362198.9386172,0.002013683319091797
306753,normal,210,0,1782362198.9406543,0.00203704833984375
306754,normal,1747,0,1782362198.9427009,0.0020465850830078125
306755,normal,2663,0,1782362198.9443831,0.001682281494140625
306756,normal,1233,0,1782362198.9465172,0.002134084701538086
306757,normal,90,0,1782362198.9484916,0.001974344253540039
306758,normal,2008,0,1782362198.9504888,0.001997232437133789
306759,normal,3501,0,1782362198.9526339,0.002145051956176758
306760,normal,2467,0,1782362198.954582,0.0019481182098388672
306761,normal,3659,0,1782362198.9563615,0.0017795562744140625
306762,normal,763,0,1782362198.9585319,0.0021703243255615234
306763,normal,657,0,1782362198.960458,0.0019261837005615234
306764,normal,368,0,1782362198.962413,0.0019550323486328125
306765,normal,2933,0,1782362198.9645793,0.002166271209716797
306766,normal,1999,0,1782362198.9672666,0.002687215805053711
306767,normal,2108,0,1782362198.9686823,0.0014157295227050781
306768,normal,2457,0,1782362198.9704416,0.0017592906951904297
306769,normal,2000,0,1782362198.9725342,0.002092599868774414
306770,normal,564,0,1782362198.9744725,0.0019383430480957031
306771,normal,480,0,1782362198.9763935,0.001920938491821289
306772,normal,800,2,1782362198.9785407,0.002147197723388672
306773,normal,12,0,1782362198.9804869,0.0019462108612060547
306774,normal,3609,0,1782362198.9826014,0.002114534378051758
306775,normal,1306,0,1782362198.9844239,0.0018224716186523438
306776,normal,420,0,1782362198.986401,0.001977205276489258
306777,normal,669,0,1782362198.9886072,0.002206087112426758
306778,normal,3697,0,1782362198.9905207,0.0019135475158691406
306779,normal,2386,0,1782362198.9924605,0.0019397735595703125
306780,normal,1631,0,1782362198.9944775,0.0020170211791992188
306781,normal,2051,0,1782362198.996966,0.002488374710083008
306782,normal,2919,0,1782362198.9986823,0.0017163753509521484
306783,normal,1601,0,1782362199.000511,0.0018286705017089844
306784,normal,2202,0,1782362199.0027494,0.0022385120391845703
306785,normal,760,0,1782362199.0046065,0.0018570423126220703
306786,normal,814,2,1782362199.0065045,0.001898050308227539
306787,normal,189,0,1782362199.008586,0.0020813941955566406
306788,normal,3051,1,1782362199.0103626,0.0017766952514648438
306789,normal,1806,0,1782362199.0129755,0.0026128292083740234
306790,normal,193,0,1782362199.014508,0.0015325546264648438
306791,normal,1415,0,1782362199.0165882,0.002080202102661133
306792,normal,3327,1,1782362199.018512,0.0019237995147705078
306793,normal,3057,1,1782362199.02076,0.002248048782348633
306794,normal,1207,0,1782362199.0226266,0.0018665790557861328
306795,normal,3293,1,1782362199.0244792,0.0018525123596191406
306796,normal,2156,0,1782362199.026779,0.002299785614013672
306797,normal,560,0,1782362199.0284433,0.0016644001007080078
306798,normal,3188,1,1782362199.0305567,0.00211334228515625
306799,normal,2114,0,1782362199.0326474,0.0020906925201416016
306800,normal,931,2,1782362199.034624,0.0019767284393310547
306801,normal,2763,0,1782362199.036442,0.001817941665649414
306802,normal,2377,0,1782362199.038525,0.0020830631256103516
306803,normal,1905,0,1782362199.040391,0.0018658638000488281
306804,normal,3012,0,1782362199.0425353,0.002144336700439453
306805,normal,2855,0,1782362199.0444987,0.001963376998901367
306806,normal,2572,0,1782362199.0466082,0.002109527587890625
306807,normal,2998,0,1782362199.0484843,0.0018761157989501953
306808,normal,2787,0,1782362199.050478,0.0019936561584472656
306809,normal,659,0,1782362199.052377,0.0018990039825439453
306810,normal,2758,0,1782362199.0545275,0.0021505355834960938
306811,normal,1264,0,1782362199.0565386,0.0020110607147216797
306812,normal,183,0,1782362199.058837,0.0022983551025390625
306813,normal,1793,0,1782362199.06086,0.002022981643676758
306814,normal,634,0,1782362199.0625117,0.001651763916015625
306815,normal,109,0,1782362199.0643892,0.0018775463104248047
306816,normal,3422,0,1782362199.0665312,0.0021419525146484375
306817,normal,2594,0,1782362199.0684752,0.0019440650939941406
306818,normal,738,0,1782362199.070422,0.0019466876983642578
306819,normal,3232,1,1782362199.0725796,0.0021576881408691406
306820,normal,2860,0,1782362199.0748794,0.002299785614013672
306821,normal,913,2,1782362199.0764227,0.001543283462524414
306822,normal,1740,0,1782362199.0784218,0.0019991397857666016
306823,normal,3671,0,1782362199.0805843,0.002162456512451172
306824,normal,575,0,1782362199.0823772,0.00179290771484375
306825,normal,2098,0,1782362199.0845194,0.002142190933227539
306826,normal,2863,0,1782362199.0864086,0.0018892288208007812
306827,normal,2140,0,1782362199.0884044,0.0019958019256591797
306828,normal,2305,0,1782362199.0905788,0.00217437744140625
306829,normal,1183,0,1782362199.0924366,0.001857757568359375
306830,normal,1406,0,1782362199.0954366,0.003000020980834961
306831,normal,3046,1,1782362199.0965698,0.0011332035064697266
306832,normal,86,0,1782362199.09904,0.002470254898071289
306833,normal,3426,0,1782362199.1009521,0.0019121170043945312
306834,normal,2430,0,1782362199.1023424,0.001390218734741211
306835,normal,2606,0,1782362199.1046045,0.002262115478515625
306836,normal,1312,0,1782362199.1064034,0.001798868179321289
306837,normal,3170,1,1782362199.1085653,0.0021619796752929688
306838,normal,2542,0,1782362199.1104643,0.0018990039825439453
306839,normal,3376,1,1782362199.1126819,0.002217531204223633
306840,normal,2027,0,1782362199.1145685,0.001886606216430664
306841,normal,1870,0,1782362199.1164696,0.0019011497497558594
306842,normal,1021,2,1782362199.1185503,0.002080678939819336
306843,normal,927,2,1782362199.1204534,0.0019030570983886719
306844,normal,3416,0,1782362199.1224804,0.0020270347595214844
306845,normal,933,2,1782362199.1248405,0.002360105514526367
306846,normal,737,0,1782362199.126365,0.0015244483947753906
306847,normal,3237,1,1782362199.1283782,0.0020132064819335938
306848,normal,22,0,1782362199.130453,0.0020749568939208984
306849,normal,761,0,1782362199.132369,0.0019159317016601562
306850,normal,3565,0,1782362199.134461,0.0020918846130371094
306851,normal,142,0,1782362199.136359,0.001898050308227539
306852,normal,3163,1,1782362199.138408,0.002048969268798828
306853,normal,1366,1,1782362199.1404595,0.0020515918731689453
306854,normal,2275,0,1782362199.1425197,0.0020601749420166016
306855,normal,2181,0,1782362199.1444297,0.0019099712371826172
306856,normal,427,0,1782362199.1464102,0.0019805431365966797
306857,normal,2965,0,1782362199.1484225,0.0020122528076171875
306858,normal,283,0,1782362199.1503723,0.0019497871398925781
306859,normal,399,0,1782362199.152406,0.002033710479736328
306860,normal,3143,1,1782362199.1544425,0.002036571502685547
306861,normal,2007,0,1782362199.156429,0.0019865036010742188
306862,normal,911,2,1782362199.1584976,0.0020685195922851562
306863,normal,2413,0,1782362199.1604583,0.00196075439453125
306864,normal,665,0,1782362199.1623924,0.001934051513671875
306865,normal,1281,0,1782362199.1643715,0.0019791126251220703
306866,normal,3278,1,1782362199.1665266,0.0021550655364990234
306867,normal,3438,0,1782362199.1686113,0.0020847320556640625
306868,normal,1619,0,1782362199.1703496,0.0017383098602294922
306869,normal,2785,0,1782362199.1724546,0.0021049976348876953
306870,normal,1246,0,1782362199.1744373,0.0019826889038085938
306871,normal,2070,0,1782362199.1764069,0.001969575881958008
306872,normal,269,0,1782362199.1785216,0.0021147727966308594
306873,normal,2701,0,1782362199.180562,0.002040386199951172
306874,normal,2018,0,1782362199.1827178,0.002155780792236328
306875,normal,1453,0,1782362199.1844847,0.0017669200897216797
306876,normal,3651,0,1782362199.1865299,0.002045154571533203
306877,normal,1820,0,1782362199.188376,0.0018460750579833984
306878,normal,1650,0,1782362199.1905212,0.0021452903747558594
306879,normal,1444,0,1782362199.1925504,0.0020291805267333984
306880,normal,3534,0,1782362199.194388,0.0018374919891357422
306881,normal,1362,1,1782362199.1968174,0.002429485321044922
306882,normal,458,0,1782362199.1985488,0.0017313957214355469
306883,normal,2317,0,1782362199.2006147,0.002065896987915039
306884,normal,3349,1,1782362199.2024865,0.0018718242645263672
306885,normal,741,0,1782362199.2046287,0.002142190933227539
306886,normal,2410,0,1782362199.2065704,0.001941680908203125
306887,normal,2891,0,1782362199.2085204,0.0019500255584716797
306888,normal,2755,0,1782362199.210521,0.002000570297241211
306889,normal,3114,1,1782362199.2126892,0.0021681785583496094
306890,normal,152,0,1782362199.2145793,0.0018901824951171875
306891,normal,2175,0,1782362199.216628,0.0020487308502197266
306892,normal,2321,0,1782362199.2183666,0.0017385482788085938
306893,normal,2042,0,1782362199.220546,0.002179384231567383
306894,normal,1061,0,1782362199.222743,0.0021970272064208984
306895,normal,402,0,1782362199.2244256,0.0016825199127197266
306896,normal,1849,0,1782362199.2267592,0.0023336410522460938
306897,normal,316,0,1782362199.2283814,0.0016222000122070312
306898,normal,1157,0,1782362199.2304223,0.002040863037109375
306899,normal,1047,0,1782362199.2327929,0.002370595932006836
306900,normal,3108,1,1782362199.2345488,0.0017559528350830078
306901,normal,3510,0,1782362199.2367632,0.0022144317626953125
306902,normal,1605,0,1782362199.2384648,0.0017015933990478516
306903,normal,878,2,1782362199.2406473,0.002182483673095703
306904,normal,3499,0,1782362199.2426553,0.0020079612731933594
306905,normal,181,0,1782362199.244612,0.0019567012786865234
306906,normal,3533,0,1782362199.2464721,0.0018601417541503906
306907,normal,589,0,1782362199.2485328,0.0020606517791748047
306908,normal,2808,0,1782362199.2504604,0.0019276142120361328
306909,normal,3497,0,1782362199.2525337,0.0020732879638671875
306910,normal,3253,1,1782362199.2545693,0.0020356178283691406
306911,normal,3674,0,1782362199.2565765,0.0020072460174560547
306912,normal,916,2,1782362199.2584796,0.0019030570983886719
306913,normal,1174,0,1782362199.2605994,0.002119779586791992
306914,normal,1879,0,1782362199.2624211,0.001821756362915039
306915,normal,1337,1,1782362199.264517,0.002095937728881836
306916,normal,853,2,1782362199.2664237,0.0019066333770751953
306917,normal,2670,0,1782362199.2691917,0.0027680397033691406
306918,normal,3395,1,1782362199.270696,0.0015041828155517578
306919,normal,1166,0,1782362199.272526,0.0018301010131835938
306920,normal,3228,1,1782362199.2744534,0.0019273757934570312
306921,normal,3616,0,1782362199.2765787,0.002125263214111328
306922,normal,1046,0,1782362199.2783978,0.0018191337585449219
306923,normal,1988,0,1782362199.2804983,0.0021004676818847656
306924,normal,1072,0,1782362199.282629,0.002130746841430664
306925,normal,436,0,1782362199.2847395,0.0021104812622070312
306926,normal,3462,0,1782362199.2863894,0.0016498565673828125
306927,normal,1534,0,1782362199.288541,0.0021517276763916016
306928,normal,1380,1,1782362199.2904365,0.0018954277038574219
306929,normal,3055,1,1782362199.2923973,0.00196075439453125
306930,normal,0,0,1782362199.294521,0.0021238327026367188
306931,normal,355,0,1782362199.2965183,0.001997232437133789
306932,normal,1835,0,1782362199.2984905,0.001972198486328125
306933,normal,1277,0,1782362199.3005195,0.002028942108154297
306934,normal,847,2,1782362199.3025637,0.002044200897216797
306935,normal,1032,0,1782362199.3044646,0.0019009113311767578
306936,normal,1980,0,1782362199.306911,0.002446413040161133
306937,normal,623,0,1782362199.3091748,0.002263784408569336
306938,normal,882,2,1782362199.3107517,0.0015769004821777344
306939,normal,859,2,1782362199.3124006,0.0016489028930664062
306940,normal,1083,0,1782362199.314358,0.001957416534423828
306941,normal,3506,0,1782362199.3165445,0.0021865367889404297
306942,normal,106,0,1782362199.3184144,0.0018699169158935547
306943,normal,1367,1,1782362199.3205283,0.002113819122314453
306944,normal,442,0,1782362199.3226185,0.0020902156829833984
306945,normal,2020,0,1782362199.3246293,0.002010822296142578
306946,normal,645,0,1782362199.3266532,0.002023935317993164
306947,normal,1861,0,1782362199.3284972,0.0018439292907714844
306948,normal,646,0,1782362199.3308277,0.0023305416107177734
306949,normal,3116,1,1782362199.3329177,0.002089977264404297
306950,normal,982,2,1782362199.3345735,0.0016558170318603516
306951,normal,2920,0,1782362199.3364382,0.0018646717071533203
306952,normal,3589,0,1782362199.3387356,0.0022974014282226562
306953,normal,2842,0,1782362199.3406155,0.0018799304962158203
306954,normal,1187,0,1782362199.3424454,0.0018298625946044922
306955,normal,2061,0,1782362199.3445277,0.002082347869873047
306956,normal,1824,0,1782362199.3464034,0.0018756389617919922
306957,normal,756,0,1782362199.3485575,0.002154111862182617
306958,normal,2719,0,1782362199.3504303,0.0018727779388427734
306959,normal,1167,0,1782362199.3526185,0.0021882057189941406
306960,normal,565,0,1782362199.3545,0.0018815994262695312
306961,normal,1480,0,1782362199.356545,0.0020449161529541016
306962,normal,1920,0,1782362199.3584666,0.0019216537475585938
306963,normal,1748,0,1782362199.360607,0.0021402835845947266
306964,normal,2344,0,1782362199.3624468,0.0018398761749267578
306965,normal,607,0,1782362199.364851,0.0024042129516601562
306966,normal,1914,0,1782362199.3667784,0.0019273757934570312
306967,normal,2144,0,1782362199.3686574,0.001878976821899414
306968,normal,2650,0,1782362199.3705182,0.0018608570098876953
306969,normal,1234,0,1782362199.3725183,0.002000093460083008
306970,normal,3599,0,1782362199.3744805,0.0019621849060058594
306971,normal,1957,0,1782362199.376453,0.0019724369049072266
306972,normal,103,0,1782362199.3785987,0.0021457672119140625
306973,normal,1829,0,1782362199.380946,0.002347230911254883
306974,normal,2660,0,1782362199.3824503,0.0015044212341308594
306975,normal,2834,0,1782362199.3845627,0.0021123886108398438
306976,normal,3652,0,1782362199.3864532,0.001890420913696289
306977,normal,557,0,1782362199.3884296,0.001976490020751953
306978,normal,3141,1,1782362199.390613,0.0021834373474121094
306979,normal,971,2,1782362199.392718,0.0021049976348876953
306980,normal,1048,0,1782362199.395072,0.0023539066314697266
306981,normal,2113,0,1782362199.3967652,0.0016932487487792969
306982,normal,2229,0,1782362199.398609,0.0018436908721923828
306983,normal,3047,1,1782362199.400551,0.0019421577453613281
306984,normal,965,2,1782362199.4025562,0.0020051002502441406
306985,normal,1369,1,1782362199.404644,0.002087831497192383
306986,normal,1474,0,1782362199.4065154,0.001871347427368164
306987,normal,3316,1,1782362199.4084501,0.0019347667694091797
306988,normal,1882,0,1782362199.411066,0.0026159286499023438
306989,normal,1137,0,1782362199.4126318,0.001565694808959961
306990,normal,3239,1,1782362199.4145794,0.001947641372680664
306991,normal,1798,0,1782362199.4165294,0.0019500255584716797
306992,normal,2439,0,1782362199.4185936,0.002064228057861328
306993,normal,867,2,1782362199.420831,0.0022373199462890625
306994,normal,2200,0,1782362199.422513,0.0016820430755615234
306995,normal,2999,0,1782362199.4244561,0.0019431114196777344
306996,normal,1188,0,1782362199.4263885,0.001932382583618164
306997,normal,2943,0,1782362199.4285038,0.0021152496337890625
306998,normal,1691,0,1782362199.4303832,0.0018794536590576172
306999,normal,1002,2,1782362199.4325302,0.0021469593048095703
307000,normal,2792,0,1782362199.4349265,0.0023963451385498047
307001,normal,1706,0,1782362199.436561,0.0016345977783203125
307002,normal,552,0,1782362199.4386253,0.002064228057861328
307003,normal,3348,1,1782362199.44075,0.0021245479583740234
307004,normal,3103,1,1782362199.44278,0.0020301342010498047
307005,normal,1492,0,1782362199.4448373,0.002057313919067383
307006,normal,3257,1,1782362199.446546,0.0017087459564208984
307007,normal,2945,0,1782362199.448594,0.002048015594482422
307008,normal,2607,0,1782362199.4505587,0.001964569091796875
307009,normal,11,0,1782362199.4525967,0.0020380020141601562
307010,normal,3423,0,1782362199.4545746,0.0019779205322265625
307011,normal,271,0,1782362199.45654,0.0019655227661132812
307012,normal,3322,1,1782362235.5391288,0.0
307013,normal,3357,1,1782362235.5413651,0.0022363662719726562
307014,normal,3473,0,1782362235.5431173,0.0017521381378173828
307015,normal,1595,0,1782362235.5452578,0.002140522003173828
307016,normal,2650,0,1782362235.5470817,0.0018239021301269531
307017,normal,2573,0,1782362235.5492926,0.002210855484008789
307018,normal,591,0,1782362235.5511112,0.0018186569213867188
307019,normal,3691,0,1782362235.553257,0.0021457672119140625
307020,normal,2016,0,1782362235.5550778,0.0018208026885986328
307021,normal,223,0,1782362235.5572557,0.0021779537200927734
307022,normal,1074,0,1782362235.559102,0.0018463134765625
307023,normal,1176,0,1782362235.5613697,0.002267599105834961
307024,normal,1990,0,1782362235.5632453,0.0018756389617919922
307025,normal,131,0,1782362235.5652952,0.0020499229431152344
307026,normal,30,0,1782362235.5673687,0.002073526382446289
307027,normal,427,0,1782362235.5694447,0.0020759105682373047
307028,normal,1653,0,1782362235.571157,0.0017123222351074219
307029,normal,3088,1,1782362235.5734475,0.002290487289428711
307030,normal,1402,0,1782362235.5751867,0.0017392635345458984
307031,normal,3496,0,1782362235.5772886,0.002101898193359375
307032,normal,877,2,1782362235.5793543,0.0020656585693359375
307033,normal,3633,0,1782362235.581467,0.0021126270294189453
307034,normal,3027,0,1782362235.583152,0.0016851425170898438
307035,normal,253,0,1782362235.5855117,0.002359628677368164
307036,normal,1431,0,1782362235.5871773,0.0016655921936035156
307037,normal,245,0,1782362235.5895064,0.002329111099243164
307038,normal,1460,0,1782362235.5913696,0.001863241195678711
307039,normal,765,0,1782362235.5933185,0.0019488334655761719
307040,normal,849,2,1782362235.5951815,0.0018630027770996094
307041,normal,649,0,1782362235.5974429,0.0022614002227783203
307042,normal,720,0,1782362235.599371,0.001928091049194336
307043,normal,3553,0,1782362235.6013045,0.0019335746765136719
307044,normal,3380,1,1782362235.603334,0.0020294189453125
307045,normal,393,0,1782362235.6054313,0.0020973682403564453
307046,normal,830,2,1782362235.6071842,0.0017528533935546875
307047,normal,151,0,1782362235.609326,0.002141714096069336
307048,normal,1110,0,1782362235.6114442,0.002118349075317383
307049,normal,3621,0,1782362235.613158,0.0017137527465820312
307050,normal,1020,2,1782362235.61552,0.0023620128631591797
307051,normal,2505,0,1782362235.6171837,0.0016636848449707031
307052,normal,175,0,1782362235.619438,0.0022542476654052734
307053,normal,740,0,1782362235.6211572,0.0017192363739013672
307054,normal,2187,0,1782362235.6234355,0.0022783279418945312
307055,normal,1714,0,1782362235.625156,0.001720428466796875
307056,normal,1705,0,1782362235.6274984,0.0023424625396728516
307057,normal,3284,1,1782362235.6291852,0.0016868114471435547
307058,normal,2938,0,1782362235.6314397,0.002254486083984375
307059,normal,3117,1,1782362235.6331563,0.00171661376953125
307060,normal,196,0,1782362235.6354365,0.0022802352905273438
307061,normal,2253,0,1782362235.63715,0.0017135143280029297
307062,normal,3221,1,1782362235.6395159,0.0023658275604248047
307063,normal,3546,0,1782362235.6411898,0.0016739368438720703
307064,normal,2251,0,1782362235.6434336,0.0022437572479248047
307065,normal,1932,0,1782362235.645156,0.0017223358154296875
307066,normal,791,2,1782362235.6474326,0.0022766590118408203
307067,normal,887,2,1782362235.6491597,0.0017271041870117188
307068,normal,878,2,1782362235.6514418,0.0022821426391601562
307069,normal,2217,0,1782362235.6532326,0.001790761947631836
307070,normal,3301,1,1782362235.6554434,0.002210855484008789
307071,normal,2903,0,1782362235.6571481,0.0017046928405761719
307072,normal,2638,0,1782362235.6593928,0.002244710922241211
307073,normal,3597,0,1782362235.6613233,0.0019304752349853516
307074,normal,249,0,1782362235.6633267,0.0020034313201904297
307075,normal,202,0,1782362235.6654477,0.0021209716796875
307076,normal,2236,0,1782362235.667185,0.001737356185913086
307077,normal,1470,0,1782362235.6694412,0.002256155014038086
307078,normal,1278,0,1782362235.6713805,0.0019392967224121094
307079,normal,263,0,1782362235.6733222,0.001941680908203125
307080,normal,1273,0,1782362235.6753316,0.0020093917846679688
307081,normal,2496,0,1782362235.6774437,0.002112150192260742
307082,normal,2687,0,1782362235.6791902,0.0017464160919189453
307083,normal,2914,0,1782362235.6814473,0.002257108688354492
307084,normal,2921,0,1782362235.6833816,0.0019342899322509766
307085,normal,1330,1,1782362235.6852963,0.0019147396087646484
307086,normal,1050,0,1782362235.6873372,0.002040863037109375
307087,normal,2970,0,1782362235.689463,0.0021257400512695312
307088,normal,272,0,1782362235.6911762,0.0017132759094238281
307089,normal,2197,0,1782362235.693445,0.0022687911987304688
307090,normal,738,0,1782362235.6953664,0.0019214153289794922
307091,normal,1052,0,1782362235.6973052,0.0019388198852539062
307092,normal,3080,1,1782362235.699327,0.00202178955078125
307093,normal,3051,1,1782362235.7014468,0.002119779586791992
307094,normal,1197,0,1782362235.7031949,0.0017480850219726562
307095,normal,2346,0,1782362235.7054415,0.0022466182708740234
307096,normal,2617,0,1782362235.707382,0.0019404888153076172
307097,normal,1766,0,1782362235.709314,0.0019321441650390625
307098,normal,3289,1,1782362235.71133,0.002015829086303711
307099,normal,2036,0,1782362235.7134452,0.0021152496337890625
307100,normal,480,0,1782362235.715191,0.0017457008361816406
307101,normal,301,0,1782362235.717461,0.002270221710205078
307102,normal,514,0,1782362235.7192147,0.0017535686492919922
307103,normal,77,0,1782362235.7214758,0.0022611618041992188
307104,normal,1568,0,1782362235.7232323,0.001756429672241211
307105,normal,3273,1,1782362235.725444,0.0022118091583251953
307106,normal,1068,0,1782362235.7271945,0.0017504692077636719
307107,normal,3250,1,1782362235.7294679,0.0022733211517333984
307108,normal,2713,0,1782362235.7312436,0.0017757415771484375
307109,normal,499,0,1782362235.7333307,0.002087116241455078
307110,normal,2805,0,1782362235.735325,0.0019943714141845703
307111,normal,782,2,1782362235.73744,0.002115011215209961
307112,normal,1343,1,1782362235.7391527,0.0017125606536865234
307113,normal,3417,0,1782362235.7414641,0.0023114681243896484
307114,normal,2513,0,1782362235.7431846,0.001720428466796875
307115,normal,1827,0,1782362235.7454128,0.002228260040283203
307116,normal,596,0,1782362235.7471492,0.0017364025115966797
307117,normal,647,0,1782362235.7492971,0.0021479129791259766
307118,normal,2098,0,1782362235.7511086,0.0018115043640136719
307119,normal,2033,0,1782362235.7533002,0.0021915435791015625
307120,normal,2469,0,1782362235.7551713,0.0018711090087890625
307121,normal,2639,0,1782362235.757293,0.0021216869354248047
307122,normal,2932,0,1782362235.759133,0.0018401145935058594
307123,normal,3343,1,1782362235.761262,0.0021288394927978516
307124,normal,2723,0,1782362235.7631435,0.0018815994262695312
307125,normal,13,0,1782362235.7652547,0.002111196517944336
307126,normal,3137,1,1782362235.7671702,0.0019154548645019531
307127,normal,2605,0,1782362235.7692506,0.0020804405212402344
307128,normal,2118,0,1782362235.7711341,0.0018835067749023438
307129,normal,2271,0,1782362235.7732565,0.0021224021911621094
307130,normal,1662,0,1782362235.7751346,0.0018780231475830078
307131,normal,786,2,1782362235.7772558,0.0021212100982666016
307132,normal,1977,0,1782362235.7791703,0.0019145011901855469
307133,normal,2137,0,1782362235.781287,0.002116680145263672
307134,normal,3656,0,1782362235.7831426,0.001855611801147461
307135,normal,3297,1,1782362235.7852576,0.002115011215209961
307136,normal,2985,0,1782362235.787167,0.001909494400024414
307137,normal,1450,0,1782362235.7892647,0.002097606658935547
307138,normal,442,0,1782362235.7911875,0.0019228458404541016
307139,normal,3003,0,1782362235.793269,0.0020813941955566406
307140,normal,3664,0,1782362235.7951388,0.0018699169158935547
307141,normal,2387,0,1782362235.7972562,0.0021173954010009766
307142,normal,550,0,1782362235.7991638,0.0019075870513916016
307143,normal,654,0,1782362235.8013008,0.0021369457244873047
307144,normal,2832,0,1782362235.8031733,0.0018725395202636719
307145,normal,2190,0,1782362235.8052666,0.0020933151245117188
307146,normal,2998,0,1782362235.8071325,0.0018658638000488281
307147,normal,3470,0,1782362235.809258,0.0021255016326904297
307148,normal,2232,0,1782362235.8111644,0.0019063949584960938
307149,normal,616,0,1782362235.8132524,0.0020880699157714844
307150,normal,147,0,1782362235.8151696,0.001917123794555664
307151,normal,204,0,1782362235.817269,0.0020995140075683594
307152,normal,3237,1,1782362235.8191366,0.001867532730102539
307153,normal,860,2,1782362235.8212578,0.0021212100982666016
307154,normal,1799,0,1782362235.823165,0.0019071102142333984
307155,normal,3331,1,1782362235.8252578,0.0020928382873535156
307156,normal,1071,0,1782362235.8271713,0.0019135475158691406
307157,normal,559,0,1782362235.8292634,0.002092123031616211
307158,normal,1846,0,1782362235.831136,0.0018725395202636719
307159,normal,748,0,1782362235.8332565,0.002120494842529297
307160,normal,309,0,1782362235.8351705,0.0019140243530273438
307161,normal,2453,0,1782362235.8372521,0.002081632614135742
307162,normal,1338,1,1782362235.8391607,0.0019085407257080078
307163,normal,2593,0,1782362235.8412545,0.002093791961669922
307164,normal,965,2,1782362235.8431346,0.0018801689147949219
307165,normal,1192,0,1782362235.8452556,0.0021209716796875
307166,normal,450,0,1782362235.847146,0.001890420913696289
307167,normal,465,0,1782362235.8491304,0.0019843578338623047
307168,normal,1558,0,1782362235.8512578,0.002127408981323242
307169,normal,1364,1,1782362235.8531408,0.0018830299377441406
307170,normal,493,0,1782362235.8552883,0.0021474361419677734
307171,normal,3661,0,1782362235.8571672,0.001878976821899414
307172,normal,1573,0,1782362235.8592293,0.002062082290649414
307173,normal,247,0,1782362235.8611996,0.0019702911376953125
307174,normal,3035,0,1782362235.863343,0.002143383026123047
307175,normal,964,2,1782362235.8651152,0.001772165298461914
307176,normal,1260,0,1782362235.8673398,0.0022246837615966797
307177,normal,2436,0,1782362235.8692212,0.0018813610076904297
307178,normal,188,0,1782362235.8712175,0.001996278762817383
307179,normal,1033,0,1782362235.8732018,0.0019843578338623047
307180,normal,2514,0,1782362235.875341,0.0021390914916992188
307181,normal,1047,0,1782362235.8771148,0.001773834228515625
307182,normal,103,0,1782362235.8793395,0.0022246837615966797
307183,normal,498,0,1782362235.8812468,0.0019073486328125
307184,normal,1366,1,1782362235.8832142,0.0019674301147460938
307185,normal,2910,0,1782362235.8851979,0.001983642578125
307186,normal,2426,0,1782362235.8874593,0.0022614002227783203
307187,normal,62,0,1782362235.8891914,0.0017321109771728516
307188,normal,3174,1,1782362235.891241,0.002049684524536133
307189,normal,712,0,1782362235.8931775,0.0019364356994628906
307190,normal,2062,0,1782362235.895369,0.0021915435791015625
307191,normal,497,0,1782362235.8971055,0.0017364025115966797
307192,normal,1992,0,1782362235.899343,0.002237558364868164
307193,normal,1348,1,1782362235.9011173,0.0017743110656738281
307194,normal,3388,1,1782362235.9033425,0.002225160598754883
307195,normal,531,0,1782362235.905169,0.0018265247344970703
307196,normal,1507,0,1782362235.9072561,0.002087116241455078
307197,normal,2175,0,1782362235.9091356,0.0018794536590576172
307198,normal,1942,0,1782362235.9112606,0.0021250247955322266
307199,normal,2782,0,1782362235.9131632,0.0019025802612304688
307200,normal,2645,0,1782362235.9153419,0.002178668975830078
307201,normal,1182,0,1782362235.917185,0.0018432140350341797
307202,normal,1030,0,1782362235.9193523,0.002167224884033203
307203,normal,3375,1,1782362235.921106,0.0017538070678710938
307204,normal,2299,0,1782362235.9233446,0.0022385120391845703
307205,normal,3147,1,1782362235.9251087,0.001764059066772461
307206,normal,1989,0,1782362235.9273424,0.002233743667602539
307207,normal,1187,0,1782362235.9291763,0.0018339157104492188
307208,normal,507,0,1782362235.9312615,0.0020852088928222656
307209,normal,3223,1,1782362235.933134,0.0018725395202636719
307210,normal,2286,0,1782362235.9352589,0.002124786376953125
307211,normal,2864,0,1782362235.9371395,0.001880645751953125
307212,normal,1638,0,1782362235.939342,0.0022025108337402344
307213,normal,470,0,1782362235.9411912,0.0018491744995117188
307214,normal,3300,1,1782362235.9433653,0.0021741390228271484
307215,normal,2054,0,1782362235.945108,0.0017426013946533203
307216,normal,1658,0,1782362235.9472594,0.0021514892578125
307217,normal,660,0,1782362235.9491565,0.0018970966339111328
307218,normal,22,0,1782362235.9512706,0.0021140575408935547
307219,normal,3662,0,1782362235.9531665,0.001895904541015625
307220,normal,3687,0,1782362235.9552667,0.002100229263305664
307221,normal,1701,0,1782362235.9571354,0.0018687248229980469
307222,normal,1131,0,1782362235.959257,0.002121448516845703
307223,normal,477,0,1782362235.9611418,0.0018849372863769531
307224,normal,1719,0,1782362235.9632554,0.0021135807037353516
307225,normal,3492,0,1782362235.9651747,0.0019192695617675781
307226,normal,2784,0,1782362235.967267,0.0020923614501953125
307227,normal,279,0,1782362235.9691343,0.0018672943115234375
307228,normal,1855,0,1782362235.9712584,0.0021240711212158203
307229,normal,2892,0,1782362235.9731593,0.0019009113311767578
307230,normal,1378,1,1782362235.9752676,0.002108335494995117
307231,normal,3448,0,1782362235.9771729,0.001905202865600586
307232,normal,926,2,1782362235.9792655,0.002092599868774414
307233,normal,2720,0,1782362235.981139,0.0018734931945800781
307234,normal,1860,0,1782362235.9832597,0.0021207332611083984
307235,normal,1311,0,1782362235.9851618,0.0019021034240722656
307236,normal,1663,0,1782362235.9872565,0.002094745635986328
307237,normal,884,2,1782362235.9891703,0.0019137859344482422
307238,normal,2908,0,1782362235.9912362,0.002065896987915039
307239,normal,2815,0,1782362235.99314,0.0019037723541259766
307240,normal,1406,0,1782362235.9952598,0.002119779586791992
307241,normal,441,0,1782362235.997166,0.0019061565399169922
307242,normal,2918,0,1782362235.9992652,0.002099275588989258
307243,normal,3287,1,1782362236.0011706,0.0019054412841796875
307244,normal,3681,0,1782362236.0032678,0.0020971298217773438
307245,normal,3308,1,1782362236.0051353,0.001867532730102539
307246,normal,713,0,1782362236.00726,0.002124786376953125
307247,normal,2576,0,1782362236.0091653,0.001905202865600586
307248,normal,398,0,1782362236.0112562,0.002090930938720703
307249,normal,155,0,1782362236.0131664,0.0019102096557617188
307250,normal,2727,0,1782362236.0152693,0.0021028518676757812
307251,normal,2398,0,1782362236.0171394,0.0018701553344726562
307252,normal,1368,1,1782362236.0192573,0.0021178722381591797
307253,normal,2641,0,1782362236.0211658,0.0019085407257080078
307254,normal,3293,1,1782362236.0232518,0.0020859241485595703
307255,normal,1677,0,1782362236.0251586,0.0019068717956542969
307256,normal,1566,0,1782362236.027258,0.002099275588989258
307257,normal,750,0,1782362236.0291407,0.001882791519165039
307258,normal,205,0,1782362236.0312638,0.002123117446899414
307259,normal,2191,0,1782362236.033167,0.0019030570983886719
307260,normal,749,0,1782362236.035255,0.0020880699157714844
307261,normal,3002,0,1782362236.0371578,0.0019028186798095703
307262,normal,3624,0,1782362236.0392637,0.0021059513092041016
307263,normal,20,0,1782362236.0411336,0.0018699169158935547
307264,normal,2744,0,1782362236.0432594,0.0021257400512695312
307265,normal,1554,0,1782362236.0451455,0.001886129379272461
307266,normal,2693,0,1782362236.0473416,0.002196073532104492
307267,normal,2308,0,1782362236.0492082,0.0018665790557861328
307268,normal,1920,0,1782362236.0511343,0.0019261837005615234
307269,normal,2996,0,1782362236.053338,0.002203702926635742
307270,normal,2044,0,1782362236.055228,0.001889944076538086
307271,normal,624,0,1782362236.0572333,0.002005338668823242
307272,normal,1528,0,1782362236.0591967,0.001963376998901367
307273,normal,620,0,1782362236.0613477,0.002151012420654297
307274,normal,220,0,1782362236.0631096,0.0017619132995605469
307275,normal,1293,0,1782362236.0653415,0.0022318363189697266
307276,normal,1144,0,1782362236.0672204,0.001878976821899414
307277,normal,3500,0,1782362236.0692198,0.001999378204345703
307278,normal,2843,0,1782362236.0713274,0.0021076202392578125
307279,normal,3074,1,1782362236.0733593,0.0020318031311035156
307280,normal,3052,1,1782362236.0751135,0.0017542839050292969
307281,normal,3125,1,1782362236.0773451,0.002231597900390625
307282,normal,2682,0,1782362236.0792208,0.0018756389617919922
307283,normal,1049,0,1782362236.0812175,0.001996755599975586
307284,normal,1526,0,1782362236.0831952,0.001977682113647461
307285,normal,2799,0,1782362236.0853498,0.0021545886993408203
307286,normal,1492,0,1782362236.087123,0.0017731189727783203
307287,normal,1863,0,1782362236.0893395,0.0022165775299072266
307288,normal,544,0,1782362236.091214,0.0018744468688964844
307289,normal,530,0,1782362236.0932078,0.001993894577026367
307290,normal,599,0,1782362236.0953467,0.002138853073120117
307291,normal,2010,0,1782362236.0974836,0.0021369457244873047
307292,normal,2849,0,1782362236.0991213,0.0016376972198486328
307293,normal,977,2,1782362236.1014597,0.002338409423828125
307294,normal,3008,0,1782362236.1031625,0.0017027854919433594
307295,normal,256,0,1782362236.1054816,0.0023190975189208984
307296,normal,487,0,1782362236.107165,0.0016834735870361328
307297,normal,2627,0,1782362236.1094618,0.0022966861724853516
307298,normal,1901,0,1782362236.1111815,0.0017197132110595703
307299,normal,1243,0,1782362236.1134622,0.002280712127685547
307300,normal,1189,0,1782362236.1151905,0.0017282962799072266
307301,normal,1744,0,1782362236.1174848,0.002294301986694336
307302,normal,1448,0,1782362236.1191585,0.0016736984252929688
307303,normal,282,0,1782362236.1214566,0.002298116683959961
307304,normal,1864,0,1782362236.1231844,0.0017278194427490234
307305,normal,2264,0,1782362236.1254585,0.002274036407470703
307306,normal,211,0,1782362236.127136,0.0016775131225585938
307307,normal,2689,0,1782362236.1294985,0.002362489700317383
307308,normal,1432,0,1782362236.1311302,0.0016317367553710938
307309,normal,1820,0,1782362236.133358,0.002227783203125
307310,normal,3537,0,1782362236.1351275,0.0017695426940917969
307311,normal,2090,0,1782362236.1373646,0.002237081527709961
307312,normal,3355,1,1782362236.1391854,0.0018208026885986328
307313,normal,1912,0,1782362236.1413581,0.002172708511352539
307314,normal,163,0,1782362236.1431425,0.0017843246459960938
307315,normal,3268,1,1782362236.145186,0.002043485641479492
307316,normal,3020,0,1782362236.1471176,0.0019316673278808594
307317,normal,3602,0,1782362236.1491733,0.002055644989013672
307318,normal,3033,0,1782362236.1511238,0.0019505023956298828
307319,normal,2961,0,1782362236.1530688,0.0019450187683105469
307320,normal,463,0,1782362236.1553438,0.0022749900817871094
307321,normal,1178,0,1782362236.1573632,0.0020194053649902344
307322,normal,1915,0,1782362236.159106,0.0017428398132324219
307323,normal,16,0,1782362236.161469,0.002362966537475586
307324,normal,582,0,1782362236.1631348,0.0016658306121826172
307325,normal,2733,0,1782362236.165473,0.0023381710052490234
307326,normal,813,2,1782362236.167337,0.0018639564514160156
307327,normal,3217,1,1782362236.169482,0.002145051956176758
307328,normal,2263,0,1782362236.17118,0.0016980171203613281
307329,normal,1903,0,1782362236.1734543,0.0022742748260498047
307330,normal,618,0,1782362236.175354,0.00189971923828125
307331,normal,1129,0,1782362236.177329,0.0019750595092773438
307332,normal,1954,0,1782362236.1791606,0.0018315315246582031
307333,normal,1466,0,1782362236.1814656,0.0023050308227539062
307334,normal,3239,1,1782362236.1831608,0.0016951560974121094
307335,normal,462,0,1782362236.1854854,0.0023245811462402344
307336,normal,3065,1,1782362236.1884093,0.0029239654541015625
307337,normal,2791,0,1782362236.1891618,0.0007524490356445312
307338,normal,60,0,1782362236.1914666,0.0023047924041748047
307339,normal,1386,0,1782362236.1931572,0.0016906261444091797
307340,normal,3563,0,1782362236.195481,0.0023238658905029297
307341,normal,1147,0,1782362236.1971622,0.0016810894012451172
307342,normal,3345,1,1782362236.1994672,0.0023050308227539062
307343,normal,2395,0,1782362236.2011712,0.0017039775848388672
307344,normal,1569,0,1782362236.203457,0.0022859573364257812
307345,normal,3365,1,1782362236.205162,0.0017049312591552734
307346,normal,1506,0,1782362236.2074816,0.0023195743560791016
307347,normal,1393,0,1782362236.209184,0.0017023086547851562
307348,normal,2788,0,1782362236.2114718,0.0022878646850585938
307349,normal,355,0,1782362236.2131648,0.0016930103302001953
307350,normal,538,0,1782362236.2154624,0.002297639846801758
307351,normal,2327,0,1782362236.2171595,0.0016970634460449219
307352,normal,3428,0,1782362236.2194648,0.002305269241333008
307353,normal,17,0,1782362236.2211869,0.001722097396850586
307354,normal,1843,0,1782362236.2234647,0.002277851104736328
307355,normal,824,2,1782362236.225164,0.001699209213256836
307356,normal,3303,1,1782362236.2274714,0.002307415008544922
307357,normal,500,0,1782362236.2291586,0.0016872882843017578
307358,normal,1807,0,1782362236.231489,0.002330303192138672
307359,normal,266,0,1782362236.2331614,0.001672506332397461
307360,normal,46,0,1782362236.2354665,0.0023050308227539062
307361,normal,2591,0,1782362236.2371895,0.0017230510711669922
307362,normal,526,0,1782362236.2394748,0.0022852420806884766
307363,normal,1728,0,1782362236.2411988,0.0017240047454833984
307364,normal,1919,0,1782362236.2434764,0.0022776126861572266
307365,normal,1620,0,1782362236.2451603,0.001683950424194336
307366,normal,2102,0,1782362236.247455,0.0022945404052734375
307367,normal,1226,0,1782362236.2491803,0.0017254352569580078
307368,normal,3627,0,1782362236.251369,0.0021886825561523438
307369,normal,2125,0,1782362236.2534537,0.0020847320556640625
307370,normal,1685,0,1782362236.2551844,0.0017306804656982422
307371,normal,3654,0,1782362236.2573688,0.0021843910217285156
307372,normal,193,0,1782362236.259353,0.001984119415283203
307373,normal,1760,0,1782362236.2613127,0.0019598007202148438
307374,normal,2844,0,1782362236.2633734,0.0020606517791748047
307375,normal,1972,0,1782362236.2654529,0.002079486846923828
307376,normal,315,0,1782362236.267157,0.0017042160034179688
307377,normal,3120,1,1782362236.269457,0.0023000240325927734
307378,normal,2634,0,1782362236.2711883,0.0017311573028564453
307379,normal,1356,1,1782362236.273485,0.0022966861724853516
307380,normal,2538,0,1782362236.2751129,0.0016279220581054688
307381,normal,2421,0,1782362236.2773988,0.0022859573364257812
307382,normal,2567,0,1782362236.2792983,0.0018994808197021484
307383,normal,3611,0,1782362236.2812488,0.0019505023956298828
307384,normal,3266,1,1782362236.283352,0.002103090286254883
307385,normal,3676,0,1782362236.285111,0.0017590522766113281
307386,normal,3471,0,1782362236.2873473,0.0022363662719726562
307387,normal,657,0,1782362236.2892027,0.0018553733825683594
307388,normal,1391,0,1782362236.2913153,0.0021126270294189453
307389,normal,2061,0,1782362236.2932458,0.0019304752349853516
307390,normal,1934,0,1782362236.2952185,0.001972675323486328
307391,normal,3606,0,1782362236.297222,0.0020034313201904297
307392,normal,527,0,1782362236.299198,0.00197601318359375
307393,normal,3370,1,1782362236.301449,0.002251148223876953
307394,normal,3316,1,1782362236.3031502,0.0017011165618896484
307395,normal,678,0,1782362236.3054605,0.0023102760314941406
307396,normal,2162,0,1782362236.3071847,0.0017242431640625
307397,normal,1928,0,1782362236.3094866,0.002301931381225586
307398,normal,2963,0,1782362236.3111494,0.0016627311706542969
307399,normal,1331,1,1782362236.3134558,0.0023064613342285156
307400,normal,2658,0,1782362236.3151543,0.0016984939575195312
307401,normal,2890,0,1782362236.3174598,0.0023055076599121094
307402,normal,1403,0,1782362236.319191,0.0017311573028564453
307403,normal,2439,0,1782362236.3214846,0.0022935867309570312
307404,normal,65,0,1782362236.3231301,0.0016455650329589844
307405,normal,732,0,1782362236.3253617,0.002231597900390625
307406,normal,2342,0,1782362236.32711,0.0017483234405517578
307407,normal,2626,0,1782362236.3293467,0.002236604690551758
307408,normal,1829,0,1782362236.33113,0.0017833709716796875
307409,normal,2082,0,1782362236.3332243,0.002094268798828125
307410,normal,1322,1,1782362236.335197,0.001972675323486328
307411,normal,575,0,1782362236.3371825,0.0019855499267578125
307412,normal,2029,0,1782362236.339192,0.0020093917846679688
307413,normal,2087,0,1782362236.3413422,0.002150297164916992
307414,normal,179,0,1782362236.3434355,0.0020933151245117188
307415,normal,1411,0,1782362236.345053,0.001617431640625
307416,normal,24,0,1782362236.3473246,0.0022716522216796875
307417,normal,685,0,1782362236.3491282,0.0018036365509033203
307418,normal,2206,0,1782362236.351119,0.001990795135498047
307419,normal,1019,2,1782362236.3531294,0.002010345458984375
307420,normal,3115,1,1782362236.3551319,0.0020024776458740234
307421,normal,1272,0,1782362236.3573406,0.002208709716796875
307422,normal,1163,0,1782362236.3592591,0.0019185543060302734
307423,normal,756,0,1782362236.361399,0.0021398067474365234
307424,normal,1935,0,1782362236.363323,0.0019240379333496094
307425,normal,3588,0,1782362236.3651648,0.0018417835235595703
307426,normal,2847,0,1782362236.3672998,0.002135038375854492
307427,normal,2396,0,1782362236.3692672,0.0019674301147460938
307428,normal,967,2,1782362236.3712368,0.001969575881958008
307429,normal,3,0,1782362236.3732424,0.0020055770874023438
307430,normal,100,0,1782362236.3752837,0.002041339874267578
307431,normal,3648,0,1782362236.3771307,0.0018470287322998047
307432,normal,1353,1,1782362236.3793762,0.0022454261779785156
307433,normal,284,0,1782362236.3811252,0.0017490386962890625
307434,normal,2881,0,1782362236.3833165,0.002191305160522461
307435,normal,2730,0,1782362236.3851633,0.0018467903137207031
307436,normal,119,0,1782362236.3873656,0.002202272415161133
307437,normal,232,0,1782362236.3891284,0.0017628669738769531
307438,normal,1995,0,1782362236.3912623,0.0021338462829589844
307439,normal,1439,0,1782362236.39319,0.0019276142120361328
307440,normal,362,0,1782362236.3952239,0.0020339488983154297
307441,normal,741,0,1782362236.3971674,0.0019435882568359375
307442,normal,3304,1,1782362236.3992996,0.0021321773529052734
307443,normal,715,0,1782362236.4011128,0.0018131732940673828
307444,normal,1621,0,1782362236.4032638,0.002151012420654297
307445,normal,837,2,1782362236.4051418,0.0018780231475830078
307446,normal,3203,1,1782362236.4072146,0.0020728111267089844
307447,normal,3274,1,1782362236.4091642,0.0019495487213134766
307448,normal,1212,0,1782362236.4112656,0.002101421356201172
307449,normal,1284,0,1782362236.4131064,0.001840829849243164
307450,normal,1031,0,1782362236.4152613,0.002154827117919922
307451,normal,3646,0,1782362236.4171755,0.0019142627716064453
307452,normal,950,2,1782362236.4192188,0.0020432472229003906
307453,normal,3272,1,1782362236.4212148,0.0019960403442382812
307454,normal,1467,0,1782362236.4232259,0.0020110607147216797
307455,normal,2229,0,1782362236.42511,0.0018842220306396484
307456,normal,3009,0,1782362236.4272642,0.002154111862182617
307457,normal,1414,0,1782362236.4291403,0.0018761157989501953
307458,normal,664,0,1782362236.4312294,0.0020890235900878906
307459,normal,969,2,1782362236.4331615,0.0019321441650390625
307460,normal,925,2,1782362236.4353669,0.002205371856689453
307461,normal,3218,1,1782362236.437132,0.0017650127410888672
307462,normal,1833,0,1782362236.4393647,0.002232789993286133
307463,normal,299,0,1782362236.441107,0.0017423629760742188
307464,normal,1476,0,1782362236.4432147,0.0021076202392578125
307465,normal,2042,0,1782362236.4451914,0.0019767284393310547
307466,normal,3021,0,1782362236.447267,0.002075672149658203
307467,normal,111,0,1782362236.4491081,0.0018410682678222656
307468,normal,880,2,1782362236.4513187,0.0022106170654296875
307469,normal,3614,0,1782362236.4531567,0.0018379688262939453
307470,normal,690,0,1782362236.4552858,0.002129077911376953
307471,normal,200,0,1782362236.457165,0.0018792152404785156
307472,normal,3692,0,1782362236.4593,0.002135038375854492
307473,normal,96,0,1782362236.4611318,0.0018317699432373047
307474,normal,2899,0,1782362236.4632611,0.0021293163299560547
307475,normal,2599,0,1782362236.465143,0.0018818378448486328
307476,normal,1012,2,1782362236.4672322,0.002089262008666992
307477,normal,637,0,1782362236.4691665,0.0019342899322509766
307478,normal,2146,0,1782362236.4712908,0.002124309539794922
307479,normal,2429,0,1782362236.4731116,0.0018208026885986328
307480,normal,3344,1,1782362236.4752572,0.002145528793334961
307481,normal,3649,0,1782362236.4771411,0.0018839836120605469
307482,normal,1300,0,1782362236.4791186,0.0019774436950683594
307483,normal,2766,0,1782362236.481257,0.002138376235961914
307484,normal,761,0,1782362236.4831374,0.0018804073333740234
307485,normal,2545,0,1782362236.4851322,0.0019948482513427734
307486,normal,1707,0,1782362236.487367,0.0022346973419189453
307487,normal,3476,0,1782362236.489107,0.0017399787902832031
307488,normal,2111,0,1782362236.4911253,0.002018451690673828
307489,normal,3275,1,1782362236.493289,0.0021636486053466797
307490,normal,1350,1,1782362236.495476,0.002187013626098633
307491,normal,2296,0,1782362236.49732,0.0018439292907714844
307492,normal,2611,0,1782362236.4993365,0.0020165443420410156
307493,normal,1761,0,1782362236.501306,0.001969575881958008
307494,normal,2416,0,1782362236.5033374,0.0020313262939453125
307495,normal,1172,0,1782362236.5054703,0.002132892608642578
307496,normal,1486,0,1782362236.5071871,0.0017168521881103516
307497,normal,1154,0,1782362236.509359,0.002171754837036133
307498,normal,910,2,1782362236.5114477,0.002088785171508789
307499,normal,3502,0,1782362236.5131876,0.0017399787902832031
307500,normal,3503,0,1782362236.515357,0.002169370651245117
307501,normal,2153,0,1782362236.5174477,0.0020906925201416016
307502,normal,2433,0,1782362236.5191839,0.0017361640930175781
307503,normal,1651,0,1782362236.5213563,0.0021724700927734375
307504,normal,688,0,1782362236.5234463,0.002089977264404297
307505,normal,1124,0,1782362236.5253024,0.001856088638305664
307506,normal,2871,0,1782362236.5271773,0.0018749237060546875
307507,normal,1847,0,1782362236.529447,0.002269744873046875
307508,normal,76,0,1782362236.5311809,0.0017337799072265625
307509,normal,872,2,1782362236.5333369,0.0021560192108154297
307510,normal,1523,0,1782362236.5354471,0.0021102428436279297
307511,normal,3369,1,1782362236.5371914,0.0017442703247070312
307512,normal,1828,0,1782362236.5393379,0.002146482467651367
307513,normal,1057,0,1782362236.54144,0.0021021366119384766
307514,normal,3182,1,1782362236.5431826,0.0017426013946533203
307515,normal,2320,0,1782362236.5451715,0.0019888877868652344
307516,normal,2497,0,1782362236.5474548,0.002283334732055664
307517,normal,2449,0,1782362236.5491827,0.0017278194427490234
307518,normal,2303,0,1782362236.5511098,0.0019271373748779297
307519,normal,1835,0,1782362236.5533473,0.002237558364868164
307520,normal,3186,1,1782362236.5551069,0.0017595291137695312
307521,normal,1997,0,1782362236.5571935,0.002086639404296875
307522,normal,680,0,1782362236.5593445,0.002151012420654297
307523,normal,3628,0,1782362236.5611205,0.001775979995727539
307524,normal,623,0,1782362236.5631888,0.0020682811737060547
307525,normal,1922,0,1782362236.5654385,0.0022497177124023438
307526,normal,1644,0,1782362236.5671203,0.0016818046569824219
307527,normal,831,2,1782362236.5692093,0.0020890235900878906
307528,normal,368,0,1782362236.5712564,0.0020470619201660156
307529,normal,2212,0,1782362236.5731473,0.0018908977508544922
307530,normal,2840,0,1782362236.5751991,0.002051830291748047
307531,normal,3599,0,1782362236.5773394,0.0021402835845947266
307532,normal,1181,0,1782362236.5791023,0.0017628669738769531
307533,normal,2506,0,1782362236.5813622,0.002259969711303711
307534,normal,1218,0,1782362236.5832245,0.0018622875213623047
307535,normal,3666,0,1782362236.585192,0.0019674301147460938
307536,normal,2615,0,1782362236.5871334,0.0019414424896240234
307537,normal,609,0,1782362236.5892534,0.0021200180053710938
307538,normal,2133,0,1782362236.5911303,0.0018768310546875
307539,normal,3483,0,1782362236.593271,0.0021407604217529297
307540,normal,975,2,1782362236.595164,0.0018930435180664062
307541,normal,1654,0,1782362236.5972059,0.0020418167114257812
307542,normal,2882,0,1782362236.5991297,0.0019237995147705078
307543,normal,90,0,1782362236.6012483,0.0021185874938964844
307544,normal,5,0,1782362236.603131,0.001882791519165039
307545,normal,3151,1,1782362236.6052582,0.0021271705627441406
307546,normal,543,0,1782362236.6071773,0.0019190311431884766
307547,normal,3132,1,1782362236.6092598,0.0020825862884521484
307548,normal,1051,0,1782362236.6111286,0.0018687248229980469
307549,normal,1519,0,1782362236.6133628,0.002234220504760742
307550,normal,1788,0,1782362236.6151292,0.0017664432525634766
307551,normal,3653,0,1782362236.6173403,0.0022110939025878906
307552,normal,2755,0,1782362236.6192286,0.001888275146484375
307553,normal,3572,0,1782362236.621191,0.001962423324584961
307554,normal,1086,0,1782362236.6231918,0.0020008087158203125
307555,normal,3464,0,1782362236.6253395,0.002147674560546875
307556,normal,2345,0,1782362236.6271274,0.0017879009246826172
307557,normal,2958,0,1782362236.6293387,0.002211332321166992
307558,normal,1503,0,1782362236.6312108,0.0018720626831054688
307559,normal,949,2,1782362236.6331906,0.001979827880859375
307560,normal,1563,0,1782362236.6351974,0.0020067691802978516
307561,normal,1381,1,1782362236.6373427,0.0021452903747558594
307562,normal,924,2,1782362236.639125,0.0017824172973632812
307563,normal,3324,1,1782362236.6414657,0.002340555191040039
307564,normal,1063,0,1782362236.6430955,0.0016298294067382812
307565,normal,1778,0,1782362236.645316,0.0022203922271728516
307566,normal,838,2,1782362236.647205,0.0018892288208007812
307567,normal,2276,0,1782362236.6492336,0.0020284652709960938
307568,normal,2159,0,1782362236.6511896,0.0019559860229492188
307569,normal,1956,0,1782362236.6532218,0.0020322799682617188
307570,normal,3523,0,1782362236.655349,0.0021271705627441406
307571,normal,666,0,1782362236.6571085,0.0017595291137695312
307572,normal,3425,0,1782362236.6593401,0.002231597900390625
307573,normal,595,0,1782362236.6612144,0.0018742084503173828
307574,normal,2704,0,1782362236.663201,0.0019867420196533203
307575,normal,2877,0,1782362236.665343,0.0021419525146484375
307576,normal,3152,1,1782362236.6673625,0.0020194053649902344
307577,normal,2564,0,1782362236.6691306,0.0017681121826171875
307578,normal,2083,0,1782362236.6714919,0.002361297607421875
307579,normal,2718,0,1782362236.673118,0.0016262531280517578
307580,normal,2117,0,1782362236.6754708,0.0023527145385742188
307581,normal,2323,0,1782362236.6771116,0.0016407966613769531
307582,normal,2797,0,1782362236.6793594,0.0022478103637695312
307583,normal,3510,0,1782362236.6811035,0.0017440319061279297
307584,normal,2868,0,1782362236.6833594,0.0022559165954589844
307585,normal,1512,0,1782362236.6852322,0.0018727779388427734
307586,normal,2809,0,1782362236.6872249,0.0019927024841308594
307587,normal,3474,0,1782362236.6891944,0.001969575881958008
307588,normal,3081,1,1782362236.6913416,0.002147197723388672
307589,normal,601,0,1782362236.6931245,0.0017828941345214844
307590,normal,1841,0,1782362236.6953592,0.0022346973419189453
307591,normal,378,0,1782362236.6971588,0.0017995834350585938
307592,normal,1045,0,1782362236.699342,0.002183198928833008
307593,normal,3356,1,1782362236.7011242,0.0017821788787841797
307594,normal,3058,1,1782362236.703342,0.0022177696228027344
307595,normal,615,0,1782362236.7051303,0.0017883777618408203
307596,normal,1576,0,1782362236.7073364,0.002206087112426758
307597,normal,1994,0,1782362236.709234,0.001897573471069336
307598,normal,304,0,1782362236.7111886,0.0019545555114746094
307599,normal,3530,0,1782362236.7131886,0.002000093460083008
307600,normal,3486,0,1782362236.7152526,0.0020639896392822266
307601,normal,1132,0,1782362236.7171602,0.0019075870513916016
307602,normal,1996,0,1782362236.7192535,0.0020933151245117188
307603,normal,2173,0,1782362236.721171,0.0019173622131347656
307604,normal,2894,0,1782362236.723258,0.002087116241455078
307605,normal,2233,0,1782362236.725132,0.0018739700317382812
307606,normal,2719,0,1782362236.727251,0.0021190643310546875
307607,normal,2262,0,1782362236.7291577,0.0019066333770751953
307608,normal,3379,1,1782362236.731266,0.002108335494995117
307609,normal,3419,0,1782362236.733162,0.001895904541015625
307610,normal,2780,0,1782362236.7352557,0.002093791961669922
307611,normal,578,0,1782362236.7371519,0.0018961429595947266
307612,normal,2267,0,1782362236.7392538,0.002101898193359375
307613,normal,611,0,1782362236.7411635,0.0019097328186035156
307614,normal,2180,0,1782362236.743336,0.0021724700927734375
307615,normal,2827,0,1782362236.7451506,0.0018146038055419922
307616,normal,2885,0,1782362236.7473745,0.002223968505859375
307617,normal,669,0,1782362236.7491004,0.001725912094116211
307618,normal,1853,0,1782362236.751338,0.002237558364868164
307619,normal,47,0,1782362236.753104,0.0017659664154052734
307620,normal,1940,0,1782362236.755338,0.0022339820861816406
307621,normal,1584,0,1782362236.7572217,0.0018837451934814453
307622,normal,2836,0,1782362236.7591887,0.0019669532775878906
307623,normal,3651,0,1782362236.7611885,0.0019998550415039062
307624,normal,148,0,1782362236.7634478,0.0022592544555664062
307625,normal,2622,0,1782362236.765183,0.0017352104187011719
307626,normal,1339,1,1782362236.7674615,0.002278566360473633
307627,normal,3321,1,1782362236.7691998,0.0017383098602294922
307628,normal,952,2,1782362236.7714794,0.002279520034790039
307629,normal,454,0,1782362236.7731578,0.001678466796875
307630,normal,2829,0,1782362236.7754483,0.002290487289428711
307631,normal,963,2,1782362236.7771647,0.0017163753509521484
307632,normal,2444,0,1782362236.7793686,0.0022039413452148438
307633,normal,2415,0,1782362236.7812335,0.0018649101257324219
307634,normal,3309,1,1782362236.7832,0.0019664764404296875
307635,normal,2399,0,1782362236.7851923,0.0019922256469726562
307636,normal,2508,0,1782362236.787349,0.0021567344665527344
307637,normal,3555,0,1782362236.7903628,0.0030138492584228516
307638,normal,2280,0,1782362236.791116,0.0007531642913818359
307639,normal,2509,0,1782362236.793299,0.0021829605102539062
307640,normal,3479,0,1782362236.7951071,0.00180816650390625
307641,normal,3260,1,1782362236.797306,0.002198934555053711
307642,normal,2048,0,1782362236.799114,0.0018079280853271484
307643,normal,2292,0,1782362236.801258,0.0021440982818603516
307644,normal,2742,0,1782362236.803198,0.001940011978149414
307645,normal,3604,0,1782362236.8052542,0.002056121826171875
307646,normal,1370,1,1782362236.807129,0.001874685287475586
307647,normal,1409,0,1782362236.8092864,0.002157449722290039
307648,normal,1665,0,1782362236.811108,0.001821756362915039
307649,normal,1080,0,1782362236.8132596,0.0021514892578125
307650,normal,2922,0,1782362236.8152034,0.001943826675415039
307651,normal,2889,0,1782362236.8172498,0.002046346664428711
307652,normal,574,0,1782362236.8191285,0.0018787384033203125
307653,normal,156,0,1782362236.8212662,0.0021376609802246094
307654,normal,1963,0,1782362236.8231091,0.0018429756164550781
307655,normal,2737,0,1782362236.8252513,0.002142190933227539
307656,normal,3550,0,1782362236.8272066,0.001955270767211914
307657,normal,3579,0,1782362236.8292272,0.002020597457885742
307658,normal,2110,0,1782362236.831353,0.0021257400512695312
307659,normal,1018,2,1782362236.8331237,0.0017707347869873047
307660,normal,3488,0,1782362236.8353372,0.0022134780883789062
307661,normal,3459,0,1782362236.8371215,0.0017843246459960938
307662,normal,2671,0,1782362236.8393393,0.0022177696228027344
307663,normal,234,0,1782362236.8412066,0.0018672943115234375
307664,normal,511,0,1782362236.8431902,0.001983642578125
307665,normal,3198,1,1782362236.8451903,0.002000093460083008
307666,normal,3161,1,1782362236.8473525,0.0021622180938720703
307667,normal,3110,1,1782362236.8491096,0.0017571449279785156
307668,normal,1660,0,1782362236.851365,0.0022554397583007812
307669,normal,3382,1,1782362236.8531806,0.0018155574798583984
307670,normal,1565,0,1782362236.8551884,0.002007722854614258
307671,normal,1556,0,1782362236.857192,0.0020036697387695312
307672,normal,3601,0,1782362236.8593125,0.002120494842529297
307673,normal,1897,0,1782362236.8611383,0.0018258094787597656
307674,normal,3294,1,1782362236.863454,0.0023157596588134766
307675,normal,380,0,1782362236.865153,0.0016989707946777344
307676,normal,1993,0,1782362236.8673863,0.002233266830444336
307677,normal,951,2,1782362236.8691046,0.001718282699584961
307678,normal,2174,0,1782362236.8713548,0.002250194549560547
307679,normal,3637,0,1782362236.8731065,0.0017516613006591797
307680,normal,555,0,1782362236.8753557,0.0022492408752441406
307681,normal,3347,1,1782362236.8771694,0.001813650131225586
307682,normal,2291,0,1782362236.8793666,0.002197265625
307683,normal,365,0,1782362236.8811042,0.0017375946044921875
307684,normal,2828,0,1782362236.8833387,0.0022344589233398438
307685,normal,3247,1,1782362236.885129,0.0017902851104736328
307686,normal,3333,1,1782362236.8873546,0.002225637435913086
307687,normal,2072,0,1782362236.8891346,0.0017800331115722656
307688,normal,2330,0,1782362236.891364,0.002229452133178711
307689,normal,1839,0,1782362236.8930995,0.0017354488372802734
307690,normal,3318,1,1782362236.8952882,0.0021886825561523438
307691,normal,80,0,1782362236.8971055,0.0018172264099121094
307692,normal,2486,0,1782362236.8993597,0.0022542476654052734
307693,normal,2945,0,1782362236.9011142,0.0017545223236083984
307694,normal,1238,0,1782362236.9033403,0.002226114273071289
307695,normal,308,0,1782362236.9051232,0.0017828941345214844
307696,normal,225,0,1782362236.9072585,0.0021352767944335938
307697,normal,2716,0,1782362236.9091487,0.0018901824951171875
307698,normal,681,0,1782362236.9112532,0.002104520797729492
307699,normal,1627,0,1782362236.9131436,0.001890420913696289
307700,normal,414,0,1782362236.9152524,0.0021088123321533203
307701,normal,2060,0,1782362236.9171343,0.0018818378448486328
307702,normal,2759,0,1782362236.9192665,0.0021321773529052734
307703,normal,1083,0,1782362236.92114,0.0018734931945800781
307704,normal,3149,1,1782362236.9233353,0.0021953582763671875
307705,normal,1726,0,1782362236.9251533,0.001817941665649414
307706,normal,753,0,1782362236.9272916,0.002138376235961914
307707,normal,1670,0,1782362236.9291928,0.0019011497497558594
307708,normal,871,2,1782362236.9313352,0.0021424293518066406
307709,normal,2254,0,1782362236.9331279,0.0017926692962646484
307710,normal,3549,0,1782362236.9353375,0.0022096633911132812
307711,normal,2147,0,1782362236.937207,0.0018694400787353516
307712,normal,766,0,1782362236.9392018,0.0019948482513427734
307713,normal,2032,0,1782362236.9411879,0.0019860267639160156
307714,normal,861,2,1782362236.9434717,0.002283811569213867
307715,normal,1819,0,1782362236.9451385,0.0016667842864990234
307716,normal,1821,0,1782362236.9474614,0.0023229122161865234
307717,normal,353,0,1782362236.9491525,0.0016911029815673828
307718,normal,428,0,1782362236.951474,0.002321481704711914
307719,normal,2900,0,1782362236.953128,0.0016541481018066406
307720,normal,3039,0,1782362236.955359,0.0022308826446533203
307721,normal,2013,0,1782362236.9571064,0.0017473697662353516
307722,normal,2124,0,1782362236.9593592,0.002252817153930664
307723,normal,1802,0,1782362236.9611905,0.0018312931060791016
307724,normal,821,2,1782362236.9631863,0.0019958019256591797
307725,normal,3686,0,1782362236.9653742,0.002187967300415039
307726,normal,2135,0,1782362236.9674277,0.002053499221801758
307727,normal,570,0,1782362236.9691138,0.00168609619140625
307728,normal,468,0,1782362236.9713457,0.0022318363189697266
307729,normal,724,0,1782362236.9731574,0.0018117427825927734
307730,normal,190,0,1782362236.9752643,0.002106904983520508
307731,normal,3374,1,1782362236.9771357,0.001871347427368164
307732,normal,1619,0,1782362236.9792545,0.002118825912475586
307733,normal,73,0,1782362236.9811323,0.0018777847290039062
307734,normal,387,0,1782362236.9832516,0.002119302749633789
307735,normal,3029,0,1782362236.9851456,0.0018939971923828125
307736,normal,2079,0,1782362236.9872966,0.002151012420654297
307737,normal,1275,0,1782362236.9891016,0.0018050670623779297
307738,normal,1463,0,1782362236.991392,0.0022902488708496094
307739,normal,2977,0,1782362236.993111,0.0017189979553222656
307740,normal,2547,0,1782362236.995313,0.0022020339965820312
307741,normal,523,0,1782362236.9971645,0.0018515586853027344
307742,normal,2430,0,1782362236.9992526,0.0020880699157714844
307743,normal,1102,0,1782362237.0011408,0.001888275146484375
307744,normal,2714,0,1782362237.0031452,0.002004384994506836
307745,normal,69,0,1782362237.0052693,0.0021240711212158203
307746,normal,1768,0,1782362237.0071287,0.001859426498413086
307747,normal,3179,1,1782362237.009252,0.0021233558654785156
307748,normal,1617,0,1782362237.0111396,0.0018875598907470703
307749,normal,1283,0,1782362237.0132601,0.002120494842529297
307750,normal,2065,0,1782362237.0151458,0.0018856525421142578
307751,normal,2379,0,1782362237.017254,0.002108335494995117
307752,normal,28,0,1782362237.019131,0.0018768310546875
307753,normal,2518,0,1782362237.0212517,0.0021207332611083984
307754,normal,3405,0,1782362237.0231323,0.001880645751953125
307755,normal,1561,0,1782362237.0252604,0.002128124237060547
307756,normal,1572,0,1782362237.0271428,0.001882314682006836
307757,normal,2227,0,1782362237.0292575,0.0021147727966308594
307758,normal,2531,0,1782362237.0311317,0.0018742084503173828
307759,normal,646,0,1782362237.0332625,0.002130746841430664
307760,normal,2814,0,1782362237.0351517,0.0018892288208007812
307761,normal,1509,0,1782362237.037256,0.0021042823791503906
307762,normal,704,0,1782362237.0391533,0.0018973350524902344
307763,normal,1474,0,1782362237.0412517,0.0020983219146728516
307764,normal,3698,0,1782362237.0431435,0.0018918514251708984
307765,normal,1601,0,1782362237.0452542,0.002110719680786133
307766,normal,3064,1,1782362237.047159,0.0019047260284423828
307767,normal,2407,0,1782362237.049252,0.002093076705932617
307768,normal,1849,0,1782362237.051151,0.0018990039825439453
307769,normal,267,0,1782362237.053256,0.0021049976348876953
307770,normal,2533,0,1782362237.0551457,0.0018897056579589844
307771,normal,250,0,1782362237.057254,0.002108335494995117
307772,normal,2297,0,1782362237.0591445,0.001890420913696289
307773,normal,558,0,1782362237.0613418,0.002197265625
307774,normal,415,0,1782362237.0631125,0.0017707347869873047
307775,normal,416,0,1782362237.0652552,0.002142667770385742
307776,normal,3509,0,1782362237.06714,0.0018849372863769531
307777,normal,1465,0,1782362237.06925,0.002110004425048828
307778,normal,3211,1,1782362237.0711453,0.0018951892852783203
307779,normal,3111,1,1782362237.0732539,0.0021085739135742188
307780,normal,3384,1,1782362237.0751183,0.0018644332885742188
307781,normal,364,0,1782362237.0772562,0.002137899398803711
307782,normal,2966,0,1782362237.079142,0.0018858909606933594
307783,normal,3655,0,1782362237.081253,0.0021109580993652344
307784,normal,2260,0,1782362237.0831575,0.0019044876098632812
307785,normal,794,2,1782362237.0852532,0.0020956993103027344
307786,normal,839,2,1782362237.0871558,0.0019025802612304688
307787,normal,3557,0,1782362237.0892544,0.002098560333251953
307788,normal,3292,1,1782362237.0911608,0.0019063949584960938
307789,normal,142,0,1782362237.093256,0.0020952224731445312
307790,normal,1142,0,1782362237.0951598,0.0019037723541259766
307791,normal,2461,0,1782362237.0973787,0.002218961715698242
307792,normal,2265,0,1782362237.0991206,0.0017418861389160156
307793,normal,461,0,1782362237.101254,0.0021333694458007812
307794,normal,1692,0,1782362237.1031437,0.0018897056579589844
307795,normal,3337,1,1782362237.105255,0.002111196517944336
307796,normal,1112,0,1782362237.107141,0.001886129379272461
307797,normal,501,0,1782362237.109227,0.0020859241485595703
307798,normal,2786,0,1782362237.111152,0.0019249916076660156
307799,normal,298,0,1782362237.1132555,0.002103567123413086
307800,normal,2321,0,1782362237.1151547,0.0018992424011230469
307801,normal,3034,0,1782362237.1172552,0.0021004676818847656
307802,normal,1985,0,1782362237.1191452,0.001889944076538086
307803,normal,418,0,1782362237.121351,0.0022058486938476562
307804,normal,3191,1,1782362237.1231458,0.0017948150634765625
307805,normal,2824,0,1782362237.1253335,0.0021877288818359375
307806,normal,1259,0,1782362237.1271892,0.001855611801147461
307807,normal,3362,1,1782362237.1291726,0.0019834041595458984
307808,normal,3329,1,1782362237.1313653,0.0021927356719970703
307809,normal,1501,0,1782362237.1330998,0.0017344951629638672
307810,normal,888,2,1782362237.1353407,0.002240896224975586
307811,normal,1383,0,1782362237.1371255,0.0017848014831542969
307812,normal,3150,1,1782362237.139336,0.0022106170654296875
307813,normal,3699,0,1782362237.1411355,0.0017993450164794922
307814,normal,1013,2,1782362237.1434844,0.0023488998413085938
307815,normal,1034,0,1782362237.145111,0.001626729965209961
307816,normal,496,0,1782362237.1474802,0.0023691654205322266
307817,normal,1745,0,1782362237.1491582,0.0016779899597167969
307818,normal,2699,0,1782362237.1514587,0.0023005008697509766
307819,normal,2850,0,1782362237.1531591,0.0017004013061523438
307820,normal,178,0,1782362237.1554737,0.0023145675659179688
307821,normal,1775,0,1782362237.1571581,0.001684427261352539
307822,normal,2748,0,1782362237.1594539,0.0022957324981689453
307823,normal,2402,0,1782362237.161173,0.0017192363739013672
307824,normal,852,2,1782362237.1634116,0.0022385120391845703
307825,normal,3219,1,1782362237.1652052,0.0017936229705810547
307826,normal,3446,0,1782362237.1672468,0.0020415782928466797
307827,normal,3245,1,1782362237.169193,0.0019462108612060547
307828,normal,2161,0,1782362237.1714497,0.002256631851196289
307829,normal,2097,0,1782362237.1731396,0.001689910888671875
307830,normal,219,0,1782362237.1753452,0.0022056102752685547
307831,normal,3584,0,1782362237.177138,0.00179290771484375
307832,normal,1738,0,1782362237.1794782,0.002340078353881836
307833,normal,639,0,1782362237.181136,0.001657724380493164
307834,normal,2731,0,1782362237.1834621,0.0023262500762939453
307835,normal,3411,0,1782362237.1851292,0.001667022705078125
307836,normal,2026,0,1782362237.1874573,0.002328157424926758
307837,normal,1938,0,1782362237.1891844,0.0017271041870117188
307838,normal,3562,0,1782362237.1914723,0.0022878646850585938
307839,normal,613,0,1782362237.1931586,0.0016863346099853516
307840,normal,593,0,1782362237.195307,0.0021483898162841797
307841,normal,3269,1,1782362237.1971064,0.0017993450164794922
307842,normal,2696,0,1782362237.1993785,0.0022721290588378906
307843,normal,1680,0,1782362237.2011173,0.0017387866973876953
307844,normal,2401,0,1782362237.2033677,0.0022504329681396484
307845,normal,295,0,1782362237.2051017,0.001734018325805664
307846,normal,2246,0,1782362237.207346,0.002244234085083008
307847,normal,1287,0,1782362237.2091053,0.0017592906951904297
307848,normal,2440,0,1782362237.2113388,0.0022335052490234375
307849,normal,1021,2,1782362237.2131891,0.0018503665924072266
307850,normal,2623,0,1782362237.2152014,0.0020122528076171875
307851,normal,3338,1,1782362237.2171886,0.0019872188568115234
307852,normal,648,0,1782362237.2194474,0.002258777618408203
307853,normal,1196,0,1782362237.2211623,0.001714944839477539
307854,normal,1882,0,1782362237.2234595,0.0022971630096435547
307855,normal,1111,0,1782362237.2251844,0.0017249584197998047
307856,normal,1851,0,1782362237.2273796,0.002195119857788086
307857,normal,727,0,1782362237.22915,0.0017704963684082031
307858,normal,1640,0,1782362237.231369,0.002218961715698242
307859,normal,3154,1,1782362237.233102,0.0017330646514892578
307860,normal,3413,0,1782362237.2353504,0.0022482872009277344
307861,normal,2428,0,1782362237.2371666,0.0018162727355957031
307862,normal,3516,0,1782362237.2394998,0.0023331642150878906
307863,normal,2360,0,1782362237.2411609,0.001661062240600586
307864,normal,1789,0,1782362237.2433522,0.002191305160522461
307865,normal,932,2,1782362237.2451043,0.0017521381378173828
307866,normal,1295,0,1782362237.2472584,0.002154111862182617
307867,normal,1865,0,1782362237.2491465,0.0018880367279052734
307868,normal,12,0,1782362237.2512584,0.0021119117736816406
307869,normal,3175,1,1782362237.2531896,0.0019311904907226562
307870,normal,954,2,1782362237.2552495,0.0020599365234375
307871,normal,2688,0,1782362237.2571347,0.0018851757049560547
307872,normal,1533,0,1782362237.2592545,0.002119779586791992
307873,normal,3312,1,1782362237.261112,0.0018575191497802734
307874,normal,1440,0,1782362237.2632434,0.0021314620971679688
307875,normal,180,0,1782362237.2651927,0.001949310302734375
307876,normal,1548,0,1782362237.2673419,0.0021491050720214844
307877,normal,2268,0,1782362237.2694864,0.0021445751190185547
307878,normal,822,2,1782362237.271321,0.0018346309661865234
307879,normal,2300,0,1782362237.273379,0.0020580291748046875
307880,normal,1365,1,1782362237.2751684,0.0017893314361572266
307881,normal,1696,0,1782362237.2773252,0.0021567344665527344
307882,normal,1220,0,1782362237.2793992,0.002074003219604492
307883,normal,1913,0,1782362237.2812836,0.00188446044921875
307884,normal,2740,0,1782362237.2833436,0.0020599365234375
307885,normal,506,0,1782362237.2853057,0.0019621849060058594
307886,normal,3209,1,1782362237.2872837,0.0019779205322265625
307887,normal,2120,0,1782362237.2893414,0.002057790756225586
307888,normal,2584,0,1782362237.2914011,0.0020596981048583984
307889,normal,2014,0,1782362237.293316,0.0019147396087646484
307890,normal,1891,0,1782362237.2953262,0.002010345458984375
307891,normal,3427,0,1782362237.2973926,0.002066373825073242
307892,normal,243,0,1782362237.29915,0.0017573833465576172
307893,normal,3645,0,1782362237.3013473,0.002197265625
307894,normal,2358,0,1782362237.3032231,0.0018758773803710938
307895,normal,2880,0,1782362237.3054636,0.002240419387817383
307896,normal,3006,0,1782362237.3071547,0.0016911029815673828
307897,normal,2948,0,1782362237.3092558,0.0021011829376220703
307898,normal,36,0,1782362237.311296,0.0020401477813720703
307899,normal,1394,0,1782362237.3133497,0.0020537376403808594
307900,normal,716,0,1782362237.3154016,0.002051830291748047
307901,normal,3508,0,1782362237.3173144,0.001912832260131836
307902,normal,1290,0,1782362237.31936,0.0020456314086914062
307903,normal,802,2,1782362237.3214047,0.002044677734375
307904,normal,2543,0,1782362237.3232832,0.001878499984741211
307905,normal,1377,1,1782362237.325349,0.002065896987915039
307906,normal,3433,0,1782362237.3274095,0.002060413360595703
307907,normal,1003,2,1782362237.329323,0.0019135475158691406
307908,normal,492,0,1782362237.3311427,0.001819610595703125
307909,normal,2027,0,1782362237.3331423,0.0019996166229248047
307910,normal,2656,0,1782362237.3354495,0.0023071765899658203
307911,normal,3068,1,1782362237.337293,0.0018434524536132812
307912,normal,1255,0,1782362237.339271,0.001978158950805664
307913,normal,2219,0,1782362237.3412948,0.0020236968994140625
307914,normal,1334,1,1782362237.3430755,0.0017807483673095703
307915,normal,979,2,1782362237.345207,0.0021314620971679688
307916,normal,2676,0,1782362237.3471549,0.0019478797912597656
307917,normal,590,0,1782362237.3494513,0.00229644775390625
307918,normal,2571,0,1782362237.3511677,0.0017163753509521484
307919,normal,40,0,1782362237.3533397,0.0021719932556152344
307920,normal,1341,1,1782362237.3553271,0.001987457275390625
307921,normal,2478,0,1782362237.35724,0.001912832260131836
307922,normal,195,0,1782362237.3590877,0.0018477439880371094
307923,normal,3610,0,1782362237.3612683,0.0021805763244628906
307924,normal,2872,0,1782362237.3631485,0.0018801689147949219
307925,normal,927,2,1782362237.3651295,0.001981019973754883
307926,normal,3124,1,1782362237.3672512,0.0021216869354248047
307927,normal,333,0,1782362237.3692153,0.001964092254638672
307928,normal,2565,0,1782362237.3711004,0.0018851757049560547
307929,normal,1053,0,1782362237.3732624,0.0021619796752929688
307930,normal,2703,0,1782362237.3751585,0.0018961429595947266
307931,normal,2936,0,1782362237.3771093,0.0019507408142089844
307932,normal,305,0,1782362237.3792703,0.0021610260009765625
307933,normal,562,0,1782362237.3811543,0.0018839836120605469
307934,normal,2507,0,1782362237.383102,0.001947641372680664
307935,normal,1183,0,1782362237.3853464,0.0022444725036621094
307936,normal,1782,0,1782362237.3871605,0.001814126968383789
307937,normal,978,2,1782362237.3901472,0.0029866695404052734
307938,normal,2726,0,1782362237.3911078,0.0009605884552001953
307939,normal,629,0,1782362237.3931055,0.001997709274291992
307940,normal,3130,1,1782362237.395317,0.0022115707397460938
307941,normal,2800,0,1782362237.39711,0.00179290771484375
307942,normal,3032,0,1782362237.3991063,0.001996278762817383
307943,normal,1986,0,1782362237.4013019,0.002195596694946289
307944,normal,885,2,1782362237.4031117,0.001809835433959961
307945,normal,2812,0,1782362237.4051058,0.0019941329956054688
307946,normal,1261,0,1782362237.4072568,0.002151012420654297
307947,normal,257,0,1782362237.4091797,0.0019228458404541016
307948,normal,3061,1,1782362237.411106,0.001926422119140625
307949,normal,1983,0,1782362237.413256,0.002149820327758789
307950,normal,444,0,1782362237.415182,0.0019261837005615234
307951,normal,1894,0,1782362237.4171524,0.0019702911376953125
307952,normal,3566,0,1782362237.4190571,0.0019047260284423828
307953,normal,995,2,1782362237.4211483,0.0020911693572998047
307954,normal,610,0,1782362237.4231741,0.0020258426666259766
307955,normal,3415,0,1782362237.4250946,0.001920461654663086
307956,normal,955,2,1782362237.42737,0.0022754669189453125
307957,normal,1305,0,1782362237.4291067,0.0017366409301757812
307958,normal,8,0,1782362237.431245,0.002138376235961914
307959,normal,1770,0,1782362237.4331279,0.001882791519165039
307960,normal,1918,0,1782362237.4351034,0.001975536346435547
307961,normal,1968,0,1782362237.4371185,0.0020151138305664062
307962,normal,892,2,1782362237.439267,0.0021483898162841797
307963,normal,2053,0,1782362237.4412313,0.0019643306732177734
307964,normal,3408,0,1782362237.4433138,0.0020825862884521484
307965,normal,251,0,1782362237.44535,0.0020360946655273438
307966,normal,1145,0,1782362237.4474843,0.0021343231201171875
307967,normal,2858,0,1782362237.4491186,0.001634359359741211
307968,normal,1120,0,1782362237.4514444,0.002325773239135742
307969,normal,41,0,1782362237.4531796,0.0017352104187011719
307970,normal,297,0,1782362237.4552658,0.002086162567138672
307971,normal,2558,0,1782362237.4572914,0.002025604248046875
307972,normal,3393,1,1782362237.4591565,0.0018651485443115234
307973,normal,2107,0,1782362237.4613638,0.0022072792053222656
307974,normal,198,0,1782362237.4631112,0.0017473697662353516
307975,normal,2448,0,1782362237.465355,0.0022437572479248047
307976,normal,1175,0,1782362237.4671063,0.0017514228820800781
307977,normal,1721,0,1782362237.469349,0.002242565155029297
307978,normal,2106,0,1782362237.4711351,0.0017862319946289062
307979,normal,2178,0,1782362237.4733799,0.002244710922241211
307980,normal,217,0,1782362237.4751098,0.0017299652099609375
307981,normal,1546,0,1782362237.4773474,0.002237558364868164
307982,normal,1737,0,1782362237.4791076,0.001760244369506836
307983,normal,2057,0,1782362237.4813502,0.002242565155029297
307984,normal,2247,0,1782362237.483187,0.0018367767333984375
307985,normal,440,0,1782362237.4852066,0.002019643783569336
307986,normal,2427,0,1782362237.487139,0.001932382583618164
307987,normal,1803,0,1782362237.4892602,0.0021212100982666016
307988,normal,1059,0,1782362237.4911408,0.001880645751953125
307989,normal,663,0,1782362237.49335,0.002209186553955078
307990,normal,1751,0,1782362237.495123,0.0017728805541992188
307991,normal,1905,0,1782362237.4971492,0.0020263195037841797
307992,normal,1727,0,1782362237.4993498,0.002200603485107422
307993,normal,1743,0,1782362237.501083,0.0017330646514892578
307994,normal,3643,0,1782362237.5031333,0.0020503997802734375
307995,normal,2745,0,1782362237.5051923,0.0020589828491210938
307996,normal,2989,0,1782362237.5070555,0.001863241195678711
307997,normal,2969,0,1782362237.5091174,0.0020618438720703125
307998,normal,1914,0,1782362237.5114052,0.0022878646850585938
307999,normal,32,0,1782362237.5131507,0.001745462417602539
308000,normal,1875,0,1782362237.515261,0.0021102428436279297
308001,normal,2119,0,1782362237.5172236,0.0019626617431640625
308002,normal,2813,0,1782362237.5193377,0.0021140575408935547
308003,normal,2707,0,1782362237.521128,0.0017902851104736328
308004,normal,1708,0,1782362237.5233517,0.0022237300872802734
308005,normal,2410,0,1782362237.5251386,0.001786947250366211
308006,normal,194,0,1782362237.5273595,0.0022208690643310547
308007,normal,739,0,1782362237.5291057,0.0017461776733398438
308008,normal,1267,0,1782362237.5313451,0.0022394657135009766
308009,normal,1214,0,1782362237.5331218,0.0017766952514648438
308010,normal,1249,0,1782362237.5353544,0.0022325515747070312
308011,normal,2692,0,1782362237.5371416,0.0017871856689453125
308012,normal,323,0,1782362237.5393906,0.002249002456665039
308013,normal,1515,0,1782362237.5410998,0.0017092227935791016
308014,normal,3487,0,1782362237.5430808,0.001981019973754883
308015,normal,1026,2,1782362237.5451486,0.0020678043365478516
308016,normal,3457,0,1782362237.5471637,0.0020151138305664062
308017,normal,2384,0,1782362237.5491855,0.00202178955078125
308018,normal,1505,0,1782362237.5511367,0.0019512176513671875
308019,normal,3099,1,1782362237.553301,0.0021643638610839844
308020,normal,3199,1,1782362237.5550928,0.0017917156219482422
308021,normal,3212,1,1782362237.5570817,0.0019888877868652344
308022,normal,1263,0,1782362237.5591533,0.0020716190338134766
308023,normal,1520,0,1782362237.5610487,0.0018954277038574219
308024,normal,1567,0,1782362237.5631797,0.0021309852600097656
308025,normal,489,0,1782362237.5650895,0.0019097328186035156
308026,normal,3164,1,1782362237.5671587,0.002069234848022461
308027,normal,1715,0,1782362237.5691042,0.00194549560546875
308028,normal,1296,0,1782362237.5713053,0.002201080322265625
308029,normal,113,0,1782362237.5731797,0.0018744468688964844
308030,normal,2243,0,1782362237.5751164,0.0019366741180419922
308031,normal,3098,1,1782362237.5773633,0.002246856689453125
308032,normal,947,2,1782362237.579167,0.0018036365509033203
308033,normal,1937,0,1782362237.5811067,0.0019397735595703125
308034,normal,1649,0,1782362237.5833364,0.0022296905517578125
308035,normal,262,0,1782362237.585159,0.0018227100372314453
308036,normal,3129,1,1782362237.5871062,0.001947164535522461
308037,normal,3063,1,1782362237.5892608,0.0021545886993408203
308038,normal,2751,0,1782362237.5911572,0.0018963813781738281
308039,normal,820,2,1782362237.5931003,0.0019431114196777344
308040,normal,823,2,1782362237.5953329,0.0022325515747070312
308041,normal,117,0,1782362237.5971804,0.0018475055694580078
308042,normal,1530,0,1782362237.5991044,0.0019240379333496094
308043,normal,1635,0,1782362237.6013346,0.0022301673889160156
308044,normal,2475,0,1782362237.6031466,0.001811981201171875
308045,normal,2825,0,1782362237.6051028,0.0019562244415283203
308046,normal,481,0,1782362237.6073387,0.002235889434814453
308047,normal,1709,0,1782362237.6091433,0.0018045902252197266
308048,normal,2570,0,1782362237.6111028,0.001959562301635742
308049,normal,1286,0,1782362237.613341,0.0022382736206054688
308050,normal,3310,1,1782362237.6151392,0.0017981529235839844
308051,normal,2760,0,1782362237.6171007,0.0019614696502685547
308052,normal,1532,0,1782362237.6193426,0.002241849899291992
308053,normal,82,0,1782362237.62115,0.0018074512481689453
308054,normal,2404,0,1782362237.6231017,0.0019516944885253906
308055,normal,3004,0,1782362237.625453,0.0023512840270996094
308056,normal,1362,1,1782362237.6271503,0.0016973018646240234
308057,normal,2935,0,1782362237.6291049,0.0019545555114746094
308058,normal,886,2,1782362237.6311705,0.0020656585693359375
308059,normal,1823,0,1782362237.633255,0.002084493637084961
308060,normal,2017,0,1782362237.6351018,0.0018467903137207031
308061,normal,3045,1,1782362237.6371024,0.002000570297241211
308062,normal,3220,1,1782362237.6391554,0.0020530223846435547
308063,normal,3311,1,1782362237.6411407,0.001985311508178711
308064,normal,2924,0,1782362237.6431756,0.002034902572631836
308065,normal,2712,0,1782362237.6452513,0.002075672149658203
308066,normal,2765,0,1782362237.647102,0.0018508434295654297
308067,normal,1203,0,1782362237.6491766,0.0020744800567626953
308068,normal,2405,0,1782362237.6512556,0.002079010009765625
308069,normal,2852,0,1782362237.6531026,0.0018470287322998047
308070,normal,2228,0,1782362237.655133,0.0020303726196289062
308071,normal,1553,0,1782362237.657177,0.0020439624786376953
308072,normal,3494,0,1782362237.659105,0.001928091049194336
308073,normal,2654,0,1782362237.661182,0.002076864242553711
308074,normal,3036,0,1782362237.6632726,0.0020906925201416016
308075,normal,3641,0,1782362237.6651003,0.0018277168273925781
308076,normal,1880,0,1782362237.667184,0.0020837783813476562
308077,normal,210,0,1782362237.6692505,0.002066373825073242
308078,normal,431,0,1782362237.6711023,0.001851797103881836
308079,normal,3054,1,1782362237.6731865,0.0020842552185058594
308080,normal,3144,1,1782362237.6752532,0.0020666122436523438
308081,normal,2203,0,1782362237.6770914,0.0018382072448730469
308082,normal,811,2,1782362237.6791892,0.0020978450775146484
308083,normal,187,0,1782362237.681253,0.002063751220703125
308084,normal,1999,0,1782362237.683103,0.001850128173828125
308085,normal,3404,0,1782362237.6851912,0.0020880699157714844
308086,normal,314,0,1782362237.687249,0.002057790756225586
308087,normal,2777,0,1782362237.689108,0.0018589496612548828
308088,normal,2278,0,1782362237.6911933,0.002085447311401367
308089,normal,990,2,1782362237.6932588,0.002065420150756836
308090,normal,2753,0,1782362237.6951,0.0018413066864013672
308091,normal,2575,0,1782362237.697196,0.002095937728881836
308092,normal,691,0,1782362237.6992517,0.002055644989013672
308093,normal,2939,0,1782362237.7011042,0.0018525123596191406
308094,normal,173,0,1782362237.7031016,0.0019974708557128906
308095,normal,2272,0,1782362237.7052524,0.0021507740020751953
308096,normal,1277,0,1782362237.7071068,0.0018544197082519531
308097,normal,2451,0,1782362237.7091038,0.0019969940185546875
308098,normal,310,0,1782362237.711255,0.0021512508392333984
308099,normal,159,0,1782362237.7131002,0.0018451213836669922
308100,normal,2383,0,1782362237.7151065,0.0020062923431396484
308101,normal,828,2,1782362237.7172608,0.0021543502807617188
308102,normal,746,0,1782362237.7191029,0.0018420219421386719
308103,normal,800,2,1782362237.7211075,0.0020046234130859375
308104,normal,3253,1,1782362237.723302,0.0021944046020507812
308105,normal,319,0,1782362237.725105,0.0018031597137451172
308106,normal,1732,0,1782362237.727111,0.002006053924560547
308107,normal,2007,0,1782362237.7292523,0.002141237258911133
308108,normal,1430,0,1782362237.7310998,0.0018475055694580078
308109,normal,598,0,1782362237.7331145,0.002014636993408203
308110,normal,991,2,1782362237.7352488,0.0021343231201171875
308111,normal,2747,0,1782362237.7371013,0.0018525123596191406
308112,normal,1204,0,1782362237.7391176,0.002016305923461914
308113,normal,3171,1,1782362237.741251,0.0021333694458007812
308114,normal,1242,0,1782362237.7431004,0.0018494129180908203
308115,normal,1887,0,1782362237.7451134,0.002012968063354492
308116,normal,898,2,1782362237.7472563,0.0021429061889648438
308117,normal,2866,0,1782362237.7490995,0.0018432140350341797
308118,normal,154,0,1782362237.7511206,0.0020210742950439453
308119,normal,2034,0,1782362237.7532506,0.0021300315856933594
308120,normal,1656,0,1782362237.7551017,0.0018510818481445312
308121,normal,1294,0,1782362237.757123,0.002021312713623047
308122,normal,1344,1,1782362237.7592525,0.0021295547485351562
308123,normal,3460,0,1782362237.7611241,0.0018715858459472656
308124,normal,3397,1,1782362237.7631254,0.0020012855529785156
308125,normal,33,0,1782362237.765251,0.0021255016326904297
308126,normal,1832,0,1782362237.7671027,0.001851797103881836
308127,normal,2457,0,1782362237.7691286,0.0020258426666259766
308128,normal,1575,0,1782362237.771252,0.0021233558654785156
308129,normal,1547,0,1782362237.7730985,0.0018465518951416016
308130,normal,3133,1,1782362237.7751312,0.002032756805419922
308131,normal,759,0,1782362237.7772567,0.0021255016326904297
308132,normal,3196,1,1782362237.779105,0.0018482208251953125
308133,normal,1000,2,1782362237.7811131,0.002008199691772461
308134,normal,2170,0,1782362237.783257,0.00214385986328125
308135,normal,2195,0,1782362237.7851102,0.0018532276153564453
308136,normal,422,0,1782362237.7871368,0.0020265579223632812
308137,normal,3594,0,1782362237.7892494,0.0021126270294189453
308138,normal,2684,0,1782362237.7911024,0.0018529891967773438
308139,normal,2906,0,1782362237.7931383,0.002035856246948242
308140,normal,614,0,1782362237.7952514,0.0021131038665771484
308141,normal,1896,0,1782362237.7971313,0.0018799304962158203
308142,normal,2114,0,1782362237.799141,0.0020096302032470703
308143,normal,515,0,1782362237.8012555,0.002114534378051758
308144,normal,600,0,1782362237.8031027,0.0018472671508789062
308145,normal,1038,0,1782362237.8050992,0.0019965171813964844
308146,normal,2104,0,1782362237.807261,0.002161741256713867
308147,normal,2143,0,1782362237.8090987,0.0018377304077148438
308148,normal,1269,0,1782362237.8111463,0.0020475387573242188
308149,normal,528,0,1782362237.81325,0.0021038055419921875
308150,normal,2186,0,1782362237.8151,0.0018498897552490234
308151,normal,1451,0,1782362237.8171468,0.002046823501586914
308152,normal,2386,0,1782362237.8192515,0.0021047592163085938
308153,normal,2860,0,1782362237.8210995,0.001847982406616211
308154,normal,695,0,1782362237.8231502,0.002050638198852539
308155,normal,201,0,1782362237.8252451,0.0020949840545654297
308156,normal,1156,0,1782362237.8270886,0.0018434524536132812
308157,normal,2477,0,1782362237.8291504,0.0020618438720703125
308158,normal,3093,1,1782362237.8311024,0.0019519329071044922
308159,normal,3351,1,1782362237.8332443,0.0021419525146484375
308160,normal,164,0,1782362237.835155,0.0019106864929199219
308161,normal,1794,0,1782362237.8372455,0.0020904541015625
308162,normal,2494,0,1782362237.8391075,0.0018620491027832031
308163,normal,2686,0,1782362237.8411543,0.002046823501586914
308164,normal,2471,0,1782362237.8431692,0.0020148754119873047
308165,normal,788,2,1782362237.8450918,0.001922607421875
308166,normal,2603,0,1782362237.84716,0.0020682811737060547
308167,normal,2884,0,1782362237.8491635,0.0020034313201904297
308168,normal,2483,0,1782362237.8511457,0.0019822120666503906
308169,normal,1475,0,1782362237.8531597,0.0020139217376708984
308170,normal,3013,0,1782362237.855252,0.0020923614501953125
308171,normal,665,0,1782362237.857089,0.001837015151977539
308172,normal,701,0,1782362237.8590996,0.0020105838775634766
308173,normal,1982,0,1782362237.8612995,0.002199888229370117
308174,normal,1444,0,1782362237.8631165,0.0018169879913330078
308175,normal,2312,0,1782362237.865102,0.0019855499267578125
308176,normal,1208,0,1782362237.8672588,0.0021567344665527344
308177,normal,1878,0,1782362237.869102,0.0018432140350341797
308178,normal,1291,0,1782362237.8711007,0.0019986629486083984
308179,normal,1531,0,1782362237.8732598,0.00215911865234375
308180,normal,3358,1,1782362237.8751018,0.0018420219421386719
308181,normal,3574,0,1782362237.8771734,0.0020716190338134766
308182,normal,1109,0,1782362237.8792722,0.0020987987518310547
308183,normal,2108,0,1782362237.881108,0.0018358230590820312
308184,normal,549,0,1782362237.8831022,0.0019941329956054688
308185,normal,228,0,1782362237.8852577,0.0021555423736572266
308186,normal,517,0,1782362237.8871088,0.0018510818481445312
308187,normal,1678,0,1782362237.8890996,0.001990795135498047
308188,normal,1924,0,1782362237.8913264,0.0022268295288085938
308189,normal,3177,1,1782362237.8931043,0.0017778873443603516
308190,normal,1632,0,1782362237.89518,0.002075672149658203
308191,normal,1543,0,1782362237.8973103,0.002130270004272461
308192,normal,2015,0,1782362237.8991053,0.001795053482055664
308193,normal,743,0,1782362237.9011116,0.0020062923431396484
308194,normal,1202,0,1782362237.903258,0.002146482467651367
308195,normal,509,0,1782362237.9051366,0.001878499984741211
308196,normal,3595,0,1782362237.9071045,0.001967906951904297
308197,normal,486,0,1782362237.9092638,0.0021593570709228516
308198,normal,2152,0,1782362237.911101,0.0018372535705566406
308199,normal,410,0,1782362237.913099,0.0019979476928710938
308200,normal,771,0,1782362237.91526,0.0021610260009765625
308201,normal,2140,0,1782362237.9171042,0.001844167709350586
308202,normal,675,0,1782362237.9190996,0.0019953250885009766
308203,normal,3113,1,1782362237.9212594,0.0021598339080810547
308204,normal,1879,0,1782362237.9230998,0.001840353012084961
308205,normal,2328,0,1782362237.9252532,0.0021533966064453125
308206,normal,580,0,1782362237.927097,0.0018439292907714844
308207,normal,1872,0,1782362237.9291322,0.0020351409912109375
308208,normal,291,0,1782362237.9311042,0.0019719600677490234
308209,normal,3112,1,1782362237.9331603,0.002056121826171875
308210,normal,3296,1,1782362237.9351003,0.001940011978149414
308211,normal,3541,0,1782362237.9370995,0.0019991397857666016
308212,normal,2080,0,1782362237.9392638,0.0021643638610839844
308213,normal,1521,0,1782362237.9411292,0.001865386962890625
308214,normal,3575,0,1782362237.9431002,0.001971006393432617
308215,normal,1216,0,1782362237.9452603,0.0021600723266601562
308216,normal,3010,0,1782362237.9470987,0.0018384456634521484
308217,normal,1345,1,1782362237.9491036,0.002004861831665039
308218,normal,1604,0,1782362237.951263,0.0021593570709228516
308219,normal,2406,0,1782362237.953128,0.0018651485443115234
308220,normal,3156,1,1782362237.9550998,0.001971721649169922
308221,normal,1011,2,1782362237.9571633,0.0020635128021240234
308222,normal,3659,0,1782362237.9590993,0.0019359588623046875
308223,normal,829,2,1782362237.9611259,0.0020265579223632812
308224,normal,863,2,1782362237.9632602,0.0021343231201171875
308225,normal,826,2,1782362237.9651017,0.0018415451049804688
308226,normal,2189,0,1782362237.9671035,0.0020017623901367188
308227,normal,1354,1,1782362237.9692574,0.0021538734436035156
308228,normal,1580,0,1782362237.971102,0.001844644546508789
308229,normal,177,0,1782362237.9731147,0.0020127296447753906
308230,normal,3048,1,1782362237.9752522,0.002137422561645508
308231,normal,2794,0,1782362237.9771042,0.0018520355224609375
308232,normal,522,0,1782362237.9791162,0.002012014389038086
308233,normal,2819,0,1782362237.9812527,0.0021364688873291016
308234,normal,2680,0,1782362237.9831002,0.0018475055694580078
308235,normal,1221,0,1782362237.9851372,0.00203704833984375
308236,normal,780,2,1782362237.9872627,0.0021255016326904297
308237,normal,1984,0,1782362237.9894464,0.002183675765991211
308238,normal,2472,0,1782362237.991142,0.0016956329345703125
308239,normal,3482,0,1782362237.9930525,0.0019104480743408203
308240,normal,385,0,1782362237.9950776,0.002025127410888672
308241,normal,3236,1,1782362237.9970918,0.00201416015625
308242,normal,128,0,1782362237.9990544,0.0019626617431640625
308243,normal,2466,0,1782362238.001145,0.0020904541015625
308244,normal,1742,0,1782362238.0030446,0.00189971923828125
308245,normal,2142,0,1782362238.0051808,0.00213623046875
308246,normal,1898,0,1782362238.007099,0.0019180774688720703
308247,normal,1032,0,1782362238.0091279,0.002028942108154297
308248,normal,1690,0,1782362238.011257,0.002129077911376953
308249,normal,1966,0,1782362238.013133,0.0018761157989501953
308250,normal,2452,0,1782362238.0150933,0.001960277557373047
308251,normal,3024,0,1782362238.0172622,0.002168893814086914
308252,normal,1428,0,1782362238.0190651,0.0018029212951660156
308253,normal,512,0,1782362238.02107,0.002004861831665039
308254,normal,1538,0,1782362238.0231638,0.002093791961669922
308255,normal,1691,0,1782362238.0250905,0.0019266605377197266
308256,normal,152,0,1782362238.0270507,0.001960277557373047
308257,normal,2329,0,1782362238.029179,0.0021283626556396484
308258,normal,2736,0,1782362238.0310743,0.0018951892852783203
308259,normal,3043,0,1782362238.033071,0.001996755599975586
308260,normal,3582,0,1782362238.0350919,0.0020208358764648438
308261,normal,2616,0,1782362238.0370874,0.001995563507080078
308262,normal,1777,0,1782362238.0390484,0.0019609928131103516
308263,normal,1164,0,1782362238.04111,0.002061605453491211
308264,normal,1577,0,1782362238.043046,0.0019359588623046875
308265,normal,989,2,1782362238.0450518,0.0020058155059814453
308266,normal,912,2,1782362238.0471094,0.0020575523376464844
308267,normal,242,0,1782362238.049051,0.001941680908203125
308268,normal,1598,0,1782362238.0510635,0.002012491226196289
308269,normal,214,0,1782362238.0530908,0.002027273178100586
308270,normal,420,0,1782362238.0550733,0.001982450485229492
308271,normal,1157,0,1782362238.0571113,0.0020380020141601562
308272,normal,2583,0,1782362238.0591214,0.0020101070404052734
308273,normal,2488,0,1782362238.0610507,0.0019292831420898438
308274,normal,3407,0,1782362238.0630693,0.0020186901092529297
308275,normal,1612,0,1782362238.0650885,0.002019166946411133
308276,normal,1892,0,1782362238.0670848,0.001996278762817383
308277,normal,2516,0,1782362238.0690484,0.0019636154174804688
308278,normal,3543,0,1782362238.0711708,0.0021224021911621094
308279,normal,1237,0,1782362238.0730476,0.0018768310546875
308280,normal,2594,0,1782362238.0750632,0.0020155906677246094
308281,normal,3165,1,1782362238.0771594,0.0020961761474609375
308282,normal,2628,0,1782362238.0790877,0.0019283294677734375
308283,normal,3620,0,1782362238.0810487,0.0019609928131103516
308284,normal,3259,1,1782362238.0831757,0.002126932144165039
308285,normal,1420,0,1782362238.085046,0.0018703937530517578
308286,normal,2495,0,1782362238.0871017,0.002055644989013672
308287,normal,3524,0,1782362238.0892591,0.002157449722290039
308288,normal,464,0,1782362238.0911267,0.001867532730102539
308289,normal,2295,0,1782362238.093099,0.0019724369049072266
308290,normal,2709,0,1782362238.0952682,0.0021691322326660156
308291,normal,1082,0,1782362238.097154,0.0018856525421142578
308292,normal,1227,0,1782362238.0990913,0.0019373893737792969
308293,normal,3334,1,1782362238.1011727,0.0020813941955566406
308294,normal,546,0,1782362238.103081,0.0019083023071289062
308295,normal,1488,0,1782362238.1051009,0.0020198822021484375
308296,normal,1089,0,1782362238.107262,0.0021610260009765625
308297,normal,862,2,1782362238.1091247,0.0018627643585205078
308298,normal,3327,1,1782362238.1111116,0.001986980438232422
308299,normal,3366,1,1782362238.1132555,0.00214385986328125
308300,normal,170,0,1782362238.115125,0.0018694400787353516
308301,normal,818,2,1782362238.1171029,0.0019779205322265625
308302,normal,3467,0,1782362238.119266,0.0021631717681884766
308303,normal,2462,0,1782362238.121102,0.0018360614776611328
308304,normal,303,0,1782362238.1231146,0.002012491226196289
308305,normal,397,0,1782362238.125258,0.002143383026123047
308306,normal,2196,0,1782362238.1271496,0.0018916130065917969
308307,normal,633,0,1782362238.1291053,0.001955747604370117
308308,normal,2530,0,1782362238.1312652,0.0021598339080810547
308309,normal,2141,0,1782362238.1331015,0.0018362998962402344
308310,normal,1684,0,1782362238.1351097,0.002008199691772461
308311,normal,1297,0,1782362238.1372569,0.002147197723388672
308312,normal,3102,1,1782362238.1390984,0.0018415451049804688
308313,normal,3323,1,1782362238.1410987,0.0020003318786621094
308314,normal,2490,0,1782362238.1432655,0.002166748046875
308315,normal,907,2,1782362238.1450756,0.0018100738525390625
308316,normal,1401,0,1782362238.1471167,0.0020411014556884766
308317,normal,3410,0,1782362238.1492736,0.002156972885131836
308318,normal,443,0,1782362238.151124,0.0018503665924072266
308319,normal,1702,0,1782362238.1531022,0.001978158950805664
308320,normal,2020,0,1782362238.1553206,0.002218484878540039
308321,normal,404,0,1782362238.1570606,0.0017399787902832031
308322,normal,1510,0,1782362238.1592731,0.0022125244140625
308323,normal,3238,1,1782362238.161101,0.0018279552459716797
308324,normal,2040,0,1782362238.1631393,0.002038240432739258
308325,normal,2244,0,1782362238.1651719,0.0020325183868408203
308326,normal,1516,0,1782362238.1672657,0.002093791961669922
308327,normal,2474,0,1782362238.1691,0.0018343925476074219
308328,normal,3210,1,1782362238.1711175,0.002017498016357422
308329,normal,2896,0,1782362238.1732585,0.0021409988403320312
308330,normal,1211,0,1782362238.1751332,0.001874685287475586
308331,normal,2503,0,1782362238.1771028,0.001969575881958008
308332,normal,2220,0,1782362238.1792688,0.0021660327911376953
308333,normal,2069,0,1782362238.181102,0.001833200454711914
308334,normal,2050,0,1782362238.183116,0.0020139217376708984
308335,normal,3571,0,1782362238.1852572,0.002141237258911133
308336,normal,283,0,1782362238.1871269,0.0018696784973144531
308337,normal,3023,0,1782362238.189103,0.00197601318359375
308338,normal,185,0,1782362238.1913075,0.0022046566009521484
308339,normal,1380,1,1782362238.1931124,0.0018048286437988281
308340,normal,2619,0,1782362238.1951156,0.002003192901611328
308341,normal,1418,0,1782362238.197258,0.0021424293518066406
308342,normal,146,0,1782362238.1990905,0.0018324851989746094
308343,normal,359,0,1782362238.2010777,0.0019872188568115234
308344,normal,3682,0,1782362238.2031817,0.002104043960571289
308345,normal,2838,0,1782362238.205134,0.0019521713256835938
308346,normal,1347,1,1782362238.2071333,0.001999378204345703
308347,normal,332,0,1782362238.2092693,0.0021359920501708984
308348,normal,2553,0,1782362238.2111027,0.0018334388732910156
308349,normal,1084,0,1782362238.2131224,0.002019643783569336
308350,normal,1735,0,1782362238.2152615,0.0021390914916992188
308351,normal,3184,1,1782362238.217123,0.001861572265625
308352,normal,1240,0,1782362238.2191074,0.0019843578338623047
308353,normal,2332,0,1782362238.2212574,0.0021500587463378906
308354,normal,3381,1,1782362238.2231276,0.0018701553344726562
308355,normal,1641,0,1782362238.2251186,0.0019910335540771484
308356,normal,2485,0,1782362238.2273216,0.0022029876708984375
308357,normal,1917,0,1782362238.2290933,0.001771688461303711
308358,normal,708,0,1782362238.231117,0.0020236968994140625
308359,normal,2991,0,1782362238.23326,0.0021429061889648438
308360,normal,3240,1,1782362238.2351239,0.0018639564514160156
308361,normal,2160,0,1782362238.2371023,0.0019783973693847656
308362,normal,2487,0,1782362238.2392652,0.002162933349609375
308363,normal,2432,0,1782362238.2411005,0.0018353462219238281
308364,normal,108,0,1782362238.2431145,0.0020139217376708984
308365,normal,3094,1,1782362238.2452583,0.00214385986328125
308366,normal,2952,0,1782362238.2471263,0.0018680095672607422
308367,normal,3246,1,1782362238.2490993,0.0019729137420654297
308368,normal,1351,1,1782362238.251268,0.0021686553955078125
308369,normal,923,2,1782362238.2531092,0.0018413066864013672
308370,normal,752,0,1782362238.2551208,0.002011537551879883
308371,normal,417,0,1782362238.2571695,0.0020487308502197266
308372,normal,1349,1,1782362238.2590902,0.0019207000732421875
308373,normal,2188,0,1782362238.2611387,0.002048492431640625
308374,normal,870,2,1782362238.2632573,0.0021185874938964844
308375,normal,207,0,1782362238.2651236,0.0018663406372070312
308376,normal,605,0,1782362238.2671015,0.0019779205322265625
308377,normal,3403,0,1782362238.2692668,0.0021653175354003906
308378,normal,502,0,1782362238.2711089,0.0018420219421386719
308379,normal,1265,0,1782362238.2731142,0.002005338668823242
308380,normal,1858,0,1782362238.2752604,0.0021462440490722656
308381,normal,3162,1,1782362238.2771318,0.001871347427368164
308382,normal,1716,0,1782362238.2791045,0.001972675323486328
308383,normal,3172,1,1782362238.2812676,0.0021631717681884766
308384,normal,1101,0,1782362238.2831018,0.0018341541290283203
308385,normal,2326,0,1782362238.2851145,0.0020127296447753906
308386,normal,1796,0,1782362238.2872574,0.0021429061889648438
308387,normal,3477,0,1782362238.289123,0.0018656253814697266
308388,normal,2665,0,1782362238.2911065,0.0019834041595458984
308389,normal,653,0,1782362238.2932584,0.002151966094970703
308390,normal,1842,0,1782362238.2951005,0.0018420219421386719
308391,normal,1902,0,1782362238.2971337,0.002033233642578125
308392,normal,2213,0,1782362238.2993288,0.002195119857788086
308393,normal,270,0,1782362238.3010871,0.0017583370208740234
308394,normal,1041,0,1782362238.3031123,0.002025127410888672
308395,normal,3506,0,1782362238.3052528,0.002140522003173828
308396,normal,627,0,1782362238.3071249,0.0018720626831054688
308397,normal,3436,0,1782362238.3090959,0.001971006393432617
308398,normal,2823,0,1782362238.3112688,0.0021729469299316406
308399,normal,693,0,1782362238.3130982,0.001829385757446289
308400,normal,361,0,1782362238.315122,0.0020236968994140625
308401,normal,381,0,1782362238.3172553,0.0021333694458007812
308402,normal,2960,0,1782362238.3191261,0.001870870590209961
308403,normal,259,0,1782362238.3211024,0.0019762516021728516
308404,normal,1590,0,1782362238.3233008,0.002198457717895508
308405,normal,2512,0,1782362238.3251007,0.0017998218536376953
308406,normal,102,0,1782362238.3271008,0.002000093460083008
308407,normal,1978,0,1782362238.3293417,0.002240896224975586
308408,normal,3438,0,1782362238.3311296,0.0017879009246826172
308409,normal,3639,0,1782362238.3331177,0.0019881725311279297
308410,normal,402,0,1782362238.335258,0.0021402835845947266
308411,normal,3364,1,1782362238.3371308,0.0018727779388427734
308412,normal,2498,0,1782362238.339106,0.0019752979278564453
308413,normal,2644,0,1782362238.3412652,0.00215911865234375
308414,normal,3062,1,1782362238.3431385,0.0018732547760009766
308415,normal,67,0,1782362238.3451083,0.0019698143005371094
308416,normal,3206,1,1782362238.3472674,0.00215911865234375
308417,normal,1252,0,1782362238.349131,0.001863718032836914
308418,normal,1629,0,1782362238.3511062,0.0019750595092773438
308419,normal,2126,0,1782362238.3531144,0.002008199691772461
308420,normal,1911,0,1782362238.3550906,0.0019762516021728516
308421,normal,432,0,1782362238.3570535,0.001962900161743164
308422,normal,3208,1,1782362238.359148,0.0020945072174072266
308423,normal,2301,0,1782362238.3610475,0.0018994808197021484
308424,normal,1582,0,1782362238.363052,0.002004384994506836
308425,normal,471,0,1782362238.3651621,0.0021102428436279297
308426,normal,659,0,1782362238.3670895,0.0019273757934570312
308427,normal,1417,0,1782362238.3691802,0.0020906925201416016
308428,normal,2986,0,1782362238.3712728,0.002092599868774414
308429,normal,2101,0,1782362238.3731003,0.0018274784088134766
308430,normal,2608,0,1782362238.3751826,0.002082347869873047
308431,normal,1205,0,1782362238.377184,0.0020012855529785156
308432,normal,3548,0,1782362238.3790605,0.0018765926361083984
308433,normal,1324,1,1782362238.381063,0.0020024776458740234
308434,normal,2625,0,1782362238.3831584,0.002095460891723633
308435,normal,2059,0,1782362238.385086,0.0019276142120361328
308436,normal,2207,0,1782362238.3870852,0.0019991397857666016
308437,normal,2319,0,1782362238.3891566,0.002071380615234375
308438,normal,1134,0,1782362238.3912485,0.0020918846130371094
308439,normal,542,0,1782362238.3931909,0.0019423961639404297
308440,normal,2904,0,1782362238.3952703,0.002079486846923828
308441,normal,2842,0,1782362238.3971097,0.0018393993377685547
308442,normal,2256,0,1782362238.399082,0.001972198486328125
308443,normal,3671,0,1782362238.4011014,0.0020194053649902344
308444,normal,162,0,1782362238.4033206,0.0022192001342773438
308445,normal,2066,0,1782362238.4051435,0.0018229484558105469
308446,normal,3257,1,1782362238.407173,0.0020294189453125
308447,normal,1358,1,1782362238.4091356,0.0019626617431640625
308448,normal,2076,0,1782362238.41126,0.002124309539794922
308449,normal,1826,0,1782362238.4132922,0.0020322799682617188
308450,normal,2732,0,1782362238.4151032,0.0018110275268554688
308451,normal,3086,1,1782362238.417312,0.002208709716796875
308452,normal,322,0,1782362238.419132,0.0018200874328613281
308453,normal,2551,0,1782362238.4213064,0.00217437744140625
308454,normal,931,2,1782362238.4230878,0.001781463623046875
308455,normal,841,2,1782362238.425136,0.0020482540130615234
308456,normal,2540,0,1782362238.4271207,0.0019845962524414062
308457,normal,539,0,1782362238.429478,0.0023572444915771484
308458,normal,135,0,1782362238.4312584,0.0017805099487304688
308459,normal,561,0,1782362238.4331272,0.0018687248229980469
308460,normal,2990,0,1782362238.435248,0.0021207332611083984
308461,normal,3536,0,1782362238.4371684,0.001920461654663086
308462,normal,3018,0,1782362238.4391577,0.0019893646240234375
308463,normal,1502,0,1782362238.4411619,0.0020041465759277344
308464,normal,3525,0,1782362238.443447,0.0022852420806884766
308465,normal,1093,0,1782362238.4451568,0.0017096996307373047
308466,normal,124,0,1782362238.4474287,0.002271890640258789
308467,normal,656,0,1782362238.4493558,0.0019271373748779297
308468,normal,1695,0,1782362238.4510932,0.001737356185913086
308469,normal,579,0,1782362238.4532988,0.0022056102752685547
308470,normal,1135,0,1782362238.4551926,0.001893758773803711
308471,normal,238,0,1782362238.457148,0.0019555091857910156
308472,normal,1814,0,1782362238.4593194,0.0021712779998779297
308473,normal,842,2,1782362238.4611197,0.0018002986907958984
308474,normal,2920,0,1782362238.4631066,0.001986980438232422
308475,normal,3314,1,1782362238.4653065,0.002199888229370117
308476,normal,1585,0,1782362238.467108,0.0018014907836914062
308477,normal,2352,0,1782362238.4690902,0.0019822120666503906
308478,normal,2361,0,1782362238.4713106,0.0022203922271728516
308479,normal,1374,1,1782362238.4731157,0.0018050670623779297
308480,normal,153,0,1782362238.4751065,0.001990795135498047
308481,normal,1099,0,1782362238.477311,0.002204418182373047
308482,normal,1592,0,1782362238.4791076,0.001796722412109375
308483,normal,2144,0,1782362238.4810908,0.001983165740966797
308484,normal,2289,0,1782362238.4833062,0.0022153854370117188
308485,normal,121,0,1782362238.4852655,0.0019593238830566406
308486,normal,2008,0,1782362238.487124,0.0018584728240966797
308487,normal,806,2,1782362238.489303,0.0021791458129882812
308488,normal,490,0,1782362238.4911454,0.0018422603607177734
308489,normal,855,2,1782362238.4931042,0.0019588470458984375
308490,normal,3540,0,1782362238.4953275,0.0022232532501220703
308491,normal,3046,1,1782362238.4971218,0.0017943382263183594
308492,normal,985,2,1782362238.4993362,0.0022144317626953125
308493,normal,2103,0,1782362238.5011342,0.0017979145050048828
308494,normal,246,0,1782362238.5033004,0.002166271209716797
308495,normal,1710,0,1782362238.5051036,0.0018031597137451172
308496,normal,1754,0,1782362238.5073102,0.002206563949584961
308497,normal,1884,0,1782362238.5091143,0.0018041133880615234
308498,normal,116,0,1782362238.5112743,0.0021600723266601562
308499,normal,1371,1,1782362238.5131037,0.001829385757446289
308500,normal,3416,0,1782362238.515309,0.002205371856689453
308501,normal,640,0,1782362238.5171108,0.0018017292022705078
308502,normal,3439,0,1782362238.5193098,0.002198934555053711
308503,normal,2743,0,1782362238.5211241,0.0018143653869628906
308504,normal,2,0,1782362238.5233185,0.0021944046020507812
308505,normal,1453,0,1782362238.5251544,0.0018358230590820312
308506,normal,3134,1,1782362238.5272663,0.0021119117736816406
308507,normal,655,0,1782362238.5291107,0.0018444061279296875
308508,normal,1866,0,1782362238.5313146,0.0022039413452148438
308509,normal,3706,0,1782362238.533147,0.0018324851989746094
308510,normal,2367,0,1782362238.5351083,0.001961231231689453
308511,normal,1107,0,1782362238.5373075,0.0021991729736328125
308512,normal,1039,0,1782362238.539151,0.0018434524536132812
308513,normal,1797,0,1782362238.5411305,0.0019795894622802734
308514,normal,564,0,1782362238.543342,0.0022115707397460938
308515,normal,1869,0,1782362238.5451794,0.0018372535705566406
308516,normal,1551,0,1782362238.5471077,0.0019283294677734375
308517,normal,494,0,1782362238.5492735,0.0021657943725585938
308518,normal,48,0,1782362238.551143,0.0018694400787353516
308519,normal,905,2,1782362238.553128,0.0019850730895996094
308520,normal,2183,0,1782362238.5551047,0.0019767284393310547
308521,normal,1779,0,1782362238.5572715,0.002166748046875
308522,normal,602,0,1782362238.5591097,0.0018382072448730469
308523,normal,1481,0,1782362238.5613472,0.002237558364868164
308524,normal,1969,0,1782362238.5631828,0.0018355846405029297
308525,normal,2660,0,1782362238.5651107,0.0019278526306152344
308526,normal,1683,0,1782362238.5673134,0.002202749252319336
308527,normal,3145,1,1782362238.569136,0.0018224716186523438
308528,normal,2070,0,1782362238.571105,0.0019690990447998047
308529,normal,2391,0,1782362238.5733051,0.0022001266479492188
308530,normal,2577,0,1782362238.57515,0.0018448829650878906
308531,normal,3085,1,1782362238.5771048,0.001954793930053711
308532,normal,3561,0,1782362238.57932,0.002215147018432617
308533,normal,448,0,1782362238.5811222,0.001802206039428711
308534,normal,2038,0,1782362238.583273,0.0021507740020751953
308535,normal,3491,0,1782362238.5851045,0.0018315315246582031
308536,normal,18,0,1782362238.587262,0.002157449722290039
308537,normal,2149,0,1782362238.5891669,0.0019049644470214844
308538,normal,1974,0,1782362238.5923345,0.0031676292419433594
308539,normal,730,0,1782362238.5930855,0.0007510185241699219
308540,normal,2997,0,1782362238.5952072,0.0021216869354248047
308541,normal,3262,1,1782362238.597074,0.0018668174743652344
308542,normal,3367,1,1782362238.5991096,0.0020356178283691406
308543,normal,2769,0,1782362238.6011162,0.00200653076171875
308544,normal,2775,0,1782362238.6031284,0.0020122528076171875
308545,normal,1072,0,1782362238.6050775,0.0019490718841552734
308546,normal,280,0,1782362238.6071234,0.002045869827270508
308547,normal,3307,1,1782362238.609115,0.0019915103912353516
308548,normal,2535,0,1782362238.6110704,0.0019555091857910156
308549,normal,133,0,1782362238.6131136,0.0020432472229003906
308550,normal,2933,0,1782362238.6151292,0.0020155906677246094
308551,normal,115,0,1782362238.6170688,0.001939535140991211
308552,normal,408,0,1782362238.6191163,0.0020475387573242188
308553,normal,3166,1,1782362238.6211133,0.0019969940185546875
308554,normal,312,0,1782362238.6230702,0.001956939697265625
308555,normal,2096,0,1782362238.6251116,0.002041339874267578
308556,normal,1130,0,1782362238.627129,0.002017498016357422
308557,normal,1081,0,1782362238.6290667,0.0019376277923583984
308558,normal,1458,0,1782362238.6311214,0.0020546913146972656
308559,normal,1822,0,1782362238.6330688,0.0019474029541015625
308560,normal,1332,1,1782362238.63509,0.002021312713623047
308561,normal,255,0,1782362238.637114,0.002023935317993164
308562,normal,2632,0,1782362238.6391273,0.0020132064819335938
308563,normal,2302,0,1782362238.641116,0.001988649368286133
308564,normal,3609,0,1782362238.6431262,0.002010345458984375
308565,normal,3600,0,1782362238.6451495,0.0020232200622558594
308566,normal,3306,1,1782362238.6470869,0.0019373893737792969
308567,normal,1522,0,1782362238.6491137,0.002026796340942383
308568,normal,1536,0,1782362238.651131,0.0020172595977783203
308569,normal,3122,1,1782362238.6530757,0.0019447803497314453
308570,normal,3097,1,1782362238.6551125,0.0020368099212646484
308571,normal,2091,0,1782362238.6571195,0.002007007598876953
308572,normal,1664,0,1782362238.659091,0.0019714832305908203
308573,normal,433,0,1782362238.6611166,0.002025604248046875
308574,normal,1459,0,1782362238.6631217,0.0020051002502441406
308575,normal,2245,0,1782362238.6650703,0.0019485950469970703
308576,normal,2337,0,1782362238.6671247,0.002054452896118164
308577,normal,3454,0,1782362238.669111,0.001986265182495117
308578,normal,2971,0,1782362238.671083,0.0019719600677490234
308579,normal,172,0,1782362238.6731153,0.0020322799682617188
308580,normal,2491,0,1782362238.6751223,0.002007007598876953
308581,normal,1952,0,1782362238.677075,0.0019526481628417969
308582,normal,717,0,1782362238.6791248,0.0020499229431152344
308583,normal,3570,0,1782362238.6811225,0.001997709274291992
308584,normal,1318,0,1782362238.6830864,0.0019638538360595703
308585,normal,1603,0,1782362238.6851115,0.002025127410888672
308586,normal,1798,0,1782362238.6871343,0.0020227432250976562
308587,normal,286,0,1782362238.689068,0.0019338130950927734
308588,normal,679,0,1782362238.6911159,0.0020477771759033203
308589,normal,908,2,1782362238.693116,0.002000093460083008
308590,normal,2417,0,1782362238.6950717,0.001955747604370117
308591,normal,2886,0,1782362238.697125,0.0020532608032226562
308592,normal,948,2,1782362238.6991026,0.001977682113647461
308593,normal,345,0,1782362238.7010825,0.001979827880859375
308594,normal,1611,0,1782362238.703113,0.002030611038208008
308595,normal,1423,0,1782362238.7050846,0.0019714832305908203
308596,normal,1804,0,1782362238.7070682,0.001983642578125
308597,normal,3420,0,1782362238.7091315,0.002063274383544922
308598,normal,2382,0,1782362238.7111003,0.001968860626220703
308599,normal,3472,0,1782362238.7130845,0.001984119415283203
308600,normal,895,2,1782362238.7151098,0.0020253658294677734
308601,normal,2662,0,1782362238.717126,0.0020160675048828125
308602,normal,3700,0,1782362238.7190697,0.001943826675415039
308603,normal,3089,1,1782362238.7211363,0.0020666122436523438
308604,normal,372,0,1782362238.7231028,0.0019664764404296875
308605,normal,191,0,1782362238.7250834,0.0019805431365966797
308606,normal,3204,1,1782362238.7271152,0.0020318031311035156
308607,normal,1355,1,1782362238.7291265,0.0020112991333007812
308608,normal,3565,0,1782362238.7310708,0.0019443035125732422
308609,normal,3108,1,1782362238.733134,0.002063274383544922
308610,normal,928,2,1782362238.735106,0.0019719600677490234
308611,normal,844,2,1782362238.737084,0.0019779205322265625
308612,normal,532,0,1782362238.7391112,0.002027273178100586
308613,normal,1870,0,1782362238.7411206,0.0020093917846679688
308614,normal,231,0,1782362238.7430692,0.0019485950469970703
308615,normal,568,0,1782362238.745128,0.002058744430541992
308616,normal,3282,1,1782362238.7470996,0.001971721649169922
308617,normal,1127,0,1782362238.7490902,0.0019905567169189453
308618,normal,203,0,1782362238.7511458,0.002055644989013672
308619,normal,1257,0,1782362238.7531242,0.0019783973693847656
308620,normal,960,2,1782362238.7550714,0.001947164535522461
308621,normal,3383,1,1782362238.7571297,0.002058267593383789
308622,normal,63,0,1782362238.759108,0.0019783973693847656
308623,normal,1497,0,1782362238.7610805,0.0019724369049072266
308624,normal,1128,0,1782362238.7631154,0.002034902572631836
308625,normal,1810,0,1782362238.7651286,0.0020132064819335938
308626,normal,2288,0,1782362238.7670722,0.0019435882568359375
308627,normal,2456,0,1782362238.7691195,0.002047300338745117
308628,normal,1139,0,1782362238.7711012,0.0019817352294921875
308629,normal,1016,2,1782362238.773087,0.001985788345336914
308630,normal,3101,1,1782362238.7751188,0.0020318031311035156
308631,normal,3352,1,1782362238.7771342,0.002015352249145508
308632,normal,1749,0,1782362238.7790687,0.0019345283508300781
308633,normal,2529,0,1782362238.7811413,0.002072572708129883
308634,normal,779,2,1782362238.7831018,0.0019605159759521484
308635,normal,745,0,1782362238.7850885,0.0019867420196533203
308636,normal,3325,1,1782362238.7871172,0.0020287036895751953
308637,normal,883,2,1782362238.7891233,0.002006053924560547
308638,normal,42,0,1782362238.791069,0.0019457340240478516
308639,normal,2859,0,1782362238.7931352,0.0020661354064941406
308640,normal,1618,0,1782362238.7951002,0.001965045928955078
308641,normal,1981,0,1782362238.7970912,0.0019910335540771484
308642,normal,10,0,1782362238.7991157,0.002024412155151367
308643,normal,1359,1,1782362238.8011215,0.0020058155059814453
308644,normal,395,0,1782362238.8030694,0.0019478797912597656
308645,normal,881,2,1782362238.805134,0.0020647048950195312
308646,normal,2088,0,1782362238.8070993,0.0019652843475341797
308647,normal,3176,1,1782362238.8090742,0.001974821090698242
308648,normal,3019,0,1782362238.8111093,0.0020351409912109375
308649,normal,1756,0,1782362238.8131378,0.0020284652709960938
308650,normal,2837,0,1782362238.8150666,0.0019288063049316406
308651,normal,1825,0,1782362238.8171356,0.0020689964294433594
308652,normal,1035,0,1782362238.8190997,0.001964092254638672
308653,normal,2438,0,1782362238.8210776,0.0019779205322265625
308654,normal,556,0,1782362238.8231137,0.0020360946655273438
308655,normal,1357,1,1782362238.8251326,0.0020189285278320312
308656,normal,1119,0,1782362238.8270705,0.0019378662109375
308657,normal,962,2,1782362238.829129,0.0020585060119628906
308658,normal,2772,0,1782362238.8311033,0.001974344253540039
308659,normal,1557,0,1782362238.8330693,0.0019659996032714844
308660,normal,447,0,1782362238.8351119,0.002042531967163086
308661,normal,2585,0,1782362238.837116,0.0020041465759277344
308662,normal,2349,0,1782362238.8390856,0.001969575881958008
308663,normal,1931,0,1782362238.8411124,0.002026796340942383
308664,normal,1433,0,1782362238.8431227,0.002010345458984375
308665,normal,218,0,1782362238.845073,0.0019502639770507812
308666,normal,3092,1,1782362238.8471215,0.002048492431640625
308667,normal,429,0,1782362238.8491144,0.001992940902709961
308668,normal,682,0,1782362238.851079,0.001964569091796875
308669,normal,3231,1,1782362238.8531132,0.0020341873168945312
308670,normal,2216,0,1782362238.8551044,0.00199127197265625
308671,normal,2482,0,1782362238.857087,0.001982450485229492
308672,normal,1970,0,1782362238.859107,0.002020120620727539
308673,normal,1809,0,1782362238.8611352,0.002028226852416992
308674,normal,2185,0,1782362238.863073,0.0019378662109375
308675,normal,1750,0,1782362238.8651326,0.002059459686279297
308676,normal,1073,0,1782362238.8671024,0.0019698143005371094
308677,normal,125,0,1782362238.8690977,0.0019953250885009766
308678,normal,3642,0,1782362238.8711114,0.002013683319091797
308679,normal,1781,0,1782362238.873128,0.0020165443420410156
308680,normal,230,0,1782362238.875076,0.0019481182098388672
308681,normal,276,0,1782362238.8771389,0.0020627975463867188
308682,normal,710,0,1782362238.8791046,0.001965761184692383
308683,normal,516,0,1782362238.8810794,0.001974821090698242
308684,normal,2905,0,1782362238.883113,0.0020334720611572266
308685,normal,409,0,1782362238.8851473,0.002034425735473633
308686,normal,3544,0,1782362238.887069,0.0019216537475585938
308687,normal,3668,0,1782362238.8891275,0.0020585060119628906
308688,normal,2943,0,1782362238.8911128,0.001985311508178711
308689,normal,1,0,1782362238.8930833,0.001970529556274414
308690,normal,439,0,1782362238.8951128,0.0020294189453125
308691,normal,75,0,1782362238.8973563,0.002243518829345703
308692,normal,2964,0,1782362238.8991053,0.0017490386962890625
308693,normal,1188,0,1782362238.9012642,0.0021588802337646484
308694,normal,2209,0,1782362238.9031093,0.0018451213836669922
308695,normal,3576,0,1782362238.9051046,0.0019953250885009766
308696,normal,97,0,1782362238.9072664,0.002161741256713867
308697,normal,1537,0,1782362238.9090705,0.0018041133880615234
308698,normal,1234,0,1782362238.9110794,0.0020089149475097656
308699,normal,1028,2,1782362238.9131143,0.002034902572631836
308700,normal,1960,0,1782362238.9151406,0.0020263195037841797
308701,normal,2773,0,1782362238.9170678,0.0019271373748779297
308702,normal,1676,0,1782362238.9191353,0.00206756591796875
308703,normal,467,0,1782362238.9211128,0.0019774436950683594
308704,normal,278,0,1782362238.923083,0.0019702911376953125
308705,normal,311,0,1782362238.925112,0.002028942108154297
308706,normal,1352,1,1782362238.9271293,0.0020172595977783203
308707,normal,3107,1,1782362238.9290686,0.0019392967224121094
308708,normal,661,0,1782362238.9310775,0.0020089149475097656
308709,normal,587,0,1782362238.933111,0.0020334720611572266
308710,normal,2845,0,1782362238.9350855,0.0019745826721191406
308711,normal,2956,0,1782362238.9371133,0.002027750015258789
308712,normal,1763,0,1782362238.9391272,0.0020139217376708984
308713,normal,3082,1,1782362238.9410706,0.001943349838256836
308714,normal,2834,0,1782362238.943122,0.0020513534545898438
308715,normal,3248,1,1782362238.9451149,0.001992940902709961
308716,normal,1652,0,1782362238.9470816,0.001966714859008789
308717,normal,1337,1,1782362238.949116,0.002034425735473633
308718,normal,2012,0,1782362238.9511273,0.0020112991333007812
308719,normal,1308,0,1782362238.9530709,0.0019435882568359375
308720,normal,2522,0,1782362238.955129,0.0020580291748046875
308721,normal,169,0,1782362238.9571128,0.0019838809967041016
308722,normal,1303,0,1782362238.959085,0.001972198486328125
308723,normal,2200,0,1782362238.9611144,0.0020294189453125
308724,normal,1957,0,1782362238.9631276,0.0020132064819335938
308725,normal,2783,0,1782362238.9650695,0.0019419193267822266
308726,normal,58,0,1782362238.967117,0.0020475387573242188
308727,normal,2804,0,1782362238.9691188,0.0020017623901367188
308728,normal,139,0,1782362238.971086,0.001967191696166992
308729,normal,1061,0,1782362238.9731116,0.002025604248046875
308730,normal,331,0,1782362238.9751194,0.002007722854614258
308731,normal,2043,0,1782362238.9770722,0.0019528865814208984
308732,normal,930,2,1782362238.9791207,0.002048492431640625
308733,normal,2434,0,1782362238.981115,0.0019943714141845703
308734,normal,2255,0,1782362238.9830902,0.0019750595092773438
308735,normal,2557,0,1782362238.9851193,0.0020291805267333984
308736,normal,1824,0,1782362238.987146,0.0020265579223632812
308737,normal,3224,1,1782362238.989076,0.0019299983978271484
308738,normal,775,2,1782362238.9911275,0.0020515918731689453
308739,normal,3192,1,1782362238.9931102,0.0019826889038085938
308740,normal,560,0,1782362238.9950795,0.0019693374633789062
308741,normal,2370,0,1782362238.9971254,0.002045869827270508
308742,normal,3485,0,1782362238.9991145,0.001989126205444336
308743,normal,3200,1,1782362239.0011554,0.002040863037109375
308744,normal,112,0,1782362239.0030966,0.0019412040710449219
308745,normal,434,0,1782362239.0050988,0.002002239227294922
308746,normal,1886,0,1782362239.0070891,0.0019903182983398438
308747,normal,3187,1,1782362239.009113,0.002023935317993164
308748,normal,1425,0,1782362239.0111337,0.002020597457885742
308749,normal,1876,0,1782362239.013069,0.0019352436065673828
308750,normal,132,0,1782362239.0151331,0.002064228057861328
308751,normal,74,0,1782362239.0171115,0.0019783973693847656
308752,normal,984,2,1782362239.0190887,0.001977205276489258
308753,normal,773,2,1782362239.021113,0.0020241737365722656
308754,normal,375,0,1782362239.0231414,0.0020284652709960938
308755,normal,227,0,1782362239.0250726,0.0019311904907226562
308756,normal,240,0,1782362239.0271094,0.0020368099212646484
308757,normal,2595,0,1782362239.0291111,0.0020017623901367188
308758,normal,1772,0,1782362239.031079,0.001967906951904297
308759,normal,3087,1,1782362239.0331204,0.002041339874267578
308760,normal,2729,0,1782362239.035142,0.0020215511322021484
308761,normal,588,0,1782362239.037072,0.0019299983978271484
308762,normal,1410,0,1782362239.0391328,0.0020608901977539062
308763,normal,3514,0,1782362239.0411205,0.0019876956939697266
308764,normal,698,0,1782362239.0430837,0.0019631385803222656
308765,normal,144,0,1782362239.045119,0.002035379409790039
308766,normal,3567,0,1782362239.0471303,0.0020112991333007812
308767,normal,1791,0,1782362239.049081,0.0019507408142089844
308768,normal,1271,0,1782362239.0511336,0.0020525455474853516
308769,normal,2075,0,1782362239.0531125,0.0019788742065429688
308770,normal,2848,0,1782362239.0550954,0.0019829273223876953
308771,normal,2313,0,1782362239.0571136,0.0020182132720947266
308772,normal,2366,0,1782362239.0591798,0.0020661354064941406
308773,normal,2270,0,1782362239.0610304,0.0018506050109863281
308774,normal,1769,0,1782362239.0630887,0.002058267593383789
308775,normal,2138,0,1782362239.0651095,0.0020208358764648438
308776,normal,1739,0,1782362239.0673027,0.0021932125091552734
308777,normal,171,0,1782362239.0691047,0.0018019676208496094
308778,normal,2826,0,1782362239.0713103,0.0022056102752685547
308779,normal,2411,0,1782362239.07312,0.001809835433959961
308780,normal,3320,1,1782362239.075274,0.0021538734436035156
308781,normal,1122,0,1782362239.0771792,0.001905202865600586
308782,normal,3335,1,1782362239.0793297,0.0021505355834960938
308783,normal,1262,0,1782362239.0810921,0.00176239013671875
308784,normal,2145,0,1782362239.0833082,0.0022161006927490234
308785,normal,371,0,1782362239.0851345,0.0018262863159179688
308786,normal,3281,1,1782362239.0871365,0.0020020008087158203
308787,normal,1235,0,1782362239.0893786,0.0022420883178710938
308788,normal,302,0,1782362239.0911815,0.0018029212951660156
308789,normal,922,2,1782362239.0931106,0.0019290447235107422
308790,normal,707,0,1782362239.0953248,0.002214193344116211
308791,normal,1623,0,1782362239.0971074,0.0017826557159423828
308792,normal,586,0,1782362239.0992734,0.0021660327911376953
308793,normal,2412,0,1782362239.1011887,0.0019152164459228516
308794,normal,1396,0,1782362239.1032252,0.002036571502685547
308795,normal,2959,0,1782362239.1051013,0.0018761157989501953
308796,normal,894,2,1782362239.1073031,0.0022017955780029297
308797,normal,300,0,1782362239.1091177,0.0018146038055419922
308798,normal,3190,1,1782362239.111304,0.002186298370361328
308799,normal,2136,0,1782362239.1131935,0.0018894672393798828
308800,normal,394,0,1782362239.1153047,0.002111196517944336
308801,normal,2559,0,1782362239.1171045,0.0017998218536376953
308802,normal,1741,0,1782362239.1192663,0.002161741256713867
308803,normal,181,0,1782362239.1211216,0.0018553733825683594
308804,normal,3394,1,1782362239.1233053,0.002183675765991211
308805,normal,2479,0,1782362239.1251986,0.0018932819366455078
308806,normal,999,2,1782362239.1273134,0.0021147727966308594
308807,normal,1539,0,1782362239.1291053,0.0017919540405273438
308808,normal,307,0,1782362239.1313128,0.002207517623901367
308809,normal,2001,0,1782362239.1331117,0.001798868179321289
308810,normal,3396,1,1782362239.1353147,0.0022029876708984375
308811,normal,1535,0,1782362239.1371064,0.0017917156219482422
308812,normal,2058,0,1782362239.1393173,0.002210855484008789
308813,normal,1948,0,1782362239.141102,0.0017848014831542969
308814,normal,534,0,1782362239.1432633,0.002161264419555664
308815,normal,742,0,1782362239.1451142,0.0018508434295654297
308816,normal,2888,0,1782362239.147314,0.002199888229370117
308817,normal,3518,0,1782362239.1491115,0.0017974376678466797
308818,normal,347,0,1782362239.1513076,0.002196073532104492
308819,normal,3363,1,1782362239.1531036,0.0017960071563720703
308820,normal,1247,0,1782362239.1553106,0.002207040786743164
308821,normal,2179,0,1782362239.1571035,0.00179290771484375
308822,normal,2974,0,1782362239.1592968,0.0021932125091552734
308823,normal,1731,0,1782362239.161117,0.0018203258514404297
308824,normal,1786,0,1782362239.1631708,0.0020537376403808594
308825,normal,536,0,1782362239.1651065,0.001935720443725586
308826,normal,2150,0,1782362239.1672318,0.002125263214111328
308827,normal,212,0,1782362239.1690779,0.0018460750579833984
308828,normal,2000,0,1782362239.1711326,0.0020546913146972656
308829,normal,981,2,1782362239.1731195,0.001986980438232422
308830,normal,1469,0,1782362239.1750827,0.0019631385803222656
308831,normal,54,0,1782362239.1771152,0.0020325183868408203
308832,normal,2158,0,1782362239.179132,0.002016782760620117
308833,normal,52,0,1782362239.181067,0.0019350051879882812
308834,normal,1718,0,1782362239.183136,0.0020689964294433594
308835,normal,3680,0,1782362239.1851141,0.001978158950805664
308836,normal,110,0,1782362239.1870844,0.0019702911376953125
308837,normal,2992,0,1782362239.1891186,0.0020341873168945312
308838,normal,458,0,1782362239.1911511,0.0020325183868408203
308839,normal,1631,0,1782362239.1932592,0.0021080970764160156
308840,normal,1682,0,1782362239.1951172,0.0018579959869384766
308841,normal,929,2,1782362239.1971326,0.002015352249145508
308842,normal,1117,0,1782362239.199098,0.0019655227661132812
308843,normal,1304,0,1782362239.2011266,0.0020284652709960938
308844,normal,269,0,1782362239.203136,0.0020093917846679688
308845,normal,1143,0,1782362239.2050965,0.0019605159759521484
308846,normal,3022,0,1782362239.2070763,0.001979827880859375
308847,normal,1422,0,1782362239.209135,0.002058744430541992
308848,normal,1195,0,1782362239.2110667,0.0019316673278808594
308849,normal,2601,0,1782362239.213128,0.0020613670349121094
308850,normal,1329,1,1782362239.2151139,0.001985788345336914
308851,normal,2310,0,1782362239.217088,0.0019741058349609375
308852,normal,84,0,1782362239.2191126,0.0020246505737304688
308853,normal,803,2,1782362239.221121,0.0020084381103515625
308854,normal,3235,1,1782362239.22307,0.0019488334655761719
308855,normal,1909,0,1782362239.225131,0.002061128616333008
308856,normal,652,0,1782362239.227123,0.0019919872283935547
308857,normal,3136,1,1782362239.229074,0.001950979232788086
308858,normal,2681,0,1782362239.2311115,0.002037525177001953
308859,normal,2587,0,1782362239.2331295,0.002017974853515625
308860,normal,1108,0,1782362239.2350712,0.001941680908203125
308861,normal,1008,2,1782362239.2371297,0.0020585060119628906
308862,normal,1438,0,1782362239.2391145,0.001984834671020508
308863,normal,215,0,1782362239.241081,0.0019664764404296875
308864,normal,2526,0,1782362239.2431161,0.0020351409912109375
308865,normal,2874,0,1782362239.2451384,0.002022266387939453
308866,normal,1282,0,1782362239.2470713,0.0019328594207763672
308867,normal,2916,0,1782362239.249133,0.0020618438720703125
308868,normal,697,0,1782362239.2511122,0.0019791126251220703
308869,normal,19,0,1782362239.2530801,0.001967906951904297
308870,normal,2833,0,1782362239.2551124,0.0020322799682617188
308871,normal,2039,0,1782362239.257146,0.0020334720611572266
308872,normal,2515,0,1782362239.2591186,0.001972675323486328
308873,normal,2554,0,1782362239.2610793,0.00196075439453125
308874,normal,208,0,1782362239.2631137,0.002034425735473633
308875,normal,3695,0,1782362239.2650785,0.0019648075103759766
308876,normal,2454,0,1782362239.267123,0.0020444393157958984
308877,normal,2602,0,1782362239.2691386,0.0020155906677246094
308878,normal,796,2,1782362239.2710712,0.0019326210021972656
308879,normal,3480,0,1782362239.2731285,0.002057313919067383
308880,normal,636,0,1782362239.2751145,0.0019860267639160156
308881,normal,1369,1,1782362239.2770824,0.001967906951904297
308882,normal,2484,0,1782362239.2791152,0.002032756805419922
308883,normal,3535,0,1782362239.2811532,0.0020380020141601562
308884,normal,209,0,1782362239.2830696,0.0019164085388183594
308885,normal,2455,0,1782362239.2851331,0.0020635128021240234
308886,normal,3201,1,1782362239.287112,0.0019788742065429688
308887,normal,585,0,1782362239.2890832,0.0019712448120117188
308888,normal,2003,0,1782362239.2911193,0.0020360946655273438
308889,normal,3138,1,1782362239.2931383,0.0020189285278320312
308890,normal,2909,0,1782362239.2950695,0.0019311904907226562
308891,normal,400,0,1782362239.2971768,0.002107381820678711
308892,normal,109,0,1782362239.2991145,0.0019376277923583984
308893,normal,1883,0,1782362239.3010902,0.0019757747650146484
308894,normal,1186,0,1782362239.3031027,0.002012491226196289
308895,normal,1077,0,1782362239.3051322,0.0020294189453125
308896,normal,31,0,1782362239.3070722,0.001940011978149414
308897,normal,876,2,1782362239.3091328,0.0020606517791748047
308898,normal,1167,0,1782362239.3111165,0.001983642578125
308899,normal,3632,0,1782362239.313092,0.001975536346435547
308900,normal,3701,0,1782362239.3151133,0.002021312713623047
308901,normal,2734,0,1782362239.317198,0.0020847320556640625
308902,normal,891,2,1782362239.3191671,0.0019690990447998047
308903,normal,3053,1,1782362239.3211262,0.001959085464477539
308904,normal,2100,0,1782362239.323112,0.001985788345336914
308905,normal,1264,0,1782362239.3253894,0.002277374267578125
308906,normal,1850,0,1782362239.3271031,0.0017137527465820312
308907,normal,2867,0,1782362239.3293216,0.002218484878540039
308908,normal,505,0,1782362239.3311448,0.0018231868743896484
308909,normal,913,2,1782362239.3330946,0.0019497871398925781
308910,normal,1559,0,1782362239.3354685,0.002373933792114258
308911,normal,1704,0,1782362239.3373132,0.001844644546508789
308912,normal,2148,0,1782362239.339109,0.0017957687377929688
308913,normal,2582,0,1782362239.3414836,0.0023746490478515625
308914,normal,126,0,1782362239.343174,0.0016903877258300781
308915,normal,2767,0,1782362239.3451335,0.001959562301635742
308916,normal,2215,0,1782362239.347191,0.0020575523376464844
308917,normal,2856,0,1782362239.3493032,0.002112150192260742
308918,normal,3449,0,1782362239.3511217,0.0018184185028076172
308919,normal,3299,1,1782362239.3534606,0.002338886260986328
308920,normal,3607,0,1782362239.3551068,0.001646280288696289
308921,normal,50,0,1782362239.357108,0.0020012855529785156
308922,normal,1733,0,1782362239.3591204,0.0020122528076171875
308923,normal,2861,0,1782362239.3610678,0.0019474029541015625
308924,normal,2388,0,1782362239.363108,0.0020401477813720703
308925,normal,2770,0,1782362239.3651369,0.002028942108154297
308926,normal,3684,0,1782362239.367074,0.0019371509552001953
308927,normal,3286,1,1782362239.3693244,0.0022504329681396484
308928,normal,1222,0,1782362239.3711338,0.0018093585968017578
308929,normal,781,2,1782362239.3734279,0.0022940635681152344
308930,normal,2009,0,1782362239.3751106,0.0016827583312988281
308931,normal,1929,0,1782362239.3773866,0.0022759437561035156
308932,normal,2459,0,1782362239.3790936,0.0017070770263671875
308933,normal,2240,0,1782362239.3813212,0.0022275447845458984
308934,normal,2596,0,1782362239.3831441,0.0018229484558105469
308935,normal,2273,0,1782362239.3853579,0.002213716506958008
308936,normal,2343,0,1782362239.3871095,0.0017516613006591797
308937,normal,2121,0,1782362239.3893914,0.0022819042205810547
308938,normal,1085,0,1782362239.3911765,0.0017850399017333984
308939,normal,630,0,1782362239.393162,0.0019855499267578125
308940,normal,631,0,1782362239.3954308,0.0022687911987304688
308941,normal,344,0,1782362239.3971026,0.0016717910766601562
308942,normal,1947,0,1782362239.399367,0.0022644996643066406
308943,normal,3665,0,1782362239.4013069,0.0019397735595703125
308944,normal,49,0,1782362239.403118,0.0018110275268554688
308945,normal,1637,0,1782362239.405115,0.0019969940185546875
308946,normal,3443,0,1782362239.407257,0.002142190933227539
308947,normal,1100,0,1782362239.409085,0.0018279552459716797
308948,normal,856,2,1782362239.411162,0.002076864242553711
308949,normal,2524,0,1782362239.4132617,0.002099752426147461
308950,normal,2738,0,1782362239.4151196,0.0018579959869384766
308951,normal,3373,1,1782362239.417322,0.002202272415161133
308952,normal,2317,0,1782362239.4191236,0.0018017292022705078
308953,normal,157,0,1782362239.4213126,0.0021889209747314453
308954,normal,3498,0,1782362239.4231195,0.0018069744110107422
308955,normal,277,0,1782362239.4253066,0.002187013626098633
308956,normal,403,0,1782362239.42711,0.0018033981323242188
308957,normal,3392,1,1782362239.4292736,0.0021636486053466797
308958,normal,3616,0,1782362239.4311047,0.0018310546875
308959,normal,2165,0,1782362239.433317,0.0022122859954833984
308960,normal,101,0,1782362239.4351044,0.001787424087524414
308961,normal,835,2,1782362239.4373028,0.002198457717895508
308962,normal,2018,0,1782362239.4391108,0.0018079280853271484
308963,normal,3096,1,1782362239.4413066,0.0021958351135253906
308964,normal,3631,0,1782362239.4431322,0.001825571060180664
308965,normal,2177,0,1782362239.445308,0.0021758079528808594
308966,normal,1194,0,1782362239.44711,0.0018019676208496094
308967,normal,446,0,1782362239.449299,0.002189159393310547
308968,normal,366,0,1782362239.4511096,0.0018105506896972656
308969,normal,2325,0,1782362239.4533055,0.0021958351135253906
308970,normal,2854,0,1782362239.455139,0.0018334388732910156
308971,normal,1674,0,1782362239.4573066,0.0021677017211914062
308972,normal,2728,0,1782362239.459114,0.0018074512481689453
308973,normal,120,0,1782362239.461274,0.0021598339080810547
308974,normal,2915,0,1782362239.4631138,0.0018398761749267578
308975,normal,3603,0,1782362239.4652672,0.0021533966064453125
308976,normal,2257,0,1782362239.4671428,0.0018756389617919922
308977,normal,1961,0,1782362239.4693124,0.0021696090698242188
308978,normal,106,0,1782362239.4711242,0.0018117427825927734
308979,normal,1384,0,1782362239.473325,0.0022008419036865234
308980,normal,2967,0,1782362239.4751122,0.0017871856689453125
308981,normal,2787,0,1782362239.4773054,0.0021932125091552734
308982,normal,757,0,1782362239.4791486,0.0018432140350341797
308983,normal,64,0,1782362239.4811118,0.0019631385803222656
308984,normal,1668,0,1782362239.483315,0.002203226089477539
308985,normal,2306,0,1782362239.4851575,0.001842498779296875
308986,normal,3554,0,1782362239.4870975,0.001940011978149414
308987,normal,3402,0,1782362239.4892547,0.0021572113037109375
308988,normal,1868,0,1782362239.491082,0.001827239990234375
308989,normal,2214,0,1782362239.4931114,0.0020294189453125
308990,normal,1848,0,1782362239.4952278,0.0021164417266845703
308991,normal,1499,0,1782362239.4970803,0.0018525123596191406
308992,normal,1201,0,1782362239.4990778,0.0019974708557128906
308993,normal,1065,0,1782362239.5012114,0.002133607864379883
308994,normal,2609,0,1782362239.50308,0.0018684864044189453
308995,normal,2560,0,1782362239.505076,0.0019960403442382812
308996,normal,3531,0,1782362239.5070972,0.002021312713623047
308997,normal,1392,0,1782362239.5090923,0.001995086669921875
308998,normal,2698,0,1782362239.5110714,0.0019791126251220703
308999,normal,673,0,1782362239.5131094,0.0020380020141601562
309000,normal,3690,0,1782362239.5151217,0.0020122528076171875
309001,normal,1687,0,1782362239.5170789,0.0019571781158447266
309002,normal,1667,0,1782362239.519113,0.0020341873168945312
309003,normal,1289,0,1782362239.5211236,0.0020105838775634766
309004,normal,3675,0,1782362239.5230765,0.0019528865814208984
309005,normal,2123,0,1782362239.5251095,0.0020329952239990234
309006,normal,3188,1,1782362239.5271218,0.0020122528076171875
309007,normal,2231,0,1782362239.5290763,0.0019545555114746094
309008,normal,1562,0,1782362239.531219,0.002142667770385742
309009,normal,2021,0,1782362239.5330868,0.0018677711486816406
309010,normal,703,0,1782362239.535078,0.00199127197265625
309011,normal,488,0,1782362239.5371072,0.0020291805267333984
309012,normal,858,2,1782362239.5392175,0.0021102428436279297
309013,normal,541,0,1782362239.541076,0.0018584728240966797
309014,normal,1002,2,1782362239.5431116,0.0020356178283691406
309015,normal,641,0,1782362239.545129,0.002017498016357422
309016,normal,3028,0,1782362239.5470781,0.0019490718841552734
309017,normal,915,2,1782362239.5492365,0.0021584033966064453
309018,normal,2424,0,1782362239.5513716,0.002135038375854492
309019,normal,1069,0,1782362239.5534127,0.0020411014556884766
309020,normal,1921,0,1782362239.5554197,0.002007007598876953
309021,normal,3031,0,1782362239.557143,0.0017232894897460938
309022,normal,1056,0,1782362239.559107,0.001964092254638672
309023,normal,89,0,1782362239.5611296,0.0020225048065185547
309024,normal,1055,0,1782362239.563032,0.0019023418426513672
309025,normal,3180,1,1782362239.5650334,0.002001523971557617
309026,normal,1185,0,1782362239.5671713,0.002137899398803711
309027,normal,1327,1,1782362239.5691333,0.001961946487426758
309028,normal,1361,1,1782362239.5712485,0.0021152496337890625
309029,normal,3038,0,1782362239.5731082,0.0018596649169921875
309030,normal,166,0,1782362239.575236,0.0021278858184814453
309031,normal,719,0,1782362239.577441,0.00220489501953125
309032,normal,1979,0,1782362239.579337,0.001895904541015625
309033,normal,3126,1,1782362239.5812187,0.0018818378448486328
309034,normal,2642,0,1782362239.583321,0.002102375030517578
309035,normal,2950,0,1782362239.5852182,0.0018970966339111328
309036,normal,1306,0,1782362239.58733,0.0021119117736816406
309037,normal,916,2,1782362239.5892458,0.0019156932830810547
309038,normal,1274,0,1782362239.5912151,0.0019693374633789062
309039,normal,1615,0,1782362239.5933356,0.002120494842529297
309040,normal,847,2,1782362239.5953014,0.001965761184692383
309041,normal,2446,0,1782362239.597137,0.0018355846405029297
309042,normal,3573,0,1782362239.599341,0.0022039413452148438
309043,normal,2878,0,1782362239.6012547,0.0019137859344482422
309044,normal,3669,0,1782362239.6032188,0.001964092254638672
309045,normal,466,0,1782362239.605325,0.002106189727783203
309046,normal,2928,0,1782362239.6072683,0.001943349838256836
309047,normal,2741,0,1782362239.6091921,0.0019237995147705078
309048,normal,2659,0,1782362239.6112432,0.002051115036010742
309049,normal,816,2,1782362239.613561,0.002317667007446289
309050,normal,3270,1,1782362239.6153803,0.0018193721771240234
309051,normal,1457,0,1782362239.6173542,0.001973867416381836
309052,normal,755,0,1782362239.6191804,0.0018262863159179688
309053,normal,341,0,1782362239.6211863,0.0020058155059814453
309054,normal,2166,0,1782362239.6235735,0.0023872852325439453
309055,normal,2338,0,1782362239.625087,0.0015134811401367188
309056,normal,3629,0,1782362239.627222,0.002135038375854492
309057,normal,2077,0,1782362239.6291106,0.0018885135650634766
309058,normal,3511,0,1782362239.6311858,0.0020751953125
309059,normal,959,2,1782362239.6331,0.0019142627716064453
309060,normal,3332,1,1782362239.635115,0.0020148754119873047
309061,normal,1258,0,1782362239.637373,0.0022580623626708984
309062,normal,709,0,1782362239.6393414,0.0019683837890625
309063,normal,1628,0,1782362239.641207,0.0018656253814697266
309064,normal,2500,0,1782362239.6432981,0.0020911693572998047
309065,normal,3462,0,1782362239.6451952,0.0018970966339111328
309066,normal,2897,0,1782362239.6473036,0.002108335494995117
309067,normal,357,0,1782362239.6491914,0.0018877983093261719
309068,normal,2351,0,1782362239.6512187,0.002027273178100586
309069,normal,1279,0,1782362239.6532545,0.002035856246948242
309070,normal,2392,0,1782362239.6553876,0.0021331310272216797
309071,normal,1857,0,1782362239.657419,0.0020313262939453125
309072,normal,363,0,1782362239.6592307,0.0018117427825927734
309073,normal,1062,0,1782362239.6612546,0.002023935317993164
309074,normal,1648,0,1782362239.6633315,0.002076864242553711
309075,normal,1517,0,1782362239.6651986,0.001867055892944336
309076,normal,726,0,1782362239.6672664,0.0020678043365478516
309077,normal,976,2,1782362239.6691794,0.0019130706787109375
309078,normal,1541,0,1782362239.671267,0.0020875930786132812
309079,normal,288,0,1782362239.673418,0.002151012420654297
309080,normal,2965,0,1782362239.675172,0.0017540454864501953
309081,normal,436,0,1782362239.6773744,0.002202272415161133
309082,normal,2902,0,1782362239.6794717,0.0020973682403564453
309083,normal,1042,0,1782362239.6815066,0.002034902572631836
309084,normal,3678,0,1782362239.6835387,0.002032041549682617
309085,normal,2030,0,1782362239.68535,0.0018112659454345703
309086,normal,39,0,1782362239.687267,0.001917123794555664
309087,normal,2318,0,1782362239.6892736,0.00200653076171875
309088,normal,2078,0,1782362239.6912246,0.001950979232788086
309089,normal,882,2,1782362239.693177,0.0019524097442626953
309090,normal,3667,0,1782362239.6955113,0.0023343563079833984
309091,normal,3328,1,1782362239.697086,0.0015747547149658203
309092,normal,26,0,1782362239.6992507,0.002164602279663086
309093,normal,2373,0,1782362239.701168,0.0019173622131347656
309094,normal,2307,0,1782362239.7032602,0.002092123031616211
309095,normal,1758,0,1782362239.7053785,0.002118349075317383
309096,normal,2664,0,1782362239.7073355,0.001956939697265625
309097,normal,1838,0,1782362239.7092743,0.0019388198852539062
309098,normal,376,0,1782362239.7112854,0.0020110607147216797
309099,normal,3441,0,1782362239.7131987,0.001913309097290039
309100,normal,3577,0,1782362239.7152932,0.0020945072174072266
309101,normal,55,0,1782362239.717198,0.0019047260284423828
309102,normal,2678,0,1782362239.7194345,0.002236604690551758
309103,normal,1121,0,1782362239.7212887,0.0018541812896728516
309104,normal,1106,0,1782362239.7231808,0.00189208984375
309105,normal,3630,0,1782362239.7252693,0.0020885467529296875
309106,normal,1697,0,1782362239.728448,0.0031785964965820312
309107,normal,252,0,1782362239.729196,0.0007481575012207031
309108,normal,325,0,1782362239.731296,0.0020999908447265625
309109,normal,535,0,1782362239.733225,0.0019290447235107422
309110,normal,3430,0,1782362239.7353218,0.0020966529846191406
309111,normal,3463,0,1782362239.73721,0.001888275146484375
309112,normal,1524,0,1782362239.7392974,0.0020873546600341797
309113,normal,2431,0,1782362239.7413492,0.002051830291748047
309114,normal,2701,0,1782362239.7433927,0.002043485641479492
309115,normal,61,0,1782362239.7453454,0.0019526481628417969
309116,normal,3104,1,1782362239.7473474,0.0020020008087158203
309117,normal,1405,0,1782362239.7493575,0.0020101070404052734
309118,normal,667,0,1782362239.7512088,0.0018513202667236328
309119,normal,254,0,1782362239.7536414,0.002432584762573242
309120,normal,875,2,1782362239.7554276,0.0017862319946289062
309121,normal,687,0,1782362239.7572663,0.00183868408203125
309122,normal,233,0,1782362239.759557,0.0022907257080078125
309123,normal,2610,0,1782362239.761765,0.0022079944610595703
309124,normal,3395,1,1782362239.7631779,0.0014128684997558594
309125,normal,3346,1,1782362239.7651715,0.0019936561584472656
309126,normal,900,2,1782362239.7672632,0.002091646194458008
309127,normal,3619,0,1782362239.7692323,0.0019690990447998047
309128,normal,3578,0,1782362239.7711926,0.001960277557373047
309129,normal,1874,0,1782362239.7733064,0.002113819122314453
309130,normal,1058,0,1782362239.7752454,0.0019390583038330078
309131,normal,174,0,1782362239.7772014,0.0019559860229492188
309132,normal,2801,0,1782362239.779349,0.002147674560546875
309133,normal,508,0,1782362239.781369,0.0020198822021484375
309134,normal,349,0,1782362239.7832866,0.0019176006317138672
309135,normal,638,0,1782362239.7851796,0.0018930435180664062
309136,normal,3049,1,1782362239.7873337,0.002154111862182617
309137,normal,2983,0,1782362239.7892363,0.0019025802612304688
309138,normal,348,0,1782362239.7914047,0.002168416976928711
309139,normal,906,2,1782362239.7940776,0.002672910690307617
309140,normal,3709,0,1782362239.795116,0.0010383129119873047
309141,normal,2283,0,1782362239.7973123,0.0021963119506835938
309142,normal,2750,0,1782362239.7992244,0.0019121170043945312
309143,normal,3258,1,1782362239.8012211,0.001996755599975586
309144,normal,1962,0,1782362239.803333,0.0021119117736816406
309145,normal,1254,0,1782362239.8052464,0.001913309097290039
309146,normal,1600,0,1782362239.807244,0.001997709274291992
309147,normal,2441,0,1782362239.8092303,0.001986265182495117
309148,normal,705,0,1782362239.8113937,0.002163410186767578
309149,normal,3647,0,1782362239.813214,0.0018203258514404297
309150,normal,805,2,1782362239.815312,0.0020978450775146484
309151,normal,751,0,1782362239.8172045,0.0018925666809082031
309152,normal,1830,0,1782362239.819316,0.0021114349365234375
309153,normal,1323,1,1782362239.8212006,0.0018846988677978516
309154,normal,996,2,1782362239.8232043,0.0020036697387695312
309155,normal,1943,0,1782362239.8252606,0.0020563602447509766
309156,normal,426,0,1782362239.827511,0.0022504329681396484
309157,normal,540,0,1782362239.8293176,0.001806497573852539
309158,normal,3185,1,1782362239.831221,0.001903533935546875
309159,normal,3255,1,1782362239.8333466,0.0021255016326904297
309160,normal,292,0,1782362239.8351166,0.00177001953125
309161,normal,3103,1,1782362239.837296,0.002179384231567383
309162,normal,2525,0,1782362239.8393078,0.0020117759704589844
309163,normal,1437,0,1782362239.841233,0.0019252300262451172
309164,normal,677,0,1782362239.8432071,0.0019741058349609375
309165,normal,3159,1,1782362239.845374,0.0021669864654541016
309166,normal,2492,0,1782362239.8473163,0.0019421577453613281
309167,normal,1379,1,1782362239.8493128,0.0019965171813964844
309168,normal,1926,0,1782362239.8513749,0.002062082290649414
309169,normal,1610,0,1782362239.8532887,0.0019137859344482422
309170,normal,1335,1,1782362239.855306,0.0020172595977783203
309171,normal,3276,1,1782362239.8573592,0.0020532608032226562
309172,normal,1602,0,1782362239.8594089,0.002049684524536133
309173,normal,2520,0,1782362239.861197,0.0017881393432617188
309174,normal,1923,0,1782362239.8632724,0.0020754337310791016
309175,normal,776,2,1782362239.865227,0.0019545555114746094
309176,normal,3650,0,1782362239.8672879,0.0020608901977539062
309177,normal,1967,0,1782362239.8692622,0.001974344253540039
309178,normal,1609,0,1782362239.8712227,0.0019605159759521484
309179,normal,340,0,1782362239.8731797,0.001956939697265625
309180,normal,2876,0,1782362239.8752868,0.0021071434020996094
309181,normal,2354,0,1782362239.8772311,0.0019443035125732422
309182,normal,1075,0,1782362239.879464,0.002232789993286133
309183,normal,2668,0,1782362239.8816998,0.002235889434814453
309184,normal,569,0,1782362239.883269,0.0015692710876464844
309185,normal,1633,0,1782362239.8851917,0.001922607421875
309186,normal,1581,0,1782362239.887292,0.002100229263305664
309187,normal,2241,0,1782362239.88931,0.002017974853515625
309188,normal,2700,0,1782362239.891133,0.0018231868743896484
309189,normal,360,0,1782362239.8934703,0.002337217330932617
309190,normal,2298,0,1782362239.895121,0.0016508102416992188
309191,normal,68,0,1782362239.8972902,0.0021691322326660156
309192,normal,1310,0,1782362239.8991983,0.0019080638885498047
309193,normal,941,2,1782362239.9013143,0.002115964889526367
309194,normal,43,0,1782362239.903212,0.0018978118896484375
309195,normal,2612,0,1782362239.9053571,0.002145051956176758
309196,normal,118,0,1782362239.9074514,0.002094268798828125
309197,normal,485,0,1782362239.9091856,0.0017342567443847656
309198,normal,3705,0,1782362239.9113953,0.0022096633911132812
309199,normal,2222,0,1782362239.913294,0.0018987655639648438
309200,normal,2156,0,1782362239.9152427,0.0019485950469970703
309201,normal,3515,0,1782362239.9174886,0.0022459030151367188
309202,normal,2981,0,1782362239.9195101,0.0020215511322021484
309203,normal,917,2,1782362239.9212983,0.0017881393432617188
309204,normal,3592,0,1782362239.9231937,0.0018954277038574219
309205,normal,777,2,1782362239.925426,0.0022323131561279297
309206,normal,3336,1,1782362239.9273458,0.0019197463989257812
309207,normal,3215,1,1782362239.9292283,0.0018825531005859375
309208,normal,1661,0,1782362239.9312198,0.0019915103912353516
309209,normal,2722,0,1782362239.9331777,0.0019578933715820312
309210,normal,2757,0,1782362239.9354036,0.0022258758544921875
309211,normal,430,0,1782362239.9373162,0.0019125938415527344
309212,normal,1946,0,1782362239.9392016,0.0018854141235351562
309213,normal,901,2,1782362239.9412026,0.002001047134399414
309214,normal,1939,0,1782362239.9433057,0.002103090286254883
309215,normal,2131,0,1782362239.9452407,0.0019350051879882812
309216,normal,1067,0,1782362239.9472945,0.0020537376403808594
309217,normal,2019,0,1782362239.9494889,0.0021944046020507812
309218,normal,2357,0,1782362239.9513137,0.0018248558044433594
309219,normal,2811,0,1782362239.9532092,0.0018954277038574219
309220,normal,2468,0,1782362239.9553509,0.002141714096069336
309221,normal,1571,0,1782362239.9572752,0.001924276351928711
309222,normal,104,0,1782362239.9594023,0.0021271705627441406
309223,normal,1964,0,1782362239.961228,0.001825571060180664
309224,normal,338,0,1782362239.9633036,0.002075672149658203
309225,normal,2705,0,1782362239.9652007,0.0018970966339111328
309226,normal,3348,1,1782362239.9673178,0.002117156982421875
309227,normal,1583,0,1782362239.9692204,0.0019025802612304688
309228,normal,1545,0,1782362239.9713264,0.0021059513092041016
309229,normal,3424,0,1782362239.9732966,0.0019702911376953125
309230,normal,2643,0,1782362239.975192,0.0018954277038574219
309231,normal,2132,0,1782362239.9773154,0.0021233558654785156
309232,normal,2919,0,1782362239.979238,0.001922607421875
309233,normal,2893,0,1782362239.9811873,0.001949310302734375
309234,normal,3271,1,1782362239.9832876,0.002100229263305664
309235,normal,1395,0,1782362239.9852278,0.0019402503967285156
309236,normal,271,0,1782362239.9872062,0.0019783973693847656
309237,normal,3677,0,1782362239.9893427,0.0021364688873291016
309238,normal,1483,0,1782362239.991599,0.0022563934326171875
309239,normal,3507,0,1782362239.9931457,0.001546621322631836
309240,normal,733,0,1782362239.995319,0.002173185348510742
309241,normal,2208,0,1782362239.9973166,0.001997709274291992
309242,normal,327,0,1782362239.9991927,0.0018761157989501953
309243,normal,186,0,1782362240.001267,0.0020742416381835938
309244,normal,379,0,1782362240.003217,0.0019500255584716797
309245,normal,2756,0,1782362240.0052972,0.002080202102661133
309246,normal,1317,0,1782362240.0072708,0.0019736289978027344
309247,normal,107,0,1782362240.0092502,0.001979351043701172
309248,normal,3504,0,1782362240.0112722,0.0020220279693603516
309249,normal,1703,0,1782362240.013462,0.0021898746490478516
309250,normal,2792,0,1782362240.015609,0.0021469593048095703
309251,normal,2841,0,1782362240.0171874,0.0015783309936523438
309252,normal,2460,0,1782362240.0194345,0.0022470951080322266
309253,normal,1006,2,1782362240.0213017,0.0018672943115234375
309254,normal,1435,0,1782362240.0232348,0.0019330978393554688
309255,normal,2762,0,1782362240.02526,0.002025127410888672
309256,normal,478,0,1782362240.0272121,0.0019521713256835938
309257,normal,1508,0,1782362240.0292633,0.002051115036010742
309258,normal,2181,0,1782362240.031313,0.002049684524536133
309259,normal,1734,0,1782362240.0332005,0.0018875598907470703
309260,normal,2592,0,1782362240.0351837,0.001983165740966797
309261,normal,772,2,1782362240.0372577,0.002074003219604492
309262,normal,2555,0,1782362240.0392296,0.0019719600677490234
309263,normal,1805,0,1782362240.0415027,0.002273082733154297
309264,normal,1276,0,1782362240.043264,0.0017611980438232422
309265,normal,1941,0,1782362240.045534,0.0022699832916259766
309266,normal,577,0,1782362240.0471518,0.0016179084777832031
309267,normal,604,0,1782362240.0492947,0.0021429061889648438
309268,normal,3148,1,1782362240.0511174,0.0018227100372314453
309269,normal,3012,0,1782362240.0533085,0.0021910667419433594
309270,normal,285,0,1782362240.0555284,0.0022199153900146484
309271,normal,1991,0,1782362240.0571713,0.0016429424285888672
309272,normal,2480,0,1782362240.0592287,0.002057313919067383
309273,normal,567,0,1782362240.0613277,0.0020990371704101562
309274,normal,524,0,1782362240.063235,0.0019073486328125
309275,normal,1818,0,1782362240.065202,0.0019669532775878906
309276,normal,594,0,1782362240.06735,0.0021479129791259766
309277,normal,324,0,1782362240.069308,0.001958131790161133
309278,normal,784,2,1782362240.0711997,0.0018916130065917969
309279,normal,790,2,1782362240.0733662,0.0021665096282958984
309280,normal,3264,1,1782362240.0759015,0.0025353431701660156
309281,normal,1540,0,1782362240.0777228,0.001821279525756836
309282,normal,149,0,1782362240.079104,0.0013811588287353516
309283,normal,3189,1,1782362240.0813055,0.002201557159423828
309284,normal,479,0,1782362240.0835595,0.002254009246826172
309285,normal,3622,0,1782362240.0854142,0.0018546581268310547
309286,normal,99,0,1782362240.0874982,0.002084016799926758
309287,normal,229,0,1782362240.0894492,0.001950979232788086
309288,normal,306,0,1782362240.091221,0.0017719268798828125
309289,normal,3489,0,1782362240.09327,0.002048969268798828
309290,normal,1190,0,1782362240.0951793,0.0019092559814453125
309291,normal,2193,0,1782362240.097299,0.002119779586791992
309292,normal,1060,0,1782362240.0991213,0.0018222332000732422
309293,normal,865,2,1782362240.1013024,0.0021810531616210938
309294,normal,1397,0,1782362240.1031988,0.0018963813781738281
309295,normal,1916,0,1782362240.1052935,0.002094745635986328
309296,normal,1241,0,1782362240.107223,0.0019295215606689453
309297,normal,1907,0,1782362240.1093917,0.0021686553955078125
309298,normal,1717,0,1782362240.1113687,0.0019769668579101562
309299,normal,783,2,1782362240.1132174,0.0018486976623535156
309300,normal,9,0,1782362240.1153038,0.0020864009857177734
309301,normal,2763,0,1782362240.1173174,0.002013683319091797
309302,normal,1160,0,1782362240.1191921,0.001874685287475586
309303,normal,1987,0,1782362240.121398,0.0022058486938476562
309304,normal,1806,0,1782362240.1232228,0.0018248558044433594
309305,normal,2548,0,1782362240.1253035,0.002080678939819336
309306,normal,2901,0,1782362240.1272063,0.0019028186798095703
309307,normal,2359,0,1782362240.1293113,0.0021049976348876953
309308,normal,3350,1,1782362240.1312084,0.0018970966339111328
309309,normal,3431,0,1782362240.1333253,0.0021169185638427734
309310,normal,2600,0,1782362240.1353023,0.0019769668579101562
309311,normal,1529,0,1782362240.1374032,0.0021009445190429688
309312,normal,2025,0,1782362240.139208,0.0018048286437988281
309313,normal,3157,1,1782362240.1412992,0.0020911693572998047
309314,normal,971,2,1782362240.1431897,0.001890420913696289
309315,normal,406,0,1782362240.1452918,0.0021021366119384766
309316,normal,3437,0,1782362240.1472347,0.0019428730010986328
309317,normal,206,0,1782362240.1493368,0.0021021366119384766
309318,normal,1097,0,1782362240.1513069,0.001970052719116211
309319,normal,1036,0,1782362240.1533077,0.0020008087158203125
309320,normal,2941,0,1782362240.1553001,0.001992464065551758
309321,normal,236,0,1782362240.1572146,0.0019145011901855469
309322,normal,1698,0,1782362240.1592329,0.0020182132720947266
309323,normal,1014,2,1782362240.1612415,0.002008676528930664
309324,normal,3173,1,1782362240.163306,0.0020644664764404297
309325,normal,459,0,1782362240.1652262,0.0019202232360839844
309326,normal,321,0,1782362240.1672735,0.002047300338745117
309327,normal,3673,0,1782362240.1692572,0.001983642578125
309328,normal,2855,0,1782362240.1713617,0.002104520797729492
309329,normal,1239,0,1782362240.1731486,0.001786947250366211
309330,normal,370,0,1782362240.1753652,0.0022165775299072266
309331,normal,2056,0,1782362240.1774168,0.0020515918731689453
309332,normal,1191,0,1782362240.179329,0.0019121170043945312
309333,normal,1126,0,1782362240.1814172,0.002088308334350586
309334,normal,982,2,1782362240.1833665,0.001949310302734375
309335,normal,342,0,1782362240.1852202,0.0018537044525146484
309336,normal,29,0,1782362240.1872733,0.0020530223846435547
309337,normal,2648,0,1782362240.1891043,0.0018310546875
309338,normal,95,0,1782362240.1912932,0.0021889209747314453
309339,normal,533,0,1782362240.1932466,0.0019533634185791016
309340,normal,86,0,1782362240.1952596,0.002012968063354492
309341,normal,2995,0,1782362240.1971676,0.0019080638885498047
309342,normal,2523,0,1782362240.199262,0.002094268798828125
309343,normal,2293,0,1782362240.2013602,0.0020983219146728516
309344,normal,1780,0,1782362240.2033536,0.001993417739868164
309345,normal,731,0,1782362240.2053394,0.001985788345336914
309346,normal,1336,1,1782362240.207417,0.0020775794982910156
309347,normal,1004,2,1782362240.2091541,0.0017371177673339844
309348,normal,3349,1,1782362240.2112992,0.002145051956176758
309349,normal,1169,0,1782362240.213241,0.0019419193267822266
309350,normal,2873,0,1782362240.2151132,0.0018720626831054688
309351,normal,3409,0,1782362240.2174757,0.002362489700317383
309352,normal,902,2,1782362240.2192264,0.0017507076263427734
309353,normal,388,0,1782362240.2211745,0.0019481182098388672
309354,normal,437,0,1782362240.2232702,0.0020956993103027344
309355,normal,537,0,1782362240.225238,0.001967906951904297
309356,normal,2372,0,1782362240.2272046,0.0019664764404296875
309357,normal,1462,0,1782362240.2292979,0.0020933151245117188
309358,normal,3105,1,1782362240.231219,0.0019211769104003906
309359,normal,396,0,1782362240.233318,0.0020990371704101562
309360,normal,2870,0,1782362240.2352118,0.001893758773803711
309361,normal,1951,0,1782362240.2373066,0.002094745635986328
309362,normal,476,0,1782362240.2391267,0.0018200874328613281
309363,normal,1115,0,1782362240.2414856,0.0023589134216308594
309364,normal,2465,0,1782362240.243247,0.0017614364624023438
309365,normal,2597,0,1782362240.2452915,0.0020444393157958984
309366,normal,903,2,1782362240.2473342,0.0020427703857421875
309367,normal,1398,0,1782362240.249223,0.0018887519836425781
309368,normal,221,0,1782362240.2511718,0.0019488334655761719
309369,normal,819,2,1782362240.2532682,0.002096414566040039
309370,normal,2771,0,1782362240.2553065,0.002038240432739258
309371,normal,1720,0,1782362240.2572598,0.0019533634185791016
309372,normal,1385,0,1782362240.2593055,0.0020456314086914062
309373,normal,473,0,1782362240.261448,0.0021424293518066406
309374,normal,804,2,1782362240.2632334,0.0017855167388916016
309375,normal,3047,1,1782362240.2652724,0.0020389556884765625
309376,normal,1877,0,1782362240.2676277,0.002355337142944336
309377,normal,183,0,1782362240.2696373,0.0020096302032470703
309378,normal,336,0,1782362240.2713351,0.0016977787017822266
309379,normal,3521,0,1782362240.2733746,0.0020394325256347656
309380,normal,3017,0,1782362240.275254,0.0018794536590576172
309381,normal,145,0,1782362240.2773705,0.0021164417266845703
309382,normal,1550,0,1782362240.2792451,0.001874685287475586
309383,normal,1773,0,1782362240.2816308,0.0023856163024902344
309384,normal,919,2,1782362240.283328,0.0016973018646240234
309385,normal,3225,1,1782362240.2851048,0.0017766952514648438
309386,normal,696,0,1782362240.2873347,0.002229928970336914
309387,normal,2802,0,1782362240.2892098,0.001875162124633789
309388,normal,1281,0,1782362240.291323,0.0021131038665771484
309389,normal,2437,0,1782362240.293218,0.0018949508666992188
309390,normal,1184,0,1782362240.2953205,0.0021026134490966797
309391,normal,1534,0,1782362240.2972534,0.0019328594207763672
309392,normal,3542,0,1782362240.2991862,0.0019328594207763672
309393,normal,812,2,1782362240.301309,0.0021228790283203125
309394,normal,986,2,1782362240.303239,0.0019299983978271484
309395,normal,3593,0,1782362240.3051932,0.0019540786743164062
309396,normal,1307,0,1782362240.3072987,0.0021054744720458984
309397,normal,168,0,1782362240.309237,0.0019383430480957031
309398,normal,2335,0,1782362240.3112204,0.0019834041595458984
309399,normal,1479,0,1782362240.313357,0.002136707305908203
309400,normal,904,2,1782362240.3155458,0.0021886825561523438
309401,normal,88,0,1782362240.317135,0.0015892982482910156
309402,normal,1787,0,1782362240.3193295,0.0021944046020507812
309403,normal,2980,0,1782362240.3212955,0.0019659996032714844
309404,normal,1607,0,1782362240.3231757,0.0018801689147949219
309405,normal,718,0,1782362240.3252633,0.0020875930786132812
309406,normal,1328,1,1782362240.3272145,0.0019512176513671875
309407,normal,1495,0,1782362240.32931,0.002095460891723633
309408,normal,273,0,1782362240.3312657,0.001955747604370117
309409,normal,1689,0,1782362240.333408,0.0021424293518066406
309410,normal,1280,0,1782362240.33525,0.0018417835235595703
309411,normal,1713,0,1782362240.3374414,0.0021915435791015625
309412,normal,1482,0,1782362240.3393912,0.0019497871398925781
309413,normal,2099,0,1782362240.341261,0.0018696784973144531
309414,normal,2334,0,1782362240.3434231,0.0021622180938720703
309415,normal,557,0,1782362240.3454087,0.0019855499267578125
309416,normal,503,0,1782362240.3471837,0.0017750263214111328
309417,normal,553,0,1782362240.3492918,0.0021080970764160156
309418,normal,1174,0,1782362240.3511503,0.0018584728240966797
309419,normal,237,0,1782362240.3533258,0.002175569534301758
309420,normal,2923,0,1782362240.3552575,0.0019316673278808594
309421,normal,1630,0,1782362240.3572967,0.002039194107055664
309422,normal,2336,0,1782362240.3591843,0.0018875598907470703
309423,normal,2425,0,1782362240.3612685,0.0020842552185058594
309424,normal,2528,0,1782362240.3632238,0.001955270767211914
309425,normal,846,2,1782362240.36577,0.0025463104248046875
309426,normal,482,0,1782362240.367515,0.001744985580444336
309427,normal,2275,0,1782362240.3692641,0.0017490386962890625
309428,normal,1232,0,1782362240.37119,0.0019259452819824219
309429,normal,2419,0,1782362240.3732488,0.002058744430541992
309430,normal,1029,2,1782362240.3751788,0.0019299983978271484
309431,normal,3520,0,1782362240.3773916,0.0022127628326416016
309432,normal,1764,0,1782362240.3795736,0.0021820068359375
309433,normal,1113,0,1782362240.3812087,0.0016350746154785156
309434,normal,2176,0,1782362240.3832064,0.001997709274291992
309435,normal,412,0,1782362240.3853247,0.002118349075317383
309436,normal,3461,0,1782362240.3872752,0.0019505023956298828
309437,normal,711,0,1782362240.3891644,0.0018892288208007812
309438,normal,519,0,1782362240.3914902,0.002325773239135742
309439,normal,34,0,1782362240.393576,0.0020856857299804688
309440,normal,2127,0,1782362240.3955975,0.0020215511322021484
309441,normal,1490,0,1782362240.3974717,0.0018742084503173828
309442,normal,2031,0,1782362240.3992715,0.0017998218536376953
309443,normal,2934,0,1782362240.401257,0.0019855499267578125
309444,normal,921,2,1782362240.4031882,0.0019311904907226562
309445,normal,3084,1,1782362240.4053693,0.0021810531616210938
309446,normal,1785,0,1782362240.4071763,0.0018069744110107422
309447,normal,2167,0,1782362240.4091978,0.0020215511322021484
309448,normal,2982,0,1782362240.4110749,0.0018770694732666016
309449,normal,3168,1,1782362240.4131167,0.0020418167114257812
309450,normal,1434,0,1782362240.4154453,0.002328634262084961
309451,normal,2561,0,1782362240.4171176,0.0016722679138183594
309452,normal,2636,0,1782362240.4192126,0.0020949840545654297
309453,normal,1315,0,1782362240.4211533,0.0019407272338867188
309454,normal,2863,0,1782362240.4231987,0.0020453929901123047
309455,normal,2420,0,1782362240.4251654,0.001966714859008789
309456,normal,3481,0,1782362240.4272757,0.0021102428436279297
309457,normal,1151,0,1782362240.4291754,0.00189971923828125
309458,normal,2154,0,1782362240.431181,0.0020055770874023438
309459,normal,7,0,1782362240.4333107,0.002129793167114258
309460,normal,583,0,1782362240.4351878,0.0018770694732666016
309461,normal,3501,0,1782362240.437247,0.0020592212677001953
309462,normal,2028,0,1782362240.4393764,0.0021293163299560547
309463,normal,529,0,1782362240.4413612,0.001984834671020508
309464,normal,635,0,1782362240.4432704,0.0019092559814453125
309465,normal,2789,0,1782362240.4451978,0.0019273757934570312
309466,normal,2976,0,1782362240.4473631,0.0021653175354003906
309467,normal,684,0,1782362240.449257,0.001893758773803711
309468,normal,2211,0,1782362240.4513922,0.0021352767944335938
309469,normal,1103,0,1782362240.4533172,0.0019249916076660156
309470,normal,1765,0,1782362240.4552002,0.0018830299377441406
309471,normal,182,0,1782362240.4572155,0.002015352249145508
309472,normal,1429,0,1782362240.4593256,0.002110004425048828
309473,normal,3128,1,1782362240.4612126,0.0018870830535888672
309474,normal,734,0,1782362240.463223,0.002010345458984375
309475,normal,2604,0,1782362240.4651523,0.0019292831420898438
309476,normal,3285,1,1782362240.4673548,0.0022025108337402344
309477,normal,1054,0,1782362240.4692996,0.0019447803497314453
309478,normal,699,0,1782362240.471135,0.0018353462219238281
309479,normal,1010,2,1782362240.4732084,0.002073526382446289
309480,normal,98,0,1782362240.4753335,0.0021250247955322266
309481,normal,2947,0,1782362240.4772434,0.0019099712371826172
309482,normal,3055,1,1782362240.4792075,0.001964092254638672
309483,normal,130,0,1782362240.4813209,0.00211334228515625
309484,normal,1900,0,1782362240.483372,0.002051115036010742
309485,normal,1639,0,1782362240.4851832,0.0018112659454345703
309486,normal,2341,0,1782362240.4875622,0.0023789405822753906
309487,normal,2895,0,1782362240.4891324,0.0015702247619628906
309488,normal,3214,1,1782362240.491343,0.0022106170654296875
309489,normal,2539,0,1782362240.4932919,0.0019488334655761719
309490,normal,3330,1,1782362240.495266,0.0019741058349609375
309491,normal,2201,0,1782362240.497106,0.0018401145935058594
309492,normal,21,0,1782362240.4993064,0.0022003650665283203
309493,normal,3423,0,1782362240.501244,0.0019376277923583984
309494,normal,3066,1,1782362240.5033002,0.002056121826171875
309495,normal,608,0,1782362240.505436,0.002135753631591797
309496,normal,484,0,1782362240.507332,0.0018961429595947266
309497,normal,287,0,1782362240.5094035,0.002071380615234375
309498,normal,2081,0,1782362240.511363,0.001959562301635742
309499,normal,2637,0,1782362240.5134106,0.0020475387573242188
309500,normal,3146,1,1782362240.5153234,0.001912832260131836
309501,normal,129,0,1782362240.517355,0.002031564712524414
309502,normal,2822,0,1782362240.519425,0.0020699501037597656
309503,normal,3551,0,1782362240.521202,0.0017771720886230469
309504,normal,1219,0,1782362240.5231907,0.001988649368286133
309505,normal,1679,0,1782362240.5252135,0.0020227432250976562
309506,normal,1608,0,1782362240.5271943,0.0019807815551757812
309507,normal,873,2,1782362240.5294974,0.0023031234741210938
309508,normal,2633,0,1782362240.531074,0.0015766620635986328
309509,normal,762,0,1782362240.533245,0.002171039581298828
309510,normal,134,0,1782362240.535076,0.0018308162689208984
309511,normal,248,0,1782362240.537251,0.0021750926971435547
309512,normal,2550,0,1782362240.5395305,0.002279520034790039
309513,normal,2987,0,1782362240.5412555,0.0017249584197998047
309514,normal,1904,0,1782362240.5431714,0.0019159317016601562
309515,normal,825,2,1782362240.5452757,0.0021042823791503906
309516,normal,3414,0,1782362240.5471032,0.0018274784088134766
309517,normal,1137,0,1782362240.5492716,0.002168416976928711
309518,normal,722,0,1782362240.5511045,0.0018329620361328125
309519,normal,972,2,1782362240.553309,0.002204418182373047
309520,normal,2086,0,1782362240.555466,0.002156972885131836
309521,normal,2808,0,1782362240.5571635,0.001697540283203125
309522,normal,2663,0,1782362240.5592608,0.0020973682403564453
309523,normal,3078,1,1782362240.5610907,0.0018298625946044922
309524,normal,2261,0,1782362240.5632925,0.0022017955780029297
309525,normal,392,0,1782362240.5651119,0.0018193721771240234
309526,normal,1657,0,1782362240.5672941,0.0021822452545166016
309527,normal,475,0,1782362240.5691543,0.0018601417541503906
309528,normal,445,0,1782362240.571314,0.0021598339080810547
309529,normal,2116,0,1782362240.5731032,0.001789093017578125
309530,normal,3564,0,1782362240.575481,0.002377748489379883
309531,normal,2817,0,1782362240.5777934,0.0023124217987060547
309532,normal,798,2,1782362240.5793402,0.0015468597412109375
309533,normal,2972,0,1782362240.581067,0.0017268657684326172
309534,normal,1594,0,1782362240.5834541,0.0023870468139648438
309535,normal,1168,0,1782362240.5855346,0.0020804405212402344
309536,normal,2725,0,1782362240.5873075,0.0017728805541992188
309537,normal,728,0,1782362240.5894446,0.0021371841430664062
309538,normal,1292,0,1782362240.5914245,0.001979827880859375
309539,normal,3227,1,1782362240.593233,0.0018086433410644531
309540,normal,419,0,1782362240.5953074,0.0020742416381835938
309541,normal,2356,0,1782362240.5972338,0.001926422119140625
309542,normal,1593,0,1782362240.5993178,0.002084016799926758
309543,normal,2621,0,1782362240.6012132,0.0018954277038574219
309544,normal,3452,0,1782362240.6033149,0.0021016597747802734
309545,normal,3317,1,1782362240.6052063,0.0018913745880126953
309546,normal,671,0,1782362240.6073053,0.0020990371704101562
309547,normal,44,0,1782362240.609291,0.001985788345336914
309548,normal,2691,0,1782362240.611255,0.0019638538360595703
309549,normal,1925,0,1782362240.6133976,0.002142667770385742
309550,normal,2768,0,1782362240.6153688,0.0019712448120117188
309551,normal,3359,1,1782362240.6171925,0.0018236637115478516
309552,normal,770,0,1782362240.6193426,0.0021500587463378906
309553,normal,2879,0,1782362240.6213236,0.001981019973754883
309554,normal,2940,0,1782362240.6232712,0.001947641372680664
309555,normal,2683,0,1782362240.625398,0.0021266937255859375
309556,normal,785,2,1782362240.6272156,0.0018177032470703125
309557,normal,2051,0,1782362240.6293218,0.002106189727783203
309558,normal,3434,0,1782362240.6312249,0.0019030570983886719
309559,normal,3418,0,1782362240.6333318,0.002106904983520508
309560,normal,2758,0,1782362240.635217,0.0018851757049560547
309561,normal,2368,0,1782362240.6372337,0.002016782760620117
309562,normal,3539,0,1782362240.6393642,0.0021305084228515625
309563,normal,367,0,1782362240.6413891,0.0020248889923095703
309564,normal,1491,0,1782362240.6432178,0.0018286705017089844
309565,normal,2647,0,1782362240.6453195,0.0021016597747802734
309566,normal,1484,0,1782362240.647212,0.0018925666809082031
309567,normal,127,0,1782362240.6493287,0.002116680145263672
309568,normal,2282,0,1782362240.651262,0.0019333362579345703
309569,normal,2258,0,1782362240.6532109,0.0019488334655761719
309570,normal,2706,0,1782362240.6553714,0.0021605491638183594
309571,normal,581,0,1782362240.657339,0.0019676685333251953
309572,normal,2115,0,1782362240.6592631,0.0019240379333496094
309573,normal,2807,0,1782362240.6614192,0.0021560192108154297
309574,normal,3401,1,1782362240.6632907,0.0018715858459472656
309575,normal,1199,0,1782362240.6651323,0.0018415451049804688
309576,normal,1390,0,1782362240.6673386,0.0022063255310058594
309577,normal,413,0,1782362240.669298,0.0019593238830566406
309578,normal,1473,0,1782362240.6712165,0.0019185543060302734
309579,normal,53,0,1782362240.6733172,0.002100706100463867
309580,normal,1246,0,1782362240.675204,0.0018868446350097656
309581,normal,3305,1,1782362240.6773083,0.0021042823791503906
309582,normal,2049,0,1782362240.6792715,0.0019631385803222656
309583,normal,1933,0,1782362240.6813328,0.0020613670349121094
309584,normal,3385,1,1782362240.6831818,0.0018489360809326172
309585,normal,2590,0,1782362240.6854653,0.0022835731506347656
309586,normal,2365,0,1782362240.6875973,0.002131938934326172
309587,normal,265,0,1782362240.689191,0.0015938282012939453
309588,normal,1177,0,1782362240.691495,0.0023038387298583984
309589,normal,3077,1,1782362240.6933208,0.0018258094787597656
309590,normal,2546,0,1782362240.695234,0.001913309097290039
309591,normal,857,2,1782362240.6973164,0.002082347869873047
309592,normal,3552,0,1782362240.699267,0.0019505023956298828
309593,normal,2953,0,1782362240.7012024,0.0019354820251464844
309594,normal,3015,0,1782362240.7034347,0.0022323131561279297
309595,normal,1299,0,1782362240.7051034,0.001668691635131836
309596,normal,2635,0,1782362240.7073045,0.002201080322265625
309597,normal,3079,1,1782362240.7092083,0.0019037723541259766
309598,normal,1198,0,1782362240.7113144,0.002106189727783203
309599,normal,597,0,1782362240.7135623,0.0022478103637695312
309600,normal,1888,0,1782362240.7152717,0.0017094612121582031
309601,normal,1096,0,1782362240.7174294,0.0021576881408691406
309602,normal,3683,0,1782362240.719322,0.0018925666809082031
309603,normal,374,0,1782362240.721212,0.001889944076538086
309604,normal,2690,0,1782362240.7233224,0.0021104812622070312
309605,normal,1320,1,1782362240.7252088,0.0018863677978515625
309606,normal,91,0,1782362240.7273278,0.0021190643310546875
309607,normal,3291,1,1782362240.7294514,0.002123594284057617
309608,normal,85,0,1782362240.7311726,0.0017211437225341797
309609,normal,735,0,1782362240.7333062,0.002133607864379883
309610,normal,320,0,1782362240.735252,0.0019457340240478516
309611,normal,525,0,1782362240.7372117,0.0019598007202148438
309612,normal,612,0,1782362240.739336,0.002124309539794922
309613,normal,1645,0,1782362240.7412622,0.0019261837005615234
309614,normal,2316,0,1782362240.7432094,0.001947164535522461
309615,normal,455,0,1782362240.7453177,0.002108335494995117
309616,normal,572,0,1782362240.747301,0.0019834041595458984
309617,normal,833,2,1782362240.7492266,0.0019254684448242188
309618,normal,763,0,1782362240.7513223,0.0020956993103027344
309619,normal,2949,0,1782362240.7534275,0.002105236053466797
309620,normal,3135,1,1782362240.7552705,0.0018429756164550781
309621,normal,2630,0,1782362240.7574298,0.0021593570709228516
309622,normal,3652,0,1782362240.7592475,0.0018177032470703125
309623,normal,1153,0,1782362240.7613368,0.002089262008666992
309624,normal,621,0,1782362240.7632704,0.0019335746765136719
309625,normal,2614,0,1782362240.7652988,0.0020284652709960938
309626,normal,3466,0,1782362240.767204,0.001905202865600586
309627,normal,358,0,1782362240.7693427,0.0021386146545410156
309628,normal,1161,0,1782362240.7713442,0.002001523971557617
309629,normal,1699,0,1782362240.7733262,0.001981973648071289
309630,normal,1837,0,1782362240.7753422,0.0020160675048828125
309631,normal,1613,0,1782362240.7774673,0.0021250247955322266
309632,normal,391,0,1782362240.7792065,0.0017392635345458984
309633,normal,3302,1,1782362240.7813141,0.0021076202392578125
309634,normal,167,0,1782362240.7834957,0.002181529998779297
309635,normal,3091,1,1782362240.7853112,0.0018155574798583984
309636,normal,1712,0,1782362240.787387,0.002075672149658203
309637,normal,1755,0,1782362240.7891996,0.0018126964569091797
309638,normal,386,0,1782362240.791173,0.001973390579223633
309639,normal,1792,0,1782362240.7933776,0.0022046566009521484
309640,normal,3057,1,1782362240.7952156,0.0018379688262939453
309641,normal,2942,0,1782362240.7974977,0.0022821426391601562
309642,normal,725,0,1782362240.799202,0.0017042160034179688
309643,normal,2022,0,1782362240.8011012,0.0018992424011230469
309644,normal,1133,0,1782362240.8033116,0.002210378646850586
309645,normal,3636,0,1782362240.8051102,0.0017986297607421875
309646,normal,571,0,1782362240.807298,0.0021877288818359375
309647,normal,3499,0,1782362240.8091083,0.001810312271118164
309648,normal,275,0,1782362240.8113003,0.0021920204162597656
309649,normal,2818,0,1782362240.8131213,0.0018210411071777344
309650,normal,1427,0,1782362240.8151484,0.0020270347595214844
309651,normal,1776,0,1782362240.8173215,0.002173185348510742
309652,normal,2562,0,1782362240.8191025,0.0017809867858886719
309653,normal,958,2,1782362240.8212953,0.0021927356719970703
309654,normal,632,0,1782362240.8230996,0.001804351806640625
309655,normal,1044,0,1782362240.8252695,0.0021698474884033203
309656,normal,2957,0,1782362240.827268,0.001998424530029297
309657,normal,3233,1,1782362240.829334,0.0020661354064941406
309658,normal,1236,0,1782362240.831415,0.0020809173583984375
309659,normal,1091,0,1782362240.8335037,0.002088785171508789
309660,normal,176,0,1782362240.835276,0.001772165298461914
309661,normal,1043,0,1782362240.8373544,0.002078533172607422
309662,normal,768,0,1782362240.8392322,0.0018777847290039062
309663,normal,1642,0,1782362240.841345,0.002112865447998047
309664,normal,1626,0,1782362240.8432398,0.0018947124481201172
309665,normal,2324,0,1782362240.8451023,0.0018625259399414062
309666,normal,1856,0,1782362240.8473146,0.0022122859954833984
309667,normal,2929,0,1782362240.8492587,0.0019440650939941406
309668,normal,3475,0,1782362240.8513088,0.002050161361694336
309669,normal,2820,0,1782362240.853361,0.0020520687103271484
309670,normal,3131,1,1782362240.8553488,0.001987934112548828
309671,normal,1771,0,1782362240.8573604,0.002011537551879883
309672,normal,2238,0,1782362240.8595958,0.00223541259765625
309673,normal,774,2,1782362240.8612006,0.0016047954559326172
309674,normal,1472,0,1782362240.8632758,0.0020751953125
309675,normal,1871,0,1782362240.86538,0.0021042823791503906
309676,normal,2537,0,1782362240.8673387,0.001958608627319336
309677,normal,3072,1,1782362240.869198,0.001859426498413086
309678,normal,1672,0,1782362240.8713121,0.0021140575408935547
309679,normal,714,0,1782362240.8732498,0.0019376277923583984
309680,normal,1747,0,1782362240.8751147,0.0018649101257324219
309681,normal,1614,0,1782362240.877436,0.0023212432861328125
309682,normal,940,2,1782362240.879158,0.001722097396850586
309683,normal,3583,0,1782362240.8812954,0.002137422561645508
309684,normal,2002,0,1782362240.8831003,0.0018048286437988281
309685,normal,1001,2,1782362240.885204,0.0021038055419921875
309686,normal,879,2,1782362240.8870938,0.0018897056579589844
309687,normal,2284,0,1782362240.8899996,0.0029058456420898438
309688,normal,2277,0,1782362240.8913517,0.001352071762084961
309689,normal,1589,0,1782362240.8932278,0.0018761157989501953
309690,normal,1078,0,1782362240.8953207,0.0020928382873535156
309691,normal,1852,0,1782362240.8972523,0.0019316673278808594
309692,normal,3586,0,1782362240.8992164,0.001964092254638672
309693,normal,495,0,1782362240.9013875,0.002171039581298828
309694,normal,2380,0,1782362240.9034445,0.0020570755004882812
309695,normal,2348,0,1782362240.905125,0.0016803741455078125
309696,normal,2907,0,1782362240.9073155,0.0021905899047851562
309697,normal,3244,1,1782362240.9092681,0.0019526481628417969
309698,normal,2646,0,1782362240.911226,0.0019578933715820312
309699,normal,1372,1,1782362240.9133432,0.002117156982421875
309700,normal,2954,0,1782362240.9155207,0.0021774768829345703
309701,normal,2499,0,1782362240.9173102,0.0017895698547363281
309702,normal,520,0,1782362240.919295,0.001984834671020508
309703,normal,1525,0,1782362240.92137,0.0020749568939208984
309704,normal,1784,0,1782362240.923239,0.0018689632415771484
309705,normal,2134,0,1782362240.9254262,0.0021872520446777344
309706,normal,3313,1,1782362240.9275718,0.002145528793334961
309707,normal,1015,2,1782362240.9293158,0.0017440319061279297
309708,normal,1998,0,1782362240.9312553,0.001939535140991211
309709,normal,3693,0,1782362240.9335325,0.0022771358489990234
309710,normal,373,0,1782362240.935616,0.0020835399627685547
309711,normal,1388,0,1782362240.9372487,0.0016326904296875
309712,normal,78,0,1782362240.9393103,0.002061605453491211
309713,normal,3315,1,1782362240.9411962,0.0018858909606933594
309714,normal,2204,0,1782362240.9433181,0.0021219253540039062
309715,normal,2374,0,1782362240.9452293,0.001911163330078125
309716,normal,2239,0,1782362240.9472272,0.0019979476928710938
309717,normal,399,0,1782362240.9493215,0.002094268798828125
309718,normal,617,0,1782362240.9512503,0.0019288063049316406
309719,normal,2674,0,1782362240.9532092,0.0019588470458984375
309720,normal,3559,0,1782362240.955356,0.0021467208862304688
309721,normal,1426,0,1782362240.9573283,0.0019724369049072266
309722,normal,2046,0,1782362240.9592881,0.0019598007202148438
309723,normal,3116,1,1782362240.9613955,0.002107381820678711
309724,normal,592,0,1782362240.9632268,0.0018312931060791016
309725,normal,1326,1,1782362240.9653478,0.0021209716796875
309726,normal,3071,1,1782362240.9672623,0.0019145011901855469
309727,normal,642,0,1782362240.9693923,0.0021300315856933594
309728,normal,3261,1,1782362240.971289,0.0018966197967529297
309729,normal,589,0,1782362240.9732978,0.0020089149475097656
309730,normal,222,0,1782362240.975251,0.001953125
309731,normal,3263,1,1782362240.9772174,0.0019664764404296875
309732,normal,2869,0,1782362240.9792192,0.0020017623901367188
309733,normal,683,0,1782362240.9813304,0.002111196517944336
309734,normal,3640,0,1782362240.9832358,0.0019054412841796875
309735,normal,1485,0,1782362240.985358,0.002122163772583008
309736,normal,1844,0,1782362240.9873276,0.001969575881958008
309737,normal,2400,0,1782362240.9892523,0.001924753189086914
309738,normal,2697,0,1782362240.9913287,0.002076387405395508
309739,normal,968,2,1782362240.9932625,0.0019338130950927734
309740,normal,893,2,1782362240.9957826,0.0025200843811035156
309741,normal,808,2,1782362240.997237,0.0014543533325195312
309742,normal,1155,0,1782362240.9992127,0.0019757747650146484
309743,normal,2710,0,1782362241.0013468,0.002134084701538086
309744,normal,2489,0,1782362241.003235,0.001888275146484375
309745,normal,1095,0,1782362241.005319,0.002084016799926758
309746,normal,3638,0,1782362241.0075312,0.002212047576904297
309747,normal,2724,0,1782362241.0093675,0.0018362998962402344
309748,normal,3042,0,1782362241.0111377,0.0017702579498291016
309749,normal,2661,0,1782362241.0133622,0.002224445343017578
309750,normal,1070,0,1782362241.0152633,0.0019011497497558594
309751,normal,737,0,1782362241.0173175,0.0020542144775390625
309752,normal,1944,0,1782362241.0192018,0.0018842220306396484
309753,normal,3635,0,1782362241.021324,0.002122163772583008
309754,normal,1723,0,1782362241.0232213,0.0018973350524902344
309755,normal,1149,0,1782362241.0254042,0.0021829605102539062
309756,normal,2252,0,1782362241.0272384,0.0018341541290283203
309757,normal,3522,0,1782362241.0294046,0.002166271209716797
309758,normal,3256,1,1782362241.0312686,0.0018639564514160156
309759,normal,1170,0,1782362241.0334656,0.0021970272064208984
309760,normal,1867,0,1782362241.0352387,0.0017731189727783203
309761,normal,3422,0,1782362241.0372941,0.0020554065704345703
309762,normal,1596,0,1782362241.0393407,0.0020465850830078125
309763,normal,2657,0,1782362241.0414119,0.0020711421966552734
309764,normal,721,0,1782362241.0432181,0.0018062591552734375
309765,normal,1373,1,1782362241.045313,0.002094745635986328
309766,normal,2094,0,1782362241.0472045,0.0018916130065917969
309767,normal,3545,0,1782362241.0492136,0.002009153366088867
309768,normal,1446,0,1782362241.0515604,0.0023467540740966797
309769,normal,619,0,1782362241.0531034,0.0015430450439453125
309770,normal,1959,0,1782362241.0553057,0.002202272415161133
309771,normal,1114,0,1782362241.0571964,0.0018906593322753906
309772,normal,289,0,1782362241.0593088,0.0021123886108398438
309773,normal,974,2,1782362241.0615828,0.002274036407470703
309774,normal,3319,1,1782362241.0634177,0.001834869384765625
309775,normal,1309,0,1782362241.065225,0.0018072128295898438
309776,normal,3568,0,1782362241.0674133,0.002188444137573242
309777,normal,3532,0,1782362241.069242,0.0018286705017089844
309778,normal,998,2,1782362241.0712655,0.002023458480834961
309779,normal,2274,0,1782362241.0732164,0.001950979232788086
309780,normal,1415,0,1782362241.0753515,0.002135038375854492
309781,normal,3005,0,1782362241.0773337,0.0019822120666503906
309782,normal,3527,0,1782362241.0794039,0.002070188522338867
309783,normal,2304,0,1782362241.0812151,0.0018112659454345703
309784,normal,845,2,1782362241.0833144,0.002099275588989258
309785,normal,723,0,1782362241.0852096,0.0018951892852783203
309786,normal,3702,0,1782362241.087328,0.002118349075317383
309787,normal,1643,0,1782362241.0892653,0.0019373893737792969
309788,normal,2978,0,1782362241.0912533,0.001987934112548828
309789,normal,890,2,1782362241.0933437,0.0020904541015625
309790,normal,1930,0,1782362241.095246,0.0019023418426513672
309791,normal,1162,0,1782362241.0972385,0.001992464065551758
309792,normal,1493,0,1782362241.1,0.002761363983154297
309793,normal,1599,0,1782362241.1017008,0.0017008781433105469
309794,normal,143,0,1782362241.1031258,0.001425027847290039
309795,normal,197,0,1782362241.1053019,0.002176046371459961
309796,normal,2721,0,1782362241.1077309,0.0024290084838867188
309797,normal,2853,0,1782362241.1093225,0.0015916824340820312
309798,normal,1436,0,1782362241.111652,0.0023293495178222656
309799,normal,1416,0,1782362241.1135209,0.0018689632415771484
309800,normal,1774,0,1782362241.1152258,0.0017049312591552734
309801,normal,2221,0,1782362241.1173153,0.0020895004272460938
309802,normal,1180,0,1782362241.1192145,0.0018992424011230469
309803,normal,3605,0,1782362241.1213107,0.0020961761474609375
309804,normal,37,0,1782362241.123216,0.001905202865600586
309805,normal,3625,0,1782362241.1253326,0.002116680145263672
309806,normal,1817,0,1782362241.1273215,0.0019888877868652344
309807,normal,268,0,1782362241.1292107,0.0018892288208007812
309808,normal,1564,0,1782362241.1313195,0.0021088123321533203
309809,normal,1795,0,1782362241.13324,0.001920461654663086
309810,normal,760,0,1782362241.1352744,0.002034425735473633
309811,normal,1889,0,1782362241.1374118,0.002137422561645508
309812,normal,3529,0,1782362241.1392665,0.0018546581268310547
309813,normal,1233,0,1782362241.141191,0.0019245147705078125
309814,normal,2363,0,1782362241.1433682,0.0021772384643554688
309815,normal,2309,0,1782362241.1452649,0.0018966197967529297
309816,normal,2333,0,1782362241.1473067,0.0020418167114257812
309817,normal,330,0,1782362241.1493316,0.0020248889923095703
309818,normal,3360,1,1782362241.1512022,0.0018706321716308594
309819,normal,945,2,1782362241.153192,0.0019898414611816406
309820,normal,2198,0,1782362241.1552954,0.0021033287048339844
309821,normal,2673,0,1782362241.1571908,0.0018954277038574219
309822,normal,3400,1,1782362241.1592028,0.002012014389038086
309823,normal,2450,0,1782362241.1613,0.0020971298217773438
309824,normal,3234,1,1782362241.163134,0.0018341541290283203
309825,normal,1815,0,1782362241.1653416,0.002207517623901367
309826,normal,2670,0,1782362241.1670961,0.0017545223236083984
309827,normal,2202,0,1782362241.1691835,0.0020873546600341797
309828,normal,1454,0,1782362241.1711888,0.002005338668823242
309829,normal,3613,0,1782362241.173244,0.0020551681518554688
309830,normal,2796,0,1782362241.1751857,0.001941680908203125
309831,normal,1173,0,1782362241.1771944,0.002008676528930664
309832,normal,1230,0,1782362241.179306,0.002111673355102539
309833,normal,622,0,1782362241.1812394,0.0019333362579345703
309834,normal,874,2,1782362241.1832628,0.002023458480834961
309835,normal,1527,0,1782362241.185318,0.0020551681518554688
309836,normal,1725,0,1782362241.1871085,0.0017905235290527344
309837,normal,2493,0,1782362241.1892462,0.0021376609802246094
309838,normal,3538,0,1782362241.1912928,0.0020465850830078125
309839,normal,545,0,1782362241.1931932,0.0019004344940185547
309840,normal,3697,0,1782362241.1951811,0.001987934112548828
309841,normal,2510,0,1782362241.1972353,0.0020542144775390625
309842,normal,747,0,1782362241.1991792,0.001943826675415039
309843,normal,563,0,1782362241.2012558,0.0020766258239746094
309844,normal,1560,0,1782362241.2033288,0.002073049545288086
309845,normal,3265,1,1782362241.2051454,0.0018165111541748047
309846,normal,1313,0,1782362241.2073421,0.002196788787841797
309847,normal,3140,1,1782362241.2092097,0.001867532730102539
309848,normal,1945,0,1782362241.2113402,0.0021305084228515625
309849,normal,1104,0,1782362241.213304,0.0019638538360595703
309850,normal,1579,0,1782362241.2151983,0.001894235610961914
309851,normal,3590,0,1782362241.2172341,0.002035856246948242
309852,normal,184,0,1782362241.2192013,0.001967191696166992
309853,normal,137,0,1782362241.221353,0.0021517276763916016
309854,normal,2717,0,1782362241.2232046,0.0018515586853027344
309855,normal,1498,0,1782362241.2255425,0.002337932586669922
309856,normal,2287,0,1782362241.2271128,0.0015702247619628906
309857,normal,2994,0,1782362241.2293057,0.002192974090576172
309858,normal,3626,0,1782362241.231196,0.0018901824951171875
309859,normal,1024,2,1782362241.233306,0.002110004425048828
309860,normal,789,2,1782362241.2353342,0.002028226852416992
309861,normal,1325,1,1782362241.2373867,0.0020525455474853516
309862,normal,2418,0,1782362241.2392292,0.001842498779296875
309863,normal,1165,0,1782362241.2411714,0.0019421577453613281
309864,normal,51,0,1782362241.243309,0.0021376609802246094
309865,normal,1424,0,1782362241.2452426,0.0019335746765136719
309866,normal,160,0,1782362241.2471278,0.0018851757049560547
309867,normal,3445,0,1782362241.2493327,0.00220489501953125
309868,normal,3390,1,1782362241.251249,0.0019164085388183594
309869,normal,390,0,1782362241.2532172,0.0019681453704833984
309870,normal,216,0,1782362241.2553096,0.0020923614501953125
309871,normal,2004,0,1782362241.2571428,0.001833200454711914
309872,normal,2675,0,1782362241.2592049,0.002062082290649414
309873,normal,2052,0,1782362241.261248,0.0020432472229003906
309874,normal,868,2,1782362241.2631483,0.0019001960754394531
309875,normal,3371,1,1782362241.2651086,0.001960277557373047
309876,normal,850,2,1782362241.2672029,0.002094268798828125
309877,normal,3672,0,1782362241.2691462,0.001943349838256836
309878,normal,140,0,1782362241.2712176,0.002071380615234375
309879,normal,2481,0,1782362241.2732403,0.0020227432250976562
309880,normal,551,0,1782362241.2751288,0.0018885135650634766
309881,normal,2968,0,1782362241.2774067,0.002277851104736328
309882,normal,573,0,1782362241.2791972,0.0017905235290527344
309883,normal,943,2,1782362241.2813566,0.0021593570709228516
309884,normal,71,0,1782362241.283217,0.0018603801727294922
309885,normal,258,0,1782362241.2853637,0.0021467208862304688
309886,normal,1244,0,1782362241.2871628,0.0017991065979003906
309887,normal,946,2,1782362241.2891853,0.0020225048065185547
309888,normal,1686,0,1782362241.2912047,0.0020194053649902344
309889,normal,244,0,1782362241.293177,0.001972198486328125
309890,normal,1496,0,1782362241.2952683,0.0020914077758789062
309891,normal,1213,0,1782362241.2973073,0.0020389556884765625
309892,normal,2891,0,1782362241.2993233,0.0020160675048828125
309893,normal,897,2,1782362241.3012,0.0018765926361083984
309894,normal,2394,0,1782362241.3032436,0.0020437240600585938
309895,normal,3442,0,1782362241.3051198,0.0018761157989501953
309896,normal,2931,0,1782362241.3074386,0.002318859100341797
309897,normal,2677,0,1782362241.309316,0.0018773078918457031
309898,normal,2234,0,1782362241.31145,0.002134084701538086
309899,normal,936,2,1782362241.3131533,0.0017032623291015625
309900,normal,3228,1,1782362241.315273,0.002119779586791992
309901,normal,2397,0,1782362241.3172472,0.0019741058349609375
309902,normal,1831,0,1782362241.319194,0.0019469261169433594
309903,normal,2199,0,1782362241.3218071,0.002613067626953125
309904,normal,2857,0,1782362241.3231452,0.0013380050659179688
309905,normal,2385,0,1782362241.3252063,0.002061128616333008
309906,normal,1570,0,1782362241.3272278,0.0020215511322021484
309907,normal,1669,0,1782362241.329152,0.001924276351928711
309908,normal,3169,1,1782362241.331232,0.0020799636840820312
309909,normal,1836,0,1782362241.3333144,0.002082347869873047
309910,normal,1399,0,1782362241.3351643,0.0018498897552490234
309911,normal,2476,0,1782362241.337245,0.002080678939819336
309912,normal,1965,0,1782362241.339257,0.002012014389038086
309913,normal,1471,0,1782362241.3412564,0.001999378204345703
309914,normal,2975,0,1782362241.3431926,0.001936197280883789
309915,normal,1066,0,1782362241.3451908,0.0019981861114501953
309916,normal,3283,1,1782362241.3472528,0.002062082290649414
309917,normal,224,0,1782362241.3492687,0.002015829086303711
309918,normal,2988,0,1782362241.3511605,0.0018918514251708984
309919,normal,1225,0,1782362241.3532712,0.002110719680786133
309920,normal,1224,0,1782362241.3552723,0.002001047134399414
309921,normal,2389,0,1782362241.3572664,0.0019941329956054688
309922,normal,435,0,1782362241.3592324,0.0019659996032714844
309923,normal,2702,0,1782362241.3612227,0.0019903182983398438
309924,normal,290,0,1782362241.3632212,0.001998424530029297
309925,normal,2629,0,1782362241.3654053,0.002184152603149414
309926,normal,1456,0,1782362241.3672087,0.0018033981323242188
309927,normal,449,0,1782362241.3693204,0.002111673355102539
309928,normal,3378,1,1782362241.3712199,0.0018994808197021484
309929,normal,1094,0,1782362241.3733306,0.002110719680786133
309930,normal,1319,1,1782362241.3752365,0.0019059181213378906
309931,normal,644,0,1782362241.377343,0.0021064281463623047
309932,normal,2071,0,1782362241.3793046,0.0019617080688476562
309933,normal,1253,0,1782362241.381481,0.0021762847900390625
309934,normal,45,0,1782362241.3832932,0.0018122196197509766
309935,normal,150,0,1782362241.385336,0.0020427703857421875
309936,normal,2501,0,1782362241.387298,0.0019621849060058594
309937,normal,1927,0,1782362241.3894162,0.0021181106567382812
309938,normal,4,0,1782362241.3913038,0.0018875598907470703
309939,normal,3598,0,1782362241.3933609,0.0020570755004882812
309940,normal,66,0,1782362241.3952327,0.0018718242645263672
309941,normal,2464,0,1782362241.3973088,0.0020761489868164062
309942,normal,1588,0,1782362241.3993084,0.0019996166229248047
309943,normal,797,2,1782362241.4013033,0.0019948482513427734
309944,normal,2898,0,1782362241.403164,0.0018606185913085938
309945,normal,2821,0,1782362241.4051416,0.001977682113647461
309946,normal,2035,0,1782362241.4073422,0.002200603485107422
309947,normal,3634,0,1782362241.409218,0.0018758773803710938
309948,normal,3406,0,1782362241.411347,0.0021288394927978516
309949,normal,1087,0,1782362241.4132519,0.0019049644470214844
309950,normal,3580,0,1782362241.4159083,0.0026564598083496094
309951,normal,3657,0,1782362241.4172475,0.0013391971588134766
309952,normal,2865,0,1782362241.4193401,0.002092599868774414
309953,normal,1413,0,1782362241.4212139,0.0018737316131591797
309954,normal,94,0,1782362241.42322,0.002006053924560547
309955,normal,3014,0,1782362241.425328,0.0021080970764160156
309956,normal,2649,0,1782362241.4273038,0.0019757747650146484
309957,normal,3495,0,1782362241.4292634,0.001959562301635742
309958,normal,2652,0,1782362241.4310918,0.0018284320831298828
309959,normal,758,0,1782362241.433208,0.0021162033081054688
309960,normal,2155,0,1782362241.435218,0.0020101070404052734
309961,normal,2130,0,1782362241.4373293,0.002111196517944336
309962,normal,2168,0,1782362241.4391952,0.0018658638000488281
309963,normal,294,0,1782362241.4412546,0.002059459686279297
309964,normal,792,2,1782362241.4433725,0.0021178722381591797
309965,normal,1622,0,1782362241.4451754,0.0018029212951660156
309966,normal,3660,0,1782362241.4472528,0.002077341079711914
309967,normal,2534,0,1782362241.449338,0.0020852088928222656
309968,normal,424,0,1782362241.4513092,0.0019712448120117188
309969,normal,260,0,1782362241.4534178,0.0021085739135742188
309970,normal,2281,0,1782362241.455275,0.0018572807312011719
309971,normal,423,0,1782362241.4572086,0.0019335746765136719
309972,normal,384,0,1782362241.459269,0.002060413360595703
309973,normal,3451,0,1782362241.4613168,0.0020477771759033203
309974,normal,576,0,1782362241.4631991,0.001882314682006836
309975,normal,2694,0,1782362241.4652123,0.0020132064819335938
309976,normal,2669,0,1782362241.4671738,0.0019614696502685547
309977,normal,992,2,1782362241.4691646,0.001990795135498047
309978,normal,983,2,1782362241.4711828,0.0020182132720947266
309979,normal,2205,0,1782362241.47326,0.0020771026611328125
309980,normal,3213,1,1782362241.4751883,0.0019283294677734375
309981,normal,767,0,1782362241.4772868,0.002098560333251953
309982,normal,668,0,1782362241.4791822,0.0018954277038574219
309983,normal,2047,0,1782362241.4812095,0.002027273178100586
309984,normal,2041,0,1782362241.4832442,0.0020346641540527344
309985,normal,158,0,1782362241.485303,0.002058744430541992
309986,normal,662,0,1782362241.487249,0.0019459724426269531
309987,normal,3354,1,1782362241.489166,0.001917123794555664
309988,normal,1706,0,1782362241.4913175,0.0021514892578125
309989,normal,1811,0,1782362241.4932308,0.001913309097290039
309990,normal,57,0,1782362241.4952679,0.00203704833984375
309991,normal,3458,0,1782362241.497301,0.002033233642578125
309992,normal,421,0,1782362241.4991748,0.0018737316131591797
309993,normal,3041,0,1782362241.501197,0.002022266387939453
309994,normal,1105,0,1782362241.5032594,0.0020623207092285156
309995,normal,3025,0,1782362241.5051963,0.0019369125366210938
309996,normal,2422,0,1782362241.5071974,0.002001047134399414
309997,normal,405,0,1782362241.5092764,0.002079010009765625
309998,normal,2541,0,1782362241.5112221,0.0019457340240478516
309999,normal,3615,0,1782362241.5132463,0.0020241737365722656
310000,normal,3076,1,1782362241.5152752,0.002028942108154297
310001,normal,1140,0,1782362241.5171897,0.0019145011901855469
310002,normal,3534,0,1782362241.5191834,0.0019936561584472656
310003,normal,1730,0,1782362241.521244,0.0020606517791748047
310004,normal,2578,0,1782362241.5231879,0.001943826675415039
310005,normal,3011,0,1782362241.525185,0.001997232437133789
310006,normal,1098,0,1782362241.5272553,0.002070188522338867
310007,normal,504,0,1782362241.5292516,0.001996278762817383
310008,normal,3037,0,1782362241.5314012,0.0021495819091796875
310009,normal,460,0,1782362241.5331457,0.0017445087432861328
310010,normal,626,0,1782362241.535212,0.002066373825073242
310011,normal,973,2,1782362241.537211,0.0019989013671875
310012,normal,1367,1,1782362241.5392923,0.0020813941955566406
310013,normal,744,0,1782362241.5411985,0.0019061565399169922
310014,normal,261,0,1782362241.543175,0.001976490020751953
310015,normal,1489,0,1782362241.5452354,0.002060413360595703
310016,normal,369,0,1782362241.5472176,0.0019822120666503906
310017,normal,1722,0,1782362241.549249,0.0020313262939453125
310018,normal,2279,0,1782362241.551289,0.0020401477813720703
310019,normal,795,2,1782362241.5532386,0.0019495487213134766
310020,normal,3067,1,1782362241.5552585,0.0020198822021484375
310021,normal,1555,0,1782362241.5575647,0.002306222915649414
310022,normal,1266,0,1782362241.5591547,0.0015900135040283203
310023,normal,59,0,1782362241.5614946,0.0023398399353027344
310024,normal,1729,0,1782362241.563333,0.0018384456634521484
310025,normal,3326,1,1782362241.5651739,0.001840829849243164
310026,normal,1468,0,1782362241.5670955,0.0019216537475585938
310027,normal,848,2,1782362241.5691962,0.002100706100463867
310028,normal,350,0,1782362241.5710776,0.0018813610076904297
310029,normal,1976,0,1782362241.5730758,0.0019981861114501953
310030,normal,658,0,1782362241.5752573,0.002181529998779297
310031,normal,2322,0,1782362241.5770714,0.001814126968383789
310032,normal,3663,0,1782362241.5790715,0.002000093460083008
310033,normal,869,2,1782362241.5811856,0.0021140575408935547
310034,normal,2764,0,1782362241.5830724,0.0018868446350097656
310035,normal,3453,0,1782362241.5854454,0.0023729801177978516
310036,normal,2532,0,1782362241.5871956,0.0017502307891845703
310037,normal,2667,0,1782362241.5891435,0.0019478797912597656
310038,normal,3251,1,1782362241.5913167,0.002173185348510742
310039,normal,1017,2,1782362241.5931096,0.00179290771484375
310040,normal,6,0,1782362241.5961115,0.0030019283294677734
310041,normal,2631,0,1782362241.5970943,0.0009827613830566406
310042,normal,2542,0,1782362241.5992126,0.002118349075317383
310043,normal,1288,0,1782362241.6011174,0.0019047260284423828
310044,normal,3707,0,1782362241.6034155,0.002298116683959961
310045,normal,961,2,1782362241.6050916,0.0016760826110839844
310046,normal,867,2,1782362241.607225,0.0021333694458007812
310047,normal,2779,0,1782362241.6091979,0.0019729137420654297
310048,normal,3512,0,1782362241.6111019,0.0019040107727050781
310049,normal,3070,1,1782362241.6132114,0.002109527587890625
310050,normal,3160,1,1782362241.6152437,0.0020322799682617188
310051,normal,1757,0,1782362241.6171188,0.001875162124633789
310052,normal,3195,1,1782362241.6192102,0.0020914077758789062
310053,normal,3361,1,1782362241.6212053,0.001995086669921875
310054,normal,2624,0,1782362241.6235178,0.0023124217987060547
310055,normal,2944,0,1782362241.6258159,0.002298116683959961
310056,normal,3589,0,1782362241.6270618,0.0012459754943847656
310057,normal,2473,0,1782362241.6292036,0.002141714096069336
310058,normal,1910,0,1782362241.6313438,0.0021402835845947266
310059,normal,1445,0,1782362241.633313,0.0019690990447998047
310060,normal,239,0,1782362241.6355042,0.002191305160522461
310061,normal,2305,0,1782362241.6374092,0.0019049644470214844
310062,normal,2063,0,1782362241.6392038,0.001794576644897461
310063,normal,510,0,1782362241.6410806,0.0018768310546875
310064,normal,79,0,1782362241.643194,0.00211334228515625
310065,normal,27,0,1782362241.6450877,0.001893758773803711
310066,normal,1193,0,1782362241.6472251,0.002137422561645508
310067,normal,1845,0,1782362241.6491115,0.0018863677978515625
310068,normal,729,0,1782362241.6511028,0.00199127197265625
310069,normal,1647,0,1782362241.6532106,0.002107858657836914
310070,normal,1443,0,1782362241.6550968,0.001886129379272461
310071,normal,2409,0,1782362241.657123,0.0020263195037841797
310072,normal,2946,0,1782362241.6592665,0.002143383026123047
310073,normal,334,0,1782362241.6611779,0.0019114017486572266
310074,normal,1634,0,1782362241.6631358,0.0019578933715820312
310075,normal,3016,0,1782362241.6651986,0.0020627975463867188
310076,normal,3456,0,1782362241.667137,0.0019383430480957031
310077,normal,1141,0,1782362241.6691587,0.00202178955078125
310078,normal,859,2,1782362241.6713042,0.002145528793334961
310079,normal,3339,1,1782362241.6731203,0.0018160343170166016
310080,normal,3288,1,1782362241.675197,0.0020766258239746094
310081,normal,1125,0,1782362241.677101,0.0019040107727050781
310082,normal,1027,2,1782362241.6791055,0.0020046234130859375
310083,normal,11,0,1782362241.681108,0.0020024776458740234
310084,normal,2237,0,1782362241.6832294,0.002121448516845703
310085,normal,2752,0,1782362241.6851246,0.0018951892852783203
310086,normal,1753,0,1782362241.6871185,0.001993894577026367
310087,normal,3389,1,1782362241.6893165,0.0021979808807373047
310088,normal,686,0,1782362241.6910906,0.0017740726470947266
310089,normal,937,2,1782362241.6932018,0.002111196517944336
310090,normal,2749,0,1782362241.695094,0.0018923282623291016
310091,normal,2926,0,1782362241.6970918,0.001997709274291992
310092,normal,997,2,1782362241.6990926,0.0020008087158203125
310093,normal,92,0,1782362241.701215,0.0021224021911621094
310094,normal,3596,0,1782362241.7031555,0.0019404888153076172
310095,normal,3391,1,1782362241.7051425,0.001986980438232422
310096,normal,843,2,1782362241.7072747,0.0021321773529052734
310097,normal,1988,0,1782362241.709134,0.001859426498413086
310098,normal,2925,0,1782362241.7112145,0.0020804405212402344
310099,normal,3044,0,1782362241.7131107,0.0018961429595947266
310100,normal,2169,0,1782362241.7151432,0.0020325183868408203
310101,normal,1606,0,1782362241.71707,0.0019268989562988281
310102,normal,72,0,1782362241.719208,0.002137899398803711
310103,normal,1209,0,1782362241.7210824,0.0018744468688964844
310104,normal,3533,0,1782362241.7230897,0.0020072460174560547
310105,normal,3059,1,1782362241.7252705,0.002180814743041992
310106,normal,956,2,1782362241.7271297,0.0018591880798339844
310107,normal,689,0,1782362241.729251,0.0021212100982666016
310108,normal,834,2,1782362241.7311485,0.001897573471069336
310109,normal,136,0,1782362241.7331831,0.0020346641540527344
310110,normal,2344,0,1782362241.7352395,0.0020563602447509766
310111,normal,778,2,1782362241.7372515,0.002012014389038086
310112,normal,565,0,1782362241.7392251,0.0019736289978027344
310113,normal,2435,0,1782362241.7411106,0.0018854141235351562
310114,normal,1404,0,1782362241.7430625,0.0019519329071044922
310115,normal,2502,0,1782362241.7450879,0.0020253658294677734
310116,normal,1587,0,1782362241.7470794,0.0019915103912353516
310117,normal,2128,0,1782362241.7494006,0.0023212432861328125
310118,normal,2210,0,1782362241.7510724,0.0016717910766601562
310119,normal,474,0,1782362241.7531824,0.002110004425048828
310120,normal,1007,2,1782362241.7550716,0.0018892288208007812
310121,normal,1625,0,1782362241.7570703,0.0019986629486083984
310122,normal,1312,0,1782362241.7593472,0.002276897430419922
310123,normal,3229,1,1782362241.761217,0.0018699169158935547
310124,normal,2172,0,1782362241.7631793,0.0019621849060058594
310125,normal,235,0,1782362241.7652454,0.0020661354064941406
310126,normal,3519,0,1782362241.767075,0.0018296241760253906
310127,normal,706,0,1782362241.7690992,0.0020241737365722656
310128,normal,2290,0,1782362241.7710958,0.0019965171813964844
310129,normal,2831,0,1782362241.773205,0.0021092891693115234
310130,normal,2006,0,1782362241.7752216,0.0020165443420410156
310131,normal,2511,0,1782362241.7772198,0.0019981861114501953
310132,normal,1605,0,1782362241.7790754,0.001855611801147461
310133,normal,3528,0,1782362241.7810822,0.0020067691802978516
310134,normal,3106,1,1782362241.7830877,0.0020055770874023438
310135,normal,547,0,1782362241.78521,0.002122163772583008
310136,normal,83,0,1782362241.7871013,0.0018913745880126953
310137,normal,2830,0,1782362241.7890866,0.001985311508178711
310138,normal,3689,0,1782362241.7911997,0.0021131038665771484
310139,normal,352,0,1782362241.793122,0.0019223690032958984
310140,normal,1854,0,1782362241.7950969,0.001974821090698242
310141,normal,2463,0,1782362241.7971976,0.002100706100463867
310142,normal,2353,0,1782362241.799197,0.001999378204345703
310143,normal,1636,0,1782362241.801215,0.002017974853515625
310144,normal,3353,1,1782362241.803146,0.0019309520721435547
310145,normal,3490,0,1782362241.8051264,0.0019805431365966797
310146,normal,2129,0,1782362241.8071716,0.002045154571533203
310147,normal,3440,0,1782362241.809292,0.002120494842529297
310148,normal,2443,0,1782362241.8110774,0.0017852783203125
310149,normal,2672,0,1782362241.8130975,0.002020120620727539
310150,normal,2350,0,1782362241.8151813,0.0020837783813476562
310151,normal,3372,1,1782362241.8171017,0.001920461654663086
310152,normal,3444,0,1782362241.819187,0.0020852088928222656
310153,normal,674,0,1782362241.8211243,0.0019373893737792969
310154,normal,1552,0,1782362241.8231575,0.002033233642578125
310155,normal,1767,0,1782362241.8251507,0.0019931793212890625
310156,normal,2037,0,1782362241.8271952,0.0020444393157958984
310157,normal,1210,0,1782362241.8292427,0.0020475387573242188
310158,normal,1250,0,1782362241.831396,0.0021533966064453125
310159,normal,1586,0,1782362241.833346,0.0019497871398925781
310160,normal,161,0,1782362241.8351188,0.0017728805541992188
310161,normal,1899,0,1782362241.837255,0.00213623046875
310162,normal,3178,1,1782362241.8391795,0.0019245147705078125
310163,normal,1816,0,1782362241.8412042,0.0020246505737304688
310164,normal,328,0,1782362241.8437655,0.002561330795288086
310165,normal,491,0,1782362241.845087,0.001321554183959961
310166,normal,1487,0,1782362241.8472166,0.0021295547485351562
310167,normal,354,0,1782362241.8492177,0.002001047134399414
310168,normal,3153,1,1782362241.851096,0.0018782615661621094
310169,normal,1037,0,1782362241.8532066,0.002110719680786133
310170,normal,1511,0,1782362241.8552272,0.002020597457885742
310171,normal,2045,0,1782362241.8571126,0.0018854141235351562
310172,normal,2951,0,1782362241.8592234,0.002110719680786133
310173,normal,3497,0,1782362241.8612683,0.0020449161529541016
310174,normal,1152,0,1782362241.8631036,0.0018353462219238281
310175,normal,1591,0,1782362241.865205,0.002101421356201172
310176,normal,854,2,1782362241.867205,0.0019998550415039062
310177,normal,351,0,1782362241.869086,0.0018811225891113281
310178,normal,2184,0,1782362241.8712018,0.0021157264709472656
310179,normal,2556,0,1782362241.8731983,0.0019965171813964844
310180,normal,2640,0,1782362241.8751163,0.0019180774688720703
310181,normal,483,0,1782362241.8772533,0.0021369457244873047
310182,normal,3075,1,1782362241.8794487,0.0021953582763671875
310183,normal,3368,1,1782362241.8811,0.0016512870788574219
310184,normal,2381,0,1782362241.8832095,0.002109527587890625
310185,normal,807,2,1782362241.8852396,0.0020301342010498047
310186,normal,1504,0,1782362241.8870783,0.00183868408203125
310187,normal,2519,0,1782362241.8891845,0.002106189727783203
310188,normal,25,0,1782362241.891185,0.002000570297241211
310189,normal,2192,0,1782362241.893071,0.0018858909606933594
310190,normal,2248,0,1782362241.895219,0.002148151397705078
310191,normal,192,0,1782362241.897249,0.002029895782470703
310192,normal,2011,0,1782362241.8991437,0.0018947124481201172
310193,normal,1171,0,1782362241.9013178,0.0021741390228271484
310194,normal,3484,0,1782362241.9031827,0.0018649101257324219
310195,normal,1801,0,1782362241.90521,0.002027273178100586
310196,normal,3254,1,1782362241.9071584,0.0019483566284179688
310197,normal,3341,1,1782362241.9093213,0.002162933349609375
310198,normal,3412,0,1782362241.9113152,0.001993894577026367
310199,normal,2739,0,1782362241.9130604,0.0017452239990234375
310200,normal,3587,0,1782362241.915186,0.0021255016326904297
310201,normal,2113,0,1782362241.9170725,0.001886606216430664
310202,normal,754,0,1782362241.9191978,0.002125263214111328
310203,normal,2793,0,1782362241.9212756,0.002077817916870117
310204,normal,2171,0,1782362241.9231164,0.001840829849243164
310205,normal,2445,0,1782362241.925211,0.0020945072174072266
310206,normal,2085,0,1782362241.927191,0.0019800662994384766
310207,normal,832,2,1782362241.9290814,0.001890420913696289
310208,normal,2064,0,1782362241.931195,0.0021135807037353516
310209,normal,1138,0,1782362241.9338531,0.0026581287384033203
310210,normal,3377,1,1782362241.9353597,0.0015065670013427734
310211,normal,1321,1,1782362241.9371061,0.0017464160919189453
310212,normal,2331,0,1782362241.9392054,0.002099275588989258
310213,normal,264,0,1782362241.9410863,0.0018808841705322266
310214,normal,2294,0,1782362241.943207,0.0021207332611083984
310215,normal,456,0,1782362241.9452643,0.002057313919067383
310216,normal,1746,0,1782362241.9473214,0.0020570755004882812
310217,normal,935,2,1782362241.9490833,0.0017619132995605469
310218,normal,1955,0,1782362241.9511955,0.002112150192260742
310219,normal,1666,0,1782362241.9530916,0.0018961429595947266
310220,normal,15,0,1782362241.955224,0.002132415771484375
310221,normal,2761,0,1782362241.9572258,0.0020017623901367188
310222,normal,2913,0,1782362241.9592776,0.002051830291748047
310223,normal,3119,1,1782362241.9613032,0.002025604248046875
310224,normal,518,0,1782362241.9631612,0.0018579959869384766
310225,normal,1840,0,1782362241.9652987,0.002137422561645508
310226,normal,2224,0,1782362241.9672189,0.0019202232360839844
310227,normal,3243,1,1782362241.969275,0.002056121826171875
310228,normal,3493,0,1782362241.971458,0.0021829605102539062
310229,normal,1514,0,1782362241.9732475,0.0017895698547363281
310230,normal,1655,0,1782362241.9752433,0.0019958019256591797
310231,normal,1659,0,1782362241.9774005,0.0021572113037109375
310232,normal,3679,0,1782362241.9794366,0.0020360946655273438
310233,normal,3517,0,1782362241.981121,0.001684427261352539
310234,normal,2266,0,1782362241.9831915,0.0020704269409179688
310235,normal,3280,1,1782362241.9850793,0.0018877983093261719
310236,normal,650,0,1782362241.9871795,0.002100229263305664
310237,normal,114,0,1782362241.9890862,0.0019066333770751953
310238,normal,1009,2,1782362241.9912078,0.0021216869354248047
310239,normal,2074,0,1782362241.9932017,0.001993894577026367
310240,normal,3432,0,1782362241.995103,0.0019011497497558594
310241,normal,2798,0,1782362241.9971979,0.0020949840545654297
310242,normal,676,0,1782362241.9992294,0.002031564712524414
310243,normal,317,0,1782362242.0011528,0.0019233226776123047
310244,normal,199,0,1782362242.0032768,0.0021240711212158203
310245,normal,914,2,1782362242.0052714,0.001994609832763672
310246,normal,2105,0,1782362242.0070739,0.0018024444580078125
310247,normal,3435,0,1782362242.009231,0.0021572113037109375
310248,normal,1862,0,1782362242.0112436,0.002012491226196289
310249,normal,189,0,1782362242.0133107,0.002067089080810547
310250,normal,3216,1,1782362242.015172,0.0018613338470458984
310251,normal,1724,0,1782362242.017246,0.002074003219604492
310252,normal,2839,0,1782362242.0192525,0.00200653076171875
310253,normal,356,0,1782362242.0213535,0.0021009445190429688
310254,normal,3040,0,1782362242.0237918,0.0024383068084716797
310255,normal,1090,0,1782362242.0251977,0.001405954360961914
310256,normal,3241,1,1782362242.0274022,0.002204418182373047
310257,normal,3505,0,1782362242.0292108,0.0018086433410644531
310258,normal,3591,0,1782362242.031223,0.0020122528076171875
310259,normal,1302,0,1782362242.0332139,0.001990795135498047
310260,normal,1681,0,1782362242.0352037,0.0019898414611816406
310261,normal,1971,0,1782362242.03708,0.0018763542175292969
310262,normal,1578,0,1782362242.0391464,0.002066373825073242
310263,normal,1646,0,1782362242.0411162,0.0019698143005371094
310264,normal,123,0,1782362242.043158,0.0020418167114257812
310265,normal,3123,1,1782362242.0451574,0.001999378204345703
310266,normal,909,2,1782362242.0472078,0.0020503997802734375
310267,normal,2377,0,1782362242.0495229,0.002315044403076172
310268,normal,3232,1,1782362242.0512671,0.0017442703247070312
310269,normal,1123,0,1782362242.053522,0.002254962921142578
310270,normal,1447,0,1782362242.0553935,0.001871347427368164
310271,normal,3073,1,1782362242.0573542,0.00196075439453125
310272,normal,3026,0,1782362242.0593565,0.002002239227294922
310273,normal,944,2,1782362242.06122,0.0018634796142578125
310274,normal,2109,0,1782362242.0634842,0.002264261245727539
310275,normal,3694,0,1782362242.0653238,0.0018396377563476562
310276,normal,552,0,1782362242.0671723,0.001848459243774414
310277,normal,1245,0,1782362242.0693142,0.0021419525146484375
310278,normal,801,2,1782362242.0712898,0.001975536346435547
310279,normal,451,0,1782362242.0734553,0.002165555953979492
310280,normal,3127,1,1782362242.075374,0.0019185543060302734
310281,normal,1389,0,1782362242.0773559,0.001981973648071289
310282,normal,1179,0,1782362242.0793738,0.002017974853515625
310283,normal,2249,0,1782362242.0814602,0.0020864009857177734
310284,normal,1975,0,1782362242.0837564,0.0022962093353271484
310285,normal,2068,0,1782362242.0853794,0.001622915267944336
310286,normal,1675,0,1782362242.087504,0.0021245479583740234
310287,normal,1793,0,1782362242.0895004,0.0019965171813964844
310288,normal,3060,1,1782362242.091381,0.001880645751953125
310289,normal,1616,0,1782362242.093287,0.0019059181213378906
310290,normal,407,0,1782362242.095416,0.002129077911376953
310291,normal,1158,0,1782362242.097181,0.0017650127410888672
310292,normal,1861,0,1782362242.0994108,0.0022296905517578125
310293,normal,3139,1,1782362242.1014981,0.0020873546600341797
310294,normal,3007,0,1782362242.1031725,0.0016744136810302734
310295,normal,2655,0,1782362242.1054094,0.0022368431091308594
310296,normal,1148,0,1782362242.1072755,0.0018661022186279297
310297,normal,2225,0,1782362242.109461,0.0021855831146240234
310298,normal,452,0,1782362242.1112173,0.0017561912536621094
310299,normal,81,0,1782362242.1138842,0.002666950225830078
310300,normal,2376,0,1782362242.1152582,0.0013740062713623047
310301,normal,3100,1,1782362242.1173089,0.002050638198852539
310302,normal,1419,0,1782362242.1195343,0.0022253990173339844
310303,normal,2151,0,1782362242.1212988,0.001764535903930664
310304,normal,1116,0,1782362242.1233578,0.0020589828491210938
310305,normal,2122,0,1782362242.125361,0.002003192901611328
310306,normal,2182,0,1782362242.1276572,0.0022962093353271484
310307,normal,2362,0,1782362242.1290987,0.0014414787292480469
310308,normal,1146,0,1782362242.1314447,0.002346038818359375
310309,normal,953,2,1782362242.133452,0.0020072460174560547
310310,normal,1500,0,1782362242.1354055,0.001953601837158203
310311,normal,625,0,1782362242.13731,0.0019044876098632812
310312,normal,335,0,1782362242.1391463,0.0018362998962402344
310313,normal,787,2,1782362242.1413162,0.0021698474884033203
310314,normal,1790,0,1782362242.143209,0.0018928050994873047
310315,normal,1694,0,1782362242.145227,0.002017974853515625
310316,normal,3183,1,1782362242.1472282,0.0020012855529785156
310317,normal,1477,0,1782362242.1492972,0.0020689964294433594
310318,normal,1949,0,1782362242.1511827,0.0018854141235351562
310319,normal,1859,0,1782362242.153565,0.0023822784423828125
310320,normal,1748,0,1782362242.1556888,0.0021238327026367188
310321,normal,2467,0,1782362242.1579053,0.0022165775299072266
310322,normal,2568,0,1782362242.1592298,0.0013244152069091797
310323,normal,2774,0,1782362242.1612554,0.002025604248046875
310324,normal,1693,0,1782362242.163566,0.0023107528686523438
310325,normal,3429,0,1782362242.1654787,0.0019125938415527344
310326,normal,1452,0,1782362242.1673331,0.0018544197082519531
310327,normal,2390,0,1782362242.1695213,0.0021882057189941406
310328,normal,1958,0,1782362242.1715863,0.002064943313598633
310329,normal,3197,1,1782362242.1731908,0.0016045570373535156
310330,normal,864,2,1782362242.1751897,0.0019989013671875
310331,normal,3513,0,1782362242.1773598,0.002170085906982422
310332,normal,2930,0,1782362242.1792119,0.0018520355224609375
310333,normal,1873,0,1782362242.1813202,0.002108335494995117
310334,normal,1441,0,1782362242.1831656,0.0018453598022460938
310335,normal,3298,1,1782362242.185278,0.0021123886108398438
310336,normal,980,2,1782362242.1871362,0.0018582344055175781
310337,normal,700,0,1782362242.1892598,0.002123594284057617
310338,normal,165,0,1782362242.1913023,0.002042531967163086
310339,normal,2795,0,1782362242.1931942,0.0018918514251708984
310340,normal,2569,0,1782362242.1954947,0.0023005008697509766
310341,normal,513,0,1782362242.1978526,0.002357959747314453
310342,normal,1800,0,1782362242.19921,0.0013573169708251953
310343,normal,1064,0,1782362242.2013206,0.002110719680786133
310344,normal,1301,0,1782362242.2032073,0.001886606216430664
310345,normal,2314,0,1782362242.205248,0.002040863037109375
310346,normal,1688,0,1782362242.2072635,0.002015352249145508
310347,normal,799,2,1782362242.2094183,0.002154827117919922
310348,normal,1298,0,1782362242.211256,0.0018377304077148438
310349,normal,1079,0,1782362242.2131763,0.0019202232360839844
310350,normal,2862,0,1782362242.215247,0.0020706653594970703
310351,normal,3421,0,1782362242.2171319,0.0018849372863769531
310352,normal,853,2,1782362242.2192695,0.0021376609802246094
310353,normal,1005,2,1782362242.2212481,0.001978635787963867
310354,normal,377,0,1782362242.223245,0.001996755599975586
310355,normal,2089,0,1782362242.2251964,0.001951456069946289
310356,normal,2517,0,1782362242.2273812,0.0021848678588867188
310357,normal,3207,1,1782362242.22937,0.0019888877868652344
310358,normal,3526,0,1782362242.2313435,0.001973390579223633
310359,normal,2504,0,1782362242.23332,0.001976490020751953
310360,normal,2470,0,1782362242.2353601,0.0020401477813720703
310361,normal,3121,1,1782362242.2373,0.0019397735595703125
310362,normal,3290,1,1782362242.239382,0.0020821094512939453
310363,normal,1046,0,1782362242.2411494,0.0017673969268798828
310364,normal,3252,1,1782362242.2433226,0.002173185348510742
310365,normal,457,0,1782362242.2451465,0.0018239021301269531
310366,normal,1231,0,1782362242.2474334,0.0022869110107421875
310367,normal,241,0,1782362242.2494264,0.001992940902709961
310368,normal,3158,1,1782362242.2512476,0.001821279525756836
310369,normal,2413,0,1782362242.253437,0.0021893978118896484
310370,normal,3279,1,1782362242.2552524,0.0018153190612792969
310371,normal,2973,0,1782362242.257357,0.002104520797729492
310372,normal,1270,0,1782362242.2593439,0.001986980438232422
310373,normal,2369,0,1782362242.2612486,0.0019047260284423828
310374,normal,93,0,1782362242.2635334,0.0022847652435302734
310375,normal,2521,0,1782362242.2653596,0.0018262863159179688
310376,normal,1088,0,1782362242.267408,0.0020482540130615234
310377,normal,2607,0,1782362242.2693787,0.0019707679748535156
310378,normal,3222,1,1782362242.2714148,0.0020360946655273438
310379,normal,702,0,1782362242.2732906,0.0018758773803710938
310380,normal,339,0,1782362242.2755222,0.002231597900390625
310381,normal,694,0,1782362242.277226,0.0017037391662597656
310382,normal,736,0,1782362242.279336,0.002110004425048828
310383,normal,293,0,1782362242.28137,0.0020339488983154297
310384,normal,2393,0,1782362242.283777,0.002407073974609375
310385,normal,2746,0,1782362242.2854521,0.0016751289367675781
310386,normal,1542,0,1782362242.287501,0.002048969268798828
310387,normal,1455,0,1782362242.2896373,0.00213623046875
310388,normal,1076,0,1782362242.2913108,0.0016734600067138672
310389,normal,2095,0,1782362242.2934313,0.002120494842529297
310390,normal,1268,0,1782362242.2951622,0.0017309188842773438
310391,normal,2378,0,1782362242.297308,0.0021457672119140625
310392,normal,316,0,1782362242.29938,0.0020720958709716797
310393,normal,1950,0,1782362242.301451,0.002070903778076172
310394,normal,1150,0,1782362242.3033419,0.0018908977508544922
310395,normal,1215,0,1782362242.3053026,0.00196075439453125
310396,normal,1953,0,1782362242.3072276,0.0019249916076660156
310397,normal,1597,0,1782362242.309235,0.0020074844360351562
310398,normal,2580,0,1782362242.3113675,0.002132415771484375
310399,normal,554,0,1782362242.3132691,0.0019016265869140625
310400,normal,1936,0,1782362242.315551,0.0022819042205810547
310401,normal,836,2,1782362242.317564,0.002012968063354492
310402,normal,2339,0,1782362242.319136,0.0015718936920166016
310403,normal,607,0,1782362242.3211522,0.002016305923461914
310404,normal,1408,0,1782362242.3234394,0.002287149429321289
310405,normal,1048,0,1782362242.3255475,0.0021080970764160156
310406,normal,1340,1,1782362242.3270502,0.0015027523040771484
310407,normal,2223,0,1782362242.329299,0.0022487640380859375
310408,normal,1346,1,1782362242.3310986,0.0017995834350585938
310409,normal,651,0,1782362242.3332014,0.0021028518676757812
310410,normal,3295,1,1782362242.3351803,0.0019788742065429688
310411,normal,1382,0,1782362242.3375115,0.002331256866455078
310412,normal,1549,0,1782362242.339412,0.0019004344940185547
310413,normal,2414,0,1782362242.3412347,0.0018227100372314453
310414,normal,1980,0,1782362242.3432062,0.0019714832305908203
310415,normal,1229,0,1782362242.345492,0.0022857189178466797
310416,normal,2993,0,1782362242.3473659,0.0018739700317382812
310417,normal,1206,0,1782362242.349247,0.0018811225891113281
310418,normal,138,0,1782362242.3511844,0.0019373893737792969
310419,normal,692,0,1782362242.353333,0.0021486282348632812
310420,normal,3581,0,1782362242.355176,0.0018429756164550781
310421,normal,2084,0,1782362242.3574092,0.002233266830444336
310422,normal,3083,1,1782362242.359198,0.0017888545989990234
310423,normal,2093,0,1782362242.3612554,0.002057313919067383
310424,normal,2552,0,1782362242.3631089,0.0018534660339355469
310425,normal,764,0,1782362242.3651054,0.0019965171813964844
310426,normal,1407,0,1782362242.3674402,0.0023348331451416016
310427,normal,2566,0,1782362242.3690743,0.0016341209411621094
310428,normal,1464,0,1782362242.37143,0.0023555755615234375
310429,normal,2781,0,1782362242.3733277,0.0018978118896484375
310430,normal,3674,0,1782362242.3752947,0.0019669532775878906
310431,normal,2581,0,1782362242.3771906,0.001895904541015625
310432,normal,2574,0,1782362242.3790963,0.001905679702758789
310433,normal,1893,0,1782362242.381119,0.0020227432250976562
310434,normal,2666,0,1782362242.3833725,0.0022535324096679688
310435,normal,1022,2,1782362242.385389,0.0020165443420410156
310436,normal,0,0,1782362242.3874145,0.0020253658294677734
310437,normal,672,0,1782362242.3893414,0.0019268989562988281
310438,normal,35,0,1782362242.3913777,0.0020363330841064453
310439,normal,827,2,1782362242.393372,0.0019943714141845703
310440,normal,3277,1,1782362242.395186,0.0018138885498046875
310441,normal,2073,0,1782362242.3971267,0.0019407272338867188
310442,normal,1421,0,1782362242.3995702,0.002443552017211914
310443,normal,337,0,1782362242.4015927,0.0020225048065185547
310444,normal,318,0,1782362242.4032931,0.0017004013061523438
310445,normal,2776,0,1782362242.4053957,0.0021026134490966797
310446,normal,1813,0,1782362242.407272,0.0018763542175292969
310447,normal,3226,1,1782362242.4093847,0.0021126270294189453
310448,normal,2754,0,1782362242.4112983,0.0019135475158691406
310449,normal,3340,1,1782362242.4134421,0.00214385986328125
310450,normal,2685,0,1782362242.4154174,0.0019752979278564453
310451,normal,2588,0,1782362242.417849,0.002431631088256836
310452,normal,2194,0,1782362242.4192915,0.0014424324035644531
310453,normal,521,0,1782362242.4212737,0.0019822120666503906
310454,normal,3670,0,1782362242.4232209,0.001947164535522461
310455,normal,3696,0,1782362242.4253795,0.002158641815185547
310456,normal,1376,1,1782362242.427363,0.0019834041595458984
310457,normal,3142,1,1782362242.429308,0.0019450187683105469
310458,normal,382,0,1782362242.4313056,0.001997709274291992
310459,normal,296,0,1782362242.433146,0.001840353012084961
310460,normal,3205,1,1782362242.435298,0.002151966094970703
310461,normal,326,0,1782362242.4372687,0.0019707679748535156
310462,normal,2403,0,1782362242.4393537,0.002084970474243164
310463,normal,38,0,1782362242.441248,0.001894235610961914
310464,normal,313,0,1782362242.4432595,0.002011537551879883
310465,normal,2984,0,1782362242.4451253,0.0018658638000488281
310466,normal,3249,1,1782362242.447252,0.0021266937255859375
310467,normal,2218,0,1782362242.449258,0.002006053924560547
310468,normal,1228,0,1782362242.4511228,0.0018646717071533203
310469,normal,3618,0,1782362242.453876,0.0027532577514648438
310470,normal,933,2,1782362242.455426,0.0015499591827392578
310471,normal,3167,1,1782362242.4572523,0.0018262863159179688
310472,normal,1518,0,1782362242.4592516,0.001999378204345703
310473,normal,3141,1,1782362242.4614182,0.0021665096282958984
310474,normal,2067,0,1782362242.463165,0.0017468929290771484
310475,normal,1461,0,1782362242.4653275,0.002162456512451172
310476,normal,2371,0,1782362242.467293,0.0019655227661132812
310477,normal,1759,0,1782362242.4693215,0.0020284652709960938
310478,normal,2549,0,1782362242.4711628,0.0018413066864013672
310479,normal,3170,1,1782362242.4733403,0.0021774768829345703
310480,normal,2586,0,1782362242.4751217,0.001781463623046875
310481,normal,3569,0,1782362242.4772966,0.002174854278564453
310482,normal,643,0,1782362242.4793596,0.0020630359649658203
310483,normal,2711,0,1782362242.481201,0.0018413066864013672
310484,normal,1513,0,1782362242.4831746,0.0019736289978027344
310485,normal,793,2,1782362242.4853995,0.0022249221801757812
310486,normal,1736,0,1782362242.4875362,0.002136707305908203
310487,normal,1480,0,1782362242.489439,0.0019028186798095703
310488,normal,2230,0,1782362242.4913325,0.0018935203552246094
310489,normal,1808,0,1782362242.4933457,0.0020132064819335938
310490,normal,1256,0,1782362242.4952486,0.0019028186798095703
310491,normal,3658,0,1782362242.497533,0.002284526824951172
310492,normal,2544,0,1782362242.499414,0.0018808841705322266
310493,normal,2259,0,1782362242.501541,0.002126932144165039
310494,normal,1040,0,1782362242.5033498,0.0018088817596435547
310495,normal,2979,0,1782362242.505238,0.001888275146484375
310496,normal,987,2,1782362242.5071166,0.001878499984741211
310497,normal,2887,0,1782362242.5094016,0.002285003662109375
310498,normal,3163,1,1782362242.5113878,0.001986265182495117
310499,normal,970,2,1782362242.5132189,0.0018310546875
310500,normal,1812,0,1782362242.5153282,0.0021092891693115234
310501,normal,899,2,1782362242.5171378,0.0018095970153808594
310502,normal,3000,0,1782362242.5190845,0.0019466876983642578
310503,normal,1314,0,1782362242.521256,0.0021715164184570312
310504,normal,2139,0,1782362242.5231612,0.001905202865600586
310505,normal,3242,1,1782362242.5255468,0.0023856163024902344
310506,normal,401,0,1782362242.5278664,0.0023195743560791016
310507,normal,105,0,1782362242.529379,0.0015125274658203125
310508,normal,3558,0,1782362242.531181,0.001802206039428711
310509,normal,3447,0,1782362242.5333252,0.0021440982818603516
310510,normal,3556,0,1782362242.53523,0.0019047260284423828
310511,normal,1223,0,1782362242.537216,0.0019860267639160156
310512,normal,3278,1,1782362242.5394082,0.002192258834838867
310513,normal,2816,0,1782362242.5414925,0.0020842552185058594
310514,normal,2937,0,1782362242.5432744,0.0017819404602050781
310515,normal,1906,0,1782362242.5451484,0.0018739700317382812
310516,normal,2364,0,1782362242.5471642,0.002015829086303711
310517,normal,2606,0,1782362242.5491507,0.0019865036010742188
310518,normal,1574,0,1782362242.551383,0.0022323131561279297
310519,normal,3612,0,1782362242.5531604,0.0017774105072021484
310520,normal,2912,0,1782362242.5552459,0.002085447311401367
310521,normal,1387,0,1782362242.5575378,0.0022919178009033203
310522,normal,2375,0,1782362242.5594091,0.001871347427368164
310523,normal,3455,0,1782362242.5612686,0.001859426498413086
310524,normal,938,2,1782362242.5634394,0.0021708011627197266
310525,normal,472,0,1782362242.565345,0.001905679702758789
310526,normal,817,2,1782362242.5672948,0.0019497871398925781
310527,normal,3069,1,1782362242.5696254,0.0023305416107177734
310528,normal,1494,0,1782362242.5715492,0.0019237995147705078
310529,normal,2242,0,1782362242.5733566,0.0018074512481689453
310530,normal,988,2,1782362242.5751834,0.0018267631530761719
310531,normal,274,0,1782362242.5775883,0.002404928207397461
310532,normal,2851,0,1782362242.5796514,0.0020630359649658203
310533,normal,1285,0,1782362242.5812075,0.0015561580657958984
310534,normal,1360,1,1782362242.5832558,0.0020482540130615234
310535,normal,2055,0,1782362242.5851634,0.0019075870513916016
310536,normal,911,2,1782362242.5870905,0.0019271373748779297
310537,normal,809,2,1782362242.5891104,0.0020198822021484375
310538,normal,896,2,1782362242.5911841,0.0020737648010253906
310539,normal,645,0,1782362242.593635,0.0024509429931640625
310540,normal,2447,0,1782362242.5951512,0.001516103744506836
310541,normal,1342,1,1782362242.597194,0.0020427703857421875
310542,normal,2347,0,1782362242.5993502,0.0021562576293945312
310543,normal,548,0,1782362242.6012707,0.001920461654663086
310544,normal,3465,0,1782362242.6032052,0.0019345283508300781
310545,normal,1700,0,1782362242.60521,0.002004861831665039
310546,normal,122,0,1782362242.6072161,0.002006053924560547
310547,normal,1624,0,1782362242.609199,0.0019829273223876953
310548,normal,3703,0,1782362242.6112566,0.0020575523376464844
310549,normal,141,0,1782362242.6130867,0.0018301010131835938
310550,normal,815,2,1782362242.6152928,0.002206087112426758
310551,normal,2651,0,1782362242.6173797,0.0020868778228759766
310552,normal,3585,0,1782362242.6192377,0.0018579959869384766
310553,normal,769,0,1782362242.6214976,0.002259969711303711
310554,normal,1159,0,1782362242.623493,0.0019953250885009766
310555,normal,3426,0,1782362242.625225,0.0017321109771728516
310556,normal,3342,1,1782362242.627303,0.002077817916870117
310557,normal,1251,0,1782362242.6294286,0.0021257400512695312
310558,normal,469,0,1782362242.631308,0.0018794536590576172
310559,normal,2735,0,1782362242.633214,0.0019059181213378906
310560,normal,566,0,1782362242.635145,0.0019309520721435547
310561,normal,584,0,1782362242.6372664,0.002121448516845703
310562,normal,2778,0,1782362242.6391244,0.0018579959869384766
310563,normal,2315,0,1782362242.6415567,0.0024323463439941406
310564,normal,2618,0,1782362242.6433232,0.0017664432525634766
310565,normal,2157,0,1782362242.6453187,0.001995563507080078
310566,normal,1092,0,1782362242.6473298,0.0020110607147216797
310567,normal,2679,0,1782362242.6491513,0.0018215179443359375
310568,normal,2598,0,1782362242.6514058,0.002254486083984375
310569,normal,329,0,1782362242.6532688,0.0018630027770996094
310570,normal,1248,0,1782362242.6561563,0.0028874874114990234
310571,normal,840,2,1782362242.657536,0.0013797283172607422
310572,normal,628,0,1782362242.6593347,0.0017986297607421875
310573,normal,2226,0,1782362242.6613278,0.0019931793212890625
310574,normal,1881,0,1782362242.6633887,0.0020608901977539062
310575,normal,56,0,1782362242.6652575,0.0018687248229980469
310576,normal,3114,1,1782362242.6674519,0.0021944046020507812
310577,normal,810,2,1782362242.6695333,0.0020813941955566406
310578,normal,3143,1,1782362242.6714635,0.00193023681640625
310579,normal,213,0,1782362242.673301,0.0018374919891357422
310580,normal,3386,1,1782362242.675445,0.0021440982818603516
310581,normal,3376,1,1782362242.6773107,0.0018656253814697266
310582,normal,2579,0,1782362242.6793149,0.0020041465759277344
310583,normal,3399,1,1782362242.6812754,0.0019605159759521484
310584,normal,3109,1,1782362242.6834157,0.0021402835845947266
310585,normal,343,0,1782362242.6853259,0.0019102096557617188
310586,normal,1333,1,1782362242.687377,0.002051115036010742
310587,normal,889,2,1782362242.6896305,0.0022535324096679688
310588,normal,3030,0,1782362242.6917102,0.0020797252655029297
310589,normal,2875,0,1782362242.6933877,0.0016775131225585938
310590,normal,3708,0,1782362242.695594,0.0022063255310058594
310591,normal,1442,0,1782362242.6978502,0.002256155014038086
310592,normal,2613,0,1782362242.6994174,0.0015671253204345703
310593,normal,2408,0,1782362242.701504,0.002086639404296875
310594,normal,1316,0,1782362242.7033775,0.0018734931945800781
310595,normal,1166,0,1782362242.705878,0.0025005340576171875
310596,normal,2536,0,1782362242.7075276,0.001649618148803711
310597,normal,3193,1,1782362242.709447,0.0019192695617675781
310598,normal,2695,0,1782362242.7112868,0.0018398761749267578
310599,normal,2999,0,1782362242.7137318,0.0024449825286865234
310600,normal,1973,0,1782362242.7157922,0.002060413360595703
310601,normal,3095,1,1782362242.717235,0.0014429092407226562
310602,normal,2785,0,1782362242.7197413,0.002506256103515625
310603,normal,1908,0,1782362242.72114,0.0013985633850097656
310604,normal,1544,0,1782362242.7234118,0.002271890640258789
310605,normal,3478,0,1782362242.7252746,0.0018627643585205078
310606,normal,3623,0,1782362242.7271662,0.0018916130065917969
310607,normal,603,0,1782362242.7291517,0.0019855499267578125
310608,normal,3267,1,1782362242.7317207,0.002568960189819336
310609,normal,2311,0,1782362242.733311,0.0015902519226074219
310610,normal,1136,0,1782362242.7353277,0.002016782760620117
310611,normal,814,2,1782362242.7376451,0.0023174285888671875
310612,normal,2235,0,1782362242.7392783,0.0016331672668457031
310613,normal,994,2,1782362242.7413588,0.0020804405212402344
310614,normal,2917,0,1782362242.7433546,0.0019958019256591797
310615,normal,2442,0,1782362242.7452173,0.0018627643585205078
310616,normal,1671,0,1782362242.7472377,0.0020203590393066406
310617,normal,1375,1,1782362242.7496927,0.002454996109008789
310618,normal,2846,0,1782362242.7513428,0.001650094985961914
310619,normal,389,0,1782362242.7532988,0.0019559860229492188
310620,normal,2955,0,1782362242.755364,0.0020651817321777344
310621,normal,346,0,1782362242.7571988,0.001834869384765625
310622,normal,70,0,1782362242.7592003,0.002001523971557617
310623,normal,2883,0,1782362242.7612646,0.002064228057861328
310624,normal,2803,0,1782362242.7631626,0.001898050308227539
310625,normal,3398,1,1782362242.765203,0.002040386199951172
310626,normal,2355,0,1782362242.7673109,0.002107858657836914
310627,normal,920,2,1782362242.7691786,0.0018677711486816406
310628,normal,2806,0,1782362242.771387,0.0022084712982177734
310629,normal,2527,0,1782362242.773822,0.002434968948364258
310630,normal,438,0,1782362242.7762227,0.002400636672973633
310631,normal,2269,0,1782362242.7772188,0.0009961128234863281
310632,normal,1025,2,1782362242.7792232,0.002004384994506836
310633,normal,2092,0,1782362242.7812562,0.0020329952239990234
310634,normal,281,0,1782362242.7835665,0.0023102760314941406
310635,normal,3469,0,1782362242.7854111,0.001844644546508789
310636,normal,2620,0,1782362242.7876315,0.0022203922271728516
310637,normal,23,0,1782362242.789414,0.0017824172973632812
310638,normal,3704,0,1782362242.7911947,0.0017807483673095703
310639,normal,2790,0,1782362242.793186,0.00199127197265625
310640,normal,3547,0,1782362242.7952082,0.002022266387939453
310641,normal,1412,0,1782362242.7977977,0.0025894641876220703
310642,normal,453,0,1782362242.7992623,0.0014646053314208984
310643,normal,2024,0,1782362242.8012292,0.0019669532775878906
310644,normal,2911,0,1782362242.8033543,0.0021250247955322266
310645,normal,2572,0,1782362242.8051815,0.001827239990234375
310646,normal,3181,1,1782362242.8073251,0.0021436214447021484
310647,normal,3155,1,1782362242.8093631,0.0020380020141601562
310648,normal,383,0,1782362242.8111598,0.001796722412109375
310649,normal,1207,0,1782362242.81318,0.002020120620727539
310650,normal,1834,0,1782362242.8151853,0.002005338668823242
310651,normal,87,0,1782362242.8171787,0.001993417739868164
310652,normal,14,0,1782362242.8194964,0.002317667007446289
310653,normal,2164,0,1782362242.8213658,0.0018694400787353516
310654,normal,2962,0,1782362242.8231928,0.0018270015716552734
310655,normal,993,2,1782362242.825402,0.002209186553955078
310656,normal,3194,1,1782362242.8275356,0.002133607864379883
310657,normal,1400,0,1782362242.8294294,0.001893758773803711
310658,normal,2927,0,1782362242.8315938,0.0021643638610839844
310659,normal,3230,1,1782362242.8335,0.0019061565399169922
310660,normal,1363,1,1782362242.8354082,0.0019083023071289062
310661,normal,2005,0,1782362242.8374248,0.0020165443420410156
310662,normal,866,2,1782362242.839273,0.0018482208251953125
310663,normal,2163,0,1782362242.841156,0.0018830299377441406
310664,normal,1478,0,1782362242.8432775,0.002121448516845703
310665,normal,2835,0,1782362242.845309,0.002031564712524414
310666,normal,1783,0,1782362242.8473063,0.001997232437133789
310667,normal,1023,2,1782362242.849373,0.0020668506622314453
310668,normal,934,2,1782362242.851414,0.002040863037109375
310669,normal,1711,0,1782362242.8531566,0.0017426013946533203
310670,normal,1740,0,1782362242.855271,0.002114534378051758
310671,normal,2458,0,1782362242.857263,0.0019919872283935547
310672,normal,939,2,1782362242.859158,0.0018949508666992188
310673,normal,1118,0,1782362242.8613539,0.0021958351135253906
310674,normal,2112,0,1782362242.863426,0.0020720958709716797
310675,normal,1762,0,1782362242.8653128,0.0018868446350097656
310676,normal,2715,0,1782362242.8673737,0.0020608901977539062
310677,normal,2250,0,1782362242.86956,0.002186298370361328
310678,normal,2810,0,1782362242.8712366,0.0016765594482421875
310679,normal,3644,0,1782362242.873342,0.0021054744720458984
310680,normal,2708,0,1782362242.8753192,0.001977205276489258
310681,normal,3090,1,1782362242.8772717,0.0019524097442626953
310682,normal,3608,0,1782362242.8793237,0.0020520687103271484
310683,normal,1885,0,1782362242.8812993,0.001975536346435547
310684,normal,3685,0,1782362242.883507,0.0022077560424804688
310685,normal,1673,0,1782362242.8853006,0.0017936229705810547
310686,normal,226,0,1782362242.887296,0.0019953250885009766
310687,normal,634,0,1782362242.889201,0.0019049644470214844
310688,normal,3387,1,1782362242.8912742,0.0020732879638671875
310689,normal,411,0,1782362242.893376,0.002101898193359375
310690,normal,3202,1,1782362242.895204,0.0018279552459716797
310691,normal,3118,1,1782362242.8973024,0.0020983219146728516
310692,normal,425,0,1782362242.8995514,0.002249002456665039
310693,normal,2589,0,1782362242.9014351,0.0018837451934814453
310694,normal,1895,0,1782362242.9033804,0.0019452571868896484
310695,normal,2563,0,1782362242.9056954,0.002315044403076172
310696,normal,2340,0,1782362242.907379,0.0016834735870361328
310697,normal,918,2,1782362242.9095721,0.0021932125091552734
310698,normal,1650,0,1782362242.9115286,0.001956462860107422
310699,normal,2285,0,1782362242.913152,0.001623392105102539
310700,normal,1200,0,1782362242.9156823,0.002530336380004883
310701,normal,3688,0,1782362242.9173756,0.0016932487487792969
310702,normal,2653,0,1782362242.9193842,0.002008676528930664
310703,normal,3050,1,1782362242.9211223,0.0017380714416503906
310704,normal,942,2,1782362242.9237132,0.0025908946990966797
310705,normal,1449,0,1782362242.9257817,0.0020685195922851562
310706,normal,1217,0,1782362242.9271886,0.0014069080352783203
310707,normal,670,0,1782362242.9292119,0.0020232200622558594
310708,normal,3450,0,1782362242.9310973,0.0018854141235351562
310709,normal,2023,0,1782362242.9334233,0.0023260116577148438
310710,normal,851,2,1782362242.935697,0.0022737979888916016
310711,normal,3617,0,1782362242.9373355,0.0016384124755859375
310712,normal,3560,0,1782362242.9392638,0.0019283294677734375
310713,normal,3468,0,1782362242.9413383,0.0020744800567626953
310714,normal,2423,0,1782362242.9433641,0.0020258426666259766
310715,normal,966,2,1782362242.945141,0.0017769336700439453
310716,normal,3001,0,1782362242.9477313,0.002590179443359375
310717,normal,3056,1,1782362242.9491405,0.001409292221069336
310718,normal,1890,0,1782362242.9511783,0.0020377635955810547
310719,normal,1752,0,1782362242.9533298,0.0021514892578125
310720,normal,957,2,1782362242.955589,0.0022592544555664062
310721,normal,606,0,1782362242.957252,0.0016629695892333984
310722,normal,923,2,1782362279.4282663,0.0
310723,normal,864,2,1782362279.4301422,0.0018758773803710938
310724,normal,155,0,1782362279.4324157,0.0022735595703125
310725,normal,2835,0,1782362279.434249,0.001833200454711914
310726,normal,206,0,1782362279.4361496,0.0019006729125976562
310727,normal,1739,0,1782362279.438243,0.0020933151245117188
310728,normal,2051,0,1782362279.4401457,0.0019028186798095703
310729,normal,365,0,1782362279.4421399,0.0019941329956054688
310730,normal,1273,0,1782362279.4442322,0.0020923614501953125
310731,normal,3375,1,1782362279.4461775,0.0019452571868896484
310732,normal,528,0,1782362279.4482355,0.0020580291748046875
310733,normal,690,0,1782362279.4501755,0.001940011978149414
310734,normal,921,2,1782362279.4521801,0.0020046234130859375
310735,normal,1307,0,1782362279.4542294,0.0020492076873779297
310736,normal,946,2,1782362279.4561863,0.001956939697265625
310737,normal,959,2,1782362279.4582288,0.002042531967163086
310738,normal,2631,0,1782362279.4601717,0.0019428730010986328
310739,normal,937,2,1782362279.4621878,0.0020160675048828125
310740,normal,430,0,1782362279.4643142,0.002126455307006836
310741,normal,398,0,1782362279.4662745,0.001960277557373047
310742,normal,1240,0,1782362279.468207,0.001932382583618164
310743,normal,59,0,1782362279.4701786,0.001971721649169922
310744,normal,2615,0,1782362279.4721766,0.0019979476928710938
310745,normal,617,0,1782362279.4741845,0.0020079612731933594
310746,normal,763,0,1782362279.4762309,0.002046346664428711
310747,normal,801,2,1782362279.4782152,0.0019843578338623047
310748,normal,3034,0,1782362279.480194,0.0019788742065429688
310749,normal,1088,0,1782362279.4822505,0.0020563602447509766
310750,normal,3084,1,1782362279.4841793,0.0019288063049316406
310751,normal,199,0,1782362279.4862528,0.002073526382446289
310752,normal,1267,0,1782362279.4881747,0.0019218921661376953
310753,normal,1128,0,1782362279.490243,0.0020682811737060547
310754,normal,2117,0,1782362279.492182,0.0019390583038330078
310755,normal,163,0,1782362279.4942274,0.0020453929901123047
310756,normal,1236,0,1782362279.496175,0.001947641372680664
310757,normal,2830,0,1782362279.4982557,0.002080678939819336
310758,normal,2508,0,1782362279.500175,0.0019192695617675781
310759,normal,215,0,1782362279.5022345,0.002059459686279297
310760,normal,7,0,1782362279.504174,0.001939535140991211
310761,normal,3607,0,1782362279.5061798,0.0020058155059814453
310762,normal,2359,0,1782362279.5082297,0.0020499229431152344
310763,normal,287,0,1782362279.5101793,0.0019495487213134766
310764,normal,2227,0,1782362279.5122285,0.0020492076873779297
310765,normal,1815,0,1782362279.5141783,0.0019497871398925781
310766,normal,2525,0,1782362279.5162497,0.002071380615234375
310767,normal,3293,1,1782362279.5181797,0.0019299983978271484
310768,normal,2241,0,1782362279.5202336,0.002053976058959961
310769,normal,2794,0,1782362279.5221791,0.00194549560546875
310770,normal,2935,0,1782362279.5242295,0.0020503997802734375
310771,normal,819,2,1782362279.526174,0.0019445419311523438
310772,normal,1049,0,1782362279.5282516,0.0020775794982910156
310773,normal,1549,0,1782362279.5301752,0.0019235610961914062
310774,normal,183,0,1782362279.5322306,0.0020554065704345703
310775,normal,1598,0,1782362279.53418,0.001949310302734375
310776,normal,492,0,1782362279.5362298,0.0020499229431152344
310777,normal,2884,0,1782362279.5381734,0.0019435882568359375
310778,normal,309,0,1782362279.5402493,0.0020759105682373047
310779,normal,3271,1,1782362279.5421758,0.001926422119140625
310780,normal,458,0,1782362279.544231,0.0020551681518554688
310781,normal,465,0,1782362279.5461795,0.0019485950469970703
310782,normal,658,0,1782362279.5482266,0.0020470619201660156
310783,normal,2474,0,1782362279.5501776,0.001950979232788086
310784,normal,3292,1,1782362279.5522487,0.0020711421966552734
310785,normal,1800,0,1782362279.554176,0.0019273757934570312
310786,normal,2694,0,1782362279.5562289,0.002052783966064453
310787,normal,1725,0,1782362279.558187,0.001958131790161133
310788,normal,2028,0,1782362279.5602348,0.0020477771759033203
310789,normal,2692,0,1782362279.5621705,0.001935720443725586
310790,normal,3645,0,1782362279.5642488,0.0020782947540283203
310791,normal,2933,0,1782362279.5661745,0.0019257068634033203
310792,normal,1948,0,1782362279.5682254,0.0020508766174316406
310793,normal,2842,0,1782362279.5701728,0.0019474029541015625
310794,normal,2965,0,1782362279.5721793,0.00200653076171875
310795,normal,2014,0,1782362279.574173,0.0019936561584472656
310796,normal,2950,0,1782362279.5762482,0.0020751953125
310797,normal,3405,0,1782362279.5781739,0.0019257068634033203
310798,normal,62,0,1782362279.5802252,0.0020513534545898438
310799,normal,2024,0,1782362279.5821786,0.0019533634185791016
310800,normal,1988,0,1782362279.584243,0.0020644664764404297
310801,normal,604,0,1782362279.5861716,0.001928567886352539
310802,normal,660,0,1782362279.5882483,0.0020766258239746094
310803,normal,193,0,1782362279.5901868,0.0019385814666748047
310804,normal,359,0,1782362279.5922263,0.0020394325256347656
310805,normal,2718,0,1782362279.5941815,0.001955270767211914
310806,normal,1558,0,1782362279.5962462,0.0020647048950195312
310807,normal,1430,0,1782362279.5981765,0.00193023681640625
310808,normal,57,0,1782362279.6002483,0.002071857452392578
310809,normal,1244,0,1782362279.602175,0.0019266605377197266
310810,normal,1174,0,1782362279.6042314,0.0020563602447509766
310811,normal,3144,1,1782362279.60618,0.0019485950469970703
310812,normal,1681,0,1782362279.6082363,0.0020563602447509766
310813,normal,326,0,1782362279.6101716,0.0019352436065673828
310814,normal,625,0,1782362279.6122499,0.0020782947540283203
310815,normal,1700,0,1782362279.614172,0.0019221305847167969
310816,normal,737,0,1782362279.6162343,0.0020623207092285156
310817,normal,2791,0,1782362279.618178,0.0019435882568359375
310818,normal,3080,1,1782362279.6202307,0.002052783966064453
310819,normal,3086,1,1782362279.6221755,0.0019447803497314453
310820,normal,2319,0,1782362279.624245,0.0020694732666015625
310821,normal,3038,0,1782362279.626173,0.001928091049194336
310822,normal,1133,0,1782362279.6282248,0.002051830291748047
310823,normal,2545,0,1782362279.6303341,0.0021092891693115234
310824,normal,579,0,1782362279.6321626,0.0018284320831298828
310825,normal,1313,0,1782362279.63416,0.0019974708557128906
310826,normal,2176,0,1782362279.6362052,0.002045154571533203
310827,normal,1214,0,1782362279.6381402,0.0019350051879882812
310828,normal,1497,0,1782362279.6401331,0.001992940902709961
310829,normal,2338,0,1782362279.6421793,0.0020461082458496094
310830,normal,154,0,1782362279.6441746,0.0019953250885009766
310831,normal,3440,0,1782362279.6461387,0.001964092254638672
310832,normal,467,0,1782362279.6481776,0.0020389556884765625
310833,normal,1968,0,1782362279.6501725,0.0019948482513427734
310834,normal,3410,0,1782362279.6521358,0.001963376998901367
310835,normal,2035,0,1782362279.654182,0.0020461082458496094
310836,normal,3387,1,1782362279.6561303,0.0019483566284179688
310837,normal,3512,0,1782362279.6581402,0.002009868621826172
310838,normal,2091,0,1782362279.6601868,0.0020465850830078125
310839,normal,3638,0,1782362279.6621318,0.0019450187683105469
310840,normal,491,0,1782362279.664134,0.002002239227294922
310841,normal,3630,0,1782362279.6661854,0.0020513534545898438
310842,normal,2404,0,1782362279.6681318,0.0019464492797851562
310843,normal,2520,0,1782362279.6701663,0.002034425735473633
310844,normal,1172,0,1782362279.672174,0.002007722854614258
310845,normal,2651,0,1782362279.6742263,0.00205230712890625
310846,normal,1443,0,1782362279.6761317,0.0019054412841796875
310847,normal,1946,0,1782362279.6782005,0.002068758010864258
310848,normal,392,0,1782362279.6801314,0.0019309520721435547
310849,normal,1250,0,1782362279.6821692,0.0020377635955810547
310850,normal,3097,1,1782362279.6841743,0.0020051002502441406
310851,normal,1386,0,1782362279.6862059,0.002031564712524414
310852,normal,1123,0,1782362279.6881397,0.0019338130950927734
310853,normal,2313,0,1782362279.6901975,0.002057790756225586
310854,normal,2846,0,1782362279.6921313,0.0019338130950927734
310855,normal,1507,0,1782362279.6941628,0.002031564712524414
310856,normal,962,2,1782362279.696184,0.0020210742950439453
310857,normal,2198,0,1782362279.6981316,0.001947641372680664
310858,normal,1913,0,1782362279.700164,0.0020325183868408203
310859,normal,993,2,1782362279.7021868,0.0020227432250976562
310860,normal,3618,0,1782362279.704171,0.001984119415283203
310861,normal,689,0,1782362279.7061305,0.001959562301635742
310862,normal,67,0,1782362279.708187,0.002056598663330078
310863,normal,3058,1,1782362279.71013,0.0019428730010986328
310864,normal,2577,0,1782362279.7121718,0.0020418167114257812
310865,normal,314,0,1782362279.714193,0.002021312713623047
310866,normal,2147,0,1782362279.7161674,0.001974344253540039
310867,normal,1897,0,1782362279.7181375,0.001970052719116211
310868,normal,2282,0,1782362279.7201867,0.0020492076873779297
310869,normal,564,0,1782362279.7221816,0.0019948482513427734
310870,normal,3230,1,1782362279.7241373,0.001955747604370117
310871,normal,2967,0,1782362279.7261999,0.002062559127807617
310872,normal,1677,0,1782362279.7281315,0.0019316673278808594
310873,normal,3650,0,1782362279.7301636,0.002032041549682617
310874,normal,226,0,1782362279.7321832,0.002019643783569336
310875,normal,2187,0,1782362279.7341738,0.0019905567169189453
310876,normal,960,2,1782362279.7361326,0.0019588470458984375
310877,normal,3647,0,1782362279.7381868,0.0020542144775390625
310878,normal,2027,0,1782362279.740134,0.001947164535522461
310879,normal,851,2,1782362279.7421694,0.002035379409790039
310880,normal,3656,0,1782362279.7441807,0.0020112991333007812
310881,normal,555,0,1782362279.7461684,0.0019876956939697266
310882,normal,657,0,1782362279.7481313,0.001962900161743164
310883,normal,2953,0,1782362279.7502012,0.0020699501037597656
310884,normal,2672,0,1782362279.7521389,0.0019376277923583984
310885,normal,3300,1,1782362279.7541618,0.002022981643676758
310886,normal,1135,0,1782362279.7561848,0.002022981643676758
310887,normal,3183,1,1782362279.7581706,0.001985788345336914
310888,normal,1222,0,1782362279.760135,0.0019643306732177734
310889,normal,2774,0,1782362279.7621903,0.0020554065704345703
310890,normal,2073,0,1782362279.7641325,0.0019421577453613281
310891,normal,3,0,1782362279.7661364,0.002003908157348633
310892,normal,2750,0,1782362279.768188,0.0020515918731689453
310893,normal,167,0,1782362279.7701313,0.001943349838256836
310894,normal,3209,1,1782362279.772171,0.002039670944213867
310895,normal,2167,0,1782362279.7741854,0.0020143985748291016
310896,normal,1825,0,1782362279.7761605,0.0019750595092773438
310897,normal,2442,0,1782362279.7781322,0.001971721649169922
310898,normal,106,0,1782362279.7801847,0.0020525455474853516
310899,normal,3449,0,1782362279.7821307,0.0019459724426269531
310900,normal,2124,0,1782362279.784168,0.0020372867584228516
310901,normal,3634,0,1782362279.7861817,0.002013683319091797
310902,normal,890,2,1782362279.7881308,0.0019490718841552734
310903,normal,1221,0,1782362279.790131,0.0020003318786621094
310904,normal,2678,0,1782362279.7922049,0.0020737648010253906
310905,normal,2094,0,1782362279.7941315,0.0019266605377197266
310906,normal,2375,0,1782362279.796133,0.002001523971557617
310907,normal,3690,0,1782362279.798184,0.0020508766174316406
310908,normal,1284,0,1782362279.8001664,0.001982450485229492
310909,normal,1789,0,1782362279.8021345,0.0019681453704833984
310910,normal,386,0,1782362279.8042042,0.002069711685180664
310911,normal,3061,1,1782362279.8061316,0.0019273757934570312
310912,normal,3559,0,1782362279.808168,0.0020363330841064453
310913,normal,468,0,1782362279.8101814,0.0020134449005126953
310914,normal,1453,0,1782362279.8121333,0.0019519329071044922
310915,normal,1106,0,1782362279.8141298,0.0019965171813964844
310916,normal,3659,0,1782362279.8161862,0.0020563602447509766
310917,normal,72,0,1782362279.818132,0.0019457340240478516
310918,normal,2092,0,1782362279.820168,0.0020360946655273438
310919,normal,3131,1,1782362279.8221822,0.00201416015625
310920,normal,1342,1,1782362279.824131,0.0019488334655761719
310921,normal,2503,0,1782362279.8261318,0.0020008087158203125
310922,normal,933,2,1782362279.8282034,0.0020716190338134766
310923,normal,728,0,1782362279.8301435,0.001940011978149414
310924,normal,2636,0,1782362279.8321714,0.0020279884338378906
310925,normal,144,0,1782362279.8341858,0.0020143985748291016
310926,normal,2541,0,1782362279.8361347,0.0019488334655761719
310927,normal,775,2,1782362279.8381338,0.0019991397857666016
310928,normal,3294,1,1782362279.8401992,0.002065420150756836
310929,normal,1847,0,1782362279.8421333,0.001934051513671875
310930,normal,2477,0,1782362279.844171,0.0020377635955810547
310931,normal,715,0,1782362279.8461905,0.0020194053649902344
310932,normal,3273,1,1782362279.8481321,0.001941680908203125
310933,normal,3039,0,1782362279.8501706,0.0020384788513183594
310934,normal,2093,0,1782362279.8521812,0.0020105838775634766
310935,normal,2365,0,1782362279.8541322,0.001950979232788086
310936,normal,1691,0,1782362279.8561327,0.002000570297241211
310937,normal,983,2,1782362279.858215,0.002082347869873047
310938,normal,1132,0,1782362279.860143,0.0019278526306152344
310939,normal,343,0,1782362279.8621693,0.0020263195037841797
310940,normal,227,0,1782362279.8641822,0.002012968063354492
310941,normal,2436,0,1782362279.8661351,0.0019528865814208984
310942,normal,1742,0,1782362279.868136,0.0020008087158203125
310943,normal,3560,0,1782362279.870203,0.002067089080810547
310944,normal,592,0,1782362279.8721392,0.001936197280883789
310945,normal,1942,0,1782362279.8741696,0.0020303726196289062
310946,normal,2527,0,1782362279.876522,0.002352476119995117
310947,normal,1373,1,1782362279.8783157,0.0017936229705810547
310948,normal,1853,0,1782362279.8802173,0.0019016265869140625
310949,normal,147,0,1782362279.8822038,0.0019865036010742188
310950,normal,2724,0,1782362279.8842301,0.0020263195037841797
310951,normal,978,2,1782362279.8861973,0.001967191696166992
310952,normal,3421,0,1782362279.888207,0.0020096302032470703
310953,normal,764,0,1782362279.890306,0.0020990371704101562
310954,normal,1958,0,1782362279.8922024,0.0018963813781738281
310955,normal,1068,0,1782362279.894169,0.001966714859008789
310956,normal,2299,0,1782362279.896343,0.002173900604248047
310957,normal,2854,0,1782362279.8981612,0.0018181800842285156
310958,normal,3518,0,1782362279.9002087,0.0020475387573242188
310959,normal,1741,0,1782362279.9022055,0.001996755599975586
310960,normal,3290,1,1782362279.904199,0.001993417739868164
310961,normal,1001,2,1782362279.9061594,0.0019605159759521484
310962,normal,60,0,1782362279.9082294,0.0020699501037597656
310963,normal,0,0,1782362279.9101615,0.0019321441650390625
310964,normal,751,0,1782362279.9121683,0.0020067691802978516
310965,normal,1943,0,1782362279.914202,0.002033710479736328
310966,normal,2479,0,1782362279.916189,0.001986980438232422
310967,normal,3392,1,1782362279.918191,0.0020020008087158203
310968,normal,362,0,1782362279.9202034,0.002012491226196289
310969,normal,1354,1,1782362279.9221914,0.001987934112548828
310970,normal,137,0,1782362279.92416,0.0019686222076416016
310971,normal,3011,0,1782362279.926229,0.0020689964294433594
310972,normal,13,0,1782362279.9281583,0.0019292831420898438
310973,normal,3546,0,1782362279.9301708,0.002012491226196289
310974,normal,2828,0,1782362279.9322016,0.0020308494567871094
310975,normal,2047,0,1782362279.9341989,0.001997232437133789
310976,normal,883,2,1782362279.936159,0.0019600391387939453
310977,normal,1894,0,1782362279.9382224,0.0020635128021240234
310978,normal,3072,1,1782362279.9401593,0.0019369125366210938
310979,normal,1998,0,1782362279.942171,0.0020117759704589844
310980,normal,179,0,1782362279.9442132,0.002042055130004883
310981,normal,421,0,1782362279.946206,0.001992940902709961
310982,normal,1940,0,1782362279.9481688,0.0019626617431640625
310983,normal,3555,0,1782362279.9502306,0.0020618438720703125
310984,normal,1712,0,1782362279.95218,0.001949310302734375
310985,normal,2741,0,1782362279.9541607,0.0019807815551757812
310986,normal,188,0,1782362279.9562013,0.0020406246185302734
310987,normal,1425,0,1782362279.9581995,0.0019981861114501953
310988,normal,895,2,1782362279.9601889,0.0019893646240234375
310989,normal,3105,1,1782362279.9622285,0.002039670944213867
310990,normal,2050,0,1782362279.9641564,0.0019278526306152344
310991,normal,109,0,1782362279.9661696,0.0020132064819335938
310992,normal,3333,1,1782362279.9682033,0.002033710479736328
310993,normal,3268,1,1782362279.9701858,0.001982450485229492
310994,normal,423,0,1782362279.9721618,0.00197601318359375
310995,normal,3432,0,1782362279.9742105,0.0020487308502197266
310996,normal,1395,0,1782362279.9761922,0.0019817352294921875
310997,normal,2454,0,1782362279.9781623,0.001970052719116211
310998,normal,3603,0,1782362279.9802256,0.002063274383544922
310999,normal,1986,0,1782362279.9821749,0.001949310302734375
311000,normal,2215,0,1782362279.984177,0.002002239227294922
311001,normal,1421,0,1782362279.986208,0.0020308494567871094
311002,normal,3152,1,1782362279.9881916,0.001983642578125
311003,normal,589,0,1782362279.9901593,0.0019676685333251953
311004,normal,2160,0,1782362279.9922245,0.0020651817321777344
311005,normal,2197,0,1782362279.9941573,0.0019328594207763672
311006,normal,1326,1,1782362279.996171,0.002013683319091797
311007,normal,16,0,1782362279.9982052,0.0020341873168945312
311008,normal,3418,0,1782362280.0002224,0.0020172595977783203
311009,normal,1294,0,1782362280.002413,0.0021905899047851562
311010,normal,1653,0,1782362280.0042026,0.0017895698547363281
311011,normal,645,0,1782362280.0061872,0.0019845962524414062
311012,normal,1685,0,1782362280.0081997,0.002012491226196289
311013,normal,3025,0,1782362280.0104406,0.002240896224975586
311014,normal,1189,0,1782362280.0122173,0.0017766952514648438
311015,normal,2294,0,1782362280.0144458,0.0022284984588623047
311016,normal,2594,0,1782362280.016276,0.0018301010131835938
311017,normal,2205,0,1782362280.0181947,0.001918792724609375
311018,normal,1505,0,1782362280.0204136,0.002218961715698242
311019,normal,875,2,1782362280.0222168,0.0018031597137451172
311020,normal,246,0,1782362280.024451,0.002234220504760742
311021,normal,2565,0,1782362280.0262635,0.0018124580383300781
311022,normal,975,2,1782362280.0282886,0.002025127410888672
311023,normal,3461,0,1782362280.030181,0.0018923282623291016
311024,normal,2463,0,1782362280.0322134,0.0020325183868408203
311025,normal,821,2,1782362280.0341797,0.001966238021850586
311026,normal,1697,0,1782362280.0362148,0.0020351409912109375
311027,normal,3098,1,1782362280.0381775,0.0019626617431640625
311028,normal,3220,1,1782362280.04021,0.0020325183868408203
311029,normal,1038,0,1782362280.0421727,0.0019626617431640625
311030,normal,2657,0,1782362280.044267,0.002094268798828125
311031,normal,416,0,1782362280.0461729,0.0019059181213378906
311032,normal,1028,2,1782362280.0482082,0.002035379409790039
311033,normal,2567,0,1782362280.0501714,0.0019631385803222656
311034,normal,1218,0,1782362280.0522094,0.0020380020141601562
311035,normal,613,0,1782362280.0541735,0.001964092254638672
311036,normal,1188,0,1782362280.0562649,0.0020914077758789062
311037,normal,462,0,1782362280.0581775,0.0019125938415527344
311038,normal,1572,0,1782362280.0602112,0.002033710479736328
311039,normal,3345,1,1782362280.062172,0.00196075439453125
311040,normal,598,0,1782362280.0642145,0.002042531967163086
311041,normal,1588,0,1782362280.0661702,0.001955747604370117
311042,normal,3490,0,1782362280.0682104,0.0020401477813720703
311043,normal,2827,0,1782362280.0701737,0.001963376998901367
311044,normal,747,0,1782362280.072202,0.002028226852416992
311045,normal,2780,0,1782362280.074172,0.001970052719116211
311046,normal,2248,0,1782362280.076205,0.0020329952239990234
311047,normal,529,0,1782362280.0781739,0.001968860626220703
311048,normal,848,2,1782362280.0801723,0.001998424530029297
311049,normal,2195,0,1782362280.0822055,0.002033233642578125
311050,normal,1476,0,1782362280.084173,0.0019674301147460938
311051,normal,2104,0,1782362280.086235,0.002062082290649414
311052,normal,2955,0,1782362280.0881774,0.0019423961639404297
311053,normal,244,0,1782362280.0902095,0.002032041549682617
311054,normal,787,2,1782362280.0921712,0.0019617080688476562
311055,normal,2490,0,1782362280.094217,0.002045869827270508
311056,normal,2242,0,1782362280.0961697,0.0019526481628417969
311057,normal,2386,0,1782362280.098191,0.002021312713623047
311058,normal,100,0,1782362280.100177,0.0019860267639160156
311059,normal,1535,0,1782362280.1022103,0.002033233642578125
311060,normal,2034,0,1782362280.1041782,0.001967906951904297
311061,normal,208,0,1782362280.1062067,0.0020284652709960938
311062,normal,2482,0,1782362280.108174,0.0019674301147460938
311063,normal,3168,1,1782362280.1101842,0.0020101070404052734
311064,normal,669,0,1782362280.1121714,0.0019872188568115234
311065,normal,3362,1,1782362280.114209,0.002037525177001953
311066,normal,3447,0,1782362280.1161702,0.001961231231689453
311067,normal,850,2,1782362280.1182077,0.002037525177001953
311068,normal,1660,0,1782362280.1201706,0.001962900161743164
311069,normal,1846,0,1782362280.1222246,0.002053976058959961
311070,normal,1416,0,1782362280.1242023,0.001977682113647461
311071,normal,584,0,1782362280.1261706,0.0019683837890625
311072,normal,1063,0,1782362280.1282408,0.002070188522338867
311073,normal,464,0,1782362280.1301727,0.001931905746459961
311074,normal,654,0,1782362280.1322093,0.002036571502685547
311075,normal,3020,0,1782362280.1341786,0.0019693374633789062
311076,normal,1328,1,1782362280.1361713,0.0019927024841308594
311077,normal,278,0,1782362280.1381712,0.0019998550415039062
311078,normal,907,2,1782362280.1401813,0.0020101070404052734
311079,normal,498,0,1782362280.142178,0.001996755599975586
311080,normal,1439,0,1782362280.144211,0.0020329952239990234
311081,normal,415,0,1782362280.1461709,0.0019598007202148438
311082,normal,2513,0,1782362280.148209,0.002038240432739258
311083,normal,1147,0,1782362280.150173,0.0019638538360595703
311084,normal,1178,0,1782362280.1522388,0.002065896987915039
311085,normal,2374,0,1782362280.1541715,0.0019326210021972656
311086,normal,2405,0,1782362280.15621,0.0020384788513183594
311087,normal,2336,0,1782362280.1581767,0.001966714859008789
311088,normal,3338,1,1782362280.160205,0.002028226852416992
311089,normal,2228,0,1782362280.1621706,0.001965761184692383
311090,normal,2811,0,1782362280.1642377,0.002067089080810547
311091,normal,1662,0,1782362280.1661723,0.0019345283508300781
311092,normal,1745,0,1782362280.168211,0.002038717269897461
311093,normal,1611,0,1782362280.1701708,0.0019598007202148438
311094,normal,2982,0,1782362280.1722362,0.002065420150756836
311095,normal,2689,0,1782362280.174171,0.0019347667694091797
311096,normal,97,0,1782362280.1761723,0.0020012855529785156
311097,normal,1475,0,1782362280.1782093,0.00203704833984375
311098,normal,673,0,1782362280.180171,0.0019617080688476562
311099,normal,1474,0,1782362280.1822455,0.0020744800567626953
311100,normal,86,0,1782362280.1841724,0.0019268989562988281
311101,normal,441,0,1782362280.186211,0.002038717269897461
311102,normal,2148,0,1782362280.1881716,0.0019605159759521484
311103,normal,300,0,1782362280.1902108,0.002039194107055664
311104,normal,3467,0,1782362280.1921697,0.0019588470458984375
311105,normal,2049,0,1782362280.1941943,0.0020246505737304688
311106,normal,1575,0,1782362280.1961713,0.0019769668579101562
311107,normal,451,0,1782362280.1982057,0.002034425735473633
311108,normal,2230,0,1782362280.200184,0.0019783973693847656
311109,normal,914,2,1782362280.2022088,0.0020246505737304688
311110,normal,1529,0,1782362280.2041721,0.001963376998901367
311111,normal,1781,0,1782362280.206237,0.002064943313598633
311112,normal,1984,0,1782362280.2081714,0.0019342899322509766
311113,normal,2368,0,1782362280.2102103,0.0020389556884765625
311114,normal,2315,0,1782362280.2121754,0.001965045928955078
311115,normal,2661,0,1782362280.2142131,0.0020377635955810547
311116,normal,1845,0,1782362280.2161694,0.0019562244415283203
311117,normal,3390,1,1782362280.218185,0.0020155906677246094
311118,normal,1805,0,1782362280.220178,0.001992940902709961
311119,normal,1485,0,1782362280.222218,0.0020401477813720703
311120,normal,2531,0,1782362280.2241735,0.0019555091857910156
311121,normal,18,0,1782362280.2262099,0.0020363330841064453
311122,normal,1519,0,1782362280.2281764,0.0019664764404296875
311123,normal,945,2,1782362280.2302313,0.002054929733276367
311124,normal,1702,0,1782362280.2321713,0.001940011978149414
311125,normal,1148,0,1782362280.2342129,0.0020415782928466797
311126,normal,2582,0,1782362280.236171,0.001958131790161133
311127,normal,1617,0,1782362280.2382112,0.0020401477813720703
311128,normal,1195,0,1782362280.2402062,0.001995086669921875
311129,normal,1608,0,1782362280.2421753,0.0019690990447998047
311130,normal,349,0,1782362280.244212,0.002036571502685547
311131,normal,940,2,1782362280.246172,0.0019600391387939453
311132,normal,3413,0,1782362280.2482255,0.002053499221801758
311133,normal,2618,0,1782362280.2501726,0.001947164535522461
311134,normal,3407,0,1782362280.2522066,0.0020339488983154297
311135,normal,1318,0,1782362280.254177,0.001970529556274414
311136,normal,2411,0,1782362280.2562094,0.0020322799682617188
311137,normal,3573,0,1782362280.2581716,0.0019621849060058594
311138,normal,1287,0,1782362280.2602456,0.002074003219604492
311139,normal,2193,0,1782362280.2621715,0.0019259452819824219
311140,normal,1941,0,1782362280.2642105,0.0020389556884765625
311141,normal,1860,0,1782362280.26617,0.001959562301635742
311142,normal,2997,0,1782362280.2682147,0.002044677734375
311143,normal,1479,0,1782362280.2701693,0.0019545555114746094
311144,normal,1501,0,1782362280.2721772,0.0020079612731933594
311145,normal,152,0,1782362280.274167,0.0019898414611816406
311146,normal,2956,0,1782362280.2761762,0.002009153366088867
311147,normal,1729,0,1782362280.2781737,0.0019974708557128906
311148,normal,1300,0,1782362280.2801735,0.0019998550415039062
311149,normal,761,0,1782362280.2821758,0.002002239227294922
311150,normal,1062,0,1782362280.2841897,0.0020139217376708984
311151,normal,1007,2,1782362280.2861698,0.0019800662994384766
311152,normal,2005,0,1782362280.288171,0.0020012855529785156
311153,normal,1437,0,1782362280.2901962,0.002025127410888672
311154,normal,2333,0,1782362280.29217,0.001973867416381836
311155,normal,714,0,1782362280.2941713,0.0020012855529785156
311156,normal,499,0,1782362280.2961879,0.0020165443420410156
311157,normal,2597,0,1782362280.2981758,0.001987934112548828
311158,normal,1009,2,1782362280.30017,0.0019941329956054688
311159,normal,367,0,1782362280.3021958,0.0020258426666259766
311160,normal,2840,0,1782362280.304171,0.0019752979278564453
311161,normal,3117,1,1782362280.306171,0.0019998550415039062
311162,normal,1286,0,1782362280.3081865,0.0020155906677246094
311163,normal,1848,0,1782362280.310171,0.0019843578338623047
311164,normal,1202,0,1782362280.312169,0.0019981861114501953
311165,normal,3491,0,1782362280.3141916,0.0020225048065185547
311166,normal,2571,0,1782362280.3161688,0.001977205276489258
311167,normal,803,2,1782362280.3181355,0.001966714859008789
311168,normal,3282,1,1782362280.3201783,0.0020427703857421875
311169,normal,2055,0,1782362280.322189,0.002010822296142578
311170,normal,2113,0,1782362280.3241696,0.0019805431365966797
311171,normal,872,2,1782362280.326191,0.002021312713623047
311172,normal,1584,0,1782362280.328189,0.0019979476928710938
311173,normal,3628,0,1782362280.330136,0.001947164535522461
311174,normal,341,0,1782362280.3321762,0.0020401477813720703
311175,normal,2337,0,1782362280.3341773,0.002001047134399414
311176,normal,251,0,1782362280.33617,0.0019927024841308594
311177,normal,427,0,1782362280.338238,0.002068042755126953
311178,normal,2942,0,1782362280.340166,0.001928091049194336
311179,normal,2200,0,1782362280.342167,0.0020008087158203125
311180,normal,2326,0,1782362280.3441832,0.002016305923461914
311181,normal,1285,0,1782362280.3461692,0.0019860267639160156
311182,normal,136,0,1782362280.3481693,0.002000093460083008
311183,normal,3109,1,1782362280.350459,0.0022897720336914062
311184,normal,1019,2,1782362280.3521879,0.0017287731170654297
311185,normal,2349,0,1782362280.3541698,0.001981973648071289
311186,normal,234,0,1782362280.3562112,0.002041339874267578
311187,normal,1175,0,1782362280.3581681,0.001956939697265625
311188,normal,1696,0,1782362280.3601904,0.002022266387939453
311189,normal,2150,0,1782362280.3622344,0.0020439624786376953
311190,normal,3337,1,1782362280.3641887,0.001954317092895508
311191,normal,723,0,1782362280.366264,0.0020754337310791016
311192,normal,1052,0,1782362280.3683753,0.002111196517944336
311193,normal,36,0,1782362280.3702207,0.0018453598022460938
311194,normal,806,2,1782362280.372352,0.002131223678588867
311195,normal,2859,0,1782362280.3743927,0.002040863037109375
311196,normal,2691,0,1782362280.3761961,0.0018033981323242188
311197,normal,3585,0,1782362280.3781826,0.0019865036010742188
311198,normal,666,0,1782362280.3804266,0.0022439956665039062
311199,normal,3116,1,1782362280.38222,0.0017933845520019531
311200,normal,1239,0,1782362280.38435,0.0021300315856933594
311201,normal,3684,0,1782362280.3864179,0.0020678043365478516
311202,normal,846,2,1782362280.3882203,0.0018024444580078125
311203,normal,2101,0,1782362280.3903499,0.0021295547485351562
311204,normal,245,0,1782362280.3924208,0.002070903778076172
311205,normal,3326,1,1782362280.3942204,0.0017995834350585938
311206,normal,3377,1,1782362280.39635,0.0021295547485351562
311207,normal,544,0,1782362280.398424,0.002074003219604492
311208,normal,814,2,1782362280.4002213,0.0017974376678466797
311209,normal,2378,0,1782362280.402351,0.0021295547485351562
311210,normal,2968,0,1782362280.404428,0.0020771026611328125
311211,normal,2971,0,1782362280.4062204,0.0017924308776855469
311212,normal,826,2,1782362280.4083436,0.002123117446899414
311213,normal,3565,0,1782362280.410281,0.0019373893737792969
311214,normal,1220,0,1782362280.412339,0.0020580291748046875
311215,normal,3605,0,1782362280.414397,0.0020580291748046875
311216,normal,2534,0,1782362280.4162865,0.0018894672393798828
311217,normal,495,0,1782362280.4183187,0.0020322799682617188
311218,normal,378,0,1782362280.4201996,0.0018808841705322266
311219,normal,1736,0,1782362280.4223163,0.002116680145263672
311220,normal,1908,0,1782362280.4242444,0.001928091049194336
311221,normal,1113,0,1782362280.426189,0.0019445419311523438
311222,normal,2115,0,1782362280.4282124,0.002023458480834961
311223,normal,547,0,1782362280.430175,0.0019626617431640625
311224,normal,1991,0,1782362280.432185,0.002009868621826172
311225,normal,545,0,1782362280.4342108,0.0020258426666259766
311226,normal,1952,0,1782362280.4361727,0.001961946487426758
311227,normal,2347,0,1782362280.4381902,0.002017498016357422
311228,normal,3023,0,1782362280.4402103,0.002020120620727539
311229,normal,2610,0,1782362280.4421737,0.001963376998901367
311230,normal,1823,0,1782362280.444185,0.0020112991333007812
311231,normal,1171,0,1782362280.4462109,0.0020258426666259766
311232,normal,3471,0,1782362280.4481761,0.0019652843475341797
311233,normal,3059,1,1782362280.450183,0.0020067691802978516
311234,normal,3052,1,1782362280.4522116,0.0020287036895751953
311235,normal,2344,0,1782362280.4541845,0.0019729137420654297
311236,normal,3005,0,1782362280.4561846,0.002000093460083008
311237,normal,2947,0,1782362280.4582858,0.0021011829376220703
311238,normal,1082,0,1782362280.460174,0.001888275146484375
311239,normal,1888,0,1782362280.4621842,0.0020101070404052734
311240,normal,177,0,1782362280.4642844,0.002100229263305664
311241,normal,1603,0,1782362280.466174,0.0018894672393798828
311242,normal,2500,0,1782362280.468185,0.0020110607147216797
311243,normal,354,0,1782362280.4701886,0.0020036697387695312
311244,normal,2915,0,1782362280.4721754,0.0019867420196533203
311245,normal,1602,0,1782362280.4741828,0.0020074844360351562
311246,normal,837,2,1782362280.4762197,0.0020368099212646484
311247,normal,2162,0,1782362280.4781756,0.0019559860229492188
311248,normal,2010,0,1782362280.480184,0.0020084381103515625
311249,normal,1664,0,1782362280.482201,0.0020170211791992188
311250,normal,2951,0,1782362280.4841857,0.0019845962524414062
311251,normal,1140,0,1782362280.4861608,0.0019750595092773438
311252,normal,755,0,1782362280.4882152,0.002054452896118164
311253,normal,1336,1,1782362280.4901664,0.0019512176513671875
311254,normal,3643,0,1782362280.4921632,0.001996755599975586
311255,normal,3313,1,1782362280.4942157,0.0020525455474853516
311256,normal,1322,1,1782362280.4961607,0.0019450187683105469
311257,normal,3653,0,1782362280.4981627,0.0020020008087158203
311258,normal,511,0,1782362280.5002987,0.0021359920501708984
311259,normal,3613,0,1782362280.5021718,0.001873016357421875
311260,normal,2012,0,1782362280.504198,0.0020263195037841797
311261,normal,540,0,1782362280.5062397,0.0020415782928466797
311262,normal,2300,0,1782362280.5082648,0.002025127410888672
311263,normal,1482,0,1782362280.510304,0.002039194107055664
311264,normal,745,0,1782362280.5123742,0.002070188522338867
311265,normal,1103,0,1782362280.5142183,0.001844167709350586
311266,normal,2749,0,1782362280.5163484,0.0021300315856933594
311267,normal,2253,0,1782362280.5183747,0.0020263195037841797
311268,normal,2410,0,1782362280.5202208,0.0018460750579833984
311269,normal,2151,0,1782362280.5223496,0.0021288394927978516
311270,normal,3428,0,1782362280.5243793,0.0020296573638916016
311271,normal,190,0,1782362280.5262182,0.0018389225006103516
311272,normal,922,2,1782362280.5283482,0.0021300315856933594
311273,normal,186,0,1782362280.5303824,0.0020341873168945312
311274,normal,807,2,1782362280.5322266,0.001844167709350586
311275,normal,3181,1,1782362280.5343537,0.0021271705627441406
311276,normal,3240,1,1782362280.536382,0.002028226852416992
311277,normal,1253,0,1782362280.5382195,0.0018374919891357422
311278,normal,2177,0,1782362280.5403497,0.002130270004272461
311279,normal,1364,1,1782362280.5423877,0.0020380020141601562
311280,normal,1380,1,1782362280.5442216,0.0018339157104492188
311281,normal,3036,0,1782362280.5463514,0.002129793167114258
311282,normal,271,0,1782362280.5483866,0.0020351409912109375
311283,normal,3295,1,1782362280.5502183,0.0018317699432373047
311284,normal,1786,0,1782362280.5523474,0.002129077911376953
311285,normal,2929,0,1782362280.5543885,0.0020411014556884766
311286,normal,27,0,1782362280.5562184,0.0018298625946044922
311287,normal,1042,0,1782362280.5583508,0.002132415771484375
311288,normal,233,0,1782362280.5603921,0.002041339874267578
311289,normal,1547,0,1782362280.5622203,0.0018281936645507812
311290,normal,1258,0,1782362280.5643501,0.002129793167114258
311291,normal,596,0,1782362280.5663977,0.0020475387573242188
311292,normal,2808,0,1782362280.5682964,0.0018987655639648438
311293,normal,2697,0,1782362280.5703468,0.0020503997802734375
311294,normal,1648,0,1782362280.5724068,0.0020599365234375
311295,normal,1086,0,1782362280.5742211,0.0018143653869628906
311296,normal,1276,0,1782362280.5763514,0.002130270004272461
311297,normal,898,2,1782362280.578356,0.0020046234130859375
311298,normal,3272,1,1782362280.5802178,0.0018618106842041016
311299,normal,457,0,1782362280.5823476,0.002129793167114258
311300,normal,2395,0,1782362280.5844014,0.0020537376403808594
311301,normal,1362,1,1782362280.5862265,0.001825094223022461
311302,normal,3433,0,1782362280.5883515,0.0021250247955322266
311303,normal,2450,0,1782362280.590404,0.0020525455474853516
311304,normal,741,0,1782362280.5922196,0.0018155574798583984
311305,normal,288,0,1782362280.5943515,0.002131938934326172
311306,normal,1357,1,1782362280.5964055,0.002053976058959961
311307,normal,2819,0,1782362280.598174,0.0017685890197753906
311308,normal,1241,0,1782362280.6003447,0.002170562744140625
311309,normal,1034,0,1782362280.602411,0.002066373825073242
311310,normal,1292,0,1782362280.6042247,0.001813650131225586
311311,normal,2722,0,1782362280.6063502,0.0021255016326904297
311312,normal,64,0,1782362280.6084106,0.002060413360595703
311313,normal,3182,1,1782362280.6102285,0.001817941665649414
311314,normal,3166,1,1782362280.6123483,0.002119779586791992
311315,normal,893,2,1782362280.6144123,0.0020639896392822266
311316,normal,2465,0,1782362280.6162186,0.0018062591552734375
311317,normal,1827,0,1782362280.6183481,0.0021295547485351562
311318,normal,3534,0,1782362280.6204145,0.002066373825073242
311319,normal,3022,0,1782362280.62222,0.0018055438995361328
311320,normal,2626,0,1782362280.6243556,0.0021355152130126953
311321,normal,566,0,1782362280.6263428,0.0019872188568115234
311322,normal,3516,0,1782362280.6285515,0.002208709716796875
311323,normal,2552,0,1782362280.6306448,0.0020933151245117188
311324,normal,949,2,1782362280.6322508,0.001605987548828125
311325,normal,1567,0,1782362280.6342642,0.0020134449005126953
311326,normal,1165,0,1782362280.636361,0.0020966529846191406
311327,normal,2917,0,1782362280.6383893,0.0020284652709960938
311328,normal,2085,0,1782362280.640431,0.0020415782928466797
311329,normal,1719,0,1782362280.6424596,0.0020287036895751953
311330,normal,3436,0,1782362280.6445296,0.0020699501037597656
311331,normal,2383,0,1782362280.6462467,0.0017170906066894531
311332,normal,346,0,1782362280.648487,0.002240419387817383
311333,normal,1389,0,1782362280.6504858,0.0019986629486083984
311334,normal,1732,0,1782362280.652265,0.001779317855834961
311335,normal,2974,0,1782362280.6543133,0.0020482540130615234
311336,normal,156,0,1782362280.6563575,0.002044200897216797
311337,normal,2283,0,1782362280.6582177,0.0018601417541503906
311338,normal,725,0,1782362280.6602988,0.002081155776977539
311339,normal,3169,1,1782362280.6623485,0.002049684524536133
311340,normal,2591,0,1782362280.6642632,0.0019147396087646484
311341,normal,2020,0,1782362280.6663024,0.002039194107055664
311342,normal,2706,0,1782362280.668347,0.0020444393157958984
311343,normal,3325,1,1782362280.670259,0.0019121170043945312
311344,normal,3696,0,1782362280.672303,0.0020439624786376953
311345,normal,3124,1,1782362280.6744325,0.0021295547485351562
311346,normal,1693,0,1782362280.6762123,0.001779794692993164
311347,normal,799,2,1782362280.6782665,0.0020542144775390625
311348,normal,2128,0,1782362280.6802363,0.0019698143005371094
311349,normal,2390,0,1782362280.68221,0.0019736289978027344
311350,normal,358,0,1782362280.6842268,0.002016782760620117
311351,normal,560,0,1782362280.6862278,0.002001047134399414
311352,normal,247,0,1782362280.6882145,0.0019867420196533203
311353,normal,676,0,1782362280.6902256,0.0020110607147216797
311354,normal,2628,0,1782362280.692269,0.002043485641479492
311355,normal,1926,0,1782362280.6942098,0.0019407272338867188
311356,normal,2847,0,1782362280.6962125,0.002002716064453125
311357,normal,26,0,1782362280.6982703,0.002057790756225586
311358,normal,2551,0,1782362280.7001643,0.0018939971923828125
311359,normal,503,0,1782362280.702219,0.0020546913146972656
311360,normal,1792,0,1782362280.7042258,0.0020067691802978516
311361,normal,1623,0,1782362280.7061608,0.0019350051879882812
311362,normal,75,0,1782362280.7082129,0.0020520687103271484
311363,normal,1112,0,1782362280.7102253,0.002012491226196289
311364,normal,913,2,1782362280.712163,0.0019376277923583984
311365,normal,3241,1,1782362280.714214,0.002051115036010742
311366,normal,1489,0,1782362280.7162244,0.002010345458984375
311367,normal,370,0,1782362280.7181613,0.0019369125366210938
311368,normal,1878,0,1782362280.720213,0.0020515918731689453
311369,normal,2548,0,1782362280.722212,0.0019991397857666016
311370,normal,3552,0,1782362280.7241635,0.001951456069946289
311371,normal,3216,1,1782362280.7262242,0.0020606517791748047
311372,normal,3149,1,1782362280.7282352,0.0020110607147216797
311373,normal,2447,0,1782362280.730162,0.0019266605377197266
311374,normal,646,0,1782362280.7322197,0.002057790756225586
311375,normal,3219,1,1782362280.7342262,0.00200653076171875
311376,normal,65,0,1782362280.7361622,0.0019359588623046875
311377,normal,2522,0,1782362280.738187,0.0020248889923095703
311378,normal,3391,1,1782362280.7401872,0.002000093460083008
311379,normal,2111,0,1782362280.742205,0.0020177364349365234
311380,normal,1537,0,1782362280.744183,0.001978158950805664
311381,normal,3673,0,1782362280.7462275,0.0020444393157958984
311382,normal,1899,0,1782362280.7481618,0.0019342899322509766
311383,normal,3665,0,1782362280.7502253,0.0020635128021240234
311384,normal,1835,0,1782362280.752182,0.0019567012786865234
311385,normal,2833,0,1782362280.7542045,0.0020225048065185547
311386,normal,2954,0,1782362280.7561822,0.001977682113647461
311387,normal,63,0,1782362280.758227,0.0020449161529541016
311388,normal,543,0,1782362280.7601612,0.001934051513671875
311389,normal,2334,0,1782362280.7622125,0.0020513534545898438
311390,normal,982,2,1782362280.7642667,0.0020542144775390625
311391,normal,3562,0,1782362280.7661679,0.0019011497497558594
311392,normal,2385,0,1782362280.7682135,0.0020456314086914062
311393,normal,1083,0,1782362280.770225,0.002011537551879883
311394,normal,1767,0,1782362280.7721596,0.0019345283508300781
311395,normal,3423,0,1782362280.774211,0.0020513534545898438
311396,normal,2784,0,1782362280.776279,0.002068042755126953
311397,normal,1714,0,1782362280.7781653,0.0018863677978515625
311398,normal,1672,0,1782362280.780268,0.0021026134490966797
311399,normal,1809,0,1782362280.782224,0.0019559860229492188
311400,normal,2181,0,1782362280.7842066,0.0019826889038085938
311401,normal,1743,0,1782362280.786223,0.002016305923461914
311402,normal,844,2,1782362280.7882667,0.0020437240600585938
311403,normal,2137,0,1782362280.7902038,0.0019371509552001953
311404,normal,796,2,1782362280.7923021,0.0020983219146728516
311405,normal,2752,0,1782362280.7942505,0.0019483566284179688
311406,normal,542,0,1782362280.7962139,0.001963376998901367
311407,normal,2102,0,1782362280.7982402,0.0020263195037841797
311408,normal,3188,1,1782362280.8002489,0.002008676528930664
311409,normal,3104,1,1782362280.802207,0.001958131790161133
311410,normal,3279,1,1782362280.8042576,0.002050638198852539
311411,normal,1960,0,1782362280.80624,0.001982450485229492
311412,normal,3584,0,1782362280.8082032,0.0019631385803222656
311413,normal,2540,0,1782362280.810226,0.0020227432250976562
311414,normal,927,2,1782362280.8122258,0.0019998550415039062
311415,normal,1771,0,1782362280.814159,0.0019330978393554688
311416,normal,548,0,1782362280.8162076,0.0020487308502197266
311417,normal,971,2,1782362280.8182628,0.0020551681518554688
311418,normal,3664,0,1782362280.8201606,0.0018978118896484375
311419,normal,1639,0,1782362280.8222551,0.0020945072174072266
311420,normal,605,0,1782362280.8242228,0.0019676685333251953
311421,normal,3587,0,1782362280.8262017,0.0019788742065429688
311422,normal,319,0,1782362280.828223,0.002021312713623047
311423,normal,1065,0,1782362280.8302643,0.002041339874267578
311424,normal,516,0,1782362280.8321602,0.001895904541015625
311425,normal,1824,0,1782362280.8342557,0.002095460891723633
311426,normal,1620,0,1782362280.8361804,0.001924753189086914
311427,normal,2221,0,1782362280.838199,0.002018451690673828
311428,normal,967,2,1782362280.8402083,0.0020093917846679688
311429,normal,2643,0,1782362280.842261,0.002052783966064453
311430,normal,257,0,1782362280.8441675,0.0019063949584960938
311431,normal,283,0,1782362280.8462105,0.002043008804321289
311432,normal,3208,1,1782362280.8482623,0.002051830291748047
311433,normal,2904,0,1782362280.850159,0.0018966197967529297
311434,normal,3350,1,1782362280.8522515,0.002092599868774414
311435,normal,1461,0,1782362280.854223,0.0019714832305908203
311436,normal,1765,0,1782362280.8562016,0.001978635787963867
311437,normal,1917,0,1782362280.8581982,0.0019965171813964844
311438,normal,1197,0,1782362280.8602738,0.002075672149658203
311439,normal,1911,0,1782362280.8621614,0.0018875598907470703
311440,normal,856,2,1782362280.864254,0.002092599868774414
311441,normal,396,0,1782362280.866188,0.001934051513671875
311442,normal,3641,0,1782362280.868211,0.002022981643676758
311443,normal,2099,0,1782362280.8702106,0.0019996166229248047
311444,normal,2944,0,1782362280.8722222,0.002011537551879883
311445,normal,1921,0,1782362280.8742008,0.001978635787963867
311446,normal,2145,0,1782362280.8761828,0.001981973648071289
311447,normal,2867,0,1782362280.8781886,0.0020058155059814453
311448,normal,1321,1,1782362280.8802547,0.0020661354064941406
311449,normal,2043,0,1782362280.8821795,0.001924753189086914
311450,normal,1508,0,1782362280.8842742,0.002094745635986328
311451,normal,2480,0,1782362280.8861606,0.0018863677978515625
311452,normal,3030,0,1782362280.888254,0.0020933151245117188
311453,normal,1006,2,1782362280.890224,0.001970052719116211
311454,normal,628,0,1782362280.8922002,0.0019762516021728516
311455,normal,987,2,1782362280.8942196,0.0020194053649902344
311456,normal,3148,1,1782362280.8962615,0.0020418167114257812
311457,normal,410,0,1782362280.8981593,0.0018978118896484375
311458,normal,1515,0,1782362280.9002542,0.0020949840545654297
311459,normal,2633,0,1782362280.9022236,0.0019693374633789062
311460,normal,1852,0,1782362280.9042006,0.0019769668579101562
311461,normal,899,2,1782362280.9061806,0.0019800662994384766
311462,normal,609,0,1782362280.908261,0.0020804405212402344
311463,normal,1229,0,1782362280.9101596,0.0018985271453857422
311464,normal,2419,0,1782362280.912258,0.0020983219146728516
311465,normal,1568,0,1782362280.91422,0.0019621849060058594
311466,normal,350,0,1782362280.9162002,0.0019800662994384766
311467,normal,2509,0,1782362280.9182203,0.002020120620727539
311468,normal,202,0,1782362280.9202936,0.0020732879638671875
311469,normal,739,0,1782362280.9222162,0.001922607421875
311470,normal,2646,0,1782362280.9241838,0.0019676685333251953
311471,normal,24,0,1782362280.9262245,0.0020406246185302734
311472,normal,534,0,1782362280.9282033,0.0019788742065429688
311473,normal,2945,0,1782362280.9302237,0.0020203590393066406
311474,normal,3013,0,1782362280.9322665,0.0020427703857421875
311475,normal,335,0,1782362280.9341598,0.0018932819366455078
311476,normal,990,2,1782362280.936212,0.00205230712890625
311477,normal,2909,0,1782362280.9382246,0.002012491226196289
311478,normal,29,0,1782362280.9401596,0.0019350051879882812
311479,normal,289,0,1782362280.9422097,0.002050161361694336
311480,normal,1343,1,1782362280.9442267,0.0020170211791992188
311481,normal,3050,1,1782362280.9461598,0.0019330978393554688
311482,normal,3256,1,1782362280.948214,0.0020542144775390625
311483,normal,1589,0,1782362280.9502692,0.0020551681518554688
311484,normal,1494,0,1782362280.9521606,0.0018913745880126953
311485,normal,3095,1,1782362280.9541783,0.0020177364349365234
311486,normal,205,0,1782362280.956265,0.002086639404296875
311487,normal,1965,0,1782362280.9581604,0.0018954277038574219
311488,normal,3224,1,1782362280.9602096,0.0020492076873779297
311489,normal,790,2,1782362280.9622738,0.002064228057861328
311490,normal,3253,1,1782362280.9641604,0.001886606216430664
311491,normal,1947,0,1782362280.9662092,0.0020487308502197266
311492,normal,519,0,1782362280.9682639,0.0020546913146972656
311493,normal,2225,0,1782362280.9701607,0.0018968582153320312
311494,normal,2203,0,1782362280.972209,0.0020482540130615234
311495,normal,1632,0,1782362280.9742625,0.002053499221801758
311496,normal,2862,0,1782362280.976174,0.0019116401672363281
311497,normal,3371,1,1782362280.9782228,0.0020487308502197266
311498,normal,481,0,1782362280.9802227,0.0019998550415039062
311499,normal,2872,0,1782362280.9822035,0.0019807815551757812
311500,normal,3100,1,1782362280.9842548,0.0020513534545898438
311501,normal,1015,2,1782362280.9862623,0.0020074844360351562
311502,normal,1631,0,1782362280.9882052,0.0019428730010986328
311503,normal,1005,2,1782362280.990182,0.0019767284393310547
311504,normal,1398,0,1782362280.9922655,0.0020835399627685547
311505,normal,1983,0,1782362280.9941647,0.0018992424011230469
311506,normal,3360,1,1782362280.9962556,0.002090930938720703
311507,normal,2470,0,1782362280.998182,0.001926422119140625
311508,normal,3556,0,1782362281.0002112,0.0020291805267333984
311509,normal,1054,0,1782362281.0022175,0.0020062923431396484
311510,normal,3031,0,1782362281.0042224,0.002004861831665039
311511,normal,2514,0,1782362281.0061593,0.0019369125366210938
311512,normal,2711,0,1782362281.008208,0.0020487308502197266
311513,normal,1554,0,1782362281.0102212,0.0020132064819335938
311514,normal,99,0,1782362281.0121582,0.0019369125366210938
311515,normal,53,0,1782362281.0142095,0.0020513534545898438
311516,normal,995,2,1782362281.01622,0.0020105838775634766
311517,normal,2105,0,1782362281.0181587,0.0019385814666748047
311518,normal,1081,0,1782362281.0202096,0.0020508766174316406
311519,normal,610,0,1782362281.0222206,0.0020110607147216797
311520,normal,2182,0,1782362281.0241594,0.0019388198852539062
311521,normal,3509,0,1782362281.026206,0.0020465850830078125
311522,normal,3632,0,1782362281.0282607,0.0020546913146972656
311523,normal,3264,1,1782362281.0301614,0.0019006729125976562
311524,normal,3037,0,1782362281.0322185,0.0020570755004882812
311525,normal,3590,0,1782362281.0342193,0.0020008087158203125
311526,normal,2850,0,1782362281.0361578,0.0019385814666748047
311527,normal,2992,0,1782362281.0382075,0.002049684524536133
311528,normal,2848,0,1782362281.040273,0.002065420150756836
311529,normal,440,0,1782362281.0421593,0.0018863677978515625
311530,normal,1703,0,1782362281.0442083,0.002048969268798828
311531,normal,2676,0,1782362281.0462642,0.0020558834075927734
311532,normal,1622,0,1782362281.048159,0.0018947124481201172
311533,normal,2708,0,1782362281.050252,0.002093076705932617
311534,normal,3542,0,1782362281.0522273,0.0019752979278564453
311535,normal,1683,0,1782362281.054201,0.0019736289978027344
311536,normal,1353,1,1782362281.0562506,0.002049684524536133
311537,normal,265,0,1782362281.0582206,0.001970052719116211
311538,normal,1460,0,1782362281.0602007,0.0019800662994384766
311539,normal,2547,0,1782362281.0622873,0.002086639404296875
311540,normal,3297,1,1782362281.0642524,0.001965045928955078
311541,normal,828,2,1782362281.066217,0.001964569091796875
311542,normal,1181,0,1782362281.0682504,0.0020334720611572266
311543,normal,1495,0,1782362281.0703616,0.002111196517944336
311544,normal,1340,1,1782362281.0722296,0.0018680095672607422
311545,normal,1264,0,1782362281.074251,0.002021312713623047
311546,normal,3422,0,1782362281.076406,0.0021550655364990234
311547,normal,369,0,1782362281.0782049,0.001798868179321289
311548,normal,588,0,1782362281.0802512,0.002046346664428711
311549,normal,2592,0,1782362281.0824037,0.0021524429321289062
311550,normal,1963,0,1782362281.0842342,0.0018305778503417969
311551,normal,1577,0,1782362281.086208,0.001973867416381836
311552,normal,1615,0,1782362281.0884314,0.0022232532501220703
311553,normal,3420,0,1782362281.090189,0.0017576217651367188
311554,normal,1213,0,1782362281.0922506,0.002061605453491211
311555,normal,2153,0,1782362281.094371,0.002120494842529297
311556,normal,66,0,1782362281.0962532,0.0018820762634277344
311557,normal,3636,0,1782362281.0982962,0.002043008804321289
311558,normal,194,0,1782362281.1002514,0.001955270767211914
311559,normal,3135,1,1782362281.1022425,0.0019910335540771484
311560,normal,2696,0,1782362281.104296,0.002053499221801758
311561,normal,1433,0,1782362281.1063764,0.0020804405212402344
311562,normal,2928,0,1782362281.1082413,0.0018649101257324219
311563,normal,3126,1,1782362281.1103501,0.0021088123321533203
311564,normal,1592,0,1782362281.1123793,0.0020291805267333984
311565,normal,1166,0,1782362281.1142464,0.001867055892944336
311566,normal,786,2,1782362281.116296,0.002049684524536133
311567,normal,2726,0,1782362281.118391,0.0020949840545654297
311568,normal,1329,1,1782362281.120247,0.0018558502197265625
311569,normal,2226,0,1782362281.1222997,0.002052783966064453
311570,normal,3197,1,1782362281.124387,0.0020873546600341797
311571,normal,1791,0,1782362281.1262398,0.0018527507781982422
311572,normal,2305,0,1782362281.1283054,0.0020656585693359375
311573,normal,2267,0,1782362281.1303868,0.0020813941955566406
311574,normal,268,0,1782362281.1322446,0.001857757568359375
311575,normal,328,0,1782362281.1342971,0.0020525455474853516
311576,normal,2180,0,1782362281.1363876,0.0020904541015625
311577,normal,2939,0,1782362281.1382174,0.0018298625946044922
311578,normal,2845,0,1782362281.1402576,0.0020401477813720703
311579,normal,3400,1,1782362281.1423893,0.0021317005157470703
311580,normal,2725,0,1782362281.1442153,0.0018260478973388672
311581,normal,2204,0,1782362281.1462576,0.0020422935485839844
311582,normal,1115,0,1782362281.148391,0.0021333694458007812
311583,normal,371,0,1782362281.1502206,0.0018296241760253906
311584,normal,2250,0,1782362281.1522298,0.002009153366088867
311585,normal,2271,0,1782362281.154229,0.0019991397857666016
311586,normal,3476,0,1782362281.1562076,0.001978635787963867
311587,normal,1099,0,1782362281.1582227,0.0020151138305664062
311588,normal,2122,0,1782362281.1602638,0.0020411014556884766
311589,normal,882,2,1782362281.1621606,0.0018968582153320312
311590,normal,353,0,1782362281.1642594,0.0020987987518310547
311591,normal,985,2,1782362281.1662226,0.0019631385803222656
311592,normal,900,2,1782362281.168201,0.0019783973693847656
311593,normal,647,0,1782362281.1702206,0.002019643783569336
311594,normal,2231,0,1782362281.172263,0.0020422935485839844
311595,normal,168,0,1782362281.1741614,0.0018985271453857422
311596,normal,2322,0,1782362281.17627,0.0021085739135742188
311597,normal,3376,1,1782362281.1782224,0.0019524097442626953
311598,normal,3537,0,1782362281.1802032,0.0019807815551757812
311599,normal,1436,0,1782362281.1822667,0.0020635128021240234
311600,normal,928,2,1782362281.184253,0.001986265182495117
311601,normal,474,0,1782362281.1862059,0.0019528865814208984
311602,normal,1966,0,1782362281.1882257,0.0020198822021484375
311603,normal,2021,0,1782362281.1902623,0.002036571502685547
311604,normal,925,2,1782362281.1923935,0.002131223678588867
311605,normal,2834,0,1782362281.1943011,0.0019075870513916016
311606,normal,3609,0,1782362281.196365,0.0020639896392822266
311607,normal,333,0,1782362281.1983821,0.0020170211791992188
311608,normal,2175,0,1782362281.200304,0.0019218921661376953
311609,normal,198,0,1782362281.202369,0.002064943313598633
311610,normal,2461,0,1782362281.2043896,0.002020597457885742
311611,normal,2478,0,1782362281.2063036,0.0019140243530273438
311612,normal,729,0,1782362281.2083685,0.002064943313598633
311613,normal,3321,1,1782362281.210419,0.0020503997802734375
311614,normal,792,2,1782362281.212386,0.0019669532775878906
311615,normal,661,0,1782362281.214402,0.0020160675048828125
311616,normal,2054,0,1782362281.216424,0.0020220279693603516
311617,normal,425,0,1782362281.2182403,0.0018162727355957031
311618,normal,1780,0,1782362281.2203732,0.002132892608642578
311619,normal,701,0,1782362281.2223828,0.0020096302032470703
311620,normal,3328,1,1782362281.2242959,0.0019130706787109375
311621,normal,129,0,1782362281.2263513,0.0020554065704345703
311622,normal,172,0,1782362281.2285802,0.002228975296020508
311623,normal,2899,0,1782362281.2303004,0.0017201900482177734
311624,normal,2625,0,1782362281.2323427,0.0020422935485839844
311625,normal,651,0,1782362281.2342672,0.0019245147705078125
311626,normal,2763,0,1782362281.2363036,0.0020363330841064453
311627,normal,2533,0,1782362281.238347,0.002043485641479492
311628,normal,595,0,1782362281.2402556,0.0019085407257080078
311629,normal,1311,0,1782362281.2422016,0.0019459724426269531
311630,normal,2730,0,1782362281.2443807,0.0021791458129882812
311631,normal,770,0,1782362281.2462115,0.0018308162689208984
311632,normal,1079,0,1782362281.2483172,0.002105712890625
311633,normal,1203,0,1782362281.2503488,0.002031564712524414
311634,normal,3380,1,1782362281.2522545,0.001905679702758789
311635,normal,1930,0,1782362281.2542918,0.0020372867584228516
311636,normal,904,2,1782362281.2563453,0.002053499221801758
311637,normal,2196,0,1782362281.2582521,0.0019068717956542969
311638,normal,307,0,1782362281.260304,0.002051830291748047
311639,normal,708,0,1782362281.262344,0.0020399093627929688
311640,normal,3189,1,1782362281.2642546,0.0019106864929199219
311641,normal,1351,1,1782362281.2662113,0.0019567012786865234
311642,normal,722,0,1782362281.2683816,0.0021703243255615234
311643,normal,759,0,1782362281.270214,0.0018324851989746094
311644,normal,3496,0,1782362281.272304,0.002089977264404297
311645,normal,1612,0,1782362281.2743955,0.0020914077758789062
311646,normal,2391,0,1782362281.276229,0.0018334388732910156
311647,normal,1451,0,1782362281.278214,0.0019850730895996094
311648,normal,2922,0,1782362281.2803822,0.0021681785583496094
311649,normal,867,2,1782362281.2821891,0.0018069744110107422
311650,normal,3367,1,1782362281.2842083,0.002019166946411133
311651,normal,1374,1,1782362281.2863822,0.002173900604248047
311652,normal,772,2,1782362281.2882104,0.0018281936645507812
311653,normal,1003,2,1782362281.2902904,0.0020799636840820312
311654,normal,143,0,1782362281.2923956,0.002105236053466797
311655,normal,1807,0,1782362281.2942529,0.0018572807312011719
311656,normal,3627,0,1782362281.2962081,0.001955270767211914
311657,normal,3213,1,1782362281.2983959,0.0021877288818359375
311658,normal,3451,0,1782362281.30019,0.0017940998077392578
311659,normal,781,2,1782362281.3022091,0.002019166946411133
311660,normal,470,0,1782362281.3044438,0.0022346973419189453
311661,normal,393,0,1782362281.3061883,0.0017445087432861328
311662,normal,2655,0,1782362281.30821,0.0020215511322021484
311663,normal,3076,1,1782362281.310446,0.0022361278533935547
311664,normal,707,0,1782362281.3121953,0.001749277114868164
311665,normal,2760,0,1782362281.3142092,0.0020139217376708984
311666,normal,1230,0,1782362281.316453,0.0022437572479248047
311667,normal,1613,0,1782362281.318193,0.0017399787902832031
311668,normal,600,0,1782362281.3203523,0.0021593570709228516
311669,normal,447,0,1782362281.3224058,0.002053499221801758
311670,normal,1417,0,1782362281.324253,0.0018472671508789062
311671,normal,2129,0,1782362281.3263829,0.002129793167114258
311672,normal,1235,0,1782362281.3282676,0.0018846988677978516
311673,normal,2518,0,1782362281.330224,0.001956462860107422
311674,normal,537,0,1782362281.3322878,0.002063751220703125
311675,normal,213,0,1782362281.3342633,0.001975536346435547
311676,normal,1463,0,1782362281.336221,0.0019576549530029297
311677,normal,1310,0,1782362281.3382332,0.0020122528076171875
311678,normal,3134,1,1782362281.340204,0.0019707679748535156
311679,normal,3043,0,1782362281.3422203,0.002016305923461914
311680,normal,161,0,1782362281.3442295,0.002009153366088867
311681,normal,1816,0,1782362281.3461998,0.0019702911376953125
311682,normal,1585,0,1782362281.348174,0.001974344253540039
311683,normal,2519,0,1782362281.3503842,0.0022101402282714844
311684,normal,1377,1,1782362281.3522623,0.0018780231475830078
311685,normal,1690,0,1782362281.3543773,0.002115011215209961
311686,normal,874,2,1782362281.3562183,0.0018410682678222656
311687,normal,399,0,1782362281.358413,0.002194643020629883
311688,normal,2423,0,1782362281.3603437,0.0019307136535644531
311689,normal,1578,0,1782362281.3622108,0.001867055892944336
311690,normal,1734,0,1782362281.3644087,0.0021979808807373047
311691,normal,1785,0,1782362281.3664048,0.0019960403442382812
311692,normal,73,0,1782362281.3682256,0.0018208026885986328
311693,normal,1013,2,1782362281.3702326,0.002007007598876953
311694,normal,1200,0,1782362281.3723822,0.0021495819091796875
311695,normal,551,0,1782362281.3742168,0.0018346309661865234
311696,normal,1378,1,1782362281.3763423,0.0021255016326904297
311697,normal,3177,1,1782362281.3783736,0.0020313262939453125
311698,normal,1344,1,1782362281.3804626,0.0020890235900878906
311699,normal,2000,0,1782362281.382277,0.0018143653869628906
311700,normal,2314,0,1782362281.3845465,0.0022695064544677734
311701,normal,2087,0,1782362281.386243,0.0016965866088867188
311702,normal,330,0,1782362281.3885393,0.0022962093353271484
311703,normal,2966,0,1782362281.39025,0.001710653305053711
311704,normal,3602,0,1782362281.392624,0.002373933792114258
311705,normal,1186,0,1782362281.394477,0.0018529891967773438
311706,normal,2237,0,1782362281.3964226,0.0019457340240478516
311707,normal,373,0,1782362281.3983815,0.0019588470458984375
311708,normal,1689,0,1782362281.4004748,0.0020933151245117188
311709,normal,2475,0,1782362281.4024265,0.0019516944885253906
311710,normal,1684,0,1782362281.4043791,0.0019526481628417969
311711,normal,2669,0,1782362281.4064982,0.0021190643310546875
311712,normal,643,0,1782362281.408422,0.0019237995147705078
311713,normal,3369,1,1782362281.4102428,0.0018208026885986328
311714,normal,2996,0,1782362281.4123974,0.0021545886993408203
311715,normal,3077,1,1782362281.4143844,0.001986980438232422
311716,normal,324,0,1782362281.4163518,0.0019674301147460938
311717,normal,3358,1,1782362281.4183567,0.002004861831665039
311718,normal,3128,1,1782362281.4202607,0.0019040107727050781
311719,normal,2324,0,1782362281.4223487,0.0020880699157714844
311720,normal,2624,0,1782362281.4243534,0.0020046234130859375
311721,normal,3582,0,1782362281.4262142,0.0018608570098876953
311722,normal,32,0,1782362281.428397,0.0021827220916748047
311723,normal,3429,0,1782362281.430372,0.0019750595092773438
311724,normal,568,0,1782362281.4322586,0.001886606216430664
311725,normal,3652,0,1782362281.4343455,0.0020868778228759766
311726,normal,2431,0,1782362281.4363563,0.002010822296142578
311727,normal,2649,0,1782362281.4382586,0.0019023418426513672
311728,normal,2609,0,1782362281.440347,0.002088308334350586
311729,normal,1709,0,1782362281.442363,0.0020160675048828125
311730,normal,1142,0,1782362281.4442582,0.0018951892852783203
311731,normal,1938,0,1782362281.4463446,0.0020864009857177734
311732,normal,694,0,1782362281.4483688,0.0020241737365722656
311733,normal,1271,0,1782362281.4502594,0.0018906593322753906
311734,normal,3303,1,1782362281.4523435,0.002084016799926758
311735,normal,1312,0,1782362281.4542785,0.0019350051879882812
311736,normal,1837,0,1782362281.4563842,0.002105712890625
311737,normal,1777,0,1782362281.4582174,0.001833200454711914
311738,normal,2281,0,1782362281.4602509,0.0020334720611572266
311739,normal,1636,0,1782362281.4623587,0.002107858657836914
311740,normal,2278,0,1782362281.4642148,0.001856088638305664
311741,normal,1565,0,1782362281.4662042,0.0019893646240234375
311742,normal,1369,1,1782362281.4682415,0.0020372867584228516
311743,normal,3018,0,1782362281.470148,0.0019066333770751953
311744,normal,229,0,1782362281.4721951,0.0020470619201660156
311745,normal,3657,0,1782362281.474195,0.0019998550415039062
311746,normal,1044,0,1782362281.4761605,0.0019655227661132812
311747,normal,878,2,1782362281.4782073,0.002046823501586914
311748,normal,1694,0,1782362281.4801915,0.001984119415283203
311749,normal,2805,0,1782362281.48216,0.0019686222076416016
311750,normal,1462,0,1782362281.484191,0.0020308494567871094
311751,normal,1493,0,1782362281.4862056,0.002014636993408203
311752,normal,2459,0,1782362281.4881577,0.0019521713256835938
311753,normal,1187,0,1782362281.4902968,0.0021390914916992188
311754,normal,2295,0,1782362281.4921596,0.0018627643585205078
311755,normal,3365,1,1782362281.494163,0.0020034313201904297
311756,normal,2252,0,1782362281.4961977,0.0020346641540527344
311757,normal,838,2,1782362281.4981937,0.0019960403442382812
311758,normal,54,0,1782362281.5001595,0.001965761184692383
311759,normal,642,0,1782362281.502191,0.002031564712524414
311760,normal,1626,0,1782362281.5041976,0.00200653076171875
311761,normal,2143,0,1782362281.5061607,0.0019631385803222656
311762,normal,2435,0,1782362281.5082917,0.0021309852600097656
311763,normal,2244,0,1782362281.5101602,0.0018684864044189453
311764,normal,3615,0,1782362281.5121615,0.0020012855529785156
311765,normal,1035,0,1782362281.514191,0.0020294189453125
311766,normal,2713,0,1782362281.5161977,0.0020067691802978516
311767,normal,843,2,1782362281.5181577,0.0019600391387939453
311768,normal,1778,0,1782362281.5201604,0.002002716064453125
311769,normal,8,0,1782362281.5221903,0.002029895782470703
311770,normal,3102,1,1782362281.524159,0.0019686222076416016
311771,normal,2746,0,1782362281.5261607,0.0020017623901367188
311772,normal,461,0,1782362281.528188,0.002027273178100586
311773,normal,3497,0,1782362281.5301619,0.001973867416381836
311774,normal,195,0,1782362281.532192,0.0020301342010498047
311775,normal,2927,0,1782362281.5341916,0.0019996166229248047
311776,normal,1030,0,1782362281.5361588,0.001967191696166992
311777,normal,327,0,1782362281.538201,0.0020422935485839844
311778,normal,391,0,1782362281.5401895,0.0019884109497070312
311779,normal,1251,0,1782362281.5421574,0.001967906951904297
311780,normal,1550,0,1782362281.5441928,0.002035379409790039
311781,normal,1919,0,1782362281.5461981,0.002005338668823242
311782,normal,810,2,1782362281.5481608,0.0019626617431640625
311783,normal,3206,1,1782362281.5501947,0.0020339488983154297
311784,normal,1606,0,1782362281.5521932,0.001998424530029297
311785,normal,3493,0,1782362281.5541613,0.0019681453704833984
311786,normal,1418,0,1782362281.5561929,0.002031564712524414
311787,normal,2600,0,1782362281.5581949,0.0020020008087158203
311788,normal,972,2,1782362281.560161,0.001966238021850586
311789,normal,501,0,1782362281.5621924,0.0020313262939453125
311790,normal,2701,0,1782362281.5641901,0.001997709274291992
311791,normal,854,2,1782362281.566158,0.001967906951904297
311792,normal,1595,0,1782362281.5681915,0.0020334720611572266
311793,normal,2067,0,1782362281.5701902,0.0019986629486083984
311794,normal,2535,0,1782362281.5721612,0.001971006393432617
311795,normal,2216,0,1782362281.5742884,0.0021271705627441406
311796,normal,252,0,1782362281.576161,0.0018725395202636719
311797,normal,2341,0,1782362281.578159,0.0019981861114501953
311798,normal,2564,0,1782362281.580193,0.0020339488983154297
311799,normal,2667,0,1782362281.5821881,0.001995086669921875
311800,normal,332,0,1782362281.584161,0.0019729137420654297
311801,normal,552,0,1782362281.5861988,0.0020377635955810547
311802,normal,3234,1,1782362281.5881908,0.0019919872283935547
311803,normal,2427,0,1782362281.5901592,0.0019683837890625
311804,normal,2062,0,1782362281.5921981,0.0020389556884765625
311805,normal,2705,0,1782362281.5941923,0.0019941329956054688
311806,normal,1429,0,1782362281.596158,0.001965761184692383
311807,normal,1819,0,1782362281.5981927,0.0020346641540527344
311808,normal,1670,0,1782362281.6002114,0.0020186901092529297
311809,normal,3533,0,1782362281.602165,0.001953601837158203
311810,normal,906,2,1782362281.6041946,0.0020296573638916016
311811,normal,2923,0,1782362281.6062,0.002005338668823242
311812,normal,2611,0,1782362281.6081614,0.0019614696502685547
311813,normal,238,0,1782362281.610192,0.002030611038208008
311814,normal,522,0,1782362281.6121926,0.002000570297241211
311815,normal,992,2,1782362281.6141613,0.0019686222076416016
311816,normal,2413,0,1782362281.6161916,0.0020303726196289062
311817,normal,1759,0,1782362281.6181884,0.001996755599975586
311818,normal,1183,0,1782362281.620162,0.0019736289978027344
311819,normal,2795,0,1782362281.6221943,0.0020322799682617188
311820,normal,1173,0,1782362281.624204,0.0020096302032470703
311821,normal,402,0,1782362281.6261609,0.001956939697265625
311822,normal,1671,0,1782362281.628189,0.002028226852416992
311823,normal,2107,0,1782362281.630626,0.0024368762969970703
311824,normal,1361,1,1782362281.6322029,0.0015769004821777344
311825,normal,3701,0,1782362281.6342623,0.002059459686279297
311826,normal,1295,0,1782362281.636149,0.001886606216430664
311827,normal,1857,0,1782362281.6381373,0.0019884109497070312
311828,normal,477,0,1782362281.6401944,0.0020570755004882812
311829,normal,2371,0,1782362281.6421368,0.0019423961639404297
311830,normal,435,0,1782362281.644135,0.0019981861114501953
311831,normal,2178,0,1782362281.6461887,0.0020537376403808594
311832,normal,842,2,1782362281.6481366,0.0019478797912597656
311833,normal,1949,0,1782362281.6501336,0.0019969940185546875
311834,normal,3483,0,1782362281.6521926,0.0020589828491210938
311835,normal,2865,0,1782362281.654137,0.0019443035125732422
311836,normal,1427,0,1782362281.656134,0.0019969940185546875
311837,normal,705,0,1782362281.658192,0.0020580291748046875
311838,normal,2272,0,1782362281.660136,0.0019440650939941406
311839,normal,1880,0,1782362281.6621358,0.0019998550415039062
311840,normal,1424,0,1782362281.6643596,0.0022237300872802734
311841,normal,3227,1,1782362281.6661892,0.0018296241760253906
311842,normal,1735,0,1782362281.6681364,0.001947164535522461
311843,normal,34,0,1782362281.6701949,0.0020585060119628906
311844,normal,3347,1,1782362281.6721363,0.0019414424896240234
311845,normal,1655,0,1782362281.6741347,0.001998424530029297
311846,normal,1404,0,1782362281.676186,0.0020513534545898438
311847,normal,1011,2,1782362281.6781352,0.0019490718841552734
311848,normal,267,0,1782362281.680134,0.0019989013671875
311849,normal,2006,0,1782362281.6821876,0.002053499221801758
311850,normal,2723,0,1782362281.6841333,0.0019457340240478516
311851,normal,2837,0,1782362281.6861362,0.0020029544830322266
311852,normal,580,0,1782362281.6881838,0.0020475387573242188
311853,normal,942,2,1782362281.6901352,0.001951456069946289
311854,normal,569,0,1782362281.6921465,0.0020112991333007812
311855,normal,832,2,1782362281.6941786,0.002032041549682617
311856,normal,2580,0,1782362281.6961782,0.0019996166229248047
311857,normal,3298,1,1782362281.6981368,0.001958608627319336
311858,normal,381,0,1782362281.7001867,0.0020499229431152344
311859,normal,3551,0,1782362281.7021446,0.0019578933715820312
311860,normal,1212,0,1782362281.7041328,0.0019881725311279297
311861,normal,2648,0,1782362281.706188,0.0020551681518554688
311862,normal,2275,0,1782362281.7081332,0.0019452571868896484
311863,normal,1254,0,1782362281.7101355,0.002002239227294922
311864,normal,2693,0,1782362281.7121863,0.0020508766174316406
311865,normal,3330,1,1782362281.7141345,0.0019481182098388672
311866,normal,419,0,1782362281.716133,0.0019986629486083984
311867,normal,484,0,1782362281.7181747,0.0020415782928466797
311868,normal,845,2,1782362281.720175,0.0020003318786621094
311869,normal,3416,0,1782362281.722133,0.0019578933715820312
311870,normal,331,0,1782362281.7241743,0.002041339874267578
311871,normal,108,0,1782362281.726177,0.002002716064453125
311872,normal,3133,1,1782362281.728135,0.001958131790161133
311873,normal,1773,0,1782362281.730192,0.0020568370819091797
311874,normal,1164,0,1782362281.732132,0.001940011978149414
311875,normal,3258,1,1782362281.734134,0.0020020008087158203
311876,normal,95,0,1782362281.7361906,0.002056598663330078
311877,normal,3454,0,1782362281.738134,0.001943349838256836
311878,normal,2015,0,1782362281.7401319,0.0019979476928710938
311879,normal,593,0,1782362281.7421997,0.0020678043365478516
311880,normal,3171,1,1782362281.7441351,0.0019354820251464844
311881,normal,2362,0,1782362281.7461336,0.001998424530029297
311882,normal,2707,0,1782362281.74819,0.0020563602447509766
311883,normal,3504,0,1782362281.7501452,0.001955270767211914
311884,normal,530,0,1782362281.7521448,0.0019996166229248047
311885,normal,1518,0,1782362281.7541854,0.0020406246185302734
311886,normal,2839,0,1782362281.756131,0.00194549560546875
311887,normal,2487,0,1782362281.758137,0.002006053924560547
311888,normal,2719,0,1782362281.760185,0.002048015594482422
311889,normal,780,2,1782362281.762134,0.0019490718841552734
311890,normal,90,0,1782362281.7641444,0.002010345458984375
311891,normal,3302,1,1782362281.766187,0.002042531967163086
311892,normal,1871,0,1782362281.7681332,0.0019462108612060547
311893,normal,1872,0,1782362281.770132,0.0019989013671875
311894,normal,196,0,1782362281.7721906,0.0020585060119628906
311895,normal,3270,1,1782362281.7741306,0.001940011978149414
311896,normal,1746,0,1782362281.7761323,0.0020017623901367188
311897,normal,2190,0,1782362281.7781887,0.0020563602447509766
311898,normal,570,0,1782362281.7801385,0.0019497871398925781
311899,normal,2472,0,1782362281.7821321,0.0019936561584472656
311900,normal,3686,0,1782362281.7841918,0.0020596981048583984
311901,normal,2279,0,1782362281.7861316,0.0019397735595703125
311902,normal,1618,0,1782362281.7881393,0.002007722854614258
311903,normal,1256,0,1782362281.7901886,0.0020492076873779297
311904,normal,1806,0,1782362281.7921312,0.0019426345825195312
311905,normal,3495,0,1782362281.794134,0.002002716064453125
311906,normal,1159,0,1782362281.796192,0.0020580291748046875
311907,normal,692,0,1782362281.798131,0.0019390583038330078
311908,normal,1633,0,1782362281.8001313,0.0020003318786621094
311909,normal,2317,0,1782362281.8021917,0.002060413360595703
311910,normal,1830,0,1782362281.8041334,0.001941680908203125
311911,normal,2469,0,1782362281.806158,0.0020246505737304688
311912,normal,3004,0,1782362281.808184,0.0020258426666259766
311913,normal,342,0,1782362281.8101304,0.0019464492797851562
311914,normal,2473,0,1782362281.8121345,0.0020041465759277344
311915,normal,254,0,1782362281.814305,0.002170562744140625
311916,normal,269,0,1782362281.8161364,0.0018312931060791016
311917,normal,2149,0,1782362281.8181334,0.0019969940185546875
311918,normal,3667,0,1782362281.8201885,0.0020551681518554688
311919,normal,2781,0,1782362281.822131,0.0019423961639404297
311920,normal,903,2,1782362281.824133,0.0020020008087158203
311921,normal,405,0,1782362281.8261943,0.0020613670349121094
311922,normal,635,0,1782362281.8291097,0.0029153823852539062
311923,normal,3010,0,1782362281.8301494,0.001039743423461914
311924,normal,2821,0,1782362281.832189,0.002039670944213867
311925,normal,87,0,1782362281.8341467,0.0019576549530029297
311926,normal,2912,0,1782362281.8361318,0.0019850730895996094
311927,normal,2208,0,1782362281.8382096,0.002077817916870117
311928,normal,2303,0,1782362281.840137,0.0019273757934570312
311929,normal,2330,0,1782362281.842169,0.002032041549682617
311930,normal,1282,0,1782362281.8441856,0.0020165443420410156
311931,normal,3158,1,1782362281.8461666,0.001981019973754883
311932,normal,827,2,1782362281.8481324,0.001965761184692383
311933,normal,3356,1,1782362281.8502178,0.002085447311401367
311934,normal,1059,0,1782362281.8521314,0.0019135475158691406
311935,normal,550,0,1782362281.8541672,0.002035856246948242
311936,normal,1198,0,1782362281.856183,0.002015829086303711
311937,normal,684,0,1782362281.8582036,0.002020597457885742
311938,normal,3210,1,1782362281.8601363,0.0019326210021972656
311939,normal,2004,0,1782362281.8622103,0.002074003219604492
311940,normal,3286,1,1782362281.8641355,0.0019252300262451172
311941,normal,802,2,1782362281.8661704,0.002034902572631836
311942,normal,2002,0,1782362281.8681753,0.002004861831665039
311943,normal,2991,0,1782362281.870181,0.0020058155059814453
311944,normal,1882,0,1782362281.8721616,0.0019805431365966797
311945,normal,2772,0,1782362281.8741827,0.0020210742950439453
311946,normal,2728,0,1782362281.876139,0.0019562244415283203
311947,normal,3508,0,1782362281.878163,0.0020241737365722656
311948,normal,153,0,1782362281.880198,0.002034902572631836
311949,normal,3442,0,1782362281.8821716,0.0019736289978027344
311950,normal,2449,0,1782362281.884133,0.0019614696502685547
311951,normal,1650,0,1782362281.8861902,0.0020570755004882812
311952,normal,2879,0,1782362281.8881454,0.001955270767211914
311953,normal,2743,0,1782362281.8901634,0.002017974853515625
311954,normal,1766,0,1782362281.8921819,0.002018451690673828
311955,normal,3014,0,1782362281.8941672,0.001985311508178711
311956,normal,1889,0,1782362281.896131,0.0019638538360595703
311957,normal,2814,0,1782362281.8981924,0.0020613670349121094
311958,normal,554,0,1782362281.9001536,0.001961231231689453
311959,normal,2574,0,1782362281.902165,0.0020112991333007812
311960,normal,1379,1,1782362281.9041882,0.0020232200622558594
311961,normal,2316,0,1782362281.906156,0.001967906951904297
311962,normal,1630,0,1782362281.9081323,0.0019762516021728516
311963,normal,2861,0,1782362281.9101815,0.0020492076873779297
311964,normal,2960,0,1782362281.9121337,0.0019521713256835938
311965,normal,2736,0,1782362281.914171,0.0020372867584228516
311966,normal,1509,0,1782362281.9161751,0.0020041465759277344
311967,normal,1093,0,1782362281.918207,0.0020318031311035156
311968,normal,541,0,1782362281.9201632,0.0019562244415283203
311969,normal,2557,0,1782362281.9221857,0.0020225048065185547
311970,normal,980,2,1782362281.9241505,0.0019648075103759766
311971,normal,2161,0,1782362281.9261568,0.0020062923431396484
311972,normal,2164,0,1782362281.9282584,0.0021016597747802734
311973,normal,3288,1,1782362281.9302096,0.0019512176513671875
311974,normal,2425,0,1782362281.932264,0.002054452896118164
311975,normal,2977,0,1782362281.9341838,0.0019197463989257812
311976,normal,1139,0,1782362281.9362268,0.002043008804321289
311977,normal,2132,0,1782362281.938172,0.0019452571868896484
311978,normal,636,0,1782362281.9402666,0.0020945072174072266
311979,normal,813,2,1782362281.9421768,0.0019102096557617188
311980,normal,3191,1,1782362281.9442034,0.0020265579223632812
311981,normal,1728,0,1782362281.9462397,0.0020363330841064453
311982,normal,1688,0,1782362281.948213,0.001973390579223633
311983,normal,1663,0,1782362281.9501774,0.0019643306732177734
311984,normal,3397,1,1782362281.952278,0.0021004676818847656
311985,normal,703,0,1782362281.9541802,0.0019023418426513672
311986,normal,131,0,1782362281.956207,0.002026796340942383
311987,normal,920,2,1782362281.958244,0.00203704833984375
311988,normal,939,2,1782362281.9602132,0.0019690990447998047
311989,normal,3180,1,1782362281.9621723,0.001959085464477539
311990,normal,270,0,1782362281.964279,0.0021066665649414062
311991,normal,2399,0,1782362281.966187,0.0019080638885498047
311992,normal,858,2,1782362281.9682105,0.002023458480834961
311993,normal,2919,0,1782362281.970243,0.0020325183868408203
311994,normal,2680,0,1782362281.972209,0.0019659996032714844
311995,normal,1275,0,1782362281.9741795,0.001970529556274414
311996,normal,1414,0,1782362281.9762647,0.0020852088928222656
311997,normal,1999,0,1782362281.9781775,0.001912832260131836
311998,normal,668,0,1782362281.9802692,0.002091646194458008
311999,normal,3411,0,1782362281.9821978,0.001928567886352539
312000,normal,831,2,1782362281.9841352,0.0019373893737792969
312001,normal,1668,0,1782362281.986133,0.0019979476928710938
312002,normal,1716,0,1782362281.9882038,0.0020706653594970703
312003,normal,122,0,1782362281.9901316,0.0019278526306152344
312004,normal,2869,0,1782362281.9921722,0.0020406246185302734
312005,normal,3103,1,1782362281.9941857,0.0020134449005126953
312006,normal,2756,0,1782362281.9961314,0.0019457340240478516
312007,normal,2599,0,1782362281.9981313,0.0019998550415039062
312008,normal,2972,0,1782362282.0002227,0.0020914077758789062
312009,normal,1945,0,1782362282.0021312,0.0019085407257080078
312010,normal,1299,0,1782362282.0041738,0.002042531967163086
312011,normal,1764,0,1782362282.006192,0.0020182132720947266
312012,normal,478,0,1782362282.0081313,0.0019392967224121094
312013,normal,3119,1,1782362282.0101328,0.002001523971557617
312014,normal,563,0,1782362282.0122166,0.0020837783813476562
312015,normal,1201,0,1782362282.0141442,0.0019276142120361328
312016,normal,881,2,1782362282.0161726,0.0020284652709960938
312017,normal,274,0,1782362282.018186,0.0020134449005126953
312018,normal,2893,0,1782362282.0201347,0.0019485950469970703
312019,normal,1224,0,1782362282.0221326,0.0019979476928710938
312020,normal,1324,1,1782362282.0242226,0.002089977264404297
312021,normal,2978,0,1782362282.0261319,0.0019092559814453125
312022,normal,1756,0,1782362282.0281625,0.002030611038208008
312023,normal,3012,0,1782362282.0301845,0.0020220279693603516
312024,normal,1492,0,1782362282.0321302,0.0019457340240478516
312025,normal,2044,0,1782362282.0341322,0.0020020008087158203
312026,normal,3553,0,1782362282.0362155,0.002083301544189453
312027,normal,2297,0,1782362282.0381317,0.0019161701202392578
312028,normal,719,0,1782362282.04017,0.002038240432739258
312029,normal,2606,0,1782362282.0421789,0.0020089149475097656
312030,normal,1249,0,1782362282.0442066,0.002027750015258789
312031,normal,2502,0,1782362282.0461495,0.0019428730010986328
312032,normal,894,2,1782362282.0481849,0.002035379409790039
312033,normal,3309,1,1782362282.0501673,0.001982450485229492
312034,normal,2822,0,1782362282.0521717,0.002004384994506836
312035,normal,463,0,1782362282.0541928,0.0020210742950439453
312036,normal,3691,0,1782362282.056168,0.0019752979278564453
312037,normal,2868,0,1782362282.0581656,0.0019974708557128906
312038,normal,1818,0,1782362282.060184,0.002018451690673828
312039,normal,2493,0,1782362282.062155,0.001971006393432617
312040,normal,2379,0,1782362282.0641718,0.002016782760620117
312041,normal,2114,0,1782362282.06618,0.002008199691772461
312042,normal,1987,0,1782362282.0681713,0.00199127197265625
312043,normal,1536,0,1782362282.0701318,0.0019605159759521484
312044,normal,2970,0,1782362282.0722113,0.002079486846923828
312045,normal,88,0,1782362282.0741317,0.001920461654663086
312046,normal,3142,1,1782362282.0761685,0.0020368099212646484
312047,normal,687,0,1782362282.0781898,0.002021312713623047
312048,normal,1055,0,1782362282.080168,0.001978158950805664
312049,normal,783,2,1782362282.0821617,0.0019936561584472656
312050,normal,316,0,1782362282.0842369,0.0020751953125
312051,normal,3363,1,1782362282.0861406,0.0019037723541259766
312052,normal,861,2,1782362282.0881715,0.0020308494567871094
312053,normal,1844,0,1782362282.0901756,0.0020041465759277344
312054,normal,1794,0,1782362282.0922182,0.002042531967163086
312055,normal,2265,0,1782362282.094159,0.0019407272338867188
312056,normal,670,0,1782362282.0961807,0.00202178955078125
312057,normal,710,0,1782362282.0981388,0.001958131790161133
312058,normal,2169,0,1782362282.1001692,0.0020303726196289062
312059,normal,1695,0,1782362282.102173,0.002003908157348633
312060,normal,2351,0,1782362282.104206,0.0020329952239990234
312061,normal,567,0,1782362282.1061306,0.0019245147705078125
312062,normal,558,0,1782362282.1082783,0.002147674560546875
312063,normal,2466,0,1782362282.1101375,0.0018591880798339844
312064,normal,3055,1,1782362282.1121678,0.0020303726196289062
312065,normal,1127,0,1782362282.1141875,0.002019643783569336
312066,normal,1953,0,1782362282.1161659,0.0019783973693847656
312067,normal,2270,0,1782362282.1181307,0.0019648075103759766
312068,normal,3498,0,1782362282.1201828,0.0020520687103271484
312069,normal,2568,0,1782362282.1221516,0.001968860626220703
312070,normal,2590,0,1782362282.1241965,0.0020449161529541016
312071,normal,1504,0,1782362282.1261828,0.001986265182495117
312072,normal,130,0,1782362282.1281424,0.001959562301635742
312073,normal,2866,0,1782362282.1301632,0.0020208358764648438
312074,normal,834,2,1782362282.132191,0.002027750015258789
312075,normal,125,0,1782362282.134211,0.002020120620727539
312076,normal,1750,0,1782362282.136137,0.0019259452819824219
312077,normal,443,0,1782362282.138187,0.0020499229431152344
312078,normal,1119,0,1782362282.1401641,0.001977205276489258
312079,normal,3348,1,1782362282.1421735,0.0020093917846679688
312080,normal,615,0,1782362282.1441822,0.002008676528930664
312081,normal,2364,0,1782362282.1461728,0.0019905567169189453
312082,normal,322,0,1782362282.1481326,0.0019598007202148438
312083,normal,2301,0,1782362282.1501944,0.0020618438720703125
312084,normal,2096,0,1782362282.1521523,0.0019578933715820312
312085,normal,2192,0,1782362282.1541736,0.002021312713623047
312086,normal,2407,0,1782362282.1561852,0.002011537551879883
312087,normal,2325,0,1782362282.1581333,0.0019481182098388672
312088,normal,2804,0,1782362282.1601334,0.002000093460083008
312089,normal,860,2,1782362282.162216,0.0020825862884521484
312090,normal,1296,0,1782362282.1641319,0.0019159317016601562
312091,normal,762,0,1782362282.16617,0.0020380020141601562
312092,normal,2663,0,1782362282.1681836,0.002013683319091797
312093,normal,1992,0,1782362282.1701393,0.001955747604370117
312094,normal,3114,1,1782362282.1721306,0.00199127197265625
312095,normal,2642,0,1782362282.1741836,0.0020530223846435547
312096,normal,3466,0,1782362282.176159,0.0019752979278564453
312097,normal,1091,0,1782362282.1781728,0.0020139217376708984
312098,normal,3462,0,1782362282.1801827,0.002009868621826172
312099,normal,2311,0,1782362282.1821313,0.0019485950469970703
312100,normal,1426,0,1782362282.184133,0.0020017623901367188
312101,normal,258,0,1782362282.1862175,0.002084493637084961
312102,normal,1435,0,1782362282.188131,0.0019135475158691406
312103,normal,1350,1,1782362282.1901746,0.002043485641479492
312104,normal,2318,0,1782362282.1921833,0.002008676528930664
312105,normal,1012,2,1782362282.1941314,0.0019481182098388672
312106,normal,2462,0,1782362282.196133,0.002001523971557617
312107,normal,3544,0,1782362282.1981845,0.0020515918731689453
312108,normal,2389,0,1782362282.200165,0.0019805431365966797
312109,normal,997,2,1782362282.202171,0.002006053924560547
312110,normal,3115,1,1782362282.204207,0.002035856246948242
312111,normal,3296,1,1782362282.2061324,0.0019254684448242188
312112,normal,2131,0,1782362282.2081301,0.001997709274291992
312113,normal,1673,0,1782362282.210196,0.002065896987915039
312114,normal,988,2,1782362282.212168,0.0019719600677490234
312115,normal,2930,0,1782362282.2141712,0.002003192901611328
312116,normal,1090,0,1782362282.2161899,0.0020186901092529297
312117,normal,2274,0,1782362282.2181308,0.0019409656524658203
312118,normal,2233,0,1782362282.2201302,0.001999378204345703
312119,normal,1111,0,1782362282.2222192,0.0020890235900878906
312120,normal,716,0,1782362282.2241304,0.001911163330078125
312121,normal,3110,1,1782362282.2261703,0.0020399093627929688
312122,normal,1861,0,1782362282.228183,0.0020127296447753906
312123,normal,2152,0,1782362282.230131,0.0019478797912597656
312124,normal,3692,0,1782362282.2321298,0.0019989013671875
312125,normal,3318,1,1782362282.2342434,0.0021135807037353516
312126,normal,1605,0,1782362282.2362201,0.0019767284393310547
312127,normal,873,2,1782362282.2382212,0.002001047134399414
312128,normal,655,0,1782362282.2402284,0.0020072460174560547
312129,normal,3203,1,1782362282.2422092,0.0019807815551757812
312130,normal,1097,0,1782362282.2442045,0.0019953250885009766
312131,normal,1208,0,1782362282.2462258,0.002021312713623047
312132,normal,766,0,1782362282.2481785,0.0019526481628417969
312133,normal,253,0,1782362282.2502086,0.0020301342010498047
312134,normal,1464,0,1782362282.252172,0.001963376998901367
312135,normal,2778,0,1782362282.25421,0.0020380020141601562
312136,normal,44,0,1782362282.25617,0.0019600391387939453
312137,normal,1885,0,1782362282.2582543,0.0020842552185058594
312138,normal,2686,0,1782362282.2601726,0.0019183158874511719
312139,normal,1384,0,1782362282.2622137,0.0020411014556884766
312140,normal,1144,0,1782362282.2642345,0.0020208358764648438
312141,normal,3383,1,1782362282.2662108,0.0019762516021728516
312142,normal,334,0,1782362282.2681794,0.0019686222076416016
312143,normal,1209,0,1782362282.2702029,0.002023458480834961
312144,normal,525,0,1782362282.2721708,0.001967906951904297
312145,normal,1355,1,1782362282.2742097,0.0020389556884765625
312146,normal,3658,0,1782362282.2761714,0.0019617080688476562
312147,normal,857,2,1782362282.2781732,0.0020017623901367188
312148,normal,216,0,1782362282.2802773,0.002104043960571289
312149,normal,2505,0,1782362282.282204,0.0019266605377197266
312150,normal,3235,1,1782362282.2841756,0.001971721649169922
312151,normal,774,2,1782362282.286208,0.0020322799682617188
312152,normal,3143,1,1782362282.288234,0.002026081085205078
312153,normal,2496,0,1782362282.2902038,0.0019698143005371094
312154,normal,1907,0,1782362282.2922049,0.002001047134399414
312155,normal,46,0,1782362282.2941716,0.001966714859008789
312156,normal,3283,1,1782362282.2961965,0.0020248889923095703
312157,normal,2660,0,1782362282.2982092,0.0020127296447753906
312158,normal,2467,0,1782362282.3002253,0.0020160675048828125
312159,normal,490,0,1782362282.3022203,0.001995086669921875
312160,normal,2312,0,1782362282.3041966,0.0019762516021728516
312161,normal,500,0,1782362282.3062305,0.0020339488983154297
312162,normal,3382,1,1782362282.3081882,0.0019576549530029297
312163,normal,2090,0,1782362282.3102083,0.002020120620727539
312164,normal,2159,0,1782362282.3121722,0.0019638538360595703
312165,normal,1721,0,1782362282.31421,0.0020377635955810547
312166,normal,2488,0,1782362282.316172,0.001961946487426758
312167,normal,3529,0,1782362282.318264,0.002092123031616211
312168,normal,2601,0,1782362282.3201692,0.001905202865600586
312169,normal,639,0,1782362282.3222084,0.002039194107055664
312170,normal,3237,1,1782362282.3241932,0.001984834671020508
312171,normal,2890,0,1782362282.3262174,0.0020241737365722656
312172,normal,3372,1,1782362282.3282099,0.001992464065551758
312173,normal,1396,0,1782362282.3302398,0.002029895782470703
312174,normal,2538,0,1782362282.3321798,0.001940011978149414
312175,normal,1192,0,1782362282.3342094,0.0020296573638916016
312176,normal,2369,0,1782362282.336241,0.002031564712524414
312177,normal,1657,0,1782362282.3382082,0.001967191696166992
312178,normal,482,0,1782362282.3401723,0.001964092254638672
312179,normal,1652,0,1782362282.3422785,0.002106189727783203
312180,normal,279,0,1782362282.3441737,0.0018951892852783203
312181,normal,3195,1,1782362282.3462067,0.0020329952239990234
312182,normal,1004,2,1782362282.3482566,0.0020499229431152344
312183,normal,1858,0,1782362282.3502142,0.0019576549530029297
312184,normal,1238,0,1782362282.3522303,0.0020160675048828125
312185,normal,1817,0,1782362282.3544261,0.0021958351135253906
312186,normal,577,0,1782362282.356222,0.0017957687377929688
312187,normal,2948,0,1782362282.358471,0.002249002456665039
312188,normal,424,0,1782362282.360203,0.0017321109771728516
312189,normal,557,0,1782362282.3623953,0.002192258834838867
312190,normal,3596,0,1782362282.3641977,0.0018024444580078125
312191,normal,1057,0,1782362282.366435,0.0022373199462890625
312192,normal,526,0,1782362282.3682134,0.0017783641815185547
312193,normal,3009,0,1782362282.3701737,0.001960277557373047
312194,normal,3685,0,1782362282.3722146,0.002040863037109375
312195,normal,434,0,1782362282.3741717,0.0019571781158447266
312196,normal,201,0,1782362282.3762114,0.002039670944213867
312197,normal,2895,0,1782362282.378175,0.0019636154174804688
312198,normal,2240,0,1782362282.3802636,0.0020885467529296875
312199,normal,1450,0,1782362282.382232,0.0019683837890625
312200,normal,394,0,1782362282.384174,0.0019421577453613281
312201,normal,21,0,1782362282.3862097,0.0020356178283691406
312202,normal,2583,0,1782362282.3882065,0.001996755599975586
312203,normal,1762,0,1782362282.3902433,0.0020368099212646484
312204,normal,1255,0,1782362282.392207,0.0019636154174804688
312205,normal,368,0,1782362282.394192,0.0019850730895996094
312206,normal,1553,0,1782362282.396178,0.0019860267639160156
312207,normal,2001,0,1782362282.3982031,0.002025127410888672
312208,normal,1252,0,1782362282.4002109,0.002007722854614258
312209,normal,769,0,1782362282.4022324,0.0020215511322021484
312210,normal,3088,1,1782362282.4042144,0.001981973648071289
312211,normal,2188,0,1782362282.406194,0.0019795894622802734
312212,normal,1469,0,1782362282.408228,0.0020339488983154297
312213,normal,2702,0,1782362282.4102035,0.001975536346435547
312214,normal,293,0,1782362282.4122097,0.0020062923431396484
312215,normal,1449,0,1782362282.414237,0.002027273178100586
312216,normal,2903,0,1782362282.4162054,0.0019683837890625
312217,normal,3637,0,1782362282.4182105,0.0020051002502441406
312218,normal,2554,0,1782362282.4202275,0.0020170211791992188
312219,normal,1149,0,1782362282.4221716,0.0019440650939941406
312220,normal,3486,0,1782362282.4242156,0.0020439624786376953
312221,normal,3480,0,1782362282.426182,0.0019664764404296875
312222,normal,1544,0,1782362282.4292037,0.003021717071533203
312223,normal,1391,0,1782362282.4304645,0.0012607574462890625
312224,normal,1413,0,1782362282.432217,0.0017523765563964844
312225,normal,3463,0,1782362282.4342053,0.0019884109497070312
312226,normal,2981,0,1782362282.4361985,0.0019931793212890625
312227,normal,2251,0,1782362282.4383926,0.0021941661834716797
312228,normal,2079,0,1782362282.4403696,0.0019769668579101562
312229,normal,2032,0,1782362282.4422324,0.0018627643585205078
312230,normal,2858,0,1782362282.4443827,0.002150297164916992
312231,normal,3048,1,1782362282.446236,0.0018532276153564453
312232,normal,752,0,1782362282.4483747,0.002138853073120117
312233,normal,3515,0,1782362282.450426,0.0020513534545898438
312234,normal,1886,0,1782362282.4521985,0.0017724037170410156
312235,normal,2990,0,1782362282.45439,0.0021915435791015625
312236,normal,1891,0,1782362282.4563766,0.0019865036010742188
312237,normal,479,0,1782362282.458252,0.0018754005432128906
312238,normal,3090,1,1782362282.460167,0.00191497802734375
312239,normal,96,0,1782362282.4622133,0.002046346664428711
312240,normal,2578,0,1782362282.464135,0.0019216537475585938
312241,normal,1232,0,1782362282.46617,0.0020351409912109375
312242,normal,200,0,1782362282.4681954,0.0020253658294677734
312243,normal,3635,0,1782362282.4701695,0.0019741058349609375
312244,normal,2384,0,1782362282.4721363,0.001966714859008789
312245,normal,3242,1,1782362282.4741828,0.0020465850830078125
312246,normal,1456,0,1782362282.4761703,0.001987457275390625
312247,normal,1733,0,1782362282.47817,0.0019996166229248047
312248,normal,3378,1,1782362282.4801824,0.002012491226196289
312249,normal,1191,0,1782362282.4821396,0.0019571781158447266
312250,normal,3179,1,1782362282.484133,0.001993417739868164
312251,normal,2327,0,1782362282.4862108,0.002077817916870117
312252,normal,169,0,1782362282.4881315,0.0019207000732421875
312253,normal,2550,0,1782362282.49017,0.0020384788513183594
312254,normal,3679,0,1782362282.4921815,0.002011537551879883
312255,normal,2569,0,1782362282.4941335,0.0019519329071044922
312256,normal,779,2,1782362282.4961371,0.0020036697387695312
312257,normal,2008,0,1782362282.4982142,0.0020771026611328125
312258,normal,1392,0,1782362282.500149,0.0019347667694091797
312259,normal,2507,0,1782362282.5021672,0.0020182132720947266
312260,normal,523,0,1782362282.504184,0.002016782760620117
312261,normal,2433,0,1782362282.5061312,0.001947164535522461
312262,normal,149,0,1782362282.50813,0.0019989013671875
312263,normal,2941,0,1782362282.5101843,0.0020542144775390625
312264,normal,2057,0,1782362282.512164,0.001979827880859375
312265,normal,3446,0,1782362282.5141659,0.0020017623901367188
312266,normal,3016,0,1782362282.5161924,0.0020265579223632812
312267,normal,1876,0,1782362282.5181313,0.0019388198852539062
312268,normal,2170,0,1782362282.520131,0.0019998550415039062
312269,normal,3661,0,1782362282.5222292,0.00209808349609375
312270,normal,1522,0,1782362282.5241659,0.0019366741180419922
312271,normal,493,0,1782362282.5261626,0.001996755599975586
312272,normal,3205,1,1782362282.5281847,0.0020220279693603516
312273,normal,249,0,1782362282.5301688,0.001984119415283203
312274,normal,374,0,1782362282.53215,0.0019812583923339844
312275,normal,3415,0,1782362282.534181,0.002031087875366211
312276,normal,3335,1,1782362282.5361621,0.001981019973754883
312277,normal,3212,1,1782362282.5381696,0.0020074844360351562
312278,normal,305,0,1782362282.5401819,0.0020122528076171875
312279,normal,2759,0,1782362282.5421708,0.0019888877868652344
312280,normal,938,2,1782362282.5441325,0.0019617080688476562
312281,normal,483,0,1782362282.5462186,0.002086162567138672
312282,normal,777,2,1782362282.5481312,0.0019125938415527344
312283,normal,3079,1,1782362282.5501711,0.0020399093627929688
312284,normal,2125,0,1782362282.5521834,0.0020122528076171875
312285,normal,3698,0,1782362282.554168,0.0019845962524414062
312286,normal,1904,0,1782362282.556132,0.001964092254638672
312287,normal,3233,1,1782362282.558184,0.002051830291748047
312288,normal,3277,1,1782362282.560167,0.001983165740966797
312289,normal,601,0,1782362282.5621688,0.0020017623901367188
312290,normal,382,0,1782362282.5641956,0.002026796340942383
312291,normal,1658,0,1782362282.5661755,0.001979827880859375
312292,normal,3547,0,1782362282.5681503,0.001974821090698242
312293,normal,2517,0,1782362282.5701876,0.0020372867584228516
312294,normal,1649,0,1782362282.5721388,0.0019512176513671875
312295,normal,788,2,1782362282.574176,0.0020372867584228516
312296,normal,2595,0,1782362282.5761824,0.0020062923431396484
312297,normal,1597,0,1782362282.5781724,0.001990079879760742
312298,normal,3578,0,1782362282.580132,0.001959562301635742
312299,normal,869,2,1782362282.58222,0.0020880699157714844
312300,normal,3535,0,1782362282.5841343,0.0019142627716064453
312301,normal,336,0,1782362282.5861897,0.0020554065704345703
312302,normal,1444,0,1782362282.5881793,0.001989603042602539
312303,normal,236,0,1782362282.5901692,0.0019898414611816406
312304,normal,3396,1,1782362282.5921307,0.0019614696502685547
312305,normal,2392,0,1782362282.5941832,0.0020525455474853516
312306,normal,3121,1,1782362282.5961459,0.0019626617431640625
312307,normal,2415,0,1782362282.5981698,0.002023935317993164
312308,normal,1532,0,1782362282.6002178,0.002048015594482422
312309,normal,2613,0,1782362282.6021698,0.0019519329071044922
312310,normal,888,2,1782362282.6041324,0.0019626617431640625
312311,normal,2394,0,1782362282.6062183,0.0020859241485595703
312312,normal,207,0,1782362282.6081336,0.0019152164459228516
312313,normal,674,0,1782362282.610178,0.0020444393157958984
312314,normal,242,0,1782362282.6121833,0.002005338668823242
312315,normal,698,0,1782362282.6141315,0.0019481182098388672
312316,normal,3500,0,1782362282.6161332,0.0020017623901367188
312317,normal,1870,0,1782362282.6181808,0.0020475387573242188
312318,normal,1810,0,1782362282.6201465,0.001965761184692383
312319,normal,1972,0,1782362282.6221695,0.002022981643676758
312320,normal,2817,0,1782362282.6241822,0.0020127296447753906
312321,normal,1061,0,1782362282.6261497,0.0019674301147460938
312322,normal,2768,0,1782362282.6281326,0.0019829273223876953
312323,normal,1642,0,1782362282.6302297,0.0020971298217773438
312324,normal,2191,0,1782362282.6321843,0.0019545555114746094
312325,normal,1512,0,1782362282.634184,0.0019996166229248047
312326,normal,2983,0,1782362282.6362045,0.002020597457885742
312327,normal,3668,0,1782362282.638154,0.0019495487213134766
312328,normal,1678,0,1782362282.6401722,0.0020182132720947266
312329,normal,1973,0,1782362282.6421742,0.0020020008087158203
312330,normal,1465,0,1782362282.644177,0.002002716064453125
312331,normal,663,0,1782362282.6461337,0.0019567012786865234
312332,normal,3513,0,1782362282.648225,0.0020914077758789062
312333,normal,178,0,1782362282.6501415,0.0019164085388183594
312334,normal,2560,0,1782362282.6521728,0.0020313262939453125
312335,normal,1903,0,1782362282.654204,0.002031087875366211
312336,normal,1415,0,1782362282.6561375,0.0019335746765136719
312337,normal,1170,0,1782362282.6581333,0.0019958019256591797
312338,normal,3427,0,1782362282.6602237,0.0020904541015625
312339,normal,3704,0,1782362282.662135,0.001911163330078125
312340,normal,3616,0,1782362282.6641734,0.0020384788513183594
312341,normal,2976,0,1782362282.6661756,0.002002239227294922
312342,normal,1283,0,1782362282.6682076,0.002032041549682617
312343,normal,2766,0,1782362282.6701722,0.001964569091796875
312344,normal,2856,0,1782362282.6721845,0.0020122528076171875
312345,normal,3322,1,1782362282.6741645,0.0019800662994384766
312346,normal,1610,0,1782362282.6761756,0.0020110607147216797
312347,normal,2556,0,1782362282.678183,0.0020074844360351562
312348,normal,2291,0,1782362282.6801322,0.0019490718841552734
312349,normal,310,0,1782362282.682133,0.0020008087158203125
312350,normal,1315,0,1782362282.684213,0.0020799636840820312
312351,normal,2914,0,1782362282.6861563,0.001943349838256836
312352,normal,115,0,1782362282.6881893,0.0020329952239990234
312353,normal,2656,0,1782362282.6902127,0.002023458480834961
312354,normal,400,0,1782362282.6921504,0.0019376277923583984
312355,normal,1753,0,1782362282.694305,0.0021545886993408203
312356,normal,2638,0,1782362282.6962812,0.0019762516021728516
312357,normal,2328,0,1782362282.69823,0.0019488334655761719
312358,normal,2256,0,1782362282.7008421,0.0026121139526367188
312359,normal,1466,0,1782362282.7022038,0.0013616085052490234
312360,normal,1635,0,1782362282.7041686,0.0019648075103759766
312361,normal,2078,0,1782362282.7061965,0.0020279884338378906
312362,normal,1654,0,1782362282.7081754,0.0019788742065429688
312363,normal,3341,1,1782362282.7101724,0.0019969940185546875
312364,normal,2598,0,1782362282.7121856,0.0020132064819335938
312365,normal,133,0,1782362282.7141824,0.001996755599975586
312366,normal,1627,0,1782362282.716167,0.0019845962524414062
312367,normal,230,0,1782362282.718163,0.0019960403442382812
312368,normal,1131,0,1782362282.7201533,0.0019903182983398438
312369,normal,3316,1,1782362282.7221608,0.0020074844360351562
312370,normal,531,0,1782362282.7241652,0.002004384994506836
312371,normal,756,0,1782362282.7261584,0.0019931793212890625
312372,normal,2166,0,1782362282.7281477,0.0019893646240234375
312373,normal,2596,0,1782362282.7301385,0.001990795135498047
312374,normal,505,0,1782362282.732142,0.0020034313201904297
312375,normal,1116,0,1782362282.7341337,0.001991748809814453
312376,normal,113,0,1782362282.7361355,0.0020017623901367188
312377,normal,2069,0,1782362282.738139,0.0020034313201904297
312378,normal,1109,0,1782362282.740133,0.0019941329956054688
312379,normal,3340,1,1782362282.742148,0.0020148754119873047
312380,normal,3695,0,1782362282.7442837,0.002135753631591797
312381,normal,2864,0,1782362282.7461543,0.0018706321716308594
312382,normal,2629,0,1782362282.7481594,0.0020051002502441406
312383,normal,2443,0,1782362282.7502599,0.0021004676818847656
312384,normal,1234,0,1782362282.7521653,0.0019054412841796875
312385,normal,3709,0,1782362282.7542615,0.0020961761474609375
312386,normal,1768,0,1782362282.756276,0.0020143985748291016
312387,normal,1018,2,1782362282.7581763,0.0019004344940185547
312388,normal,3648,0,1782362282.760257,0.002080678939819336
312389,normal,665,0,1782362282.762277,0.0020198822021484375
312390,normal,1043,0,1782362282.7641547,0.0018777847290039062
312391,normal,2777,0,1782362282.7662625,0.002107858657836914
312392,normal,2136,0,1782362282.7682574,0.0019948482513427734
312393,normal,77,0,1782362282.770158,0.0019006729125976562
312394,normal,318,0,1782362282.7722626,0.002104520797729492
312395,normal,138,0,1782362282.7742612,0.0019986629486083984
312396,normal,865,2,1782362282.7761545,0.0018932819366455078
312397,normal,1472,0,1782362282.778267,0.0021123886108398438
312398,normal,338,0,1782362282.7802515,0.0019845962524414062
312399,normal,3306,1,1782362282.7821484,0.0018968582153320312
312400,normal,1675,0,1782362282.7842503,0.002101898193359375
312401,normal,187,0,1782362282.7862513,0.002001047134399414
312402,normal,2207,0,1782362282.7881505,0.0018992424011230469
312403,normal,2321,0,1782362282.7902505,0.0020999908447265625
312404,normal,11,0,1782362282.7922485,0.0019979476928710938
312405,normal,2224,0,1782362282.7941878,0.0019392967224121094
312406,normal,1744,0,1782362282.7962856,0.0020978450775146484
312407,normal,3042,0,1782362282.7982874,0.0020017623901367188
312408,normal,5,0,1782362282.80019,0.0019025802612304688
312409,normal,957,2,1782362282.8022358,0.002045869827270508
312410,normal,2769,0,1782362282.8042123,0.001976490020751953
312411,normal,1305,0,1782362282.8061097,0.0018973350524902344
312412,normal,2566,0,1782362282.808211,0.002101421356201172
312413,normal,1177,0,1782362282.810198,0.001986980438232422
312414,normal,629,0,1782362282.8122008,0.002002716064453125
312415,normal,2290,0,1782362282.8142104,0.0020096302032470703
312416,normal,2620,0,1782362282.8161979,0.001987457275390625
312417,normal,520,0,1782362282.8181324,0.0019345283508300781
312418,normal,2109,0,1782362282.820201,0.0020685195922851562
312419,normal,197,0,1782362282.8222058,0.002004861831665039
312420,normal,2053,0,1782362282.8241646,0.0019588470458984375
312421,normal,1215,0,1782362282.8261962,0.002031564712524414
312422,normal,3250,1,1782362282.8282053,0.002009153366088867
312423,normal,3680,0,1782362282.8301666,0.001961231231689453
312424,normal,934,2,1782362282.8321936,0.0020270347595214844
312425,normal,2820,0,1782362282.8342128,0.002019166946411133
312426,normal,1559,0,1782362282.836166,0.001953125
312427,normal,3388,1,1782362282.8381999,0.0020339488983154297
312428,normal,521,0,1782362282.8402035,0.0020036697387695312
312429,normal,170,0,1782362282.8421657,0.0019621849060058594
312430,normal,2406,0,1782362282.8442044,0.002038717269897461
312431,normal,3329,1,1782362282.8462024,0.0019979476928710938
312432,normal,1454,0,1782362282.8481903,0.001987934112548828
312433,normal,3472,0,1782362282.8501904,0.002000093460083008
312434,normal,749,0,1782362282.8522034,0.002012968063354492
312435,normal,145,0,1782362282.8541658,0.001962423324584961
312436,normal,2329,0,1782362282.85619,0.0020241737365722656
312437,normal,81,0,1782362282.8582041,0.00201416015625
312438,normal,1490,0,1782362282.860159,0.001954793930053711
312439,normal,363,0,1782362282.8622034,0.0020444393157958984
312440,normal,2304,0,1782362282.864201,0.001997709274291992
312441,normal,282,0,1782362282.8661716,0.001970529556274414
312442,normal,2662,0,1782362282.8682003,0.0020287036895751953
312443,normal,2504,0,1782362282.8702018,0.002001523971557617
312444,normal,272,0,1782362282.8721843,0.001982450485229492
312445,normal,1337,1,1782362282.8741899,0.0020055770874023438
312446,normal,1078,0,1782362282.876207,0.0020172595977783203
312447,normal,3101,1,1782362282.8781717,0.001964569091796875
312448,normal,2293,0,1782362282.8801918,0.002020120620727539
312449,normal,3572,0,1782362282.8822005,0.002008676528930664
312450,normal,502,0,1782362282.8841615,0.0019609928131103516
312451,normal,1752,0,1782362282.8861978,0.0020363330841064453
312452,normal,1717,0,1782362282.888207,0.002009153366088867
312453,normal,1478,0,1782362282.8901622,0.001955270767211914
312454,normal,3194,1,1782362282.892204,0.0020418167114257812
312455,normal,1883,0,1782362282.894191,0.001986980438232422
312456,normal,818,2,1782362282.8961594,0.0019683837890625
312457,normal,3386,1,1782362282.8981895,0.0020301342010498047
312458,normal,1770,0,1782362282.9001956,0.002006053924560547
312459,normal,1000,2,1782362282.902162,0.0019664764404296875
312460,normal,970,2,1782362282.9041984,0.0020363330841064453
312461,normal,3075,1,1782362282.906196,0.001997709274291992
312462,normal,1801,0,1782362282.908159,0.001962900161743164
312463,normal,3312,1,1782362282.9101913,0.0020322799682617188
312464,normal,2429,0,1782362282.9121945,0.002003192901611328
312465,normal,930,2,1782362282.9141598,0.0019652843475341797
312466,normal,3370,1,1782362282.9161897,0.002029895782470703
312467,normal,1107,0,1782362282.9181914,0.0020017623901367188
312468,normal,1977,0,1782362282.9201605,0.0019690990447998047
312469,normal,3536,0,1782362282.9221923,0.0020318031311035156
312470,normal,3468,0,1782362282.924194,0.0020017623901367188
312471,normal,1245,0,1782362282.92616,0.0019659996032714844
312472,normal,3594,0,1782362282.9281926,0.0020325183868408203
312473,normal,2476,0,1782362282.9302015,0.0020089149475097656
312474,normal,941,2,1782362282.932159,0.001957416534423828
312475,normal,1367,1,1782362282.9341886,0.0020296573638916016
312476,normal,1455,0,1782362282.936193,0.002004384994506836
312477,normal,2045,0,1782362282.9381814,0.0019884109497070312
312478,normal,713,0,1782362282.9401948,0.0020134449005126953
312479,normal,1989,0,1782362282.942192,0.001997232437133789
312480,normal,2280,0,1782362282.944159,0.0019669532775878906
312481,normal,2310,0,1782362282.946192,0.0020329952239990234
312482,normal,3707,0,1782362282.9481907,0.0019986629486083984
312483,normal,3465,0,1782362282.950166,0.0019752979278564453
312484,normal,2434,0,1782362282.95219,0.002023935317993164
312485,normal,662,0,1782362282.9541914,0.002001523971557617
312486,normal,3041,0,1782362282.9561572,0.001965761184692383
312487,normal,2428,0,1782362282.9581923,0.0020351409912109375
312488,normal,250,0,1782362282.960194,0.0020017623901367188
312489,normal,3252,1,1782362282.9621634,0.0019693374633789062
312490,normal,2209,0,1782362282.9641929,0.0020294189453125
312491,normal,1205,0,1782362282.9661903,0.0019974708557128906
312492,normal,1371,1,1782362282.9681606,0.0019702911376953125
312493,normal,702,0,1782362282.9702015,0.002040863037109375
312494,normal,3364,1,1782362282.972192,0.0019905567169189453
312495,normal,2825,0,1782362282.9741578,0.001965761184692383
312496,normal,1442,0,1782362282.9762046,0.002046823501586914
312497,normal,2309,0,1782362282.978188,0.0019834041595458984
312498,normal,22,0,1782362282.9801593,0.0019712448120117188
312499,normal,259,0,1782362282.9821882,0.002028942108154297
312500,normal,1257,0,1782362282.9842656,0.002077341079711914
312501,normal,1596,0,1782362282.9861512,0.0018856525421142578
312502,normal,1580,0,1782362282.988196,0.002044677734375
312503,normal,3245,1,1782362282.990209,0.0020132064819335938
312504,normal,2873,0,1782362282.9921649,0.001955747604370117
312505,normal,3096,1,1782362282.9941916,0.002026796340942383
312506,normal,1316,0,1782362282.9961917,0.002000093460083008
312507,normal,1936,0,1782362282.9981644,0.001972675323486328
312508,normal,1089,0,1782362283.0001912,0.002026796340942383
312509,normal,2744,0,1782362283.0021918,0.002000570297241211
312510,normal,1376,1,1782362283.0041623,0.001970529556274414
312511,normal,2802,0,1782362283.0061922,0.002029895782470703
312512,normal,2576,0,1782362283.0081892,0.0019969940185546875
312513,normal,2511,0,1782362283.010161,0.001971721649169922
312514,normal,3530,0,1782362283.0121896,0.0020287036895751953
312515,normal,2921,0,1782362283.014194,0.002004384994506836
312516,normal,718,0,1782362283.016161,0.0019669532775878906
312517,normal,3254,1,1782362283.0181887,0.002027750015258789
312518,normal,2353,0,1782362283.0201912,0.0020024776458740234
312519,normal,677,0,1782362283.0221627,0.0019714832305908203
312520,normal,3111,1,1782362283.0241933,0.002030611038208008
312521,normal,585,0,1782362283.0261962,0.0020029544830322266
312522,normal,2745,0,1782362283.0284553,0.0022590160369873047
312523,normal,2255,0,1782362283.0307653,0.002310037612915039
312524,normal,408,0,1782362283.0321927,0.0014274120330810547
312525,normal,1782,0,1782362283.0342,0.0020072460174560547
312526,normal,2222,0,1782362283.0364127,0.0022127628326416016
312527,normal,586,0,1782362283.0383747,0.001961946487426758
312528,normal,2030,0,1782362283.040194,0.0018193721771240234
312529,normal,37,0,1782362283.0423906,0.0021965503692626953
312530,normal,355,0,1782362283.044372,0.001981496810913086
312531,normal,2171,0,1782362283.0462177,0.0018455982208251953
312532,normal,3107,1,1782362283.0481412,0.0019235610961914062
312533,normal,1500,0,1782362283.0501893,0.002048015594482422
312534,normal,70,0,1782362283.0521367,0.0019474029541015625
312535,normal,98,0,1782362283.0541377,0.002001047134399414
312536,normal,581,0,1782362283.0561888,0.002051115036010742
312537,normal,1569,0,1782362283.0581353,0.0019464492797851562
312538,normal,262,0,1782362283.0601351,0.0019998550415039062
312539,normal,2685,0,1782362283.0621862,0.002051115036010742
312540,normal,471,0,1782362283.0641696,0.0019834041595458984
312541,normal,2905,0,1782362283.0661778,0.002008199691772461
312542,normal,3063,1,1782362283.0682037,0.0020258426666259766
312543,normal,1760,0,1782362283.070141,0.0019373893737792969
312544,normal,1277,0,1782362283.072136,0.0019948482513427734
312545,normal,303,0,1782362283.0741818,0.002045869827270508
312546,normal,2516,0,1782362283.076137,0.001955270767211914
312547,normal,1893,0,1782362283.0781345,0.0019974708557128906
312548,normal,2637,0,1782362283.080176,0.0020415782928466797
312549,normal,3159,1,1782362283.0821755,0.001999378204345703
312550,normal,3455,0,1782362283.0841336,0.001958131790161133
312551,normal,2440,0,1782362283.086212,0.0020782947540283203
312552,normal,2484,0,1782362283.0881393,0.0019273757934570312
312553,normal,422,0,1782362283.0901551,0.002015829086303711
312554,normal,3501,0,1782362283.0921807,0.002025604248046875
312555,normal,743,0,1782362283.0941336,0.0019528865814208984
312556,normal,485,0,1782362283.0961356,0.0020020008087158203
312557,normal,1982,0,1782362283.0981739,0.002038240432739258
312558,normal,1784,0,1782362283.1001823,0.0020084381103515625
312559,normal,1679,0,1782362283.102134,0.0019516944885253906
312560,normal,14,0,1782362283.1041737,0.002039670944213867
312561,normal,15,0,1782362283.1061878,0.00201416015625
312562,normal,2257,0,1782362283.1081326,0.0019447803497314453
312563,normal,315,0,1782362283.1101744,0.0020418167114257812
312564,normal,3595,0,1782362283.1121857,0.0020112991333007812
312565,normal,573,0,1782362283.1141725,0.0019867420196533203
312566,normal,1446,0,1782362283.116182,0.0020096302032470703
312567,normal,989,2,1782362283.1181362,0.0019540786743164062
312568,normal,165,0,1782362283.1201308,0.001994609832763672
312569,normal,994,2,1782362283.1221755,0.002044677734375
312570,normal,561,0,1782362283.1241837,0.002008199691772461
312571,normal,835,2,1782362283.1261668,0.001983165740966797
312572,normal,2445,0,1782362283.1281755,0.002008676528930664
312573,normal,1204,0,1782362283.1301742,0.0019986629486083984
312574,normal,750,0,1782362283.1321316,0.001957416534423828
312575,normal,2409,0,1782362283.1341777,0.0020461082458496094
312576,normal,1072,0,1782362283.136182,0.002004384994506836
312577,normal,2529,0,1782362283.1381333,0.0019512176513671875
312578,normal,1274,0,1782362283.1402228,0.0020895004272460938
312579,normal,767,0,1782362283.142139,0.0019161701202392578
312580,normal,1842,0,1782362283.1441324,0.001993417739868164
312581,normal,263,0,1782362283.1461866,0.0020542144775390625
312582,normal,2671,0,1782362283.1481347,0.0019481182098388672
312583,normal,587,0,1782362283.150134,0.001999378204345703
312584,normal,3173,1,1782362283.1521828,0.0020487308502197266
312585,normal,2528,0,1782362283.1541853,0.0020024776458740234
312586,normal,918,2,1782362283.156139,0.001953601837158203
312587,normal,3444,0,1782362283.1581788,0.0020399093627929688
312588,normal,3567,0,1782362283.1601825,0.0020036697387695312
312589,normal,3089,1,1782362283.162139,0.001956462860107422
312590,normal,1534,0,1782362283.1642365,0.002097606658935547
312591,normal,1039,0,1782362283.1661403,0.0019037723541259766
312592,normal,619,0,1782362283.1681314,0.0019910335540771484
312593,normal,3511,0,1782362283.1701756,0.002044200897216797
312594,normal,778,2,1782362283.1721747,0.0019991397857666016
312595,normal,929,2,1782362283.1741343,0.001959562301635742
312596,normal,2681,0,1782362283.1761737,0.0020394325256347656
312597,normal,3359,1,1782362283.1781864,0.0020127296447753906
312598,normal,2761,0,1782362283.1801314,0.0019450187683105469
312599,normal,3598,0,1782362283.1821764,0.0020449161529541016
312600,normal,1980,0,1782362283.1841922,0.002015829086303711
312601,normal,61,0,1782362283.1861582,0.0019659996032714844
312602,normal,2715,0,1782362283.1881793,0.0020210742950439453
312603,normal,2382,0,1782362283.1902363,0.0020570755004882812
312604,normal,2098,0,1782362283.1921365,0.0019001960754394531
312605,normal,1590,0,1782362283.1941738,0.0020372867584228516
312606,normal,3694,0,1782362283.1961353,0.0019614696502685547
312607,normal,3323,1,1782362283.1981308,0.001995563507080078
312608,normal,1243,0,1782362283.2001765,0.0020456314086914062
312609,normal,1901,0,1782362283.2021852,0.002008676528930664
312610,normal,2810,0,1782362283.2041366,0.001951456069946289
312611,normal,84,0,1782362283.2061753,0.002038717269897461
312612,normal,1699,0,1782362283.208133,0.0019576549530029297
312613,normal,2451,0,1782362283.2101326,0.0019996166229248047
312614,normal,2664,0,1782362283.2121844,0.002051830291748047
312615,normal,68,0,1782362283.2142398,0.0020554065704345703
312616,normal,1349,1,1782362283.2161374,0.001897573471069336
312617,normal,1990,0,1782362283.2181747,0.0020372867584228516
312618,normal,3106,1,1782362283.2201767,0.0020020008087158203
312619,normal,228,0,1782362283.2221313,0.0019545555114746094
312620,normal,3073,1,1782362283.2241817,0.0020503997802734375
312621,normal,2632,0,1782362283.2261333,0.0019516944885253906
312622,normal,2218,0,1782362283.2281337,0.0020003318786621094
312623,normal,3484,0,1782362283.230175,0.002041339874267578
312624,normal,79,0,1782362283.2321768,0.0020017623901367188
312625,normal,2665,0,1782362283.2341325,0.001955747604370117
312626,normal,174,0,1782362283.2361758,0.0020432472229003906
312627,normal,2157,0,1782362283.2381806,0.002004861831665039
312628,normal,1064,0,1782362283.240425,0.0022444725036621094
312629,normal,1625,0,1782362283.242395,0.0019698143005371094
312630,normal,1763,0,1782362283.2442021,0.0018072128295898438
312631,normal,1293,0,1782362283.2463212,0.0021190643310546875
312632,normal,3145,1,1782362283.2481945,0.0018732547760009766
312633,normal,2883,0,1782362283.2501638,0.0019693374633789062
312634,normal,3625,0,1782362283.2521899,0.002026081085205078
312635,normal,3320,1,1782362283.2541919,0.0020020008087158203
312636,normal,1412,0,1782362283.256173,0.001981019973754883
312637,normal,123,0,1782362283.258195,0.0020220279693603516
312638,normal,3441,0,1782362283.2602031,0.002008199691772461
312639,normal,2118,0,1782362283.26217,0.0019669532775878906
312640,normal,220,0,1782362283.264191,0.0020208358764648438
312641,normal,791,2,1782362283.2661936,0.002002716064453125
312642,normal,727,0,1782362283.2681608,0.001967191696166992
312643,normal,1263,0,1782362283.2701895,0.0020287036895751953
312644,normal,1375,1,1782362283.2721925,0.0020029544830322266
312645,normal,3164,1,1782362283.2741594,0.0019669532775878906
312646,normal,302,0,1782362283.2761946,0.0020351409912109375
312647,normal,2068,0,1782362283.2781928,0.0019981861114501953
312648,normal,3430,0,1782362283.280163,0.0019702911376953125
312649,normal,286,0,1782362283.2822006,0.002037525177001953
312650,normal,1223,0,1782362283.2841954,0.0019948482513427734
312651,normal,1761,0,1782362283.2861552,0.0019598007202148438
312652,normal,446,0,1782362283.2882004,0.002045154571533203
312653,normal,2898,0,1782362283.2901933,0.001992940902709961
312654,normal,1352,1,1782362283.2921596,0.001966238021850586
312655,normal,1895,0,1782362283.2941928,0.002033233642578125
312656,normal,2437,0,1782362283.2961898,0.0019969940185546875
312657,normal,1834,0,1782362283.2981625,0.001972675323486328
312658,normal,1335,1,1782362283.3001907,0.002028226852416992
312659,normal,1542,0,1782362283.3022046,0.0020139217376708984
312660,normal,2957,0,1782362283.3041587,0.0019540786743164062
312661,normal,214,0,1782362283.306195,0.0020363330841064453
312662,normal,2285,0,1782362283.308191,0.0019960403442382812
312663,normal,3226,1,1782362283.3101614,0.0019702911376953125
312664,normal,1452,0,1782362283.3121939,0.0020325183868408203
312665,normal,3649,0,1782362283.3141906,0.001996755599975586
312666,normal,1957,0,1782362283.3161614,0.0019707679748535156
312667,normal,2608,0,1782362283.31819,0.0020287036895751953
312668,normal,2936,0,1782362283.3201911,0.002001047134399414
312669,normal,757,0,1782362283.3221586,0.0019674301147460938
312670,normal,3162,1,1782362283.324192,0.0020334720611572266
312671,normal,1900,0,1782362283.3262162,0.0020241737365722656
312672,normal,667,0,1782362283.3281648,0.0019485950469970703
312673,normal,653,0,1782362283.3301897,0.0020248889923095703
312674,normal,12,0,1782362283.3321912,0.002001523971557617
312675,normal,1614,0,1782362283.334187,0.0019958019256591797
312676,normal,52,0,1782362283.3361878,0.0020008087158203125
312677,normal,3662,0,1782362283.3381898,0.0020020008087158203
312678,normal,2323,0,1782362283.3401656,0.0019757747650146484
312679,normal,3319,1,1782362283.3421936,0.0020279884338378906
312680,normal,2740,0,1782362283.3441918,0.0019981861114501953
312681,normal,3015,0,1782362283.346158,0.001966238021850586
312682,normal,3003,0,1782362283.3481889,0.0020308494567871094
312683,normal,1125,0,1782362283.3501725,0.001983642578125
312684,normal,3281,1,1782362283.3521922,0.002019643783569336
312685,normal,1141,0,1782362283.3541985,0.0020062923431396484
312686,normal,3054,1,1782362283.3562055,0.002007007598876953
312687,normal,1002,2,1782362283.3581653,0.0019598007202148438
312688,normal,2875,0,1782362283.3602881,0.0021228790283203125
312689,normal,2448,0,1782362283.3621938,0.001905679702758789
312690,normal,1937,0,1782362283.3641691,0.0019752979278564453
312691,normal,2018,0,1782362283.3661966,0.0020275115966796875
312692,normal,439,0,1782362283.368205,0.0020084381103515625
312693,normal,3349,1,1782362283.3701751,0.001970052719116211
312694,normal,2397,0,1782362283.3722053,0.0020301342010498047
312695,normal,1955,0,1782362283.3742032,0.0019979476928710938
312696,normal,3078,1,1782362283.376177,0.001973867416381836
312697,normal,1137,0,1782362283.3782022,0.002025127410888672
312698,normal,576,0,1782362283.3802094,0.0020072460174560547
312699,normal,1066,0,1782362283.3821607,0.0019512176513671875
312700,normal,2501,0,1782362283.3842082,0.0020475387573242188
312701,normal,142,0,1782362283.386196,0.0019876956939697266
312702,normal,1951,0,1782362283.3881598,0.0019638538360595703
312703,normal,1798,0,1782362283.3902175,0.002057790756225586
312704,normal,2422,0,1782362283.3922038,0.001986265182495117
312705,normal,591,0,1782362283.3941607,0.001956939697265625
312706,normal,2659,0,1782362283.3962104,0.002049684524536133
312707,normal,55,0,1782362283.3982053,0.0019948482513427734
312708,normal,3574,0,1782362283.400159,0.001953601837158203
312709,normal,3651,0,1782362283.4022155,0.002056598663330078
312710,normal,1360,1,1782362283.4042044,0.0019888877868652344
312711,normal,1211,0,1782362283.406153,0.0019485950469970703
312712,normal,3431,0,1782362283.4082265,0.002073526382446289
312713,normal,3654,0,1782362283.4102128,0.001986265182495117
312714,normal,711,0,1782362283.4121616,0.0019488334655761719
312715,normal,3033,0,1782362283.4143808,0.0022192001342773438
312716,normal,2139,0,1782362283.4161956,0.0018148422241210938
312717,normal,1562,0,1782362283.4182365,0.002040863037109375
312718,normal,3401,1,1782362283.4202132,0.0019767284393310547
312719,normal,1470,0,1782362283.4222178,0.0020046234130859375
312720,normal,738,0,1782362283.4241648,0.0019469261169433594
312721,normal,2512,0,1782362283.426254,0.002089262008666992
312722,normal,740,0,1782362283.4282057,0.0019516944885253906
312723,normal,1574,0,1782362283.4301574,0.0019516944885253906
312724,normal,1769,0,1782362283.4322236,0.0020661354064941406
312725,normal,730,0,1782362283.4342027,0.0019791126251220703
312726,normal,3523,0,1782362283.4361928,0.001990079879760742
312727,normal,3339,1,1782362283.4382246,0.0020318031311035156
312728,normal,2186,0,1782362283.4402113,0.0019867420196533203
312729,normal,442,0,1782362283.4423153,0.002104043960571289
312730,normal,210,0,1782362283.4449,0.002584695816040039
312731,normal,794,2,1782362283.4461694,0.0012693405151367188
312732,normal,3291,1,1782362283.4482677,0.0020983219146728516
312733,normal,1434,0,1782362283.4502256,0.0019578933715820312
312734,normal,2356,0,1782362283.4523563,0.002130746841430664
312735,normal,1199,0,1782362283.4541447,0.0017883777618408203
312736,normal,919,2,1782362283.4561572,0.002012491226196289
312737,normal,3561,0,1782362283.4582691,0.0021119117736816406
312738,normal,1566,0,1782362283.460179,0.0019099712371826172
312739,normal,512,0,1782362283.4622402,0.002061128616333008
312740,normal,1102,0,1782362283.4642572,0.0020170211791992188
312741,normal,101,0,1782362283.4661698,0.0019125938415527344
312742,normal,94,0,1782362283.468515,0.0023450851440429688
312743,normal,853,2,1782362283.470464,0.0019490718841552734
312744,normal,2536,0,1782362283.472261,0.0017969608306884766
312745,normal,1402,0,1782362283.4742224,0.0019614696502685547
312746,normal,2037,0,1782362283.4761963,0.001973867416381836
312747,normal,1902,0,1782362283.478196,0.0019996166229248047
312748,normal,1527,0,1782362283.480318,0.002122163772583008
312749,normal,1506,0,1782362283.482201,0.0018830299377441406
312750,normal,225,0,1782362283.484162,0.0019609928131103516
312751,normal,1431,0,1782362283.4862723,0.0021102428436279297
312752,normal,2307,0,1782362283.4881945,0.0019221305847167969
312753,normal,2553,0,1782362283.490165,0.001970529556274414
312754,normal,3311,1,1782362283.4921834,0.002018451690673828
312755,normal,1644,0,1782362283.4941719,0.0019884109497070312
312756,normal,2946,0,1782362283.4961863,0.0020143985748291016
312757,normal,2308,0,1782362283.498289,0.0021028518676757812
312758,normal,825,2,1782362283.5002832,0.0019941329956054688
312759,normal,880,2,1782362283.5022662,0.0019829273223876953
312760,normal,1445,0,1782362283.5044706,0.002204418182373047
312761,normal,281,0,1782362283.5065396,0.0020689964294433594
312762,normal,1368,1,1782362283.5085123,0.001972675323486328
312763,normal,2292,0,1782362283.510165,0.0016527175903320312
312764,normal,1879,0,1782362283.512233,0.002068042755126953
312765,normal,1033,0,1782362283.5141606,0.0019276142120361328
312766,normal,2438,0,1782362283.5161905,0.002029895782470703
312767,normal,1851,0,1782362283.5182493,0.002058744430541992
312768,normal,397,0,1782362283.5201936,0.0019443035125732422
312769,normal,311,0,1782362283.5222101,0.0020165443420410156
312770,normal,3211,1,1782362283.5242019,0.001991748809814453
312771,normal,3336,1,1782362283.526146,0.0019440650939941406
312772,normal,2455,0,1782362283.5282593,0.00211334228515625
312773,normal,2358,0,1782362283.530317,0.002057790756225586
312774,normal,2844,0,1782362283.5321965,0.0018794536590576172
312775,normal,2029,0,1782362283.5341444,0.0019478797912597656
312776,normal,2039,0,1782362283.5362914,0.0021469593048095703
312777,normal,849,2,1782362283.538134,0.0018427371978759766
312778,normal,2497,0,1782362283.5401719,0.0020377635955810547
312779,normal,2052,0,1782362283.5421693,0.0019974708557128906
312780,normal,1797,0,1782362283.5442348,0.002065420150756836
312781,normal,3457,0,1782362283.5461469,0.0019121170043945312
312782,normal,2084,0,1782362283.548158,0.0020110607147216797
312783,normal,2489,0,1782362283.550146,0.0019881725311279297
312784,normal,3557,0,1782362283.5521574,0.0020112991333007812
312785,normal,3147,1,1782362283.5541887,0.0020313262939453125
312786,normal,1692,0,1782362283.5562232,0.002034425735473633
312787,normal,2168,0,1782362283.5582368,0.002013683319091797
312788,normal,3196,1,1782362283.5602539,0.0020170211791992188
312789,normal,3385,1,1782362283.5625167,0.0022628307342529297
312790,normal,3304,1,1782362283.5642107,0.0016939640045166016
312791,normal,1909,0,1782362283.5662935,0.00208282470703125
312792,normal,181,0,1782362283.5682793,0.001985788345336914
312793,normal,2036,0,1782362283.5701356,0.0018563270568847656
312794,normal,25,0,1782362283.5721314,0.0019958019256591797
312795,normal,2988,0,1782362283.5741904,0.0020589828491210938
312796,normal,2870,0,1782362283.5761352,0.0019447803497314453
312797,normal,986,2,1782362283.5781543,0.002019166946411133
312798,normal,3280,1,1782362283.580235,0.002080678939819336
312799,normal,1248,0,1782362283.5821652,0.00193023681640625
312800,normal,3599,0,1782362283.5842242,0.0020589828491210938
312801,normal,1591,0,1782362283.5861988,0.0019745826721191406
312802,normal,996,2,1782362283.588199,0.002000093460083008
312803,normal,1976,0,1782362283.5902488,0.0020499229431152344
312804,normal,1524,0,1782362283.592187,0.0019381046295166016
312805,normal,1513,0,1782362283.5942297,0.0020427703857421875
312806,normal,1740,0,1782362283.5961726,0.0019428730010986328
312807,normal,2007,0,1782362283.5981383,0.001965761184692383
312808,normal,240,0,1782362283.6001668,0.0020284652709960938
312809,normal,3408,0,1782362283.6022723,0.0021054744720458984
312810,normal,785,2,1782362283.60429,0.0020177364349365234
312811,normal,1521,0,1782362283.6061356,0.0018455982208251953
312812,normal,2897,0,1782362283.608142,0.0020062923431396484
312813,normal,2934,0,1782362283.610133,0.0019910335540771484
312814,normal,320,0,1782362283.612145,0.002012014389038086
312815,normal,1898,0,1782362283.6143436,0.0021986961364746094
312816,normal,1150,0,1782362283.6164126,0.0020689964294433594
312817,normal,2332,0,1782362283.618171,0.0017583370208740234
312818,normal,1334,1,1782362283.6201506,0.0019795894622802734
312819,normal,3274,1,1782362283.6221442,0.0019936561584472656
312820,normal,908,2,1782362283.6241484,0.0020041465759277344
312821,normal,536,0,1782362283.62621,0.002061605453491211
312822,normal,3409,0,1782362283.628439,0.002228975296020508
312823,normal,1403,0,1782362283.6313136,0.002874612808227539
312824,normal,2798,0,1782362283.6322918,0.000978231430053711
312825,normal,3251,1,1782362283.6342475,0.001955747604370117
312826,normal,671,0,1782362283.6364086,0.0021610260009765625
312827,normal,1114,0,1782362283.638291,0.001882314682006836
312828,normal,2142,0,1782362283.640296,0.0020051002502441406
312829,normal,1317,0,1782362283.6425982,0.0023021697998046875
312830,normal,1914,0,1782362283.644254,0.0016558170318603516
312831,normal,1887,0,1782362283.6463718,0.0021178722381591797
312832,normal,886,2,1782362283.6482246,0.0018527507781982422
312833,normal,1184,0,1782362283.6504602,0.0022356510162353516
312834,normal,2095,0,1782362283.6521938,0.001733541488647461
312835,normal,3475,0,1782362283.654542,0.002348184585571289
312836,normal,1069,0,1782362283.6563766,0.0018346309661865234
312837,normal,2652,0,1782362283.6583986,0.0020220279693603516
312838,normal,2026,0,1782362283.6604183,0.002019643783569336
312839,normal,2644,0,1782362283.662568,0.002149820327758789
312840,normal,773,2,1782362283.6643307,0.0017626285552978516
312841,normal,841,2,1782362283.6662683,0.0019376277923583984
312842,normal,31,0,1782362283.6683867,0.002118349075317383
312843,normal,754,0,1782362283.6702063,0.001819610595703125
312844,normal,3141,1,1782362283.672405,0.0021986961364746094
312845,normal,2471,0,1782362283.6742952,0.0018901824951171875
312846,normal,1666,0,1782362283.6763935,0.0020983219146728516
312847,normal,2959,0,1782362283.6782908,0.0018973350524902344
312848,normal,3223,1,1782362283.6804073,0.0021164417266845703
312849,normal,1944,0,1782362283.6821818,0.0017745494842529297
312850,normal,969,2,1782362283.684319,0.0021371841430664062
312851,normal,2650,0,1782362283.686292,0.0019729137420654297
312852,normal,134,0,1782362283.6881635,0.0018715858459472656
312853,normal,2492,0,1782362283.6902845,0.0021209716796875
312854,normal,140,0,1782362283.6923223,0.0020377635955810547
312855,normal,1560,0,1782362283.6942363,0.0019140243530273438
312856,normal,1877,0,1782362283.6962614,0.002025127410888672
312857,normal,603,0,1782362283.6982615,0.002000093460083008
312858,normal,1026,2,1782362283.700151,0.0018894672393798828
312859,normal,2916,0,1782362283.7022645,0.0021135807037353516
312860,normal,1185,0,1782362283.7043324,0.0020678043365478516
312861,normal,389,0,1782362283.7062302,0.0018978118896484375
312862,normal,675,0,1782362283.7082782,0.002048015594482422
312863,normal,185,0,1782362283.710298,0.0020198822021484375
312864,normal,1156,0,1782362283.7122588,0.00196075439453125
312865,normal,614,0,1782362283.7142572,0.001998424530029297
312866,normal,2716,0,1782362283.7162628,0.0020055770874023438
312867,normal,1803,0,1782362283.718261,0.0019981861114501953
312868,normal,3255,1,1782362283.7202454,0.0019843578338623047
312869,normal,734,0,1782362283.7222822,0.0020368099212646484
312870,normal,3675,0,1782362283.7242506,0.0019683837890625
312871,normal,1621,0,1782362283.7263083,0.002057790756225586
312872,normal,553,0,1782362283.7283072,0.0019989013671875
312873,normal,943,2,1782362283.730248,0.0019407272338867188
312874,normal,3425,0,1782362283.732273,0.002025127410888672
312875,normal,562,0,1782362283.7342865,0.0020134449005126953
312876,normal,2515,0,1782362283.736282,0.001995563507080078
312877,normal,40,0,1782362283.7383962,0.0021140575408935547
312878,normal,2641,0,1782362283.7403674,0.0019712448120117188
312879,normal,524,0,1782362283.7425737,0.0022063255310058594
312880,normal,1100,0,1782362283.7441912,0.001617431640625
312881,normal,697,0,1782362283.7463088,0.002117633819580078
312882,normal,1110,0,1782362283.7482905,0.0019817352294921875
312883,normal,2352,0,1782362283.7503858,0.0020952224731445312
312884,normal,3666,0,1782362283.7523043,0.0019185543060302734
312885,normal,3259,1,1782362283.7543616,0.002057313919067383
312886,normal,2604,0,1782362283.7563567,0.001995086669921875
312887,normal,2494,0,1782362283.758282,0.0019252300262451172
312888,normal,608,0,1782362283.7601895,0.0019075870513916016
312889,normal,1854,0,1782362283.7622492,0.0020596981048583984
312890,normal,2886,0,1782362283.7642548,0.0020055770874023438
312891,normal,1332,1,1782362283.7662625,0.002007722854614258
312892,normal,2097,0,1782362283.7682183,0.001955747604370117
312893,normal,1067,0,1782362283.770262,0.0020437240600585938
312894,normal,1358,1,1782362283.7722468,0.001984834671020508
312895,normal,3324,1,1782362283.7743645,0.002117633819580078
312896,normal,459,0,1782362283.7765307,0.002166271209716797
312897,normal,1755,0,1782362283.7781973,0.0016665458679199219
312898,normal,1488,0,1782362283.7804122,0.0022149085998535156
312899,normal,2441,0,1782362283.7822917,0.0018794536590576172
312900,normal,1022,2,1782362283.7842343,0.0019426345825195312
312901,normal,3099,1,1782362283.786338,0.0021038055419921875
312902,normal,1867,0,1782362283.788355,0.0020170211791992188
312903,normal,160,0,1782362283.7902215,0.0018663406372070312
312904,normal,1543,0,1782362283.792276,0.002054452896118164
312905,normal,1393,0,1782362283.7942796,0.0020036697387695312
312906,normal,2060,0,1782362283.7962732,0.0019936561584472656
312907,normal,1708,0,1782362283.7983828,0.002109527587890625
312908,normal,1428,0,1782362283.8003917,0.0020089149475097656
312909,normal,3520,0,1782362283.8022366,0.0018448829650878906
312910,normal,3130,1,1782362283.8043134,0.002076864242553711
312911,normal,1814,0,1782362283.8063364,0.002022981643676758
312912,normal,1659,0,1782362283.8083565,0.002020120620727539
312913,normal,2048,0,1782362283.8102362,0.0018796920776367188
312914,normal,1594,0,1782362283.812442,0.0022058486938476562
312915,normal,830,2,1782362283.814241,0.001798868179321289
312916,normal,518,0,1782362283.816283,0.002042055130004883
312917,normal,1290,0,1782362283.8184237,0.0021407604217529297
312918,normal,466,0,1782362283.8205748,0.002151012420654297
312919,normal,3028,0,1782362283.8222227,0.00164794921875
312920,normal,1087,0,1782362283.8243668,0.0021440982818603516
312921,normal,1607,0,1782362283.826341,0.0019741058349609375
312922,normal,1956,0,1782362283.8282437,0.0019028186798095703
312923,normal,616,0,1782362283.8302722,0.0020284652709960938
312924,normal,3706,0,1782362283.8321793,0.0019071102142333984
312925,normal,2964,0,1782362283.8342524,0.002073049545288086
312926,normal,3127,1,1782362283.8362746,0.002022266387939453
312927,normal,2816,0,1782362283.8382893,0.002014636993408203
312928,normal,290,0,1782362283.840389,0.002099752426147461
312929,normal,966,2,1782362283.8423212,0.0019321441650390625
312930,normal,1849,0,1782362283.8442917,0.001970529556274414
312931,normal,2432,0,1782362283.846294,0.002002239227294922
312932,normal,2887,0,1782362283.848486,0.0021920204162597656
312933,normal,2891,0,1782362283.8502016,0.0017156600952148438
312934,normal,1933,0,1782362283.8523154,0.002113819122314453
312935,normal,2138,0,1782362283.8542824,0.0019669532775878906
312936,normal,3600,0,1782362283.8561854,0.0019030570983886719
312937,normal,961,2,1782362283.8582952,0.0021097660064697266
312938,normal,3160,1,1782362283.8603153,0.002020120620727539
312939,normal,3186,1,1782362283.8621662,0.0018508434295654297
312940,normal,2286,0,1782362283.864299,0.002132892608642578
312941,normal,954,2,1782362283.8664024,0.0021033287048339844
312942,normal,724,0,1782362283.8681731,0.0017707347869873047
312943,normal,3399,1,1782362283.8703012,0.002128124237060547
312944,normal,76,0,1782362283.8722804,0.0019791126251220703
312945,normal,379,0,1782362283.8741655,0.0018851757049560547
312946,normal,1822,0,1782362283.8762693,0.0021038055419921875
312947,normal,3218,1,1782362283.8782938,0.002024412155151367
312948,normal,337,0,1782362283.8802028,0.001909017562866211
312949,normal,2403,0,1782362283.8823411,0.002138376235961914
312950,normal,3581,0,1782362283.8843496,0.0020084381103515625
312951,normal,3549,0,1782362283.8861825,0.0018329620361328125
312952,normal,449,0,1782362283.8882902,0.0021076202392578125
312953,normal,760,0,1782362283.8903408,0.002050638198852539
312954,normal,2284,0,1782362283.8921645,0.0018236637115478516
312955,normal,2481,0,1782362283.8942697,0.002105236053466797
312956,normal,2793,0,1782362283.896264,0.0019943714141845703
312957,normal,2213,0,1782362283.8982415,0.0019774436950683594
312958,normal,597,0,1782362283.9003556,0.0021140575408935547
312959,normal,1548,0,1782362283.902323,0.0019674301147460938
312960,normal,344,0,1782362283.9042692,0.0019462108612060547
312961,normal,3414,0,1782362283.9062924,0.0020232200622558594
312962,normal,3334,1,1782362283.9082835,0.0019910335540771484
312963,normal,2232,0,1782362283.9101763,0.0018928050994873047
312964,normal,3021,0,1782362283.912445,0.0022687911987304688
312965,normal,19,0,1782362283.9142776,0.0018324851989746094
312966,normal,56,0,1782362283.9161546,0.0018770694732666016
312967,normal,902,2,1782362283.9182684,0.002113819122314453
312968,normal,486,0,1782362283.9201946,0.0019261837005615234
312969,normal,2289,0,1782362283.9222324,0.0020377635955810547
312970,normal,401,0,1782362283.924159,0.0019266605377197266
312971,normal,2764,0,1782362283.926258,0.0020990371704101562
312972,normal,2900,0,1782362283.9281518,0.001893758773803711
312973,normal,1593,0,1782362283.9302738,0.0021219253540039062
312974,normal,2721,0,1782362283.932411,0.0021371841430664062
312975,normal,2561,0,1782362283.9341128,0.0017018318176269531
312976,normal,623,0,1782362283.9361522,0.0020394325256347656
312977,normal,3558,0,1782362283.9382114,0.0020592212677001953
312978,normal,1864,0,1782362283.9401202,0.0019087791442871094
312979,normal,3207,1,1782362283.9422934,0.002173185348510742
312980,normal,2658,0,1782362283.9442756,0.0019822120666503906
312981,normal,1309,0,1782362283.9462607,0.0019850730895996094
312982,normal,3344,1,1782362283.9482572,0.0019965171813964844
312983,normal,3024,0,1782362283.9502673,0.0020101070404052734
312984,normal,2812,0,1782362283.9522321,0.0019648075103759766
312985,normal,812,2,1782362283.9544404,0.002208232879638672
312986,normal,406,0,1782362283.9563978,0.001957416534423828
312987,normal,2674,0,1782362283.958206,0.00180816650390625
312988,normal,3524,0,1782362283.9602969,0.002090930938720703
312989,normal,2963,0,1782362283.9623168,0.0020198822021484375
312990,normal,472,0,1782362283.9643037,0.001986980438232422
312991,normal,2559,0,1782362283.9690797,0.0047760009765625
312992,normal,454,0,1782362283.9691646,8.487701416015625e-05
312993,normal,241,0,1782362283.9701939,0.0010292530059814453
312994,normal,3029,0,1782362283.9722562,0.0020623207092285156
312995,normal,3614,0,1782362283.974219,0.001962900161743164
312996,normal,1869,0,1782362283.976222,0.0020029544830322266
312997,normal,1058,0,1782362283.9781997,0.001977682113647461
312998,normal,105,0,1782362283.980166,0.001966238021850586
312999,normal,1216,0,1782362283.9823403,0.00217437744140625
313000,normal,1959,0,1782362283.9841945,0.0018541812896728516
313001,normal,3623,0,1782362283.9862845,0.002089977264404297
313002,normal,3217,1,1782362283.9882138,0.0019292831420898438
313003,normal,2041,0,1782362283.9902818,0.002068042755126953
313004,normal,2754,0,1782362283.9922957,0.0020139217376708984
313005,normal,2695,0,1782362283.9943216,0.0020258426666259766
313006,normal,3488,0,1782362283.9963033,0.0019817352294921875
313007,normal,2570,0,1782362283.99818,0.0018765926361083984
313008,normal,171,0,1782362284.0001793,0.001999378204345703
313009,normal,1790,0,1782362284.0022018,0.0020225048065185547
313010,normal,1266,0,1782362284.0042229,0.0020210742950439453
313011,normal,2757,0,1782362284.0062065,0.001983642578125
313012,normal,1979,0,1782362284.0081663,0.0019598007202148438
313013,normal,1345,1,1782362284.010191,0.0020246505737304688
313014,normal,1471,0,1782362284.012199,0.0020079612731933594
313015,normal,1023,2,1782362284.014195,0.0019960403442382812
313016,normal,1629,0,1782362284.016192,0.0019969940185546875
313017,normal,1715,0,1782362284.0181854,0.001993417739868164
313018,normal,3074,1,1782362284.0203123,0.002126932144165039
313019,normal,223,0,1782362284.0222802,0.001967906951904297
313020,normal,438,0,1782362284.0241685,0.001888275146484375
313021,normal,239,0,1782362284.0262728,0.0021042823791503906
313022,normal,855,2,1782362284.028266,0.0019931793212890625
313023,normal,2666,0,1782362284.0302222,0.0019562244415283203
313024,normal,991,2,1782362284.0323215,0.002099275588989258
313025,normal,2572,0,1782362284.034337,0.0020155906677246094
313026,normal,4,0,1782362284.0362637,0.0019266605377197266
313027,normal,602,0,1782362284.0381937,0.0019299983978271484
313028,normal,2202,0,1782362284.0402966,0.0021028518676757812
313029,normal,1467,0,1782362284.04218,0.0018835067749023438
313030,normal,1265,0,1782362284.0442598,0.0020797252655029297
313031,normal,2412,0,1782362284.0462654,0.0020055770874023438
313032,normal,2635,0,1782362284.0481555,0.0018901824951171875
313033,normal,20,0,1782362284.0502782,0.002122640609741211
313034,normal,2558,0,1782362284.0523386,0.002060413360595703
313035,normal,3674,0,1782362284.0542495,0.0019109249114990234
313036,normal,1820,0,1782362284.0563812,0.0021317005157470703
313037,normal,1020,2,1782362284.0583906,0.0020093917846679688
313038,normal,2575,0,1782362284.0602105,0.0018198490142822266
313039,normal,2082,0,1782362284.0622232,0.0020127296447753906
313040,normal,583,0,1782362284.0643964,0.002173185348510742
313041,normal,1856,0,1782362284.0662284,0.0018320083618164062
313042,normal,1338,1,1782362284.0681539,0.0019254684448242188
313043,normal,127,0,1782362284.0702562,0.002102375030517578
313044,normal,2452,0,1782362284.0721574,0.0019011497497558594
313045,normal,1017,2,1782362284.0743861,0.0022287368774414062
313046,normal,3301,1,1782362284.0762556,0.0018694400787353516
313047,normal,3389,1,1782362284.0781507,0.0018951892852783203
313048,normal,3082,1,1782362284.0802584,0.0021076202392578125
313049,normal,3118,1,1782362284.0822713,0.002012968063354492
313050,normal,3663,0,1782362284.0847387,0.0024673938751220703
313051,normal,91,0,1782362284.0863657,0.0016269683837890625
313052,normal,1829,0,1782362284.088337,0.0019712448120117188
313053,normal,361,0,1782362284.0901477,0.0018107891082763672
313054,normal,717,0,1782362284.092275,0.0021271705627441406
313055,normal,1932,0,1782362284.0942776,0.002002716064453125
313056,normal,2526,0,1782362284.0962284,0.0019507408142089844
313057,normal,2586,0,1782362284.0981703,0.0019419193267822266
313058,normal,599,0,1782362284.1002843,0.0021140575408935547
313059,normal,2464,0,1782362284.1021578,0.0018734931945800781
313060,normal,1406,0,1782362284.1042717,0.002113819122314453
313061,normal,862,2,1782362284.106278,0.0020062923431396484
313062,normal,150,0,1782362284.10818,0.0019021034240722656
313063,normal,2555,0,1782362284.1104014,0.002221345901489258
313064,normal,1179,0,1782362284.1123965,0.001995086669921875
313065,normal,2211,0,1782362284.1142104,0.0018138885498046875
313066,normal,3601,0,1782362284.116228,0.0020177364349365234
313067,normal,539,0,1782362284.118358,0.002129793167114258
313068,normal,3604,0,1782362284.120196,0.0018382072448730469
313069,normal,2075,0,1782362284.122415,0.002218961715698242
313070,normal,189,0,1782362284.124362,0.0019469261169433594
313071,normal,1233,0,1782362284.1262426,0.001880645751953125
313072,normal,2262,0,1782362284.1284091,0.0021665096282958984
313073,normal,1423,0,1782362284.1305892,0.0021800994873046875
313074,normal,2738,0,1782362284.132349,0.0017597675323486328
313075,normal,3700,0,1782362284.1341977,0.0018486976623535156
313076,normal,2,0,1782362284.1362805,0.00208282470703125
313077,normal,1833,0,1782362284.1381729,0.0018923282623291016
313078,normal,2013,0,1782362284.140289,0.0021162033081054688
313079,normal,2801,0,1782362284.142288,0.0019989013671875
313080,normal,317,0,1782362284.1441717,0.0018837451934814453
313081,normal,1304,0,1782362284.1462777,0.0021059513092041016
313082,normal,2239,0,1782362284.1482997,0.0020220279693603516
313083,normal,2841,0,1782362284.1502101,0.0019104480743408203
313084,normal,2229,0,1782362284.1523597,0.0021495819091796875
313085,normal,3566,0,1782362284.154297,0.0019373893737792969
313086,normal,3215,1,1782362284.1561944,0.0018973350524902344
313087,normal,2003,0,1782362284.1583095,0.002115011215209961
313088,normal,3489,0,1782362284.1603456,0.0020360946655273438
313089,normal,1645,0,1782362284.1622522,0.0019066333770751953
313090,normal,2677,0,1782362284.1641715,0.0019192695617675781
313091,normal,2306,0,1782362284.1663024,0.0021309852600097656
313092,normal,1954,0,1782362284.1681955,0.0018930435180664062
313093,normal,1032,0,1782362284.1703033,0.002107858657836914
313094,normal,509,0,1782362284.1723127,0.0020093917846679688
313095,normal,2243,0,1782362284.1742148,0.0019021034240722656
313096,normal,3120,1,1782362284.1763456,0.002130746841430664
313097,normal,776,2,1782362284.1782892,0.0019435882568359375
313098,normal,3506,0,1782362284.1801794,0.0018901824951171875
313099,normal,3626,0,1782362284.182288,0.0021085739135742188
313100,normal,699,0,1782362284.184285,0.0019969940185546875
313101,normal,1365,1,1782362284.1862054,0.001920461654663086
313102,normal,1260,0,1782362284.188339,0.002133607864379883
313103,normal,784,2,1782362284.1903684,0.0020294189453125
313104,normal,182,0,1782362284.1922255,0.0018570423126220703
313105,normal,1050,0,1782362284.1942546,0.0020291805267333984
313106,normal,685,0,1782362284.196308,0.0020532608032226562
313107,normal,3353,1,1782362284.1982167,0.0019087791442871094
313108,normal,456,0,1782362284.2003465,0.002129793167114258
313109,normal,1027,2,1782362284.2022443,0.0018978118896484375
313110,normal,2063,0,1782362284.2041388,0.0018944740295410156
313111,normal,1306,0,1782362284.2062542,0.002115488052368164
313112,normal,678,0,1782362284.2082677,0.0020134449005126953
313113,normal,3608,0,1782362284.2102273,0.001959562301635742
313114,normal,3231,1,1782362284.2122488,0.0020215511322021484
313115,normal,1996,0,1782362284.2142444,0.001995563507080078
313116,normal,1397,0,1782362284.2161965,0.0019521713256835938
313117,normal,2589,0,1782362284.2183406,0.0021440982818603516
313118,normal,1840,0,1782362284.2202299,0.0018892288208007812
313119,normal,1080,0,1782362284.2221644,0.0019345283508300781
313120,normal,650,0,1782362284.224271,0.0021066665649414062
313121,normal,2958,0,1782362284.226208,0.0019369125366210938
313122,normal,3239,1,1782362284.2281094,0.001901388168334961
313123,normal,2498,0,1782362284.2301917,0.002082347869873047
313124,normal,1665,0,1782362284.232202,0.002010345458984375
313125,normal,2710,0,1782362284.2341473,0.0019452571868896484
313126,normal,3167,1,1782362284.2361724,0.002025127410888672
313127,normal,2025,0,1782362284.238185,0.002012491226196289
313128,normal,1704,0,1782362284.2401452,0.001960277557373047
313129,normal,644,0,1782362284.2421584,0.0020132064819335938
313130,normal,679,0,1782362284.2441611,0.002002716064453125
313131,normal,2179,0,1782362284.246163,0.0020017623901367188
313132,normal,822,2,1782362284.2483194,0.002156496047973633
313133,normal,3514,0,1782362284.2503223,0.0020029544830322266
313134,normal,2259,0,1782362284.2521472,0.0018248558044433594
313135,normal,3040,0,1782362284.2541597,0.002012491226196289
313136,normal,2581,0,1782362284.256164,0.002004384994506836
313137,normal,2426,0,1782362284.258154,0.0019898414611816406
313138,normal,1978,0,1782362284.260214,0.0020601749420166016
313139,normal,2246,0,1782362284.2624142,0.0022001266479492188
313140,normal,1533,0,1782362284.2641168,0.0017025470733642578
313141,normal,1922,0,1782362284.2662835,0.002166748046875
313142,normal,2731,0,1782362284.2682827,0.0019991397857666016
313143,normal,2871,0,1782362284.2701547,0.0018720626831054688
313144,normal,2737,0,1782362284.272292,0.0021371841430664062
313145,normal,1298,0,1782362284.2743528,0.0020608901977539062
313146,normal,2372,0,1782362284.2763538,0.002001047134399414
313147,normal,3502,0,1782362284.2781596,0.0018057823181152344
313148,normal,3453,0,1782362284.2803726,0.002213001251220703
313149,normal,1555,0,1782362284.282175,0.0018024444580078125
313150,normal,2539,0,1782362284.2843666,0.0021915435791015625
313151,normal,3267,1,1782362284.2861884,0.001821756362915039
313152,normal,2223,0,1782362284.2885718,0.0023834705352783203
313153,normal,2088,0,1782362284.2902656,0.0016937255859375
313154,normal,1347,1,1782362284.2923543,0.002088785171508789
313155,normal,3541,0,1782362284.2943835,0.0020291805267333984
313156,normal,38,0,1782362284.296688,0.002304553985595703
313157,normal,204,0,1782362284.2982395,0.0015513896942138672
313158,normal,158,0,1782362284.3002727,0.002033233642578125
313159,normal,637,0,1782362284.3023121,0.0020394325256347656
313160,normal,1831,0,1782362284.304413,0.0021009445190429688
313161,normal,2260,0,1782362284.3061984,0.0017852783203125
313162,normal,2130,0,1782362284.3084183,0.0022199153900146484
313163,normal,420,0,1782362284.3103964,0.001978158950805664
313164,normal,3610,0,1782362284.3122897,0.0018932819366455078
313165,normal,58,0,1782362284.3144217,0.002131938934326172
313166,normal,1705,0,1782362284.3165827,0.0021610260009765625
313167,normal,1206,0,1782362284.3183548,0.001772165298461914
313168,normal,3579,0,1782362284.3203075,0.0019526481628417969
313169,normal,3354,1,1782362284.3224113,0.0021038055419921875
313170,normal,824,2,1782362284.3243184,0.0019071102142333984
313171,normal,1130,0,1782362284.3264391,0.0021207332611083984
313172,normal,3175,1,1782362284.3283713,0.0019321441650390625
313173,normal,1523,0,1782362284.3302183,0.0018470287322998047
313174,normal,1076,0,1782362284.3322964,0.0020780563354492188
313175,normal,1291,0,1782362284.3344064,0.002110004425048828
313176,normal,356,0,1782362284.3362017,0.0017952919006347656
313177,normal,285,0,1782362284.3384182,0.0022165775299072266
313178,normal,3606,0,1782362284.340426,0.002007722854614258
313179,normal,3477,0,1782362284.342308,0.0018820762634277344
313180,normal,2373,0,1782362284.3443708,0.0020627975463867188
313181,normal,2056,0,1782362284.3464162,0.0020453929901123047
313182,normal,141,0,1782362284.348206,0.0017898082733154297
313183,normal,659,0,1782362284.3501472,0.0019412040710449219
313184,normal,2108,0,1782362284.352212,0.0020647048950195312
313185,normal,3592,0,1782362284.3541496,0.0019376277923583984
313186,normal,2266,0,1782362284.3561695,0.0020198822021484375
313187,normal,231,0,1782362284.3581758,0.0020062923431396484
313188,normal,2617,0,1782362284.3602574,0.002081632614135742
313189,normal,1409,0,1782362284.3621576,0.0019001960754394531
313190,normal,2298,0,1782362284.3641984,0.002040863037109375
313191,normal,412,0,1782362284.3661723,0.001973867416381836
313192,normal,1193,0,1782362284.3681662,0.001993894577026367
313193,normal,3056,1,1782362284.3701596,0.001993417739868164
313194,normal,3026,0,1782362284.3721657,0.002006053924560547
313195,normal,273,0,1782362284.3741438,0.001978158950805664
313196,normal,2201,0,1782362284.3762116,0.0020678043365478516
313197,normal,1838,0,1782362284.3781116,0.0018999576568603516
313198,normal,3532,0,1782362284.380196,0.002084493637084961
313199,normal,3577,0,1782362284.3821898,0.0019936561584472656
313200,normal,2831,0,1782362284.384148,0.001958131790161133
313201,normal,2510,0,1782362284.3862228,0.0020749568939208984
313202,normal,10,0,1782362284.3881888,0.0019659996032714844
313203,normal,3199,1,1782362284.3901901,0.0020012855529785156
313204,normal,1486,0,1782362284.3921406,0.0019505023956298828
313205,normal,306,0,1782362284.3942122,0.0020716190338134766
313206,normal,2753,0,1782362284.3962197,0.0020074844360351562
313207,normal,2212,0,1782362284.3983226,0.0021028518676757812
313208,normal,2361,0,1782362284.4001808,0.0018582344055175781
313209,normal,947,2,1782362284.402279,0.00209808349609375
313210,normal,631,0,1782362284.4041631,0.0018842220306396484
313211,normal,3269,1,1782362284.406346,0.0021829605102539062
313212,normal,955,2,1782362284.408164,0.001817941665649414
313213,normal,3351,1,1782362284.4102747,0.002110719680786133
313214,normal,2943,0,1782362284.412278,0.002003192901611328
313215,normal,1624,0,1782362284.4141612,0.0018832683563232422
313216,normal,1169,0,1782362284.4167435,0.0025823116302490234
313217,normal,1839,0,1782362284.418404,0.0016605854034423828
313218,normal,680,0,1782362284.4201925,0.0017883777618408203
313219,normal,2739,0,1782362284.4221706,0.001978158950805664
313220,normal,2264,0,1782362284.4242637,0.002093076705932617
313221,normal,3032,0,1782362284.426137,0.0018732547760009766
313222,normal,2653,0,1782362284.4284778,0.0023407936096191406
313223,normal,3094,1,1782362284.4303734,0.0018956661224365234
313224,normal,1967,0,1782362284.4321759,0.0018024444580078125
313225,normal,2829,0,1782362284.4342842,0.002108335494995117
313226,normal,3244,1,1782362284.436298,0.002013683319091797
313227,normal,2980,0,1782362284.438182,0.0018842220306396484
313228,normal,559,0,1782362284.4403014,0.002119302749633789
313229,normal,3526,0,1782362284.4423141,0.0020127296447753906
313230,normal,261,0,1782362284.444251,0.0019369125366210938
313231,normal,2634,0,1782362284.446244,0.001992940902709961
313232,normal,1084,0,1782362284.448306,0.002062082290649414
313233,normal,3222,1,1782362284.45022,0.0019140243530273438
313234,normal,2238,0,1782362284.4523141,0.0020940303802490234
313235,normal,1669,0,1782362284.4542928,0.001978635787963867
313236,normal,1561,0,1782362284.4563484,0.002055644989013672
313237,normal,1037,0,1782362284.4582381,0.0018897056579589844
313238,normal,2185,0,1782362284.4602342,0.0019960403442382812
313239,normal,1008,2,1782362284.4622347,0.002000570297241211
313240,normal,1516,0,1782362284.4644651,0.002230405807495117
313241,normal,1783,0,1782362284.4661994,0.0017342567443847656
313242,normal,1190,0,1782362284.468176,0.001976490020751953
313243,normal,2071,0,1782362284.4702892,0.00211334228515625
313244,normal,1346,1,1782362284.4723003,0.0020110607147216797
313245,normal,256,0,1782362284.4741817,0.0018813610076904297
313246,normal,2809,0,1782362284.4763064,0.002124786376953125
313247,normal,2987,0,1782362284.4782827,0.0019762516021728516
313248,normal,1075,0,1782362284.4801483,0.0018656253814697266
313249,normal,538,0,1782362284.4822547,0.0021064281463623047
313250,normal,3670,0,1782362284.4842567,0.0020020008087158203
313251,normal,2836,0,1782362284.486267,0.002010345458984375
313252,normal,1261,0,1782362284.4881763,0.0019092559814453125
313253,normal,2524,0,1782362284.4902349,0.0020585060119628906
313254,normal,3381,1,1782362284.4923403,0.0021054744720458984
313255,normal,3576,0,1782362284.4942644,0.0019240379333496094
313256,normal,1010,2,1782362284.496269,0.0020046234130859375
313257,normal,1126,0,1782362284.498157,0.0018880367279052734
313258,normal,1468,0,1782362284.5002208,0.002063751220703125
313259,normal,3527,0,1782362284.5022216,0.0020008087158203125
313260,normal,1950,0,1782362284.5041604,0.0019388198852539062
313261,normal,1056,0,1782362284.5062866,0.0021262168884277344
313262,normal,3284,1,1782362284.508245,0.0019583702087402344
313263,normal,3278,1,1782362284.5101738,0.0019288063049316406
313264,normal,1,0,1782362284.5123997,0.0022258758544921875
313265,normal,2889,0,1782362284.5142472,0.0018475055694580078
313266,normal,445,0,1782362284.5161524,0.001905202865600586
313267,normal,797,2,1782362284.5182106,0.002058267593383789
313268,normal,2140,0,1782362284.520222,0.0020112991333007812
313269,normal,2058,0,1782362284.522146,0.0019240379333496094
313270,normal,3201,1,1782362284.5242152,0.002069234848022461
313271,normal,1162,0,1782362284.5263038,0.0020885467529296875
313272,normal,2877,0,1782362284.528194,0.0018901824951171875
313273,normal,3406,0,1782362284.530269,0.0020749568939208984
313274,normal,2081,0,1782362284.5322268,0.0019578933715820312
313275,normal,3543,0,1782362284.5341427,0.0019159317016601562
313276,normal,1194,0,1782362284.5361674,0.0020246505737304688
313277,normal,1122,0,1782362284.5381596,0.0019922256469726562
313278,normal,3172,1,1782362284.5401669,0.0020072460174560547
313279,normal,2932,0,1782362284.5421636,0.001996755599975586
313280,normal,1366,1,1782362284.5441673,0.0020036697387695312
313281,normal,2156,0,1782362284.546167,0.0019996166229248047
313282,normal,3448,0,1782362284.548488,0.002321004867553711
313283,normal,3459,0,1782362284.5502362,0.0017483234405517578
313284,normal,1711,0,1782362284.5523,0.002063751220703125
313285,normal,2110,0,1782362284.5542004,0.0019004344940185547
313286,normal,1118,0,1782362284.5562165,0.0020160675048828125
313287,normal,2901,0,1782362284.5581546,0.0019381046295166016
313288,normal,891,2,1782362284.5604649,0.0023102760314941406
313289,normal,1104,0,1782362284.5624943,0.0020294189453125
313290,normal,2380,0,1782362284.564492,0.001997709274291992
313291,normal,3266,1,1782362284.5661545,0.0016624927520751953
313292,normal,1873,0,1782362284.568289,0.002134561538696289
313293,normal,2998,0,1782362284.5704324,0.002143383026123047
313294,normal,1687,0,1782362284.5722716,0.0018391609191894531
313295,normal,3045,1,1782362284.5744817,0.0022101402282714844
313296,normal,1129,0,1782362284.5761912,0.0017094612121582031
313297,normal,2688,0,1782362284.5783951,0.0022039413452148438
313298,normal,217,0,1782362284.58037,0.001974821090698242
313299,normal,2849,0,1782362284.5822635,0.0018935203552246094
313300,normal,1573,0,1782362284.5845327,0.002269268035888672
313301,normal,590,0,1782362284.5864706,0.0019378662109375
313302,normal,3621,0,1782362284.5882497,0.0017790794372558594
313303,normal,1480,0,1782362284.590346,0.002096414566040039
313304,normal,2952,0,1782362284.5923712,0.002025127410888672
313305,normal,48,0,1782362284.5941865,0.0018153190612792969
313306,normal,3705,0,1782362284.596371,0.0021843910217285156
313307,normal,2184,0,1782362284.5984943,0.0021233558654785156
313308,normal,1405,0,1782362284.6001964,0.0017020702362060547
313309,normal,3192,1,1782362284.6023571,0.002160787582397461
313310,normal,2172,0,1782362284.6043444,0.0019872188568115234
313311,normal,224,0,1782362284.6062975,0.001953125
313312,normal,2619,0,1782362284.6083562,0.002058744430541992
313313,normal,2593,0,1782362284.6105711,0.0022149085998535156
313314,normal,1302,0,1782362284.612369,0.0017979145050048828
313315,normal,1105,0,1782362284.6143534,0.0019843578338623047
313316,normal,2860,0,1782362284.616392,0.0020384788513183594
313317,normal,432,0,1782362284.618345,0.001953125
313318,normal,2876,0,1782362284.6202705,0.0019254684448242188
313319,normal,409,0,1782362284.6223466,0.0020761489868164062
313320,normal,395,0,1782362284.62431,0.001963376998901367
313321,normal,1826,0,1782362284.6263888,0.0020787715911865234
313322,normal,815,2,1782362284.6283169,0.001928091049194336
313323,normal,3214,1,1782362284.630438,0.0021212100982666016
313324,normal,3342,1,1782362284.6324224,0.0019843578338623047
313325,normal,2038,0,1782362284.6342952,0.0018727779388427734
313326,normal,2320,0,1782362284.636138,0.0018427371978759766
313327,normal,686,0,1782362284.6381626,0.0020246505737304688
313328,normal,2530,0,1782362284.6401753,0.0020127296447753906
313329,normal,805,2,1782362284.642186,0.0020105838775634766
313330,normal,2969,0,1782362284.644127,0.0019409656524658203
313331,normal,3545,0,1782362284.6461751,0.0020482540130615234
313332,normal,1918,0,1782362284.648112,0.0019369125366210938
313333,normal,1859,0,1782362284.6502023,0.0020902156829833984
313334,normal,2908,0,1782362284.652198,0.0019958019256591797
313335,normal,1599,0,1782362284.6541526,0.0019545555114746094
313336,normal,218,0,1782362284.656194,0.002041339874267578
313337,normal,912,2,1782362284.658174,0.0019800662994384766
313338,normal,243,0,1782362284.6601737,0.0019996166229248047
313339,normal,2343,0,1782362284.662174,0.0020003318786621094
313340,normal,1643,0,1782362284.6641912,0.0020172595977783203
313341,normal,3563,0,1782362284.6663446,0.0021533966064453125
313342,normal,1228,0,1782362284.6681373,0.0017926692962646484
313343,normal,2878,0,1782362284.6701744,0.00203704833984375
313344,normal,3620,0,1782362284.6721694,0.001995086669921875
313345,normal,618,0,1782362284.674166,0.0019965171813964844
313346,normal,1231,0,1782362284.6761756,0.0020096302032470703
313347,normal,80,0,1782362284.6781743,0.0019986629486083984
313348,normal,3262,1,1782362284.680189,0.002014636993408203
313349,normal,294,0,1782362284.6821678,0.0019788742065429688
313350,normal,1587,0,1782362284.684169,0.0020012855529785156
313351,normal,1651,0,1782362284.6861792,0.0020101070404052734
313352,normal,896,2,1782362284.6882195,0.002040386199951172
313353,normal,2907,0,1782362284.6901383,0.001918792724609375
313354,normal,3629,0,1782362284.6921744,0.0020360946655273438
313355,normal,556,0,1782362284.6941986,0.0020241737365722656
313356,normal,104,0,1782362284.6961453,0.0019466876983642578
313357,normal,2910,0,1782362284.698396,0.00225067138671875
313358,normal,450,0,1782362284.700187,0.0017910003662109375
313359,normal,1477,0,1782362284.702189,0.0020020008087158203
313360,normal,2985,0,1782362284.7042356,0.0020465850830078125
313361,normal,2733,0,1782362284.7062957,0.0020601749420166016
313362,normal,455,0,1782362284.708115,0.0018193721771240234
313363,normal,1604,0,1782362284.710288,0.0021729469299316406
313364,normal,1289,0,1782362284.7121825,0.0018944740295410156
313365,normal,3001,0,1782362284.7141988,0.002016305923461914
313366,normal,582,0,1782362284.716164,0.0019652843475341797
313367,normal,3458,0,1782362284.7181954,0.0020313262939453125
313368,normal,360,0,1782362284.720374,0.002178668975830078
313369,normal,2183,0,1782362284.7222471,0.001873016357421875
313370,normal,2269,0,1782362284.7243965,0.002149343490600586
313371,normal,798,2,1782362284.7261426,0.0017461776733398438
313372,normal,800,2,1782362284.7283554,0.0022127628326416016
313373,normal,2174,0,1782362284.730279,0.0019235610961914062
313374,normal,2787,0,1782362284.7321453,0.0018663406372070312
313375,normal,496,0,1782362284.7341666,0.002021312713623047
313376,normal,264,0,1782362284.7361586,0.0019919872283935547
313377,normal,184,0,1782362284.7383041,0.002145528793334961
313378,normal,2112,0,1782362284.7401643,0.0018601417541503906
313379,normal,2993,0,1782362284.7423472,0.0021829605102539062
313380,normal,3163,1,1782362284.7441745,0.001827239990234375
313381,normal,321,0,1782362284.7462769,0.002102375030517578
313382,normal,2287,0,1782362284.748178,0.0019011497497558594
313383,normal,411,0,1782362284.7502804,0.002102375030517578
313384,normal,2549,0,1782362284.7523975,0.002117156982421875
313385,normal,2603,0,1782362284.7544587,0.002061128616333008
313386,normal,2346,0,1782362284.7561688,0.0017101764678955078
313387,normal,876,2,1782362284.7583232,0.0021543502807617188
313388,normal,159,0,1782362284.7601938,0.0018706321716308594
313389,normal,1422,0,1782362284.7624254,0.002231597900390625
313390,normal,3394,1,1782362284.764205,0.0017795562744140625
313391,normal,50,0,1782362284.7663193,0.0021142959594726562
313392,normal,3503,0,1782362284.7682245,0.001905202865600586
313393,normal,1616,0,1782362284.7702048,0.001980304718017578
313394,normal,2588,0,1782362284.7722628,0.0020580291748046875
313395,normal,973,2,1782362284.7743483,0.002085447311401367
313396,normal,847,2,1782362284.7763038,0.0019555091857910156
313397,normal,1682,0,1782362284.7783144,0.0020105838775634766
313398,normal,1656,0,1782362284.7802403,0.0019259452819824219
313399,normal,3507,0,1782362284.7823627,0.0021224021911621094
313400,normal,1308,0,1782362284.784387,0.002024412155151367
313401,normal,297,0,1782362284.7862036,0.0018165111541748047
313402,normal,2824,0,1782362284.7883189,0.0021152496337890625
313403,normal,2973,0,1782362284.7903454,0.0020265579223632812
313404,normal,1157,0,1782362284.792272,0.0019266605377197266
313405,normal,984,2,1782362284.794195,0.0019228458404541016
313406,normal,2709,0,1782362284.7964811,0.002286195755004883
313407,normal,611,0,1782362284.7981906,0.0017094612121582031
313408,normal,3263,1,1782362284.8001914,0.0020008087158203125
313409,normal,3051,1,1782362284.802375,0.002183675765991211
313410,normal,1182,0,1782362284.8043377,0.0019626617431640625
313411,normal,162,0,1782362284.806144,0.0018062591552734375
313412,normal,1808,0,1782362284.8081641,0.002020120620727539
313413,normal,211,0,1782362284.8101575,0.001993417739868164
313414,normal,1071,0,1782362284.8121774,0.0020198822021484375
313415,normal,2023,0,1782362284.814189,0.002011537551879883
313416,normal,1571,0,1782362284.8161802,0.00199127197265625
313417,normal,121,0,1782362284.8181844,0.0020041465759277344
313418,normal,1812,0,1782362284.8201823,0.0019979476928710938
313419,normal,2119,0,1782362284.8221893,0.002007007598876953
313420,normal,2133,0,1782362284.824149,0.001959562301635742
313421,normal,627,0,1782362284.8263452,0.0021963119506835938
313422,normal,1281,0,1782362284.8281384,0.0017931461334228516
313423,normal,2995,0,1782362284.830196,0.0020575523376464844
313424,normal,3569,0,1782362284.8328514,0.002655506134033203
313425,normal,387,0,1782362284.8341289,0.0012774467468261719
313426,normal,1855,0,1782362284.8362024,0.002073526382446289
313427,normal,1720,0,1782362284.8382053,0.0020029544830322266
313428,normal,2630,0,1782362284.8401487,0.001943349838256836
313429,normal,89,0,1782362284.8421679,0.002019166946411133
313430,normal,3070,1,1782362284.8441732,0.002005338668823242
313431,normal,1041,0,1782362284.8461664,0.0019931793212890625
313432,normal,102,0,1782362284.8481793,0.002012968063354492
313433,normal,2823,0,1782362284.8502004,0.0020210742950439453
313434,normal,2799,0,1782362284.8522017,0.0020012855529785156
313435,normal,2654,0,1782362284.85429,0.002088308334350586
313436,normal,1749,0,1782362284.8561578,0.0018677711486816406
313437,normal,192,0,1782362284.8581553,0.0019974708557128906
313438,normal,1051,0,1782362284.8602116,0.0020563602447509766
313439,normal,2675,0,1782362284.8621879,0.0019762516021728516
313440,normal,2210,0,1782362284.8643181,0.002130270004272461
313441,normal,1520,0,1782362284.8661454,0.001827239990234375
313442,normal,2031,0,1782362284.8682084,0.0020630359649658203
313443,normal,839,2,1782362284.8704257,0.0022172927856445312
313444,normal,1269,0,1782362284.8721461,0.001720428466796875
313445,normal,2735,0,1782362284.8741908,0.002044677734375
313446,normal,2061,0,1782362284.8761842,0.001993417739868164
313447,normal,3583,0,1782362284.8781815,0.001997232437133789
313448,normal,3510,0,1782362284.8803132,0.0021317005157470703
313449,normal,3157,1,1782362284.88217,0.0018568038940429688
313450,normal,732,0,1782362284.8842862,0.0021162033081054688
313451,normal,1799,0,1782362284.886202,0.0019159317016601562
313452,normal,2765,0,1782362284.8881733,0.0019712448120117188
313453,normal,2894,0,1782362284.8902004,0.0020270347595214844
313454,normal,304,0,1782362284.892367,0.0021665096282958984
313455,normal,3139,1,1782362284.894267,0.0019001960754394531
313456,normal,823,2,1782362284.8962865,0.0020194053649902344
313457,normal,2219,0,1782362284.898378,0.0020914077758789062
313458,normal,1821,0,1782362284.900231,0.0018529891967773438
313459,normal,3412,0,1782362284.90226,0.0020291805267333984
313460,normal,2698,0,1782362284.9044483,0.0021882057189941406
313461,normal,1029,2,1782362284.9061856,0.001737356185913086
313462,normal,3479,0,1782362284.9082918,0.002106189727783203
313463,normal,1776,0,1782362284.9102921,0.0020003318786621094
313464,normal,733,0,1782362284.9121761,0.0018839836120605469
313465,normal,2485,0,1782362284.9144535,0.002277374267578125
313466,normal,3228,1,1782362284.9162076,0.0017540454864501953
313467,normal,1698,0,1782362284.9181943,0.0019867420196533203
313468,normal,2670,0,1782362284.9203923,0.0021979808807373047
313469,normal,2994,0,1782362284.9222965,0.0019042491912841797
313470,normal,2986,0,1782362284.9242072,0.0019106864929199219
313471,normal,1975,0,1782362284.9264543,0.0022470951080322266
313472,normal,2400,0,1782362284.928466,0.0020117759704589844
313473,normal,1710,0,1782362284.9301722,0.0017061233520507812
313474,normal,2771,0,1782362284.9322035,0.0020313262939453125
313475,normal,952,2,1782362284.934184,0.0019805431365966797
313476,normal,3575,0,1782362284.936179,0.0019948482513427734
313477,normal,1014,2,1782362284.9382753,0.002096414566040039
313478,normal,3505,0,1782362284.9403117,0.0020363330841064453
313479,normal,789,2,1782362284.9422138,0.0019021034240722656
313480,normal,135,0,1782362284.944262,0.0020482540130615234
313481,normal,313,0,1782362284.9462943,0.0020322799682617188
313482,normal,3346,1,1782362284.9482322,0.0019378662109375
313483,normal,2770,0,1782362284.9503007,0.0020685195922851562
313484,normal,594,0,1782362284.9524572,0.002156496047973633
313485,normal,700,0,1782362284.9542975,0.001840353012084961
313486,normal,3185,1,1782362284.9562993,0.0020017623901367188
313487,normal,2387,0,1782362284.9583,0.0020008087158203125
313488,normal,2377,0,1782362284.9603026,0.0020024776458740234
313489,normal,42,0,1782362284.9622436,0.0019409656524658203
313490,normal,1356,1,1782362284.964252,0.0020084381103515625
313491,normal,2902,0,1782362284.9663525,0.0021004676818847656
313492,normal,1459,0,1782362284.968278,0.0019254684448242188
313493,normal,2288,0,1782362284.9702647,0.0019867420196533203
313494,normal,3357,1,1782362284.9721484,0.0018837451934814453
313495,normal,1866,0,1782362284.9742217,0.0020732879638671875
313496,normal,3437,0,1782362284.9762273,0.0020055770874023438
313497,normal,1841,0,1782362284.9781518,0.0019245147705078125
313498,normal,3464,0,1782362284.9801846,0.002032756805419922
313499,normal,3660,0,1782362284.982342,0.002157449722290039
313500,normal,1196,0,1782362284.9841943,0.001852273941040039
313501,normal,1510,0,1782362284.9863136,0.002119302749633789
313502,normal,915,2,1782362284.9882905,0.0019769668579101562
313503,normal,2064,0,1782362284.990119,0.0018284320831298828
313504,normal,1971,0,1782362284.9921925,0.002073526382446289
313505,normal,1787,0,1782362284.9943562,0.0021636486053466797
313506,normal,3285,1,1782362284.9961596,0.0018033981323242188
313507,normal,1085,0,1782362284.9982111,0.0020515918731689453
313508,normal,2424,0,1782362285.0003066,0.002095460891723633
313509,normal,49,0,1782362285.0021486,0.0018420219421386719
313510,normal,932,2,1782362285.004352,0.0022034645080566406
313511,normal,1795,0,1782362285.0062323,0.0018801689147949219
313512,normal,33,0,1782362285.008138,0.001905679702758789
313513,normal,2937,0,1782362285.0101814,0.002043485641479492
313514,normal,298,0,1782362285.012323,0.0021414756774902344
313515,normal,2940,0,1782362285.0141907,0.0018677711486816406
313516,normal,3708,0,1782362285.016425,0.002234220504760742
313517,normal,351,0,1782362285.0183191,0.001894235610961914
313518,normal,348,0,1782362285.0201359,0.0018167495727539062
313519,normal,3395,1,1782362285.0223129,0.002177000045776367
313520,normal,2430,0,1782362285.0243506,0.0020377635955810547
313521,normal,2077,0,1782362285.026123,0.0017724037170410156
313522,normal,2396,0,1782362285.0281787,0.002055644989013672
313523,normal,2220,0,1782362285.0301714,0.0019927024841308594
313524,normal,1884,0,1782362285.0321643,0.001992940902709961
313525,normal,175,0,1782362285.03434,0.002175569534301758
313526,normal,2103,0,1782362285.0363066,0.001966714859008789
313527,normal,3243,1,1782362285.0381665,0.001859903335571289
313528,normal,2700,0,1782362285.0403547,0.0021882057189941406
313529,normal,1722,0,1782362285.0423698,0.0020151138305664062
313530,normal,3007,0,1782362285.044175,0.0018050670623779297
313531,normal,1272,0,1782362285.0462027,0.002027750015258789
313532,normal,2732,0,1782362285.0481887,0.0019860267639160156
313533,normal,3035,0,1782362285.0503762,0.002187490463256836
313534,normal,2335,0,1782362285.0521789,0.001802682876586914
313535,normal,2163,0,1782362285.0543015,0.002122640609741211
313536,normal,1499,0,1782362285.0561268,0.0018253326416015625
313537,normal,1259,0,1782362285.058162,0.0020351409912109375
313538,normal,2647,0,1782362285.060218,0.002056121826171875
313539,normal,2989,0,1782362285.0621784,0.001960277557373047
313540,normal,1927,0,1782362285.064131,0.0019526481628417969
313541,normal,340,0,1782362285.066205,0.002074003219604492
313542,normal,1961,0,1782362285.068231,0.002026081085205078
313543,normal,3289,1,1782362285.0701866,0.0019555091857910156
313544,normal,2236,0,1782362285.0722198,0.002033233642578125
313545,normal,460,0,1782362285.0742779,0.0020580291748046875
313546,normal,126,0,1782362285.076233,0.0019550323486328125
313547,normal,1327,1,1782362285.0782437,0.002010822296142578
313548,normal,3393,1,1782362285.0801253,0.0018815994262695312
313549,normal,634,0,1782362285.082237,0.002111673355102539
313550,normal,428,0,1782362285.0842414,0.002004384994506836
313551,normal,2584,0,1782362285.0861273,0.0018858909606933594
313552,normal,1881,0,1782362285.0882027,0.0020754337310791016
313553,normal,3624,0,1782362285.0902066,0.002003908157348633
313554,normal,487,0,1782362285.0922184,0.0020117759704589844
313555,normal,296,0,1782362285.0941112,0.0018928050994873047
313556,normal,1875,0,1782362285.0965645,0.002453327178955078
313557,normal,793,2,1782362285.098136,0.0015714168548583984
313558,normal,958,2,1782362285.1001513,0.002015352249145508
313559,normal,2173,0,1782362285.1021683,0.0020170211791992188
313560,normal,1541,0,1782362285.1041553,0.001986980438232422
313561,normal,683,0,1782362285.1061704,0.0020151138305664062
313562,normal,2011,0,1782362285.1082335,0.0020630359649658203
313563,normal,2785,0,1782362285.1101127,0.0018792152404785156
313564,normal,1348,1,1782362285.1123064,0.0021936893463134766
313565,normal,352,0,1782362285.1141973,0.0018908977508544922
313566,normal,41,0,1782362285.1163015,0.0021042823791503906
313567,normal,3622,0,1782362285.1181338,0.0018322467803955078
313568,normal,3225,1,1782362285.1202455,0.002111673355102539
313569,normal,3456,0,1782362285.1223106,0.0020651817321777344
313570,normal,1924,0,1782362285.124283,0.0019724369049072266
313571,normal,1440,0,1782362285.126295,0.002012014389038086
313572,normal,1314,0,1782362285.1281667,0.0018715858459472656
313573,normal,3062,1,1782362285.1303875,0.0022208690643310547
313574,normal,3671,0,1782362285.132185,0.0017974376678466797
313575,normal,1432,0,1782362285.1342828,0.0020978450775146484
313576,normal,3221,1,1782362285.136339,0.002056121826171875
313577,normal,1207,0,1782362285.1382794,0.0019404888153076172
313578,normal,1117,0,1782362285.1401901,0.0019106864929199219
313579,normal,2016,0,1782362285.1423373,0.002147197723388672
313580,normal,735,0,1782362285.144406,0.002068758010864258
313581,normal,1301,0,1782362285.1461186,0.0017125606536865234
313582,normal,2245,0,1782362285.148286,0.0021674633026123047
313583,normal,2755,0,1782362285.1502864,0.0020003318786621094
313584,normal,403,0,1782362285.1521814,0.0018949508666992188
313585,normal,3550,0,1782362285.1542897,0.002108335494995117
313586,normal,83,0,1782362285.1562865,0.001996755599975586
313587,normal,1399,0,1782362285.1581182,0.0018317699432373047
313588,normal,2729,0,1782362285.160292,0.0021736621856689453
313589,normal,2402,0,1782362285.162311,0.002019166946411133
313590,normal,2627,0,1782362285.1642227,0.0019116401672363281
313591,normal,3046,1,1782362285.1662354,0.0020127296447753906
313592,normal,3112,1,1782362285.1681774,0.0019419193267822266
313593,normal,3379,1,1782362285.1703198,0.0021424293518066406
313594,normal,630,0,1782362285.1722143,0.0018944740295410156
313595,normal,212,0,1782362285.1743486,0.0021343231201171875
313596,normal,385,0,1782362285.1762333,0.0018846988677978516
313597,normal,2938,0,1782362285.1781695,0.001936197280883789
313598,normal,3443,0,1782362285.1802914,0.0021219253540039062
313599,normal,2616,0,1782362285.1821911,0.00189971923828125
313600,normal,1094,0,1782362285.184298,0.002106904983520508
313601,normal,2366,0,1782362285.1861997,0.0019016265869140625
313602,normal,2214,0,1782362285.188127,0.0019273757934570312
313603,normal,1498,0,1782362285.1903505,0.002223491668701172
313604,normal,2342,0,1782362285.192265,0.0019145011901855469
313605,normal,3176,1,1782362285.194124,0.0018589496612548828
313606,normal,2235,0,1782362285.1961725,0.002048492431640625
313607,normal,3617,0,1782362285.1981707,0.0019981861114501953
313608,normal,1843,0,1782362285.2001786,0.0020079612731933594
313609,normal,3693,0,1782362285.2021744,0.0019958019256591797
313610,normal,219,0,1782362285.204171,0.0019965171813964844
313611,normal,2258,0,1782362285.2061906,0.002019643783569336
313612,normal,1915,0,1782362285.2082012,0.0020105838775634766
313613,normal,744,0,1782362285.2103775,0.0021762847900390625
313614,normal,3184,1,1782362285.2122452,0.0018677711486816406
313615,normal,2144,0,1782362285.2141912,0.0019459724426269531
313616,normal,2033,0,1782362285.2163043,0.0021131038665771484
313617,normal,1031,0,1782362285.2182314,0.0019271373748779297
313618,normal,2120,0,1782362285.2201624,0.0019309520721435547
313619,normal,1153,0,1782362285.2222893,0.002126932144165039
313620,normal,426,0,1782362285.2241719,0.0018825531005859375
313621,normal,2417,0,1782362285.226254,0.0020821094512939453
313622,normal,114,0,1782362285.2284024,0.0021483898162841797
313623,normal,469,0,1782362285.2302074,0.0018050670623779297
313624,normal,3548,0,1782362285.2322087,0.0020012855529785156
313625,normal,624,0,1782362285.2343976,0.0021889209747314453
313626,normal,2832,0,1782362285.236446,0.0020482540130615234
313627,normal,965,2,1782362285.2382107,0.0017647743225097656
313628,normal,3091,1,1782362285.2403376,0.002126932144165039
313629,normal,1438,0,1782362285.242253,0.0019154548645019531
313630,normal,2059,0,1782362285.2442446,0.0019915103912353516
313631,normal,2888,0,1782362285.24627,0.0020253658294677734
313632,normal,3689,0,1782362285.2481663,0.0018963813781738281
313633,normal,2747,0,1782362285.2502973,0.0021309852600097656
313634,normal,695,0,1782362285.2523088,0.002011537551879883
313635,normal,1582,0,1782362285.254202,0.0018930435180664062
313636,normal,1121,0,1782362285.256168,0.0019659996032714844
313637,normal,2585,0,1782362285.258277,0.002109050750732422
313638,normal,2734,0,1782362285.2601628,0.0018858909606933594
313639,normal,1910,0,1782362285.2622807,0.0021178722381591797
313640,normal,2086,0,1782362285.2649505,0.002669811248779297
313641,normal,2393,0,1782362285.2663395,0.0013890266418457031
313642,normal,3248,1,1782362285.2681897,0.001850128173828125
313643,normal,510,0,1782362285.2702906,0.0021009445190429688
313644,normal,3384,1,1782362285.2721806,0.001889944076538086
313645,normal,3681,0,1782362285.2743008,0.0021202564239501953
313646,normal,2072,0,1782362285.2764156,0.0021147727966308594
313647,normal,2123,0,1782362285.2782454,0.0018298625946044922
313648,normal,3154,1,1782362285.2801695,0.0019240379333496094
313649,normal,2855,0,1782362285.282283,0.0021135807037353516
313650,normal,1964,0,1782362285.2841814,0.0018982887268066406
313651,normal,2961,0,1782362285.2862954,0.0021140575408935547
313652,normal,607,0,1782362285.2883015,0.002006053924560547
313653,normal,1411,0,1782362285.29032,0.002018451690673828
313654,normal,489,0,1782362285.2925107,0.002190828323364258
313655,normal,3204,1,1782362285.2943048,0.0017940998077392578
313656,normal,2074,0,1782362285.2962856,0.0019807815551757812
313657,normal,1925,0,1782362285.298237,0.001951456069946289
313658,normal,2742,0,1782362285.3003345,0.0020973682403564453
313659,normal,417,0,1782362285.3021498,0.0018153190612792969
313660,normal,69,0,1782362285.3044982,0.0023484230041503906
313661,normal,375,0,1782362285.3063598,0.001861572265625
313662,normal,1570,0,1782362285.308162,0.001802206039428711
313663,normal,3150,1,1782362285.3103824,0.0022203922271728516
313664,normal,2194,0,1782362285.3124835,0.0021011829376220703
313665,normal,3155,1,1782362285.3141646,0.0016810894012451172
313666,normal,3677,0,1782362285.31627,0.0021054744720458984
313667,normal,3639,0,1782362285.3182678,0.001997709274291992
313668,normal,1920,0,1782362285.3202915,0.0020236968994140625
313669,normal,2815,0,1782362285.3222256,0.001934051513671875
313670,normal,1931,0,1782362285.3242855,0.0020599365234375
313671,normal,1525,0,1782362285.326287,0.002001523971557617
313672,normal,3460,0,1782362285.328401,0.0021140575408935547
313673,normal,2979,0,1782362285.3303611,0.0019600391387939453
313674,normal,2792,0,1782362285.3323197,0.001958608627319336
313675,normal,833,2,1782362285.334348,0.002028226852416992
313676,normal,111,0,1782362285.3363674,0.0020194053649902344
313677,normal,1370,1,1782362285.3382883,0.001920938491821289
313678,normal,1262,0,1782362285.3403642,0.0020759105682373047
313679,normal,2350,0,1782362285.3423772,0.002012968063354492
313680,normal,1707,0,1782362285.3443463,0.0019690990447998047
313681,normal,1385,0,1782362285.3463051,0.0019588470458984375
313682,normal,2457,0,1782362285.3484063,0.0021011829376220703
313683,normal,1401,0,1782362285.3502824,0.0018761157989501953
313684,normal,950,2,1782362285.3523571,0.002074718475341797
313685,normal,2080,0,1782362285.3543458,0.001988649368286133
313686,normal,1557,0,1782362285.3562737,0.0019278526306152344
313687,normal,1400,0,1782362285.3583205,0.002046823501586914
313688,normal,1576,0,1782362285.3603234,0.0020029544830322266
313689,normal,372,0,1782362285.3622339,0.0019104480743408203
313690,normal,3002,0,1782362285.364293,0.0020592212677001953
313691,normal,3343,1,1782362285.3663979,0.0021047592163085938
313692,normal,1832,0,1782362285.3682287,0.0018308162689208984
313693,normal,2446,0,1782362285.3702786,0.0020499229431152344
313694,normal,166,0,1782362285.3722775,0.0019989013671875
313695,normal,693,0,1782362285.374305,0.0020275115966796875
313696,normal,884,2,1782362285.3762743,0.0019693374633789062
313697,normal,2720,0,1782362285.3783107,0.0020363330841064453
313698,normal,649,0,1782362285.380249,0.0019383430480957031
313699,normal,549,0,1782362285.3822892,0.0020401477813720703
313700,normal,768,0,1782362285.3843102,0.0020210742950439453
313701,normal,1491,0,1782362285.386209,0.0018987655639648438
313702,normal,1774,0,1782362285.3882685,0.002059459686279297
313703,normal,3683,0,1782362285.3902886,0.002020120620727539
313704,normal,2853,0,1782362285.3922992,0.0020105838775634766
313705,normal,173,0,1782362285.3942719,0.001972675323486328
313706,normal,325,0,1782362285.3963356,0.002063751220703125
313707,normal,2563,0,1782362285.398292,0.001956462860107422
313708,normal,840,2,1782362285.4003725,0.0020804405212402344
313709,normal,2790,0,1782362285.4023242,0.0019516944885253906
313710,normal,1394,0,1782362285.4042985,0.001974344253540039
313711,normal,1145,0,1782362285.4062507,0.0019521713256835938
313712,normal,3642,0,1782362285.4083855,0.0021347999572753906
313713,normal,3087,1,1782362285.4102714,0.0018858909606933594
313714,normal,2544,0,1782362285.4122672,0.0019958019256591797
313715,normal,688,0,1782362285.4142635,0.001996278762817383
313716,normal,1016,2,1782362285.4162855,0.0020220279693603516
313717,normal,3129,1,1782362285.4182868,0.0020012855529785156
313718,normal,2573,0,1782362285.420494,0.0022072792053222656
313719,normal,3123,1,1782362285.4221494,0.0016553401947021484
313720,normal,3153,1,1782362285.4244008,0.0022513866424560547
313721,normal,1167,0,1782362285.4261868,0.0017859935760498047
313722,normal,2762,0,1782362285.4281094,0.001922607421875
313723,normal,2268,0,1782362285.430294,0.002184629440307617
313724,normal,3174,1,1782362285.433447,0.0031528472900390625
313725,normal,1387,0,1782362285.434377,0.0009300708770751953
313726,normal,3229,1,1782362285.4362938,0.0019168853759765625
313727,normal,3027,0,1782362285.4383092,0.002015352249145508
313728,normal,2155,0,1782362285.4402413,0.0019321441650390625
313729,normal,3247,1,1782362285.4422905,0.0020492076873779297
313730,normal,979,2,1782362285.4443595,0.0020689964294433594
313731,normal,3151,1,1782362285.4461873,0.0018277168273925781
313732,normal,2803,0,1782362285.4482844,0.0020971298217773438
313733,normal,2302,0,1782362285.4502811,0.001996755599975586
313734,normal,1484,0,1782362285.4521933,0.0019121170043945312
313735,normal,1813,0,1782362285.4542077,0.0020143985748291016
313736,normal,3017,0,1782362285.4562063,0.0019986629486083984
313737,normal,3122,1,1782362285.4583037,0.0020973682403564453
313738,normal,1730,0,1782362285.460489,0.002185344696044922
313739,normal,2019,0,1782362285.462437,0.0019478797912597656
313740,normal,3485,0,1782362285.4642053,0.001768350601196289
313741,normal,892,2,1782362285.4663365,0.002131223678588867
313742,normal,2605,0,1782362285.4683452,0.002008676528930664
313743,normal,887,2,1782362285.47031,0.0019648075103759766
313744,normal,1906,0,1782362285.4722893,0.001979351043701172
313745,normal,1420,0,1782362285.4744246,0.0021352767944335938
313746,normal,3275,1,1782362285.4762707,0.0018460750579833984
313747,normal,1270,0,1782362285.4782286,0.0019578933715820312
313748,normal,1382,0,1782362285.480437,0.0022084712982177734
313749,normal,2788,0,1782362285.4824643,0.002027273178100586
313750,normal,209,0,1782362285.484243,0.0017786026000976562
313751,normal,2506,0,1782362285.4863155,0.002072572708129883
313752,normal,2874,0,1782362285.4882896,0.0019741058349609375
313753,normal,3081,1,1782362285.4903107,0.0020210742950439453
313754,normal,2158,0,1782362285.4922612,0.0019505023956298828
313755,normal,433,0,1782362285.4942105,0.001949310302734375
313756,normal,1021,2,1782362285.4962864,0.0020759105682373047
313757,normal,1828,0,1782362285.4982421,0.001955747604370117
313758,normal,1025,2,1782362285.5001907,0.0019485950469970703
313759,normal,3688,0,1782362285.5023155,0.002124786376953125
313760,normal,2135,0,1782362285.5043032,0.0019876956939697266
313761,normal,17,0,1782362285.5062156,0.0019123554229736328
313762,normal,93,0,1782362285.5082734,0.002057790756225586
313763,normal,1935,0,1782362285.5102735,0.002000093460083008
313764,normal,151,0,1782362285.512193,0.0019195079803466797
313765,normal,2783,0,1782362285.5142853,0.0020923614501953125
313766,normal,2717,0,1782362285.5162344,0.0019490718841552734
313767,normal,429,0,1782362285.5181782,0.001943826675415039
313768,normal,39,0,1782362285.5202565,0.0020782947540283203
313769,normal,1581,0,1782362285.522295,0.0020384788513183594
313770,normal,255,0,1782362285.5241852,0.0018901824951171875
313771,normal,203,0,1782362285.5262623,0.0020771026611328125
313772,normal,999,2,1782362285.5282352,0.0019729137420654297
313773,normal,47,0,1782362285.530146,0.0019106864929199219
313774,normal,1060,0,1782362285.5322087,0.0020627975463867188
313775,normal,1330,1,1782362285.5341988,0.001990079879760742
313776,normal,3200,1,1782362285.5362175,0.0020186901092529297
313777,normal,383,0,1782362285.5383818,0.0021643638610839844
313778,normal,148,0,1782362285.5401928,0.0018110275268554688
313779,normal,2683,0,1782362285.5421646,0.001971721649169922
313780,normal,3419,0,1782362285.5442586,0.0020940303802490234
313781,normal,515,0,1782362285.546282,0.002023458480834961
313782,normal,2460,0,1782362285.5481496,0.001867532730102539
313783,normal,682,0,1782362285.55023,0.0020804405212402344
313784,normal,448,0,1782362285.5522182,0.0019881725311279297
313785,normal,1551,0,1782362285.5541906,0.0019724369049072266
313786,normal,1850,0,1782362285.556204,0.0020134449005126953
313787,normal,2881,0,1782362285.558172,0.001967906951904297
313788,normal,3165,1,1782362285.5603676,0.002195596694946289
313789,normal,1045,0,1782362285.5622282,0.0018606185913085938
313790,normal,1219,0,1782362285.564416,0.0021877288818359375
313791,normal,3478,0,1782362285.566206,0.0017900466918945312
313792,normal,494,0,1782362285.5683956,0.00218963623046875
313793,normal,248,0,1782362285.5704029,0.0020072460174560547
313794,normal,2614,0,1782362285.5722497,0.0018467903137207031
313795,normal,3439,0,1782362285.5742927,0.002043008804321289
313796,normal,6,0,1782362285.576382,0.002089262008666992
313797,normal,1108,0,1782362285.5783043,0.0019223690032958984
313798,normal,1331,1,1782362285.5803156,0.0020112991333007812
313799,normal,2421,0,1782362285.5822742,0.001958608627319336
313800,normal,2486,0,1782362285.5842147,0.0019404888153076172
313801,normal,488,0,1782362285.5863233,0.0021085739135742188
313802,normal,3008,0,1782362285.5882165,0.0018932819366455078
313803,normal,2984,0,1782362285.5902047,0.0019881725311279297
313804,normal,2579,0,1782362285.5923936,0.0021889209747314453
313805,normal,2622,0,1782362285.5941992,0.0018055438995361328
313806,normal,1641,0,1782362285.5963233,0.0021240711212158203
313807,normal,35,0,1782362285.5982046,0.0018813610076904297
313808,normal,1793,0,1782362285.6002963,0.002091646194458008
313809,normal,641,0,1782362285.602746,0.0024497509002685547
313810,normal,3246,1,1782362285.6042593,0.0015132427215576172
313811,normal,2154,0,1782362285.6062012,0.0019419193267822266
313812,normal,3438,0,1782362285.6081722,0.001971006393432617
313813,normal,2999,0,1782362285.6101913,0.002019166946411133
313814,normal,1676,0,1782362285.6123095,0.0021181106567382812
313815,normal,1564,0,1782362285.6143389,0.0020294189453125
313816,normal,1210,0,1782362285.6162171,0.0018782615661621094
313817,normal,706,0,1782362285.6182694,0.00205230712890625
313818,normal,1804,0,1782362285.6202157,0.0019462108612060547
313819,normal,377,0,1782362285.6222832,0.00206756591796875
313820,normal,3066,1,1782362285.6243002,0.0020170211791992188
313821,normal,2949,0,1782362285.6262498,0.0019495487213134766
313822,normal,2348,0,1782362285.6282327,0.0019829273223876953
313823,normal,2852,0,1782362285.6303875,0.002154827117919922
313824,normal,1929,0,1782362285.632178,0.0017905235290527344
313825,normal,2863,0,1782362285.634212,0.0020339488983154297
313826,normal,1748,0,1782362285.636201,0.0019888877868652344
313827,normal,1754,0,1782362285.6381621,0.001961231231689453
313828,normal,1969,0,1782362285.6401782,0.0020160675048828125
313829,normal,3403,0,1782362285.6422937,0.002115488052368164
313830,normal,3156,1,1782362285.6442006,0.0019068717956542969
313831,normal,2826,0,1782362285.6461854,0.001984834671020508
313832,normal,2370,0,1782362285.6483665,0.0021810531616210938
313833,normal,92,0,1782362285.6503685,0.0020020008087158203
313834,normal,1640,0,1782362285.65212,0.0017516613006591797
313835,normal,2587,0,1782362285.654158,0.0020380020141601562
313836,normal,2796,0,1782362285.6561592,0.002001047134399414
313837,normal,157,0,1782362285.6581652,0.002006053924560547
313838,normal,3564,0,1782362285.6601586,0.001993417739868164
313839,normal,1726,0,1782362285.6621776,0.0020189285278320312
313840,normal,765,0,1782362285.6641228,0.0019452571868896484
313841,normal,404,0,1782362285.6661777,0.002054929733276367
313842,normal,431,0,1782362285.66835,0.002172231674194336
313843,normal,3146,1,1782362285.670164,0.001814126968383789
313844,normal,3257,1,1782362285.6723561,0.0021920204162597656
313845,normal,3672,0,1782362285.6741312,0.0017750263214111328
313846,normal,1247,0,1782362285.676189,0.002057790756225586
313847,normal,3331,1,1782362285.678323,0.002134084701538086
313848,normal,3644,0,1782362285.6802332,0.0019102096557617188
313849,normal,2345,0,1782362285.682224,0.001990795135498047
313850,normal,672,0,1782362285.6842706,0.0020465850830078125
313851,normal,1779,0,1782362285.6861913,0.0019207000732421875
313852,normal,612,0,1782362285.688419,0.002227783203125
313853,normal,103,0,1782362285.6903818,0.0019626617431640625
313854,normal,712,0,1782362285.692235,0.0018532276153564453
313855,normal,3450,0,1782362285.6941247,0.0018897056579589844
313856,normal,1528,0,1782362285.696182,0.002057313919067383
313857,normal,3053,1,1782362285.6982427,0.0020606517791748047
313858,normal,1738,0,1782362285.7001376,0.0018949508666992188
313859,normal,709,0,1782362285.7021804,0.0020427703857421875
313860,normal,2146,0,1782362285.704131,0.0019505023956298828
313861,normal,1487,0,1782362285.706152,0.0020210742950439453
313862,normal,2880,0,1782362285.708151,0.0019991397857666016
313863,normal,3108,1,1782362285.710119,0.001967906951904297
313864,normal,1483,0,1782362285.7122006,0.002081632614135742
313865,normal,323,0,1782362285.7141905,0.0019898414611816406
313866,normal,2388,0,1782362285.7163975,0.002207040786743164
313867,normal,2851,0,1782362285.71821,0.0018124580383300781
313868,normal,2818,0,1782362285.7202067,0.001996755599975586
313869,normal,277,0,1782362285.7221625,0.001955747604370117
313870,normal,2920,0,1782362285.724216,0.002053499221801758
313871,normal,2926,0,1782362285.7263467,0.002130746841430664
313872,normal,1077,0,1782362285.7282066,0.001859903335571289
313873,normal,1757,0,1782362285.7303383,0.0021317005157470703
313874,normal,2363,0,1782362285.7324204,0.0020821094512939453
313875,normal,2468,0,1782362285.7342844,0.0018639564514160156
313876,normal,1934,0,1782362285.736293,0.002008676528930664
313877,normal,1227,0,1782362285.7383585,0.002065420150756836
313878,normal,3445,0,1782362285.740286,0.0019276142120361328
313879,normal,1928,0,1782362285.7422493,0.0019631385803222656
313880,normal,1579,0,1782362285.7444022,0.0021529197692871094
313881,normal,3580,0,1782362285.746235,0.001832723617553711
313882,normal,3398,1,1782362285.7482622,0.002027273178100586
313883,normal,301,0,1782362285.7504716,0.0022094249725341797
313884,normal,1176,0,1782362285.7521753,0.0017037391662597656
313885,normal,1892,0,1782362285.7542832,0.002107858657836914
313886,normal,811,2,1782362285.7562757,0.001992464065551758
313887,normal,870,2,1782362285.758173,0.0018973350524902344
313888,normal,748,0,1782362285.7603807,0.0022077560424804688
313889,normal,3482,0,1782362285.7622344,0.0018537044525146484
313890,normal,640,0,1782362285.7641602,0.0019257068634033203
313891,normal,2806,0,1782362285.766278,0.0021178722381591797
313892,normal,3071,1,1782362285.7682745,0.0019965171813964844
313893,normal,1278,0,1782362285.7703998,0.002125263214111328
313894,normal,1152,0,1782362285.7724648,0.002064943313598633
313895,normal,1363,1,1782362285.7743366,0.0018718242645263672
313896,normal,266,0,1782362285.7761714,0.001834869384765625
313897,normal,1503,0,1782362285.7782526,0.002081155776977539
313898,normal,3571,0,1782362285.7802904,0.0020377635955810547
313899,normal,746,0,1782362285.7821617,0.001871347427368164
313900,normal,1237,0,1782362285.7844355,0.0022737979888916016
313901,normal,3699,0,1782362285.786267,0.0018315315246582031
313902,normal,1646,0,1782362285.7881646,0.001897573471069336
313903,normal,1101,0,1782362285.7902932,0.00212860107421875
313904,normal,3305,1,1782362285.7923055,0.0020122528076171875
313905,normal,3487,0,1782362285.7941883,0.001882791519165039
313906,normal,1319,1,1782362285.7964628,0.0022745132446289062
313907,normal,284,0,1782362285.7985218,0.0020589828491210938
313908,normal,1053,0,1782362285.800235,0.0017132759094238281
313909,normal,124,0,1782362285.8022234,0.0019884109497070312
313910,normal,2100,0,1782362285.8043687,0.0021452903747558594
313911,normal,1514,0,1782362285.8062398,0.0018711090087890625
313912,normal,2896,0,1782362285.8081827,0.0019428730010986328
313913,normal,795,2,1782362285.8104613,0.002278566360473633
313914,normal,513,0,1782362285.81224,0.0017786026000976562
313915,normal,276,0,1782362285.8143518,0.0021119117736816406
313916,normal,2751,0,1782362285.8165631,0.002211332321166992
313917,normal,2453,0,1782362285.8183045,0.0017414093017578125
313918,normal,1496,0,1782362285.8201766,0.0018720626831054688
313919,normal,3474,0,1782362285.8221643,0.0019876956939697266
313920,normal,139,0,1782362285.8243062,0.0021419525146484375
313921,normal,2962,0,1782362285.8261576,0.0018513202667236328
313922,normal,2690,0,1782362285.828304,0.002146482467651367
313923,normal,388,0,1782362285.8301318,0.0018277168273925781
313924,normal,2537,0,1782362285.8322968,0.002165079116821289
313925,normal,2070,0,1782362285.834264,0.001967191696166992
313926,normal,2704,0,1782362285.8361857,0.0019216537475585938
313927,normal,1609,0,1782362285.8383243,0.0021386146545410156
313928,normal,3424,0,1782362285.8402975,0.0019731521606445312
313929,normal,863,2,1782362285.8422117,0.0019142627716064453
313930,normal,2623,0,1782362285.844184,0.001972198486328125
313931,normal,1962,0,1782362285.8462033,0.0020194053649902344
313932,normal,905,2,1782362285.8481426,0.0019392967224121094
313933,normal,2562,0,1782362285.8502085,0.002065896987915039
313934,normal,2786,0,1782362285.8521538,0.0019452571868896484
313935,normal,1868,0,1782362285.8541558,0.0020020008087158203
313936,normal,1775,0,1782362285.85616,0.0020041465759277344
313937,normal,2602,0,1782362285.8581378,0.0019779205322265625
313938,normal,2797,0,1782362285.860167,0.0020291805267333984
313939,normal,963,2,1782362285.862167,0.0019998550415039062
313940,normal,1092,0,1782362285.8641498,0.0019829273223876953
313941,normal,437,0,1782362285.8661728,0.002022981643676758
313942,normal,3452,0,1782362285.8681788,0.002006053924560547
313943,normal,3260,1,1782362285.8701427,0.0019638538360595703
313944,normal,1552,0,1782362285.872156,0.0020132064819335938
313945,normal,691,0,1782362285.8741524,0.0019965171813964844
313946,normal,3137,1,1782362285.8761666,0.00201416015625
313947,normal,2925,0,1782362285.878154,0.001987457275390625
313948,normal,3232,1,1782362285.8801765,0.0020225048065185547
313949,normal,2354,0,1782362285.8823767,0.0022001266479492188
313950,normal,2121,0,1782362285.8841803,0.0018036365509033203
313951,normal,3402,0,1782362285.88634,0.002159595489501953
313952,normal,1862,0,1782362285.888263,0.0019230842590332031
313953,normal,2699,0,1782362285.8902469,0.0019838809967041016
313954,normal,2331,0,1782362285.8922896,0.0020427703857421875
313955,normal,110,0,1782362285.8943121,0.0020225048065185547
313956,normal,571,0,1782362285.8961518,0.0018396377563476562
313957,normal,968,2,1782362285.8982878,0.0021359920501708984
313958,normal,936,2,1782362285.9002643,0.001976490020751953
313959,normal,1359,1,1782362285.9022138,0.0019495487213134766
313960,normal,3287,1,1782362285.9043803,0.0021665096282958984
313961,normal,1747,0,1782362285.9063044,0.0019240379333496094
313962,normal,506,0,1782362285.9083967,0.0020923614501953125
313963,normal,901,2,1782362285.9104726,0.0020759105682373047
313964,normal,1546,0,1782362285.9123838,0.001911163330078125
313965,normal,2141,0,1782362285.915548,0.0031642913818359375
313966,normal,2367,0,1782362285.9162734,0.0007252693176269531
313967,normal,2521,0,1782362285.918577,0.002303600311279297
313968,normal,2639,0,1782362285.9201992,0.0016222000122070312
313969,normal,3125,1,1782362285.9224799,0.002280712127685547
313970,normal,2532,0,1782362285.9243073,0.0018274784088134766
313971,normal,3198,1,1782362285.9263573,0.0020499229431152344
313972,normal,1419,0,1782362285.9282966,0.0019392967224121094
313973,normal,3538,0,1782362285.930212,0.0019154548645019531
313974,normal,444,0,1782362285.9322667,0.0020546913146972656
313975,normal,2483,0,1782362285.9344795,0.0022127628326416016
313976,normal,533,0,1782362285.9364839,0.002004384994506836
313977,normal,1583,0,1782362285.9383698,0.0018858909606933594
313978,normal,2645,0,1782362285.9403722,0.0020024776458740234
313979,normal,2083,0,1782362285.9425428,0.002170562744140625
313980,normal,3519,0,1782362285.9443057,0.0017628669738769531
313981,normal,981,2,1782362285.9464462,0.002140522003173828
313982,normal,329,0,1782362285.948654,0.0022077560424804688
313983,normal,1896,0,1782362285.9501958,0.0015418529510498047
313984,normal,2767,0,1782362285.9521976,0.0020017623901367188
313985,normal,2857,0,1782362285.9543772,0.0021796226501464844
313986,normal,1723,0,1782362285.956216,0.0018389225006103516
313987,normal,3113,1,1782362285.958226,0.002009868621826172
313988,normal,2127,0,1782362285.9605088,0.002282857894897461
313989,normal,2217,0,1782362285.9627905,0.002281665802001953
313990,normal,704,0,1782362285.964319,0.0015285015106201172
313991,normal,1502,0,1782362285.966538,0.002218961715698242
313992,normal,3057,1,1782362285.968271,0.0017330646514892578
313993,normal,3374,1,1782362285.9705229,0.002251863479614258
313994,normal,2913,0,1782362285.9724338,0.0019109249114990234
313995,normal,998,2,1782362285.9743986,0.0019648075103759766
313996,normal,413,0,1782362285.976576,0.0021774768829345703
313997,normal,1667,0,1782362285.978474,0.0018978118896484375
313998,normal,191,0,1782362285.9803114,0.0018374919891357422
313999,normal,3265,1,1782362285.9824746,0.0021631717681884766
314000,normal,2276,0,1782362285.9843755,0.0019009113311767578
314001,normal,926,2,1782362285.9864595,0.002084016799926758
314002,normal,3000,0,1782362285.9882638,0.001804351806640625
314003,normal,964,2,1782362285.9906108,0.0023469924926757812
314004,normal,652,0,1782362285.992457,0.0018460750579833984
314005,normal,2776,0,1782362285.9945467,0.0020897388458251953
314006,normal,2414,0,1782362285.9963012,0.0017545223236083984
314007,normal,2398,0,1782362285.9984763,0.0021750926971435547
314008,normal,1333,1,1782362286.0006418,0.002165555953979492
314009,normal,2807,0,1782362286.002335,0.0016932487487792969
314010,normal,2106,0,1782362286.004322,0.001986980438232422
314011,normal,726,0,1782362286.0063362,0.00201416015625
314012,normal,3085,1,1782362286.0082805,0.0019443035125732422
314013,normal,1539,0,1782362286.0103765,0.002095937728881836
314014,normal,3570,0,1782362286.012545,0.0021686553955078125
314015,normal,1661,0,1782362286.014458,0.001912832260131836
314016,normal,514,0,1782362286.0166032,0.0021452903747558594
314017,normal,3417,0,1782362286.0190344,0.002431154251098633
314018,normal,2456,0,1782362286.0202012,0.0011668205261230469
314019,normal,879,2,1782362286.0223427,0.0021414756774902344
314020,normal,275,0,1782362286.024324,0.0019812583923339844
314021,normal,2491,0,1782362286.026439,0.002115011215209961
314022,normal,1136,0,1782362286.0282953,0.0018563270568847656
314023,normal,3540,0,1782362286.0303078,0.002012491226196289
314024,normal,384,0,1782362286.0325584,0.00225067138671875
314025,normal,128,0,1782362286.0344336,0.001875162124633789
314026,normal,852,2,1782362286.0364103,0.0019767284393310547
314027,normal,1994,0,1782362286.038423,0.0020127296447753906
314028,normal,1163,0,1782362286.0402455,0.0018224716186523438
314029,normal,3019,0,1782362286.0424635,0.002218008041381836
314030,normal,3060,1,1782362286.0445957,0.0021321773529052734
314031,normal,953,2,1782362286.0463078,0.0017120838165283203
314032,normal,222,0,1782362286.048434,0.0021262168884277344
314033,normal,681,0,1782362286.0505006,0.0020666122436523438
314034,normal,3065,1,1782362286.0523245,0.0018239021301269531
314035,normal,436,0,1782362286.0543206,0.0019960403442382812
314036,normal,3310,1,1782362286.0562217,0.0019011497497558594
314037,normal,3276,1,1782362286.0582583,0.002036571502685547
314038,normal,235,0,1782362286.0602403,0.001981973648071289
314039,normal,1457,0,1782362286.0622056,0.0019652843475341797
314040,normal,897,2,1782362286.064373,0.0021674633026123047
314041,normal,1970,0,1782362286.0663493,0.0019762516021728516
314042,normal,2046,0,1782362286.0683572,0.0020079612731933594
314043,normal,3049,1,1782362286.070237,0.0018796920776367188
314044,normal,2546,0,1782362286.0724003,0.002163410186767578
314045,normal,1526,0,1782362286.0745506,0.002150297164916992
314046,normal,3435,0,1782362286.0762544,0.0017037391662597656
314047,normal,696,0,1782362286.0783775,0.002123117446899414
314048,normal,1070,0,1782362286.0803368,0.0019593238830566406
314049,normal,1727,0,1782362286.0824554,0.0021185874938964844
314050,normal,308,0,1782362286.084457,0.002001523971557617
314051,normal,2975,0,1782362286.0862586,0.0018017292022705078
314052,normal,1811,0,1782362286.0883558,0.0020971298217773438
314053,normal,260,0,1782362286.0902293,0.0018734931945800781
314054,normal,9,0,1782362286.092368,0.0021386146545410156
314055,normal,132,0,1782362286.0942984,0.0019304752349853516
314056,normal,3473,0,1782362286.096396,0.002097606658935547
314057,normal,1538,0,1782362286.0982566,0.0018606185913085938
314058,normal,2523,0,1782362286.1003728,0.0021162033081054688
314059,normal,829,2,1782362286.102307,0.0019342899322509766
314060,normal,621,0,1782362286.1045215,0.0022144317626953125
314061,normal,3525,0,1782362286.1064005,0.001878976821899414
314062,normal,574,0,1782362286.108349,0.0019485950469970703
314063,normal,866,2,1782362286.110458,0.0021088123321533203
314064,normal,1160,0,1782362286.112416,0.001958131790161133
314065,normal,2165,0,1782362286.1144452,0.0020291805267333984
314066,normal,1865,0,1782362286.1163998,0.0019545555114746094
314067,normal,2748,0,1782362286.1182625,0.0018627643585205078
314068,normal,2668,0,1782362286.1204562,0.0021936893463134766
314069,normal,1634,0,1782362286.1223924,0.001936197280883789
314070,normal,2116,0,1782362286.12426,0.001867532730102539
314071,normal,2679,0,1782362286.1263804,0.002120494842529297
314072,normal,112,0,1782362286.1282525,0.0018720626831054688
314073,normal,2247,0,1782362286.130299,0.0020465850830078125
314074,normal,731,0,1782362286.1322248,0.0019257068634033203
314075,normal,2892,0,1782362286.13452,0.002295255661010742
314076,normal,1796,0,1782362286.1362066,0.0016865730285644531
314077,normal,1586,0,1782362286.138538,0.002331256866455078
314078,normal,3361,1,1782362286.140617,0.002079010009765625
314079,normal,1339,1,1782362286.1422918,0.0016748905181884766
314080,normal,507,0,1782362286.1443503,0.0020585060119628906
314081,normal,3531,0,1782362286.1463828,0.0020325183868408203
314082,normal,2813,0,1782362286.1489825,0.0025997161865234375
314083,normal,1154,0,1782362286.1504102,0.0014276504516601562
314084,normal,146,0,1782362286.1523154,0.001905202865600586
314085,normal,1601,0,1782362286.1545205,0.0022051334381103516
314086,normal,977,2,1782362286.1562457,0.0017251968383789062
314087,normal,909,2,1782362286.158453,0.0022072792053222656
314088,normal,1530,0,1782362286.1602175,0.001764535903930664
314089,normal,1997,0,1782362286.1626074,0.0023899078369140625
314090,normal,885,2,1782362286.1643622,0.0017547607421875
314091,normal,2420,0,1782362286.1662147,0.0018525123596191406
314092,normal,51,0,1782362286.1683803,0.002165555953979492
314093,normal,1246,0,1782362286.170322,0.001941680908203125
314094,normal,3481,0,1782362286.172657,0.002335071563720703
314095,normal,648,0,1782362286.1744635,0.001806497573852539
314096,normal,2066,0,1782362286.1764362,0.001972675323486328
314097,normal,1279,0,1782362286.1784747,0.0020384788513183594
314098,normal,1180,0,1782362286.180593,0.002118349075317383
314099,normal,2444,0,1782362286.1824024,0.0018093585968017578
314100,normal,1303,0,1782362286.1844134,0.0020110607147216797
314101,normal,473,0,1782362286.1863863,0.0019729137420654297
314102,normal,1225,0,1782362286.1886883,0.002301931381225586
314103,normal,1410,0,1782362286.1904507,0.00176239013671875
314104,normal,1242,0,1782362286.1925075,0.0020568370819091797
314105,normal,1217,0,1782362286.1947596,0.0022521018981933594
314106,normal,721,0,1782362286.1968975,0.002137899398803711
314107,normal,2360,0,1782362286.1985161,0.0016186237335205078
314108,normal,809,2,1782362286.2005494,0.002033233642578125
314109,normal,656,0,1782362286.2023435,0.0017940998077392578
314110,normal,1155,0,1782362286.204444,0.0021004676818847656
314111,normal,3067,1,1782362286.2065663,0.0021224021911621094
314112,normal,2418,0,1782362286.2082937,0.0017273426055908203
314113,normal,868,2,1782362286.210367,0.0020732879638671875
314114,normal,1751,0,1782362286.2122996,0.0019326210021972656
314115,normal,1916,0,1782362286.214296,0.0019965171813964844
314116,normal,877,2,1782362286.2163937,0.002097606658935547
314117,normal,817,2,1782362286.218318,0.001924276351928711
314118,normal,3528,0,1782362286.2204366,0.0021185874938964844
314119,normal,1134,0,1782362286.2223334,0.0018968582153320312
314120,normal,2277,0,1782362286.2244837,0.002150297164916992
314121,normal,78,0,1782362286.2264953,0.002011537551879883
314122,normal,3646,0,1782362286.2283823,0.0018870830535888672
314123,normal,180,0,1782362286.2304301,0.0020477771759033203
314124,normal,2401,0,1782362286.2324204,0.0019903182983398438
314125,normal,742,0,1782362286.2343638,0.001943349838256836
314126,normal,956,2,1782362286.2365103,0.002146482467651367
314127,normal,2800,0,1782362286.2384334,0.0019230842590332031
314128,normal,1158,0,1782362286.2404854,0.0020520687103271484
314129,normal,2089,0,1782362286.2424061,0.0019207000732421875
314130,normal,3366,1,1782362286.2443566,0.0019505023956298828
314131,normal,1325,1,1782362286.246256,0.0018994808197021484
314132,normal,2779,0,1782362286.2484567,0.002200603485107422
314133,normal,1381,1,1782362286.2503445,0.0018877983093261719
314134,normal,916,2,1782362286.2523637,0.002019166946411133
314135,normal,43,0,1782362286.2544827,0.0021190643310546875
314136,normal,1048,0,1782362286.2563221,0.0018393993377685547
314137,normal,546,0,1782362286.2584043,0.0020821094512939453
314138,normal,974,2,1782362286.2604322,0.0020279884338378906
314139,normal,626,0,1782362286.2622764,0.001844167709350586
314140,normal,357,0,1782362286.264359,0.0020825862884521484
314141,normal,911,2,1782362286.266289,0.0019299983978271484
314142,normal,2640,0,1782362286.2683487,0.0020596981048583984
314143,normal,453,0,1782362286.2702534,0.0019047260284423828
314144,normal,1146,0,1782362286.272426,0.0021724700927734375
314145,normal,1531,0,1782362286.2743132,0.0018873214721679688
314146,normal,2017,0,1782362286.2765849,0.0022716522216796875
314147,normal,859,2,1782362286.278451,0.0018661022186279297
314148,normal,1981,0,1782362286.2803586,0.0019075870513916016
314149,normal,3083,1,1782362286.2824893,0.002130746841430664
314150,normal,1637,0,1782362286.2843702,0.0018808841705322266
314151,normal,1556,0,1782362286.286379,0.0020089149475097656
314152,normal,3517,0,1782362286.2882333,0.0018541812896728516
314153,normal,3236,1,1782362286.2903984,0.002165079116821289
314154,normal,508,0,1782362286.2922113,0.0018129348754882812
314155,normal,3631,0,1782362286.294386,0.0021746158599853516
314156,normal,3068,1,1782362286.2963161,0.00193023681640625
314157,normal,3702,0,1782362286.2982678,0.0019516944885253906
314158,normal,82,0,1782362286.3005097,0.002241849899291992
314159,normal,164,0,1782362286.3028057,0.002295970916748047
314160,normal,2340,0,1782362286.3044004,0.0015947818756103516
314161,normal,2022,0,1782362286.3065805,0.0021800994873046875
314162,normal,1701,0,1782362286.3085692,0.001988649368286133
314163,normal,1628,0,1782362286.3104722,0.0019030570983886719
314164,normal,1619,0,1782362286.3126469,0.0021746158599853516
314165,normal,3499,0,1782362286.314604,0.0019571781158447266
314166,normal,736,0,1782362286.3164036,0.0017995834350585938
314167,normal,836,2,1782362286.3185508,0.002147197723388672
314168,normal,3138,1,1782362286.3204951,0.0019443035125732422
314169,normal,2542,0,1782362286.3224018,0.0019066333770751953
314170,normal,1073,0,1782362286.3243053,0.001903533935546875
314171,normal,2199,0,1782362286.326373,0.0020678043365478516
314172,normal,1341,1,1782362286.3284154,0.0020422935485839844
314173,normal,1511,0,1782362286.3302228,0.0018074512481689453
314174,normal,452,0,1782362286.3324513,0.0022284984588623047
314175,normal,1407,0,1782362286.3342857,0.0018343925476074219
314176,normal,808,2,1782362286.336337,0.0020513534545898438
314177,normal,280,0,1782362286.3382757,0.0019385814666748047
314178,normal,622,0,1782362286.3407202,0.0024445056915283203
314179,normal,2261,0,1782362286.342589,0.0018687248229980469
314180,normal,28,0,1782362286.3443973,0.0018084049224853516
314181,normal,3069,1,1782362286.347302,0.002904653549194336
314182,normal,2206,0,1782362286.3486395,0.0013375282287597656
314183,normal,2273,0,1782362286.350379,0.001739501953125
314184,normal,390,0,1782362286.3523853,0.0020062923431396484
314185,normal,1441,0,1782362286.3544357,0.0020503997802734375
314186,normal,3682,0,1782362286.3568597,0.002424001693725586
314187,normal,535,0,1782362286.3583112,0.0014514923095703125
314188,normal,3140,1,1782362286.3605692,0.0022580623626708984
314189,normal,2040,0,1782362286.362688,0.002118825912475586
314190,normal,1481,0,1782362286.3643126,0.0016245841979980469
314191,normal,3521,0,1782362286.3665116,0.002198934555053711
314192,normal,3593,0,1782362286.368444,0.001932382583618164
314193,normal,3327,1,1782362286.370775,0.0023310184478759766
314194,normal,517,0,1782362286.372561,0.0017859935760498047
314195,normal,407,0,1782362286.374606,0.0020449161529541016
314196,normal,1758,0,1782362286.3763785,0.0017726421356201172
314197,normal,3064,1,1782362286.3787394,0.002360820770263672
314198,normal,1517,0,1782362286.3805401,0.0018007755279541016
314199,normal,339,0,1782362286.3824449,0.0019047260284423828
314200,normal,3352,1,1782362286.3847096,0.002264738082885742
314201,normal,2376,0,1782362286.3864067,0.0016970634460449219
314202,normal,951,2,1782362286.3888822,0.0024755001068115234
314203,normal,2918,0,1782362286.39051,0.0016279220581054688
314204,normal,1912,0,1782362286.392603,0.0020928382873535156
314205,normal,935,2,1782362286.3947198,0.0021169185638427734
314206,normal,3539,0,1782362286.396852,0.0021321773529052734
314207,normal,1096,0,1782362286.3984272,0.0015752315521240234
314208,normal,1890,0,1782362286.4004674,0.0020401477813720703
314209,normal,3308,1,1782362286.4022098,0.0017423629760742188
314210,normal,497,0,1782362286.4044824,0.0022726058959960938
314211,normal,2263,0,1782362286.406511,0.0020287036895751953
314212,normal,1448,0,1782362286.4082613,0.0017502307891845703
314213,normal,871,2,1782362286.4103892,0.0021278858184814453
314214,normal,2782,0,1782362286.4122388,0.0018496513366699219
314215,normal,2612,0,1782362286.4143608,0.0021219253540039062
314216,normal,414,0,1782362286.416448,0.0020873546600341797
314217,normal,2673,0,1782362286.4183252,0.0018770694732666016
314218,normal,1124,0,1782362286.4202747,0.0019495487213134766
314219,normal,2621,0,1782362286.422343,0.0020682811737060547
314220,normal,1680,0,1782362286.4242911,0.0019481182098388672
314221,normal,3202,1,1782362286.4264874,0.0021963119506835938
314222,normal,664,0,1782362286.4284637,0.0019762516021728516
314223,normal,1098,0,1782362286.4303167,0.0018529891967773438
314224,normal,753,0,1782362286.4324198,0.002103090286254883
314225,normal,3178,1,1782362286.4344041,0.0019843578338623047
314226,normal,1802,0,1782362286.436234,0.0018298625946044922
314227,normal,3161,1,1782362286.438462,0.0022280216217041016
314228,normal,1905,0,1782362286.4403942,0.0019321441650390625
314229,normal,1458,0,1782362286.4423578,0.0019636154174804688
314230,normal,3299,1,1782362286.444478,0.0021202564239501953
314231,normal,944,2,1782362286.4464774,0.001999378204345703
314232,normal,1473,0,1782362286.4483979,0.001920461654663086
314233,normal,292,0,1782362286.4504468,0.002048969268798828
314234,normal,1036,0,1782362286.4525528,0.0021059513092041016
314235,normal,3687,0,1782362286.454312,0.0017592906951904297
314236,normal,3249,1,1782362286.4564698,0.0021576881408691406
314237,normal,3317,1,1782362286.4586544,0.002184629440307617
314238,normal,116,0,1782362286.460295,0.0016405582427978516
314239,normal,782,2,1782362286.462535,0.0022399425506591797
314240,normal,3589,0,1782362286.4645388,0.002003908157348633
314241,normal,3261,1,1782362286.4663732,0.0018343925476074219
314242,normal,2134,0,1782362286.4683936,0.0020203590393066406
314243,normal,3092,1,1782362286.4705167,0.002123117446899414
314244,normal,291,0,1782362286.4722552,0.0017385482788085938
314245,normal,3434,0,1782362286.4745615,0.002306222915649414
314246,normal,3597,0,1782362286.47654,0.001978635787963867
314247,normal,638,0,1782362286.4783857,0.0018455982208251953
314248,normal,2775,0,1782362286.4805794,0.0021936893463134766
314249,normal,3307,1,1782362286.4825377,0.0019583702087402344
314250,normal,74,0,1782362286.484393,0.0018551349639892578
314251,normal,1788,0,1782362286.4865336,0.0021407604217529297
314252,normal,3492,0,1782362286.4885204,0.0019867420196533203
314253,normal,299,0,1782362286.490452,0.0019316673278808594
314254,normal,347,0,1782362286.4922857,0.0018336772918701172
314255,normal,3093,1,1782362286.4945755,0.0022897720336914062
314256,normal,2234,0,1782362286.4962466,0.0016710758209228516
314257,normal,1718,0,1782362286.4985006,0.002254009246826172
314258,normal,1686,0,1782362286.5007622,0.002261638641357422
314259,normal,1939,0,1782362286.5023022,0.0015399456024169922
314260,normal,2339,0,1782362286.5045605,0.00225830078125
314261,normal,2416,0,1782362286.506573,0.002012491226196289
314262,normal,1923,0,1782362286.5084672,0.001894235610961914
314263,normal,2254,0,1782362286.5107,0.002232789993286133
314264,normal,3044,0,1782362286.5126326,0.0019326210021972656
314265,normal,527,0,1782362286.5144856,0.0018529891967773438
314266,normal,3612,0,1782362286.516788,0.002302408218383789
314267,normal,2495,0,1782362286.5185723,0.0017843246459960938
314268,normal,1095,0,1782362286.5206294,0.0020570755004882812
314269,normal,3676,0,1782362286.5224366,0.0018072128295898438
314270,normal,1563,0,1782362286.5247898,0.002353191375732422
314271,normal,2381,0,1782362286.5262845,0.0014946460723876953
314272,normal,3586,0,1782362286.5284865,0.0022020339965820312
314273,normal,1143,0,1782362286.5304077,0.0019211769104003906
314274,normal,1874,0,1782362286.5326052,0.0021975040435791016
314275,normal,910,2,1782362286.5342379,0.0016326904296875
314276,normal,3426,0,1782362286.5366945,0.0024566650390625
314277,normal,3355,1,1782362286.5382395,0.001544952392578125
314278,normal,475,0,1782362286.540473,0.0022335052490234375
314279,normal,2703,0,1782362286.5424871,0.00201416015625
314280,normal,931,2,1782362286.5448039,0.002316713333129883
314281,normal,820,2,1782362286.546694,0.0018901824951171875
314282,normal,1772,0,1782362286.548801,0.002106904983520508
314283,normal,578,0,1782362286.5508149,0.0020139217376708984
314284,normal,1320,1,1782362286.552418,0.0016031265258789062
314285,normal,3655,0,1782362286.5545197,0.0021016597747802734
314286,normal,2458,0,1782362286.5562732,0.0017535686492919922
314287,normal,3373,1,1782362286.558603,0.0023298263549804688
314288,normal,2543,0,1782362286.5607321,0.002129077911376953
314289,normal,889,2,1782362286.5623045,0.0015723705291748047
314290,normal,3047,1,1782362286.564814,0.002509593963623047
314291,normal,2296,0,1782362286.5663621,0.0015480518341064453
314292,normal,1408,0,1782362286.5683722,0.0020101070404052734
314293,normal,620,0,1782362286.5704193,0.0020470619201660156
314294,normal,2924,0,1782362286.5725179,0.002098560333251953
314295,normal,3588,0,1782362286.5746045,0.002086639404296875
314296,normal,3314,1,1782362286.5767279,0.0021233558654785156
314297,normal,1024,2,1782362286.5783942,0.0016663074493408203
314298,normal,3703,0,1782362286.5806525,0.00225830078125
314299,normal,1168,0,1782362286.5825033,0.0018508434295654297
314300,normal,3591,0,1782362286.5845723,0.0020689964294433594
314301,normal,3470,0,1782362286.5865035,0.0019311904907226562
314302,normal,1706,0,1782362286.5885131,0.0020096302032470703
314303,normal,3554,0,1782362286.590869,0.002355813980102539
314304,normal,364,0,1782362286.5927646,0.0018956661224365234
314305,normal,3494,0,1782362286.5944386,0.0016739368438720703
314306,normal,1447,0,1782362286.596953,0.002514362335205078
314307,normal,120,0,1782362286.5984032,0.0014503002166748047
314308,normal,2882,0,1782362286.600683,0.0022797584533691406
314309,normal,2189,0,1782362286.602536,0.0018529891967773438
314310,normal,2684,0,1782362286.6045115,0.001975536346435547
314311,normal,376,0,1782362286.606767,0.0022554397583007812
314312,normal,2439,0,1782362286.6083627,0.0015957355499267578
314313,normal,85,0,1782362286.6103613,0.0019986629486083984
314314,normal,976,2,1782362286.6125028,0.0021414756774902344
314315,normal,3568,0,1782362286.614411,0.0019083023071289062
314316,normal,345,0,1782362286.616396,0.001984834671020508
314317,normal,1046,0,1782362286.6184266,0.002030611038208008
314318,normal,2712,0,1782362286.6205058,0.0020792484283447266
314319,normal,2009,0,1782362286.622278,0.001772165298461914
314320,normal,476,0,1782362286.6245763,0.0022983551025390625
314321,normal,3315,1,1782362286.6264656,0.0018892288208007812
314322,normal,1138,0,1782362286.6284702,0.0020046234130859375
314323,normal,3006,0,1782362286.630552,0.0020818710327148438
314324,normal,1995,0,1782362286.6323502,0.0017981529235839844
314325,normal,2126,0,1782362286.6343663,0.0020160675048828125
314326,normal,1545,0,1782362286.6363184,0.0019521713256835938
314327,normal,1713,0,1782362286.6385505,0.002232074737548828
314328,normal,2065,0,1782362286.6405783,0.002027750015258789
314329,normal,2773,0,1782362286.6424608,0.0018825531005859375
314330,normal,532,0,1782362286.644568,0.0021071434020996094
314331,normal,1047,0,1782362286.6462688,0.0017008781433105469
314332,normal,1600,0,1782362286.64852,0.002251148223876953
314333,normal,3238,1,1782362286.65051,0.001990079879760742
314334,normal,418,0,1782362286.6524527,0.0019426345825195312
314335,normal,221,0,1782362286.654344,0.0018913745880126953
314336,normal,1280,0,1782362286.6566114,0.0022673606872558594
314337,normal,1226,0,1782362286.658506,0.0018944740295410156
314338,normal,2499,0,1782362286.6603892,0.0018832683563232422
314339,normal,480,0,1782362286.6626534,0.002264261245727539
314340,normal,1372,1,1782362286.6642563,0.0016028881072998047
314341,normal,1151,0,1782362286.6665003,0.0022439956665039062
314342,normal,2714,0,1782362286.6684186,0.0019183158874511719
314343,normal,771,0,1782362286.6703684,0.0019497871398925781
314344,normal,3132,1,1782362286.6724966,0.002128124237060547
314345,normal,3697,0,1782362286.6744196,0.0019230842590332031
314346,normal,1863,0,1782362286.6764128,0.0019931793212890625
314347,normal,572,0,1782362286.6784356,0.0020227432250976562
314348,normal,1323,1,1782362286.6811173,0.002681732177734375
314349,normal,23,0,1782362286.6823792,0.0012619495391845703
314350,normal,3136,1,1782362286.6843667,0.001987457275390625
314351,normal,3469,0,1782362286.6864994,0.0021326541900634766
314352,normal,1731,0,1782362286.6883104,0.0018110275268554688
314353,normal,1161,0,1782362286.690483,0.002172708511352539
314354,normal,3678,0,1782362286.692461,0.0019779205322265625
314355,normal,312,0,1782362286.69435,0.0018889904022216797
314356,normal,232,0,1782362286.6961892,0.0018391609191894531
314357,normal,45,0,1782362286.6983612,0.0021719932556152344
314358,normal,1040,0,1782362286.7002034,0.0018422603607177734
314359,normal,71,0,1782362286.7023964,0.002192974090576172
314360,normal,2687,0,1782362286.704457,0.0020606517791748047
314361,normal,633,0,1782362286.706208,0.001750946044921875
314362,normal,3640,0,1782362286.7087517,0.0025436878204345703
314363,normal,3619,0,1782362286.7105956,0.0018439292907714844
314364,normal,720,0,1782362286.712695,0.002099275588989258
314365,normal,3190,1,1782362286.7146182,0.0019233226776123047
314366,normal,1737,0,1782362286.7165573,0.0019390583038330078
314367,normal,1638,0,1782362286.718538,0.0019807815551757812
314368,normal,2042,0,1782362286.7206094,0.002071380615234375
314369,normal,3193,1,1782362286.7225556,0.0019462108612060547
314370,normal,2607,0,1782362286.7243621,0.001806497573852539
314371,normal,3669,0,1782362286.7263627,0.002000570297241211
314372,normal,2885,0,1782362286.7284222,0.002059459686279297
314373,normal,30,0,1782362286.730377,0.001954793930053711
314374,normal,3170,1,1782362286.732621,0.0022439956665039062
314375,normal,1383,0,1782362286.7344854,0.0018644332885742188
314376,normal,1288,0,1782362286.736229,0.0017435550689697266
314377,normal,2906,0,1782362286.7384696,0.0022406578063964844
314378,normal,107,0,1782362286.7404785,0.0020089149475097656
314379,normal,3522,0,1782362286.742363,0.00188446044921875
314380,normal,1674,0,1782362286.744775,0.002412080764770508
314381,normal,176,0,1782362286.7472796,0.002504587173461914
314382,normal,606,0,1782362286.749051,0.0017714500427246094
314383,normal,2355,0,1782362286.750575,0.0015239715576171875
314384,normal,119,0,1782362286.7525234,0.0019483566284179688
314385,normal,1993,0,1782362286.7543888,0.001865386962890625
314386,normal,1647,0,1782362286.7564037,0.0020148754119873047
314387,normal,1390,0,1782362286.7585113,0.0021076202392578125
314388,normal,118,0,1782362286.7602751,0.0017638206481933594
314389,normal,1268,0,1782362286.7631161,0.0028409957885742188
314390,normal,948,2,1782362286.7646933,0.001577138900756836
314391,normal,3187,1,1782362286.766474,0.0017807483673095703
314392,normal,3611,0,1782362286.7683895,0.0019154548645019531
314393,normal,575,0,1782362286.770444,0.002054452896118164
314394,normal,924,2,1782362286.7723844,0.0019404888153076172
314395,normal,237,0,1782362286.7744124,0.0020279884338378906
314396,normal,2682,0,1782362286.7765255,0.0021131038665771484
314397,normal,632,0,1782362286.779036,0.002510547637939453
314398,normal,366,0,1782362286.7804823,0.0014462471008300781
314399,normal,1540,0,1782362286.7827027,0.0022203922271728516
314400,normal,804,2,1782362286.78437,0.0016672611236572266
314401,normal,1074,0,1782362286.786631,0.0022611618041992188
314402,normal,504,0,1782362286.7884655,0.0018343925476074219
314403,normal,2758,0,1782362286.7905357,0.002070188522338867
314404,normal,1120,0,1782362286.7923253,0.0017895698547363281
314405,normal,3332,1,1782362286.7944682,0.0021429061889648438
314406,normal,1388,0,1782362286.796923,0.0024547576904296875
314407,normal,2843,0,1782362286.798714,0.0017910003662109375
314408,normal,2911,0,1782362286.8006024,0.0018885135650634766
314409,normal,3633,0,1782362286.802287,0.0016846656799316406
314410,normal,2931,0,1782362286.8051867,0.002899646759033203
314411,normal,295,0,1782362286.8068068,0.0016200542449951172
314412,normal,758,0,1782362286.8094761,0.0026693344116210938
314413,normal,117,0,1782362286.8104303,0.0009541511535644531
314414,normal,3404,0,1782362286.8124483,0.002017974853515625
314415,normal,2838,0,1782362286.81435,0.0019016265869140625
314416,normal,2249,0,1782362286.8164768,0.002126932144165039
314417,normal,2727,0,1782362286.8185284,0.0020515918731689453
314418,normal,917,2,1782362286.820292,0.0017635822296142578
314419,normal,565,0,1782362286.8225162,0.0022242069244384766
314420,normal,380,0,1782362286.8244379,0.0019216537475585938
314421,normal,1985,0,1782362286.8263724,0.0019345283508300781
314422,normal,2789,0,1782362286.8285325,0.0021600723266601562
314423,normal,2357,0,1782362286.8306005,0.002068042755126953
314424,normal,2076,0,1782362286.8324673,0.0018668174743652344
314425,normal,1836,0,1782362286.8345747,0.002107381820678711
314426,normal,1724,0,1782362286.8365862,0.002011537551879883
314427,normal,816,2,1782362286.8382468,0.0016605854034423828
314428,normal,3368,1,1782362286.8405833,0.0023365020751953125
314429,normal,2408,0,1782362286.842501,0.0019176006317138672
314430,normal,1974,0,1782362286.8444874,0.0019865036010742188
314431,normal,1297,0,1782362286.8465698,0.002082347869873047
314432,normal,1697,0,1782362323.3617134,0.0
314433,normal,713,0,1782362323.3636935,0.0019800662994384766
314434,normal,2659,0,1782362323.3658414,0.0021479129791259766
314435,normal,2826,0,1782362323.3677568,0.0019154548645019531
314436,normal,3495,0,1782362323.3696787,0.0019218921661376953
314437,normal,2446,0,1782362323.3717468,0.002068042755126953
314438,normal,2439,0,1782362323.3736303,0.0018835067749023438
314439,normal,2778,0,1782362323.3757176,0.0020873546600341797
314440,normal,321,0,1782362323.3776596,0.0019419193267822266
314441,normal,84,0,1782362323.3797162,0.002056598663330078
314442,normal,450,0,1782362323.3816564,0.0019402503967285156
314443,normal,469,0,1782362323.3837268,0.0020704269409179688
314444,normal,1878,0,1782362323.3856502,0.0019233226776123047
314445,normal,3080,1,1782362323.387713,0.0020627975463867188
314446,normal,952,2,1782362323.3896945,0.001981496810913086
314447,normal,581,0,1782362323.3916473,0.0019528865814208984
314448,normal,2989,0,1782362323.3937452,0.0020978450775146484
314449,normal,1558,0,1782362323.3956988,0.001953601837158203
314450,normal,3209,1,1782362323.397644,0.0019452571868896484
314451,normal,702,0,1782362323.3997262,0.0020821094512939453
314452,normal,628,0,1782362323.4016948,0.0019686222076416016
314453,normal,2252,0,1782362323.403723,0.002028226852416992
314454,normal,2002,0,1782362323.4056954,0.0019724369049072266
314455,normal,1775,0,1782362323.4077253,0.002029895782470703
314456,normal,655,0,1782362323.409647,0.0019216537475585938
314457,normal,2184,0,1782362323.411725,0.0020780563354492188
314458,normal,2107,0,1782362323.4136994,0.001974344253540039
314459,normal,3040,0,1782362323.415643,0.0019435882568359375
314460,normal,922,2,1782362323.4177246,0.002081632614135742
314461,normal,1276,0,1782362323.4197035,0.0019788742065429688
314462,normal,1709,0,1782362323.4216435,0.001940011978149414
314463,normal,42,0,1782362323.423718,0.0020744800567626953
314464,normal,731,0,1782362323.42572,0.0020020008087158203
314465,normal,1574,0,1782362323.4276419,0.0019218921661376953
314466,normal,607,0,1782362323.4297209,0.002079010009765625
314467,normal,989,2,1782362323.4317234,0.0020024776458740234
314468,normal,911,2,1782362323.4336436,0.0019202232360839844
314469,normal,2919,0,1782362323.4357166,0.002073049545288086
314470,normal,3236,1,1782362323.4377232,0.00200653076171875
314471,normal,2609,0,1782362323.4396436,0.001920461654663086
314472,normal,1408,0,1782362323.441719,0.0020754337310791016
314473,normal,1657,0,1782362323.4437213,0.002002239227294922
314474,normal,3419,0,1782362323.4456434,0.0019221305847167969
314475,normal,1089,0,1782362323.4477205,0.0020771026611328125
314476,normal,2522,0,1782362323.4497297,0.002009153366088867
314477,normal,880,2,1782362323.4516444,0.0019147396087646484
314478,normal,2842,0,1782362323.45371,0.0020656585693359375
314479,normal,501,0,1782362323.4557214,0.0020112991333007812
314480,normal,1004,2,1782362323.4576435,0.0019221305847167969
314481,normal,2120,0,1782362323.4597216,0.0020780563354492188
314482,normal,2170,0,1782362323.4617245,0.0020029544830322266
314483,normal,2923,0,1782362323.4636486,0.0019240379333496094
314484,normal,3271,1,1782362323.465711,0.002062559127807617
314485,normal,3363,1,1782362323.4677167,0.0020055770874023438
314486,normal,775,2,1782362323.4696445,0.0019278526306152344
314487,normal,2890,0,1782362323.4717083,0.002063751220703125
314488,normal,3617,0,1782362323.4737215,0.0020132064819335938
314489,normal,1402,0,1782362323.475646,0.0019245147705078125
314490,normal,46,0,1782362323.477712,0.002065896987915039
314491,normal,3626,0,1782362323.479719,0.002007007598876953
314492,normal,1278,0,1782362323.4816551,0.001936197280883789
314493,normal,3051,1,1782362323.4837124,0.002057313919067383
314494,normal,2449,0,1782362323.4857075,0.001995086669921875
314495,normal,2246,0,1782362323.4876442,0.0019366741180419922
314496,normal,250,0,1782362323.489707,0.0020627975463867188
314497,normal,3604,0,1782362323.4917307,0.0020236968994140625
314498,normal,1091,0,1782362323.4936514,0.0019207000732421875
314499,normal,1987,0,1782362323.4957156,0.002064228057861328
314500,normal,2996,0,1782362323.4977326,0.0020170211791992188
314501,normal,1223,0,1782362323.499654,0.0019214153289794922
314502,normal,2019,0,1782362323.5017102,0.002056121826171875
314503,normal,3307,1,1782362323.5037236,0.0020134449005126953
314504,normal,2021,0,1782362323.5056481,0.0019245147705078125
314505,normal,1741,0,1782362323.5077164,0.0020682811737060547
314506,normal,1607,0,1782362323.509741,0.0020246505737304688
314507,normal,3550,0,1782362323.5116467,0.001905679702758789
314508,normal,2393,0,1782362323.513714,0.0020673274993896484
314509,normal,220,0,1782362323.5157285,0.0020143985748291016
314510,normal,1226,0,1782362323.5176468,0.0019183158874511719
314511,normal,293,0,1782362323.5197217,0.0020749568939208984
314512,normal,2516,0,1782362323.5217178,0.0019960403442382812
314513,normal,2722,0,1782362323.523658,0.0019402503967285156
314514,normal,3068,1,1782362323.525713,0.002054929733276367
314515,normal,1119,0,1782362323.527721,0.0020079612731933594
314516,normal,2390,0,1782362323.5296478,0.0019268989562988281
314517,normal,2210,0,1782362323.531713,0.0020651817321777344
314518,normal,752,0,1782362323.533722,0.0020089149475097656
314519,normal,670,0,1782362323.5356476,0.0019257068634033203
314520,normal,742,0,1782362323.537712,0.0020644664764404297
314521,normal,2045,0,1782362323.5397162,0.0020041465759277344
314522,normal,1161,0,1782362323.541646,0.0019297599792480469
314523,normal,692,0,1782362323.5437138,0.0020678043365478516
314524,normal,913,2,1782362323.5457215,0.002007722854614258
314525,normal,406,0,1782362323.5476475,0.0019259452819824219
314526,normal,3092,1,1782362323.5497139,0.002066373825073242
314527,normal,3648,0,1782362323.551722,0.002008199691772461
314528,normal,369,0,1782362323.5536451,0.0019230842590332031
314529,normal,3555,0,1782362323.5557106,0.002065420150756836
314530,normal,3087,1,1782362323.5577133,0.002002716064453125
314531,normal,301,0,1782362323.5596547,0.0019414424896240234
314532,normal,547,0,1782362323.5617142,0.002059459686279297
314533,normal,449,0,1782362323.5637112,0.0019969940185546875
314534,normal,3352,1,1782362323.5657055,0.0019943714141845703
314535,normal,976,2,1782362323.5676436,0.0019381046295166016
314536,normal,2066,0,1782362323.5697024,0.002058744430541992
314537,normal,1137,0,1782362323.5716434,0.0019409656524658203
314538,normal,343,0,1782362323.5737085,0.0020651817321777344
314539,normal,2995,0,1782362323.5757017,0.0019931793212890625
314540,normal,3178,1,1782362323.5776398,0.0019381046295166016
314541,normal,33,0,1782362323.5797164,0.0020766258239746094
314542,normal,2621,0,1782362323.5817044,0.001987934112548828
314543,normal,2216,0,1782362323.5836418,0.0019373893737792969
314544,normal,1356,1,1782362323.5857086,0.0020668506622314453
314545,normal,2300,0,1782362323.5877028,0.0019941329956054688
314546,normal,1306,0,1782362323.589642,0.0019392967224121094
314547,normal,1568,0,1782362323.5917084,0.002066373825073242
314548,normal,2353,0,1782362323.5937033,0.0019948482513427734
314549,normal,2077,0,1782362323.5956411,0.0019378662109375
314550,normal,381,0,1782362323.5977259,0.0020847320556640625
314551,normal,999,2,1782362323.5997171,0.00199127197265625
314552,normal,1578,0,1782362323.601641,0.0019237995147705078
314553,normal,2678,0,1782362323.6037068,0.002065896987915039
314554,normal,2990,0,1782362323.6057003,0.001993417739868164
314555,normal,1502,0,1782362323.6076403,0.001940011978149414
314556,normal,2143,0,1782362323.6097054,0.0020651817321777344
314557,normal,1405,0,1782362323.6116993,0.001993894577026367
314558,normal,2385,0,1782362323.6136396,0.0019402503967285156
314559,normal,2137,0,1782362323.6157084,0.002068758010864258
314560,normal,3327,1,1782362323.6176994,0.0019910335540771484
314561,normal,1883,0,1782362323.619648,0.0019485950469970703
314562,normal,1436,0,1782362323.6217132,0.0020651817321777344
314563,normal,3675,0,1782362323.6237059,0.0019927024841308594
314564,normal,1805,0,1782362323.625641,0.0019352436065673828
314565,normal,2391,0,1782362323.6277282,0.002087116241455078
314566,normal,1542,0,1782362323.6297054,0.001977205276489258
314567,normal,22,0,1782362323.6316416,0.001936197280883789
314568,normal,2686,0,1782362323.6337054,0.002063751220703125
314569,normal,2717,0,1782362323.6357088,0.0020034313201904297
314570,normal,1062,0,1782362323.637649,0.0019402503967285156
314571,normal,419,0,1782362323.639704,0.002054929733276367
314572,normal,3650,0,1782362323.6417084,0.002004384994506836
314573,normal,5,0,1782362323.6436436,0.0019352436065673828
314574,normal,2366,0,1782362323.645709,0.002065420150756836
314575,normal,72,0,1782362323.647719,0.002009868621826172
314576,normal,2490,0,1782362323.6496441,0.0019252300262451172
314577,normal,1155,0,1782362323.651727,0.00208282470703125
314578,normal,3524,0,1782362323.6537123,0.001985311508178711
314579,normal,1360,1,1782362323.6556745,0.0019621849060058594
314580,normal,3224,1,1782362323.6579683,0.002293825149536133
314581,normal,807,2,1782362323.6598961,0.0019278526306152344
314582,normal,2716,0,1782362323.6617181,0.0018219947814941406
314583,normal,1884,0,1782362323.6639183,0.0022001266479492188
314584,normal,1870,0,1782362323.6658924,0.0019741058349609375
314585,normal,1262,0,1782362323.667717,0.0018246173858642578
314586,normal,219,0,1782362323.6699417,0.0022246837615966797
314587,normal,723,0,1782362323.67189,0.0019483566284179688
314588,normal,980,2,1782362323.6737158,0.0018258094787597656
314589,normal,2721,0,1782362323.6759326,0.002216815948486328
314590,normal,3330,1,1782362323.6779602,0.0020275115966796875
314591,normal,908,2,1782362323.6797178,0.0017576217651367188
314592,normal,2503,0,1782362323.6819437,0.0022258758544921875
314593,normal,1453,0,1782362323.6838913,0.001947641372680664
314594,normal,2777,0,1782362323.685718,0.0018267631530761719
314595,normal,1944,0,1782362323.687935,0.0022170543670654297
314596,normal,354,0,1782362323.6898882,0.001953125
314597,normal,3674,0,1782362323.6917162,0.0018279552459716797
314598,normal,3115,1,1782362323.6937504,0.0020341873168945312
314599,normal,2517,0,1782362323.6958933,0.0021429061889648438
314600,normal,2965,0,1782362323.6977148,0.0018215179443359375
314601,normal,1699,0,1782362323.6999333,0.002218484878540039
314602,normal,2091,0,1782362323.7019517,0.002018451690673828
314603,normal,1491,0,1782362323.7037163,0.001764535903930664
314604,normal,415,0,1782362323.705934,0.0022177696228027344
314605,normal,2172,0,1782362323.7079594,0.0020253658294677734
314606,normal,2069,0,1782362323.7097166,0.0017571449279785156
314607,normal,1809,0,1782362323.7119524,0.002235889434814453
314608,normal,1313,0,1782362323.7139125,0.0019600391387939453
314609,normal,1523,0,1782362323.7157214,0.0018088817596435547
314610,normal,716,0,1782362323.7179384,0.0022170543670654297
314611,normal,3634,0,1782362323.7198837,0.0019452571868896484
314612,normal,2079,0,1782362323.7217178,0.0018341541290283203
314613,normal,2967,0,1782362323.7239516,0.002233743667602539
314614,normal,831,2,1782362323.7259424,0.001990795135498047
314615,normal,2857,0,1782362323.7277167,0.0017743110656738281
314616,normal,512,0,1782362323.729939,0.002222299575805664
314617,normal,2710,0,1782362323.7319531,0.00201416015625
314618,normal,778,2,1782362323.7337182,0.0017650127410888672
314619,normal,1338,1,1782362323.7359571,0.0022389888763427734
314620,normal,3250,1,1782362323.737936,0.0019788742065429688
314621,normal,1364,1,1782362323.7397163,0.0017802715301513672
314622,normal,1332,1,1782362323.74194,0.0022237300872802734
314623,normal,3,0,1782362323.7439537,0.002013683319091797
314624,normal,2654,0,1782362323.7457156,0.0017619132995605469
314625,normal,1521,0,1782362323.7479768,0.0022611618041992188
314626,normal,3529,0,1782362323.7499466,0.0019698143005371094
314627,normal,3676,0,1782362323.751722,0.001775503158569336
314628,normal,950,2,1782362323.7539306,0.0022084712982177734
314629,normal,3235,1,1782362323.7558656,0.0019350051879882812
314630,normal,1814,0,1782362323.7577147,0.0018491744995117188
314631,normal,1627,0,1782362323.7599206,0.0022058486938476562
314632,normal,1905,0,1782362323.761935,0.0020143985748291016
314633,normal,3266,1,1782362323.763716,0.0017809867858886719
314634,normal,617,0,1782362323.7659175,0.002201557159423828
314635,normal,588,0,1782362323.76794,0.0020225048065185547
314636,normal,3299,1,1782362323.7697144,0.0017743110656738281
314637,normal,691,0,1782362323.7719343,0.0022199153900146484
314638,normal,560,0,1782362323.7738595,0.0019252300262451172
314639,normal,1142,0,1782362323.775717,0.0018575191497802734
314640,normal,3661,0,1782362323.777926,0.0022089481353759766
314641,normal,3153,1,1782362323.7798736,0.001947641372680664
314642,normal,213,0,1782362323.781718,0.0018444061279296875
314643,normal,1608,0,1782362323.7839365,0.002218484878540039
314644,normal,2598,0,1782362323.785866,0.0019295215606689453
314645,normal,2519,0,1782362323.7877192,0.0018532276153564453
314646,normal,1022,2,1782362323.7899272,0.0022079944610595703
314647,normal,298,0,1782362323.7919621,0.002034902572631836
314648,normal,3672,0,1782362323.793719,0.001756906509399414
314649,normal,748,0,1782362323.7959297,0.0022106170654296875
314650,normal,942,2,1782362323.7979567,0.0020270347595214844
314651,normal,430,0,1782362323.799723,0.001766204833984375
314652,normal,3574,0,1782362323.8019457,0.002222776412963867
314653,normal,2956,0,1782362323.8039613,0.0020155906677246094
314654,normal,2419,0,1782362323.8057137,0.0017523765563964844
314655,normal,695,0,1782362323.8079357,0.0022220611572265625
314656,normal,3244,1,1782362323.8099613,0.002025604248046875
314657,normal,2772,0,1782362323.8117218,0.0017604827880859375
314658,normal,2086,0,1782362323.8137581,0.0020363330841064453
314659,normal,1993,0,1782362323.8158631,0.0021049976348876953
314660,normal,2155,0,1782362323.8176847,0.0018215179443359375
314661,normal,3622,0,1782362323.8197262,0.0020415782928466797
314662,normal,238,0,1782362323.8217385,0.0020122528076171875
314663,normal,860,2,1782362323.8237007,0.0019621849060058594
314664,normal,56,0,1782362323.825723,0.002022266387939453
314665,normal,2679,0,1782362323.8277788,0.0020558834075927734
314666,normal,620,0,1782362323.8297014,0.001922607421875
314667,normal,2165,0,1782362323.831725,0.002023458480834961
314668,normal,221,0,1782362323.8337424,0.002017498016357422
314669,normal,845,2,1782362323.8357382,0.0019958019256591797
314670,normal,3631,0,1782362323.8377259,0.0019876956939697266
314671,normal,940,2,1782362323.8397508,0.0020248889923095703
314672,normal,2438,0,1782362323.8417017,0.001950979232788086
314673,normal,1695,0,1782362323.8437247,0.002022981643676758
314674,normal,1726,0,1782362323.8457482,0.002023458480834961
314675,normal,70,0,1782362323.8477447,0.0019965171813964844
314676,normal,2551,0,1782362323.8496823,0.0019376277923583984
314677,normal,2578,0,1782362323.8517516,0.002069234848022461
314678,normal,1718,0,1782362323.8539078,0.0021562576293945312
314679,normal,3450,0,1782362323.8556924,0.0017845630645751953
314680,normal,2653,0,1782362323.8577058,0.0020134449005126953
314681,normal,637,0,1782362323.8597317,0.0020258426666259766
314682,normal,2222,0,1782362323.8616436,0.0019118785858154297
314683,normal,2943,0,1782362323.8637433,0.002099752426147461
314684,normal,3358,1,1782362323.8656247,0.0018813610076904297
314685,normal,3376,1,1782362323.8677795,0.002154827117919922
314686,normal,384,0,1782362323.869744,0.001964569091796875
314687,normal,2854,0,1782362323.8717513,0.0020072460174560547
314688,normal,1861,0,1782362323.8739514,0.0022001266479492188
314689,normal,26,0,1782362323.8759193,0.001967906951904297
314690,normal,2577,0,1782362323.8777683,0.0018489360809326172
314691,normal,2259,0,1782362323.8797705,0.002002239227294922
314692,normal,2095,0,1782362323.8819215,0.002151012420654297
314693,normal,1349,1,1782362323.883731,0.0018093585968017578
314694,normal,3251,1,1782362323.885958,0.0022270679473876953
314695,normal,3614,0,1782362323.887918,0.0019600391387939453
314696,normal,2662,0,1782362323.8897293,0.0018112659454345703
314697,normal,2894,0,1782362323.8919606,0.0022313594818115234
314698,normal,2932,0,1782362323.8939166,0.0019559860229492188
314699,normal,2261,0,1782362323.895729,0.0018124580383300781
314700,normal,552,0,1782362323.8979588,0.0022296905517578125
314701,normal,16,0,1782362323.899921,0.0019621849060058594
314702,normal,1652,0,1782362323.901731,0.0018100738525390625
314703,normal,324,0,1782362323.9039648,0.002233743667602539
314704,normal,820,2,1782362323.905915,0.0019502639770507812
314705,normal,114,0,1782362323.9077318,0.0018167495727539062
314706,normal,609,0,1782362323.9099672,0.00223541259765625
314707,normal,936,2,1782362323.9119184,0.0019512176513671875
314708,normal,62,0,1782362323.913731,0.0018126964569091797
314709,normal,1164,0,1782362323.9159865,0.0022554397583007812
314710,normal,809,2,1782362323.9179292,0.0019426345825195312
314711,normal,2580,0,1782362323.9197304,0.0018012523651123047
314712,normal,2099,0,1782362323.9219723,0.002241849899291992
314713,normal,2939,0,1782362323.9239192,0.0019469261169433594
314714,normal,3417,0,1782362323.9257321,0.0018129348754882812
314715,normal,1198,0,1782362323.9279685,0.0022363662719726562
314716,normal,1702,0,1782362323.9299192,0.0019507408142089844
314717,normal,1129,0,1782362323.9317317,0.0018124580383300781
314718,normal,1817,0,1782362323.9339542,0.0022225379943847656
314719,normal,3385,1,1782362323.935915,0.00196075439453125
314720,normal,1770,0,1782362323.9377315,0.0018165111541748047
314721,normal,1336,1,1782362323.939915,0.0021834373474121094
314722,normal,2330,0,1782362323.9419143,0.001999378204345703
314723,normal,3255,1,1782362323.9437284,0.001814126968383789
314724,normal,810,2,1782362323.9459164,0.002187967300415039
314725,normal,1479,0,1782362323.9479175,0.002001047134399414
314726,normal,257,0,1782362323.9497392,0.001821756362915039
314727,normal,1868,0,1782362323.9519165,0.0021772384643554688
314728,normal,2116,0,1782362323.9539208,0.002004384994506836
314729,normal,2450,0,1782362323.9557383,0.001817464828491211
314730,normal,113,0,1782362323.9579318,0.002193450927734375
314731,normal,2702,0,1782362323.9599192,0.001987457275390625
314732,normal,959,2,1782362323.9617317,0.0018124580383300781
314733,normal,1983,0,1782362323.9639196,0.002187967300415039
314734,normal,1653,0,1782362323.9659152,0.001995563507080078
314735,normal,3519,0,1782362323.967733,0.0018177032470703125
314736,normal,442,0,1782362323.9699912,0.00225830078125
314737,normal,1981,0,1782362323.971923,0.001931905746459961
314738,normal,2575,0,1782362323.973734,0.0018107891082763672
314739,normal,2392,0,1782362323.975925,0.0021910667419433594
314740,normal,1965,0,1782362323.9779165,0.0019915103912353516
314741,normal,604,0,1782362323.9797301,0.001813650131225586
314742,normal,2388,0,1782362323.9819312,0.002201080322265625
314743,normal,2977,0,1782362323.9839623,0.002031087875366211
314744,normal,2292,0,1782362323.9857392,0.0017769336700439453
314745,normal,580,0,1782362323.9876566,0.0019173622131347656
314746,normal,55,0,1782362323.989696,0.0020394325256347656
314747,normal,3532,0,1782362323.9916553,0.0019593238830566406
314748,normal,1747,0,1782362323.9936533,0.0019979476928710938
314749,normal,2345,0,1782362323.995651,0.001997709274291992
314750,normal,2478,0,1782362323.9976492,0.0019981861114501953
314751,normal,730,0,1782362323.9997354,0.002086162567138672
314752,normal,1471,0,1782362324.0017424,0.002007007598876953
314753,normal,2892,0,1782362324.0036302,0.0018877983093261719
314754,normal,1628,0,1782362324.0059335,0.0023033618927001953
314755,normal,2355,0,1782362324.0079176,0.001984119415283203
314756,normal,1044,0,1782362324.009739,0.001821279525756836
314757,normal,52,0,1782362324.0119371,0.0021982192993164062
314758,normal,531,0,1782362324.0139186,0.001981496810913086
314759,normal,1068,0,1782362324.0157304,0.0018117427825927734
314760,normal,732,0,1782362324.0179398,0.0022094249725341797
314761,normal,947,2,1782362324.019916,0.0019762516021728516
314762,normal,785,2,1782362324.0217314,0.0018153190612792969
314763,normal,3204,1,1782362324.0239472,0.002215862274169922
314764,normal,109,0,1782362324.025919,0.001971721649169922
314765,normal,2008,0,1782362324.0277355,0.0018165111541748047
314766,normal,3261,1,1782362324.0299187,0.002183198928833008
314767,normal,2779,0,1782362324.0319126,0.001993894577026367
314768,normal,3448,0,1782362324.0337334,0.0018208026885986328
314769,normal,289,0,1782362324.035924,0.0021905899047851562
314770,normal,1299,0,1782362324.0379164,0.001992464065551758
314771,normal,648,0,1782362324.0397327,0.0018162727355957031
314772,normal,1328,1,1782362324.041923,0.0021903514862060547
314773,normal,3079,1,1782362324.0439165,0.001993417739868164
314774,normal,3583,0,1782362324.045738,0.0018215179443359375
314775,normal,1626,0,1782362324.0479257,0.0021877288818359375
314776,normal,3606,0,1782362324.049911,0.001985311508178711
314777,normal,2518,0,1782362324.0517313,0.0018203258514404297
314778,normal,1431,0,1782362324.0539284,0.0021970272064208984
314779,normal,347,0,1782362324.0559168,0.0019884109497070312
314780,normal,3451,0,1782362324.0577247,0.0018079280853271484
314781,normal,585,0,1782362324.0599318,0.002207040786743164
314782,normal,1494,0,1782362324.0619793,0.0020475387573242188
314783,normal,421,0,1782362324.0637448,0.0017654895782470703
314784,normal,2969,0,1782362324.065934,0.002189159393310547
314785,normal,1138,0,1782362324.0679185,0.0019845962524414062
314786,normal,194,0,1782362324.0697312,0.0018126964569091797
314787,normal,3434,0,1782362324.0719414,0.0022101402282714844
314788,normal,3515,0,1782362324.0739157,0.001974344253540039
314789,normal,3392,1,1782362324.075731,0.0018153190612792969
314790,normal,975,2,1782362324.0779405,0.0022094249725341797
314791,normal,2524,0,1782362324.0799205,0.0019800662994384766
314792,normal,325,0,1782362324.0817318,0.0018112659454345703
314793,normal,30,0,1782362324.0839467,0.0022149085998535156
314794,normal,1014,2,1782362324.0859106,0.0019638538360595703
314795,normal,2078,0,1782362324.0877333,0.0018227100372314453
314796,normal,43,0,1782362324.089943,0.0022096633911132812
314797,normal,96,0,1782362324.0919154,0.0019724369049072266
314798,normal,2627,0,1782362324.093731,0.0018155574798583984
314799,normal,1156,0,1782362324.0959473,0.002216339111328125
314800,normal,1507,0,1782362324.0979166,0.0019693374633789062
314801,normal,3657,0,1782362324.0997324,0.0018157958984375
314802,normal,3114,1,1782362324.1019475,0.002215147018432617
314803,normal,2570,0,1782362324.1039147,0.001967191696166992
314804,normal,2133,0,1782362324.1057396,0.0018248558044433594
314805,normal,1856,0,1782362324.1079516,0.002212047576904297
314806,normal,2640,0,1782362324.1099095,0.0019578933715820312
314807,normal,2042,0,1782362324.11173,0.0018205642700195312
314808,normal,3217,1,1782362324.1139529,0.002222776412963867
314809,normal,488,0,1782362324.1159065,0.001953601837158203
314810,normal,2296,0,1782362324.1177328,0.0018262863159179688
314811,normal,1787,0,1782362324.1199555,0.002222776412963867
314812,normal,2219,0,1782362324.121916,0.0019605159759521484
314813,normal,2900,0,1782362324.1237333,0.0018172264099121094
314814,normal,1406,0,1782362324.1259582,0.0022249221801757812
314815,normal,3032,0,1782362324.1279097,0.001951456069946289
314816,normal,3446,0,1782362324.1297376,0.0018279552459716797
314817,normal,3520,0,1782362324.1319609,0.0022232532501220703
314818,normal,2200,0,1782362324.133919,0.001958131790161133
314819,normal,945,2,1782362324.1357322,0.0018131732940673828
314820,normal,2731,0,1782362324.137963,0.0022308826446533203
314821,normal,2326,0,1782362324.1399183,0.001955270767211914
314822,normal,2112,0,1782362324.14173,0.0018117427825927734
314823,normal,895,2,1782362324.1439667,0.002236604690551758
314824,normal,2691,0,1782362324.1459157,0.0019490718841552734
314825,normal,2700,0,1782362324.147732,0.0018162727355957031
314826,normal,3596,0,1782362324.1499681,0.0022361278533935547
314827,normal,147,0,1782362324.1519186,0.0019505023956298828
314828,normal,707,0,1782362324.1537352,0.0018165111541748047
314829,normal,1175,0,1782362324.1559706,0.00223541259765625
314830,normal,931,2,1782362324.157918,0.0019474029541015625
314831,normal,3282,1,1782362324.1597304,0.0018124580383300781
314832,normal,898,2,1782362324.1619768,0.002246379852294922
314833,normal,920,2,1782362324.1639178,0.0019409656524658203
314834,normal,2613,0,1782362324.1657317,0.0018138885498046875
314835,normal,2960,0,1782362324.1679754,0.0022437572479248047
314836,normal,3211,1,1782362324.169915,0.001939535140991211
314837,normal,2424,0,1782362324.1717312,0.0018162727355957031
314838,normal,1399,0,1782362324.1739242,0.002192974090576172
314839,normal,1150,0,1782362324.175918,0.001993894577026367
314840,normal,744,0,1782362324.1777315,0.0018134117126464844
314841,normal,687,0,1782362324.179917,0.0021855831146240234
314842,normal,3281,1,1782362324.1819186,0.002001523971557617
314843,normal,1683,0,1782362324.1837418,0.0018231868743896484
314844,normal,3342,1,1782362324.1859205,0.002178668975830078
314845,normal,1192,0,1782362324.1879287,0.002008199691772461
314846,normal,1271,0,1782362324.1897392,0.0018105506896972656
314847,normal,1070,0,1782362324.1919203,0.0021810531616210938
314848,normal,2447,0,1782362324.1939185,0.0019981861114501953
314849,normal,479,0,1782362324.1957316,0.0018131732940673828
314850,normal,571,0,1782362324.1979175,0.002185821533203125
314851,normal,3706,0,1782362324.1999137,0.001996278762817383
314852,normal,1869,0,1782362324.201737,0.0018231868743896484
314853,normal,1793,0,1782362324.203909,0.0021719932556152344
314854,normal,3533,0,1782362324.2059162,0.0020072460174560547
314855,normal,3086,1,1782362324.2077296,0.0018134117126464844
314856,normal,281,0,1782362324.2099245,0.0021948814392089844
314857,normal,420,0,1782362324.2119193,0.0019948482513427734
314858,normal,3285,1,1782362324.2137327,0.0018134117126464844
314859,normal,3132,1,1782362324.2159276,0.0021948814392089844
314860,normal,2090,0,1782362324.2179155,0.001987934112548828
314861,normal,2358,0,1782362324.219729,0.0018134117126464844
314862,normal,3289,1,1782362324.2219284,0.002199411392211914
314863,normal,3063,1,1782362324.2239163,0.001987934112548828
314864,normal,122,0,1782362324.2257316,0.0018153190612792969
314865,normal,2394,0,1782362324.227936,0.002204418182373047
314866,normal,1033,0,1782362324.2299192,0.001983165740966797
314867,normal,403,0,1782362324.2317297,0.0018105506896972656
314868,normal,2885,0,1782362324.2339358,0.002206087112426758
314869,normal,3654,0,1782362324.2359185,0.0019826889038085938
314870,normal,2168,0,1782362324.237732,0.0018134117126464844
314871,normal,594,0,1782362324.2399347,0.002202749252319336
314872,normal,1673,0,1782362324.2419174,0.0019826889038085938
314873,normal,32,0,1782362324.2437315,0.001814126968383789
314874,normal,2441,0,1782362324.245917,0.0021855831146240234
314875,normal,3598,0,1782362324.2479167,0.0019996166229248047
314876,normal,477,0,1782362324.249729,0.0018122196197509766
314877,normal,40,0,1782362324.2519436,0.002214670181274414
314878,normal,2966,0,1782362324.2539227,0.0019791126251220703
314879,normal,1319,1,1782362324.2557395,0.0018167495727539062
314880,normal,1368,1,1782362324.257945,0.0022056102752685547
314881,normal,858,2,1782362324.2599177,0.001972675323486328
314882,normal,2565,0,1782362324.261737,0.0018193721771240234
314883,normal,110,0,1782362324.2639494,0.0022122859954833984
314884,normal,3100,1,1782362324.2659228,0.001973390579223633
314885,normal,619,0,1782362324.2677288,0.001806020736694336
314886,normal,397,0,1782362324.26992,0.002191305160522461
314887,normal,2954,0,1782362324.2719173,0.001997232437133789
314888,normal,1876,0,1782362324.2737298,0.0018124580383300781
314889,normal,1457,0,1782362324.2759242,0.0021944046020507812
314890,normal,1169,0,1782362324.2779193,0.001995086669921875
314891,normal,1831,0,1782362324.2797337,0.0018143653869628906
314892,normal,1910,0,1782362324.2819278,0.0021941661834716797
314893,normal,2059,0,1782362324.2839174,0.001989603042602539
314894,normal,2329,0,1782362324.2857316,0.001814126968383789
314895,normal,1679,0,1782362324.2879272,0.002195596694946289
314896,normal,970,2,1782362324.2899077,0.0019805431365966797
314897,normal,3062,1,1782362324.291731,0.00182342529296875
314898,normal,313,0,1782362324.2939284,0.002197265625
314899,normal,1938,0,1782362324.2959223,0.001993894577026367
314900,normal,2368,0,1782362324.2977312,0.0018088817596435547
314901,normal,2062,0,1782362324.2999313,0.0022001266479492188
314902,normal,2465,0,1782362324.3019137,0.001982450485229492
314903,normal,3536,0,1782362324.3037403,0.0018265247344970703
314904,normal,3572,0,1782362324.3059337,0.002193450927734375
314905,normal,2043,0,1782362324.3079102,0.001976490020751953
314906,normal,1934,0,1782362324.3097296,0.0018193721771240234
314907,normal,2883,0,1782362324.311932,0.0022025108337402344
314908,normal,1331,1,1782362324.3138785,0.0019464492797851562
314909,normal,3237,1,1782362324.3157284,0.0018498897552490234
314910,normal,3069,1,1782362324.317919,0.0021905899047851562
314911,normal,2271,0,1782362324.3199024,0.0019834041595458984
314912,normal,2456,0,1782362324.3217275,0.001825094223022461
314913,normal,2521,0,1782362324.3239365,0.0022089481353759766
314914,normal,553,0,1782362324.3259118,0.0019752979278564453
314915,normal,1984,0,1782362324.3277278,0.0018160343170166016
314916,normal,667,0,1782362324.3299427,0.0022149085998535156
314917,normal,82,0,1782362324.3319101,0.0019674301147460938
314918,normal,1859,0,1782362324.3337297,0.001819610595703125
314919,normal,2542,0,1782362324.3359432,0.0022134780883789062
314920,normal,2321,0,1782362324.337899,0.001955747604370117
314921,normal,3506,0,1782362324.3397338,0.001834869384765625
314922,normal,239,0,1782362324.3419456,0.0022118091583251953
314923,normal,593,0,1782362324.3439038,0.001958131790161133
314924,normal,2793,0,1782362324.3457284,0.0018246173858642578
314925,normal,613,0,1782362324.348071,0.002342700958251953
314926,normal,505,0,1782362324.3497813,0.0017101764678955078
314927,normal,2895,0,1782362324.3519075,0.0021262168884277344
314928,normal,2340,0,1782362324.3537505,0.0018429756164550781
314929,normal,402,0,1782362324.3556967,0.0019462108612060547
314930,normal,1092,0,1782362324.3577352,0.0020384788513183594
314931,normal,3105,1,1782362324.359693,0.0019578933715820312
314932,normal,906,2,1782362324.361692,0.0019989013671875
314933,normal,2638,0,1782362324.3636537,0.0019617080688476562
314934,normal,3015,0,1782362324.3656545,0.0020008087158203125
314935,normal,766,0,1782362324.3677375,0.0020830631256103516
314936,normal,1340,1,1782362324.3696222,0.0018846988677978516
314937,normal,466,0,1782362324.3719609,0.0023386478424072266
314938,normal,2153,0,1782362324.3739002,0.0019392967224121094
314939,normal,391,0,1782362324.3757308,0.0018305778503417969
314940,normal,2975,0,1782362324.3779588,0.0022280216217041016
314941,normal,360,0,1782362324.3799071,0.0019483566284179688
314942,normal,3162,1,1782362324.3817298,0.0018227100372314453
314943,normal,3190,1,1782362324.3839636,0.002233743667602539
314944,normal,1562,0,1782362324.3859143,0.0019507408142089844
314945,normal,2736,0,1782362324.3877316,0.0018172264099121094
314946,normal,3280,1,1782362324.389965,0.0022335052490234375
314947,normal,416,0,1782362324.3919299,0.0019648075103759766
314948,normal,1309,0,1782362324.3937428,0.0018129348754882812
314949,normal,229,0,1782362324.395961,0.0022182464599609375
314950,normal,964,2,1782362324.39791,0.0019490718841552734
314951,normal,1186,0,1782362324.399735,0.0018248558044433594
314952,normal,2122,0,1782362324.4019718,0.0022368431091308594
314953,normal,3625,0,1782362324.4039128,0.0019409656524658203
314954,normal,115,0,1782362324.4057302,0.001817464828491211
314955,normal,1638,0,1782362324.4079106,0.002180337905883789
314956,normal,2009,0,1782362324.4098964,0.001985788345336914
314957,normal,3689,0,1782362324.4117298,0.0018334388732910156
314958,normal,802,2,1782362324.413913,0.002183198928833008
314959,normal,3148,1,1782362324.4159083,0.0019953250885009766
314960,normal,340,0,1782362324.4177434,0.0018351078033447266
314961,normal,1297,0,1782362324.419912,0.0021686553955078125
314962,normal,2843,0,1782362324.421914,0.0020020008087158203
314963,normal,882,2,1782362324.4237318,0.0018177032470703125
314964,normal,2003,0,1782362324.4259176,0.002185821533203125
314965,normal,2823,0,1782362324.427907,0.0019893646240234375
314966,normal,2283,0,1782362324.4297314,0.0018243789672851562
314967,normal,112,0,1782362324.4319143,0.0021829605102539062
314968,normal,1352,1,1782362324.433907,0.0019927024841308594
314969,normal,3339,1,1782362324.4357305,0.00182342529296875
314970,normal,1497,0,1782362324.4378982,0.0021677017211914062
314971,normal,3382,1,1782362324.4399078,0.0020096302032470703
314972,normal,987,2,1782362324.4417326,0.0018248558044433594
314973,normal,2914,0,1782362324.4439232,0.0021905899047851562
314974,normal,31,0,1782362324.445908,0.001984834671020508
314975,normal,2864,0,1782362324.4477315,0.00182342529296875
314976,normal,3484,0,1782362324.4499319,0.0022003650665283203
314977,normal,1446,0,1782362324.451913,0.0019812583923339844
314978,normal,1890,0,1782362324.4537287,0.0018155574798583984
314979,normal,1279,0,1782362324.45593,0.0022013187408447266
314980,normal,622,0,1782362324.4579136,0.001983642578125
314981,normal,797,2,1782362324.4597318,0.0018181800842285156
314982,normal,991,2,1782362324.4619682,0.0022363662719726562
314983,normal,3284,1,1782362324.463723,0.0017547607421875
314984,normal,728,0,1782362324.4659076,0.002184629440307617
314985,normal,2782,0,1782362324.4677444,0.0018367767333984375
314986,normal,2026,0,1782362324.469914,0.0021696090698242188
314987,normal,836,2,1782362324.471722,0.0018079280853271484
314988,normal,290,0,1782362324.4739165,0.002194643020629883
314989,normal,3585,0,1782362324.4759061,0.001989603042602539
314990,normal,1377,1,1782362324.477723,0.0018167495727539062
314991,normal,2001,0,1782362324.4799244,0.002201557159423828
314992,normal,1090,0,1782362324.4819124,0.001987934112548828
314993,normal,1100,0,1782362324.4837222,0.001809835433959961
314994,normal,246,0,1782362324.485911,0.0021886825561523438
314995,normal,169,0,1782362324.4879155,0.0020046234130859375
314996,normal,441,0,1782362324.4897237,0.00180816650390625
314997,normal,2713,0,1782362324.4919264,0.002202749252319336
314998,normal,1450,0,1782362324.4939077,0.0019812583923339844
314999,normal,117,0,1782362324.4957237,0.0018160343170166016
315000,normal,665,0,1782362324.497907,0.002183198928833008
315001,normal,636,0,1782362324.4999094,0.0020024776458740234
315002,normal,2937,0,1782362324.5017242,0.0018148422241210938
315003,normal,1902,0,1782362324.5039098,0.0021855831146240234
315004,normal,1914,0,1782362324.5059056,0.0019958019256591797
315005,normal,1894,0,1782362324.5077221,0.0018165111541748047
315006,normal,653,0,1782362324.5099125,0.0021903514862060547
315007,normal,462,0,1782362324.5119007,0.0019881725311279297
315008,normal,3292,1,1782362324.513725,0.0018243789672851562
315009,normal,2286,0,1782362324.5159264,0.0022013187408447266
315010,normal,3303,1,1782362324.517902,0.001975536346435547
315011,normal,2267,0,1782362324.5197244,0.0018224716186523438
315012,normal,2402,0,1782362324.521917,0.0021927356719970703
315013,normal,2399,0,1782362324.5239003,0.001983165740966797
315014,normal,3611,0,1782362324.5257232,0.0018229484558105469
315015,normal,3398,1,1782362324.527922,0.0021986961364746094
315016,normal,2493,0,1782362324.5299032,0.0019812583923339844
315017,normal,1488,0,1782362324.5317228,0.001819610595703125
315018,normal,954,2,1782362324.5339248,0.0022020339965820312
315019,normal,2871,0,1782362324.535906,0.0019812583923339844
315020,normal,3150,1,1782362324.5377226,0.0018165111541748047
315021,normal,1646,0,1782362324.539924,0.0022013187408447266
315022,normal,1720,0,1782362324.541903,0.0019791126251220703
315023,normal,3684,0,1782362324.5437243,0.001821279525756836
315024,normal,1260,0,1782362324.5458984,0.0021741390228271484
315025,normal,151,0,1782362324.5479033,0.002004861831665039
315026,normal,244,0,1782362324.549905,0.0020017623901367188
315027,normal,3374,1,1782362324.5517783,0.0018732547760009766
315028,normal,1886,0,1782362324.5539339,0.0021555423736572266
315029,normal,1016,2,1782362324.5558722,0.0019383430480957031
315030,normal,1065,0,1782362324.5577738,0.0019016265869140625
315031,normal,1553,0,1782362324.5599084,0.002134561538696289
315032,normal,3527,0,1782362324.561722,0.001813650131225586
315033,normal,727,0,1782362324.5639389,0.002216815948486328
315034,normal,2940,0,1782362324.5659006,0.0019617080688476562
315035,normal,1974,0,1782362324.5677233,0.0018227100372314453
315036,normal,3437,0,1782362324.5699375,0.002214193344116211
315037,normal,2341,0,1782362324.5719032,0.001965761184692383
315038,normal,502,0,1782362324.5737224,0.0018191337585449219
315039,normal,2600,0,1782362324.5759394,0.0022170543670654297
315040,normal,2813,0,1782362324.5779197,0.001980304718017578
315041,normal,1885,0,1782362324.579722,0.001802206039428711
315042,normal,2907,0,1782362324.581944,0.0022220611572265625
315043,normal,2234,0,1782362324.5839002,0.0019562244415283203
315044,normal,1839,0,1782362324.585723,0.0018227100372314453
315045,normal,1050,0,1782362324.5879443,0.002221345901489258
315046,normal,2541,0,1782362324.5899036,0.0019593238830566406
315047,normal,2771,0,1782362324.591723,0.0018193721771240234
315048,normal,2497,0,1782362324.5939488,0.0022258758544921875
315049,normal,3011,0,1782362324.5959082,0.0019593238830566406
315050,normal,34,0,1782362324.5977232,0.0018150806427001953
315051,normal,968,2,1782362324.59995,0.0022268295288085938
315052,normal,3662,0,1782362324.601899,0.0019488334655761719
315053,normal,3174,1,1782362324.6037216,0.0018227100372314453
315054,normal,7,0,1782362324.6059527,0.002231121063232422
315055,normal,973,2,1782362324.6078994,0.0019466876983642578
315056,normal,1139,0,1782362324.609741,0.0018415451049804688
315057,normal,769,0,1782362324.6119528,0.0022118091583251953
315058,normal,656,0,1782362324.6139054,0.0019526481628417969
315059,normal,681,0,1782362324.6157246,0.0018191337585449219
315060,normal,1807,0,1782362324.6179583,0.002233743667602539
315061,normal,1637,0,1782362324.6198997,0.0019414424896240234
315062,normal,1307,0,1782362324.6217237,0.0018239021301269531
315063,normal,3083,1,1782362324.6239564,0.002232789993286133
315064,normal,1285,0,1782362324.6259089,0.0019524097442626953
315065,normal,2053,0,1782362324.6277225,0.001813650131225586
315066,normal,2472,0,1782362324.6299639,0.002241373062133789
315067,normal,2324,0,1782362324.631898,0.001934051513671875
315068,normal,717,0,1782362324.6337218,0.0018239021301269531
315069,normal,847,2,1782362324.6359644,0.002242565155029297
315070,normal,2650,0,1782362324.6378973,0.0019328594207763672
315071,normal,2513,0,1782362324.6397226,0.0018253326416015625
315072,normal,2746,0,1782362324.6419663,0.0022437572479248047
315073,normal,611,0,1782362324.6438932,0.0019268989562988281
315074,normal,3312,1,1782362324.6457214,0.0018281936645507812
315075,normal,1097,0,1782362324.647936,0.002214670181274414
315076,normal,705,0,1782362324.6499023,0.001966238021850586
315077,normal,575,0,1782362324.651736,0.0018336772918701172
315078,normal,2727,0,1782362324.653989,0.0022530555725097656
315079,normal,1916,0,1782362324.6559389,0.0019497871398925781
315080,normal,1204,0,1782362324.6578846,0.0019457340240478516
315081,normal,2798,0,1782362324.6597676,0.0018830299377441406
315082,normal,2950,0,1782362324.6619258,0.0021581649780273438
315083,normal,2411,0,1782362324.663732,0.0018062591552734375
315084,normal,2146,0,1782362324.6659138,0.0021817684173583984
315085,normal,685,0,1782362324.6678913,0.0019774436950683594
315086,normal,1476,0,1782362324.669726,0.0018346309661865234
315087,normal,1767,0,1782362324.671915,0.002189159393310547
315088,normal,1963,0,1782362324.6739001,0.0019850730895996094
315089,normal,1074,0,1782362324.6757226,0.0018224716186523438
315090,normal,1143,0,1782362324.6779177,0.002195119857788086
315091,normal,1359,1,1782362324.679908,0.0019903182983398438
315092,normal,3566,0,1782362324.6817243,0.0018162727355957031
315093,normal,2571,0,1782362324.683927,0.002202749252319336
315094,normal,2414,0,1782362324.6859033,0.0019762516021728516
315095,normal,1980,0,1782362324.6877675,0.0018641948699951172
315096,normal,1201,0,1782362324.6897733,0.0020058155059814453
315097,normal,81,0,1782362324.691816,0.0020427703857421875
315098,normal,1182,0,1782362324.6936376,0.0018215179443359375
315099,normal,1506,0,1782362324.6956346,0.0019969940185546875
315100,normal,1750,0,1782362324.6977053,0.0020706653594970703
315101,normal,3195,1,1782362324.6996324,0.0019271373748779297
315102,normal,1484,0,1782362324.7016315,0.0019991397857666016
315103,normal,1110,0,1782362324.7037196,0.0020880699157714844
315104,normal,869,2,1782362324.7056313,0.0019116401672363281
315105,normal,3152,1,1782362324.7076306,0.001999378204345703
315106,normal,903,2,1782362324.709707,0.002076387405395508
315107,normal,2922,0,1782362324.711631,0.0019240379333496094
315108,normal,2774,0,1782362324.7136307,0.0019996166229248047
315109,normal,579,0,1782362324.7157054,0.002074718475341797
315110,normal,1748,0,1782362324.7176309,0.0019254684448242188
315111,normal,2457,0,1782362324.7196305,0.0019996166229248047
315112,normal,2738,0,1782362324.7217104,0.0020799636840820312
315113,normal,274,0,1782362324.723639,0.001928567886352539
315114,normal,2202,0,1782362324.7256298,0.001990795135498047
315115,normal,3517,0,1782362324.7277026,0.0020728111267089844
315116,normal,1654,0,1782362324.729638,0.0019354820251464844
315117,normal,2206,0,1782362324.7316298,0.001991748809814453
315118,normal,202,0,1782362324.7337027,0.0020728111267089844
315119,normal,2130,0,1782362324.7356305,0.0019278526306152344
315120,normal,1913,0,1782362324.73763,0.001999378204345703
315121,normal,1179,0,1782362324.7397032,0.0020732879638671875
315122,normal,3112,1,1782362324.7416296,0.001926422119140625
315123,normal,332,0,1782362324.7436314,0.0020017623901367188
315124,normal,1414,0,1782362324.745702,0.0020706653594970703
315125,normal,1317,0,1782362324.7476318,0.0019297599792480469
315126,normal,3008,0,1782362324.74963,0.0019981861114501953
315127,normal,2022,0,1782362324.7517023,0.0020723342895507812
315128,normal,2082,0,1782362324.7536309,0.001928567886352539
315129,normal,2660,0,1782362324.7556307,0.0019998550415039062
315130,normal,1329,1,1782362324.757703,0.0020723342895507812
315131,normal,1739,0,1782362324.7596304,0.0019273757934570312
315132,normal,1341,1,1782362324.7616296,0.0019991397857666016
315133,normal,2675,0,1782362324.7636979,0.0020682811737060547
315134,normal,1394,0,1782362324.7656307,0.0019328594207763672
315135,normal,1668,0,1782362324.7676415,0.002010822296142578
315136,normal,1158,0,1782362324.7697039,0.0020623207092285156
315137,normal,1212,0,1782362324.771629,0.0019252300262451172
315138,normal,1412,0,1782362324.7736359,0.0020067691802978516
315139,normal,770,0,1782362324.775701,0.0020651817321777344
315140,normal,1426,0,1782362324.7776344,0.0019333362579345703
315141,normal,3636,0,1782362324.7796288,0.0019943714141845703
315142,normal,1829,0,1782362324.7817066,0.002077817916870117
315143,normal,157,0,1782362324.7836301,0.0019235610961914062
315144,normal,3075,1,1782362324.78563,0.0019998550415039062
315145,normal,230,0,1782362324.787704,0.002074003219604492
315146,normal,2669,0,1782362324.789631,0.0019268989562988281
315147,normal,3468,0,1782362324.7916288,0.0019979476928710938
315148,normal,578,0,1782362324.7937016,0.0020728111267089844
315149,normal,1631,0,1782362324.7956283,0.0019266605377197266
315150,normal,597,0,1782362324.7976294,0.002001047134399414
315151,normal,3294,1,1782362324.7997072,0.002077817916870117
315152,normal,584,0,1782362324.8016317,0.0019245147705078125
315153,normal,1430,0,1782362324.8036299,0.0019981861114501953
315154,normal,2195,0,1782362324.8057094,0.002079486846923828
315155,normal,1561,0,1782362324.8076382,0.0019288063049316406
315156,normal,21,0,1782362324.8096304,0.0019922256469726562
315157,normal,2065,0,1782362324.8117054,0.0020749568939208984
315158,normal,1892,0,1782362324.8137581,0.002052783966064453
315159,normal,1825,0,1782362324.8156316,0.0018734931945800781
315160,normal,3534,0,1782362324.817705,0.0020732879638671875
315161,normal,1552,0,1782362324.8196318,0.0019268989562988281
315162,normal,2830,0,1782362324.8216329,0.002001047134399414
315163,normal,3057,1,1782362324.8237095,0.0020766258239746094
315164,normal,1200,0,1782362324.8256304,0.001920938491821289
315165,normal,1423,0,1782362324.8276281,0.001997709274291992
315166,normal,259,0,1782362324.829704,0.0020759105682373047
315167,normal,1437,0,1782362324.8316324,0.0019283294677734375
315168,normal,159,0,1782362324.8336313,0.0019989013671875
315169,normal,3457,0,1782362324.8357024,0.0020711421966552734
315170,normal,2189,0,1782362324.837632,0.0019295215606689453
315171,normal,2369,0,1782362324.8396306,0.0019986629486083984
315172,normal,2581,0,1782362324.8417068,0.0020761489868164062
315173,normal,1217,0,1782362324.843631,0.001924276351928711
315174,normal,1048,0,1782362324.845637,0.002006053924560547
315175,normal,3547,0,1782362324.8477044,0.0020673274993896484
315176,normal,1526,0,1782362324.8496332,0.0019288063049316406
315177,normal,1263,0,1782362324.851631,0.001997709274291992
315178,normal,1376,1,1782362324.8537014,0.0020704269409179688
315179,normal,1941,0,1782362324.8557415,0.0020401477813720703
315180,normal,2305,0,1782362324.8576496,0.0019080638885498047
315181,normal,909,2,1782362324.8597147,0.0020651817321777344
315182,normal,682,0,1782362324.8616364,0.0019216537475585938
315183,normal,550,0,1782362324.8636346,0.0019981861114501953
315184,normal,2545,0,1782362324.8657033,0.002068758010864258
315185,normal,2171,0,1782362324.8676348,0.0019314289093017578
315186,normal,1310,0,1782362324.8696325,0.001997709274291992
315187,normal,3408,0,1782362324.8717046,0.0020720958709716797
315188,normal,886,2,1782362324.8736339,0.0019292831420898438
315189,normal,3316,1,1782362324.8756337,0.0019998550415039062
315190,normal,997,2,1782362324.8777256,0.0020918846130371094
315191,normal,3619,0,1782362324.8796315,0.0019059181213378906
315192,normal,3257,1,1782362324.8816335,0.0020020008087158203
315193,normal,3478,0,1782362324.8837023,0.002068758010864258
315194,normal,2135,0,1782362324.8856406,0.0019383430480957031
315195,normal,1454,0,1782362324.887629,0.0019884109497070312
315196,normal,234,0,1782362324.889706,0.002076864242553711
315197,normal,3347,1,1782362324.8916364,0.0019304752349853516
315198,normal,53,0,1782362324.8936327,0.001996278762817383
315199,normal,3502,0,1782362324.8957143,0.002081632614135742
315200,normal,793,2,1782362324.8976316,0.0019173622131347656
315201,normal,1818,0,1782362324.899632,0.0020003318786621094
315202,normal,658,0,1782362324.9017138,0.0020818710327148438
315203,normal,1939,0,1782362324.9036303,0.0019164085388183594
315204,normal,2510,0,1782362324.9056308,0.002000570297241211
315205,normal,2327,0,1782362324.9077067,0.0020759105682373047
315206,normal,3277,1,1782362324.9096324,0.0019257068634033203
315207,normal,1518,0,1782362324.9116304,0.0019979476928710938
315208,normal,3145,1,1782362324.9137063,0.0020759105682373047
315209,normal,2017,0,1782362324.9156318,0.0019254684448242188
315210,normal,3498,0,1782362324.9176338,0.0020020008087158203
315211,normal,2670,0,1782362324.9197063,0.002072572708129883
315212,normal,1841,0,1782362324.9216309,0.0019245147705078125
315213,normal,3336,1,1782362324.923652,0.0020210742950439453
315214,normal,97,0,1782362324.9257057,0.0020537376403808594
315215,normal,412,0,1782362324.927633,0.0019273757934570312
315216,normal,1872,0,1782362324.929632,0.0019989013671875
315217,normal,1567,0,1782362324.931705,0.002073049545288086
315218,normal,1077,0,1782362324.933633,0.001928091049194336
315219,normal,300,0,1782362324.935631,0.0019979476928710938
315220,normal,2645,0,1782362324.937719,0.0020880699157714844
315221,normal,998,2,1782362324.939631,0.0019118785858154297
315222,normal,2081,0,1782362324.9416294,0.001998424530029297
315223,normal,1215,0,1782362324.9437058,0.002076387405395508
315224,normal,1002,2,1782362324.9456322,0.001926422119140625
315225,normal,3313,1,1782362324.9476304,0.0019981861114501953
315226,normal,3193,1,1782362324.9497018,0.002071380615234375
315227,normal,3146,1,1782362324.9516315,0.0019297599792480469
315228,normal,2425,0,1782362324.9536314,0.0019998550415039062
315229,normal,513,0,1782362324.9557033,0.002071857452392578
315230,normal,2537,0,1782362324.9576323,0.0019290447235107422
315231,normal,1783,0,1782362324.959629,0.001996755599975586
315232,normal,850,2,1782362324.961705,0.0020759105682373047
315233,normal,3334,1,1782362324.9636447,0.0019397735595703125
315234,normal,2767,0,1782362324.965632,0.0019872188568115234
315235,normal,3499,0,1782362324.9677029,0.002070903778076172
315236,normal,1575,0,1782362324.9696357,0.0019328594207763672
315237,normal,2138,0,1782362324.9716303,0.001994609832763672
315238,normal,2265,0,1782362324.973706,0.002075672149658203
315239,normal,2564,0,1782362324.9756322,0.0019261837005615234
315240,normal,595,0,1782362324.9776335,0.0020012855529785156
315241,normal,1034,0,1782362324.9797058,0.0020723342895507812
315242,normal,2232,0,1782362324.9816313,0.0019254684448242188
315243,normal,3422,0,1782362324.9836314,0.002000093460083008
315244,normal,188,0,1782362324.9857073,0.0020759105682373047
315245,normal,3005,0,1782362324.9876313,0.0019240379333496094
315246,normal,1810,0,1782362324.9896317,0.0020003318786621094
315247,normal,669,0,1782362324.991702,0.0020704269409179688
315248,normal,3656,0,1782362324.9936361,0.001934051513671875
315249,normal,2629,0,1782362324.9956315,0.0019953250885009766
315250,normal,1768,0,1782362324.9977024,0.002070903778076172
315251,normal,1396,0,1782362324.9996529,0.0019505023956298828
315252,normal,3014,0,1782362325.00166,0.0020072460174560547
315253,normal,1964,0,1782362325.0037081,0.002048015594482422
315254,normal,2304,0,1782362325.0056314,0.0019233226776123047
315255,normal,1418,0,1782362325.0076299,0.001998424530029297
315256,normal,459,0,1782362325.0097067,0.002076864242553711
315257,normal,2527,0,1782362325.0116313,0.0019245147705078125
315258,normal,3442,0,1782362325.0136316,0.0020003318786621094
315259,normal,1925,0,1782362325.015705,0.002073526382446289
315260,normal,2332,0,1782362325.017632,0.0019268989562988281
315261,normal,270,0,1782362325.0196295,0.0019974708557128906
315262,normal,310,0,1782362325.0217068,0.002077341079711914
315263,normal,677,0,1782362325.0236375,0.0019307136535644531
315264,normal,119,0,1782362325.0256302,0.0019927024841308594
315265,normal,801,2,1782362325.0277026,0.0020723342895507812
315266,normal,3570,0,1782362325.0296366,0.001934051513671875
315267,normal,1512,0,1782362325.031632,0.0019953250885009766
315268,normal,3123,1,1782362325.0337112,0.0020792484283447266
315269,normal,1045,0,1782362325.0356321,0.001920938491821289
315270,normal,3511,0,1782362325.0376296,0.0019974708557128906
315271,normal,63,0,1782362325.0397055,0.0020759105682373047
315272,normal,2959,0,1782362325.0416389,0.0019333362579345703
315273,normal,3189,1,1782362325.0436306,0.001991748809814453
315274,normal,1295,0,1782362325.0457036,0.002073049545288086
315275,normal,1930,0,1782362325.0476303,0.0019266605377197266
315276,normal,651,0,1782362325.0496309,0.002000570297241211
315277,normal,565,0,1782362325.0517032,0.0020723342895507812
315278,normal,1361,1,1782362325.0536315,0.0019283294677734375
315279,normal,1920,0,1782362325.0556304,0.0019989013671875
315280,normal,2508,0,1782362325.0577009,0.0020704269409179688
315281,normal,2983,0,1782362325.0596306,0.0019297599792480469
315282,normal,2339,0,1782362325.061632,0.0020012855529785156
315283,normal,1445,0,1782362325.0637057,0.0020737648010253906
315284,normal,2756,0,1782362325.065632,0.001926422119140625
315285,normal,1029,2,1782362325.0676305,0.001998424530029297
315286,normal,2018,0,1782362325.069707,0.002076387405395508
315287,normal,2701,0,1782362325.0716326,0.0019257068634033203
315288,normal,2063,0,1782362325.0736315,0.0019989013671875
315289,normal,938,2,1782362325.0757,0.0020685195922851562
315290,normal,3582,0,1782362325.0776317,0.0019316673278808594
315291,normal,1489,0,1782362325.0796363,0.0020046234130859375
315292,normal,1797,0,1782362325.0817058,0.0020694732666015625
315293,normal,1386,0,1782362325.0836306,0.001924753189086914
315294,normal,2058,0,1782362325.0856307,0.002000093460083008
315295,normal,3677,0,1782362325.0876987,0.002068042755126953
315296,normal,3489,0,1782362325.089632,0.0019333362579345703
315297,normal,2829,0,1782362325.0916278,0.0019958019256591797
315298,normal,749,0,1782362325.0937114,0.0020835399627685547
315299,normal,967,2,1782362325.095632,0.0019207000732421875
315300,normal,1485,0,1782362325.0976307,0.0019986629486083984
315301,normal,44,0,1782362325.0997007,0.0020699501037597656
315302,normal,1081,0,1782362325.1016314,0.0019307136535644531
315303,normal,191,0,1782362325.1036303,0.0019989013671875
315304,normal,3537,0,1782362325.1057124,0.0020821094512939453
315305,normal,1962,0,1782362325.1076314,0.0019190311431884766
315306,normal,2145,0,1782362325.109631,0.0019996166229248047
315307,normal,80,0,1782362325.1117008,0.002069711685180664
315308,normal,1866,0,1782362325.1136303,0.0019295215606689453
315309,normal,2534,0,1782362325.1156354,0.0020051002502441406
315310,normal,995,2,1782362325.1177044,0.0020689964294433594
315311,normal,500,0,1782362325.1196382,0.0019338130950927734
315312,normal,3453,0,1782362325.121629,0.001990795135498047
315313,normal,577,0,1782362325.1237004,0.002071380615234375
315314,normal,2972,0,1782362325.1256325,0.0019321441650390625
315315,normal,3522,0,1782362325.1276288,0.001996278762817383
315316,normal,1069,0,1782362325.129702,0.0020732879638671875
315317,normal,452,0,1782362325.1316292,0.0019271373748779297
315318,normal,144,0,1782362325.1336315,0.002002239227294922
315319,normal,772,2,1782362325.1356976,0.0020661354064941406
315320,normal,890,2,1782362325.1376314,0.0019338130950927734
315321,normal,451,0,1782362325.1396298,0.001998424530029297
315322,normal,1857,0,1782362325.1417048,0.0020749568939208984
315323,normal,3291,1,1782362325.1436307,0.0019259452819824219
315324,normal,2707,0,1782362325.145634,0.002003192901611328
315325,normal,2796,0,1782362325.1476982,0.002064228057861328
315326,normal,1181,0,1782362325.1496384,0.0019402503967285156
315327,normal,3571,0,1782362325.1516316,0.0019931793212890625
315328,normal,757,0,1782362325.153704,0.0020723342895507812
315329,normal,1602,0,1782362325.1556315,0.0019276142120361328
315330,normal,2452,0,1782362325.1576443,0.0020127296447753906
315331,normal,41,0,1782362325.1597,0.002055644989013672
315332,normal,2933,0,1782362325.161635,0.0019350051879882812
315333,normal,837,2,1782362325.1636293,0.0019943714141845703
315334,normal,1371,1,1782362325.1657045,0.0020751953125
315335,normal,3704,0,1782362325.1676326,0.001928091049194336
315336,normal,1422,0,1782362325.1696293,0.001996755599975586
315337,normal,605,0,1782362325.1717048,0.0020754337310791016
315338,normal,1863,0,1782362325.1736305,0.0019257068634033203
315339,normal,823,2,1782362325.1756299,0.001999378204345703
315340,normal,2573,0,1782362325.1777043,0.0020744800567626953
315341,normal,2741,0,1782362325.179629,0.001924753189086914
315342,normal,599,0,1782362325.18163,0.0020008087158203125
315343,normal,3390,1,1782362325.1837041,0.0020742416381835938
315344,normal,453,0,1782362325.1856303,0.0019261837005615234
315345,normal,404,0,1782362325.1876276,0.001997232437133789
315346,normal,3530,0,1782362325.1897042,0.0020766258239746094
315347,normal,1118,0,1782362325.1916306,0.001926422119140625
315348,normal,755,0,1782362325.19363,0.001999378204345703
315349,normal,2409,0,1782362325.1956975,0.00206756591796875
315350,normal,3575,0,1782362325.1976378,0.0019402503967285156
315351,normal,3245,1,1782362325.1996284,0.0019905567169189453
315352,normal,3494,0,1782362325.2017078,0.002079486846923828
315353,normal,2868,0,1782362325.2036297,0.0019218921661376953
315354,normal,2674,0,1782362325.2056346,0.002004861831665039
315355,normal,799,2,1782362325.207707,0.0020723342895507812
315356,normal,27,0,1782362325.2096312,0.001924276351928711
315357,normal,1085,0,1782362325.2116308,0.0019996166229248047
315358,normal,2158,0,1782362325.2136972,0.002066373825073242
315359,normal,2536,0,1782362325.215629,0.001931905746459961
315360,normal,1609,0,1782362325.2176309,0.0020017623901367188
315361,normal,138,0,1782362325.2197049,0.002074003219604492
315362,normal,2569,0,1782362325.221631,0.0019261837005615234
315363,normal,61,0,1782362325.223629,0.0019979476928710938
315364,normal,2615,0,1782362325.2257054,0.002076387405395508
315365,normal,3432,0,1782362325.2276304,0.0019249916076660156
315366,normal,3151,1,1782362325.229629,0.0019986629486083984
315367,normal,1671,0,1782362325.2317002,0.0020711421966552734
315368,normal,1116,0,1782362325.2336311,0.0019309520721435547
315369,normal,2879,0,1782362325.2356377,0.00200653076171875
315370,normal,789,2,1782362325.2377017,0.0020639896392822266
315371,normal,1207,0,1782362325.2396295,0.0019278526306152344
315372,normal,657,0,1782362325.2416286,0.0019991397857666016
315373,normal,3504,0,1782362325.2436984,0.002069711685180664
315374,normal,1474,0,1782362325.2456298,0.0019314289093017578
315375,normal,517,0,1782362325.2476306,0.0020008087158203125
315376,normal,1122,0,1782362325.2497025,0.002071857452392578
315377,normal,3016,0,1782362325.2516298,0.0019273757934570312
315378,normal,1753,0,1782362325.2536292,0.001999378204345703
315379,normal,209,0,1782362325.255709,0.0020797252655029297
315380,normal,2386,0,1782362325.25763,0.0019211769104003906
315381,normal,3666,0,1782362325.2596292,0.0019991397857666016
315382,normal,3020,0,1782362325.261702,0.0020728111267089844
315383,normal,206,0,1782362325.263631,0.0019290447235107422
315384,normal,2458,0,1782362325.2656293,0.0019981861114501953
315385,normal,3360,1,1782362325.267706,0.0020766258239746094
315386,normal,2926,0,1782362325.2696311,0.0019252300262451172
315387,normal,1187,0,1782362325.2716336,0.0020024776458740234
315388,normal,3414,0,1782362325.2737095,0.0020759105682373047
315389,normal,1594,0,1782362325.2756374,0.0019278526306152344
315390,normal,839,2,1782362325.2776368,0.001999378204345703
315391,normal,2748,0,1782362325.279718,0.002081155776977539
315392,normal,192,0,1782362325.281636,0.0019180774688720703
315393,normal,423,0,1782362325.2836363,0.0020003318786621094
315394,normal,3441,0,1782362325.285697,0.0020606517791748047
315395,normal,1973,0,1782362325.287631,0.001934051513671875
315396,normal,623,0,1782362325.2896395,0.0020084381103515625
315397,normal,2877,0,1782362325.2917185,0.002079010009765625
315398,normal,334,0,1782362325.2936301,0.0019116401672363281
315399,normal,2273,0,1782362325.2956314,0.0020012855529785156
315400,normal,1772,0,1782362325.2977126,0.002081155776977539
315401,normal,383,0,1782362325.2996335,0.001920938491821289
315402,normal,1531,0,1782362325.3016286,0.001995086669921875
315403,normal,3460,0,1782362325.3036997,0.0020711421966552734
315404,normal,1778,0,1782362325.305631,0.0019311904907226562
315405,normal,706,0,1782362325.3076317,0.0020008087158203125
315406,normal,2379,0,1782362325.309705,0.0020732879638671875
315407,normal,315,0,1782362325.3116312,0.0019261837005615234
315408,normal,2657,0,1782362325.3136427,0.002011537551879883
315409,normal,1486,0,1782362325.315699,0.0020563602447509766
315410,normal,1318,0,1782362325.317632,0.0019328594207763672
315411,normal,3306,1,1782362325.3196287,0.001996755599975586
315412,normal,1610,0,1782362325.3217013,0.002072572708129883
315413,normal,1632,0,1782362325.32363,0.0019288063049316406
315414,normal,2413,0,1782362325.3256323,0.002002239227294922
315415,normal,3357,1,1782362325.3277018,0.0020694732666015625
315416,normal,3480,0,1782362325.3296313,0.0019295215606689453
315417,normal,2511,0,1782362325.3316333,0.0020020008087158203
315418,normal,2089,0,1782362325.3337176,0.0020842552185058594
315419,normal,2579,0,1782362325.3356314,0.0019137859344482422
315420,normal,2927,0,1782362325.3376303,0.0019989013671875
315421,normal,2539,0,1782362325.3397038,0.002073526382446289
315422,normal,3001,0,1782362325.3416328,0.0019290447235107422
315423,normal,3207,1,1782362325.3436308,0.0019979476928710938
315424,normal,1656,0,1782362325.3457046,0.0020737648010253906
315425,normal,873,2,1782362325.3476336,0.0019290447235107422
315426,normal,2683,0,1782362325.3496895,0.0020558834075927734
315427,normal,286,0,1782362325.351735,0.0020456314086914062
315428,normal,1853,0,1782362325.353735,0.0019998550415039062
315429,normal,3260,1,1782362325.355698,0.0019631385803222656
315430,normal,857,2,1782362325.3577335,0.002035379409790039
315431,normal,1228,0,1782362325.3597355,0.0020020008087158203
315432,normal,2929,0,1782362325.3616495,0.0019140243530273438
315433,normal,1630,0,1782362325.3637269,0.002077341079711914
315434,normal,2693,0,1782362325.3656466,0.0019197463989257812
315435,normal,1788,0,1782362325.3677201,0.002073526382446289
315436,normal,2281,0,1782362325.3696935,0.001973390579223633
315437,normal,2618,0,1782362325.371641,0.0019474029541015625
315438,normal,2276,0,1782362325.3737473,0.0021064281463623047
315439,normal,1912,0,1782362325.3756998,0.0019524097442626953
315440,normal,2302,0,1782362325.377642,0.0019421577453613281
315441,normal,3526,0,1782362325.37972,0.0020780563354492188
315442,normal,1519,0,1782362325.3816557,0.001935720443725586
315443,normal,3187,1,1782362325.3837368,0.002081155776977539
315444,normal,3186,1,1782362325.385647,0.0019102096557617188
315445,normal,2005,0,1782362325.3877094,0.0020623207092285156
315446,normal,1098,0,1782362325.3896334,0.0019240379333496094
315447,normal,900,2,1782362325.3916588,0.0020253658294677734
315448,normal,1827,0,1782362325.3937101,0.0020513534545898438
315449,normal,3513,0,1782362325.3956347,0.0019245147705078125
315450,normal,3169,1,1782362325.3976462,0.002011537551879883
315451,normal,758,0,1782362325.399704,0.002057790756225586
315452,normal,1694,0,1782362325.401635,0.0019309520721435547
315453,normal,2590,0,1782362325.4036357,0.0020008087158203125
315454,normal,1881,0,1782362325.4057167,0.0020809173583984375
315455,normal,1320,1,1782362325.4076357,0.0019190311431884766
315456,normal,562,0,1782362325.409648,0.0020122528076171875
315457,normal,2384,0,1782362325.411721,0.002073049545288086
315458,normal,3693,0,1782362325.4137092,0.0019881725311279297
315459,normal,2479,0,1782362325.4156497,0.0019404888153076172
315460,normal,966,2,1782362325.4177096,0.0020599365234375
315461,normal,373,0,1782362325.4196343,0.001924753189086914
315462,normal,1115,0,1782362325.4216456,0.0020112991333007812
315463,normal,907,2,1782362325.4237134,0.0020678043365478516
315464,normal,862,2,1782362325.4256349,0.0019214153289794922
315465,normal,3142,1,1782362325.4276452,0.002010345458984375
315466,normal,2976,0,1782362325.429708,0.0020627975463867188
315467,normal,1522,0,1782362325.4316375,0.0019295215606689453
315468,normal,918,2,1782362325.4336436,0.002006053924560547
315469,normal,193,0,1782362325.43572,0.002076387405395508
315470,normal,1335,1,1782362325.4376345,0.0019145011901855469
315471,normal,1178,0,1782362325.4396436,0.002009153366088867
315472,normal,387,0,1782362325.441708,0.0020644664764404297
315473,normal,3593,0,1782362325.4436324,0.001924276351928711
315474,normal,1743,0,1782362325.4456468,0.0020143985748291016
315475,normal,2190,0,1782362325.4477093,0.002062559127807617
315476,normal,218,0,1782362325.4496355,0.0019261837005615234
315477,normal,172,0,1782362325.4516335,0.0019979476928710938
315478,normal,1865,0,1782362325.453709,0.0020754337310791016
315479,normal,2299,0,1782362325.45563,0.0019211769104003906
315480,normal,2761,0,1782362325.4576492,0.002019166946411133
315481,normal,818,2,1782362325.4597108,0.002061605453491211
315482,normal,2694,0,1782362325.4616327,0.0019218921661376953
315483,normal,2737,0,1782362325.4636312,0.001998424530029297
315484,normal,1850,0,1782362325.465745,0.002113819122314453
315485,normal,2269,0,1782362325.4676318,0.0018868446350097656
315486,normal,173,0,1782362325.4696403,0.0020084381103515625
315487,normal,2212,0,1782362325.4717045,0.002064228057861328
315488,normal,1374,1,1782362325.4736338,0.0019292831420898438
315489,normal,3370,1,1782362325.475631,0.001997232437133789
315490,normal,2373,0,1782362325.4777055,0.0020744800567626953
315491,normal,2247,0,1782362325.4796326,0.0019271373748779297
315492,normal,1443,0,1782362325.4816346,0.0020020008087158203
315493,normal,1282,0,1782362325.4837074,0.0020728111267089844
315494,normal,2672,0,1782362325.4856322,0.001924753189086914
315495,normal,1786,0,1782362325.4876323,0.002000093460083008
315496,normal,2316,0,1782362325.489706,0.0020737648010253906
315497,normal,1882,0,1782362325.4916337,0.0019276142120361328
315498,normal,1891,0,1782362325.4937155,0.0020818710327148438
315499,normal,45,0,1782362325.4956563,0.0019407272338867188
315500,normal,2157,0,1782362325.4977398,0.0020835399627685547
315501,normal,2191,0,1782362325.4996448,0.0019049644470214844
315502,normal,1685,0,1782362325.5017009,0.002056121826171875
315503,normal,2118,0,1782362325.5036354,0.0019345283508300781
315504,normal,200,0,1782362325.5056307,0.0019953250885009766
315505,normal,2154,0,1782362325.507698,0.0020673274993896484
315506,normal,671,0,1782362325.5096378,0.0019397735595703125
315507,normal,2060,0,1782362325.5116308,0.001992940902709961
315508,normal,3454,0,1782362325.5137079,0.0020771026611328125
315509,normal,2437,0,1782362325.5156314,0.0019235610961914062
315510,normal,1439,0,1782362325.5176876,0.002056121826171875
315511,normal,3180,1,1782362325.5196548,0.001967191696166992
315512,normal,3125,1,1782362325.5217829,0.002128124237060547
315513,normal,306,0,1782362325.52366,0.0018770694732666016
315514,normal,129,0,1782362325.5257106,0.002050638198852539
315515,normal,2563,0,1782362325.5276332,0.001922607421875
315516,normal,2492,0,1782362325.529631,0.001997709274291992
315517,normal,891,2,1782362325.5317204,0.0020895004272460938
315518,normal,50,0,1782362325.5336425,0.0019221305847167969
315519,normal,2832,0,1782362325.5356302,0.0019876956939697266
315520,normal,1482,0,1782362325.5377052,0.0020749568939208984
315521,normal,3205,1,1782362325.5396354,0.00193023681640625
315522,normal,1746,0,1782362325.5416303,0.0019948482513427734
315523,normal,1135,0,1782362325.5437043,0.002074003219604492
315524,normal,2913,0,1782362325.5456333,0.0019290447235107422
315525,normal,861,2,1782362325.5476363,0.0020029544830322266
315526,normal,1462,0,1782362325.5497005,0.002064228057861328
315527,normal,1511,0,1782362325.5516334,0.0019328594207763672
315528,normal,456,0,1782362325.5536315,0.0019981861114501953
315529,normal,781,2,1782362325.5557091,0.0020775794982910156
315530,normal,1533,0,1782362325.557631,0.0019218921661376953
315531,normal,1811,0,1782362325.559632,0.002001047134399414
315532,normal,2481,0,1782362325.5617075,0.0020754337310791016
315533,normal,1018,2,1782362325.5636313,0.0019237995147705078
315534,normal,2108,0,1782362325.5656304,0.0019991397857666016
315535,normal,2213,0,1782362325.5677044,0.002074003219604492
315536,normal,693,0,1782362325.569633,0.001928567886352539
315537,normal,2343,0,1782362325.5716286,0.001995563507080078
315538,normal,3476,0,1782362325.573708,0.002079486846923828
315539,normal,697,0,1782362325.5756319,0.0019237995147705078
315540,normal,1622,0,1782362325.57765,0.0020182132720947266
315541,normal,689,0,1782362325.5797098,0.0020596981048583984
315542,normal,3577,0,1782362325.581632,0.0019221305847167969
315543,normal,2263,0,1782362325.5836802,0.0020482540130615234
315544,normal,3608,0,1782362325.5857103,0.0020301342010498047
315545,normal,1404,0,1782362325.5876446,0.0019342899322509766
315546,normal,2335,0,1782362325.5896358,0.00199127197265625
315547,normal,2477,0,1782362325.5917063,0.0020704269409179688
315548,normal,2383,0,1782362325.5936332,0.0019268989562988281
315549,normal,2215,0,1782362325.5956438,0.0020105838775634766
315550,normal,3129,1,1782362325.5977104,0.0020666122436523438
315551,normal,426,0,1782362325.5996335,0.0019230842590332031
315552,normal,511,0,1782362325.6016347,0.0020012855529785156
315553,normal,1272,0,1782362325.6037064,0.0020716190338134766
315554,normal,1564,0,1782362325.6056309,0.0019245147705078125
315555,normal,1929,0,1782362325.6076295,0.0019986629486083984
315556,normal,885,2,1782362325.609706,0.002076387405395508
315557,normal,612,0,1782362325.6116304,0.0019245147705078125
315558,normal,1448,0,1782362325.6136446,0.00201416015625
315559,normal,2720,0,1782362325.6157088,0.002064228057861328
315560,normal,162,0,1782362325.617634,0.0019252300262451172
315561,normal,297,0,1782362325.61963,0.0019960403442382812
315562,normal,492,0,1782362325.6217594,0.0021293163299560547
315563,normal,3628,0,1782362325.6236346,0.001875162124633789
315564,normal,1708,0,1782362325.6256506,0.0020160675048828125
315565,normal,1049,0,1782362325.6277068,0.002056121826171875
315566,normal,414,0,1782362325.6296327,0.0019259452819824219
315567,normal,338,0,1782362325.6316285,0.0019958019256591797
315568,normal,3344,1,1782362325.633705,0.002076387405395508
315569,normal,679,0,1782362325.6356323,0.0019273757934570312
315570,normal,2850,0,1782362325.6376445,0.0020122528076171875
315571,normal,3641,0,1782362325.6397114,0.0020668506622314453
315572,normal,335,0,1782362325.6416345,0.0019230842590332031
315573,normal,400,0,1782362325.6436315,0.0019969940185546875
315574,normal,2221,0,1782362325.6457074,0.0020759105682373047
315575,normal,2093,0,1782362325.6476295,0.0019221305847167969
315576,normal,877,2,1782362325.6496317,0.002002239227294922
315577,normal,143,0,1782362325.6517253,0.0020935535430908203
315578,normal,2568,0,1782362325.653634,0.0019087791442871094
315579,normal,472,0,1782362325.6556308,0.001996755599975586
315580,normal,506,0,1782362325.6576953,0.0020644664764404297
315581,normal,1581,0,1782362325.6596375,0.0019421577453613281
315582,normal,3353,1,1782362325.6616437,0.0020062923431396484
315583,normal,2835,0,1782362325.6637068,0.0020630359649658203
315584,normal,1670,0,1782362325.665641,0.0019342899322509766
315585,normal,2547,0,1782362325.667639,0.0019979476928710938
315586,normal,2476,0,1782362325.6697173,0.0020782947540283203
315587,normal,3154,1,1782362325.6716318,0.0019145011901855469
315588,normal,2104,0,1782362325.673644,0.0020122528076171875
315589,normal,3393,1,1782362325.6757066,0.002062559127807617
315590,normal,3523,0,1782362325.677634,0.0019273757934570312
315591,normal,3116,1,1782362325.6796339,0.0019998550415039062
315592,normal,1324,1,1782362325.681714,0.002080202102661133
315593,normal,708,0,1782362325.68364,0.0019259452819824219
315594,normal,3017,0,1782362325.6856432,0.002003192901611328
315595,normal,1233,0,1782362325.6877484,0.002105236053466797
315596,normal,1615,0,1782362325.6897264,0.0019779205322265625
315597,normal,178,0,1782362325.6916575,0.0019311904907226562
315598,normal,1577,0,1782362325.693754,0.002096414566040039
315599,normal,1543,0,1782362325.6956615,0.0019075870513916016
315600,normal,3311,1,1782362325.6976612,0.0019996166229248047
315601,normal,1357,1,1782362325.6997461,0.002084970474243164
315602,normal,2666,0,1782362325.7016296,0.0018835067749023438
315603,normal,3315,1,1782362325.7036076,0.0019779205322265625
315604,normal,1873,0,1782362325.7057123,0.0021047592163085938
315605,normal,1996,0,1782362325.7075915,0.0018792152404785156
315606,normal,870,2,1782362325.7096055,0.0020139217376708984
315607,normal,2688,0,1782362325.7116992,0.002093791961669922
315608,normal,2220,0,1782362325.713632,0.0019328594207763672
315609,normal,241,0,1782362325.7156446,0.002012491226196289
315610,normal,3293,1,1782362325.7177145,0.0020699501037597656
315611,normal,696,0,1782362325.7196326,0.0019180774688720703
315612,normal,251,0,1782362325.721632,0.001999378204345703
315613,normal,1010,2,1782362325.723722,0.002089977264404297
315614,normal,1967,0,1782362325.725633,0.0019109249114990234
315615,normal,294,0,1782362325.7276444,0.002011537551879883
315616,normal,641,0,1782362325.7297068,0.0020623207092285156
315617,normal,6,0,1782362325.7316322,0.0019254684448242188
315618,normal,1171,0,1782362325.7336369,0.0020046234130859375
315619,normal,2432,0,1782362325.7356935,0.002056598663330078
315620,normal,1953,0,1782362325.7376337,0.0019402503967285156
315621,normal,3082,1,1782362325.739644,0.002010345458984375
315622,normal,2991,0,1782362325.7417085,0.0020644664764404297
315623,normal,2338,0,1782362325.7436419,0.0019333362579345703
315624,normal,3305,1,1782362325.7456307,0.0019888877868652344
315625,normal,3433,0,1782362325.7478697,0.0022389888763427734
315626,normal,1362,1,1782362325.7496333,0.0017635822296142578
315627,normal,299,0,1782362325.7516425,0.002009153366088867
315628,normal,3065,1,1782362325.7537081,0.0020656585693359375
315629,normal,2229,0,1782362325.7556317,0.0019235610961914062
315630,normal,1447,0,1782362325.757633,0.0020012855529785156
315631,normal,186,0,1782362325.7597063,0.0020732879638671875
315632,normal,1510,0,1782362325.7616348,0.001928567886352539
315633,normal,1530,0,1782362325.7636302,0.0019953250885009766
315634,normal,1220,0,1782362325.7657096,0.002079486846923828
315635,normal,336,0,1782362325.76763,0.001920461654663086
315636,normal,3488,0,1782362325.7696424,0.0020122528076171875
315637,normal,726,0,1782362325.771706,0.002063751220703125
315638,normal,2784,0,1782362325.7736313,0.0019252300262451172
315639,normal,2100,0,1782362325.775642,0.0020105838775634766
315640,normal,1084,0,1782362325.7777047,0.0020627975463867188
315641,normal,3509,0,1782362325.7796328,0.001928091049194336
315642,normal,1595,0,1782362325.7816389,0.002006053924560547
315643,normal,2586,0,1782362325.7837033,0.0020644664764404297
315644,normal,1636,0,1782362325.785633,0.0019297599792480469
315645,normal,23,0,1782362325.7876372,0.0020041465759277344
315646,normal,2364,0,1782362325.7897348,0.002097606658935547
315647,normal,721,0,1782362325.7916307,0.001895904541015625
315648,normal,1932,0,1782362325.7936401,0.0020093917846679688
315649,normal,3568,0,1782362325.7957063,0.0020661354064941406
315650,normal,18,0,1782362325.7976348,0.001928567886352539
315651,normal,2673,0,1782362325.7996428,0.0020079612731933594
315652,normal,1655,0,1782362325.8017104,0.00206756591796875
315653,normal,549,0,1782362325.8036327,0.0019223690032958984
315654,normal,1261,0,1782362325.805633,0.0020003318786621094
315655,normal,2029,0,1782362325.8077047,0.0020716190338134766
315656,normal,2205,0,1782362325.8096335,0.0019288063049316406
315657,normal,2920,0,1782362325.811646,0.002012491226196289
315658,normal,361,0,1782362325.8137078,0.0020618438720703125
315659,normal,2938,0,1782362325.8156323,0.0019245147705078125
315660,normal,3173,1,1782362325.817635,0.002002716064453125
315661,normal,2708,0,1782362325.8197093,0.0020742416381835938
315662,normal,100,0,1782362325.8216438,0.0019345283508300781
315663,normal,1928,0,1782362325.8236454,0.002001523971557617
315664,normal,1745,0,1782362325.8257077,0.0020623207092285156
315665,normal,3472,0,1782362325.8276372,0.0019295215606689453
315666,normal,2031,0,1782362325.8296905,0.0020532608032226562
315667,normal,2734,0,1782362325.8316495,0.001959085464477539
315668,normal,3359,1,1782362325.8337321,0.0020825862884521484
315669,normal,878,2,1782362325.835646,0.0019137859344482422
315670,normal,777,2,1782362325.8377085,0.002062559127807617
315671,normal,3170,1,1782362325.8396332,0.001924753189086914
315672,normal,2256,0,1782362325.8416317,0.001998424530029297
315673,normal,58,0,1782362325.8437102,0.002078533172607422
315674,normal,2085,0,1782362325.845632,0.0019218921661376953
315675,normal,3580,0,1782362325.8476446,0.002012491226196289
315676,normal,2035,0,1782362325.849706,0.0020613670349121094
315677,normal,3295,1,1782362325.8516314,0.0019254684448242188
315678,normal,2194,0,1782362325.853745,0.0021135807037353516
315679,normal,447,0,1782362325.8557832,0.002038240432739258
315680,normal,3531,0,1782362325.8578584,0.0020751953125
315681,normal,3099,1,1782362325.8597178,0.001859426498413086
315682,normal,1465,0,1782362325.861741,0.0020232200622558594
315683,normal,3076,1,1782362325.8636932,0.0019521713256835938
315684,normal,2921,0,1782362325.8657188,0.002025604248046875
315685,normal,1268,0,1782362325.8677123,0.001993417739868164
315686,normal,917,2,1782362325.8697057,0.001993417739868164
315687,normal,714,0,1782362325.871709,0.0020034313201904297
315688,normal,3290,1,1782362325.873773,0.0020639896392822266
315689,normal,1666,0,1782362325.8756588,0.0018856525421142578
315690,normal,2696,0,1782362325.8778133,0.0021545886993408203
315691,normal,2509,0,1782362325.8798609,0.0020475387573242188
315692,normal,131,0,1782362325.8817236,0.0018627643585205078
315693,normal,652,0,1782362325.883865,0.0021414756774902344
315694,normal,3038,0,1782362325.885855,0.0019898414611816406
315695,normal,272,0,1782362325.8877213,0.0018663406372070312
315696,normal,3267,1,1782362325.889912,0.0021905899047851562
315697,normal,2602,0,1782362325.891859,0.001947164535522461
315698,normal,20,0,1782362325.8937333,0.0018742084503173828
315699,normal,164,0,1782362325.8959074,0.0021741390228271484
315700,normal,1776,0,1782362325.8978598,0.0019524097442626953
315701,normal,2000,0,1782362325.8997445,0.0018846988677978516
315702,normal,782,2,1782362325.9019086,0.002164125442504883
315703,normal,1700,0,1782362325.9038503,0.001941680908203125
315704,normal,3584,0,1782362325.9057236,0.0018732547760009766
315705,normal,1606,0,1782362325.907915,0.0021915435791015625
315706,normal,235,0,1782362325.9098556,0.0019404888153076172
315707,normal,1024,2,1782362325.9117236,0.0018680095672607422
315708,normal,1948,0,1782362325.9139118,0.0021882057189941406
315709,normal,1032,0,1782362325.9158561,0.0019443035125732422
315710,normal,2780,0,1782362325.9177248,0.0018687248229980469
315711,normal,3673,0,1782362325.9199119,0.002187013626098633
315712,normal,2152,0,1782362325.9218552,0.001943349838256836
315713,normal,2084,0,1782362325.9237247,0.0018694400787353516
315714,normal,2129,0,1782362325.9259226,0.0021979808807373047
315715,normal,232,0,1782362325.927895,0.0019724369049072266
315716,normal,1838,0,1782362325.9297354,0.001840353012084961
315717,normal,2147,0,1782362325.931943,0.002207517623901367
315718,normal,2435,0,1782362325.9338803,0.0019373893737792969
315719,normal,1197,0,1782362325.9357226,0.0018422603607177734
315720,normal,3542,0,1782362325.9379103,0.0021877288818359375
315721,normal,3241,1,1782362325.9398458,0.0019354820251464844
315722,normal,881,2,1782362325.9417586,0.001912832260131836
315723,normal,3088,1,1782362325.9439113,0.002152681350708008
315724,normal,1688,0,1782362325.9458346,0.0019233226776123047
315725,normal,1383,0,1782362325.9477305,0.001895904541015625
315726,normal,454,0,1782362325.9499092,0.002178668975830078
315727,normal,282,0,1782362325.9518554,0.0019462108612060547
315728,normal,2242,0,1782362325.9537342,0.0018787384033203125
315729,normal,972,2,1782362325.9559116,0.0021774768829345703
315730,normal,237,0,1782362325.9578576,0.0019459724426269531
315731,normal,1634,0,1782362325.9597297,0.0018720626831054688
315732,normal,1686,0,1782362325.9619248,0.002195119857788086
315733,normal,158,0,1782362325.963849,0.001924276351928711
315734,normal,180,0,1782362325.9657307,0.0018815994262695312
315735,normal,649,0,1782362325.96794,0.0022094249725341797
315736,normal,3043,0,1782362325.9697132,0.0017731189727783203
315737,normal,2470,0,1782362325.9718997,0.0021865367889404297
315738,normal,1384,0,1782362325.9737132,0.0018134117126464844
315739,normal,322,0,1782362325.9759247,0.0022115707397460938
315740,normal,1173,0,1782362325.9777205,0.0017957687377929688
315741,normal,1727,0,1782362325.9799087,0.0021882057189941406
315742,normal,2612,0,1782362325.9818225,0.0019137859344482422
315743,normal,86,0,1782362325.9837263,0.0019037723541259766
315744,normal,1605,0,1782362325.9857132,0.001986980438232422
315745,normal,958,2,1782362325.9879198,0.002206563949584961
315746,normal,554,0,1782362325.9897125,0.0017926692962646484
315747,normal,556,0,1782362325.9919133,0.0022008419036865234
315748,normal,2886,0,1782362325.9938312,0.0019178390502929688
315749,normal,984,2,1782362325.99572,0.0018887519836425781
315750,normal,413,0,1782362325.9979095,0.00218963623046875
315751,normal,3424,0,1782362325.9998546,0.0019450187683105469
315752,normal,2459,0,1782362326.0017128,0.0018582344055175781
315753,normal,2410,0,1782362326.0039103,0.0021975040435791016
315754,normal,1573,0,1782362326.0058448,0.0019345283508300781
315755,normal,1616,0,1782362326.0077243,0.0018794536590576172
315756,normal,490,0,1782362326.0099118,0.002187490463256836
315757,normal,1193,0,1782362326.0118594,0.001947641372680664
315758,normal,377,0,1782362326.0137265,0.001867055892944336
315759,normal,1273,0,1782362326.015917,0.0021905899047851562
315760,normal,132,0,1782362326.0178657,0.0019485950469970703
315761,normal,136,0,1782362326.019726,0.0018603801727294922
315762,normal,1538,0,1782362326.02191,0.0021839141845703125
315763,normal,3286,1,1782362326.0238588,0.0019488334655761719
315764,normal,2902,0,1782362326.025725,0.0018661022186279297
315765,normal,3599,0,1782362326.0279138,0.0021889209747314453
315766,normal,2838,0,1782362326.0298665,0.0019526481628417969
315767,normal,3183,1,1782362326.0317245,0.0018579959869384766
315768,normal,317,0,1782362326.0339003,0.0021758079528808594
315769,normal,2166,0,1782362326.0358613,0.0019609928131103516
315770,normal,2211,0,1782362326.0377266,0.001865386962890625
315771,normal,1281,0,1782362326.039907,0.002180337905883789
315772,normal,3035,0,1782362326.0418594,0.0019524097442626953
315773,normal,2725,0,1782362326.043731,0.0018715858459472656
315774,normal,2917,0,1782362326.0459173,0.002186298370361328
315775,normal,99,0,1782362326.0478604,0.0019431114196777344
315776,normal,3406,0,1782362326.04973,0.0018696784973144531
315777,normal,476,0,1782362326.0519066,0.002176523208618164
315778,normal,3064,1,1782362326.0538504,0.001943826675415039
315779,normal,574,0,1782362326.0557182,0.0018677711486816406
315780,normal,874,2,1782362326.0579164,0.0021982192993164062
315781,normal,2349,0,1782362326.0598266,0.0019102096557617188
315782,normal,1128,0,1782362326.061727,0.0019004344940185547
315783,normal,558,0,1782362326.0639086,0.002181529998779297
315784,normal,3133,1,1782362326.0658658,0.0019571781158447266
315785,normal,1845,0,1782362326.0677257,0.001859903335571289
315786,normal,2275,0,1782362326.0697148,0.001989126205444336
315787,normal,3664,0,1782362326.0719159,0.002201080322265625
315788,normal,3182,1,1782362326.073711,0.001795053482055664
315789,normal,1822,0,1782362326.0759084,0.0021975040435791016
315790,normal,676,0,1782362326.077866,0.0019576549530029297
315791,normal,1145,0,1782362326.0797129,0.0018467903137207031
315792,normal,283,0,1782362326.0818982,0.002185344696044922
315793,normal,521,0,1782362326.083836,0.0019378662109375
315794,normal,2770,0,1782362326.0857248,0.0018887519836425781
315795,normal,2647,0,1782362326.087913,0.0021882057189941406
315796,normal,399,0,1782362326.0898561,0.0019431114196777344
315797,normal,3629,0,1782362326.0917256,0.0018694400787353516
315798,normal,95,0,1782362326.0939126,0.002187013626098633
315799,normal,2801,0,1782362326.095856,0.001943349838256836
315800,normal,1170,0,1782362326.0977137,0.001857757568359375
315801,normal,1035,0,1782362326.099897,0.002183198928833008
315802,normal,3508,0,1782362326.1018305,0.0019335746765136719
315803,normal,765,0,1782362326.103726,0.0018954277038574219
315804,normal,3667,0,1782362326.105905,0.0021791458129882812
315805,normal,328,0,1782362326.107847,0.0019419193267822266
315806,normal,227,0,1782362326.1096933,0.0018463134765625
315807,normal,11,0,1782362326.1119041,0.002210855484008789
315808,normal,3613,0,1782362326.113825,0.001920938491821289
315809,normal,1675,0,1782362326.1157243,0.0018992424011230469
315810,normal,949,2,1782362326.1179087,0.0021843910217285156
315811,normal,2715,0,1782362326.1198494,0.0019407272338867188
315812,normal,489,0,1782362326.1217175,0.0018680095672607422
315813,normal,992,2,1782362326.1239235,0.002206087112426758
315814,normal,647,0,1782362326.125825,0.001901388168334961
315815,normal,2012,0,1782362326.1277256,0.0019006729125976562
315816,normal,2530,0,1782362326.129908,0.002182483673095703
315817,normal,2266,0,1782362326.1318452,0.0019371509552001953
315818,normal,1344,1,1782362326.133724,0.0018787384033203125
315819,normal,468,0,1782362326.1357453,0.002021312713623047
315820,normal,1566,0,1782362326.1379015,0.0021562576293945312
315821,normal,718,0,1782362326.1397297,0.0018281936645507812
315822,normal,3212,1,1782362326.1419446,0.0022149085998535156
315823,normal,1954,0,1782362326.1438415,0.0018968582153320312
315824,normal,269,0,1782362326.1457536,0.0019121170043945312
315825,normal,1926,0,1782362326.147905,0.0021514892578125
315826,normal,2750,0,1782362326.1498203,0.0019152164459228516
315827,normal,89,0,1782362326.151728,0.0019075870513916016
315828,normal,1121,0,1782362326.1539457,0.0022177696228027344
315829,normal,1157,0,1782362326.1558433,0.001897573471069336
315830,normal,1240,0,1782362326.157713,0.0018696784973144531
315831,normal,1146,0,1782362326.1599138,0.0022008419036865234
315832,normal,3501,0,1782362326.1618207,0.0019068717956542969
315833,normal,175,0,1782362326.1637273,0.0019066333770751953
315834,normal,933,2,1782362326.1659057,0.0021784305572509766
315835,normal,2846,0,1782362326.1678374,0.0019316673278808594
315836,normal,1548,0,1782362326.1697254,0.0018880367279052734
315837,normal,2354,0,1782362326.1717622,0.0020368099212646484
315838,normal,1871,0,1782362326.1739328,0.002170562744140625
315839,normal,914,2,1782362326.1757126,0.001779794692993164
315840,normal,9,0,1782362326.1776378,0.0019252300262451172
315841,normal,551,0,1782362326.1796534,0.0020155906677246094
315842,normal,396,0,1782362326.1816545,0.002001047134399414
315843,normal,1889,0,1782362326.1836472,0.0019927024841308594
315844,normal,3124,1,1782362326.1856546,0.0020074844360351562
315845,normal,2239,0,1782362326.187642,0.001987457275390625
315846,normal,2064,0,1782362326.1897385,0.002096414566040039
315847,normal,2566,0,1782362326.1916225,0.0018839836120605469
315848,normal,3595,0,1782362326.1939166,0.0022940635681152344
315849,normal,842,2,1782362326.1956444,0.0017278194427490234
315850,normal,3317,1,1782362326.1977143,0.0020699501037597656
315851,normal,680,0,1782362326.1996355,0.0019211769104003906
315852,normal,1104,0,1782362326.201633,0.0019974708557128906
315853,normal,2505,0,1782362326.2037017,0.002068758010864258
315854,normal,2218,0,1782362326.205632,0.00193023681640625
315855,normal,346,0,1782362326.2077081,0.0020761489868164062
315856,normal,3137,1,1782362326.209638,0.0019299983978271484
315857,normal,1773,0,1782362326.2116535,0.002015352249145508
315858,normal,1649,0,1782362326.2137716,0.0021181106567382812
315859,normal,3279,1,1782362326.2156386,0.001867055892944336
315860,normal,3006,0,1782362326.2177205,0.0020818710327148438
315861,normal,2217,0,1782362326.2196305,0.0019099712371826172
315862,normal,1949,0,1782362326.2217093,0.0020787715911865234
315863,normal,2445,0,1782362326.2236297,0.001920461654663086
315864,normal,935,2,1782362326.225634,0.002004384994506836
315865,normal,2851,0,1782362326.2276945,0.002060413360595703
315866,normal,2440,0,1782362326.2296329,0.0019383430480957031
315867,normal,351,0,1782362326.2316322,0.001999378204345703
315868,normal,64,0,1782362326.233712,0.0020797252655029297
315869,normal,2106,0,1782362326.2356896,0.001977682113647461
315870,normal,3226,1,1782362326.237638,0.0019483566284179688
315871,normal,559,0,1782362326.2397008,0.0020627975463867188
315872,normal,1147,0,1782362326.2416322,0.0019314289093017578
315873,normal,1874,0,1782362326.2437074,0.0020751953125
315874,normal,65,0,1782362326.2456374,0.0019299983978271484
315875,normal,2984,0,1782362326.2476938,0.0020563602447509766
315876,normal,2656,0,1782362326.2496433,0.0019495487213134766
315877,normal,1216,0,1782362326.251697,0.0020537376403808594
315878,normal,1257,0,1782362326.253633,0.0019359588623046875
315879,normal,2769,0,1782362326.2557182,0.0020852088928222656
315880,normal,2698,0,1782362326.2576373,0.0019190311431884766
315881,normal,2550,0,1782362326.259715,0.002077817916870117
315882,normal,2126,0,1782362326.2616458,0.0019307136535644531
315883,normal,2814,0,1782362326.2637017,0.0020558834075927734
315884,normal,2075,0,1782362326.2656338,0.0019321441650390625
315885,normal,1433,0,1782362326.2677069,0.002073049545288086
315886,normal,925,2,1782362326.2697196,0.0020127296447753906
315887,normal,864,2,1782362326.2716336,0.0019140243530273438
315888,normal,3117,1,1782362326.2736306,0.0019969940185546875
315889,normal,3561,0,1782362326.2756944,0.002063751220703125
315890,normal,2436,0,1782362326.2776318,0.0019373893737792969
315891,normal,1848,0,1782362326.2797034,0.0020716190338134766
315892,normal,2514,0,1782362326.2816386,0.0019352436065673828
315893,normal,2101,0,1782362326.2837057,0.002067089080810547
315894,normal,2636,0,1782362326.2856836,0.0019779205322265625
315895,normal,3621,0,1782362326.2876453,0.0019617080688476562
315896,normal,422,0,1782362326.2897227,0.002077341079711914
315897,normal,3240,1,1782362326.2916327,0.0019099712371826172
315898,normal,106,0,1782362326.2937126,0.0020799636840820312
315899,normal,3705,0,1782362326.2956336,0.001920938491821289
315900,normal,3699,0,1782362326.2976391,0.0020055770874023438
315901,normal,740,0,1782362326.2997072,0.002068042755126953
315902,normal,1043,0,1782362326.3016343,0.0019271373748779297
315903,normal,2464,0,1782362326.3036606,0.0020263195037841797
315904,normal,3332,1,1782362326.3056982,0.002037525177001953
315905,normal,1190,0,1782362326.3076305,0.001932382583618164
315906,normal,1242,0,1782362326.3097062,0.002075672149658203
315907,normal,1571,0,1782362326.311657,0.0019507408142089844
315908,normal,1388,0,1782362326.313714,0.0020570755004882812
315909,normal,2822,0,1782362326.3156326,0.0019185543060302734
315910,normal,2318,0,1782362326.3176968,0.002064228057861328
315911,normal,825,2,1782362326.319633,0.001936197280883789
315912,normal,624,0,1782362326.3216314,0.001998424530029297
315913,normal,478,0,1782362326.3237097,0.0020782947540283203
315914,normal,2540,0,1782362326.3256333,0.0019235610961914062
315915,normal,83,0,1782362326.3277225,0.002089262008666992
315916,normal,2961,0,1782362326.3296423,0.0019197463989257812
315917,normal,2207,0,1782362326.3317134,0.0020711421966552734
315918,normal,3176,1,1782362326.3336322,0.001918792724609375
315919,normal,1102,0,1782362326.3357553,0.002123117446899414
315920,normal,1367,1,1782362326.3376372,0.0018818378448486328
315921,normal,979,2,1782362326.3396301,0.001992940902709961
315922,normal,342,0,1782362326.341698,0.0020678043365478516
315923,normal,650,0,1782362326.343633,0.0019350051879882812
315924,normal,1901,0,1782362326.3456302,0.001997232437133789
315925,normal,1947,0,1782362326.3477051,0.0020749568939208984
315926,normal,2264,0,1782362326.3496804,0.0019752979278564453
315927,normal,3276,1,1782362326.3516793,0.0019989013671875
315928,normal,3410,0,1782362326.3536837,0.002004384994506836
315929,normal,2288,0,1782362326.3556414,0.0019576549530029297
315930,normal,3047,1,1782362326.3576314,0.001990079879760742
315931,normal,3263,1,1782362326.3596973,0.002065896987915039
315932,normal,460,0,1782362326.361634,0.0019366741180419922
315933,normal,1395,0,1782362326.363631,0.0019969940185546875
315934,normal,3329,1,1782362326.3657072,0.0020761489868164062
315935,normal,1782,0,1782362326.3676546,0.0019474029541015625
315936,normal,1165,0,1782362326.3696344,0.001979827880859375
315937,normal,3220,1,1782362326.3717077,0.0020732879638671875
315938,normal,123,0,1782362326.3736346,0.0019268989562988281
315939,normal,3028,0,1782362326.3757076,0.002073049545288086
315940,normal,87,0,1782362326.377643,0.0019354820251464844
315941,normal,3262,1,1782362326.3797085,0.002065420150756836
315942,normal,3346,1,1782362326.3816361,0.0019276142120361328
315943,normal,2628,0,1782362326.383704,0.0020678043365478516
315944,normal,243,0,1782362326.385635,0.0019309520721435547
315945,normal,525,0,1782362326.3877046,0.002069711685180664
315946,normal,2044,0,1782362326.3896377,0.0019330978393554688
315947,normal,1966,0,1782362326.391702,0.002064228057861328
315948,normal,542,0,1782362326.3936336,0.0019316673278808594
315949,normal,417,0,1782362326.3956964,0.0020627975463867188
315950,normal,2827,0,1782362326.397633,0.0019366741180419922
315951,normal,3539,0,1782362326.3997064,0.0020732879638671875
315952,normal,1058,0,1782362326.4016376,0.0019311904907226562
315953,normal,3037,0,1782362326.4037013,0.002063751220703125
315954,normal,1007,2,1782362326.4056413,0.001940011978149414
315955,normal,1470,0,1782362326.4078248,0.0021834373474121094
315956,normal,503,0,1782362326.4096377,0.0018129348754882812
315957,normal,2127,0,1782362326.411707,0.002069234848022461
315958,normal,3660,0,1782362326.41364,0.0019330978393554688
315959,normal,1879,0,1782362326.415703,0.0020630359649658203
315960,normal,1957,0,1782362326.4176338,0.0019307136535644531
315961,normal,2544,0,1782362326.4197016,0.0020678043365478516
315962,normal,215,0,1782362326.4216466,0.0019450187683105469
315963,normal,1617,0,1782362326.4236395,0.001992940902709961
315964,normal,587,0,1782362326.425726,0.0020864009857177734
315965,normal,2498,0,1782362326.4276323,0.0019063949584960938
315966,normal,996,2,1782362326.4297037,0.002071380615234375
315967,normal,1804,0,1782362326.4316542,0.0019505023956298828
315968,normal,3688,0,1782362326.4337091,0.002054929733276367
315969,normal,3055,1,1782362326.435631,0.0019218921661376953
315970,normal,2847,0,1782362326.437711,0.0020799636840820312
315971,normal,3503,0,1782362326.439632,0.001920938491821289
315972,normal,212,0,1782362326.4417171,0.0020852088928222656
315973,normal,409,0,1782362326.4436383,0.0019211769104003906
315974,normal,817,2,1782362326.445726,0.0020875930786132812
315975,normal,2743,0,1782362326.4476328,0.0019068717956542969
315976,normal,3466,0,1782362326.4497085,0.002075672149658203
315977,normal,2993,0,1782362326.4516335,0.0019249916076660156
315978,normal,2076,0,1782362326.4537046,0.0020711421966552734
315979,normal,499,0,1782362326.4556372,0.0019326210021972656
315980,normal,2313,0,1782362326.457716,0.0020787715911865234
315981,normal,3265,1,1782362326.4596338,0.0019178390502929688
315982,normal,3649,0,1782362326.461711,0.0020771026611328125
315983,normal,2794,0,1782362326.4636333,0.0019223690032958984
315984,normal,198,0,1782362326.465705,0.0020716190338134766
315985,normal,150,0,1782362326.4676394,0.0019345283508300781
315986,normal,1659,0,1782362326.4697587,0.002119302749633789
315987,normal,2787,0,1782362326.4717374,0.001978635787963867
315988,normal,1127,0,1782362326.4738204,0.0020830631256103516
315989,normal,1078,0,1782362326.4757142,0.001893758773803711
315990,normal,2238,0,1782362326.4777622,0.002048015594482422
315991,normal,1105,0,1782362326.479724,0.0019617080688476562
315992,normal,2740,0,1782362326.4817686,0.002044677734375
315993,normal,3615,0,1782362326.4837856,0.0020170211791992188
315994,normal,1664,0,1782362326.485906,0.0021202564239501953
315995,normal,1176,0,1782362326.4877245,0.0018186569213867188
315996,normal,1903,0,1782362326.4899487,0.0022242069244384766
315997,normal,1312,0,1782362326.49182,0.001871347427368164
315998,normal,1219,0,1782362326.4937143,0.001894235610961914
315999,normal,3218,1,1782362326.4959264,0.002212047576904297
316000,normal,1732,0,1782362326.497797,0.0018706321716308594
316001,normal,1691,0,1782362326.499725,0.001928091049194336
316002,normal,304,0,1782362326.5019152,0.002190113067626953
316003,normal,170,0,1782362326.503837,0.0019218921661376953
316004,normal,3528,0,1782362326.5057123,0.001875162124633789
316005,normal,47,0,1782362326.507931,0.0022187232971191406
316006,normal,3283,1,1782362326.5098004,0.0018694400787353516
316007,normal,3639,0,1782362326.5116913,0.0018908977508544922
316008,normal,1055,0,1782362326.5139585,0.002267122268676758
316009,normal,855,2,1782362326.515828,0.0018694400787353516
316010,normal,2924,0,1782362326.517713,0.0018851757049560547
316011,normal,327,0,1782362326.519937,0.002223968505859375
316012,normal,1407,0,1782362326.5218098,0.0018727779388427734
316013,normal,367,0,1782362326.5237412,0.0019314289093017578
316014,normal,2309,0,1782362326.5259633,0.0022220611572265625
316015,normal,1274,0,1782362326.5278523,0.0018889904022216797
316016,normal,3223,1,1782362326.5297132,0.0018608570098876953
316017,normal,1524,0,1782362326.5319407,0.0022275447845458984
316018,normal,1539,0,1782362326.5338209,0.0018801689147949219
316019,normal,1039,0,1782362326.535725,0.0019042491912841797
316020,normal,2718,0,1782362326.5377152,0.001990079879760742
316021,normal,2257,0,1782362326.5399125,0.002197265625
316022,normal,1684,0,1782362326.541714,0.0018014907836914062
316023,normal,405,0,1782362326.543909,0.002195119857788086
316024,normal,2942,0,1782362326.545814,0.0019049644470214844
316025,normal,125,0,1782362326.5477293,0.0019152164459228516
316026,normal,2681,0,1782362326.5499103,0.0021810531616210938
316027,normal,1728,0,1782362326.5518413,0.0019309520721435547
316028,normal,74,0,1782362326.55372,0.0018787384033203125
316029,normal,1030,0,1782362326.5559502,0.0022301673889160156
316030,normal,1496,0,1782362326.5578132,0.0018630027770996094
316031,normal,2312,0,1782362326.5597303,0.001917123794555664
316032,normal,629,0,1782362326.5619447,0.0022144317626953125
316033,normal,2584,0,1782362326.5638392,0.0018944740295410156
316034,normal,486,0,1782362326.5657284,0.0018892288208007812
316035,normal,2225,0,1782362326.5679111,0.0021827220916748047
316036,normal,627,0,1782362326.5698113,0.0019001960754394531
316037,normal,487,0,1782362326.571724,0.0019125938415527344
316038,normal,2277,0,1782362326.5739176,0.0021936893463134766
316039,normal,3600,0,1782362326.5758343,0.001916646957397461
316040,normal,326,0,1782362326.5777135,0.0018792152404785156
316041,normal,2910,0,1782362326.5799086,0.002195119857788086
316042,normal,3254,1,1782362326.5818107,0.0019021034240722656
316043,normal,519,0,1782362326.5837262,0.0019154548645019531
316044,normal,2111,0,1782362326.585922,0.0021958351135253906
316045,normal,1614,0,1782362326.587841,0.0019190311431884766
316046,normal,1604,0,1782362326.5897164,0.0018754005432128906
316047,normal,924,2,1782362326.5918994,0.0021829605102539062
316048,normal,2102,0,1782362326.59384,0.0019404888153076172
316049,normal,941,2,1782362326.595728,0.0018880367279052734
316050,normal,2141,0,1782362326.5979304,0.0022025108337402344
316051,normal,1008,2,1782362326.599832,0.0019016265869140625
316052,normal,2224,0,1782362326.601724,0.0018918514251708984
316053,normal,458,0,1782362326.6039414,0.002217531204223633
316054,normal,1323,1,1782362326.6058116,0.0018701553344726562
316055,normal,2249,0,1782362326.6077251,0.0019135475158691406
316056,normal,19,0,1782362326.6099372,0.002212047576904297
316057,normal,1975,0,1782362326.611841,0.0019037723541259766
316058,normal,25,0,1782362326.613715,0.0018739700317382812
316059,normal,3231,1,1782362326.615936,0.0022211074829101562
316060,normal,3296,1,1782362326.6177933,0.0018572807312011719
316061,normal,3194,1,1782362326.619712,0.001918792724609375
316062,normal,401,0,1782362326.6219413,0.0022292137145996094
316063,normal,1896,0,1782362326.623839,0.001897573471069336
316064,normal,798,2,1782362326.625713,0.0018742084503173828
316065,normal,1500,0,1782362326.6279109,0.002197742462158203
316066,normal,2735,0,1782362326.6297874,0.0018765926361083984
316067,normal,3160,1,1782362326.6317234,0.0019359588623046875
316068,normal,993,2,1782362326.6339161,0.0021927356719970703
316069,normal,350,0,1782362326.6358416,0.0019254684448242188
316070,normal,166,0,1782362326.6377113,0.0018696784973144531
316071,normal,249,0,1782362326.6399248,0.0022134780883789062
316072,normal,3002,0,1782362326.6417964,0.0018715858459472656
316073,normal,3318,1,1782362326.6437275,0.0019311904907226562
316074,normal,1265,0,1782362326.6459167,0.002189159393310547
316075,normal,437,0,1782362326.647832,0.0019152164459228516
316076,normal,2985,0,1782362326.6497118,0.0018799304962158203
316077,normal,474,0,1782362326.6519046,0.0021927356719970703
316078,normal,3443,0,1782362326.6537912,0.001886606216430664
316079,normal,2398,0,1782362326.6557252,0.001934051513671875
316080,normal,197,0,1782362326.657912,0.0021867752075195312
316081,normal,1820,0,1782362326.659832,0.0019199848175048828
316082,normal,642,0,1782362326.6617126,0.001880645751953125
316083,normal,540,0,1782362326.6637633,0.002050638198852539
316084,normal,1389,0,1782362326.6659167,0.0021533966064453125
316085,normal,3371,1,1782362326.6677248,0.00180816650390625
316086,normal,3590,0,1782362326.6699307,0.0022058486938476562
316087,normal,729,0,1782362326.6718261,0.0018954277038574219
316088,normal,1108,0,1782362326.673716,0.001889944076538086
316089,normal,1300,0,1782362326.6759074,0.002191305160522461
316090,normal,3161,1,1782362326.6777987,0.0018913745880126953
316091,normal,927,2,1782362326.6797378,0.0019390583038330078
316092,normal,1576,0,1782362326.6817608,0.002022981643676758
316093,normal,1208,0,1782362326.683923,0.0021622180938720703
316094,normal,2859,0,1782362326.6857142,0.001791238784790039
316095,normal,248,0,1782362326.6879117,0.0021975040435791016
316096,normal,3184,1,1782362326.6897967,0.0018849372863769531
316097,normal,71,0,1782362326.6917274,0.0019307136535644531
316098,normal,1812,0,1782362326.6939359,0.0022084712982177734
316099,normal,3373,1,1782362326.6958084,0.0018725395202636719
316100,normal,2268,0,1782362326.6977134,0.0019049644470214844
316101,normal,444,0,1782362326.6999176,0.0022041797637939453
316102,normal,3447,0,1782362326.7017763,0.0018587112426757812
316103,normal,2554,0,1782362326.7037146,0.0019383430480957031
316104,normal,38,0,1782362326.7059386,0.002223968505859375
316105,normal,1225,0,1782362326.7078173,0.0018787384033203125
316106,normal,2421,0,1782362326.7097135,0.0018961429595947266
316107,normal,2036,0,1782362326.711936,0.0022225379943847656
316108,normal,1042,0,1782362326.7137833,0.0018472671508789062
316109,normal,3048,1,1782362326.7157245,0.0019412040710449219
316110,normal,473,0,1782362326.717921,0.0021965503692626953
316111,normal,179,0,1782362326.719833,0.0019118785858154297
316112,normal,3202,1,1782362326.7217138,0.0018808841705322266
316113,normal,822,2,1782362326.7239306,0.002216815948486328
316114,normal,2317,0,1782362326.7258039,0.0018732547760009766
316115,normal,640,0,1782362326.7277262,0.0019223690032958984
316116,normal,1203,0,1782362326.72995,0.0022237300872802734
316117,normal,733,0,1782362326.7318323,0.001882314682006836
316118,normal,1124,0,1782362326.7337127,0.0018804073333740234
316119,normal,783,2,1782362326.7359345,0.002221822738647461
316120,normal,3559,0,1782362326.737791,0.0018565654754638672
316121,normal,1642,0,1782362326.7397258,0.0019347667694091797
316122,normal,2051,0,1782362326.7419558,0.002229928970336914
316123,normal,1851,0,1782362326.7438183,0.0018625259399414062
316124,normal,816,2,1782362326.7457094,0.0018911361694335938
316125,normal,78,0,1782362326.7479384,0.002228975296020508
316126,normal,1840,0,1782362326.7497761,0.0018377304077148438
316127,normal,388,0,1782362326.751727,0.001950979232788086
316128,normal,1416,0,1782362326.753959,0.0022318363189697266
316129,normal,3134,1,1782362326.7558002,0.0018413066864013672
316130,normal,1799,0,1782362326.7577195,0.0019192695617675781
316131,normal,3175,1,1782362326.759947,0.0022275447845458984
316132,normal,2973,0,1782362326.761773,0.0018260478973388672
316133,normal,1603,0,1782362326.7637281,0.0019550323486328125
316134,normal,17,0,1782362326.7659633,0.0022351741790771484
316135,normal,1958,0,1782362326.7678053,0.0018420219421386719
316136,normal,2855,0,1782362326.769714,0.0019087791442871094
316137,normal,1289,0,1782362326.7719555,0.002241373062133789
316138,normal,2528,0,1782362326.773792,0.001836538314819336
316139,normal,2251,0,1782362326.7757142,0.0019221305847167969
316140,normal,759,0,1782362326.7779167,0.0022025108337402344
316141,normal,1922,0,1782362326.7798297,0.0019130706787109375
316142,normal,1815,0,1782362326.781713,0.0018832683563232422
316143,normal,2728,0,1782362326.7839143,0.0022013187408447266
316144,normal,630,0,1782362326.7857873,0.001873016357421875
316145,normal,2226,0,1782362326.7877245,0.0019371509552001953
316146,normal,1830,0,1782362326.789788,0.0020635128021240234
316147,normal,1057,0,1782362326.7919314,0.002143383026123047
316148,normal,104,0,1782362326.7937121,0.0017807483673095703
316149,normal,2430,0,1782362326.7959569,0.002244710922241211
316150,normal,1528,0,1782362326.7977767,0.0018198490142822266
316151,normal,2047,0,1782362326.7997243,0.001947641372680664
316152,normal,2294,0,1782362326.8019161,0.002191781997680664
316153,normal,3402,0,1782362326.803825,0.0019087791442871094
316154,normal,2173,0,1782362326.8057127,0.0018877983093261719
316155,normal,3246,1,1782362326.8079703,0.0022575855255126953
316156,normal,1096,0,1782362326.8097959,0.001825571060180664
316157,normal,390,0,1782362326.811726,0.00193023681640625
316158,normal,1,0,1782362326.8138857,0.002159595489501953
316159,normal,393,0,1782362326.8158228,0.0019371509552001953
316160,normal,2631,0,1782362326.8177133,0.001890420913696289
316161,normal,2804,0,1782362326.8199117,0.002198457717895508
316162,normal,181,0,1782362326.8217952,0.0018835067749023438
316163,normal,3558,0,1782362326.823765,0.0019698143005371094
316164,normal,3135,1,1782362326.8257267,0.0019617080688476562
316165,normal,912,2,1782362326.82794,0.0022132396697998047
316166,normal,2455,0,1782362326.8297207,0.0017807483673095703
316167,normal,3678,0,1782362326.8319068,0.0021860599517822266
316168,normal,171,0,1782362326.833782,0.001875162124633789
316169,normal,440,0,1782362326.8357294,0.0019474029541015625
316170,normal,3013,0,1782362326.8379276,0.0021982192993164062
316171,normal,2664,0,1782362326.8398223,0.0018947124481201172
316172,normal,3141,1,1782362326.8417125,0.0018901824951171875
316173,normal,3033,0,1782362326.8439336,0.0022211074829101562
316174,normal,3270,1,1782362326.8457782,0.001844644546508789
316175,normal,3471,0,1782362326.8477263,0.0019481182098388672
316176,normal,1554,0,1782362326.8499157,0.0021893978118896484
316177,normal,1322,1,1782362326.8518078,0.00189208984375
316178,normal,1325,1,1782362326.853904,0.0020961761474609375
316179,normal,2880,0,1782362326.8558948,0.001990795135498047
316180,normal,747,0,1782362326.857784,0.0018892288208007812
316181,normal,1001,2,1782362326.859715,0.0019309520721435547
316182,normal,66,0,1782362326.8617218,0.0020067691802978516
316183,normal,3616,0,1782362326.8637245,0.002002716064453125
316184,normal,548,0,1782362326.8656473,0.0019228458404541016
316185,normal,2887,0,1782362326.8676589,0.002011537551879883
316186,normal,1245,0,1782362326.869647,0.0019881725311279297
316187,normal,1635,0,1782362326.8717158,0.002068758010864258
316188,normal,528,0,1782362326.8736548,0.0019390583038330078
316189,normal,2429,0,1782362326.875656,0.002001047134399414
316190,normal,3023,0,1782362326.877646,0.001990079879760742
316191,normal,1463,0,1782362326.8796523,0.0020062923431396484
316192,normal,1249,0,1782362326.881641,0.001988649368286133
316193,normal,1375,1,1782362326.8836904,0.0020494461059570312
316194,normal,2427,0,1782362326.8857312,0.002040863037109375
316195,normal,2209,0,1782362326.8876193,0.0018880367279052734
316196,normal,2962,0,1782362326.8897426,0.0021233558654785156
316197,normal,3000,0,1782362326.8917353,0.0019927024841308594
316198,normal,3553,0,1782362326.8936174,0.0018820762634277344
316199,normal,1160,0,1782362326.8959155,0.002298116683959961
316200,normal,3126,1,1782362326.8977532,0.0018377304077148438
316201,normal,1073,0,1782362326.8999286,0.0021753311157226562
316202,normal,2199,0,1782362326.9017127,0.0017840862274169922
316203,normal,3403,0,1782362326.9039104,0.002197742462158203
316204,normal,982,2,1782362326.9057653,0.0018548965454101562
316205,normal,1620,0,1782362326.907725,0.0019598007202148438
316206,normal,3106,1,1782362326.9099262,0.002201080322265625
316207,normal,2454,0,1782362326.911789,0.0018627643585205078
316208,normal,1238,0,1782362326.9137475,0.001958608627319336
316209,normal,2320,0,1782362326.9159148,0.002167224884033203
316210,normal,1733,0,1782362326.9177673,0.0018525123596191406
316211,normal,3465,0,1782362326.9197242,0.001956939697265625
316212,normal,2987,0,1782362326.9219449,0.002220630645751953
316213,normal,1151,0,1782362326.9238212,0.0018763542175292969
316214,normal,1390,0,1782362326.925716,0.0018947124481201172
316215,normal,204,0,1782362326.9279275,0.0022115707397460938
316216,normal,2333,0,1782362326.9298384,0.0019109249114990234
316217,normal,2680,0,1782362326.9317405,0.0019021034240722656
316218,normal,753,0,1782362326.9337327,0.0019922256469726562
316219,normal,828,2,1782362326.935938,0.0022051334381103516
316220,normal,2375,0,1782362326.9376948,0.001756906509399414
316221,normal,1311,0,1782362326.9396307,0.0019359588623046875
316222,normal,135,0,1782362326.9417324,0.0021016597747802734
316223,normal,1327,1,1782362326.9436753,0.0019428730010986328
316224,normal,851,2,1782362326.94592,0.002244710922241211
316225,normal,1025,2,1782362326.947724,0.0018041133880615234
316226,normal,2092,0,1782362326.9499185,0.0021944046020507812
316227,normal,1758,0,1782362326.951777,0.0018584728240966797
316228,normal,1413,0,1782362326.9539244,0.0021474361419677734
316229,normal,1459,0,1782362326.9557269,0.0018024444580078125
316230,normal,835,2,1782362326.957974,0.0022470951080322266
316231,normal,2501,0,1782362326.9597564,0.0017824172973632812
316232,normal,3691,0,1782362326.9617145,0.001958131790161133
316233,normal,2729,0,1782362326.9639409,0.0022263526916503906
316234,normal,724,0,1782362326.9657793,0.0018384456634521484
316235,normal,1877,0,1782362326.967726,0.0019466876983642578
316236,normal,2151,0,1782362326.9699492,0.0022232532501220703
316237,normal,2469,0,1782362326.971861,0.0019116401672363281
316238,normal,962,2,1782362326.9737244,0.0018634796142578125
316239,normal,535,0,1782362326.9759552,0.0022308826446533203
316240,normal,1520,0,1782362326.977804,0.0018486976623535156
316241,normal,2314,0,1782362326.979715,0.001911163330078125
316242,normal,258,0,1782362326.9819381,0.0022230148315429688
316243,normal,3703,0,1782362326.983777,0.0018389225006103516
316244,normal,3120,1,1782362326.9857256,0.0019485950469970703
316245,normal,774,2,1782362326.9879596,0.0022339820861816406
316246,normal,2250,0,1782362326.989807,0.0018472671508789062
316247,normal,303,0,1782362326.9917204,0.0019135475158691406
316248,normal,829,2,1782362326.9939134,0.002192974090576172
316249,normal,263,0,1782362326.9957702,0.0018568038940429688
316250,normal,955,2,1782362326.9977262,0.0019559860229492188
316251,normal,464,0,1782362326.9999692,0.0022430419921875
316252,normal,2460,0,1782362327.0018106,0.0018413066864013672
316253,normal,3140,1,1782362327.0037122,0.0019016265869140625
316254,normal,14,0,1782362327.0059505,0.0022382736206054688
316255,normal,2824,0,1782362327.0077655,0.0018150806427001953
316256,normal,1837,0,1782362327.0097106,0.0019450187683105469
316257,normal,271,0,1782362327.011916,0.002205371856689453
316258,normal,1003,2,1782362327.0137944,0.001878499984741211
316259,normal,1393,0,1782362327.015732,0.0019376277923583984
316260,normal,2192,0,1782362327.0179558,0.0022237300872802734
316261,normal,1280,0,1782362327.0197587,0.0018029212951660156
316262,normal,3490,0,1782362327.0217264,0.0019676685333251953
316263,normal,418,0,1782362327.023974,0.0022475719451904297
316264,normal,2620,0,1782362327.0257845,0.0018105506896972656
316265,normal,3027,0,1782362327.0277133,0.0019288063049316406
316266,normal,1690,0,1782362327.029962,0.0022487640380859375
316267,normal,2420,0,1782362327.032002,0.0020399093627929688
316268,normal,893,2,1782362327.0338147,0.0018126964569091797
316269,normal,1342,1,1782362327.0357919,0.001977205276489258
316270,normal,2074,0,1782362327.0379274,0.0021355152130126953
316271,normal,1153,0,1782362327.0397153,0.0017879009246826172
316272,normal,2663,0,1782362327.0419066,0.002191305160522461
316273,normal,555,0,1782362327.0437744,0.0018677711486816406
316274,normal,1495,0,1782362327.045727,0.0019526481628417969
316275,normal,2094,0,1782362327.0479152,0.0021882057189941406
316276,normal,2167,0,1782362327.0498152,0.0018999576568603516
316277,normal,2159,0,1782362327.0517128,0.001897573471069336
316278,normal,48,0,1782362327.0538929,0.0021800994873046875
316279,normal,145,0,1782362327.0557919,0.0018990039825439453
316280,normal,3592,0,1782362327.057725,0.0019330978393554688
316281,normal,2148,0,1782362327.0599144,0.0021893978118896484
316282,normal,1380,1,1782362327.0618227,0.0019083023071289062
316283,normal,2898,0,1782362327.063721,0.0018982887268066406
316284,normal,3056,1,1782362327.0657744,0.002053499221801758
316285,normal,3341,1,1782362327.0679817,0.0022072792053222656
316286,normal,2749,0,1782362327.0699487,0.0019669532775878906
316287,normal,1623,0,1782362327.0719252,0.001976490020751953
316288,normal,2416,0,1782362327.0737493,0.0018241405487060547
316289,normal,1441,0,1782362327.0759254,0.002176046371459961
316290,normal,3413,0,1782362327.0777426,0.0018172264099121094
316291,normal,1337,1,1782362327.0799162,0.0021736621856689453
316292,normal,3248,1,1782362327.081729,0.0018126964569091797
316293,normal,2027,0,1782362327.083911,0.0021820068359375
316294,normal,1880,0,1782362327.0858312,0.0019202232360839844
316295,normal,926,2,1782362327.0877123,0.0018811225891113281
316296,normal,2132,0,1782362327.0898998,0.002187490463256836
316297,normal,3321,1,1782362327.0917928,0.0018930435180664062
316298,normal,699,0,1782362327.0937257,0.0019328594207763672
316299,normal,2083,0,1782362327.0959103,0.002184629440307617
316300,normal,2695,0,1782362327.0978227,0.0019123554229736328
316301,normal,1955,0,1782362327.0997102,0.0018875598907470703
316302,normal,2297,0,1782362327.1019034,0.0021932125091552734
316303,normal,2979,0,1782362327.103801,0.001897573471069336
316304,normal,3233,1,1782362327.1057246,0.0019235610961914062
316305,normal,2644,0,1782362327.1079144,0.0021898746490478516
316306,normal,894,2,1782362327.1098263,0.0019118785858154297
316307,normal,2803,0,1782362327.1117117,0.0018854141235351562
316308,normal,1935,0,1782362327.113918,0.0022063255310058594
316309,normal,2298,0,1782362327.1157937,0.0018756389617919922
316310,normal,879,2,1782362327.1177247,0.0019309520721435547
316311,normal,3110,1,1782362327.1199143,0.00218963623046875
316312,normal,161,0,1782362327.121826,0.0019116401672363281
316313,normal,2792,0,1782362327.1237135,0.0018875598907470703
316314,normal,101,0,1782362327.1259837,0.002270221710205078
316315,normal,2604,0,1782362327.127802,0.0018181800842285156
316316,normal,1106,0,1782362327.1297271,0.0019252300262451172
316317,normal,3036,0,1782362327.1319153,0.0021882057189941406
316318,normal,3647,0,1782362327.1338267,0.0019114017486572266
316319,normal,564,0,1782362327.1357129,0.001886129379272461
316320,normal,1601,0,1782362327.1378922,0.002179384231567383
316321,normal,2004,0,1782362327.1397972,0.0019049644470214844
316322,normal,2888,0,1782362327.1417675,0.0019702911376953125
316323,normal,2970,0,1782362327.1439161,0.0021486282348632812
316324,normal,108,0,1782362327.145799,0.001882791519165039
316325,normal,1592,0,1782362327.1478198,0.0020208358764648438
316326,normal,497,0,1782362327.1497707,0.001950979232788086
316327,normal,1648,0,1782362327.1519074,0.002136707305908203
316328,normal,1353,1,1782362327.1537254,0.001817941665649414
316329,normal,2103,0,1782362327.1559286,0.002203226089477539
316330,normal,3569,0,1782362327.1578014,0.0018727779388427734
316331,normal,196,0,1782362327.159713,0.0019116401672363281
316332,normal,436,0,1782362327.1619022,0.002189159393310547
316333,normal,1440,0,1782362327.1637812,0.001878976821899414
316334,normal,182,0,1782362327.1657083,0.0019271373748779297
316335,normal,2758,0,1782362327.1679327,0.002224445343017578
316336,normal,779,2,1782362327.1698153,0.0018825531005859375
316337,normal,1766,0,1782362327.1717114,0.0018961429595947266
316338,normal,1415,0,1782362327.1737752,0.002063751220703125
316339,normal,236,0,1782362327.1759088,0.002133607864379883
316340,normal,3430,0,1782362327.1777272,0.0018184185028076172
316341,normal,2164,0,1782362327.1799376,0.002210378646850586
316342,normal,1254,0,1782362327.181804,0.0018663406372070312
316343,normal,160,0,1782362327.183713,0.001909017562866211
316344,normal,168,0,1782362327.1859257,0.0022127628326416016
316345,normal,523,0,1782362327.1877735,0.0018477439880371094
316346,normal,1722,0,1782362327.1897311,0.0019576549530029297
316347,normal,1391,0,1782362327.1917722,0.0020411014556884766
316348,normal,1836,0,1782362327.1939251,0.0021529197692871094
316349,normal,1780,0,1782362327.1957133,0.0017881393432617188
316350,normal,937,2,1782362327.1979218,0.0022084712982177734
316351,normal,2230,0,1782362327.1997716,0.0018498897552490234
316352,normal,3166,1,1782362327.201726,0.001954317092895508
316353,normal,1000,2,1782362327.2039406,0.002214670181274414
316354,normal,507,0,1782362327.2058053,0.0018646717071533203
316355,normal,2466,0,1782362327.207717,0.0019116401672363281
316356,normal,3642,0,1782362327.2099357,0.0022187232971191406
316357,normal,2816,0,1782362327.2117777,0.0018420219421386719
316358,normal,2697,0,1782362327.2137172,0.001939535140991211
316359,normal,3394,1,1782362327.215957,0.002239704132080078
316360,normal,2396,0,1782362327.217795,0.0018379688262939453
316361,normal,2819,0,1782362327.2197134,0.0019185543060302734
316362,normal,897,2,1782362327.2219377,0.0022242069244384766
316363,normal,3401,1,1782362327.2237623,0.0018246173858642578
316364,normal,1095,0,1782362327.2257318,0.001969575881958008
316365,normal,520,0,1782362327.2279582,0.0022263526916503906
316366,normal,2041,0,1782362327.229789,0.0018308162689208984
316367,normal,1052,0,1782362327.231713,0.0019240379333496094
316368,normal,2486,0,1782362327.2339466,0.0022335052490234375
316369,normal,485,0,1782362327.2357957,0.0018491744995117188
316370,normal,2726,0,1782362327.2377267,0.0019309520721435547
316371,normal,2274,0,1782362327.2399178,0.0021910667419433594
316372,normal,1172,0,1782362327.241795,0.0018773078918457031
316373,normal,1509,0,1782362327.2437136,0.0019185543060302734
316374,normal,983,2,1782362327.245913,0.002199411392211914
316375,normal,2712,0,1782362327.2477624,0.0018494129180908203
316376,normal,986,2,1782362327.2497249,0.001962423324584961
316377,normal,2057,0,1782362327.2519693,0.0022444725036621094
316378,normal,124,0,1782362327.253791,0.001821756362915039
316379,normal,2412,0,1782362327.2557225,0.0019314289093017578
316380,normal,1583,0,1782362327.2579138,0.002191305160522461
316381,normal,1712,0,1782362327.2597494,0.0018355846405029297
316382,normal,85,0,1782362327.2617261,0.0019767284393310547
316383,normal,3351,1,1782362327.263971,0.0022449493408203125
316384,normal,1082,0,1782362327.2657769,0.0018057823181152344
316385,normal,2487,0,1782362327.2677124,0.0019354820251464844
316386,normal,1544,0,1782362327.2699072,0.0021948814392089844
316387,normal,3333,1,1782362327.2717516,0.0018444061279296875
316388,normal,2949,0,1782362327.273726,0.001974344253540039
316389,normal,3426,0,1782362327.2759144,0.002188444137573242
316390,normal,2809,0,1782362327.2777748,0.0018603801727294922
316391,normal,2124,0,1782362327.2797124,0.0019376277923583984
316392,normal,856,2,1782362327.2819083,0.0021958351135253906
316393,normal,720,0,1782362327.2837563,0.001847982406616211
316394,normal,2461,0,1782362327.285708,0.0019516944885253906
316395,normal,1988,0,1782362327.287897,0.002189159393310547
316396,normal,1294,0,1782362327.2897754,0.0018782615661621094
316397,normal,1028,2,1782362327.2917092,0.0019338130950927734
316398,normal,2442,0,1782362327.2939112,0.0022020339965820312
316399,normal,2549,0,1782362327.2957506,0.0018393993377685547
316400,normal,2592,0,1782362327.2977257,0.0019750595092773438
316401,normal,1596,0,1782362327.2999241,0.002198457717895508
316402,normal,1015,2,1782362327.3017745,0.0018503665924072266
316403,normal,2400,0,1782362327.3037195,0.0019450187683105469
316404,normal,2201,0,1782362327.3059785,0.0022590160369873047
316405,normal,1693,0,1782362327.3077674,0.0017888545989990234
316406,normal,2109,0,1782362327.3097255,0.001958131790161133
316407,normal,1680,0,1782362327.3119247,0.0021991729736328125
316408,normal,314,0,1782362327.3137913,0.0018665790557861328
316409,normal,98,0,1782362327.315701,0.0019097328186035156
316410,normal,3095,1,1782362327.317939,0.002238035202026367
316411,normal,2182,0,1782362327.3197703,0.0018312931060791016
316412,normal,3586,0,1782362327.3217099,0.001939535140991211
316413,normal,3272,1,1782362327.3239381,0.002228260040283203
316414,normal,1802,0,1782362327.325785,0.0018467903137207031
316415,normal,1789,0,1782362327.3277109,0.0019259452819824219
316416,normal,1703,0,1782362327.3299372,0.0022263526916503906
316417,normal,819,2,1782362327.3317587,0.0018215179443359375
316418,normal,741,0,1782362327.333726,0.001967191696166992
316419,normal,2912,0,1782362327.3359513,0.0022253990173339844
316420,normal,3459,0,1782362327.3378043,0.0018529891967773438
316421,normal,371,0,1782362327.3397114,0.0019071102142333984
316422,normal,134,0,1782362327.3417535,0.002042055130004883
316423,normal,3449,0,1782362327.3439162,0.0021626949310302734
316424,normal,1410,0,1782362327.3457258,0.0018095970153808594
316425,normal,2241,0,1782362327.3479443,0.002218484878540039
316426,normal,2773,0,1782362327.3497674,0.0018231868743896484
316427,normal,2765,0,1782362327.3516922,0.001924753189086914
316428,normal,615,0,1782362327.3537736,0.0020813941955566406
316429,normal,242,0,1782362327.3556242,0.0018506050109863281
316430,normal,2303,0,1782362327.3579237,0.0022995471954345703
316431,normal,2363,0,1782362327.3598387,0.00191497802734375
316432,normal,3697,0,1782362327.3619215,0.00208282470703125
316433,normal,1900,0,1782362327.363724,0.0018024444580078125
316434,normal,598,0,1782362327.3659396,0.0022156238555908203
316435,normal,1483,0,1782362327.367803,0.0018634796142578125
316436,normal,2025,0,1782362327.3697126,0.001909494400024414
316437,normal,541,0,1782362327.3719366,0.002223968505859375
316438,normal,1751,0,1782362327.373902,0.0019655227661132812
316439,normal,2337,0,1782362327.3758194,0.0019173622131347656
316440,normal,1950,0,1782362327.3778443,0.0020248889923095703
316441,normal,398,0,1782362327.3801763,0.002331972122192383
316442,normal,761,0,1782362327.381715,0.0015387535095214844
316443,normal,2567,0,1782362327.383884,0.002168893814086914
316444,normal,1744,0,1782362327.385738,0.00185394287109375
316445,normal,840,2,1782362327.3877928,0.002054929733276367
316446,normal,592,0,1782362327.3896987,0.0019059181213378906
316447,normal,385,0,1782362327.3918362,0.002137422561645508
316448,normal,261,0,1782362327.3937447,0.0019085407257080078
316449,normal,1846,0,1782362327.3957334,0.001988649368286133
316450,normal,3214,1,1782362327.3979363,0.0022029876708984375
316451,normal,1255,0,1782362327.3998415,0.001905202865600586
316452,normal,308,0,1782362327.4017413,0.00189971923828125
316453,normal,3200,1,1782362327.4038553,0.0021140575408935547
316454,normal,1239,0,1782362327.4057415,0.001886129379272461
316455,normal,1961,0,1782362327.407743,0.002001523971557617
316456,normal,428,0,1782362327.4097517,0.002008676528930664
316457,normal,93,0,1782362327.4117486,0.0019969940185546875
316458,normal,3421,0,1782362327.4136987,0.0019500255584716797
316459,normal,751,0,1782362327.4157374,0.002038717269897461
316460,normal,2278,0,1782362327.4177427,0.002005338668823242
316461,normal,3216,1,1782362327.4197464,0.0020036697387695312
316462,normal,1241,0,1782362327.421753,0.00200653076171875
316463,normal,3462,0,1782362327.4237447,0.001991748809814453
316464,normal,2162,0,1782362327.4257026,0.0019578933715820312
316465,normal,678,0,1782362327.4277446,0.002042055130004883
316466,normal,2682,0,1782362327.4297411,0.0019965171813964844
316467,normal,2131,0,1782362327.4316857,0.0019445419311523438
316468,normal,201,0,1782362327.4337459,0.0020601749420166016
316469,normal,3264,1,1782362327.436464,0.002718210220336914
316470,normal,3310,1,1782362327.4378026,0.0013384819030761719
316471,normal,2873,0,1782362327.4398475,0.0020449161529541016
316472,normal,345,0,1782362327.4417603,0.001912832260131836
316473,normal,2098,0,1782362327.4437802,0.0020198822021484375
316474,normal,1131,0,1782362327.4457479,0.0019676685333251953
316475,normal,133,0,1782362327.4480004,0.0022525787353515625
316476,normal,2401,0,1782362327.4496145,0.0016140937805175781
316477,normal,3355,1,1782362327.4517334,0.002118825912475586
316478,normal,111,0,1782362327.4537241,0.001990795135498047
316479,normal,24,0,1782362327.4556773,0.001953125
316480,normal,3669,0,1782362327.45768,0.002002716064453125
316481,normal,2142,0,1782362327.4596784,0.001998424530029297
316482,normal,493,0,1782362327.461711,0.0020325183868408203
316483,normal,3326,1,1782362327.4637063,0.0019953250885009766
316484,normal,3041,0,1782362327.4656842,0.0019779205322265625
316485,normal,2010,0,1782362327.4676557,0.0019714832305908203
316486,normal,1019,2,1782362327.469705,0.0020494461059570312
316487,normal,3607,0,1782362327.4716506,0.00194549560546875
316488,normal,1532,0,1782362327.4737234,0.0020728111267089844
316489,normal,3029,0,1782362327.475644,0.0019207000732421875
316490,normal,233,0,1782362327.4777231,0.002079010009765625
316491,normal,1951,0,1782362327.47989,0.0021669864654541016
316492,normal,339,0,1782362327.4817846,0.0018944740295410156
316493,normal,1398,0,1782362327.4837074,0.0019228458404541016
316494,normal,3024,0,1782362327.4858189,0.0021114349365234375
316495,normal,2651,0,1782362327.487793,0.0019741058349609375
316496,normal,1120,0,1782362327.4896722,0.0018792152404785156
316497,normal,1246,0,1782362327.4918246,0.0021524429321289062
316498,normal,3009,0,1782362327.4936347,0.0018100738525390625
316499,normal,582,0,1782362327.495627,0.0019922256469726562
316500,normal,1991,0,1782362327.4979508,0.0023238658905029297
316501,normal,3452,0,1782362327.499696,0.0017452239990234375
316502,normal,1378,1,1782362327.5018399,0.00214385986328125
316503,normal,824,2,1782362327.5038211,0.0019812583923339844
316504,normal,1425,0,1782362327.5057824,0.001961231231689453
316505,normal,1195,0,1782362327.507774,0.001991748809814453
316506,normal,1269,0,1782362327.5098195,0.0020453929901123047
316507,normal,2245,0,1782362327.5117853,0.001965761184692383
316508,normal,3455,0,1782362327.5136337,0.001848459243774414
316509,normal,1826,0,1782362327.515621,0.0019872188568115234
316510,normal,2945,0,1782362327.5176208,0.0019998550415039062
316511,normal,3428,0,1782362327.5198476,0.0022268295288085938
316512,normal,1130,0,1782362327.5216715,0.0018239021301269531
316513,normal,2088,0,1782362327.5236945,0.002022981643676758
316514,normal,3391,1,1782362327.5256445,0.0019500255584716797
316515,normal,2610,0,1782362327.527636,0.0019915103912353516
316516,normal,2123,0,1782362327.5305212,0.002885103225708008
316517,normal,2982,0,1782362327.531959,0.0014379024505615234
316518,normal,904,2,1782362327.5337205,0.0017614364624023438
316519,normal,916,2,1782362327.5356877,0.001967191696166992
316520,normal,2258,0,1782362327.5376973,0.0020096302032470703
316521,normal,1253,0,1782362327.5396912,0.001993894577026367
316522,normal,116,0,1782362327.5419354,0.002244234085083008
316523,normal,3053,1,1782362327.543718,0.0017826557159423828
316524,normal,2397,0,1782362327.5456781,0.0019600391387939453
316525,normal,1420,0,1782362327.5476592,0.001981019973754883
316526,normal,448,0,1782362327.5498097,0.0021505355834960938
316527,normal,2601,0,1782362327.551687,0.0018773078918457031
316528,normal,608,0,1782362327.5537891,0.0021021366119384766
316529,normal,688,0,1782362327.555716,0.0019268989562988281
316530,normal,3407,0,1782362327.557719,0.0020029544830322266
316531,normal,796,2,1782362327.5599203,0.0022013187408447266
316532,normal,672,0,1782362327.562584,0.0026636123657226562
316533,normal,2867,0,1782362327.5637727,0.0011887550354003906
316534,normal,776,2,1782362327.5661538,0.0023810863494873047
316535,normal,872,2,1782362327.5678864,0.0017325878143310547
316536,normal,1824,0,1782362327.5698354,0.0019490718841552734
316537,normal,3587,0,1782362327.5721257,0.0022902488708496094
316538,normal,2555,0,1782362327.5739028,0.0017771720886230469
316539,normal,1144,0,1782362327.5756571,0.0017542839050292969
316540,normal,832,2,1782362327.57763,0.0019729137420654297
316541,normal,2144,0,1782362327.5796409,0.002010822296142578
316542,normal,3702,0,1782362327.581714,0.002073049545288086
316543,normal,760,0,1782362327.5836868,0.0019729137420654297
316544,normal,3044,0,1782362327.585683,0.001996278762817383
316545,normal,3567,0,1782362327.5876741,0.0019910335540771484
316546,normal,174,0,1782362327.5896976,0.002023458480834961
316547,normal,2641,0,1782362327.5917053,0.002007722854614258
316548,normal,37,0,1782362327.5937428,0.002037525177001953
316549,normal,1235,0,1782362327.5957587,0.002015829086303711
316550,normal,3122,1,1782362327.5976474,0.0018887519836425781
316551,normal,2790,0,1782362327.5997193,0.002071857452392578
316552,normal,266,0,1782362327.6017232,0.002003908157348633
316553,normal,522,0,1782362327.60375,0.002026796340942383
316554,normal,787,2,1782362327.6057074,0.001957416534423828
316555,normal,849,2,1782362327.607659,0.0019516944885253906
316556,normal,3540,0,1782362327.6096764,0.0020172595977783203
316557,normal,3158,1,1782362327.6116548,0.0019783973693847656
316558,normal,389,0,1782362327.6136773,0.0020225048065185547
316559,normal,4,0,1782362327.61569,0.0020127296447753906
316560,normal,210,0,1782362327.61769,0.002000093460083008
316561,normal,3171,1,1782362327.6198728,0.0021827220916748047
316562,normal,1302,0,1782362327.6216714,0.0017986297607421875
316563,normal,1477,0,1782362327.6236413,0.0019698143005371094
316564,normal,1149,0,1782362327.6256435,0.002002239227294922
316565,normal,2024,0,1782362327.6276424,0.0019989013671875
316566,normal,1194,0,1782362327.6296477,0.002005338668823242
316567,normal,1785,0,1782362327.6316788,0.002031087875366211
316568,normal,3668,0,1782362327.633719,0.0020401477813720703
316569,normal,2948,0,1782362327.6357508,0.0020318031311035156
316570,normal,2753,0,1782362327.6377723,0.0020215511322021484
316571,normal,1191,0,1782362327.639725,0.0019526481628417969
316572,normal,2591,0,1782362327.6416817,0.0019567012786865234
316573,normal,3165,1,1782362327.643682,0.0020003318786621094
316574,normal,1662,0,1782362327.6456904,0.0020084381103515625
316575,normal,3090,1,1782362327.6476336,0.0019431114196777344
316576,normal,2253,0,1782362327.6496263,0.0019927024841308594
316577,normal,154,0,1782362327.65163,0.0020036697387695312
316578,normal,2404,0,1782362327.6538286,0.0021986961364746094
316579,normal,2677,0,1782362327.6557574,0.0019288063049316406
316580,normal,366,0,1782362327.6580017,0.002244234085083008
316581,normal,1006,2,1782362327.6598773,0.0018756389617919922
316582,normal,3438,0,1782362327.661883,0.0020058155059814453
316583,normal,631,0,1782362327.6638694,0.001986265182495117
316584,normal,2833,0,1782362327.6659281,0.002058744430541992
316585,normal,337,0,1782362327.6678786,0.0019505023956298828
316586,normal,2371,0,1782362327.6697924,0.0019137859344482422
316587,normal,2428,0,1782362327.671761,0.0019686222076416016
316588,normal,3324,1,1782362327.6737578,0.001996755599975586
316589,normal,602,0,1782362327.675828,0.002070188522338867
316590,normal,156,0,1782362327.6778038,0.0019757747650146484
316591,normal,255,0,1782362327.679762,0.001958131790161133
316592,normal,1259,0,1782362327.6817486,0.0019867420196533203
316593,normal,1326,1,1782362327.6837447,0.0019960403442382812
316594,normal,2667,0,1782362327.685917,0.002172231674194336
316595,normal,3003,0,1782362327.6881516,0.0022346973419189453
316596,normal,1661,0,1782362327.689811,0.001659393310546875
316597,normal,3671,0,1782362327.6918013,0.0019903182983398438
316598,normal,1234,0,1782362327.6937916,0.0019903182983398438
316599,normal,2233,0,1782362327.6957858,0.0019941329956054688
316600,normal,2605,0,1782362327.6978164,0.002030611038208008
316601,normal,288,0,1782362327.7000167,0.0022003650665283203
316602,normal,3491,0,1782362327.7016804,0.0016636848449707031
316603,normal,184,0,1782362327.7036867,0.0020062923431396484
316604,normal,3319,1,1782362327.7056956,0.0020089149475097656
316605,normal,1943,0,1782362327.7077086,0.002012968063354492
316606,normal,228,0,1782362327.7097661,0.0020575523376464844
316607,normal,77,0,1782362327.7117984,0.0020322799682617188
316608,normal,1040,0,1782362327.7137291,0.0019307136535644531
316609,normal,1480,0,1782362327.7157202,0.0019910335540771484
316610,normal,3046,1,1782362327.71797,0.0022497177124023438
316611,normal,2484,0,1782362327.7204733,0.0025033950805664062
316612,normal,481,0,1782362327.7217295,0.0012562274932861328
316613,normal,1600,0,1782362327.7236912,0.0019617080688476562
316614,normal,1641,0,1782362327.7257624,0.0020711421966552734
316615,normal,3510,0,1782362327.7277613,0.0019989013671875
316616,normal,2852,0,1782362327.7297685,0.0020072460174560547
316617,normal,834,2,1782362327.7318099,0.002041339874267578
316618,normal,1714,0,1782362327.7338264,0.0020165443420410156
316619,normal,1321,1,1782362327.7357342,0.0019078254699707031
316620,normal,533,0,1782362327.7378511,0.0021169185638427734
316621,normal,1211,0,1782362327.7399018,0.002050638198852539
316622,normal,1997,0,1782362327.7416852,0.0017833709716796875
316623,normal,859,2,1782362327.7436368,0.0019516944885253906
316624,normal,2875,0,1782362327.7456837,0.002046823501586914
316625,normal,690,0,1782362327.7476795,0.0019958019256591797
316626,normal,804,2,1782362327.7496758,0.001996278762817383
316627,normal,2896,0,1782362327.7516599,0.001984119415283203
316628,normal,3440,0,1782362327.7536457,0.001985788345336914
316629,normal,1222,0,1782362327.7557085,0.0020627975463867188
316630,normal,2611,0,1782362327.7577217,0.0020132064819335938
316631,normal,3201,1,1782362327.7597659,0.002044200897216797
316632,normal,3620,0,1782362327.7617435,0.001977682113647461
316633,normal,3423,0,1782362327.7636755,0.001931905746459961
316634,normal,2789,0,1782362327.7657187,0.0020432472229003906
316635,normal,2214,0,1782362327.7677257,0.002007007598876953
316636,normal,167,0,1782362327.769771,0.0020453929901123047
316637,normal,1345,1,1782362327.771705,0.0019338130950927734
316638,normal,1779,0,1782362327.7737024,0.0019974708557128906
316639,normal,889,2,1782362327.7757235,0.0020210742950439453
316640,normal,3389,1,1782362327.7776933,0.0019698143005371094
316641,normal,225,0,1782362327.7796857,0.001992464065551758
316642,normal,3338,1,1782362327.7817667,0.0020809173583984375
316643,normal,380,0,1782362327.7836769,0.0019102096557617188
316644,normal,1909,0,1782362327.7859159,0.0022389888763427734
316645,normal,826,2,1782362327.7876303,0.001714468002319336
316646,normal,1765,0,1782362327.7897267,0.002096414566040039
316647,normal,3659,0,1782362327.7917237,0.0019969940185546875
316648,normal,2552,0,1782362327.7937205,0.001996755599975586
316649,normal,3215,1,1782362327.7956731,0.0019526481628417969
316650,normal,1444,0,1782362327.7976985,0.0020253658294677734
316651,normal,1689,0,1782362327.799725,0.0020265579223632812
316652,normal,3535,0,1782362327.801821,0.002095937728881836
316653,normal,1706,0,1782362327.803784,0.001962900161743164
316654,normal,1284,0,1782362327.8058052,0.002021312713623047
316655,normal,1229,0,1782362327.8076556,0.0018503665924072266
316656,normal,3368,1,1782362327.8097134,0.002057790756225586
316657,normal,591,0,1782362327.8117113,0.0019979476928710938
316658,normal,2468,0,1782362327.8137197,0.0020084381103515625
316659,normal,2362,0,1782362327.8157244,0.0020046234130859375
316660,normal,2471,0,1782362327.8176565,0.0019321441650390625
316661,normal,2881,0,1782362327.8198328,0.0021762847900390625
316662,normal,1330,1,1782362327.821827,0.0019941329956054688
316663,normal,1923,0,1782362327.823803,0.00197601318359375
316664,normal,3482,0,1782362327.8257947,0.001991748809814453
316665,normal,2054,0,1782362327.827827,0.0020322799682617188
316666,normal,3573,0,1782362327.8297627,0.001935720443725586
316667,normal,2372,0,1782362327.8318167,0.002053976058959961
316668,normal,1584,0,1782362327.8339784,0.002161741256713867
316669,normal,643,0,1782362327.8356216,0.0016431808471679688
316670,normal,67,0,1782362327.8376372,0.0020155906677246094
316671,normal,3365,1,1782362327.839634,0.001996755599975586
316672,normal,698,0,1782362327.8416588,0.0020248889923095703
316673,normal,1612,0,1782362327.8437505,0.002091646194458008
316674,normal,1372,1,1782362327.845721,0.001970529556274414
316675,normal,2176,0,1782362327.8476386,0.0019176006317138672
316676,normal,2821,0,1782362327.8497248,0.002086162567138672
316677,normal,253,0,1782362327.851911,0.002186298370361328
316678,normal,3025,0,1782362327.8543267,0.0024156570434570312
316679,normal,2480,0,1782362327.8559403,0.001613616943359375
316680,normal,2856,0,1782362327.8577902,0.0018498897552490234
316681,normal,2328,0,1782362327.8596969,0.0019066333770751953
316682,normal,1429,0,1782362327.8617008,0.002003908157348633
316683,normal,3118,1,1782362327.8637033,0.0020024776458740234
316684,normal,2052,0,1782362327.8659098,0.002206563949584961
316685,normal,1667,0,1782362327.867734,0.0018241405487060547
316686,normal,3050,1,1782362327.8697193,0.001985311508178711
316687,normal,443,0,1782362327.8717015,0.0019822120666503906
316688,normal,990,2,1782362327.8736928,0.00199127197265625
316689,normal,530,0,1782362327.8756816,0.0019888877868652344
316690,normal,425,0,1782362327.8778143,0.0021326541900634766
316691,normal,1801,0,1782362327.8797686,0.001954317092895508
316692,normal,1736,0,1782362327.8817575,0.0019888877868652344
316693,normal,2360,0,1782362327.8838272,0.002069711685180664
316694,normal,1237,0,1782362327.886424,0.0025968551635742188
316695,normal,2193,0,1782362327.8879962,0.0015721321105957031
316696,normal,107,0,1782362327.8896716,0.0016753673553466797
316697,normal,1570,0,1782362327.8917398,0.0020682811737060547
316698,normal,2952,0,1782362327.8937635,0.0020236968994140625
316699,normal,203,0,1782362327.8957922,0.0020287036895751953
316700,normal,3130,1,1782362327.8978033,0.0020110607147216797
316701,normal,3093,1,1782362327.9,0.002196788787841797
316702,normal,2853,0,1782362327.9017878,0.0017876625061035156
316703,normal,2071,0,1782362327.9042099,0.0024220943450927734
316704,normal,1266,0,1782362327.9060717,0.0018618106842041016
316705,normal,1969,0,1782362327.9077604,0.0016887187957763672
316706,normal,231,0,1782362327.9096444,0.0018839836120605469
316707,normal,1698,0,1782362327.9116373,0.001992940902709961
316708,normal,3387,1,1782362327.9136994,0.002062082290649414
316709,normal,484,0,1782362327.9156997,0.0020003318786621094
316710,normal,518,0,1782362327.917686,0.001986265182495117
316711,normal,2587,0,1782362327.9197657,0.0020797252655029297
316712,normal,1351,1,1782362327.9217613,0.001995563507080078
316713,normal,1343,1,1782362327.9237924,0.002031087875366211
316714,normal,1020,2,1782362327.9258287,0.0020363330841064453
316715,normal,2839,0,1782362327.9278824,0.0020537376403808594
316716,normal,3192,1,1782362327.9296975,0.0018150806427001953
316717,normal,2808,0,1782362327.9318168,0.002119302749633789
316718,normal,1252,0,1782362327.933852,0.0020351409912109375
316719,normal,1231,0,1782362327.9358687,0.002016782760620117
316720,normal,382,0,1782362327.937888,0.002019166946411133
316721,normal,644,0,1782362327.939672,0.0017840862274169922
316722,normal,1213,0,1782362327.9417748,0.0021028518676757812
316723,normal,1469,0,1782362327.9437766,0.0020017623901367188
316724,normal,3147,1,1782362327.9457479,0.0019712448120117188
316725,normal,1466,0,1782362327.9477763,0.0020284652709960938
316726,normal,3232,1,1782362327.9497762,0.0019998550415039062
316727,normal,750,0,1782362327.9517958,0.002019643783569336
316728,normal,662,0,1782362327.953796,0.002000093460083008
316729,normal,214,0,1782362327.9557788,0.0019829273223876953
316730,normal,786,2,1782362327.9577627,0.0019838809967041016
316731,normal,2862,0,1782362327.9597673,0.0020046234130859375
316732,normal,2649,0,1782362327.961719,0.0019516944885253906
316733,normal,222,0,1782362327.9636986,0.0019795894622802734
316734,normal,2395,0,1782362327.9657612,0.002062559127807617
316735,normal,363,0,1782362327.9677722,0.0020110607147216797
316736,normal,884,2,1782362327.9698107,0.0020384788513183594
316737,normal,736,0,1782362327.9717817,0.001971006393432617
316738,normal,3058,1,1782362327.9737375,0.001955747604370117
316739,normal,302,0,1782362327.9757035,0.0019659996032714844
316740,normal,2947,0,1782362327.9777734,0.0020699501037597656
316741,normal,614,0,1782362327.9796803,0.0019068717956542969
316742,normal,2163,0,1782362327.9816825,0.002002239227294922
316743,normal,2655,0,1782362327.9836466,0.001964092254638672
316744,normal,3486,0,1782362327.9860158,0.0023691654205322266
316745,normal,2374,0,1782362327.987773,0.0017571449279785156
316746,normal,3288,1,1782362327.9899116,0.0021386146545410156
316747,normal,3098,1,1782362327.9918606,0.0019490718841552734
316748,normal,1724,0,1782362327.9941235,0.0022628307342529297
316749,normal,756,0,1782362327.9957676,0.001644134521484375
316750,normal,1505,0,1782362327.9978342,0.0020666122436523438
316751,normal,1643,0,1782362327.9999459,0.002111673355102539
316752,normal,2291,0,1782362328.0018303,0.00188446044921875
316753,normal,2639,0,1782362328.003743,0.0019125938415527344
316754,normal,3322,1,1782362328.0057204,0.0019774436950683594
316755,normal,3383,1,1782362328.0077353,0.0020148754119873047
316756,normal,1513,0,1782362328.0100114,0.002276182174682617
316757,normal,463,0,1782362328.0116782,0.0016667842864990234
316758,normal,754,0,1782362328.013742,0.002063751220703125
316759,normal,3467,0,1782362328.0157611,0.002019166946411133
316760,normal,2377,0,1782362328.01774,0.0019788742065429688
316761,normal,3507,0,1782362328.0200355,0.0022954940795898438
316762,normal,2034,0,1782362328.0220242,0.001988649368286133
316763,normal,2351,0,1782362328.0237823,0.0017580986022949219
316764,normal,2799,0,1782362328.0257754,0.0019931793212890625
316765,normal,3551,0,1782362328.0277162,0.0019407272338867188
316766,normal,1687,0,1782362328.0297632,0.0020470619201660156
316767,normal,965,2,1782362328.0318444,0.002081155776977539
316768,normal,2378,0,1782362328.0337903,0.0019459724426269531
316769,normal,2711,0,1782362328.0356898,0.0018994808197021484
316770,normal,2073,0,1782362328.0377538,0.0020639896392822266
316771,normal,2046,0,1782362328.0397696,0.002015829086303711
316772,normal,410,0,1782362328.0417554,0.001985788345336914
316773,normal,226,0,1782362328.043746,0.0019905567169189453
316774,normal,1452,0,1782362328.0457373,0.00199127197265625
316775,normal,3071,1,1782362328.0477164,0.0019791126251220703
316776,normal,868,2,1782362328.0497088,0.001992464065551758
316777,normal,2916,0,1782362328.0520422,0.002333402633666992
316778,normal,1136,0,1782362328.054399,0.0023567676544189453
316779,normal,2331,0,1782362328.055694,0.0012950897216796875
316780,normal,1545,0,1782362328.0576823,0.0019881725311279297
316781,normal,1735,0,1782362328.0597644,0.0020821094512939453
316782,normal,3197,1,1782362328.0617704,0.002006053924560547
316783,normal,1936,0,1782362328.0637832,0.0020127296447753906
316784,normal,438,0,1782362328.0657516,0.0019683837890625
316785,normal,3206,1,1782362328.067841,0.0020895004272460938
316786,normal,3411,0,1782362328.0696957,0.0018546581268310547
316787,normal,1076,0,1782362328.071858,0.0021622180938720703
316788,normal,2671,0,1782362328.0738661,0.002008199691772461
316789,normal,1982,0,1782362328.0757234,0.0018572807312011719
316790,normal,1449,0,1782362328.0777256,0.002002239227294922
316791,normal,2156,0,1782362328.0797315,0.0020058155059814453
316792,normal,1952,0,1782362328.0817492,0.0020177364349365234
316793,normal,2014,0,1782362328.08381,0.0020608901977539062
316794,normal,3646,0,1782362328.08569,0.0018799304962158203
316795,normal,2255,0,1782362328.0877779,0.002087831497192383
316796,normal,372,0,1782362328.0897715,0.0019936561584472656
316797,normal,3302,1,1782362328.0918334,0.0020618438720703125
316798,normal,1986,0,1782362328.0938597,0.0020263195037841797
316799,normal,3396,1,1782362328.0957923,0.0019326210021972656
316800,normal,1424,0,1782362328.0978231,0.0020308494567871094
316801,normal,3034,0,1782362328.0997198,0.0018966197967529297
316802,normal,3601,0,1782362328.1017368,0.0020170211791992188
316803,normal,2039,0,1782362328.1038544,0.002117633819580078
316804,normal,3632,0,1782362328.105734,0.0018796920776367188
316805,normal,3395,1,1782362328.1077604,0.0020263195037841797
316806,normal,3698,0,1782362328.1097012,0.0019407272338867188
316807,normal,2475,0,1782362328.111692,0.001990795135498047
316808,normal,1366,1,1782362328.1137483,0.0020563602447509766
316809,normal,2676,0,1782362328.1156979,0.0019495487213134766
316810,normal,2244,0,1782362328.1177013,0.0020034313201904297
316811,normal,3578,0,1782362328.1197078,0.00200653076171875
316812,normal,2971,0,1782362328.1217127,0.002004861831665039
316813,normal,431,0,1782362328.1237614,0.0020487308502197266
316814,normal,902,2,1782362328.125759,0.0019974708557128906
316815,normal,3597,0,1782362328.1276948,0.0019359588623046875
316816,normal,2443,0,1782362328.1296792,0.0019843578338623047
316817,normal,2585,0,1782362328.1317496,0.0020704269409179688
316818,normal,2208,0,1782362328.1336825,0.0019328594207763672
316819,normal,2652,0,1782362328.1357176,0.0020351409912109375
316820,normal,659,0,1782362328.1378357,0.0021181106567382812
316821,normal,3089,1,1782362328.1397238,0.0018880367279052734
316822,normal,2818,0,1782362328.141876,0.0021522045135498047
316823,normal,429,0,1782362328.1437285,0.0018525123596191406
316824,normal,1536,0,1782362328.1457,0.0019714832305908203
316825,normal,572,0,1782362328.1477046,0.0020046234130859375
316826,normal,561,0,1782362328.1497672,0.002062559127807617
316827,normal,2872,0,1782362328.151653,0.0018858909606933594
316828,normal,1067,0,1782362328.1537247,0.0020716190338134766
316829,normal,2040,0,1782362328.1556206,0.001895904541015625
316830,normal,3362,1,1782362328.157685,0.0020644664764404297
316831,normal,3021,0,1782362328.1599205,0.00223541259765625
316832,normal,445,0,1782362328.161804,0.0018835067749023438
316833,normal,68,0,1782362328.1638694,0.002065420150756836
316834,normal,946,2,1782362328.1659105,0.0020411014556884766
316835,normal,1933,0,1782362328.167876,0.0019655227661132812
316836,normal,2293,0,1782362328.169886,0.0020101070404052734
316837,normal,2860,0,1782362328.17189,0.002003908157348633
316838,normal,639,0,1782362328.1737728,0.001882791519165039
316839,normal,2188,0,1782362328.1757612,0.0019884109497070312
316840,normal,2848,0,1782362328.1777244,0.0019631385803222656
316841,normal,3297,1,1782362328.1796143,0.001889944076538086
316842,normal,3258,1,1782362328.18165,0.0020356178283691406
316843,normal,435,0,1782362328.1839368,0.0022869110107421875
316844,normal,1514,0,1782362328.185745,0.00180816650390625
316845,normal,3074,1,1782362328.187653,0.0019080638885498047
316846,normal,2723,0,1782362328.1896482,0.001995086669921875
316847,normal,848,2,1782362328.1917217,0.002073526382446289
316848,normal,569,0,1782362328.1939435,0.002221822738647461
316849,normal,1224,0,1782362328.1963089,0.0023653507232666016
316850,normal,510,0,1782362328.1978095,0.0015006065368652344
316851,normal,1086,0,1782362328.1997418,0.001932382583618164
316852,normal,1348,1,1782362328.2017064,0.001964569091796875
316853,normal,2198,0,1782362328.2038152,0.0021088123321533203
316854,normal,1435,0,1782362328.2057078,0.0018925666809082031
316855,normal,2023,0,1782362328.2079065,0.0021986961364746094
316856,normal,1613,0,1782362328.2097936,0.0018870830535888672
316857,normal,1083,0,1782362328.211714,0.001920461654663086
316858,normal,3500,0,1782362328.2136946,0.0019805431365966797
316859,normal,2597,0,1782362328.2156985,0.002003908157348633
316860,normal,635,0,1782362328.2177088,0.002010345458984375
316861,normal,2633,0,1782362328.2197933,0.002084493637084961
316862,normal,1937,0,1782362328.2217913,0.0019979476928710938
316863,normal,254,0,1782362328.2238407,0.0020494461059570312
316864,normal,985,2,1782362328.2257829,0.0019421577453613281
316865,normal,1677,0,1782362328.2278404,0.0020575523376464844
316866,normal,1976,0,1782362328.2304778,0.0026373863220214844
316867,normal,1177,0,1782362328.2319415,0.0014636516571044922
316868,normal,2684,0,1782362328.233686,0.0017445087432861328
316869,normal,211,0,1782362328.2357128,0.002026796340942383
316870,normal,3256,1,1782362328.237754,0.002041339874267578
316871,normal,1725,0,1782362328.2397823,0.002028226852416992
316872,normal,576,0,1782362328.2417865,0.0020041465759277344
316873,normal,2606,0,1782362328.2438495,0.0020630359649658203
316874,normal,981,2,1782362328.2458105,0.0019609928131103516
316875,normal,2589,0,1782362328.2477553,0.0019447803497314453
316876,normal,2185,0,1782362328.2525344,0.00477910041809082
316877,normal,2624,0,1782362328.2527058,0.00017142295837402344
316878,normal,3085,1,1782362328.2536776,0.0009717941284179688
316879,normal,3213,1,1782362328.2558064,0.0021288394927978516
316880,normal,1759,0,1782362328.257685,0.001878499984741211
316881,normal,3361,1,1782362328.2598302,0.0021452903747558594
316882,normal,1481,0,1782362328.2617223,0.00189208984375
316883,normal,3084,1,1782362328.2638216,0.002099275588989258
316884,normal,3198,1,1782362328.2656906,0.0018689632415771484
316885,normal,1493,0,1782362328.2678187,0.002128124237060547
316886,normal,1286,0,1782362328.2697186,0.0018999576568603516
316887,normal,3431,0,1782362328.2718575,0.002138853073120117
316888,normal,1899,0,1782362328.2738376,0.0019800662994384766
316889,normal,3073,1,1782362328.2757308,0.0018932819366455078
316890,normal,3188,1,1782362328.2778578,0.002126932144165039
316891,normal,3379,1,1782362328.2797885,0.0019307136535644531
316892,normal,2906,0,1782362328.2817674,0.0019788742065429688
316893,normal,2125,0,1782362328.283904,0.002136707305908203
316894,normal,1517,0,1782362328.285917,0.002012968063354492
316895,normal,2180,0,1782362328.2876883,0.0017712116241455078
316896,normal,2262,0,1782362328.2898526,0.0021643638610839844
316897,normal,3343,1,1782362328.2918968,0.002044200897216797
316898,normal,943,2,1782362328.2936814,0.0017845630645751953
316899,normal,1112,0,1782362328.295927,0.002245664596557617
316900,normal,1370,1,1782362328.2978613,0.0019342899322509766
316901,normal,546,0,1782362328.2997081,0.0018467903137207031
316902,normal,3259,1,1782362328.3018858,0.002177715301513672
316903,normal,3474,0,1782362328.303832,0.0019462108612060547
316904,normal,2,0,1782362328.305708,0.0018758773803710938
316905,normal,712,0,1782362328.3078434,0.0021355152130126953
316906,normal,137,0,1782362328.309721,0.0018775463104248047
316907,normal,529,0,1782362328.3118396,0.0021185874938964844
316908,normal,2689,0,1782362328.3137884,0.0019488334655761719
316909,normal,1417,0,1782362328.3158658,0.002077341079711914
316910,normal,527,0,1782362328.3177724,0.0019066333770751953
316911,normal,3350,1,1782362328.3200023,0.002229928970336914
316912,normal,2015,0,1782362328.3217492,0.0017468929290771484
316913,normal,1887,0,1782362328.3237305,0.0019812583923339844
316914,normal,1270,0,1782362328.3258529,0.0021224021911621094
316915,normal,3651,0,1782362328.327809,0.0019562244415283203
316916,normal,634,0,1782362328.3297398,0.0019307136535644531
316917,normal,978,2,1782362328.331845,0.002105236053466797
316918,normal,2033,0,1782362328.3337765,0.0019314289093017578
316919,normal,2788,0,1782362328.3357944,0.002017974853515625
316920,normal,2705,0,1782362328.337905,0.0021104812622070312
316921,normal,2812,0,1782362328.3398154,0.0019104480743408203
316922,normal,1867,0,1782362328.3418412,0.0020258426666259766
316923,normal,2367,0,1782362328.34384,0.0019986629486083984
316924,normal,2608,0,1782362328.3459008,0.0020608901977539062
316925,normal,1499,0,1782362328.3477995,0.0018987655639648438
316926,normal,3210,1,1782362328.349824,0.002024412155151367
316927,normal,2181,0,1782362328.35197,0.002146005630493164
316928,normal,370,0,1782362328.3537507,0.0017807483673095703
316929,normal,1803,0,1782362328.3558295,0.0020787715911865234
316930,normal,2183,0,1782362328.357726,0.0018966197967529297
316931,normal,54,0,1782362328.3598146,0.0020885467529296875
316932,normal,821,2,1782362328.3618584,0.0020437240600585938
316933,normal,185,0,1782362328.3637187,0.0018603801727294922
316934,normal,3304,1,1782362328.3658013,0.0020825862884521484
316935,normal,348,0,1782362328.3676789,0.0018775463104248047
316936,normal,1478,0,1782362328.3698013,0.0021224021911621094
316937,normal,963,2,1782362328.371686,0.0018846988677978516
316938,normal,2807,0,1782362328.374363,0.0026769638061523438
316939,normal,199,0,1782362328.3759325,0.001569509506225586
316940,normal,3230,1,1782362328.377712,0.0017795562744140625
316941,normal,2050,0,1782362328.3798149,0.0021028518676757812
316942,normal,2642,0,1782362328.3817441,0.0019292831420898438
316943,normal,2049,0,1782362328.3837118,0.0019676685333251953
316944,normal,3384,1,1782362328.3858955,0.002183675765991211
316945,normal,3552,0,1782362328.3878958,0.0020003318786621094
316946,normal,3461,0,1782362328.3896499,0.0017540454864501953
316947,normal,2709,0,1782362328.3918047,0.002154827117919922
316948,normal,923,2,1782362328.393717,0.0019123554229736328
316949,normal,29,0,1782362328.3958316,0.002114534378051758
316950,normal,2876,0,1782362328.397709,0.0018773078918457031
316951,normal,1061,0,1782362328.399867,0.0021581649780273438
316952,normal,1492,0,1782362328.4017086,0.0018415451049804688
316953,normal,2417,0,1782362328.40382,0.0021114349365234375
316954,normal,2582,0,1782362328.4057236,0.001903533935546875
316955,normal,2387,0,1782362328.4079607,0.002237081527709961
316956,normal,934,2,1782362328.4100735,0.002112865447998047
316957,normal,183,0,1782362328.4117374,0.0016639232635498047
316958,normal,2998,0,1782362328.4136827,0.0019452571868896484
316959,normal,105,0,1782362328.4158273,0.0021445751190185547
316960,normal,1847,0,1782362328.4177806,0.0019533634185791016
316961,normal,790,2,1782362328.4197776,0.0019969940185546875
316962,normal,3026,0,1782362328.421912,0.0021343231201171875
316963,normal,2776,0,1782362328.423953,0.0020411014556884766
316964,normal,709,0,1782362328.4256759,0.0017228126525878906
316965,normal,475,0,1782362328.4279566,0.002280712127685547
316966,normal,1559,0,1782362328.4299672,0.0020105838775634766
316967,normal,2197,0,1782362328.4317195,0.0017523765563964844
316968,normal,0,0,1782362328.4338205,0.0021009445190429688
316969,normal,866,2,1782362328.4357827,0.0019621849060058594
316970,normal,1580,0,1782362328.4377012,0.0019185543060302734
316971,normal,2687,0,1782362328.43983,0.0021288394927978516
316972,normal,794,2,1782362328.4417343,0.0019042491912841797
316973,normal,1277,0,1782362328.443821,0.002086639404296875
316974,normal,1588,0,1782362328.4456825,0.001861572265625
316975,normal,2426,0,1782362328.4478202,0.0021376609802246094
316976,normal,1927,0,1782362328.4497375,0.0019173622131347656
316977,normal,256,0,1782362328.4518728,0.0021352767944335938
316978,normal,1734,0,1782362328.4538035,0.0019307136535644531
316979,normal,2423,0,1782362328.455676,0.0018725395202636719
316980,normal,3275,1,1782362328.457847,0.002171039581298828
316981,normal,3234,1,1782362328.45979,0.0019428730010986328
316982,normal,2237,0,1782362328.4618058,0.002015829086303711
316983,normal,2560,0,1782362328.4638608,0.002054929733276367
316984,normal,36,0,1782362328.4657133,0.0018525123596191406
316985,normal,2757,0,1782362328.467819,0.002105712890625
316986,normal,1434,0,1782362328.4697037,0.0018846988677978516
316987,normal,2187,0,1782362328.4718318,0.002128124237060547
316988,normal,2491,0,1782362328.4737449,0.0019130706787109375
316989,normal,1047,0,1782362328.4758437,0.0020987987518310547
316990,normal,803,2,1782362328.4777567,0.0019130706787109375
316991,normal,195,0,1782362328.479821,0.002064228057861328
316992,normal,2878,0,1782362328.481689,0.0018680095672607422
316993,normal,2953,0,1782362328.4838147,0.0021257400512695312
316994,normal,2706,0,1782362328.4856737,0.0018589496612548828
316995,normal,3378,1,1782362328.4877388,0.0020651817321777344
316996,normal,2139,0,1782362328.4897325,0.0019936561584472656
316997,normal,2806,0,1782362328.4916465,0.0019140243530273438
316998,normal,378,0,1782362328.493774,0.002127408981323242
316999,normal,3273,1,1782362328.49572,0.0019459724426269531
317000,normal,3102,1,1782362328.4977918,0.002071857452392578
317001,normal,3516,0,1782362328.4997249,0.0019330978393554688
317002,normal,3222,1,1782362328.501771,0.0020461082458496094
317003,normal,3375,1,1782362328.5036972,0.0019261837005615234
317004,normal,2997,0,1782362328.505684,0.0019867420196533203
317005,normal,589,0,1782362328.5077481,0.002064228057861328
317006,normal,2899,0,1782362328.5096421,0.0018939971923828125
317007,normal,539,0,1782362328.511748,0.0021059513092041016
317008,normal,79,0,1782362328.5137367,0.001988649368286133
317009,normal,2981,0,1782362328.5159156,0.0021789073944091797
317010,normal,2999,0,1782362328.5177445,0.001828908920288086
317011,normal,2056,0,1782362328.5198805,0.0021359920501708984
317012,normal,3605,0,1782362328.5217931,0.0019125938415527344
317013,normal,814,2,1782362328.5238578,0.0020647048950195312
317014,normal,1304,0,1782362328.5258346,0.0019767284393310547
317015,normal,2607,0,1782362328.527737,0.0019023418426513672
317016,normal,1849,0,1782362328.5297549,0.002017974853515625
317017,normal,2117,0,1782362328.5319948,0.0022399425506591797
317018,normal,305,0,1782362328.5336509,0.0016560554504394531
317019,normal,3545,0,1782362328.5357418,0.002090930938720703
317020,normal,683,0,1782362328.5377357,0.001993894577026367
317021,normal,1676,0,1782362328.5397346,0.0019989013671875
317022,normal,715,0,1782362328.541849,0.0021142959594726562
317023,normal,292,0,1782362328.5438352,0.001986265182495117
317024,normal,498,0,1782362328.5457401,0.0019049644470214844
317025,normal,3070,1,1782362328.5477319,0.001991748809814453
317026,normal,1308,0,1782362328.5497978,0.002065896987915039
317027,normal,2785,0,1782362328.5519114,0.0021135807037353516
317028,normal,2087,0,1782362328.5541697,0.00225830078125
317029,normal,2646,0,1782362328.555739,0.0015692710876464844
317030,normal,3061,1,1782362328.5578387,0.002099752426147461
317031,normal,279,0,1782362328.5596855,0.0018467903137207031
317032,normal,1563,0,1782362328.561848,0.002162456512451172
317033,normal,1464,0,1782362328.5637655,0.0019176006317138672
317034,normal,3683,0,1782362328.565983,0.002217531204223633
317035,normal,3163,1,1782362328.5676975,0.001714468002319336
317036,normal,3416,0,1782362328.569817,0.0021195411682128906
317037,normal,1791,0,1782362328.571683,0.0018658638000488281
317038,normal,35,0,1782362328.5738251,0.002142190933227539
317039,normal,1301,0,1782362328.575779,0.0019538402557373047
317040,normal,329,0,1782362328.5778072,0.002028226852416992
317041,normal,2719,0,1782362328.5798066,0.001999378204345703
317042,normal,537,0,1782362328.581804,0.0019974708557128906
317043,normal,1023,2,1782362328.5837815,0.0019774436950683594
317044,normal,1455,0,1782362328.5859044,0.0021228790283203125
317045,normal,701,0,1782362328.588221,0.002316713333129883
317046,normal,2067,0,1782362328.590028,0.0018069744110107422
317047,normal,1792,0,1782362328.5916288,0.0016007423400878906
317048,normal,1346,1,1782362328.5937486,0.002119779586791992
317049,normal,1593,0,1782362328.5957131,0.001964569091796875
317050,normal,2596,0,1782362328.5977552,0.002042055130004883
317051,normal,1917,0,1782362328.5998528,0.002097606658935547
317052,normal,3274,1,1782362328.6017275,0.001874685287475586
317053,normal,1350,1,1782362328.6038718,0.002144336700439453
317054,normal,73,0,1782362328.6056504,0.0017786026000976562
317055,normal,1911,0,1782362328.6077654,0.002115011215209961
317056,normal,1152,0,1782362328.609785,0.002019643783569336
317057,normal,3475,0,1782362328.6116817,0.0018966197967529297
317058,normal,2113,0,1782362328.613648,0.001966238021850586
317059,normal,1334,1,1782362328.6157296,0.002081632614135742
317060,normal,2495,0,1782362328.6177492,0.002019643783569336
317061,normal,1549,0,1782362328.6196864,0.0019371509552001953
317062,normal,2915,0,1782362328.6217406,0.0020542144775390625
317063,normal,626,0,1782362328.623658,0.0019173622131347656
317064,normal,1915,0,1782362328.6256537,0.0019958019256591797
317065,normal,3143,1,1782362328.627761,0.0021071434020996094
317066,normal,953,2,1782362328.6297348,0.001973867416381836
317067,normal,2028,0,1782362328.631722,0.0019872188568115234
317068,normal,1665,0,1782362328.6337523,0.0020303726196289062
317069,normal,899,2,1782362328.6356711,0.001918792724609375
317070,normal,1298,0,1782362328.6377046,0.0020334720611572266
317071,normal,90,0,1782362328.63979,0.002085447311401367
317072,normal,3400,1,1782362328.6417332,0.0019431114196777344
317073,normal,2869,0,1782362328.6436753,0.0019421577453613281
317074,normal,165,0,1782362328.6457455,0.002070188522338867
317075,normal,433,0,1782362328.647736,0.0019905567169189453
317076,normal,863,2,1782362328.6496744,0.0019383430480957031
317077,normal,103,0,1782362328.651749,0.0020744800567626953
317078,normal,2504,0,1782362328.6536798,0.0019309520721435547
317079,normal,3544,0,1782362328.6556816,0.0020017623901367188
317080,normal,841,2,1782362328.6577594,0.002077817916870117
317081,normal,2272,0,1782362328.6597023,0.0019428730010986328
317082,normal,2614,0,1782362328.6617336,0.0020313262939453125
317083,normal,3492,0,1782362328.6637263,0.0019927024841308594
317084,normal,2483,0,1782362328.6657333,0.002007007598876953
317085,normal,465,0,1782362328.6676574,0.0019240379333496094
317086,normal,1111,0,1782362328.6697333,0.0020759105682373047
317087,normal,1529,0,1782362328.671743,0.0020096302032470703
317088,normal,2280,0,1782362328.6737037,0.00196075439453125
317089,normal,1931,0,1782362328.6757717,0.002068042755126953
317090,normal,1898,0,1782362328.6777325,0.00196075439453125
317091,normal,1099,0,1782362328.679709,0.001976490020751953
317092,normal,1094,0,1782362328.6817477,0.002038717269897461
317093,normal,1994,0,1782362328.6836774,0.0019297599792480469
317094,normal,2178,0,1782362328.6857107,0.002033233642578125
317095,normal,141,0,1782362328.687755,0.0020444393157958984
317096,normal,711,0,1782362328.689646,0.0018908977508544922
317097,normal,3066,1,1782362328.6917293,0.002083301544189453
317098,normal,3253,1,1782362328.6937277,0.001998424530029297
317099,normal,666,0,1782362328.6958003,0.002072572708129883
317100,normal,2904,0,1782362328.6977127,0.0019123554229736328
317101,normal,1199,0,1782362328.699766,0.0020532608032226562
317102,normal,2909,0,1782362328.7017171,0.0019512176513671875
317103,normal,1162,0,1782362328.7038138,0.0020966529846191406
317104,normal,142,0,1782362328.7057066,0.0018928050994873047
317105,normal,722,0,1782362328.707828,0.002121448516845703
317106,normal,3493,0,1782362328.7097452,0.001917123794555664
317107,normal,3463,0,1782362328.7117655,0.0020203590393066406
317108,normal,285,0,1782362328.7136424,0.0018768310546875
317109,normal,2228,0,1782362328.7157164,0.002074003219604492
317110,normal,2543,0,1782362328.7177172,0.0020008087158203125
317111,normal,311,0,1782362328.7198524,0.0021352767944335938
317112,normal,1705,0,1782362328.7216425,0.0017900466918945312
317113,normal,3314,1,1782362328.7237246,0.0020821094512939453
317114,normal,812,2,1782362328.725747,0.0020225048065185547
317115,normal,3287,1,1782362328.7276907,0.0019435882568359375
317116,normal,1184,0,1782362328.7297444,0.0020537376403808594
317117,normal,3298,1,1782362328.732226,0.0024814605712890625
317118,normal,2134,0,1782362328.7337952,0.0015692710876464844
317119,normal,3557,0,1782362328.7356508,0.001855611801147461
317120,normal,2576,0,1782362328.737729,0.0020782947540283203
317121,normal,3425,0,1782362328.7396717,0.0019426345825195312
317122,normal,1618,0,1782362328.741751,0.0020792484283447266
317123,normal,2931,0,1782362328.7437572,0.0020062923431396484
317124,normal,2760,0,1782362328.745749,0.001991748809814453
317125,normal,601,0,1782362328.7477283,0.001979351043701172
317126,normal,3328,1,1782362328.7497265,0.0019981861114501953
317127,normal,532,0,1782362328.751658,0.0019314289093017578
317128,normal,3104,1,1782362328.7537384,0.0020804405212402344
317129,normal,3149,1,1782362328.7556775,0.0019390583038330078
317130,normal,1148,0,1782362328.7577028,0.0020253658294677734
317131,normal,2451,0,1782362328.7597497,0.002046823501586914
317132,normal,3155,1,1782362328.7616522,0.0019025802612304688
317133,normal,2160,0,1782362328.7638109,0.002158641815185547
317134,normal,1798,0,1782362328.7662778,0.002466917037963867
317135,normal,177,0,1782362328.7677424,0.0014646053314208984
317136,normal,333,0,1782362328.7696443,0.001901865005493164
317137,normal,932,2,1782362328.7717402,0.002095937728881836
317138,normal,480,0,1782362328.773686,0.0019457340240478516
317139,normal,3562,0,1782362328.775783,0.0020971298217773438
317140,normal,2622,0,1782362328.7777193,0.001936197280883789
317141,normal,1707,0,1782362328.779737,0.0020177364349365234
317142,normal,1710,0,1782362328.7817671,0.0020301342010498047
317143,normal,1908,0,1782362328.7836795,0.0019123554229736328
317144,normal,2548,0,1782362328.7857616,0.0020821094512939453
317145,normal,2463,0,1782362328.7877872,0.002025604248046875
317146,normal,1419,0,1782362328.789627,0.0018398761749267578
317147,normal,1590,0,1782362328.791839,0.0022118091583251953
317148,normal,2020,0,1782362328.7936845,0.0018455982208251953
317149,normal,3518,0,1782362328.7958164,0.002131938934326172
317150,normal,3415,0,1782362328.7977004,0.0018839836120605469
317151,normal,1498,0,1782362328.799818,0.002117633819580078
317152,normal,1843,0,1782362328.801696,0.0018780231475830078
317153,normal,3221,1,1782362328.8038046,0.0021085739135742188
317154,normal,1109,0,1782362328.8057175,0.001912832260131836
317155,normal,3128,1,1782362328.8078935,0.002176046371459961
317156,normal,207,0,1782362328.809761,0.001867532730102539
317157,normal,3412,0,1782362328.8118715,0.0021104812622070312
317158,normal,988,2,1782362328.8136835,0.001811981201171875
317159,normal,1701,0,1782362328.8158426,0.00215911865234375
317160,normal,349,0,1782362328.8177524,0.0019097328186035156
317161,normal,8,0,1782362328.8198829,0.0021305084228515625
317162,normal,3640,0,1782362328.8217359,0.0018529891967773438
317163,normal,2546,0,1782362328.8238142,0.0020782947540283203
317164,normal,1731,0,1782362328.8257077,0.0018935203552246094
317165,normal,703,0,1782362328.8278408,0.0021331310272216797
317166,normal,1168,0,1782362328.829703,0.0018622875213623047
317167,normal,2759,0,1782362328.8318343,0.002131223678588867
317168,normal,1557,0,1782362328.8337073,0.001873016357421875
317169,normal,2810,0,1782362328.835843,0.002135753631591797
317170,normal,1132,0,1782362328.8378587,0.0020155906677246094
317171,normal,2161,0,1782362328.8396938,0.0018351078033447266
317172,normal,1819,0,1782362328.8418117,0.0021178722381591797
317173,normal,3655,0,1782362328.8436947,0.0018830299377441406
317174,normal,2279,0,1782362328.8458195,0.002124786376953125
317175,normal,1251,0,1782362328.8476999,0.0018804073333740234
317176,normal,3121,1,1782362328.8498154,0.002115488052368164
317177,normal,2260,0,1782362328.851735,0.0019197463989257812
317178,normal,1221,0,1782362328.8537755,0.002040386199951172
317179,normal,2370,0,1782362328.8559709,0.0021953582763671875
317180,normal,654,0,1782362328.8579419,0.001971006393432617
317181,normal,1895,0,1782362328.8598676,0.0019257068634033203
317182,normal,2382,0,1782362328.8618648,0.001997232437133789
317183,normal,3581,0,1782362328.8638525,0.0019876956939697266
317184,normal,1813,0,1782362328.8659542,0.0021016597747802734
317185,normal,2538,0,1782362328.8677845,0.0018303394317626953
317186,normal,3680,0,1782362328.8698015,0.0020170211791992188
317187,normal,901,2,1782362328.8719046,0.002103090286254883
317188,normal,961,2,1782362328.8739164,0.0020117759704589844
317189,normal,1305,0,1782362328.8758323,0.0019159317016601562
317190,normal,1382,0,1782362328.8778987,0.002066373825073242
317191,normal,1354,1,1782362328.8798947,0.0019960403442382812
317192,normal,633,0,1782362328.8819354,0.0020406246185302734
317193,normal,2739,0,1782362328.8838997,0.0019643306732177734
317194,normal,668,0,1782362328.8857424,0.0018427371978759766
317195,normal,694,0,1782362328.8877075,0.001965045928955078
317196,normal,1291,0,1782362328.8897495,0.002042055130004883
317197,normal,928,2,1782362328.8919122,0.0021626949310302734
317198,normal,1633,0,1782362328.8937,0.0017876625061035156
317199,normal,3054,1,1782362328.8957589,0.0020589828491210938
317200,normal,951,2,1782362328.897713,0.0019540786743164062
317201,normal,1678,0,1782362328.8998442,0.002131223678588867
317202,normal,217,0,1782362328.901888,0.0020437240600585938
317203,normal,2745,0,1782362328.9038641,0.0019762516021728516
317204,normal,1397,0,1782362328.905795,0.0019309520721435547
317205,normal,273,0,1782362328.907687,0.0018918514251708984
317206,normal,1781,0,1782362328.9096904,0.0020034313201904297
317207,normal,2828,0,1782362328.911981,0.0022907257080078125
317208,normal,2376,0,1782362328.9141731,0.0021920204162597656
317209,normal,645,0,1782362328.915985,0.001811981201171875
317210,normal,312,0,1782362328.9178083,0.0018231868743896484
317211,normal,1719,0,1782362328.9199185,0.0021102428436279297
317212,normal,1527,0,1782362328.9219346,0.0020160675048828125
317213,normal,461,0,1782362328.923835,0.0019004344940185547
317214,normal,3670,0,1782362328.926015,0.002179861068725586
317215,normal,1842,0,1782362328.9278944,0.0018794536590576172
317216,normal,1761,0,1782362328.929822,0.0019276142120361328
317217,normal,2588,0,1782362328.9319038,0.0020818710327148438
317218,normal,1385,0,1782362328.9338768,0.0019729137420654297
317219,normal,296,0,1782362328.9358118,0.0019350051879882812
317220,normal,971,2,1782362328.9379382,0.002126455307006836
317221,normal,205,0,1782362328.9399881,0.0020499229431152344
317222,normal,516,0,1782362328.9417813,0.0017931461334228516
317223,normal,3505,0,1782362328.9439313,0.0021500587463378906
317224,normal,1598,0,1782362328.945955,0.0020236968994140625
317225,normal,3556,0,1782362328.9484005,0.0024454593658447266
317226,normal,827,2,1782362328.9504175,0.0020170211791992188
317227,normal,3685,0,1782362328.9517493,0.0013318061828613281
317228,normal,1790,0,1782362328.9538898,0.002140522003173828
317229,normal,661,0,1782362328.9558427,0.0019528865814208984
317230,normal,583,0,1782362328.9578855,0.0020427703857421875
317231,normal,1597,0,1782362328.9599252,0.002039670944213867
317232,normal,2032,0,1782362328.9619203,0.001995086669921875
317233,normal,2935,0,1782362328.9639902,0.0020699501037597656
317234,normal,411,0,1782362328.9658332,0.0018429756164550781
317235,normal,3541,0,1782362328.9681451,0.0023119449615478516
317236,normal,1080,0,1782362328.9701157,0.001970529556274414
317237,normal,3381,1,1782362328.9717515,0.0016357898712158203
317238,normal,905,2,1782362328.9738991,0.002147674560546875
317239,normal,1027,2,1782362328.9758997,0.002000570297241211
317240,normal,3589,0,1782362328.9778209,0.0019211769104003906
317241,normal,1248,0,1782362328.9798703,0.0020494461059570312
317242,normal,1692,0,1782362328.9818873,0.0020170211791992188
317243,normal,3369,1,1782362328.983728,0.0018405914306640625
317244,normal,3243,1,1782362328.98583,0.0021021366119384766
317245,normal,2462,0,1782362328.9878504,0.0020203590393066406
317246,normal,638,0,1782362328.9899042,0.0020537376403808594
317247,normal,2635,0,1782362328.9918883,0.001984119415283203
317248,normal,2482,0,1782362328.9938471,0.0019588470458984375
317249,normal,3372,1,1782362328.9957619,0.0019147396087646484
317250,normal,1704,0,1782362328.9978256,0.002063751220703125
317251,normal,2957,0,1782362328.9997945,0.001968860626220703
317252,normal,3042,0,1782362329.001763,0.0019686222076416016
317253,normal,494,0,1782362329.003847,0.0020837783813476562
317254,normal,3060,1,1782362329.005756,0.001909017562866211
317255,normal,2905,0,1782362329.0078323,0.002076387405395508
317256,normal,1293,0,1782362329.0098,0.0019676685333251953
317257,normal,155,0,1782362329.0118616,0.002061605453491211
317258,normal,224,0,1782362329.0137093,0.0018477439880371094
317259,normal,1713,0,1782362329.0158064,0.0020971298217773438
317260,normal,262,0,1782362329.017882,0.002075672149658203
317261,normal,2502,0,1782362329.0198863,0.0020041465759277344
317262,normal,1031,0,1782362329.021804,0.0019178390502929688
317263,normal,2593,0,1782362329.0238388,0.0020346641540527344
317264,normal,3012,0,1782362329.0257585,0.0019197463989257812
317265,normal,3199,1,1782362329.0277972,0.002038717269897461
317266,normal,320,0,1782362329.0298371,0.0020399093627929688
317267,normal,3349,1,1782362329.0316935,0.0018563270568847656
317268,normal,743,0,1782362329.0338273,0.0021338462829589844
317269,normal,2535,0,1782362329.0358088,0.001981496810913086
317270,normal,2359,0,1782362329.0378582,0.0020494461059570312
317271,normal,3238,1,1782362329.03988,0.00202178955078125
317272,normal,1355,1,1782362329.0417917,0.0019116401672363281
317273,normal,3543,0,1782362329.0438108,0.002019166946411133
317274,normal,3331,1,1782362329.0458152,0.002004384994506836
317275,normal,1629,0,1782362329.0478716,0.0020563602447509766
317276,normal,1918,0,1782362329.049749,0.0018773078918457031
317277,normal,2231,0,1782362329.0517426,0.0019936561584472656
317278,normal,2762,0,1782362329.05384,0.0020973682403564453
317279,normal,2648,0,1782362329.0558705,0.002030611038208008
317280,normal,3458,0,1782362329.0578754,0.002004861831665039
317281,normal,3366,1,1782362329.0598292,0.0019538402557373047
317282,normal,838,2,1782362329.061901,0.002071857452392578
317283,normal,3445,0,1782362329.0638745,0.001973390579223633
317284,normal,1504,0,1782362329.065843,0.0019686222076416016
317285,normal,3548,0,1782362329.0678627,0.002019643783569336
317286,normal,247,0,1782362329.069893,0.0020301342010498047
317287,normal,482,0,1782362329.0719442,0.0020513534545898438
317288,normal,3309,1,1782362329.0737972,0.0018529891967773438
317289,normal,121,0,1782362329.0757399,0.0019426345825195312
317290,normal,3686,0,1782362329.0777543,0.0020143985748291016
317291,normal,60,0,1782362329.0796802,0.0019259452819824219
317292,normal,3191,1,1782362329.0819159,0.0022356510162353516
317293,normal,3067,1,1782362329.0837502,0.0018343925476074219
317294,normal,2346,0,1782362329.0858169,0.0020666122436523438
317295,normal,2473,0,1782362329.0877645,0.001947641372680664
317296,normal,3514,0,1782362329.0898273,0.0020627975463867188
317297,normal,2817,0,1782362329.0921004,0.002273082733154297
317298,normal,280,0,1782362329.0940464,0.0019459724426269531
317299,normal,735,0,1782362329.095821,0.0017745494842529297
317300,normal,3239,1,1782362329.0978105,0.001989603042602539
317301,normal,3700,0,1782362329.0997808,0.0019702911376953125
317302,normal,1206,0,1782362329.1018412,0.002060413360595703
317303,normal,910,2,1782362329.1038127,0.0019714832305908203
317304,normal,223,0,1782362329.1059096,0.002096891403198242
317305,normal,240,0,1782362329.1078193,0.0019097328186035156
317306,normal,1721,0,1782362329.1098034,0.001984119415283203
317307,normal,2080,0,1782362329.1117735,0.001970052719116211
317308,normal,3247,1,1782362329.1138535,0.0020799636840820312
317309,normal,2301,0,1782362329.1158066,0.001953125
317310,normal,1381,1,1782362329.1178124,0.0020058155059814453
317311,normal,1056,0,1782362329.1198874,0.0020749568939208984
317312,normal,2841,0,1782362329.12171,0.0018227100372314453
317313,normal,3348,1,1782362329.1237729,0.0020627975463867188
317314,normal,323,0,1782362329.125952,0.0021791458129882812
317315,normal,536,0,1782362329.128215,0.0022630691528320312
317316,normal,2595,0,1782362329.1299622,0.00174713134765625
317317,normal,892,2,1782362329.131751,0.0017888545989990234
317318,normal,13,0,1782362329.1338317,0.002080678939819336
317319,normal,495,0,1782362329.1358078,0.00197601318359375
317320,normal,2825,0,1782362329.1379094,0.0021016597747802734
317321,normal,739,0,1782362329.139764,0.0018546581268310547
317322,normal,2499,0,1782362329.1418939,0.002129793167114258
317323,normal,2334,0,1782362329.1439126,0.0020186901092529297
317324,normal,3119,1,1782362329.145748,0.0018353462219238281
317325,normal,1163,0,1782362329.1479208,0.0021729469299316406
317326,normal,3052,1,1782362329.149863,0.0019421577453613281
317327,normal,3386,1,1782362329.151827,0.001964092254638672
317328,normal,2625,0,1782362329.1537738,0.0019466876983642578
317329,normal,1696,0,1782362329.1558294,0.002055644989013672
317330,normal,2742,0,1782362329.1578364,0.002007007598876953
317331,normal,2236,0,1782362329.1598148,0.0019783973693847656
317332,normal,767,0,1782362329.1618412,0.0020263195037841797
317333,normal,586,0,1782362329.1637228,0.0018815994262695312
317334,normal,3538,0,1782362329.165783,0.0020601749420166016
317335,normal,2072,0,1782362329.1678813,0.0020983219146728516
317336,normal,2980,0,1782362329.1697516,0.0018703937530517578
317337,normal,3464,0,1782362329.1718621,0.0021104812622070312
317338,normal,684,0,1782362329.173809,0.0019469261169433594
317339,normal,3335,1,1782362329.1757958,0.0019867420196533203
317340,normal,675,0,1782362329.177842,0.0020461082458496094
317341,normal,1316,0,1782362329.1798258,0.0019838809967041016
317342,normal,969,2,1782362329.1818633,0.002037525177001953
317343,normal,2097,0,1782362329.1838264,0.0019631385803222656
317344,normal,852,2,1782362329.185773,0.0019464492797851562
317345,normal,2356,0,1782362329.187788,0.0020151138305664062
317346,normal,616,0,1782362329.1897895,0.002001523971557617
317347,normal,2616,0,1782362329.1918437,0.0020542144775390625
317348,normal,3701,0,1782362329.1937077,0.0018639564514160156
317349,normal,2553,0,1782362329.195818,0.0021102428436279297
317350,normal,3139,1,1782362329.1977963,0.0019783973693847656
317351,normal,1762,0,1782362329.1998837,0.0020873546600341797
317352,normal,1409,0,1782362329.201798,0.0019142627716064453
317353,normal,1537,0,1782362329.2037828,0.001984834671020508
317354,normal,2243,0,1782362329.2057881,0.002005338668823242
317355,normal,2365,0,1782362329.207789,0.0020008087158203125
317356,normal,1572,0,1782362329.209773,0.001984119415283203
317357,normal,2289,0,1782362329.2117465,0.001973390579223633
317358,normal,267,0,1782362329.213835,0.0020885467529296875
317359,normal,2958,0,1782362329.215811,0.00197601318359375
317360,normal,2306,0,1782362329.2178662,0.0020551681518554688
317361,normal,1599,0,1782362329.2198699,0.0020036697387695312
317362,normal,673,0,1782362329.2217944,0.0019245147705078125
317363,normal,734,0,1782362329.2238133,0.0020189285278320312
317364,normal,2866,0,1782362329.225828,0.002014636993408203
317365,normal,3096,1,1782362329.2277765,0.0019485950469970703
317366,normal,791,2,1782362329.2297995,0.002022981643676758
317367,normal,2350,0,1782362329.2317462,0.0019466876983642578
317368,normal,1071,0,1782362329.2338362,0.002089977264404297
317369,normal,15,0,1782362329.2360187,0.002182483673095703
317370,normal,3658,0,1782362329.2378528,0.0018341541290283203
317371,normal,1059,0,1782362329.2398198,0.0019669532775878906
317372,normal,330,0,1782362329.241907,0.002087116241455078
317373,normal,3707,0,1782362329.243872,0.001965045928955078
317374,normal,1794,0,1782362329.2458415,0.001969575881958008
317375,normal,3653,0,1782362329.247862,0.002020597457885742
317376,normal,3633,0,1782362329.249895,0.0020329952239990234
317377,normal,1723,0,1782362329.2518964,0.0020012855529785156
317378,normal,1134,0,1782362329.2537282,0.0018317699432373047
317379,normal,2703,0,1782362329.2558355,0.002107381820678711
317380,normal,1461,0,1782362329.2578304,0.0019948482513427734
317381,normal,1992,0,1782362329.2597373,0.0019068717956542969
317382,normal,508,0,1782362329.2618756,0.002138376235961914
317383,normal,2884,0,1782362329.2637722,0.0018966197967529297
317384,normal,1535,0,1782362329.2657716,0.001999378204345703
317385,normal,1715,0,1782362329.2677746,0.0020029544830322266
317386,normal,140,0,1782362329.2698205,0.002045869827270508
317387,normal,515,0,1782362329.2721689,0.0023484230041503906
317388,normal,3019,0,1782362329.2740214,0.0018525123596191406
317389,normal,3252,1,1782362329.2758067,0.0017852783203125
317390,normal,3624,0,1782362329.2778082,0.002001523971557617
317391,normal,216,0,1782362329.2798026,0.0019943714141845703
317392,normal,504,0,1782362329.2818558,0.0020532608032226562
317393,normal,3300,1,1782362329.2837956,0.0019397735595703125
317394,normal,1875,0,1782362329.2858834,0.002087831497192383
317395,normal,3481,0,1782362329.287797,0.0019135475158691406
317396,normal,3435,0,1782362329.2897823,0.001985311508178711
317397,normal,1832,0,1782362329.29182,0.0020377635955810547
317398,normal,573,0,1782362329.293778,0.0019578933715820312
317399,normal,295,0,1782362329.2958171,0.002039194107055664
317400,normal,3242,1,1782362329.2978325,0.002015352249145508
317401,normal,356,0,1782362329.3000174,0.0021848678588867188
317402,normal,386,0,1782362329.301734,0.00171661376953125
317403,normal,1757,0,1782362329.3038106,0.0020766258239746094
317404,normal,1897,0,1782362329.3058913,0.002080678939819336
317405,normal,1979,0,1782362329.3083506,0.002459287643432617
317406,normal,1546,0,1782362329.3098545,0.0015039443969726562
317407,normal,3164,1,1782362329.3118682,0.002013683319091797
317408,normal,2764,0,1782362329.3138022,0.001934051513671875
317409,normal,2874,0,1782362329.3158457,0.002043485641479492
317410,normal,590,0,1782362329.3178313,0.0019855499267578125
317411,normal,2235,0,1782362329.319874,0.0020427703857421875
317412,normal,2186,0,1782362329.3218977,0.0020236968994140625
317413,normal,491,0,1782362329.3239486,0.0020508766174316406
317414,normal,439,0,1782362329.325827,0.0018782615661621094
317415,normal,1919,0,1782362329.3278437,0.002016782760620117
317416,normal,2775,0,1782362329.329934,0.0020902156829833984
317417,normal,1411,0,1782362329.3317525,0.0018186569213867188
317418,normal,2665,0,1782362329.3337946,0.002042055130004883
317419,normal,2594,0,1782362329.3358438,0.0020492076873779297
317420,normal,2925,0,1782362329.3377974,0.001953601837158203
317421,normal,88,0,1782362329.3398037,0.0020062923431396484
317422,normal,2755,0,1782362329.341858,0.0020542144775390625
317423,normal,3496,0,1782362329.3437972,0.0019392967224121094
317424,normal,2311,0,1782362329.3457992,0.0020020008087158203
317425,normal,2352,0,1782362329.3478854,0.002086162567138672
317426,normal,3167,1,1782362329.3499339,0.002048492431640625
317427,normal,2407,0,1782362329.3519065,0.001972675323486328
317428,normal,2121,0,1782362329.3537288,0.0018222332000732422
317429,normal,1784,0,1782362329.3557744,0.0020456314086914062
317430,normal,2485,0,1782362329.3578563,0.0020818710327148438
317431,normal,2558,0,1782362329.3598454,0.001989126205444336
317432,normal,1855,0,1782362329.3618891,0.0020437240600585938
317433,normal,1401,0,1782362329.3638747,0.0019855499267578125
317434,normal,118,0,1782362329.3658526,0.0019779205322265625
317435,normal,2177,0,1782362329.367817,0.0019643306732177734
317436,normal,1133,0,1782362329.369837,0.002020120620727539
317437,normal,483,0,1782362329.3718727,0.0020356178283691406
317438,normal,1942,0,1782362329.3737314,0.0018587112426757812
317439,normal,960,2,1782362329.3758316,0.002100229263305664
317440,normal,2307,0,1782362329.3778067,0.0019750595092773438
317441,normal,1645,0,1782362329.3799474,0.0021407604217529297
317442,normal,3579,0,1782362329.3818095,0.0018620491027832031
317443,normal,3111,1,1782362329.3838594,0.0020499229431152344
317444,normal,59,0,1782362329.3858256,0.001966238021850586
317445,normal,375,0,1782362329.387806,0.001980304718017578
317446,normal,876,2,1782362329.3897789,0.0019729137420654297
317447,normal,1585,0,1782362329.3917882,0.0020093917846679688
317448,normal,3418,0,1782362329.3938417,0.002053499221801758
317449,normal,2583,0,1782362329.3958282,0.0019865036010742188
317450,normal,2800,0,1782362329.3978724,0.002044200897216797
317451,normal,1586,0,1782362329.399886,0.0020134449005126953
317452,normal,2506,0,1782362329.4018195,0.0019335746765136719
317453,normal,2849,0,1782362329.4037445,0.0019249916076660156
317454,normal,1114,0,1782362329.4058442,0.002099752426147461
317455,normal,1823,0,1782362329.407797,0.0019528865814208984
317456,normal,359,0,1782362329.4098332,0.0020360946655273438
317457,normal,2811,0,1782362329.4117913,0.001958131790161133
317458,normal,2751,0,1782362329.4138463,0.002054929733276367
317459,normal,149,0,1782362329.4158957,0.0020494461059570312
317460,normal,2834,0,1782362329.4178627,0.0019669532775878906
317461,normal,1458,0,1782362329.419834,0.0019712448120117188
317462,normal,867,2,1782362329.4219184,0.002084493637084961
317463,normal,632,0,1782362329.423892,0.0019736289978027344
317464,normal,2658,0,1782362329.4258544,0.001962423324584961
317465,normal,1075,0,1782362329.427868,0.0020134449005126953
317466,normal,3177,1,1782362329.4300594,0.0021915435791015625
317467,normal,2865,0,1782362329.4319925,0.0019330978393554688
317468,normal,1956,0,1782362329.433831,0.0018384456634521484
317469,normal,3564,0,1782362329.4358945,0.0020635128021240234
317470,normal,1681,0,1782362329.4378567,0.0019621849060058594
317471,normal,2325,0,1782362329.439789,0.001932382583618164
317472,normal,2754,0,1782362329.4421616,0.0023725032806396484
317473,normal,2169,0,1782362329.4437113,0.0015497207641601562
317474,normal,1125,0,1782362329.4458861,0.002174854278564453
317475,normal,3690,0,1782362329.4478357,0.0019495487213134766
317476,normal,1977,0,1782362329.4498858,0.002050161361694336
317477,normal,3268,1,1782362329.4519386,0.002052783966064453
317478,normal,888,2,1782362329.4542842,0.002345561981201172
317479,normal,2315,0,1782362329.4558625,0.0015783309936523438
317480,normal,1795,0,1782362329.4577937,0.0019311904907226562
317481,normal,2766,0,1782362329.459897,0.0021033287048339844
317482,normal,2282,0,1782362329.4618607,0.0019636154174804688
317483,normal,3525,0,1782362329.4638116,0.001950979232788086
317484,normal,1774,0,1782362329.4660041,0.0021924972534179688
317485,normal,764,0,1782362329.4678395,0.0018353462219238281
317486,normal,2381,0,1782362329.4697855,0.0019459724426269531
317487,normal,1303,0,1782362329.4719253,0.0021398067474365234
317488,normal,1540,0,1782362329.4738584,0.0019330978393554688
317489,normal,780,2,1782362329.4758081,0.0019497871398925781
317490,normal,2290,0,1782362329.4779246,0.0021164417266845703
317491,normal,3588,0,1782362329.4798756,0.001950979232788086
317492,normal,2240,0,1782362329.4817264,0.0018508434295654297
317493,normal,3380,1,1782362329.4838943,0.002167940139770508
317494,normal,1821,0,1782362329.4859033,0.0020089149475097656
317495,normal,2617,0,1782362329.488059,0.002155780792236328
317496,normal,3427,0,1782362329.490272,0.002213001251220703
317497,normal,1525,0,1782362329.4917748,0.0015027523040771484
317498,normal,153,0,1782362329.4938753,0.0021004676818847656
317499,normal,265,0,1782362329.4958043,0.0019290447235107422
317500,normal,1835,0,1782362329.4979503,0.002146005630493164
317501,normal,3483,0,1782362329.4998007,0.0018503665924072266
317502,normal,365,0,1782362329.5020273,0.002226591110229492
317503,normal,3059,1,1782362329.5039842,0.001956939697265625
317504,normal,1541,0,1782362329.5057213,0.0017371177673339844
317505,normal,1834,0,1782362329.5080788,0.00235748291015625
317506,normal,319,0,1782362329.5099688,0.001889944076538086
317507,normal,2096,0,1782362329.5118387,0.0018699169158935547
317508,normal,2795,0,1782362329.5138872,0.002048492431640625
317509,normal,921,2,1782362329.5159247,0.002037525177001953
317510,normal,2845,0,1782362329.5178058,0.0018811225891113281
317511,normal,446,0,1782362329.5199149,0.002109050750732422
317512,normal,146,0,1782362329.5218577,0.0019428730010986328
317513,normal,1650,0,1782362329.5238166,0.0019588470458984375
317514,normal,3101,1,1782362329.5259175,0.0021009445190429688
317515,normal,2287,0,1782362329.5278604,0.0019428730010986328
317516,normal,1971,0,1782362329.5297654,0.0019049644470214844
317517,normal,1063,0,1782362329.5319898,0.002224445343017578
317518,normal,2270,0,1782362329.5339558,0.0019659996032714844
317519,normal,358,0,1782362329.535715,0.0017592906951904297
317520,normal,1093,0,1782362329.537941,0.0022258758544921875
317521,normal,3144,1,1782362329.5398042,0.001863241195678711
317522,normal,830,2,1782362329.5418909,0.002086639404296875
317523,normal,1456,0,1782362329.5439968,0.0021059513092041016
317524,normal,1968,0,1782362329.54571,0.0017132759094238281
317525,normal,1227,0,1782362329.5479052,0.002195119857788086
317526,normal,1209,0,1782362329.549806,0.0019009113311767578
317527,normal,3078,1,1782362329.5519085,0.002102375030517578
317528,normal,1978,0,1782362329.5538101,0.0019016265869140625
317529,normal,3269,1,1782362329.5559464,0.00213623046875
317530,normal,1126,0,1782362329.557919,0.001972675323486328
317531,normal,1174,0,1782362329.559749,0.0018298625946044922
317532,normal,1005,2,1782362329.561967,0.002218008041381836
317533,normal,1021,2,1782362329.5637324,0.0017654895782470703
317534,normal,977,2,1782362329.5659292,0.002196788787841797
317535,normal,2692,0,1782362329.5678034,0.0018742084503173828
317536,normal,3708,0,1782362329.569904,0.002100706100463867
317537,normal,2974,0,1782362329.5718024,0.0018982887268066406
317538,normal,3159,1,1782362329.5739145,0.002112150192260742
317539,normal,1159,0,1782362329.5757926,0.0018780231475830078
317540,normal,806,2,1782362329.5778797,0.002087116241455078
317541,normal,362,0,1782362329.5800064,0.0021266937255859375
317542,normal,2802,0,1782362329.5817912,0.0017848014831542969
317543,normal,811,2,1782362329.583953,0.002161741256713867
317544,normal,1579,0,1782362329.585842,0.0018889904022216797
317545,normal,2149,0,1782362329.5879827,0.0021407604217529297
317546,normal,2831,0,1782362329.5897143,0.0017316341400146484
317547,normal,148,0,1782362329.5917995,0.0020852088928222656
317548,normal,2557,0,1782362329.5938263,0.002026796340942383
317549,normal,600,0,1782362329.5959256,0.002099275588989258
317550,normal,1808,0,1782362329.5979767,0.002051115036010742
317551,normal,1508,0,1782362329.5998316,0.0018548965454101562
317552,normal,2227,0,1782362329.6018941,0.002062559127807617
317553,normal,1945,0,1782362329.6039681,0.002074003219604492
317554,normal,2415,0,1782362329.6060472,0.002079010009765625
317555,normal,3168,1,1782362329.607783,0.0017359256744384766
317556,normal,1037,0,1782362329.609966,0.0021829605102539062
317557,normal,49,0,1782362329.6118438,0.0018777847290039062
317558,normal,1205,0,1782362329.613922,0.0020782947540283203
317559,normal,275,0,1782362329.6157985,0.0018763542175292969
317560,normal,3094,1,1782362329.6178176,0.002019166946411133
317561,normal,2525,0,1782362329.6199222,0.002104520797729492
317562,normal,646,0,1782362329.6218305,0.0019083023071289062
317563,normal,1250,0,1782362329.6238499,0.0020194053649902344
317564,normal,1551,0,1782362329.6258907,0.002040863037109375
317565,normal,2889,0,1782362329.6277924,0.0019016265869140625
317566,normal,3249,1,1782362329.6298146,0.002022266387939453
317567,normal,3039,0,1782362329.6318805,0.002065896987915039
317568,normal,3397,1,1782362329.6343257,0.002445220947265625
317569,normal,3072,1,1782362329.6359997,0.0016739368438720703
317570,normal,919,2,1782362329.6377165,0.0017168521881103516
317571,normal,2038,0,1782362329.6398408,0.002124309539794922
317572,normal,509,0,1782362329.6417828,0.0019419193267822266
317573,normal,762,0,1782362329.6438766,0.002093791961669922
317574,normal,948,2,1782362329.6458554,0.0019788742065429688
317575,normal,2805,0,1782362329.647842,0.0019865036010742188
317576,normal,264,0,1782362329.649857,0.0020151138305664062
317577,normal,2203,0,1782362329.6517713,0.0019142627716064453
317578,normal,1990,0,1782362329.6537848,0.0020134449005126953
317579,normal,974,2,1782362329.6557739,0.001989126205444336
317580,normal,3136,1,1782362329.6577964,0.0020225048065185547
317581,normal,1644,0,1782362329.659848,0.0020515918731689453
317582,normal,1472,0,1782362329.6618001,0.0019521713256835938
317583,normal,1442,0,1782362329.6637995,0.001999378204345703
317584,normal,1777,0,1782362329.6658626,0.0020630359649658203
317585,normal,1651,0,1782362329.6683147,0.0024521350860595703
317586,normal,3695,0,1782362329.670245,0.00193023681640625
317587,normal,69,0,1782362329.6716995,0.0014545917510986328
317588,normal,3549,0,1782362329.673831,0.0021314620971679688
317589,normal,773,2,1782362329.67578,0.0019490718841552734
317590,normal,434,0,1782362329.6778343,0.0020542144775390625
317591,normal,309,0,1782362329.6798322,0.0019979476928710938
317592,normal,844,2,1782362329.6818833,0.002051115036010742
317593,normal,929,2,1782362329.6838753,0.0019919872283935547
317594,normal,2632,0,1782362329.685812,0.0019366741180419922
317595,normal,3477,0,1782362329.6880088,0.002196788787841797
317596,normal,664,0,1782362329.6900516,0.0020427703857421875
317597,normal,1275,0,1782362329.6917295,0.0016779899597167969
317598,normal,3473,0,1782362329.6937616,0.002032041549682617
317599,normal,3340,1,1782362329.6958008,0.002039194107055664
317600,normal,1079,0,1782362329.697848,0.002047300338745117
317601,normal,994,2,1782362329.6998105,0.001962423324584961
317602,normal,1387,0,1782362329.7018127,0.002002239227294922
317603,normal,2512,0,1782362329.7038243,0.002011537551879883
317604,normal,1011,2,1782362329.705773,0.0019488334655761719
317605,normal,2136,0,1782362329.7078261,0.0020530223846435547
317606,normal,2016,0,1782362329.7099078,0.002081632614135742
317607,normal,3479,0,1782362329.711865,0.0019571781158447266
317608,normal,1624,0,1782362329.7137904,0.0019254684448242188
317609,normal,745,0,1782362329.715822,0.002031564712524414
317610,normal,424,0,1782362329.7178385,0.0020165443420410156
317611,normal,51,0,1782362329.7198462,0.002007722854614258
317612,normal,570,0,1782362329.7218375,0.00199127197265625
317613,normal,1140,0,1782362329.7238455,0.0020079612731933594
317614,normal,3681,0,1782362329.7257392,0.001893758773803711
317615,normal,1621,0,1782362329.7278519,0.0021126270294189453
317616,normal,1214,0,1782362329.7297862,0.0019342899322509766
317617,normal,808,2,1782362329.7317522,0.0019659996032714844
317618,normal,3591,0,1782362329.7338488,0.0020966529846191406
317619,normal,3185,1,1782362329.7358148,0.0019659996032714844
317620,normal,3554,0,1782362329.7378347,0.0020198822021484375
317621,normal,2453,0,1782362329.7399058,0.0020711421966552734
317622,normal,3107,1,1782362329.7417777,0.0018718242645263672
317623,normal,128,0,1782362329.7438056,0.0020279884338378906
317624,normal,625,0,1782362329.7458448,0.002039194107055664
317625,normal,2532,0,1782362329.7478142,0.0019693374633789062
317626,normal,1009,2,1782362329.7497451,0.0019309520721435547
317627,normal,2837,0,1782362329.7517788,0.002033710479736328
317628,normal,2070,0,1782362329.7538338,0.002054929733276367
317629,normal,795,2,1782362329.755797,0.0019631385803222656
317630,normal,2531,0,1782362329.757923,0.002125978469848633
317631,normal,2507,0,1782362329.7598922,0.0019693374633789062
317632,normal,2342,0,1782362329.7617733,0.0018811225891113281
317633,normal,2781,0,1782362329.7638767,0.0021033287048339844
317634,normal,2946,0,1782362329.765819,0.0019423961639404297
317635,normal,1051,0,1782362329.76785,0.0020308494567871094
317636,normal,189,0,1782362329.7698402,0.0019903182983398438
317637,normal,1924,0,1782362329.7717664,0.0019261837005615234
317638,normal,1400,0,1782362329.7738352,0.002068758010864258
317639,normal,344,0,1782362329.776018,0.0021827220916748047
317640,normal,2248,0,1782362329.7778695,0.0018515586853027344
317641,normal,3618,0,1782362329.7797801,0.0019106864929199219
317642,normal,1392,0,1782362329.7819014,0.0021212100982666016
317643,normal,2797,0,1782362329.784009,0.0021076202392578125
317644,normal,1013,2,1782362329.7857738,0.0017647743225097656
317645,normal,3325,1,1782362329.7878487,0.0020749568939208984
317646,normal,76,0,1782362329.7898984,0.002049684524536133
317647,normal,1256,0,1782362329.791852,0.001953601837158203
317648,normal,2928,0,1782362329.7937431,0.0018911361694335938
317649,normal,2763,0,1782362329.7957644,0.002021312713623047
317650,normal,1515,0,1782362329.7978315,0.002067089080810547
317651,normal,543,0,1782362329.799805,0.001973390579223633
317652,normal,2523,0,1782362329.801855,0.002050161361694336
317653,normal,2963,0,1782362329.8037467,0.0018916130065917969
317654,normal,1468,0,1782362329.805759,0.0020122528076171875
317655,normal,939,2,1782362329.8077624,0.0020034313201904297
317656,normal,152,0,1782362329.8098733,0.0021109580993652344
317657,normal,606,0,1782362329.812007,0.002133607864379883
317658,normal,2174,0,1782362329.8140478,0.002040863037109375
317659,normal,1428,0,1782362329.8157392,0.0016913414001464844
317660,normal,3278,1,1782362329.8178377,0.002098560333251953
317661,normal,3031,0,1782362329.8197746,0.0019369125366210938
317662,normal,3109,1,1782362329.8218458,0.0020711421966552734
317663,normal,1064,0,1782362329.8238308,0.0019850730895996094
317664,normal,3229,1,1782362329.8259432,0.0021123886108398438
317665,normal,843,2,1782362329.8276892,0.0017459392547607422
317666,normal,538,0,1782362329.8298059,0.002116680145263672
317667,normal,2422,0,1782362329.8317719,0.0019659996032714844
317668,normal,1534,0,1782362329.8338761,0.0021042823791503906
317669,normal,57,0,1782362329.8358104,0.0019342899322509766
317670,normal,1663,0,1782362329.8378477,0.0020372867584228516
317671,normal,1054,0,1782362329.839789,0.0019412040710449219
317672,normal,331,0,1782362329.8418536,0.0020647048950195312
317673,normal,2489,0,1782362329.8439343,0.002080678939819336
317674,normal,1403,0,1782362329.846178,0.0022437572479248047
317675,normal,1844,0,1782362329.8495293,0.0033512115478515625
317676,normal,432,0,1782362329.8500304,0.0005011558532714844
317677,normal,1682,0,1782362329.8518875,0.0018570423126220703
317678,normal,245,0,1782362329.853723,0.0018355846405029297
317679,normal,1373,1,1782362329.8558178,0.002094745635986328
317680,normal,260,0,1782362329.8577425,0.001924753189086914
317681,normal,2619,0,1782362329.8598125,0.0020699501037597656
317682,normal,1166,0,1782362329.8618243,0.0020117759704589844
317683,normal,2322,0,1782362329.8637857,0.0019614696502685547
317684,normal,618,0,1782362329.8663008,0.002515077590942383
317685,normal,3469,0,1782362329.8678024,0.0015015602111816406
317686,normal,2744,0,1782362329.8698235,0.0020210742950439453
317687,normal,957,2,1782362329.8718553,0.0020318031311035156
317688,normal,2623,0,1782362329.8738892,0.0020339488983154297
317689,normal,2561,0,1782362329.8757548,0.0018656253814697266
317690,normal,3643,0,1782362329.8777475,0.0019927024841308594
317691,normal,2179,0,1782362329.8798206,0.002073049545288086
317692,normal,1347,1,1782362329.8817194,0.0018987655639648438
317693,normal,3227,1,1782362329.8837538,0.002034425735473633
317694,normal,788,2,1782362329.885759,0.002005338668823242
317695,normal,610,0,1782362329.8877919,0.002032756805419922
317696,normal,3679,0,1782362329.8897593,0.0019674301147460938
317697,normal,2030,0,1782362329.8918173,0.0020580291748046875
317698,normal,3694,0,1782362329.8937874,0.001970052719116211
317699,normal,2196,0,1782362329.895801,0.002013683319091797
317700,normal,408,0,1782362329.8977885,0.001987457275390625
317701,normal,875,2,1782362329.8998015,0.002012968063354492
317702,normal,700,0,1782362329.901733,0.0019314289093017578
317703,normal,2380,0,1782362329.903855,0.002122163772583008
317704,normal,1202,0,1782362329.9058332,0.001978158950805664
317705,normal,2448,0,1782362329.9078083,0.0019750595092773438
317706,normal,2783,0,1782362329.9097993,0.0019910335540771484
317707,normal,1183,0,1782362329.9117367,0.0019373893737792969
317708,normal,2007,0,1782362329.913731,0.0019943714141845703
317709,normal,2403,0,1782362329.915757,0.0020258426666259766
317710,normal,2599,0,1782362329.9177516,0.001994609832763672
317711,normal,1107,0,1782362329.9197712,0.002019643783569336
317712,normal,3439,0,1782362329.9218385,0.0020673274993896484
317713,normal,1210,0,1782362329.9237409,0.0019023418426513672
317714,normal,1565,0,1782362329.9257488,0.0020079612731933594
317715,normal,2752,0,1782362329.9278774,0.00212860107421875
317716,normal,2714,0,1782362329.9297423,0.0018649101257324219
317717,normal,3018,0,1782362329.9319456,0.002203226089477539
317718,normal,2347,0,1782362329.9338973,0.0019516944885253906
317719,normal,2434,0,1782362329.93574,0.0018427371978759766
317720,normal,364,0,1782362329.9378405,0.0021004676818847656
317721,normal,139,0,1782362329.93986,0.002019643783569336
317722,normal,1154,0,1782362329.9417312,0.0018711090087890625
317723,normal,2897,0,1782362329.94392,0.0021886825561523438
317724,normal,1674,0,1782362329.9462845,0.002364635467529297
317725,normal,1072,0,1782362329.9479635,0.0016789436340332031
317726,normal,316,0,1782362329.9500837,0.0021202564239501953
317727,normal,534,0,1782362329.9530225,0.0029387474060058594
317728,normal,277,0,1782362329.9537654,0.0007429122924804688
317729,normal,2893,0,1782362329.9558556,0.0020902156829833984
317730,normal,2037,0,1782362329.9578042,0.0019485950469970703
317731,normal,1749,0,1782362329.9599955,0.002191305160522461
317732,normal,792,2,1782362329.9620428,0.002047300338745117
317733,normal,2444,0,1782362329.9637177,0.0016748905181884766
317734,normal,2105,0,1782362329.9657314,0.002013683319091797
317735,normal,3228,1,1782362329.9677117,0.001980304718017578
317736,normal,190,0,1782362329.969783,0.002071380615234375
317737,normal,94,0,1782362329.9718423,0.0020592212677001953
317738,normal,3665,0,1782362329.9738424,0.002000093460083008
317739,normal,2526,0,1782362329.9759169,0.0020744800567626953
317740,normal,1669,0,1782362329.9777648,0.001847982406616211
317741,normal,1421,0,1782362329.9798045,0.002039670944213867
317742,normal,800,2,1782362329.9822109,0.0024063587188720703
317743,normal,1730,0,1782362329.9837883,0.0015773773193359375
317744,normal,2704,0,1782362329.9858963,0.0021080970764160156
317745,normal,1264,0,1782362329.988149,0.0022525787353515625
317746,normal,2494,0,1782362329.9898148,0.0016658306121826172
317747,normal,2661,0,1782362329.9918566,0.0020418167114257812
317748,normal,854,2,1782362329.993763,0.0019063949584960938
317749,normal,2978,0,1782362329.9957654,0.0020024776458740234
317750,normal,1432,0,1782362329.9977179,0.0019524097442626953
317751,normal,1556,0,1782362329.9998643,0.002146482467651367
317752,normal,710,0,1782362330.0018907,0.0020263195037841797
317753,normal,2732,0,1782362330.0037584,0.0018677711486816406
317754,normal,1658,0,1782362330.0057135,0.0019550323486328125
317755,normal,3603,0,1782362330.007672,0.001958608627319336
317756,normal,278,0,1782362330.0096939,0.00202178955078125
317757,normal,545,0,1782362330.0117,0.002006053924560547
317758,normal,2119,0,1782362330.0137875,0.0020875930786132812
317759,normal,407,0,1782362330.0160947,0.0023071765899658203
317760,normal,3420,0,1782362330.018007,0.0019123554229736328
317761,normal,2634,0,1782362330.0198505,0.0018434524536132812
317762,normal,368,0,1782362330.0219338,0.002083301544189453
317763,normal,2013,0,1782362330.0241587,0.0022249221801757812
317764,normal,1589,0,1782362330.0257792,0.0016205310821533203
317765,normal,2733,0,1782362330.0278726,0.0020933151245117188
317766,normal,568,0,1782362330.0299182,0.0020456314086914062
317767,normal,2936,0,1782362330.032164,0.0022459030151367188
317768,normal,2295,0,1782362330.0339181,0.0017540454864501953
317769,normal,1729,0,1782362330.035846,0.0019278526306152344
317770,normal,1296,0,1782362330.0377705,0.0019245147705078125
317771,normal,805,2,1782362330.0398462,0.002075672149658203
317772,normal,2336,0,1782362330.041843,0.001996755599975586
317773,normal,12,0,1782362330.0437794,0.0019364356994628906
317774,normal,1970,0,1782362330.0459118,0.002132415771484375
317775,normal,2858,0,1782362330.0478477,0.0019359588623046875
317776,normal,3602,0,1782362330.0497913,0.0019435882568359375
317777,normal,596,0,1782362330.0518491,0.002057790756225586
317778,normal,2048,0,1782362330.0538344,0.001985311508178711
317779,normal,3208,1,1782362330.0559826,0.002148151397705078
317780,normal,3404,0,1782362330.0588207,0.002838134765625
317781,normal,865,2,1782362330.060951,0.002130270004272461
317782,normal,1490,0,1782362330.0620675,0.0011165142059326172
317783,normal,1188,0,1782362330.0638382,0.0017707347869873047
317784,normal,3409,0,1782362330.0658479,0.0020096302032470703
317785,normal,1053,0,1782362330.0678048,0.001956939697265625
317786,normal,1196,0,1782362330.069934,0.002129077911376953
317787,normal,956,2,1782362330.0719128,0.0019788742065429688
317788,normal,287,0,1782362330.0738392,0.001926422119140625
317789,normal,846,2,1782362330.0762403,0.002401113510131836
317790,normal,1619,0,1782362330.0779111,0.00167083740234375
317791,normal,3345,1,1782362330.0797524,0.0018413066864013672
317792,normal,357,0,1782362330.081972,0.0022194385528564453
317793,normal,2115,0,1782362330.0840306,0.002058744430541992
317794,normal,738,0,1782362330.0857456,0.001714944839477539
317795,normal,2344,0,1782362330.0878413,0.0020956993103027344
317796,normal,853,2,1782362330.0898435,0.002002239227294922
317797,normal,603,0,1782362330.0918465,0.0020029544830322266
317798,normal,2637,0,1782362330.0940247,0.002178192138671875
317799,normal,2467,0,1782362330.0957985,0.001773834228515625
317800,normal,1860,0,1782362330.0979853,0.0021867752075195312
317801,normal,2918,0,1782362330.099841,0.0018558502197265625
317802,normal,1547,0,1782362330.1019418,0.002100706100463867
317803,normal,3097,1,1782362330.1040382,0.002096414566040039
317804,normal,2861,0,1782362330.1060183,0.0019800662994384766
317805,normal,2433,0,1782362330.1079824,0.001964092254638672
317806,normal,1763,0,1782362330.1098046,0.0018222332000732422
317807,normal,2988,0,1782362330.112238,0.002433300018310547
317808,normal,3045,1,1782362330.1139865,0.0017485618591308594
317809,normal,3692,0,1782362330.115845,0.0018584728240966797
317810,normal,896,2,1782362330.1179235,0.002078533172607422
317811,normal,3487,0,1782362330.119895,0.0019714832305908203
317812,normal,3663,0,1782362330.1218028,0.0019078254699707031
317813,normal,130,0,1782362330.1239166,0.002113819122314453
317814,normal,2891,0,1782362330.1258564,0.0019397735595703125
317815,normal,1460,0,1782362330.1278038,0.0019474029541015625
317816,normal,126,0,1782362330.1298647,0.0020608901977539062
317817,normal,2668,0,1782362330.1318636,0.0019989013671875
317818,normal,3687,0,1782362330.1337352,0.0018715858459472656
317819,normal,2786,0,1782362330.1358874,0.0021522045135498047
317820,normal,526,0,1782362330.1379197,0.0020322799682617188
317821,normal,1123,0,1782362330.1398118,0.00189208984375
317822,normal,455,0,1782362330.142046,0.002234220504760742
317823,normal,746,0,1782362330.1437745,0.0017285346984863281
317824,normal,1717,0,1782362330.1458716,0.0020971298217773438
317825,normal,1960,0,1782362330.147759,0.0018873214721679688
317826,normal,887,2,1782362330.1499126,0.002153635025024414
317827,normal,92,0,1782362330.1518028,0.0018901824951171875
317828,normal,883,2,1782362330.1539018,0.0020990371704101562
317829,normal,2903,0,1782362330.1558344,0.0019326210021972656
317830,normal,2556,0,1782362330.1578112,0.0019767284393310547
317831,normal,1315,0,1782362330.159947,0.002135753631591797
317832,normal,3563,0,1782362330.1619365,0.001989603042602539
317833,normal,1292,0,1782362330.1638315,0.0018949508666992188
317834,normal,3172,1,1782362330.1659133,0.0020818710327148438
317835,normal,2500,0,1782362330.1679769,0.0020635128021240234
317836,normal,563,0,1782362330.1697972,0.0018203258514404297
317837,normal,208,0,1782362330.1718602,0.0020630359649658203
317838,normal,2418,0,1782362330.1738656,0.002005338668823242
317839,normal,268,0,1782362330.1757565,0.0018908977508544922
317840,normal,2964,0,1782362330.1778383,0.0020818710327148438
317841,normal,3521,0,1782362330.1798203,0.001981973648071289
317842,normal,3635,0,1782362330.1817303,0.0019099712371826172
317843,normal,3682,0,1782362330.1840155,0.0022852420806884766
317844,normal,341,0,1782362330.1859546,0.0019390583038330078
317845,normal,3323,1,1782362330.1878004,0.0018458366394042969
317846,normal,2992,0,1782362330.1900058,0.002205371856689453
317847,normal,1647,0,1782362330.191874,0.0018682479858398438
317848,normal,2747,0,1782362330.1939871,0.0021131038665771484
317849,normal,2348,0,1782362330.195786,0.001798868179321289
317850,normal,1180,0,1782362330.1979268,0.0021407604217529297
317851,normal,2934,0,1782362330.1999047,0.0019779205322265625
317852,normal,355,0,1782362330.2020454,0.0021407604217529297
317853,normal,2955,0,1782362330.2037356,0.0016901493072509766
317854,normal,1339,1,1782362330.2058544,0.002118825912475586
317855,normal,2572,0,1782362330.2077029,0.001848459243774414
317856,normal,2520,0,1782362330.2098544,0.0021514892578125
317857,normal,379,0,1782362330.211836,0.0019817352294921875
317858,normal,1864,0,1782362330.214016,0.002179861068725586
317859,normal,394,0,1782362330.2157526,0.0017366409301757812
317860,normal,3113,1,1782362330.2179704,0.0022177696228027344
317861,normal,2840,0,1782362330.2197766,0.0018062591552734375
317862,normal,1806,0,1782362330.2219443,0.0021677017211914062
317863,normal,674,0,1782362330.223766,0.001821756362915039
317864,normal,1046,0,1782362330.2264478,0.002681732177734375
317865,normal,1230,0,1782362330.228501,0.0020532608032226562
317866,normal,1737,0,1782362330.2300544,0.0015532970428466797
317867,normal,2908,0,1782362330.231796,0.001741647720336914
317868,normal,2986,0,1782362330.2338483,0.00205230712890625
317869,normal,566,0,1782362330.2357652,0.0019168853759765625
317870,normal,2562,0,1782362330.2378309,0.0020656585693359375
317871,normal,2285,0,1782362330.23983,0.0019991397857666016
317872,normal,1232,0,1782362330.2419562,0.0021262168884277344
317873,normal,1503,0,1782362330.2439494,0.0019931793212890625
317874,normal,2405,0,1782362330.2459068,0.001957416534423828
317875,normal,2911,0,1782362330.2477632,0.0018563270568847656
317876,normal,352,0,1782362330.249885,0.0021219253540039062
317877,normal,39,0,1782362330.2518773,0.0019922256469726562
317878,normal,1611,0,1782362330.2537658,0.0018885135650634766
317879,normal,2223,0,1782362330.2563868,0.0026209354400634766
317880,normal,2515,0,1782362330.2578712,0.0014843940734863281
317881,normal,1796,0,1782362330.2598884,0.0020172595977783203
317882,normal,1333,1,1782362330.2617333,0.0018448829650878906
317883,normal,1066,0,1782362330.263894,0.002160787582397461
317884,normal,2150,0,1782362330.2658706,0.001976490020751953
317885,normal,621,0,1782362330.2685218,0.002651214599609375
317886,normal,1740,0,1782362330.2705526,0.0020308494567871094
317887,normal,1258,0,1782362330.2719345,0.0013818740844726562
317888,normal,1473,0,1782362330.2737792,0.001844644546508789
317889,normal,1167,0,1782362330.2759004,0.0021212100982666016
317890,normal,2140,0,1782362330.2777836,0.0018832683563232422
317891,normal,3301,1,1782362330.2799125,0.0021288394927978516
317892,normal,1141,0,1782362330.2819126,0.002000093460083008
317893,normal,3623,0,1782362330.2838016,0.0018889904022216797
317894,normal,1582,0,1782362330.2868516,0.003050088882446289
317895,normal,2068,0,1782362330.2878585,0.0010068416595458984
317896,normal,3103,1,1782362330.2899737,0.0021152496337890625
317897,normal,120,0,1782362330.2919314,0.0019576549530029297
317898,normal,1921,0,1782362330.293997,0.0020656585693359375
317899,normal,1989,0,1782362330.2958148,0.0018177032470703125
317900,normal,1487,0,1782362330.297908,0.0020933151245117188
317901,normal,2496,0,1782362330.2998939,0.001985788345336914
317902,normal,686,0,1782362330.3018336,0.0019397735595703125
317903,normal,2626,0,1782362330.304129,0.002295255661010742
317904,normal,1189,0,1782362330.305858,0.0017290115356445312
317905,normal,1764,0,1782362330.307939,0.002081155776977539
317906,normal,3004,0,1782362330.3100884,0.002149343490600586
317907,normal,392,0,1782362330.3121912,0.0021028518676757812
317908,normal,395,0,1782362330.3139493,0.0017580986022949219
317909,normal,3436,0,1782362330.3157785,0.0018291473388671875
317910,normal,1904,0,1782362330.3179326,0.002154111862182617
317911,normal,2559,0,1782362330.3198028,0.0018701553344726562
317912,normal,3081,1,1782362330.3219182,0.002115488052368164
317913,normal,3131,1,1782362330.3238747,0.001956462860107422
317914,normal,467,0,1782362330.325773,0.0018982887268066406
317915,normal,3709,0,1782362330.3278902,0.002117156982421875
317916,normal,3637,0,1782362330.3298986,0.0020084381103515625
317917,normal,1858,0,1782362330.3318663,0.0019676685333251953
317918,normal,75,0,1782362330.3339517,0.002085447311401367
317919,normal,1358,1,1782362330.3358748,0.0019230842590332031
317920,normal,833,2,1782362330.3378026,0.0019278526306152344
317921,normal,1288,0,1782362330.3398764,0.0020737648010253906
317922,normal,1752,0,1782362330.3418694,0.001992940902709961
317923,normal,427,0,1782362330.3438358,0.0019664764404296875
317924,normal,1438,0,1782362330.3459346,0.0020987987518310547
317925,normal,2310,0,1782362330.3479342,0.0019996166229248047
317926,normal,557,0,1782362330.3500555,0.0021212100982666016
317927,normal,127,0,1782362330.3518267,0.0017712116241455078
317928,normal,2690,0,1782362330.3538494,0.0020227432250976562
317929,normal,1087,0,1782362330.3558037,0.001954317092895508
317930,normal,1501,0,1782362330.3577871,0.0019834041595458984
317931,normal,2175,0,1782362330.3599262,0.0021390914916992188
317932,normal,1185,0,1782362330.3618166,0.001890420913696289
317933,normal,815,2,1782362330.3637793,0.0019626617431640625
317934,normal,2284,0,1782362330.3659499,0.002170562744140625
317935,normal,3127,1,1782362330.3677824,0.0018324851989746094
317936,normal,1755,0,1782362330.3698013,0.0020189285278320312
317937,normal,1959,0,1782362330.37194,0.0021386146545410156
317938,normal,704,0,1782362330.3738453,0.0019054412841796875
317939,normal,252,0,1782362330.3758218,0.001976490020751953
317940,normal,1379,1,1782362330.3779244,0.0021026134490966797
317941,normal,2408,0,1782362330.3798604,0.0019359588623046875
317942,normal,3181,1,1782362330.3818426,0.0019822120666503906
317943,normal,1893,0,1782362330.3840516,0.0022089481353759766
317944,normal,1365,1,1782362330.3858333,0.0017817020416259766
317945,normal,1012,2,1782362330.3878105,0.001977205276489258
317946,normal,567,0,1782362330.3899128,0.002102375030517578
317947,normal,3696,0,1782362330.39176,0.0018472671508789062
317948,normal,284,0,1782362330.3937588,0.0019986629486083984
317949,normal,2323,0,1782362330.3961112,0.002352476119995117
317950,normal,930,2,1782362330.397789,0.0016777515411376953
317951,normal,1833,0,1782362330.3997755,0.0019865036010742188
317952,normal,2389,0,1782362330.4019928,0.0022172927856445312
317953,normal,2361,0,1782362330.4038694,0.0018765926361083984
317954,normal,813,2,1782362330.4058602,0.001990795135498047
317955,normal,1283,0,1782362330.4079552,0.0020949840545654297
317956,normal,1247,0,1782362330.4100213,0.0020661354064941406
317957,normal,2944,0,1782362330.4119465,0.0019252300262451172
317958,normal,3576,0,1782362330.413931,0.0019843578338623047
317959,normal,3077,1,1782362330.4158723,0.0019414424896240234
317960,normal,2791,0,1782362330.4179907,0.002118349075317383
317961,normal,1816,0,1782362330.4197795,0.0017888545989990234
317962,normal,1852,0,1782362330.4217587,0.0019791126251220703
317963,normal,102,0,1782362330.4239497,0.0021910667419433594
317964,normal,1569,0,1782362330.4260104,0.0020606517791748047
317965,normal,1862,0,1782362330.4277148,0.0017044544219970703
317966,normal,1041,0,1782362330.4298682,0.0021533966064453125
317967,normal,1760,0,1782362330.4317698,0.0019016265869140625
317968,normal,470,0,1782362330.4338796,0.0021097660064697266
317969,normal,3308,1,1782362330.4357557,0.0018761157989501953
317970,normal,3399,1,1782362330.4384341,0.002678394317626953
317971,normal,524,0,1782362330.4400973,0.0016632080078125
317972,normal,3630,0,1782362330.441854,0.0017566680908203125
317973,normal,1591,0,1782362330.4437265,0.0018725395202636719
317974,normal,3156,1,1782362330.4458768,0.002150297164916992
317975,normal,771,0,1782362330.4477422,0.001865386962890625
317976,normal,1756,0,1782362330.4498856,0.002143383026123047
317977,normal,3157,1,1782362330.4527237,0.002838134765625
317978,normal,471,0,1782362330.454107,0.0013833045959472656
317979,normal,376,0,1782362330.4561243,0.0020172595977783203
317980,normal,3644,0,1782362330.4577377,0.0016133785247802734
317981,normal,1427,0,1782362330.459876,0.002138376235961914
317982,normal,2994,0,1782362330.4617367,0.0018606185913085938
317983,normal,1906,0,1782362330.4638636,0.002126932144165039
317984,normal,3367,1,1782362330.4657454,0.0018818378448486328
317985,normal,1267,0,1782362330.4681544,0.0024089813232421875
317986,normal,3138,1,1782362330.4698608,0.0017063617706298828
317987,normal,1640,0,1782362330.4717863,0.0019254684448242188
317988,normal,1244,0,1782362330.4739046,0.002118349075317383
317989,normal,1985,0,1782362330.4758365,0.001931905746459961
317990,normal,3594,0,1782362330.4779441,0.0021076202392578125
317991,normal,663,0,1782362330.4806328,0.0026886463165283203
317992,normal,1907,0,1782362330.482048,0.001415252685546875
317993,normal,1290,0,1782362330.4837506,0.0017025470733642578
317994,normal,2968,0,1782362330.4858809,0.002130270004272461
317995,normal,3429,0,1782362330.4877803,0.0018994808197021484
317996,normal,3354,1,1782362330.4900146,0.002234220504760742
317997,normal,2474,0,1782362330.492203,0.002188444137573242
317998,normal,763,0,1782362330.4945579,0.002354860305786133
317999,normal,944,2,1782362330.4958558,0.0012979507446289062
318000,normal,2643,0,1782362330.4980044,0.0021486282348632812
318001,normal,768,0,1782362330.499862,0.0018575191497802734
318002,normal,1036,0,1782362330.501811,0.0019490718841552734
318003,normal,276,0,1782362330.5043137,0.0025026798248291016
318004,normal,1946,0,1782362330.5058982,0.0015845298767089844
318005,normal,2730,0,1782362330.5078855,0.0019872188568115234
318006,normal,3444,0,1782362330.5098429,0.001957416534423828
318007,normal,2406,0,1782362330.512004,0.0021610260009765625
318008,normal,1660,0,1782362330.5137174,0.0017135143280029297
318009,normal,307,0,1782362330.5160084,0.002290964126586914
318010,normal,1940,0,1782362330.5181599,0.0021514892578125
318011,normal,28,0,1782362330.519847,0.0016870498657226562
318012,normal,1754,0,1782362330.5218165,0.001969575881958008
318013,normal,2699,0,1782362330.523744,0.0019276142120361328
318014,normal,2254,0,1782362330.525793,0.002048969268798828
318015,normal,2882,0,1782362330.5278788,0.0020856857299804688
318016,normal,2724,0,1782362330.52981,0.0019311904907226562
318017,normal,3179,1,1782362330.5323257,0.0025157928466796875
318018,normal,374,0,1782362330.5338242,0.0014984607696533203
318019,normal,1475,0,1782362330.5356803,0.001856088638305664
318020,normal,3108,1,1782362330.537782,0.0021016597747802734
318021,normal,2603,0,1782362330.5398574,0.0020754337310791016
318022,normal,163,0,1782362330.5418222,0.0019648075103759766
318023,normal,1560,0,1782362330.543815,0.0019927024841308594
318024,normal,176,0,1782362330.5458055,0.0019905567169189453
318025,normal,1287,0,1782362330.5478516,0.0020461082458496094
318026,normal,3219,1,1782362330.54974,0.0018885135650634766
318027,normal,2768,0,1782362330.5518029,0.0020627975463867188
318028,normal,719,0,1782362330.5537372,0.0019342899322509766
318029,normal,3609,0,1782362330.5557306,0.001993417739868164
318030,normal,1587,0,1782362330.5578153,0.0020847320556640625
318031,normal,2574,0,1782362330.5598872,0.002071857452392578
318032,normal,1888,0,1782362330.561795,0.0019078254699707031
318033,normal,1363,1,1782362330.56387,0.0020749568939208984
318034,normal,2357,0,1782362330.565829,0.001959085464477539
318035,normal,1639,0,1782362330.5677412,0.0019121170043945312
318036,normal,3203,1,1782362330.5698225,0.0020813941955566406
318037,normal,2685,0,1782362330.5717323,0.0019097328186035156
318038,normal,737,0,1782362330.5737216,0.0019893646240234375
318039,normal,2006,0,1782362330.5757616,0.0020399093627929688
318040,normal,3560,0,1782362330.5776997,0.0019381046295166016
318041,normal,3356,1,1782362330.5797052,0.0020055770874023438
318042,normal,3225,1,1782362330.58178,0.002074718475341797
318043,normal,3652,0,1782362330.5839758,0.0021958351135253906
318044,normal,1972,0,1782362330.5858047,0.001828908920288086
318045,normal,1017,2,1782362330.5878007,0.0019960403442382812
318046,normal,2820,0,1782362330.589831,0.0020303726196289062
318047,normal,3612,0,1782362330.5917957,0.001964569091796875
318048,normal,2114,0,1782362330.5940783,0.0022826194763183594
318049,normal,1117,0,1782362330.595801,0.0017228126525878906
318050,normal,544,0,1782362330.597998,0.002196788787841797
318051,normal,2836,0,1782362330.5998716,0.0018737316131591797
318052,normal,915,2,1782362330.6019778,0.002106189727783203
318053,normal,3377,1,1782362330.6037846,0.0018067359924316406
318054,normal,514,0,1782362330.6058977,0.0021131038665771484
318055,normal,1101,0,1782362330.6078234,0.0019257068634033203
318056,normal,3007,0,1782362330.6098409,0.002017498016357422
318057,normal,1828,0,1782362330.6119304,0.0020895004272460938
318058,normal,2308,0,1782362330.6140506,0.0021202564239501953
318059,normal,3364,1,1782362330.615825,0.0017743110656738281
318060,normal,318,0,1782362330.6181266,0.0023016929626464844
318061,normal,3091,1,1782362330.6198351,0.0017085075378417969
318062,normal,2863,0,1782362330.6217728,0.0019376277923583984
318063,normal,2061,0,1782362330.624005,0.0022323131561279297
318064,normal,1516,0,1782362330.6263516,0.002346515655517578
318065,normal,1555,0,1782362330.628512,0.002160310745239258
318066,normal,1113,0,1782362330.6299891,0.0014772415161132812
318067,normal,1026,2,1782362330.631775,0.0017857551574707031
318068,normal,3485,0,1782362330.6337495,0.0019745826721191406
318069,normal,1103,0,1782362330.6358912,0.002141714096069336
318070,normal,1800,0,1782362330.63799,0.0020987987518310547
318071,normal,187,0,1782362330.6397598,0.0017697811126708984
318072,normal,3049,1,1782362330.642045,0.0022852420806884766
318073,normal,1243,0,1782362330.6440194,0.001974344253540039
318074,normal,3405,0,1782362330.6457033,0.001683950424194336
318075,normal,1218,0,1782362330.6478748,0.0021715164184570312
318076,normal,2529,0,1782362330.6501129,0.002238035202026367
318077,normal,1550,0,1782362330.6523848,0.002271890640258789
318078,normal,3610,0,1782362330.6539433,0.001558542251586914
318079,normal,2431,0,1782362330.655736,0.0017926692962646484
318080,normal,3030,0,1782362330.658278,0.0025420188903808594
318081,normal,1451,0,1782362330.659929,0.0016510486602783203
318082,normal,2055,0,1782362330.661862,0.0019328594207763672
318083,normal,871,2,1782362330.6638744,0.002012491226196289
318084,normal,3337,1,1782362330.6662335,0.002359151840209961
318085,normal,2951,0,1782362330.6681166,0.0018830299377441406
318086,normal,3565,0,1782362330.6698492,0.0017325878143310547
318087,normal,2128,0,1782362330.6722345,0.002385377883911133
318088,normal,3546,0,1782362330.6738598,0.0016252994537353516
318089,normal,291,0,1782362330.6758595,0.0019996166229248047
318090,normal,2815,0,1782362330.6781116,0.0022521018981933594
318091,normal,3497,0,1782362330.6802077,0.0020961761474609375
318092,normal,1236,0,1782362330.6819143,0.0017066001892089844
318093,normal,3645,0,1782362330.6837356,0.001821279525756836
318094,normal,1742,0,1782362330.6858938,0.0021581649780273438
318095,normal,2630,0,1782362330.6877515,0.001857757568359375
318096,normal,353,0,1782362330.6898694,0.0021178722381591797
318097,normal,784,2,1782362330.6921616,0.002292156219482422
318098,normal,2488,0,1782362330.6944602,0.002298593521118164
318099,normal,1369,1,1782362330.6957517,0.001291513442993164
318100,normal,1998,0,1782362330.697709,0.001957416534423828
318101,normal,91,0,1782362330.6998267,0.002117633819580078
318102,normal,1769,0,1782362330.7017553,0.001928567886352539
318103,normal,2110,0,1782362330.7038515,0.0020961761474609375
318104,normal,1771,0,1782362330.7058523,0.0020008087158203125
318105,normal,1716,0,1782362330.707804,0.0019516944885253906
318106,normal,2901,0,1782362330.7099288,0.002124786376953125
318107,normal,2941,0,1782362330.711753,0.0018241405487060547
318108,normal,1060,0,1782362330.7141557,0.002402782440185547
318109,normal,3456,0,1782362330.716144,0.0019884109497070312
318110,normal,3470,0,1782362330.71782,0.0016758441925048828
318111,normal,1672,0,1782362330.7198381,0.0020182132720947266
318112,normal,1711,0,1782362330.721774,0.0019359588623046875
318113,normal,1625,0,1782362330.7237291,0.0019550323486328125
318114,normal,2204,0,1782362330.7258003,0.0020711421966552734
318115,normal,3388,1,1782362330.7277522,0.0019519329071044922
318116,normal,1314,0,1782362330.7297444,0.0019922256469726562
318117,normal,3022,0,1782362330.7318358,0.0020914077758789062
318118,normal,3512,0,1782362330.733761,0.0019252300262451172
318119,normal,1995,0,1782362330.7357864,0.0020253658294677734
318120,normal,1738,0,1782362330.737877,0.0020904541015625
318121,normal,3627,0,1782362330.739822,0.0019450187683105469
318122,normal,725,0,1782362330.7417693,0.0019474029541015625
318123,normal,1467,0,1782362330.743849,0.0020797252655029297
318124,normal,2011,0,1782362330.745709,0.001859903335571289
318125,normal,3010,0,1782362330.7477317,0.0020227432250976562
318126,normal,3320,1,1782362330.7498555,0.0021238327026367188
318127,normal,457,0,1782362330.7518406,0.0019850730895996094
318128,normal,1854,0,1782362330.753838,0.0019974708557128906
318129,normal,1088,0,1782362330.7558548,0.002016782760620117
318130,normal,3638,0,1782362330.75776,0.001905202865600586
318131,normal,2844,0,1782362330.7597885,0.0020284652709960938
318132,normal,3196,1,1782362330.7618306,0.002042055130004883
318133,normal,496,0,1782362330.7637675,0.0019369125366210938
318134,normal,10,0,1782362330.7657623,0.0019948482513427734
318135,normal,2870,0,1782362330.7678514,0.0020890235900878906
318136,normal,2930,0,1782362330.76973,0.0018787384033203125
318137,normal,1999,0,1782362330.7717273,0.001997232437133789
318138,normal,2533,0,1782362330.7738068,0.002079486846923828
318139,normal,2319,0,1782362330.7757473,0.0019404888153076172
318140,normal,660,0,1782362330.7778804,0.0021331310272216797
318141,normal,1038,0,1782362330.779781,0.0019006729125976562
318142,normal,63,0,1782362367.2300727,0.0
318143,normal,3357,1,1782362367.23203,0.0019571781158447266
318144,normal,1371,1,1782362367.2340713,0.002041339874267578
318145,normal,3116,1,1782362367.2361114,0.0020401477813720703
318146,normal,2947,0,1782362367.2382178,0.0021064281463623047
318147,normal,2177,0,1782362367.240094,0.0018761157989501953
318148,normal,1429,0,1782362367.2423315,0.002237558364868164
318149,normal,1252,0,1782362367.2440836,0.0017521381378173828
318150,normal,1403,0,1782362367.2461736,0.002089977264404297
318151,normal,1070,0,1782362367.2481346,0.0019609928131103516
318152,normal,1230,0,1782362367.2502787,0.0021440982818603516
318153,normal,3196,1,1782362367.2521167,0.0018379688262939453
318154,normal,1499,0,1782362367.2543237,0.002207040786743164
318155,normal,1804,0,1782362367.2561452,0.0018215179443359375
318156,normal,77,0,1782362367.258096,0.0019507408142089844
318157,normal,2461,0,1782362367.260332,0.0022361278533935547
318158,normal,3246,1,1782362367.2621565,0.0018243789672851562
318159,normal,1895,0,1782362367.2640967,0.0019402503967285156
318160,normal,285,0,1782362367.2663312,0.0022344589233398438
318161,normal,949,2,1782362367.2682507,0.0019195079803466797
318162,normal,1697,0,1782362367.2701037,0.0018529891967773438
318163,normal,2166,0,1782362367.27233,0.0022263526916503906
318164,normal,3229,1,1782362367.2742012,0.0018711090087890625
318165,normal,2025,0,1782362367.2760878,0.001886606216430664
318166,normal,3190,1,1782362367.2783387,0.0022509098052978516
318167,normal,220,0,1782362367.2801802,0.0018415451049804688
318168,normal,2409,0,1782362367.282111,0.0019307136535644531
318169,normal,1051,0,1782362367.2841852,0.0020742416381835938
318170,normal,635,0,1782362367.2862496,0.0020644664764404297
318171,normal,1787,0,1782362367.288128,0.0018782615661621094
318172,normal,2463,0,1782362367.290367,0.0022389888763427734
318173,normal,2411,0,1782362367.2923157,0.0019488334655761719
318174,normal,31,0,1782362367.2941542,0.0018384456634521484
318175,normal,3287,1,1782362367.2971923,0.003038167953491211
318176,normal,538,0,1782362367.2982,0.0010075569152832031
318177,normal,3242,1,1782362367.300488,0.0022881031036376953
318178,normal,2337,0,1782362367.3022466,0.001758575439453125
318179,normal,514,0,1782362367.3044748,0.002228260040283203
318180,normal,1624,0,1782362367.3061602,0.0016853809356689453
318181,normal,531,0,1782362367.3084743,0.0023140907287597656
318182,normal,610,0,1782362367.3102374,0.0017631053924560547
318183,normal,3608,0,1782362367.3126605,0.0024230480194091797
318184,normal,1433,0,1782362367.3142598,0.0015993118286132812
318185,normal,3284,1,1782362367.3164766,0.002216815948486328
318186,normal,2262,0,1782362367.3181596,0.0016829967498779297
318187,normal,799,2,1782362367.3204947,0.002335071563720703
318188,normal,3248,1,1782362367.3223772,0.0018825531005859375
318189,normal,3065,1,1782362367.3242936,0.0019164085388183594
318190,normal,2995,0,1782362367.3263435,0.0020499229431152344
318191,normal,3611,0,1782362367.3284807,0.0021371841430664062
318192,normal,2400,0,1782362367.3301506,0.0016698837280273438
318193,normal,224,0,1782362367.3325038,0.002353191375732422
318194,normal,2780,0,1782362367.334293,0.001789093017578125
318195,normal,1073,0,1782362367.3361642,0.001871347427368164
318196,normal,3479,0,1782362367.338503,0.0023386478424072266
318197,normal,2936,0,1782362367.3402674,0.001764535903930664
318198,normal,2031,0,1782362367.342343,0.002075672149658203
318199,normal,2056,0,1782362367.3442826,0.001939535140991211
318200,normal,3542,0,1782362367.346369,0.0020864009857177734
318201,normal,2891,0,1782362367.3482883,0.0019192695617675781
318202,normal,3312,1,1782362367.3501635,0.001875162124633789
318203,normal,652,0,1782362367.3521812,0.0020177364349365234
318204,normal,1668,0,1782362367.3541126,0.0019314289093017578
318205,normal,2861,0,1782362367.3561354,0.0020227432250976562
318206,normal,3551,0,1782362367.3583002,0.0021648406982421875
318207,normal,1348,1,1782362367.360123,0.0018227100372314453
318208,normal,1274,0,1782362367.362171,0.002048015594482422
318209,normal,1120,0,1782362367.3643234,0.0021524429321289062
318210,normal,1286,0,1782362367.366128,0.0018045902252197266
318211,normal,1059,0,1782362367.3683069,0.0021789073944091797
318212,normal,3500,0,1782362367.3703718,0.002064943313598633
318213,normal,1438,0,1782362367.3722973,0.0019254684448242188
318214,normal,2007,0,1782362367.3743908,0.0020935535430908203
318215,normal,3687,0,1782362367.376457,0.0020661354064941406
318216,normal,2806,0,1782362367.3781552,0.0016982555389404297
318217,normal,2504,0,1782362367.3804584,0.0023031234741210938
318218,normal,1219,0,1782362367.3821583,0.0016999244689941406
318219,normal,3558,0,1782362367.3841567,0.001998424530029297
318220,normal,1397,0,1782362367.3863158,0.00215911865234375
318221,normal,121,0,1782362367.3883624,0.0020465850830078125
318222,normal,2273,0,1782362367.3903162,0.0019538402557373047
318223,normal,3076,1,1782362367.3923721,0.0020558834075927734
318224,normal,1412,0,1782362367.3944268,0.0020546913146972656
318225,normal,1582,0,1782362367.3961573,0.0017304420471191406
318226,normal,2433,0,1782362367.3984928,0.0023355484008789062
318227,normal,3326,1,1782362367.40021,0.0017170906066894531
318228,normal,1747,0,1782362367.4030826,0.0028727054595947266
318229,normal,2666,0,1782362367.4042096,0.001127004623413086
318230,normal,2779,0,1782362367.4064763,0.0022666454315185547
318231,normal,201,0,1782362367.4081607,0.001684427261352539
318232,normal,1899,0,1782362367.4105196,0.0023589134216308594
318233,normal,256,0,1782362367.4121974,0.0016777515411376953
318234,normal,1147,0,1782362367.4145834,0.0023860931396484375
318235,normal,2918,0,1782362367.4162078,0.0016243457794189453
318236,normal,2938,0,1782362367.419518,0.0033102035522460938
318237,normal,465,0,1782362367.420171,0.0006530284881591797
318238,normal,1561,0,1782362367.4223204,0.002149343490600586
318239,normal,1144,0,1782362367.4243789,0.0020585060119628906
318240,normal,3153,1,1782362367.4263036,0.001924753189086914
318241,normal,545,0,1782362367.4283779,0.0020742416381835938
318242,normal,3590,0,1782362367.4302826,0.0019047260284423828
318243,normal,1605,0,1782362367.432635,0.002352476119995117
318244,normal,1016,2,1782362367.4341993,0.0015642642974853516
318245,normal,1638,0,1782362367.4363863,0.002187013626098633
318246,normal,1569,0,1782362367.4383698,0.0019834041595458984
318247,normal,1298,0,1782362367.4403312,0.0019614696502685547
318248,normal,271,0,1782362367.4423223,0.0019910335540771484
318249,normal,1887,0,1782362367.4442818,0.001959562301635742
318250,normal,932,2,1782362367.4464357,0.0021538734436035156
318251,normal,503,0,1782362367.4483316,0.001895904541015625
318252,normal,1907,0,1782362367.4507391,0.002407550811767578
318253,normal,1261,0,1782362367.4523158,0.0015766620635986328
318254,normal,1321,1,1782362367.4543614,0.0020456314086914062
318255,normal,2872,0,1782362367.4563012,0.0019397735595703125
318256,normal,743,0,1782362367.458381,0.0020797252655029297
318257,normal,1221,0,1782362367.4604428,0.0020618438720703125
318258,normal,1249,0,1782362367.4627724,0.002329587936401367
318259,normal,1894,0,1782362367.4643393,0.0015668869018554688
318260,normal,1042,0,1782362367.4662504,0.001911163330078125
318261,normal,956,2,1782362367.468291,0.0020406246185302734
318262,normal,3247,1,1782362367.470385,0.0020940303802490234
318263,normal,3253,1,1782362367.4724777,0.002092599868774414
318264,normal,1243,0,1782362367.4745226,0.0020449161529541016
318265,normal,3302,1,1782362367.4763284,0.0018057823181152344
318266,normal,630,0,1782362367.4783401,0.0020117759704589844
318267,normal,2740,0,1782362367.4802933,0.001953125
318268,normal,2184,0,1782362367.4823875,0.002094268798828125
318269,normal,3647,0,1782362367.484448,0.002060413360595703
318270,normal,914,2,1782362367.486172,0.0017240047454833984
318271,normal,1897,0,1782362367.4883103,0.002138376235961914
318272,normal,1504,0,1782362367.4904408,0.0021305084228515625
318273,normal,2255,0,1782362367.4922917,0.0018508434295654297
318274,normal,890,2,1782362367.4943619,0.002070188522338867
318275,normal,1609,0,1782362367.4964812,0.002119302749633789
318276,normal,1966,0,1782362367.498147,0.0016658306121826172
318277,normal,75,0,1782362367.5005138,0.002366781234741211
318278,normal,2203,0,1782362367.5022416,0.0017278194427490234
318279,normal,1577,0,1782362367.5042894,0.0020477771759033203
318280,normal,3629,0,1782362367.5064375,0.002148151397705078
318281,normal,1821,0,1782362367.5083947,0.0019571781158447266
318282,normal,1942,0,1782362367.5107284,0.0023336410522460938
318283,normal,360,0,1782362367.5123556,0.001627206802368164
318284,normal,1185,0,1782362367.5143309,0.0019752979278564453
318285,normal,119,0,1782362367.5161524,0.0018215179443359375
318286,normal,53,0,1782362367.5188782,0.002725839614868164
318287,normal,1729,0,1782362367.5202484,0.0013701915740966797
318288,normal,2876,0,1782362367.523122,0.002873659133911133
318289,normal,3391,1,1782362367.5241945,0.0010724067687988281
318290,normal,3420,0,1782362367.5263908,0.0021963119506835938
318291,normal,2134,0,1782362367.5281515,0.001760721206665039
318292,normal,2266,0,1782362367.530575,0.002423524856567383
318293,normal,430,0,1782362367.5323484,0.0017733573913574219
318294,normal,1892,0,1782362367.5343082,0.0019598007202148438
318295,normal,417,0,1782362367.536391,0.00208282470703125
318296,normal,2594,0,1782362367.5384278,0.0020368099212646484
318297,normal,233,0,1782362367.5401576,0.001729726791381836
318298,normal,3678,0,1782362367.5425038,0.0023462772369384766
318299,normal,2142,0,1782362367.5442245,0.0017206668853759766
318300,normal,151,0,1782362367.5470471,0.0028226375579833984
318301,normal,3630,0,1782362367.5481684,0.0011212825775146484
318302,normal,1362,1,1782362367.5504613,0.0022928714752197266
318303,normal,3052,1,1782362367.5521562,0.0016949176788330078
318304,normal,3554,0,1782362367.5543113,0.0021550655364990234
318305,normal,706,0,1782362367.556194,0.001882791519165039
318306,normal,2961,0,1782362367.5582952,0.0021011829376220703
318307,normal,390,0,1782362367.5603955,0.002100229263305664
318308,normal,1879,0,1782362367.5624838,0.002088308334350586
318309,normal,559,0,1782362367.564155,0.0016713142395019531
318310,normal,3314,1,1782362367.5664942,0.0023391246795654297
318311,normal,101,0,1782362367.5683415,0.0018472671508789062
318312,normal,2418,0,1782362367.570938,0.002596616744995117
318313,normal,1740,0,1782362367.572209,0.0012707710266113281
318314,normal,155,0,1782362367.5745118,0.002302885055541992
318315,normal,3256,1,1782362367.576153,0.0016412734985351562
318316,normal,2441,0,1782362367.5782835,0.0021305084228515625
318317,normal,588,0,1782362367.5803764,0.0020928382873535156
318318,normal,3649,0,1782362367.5822861,0.0019097328186035156
318319,normal,829,2,1782362367.5843813,0.0020952224731445312
318320,normal,416,0,1782362367.5864916,0.0021102428436279297
318321,normal,969,2,1782362367.5881555,0.0016639232635498047
318322,normal,1548,0,1782362367.5903141,0.002158641815185547
318323,normal,1989,0,1782362367.5923483,0.0020341873168945312
318324,normal,1480,0,1782362367.594282,0.0019335746765136719
318325,normal,1351,1,1782362367.596396,0.0021140575408935547
318326,normal,413,0,1782362367.5984912,0.0020952224731445312
318327,normal,1012,2,1782362367.6001441,0.0016529560089111328
318328,normal,3053,1,1782362367.602518,0.002373933792114258
318329,normal,3071,1,1782362367.604204,0.0016858577728271484
318330,normal,347,0,1782362367.6064584,0.002254486083984375
318331,normal,3389,1,1782362367.6082256,0.0017671585083007812
318332,normal,147,0,1782362367.6104841,0.0022585391998291016
318333,normal,3614,0,1782362367.6121628,0.0016787052154541016
318334,normal,3707,0,1782362367.6143162,0.0021533966064453125
318335,normal,1126,0,1782362367.6163442,0.0020279884338378906
318336,normal,457,0,1782362367.6182861,0.0019419193267822266
318337,normal,2212,0,1782362367.6204426,0.002156496047973633
318338,normal,2048,0,1782362367.6224825,0.0020399093627929688
318339,normal,2349,0,1782362367.6241465,0.0016639232635498047
318340,normal,1039,0,1782362367.6263187,0.002172231674194336
318341,normal,2738,0,1782362367.628359,0.002040386199951172
318342,normal,3669,0,1782362367.630285,0.0019259452819824219
318343,normal,904,2,1782362367.632447,0.0021619796752929688
318344,normal,2066,0,1782362367.6344843,0.0020372867584228516
318345,normal,1882,0,1782362367.6361518,0.0016674995422363281
318346,normal,2475,0,1782362367.6382496,0.0020978450775146484
318347,normal,894,2,1782362367.6404746,0.0022249221801757812
318348,normal,1212,0,1782362367.6421423,0.0016677379608154297
318349,normal,3436,0,1782362367.644531,0.0023887157440185547
318350,normal,2200,0,1782362367.6462166,0.0016856193542480469
318351,normal,1366,1,1782362367.64845,0.002233266830444336
318352,normal,318,0,1782362367.650243,0.0017931461334228516
318353,normal,2258,0,1782362367.6525047,0.002261638641357422
318354,normal,2219,0,1782362367.654146,0.0016412734985351562
318355,normal,3151,1,1782362367.6562383,0.0020923614501953125
318356,normal,768,0,1782362367.6583006,0.0020623207092285156
318357,normal,1263,0,1782362367.6601138,0.0018131732940673828
318358,normal,2453,0,1782362367.6623597,0.0022459030151367188
318359,normal,1304,0,1782362367.664386,0.0020263195037841797
318360,normal,265,0,1782362367.666304,0.0019180774688720703
318361,normal,2161,0,1782362367.6682518,0.001947641372680664
318362,normal,883,2,1782362367.670489,0.0022373199462890625
318363,normal,1748,0,1782362367.6721635,0.0016744136810302734
318364,normal,1426,0,1782362367.6745367,0.002373218536376953
318365,normal,566,0,1782362367.676267,0.001730203628540039
318366,normal,1465,0,1782362367.679196,0.0029289722442626953
318367,normal,877,2,1782362367.6801677,0.0009717941284179688
318368,normal,2013,0,1782362367.6824448,0.0022771358489990234
318369,normal,2114,0,1782362367.684162,0.0017170906066894531
318370,normal,2709,0,1782362367.6864398,0.002277851104736328
318371,normal,2378,0,1782362367.6882854,0.0018455982208251953
318372,normal,242,0,1782362367.6901572,0.0018718242645263672
318373,normal,1529,0,1782362367.6924598,0.0023026466369628906
318374,normal,1364,1,1782362367.6943161,0.0018563270568847656
318375,normal,354,0,1782362367.6962857,0.001969575881958008
318376,normal,2887,0,1782362367.6983752,0.0020895004272460938
318377,normal,2186,0,1782362367.7004755,0.002100229263305664
318378,normal,3691,0,1782362367.7027142,0.002238750457763672
318379,normal,2751,0,1782362367.7043798,0.0016655921936035156
318380,normal,3289,1,1782362367.70632,0.0019402503967285156
318381,normal,2417,0,1782362367.7082918,0.001971721649169922
318382,normal,1714,0,1782362367.7103064,0.002014636993408203
318383,normal,1908,0,1782362367.7123966,0.0020902156829833984
318384,normal,1976,0,1782362367.7147105,0.002313852310180664
318385,normal,1981,0,1782362367.7162254,0.0015149116516113281
318386,normal,694,0,1782362367.7185056,0.0022802352905273438
318387,normal,3683,0,1782362367.7201529,0.0016472339630126953
318388,normal,3457,0,1782362367.722442,0.0022890567779541016
318389,normal,2789,0,1782362367.7243056,0.001863718032836914
318390,normal,2688,0,1782362367.7263265,0.0020208358764648438
318391,normal,749,0,1782362367.7283921,0.0020656585693359375
318392,normal,2314,0,1782362367.7304356,0.002043485641479492
318393,normal,3563,0,1782362367.7322402,0.0018045902252197266
318394,normal,3131,1,1782362367.7344904,0.002250194549560547
318395,normal,1482,0,1782362367.7361507,0.0016603469848632812
318396,normal,2010,0,1782362367.7389178,0.0027670860290527344
318397,normal,1009,2,1782362367.7402437,0.001325845718383789
318398,normal,3189,1,1782362367.742453,0.0022094249725341797
318399,normal,95,0,1782362367.7441528,0.001699686050415039
318400,normal,3297,1,1782362367.835232,0.0910792350769043
318401,normal,2230,0,1782362367.8353016,6.961822509765625e-05
318402,normal,3035,0,1782362367.8353322,3.0517578125e-05
318403,normal,1276,0,1782362367.8353539,2.1696090698242188e-05
318404,normal,1994,0,1782362367.835376,2.2172927856445312e-05
318405,normal,2477,0,1782362367.8353956,1.9550323486328125e-05
318406,normal,1772,0,1782362367.8354237,2.8133392333984375e-05
318407,normal,2188,0,1782362367.835445,2.1219253540039062e-05
318408,normal,1621,0,1782362367.8354645,1.9550323486328125e-05
318409,normal,2152,0,1782362367.8354838,1.9311904907226562e-05
318410,normal,1061,0,1782362367.8355026,1.8835067749023438e-05
318411,normal,3072,1,1782362367.8355246,2.193450927734375e-05
318412,normal,3147,1,1782362367.8355439,1.9311904907226562e-05
318413,normal,909,2,1782362367.8355649,2.09808349609375e-05
318445,normal,762,0,1782362367.8360507,0.0004858970642089844
318446,normal,3680,0,1782362367.8380837,0.0020329952239990234
318447,normal,2631,0,1782362367.8400438,0.0019600391387939453
318448,normal,1202,0,1782362367.8421333,0.0020895004272460938
318449,normal,1671,0,1782362367.8442457,0.0021123886108398438
318450,normal,3313,1,1782362367.8460538,0.00180816650390625
318451,normal,3155,1,1782362367.848357,0.0023031234741210938
318452,normal,2875,0,1782362367.8503,0.0019431114196777344
318453,normal,2641,0,1782362367.8521204,0.0018203258514404297
318454,normal,2797,0,1782362367.8543425,0.0022220611572265625
318455,normal,1182,0,1782362367.8563285,0.0019860267639160156
318456,normal,1873,0,1782362367.8581226,0.0017940998077392578
318457,normal,2866,0,1782362367.8603568,0.002234220504760742
318458,normal,246,0,1782362367.8623269,0.001970052719116211
318459,normal,2609,0,1782362367.8641224,0.0017955303192138672
318460,normal,3526,0,1782362367.8663855,0.0022630691528320312
318461,normal,1347,1,1782362367.8683634,0.0019779205322265625
318462,normal,785,2,1782362367.8701253,0.0017619132995605469
318463,normal,576,0,1782362367.872192,0.0020666122436523438
318464,normal,783,2,1782362367.8743834,0.0021915435791015625
318465,normal,1903,0,1782362367.8761213,0.001737833023071289
318466,normal,3661,0,1782362367.8781967,0.0020754337310791016
318467,normal,1651,0,1782362367.880336,0.0021393299102783203
318468,normal,3342,1,1782362367.8821113,0.0017752647399902344
318469,normal,641,0,1782362367.884206,0.002094745635986328
318470,normal,339,0,1782362367.8863385,0.002132415771484375
318471,normal,1052,0,1782362367.8881216,0.001783132553100586
318472,normal,908,2,1782362367.890205,0.002083301544189453
318473,normal,978,2,1782362367.8923259,0.0021209716796875
318474,normal,536,0,1782362367.8941102,0.0017843246459960938
318475,normal,1893,0,1782362367.8962126,0.002102375030517578
318476,normal,1497,0,1782362367.8983347,0.002122163772583008
318477,normal,1827,0,1782362367.900127,0.0017921924591064453
318478,normal,945,2,1782362367.9022067,0.0020797252655029297
318479,normal,1011,2,1782362367.904347,0.0021402835845947266
318480,normal,387,0,1782362367.9061112,0.0017642974853515625
318481,normal,1764,0,1782362367.9082177,0.0021064281463623047
318482,normal,176,0,1782362367.910334,0.0021164417266845703
318483,normal,1407,0,1782362367.9121218,0.0017876625061035156
318484,normal,3375,1,1782362367.9142134,0.002091646194458008
318485,normal,3602,0,1782362367.9163296,0.0021162033081054688
318486,normal,156,0,1782362367.9181101,0.0017805099487304688
318487,normal,2366,0,1782362367.9202244,0.0021142959594726562
318488,normal,2945,0,1782362367.922332,0.0021076202392578125
318489,normal,1831,0,1782362367.9241261,0.0017940998077392578
318490,normal,3150,1,1782362367.9262187,0.002092599868774414
318491,normal,2264,0,1782362367.9283326,0.002113819122314453
318492,normal,766,0,1782362367.9301107,0.0017781257629394531
318493,normal,850,2,1782362367.9322052,0.0020945072174072266
318494,normal,98,0,1782362367.9343348,0.0021295547485351562
318495,normal,603,0,1782362367.9361207,0.0017859935760498047
318496,normal,1149,0,1782362367.9382243,0.002103567123413086
318497,normal,3239,1,1782362367.940279,0.0020546913146972656
318498,normal,2880,0,1782362367.9421086,0.0018296241760253906
318499,normal,569,0,1782362367.9443674,0.002258777618408203
318500,normal,3100,1,1782362367.9462788,0.0019114017486572266
318501,normal,459,0,1782362367.9481182,0.0018393993377685547
318502,normal,1767,0,1782362367.95043,0.00231170654296875
318503,normal,1890,0,1782362367.952246,0.0018160343170166016
318504,normal,190,0,1782362367.9541507,0.0019047260284423828
318505,normal,3532,0,1782362367.9562244,0.0020737648010253906
318506,normal,2833,0,1782362367.9585192,0.002294778823852539
318507,normal,3213,1,1782362367.960125,0.0016057491302490234
318508,normal,1195,0,1782362367.9623053,0.002180337905883789
318509,normal,3546,0,1782362367.9643624,0.0020570755004882812
318510,normal,1215,0,1782362367.9661112,0.001748800277709961
318511,normal,145,0,1782362367.9682977,0.0021865367889404297
318512,normal,1040,0,1782362367.9703202,0.0020225048065185547
318513,normal,3110,1,1782362367.9721217,0.0018014907836914062
318514,normal,974,2,1782362367.9743083,0.0021865367889404297
318515,normal,2548,0,1782362367.976313,0.002004861831665039
318516,normal,873,2,1782362367.9781106,0.0017974376678466797
318517,normal,2559,0,1782362367.980299,0.002188444137573242
318518,normal,3495,0,1782362367.9823158,0.002016782760620117
318519,normal,3002,0,1782362367.9841208,0.0018050670623779297
318520,normal,3070,1,1782362367.9863114,0.0021905899047851562
318521,normal,497,0,1782362367.9881783,0.0018668174743652344
318522,normal,79,0,1782362367.9903045,0.0021262168884277344
318523,normal,3617,0,1782362367.992144,0.0018396377563476562
318524,normal,1209,0,1782362367.9943233,0.0021791458129882812
318525,normal,442,0,1782362367.9961202,0.0017969608306884766
318526,normal,1650,0,1782362367.9983177,0.0021975040435791016
318527,normal,1910,0,1782362368.0003204,0.002002716064453125
318528,normal,1376,1,1782362368.0021172,0.001796722412109375
318529,normal,1928,0,1782362368.0043094,0.002192258834838867
318530,normal,3571,0,1782362368.0063372,0.002027750015258789
318531,normal,2713,0,1782362368.0081227,0.0017855167388916016
318532,normal,1083,0,1782362368.01032,0.002197265625
318533,normal,291,0,1782362368.0123057,0.001985788345336914
318534,normal,1636,0,1782362368.0141094,0.0018036365509033203
318535,normal,1187,0,1782362368.0163121,0.002202749252319336
318536,normal,1669,0,1782362368.0182421,0.0019299983978271484
318537,normal,2260,0,1782362368.0201201,0.0018780231475830078
318538,normal,3212,1,1782362368.0223336,0.0022134780883789062
318539,normal,3478,0,1782362368.0243084,0.001974821090698242
318540,normal,2917,0,1782362368.0261104,0.0018019676208496094
318541,normal,1855,0,1782362368.0283062,0.0021958351135253906
318542,normal,3308,1,1782362368.0303233,0.0020170211791992188
318543,normal,267,0,1782362368.0323305,0.0020072460174560547
318544,normal,141,0,1782362368.034164,0.0018334388732910156
318545,normal,1369,1,1782362368.036625,0.002460956573486328
318546,normal,2660,0,1782362368.0383236,0.0016987323760986328
318547,normal,3385,1,1782362368.0402882,0.001964569091796875
318548,normal,9,0,1782362368.0423558,0.00206756591796875
318549,normal,833,2,1782362368.0442812,0.0019254684448242188
318550,normal,240,0,1782362368.046327,0.002045869827270508
318551,normal,976,2,1782362368.0484538,0.0021266937255859375
318552,normal,788,2,1782362368.050147,0.0016932487487792969
318553,normal,841,2,1782362368.0523467,0.0021996498107910156
318554,normal,1741,0,1782362368.0545042,0.002157449722290039
318555,normal,897,2,1782362368.0561466,0.001642465591430664
318556,normal,306,0,1782362368.0585172,0.002370595932006836
318557,normal,2055,0,1782362368.0602064,0.0016891956329345703
318558,normal,289,0,1782362368.0624654,0.0022590160369873047
318559,normal,3238,1,1782362368.0641506,0.0016851425170898438
318560,normal,1155,0,1782362368.066504,0.0023534297943115234
318561,normal,2058,0,1782362368.0681424,0.0016384124755859375
318562,normal,3335,1,1782362368.0706053,0.0024628639221191406
318563,normal,1019,2,1782362368.072327,0.0017216205596923828
318564,normal,2036,0,1782362368.074272,0.0019450187683105469
318565,normal,106,0,1782362368.076169,0.0018970966339111328
318566,normal,718,0,1782362368.0783958,0.0022268295288085938
318567,normal,2883,0,1782362368.080283,0.0018870830535888672
318568,normal,1579,0,1782362368.082165,0.0018820762634277344
318569,normal,2099,0,1782362368.084249,0.002084016799926758
318570,normal,3631,0,1782362368.0861254,0.0018763542175292969
318571,normal,1959,0,1782362368.0883625,0.002237081527709961
318572,normal,1393,0,1782362368.0903106,0.0019481182098388672
318573,normal,858,2,1782362368.0921485,0.0018379688262939453
318574,normal,3513,0,1782362368.094535,0.0023865699768066406
318575,normal,3559,0,1782362368.0962772,0.0017421245574951172
318576,normal,1759,0,1782362368.0982902,0.002012968063354492
318577,normal,2522,0,1782362368.1003618,0.0020716190338134766
318578,normal,1312,0,1782362368.1024024,0.0020406246185302734
318579,normal,1183,0,1782362368.1047666,0.0023641586303710938
318580,normal,1578,0,1782362368.1063445,0.0015778541564941406
318581,normal,288,0,1782362368.1083272,0.0019826889038085938
318582,normal,1735,0,1782362368.110295,0.001967906951904297
318583,normal,624,0,1782362368.1123033,0.002008199691772461
318584,normal,1725,0,1782362368.11437,0.0020668506622314453
318585,normal,2729,0,1782362368.1161487,0.0017786026000976562
318586,normal,3378,1,1782362368.11855,0.0024013519287109375
318587,normal,2226,0,1782362368.1201975,0.0016474723815917969
318588,normal,1584,0,1782362368.122457,0.002259492874145508
318589,normal,2536,0,1782362368.124372,0.00191497802734375
318590,normal,26,0,1782362368.126477,0.0021049976348876953
318591,normal,975,2,1782362368.128317,0.0018401145935058594
318592,normal,1535,0,1782362368.1303227,0.0020055770874023438
318593,normal,550,0,1782362368.132328,0.002005338668823242
318594,normal,1795,0,1782362368.1342824,0.001954317092895508
318595,normal,1148,0,1782362368.1363533,0.002070903778076172
318596,normal,1888,0,1782362368.138581,0.002227783203125
318597,normal,2171,0,1782362368.1403189,0.001737833023071289
318598,normal,3482,0,1782362368.142236,0.001917123794555664
318599,normal,773,2,1782362368.144178,0.0019419193267822266
318600,normal,1087,0,1782362368.1462266,0.0020487308502197266
318601,normal,1164,0,1782362368.1481543,0.0019276142120361328
318602,normal,248,0,1782362368.1502783,0.0021240711212158203
318603,normal,76,0,1782362368.1520758,0.0017974376678466797
318604,normal,1487,0,1782362368.154727,0.002651214599609375
318605,normal,2979,0,1782362368.1562684,0.0015413761138916016
318606,normal,3462,0,1782362368.1582892,0.0020208358764648438
318607,normal,1996,0,1782362368.160374,0.0020847320556640625
318608,normal,935,2,1782362368.1624758,0.002101898193359375
318609,normal,862,2,1782362368.1641467,0.00167083740234375
318610,normal,3643,0,1782362368.1665199,0.002373218536376953
318611,normal,507,0,1782362368.168178,0.0016582012176513672
318612,normal,2199,0,1782362368.1704495,0.002271413803100586
318613,normal,276,0,1782362368.1721456,0.0016961097717285156
318614,normal,2910,0,1782362368.1744866,0.002341032028198242
318615,normal,1235,0,1782362368.176147,0.0016603469848632812
318616,normal,2250,0,1782362368.1785486,0.002401590347290039
318617,normal,3603,0,1782362368.1801863,0.0016376972198486328
318618,normal,3384,1,1782362368.1824527,0.002266407012939453
318619,normal,2836,0,1782362368.1842325,0.001779794692993164
318620,normal,275,0,1782362368.1864738,0.002241373062133789
318621,normal,14,0,1782362368.1881597,0.0016858577728271484
318622,normal,1294,0,1782362368.190562,0.0024023056030273438
318623,normal,2911,0,1782362368.1921773,0.001615285873413086
318624,normal,780,2,1782362368.1944554,0.0022780895233154297
318625,normal,1037,0,1782362368.1962385,0.001783132553100586
318626,normal,2677,0,1782362368.1984966,0.0022580623626708984
318627,normal,2283,0,1782362368.2001462,0.001649618148803711
318628,normal,3393,1,1782362368.2025597,0.002413511276245117
318629,normal,508,0,1782362368.2041707,0.0016109943389892578
318630,normal,3410,0,1782362368.2064514,0.002280712127685547
318631,normal,2800,0,1782362368.2082424,0.0017910003662109375
318632,normal,1116,0,1782362368.21047,0.0022275447845458984
318633,normal,3115,1,1782362368.2121437,0.0016736984252929688
318634,normal,3432,0,1782362368.2145472,0.0024034976959228516
318635,normal,530,0,1782362368.216176,0.001628875732421875
318636,normal,2870,0,1782362368.218452,0.0022759437561035156
318637,normal,1278,0,1782362368.2202497,0.0017976760864257812
318638,normal,2528,0,1782362368.222472,0.002222299575805664
318639,normal,2339,0,1782362368.2243257,0.0018537044525146484
318640,normal,3411,0,1782362368.2263556,0.002029895782470703
318641,normal,523,0,1782362368.2283206,0.001965045928955078
318642,normal,2501,0,1782362368.2302802,0.001959562301635742
318643,normal,3489,0,1782362368.2325735,0.0022933483123779297
318644,normal,3468,0,1782362368.2341728,0.0015993118286132812
318645,normal,714,0,1782362368.2364638,0.002290964126586914
318646,normal,2804,0,1782362368.2384534,0.001989603042602539
318647,normal,1146,0,1782362368.2404902,0.0020368099212646484
318648,normal,1881,0,1782362368.242145,0.0016548633575439453
318649,normal,1272,0,1782362368.2445872,0.0024421215057373047
318650,normal,1253,0,1782362368.2461908,0.0016036033630371094
318651,normal,2156,0,1782362368.2484493,0.0022585391998291016
318652,normal,2682,0,1782362368.2503788,0.0019295215606689453
318653,normal,181,0,1782362368.2523105,0.0019316673278808594
318654,normal,458,0,1782362368.2542763,0.001965761184692383
318655,normal,3560,0,1782362368.2567627,0.0024864673614501953
318656,normal,2540,0,1782362368.2581594,0.0013966560363769531
318657,normal,3672,0,1782362368.26045,0.002290487289428711
318658,normal,3372,1,1782362368.2622435,0.0017936229705810547
318659,normal,1861,0,1782362368.2644916,0.002248048782348633
318660,normal,752,0,1782362368.2661476,0.0016560554504394531
318661,normal,2342,0,1782362368.2684402,0.002292633056640625
318662,normal,1614,0,1782362368.27029,0.0018496513366699219
318663,normal,307,0,1782362368.2722802,0.0019903182983398438
318664,normal,2783,0,1782362368.2743077,0.0020275115966796875
318665,normal,2202,0,1782362368.276638,0.002330303192138672
318666,normal,2259,0,1782362368.2781465,0.001508474349975586
318667,normal,847,2,1782362368.2804902,0.0023436546325683594
318668,normal,2850,0,1782362368.2822957,0.0018055438995361328
318669,normal,1345,1,1782362368.2842782,0.001982450485229492
318670,normal,3564,0,1782362368.2863147,0.002036571502685547
318671,normal,621,0,1782362368.2884977,0.0021829605102539062
318672,normal,1496,0,1782362368.2903216,0.0018239021301269531
318673,normal,3664,0,1782362368.292275,0.0019533634185791016
318674,normal,1732,0,1782362368.2943137,0.002038717269897461
318675,normal,2077,0,1782362368.2962804,0.001966714859008789
318676,normal,2716,0,1782362368.2984989,0.002218484878540039
318677,normal,2571,0,1782362368.300313,0.001814126968383789
318678,normal,3620,0,1782362368.302283,0.001970052719116211
318679,normal,501,0,1782362368.304322,0.0020389556884765625
318680,normal,2222,0,1782362368.306501,0.0021789073944091797
318681,normal,891,2,1782362368.308319,0.0018181800842285156
318682,normal,2925,0,1782362368.310299,0.001979827880859375
318683,normal,3270,1,1782362368.3123293,0.0020303726196289062
318684,normal,1562,0,1782362368.3143044,0.0019750595092773438
318685,normal,2353,0,1782362368.3161755,0.0018711090087890625
318686,normal,2851,0,1782362368.3184748,0.0022993087768554688
318687,normal,62,0,1782362368.320313,0.0018382072448730469
318688,normal,905,2,1782362368.3223042,0.00199127197265625
318689,normal,2514,0,1782362368.3243113,0.002007007598876953
318690,normal,1519,0,1782362368.326289,0.001977682113647461
318691,normal,3537,0,1782362368.3284936,0.0022046566009521484
318692,normal,930,2,1782362368.3301744,0.0016808509826660156
318693,normal,1634,0,1782362368.3324516,0.0022771358489990234
318694,normal,2741,0,1782362368.334528,0.002076387405395508
318695,normal,2195,0,1782362368.3361707,0.0016427040100097656
318696,normal,3424,0,1782362368.3384492,0.002278566360473633
318697,normal,2023,0,1782362368.3401828,0.001733541488647461
318698,normal,3704,0,1782362368.3424292,0.002246379852294922
318699,normal,721,0,1782362368.3441427,0.0017135143280029297
318700,normal,3087,1,1782362368.3465137,0.002371072769165039
318701,normal,1517,0,1782362368.34818,0.0016663074493408203
318702,normal,3218,1,1782362368.350107,0.0019268989562988281
318703,normal,1303,0,1782362368.3520947,0.0019876956939697266
318704,normal,2770,0,1782362368.3541248,0.0020301342010498047
318705,normal,2308,0,1782362368.3562934,0.0021686553955078125
318706,normal,869,2,1782362368.3581848,0.0018913745880126953
318707,normal,2386,0,1782362368.3602598,0.0020749568939208984
318708,normal,2573,0,1782362368.362102,0.0018422603607177734
318709,normal,3362,1,1782362368.364344,0.002241849899291992
318710,normal,3192,1,1782362368.3664687,0.002124786376953125
318711,normal,357,0,1782362368.3681262,0.0016574859619140625
318712,normal,1970,0,1782362368.3702774,0.0021512508392333984
318713,normal,3074,1,1782362368.3721442,0.0018668174743652344
318714,normal,2141,0,1782362368.3742604,0.0021162033081054688
318715,normal,142,0,1782362368.376157,0.0018966197967529297
318716,normal,2105,0,1782362368.3782756,0.0021185874938964844
318717,normal,160,0,1782362368.3801184,0.0018427371978759766
318718,normal,163,0,1782362368.3822796,0.002161264419555664
318719,normal,366,0,1782362368.3841538,0.0018742084503173828
318720,normal,443,0,1782362368.3862672,0.00211334228515625
318721,normal,1178,0,1782362368.3881676,0.0019004344940185547
318722,normal,2104,0,1782362368.3902347,0.002067089080810547
318723,normal,1930,0,1782362368.3921187,0.0018839836120605469
318724,normal,1198,0,1782362368.3942864,0.0021677017211914062
318725,normal,3337,1,1782362368.3961396,0.0018532276153564453
318726,normal,135,0,1782362368.3982599,0.0021202564239501953
318727,normal,209,0,1782362368.4002862,0.0020263195037841797
318728,normal,476,0,1782362368.4021432,0.0018570423126220703
318729,normal,3498,0,1782362368.404258,0.0021147727966308594
318730,normal,1991,0,1782362368.4062893,0.0020313262939453125
318731,normal,1473,0,1782362368.4081495,0.0018601417541503906
318732,normal,2024,0,1782362368.4102538,0.0021042823791503906
318733,normal,1980,0,1782362368.4122946,0.002040863037109375
318734,normal,214,0,1782362368.41414,0.0018453598022460938
318735,normal,3220,1,1782362368.4162633,0.0021233558654785156
318736,normal,169,0,1782362368.4182334,0.001970052719116211
318737,normal,948,2,1782362368.4201705,0.0019371509552001953
318738,normal,519,0,1782362368.4222515,0.0020809173583984375
318739,normal,1121,0,1782362368.4242957,0.002044200897216797
318740,normal,322,0,1782362368.426138,0.0018422603607177734
318741,normal,3483,0,1782362368.4282546,0.002116680145263672
318742,normal,2506,0,1782362368.4303007,0.0020461082458496094
318743,normal,1168,0,1782362368.432146,0.0018453598022460938
318744,normal,2824,0,1782362368.434258,0.0021119117736816406
318745,normal,2529,0,1782362368.4363043,0.002046346664428711
318746,normal,1443,0,1782362368.4381402,0.0018358230590820312
318747,normal,1969,0,1782362368.4402535,0.00211334228515625
318748,normal,149,0,1782362368.4423096,0.002056121826171875
318749,normal,1208,0,1782362368.444157,0.0018472671508789062
318750,normal,2564,0,1782362368.4462547,0.0020978450775146484
318751,normal,3374,1,1782362368.4483123,0.0020575523376464844
318752,normal,243,0,1782362368.4501421,0.0018298625946044922
318753,normal,3022,0,1782362368.4522533,0.002111196517944336
318754,normal,3589,0,1782362368.4543076,0.0020542144775390625
318755,normal,2577,0,1782362368.4561596,0.0018520355224609375
318756,normal,1760,0,1782362368.458114,0.001954317092895508
318757,normal,1207,0,1782362368.4603262,0.0022122859954833984
318758,normal,3198,1,1782362368.462141,0.0018148422241210938
318759,normal,671,0,1782362368.46425,0.002109050750732422
318760,normal,2519,0,1782362368.4661937,0.0019435882568359375
318761,normal,1254,0,1782362368.4682772,0.0020835399627685547
318762,normal,3180,1,1782362368.4701204,0.0018432140350341797
318763,normal,310,0,1782362368.4723184,0.0021979808807373047
318764,normal,1194,0,1782362368.4741433,0.0018248558044433594
318765,normal,2457,0,1782362368.4762888,0.002145528793334961
318766,normal,803,2,1782362368.4781966,0.0019078254699707031
318767,normal,3453,0,1782362368.4802706,0.002074003219604492
318768,normal,2028,0,1782362368.482114,0.0018434524536132812
318769,normal,410,0,1782362368.4843364,0.002222299575805664
318770,normal,3544,0,1782362368.486141,0.0018045902252197266
318771,normal,500,0,1782362368.4882524,0.0021114349365234375
318772,normal,1481,0,1782362368.4903355,0.0020830631256103516
318773,normal,2214,0,1782362368.4921584,0.0018229484558105469
318774,normal,1138,0,1782362368.494256,0.002097606658935547
318775,normal,611,0,1782362368.4963293,0.0020732879638671875
318776,normal,376,0,1782362368.4981408,0.0018115043640136719
318777,normal,198,0,1782362368.500254,0.0021131038665771484
318778,normal,2415,0,1782362368.5022695,0.0020155906677246094
318779,normal,3098,1,1782362368.504165,0.0018954277038574219
318780,normal,2595,0,1782362368.5063636,0.0021986961364746094
318781,normal,1224,0,1782362368.508234,0.0018703937530517578
318782,normal,3444,0,1782362368.51015,0.0019159317016601562
318783,normal,84,0,1782362368.5122542,0.0021042823791503906
318784,normal,1328,1,1782362368.5142395,0.001985311508178711
318785,normal,3143,1,1782362368.5161426,0.0019030570983886719
318786,normal,2288,0,1782362368.5182557,0.0021131038665771484
318787,normal,574,0,1782362368.5202405,0.001984834671020508
318788,normal,2478,0,1782362368.5221431,0.0019025802612304688
318789,normal,917,2,1782362368.5242553,0.002112150192260742
318790,normal,2542,0,1782362368.526243,0.0019876956939697266
318791,normal,2958,0,1782362368.5281434,0.0019004344940185547
318792,normal,960,2,1782362368.5302515,0.0021080970764160156
318793,normal,821,2,1782362368.5322459,0.0019943714141845703
318794,normal,3268,1,1782362368.53415,0.0019040107727050781
318795,normal,592,0,1782362368.536253,0.002103090286254883
318796,normal,1542,0,1782362368.5382493,0.001996278762817383
318797,normal,1034,0,1782362368.5401437,0.0018944740295410156
318798,normal,2310,0,1782362368.542255,0.002111196517944336
318799,normal,1172,0,1782362368.5442522,0.001997232437133789
318800,normal,3465,0,1782362368.5461419,0.0018897056579589844
318801,normal,1761,0,1782362368.5482645,0.002122640609741211
318802,normal,685,0,1782362368.5502503,0.001985788345336914
318803,normal,1786,0,1782362368.5521405,0.0018901824951171875
318804,normal,1288,0,1782362368.554259,0.0021185874938964844
318805,normal,294,0,1782362368.5562365,0.0019774436950683594
318806,normal,3299,1,1782362368.5581434,0.0019068717956542969
318807,normal,439,0,1782362368.560254,0.002110719680786133
318808,normal,3285,1,1782362368.5622542,0.002000093460083008
318809,normal,2808,0,1782362368.5641558,0.0019016265869140625
318810,normal,2218,0,1782362368.56625,0.002094268798828125
318811,normal,3459,0,1782362368.5682614,0.0020112991333007812
318812,normal,2403,0,1782362368.5701442,0.001882791519165039
318813,normal,1214,0,1782362368.5722508,0.0021066665649414062
318814,normal,1944,0,1782362368.5742607,0.002009868621826172
318815,normal,1555,0,1782362368.5761406,0.0018799304962158203
318816,normal,2743,0,1782362368.5782552,0.002114534378051758
318817,normal,304,0,1782362368.5802631,0.0020079612731933594
318818,normal,995,2,1782362368.582146,0.001882791519165039
318819,normal,1095,0,1782362368.5842547,0.0021088123321533203
318820,normal,1322,1,1782362368.5862696,0.0020148754119873047
318821,normal,2106,0,1782362368.5881515,0.0018818378448486328
318822,normal,3352,1,1782362368.5902534,0.002101898193359375
318823,normal,824,2,1782362368.592271,0.0020177364349365234
318824,normal,1105,0,1782362368.5941398,0.0018687248229980469
318825,normal,3576,0,1782362368.5962548,0.002115011215209961
318826,normal,2654,0,1782362368.5982704,0.0020155906677246094
318827,normal,88,0,1782362368.6001577,0.0018873214721679688
318828,normal,72,0,1782362368.6022532,0.002095460891723633
318829,normal,872,2,1782362368.6042755,0.002022266387939453
318830,normal,2984,0,1782362368.606148,0.0018725395202636719
318831,normal,2430,0,1782362368.608258,0.002110004425048828
318832,normal,1310,0,1782362368.610295,0.00203704833984375
318833,normal,1808,0,1782362368.6121488,0.0018537044525146484
318834,normal,1549,0,1782362368.6142561,0.002107381820678711
318835,normal,3032,0,1782362368.6162798,0.0020236968994140625
318836,normal,1778,0,1782362368.618142,0.0018620491027832031
318837,normal,2223,0,1782362368.620258,0.0021162033081054688
318838,normal,2376,0,1782362368.6222825,0.002024412155151367
318839,normal,2361,0,1782362368.6241548,0.0018723011016845703
318840,normal,3012,0,1782362368.6262696,0.0021147727966308594
318841,normal,2443,0,1782362368.6282856,0.0020160675048828125
318842,normal,1859,0,1782362368.6301413,0.001855611801147461
318843,normal,215,0,1782362368.63225,0.0021088123321533203
318844,normal,2165,0,1782362368.6342905,0.002040386199951172
318845,normal,1409,0,1782362368.6361806,0.0018901824951171875
318846,normal,3183,1,1782362368.6382523,0.0020716190338134766
318847,normal,1862,0,1782362368.6402895,0.0020372867584228516
318848,normal,96,0,1782362368.642168,0.001878499984741211
318849,normal,1064,0,1782362368.6442652,0.0020971298217773438
318850,normal,1204,0,1782362368.6462905,0.0020253658294677734
318851,normal,2736,0,1782362368.6481452,0.0018546581268310547
318852,normal,3263,1,1782362368.6502538,0.0021085739135742188
318853,normal,196,0,1782362368.6522954,0.0020415782928466797
318854,normal,906,2,1782362368.6541376,0.0018422603607177734
318855,normal,3370,1,1782362368.6562533,0.0021157264709472656
318856,normal,1054,0,1782362368.6582966,0.0020432472229003906
318857,normal,207,0,1782362368.6601517,0.0018551349639892578
318858,normal,568,0,1782362368.6622522,0.0021004676818847656
318859,normal,3139,1,1782362368.664299,0.002046823501586914
318860,normal,1292,0,1782362368.6661432,0.001844167709350586
318861,normal,2466,0,1782362368.6682565,0.00211334228515625
318862,normal,2924,0,1782362368.6703002,0.0020437240600585938
318863,normal,1541,0,1782362368.6721458,0.0018455982208251953
318864,normal,2272,0,1782362368.6742542,0.002108335494995117
318865,normal,1428,0,1782362368.6763153,0.002061128616333008
318866,normal,2753,0,1782362368.6781423,0.0018270015716552734
318867,normal,3429,0,1782362368.6802344,0.002092123031616211
318868,normal,1370,1,1782362368.6823156,0.002081155776977539
318869,normal,1652,0,1782362368.684144,0.0018284320831298828
318870,normal,3107,1,1782362368.6862566,0.0021126270294189453
318871,normal,3066,1,1782362368.6882355,0.0019788742065429688
318872,normal,3471,0,1782362368.6901462,0.0019106864929199219
318873,normal,632,0,1782362368.6922638,0.002117633819580078
318874,normal,1840,0,1782362368.6941907,0.0019268989562988281
318875,normal,1127,0,1782362368.6962326,0.0020418167114257812
318876,normal,759,0,1782362368.6981242,0.0018916130065917969
318877,normal,2969,0,1782362368.700314,0.0021898746490478516
318878,normal,434,0,1782362368.7021394,0.0018253326416015625
318879,normal,197,0,1782362368.7042813,0.0021419525146484375
318880,normal,633,0,1782362368.7063162,0.002034902572631836
318881,normal,806,2,1782362368.7081523,0.0018360614776611328
318882,normal,2505,0,1782362368.7102516,0.002099275588989258
318883,normal,1807,0,1782362368.712329,0.002077341079711914
318884,normal,1170,0,1782362368.7141395,0.0018105506896972656
318885,normal,875,2,1782362368.71625,0.0021104812622070312
318886,normal,617,0,1782362368.7183206,0.0020706653594970703
318887,normal,793,2,1782362368.720154,0.0018334388732910156
318888,normal,1909,0,1782362368.7222521,0.00209808349609375
318889,normal,989,2,1782362368.724323,0.002070903778076172
318890,normal,1564,0,1782362368.7261407,0.0018177032470703125
318891,normal,2122,0,1782362368.7282572,0.0021164417266845703
318892,normal,1111,0,1782362368.7303262,0.0020689964294433594
318893,normal,3138,1,1782362368.732152,0.0018258094787597656
318894,normal,687,0,1782362368.7342567,0.0021047592163085938
318895,normal,126,0,1782362368.736193,0.001936197280883789
318896,normal,2639,0,1782362368.7381546,0.0019617080688476562
318897,normal,3367,1,1782362368.7402573,0.0021026134490966797
318898,normal,1141,0,1782362368.7422354,0.001978158950805664
318899,normal,1065,0,1782362368.744143,0.0019075870513916016
318900,normal,3583,0,1782362368.746267,0.0021240711212158203
318901,normal,3334,1,1782362368.748238,0.001971006393432617
318902,normal,2306,0,1782362368.7501414,0.0019032955169677734
318903,normal,1937,0,1782362368.752254,0.0021126270294189453
318904,normal,227,0,1782362368.754238,0.0019838809967041016
318905,normal,3046,1,1782362368.7561553,0.0019173622131347656
318906,normal,607,0,1782362368.7582514,0.0020961761474609375
318907,normal,2047,0,1782362368.7602415,0.001990079879760742
318908,normal,1640,0,1782362368.762146,0.0019044876098632812
318909,normal,823,2,1782362368.7642527,0.0021066665649414062
318910,normal,1958,0,1782362368.7662506,0.0019979476928710938
318911,normal,1951,0,1782362368.7681444,0.001893758773803711
318912,normal,2926,0,1782362368.7702792,0.0021347999572753906
318913,normal,148,0,1782362368.7722447,0.0019655227661132812
318914,normal,1632,0,1782362368.7741446,0.0018999576568603516
318915,normal,2597,0,1782362368.7762613,0.002116680145263672
318916,normal,3272,1,1782362368.7782338,0.0019724369049072266
318917,normal,282,0,1782362368.7801442,0.0019104480743408203
318918,normal,2512,0,1782362368.782266,0.0021216869354248047
318919,normal,323,0,1782362368.78425,0.001984119415283203
318920,normal,51,0,1782362368.7861438,0.001893758773803711
318921,normal,1623,0,1782362368.7882519,0.0021080970764160156
318922,normal,2267,0,1782362368.7902527,0.0020008087158203125
318923,normal,2412,0,1782362368.7921424,0.0018897056579589844
318924,normal,191,0,1782362368.7942545,0.002112150192260742
318925,normal,2553,0,1782362368.7962594,0.002004861831665039
318926,normal,2920,0,1782362368.7981372,0.0018777847290039062
318927,normal,315,0,1782362368.8002486,0.0021114349365234375
318928,normal,2392,0,1782362368.8022606,0.002012014389038086
318929,normal,602,0,1782362368.8041413,0.001880645751953125
318930,normal,3211,1,1782362368.806254,0.0021126270294189453
318931,normal,2966,0,1782362368.8082614,0.0020074844360351562
318932,normal,3061,1,1782362368.8101408,0.0018794536590576172
318933,normal,558,0,1782362368.8122518,0.0021109580993652344
318934,normal,1325,1,1782362368.8142617,0.002009868621826172
318935,normal,1313,0,1782362368.8161445,0.001882791519165039
318936,normal,2487,0,1782362368.8182514,0.002106904983520508
318937,normal,1639,0,1782362368.8202658,0.0020143985748291016
318938,normal,2271,0,1782362368.8221602,0.0018944740295410156
318939,normal,2438,0,1782362368.8242548,0.0020945072174072266
318940,normal,2563,0,1782362368.8262696,0.0020148754119873047
318941,normal,2561,0,1782362368.8281395,0.0018699169158935547
318942,normal,618,0,1782362368.830251,0.0021114349365234375
318943,normal,2015,0,1782362368.8322701,0.002019166946411133
318944,normal,2118,0,1782362368.8341496,0.0018794536590576172
318945,normal,3281,1,1782362368.8362763,0.0021266937255859375
318946,normal,1130,0,1782362368.838272,0.0019958019256591797
318947,normal,3358,1,1782362368.84016,0.0018877983093261719
318948,normal,1803,0,1782362368.8422496,0.0020897388458251953
318949,normal,548,0,1782362368.844277,0.002027273178100586
318950,normal,1132,0,1782362368.846307,0.0020301342010498047
318951,normal,3174,1,1782362368.848115,0.0018079280853271484
318952,normal,2204,0,1782362368.850278,0.002162933349609375
318953,normal,3321,1,1782362368.8521588,0.0018808841705322266
318954,normal,2944,0,1782362368.8542526,0.002093791961669922
318955,normal,3663,0,1782362368.8563554,0.0021028518676757812
318956,normal,2210,0,1782362368.8581405,0.0017850399017333984
318957,normal,2469,0,1782362368.8602622,0.0021216869354248047
318958,normal,3169,1,1782362368.8622816,0.0020194053649902344
318959,normal,1833,0,1782362368.8641615,0.0018799304962158203
318960,normal,1271,0,1782362368.8662658,0.0021042823791503906
318961,normal,677,0,1782362368.8682928,0.0020270347595214844
318962,normal,2356,0,1782362368.8701417,0.0018489360809326172
318963,normal,741,0,1782362368.872262,0.0021202564239501953
318964,normal,1470,0,1782362368.8743014,0.0020394325256347656
318965,normal,2591,0,1782362368.8761418,0.001840353012084961
318966,normal,1995,0,1782362368.8782492,0.002107381820678711
318967,normal,2072,0,1782362368.880286,0.0020368099212646484
318968,normal,472,0,1782362368.8821402,0.0018541812896728516
318969,normal,3111,1,1782362368.8842533,0.0021131038665771484
318970,normal,700,0,1782362368.8862958,0.002042531967163086
318971,normal,1238,0,1782362368.888137,0.0018413066864013672
318972,normal,1744,0,1782362368.8902557,0.0021185874938964844
318973,normal,2717,0,1782362368.8922925,0.0020368099212646484
318974,normal,3333,1,1782362368.894136,0.0018434524536132812
318975,normal,2705,0,1782362368.8962512,0.0021152496337890625
318976,normal,2348,0,1782362368.8982956,0.0020444393157958984
318977,normal,779,2,1782362368.9001415,0.0018458366394042969
318978,normal,924,2,1782362368.9022522,0.002110719680786133
318979,normal,2371,0,1782362368.904298,0.002045869827270508
318980,normal,815,2,1782362368.9061403,0.0018422603607177734
318981,normal,3351,1,1782362368.9082525,0.002112150192260742
318982,normal,509,0,1782362368.9102993,0.002046823501586914
318983,normal,2220,0,1782362368.9121556,0.0018563270568847656
318984,normal,2001,0,1782362368.9142532,0.002097606658935547
318985,normal,1013,2,1782362368.9163008,0.0020475387573242188
318986,normal,372,0,1782362368.9181397,0.0018389225006103516
318987,normal,3466,0,1782362368.9202511,0.0021114349365234375
318988,normal,3064,1,1782362368.9223182,0.002067089080810547
318989,normal,622,0,1782362368.9241369,0.0018186569213867188
318990,normal,3205,1,1782362368.9262488,0.0021119117736816406
318991,normal,2941,0,1782362368.9283063,0.0020575523376464844
318992,normal,1532,0,1782362368.9301376,0.0018312931060791016
318993,normal,2291,0,1782362368.9322486,0.0021109580993652344
318994,normal,239,0,1782362368.934309,0.002060413360595703
318995,normal,3463,0,1782362368.9361594,0.0018503665924072266
318996,normal,3401,1,1782362368.9382775,0.0021181106567382812
318997,normal,3547,0,1782362368.940314,0.002036571502685547
318998,normal,1388,0,1782362368.942142,0.0018279552459716797
318999,normal,3670,0,1782362368.9442515,0.002109527587890625
319000,normal,1197,0,1782362368.9463112,0.0020596981048583984
319001,normal,1615,0,1782362368.9481556,0.0018444061279296875
319002,normal,2503,0,1782362368.9502504,0.002094745635986328
319003,normal,2096,0,1782362368.952316,0.0020656585693359375
319004,normal,745,0,1782362368.9541397,0.0018236637115478516
319005,normal,1912,0,1782362368.9562535,0.002113819122314453
319006,normal,2922,0,1782362368.9583192,0.0020656585693359375
319007,normal,1001,2,1782362368.9601433,0.0018241405487060547
319008,normal,13,0,1782362368.9622517,0.002108335494995117
319009,normal,583,0,1782362368.9643211,0.0020694732666015625
319010,normal,241,0,1782362368.9661276,0.001806497573852539
319011,normal,1004,2,1782362368.96825,0.0021224021911621094
319012,normal,3637,0,1782362368.9703238,0.0020737648010253906
319013,normal,1617,0,1782362368.9721203,0.0017964839935302734
319014,normal,264,0,1782362368.9742525,0.0021321773529052734
319015,normal,1972,0,1782362368.9762974,0.0020449161529541016
319016,normal,542,0,1782362368.9781554,0.0018579959869384766
319017,normal,2610,0,1782362368.9802477,0.0020923614501953125
319018,normal,2721,0,1782362368.9822323,0.0019845962524414062
319019,normal,516,0,1782362368.9841137,0.0018813610076904297
319020,normal,3514,0,1782362368.986258,0.002144336700439453
319021,normal,564,0,1782362368.9882343,0.0019762516021728516
319022,normal,3536,0,1782362368.9901106,0.0018763542175292969
319023,normal,3060,1,1782362368.9922543,0.0021436214447021484
319024,normal,2300,0,1782362368.9942498,0.001995563507080078
319025,normal,2575,0,1782362368.9961402,0.001890420913696289
319026,normal,826,2,1782362368.998253,0.002112865447998047
319027,normal,230,0,1782362369.0002513,0.0019981861114501953
319028,normal,2319,0,1782362369.0021405,0.0018892288208007812
319029,normal,1035,0,1782362369.004253,0.0021123886108398438
319030,normal,3262,1,1782362369.0062416,0.001988649368286133
319031,normal,2483,0,1782362369.008143,0.001901388168334961
319032,normal,778,2,1782362369.0102506,0.0021076202392578125
319033,normal,1781,0,1782362369.0122461,0.001995563507080078
319034,normal,1259,0,1782362369.0141413,0.0018951892852783203
319035,normal,3093,1,1782362369.0162642,0.0021228790283203125
319036,normal,2060,0,1782362369.0182471,0.0019829273223876953
319037,normal,1572,0,1782362369.0201406,0.0018935203552246094
319038,normal,3682,0,1782362369.0222454,0.0021047592163085938
319039,normal,41,0,1782362369.0242493,0.002003908157348633
319040,normal,1354,1,1782362369.0261402,0.0018908977508544922
319041,normal,629,0,1782362369.0282526,0.0021123886108398438
319042,normal,1839,0,1782362369.0302505,0.0019979476928710938
319043,normal,3490,0,1782362369.0321364,0.0018858909606933594
319044,normal,1724,0,1782362369.0342484,0.0021119117736816406
319045,normal,3586,0,1782362369.0362542,0.0020058155059814453
319046,normal,157,0,1782362369.038141,0.0018868446350097656
319047,normal,1813,0,1782362369.0402548,0.002113819122314453
319048,normal,1627,0,1782362369.042255,0.002000093460083008
319049,normal,3376,1,1782362369.044138,0.0018830299377441406
319050,normal,2330,0,1782362369.0462513,0.00211334228515625
319051,normal,1431,0,1782362369.0482588,0.0020074844360351562
319052,normal,724,0,1782362369.0501375,0.0018787384033203125
319053,normal,1864,0,1782362369.0522563,0.002118825912475586
319054,normal,3430,0,1782362369.0542595,0.002003192901611328
319055,normal,312,0,1782362369.0561485,0.0018889904022216797
319056,normal,3403,0,1782362369.0582533,0.0021047592163085938
319057,normal,918,2,1782362369.0602639,0.0020105838775634766
319058,normal,37,0,1782362369.062115,0.0018510818481445312
319059,normal,704,0,1782362369.0642505,0.0021355152130126953
319060,normal,1863,0,1782362369.0662668,0.002016305923461914
319061,normal,1305,0,1782362369.06813,0.001863241195678711
319062,normal,1788,0,1782362369.070254,0.0021240711212158203
319063,normal,1069,0,1782362369.072269,0.0020148754119873047
319064,normal,1452,0,1782362369.0741367,0.0018677711486816406
319065,normal,1768,0,1782362369.0762653,0.00212860107421875
319066,normal,2965,0,1782362369.078236,0.0019707679748535156
319067,normal,2893,0,1782362369.080177,0.0019409656524658203
319068,normal,1794,0,1782362369.0820737,0.0018966197967529297
319069,normal,3261,1,1782362369.084116,0.0020422935485839844
319070,normal,615,0,1782362369.0860682,0.0019521713256835938
319071,normal,2951,0,1782362369.0881062,0.0020380020141601562
319072,normal,206,0,1782362369.0903482,0.0022420883178710938
319073,normal,681,0,1782362369.0921457,0.0017974376678466797
319074,normal,2755,0,1782362369.0942752,0.0021295547485351562
319075,normal,2341,0,1782362369.0965214,0.0022461414337158203
319076,normal,2331,0,1782362369.098173,0.0016515254974365234
319077,normal,2668,0,1782362369.1004944,0.002321481704711914
319078,normal,1557,0,1782362369.1023388,0.0018444061279296875
319079,normal,1448,0,1782362369.1043382,0.001999378204345703
319080,normal,534,0,1782362369.1062903,0.0019521713256835938
319081,normal,3122,1,1782362369.108513,0.002222776412963867
319082,normal,1957,0,1782362369.110339,0.0018258094787597656
319083,normal,2115,0,1782362369.112298,0.001959085464477539
319084,normal,2532,0,1782362369.1145482,0.002250194549560547
319085,normal,0,0,1782362369.1161845,0.0016362667083740234
319086,normal,377,0,1782362369.118461,0.0022764205932617188
319087,normal,3525,0,1782362369.1203465,0.0018856525421142578
319088,normal,3635,0,1782362369.1223793,0.002032756805419922
319089,normal,3193,1,1782362369.12435,0.0019707679748535156
319090,normal,2398,0,1782362369.126156,0.001806020736694336
319091,normal,280,0,1782362369.1282535,0.0020973682403564453
319092,normal,3606,0,1782362369.130107,0.0018534660339355469
319093,normal,3069,1,1782362369.1323452,0.0022382736206054688
319094,normal,1539,0,1782362369.1341796,0.0018343925476074219
319095,normal,1162,0,1782362369.136251,0.002071380615234375
319096,normal,1730,0,1782362369.1381094,0.0018584728240966797
319097,normal,1383,0,1782362369.1401994,0.002089977264404297
319098,normal,902,2,1782362369.1421165,0.001917123794555664
319099,normal,146,0,1782362369.144155,0.0020384788513183594
319100,normal,3300,1,1782362369.1462345,0.002079486846923828
319101,normal,452,0,1782362369.1483412,0.0021066665649414062
319102,normal,189,0,1782362369.150164,0.0018227100372314453
319103,normal,547,0,1782362369.1525629,0.002398967742919922
319104,normal,3541,0,1782362369.154095,0.0015320777893066406
319105,normal,1866,0,1782362369.1563685,0.0022735595703125
319106,normal,1090,0,1782362369.1581614,0.00179290771484375
319107,normal,2825,0,1782362369.1602979,0.0021364688873291016
319108,normal,165,0,1782362369.162333,0.0020351409912109375
319109,normal,639,0,1782362369.1643991,0.0020661354064941406
319110,normal,2321,0,1782362369.166824,0.002424955368041992
319111,normal,2914,0,1782362369.168377,0.0015528202056884766
319112,normal,78,0,1782362369.1702478,0.001870870590209961
319113,normal,1165,0,1782362369.172315,0.002067089080810547
319114,normal,929,2,1782362369.1742604,0.00194549560546875
319115,normal,686,0,1782362369.1762772,0.002016782760620117
319116,normal,1884,0,1782362369.1781566,0.0018794536590576172
319117,normal,3491,0,1782362369.1802752,0.0021185874938964844
319118,normal,1365,1,1782362369.1822767,0.002001523971557617
319119,normal,2467,0,1782362369.184299,0.002022266387939453
319120,normal,3264,1,1782362369.1862366,0.0019376277923583984
319121,normal,2747,0,1782362369.188311,0.0020744800567626953
319122,normal,2352,0,1782362369.191101,0.0027899742126464844
319123,normal,3214,1,1782362369.1922185,0.0011174678802490234
319124,normal,3336,1,1782362369.1941164,0.0018978118896484375
319125,normal,2620,0,1782362369.1961312,0.0020148754119873047
319126,normal,478,0,1782362369.1985679,0.0024366378784179688
319127,normal,1338,1,1782362369.2001348,0.0015668869018554688
319128,normal,1097,0,1782362369.202751,0.0026161670684814453
319129,normal,3031,0,1782362369.2041354,0.0013844966888427734
319130,normal,1107,0,1782362369.2062283,0.0020928382873535156
319131,normal,2831,0,1782362369.2081187,0.001890420913696289
319132,normal,3423,0,1782362369.2101219,0.002003192901611328
319133,normal,1439,0,1782362369.2121608,0.0020389556884765625
319134,normal,2018,0,1782362369.214089,0.001928091049194336
319135,normal,2159,0,1782362369.2160819,0.001992940902709961
319136,normal,3349,1,1782362369.2181075,0.002025604248046875
319137,normal,2102,0,1782362369.220081,0.0019736289978027344
319138,normal,2543,0,1782362369.2220824,0.0020012855529785156
319139,normal,887,2,1782362369.2241147,0.0020322799682617188
319140,normal,2840,0,1782362369.2260807,0.0019659996032714844
319141,normal,2899,0,1782362369.22808,0.001999378204345703
319142,normal,1334,1,1782362369.230106,0.002026081085205078
319143,normal,1233,0,1782362369.2320788,0.001972675323486328
319144,normal,1977,0,1782362369.2340784,0.0019996166229248047
319145,normal,92,0,1782362369.2361112,0.002032756805419922
319146,normal,226,0,1782362369.2380793,0.0019681453704833984
319147,normal,2661,0,1782362369.240082,0.002002716064453125
319148,normal,2373,0,1782362369.2421107,0.0020287036895751953
319149,normal,795,2,1782362369.2440808,0.001970052719116211
319150,normal,446,0,1782362369.2460794,0.0019986629486083984
319151,normal,2385,0,1782362369.2481105,0.002031087875366211
319152,normal,2777,0,1782362369.250102,0.0019915103912353516
319153,normal,3628,0,1782362369.252081,0.0019788742065429688
319154,normal,1378,1,1782362369.2541075,0.0020265579223632812
319155,normal,168,0,1782362369.2560937,0.001986265182495117
319156,normal,1301,0,1782362369.258083,0.0019893646240234375
319157,normal,990,2,1782362369.2601063,0.0020232200622558594
319158,normal,2524,0,1782362369.2620804,0.0019741058349609375
319159,normal,317,0,1782362369.2640793,0.0019989013671875
319160,normal,1072,0,1782362369.2661078,0.0020284652709960938
319161,normal,1248,0,1782362369.268081,0.0019731521606445312
319162,normal,1946,0,1782362369.2700822,0.0020012855529785156
319163,normal,3095,1,1782362369.2721076,0.0020253658294677734
319164,normal,747,0,1782362369.2740798,0.001972198486328125
319165,normal,420,0,1782362369.276081,0.0020012855529785156
319166,normal,3501,0,1782362369.2781327,0.0020515918731689453
319167,normal,3194,1,1782362369.2800784,0.0019457340240478516
319168,normal,1258,0,1782362369.2820802,0.0020017623901367188
319169,normal,3557,0,1782362369.284108,0.002027750015258789
319170,normal,2739,0,1782362369.2860794,0.0019714832305908203
319171,normal,3084,1,1782362369.2880816,0.002002239227294922
319172,normal,2950,0,1782362369.2901123,0.002030611038208008
319173,normal,1780,0,1782362369.2920794,0.001967191696166992
319174,normal,2407,0,1782362369.294079,0.0019996166229248047
319175,normal,2079,0,1782362369.296088,0.0020089149475097656
319176,normal,3390,1,1782362369.2980926,0.0020046234130859375
319177,normal,1210,0,1782362369.3000817,0.001989126205444336
319178,normal,2052,0,1782362369.3021135,0.0020318031311035156
319179,normal,2823,0,1782362369.3040793,0.001965761184692383
319180,normal,651,0,1782362369.3060818,0.0020024776458740234
319181,normal,3009,0,1782362369.3081138,0.002032041549682617
319182,normal,2428,0,1782362369.3100793,0.0019655227661132812
319183,normal,1904,0,1782362369.3120801,0.0020008087158203125
319184,normal,1446,0,1782362369.3141086,0.0020284652709960938
319185,normal,2683,0,1782362369.3160796,0.001971006393432617
319186,normal,3017,0,1782362369.31808,0.0020003318786621094
319187,normal,1964,0,1782362369.320161,0.002081155776977539
319188,normal,1602,0,1782362369.3220859,0.001924753189086914
319189,normal,2282,0,1782362369.3240824,0.0019965171813964844
319190,normal,2959,0,1782362369.326109,0.0020265579223632812
319191,normal,3317,1,1782362369.3280885,0.0019795894622802734
319192,normal,1422,0,1782362369.3300793,0.001990795135498047
319193,normal,423,0,1782362369.3321593,0.0020799636840820312
319194,normal,1479,0,1782362369.334081,0.0019216537475585938
319195,normal,2041,0,1782362369.33608,0.0019991397857666016
319196,normal,445,0,1782362369.338161,0.0020809173583984375
319197,normal,2856,0,1782362369.3400807,0.0019197463989257812
319198,normal,1213,0,1782362369.3420804,0.0019996166229248047
319199,normal,2286,0,1782362369.344159,0.002078533172607422
319200,normal,3455,0,1782362369.3460839,0.0019249916076660156
319201,normal,103,0,1782362369.3480785,0.001994609832763672
319202,normal,338,0,1782362369.3501744,0.002095937728881836
319203,normal,2062,0,1782362369.3521037,0.0019292831420898438
319204,normal,613,0,1782362369.3542976,0.002193927764892578
319205,normal,2445,0,1782362369.356172,0.0018744468688964844
319206,normal,678,0,1782362369.3582392,0.002067089080810547
319207,normal,123,0,1782362369.36018,0.0019407272338867188
319208,normal,67,0,1782362369.3621397,0.0019598007202148438
319209,normal,1109,0,1782362369.364217,0.002077341079711914
319210,normal,2414,0,1782362369.3661792,0.0019621849060058594
319211,normal,1850,0,1782362369.3683095,0.002130270004272461
319212,normal,349,0,1782362369.370117,0.0018074512481689453
319213,normal,3279,1,1782362369.3723032,0.002186298370361328
319214,normal,1601,0,1782362369.3741395,0.0018362998962402344
319215,normal,448,0,1782362369.3762586,0.0021190643310546875
319216,normal,3634,0,1782362369.3781848,0.0019261837005615234
319217,normal,1389,0,1782362369.3802874,0.0021026134490966797
319218,normal,2225,0,1782362369.3821118,0.0018243789672851562
319219,normal,2391,0,1782362369.3843145,0.002202749252319336
319220,normal,856,2,1782362369.386163,0.001848459243774414
319221,normal,913,2,1782362369.388236,0.002073049545288086
319222,normal,2422,0,1782362369.3901892,0.001953125
319223,normal,567,0,1782362369.3922827,0.0020935535430908203
319224,normal,1984,0,1782362369.394107,0.0018243789672851562
319225,normal,647,0,1782362369.3963044,0.002197265625
319226,normal,1647,0,1782362369.3981402,0.0018358230590820312
319227,normal,2801,0,1782362369.4002204,0.002080202102661133
319228,normal,33,0,1782362369.402196,0.001975536346435547
319229,normal,447,0,1782362369.4042664,0.0020704269409179688
319230,normal,195,0,1782362369.4061112,0.0018448829650878906
319231,normal,2236,0,1782362369.4083483,0.002237081527709961
319232,normal,2694,0,1782362369.4101384,0.0017900466918945312
319233,normal,1769,0,1782362369.412231,0.002092599868774414
319234,normal,187,0,1782362369.4142313,0.0020003318786621094
319235,normal,3080,1,1782362369.4162686,0.0020372867584228516
319236,normal,828,2,1782362369.4181056,0.001837015151977539
319237,normal,2817,0,1782362369.420229,0.0021233558654785156
319238,normal,2693,0,1782362369.4221215,0.0018925666809082031
319239,normal,1684,0,1782362369.4242275,0.0021059513092041016
319240,normal,1229,0,1782362369.4262326,0.0020051002502441406
319241,normal,1032,0,1782362369.428143,0.0019104480743408203
319242,normal,2585,0,1782362369.4302278,0.0020847320556640625
319243,normal,1734,0,1782362369.4322321,0.002004384994506836
319244,normal,2725,0,1782362369.4341412,0.001909017562866211
319245,normal,2653,0,1782362369.4362288,0.0020875930786132812
319246,normal,3435,0,1782362369.4382255,0.001996755599975586
319247,normal,2124,0,1782362369.4401426,0.001917123794555664
319248,normal,2614,0,1782362369.4422324,0.0020897388458251953
319249,normal,955,2,1782362369.4442422,0.002009868621826172
319250,normal,375,0,1782362369.446147,0.0019047260284423828
319251,normal,1394,0,1782362369.4482288,0.0020818710327148438
319252,normal,2360,0,1782362369.450234,0.0020051002502441406
319253,normal,2534,0,1782362369.4521284,0.0018944740295410156
319254,normal,584,0,1782362369.4542282,0.002099752426147461
319255,normal,3685,0,1782362369.456243,0.0020148754119873047
319256,normal,2088,0,1782362369.458143,0.0018999576568603516
319257,normal,3223,1,1782362369.4602227,0.0020797252655029297
319258,normal,1114,0,1782362369.4621193,0.0018966197967529297
319259,normal,1710,0,1782362369.464208,0.0020885467529296875
319260,normal,1085,0,1782362369.4661257,0.0019178390502929688
319261,normal,555,0,1782362369.4680853,0.001959562301635742
319262,normal,3178,1,1782362369.4700909,0.0020055770874023438
319263,normal,1451,0,1782362369.4720798,0.0019888877868652344
319264,normal,1598,0,1782362369.4740798,0.002000093460083008
319265,normal,3696,0,1782362369.4760864,0.00200653076171875
319266,normal,2022,0,1782362369.4780953,0.0020089149475097656
319267,normal,1570,0,1782362369.4800808,0.0019855499267578125
319268,normal,1556,0,1782362369.482103,0.002022266387939453
319269,normal,597,0,1782362369.484086,0.0019829273223876953
319270,normal,1573,0,1782362369.48608,0.001993894577026367
319271,normal,1709,0,1782362369.488104,0.0020241737365722656
319272,normal,2155,0,1782362369.4900832,0.0019791126251220703
319273,normal,928,2,1782362369.4920819,0.0019986629486083984
319274,normal,733,0,1782362369.4941056,0.0020236968994140625
319275,normal,1719,0,1782362369.496081,0.001975536346435547
319276,normal,44,0,1782362369.4980817,0.002000570297241211
319277,normal,2615,0,1782362369.5001054,0.0020236968994140625
319278,normal,1715,0,1782362369.5020807,0.0019752979278564453
319279,normal,2368,0,1782362369.5040863,0.0020055770874023438
319280,normal,2482,0,1782362369.5061042,0.002017974853515625
319281,normal,1694,0,1782362369.5080802,0.00197601318359375
319282,normal,1643,0,1782362369.5100856,0.002005338668823242
319283,normal,2211,0,1782362369.5121021,0.0020165443420410156
319284,normal,2320,0,1782362369.5140803,0.001978158950805664
319285,normal,466,0,1782362369.5160937,0.0020134449005126953
319286,normal,467,0,1782362369.5181036,0.002009868621826172
319287,normal,409,0,1782362369.5200799,0.0019762516021728516
319288,normal,1982,0,1782362369.5220783,0.001998424530029297
319289,normal,1341,1,1782362369.5241144,0.0020360946655273438
319290,normal,1678,0,1782362369.5260797,0.0019652843475341797
319291,normal,428,0,1782362369.52808,0.0020003318786621094
319292,normal,2180,0,1782362369.5301075,0.0020275115966796875
319293,normal,1726,0,1782362369.53208,0.0019724369049072266
319294,normal,1805,0,1782362369.53408,0.002000093460083008
319295,normal,1540,0,1782362369.5361593,0.0020792484283447266
319296,normal,2065,0,1782362369.53808,0.0019207000732421875
319297,normal,2275,0,1782362369.5400805,0.002000570297241211
319298,normal,921,2,1782362369.5421035,0.002022981643676758
319299,normal,3702,0,1782362369.5440795,0.00197601318359375
319300,normal,3477,0,1782362369.5460804,0.0020008087158203125
319301,normal,3343,1,1782362369.5481024,0.0020220279693603516
319302,normal,4,0,1782362369.5500808,0.0019783973693847656
319303,normal,2239,0,1782362369.55208,0.0019991397857666016
319304,normal,1860,0,1782362369.5541024,0.0020225048065185547
319305,normal,3241,1,1782362369.5561597,0.002057313919067383
319306,normal,2340,0,1782362369.558083,0.0019233226776123047
319307,normal,2173,0,1782362369.5601041,0.0020210742950439453
319308,normal,753,0,1782362369.5620894,0.001985311508178711
319309,normal,3210,1,1782362369.5640807,0.00199127197265625
319310,normal,1610,0,1782362369.5661683,0.0020875930786132812
319311,normal,1450,0,1782362369.5680826,0.0019142627716064453
319312,normal,3097,1,1782362369.570081,0.001998424530029297
319313,normal,2326,0,1782362369.5721595,0.002078533172607422
319314,normal,1057,0,1782362369.5740993,0.0019397735595703125
319315,normal,2231,0,1782362369.5760782,0.0019788742065429688
319316,normal,645,0,1782362369.5781693,0.0020911693572998047
319317,normal,1695,0,1782362369.5800803,0.0019109249114990234
319318,normal,565,0,1782362369.5820804,0.002000093460083008
319319,normal,911,2,1782362369.5841591,0.0020787715911865234
319320,normal,506,0,1782362369.586086,0.0019268989562988281
319321,normal,892,2,1782362369.5880818,0.0019958019256591797
319322,normal,819,2,1782362369.59016,0.0020780563354492188
319323,normal,221,0,1782362369.5920796,0.0019197463989257812
319324,normal,441,0,1782362369.5940819,0.002002239227294922
319325,normal,2764,0,1782362369.5961611,0.0020792484283447266
319326,normal,1344,1,1782362369.5980809,0.0019197463989257812
319327,normal,3642,0,1782362369.6000807,0.0019998550415039062
319328,normal,1867,0,1782362369.6021664,0.0020856857299804688
319329,normal,343,0,1782362369.6040802,0.0019137859344482422
319330,normal,287,0,1782362369.6060793,0.0019991397857666016
319331,normal,510,0,1782362369.6081576,0.0020782947540283203
319332,normal,1324,1,1782362369.61008,0.0019223690032958984
319333,normal,483,0,1782362369.6120796,0.0019996166229248047
319334,normal,1503,0,1782362369.6141593,0.0020797252655029297
319335,normal,358,0,1782362369.6160796,0.0019202232360839844
319336,normal,2968,0,1782362369.6180878,0.002008199691772461
319337,normal,2035,0,1782362369.6201348,0.0020470619201660156
319338,normal,1262,0,1782362369.6220813,0.0019464492797851562
319339,normal,2044,0,1782362369.62408,0.0019986629486083984
319340,normal,2290,0,1782362369.626215,0.002135038375854492
319341,normal,108,0,1782362369.6280801,0.0018651485443115234
319342,normal,1099,0,1782362369.6300805,0.0020003318786621094
319343,normal,2999,0,1782362369.6321723,0.0020918846130371094
319344,normal,1722,0,1782362369.6340816,0.0019092559814453125
319345,normal,3230,1,1782362369.6360807,0.0019991397857666016
319346,normal,502,0,1782362369.638173,0.0020923614501953125
319347,normal,3377,1,1782362369.6400893,0.0019161701202392578
319348,normal,398,0,1782362369.64208,0.001990795135498047
319349,normal,2073,0,1782362369.6441596,0.002079486846923828
319350,normal,636,0,1782362369.6460803,0.0019207000732421875
319351,normal,2757,0,1782362369.648079,0.0019986629486083984
319352,normal,1222,0,1782362369.6501281,0.0020492076873779297
319353,normal,947,2,1782362369.6520817,0.001953601837158203
319354,normal,2655,0,1782362369.65408,0.0019981861114501953
319355,normal,591,0,1782362369.6561291,0.0020492076873779297
319356,normal,3380,1,1782362369.6580853,0.0019562244415283203
319357,normal,835,2,1782362369.6600802,0.0019948482513427734
319358,normal,2179,0,1782362369.6621287,0.002048492431640625
319359,normal,3638,0,1782362369.6640801,0.001951456069946289
319360,normal,781,2,1782362369.6660848,0.0020046234130859375
319361,normal,1139,0,1782362369.6681044,0.002019643783569336
319362,normal,277,0,1782362369.6700935,0.001989126205444336
319363,normal,2579,0,1782362369.6720977,0.0020041465759277344
319364,normal,438,0,1782362369.674107,0.0020093917846679688
319365,normal,3619,0,1782362369.6760788,0.001971721649169922
319366,normal,1877,0,1782362369.6780808,0.0020020008087158203
319367,normal,2768,0,1782362369.680108,0.002027273178100586
319368,normal,154,0,1782362369.6820812,0.0019731521606445312
319369,normal,3388,1,1782362369.684081,0.0019998550415039062
319370,normal,809,2,1782362369.6861115,0.0020303726196289062
319371,normal,2637,0,1782362369.6880813,0.0019698143005371094
319372,normal,1583,0,1782362369.6900811,0.0019998550415039062
319373,normal,3259,1,1782362369.692126,0.0020449161529541016
319374,normal,3249,1,1782362369.6940792,0.001953125
319375,normal,1386,0,1782362369.696082,0.0020029544830322266
319376,normal,97,0,1782362369.6981027,0.002020597457885742
319377,normal,2762,0,1782362369.70008,0.001977205276489258
319378,normal,790,2,1782362369.7020814,0.002001523971557617
319379,normal,1038,0,1782362369.7041037,0.002022266387939453
319380,normal,3283,1,1782362369.7060797,0.00197601318359375
319381,normal,3303,1,1782362369.7080796,0.0019998550415039062
319382,normal,3104,1,1782362369.7101026,0.002022981643676758
319383,normal,876,2,1782362369.712079,0.001976490020751953
319384,normal,3496,0,1782362369.7140782,0.0019991397857666016
319385,normal,3383,1,1782362369.7161057,0.0020275115966796875
319386,normal,61,0,1782362369.7180862,0.0019805431365966797
319387,normal,419,0,1782362369.7200823,0.0019960403442382812
319388,normal,309,0,1782362369.7221036,0.002021312713623047
319389,normal,512,0,1782362369.7240798,0.0019762516021728516
319390,normal,212,0,1782362369.7260792,0.001999378204345703
319391,normal,2252,0,1782362369.7281022,0.002022981643676758
319392,normal,1613,0,1782362369.7300813,0.0019791126251220703
319393,normal,178,0,1782362369.7320795,0.0019981861114501953
319394,normal,1008,2,1782362369.7341042,0.0020246505737304688
319395,normal,56,0,1782362369.7360818,0.001977682113647461
319396,normal,162,0,1782362369.738081,0.0019991397857666016
319397,normal,3433,0,1782362369.740262,0.0021810531616210938
319398,normal,259,0,1782362369.7421143,0.001852273941040039
319399,normal,2229,0,1782362369.7442682,0.0021538734436035156
319400,normal,71,0,1782362369.746122,0.0018537044525146484
319401,normal,950,2,1782362369.7481918,0.0020699501037597656
319402,normal,2484,0,1782362369.750142,0.0019502639770507812
319403,normal,3519,0,1782362369.7522852,0.0021431446075439453
319404,normal,2873,0,1782362369.7541153,0.0018301010131835938
319405,normal,3684,0,1782362369.7562742,0.0021588802337646484
319406,normal,3338,1,1782362369.7581382,0.0018639564514160156
319407,normal,3443,0,1782362369.7602286,0.0020904541015625
319408,normal,2362,0,1782362369.762268,0.0020394325256347656
319409,normal,2633,0,1782362369.7641418,0.0018737316131591797
319410,normal,776,2,1782362369.7662647,0.0021228790283203125
319411,normal,266,0,1782362369.76815,0.0018854141235351562
319412,normal,2274,0,1782362369.7702725,0.0021224021911621094
319413,normal,1015,2,1782362369.772108,0.0018355846405029297
319414,normal,258,0,1782362369.774272,0.0021638870239257812
319415,normal,1282,0,1782362369.7761421,0.0018701553344726562
319416,normal,1124,0,1782362369.778259,0.0021169185638427734
319417,normal,342,0,1782362369.7801588,0.00189971923828125
319418,normal,1154,0,1782362369.7822714,0.0021126270294189453
319419,normal,1244,0,1782362369.7841058,0.0018343925476074219
319420,normal,552,0,1782362369.7861576,0.002051830291748047
319421,normal,1961,0,1782362369.7882702,0.0021126270294189453
319422,normal,1824,0,1782362369.7901053,0.0018351078033447266
319423,normal,1865,0,1782362369.792275,0.0021696090698242188
319424,normal,1036,0,1782362369.7941403,0.001865386962890625
319425,normal,3083,1,1782362369.7962437,0.0021033287048339844
319426,normal,985,2,1782362369.7981598,0.0019161701202392578
319427,normal,664,0,1782362369.800265,0.002105236053466797
319428,normal,716,0,1782362369.802114,0.0018489360809326172
319429,normal,1435,0,1782362369.804295,0.0021810531616210938
319430,normal,1900,0,1782362369.806144,0.0018489360809326172
319431,normal,2249,0,1782362369.8082263,0.002082347869873047
319432,normal,2623,0,1782362369.810288,0.002061605453491211
319433,normal,2853,0,1782362369.8121397,0.001851797103881836
319434,normal,1320,1,1782362369.8142278,0.0020880699157714844
319435,normal,2598,0,1782362369.8162885,0.0020606517791748047
319436,normal,2657,0,1782362369.8181417,0.0018532276153564453
319437,normal,2440,0,1782362369.8202205,0.0020787715911865234
319438,normal,3056,1,1782362369.8223047,0.0020842552185058594
319439,normal,120,0,1782362369.8241372,0.0018324851989746094
319440,normal,203,0,1782362369.8262277,0.0020904541015625
319441,normal,742,0,1782362369.8283105,0.00208282470703125
319442,normal,1836,0,1782362369.8301485,0.0018379688262939453
319443,normal,720,0,1782362369.8322315,0.0020830631256103516
319444,normal,3461,0,1782362369.8342957,0.002064228057861328
319445,normal,1349,1,1782362369.8361454,0.0018496513366699219
319446,normal,2408,0,1782362369.8382282,0.00208282470703125
319447,normal,963,2,1782362369.840327,0.0020987987518310547
319448,normal,3397,1,1782362369.8420954,0.001768350601196289
319449,normal,3028,0,1782362369.8442175,0.002122163772583008
319450,normal,2270,0,1782362369.8462927,0.0020751953125
319451,normal,2380,0,1782362369.8481174,0.0018246173858642578
319452,normal,3416,0,1782362369.8505251,0.0024077892303466797
319453,normal,628,0,1782362369.852194,0.0016689300537109375
319454,normal,1137,0,1782362369.8542843,0.0020902156829833984
319455,normal,414,0,1782362369.8561077,0.00182342529296875
319456,normal,965,2,1782362369.8583202,0.0022125244140625
319457,normal,286,0,1782362369.860158,0.0018377304077148438
319458,normal,1380,1,1782362369.8622277,0.002069711685180664
319459,normal,2593,0,1782362369.8643055,0.002077817916870117
319460,normal,2592,0,1782362369.8661585,0.0018529891967773438
319461,normal,1134,0,1782362369.8682206,0.002062082290649414
319462,normal,3659,0,1782362369.8703115,0.002090930938720703
319463,normal,1820,0,1782362369.8721385,0.0018270015716552734
319464,normal,522,0,1782362369.8742712,0.0021326541900634766
319465,normal,3204,1,1782362369.876195,0.0019237995147705078
319466,normal,2243,0,1782362369.8782508,0.0020558834075927734
319467,normal,45,0,1782362369.8801415,0.0018906593322753906
319468,normal,3185,1,1782362369.882349,0.002207517623901367
319469,normal,1551,0,1782362369.8841417,0.0017926692962646484
319470,normal,2671,0,1782362369.8862689,0.0021271705627441406
319471,normal,2020,0,1782362369.8882303,0.0019614696502685547
319472,normal,3250,1,1782362369.8902664,0.0020360946655273438
319473,normal,1360,1,1782362369.8921125,0.0018460750579833984
319474,normal,3381,1,1782362369.8942945,0.0021820068359375
319475,normal,2304,0,1782362369.8961396,0.0018451213836669922
319476,normal,2116,0,1782362369.898229,0.002089262008666992
319477,normal,1742,0,1782362369.900226,0.001997232437133789
319478,normal,893,2,1782362369.902145,0.001918792724609375
319479,normal,3038,0,1782362369.9042335,0.0020885467529296875
319480,normal,2749,0,1782362369.9063497,0.0021162033081054688
319481,normal,2284,0,1782362369.9081247,0.0017750263214111328
319482,normal,1524,0,1782362369.9102297,0.0021049976348876953
319483,normal,731,0,1782362369.9122272,0.0019974708557128906
319484,normal,1501,0,1782362369.9141302,0.0019030570983886719
319485,normal,1082,0,1782362369.9162288,0.002098560333251953
319486,normal,2811,0,1782362369.918232,0.002003192901611328
319487,normal,2613,0,1782362369.9201205,0.0018885135650634766
319488,normal,1356,1,1782362369.9222274,0.002106904983520508
319489,normal,356,0,1782362369.9242396,0.0020122528076171875
319490,normal,3068,1,1782362369.9261189,0.0018792152404785156
319491,normal,456,0,1782362369.9282348,0.002115964889526367
319492,normal,3245,1,1782362369.9301212,0.0018863677978515625
319493,normal,3152,1,1782362369.932267,0.0021457672119140625
319494,normal,1500,0,1782362369.9341063,0.0018393993377685547
319495,normal,3616,0,1782362369.936223,0.002116680145263672
319496,normal,3330,1,1782362369.9381192,0.0018961429595947266
319497,normal,1691,0,1782362369.9402292,0.002110004425048828
319498,normal,849,2,1782362369.9422612,0.002032041549682617
319499,normal,2089,0,1782362369.9441245,0.001863241195678711
319500,normal,3601,0,1782362369.9460921,0.0019676685333251953
319501,normal,1466,0,1782362369.9480808,0.001988649368286133
319502,normal,3573,0,1782362369.9501069,0.002026081085205078
319503,normal,1191,0,1782362369.952085,0.001978158950805664
319504,normal,3209,1,1782362369.954081,0.0019960403442382812
319505,normal,3445,0,1782362369.956101,0.0020198822021484375
319506,normal,2194,0,1782362369.9580803,0.001979351043701172
319507,normal,2254,0,1782362369.9600804,0.002000093460083008
319508,normal,3695,0,1782362369.9621005,0.002020120620727539
319509,normal,1852,0,1782362369.9640791,0.001978635787963867
319510,normal,2008,0,1782362369.9660792,0.002000093460083008
319511,normal,2819,0,1782362369.9681003,0.0020210742950439453
319512,normal,334,0,1782362369.9700823,0.001981973648071289
319513,normal,1159,0,1782362369.9720805,0.0019981861114501953
319514,normal,1423,0,1782362369.9740987,0.0020182132720947266
319515,normal,690,0,1782362369.9760802,0.001981496810913086
319516,normal,1268,0,1782362369.97808,0.0019998550415039062
319517,normal,3456,0,1782362369.9800987,0.0020186901092529297
319518,normal,2245,0,1782362369.9820795,0.0019807815551757812
319519,normal,2754,0,1782362369.9840796,0.002000093460083008
319520,normal,1176,0,1782362369.986099,0.0020194053649902344
319521,normal,2566,0,1782362369.9880793,0.001980304718017578
319522,normal,1469,0,1782362369.990079,0.0019996166229248047
319523,normal,2452,0,1782362369.9921062,0.002027273178100586
319524,normal,64,0,1782362369.9940808,0.0019745826721191406
319525,normal,2923,0,1782362369.9960802,0.001999378204345703
319526,normal,2663,0,1782362369.9980981,0.002017974853515625
319527,normal,631,0,1782362370.0000806,0.001982450485229492
319528,normal,3075,1,1782362370.0020819,0.0020012855529785156
319529,normal,2163,0,1782362370.0041053,0.002023458480834961
319530,normal,1619,0,1782362370.0060794,0.0019741058349609375
319531,normal,3421,0,1782362370.0080788,0.001999378204345703
319532,normal,1758,0,1782362370.0101166,0.0020377635955810547
319533,normal,2399,0,1782362370.0120788,0.0019621849060058594
319534,normal,23,0,1782362370.0140896,0.002010822296142578
319535,normal,2191,0,1782362370.0160985,0.0020089149475097656
319536,normal,3701,0,1782362370.0180788,0.001980304718017578
319537,normal,1216,0,1782362370.020085,0.0020062923431396484
319538,normal,812,2,1782362370.0220988,0.002013683319091797
319539,normal,1232,0,1782362370.0240827,0.0019838809967041016
319540,normal,2619,0,1782362370.0260787,0.0019960403442382812
319541,normal,1377,1,1782362370.0281034,0.0020246505737304688
319542,normal,3613,0,1782362370.0300844,0.001981019973754883
319543,normal,886,2,1782362370.0320807,0.001996278762817383
319544,normal,3166,1,1782362370.0341003,0.002019643783569336
319545,normal,2481,0,1782362370.0360787,0.0019783973693847656
319546,normal,2178,0,1782362370.038077,0.001998424530029297
319547,normal,427,0,1782362370.0400994,0.002022266387939453
319548,normal,2839,0,1782362370.0420823,0.0019829273223876953
319549,normal,2043,0,1782362370.0440798,0.0019974708557128906
319550,normal,3394,1,1782362370.0460992,0.0020194053649902344
319551,normal,1031,0,1782362370.0480828,0.001983642578125
319552,normal,2112,0,1782362370.05008,0.001997232437133789
319553,normal,1667,0,1782362370.052101,0.0020208358764648438
319554,normal,325,0,1782362370.0541053,0.002004384994506836
319555,normal,3286,1,1782362370.0560808,0.001975536346435547
319556,normal,2525,0,1782362370.0580819,0.002001047134399414
319557,normal,2063,0,1782362370.0600955,0.002013683319091797
319558,normal,263,0,1782362370.0620809,0.001985311508178711
319559,normal,1521,0,1782362370.064163,0.0020821094512939453
319560,normal,3592,0,1782362370.0660837,0.0019207000732421875
319561,normal,2431,0,1782362370.0680795,0.0019958019256591797
319562,normal,3027,0,1782362370.0701158,0.0020363330841064453
319563,normal,1314,0,1782362370.0720851,0.0019693374633789062
319564,normal,2678,0,1782362370.0740879,0.002002716064453125
319565,normal,2990,0,1782362370.0760808,0.001992940902709961
319566,normal,1156,0,1782362370.0780954,0.002014636993408203
319567,normal,977,2,1782362370.0803273,0.0022318363189697266
319568,normal,3005,0,1782362370.0821168,0.0017895698547363281
319569,normal,3016,0,1782362370.0842652,0.0021483898162841797
319570,normal,3361,1,1782362370.086251,0.001985788345336914
319571,normal,225,0,1782362370.088122,0.001870870590209961
319572,normal,599,0,1782362370.0902884,0.0021665096282958984
319573,normal,2227,0,1782362370.0923657,0.002077341079711914
319574,normal,1706,0,1782362370.0942986,0.0019328594207763672
319575,normal,2745,0,1782362370.0962887,0.001990079879760742
319576,normal,122,0,1782362370.0985842,0.0022954940795898438
319577,normal,774,2,1782362370.1001887,0.0016045570373535156
319578,normal,1477,0,1782362370.1024554,0.0022666454315185547
319579,normal,2126,0,1782362370.1043682,0.001912832260131836
319580,normal,1518,0,1782362370.106304,0.001935720443725586
319581,normal,1550,0,1782362370.1083019,0.0019979476928710938
319582,normal,386,0,1782362370.110446,0.0021440982818603516
319583,normal,2662,0,1782362370.1125507,0.0021047592163085938
319584,normal,3144,1,1782362370.114355,0.001804351806640625
319585,normal,422,0,1782362370.116375,0.0020198822021484375
319586,normal,469,0,1782362370.1183078,0.0019328594207763672
319587,normal,579,0,1782362370.1202884,0.0019805431365966797
319588,normal,1856,0,1782362370.122595,0.002306699752807617
319589,normal,1493,0,1782362370.12419,0.0015950202941894531
319590,normal,2562,0,1782362370.1264563,0.0022661685943603516
319591,normal,701,0,1782362370.128386,0.0019297599792480469
319592,normal,562,0,1782362370.1303248,0.0019388198852539062
319593,normal,486,0,1782362370.1322925,0.0019676685333251953
319594,normal,2460,0,1782362370.134375,0.0020825862884521484
319595,normal,1629,0,1782362370.1363063,0.0019311904907226562
319596,normal,827,2,1782362370.138288,0.0019817352294921875
319597,normal,3419,0,1782362370.140479,0.0021910667419433594
319598,normal,1247,0,1782362370.142254,0.0017750263214111328
319599,normal,2240,0,1782362370.1442873,0.002033233642578125
319600,normal,2972,0,1782362370.1462827,0.0019953250885009766
319601,normal,216,0,1782362370.1482048,0.0019221305847167969
319602,normal,374,0,1782362370.150291,0.002086162567138672
319603,normal,1707,0,1782362370.1525,0.0022089481353759766
319604,normal,1513,0,1782362370.1542246,0.0017247200012207031
319605,normal,675,0,1782362370.1562858,0.002061128616333008
319606,normal,800,2,1782362370.1584995,0.002213716506958008
319607,normal,3020,0,1782362370.1602561,0.0017566680908203125
319608,normal,2652,0,1782362370.162287,0.0020308494567871094
319609,normal,495,0,1782362370.1645164,0.002229452133178711
319610,normal,998,2,1782362370.166235,0.0017185211181640625
319611,normal,1766,0,1782362370.1682947,0.0020596981048583984
319612,normal,3540,0,1782362370.1705194,0.0022246837615966797
319613,normal,859,2,1782362370.17224,0.0017206668853759766
319614,normal,1285,0,1782362370.1742902,0.002050161361694336
319615,normal,2904,0,1782362370.176521,0.0022308826446533203
319616,normal,1280,0,1782362370.1782308,0.0017096996307373047
319617,normal,1079,0,1782362370.1802857,0.002054929733276367
319618,normal,2455,0,1782362370.1824772,0.0021915435791015625
319619,normal,2560,0,1782362370.1841369,0.0016596317291259766
319620,normal,3149,1,1782362370.1863275,0.0021905899047851562
319621,normal,35,0,1782362370.1881795,0.0018520355224609375
319622,normal,283,0,1782362370.190486,0.0023064613342285156
319623,normal,1538,0,1782362370.1921487,0.0016627311706542969
319624,normal,1971,0,1782362370.1945052,0.0023565292358398438
319625,normal,1666,0,1782362370.1962378,0.0017325878143310547
319626,normal,1460,0,1782362370.1982863,0.002048492431640625
319627,normal,1985,0,1782362370.2005389,0.0022525787353515625
319628,normal,1350,1,1782362370.2022266,0.001687765121459961
319629,normal,2221,0,1782362370.2042868,0.0020601749420166016
319630,normal,2545,0,1782362370.2065217,0.002234935760498047
319631,normal,2847,0,1782362370.2082279,0.0017061233520507812
319632,normal,852,2,1782362370.2102923,0.0020644664764404297
319633,normal,3650,0,1782362370.21254,0.0022475719451904297
319634,normal,1520,0,1782362370.214221,0.0016810894012451172
319635,normal,2338,0,1782362370.2162914,0.0020704269409179688
319636,normal,298,0,1782362370.2185469,0.0022554397583007812
319637,normal,1853,0,1782362370.2202303,0.0016834735870361328
319638,normal,1979,0,1782362370.2222884,0.0020580291748046875
319639,normal,1720,0,1782362370.2245495,0.0022611618041992188
319640,normal,3441,0,1782362370.226224,0.0016744136810302734
319641,normal,80,0,1782362370.22829,0.0020661354064941406
319642,normal,238,0,1782362370.230321,0.0020308494567871094
319643,normal,81,0,1782362370.2323232,0.002002239227294922
319644,normal,1543,0,1782362370.2342844,0.001961231231689453
319645,normal,3006,0,1782362370.2363544,0.0020699501037597656
319646,normal,124,0,1782362370.2385063,0.002151966094970703
319647,normal,1133,0,1782362370.2401495,0.0016431808471679688
319648,normal,232,0,1782362370.24249,0.002340555191040039
319649,normal,1410,0,1782362370.2442358,0.0017457008361816406
319650,normal,368,0,1782362370.246291,0.0020551681518554688
319651,normal,680,0,1782362370.2485578,0.0022668838500976562
319652,normal,1779,0,1782362370.250228,0.0016701221466064453
319653,normal,2638,0,1782362370.2522871,0.0020592212677001953
319654,normal,1593,0,1782362370.2546334,0.0023462772369384766
319655,normal,1789,0,1782362370.2562313,0.0015978813171386719
319656,normal,1374,1,1782362370.258289,0.002057790756225586
319657,normal,3615,0,1782362370.2605648,0.002275705337524414
319658,normal,60,0,1782362370.2622278,0.0016629695892333984
319659,normal,1196,0,1782362370.264311,0.002083301544189453
319660,normal,1693,0,1782362370.266551,0.0022399425506591797
319661,normal,1594,0,1782362370.2682567,0.0017056465148925781
319662,normal,2659,0,1782362370.2703114,0.0020546913146972656
319663,normal,2792,0,1782362370.2723417,0.0020303726196289062
319664,normal,789,2,1782362370.2743227,0.001981019973754883
319665,normal,3671,0,1782362370.2763126,0.0019898414611816406
319666,normal,2515,0,1782362370.2785614,0.0022487640380859375
319667,normal,1441,0,1782362370.2801669,0.0016055107116699219
319668,normal,3508,0,1782362370.2822604,0.0020935535430908203
319669,normal,1754,0,1782362370.2843184,0.0020580291748046875
319670,normal,3329,1,1782362370.2862618,0.001943349838256836
319671,normal,2635,0,1782362370.2882545,0.0019927024841308594
319672,normal,1653,0,1782362370.2903209,0.002066373825073242
319673,normal,1091,0,1782362370.2922773,0.001956462860107422
319674,normal,3476,0,1782362370.2942538,0.001976490020751953
319675,normal,105,0,1782362370.2963254,0.0020716190338134766
319676,normal,674,0,1782362370.2982693,0.001943826675415039
319677,normal,2997,0,1782362370.3002663,0.0019969940185546875
319678,normal,3162,1,1782362370.3023322,0.002065896987915039
319679,normal,1838,0,1782362370.3042636,0.0019314289093017578
319680,normal,2928,0,1782362370.3062577,0.0019941329956054688
319681,normal,290,0,1782362370.3083937,0.0021359920501708984
319682,normal,968,2,1782362370.3101776,0.0017838478088378906
319683,normal,47,0,1782362370.3122585,0.0020809173583984375
319684,normal,2327,0,1782362370.3143978,0.0021393299102783203
319685,normal,2136,0,1782362370.3162436,0.0018458366394042969
319686,normal,2588,0,1782362370.318255,0.0020112991333007812
319687,normal,946,2,1782362370.3203328,0.002077817916870117
319688,normal,2634,0,1782362370.322252,0.0019192695617675781
319689,normal,1923,0,1782362370.3242552,0.002003192901611328
319690,normal,1917,0,1782362370.3263345,0.0020792484283447266
319691,normal,1955,0,1782362370.3282661,0.0019316673278808594
319692,normal,1357,1,1782362370.330138,0.0018718242645263672
319693,normal,3171,1,1782362370.3325334,0.0023953914642333984
319694,normal,1516,0,1782362370.33425,0.00171661376953125
319695,normal,493,0,1782362370.3362553,0.002005338668823242
319696,normal,138,0,1782362370.3383439,0.0020885467529296875
319697,normal,683,0,1782362370.3402736,0.0019297599792480469
319698,normal,1454,0,1782362370.3422573,0.001983642578125
319699,normal,702,0,1782362370.3442342,0.0019769668579101562
319700,normal,573,0,1782362370.3461607,0.001926422119140625
319701,normal,642,0,1782362370.3482485,0.002087831497192383
319702,normal,596,0,1782362370.3501523,0.0019037723541259766
319703,normal,1158,0,1782362370.3521273,0.0019750595092773438
319704,normal,344,0,1782362370.3542414,0.0021140575408935547
319705,normal,2510,0,1782362370.3563318,0.0020904541015625
319706,normal,1770,0,1782362370.3580966,0.0017647743225097656
319707,normal,2157,0,1782362370.360242,0.0021452903747558594
319708,normal,1311,0,1782362370.3623285,0.002086639404296875
319709,normal,12,0,1782362370.3641183,0.0017898082733154297
319710,normal,765,0,1782362370.366278,0.002159595489501953
319711,normal,2450,0,1782362370.368356,0.0020780563354492188
319712,normal,1670,0,1782362370.3701236,0.0017676353454589844
319713,normal,1774,0,1782362370.3723257,0.0022020339965820312
319714,normal,2590,0,1782362370.3742607,0.0019350051879882812
319715,normal,3396,1,1782362370.3760946,0.0018339157104492188
319716,normal,517,0,1782362370.3782184,0.0021238327026367188
319717,normal,166,0,1782362370.380238,0.002019643783569336
319718,normal,1456,0,1782362370.3821402,0.0019021034240722656
319719,normal,999,2,1782362370.3843193,0.0021791458129882812
319720,normal,2107,0,1782362370.3862407,0.0019214153289794922
319721,normal,725,0,1782362370.3880918,0.0018510818481445312
319722,normal,3517,0,1782362370.3901472,0.0020554065704345703
319723,normal,161,0,1782362370.3922918,0.0021445751190185547
319724,normal,623,0,1782362370.394125,0.001833200454711914
319725,normal,1953,0,1782362370.3962963,0.0021712779998779297
319726,normal,837,2,1782362370.3982322,0.0019359588623046875
319727,normal,2919,0,1782362370.4001539,0.0019216537475585938
319728,normal,2039,0,1782362370.40224,0.002086162567138672
319729,normal,2472,0,1782362370.4042373,0.001997232437133789
319730,normal,2242,0,1782362370.4061441,0.0019068717956542969
319731,normal,867,2,1782362370.408222,0.002077817916870117
319732,normal,661,0,1782362370.4102402,0.0020182132720947266
319733,normal,3141,1,1782362370.4121838,0.0019435882568359375
319734,normal,3001,0,1782362370.414252,0.0020682811737060547
319735,normal,367,0,1782362370.4162679,0.002015829086303711
319736,normal,3356,1,1782362370.418176,0.0019080638885498047
319737,normal,2355,0,1782362370.42026,0.002084016799926758
319738,normal,102,0,1782362370.422267,0.002007007598876953
319739,normal,2842,0,1782362370.4241915,0.0019245147705078125
319740,normal,2645,0,1782362370.4262507,0.0020592212677001953
319741,normal,3037,0,1782362370.42827,0.0020194053649902344
319742,normal,1424,0,1782362370.4302535,0.0019834041595458984
319743,normal,3467,0,1782362370.4322658,0.0020122528076171875
319744,normal,2208,0,1782362370.4342752,0.0020093917846679688
319745,normal,2003,0,1782362370.4362557,0.0019805431365966797
319746,normal,3523,0,1782362370.4382484,0.0019927024841308594
319747,normal,1905,0,1782362370.4402804,0.002032041549682617
319748,normal,901,2,1782362370.4422321,0.0019516944885253906
319749,normal,3402,0,1782362370.4442532,0.0020210742950439453
319750,normal,682,0,1782362370.4462547,0.002001523971557617
319751,normal,2976,0,1782362370.4481795,0.001924753189086914
319752,normal,1363,1,1782362370.450249,0.0020694732666015625
319753,normal,468,0,1782362370.4522836,0.0020346641540527344
319754,normal,1841,0,1782362370.4542403,0.0019567012786865234
319755,normal,2608,0,1782362370.456252,0.0020117759704589844
319756,normal,454,0,1782362370.458287,0.002034902572631836
319757,normal,3007,0,1782362370.4601755,0.0018885135650634766
319758,normal,3350,1,1782362370.4622495,0.002074003219604492
319759,normal,3269,1,1782362370.464287,0.002037525177001953
319760,normal,1920,0,1782362370.466234,0.0019469261169433594
319761,normal,923,2,1782362370.4682515,0.002017498016357422
319762,normal,2293,0,1782362370.4702883,0.0020368099212646484
319763,normal,2318,0,1782362370.4722328,0.0019445419311523438
319764,normal,2237,0,1782362370.4742508,0.002017974853515625
319765,normal,3186,1,1782362370.4762914,0.0020406246185302734
319766,normal,1217,0,1782362370.4782307,0.0019392967224121094
319767,normal,1078,0,1782362370.4802892,0.0020585060119628906
319768,normal,2053,0,1782362370.4823399,0.002050638198852539
319769,normal,3158,1,1782362370.4843383,0.001998424530029297
319770,normal,91,0,1782362370.486275,0.0019366741180419922
319771,normal,2767,0,1782362370.4885266,0.0022516250610351562
319772,normal,90,0,1782362370.4902034,0.001676797866821289
319773,normal,2600,0,1782362370.492279,0.002075672149658203
319774,normal,582,0,1782362370.4945877,0.0023086071014404297
319775,normal,1399,0,1782362370.4962354,0.0016477108001708984
319776,normal,3578,0,1782362370.498293,0.0020575523376464844
319777,normal,1255,0,1782362370.500508,0.002215147018432617
319778,normal,3222,1,1782362370.5021873,0.0016791820526123047
319779,normal,1896,0,1782362370.5042868,0.0020995140075683594
319780,normal,2557,0,1782362370.5065603,0.0022735595703125
319781,normal,2494,0,1782362370.5082026,0.0016422271728515625
319782,normal,2317,0,1782362370.510275,0.0020723342895507812
319783,normal,1003,2,1782362370.5125287,0.0022537708282470703
319784,normal,3191,1,1782362370.5141938,0.0016651153564453125
319785,normal,2138,0,1782362370.5162797,0.0020859241485595703
319786,normal,2397,0,1782362370.5185373,0.0022575855255126953
319787,normal,3237,1,1782362370.5201917,0.0016543865203857422
319788,normal,3679,0,1782362370.5222828,0.0020911693572998047
319789,normal,1978,0,1782362370.5245697,0.0022869110107421875
319790,normal,2451,0,1782362370.5261889,0.001619100570678711
319791,normal,3118,1,1782362370.5282795,0.0020906925201416016
319792,normal,2311,0,1782362370.5305645,0.002285003662109375
319793,normal,3251,1,1782362370.5322208,0.0016562938690185547
319794,normal,2224,0,1782362370.5342836,0.0020627975463867188
319795,normal,3363,1,1782362370.5365648,0.00228118896484375
319796,normal,2867,0,1782362370.5382009,0.0016360282897949219
319797,normal,2476,0,1782362370.5402787,0.002077817916870117
319798,normal,2546,0,1782362370.5425665,0.0022878646850585938
319799,normal,2287,0,1782362370.5442257,0.0016591548919677734
319800,normal,496,0,1782362370.5462754,0.002049684524536133
319801,normal,404,0,1782362370.5483575,0.0020821094512939453
319802,normal,3327,1,1782362370.5503132,0.001955747604370117
319803,normal,2907,0,1782362370.5522943,0.001981019973754883
319804,normal,1736,0,1782362370.5545967,0.002302408218383789
319805,normal,3025,0,1782362370.5561478,0.0015511512756347656
319806,normal,934,2,1782362370.5584476,0.002299785614013672
319807,normal,3078,1,1782362370.560286,0.0018384456634521484
319808,normal,361,0,1782362370.5621865,0.0019004344940185547
319809,normal,2991,0,1782362370.56428,0.0020935535430908203
319810,normal,1242,0,1782362370.5665786,0.002298593521118164
319811,normal,2238,0,1782362370.5682125,0.0016338825225830078
319812,normal,1723,0,1782362370.5702827,0.002070188522338867
319813,normal,1943,0,1782362370.572581,0.0022983551025390625
319814,normal,1026,2,1782362370.5742161,0.0016350746154785156
319815,normal,3556,0,1782362370.5762992,0.0020830631256103516
319816,normal,3234,1,1782362370.578471,0.002171754837036133
319817,normal,3290,1,1782362370.5801914,0.001720428466796875
319818,normal,2841,0,1782362370.5822742,0.00208282470703125
319819,normal,2805,0,1782362370.5845664,0.002292156219482422
319820,normal,2857,0,1782362370.5862114,0.0016450881958007812
319821,normal,2434,0,1782362370.58828,0.0020685195922851562
319822,normal,3173,1,1782362370.5905976,0.002317667007446289
319823,normal,910,2,1782362370.5921478,0.0015501976013183594
319824,normal,659,0,1782362370.5944498,0.002301931381225586
319825,normal,2468,0,1782362370.596375,0.0019252300262451172
319826,normal,807,2,1782362370.5983338,0.0019588470458984375
319827,normal,1045,0,1782362370.6002862,0.0019524097442626953
319828,normal,2942,0,1782362370.6025913,0.0023050308227539062
319829,normal,2530,0,1782362370.604189,0.0015976428985595703
319830,normal,3600,0,1782362370.606562,0.0023729801177978516
319831,normal,2793,0,1782362370.6083775,0.0018155574798583984
319832,normal,2429,0,1782362370.6103024,0.0019249916076660156
319833,normal,2507,0,1782362370.6122794,0.0019769668579101562
319834,normal,2490,0,1782362370.614623,0.0023436546325683594
319835,normal,3428,0,1782362370.6161878,0.0015647411346435547
319836,normal,2649,0,1782362370.618447,0.0022592544555664062
319837,normal,2086,0,1782362370.6202843,0.0018372535705566406
319838,normal,2148,0,1782362370.6223376,0.0020532608032226562
319839,normal,415,0,1782362370.6242802,0.0019426345825195312
319840,normal,961,2,1782362370.6264672,0.002187013626098633
319841,normal,1241,0,1782362370.6281943,0.0017271041870117188
319842,normal,3182,1,1782362370.6302798,0.002085447311401367
319843,normal,2604,0,1782362370.6322923,0.002012491226196289
319844,normal,432,0,1782362370.634335,0.0020427703857421875
319845,normal,3345,1,1782362370.6362765,0.0019414424896240234
319846,normal,959,2,1782362370.6384864,0.002209901809692383
319847,normal,1776,0,1782362370.640192,0.0017056465148925781
319848,normal,1537,0,1782362370.6422794,0.0020873546600341797
319849,normal,1554,0,1782362370.644296,0.0020165443420410156
319850,normal,3000,0,1782362370.6463394,0.002043485641479492
319851,normal,1316,0,1782362370.6482806,0.0019412040710449219
319852,normal,3705,0,1782362370.6505218,0.0022411346435546875
319853,normal,770,0,1782362370.6522102,0.0016884803771972656
319854,normal,750,0,1782362370.6541607,0.0019505023956298828
319855,normal,1945,0,1782362370.6565506,0.0023899078369140625
319856,normal,3655,0,1782362370.658216,0.001665353775024414
319857,normal,3219,1,1782362370.6602845,0.0020685195922851562
319858,normal,927,2,1782362370.6625252,0.0022406578063964844
319859,normal,3305,1,1782362370.6641963,0.0016710758209228516
319860,normal,2889,0,1782362370.6662824,0.002086162567138672
319861,normal,3090,1,1782362370.668536,0.0022535324096679688
319862,normal,311,0,1782362370.6701934,0.0016574859619140625
319863,normal,1189,0,1782362370.672288,0.0020945072174072266
319864,normal,3224,1,1782362370.6745017,0.002213716506958008
319865,normal,1782,0,1782362370.6761918,0.0016901493072509766
319866,normal,2869,0,1782362370.6782794,0.0020875930786132812
319867,normal,463,0,1782362370.6805193,0.0022399425506591797
319868,normal,3170,1,1782362370.6821456,0.0016262531280517578
319869,normal,29,0,1782362370.6844478,0.0023021697998046875
319870,normal,916,2,1782362370.6862535,0.0018057823181152344
319871,normal,737,0,1782362370.6883507,0.0020971298217773438
319872,normal,1983,0,1782362370.6902792,0.001928567886352539
319873,normal,831,2,1782362370.6925344,0.0022552013397216797
319874,normal,2421,0,1782362370.6942155,0.0016810894012451172
319875,normal,1472,0,1782362370.6962802,0.0020647048950195312
319876,normal,691,0,1782362370.6984584,0.002178192138671875
319877,normal,1029,2,1782362370.7002318,0.0017733573913574219
319878,normal,1721,0,1782362370.7022817,0.0020499229431152344
319879,normal,1474,0,1782362370.7045426,0.002260923385620117
319880,normal,292,0,1782362370.7061946,0.0016520023345947266
319881,normal,2987,0,1782362370.7082825,0.002087831497192383
319882,normal,735,0,1782362370.7105536,0.0022711753845214844
319883,normal,1854,0,1782362370.7122123,0.0016586780548095703
319884,normal,1131,0,1782362370.7142787,0.002066373825073242
319885,normal,1,0,1782362370.7165449,0.0022661685943603516
319886,normal,1420,0,1782362370.7181895,0.0016446113586425781
319887,normal,1270,0,1782362370.7202802,0.0020906925201416016
319888,normal,3539,0,1782362370.7225544,0.0022742748260498047
319889,normal,755,0,1782362370.7242002,0.001645803451538086
319890,normal,1228,0,1782362370.7262812,0.0020809173583984375
319891,normal,2616,0,1782362370.7285533,0.0022721290588378906
319892,normal,3472,0,1782362370.7301917,0.0016384124755859375
319893,normal,2299,0,1782362370.732312,0.0021202564239501953
319894,normal,2175,0,1782362370.734541,0.002228975296020508
319895,normal,2596,0,1782362370.7361875,0.0016465187072753906
319896,normal,1713,0,1782362370.7382753,0.002087831497192383
319897,normal,2183,0,1782362370.7405334,0.0022580623626708984
319898,normal,966,2,1782362370.7421913,0.0016579627990722656
319899,normal,1400,0,1782362370.7442157,0.002024412155151367
319900,normal,2344,0,1782362370.7463486,0.002132892608642578
319901,normal,2168,0,1782362370.7483318,0.001983165740966797
319902,normal,2712,0,1782362370.75027,0.0019381046295166016
319903,normal,1817,0,1782362370.7525275,0.0022575855255126953
319904,normal,2394,0,1782362370.754178,0.0016505718231201172
319905,normal,1000,2,1782362370.7562754,0.0020973682403564453
319906,normal,2026,0,1782362370.7583437,0.0020682811737060547
319907,normal,2816,0,1782362370.7603357,0.0019919872283935547
319908,normal,137,0,1782362370.7622683,0.0019326210021972656
319909,normal,736,0,1782362370.7645378,0.0022695064544677734
319910,normal,351,0,1782362370.7661495,0.0016117095947265625
319911,normal,2228,0,1782362370.7684455,0.002295970916748047
319912,normal,481,0,1782362370.7703602,0.0019147396087646484
319913,normal,391,0,1782362370.7723343,0.0019741058349609375
319914,normal,1611,0,1782362370.7742777,0.001943349838256836
319915,normal,521,0,1782362370.776566,0.002288341522216797
319916,normal,1814,0,1782362370.7781792,0.0016131401062011719
319917,normal,1411,0,1782362370.780274,0.002094745635986328
319918,normal,474,0,1782362370.782577,0.0023031234741210938
319919,normal,1381,1,1782362370.7841632,0.0015861988067626953
319920,normal,104,0,1782362370.786477,0.002313852310180664
319921,normal,261,0,1782362370.788359,0.0018818378448486328
319922,normal,3255,1,1782362370.7903028,0.001943826675415039
319923,normal,3703,0,1782362370.792283,0.001980304718017578
319924,normal,1302,0,1782362370.7945797,0.0022966861724853516
319925,normal,3488,0,1782362370.7961588,0.0015790462493896484
319926,normal,319,0,1782362370.798469,0.0023102760314941406
319927,normal,1088,0,1782362370.8003657,0.0018966197967529297
319928,normal,922,2,1782362370.8023033,0.0019376277923583984
319929,normal,2565,0,1782362370.804268,0.001964569091796875
319930,normal,2720,0,1782362370.8065872,0.0023193359375
319931,normal,1948,0,1782362370.8081422,0.0015549659729003906
319932,normal,1954,0,1782362370.810461,0.002318859100341797
319933,normal,874,2,1782362370.812368,0.0019068717956542969
319934,normal,1323,1,1782362370.814328,0.0019600391387939453
319935,normal,3527,0,1782362370.8162692,0.0019412040710449219
319936,normal,1792,0,1782362370.8185573,0.0022881031036376953
319937,normal,2446,0,1782362370.8201506,0.0015933513641357422
319938,normal,3531,0,1782362370.822441,0.002290487289428711
319939,normal,3146,1,1782362370.8243725,0.0019314289093017578
319940,normal,570,0,1782362370.826334,0.0019614696502685547
319941,normal,2570,0,1782362370.8282976,0.0019636154174804688
319942,normal,3026,0,1782362370.8305616,0.0022640228271484375
319943,normal,2533,0,1782362370.832159,0.0015974044799804688
319944,normal,3018,0,1782362370.8342733,0.0021142959594726562
319945,normal,2496,0,1782362370.836593,0.0023195743560791016
319946,normal,3480,0,1782362370.8381586,0.001565694808959961
319947,normal,1329,1,1782362370.8402677,0.002109050750732422
319948,normal,3316,1,1782362370.8425894,0.0023217201232910156
319949,normal,324,0,1782362370.84433,0.0017406940460205078
319950,normal,2742,0,1782362370.8462682,0.0019381046295166016
319951,normal,159,0,1782362370.848446,0.002177715301513672
319952,normal,2135,0,1782362370.850165,0.0017189979553222656
319953,normal,1889,0,1782362370.852272,0.0021071434020996094
319954,normal,1101,0,1782362370.8544767,0.0022046566009521484
319955,normal,1265,0,1782362370.8561523,0.0016756057739257812
319956,normal,1545,0,1782362370.85847,0.002317667007446289
319957,normal,3509,0,1782362370.8602896,0.001819610595703125
319958,normal,2367,0,1782362370.8621671,0.0018775463104248047
319959,normal,3106,1,1782362370.8642743,0.0021071434020996094
319960,normal,3689,0,1782362370.8664804,0.002206087112426758
319961,normal,125,0,1782362370.8681643,0.001683950424194336
319962,normal,2844,0,1782362370.8702724,0.0021080970764160156
319963,normal,2176,0,1782362370.8724754,0.0022029876708984375
319964,normal,1547,0,1782362370.8741596,0.0016841888427734375
319965,normal,114,0,1782362370.8762684,0.0021088123321533203
319966,normal,1868,0,1782362370.87849,0.0022215843200683594
319967,normal,2401,0,1782362370.880226,0.0017359256744384766
319968,normal,2181,0,1782362370.8822696,0.0020437240600585938
319969,normal,2500,0,1782362370.884299,0.0020294189453125
319970,normal,3344,1,1782362370.8863344,0.002035379409790039
319971,normal,3353,1,1782362370.8883066,0.001972198486328125
319972,normal,2601,0,1782362370.890493,0.002186298370361328
319973,normal,717,0,1782362370.8921654,0.001672506332397461
319974,normal,1992,0,1782362370.8942754,0.002110004425048828
319975,normal,55,0,1782362370.8964942,0.0022187232971191406
319976,normal,556,0,1782362370.8981616,0.0016674995422363281
319977,normal,1974,0,1782362370.9002748,0.0021131038665771484
319978,normal,3059,1,1782362370.9025002,0.0022253990173339844
319979,normal,1385,0,1782362370.9041712,0.0016710758209228516
319980,normal,3549,0,1782362370.9062858,0.002114534378051758
319981,normal,2325,0,1782362370.9084976,0.0022118091583251953
319982,normal,1993,0,1782362370.910164,0.0016665458679199219
319983,normal,1686,0,1782362370.912293,0.0021288394927978516
319984,normal,2605,0,1782362370.9145026,0.0022096633911132812
319985,normal,3593,0,1782362370.9161844,0.0016818046569824219
319986,normal,1486,0,1782362370.9182737,0.002089262008666992
319987,normal,2730,0,1782362370.9205065,0.002232789993286133
319988,normal,2665,0,1782362370.9221816,0.0016751289367675781
319989,normal,2676,0,1782362370.9242811,0.0020995140075683594
319990,normal,7,0,1782362370.9263763,0.0020952224731445312
319991,normal,2363,0,1782362370.928158,0.0017817020416259766
319992,normal,3047,1,1782362370.930118,0.0019600391387939453
319993,normal,1743,0,1782362370.9323585,0.002240419387817383
319994,normal,751,0,1782362370.9341652,0.0018067359924316406
319995,normal,3265,1,1782362370.9361103,0.0019450187683105469
319996,normal,3688,0,1782362370.9382555,0.0021452903747558594
319997,normal,2624,0,1782362370.9400463,0.001790761947631836
319998,normal,3548,0,1782362370.942204,0.0021576881408691406
319999,normal,3515,0,1782362370.9444034,0.002199411392211914
320000,normal,66,0,1782362370.9460702,0.0016667842864990234
320001,normal,2253,0,1782362370.9482896,0.0022194385528564453
320002,normal,857,2,1782362370.9501355,0.0018458366394042969
320003,normal,937,2,1782362370.9521277,0.0019922256469726562
320004,normal,2383,0,1782362370.9551818,0.0030541419982910156
320005,normal,2650,0,1782362370.9562297,0.0010478496551513672
320006,normal,378,0,1782362370.958344,0.0021142959594726562
320007,normal,3354,1,1782362370.9601545,0.0018105506896972656
320008,normal,2014,0,1782362370.9625423,0.0023877620697021484
320009,normal,2700,0,1782362370.9641497,0.0016074180603027344
320010,normal,2074,0,1782362370.9661565,0.0020067691802978516
320011,normal,1017,2,1782362370.9682062,0.002049684524536133
320012,normal,3292,1,1782362370.970166,0.0019598007202148438
320013,normal,549,0,1782362370.9721143,0.0019483566284179688
320014,normal,1086,0,1782362370.974211,0.0020966529846191406
320015,normal,926,2,1782362370.9761634,0.0019524097442626953
320016,normal,855,2,1782362370.978136,0.001972675323486328
320017,normal,1940,0,1782362370.980301,0.0021648406982421875
320018,normal,3267,1,1782362370.9821675,0.0018665790557861328
320019,normal,3148,1,1782362370.9842942,0.0021266937255859375
320020,normal,2109,0,1782362370.9862576,0.001963376998901367
320021,normal,2078,0,1782362370.9881613,0.0019037723541259766
320022,normal,2703,0,1782362370.9902751,0.002113819122314453
320023,normal,627,0,1782362370.9923701,0.0020949840545654297
320024,normal,1240,0,1782362370.9941685,0.001798391342163086
320025,normal,2334,0,1782362370.9968467,0.0026781558990478516
320026,normal,3426,0,1782362370.9981813,0.0013346672058105469
320027,normal,2798,0,1782362371.0001874,0.002006053924560547
320028,normal,3341,1,1782362371.002297,0.002109527587890625
320029,normal,3405,0,1782362371.0041285,0.0018315315246582031
320030,normal,2640,0,1782362371.0063004,0.0021719932556152344
320031,normal,3008,0,1782362371.00816,0.0018596649169921875
320032,normal,2992,0,1782362371.0102932,0.0021331310272216797
320033,normal,2971,0,1782362371.0121684,0.001875162124633789
320034,normal,42,0,1782362371.014296,0.0021276473999023438
320035,normal,3034,0,1782362371.0162704,0.001974344253540039
320036,normal,1489,0,1782362371.0181527,0.001882314682006836
320037,normal,2187,0,1782362371.020305,0.0021522045135498047
320038,normal,580,0,1782362371.02229,0.0019850730895996094
320039,normal,578,0,1782362371.024153,0.0018630027770996094
320040,normal,1093,0,1782362371.026938,0.0027849674224853516
320041,normal,2940,0,1782362371.028305,0.0013670921325683594
320042,normal,2158,0,1782362371.0301616,0.0018565654754638672
320043,normal,2996,0,1782362371.0322933,0.0021317005157470703
320044,normal,1630,0,1782362371.0343637,0.0020704269409179688
320045,normal,895,2,1782362371.0361466,0.0017828941345214844
320046,normal,348,0,1782362371.0383058,0.00215911865234375
320047,normal,2843,0,1782362371.041307,0.0030012130737304688
320048,normal,2121,0,1782362371.0435162,0.002209186553955078
320049,normal,2915,0,1782362371.0443554,0.0008392333984375
320050,normal,1372,1,1782362371.0466433,0.0022878646850585938
320051,normal,2606,0,1782362371.0484633,0.0018200874328613281
320052,normal,3187,1,1782362371.050473,0.0020096302032470703
320053,normal,1949,0,1782362371.0526247,0.0021517276763916016
320054,normal,2462,0,1782362371.054454,0.001829385757446289
320055,normal,3706,0,1782362371.0569797,0.0025255680084228516
320056,normal,1968,0,1782362371.0586586,0.0016789436340332031
320057,normal,1631,0,1782362371.0608876,0.002228975296020508
320058,normal,1818,0,1782362371.063051,0.002163410186767578
320059,normal,1975,0,1782362371.0641735,0.0011224746704101562
320060,normal,1250,0,1782362371.067041,0.002867460250854492
320061,normal,2247,0,1782362371.0689037,0.0018627643585205078
320062,normal,2080,0,1782362371.0707154,0.0018117427825927734
320063,normal,1179,0,1782362371.072448,0.0017325878143310547
320064,normal,2584,0,1782362371.0745707,0.002122640609741211
320065,normal,984,2,1782362371.0766175,0.002046823501586914
320066,normal,2962,0,1782362371.0784583,0.001840829849243164
320067,normal,1353,1,1782362371.0801685,0.0017101764678955078
320068,normal,1811,0,1782362371.0822823,0.002113819122314453
320069,normal,2390,0,1782362371.084073,0.001790761947631836
320070,normal,1819,0,1782362371.0860336,0.0019605159759521484
320071,normal,2499,0,1782362371.0881734,0.0021398067474365234
320072,normal,3379,1,1782362371.0900574,0.0018839836120605469
320073,normal,1246,0,1782362371.092162,0.002104520797729492
320074,normal,1231,0,1782362371.094288,0.0021262168884277344
320075,normal,3135,1,1782362371.0961056,0.001817464828491211
320076,normal,1332,1,1782362371.0982695,0.0021638870239257812
320077,normal,3485,0,1782362371.1001554,0.0018858909606933594
320078,normal,540,0,1782362371.1022825,0.0021271705627441406
320079,normal,3640,0,1782362371.1041017,0.0018191337585449219
320080,normal,254,0,1782362371.1061573,0.002055644989013672
320081,normal,3294,1,1782362371.1082547,0.0020973682403564453
320082,normal,870,2,1782362371.1100996,0.0018448829650878906
320083,normal,2343,0,1782362371.112347,0.002247333526611328
320084,normal,1648,0,1782362371.1141753,0.0018284320831298828
320085,normal,2975,0,1782362371.1160886,0.001913309097290039
320086,normal,1718,0,1782362371.1180947,0.002006053924560547
320087,normal,2735,0,1782362371.1200979,0.002003192901611328
320088,normal,335,0,1782362371.1221075,0.0020096302032470703
320089,normal,3089,1,1782362371.124164,0.002056598663330078
320090,normal,2550,0,1782362371.1261122,0.0019481182098388672
320091,normal,3039,0,1782362371.1280847,0.0019724369049072266
320092,normal,2067,0,1782362371.1301665,0.0020818710327148438
320093,normal,964,2,1782362371.132098,0.0019314289093017578
320094,normal,2459,0,1782362371.1341212,0.0020232200622558594
320095,normal,1661,0,1782362371.1361682,0.0020470619201660156
320096,normal,449,0,1782362371.1381116,0.001943349838256836
320097,normal,281,0,1782362371.140084,0.0019724369049072266
320098,normal,1692,0,1782362371.142172,0.0020880699157714844
320099,normal,940,2,1782362371.1441095,0.0019373893737792969
320100,normal,2711,0,1782362371.1460884,0.0019788742065429688
320101,normal,1512,0,1782362371.1481757,0.0020873546600341797
320102,normal,865,2,1782362371.1501143,0.0019385814666748047
320103,normal,115,0,1782362371.1520953,0.001981019973754883
320104,normal,429,0,1782362371.1541772,0.0020818710327148438
320105,normal,3446,0,1782362371.1561122,0.0019350051879882812
320106,normal,804,2,1782362371.158085,0.0019729137420654297
320107,normal,551,0,1782362371.1601813,0.0020961761474609375
320108,normal,2692,0,1782362371.1621227,0.0019414424896240234
320109,normal,39,0,1782362371.1640847,0.001961946487426758
320110,normal,2285,0,1782362371.1661844,0.002099752426147461
320111,normal,1153,0,1782362371.1681132,0.0019288063049316406
320112,normal,461,0,1782362371.1700847,0.0019714832305908203
320113,normal,352,0,1782362371.1721864,0.0021016597747802734
320114,normal,748,0,1782362371.1741095,0.0019230842590332031
320115,normal,1417,0,1782362371.1760845,0.0019750595092773438
320116,normal,484,0,1782362371.1781912,0.0021066665649414062
320117,normal,1739,0,1782362371.1800976,0.0019063949584960938
320118,normal,2998,0,1782362371.182083,0.001985311508178711
320119,normal,1592,0,1782362371.1841927,0.0021097660064697266
320120,normal,2812,0,1782362371.1860971,0.0019044876098632812
320121,normal,2372,0,1782362371.1880827,0.0019855499267578125
320122,normal,2952,0,1782362371.190062,0.001979351043701172
320123,normal,408,0,1782362371.1920743,0.0020122528076171875
320124,normal,3140,1,1782362371.1940434,0.0019690990447998047
320125,normal,2572,0,1782362371.1960847,0.002041339874267578
320126,normal,1616,0,1782362371.198059,0.001974344253540039
320127,normal,1834,0,1782362371.2000525,0.001993417739868164
320128,normal,1902,0,1782362371.2020726,0.002020120620727539
320129,normal,1342,1,1782362371.2040582,0.0019855499267578125
320130,normal,2458,0,1782362371.206033,0.001974821090698242
320131,normal,132,0,1782362371.208074,0.0020411014556884766
320132,normal,2405,0,1782362371.2100568,0.0019826889038085938
320133,normal,3521,0,1782362371.2120433,0.0019865036010742188
320134,normal,2333,0,1782362371.214148,0.0021047592163085938
320135,normal,3043,0,1782362371.216062,0.0019140243530273438
320136,normal,1291,0,1782362371.2180471,0.0019850730895996094
320137,normal,942,2,1782362371.220074,0.002026796340942383
320138,normal,364,0,1782362371.222054,0.0019800662994384766
320139,normal,2313,0,1782362371.2240458,0.001991748809814453
320140,normal,1925,0,1782362371.2261844,0.0021386146545410156
320141,normal,1188,0,1782362371.228035,0.0018506050109863281
320142,normal,2931,0,1782362371.2300553,0.0020203590393066406
320143,normal,2029,0,1782362371.2320757,0.0020203590393066406
320144,normal,2198,0,1782362371.2340522,0.001976490020751953
320145,normal,726,0,1782362371.236046,0.001993894577026367
320146,normal,1871,0,1782362371.238177,0.0021309852600097656
320147,normal,1375,1,1782362371.2400422,0.0018651485443115234
320148,normal,2695,0,1782362371.2420359,0.0019936561584472656
320149,normal,2295,0,1782362371.244338,0.0023021697998046875
320150,normal,526,0,1782362371.2461925,0.0018544197082519531
320151,normal,1463,0,1782362371.2481828,0.0019903182983398438
320152,normal,3108,1,1782362371.2509818,0.0027990341186523438
320153,normal,3282,1,1782362371.2521992,0.0012173652648925781
320154,normal,2000,0,1782362371.254218,0.0020189285278320312
320155,normal,1585,0,1782362371.2560744,0.0018563270568847656
320156,normal,27,0,1782362371.2580738,0.001999378204345703
320157,normal,460,0,1782362371.2600906,0.002016782760620117
320158,normal,1359,1,1782362371.262107,0.002016305923461914
320159,normal,3651,0,1782362371.264104,0.0019969940185546875
320160,normal,2110,0,1782362371.2660987,0.0019948482513427734
320161,normal,1391,0,1782362371.2682226,0.0021238327026367188
320162,normal,769,0,1782362371.270349,0.002126455307006836
320163,normal,709,0,1782362371.272316,0.0019669532775878906
320164,normal,437,0,1782362371.2741067,0.001790761947631836
320165,normal,2167,0,1782362371.2760973,0.0019905567169189453
320166,normal,2021,0,1782362371.2781124,0.0020151138305664062
320167,normal,3011,0,1782362371.2801006,0.0019881725311279297
320168,normal,1491,0,1782362371.2821107,0.0020101070404052734
320169,normal,3188,1,1782362371.2840946,0.0019838809967041016
320170,normal,3486,0,1782362371.2861018,0.0020072460174560547
320171,normal,2818,0,1782362371.2881587,0.0020568370819091797
320172,normal,219,0,1782362371.290115,0.001956462860107422
320173,normal,3533,0,1782362371.2921042,0.001989126205444336
320174,normal,3577,0,1782362371.2941058,0.002001523971557617
320175,normal,1586,0,1782362371.2961147,0.0020089149475097656
320176,normal,3470,0,1782362371.2981007,0.0019860267639160156
320177,normal,2292,0,1782362371.3000987,0.0019979476928710938
320178,normal,1885,0,1782362371.3020723,0.0019736289978027344
320179,normal,3530,0,1782362371.304136,0.002063751220703125
320180,normal,2147,0,1782362371.3068802,0.0027441978454589844
320181,normal,2956,0,1782362371.3082378,0.0013575553894042969
320182,normal,179,0,1782362371.31035,0.002112150192260742
320183,normal,2719,0,1782362371.312161,0.0018110275268554688
320184,normal,3609,0,1782362371.3141606,0.0019996166229248047
320185,normal,1140,0,1782362371.3161728,0.0020122528076171875
320186,normal,754,0,1782362371.3186252,0.002452373504638672
320187,normal,1150,0,1782362371.320057,0.0014317035675048828
320188,normal,2854,0,1782362371.3221116,0.0020546913146972656
320189,normal,110,0,1782362371.324097,0.001985311508178711
320190,normal,247,0,1782362371.326091,0.0019941329956054688
320191,normal,211,0,1782362371.328091,0.0019998550415039062
320192,normal,1737,0,1782362371.330108,0.0020170211791992188
320193,normal,2967,0,1782362371.3321252,0.0020172595977783203
320194,normal,3163,1,1782362371.33423,0.0021047592163085938
320195,normal,2471,0,1782362371.3360996,0.0018696784973144531
320196,normal,2948,0,1782362371.338094,0.0019943714141845703
320197,normal,1580,0,1782362371.3400848,0.001990795135498047
320198,normal,1665,0,1782362371.342083,0.0019981861114501953
320199,normal,2977,0,1782362371.344078,0.001995086669921875
320200,normal,174,0,1782362371.3461237,0.0020456314086914062
320201,normal,2075,0,1782362371.3481574,0.002033710479736328
320202,normal,479,0,1782362371.3501923,0.002034902572631836
320203,normal,2069,0,1782362371.3522236,0.0020313262939453125
320204,normal,3125,1,1782362371.3541226,0.0018990039825439453
320205,normal,235,0,1782362371.3560967,0.0019741058349609375
320206,normal,3231,1,1782362371.3580825,0.001985788345336914
320207,normal,2539,0,1782362371.3600879,0.002005338668823242
320208,normal,3607,0,1782362371.3620386,0.0019507408142089844
320209,normal,1906,0,1782362371.3640401,0.002001523971557617
320210,normal,3652,0,1782362371.3660352,0.001995086669921875
320211,normal,2547,0,1782362371.3683162,0.0022809505462646484
320212,normal,1967,0,1782362371.37012,0.0018038749694824219
320213,normal,2190,0,1782362371.3721027,0.0019826889038085938
320214,normal,822,2,1782362371.3741786,0.0020759105682373047
320215,normal,333,0,1782362371.376255,0.002076387405395508
320216,normal,2435,0,1782362371.3781245,0.0018694400787353516
320217,normal,1277,0,1782362371.3801754,0.0020508766174316406
320218,normal,262,0,1782362371.3822393,0.0020639896392822266
320219,normal,3227,1,1782362371.3840313,0.0017919540405273438
320220,normal,450,0,1782362371.3860297,0.001998424530029297
320221,normal,2196,0,1782362371.3880315,0.0020017623901367188
320222,normal,1425,0,1782362371.3900645,0.0020329952239990234
320223,normal,3082,1,1782362371.3920758,0.0020112991333007812
320224,normal,2954,0,1782362371.394023,0.001947164535522461
320225,normal,543,0,1782362371.3960323,0.0020093917846679688
320226,normal,982,2,1782362371.3980234,0.0019910335540771484
320227,normal,199,0,1782362371.400276,0.0022525787353515625
320228,normal,2351,0,1782362371.402514,0.002238035202026367
320229,normal,1245,0,1782362371.4041438,0.0016298294067382812
320230,normal,1094,0,1782362371.4060407,0.0018968582153320312
320231,normal,3662,0,1782362371.4080443,0.0020036697387695312
320232,normal,308,0,1782362371.4100459,0.002001523971557617
320233,normal,2878,0,1782362371.4121041,0.002058267593383789
320234,normal,1965,0,1782362371.4143722,0.002268075942993164
320235,normal,593,0,1782362371.4160674,0.0016951560974121094
320236,normal,2193,0,1782362371.4180503,0.0019829273223876953
320237,normal,3692,0,1782362371.4200516,0.0020012855529785156
320238,normal,3136,1,1782362371.422082,0.0020303726196289062
320239,normal,236,0,1782362371.424062,0.0019800662994384766
320240,normal,3594,0,1782362371.426116,0.002053976058959961
320241,normal,332,0,1782362371.4280877,0.001971721649169922
320242,normal,2708,0,1782362371.4300673,0.0019795894622802734
320243,normal,3328,1,1782362371.4323747,0.002307415008544922
320244,normal,2775,0,1782362371.4348502,0.0024755001068115234
320245,normal,3439,0,1782362371.436087,0.0012366771697998047
320246,normal,3504,0,1782362371.4383721,0.0022852420806884766
320247,normal,2085,0,1782362371.4401917,0.001819610595703125
320248,normal,2379,0,1782362371.4423168,0.0021250247955322266
320249,normal,1635,0,1782362371.4444473,0.0021305084228515625
320250,normal,2814,0,1782362371.446198,0.0017507076263427734
320251,normal,3271,1,1782362371.4480228,0.0018248558044433594
320252,normal,1436,0,1782362371.4500153,0.001992464065551758
320253,normal,330,0,1782362371.4520545,0.002039194107055664
320254,normal,2491,0,1782362371.4540746,0.002020120620727539
320255,normal,606,0,1782362371.4560878,0.0020132064819335938
320256,normal,499,0,1782362371.458073,0.0019850730895996094
320257,normal,2354,0,1782362371.4600837,0.002010822296142578
320258,normal,3460,0,1782362371.462082,0.0019981861114501953
320259,normal,2773,0,1782362371.4641137,0.0020318031311035156
320260,normal,2980,0,1782362371.466158,0.002044200897216797
320261,normal,381,0,1782362371.4681623,0.002004384994506836
320262,normal,2921,0,1782362371.4700541,0.0018918514251708984
320263,normal,3427,0,1782362371.472094,0.0020399093627929688
320264,normal,3550,0,1782362371.4741395,0.0020453929901123047
320265,normal,695,0,1782362371.4761488,0.0020093917846679688
320266,normal,2810,0,1782362371.4781148,0.0019659996032714844
320267,normal,577,0,1782362371.4800475,0.0019326210021972656
320268,normal,2771,0,1782362371.4820786,0.002031087875366211
320269,normal,3555,0,1782362371.4840753,0.001996755599975586
320270,normal,208,0,1782362371.4860697,0.0019943714141845703
320271,normal,644,0,1782362371.4880655,0.0019958019256591797
320272,normal,2746,0,1782362371.4900875,0.0020220279693603516
320273,normal,462,0,1782362371.492089,0.002001523971557617
320274,normal,590,0,1782362371.4941504,0.0020613670349121094
320275,normal,3167,1,1782362371.4960976,0.001947164535522461
320276,normal,2130,0,1782362371.4980624,0.0019648075103759766
320277,normal,1717,0,1782362371.5000541,0.001991748809814453
320278,normal,1308,0,1782362371.5020545,0.0020003318786621094
320279,normal,688,0,1782362371.504049,0.001994609832763672
320280,normal,1317,0,1782362371.5061238,0.002074718475341797
320281,normal,1074,0,1782362371.5081377,0.0020139217376708984
320282,normal,2930,0,1782362371.5101557,0.002017974853515625
320283,normal,2551,0,1782362371.512134,0.0019783973693847656
320284,normal,1056,0,1782362371.5140858,0.0019516944885253906
320285,normal,477,0,1782362371.516076,0.0019903182983398438
320286,normal,943,2,1782362371.518089,0.002012968063354492
320287,normal,2860,0,1782362371.5200408,0.0019516944885253906
320288,normal,2508,0,1782362371.5220356,0.0019948482513427734
320289,normal,951,2,1782362371.5240395,0.002003908157348633
320290,normal,860,2,1782362371.5261927,0.002153158187866211
320291,normal,3280,1,1782362371.5281293,0.0019366741180419922
320292,normal,3133,1,1782362371.5301645,0.0020351409912109375
320293,normal,1921,0,1782362371.532174,0.0020096302032470703
320294,normal,722,0,1782362371.5342026,0.0020284652709960938
320295,normal,983,2,1782362371.5361264,0.0019237995147705078
320296,normal,3113,1,1782362371.5382142,0.002087831497192383
320297,normal,3315,1,1782362371.5401752,0.0019609928131103516
320298,normal,1098,0,1782362371.5420299,0.0018546581268310547
320299,normal,2322,0,1782362371.5440345,0.0020046234130859375
320300,normal,643,0,1782362371.5460277,0.0019931793212890625
320301,normal,3399,1,1782362371.5482137,0.0021860599517822266
320302,normal,2301,0,1782362371.5500333,0.001819610595703125
320303,normal,3021,0,1782362371.5520465,0.0020132064819335938
320304,normal,1596,0,1782362371.5540571,0.0020105838775634766
320305,normal,2087,0,1782362371.556041,0.0019838809967041016
320306,normal,2689,0,1782362371.558781,0.0027399063110351562
320307,normal,1750,0,1782362371.5601435,0.0013625621795654297
320308,normal,3645,0,1782362371.5622501,0.0021066665649414062
320309,normal,2982,0,1782362371.5640678,0.0018177032470703125
320310,normal,2674,0,1782362371.566085,0.0020172595977783203
320311,normal,3567,0,1782362371.5680945,0.0020093917846679688
320312,normal,2382,0,1782362371.5700905,0.0019960403442382812
320313,normal,1075,0,1782362371.572321,0.002230405807495117
320314,normal,3709,0,1782362371.574086,0.0017650127410888672
320315,normal,2726,0,1782362371.5760624,0.001976490020751953
320316,normal,2974,0,1782362371.5780756,0.0020132064819335938
320317,normal,2302,0,1782362371.5800755,0.0019998550415039062
320318,normal,393,0,1782362371.5820756,0.002000093460083008
320319,normal,1842,0,1782362371.5841517,0.0020761489868164062
320320,normal,133,0,1782362371.5861108,0.001959085464477539
320321,normal,2084,0,1782362371.5880916,0.0019807815551757812
320322,normal,2009,0,1782362371.5903745,0.002282857894897461
320323,normal,329,0,1782362371.5928009,0.0024263858795166016
320324,normal,296,0,1782362371.5940886,0.001287698745727539
320325,normal,3418,0,1782362371.596021,0.001932382583618164
320326,normal,2027,0,1782362371.5981214,0.0021004676818847656
320327,normal,3538,0,1782362371.6001594,0.0020380020141601562
320328,normal,1203,0,1782362371.6021461,0.0019867420196533203
320329,normal,1461,0,1782362371.6042163,0.002070188522338867
320330,normal,3298,1,1782362371.6061883,0.0019719600677490234
320331,normal,730,0,1782362371.6080441,0.0018558502197265625
320332,normal,1028,2,1782362371.6105797,0.002535581588745117
320333,normal,38,0,1782362371.6121707,0.0015909671783447266
320334,normal,1690,0,1782362371.6140263,0.001855611801147461
320335,normal,2071,0,1782362371.6160603,0.0020339488983154297
320336,normal,2426,0,1782362371.6181068,0.0020465850830078125
320337,normal,1698,0,1782362371.6200817,0.001974821090698242
320338,normal,529,0,1782362371.6220825,0.0020008087158203125
320339,normal,184,0,1782362371.624068,0.0019855499267578125
320340,normal,640,0,1782362371.6260567,0.001988649368286133
320341,normal,739,0,1782362371.6280878,0.002031087875366211
320342,normal,1607,0,1782362371.6301374,0.002049684524536133
320343,normal,1810,0,1782362371.6321483,0.002010822296142578
320344,normal,1336,1,1782362371.6341453,0.0019969940185546875
320345,normal,2752,0,1782362371.6360302,0.0018849372863769531
320346,normal,46,0,1782362371.6381226,0.0020923614501953125
320347,normal,3566,0,1782362371.6401234,0.0020008087158203125
320348,normal,557,0,1782362371.6421578,0.002034425735473633
320349,normal,991,2,1782362371.644076,0.0019183158874511719
320350,normal,1084,0,1782362371.6460667,0.0019905567169189453
320351,normal,1236,0,1782362371.648069,0.002002239227294922
320352,normal,1530,0,1782362371.650067,0.0019981861114501953
320353,normal,1295,0,1782362371.6520603,0.0019931793212890625
320354,normal,802,2,1782362371.6540773,0.0020170211791992188
320355,normal,1986,0,1782362371.6562023,0.0021250247955322266
320356,normal,1281,0,1782362371.6581893,0.001986980438232422
320357,normal,2527,0,1782362371.6600385,0.0018491744995117188
320358,normal,1225,0,1782362371.662057,0.002018451690673828
320359,normal,676,0,1782362371.6640568,0.0019998550415039062
320360,normal,2234,0,1782362371.6660538,0.0019969940185546875
320361,normal,3023,0,1782362371.6680582,0.002004384994506836
320362,normal,1656,0,1782362371.6700897,0.002031564712524414
320363,normal,2681,0,1782362371.6721337,0.0020439624786376953
320364,normal,2949,0,1782362371.6741447,0.0020110607147216797
320365,normal,1891,0,1782362371.6761568,0.002012014389038086
320366,normal,1565,0,1782362371.6781013,0.0019445419311523438
320367,normal,2894,0,1782362371.6800663,0.001965045928955078
320368,normal,1534,0,1782362371.6821284,0.002062082290649414
320369,normal,1462,0,1782362371.6840472,0.001918792724609375
320370,normal,672,0,1782362371.6860387,0.0019915103912353516
320371,normal,1568,0,1782362371.6880388,0.002000093460083008
320372,normal,1177,0,1782362371.6900938,0.002054929733276367
320373,normal,2986,0,1782362371.6921546,0.0020608901977539062
320374,normal,2030,0,1782362371.6940963,0.001941680908203125
320375,normal,2059,0,1782362371.6961164,0.002020120620727539
320376,normal,1683,0,1782362371.6982148,0.0020983219146728516
320377,normal,3126,1,1782362371.700222,0.0020072460174560547
320378,normal,118,0,1782362371.702235,0.002012968063354492
320379,normal,2602,0,1782362371.7042046,0.001969575881958008
320380,normal,217,0,1782362371.7060964,0.0018918514251708984
320381,normal,48,0,1782362371.7080376,0.0019412040710449219
320382,normal,471,0,1782362371.710031,0.001993417739868164
320383,normal,2045,0,1782362371.7120407,0.0020096302032470703
320384,normal,1447,0,1782362371.7141557,0.002115011215209961
320385,normal,2170,0,1782362371.7160256,0.0018699169158935547
320386,normal,2206,0,1782362371.7180243,0.0019986629486083984
320387,normal,131,0,1782362371.720025,0.0020008087158203125
320388,normal,3003,0,1782362371.7221045,0.002079486846923828
320389,normal,2691,0,1782362371.7241807,0.0020761489868164062
320390,normal,1801,0,1782362371.7262168,0.0020360946655273438
320391,normal,1815,0,1782362371.728198,0.0019812583923339844
320392,normal,729,0,1782362371.7301867,0.001988649368286133
320393,normal,1066,0,1782362371.7320905,0.0019037723541259766
320394,normal,2544,0,1782362371.7340896,0.0019991397857666016
320395,normal,2297,0,1782362371.7360835,0.001993894577026367
320396,normal,1180,0,1782362371.7381282,0.002044677734375
320397,normal,1553,0,1782362371.7403278,0.0021996498107910156
320398,normal,2782,0,1782362371.7420733,0.001745462417602539
320399,normal,2101,0,1782362371.744067,0.0019936561584472656
320400,normal,231,0,1782362371.7460833,0.002016305923461914
320401,normal,2111,0,1782362371.7481065,0.0020232200622558594
320402,normal,2865,0,1782362371.7500951,0.001988649368286133
320403,normal,746,0,1782362371.7520206,0.0019254684448242188
320404,normal,2209,0,1782362371.7541108,0.0020902156829833984
320405,normal,1674,0,1782362371.7560866,0.0019757747650146484
320406,normal,2895,0,1782362371.7580936,0.002007007598876953
320407,normal,2629,0,1782362371.760245,0.0021514892578125
320408,normal,3278,1,1782362371.762229,0.0019838809967041016
320409,normal,139,0,1782362371.7641866,0.0019576549530029297
320410,normal,2679,0,1782362371.7661893,0.002002716064453125
320411,normal,996,2,1782362371.7681923,0.0020029544830322266
320412,normal,425,0,1782362371.7700965,0.0019042491912841797
320413,normal,36,0,1782362371.7720377,0.0019412040710449219
320414,normal,3497,0,1782362371.7741456,0.002107858657836914
320415,normal,1398,0,1782362371.7761323,0.0019867420196533203
320416,normal,1898,0,1782362371.778174,0.0020415782928466797
320417,normal,1797,0,1782362371.7801404,0.0019664764404296875
320418,normal,572,0,1782362371.7822542,0.002113819122314453
320419,normal,5,0,1782362371.784048,0.0017938613891601562
320420,normal,843,2,1782362371.7860467,0.0019986629486083984
320421,normal,2374,0,1782362371.7882133,0.0021665096282958984
320422,normal,3050,1,1782362371.7902744,0.002061128616333008
320423,normal,3636,0,1782362371.7923067,0.0020322799682617188
320424,normal,712,0,1782362371.794126,0.0018193721771240234
320425,normal,3049,1,1782362371.7961576,0.002031564712524414
320426,normal,1315,0,1782362371.7981625,0.002004861831665039
320427,normal,320,0,1782362371.800141,0.001978635787963867
320428,normal,988,2,1782362371.8023643,0.0022232532501220703
320429,normal,808,2,1782362371.804011,0.0016467571258544922
320430,normal,2744,0,1782362371.8061254,0.0021142959594726562
320431,normal,1654,0,1782362371.808081,0.0019555091857910156
320432,normal,3332,1,1782362371.8100662,0.001985311508178711
320433,normal,10,0,1782362371.8120763,0.0020101070404052734
320434,normal,3449,0,1782362371.8140755,0.0019991397857666016
320435,normal,844,2,1782362371.8160899,0.0020143985748291016
320436,normal,1681,0,1782362371.81811,0.002020120620727539
320437,normal,1444,0,1782362371.8200622,0.0019521713256835938
320438,normal,2423,0,1782362371.8220658,0.0020036697387695312
320439,normal,792,2,1782362371.8240914,0.002025604248046875
320440,normal,2644,0,1782362371.8260634,0.0019719600677490234
320441,normal,3484,0,1782362371.8280787,0.002015352249145508
320442,normal,1603,0,1782362371.8301616,0.00208282470703125
320443,normal,2442,0,1782362371.8321586,0.0019969940185546875
320444,normal,2425,0,1782362371.8342183,0.0020596981048583984
320445,normal,3392,1,1782362371.836073,0.0018546581268310547
320446,normal,94,0,1782362371.8380883,0.002015352249145508
320447,normal,1205,0,1782362371.840074,0.001985788345336914
320448,normal,2913,0,1782362371.84203,0.0019559860229492188
320449,normal,3565,0,1782362371.8440254,0.0019953250885009766
320450,normal,1266,0,1782362371.84603,0.0020046234130859375
320451,normal,832,2,1782362371.8481598,0.002129793167114258
320452,normal,3156,1,1782362371.8501325,0.001972675323486328
320453,normal,18,0,1782362371.8521228,0.0019903182983398438
320454,normal,1658,0,1782362371.8541942,0.002071380615234375
320455,normal,470,0,1782362371.8563366,0.0021424293518066406
320456,normal,1608,0,1782362371.8580809,0.0017442703247070312
320457,normal,2785,0,1782362371.860243,0.0021622180938720703
320458,normal,3340,1,1782362371.862179,0.0019359588623046875
320459,normal,1642,0,1782362371.8640935,0.0019145011901855469
320460,normal,814,2,1782362371.8660326,0.0019390583038330078
320461,normal,2217,0,1782362371.8680305,0.0019979476928710938
320462,normal,1161,0,1782362371.8700385,0.0020079612731933594
320463,normal,853,2,1782362371.8721917,0.002153158187866211
320464,normal,777,2,1782362371.874026,0.0018343925476074219
320465,normal,269,0,1782362371.8760254,0.001999378204345703
320466,normal,1027,2,1782362371.8780255,0.002000093460083008
320467,normal,619,0,1782362371.8801696,0.0021440982818603516
320468,normal,2057,0,1782362371.882358,0.002188444137573242
320469,normal,3595,0,1782362371.88411,0.0017518997192382812
320470,normal,3404,0,1782362371.8861399,0.002029895782470703
320471,normal,649,0,1782362371.8880556,0.0019156932830810547
320472,normal,2093,0,1782362371.890073,0.002017498016357422
320473,normal,1440,0,1782362371.8920877,0.002014636993408203
320474,normal,2154,0,1782362371.894124,0.0020363330841064453
320475,normal,1546,0,1782362371.89619,0.002065896987915039
320476,normal,3036,0,1782362371.8981202,0.00193023681640625
320477,normal,3319,1,1782362371.900073,0.0019528865814208984
320478,normal,2091,0,1782362371.9020898,0.002016782760620117
320479,normal,2813,0,1782362371.904075,0.0019850730895996094
320480,normal,868,2,1782362371.906084,0.002009153366088867
320481,normal,637,0,1782362371.9084747,0.002390623092651367
320482,normal,3,0,1782362371.9103,0.0018253326416015625
320483,normal,915,2,1782362371.912997,0.002696990966796875
320484,normal,655,0,1782362371.914274,0.0012769699096679688
320485,normal,3568,0,1782362371.9162755,0.002001523971557617
320486,normal,498,0,1782362371.9181612,0.0018856525421142578
320487,normal,2082,0,1782362371.920513,0.0023517608642578125
320488,normal,1941,0,1782362371.9222257,0.001712799072265625
320489,normal,979,2,1782362371.9240212,0.0017955303192138672
320490,normal,2265,0,1782362371.926073,0.002051830291748047
320491,normal,3440,0,1782362371.9281054,0.0020322799682617188
320492,normal,371,0,1782362371.9301088,0.0020034313201904297
320493,normal,1612,0,1782362371.9320967,0.001987934112548828
320494,normal,1926,0,1782362371.9340777,0.001981019973754883
320495,normal,3395,1,1782362371.9360778,0.002000093460083008
320496,normal,1237,0,1782362371.9380672,0.0019893646240234375
320497,normal,1117,0,1782362371.9401026,0.002035379409790039
320498,normal,16,0,1782362371.942156,0.002053499221801758
320499,normal,3450,0,1782362371.9441586,0.0020024776458740234
320500,normal,1633,0,1782362371.9461074,0.0019488334655761719
320501,normal,3597,0,1782362371.9480693,0.001961946487426758
320502,normal,3203,1,1782362371.9501262,0.0020568370819091797
320503,normal,1637,0,1782362371.9521596,0.0020334720611572266
320504,normal,2185,0,1782362371.9541595,0.0019998550415039062
320505,normal,3077,1,1782362371.9560492,0.0018897056579589844
320506,normal,1063,0,1782362371.9580724,0.0020232200622558594
320507,normal,3123,1,1782362371.960067,0.001994609832763672
320508,normal,1785,0,1782362371.962074,0.002007007598876953
320509,normal,28,0,1782362371.9640741,0.002000093460083008
320510,normal,657,0,1782362371.9660897,0.0020155906677246094
320511,normal,3273,1,1782362371.96809,0.0020003318786621094
320512,normal,2328,0,1782362371.9701655,0.0020754337310791016
320513,normal,2393,0,1782362371.9720602,0.0018947124481201172
320514,normal,3518,0,1782362371.9740613,0.002001047134399414
320515,normal,2113,0,1782362371.976054,0.0019927024841308594
320516,normal,3109,1,1782362371.9780617,0.002007722854614258
320517,normal,705,0,1782362371.9800737,0.002012014389038086
320518,normal,3029,0,1782362371.9820821,0.0020084381103515625
320519,normal,2582,0,1782362371.9841685,0.0020864009857177734
320520,normal,1763,0,1782362371.9861245,0.0019559860229492188
320521,normal,3157,1,1782362371.9881644,0.0020399093627929688
320522,normal,513,0,1782362371.9901307,0.001966238021850586
320523,normal,981,2,1782362371.9920835,0.0019528865814208984
320524,normal,798,2,1782362371.9940789,0.0019953250885009766
320525,normal,152,0,1782362371.996094,0.0020151138305664062
320526,normal,2375,0,1782362371.9980452,0.0019512176513671875
320527,normal,3644,0,1782362372.0000403,0.001995086669921875
320528,normal,1346,1,1782362372.0020378,0.0019974708557128906
320529,normal,2493,0,1782362372.0041308,0.002093076705932617
320530,normal,3067,1,1782362372.0061002,0.0019693374633789062
320531,normal,620,0,1782362372.0081675,0.0020673274993896484
320532,normal,1211,0,1782362372.0102172,0.002049684524536133
320533,normal,1625,0,1782362372.0121584,0.0019412040710449219
320534,normal,1352,1,1782362372.0141983,0.0020399093627929688
320535,normal,1828,0,1782362372.0161374,0.0019390583038330078
320536,normal,485,0,1782362372.018209,0.0020716190338134766
320537,normal,3288,1,1782362372.0201864,0.0019774436950683594
320538,normal,1963,0,1782362372.0220406,0.0018541812896728516
320539,normal,3626,0,1782362372.024029,0.0019884109497070312
320540,normal,272,0,1782362372.0260317,0.002002716064453125
320541,normal,3561,0,1782362372.0280628,0.002031087875366211
320542,normal,2855,0,1782362372.0301104,0.0020475387573242188
320543,normal,1835,0,1782362372.0320275,0.001917123794555664
320544,normal,2437,0,1782362372.0340278,0.0020003318786621094
320545,normal,2675,0,1782362372.0360258,0.0019979476928710938
320546,normal,3301,1,1782362372.03803,0.0020041465759277344
320547,normal,2939,0,1782362372.040645,0.0026149749755859375
320548,normal,1998,0,1782362372.0421302,0.0014853477478027344
320549,normal,854,2,1782362372.0441852,0.002054929733276367
320550,normal,1728,0,1782362372.0460908,0.001905679702758789
320551,normal,3625,0,1782362372.0480862,0.0019953250885009766
320552,normal,2882,0,1782362372.0501068,0.002020597457885742
320553,normal,2347,0,1782362372.0520954,0.001988649368286133
320554,normal,818,2,1782362372.0543172,0.002221822738647461
320555,normal,3624,0,1782362372.0560932,0.001775979995727539
320556,normal,2788,0,1782362372.0581121,0.0020189285278320312
320557,normal,2162,0,1782362372.060087,0.001974821090698242
320558,normal,305,0,1782362372.062123,0.0020360946655273438
320559,normal,412,0,1782362372.064104,0.001981019973754883
320560,normal,3296,1,1782362372.0662355,0.0021314620971679688
320561,normal,418,0,1782362372.06815,0.0019145011901855469
320562,normal,3481,0,1782362372.0701277,0.001977682113647461
320563,normal,2581,0,1782362372.0722108,0.0020830631256103516
320564,normal,1089,0,1782362372.0743809,0.002170085906982422
320565,normal,604,0,1782362372.0768373,0.0024564266204833984
320566,normal,2937,0,1782362372.0780733,0.0012359619140625
320567,normal,2329,0,1782362372.0801618,0.0020885467529296875
320568,normal,1418,0,1782362372.082195,0.002033233642578125
320569,normal,1509,0,1782362372.0842605,0.002065420150756836
320570,normal,654,0,1782362372.0861714,0.0019109249114990234
320571,normal,3511,0,1782362372.0881405,0.0019690990447998047
320572,normal,1006,2,1782362372.0903244,0.0021839141845703125
320573,normal,2903,0,1782362372.0921192,0.0017948150634765625
320574,normal,2358,0,1782362372.094195,0.002075672149658203
320575,normal,707,0,1782362372.0962634,0.0020685195922851562
320576,normal,193,0,1782362372.09816,0.0018966197967529297
320577,normal,1749,0,1782362372.1001132,0.001953125
320578,normal,535,0,1782362372.1020963,0.001983165740966797
320579,normal,3633,0,1782362372.104094,0.001997709274291992
320580,normal,1528,0,1782362372.106114,0.0020198822021484375
320581,normal,1918,0,1782362372.1081028,0.0019888877868652344
320582,normal,3474,0,1782362372.1101062,0.0020034313201904297
320583,normal,1645,0,1782362372.1121354,0.0020291805267333984
320584,normal,1227,0,1782362372.1141663,0.0020308494567871094
320585,normal,3311,1,1782362372.1161554,0.001989126205444336
320586,normal,2656,0,1782362372.1181753,0.0020198822021484375
320587,normal,1485,0,1782362372.1201591,0.0019838809967041016
320588,normal,83,0,1782362372.1220288,0.0018696784973144531
320589,normal,1284,0,1782362372.1241238,0.0020949840545654297
320590,normal,346,0,1782362372.1261818,0.0020580291748046875
320591,normal,864,2,1782362372.128167,0.0019850730895996094
320592,normal,365,0,1782362372.130116,0.0019490718841552734
320593,normal,1595,0,1782362372.1320853,0.0019693374633789062
320594,normal,1952,0,1782362372.1340656,0.001980304718017578
320595,normal,1343,1,1782362372.1360686,0.0020029544830322266
320596,normal,1046,0,1782362372.1381056,0.00203704833984375
320597,normal,2479,0,1782362372.1400757,0.001970052719116211
320598,normal,171,0,1782362372.1420846,0.0020089149475097656
320599,normal,3373,1,1782362372.1442423,0.0021576881408691406
320600,normal,1181,0,1782362372.1462016,0.0019593238830566406
320601,normal,899,2,1782362372.1481829,0.0019812583923339844
320602,normal,3085,1,1782362372.1502056,0.0020227432250976562
320603,normal,1733,0,1782362372.152086,0.0018804073333740234
320604,normal,608,0,1782362372.1541772,0.0020911693572998047
320605,normal,1604,0,1782362372.1561718,0.001994609832763672
320606,normal,1173,0,1782362372.1580946,0.0019228458404541016
320607,normal,3512,0,1782362372.1602387,0.0021440982818603516
320608,normal,1523,0,1782362372.1622548,0.0020160675048828125
320609,normal,3221,1,1782362372.1641948,0.001940011978149414
320610,normal,1476,0,1782362372.1662648,0.0020699501037597656
320611,normal,3553,0,1782362372.1681938,0.0019290447235107422
320612,normal,295,0,1782362372.1701062,0.0019123554229736328
320613,normal,3094,1,1782362372.1722186,0.0021123886108398438
320614,normal,3086,1,1782362372.1741629,0.0019443035125732422
320615,normal,489,0,1782362372.1761842,0.002021312713623047
320616,normal,3137,1,1782362372.1780765,0.0018923282623291016
320617,normal,2787,0,1782362372.180159,0.0020825862884521484
320618,normal,2790,0,1782362372.1823294,0.0021703243255615234
320619,normal,3195,1,1782362372.1841574,0.0018279552459716797
320620,normal,2885,0,1782362372.1862588,0.002101421356201172
320621,normal,111,0,1782362372.1883674,0.0021085739135742188
320622,normal,1929,0,1782362372.1902475,0.0018801689147949219
320623,normal,2498,0,1782362372.192464,0.0022165775299072266
320624,normal,3307,1,1782362372.1942854,0.001821279525756836
320625,normal,20,0,1782362372.1962745,0.001989126205444336
320626,normal,3469,0,1782362372.1981068,0.0018322467803955078
320627,normal,2119,0,1782362372.200029,0.0019221305847167969
320628,normal,871,2,1782362372.2020457,0.002016782760620117
320629,normal,3454,0,1782362372.2040448,0.0019991397857666016
320630,normal,2630,0,1782362372.2061517,0.002106904983520508
320631,normal,2357,0,1782362372.2080312,0.0018794536590576172
320632,normal,2151,0,1782362372.210035,0.002003908157348633
320633,normal,863,2,1782362372.2120376,0.0020024776458740234
320634,normal,2733,0,1782362372.2140543,0.002016782760620117
320635,normal,87,0,1782362372.2160842,0.002029895782470703
320636,normal,3699,0,1782362372.218193,0.0021088123321533203
320637,normal,986,2,1782362372.2202144,0.002021312713623047
320638,normal,3179,1,1782362372.2221777,0.001963376998901367
320639,normal,3452,0,1782362372.2241685,0.001990795135498047
320640,normal,8,0,1782362372.226072,0.001903533935546875
320641,normal,2456,0,1782362372.2280645,0.001992464065551758
320642,normal,3382,1,1782362372.230072,0.0020074844360351562
320643,normal,840,2,1782362372.2320678,0.0019958019256591797
320644,normal,1857,0,1782362372.2343307,0.0022628307342529297
320645,normal,2192,0,1782362372.236183,0.001852273941040039
320646,normal,1005,2,1782362372.238132,0.0019490718841552734
320647,normal,1531,0,1782362372.2401595,0.0020275115966796875
320648,normal,2898,0,1782362372.2420957,0.001936197280883789
320649,normal,585,0,1782362372.2441466,0.0020508766174316406
320650,normal,3657,0,1782362372.246099,0.0019524097442626953
320651,normal,54,0,1782362372.2481425,0.002043485641479492
320652,normal,1110,0,1782362372.2501545,0.002012014389038086
320653,normal,1415,0,1782362372.25222,0.002065420150756836
320654,normal,3184,1,1782362372.2541113,0.0018913745880126953
320655,normal,17,0,1782362372.2562573,0.002146005630493164
320656,normal,2900,0,1782362372.2584383,0.0021810531616210938
320657,normal,2884,0,1782362372.2602346,0.0017962455749511719
320658,normal,1257,0,1782362372.2623212,0.002086639404296875
320659,normal,1458,0,1782362372.2643416,0.0020203590393066406
320660,normal,3438,0,1782362372.2662416,0.0018999576568603516
320661,normal,2799,0,1782362372.268119,0.0018775463104248047
320662,normal,2794,0,1782362372.270043,0.0019237995147705078
320663,normal,2748,0,1782362372.2721875,0.0021445751190185547
320664,normal,150,0,1782362372.2742324,0.0020449161529541016
320665,normal,2092,0,1782362372.276217,0.0019845962524414062
320666,normal,3042,0,1782362372.2781625,0.00194549560546875
320667,normal,1649,0,1782362372.280259,0.002096414566040039
320668,normal,1825,0,1782362372.2821302,0.001871347427368164
320669,normal,710,0,1782362372.2840447,0.0019145011901855469
320670,normal,2502,0,1782362372.2864869,0.0024421215057373047
320671,normal,2145,0,1782362372.2885187,0.0020318031311035156
320672,normal,505,0,1782362372.2901423,0.0016236305236816406
320673,normal,3274,1,1782362372.2921627,0.0020203590393066406
320674,normal,3371,1,1782362372.2941208,0.001958131790161133
320675,normal,3464,0,1782362372.2961864,0.0020656585693359375
320676,normal,3079,1,1782362372.2981668,0.001980304718017578
320677,normal,128,0,1782362372.3004534,0.002286672592163086
320678,normal,2538,0,1782362372.3021936,0.0017402172088623047
320679,normal,158,0,1782362372.304033,0.0018393993377685547
320680,normal,3503,0,1782362372.3061125,0.002079486846923828
320681,normal,1307,0,1782362372.3081014,0.0019888877868652344
320682,normal,1358,1,1782362372.3100712,0.0019698143005371094
320683,normal,3295,1,1782362372.312073,0.0020017623901367188
320684,normal,2427,0,1782362372.3140826,0.0020096302032470703
320685,normal,667,0,1782362372.3160625,0.001979827880859375
320686,normal,912,2,1782362372.3181303,0.0020678043365478516
320687,normal,727,0,1782362372.3200788,0.0019485950469970703
320688,normal,1533,0,1782362372.3220665,0.0019876956939697266
320689,normal,2929,0,1782362372.3240647,0.0019981861114501953
320690,normal,689,0,1782362372.326058,0.0019931793212890625
320691,normal,2201,0,1782362372.3280632,0.002005338668823242
320692,normal,767,0,1782362372.3300576,0.0019943714141845703
320693,normal,2046,0,1782362372.3321092,0.0020515918731689453
320694,normal,2896,0,1782362372.334133,0.0020236968994140625
320695,normal,2829,0,1782362372.3362415,0.0021085739135742188
320696,normal,170,0,1782362372.3380713,0.0018298625946044922
320697,normal,58,0,1782362372.3400686,0.001997232437133789
320698,normal,2404,0,1782362372.3420777,0.002009153366088867
320699,normal,1505,0,1782362372.3440654,0.0019876956939697266
320700,normal,1264,0,1782362372.3460486,0.001983165740966797
320701,normal,2257,0,1782362372.3480275,0.0019788742065429688
320702,normal,787,2,1782362372.3500793,0.002051830291748047
320703,normal,2004,0,1782362372.3522172,0.002137899398803711
320704,normal,2019,0,1782362372.3541615,0.0019443035125732422
320705,normal,2244,0,1782362372.3561056,0.0019440650939941406
320706,normal,1934,0,1782362372.35813,0.002024412155151367
320707,normal,2064,0,1782362372.3601544,0.002024412155151367
320708,normal,3641,0,1782362372.3622315,0.0020771026611328125
320709,normal,931,2,1782362372.3641162,0.0018846988677978516
320710,normal,3524,0,1782362372.366108,0.001991748809814453
320711,normal,15,0,1782362372.3681934,0.002085447311401367
320712,normal,2946,0,1782362372.3701744,0.001981019973754883
320713,normal,1068,0,1782362372.3720424,0.0018680095672607422
320714,normal,2332,0,1782362372.3740366,0.0019941329956054688
320715,normal,1468,0,1782362372.3760335,0.0019969940185546875
320716,normal,589,0,1782362372.378044,0.002010345458984375
320717,normal,1711,0,1782362372.3801243,0.0020804405212402344
320718,normal,177,0,1782362372.3820305,0.0019061565399169922
320719,normal,303,0,1782362372.384026,0.001995563507080078
320720,normal,3252,1,1782362372.3860295,0.0020034313201904297
320721,normal,1361,1,1782362372.3880315,0.0020020008087158203
320722,normal,3266,1,1782362372.3905902,0.0025587081909179688
320723,normal,3400,1,1782362372.3921516,0.0015614032745361328
320724,normal,1705,0,1782362372.3942637,0.002112150192260742
320725,normal,2862,0,1782362372.396126,0.0018622875213623047
320726,normal,614,0,1782362372.3980923,0.001966238021850586
320727,normal,73,0,1782362372.4000916,0.001999378204345703
320728,normal,1837,0,1782362372.4020905,0.0019989013671875
320729,normal,2215,0,1782362372.4041533,0.0020627975463867188
320730,normal,3105,1,1782362372.4061785,0.002025127410888672
320731,normal,1080,0,1782362372.4081118,0.0019333362579345703
320732,normal,2465,0,1782362372.4100862,0.001974344253540039
320733,normal,2696,0,1782362372.412076,0.0019898414611816406
320734,normal,2632,0,1782362372.4140847,0.002008676528930664
320735,normal,3598,0,1782362372.4160836,0.0019989013671875
320736,normal,3320,1,1782362372.4180827,0.0019991397857666016
320737,normal,997,2,1782362372.4202044,0.0021216869354248047
320738,normal,1115,0,1782362372.4228137,0.0026092529296875
320739,normal,1220,0,1782362372.4243636,0.0015499591827392578
320740,normal,2241,0,1782362372.4263735,0.002009868621826172
320741,normal,2346,0,1782362372.4282932,0.0019197463989257812
320742,normal,3658,0,1782362372.4304993,0.002206087112426758
320743,normal,813,2,1782362372.4326391,0.0021398067474365234
320744,normal,1886,0,1782362372.4340546,0.0014154911041259766
320745,normal,1746,0,1782362372.436034,0.001979351043701172
320746,normal,2384,0,1782362372.4380598,0.0020258426666259766
320747,normal,2727,0,1782362372.4400487,0.0019888877868652344
320748,normal,2251,0,1782362372.4421053,0.002056598663330078
320749,normal,82,0,1782362372.444079,0.0019736289978027344
320750,normal,954,2,1782362372.4460702,0.00199127197265625
320751,normal,89,0,1782362372.4480877,0.002017498016357422
320752,normal,2131,0,1782362372.4500682,0.0019805431365966797
320753,normal,2120,0,1782362372.4520826,0.0020143985748291016
320754,normal,2233,0,1782362372.4541166,0.0020339488983154297
320755,normal,3024,0,1782362372.4561577,0.0020411014556884766
320756,normal,763,0,1782362372.4581516,0.001993894577026367
320757,normal,2643,0,1782362372.4600525,0.0019009113311767578
320758,normal,3257,1,1782362372.4620886,0.0020360946655273438
320759,normal,302,0,1782362372.4641187,0.0020301342010498047
320760,normal,1618,0,1782362372.4661307,0.002012014389038086
320761,normal,164,0,1782362372.4681532,0.0020225048065185547
320762,normal,953,2,1782362372.4700425,0.0018892288208007812
320763,normal,3581,0,1782362372.4720652,0.0020227432250976562
320764,normal,537,0,1782362372.4740715,0.0020062923431396484
320765,normal,2549,0,1782362372.4760685,0.0019969940185546875
320766,normal,1783,0,1782362372.4780715,0.0020029544830322266
320767,normal,2646,0,1782362372.4800842,0.0020127296447753906
320768,normal,1620,0,1782362372.482083,0.0019989013671875
320769,normal,3121,1,1782362372.4841368,0.0020537376403808594
320770,normal,2034,0,1782362372.4861274,0.0019905567169189453
320771,normal,2970,0,1782362372.488071,0.0019435882568359375
320772,normal,2892,0,1782362372.4900577,0.0019867420196533203
320773,normal,1414,0,1782362372.492059,0.0020012855529785156
320774,normal,1471,0,1782362372.4940577,0.0019986629486083984
320775,normal,299,0,1782362372.496059,0.0020012855529785156
320776,normal,2981,0,1782362372.4980903,0.0020313262939453125
320777,normal,2377,0,1782362372.5001204,0.0020301342010498047
320778,normal,204,0,1782362372.5021217,0.0020012855529785156
320779,normal,473,0,1782362372.50415,0.002028226852416992
320780,normal,3045,1,1782362372.5061219,0.0019719600677490234
320781,normal,2580,0,1782362372.508107,0.0019850730895996094
320782,normal,1113,0,1782362372.5101035,0.0019965171813964844
320783,normal,2133,0,1782362372.5121188,0.002015352249145508
320784,normal,2636,0,1782362372.5140712,0.0019524097442626953
320785,normal,234,0,1782362372.516069,0.001997709274291992
320786,normal,3534,0,1782362372.5180528,0.0019838809967041016
320787,normal,885,2,1782362372.5201283,0.0020754337310791016
320788,normal,2673,0,1782362372.5221481,0.0020198822021484375
320789,normal,1049,0,1782362372.524142,0.001993894577026367
320790,normal,2985,0,1782362372.5261977,0.002055644989013672
320791,normal,1223,0,1782362372.528166,0.0019683837890625
320792,normal,301,0,1782362372.5301678,0.0020017623901367188
320793,normal,2149,0,1782362372.532134,0.001966238021850586
320794,normal,143,0,1782362372.5342214,0.0020873546600341797
320795,normal,2685,0,1782362372.5362294,0.0020079612731933594
320796,normal,3510,0,1782362372.5380368,0.0018074512481689453
320797,normal,2642,0,1782362372.5400288,0.0019919872283935547
320798,normal,879,2,1782362372.5420294,0.002000570297241211
320799,normal,1826,0,1782362372.5440295,0.002000093460083008
320800,normal,406,0,1782362372.5461464,0.0021169185638427734
320801,normal,740,0,1782362372.54805,0.001903533935546875
320802,normal,2520,0,1782362372.5500298,0.001979827880859375
320803,normal,2859,0,1782362372.5520313,0.002001523971557617
320804,normal,2350,0,1782362372.55403,0.0019986629486083984
320805,normal,925,2,1782362372.556347,0.0023169517517089844
320806,normal,3206,1,1782362372.5582035,0.0018565654754638672
320807,normal,6,0,1782362372.5602753,0.002071857452392578
320808,normal,482,0,1782362372.5620987,0.00182342529296875
320809,normal,3200,1,1782362372.5640929,0.0019941329956054688
320810,normal,2509,0,1782362372.5660925,0.0019996166229248047
320811,normal,1128,0,1782362372.5680907,0.0019981861114501953
320812,normal,1796,0,1782362372.5701616,0.002070903778076172
320813,normal,2315,0,1782362372.5721695,0.0020079612731933594
320814,normal,192,0,1782362372.5740695,0.0018999576568603516
320815,normal,3291,1,1782362372.576065,0.001995563507080078
320816,normal,237,0,1782362372.5780766,0.002011537551879883
320817,normal,2189,0,1782362372.5800753,0.0019986629486083984
320818,normal,1939,0,1782362372.5820851,0.002009868621826172
320819,normal,1848,0,1782362372.5841277,0.002042531967163086
320820,normal,1858,0,1782362372.5861025,0.001974821090698242
320821,normal,2651,0,1782362372.5881057,0.002003192901611328
320822,normal,697,0,1782362372.5902302,0.0021245479583740234
320823,normal,775,2,1782362372.5928586,0.002628326416015625
320824,normal,3051,1,1782362372.59445,0.0015914440155029297
320825,normal,1319,1,1782362372.5960388,0.0015888214111328125
320826,normal,1152,0,1782362372.5980313,0.001992464065551758
320827,normal,1096,0,1782362372.600112,0.002080678939819336
320828,normal,257,0,1782362372.602132,0.002020120620727539
320829,normal,2625,0,1782362372.6041641,0.002032041549682617
320830,normal,3254,1,1782362372.6061387,0.0019745826721191406
320831,normal,2268,0,1782362372.6082778,0.0021390914916992188
320832,normal,2960,0,1782362372.6100476,0.0017697811126708984
320833,normal,2164,0,1782362372.6122234,0.0021758079528808594
320834,normal,2835,0,1782362372.6142116,0.0019881725311279297
320835,normal,2277,0,1782362372.6160522,0.0018405914306640625
320836,normal,1402,0,1782362372.6181026,0.0020503997802734375
320837,normal,896,2,1782362372.620021,0.0019185543060302734
320838,normal,524,0,1782362372.6220748,0.0020537376403808594
320839,normal,2132,0,1782362372.6240854,0.0020105838775634766
320840,normal,1731,0,1782362372.62607,0.0019845962524414062
320841,normal,2578,0,1782362372.6280763,0.0020062923431396484
320842,normal,2815,0,1782362372.6300735,0.001997232437133789
320843,normal,113,0,1782362372.632107,0.0020334720611572266
320844,normal,3535,0,1782362372.6341417,0.0020346641540527344
320845,normal,3324,1,1782362372.6361454,0.0020036697387695312
320846,normal,2706,0,1782362372.638113,0.0019676685333251953
320847,normal,331,0,1782362372.6400473,0.0019342899322509766
320848,normal,3091,1,1782362372.6421132,0.002065896987915039
320849,normal,3015,0,1782362372.6441395,0.0020263195037841797
320850,normal,1392,0,1782362372.6461546,0.0020151138305664062
320851,normal,2626,0,1782362372.648093,0.0019383430480957031
320852,normal,3387,1,1782362372.6500516,0.001958608627319336
320853,normal,2715,0,1782362372.6520584,0.0020067691802978516
320854,normal,1872,0,1782362372.6540647,0.0020062923431396484
320855,normal,1973,0,1782362372.6560667,0.0020020008087158203
320856,normal,2040,0,1782362372.6580646,0.0019979476928710938
320857,normal,1745,0,1782362372.6600788,0.00201416015625
320858,normal,32,0,1782362372.6620855,0.0020067691802978516
320859,normal,1014,2,1782362372.6641524,0.0020668506622314453
320860,normal,395,0,1782362372.66606,0.0019075870513916016
320861,normal,2849,0,1782362372.6680508,0.001990795135498047
320862,normal,3216,1,1782362372.6700528,0.0020020008087158203
320863,normal,2879,0,1782362372.6720617,0.0020089149475097656
320864,normal,662,0,1782362372.674091,0.0020294189453125
320865,normal,1688,0,1782362372.6760578,0.001966714859008789
320866,normal,2607,0,1782362372.678119,0.002061128616333008
320867,normal,2492,0,1782362372.6801171,0.0019981861114501953
320868,normal,2495,0,1782362372.6821847,0.00206756591796875
320869,normal,2809,0,1782362372.6841567,0.0019719600677490234
320870,normal,3505,0,1782362372.686051,0.001894235610961914
320871,normal,3088,1,1782362372.6880724,0.0020215511322021484
320872,normal,392,0,1782362372.6901965,0.0021240711212158203
320873,normal,3215,1,1782362372.6920772,0.001880645751953125
320874,normal,764,0,1782362372.6946082,0.0025310516357421875
320875,normal,2061,0,1782362372.696051,0.0014426708221435547
320876,normal,383,0,1782362372.6980646,0.002013683319091797
320877,normal,1599,0,1782362372.7000573,0.0019927024841308594
320878,normal,2032,0,1782362372.7021525,0.0020952224731445312
320879,normal,1103,0,1782362372.704259,0.0021064281463623047
320880,normal,1030,0,1782362372.7060955,0.001836538314819336
320881,normal,3201,1,1782362372.708269,0.0021734237670898438
320882,normal,369,0,1782362372.7102196,0.0019507408142089844
320883,normal,2774,0,1782362372.712333,0.00211334228515625
320884,normal,2724,0,1782362372.714143,0.0018100738525390625
320885,normal,3364,1,1782362372.7162476,0.002104520797729492
320886,normal,1058,0,1782362372.7182403,0.0019927024841308594
320887,normal,2978,0,1782362372.7200966,0.0018563270568847656
320888,normal,85,0,1782362372.7220376,0.0019409656524658203
320889,normal,936,2,1782362372.7240193,0.0019817352294921875
320890,normal,699,0,1782362372.7260544,0.0020351409912109375
320891,normal,19,0,1782362372.7282143,0.0021598339080810547
320892,normal,1135,0,1782362372.7300215,0.0018072128295898438
320893,normal,723,0,1782362372.732048,0.0020265579223632812
320894,normal,1845,0,1782362372.734018,0.001970052719116211
320895,normal,1506,0,1782362372.7360158,0.001997709274291992
320896,normal,30,0,1782362372.7380877,0.002071857452392578
320897,normal,200,0,1782362372.7402124,0.002124786376953125
320898,normal,2905,0,1782362372.7422173,0.002004861831665039
320899,normal,3347,1,1782362372.7442098,0.001992464065551758
320900,normal,771,0,1782362372.7461786,0.001968860626220703
320901,normal,1702,0,1782362372.7480853,0.0019066333770751953
320902,normal,2038,0,1782362372.7501173,0.002032041549682617
320903,normal,666,0,1782362372.752144,0.002026796340942383
320904,normal,3612,0,1782362372.754076,0.001931905746459961
320905,normal,1846,0,1782362372.7562795,0.0022034645080566406
320906,normal,2174,0,1782362372.7580879,0.0018084049224853516
320907,normal,3154,1,1782362372.760062,0.0019741058349609375
320908,normal,3128,1,1782362372.7620797,0.0020177364349365234
320909,normal,2964,0,1782362372.7640567,0.0019769668579101562
320910,normal,194,0,1782362372.766064,0.0020072460174560547
320911,normal,213,0,1782362372.7680912,0.002027273178100586
320912,normal,2410,0,1782362372.7700381,0.0019469261169433594
320913,normal,2054,0,1782362372.7721102,0.0020720958709716797
320914,normal,744,0,1782362372.7741547,0.0020444393157958984
320915,normal,3529,0,1782362372.7760925,0.0019378662109375
320916,normal,967,2,1782362372.778153,0.002060413360595703
320917,normal,3081,1,1782362372.7803144,0.0021615028381347656
320918,normal,270,0,1782362372.7821832,0.0018687248229980469
320919,normal,3208,1,1782362372.7841756,0.001992464065551758
320920,normal,2002,0,1782362372.7862506,0.0020749568939208984
320921,normal,2416,0,1782362372.7881606,0.0019099712371826172
320922,normal,3175,1,1782362372.7900243,0.001863718032836914
320923,normal,3473,0,1782362372.7921398,0.002115488052368164
320924,normal,1395,0,1782362372.7941182,0.0019783973693847656
320925,normal,3318,1,1782362372.7961493,0.002031087875366211
320926,normal,2068,0,1782362372.798229,0.0020797252655029297
320927,normal,2485,0,1782362372.8002317,0.002002716064453125
320928,normal,2369,0,1782362372.802219,0.0019872188568115234
320929,normal,1174,0,1782362372.8040829,0.0018639564514160156
320930,normal,1287,0,1782362372.806046,0.0019631385803222656
320931,normal,3177,1,1782362372.8082292,0.002183198928833008
320932,normal,1576,0,1782362372.8102193,0.001990079879760742
320933,normal,3164,1,1782362372.8122473,0.0020279884338378906
320934,normal,314,0,1782362372.8142366,0.0019893646240234375
320935,normal,1067,0,1782362372.8162436,0.002007007598876953
320936,normal,1791,0,1782362372.8183117,0.002068042755126953
320937,normal,2464,0,1782362372.8201783,0.0018665790557861328
320938,normal,684,0,1782362372.8227308,0.002552509307861328
320939,normal,1809,0,1782362372.8241081,0.0013773441314697266
320940,normal,3365,1,1782362372.8262167,0.0021085739135742188
320941,normal,3569,0,1782362372.828226,0.0020093917846679688
320942,normal,2702,0,1782362372.8302033,0.001977205276489258
320943,normal,941,2,1782362372.8321993,0.0019960403442382812
320944,normal,2988,0,1782362372.834214,0.002014636993408203
320945,normal,3610,0,1782362372.836187,0.0019729137420654297
320946,normal,2345,0,1782362372.8381102,0.0019233226776123047
320947,normal,3228,1,1782362372.840258,0.002147674560546875
320948,normal,52,0,1782362372.842096,0.0018382072448730469
320949,normal,2822,0,1782362372.8441787,0.0020825862884521484
320950,normal,210,0,1782362372.8461816,0.0020029544830322266
320951,normal,546,0,1782362372.8481874,0.0020058155059814453
320952,normal,3073,1,1782362372.8501892,0.0020017623901367188
320953,normal,2129,0,1782362372.8521721,0.0019829273223876953
320954,normal,1646,0,1782362372.854253,0.0020809173583984375
320955,normal,1673,0,1782362372.8562639,0.002010822296142578
320956,normal,938,2,1782362372.8583603,0.002096414566040039
320957,normal,2830,0,1782362372.860142,0.0017817020416259766
320958,normal,1655,0,1782362372.8622313,0.002089262008666992
320959,normal,2213,0,1782362372.8642461,0.0020148754119873047
320960,normal,1494,0,1782362372.8661828,0.0019366741180419922
320961,normal,74,0,1782362372.8681812,0.001998424530029297
320962,normal,3580,0,1782362372.8701732,0.0019919872283935547
320963,normal,293,0,1782362372.8722105,0.0020372867584228516
320964,normal,3240,1,1782362372.8741791,0.0019686222076416016
320965,normal,2684,0,1782362372.8762543,0.0020751953125
320966,normal,2722,0,1782362372.878316,0.002061605453491211
320967,normal,2963,0,1782362372.8802648,0.0019488334655761719
320968,normal,1756,0,1782362372.882352,0.0020873546600341797
320969,normal,2305,0,1782362372.884327,0.001974821090698242
320970,normal,2470,0,1782362372.8861651,0.0018382072448730469
320971,normal,3132,1,1782362372.8883765,0.002211332321166992
320972,normal,1679,0,1782362372.890246,0.0018694400787353516
320973,normal,400,0,1782362372.8921547,0.0019087791442871094
320974,normal,436,0,1782362372.894151,0.001996278762817383
320975,normal,1206,0,1782362372.8960636,0.0019125938415527344
320976,normal,1874,0,1782362372.8981519,0.002088308334350586
320977,normal,3386,1,1782362372.9003603,0.0022084712982177734
320978,normal,2387,0,1782362372.902062,0.0017015933990478516
320979,normal,1432,0,1782362372.904149,0.002087116241455078
320980,normal,2897,0,1782362372.9061186,0.001969575881958008
320981,normal,3243,1,1782362372.9080513,0.0019326210021972656
320982,normal,3588,0,1782362372.9107316,0.0026803016662597656
320983,normal,2802,0,1782362372.9122064,0.0014748573303222656
320984,normal,2686,0,1782362372.9142175,0.0020110607147216797
320985,normal,57,0,1782362372.9161582,0.0019407272338867188
320986,normal,2518,0,1782362372.9181025,0.0019443035125732422
320987,normal,2569,0,1782362372.9200954,0.001992940902709961
320988,normal,3058,1,1782362372.9220977,0.002002239227294922
320989,normal,2413,0,1782362372.924093,0.0019953250885009766
320990,normal,1459,0,1782362372.9261932,0.002100229263305664
320991,normal,2714,0,1782362372.9281132,0.0019199848175048828
320992,normal,1455,0,1782362372.930069,0.001955747604370117
320993,normal,2599,0,1782362372.9320722,0.002003192901611328
320994,normal,1218,0,1782362372.934079,0.0020067691802978516
320995,normal,2589,0,1782362372.936084,0.0020051002502441406
320996,normal,732,0,1782362372.9381125,0.0020284652709960938
320997,normal,1575,0,1782362372.9401853,0.0020728111267089844
320998,normal,3653,0,1782362372.9429204,0.002735137939453125
320999,normal,1129,0,1782362372.9444494,0.0015289783477783203
321000,normal,363,0,1782362372.9462533,0.0018038749694824219
321001,normal,3004,0,1782362372.9483113,0.0020580291748046875
321002,normal,2953,0,1782362372.9506075,0.0022962093353271484
321003,normal,222,0,1782362372.9526067,0.0019991397857666016
321004,normal,825,2,1782362372.9541872,0.0015804767608642578
321005,normal,1682,0,1782362372.9560056,0.0018184185028076172
321006,normal,1279,0,1782362372.9580572,0.0020515918731689453
321007,normal,2864,0,1782362372.9600737,0.0020165443420410156
321008,normal,251,0,1782362372.9620848,0.0020110607147216797
321009,normal,3516,0,1782362372.9640837,0.0019989013671875
321010,normal,1290,0,1782362372.966083,0.001999378204345703
321011,normal,451,0,1782362372.9680755,0.001992464065551758
321012,normal,3161,1,1782362372.97008,0.002004384994506836
321013,normal,1515,0,1782362372.9720697,0.0019898414611816406
321014,normal,491,0,1782362372.9741151,0.0020453929901123047
321015,normal,1453,0,1782362372.9761324,0.0020172595977783203
321016,normal,1047,0,1782362372.9781513,0.0020189285278320312
321017,normal,1716,0,1782362372.980104,0.0019526481628417969
321018,normal,757,0,1782362372.982055,0.001950979232788086
321019,normal,3666,0,1782362372.984128,0.002073049545288086
321020,normal,341,0,1782362372.9861348,0.0020067691802978516
321021,normal,2759,0,1782362372.9881363,0.002001523971557617
321022,normal,2795,0,1782362372.9900846,0.0019483566284179688
321023,normal,3522,0,1782362372.9920502,0.0019655227661132812
321024,normal,86,0,1782362372.9940734,0.0020232200622558594
321025,normal,107,0,1782362372.9960668,0.001993417739868164
321026,normal,848,2,1782362372.9980652,0.001998424530029297
321027,normal,3412,0,1782362373.0000687,0.0020034313201904297
321028,normal,2531,0,1782362373.0020838,0.0020151138305664062
321029,normal,326,0,1782362373.0040903,0.00200653076171875
321030,normal,1151,0,1782362373.006155,0.0020647048950195312
321031,normal,2943,0,1782362373.0080626,0.0019075870513916016
321032,normal,3575,0,1782362373.010078,0.002015352249145508
321033,normal,2628,0,1782362373.0120726,0.001994609832763672
321034,normal,3582,0,1782362373.0140603,0.0019876956939697266
321035,normal,3112,1,1782362373.016054,0.0019936561584472656
321036,normal,2846,0,1782362373.018069,0.0020151138305664062
321037,normal,851,2,1782362373.0201144,0.0020453929901123047
321038,normal,1076,0,1782362373.0221236,0.002009153366088867
321039,normal,1299,0,1782362373.0241392,0.0020155906677246094
321040,normal,2172,0,1782362373.0261133,0.0019741058349609375
321041,normal,1591,0,1782362373.0280795,0.001966238021850586
321042,normal,2558,0,1782362373.030067,0.001987457275390625
321043,normal,971,2,1782362373.032096,0.002028942108154297
321044,normal,2011,0,1782362373.0340483,0.0019524097442626953
321045,normal,3648,0,1782362373.0360403,0.0019919872283935547
321046,normal,1703,0,1782362373.0380373,0.0019969940185546875
321047,normal,3323,1,1782362373.0400367,0.001999378204345703
321048,normal,994,2,1782362373.0421503,0.0021135807037353516
321049,normal,2933,0,1782362373.0441267,0.001976490020751953
321050,normal,663,0,1782362373.046176,0.0020492076873779297
321051,normal,2256,0,1782362373.048166,0.001990079879760742
321052,normal,839,2,1782362373.050174,0.0020079612731933594
321053,normal,834,2,1782362373.052141,0.0019669532775878906
321054,normal,229,0,1782362373.0541854,0.0020444393157958984
321055,normal,3275,1,1782362373.0562224,0.00203704833984375
321056,normal,2993,0,1782362373.0580425,0.0018200874328613281
321057,normal,411,0,1782362373.060031,0.0019884109497070312
321058,normal,253,0,1782362373.06203,0.0019991397857666016
321059,normal,394,0,1782362373.0640743,0.002044200897216797
321060,normal,2359,0,1782362373.0661752,0.0021009445190429688
321061,normal,475,0,1782362373.0680263,0.0018510818481445312
321062,normal,1020,2,1782362373.0700228,0.0019965171813964844
321063,normal,3422,0,1782362373.0720441,0.002021312713623047
321064,normal,3181,1,1782362373.0741348,0.0020906925201416016
321065,normal,1851,0,1782362373.0763295,0.002194643020629883
321066,normal,1802,0,1782362373.0782053,0.0018758773803710938
321067,normal,2312,0,1782362373.0805113,0.0023059844970703125
321068,normal,1800,0,1782362373.0822046,0.0016932487487792969
321069,normal,3674,0,1782362373.0842407,0.0020360946655273438
321070,normal,2769,0,1782362373.086224,0.0019834041595458984
321071,normal,2309,0,1782362373.08823,0.0020058155059814453
321072,normal,670,0,1782362373.0902793,0.0020494461059570312
321073,normal,2153,0,1782362373.0924397,0.002160310745239258
321074,normal,2912,0,1782362373.0941246,0.0016849040985107422
321075,normal,2627,0,1782362373.0961983,0.0020737648010253906
321076,normal,2901,0,1782362373.0982034,0.0020051002502441406
321077,normal,1587,0,1782362373.1002345,0.002031087875366211
321078,normal,563,0,1782362373.102112,0.0018775463104248047
321079,normal,1192,0,1782362373.1042435,0.0021314620971679688
321080,normal,1050,0,1782362373.1062436,0.002000093460083008
321081,normal,2263,0,1782362373.10821,0.0019664764404296875
321082,normal,719,0,1782362373.110196,0.0019860267639160156
321083,normal,1784,0,1782362373.1125703,0.0023741722106933594
321084,normal,1143,0,1782362373.114866,0.0022957324981689453
321085,normal,2890,0,1782362373.1162097,0.0013437271118164062
321086,normal,3260,1,1782362373.1181142,0.0019044876098632812
321087,normal,3646,0,1782362373.1202137,0.0020995140075683594
321088,normal,3475,0,1782362373.1222577,0.0020439624786376953
321089,normal,3667,0,1782362373.1241908,0.0019330978393554688
321090,normal,1382,0,1782362373.1262932,0.002102375030517578
321091,normal,186,0,1782362373.1284282,0.002135038375854492
321092,normal,21,0,1782362373.1301079,0.0016796588897705078
321093,normal,1660,0,1782362373.13248,0.0023720264434814453
321094,normal,3681,0,1782362373.1345406,0.0020606517791748047
321095,normal,3142,1,1782362373.1361072,0.0015666484832763672
321096,normal,1849,0,1782362373.1381228,0.0020155906677246094
321097,normal,1007,2,1782362373.1401715,0.0020487308502197266
321098,normal,586,0,1782362373.1422417,0.002070188522338867
321099,normal,2033,0,1782362373.1442058,0.001964092254638672
321100,normal,605,0,1782362373.1462033,0.0019974708557128906
321101,normal,2845,0,1782362373.1481946,0.00199127197265625
321102,normal,1526,0,1782362373.1501896,0.001995086669921875
321103,normal,703,0,1782362373.1522183,0.0020287036895751953
321104,normal,2556,0,1782362373.1542563,0.0020380020141601562
321105,normal,3506,0,1782362373.156259,0.002002716064453125
321106,normal,1401,0,1782362373.1582716,0.002012491226196289
321107,normal,2424,0,1782362373.1601589,0.0018873214721679688
321108,normal,2144,0,1782362373.1622224,0.0020635128021240234
321109,normal,880,2,1782362373.164235,0.0020127296447753906
321110,normal,1102,0,1782362373.1662683,0.002033233642578125
321111,normal,3331,1,1782362373.1682882,0.0020198822021484375
321112,normal,205,0,1782362373.1701572,0.0018689632415771484
321113,normal,70,0,1782362373.1722069,0.002049684524536133
321114,normal,2070,0,1782362373.1741924,0.0019855499267578125
321115,normal,3176,1,1782362373.1761935,0.002001047134399414
321116,normal,2261,0,1782362373.1781962,0.002002716064453125
321117,normal,129,0,1782362373.1801996,0.0020034313201904297
321118,normal,2916,0,1782362373.1822157,0.0020160675048828125
321119,normal,3562,0,1782362373.184375,0.0021593570709228516
321120,normal,444,0,1782362373.1861086,0.001733541488647461
321121,normal,2037,0,1782362373.188192,0.002083301544189453
321122,normal,713,0,1782362373.1902003,0.0020084381103515625
321123,normal,385,0,1782362373.192183,0.0019826889038085938
321124,normal,1913,0,1782362373.1941912,0.002008199691772461
321125,normal,3293,1,1782362373.196183,0.001991748809814453
321126,normal,587,0,1782362373.1982255,0.002042531967163086
321127,normal,3700,0,1782362373.200258,0.0020325183868408203
321128,normal,1186,0,1782362373.2022793,0.002021312713623047
321129,normal,2567,0,1782362373.2041855,0.0019061565399169922
321130,normal,1507,0,1782362373.2062244,0.0020389556884765625
321131,normal,1092,0,1782362373.208211,0.0019865036010742188
321132,normal,3604,0,1782362373.210189,0.001978158950805664
321133,normal,3172,1,1782362373.2122095,0.0020203590393066406
321134,normal,3368,1,1782362373.214164,0.0019545555114746094
321135,normal,3458,0,1782362373.2161636,0.0019996166229248047
321136,normal,1771,0,1782362373.218164,0.0020003318786621094
321137,normal,1628,0,1782362373.2202473,0.002083301544189453
321138,normal,1081,0,1782362373.2222495,0.002002239227294922
321139,normal,1869,0,1782362373.224208,0.001958608627319336
321140,normal,3686,0,1782362373.2262511,0.002043008804321289
321141,normal,1048,0,1782362373.2282379,0.0019867420196533203
321142,normal,786,2,1782362373.2305932,0.002355337142944336
321143,normal,1938,0,1782362373.2324495,0.0018563270568847656
321144,normal,1563,0,1782362373.2343495,0.0018999576568603516
321145,normal,112,0,1782362373.2363067,0.0019571781158447266
321146,normal,69,0,1782362373.2380698,0.0017631053924560547
321147,normal,1641,0,1782362373.2401586,0.002088785171508789
321148,normal,3145,1,1782362373.242156,0.0019974708557128906
321149,normal,881,2,1782362373.2441974,0.002041339874267578
321150,normal,3425,0,1782362373.2462523,0.002054929733276367
321151,normal,1498,0,1782362373.248153,0.0019006729125976562
321152,normal,2420,0,1782362373.2501519,0.0019989013671875
321153,normal,2402,0,1782362373.2521539,0.0020020008087158203
321154,normal,2701,0,1782362373.2541568,0.0020029544830322266
321155,normal,1590,0,1782362373.2562623,0.0021054744720458984
321156,normal,1043,0,1782362373.258432,0.0021696090698242188
321157,normal,1798,0,1782362373.2603428,0.0019109249114990234
321158,normal,2298,0,1782362373.2623844,0.0020415782928466797
321159,normal,2618,0,1782362373.2643247,0.0019402503967285156
321160,normal,2396,0,1782362373.2661855,0.0018608570098876953
321161,normal,1685,0,1782362373.2681937,0.002008199691772461
321162,normal,188,0,1782362373.2701807,0.001986980438232422
321163,normal,810,2,1782362373.2721817,0.002001047134399414
321164,normal,1483,0,1782362373.2745044,0.002322673797607422
321165,normal,2664,0,1782362373.276123,0.0016186237335205078
321166,normal,520,0,1782362373.2781858,0.0020627975463867188
321167,normal,1847,0,1782362373.2801974,0.002011537551879883
321168,normal,3584,0,1782362373.2821965,0.0019991397857666016
321169,normal,1408,0,1782362373.284203,0.00200653076171875
321170,normal,218,0,1782362373.2861948,0.001991748809814453
321171,normal,1988,0,1782362373.288166,0.0019712448120117188
321172,normal,801,2,1782362373.2902408,0.002074718475341797
321173,normal,3621,0,1782362373.2922313,0.0019905567169189453
321174,normal,2622,0,1782362373.2942054,0.0019741058349609375
321175,normal,1023,2,1782362373.2962627,0.002057313919067383
321176,normal,144,0,1782362373.2984035,0.0021407604217529297
321177,normal,2143,0,1782362373.300222,0.0018184185028076172
321178,normal,658,0,1782362373.302292,0.002070188522338867
321179,normal,1024,2,1782362373.304235,0.0019428730010986328
321180,normal,3207,1,1782362373.306297,0.002062082290649414
321181,normal,279,0,1782362373.30815,0.0018529891967773438
321182,normal,1525,0,1782362373.3101141,0.001964092254638672
321183,normal,2160,0,1782362373.3122303,0.0021162033081054688
321184,normal,920,2,1782362373.3142624,0.002032041549682617
321185,normal,3168,1,1782362373.316281,0.0020186901092529297
321186,normal,3348,1,1782362373.3182669,0.001985788345336914
321187,normal,1823,0,1782362373.3204355,0.0021686553955078125
321188,normal,882,2,1782362373.322083,0.0016474723815917969
321189,normal,1125,0,1782362373.324153,0.0020699501037597656
321190,normal,1190,0,1782362373.3264568,0.0023038387298583984
321191,normal,884,2,1782362373.328542,0.0020852088928222656
321192,normal,370,0,1782362373.3302765,0.0017344951629638672
321193,normal,973,2,1782362373.3323016,0.002025127410888672
321194,normal,2486,0,1782362373.3341694,0.0018677711486816406
321195,normal,3226,1,1782362373.3362865,0.002117156982421875
321196,normal,1511,0,1782362373.338295,0.0020084381103515625
321197,normal,3054,1,1782362373.3405445,0.002249479293823242
321198,normal,1239,0,1782362373.3423479,0.0018033981323242188
321199,normal,3102,1,1782362373.344181,0.001833200454711914
321200,normal,2784,0,1782362373.3462431,0.002062082290649414
321201,normal,1273,0,1782362373.348199,0.001955747604370117
321202,normal,2324,0,1782362373.3501248,0.0019259452819824219
321203,normal,1166,0,1782362373.352122,0.001997232437133789
321204,normal,3599,0,1782362373.3541949,0.0020728111267089844
321205,normal,3101,1,1782362373.3562062,0.0020112991333007812
321206,normal,1387,0,1782362373.3582003,0.0019941329956054688
321207,normal,1434,0,1782362373.3602748,0.0020744800567626953
321208,normal,49,0,1782362373.3621953,0.001920461654663086
321209,normal,3232,1,1782362373.3641858,0.0019905567169189453
321210,normal,3673,0,1782362373.3661876,0.0020017623901367188
321211,normal,3055,1,1782362373.3681867,0.0019991397857666016
321212,normal,3309,1,1782362373.3701835,0.001996755599975586
321213,normal,2381,0,1782362373.372194,0.0020105838775634766
321214,normal,1870,0,1782362373.3742213,0.002027273178100586
321215,normal,1405,0,1782362373.3762617,0.002040386199951172
321216,normal,2303,0,1782362373.3785481,0.0022864341735839844
321217,normal,2517,0,1782362373.3802128,0.0016646385192871094
321218,normal,1055,0,1782362373.3822057,0.001992940902709961
321219,normal,3698,0,1782362373.384227,0.002021312713623047
321220,normal,405,0,1782362373.386213,0.0019860267639160156
321221,normal,1558,0,1782362373.3881636,0.0019505023956298828
321222,normal,1936,0,1782362373.39016,0.0019965171813964844
321223,normal,1445,0,1782362373.392163,0.0020029544830322266
321224,normal,992,2,1782362373.3942468,0.0020837783813476562
321225,normal,1201,0,1782362373.3962579,0.0020110607147216797
321226,normal,1832,0,1782362373.3982527,0.0019948482513427734
321227,normal,345,0,1782362373.400248,0.0019953250885009766
321228,normal,1931,0,1782362373.402344,0.002095937728881836
321229,normal,1699,0,1782362373.4045513,0.0022072792053222656
321230,normal,255,0,1782362373.4061425,0.0015912055969238281
321231,normal,2140,0,1782362373.4082983,0.002155780792236328
321232,normal,1267,0,1782362373.4103408,0.002042531967163086
321233,normal,761,0,1782362373.4122114,0.0018706321716308594
321234,normal,2828,0,1782362373.414161,0.0019495487213134766
321235,normal,3677,0,1782362373.4161568,0.0019958019256591797
321236,normal,2050,0,1782362373.4181545,0.001997709274291992
321237,normal,116,0,1782362373.4202168,0.0020623207092285156
321238,normal,1687,0,1782362373.4222305,0.002013683319091797
321239,normal,903,2,1782362373.4241762,0.0019457340240478516
321240,normal,3431,0,1782362373.4261525,0.0019762516021728516
321241,normal,1727,0,1782362373.428153,0.002000570297241211
321242,normal,2690,0,1782362373.4301548,0.0020017623901367188
321243,normal,130,0,1782362373.4327576,0.002602815628051758
321244,normal,2169,0,1782362373.4341695,0.0014119148254394531
321245,normal,1844,0,1782362373.436469,0.0022995471954345703
321246,normal,3013,0,1782362373.4381447,0.0016756057739257812
321247,normal,252,0,1782362373.4401839,0.002039194107055664
321248,normal,595,0,1782362373.4421842,0.0020003318786621094
321249,normal,1413,0,1782362373.4441943,0.0020101070404052734
321250,normal,3030,0,1782362373.4463158,0.002121448516845703
321251,normal,1490,0,1782362373.4483159,0.002000093460083008
321252,normal,3130,1,1782362373.4502623,0.0019464492797851562
321253,normal,3591,0,1782362373.4522023,0.001940011978149414
321254,normal,1104,0,1782362373.4541972,0.0019948482513427734
321255,normal,1025,2,1782362373.4562206,0.002023458480834961
321256,normal,708,0,1782362373.4582071,0.0019865036010742188
321257,normal,1309,0,1782362373.4602032,0.0019960403442382812
321258,normal,772,2,1782362373.4624956,0.0022923946380615234
321259,normal,554,0,1782362373.4649682,0.0024726390838623047
321260,normal,1876,0,1782362373.4666803,0.0017120838165283203
321261,normal,340,0,1782362373.4684966,0.0018162727355957031
321262,normal,612,0,1782362373.470485,0.0019884109497070312
321263,normal,3605,0,1782362373.4725146,0.0020296573638916016
321264,normal,2521,0,1782362373.4745693,0.0020546913146972656
321265,normal,1773,0,1782362373.476215,0.0016455650329589844
321266,normal,273,0,1782362373.478097,0.0018820762634277344
321267,normal,2611,0,1782362373.4801836,0.002086639404296875
321268,normal,1367,1,1782362373.4823604,0.0021767616271972656
321269,normal,2680,0,1782362373.4841938,0.0018334388732910156
321270,normal,544,0,1782362373.4861267,0.0019328594207763672
321271,normal,2139,0,1782362373.4883158,0.002189159393310547
321272,normal,2699,0,1782362373.490246,0.00193023681640625
321273,normal,1947,0,1782362373.4922104,0.0019643306732177734
321274,normal,321,0,1782362373.494296,0.0020856857299804688
321275,normal,100,0,1782362373.4962564,0.001960277557373047
321276,normal,68,0,1782362373.4981737,0.0019173622131347656
321277,normal,1333,1,1782362373.500437,0.002263307571411133
321278,normal,970,2,1782362373.502156,0.0017189979553222656
321279,normal,3623,0,1782362373.5043025,0.002146482467651367
321280,normal,2863,0,1782362373.506211,0.0019085407257080078
321281,normal,1704,0,1782362373.5083702,0.00215911865234375
321282,normal,2766,0,1782362373.5101714,0.0018012523651123047
321283,normal,3494,0,1782362373.5123827,0.002211332321166992
321284,normal,3585,0,1782362373.514167,0.0017843246459960938
321285,normal,389,0,1782362373.516272,0.0021049976348876953
321286,normal,673,0,1782362373.5182152,0.0019431114196777344
321287,normal,900,2,1782362373.5202353,0.002020120620727539
321288,normal,337,0,1782362373.522319,0.0020837783813476562
321289,normal,836,2,1782362373.5241764,0.0018572807312011719
321290,normal,134,0,1782362373.5262456,0.002069234848022461
321291,normal,22,0,1782362373.5281997,0.0019540786743164062
321292,normal,362,0,1782362373.5303223,0.002122640609741211
321293,normal,1560,0,1782362373.5323617,0.0020394325256347656
321294,normal,2834,0,1782362373.534114,0.0017521381378173828
321295,normal,421,0,1782362373.5363114,0.0021975040435791016
321296,normal,1167,0,1782362373.538227,0.0019156932830810547
321297,normal,2756,0,1782362373.540329,0.002101898193359375
321298,normal,65,0,1782362373.5422113,0.001882314682006836
321299,normal,1738,0,1782362373.54426,0.0020487308502197266
321300,normal,3165,1,1782362373.5462368,0.0019767284393310547
321301,normal,494,0,1782362373.5482528,0.0020160675048828125
321302,normal,3019,0,1782362373.550188,0.0019352436065673828
321303,normal,1935,0,1782362373.5522988,0.002110719680786133
321304,normal,2902,0,1782362373.5542183,0.0019195079803466797
321305,normal,2989,0,1782362373.5562098,0.0019915103912353516
321306,normal,3520,0,1782362373.5582156,0.0020058155059814453
321307,normal,728,0,1782362373.5602262,0.0020105838775634766
321308,normal,2576,0,1782362373.5621688,0.0019426345825195312
321309,normal,1251,0,1782362373.5641637,0.0019948482513427734
321310,normal,2017,0,1782362373.5661707,0.002007007598876953
321311,normal,2012,0,1782362373.5684822,0.0023114681243896484
321312,normal,2098,0,1782362373.5701313,0.0016491413116455078
321313,normal,127,0,1782362373.5722637,0.002132415771484375
321314,normal,359,0,1782362373.5742774,0.002013683319091797
321315,normal,679,0,1782362373.5765576,0.0022802352905273438
321316,normal,1663,0,1782362373.5782864,0.0017287731170654297
321317,normal,245,0,1782362373.5802736,0.0019872188568115234
321318,normal,693,0,1782362373.582364,0.0020904541015625
321319,normal,3434,0,1782362373.5843143,0.0019502639770507812
321320,normal,3092,1,1782362373.586066,0.0017516613006591797
321321,normal,600,0,1782362373.5881562,0.0020902156829833984
321322,normal,3587,0,1782362373.5901644,0.002008199691772461
321323,normal,2278,0,1782362373.5922017,0.0020372867584228516
321324,normal,2197,0,1782362373.5941842,0.001982450485229492
321325,normal,2296,0,1782362373.5961478,0.0019636154174804688
321326,normal,817,2,1782362373.5981433,0.001995563507080078
321327,normal,2103,0,1782362373.6001487,0.002005338668823242
321328,normal,3063,1,1782362373.6021483,0.0019996166229248047
321329,normal,1260,0,1782362373.6047552,0.0026068687438964844
321330,normal,2281,0,1782362373.6061747,0.0014195442199707031
321331,normal,609,0,1782362373.6082935,0.002118825912475586
321332,normal,1790,0,1782362373.6101248,0.0018312931060791016
321333,normal,3627,0,1782362373.6122062,0.0020813941955566406
321334,normal,1677,0,1782362373.6142046,0.001998424530029297
321335,normal,794,2,1782362373.6162138,0.002009153366088867
321336,normal,1108,0,1782362373.6184237,0.002209901809692383
321337,normal,2871,0,1782362373.6202385,0.0018148422241210938
321338,normal,1536,0,1782362373.6221905,0.0019519329071044922
321339,normal,3099,1,1782362373.6241908,0.0020003318786621094
321340,normal,3134,1,1782362373.6261988,0.0020079612731933594
321341,normal,3119,1,1782362373.6281993,0.002000570297241211
321342,normal,3507,0,1782362373.630201,0.0020017623901367188
321343,normal,1914,0,1782362373.6322649,0.002063751220703125
321344,normal,2886,0,1782362373.634229,0.001964092254638672
321345,normal,2474,0,1782362373.6362116,0.0019826889038085938
321346,normal,2583,0,1782362373.6384385,0.0022268295288085938
321347,normal,1163,0,1782362373.6409523,0.002513885498046875
321348,normal,2552,0,1782362373.6421797,0.0012273788452148438
321349,normal,1449,0,1782362373.644165,0.001985311508178711
321350,normal,2667,0,1782362373.6462572,0.002092123031616211
321351,normal,539,0,1782362373.6482775,0.0020203590393066406
321352,normal,3236,1,1782362373.6503072,0.0020296573638916016
321353,normal,1924,0,1782362373.6523008,0.0019936561584472656
321354,normal,1775,0,1782362373.6542878,0.001986980438232422
321355,normal,511,0,1782362373.6562743,0.0019865036010742188
321356,normal,1880,0,1782362373.6586056,0.002331256866455078
321357,normal,2448,0,1782362373.6607037,0.00209808349609375
321358,normal,2388,0,1782362373.6622546,0.001550912857055664
321359,normal,136,0,1782362373.664055,0.001800537109375
321360,normal,464,0,1782362373.6662178,0.0021626949310302734
321361,normal,401,0,1782362373.6681936,0.0019757747650146484
321362,normal,2207,0,1782362373.670216,0.0020225048065185547
321363,normal,581,0,1782362373.6722045,0.0019884109497070312
321364,normal,987,2,1782362373.6741924,0.001987934112548828
321365,normal,1689,0,1782362373.6761932,0.0020008087158203125
321366,normal,656,0,1782362373.6782146,0.002021312713623047
321367,normal,1927,0,1782362373.680255,0.002040386199951172
321368,normal,1510,0,1782362373.6822758,0.0020208358764648438
321369,normal,2737,0,1782362373.6842835,0.002007722854614258
321370,normal,738,0,1782362373.6861596,0.0018761157989501953
321371,normal,1581,0,1782362373.688234,0.0020744800567626953
321372,normal,353,0,1782362373.6902432,0.002009153366088867
321373,normal,1193,0,1782362373.6922965,0.0020532608032226562
321374,normal,268,0,1782362373.694199,0.0019025802612304688
321375,normal,1544,0,1782362373.6961596,0.0019605159759521484
321376,normal,3360,1,1782362373.6981964,0.0020368099212646484
321377,normal,2621,0,1782362373.700192,0.001995563507080078
321378,normal,2761,0,1782362373.7021906,0.0019986629486083984
321379,normal,1622,0,1782362373.7041922,0.002001523971557617
321380,normal,1404,0,1782362373.7062137,0.0020215511322021484
321381,normal,3355,1,1782362373.7082086,0.0019948482513427734
321382,normal,3415,0,1782362373.7103496,0.0021409988403320312
321383,normal,1464,0,1782362373.7123644,0.0020148754119873047
321384,normal,3398,1,1782362373.714246,0.0018815994262695312
321385,normal,3310,1,1782362373.7166553,0.002409219741821289
321386,normal,830,2,1782362373.7184818,0.0018265247344970703
321387,normal,2568,0,1782362373.7201169,0.0016350746154785156
321388,normal,407,0,1782362373.7221918,0.0020749568939208984
321389,normal,2763,0,1782362373.7241163,0.0019245147705078125
321390,normal,1843,0,1782362373.7260802,0.0019638538360595703
321391,normal,2758,0,1782362373.7282362,0.0021560192108154297
321392,normal,2687,0,1782362373.7301953,0.001959085464477539
321393,normal,2307,0,1782362373.7322118,0.0020165443420410156
321394,normal,2473,0,1782362373.734287,0.0020751953125
321395,normal,3276,1,1782362373.7363572,0.002070188522338867
321396,normal,2906,0,1782362373.738323,0.001965761184692383
321397,normal,3675,0,1782362373.740524,0.002201080322265625
321398,normal,3639,0,1782362373.7422538,0.001729726791381836
321399,normal,3359,1,1782362373.7443054,0.0020515918731689453
321400,normal,2235,0,1782362373.7462811,0.0019757747650146484
321401,normal,1071,0,1782362373.748136,0.0018548965454101562
321402,normal,782,2,1782362373.7501266,0.0019905567169189453
321403,normal,1021,2,1782362373.7522361,0.002109527587890625
321404,normal,3660,0,1782362373.7542162,0.0019800662994384766
321405,normal,1875,0,1782362373.7562811,0.002064943313598633
321406,normal,1002,2,1782362373.7583745,0.0020933151245117188
321407,normal,3417,0,1782362373.7603066,0.0019321441650390625
321408,normal,3114,1,1782362373.762418,0.0021114349365234375
321409,normal,1495,0,1782362373.7644632,0.002045154571533203
321410,normal,3487,0,1782362373.7664382,0.0019750595092773438
321411,normal,2647,0,1782362373.7683575,0.0019192695617675781
321412,normal,653,0,1782362373.7703736,0.0020160675048828125
321413,normal,2710,0,1782362373.7721531,0.0017795562744140625
321414,normal,1574,0,1782362373.7742403,0.002087116241455078
321415,normal,1916,0,1782362373.7762384,0.0019981861114501953
321416,normal,274,0,1782362373.778136,0.001897573471069336
321417,normal,396,0,1782362373.7804062,0.002270221710205078
321418,normal,1484,0,1782362373.7822392,0.0018329620361328125
321419,normal,646,0,1782362373.7841423,0.0019030570983886719
321420,normal,625,0,1782362373.7862365,0.002094268798828125
321421,normal,784,2,1782362373.7882328,0.001996278762817383
321422,normal,2449,0,1782362373.7901516,0.001918792724609375
321423,normal,2316,0,1782362373.7923453,0.0021936893463134766
321424,normal,2081,0,1782362373.7944927,0.0021474361419677734
321425,normal,455,0,1782362373.7962852,0.0017924308776855469
321426,normal,3235,1,1782362373.7985635,0.0022783279418945312
321427,normal,453,0,1782362373.800308,0.0017445087432861328
321428,normal,1077,0,1782362373.802187,0.001878976821899414
321429,normal,2776,0,1782362373.8042603,0.0020732879638671875
321430,normal,2094,0,1782362373.8062496,0.0019893646240234375
321431,normal,1289,0,1782362373.8081355,0.0018858909606933594
321432,normal,3366,1,1782362373.8104784,0.0023429393768310547
321433,normal,2276,0,1782362373.812362,0.0018835067749023438
321434,normal,533,0,1782362373.814376,0.00201416015625
321435,normal,3117,1,1782362373.8164208,0.002044677734375
321436,normal,2554,0,1782362373.818832,0.0024111270904541016
321437,normal,3654,0,1782362373.8203042,0.0014722347259521484
321438,normal,1437,0,1782362373.8222532,0.0019490718841552734
321439,normal,1142,0,1782362373.8242593,0.002006053924560547
321440,normal,1696,0,1782362373.8261824,0.0019230842590332031
321441,normal,2447,0,1782362373.8283138,0.0021314620971679688
321442,normal,3041,0,1782362373.8303246,0.002010822296142578
321443,normal,1901,0,1782362373.8322494,0.001924753189086914
321444,normal,24,0,1782362373.8343298,0.0020804405212402344
321445,normal,2837,0,1782362373.836276,0.0019462108612060547
321446,normal,1567,0,1782362373.8384945,0.002218484878540039
321447,normal,980,2,1782362373.8403971,0.0019025802612304688
321448,normal,2076,0,1782362373.8424416,0.0020444393157958984
321449,normal,715,0,1782362373.844378,0.0019364356994628906
321450,normal,1956,0,1782362373.846407,0.002028942108154297
321451,normal,1118,0,1782362373.848403,0.0019960403442382812
321452,normal,1664,0,1782362373.8502095,0.001806497573852539
321453,normal,3048,1,1782362373.8522403,0.0020308494567871094
321454,normal,2821,0,1782362373.854319,0.0020787715911865234
321455,normal,2734,0,1782362373.8562593,0.0019402503967285156
321456,normal,2335,0,1782362373.8583105,0.002051115036010742
321457,normal,1672,0,1782362373.8604734,0.002162933349609375
321458,normal,2587,0,1782362373.8622127,0.0017392635345458984
321459,normal,2436,0,1782362373.8644023,0.00218963623046875
321460,normal,2336,0,1782362373.8663843,0.001981973648071289
321461,normal,2820,0,1782362373.8681102,0.001725912094116211
321462,normal,2658,0,1782362373.8702018,0.002091646194458008
321463,normal,3127,1,1782362373.872431,0.0022292137145996094
321464,normal,2097,0,1782362373.8744967,0.0020656585693359375
321465,normal,3233,1,1782362373.876541,0.002044200897216797
321466,normal,1911,0,1782362373.8783133,0.0017724037170410156
321467,normal,2672,0,1782362373.8801687,0.0018553733825683594
321468,normal,842,2,1782362373.8822205,0.002051830291748047
321469,normal,2090,0,1782362373.8843565,0.0021359920501708984
321470,normal,1799,0,1782362373.8861876,0.0018310546875
321471,normal,1700,0,1782362373.8883276,0.002140045166015625
321472,normal,3346,1,1782362373.8907366,0.0024089813232421875
321473,normal,1122,0,1782362373.8921163,0.0013797283172607422
321474,normal,1275,0,1782362373.8942323,0.002115964889526367
321475,normal,518,0,1782362373.8962417,0.0020093917846679688
321476,normal,2016,0,1782362373.898408,0.002166271209716797
321477,normal,1300,0,1782362373.9002237,0.0018157958984375
321478,normal,1830,0,1782362373.9023821,0.0021584033966064453
321479,normal,1508,0,1782362373.9043195,0.0019373893737792969
321480,normal,1022,2,1782362373.9063864,0.0020668506622314453
321481,normal,2294,0,1782362373.9083602,0.001973867416381836
321482,normal,1600,0,1782362373.9103427,0.001982450485229492
321483,normal,805,2,1782362373.9123573,0.002014636993408203
321484,normal,2858,0,1782362373.9146335,0.002276182174682617
321485,normal,933,2,1782362373.9162455,0.001611948013305664
321486,normal,2108,0,1782362373.918247,0.002001523971557617
321487,normal,3325,1,1782362373.920231,0.001984119415283203
321488,normal,350,0,1782362373.9221175,0.0018863677978515625
321489,normal,3103,1,1782362373.9242349,0.0021173954010009766
321490,normal,2125,0,1782362373.9263206,0.0020856857299804688
321491,normal,734,0,1782362373.9283423,0.00202178955078125
321492,normal,2526,0,1782362373.9303617,0.0020194053649902344
321493,normal,2216,0,1782362373.9324217,0.0020599365234375
321494,normal,2095,0,1782362373.9341464,0.0017247200012207031
321495,normal,3202,1,1782362373.9362607,0.0021142959594726562
321496,normal,2698,0,1782362373.9382591,0.001998424530029297
321497,normal,1475,0,1782362373.9401815,0.0019223690032958984
321498,normal,328,0,1782362373.942224,0.002042531967163086
321499,normal,2957,0,1782362373.9444249,0.0022008419036865234
321500,normal,1997,0,1782362373.946515,0.0020902156829833984
321501,normal,2051,0,1782362373.9482071,0.001692056655883789
321502,normal,1106,0,1782362373.9503937,0.0021865367889404297
321503,normal,3697,0,1782362373.9522297,0.0018360614776611328
321504,normal,1419,0,1782362373.9542983,0.0020685195922851562
321505,normal,1335,1,1782362373.9563122,0.0020139217376708984
321506,normal,972,2,1782362373.9583573,0.002045154571533203
321507,normal,561,0,1782362373.9606366,0.0022792816162109375
321508,normal,3120,1,1782362373.9625974,0.00196075439453125
321509,normal,399,0,1782362373.96421,0.0016126632690429688
321510,normal,1119,0,1782362373.9663074,0.0020973682403564453
321511,normal,1339,1,1782362373.968386,0.002078533172607422
321512,normal,3572,0,1782362373.9704792,0.0020933151245117188
321513,normal,3407,0,1782362373.9721305,0.0016512870788574219
321514,normal,3217,1,1782362373.9742203,0.0020897388458251953
321515,normal,3579,0,1782362373.9761472,0.0019268989562988281
321516,normal,811,2,1782362373.9782457,0.002098560333251953
321517,normal,25,0,1782362373.9802332,0.001987457275390625
321518,normal,1060,0,1782362373.9825892,0.0023560523986816406
321519,normal,2874,0,1782362373.9843621,0.0017728805541992188
321520,normal,99,0,1782362373.9863155,0.0019533634185791016
321521,normal,1675,0,1782362373.988218,0.0019025802612304688
321522,normal,2454,0,1782362373.990379,0.0021610260009765625
321523,normal,397,0,1782362373.9923387,0.001959562301635742
321524,normal,711,0,1782362373.9946613,0.002322673797607422
321525,normal,1396,0,1782362373.996443,0.0017817020416259766
321526,normal,845,2,1782362373.9982862,0.0018432140350341797
321527,normal,327,0,1782362374.000621,0.0023348331451416016
321528,normal,820,2,1782362374.0022733,0.0016522407531738281
321529,normal,2279,0,1782362374.0043485,0.0020751953125
321530,normal,504,0,1782362374.0062397,0.0018911361694335938
321531,normal,2697,0,1782362374.0084476,0.0022079944610595703
321532,normal,2718,0,1782362374.0103023,0.0018546581268310547
321533,normal,525,0,1782362374.0124383,0.0021359920501708984
321534,normal,1112,0,1782362374.0146844,0.0022461414337158203
321535,normal,1878,0,1782362374.0164745,0.0017900466918945312
321536,normal,1306,0,1782362374.0182111,0.0017366409301757812
321537,normal,1478,0,1782362374.020345,0.0021338462829589844
321538,normal,2750,0,1782362374.022333,0.001987934112548828
321539,normal,2731,0,1782362374.0241828,0.0018498897552490234
321540,normal,2439,0,1782362374.0263226,0.0021398067474365234
321541,normal,2796,0,1782362374.0283391,0.0020165443420410156
321542,normal,3199,1,1782362374.0304506,0.0021114349365234375
321543,normal,866,2,1782362374.0332236,0.0027730464935302734
321544,normal,2778,0,1782362374.034434,0.0012104511260986328
321545,normal,1327,1,1782362374.0370345,0.002600431442260742
321546,normal,2723,0,1782362374.038612,0.0015773773193359375
321547,normal,2935,0,1782362374.0407147,0.0021028518676757812
321548,normal,487,0,1782362374.0423393,0.0016245841979980469
321549,normal,2807,0,1782362374.0447388,0.002399444580078125
321550,normal,1751,0,1782362374.0468807,0.0021419525146484375
321551,normal,952,2,1782362374.0483923,0.0015115737915039062
321552,normal,278,0,1782362374.0503976,0.002005338668823242
321553,normal,1932,0,1782362374.052212,0.0018143653869628906
321554,normal,2648,0,1782362374.0541494,0.0019373893737792969
321555,normal,373,0,1782362374.056263,0.0021135807037353516
321556,normal,1340,1,1782362374.0582979,0.002034902572631836
321557,normal,1171,0,1782362374.060154,0.001856088638305664
321558,normal,382,0,1782362374.0623448,0.002190828323364258
321559,normal,426,0,1782362374.0648627,0.0025179386138916016
321560,normal,3622,0,1782362374.0662098,0.0013470649719238281
321561,normal,153,0,1782362374.068306,0.0020961761474609375
321562,normal,1330,1,1782362374.0702996,0.0019936561584472656
321563,normal,1960,0,1782362374.0722425,0.0019428730010986328
321564,normal,3437,0,1782362374.0743797,0.0021371841430664062
321565,normal,117,0,1782362374.076332,0.0019524097442626953
321566,normal,3124,1,1782362374.0782032,0.0018711090087890625
321567,normal,3656,0,1782362374.0802805,0.002077341079711914
321568,normal,1762,0,1782362374.082186,0.0019054412841796875
321569,normal,297,0,1782362374.0842788,0.0020928382873535156
321570,normal,1822,0,1782362374.0863254,0.0020465850830078125
321571,normal,634,0,1782362374.0883503,0.0020248889923095703
321572,normal,1269,0,1782362374.090211,0.0018606185913085938
321573,normal,403,0,1782362374.0924346,0.0022237300872802734
321574,normal,626,0,1782362374.0942733,0.00183868408203125
321575,normal,492,0,1782362374.0961657,0.0018923282623291016
321576,normal,2973,0,1782362374.0983117,0.002146005630493164
321577,normal,2205,0,1782362374.100307,0.0019953250885009766
321578,normal,515,0,1782362374.1024342,0.0021271705627441406
321579,normal,2489,0,1782362374.104429,0.0019948482513427734
321580,normal,527,0,1782362374.106309,0.0018799304962158203
321581,normal,1442,0,1782362374.1081765,0.001867532730102539
321582,normal,1566,0,1782362374.1104379,0.0022614002227783203
321583,normal,2049,0,1782362374.1123748,0.0019369125366210938
321584,normal,2389,0,1782362374.1143389,0.001964092254638672
321585,normal,1753,0,1782362374.1163568,0.002017974853515625
321586,normal,3694,0,1782362374.1182618,0.0019049644470214844
321587,normal,1390,0,1782362374.1202805,0.0020186901092529297
321588,normal,2365,0,1782362374.1222627,0.0019822120666503906
321589,normal,1234,0,1782362374.1243858,0.002123117446899414
321590,normal,1806,0,1782362374.126158,0.001772165298461914
321591,normal,2516,0,1782362374.128489,0.0023310184478759766
321592,normal,528,0,1782362374.130327,0.0018379688262939453
321593,normal,2280,0,1782362374.1327574,0.002430438995361328
321594,normal,2419,0,1782362374.1345258,0.001768350601196289
321595,normal,2760,0,1782362374.136705,0.0021791458129882812
321596,normal,1421,0,1782362374.138221,0.001516103744506836
321597,normal,1184,0,1782362374.1402006,0.0019795894622802734
321598,normal,1467,0,1782362374.142261,0.002060413360595703
321599,normal,2826,0,1782362374.1441674,0.0019063949584960938
321600,normal,1100,0,1782362374.146442,0.0022745132446289062
321601,normal,1406,0,1782362374.1486862,0.002244234085083008
321602,normal,594,0,1782362374.1502657,0.0015795230865478516
321603,normal,1010,2,1782362374.1522036,0.0019378662109375
321604,normal,388,0,1782362374.1547153,0.002511739730834961
321605,normal,2083,0,1782362374.1562319,0.001516580581665039
321606,normal,300,0,1782362374.1582475,0.0020155906677246094
321607,normal,167,0,1782362374.16033,0.0020825862884521484
321608,normal,1680,0,1782362374.162192,0.0018620491027832031
321609,normal,1283,0,1782362374.1643767,0.002184629440307617
321610,normal,2127,0,1782362374.166279,0.0019023418426513672
321611,normal,907,2,1782362374.1683033,0.0020241737365722656
321612,normal,2128,0,1782362374.1703799,0.0020766258239746094
321613,normal,2117,0,1782362374.1725988,0.002218961715698242
321614,normal,2786,0,1782362374.1741557,0.0015568733215332031
321615,normal,650,0,1782362374.1765156,0.0023598670959472656
321616,normal,1708,0,1782362374.1784332,0.0019176006317138672
321617,normal,2150,0,1782362374.1803174,0.0018842220306396484
321618,normal,3413,0,1782362374.1823864,0.0020689964294433594
321619,normal,648,0,1782362374.1844528,0.002066373825073242
321620,normal,2246,0,1782362374.1867955,0.002342700958251953
321621,normal,1157,0,1782362374.188364,0.0015685558319091797
321622,normal,2370,0,1782362374.190387,0.002022981643676758
321623,normal,1701,0,1782362374.1921484,0.0017614364624023438
321624,normal,172,0,1782362374.1948626,0.0027141571044921875
321625,normal,3451,0,1782362374.1967156,0.0018529891967773438
321626,normal,2983,0,1782362374.1985257,0.0018100738525390625
321627,normal,50,0,1782362374.2002125,0.0016868114471435547
321628,normal,2555,0,1782362374.2025595,0.0023469924926757812
321629,normal,336,0,1782362374.2041838,0.0016243457794189453
321630,normal,796,2,1782362374.2064033,0.0022194385528564453
321631,normal,668,0,1782362374.2083147,0.0019114017486572266
321632,normal,2909,0,1782362374.2101698,0.0018551349639892578
321633,normal,1145,0,1782362374.2123148,0.002145051956176758
321634,normal,944,2,1782362374.2146406,0.002325773239135742
321635,normal,2100,0,1782362374.2162209,0.0015802383422851562
321636,normal,313,0,1782362374.218352,0.002131223678588867
321637,normal,1226,0,1782362374.2203636,0.002011537551879883
321638,normal,379,0,1782362374.2222807,0.001917123794555664
321639,normal,2868,0,1782362374.224354,0.0020732879638671875
321640,normal,1488,0,1782362374.2262914,0.0019373893737792969
321641,normal,541,0,1782362374.2282085,0.001917123794555664
321642,normal,3574,0,1782362374.2303565,0.0021479129791259766
321643,normal,598,0,1782362374.2323725,0.0020160675048828125
321644,normal,1812,0,1782362374.234388,0.0020155906677246094
321645,normal,2523,0,1782362374.236734,0.0023458003997802734
321646,normal,3618,0,1782362374.239011,0.0022771358489990234
321647,normal,698,0,1782362374.240268,0.0012569427490234375
321648,normal,40,0,1782362374.2423048,0.0020368099212646484
321649,normal,1588,0,1782362374.2444463,0.0021414756774902344
321650,normal,1657,0,1782362374.2463002,0.00185394287109375
321651,normal,355,0,1782362374.2484632,0.002162933349609375
321652,normal,1044,0,1782362374.2504573,0.0019941329956054688
321653,normal,601,0,1782362374.2524743,0.0020170211791992188
321654,normal,3277,1,1782362374.254514,0.002039670944213867
321655,normal,244,0,1782362374.2563422,0.0018281936645507812
321656,normal,3499,0,1782362374.2584,0.002057790756225586
321657,normal,560,0,1782362374.260946,0.002546072006225586
321658,normal,1626,0,1782362374.2623558,0.001409769058227539
321659,normal,1589,0,1782362374.2641523,0.0017964839935302734
321660,normal,1169,0,1782362374.266248,0.0020956993103027344
321661,normal,696,0,1782362374.2689989,0.002750873565673828
321662,normal,3543,0,1782362374.2701874,0.001188516616821289
321663,normal,1199,0,1782362374.2724078,0.0022203922271728516
321664,normal,1962,0,1782362374.2742903,0.0018825531005859375
321665,normal,2908,0,1782362374.2762883,0.0019979476928710938
321666,normal,490,0,1782362374.2782645,0.0019762516021728516
321667,normal,2586,0,1782362374.2802434,0.0019788742065429688
321668,normal,488,0,1782362374.2821386,0.0018951892852783203
321669,normal,1712,0,1782362374.2842698,0.002131223678588867
321670,normal,1200,0,1782362374.2861786,0.0019087791442871094
321671,normal,2827,0,1782362374.2883399,0.002161264419555664
321672,normal,1829,0,1782362374.290303,0.0019631385803222656
321673,normal,1644,0,1782362374.2923586,0.002055644989013672
321674,normal,2617,0,1782362374.2942672,0.0019085407257080078
321675,normal,2574,0,1782362374.2964668,0.0021996498107910156
321676,normal,3502,0,1782362374.298581,0.0021140575408935547
321677,normal,3596,0,1782362374.3004024,0.0018215179443359375
321678,normal,1373,1,1782362374.3026311,0.0022287368774414062
321679,normal,532,0,1782362374.3043036,0.001672506332397461
321680,normal,380,0,1782362374.3062444,0.0019407272338867188
321681,normal,173,0,1782362374.308377,0.0021326541900634766
321682,normal,2006,0,1782362374.3104753,0.0020983219146728516
321683,normal,2791,0,1782362374.312119,0.0016436576843261719
321684,normal,93,0,1782362374.3142323,0.00211334228515625
321685,normal,1430,0,1782362374.316254,0.0020215511322021484
321686,normal,1337,1,1782362374.3181257,0.0018718242645263672
321687,normal,3552,0,1782362374.3203366,0.002210855484008789
321688,normal,250,0,1782362374.3224714,0.0021347999572753906
321689,normal,2765,0,1782362374.3241048,0.0016334056854248047
321690,normal,2364,0,1782362374.3262036,0.0020987987518310547
321691,normal,2042,0,1782362374.328215,0.0020112991333007812
321692,normal,888,2,1782362374.3301141,0.0018992424011230469
321693,normal,3258,1,1782362374.3322146,0.0021004676818847656
321694,normal,889,2,1782362374.3347883,0.002573728561401367
321695,normal,1368,1,1782362374.3366845,0.0018961429595947266
321696,normal,180,0,1782362374.3383226,0.001638174057006836
321697,normal,3708,0,1782362374.340345,0.002022266387939453
321698,normal,2323,0,1782362374.3422456,0.0019006729125976562
321699,normal,3448,0,1782362374.344325,0.002079486846923828
321700,normal,919,2,1782362374.346301,0.00197601318359375
321701,normal,638,0,1782362374.348195,0.0018939971923828125
321702,normal,1514,0,1782362374.3505614,0.002366304397583008
321703,normal,1597,0,1782362374.3523328,0.0017714500427246094
321704,normal,1384,0,1782362374.3541696,0.0018367767333984375
321705,normal,2488,0,1782362374.3562324,0.0020627975463867188
321706,normal,3632,0,1782362374.3582828,0.0020503997802734375
321707,normal,2535,0,1782362374.3601074,0.0018246173858642578
321708,normal,1950,0,1782362374.3622804,0.0021729469299316406
321709,normal,3676,0,1782362374.3642852,0.002004861831665039
321710,normal,2803,0,1782362374.366199,0.0019137859344482422
321711,normal,3225,1,1782362374.3683004,0.002101421356201172
321712,normal,1552,0,1782362374.3705275,0.0022270679473876953
321713,normal,2994,0,1782362374.3723722,0.001844644546508789
321714,normal,3040,0,1782362374.3749678,0.002595663070678711
321715,normal,140,0,1782362374.3762136,0.001245737075805664
321716,normal,1987,0,1782362374.3785405,0.00232696533203125
321717,normal,2848,0,1782362374.3802516,0.001711130142211914
321718,normal,480,0,1782362374.3824015,0.002149820327758789
321719,normal,202,0,1782362374.384172,0.0017704963684082031
321720,normal,1559,0,1782362374.3864071,0.0022351741790771484
321721,normal,3406,0,1782362374.3882387,0.0018315315246582031
321722,normal,669,0,1782362374.3903716,0.002132892608642578
321723,normal,2603,0,1782362374.3925316,0.0021600723266601562
321724,normal,660,0,1782362374.394227,0.001695394515991211
321725,normal,1915,0,1782362374.396319,0.0020918846130371094
321726,normal,957,2,1782362374.398268,0.0019490718841552734
321727,normal,2480,0,1782362374.4003363,0.0020682811737060547
321728,normal,1922,0,1782362374.402552,0.0022156238555908203
321729,normal,3339,1,1782362374.4042742,0.0017223358154296875
321730,normal,898,2,1782362374.4064512,0.002177000045776367
321731,normal,1033,0,1782362374.408273,0.001821756362915039
321732,normal,2888,0,1782362374.4106364,0.002363443374633789
321733,normal,435,0,1782362374.4125383,0.001901865005493164
321734,normal,1765,0,1782362374.414503,0.0019648075103759766
321735,normal,1123,0,1782362374.4163551,0.0018520355224609375
321736,normal,1990,0,1782362374.4183161,0.0019609928131103516
321737,normal,431,0,1782362374.420237,0.001920938491821289
321738,normal,1676,0,1782362374.4223778,0.0021407604217529297
321739,normal,3528,0,1782362374.4243605,0.0019826889038085938
321740,normal,11,0,1782362374.4272041,0.002843618392944336
321741,normal,2877,0,1782362374.4286869,0.0014827251434326172
321742,normal,3409,0,1782362374.4303117,0.0016248226165771484
321743,normal,1793,0,1782362374.4321952,0.0018835067749023438
321744,normal,3447,0,1782362374.4342983,0.002103090286254883
321745,normal,2248,0,1782362374.4364517,0.0021533966064453125
321746,normal,3322,1,1782362374.438229,0.0017774105072021484
321747,normal,260,0,1782362374.4403095,0.0020804405212402344
321748,normal,3129,1,1782362374.4424703,0.002160787582397461
321749,normal,3665,0,1782362374.4442368,0.0017664432525634766
321750,normal,424,0,1782362374.446272,0.0020351409912109375
321751,normal,2511,0,1782362374.4484527,0.002180814743041992
321752,normal,1752,0,1782362374.4501781,0.0017254352569580078
321753,normal,1318,0,1782362374.4523988,0.002220630645751953
321754,normal,553,0,1782362374.4544592,0.002060413360595703
321755,normal,2395,0,1782362374.4567635,0.0023043155670166016
321756,normal,1379,1,1782362374.458336,0.0015726089477539062
321757,normal,3014,0,1782362374.460394,0.002057790756225586
321758,normal,1053,0,1782362374.4622712,0.0018773078918457031
321759,normal,1492,0,1782362374.4643493,0.0020780563354492188
321760,normal,2269,0,1782362374.4663794,0.0020301342010498047
321761,normal,2881,0,1782362374.4681575,0.0017781257629394531
321762,normal,2932,0,1782362374.470076,0.0019185543060302734
321763,normal,2,0,1782362374.4721177,0.0020415782928466797
321764,normal,816,2,1782362374.4741964,0.0020787715911865234
321765,normal,2781,0,1782362374.4761732,0.0019767284393310547
321766,normal,2137,0,1782362374.4781604,0.0019872188568115234
321767,normal,2497,0,1782362374.4802163,0.0020558834075927734
321768,normal,1297,0,1782362374.4823606,0.002144336700439453
321769,normal,939,2,1782362374.4844356,0.0020749568939208984
321770,normal,2955,0,1782362374.4861639,0.0017282962799072266
321771,normal,3492,0,1782362374.488324,0.0021600723266601562
321772,normal,3442,0,1782362374.4903553,0.0020313262939453125
321773,normal,1606,0,1782362374.4932952,0.002939939498901367
321774,normal,791,2,1782362374.494774,0.0014789104461669922
321775,normal,2005,0,1782362374.4962919,0.0015177726745605469
321776,normal,1755,0,1782362374.4985046,0.0022127628326416016
321777,normal,2232,0,1782362374.5002174,0.001712799072265625
321778,normal,2612,0,1782362374.5023663,0.002148866653442383
321779,normal,34,0,1782362374.5041842,0.001817941665649414
321780,normal,1331,1,1782362374.5063968,0.0022125244140625
321781,normal,402,0,1782362374.508791,0.0023941993713378906
321782,normal,1062,0,1782362374.5102355,0.0014445781707763672
321783,normal,1999,0,1782362374.512152,0.0019164085388183594
321784,normal,1041,0,1782362374.514439,0.002287149429321289
321785,normal,846,2,1782362374.516187,0.0017478466033935547
321786,normal,3668,0,1782362374.5182724,0.002085447311401367
321787,normal,758,0,1782362374.5202994,0.0020270347595214844
321788,normal,3057,1,1782362374.5221972,0.0018978118896484375
321789,normal,958,2,1782362374.5246089,0.0024116039276123047
321790,normal,2513,0,1782362374.5263476,0.0017387866973876953
321791,normal,3690,0,1782362374.5284522,0.002104520797729492
321792,normal,384,0,1782362374.5301857,0.001733541488647461
321793,normal,797,2,1782362374.5322766,0.002090930938720703
321794,normal,1175,0,1782362374.534187,0.0019104480743408203
321795,normal,1018,2,1782362374.5363188,0.0021317005157470703
321796,normal,2838,0,1782362374.5383997,0.0020809173583984375
321797,normal,2704,0,1782362374.5401556,0.0017559528350830078
321798,normal,2541,0,1782362374.5423045,0.002148866653442383
321799,normal,3414,0,1782362374.5448477,0.002543210983276367
321800,normal,249,0,1782362374.546178,0.0013303756713867188
321801,normal,861,2,1782362374.548427,0.002249002456665039
321802,normal,756,0,1782362374.5503385,0.0019114017486572266
321803,normal,43,0,1782362374.5522761,0.0019376277923583984
321804,normal,3033,0,1782362374.554399,0.0021228790283203125
321805,normal,1427,0,1782362374.5562406,0.0018415451049804688
321806,normal,1919,0,1782362374.5581725,0.001931905746459961
321807,normal,1777,0,1782362374.5603437,0.0021712779998779297
321808,normal,3306,1,1782362374.5622272,0.0018835067749023438
321809,normal,665,0,1782362374.5641718,0.0019445419311523438
321810,normal,1571,0,1782362374.566421,0.0022492408752441406
321811,normal,3570,0,1782362374.5684671,0.0020461082458496094
321812,normal,3545,0,1782362374.5703597,0.0018925666809082031
321813,normal,228,0,1782362374.5725548,0.002195119857788086
321814,normal,2832,0,1782362374.5745053,0.0019505023956298828
321815,normal,2432,0,1782362374.5764542,0.0019488334655761719
321816,normal,223,0,1782362374.5783374,0.0018832683563232422
321817,normal,1522,0,1782362374.580805,0.002467632293701172
321818,normal,316,0,1782362374.5826266,0.0018215179443359375
321819,normal,59,0,1782362374.5846,0.001973390579223633
321820,normal,575,0,1782362374.5863543,0.0017542839050292969
321821,normal,3693,0,1782362374.5888882,0.0025339126586914062
321822,normal,284,0,1782362374.59077,0.0018818378448486328
321823,normal,1355,1,1782362374.5925176,0.0017476081848144531
321824,normal,3010,0,1782362374.594334,0.0018162727355957031
321825,normal,878,2,1782362374.5962534,0.0019195079803466797
321826,normal,2444,0,1782362374.5983717,0.002118349075317383
321827,normal,2772,0,1782362374.6001465,0.0017747879028320312
321828,normal,183,0,1782362374.602407,0.002260446548461914
321829,normal,1662,0,1782362374.604428,0.0020210742950439453
321830,normal,571,0,1782362374.6061983,0.0017702579498291016
321831,normal,616,0,1782362374.60839,0.002191781997680664
321832,normal,3369,1,1782362374.6102653,0.001875162124633789
321833,normal,1326,1,1782362374.612324,0.002058744430541992
321834,normal,2182,0,1782362374.6143444,0.0020203590393066406
321835,normal,3408,0,1782362374.6167698,0.0024254322052001953
321836,normal,440,0,1782362374.6187065,0.0019366741180419922
321837,normal,2707,0,1782362374.6202703,0.0015637874603271484
321838,normal,1296,0,1782362374.6224935,0.0022232532501220703
321839,normal,3044,0,1782362374.6243749,0.0018813610076904297
321840,normal,2289,0,1782362374.6263301,0.001955270767211914
321841,normal,1502,0,1782362374.6283045,0.001974344253540039
321842,normal,2728,0,1782362374.6301472,0.0018427371978759766
321843,normal,1933,0,1782362374.632433,0.0022857189178466797
321844,normal,692,0,1782362374.634604,0.002171039581298828
321845,normal,2669,0,1782362374.6364043,0.0018002986907958984
321846,normal,962,2,1782362374.638409,0.0020046234130859375
321847,normal,3304,1,1782362374.6403196,0.0019106864929199219
321848,normal,2934,0,1782362374.6422074,0.0018877983093261719
321849,normal,3062,1,1782362374.6444547,0.002247333526611328
321850,normal,1160,0,1782362374.646382,0.0019273757934570312
321851,normal,1527,0,1782362374.6481707,0.0017886161804199219
321852,normal,1167,0,1782362410.8835018,0.0
321853,normal,3528,0,1782362410.885498,0.001996278762817383
321854,normal,3527,0,1782362410.8875418,0.0020437240600585938
321855,normal,2385,0,1782362410.889493,0.0019512176513671875
321856,normal,688,0,1782362410.8915024,0.0020093917846679688
321857,normal,2293,0,1782362410.8936327,0.002130270004272461
321858,normal,921,2,1782362410.8956578,0.002025127410888672
321859,normal,2524,0,1782362410.8976789,0.0020210742950439453
321860,normal,1764,0,1782362410.899889,0.0022101402282714844
321861,normal,2154,0,1782362410.9015079,0.0016188621520996094
321862,normal,2808,0,1782362410.9038963,0.002388477325439453
321863,normal,2844,0,1782362410.9057376,0.0018413066864013672
321864,normal,3298,1,1782362410.9077542,0.0020165443420410156
321865,normal,1535,0,1782362410.9097767,0.0020225048065185547
321866,normal,2328,0,1782362410.912049,0.002272367477416992
321867,normal,741,0,1782362410.913632,0.0015828609466552734
321868,normal,2105,0,1782362410.9158447,0.0022127628326416016
321869,normal,692,0,1782362410.917884,0.0020394325256347656
321870,normal,544,0,1782362410.919565,0.0016808509826660156
321871,normal,1829,0,1782362410.9218857,0.0023207664489746094
321872,normal,1235,0,1782362410.9236336,0.0017478466033935547
321873,normal,2871,0,1782362410.925751,0.0021173954010009766
321874,normal,3283,1,1782362410.9275382,0.0017871856689453125
321875,normal,746,0,1782362410.929776,0.0022377967834472656
321876,normal,2367,0,1782362410.9315302,0.0017542839050292969
321877,normal,3312,1,1782362410.933736,0.0022058486938476562
321878,normal,964,2,1782362410.9356844,0.0019483566284179688
321879,normal,3079,1,1782362410.9375331,0.0018486976623535156
321880,normal,3303,1,1782362410.9398804,0.002347230911254883
321881,normal,250,0,1782362410.9418097,0.0019292831420898438
321882,normal,3411,0,1782362410.9435532,0.0017435550689697266
321883,normal,1931,0,1782362410.9455602,0.002007007598876953
321884,normal,2846,0,1782362410.947715,0.002154827117919922
321885,normal,3661,0,1782362410.9495473,0.0018322467803955078
321886,normal,3628,0,1782362410.951561,0.002013683319091797
321887,normal,2939,0,1782362410.9537094,0.0021483898162841797
321888,normal,1404,0,1782362410.9555883,0.001878976821899414
321889,normal,2491,0,1782362410.9575622,0.001973867416381836
321890,normal,3178,1,1782362410.9597292,0.0021669864654541016
321891,normal,3351,1,1782362410.9615183,0.001789093017578125
321892,normal,681,0,1782362410.9636483,0.0021300315856933594
321893,normal,1697,0,1782362410.9657457,0.0020973682403564453
321894,normal,523,0,1782362410.9675221,0.0017764568328857422
321895,normal,43,0,1782362410.969748,0.0022258758544921875
321896,normal,1047,0,1782362410.9719355,0.002187490463256836
321897,normal,872,2,1782362410.9735758,0.00164031982421875
321898,normal,1323,1,1782362410.9759433,0.0023674964904785156
321899,normal,2149,0,1782362410.977747,0.0018036365509033203
321900,normal,2994,0,1782362410.9795723,0.0018253326416015625
321901,normal,1470,0,1782362410.9819052,0.002332925796508789
321902,normal,288,0,1782362410.9837666,0.0018613338470458984
321903,normal,20,0,1782362410.985705,0.0019383430480957031
321904,normal,2882,0,1782362410.9877577,0.002052783966064453
321905,normal,1063,0,1782362410.9899073,0.0021495819091796875
321906,normal,533,0,1782362410.9915705,0.0016632080078125
321907,normal,1856,0,1782362410.9937673,0.002196788787841797
321908,normal,260,0,1782362410.9957328,0.0019655227661132812
321909,normal,1477,0,1782362410.997569,0.0018362998962402344
321910,normal,1375,1,1782362410.9997578,0.0021886825561523438
321911,normal,3702,0,1782362411.0018685,0.002110719680786133
321912,normal,568,0,1782362411.003543,0.0016744136810302734
321913,normal,1367,1,1782362411.0057306,0.0021877288818359375
321914,normal,1651,0,1782362411.0077372,0.00200653076171875
321915,normal,3207,1,1782362411.0095437,0.001806497573852539
321916,normal,3117,1,1782362411.011738,0.0021944046020507812
321917,normal,1548,0,1782362411.0137398,0.0020017623901367188
321918,normal,3009,0,1782362411.0155394,0.0017995834350585938
321919,normal,1855,0,1782362411.0177429,0.0022034645080566406
321920,normal,1841,0,1782362411.0197365,0.0019936561584472656
321921,normal,2283,0,1782362411.0215461,0.0018095970153808594
321922,normal,2289,0,1782362411.023695,0.002148866653442383
321923,normal,2956,0,1782362411.025727,0.002032041549682617
321924,normal,2402,0,1782362411.0275145,0.001787424087524414
321925,normal,3296,1,1782362411.0297651,0.00225067138671875
321926,normal,385,0,1782362411.0317206,0.0019555091857910156
321927,normal,3146,1,1782362411.0335402,0.001819610595703125
321928,normal,2686,0,1782362411.0358331,0.0022928714752197266
321929,normal,751,0,1782362411.0377574,0.001924276351928711
321930,normal,634,0,1782362411.039642,0.0018846988677978516
321931,normal,2487,0,1782362411.0416038,0.0019617080688476562
321932,normal,838,2,1782362411.043677,0.0020732879638671875
321933,normal,2336,0,1782362411.0455358,0.0018587112426757812
321934,normal,1444,0,1782362411.047775,0.002239227294921875
321935,normal,1494,0,1782362411.0497508,0.0019757747650146484
321936,normal,1263,0,1782362411.0515413,0.0017905235290527344
321937,normal,2309,0,1782362411.0539114,0.002370119094848633
321938,normal,606,0,1782362411.0555499,0.0016384124755859375
321939,normal,1510,0,1782362411.0577438,0.002193927764892578
321940,normal,2522,0,1782362411.0595362,0.0017924308776855469
321941,normal,1306,0,1782362411.0617464,0.0022101402282714844
321942,normal,3005,0,1782362411.0635264,0.0017800331115722656
321943,normal,1009,2,1782362411.0657434,0.0022170543670654297
321944,normal,2014,0,1782362411.0675514,0.0018079280853271484
321945,normal,151,0,1782362411.069628,0.0020766258239746094
321946,normal,3604,0,1782362411.0717206,0.002092599868774414
321947,normal,3134,1,1782362411.073727,0.0020062923431396484
321948,normal,1934,0,1782362411.0755215,0.001794576644897461
321949,normal,1031,0,1782362411.0777497,0.002228260040283203
321950,normal,3687,0,1782362411.0797215,0.001971721649169922
321951,normal,993,2,1782362411.0815187,0.0017971992492675781
321952,normal,2273,0,1782362411.083865,0.0023462772369384766
321953,normal,128,0,1782362411.0855181,0.0016531944274902344
321954,normal,899,2,1782362411.0878267,0.0023086071014404297
321955,normal,3493,0,1782362411.0897262,0.0018994808197021484
321956,normal,61,0,1782362411.0915618,0.0018355846405029297
321957,normal,2870,0,1782362411.0937402,0.0021784305572509766
321958,normal,3205,1,1782362411.0955257,0.0017855167388916016
321959,normal,1093,0,1782362411.0977395,0.002213716506958008
321960,normal,1924,0,1782362411.09953,0.0017905235290527344
321961,normal,1269,0,1782362411.101798,0.002268075942993164
321962,normal,2629,0,1782362411.1035407,0.0017426013946533203
321963,normal,3120,1,1782362411.105726,0.002185344696044922
321964,normal,454,0,1782362411.107535,0.0018088817596435547
321965,normal,42,0,1782362411.1097295,0.002194643020629883
321966,normal,1738,0,1782362411.1115222,0.0017926692962646484
321967,normal,2723,0,1782362411.1137223,0.0022001266479492188
321968,normal,1549,0,1782362411.115743,0.002020597457885742
321969,normal,2073,0,1782362411.1175725,0.0018296241760253906
321970,normal,1533,0,1782362411.1198182,0.002245664596557617
321971,normal,2349,0,1782362411.1215441,0.001725912094116211
321972,normal,3233,1,1782362411.123742,0.0021979808807373047
321973,normal,2942,0,1782362411.1255276,0.0017855167388916016
321974,normal,198,0,1782362411.127747,0.0022194385528564453
321975,normal,238,0,1782362411.1295247,0.00177764892578125
321976,normal,3274,1,1782362411.1317506,0.0022258758544921875
321977,normal,481,0,1782362411.1334867,0.0017361640930175781
321978,normal,3165,1,1782362411.1357365,0.0022497177124023438
321979,normal,2969,0,1782362411.1374588,0.0017223358154296875
321980,normal,1778,0,1782362411.139737,0.0022780895233154297
321981,normal,2671,0,1782362411.1415234,0.0017864704132080078
321982,normal,3059,1,1782362411.143734,0.0022106170654296875
321983,normal,2786,0,1782362411.1457336,0.0019996166229248047
321984,normal,2647,0,1782362411.147522,0.0017883777618408203
321985,normal,1547,0,1782362411.149617,0.0020949840545654297
321986,normal,1911,0,1782362411.1518176,0.002200603485107422
321987,normal,194,0,1782362411.153523,0.0017054080963134766
321988,normal,2007,0,1782362411.1557379,0.0022149085998535156
321989,normal,2921,0,1782362411.1577425,0.0020046234130859375
321990,normal,3657,0,1782362411.1595244,0.0017819404602050781
321991,normal,3145,1,1782362411.1617339,0.0022094249725341797
321992,normal,1683,0,1782362411.1635423,0.0018084049224853516
321993,normal,3195,1,1782362411.1655986,0.0020563602447509766
321994,normal,553,0,1782362411.167813,0.0022144317626953125
321995,normal,2121,0,1782362411.169547,0.001734018325805664
321996,normal,2792,0,1782362411.1716206,0.002073526382446289
321997,normal,333,0,1782362411.1737216,0.0021009445190429688
321998,normal,2221,0,1782362411.1757464,0.0020248889923095703
321999,normal,1592,0,1782362411.177533,0.0017864704132080078
322000,normal,230,0,1782362411.1797328,0.002199888229370117
322001,normal,1754,0,1782362411.1816056,0.0018727779388427734
322002,normal,1029,2,1782362411.1838262,0.002220630645751953
322003,normal,1423,0,1782362411.1855254,0.001699209213256836
322004,normal,3470,0,1782362411.1877017,0.0021762847900390625
322005,normal,2375,0,1782362411.189736,0.0020341873168945312
322006,normal,200,0,1782362411.1915286,0.0017926692962646484
322007,normal,3419,0,1782362411.1937315,0.0022029876708984375
322008,normal,652,0,1782362411.1955233,0.0017917156219482422
322009,normal,1885,0,1782362411.1976566,0.0021333694458007812
322010,normal,1806,0,1782362411.1998243,0.0021677017211914062
322011,normal,535,0,1782362411.201522,0.0016977787017822266
322012,normal,2946,0,1782362411.2036924,0.0021703243255615234
322013,normal,680,0,1782362411.2057543,0.0020618438720703125
322014,normal,320,0,1782362411.2075126,0.0017583370208740234
322015,normal,2076,0,1782362411.2097278,0.002215147018432617
322016,normal,317,0,1782362411.2115257,0.0017979145050048828
322017,normal,2624,0,1782362411.2136455,0.002119779586791992
322018,normal,2857,0,1782362411.2158148,0.002169370651245117
322019,normal,644,0,1782362411.2175508,0.0017359256744384766
322020,normal,547,0,1782362411.2196229,0.0020720958709716797
322021,normal,1529,0,1782362411.2217362,0.00211334228515625
322022,normal,109,0,1782362411.2237437,0.0020074844360351562
322023,normal,2500,0,1782362411.2255325,0.0017888545989990234
322024,normal,1170,0,1782362411.2277389,0.0022063255310058594
322025,normal,2892,0,1782362411.2296066,0.0018677711486816406
322026,normal,16,0,1782362411.2315145,0.0019078254699707031
322027,normal,1240,0,1782362411.233732,0.002217531204223633
322028,normal,31,0,1782362411.2355437,0.0018117427825927734
322029,normal,883,2,1782362411.2377274,0.002183675765991211
322030,normal,1939,0,1782362411.239529,0.0018014907836914062
322031,normal,277,0,1782362411.241736,0.002207040786743164
322032,normal,270,0,1782362411.2435234,0.001787424087524414
322033,normal,846,2,1782362411.2456374,0.0021140575408935547
322034,normal,714,0,1782362411.2477443,0.002106904983520508
322035,normal,1206,0,1782362411.2495234,0.0017790794372558594
322036,normal,3662,0,1782362411.2517376,0.002214193344116211
322037,normal,3341,1,1782362411.2535417,0.0018041133880615234
322038,normal,1351,1,1782362411.2557793,0.002237558364868164
322039,normal,10,0,1782362411.257531,0.0017516613006591797
322040,normal,1216,0,1782362411.2597454,0.0022144317626953125
322041,normal,478,0,1782362411.2615738,0.0018284320831298828
322042,normal,2660,0,1782362411.263744,0.0021703243255615234
322043,normal,997,2,1782362411.265715,0.0019707679748535156
322044,normal,177,0,1782362411.267522,0.0018072128295898438
322045,normal,132,0,1782362411.2697163,0.0021941661834716797
322046,normal,1708,0,1782362411.2717638,0.0020475387573242188
322047,normal,1747,0,1782362411.2735102,0.0017464160919189453
322048,normal,2310,0,1782362411.275746,0.002235889434814453
322049,normal,1974,0,1782362411.2775936,0.0018475055694580078
322050,normal,625,0,1782362411.279745,0.0021514892578125
322051,normal,400,0,1782362411.2816298,0.0018846988677978516
322052,normal,3231,1,1782362411.2837372,0.002107381820678711
322053,normal,2768,0,1782362411.2855852,0.001847982406616211
322054,normal,3677,0,1782362411.2877567,0.0021715164184570312
322055,normal,3521,0,1782362411.2895226,0.0017659664154052734
322056,normal,2013,0,1782362411.2917573,0.0022346973419189453
322057,normal,1322,1,1782362411.293594,0.001836538314819336
322058,normal,3691,0,1782362411.2955022,0.0019083023071289062
322059,normal,1871,0,1782362411.2974927,0.0019905567169189453
322060,normal,1359,1,1782362411.2994902,0.0019974708557128906
322061,normal,2574,0,1782362411.3015635,0.0020732879638671875
322062,normal,912,2,1782362411.3035014,0.0019378662109375
322063,normal,2262,0,1782362411.305515,0.002013683319091797
322064,normal,457,0,1782362411.3075595,0.0020444393157958984
322065,normal,906,2,1782362411.3094988,0.0019392967224121094
322066,normal,1798,0,1782362411.3115106,0.0020117759704589844
322067,normal,3135,1,1782362411.3135457,0.0020351409912109375
322068,normal,305,0,1782362411.3154979,0.0019521713256835938
322069,normal,3659,0,1782362411.3175108,0.002012968063354492
322070,normal,1062,0,1782362411.3195622,0.0020513534545898438
322071,normal,2799,0,1782362411.3215065,0.0019443035125732422
322072,normal,1749,0,1782362411.323513,0.00200653076171875
322073,normal,2941,0,1782362411.325744,0.0022308826446533203
322074,normal,2252,0,1782362411.3275416,0.0017976760864257812
322075,normal,1981,0,1782362411.329803,0.0022614002227783203
322076,normal,152,0,1782362411.3315544,0.0017514228820800781
322077,normal,929,2,1782362411.3335297,0.0019752979278564453
322078,normal,898,2,1782362411.3357277,0.0021979808807373047
322079,normal,1498,0,1782362411.3375442,0.0018165111541748047
322080,normal,3061,1,1782362411.339726,0.0021817684173583984
322081,normal,2730,0,1782362411.3415484,0.0018224716186523438
322082,normal,216,0,1782362411.3437376,0.002189159393310547
322083,normal,2376,0,1782362411.345533,0.0017952919006347656
322084,normal,3412,0,1782362411.3477285,0.002195596694946289
322085,normal,369,0,1782362411.349513,0.0017845630645751953
322086,normal,1478,0,1782362411.3514857,0.001972675323486328
322087,normal,2048,0,1782362411.3534844,0.0019986629486083984
322088,normal,753,0,1782362411.3555388,0.002054452896118164
322089,normal,560,0,1782362411.357439,0.0019001960754394531
322090,normal,1455,0,1782362411.3595314,0.0020923614501953125
322091,normal,2576,0,1782362411.3617656,0.002234220504760742
322092,normal,2983,0,1782362411.3635352,0.0017695426940917969
322093,normal,2670,0,1782362411.3657622,0.0022270679473876953
322094,normal,452,0,1782362411.3675437,0.001781463623046875
322095,normal,3154,1,1782362411.3697295,0.002185821533203125
322096,normal,3345,1,1782362411.3715413,0.0018117427825927734
322097,normal,3324,1,1782362411.3737376,0.0021963119506835938
322098,normal,1571,0,1782362411.3755348,0.0017971992492675781
322099,normal,1211,0,1782362411.37773,0.002195119857788086
322100,normal,3632,0,1782362411.379736,0.002006053924560547
322101,normal,86,0,1782362411.381535,0.0017991065979003906
322102,normal,926,2,1782362411.3837292,0.0021941661834716797
322103,normal,311,0,1782362411.38573,0.0020008087158203125
322104,normal,2269,0,1782362411.3875217,0.0017917156219482422
322105,normal,3229,1,1782362411.3895855,0.002063751220703125
322106,normal,2680,0,1782362411.391738,0.0021524429321289062
322107,normal,1926,0,1782362411.3935223,0.0017843246459960938
322108,normal,1780,0,1782362411.3956916,0.002169370651245117
322109,normal,98,0,1782362411.397739,0.002047300338745117
322110,normal,594,0,1782362411.3995285,0.0017895698547363281
322111,normal,11,0,1782362411.401542,0.0020134449005126953
322112,normal,2528,0,1782362411.4037333,0.002191305160522461
322113,normal,1309,0,1782362411.4055557,0.0018224716186523438
322114,normal,1259,0,1782362411.4077394,0.002183675765991211
322115,normal,307,0,1782362411.4095633,0.0018239021301269531
322116,normal,589,0,1782362411.411617,0.0020537376403808594
322117,normal,2684,0,1782362411.413721,0.002104043960571289
322118,normal,549,0,1782362411.4155345,0.0018134117126464844
322119,normal,877,2,1782362411.4177134,0.0021789073944091797
322120,normal,3348,1,1782362411.4195404,0.0018270015716552734
322121,normal,1212,0,1782362411.421806,0.0022656917572021484
322122,normal,3089,1,1782362411.4235528,0.0017466545104980469
322123,normal,2536,0,1782362411.4257388,0.0021860599517822266
322124,normal,2950,0,1782362411.4275823,0.0018434524536132812
322125,normal,1426,0,1782362411.4297416,0.0021593570709228516
322126,normal,3270,1,1782362411.4315374,0.0017957687377929688
322127,normal,713,0,1782362411.4337335,0.002196073532104492
322128,normal,2165,0,1782362411.4355204,0.001786947250366211
322129,normal,491,0,1782362411.437822,0.0023016929626464844
322130,normal,1777,0,1782362411.4395545,0.0017323493957519531
322131,normal,1650,0,1782362411.441612,0.0020575523376464844
322132,normal,2847,0,1782362411.443645,0.0020329952239990234
322133,normal,641,0,1782362411.4457378,0.0020928382873535156
322134,normal,532,0,1782362411.4475245,0.0017867088317871094
322135,normal,1985,0,1782362411.4497359,0.002211332321166992
322136,normal,1702,0,1782362411.4515507,0.0018148422241210938
322137,normal,621,0,1782362411.4538133,0.002262592315673828
322138,normal,1356,1,1782362411.455539,0.0017256736755371094
322139,normal,3330,1,1782362411.4577413,0.002202272415161133
322140,normal,2617,0,1782362411.459571,0.0018296241760253906
322141,normal,821,2,1782362411.4617324,0.0021615028381347656
322142,normal,1144,0,1782362411.4635475,0.0018150806427001953
322143,normal,1189,0,1782362411.4657543,0.0022068023681640625
322144,normal,1293,0,1782362411.4675398,0.0017855167388916016
322145,normal,859,2,1782362411.4698231,0.002283334732055664
322146,normal,1130,0,1782362411.4715188,0.0016956329345703125
322147,normal,215,0,1782362411.4737425,0.0022237300872802734
322148,normal,556,0,1782362411.475703,0.0019605159759521484
322149,normal,1757,0,1782362411.4777348,0.0020318031311035156
322150,normal,2961,0,1782362411.4795406,0.0018057823181152344
322151,normal,2233,0,1782362411.4817455,0.00220489501953125
322152,normal,835,2,1782362411.483534,0.0017886161804199219
322153,normal,1234,0,1782362411.485812,0.002277851104736328
322154,normal,344,0,1782362411.4875553,0.001743316650390625
322155,normal,2259,0,1782362411.4897578,0.0022025108337402344
322156,normal,91,0,1782362411.4915836,0.0018258094787597656
322157,normal,2879,0,1782362411.4937375,0.0021538734436035156
322158,normal,1929,0,1782362411.4955335,0.0017960071563720703
322159,normal,1109,0,1782362411.4977512,0.0022177696228027344
322160,normal,172,0,1782362411.4995704,0.0018191337585449219
322161,normal,1058,0,1782362411.5018167,0.002246379852294922
322162,normal,1476,0,1782362411.5035489,0.0017321109771728516
322163,normal,2180,0,1782362411.505733,0.002184152603149414
322164,normal,2099,0,1782362411.5075772,0.001844167709350586
322165,normal,73,0,1782362411.509739,0.002161741256713867
322166,normal,3280,1,1782362411.5115578,0.0018188953399658203
322167,normal,2692,0,1782362411.5137396,0.0021817684173583984
322168,normal,2344,0,1782362411.5155404,0.0018007755279541016
322169,normal,1769,0,1782362411.5177338,0.002193450927734375
322170,normal,2373,0,1782362411.5197148,0.001981019973754883
322171,normal,3083,1,1782362411.5215418,0.0018270015716552734
322172,normal,6,0,1782362411.52375,0.002208232879638672
322173,normal,2159,0,1782362411.5255275,0.0017774105072021484
322174,normal,3259,1,1782362411.5277386,0.0022110939025878906
322175,normal,2839,0,1782362411.5297828,0.002044200897216797
322176,normal,3558,0,1782362411.5315342,0.0017514228820800781
322177,normal,2175,0,1782362411.5337355,0.0022013187408447266
322178,normal,638,0,1782362411.5357358,0.0020003318786621094
322179,normal,3258,1,1782362411.5375333,0.0017974376678466797
322180,normal,1349,1,1782362411.5397475,0.002214193344116211
322181,normal,2553,0,1782362411.5417502,0.002002716064453125
322182,normal,2873,0,1782362411.5435324,0.0017821788787841797
322183,normal,664,0,1782362411.545739,0.002206563949584961
322184,normal,2828,0,1782362411.547732,0.0019931793212890625
322185,normal,2558,0,1782362411.5495317,0.0017995834350585938
322186,normal,587,0,1782362411.551731,0.002199411392211914
322187,normal,3686,0,1782362411.5535367,0.0018055438995361328
322188,normal,3580,0,1782362411.5557382,0.002201557159423828
322189,normal,3618,0,1782362411.5575364,0.0017981529235839844
322190,normal,1923,0,1782362411.559733,0.0021965503692626953
322191,normal,3525,0,1782362411.5615325,0.0017995834350585938
322192,normal,610,0,1782362411.563733,0.002200603485107422
322193,normal,3162,1,1782362411.5657408,0.002007722854614258
322194,normal,2690,0,1782362411.5675366,0.0017957687377929688
322195,normal,1857,0,1782362411.5697474,0.002210855484008789
322196,normal,3406,0,1782362411.5717347,0.0019872188568115234
322197,normal,1768,0,1782362411.5735304,0.0017957687377929688
322198,normal,3226,1,1782362411.575728,0.0021975040435791016
322199,normal,3503,0,1782362411.5777326,0.0020046234130859375
322200,normal,1960,0,1782362411.5795312,0.0017986297607421875
322201,normal,1727,0,1782362411.5817373,0.002206087112426758
322202,normal,1794,0,1782362411.5837374,0.002000093460083008
322203,normal,901,2,1782362411.5855339,0.0017964839935302734
322204,normal,2003,0,1782362411.587643,0.002109050750732422
322205,normal,1339,1,1782362411.5897617,0.002118825912475586
322206,normal,2168,0,1782362411.5917234,0.0019617080688476562
322207,normal,411,0,1782362411.59354,0.0018165111541748047
322208,normal,656,0,1782362411.595748,0.0022079944610595703
322209,normal,3367,1,1782362411.597531,0.001783132553100586
322210,normal,2625,0,1782362411.5997488,0.0022177696228027344
322211,normal,2282,0,1782362411.6017382,0.0019893646240234375
322212,normal,727,0,1782362411.6035898,0.0018515586853027344
322213,normal,690,0,1782362411.6057475,0.0021576881408691406
322214,normal,437,0,1782362411.6077485,0.002001047134399414
322215,normal,2693,0,1782362411.6095388,0.0017902851104736328
322216,normal,435,0,1782362411.6117458,0.002207040786743164
322217,normal,3175,1,1782362411.613729,0.001983165740966797
322218,normal,3629,0,1782362411.6155334,0.001804351806640625
322219,normal,2431,0,1782362411.6177487,0.0022153854370117188
322220,normal,1756,0,1782362411.6196241,0.0018754005432128906
322221,normal,1980,0,1782362411.621734,0.0021097660064697266
322222,normal,1442,0,1782362411.6237447,0.002010822296142578
322223,normal,2935,0,1782362411.6255276,0.0017828941345214844
322224,normal,3560,0,1782362411.6277463,0.0022187232971191406
322225,normal,1139,0,1782362411.6295426,0.0017962455749511719
322226,normal,617,0,1782362411.6317515,0.0022089481353759766
322227,normal,3340,1,1782362411.6335309,0.001779317855834961
322228,normal,2036,0,1782362411.6356897,0.0021588802337646484
322229,normal,1285,0,1782362411.6377401,0.0020503997802734375
322230,normal,1150,0,1782362411.6397123,0.001972198486328125
322231,normal,2434,0,1782362411.6415422,0.0018298625946044922
322232,normal,2788,0,1782362411.643745,0.002202749252319336
322233,normal,842,2,1782362411.645535,0.0017900466918945312
322234,normal,2634,0,1782362411.64775,0.0022149085998535156
322235,normal,715,0,1782362411.649736,0.0019860267639160156
322236,normal,2363,0,1782362411.6515903,0.0018544197082519531
322237,normal,857,2,1782362411.6537461,0.002155780792236328
322238,normal,1429,0,1782362411.655826,0.0020799636840820312
322239,normal,1365,1,1782362411.6575258,0.001699686050415039
322240,normal,1600,0,1782362411.6597438,0.002218008041381836
322241,normal,196,0,1782362411.6617327,0.0019888877868652344
322242,normal,1943,0,1782362411.6635303,0.0017976760864257812
322243,normal,2906,0,1782362411.6657317,0.0022013187408447266
322244,normal,620,0,1782362411.6677346,0.0020029544830322266
322245,normal,2111,0,1782362411.6696098,0.001875162124633789
322246,normal,3302,1,1782362411.6718328,0.0022230148315429688
322247,normal,2112,0,1782362411.6735659,0.0017330646514892578
322248,normal,931,2,1782362411.6757386,0.002172708511352539
322249,normal,3090,1,1782362411.6775513,0.0018126964569091797
322250,normal,987,2,1782362411.679742,0.002190828323364258
322251,normal,1395,0,1782362411.6815326,0.0017905235290527344
322252,normal,490,0,1782362411.6837504,0.0022177696228027344
322253,normal,631,0,1782362411.6856298,0.0018794536590576172
322254,normal,2851,0,1782362411.6878533,0.002223491668701172
322255,normal,1906,0,1782362411.6895483,0.0016949176788330078
322256,normal,2498,0,1782362411.691736,0.0021877288818359375
322257,normal,575,0,1782362411.6935372,0.0018012523651123047
322258,normal,442,0,1782362411.6957545,0.0022172927856445312
322259,normal,2123,0,1782362411.6977305,0.00197601318359375
322260,normal,2927,0,1782362411.6995385,0.0018079280853271484
322261,normal,548,0,1782362411.701657,0.0021185874938964844
322262,normal,1341,1,1782362411.703825,0.002167940139770508
322263,normal,3099,1,1782362411.705533,0.0017080307006835938
322264,normal,1287,0,1782362411.7077522,0.0022192001342773438
322265,normal,2835,0,1782362411.7097325,0.001980304718017578
322266,normal,434,0,1782362411.7115371,0.0018045902252197266
322267,normal,757,0,1782362411.713753,0.002215862274169922
322268,normal,211,0,1782362411.7157416,0.001988649368286133
322269,normal,2642,0,1782362411.7176065,0.0018649101257324219
322270,normal,290,0,1782362411.7197514,0.0021448135375976562
322271,normal,668,0,1782362411.7218235,0.0020720958709716797
322272,normal,721,0,1782362411.723535,0.0017116069793701172
322273,normal,2612,0,1782362411.7257524,0.0022172927856445312
322274,normal,428,0,1782362411.7277348,0.001982450485229492
322275,normal,1947,0,1782362411.7295501,0.0018153190612792969
322276,normal,893,2,1782362411.731534,0.0019838809967041016
322277,normal,2540,0,1782362411.7337384,0.002204418182373047
322278,normal,1930,0,1782362411.7355752,0.0018367767333984375
322279,normal,337,0,1782362411.7377439,0.0021686553955078125
322280,normal,3269,1,1782362411.7398245,0.002080678939819336
322281,normal,2948,0,1782362411.7415347,0.0017101764678955078
322282,normal,2796,0,1782362411.7437444,0.0022096633911132812
322283,normal,2836,0,1782362411.745733,0.001988649368286133
322284,normal,798,2,1782362411.7475376,0.0018045902252197266
322285,normal,2440,0,1782362411.749755,0.0022172927856445312
322286,normal,1759,0,1782362411.7517455,0.0019905567169189453
322287,normal,530,0,1782362411.75357,0.0018246173858642578
322288,normal,3108,1,1782362411.7557464,0.0021762847900390625
322289,normal,3149,1,1782362411.7578256,0.0020792484283447266
322290,normal,2793,0,1782362411.7595286,0.001703023910522461
322291,normal,2552,0,1782362411.7617428,0.002214193344116211
322292,normal,565,0,1782362411.7637386,0.0019958019256591797
322293,normal,3032,0,1782362411.7655332,0.001794576644897461
322294,normal,1883,0,1782362411.7677448,0.0022115707397460938
322295,normal,417,0,1782362411.769733,0.0019881725311279297
322296,normal,2306,0,1782362411.7716045,0.0018715858459472656
322297,normal,1249,0,1782362411.7737553,0.0021507740020751953
322298,normal,2820,0,1782362411.7758238,0.0020685195922851562
322299,normal,3696,0,1782362411.7775342,0.0017104148864746094
322300,normal,71,0,1782362411.7797368,0.0022025108337402344
322301,normal,983,2,1782362411.7817357,0.0019989013671875
322302,normal,2823,0,1782362411.783548,0.0018124580383300781
322303,normal,36,0,1782362411.7857404,0.002192258834838867
322304,normal,2390,0,1782362411.78773,0.001989603042602539
322305,normal,1830,0,1782362411.7896092,0.0018792152404785156
322306,normal,1077,0,1782362411.791741,0.0021317005157470703
322307,normal,2896,0,1782362411.793826,0.0020852088928222656
322308,normal,1793,0,1782362411.795529,0.0017027854919433594
322309,normal,184,0,1782362411.7977462,0.0022172927856445312
322310,normal,3130,1,1782362411.7997317,0.0019855499267578125
322311,normal,1461,0,1782362411.801543,0.0018112659454345703
322312,normal,761,0,1782362411.8037448,0.0022017955780029297
322313,normal,2148,0,1782362411.8057303,0.0019855499267578125
322314,normal,1805,0,1782362411.8075886,0.0018582344055175781
322315,normal,2191,0,1782362411.8097498,0.002161264419555664
322316,normal,3534,0,1782362411.8118227,0.0020728111267089844
322317,normal,65,0,1782362411.813537,0.0017142295837402344
322318,normal,188,0,1782362411.815755,0.002218008041381836
322319,normal,340,0,1782362411.8177414,0.0019865036010742188
322320,normal,2568,0,1782362411.8195379,0.0017964839935302734
322321,normal,3415,0,1782362411.8217468,0.0022089481353759766
322322,normal,2015,0,1782362411.823739,0.0019922256469726562
322323,normal,2897,0,1782362411.8255925,0.0018534660339355469
322324,normal,474,0,1782362411.8277473,0.002154827117919922
322325,normal,1508,0,1782362411.829825,0.0020775794982910156
322326,normal,1383,0,1782362411.8315358,0.0017108917236328125
322327,normal,1129,0,1782362411.8337462,0.002210378646850586
322328,normal,3488,0,1782362411.8357298,0.001983642578125
322329,normal,2290,0,1782362411.8375318,0.0018019676208496094
322330,normal,612,0,1782362411.8397439,0.002212047576904297
322331,normal,3094,1,1782362411.8417468,0.0020029544830322266
322332,normal,3227,1,1782362411.8435292,0.0017824172973632812
322333,normal,3155,1,1782362411.8457465,0.0022172927856445312
322334,normal,1717,0,1782362411.8477306,0.001984119415283203
322335,normal,3481,0,1782362411.8495429,0.0018122196197509766
322336,normal,3627,0,1782362411.8517456,0.002202749252319336
322337,normal,2967,0,1782362411.8537333,0.0019876956939697266
322338,normal,2672,0,1782362411.855531,0.0017976760864257812
322339,normal,1696,0,1782362411.8577454,0.0022144317626953125
322340,normal,382,0,1782362411.8597498,0.002004384994506836
322341,normal,3361,1,1782362411.861535,0.0017852783203125
322342,normal,3455,0,1782362411.8637433,0.002208232879638672
322343,normal,2327,0,1782362411.865733,0.001989603042602539
322344,normal,3638,0,1782362411.867532,0.0017991065979003906
322345,normal,632,0,1782362411.8698864,0.0023543834686279297
322346,normal,3583,0,1782362411.8715627,0.001676321029663086
322347,normal,2512,0,1782362411.8737445,0.0021817684173583984
322348,normal,511,0,1782362411.8756218,0.0018773078918457031
322349,normal,2584,0,1782362411.8777456,0.0021238327026367188
322350,normal,1467,0,1782362411.879724,0.0019783973693847656
322351,normal,89,0,1782362411.8815532,0.0018291473388671875
322352,normal,2887,0,1782362411.883736,0.0021827220916748047
322353,normal,2893,0,1782362411.8855314,0.0017955303192138672
322354,normal,2401,0,1782362411.8877444,0.002213001251220703
322355,normal,1016,2,1782362411.8897314,0.001986980438232422
322356,normal,62,0,1782362411.8915315,0.0018000602722167969
322357,normal,1528,0,1782362411.8937454,0.0022139549255371094
322358,normal,508,0,1782362411.89573,0.0019845962524414062
322359,normal,3250,1,1782362411.8975308,0.0018007755279541016
322360,normal,2465,0,1782362411.8997445,0.002213716506958008
322361,normal,2738,0,1782362411.9017303,0.001985788345336914
322362,normal,3069,1,1782362411.9035368,0.001806497573852539
322363,normal,1417,0,1782362411.9057467,0.002209901809692383
322364,normal,2650,0,1782362411.907731,0.0019843578338623047
322365,normal,970,2,1782362411.909605,0.0018739700317382812
322366,normal,3622,0,1782362411.9117482,0.0021431446075439453
322367,normal,1018,2,1782362411.9137335,0.001985311508178711
322368,normal,543,0,1782362411.9157052,0.001971721649169922
322369,normal,2088,0,1782362411.9175558,0.0018506050109863281
322370,normal,1190,0,1782362411.91974,0.002184152603149414
322371,normal,147,0,1782362411.9215317,0.0017917156219482422
322372,normal,3000,0,1782362411.9237468,0.002215147018432617
322373,normal,2807,0,1782362411.9257045,0.0019576549530029297
322374,normal,1133,0,1782362411.9277413,0.0020368099212646484
322375,normal,3688,0,1782362411.9295628,0.0018215179443359375
322376,normal,1011,2,1782362411.9318225,0.0022597312927246094
322377,normal,1642,0,1782362411.9335198,0.0016973018646240234
322378,normal,2202,0,1782362411.935744,0.0022242069244384766
322379,normal,463,0,1782362411.9377337,0.001989603042602539
322380,normal,1106,0,1782362411.9395258,0.0017921924591064453
322381,normal,370,0,1782362411.9416027,0.002076864242553711
322382,normal,3141,1,1782362411.9437308,0.002128124237060547
322383,normal,1195,0,1782362411.9455552,0.0018243789672851562
322384,normal,1072,0,1782362411.9478116,0.0022563934326171875
322385,normal,2562,0,1782362411.949544,0.0017323493957519531
322386,normal,2944,0,1782362411.9517374,0.002193450927734375
322387,normal,2535,0,1782362411.953564,0.0018265247344970703
322388,normal,1389,0,1782362411.9557307,0.002166748046875
322389,normal,3306,1,1782362411.9575276,0.0017969608306884766
322390,normal,2062,0,1782362411.9596453,0.002117633819580078
322391,normal,514,0,1782362411.9617338,0.0020885467529296875
322392,normal,2391,0,1782362411.9636354,0.0019016265869140625
322393,normal,3383,1,1782362411.9657145,0.002079010009765625
322394,normal,1704,0,1782362411.9677246,0.0020101070404052734
322395,normal,3520,0,1782362411.969521,0.0017964839935302734
322396,normal,1899,0,1782362411.9717474,0.0022263526916503906
322397,normal,2997,0,1782362411.9735494,0.0018019676208496094
322398,normal,2480,0,1782362411.9756415,0.002092123031616211
322399,normal,1823,0,1782362411.977739,0.002097606658935547
322400,normal,2493,0,1782362411.9798338,0.002094745635986328
322401,normal,3554,0,1782362411.9815195,0.0016856193542480469
322402,normal,416,0,1782362411.9837248,0.002205371856689453
322403,normal,2137,0,1782362411.9857326,0.002007722854614258
322404,normal,2688,0,1782362411.987519,0.0017864704132080078
322405,normal,103,0,1782362411.9897194,0.0022003650665283203
322406,normal,1347,1,1782362411.9916391,0.0019197463989257812
322407,normal,3400,1,1782362411.993743,0.0021038055419921875
322408,normal,3028,0,1782362411.9956322,0.0018892288208007812
322409,normal,861,2,1782362411.9977393,0.0021071434020996094
322410,normal,2274,0,1782362411.9995182,0.0017788410186767578
322411,normal,2396,0,1782362412.001729,0.002210855484008789
322412,normal,923,2,1782362412.0037315,0.0020024776458740234
322413,normal,1084,0,1782362412.0055141,0.0017826557159423828
322414,normal,1848,0,1782362412.0076997,0.0021855831146240234
322415,normal,2494,0,1782362412.0097346,0.002034902572631836
322416,normal,2041,0,1782362412.0116074,0.0018727779388427734
322417,normal,582,0,1782362412.0137293,0.0021219253540039062
322418,normal,2080,0,1782362412.0157318,0.0020024776458740234
322419,normal,2888,0,1782362412.0175254,0.0017936229705810547
322420,normal,1194,0,1782362412.019719,0.002193450927734375
322421,normal,750,0,1782362412.0217326,0.002013683319091797
322422,normal,2889,0,1782362412.0235732,0.0018405914306640625
322423,normal,2748,0,1782362412.0257478,0.0021746158599853516
322424,normal,1698,0,1782362412.0278184,0.0020706653594970703
322425,normal,1061,0,1782362412.029523,0.0017044544219970703
322426,normal,2397,0,1782362412.031734,0.0022110939025878906
322427,normal,3126,1,1782362412.033728,0.001993894577026367
322428,normal,694,0,1782362412.0355248,0.0017969608306884766
322429,normal,1619,0,1782362412.0377138,0.0021889209747314453
322430,normal,2582,0,1782362412.0396452,0.0019314289093017578
322431,normal,843,2,1782362412.0417325,0.0020873546600341797
322432,normal,3450,0,1782362412.0437171,0.0019845962524414062
322433,normal,2197,0,1782362412.0457234,0.0020062923431396484
322434,normal,1589,0,1782362412.0475185,0.001795053482055664
322435,normal,273,0,1782362412.049724,0.0022056102752685547
322436,normal,1709,0,1782362412.0517333,0.002009153366088867
322437,normal,112,0,1782362412.0535207,0.001787424087524414
322438,normal,1102,0,1782362412.055708,0.0021872520446777344
322439,normal,278,0,1782362412.0577285,0.002020597457885742
322440,normal,2781,0,1782362412.0596151,0.001886606216430664
322441,normal,882,2,1782362412.061716,0.0021009445190429688
322442,normal,1969,0,1782362412.0637307,0.002014636993408203
322443,normal,2247,0,1782362412.0655203,0.0017895698547363281
322444,normal,2350,0,1782362412.0677166,0.0021963119506835938
322445,normal,783,2,1782362412.0697207,0.0020041465759277344
322446,normal,1743,0,1782362412.0715907,0.0018699169158935547
322447,normal,2194,0,1782362412.0737443,0.002153635025024414
322448,normal,233,0,1782362412.0758374,0.002093076705932617
322449,normal,3480,0,1782362412.0775247,0.0016872882843017578
322450,normal,1799,0,1782362412.0797431,0.002218484878540039
322451,normal,3335,1,1782362412.0817282,0.0019850730895996094
322452,normal,3379,1,1782362412.083519,0.001790761947631836
322453,normal,240,0,1782362412.0857255,0.002206563949584961
322454,normal,1224,0,1782362412.0876322,0.0019066333770751953
322455,normal,853,2,1782362412.0897374,0.002105236053466797
322456,normal,439,0,1782362412.091619,0.0018815994262695312
322457,normal,868,2,1782362412.093741,0.0021219253540039062
322458,normal,2980,0,1782362412.0955198,0.0017788410186767578
322459,normal,356,0,1782362412.097746,0.002226114273071289
322460,normal,1410,0,1782362412.0998282,0.002082347869873047
322461,normal,3472,0,1782362412.1015189,0.0016906261444091797
322462,normal,627,0,1782362412.1036992,0.002180337905883789
322463,normal,1637,0,1782362412.1057312,0.002032041549682617
322464,normal,1270,0,1782362412.10756,0.0018286705017089844
322465,normal,2021,0,1782362412.1097572,0.002197265625
322466,normal,2311,0,1782362412.1115565,0.0017993450164794922
322467,normal,1954,0,1782362412.1137438,0.0021872520446777344
322468,normal,707,0,1782362412.11552,0.0017762184143066406
322469,normal,354,0,1782362412.1177287,0.002208709716796875
322470,normal,3452,0,1782362412.1195655,0.0018367767333984375
322471,normal,54,0,1782362412.1217527,0.0021872520446777344
322472,normal,3673,0,1782362412.1237261,0.001973390579223633
322473,normal,856,2,1782362412.1255572,0.0018310546875
322474,normal,518,0,1782362412.1277483,0.0021910667419433594
322475,normal,1593,0,1782362412.1297305,0.0019822120666503906
322476,normal,1539,0,1782362412.1315203,0.0017898082733154297
322477,normal,339,0,1782362412.1337495,0.0022292137145996094
322478,normal,639,0,1782362412.1357324,0.0019829273223876953
322479,normal,710,0,1782362412.1375782,0.0018458366394042969
322480,normal,1901,0,1782362412.139753,0.002174854278564453
322481,normal,1686,0,1782362412.1416388,0.0018856525421142578
322482,normal,897,2,1782362412.1437488,0.002110004425048828
322483,normal,2203,0,1782362412.1455555,0.0018067359924316406
322484,normal,2767,0,1782362412.1477327,0.0021772384643554688
322485,normal,3654,0,1782362412.1495237,0.0017910003662109375
322486,normal,1200,0,1782362412.1517282,0.002204418182373047
322487,normal,449,0,1782362412.1537352,0.002007007598876953
322488,normal,1613,0,1782362412.155574,0.0018389225006103516
322489,normal,2594,0,1782362412.157745,0.0021708011627197266
322490,normal,80,0,1782362412.15973,0.0019850730895996094
322491,normal,1570,0,1782362412.1615279,0.0017979145050048828
322492,normal,2539,0,1782362412.1637537,0.0022258758544921875
322493,normal,3357,1,1782362412.165731,0.001977205276489258
322494,normal,234,0,1782362412.167525,0.0017940998077392578
322495,normal,2207,0,1782362412.1697514,0.0022263526916503906
322496,normal,1967,0,1782362412.1715474,0.0017960071563720703
322497,normal,1325,1,1782362412.173639,0.002091646194458008
322498,normal,744,0,1782362412.175753,0.0021140575408935547
322499,normal,2877,0,1782362412.177731,0.0019779205322265625
322500,normal,768,0,1782362412.1795225,0.0017914772033691406
322501,normal,1621,0,1782362412.1817522,0.0022296905517578125
322502,normal,2411,0,1782362412.1837354,0.001983165740966797
322503,normal,2816,0,1782362412.1855252,0.0017898082733154297
322504,normal,1553,0,1782362412.187753,0.002227783203125
322505,normal,1582,0,1782362412.1896417,0.0018887519836425781
322506,normal,1163,0,1782362412.1917493,0.0021076202392578125
322507,normal,137,0,1782362412.193558,0.0018086433410644531
322508,normal,708,0,1782362412.1957326,0.0021746158599853516
322509,normal,1731,0,1782362412.197525,0.0017924308776855469
322510,normal,2959,0,1782362412.199729,0.0022039413452148438
322511,normal,3297,1,1782362412.2017305,0.002001523971557617
322512,normal,3182,1,1782362412.2035213,0.001790761947631836
322513,normal,3082,1,1782362412.2056046,0.002083301544189453
322514,normal,3041,0,1782362412.207747,0.0021424293518066406
322515,normal,950,2,1782362412.2095244,0.0017774105072021484
322516,normal,2378,0,1782362412.2117543,0.002229928970336914
322517,normal,2457,0,1782362412.2135465,0.0017921924591064453
322518,normal,1640,0,1782362412.2157345,0.002187967300415039
322519,normal,75,0,1782362412.2175198,0.0017852783203125
322520,normal,1984,0,1782362412.2197227,0.0022029876708984375
322521,normal,3474,0,1782362412.2215595,0.0018367767333984375
322522,normal,3204,1,1782362412.2237496,0.002190113067626953
322523,normal,3045,1,1782362412.2255478,0.0017981529235839844
322524,normal,2313,0,1782362412.22773,0.0021822452545166016
322525,normal,2167,0,1782362412.229522,0.0017919540405273438
322526,normal,1125,0,1782362412.2317328,0.002210855484008789
322527,normal,2200,0,1782362412.2335215,0.0017886161804199219
322528,normal,1839,0,1782362412.2357302,0.002208709716796875
322529,normal,2030,0,1782362412.2376852,0.0019550323486328125
322530,normal,3291,1,1782362412.2397497,0.0020644664764404297
322531,normal,1034,0,1782362412.2415252,0.001775503158569336
322532,normal,2613,0,1782362412.2437258,0.002200603485107422
322533,normal,3242,1,1782362412.245525,0.0017991065979003906
322534,normal,373,0,1782362412.2477279,0.0022029876708984375
322535,normal,3277,1,1782362412.249733,0.0020051002502441406
322536,normal,471,0,1782362412.251521,0.0017881393432617188
322537,normal,2479,0,1782362412.25361,0.002088785171508789
322538,normal,748,0,1782362412.2557535,0.0021436214447021484
322539,normal,289,0,1782362412.2575226,0.0017690658569335938
322540,normal,914,2,1782362412.2597353,0.0022127628326416016
322541,normal,3104,1,1782362412.2617292,0.001993894577026367
322542,normal,678,0,1782362412.2635212,0.0017919540405273438
322543,normal,3113,1,1782362412.2657323,0.0022110939025878906
322544,normal,1258,0,1782362412.2677314,0.0019991397857666016
322545,normal,241,0,1782362412.2695587,0.001827239990234375
322546,normal,1927,0,1782362412.2717416,0.0021829605102539062
322547,normal,2589,0,1782362412.2737358,0.0019941329956054688
322548,normal,836,2,1782362412.2755225,0.0017867088317871094
322549,normal,1898,0,1782362412.2777297,0.0022072792053222656
322550,normal,1504,0,1782362412.2797325,0.002002716064453125
322551,normal,2932,0,1782362412.28153,0.0017974376678466797
322552,normal,2232,0,1782362412.2837203,0.0021903514862060547
322553,normal,2773,0,1782362412.2856472,0.0019268989562988281
322554,normal,1182,0,1782362412.2877402,0.002093076705932617
322555,normal,3420,0,1782362412.289527,0.0017867088317871094
322556,normal,3619,0,1782362412.2917306,0.002203702926635742
322557,normal,722,0,1782362412.2935174,0.0017867088317871094
322558,normal,2917,0,1782362412.2957466,0.0022292137145996094
322559,normal,3537,0,1782362412.2975235,0.0017769336700439453
322560,normal,2255,0,1782362412.2997327,0.002209186553955078
322561,normal,1387,0,1782362412.301575,0.0018422603607177734
322562,normal,2890,0,1782362412.3038313,0.0022563934326171875
322563,normal,3078,1,1782362412.3055134,0.0016820430755615234
322564,normal,1088,0,1782362412.3077388,0.0022253990173339844
322565,normal,219,0,1782362412.3097625,0.0020236968994140625
322566,normal,3507,0,1782362412.311519,0.001756429672241211
322567,normal,1221,0,1782362412.3137245,0.0022056102752685547
322568,normal,2189,0,1782362412.3157122,0.0019876956939697266
322569,normal,1748,0,1782362412.3175633,0.0018510818481445312
322570,normal,580,0,1782362412.3197744,0.0022110939025878906
322571,normal,1297,0,1782362412.321524,0.0017495155334472656
322572,normal,2420,0,1782362412.3237195,0.002195596694946289
322573,normal,2425,0,1782362412.3255198,0.0018002986907958984
322574,normal,1525,0,1782362412.327716,0.0021963119506835938
322575,normal,1331,1,1782362412.329515,0.001798868179321289
322576,normal,1550,0,1782362412.331764,0.002249002456665039
322577,normal,303,0,1782362412.3335798,0.0018157958984375
322578,normal,3316,1,1782362412.3360114,0.002431631088256836
322579,normal,3382,1,1782362412.3375268,0.0015153884887695312
322580,normal,2976,0,1782362412.3397143,0.002187490463256836
322581,normal,1076,0,1782362412.3415189,0.0018045902252197266
322582,normal,3012,0,1782362412.3437629,0.0022439956665039062
322583,normal,3581,0,1782362412.3455186,0.0017557144165039062
322584,normal,743,0,1782362412.34773,0.002211332321166992
322585,normal,718,0,1782362412.3495448,0.0018148422241210938
322586,normal,1624,0,1782362412.3515193,0.0019745826721191406
322587,normal,423,0,1782362412.3535595,0.0020401477813720703
322588,normal,3112,1,1782362412.3554685,0.001909017562866211
322589,normal,402,0,1782362412.3575695,0.0021009445190429688
322590,normal,3569,0,1782362412.3594599,0.001890420913696289
322591,normal,858,2,1782362412.3615546,0.002094745635986328
322592,normal,1728,0,1782362412.3635535,0.0019989013671875
322593,normal,2988,0,1782362412.36569,0.0021364688873291016
322594,normal,1126,0,1782362412.367511,0.0018210411071777344
322595,normal,1667,0,1782362412.3695326,0.0020215511322021484
322596,normal,3203,1,1782362412.3714871,0.0019545555114746094
322597,normal,2270,0,1782362412.3735037,0.0020165443420410156
322598,normal,1572,0,1782362412.3755486,0.0020449161529541016
322599,normal,458,0,1782362412.3774824,0.0019338130950927734
322600,normal,3075,1,1782362412.379497,0.002014636993408203
322601,normal,3519,0,1782362412.3815641,0.002067089080810547
322602,normal,3023,0,1782362412.3834815,0.0019173622131347656
322603,normal,1645,0,1782362412.385487,0.0020055770874023438
322604,normal,1177,0,1782362412.3875685,0.0020813941955566406
322605,normal,3257,1,1782362412.38948,0.0019116401672363281
322606,normal,809,2,1782362412.3914948,0.002014636993408203
322607,normal,1693,0,1782362412.3935585,0.002063751220703125
322608,normal,1073,0,1782362412.3954835,0.0019249916076660156
322609,normal,3555,0,1782362412.3974953,0.0020117759704589844
322610,normal,1161,0,1782362412.3995528,0.0020575523376464844
322611,normal,2517,0,1782362412.401483,0.00193023681640625
322612,normal,829,2,1782362412.4034936,0.0020105838775634766
322613,normal,949,2,1782362412.4055495,0.0020558834075927734
322614,normal,228,0,1782362412.4074807,0.0019311904907226562
322615,normal,507,0,1782362412.4094958,0.0020151138305664062
322616,normal,2718,0,1782362412.4115605,0.0020647048950195312
322617,normal,1536,0,1782362412.4134865,0.0019259452819824219
322618,normal,2449,0,1782362412.4155226,0.0020360946655273438
322619,normal,980,2,1782362412.4175591,0.002036571502685547
322620,normal,2984,0,1782362412.419488,0.0019288063049316406
322621,normal,3434,0,1782362412.4215014,0.0020134449005126953
322622,normal,781,2,1782362412.4235425,0.0020411014556884766
322623,normal,501,0,1782362412.4254906,0.0019481182098388672
322624,normal,1276,0,1782362412.4274943,0.0020036697387695312
322625,normal,1752,0,1782362412.4295595,0.0020651817321777344
322626,normal,138,0,1782362412.4314864,0.0019268989562988281
322627,normal,1396,0,1782362412.4334972,0.002010822296142578
322628,normal,2608,0,1782362412.435535,0.0020377635955810547
322629,normal,456,0,1782362412.4374878,0.0019528865814208984
322630,normal,3080,1,1782362412.4394963,0.0020084381103515625
322631,normal,2357,0,1782362412.4415283,0.002032041549682617
322632,normal,2142,0,1782362412.4434793,0.001950979232788086
322633,normal,780,2,1782362412.4457057,0.0022263526916503906
322634,normal,3273,1,1782362412.4475274,0.001821756362915039
322635,normal,3505,0,1782362412.4496553,0.0021278858184814453
322636,normal,925,2,1782362412.4515638,0.0019085407257080078
322637,normal,1219,0,1782362412.4537096,0.0021457672119140625
322638,normal,427,0,1782362412.4555287,0.0018191337585449219
322639,normal,1473,0,1782362412.457719,0.0021903514862060547
322640,normal,2924,0,1782362412.4599109,0.002191781997680664
322641,normal,59,0,1782362412.4615233,0.0016124248504638672
322642,normal,3699,0,1782362412.4637458,0.0022225379943847656
322643,normal,947,2,1782362412.4657538,0.0020079612731933594
322644,normal,2862,0,1782362412.4675233,0.0017695426940917969
322645,normal,2000,0,1782362412.4697344,0.0022110939025878906
322646,normal,2351,0,1782362412.471834,0.0020995140075683594
322647,normal,670,0,1782362412.4735203,0.0016863346099853516
322648,normal,1565,0,1782362412.4756513,0.0021309852600097656
322649,normal,1540,0,1782362412.4777424,0.0020911693572998047
322650,normal,1317,0,1782362412.4795234,0.0017809867858886719
322651,normal,1763,0,1782362412.4817345,0.0022110939025878906
322652,normal,844,2,1782362412.483749,0.0020143985748291016
322653,normal,372,0,1782362412.4855273,0.0017783641815185547
322654,normal,438,0,1782362412.4878194,0.002292156219482422
322655,normal,433,0,1782362412.4895463,0.0017268657684326172
322656,normal,1963,0,1782362412.4916527,0.0021064281463623047
322657,normal,1987,0,1782362412.4937654,0.0021126270294189453
322658,normal,2703,0,1782362412.4955602,0.0017948150634765625
322659,normal,2724,0,1782362412.4977362,0.002176046371459961
322660,normal,1469,0,1782362412.499521,0.0017848014831542969
322661,normal,3106,1,1782362412.5017438,0.002222776412963867
322662,normal,924,2,1782362412.503639,0.0018951892852783203
322663,normal,1402,0,1782362412.505721,0.0020821094512939453
322664,normal,1596,0,1782362412.5077097,0.001988649368286133
322665,normal,2161,0,1782362412.5097444,0.0020346641540527344
322666,normal,2764,0,1782362412.511521,0.0017766952514648438
322667,normal,3008,0,1782362412.513752,0.0022308826446533203
322668,normal,1274,0,1782362412.515519,0.0017669200897216797
322669,normal,3356,1,1782362412.517743,0.0022242069244384766
322670,normal,410,0,1782362412.5198197,0.0020766258239746094
322671,normal,1627,0,1782362412.5215232,0.001703500747680664
322672,normal,1025,2,1782362412.5236573,0.002134084701538086
322673,normal,1003,2,1782362412.5257447,0.0020873546600341797
322674,normal,2968,0,1782362412.5275214,0.0017766952514648438
322675,normal,776,2,1782362412.529759,0.002237558364868164
322676,normal,2986,0,1782362412.531588,0.0018291473388671875
322677,normal,3397,1,1782362412.5335224,0.0019342899322509766
322678,normal,2296,0,1782362412.535843,0.002320528030395508
322679,normal,3653,0,1782362412.537543,0.0017001628875732422
322680,normal,2713,0,1782362412.5396483,0.002105236053466797
322681,normal,494,0,1782362412.5417395,0.0020911693572998047
322682,normal,1694,0,1782362412.5437508,0.0020112991333007812
322683,normal,531,0,1782362412.5455225,0.001771688461303711
322684,normal,295,0,1782362412.547743,0.002220630645751953
322685,normal,517,0,1782362412.549519,0.001775979995727539
322686,normal,2541,0,1782362412.5518513,0.0023322105407714844
322687,normal,3132,1,1782362412.553519,0.0016677379608154297
322688,normal,1561,0,1782362412.555727,0.0022079944610595703
322689,normal,1779,0,1782362412.5577593,0.0020322799682617188
322690,normal,455,0,1782362412.559526,0.0017666816711425781
322691,normal,2951,0,1782362412.5617406,0.002214670181274414
322692,normal,1998,0,1782362412.5635197,0.0017790794372558594
322693,normal,3403,0,1782362412.5657508,0.002231121063232422
322694,normal,3102,1,1782362412.5676255,0.001874685287475586
322695,normal,1355,1,1782362412.5697267,0.0021011829376220703
322696,normal,645,0,1782362412.5715568,0.0018301010131835938
322697,normal,2525,0,1782362412.5737364,0.0021796226501464844
322698,normal,1715,0,1782362412.575651,0.0019145011901855469
322699,normal,2325,0,1782362412.5777526,0.0021016597747802734
322700,normal,2996,0,1782362412.5797374,0.001984834671020508
322701,normal,976,2,1782362412.5815244,0.001786947250366211
322702,normal,2445,0,1782362412.5838075,0.0022830963134765625
322703,normal,3337,1,1782362412.585558,0.0017504692077636719
322704,normal,2125,0,1782362412.5877228,0.0021648406982421875
322705,normal,19,0,1782362412.589562,0.0018391609191894531
322706,normal,2419,0,1782362412.591711,0.0021491050720214844
322707,normal,1403,0,1782362412.5937295,0.002018451690673828
322708,normal,3518,0,1782362412.595568,0.0018384456634521484
322709,normal,1227,0,1782362412.5977442,0.0021762847900390625
322710,normal,2377,0,1782362412.5996432,0.0018990039825439453
322711,normal,944,2,1782362412.6015658,0.001922607421875
322712,normal,2104,0,1782362412.6037326,0.002166748046875
322713,normal,2739,0,1782362412.6055307,0.0017981529235839844
322714,normal,259,0,1782362412.6077151,0.0021843910217285156
322715,normal,1544,0,1782362412.609901,0.002185821533203125
322716,normal,58,0,1782362412.6115687,0.0016677379608154297
322717,normal,1567,0,1782362412.613888,0.0023193359375
322718,normal,131,0,1782362412.6157298,0.0018417835235595703
322719,normal,904,2,1782362412.6177547,0.0020248889923095703
322720,normal,3388,1,1782362412.6197217,0.0019669532775878906
322721,normal,1739,0,1782362412.621918,0.0021963119506835938
322722,normal,2223,0,1782362412.6235914,0.0016734600067138672
322723,normal,459,0,1782362412.6257405,0.0021491050720214844
322724,normal,1509,0,1782362412.6279147,0.0021741390228271484
322725,normal,1271,0,1782362412.6295743,0.0016596317291259766
322726,normal,229,0,1782362412.6319425,0.0023682117462158203
322727,normal,2599,0,1782362412.6337175,0.0017750263214111328
322728,normal,787,2,1782362412.6357489,0.0020313262939453125
322729,normal,2727,0,1782362412.637725,0.0019762516021728516
322730,normal,2025,0,1782362412.6399133,0.0021882057189941406
322731,normal,1264,0,1782362412.6415904,0.0016770362854003906
322732,normal,2400,0,1782362412.6437201,0.002129793167114258
322733,normal,1789,0,1782362412.6458862,0.0021660327911376953
322734,normal,890,2,1782362412.6475658,0.0016796588897705078
322735,normal,854,2,1782362412.6499074,0.0023415088653564453
322736,normal,3574,0,1782362412.6517272,0.0018198490142822266
322737,normal,2840,0,1782362412.6537573,0.0020301342010498047
322738,normal,3646,0,1782362412.6557455,0.0019881725311279297
322739,normal,495,0,1782362412.6579545,0.0022089481353759766
322740,normal,3670,0,1782362412.6595697,0.001615285873413086
322741,normal,581,0,1782362412.661933,0.0023632049560546875
322742,normal,88,0,1782362412.6637275,0.001794576644897461
322743,normal,3689,0,1782362412.665747,0.0020194053649902344
322744,normal,3304,1,1782362412.667764,0.0020170211791992188
322745,normal,1412,0,1782362412.6699505,0.0021865367889404297
322746,normal,3121,1,1782362412.6715994,0.0016489028930664062
322747,normal,1039,0,1782362412.673751,0.0021517276763916016
322748,normal,2240,0,1782362412.6757445,0.001993417739868164
322749,normal,2575,0,1782362412.677557,0.0018124580383300781
322750,normal,961,2,1782362412.6797256,0.0021686553955078125
322751,normal,847,2,1782362412.6817164,0.001990795135498047
322752,normal,2761,0,1782362412.683558,0.0018415451049804688
322753,normal,14,0,1782362412.685757,0.002198934555053711
322754,normal,94,0,1782362412.6879315,0.0021746158599853516
322755,normal,493,0,1782362412.6895518,0.0016202926635742188
322756,normal,2602,0,1782362412.6917453,0.002193450927734375
322757,normal,1902,0,1782362412.6935768,0.0018315315246582031
322758,normal,3290,1,1782362412.695502,0.0019252300262451172
322759,normal,3035,0,1782362412.697518,0.0020160675048828125
322760,normal,919,2,1782362412.6995575,0.0020394325256347656
322761,normal,1460,0,1782362412.7015212,0.0019636154174804688
322762,normal,2848,0,1782362412.7035198,0.0019986629486083984
322763,normal,2413,0,1782362412.7055538,0.0020339488983154297
322764,normal,3486,0,1782362412.7075205,0.001966714859008789
322765,normal,889,2,1782362412.7095182,0.001997709274291992
322766,normal,1558,0,1782362412.7115502,0.002032041549682617
322767,normal,1787,0,1782362412.7135181,0.001967906951904297
322768,normal,1118,0,1782362412.7155206,0.0020024776458740234
322769,normal,1945,0,1782362412.717551,0.0020303726196289062
322770,normal,735,0,1782362412.7195194,0.0019683837890625
322771,normal,1103,0,1782362412.7215176,0.0019981861114501953
322772,normal,1281,0,1782362412.7235625,0.0020449161529541016
322773,normal,1251,0,1782362412.72553,0.0019674301147460938
322774,normal,1965,0,1782362412.7275271,0.001997232437133789
322775,normal,3535,0,1782362412.7295551,0.0020279884338378906
322776,normal,796,2,1782362412.7315195,0.0019643306732177734
322777,normal,1222,0,1782362412.73352,0.002000570297241211
322778,normal,938,2,1782362412.7355485,0.0020284652709960938
322779,normal,792,2,1782362412.737531,0.001982450485229492
322780,normal,1092,0,1782362412.7395182,0.0019872188568115234
322781,normal,144,0,1782362412.7415507,0.0020325183868408203
322782,normal,2673,0,1782362412.7435176,0.0019669532775878906
322783,normal,2228,0,1782362412.7455282,0.0020105838775634766
322784,normal,1991,0,1782362412.747496,0.0019676685333251953
322785,normal,1722,0,1782362412.7495067,0.002010822296142578
322786,normal,2866,0,1782362412.7515264,0.002019643783569336
322787,normal,1808,0,1782362412.753747,0.002220630645751953
322788,normal,1804,0,1782362412.7555432,0.0017962455749511719
322789,normal,1408,0,1782362412.757781,0.0022377967834472656
322790,normal,3667,0,1782362412.7596972,0.0019161701202392578
322791,normal,2830,0,1782362412.7615554,0.0018582344055175781
322792,normal,2275,0,1782362412.7637756,0.00222015380859375
322793,normal,2974,0,1782362412.765707,0.0019314289093017578
322794,normal,937,2,1782362412.7675548,0.0018477439880371094
322795,normal,3633,0,1782362412.7697723,0.002217531204223633
322796,normal,1114,0,1782362412.771734,0.0019617080688476562
322797,normal,1324,1,1782362412.773563,0.001828908920288086
322798,normal,3536,0,1782362412.7758012,0.0022382736206054688
322799,normal,1115,0,1782362412.777629,0.0018277168273925781
322800,normal,1459,0,1782362412.7797134,0.002084493637084961
322801,normal,1418,0,1782362412.7816355,0.0019221305847167969
322802,normal,1493,0,1782362412.7837162,0.002080678939819336
322803,normal,3315,1,1782362412.785558,0.0018417835235595703
322804,normal,1386,0,1782362412.787789,0.002231121063232422
322805,normal,193,0,1782362412.7896953,0.0019061565399169922
322806,normal,2031,0,1782362412.791555,0.0018596649169921875
322807,normal,2323,0,1782362412.7938,0.002245187759399414
322808,normal,657,0,1782362412.7957087,0.0019085407257080078
322809,normal,1512,0,1782362412.7975416,0.0018329620361328125
322810,normal,2597,0,1782362412.7996788,0.0021371841430664062
322811,normal,1821,0,1782362412.8017018,0.002022981643676758
322812,normal,3402,0,1782362412.803559,0.0018572807312011719
322813,normal,2663,0,1782362412.8058105,0.0022513866424560547
322814,normal,1587,0,1782362412.80771,0.0018994808197021484
322815,normal,3068,1,1782362412.809555,0.0018451213836669922
322816,normal,1236,0,1782362412.811805,0.0022499561309814453
322817,normal,2235,0,1782362412.8136992,0.001894235610961914
322818,normal,1148,0,1782362412.8155575,0.0018582344055175781
322819,normal,185,0,1782362412.8177247,0.002167224884033203
322820,normal,2032,0,1782362412.8197076,0.0019829273223876953
322821,normal,252,0,1782362412.8215563,0.0018486976623535156
322822,normal,486,0,1782362412.823714,0.0021576881408691406
322823,normal,2249,0,1782362412.8257382,0.0020241737365722656
322824,normal,1267,0,1782362412.827529,0.001790761947631836
322825,normal,876,2,1782362412.8297067,0.002177715301513672
322826,normal,841,2,1782362412.8317158,0.002009153366088867
322827,normal,330,0,1782362412.8335576,0.0018417835235595703
322828,normal,1574,0,1782362412.8357093,0.0021517276763916016
322829,normal,3159,1,1782362412.8377442,0.002034902572631836
322830,normal,2052,0,1782362412.839557,0.0018126964569091797
322831,normal,1487,0,1782362412.841954,0.0023970603942871094
322832,normal,2619,0,1782362412.8437693,0.0018153190612792969
322833,normal,1908,0,1782362412.845748,0.001978635787963867
322834,normal,60,0,1782362412.8475769,0.001828908920288086
322835,normal,2756,0,1782362412.849765,0.0021882057189941406
322836,normal,1507,0,1782362412.851553,0.0017879009246826172
322837,normal,3095,1,1782362412.853795,0.0022420883178710938
322838,normal,3185,1,1782362412.855771,0.00197601318359375
322839,normal,1634,0,1782362412.8575613,0.0017902851104736328
322840,normal,412,0,1782362412.859741,0.0021796226501464844
322841,normal,1046,0,1782362412.8617625,0.0020215511322021484
322842,normal,2057,0,1782362412.8636112,0.0018486976623535156
322843,normal,3299,1,1782362412.865607,0.0019958019256591797
322844,normal,1966,0,1782362412.8677764,0.002169370651245117
322845,normal,287,0,1782362412.869547,0.0017704963684082031
322846,normal,1083,0,1782362412.8717952,0.0022482872009277344
322847,normal,26,0,1782362412.8735425,0.0017473697662353516
322848,normal,72,0,1782362412.8755617,0.002019166946411133
322849,normal,3408,0,1782362412.8777301,0.002168416976928711
322850,normal,225,0,1782362412.879724,0.001993894577026367
322851,normal,932,2,1782362412.8815584,0.0018343925476074219
322852,normal,3060,1,1782362412.8837514,0.002192974090576172
322853,normal,1524,0,1782362412.885927,0.002175569534301758
322854,normal,985,2,1782362412.8875484,0.0016214847564697266
322855,normal,3547,0,1782362412.8897972,0.0022487640380859375
322856,normal,1767,0,1782362412.8916085,0.0018112659454345703
322857,normal,413,0,1782362412.8937373,0.0021288394927978516
322858,normal,3482,0,1782362412.8955743,0.001837015151977539
322859,normal,2598,0,1782362412.8977435,0.0021691322326660156
322860,normal,1231,0,1782362412.899561,0.001817464828491211
322861,normal,1002,2,1782362412.902007,0.0024461746215820312
322862,normal,588,0,1782362412.9036825,0.0016753673553466797
322863,normal,3118,1,1782362412.9057481,0.0020656585693359375
322864,normal,2482,0,1782362412.9075837,0.0018355846405029297
322865,normal,3506,0,1782362412.9099245,0.0023407936096191406
322866,normal,1632,0,1782362412.9115715,0.0016469955444335938
322867,normal,2183,0,1782362412.913937,0.002365589141845703
322868,normal,21,0,1782362412.9157288,0.0017917156219482422
322869,normal,313,0,1782362412.9177494,0.002020597457885742
322870,normal,706,0,1782362412.9197385,0.001989126205444336
322871,normal,3268,1,1782362412.9219294,0.002190828323364258
322872,normal,1056,0,1782362412.923593,0.0016636848449707031
322873,normal,2852,0,1782362412.9257267,0.002133607864379883
322874,normal,2335,0,1782362412.9279618,0.0022351741790771484
322875,normal,3110,1,1782362412.9295697,0.0016078948974609375
322876,normal,2963,0,1782362412.9319615,0.002391815185546875
322877,normal,2559,0,1782362412.9337392,0.00177764892578125
322878,normal,121,0,1782362412.9355977,0.0018584728240966797
322879,normal,3311,1,1782362412.937751,0.0021533966064453125
322880,normal,3085,1,1782362412.939703,0.0019519329071044922
322881,normal,1228,0,1782362412.9415455,0.001842498779296875
322882,normal,1568,0,1782362412.943748,0.0022025108337402344
322883,normal,1921,0,1782362412.9457004,0.0019524097442626953
322884,normal,208,0,1782362412.9475474,0.0018470287322998047
322885,normal,3308,1,1782362412.9497528,0.002205371856689453
322886,normal,2646,0,1782362412.951876,0.002123117446899414
322887,normal,1938,0,1782362412.9535336,0.001657724380493164
322888,normal,1685,0,1782362412.9557855,0.002251863479614258
322889,normal,1272,0,1782362412.957555,0.0017695426940917969
322890,normal,3157,1,1782362412.9598293,0.0022742748260498047
322891,normal,3385,1,1782362412.9615886,0.0017592906951904297
322892,normal,1308,0,1782362412.9639394,0.0023508071899414062
322893,normal,214,0,1782362412.9655704,0.001631021499633789
322894,normal,2155,0,1782362412.9679432,0.00237274169921875
322895,normal,3471,0,1782362412.9697475,0.001804351806640625
322896,normal,2134,0,1782362412.971551,0.0018033981323242188
322897,normal,1502,0,1782362412.973738,0.002187013626098633
322898,normal,541,0,1782362412.9757612,0.0020232200622558594
322899,normal,2204,0,1782362412.977548,0.0017867088317871094
322900,normal,335,0,1782362412.9797587,0.002210855484008789
322901,normal,2782,0,1782362412.9818344,0.002075672149658203
322902,normal,2257,0,1782362412.9837482,0.0019137859344482422
322903,normal,1607,0,1782362412.9858696,0.002121448516845703
322904,normal,3343,1,1782362412.98756,0.0016903877258300781
322905,normal,3543,0,1782362412.9897563,0.0021963119506835938
322906,normal,298,0,1782362412.9915404,0.0017840862274169922
322907,normal,3098,1,1782362412.993931,0.002390623092651367
322908,normal,475,0,1782362412.9955504,0.0016193389892578125
322909,normal,1040,0,1782362412.9979563,0.002405881881713867
322910,normal,3049,1,1782362412.9996004,0.001644134521484375
322911,normal,1008,2,1782362413.001724,0.002123594284057617
322912,normal,1695,0,1782362413.0036185,0.0018944740295410156
322913,normal,5,0,1782362413.0057201,0.0021016597747802734
322914,normal,1328,1,1782362413.0075595,0.0018393993377685547
322915,normal,3325,1,1782362413.0097857,0.002226114273071289
322916,normal,3358,1,1782362413.0117145,0.0019288063049316406
322917,normal,3247,1,1782362413.0135574,0.0018429756164550781
322918,normal,1521,0,1782362413.0157883,0.0022308826446533203
322919,normal,2736,0,1782362413.017697,0.0019087791442871094
322920,normal,2813,0,1782362413.0195568,0.0018596649169921875
322921,normal,1372,1,1782362413.0218246,0.0022678375244140625
322922,normal,1762,0,1782362413.023714,0.0018894672393798828
322923,normal,1044,0,1782362413.0255575,0.0018434524536132812
322924,normal,2779,0,1782362413.0278082,0.00225067138671875
322925,normal,341,0,1782362413.0297337,0.0019254684448242188
322926,normal,1496,0,1782362413.0315576,0.0018239021301269531
322927,normal,928,2,1782362413.0338135,0.0022559165954589844
322928,normal,1583,0,1782362413.0357063,0.0018928050994873047
322929,normal,3295,1,1782362413.0375562,0.0018498897552490234
322930,normal,956,2,1782362413.0398147,0.0022585391998291016
322931,normal,1526,0,1782362413.0416944,0.0018796920776367188
322932,normal,3246,1,1782362413.0435567,0.0018622875213623047
322933,normal,3608,0,1782362413.0458076,0.0022509098052978516
322934,normal,3703,0,1782362413.0478127,0.0020051002502441406
322935,normal,169,0,1782362413.0497713,0.001958608627319336
322936,normal,1238,0,1782362413.0519402,0.002168893814086914
322937,normal,2118,0,1782362413.0537322,0.0017919540405273438
322938,normal,1468,0,1782362413.0557637,0.002031564712524414
322939,normal,3445,0,1782362413.0577507,0.001986980438232422
322940,normal,1151,0,1782362413.059916,0.0021653175354003906
322941,normal,1724,0,1782362413.061571,0.0016548633575439453
322942,normal,2179,0,1782362413.0639722,0.0024013519287109375
322943,normal,1639,0,1782362413.0657258,0.0017535686492919922
322944,normal,1286,0,1782362413.0677562,0.0020303726196289062
322945,normal,2424,0,1782362413.0697262,0.001970052719116211
322946,normal,3042,0,1782362413.0719116,0.002185344696044922
322947,normal,2476,0,1782362413.0735707,0.0016591548919677734
322948,normal,1043,0,1782362413.0759137,0.0023429393768310547
322949,normal,2841,0,1782362413.077727,0.0018134117126464844
322950,normal,604,0,1782362413.0797575,0.0020303726196289062
322951,normal,81,0,1782362413.0817323,0.001974821090698242
322952,normal,253,0,1782362413.0839596,0.002227306365966797
322953,normal,2475,0,1782362413.085633,0.0016734600067138672
322954,normal,120,0,1782362413.08772,0.0020868778228759766
322955,normal,3143,1,1782362413.089761,0.0020411014556884766
322956,normal,3591,0,1782362413.0915585,0.0017974376678466797
322957,normal,1439,0,1782362413.0937066,0.002148151397705078
322958,normal,2410,0,1782362413.0957181,0.002011537551879883
322959,normal,1362,1,1782362413.0975525,0.0018343925476074219
322960,normal,1282,0,1782362413.0997374,0.0021848678588867188
322961,normal,2043,0,1782362413.1019554,0.002218008041381836
322962,normal,134,0,1782362413.1035914,0.0016360282897949219
322963,normal,930,2,1782362413.1057627,0.0021712779998779297
322964,normal,705,0,1782362413.107924,0.002161264419555664
322965,normal,1784,0,1782362413.1095676,0.0016436576843261719
322966,normal,2023,0,1782362413.1119487,0.0023810863494873047
322967,normal,974,2,1782362413.1137335,0.0017848014831542969
322968,normal,1471,0,1782362413.115758,0.002024412155151367
322969,normal,684,0,1782362413.117738,0.0019800662994384766
322970,normal,745,0,1782362413.1199334,0.0021953582763671875
322971,normal,2227,0,1782362413.121736,0.001802682876586914
322972,normal,1436,0,1782362413.1235473,0.0018112659454345703
322973,normal,374,0,1782362413.1257796,0.0022323131561279297
322974,normal,1633,0,1782362413.127555,0.0017752647399902344
322975,normal,1283,0,1782362413.1297264,0.0021715164184570312
322976,normal,1501,0,1782362413.1317148,0.0019884109497070312
322977,normal,1162,0,1782362413.1335456,0.0018308162689208984
322978,normal,2263,0,1782362413.135728,0.0021822452545166016
322979,normal,2658,0,1782362413.1377027,0.001974821090698242
322980,normal,909,2,1782362413.139552,0.0018494129180908203
322981,normal,1876,0,1782362413.1417265,0.00217437744140625
322982,normal,3021,0,1782362413.1437023,0.0019757747650146484
322983,normal,1327,1,1782362413.1455586,0.0018563270568847656
322984,normal,1802,0,1782362413.1477315,0.0021729469299316406
322985,normal,1782,0,1782362413.149702,0.001970529556274414
322986,normal,831,2,1782362413.1515565,0.0018544197082519531
322987,normal,2952,0,1782362413.153732,0.002175569534301758
322988,normal,2513,0,1782362413.1557033,0.0019712448120117188
322989,normal,773,2,1782362413.1575572,0.00185394287109375
322990,normal,2458,0,1782362413.1597323,0.0021750926971435547
322991,normal,1257,0,1782362413.1617022,0.0019698143005371094
322992,normal,1407,0,1782362413.16356,0.001857757568359375
322993,normal,814,2,1782362413.165742,0.0021820068359375
322994,normal,2246,0,1782362413.167713,0.001971006393432617
322995,normal,3373,1,1782362413.1695573,0.0018444061279296875
322996,normal,2741,0,1782362413.1717434,0.0021860599517822266
322997,normal,3129,1,1782362413.1736968,0.0019533634185791016
322998,normal,3570,0,1782362413.1755593,0.0018625259399414062
322999,normal,2071,0,1782362413.1777413,0.0021820068359375
323000,normal,1811,0,1782362413.1796982,0.001956939697265625
323001,normal,1809,0,1782362413.1815574,0.0018591880798339844
323002,normal,2056,0,1782362413.1837432,0.002185821533203125
323003,normal,513,0,1782362413.1856978,0.0019545555114746094
323004,normal,1035,0,1782362413.187557,0.0018591880798339844
323005,normal,56,0,1782362413.1897612,0.0022041797637939453
323006,normal,1601,0,1782362413.191701,0.0019397735595703125
323007,normal,2196,0,1782362413.1935573,0.0018563270568847656
323008,normal,2069,0,1782362413.1957545,0.002197265625
323009,normal,1785,0,1782362413.1976886,0.001934051513671875
323010,normal,227,0,1782362413.1995573,0.0018687248229980469
323011,normal,2437,0,1782362413.20175,0.0021927356719970703
323012,normal,3423,0,1782362413.203693,0.0019428730010986328
323013,normal,267,0,1782362413.2055552,0.0018622875213623047
323014,normal,614,0,1782362413.2077525,0.002197265625
323015,normal,3422,0,1782362413.2096963,0.001943826675415039
323016,normal,2514,0,1782362413.211558,0.0018618106842041016
323017,normal,3433,0,1782362413.213746,0.002187967300415039
323018,normal,2212,0,1782362413.2157395,0.001993417739868164
323019,normal,3461,0,1782362413.2175572,0.0018177032470703125
323020,normal,663,0,1782362413.2197542,0.0021970272064208984
323021,normal,991,2,1782362413.2217367,0.001982450485229492
323022,normal,319,0,1782362413.2235582,0.0018215179443359375
323023,normal,584,0,1782362413.2257845,0.0022263526916503906
323024,normal,1687,0,1782362413.2277246,0.001940011978149414
323025,normal,2307,0,1782362413.2295685,0.0018439292907714844
323026,normal,3658,0,1782362413.2316885,0.0021200180053710938
323027,normal,204,0,1782362413.2337077,0.002019166946411133
323028,normal,615,0,1782362413.2355585,0.0018508434295654297
323029,normal,7,0,1782362413.2377787,0.00222015380859375
323030,normal,3329,1,1782362413.2397232,0.0019445419311523438
323031,normal,2433,0,1782362413.241558,0.001834869384765625
323032,normal,1304,0,1782362413.2437892,0.002231121063232422
323033,normal,1391,0,1782362413.245722,0.0019328594207763672
323034,normal,55,0,1782362413.2475562,0.0018341541290283203
323035,normal,1110,0,1782362413.249833,0.002276897430419922
323036,normal,2314,0,1782362413.2516904,0.0018572807312011719
323037,normal,2010,0,1782362413.2535644,0.0018739700317382812
323038,normal,975,2,1782362413.2558103,0.0022459030151367188
323039,normal,1432,0,1782362413.2577016,0.0018913745880126953
323040,normal,1827,0,1782362413.2595575,0.0018558502197265625
323041,normal,2570,0,1782362413.2617855,0.0022280216217041016
323042,normal,345,0,1782362413.2636893,0.0019037723541259766
323043,normal,331,0,1782362413.265547,0.001857757568359375
323044,normal,764,0,1782362413.2677684,0.002221345901489258
323045,normal,1337,1,1782362413.2698681,0.002099752426147461
323046,normal,272,0,1782362413.271566,0.0016977787017822266
323047,normal,3512,0,1782362413.2738006,0.0022346973419189453
323048,normal,1959,0,1782362413.2756944,0.001893758773803711
323049,normal,3369,1,1782362413.2775536,0.0018591880798339844
323050,normal,351,0,1782362413.2798119,0.00225830078125
323051,normal,24,0,1782362413.2817113,0.0018994808197021484
323052,normal,2485,0,1782362413.283562,0.0018506050109863281
323053,normal,3279,1,1782362413.2858117,0.0022497177124023438
323054,normal,2484,0,1782362413.287787,0.0019752979278564453
323055,normal,824,2,1782362413.289553,0.0017659664154052734
323056,normal,140,0,1782362413.2917483,0.0021953582763671875
323057,normal,399,0,1782362413.2937608,0.002012491226196289
323058,normal,436,0,1782362413.2955735,0.0018126964569091797
323059,normal,1485,0,1782362413.2975,0.001926422119140625
323060,normal,1531,0,1782362413.2995472,0.002047300338745117
323061,normal,492,0,1782362413.3014984,0.0019512176513671875
323062,normal,2825,0,1782362413.3034947,0.001996278762817383
323063,normal,3492,0,1782362413.3055274,0.002032756805419922
323064,normal,3498,0,1782362413.3074944,0.0019669532775878906
323065,normal,3432,0,1782362413.3095295,0.0020351409912109375
323066,normal,2751,0,1782362413.311561,0.002031564712524414
323067,normal,3015,0,1782362413.3134964,0.0019352436065673828
323068,normal,918,2,1782362413.3155215,0.002025127410888672
323069,normal,381,0,1782362413.3175573,0.002035856246948242
323070,normal,3171,1,1782362413.3194923,0.0019350051879882812
323071,normal,911,2,1782362413.321522,0.0020296573638916016
323072,normal,1552,0,1782362413.3235717,0.002049684524536133
323073,normal,2551,0,1782362413.3255234,0.0019516944885253906
323074,normal,2717,0,1782362413.3275235,0.002000093460083008
323075,normal,1742,0,1782362413.329708,0.002184629440307617
323076,normal,1019,2,1782362413.33149,0.0017819404602050781
323077,normal,2300,0,1782362413.3335376,0.0020475387573242188
323078,normal,2422,0,1782362413.3355718,0.0020341873168945312
323079,normal,3022,0,1782362413.3374927,0.001920938491821289
323080,normal,3630,0,1782362413.3395193,0.0020265579223632812
323081,normal,3598,0,1782362413.3415594,0.0020401477813720703
323082,normal,498,0,1782362413.3435204,0.0019609928131103516
323083,normal,559,0,1782362413.3458004,0.002279996871948242
323084,normal,3253,1,1782362413.3475862,0.0017857551574707031
323085,normal,404,0,1782362413.3497317,0.002145528793334961
323086,normal,1353,1,1782362413.3515809,0.0018491744995117188
323087,normal,2416,0,1782362413.3537776,0.002196788787841797
323088,normal,432,0,1782362413.3555317,0.0017540454864501953
323089,normal,3642,0,1782362413.357542,0.002010345458984375
323090,normal,155,0,1782362413.3595676,0.002025604248046875
323091,normal,2937,0,1782362413.3615563,0.001988649368286133
323092,normal,900,2,1782362413.3635058,0.0019495487213134766
323093,normal,1872,0,1782362413.3655634,0.0020575523376464844
323094,normal,628,0,1782362413.3675296,0.001966238021850586
323095,normal,2618,0,1782362413.3695276,0.0019979476928710938
323096,normal,357,0,1782362413.3715625,0.002034902572631836
323097,normal,1672,0,1782362413.3735263,0.0019638538360595703
323098,normal,2640,0,1782362413.3755274,0.002001047134399414
323099,normal,2146,0,1782362413.3775632,0.002035856246948242
323100,normal,1099,0,1782362413.3795352,0.0019719600677490234
323101,normal,522,0,1782362413.3815262,0.0019910335540771484
323102,normal,2749,0,1782362413.3835657,0.0020394325256347656
323103,normal,1203,0,1782362413.3855333,0.0019676685333251953
323104,normal,237,0,1782362413.3875346,0.0020012855529785156
323105,normal,2474,0,1782362413.3895655,0.0020308494567871094
323106,normal,3600,0,1782362413.3915265,0.0019609928131103516
323107,normal,2047,0,1782362413.393536,0.0020096302032470703
323108,normal,1220,0,1782362413.3955634,0.002027273178100586
323109,normal,524,0,1782362413.3975425,0.0019791126251220703
323110,normal,1174,0,1782362413.3995035,0.0019609928131103516
323111,normal,332,0,1782362413.4015954,0.0020918846130371094
323112,normal,1078,0,1782362413.403531,0.001935720443725586
323113,normal,886,2,1782362413.405527,0.0019960403442382812
323114,normal,3194,1,1782362413.407557,0.002029895782470703
323115,normal,3029,0,1782362413.4095263,0.0019693374633789062
323116,normal,3700,0,1782362413.411505,0.001978635787963867
323117,normal,2171,0,1782362413.4135609,0.0020558834075927734
323118,normal,865,2,1782362413.4155273,0.0019664764404296875
323119,normal,2772,0,1782362413.4175205,0.0019931793212890625
323120,normal,2826,0,1782362413.4195623,0.0020418167114257812
323121,normal,1087,0,1782362413.4215229,0.0019605159759521484
323122,normal,1594,0,1782362413.4235244,0.002001523971557617
323123,normal,2787,0,1782362413.4255803,0.0020558834075927734
323124,normal,1643,0,1782362413.4275239,0.0019435882568359375
323125,normal,1413,0,1782362413.429531,0.0020072460174560547
323126,normal,482,0,1782362413.4315643,0.002033233642578125
323127,normal,3437,0,1782362413.433502,0.0019376277923583984
323128,normal,1134,0,1782362413.435524,0.0020220279693603516
323129,normal,1665,0,1782362413.4375637,0.002039670944213867
323130,normal,3523,0,1782362413.4395316,0.001967906951904297
323131,normal,2059,0,1782362413.441525,0.001993417739868164
323132,normal,538,0,1782362413.4435596,0.0020346641540527344
323133,normal,2883,0,1782362413.4455237,0.001964092254638672
323134,normal,3407,0,1782362413.4475257,0.0020020008087158203
323135,normal,1069,0,1782362413.4495609,0.0020351409912109375
323136,normal,636,0,1782362413.451525,0.001964092254638672
323137,normal,1859,0,1782362413.4535222,0.001997232437133789
323138,normal,1573,0,1782362413.45556,0.0020377635955810547
323139,normal,2374,0,1782362413.4575238,0.0019638538360595703
323140,normal,3540,0,1782362413.4595242,0.0020003318786621094
323141,normal,2564,0,1782362413.4615626,0.0020384788513183594
323142,normal,682,0,1782362413.4635255,0.001962900161743164
323143,normal,2387,0,1782362413.4655228,0.001997232437133789
323144,normal,1463,0,1782362413.4675636,0.002040863037109375
323145,normal,3440,0,1782362413.469525,0.0019614696502685547
323146,normal,3144,1,1782362413.471526,0.0020008087158203125
323147,normal,3375,1,1782362413.47356,0.0020341873168945312
323148,normal,2334,0,1782362413.4755263,0.001966238021850586
323149,normal,2265,0,1782362413.4775515,0.002025127410888672
323150,normal,2803,0,1782362413.4795694,0.002017974853515625
323151,normal,101,0,1782362413.481529,0.001959562301635742
323152,normal,447,0,1782362413.483524,0.001995086669921875
323153,normal,2797,0,1782362413.485564,0.0020399093627929688
323154,normal,310,0,1782362413.4875228,0.0019588470458984375
323155,normal,2214,0,1782362413.489523,0.002000093460083008
323156,normal,1242,0,1782362413.4915638,0.002040863037109375
323157,normal,1773,0,1782362413.4935236,0.0019598007202148438
323158,normal,1620,0,1782362413.495507,0.0019834041595458984
323159,normal,1564,0,1782362413.4975603,0.0020532608032226562
323160,normal,13,0,1782362413.4995263,0.0019659996032714844
323161,normal,27,0,1782362413.5015244,0.0019981861114501953
323162,normal,1027,2,1782362413.5035627,0.002038240432739258
323163,normal,414,0,1782362413.5055237,0.0019609928131103516
323164,normal,2098,0,1782362413.507523,0.001999378204345703
323165,normal,3294,1,1782362413.5095632,0.0020401477813720703
323166,normal,3158,1,1782362413.5115242,0.0019609928131103516
323167,normal,3458,0,1782362413.5135043,0.0019800662994384766
323168,normal,3485,0,1782362413.5158105,0.002306222915649414
323169,normal,870,2,1782362413.5175536,0.0017430782318115234
323170,normal,2960,0,1782362413.5197744,0.0022208690643310547
323171,normal,840,2,1782362413.5217066,0.0019321441650390625
323172,normal,2592,0,1782362413.523549,0.001842498779296875
323173,normal,3624,0,1782362413.525786,0.0022368431091308594
323174,normal,3239,1,1782362413.5277097,0.0019237995147705078
323175,normal,2258,0,1782362413.5295503,0.0018405914306640625
323176,normal,720,0,1782362413.5317466,0.0021963119506835938
323177,normal,1313,0,1782362413.5335605,0.0018138885498046875
323178,normal,3053,1,1782362413.5355165,0.0019559860229492188
323179,normal,1089,0,1782362413.537499,0.001982450485229492
323180,normal,2106,0,1782362413.5395563,0.002057313919067383
323181,normal,1611,0,1782362413.541536,0.001979827880859375
323182,normal,827,2,1782362413.5436487,0.0021126270294189453
323183,normal,1191,0,1782362413.5457191,0.0020704269409179688
323184,normal,2954,0,1782362413.5475485,0.001829385757446289
323185,normal,1961,0,1782362413.549772,0.002223491668701172
323186,normal,1662,0,1782362413.5516157,0.0018436908721923828
323187,normal,1869,0,1782362413.5537133,0.002097606658935547
323188,normal,368,0,1782362413.555552,0.00183868408203125
323189,normal,2186,0,1782362413.5577595,0.002207517623901367
323190,normal,2982,0,1782362413.5595493,0.0017898082733154297
323191,normal,2752,0,1782362413.561712,0.0021626949310302734
323192,normal,3071,1,1782362413.5637262,0.00201416015625
323193,normal,1914,0,1782362413.5655494,0.0018231868743896484
323194,normal,2766,0,1782362413.567717,0.0021677017211914062
323195,normal,127,0,1782362413.5697136,0.0019965171813964844
323196,normal,1012,2,1782362413.5715501,0.001836538314819336
323197,normal,515,0,1782362413.5737164,0.002166271209716797
323198,normal,1116,0,1782362413.5757058,0.0019893646240234375
323199,normal,3681,0,1782362413.5775487,0.0018429756164550781
323200,normal,3510,0,1782362413.579719,0.0021703243255615234
323201,normal,1300,0,1782362413.5817053,0.001986265182495117
323202,normal,3549,0,1782362413.5835469,0.0018415451049804688
323203,normal,2744,0,1782362413.5857196,0.002172708511352539
323204,normal,1419,0,1782362413.5877066,0.001986980438232422
323205,normal,2930,0,1782362413.5895493,0.0018427371978759766
323206,normal,32,0,1782362413.5917237,0.00217437744140625
323207,normal,3668,0,1782362413.5937045,0.0019807815551757812
323208,normal,3609,0,1782362413.5955503,0.0018458366394042969
323209,normal,2218,0,1782362413.59772,0.0021696090698242188
323210,normal,3685,0,1782362413.5997057,0.001985788345336914
323211,normal,1812,0,1782362413.6015477,0.0018420219421386719
323212,normal,242,0,1782362413.603722,0.00217437744140625
323213,normal,2668,0,1782362413.6057017,0.0019795894622802734
323214,normal,2050,0,1782362413.607546,0.0018444061279296875
323215,normal,3114,1,1782362413.609726,0.002179861068725586
323216,normal,1398,0,1782362413.6117024,0.001976490020751953
323217,normal,3240,1,1782362413.613548,0.0018455982208251953
323218,normal,977,2,1782362413.6157305,0.002182483673095703
323219,normal,658,0,1782362413.6177046,0.0019741058349609375
323220,normal,2497,0,1782362413.6195478,0.0018432140350341797
323221,normal,1658,0,1782362413.6217296,0.0021817684173583984
323222,normal,2683,0,1782362413.6236994,0.0019698143005371094
323223,normal,136,0,1782362413.6255472,0.0018477439880371094
323224,normal,679,0,1782362413.627733,0.002185821533203125
323225,normal,3656,0,1782362413.6297185,0.0019855499267578125
323226,normal,3354,1,1782362413.6315513,0.001832723617553711
323227,normal,1237,0,1782362413.6337106,0.0021593570709228516
323228,normal,2709,0,1782362413.6355677,0.0018570423126220703
323229,normal,1638,0,1782362413.6375422,0.0019745826721191406
323230,normal,3212,1,1782362413.639753,0.002210855484008789
323231,normal,3593,0,1782362413.6417618,0.002008676528930664
323232,normal,1202,0,1782362413.6435378,0.001775979995727539
323233,normal,2999,0,1782362413.645798,0.0022602081298828125
323234,normal,3707,0,1782362413.6477363,0.0019383430480957031
323235,normal,1017,2,1782362413.6495924,0.001856088638305664
323236,normal,358,0,1782362413.651797,0.0022046566009521484
323237,normal,388,0,1782362413.65356,0.0017628669738769531
323238,normal,3331,1,1782362413.6557446,0.002184629440307617
323239,normal,2208,0,1782362413.657611,0.0018663406372070312
323240,normal,1321,1,1782362413.6599038,0.0022928714752197266
323241,normal,1986,0,1782362413.6615741,0.0016703605651855469
323242,normal,1884,0,1782362413.6639006,0.002326488494873047
323243,normal,1503,0,1782362413.6657538,0.0018532276153564453
323244,normal,1326,1,1782362413.6676586,0.0019047260284423828
323245,normal,1181,0,1782362413.6694732,0.0018146038055419922
323246,normal,1862,0,1782362413.6717792,0.0023059844970703125
323247,normal,2261,0,1782362413.6735148,0.001735687255859375
323248,normal,3281,1,1782362413.6758108,0.002295970916748047
323249,normal,1671,0,1782362413.6776054,0.001794576644897461
323250,normal,941,2,1782362413.679595,0.001989603042602539
323251,normal,2845,0,1782362413.6817303,0.0021352767944335938
323252,normal,3416,0,1782362413.683997,0.0022666454315185547
323253,normal,2569,0,1782362413.6857395,0.0017426013946533203
323254,normal,3349,1,1782362413.6877344,0.0019948482513427734
323255,normal,2460,0,1782362413.6897714,0.00203704833984375
323256,normal,1610,0,1782362413.691709,0.0019376277923583984
323257,normal,2989,0,1782362413.6937425,0.0020334720611572266
323258,normal,1159,0,1782362413.6958704,0.0021278858184814453
323259,normal,992,2,1782362413.697604,0.001733541488647461
323260,normal,1132,0,1782362413.6997597,0.002155780792236328
323261,normal,2675,0,1782362413.701709,0.001949310302734375
323262,normal,3504,0,1782362413.7035472,0.0018382072448730469
323263,normal,2281,0,1782362413.7057674,0.00222015380859375
323264,normal,2771,0,1782362413.707736,0.0019686222076416016
323265,normal,2858,0,1782362413.7095456,0.0018095970153808594
323266,normal,788,2,1782362413.7117739,0.002228260040283203
323267,normal,1723,0,1782362413.713879,0.002105236053466797
323268,normal,2333,0,1782362413.7155528,0.0016736984252929688
323269,normal,2439,0,1782362413.7177558,0.0022029876708984375
323270,normal,598,0,1782362413.719925,0.0021691322326660156
323271,normal,2033,0,1782362413.7215676,0.0016427040100097656
323272,normal,2611,0,1782362413.7239683,0.002400636672973633
323273,normal,1581,0,1782362413.7257123,0.0017440319061279297
323274,normal,2616,0,1782362413.7277617,0.0020494461059570312
323275,normal,2463,0,1782362413.7297308,0.0019690990447998047
323276,normal,1832,0,1782362413.731738,0.0020072460174560547
323277,normal,90,0,1782362413.733588,0.0018498897552490234
323278,normal,833,2,1782362413.7356164,0.0020284652709960938
323279,normal,2100,0,1782362413.7375906,0.0019741058349609375
323280,normal,318,0,1782362413.7396934,0.0021028518676757812
323281,normal,2089,0,1782362413.7416143,0.001920938491821289
323282,normal,3243,1,1782362413.7437809,0.0021665096282958984
323283,normal,887,2,1782362413.7455595,0.0017786026000976562
323284,normal,3612,0,1782362413.7476158,0.0020563602447509766
323285,normal,2461,0,1782362413.7497122,0.002096414566040039
323286,normal,1996,0,1782362413.7515526,0.001840353012084961
323287,normal,910,2,1782362413.7536967,0.0021440982818603516
323288,normal,2881,0,1782362413.755695,0.001998424530029297
323289,normal,2638,0,1782362413.7575457,0.0018506050109863281
323290,normal,2518,0,1782362413.7596998,0.002154111862182617
323291,normal,2853,0,1782362413.7616959,0.0019960403442382812
323292,normal,2394,0,1782362413.7635453,0.0018494129180908203
323293,normal,1729,0,1782362413.7658045,0.0022592544555664062
323294,normal,2329,0,1782362413.767694,0.0018894672393798828
323295,normal,3215,1,1782362413.7695565,0.0018625259399414062
323296,normal,592,0,1782362413.7717333,0.0021767616271972656
323297,normal,1310,0,1782362413.773699,0.001965761184692383
323298,normal,23,0,1782362413.7755497,0.0018506050109863281
323299,normal,1575,0,1782362413.7777183,0.0021686553955078125
323300,normal,143,0,1782362413.779753,0.0020346641540527344
323301,normal,1555,0,1782362413.7815456,0.0017926692962646484
323302,normal,3286,1,1782362413.7837172,0.0021715164184570312
323303,normal,940,2,1782362413.7856824,0.0019652843475341797
323304,normal,3072,1,1782362413.7875452,0.0018627643585205078
323305,normal,754,0,1782362413.7897108,0.002165555953979492
323306,normal,1188,0,1782362413.7916932,0.001982450485229492
323307,normal,3282,1,1782362413.7935476,0.0018544197082519531
323308,normal,2809,0,1782362413.7957096,0.0021619796752929688
323309,normal,552,0,1782362413.7976842,0.0019745826721191406
323310,normal,52,0,1782362413.799547,0.0018627643585205078
323311,normal,2436,0,1782362413.8017554,0.0022084712982177734
323312,normal,146,0,1782362413.8036785,0.0019230842590332031
323313,normal,1096,0,1782362413.8055453,0.0018668174743652344
323314,normal,397,0,1782362413.807711,0.002165555953979492
323315,normal,525,0,1782362413.8096566,0.0019457340240478516
323316,normal,1892,0,1782362413.8115458,0.0018892288208007812
323317,normal,3107,1,1782362413.8137372,0.002191305160522461
323318,normal,286,0,1782362413.8157175,0.001980304718017578
323319,normal,284,0,1782362413.8175466,0.0018291473388671875
323320,normal,1064,0,1782362413.8197162,0.0021696090698242188
323321,normal,1248,0,1782362413.8216927,0.001976490020751953
323322,normal,3674,0,1782362413.8235466,0.00185394287109375
323323,normal,2802,0,1782362413.8257225,0.0021758079528808594
323324,normal,626,0,1782362413.8276858,0.001963376998901367
323325,normal,3524,0,1782362413.8295517,0.0018658638000488281
323326,normal,3174,1,1782362413.831719,0.002167224884033203
323327,normal,2063,0,1782362413.8336864,0.0019674301147460938
323328,normal,1941,0,1782362413.835546,0.0018596649169921875
323329,normal,1629,0,1782362413.8377228,0.0021767616271972656
323330,normal,2945,0,1782362413.8397045,0.0019817352294921875
323331,normal,699,0,1782362413.8415444,0.0018398761749267578
323332,normal,965,2,1782362413.8437474,0.0022029876708984375
323333,normal,1653,0,1782362413.8457382,0.001990795135498047
323334,normal,2143,0,1782362413.8475459,0.0018076896667480469
323335,normal,3582,0,1782362413.8497267,0.002180814743041992
323336,normal,3690,0,1782362413.851694,0.0019674301147460938
323337,normal,2777,0,1782362413.8535464,0.001852273941040039
323338,normal,2716,0,1782362413.8557317,0.002185344696044922
323339,normal,173,0,1782362413.8576968,0.001965045928955078
323340,normal,597,0,1782362413.8595645,0.0018677711486816406
323341,normal,2815,0,1782362413.8617282,0.0021636486053466797
323342,normal,348,0,1782362413.8636906,0.001962423324584961
323343,normal,3169,1,1782362413.8655562,0.0018656253814697266
323344,normal,1595,0,1782362413.8677347,0.0021784305572509766
323345,normal,1299,0,1782362413.8697407,0.002006053924560547
323346,normal,564,0,1782362413.8715463,0.0018055438995361328
323347,normal,1783,0,1782362413.8737314,0.0021851062774658203
323348,normal,1741,0,1782362413.875693,0.0019617080688476562
323349,normal,1995,0,1782362413.8775475,0.0018544197082519531
323350,normal,2312,0,1782362413.879736,0.002188444137573242
323351,normal,1604,0,1782362413.88169,0.0019540786743164062
323352,normal,2345,0,1782362413.883545,0.0018548965454101562
323353,normal,600,0,1782362413.8857512,0.0022063255310058594
323354,normal,2185,0,1782362413.887685,0.0019338130950927734
323355,normal,153,0,1782362413.8895457,0.0018606185913085938
323356,normal,2219,0,1782362413.8917532,0.002207517623901367
323357,normal,1989,0,1782362413.893686,0.0019328594207763672
323358,normal,830,2,1782362413.895546,0.001859903335571289
323359,normal,2832,0,1782362413.8977635,0.002217531204223633
323360,normal,1795,0,1782362413.899683,0.0019195079803466797
323361,normal,2561,0,1782362413.9015462,0.001863241195678711
323362,normal,321,0,1782362413.903771,0.0022246837615966797
323363,normal,419,0,1782362413.9056942,0.0019233226776123047
323364,normal,1036,0,1782362413.9075482,0.00185394287109375
323365,normal,2384,0,1782362413.9097593,0.0022110939025878906
323366,normal,130,0,1782362413.9116948,0.0019354820251464844
323367,normal,2895,0,1782362413.9135473,0.0018525123596191406
323368,normal,1424,0,1782362413.915774,0.0022268295288085938
323369,normal,1136,0,1782362413.9176893,0.0019152164459228516
323370,normal,3567,0,1782362413.9195466,0.0018572807312011719
323371,normal,966,2,1782362413.9217658,0.0022192001342773438
323372,normal,2953,0,1782362413.9236915,0.0019257068634033203
323373,normal,1491,0,1782362413.92555,0.0018584728240966797
323374,normal,2285,0,1782362413.9277668,0.002216815948486328
323375,normal,3301,1,1782362413.9297173,0.0019505023956298828
323376,normal,3284,1,1782362413.9315515,0.0018341541290283203
323377,normal,3634,0,1782362413.9337804,0.002228975296020508
323378,normal,667,0,1782362413.935591,0.0018105506896972656
323379,normal,2910,0,1782362413.9377205,0.0021295547485351562
323380,normal,2472,0,1782362413.9396112,0.0018906593322753906
323381,normal,1255,0,1782362413.9417434,0.0021321773529052734
323382,normal,2368,0,1782362413.9435492,0.0018057823181152344
323383,normal,520,0,1782362413.9457703,0.0022211074829101562
323384,normal,3606,0,1782362413.9477026,0.001932382583618164
323385,normal,1124,0,1782362413.949548,0.0018453598022460938
323386,normal,180,0,1782362413.9517736,0.002225637435913086
323387,normal,1440,0,1782362413.9536848,0.001911163330078125
323388,normal,1679,0,1782362413.9555464,0.001861572265625
323389,normal,2824,0,1782362413.9577756,0.0022292137145996094
323390,normal,1256,0,1782362413.959684,0.0019083023071289062
323391,normal,609,0,1782362413.9615278,0.0018439292907714844
323392,normal,2565,0,1782362413.9636288,0.0021009445190429688
323393,normal,2712,0,1782362413.965623,0.0019941329956054688
323394,normal,2337,0,1782362413.9675245,0.0019016265869140625
323395,normal,1560,0,1782362413.9696336,0.002109050750732422
323396,normal,2661,0,1782362413.9716277,0.0019941329956054688
323397,normal,1495,0,1782362413.9735134,0.0018856525421142578
323398,normal,2356,0,1782362413.975588,0.002074718475341797
323399,normal,1311,0,1782362413.9775875,0.001999378204345703
323400,normal,3675,0,1782362413.9795017,0.0019142627716064453
323401,normal,3210,1,1782362413.9815218,0.002020120620727539
323402,normal,1105,0,1782362413.9835584,0.002036571502685547
323403,normal,3164,1,1782362413.9855466,0.0019881725311279297
323404,normal,25,0,1782362413.9875023,0.001955747604370117
323405,normal,3054,1,1782362413.98956,0.0020575523376464844
323406,normal,2435,0,1782362413.99152,0.0019600391387939453
323407,normal,674,0,1782362413.9935224,0.0020024776458740234
323408,normal,1877,0,1782362413.9955592,0.0020368099212646484
323409,normal,1853,0,1782362413.9975193,0.0019600391387939453
323410,normal,223,0,1782362413.9995203,0.002001047134399414
323411,normal,1071,0,1782362414.0015602,0.0020399093627929688
323412,normal,550,0,1782362414.0035203,0.0019600391387939453
323413,normal,2922,0,1782362414.0055206,0.0020003318786621094
323414,normal,1953,0,1782362414.0075603,0.002039670944213867
323415,normal,3573,0,1782362414.009523,0.0019626617431640625
323416,normal,2519,0,1782362414.0115209,0.0019979476928710938
323417,normal,2061,0,1782362414.0135677,0.002046823501586914
323418,normal,281,0,1782362414.0155194,0.0019516944885253906
323419,normal,2827,0,1782362414.0175202,0.0020008087158203125
323420,normal,2962,0,1782362414.0195618,0.0020415782928466797
323421,normal,1551,0,1782362414.02152,0.001958131790161133
323422,normal,48,0,1782362414.0235198,0.0019998550415039062
323423,normal,2791,0,1782362414.02558,0.0020601749420166016
323424,normal,3024,0,1782362414.027502,0.0019221305847167969
323425,normal,170,0,1782362414.0295217,0.002019643783569336
323426,normal,884,2,1782362414.0315685,0.002046823501586914
323427,normal,2429,0,1782362414.0335221,0.001953601837158203
323428,normal,2,0,1782362414.0354965,0.001974344253540039
323429,normal,3177,1,1782362414.0375273,0.0020308494567871094
323430,normal,1993,0,1782362414.0395043,0.0019769668579101562
323431,normal,248,0,1782362414.041517,0.0020127296447753906
323432,normal,1790,0,1782362414.043752,0.002234935760498047
323433,normal,551,0,1782362414.0455437,0.0017917156219482422
323434,normal,1146,0,1782362414.0477118,0.0021681785583496094
323435,normal,988,2,1782362414.0496068,0.0018949508666992188
323436,normal,2444,0,1782362414.051546,0.0019392967224121094
323437,normal,3077,1,1782362414.0537083,0.0021622180938720703
323438,normal,731,0,1782362414.0556073,0.0018990039825439453
323439,normal,3036,0,1782362414.0575476,0.0019402503967285156
323440,normal,3676,0,1782362414.05971,0.002162456512451172
323441,normal,948,2,1782362414.0616086,0.0018985271453857422
323442,normal,2254,0,1782362414.0635378,0.0019292831420898438
323443,normal,2577,0,1782362414.065695,0.0021572113037109375
323444,normal,3019,0,1782362414.067696,0.002001047134399414
323445,normal,2700,0,1782362414.0695517,0.001855611801147461
323446,normal,1751,0,1782362414.0716977,0.002146005630493164
323447,normal,2681,0,1782362414.07369,0.0019922256469726562
323448,normal,1199,0,1782362414.0755467,0.0018568038940429688
323449,normal,2556,0,1782362414.077714,0.002167224884033203
323450,normal,1712,0,1782362414.0796888,0.001974821090698242
323451,normal,2339,0,1782362414.081567,0.0018782615661621094
323452,normal,3392,1,1782362414.0837169,0.002149820327758789
323453,normal,1915,0,1782362414.0856814,0.001964569091796875
323454,normal,3678,0,1782362414.0875456,0.0018641948699951172
323455,normal,1950,0,1782362414.0897272,0.002181529998779297
323456,normal,2295,0,1782362414.0916798,0.0019526481628417969
323457,normal,3435,0,1782362414.0935464,0.0018665790557861328
323458,normal,297,0,1782362414.0957243,0.0021779537200927734
323459,normal,192,0,1782362414.0976532,0.0019288063049316406
323460,normal,1765,0,1782362414.0995462,0.0018930435180664062
323461,normal,18,0,1782362414.101728,0.0021817684173583984
323462,normal,3196,1,1782362414.103681,0.001953125
323463,normal,3641,0,1782362414.1055465,0.001865386962890625
323464,normal,1172,0,1782362414.1076922,0.0021457672119140625
323465,normal,3166,1,1782362414.1096992,0.002007007598876953
323466,normal,1721,0,1782362414.1115456,0.0018463134765625
323467,normal,672,0,1782362414.1137342,0.0021886825561523438
323468,normal,1880,0,1782362414.1156828,0.0019485950469970703
323469,normal,2267,0,1782362414.1175454,0.0018625259399414062
323470,normal,577,0,1782362414.1197314,0.0021860599517822266
323471,normal,265,0,1782362414.1216807,0.001949310302734375
323472,normal,2226,0,1782362414.1235468,0.0018661022186279297
323473,normal,2277,0,1782362414.1257358,0.0021889209747314453
323474,normal,63,0,1782362414.1276839,0.0019481182098388672
323475,normal,2977,0,1782362414.1295488,0.0018649101257324219
323476,normal,3249,1,1782362414.1317399,0.0021910667419433594
323477,normal,716,0,1782362414.133687,0.001947164535522461
323478,normal,1466,0,1782362414.1355534,0.0018663406372070312
323479,normal,3457,0,1782362414.137739,0.0021855831146240234
323480,normal,795,2,1782362414.1396785,0.001939535140991211
323481,normal,2464,0,1782362414.1415522,0.0018737316131591797
323482,normal,719,0,1782362414.14375,0.002197742462158203
323483,normal,1646,0,1782362414.1456833,0.0019333362579345703
323484,normal,1837,0,1782362414.1475475,0.0018641948699951172
323485,normal,772,2,1782362414.1497607,0.0022132396697998047
323486,normal,3605,0,1782362414.1516924,0.0019316673278808594
323487,normal,451,0,1782362414.1535454,0.0018529891967773438
323488,normal,1606,0,1782362414.1557603,0.0022149085998535156
323489,normal,1854,0,1782362414.157695,0.0019347667694091797
323490,normal,1891,0,1782362414.1595526,0.0018575191497802734
323491,normal,982,2,1782362414.1617453,0.0021927356719970703
323492,normal,3684,0,1782362414.1636539,0.0019085407257080078
323493,normal,3097,1,1782362414.1655462,0.0018923282623291016
323494,normal,2865,0,1782362414.167761,0.0022149085998535156
323495,normal,3517,0,1782362414.169682,0.001920938491821289
323496,normal,3550,0,1782362414.1715472,0.0018651485443115234
323497,normal,2505,0,1782362414.173762,0.0022149085998535156
323498,normal,963,2,1782362414.175682,0.0019199848175048828
323499,normal,3018,0,1782362414.177547,0.0018649101257324219
323500,normal,2347,0,1782362414.1797686,0.0022215843200683594
323501,normal,1298,0,1782362414.1816857,0.001917123794555664
323502,normal,2947,0,1782362414.1835454,0.0018596649169921875
323503,normal,2973,0,1782362414.1857698,0.002224445343017578
323504,normal,837,2,1782362414.1876566,0.0018868446350097656
323505,normal,3251,1,1782362414.1895475,0.0018908977508544922
323506,normal,1559,0,1782362414.1917584,0.002210855484008789
323507,normal,651,0,1782362414.1936557,0.0018973350524902344
323508,normal,3276,1,1782362414.1955452,0.0018894672393798828
323509,normal,2388,0,1782362414.1977623,0.0022170543670654297
323510,normal,654,0,1782362414.1996546,0.0018923282623291016
323511,normal,1427,0,1782362414.2015471,0.0018925666809082031
323512,normal,959,2,1782362414.2037015,0.0021543502807617188
323513,normal,3344,1,1782362414.2057006,0.0019991397857666016
323514,normal,1647,0,1782362414.2075465,0.0018458366394042969
323515,normal,3109,1,1782362414.2097564,0.002209901809692383
323516,normal,422,0,1782362414.211648,0.0018916130065917969
323517,normal,1656,0,1782362414.2135456,0.001897573471069336
323518,normal,2502,0,1782362414.215756,0.002210378646850586
323519,normal,1520,0,1782362414.2176542,0.0018982887268066406
323520,normal,1882,0,1782362414.2195494,0.0018951892852783203
323521,normal,3350,1,1782362414.2217836,0.002234220504760742
323522,normal,875,2,1782362414.2238405,0.0020568370819091797
323523,normal,1654,0,1782362414.2255368,0.0016963481903076172
323524,normal,2780,0,1782362414.2276201,0.002083301544189453
323525,normal,408,0,1782362414.2298076,0.002187490463256836
323526,normal,2934,0,1782362414.23154,0.0017323493957519531
323527,normal,3150,1,1782362414.2336223,0.002082347869873047
323528,normal,2872,0,1782362414.2357247,0.002102375030517578
323529,normal,554,0,1782362414.2375555,0.0018308162689208984
323530,normal,3228,1,1782362414.2397735,0.002218008041381836
323531,normal,1835,0,1782362414.2416427,0.00186920166015625
323532,normal,2477,0,1782362414.2435453,0.0019025802612304688
323533,normal,954,2,1782362414.2457752,0.002229928970336914
323534,normal,811,2,1782362414.247642,0.0018668174743652344
323535,normal,3386,1,1782362414.249547,0.0019049644470214844
323536,normal,2548,0,1782362414.2517576,0.0022106170654296875
323537,normal,3332,1,1782362414.253646,0.001888275146484375
323538,normal,3256,1,1782362414.2555447,0.0018987655639648438
323539,normal,2585,0,1782362414.2577217,0.002177000045776367
323540,normal,3666,0,1782362414.2597117,0.001990079879760742
323541,normal,1320,1,1782362414.2615454,0.0018336772918701172
323542,normal,922,2,1782362414.2636979,0.0021524429321289062
323543,normal,2687,0,1782362414.2656958,0.0019979476928710938
323544,normal,3617,0,1782362414.2675467,0.0018508434295654297
323545,normal,737,0,1782362414.2697015,0.002154827117919922
323546,normal,834,2,1782362414.2716918,0.0019903182983398438
323547,normal,907,2,1782362414.2735496,0.001857757568359375
323548,normal,179,0,1782362414.2756574,0.002107858657836914
323549,normal,3263,1,1782362414.2776113,0.0019538402557373047
323550,normal,3623,0,1782362414.2795336,0.0019223690032958984
323551,normal,2276,0,1782362414.2815466,0.002012968063354492
323552,normal,1609,0,1782362414.2836895,0.0021429061889648438
323553,normal,2225,0,1782362414.2855263,0.0018367767333984375
323554,normal,162,0,1782362414.2877717,0.0022454261779785156
323555,normal,1307,0,1782362414.289624,0.001852273941040039
323556,normal,3140,1,1782362414.291546,0.0019221305847167969
323557,normal,3477,0,1782362414.2935185,0.0019724369049072266
323558,normal,1807,0,1782362414.2955244,0.0020058155059814453
323559,normal,2473,0,1782362414.2975307,0.0020062923431396484
323560,normal,2544,0,1782362414.2995005,0.0019698143005371094
323561,normal,1684,0,1782362414.301568,0.00206756591796875
323562,normal,135,0,1782362414.3035214,0.0019533634185791016
323563,normal,100,0,1782362414.3056886,0.002167224884033203
323564,normal,3597,0,1782362414.3075988,0.0019102096557617188
323565,normal,1360,1,1782362414.3095486,0.0019497871398925781
323566,normal,1580,0,1782362414.3117177,0.0021691322326660156
323567,normal,2794,0,1782362414.3136957,0.0019779205322265625
323568,normal,2985,0,1782362414.315547,0.0018513202667236328
323569,normal,3084,1,1782362414.317716,0.002168893814086914
323570,normal,8,0,1782362414.319695,0.0019791126251220703
323571,normal,3261,1,1782362414.321548,0.0018529891967773438
323572,normal,2162,0,1782362414.323727,0.0021789073944091797
323573,normal,213,0,1782362414.3256466,0.0019197463989257812
323574,normal,263,0,1782362414.3275466,0.0018999576568603516
323575,normal,232,0,1782362414.3297312,0.002184629440307617
323576,normal,2834,0,1782362414.3316352,0.0019040107727050781
323577,normal,800,2,1782362414.3337224,0.002087116241455078
323578,normal,2280,0,1782362414.3355775,0.0018551349639892578
323579,normal,1792,0,1782362414.3377707,0.0021932125091552734
323580,normal,3209,1,1782362414.3395479,0.0017771720886230469
323581,normal,2008,0,1782362414.3415837,0.002035856246948242
323582,normal,3449,0,1782362414.3436968,0.0021131038665771484
323583,normal,845,2,1782362414.3455274,0.0018305778503417969
323584,normal,209,0,1782362414.3475885,0.002061128616333008
323585,normal,512,0,1782362414.3497567,0.0021681785583496094
323586,normal,3672,0,1782362414.3523946,0.0026378631591796875
323587,normal,1369,1,1782362414.3535125,0.0011179447174072266
323588,normal,2353,0,1782362414.355653,0.002140522003173828
323589,normal,1155,0,1782362414.3575742,0.0019211769104003906
323590,normal,2506,0,1782362414.3594935,0.0019192695617675781
323591,normal,3462,0,1782362414.3615131,0.002019643783569336
323592,normal,2860,0,1782362414.3634853,0.001972198486328125
323593,normal,558,0,1782362414.3655121,0.002026796340942383
323594,normal,771,0,1782362414.367505,0.001992940902709961
323595,normal,1021,2,1782362414.3695447,0.002039670944213867
323596,normal,981,2,1782362414.3715162,0.0019714832305908203
323597,normal,2438,0,1782362414.3737457,0.002229452133178711
323598,normal,1138,0,1782362414.3755302,0.0017845630645751953
323599,normal,3509,0,1782362414.377616,0.0020856857299804688
323600,normal,3476,0,1782362414.3797443,0.0021283626556396484
323601,normal,828,2,1782362414.3815289,0.0017845630645751953
323602,normal,1434,0,1782362414.3838468,0.0023179054260253906
323603,normal,3206,1,1782362414.3857152,0.0018684864044189453
323604,normal,1973,0,1782362414.3875217,0.001806497573852539
323605,normal,574,0,1782362414.3897378,0.0022161006927490234
323606,normal,2156,0,1782362414.3917427,0.002004861831665039
323607,normal,1725,0,1782362414.3935645,0.001821756362915039
323608,normal,1284,0,1782362414.395847,0.0022826194763183594
323609,normal,1332,1,1782362414.3975446,0.001697540283203125
323610,normal,2383,0,1782362414.399733,0.002188444137573242
323611,normal,3052,1,1782362414.4017208,0.0019876956939697266
323612,normal,316,0,1782362414.403727,0.0020062923431396484
323613,normal,2237,0,1782362414.4057202,0.0019931793212890625
323614,normal,1893,0,1782362414.4076252,0.0019049644470214844
323615,normal,2653,0,1782362414.4097106,0.002085447311401367
323616,normal,510,0,1782362414.4117424,0.0020318031311035156
323617,normal,537,0,1782362414.413541,0.0017986297607421875
323618,normal,174,0,1782362414.4157417,0.002200603485107422
323619,normal,826,2,1782362414.4177015,0.0019598007202148438
323620,normal,917,2,1782362414.4195395,0.0018379688262939453
323621,normal,377,0,1782362414.4217384,0.002198934555053711
323622,normal,343,0,1782362414.423584,0.0018455982208251953
323623,normal,350,0,1782362414.4257386,0.0021545886993408203
323624,normal,2898,0,1782362414.4276338,0.0018951892852783203
323625,normal,2447,0,1782362414.4297473,0.0021135807037353516
323626,normal,3603,0,1782362414.431531,0.001783609390258789
323627,normal,1678,0,1782362414.4338675,0.0023365020751953125
323628,normal,952,2,1782362414.435524,0.0016565322875976562
323629,normal,1797,0,1782362414.4377205,0.0021965503692626953
323630,normal,3513,0,1782362414.4397402,0.002019643783569336
323631,normal,3327,1,1782362414.441536,0.0017957687377929688
323632,normal,1122,0,1782362414.4437423,0.0022063255310058594
323633,normal,1333,1,1782362414.4456365,0.001894235610961914
323634,normal,51,0,1782362414.4477434,0.002106904983520508
323635,normal,3592,0,1782362414.4496279,0.00188446044921875
323636,normal,3589,0,1782362414.4517403,0.0021123886108398438
323637,normal,3531,0,1782362414.4535267,0.0017864704132080078
323638,normal,1015,2,1782362414.4557273,0.002200603485107422
323639,normal,3613,0,1782362414.4577372,0.002009868621826172
323640,normal,646,0,1782362414.4595215,0.0017843246459960938
323641,normal,978,2,1782362414.461735,0.0022134780883789062
323642,normal,1000,2,1782362414.4637084,0.001973390579223633
323643,normal,2995,0,1782362414.465822,0.0021135807037353516
323644,normal,1213,0,1782362414.4675212,0.001699209213256836
323645,normal,1732,0,1782362414.4697418,0.002220630645751953
323646,normal,2567,0,1782362414.4715874,0.0018455982208251953
323647,normal,3616,0,1782362414.473746,0.002158641815185547
323648,normal,777,2,1782362414.475744,0.0019979476928710938
323649,normal,3218,1,1782362414.477522,0.0017778873443603516
323650,normal,476,0,1782362414.4796386,0.002116680145263672
323651,normal,2560,0,1782362414.4815755,0.0019369125366210938
323652,normal,2068,0,1782362414.4838302,0.0022547245025634766
323653,normal,1420,0,1782362414.4855428,0.0017125606536865234
323654,normal,113,0,1782362414.4876509,0.0021080970764160156
323655,normal,2417,0,1782362414.489724,0.002073049545288086
323656,normal,2245,0,1782362414.4915223,0.001798391342163086
323657,normal,2128,0,1782362414.4937294,0.002207040786743164
323658,normal,2206,0,1782362414.495582,0.0018527507781982422
323659,normal,1497,0,1782362414.4977336,0.0021514892578125
323660,normal,2533,0,1782362414.4998398,0.002106189727783203
323661,normal,528,0,1782362414.501531,0.0016911029815673828
323662,normal,1689,0,1782362414.5037374,0.002206563949584961
323663,normal,2778,0,1782362414.5057492,0.0020117759704589844
323664,normal,3478,0,1782362414.507521,0.001771688461303711
323665,normal,1818,0,1782362414.5097783,0.0022573471069335938
323666,normal,862,2,1782362414.5117266,0.0019483566284179688
323667,normal,448,0,1782362414.5137486,0.0020220279693603516
323668,normal,3065,1,1782362414.515571,0.0018224716186523438
323669,normal,2563,0,1782362414.5178325,0.0022614002227783203
323670,normal,496,0,1782362414.5195632,0.0017306804656982422
323671,normal,3317,1,1782362414.5217764,0.0022132396697998047
323672,normal,3443,0,1782362414.5237546,0.001978158950805664
323673,normal,2224,0,1782362414.5255237,0.0017690658569335938
323674,normal,3453,0,1782362414.5277088,0.0021851062774658203
323675,normal,201,0,1782362414.5297446,0.002035856246948242
323676,normal,1745,0,1782362414.5315516,0.0018069744110107422
323677,normal,2129,0,1782362414.533767,0.0022153854370117188
323678,normal,2886,0,1782362414.5357518,0.001984834671020508
323679,normal,107,0,1782362414.5375342,0.0017824172973632812
323680,normal,916,2,1782362414.5397701,0.002235889434814453
323681,normal,1173,0,1782362414.5417237,0.001953601837158203
323682,normal,3197,1,1782362414.543578,0.0018541812896728516
323683,normal,2166,0,1782362414.5457811,0.002203226089477539
323684,normal,1006,2,1782362414.5477247,0.0019435882568359375
323685,normal,730,0,1782362414.5495224,0.0017976760864257812
323686,normal,2354,0,1782362414.5517778,0.0022554397583007812
323687,normal,934,2,1782362414.5538342,0.0020563602447509766
323688,normal,285,0,1782362414.5555177,0.0016834735870361328
323689,normal,808,2,1782362414.5577762,0.0022585391998291016
323690,normal,76,0,1782362414.5597074,0.0019311904907226562
323691,normal,1566,0,1782362414.5617387,0.0020313262939453125
323692,normal,1354,1,1782362414.563521,0.0017821788787841797
323693,normal,1265,0,1782362414.5657425,0.0022215843200683594
323694,normal,249,0,1782362414.567521,0.0017786026000976562
323695,normal,1277,0,1782362414.5697813,0.0022602081298828125
323696,normal,2054,0,1782362414.571829,0.0020477771759033203
323697,normal,1720,0,1782362414.5735211,0.001692056655883789
323698,normal,703,0,1782362414.575726,0.00220489501953125
323699,normal,2630,0,1782362414.5777414,0.002015352249145508
323700,normal,2662,0,1782362414.5795228,0.001781463623046875
323701,normal,1215,0,1782362414.5817935,0.0022706985473632812
323702,normal,2850,0,1782362414.58365,0.0018565654754638672
323703,normal,563,0,1782362414.5855331,0.0018830299377441406
323704,normal,3252,1,1782362414.5877392,0.002206087112426758
323705,normal,2423,0,1782362414.589734,0.0019948482513427734
323706,normal,282,0,1782362414.5915778,0.0018436908721923828
323707,normal,1814,0,1782362414.593823,0.002245187759399414
323708,normal,1896,0,1782362414.5957406,0.0019176006317138672
323709,normal,3127,1,1782362414.5975268,0.0017862319946289062
323710,normal,793,2,1782362414.599604,0.0020771026611328125
323711,normal,1400,0,1782362414.6017497,0.0021457672119140625
323712,normal,1786,0,1782362414.6035223,0.0017726421356201172
323713,normal,2938,0,1782362414.6057436,0.002221345901489258
323714,normal,1537,0,1782362414.6077085,0.0019648075103759766
323715,normal,2774,0,1782362414.6097455,0.00203704833984375
323716,normal,2955,0,1782362414.6116304,0.0018849372863769531
323717,normal,1625,0,1782362414.6137362,0.002105712890625
323718,normal,3442,0,1782362414.6155615,0.0018253326416015625
323719,normal,3516,0,1782362414.6178114,0.0022499561309814453
323720,normal,725,0,1782362414.6197376,0.0019261837005615234
323721,normal,2769,0,1782362414.6215208,0.001783132553100586
323722,normal,360,0,1782362414.623726,0.0022051334381103516
323723,normal,2800,0,1782362414.6257465,0.002020597457885742
323724,normal,2297,0,1782362414.6276283,0.0018818378448486328
323725,normal,1261,0,1782362414.629801,0.002172708511352539
323726,normal,3285,1,1782362414.63164,0.0018389225006103516
323727,normal,1758,0,1782362414.6335297,0.0018897056579589844
323728,normal,2732,0,1782362414.635746,0.002216339111328125
323729,normal,2949,0,1782362414.6377356,0.001989603042602539
323730,normal,2478,0,1782362414.6395676,0.0018320083618164062
323731,normal,1706,0,1782362414.6418126,0.0022449493408203125
323732,normal,2966,0,1782362414.6438658,0.0020532608032226562
323733,normal,2170,0,1782362414.6454954,0.0016295909881591797
323734,normal,2725,0,1782362414.6475036,0.002008199691772461
323735,normal,2331,0,1782362414.6495636,0.0020599365234375
323736,normal,3313,1,1782362414.6515005,0.0019369125366210938
323737,normal,1120,0,1782362414.653512,0.002011537551879883
323738,normal,1316,0,1782362414.65557,0.0020580291748046875
323739,normal,1870,0,1782362414.6575148,0.0019447803497314453
323740,normal,593,0,1782362414.6595082,0.001993417739868164
323741,normal,599,0,1782362414.6615667,0.0020585060119628906
323742,normal,905,2,1782362414.663506,0.0019392967224121094
323743,normal,2407,0,1782362414.6655056,0.0019996166229248047
323744,normal,3198,1,1782362414.6675792,0.002073526382446289
323745,normal,484,0,1782362414.6696184,0.002039194107055664
323746,normal,1584,0,1782362414.671506,0.0018875598907470703
323747,normal,3217,1,1782362414.6735864,0.0020804405212402344
323748,normal,871,2,1782362414.675509,0.001922607421875
323749,normal,1179,0,1782362414.6775055,0.0019965171813964844
323750,normal,3572,0,1782362414.6795764,0.002070903778076172
323751,normal,3368,1,1782362414.6815069,0.0019304752349853516
323752,normal,2591,0,1782362414.6835027,0.0019958019256591797
323753,normal,2075,0,1782362414.6855826,0.0020799636840820312
323754,normal,3014,0,1782362414.6875134,0.0019307136535644531
323755,normal,640,0,1782362414.6895063,0.001992940902709961
323756,normal,849,2,1782362414.691578,0.0020716190338134766
323757,normal,2157,0,1782362414.6935017,0.0019237995147705078
323758,normal,873,2,1782362414.6955051,0.0020034313201904297
323759,normal,308,0,1782362414.697574,0.002068758010864258
323760,normal,2978,0,1782362414.6995006,0.0019266605377197266
323761,normal,312,0,1782362414.7015035,0.0020029544830322266
323762,normal,1942,0,1782362414.7035751,0.0020716190338134766
323763,normal,2682,0,1782362414.705504,0.0019288063049316406
323764,normal,2750,0,1782362414.7075033,0.001999378204345703
323765,normal,1920,0,1782362414.7095063,0.0020029544830322266
323766,normal,3562,0,1782362414.711502,0.0019958019256591797
323767,normal,3390,1,1782362414.7134995,0.0019974708557128906
323768,normal,2933,0,1782362414.715574,0.0020744800567626953
323769,normal,3153,1,1782362414.7175035,0.0019295215606689453
323770,normal,2006,0,1782362414.719501,0.0019974708557128906
323771,normal,2153,0,1782362414.7215765,0.0020754337310791016
323772,normal,3378,1,1782362414.7235017,0.0019252300262451172
323773,normal,1342,1,1782362414.7255,0.001998424530029297
323774,normal,3216,1,1782362414.7275887,0.0020885467529296875
323775,normal,3034,0,1782362414.7295017,0.0019130706787109375
323776,normal,2389,0,1782362414.7315028,0.002001047134399414
323777,normal,3426,0,1782362414.733573,0.002070188522338867
323778,normal,398,0,1782362414.735507,0.001934051513671875
323779,normal,3483,0,1782362414.7374961,0.001989126205444336
323780,normal,1346,1,1782362414.739574,0.002077817916870117
323781,normal,3588,0,1782362414.741508,0.001934051513671875
323782,normal,885,2,1782362414.743501,0.001992940902709961
323783,normal,1840,0,1782362414.7455735,0.002072572708129883
323784,normal,995,2,1782362414.7475002,0.0019266605377197266
323785,normal,607,0,1782362414.7494996,0.001999378204345703
323786,normal,2965,0,1782362414.751581,0.0020813941955566406
323787,normal,1169,0,1782362414.7535043,0.0019233226776123047
323788,normal,111,0,1782362414.755501,0.001996755599975586
323789,normal,1718,0,1782362414.7575748,0.0020737648010253906
323790,normal,1983,0,1782362414.759505,0.00193023681640625
323791,normal,629,0,1782362414.761513,0.0020079612731933594
323792,normal,984,2,1782362414.763576,0.0020630359649658203
323793,normal,1976,0,1782362414.7655113,0.0019352436065673828
323794,normal,2679,0,1782362414.7675016,0.0019903182983398438
323795,normal,3425,0,1782362414.7695737,0.0020720958709716797
323796,normal,2627,0,1782362414.7715006,0.0019268989562988281
323797,normal,2136,0,1782362414.7735004,0.0019998550415039062
323798,normal,1472,0,1782362414.775574,0.002073526382446289
323799,normal,1145,0,1782362414.7775006,0.0019266605377197266
323800,normal,3448,0,1782362414.7794998,0.0019991397857666016
323801,normal,2595,0,1782362414.7815745,0.002074718475341797
323802,normal,1982,0,1782362414.7835019,0.0019273757934570312
323803,normal,3192,1,1782362414.7855017,0.0019998550415039062
323804,normal,669,0,1782362414.7875755,0.0020737648010253906
323805,normal,2150,0,1782362414.7895076,0.0019321441650390625
323806,normal,467,0,1782362414.7914975,0.0019898414611816406
323807,normal,124,0,1782362414.7935734,0.0020759105682373047
323808,normal,3500,0,1782362414.795507,0.0019335746765136719
323809,normal,1431,0,1782362414.7975,0.001992940902709961
323810,normal,3199,1,1782362414.799575,0.0020751953125
323811,normal,3544,0,1782362414.8015137,0.0019385814666748047
323812,normal,990,2,1782362414.8035007,0.001986980438232422
323813,normal,2987,0,1782362414.805586,0.002085447311401367
323814,normal,3489,0,1782362414.807506,0.0019199848175048828
323815,normal,1776,0,1782362414.8095012,0.001995086669921875
323816,normal,3046,1,1782362414.8115716,0.0020704269409179688
323817,normal,2304,0,1782362414.8134997,0.001928091049194336
323818,normal,1086,0,1782362414.815499,0.001999378204345703
323819,normal,1239,0,1782362414.8175764,0.002077341079711914
323820,normal,2719,0,1782362414.8195052,0.0019288063049316406
323821,normal,244,0,1782362414.8215,0.0019948482513427734
323822,normal,3626,0,1782362414.823584,0.002084016799926758
323823,normal,1878,0,1782362414.8255072,0.0019230842590332031
323824,normal,3096,1,1782362414.8275013,0.0019941329956054688
323825,normal,3131,1,1782362414.829575,0.0020737648010253906
323826,normal,2432,0,1782362414.8315039,0.0019288063049316406
323827,normal,1147,0,1782362414.8335,0.0019960403442382812
323828,normal,1670,0,1782362414.8355715,0.0020716190338134766
323829,normal,1736,0,1782362414.837498,0.001926422119140625
323830,normal,1556,0,1782362414.8395047,0.0020067691802978516
323831,normal,3410,0,1782362414.8415825,0.002077817916870117
323832,normal,1860,0,1782362414.8435116,0.0019290447235107422
323833,normal,3293,1,1782362414.8455033,0.001991748809814453
323834,normal,2654,0,1782362414.8475797,0.002076387405395508
323835,normal,1208,0,1782362414.8495047,0.0019249916076660156
323836,normal,739,0,1782362414.8515038,0.0019991397857666016
323837,normal,2770,0,1782362414.853581,0.0020771026611328125
323838,normal,115,0,1782362414.8555043,0.0019233226776123047
323839,normal,1054,0,1782362414.8575,0.0019958019256591797
323840,normal,3352,1,1782362414.859598,0.0020978450775146484
323841,normal,2696,0,1782362414.8615026,0.0019047260284423828
323842,normal,1663,0,1782362414.8635023,0.0019996166229248047
323843,normal,2610,0,1782362414.8655806,0.0020782947540283203
323844,normal,1392,0,1782362414.8675044,0.0019237995147705078
323845,normal,1753,0,1782362414.869501,0.001996755599975586
323846,normal,2633,0,1782362414.871586,0.002084970474243164
323847,normal,1260,0,1782362414.8735104,0.001924276351928711
323848,normal,2145,0,1782362414.8755033,0.001992940902709961
323849,normal,765,0,1782362414.8775804,0.0020771026611328125
323850,normal,163,0,1782362414.8795023,0.0019218921661376953
323851,normal,47,0,1782362414.881502,0.0019996166229248047
323852,normal,2406,0,1782362414.8835888,0.0020868778228759766
323853,normal,299,0,1782362414.8855033,0.0019145011901855469
323854,normal,1247,0,1782362414.8875024,0.0019991397857666016
323855,normal,822,2,1782362414.8895926,0.0020902156829833984
323856,normal,342,0,1782362414.8915105,0.0019178390502929688
323857,normal,1928,0,1782362414.8935046,0.0019941329956054688
323858,normal,1223,0,1782362414.8957775,0.0022728443145751953
323859,normal,159,0,1782362414.8976316,0.0018541812896728516
323860,normal,3709,0,1782362414.9005675,0.0029358863830566406
323861,normal,1486,0,1782362414.9019668,0.0013992786407470703
323862,normal,675,0,1782362414.903656,0.0016891956329345703
323863,normal,2287,0,1782362414.905585,0.0019290447235107422
323864,normal,613,0,1782362414.9074814,0.0018963813781738281
323865,normal,2055,0,1782362414.9094617,0.001980304718017578
323866,normal,2428,0,1782362414.9115527,0.002090930938720703
323867,normal,3001,0,1782362414.913632,0.0020792484283447266
323868,normal,499,0,1782362414.915546,0.0019140243530273438
323869,normal,1925,0,1782362414.9176936,0.002147674560546875
323870,normal,1649,0,1782362414.9197729,0.0020792484283447266
323871,normal,401,0,1782362414.9215868,0.0018138885498046875
323872,normal,1988,0,1782362414.923651,0.002064228057861328
323873,normal,2685,0,1782362414.9255815,0.0019304752349853516
323874,normal,465,0,1782362414.927536,0.0019545555114746094
323875,normal,2810,0,1782362414.9295175,0.001981496810913086
323876,normal,1703,0,1782362414.9315958,0.0020782947540283203
323877,normal,2317,0,1782362414.933593,0.001997232437133789
323878,normal,806,2,1782362414.9355109,0.0019178390502929688
323879,normal,2026,0,1782362414.9375496,0.002038717269897461
323880,normal,485,0,1782362414.9395068,0.0019571781158447266
323881,normal,2511,0,1782362414.9417293,0.0022225379943847656
323882,normal,3188,1,1782362414.9436898,0.0019605159759521484
323883,normal,365,0,1782362414.945618,0.001928091049194336
323884,normal,2102,0,1782362414.9475477,0.0019297599792480469
323885,normal,1296,0,1782362414.9496949,0.002147197723388672
323886,normal,2699,0,1782362414.951536,0.0018410682678222656
323887,normal,2979,0,1782362414.953602,0.0020661354064941406
323888,normal,2001,0,1782362414.956255,0.002652883529663086
323889,normal,407,0,1782362414.9578633,0.0016083717346191406
323890,normal,210,0,1782362414.9598444,0.001981019973754883
323891,normal,2655,0,1782362414.9617677,0.0019233226776123047
323892,normal,2132,0,1782362414.9636111,0.0018434524536132812
323893,normal,848,2,1782362414.9658015,0.0021903514862060547
323894,normal,2037,0,1782362414.9680448,0.0022432804107666016
323895,normal,3314,1,1782362414.9695454,0.0015006065368652344
323896,normal,3655,0,1782362414.9716141,0.002068758010864258
323897,normal,1032,0,1782362414.9736197,0.0020055770874023438
323898,normal,2503,0,1782362414.9756098,0.001990079879760742
323899,normal,87,0,1782362414.9777958,0.0021860599517822266
323900,normal,2352,0,1782362414.9797788,0.0019829273223876953
323901,normal,1230,0,1782362414.9816985,0.0019197463989257812
323902,normal,601,0,1782362414.9838488,0.002150297164916992
323903,normal,1262,0,1782362414.98557,0.0017211437225341797
323904,normal,1280,0,1782362414.9876206,0.002050638198852539
323905,normal,2466,0,1782362414.9897494,0.0021288394927978516
323906,normal,1097,0,1782362414.9916904,0.0019409656524658203
323907,normal,1421,0,1782362414.9935663,0.0018758773803710938
323908,normal,2236,0,1782362414.9956036,0.0020372867584228516
323909,normal,2211,0,1782362414.9976416,0.0020380020141601562
323910,normal,2318,0,1782362414.9996502,0.002008676528930664
323911,normal,3381,1,1782362415.0016365,0.001986265182495117
323912,normal,30,0,1782362415.0035963,0.0019598007202148438
323913,normal,3237,1,1782362415.0056193,0.002022981643676758
323914,normal,3635,0,1782362415.007621,0.0020017623901367188
323915,normal,2412,0,1782362415.0096352,0.00201416015625
323916,normal,2120,0,1782362415.011593,0.0019578933715820312
323917,normal,2992,0,1782362415.0135672,0.0019741058349609375
323918,normal,1446,0,1782362415.015591,0.0020236968994140625
323919,normal,2040,0,1782362415.017795,0.0022041797637939453
323920,normal,3508,0,1782362415.019521,0.001725912094116211
323921,normal,1873,0,1782362415.0216413,0.0021202564239501953
323922,normal,3211,1,1782362415.023694,0.002052783966064453
323923,normal,29,0,1782362415.0256424,0.0019483566284179688
323924,normal,1598,0,1782362415.0276265,0.001984119415283203
323925,normal,2869,0,1782362415.029703,0.002076387405395508
323926,normal,555,0,1782362415.0317109,0.0020079612731933594
323927,normal,571,0,1782362415.0335534,0.001842498779296875
323928,normal,187,0,1782362415.03559,0.002036571502685547
323929,normal,729,0,1782362415.0375595,0.001969575881958008
323930,normal,2666,0,1782362415.0395906,0.002031087875366211
323931,normal,2838,0,1782362415.0414832,0.0018925666809082031
323932,normal,2546,0,1782362415.0434868,0.0020036697387695312
323933,normal,3066,1,1782362415.0456297,0.0021429061889648438
323934,normal,2590,0,1782362415.0474799,0.001850128173828125
323935,normal,1541,0,1782362415.049832,0.0023522377014160156
323936,normal,2360,0,1782362415.0520356,0.0022034645080566406
323937,normal,3538,0,1782362415.053607,0.0015714168548583984
323938,normal,1377,1,1782362415.0556383,0.0020313262939453125
323939,normal,734,0,1782362415.0576093,0.001971006393432617
323940,normal,1457,0,1782362415.0594966,0.0018873214721679688
323941,normal,3111,1,1782362415.0617342,0.002237558364868164
323942,normal,774,2,1782362415.0638664,0.0021321773529052734
323943,normal,2086,0,1782362415.0655086,0.0016422271728515625
323944,normal,605,0,1782362415.0676231,0.002114534378051758
323945,normal,3428,0,1782362415.0696394,0.002016305923461914
323946,normal,3100,1,1782362415.071744,0.002104520797729492
323947,normal,2555,0,1782362415.07374,0.0019960403442382812
323948,normal,2362,0,1782362415.0760064,0.002266407012939453
323949,normal,3556,0,1782362415.0776937,0.0016872882843017578
323950,normal,2087,0,1782362415.0796363,0.0019426345825195312
323951,normal,3464,0,1782362415.0818458,0.0022094249725341797
323952,normal,1936,0,1782362415.083682,0.0018362998962402344
323953,normal,206,0,1782362415.0859878,0.002305746078491211
323954,normal,1912,0,1782362415.0878053,0.001817464828491211
323955,normal,1119,0,1782362415.0895755,0.0017702579498291016
323956,normal,387,0,1782362415.0918448,0.002269268035888672
323957,normal,1515,0,1782362415.094026,0.0021812915802001953
323958,normal,3087,1,1782362415.0955408,0.0015146732330322266
323959,normal,3705,0,1782362415.0977314,0.0021905899047851562
323960,normal,1382,0,1782362415.0996275,0.0018961429595947266
323961,normal,960,2,1782362415.1016185,0.0019910335540771484
323962,normal,3221,1,1782362415.103739,0.002120494842529297
323963,normal,361,0,1782362415.1057384,0.001999378204345703
323964,normal,2264,0,1782362415.107624,0.0018856525421142578
323965,normal,2370,0,1782362415.1096163,0.0019922256469726562
323966,normal,1690,0,1782362415.1117532,0.0021369457244873047
323967,normal,362,0,1782362415.1137028,0.0019495487213134766
323968,normal,2160,0,1782362415.1158218,0.0021190643310546875
323969,normal,3579,0,1782362415.1177793,0.001957416534423828
323970,normal,2278,0,1782362415.119612,0.001832723617553711
323971,normal,1143,0,1782362415.121778,0.0021660327911376953
323972,normal,1074,0,1782362415.1238172,0.002039194107055664
323973,normal,709,0,1782362415.1256268,0.0018095970153808594
323974,normal,1042,0,1782362415.127739,0.002112150192260742
323975,normal,1858,0,1782362415.1297445,0.0020055770874023438
323976,normal,2158,0,1782362415.1316361,0.0018916130065917969
323977,normal,2188,0,1782362415.1337466,0.0021104812622070312
323978,normal,97,0,1782362415.135595,0.001848459243774414
323979,normal,799,2,1782362415.1377947,0.0021996498107910156
323980,normal,2322,0,1782362415.1396794,0.0018846988677978516
323981,normal,529,0,1782362415.1418488,0.002169370651245117
323982,normal,3695,0,1782362415.1435227,0.0016739368438720703
323983,normal,3596,0,1782362415.1457136,0.002190828323364258
323984,normal,2510,0,1782362415.1477199,0.0020062923431396484
323985,normal,1641,0,1782362415.14962,0.0019001960754394531
323986,normal,2929,0,1782362415.1517239,0.0021038055419921875
323987,normal,3142,1,1782362415.1537492,0.0020253658294677734
323988,normal,2046,0,1782362415.1557057,0.001956462860107422
323989,normal,3265,1,1782362415.1577268,0.0020210742950439453
323990,normal,1104,0,1782362415.1598132,0.0020864009857177734
323991,normal,630,0,1782362415.161554,0.0017409324645996094
323992,normal,3694,0,1782362415.1637623,0.002208232879638672
323993,normal,3664,0,1782362415.165791,0.0020287036895751953
323994,normal,3220,1,1782362415.1675153,0.0017242431640625
323995,normal,293,0,1782362415.169719,0.002203702926635742
323996,normal,1370,1,1782362415.1717327,0.002013683319091797
323997,normal,329,0,1782362415.1736734,0.0019407272338867188
323998,normal,33,0,1782362415.1758032,0.002129793167114258
323999,normal,3170,1,1782362415.1777353,0.0019321441650390625
324000,normal,2855,0,1782362415.1796987,0.001963376998901367
324001,normal,1149,0,1782362415.1817894,0.0020906925201416016
324002,normal,660,0,1782362415.1838892,0.002099752426147461
324003,normal,1014,2,1782362415.185749,0.001859903335571289
324004,normal,3578,0,1782362415.1878362,0.002087116241455078
324005,normal,3176,1,1782362415.1897147,0.001878499984741211
324006,normal,2849,0,1782362415.1916099,0.0018951892852783203
324007,normal,3007,0,1782362415.193711,0.0021011829376220703
324008,normal,3138,1,1782362415.195735,0.002023935317993164
324009,normal,2705,0,1782362415.197653,0.0019180774688720703
324010,normal,1796,0,1782362415.1996973,0.002044200897216797
324011,normal,105,0,1782362415.201699,0.0020017623901367188
324012,normal,1866,0,1782362415.203598,0.0018990039825439453
324013,normal,45,0,1782362415.2057223,0.002124309539794922
324014,normal,156,0,1782362415.2078297,0.002107381820678711
324015,normal,1700,0,1782362415.209712,0.001882314682006836
324016,normal,2234,0,1782362415.211729,0.0020170211791992188
324017,normal,2332,0,1782362415.213794,0.002064943313598633
324018,normal,1315,0,1782362415.2156134,0.0018193721771240234
324019,normal,989,2,1782362415.2177343,0.0021209716796875
324020,normal,676,0,1782362415.2197342,0.0019998550415039062
324021,normal,1273,0,1782362415.2217252,0.0019910335540771484
324022,normal,1433,0,1782362415.2238078,0.0020825862884521484
324023,normal,3248,1,1782362415.2256048,0.0017969608306884766
324024,normal,805,2,1782362415.2277064,0.0021016597747802734
324025,normal,2141,0,1782362415.229618,0.0019116401672363281
324026,normal,1279,0,1782362415.2317266,0.0021085739135742188
324027,normal,1305,0,1782362415.2336712,0.0019445419311523438
324028,normal,3318,1,1782362415.2356339,0.0019626617431640625
324029,normal,874,2,1782362415.237771,0.0021371841430664062
324030,normal,2754,0,1782362415.2395477,0.0017766952514648438
324031,normal,2379,0,1782362415.241643,0.0020952224731445312
324032,normal,3322,1,1782362415.2437298,0.0020868778228759766
324033,normal,3091,1,1782362415.2457745,0.002044677734375
324034,normal,1041,0,1782362415.2476194,0.0018448829650878906
324035,normal,3047,1,1782362415.249822,0.0022025108337402344
324036,normal,1692,0,1782362415.2516413,0.0018193721771240234
324037,normal,218,0,1782362415.2536016,0.001960277557373047
324038,normal,546,0,1782362415.2556322,0.002030611038208008
324039,normal,590,0,1782362415.2575026,0.0018703937530517578
324040,normal,691,0,1782362415.2596924,0.0021898746490478516
324041,normal,0,0,1782362415.261789,0.0020966529846191406
324042,normal,2083,0,1782362415.2636266,0.0018374919891357422
324043,normal,1154,0,1782362415.2657087,0.0020821094512939453
324044,normal,1538,0,1782362415.267766,0.002057313919067383
324045,normal,3454,0,1782362415.2694976,0.0017316341400146484
324046,normal,3364,1,1782362415.2719152,0.0024175643920898438
324047,normal,2442,0,1782362415.2739727,0.0020575523376464844
324048,normal,1913,0,1782362415.2757413,0.0017685890197753906
324049,normal,3136,1,1782362415.277624,0.0018825531005859375
324050,normal,3088,1,1782362415.2797787,0.002154827117919922
324051,normal,2691,0,1782362415.2816215,0.0018427371978759766
324052,normal,2184,0,1782362415.2837296,0.0021080970764160156
324053,normal,2515,0,1782362415.2861748,0.002445220947265625
324054,normal,1680,0,1782362415.2877502,0.001575469970703125
324055,normal,585,0,1782362415.289595,0.001844644546508789
324056,normal,3374,1,1782362415.2917564,0.0021615028381347656
324057,normal,3692,0,1782362415.2936451,0.0018887519836425781
324058,normal,338,0,1782362415.2956152,0.001970052719116211
324059,normal,1319,1,1782362415.2976546,0.0020394325256347656
324060,normal,231,0,1782362415.2995398,0.0018851757049560547
324061,normal,649,0,1782362415.3016894,0.0021495819091796875
324062,normal,1527,0,1782362415.3036492,0.0019598007202148438
324063,normal,1197,0,1782362415.3056276,0.0019783973693847656
324064,normal,2909,0,1782362415.3076148,0.0019872188568115234
324065,normal,380,0,1782362415.3096116,0.001996755599975586
324066,normal,3214,1,1782362415.3115091,0.001897573471069336
324067,normal,2572,0,1782362415.313607,0.0020978450775146484
324068,normal,2066,0,1782362415.3156915,0.002084493637084961
324069,normal,2740,0,1782362415.3175957,0.0019042491912841797
324070,normal,1822,0,1782362415.3197534,0.0021576881408691406
324071,normal,624,0,1782362415.3216321,0.0018787384033203125
324072,normal,3380,1,1782362415.3235393,0.0019071102142333984
324073,normal,114,0,1782362415.3256223,0.0020830631256103516
324074,normal,702,0,1782362415.3275936,0.0019712448120117188
324075,normal,1451,0,1782362415.3294897,0.0018961429595947266
324076,normal,181,0,1782362415.331592,0.002102375030517578
324077,normal,1557,0,1782362415.3336365,0.0020444393157958984
324078,normal,3680,0,1782362415.33558,0.0019435882568359375
324079,normal,1358,1,1782362415.3377428,0.0021626949310302734
324080,normal,1081,0,1782362415.3396337,0.0018908977508544922
324081,normal,366,0,1782362415.341865,0.0022313594818115234
324082,normal,2722,0,1782362415.3435245,0.001659393310546875
324083,normal,122,0,1782362415.3457432,0.0022187232971191406
324084,normal,3062,1,1782362415.3477798,0.002036571502685547
324085,normal,375,0,1782362415.3497293,0.0019495487213134766
324086,normal,279,0,1782362415.3515682,0.0018389225006103516
324087,normal,1599,0,1782362415.3534555,0.0018873214721679688
324088,normal,235,0,1782362415.355498,0.002042531967163086
324089,normal,2248,0,1782362415.357589,0.002090930938720703
324090,normal,3697,0,1782362415.3595726,0.001983642578125
324091,normal,2678,0,1782362415.361563,0.0019903182983398438
324092,normal,2115,0,1782362415.3635883,0.0020253658294677734
324093,normal,2321,0,1782362415.3655605,0.001972198486328125
324094,normal,3172,1,1782362415.3676894,0.0021288394927978516
324095,normal,2746,0,1782362415.370024,0.0023345947265625
324096,normal,1090,0,1782362415.371574,0.0015499591827392578
324097,normal,1935,0,1782362415.3735874,0.0020134449005126953
324098,normal,742,0,1782362415.3755884,0.002001047134399414
324099,normal,2695,0,1782362415.377606,0.002017498016357422
324100,normal,2049,0,1782362415.3796504,0.0020444393157958984
324101,normal,500,0,1782362415.3818777,0.002227306365966797
324102,normal,986,2,1782362415.3834789,0.0016012191772460938
324103,normal,1952,0,1782362415.385589,0.002110004425048828
324104,normal,1456,0,1782362415.3876822,0.0020933151245117188
324105,normal,955,2,1782362415.389569,0.0018868446350097656
324106,normal,578,0,1782362415.3915381,0.0019690990447998047
324107,normal,1735,0,1782362415.3939555,0.002417325973510742
324108,normal,3224,1,1782362415.395601,0.0016455650329589844
324109,normal,2547,0,1782362415.397705,0.002104043960571289
324110,normal,2489,0,1782362415.39971,0.002004861831665039
324111,normal,1405,0,1782362415.4017012,0.00199127197265625
324112,normal,2708,0,1782362415.4039507,0.002249479293823242
324113,normal,1861,0,1782362415.405893,0.0019423961639404297
324114,normal,1990,0,1782362415.4076505,0.0017573833465576172
324115,normal,1055,0,1782362415.409975,0.0023245811462402344
324116,normal,3590,0,1782362415.4121385,0.002163410186767578
324117,normal,1022,2,1782362415.4136066,0.0014681816101074219
324118,normal,3701,0,1782362415.415724,0.0021173954010009766
324119,normal,756,0,1782362415.4176347,0.0019106864929199219
324120,normal,2998,0,1782362415.4196024,0.0019676685333251953
324121,normal,99,0,1782362415.4218843,0.0022819042205810547
324122,normal,2253,0,1782362415.4236443,0.0017600059509277344
324123,normal,2747,0,1782362415.4257538,0.002109527587890625
324124,normal,1489,0,1782362415.4276345,0.001880645751953125
324125,normal,539,0,1782362415.429771,0.0021364688873291016
324126,normal,1586,0,1782362415.4316614,0.001890420913696289
324127,normal,2114,0,1782362415.4338248,0.002163410186767578
324128,normal,3353,1,1782362415.4356282,0.0018033981323242188
324129,normal,2557,0,1782362415.4377365,0.002108335494995117
324130,normal,2549,0,1782362415.439561,0.0018243789672851562
324131,normal,671,0,1782362415.4418416,0.002280712127685547
324132,normal,2239,0,1782362415.4436393,0.0017976760864257812
324133,normal,50,0,1782362415.4457407,0.002101421356201172
324134,normal,300,0,1782362415.4475977,0.0018570423126220703
324135,normal,3424,0,1782362415.4495218,0.0019240379333496094
324136,normal,2288,0,1782362415.4516373,0.002115488052368164
324137,normal,3044,0,1782362415.453631,0.0019936561584472656
324138,normal,301,0,1782362415.4555287,0.0018978118896484375
324139,normal,389,0,1782362415.4577723,0.002243518829345703
324140,normal,1887,0,1782362415.4597888,0.0020165443420410156
324141,normal,602,0,1782362415.4616985,0.0019097328186035156
324142,normal,2018,0,1782362415.463549,0.0018503665924072266
324143,normal,1026,2,1782362415.4656143,0.002065420150756836
324144,normal,3438,0,1782362415.4676194,0.0020051002502441406
324145,normal,276,0,1782362415.4697752,0.002155780792236328
324146,normal,123,0,1782362415.471624,0.0018486976623535156
324147,normal,2674,0,1782362415.4736295,0.0020055770874023438
324148,normal,1910,0,1782362415.4756563,0.002026796340942383
324149,normal,2302,0,1782362415.4778588,0.0022025108337402344
324150,normal,3468,0,1782362415.479494,0.0016353130340576172
324151,normal,2537,0,1782362415.4816313,0.0021371841430664062
324152,normal,3133,1,1782362415.4838593,0.0022280216217041016
324153,normal,480,0,1782362415.4855201,0.0016608238220214844
324154,normal,591,0,1782362415.487709,0.0021889209747314453
324155,normal,3163,1,1782362415.4897168,0.002007722854614258
324156,normal,813,2,1782362415.4916072,0.001890420913696289
324157,normal,3645,0,1782362415.4938607,0.0022535324096679688
324158,normal,3575,0,1782362415.4955916,0.0017309188842773438
324159,normal,2251,0,1782362415.4978523,0.0022606849670410156
324160,normal,1971,0,1782362415.4997118,0.001859426498413086
324161,normal,470,0,1782362415.5019639,0.0022521018981933594
324162,normal,1838,0,1782362415.5035794,0.0016155242919921875
324163,normal,2697,0,1782362415.5058155,0.0022361278533935547
324164,normal,2516,0,1782362415.5079243,0.0021088123321533203
324165,normal,2831,0,1782362415.50963,0.0017056465148925781
324166,normal,2415,0,1782362415.511593,0.0019631385803222656
324167,normal,797,2,1782362415.5137117,0.0021185874938964844
324168,normal,166,0,1782362415.5155902,0.001878499984741211
324169,normal,2676,0,1782362415.5179474,0.0023572444915771484
324170,normal,1183,0,1782362415.5194952,0.0015478134155273438
324171,normal,3334,1,1782362415.5215857,0.0020904541015625
324172,normal,3305,1,1782362415.5235832,0.0019974708557128906
324173,normal,3181,1,1782362415.5255816,0.001998424530029297
324174,normal,2837,0,1782362415.528109,0.002527475357055664
324175,normal,1482,0,1782362415.529693,0.0015838146209716797
324176,normal,3063,1,1782362415.5316286,0.001935720443725586
324177,normal,2085,0,1782362415.5335932,0.001964569091796875
324178,normal,2760,0,1782362415.535602,0.0020089149475097656
324179,normal,2110,0,1782362415.537623,0.0020208358764648438
324180,normal,2481,0,1782362415.5396557,0.002032756805419922
324181,normal,239,0,1782362415.5415978,0.0019421577453613281
324182,normal,1128,0,1782362415.5436509,0.0020530223846435547
324183,normal,697,0,1782362415.5455463,0.0018954277038574219
324184,normal,816,2,1782362415.5476046,0.002058267593383789
324185,normal,1948,0,1782362415.5496268,0.002022266387939453
324186,normal,1210,0,1782362415.5516207,0.001993894577026367
324187,normal,106,0,1782362415.5538468,0.002226114273071289
324188,normal,1101,0,1782362415.5558088,0.001961946487426758
324189,normal,2829,0,1782362415.557567,0.0017580986022949219
324190,normal,3607,0,1782362415.5597062,0.0021393299102783203
324191,normal,3236,1,1782362415.5617244,0.0020182132720947266
324192,normal,3179,1,1782362415.5635884,0.0018639564514160156
324193,normal,1098,0,1782362415.5656197,0.0020313262939453125
324194,normal,1394,0,1782362415.5679119,0.002292156219482422
324195,normal,3037,0,1782362415.569628,0.0017161369323730469
324196,normal,1111,0,1782362415.5716333,0.002005338668823242
324197,normal,66,0,1782362415.5737197,0.0020864009857177734
324198,normal,2588,0,1782362415.5757806,0.0020608901977539062
324199,normal,102,0,1782362415.5775065,0.001725912094116211
324200,normal,881,2,1782362415.5796142,0.0021076202392578125
324201,normal,1579,0,1782362415.5816019,0.0019876956939697266
324202,normal,2669,0,1782362415.5836236,0.00202178955078125
324203,normal,1196,0,1782362415.5856392,0.0020155906677246094
324204,normal,256,0,1782362415.5876112,0.0019719600677490234
324205,normal,2530,0,1782362415.5896206,0.0020093917846679688
324206,normal,1815,0,1782362415.5916219,0.0020012855529785156
324207,normal,2656,0,1782362415.5938318,0.002209901809692383
324208,normal,1603,0,1782362415.5955563,0.0017244815826416016
324209,normal,1569,0,1782362415.5977185,0.0021622180938720703
324210,normal,1340,1,1782362415.5995216,0.0018031597137451172
324211,normal,662,0,1782362415.6016235,0.002101898193359375
324212,normal,815,2,1782362415.603651,0.0020275115966796875
324213,normal,2342,0,1782362415.6055524,0.001901388168334961
324214,normal,186,0,1782362415.6076887,0.00213623046875
324215,normal,1775,0,1782362415.6096184,0.0019297599792480469
324216,normal,3532,0,1782362415.611607,0.001988649368286133
324217,normal,2403,0,1782362415.6136146,0.0020074844360351562
324218,normal,3027,0,1782362415.6156135,0.0019989013671875
324219,normal,391,0,1782362415.6175935,0.0019800662994384766
324220,normal,2361,0,1782362415.6195266,0.0019330978393554688
324221,normal,3586,0,1782362415.6216328,0.002106189727783203
324222,normal,466,0,1782362415.6236444,0.002011537551879883
324223,normal,1178,0,1782362415.6255453,0.0019009113311767578
324224,normal,2486,0,1782362415.6276026,0.002057313919067383
324225,normal,3275,1,1782362415.629608,0.002005338668823242
324226,normal,261,0,1782362415.631617,0.002009153366088867
324227,normal,2911,0,1782362415.6336153,0.0019981861114501953
324228,normal,611,0,1782362415.6355119,0.0018966197967529297
324229,normal,1448,0,1782362415.6376338,0.0021219253540039062
324230,normal,2492,0,1782362415.6396418,0.0020079612731933594
324231,normal,283,0,1782362415.6416502,0.0020084381103515625
324232,normal,3241,1,1782362415.643587,0.0019369125366210938
324233,normal,1244,0,1782362415.6456056,0.002018451690673828
324234,normal,1422,0,1782362415.6476238,0.0020182132720947266
324235,normal,2842,0,1782362415.649629,0.002005338668823242
324236,normal,2707,0,1782362415.6516428,0.002013683319091797
324237,normal,325,0,1782362415.6535153,0.0018725395202636719
324238,normal,1381,1,1782362415.6556056,0.0020902156829833984
324239,normal,82,0,1782362415.6576161,0.0020105838775634766
324240,normal,306,0,1782362415.6595547,0.0019385814666748047
324241,normal,1546,0,1782362415.6617126,0.002157926559448242
324242,normal,117,0,1782362415.6635954,0.001882791519165039
324243,normal,994,2,1782362415.6656578,0.0020623207092285156
324244,normal,939,2,1782362415.667616,0.001958131790161133
324245,normal,3671,0,1782362415.6698573,0.002241373062133789
324246,normal,2019,0,1782362415.6715138,0.0016565322875976562
324247,normal,850,2,1782362415.673728,0.002214193344116211
324248,normal,566,0,1782362415.6756582,0.00193023681640625
324249,normal,1801,0,1782362415.6775253,0.001867055892944336
324250,normal,3115,1,1782362415.6796007,0.0020754337310791016
324251,normal,1514,0,1782362415.6816115,0.002010822296142578
324252,normal,3441,0,1782362415.683622,0.002010345458984375
324253,normal,2940,0,1782362415.685639,0.0020170211791992188
324254,normal,1,0,1782362415.6875436,0.0019047260284423828
324255,normal,1733,0,1782362415.6895328,0.001989126205444336
324256,normal,2657,0,1782362415.6916113,0.002078533172607422
324257,normal,1204,0,1782362415.6937687,0.002157449722290039
324258,normal,3665,0,1782362415.6957006,0.001931905746459961
324259,normal,1917,0,1782362415.6978288,0.002128124237060547
324260,normal,740,0,1782362415.6997597,0.0019309520721435547
324261,normal,1664,0,1782362415.7016597,0.0018999576568603516
324262,normal,2455,0,1782362415.7037106,0.0020508766174316406
324263,normal,2784,0,1782362415.7055628,0.001852273941040039
324264,normal,1164,0,1782362415.7076228,0.0020599365234375
324265,normal,2380,0,1782362415.7096243,0.002001523971557617
324266,normal,1648,0,1782362415.7116432,0.0020189285278320312
324267,normal,3152,1,1782362415.713807,0.0021638870239257812
324268,normal,1865,0,1782362415.7155008,0.0016937255859375
324269,normal,3522,0,1782362415.717597,0.0020961761474609375
324270,normal,1714,0,1782362415.7196045,0.0020074844360351562
324271,normal,3371,1,1782362415.7216542,0.002049684524536133
324272,normal,3393,1,1782362415.7235732,0.0019190311431884766
324273,normal,1842,0,1782362415.7255576,0.0019843578338623047
324274,normal,2596,0,1782362415.7276356,0.0020780563354492188
324275,normal,2606,0,1782362415.7295196,0.0018839836120605469
324276,normal,888,2,1782362415.7315273,0.002007722854614258
324277,normal,1480,0,1782362415.7335336,0.0020062923431396484
324278,normal,1302,0,1782362415.7354856,0.0019519329071044922
324279,normal,1933,0,1782362415.7377129,0.002227306365966797
324280,normal,2292,0,1782362415.7395334,0.0018205642700195312
324281,normal,1117,0,1782362415.7416155,0.0020821094512939453
324282,normal,2818,0,1782362415.7437093,0.002093791961669922
324283,normal,262,0,1782362415.745787,0.0020775794982910156
324284,normal,2920,0,1782362415.747611,0.0018241405487060547
324285,normal,3189,1,1782362415.7494905,0.0018794536590576172
324286,normal,1682,0,1782362415.7517025,0.002212047576904297
324287,normal,778,2,1782362415.7537239,0.002021312713623047
324288,normal,2765,0,1782362415.7556117,0.0018877983093261719
324289,normal,3409,0,1782362415.757594,0.001982450485229492
324290,normal,3184,1,1782362415.7598374,0.0022432804107666016
324291,normal,1241,0,1782362415.76154,0.0017025470733642578
324292,normal,2755,0,1782362415.7635987,0.002058744430541992
324293,normal,3025,0,1782362415.7658484,0.0022497177124023438
324294,normal,3010,0,1782362415.7677102,0.0018618106842041016
324295,normal,763,0,1782362415.769757,0.002046823501586914
324296,normal,3081,1,1782362415.7718394,0.002082347869873047
324297,normal,1677,0,1782362415.773567,0.0017275810241699219
324298,normal,2034,0,1782362415.7757328,0.0021657943725585938
324299,normal,57,0,1782362415.7777708,0.0020380020141601562
324300,normal,1710,0,1782362415.7801492,0.0023784637451171875
324301,normal,603,0,1782362415.7815442,0.0013949871063232422
324302,normal,205,0,1782362415.7836366,0.0020923614501953125
324303,normal,4,0,1782362415.7854826,0.0018460750579833984
324304,normal,1243,0,1782362415.7875633,0.002080678939819336
324305,normal,3568,0,1782362415.789501,0.0019376277923583984
324306,normal,2626,0,1782362415.7915173,0.002016305923461914
324307,normal,2393,0,1782362415.793516,0.0019986629486083984
324308,normal,516,0,1782362415.7955017,0.001985788345336914
324309,normal,1612,0,1782362415.797636,0.0021343231201171875
324310,normal,1886,0,1782362415.799519,0.0018830299377441406
324311,normal,1635,0,1782362415.8015468,0.002027750015258789
324312,normal,139,0,1782362415.8035014,0.0019545555114746094
324313,normal,464,0,1782362415.805536,0.0020346641540527344
324314,normal,1437,0,1782362415.807497,0.0019609928131103516
324315,normal,2622,0,1782362415.8095436,0.0020465850830078125
324316,normal,424,0,1782362415.8115256,0.001981973648071289
324317,normal,3595,0,1782362415.813575,0.0020494461059570312
324318,normal,902,2,1782362415.8156424,0.0020673274993896484
324319,normal,2201,0,1782362415.8174686,0.0018262863159179688
324320,normal,2861,0,1782362415.8195245,0.0020558834075927734
324321,normal,3235,1,1782362415.8215237,0.0019991397857666016
324322,normal,3116,1,1782362415.8234985,0.001974821090698242
324323,normal,3545,0,1782362415.825588,0.0020895004272460938
324324,normal,3309,1,1782362415.8275988,0.002010822296142578
324325,normal,1617,0,1782362415.8296041,0.002005338668823242
324326,normal,254,0,1782362415.8316333,0.0020291805267333984
324327,normal,891,2,1782362415.8336816,0.0020482540130615234
324328,normal,775,2,1782362415.8356168,0.0019352436065673828
324329,normal,1968,0,1782362415.837636,0.002019166946411133
324330,normal,2399,0,1782362415.839655,0.0020189285278320312
324331,normal,3640,0,1782362415.8416371,0.0019822120666503906
324332,normal,2775,0,1782362415.8436444,0.0020072460174560547
324333,normal,1338,1,1782362415.845606,0.0019617080688476562
324334,normal,1445,0,1782362415.8476713,0.0020651817321777344
324335,normal,1415,0,1782362415.8495824,0.001911163330078125
324336,normal,2005,0,1782362415.8516111,0.0020287036895751953
324337,normal,2545,0,1782362415.8536026,0.0019915103912353516
324338,normal,2579,0,1782362415.8556015,0.0019989013671875
324339,normal,2643,0,1782362415.8576143,0.0020127296447753906
324340,normal,2448,0,1782362415.8596394,0.002025127410888672
324341,normal,271,0,1782362415.8616014,0.001961946487426758
324342,normal,2814,0,1782362415.8635993,0.0019979476928710938
324343,normal,1591,0,1782362415.865598,0.0019986629486083984
324344,normal,2926,0,1782362415.8676016,0.0020036697387695312
324345,normal,2231,0,1782362415.8698027,0.002201080322265625
324346,normal,2902,0,1782362415.8717992,0.0019965171813964844
324347,normal,1393,0,1782362415.873577,0.0017778873443603516
324348,normal,1958,0,1782362415.875621,0.0020439624786376953
324349,normal,3039,0,1782362415.877575,0.0019538402557373047
324350,normal,996,2,1782362415.8796148,0.0020399093627929688
324351,normal,2728,0,1782362415.8816295,0.002014636993408203
324352,normal,967,2,1782362415.883773,0.0021436214447021484
324353,normal,2470,0,1782362415.8855686,0.0017955303192138672
324354,normal,396,0,1782362415.8876085,0.0020399093627929688
324355,normal,1294,0,1782362415.8896234,0.0020148754119873047
324356,normal,2631,0,1782362415.89163,0.00200653076171875
324357,normal,1616,0,1782362415.8935964,0.0019664764404296875
324358,normal,2152,0,1782362415.895883,0.002286672592163086
324359,normal,1312,0,1782362415.8978055,0.0019223690032958984
324360,normal,425,0,1782362415.8995728,0.0017673969268798828
324361,normal,1361,1,1782362415.9017103,0.002137422561645508
324362,normal,3030,0,1782362415.903722,0.0020117759704589844
324363,normal,2628,0,1782362415.905594,0.0018720626831054688
324364,normal,2915,0,1782362415.90794,0.0023458003997802734
324365,normal,2993,0,1782362415.9097238,0.0017838478088378906
324366,normal,869,2,1782362415.9115992,0.0018754005432128906
324367,normal,1918,0,1782362415.9138892,0.002290010452270508
324368,normal,3202,1,1782362415.9160848,0.002195596694946289
324369,normal,3167,1,1782362415.9175203,0.0014355182647705078
324370,normal,1772,0,1782362415.9196284,0.0021080970764160156
324371,normal,1140,0,1782362415.9215572,0.0019288063049316406
324372,normal,371,0,1782362415.9234948,0.0019376277923583984
324373,normal,1519,0,1782362415.9256427,0.0021479129791259766
324374,normal,393,0,1782362415.9276319,0.001989126205444336
324375,normal,2117,0,1782362415.9296215,0.001989603042602539
324376,normal,3180,1,1782362415.931587,0.0019655227661132812
324377,normal,1701,0,1782362415.9336116,0.0020246505737304688
324378,normal,2490,0,1782362415.93562,0.0020084381103515625
324379,normal,1037,0,1782362415.9375525,0.001932382583618164
324380,normal,2195,0,1782362415.9397366,0.002184152603149414
324381,normal,2178,0,1782362415.941543,0.001806497573852539
324382,normal,2991,0,1782362415.9436188,0.002075672149658203
324383,normal,3,0,1782362415.9456482,0.0020294189453125
324384,normal,3342,1,1782362415.9476256,0.0019774436950683594
324385,normal,3418,0,1782362415.9497225,0.002096891403198242
324386,normal,3401,1,1782362415.9516146,0.00189208984375
324387,normal,3636,0,1782362415.953623,0.0020084381103515625
324388,normal,1233,0,1782362415.955593,0.001970052719116211
324389,normal,2859,0,1782362415.9576392,0.0020461082458496094
324390,normal,3594,0,1782362415.9596364,0.001997232437133789
324391,normal,1454,0,1782362415.9615943,0.0019578933715820312
324392,normal,1314,0,1782362415.9636407,0.002046346664428711
324393,normal,1229,0,1782362415.965649,0.002008199691772461
324394,normal,1198,0,1782362415.9677258,0.002076864242553711
324395,normal,1010,2,1782362415.9696023,0.0018765926361083984
324396,normal,3399,1,1782362415.971631,0.0020287036895751953
324397,normal,409,0,1782362415.9735818,0.0019507408142089844
324398,normal,1937,0,1782362415.9756298,0.002048015594482422
324399,normal,695,0,1782362415.977618,0.0019881725311279297
324400,normal,3003,0,1782362415.9796169,0.0019989013671875
324401,normal,2677,0,1782362415.9816399,0.002022981643676758
324402,normal,17,0,1782362415.9837,0.0020601749420166016
324403,normal,1050,0,1782362415.9857383,0.002038240432739258
324404,normal,2603,0,1782362415.9877164,0.001978158950805664
324405,normal,3546,0,1782362415.9895194,0.0018029212951660156
324406,normal,2970,0,1782362415.9916563,0.0021369457244873047
324407,normal,3139,1,1782362415.9936385,0.0019822120666503906
324408,normal,807,2,1782362415.995576,0.0019373893737792969
324409,normal,3637,0,1782362415.9975464,0.001970529556274414
324410,normal,3584,0,1782362415.9996064,0.0020599365234375
324411,normal,683,0,1782362416.0016198,0.0020134449005126953
324412,normal,129,0,1782362416.0036483,0.0020284652709960938
324413,normal,489,0,1782362416.0055988,0.0019505023956298828
324414,normal,717,0,1782362416.0076911,0.0020923614501953125
324415,normal,866,2,1782362416.0095701,0.001878976821899414
324416,normal,2220,0,1782362416.0117638,0.0021936893463134766
324417,normal,642,0,1782362416.0135202,0.001756429672241211
324418,normal,1278,0,1782362416.0156443,0.0021240711212158203
324419,normal,1007,2,1782362416.017733,0.002088785171508789
324420,normal,770,0,1782362416.0195482,0.0018150806427001953
324421,normal,46,0,1782362416.0216048,0.002056598663330078
324422,normal,1481,0,1782362416.0235996,0.0019948482513427734
324423,normal,2698,0,1782362416.0256019,0.002002239227294922
324424,normal,2496,0,1782362416.0275967,0.0019948482513427734
324425,normal,1523,0,1782362416.0297003,0.002103567123413086
324426,normal,79,0,1782362416.0314786,0.0017783641815185547
324427,normal,3682,0,1782362416.0336044,0.0021257400512695312
324428,normal,892,2,1782362416.0355916,0.0019872188568115234
324429,normal,84,0,1782362416.037595,0.0020034313201904297
324430,normal,665,0,1782362416.040124,0.0025289058685302734
324431,normal,3669,0,1782362416.041689,0.0015649795532226562
324432,normal,2936,0,1782362416.0436044,0.0019154548645019531
324433,normal,2451,0,1782362416.0456212,0.002016782760620117
324434,normal,3161,1,1782362416.0476127,0.0019915103912353516
324435,normal,1447,0,1782362416.049619,0.0020062923431396484
324436,normal,2471,0,1782362416.0516896,0.0020706653594970703
324437,normal,1330,1,1782362416.0535772,0.0018875598907470703
324438,normal,353,0,1782362416.0556276,0.0020503997802734375
324439,normal,110,0,1782362416.0575747,0.001947164535522461
324440,normal,1889,0,1782362416.0596035,0.0020287036895751953
324441,normal,586,0,1782362416.0616176,0.00201416015625
324442,normal,430,0,1782362416.0635934,0.0019757747650146484
324443,normal,2443,0,1782362416.0656507,0.002057313919067383
324444,normal,3491,0,1782362416.0677705,0.002119779586791992
324445,normal,1186,0,1782362416.069828,0.0020575523376464844
324446,normal,1334,1,1782362416.071635,0.0018069744110107422
324447,normal,534,0,1782362416.0737305,0.002095460891723633
324448,normal,2720,0,1782362416.075613,0.0018825531005859375
324449,normal,460,0,1782362416.0777416,0.00212860107421875
324450,normal,1699,0,1782362416.0795026,0.0017609596252441406
324451,normal,1626,0,1782362416.0819128,0.0024101734161376953
324452,normal,197,0,1782362416.0836768,0.001764059066772461
324453,normal,296,0,1782362416.0855942,0.0019173622131347656
324454,normal,2430,0,1782362416.0877717,0.0021774768829345703
324455,normal,945,2,1782362416.0898786,0.002106904983520508
324456,normal,2734,0,1782362416.0915785,0.0016999244689941406
324457,normal,2801,0,1782362416.0935142,0.001935720443725586
324458,normal,2971,0,1782362416.095738,0.0022237300872802734
324459,normal,3439,0,1782362416.0975103,0.0017724037170410156
324460,normal,236,0,1782362416.0996907,0.002180337905883789
324461,normal,217,0,1782362416.1016958,0.0020051002502441406
324462,normal,1406,0,1782362416.1035104,0.0018146038055419922
324463,normal,2372,0,1782362416.105626,0.0021157264709472656
324464,normal,418,0,1782362416.1076548,0.0020287036895751953
324465,normal,673,0,1782362416.109545,0.0018901824951171875
324466,normal,189,0,1782362416.1117218,0.0021767616271972656
324467,normal,1475,0,1782362416.113798,0.0020761489868164062
324468,normal,1674,0,1782362416.1155474,0.0017495155334472656
324469,normal,3173,1,1782362416.1176407,0.0020933151245117188
324470,normal,2706,0,1782362416.1197255,0.0020847320556640625
324471,normal,2392,0,1782362416.1232882,0.0035626888275146484
324472,normal,2874,0,1782362416.1235223,0.00023412704467773438
324473,normal,77,0,1782362416.1255598,0.002037525177001953
324474,normal,736,0,1782362416.127629,0.002069234848022461
324475,normal,2009,0,1782362416.1296942,0.0020651817321777344
324476,normal,1964,0,1782362416.1316297,0.0019354820251464844
324477,normal,3333,1,1782362416.1335266,0.0018968582153320312
324478,normal,3394,1,1782362416.135655,0.0021283626556396484
324479,normal,1166,0,1782362416.1376958,0.002040863037109375
324480,normal,2621,0,1782362416.1395507,0.0018548965454101562
324481,normal,659,0,1782362416.1417973,0.0022466182708740234
324482,normal,108,0,1782362416.143633,0.0018355846405029297
324483,normal,3551,0,1782362416.145532,0.0018990039825439453
324484,normal,3602,0,1782362416.1476412,0.0021092891693115234
324485,normal,2504,0,1782362416.1496398,0.0019986629486083984
324486,normal,1411,0,1782362416.151462,0.0018222332000732422
324487,normal,3398,1,1782362416.1535192,0.0020570755004882812
324488,normal,1847,0,1782362416.1555536,0.002034425735473633
324489,normal,2077,0,1782362416.1575725,0.0020189285278320312
324490,normal,359,0,1782362416.1595776,0.0020051002502441406
324491,normal,2899,0,1782362416.1615753,0.001997709274291992
324492,normal,445,0,1782362416.1635158,0.0019404888153076172
324493,normal,3494,0,1782362416.1655161,0.0020003318786621094
324494,normal,3346,1,1782362416.1675167,0.002000570297241211
324495,normal,2230,0,1782362416.169525,0.002008199691772461
324496,normal,2044,0,1782362416.1714873,0.001962423324584961
324497,normal,2017,0,1782362416.173483,0.001995563507080078
324498,normal,3006,0,1782362416.1754808,0.0019979476928710938
324499,normal,2789,0,1782362416.177552,0.0020711421966552734
324500,normal,3621,0,1782362416.1795502,0.0019981861114501953
324501,normal,3272,1,1782362416.1815317,0.001981496810913086
324502,normal,255,0,1782362416.18352,0.0019884109497070312
324503,normal,431,0,1782362416.1855702,0.002050161361694336
324504,normal,2908,0,1782362416.1877449,0.0021746158599853516
324505,normal,2900,0,1782362416.189729,0.001984119415283203
324506,normal,2854,0,1782362416.1915967,0.0018677711486816406
324507,normal,3148,1,1782362416.1935716,0.001974821090698242
324508,normal,3232,1,1782362416.1954722,0.0019006729125976562
324509,normal,1275,0,1782362416.197467,0.0019948482513427734
324510,normal,650,0,1782362416.1994717,0.0020046234130859375
324511,normal,545,0,1782362416.2015047,0.0020329952239990234
324512,normal,1545,0,1782362416.203498,0.0019931793212890625
324513,normal,1868,0,1782362416.205465,0.001967191696166992
324514,normal,3571,0,1782362416.2074606,0.001995563507080078
324515,normal,700,0,1782362416.2094758,0.0020151138305664062
324516,normal,469,0,1782362416.2114613,0.0019855499267578125
324517,normal,1666,0,1782362416.2135026,0.002041339874267578
324518,normal,794,2,1782362416.2156205,0.0021178722381591797
324519,normal,637,0,1782362416.2175987,0.001978158950805664
324520,normal,1030,0,1782362416.2196963,0.002097606658935547
324521,normal,2454,0,1782362416.2215288,0.0018324851989746094
324522,normal,2298,0,1782362416.2235007,0.0019719600677490234
324523,normal,1364,1,1782362416.2255049,0.0020041465759277344
324524,normal,1618,0,1782362416.2274988,0.001993894577026367
324525,normal,1867,0,1782362416.229607,0.002108335494995117
324526,normal,251,0,1782362416.2316542,0.0020470619201660156
324527,normal,1108,0,1782362416.2334938,0.0018396377563476562
324528,normal,1644,0,1782362416.235487,0.0019931793212890625
324529,normal,3533,0,1782362416.2374856,0.0019986629486083984
324530,normal,291,0,1782362416.2394893,0.0020036697387695312
324531,normal,2958,0,1782362416.2415159,0.0020265579223632812
324532,normal,2409,0,1782362416.243489,0.0019731521606445312
324533,normal,68,0,1782362416.2454815,0.001992464065551758
324534,normal,1059,0,1782362416.2475514,0.0020699501037597656
324535,normal,693,0,1782362416.2495258,0.001974344253540039
324536,normal,2067,0,1782362416.2515094,0.001983642578125
324537,normal,635,0,1782362416.2534938,0.0019843578338623047
324538,normal,647,0,1782362416.2557657,0.002271890640258789
324539,normal,583,0,1782362416.2575977,0.0018320083618164062
324540,normal,536,0,1782362416.259596,0.001998424530029297
324541,normal,245,0,1782362416.2616026,0.00200653076171875
324542,normal,724,0,1782362416.2636104,0.002007722854614258
324543,normal,2649,0,1782362416.265501,0.0018906593322753906
324544,normal,3376,1,1782362416.267473,0.0019719600677490234
324545,normal,2192,0,1782362416.2695491,0.0020761489868164062
324546,normal,1350,1,1782362416.271553,0.002003908157348633
324547,normal,3339,1,1782362416.2735696,0.0020165443420410156
324548,normal,1744,0,1782362416.2755706,0.002001047134399414
324549,normal,191,0,1782362416.277637,0.002066373825073242
324550,normal,2093,0,1782362416.2795017,0.0018646717071533203
324551,normal,2064,0,1782362416.281492,0.0019903182983398438
324552,normal,1977,0,1782362416.2838323,0.0023403167724609375
324553,normal,1153,0,1782362416.285819,0.0019867420196533203
324554,normal,1218,0,1782362416.2876344,0.0018153190612792969
324555,normal,83,0,1782362416.2896059,0.0019714832305908203
324556,normal,440,0,1782362416.2915945,0.001988649368286133
324557,normal,182,0,1782362416.2936468,0.00205230712890625
324558,normal,3266,1,1782362416.295551,0.0019042491912841797
324559,normal,1740,0,1782362416.2975633,0.0020122528076171875
324560,normal,1416,0,1782362416.2996845,0.0021212100982666016
324561,normal,1761,0,1782362416.301455,0.0017704963684082031
324562,normal,336,0,1782362416.3035343,0.0020792484283447266
324563,normal,2126,0,1782362416.305522,0.0019876956939697266
324564,normal,618,0,1782362416.3074608,0.0019388198852539062
324565,normal,2119,0,1782362416.30951,0.0020492076873779297
324566,normal,1373,1,1782362416.311506,0.0019960403442382812
324567,normal,2878,0,1782362416.3135295,0.002023458480834961
324568,normal,3328,1,1782362416.3154979,0.0019683837890625
324569,normal,2811,0,1782362416.3175733,0.0020754337310791016
324570,normal,1425,0,1782362416.3195062,0.0019328594207763672
324571,normal,1127,0,1782362416.3214974,0.00199127197265625
324572,normal,1530,0,1782362416.3234987,0.0020012855529785156
324573,normal,1563,0,1782362416.3255048,0.002006053924560547
324574,normal,160,0,1782362416.3274946,0.0019898414611816406
324575,normal,1956,0,1782362416.329496,0.0020012855529785156
324576,normal,2078,0,1782362416.3315358,0.0020399093627929688
324577,normal,2096,0,1782362416.333562,0.002026081085205078
324578,normal,2116,0,1782362416.3355815,0.002019643783569336
324579,normal,364,0,1782362416.3374825,0.0019009113311767578
324580,normal,2614,0,1782362416.3395205,0.0020380020141601562
324581,normal,1518,0,1782362416.341531,0.0020105838775634766
324582,normal,390,0,1782362416.3434553,0.001924276351928711
324583,normal,392,0,1782362416.3454869,0.002031564712524414
324584,normal,973,2,1782362416.3474896,0.002002716064453125
324585,normal,851,2,1782362416.3495572,0.00206756591796875
324586,normal,2795,0,1782362416.3515952,0.0020380020141601562
324587,normal,2664,0,1782362416.3535929,0.001997709274291992
324588,normal,1957,0,1782362416.3555527,0.0019598007202148438
324589,normal,3501,0,1782362416.357582,0.0020294189453125
324590,normal,2632,0,1782362416.3595755,0.001993417739868164
324591,normal,3548,0,1782362416.3615677,0.0019922256469726562
324592,normal,38,0,1782362416.363525,0.0019571781158447266
324593,normal,3484,0,1782362416.3655865,0.002061605453491211
324594,normal,1449,0,1782362416.3676038,0.0020172595977783203
324595,normal,2601,0,1782362416.3695242,0.001920461654663086
324596,normal,258,0,1782362416.3714752,0.001950979232788086
324597,normal,2729,0,1782362416.3734753,0.002000093460083008
324598,normal,1070,0,1782362416.375472,0.001996755599975586
324599,normal,2863,0,1782362416.3775196,0.0020475387573242188
324600,normal,2169,0,1782362416.379527,0.0020074844360351562
324601,normal,1578,0,1782362416.3814738,0.0019466876983642578
324602,normal,2714,0,1782362416.3834689,0.001995086669921875
324603,normal,576,0,1782362416.385469,0.002000093460083008
324604,normal,3074,1,1782362416.3874695,0.002000570297241211
324605,normal,1462,0,1782362416.3897293,0.0022597312927246094
324606,normal,78,0,1782362416.3917503,0.0020210742950439453
324607,normal,608,0,1782362416.3935087,0.0017583370208740234
324608,normal,2527,0,1782362416.3955023,0.0019936561584472656
324609,normal,3473,0,1782362416.3975103,0.0020079612731933594
324610,normal,733,0,1782362416.3994975,0.0019872188568115234
324611,normal,3704,0,1782362416.4015005,0.0020029544830322266
324612,normal,3287,1,1782362416.403646,0.002145528793334961
324613,normal,1532,0,1782362416.4055092,0.001863241195678711
324614,normal,1001,2,1782362416.4074888,0.0019795894622802734
324615,normal,3222,1,1782362416.409494,0.0020051002502441406
324616,normal,2268,0,1782362416.411489,0.001995086669921875
324617,normal,2130,0,1782362416.413506,0.0020170211791992188
324618,normal,863,2,1782362416.415893,0.0023870468139648438
324619,normal,2833,0,1782362416.4177623,0.00186920166015625
324620,normal,1590,0,1782362416.419602,0.0018396377563476562
324621,normal,1095,0,1782362416.4215994,0.0019974708557128906
324622,normal,2173,0,1782362416.4236226,0.0020232200622558594
324623,normal,2459,0,1782362416.4256432,0.002020597457885742
324624,normal,3355,1,1782362416.427822,0.0021789073944091797
324625,normal,3639,0,1782362416.42962,0.0017979145050048828
324626,normal,2925,0,1782362416.4315922,0.001972198486328125
324627,normal,3064,1,1782362416.4338036,0.002211332321166992
324628,normal,785,2,1782362416.4358656,0.002062082290649414
324629,normal,3245,1,1782362416.437564,0.0016982555389404297
324630,normal,2029,0,1782362416.4394786,0.0019147396087646484
324631,normal,820,2,1782362416.441502,0.002023458480834961
324632,normal,1511,0,1782362416.4434998,0.001997709274291992
324633,normal,2554,0,1782362416.4455655,0.0020656585693359375
324634,normal,1516,0,1782362416.447486,0.001920461654663086
324635,normal,3168,1,1782362416.449527,0.0020411014556884766
324636,normal,755,0,1782362416.4515166,0.001989603042602539
324637,normal,3073,1,1782362416.4535067,0.001990079879760742
324638,normal,1719,0,1782362416.4555047,0.0019979476928710938
324639,normal,3529,0,1782362416.4575398,0.0020351409912109375
324640,normal,1919,0,1782362416.4595592,0.0020194053649902344
324641,normal,3698,0,1782362416.4615684,0.002009153366088867
324642,normal,2133,0,1782362416.4634886,0.0019202232360839844
324643,normal,74,0,1782362416.4655306,0.002042055130004883
324644,normal,477,0,1782362416.4675596,0.002028942108154297
324645,normal,1479,0,1782362416.4695716,0.002012014389038086
324646,normal,3644,0,1782362416.4717247,0.002153158187866211
324647,normal,2279,0,1782362416.4735038,0.0017790794372558594
324648,normal,1082,0,1782362416.475534,0.0020301342010498047
324649,normal,1160,0,1782362416.4775136,0.0019795894622802734
324650,normal,2822,0,1782362416.4795399,0.0020263195037841797
324651,normal,444,0,1782362416.481556,0.0020160675048828125
324652,normal,622,0,1782362416.4835556,0.0019996166229248047
324653,normal,2097,0,1782362416.4855359,0.001980304718017578
324654,normal,920,2,1782362416.4875534,0.002017498016357422
324655,normal,943,2,1782362416.489626,0.002072572708129883
324656,normal,2923,0,1782362416.4915862,0.001960277557373047
324657,normal,2028,0,1782362416.4935555,0.0019693374633789062
324658,normal,183,0,1782362416.4955566,0.002001047134399414
324659,normal,2421,0,1782362416.4975617,0.0020051002502441406
324660,normal,1836,0,1782362416.4995985,0.0020368099212646484
324661,normal,41,0,1782362416.5015287,0.00193023681640625
324662,normal,569,0,1782362416.5035734,0.002044677734375
324663,normal,3292,1,1782362416.505601,0.0020275115966796875
324664,normal,1343,1,1782362416.5079844,0.0023834705352783203
324665,normal,2241,0,1782362416.5095534,0.0015690326690673828
324666,normal,142,0,1782362416.5115721,0.0020186901092529297
324667,normal,817,2,1782362416.5135741,0.0020020008087158203
324668,normal,1975,0,1782362416.515578,0.002003908157348633
324669,normal,1543,0,1782362416.5175397,0.0019617080688476562
324670,normal,791,2,1782362416.519533,0.0019931793212890625
324671,normal,292,0,1782362416.5215855,0.0020525455474853516
324672,normal,1500,0,1782362416.5235136,0.001928091049194336
324673,normal,2520,0,1782362416.5255797,0.0020661354064941406
324674,normal,2213,0,1782362416.5275722,0.001992464065551758
324675,normal,2284,0,1782362416.529549,0.0019767284393310547
324676,normal,2648,0,1782362416.531584,0.0020351409912109375
324677,normal,1053,0,1782362416.533603,0.0020189285278320312
324678,normal,3190,1,1782362416.5356514,0.002048492431640625
324679,normal,1534,0,1782362416.537545,0.0018935203552246094
324680,normal,1800,0,1782362416.5395784,0.0020334720611572266
324681,normal,3514,0,1782362416.5417013,0.0021228790283203125
324682,normal,502,0,1782362416.5435972,0.001895904541015625
324683,normal,1894,0,1782362416.5455472,0.0019500255584716797
324684,normal,1135,0,1782362416.547466,0.001918792724609375
324685,normal,1232,0,1782362416.5495274,0.0020613670349121094
324686,normal,823,2,1782362416.5515172,0.0019898414611816406
324687,normal,3234,1,1782362416.5536177,0.0021004676818847656
324688,normal,3033,0,1782362416.5554924,0.001874685287475586
324689,normal,1813,0,1782362416.5575042,0.0020117759704589844
324690,normal,2529,0,1782362416.5595093,0.0020051002502441406
324691,normal,867,2,1782362416.5614908,0.001981496810913086
324692,normal,1490,0,1782362416.5637698,0.002279043197631836
324693,normal,34,0,1782362416.5658813,0.0021114349365234375
324694,normal,2294,0,1782362416.5675359,0.0016546249389648438
324695,normal,760,0,1782362416.5695019,0.0019659996032714844
324696,normal,1863,0,1782362416.5715446,0.0020427703857421875
324697,normal,2990,0,1782362416.573517,0.0019724369049072266
324698,normal,999,2,1782362416.5755386,0.0020215511322021484
324699,normal,2605,0,1782362416.5775893,0.002050638198852539
324700,normal,28,0,1782362416.5795193,0.0019299983978271484
324701,normal,1384,0,1782362416.5815978,0.002078533172607422
324702,normal,2759,0,1782362416.5834432,0.0018453598022460938
324703,normal,2022,0,1782362416.5854883,0.002045154571533203
324704,normal,2094,0,1782362416.5874918,0.0020034313201904297
324705,normal,2644,0,1782362416.5894947,0.0020029544830322266
324706,normal,119,0,1782362416.5914903,0.001995563507080078
324707,normal,2072,0,1782362416.593758,0.0022678375244140625
324708,normal,701,0,1782362416.5957506,0.001992464065551758
324709,normal,2652,0,1782362416.5975664,0.0018157958984375
324710,normal,2639,0,1782362416.599583,0.0020165443420410156
324711,normal,1615,0,1782362416.6015954,0.002012491226196289
324712,normal,168,0,1782362416.6035576,0.0019621849060058594
324713,normal,1881,0,1782362416.6054952,0.0019376277923583984
324714,normal,199,0,1782362416.6078265,0.002331256866455078
324715,normal,2651,0,1782362416.609576,0.0017495155334472656
324716,normal,3105,1,1782362416.6115673,0.00199127197265625
324717,normal,3048,1,1782362416.613707,0.0021398067474365234
324718,normal,3502,0,1782362416.615767,0.0020599365234375
324719,normal,2395,0,1782362416.6175697,0.001802682876586914
324720,normal,3708,0,1782362416.6194708,0.0019011497497558594
324721,normal,759,0,1782362416.6215384,0.00206756591796875
324722,normal,2035,0,1782362416.623512,0.0019736289978027344
324723,normal,3200,1,1782362416.6255167,0.0020046234130859375
324724,normal,3319,1,1782362416.6275063,0.001989603042602539
324725,normal,2418,0,1782362416.6295056,0.001999378204345703
324726,normal,810,2,1782362416.6314976,0.0019919872283935547
324727,normal,1295,0,1782362416.6335034,0.0020058155059814453
324728,normal,2138,0,1782362416.635531,0.0020275115966796875
324729,normal,1344,1,1782362416.6375573,0.0020263195037841797
324730,normal,2371,0,1782362416.6395636,0.0020062923431396484
324731,normal,3002,0,1782362416.6415222,0.001958608627319336
324732,normal,2904,0,1782362416.6435091,0.001986980438232422
324733,normal,726,0,1782362416.645552,0.0020427703857421875
324734,normal,1691,0,1782362416.6476,0.002048015594482422
324735,normal,704,0,1782362416.6495435,0.0019435882568359375
324736,normal,2914,0,1782362416.651502,0.0019583702087402344
324737,normal,95,0,1782362416.6535044,0.0020024776458740234
324738,normal,3511,0,1782362416.655509,0.0020046234130859375
324739,normal,1688,0,1782362416.657504,0.001995086669921875
324740,normal,3389,1,1782362416.6595042,0.002000093460083008
324741,normal,3183,1,1782362416.6615095,0.002005338668823242
324742,normal,3563,0,1782362416.6635113,0.0020017623901367188
324743,normal,3652,0,1782362416.6655154,0.0020041465759277344
324744,normal,2038,0,1782362416.6675656,0.002050161361694336
324745,normal,3208,1,1782362416.669496,0.0019304752349853516
324746,normal,3056,1,1782362416.6715393,0.0020432472229003906
324747,normal,1788,0,1782362416.6734974,0.001958131790161133
324748,normal,2060,0,1782362416.6754947,0.001997232437133789
324749,normal,2462,0,1782362416.6774971,0.0020024776458740234
324750,normal,403,0,1782362416.6795013,0.0020041465759277344
324751,normal,2163,0,1782362416.6815794,0.0020780563354492188
324752,normal,1791,0,1782362416.6835525,0.0019731521606445312
324753,normal,497,0,1782362416.6855702,0.0020177364349365234
324754,normal,1585,0,1782362416.6875513,0.001981019973754883
324755,normal,1746,0,1782362416.6895165,0.0019652843475341797
324756,normal,1142,0,1782362416.691518,0.002001523971557617
324757,normal,1430,0,1782362416.693544,0.0020258426666259766
324758,normal,698,0,1782362416.6954758,0.001931905746459961
324759,normal,203,0,1782362416.697515,0.002039194107055664
324760,normal,2704,0,1782362416.6994784,0.001963376998901367
324761,normal,2103,0,1782362416.7014854,0.002007007598876953
324762,normal,1979,0,1782362416.703565,0.002079486846923828
324763,normal,1597,0,1782362416.7055342,0.0019693374633789062
324764,normal,2543,0,1782362416.7075508,0.0020165443420410156
324765,normal,421,0,1782362416.7096097,0.0020589828491210938
324766,normal,1060,0,1782362416.711557,0.001947164535522461
324767,normal,1999,0,1782362416.713594,0.00203704833984375
324768,normal,2369,0,1782362416.7156029,0.0020089149475097656
324769,normal,942,2,1782362416.7176147,0.0020117759704589844
324770,normal,2790,0,1782362416.7195168,0.0019021034240722656
324771,normal,3219,1,1782362416.7215137,0.0019969940185546875
324772,normal,643,0,1782362416.723469,0.001955270767211914
324773,normal,971,2,1782362416.7254708,0.0020017623901367188
324774,normal,2303,0,1782362416.727608,0.0021371841430664062
324775,normal,1713,0,1782362416.7294683,0.0018603801727294922
324776,normal,3238,1,1782362416.7314675,0.0019991397857666016
324777,normal,2426,0,1782362416.733466,0.001998424530029297
324778,normal,275,0,1782362416.7354643,0.001998424530029297
324779,normal,2783,0,1782362416.7375574,0.002093076705932617
324780,normal,747,0,1782362416.7395868,0.0020294189453125
324781,normal,1492,0,1782362416.741646,0.0020592212677001953
324782,normal,178,0,1782362416.7436223,0.0019762516021728516
324783,normal,2743,0,1782362416.7456565,0.0020341873168945312
324784,normal,1252,0,1782362416.7475255,0.0018689632415771484
324785,normal,274,0,1782362416.749511,0.0019855499267578125
324786,normal,2571,0,1782362416.751503,0.0019919872283935547
324787,normal,1388,0,1782362416.753511,0.0020079612731933594
324788,normal,2177,0,1782362416.755726,0.002215147018432617
324789,normal,150,0,1782362416.7575655,0.0018393993377685547
324790,normal,355,0,1782362416.7594826,0.001917123794555664
324791,normal,3647,0,1782362416.7614803,0.001997709274291992
324792,normal,712,0,1782362416.7634873,0.002007007598876953
324793,normal,406,0,1782362416.7654953,0.0020079612731933594
324794,normal,334,0,1782362416.7674992,0.002003908157348633
324795,normal,819,2,1782362416.7694852,0.0019860267639160156
324796,normal,3610,0,1782362416.7715046,0.0020194053649902344
324797,normal,1038,0,1782362416.7735589,0.0020542144775390625
324798,normal,1554,0,1782362416.7755394,0.0019805431365966797
324799,normal,3338,1,1782362416.7775068,0.0019674301147460938
324800,normal,1176,0,1782362416.779546,0.002039194107055664
324801,normal,3365,1,1782362416.7816944,0.0021483898162841797
324802,normal,2187,0,1782362416.7835612,0.0018668174743652344
324803,normal,860,2,1782362416.7855885,0.002027273178100586
324804,normal,1390,0,1782362416.7875974,0.0020089149475097656
324805,normal,1820,0,1782362416.7896054,0.0020079612731933594
324806,normal,2916,0,1782362416.7914517,0.0018463134765625
324807,normal,3122,1,1782362416.7934778,0.002026081085205078
324808,normal,2607,0,1782362416.7955422,0.0020644664764404297
324809,normal,3289,1,1782362416.797598,0.002055644989013672
324810,normal,2943,0,1782362416.799574,0.00197601318359375
324811,normal,913,2,1782362416.801556,0.0019822120666503906
324812,normal,1157,0,1782362416.8036811,0.0021250247955322266
324813,normal,2308,0,1782362416.805469,0.0017879009246826172
324814,normal,1657,0,1782362416.8074849,0.002015829086303711
324815,normal,3187,1,1782362416.809624,0.0021390914916992188
324816,normal,1946,0,1782362416.8116305,0.00200653076171875
324817,normal,3363,1,1782362416.8136497,0.002019166946411133
324818,normal,1513,0,1782362416.8155448,0.0018951892852783203
324819,normal,1156,0,1782362416.81756,0.0020151138305664062
324820,normal,509,0,1782362416.8195674,0.0020074844360351562
324821,normal,2710,0,1782362416.8217807,0.0022132396697998047
324822,normal,832,2,1782362416.82387,0.002089262008666992
324823,normal,3043,0,1782362416.8255334,0.0016634464263916016
324824,normal,1051,0,1782362416.8274996,0.001966238021850586
324825,normal,2620,0,1782362416.8295317,0.002032041549682617
324826,normal,839,2,1782362416.8315268,0.001995086669921875
324827,normal,1253,0,1782362416.8335285,0.0020017623901367188
324828,normal,2523,0,1782362416.8355231,0.001994609832763672
324829,normal,1608,0,1782362416.837512,0.0019888877868652344
324830,normal,2499,0,1782362416.8395064,0.0019943714141845703
324831,normal,3539,0,1782362416.8415353,0.002028942108154297
324832,normal,2144,0,1782362416.8435283,0.001992940902709961
324833,normal,1137,0,1782362416.845492,0.0019636154174804688
324834,normal,1940,0,1782362416.847535,0.002043008804321289
324835,normal,472,0,1782362416.8494923,0.001957416534423828
324836,normal,3362,1,1782362416.8514936,0.0020012855529785156
324837,normal,2868,0,1782362416.8534977,0.0020041465759277344
324838,normal,2542,0,1782362416.8555074,0.0020096302032470703
324839,normal,96,0,1782362416.857548,0.0020406246185302734
324840,normal,3693,0,1782362416.8597846,0.002236604690551758
324841,normal,696,0,1782362416.8615046,0.0017199516296386719
324842,normal,3137,1,1782362416.8635159,0.0020112991333007812
324843,normal,3599,0,1782362416.865524,0.002008199691772461
324844,normal,1895,0,1782362416.8675067,0.0019826889038085938
324845,normal,3013,0,1782362416.8694708,0.001964092254638672
324846,normal,2113,0,1782362416.871494,0.0020232200622558594
324847,normal,268,0,1782362416.8734996,0.0020055770874023438
324848,normal,224,0,1782362416.875496,0.001996278762817383
324849,normal,2024,0,1782362416.8776016,0.002105712890625
324850,normal,2348,0,1782362416.8795063,0.0019047260284423828
324851,normal,2324,0,1782362416.881556,0.002049684524536133
324852,normal,3011,0,1782362416.8835793,0.0020232200622558594
324853,normal,572,0,1782362416.8856401,0.0020608901977539062
324854,normal,1175,0,1782362416.8874931,0.0018529891967773438
324855,normal,1246,0,1782362416.889542,0.002048969268798828
324856,normal,2532,0,1782362416.8915877,0.0020456314086914062
324857,normal,3254,1,1782362416.893602,0.00201416015625
324858,normal,202,0,1782362416.89548,0.0018780231475830078
324859,normal,1888,0,1782362416.8974721,0.0019922256469726562
324860,normal,190,0,1782362416.8994744,0.002002239227294922
324861,normal,2042,0,1782362416.9014697,0.0019953250885009766
324862,normal,327,0,1782362416.903564,0.002094268798828125
324863,normal,685,0,1782362416.9054987,0.0019347667694091797
324864,normal,1676,0,1782362416.907471,0.001972198486328125
324865,normal,2124,0,1782362416.9094722,0.0020012855529785156
324866,normal,1675,0,1782362416.911477,0.002004861831665039
324867,normal,1766,0,1782362416.9134784,0.0020012855529785156
324868,normal,3225,1,1782362416.9161477,0.0026693344116210938
324869,normal,39,0,1782362416.9176188,0.0014710426330566406
324870,normal,93,0,1782362416.9195035,0.0018846988677978516
324871,normal,1506,0,1782362416.921498,0.001994609832763672
324872,normal,384,0,1782362416.9235213,0.0020232200622558594
324873,normal,2199,0,1782362416.9254985,0.001977205276489258
324874,normal,616,0,1782362416.9275982,0.002099752426147461
324875,normal,2785,0,1782362416.9295404,0.0019421577453613281
324876,normal,2109,0,1782362416.931495,0.0019545555114746094
324877,normal,1955,0,1782362416.933494,0.0019991397857666016
324878,normal,1336,1,1782362416.9355009,0.0020067691802978516
324879,normal,3262,1,1782362416.9375224,0.0020215511322021484
324880,normal,349,0,1782362416.9395115,0.001989126205444336
324881,normal,104,0,1782362416.9416466,0.002135038375854492
324882,normal,3683,0,1782362416.9436522,0.0020055770874023438
324883,normal,2742,0,1782362416.9455833,0.0019311904907226562
324884,normal,226,0,1782362416.9476373,0.002053976058959961
324885,normal,1726,0,1782362416.9496002,0.001962900161743164
324886,normal,446,0,1782362416.951808,0.0022077560424804688
324887,normal,2450,0,1782362416.9536998,0.0018918514251708984
324888,normal,2217,0,1782362416.9556167,0.0019168853759765625
324889,normal,1660,0,1782362416.9575007,0.0018839836120605469
324890,normal,1024,2,1782362416.9596002,0.0020995140075683594
324891,normal,542,0,1782362416.961613,0.0020127296447753906
324892,normal,148,0,1782362416.9635012,0.001888275146484375
324893,normal,12,0,1782362416.965481,0.001979827880859375
324894,normal,2483,0,1782362416.9674883,0.0020072460174560547
324895,normal,1368,1,1782362416.9695013,0.002012968063354492
324896,normal,3495,0,1782362416.9715443,0.002043008804321289
324897,normal,596,0,1782362416.973509,0.0019648075103759766
324898,normal,2453,0,1782362416.9755044,0.0019953250885009766
324899,normal,782,2,1782362416.977498,0.0019936561584472656
324900,normal,3040,0,1782362416.97951,0.002012014389038086
324901,normal,2694,0,1782362416.9815369,0.002026796340942383
324902,normal,221,0,1782362416.98356,0.0020232200622558594
324903,normal,855,2,1782362416.9855623,0.002002239227294922
324904,normal,1828,0,1782362416.9874923,0.0019299983978271484
324905,normal,2216,0,1782362416.989525,0.002032756805419922
324906,normal,1833,0,1782362416.9915376,0.002012491226196289
324907,normal,3017,0,1782362416.9935646,0.0020270347595214844
324908,normal,1250,0,1782362416.9955785,0.0020139217376708984
324909,normal,2011,0,1782362416.9975204,0.0019419193267822266
324910,normal,3326,1,1782362416.9995117,0.00199127197265625
324911,normal,2981,0,1782362417.001504,0.0019922256469726562
324912,normal,3004,0,1782362417.0035052,0.0020012855529785156
324913,normal,1094,0,1782362417.0055072,0.0020020008087158203
324914,normal,689,0,1782362417.0075,0.0019927024841308594
324915,normal,2127,0,1782362417.0095248,0.0020248889923095703
324916,normal,3427,0,1782362417.011519,0.0019941329956054688
324917,normal,686,0,1782362417.0135767,0.002057790756225586
324918,normal,2636,0,1782362417.0154924,0.0019156932830810547
324919,normal,655,0,1782362417.017493,0.002000570297241211
324920,normal,2020,0,1782362417.0194967,0.0020036697387695312
324921,normal,3093,1,1782362417.0214884,0.001991748809814453
324922,normal,3310,1,1782362417.0235255,0.00203704833984375
324923,normal,1730,0,1782362417.0254927,0.001967191696166992
324924,normal,246,0,1782362417.0275412,0.002048492431640625
324925,normal,376,0,1782362417.0295591,0.002017974853515625
324926,normal,2715,0,1782362417.0315933,0.0020341873168945312
324927,normal,2798,0,1782362417.0335143,0.001920938491821289
324928,normal,1141,0,1782362417.035512,0.001997709274291992
324929,normal,3466,0,1782362417.0375407,0.0020287036895751953
324930,normal,2045,0,1782362417.039472,0.0019314289093017578
324931,normal,2366,0,1782362417.0414646,0.001992464065551758
324932,normal,728,0,1782362417.043472,0.0020074844360351562
324933,normal,1068,0,1782362417.0455246,0.0020525455474853516
324934,normal,935,2,1782362417.047501,0.001976490020751953
324935,normal,1187,0,1782362417.0495462,0.002045154571533203
324936,normal,1636,0,1782362417.0515397,0.001993417739868164
324937,normal,2856,0,1782362417.0535789,0.002039194107055664
324938,normal,133,0,1782362417.055553,0.0019741058349609375
324939,normal,521,0,1782362417.0575862,0.002033233642578125
324940,normal,1652,0,1782362417.0595155,0.0019292831420898438
324941,normal,9,0,1782362417.0616,0.002084493637084961
324942,normal,1737,0,1782362417.0635827,0.0019826889038085938
324943,normal,880,2,1782362417.0655377,0.0019550323486328125
324944,normal,526,0,1782362417.0674903,0.0019526481628417969
324945,normal,1352,1,1782362417.0694683,0.0019779205322265625
324946,normal,619,0,1782362417.0714602,0.0019919872283935547
324947,normal,280,0,1782362417.0736375,0.0021772384643554688
324948,normal,570,0,1782362417.0754442,0.0018067359924316406
324949,normal,1834,0,1782362417.0774703,0.002026081085205078
324950,normal,3070,1,1782362417.0794652,0.0019948482513427734
324951,normal,2586,0,1782362417.0814667,0.002001523971557617
324952,normal,1450,0,1782362417.0835497,0.0020830631256103516
324953,normal,443,0,1782362417.0859892,0.0024394989013671875
324954,normal,2701,0,1782362417.0875447,0.0015554428100585938
324955,normal,2762,0,1782362417.0895033,0.001958608627319336
324956,normal,2305,0,1782362417.0915036,0.0020003318786621094
324957,normal,3055,1,1782362417.093497,0.001993417739868164
324958,normal,1846,0,1782362417.0955024,0.002005338668823242
324959,normal,3370,1,1782362417.0976357,0.0021333694458007812
324960,normal,207,0,1782362417.099474,0.0018382072448730469
324961,normal,1171,0,1782362417.1015167,0.0020427703857421875
324962,normal,3541,0,1782362417.103485,0.0019683837890625
324963,normal,2604,0,1782362417.1054945,0.0020093917846679688
324964,normal,195,0,1782362417.107497,0.0020024776458740234
324965,normal,2084,0,1782362417.1095123,0.002015352249145508
324966,normal,2382,0,1782362417.1115167,0.002004384994506836
324967,normal,2316,0,1782362417.1135964,0.0020797252655029297
324968,normal,1816,0,1782362417.1156418,0.0020453929901123047
324969,normal,1705,0,1782362417.1175902,0.0019483566284179688
324970,normal,2271,0,1782362417.1195855,0.0019953250885009766
324971,normal,779,2,1782362417.1216097,0.0020241737365722656
324972,normal,1907,0,1782362417.123606,0.001996278762817383
324973,normal,1499,0,1782362417.1256285,0.0020225048065185547
324974,normal,2364,0,1782362417.127857,0.0022284984588623047
324975,normal,633,0,1782362417.1297545,0.001897573471069336
324976,normal,1630,0,1782362417.13151,0.0017554759979248047
324977,normal,3359,1,1782362417.1337452,0.0022351741790771484
324978,normal,1057,0,1782362417.1356556,0.0019104480743408203
324979,normal,1376,1,1782362417.1376574,0.0020017623901367188
324980,normal,2343,0,1782362417.1396244,0.0019669532775878906
324981,normal,2635,0,1782362417.1417058,0.0020813941955566406
324982,normal,3451,0,1782362417.1435885,0.001882791519165039
324983,normal,1932,0,1782362417.1456425,0.002053976058959961
324984,normal,462,0,1782362417.1478024,0.0021598339080810547
324985,normal,2467,0,1782362417.1496353,0.0018329620361328125
324986,normal,69,0,1782362417.151749,0.0021135807037353516
324987,normal,2198,0,1782362417.153684,0.0019350051879882812
324988,normal,758,0,1782362417.1557088,0.0020248889923095703
324989,normal,3651,0,1782362417.1577857,0.002076864242553711
324990,normal,2972,0,1782362417.1597147,0.0019290447235107422
324991,normal,2266,0,1782362417.1614828,0.0017681121826171875
324992,normal,3360,1,1782362417.163702,0.0022192001342773438
324993,normal,2238,0,1782362417.165626,0.0019240379333496094
324994,normal,1226,0,1782362417.167698,0.002071857452392578
324995,normal,441,0,1782362417.1695864,0.0018885135650634766
324996,normal,1875,0,1782362417.1717377,0.0021512508392333984
324997,normal,53,0,1782362417.1735904,0.0018527507781982422
324998,normal,453,0,1782362417.1756258,0.002035379409790039
324999,normal,972,2,1782362417.1776218,0.0019960403442382812
325000,normal,2004,0,1782362417.1796334,0.002011537551879883
325001,normal,2139,0,1782362417.1816313,0.0019979476928710938
325002,normal,1997,0,1782362417.1836534,0.0020220279693603516
325003,normal,2580,0,1782362417.1856303,0.0019769668579101562
325004,normal,1909,0,1782362417.1876268,0.0019965171813964844
325005,normal,1091,0,1782362417.1896193,0.001992464065551758
325006,normal,3366,1,1782362417.1916249,0.0020055770874023438
325007,normal,3559,0,1782362417.193624,0.0019991397857666016
325008,normal,2806,0,1782362417.1955388,0.0019147396087646484
325009,normal,2758,0,1782362417.1976218,0.0020830631256103516
325010,normal,2386,0,1782362417.1996515,0.0020296573638916016
325011,normal,125,0,1782362417.2015846,0.0019330978393554688
325012,normal,70,0,1782362417.2036889,0.0021042823791503906
325013,normal,946,2,1782362417.2056122,0.0019233226776123047
325014,normal,2731,0,1782362417.2076344,0.002022266387939453
325015,normal,802,2,1782362417.2095912,0.0019567012786865234
325016,normal,2875,0,1782362417.2116528,0.002061605453491211
325017,normal,2408,0,1782362417.213551,0.0018982887268066406
325018,normal,3490,0,1782362417.2156122,0.002061128616333008
325019,normal,1517,0,1782362417.2175872,0.0019750595092773438
325020,normal,118,0,1782362417.2195287,0.0019414424896240234
325021,normal,767,0,1782362417.2216535,0.002124786376953125
325022,normal,2039,0,1782362417.2235994,0.0019459724426269531
325023,normal,429,0,1782362417.2256415,0.002042055130004883
325024,normal,1819,0,1782362417.2276137,0.001972198486328125
325025,normal,386,0,1782362417.229646,0.0020322799682617188
325026,normal,2330,0,1782362417.231811,0.002165079116821289
325027,normal,2593,0,1782362417.233529,0.0017180442810058594
325028,normal,2222,0,1782362417.2357543,0.002225160598754883
325029,normal,1628,0,1782362417.237595,0.001840829849243164
325030,normal,579,0,1782362417.2396162,0.0020210742950439453
325031,normal,1207,0,1782362417.2416089,0.0019927024841308594
325032,normal,1716,0,1782362417.2436056,0.001996755599975586
325033,normal,2051,0,1782362417.245621,0.002015352249145508
325034,normal,3372,1,1782362417.2477186,0.002097606658935547
325035,normal,3160,1,1782362417.2494822,0.0017635822296142578
325036,normal,3436,0,1782362417.2516034,0.0021212100982666016
325037,normal,2244,0,1782362417.2536037,0.0020003318786621094
325038,normal,2452,0,1782362417.2556155,0.0020117759704589844
325039,normal,864,2,1782362417.25764,0.002024412155151367
325040,normal,1443,0,1782362417.2596536,0.002013683319091797
325041,normal,1005,2,1782362417.261725,0.002071380615234375
325042,normal,2880,0,1782362417.263552,0.0018270015716552734
325043,normal,1825,0,1782362417.2657197,0.0021677017211914062
325044,normal,3038,0,1782362417.2675047,0.0017850399017333984
325045,normal,812,2,1782362417.269634,0.0021293163299560547
325046,normal,623,0,1782362417.271633,0.0019989013671875
325047,normal,2358,0,1782362417.2736268,0.001993894577026367
325048,normal,3201,1,1782362417.2758143,0.002187490463256836
325049,normal,220,0,1782362417.2775903,0.001775979995727539
325050,normal,3191,1,1782362417.2796197,0.0020294189453125
325051,normal,2140,0,1782362417.281579,0.0019593238830566406
325052,normal,2172,0,1782362417.28362,0.0020411014556884766
325053,normal,1409,0,1782362417.2856297,0.0020096302032470703
325054,normal,1770,0,1782362417.2875812,0.001951456069946289
325055,normal,1810,0,1782362417.2895694,0.0019881725311279297
325056,normal,998,2,1782362417.2915905,0.0020210742950439453
325057,normal,3300,1,1782362417.293696,0.0021054744720458984
325058,normal,561,0,1782362417.2955499,0.00185394287109375
325059,normal,505,0,1782362417.297695,0.002145051956176758
325060,normal,2737,0,1782362417.299875,0.0021800994873046875
325061,normal,801,2,1782362417.3016477,0.0017726421356201172
325062,normal,1711,0,1782362417.3037252,0.0020775794982910156
325063,normal,154,0,1782362417.305601,0.0018756389617919922
325064,normal,2928,0,1782362417.3077567,0.002155780792236328
325065,normal,1100,0,1782362417.3095434,0.0017867088317871094
325066,normal,766,0,1782362417.3116221,0.0020787715911865234
325067,normal,257,0,1782362417.3137412,0.0021190643310546875
325068,normal,1843,0,1782362417.3155391,0.0017979145050048828
325069,normal,3405,0,1782362417.3175988,0.0020596981048583984
325070,normal,1849,0,1782362417.319645,0.0020461082458496094
325071,normal,738,0,1782362417.3216271,0.0019822120666503906
325072,normal,2053,0,1782362417.3236074,0.001980304718017578
325073,normal,1890,0,1782362417.3255126,0.001905202865600586
325074,normal,2665,0,1782362417.327638,0.002125263214111328
325075,normal,1622,0,1782362417.3296077,0.0019698143005371094
325076,normal,1851,0,1782362417.33165,0.0020422935485839844
325077,normal,2107,0,1782362417.3336372,0.0019872188568115234
325078,normal,3058,1,1782362417.3355079,0.0018706321716308594
325079,normal,35,0,1782362417.3375578,0.0020499229431152344
325080,normal,2931,0,1782362417.3395896,0.0020318031311035156
325081,normal,3421,0,1782362417.3415873,0.001997709274291992
325082,normal,2319,0,1782362417.3440478,0.002460479736328125
325083,normal,3031,0,1782362417.345501,0.0014531612396240234
325084,normal,1453,0,1782362417.3475516,0.002050638198852539
325085,normal,2753,0,1782362417.3495944,0.0020427703857421875
325086,normal,2885,0,1782362417.3515916,0.001997232437133789
325087,normal,3663,0,1782362417.3535104,0.001918792724609375
325088,normal,1067,0,1782362417.3555853,0.0020749568939208984
325089,normal,3377,1,1782362417.3575013,0.0019159317016601562
325090,normal,15,0,1782362417.3595183,0.0020170211791992188
325091,normal,3193,1,1782362417.3616161,0.0020978450775146484
325092,normal,315,0,1782362417.3639061,0.002290010452270508
325093,normal,1992,0,1782362417.365755,0.0018489360809326172
325094,normal,519,0,1782362417.3685613,0.0028061866760253906
325095,normal,3631,0,1782362417.3695662,0.001004934310913086
325096,normal,2745,0,1782362417.371687,0.0021207332611083984
325097,normal,2550,0,1782362417.373491,0.0018041133880615234
325098,normal,687,0,1782362417.375686,0.0021948814392089844
325099,normal,2404,0,1782362417.3774984,0.0018124580383300781
325100,normal,3585,0,1782362417.3796551,0.0021567344665527344
325101,normal,3515,0,1782362417.3816752,0.002020120620727539
325102,normal,3565,0,1782362417.3837032,0.0020279884338378906
325103,normal,64,0,1782362417.385868,0.0021648406982421875
325104,normal,1661,0,1782362417.3877146,0.0018465518951416016
325105,normal,3147,1,1782362417.3898294,0.0021147727966308594
325106,normal,2291,0,1782362417.3915772,0.0017478466033935547
325107,normal,1245,0,1782362417.3935785,0.0020012855529785156
325108,normal,1951,0,1782362417.3955104,0.001931905746459961
325109,normal,1288,0,1782362417.3976076,0.0020971298217773438
325110,normal,3417,0,1782362417.3995261,0.0019185543060302734
325111,normal,3649,0,1782362417.4016223,0.0020961761474609375
325112,normal,2903,0,1782362417.403688,0.0020656585693359375
325113,normal,1374,1,1782362417.4055517,0.001863718032836914
325114,normal,2509,0,1782362417.4075975,0.002045869827270508
325115,normal,2190,0,1782362417.4096394,0.0020418167114257812
325116,normal,1023,2,1782362417.4115815,0.0019421577453613281
325117,normal,1435,0,1782362417.413612,0.0020303726196289062
325118,normal,379,0,1782362417.415565,0.001953125
325119,normal,164,0,1782362417.4176083,0.0020432472229003906
325120,normal,49,0,1782362417.4196463,0.0020380020141601562
325121,normal,1045,0,1782362417.4215562,0.0019099712371826172
325122,normal,567,0,1782362417.4235058,0.0019495487213134766
325123,normal,3323,1,1782362417.4256067,0.0021009445190429688
325124,normal,1970,0,1782362417.4275665,0.0019598007202148438
325125,normal,264,0,1782362417.4295137,0.001947164535522461
325126,normal,1397,0,1782362417.431644,0.002130270004272461
325127,normal,44,0,1782362417.4335616,0.0019176006317138672
325128,normal,666,0,1782362417.435524,0.001962423324584961
325129,normal,1771,0,1782362417.4375815,0.0020575523376464844
325130,normal,1755,0,1782362417.4395213,0.0019397735595703125
325131,normal,2229,0,1782362417.4415157,0.0019943714141845703
325132,normal,1774,0,1782362417.4438984,0.0023827552795410156
325133,normal,1864,0,1782362417.4459531,0.0020546913146972656
325134,normal,1363,1,1782362417.447591,0.0016379356384277344
325135,normal,2090,0,1782362417.4495654,0.001974344253540039
325136,normal,2210,0,1782362417.451633,0.00206756591796875
325137,normal,1505,0,1782362417.4535534,0.001920461654663086
325138,normal,2689,0,1782362417.4555972,0.0020437240600585938
325139,normal,1085,0,1782362417.4576552,0.0020580291748046875
325140,normal,3561,0,1782362417.459793,0.002137899398803711
325141,normal,1465,0,1782362417.4615169,0.0017237663269042969
325142,normal,266,0,1782362417.4636297,0.002112865447998047
325143,normal,3465,0,1782362417.4663546,0.002724885940551758
325144,normal,1681,0,1782362417.4676487,0.0012941360473632812
325145,normal,3050,1,1782362417.469952,0.0023033618927001953
325146,normal,895,2,1782362417.4724665,0.002514362335205078
325147,normal,2315,0,1782362417.4735506,0.0010840892791748047
325148,normal,171,0,1782362417.476009,0.002458333969116211
325149,normal,1366,1,1782362417.4776957,0.0016868114471435547
325150,normal,157,0,1782362417.480296,0.0026001930236816406
325151,normal,852,2,1782362417.4816387,0.0013427734375
325152,normal,1602,0,1782362417.483623,0.0019843578338623047
325153,normal,903,2,1782362417.4857955,0.0021724700927734375
325154,normal,487,0,1782362417.4878001,0.0020046234130859375
325155,normal,3288,1,1782362417.4897914,0.00199127197265625
325156,normal,3213,1,1782362417.4916499,0.0018584728240966797
325157,normal,85,0,1782362417.4936109,0.0019609928131103516
325158,normal,322,0,1782362417.4958885,0.0022776126861572266
325159,normal,786,2,1782362417.4978569,0.0019683837890625
325160,normal,2876,0,1782362417.4996154,0.001758575439453125
325161,normal,1004,2,1782362417.5015767,0.001961231231689453
325162,normal,3186,1,1782362417.5035722,0.001995563507080078
325163,normal,1904,0,1782362417.5057473,0.0021750926971435547
325164,normal,1201,0,1782362417.5075612,0.0018138885498046875
325165,normal,1184,0,1782362417.5097108,0.0021495819091796875
325166,normal,1750,0,1782362417.5115783,0.001867532730102539
325167,normal,1874,0,1782362417.5137022,0.0021238327026367188
325168,normal,383,0,1782362417.5157285,0.0020263195037841797
325169,normal,2427,0,1782362417.5176358,0.0019073486328125
325170,normal,222,0,1782362417.5197709,0.002135038375854492
325171,normal,3601,0,1782362417.521832,0.002061128616333008
325172,normal,2507,0,1782362417.52389,0.0020580291748046875
325173,normal,2609,0,1782362417.5257654,0.0018754005432128906
325174,normal,2301,0,1782362417.5277941,0.0020287036895751953
325175,normal,1052,0,1782362417.5297406,0.0019464492797851562
325176,normal,958,2,1782362417.5315905,0.0018498897552490234
325177,normal,562,0,1782362417.5338233,0.002232789993286133
325178,normal,3101,1,1782362417.535654,0.0018308162689208984
325179,normal,3650,0,1782362417.537763,0.002109050750732422
325180,normal,92,0,1782362417.5396283,0.0018651485443115234
325181,normal,1303,0,1782362417.541724,0.0020956993103027344
325182,normal,415,0,1782362417.5435286,0.0018045902252197266
325183,normal,1588,0,1782362417.5458772,0.002348661422729492
325184,normal,2488,0,1782362417.5477054,0.0018281936645507812
325185,normal,1972,0,1782362417.549797,0.002091646194458008
325186,normal,3321,1,1782362417.5517685,0.0019714832305908203
325187,normal,2355,0,1782362417.553856,0.0020873546600341797
325188,normal,247,0,1782362417.5559242,0.0020682811737060547
325189,normal,1903,0,1782362417.5577254,0.0018012523651123047
325190,normal,1080,0,1782362417.5599172,0.002191781997680664
325191,normal,3384,1,1782362417.561825,0.0019078254699707031
325192,normal,1900,0,1782362417.563833,0.0020079612731933594
325193,normal,969,2,1782362417.5655355,0.0017025470733642578
325194,normal,2534,0,1782362417.5676506,0.002115011215209961
325195,normal,732,0,1782362417.5696537,0.002003192901611328
325196,normal,367,0,1782362417.571565,0.001911163330078125
325197,normal,3076,1,1782362417.5738192,0.0022542476654052734
325198,normal,2243,0,1782362417.5755837,0.001764535903930664
325199,normal,3128,1,1782362417.577646,0.0020623207092285156
325200,normal,1180,0,1782362417.57962,0.001973867416381836
325201,normal,158,0,1782362417.5817509,0.0021309852600097656
325202,normal,3404,0,1782362417.583725,0.0019741058349609375
325203,normal,3244,1,1782362417.5855663,0.0018413066864013672
325204,normal,2092,0,1782362417.5877914,0.002225160598754883
325205,normal,2469,0,1782362417.5898361,0.002044677734375
325206,normal,3124,1,1782362417.591758,0.0019218921661376953
325207,normal,2821,0,1782362417.593833,0.0020749568939208984
325208,normal,1289,0,1782362417.5959892,0.0021562576293945312
325209,normal,3223,1,1782362417.5975578,0.0015685558319091797
325210,normal,1385,0,1782362417.5996861,0.0021283626556396484
325211,normal,506,0,1782362417.601617,0.0019309520721435547
325212,normal,324,0,1782362417.6037347,0.002117633819580078
325213,normal,1614,0,1782362417.6055882,0.0018534660339355469
325214,normal,804,2,1782362417.6078794,0.0022912025451660156
325215,normal,3016,0,1782362417.60996,0.002080678939819336
325216,normal,1441,0,1782362417.6117632,0.0018031597137451172
325217,normal,2027,0,1782362417.6138742,0.0021109580993652344
325218,normal,1013,2,1782362417.615646,0.001771688461303711
325219,normal,328,0,1782362417.6177633,0.0021173954010009766
325220,normal,3475,0,1782362417.6197338,0.001970529556274414
325221,normal,1668,0,1782362417.621747,0.0020132064819335938
325222,normal,2711,0,1782362417.6236439,0.0018968582153320312
325223,normal,2805,0,1782362417.625554,0.0019102096557617188
325224,normal,1916,0,1782362417.6276844,0.002130270004272461
325225,normal,1428,0,1782362417.629722,0.0020377635955810547
325226,normal,1905,0,1782362417.6316397,0.0019176006317138672
325227,normal,503,0,1782362417.6338973,0.0022575855255126953
325228,normal,1378,1,1782362417.6355724,0.0016751289367675781
325229,normal,1879,0,1782362417.6379392,0.002366781234741211
325230,normal,3391,1,1782362417.6396525,0.0017132759094238281
325231,normal,468,0,1782362417.641799,0.002146482467651367
325232,normal,3660,0,1782362417.6437774,0.0019783973693847656
325233,normal,1824,0,1782362417.646062,0.002284526824951172
325234,normal,3260,1,1782362417.648015,0.001953125
325235,normal,3267,1,1782362417.6495817,0.0015666484832763672
325236,normal,1962,0,1782362417.6519783,0.0023965835571289062
325237,normal,3413,0,1782362417.6536329,0.0016546249389648438
325238,normal,3530,0,1782362417.6556876,0.0020546913146972656
325239,normal,2667,0,1782362417.6574829,0.0017952919006347656
325240,normal,1605,0,1782362417.6597526,0.002269744873046875
325241,normal,878,2,1782362417.661763,0.002010345458984375
325242,normal,2381,0,1782362417.6635513,0.0017883777618408203
325243,normal,1803,0,1782362417.665576,0.0020246505737304688
325244,normal,3431,0,1782362417.667562,0.0019860267639160156
325245,normal,1380,1,1782362417.66952,0.0019578933715820312
325246,normal,141,0,1782362417.671605,0.0020852088928222656
325247,normal,395,0,1782362417.67353,0.0019249916076660156
325248,normal,3051,1,1782362417.6755369,0.0020067691802978516
325249,normal,352,0,1782362417.6775806,0.0020437240600585938
325250,normal,2193,0,1782362417.6799169,0.002336263656616211
325251,normal,2641,0,1782362417.6817493,0.0018324851989746094
325252,normal,2912,0,1782362417.6838372,0.002087831497192383
325253,normal,661,0,1782362417.6856835,0.0018463134765625
325254,normal,212,0,1782362417.687738,0.002054452896118164
325255,normal,3463,0,1782362417.6897366,0.0019986629486083984
325256,normal,2726,0,1782362417.6916063,0.0018696784973144531
325257,normal,1028,2,1782362417.6935925,0.001986265182495117
325258,normal,1669,0,1782362417.695956,0.002363443374633789
325259,normal,2070,0,1782362417.6978679,0.0019118785858154297
325260,normal,2721,0,1782362417.699779,0.001911163330078125
325261,normal,304,0,1782362417.7017472,0.0019681453704833984
325262,normal,1576,0,1782362417.7039251,0.0021779537200927734
325263,normal,2359,0,1782362417.7060022,0.0020771026611328125
325264,normal,1414,0,1782362417.7075896,0.0015873908996582031
325265,normal,2012,0,1782362417.7095323,0.0019426345825195312
325266,normal,309,0,1782362417.7115498,0.002017498016357422
325267,normal,3307,1,1782362417.7135549,0.0020051002502441406
325268,normal,2095,0,1782362417.715721,0.0021660327911376953
325269,normal,879,2,1782362417.7175968,0.0018758773803710938
325270,normal,3156,1,1782362417.7197146,0.0021178722381591797
325271,normal,2135,0,1782362417.7217133,0.0019986629486083984
325272,normal,2365,0,1782362417.7237346,0.002021312713623047
325273,normal,2346,0,1782362417.7257504,0.002015829086303711
325274,normal,1107,0,1782362417.727645,0.0018944740295410156
325275,normal,450,0,1782362417.7297904,0.002145528793334961
325276,normal,2058,0,1782362417.7316442,0.0018537044525146484
325277,normal,3264,1,1782362417.7337656,0.002121448516845703
325278,normal,1464,0,1782362417.7355504,0.0017848014831542969
325279,normal,896,2,1782362417.7377768,0.0022263526916503906
325280,normal,1401,0,1782362417.7397773,0.002000570297241211
325281,normal,1290,0,1782362417.7422707,0.0024933815002441406
325282,normal,1379,1,1782362417.74371,0.0014393329620361328
325283,normal,2526,0,1782362417.7457745,0.0020644664764404297
325284,normal,3151,1,1782362417.7475653,0.001790761947631836
325285,normal,1217,0,1782362417.7497945,0.0022292137145996094
325286,normal,1760,0,1782362417.7516167,0.0018222332000732422
325287,normal,2702,0,1782362417.753696,0.0020792484283447266
325288,normal,2326,0,1782362417.7556958,0.0019998550415039062
325289,normal,936,2,1782362417.757562,0.0018661022186279297
325290,normal,2623,0,1782362417.7597103,0.0021483898162841797
325291,normal,818,2,1782362417.7618577,0.0021474361419677734
325292,normal,3447,0,1782362417.7637012,0.0018434524536132812
325293,normal,979,2,1782362417.765815,0.002113819122314453
325294,normal,789,2,1782362417.7676291,0.001814126968383789
325295,normal,461,0,1782362417.769908,0.0022788047790527344
325296,normal,2341,0,1782362417.771725,0.0018169879913330078
325297,normal,3347,1,1782362417.7738938,0.002168893814086914
325298,normal,1131,0,1782362417.7756875,0.0017936229705810547
325299,normal,1623,0,1782362417.7778158,0.0021283626556396484
325300,normal,1949,0,1782362417.779763,0.001947164535522461
325301,normal,269,0,1782362417.7818663,0.0021033287048339844
325302,normal,908,2,1782362417.7836251,0.0017588138580322266
325303,normal,1165,0,1782362417.7857456,0.002120494842529297
325304,normal,2913,0,1782362417.7876425,0.0018968582153320312
325305,normal,762,0,1782362417.7897115,0.0020689964294433594
325306,normal,825,2,1782362417.7919152,0.002203702926635742
325307,normal,2260,0,1782362417.7936301,0.001714944839477539
325308,normal,3487,0,1782362417.795712,0.0020818710327148438
325309,normal,2176,0,1782362417.7975562,0.001844167709350586
325310,normal,1831,0,1782362417.799676,0.002119779586791992
325311,normal,1335,1,1782362417.8015516,0.0018756389617919922
325312,normal,1850,0,1782362417.803656,0.002104520797729492
325313,normal,3230,1,1782362417.805938,0.0022819042205810547
325314,normal,1066,0,1782362417.807802,0.0018639564514160156
325315,normal,3125,1,1782362417.8095908,0.0017888545989990234
325316,normal,3255,1,1782362417.8119383,0.0023474693298339844
325317,normal,126,0,1782362417.8135865,0.0016481876373291016
325318,normal,1168,0,1782362417.8157647,0.002178192138671875
325319,normal,1266,0,1782362417.817656,0.0018913745880126953
325320,normal,3566,0,1782362417.819777,0.0021209716796875
325321,normal,2918,0,1782362417.8217068,0.0019297599792480469
325322,normal,3387,1,1782362417.823989,0.0022821426391601562
325323,normal,1577,0,1782362417.8258545,0.0018656253814697266
325324,normal,346,0,1782362417.8275387,0.0016841888427734375
325325,normal,527,0,1782362417.829537,0.0019981861114501953
325326,normal,2081,0,1782362417.8315187,0.0019817352294921875
325327,normal,2581,0,1782362417.8335342,0.0020155906677246094
325328,normal,957,2,1782362417.8357747,0.002240419387817383
325329,normal,953,2,1782362417.8375802,0.0018055438995361328
325330,normal,2074,0,1782362417.8399708,0.002390623092651367
325331,normal,40,0,1782362417.8421104,0.002139568328857422
325332,normal,1452,0,1782362417.844409,0.002298593521118164
325333,normal,3271,1,1782362417.8457067,0.0012977123260498047
325334,normal,2659,0,1782362417.8480258,0.0023190975189208984
325335,normal,3479,0,1782362417.8501267,0.0021009445190429688
325336,normal,3460,0,1782362417.8521497,0.002022981643676758
325337,normal,1438,0,1782362417.8539276,0.0017778873443603516
325338,normal,3430,0,1782362417.855769,0.0018413066864013672
325339,normal,1205,0,1782362417.8577876,0.0020186901092529297
325340,normal,1562,0,1782362417.8597305,0.0019428730010986328
325341,normal,648,0,1782362417.8615086,0.0017781257629394531
325342,normal,2131,0,1782362417.863526,0.002017498016357422
325343,normal,2812,0,1782362417.8655694,0.0020432472229003906
325344,normal,1484,0,1782362417.8675792,0.002009868621826172
325345,normal,363,0,1782362417.869719,0.0021398067474365234
325346,normal,2340,0,1782362417.8721232,0.0024042129516601562
325347,normal,2531,0,1782362417.873733,0.00160980224609375
325348,normal,2002,0,1782362417.8755374,0.001804351806640625
325349,normal,3564,0,1782362417.8775578,0.0020203590393066406
325350,normal,1483,0,1782362417.8795679,0.0020101070404052734
325351,normal,2867,0,1782362417.8816473,0.002079486846923828
325352,normal,2776,0,1782362417.8836262,0.0019788742065429688
325353,normal,326,0,1782362417.8855846,0.0019583702087402344
325354,normal,161,0,1782362417.8875997,0.0020151138305664062
325355,normal,149,0,1782362417.889468,0.0018682479858398438
325356,normal,1371,1,1782362417.8916492,0.0021812915802001953
325357,normal,1123,0,1782362417.8935957,0.0019464492797851562
325358,normal,2757,0,1782362417.895643,0.002047300338745117
325359,normal,1152,0,1782362417.8978295,0.0021865367889404297
325360,normal,3103,1,1782362417.8996515,0.0018219947814941406
325361,normal,1707,0,1782362417.901628,0.001976490020751953
325362,normal,145,0,1782362417.9036207,0.0019927024841308594
325363,normal,2521,0,1782362417.9056396,0.0020189285278320312
325364,normal,3336,1,1782362417.907685,0.0020453929901123047
325365,normal,2645,0,1782362417.9095318,0.0018467903137207031
325366,normal,3123,1,1782362417.9115746,0.0020427703857421875
325367,normal,1214,0,1782362417.913615,0.002040386199951172
325368,normal,540,0,1782362417.915634,0.0020189285278320312
325369,normal,1659,0,1782362417.9176166,0.0019826889038085938
325370,normal,2101,0,1782362417.9195986,0.001981973648071289
325371,normal,557,0,1782362417.9215019,0.0019032955169677734
325372,normal,3499,0,1782362417.9239004,0.0023984909057617188
325373,normal,2181,0,1782362417.9259646,0.002064228057861328
325374,normal,769,0,1782362417.9275284,0.0015637874603271484
325375,normal,302,0,1782362417.929809,0.002280712127685547
325376,normal,378,0,1782362417.931988,0.0021789073944091797
325377,normal,3086,1,1782362417.9338698,0.0018818378448486328
325378,normal,1488,0,1782362417.9358706,0.0020008087158203125
325379,normal,784,2,1782362417.9378319,0.001961231231689453
325380,normal,1522,0,1782362417.9396265,0.001794576644897461
325381,normal,37,0,1782362417.941807,0.0021805763244628906
325382,normal,1944,0,1782362417.94381,0.0020029544830322266
325383,normal,1655,0,1782362417.9455764,0.0017664432525634766
325384,normal,3429,0,1782362417.9480534,0.002476930618286133
325385,normal,2907,0,1782362417.9496856,0.0016322135925292969
325386,normal,2894,0,1782362417.9515111,0.001825571060180664
325387,normal,1399,0,1782362417.9536228,0.002111673355102539
325388,normal,3557,0,1782362417.955526,0.0019032955169677734
325389,normal,2566,0,1782362417.9575405,0.0020143985748291016
325390,normal,2804,0,1782362417.9595087,0.0019681453704833984
325391,normal,2957,0,1782362417.961556,0.002047300338745117
325392,normal,749,0,1782362417.963642,0.0020859241485595703
325393,normal,2733,0,1782362417.9656904,0.002048492431640625
325394,normal,1994,0,1782362417.9675357,0.0018453598022460938
325395,normal,243,0,1782362417.9695923,0.002056598663330078
325396,normal,595,0,1782362417.9716265,0.0020341873168945312
325397,normal,1673,0,1782362417.9736576,0.002031087875366211
325398,normal,2122,0,1782362417.9755623,0.0019047260284423828
325399,normal,2763,0,1782362417.9779494,0.0023870468139648438
325400,normal,2441,0,1782362417.9795086,0.0015592575073242188
325401,normal,1065,0,1782362417.9818115,0.002302885055541992
325402,normal,2398,0,1782362417.983896,0.002084493637084961
325403,normal,752,0,1782362417.9855812,0.0016851425170898438
325404,normal,2065,0,1782362417.987686,0.0021047592163085938
325405,normal,3446,0,1782362417.989559,0.001873016357421875
325406,normal,3553,0,1782362417.9916093,0.0020503997802734375
325407,normal,2583,0,1782362417.993533,0.0019235610961914062
325408,normal,2901,0,1782362417.9956539,0.0021209716796875
325409,normal,1817,0,1782362417.9975133,0.001859426498413086
325410,normal,2538,0,1782362417.999517,0.0020036697387695312
325411,normal,2573,0,1782362418.0014968,0.001979827880859375
325412,normal,2320,0,1782362418.0035157,0.0020189285278320312
325413,normal,420,0,1782362418.0055313,0.0020155906677246094
325414,normal,3643,0,1782362418.0078273,0.002295970916748047
325415,normal,3119,1,1782362418.0098822,0.002054929733276367
325416,normal,323,0,1782362418.0116434,0.0017611980438232422
325417,normal,2884,0,1782362418.0139222,0.0022788047790527344
325418,normal,394,0,1782362418.0159485,0.0020263195037841797
325419,normal,1185,0,1782362418.0177336,0.0017850399017333984
325420,normal,723,0,1782362418.0195878,0.0018541812896728516
325421,normal,3444,0,1782362418.0218399,0.0022521018981933594
325422,normal,3459,0,1782362418.0235932,0.0017533302307128906
325423,normal,2082,0,1782362418.0257804,0.0021872520446777344
325424,normal,803,2,1782362418.0278242,0.0020437240600585938
325425,normal,1845,0,1782362418.0298977,0.002073526382446289
325426,normal,1474,0,1782362418.0316842,0.0017864704132080078
325427,normal,894,2,1782362418.0335255,0.0018413066864013672
325428,normal,165,0,1782362418.0355,0.0019745826721191406
325429,normal,2164,0,1782362418.0375724,0.0020723342895507812
325430,normal,1318,0,1782362418.0395591,0.0019867420196533203
325431,normal,2578,0,1782362418.0418277,0.002268552780151367
325432,normal,3067,1,1782362418.0435236,0.001695871353149414
325433,normal,3615,0,1782362418.0457199,0.0021963119506835938
325434,normal,915,2,1782362418.0474553,0.0017354488372802734
325435,normal,968,2,1782362418.0496058,0.0021505355834960938
325436,normal,3526,0,1782362418.0515416,0.001935720443725586
325437,normal,2735,0,1782362418.0538156,0.002274036407470703
325438,normal,2843,0,1782362418.056048,0.0022323131561279297
325439,normal,3587,0,1782362418.0576856,0.0016376972198486328
325440,normal,1357,1,1782362418.0598133,0.0021276473999023438
325441,normal,2637,0,1782362418.0615768,0.0017635822296142578
325442,normal,1781,0,1782362418.063857,0.0022802352905273438
325443,normal,314,0,1782362418.065716,0.0018589496612548828
325444,normal,2338,0,1782362418.0677087,0.0019927024841308594
325445,normal,3414,0,1782362418.0700397,0.0023310184478759766
325446,normal,1844,0,1782362418.0717568,0.0017170906066894531
325447,normal,3496,0,1782362418.0735314,0.0017745494842529297
325448,normal,2446,0,1782362418.0757084,0.002177000045776367
325449,normal,2456,0,1782362418.0776536,0.0019452571868896484
325450,normal,1158,0,1782362418.0796852,0.002031564712524414
325451,normal,504,0,1782362418.0817204,0.0020351409912109375
325452,normal,1348,1,1782362418.083735,0.002014636993408203
325453,normal,294,0,1782362418.085745,0.0020101070404052734
325454,normal,2151,0,1782362418.087759,0.0020139217376708984
325455,normal,3625,0,1782362418.0894887,0.001729726791381836
325456,normal,3614,0,1782362418.0915952,0.0021064281463623047
325457,normal,3057,1,1782362418.093617,0.00202178955078125
325458,normal,1922,0,1782362418.0957086,0.002091646194458008
325459,normal,1301,0,1782362418.0983646,0.0026559829711914062
325460,normal,2468,0,1782362418.1000352,0.0016705989837646484
325461,normal,1112,0,1782362418.1018765,0.0018413066864013672
325462,normal,1291,0,1782362418.1038437,0.001967191696166992
325463,normal,22,0,1782362418.1058521,0.0020084381103515625
325464,normal,2016,0,1782362418.1078393,0.0019872188568115234
325465,normal,3497,0,1782362418.1097836,0.0019443035125732422
325466,normal,2414,0,1782362418.1118011,0.002017498016357422
325467,normal,3092,1,1782362418.1142588,0.0024576187133789062
325468,normal,2819,0,1782362418.115594,0.00133514404296875
325469,normal,2964,0,1782362418.1176975,0.002103567123413086
325470,normal,1121,0,1782362418.1195884,0.0018908977508544922
325471,normal,1075,0,1782362418.121816,0.0022275447845458984
325472,normal,2250,0,1782362418.1237187,0.0019028186798095703
325473,normal,1458,0,1782362418.125598,0.0018792152404785156
325474,normal,790,2,1782362418.127758,0.0021600723266601562
325475,normal,1978,0,1782362418.129809,0.0020508766174316406
325476,normal,405,0,1782362418.1315973,0.0017883777618408203
325477,normal,3396,1,1782362418.1338928,0.0022954940795898438
325478,normal,2299,0,1782362418.1358798,0.001986980438232422
325479,normal,3456,0,1782362418.1376543,0.0017745494842529297
325480,normal,2508,0,1782362418.139635,0.0019807815551757812
325481,normal,2272,0,1782362418.141601,0.0019659996032714844
325482,normal,1049,0,1782362418.143594,0.001992940902709961
325483,normal,1020,2,1782362418.1457844,0.0021903514862060547
325484,normal,2256,0,1782362418.1477513,0.0019669532775878906
325485,normal,3026,0,1782362418.1497114,0.0019600391387939453
325486,normal,479,0,1782362418.1517174,0.002006053924560547
325487,normal,2091,0,1782362418.1537616,0.002044200897216797
325488,normal,3320,1,1782362418.155808,0.002046346664428711
325489,normal,3577,0,1782362418.1576293,0.001821279525756836
325490,normal,3542,0,1782362418.1597311,0.002101898193359375
325491,normal,2919,0,1782362418.1615932,0.0018620491027832031
325492,normal,3576,0,1782362418.1638196,0.0022263526916503906
325493,normal,2147,0,1782362418.1656497,0.0018301010131835938
325494,normal,488,0,1782362418.1675673,0.0019176006317138672
325495,normal,1113,0,1782362418.169735,0.0021677017211914062
325496,normal,426,0,1782362418.171718,0.0019829273223876953
325497,normal,2615,0,1782362418.17373,0.002012014389038086
325498,normal,711,0,1782362418.1756454,0.0019154548645019531
325499,normal,1192,0,1782362418.177726,0.002080678939819336
325500,normal,3278,1,1782362418.1795669,0.001840829849243164
325501,normal,573,0,1782362418.1818895,0.002322673797607422
325502,normal,1268,0,1782362418.1839063,0.002016782760620117
325503,normal,67,0,1782362418.1856978,0.0017914772033691406
325504,normal,2864,0,1782362418.1876276,0.0019297599792480469
325505,normal,116,0,1782362418.1899376,0.002310037612915039
325506,normal,3469,0,1782362418.192241,0.0023033618927001953
325507,normal,1079,0,1782362418.1937385,0.001497507095336914
325508,normal,3467,0,1782362418.1956565,0.0019180774688720703
325509,normal,3706,0,1782362418.1975217,0.0018651485443115234
325510,normal,1209,0,1782362418.1996143,0.002092599868774414
325511,normal,1734,0,1782362418.2016184,0.0020041465759277344
325512,normal,2975,0,1782362418.2036917,0.0020732879638671875
325513,normal,677,0,1782362418.2056,0.0019083023071289062
325514,normal,2587,0,1782362418.207562,0.001961946487426758
325515,normal,2209,0,1782362418.2095265,0.001964569091796875
325516,normal,2495,0,1782362418.2118044,0.002277851104736328
325517,normal,2286,0,1782362418.2137074,0.0019030570983886719
325518,normal,2215,0,1782362418.2155886,0.0018811225891113281
325519,normal,3395,1,1782362418.2182794,0.0026907920837402344
325520,normal,1345,1,1782362418.219733,0.0014536380767822266
325521,normal,2405,0,1782362418.2220063,0.0022733211517333984
325522,normal,3648,0,1782362418.2236986,0.0016922950744628906
325523,normal,962,2,1782362418.2255616,0.0018630027770996094
325524,normal,1897,0,1782362418.2278972,0.0023355484008789062
325525,normal,2174,0,1782362418.2295752,0.0016779899597167969
325526,normal,1193,0,1782362418.2318206,0.0022454261779785156
325527,normal,2891,0,1782362418.233557,0.0017364025115966797
325528,normal,1329,1,1782362418.2360995,0.0025424957275390625
325529,normal,3020,0,1782362418.237725,0.0016255378723144531
325530,normal,1254,0,1782362418.2395449,0.0018198490142822266
325531,normal,653,0,1782362418.241905,0.002360105514526367
325532,normal,933,2,1782362418.243645,0.0017399787902832031
325533,normal,1631,0,1782362418.2455316,0.001886606216430664
325534,normal,2108,0,1782362418.2477117,0.0021800994873046875
325535,normal,2817,0,1782362418.2496588,0.001947164535522461
325536,normal,175,0,1782362418.251884,0.002225160598754883
325537,normal,347,0,1782362418.2544072,0.002523183822631836
325538,normal,2242,0,1782362418.2567604,0.002353191375732422
325539,normal,1292,0,1782362418.2584014,0.0016410350799560547
325540,normal,2501,0,1782362418.259873,0.0014715194702148438
325541,normal,3679,0,1782362418.2616966,0.0018236637115478516
325542,normal,473,0,1782362418.2636154,0.001918792724609375
325543,normal,3552,0,1782362418.2658732,0.002257823944091797
325544,normal,2182,0,1782362418.267972,0.0020987987518310547
325545,normal,1826,0,1782362418.2695665,0.00159454345703125
325546,normal,483,0,1782362418.2715652,0.0019986629486083984
325547,normal,1225,0,1782362418.2735946,0.0020294189453125
325548,normal,1542,0,1782362418.2755287,0.001934051513671875
325549,normal,2205,0,1782362418.2777069,0.002178192138671875
325550,normal,167,0,1782362418.2795277,0.0018208026885986328
325551,normal,2905,0,1782362418.281617,0.002089262008666992
325552,normal,1852,0,1782362418.2835228,0.0019059181213378906
325553,normal,2600,0,1782362418.2855532,0.0020303726196289062
325554,normal,1048,0,1782362418.287572,0.0020186901092529297
325555,normal,927,2,1782362418.2896755,0.002103567123413086
325556,normal,951,2,1782362418.2921047,0.0024292469024658203
325557,normal,3620,0,1782362418.2939115,0.0018067359924316406
325558,normal,1033,0,1782362418.2956936,0.0017821788787841797
325559,normal,2079,0,1782362418.297878,0.0021843910217285156
325560,normal,176,0,1782362418.299653,0.0017750263214111328
325561,normal,3611,0,1782362418.3017445,0.0020914077758789062
325562,normal,423,0,1782362454.7383993,0.0
325563,normal,526,0,1782362454.740315,0.0019156932830810547
325564,normal,2538,0,1782362454.7423444,0.0020294189453125
325565,normal,1596,0,1782362454.744399,0.0020546913146972656
325566,normal,3268,1,1782362454.7463112,0.0019121170043945312
325567,normal,218,0,1782362454.7483294,0.0020182132720947266
325568,normal,1517,0,1782362454.750442,0.0021126270294189453
325569,normal,900,2,1782362454.7522914,0.0018494129180908203
325570,normal,2981,0,1782362454.7547276,0.0024361610412597656
325571,normal,1236,0,1782362454.7564387,0.001711130142211914
325572,normal,2388,0,1782362454.75863,0.002191305160522461
325573,normal,3652,0,1782362454.760525,0.0018949508666992188
325574,normal,2946,0,1782362454.7628388,0.002313852310180664
325575,normal,1496,0,1782362454.7644572,0.0016183853149414062
325576,normal,2501,0,1782362454.7667882,0.0023310184478759766
325577,normal,1004,2,1782362454.768589,0.0018007755279541016
325578,normal,82,0,1782362454.770658,0.0020689964294433594
325579,normal,971,2,1782362454.772591,0.0019330978393554688
325580,normal,2686,0,1782362454.7746558,0.0020647048950195312
325581,normal,1308,0,1782362454.7765393,0.0018835067749023438
325582,normal,378,0,1782362454.778634,0.002094745635986328
325583,normal,1784,0,1782362454.7805884,0.001954317092895508
325584,normal,3520,0,1782362454.7824874,0.0018990039825439453
325585,normal,2451,0,1782362454.7847753,0.0022878646850585938
325586,normal,3110,1,1782362454.7865276,0.0017523765563964844
325587,normal,2997,0,1782362454.7885017,0.0019741058349609375
325588,normal,2483,0,1782362454.7904565,0.001954793930053711
325589,normal,909,2,1782362454.792497,0.002040386199951172
325590,normal,280,0,1782362454.794519,0.0020220279693603516
325591,normal,723,0,1782362454.7964642,0.0019452571868896484
325592,normal,2805,0,1782362454.7985363,0.0020720958709716797
325593,normal,1851,0,1782362454.8004265,0.0018901824951171875
325594,normal,2691,0,1782362454.8025262,0.002099752426147461
325595,normal,1923,0,1782362454.8045254,0.0019991397857666016
325596,normal,1301,0,1782362454.80639,0.0018646717071533203
325597,normal,1001,2,1782362454.80864,0.0022499561309814453
325598,normal,3444,0,1782362454.81047,0.0018301010131835938
325599,normal,1276,0,1782362454.8124483,0.001978158950805664
325600,normal,2143,0,1782362454.8145294,0.002081155776977539
325601,normal,2459,0,1782362454.816624,0.0020945072174072266
325602,normal,1146,0,1782362454.8183677,0.0017437934875488281
325603,normal,3625,0,1782362454.8206432,0.0022754669189453125
325604,normal,21,0,1782362454.822466,0.0018227100372314453
325605,normal,3271,1,1782362454.8245099,0.0020439624786376953
325606,normal,788,2,1782362454.8265808,0.002070903778076172
325607,normal,460,0,1782362454.8285584,0.001977682113647461
325608,normal,1341,1,1782362454.8304543,0.001895904541015625
325609,normal,1413,0,1782362454.8325195,0.0020651817321777344
325610,normal,9,0,1782362454.8346124,0.0020928382873535156
325611,normal,3709,0,1782362454.836455,0.0018427371978759766
325612,normal,1683,0,1782362454.838785,0.0023298263549804688
325613,normal,1160,0,1782362454.840613,0.0018279552459716797
325614,normal,834,2,1782362454.8426144,0.002001523971557617
325615,normal,2878,0,1782362454.8446288,0.0020143985748291016
325616,normal,3507,0,1782362454.8467689,0.002140045166015625
325617,normal,3528,0,1782362454.8484504,0.0016815662384033203
325618,normal,594,0,1782362454.8507965,0.002346038818359375
325619,normal,704,0,1782362454.8525906,0.0017940998077392578
325620,normal,567,0,1782362454.8546507,0.0020601749420166016
325621,normal,1495,0,1782362454.8565872,0.0019364356994628906
325622,normal,2442,0,1782362454.858777,0.0021898746490478516
325623,normal,1668,0,1782362454.8604438,0.0016667842864990234
325624,normal,1903,0,1782362454.8627954,0.002351522445678711
325625,normal,90,0,1782362454.864596,0.001800537109375
325626,normal,8,0,1782362454.86664,0.002044200897216797
325627,normal,2974,0,1782362454.8685863,0.0019462108612060547
325628,normal,2320,0,1782362454.87078,0.0021936893463134766
325629,normal,451,0,1782362454.872441,0.001661062240600586
325630,normal,71,0,1782362454.874781,0.0023398399353027344
325631,normal,1603,0,1782362454.8765862,0.0018053054809570312
325632,normal,2637,0,1782362454.8786411,0.002054929733276367
325633,normal,260,0,1782362454.8805835,0.0019423961639404297
325634,normal,813,2,1782362454.8827858,0.002202272415161133
325635,normal,13,0,1782362454.8844469,0.001661062240600586
325636,normal,2627,0,1782362454.8867981,0.0023512840270996094
325637,normal,3202,1,1782362454.888595,0.0017969608306884766
325638,normal,1870,0,1782362454.8906283,0.002033233642578125
325639,normal,2473,0,1782362454.892584,0.001955747604370117
325640,normal,3472,0,1782362454.8947852,0.002201080322265625
325641,normal,881,2,1782362454.8964643,0.0016791820526123047
325642,normal,3066,1,1782362454.8987992,0.0023348331451416016
325643,normal,770,0,1782362454.900591,0.0017917156219482422
325644,normal,2866,0,1782362454.9026518,0.0020608901977539062
325645,normal,1787,0,1782362454.9045866,0.0019347667694091797
325646,normal,2853,0,1782362454.9067783,0.002191781997680664
325647,normal,1297,0,1782362454.908448,0.0016696453094482422
325648,normal,3661,0,1782362454.9107792,0.002331256866455078
325649,normal,3522,0,1782362454.9125984,0.0018191337585449219
325650,normal,1436,0,1782362454.9146426,0.002044200897216797
325651,normal,1805,0,1782362454.9165947,0.0019521713256835938
325652,normal,1038,0,1782362454.9188104,0.0022156238555908203
325653,normal,1167,0,1782362454.9204466,0.0016362667083740234
325654,normal,1547,0,1782362454.9228325,0.002385854721069336
325655,normal,3495,0,1782362454.92459,0.0017576217651367188
325656,normal,2267,0,1782362454.9266155,0.0020253658294677734
325657,normal,2398,0,1782362454.9286237,0.002008199691772461
325658,normal,2446,0,1782362454.9307904,0.002166748046875
325659,normal,1767,0,1782362454.9324355,0.0016450881958007812
325660,normal,3139,1,1782362454.9344108,0.0019752979278564453
325661,normal,2471,0,1782362454.9365706,0.0021598339080810547
325662,normal,910,2,1782362454.938329,0.0017583370208740234
325663,normal,2309,0,1782362454.9406426,0.0023136138916015625
325664,normal,3613,0,1782362454.9423203,0.0016777515411376953
325665,normal,1314,0,1782362454.9444377,0.0021173954010009766
325666,normal,2616,0,1782362454.946636,0.0021982192993164062
325667,normal,1403,0,1782362454.948386,0.0017499923706054688
325668,normal,1168,0,1782362454.9505265,0.002140522003173828
325669,normal,334,0,1782362454.952604,0.0020775794982910156
325670,normal,2155,0,1782362454.9545739,0.0019698143005371094
325671,normal,2840,0,1782362454.9566262,0.00205230712890625
325672,normal,3611,0,1782362454.9585612,0.0019350051879882812
325673,normal,2984,0,1782362454.960812,0.0022509098052978516
325674,normal,2080,0,1782362454.9624307,0.0016186237335205078
325675,normal,2826,0,1782362454.9648268,0.002396106719970703
325676,normal,1828,0,1782362454.9665856,0.0017588138580322266
325677,normal,1702,0,1782362454.9686184,0.002032756805419922
325678,normal,938,2,1782362454.9705715,0.001953125
325679,normal,2428,0,1782362454.9728374,0.00226593017578125
325680,normal,2873,0,1782362454.9744334,0.0015959739685058594
325681,normal,3216,1,1782362454.9768436,0.0024101734161376953
325682,normal,2044,0,1782362454.978584,0.0017404556274414062
325683,normal,152,0,1782362454.9806185,0.002034425735473633
325684,normal,980,2,1782362454.9825704,0.0019519329071044922
325685,normal,245,0,1782362454.9851203,0.002549886703491211
325686,normal,2479,0,1782362454.9864388,0.0013184547424316406
325687,normal,3061,1,1782362454.9888706,0.0024318695068359375
325688,normal,3389,1,1782362454.9905853,0.0017147064208984375
325689,normal,469,0,1782362454.9926238,0.0020384788513183594
325690,normal,816,2,1782362454.9945712,0.0019474029541015625
325691,normal,3372,1,1782362454.9968326,0.0022614002227783203
325692,normal,3547,0,1782362454.9984286,0.0015959739685058594
325693,normal,2197,0,1782362455.0008206,0.0023920536041259766
325694,normal,3537,0,1782362455.002582,0.0017614364624023438
325695,normal,643,0,1782362455.0046256,0.002043485641479492
325696,normal,2594,0,1782362455.0065637,0.0019381046295166016
325697,normal,607,0,1782362455.008581,0.0020172595977783203
325698,normal,1452,0,1782362455.0104318,0.0018508434295654297
325699,normal,761,0,1782362455.0127628,0.0023310184478759766
325700,normal,2535,0,1782362455.014576,0.0018131732940673828
325701,normal,2127,0,1782362455.0164642,0.001888275146484375
325702,normal,1396,0,1782362455.018763,0.0022988319396972656
325703,normal,2905,0,1782362455.0205765,0.0018134117126464844
325704,normal,3096,1,1782362455.0224361,0.0018596649169921875
325705,normal,578,0,1782362455.024783,0.0023467540740966797
325706,normal,2457,0,1782362455.0265813,0.001798391342163086
325707,normal,3551,0,1782362455.0284855,0.0019042491912841797
325708,normal,2356,0,1782362455.030563,0.0020775794982910156
325709,normal,193,0,1782362455.0325737,0.0020105838775634766
325710,normal,2563,0,1782362455.0344253,0.0018515586853027344
325711,normal,1500,0,1782362455.0367684,0.0023431777954101562
325712,normal,1127,0,1782362455.0385718,0.0018033981323242188
325713,normal,199,0,1782362455.040646,0.0020742416381835938
325714,normal,1399,0,1782362455.0425644,0.0019183158874511719
325715,normal,2630,0,1782362455.0447714,0.002207040786743164
325716,normal,1927,0,1782362455.046432,0.0016605854034423828
325717,normal,619,0,1782362455.0487657,0.0023336410522460938
325718,normal,2223,0,1782362455.0506082,0.001842498779296875
325719,normal,1293,0,1782362455.0524652,0.0018570423126220703
325720,normal,23,0,1782362455.054749,0.002283811569213867
325721,normal,1324,1,1782362455.0565932,0.001844167709350586
325722,normal,231,0,1782362455.0586116,0.002018451690673828
325723,normal,443,0,1782362455.060588,0.0019762516021728516
325724,normal,2105,0,1782362455.0628726,0.0022847652435302734
325725,normal,3158,1,1782362455.0644288,0.0015561580657958984
325726,normal,1969,0,1782362455.066829,0.0024001598358154297
325727,normal,2834,0,1782362455.0685837,0.0017547607421875
325728,normal,699,0,1782362455.070729,0.0021452903747558594
325729,normal,453,0,1782362455.0725574,0.0018284320831298828
325730,normal,418,0,1782362455.0745716,0.00201416015625
325731,normal,2452,0,1782362455.0764303,0.0018587112426757812
325732,normal,2922,0,1782362455.0788083,0.0023779869079589844
325733,normal,3150,1,1782362455.0805957,0.001787424087524414
325734,normal,1931,0,1782362455.082463,0.0018672943115234375
325735,normal,3700,0,1782362455.0847828,0.002319812774658203
325736,normal,1229,0,1782362455.0866103,0.0018274784088134766
325737,normal,1408,0,1782362455.0884275,0.0018172264099121094
325738,normal,675,0,1782362455.090844,0.002416372299194336
325739,normal,3666,0,1782362455.0925958,0.0017518997192382812
325740,normal,149,0,1782362455.0946274,0.002031564712524414
325741,normal,3606,0,1782362455.0965722,0.0019447803497314453
325742,normal,2417,0,1782362455.0986018,0.0020296573638916016
325743,normal,1996,0,1782362455.1006117,0.002009868621826172
325744,normal,2288,0,1782362455.1026168,0.0020051002502441406
325745,normal,1027,2,1782362455.1047642,0.0021474361419677734
325746,normal,310,0,1782362455.1064608,0.0016965866088867188
325747,normal,1231,0,1782362455.1087677,0.0023069381713867188
325748,normal,2733,0,1782362455.1106017,0.0018339157104492188
325749,normal,3155,1,1782362455.1126137,0.002012014389038086
325750,normal,2991,0,1782362455.1146152,0.002001523971557617
325751,normal,3365,1,1782362455.1165833,0.0019681453704833984
325752,normal,3638,0,1782362455.118659,0.002075672149658203
325753,normal,2638,0,1782362455.120574,0.00191497802734375
325754,normal,1713,0,1782362455.1228516,0.0022776126861572266
325755,normal,1343,1,1782362455.1244373,0.0015857219696044922
325756,normal,205,0,1782362455.1268325,0.002395153045654297
325757,normal,850,2,1782362455.128754,0.0019214153289794922
325758,normal,3588,0,1782362455.1305723,0.0018184185028076172
325759,normal,370,0,1782362455.1328309,0.0022585391998291016
325760,normal,3440,0,1782362455.1347773,0.0019464492797851562
325761,normal,49,0,1782362455.1369245,0.002147197723388672
325762,normal,2174,0,1782362455.1391015,0.002177000045776367
325763,normal,3697,0,1782362455.1404612,0.001359701156616211
325764,normal,438,0,1782362455.1425922,0.0021309852600097656
325765,normal,2003,0,1782362455.1448104,0.0022182464599609375
325766,normal,702,0,1782362455.1467957,0.001985311508178711
325767,normal,1494,0,1782362455.1489062,0.0021104812622070312
325768,normal,529,0,1782362455.1512797,0.0023734569549560547
325769,normal,2282,0,1782362455.1524515,0.0011718273162841797
325770,normal,1776,0,1782362455.1545887,0.0021371841430664062
325771,normal,2858,0,1782362455.1569347,0.002346038818359375
325772,normal,2334,0,1782362455.1588542,0.0019195079803466797
325773,normal,69,0,1782362455.1609406,0.0020864009857177734
325774,normal,1157,0,1782362455.1630425,0.002101898193359375
325775,normal,1451,0,1782362455.1648178,0.0017752647399902344
325776,normal,3461,0,1782362455.166748,0.00193023681640625
325777,normal,3531,0,1782362455.1688113,0.002063274383544922
325778,normal,3361,1,1782362455.1708257,0.0020143985748291016
325779,normal,742,0,1782362455.172947,0.0021212100982666016
325780,normal,2378,0,1782362455.174442,0.0014951229095458984
325781,normal,3451,0,1782362455.1768358,0.0023937225341796875
325782,normal,2710,0,1782362455.178432,0.001596212387084961
325783,normal,364,0,1782362455.1807756,0.0023436546325683594
325784,normal,2781,0,1782362455.1825705,0.0017948150634765625
325785,normal,2517,0,1782362455.1844547,0.0018842220306396484
325786,normal,2610,0,1782362455.1868274,0.00237274169921875
325787,normal,1388,0,1782362455.1885912,0.0017638206481933594
325788,normal,2424,0,1782362455.1907225,0.002131223678588867
325789,normal,1015,2,1782362455.192583,0.0018606185913085938
325790,normal,2582,0,1782362455.1947956,0.0022125244140625
325791,normal,3073,1,1782362455.196441,0.0016453266143798828
325792,normal,2622,0,1782362455.1987941,0.002353191375732422
325793,normal,2181,0,1782362455.200622,0.0018279552459716797
325794,normal,2131,0,1782362455.2024508,0.0018286705017089844
325795,normal,1811,0,1782362455.2048373,0.0023865699768066406
325796,normal,1465,0,1782362455.2066228,0.0017855167388916016
325797,normal,1778,0,1782362455.2086308,0.0020079612731933594
325798,normal,2336,0,1782362455.2105865,0.001955747604370117
325799,normal,1036,0,1782362455.2125502,0.0019636154174804688
325800,normal,1604,0,1782362455.2146091,0.0020589828491210938
325801,normal,2522,0,1782362455.216585,0.0019757747650146484
325802,normal,1781,0,1782362455.2188072,0.002222299575805664
325803,normal,3516,0,1782362455.220415,0.0016078948974609375
325804,normal,371,0,1782362455.222575,0.0021598339080810547
325805,normal,832,2,1782362455.2244132,0.0018382072448730469
325806,normal,1176,0,1782362455.2265706,0.002157449722290039
325807,normal,2050,0,1782362455.2284155,0.0018448829650878906
325808,normal,3603,0,1782362455.2305703,0.002154827117919922
325809,normal,2308,0,1782362455.2324116,0.0018413066864013672
325810,normal,3184,1,1782362455.2346172,0.0022056102752685547
325811,normal,3081,1,1782362455.2364151,0.0017979145050048828
325812,normal,3677,0,1782362455.2386308,0.0022156238555908203
325813,normal,582,0,1782362455.2404249,0.0017940998077392578
325814,normal,2032,0,1782362455.2425725,0.002147674560546875
325815,normal,1357,1,1782362455.2444186,0.0018460750579833984
325816,normal,3499,0,1782362455.2466319,0.0022132396697998047
325817,normal,57,0,1782362455.2485542,0.0019223690032958984
325818,normal,849,2,1782362455.2506208,0.0020666122436523438
325819,normal,2138,0,1782362455.2525568,0.0019359588623046875
325820,normal,1913,0,1782362455.2550454,0.0024886131286621094
325821,normal,674,0,1782362455.25645,0.0014045238494873047
325822,normal,1281,0,1782362455.2587817,0.0023317337036132812
325823,normal,3642,0,1782362455.2605495,0.001767873764038086
325824,normal,3335,1,1782362455.2626104,0.0020608901977539062
325825,normal,3137,1,1782362455.264548,0.0019376277923583984
325826,normal,363,0,1782362455.2667763,0.002228260040283203
325827,normal,2929,0,1782362455.2684472,0.00167083740234375
325828,normal,1730,0,1782362455.2707849,0.0023376941680908203
325829,normal,1791,0,1782362455.2725463,0.0017614364624023438
325830,normal,3464,0,1782362455.2746074,0.002061128616333008
325831,normal,2576,0,1782362455.2765462,0.0019388198852539062
325832,normal,2973,0,1782362455.2787704,0.0022242069244384766
325833,normal,2164,0,1782362455.280452,0.0016815662384033203
325834,normal,1334,1,1782362455.2827764,0.002324342727661133
325835,normal,726,0,1782362455.284584,0.0018076896667480469
325836,normal,3116,1,1782362455.2866178,0.002033710479736328
325837,normal,2825,0,1782362455.2885973,0.0019795894622802734
325838,normal,1891,0,1782362455.2907815,0.002184152603149414
325839,normal,2762,0,1782362455.2924464,0.001664876937866211
325840,normal,1073,0,1782362455.294783,0.002336740493774414
325841,normal,3227,1,1782362455.2966018,0.0018186569213867188
325842,normal,1679,0,1782362455.2986088,0.002007007598876953
325843,normal,1344,1,1782362455.3005488,0.001940011978149414
325844,normal,1170,0,1782362455.3028169,0.002268075942993164
325845,normal,2159,0,1782362455.3044322,0.001615285873413086
325846,normal,194,0,1782362455.3068364,0.0024042129516601562
325847,normal,2380,0,1782362455.3085997,0.0017633438110351562
325848,normal,1406,0,1782362455.310625,0.0020253658294677734
325849,normal,2971,0,1782362455.3126,0.001974821090698242
325850,normal,2376,0,1782362455.314831,0.002231121063232422
325851,normal,1610,0,1782362455.316428,0.0015969276428222656
325852,normal,352,0,1782362455.3188088,0.002380847930908203
325853,normal,2495,0,1782362455.3205636,0.0017547607421875
325854,normal,514,0,1782362455.3226082,0.002044677734375
325855,normal,724,0,1782362455.3246307,0.0020225048065185547
325856,normal,1013,2,1782362455.3267741,0.002143383026123047
325857,normal,2796,0,1782362455.328448,0.0016739368438720703
325858,normal,2700,0,1782362455.330781,0.002332925796508789
325859,normal,3218,1,1782362455.33258,0.0017991065979003906
325860,normal,1041,0,1782362455.3346176,0.002037525177001953
325861,normal,3302,1,1782362455.3365958,0.001978158950805664
325862,normal,3383,1,1782362455.3385851,0.0019893646240234375
325863,normal,2964,0,1782362455.3406196,0.002034425735473633
325864,normal,1444,0,1782362455.3425841,0.001964569091796875
325865,normal,459,0,1782362455.344816,0.0022318363189697266
325866,normal,126,0,1782362455.3464282,0.0016121864318847656
325867,normal,858,2,1782362455.3487885,0.0023603439331054688
325868,normal,3275,1,1782362455.3505552,0.0017666816711425781
325869,normal,3396,1,1782362455.3525856,0.0020303726196289062
325870,normal,3647,0,1782362455.3543992,0.001813650131225586
325871,normal,3055,1,1782362455.3566012,0.0022020339965820312
325872,normal,3632,0,1782362455.358399,0.0017976760864257812
325873,normal,1400,0,1782362455.3606071,0.002208232879638672
325874,normal,1283,0,1782362455.3623772,0.00177001953125
325875,normal,969,2,1782362455.364568,0.002190828323364258
325876,normal,901,2,1782362455.3663774,0.0018093585968017578
325877,normal,2952,0,1782362455.368625,0.0022475719451904297
325878,normal,1052,0,1782362455.3704152,0.0017902851104736328
325879,normal,3047,1,1782362455.3726206,0.002205371856689453
325880,normal,1300,0,1782362455.3744438,0.0018231868743896484
325881,normal,1532,0,1782362455.3766415,0.002197742462158203
325882,normal,2014,0,1782362455.3785653,0.0019237995147705078
325883,normal,1639,0,1782362455.3808277,0.0022623538970947266
325884,normal,3314,1,1782362455.3826072,0.0017795562744140625
325885,normal,110,0,1782362455.3844442,0.001837015151977539
325886,normal,708,0,1782362455.3867824,0.0023381710052490234
325887,normal,2547,0,1782362455.3884475,0.0016651153564453125
325888,normal,917,2,1782362455.390769,0.002321481704711914
325889,normal,2157,0,1782362455.392583,0.0018138885498046875
325890,normal,2276,0,1782362455.394601,0.0020182132720947266
325891,normal,2444,0,1782362455.396575,0.001973867416381836
325892,normal,1364,1,1782362455.398823,0.002248048782348633
325893,normal,1614,0,1782362455.4004464,0.001623392105102539
325894,normal,1373,1,1782362455.4027598,0.002313375473022461
325895,normal,902,2,1782362455.4045572,0.0017974376678466797
325896,normal,610,0,1782362455.4065995,0.0020422935485839844
325897,normal,2106,0,1782362455.4085855,0.0019860267639160156
325898,normal,327,0,1782362455.41058,0.0019943714141845703
325899,normal,3350,1,1782362455.412625,0.002045154571533203
325900,normal,1599,0,1782362455.4144197,0.001794576644897461
325901,normal,3196,1,1782362455.4168117,0.0023920536041259766
325902,normal,2564,0,1782362455.4184291,0.001617431640625
325903,normal,2086,0,1782362455.420847,0.0024178028106689453
325904,normal,1142,0,1782362455.4225786,0.0017316341400146484
325905,normal,2645,0,1782362455.4246242,0.0020456314086914062
325906,normal,2179,0,1782362455.4265969,0.001972675323486328
325907,normal,256,0,1782362455.4288116,0.002214670181274414
325908,normal,1230,0,1782362455.4304273,0.001615762710571289
325909,normal,1821,0,1782362455.4328327,0.002405405044555664
325910,normal,3199,1,1782362455.4344995,0.0016667842864990234
325911,normal,2266,0,1782362455.4365792,0.0020797252655029297
325912,normal,229,0,1782362455.4384458,0.0018665790557861328
325913,normal,309,0,1782362455.4407635,0.002317667007446289
325914,normal,2527,0,1782362455.442379,0.0016155242919921875
325915,normal,1847,0,1782362455.444609,0.002229928970336914
325916,normal,432,0,1782362455.4464314,0.0018224716186523438
325917,normal,911,2,1782362455.4487627,0.002331256866455078
325918,normal,155,0,1782362455.4503822,0.001619577407836914
325919,normal,2593,0,1782362455.4526255,0.0022432804107666016
325920,normal,407,0,1782362455.4543808,0.0017552375793457031
325921,normal,157,0,1782362455.456656,0.002275228500366211
325922,normal,958,2,1782362455.4584522,0.0017962455749511719
325923,normal,482,0,1782362455.4605763,0.0021240711212158203
325924,normal,1418,0,1782362455.4624343,0.0018579959869384766
325925,normal,427,0,1782362455.4647691,0.0023348331451416016
325926,normal,1473,0,1782362455.4663794,0.0016102790832519531
325927,normal,3488,0,1782362455.4686081,0.0022287368774414062
325928,normal,1243,0,1782362455.4704251,0.0018169879913330078
325929,normal,857,2,1782362455.4727662,0.002341032028198242
325930,normal,1291,0,1782362455.474381,0.0016148090362548828
325931,normal,3393,1,1782362455.4766104,0.002229452133178711
325932,normal,2151,0,1782362455.4783647,0.0017542839050292969
325933,normal,2926,0,1782362455.480632,0.0022673606872558594
325934,normal,1401,0,1782362455.4825387,0.0019066333770751953
325935,normal,2314,0,1782362455.4846153,0.0020766258239746094
325936,normal,1446,0,1782362455.486562,0.0019466876983642578
325937,normal,2063,0,1782362455.488779,0.0022170543670654297
325938,normal,1355,1,1782362455.4904263,0.0016472339630126953
325939,normal,3474,0,1782362455.4927597,0.002333402633666992
325940,normal,3667,0,1782362455.494467,0.001707315444946289
325941,normal,3315,1,1782362455.4965708,0.0021038055419921875
325942,normal,3304,1,1782362455.498435,0.0018641948699951172
325943,normal,884,2,1782362455.500805,0.0023698806762695312
325944,normal,1139,0,1782362455.502384,0.0015790462493896484
325945,normal,3493,0,1782362455.504614,0.0022301673889160156
325946,normal,151,0,1782362455.506432,0.001817941665649414
325947,normal,1693,0,1782362455.5086436,0.0022115707397460938
325948,normal,3703,0,1782362455.5105596,0.0019159317016601562
325949,normal,3323,1,1782362455.5127964,0.0022368431091308594
325950,normal,1475,0,1782362455.5144596,0.0016632080078125
325951,normal,343,0,1782362455.5166159,0.0021562576293945312
325952,normal,119,0,1782362455.5184245,0.0018086433410644531
325953,normal,2340,0,1782362455.520625,0.002200603485107422
325954,normal,1178,0,1782362455.522434,0.0018088817596435547
325955,normal,2118,0,1782362455.5247996,0.002365589141845703
325956,normal,3261,1,1782362455.5263796,0.0015799999237060547
325957,normal,2257,0,1782362455.5286348,0.0022552013397216797
325958,normal,2978,0,1782362455.5305479,0.0019130706787109375
325959,normal,1057,0,1782362455.5325766,0.0020287036895751953
325960,normal,1457,0,1782362455.5344343,0.001857757568359375
325961,normal,1865,0,1782362455.5367901,0.002355813980102539
325962,normal,1303,0,1782362455.5383797,0.0015895366668701172
325963,normal,1650,0,1782362455.5406375,0.002257823944091797
325964,normal,1322,1,1782362455.5425274,0.001889944076538086
325965,normal,935,2,1782362455.544611,0.0020835399627685547
325966,normal,2283,0,1782362455.5465574,0.0019464492797851562
325967,normal,1640,0,1782362455.5487795,0.0022220611572265625
325968,normal,3186,1,1782362455.5504248,0.0016453266143798828
325969,normal,1439,0,1782362455.5527844,0.002359628677368164
325970,normal,2734,0,1782362455.5544653,0.0016808509826660156
325971,normal,281,0,1782362455.5565712,0.0021059513092041016
325972,normal,1961,0,1782362455.5585616,0.0019903182983398438
325973,normal,3434,0,1782362455.5607882,0.002226591110229492
325974,normal,2278,0,1782362455.562381,0.001592874526977539
325975,normal,2516,0,1782362455.5648224,0.00244140625
325976,normal,1731,0,1782362455.5665858,0.0017633438110351562
325977,normal,1972,0,1782362455.5686364,0.002050638198852539
325978,normal,3200,1,1782362455.5705593,0.0019228458404541016
325979,normal,2126,0,1782362455.5728126,0.002253293991088867
325980,normal,1289,0,1782362455.5744247,0.0016121864318847656
325981,normal,2541,0,1782362455.5768135,0.0023887157440185547
325982,normal,2359,0,1782362455.578572,0.001758575439453125
325983,normal,1733,0,1782362455.5806267,0.0020546913146972656
325984,normal,1955,0,1782362455.5825615,0.0019347667694091797
325985,normal,1555,0,1782362455.584829,0.002267599105834961
325986,normal,1165,0,1782362455.586424,0.0015950202941894531
325987,normal,2982,0,1782362455.5888186,0.002394437789916992
325988,normal,517,0,1782362455.5905876,0.0017690658569335938
325989,normal,809,2,1782362455.592443,0.0018553733825683594
325990,normal,1910,0,1782362455.5947742,0.002331256866455078
325991,normal,2813,0,1782362455.596439,0.0016646385192871094
325992,normal,452,0,1782362455.5985765,0.0021376609802246094
325993,normal,1612,0,1782362455.6004388,0.0018622875213623047
325994,normal,2259,0,1782362455.6027472,0.002308368682861328
325995,normal,1785,0,1782362455.6043851,0.0016379356384277344
325996,normal,627,0,1782362455.606634,0.0022487640380859375
325997,normal,1040,0,1782362455.60855,0.0019161701202392578
325998,normal,3075,1,1782362455.610484,0.0019338130950927734
325999,normal,93,0,1782362455.6127636,0.0022797584533691406
326000,normal,2367,0,1782362455.614583,0.0018193721771240234
326001,normal,2343,0,1782362455.616633,0.0020499229431152344
326002,normal,1936,0,1782362455.6186025,0.001969575881958008
326003,normal,3607,0,1782362455.6207662,0.0021636486053466797
326004,normal,2244,0,1782362455.6224535,0.0016872882843017578
326005,normal,1456,0,1782362455.624771,0.002317667007446289
326006,normal,1912,0,1782362455.6265178,0.0017466545104980469
326007,normal,1221,0,1782362455.6284378,0.0019199848175048828
326008,normal,1800,0,1782362455.6306129,0.0021750926971435547
326009,normal,22,0,1782362455.632439,0.0018260478973388672
326010,normal,2365,0,1782362455.6346169,0.0021779537200927734
326011,normal,3494,0,1782362455.6365035,0.001886606216430664
326012,normal,2349,0,1782362455.6387737,0.002270221710205078
326013,normal,2315,0,1782362455.64052,0.0017464160919189453
326014,normal,1897,0,1782362455.6425645,0.0020444393157958984
326015,normal,1861,0,1782362455.6448414,0.002276897430419922
326016,normal,2087,0,1782362455.6464336,0.0015921592712402344
326017,normal,2136,0,1782362455.6488192,0.0023856163024902344
326018,normal,30,0,1782362455.6505523,0.0017330646514892578
326019,normal,232,0,1782362455.6526153,0.0020630359649658203
326020,normal,2755,0,1782362455.6544445,0.0018291473388671875
326021,normal,1487,0,1782362455.656883,0.0024385452270507812
326022,normal,3420,0,1782362455.6583936,0.0015106201171875
326023,normal,3490,0,1782362455.6606598,0.0022661685943603516
326024,normal,3270,1,1782362455.6625547,0.0018949508666992188
326025,normal,1207,0,1782362455.6646342,0.002079486846923828
326026,normal,171,0,1782362455.6665926,0.0019583702087402344
326027,normal,3079,1,1782362455.6688108,0.0022182464599609375
326028,normal,2505,0,1782362455.6706405,0.0018296241760253906
326029,normal,2737,0,1782362455.672453,0.0018124580383300781
326030,normal,1561,0,1782362455.6748118,0.0023589134216308594
326031,normal,1836,0,1782362455.6765118,0.0016999244689941406
326032,normal,1595,0,1782362455.6785662,0.002054452896118164
326033,normal,3635,0,1782362455.680833,0.0022668838500976562
326034,normal,1156,0,1782362455.682428,0.0015947818756103516
326035,normal,42,0,1782362455.684838,0.0024101734161376953
326036,normal,2706,0,1782362455.686612,0.001773834228515625
326037,normal,892,2,1782362455.6886277,0.002015829086303711
326038,normal,1246,0,1782362455.6904428,0.0018150806427001953
326039,normal,3252,1,1782362455.6928294,0.0023865699768066406
326040,normal,1935,0,1782362455.6944335,0.0016040802001953125
326041,normal,1978,0,1782362455.69681,0.002376556396484375
326042,normal,3469,0,1782362455.6985738,0.0017638206481933594
326043,normal,512,0,1782362455.7004077,0.0018339157104492188
326044,normal,2030,0,1782362455.7026188,0.0022110939025878906
326045,normal,1627,0,1782362455.7044404,0.0018215179443359375
326046,normal,942,2,1782362455.706607,0.002166748046875
326047,normal,1533,0,1782362455.708434,0.0018270015716552734
326048,normal,1648,0,1782362455.7108045,0.0023703575134277344
326049,normal,3489,0,1782362455.712447,0.001642465591430664
326050,normal,70,0,1782362455.7147593,0.0023124217987060547
326051,normal,545,0,1782362455.716576,0.0018167495727539062
326052,normal,861,2,1782362455.718603,0.002026796340942383
326053,normal,1671,0,1782362455.7205799,0.0019769668579101562
326054,normal,2738,0,1782362455.7227833,0.0022034645080566406
326055,normal,639,0,1782362455.7244494,0.0016660690307617188
326056,normal,1120,0,1782362455.7267501,0.002300739288330078
326057,normal,3299,1,1782362455.7285466,0.0017964839935302734
326058,normal,3095,1,1782362455.7306094,0.0020627975463867188
326059,normal,2708,0,1782362455.7325757,0.001966238021850586
326060,normal,1116,0,1782362455.734787,0.002211332321166992
326061,normal,1812,0,1782362455.736446,0.0016589164733886719
326062,normal,1790,0,1782362455.7387455,0.0022995471954345703
326063,normal,2822,0,1782362455.7405903,0.0018448829650878906
326064,normal,1783,0,1782362455.7426033,0.002012968063354492
326065,normal,531,0,1782362455.7445745,0.0019712448120117188
326066,normal,121,0,1782362455.7467847,0.0022101402282714844
326067,normal,2761,0,1782362455.748447,0.0016622543334960938
326068,normal,837,2,1782362455.7507484,0.002301454544067383
326069,normal,792,2,1782362455.7525787,0.0018303394317626953
326070,normal,685,0,1782362455.754602,0.0020232200622558594
326071,normal,3456,0,1782362455.7565792,0.001977205276489258
326072,normal,1764,0,1782362455.758765,0.002185821533203125
326073,normal,3562,0,1782362455.7604437,0.0016787052154541016
326074,normal,335,0,1782362455.7627523,0.0023086071014404297
326075,normal,1540,0,1782362455.7645879,0.0018355846405029297
326076,normal,1311,0,1782362455.7666001,0.0020122528076171875
326077,normal,867,2,1782362455.768575,0.001974821090698242
326078,normal,2748,0,1782362455.7707696,0.002194643020629883
326079,normal,3092,1,1782362455.7724447,0.0016751289367675781
326080,normal,2698,0,1782362455.7747457,0.0023009777069091797
326081,normal,130,0,1782362455.776577,0.0018312931060791016
326082,normal,1437,0,1782362455.778609,0.002032041549682617
326083,normal,1770,0,1782362455.7805917,0.0019826889038085938
326084,normal,140,0,1782362455.7828205,0.0022287368774414062
326085,normal,600,0,1782362455.7844439,0.001623392105102539
326086,normal,682,0,1782362455.7867563,0.0023124217987060547
326087,normal,3259,1,1782362455.7885804,0.0018241405487060547
326088,normal,353,0,1782362455.7906039,0.002023458480834961
326089,normal,576,0,1782362455.7925735,0.001969575881958008
326090,normal,48,0,1782362455.794778,0.0022046566009521484
326091,normal,1048,0,1782362455.796445,0.0016667842864990234
326092,normal,1112,0,1782362455.7987468,0.002301931381225586
326093,normal,1859,0,1782362455.8005798,0.0018329620361328125
326094,normal,2058,0,1782362455.8026345,0.0020546913146972656
326095,normal,2890,0,1782362455.8045878,0.0019533634185791016
326096,normal,3395,1,1782362455.8068085,0.002220630645751953
326097,normal,2250,0,1782362455.8084428,0.001634359359741211
326098,normal,2675,0,1782362455.8107684,0.0023255348205566406
326099,normal,2324,0,1782362455.8125873,0.0018188953399658203
326100,normal,1835,0,1782362455.8146117,0.002024412155151367
326101,normal,984,2,1782362455.8165925,0.0019807815551757812
326102,normal,1431,0,1782362455.818798,0.0022056102752685547
326103,normal,456,0,1782362455.8204496,0.0016515254974365234
326104,normal,1707,0,1782362455.8227491,0.0022995471954345703
326105,normal,570,0,1782362455.8247228,0.0019736289978027344
326106,normal,92,0,1782362455.8264391,0.0017163753509521484
326107,normal,3681,0,1782362455.8287618,0.002322673797607422
326108,normal,1895,0,1782362455.8305688,0.0018069744110107422
326109,normal,554,0,1782362455.832626,0.002057313919067383
326110,normal,201,0,1782362455.8345592,0.0019330978393554688
326111,normal,3429,0,1782362455.836813,0.0022537708282470703
326112,normal,3369,1,1782362455.8384259,0.0016129016876220703
326113,normal,2525,0,1782362455.840772,0.002346038818359375
326114,normal,1024,2,1782362455.8426254,0.0018534660339355469
326115,normal,1631,0,1782362455.8444436,0.0018181800842285156
326116,normal,836,2,1782362455.8467655,0.002321958541870117
326117,normal,1223,0,1782362455.8485796,0.001814126968383789
326118,normal,3086,1,1782362455.8506134,0.002033710479736328
326119,normal,10,0,1782362455.8525894,0.00197601318359375
326120,normal,2017,0,1782362455.854794,0.0022046566009521484
326121,normal,1629,0,1782362455.856445,0.0016510486602783203
326122,normal,2265,0,1782362455.8587618,0.002316713333129883
326123,normal,728,0,1782362455.8605785,0.0018167495727539062
326124,normal,2520,0,1782362455.8626006,0.0020220279693603516
326125,normal,2554,0,1782362455.8645802,0.0019795894622802734
326126,normal,2011,0,1782362455.866799,0.002218961715698242
326127,normal,3342,1,1782362455.8684459,0.0016467571258544922
326128,normal,3176,1,1782362455.8707602,0.002314329147338867
326129,normal,1825,0,1782362455.8725805,0.0018203258514404297
326130,normal,1336,1,1782362455.8746026,0.0020220279693603516
326131,normal,12,0,1782362455.876597,0.0019943714141845703
326132,normal,2134,0,1782362455.8787763,0.002179384231567383
326133,normal,39,0,1782362455.8804483,0.0016720294952392578
326134,normal,2777,0,1782362455.8828194,0.002371072769165039
326135,normal,583,0,1782362455.8845801,0.001760721206665039
326136,normal,1329,1,1782362455.8866014,0.002021312713623047
326137,normal,2476,0,1782362455.8885863,0.001984834671020508
326138,normal,3596,0,1782362455.890765,0.002178668975830078
326139,normal,508,0,1782362455.8924444,0.0016794204711914062
326140,normal,3620,0,1782362455.8947768,0.002332448959350586
326141,normal,2222,0,1782362455.89658,0.0018031597137451172
326142,normal,495,0,1782362455.8986056,0.002025604248046875
326143,normal,473,0,1782362455.9005742,0.0019686222076416016
326144,normal,2053,0,1782362455.9027643,0.002190113067626953
326145,normal,853,2,1782362455.9044476,0.0016832351684570312
326146,normal,989,2,1782362455.9067552,0.0023076534271240234
326147,normal,127,0,1782362455.9085789,0.0018236637115478516
326148,normal,146,0,1782362455.910609,0.0020301342010498047
326149,normal,1295,0,1782362455.9125752,0.001966238021850586
326150,normal,2774,0,1782362455.9147902,0.0022149085998535156
326151,normal,2293,0,1782362455.9164422,0.0016520023345947266
326152,normal,3059,1,1782362455.918761,0.002318859100341797
326153,normal,2745,0,1782362455.920616,0.0018548965454101562
326154,normal,2103,0,1782362455.9226022,0.001986265182495117
326155,normal,509,0,1782362455.9245765,0.001974344253540039
326156,normal,408,0,1782362455.926789,0.0022125244140625
326157,normal,1789,0,1782362455.9284468,0.001657724380493164
326158,normal,914,2,1782362455.930763,0.0023162364959716797
326159,normal,3020,0,1782362455.9325774,0.0018143653869628906
326160,normal,3656,0,1782362455.9346018,0.002024412155151367
326161,normal,720,0,1782362455.9365768,0.0019750595092773438
326162,normal,846,2,1782362455.9387894,0.0022125244140625
326163,normal,1271,0,1782362455.9404426,0.0016531944274902344
326164,normal,923,2,1782362455.9427533,0.0023107528686523438
326165,normal,2846,0,1782362455.944582,0.0018286705017089844
326166,normal,2945,0,1782362455.9466083,0.0020263195037841797
326167,normal,1887,0,1782362455.9485898,0.001981496810913086
326168,normal,2091,0,1782362455.9507642,0.00217437744140625
326169,normal,2374,0,1782362455.9524443,0.001680135726928711
326170,normal,3628,0,1782362455.9547544,0.002310037612915039
326171,normal,2277,0,1782362455.9565773,0.0018229484558105469
326172,normal,2653,0,1782362455.958609,0.0020318031311035156
326173,normal,2441,0,1782362455.9605777,0.0019686222076416016
326174,normal,1404,0,1782362455.962767,0.002189159393310547
326175,normal,2015,0,1782362455.9644406,0.0016736984252929688
326176,normal,3211,1,1782362455.9667525,0.0023119449615478516
326177,normal,1509,0,1782362455.9685795,0.0018270015716552734
326178,normal,2233,0,1782362455.9706106,0.002031087875366211
326179,normal,3113,1,1782362455.9725842,0.0019736289978027344
326180,normal,1553,0,1782362455.974769,0.0021848678588867188
326181,normal,3141,1,1782362455.9764423,0.0016732215881347656
326182,normal,3424,0,1782362455.9785743,0.002131938934326172
326183,normal,2699,0,1782362455.980783,0.002208709716796875
326184,normal,2768,0,1782362455.9824264,0.0016434192657470703
326185,normal,1366,1,1782362455.9847863,0.0023598670959472656
326186,normal,2868,0,1782362455.9865692,0.0017828941345214844
326187,normal,2287,0,1782362455.9886127,0.002043485641479492
326188,normal,34,0,1782362455.990557,0.0019443035125732422
326189,normal,3644,0,1782362455.992784,0.0022270679473876953
326190,normal,2337,0,1782362455.9944234,0.0016393661499023438
326191,normal,1521,0,1782362455.9967892,0.0023658275604248047
326192,normal,1536,0,1782362455.9985864,0.0017971992492675781
326193,normal,1061,0,1782362456.0006118,0.0020253658294677734
326194,normal,142,0,1782362456.002555,0.0019431114196777344
326195,normal,3665,0,1782362456.0047722,0.0022172927856445312
326196,normal,1064,0,1782362456.0064218,0.001649618148803711
326197,normal,2092,0,1782362456.0087714,0.0023496150970458984
326198,normal,3571,0,1782362456.0105724,0.0018010139465332031
326199,normal,424,0,1782362456.012613,0.0020406246185302734
326200,normal,1613,0,1782362456.0145528,0.0019397735595703125
326201,normal,3462,0,1782362456.0167866,0.002233743667602539
326202,normal,3634,0,1782362456.0184226,0.0016360282897949219
326203,normal,1261,0,1782362456.0207746,0.002351999282836914
326204,normal,918,2,1782362456.0225828,0.00180816650390625
326205,normal,2577,0,1782362456.024423,0.0018401145935058594
326206,normal,1552,0,1782362456.0267563,0.002333402633666992
326207,normal,435,0,1782362456.0285752,0.0018188953399658203
326208,normal,1562,0,1782362456.030614,0.002038717269897461
326209,normal,2390,0,1782362456.0325541,0.0019402503967285156
326210,normal,2864,0,1782362456.0347724,0.0022182464599609375
326211,normal,1101,0,1782362456.0364237,0.0016512870788574219
326212,normal,1840,0,1782362456.0386157,0.0021920204162597656
326213,normal,1515,0,1782362456.0405772,0.0019614696502685547
326214,normal,1884,0,1782362456.042617,0.0020399093627929688
326215,normal,454,0,1782362456.0445569,0.0019397735595703125
326216,normal,1042,0,1782362456.046784,0.0022270679473876953
326217,normal,2472,0,1782362456.0484228,0.0016388893127441406
326218,normal,323,0,1782362456.0507777,0.002354860305786133
326219,normal,2045,0,1782362456.0525687,0.0017910003662109375
326220,normal,2048,0,1782362456.054622,0.0020532608032226562
326221,normal,523,0,1782362456.056562,0.001940011978149414
326222,normal,3610,0,1782362456.0588098,0.0022478103637695312
326223,normal,17,0,1782362456.0604253,0.0016155242919921875
326224,normal,1886,0,1782362456.0628042,0.0023789405822753906
326225,normal,544,0,1782362456.0646083,0.0018041133880615234
326226,normal,1135,0,1782362456.0664427,0.0018343925476074219
326227,normal,2034,0,1782362456.0687478,0.0023050308227539062
326228,normal,1317,0,1782362456.070589,0.0018413066864013672
326229,normal,765,0,1782362456.0726056,0.0020165443420410156
326230,normal,1670,0,1782362456.0745747,0.0019690990447998047
326231,normal,2434,0,1782362456.0768228,0.002248048782348633
326232,normal,585,0,1782362456.0784476,0.0016248226165771484
326233,normal,2662,0,1782362456.080749,0.002301454544067383
326234,normal,3649,0,1782362456.0825775,0.0018284320831298828
326235,normal,308,0,1782362456.084616,0.0020384788513183594
326236,normal,1716,0,1782362456.0865772,0.001961231231689453
326237,normal,784,2,1782362456.0887647,0.002187490463256836
326238,normal,2664,0,1782362456.0904424,0.0016777515411376953
326239,normal,845,2,1782362456.0927436,0.0023012161254882812
326240,normal,754,0,1782362456.0945776,0.0018339157104492188
326241,normal,415,0,1782362456.0965946,0.0020170211791992188
326242,normal,1192,0,1782362456.098573,0.0019783973693847656
326243,normal,1788,0,1782362456.1007655,0.0021924972534179688
326244,normal,2877,0,1782362456.1024413,0.0016758441925048828
326245,normal,1241,0,1782362456.1047566,0.0023152828216552734
326246,normal,1651,0,1782362456.1065772,0.0018205642700195312
326247,normal,239,0,1782362456.1086009,0.0020236968994140625
326248,normal,2758,0,1782362456.110575,0.0019741058349609375
326249,normal,217,0,1782362456.1127598,0.0021848678588867188
326250,normal,811,2,1782362456.1144464,0.0016865730285644531
326251,normal,3119,1,1782362456.1167388,0.0022923946380615234
326252,normal,478,0,1782362456.1185772,0.0018384456634521484
326253,normal,286,0,1782362456.1206012,0.002023935317993164
326254,normal,1590,0,1782362456.1225796,0.0019783973693847656
326255,normal,3213,1,1782362456.1247532,0.0021736621856689453
326256,normal,247,0,1782362456.1264422,0.0016889572143554688
326257,normal,3617,0,1782362456.12876,0.0023179054260253906
326258,normal,1286,0,1782362456.1305826,0.0018224716186523438
326259,normal,2024,0,1782362456.1326082,0.002025604248046875
326260,normal,2606,0,1782362456.134573,0.0019648075103759766
326261,normal,3402,0,1782362456.1367853,0.0022122859954833984
326262,normal,3331,1,1782362456.1384437,0.0016584396362304688
326263,normal,1387,0,1782362456.1405916,0.0021479129791259766
326264,normal,3197,1,1782362456.1428115,0.0022199153900146484
326265,normal,908,2,1782362456.1444273,0.001615762710571289
326266,normal,2449,0,1782362456.146805,0.002377748489379883
326267,normal,2598,0,1782362456.148602,0.0017969608306884766
326268,normal,2406,0,1782362456.150441,0.0018389225006103516
326269,normal,3685,0,1782362456.1527576,0.002316713333129883
326270,normal,1948,0,1782362456.1545885,0.0018308162689208984
326271,normal,3686,0,1782362456.1566029,0.0020143985748291016
326272,normal,38,0,1782362456.158441,0.0018382072448730469
326273,normal,2779,0,1782362456.160786,0.002344846725463867
326274,normal,905,2,1782362456.162442,0.0016560554504394531
326275,normal,3529,0,1782362456.1647987,0.0023567676544189453
326276,normal,2161,0,1782362456.166567,0.001768350601196289
326277,normal,847,2,1782362456.1684427,0.0018756389617919922
326278,normal,1215,0,1782362456.170757,0.002314329147338867
326279,normal,1576,0,1782362456.1725748,0.0018177032470703125
326280,normal,2454,0,1782362456.174603,0.002028226852416992
326281,normal,3624,0,1782362456.1765769,0.001973867416381836
326282,normal,1537,0,1782362456.1787965,0.002219676971435547
326283,normal,373,0,1782362456.1806314,0.001834869384765625
326284,normal,2240,0,1782362456.1824265,0.001795053482055664
326285,normal,2317,0,1782362456.1847987,0.002372264862060547
326286,normal,2659,0,1782362456.1864274,0.0016286373138427734
326287,normal,794,2,1782362456.1887712,0.002343893051147461
326288,normal,2511,0,1782362456.1906822,0.0019109249114990234
326289,normal,2548,0,1782362456.192448,0.0017657279968261719
326290,normal,1086,0,1782362456.1947434,0.0022954940795898438
326291,normal,1574,0,1782362456.1965945,0.0018510818481445312
326292,normal,1855,0,1782362456.1985993,0.002004861831665039
326293,normal,1661,0,1782362456.2005744,0.0019750595092773438
326294,normal,3506,0,1782362456.2027636,0.002189159393310547
326295,normal,3503,0,1782362456.204449,0.0016853809356689453
326296,normal,2305,0,1782362456.2065558,0.002106904983520508
326297,normal,2809,0,1782362456.208779,0.0022232532501220703
326298,normal,656,0,1782362456.2104216,0.001642465591430664
326299,normal,2695,0,1782362456.2127717,0.0023500919342041016
326300,normal,769,0,1782362456.2145715,0.0017998218536376953
326301,normal,2859,0,1782362456.21665,0.002078533172607422
326302,normal,2640,0,1782362456.2183883,0.0017383098602294922
326303,normal,3696,0,1782362456.2206287,0.002240419387817383
326304,normal,1085,0,1782362456.2223797,0.001750946044921875
326305,normal,808,2,1782362456.2245653,0.0021855831146240234
326306,normal,3226,1,1782362456.226607,0.0020418167114257812
326307,normal,1367,1,1782362456.228443,0.0018358230590820312
326308,normal,3292,1,1782362456.2306325,0.00218963623046875
326309,normal,1482,0,1782362456.2324297,0.0017971992492675781
326310,normal,1642,0,1782362456.2347803,0.0023505687713623047
326311,normal,1623,0,1782362456.2363827,0.0016024112701416016
326312,normal,1065,0,1782362456.2388306,0.002447843551635742
326313,normal,592,0,1782362456.2403982,0.0015676021575927734
326314,normal,1543,0,1782362456.2426522,0.002254009246826172
326315,normal,3560,0,1782362456.244552,0.00189971923828125
326316,normal,188,0,1782362456.246599,0.0020470619201660156
326317,normal,1046,0,1782362456.2484384,0.0018393993377685547
326318,normal,621,0,1782362456.2505982,0.0021598339080810547
326319,normal,317,0,1782362456.2525015,0.0019032955169677734
326320,normal,3622,0,1782362456.2548015,0.0023000240325927734
326321,normal,53,0,1782362456.2565556,0.0017540454864501953
326322,normal,2453,0,1782362456.2586167,0.002061128616333008
326323,normal,2601,0,1782362456.2605937,0.0019769668579101562
326324,normal,2629,0,1782362456.262795,0.0022013187408447266
326325,normal,2489,0,1782362456.2644439,0.0016489028930664062
326326,normal,3254,1,1782362456.2667904,0.002346515655517578
326327,normal,1582,0,1782362456.2685883,0.0017979145050048828
326328,normal,3138,1,1782362456.270622,0.002033710479736328
326329,normal,1019,2,1782362456.272583,0.0019609928131103516
326330,normal,2648,0,1782362456.274824,0.002240896224975586
326331,normal,312,0,1782362456.2764442,0.0016202926635742188
326332,normal,3115,1,1782362456.2788327,0.002388477325439453
326333,normal,3608,0,1782362456.2806058,0.0017731189727783203
326334,normal,3431,0,1782362456.2824583,0.0018525123596191406
326335,normal,1987,0,1782362456.2848237,0.0023653507232666016
326336,normal,3593,0,1782362456.286579,0.0017552375793457031
326337,normal,1992,0,1782362456.2884448,0.0018658638000488281
326338,normal,3233,1,1782362456.290786,0.0023412704467773438
326339,normal,2408,0,1782362456.2925954,0.0018093585968017578
326340,normal,1337,1,1782362456.294608,0.0020127296447753906
326341,normal,1594,0,1782362456.29661,0.0020020008087158203
326342,normal,479,0,1782362456.2987769,0.002166748046875
326343,normal,3120,1,1782362456.300452,0.0016751289367675781
326344,normal,2403,0,1782362456.302766,0.0023140907287597656
326345,normal,1359,1,1782362456.3045871,0.0018210411071777344
326346,normal,2487,0,1782362456.306616,0.002028942108154297
326347,normal,1759,0,1782362456.3085763,0.001960277557373047
326348,normal,3242,1,1782362456.3108187,0.0022423267364501953
326349,normal,391,0,1782362456.3124418,0.0016231536865234375
326350,normal,631,0,1782362456.3147902,0.0023484230041503906
326351,normal,298,0,1782362456.3165784,0.0017881393432617188
326352,normal,68,0,1782362456.3184605,0.0018820762634277344
326353,normal,195,0,1782362456.3208401,0.0023796558380126953
326354,normal,257,0,1782362456.3225884,0.0017483234405517578
326355,normal,1970,0,1782362456.3247163,0.0021278858184814453
326356,normal,1323,1,1782362456.326585,0.0018687248229980469
326357,normal,981,2,1782362456.3288333,0.0022482872009277344
326358,normal,2943,0,1782362456.3304632,0.0016298294067382812
326359,normal,2477,0,1782362456.3328335,0.0023703575134277344
326360,normal,1358,1,1782362456.3345616,0.001728057861328125
326361,normal,3604,0,1782362456.3365018,0.0019402503967285156
326362,normal,2711,0,1782362456.3387916,0.0022897720336914062
326363,normal,3122,1,1782362456.3405964,0.0018048286437988281
326364,normal,345,0,1782362456.342644,0.0020475387573242188
326365,normal,220,0,1782362456.344603,0.001959085464477539
326366,normal,3347,1,1782362456.3467748,0.002171754837036133
326367,normal,1695,0,1782362456.3485012,0.001726388931274414
326368,normal,3295,1,1782362456.3503747,0.0018734931945800781
326369,normal,1158,0,1782362456.3523993,0.0020246505737304688
326370,normal,3683,0,1782362456.3544302,0.0020308494567871094
326371,normal,934,2,1782362456.356387,0.0019567012786865234
326372,normal,354,0,1782362456.3585901,0.002203226089477539
326373,normal,3287,1,1782362456.3603897,0.0017995834350585938
326374,normal,156,0,1782362456.3625743,0.002184629440307617
326375,normal,891,2,1782362456.364632,0.0020575523376464844
326376,normal,664,0,1782362456.3664598,0.0018279552459716797
326377,normal,2292,0,1782362456.3686123,0.0021524429321289062
326378,normal,14,0,1782362456.3704364,0.0018241405487060547
326379,normal,3220,1,1782362456.3726442,0.0022077560424804688
326380,normal,2502,0,1782362456.3745482,0.0019040107727050781
326381,normal,1765,0,1782362456.376819,0.0022706985473632812
326382,normal,2897,0,1782362456.3784525,0.0016336441040039062
326383,normal,3148,1,1782362456.3808463,0.0023937225341796875
326384,normal,1645,0,1782362456.38259,0.0017437934875488281
326385,normal,1743,0,1782362456.3846564,0.002066373825073242
326386,normal,1106,0,1782362456.3866034,0.0019469261169433594
326387,normal,3052,1,1782362456.3888307,0.002227306365966797
326388,normal,1615,0,1782362456.3904643,0.0016336441040039062
326389,normal,3320,1,1782362456.3928545,0.002390146255493164
326390,normal,3223,1,1782362456.3945885,0.001734018325805664
326391,normal,781,2,1782362456.3966286,0.0020401477813720703
326392,normal,396,0,1782362456.3985949,0.001966238021850586
326393,normal,2845,0,1782362456.4008157,0.0022208690643310547
326394,normal,960,2,1782362456.402453,0.0016372203826904297
326395,normal,1026,2,1782362456.404862,0.0024089813232421875
326396,normal,3224,1,1782362456.406434,0.0015721321105957031
326397,normal,2482,0,1782362456.4086113,0.0021772384643554688
326398,normal,2115,0,1782362456.4105148,0.001903533935546875
326399,normal,2097,0,1782362456.4126053,0.0020904541015625
326400,normal,3448,0,1782362456.4144497,0.0018444061279296875
326401,normal,2089,0,1782362456.416768,0.0023183822631835938
326402,normal,45,0,1782362456.4185777,0.0018095970153808594
326403,normal,1846,0,1782362456.4206192,0.0020415782928466797
326404,normal,2916,0,1782362456.42258,0.00196075439453125
326405,normal,2575,0,1782362456.4247878,0.0022077560424804688
326406,normal,759,0,1782362456.4264488,0.001661062240600586
326407,normal,3428,0,1782362456.4285784,0.0021295547485351562
326408,normal,719,0,1782362456.4307616,0.002183198928833008
326409,normal,1032,0,1782362456.432447,0.0016853809356689453
326410,normal,167,0,1782362456.4348173,0.0023703575134277344
326411,normal,2839,0,1782362456.4366064,0.001789093017578125
326412,normal,306,0,1782362456.4384441,0.0018377304077148438
326413,normal,2687,0,1782362456.4408274,0.0023832321166992188
326414,normal,2386,0,1782362456.4425836,0.0017561912536621094
326415,normal,568,0,1782362456.4446373,0.0020537376403808594
326416,normal,979,2,1782362456.446607,0.0019698143005371094
326417,normal,2204,0,1782362456.4487774,0.0021703243255615234
326418,normal,714,0,1782362456.450498,0.0017206668853759766
326419,normal,1762,0,1782362456.4528084,0.0023102760314941406
326420,normal,2364,0,1782362456.4545903,0.0017819404602050781
326421,normal,839,2,1782362456.4566424,0.0020520687103271484
326422,normal,2245,0,1782362456.4586294,0.001986980438232422
326423,normal,1025,2,1782362456.460776,0.0021467208862304688
326424,normal,1265,0,1782362456.462451,0.0016748905181884766
326425,normal,565,0,1782362456.4647863,0.0023353099822998047
326426,normal,2713,0,1782362456.4666266,0.001840353012084961
326427,normal,1675,0,1782362456.468451,0.0018243789672851562
326428,normal,2360,0,1782362456.4708307,0.0023796558380126953
326429,normal,1566,0,1782362456.4725835,0.0017528533935546875
326430,normal,3629,0,1782362456.47462,0.002036571502685547
326431,normal,2603,0,1782362456.4766147,0.001994609832763672
326432,normal,148,0,1782362456.4787965,0.0021817684173583984
326433,normal,1817,0,1782362456.480492,0.0016956329345703125
326434,normal,3071,1,1782362456.4827943,0.0023021697998046875
326435,normal,3646,0,1782362456.4845834,0.001789093017578125
326436,normal,3445,0,1782362456.4866147,0.0020313262939453125
326437,normal,3374,1,1782362456.4885843,0.001969575881958008
326438,normal,1415,0,1782362456.490592,0.002007722854614258
326439,normal,3436,0,1782362456.4926267,0.0020346641540527344
326440,normal,2993,0,1782362456.4946105,0.0019838809967041016
326441,normal,2892,0,1782362456.4967747,0.002164125442504883
326442,normal,125,0,1782362456.4984515,0.001676797866821289
326443,normal,2951,0,1782362456.5007703,0.002318859100341797
326444,normal,1601,0,1782362456.5025778,0.0018074512481689453
326445,normal,2262,0,1782362456.5044503,0.0018725395202636719
326446,normal,170,0,1782362456.506781,0.002330780029296875
326447,normal,2165,0,1782362456.5085719,0.001790761947631836
326448,normal,1478,0,1782362456.5104463,0.0018744468688964844
326449,normal,356,0,1782362456.512771,0.0023245811462402344
326450,normal,1077,0,1782362456.5145695,0.0017986297607421875
326451,normal,2043,0,1782362456.5164478,0.0018782615661621094
326452,normal,2355,0,1782362456.5187738,0.0023260116577148438
326453,normal,2654,0,1782362456.5205696,0.0017957687377929688
326454,normal,1845,0,1782362456.5224469,0.0018773078918457031
326455,normal,904,2,1782362456.524764,0.002317190170288086
326456,normal,1723,0,1782362456.526572,0.0018079280853271484
326457,normal,1321,1,1782362456.5284467,0.001874685287475586
326458,normal,1386,0,1782362456.5307705,0.0023238658905029297
326459,normal,1159,0,1782362456.532573,0.0018024444580078125
326460,normal,1053,0,1782362456.5344472,0.0018742084503173828
326461,normal,562,0,1782362456.536771,0.0023238658905029297
326462,normal,1247,0,1782362456.5385764,0.0018053054809570312
326463,normal,2656,0,1782362456.5404463,0.0018699169158935547
326464,normal,1010,2,1782362456.5428016,0.002355337142944336
326465,normal,2914,0,1782362456.5445874,0.0017857551574707031
326466,normal,772,2,1782362456.546643,0.002055644989013672
326467,normal,2534,0,1782362456.5486069,0.0019638538360595703
326468,normal,2592,0,1782362456.5507925,0.0021855831146240234
326469,normal,907,2,1782362456.5524461,0.0016536712646484375
326470,normal,1611,0,1782362456.5547745,0.0023283958435058594
326471,normal,2578,0,1782362456.556567,0.0017924308776855469
326472,normal,3326,1,1782362456.5584464,0.0018794536590576172
326473,normal,3581,0,1782362456.560768,0.002321481704711914
326474,normal,2447,0,1782362456.5625677,0.0017998218536376953
326475,normal,3172,1,1782362456.5644457,0.0018780231475830078
326476,normal,962,2,1782362456.5667717,0.0023260116577148438
326477,normal,2639,0,1782362456.5685694,0.0017976760864257812
326478,normal,3093,1,1782362456.5704453,0.0018758773803710938
326479,normal,2362,0,1782362456.572806,0.0023605823516845703
326480,normal,2307,0,1782362456.5746071,0.0018012523651123047
326481,normal,2772,0,1782362456.5764449,0.0018377304077148438
326482,normal,616,0,1782362456.5788126,0.002367734909057617
326483,normal,1834,0,1782362456.5805857,0.0017731189727783203
326484,normal,775,2,1782362456.582471,0.0018851757049560547
326485,normal,3099,1,1782362456.5845745,0.002103567123413086
326486,normal,2116,0,1782362456.5867953,0.0022208690643310547
326487,normal,3188,1,1782362456.5884445,0.0016491413116455078
326488,normal,3483,0,1782362456.5908086,0.0023641586303710938
326489,normal,941,2,1782362456.5926037,0.001795053482055664
326490,normal,426,0,1782362456.594449,0.0018453598022460938
326491,normal,3334,1,1782362456.5966237,0.0021746158599853516
326492,normal,2077,0,1782362456.5985887,0.001965045928955078
326493,normal,2539,0,1782362456.6006327,0.0020439624786376953
326494,normal,1979,0,1782362456.6024125,0.001779794692993164
326495,normal,776,2,1782362456.6048288,0.002416372299194336
326496,normal,326,0,1782362456.606444,0.0016150474548339844
326497,normal,1128,0,1782362456.608836,0.0023920536041259766
326498,normal,3655,0,1782362456.6105015,0.0016655921936035156
326499,normal,1527,0,1782362456.6124523,0.0019507408142089844
326500,normal,3692,0,1782362456.614618,0.0021657943725585938
326501,normal,122,0,1782362456.6164675,0.0018494129180908203
326502,normal,926,2,1782362456.6184208,0.0019533634185791016
326503,normal,338,0,1782362456.6206331,0.0022122859954833984
326504,normal,3106,1,1782362456.622824,0.002190828323364258
326505,normal,1687,0,1782362456.6244898,0.0016658306121826172
326506,normal,2171,0,1782362456.6265974,0.0021076202392578125
326507,normal,869,2,1782362456.6288204,0.0022230148315429688
326508,normal,677,0,1782362456.630432,0.001611471176147461
326509,normal,2820,0,1782362456.6328444,0.002412557601928711
326510,normal,16,0,1782362456.6345766,0.0017321109771728516
326511,normal,283,0,1782362456.6364467,0.0018701553344726562
326512,normal,1874,0,1782362456.638805,0.0023581981658935547
326513,normal,3087,1,1782362456.6406045,0.0017995834350585938
326514,normal,302,0,1782362456.6424296,0.001825094223022461
326515,normal,2723,0,1782362456.6448169,0.0023872852325439453
326516,normal,2565,0,1782362456.6465755,0.001758575439453125
326517,normal,3386,1,1782362456.6484466,0.0018711090087890625
326518,normal,1180,0,1782362456.6508198,0.002373218536376953
326519,normal,2448,0,1782362456.6526065,0.0017867088317871094
326520,normal,707,0,1782362456.6544232,0.0018167495727539062
326521,normal,2158,0,1782362456.656931,0.0025076866149902344
326522,normal,1117,0,1782362456.6585703,0.0016393661499023438
326523,normal,303,0,1782362456.6604521,0.0018818378448486328
326524,normal,2401,0,1782362456.66275,0.0022978782653808594
326525,normal,3173,1,1782362456.664581,0.0018310546875
326526,normal,2328,0,1782362456.6666102,0.0020291805267333984
326527,normal,3082,1,1782362456.6685781,0.001967906951904297
326528,normal,1726,0,1782362456.6707935,0.0022153854370117188
326529,normal,3579,0,1782362456.6724474,0.001653909683227539
326530,normal,154,0,1782362456.674806,0.002358675003051758
326531,normal,1915,0,1782362456.6765742,0.0017681121826171875
326532,normal,1529,0,1782362456.678447,0.0018727779388427734
326533,normal,2300,0,1782362456.6808028,0.002355813980102539
326534,normal,172,0,1782362456.6825879,0.0017850399017333984
326535,normal,3563,0,1782362456.6844516,0.001863718032836914
326536,normal,145,0,1782362456.686753,0.002301454544067383
326537,normal,3333,1,1782362456.6885824,0.001829385757446289
326538,normal,380,0,1782362456.6906092,0.002026796340942383
326539,normal,174,0,1782362456.6925762,0.0019669532775878906
326540,normal,2933,0,1782362456.6947684,0.002192258834838867
326541,normal,1262,0,1782362456.6964457,0.0016772747039794922
326542,normal,3583,0,1782362456.698812,0.002366304397583008
326543,normal,3602,0,1782362456.7006302,0.0018181800842285156
326544,normal,1483,0,1782362456.702427,0.001796722412109375
326545,normal,40,0,1782362456.704804,0.002377033233642578
326546,normal,474,0,1782362456.7066195,0.0018155574798583984
326547,normal,2147,0,1782362456.7084467,0.001827239990234375
326548,normal,1843,0,1782362456.7108126,0.0023658275604248047
326549,normal,2006,0,1782362456.712597,0.0017843246459960938
326550,normal,1598,0,1782362456.7144492,0.001852273941040039
326551,normal,3179,1,1782362456.7168105,0.002361297607421875
326552,normal,2093,0,1782362456.7185686,0.0017580986022949219
326553,normal,2673,0,1782362456.7204468,0.0018782615661621094
326554,normal,390,0,1782362456.7228065,0.002359628677368164
326555,normal,1898,0,1782362456.7245736,0.0017671585083007812
326556,normal,1888,0,1782362456.7264438,0.0018701553344726562
326557,normal,744,0,1782362456.7288053,0.0023615360260009766
326558,normal,1926,0,1782362456.730572,0.0017666816711425781
326559,normal,538,0,1782362456.7324448,0.0018727779388427734
326560,normal,1224,0,1782362456.7348216,0.0023767948150634766
326561,normal,1712,0,1782362456.7365701,0.0017485618591308594
326562,normal,2298,0,1782362456.7384524,0.001882314682006836
326563,normal,1737,0,1782362456.740809,0.0023565292358398438
326564,normal,3375,1,1782362456.7425725,0.0017635822296142578
326565,normal,2942,0,1782362456.7444444,0.0018718242645263672
326566,normal,292,0,1782362456.7468112,0.002366781234741211
326567,normal,870,2,1782362456.7486084,0.0017971992492675781
326568,normal,3317,1,1782362456.7504256,0.0018172264099121094
326569,normal,1391,0,1782362456.752769,0.002343416213989258
326570,normal,386,0,1782362456.7546227,0.0018537044525146484
326571,normal,177,0,1782362456.756432,0.0018093585968017578
326572,normal,3088,1,1782362456.759075,0.0026428699493408203
326573,normal,3154,1,1782362456.7605817,0.001506805419921875
326574,normal,2655,0,1782362456.7626522,0.0020704269409179688
326575,normal,2800,0,1782362456.7645874,0.0019352436065673828
326576,normal,1619,0,1782362456.7667837,0.0021963119506835938
326577,normal,933,2,1782362456.7684503,0.0016665458679199219
326578,normal,1203,0,1782362456.7708173,0.0023670196533203125
326579,normal,447,0,1782362456.7725847,0.0017673969268798828
326580,normal,1519,0,1782362456.7744513,0.0018665790557861328
326581,normal,2803,0,1782362456.776807,0.002355813980102539
326582,normal,2591,0,1782362456.7785838,0.0017766952514648438
326583,normal,3174,1,1782362456.7806213,0.002037525177001953
326584,normal,3670,0,1782362456.7825801,0.0019588470458984375
326585,normal,988,2,1782362456.784777,0.002196788787841797
326586,normal,2519,0,1782362456.7864482,0.0016713142395019531
326587,normal,1081,0,1782362456.7888334,0.0023851394653320312
326588,normal,3294,1,1782362456.7905865,0.001753091812133789
326589,normal,1514,0,1782362456.792613,0.0020265579223632812
326590,normal,2518,0,1782362456.79458,0.0019669532775878906
326591,normal,722,0,1782362456.7967596,0.0021796226501464844
326592,normal,3050,1,1782362456.798437,0.0016775131225585938
326593,normal,1550,0,1782362456.8007693,0.0023322105407714844
326594,normal,2225,0,1782362456.802562,0.0017926692962646484
326595,normal,2393,0,1782362456.8044472,0.0018851757049560547
326596,normal,764,0,1782362456.8065784,0.002131223678588867
326597,normal,806,2,1782362456.8087833,0.00220489501953125
326598,normal,2915,0,1782362456.8104403,0.0016570091247558594
326599,normal,401,0,1782362456.8128226,0.0023822784423828125
326600,normal,3491,0,1782362456.814576,0.0017533302307128906
326601,normal,3540,0,1782362456.816624,0.002048015594482422
326602,normal,2312,0,1782362456.818591,0.001967191696166992
326603,normal,1673,0,1782362456.8207617,0.002170562744140625
326604,normal,3328,1,1782362456.8224328,0.0016710758209228516
326605,normal,2187,0,1782362456.8248105,0.002377748489379883
326606,normal,15,0,1782362456.826599,0.0017883777618408203
326607,normal,2545,0,1782362456.8284492,0.0018503665924072266
326608,normal,1153,0,1782362456.8308434,0.0023941993713378906
326609,normal,2038,0,1782362456.8325832,0.0017397403717041016
326610,normal,1530,0,1782362456.834615,0.0020318031311035156
326611,normal,559,0,1782362456.8365839,0.001968860626220703
326612,normal,361,0,1782362456.8387601,0.0021762847900390625
326613,normal,2358,0,1782362456.8404381,0.0016779899597167969
326614,normal,58,0,1782362456.8428094,0.0023713111877441406
326615,normal,1705,0,1782362456.8445914,0.0017819404602050781
326616,normal,666,0,1782362456.8464346,0.0018432140350341797
326617,normal,2911,0,1782362456.8488612,0.002426624298095703
326618,normal,2068,0,1782362456.8505769,0.0017156600952148438
326619,normal,3276,1,1782362456.8526077,0.0020308494567871094
326620,normal,2948,0,1782362456.8545904,0.0019826889038085938
326621,normal,169,0,1782362456.8567734,0.0021829605102539062
326622,normal,410,0,1782362456.8584363,0.0016629695892333984
326623,normal,1657,0,1782362456.8608053,0.002368927001953125
326624,normal,3559,0,1782362456.8625927,0.001787424087524414
326625,normal,262,0,1782362456.8644338,0.0018410682678222656
326626,normal,1559,0,1782362456.8668134,0.0023796558380126953
326627,normal,100,0,1782362456.8685653,0.0017518997192382812
326628,normal,2947,0,1782362456.8704538,0.0018885135650634766
326629,normal,1414,0,1782362456.8728032,0.002349376678466797
326630,normal,1316,0,1782362456.874572,0.0017688274383544922
326631,normal,138,0,1782362456.8766074,0.002035379409790039
326632,normal,741,0,1782362456.8785806,0.0019731521606445312
326633,normal,1062,0,1782362456.8808196,0.0022389888763427734
326634,normal,1407,0,1782362456.882425,0.0016055107116699219
326635,normal,3517,0,1782362456.8848336,0.0024085044860839844
326636,normal,628,0,1782362456.8866115,0.0017778873443603516
326637,normal,87,0,1782362456.888443,0.0018315315246582031
326638,normal,2268,0,1782362456.890809,0.0023660659790039062
326639,normal,60,0,1782362456.8925848,0.0017757415771484375
326640,normal,2203,0,1782362456.8944368,0.0018520355224609375
326641,normal,3673,0,1782362456.8968117,0.002374887466430664
326642,normal,1143,0,1782362456.898574,0.00176239013671875
326643,normal,1060,0,1782362456.9004295,0.0018553733825683594
326644,normal,2504,0,1782362456.9028125,0.002382993698120117
326645,normal,1862,0,1782362456.9045794,0.0017669200897216797
326646,normal,1183,0,1782362456.9066107,0.0020313262939453125
326647,normal,1030,0,1782362456.9085932,0.001982450485229492
326648,normal,2587,0,1782362456.91077,0.0021767616271972656
326649,normal,2714,0,1782362456.9124448,0.0016748905181884766
326650,normal,921,2,1782362456.9148366,0.002391815185546875
326651,normal,1084,0,1782362456.9165807,0.0017440319061279297
326652,normal,746,0,1782362456.918425,0.0018444061279296875
326653,normal,783,2,1782362456.9208126,0.002387523651123047
326654,normal,1098,0,1782362456.9225879,0.0017752647399902344
326655,normal,2169,0,1782362456.9244444,0.0018565654754638672
326656,normal,2684,0,1782362456.9268184,0.002373933792114258
326657,normal,667,0,1782362456.9285898,0.0017714500427246094
326658,normal,768,0,1782362456.9306114,0.0020215511322021484
326659,normal,3437,0,1782362456.932586,0.0019745826721191406
326660,normal,3680,0,1782362456.9347942,0.002208232879638672
326661,normal,2069,0,1782362456.9364288,0.0016345977783203125
326662,normal,3535,0,1782362456.938786,0.0023572444915771484
326663,normal,2137,0,1782362456.9405715,0.0017855167388916016
326664,normal,1832,0,1782362456.9426067,0.0020351409912109375
326665,normal,2212,0,1782362456.9445806,0.001973867416381836
326666,normal,1145,0,1782362456.9467578,0.0021772384643554688
326667,normal,3105,1,1782362456.9484274,0.0016696453094482422
326668,normal,2882,0,1782362456.9507701,0.002342700958251953
326669,normal,2348,0,1782362456.9525735,0.0018033981323242188
326670,normal,2193,0,1782362456.954608,0.002034425735473633
326671,normal,3310,1,1782362456.956584,0.00197601318359375
326672,normal,3487,0,1782362456.9587572,0.002173185348510742
326673,normal,1093,0,1782362456.9604263,0.001669168472290039
326674,normal,2715,0,1782362456.9627776,0.0023512840270996094
326675,normal,733,0,1782362456.9645755,0.0017979145050048828
326676,normal,3650,0,1782362456.9666061,0.002030611038208008
326677,normal,2674,0,1782362456.9685931,0.001986980438232422
326678,normal,2198,0,1782362456.9707484,0.002155303955078125
326679,normal,1971,0,1782362456.9724314,0.0016829967498779297
326680,normal,3426,0,1782362456.9747689,0.0023374557495117188
326681,normal,1392,0,1782362456.9765766,0.0018076896667480469
326682,normal,2162,0,1782362456.9786086,0.002032041549682617
326683,normal,717,0,1782362456.9805803,0.001971721649169922
326684,normal,3125,1,1782362456.9827552,0.002174854278564453
326685,normal,650,0,1782362456.984424,0.0016689300537109375
326686,normal,3406,0,1782362456.9867682,0.0023441314697265625
326687,normal,436,0,1782362456.9885745,0.0018062591552734375
326688,normal,2201,0,1782362456.99061,0.002035379409790039
326689,normal,3433,0,1782362456.9925811,0.0019712448120117188
326690,normal,507,0,1782362456.9947474,0.002166271209716797
326691,normal,785,2,1782362456.9964254,0.0016779899597167969
326692,normal,803,2,1782362456.9987671,0.002341747283935547
326693,normal,2724,0,1782362457.0005722,0.0018050670623779297
326694,normal,3246,1,1782362457.0026114,0.002039194107055664
326695,normal,1429,0,1782362457.0045898,0.0019783973693847656
326696,normal,804,2,1782362457.0065732,0.0019834041595458984
326697,normal,3672,0,1782362457.0086029,0.0020296573638916016
326698,normal,2537,0,1782362457.0105999,0.0019969940185546875
326699,normal,661,0,1782362457.012775,0.0021750926971435547
326700,normal,1889,0,1782362457.0144413,0.0016663074493408203
326701,normal,1398,0,1782362457.0167725,0.002331256866455078
326702,normal,1570,0,1782362457.0185726,0.0018000602722167969
326703,normal,1380,1,1782362457.0206015,0.002028942108154297
326704,normal,1806,0,1782362457.0225816,0.0019800662994384766
326705,normal,1105,0,1782362457.0247948,0.0022132396697998047
326706,normal,1664,0,1782362457.026447,0.0016522407531738281
326707,normal,1390,0,1782362457.0287418,0.002294778823852539
326708,normal,375,0,1782362457.0305786,0.0018367767333984375
326709,normal,3143,1,1782362457.0326016,0.002022981643676758
326710,normal,2294,0,1782362457.0345807,0.0019791126251220703
326711,normal,1638,0,1782362457.0367618,0.0021810531616210938
326712,normal,3413,0,1782362457.0384283,0.0016665458679199219
326713,normal,1034,0,1782362457.0408082,0.002379894256591797
326714,normal,2798,0,1782362457.0425813,0.0017731189727783203
326715,normal,173,0,1782362457.0446093,0.0020279884338378906
326716,normal,2463,0,1782362457.0465784,0.0019690990447998047
326717,normal,3195,1,1782362457.0487583,0.002179861068725586
326718,normal,144,0,1782362457.050437,0.0016787052154541016
326719,normal,2375,0,1782362457.0528047,0.002367734909057617
326720,normal,966,2,1782362457.054575,0.0017702579498291016
326721,normal,1256,0,1782362457.0566103,0.002035379409790039
326722,normal,805,2,1782362457.0585792,0.001968860626220703
326723,normal,223,0,1782362457.0607743,0.002195119857788086
326724,normal,1632,0,1782362457.0624306,0.0016562938690185547
326725,normal,896,2,1782362457.064807,0.0023763179779052734
326726,normal,993,2,1782362457.066582,0.0017750263214111328
326727,normal,441,0,1782362457.06861,0.0020279884338378906
326728,normal,3598,0,1782362457.0705807,0.0019707679748535156
326729,normal,3108,1,1782362457.0727649,0.002184152603149414
326730,normal,399,0,1782362457.074426,0.001661062240600586
326731,normal,136,0,1782362457.076813,0.0023870468139648438
326732,normal,1585,0,1782362457.078587,0.0017740726470947266
326733,normal,686,0,1782362457.080638,0.0020508766174316406
326734,normal,344,0,1782362457.0825865,0.0019485950469970703
326735,normal,1708,0,1782362457.0847828,0.0021963119506835938
326736,normal,1880,0,1782362457.0864296,0.0016467571258544922
326737,normal,3298,1,1782362457.0888023,0.00237274169921875
326738,normal,1274,0,1782362457.0907803,0.0019779205322265625
326739,normal,487,0,1782362457.0927591,0.0019788742065429688
326740,normal,2867,0,1782362457.0949242,0.002165079116821289
326741,normal,59,0,1782362457.096816,0.0018918514251708984
326742,normal,2372,0,1782362457.098745,0.0019290447235107422
326743,normal,3358,1,1782362457.1008143,0.002069234848022461
326744,normal,983,2,1782362457.1028278,0.0020134449005126953
326745,normal,2961,0,1782362457.104754,0.0019261837005615234
326746,normal,2557,0,1782362457.1067998,0.002045869827270508
326747,normal,3319,1,1782362457.108615,0.0018150806427001953
326748,normal,3556,0,1782362457.1106045,0.001989603042602539
326749,normal,2634,0,1782362457.112572,0.0019674301147460938
326750,normal,3349,1,1782362457.1147952,0.0022232532501220703
326751,normal,2763,0,1782362457.1164346,0.0016393661499023438
326752,normal,725,0,1782362457.1188145,0.002379894256591797
326753,normal,2415,0,1782362457.1205835,0.0017690658569335938
326754,normal,243,0,1782362457.1226063,0.0020227432250976562
326755,normal,3502,0,1782362457.1245813,0.0019750595092773438
326756,normal,237,0,1782362457.1267827,0.0022013187408447266
326757,normal,2213,0,1782362457.128444,0.0016613006591796875
326758,normal,863,2,1782362457.1308255,0.002381563186645508
326759,normal,406,0,1782362457.1325746,0.0017490386962890625
326760,normal,1804,0,1782362457.1344233,0.0018486976623535156
326761,normal,1727,0,1782362457.1368365,0.0024132728576660156
326762,normal,3256,1,1782362457.1385703,0.0017337799072265625
326763,normal,1688,0,1782362457.1406116,0.002041339874267578
326764,normal,419,0,1782362457.1425805,0.001968860626220703
326765,normal,539,0,1782362457.1448076,0.0022270679473876953
326766,normal,2990,0,1782362457.1466255,0.001817941665649414
326767,normal,2186,0,1782362457.1489208,0.002295255661010742
326768,normal,527,0,1782362457.1508064,0.0018856525421142578
326769,normal,3134,1,1782362457.152742,0.0019354820251464844
326770,normal,1332,1,1782362457.1549177,0.0021758079528808594
326771,normal,2562,0,1782362457.1568012,0.0018835067749023438
326772,normal,2735,0,1782362457.1586423,0.0018410682678222656
326773,normal,771,0,1782362457.1607955,0.002153158187866211
326774,normal,2891,0,1782362457.162712,0.001916646957397461
326775,normal,63,0,1782362457.164754,0.0020418167114257812
326776,normal,489,0,1782362457.1667988,0.0020449161529541016
326777,normal,1775,0,1782362457.1687846,0.001985788345336914
326778,normal,3398,1,1782362457.1705706,0.0017859935760498047
326779,normal,2776,0,1782362457.1727545,0.0021839141845703125
326780,normal,3441,0,1782362457.1747339,0.001979351043701172
326781,normal,2771,0,1782362457.1766205,0.001886606216430664
326782,normal,949,2,1782362457.1786983,0.002077817916870117
326783,normal,1412,0,1782362457.1806245,0.0019261837005615234
326784,normal,715,0,1782362457.1825435,0.0019190311431884766
326785,normal,3467,0,1782362457.1849449,0.0024013519287109375
326786,normal,747,0,1782362457.186786,0.0018410682678222656
326787,normal,3159,1,1782362457.1884325,0.0016465187072753906
326788,normal,3286,1,1782362457.19073,0.002297639846801758
326789,normal,96,0,1782362457.1926346,0.0019044876098632812
326790,normal,382,0,1782362457.1949682,0.0023336410522460938
326791,normal,1258,0,1782362457.196752,0.0017838478088378906
326792,normal,2173,0,1782362457.1989677,0.0022156238555908203
326793,normal,898,2,1782362457.2010539,0.002086162567138672
326794,normal,3135,1,1782362457.2025733,0.0015194416046142578
326795,normal,3283,1,1782362457.2048688,0.0022954940795898438
326796,normal,1009,2,1782362457.20637,0.001501321792602539
326797,normal,1918,0,1782362457.2094018,0.0030317306518554688
326798,normal,320,0,1782362457.2103646,0.0009627342224121094
326799,normal,530,0,1782362457.2125623,0.002197742462158203
326800,normal,1463,0,1782362457.2145,0.0019376277923583984
326801,normal,1772,0,1782362457.216778,0.0022780895233154297
326802,normal,2983,0,1782362457.2184362,0.0016582012176513672
326803,normal,3657,0,1782362457.2208161,0.002379894256591797
326804,normal,2102,0,1782362457.2225966,0.0017805099487304688
326805,normal,670,0,1782362457.2246163,0.002019643783569336
326806,normal,1278,0,1782362457.2265875,0.0019712448120117188
326807,normal,3306,1,1782362457.2288122,0.0022246837615966797
326808,normal,2429,0,1782362457.2304382,0.0016260147094726562
326809,normal,802,2,1782362457.2328112,0.0023729801177978516
326810,normal,1069,0,1782362457.2345805,0.0017693042755126953
326811,normal,3004,0,1782362457.2364242,0.0018436908721923828
326812,normal,903,2,1782362457.2388248,0.002400636672973633
326813,normal,3525,0,1782362457.240568,0.0017430782318115234
326814,normal,936,2,1782362457.2425563,0.0019884109497070312
326815,normal,1973,0,1782362457.2444317,0.0018754005432128906
326816,normal,3388,1,1782362457.246565,0.0021333694458007812
326817,normal,1227,0,1782362457.2483785,0.0018134117126464844
326818,normal,3056,1,1782362457.2505724,0.002193927764892578
326819,normal,2381,0,1782362457.252591,0.002018451690673828
326820,normal,372,0,1782362457.2543907,0.0017998218536376953
326821,normal,1288,0,1782362457.256566,0.0021753311157226562
326822,normal,3360,1,1782362457.2585866,0.002020597457885742
326823,normal,329,0,1782362457.2603853,0.0017986297607421875
326824,normal,3555,0,1782362457.2625895,0.0022041797637939453
326825,normal,614,0,1782362457.2645948,0.002005338668823242
326826,normal,2692,0,1782362457.266387,0.0017921924591064453
326827,normal,3157,1,1782362457.268562,0.0021750926971435547
326828,normal,3219,1,1782362457.2705822,0.002020120620727539
326829,normal,261,0,1782362457.2723832,0.0018010139465332031
326830,normal,1333,1,1782362457.2745688,0.0021855831146240234
326831,normal,755,0,1782362457.2765791,0.002010345458984375
326832,normal,2178,0,1782362457.278385,0.0018057823181152344
326833,normal,2436,0,1782362457.2805996,0.002214670181274414
326834,normal,595,0,1782362457.28258,0.001980304718017578
326835,normal,160,0,1782362457.284391,0.0018110275268554688
326836,normal,3394,1,1782362457.2865825,0.0021915435791015625
326837,normal,2194,0,1782362457.2885852,0.002002716064453125
326838,normal,3573,0,1782362457.290387,0.0018017292022705078
326839,normal,2071,0,1782362457.2925644,0.0021774768829345703
326840,normal,1244,0,1782362457.294584,0.002019643783569336
326841,normal,133,0,1782362457.2963924,0.0018084049224853516
326842,normal,315,0,1782362457.298555,0.002162456512451172
326843,normal,947,2,1782362457.3005893,0.002034425735473633
326844,normal,3074,1,1782362457.3023942,0.0018048286437988281
326845,normal,1011,2,1782362457.3045669,0.002172708511352539
326846,normal,1240,0,1782362457.3065872,0.0020203590393066406
326847,normal,632,0,1782362457.3083935,0.0018062591552734375
326848,normal,735,0,1782362457.31057,0.002176523208618164
326849,normal,877,2,1782362457.3125894,0.0020194053649902344
326850,normal,3534,0,1782362457.314393,0.0018036365509033203
326851,normal,2901,0,1782362457.3165984,0.002205371856689453
326852,normal,346,0,1782362457.3185842,0.001985788345336914
326853,normal,2759,0,1782362457.3203936,0.0018093585968017578
326854,normal,2589,0,1782362457.3225625,0.002168893814086914
326855,normal,3366,1,1782362457.3245912,0.0020287036895751953
326856,normal,1078,0,1782362457.3263927,0.0018014907836914062
326857,normal,1054,0,1782362457.328568,0.0021753311157226562
326858,normal,1830,0,1782362457.3306112,0.0020432472229003906
326859,normal,1489,0,1782362457.3323925,0.0017812252044677734
326860,normal,2498,0,1782362457.334597,0.0022046566009521484
326861,normal,2423,0,1782362457.336591,0.001993894577026367
326862,normal,519,0,1782362457.3383954,0.001804351806640625
326863,normal,819,2,1782362457.340565,0.0021696090698242188
326864,normal,1179,0,1782362457.3425891,0.0020241737365722656
326865,normal,44,0,1782362457.3443918,0.001802682876586914
326866,normal,1125,0,1782362457.346564,0.002172231674194336
326867,normal,2956,0,1782362457.348615,0.0020508766174316406
326868,normal,1608,0,1782362457.3504252,0.001810312271118164
326869,normal,3519,0,1782362457.352403,0.001977682113647461
326870,normal,3470,0,1782362457.354625,0.0022220611572265625
326871,normal,2210,0,1782362457.356378,0.001753091812133789
326872,normal,3203,1,1782362457.3588138,0.0024356842041015625
326873,normal,3005,0,1782362457.3606184,0.0018045902252197266
326874,normal,1141,0,1782362457.3624518,0.0018334388732910156
326875,normal,101,0,1782362457.364759,0.0023071765899658203
326876,normal,3248,1,1782362457.3665853,0.0018262863159179688
326877,normal,3600,0,1782362457.3686345,0.0020492076873779297
326878,normal,3046,1,1782362457.370602,0.0019674301147460938
326879,normal,1758,0,1782362457.3728225,0.002220630645751953
326880,normal,3170,1,1782362457.3744602,0.0016376972198486328
326881,normal,2543,0,1782362457.3768225,0.0023622512817382812
326882,normal,1892,0,1782362457.378606,0.001783609390258789
326883,normal,1394,0,1782362457.3806212,0.0020151138305664062
326884,normal,736,0,1782362457.3826196,0.001998424530029297
326885,normal,2731,0,1782362457.3847563,0.002136707305908203
326886,normal,2530,0,1782362457.3864634,0.0017070770263671875
326887,normal,557,0,1782362457.3885798,0.0021164417266845703
326888,normal,2904,0,1782362457.390823,0.0022430419921875
326889,normal,118,0,1782362457.392453,0.0016300678253173828
326890,normal,1131,0,1782362457.3948317,0.002378702163696289
326891,normal,2022,0,1782362457.3965855,0.0017538070678710938
326892,normal,2188,0,1782362457.3986504,0.002064943313598633
326893,normal,108,0,1782362457.4005723,0.0019218921661376953
326894,normal,3457,0,1782362457.4028406,0.0022683143615722656
326895,normal,455,0,1782362457.4044323,0.0015916824340820312
326896,normal,2614,0,1782362457.406637,0.0022046566009521484
326897,normal,1525,0,1782362457.4086053,0.0019683837890625
326898,normal,2427,0,1782362457.4104671,0.0018618106842041016
326899,normal,1020,2,1782362457.4127545,0.0022873878479003906
326900,normal,2604,0,1782362457.414607,0.0018525123596191406
326901,normal,1753,0,1782362457.416612,0.002004861831665039
326902,normal,55,0,1782362457.4186034,0.0019915103912353516
326903,normal,3296,1,1782362457.4207897,0.002186298370361328
326904,normal,166,0,1782362457.4224634,0.0016736984252929688
326905,normal,2728,0,1782362457.4247587,0.002295255661010742
326906,normal,506,0,1782362457.4266236,0.0018649101257324219
326907,normal,2553,0,1782362457.4284337,0.0018100738525390625
326908,normal,3198,1,1782362457.4307733,0.002339601516723633
326909,normal,1894,0,1782362457.4325867,0.0018134117126464844
326910,normal,2618,0,1782362457.4346242,0.002037525177001953
326911,normal,3112,1,1782362457.4365933,0.0019690990447998047
326912,normal,3407,0,1782362457.4387882,0.0021948814392089844
326913,normal,3704,0,1782362457.4404619,0.0016736984252929688
326914,normal,2742,0,1782362457.4427931,0.002331256866455078
326915,normal,304,0,1782362457.4445913,0.0017981529235839844
326916,normal,893,2,1782362457.4466121,0.0020208358764648438
326917,normal,1047,0,1782362457.4485867,0.0019745826721191406
326918,normal,3504,0,1782362457.4507632,0.002176523208618164
326919,normal,1427,0,1782362457.4524496,0.0016863346099853516
326920,normal,3459,0,1782362457.4547856,0.0023360252380371094
326921,normal,645,0,1782362457.4565868,0.0018012523651123047
326922,normal,2830,0,1782362457.4586148,0.0020279884338378906
326923,normal,1479,0,1782362457.4605832,0.0019683837890625
326924,normal,3430,0,1782362457.4627686,0.002185344696044922
326925,normal,1055,0,1782362457.4644525,0.001683950424194336
326926,normal,669,0,1782362457.466786,0.002333402633666992
326927,normal,288,0,1782362457.4685864,0.001800537109375
326928,normal,2836,0,1782362457.4706125,0.002026081085205078
326929,normal,1118,0,1782362457.4726083,0.0019958019256591797
326930,normal,1982,0,1782362457.47477,0.002161741256713867
326931,normal,2290,0,1782362457.4764504,0.0016803741455078125
326932,normal,3236,1,1782362457.4787753,0.002324819564819336
326933,normal,2657,0,1782362457.48061,0.0018346309661865234
326934,normal,349,0,1782362457.4828758,0.00226593017578125
326935,normal,790,2,1782362457.4850328,0.002156972885131836
326936,normal,2696,0,1782362457.4868581,0.0018253326416015625
326937,normal,221,0,1782362457.4889624,0.0021042823791503906
326938,normal,2651,0,1782362457.4912856,0.002323150634765625
326939,normal,3230,1,1782362457.4924529,0.00116729736328125
326940,normal,1348,1,1782362457.4948218,0.002368927001953125
326941,normal,3156,1,1782362457.49643,0.001608133316040039
326942,normal,2353,0,1782362457.4988487,0.0024187564849853516
326943,normal,684,0,1782362457.50043,0.001581430435180664
326944,normal,2829,0,1782362457.5028255,0.0023953914642333984
326945,normal,1166,0,1782362457.5046117,0.0017862319946289062
326946,normal,1567,0,1782362457.506458,0.0018463134765625
326947,normal,537,0,1782362457.5087621,0.0023040771484375
326948,normal,255,0,1782362457.5106168,0.0018546581268310547
326949,normal,1434,0,1782362457.5126123,0.001995563507080078
326950,normal,760,0,1782362457.5146046,0.0019922256469726562
326951,normal,1233,0,1782362457.5167718,0.002167224884033203
326952,normal,111,0,1782362457.5184684,0.0016965866088867188
326953,normal,3146,1,1782362457.5207503,0.0022819042205810547
326954,normal,268,0,1782362457.5225482,0.0017979145050048828
326955,normal,2571,0,1782362457.5245543,0.002006053924560547
326956,normal,2494,0,1782362457.526418,0.001863718032836914
326957,normal,540,0,1782362457.5285978,0.002179861068725586
326958,normal,1497,0,1782362457.5304484,0.0018506050109863281
326959,normal,180,0,1782362457.5327582,0.0023097991943359375
326960,normal,575,0,1782362457.534591,0.001832723617553711
326961,normal,3533,0,1782362457.5366135,0.0020225048065185547
326962,normal,2894,0,1782362457.5385926,0.0019791126251220703
326963,normal,2036,0,1782362457.5407639,0.0021712779998779297
326964,normal,2801,0,1782362457.5424623,0.0016984939575195312
326965,normal,1393,0,1782362457.5447853,0.0023229122161865234
326966,normal,1956,0,1782362457.546596,0.0018107891082763672
326967,normal,1616,0,1782362457.5486128,0.002016782760620117
326968,normal,743,0,1782362457.5505748,0.001961946487426758
326969,normal,860,2,1782362457.5528333,0.0022585391998291016
326970,normal,1736,0,1782362457.5544353,0.0016019344329833984
326971,normal,1754,0,1782362457.5568283,0.002393007278442383
326972,normal,2072,0,1782362457.558585,0.0017566680908203125
326973,normal,106,0,1782362457.5608678,0.002282857894897461
326974,normal,3006,0,1782362457.5629601,0.0020923614501953125
326975,normal,2619,0,1782362457.5648227,0.0018625259399414062
326976,normal,1863,0,1782362457.566891,0.0020682811737060547
326977,normal,940,2,1782362457.5688267,0.001935720443725586
326978,normal,1779,0,1782362457.570631,0.001804351806640625
326979,normal,841,2,1782362457.5730498,0.0024187564849853516
326980,normal,608,0,1782362457.5744474,0.0013976097106933594
326981,normal,937,2,1782362457.576832,0.002384662628173828
326982,normal,1352,1,1782362457.578433,0.0016009807586669922
326983,normal,1205,0,1782362457.5808215,0.002388477325439453
326984,normal,2458,0,1782362457.5826178,0.0017962455749511719
326985,normal,3471,0,1782362457.5844631,0.0018453598022460938
326986,normal,3368,1,1782362457.5867617,0.002298593521118164
326987,normal,137,0,1782362457.588586,0.0018243789672851562
326988,normal,3291,1,1782362457.590836,0.0022499561309814453
326989,normal,325,0,1782362457.592598,0.0017619132995605469
326990,normal,2844,0,1782362457.5945852,0.0019872188568115234
326991,normal,3165,1,1782362457.5965989,0.002013683319091797
326992,normal,254,0,1782362457.598603,0.0020041465759277344
326993,normal,3111,1,1782362457.600775,0.0021719932556152344
326994,normal,2507,0,1782362457.602457,0.0016820430755615234
326995,normal,2719,0,1782362457.6047683,0.002311229705810547
326996,normal,2438,0,1782362457.606472,0.0017037391662597656
326997,normal,2246,0,1782362457.6086366,0.002164602279663086
326998,normal,3239,1,1782362457.6105716,0.0019350051879882812
326999,normal,2114,0,1782362457.6127713,0.0021996498107910156
327000,normal,1864,0,1782362457.6144397,0.0016684532165527344
327001,normal,3659,0,1782362457.6168485,0.002408742904663086
327002,normal,1481,0,1782362457.6185682,0.0017197132110595703
327003,normal,75,0,1782362457.6204538,0.0018856525421142578
327004,normal,1747,0,1782362457.6228244,0.002370595932006836
327005,normal,1951,0,1782362457.6246126,0.0017881393432617188
327006,normal,3318,1,1782362457.6264517,0.0018391609191894531
327007,normal,1383,0,1782362457.6288397,0.00238800048828125
327008,normal,3691,0,1782362457.630579,0.0017392635345458984
327009,normal,1148,0,1782362457.6326098,0.0020308494567871094
327010,normal,468,0,1782362457.634579,0.0019690990447998047
327011,normal,932,2,1782362457.6368177,0.002238750457763672
327012,normal,1132,0,1782362457.6384466,0.001628875732421875
327013,normal,957,2,1782362457.6408243,0.002377748489379883
327014,normal,1342,1,1782362457.642573,0.001748800277709961
327015,normal,1369,1,1782362457.6446276,0.002054452896118164
327016,normal,1213,0,1782362457.646578,0.0019505023956298828
327017,normal,2411,0,1782362457.6487904,0.0022122859954833984
327018,normal,496,0,1782362457.6504467,0.0016562938690185547
327019,normal,216,0,1782362457.652852,0.002405405044555664
327020,normal,1162,0,1782362457.6545997,0.0017476081848144531
327021,normal,2070,0,1782362457.656446,0.0018463134765625
327022,normal,683,0,1782362457.6588142,0.0023682117462158203
327023,normal,588,0,1782362457.660575,0.001760721206665039
327024,normal,269,0,1782362457.662621,0.0020461082458496094
327025,normal,1549,0,1782362457.6645756,0.0019545555114746094
327026,normal,965,2,1782362457.6667771,0.002201557159423828
327027,normal,3255,1,1782362457.6686099,0.001832723617553711
327028,normal,3204,1,1782362457.6705685,0.001958608627319336
327029,normal,574,0,1782362457.6729064,0.002337932586669922
327030,normal,749,0,1782362457.6749818,0.0020754337310791016
327031,normal,2461,0,1782362457.676772,0.0017902851104736328
327032,normal,964,2,1782362457.6786473,0.001875162124633789
327033,normal,2623,0,1782362457.6806195,0.001972198486328125
327034,normal,1581,0,1782362457.682788,0.002168416976928711
327035,normal,1315,0,1782362457.6845348,0.0017468929290771484
327036,normal,3518,0,1782362457.6867602,0.0022253990173339844
327037,normal,2725,0,1782362457.6888218,0.002061605453491211
327038,normal,1304,0,1782362457.6905797,0.0017578601837158203
327039,normal,3592,0,1782362457.6924589,0.0018792152404785156
327040,normal,2273,0,1782362457.6948178,0.0023589134216308594
327041,normal,943,2,1782362457.696614,0.0017962455749511719
327042,normal,2008,0,1782362457.6986096,0.001995563507080078
327043,normal,889,2,1782362457.7006116,0.0020020008087158203
327044,normal,1621,0,1782362457.7027822,0.002170562744140625
327045,normal,2128,0,1782362457.7044554,0.0016732215881347656
327046,normal,1780,0,1782362457.7068381,0.0023827552795410156
327047,normal,1877,0,1782362457.7085783,0.0017402172088623047
327048,normal,2228,0,1782362457.7106302,0.002051830291748047
327049,normal,2605,0,1782362457.712609,0.0019788742065429688
327050,normal,3693,0,1782362457.7147624,0.0021533966064453125
327051,normal,2976,0,1782362457.716448,0.0016856193542480469
327052,normal,3543,0,1782362457.7188158,0.002367734909057617
327053,normal,1204,0,1782362457.7206016,0.0017857551574707031
327054,normal,3513,0,1782362457.722446,0.0018444061279296875
327055,normal,2065,0,1782362457.7248094,0.002363443374633789
327056,normal,64,0,1782362457.726614,0.0018045902252197266
327057,normal,3040,0,1782362457.7284486,0.0018346309661865234
327058,normal,0,0,1782362457.7307706,0.002321958541870117
327059,normal,1556,0,1782362457.7325714,0.0018007755279541016
327060,normal,2414,0,1782362457.7346435,0.0020720958709716797
327061,normal,1777,0,1782362457.7365785,0.0019350051879882812
327062,normal,838,2,1782362457.7387774,0.002198934555053711
327063,normal,875,2,1782362457.740444,0.0016665458679199219
327064,normal,104,0,1782362457.7428057,0.002361774444580078
327065,normal,1544,0,1782362457.744574,0.001768350601196289
327066,normal,2488,0,1782362457.7466252,0.002051115036010742
327067,normal,2025,0,1782362457.748576,0.0019507408142089844
327068,normal,698,0,1782362457.7507718,0.0021958351135253906
327069,normal,3234,1,1782362457.7524464,0.001674652099609375
327070,normal,225,0,1782362457.7548056,0.002359151840209961
327071,normal,3567,0,1782362457.7565758,0.0017702579498291016
327072,normal,852,2,1782362457.758447,0.0018711090087890625
327073,normal,1711,0,1782362457.7608116,0.002364635467529297
327074,normal,1222,0,1782362457.7625675,0.0017559528350830078
327075,normal,3707,0,1782362457.7646234,0.0020558834075927734
327076,normal,3496,0,1782362457.766586,0.0019626617431640625
327077,normal,365,0,1782362457.7687805,0.0021944046020507812
327078,normal,3447,0,1782362457.7704473,0.0016667842864990234
327079,normal,801,2,1782362457.7728202,0.0023729801177978516
327080,normal,646,0,1782362457.7745972,0.0017769336700439453
327081,normal,215,0,1782362457.776447,0.0018498897552490234
327082,normal,2243,0,1782362457.7788064,0.0023593902587890625
327083,normal,3354,1,1782362457.7805848,0.0017783641815185547
327084,normal,2037,0,1782362457.782444,0.0018591880798339844
327085,normal,3076,1,1782362457.7848167,0.00237274169921875
327086,normal,2271,0,1782362457.7868571,0.002040386199951172
327087,normal,2739,0,1782362457.7887614,0.0019042491912841797
327088,normal,1260,0,1782362457.7908492,0.002087831497192383
327089,normal,1126,0,1782362457.7930655,0.002216339111328125
327090,normal,2960,0,1782362457.794449,0.0013835430145263672
327091,normal,694,0,1782362457.7967706,0.002321481704711914
327092,normal,11,0,1782362457.798544,0.0017733573913574219
327093,normal,179,0,1782362457.8007624,0.002218484878540039
327094,normal,2676,0,1782362457.8028727,0.0021102428436279297
327095,normal,1351,1,1782362457.804896,0.002023458480834961
327096,normal,786,2,1782362457.8064435,0.0015473365783691406
327097,normal,1270,0,1782362457.808826,0.002382516860961914
327098,normal,1189,0,1782362457.8105574,0.0017313957214355469
327099,normal,827,2,1782362457.8128211,0.002263784408569336
327100,normal,2887,0,1782362457.8148618,0.0020406246185302734
327101,normal,1455,0,1782362457.8167884,0.0019266605377197266
327102,normal,1382,0,1782362457.8186083,0.0018198490142822266
327103,normal,795,2,1782362457.8206518,0.002043485641479492
327104,normal,2098,0,1782362457.8226202,0.0019683837890625
327105,normal,3280,1,1782362457.8245816,0.0019614696502685547
327106,normal,2937,0,1782362457.8267753,0.0021936893463134766
327107,normal,1219,0,1782362457.829035,0.0022597312927246094
327108,normal,2579,0,1782362457.8303618,0.0013267993927001953
327109,normal,3523,0,1782362457.8327994,0.002437591552734375
327110,normal,955,2,1782362457.834442,0.001642465591430664
327111,normal,1520,0,1782362457.8365018,0.0020599365234375
327112,normal,2900,0,1782362457.838426,0.001924276351928711
327113,normal,3084,1,1782362457.840816,0.0023899078369140625
327114,normal,1929,0,1782362457.8424242,0.001608133316040039
327115,normal,711,0,1782362457.845571,0.0031468868255615234
327116,normal,2216,0,1782362457.8464427,0.0008716583251953125
327117,normal,2880,0,1782362457.8486156,0.0021729469299316406
327118,normal,1589,0,1782362457.8505893,0.0019736289978027344
327119,normal,3500,0,1782362457.852792,0.002202749252319336
327120,normal,2189,0,1782362457.8544497,0.001657724380493164
327121,normal,3439,0,1782362457.8567414,0.0022916793823242188
327122,normal,420,0,1782362457.8585725,0.0018310546875
327123,normal,2274,0,1782362457.8606212,0.0020487308502197266
327124,normal,1154,0,1782362457.8625808,0.001959562301635742
327125,normal,596,0,1782362457.8647635,0.0021827220916748047
327126,normal,615,0,1782362457.8664465,0.0016829967498779297
327127,normal,2689,0,1782362457.86883,0.0023834705352783203
327128,normal,2154,0,1782362457.8706036,0.0017735958099365234
327129,normal,1524,0,1782362457.8724587,0.0018551349639892578
327130,normal,3080,1,1782362457.874816,0.0023572444915771484
327131,normal,2791,0,1782362457.876488,0.0016720294952392578
327132,normal,481,0,1782362457.8785896,0.0021016597747802734
327133,normal,2526,0,1782362457.8804743,0.0018846988677978516
327134,normal,2611,0,1782362457.882659,0.002184629440307617
327135,normal,2176,0,1782362457.8844187,0.0017597675323486328
327136,normal,1090,0,1782362457.8866458,0.0022270679473876953
327137,normal,395,0,1782362457.88841,0.0017642974853515625
327138,normal,3419,0,1782362457.8905904,0.002180337905883789
327139,normal,1513,0,1782362457.8924406,0.001850128173828125
327140,normal,2925,0,1782362457.894714,0.0022735595703125
327141,normal,3077,1,1782362457.896402,0.001687765121459961
327142,normal,2957,0,1782362457.8986385,0.002236604690551758
327143,normal,3390,1,1782362457.9004455,0.0018069744110107422
327144,normal,1732,0,1782362457.9025908,0.0021452903747558594
327145,normal,810,2,1782362457.9044309,0.0018401145935058594
327146,normal,3381,1,1782362457.9066148,0.0021839141845703125
327147,normal,1545,0,1782362457.9084213,0.001806497573852539
327148,normal,2770,0,1782362457.9105978,0.002176523208618164
327149,normal,2279,0,1782362457.912617,0.002019166946411133
327150,normal,1498,0,1782362457.914416,0.0017991065979003906
327151,normal,1417,0,1782362457.9165862,0.002170085906982422
327152,normal,929,2,1782362457.9186327,0.0020465850830078125
327153,normal,697,0,1782362457.9204166,0.0017838478088378906
327154,normal,2004,0,1782362457.9225907,0.0021741390228271484
327155,normal,1959,0,1782362457.9246085,0.0020177364349365234
327156,normal,2649,0,1782362457.9264152,0.0018067359924316406
327157,normal,897,2,1782362457.9286325,0.0022172927856445312
327158,normal,2756,0,1782362457.9304152,0.0017826557159423828
327159,normal,1999,0,1782362457.9325747,0.002159595489501953
327160,normal,433,0,1782362457.9344184,0.0018436908721923828
327161,normal,3408,0,1782362457.9366097,0.002191305160522461
327162,normal,3425,0,1782362457.938397,0.0017871856689453125
327163,normal,297,0,1782362457.9406223,0.0022253990173339844
327164,normal,1937,0,1782362457.942448,0.001825571060180664
327165,normal,1134,0,1782362457.9445772,0.0021293163299560547
327166,normal,1823,0,1782362457.9464195,0.0018422603607177734
327167,normal,1443,0,1782362457.9486108,0.002191305160522461
327168,normal,2721,0,1782362457.9503982,0.001787424087524414
327169,normal,3098,1,1782362457.9526243,0.002226114273071289
327170,normal,488,0,1782362457.9546094,0.0019850730895996094
327171,normal,647,0,1782362457.956397,0.0017876625061035156
327172,normal,271,0,1782362457.9586265,0.002229452133178711
327173,normal,1577,0,1782362457.9606335,0.002007007598876953
327174,normal,2556,0,1782362457.962398,0.001764535903930664
327175,normal,2874,0,1782362457.9646218,0.0022237300872802734
327176,normal,998,2,1782362457.9666111,0.0019893646240234375
327177,normal,2642,0,1782362457.9683998,0.0017886161804199219
327178,normal,2078,0,1782362457.9706252,0.0022253990173339844
327179,normal,1831,0,1782362457.9726024,0.001977205276489258
327180,normal,3209,1,1782362457.9743977,0.0017952919006347656
327181,normal,1941,0,1782362457.976628,0.002230405807495117
327182,normal,2474,0,1782362457.9786086,0.0019805431365966797
327183,normal,1868,0,1782362457.9803982,0.0017895698547363281
327184,normal,731,0,1782362457.9826345,0.0022363662719726562
327185,normal,618,0,1782362457.9846015,0.0019669532775878906
327186,normal,3532,0,1782362457.9863956,0.0017940998077392578
327187,normal,1990,0,1782362457.988613,0.0022172927856445312
327188,normal,2341,0,1782362457.9906154,0.0020024776458740234
327189,normal,1374,1,1782362457.9924028,0.001787424087524414
327190,normal,147,0,1782362457.994625,0.002222299575805664
327191,normal,369,0,1782362457.9966023,0.001977205276489258
327192,normal,851,2,1782362457.998399,0.001796722412109375
327193,normal,1873,0,1782362458.0006297,0.0022306442260742188
327194,normal,3289,1,1782362458.0026057,0.00197601318359375
327195,normal,2156,0,1782362458.0043972,0.0017914772033691406
327196,normal,1049,0,1782362458.0066411,0.0022439956665039062
327197,normal,912,2,1782362458.0085995,0.0019583702087402344
327198,normal,2496,0,1782362458.0103905,0.0017910003662109375
327199,normal,3015,0,1782362458.0126126,0.0022220611572265625
327200,normal,920,2,1782362458.0144124,0.0017998218536376953
327201,normal,1691,0,1782362458.0165777,0.0021653175354003906
327202,normal,1749,0,1782362458.018417,0.0018391609191894531
327203,normal,2718,0,1782362458.0206013,0.0021843910217285156
327204,normal,727,0,1782362458.022399,0.0017976760864257812
327205,normal,2536,0,1782362458.024625,0.002226114273071289
327206,normal,1345,1,1782362458.0266097,0.0019845962524414062
327207,normal,83,0,1782362458.0283883,0.0017786026000976562
327208,normal,1328,1,1782362458.0306394,0.002251148223876953
327209,normal,1428,0,1782362458.0324361,0.001796722412109375
327210,normal,3623,0,1782362458.0346148,0.002178668975830078
327211,normal,400,0,1782362458.0364277,0.0018129348754882812
327212,normal,1228,0,1782362458.0386207,0.002192974090576172
327213,normal,3401,1,1782362458.0403996,0.0017788410186767578
327214,normal,2871,0,1782362458.0426235,0.002223968505859375
327215,normal,3070,1,1782362458.0446022,0.001978635787963867
327216,normal,1257,0,1782362458.0463912,0.001789093017578125
327217,normal,738,0,1782362458.0486033,0.002212047576904297
327218,normal,442,0,1782362458.0506268,0.002023458480834961
327219,normal,78,0,1782362458.0523994,0.0017726421356201172
327220,normal,2899,0,1782362458.054598,0.0021986961364746094
327221,normal,2613,0,1782362458.0568044,0.0022063255310058594
327222,normal,1704,0,1782362458.0583994,0.0015950202941894531
327223,normal,3281,1,1782362458.0606337,0.002234220504760742
327224,normal,107,0,1782362458.06262,0.001986265182495117
327225,normal,1986,0,1782362458.0644038,0.0017838478088378906
327226,normal,1263,0,1782362458.0666287,0.0022249221801757812
327227,normal,751,0,1782362458.068613,0.0019843578338623047
327228,normal,246,0,1782362458.0703988,0.0017857551574707031
327229,normal,1384,0,1782362458.0726333,0.0022344589233398438
327230,normal,1087,0,1782362458.0746074,0.0019741058349609375
327231,normal,3185,1,1782362458.0763996,0.0017921924591064453
327232,normal,843,2,1782362458.078624,0.002224445343017578
327233,normal,2232,0,1782362458.0806115,0.001987457275390625
327234,normal,2392,0,1782362458.0823982,0.0017867088317871094
327235,normal,3399,1,1782362458.0846255,0.002227306365966797
327236,normal,51,0,1782362458.0866125,0.001986980438232422
327237,normal,2744,0,1782362458.0883994,0.001786947250366211
327238,normal,3023,0,1782362458.0906239,0.002224445343017578
327239,normal,773,2,1782362458.0926123,0.0019884109497070312
327240,normal,3169,1,1782362458.0943964,0.0017840862274169922
327241,normal,276,0,1782362458.0966246,0.002228260040283203
327242,normal,3378,1,1782362458.0986092,0.0019845962524414062
327243,normal,2230,0,1782362458.1003969,0.0017876625061035156
327244,normal,3332,1,1782362458.1026275,0.0022306442260742188
327245,normal,1264,0,1782362458.1046183,0.001990795135498047
327246,normal,658,0,1782362458.1063986,0.0017802715301513672
327247,normal,2490,0,1782362458.1086235,0.0022249221801757812
327248,normal,3449,0,1782362458.110616,0.001992464065551758
327249,normal,2469,0,1782362458.1123965,0.0017805099487304688
327250,normal,1433,0,1782362458.1146278,0.0022313594818115234
327251,normal,3058,1,1782362458.116612,0.001984119415283203
327252,normal,3480,0,1782362458.1183968,0.0017848014831542969
327253,normal,2440,0,1782362458.1206264,0.0022296905517578125
327254,normal,3385,1,1782362458.1226099,0.0019834041595458984
327255,normal,503,0,1782362458.1243978,0.0017879009246826172
327256,normal,829,2,1782362458.126626,0.002228260040283203
327257,normal,2838,0,1782362458.128611,0.0019850730895996094
327258,normal,1268,0,1782362458.1303978,0.0017867088317871094
327259,normal,3232,1,1782362458.1326256,0.002227783203125
327260,normal,3526,0,1782362458.1346138,0.0019881725311279297
327261,normal,3553,0,1782362458.1363978,0.0017840862274169922
327262,normal,2456,0,1782362458.138629,0.002231121063232422
327263,normal,2111,0,1782362458.1406155,0.0019865036010742188
327264,normal,3544,0,1782362458.1424031,0.0017876625061035156
327265,normal,617,0,1782362458.1446245,0.002221345901489258
327266,normal,1768,0,1782362458.1466084,0.0019838809967041016
327267,normal,2515,0,1782362458.1483984,0.0017900466918945312
327268,normal,887,2,1782362458.1506226,0.0022242069244384766
327269,normal,693,0,1782362458.1526031,0.0019805431365966797
327270,normal,341,0,1782362458.1543908,0.0017876625061035156
327271,normal,2726,0,1782362458.1566172,0.0022263526916503906
327272,normal,580,0,1782362458.1586194,0.002002239227294922
327273,normal,1928,0,1782362458.1603975,0.0017781257629394531
327274,normal,668,0,1782362458.1626215,0.002223968505859375
327275,normal,3045,1,1782362458.1646085,0.001986980438232422
327276,normal,3282,1,1782362458.166397,0.0017886161804199219
327277,normal,974,2,1782362458.1686282,0.002231121063232422
327278,normal,458,0,1782362458.1706097,0.001981496810913086
327279,normal,2806,0,1782362458.1724014,0.0017917156219482422
327280,normal,1738,0,1782362458.174623,0.0022215843200683594
327281,normal,1944,0,1782362458.176609,0.0019860267639160156
327282,normal,434,0,1782362458.1783986,0.0017895698547363281
327283,normal,2889,0,1782362458.1806285,0.002229928970336914
327284,normal,3351,1,1782362458.1826112,0.0019826889038085938
327285,normal,196,0,1782362458.184392,0.0017807483673095703
327286,normal,569,0,1782362458.1866064,0.0022144317626953125
327287,normal,1468,0,1782362458.1886187,0.0020122528076171875
327288,normal,640,0,1782362458.190398,0.001779317855834961
327289,normal,1593,0,1782362458.1926286,0.0022306442260742188
327290,normal,1476,0,1782362458.1946099,0.0019812583923339844
327291,normal,696,0,1782362458.1963995,0.0017895698547363281
327292,normal,3017,0,1782362458.1986284,0.002228975296020508
327293,normal,1492,0,1782362458.200607,0.001978635787963867
327294,normal,1997,0,1782362458.2023928,0.0017857551574707031
327295,normal,1130,0,1782362458.2046084,0.0022156238555908203
327296,normal,950,2,1782362458.2066243,0.002015829086303711
327297,normal,214,0,1782362458.2083988,0.0017745494842529297
327298,normal,1282,0,1782362458.210627,0.002228260040283203
327299,normal,165,0,1782362458.2126393,0.0020122528076171875
327300,normal,1346,1,1782362458.214391,0.0017516613006591797
327301,normal,475,0,1782362458.2166028,0.0022118091583251953
327302,normal,2391,0,1782362458.2186124,0.0020096302032470703
327303,normal,187,0,1782362458.2204034,0.0017910003662109375
327304,normal,1575,0,1782362458.2226253,0.002221822738647461
327305,normal,2191,0,1782362458.224598,0.001972675323486328
327306,normal,2409,0,1782362458.2263887,0.001790761947631836
327307,normal,472,0,1782362458.228607,0.0022182464599609375
327308,normal,2647,0,1782362458.2306194,0.002012491226196289
327309,normal,2215,0,1782362458.2324,0.0017805099487304688
327310,normal,2264,0,1782362458.234634,0.0022339820861816406
327311,normal,3412,0,1782362458.2366052,0.0019712448120117188
327312,normal,2970,0,1782362458.2383928,0.0017876625061035156
327313,normal,2641,0,1782362458.2406213,0.0022284984588623047
327314,normal,3229,1,1782362458.2426138,0.001992464065551758
327315,normal,2108,0,1782362458.2444043,0.0017905235290527344
327316,normal,970,2,1782362458.2466261,0.002221822738647461
327317,normal,1372,1,1782362458.2485976,0.0019714832305908203
327318,normal,1512,0,1782362458.2503912,0.0017936229705810547
327319,normal,602,0,1782362458.2526016,0.002210378646850586
327320,normal,2468,0,1782362458.2546175,0.002015829086303711
327321,normal,3679,0,1782362458.2563994,0.0017819404602050781
327322,normal,748,0,1782362458.2586277,0.002228260040283203
327323,normal,2144,0,1782362458.2606032,0.001975536346435547
327324,normal,2412,0,1782362458.2623925,0.0017893314361572266
327325,normal,91,0,1782362458.2646089,0.002216339111328125
327326,normal,35,0,1782362458.266616,0.0020072460174560547
327327,normal,414,0,1782362458.2684007,0.0017845630645751953
327328,normal,113,0,1782362458.270625,0.002224445343017578
327329,normal,1277,0,1782362458.272598,0.0019729137420654297
327330,normal,1647,0,1782362458.2743905,0.0017924308776855469
327331,normal,2884,0,1782362458.2766047,0.002214193344116211
327332,normal,374,0,1782362458.2786155,0.002010822296142578
327333,normal,3674,0,1782362458.280398,0.0017824172973632812
327334,normal,1493,0,1782362458.2826252,0.002227306365966797
327335,normal,3127,1,1782362458.2846048,0.0019795894622802734
327336,normal,3243,1,1782362458.2863903,0.0017855167388916016
327337,normal,2464,0,1782362458.2886076,0.0022172927856445312
327338,normal,3180,1,1782362458.2906148,0.0020072460174560547
327339,normal,3475,0,1782362458.2923965,0.0017817020416259766
327340,normal,207,0,1782362458.2946289,0.0022323131561279297
327341,normal,1649,0,1782362458.2965965,0.0019676685333251953
327342,normal,1003,2,1782362458.2983956,0.0017991065979003906
327343,normal,2757,0,1782362458.3006039,0.002208232879638672
327344,normal,3258,1,1782362458.302612,0.002008199691772461
327345,normal,510,0,1782362458.3043985,0.0017864704132080078
327346,normal,2046,0,1782362458.3066278,0.0022292137145996094
327347,normal,206,0,1782362458.3085947,0.0019669532775878906
327348,normal,274,0,1782362458.3103898,0.001795053482055664
327349,normal,3651,0,1782362458.312606,0.002216339111328125
327350,normal,287,0,1782362458.314613,0.002007007598876953
327351,normal,2883,0,1782362458.3163967,0.001783609390258789
327352,normal,2280,0,1782362458.3186276,0.0022308826446533203
327353,normal,638,0,1782362458.3206089,0.0019812583923339844
327354,normal,2028,0,1782362458.3223987,0.0017898082733154297
327355,normal,2076,0,1782362458.3246253,0.002226591110229492
327356,normal,224,0,1782362458.3266017,0.001976490020751953
327357,normal,3376,1,1782362458.3283994,0.0017976760864257812
327358,normal,925,2,1782362458.3306205,0.0022211074829101562
327359,normal,3109,1,1782362458.3325963,0.0019757747650146484
327360,normal,98,0,1782362458.3343909,0.001794576644897461
327361,normal,1169,0,1782362458.336612,0.0022211074829101562
327362,normal,2549,0,1782362458.3386285,0.0020165443420410156
327363,normal,3477,0,1782362458.3403995,0.0017709732055664062
327364,normal,3466,0,1782362458.3426247,0.002225160598754883
327365,normal,3221,1,1782362458.3446145,0.0019898414611816406
327366,normal,1193,0,1782362458.3463955,0.0017809867858886719
327367,normal,294,0,1782362458.3486483,0.002252817153930664
327368,normal,1430,0,1782362458.3504553,0.0018069744110107422
327369,normal,2950,0,1782362458.3524418,0.0019865036010742188
327370,normal,692,0,1782362458.3545105,0.002068758010864258
327371,normal,1792,0,1782362458.356387,0.0018763542175292969
327372,normal,1115,0,1782362458.3583708,0.0019838809967041016
327373,normal,3044,0,1782362458.3604352,0.0020644664764404297
327374,normal,1602,0,1782362458.362346,0.0019106864929199219
327375,normal,3262,1,1782362458.364434,0.0020880699157714844
327376,normal,2112,0,1782362458.3666093,0.0021753311157226562
327377,normal,1605,0,1782362458.3686016,0.0019922256469726562
327378,normal,2419,0,1782362458.370456,0.0018544197082519531
327379,normal,2431,0,1782362458.3726058,0.002149820327758789
327380,normal,642,0,1782362458.37458,0.0019741058349609375
327381,normal,1660,0,1782362458.3764348,0.0018548965454101562
327382,normal,2944,0,1782362458.3785987,0.0021638870239257812
327383,normal,1284,0,1782362458.3805928,0.0019941329956054688
327384,normal,504,0,1782362458.382449,0.001856088638305664
327385,normal,3054,1,1782362458.3846073,0.0021584033966064453
327386,normal,3609,0,1782362458.3865755,0.0019681453704833984
327387,normal,799,2,1782362458.388412,0.001836538314819336
327388,normal,1881,0,1782362458.3905966,0.002184629440307617
327389,normal,1554,0,1782362458.3925939,0.001997232437133789
327390,normal,2021,0,1782362458.394435,0.0018410682678222656
327391,normal,200,0,1782362458.3966286,0.0021936893463134766
327392,normal,1338,1,1782362458.398577,0.0019483566284179688
327393,normal,230,0,1782362458.4004123,0.0018353462219238281
327394,normal,2199,0,1782362458.4026048,0.0021924972534179688
327395,normal,502,0,1782362458.404587,0.0019822120666503906
327396,normal,2570,0,1782362458.4064238,0.0018367767333984375
327397,normal,2009,0,1782362458.4086046,0.002180814743041992
327398,normal,1136,0,1782362458.410586,0.001981496810913086
327399,normal,2085,0,1782362458.4124138,0.0018277168273925781
327400,normal,1082,0,1782362458.4144456,0.0020318031311035156
327401,normal,2979,0,1782362458.41659,0.002144336700439453
327402,normal,493,0,1782362458.4184117,0.001821756362915039
327403,normal,1368,1,1782362458.4206214,0.0022096633911132812
327404,normal,1133,0,1782362458.422595,0.0019736289978027344
327405,normal,2416,0,1782362458.4244103,0.0018153190612792969
327406,normal,319,0,1782362458.4265976,0.0021872520446777344
327407,normal,3479,0,1782362458.4285982,0.002000570297241211
327408,normal,1721,0,1782362458.430411,0.0018129348754882812
327409,normal,3648,0,1782362458.4326022,0.0021910667419433594
327410,normal,1310,0,1782362458.43456,0.0019578933715820312
327411,normal,1826,0,1782362458.4364123,0.001852273941040039
327412,normal,1124,0,1782362458.4385982,0.002185821533203125
327413,normal,2722,0,1782362458.4405973,0.0019991397857666016
327414,normal,253,0,1782362458.4424226,0.0018253326416015625
327415,normal,2475,0,1782362458.4446027,0.0021800994873046875
327416,normal,117,0,1782362458.4466,0.001997232437133789
327417,normal,1449,0,1782362458.4484103,0.001810312271118164
327418,normal,2985,0,1782362458.4506023,0.0021920204162597656
327419,normal,991,2,1782362458.452588,0.001985788345336914
327420,normal,1946,0,1782362458.454394,0.001806020736694336
327421,normal,3321,1,1782362458.4566069,0.0022127628326416016
327422,normal,2624,0,1782362458.4585881,0.0019812583923339844
327423,normal,1248,0,1782362458.460411,0.0018229484558105469
327424,normal,2693,0,1782362458.4625936,0.002182483673095703
327425,normal,2808,0,1782362458.4645963,0.002002716064453125
327426,normal,1586,0,1782362458.4664102,0.0018138885498046875
327427,normal,1572,0,1782362458.4686081,0.0021979808807373047
327428,normal,3014,0,1782362458.4705887,0.0019805431365966797
327429,normal,1879,0,1782362458.4724133,0.0018246173858642578
327430,normal,1718,0,1782362458.4745965,0.002183198928833008
327431,normal,1292,0,1782362458.47659,0.001993417739868164
327432,normal,1900,0,1782362458.4784133,0.00182342529296875
327433,normal,2219,0,1782362458.4805999,0.0021865367889404297
327434,normal,1678,0,1782362458.4825902,0.0019903182983398438
327435,normal,945,2,1782362458.4844117,0.0018215179443359375
327436,normal,2331,0,1782362458.486583,0.0021712779998779297
327437,normal,1808,0,1782362458.4885888,0.0020058155059814453
327438,normal,1331,1,1782362458.4904106,0.001821756362915039
327439,normal,1714,0,1782362458.4926033,0.0021927356719970703
327440,normal,2026,0,1782362458.4945998,0.0019965171813964844
327441,normal,2064,0,1782362458.4964137,0.0018138885498046875
327442,normal,1058,0,1782362458.4986022,0.002188444137573242
327443,normal,234,0,1782362458.500593,0.001990795135498047
327444,normal,2833,0,1782362458.5024116,0.0018186569213867188
327445,normal,2998,0,1782362458.5045943,0.0021827220916748047
327446,normal,2196,0,1782362458.5065842,0.0019898414611816406
327447,normal,1480,0,1782362458.5084112,0.0018270015716552734
327448,normal,413,0,1782362458.5105941,0.0021829605102539062
327449,normal,153,0,1782362458.5125937,0.0019996166229248047
327450,normal,2799,0,1782362458.5144124,0.0018186569213867188
327451,normal,2679,0,1782362458.5165973,0.0021848678588867188
327452,normal,3380,1,1782362458.5185902,0.001992940902709961
327453,normal,1008,2,1782362458.520417,0.0018267631530761719
327454,normal,2149,0,1782362458.5225909,0.002173900604248047
327455,normal,2209,0,1782362458.5243785,0.0017876625061035156
327456,normal,2513,0,1782362458.5265813,0.002202749252319336
327457,normal,2818,0,1782362458.528444,0.0018627643585205078
327458,normal,2333,0,1782362458.5305934,0.002149343490600586
327459,normal,2031,0,1782362458.5324168,0.00182342529296875
327460,normal,1172,0,1782362458.5346,0.002183198928833008
327461,normal,1617,0,1782362458.5365717,0.001971721649169922
327462,normal,2555,0,1782362458.5383966,0.0018248558044433594
327463,normal,2491,0,1782362458.540598,0.0022013187408447266
327464,normal,1435,0,1782362458.5425863,0.0019884109497070312
327465,normal,2665,0,1782362458.5444112,0.0018248558044433594
327466,normal,3192,1,1782362458.5466166,0.002205371856689453
327467,normal,3511,0,1782362458.5485897,0.0019731521606445312
327468,normal,2617,0,1782362458.5504117,0.0018219947814941406
327469,normal,2056,0,1782362458.5525966,0.0021848678588867188
327470,normal,2955,0,1782362458.5545874,0.001990795135498047
327471,normal,2254,0,1782362458.556414,0.0018265247344970703
327472,normal,2786,0,1782362458.5585966,0.0021827220916748047
327473,normal,2506,0,1782362458.5605884,0.001991748809814453
327474,normal,2588,0,1782362458.5624132,0.0018248558044433594
327475,normal,3416,0,1782362458.5646021,0.0021889209747314453
327476,normal,27,0,1782362458.5665948,0.0019927024841308594
327477,normal,2552,0,1782362458.5684123,0.001817464828491211
327478,normal,1977,0,1782362458.570611,0.0021986961364746094
327479,normal,2752,0,1782362458.572592,0.001981019973754883
327480,normal,2450,0,1782362458.5744126,0.0018205642700195312
327481,normal,2066,0,1782362458.5765953,0.0021827220916748047
327482,normal,967,2,1782362458.5785873,0.0019919872283935547
327483,normal,1646,0,1782362458.5803962,0.0018088817596435547
327484,normal,2793,0,1782362458.5824382,0.002042055130004883
327485,normal,1709,0,1782362458.5845938,0.0021555423736572266
327486,normal,411,0,1782362458.58641,0.0018162727355957031
327487,normal,3042,0,1782362458.5885737,0.0021636486053466797
327488,normal,1842,0,1782362458.5905886,0.0020148754119873047
327489,normal,486,0,1782362458.5924063,0.0018177032470703125
327490,normal,3035,0,1782362458.5947633,0.002357006072998047
327491,normal,3514,0,1782362458.596422,0.0016586780548095703
327492,normal,535,0,1782362458.5983644,0.0019423961639404297
327493,normal,3144,1,1782362458.6004121,0.0020477771759033203
327494,normal,197,0,1782362458.6023364,0.001924276351928711
327495,normal,1966,0,1782362458.6043403,0.002003908157348633
327496,normal,2425,0,1782362458.606396,0.002055644989013672
327497,normal,3228,1,1782362458.6083424,0.0019464492797851562
327498,normal,766,0,1782362458.6103666,0.0020241737365722656
327499,normal,272,0,1782362458.6126525,0.0022859573364257812
327500,normal,3010,0,1782362458.614366,0.0017135143280029297
327501,normal,680,0,1782362458.616318,0.0019519329071044922
327502,normal,7,0,1782362458.6183841,0.0020661354064941406
327503,normal,2311,0,1782362458.6204317,0.0020475387573242188
327504,normal,930,2,1782362458.6224213,0.001989603042602539
327505,normal,533,0,1782362458.624585,0.0021636486053466797
327506,normal,2528,0,1782362458.6267936,0.002208709716796875
327507,normal,305,0,1782362458.6284182,0.0016245841979980469
327508,normal,3695,0,1782362458.6305938,0.002175569534301758
327509,normal,3587,0,1782362458.632603,0.002009153366088867
327510,normal,1793,0,1782362458.6344132,0.001810312271118164
327511,normal,1952,0,1782362458.63661,0.002196788787841797
327512,normal,2885,0,1782362458.6385906,0.0019805431365966797
327513,normal,1803,0,1782362458.6404002,0.0018095970153808594
327514,normal,2941,0,1782362458.642598,0.002197742462158203
327515,normal,3561,0,1782362458.6446164,0.002018451690673828
327516,normal,999,2,1782362458.646414,0.0017976760864257812
327517,normal,1442,0,1782362458.6486096,0.002195596694946289
327518,normal,868,2,1782362458.6506238,0.00201416015625
327519,normal,1140,0,1782362458.6524305,0.0018067359924316406
327520,normal,2732,0,1782362458.6546032,0.002172708511352539
327521,normal,859,2,1782362458.6566055,0.002002239227294922
327522,normal,3541,0,1782362458.6584156,0.0018100738525390625
327523,normal,324,0,1782362458.6606474,0.0022318363189697266
327524,normal,1735,0,1782362458.662618,0.001970529556274414
327525,normal,1312,0,1782362458.6644135,0.0017955303192138672
327526,normal,74,0,1782362458.6665957,0.0021822452545166016
327527,normal,1690,0,1782362458.6686022,0.00200653076171875
327528,normal,463,0,1782362458.670414,0.0018117427825927734
327529,normal,3417,0,1782362458.6725965,0.002182483673095703
327530,normal,112,0,1782362458.6746106,0.00201416015625
327531,normal,681,0,1782362458.6764128,0.001802206039428711
327532,normal,1622,0,1782362458.6785972,0.0021843910217285156
327533,normal,1259,0,1782362458.6806037,0.00200653076171875
327534,normal,3619,0,1782362458.6824143,0.0018105506896972656
327535,normal,2720,0,1782362458.6845963,0.0021820068359375
327536,normal,1717,0,1782362458.6866045,0.002008199691772461
327537,normal,202,0,1782362458.6884167,0.0018122196197509766
327538,normal,3501,0,1782362458.6905909,0.0021741390228271484
327539,normal,1724,0,1782362458.69262,0.0020291805267333984
327540,normal,2238,0,1782362458.6944153,0.0017952919006347656
327541,normal,2351,0,1782362458.6965978,0.002182483673095703
327542,normal,1389,0,1782362458.6986027,0.002004861831665039
327543,normal,1347,1,1782362458.7004142,0.0018115043640136719
327544,normal,3312,1,1782362458.702593,0.0021789073944091797
327545,normal,701,0,1782362458.704611,0.002017974853515625
327546,normal,644,0,1782362458.7064154,0.001804351806640625
327547,normal,1287,0,1782362458.708592,0.002176523208618164
327548,normal,1188,0,1782362458.7106032,0.0020112991333007812
327549,normal,3405,0,1782362458.7124155,0.0018122196197509766
327550,normal,350,0,1782362458.7145963,0.002180814743041992
327551,normal,952,2,1782362458.7166023,0.002006053924560547
327552,normal,1376,1,1782362458.7184145,0.0018122196197509766
327553,normal,3627,0,1782362458.720597,0.002182483673095703
327554,normal,2322,0,1782362458.7226086,0.002011537551879883
327555,normal,2531,0,1782362458.724414,0.0018055438995361328
327556,normal,3639,0,1782362458.7265983,0.002184152603149414
327557,normal,1662,0,1782362458.728828,0.0022296905517578125
327558,normal,2690,0,1782362458.7304518,0.0016238689422607422
327559,normal,85,0,1782362458.7328873,0.002435445785522461
327560,normal,3574,0,1782362458.7345226,0.0016353130340576172
327561,normal,532,0,1782362458.7368104,0.0022878646850585938
327562,normal,1988,0,1782362458.7385852,0.0017747879028320312
327563,normal,913,2,1782362458.7407107,0.0021255016326904297
327564,normal,301,0,1782362458.7424462,0.0017354488372802734
327565,normal,2936,0,1782362458.744861,0.002414703369140625
327566,normal,796,2,1782362458.746603,0.0017421245574951172
327567,normal,2269,0,1782362458.7484746,0.0018715858459472656
327568,normal,2321,0,1782362458.7505531,0.002078533172607422
327569,normal,1099,0,1782362458.7526357,0.0020825862884521484
327570,normal,844,2,1782362458.7545938,0.001958131790161133
327571,normal,2521,0,1782362458.7567248,0.0021309852600097656
327572,normal,2533,0,1782362458.7585042,0.001779317855834961
327573,normal,2345,0,1782362458.7605228,0.0020186901092529297
327574,normal,3136,1,1782362458.7623105,0.0017876625061035156
327575,normal,2499,0,1782362458.7643714,0.0020608901977539062
327576,normal,778,2,1782362458.766375,0.0020036697387695312
327577,normal,244,0,1782362458.7683587,0.001983642578125
327578,normal,2261,0,1782362458.770365,0.0020062923431396484
327579,normal,1129,0,1782362458.772596,0.0022308826446533203
327580,normal,543,0,1782362458.774692,0.0020961761474609375
327581,normal,2296,0,1782362458.7764702,0.0017781257629394531
327582,normal,1448,0,1782362458.7785792,0.002109050750732422
327583,normal,2766,0,1782362458.7804863,0.0019071102142333984
327584,normal,3103,1,1782362458.7825897,0.0021033287048339844
327585,normal,2135,0,1782362458.7844892,0.0018994808197021484
327586,normal,992,2,1782362458.7866023,0.0021131038665771484
327587,normal,291,0,1782362458.7887232,0.0021209716796875
327588,normal,560,0,1782362458.7904851,0.0017619132995605469
327589,normal,397,0,1782362458.7924972,0.002012014389038086
327590,normal,2073,0,1782362458.7945945,0.0020973682403564453
327591,normal,779,2,1782362458.7964911,0.0018966197967529297
327592,normal,2133,0,1782362458.7984662,0.0019750595092773438
327593,normal,72,0,1782362458.8005762,0.002110004425048828
327594,normal,1902,0,1782362458.802455,0.0018787384033203125
327595,normal,3575,0,1782362458.804463,0.0020079612731933594
327596,normal,2729,0,1782362458.8065681,0.002105236053466797
327597,normal,2316,0,1782362458.808449,0.0018808841705322266
327598,normal,1007,2,1782362458.8105607,0.002111673355102539
327599,normal,513,0,1782362458.8128023,0.0022416114807128906
327600,normal,814,2,1782362458.8145196,0.0017173290252685547
327601,normal,2831,0,1782362458.8165207,0.002001047134399414
327602,normal,2485,0,1782362458.8185685,0.0020477771759033203
327603,normal,1491,0,1782362458.820522,0.001953601837158203
327604,normal,1164,0,1782362458.8225603,0.002038240432739258
327605,normal,2175,0,1782362458.8247354,0.0021750926971435547
327606,normal,1853,0,1782362458.826424,0.0016884803771972656
327607,normal,3580,0,1782362458.8285317,0.002107858657836914
327608,normal,1441,0,1782362458.8305016,0.0019698143005371094
327609,normal,2369,0,1782362458.8323662,0.0018646717071533203
327610,normal,470,0,1782362458.8344617,0.002095460891723633
327611,normal,3251,1,1782362458.836584,0.0021224021911621094
327612,normal,1867,0,1782362458.8383405,0.001756429672241211
327613,normal,564,0,1782362458.8405337,0.0021932125091552734
327614,normal,899,2,1782362458.8425047,0.001971006393432617
327615,normal,2492,0,1782362458.844459,0.001954317092895508
327616,normal,2666,0,1782362458.8463914,0.001932382583618164
327617,normal,368,0,1782362458.8485084,0.0021169185638427734
327618,normal,589,0,1782362458.8504577,0.001949310302734375
327619,normal,462,0,1782362458.8524551,0.0019974708557128906
327620,normal,1993,0,1782362458.8544514,0.001996278762817383
327621,normal,466,0,1782362458.856448,0.0019965171813964844
327622,normal,2907,0,1782362458.8584747,0.002026796340942383
327623,normal,2302,0,1782362458.8605084,0.002033710479736328
327624,normal,706,0,1782362458.862516,0.0020074844360351562
327625,normal,1938,0,1782362458.864488,0.0019719600677490234
327626,normal,2183,0,1782362458.866489,0.002001047134399414
327627,normal,3508,0,1782362458.868489,0.002000093460083008
327628,normal,3043,0,1782362458.8705308,0.0020418167114257812
327629,normal,1045,0,1782362458.8725705,0.002039670944213867
327630,normal,3097,1,1782362458.8744602,0.0018897056579589844
327631,normal,3706,0,1782362458.8765578,0.002097606658935547
327632,normal,300,0,1782362458.8787198,0.0021619796752929688
327633,normal,359,0,1782362458.8805509,0.0018310546875
327634,normal,1905,0,1782362458.8827057,0.002154827117919922
327635,normal,3450,0,1782362458.8845837,0.0018780231475830078
327636,normal,2542,0,1782362458.886532,0.0019483566284179688
327637,normal,928,2,1782362458.8885725,0.002040386199951172
327638,normal,2104,0,1782362458.8907204,0.0021479129791259766
327639,normal,1216,0,1782362458.8925788,0.0018584728240966797
327640,normal,394,0,1782362458.8944483,0.0018694400787353516
327641,normal,2404,0,1782362458.8965602,0.0021119117736816406
327642,normal,1305,0,1782362458.8984442,0.0018839836120605469
327643,normal,2972,0,1782362458.9007716,0.002327442169189453
327644,normal,3021,0,1782362458.9024634,0.0016918182373046875
327645,normal,2609,0,1782362458.904556,0.002092599868774414
327646,normal,25,0,1782362458.9064562,0.0019001960754394531
327647,normal,3063,1,1782362458.9085565,0.002100229263305664
327648,normal,1609,0,1782362458.9107711,0.002214670181274414
327649,normal,3481,0,1782362458.9126413,0.0018701553344726562
327650,normal,88,0,1782362458.9146457,0.002004384994506836
327651,normal,1113,0,1782362458.9164572,0.0018115043640136719
327652,normal,3175,1,1782362458.9185596,0.002102375030517578
327653,normal,3007,0,1782362458.9205675,0.0020079612731933594
327654,normal,2387,0,1782362458.9225638,0.001996278762817383
327655,normal,1930,0,1782362458.924572,0.002008199691772461
327656,normal,1989,0,1782362458.9267187,0.0021467208862304688
327657,normal,2828,0,1782362458.9284484,0.001729726791381836
327658,normal,1528,0,1782362458.9305613,0.002112865447998047
327659,normal,3509,0,1782362458.9325812,0.0020198822021484375
327660,normal,630,0,1782362458.9344602,0.001878976821899414
327661,normal,2896,0,1782362458.9365945,0.0021343231201171875
327662,normal,3130,1,1782362458.938583,0.0019884109497070312
327663,normal,1050,0,1782362458.9405127,0.0019297599792480469
327664,normal,3432,0,1782362458.9431558,0.002643108367919922
327665,normal,1667,0,1782362458.944721,0.0015652179718017578
327666,normal,134,0,1782362458.9463704,0.0016493797302246094
327667,normal,377,0,1782362458.9485888,0.002218484878540039
327668,normal,3346,1,1782362458.9506474,0.0020585060119628906
327669,normal,1644,0,1782362458.9525383,0.0018908977508544922
327670,normal,1504,0,1782362458.954599,0.0020606517791748047
327671,normal,1103,0,1782362458.9567595,0.0021605491638183594
327672,normal,3384,1,1782362458.9583855,0.0016260147094726562
327673,normal,2301,0,1782362458.9609077,0.0025222301483154297
327674,normal,1309,0,1782362458.962647,0.0017392635345458984
327675,normal,3067,1,1782362458.964381,0.001734018325805664
327676,normal,2532,0,1782362458.9666166,0.0022356510162353516
327677,normal,3132,1,1782362458.9685571,0.0019404888153076172
327678,normal,403,0,1782362458.9703777,0.0018205642700195312
327679,normal,665,0,1782362458.9725723,0.002194643020629883
327680,normal,2678,0,1782362458.9745665,0.0019941329956054688
327681,normal,2354,0,1782362458.976462,0.0018954277038574219
327682,normal,3427,0,1782362458.97857,0.0021080970764160156
327683,normal,3183,1,1782362458.9806108,0.002040863037109375
327684,normal,3300,1,1782362458.9825273,0.0019164085388183594
327685,normal,3595,0,1782362458.9846175,0.0020902156829833984
327686,normal,3104,1,1782362458.9865837,0.001966238021850586
327687,normal,461,0,1782362458.988519,0.0019352436065673828
327688,normal,3308,1,1782362458.9905362,0.0020172595977783203
327689,normal,2741,0,1782362458.9926527,0.0021164417266845703
327690,normal,1237,0,1782362458.9943755,0.0017228126525878906
327691,normal,2939,0,1782362458.996578,0.0022025108337402344
327692,normal,480,0,1782362458.998583,0.0020051002502441406
327693,normal,1745,0,1782362459.0004764,0.0018932819366455078
327694,normal,141,0,1782362459.0025752,0.0020987987518310547
327695,normal,24,0,1782362459.0045717,0.0019965171813964844
327696,normal,2566,0,1782362459.0065024,0.0019307136535644531
327697,normal,2958,0,1782362459.0086577,0.002155303955078125
327698,normal,1206,0,1782362459.0104744,0.0018167495727539062
327699,normal,2660,0,1782362459.0125706,0.0020961761474609375
327700,normal,2716,0,1782362459.0143754,0.0018048286437988281
327701,normal,1844,0,1782362459.0165591,0.002183675765991211
327702,normal,3016,0,1782362459.0184555,0.0018963813781738281
327703,normal,2680,0,1782362459.0205982,0.002142667770385742
327704,normal,3391,1,1782362459.0226283,0.0020301342010498047
327705,normal,1541,0,1782362459.0245326,0.0019042491912841797
327706,normal,1922,0,1782362459.0266368,0.0021042823791503906
327707,normal,1225,0,1782362459.0286126,0.0019757747650146484
327708,normal,3217,1,1782362459.030474,0.0018613338470458984
327709,normal,1272,0,1782362459.032618,0.0021440982818603516
327710,normal,2580,0,1782362459.034573,0.0019550323486328125
327711,normal,3244,1,1782362459.0364552,0.0018820762634277344
327712,normal,2251,0,1782362459.0385537,0.002098560333251953
327713,normal,3177,1,1782362459.0407429,0.002189159393310547
327714,normal,2399,0,1782362459.0424366,0.0016937255859375
327715,normal,587,0,1782362459.0446553,0.0022187232971191406
327716,normal,430,0,1782362459.046571,0.0019156932830810547
327717,normal,3247,1,1782362459.0486195,0.002048492431640625
327718,normal,3694,0,1782362459.0505404,0.001920938491821289
327719,normal,1653,0,1782362459.052711,0.002170562744140625
327720,normal,1816,0,1782362459.0546355,0.0019245147705078125
327721,normal,1340,1,1782362459.0563798,0.0017442703247070312
327722,normal,1947,0,1782362459.0585585,0.002178668975830078
327723,normal,1560,0,1782362459.0604503,0.0018918514251708984
327724,normal,2568,0,1782362459.062582,0.0021317005157470703
327725,normal,1584,0,1782362459.0646193,0.0020372867584228516
327726,normal,1692,0,1782362459.066444,0.0018246173858642578
327727,normal,2849,0,1782362459.068553,0.002109050750732422
327728,normal,1810,0,1782362459.0705512,0.0019981861114501953
327729,normal,1327,1,1782362459.072704,0.0021529197692871094
327730,normal,1516,0,1782362459.074739,0.002034902572631836
327731,normal,1518,0,1782362459.0765553,0.0018162727355957031
327732,normal,1028,2,1782362459.0784945,0.0019392967224121094
327733,normal,2749,0,1782362459.080552,0.0020575523376464844
327734,normal,2780,0,1782362459.082578,0.0020258426666259766
327735,normal,1606,0,1782362459.0845053,0.0019273757934570312
327736,normal,1307,0,1782362459.0867596,0.0022542476654052734
327737,normal,404,0,1782362459.0884547,0.0016951560974121094
327738,normal,1377,1,1782362459.090507,0.00205230712890625
327739,normal,3341,1,1782362459.0925732,0.0020661354064941406
327740,normal,577,0,1782362459.0945745,0.0020012855529785156
327741,normal,2851,0,1782362459.0965033,0.0019288063049316406
327742,normal,2615,0,1782362459.0988224,0.0023190975189208984
327743,normal,1755,0,1782362459.1005313,0.001708984375
327744,normal,906,2,1782362459.102635,0.002103567123413086
327745,normal,1857,0,1782362459.1045356,0.0019006729125976562
327746,normal,3364,1,1782362459.1066918,0.0021562576293945312
327747,normal,2999,0,1782362459.108458,0.001766204833984375
327748,normal,3565,0,1782362459.110816,0.002357959747314453
327749,normal,1822,0,1782362459.112598,0.0017819404602050781
327750,normal,2879,0,1782362459.1144958,0.0018978118896484375
327751,normal,2888,0,1782362459.1167405,0.002244710922241211
327752,normal,862,2,1782362459.1188078,0.0020673274993896484
327753,normal,385,0,1782362459.1204095,0.0016016960144042969
327754,normal,1682,0,1782362459.1225643,0.002154827117919922
327755,normal,3549,0,1782362459.1245606,0.001996278762817383
327756,normal,1144,0,1782362459.1264663,0.001905679702758789
327757,normal,2332,0,1782362459.1285708,0.002104520797729492
327758,normal,2270,0,1782362459.1305737,0.0020029544830322266
327759,normal,1620,0,1782362459.1324756,0.001901865005493164
327760,normal,1722,0,1782362459.1346052,0.0021295547485351562
327761,normal,2612,0,1782362459.1366396,0.002034425735473633
327762,normal,2325,0,1782362459.138546,0.0019063949584960938
327763,normal,2306,0,1782362459.140651,0.0021049976348876953
327764,normal,3279,1,1782362459.1425843,0.0019333362579345703
327765,normal,1097,0,1782362459.1445048,0.001920461654663086
327766,normal,339,0,1782362459.1466336,0.0021288394927978516
327767,normal,1177,0,1782362459.1486394,0.0020058155059814453
327768,normal,522,0,1782362459.150513,0.0018734931945800781
327769,normal,3167,1,1782362459.1525273,0.0020143985748291016
327770,normal,612,0,1782362459.1546097,0.002082347869873047
327771,normal,1875,0,1782362459.1564195,0.001809835433959961
327772,normal,655,0,1782362459.1585875,0.002167940139770508
327773,normal,183,0,1782362459.160613,0.002025604248046875
327774,normal,2125,0,1782362459.1624959,0.001882791519165039
327775,normal,855,2,1782362459.1647198,0.002223968505859375
327776,normal,3163,1,1782362459.1665108,0.0017910003662109375
327777,normal,2486,0,1782362459.168573,0.002062082290649414
327778,normal,358,0,1782362459.170463,0.0018901824951171875
327779,normal,2712,0,1782362459.1725938,0.002130746841430664
327780,normal,2166,0,1782362459.1744668,0.001873016357421875
327781,normal,2041,0,1782362459.1765993,0.002132415771484375
327782,normal,1091,0,1782362459.1786375,0.002038240432739258
327783,normal,2584,0,1782362459.180545,0.0019075870513916016
327784,normal,3675,0,1782362459.1826894,0.002144336700439453
327785,normal,3153,1,1782362459.1845055,0.0018160343170166016
327786,normal,1882,0,1782362459.186601,0.002095460891723633
327787,normal,2705,0,1782362459.1884983,0.0018973350524902344
327788,normal,3463,0,1782362459.1906295,0.002131223678588867
327789,normal,705,0,1782362459.1924639,0.0018343925476074219
327790,normal,2100,0,1782362459.1945848,0.0021209716796875
327791,normal,2480,0,1782362459.1965976,0.0020127296447753906
327792,normal,2218,0,1782362459.1986253,0.002027750015258789
327793,normal,36,0,1782362459.2004864,0.0018610954284667969
327794,normal,3152,1,1782362459.2027373,0.0022509098052978516
327795,normal,392,0,1782362459.2044885,0.0017511844635009766
327796,normal,2421,0,1782362459.2067347,0.0022461414337158203
327797,normal,3421,0,1782362459.2085242,0.0017895698547363281
327798,normal,1771,0,1782362459.2107408,0.0022165775299072266
327799,normal,3171,1,1782362459.2125003,0.0017595291137695312
327800,normal,1856,0,1782362459.2145703,0.0020699501037597656
327801,normal,1796,0,1782362459.2164521,0.0018818378448486328
327802,normal,1807,0,1782362459.218559,0.002106904983520508
327803,normal,2987,0,1782362459.2206602,0.0021011829376220703
327804,normal,1185,0,1782362459.2224498,0.0017895698547363281
327805,normal,3238,1,1782362459.224574,0.002124309539794922
327806,normal,316,0,1782362459.226562,0.001987934112548828
327807,normal,916,2,1782362459.228448,0.0018858909606933594
327808,normal,2671,0,1782362459.231223,0.0027751922607421875
327809,normal,1416,0,1782362459.23262,0.0013968944549560547
327810,normal,322,0,1782362459.2344027,0.0017826557159423828
327811,normal,2140,0,1782362459.236586,0.0021834373474121094
327812,normal,968,2,1782362459.2385135,0.0019273757934570312
327813,normal,3166,1,1782362459.2404726,0.001959085464477539
327814,normal,1748,0,1782362459.2425957,0.002123117446899414
327815,normal,1043,0,1782362459.2445848,0.001989126205444336
327816,normal,1092,0,1782362459.24646,0.001875162124633789
327817,normal,1824,0,1782362459.248575,0.002115011215209961
327818,normal,739,0,1782362459.2505825,0.0020074844360351562
327819,normal,3664,0,1782362459.2524872,0.0019047260284423828
327820,normal,3000,0,1782362459.2545881,0.0021009445190429688
327821,normal,139,0,1782362459.2567163,0.002128124237060547
327822,normal,2908,0,1782362459.2584195,0.0017032623291015625
327823,normal,3285,1,1782362459.2606146,0.002195119857788086
327824,normal,3356,1,1782362459.2626445,0.002029895782470703
327825,normal,579,0,1782362459.2645001,0.001855611801147461
327826,normal,609,0,1782362459.2665215,0.002021312713623047
327827,normal,150,0,1782362459.2687728,0.0022513866424560547
327828,normal,3330,1,1782362459.270542,0.0017690658569335938
327829,normal,2847,0,1782362459.2725854,0.002043485641479492
327830,normal,3705,0,1782362459.2747166,0.002131223678588867
327831,normal,252,0,1782362459.276721,0.002004384994506836
327832,normal,43,0,1782362459.2784038,0.0016827583312988281
327833,normal,3225,1,1782362459.2806487,0.0022449493408203125
327834,normal,652,0,1782362459.2825022,0.0018534660339355469
327835,normal,2397,0,1782362459.284488,0.001985788345336914
327836,normal,2607,0,1782362459.2865567,0.002068758010864258
327837,normal,2160,0,1782362459.2883775,0.0018208026885986328
327838,normal,1459,0,1782362459.2904937,0.0021162033081054688
327839,normal,3008,0,1782362459.2925029,0.002009153366088867
327840,normal,3124,1,1782362459.2943814,0.001878499984741211
327841,normal,1681,0,1782362459.296464,0.0020825862884521484
327842,normal,3435,0,1782362459.298449,0.0019850730895996094
327843,normal,3083,1,1782362459.3003597,0.0019106864929199219
327844,normal,777,2,1782362459.3024125,0.002052783966064453
327845,normal,1782,0,1782362459.304445,0.0020325183868408203
327846,normal,3114,1,1782362459.3063805,0.0019354820251464844
327847,normal,2841,0,1782362459.3084111,0.002030611038208008
327848,normal,710,0,1782362459.3104138,0.002002716064453125
327849,normal,833,2,1782362459.3123438,0.0019299983978271484
327850,normal,3039,0,1782362459.31456,0.0022161006927490234
327851,normal,745,0,1782362459.316534,0.0019741058349609375
327852,normal,3338,1,1782362459.318362,0.0018279552459716797
327853,normal,1878,0,1782362459.3206177,0.002255678176879883
327854,normal,2060,0,1782362459.3227158,0.00209808349609375
327855,normal,3297,1,1782362459.324465,0.001749277114868164
327856,normal,1827,0,1782362459.3265631,0.00209808349609375
327857,normal,226,0,1782362459.3285713,0.002008199691772461
327858,normal,1858,0,1782362459.3304682,0.0018968582153320312
327859,normal,1199,0,1782362459.332572,0.0021038055419921875
327860,normal,1750,0,1782362459.334608,0.0020360946655273438
327861,normal,2986,0,1782362459.3365176,0.001909494400024414
327862,normal,1471,0,1782362459.338688,0.0021703243255615234
327863,normal,1906,0,1782362459.3405657,0.0018777847290039062
327864,normal,3250,1,1782362459.3426044,0.002038717269897461
327865,normal,3653,0,1782362459.3444953,0.0018908977508544922
327866,normal,1502,0,1782362459.3466423,0.0021469593048095703
327867,normal,3253,1,1782362459.3485894,0.001947164535522461
327868,normal,446,0,1782362459.3503847,0.0017952919006347656
327869,normal,1669,0,1782362459.3525429,0.0021581649780273438
327870,normal,2344,0,1782362459.3544073,0.0018644332885742188
327871,normal,1108,0,1782362459.3565755,0.0021681785583496094
327872,normal,558,0,1782362459.3585994,0.002023935317993164
327873,normal,953,2,1782362459.3605237,0.001924276351928711
327874,normal,922,2,1782362459.362502,0.0019783973693847656
327875,normal,1715,0,1782362459.3647084,0.0022063255310058594
327876,normal,32,0,1782362459.3666477,0.0019392967224121094
327877,normal,236,0,1782362459.3685675,0.0019197463989257812
327878,normal,824,2,1782362459.370531,0.0019636154174804688
327879,normal,2377,0,1782362459.3723607,0.0018296241760253906
327880,normal,2051,0,1782362459.3745003,0.002139568328857422
327881,normal,1220,0,1782362459.3765402,0.0020399093627929688
327882,normal,1917,0,1782362459.3784766,0.0019364356994628906
327883,normal,973,2,1782362459.3803566,0.0018799304962158203
327884,normal,1339,1,1782362459.382446,0.0020895004272460938
327885,normal,1672,0,1782362459.3844721,0.002026081085205078
327886,normal,467,0,1782362459.3864093,0.0019371509552001953
327887,normal,89,0,1782362459.3885298,0.002120494842529297
327888,normal,2382,0,1782362459.390511,0.0019812583923339844
327889,normal,2299,0,1782362459.3924503,0.0019392967224121094
327890,normal,2876,0,1782362459.3945777,0.002127408981323242
327891,normal,1269,0,1782362459.3963764,0.0017986297607421875
327892,normal,1218,0,1782362459.3984644,0.0020880699157714844
327893,normal,793,2,1782362459.4005487,0.0020842552185058594
327894,normal,651,0,1782362459.4023905,0.0018417835235595703
327895,normal,3024,0,1782362459.404697,0.0023064613342285156
327896,normal,2465,0,1782362459.4063706,0.0016736984252929688
327897,normal,2788,0,1782362459.4084532,0.0020825862884521484
327898,normal,1299,0,1782362459.4103715,0.0019183158874511719
327899,normal,2802,0,1782362459.4124646,0.002093076705932617
327900,normal,3418,0,1782362459.4143863,0.0019216537475585938
327901,normal,1869,0,1782362459.4163558,0.001969575881958008
327902,normal,2743,0,1782362459.4185007,0.0021448135375976562
327903,normal,318,0,1782362459.4203887,0.0018880367279052734
327904,normal,1023,2,1782362459.4224687,0.0020799636840820312
327905,normal,2740,0,1782362459.4245305,0.0020618438720703125
327906,normal,2795,0,1782362459.426526,0.001995563507080078
327907,normal,678,0,1782362459.428452,0.0019259452819824219
327908,normal,2701,0,1782362459.4305542,0.0021021366119384766
327909,normal,636,0,1782362459.4324722,0.0019180774688720703
327910,normal,18,0,1782362459.4343848,0.0019125938415527344
327911,normal,241,0,1782362459.4365833,0.002198457717895508
327912,normal,2000,0,1782362459.4384992,0.0019159317016601562
327913,normal,2146,0,1782362459.4404337,0.0019345283508300781
327914,normal,1370,1,1782362459.4425788,0.002145051956176758
327915,normal,1102,0,1782362459.4444366,0.001857757568359375
327916,normal,2284,0,1782362459.446585,0.0021483898162841797
327917,normal,3452,0,1782362459.44852,0.0019350051879882812
327918,normal,3662,0,1782362459.450374,0.00185394287109375
327919,normal,3538,0,1782362459.452625,0.002251148223876953
327920,normal,3240,1,1782362459.454585,0.0019600391387939453
327921,normal,1932,0,1782362459.4566207,0.0020356178283691406
327922,normal,242,0,1782362459.4584267,0.001806020736694336
327923,normal,3352,1,1782362459.4605381,0.0021114349365234375
327924,normal,1467,0,1782362459.4624386,0.0019004344940185547
327925,normal,1079,0,1782362459.4645548,0.0021162033081054688
327926,normal,1000,2,1782362459.466852,0.0022971630096435547
327927,normal,3585,0,1782362459.4683459,0.0014939308166503906
327928,normal,3631,0,1782362459.4705086,0.0021626949310302734
327929,normal,599,0,1782362459.4724958,0.0019872188568115234
327930,normal,740,0,1782362459.474377,0.0018811225891113281
327931,normal,3327,1,1782362459.476533,0.0021560192108154297
327932,normal,1819,0,1782362459.4784753,0.0019423961639404297
327933,normal,3309,1,1782362459.480379,0.0019037723541259766
327934,normal,381,0,1782362459.4825218,0.002142667770385742
327935,normal,1330,1,1782362459.484513,0.00199127197265625
327936,normal,3273,1,1782362459.4863622,0.0018491744995117188
327937,normal,730,0,1782362459.4884765,0.0021142959594726562
327938,normal,357,0,1782362459.490511,0.002034425735473633
327939,normal,597,0,1782362459.4923754,0.0018644332885742188
327940,normal,3307,1,1782362459.494476,0.002100706100463867
327941,normal,449,0,1782362459.4965,0.002023935317993164
327942,normal,331,0,1782362459.4984066,0.0019066333770751953
327943,normal,3049,1,1782362459.500743,0.002336263656616211
327944,normal,2658,0,1782362459.5024378,0.0016949176788330078
327945,normal,1385,0,1782362459.5045137,0.0020759105682373047
327946,normal,1838,0,1782362459.5064328,0.0019190311431884766
327947,normal,3512,0,1782362459.5085092,0.002076387405395508
327948,normal,842,2,1782362459.510367,0.001857757568359375
327949,normal,2903,0,1782362459.5124907,0.0021238327026367188
327950,normal,885,2,1782362459.514503,0.0020122528076171875
327951,normal,1198,0,1782362459.516456,0.0019528865814208984
327952,normal,3018,0,1782362459.518428,0.001972198486328125
327953,normal,1503,0,1782362459.5205433,0.0021152496337890625
327954,normal,603,0,1782362459.5224953,0.0019519329071044922
327955,normal,1557,0,1782362459.5244713,0.00197601318359375
327956,normal,3484,0,1782362459.5266192,0.0021479129791259766
327957,normal,963,2,1782362459.528417,0.0017979145050048828
327958,normal,997,2,1782362459.5306165,0.002199411392211914
327959,normal,314,0,1782362459.5325706,0.0019540786743164062
327960,normal,3468,0,1782362459.5343637,0.0017931461334228516
327961,normal,634,0,1782362459.5364683,0.002104520797729492
327962,normal,1450,0,1782362459.5384967,0.0020284652709960938
327963,normal,1665,0,1782362459.5403733,0.0018765926361083984
327964,normal,1190,0,1782362459.542596,0.002222776412963867
327965,normal,2281,0,1782362459.544427,0.0018308162689208984
327966,normal,2661,0,1782362459.546365,0.0019381046295166016
327967,normal,3126,1,1782362459.548468,0.002103090286254883
327968,normal,2433,0,1782362459.5504622,0.0019941329956054688
327969,normal,1226,0,1782362459.5528116,0.002349376678466797
327970,normal,2590,0,1782362459.5544238,0.0016121864318847656
327971,normal,3684,0,1782362459.556732,0.0023081302642822266
327972,normal,3140,1,1782362459.558367,0.0016350746154785156
327973,normal,2854,0,1782362459.5604744,0.002107381820678711
327974,normal,1181,0,1782362459.5624669,0.001992464065551758
327975,normal,3524,0,1782362459.5643792,0.0019123554229736328
327976,normal,362,0,1782362459.5667126,0.002333402633666992
327977,normal,1235,0,1782362459.5683978,0.0016851425170898438
327978,normal,864,2,1782362459.5705194,0.0021216869354248047
327979,normal,2272,0,1782362459.5723782,0.0018587112426757812
327980,normal,1700,0,1782362459.574549,0.0021708011627197266
327981,normal,1933,0,1782362459.5765004,0.001951456069946289
327982,normal,2081,0,1782362459.5783765,0.0018761157989501953
327983,normal,3206,1,1782362459.5807352,0.002358675003051758
327984,normal,1967,0,1782362459.582493,0.0017578601837158203
327985,normal,2546,0,1782362459.5853577,0.0028645992279052734
327986,normal,1685,0,1782362459.5865567,0.0011990070343017578
327987,normal,2683,0,1782362459.588514,0.001957416534423828
327988,normal,2707,0,1782362459.5904174,0.0019032955169677734
327989,normal,437,0,1782362459.5925794,0.0021619796752929688
327990,normal,848,2,1782362459.5946012,0.00202178955078125
327991,normal,1591,0,1782362459.596455,0.00185394287109375
327992,normal,3505,0,1782362459.5986433,0.0021882057189941406
327993,normal,1210,0,1782362459.6004944,0.0018510818481445312
327994,normal,721,0,1782362459.602496,0.002001523971557617
327995,normal,2405,0,1782362459.6044528,0.001956939697265625
327996,normal,3654,0,1782362459.6064925,0.002039670944213867
327997,normal,1499,0,1782362459.6084628,0.0019702911376953125
327998,normal,2192,0,1782362459.61042,0.0019571781158447266
327999,normal,3367,1,1782362459.61249,0.0020699501037597656
328000,normal,2185,0,1782362459.6145232,0.002033233642578125
328001,normal,445,0,1782362459.6165555,0.0020322799682617188
328002,normal,2040,0,1782362459.618654,0.002098560333251953
328003,normal,1349,1,1782362459.6205397,0.0018856525421142578
328004,normal,1320,1,1782362459.6225896,0.0020499229431152344
328005,normal,2992,0,1782362459.6245189,0.0019292831420898438
328006,normal,1592,0,1782362459.6266997,0.002180814743041992
328007,normal,457,0,1782362459.6286204,0.0019207000732421875
328008,normal,1916,0,1782362459.630548,0.0019276142120361328
328009,normal,825,2,1782362459.6325133,0.0019652843475341797
328010,normal,3278,1,1782362459.6345952,0.0020818710327148438
328011,normal,2835,0,1782362459.636411,0.0018157958984375
328012,normal,2099,0,1782362459.6385942,0.002183198928833008
328013,normal,2422,0,1782362459.6406226,0.0020284652709960938
328014,normal,2167,0,1782362459.642498,0.0018754005432128906
328015,normal,3564,0,1782362459.6445236,0.002025604248046875
328016,normal,1538,0,1782362459.6467633,0.002239704132080078
328017,normal,417,0,1782362459.6484036,0.00164031982421875
328018,normal,209,0,1782362459.6505995,0.0021958351135253906
328019,normal,3616,0,1782362459.6526008,0.0020012855529785156
328020,normal,2586,0,1782362459.654454,0.0018532276153564453
328021,normal,2005,0,1782362459.6564684,0.0020143985748291016
328022,normal,1618,0,1782362459.6585426,0.0020742416381835938
328023,normal,1089,0,1782362459.6603966,0.00185394287109375
328024,normal,1968,0,1782362459.6625664,0.0021698474884033203
328025,normal,210,0,1782362459.6645782,0.0020117759704589844
328026,normal,1813,0,1782362459.6664317,0.0018534660339355469
328027,normal,3699,0,1782362459.668554,0.0021224021911621094
328028,normal,3237,1,1782362459.670522,0.001967906951904297
328029,normal,3212,1,1782362459.6723936,0.0018715858459472656
328030,normal,1350,1,1782362459.6745424,0.002148866653442383
328031,normal,1029,2,1782362459.676497,0.0019545555114746094
328032,normal,654,0,1782362459.678412,0.00191497802734375
328033,normal,3411,0,1782362459.680491,0.002079010009765625
328034,normal,290,0,1782362459.6827362,0.002245187759399414
328035,normal,2047,0,1782362459.6844106,0.0016744136810302734
328036,normal,1628,0,1782362459.6865754,0.0021648406982421875
328037,normal,961,2,1782362459.6886036,0.002028226852416992
328038,normal,972,2,1782362459.69056,0.001956462860107422
328039,normal,1652,0,1782362459.6924605,0.0019004344940185547
328040,normal,831,2,1782362459.694627,0.0021665096282958984
328041,normal,1273,0,1782362459.696461,0.0018339157104492188
328042,normal,263,0,1782362459.6984587,0.001997709274291992
328043,normal,520,0,1782362459.7004368,0.001978158950805664
328044,normal,626,0,1782362459.7024086,0.001971721649169922
328045,normal,208,0,1782362459.7044692,0.0020606517791748047
328046,normal,3189,1,1782362459.7065828,0.0021135807037353516
328047,normal,2842,0,1782362459.7083547,0.0017719268798828125
328048,normal,448,0,1782362459.710427,0.0020723342895507812
328049,normal,2379,0,1782362459.712386,0.0019588470458984375
328050,normal,2857,0,1782362459.7143936,0.002007722854614258
328051,normal,812,2,1782362459.716406,0.002012491226196289
328052,normal,3701,0,1782362459.7187932,0.0023870468139648438
328053,normal,33,0,1782362459.7203574,0.0015642642974853516
328054,normal,2059,0,1782362459.7223876,0.0020301342010498047
328055,normal,1633,0,1782362459.7243664,0.0019788742065429688
328056,normal,662,0,1782362459.7265527,0.002186298370361328
328057,normal,2574,0,1782362459.7283728,0.0018200874328613281
328058,normal,1423,0,1782362459.730591,0.0022182464599609375
328059,normal,1699,0,1782362459.7323792,0.0017881393432617188
328060,normal,2703,0,1782362459.7343824,0.002003192901611328
328061,normal,2255,0,1782362459.736503,0.002120494842529297
328062,normal,3577,0,1782362459.7383854,0.0018825531005859375
328063,normal,2342,0,1782362459.7405417,0.0021562576293945312
328064,normal,1070,0,1782362459.7425997,0.0020580291748046875
328065,normal,2217,0,1782362459.744472,0.0018723011016845703
328066,normal,3094,1,1782362459.7464876,0.0020155906677246094
328067,normal,1852,0,1782362459.7485278,0.0020401477813720703
328068,normal,2765,0,1782362459.7504117,0.0018839836120605469
328069,normal,623,0,1782362459.7525656,0.0021538734436035156
328070,normal,2418,0,1782362459.7544925,0.0019268989562988281
328071,normal,895,2,1782362459.7565403,0.0020477771759033203
328072,normal,3454,0,1782362459.758558,0.0020177364349365234
328073,normal,2319,0,1782362459.7605407,0.0019826889038085938
328074,normal,2432,0,1782362459.7624002,0.001859426498413086
328075,normal,184,0,1782362459.764767,0.002366781234741211
328076,normal,444,0,1782362459.7665076,0.0017406940460205078
328077,normal,3545,0,1782362459.7684116,0.0019040107727050781
328078,normal,1361,1,1782362459.7705977,0.0021860599517822266
328079,normal,3688,0,1782362459.7725024,0.0019047260284423828
328080,normal,31,0,1782362459.7743678,0.001865386962890625
328081,normal,2297,0,1782362459.7765136,0.0021457672119140625
328082,normal,1488,0,1782362459.778502,0.0019884109497070312
328083,normal,2013,0,1782362459.7803814,0.0018794536590576172
328084,normal,1254,0,1782362459.782542,0.0021605491638183594
328085,normal,1911,0,1782362459.7845092,0.001967191696166992
328086,normal,1197,0,1782362459.786427,0.0019178390502929688
328087,normal,830,2,1782362459.7885575,0.0021305084228515625
328088,normal,2856,0,1782362459.7904985,0.0019409656524658203
328089,normal,3072,1,1782362459.792414,0.0019154548645019531
328090,normal,3708,0,1782362459.794406,0.0019919872283935547
328091,normal,1296,0,1782362459.796531,0.0021250247955322266
328092,normal,2812,0,1782362459.7984276,0.0018966197967529297
328093,normal,2090,0,1782362459.8003733,0.0019457340240478516
328094,normal,3415,0,1782362459.802547,0.0021736621856689453
328095,normal,67,0,1782362459.8043723,0.0018253326416015625
328096,normal,3205,1,1782362459.8065536,0.0021812915802001953
328097,normal,115,0,1782362459.8084555,0.001901865005493164
328098,normal,1760,0,1782362459.810413,0.001957416534423828
328099,normal,1505,0,1782362459.8125226,0.0021097660064697266
328100,normal,3599,0,1782362459.8146353,0.0021126270294189453
328101,normal,688,0,1782362459.8164127,0.0017774105072021484
328102,normal,3284,1,1782362459.818409,0.001996278762817383
328103,normal,1901,0,1782362459.8205078,0.0020987987518310547
328104,normal,959,2,1782362459.8224125,0.0019047260284423828
328105,normal,2585,0,1782362459.8244987,0.002086162567138672
328106,normal,2001,0,1782362459.8265526,0.002053976058959961
328107,normal,367,0,1782362459.828393,0.001840353012084961
328108,normal,2396,0,1782362459.8305707,0.002177715301513672
328109,normal,1174,0,1782362459.832537,0.001966238021850586
328110,normal,1841,0,1782362459.8344314,0.0018944740295410156
328111,normal,657,0,1782362459.836554,0.002122640609741211
328112,normal,494,0,1782362459.8385453,0.00199127197265625
328113,normal,591,0,1782362459.8403952,0.0018498897552490234
328114,normal,2850,0,1782362459.8425536,0.0021584033966064453
328115,normal,450,0,1782362459.8444982,0.0019445419311523438
328116,normal,2180,0,1782362459.8463714,0.0018732547760009766
328117,normal,465,0,1782362459.8485425,0.002171039581298828
328118,normal,1122,0,1782362459.8505404,0.0019979476928710938
328119,normal,3062,1,1782362459.8524175,0.0018770694732666016
328120,normal,3038,0,1782362459.8544238,0.0020062923431396484
328121,normal,1302,0,1782362459.8565965,0.002172708511352539
328122,normal,1658,0,1782362459.8584902,0.001893758773803711
328123,normal,660,0,1782362459.8605819,0.002091646194458008
328124,normal,116,0,1782362459.8627605,0.002178668975830078
328125,normal,1250,0,1782362459.8644657,0.001705169677734375
328126,normal,3161,1,1782362459.8664846,0.0020189285278320312
328127,normal,191,0,1782362459.868466,0.0019812583923339844
328128,normal,2042,0,1782362459.87038,0.0019140243530273438
328129,normal,534,0,1782362459.872475,0.0020949840545654297
328130,normal,3497,0,1782362459.874582,0.0021071434020996094
328131,normal,1362,1,1782362459.8763802,0.0017981529235839844
328132,normal,3510,0,1782362459.8783958,0.0020155906677246094
328133,normal,1534,0,1782362459.8804693,0.002073526382446289
328134,normal,1746,0,1782362459.8823822,0.001912832260131836
328135,normal,1354,1,1782362459.8845637,0.002181529998779297
328136,normal,2075,0,1782362459.886464,0.0019004344940185547
328137,normal,1573,0,1782362459.8885128,0.0020487308502197266
328138,normal,376,0,1782362459.890417,0.0019042491912841797
328139,normal,625,0,1782362459.8926134,0.0021963119506835938
328140,normal,2918,0,1782362459.8943863,0.0017728805541992188
328141,normal,3690,0,1782362459.8965182,0.002131938934326172
328142,normal,2893,0,1782362459.8985062,0.001987934112548828
328143,normal,1742,0,1782362459.9003823,0.0018761157989501953
328144,normal,2751,0,1782362459.9025674,0.0021851062774658203
328145,normal,299,0,1782362459.904551,0.001983642578125
328146,normal,872,2,1782362459.9064183,0.0018672943115234375
328147,normal,233,0,1782362459.90849,0.0020716190338134766
328148,normal,2350,0,1782362459.9105425,0.0020525455474853516
328149,normal,3260,1,1782362459.912375,0.0018324851989746094
328150,normal,2437,0,1782362459.9144096,0.0020346641540527344
328151,normal,924,2,1782362459.9165142,0.002104520797729492
328152,normal,499,0,1782362459.9183874,0.0018732547760009766
328153,normal,198,0,1782362459.9203873,0.0019998550415039062
328154,normal,1294,0,1782362459.9225106,0.0021233558654785156
328155,normal,3193,1,1782362459.9243758,0.0018651485443115234
328156,normal,3633,0,1782362459.926656,0.0022802352905273438
328157,normal,1531,0,1782362459.928538,0.0018820762634277344
328158,normal,1290,0,1782362459.9304442,0.0019061565399169922
328159,normal,622,0,1782362459.9325533,0.002109050750732422
328160,normal,3645,0,1782362459.9345407,0.001987457275390625
328161,normal,695,0,1782362459.9363723,0.0018315315246582031
328162,normal,2237,0,1782362459.9385855,0.0022132396697998047
328163,normal,1578,0,1782362459.9404993,0.0019137859344482422
328164,normal,1319,1,1782362459.9424381,0.0019388198852539062
328165,normal,1607,0,1782362459.9445508,0.0021126270294189453
328166,normal,1123,0,1782362459.9465528,0.0020020008087158203
328167,normal,987,2,1782362459.9484744,0.0019216537475585938
328168,normal,1925,0,1782362459.950401,0.0019266605377197266
328169,normal,3290,1,1782362459.9524891,0.0020880699157714844
328170,normal,679,0,1782362459.9545755,0.0020864009857177734
328171,normal,3340,1,1782362459.9568355,0.002259969711303711
328172,normal,186,0,1782362459.9584744,0.0016388893127441406
328173,normal,3012,0,1782362459.9605172,0.0020427703857421875
328174,normal,815,2,1782362459.9624298,0.0019125938415527344
328175,normal,1600,0,1782362459.9645545,0.002124786376953125
328176,normal,782,2,1782362459.9664292,0.001874685287475586
328177,normal,1890,0,1782362459.9688368,0.002407550811767578
328178,normal,2363,0,1782362459.970446,0.0016093254089355469
328179,normal,328,0,1782362459.9726098,0.0021636486053466797
328180,normal,2599,0,1782362459.9745502,0.0019404888153076172
328181,normal,2573,0,1782362459.9766562,0.0021059513092041016
328182,normal,275,0,1782362459.978393,0.0017368793487548828
328183,normal,484,0,1782362459.9803956,0.0020024776458740234
328184,normal,1137,0,1782362459.9825191,0.002123594284057617
328185,normal,1175,0,1782362459.9843779,0.0018587112426757812
328186,normal,1786,0,1782362459.98654,0.0021622180938720703
328187,normal,293,0,1782362459.9884987,0.001958608627319336
328188,normal,598,0,1782362459.9903793,0.001880645751953125
328189,normal,2163,0,1782362459.9925015,0.002122163772583008
328190,normal,2969,0,1782362459.9944668,0.0019652843475341797
328191,normal,2410,0,1782362459.9963765,0.0019097328186035156
328192,normal,425,0,1782362459.9985223,0.0021457672119140625
328193,normal,2361,0,1782362460.0005476,0.0020253658294677734
328194,normal,1375,1,1782362460.0026531,0.0021054744720458984
328195,normal,2029,0,1782362460.0045557,0.0019025802612304688
328196,normal,1074,0,1782362460.0065272,0.0019714832305908203
328197,normal,873,2,1782362460.008398,0.001870870590209961
328198,normal,1663,0,1782362460.0105307,0.0021326541900634766
328199,normal,2631,0,1782362460.012497,0.001966238021850586
328200,normal,1100,0,1782362460.014421,0.0019240379333496094
328201,normal,1474,0,1782362460.0164926,0.0020716190338134766
328202,normal,2837,0,1782362460.0185273,0.0020346641540527344
328203,normal,1275,0,1782362460.020377,0.0018496513366699219
328204,normal,2869,0,1782362460.0225863,0.0022094249725341797
328205,normal,879,2,1782362460.0244641,0.0018777847290039062
328206,normal,2995,0,1782362460.0264368,0.001972675323486328
328207,normal,525,0,1782362460.0286102,0.0021734237670898438
328208,normal,405,0,1782362460.0305374,0.0019271373748779297
328209,normal,700,0,1782362460.032538,0.002000570297241211
328210,normal,1111,0,1782362460.0344496,0.0019116401672363281
328211,normal,1539,0,1782362460.0365603,0.002110719680786133
328212,normal,1249,0,1782362460.0386858,0.0021255016326904297
328213,normal,1201,0,1782362460.0403652,0.0016794204711914062
328214,normal,2621,0,1782362460.0424957,0.0021305084228515625
328215,normal,94,0,1782362460.044364,0.0018682479858398438
328216,normal,2852,0,1782362460.0464942,0.002130270004272461
328217,normal,3584,0,1782362460.048627,0.0021326541900634766
328218,normal,1151,0,1782362460.0503542,0.0017273426055908203
328219,normal,3626,0,1782362460.052474,0.002119779586791992
328220,normal,1818,0,1782362460.054504,0.002029895782470703
328221,normal,3698,0,1782362460.0563622,0.0018582344055175781
328222,normal,2870,0,1782362460.0588396,0.002477407455444336
328223,normal,3274,1,1782362460.0604923,0.0016527175903320312
328224,normal,2206,0,1782362460.062468,0.0019757747650146484
328225,normal,2810,0,1782362460.0644875,0.0020194053649902344
328226,normal,3245,1,1782362460.0664694,0.001981973648071289
328227,normal,211,0,1782362460.0685163,0.002046823501586914
328228,normal,927,2,1782362460.070366,0.0018496513366699219
328229,normal,1706,0,1782362460.0725224,0.002156496047973633
328230,normal,2,0,1782362460.0745766,0.0020542144775390625
328231,normal,2931,0,1782362460.0764391,0.0018625259399414062
328232,normal,2010,0,1782362460.0785105,0.002071380615234375
328233,normal,2113,0,1782362460.0803783,0.0018677711486816406
328234,normal,1037,0,1782362460.0825095,0.002131223678588867
328235,normal,1285,0,1782362460.0844707,0.001961231231689453
328236,normal,3036,0,1782362460.0863817,0.0019109249114990234
328237,normal,718,0,1782362460.0888214,0.002439737319946289
328238,normal,1266,0,1782362460.0909088,0.0020873546600341797
328239,normal,1893,0,1782362460.092841,0.0019321441650390625
328240,normal,3362,1,1782362460.0946312,0.0017902851104736328
328241,normal,2079,0,1782362460.096695,0.002063751220703125
328242,normal,915,2,1782362460.0986235,0.001928567886352539
328243,normal,422,0,1782362460.100843,0.0022194385528564453
328244,normal,501,0,1782362460.1024067,0.0015637874603271484
328245,normal,2600,0,1782362460.1045468,0.002140045166015625
328246,normal,248,0,1782362460.1064203,0.0018734931945800781
328247,normal,3026,0,1782362460.1083527,0.001932382583618164
328248,normal,2088,0,1782362460.1105084,0.002155780792236328
328249,normal,3482,0,1782362460.112393,0.00188446044921875
328250,normal,1866,0,1782362460.114502,0.002109050750732422
328251,normal,2898,0,1782362460.1163805,0.001878499984741211
328252,normal,3133,1,1782362460.1183784,0.0019979476928710938
328253,normal,1454,0,1782362460.1205325,0.002154111862182617
328254,normal,3371,1,1782362460.1224055,0.001873016357421875
328255,normal,3387,1,1782362460.1245372,0.0021317005157470703
328256,normal,1462,0,1782362460.1265457,0.0020084381103515625
328257,normal,601,0,1782362460.1283584,0.0018126964569091797
328258,normal,2253,0,1782362460.1305115,0.002153158187866211
328259,normal,3336,1,1782362460.1325183,0.0020067691802978516
328260,normal,2668,0,1782362460.1344218,0.001903533935546875
328261,normal,1242,0,1782362460.1365478,0.002125978469848633
328262,normal,1056,0,1782362460.1384718,0.0019240379333496094
328263,normal,1637,0,1782362460.1403775,0.001905679702758789
328264,normal,6,0,1782362460.1425035,0.002125978469848633
328265,normal,3548,0,1782362460.1444733,0.0019698143005371094
328266,normal,1752,0,1782362460.146382,0.0019087791442871094
328267,normal,1975,0,1782362460.1485102,0.002128124237060547
328268,normal,2027,0,1782362460.15053,0.0020198822021484375
328269,normal,729,0,1782362460.1524918,0.0019617080688476562
328270,normal,2670,0,1782362460.1543996,0.0019078254699707031
328271,normal,3618,0,1782362460.1565304,0.002130746841430664
328272,normal,1942,0,1782362460.1583726,0.0018422603607177734
328273,normal,3355,1,1782362460.1604984,0.0021257400512695312
328274,normal,1522,0,1782362460.1624615,0.0019631385803222656
328275,normal,2385,0,1782362460.164363,0.001901388168334961
328276,normal,3668,0,1782362460.1665137,0.0021507740020751953
328277,normal,1815,0,1782362460.1685042,0.0019905567169189453
328278,normal,1365,1,1782362460.1704407,0.0019364356994628906
328279,normal,3382,1,1782362460.172566,0.002125263214111328
328280,normal,340,0,1782362460.1745222,0.0019562244415283203
328281,normal,1976,0,1782362460.1763902,0.0018680095672607422
328282,normal,1088,0,1782362460.178511,0.0021207332611083984
328283,normal,330,0,1782362460.1805036,0.0019927024841308594
328284,normal,551,0,1782362460.1823707,0.001867055892944336
328285,normal,3554,0,1782362460.1844928,0.002122163772583008
328286,normal,1360,1,1782362460.1864538,0.0019609928131103516
328287,normal,611,0,1782362460.1886256,0.002171754837036133
328288,normal,3660,0,1782362460.1904087,0.001783132553100586
328289,normal,3637,0,1782362460.1925423,0.002133607864379883
328290,normal,2954,0,1782362460.1944969,0.0019545555114746094
328291,normal,1405,0,1782362460.1965766,0.0020797252655029297
328292,normal,1378,1,1782362460.1985343,0.0019576549530029297
328293,normal,737,0,1782362460.2004101,0.0018758773803710938
328294,normal,584,0,1782362460.2026508,0.0022406578063964844
328295,normal,1182,0,1782362460.2046201,0.0019693374633789062
328296,normal,690,0,1782362460.2063868,0.0017666816711425781
328297,normal,3118,1,1782362460.2083817,0.0019948482513427734
328298,normal,709,0,1782362460.2103312,0.0019495487213134766
328299,normal,789,2,1782362460.2123675,0.0020363330841064453
328300,normal,986,2,1782362460.2144458,0.0020782947540283203
328301,normal,2285,0,1782362460.2163184,0.0018725395202636719
328302,normal,2057,0,1782362460.218337,0.0020186901092529297
328303,normal,2229,0,1782362460.2203364,0.001999378204345703
328304,normal,2767,0,1782362460.2223353,0.0019989013671875
328305,normal,2975,0,1782362460.2249742,0.0026388168334960938
328306,normal,3265,1,1782362460.2265012,0.0015270709991455078
328307,normal,732,0,1782362460.228385,0.0018837451934814453
328308,normal,86,0,1782362460.230375,0.001990079879760742
328309,normal,76,0,1782362460.2323775,0.0020024776458740234
328310,normal,1949,0,1782362460.2343855,0.0020079612731933594
328311,normal,2669,0,1782362460.2364728,0.0020873546600341797
328312,normal,1998,0,1782362460.2384615,0.001988649368286133
328313,normal,3311,1,1782362460.240384,0.001922607421875
328314,normal,2790,0,1782362460.2423766,0.001992464065551758
328315,normal,1655,0,1782362460.2444131,0.002036571502685547
328316,normal,3129,1,1782362460.2463913,0.001978158950805664
328317,normal,2467,0,1782362460.2483797,0.0019884109497070312
328318,normal,477,0,1782362460.2504392,0.002059459686279297
328319,normal,2694,0,1782362460.252634,0.0021948814392089844
328320,normal,2420,0,1782362460.2545495,0.0019154548645019531
328321,normal,2608,0,1782362460.2564118,0.0018622875213623047
328322,normal,2139,0,1782362460.258582,0.0021703243255615234
328323,normal,3064,1,1782362460.2604055,0.00182342529296875
328324,normal,2967,0,1782362460.2625232,0.002117633819580078
328325,normal,2602,0,1782362460.2647655,0.0022423267364501953
328326,normal,61,0,1782362460.2664154,0.0016498565673828125
328327,normal,1080,0,1782362460.2685175,0.0021021366119384766
328328,normal,2221,0,1782362460.2706099,0.0020923614501953125
328329,normal,549,0,1782362460.2725766,0.001966714859008789
328330,normal,2940,0,1782362460.2743802,0.0018036365509033203
328331,normal,2142,0,1782362460.2764769,0.0020966529846191406
328332,normal,2512,0,1782362460.278363,0.001886129379272461
328333,normal,289,0,1782362460.2805178,0.002154827117919922
328334,normal,2996,0,1782362460.2824664,0.0019485950469970703
328335,normal,1624,0,1782362460.2843716,0.001905202865600586
328336,normal,2966,0,1782362460.2865045,0.002132892608642578
328337,normal,2205,0,1782362460.2885053,0.0020008087158203125
328338,normal,713,0,1782362460.2903955,0.0018901824951171875
328339,normal,3339,1,1782362460.2925315,0.0021359920501708984
328340,normal,2913,0,1782362460.2945206,0.001989126205444336
328341,normal,3572,0,1782362460.296421,0.0019004344940185547
328342,normal,516,0,1782362460.2983654,0.0019443035125732422
328343,normal,1958,0,1782362460.3005376,0.002172231674194336
328344,normal,1194,0,1782362460.3024144,0.0018768310546875
328345,normal,336,0,1782362460.3045475,0.0021331310272216797
328346,normal,1397,0,1782362460.306516,0.0019683837890625
328347,normal,2083,0,1782362460.3083699,0.00185394287109375
328348,normal,1626,0,1782362460.3104985,0.00212860107421875
328349,normal,2371,0,1782362460.3124566,0.001958131790161133
328350,normal,1686,0,1782362460.3143818,0.0019252300262451172
328351,normal,2303,0,1782362460.316499,0.002117156982421875
328352,normal,3031,0,1782362460.3184614,0.001962423324584961
328353,normal,1625,0,1782362460.3205316,0.002070188522338867
328354,normal,46,0,1782362460.3225493,0.0020177364349365234
328355,normal,3001,0,1782362460.3244596,0.0019102096557617188
328356,normal,2747,0,1782362460.3279533,0.003493785858154297
328357,normal,1565,0,1782362460.328418,0.0004646778106689453
328358,normal,2819,0,1782362460.3304336,0.0020155906677246094
328359,normal,250,0,1782362460.332381,0.0019474029541015625
328360,normal,2470,0,1782362460.334499,0.0021178722381591797
328361,normal,1202,0,1782362460.336477,0.001978158950805664
328362,normal,3476,0,1782362460.3384182,0.0019412040710449219
328363,normal,1710,0,1782362460.3405623,0.0021440982818603516
328364,normal,2211,0,1782362460.3425615,0.0019991397857666016
328365,normal,3492,0,1782362460.344397,0.0018355846405029297
328366,normal,2508,0,1782362460.3465087,0.002111673355102539
328367,normal,1763,0,1782362460.348469,0.001960277557373047
328368,normal,822,2,1782362460.3504286,0.001959562301635742
328369,normal,878,2,1782362460.3525517,0.002123117446899414
328370,normal,2681,0,1782362460.3545296,0.0019779205322265625
328371,normal,3485,0,1782362460.3565106,0.001981019973754883
328372,normal,37,0,1782362460.3585851,0.0020744800567626953
328373,normal,2861,0,1782362460.3606987,0.0021135807037353516
328374,normal,2773,0,1782362460.3626375,0.0019388198852539062
328375,normal,883,2,1782362460.3645797,0.0019421577453613281
328376,normal,3249,1,1782362460.3667648,0.0021851062774658203
328377,normal,1568,0,1782362460.368685,0.0019202232360839844
328378,normal,52,0,1782362460.3705893,0.0019042491912841797
328379,normal,876,2,1782362460.372746,0.0021567344665527344
328380,normal,2959,0,1782362460.3746223,0.0018763542175292969
328381,normal,2400,0,1782362460.3764098,0.001787424087524414
328382,normal,854,2,1782362460.3786318,0.0022220611572265625
328383,normal,1318,0,1782362460.380497,0.0018651485443115234
328384,normal,1005,2,1782362460.3826275,0.0021305084228515625
328385,normal,2208,0,1782362460.3847585,0.0021309852600097656
328386,normal,2122,0,1782362460.3863788,0.0016202926635742188
328387,normal,2074,0,1782362460.3886166,0.0022377967834472656
328388,normal,2824,0,1782362460.390619,0.0020024776458740234
328389,normal,3313,1,1782362460.3924913,0.0018723011016845703
328390,normal,1883,0,1782362460.394645,0.002153635025024414
328391,normal,1251,0,1782362460.3967338,0.002088785171508789
328392,normal,687,0,1782362460.3984962,0.00176239013671875
328393,normal,3458,0,1782362460.4005597,0.0020635128021240234
328394,normal,2395,0,1782362460.4026418,0.0020821094512939453
328395,normal,1546,0,1782362460.4045198,0.0018780231475830078
328396,normal,20,0,1782362460.406608,0.002088308334350586
328397,normal,2872,0,1782362460.408641,0.0020329952239990234
328398,normal,2965,0,1782362460.410502,0.0018608570098876953
328399,normal,2919,0,1782362460.412785,0.0022830963134765625
328400,normal,2886,0,1782362460.4145274,0.0017423629760742188
328401,normal,542,0,1782362460.4164615,0.001934051513671875
328402,normal,1980,0,1782362460.4185786,0.002117156982421875
328403,normal,3676,0,1782362460.420562,0.0019834041595458984
328404,normal,1684,0,1782362460.4224586,0.0018966197967529297
328405,normal,2865,0,1782362460.4245508,0.002092123031616211
328406,normal,3438,0,1782362460.4265318,0.001981019973754883
328407,normal,1526,0,1782362460.4284968,0.001965045928955078
328408,normal,1234,0,1782362460.4304392,0.0019423961639404297
328409,normal,2949,0,1782362460.432538,0.0020987987518310547
328410,normal,440,0,1782362460.4343672,0.0018291473388671875
328411,normal,2688,0,1782362460.436625,0.002257823944091797
328412,normal,3060,1,1782362460.438529,0.0019040107727050781
328413,normal,2863,0,1782362460.4405215,0.001992464065551758
328414,normal,2249,0,1782362460.4424531,0.0019316673278808594
328415,normal,2510,0,1782362460.4446023,0.0021491050720214844
328416,normal,1654,0,1782362460.4463615,0.0017592906951904297
328417,normal,3359,1,1782362460.448536,0.00217437744140625
328418,normal,3003,0,1782362460.4505346,0.0019986629486083984
328419,normal,1689,0,1782362460.4524934,0.0019588470458984375
328420,normal,763,0,1782362460.4544284,0.0019350051879882812
328421,normal,1798,0,1782362460.4565985,0.002170085906982422
328422,normal,2989,0,1782362460.4585063,0.0019078254699707031
328423,normal,2366,0,1782362460.460374,0.0018677711486816406
328424,normal,548,0,1782362460.4625833,0.002209186553955078
328425,normal,3019,0,1782362460.464559,0.0019757747650146484
328426,normal,54,0,1782362460.4666576,0.002098560333251953
328427,normal,1896,0,1782362460.4685965,0.0019388198852539062
328428,normal,2815,0,1782362460.4705677,0.0019712448120117188
328429,normal,2338,0,1782362460.4725668,0.0019991397857666016
328430,normal,826,2,1782362460.4746022,0.002035379409790039
328431,normal,797,2,1782362460.4766204,0.0020182132720947266
328432,normal,1379,1,1782362460.4788165,0.002196073532104492
328433,normal,2935,0,1782362460.480549,0.0017325878143310547
328434,normal,1769,0,1782362460.4824162,0.001867055892944336
328435,normal,3663,0,1782362460.484656,0.0022399425506591797
328436,normal,1033,0,1782362460.486645,0.0019888877868652344
328437,normal,1829,0,1782362460.4885097,0.0018646717071533203
328438,normal,3515,0,1782362460.490535,0.0020253658294677734
328439,normal,3325,1,1782362460.4926467,0.002111673355102539
328440,normal,3576,0,1782362460.4945054,0.0018587112426757812
328441,normal,1410,0,1782362460.496693,0.002187490463256836
328442,normal,648,0,1782362460.4986486,0.001955747604370117
328443,normal,2304,0,1782362460.5006263,0.001977682113647461
328444,normal,1697,0,1782362460.5023954,0.0017690658569335938
328445,normal,2152,0,1782362460.504622,0.002226591110229492
328446,normal,1381,1,1782362460.5065126,0.0018906593322753906
328447,normal,1484,0,1782362460.5086393,0.0021266937255859375
328448,normal,590,0,1782362460.5106277,0.0019884109497070312
328449,normal,604,0,1782362460.512493,0.0018651485443115234
328450,normal,734,0,1782362460.5147932,0.002300262451171875
328451,normal,774,2,1782362460.516489,0.001695871353149414
328452,normal,3521,0,1782362460.5184991,0.0020101070404052734
328453,normal,2020,0,1782362460.5205643,0.0020651817321777344
328454,normal,2753,0,1782362460.522571,0.0020067691802978516
328455,normal,182,0,1782362460.5243552,0.0017840862274169922
328456,normal,1014,2,1782362460.5265415,0.002186298370361328
328457,normal,73,0,1782362460.5285158,0.001974344253540039
328458,normal,398,0,1782362460.5305152,0.001999378204345703
328459,normal,703,0,1782362460.5325835,0.0020682811737060547
328460,normal,3168,1,1782362460.5345895,0.002006053924560547
328461,normal,97,0,1782362460.5363953,0.0018057823181152344
328462,normal,2313,0,1782362460.5386124,0.0022170543670654297
328463,normal,2953,0,1782362460.540646,0.002033710479736328
328464,normal,3570,0,1782362460.5423925,0.0017464160919189453
328465,normal,1426,0,1782362460.5445924,0.002199888229370117
328466,normal,3343,1,1782362460.546534,0.001941680908203125
328467,normal,3235,1,1782362460.5485103,0.0019762516021728516
328468,normal,3210,1,1782362460.5505395,0.0020291805267333984
328469,normal,81,0,1782362460.5525143,0.001974821090698242
328470,normal,573,0,1782362460.5544462,0.001931905746459961
328471,normal,1107,0,1782362460.5566256,0.002179384231567383
328472,normal,1161,0,1782362460.558434,0.0018084049224853516
328473,normal,1066,0,1782362460.5604844,0.0020503997802734375
328474,normal,105,0,1782362460.5624084,0.0019240379333496094
328475,normal,102,0,1782362460.5645132,0.0021047592163085938
328476,normal,1432,0,1782362460.5665636,0.0020503997802734375
328477,normal,1734,0,1782362460.56859,0.0020263195037841797
328478,normal,672,0,1782362460.5705698,0.001979827880859375
328479,normal,321,0,1782362460.5725162,0.0019464492797851562
328480,normal,572,0,1782362460.5744507,0.0019345283508300781
328481,normal,552,0,1782362460.5765178,0.002067089080810547
328482,normal,2462,0,1782362460.578464,0.0019462108612060547
328483,normal,421,0,1782362460.5805566,0.002092599868774414
328484,normal,416,0,1782362460.5826411,0.002084493637084961
328485,normal,50,0,1782362460.5843918,0.0017507076263427734
328486,normal,2807,0,1782362460.5865486,0.0021567344665527344
328487,normal,2389,0,1782362460.5885296,0.001981019973754883
328488,normal,3029,0,1782362460.5904875,0.0019578933715820312
328489,normal,1255,0,1782362460.592551,0.0020635128021240234
328490,normal,109,0,1782362460.5944638,0.001912832260131836
328491,normal,3344,1,1782362460.5967383,0.0022745132446289062
328492,normal,238,0,1782362460.598612,0.0018737316131591797
328493,normal,175,0,1782362460.600992,0.002379894256591797
328494,normal,3486,0,1782362460.602451,0.0014591217041015625
328495,normal,2033,0,1782362460.6046042,0.002153158187866211
328496,normal,2455,0,1782362460.6064465,0.0018422603607177734
328497,normal,1659,0,1782362460.608622,0.002175569534301758
328498,normal,2811,0,1782362460.6104703,0.0018482208251953125
328499,normal,890,2,1782362460.6125078,0.002037525177001953
328500,normal,2227,0,1782362460.6144407,0.0019328594207763672
328501,normal,676,0,1782362460.6163867,0.0019459724426269531
328502,normal,355,0,1782362460.618496,0.0021092891693115234
328503,normal,756,0,1782362460.6203487,0.0018527507781982422
328504,normal,1325,1,1782362460.622513,0.0021643638610839844
328505,normal,3586,0,1782362460.6244988,0.001985788345336914
328506,normal,19,0,1782362460.626461,0.0019621849060058594
328507,normal,1114,0,1782362460.6283834,0.0019223690032958984
328508,normal,1535,0,1782362460.630517,0.002133607864379883
328509,normal,894,2,1782362460.6324992,0.0019822120666503906
328510,normal,2855,0,1782362460.6345344,0.0020351409912109375
328511,normal,1814,0,1782362460.6365275,0.0019931793212890625
328512,normal,383,0,1782362460.6383502,0.0018227100372314453
328513,normal,3263,1,1782362460.640532,0.0021817684173583984
328514,normal,498,0,1782362460.6425607,0.0020287036895751953
328515,normal,235,0,1782362460.6445045,0.001943826675415039
328516,normal,2370,0,1782362460.6465,0.001995563507080078
328517,normal,2239,0,1782362460.6483912,0.0018911361694335938
328518,normal,2291,0,1782362460.6504438,0.0020525455474853516
328519,normal,2117,0,1782362460.6523895,0.0019457340240478516
328520,normal,3590,0,1782362460.654517,0.002127408981323242
328521,normal,2650,0,1782362460.6563513,0.0018343925476074219
328522,normal,3550,0,1782362460.6585042,0.0021529197692871094
328523,normal,807,2,1782362460.6605284,0.0020241737365722656
328524,normal,342,0,1782362460.662512,0.001983642578125
328525,normal,3091,1,1782362460.664519,0.002007007598876953
328526,normal,3446,0,1782362460.6664953,0.0019762516021728516
328527,normal,3241,1,1782362460.6684387,0.001943349838256836
328528,normal,1940,0,1782362460.6705136,0.0020749568939208984
328529,normal,798,2,1782362460.6725314,0.0020177364349365234
328530,normal,1438,0,1782362460.6744382,0.0019068717956542969
328531,normal,402,0,1782362460.6766434,0.0022051334381103516
328532,normal,2132,0,1782362460.6785624,0.0019190311431884766
328533,normal,3566,0,1782362460.6804917,0.0019292831420898438
328534,normal,1363,1,1782362460.6825323,0.0020406246185302734
328535,normal,637,0,1782362460.6845136,0.0019812583923339844
328536,normal,2938,0,1782362460.6864731,0.001959562301635742
328537,normal,1313,0,1782362460.6885898,0.002116680145263672
328538,normal,3400,1,1782362460.6904156,0.0018258094787597656
328539,normal,977,2,1782362460.6924322,0.0020165443420410156
328540,normal,874,2,1782362460.6945112,0.002079010009765625
328541,normal,3473,0,1782362460.696488,0.0019767284393310547
328542,normal,2827,0,1782362460.6985333,0.0020453929901123047
328543,normal,3162,1,1782362460.7004414,0.0019080638885498047
328544,normal,2460,0,1782362460.7025871,0.0021457672119140625
328545,normal,555,0,1782362460.7044094,0.0018222332000732422
328546,normal,2226,0,1782362460.7065823,0.0021729469299316406
328547,normal,387,0,1782362460.708453,0.0018706321716308594
328548,normal,1208,0,1782362460.7105155,0.002062559127807617
328549,normal,3615,0,1782362460.7124739,0.0019583702087402344
328550,normal,131,0,1782362460.7144604,0.0019865036010742188
328551,normal,1571,0,1782362460.7164564,0.0019960403442382812
328552,normal,2746,0,1782362460.7185085,0.0020520687103271484
328553,normal,1150,0,1782362460.7204976,0.001989126205444336
328554,normal,606,0,1782362460.722468,0.0019702911376953125
328555,normal,1371,1,1782362460.7244906,0.0020227432250976562
328556,normal,2848,0,1782362460.7264745,0.0019838809967041016
328557,normal,379,0,1782362460.728421,0.0019464492797851562
328558,normal,3191,1,1782362460.7304986,0.0020775794982910156
328559,normal,124,0,1782362460.732554,0.0020554065704345703
328560,normal,2067,0,1782362460.7346354,0.0020813941955566406
328561,normal,1674,0,1782362460.7364058,0.0017704963684082031
328562,normal,3404,0,1782362460.7385101,0.0021042823791503906
328563,normal,3527,0,1782362460.7404542,0.0019440650939941406
328564,normal,689,0,1782362460.7424593,0.0020051002502441406
328565,normal,1196,0,1782362460.744504,0.002044677734375
328566,normal,1163,0,1782362460.7465281,0.0020241737365722656
328567,normal,3101,1,1782362460.748581,0.002052783966064453
328568,normal,1464,0,1782362460.7505188,0.0019378662109375
328569,normal,1067,0,1782362460.7524593,0.0019404888153076172
328570,normal,566,0,1782362460.7545347,0.0020754337310791016
328571,normal,1580,0,1782362460.7566514,0.002116680145263672
328572,normal,3151,1,1782362460.7585535,0.0019021034240722656
328573,normal,2785,0,1782362460.760746,0.0021924972534179688
328574,normal,1395,0,1782362460.762597,0.0018510818481445312
328575,normal,204,0,1782362460.7645307,0.0019335746765136719
328576,normal,2875,0,1782362460.7667012,0.002170562744140625
328577,normal,2754,0,1782362460.7686906,0.0019893646240234375
328578,normal,976,2,1782362460.7705104,0.0018198490142822266
328579,normal,1422,0,1782362460.7727976,0.002287149429321289
328580,normal,2241,0,1782362460.7745671,0.0017695426940917969
328581,normal,464,0,1782362460.7765598,0.0019927024841308594
328582,normal,219,0,1782362460.7787452,0.002185344696044922
328583,normal,2110,0,1782362460.7806847,0.001939535140991211
328584,normal,270,0,1782362460.7825449,0.0018601417541503906
328585,normal,429,0,1782362460.7844021,0.0018572807312011719
328586,normal,1907,0,1782362460.7866385,0.0022363662719726562
328587,normal,1757,0,1782362460.7883973,0.0017588138580322266
328588,normal,1453,0,1782362460.7906387,0.002241373062133789
328589,normal,1051,0,1782362460.7926428,0.0020041465759277344
328590,normal,135,0,1782362460.7944243,0.001781463623046875
328591,normal,2980,0,1782362460.796618,0.0021936893463134766
328592,normal,1860,0,1782362460.7986257,0.002007722854614258
328593,normal,3363,1,1782362460.800517,0.0018913745880126953
328594,normal,2550,0,1782362460.8027017,0.002184629440307617
328595,normal,840,2,1782362460.8047078,0.002006053924560547
328596,normal,2814,0,1782362460.806489,0.0017812252044677734
328597,normal,99,0,1782362460.8086596,0.002170562744140625
328598,normal,2275,0,1782362460.8106248,0.0019652843475341797
328599,normal,428,0,1782362460.812553,0.001928091049194336
328600,normal,3069,1,1782362460.8147,0.0021469593048095703
328601,normal,2182,0,1782362460.8164449,0.001744985580444336
328602,normal,2035,0,1782362460.818498,0.0020530223846435547
328603,normal,2652,0,1782362460.820617,0.0021190643310546875
328604,normal,1991,0,1782362460.8225222,0.001905202865600586
328605,normal,1002,2,1782362460.8245134,0.00199127197265625
328606,normal,2561,0,1782362460.8266556,0.002142190933227539
328607,normal,66,0,1782362460.8285637,0.0019080638885498047
328608,normal,192,0,1782362460.8305151,0.001951456069946289
328609,normal,1109,0,1782362460.8327138,0.0021986961364746094
328610,normal,2581,0,1782362460.8345132,0.0017993450164794922
328611,normal,1016,2,1782362460.8364997,0.0019865036010742188
328612,normal,2248,0,1782362460.838648,0.0021483898162841797
328613,normal,251,0,1782362460.840647,0.0019989013671875
328614,normal,524,0,1782362460.8424876,0.0018405914306640625
328615,normal,103,0,1782362460.844657,0.002169370651245117
328616,normal,817,2,1782362460.8466492,0.0019922256469726562
328617,normal,1501,0,1782362460.8485482,0.0018990039825439453
328618,normal,1728,0,1782362460.8507106,0.002162456512451172
328619,normal,716,0,1782362460.8524125,0.0017018318176269531
328620,normal,3013,0,1782362460.8544512,0.002038717269897461
328621,normal,1739,0,1782362460.856534,0.00208282470703125
328622,normal,871,2,1782362460.8586981,0.002164125442504883
328623,normal,1984,0,1782362460.8605344,0.0018362998962402344
328624,normal,2934,0,1782362460.8625,0.0019655227661132812
328625,normal,2923,0,1782362460.8646317,0.0021317005157470703
328626,normal,2346,0,1782362460.8665323,0.0019006729125976562
328627,normal,2200,0,1782362460.8687084,0.002176046371459961
328628,normal,2677,0,1782362460.8705153,0.0018069744110107422
328629,normal,77,0,1782362460.8725712,0.0020558834075927734
328630,normal,823,2,1782362460.8747506,0.002179384231567383
328631,normal,120,0,1782362460.8766277,0.0018770694732666016
328632,normal,123,0,1782362460.8786232,0.001995563507080078
328633,normal,1184,0,1782362460.8805804,0.0019571781158447266
328634,normal,563,0,1782362460.8827643,0.0021839141845703125
328635,normal,1795,0,1782362460.8844075,0.0016431808471679688
328636,normal,1563,0,1782362460.8866253,0.0022177696228027344
328637,normal,1751,0,1782362460.8886166,0.00199127197265625
328638,normal,1239,0,1782362460.8904936,0.0018770694732666016
328639,normal,919,2,1782362460.8927407,0.0022470951080322266
328640,normal,2123,0,1782362460.894453,0.0017123222351074219
328641,normal,2256,0,1782362460.896489,0.002035856246948242
328642,normal,1420,0,1782362460.898595,0.002106189727783203
328643,normal,2764,0,1782362460.9006217,0.0020265579223632812
328644,normal,332,0,1782362460.9025075,0.0018858909606933594
328645,normal,3147,1,1782362460.9047313,0.0022237300872802734
328646,normal,2509,0,1782362460.9066458,0.0019145011901855469
328647,normal,2717,0,1782362460.9085772,0.0019314289093017578
328648,normal,2750,0,1782362460.9105945,0.0020172595977783203
328649,normal,29,0,1782362460.9125369,0.0019423961639404297
328650,normal,1766,0,1782362460.9145079,0.001971006393432617
328651,normal,2558,0,1782362460.9166152,0.002107381820678711
328652,normal,2402,0,1782362460.918635,0.002019643783569336
328653,normal,2430,0,1782362460.9207065,0.0020716190338134766
328654,normal,1421,0,1782362460.9224448,0.0017383098602294922
328655,normal,1075,0,1782362460.9246225,0.002177715301513672
328656,normal,633,0,1782362460.9264956,0.001873016357421875
328657,normal,2207,0,1782362460.928631,0.0021355152130126953
328658,normal,1267,0,1782362460.9306388,0.002007722854614258
328659,normal,1121,0,1782362460.9325175,0.0018787384033203125
328660,normal,2141,0,1782362460.9345205,0.0020029544830322266
328661,normal,671,0,1782362460.9366515,0.0021309852600097656
328662,normal,753,0,1782362460.9384255,0.0017740726470947266
328663,normal,412,0,1782362460.9406366,0.0022110939025878906
328664,normal,3614,0,1782362460.9426522,0.0020155906677246094
328665,normal,1656,0,1782362460.9446213,0.0019690990447998047
328666,normal,1945,0,1782362460.9464755,0.0018541812896728516
328667,normal,1953,0,1782362460.9487011,0.002225637435913086
328668,normal,2195,0,1782362460.9505966,0.0018954277038574219
328669,normal,1666,0,1782362460.9524698,0.0018732547760009766
328670,normal,1703,0,1782362460.954584,0.0021140575408935547
328671,normal,266,0,1782362460.9564745,0.0018906593322753906
328672,normal,2963,0,1782362460.9585323,0.002057790756225586
328673,normal,95,0,1782362460.9606934,0.0021610260009765625
328674,normal,1964,0,1782362460.9625857,0.0018923282623291016
328675,normal,311,0,1782362460.9644754,0.0018897056579589844
328676,normal,2636,0,1782362460.966792,0.002316713333129883
328677,normal,164,0,1782362460.9684014,0.0016093254089355469
328678,normal,1558,0,1782362460.9706206,0.0022192001342773438
328679,normal,2628,0,1782362460.9727442,0.002123594284057617
328680,normal,1744,0,1782362460.9745677,0.00182342529296875
328681,normal,1914,0,1782362460.9766834,0.0021157264709472656
328682,normal,2295,0,1782362460.9786081,0.001924753189086914
328683,normal,3357,1,1782362460.9805448,0.0019366741180419922
328684,normal,3643,0,1782362460.9827173,0.0021724700927734375
328685,normal,163,0,1782362460.9844415,0.0017242431640625
328686,normal,1486,0,1782362460.9867675,0.0023260116577148438
328687,normal,333,0,1782362460.9884353,0.0016677379608154297
328688,normal,500,0,1782362460.99064,0.0022046566009521484
328689,normal,1909,0,1782362460.9924736,0.0018336772918701172
328690,normal,1799,0,1782362460.9945648,0.0020911693572998047
328691,normal,2632,0,1782362460.996659,0.002094268798828125
328692,normal,2107,0,1782362460.9983995,0.0017404556274414062
328693,normal,1031,0,1782362461.0006444,0.0022449493408203125
328694,normal,1854,0,1782362461.0026357,0.00199127197265625
328695,normal,2643,0,1782362461.004508,0.0018723011016845703
328696,normal,1740,0,1782362461.0065331,0.002025127410888672
328697,normal,497,0,1782362461.0086532,0.0021200180053710938
328698,normal,28,0,1782362461.0104005,0.0017473697662353516
328699,normal,3305,1,1782362461.012643,0.002242565155029297
328700,normal,1298,0,1782362461.0146382,0.001995086669921875
328701,normal,2514,0,1782362461.016421,0.0017828941345214844
328702,normal,2860,0,1782362461.018685,0.0022640228271484375
328703,normal,2082,0,1782362461.0206985,0.0020134449005126953
328704,normal,1985,0,1782362461.022564,0.001865386962890625
328705,normal,1326,1,1782362461.024465,0.0019011497497558594
328706,normal,2493,0,1782362461.0268054,0.0023403167724609375
328707,normal,1677,0,1782362461.0284872,0.0016818046569824219
328708,normal,1195,0,1782362461.030519,0.0020318031311035156
328709,normal,2702,0,1782362461.0326533,0.0021343231201171875
328710,normal,1119,0,1782362461.0344498,0.0017964839935302734
328711,normal,800,2,1782362461.0365205,0.0020706653594970703
328712,normal,2523,0,1782362461.0386972,0.0021767616271972656
328713,normal,758,0,1782362461.0403972,0.0016999244689941406
328714,normal,3322,1,1782362461.0426533,0.002256155014038086
328715,normal,1954,0,1782362461.0444279,0.0017745494842529297
328716,normal,1076,0,1782362461.046579,0.002151012420654297
328717,normal,1187,0,1782362461.048703,0.0021240711212158203
328718,normal,2821,0,1782362461.050565,0.0018620491027832031
328719,normal,162,0,1782362461.0523796,0.0018146038055419922
328720,normal,2497,0,1782362461.0547347,0.0023550987243652344
328721,normal,279,0,1782362461.0564365,0.0017018318176269531
328722,normal,2286,0,1782362461.058621,0.0021843910217285156
328723,normal,818,2,1782362461.0604963,0.0018754005432128906
328724,normal,2620,0,1782362461.0626237,0.002127408981323242
328725,normal,550,0,1782362461.0645287,0.0019049644470214844
328726,normal,1920,0,1782362461.0666556,0.002126932144165039
328727,normal,2202,0,1782362461.0686042,0.0019485950469970703
328728,normal,2928,0,1782362461.0704846,0.0018804073333740234
328729,normal,536,0,1782362461.0725982,0.0021135807037353516
328730,normal,2704,0,1782362461.0746226,0.002024412155151367
328731,normal,553,0,1782362461.076965,0.0023424625396728516
328732,normal,659,0,1782362461.0784612,0.0014960765838623047
328733,normal,1044,0,1782362461.080824,0.0023627281188964844
328734,normal,1983,0,1782362461.0824294,0.0016055107116699219
328735,normal,1212,0,1782362461.0846272,0.002197742462158203
328736,normal,3272,1,1782362461.0866332,0.002006053924560547
328737,normal,2247,0,1782362461.088511,0.0018777847290039062
328738,normal,882,2,1782362461.0907378,0.0022268295288085938
328739,normal,3345,1,1782362461.0927072,0.0019693374633789062
328740,normal,3478,0,1782362461.094562,0.0018548965454101562
328741,normal,2962,0,1782362461.096636,0.002074003219604492
328742,normal,3453,0,1782362461.0986378,0.0020017623901367188
328743,normal,1096,0,1782362461.100506,0.0018682479858398438
328744,normal,3601,0,1782362461.1026404,0.0021343231201171875
328745,normal,985,2,1782362461.104651,0.0020105838775634766
328746,normal,828,2,1782362461.1066298,0.0019788742065429688
328747,normal,3037,0,1782362461.1088197,0.0021898746490478516
328748,normal,2096,0,1782362461.1107287,0.001909017562866211
328749,normal,1252,0,1782362461.1125271,0.001798391342163086
328750,normal,2347,0,1782362461.1145947,0.00206756591796875
328751,normal,3589,0,1782362461.116617,0.002022266387939453
328752,normal,3542,0,1782362461.1188257,0.002208709716796875
328753,normal,1214,0,1782362461.1205738,0.0017480850219726562
328754,normal,1636,0,1782362461.1224656,0.0018918514251708984
328755,normal,2909,0,1782362461.12449,0.002024412155151367
328756,normal,996,2,1782362461.1264167,0.0019266605377197266
328757,normal,132,0,1782362461.1286256,0.0022089481353759766
328758,normal,3160,1,1782362461.1305025,0.0018768310546875
328759,normal,2357,0,1782362461.1326282,0.0021257400512695312
328760,normal,3460,0,1782362461.1345336,0.0019054412841796875
328761,normal,3539,0,1782362461.1364903,0.0019567012786865234
328762,normal,613,0,1782362461.1386268,0.0021364688873291016
328763,normal,1173,0,1782362461.1406858,0.0020589828491210938
328764,normal,3,0,1782362461.1425545,0.0018687248229980469
328765,normal,3131,1,1782362461.1445577,0.002003192901611328
328766,normal,2019,0,1782362461.1466324,0.002074718475341797
328767,normal,1934,0,1782362461.1485167,0.0018842220306396484
328768,normal,1773,0,1782362461.1506546,0.002137899398803711
328769,normal,1919,0,1782362461.1525824,0.0019278526306152344
328770,normal,2242,0,1782362461.1545637,0.0019812583923339844
328771,normal,2168,0,1782362461.156606,0.0020422935485839844
328772,normal,490,0,1782362461.1585162,0.0019102096557617188
328773,normal,3379,1,1782362461.1605,0.0019838809967041016
328774,normal,3591,0,1782362461.162628,0.0021278858184814453
328775,normal,691,0,1782362461.1646323,0.002004384994506836
328776,normal,1147,0,1782362461.1665118,0.0018794536590576172
328777,normal,2769,0,1782362461.168649,0.0021371841430664062
328778,normal,3034,0,1782362461.1707408,0.0020918846130371094
328779,normal,2560,0,1782362461.1724432,0.0017023086547851562
328780,normal,3536,0,1782362461.1746361,0.002192974090576172
328781,normal,2596,0,1782362461.1766398,0.0020036697387695312
328782,normal,3640,0,1782362461.1785069,0.001867055892944336
328783,normal,2177,0,1782362461.180632,0.002125263214111328
328784,normal,2503,0,1782362461.1826372,0.0020051002502441406
328785,normal,1245,0,1782362461.1845312,0.0018939971923828125
328786,normal,3316,1,1782362461.1866448,0.0021135807037353516
328787,normal,56,0,1782362461.1887136,0.002068758010864258
328788,normal,47,0,1782362461.1904643,0.0017507076263427734
328789,normal,2318,0,1782362461.1927319,0.002267599105834961
328790,normal,3033,0,1782362461.194655,0.0019230842590332031
328791,normal,3597,0,1782362461.1965137,0.0018587112426757812
328792,normal,3410,0,1782362461.1986544,0.0021407604217529297
328793,normal,3002,0,1782362461.2006266,0.001972198486328125
328794,normal,3370,1,1782362461.202501,0.0018744468688964844
328795,normal,2145,0,1782362461.2046402,0.0021390914916992188
328796,normal,2804,0,1782362461.2067087,0.0020685195922851562
328797,normal,1797,0,1782362461.208592,0.0018832683563232422
328798,normal,653,0,1782362461.2105708,0.0019788742065429688
328799,normal,2736,0,1782362461.2127059,0.002135038375854492
328800,normal,2326,0,1782362461.2146158,0.0019099712371826172
328801,normal,1962,0,1782362461.216744,0.002128124237060547
328802,normal,3414,0,1782362461.2187889,0.0020449161529541016
328803,normal,1921,0,1782362461.2206159,0.0018270015716552734
328804,normal,439,0,1782362461.2229545,0.0023386478424072266
328805,normal,1021,2,1782362461.2253883,0.00243377685546875
328806,normal,629,0,1782362461.226328,0.0009396076202392578
328807,normal,571,0,1782362461.228352,0.0020241737365722656
328808,normal,1445,0,1782362461.230453,0.0021009445190429688
328809,normal,189,0,1782362461.2323213,0.0018682479858398438
328810,normal,586,0,1782362461.2343678,0.0020465850830078125
328811,normal,1994,0,1782362461.236415,0.0020470619201660156
328812,normal,1110,0,1782362461.2385793,0.0021643638610839844
328813,normal,1950,0,1782362461.2403696,0.0017902851104736328
328814,normal,1238,0,1782362461.2427998,0.0024302005767822266
328815,normal,84,0,1782362461.2447488,0.0019490718841552734
328816,normal,1579,0,1782362461.246428,0.0016791820526123047
328817,normal,2413,0,1782362461.2492678,0.002839803695678711
328818,normal,2906,0,1782362461.2506254,0.0013575553894042969
328819,normal,1209,0,1782362461.252448,0.0018227100372314453
328820,normal,3264,1,1782362461.2545455,0.0020973682403564453
328821,normal,3102,1,1782362461.2564588,0.001913309097290039
328822,normal,2439,0,1782362461.258407,0.0019483566284179688
328823,normal,3578,0,1782362461.2605557,0.0021486282348632812
328824,normal,2626,0,1782362461.263179,0.002623319625854492
328825,normal,1186,0,1782362461.2646484,0.0014693737030029297
328826,normal,2685,0,1782362461.266475,0.0018265247344970703
328827,normal,1630,0,1782362461.2684405,0.0019655227661132812
328828,normal,2930,0,1782362461.270597,0.002156496047973633
328829,normal,1458,0,1782362461.2725136,0.001916646957397461
328830,normal,2902,0,1782362461.2744274,0.0019137859344482422
328831,normal,978,2,1782362461.2765672,0.0021398067474365234
328832,normal,1071,0,1782362461.278704,0.002136707305908203
328833,normal,2120,0,1782362461.2806304,0.001926422119140625
328834,normal,1068,0,1782362461.2824667,0.0018362998962402344
328835,normal,1643,0,1782362461.2846234,0.0021567344665527344
328836,normal,1425,0,1782362461.2865229,0.0018994808197021484
328837,normal,128,0,1782362461.2885149,0.0019919872283935547
328838,normal,285,0,1782362461.2905707,0.0020558834075927734
328839,normal,3266,1,1782362461.2926478,0.0020771026611328125
328840,normal,491,0,1782362461.294645,0.001997232437133789
328841,normal,1820,0,1782362461.2966497,0.0020046234130859375
328842,normal,835,2,1782362461.2984052,0.0017554759979248047
328843,normal,1729,0,1782362461.3006616,0.0022563934326171875
328844,normal,2190,0,1782362461.3028388,0.0021772384643554688
328845,normal,264,0,1782362461.304421,0.0015821456909179688
328846,normal,2443,0,1782362461.3065794,0.0021584033966064453
328847,normal,1095,0,1782362461.3085825,0.002003192901611328
328848,normal,1072,0,1782362461.3105855,0.0020029544830322266
328849,normal,2150,0,1782362461.3126254,0.0020399093627929688
328850,normal,1871,0,1782362461.3145995,0.0019741058349609375
328851,normal,712,0,1782362461.3165789,0.001979351043701172
328852,normal,1848,0,1782362461.318564,0.0019850730895996094
328853,normal,2775,0,1782362461.320657,0.002093076705932617
328854,normal,3669,0,1782362461.32259,0.0019330978393554688
328855,normal,2792,0,1782362461.324648,0.002057790756225586
328856,normal,1569,0,1782362461.3266556,0.002007722854614258
328857,normal,673,0,1782362461.328683,0.002027273178100586
328858,normal,471,0,1782362461.330502,0.0018191337585449219
328859,normal,129,0,1782362461.3329,0.0023980140686035156
328860,normal,178,0,1782362461.3353572,0.002457141876220703
328861,normal,3053,1,1782362461.3363948,0.00103759765625
328862,normal,3178,1,1782362461.3385646,0.0021698474884033203
328863,normal,3397,1,1782362461.340461,0.0018963813781738281
328864,normal,2816,0,1782362461.3425107,0.002049684524536133
328865,normal,1217,0,1782362461.3445315,0.0020208358764648438
328866,normal,267,0,1782362461.3464003,0.0018687248229980469
328867,normal,1885,0,1782362461.3487196,0.0023193359375
328868,normal,79,0,1782362461.350534,0.0018143653869628906
328869,normal,1059,0,1782362461.3527162,0.0021822452545166016
328870,normal,2559,0,1782362461.3545554,0.0018391609191894531
328871,normal,2862,0,1782362461.3566484,0.002093076705932617
328872,normal,2153,0,1782362461.3587291,0.002080678939819336
328873,normal,880,2,1782362461.3605716,0.001842498779296875
328874,normal,80,0,1782362461.362448,0.0018763542175292969
328875,normal,2335,0,1782362461.3647695,0.002321481704711914
328876,normal,1171,0,1782362461.3664944,0.0017249584197998047
328877,normal,3612,0,1782362461.3684692,0.001974821090698242
328878,normal,752,0,1782362461.3708265,0.0023572444915771484
328879,normal,1801,0,1782362461.3725803,0.0017538070678710938
328880,normal,2968,0,1782362461.3747654,0.0021851062774658203
328881,normal,3215,1,1782362461.376648,0.0018825531005859375
328882,normal,3041,0,1782362461.3786852,0.0020372867584228516
328883,normal,2667,0,1782362461.380715,0.0020296573638916016
328884,normal,1802,0,1782362461.3826787,0.0019638538360595703
328885,normal,820,2,1782362461.3845,0.001821279525756836
328886,normal,41,0,1782362461.3867621,0.002262115478515625
328887,normal,3085,1,1782362461.3884988,0.0017366409301757812
328888,normal,3498,0,1782362461.3908546,0.002355813980102539
328889,normal,4,0,1782362461.3923838,0.0015292167663574219
328890,normal,2977,0,1782362461.394735,0.0023512840270996094
328891,normal,3552,0,1782362461.3965518,0.0018167495727539062
328892,normal,1402,0,1782362461.398387,0.0018351078033447266
328893,normal,3187,1,1782362461.4005945,0.002207517623901367
328894,normal,3594,0,1782362461.4025638,0.0019693374633789062
328895,normal,3702,0,1782362461.4044256,0.0018618106842041016
328896,normal,1523,0,1782362461.4065623,0.002136707305908203
328897,normal,2797,0,1782362461.4087558,0.002193450927734375
328898,normal,2663,0,1782362461.4105854,0.0018296241760253906
328899,normal,393,0,1782362461.4127011,0.0021157264709472656
328900,normal,2012,0,1782362461.4145694,0.0018682479858398438
328901,normal,1965,0,1782362461.41672,0.0021505355834960938
328902,normal,1356,1,1782362461.4185293,0.0018093585968017578
328903,normal,3569,0,1782362461.420701,0.002171754837036133
328904,normal,2529,0,1782362461.4223764,0.0016753673553466797
328905,normal,3027,0,1782362461.4245212,0.0021448135375976562
328906,normal,2727,0,1782362461.4265559,0.0020346641540527344
328907,normal,2095,0,1782362461.428422,0.0018661022186279297
328908,normal,2052,0,1782362461.430899,0.002476930618286133
328909,normal,3277,1,1782362461.4324296,0.0015306472778320312
328910,normal,3605,0,1782362461.434801,0.002371549606323242
328911,normal,2572,0,1782362461.436696,0.0018949508666992188
328912,normal,3123,1,1782362461.4387038,0.002007722854614258
328913,normal,515,0,1782362461.4408417,0.002137899398803711
328914,normal,2817,0,1782362461.4426494,0.0018076896667480469
328915,normal,1466,0,1782362461.4446206,0.0019712448120117188
328916,normal,2148,0,1782362461.4467208,0.002100229263305664
328917,normal,787,2,1782362461.448852,0.002131223678588867
328918,normal,1676,0,1782362461.4507637,0.0019116401672363281
328919,normal,3621,0,1782362461.4530654,0.0023016929626464844
328920,normal,1960,0,1782362461.4544752,0.001409769058227539
328921,normal,1698,0,1782362461.4567142,0.0022389888763427734
328922,normal,1063,0,1782362461.458594,0.0018799304962158203
328923,normal,1939,0,1782362461.4605424,0.0019483566284179688
328924,normal,3201,1,1782362461.4625986,0.002056121826171875
328925,normal,2917,0,1782362461.465089,0.002490520477294922
328926,normal,2236,0,1782362461.4668407,0.0017516613006591797
328927,normal,3442,0,1782362461.4684503,0.0016095638275146484
328928,normal,3190,1,1782362461.470709,0.002258777618408203
328929,normal,3107,1,1782362461.4724436,0.0017344951629638672
328930,normal,2062,0,1782362461.4747338,0.0022902488708496094
328931,normal,1490,0,1782362461.4766192,0.0018854141235351562
328932,normal,946,2,1782362461.4793587,0.002739429473876953
328933,normal,2061,0,1782362461.4807267,0.0013680458068847656
328934,normal,2782,0,1782362461.482602,0.001875162124633789
328935,normal,1694,0,1782362461.4845614,0.001959562301635742
328936,normal,3051,1,1782362461.4868116,0.002250194549560547
328937,normal,975,2,1782362461.488437,0.0016252994537353516
328938,normal,3689,0,1782362461.490739,0.0023021697998046875
328939,normal,181,0,1782362461.4926825,0.001943349838256836
328940,normal,3025,0,1782362461.4949162,0.002233743667602539
328941,normal,3324,1,1782362461.4965103,0.0015940666198730469
328942,normal,2263,0,1782362461.4986572,0.0021469593048095703
328943,normal,2789,0,1782362461.500556,0.0018987655639648438
328944,normal,3443,0,1782362461.5026028,0.002046823501586914
328945,normal,2478,0,1782362461.504496,0.0018932819366455078
328946,normal,1839,0,1782362461.506507,0.002010822296142578
328947,normal,1155,0,1782362461.5091498,0.0026428699493408203
328948,normal,2234,0,1782362461.5105689,0.0014190673828125
328949,normal,3403,0,1782362461.5126436,0.002074718475341797
328950,normal,114,0,1782362461.514619,0.001975536346435547
328951,normal,1872,0,1782362461.5167596,0.002140522003173828
328952,normal,2384,0,1782362461.5185883,0.0018286705017089844
328953,normal,2500,0,1782362461.5206432,0.002054929733276367
328954,normal,273,0,1782362461.5224526,0.0018093585968017578
328955,normal,3257,1,1782362461.5244455,0.001992940902709961
328956,normal,995,2,1782362461.5267198,0.0022742748260498047
328957,normal,1761,0,1782362461.5289996,0.0022797584533691406
328958,normal,1469,0,1782362461.5305512,0.0015516281127929688
328959,normal,757,0,1782362461.532413,0.0018618106842041016
328960,normal,2049,0,1782362461.5348172,0.0024042129516601562
328961,normal,62,0,1782362461.5367665,0.001949310302734375
328962,normal,2330,0,1782362461.5384245,0.0016579627990722656
328963,normal,1,0,1782362461.540719,0.0022945404052734375
328964,normal,1472,0,1782362461.5424945,0.001775503158569336
328965,normal,2924,0,1782362461.5448635,0.002368927001953125
328966,normal,2323,0,1782362461.5469372,0.0020737648010253906
328967,normal,2697,0,1782362461.5485654,0.0016281604766845703
328968,normal,1641,0,1782362461.550455,0.0018897056579589844
328969,normal,888,2,1782362461.552628,0.0021729469299316406
328970,normal,2094,0,1782362461.5545244,0.0018963813781738281
328971,normal,313,0,1782362461.5566173,0.0020928382873535156
328972,normal,3164,1,1782362461.5586872,0.0020699501037597656
328973,normal,3293,1,1782362461.560783,0.0020956993103027344
328974,normal,3121,1,1782362461.5624905,0.0017075538635253906
328975,normal,1485,0,1782362461.5646198,0.0021293163299560547
328976,normal,143,0,1782362461.5666022,0.001982450485229492
328977,normal,2927,0,1782362461.5684514,0.0018491744995117188
328978,normal,278,0,1782362461.5705674,0.002115964889526367
328979,normal,2778,0,1782362461.5725808,0.0020134449005126953
328980,normal,546,0,1782362461.5746026,0.00202178955078125
328981,normal,2672,0,1782362461.5765698,0.001967191696166992
328982,normal,2214,0,1782362461.5786514,0.002081632614135742
328983,normal,409,0,1782362461.580376,0.0017244815826416016
328984,normal,1138,0,1782362461.5825667,0.002190828323364258
328985,normal,212,0,1782362461.5845115,0.0019447803497314453
328986,normal,528,0,1782362461.5867195,0.0022079944610595703
328987,normal,1149,0,1782362461.5885212,0.0018017292022705078
328988,normal,1017,2,1782362461.5906048,0.0020835399627685547
328989,normal,3269,1,1782362461.592439,0.0018341541290283203
328990,normal,2339,0,1782362461.5947568,0.0023179054260253906
328991,normal,347,0,1782362461.5964522,0.001695394515991211
328992,normal,3301,1,1782362461.5984771,0.0020248889923095703
328993,normal,3582,0,1782362461.600555,0.002077817916870117
328994,normal,1279,0,1782362461.6024013,0.0018463134765625
328995,normal,948,2,1782362461.6045632,0.0021619796752929688
328996,normal,1094,0,1782362461.6065955,0.0020322799682617188
328997,normal,1508,0,1782362461.6085386,0.0019431114196777344
328998,normal,2426,0,1782362461.6107104,0.002171754837036133
328999,normal,492,0,1782362461.6124926,0.0017821788787841797
329000,normal,2352,0,1782362461.6147945,0.002301931381225586
329001,normal,635,0,1782362461.6166809,0.0018863677978515625
329002,normal,3222,1,1782362461.6187036,0.0020227432250976562
329003,normal,1280,0,1782362461.6208503,0.0021467208862304688
329004,normal,2730,0,1782362461.6224205,0.0015702247619628906
329005,normal,1876,0,1782362461.624632,0.002211332321166992
329006,normal,1696,0,1782362461.6267922,0.002160310745239258
329007,normal,384,0,1782362461.6285753,0.001783132553100586
329008,normal,483,0,1782362461.6306293,0.002053976058959961
329009,normal,26,0,1782362461.6324608,0.0018315315246582031
329010,normal,2394,0,1782362461.634732,0.0022711753845214844
329011,normal,3455,0,1782362461.6365645,0.0018324851989746094
329012,normal,1461,0,1782362461.638756,0.0021915435791015625
329013,normal,2383,0,1782362461.6406205,0.0018644332885742188
329014,normal,161,0,1782362461.6426523,0.0020318031311035156
329015,normal,521,0,1782362461.644716,0.002063751220703125
329016,normal,1719,0,1782362461.6464446,0.0017285346984863281
329017,normal,227,0,1782362461.648922,0.002477407455444336
329018,normal,2121,0,1782362461.6506171,0.0016951560974121094
329019,normal,3557,0,1782362461.6532035,0.00258636474609375
329020,normal,1924,0,1782362461.6547225,0.0015189647674560547
329021,normal,3065,1,1782362461.6567717,0.0020492076873779297
329022,normal,3011,0,1782362461.6587496,0.0019779205322265625
329023,normal,2002,0,1782362461.660533,0.0017833709716796875
329024,normal,620,0,1782362461.6628218,0.002288818359375
329025,normal,3089,1,1782362461.6644332,0.001611471176147461
329026,normal,3337,1,1782362461.666708,0.002274751663208008
329027,normal,2567,0,1782362461.6685646,0.0018565654754638672
329028,normal,2329,0,1782362461.670818,0.0022535324096679688
329029,normal,2784,0,1782362461.6727138,0.0018956661224365234
329030,normal,3658,0,1782362461.6749578,0.0022439956665039062
329031,normal,2289,0,1782362461.6764612,0.0015034675598144531
329032,normal,556,0,1782362461.6787033,0.0022420883178710938
329033,normal,2172,0,1782362461.6804445,0.001741170883178711
329034,normal,518,0,1782362461.6825352,0.0020906925201416016
329035,normal,3145,1,1782362461.6845353,0.002000093460083008
329036,normal,1680,0,1782362461.6867785,0.0022432804107666016
329037,normal,780,2,1782362461.6893246,0.002546072006225586
329038,normal,168,0,1782362461.690764,0.0014393329620361328
329039,normal,2231,0,1782362461.6927512,0.0019872188568115234
329040,normal,1419,0,1782362461.6950092,0.0022580623626708984
329041,normal,2895,0,1782362461.6965644,0.0015552043914794922
329042,normal,2595,0,1782362461.6985912,0.002026796340942383
329043,normal,2055,0,1782362461.700464,0.0018727779388427734
329044,normal,2084,0,1782362461.7026014,0.002137422561645508
329045,normal,1232,0,1782362461.704909,0.0023076534271240234
329046,normal,767,0,1782362461.7066805,0.0017714500427246094
329047,normal,2466,0,1782362461.708656,0.001975536346435547
329048,normal,3568,0,1782362461.7104595,0.0018033981323242188
329049,normal,541,0,1782362461.7125857,0.0021262168884277344
329050,normal,762,0,1782362461.7144516,0.0018658638000488281
329051,normal,3530,0,1782362461.716616,0.0021643638610839844
329052,normal,2481,0,1782362461.718457,0.0018410682678222656
329053,normal,2373,0,1782362461.7213476,0.0028905868530273438
329054,normal,3090,1,1782362461.7227862,0.0014386177062988281
329055,normal,649,0,1782362461.7247386,0.0019524097442626953
329056,normal,366,0,1782362461.7268589,0.0021202564239501953
329057,normal,2760,0,1782362461.728632,0.0017731189727783203
329058,normal,3373,1,1782362461.7307277,0.0020956993103027344
329059,normal,431,0,1782362461.7328079,0.002080202102661133
329060,normal,3377,1,1782362461.7347763,0.0019683837890625
329061,normal,2184,0,1782362461.7366385,0.0018622875213623047
329062,normal,1022,2,1782362461.7390118,0.002373218536376953
329063,normal,190,0,1782362461.7406747,0.0016629695892333984
329064,normal,5,0,1782362461.7425878,0.0019130706787109375
329065,normal,1720,0,1782362461.7446275,0.002039670944213867
329066,normal,1542,0,1782362461.746894,0.002266407012939453
329067,normal,1511,0,1782362461.7488747,0.0019807815551757812
329068,normal,1424,0,1782362461.750562,0.0016872882843017578
329069,normal,1335,1,1782362461.752709,0.0021469593048095703
329070,normal,1957,0,1782362461.754425,0.0017161369323730469
329071,normal,1725,0,1782362461.7567108,0.0022857189178466797
329072,normal,1756,0,1782362461.7586157,0.0019049644470214844
329073,normal,1253,0,1782362461.760618,0.002002239227294922
329074,normal,2039,0,1782362461.7626054,0.001987457275390625
329075,normal,351,0,1782362461.7646284,0.002022981643676758
329076,normal,3030,0,1782362461.7666008,0.0019724369049072266
329077,normal,1943,0,1782362461.7685957,0.0019948482513427734
329078,normal,1409,0,1782362461.770863,0.0022673606872558594
329079,normal,1850,0,1782362461.7725704,0.001707315444946289
329080,normal,1794,0,1782362461.7746525,0.0020821094512939453
329081,normal,1411,0,1782362461.776706,0.002053499221801758
329082,normal,213,0,1782362461.7785788,0.0018727779388427734
329083,normal,3636,0,1782362461.7807264,0.002147674560546875
329084,normal,2235,0,1782362461.7826881,0.0019617080688476562
329085,normal,2327,0,1782362461.7846942,0.002006053924560547
329086,normal,476,0,1782362461.7866783,0.001984119415283203
329087,normal,511,0,1782362461.788932,0.0022537708282470703
329088,normal,3353,1,1782362461.790505,0.0015728473663330078
329089,normal,3682,0,1782362461.7927992,0.002294301986694336
329090,normal,547,0,1782362461.7946904,0.0018911361694335938
329091,normal,3422,0,1782362461.7966397,0.001949310302734375
329092,normal,3409,0,1782362461.7986286,0.0019888877868652344
329093,normal,2551,0,1782362461.8007574,0.0021288394927978516
329094,normal,2007,0,1782362461.8024611,0.0017037391662597656
329095,normal,1440,0,1782362461.804742,0.0022809505462646484
329096,normal,1104,0,1782362461.806573,0.0018308162689208984
329097,normal,1837,0,1782362461.808721,0.002148151397705078
329098,normal,1635,0,1782362461.810556,0.001834869384765625
329099,normal,3329,1,1782362461.8128996,0.0023436546325683594
329100,normal,605,0,1782362461.814521,0.0016214847564697266
329101,normal,2129,0,1782362461.816659,0.002137899398803711
329102,normal,3678,0,1782362461.8187966,0.0021376609802246094
329103,normal,1963,0,1782362461.8206844,0.0018877983093261719
329104,normal,3231,1,1782362461.8227303,0.002045869827270508
329105,normal,982,2,1782362461.8247821,0.002051830291748047
329106,normal,2252,0,1782362461.8268569,0.002074718475341797
329107,normal,3028,0,1782362461.82879,0.0019330978393554688
329108,normal,865,2,1782362461.8308501,0.0020601749420166016
329109,normal,2540,0,1782362461.8324661,0.0016160011291503906
329110,normal,2682,0,1782362461.8347442,0.0022780895233154297
329111,normal,1018,2,1782362461.8365808,0.001836538314819336
329112,normal,2220,0,1782362461.838569,0.0019881725311279297
329113,normal,856,2,1782362461.8408136,0.002244710922241211
329114,normal,3546,0,1782362461.8427265,0.001912832260131836
329115,normal,240,0,1782362461.844429,0.0017025470733642578
329116,normal,956,2,1782362461.8467093,0.0022802352905273438
329117,normal,3465,0,1782362461.8486903,0.001981019973754883
329118,normal,505,0,1782362461.8506458,0.0019555091857910156
329119,normal,1634,0,1782362461.8528204,0.0021746158599853516
329120,normal,1974,0,1782362461.8554494,0.0026290416717529297
329121,normal,3267,1,1782362461.8567955,0.0013461112976074219
329122,normal,3558,0,1782362461.8586578,0.0018622875213623047
329123,normal,3671,0,1782362461.860946,0.0022881031036376953
329124,normal,2407,0,1782362461.86257,0.0016241073608398438
329125,normal,2644,0,1782362461.8647292,0.00215911865234375
329126,normal,295,0,1782362461.8668215,0.0020923614501953125
329127,normal,3194,1,1782362461.8689113,0.0020897388458251953
329128,normal,2783,0,1782362461.87089,0.001978635787963867
329129,normal,1908,0,1782362461.8725393,0.0016493797302246094
329130,normal,1701,0,1782362461.8745651,0.0020258426666259766
329131,normal,1597,0,1782362461.8767145,0.002149343490600586
329132,normal,2524,0,1782362461.8785303,0.0018157958984375
329133,normal,2794,0,1782362461.8807576,0.002227306365966797
329134,normal,282,0,1782362461.8824906,0.0017330646514892578
329135,normal,1470,0,1782362461.8849041,0.002413511276245117
329136,normal,3630,0,1782362461.8867896,0.0018854141235351562
329137,normal,2054,0,1782362461.8887055,0.0019159317016601562
329138,normal,2633,0,1782362461.890721,0.0020155906677246094
329139,normal,348,0,1782362461.8928046,0.0020835399627685547
329140,normal,2445,0,1782362461.8954751,0.0026705265045166016
329141,normal,65,0,1782362461.8968792,0.0014040470123291016
329142,normal,1306,0,1782362461.898601,0.0017218589782714844
329143,normal,3214,1,1782362461.9006371,0.0020360946655273438
329144,normal,1809,0,1782362461.903024,0.002386808395385742
329145,normal,2910,0,1782362461.9045973,0.001573324203491211
329146,normal,2435,0,1782362461.9066427,0.0020453929901123047
329147,normal,866,2,1782362461.9090393,0.0023965835571289062
329148,normal,1995,0,1782362461.9108627,0.00182342529296875
329149,normal,158,0,1782362461.9127688,0.0019061565399169922
329150,normal,1211,0,1782362461.9146085,0.0018396377563476562
329151,normal,2597,0,1782362461.9165955,0.001986980438232422
329152,normal,1904,0,1782362461.9186277,0.0020322799682617188
329153,normal,2260,0,1782362461.9205277,0.0018999576568603516
329154,normal,994,2,1782362461.9225852,0.0020575523376464844
329155,normal,1039,0,1782362461.924451,0.0018658638000488281
329156,normal,939,2,1782362461.9265819,0.002130746841430664
329157,normal,3392,1,1782362461.928521,0.0019390583038330078
329158,normal,1583,0,1782362461.930694,0.002173185348510742
329159,normal,277,0,1782362461.9326875,0.001993417739868164
329160,normal,3048,1,1782362461.934592,0.0019044876098632812
329161,normal,3641,0,1782362461.9367633,0.0021712779998779297
329162,normal,1899,0,1782362461.9386437,0.0018804073333740234
329163,normal,2988,0,1782362461.940641,0.001997232437133789
329164,normal,249,0,1782362461.942595,0.0019540786743164062
329165,normal,821,2,1782362461.9444203,0.0018253326416015625
329166,normal,3022,0,1782362461.9470298,0.0026094913482666016
329167,normal,2124,0,1782362461.948722,0.001692056655883789
329168,normal,3078,1,1782362461.9506028,0.0018808841705322266
329169,normal,485,0,1782362461.9526267,0.002023935317993164
329170,normal,1849,0,1782362461.954752,0.002125263214111328
329171,normal,1506,0,1782362461.95655,0.0017979145050048828
329172,normal,641,0,1782362461.9585752,0.0020253658294677734
329173,normal,2583,0,1782362461.9605315,0.0019562244415283203
329174,normal,296,0,1782362461.9624465,0.00191497802734375
329175,normal,2101,0,1782362461.9646041,0.0021576881408691406
329176,normal,2646,0,1782362461.9666073,0.002003192901611328
329177,normal,1353,1,1782362461.9685092,0.001901865005493164
329178,normal,2912,0,1782362461.9705873,0.0020780563354492188
329179,normal,593,0,1782362461.9725673,0.0019800662994384766
329180,normal,3687,0,1782362461.9745505,0.001983165740966797
329181,normal,228,0,1782362461.9766252,0.002074718475341797
329182,normal,1012,2,1782362461.978627,0.0020017623901367188
329183,normal,791,2,1782362461.9805334,0.0019063949584960938
329184,normal,1551,0,1782362461.9826188,0.002085447311401367
329185,normal,203,0,1782362461.9845757,0.001956939697265625
329186,normal,2170,0,1782362461.9864025,0.0018267631530761719
329187,normal,663,0,1782362461.9886806,0.0022780895233154297
329188,normal,2018,0,1782362461.9906154,0.0019347667694091797
329189,normal,159,0,1782362461.9927514,0.0021359920501708984
329190,normal,1477,0,1782362461.9946237,0.0018723011016845703
329191,normal,1510,0,1782362461.9966376,0.0020139217376708984
329192,normal,3348,1,1782362461.9985003,0.0018627643585205078
329193,normal,750,0,1782362462.0005972,0.002096891403198242
329194,normal,1035,0,1782362462.0025928,0.001995563507080078
329195,normal,3032,0,1782362462.004549,0.0019562244415283203
329196,normal,2625,0,1782362462.0065427,0.0019936561584472656
329197,normal,389,0,1782362462.0085375,0.0019948482513427734
329198,normal,2310,0,1782362462.0104344,0.0018968582153320312
329199,normal,1006,2,1782362462.01253,0.0020956993103027344
329200,normal,3068,1,1782362462.0148203,0.0022902488708496094
329201,normal,1507,0,1782362462.0165806,0.001760244369506836
329202,normal,1460,0,1782362462.0186133,0.002032756805419922
329203,normal,265,0,1782362462.0206046,0.00199127197265625
329204,normal,3128,1,1782362462.022602,0.0019974708557128906
329205,normal,3142,1,1782362462.024764,0.0021619796752929688
329206,normal,1548,0,1782362462.0268297,0.0020656585693359375
329207,normal,2109,0,1782362462.028522,0.0016922950744628906
329208,normal,3182,1,1782362462.0308459,0.0023238658905029297
329209,normal,3208,1,1782362462.0327241,0.0018782615661621094
329210,normal,886,2,1782362462.0346942,0.001970052719116211
329211,normal,1587,0,1782362462.036553,0.0018587112426757812
329212,normal,2932,0,1782362462.0385718,0.0020189285278320312
329213,normal,2635,0,1782362462.0404582,0.0018863677978515625
329214,normal,1741,0,1782362462.042582,0.0021238327026367188
329215,normal,3423,0,1782362462.0447369,0.002154827117919922
329216,normal,3288,1,1782362462.0464907,0.0017538070678710938
329217,normal,2920,0,1782362462.0485406,0.0020499229431152344
329218,normal,2709,0,1782362462.0505338,0.0019931793212890625
329219,normal,2023,0,1782362462.05241,0.0018761157989501953
329220,normal,1200,0,1782362462.054572,0.0021622180938720703
329221,normal,2569,0,1782362462.0568395,0.0022673606872558594
329222,normal,258,0,1782362462.0584683,0.001628875732421875
329223,normal,2843,0,1782362462.060761,0.002292633056640625
329224,normal,259,0,1782362462.0626993,0.0019383430480957031
329225,normal,337,0,1782362462.0646956,0.001996278762817383
329226,normal,2368,0,1782362462.0667942,0.002098560333251953
329227,normal,307,0,1782362462.0685327,0.0017385482788085938
329228,normal,2544,0,1782362462.070741,0.002208232879638672
329229,normal,3100,1,1782362462.072563,0.0018219947814941406
329230,normal,2921,0,1782362462.074684,0.0021209716796875
329231,normal,3207,1,1782362462.076586,0.0019021034240722656
329232,normal,624,0,1782362462.0788815,0.0022954940795898438
329233,normal,2130,0,1782362462.080549,0.0016674995422363281
329234,normal,3303,1,1782362462.0825753,0.0020263195037841797
329235,normal,3009,0,1782362462.0844939,0.0019185543060302734
329236,normal,2823,0,1782362462.0867097,0.002215862274169922
329237,normal,2832,0,1782362462.0884414,0.0017316341400146484
329238,normal,1833,0,1782362462.090555,0.0021135807037353516
329239,normal,1588,0,1782362462.0925405,0.0019855499267578125
329240,normal,931,2,1782362462.0944045,0.0018639564514160156
329241,normal,954,2,1782362462.0965006,0.0020961761474609375
329242,normal,2484,0,1782362462.0989983,0.0024976730346679688
329243,normal,2994,0,1782362462.1009786,0.001980304718017578
329244,normal,1083,0,1782362462.1026325,0.001653909683227539
329245,normal,2224,0,1782362462.104606,0.001973390579223633
329246,normal,1564,0,1782362462.1068702,0.002264261245727539
329247,normal,360,0,1782362462.1085944,0.0017242431640625
329248,normal,2016,0,1782362462.1107006,0.002106189727783203
329249,normal,581,0,1782362462.112587,0.0018863677978515625
329250,normal,2787,0,1782362462.1150005,0.002413511276245117
329251,normal,2258,0,1782362462.116623,0.0016224384307861328
329252,normal,1981,0,1782362462.118543,0.0019199848175048828
329253,normal,990,2,1782362462.1204,0.0018570423126220703
329254,normal,3117,1,1782362462.1225905,0.0021905899047851562
329255,normal,176,0,1782362462.124525,0.0019345283508300781
329256,normal,3057,1,1782362462.1266398,0.0021147727966308594
329257,normal,3149,1,1782362462.1286798,0.0020399093627929688
329258,normal,1774,0,1782362462.1308715,0.002191781997680664
329259,normal,1152,0,1782362462.132766,0.0018944740295410156
329260,normal,951,2,1782362462.1347384,0.0019724369049072266
329261,normal,944,2,1782362462.1365147,0.0017762184143066406
329262,normal,1447,0,1782362462.1386843,0.0021696090698242188
329263,normal,3181,1,1782362462.1408167,0.002132415771484375
329264,normal,2119,0,1782362462.1431081,0.002291440963745117
329265,normal,185,0,1782362462.144642,0.0015339851379394531
329266,normal,388,0,1782362462.1471508,0.0025086402893066406
329267,normal,2881,0,1782362462.1489758,0.001825094223022461
329268,normal,284,0,1782362462.1506546,0.0016787052154541016
329269,normal,222,0,1782362462.152715,0.002060413360595703
329270,normal,1191,0,1782362462.154526,0.0018110275268554688
329271,normal,561,0,1782362462.156815,0.0022890567779541016
329272,normal,2715,0,1782362498.7288706,0.0
329273,normal,2823,0,1782362498.7308936,0.002022981643676758
329274,normal,2001,0,1782362498.7329292,0.0020356178283691406
329275,normal,2871,0,1782362498.7349155,0.001986265182495117
329276,normal,2906,0,1782362498.7368805,0.001965045928955078
329277,normal,481,0,1782362498.7389936,0.0021131038665771484
329278,normal,2571,0,1782362498.740851,0.0018572807312011719
329279,normal,1401,0,1782362498.743035,0.002184152603149414
329280,normal,80,0,1782362498.7448268,0.0017917156219482422
329281,normal,1245,0,1782362498.7470682,0.002241373062133789
329282,normal,1543,0,1782362498.7488632,0.001795053482055664
329283,normal,1875,0,1782362498.7510426,0.002179384231567383
329284,normal,180,0,1782362498.7529044,0.0018618106842041016
329285,normal,2206,0,1782362498.755201,0.0022966861724853516
329286,normal,1629,0,1782362498.7569325,0.0017313957214355469
329287,normal,1793,0,1782362498.7592103,0.002277851104736328
329288,normal,1226,0,1782362498.7610722,0.0018618106842041016
329289,normal,2076,0,1782362498.7630348,0.0019626617431640625
329290,normal,1778,0,1782362498.765051,0.0020160675048828125
329291,normal,3187,1,1782362498.767001,0.0019500255584716797
329292,normal,131,0,1782362498.7690518,0.0020508766174316406
329293,normal,890,2,1782362498.77091,0.0018582344055175781
329294,normal,917,2,1782362498.7730622,0.0021522045135498047
329295,normal,2496,0,1782362498.7749145,0.001852273941040039
329296,normal,1172,0,1782362498.7770607,0.0021462440490722656
329297,normal,1027,2,1782362498.7789094,0.0018486976623535156
329298,normal,853,2,1782362498.7810721,0.0021626949310302734
329299,normal,2617,0,1782362498.7829115,0.0018393993377685547
329300,normal,116,0,1782362498.7850616,0.0021500587463378906
329301,normal,3643,0,1782362498.7869136,0.0018520355224609375
329302,normal,317,0,1782362498.7892206,0.0023069381713867188
329303,normal,104,0,1782362498.7909558,0.0017352104187011719
329304,normal,2440,0,1782362498.7930698,0.0021140575408935547
329305,normal,3382,1,1782362498.7949114,0.0018415451049804688
329306,normal,1690,0,1782362498.7971125,0.002201080322265625
329307,normal,61,0,1782362498.798937,0.0018246173858642578
329308,normal,680,0,1782362498.800887,0.0019500255584716797
329309,normal,1606,0,1782362498.803055,0.002167940139770508
329310,normal,592,0,1782362498.8049138,0.0018587112426757812
329311,normal,2495,0,1782362498.8070586,0.0021448135375976562
329312,normal,3344,1,1782362498.8089154,0.0018568038940429688
329313,normal,3427,0,1782362498.8110602,0.0021448135375976562
329314,normal,2160,0,1782362498.8129244,0.0018641948699951172
329315,normal,2603,0,1782362498.8151813,0.0022568702697753906
329316,normal,2881,0,1782362498.816862,0.0016808509826660156
329317,normal,2164,0,1782362498.818851,0.0019888877868652344
329318,normal,1822,0,1782362498.820909,0.0020580291748046875
329319,normal,3475,0,1782362498.8228507,0.001941680908203125
329320,normal,519,0,1782362498.8248472,0.0019965171813964844
329321,normal,617,0,1782362498.827072,0.0022246837615966797
329322,normal,1253,0,1782362498.8289676,0.0018956661224365234
329323,normal,2347,0,1782362498.831053,0.002085447311401367
329324,normal,521,0,1782362498.8330123,0.0019593238830566406
329325,normal,1828,0,1782362498.8348851,0.0018727779388427734
329326,normal,977,2,1782362498.8372042,0.0023190975189208984
329327,normal,2248,0,1782362498.8390772,0.001873016357421875
329328,normal,1118,0,1782362498.8410468,0.001969575881958008
329329,normal,2315,0,1782362498.842991,0.0019443035125732422
329330,normal,488,0,1782362498.8449178,0.0019266605377197266
329331,normal,1869,0,1782362498.8468964,0.001978635787963867
329332,normal,638,0,1782362498.8490577,0.002161264419555664
329333,normal,1964,0,1782362498.8509798,0.0019221305847167969
329334,normal,2261,0,1782362498.853098,0.0021181106567382812
329335,normal,762,0,1782362498.8549137,0.0018157958984375
329336,normal,2362,0,1782362498.857062,0.0021483898162841797
329337,normal,3251,1,1782362498.8589144,0.001852273941040039
329338,normal,2812,0,1782362498.861058,0.0021436214447021484
329339,normal,702,0,1782362498.8629878,0.0019297599792480469
329340,normal,2759,0,1782362498.86505,0.0020623207092285156
329341,normal,3092,1,1782362498.8669147,0.0018646717071533203
329342,normal,1255,0,1782362498.8690593,0.0021445751190185547
329343,normal,3192,1,1782362498.870914,0.0018546581268310547
329344,normal,1568,0,1782362498.873063,0.0021491050720214844
329345,normal,1266,0,1782362498.87499,0.0019268989562988281
329346,normal,1390,0,1782362498.877011,0.0020210742950439453
329347,normal,3041,0,1782362498.878906,0.0018949508666992188
329348,normal,3400,1,1782362498.8810325,0.002126455307006836
329349,normal,880,2,1782362498.882898,0.0018656253814697266
329350,normal,3079,1,1782362498.885037,0.002138853073120117
329351,normal,865,2,1782362498.886899,0.0018620491027832031
329352,normal,338,0,1782362498.888875,0.00197601318359375
329353,normal,130,0,1782362498.8910248,0.002149820327758789
329354,normal,1643,0,1782362498.8928998,0.0018749237060546875
329355,normal,838,2,1782362498.8951032,0.0022034645080566406
329356,normal,689,0,1782362498.896931,0.0018277168273925781
329357,normal,3134,1,1782362498.899202,0.0022711753845214844
329358,normal,359,0,1782362498.9009447,0.0017426013946533203
329359,normal,3173,1,1782362498.903051,0.002106189727783203
329360,normal,3112,1,1782362498.9050932,0.0020422935485839844
329361,normal,548,0,1782362498.9068828,0.0017895698547363281
329362,normal,3428,0,1782362498.9090333,0.0021505355834960938
329363,normal,2103,0,1782362498.9110367,0.0020034313201904297
329364,normal,2451,0,1782362498.9129014,0.0018646717071533203
329365,normal,1470,0,1782362498.9150915,0.002190113067626953
329366,normal,1641,0,1782362498.9170463,0.001954793930053711
329367,normal,3007,0,1782362498.9188747,0.0018284320831298828
329368,normal,2972,0,1782362498.921084,0.002209186553955078
329369,normal,1587,0,1782362498.9228957,0.0018117427825927734
329370,normal,3339,1,1782362498.9251378,0.0022420883178710938
329371,normal,2105,0,1782362498.926883,0.0017452239990234375
329372,normal,26,0,1782362498.9291208,0.0022377967834472656
329373,normal,2844,0,1782362498.9308972,0.0017764568328857422
329374,normal,755,0,1782362498.933194,0.0022966861724853516
329375,normal,2644,0,1782362498.934946,0.0017521381378173828
329376,normal,1974,0,1782362498.9369957,0.002049684524536133
329377,normal,3244,1,1782362498.9389255,0.0019297599792480469
329378,normal,2436,0,1782362498.9412012,0.002275705337524414
329379,normal,1001,2,1782362498.9429233,0.001722097396850586
329380,normal,3360,1,1782362498.9452038,0.0022804737091064453
329381,normal,1328,1,1782362498.947153,0.001949310302734375
329382,normal,787,2,1782362498.9490786,0.0019254684448242188
329383,normal,820,2,1782362498.9510543,0.0019757747650146484
329384,normal,169,0,1782362498.9532006,0.0021462440490722656
329385,normal,998,2,1782362498.9549296,0.0017290115356445312
329386,normal,1722,0,1782362498.9572103,0.002280712127685547
329387,normal,1832,0,1782362498.959158,0.001947641372680664
329388,normal,1144,0,1782362498.9610794,0.0019214153289794922
329389,normal,32,0,1782362498.9630556,0.0019762516021728516
329390,normal,1638,0,1782362498.9652202,0.002164602279663086
329391,normal,2038,0,1782362498.9669232,0.001703023910522461
329392,normal,1351,1,1782362498.9692106,0.0022873878479003906
329393,normal,2836,0,1782362498.9710727,0.0018620491027832031
329394,normal,1024,2,1782362498.9730735,0.0020008087158203125
329395,normal,2386,0,1782362498.9750555,0.001981973648071289
329396,normal,2409,0,1782362498.97722,0.002164602279663086
329397,normal,1277,0,1782362498.978924,0.0017039775848388672
329398,normal,1035,0,1782362498.9812078,0.002283811569213867
329399,normal,3056,1,1782362498.9830716,0.001863718032836914
329400,normal,2286,0,1782362498.9850812,0.0020096302032470703
329401,normal,1714,0,1782362498.987072,0.001990795135498047
329402,normal,2518,0,1782362498.9892035,0.0021314620971679688
329403,normal,425,0,1782362498.9909308,0.0017273426055908203
329404,normal,2723,0,1782362498.993193,0.002262115478515625
329405,normal,2408,0,1782362498.9951112,0.0019183158874511719
329406,normal,3409,0,1782362498.996925,0.0018138885498046875
329407,normal,3655,0,1782362498.9991977,0.0022726058959960938
329408,normal,692,0,1782362499.0011318,0.001934051513671875
329409,normal,1625,0,1782362499.0029302,0.001798391342163086
329410,normal,3291,1,1782362499.0051968,0.0022666454315185547
329411,normal,2784,0,1782362499.0070815,0.0018846988677978516
329412,normal,2323,0,1782362499.009076,0.001994609832763672
329413,normal,2039,0,1782362499.011082,0.0020058155059814453
329414,normal,3248,1,1782362499.0132046,0.002122640609741211
329415,normal,173,0,1782362499.0149293,0.0017247200012207031
329416,normal,2197,0,1782362499.0171962,0.0022668838500976562
329417,normal,2633,0,1782362499.0190876,0.0018913745880126953
329418,normal,3481,0,1782362499.0210817,0.0019941329956054688
329419,normal,2505,0,1782362499.0230827,0.002001047134399414
329420,normal,777,2,1782362499.0250857,0.0020029544830322266
329421,normal,1784,0,1782362499.0270805,0.0019948482513427734
329422,normal,2344,0,1782362499.029057,0.001976490020751953
329423,normal,927,2,1782362499.0312326,0.002175569534301758
329424,normal,2856,0,1782362499.032923,0.0016903877258300781
329425,normal,908,2,1782362499.0351973,0.0022742748260498047
329426,normal,3634,0,1782362499.0370915,0.001894235610961914
329427,normal,3106,1,1782362499.0390768,0.001985311508178711
329428,normal,1402,0,1782362499.0410552,0.0019783973693847656
329429,normal,3491,0,1782362499.0432646,0.0022094249725341797
329430,normal,2782,0,1782362499.0449245,0.0016598701477050781
329431,normal,155,0,1782362499.0472238,0.0022993087768554688
329432,normal,1936,0,1782362499.0490973,0.0018734931945800781
329433,normal,1632,0,1782362499.0510774,0.0019800662994384766
329434,normal,2676,0,1782362499.0530527,0.0019752979278564453
329435,normal,3118,1,1782362499.0552015,0.002148866653442383
329436,normal,647,0,1782362499.0569255,0.0017240047454833984
329437,normal,3548,0,1782362499.059224,0.0022983551025390625
329438,normal,1678,0,1782362499.0611017,0.0018777847290039062
329439,normal,2459,0,1782362499.0630763,0.0019745826721191406
329440,normal,1460,0,1782362499.065182,0.002105712890625
329441,normal,156,0,1782362499.067129,0.0019469261169433594
329442,normal,1495,0,1782362499.0691185,0.001989603042602539
329443,normal,358,0,1782362499.070925,0.001806497573852539
329444,normal,3097,1,1782362499.0732005,0.0022754669189453125
329445,normal,411,0,1782362499.0749254,0.0017249584197998047
329446,normal,2841,0,1782362499.077194,0.002268552780151367
329447,normal,1526,0,1782362499.0789127,0.001718759536743164
329448,normal,1069,0,1782362499.0810807,0.002167940139770508
329449,normal,3476,0,1782362499.0830562,0.001975536346435547
329450,normal,3547,0,1782362499.0851972,0.0021409988403320312
329451,normal,3632,0,1782362499.0869267,0.0017294883728027344
329452,normal,682,0,1782362499.0892258,0.002299070358276367
329453,normal,3016,0,1782362499.0911157,0.001889944076538086
329454,normal,1181,0,1782362499.0930822,0.0019664764404296875
329455,normal,1970,0,1782362499.0950549,0.001972675323486328
329456,normal,2808,0,1782362499.097198,0.0021431446075439453
329457,normal,1039,0,1782362499.0989246,0.0017266273498535156
329458,normal,640,0,1782362499.1012254,0.002300739288330078
329459,normal,3004,0,1782362499.1031191,0.001893758773803711
329460,normal,3452,0,1782362499.1050735,0.001954317092895508
329461,normal,2513,0,1782362499.107055,0.001981496810913086
329462,normal,2561,0,1782362499.109188,0.0021331310272216797
329463,normal,2141,0,1782362499.1109278,0.0017397403717041016
329464,normal,1262,0,1782362499.1132257,0.0022978782653808594
329465,normal,535,0,1782362499.1151292,0.001903533935546875
329466,normal,907,2,1782362499.1170774,0.0019481182098388672
329467,normal,2898,0,1782362499.1190572,0.001979827880859375
329468,normal,2367,0,1782362499.1212008,0.0021436214447021484
329469,normal,1724,0,1782362499.1229248,0.0017240047454833984
329470,normal,2462,0,1782362499.1252007,0.0022759437561035156
329471,normal,334,0,1782362499.1271303,0.0019295215606689453
329472,normal,512,0,1782362499.1290753,0.0019450187683105469
329473,normal,614,0,1782362499.1310556,0.001980304718017578
329474,normal,3410,0,1782362499.1331906,0.002135038375854492
329475,normal,147,0,1782362499.1349247,0.001734018325805664
329476,normal,631,0,1782362499.1371872,0.002262592315673828
329477,normal,2587,0,1782362499.1391358,0.0019485950469970703
329478,normal,625,0,1782362499.1410792,0.001943349838256836
329479,normal,3288,1,1782362499.1430688,0.001989603042602539
329480,normal,1180,0,1782362499.1451902,0.002121448516845703
329481,normal,1939,0,1782362499.1469266,0.0017364025115966797
329482,normal,2965,0,1782362499.1492095,0.002282857894897461
329483,normal,2889,0,1782362499.1511433,0.0019338130950927734
329484,normal,3633,0,1782362499.1530752,0.001931905746459961
329485,normal,1173,0,1782362499.155057,0.0019817352294921875
329486,normal,3015,0,1782362499.1571908,0.0021338462829589844
329487,normal,290,0,1782362499.1589308,0.0017399787902832031
329488,normal,1840,0,1782362499.1611893,0.0022585391998291016
329489,normal,3200,1,1782362499.1631446,0.001955270767211914
329490,normal,2132,0,1782362499.1650736,0.0019290447235107422
329491,normal,295,0,1782362499.1670558,0.0019822120666503906
329492,normal,2498,0,1782362499.169203,0.002147197723388672
329493,normal,1660,0,1782362499.1709263,0.0017232894897460938
329494,normal,1201,0,1782362499.1731975,0.0022711753845214844
329495,normal,2123,0,1782362499.1751537,0.0019562244415283203
329496,normal,2357,0,1782362499.177078,0.001924276351928711
329497,normal,3530,0,1782362499.179058,0.0019800662994384766
329498,normal,1609,0,1782362499.181187,0.0021288394927978516
329499,normal,2988,0,1782362499.1829371,0.0017502307891845703
329500,normal,1666,0,1782362499.185056,0.002118825912475586
329501,normal,3649,0,1782362499.1872034,0.0021474361419677734
329502,normal,1131,0,1782362499.1889262,0.0017228126525878906
329503,normal,2538,0,1782362499.1911993,0.002273082733154297
329504,normal,1139,0,1782362499.1930609,0.001861572265625
329505,normal,3550,0,1782362499.1950777,0.002016782760620117
329506,normal,2704,0,1782362499.1970575,0.001979827880859375
329507,normal,905,2,1782362499.199213,0.0021555423736572266
329508,normal,1109,0,1782362499.2009244,0.0017113685607910156
329509,normal,956,2,1782362499.2032163,0.0022919178009033203
329510,normal,2117,0,1782362499.2051263,0.0019099712371826172
329511,normal,1755,0,1782362499.2070837,0.001957416534423828
329512,normal,2753,0,1782362499.2090616,0.0019779205322265625
329513,normal,2860,0,1782362499.2112164,0.002154827117919922
329514,normal,972,2,1782362499.212924,0.0017075538635253906
329515,normal,1924,0,1782362499.215204,0.002279996871948242
329516,normal,3048,1,1782362499.2171412,0.0019371509552001953
329517,normal,2219,0,1782362499.2191098,0.0019686222076416016
329518,normal,415,0,1782362499.2210553,0.00194549560546875
329519,normal,448,0,1782362499.2232006,0.0021452903747558594
329520,normal,3666,0,1782362499.2249253,0.0017247200012207031
329521,normal,2516,0,1782362499.2271998,0.0022745132446289062
329522,normal,1115,0,1782362499.2290719,0.0018720626831054688
329523,normal,1214,0,1782362499.231079,0.0020072460174560547
329524,normal,2685,0,1782362499.233056,0.0019769668579101562
329525,normal,1130,0,1782362499.235201,0.0021448135375976562
329526,normal,1170,0,1782362499.236931,0.001730203628540039
329527,normal,46,0,1782362499.239204,0.0022728443145751953
329528,normal,874,2,1782362499.2411523,0.0019483566284179688
329529,normal,1691,0,1782362499.24309,0.0019376277923583984
329530,normal,237,0,1782362499.245059,0.0019690990447998047
329531,normal,3104,1,1782362499.247082,0.002022981643676758
329532,normal,815,2,1782362499.2490776,0.001995563507080078
329533,normal,2025,0,1782362499.2510614,0.0019838809967041016
329534,normal,333,0,1782362499.2532,0.0021386146545410156
329535,normal,2729,0,1782362499.2549245,0.0017244815826416016
329536,normal,3152,1,1782362499.2571971,0.0022726058959960938
329537,normal,1944,0,1782362499.2590876,0.001890420913696289
329538,normal,3296,1,1782362499.2610846,0.0019969940185546875
329539,normal,3584,0,1782362499.2630577,0.0019731521606445312
329540,normal,75,0,1782362499.2651982,0.002140522003173828
329541,normal,1235,0,1782362499.266927,0.0017287731170654297
329542,normal,3348,1,1782362499.2692,0.002273082733154297
329543,normal,1465,0,1782362499.27117,0.0019698143005371094
329544,normal,969,2,1782362499.273088,0.0019180774688720703
329545,normal,2033,0,1782362499.2750568,0.001968860626220703
329546,normal,1197,0,1782362499.2772167,0.0021598339080810547
329547,normal,2059,0,1782362499.2789245,0.0017077922821044922
329548,normal,256,0,1782362499.2811978,0.0022733211517333984
329549,normal,1925,0,1782362499.2830968,0.0018990039825439453
329550,normal,3319,1,1782362499.2850776,0.0019807815551757812
329551,normal,1534,0,1782362499.2870586,0.001981019973754883
329552,normal,3480,0,1782362499.2892203,0.002161741256713867
329553,normal,3148,1,1782362499.2909236,0.0017032623291015625
329554,normal,2899,0,1782362499.2931976,0.002274036407470703
329555,normal,581,0,1782362499.2951794,0.0019817352294921875
329556,normal,1184,0,1782362499.2970803,0.0019009113311767578
329557,normal,943,2,1782362499.2990577,0.0019774436950683594
329558,normal,117,0,1782362499.301216,0.0021581649780273438
329559,normal,2056,0,1782362499.3029246,0.0017087459564208984
329560,normal,1234,0,1782362499.305234,0.0023093223571777344
329561,normal,2428,0,1782362499.3071098,0.0018758773803710938
329562,normal,1628,0,1782362499.3090775,0.0019676685333251953
329563,normal,97,0,1782362499.3110569,0.001979351043701172
329564,normal,1391,0,1782362499.3131988,0.0021419525146484375
329565,normal,1050,0,1782362499.31493,0.0017311573028564453
329566,normal,283,0,1782362499.3172004,0.0022704601287841797
329567,normal,3681,0,1782362499.3191955,0.001995086669921875
329568,normal,356,0,1782362499.321077,0.0018815994262695312
329569,normal,1012,2,1782362499.3230572,0.0019800662994384766
329570,normal,1881,0,1782362499.3251984,0.002141237258911133
329571,normal,3211,1,1782362499.3269267,0.0017282962799072266
329572,normal,1447,0,1782362499.3292353,0.0023086071014404297
329573,normal,2216,0,1782362499.3312037,0.0019683837890625
329574,normal,2804,0,1782362499.3330784,0.001874685287475586
329575,normal,1988,0,1782362499.3350568,0.0019783973693847656
329576,normal,2265,0,1782362499.3372035,0.0021467208862304688
329577,normal,1596,0,1782362499.338926,0.001722574234008789
329578,normal,616,0,1782362499.3412356,0.002309560775756836
329579,normal,3337,1,1782362499.343142,0.0019063949584960938
329580,normal,2143,0,1782362499.345084,0.0019419193267822266
329581,normal,2148,0,1782362499.3470578,0.001973867416381836
329582,normal,2253,0,1782362499.349064,0.0020062923431396484
329583,normal,2849,0,1782362499.3509235,0.001859426498413086
329584,normal,3516,0,1782362499.3530676,0.0021440982818603516
329585,normal,3538,0,1782362499.355218,0.002150297164916992
329586,normal,2278,0,1782362499.3569257,0.0017077922821044922
329587,normal,645,0,1782362499.359207,0.00228118896484375
329588,normal,3628,0,1782362499.361154,0.001947164535522461
329589,normal,2031,0,1782362499.363079,0.0019249916076660156
329590,normal,1675,0,1782362499.3650734,0.0019943714141845703
329591,normal,144,0,1782362499.3672051,0.0021317005157470703
329592,normal,2504,0,1782362499.3689272,0.001722097396850586
329593,normal,1620,0,1782362499.3712037,0.0022764205932617188
329594,normal,1728,0,1782362499.3731358,0.0019321441650390625
329595,normal,1087,0,1782362499.375084,0.0019481182098388672
329596,normal,2938,0,1782362499.3770654,0.001981496810913086
329597,normal,178,0,1782362499.379273,0.002207517623901367
329598,normal,2645,0,1782362499.380931,0.0016579627990722656
329599,normal,1091,0,1782362499.3831995,0.002268552780151367
329600,normal,575,0,1782362499.3851407,0.0019412040710449219
329601,normal,1111,0,1782362499.3870811,0.0019404888153076172
329602,normal,662,0,1782362499.3890631,0.001981973648071289
329603,normal,2027,0,1782362499.391212,0.002148866653442383
329604,normal,2738,0,1782362499.3929405,0.0017285346984863281
329605,normal,2585,0,1782362499.3952,0.002259492874145508
329606,normal,2147,0,1782362499.3971303,0.00193023681640625
329607,normal,2251,0,1782362499.399084,0.0019538402557373047
329608,normal,2566,0,1782362499.4010608,0.0019767284393310547
329609,normal,1538,0,1782362499.4032037,0.0021429061889648438
329610,normal,2660,0,1782362499.4049616,0.0017578601837158203
329611,normal,2675,0,1782362499.4072046,0.0022430419921875
329612,normal,2282,0,1782362499.409128,0.0019233226776123047
329613,normal,3667,0,1782362499.4110854,0.001957416534423828
329614,normal,1726,0,1782362499.4130573,0.0019719600677490234
329615,normal,199,0,1782362499.4150605,0.002003192901611328
329616,normal,2245,0,1782362499.4169252,0.0018646717071533203
329617,normal,3117,1,1782362499.4191997,0.0022745132446289062
329618,normal,1764,0,1782362499.4211423,0.0019426345825195312
329619,normal,1051,0,1782362499.4230757,0.0019333362579345703
329620,normal,3445,0,1782362499.4250507,0.0019750595092773438
329621,normal,3459,0,1782362499.4270577,0.002007007598876953
329622,normal,1421,0,1782362499.4290698,0.002012014389038086
329623,normal,2787,0,1782362499.431054,0.0019843578338623047
329624,normal,1809,0,1782362499.4331675,0.00211334228515625
329625,normal,2028,0,1782362499.4349225,0.0017549991607666016
329626,normal,3519,0,1782362499.4372053,0.002282857894897461
329627,normal,45,0,1782362499.4391294,0.0019240379333496094
329628,normal,2689,0,1782362499.4410224,0.0018930435180664062
329629,normal,2642,0,1782362499.4430559,0.0020334720611572266
329630,normal,1681,0,1782362499.4450943,0.0020384788513183594
329631,normal,1008,2,1782362499.446906,0.0018117427825927734
329632,normal,2722,0,1782362499.4491975,0.002291440963745117
329633,normal,3442,0,1782362499.4510632,0.0018656253814697266
329634,normal,441,0,1782362499.4530692,0.002006053924560547
329635,normal,921,2,1782362499.4550557,0.0019865036010742188
329636,normal,3100,1,1782362499.4570658,0.0020101070404052734
329637,normal,883,2,1782362499.45907,0.0020041465759277344
329638,normal,217,0,1782362499.4610538,0.0019838809967041016
329639,normal,940,2,1782362499.4630692,0.002015352249145508
329640,normal,2921,0,1782362499.4650748,0.0020055770874023438
329641,normal,2522,0,1782362499.467048,0.0019731521606445312
329642,normal,3116,1,1782362499.4690714,0.002023458480834961
329643,normal,720,0,1782362499.4710763,0.002004861831665039
329644,normal,1006,2,1782362499.473055,0.001978635787963867
329645,normal,3431,0,1782362499.4750743,0.0020194053649902344
329646,normal,2937,0,1782362499.477071,0.001996755599975586
329647,normal,305,0,1782362499.4790154,0.0019443035125732422
329648,normal,2387,0,1782362499.4810743,0.0020589828491210938
329649,normal,422,0,1782362499.4830697,0.0019953250885009766
329650,normal,1836,0,1782362499.4850535,0.0019838809967041016
329651,normal,672,0,1782362499.4870784,0.0020248889923095703
329652,normal,3384,1,1782362499.4890723,0.001993894577026367
329653,normal,1192,0,1782362499.4910522,0.001979827880859375
329654,normal,2366,0,1782362499.4930565,0.002004384994506836
329655,normal,855,2,1782362499.4950678,0.0020112991333007812
329656,normal,3611,0,1782362499.4970524,0.0019845962524414062
329657,normal,366,0,1782362499.499082,0.0020296573638916016
329658,normal,1569,0,1782362499.5010803,0.0019981861114501953
329659,normal,390,0,1782362499.5030434,0.0019631385803222656
329660,normal,1385,0,1782362499.504922,0.001878499984741211
329661,normal,0,0,1782362499.5071106,0.0021886825561523438
329662,normal,2314,0,1782362499.5089502,0.0018396377563476562
329663,normal,3614,0,1782362499.5112076,0.0022573471069335938
329664,normal,65,0,1782362499.5129223,0.0017147064208984375
329665,normal,2875,0,1782362499.5151963,0.002274036407470703
329666,normal,1673,0,1782362499.5170941,0.0018978118896484375
329667,normal,3507,0,1782362499.5192416,0.0021474361419677734
329668,normal,3529,0,1782362499.5209255,0.001683950424194336
329669,normal,208,0,1782362499.5231915,0.00226593017578125
329670,normal,2840,0,1782362499.5249314,0.0017399787902832031
329671,normal,2021,0,1782362499.527192,0.0022606849670410156
329672,normal,599,0,1782362499.5290642,0.0018720626831054688
329673,normal,868,2,1782362499.531021,0.001956939697265625
329674,normal,2168,0,1782362499.5329645,0.001943349838256836
329675,normal,847,2,1782362499.535135,0.002170562744140625
329676,normal,1593,0,1782362499.5368829,0.0017478466033935547
329677,normal,3091,1,1782362499.5391188,0.002235889434814453
329678,normal,3685,0,1782362499.540934,0.0018153190612792969
329679,normal,3069,1,1782362499.543048,0.002113819122314453
329680,normal,329,0,1782362499.5448854,0.0018374919891357422
329681,normal,3586,0,1782362499.5470526,0.002167224884033203
329682,normal,3099,1,1782362499.5489156,0.0018630027770996094
329683,normal,352,0,1782362499.551082,0.002166271209716797
329684,normal,363,0,1782362499.5529728,0.0018908977508544922
329685,normal,2439,0,1782362499.5550528,0.0020799636840820312
329686,normal,600,0,1782362499.5569086,0.0018558502197265625
329687,normal,1040,0,1782362499.559054,0.0021452903747558594
329688,normal,1559,0,1782362499.5609074,0.0018534660339355469
329689,normal,2497,0,1782362499.5630536,0.0021462440490722656
329690,normal,2991,0,1782362499.5649776,0.0019240379333496094
329691,normal,461,0,1782362499.5670543,0.0020766258239746094
329692,normal,1782,0,1782362499.568907,0.0018527507781982422
329693,normal,949,2,1782362499.5710607,0.002153635025024414
329694,normal,1969,0,1782362499.5729089,0.0018482208251953125
329695,normal,2793,0,1782362499.575055,0.002146005630493164
329696,normal,2423,0,1782362499.5769844,0.0019295215606689453
329697,normal,3316,1,1782362499.5790715,0.002087116241455078
329698,normal,3401,1,1782362499.580915,0.0018434524536132812
329699,normal,899,2,1782362499.5830512,0.00213623046875
329700,normal,3405,0,1782362499.584909,0.001857757568359375
329701,normal,3468,0,1782362499.5870538,0.0021448135375976562
329702,normal,3618,0,1782362499.5889883,0.0019345283508300781
329703,normal,837,2,1782362499.5910509,0.002062559127807617
329704,normal,3644,0,1782362499.5929072,0.0018563270568847656
329705,normal,3301,1,1782362499.5950525,0.0021452903747558594
329706,normal,3531,0,1782362499.5969083,0.0018558502197265625
329707,normal,1984,0,1782362499.5990574,0.0021491050720214844
329708,normal,3594,0,1782362499.600993,0.0019354820251464844
329709,normal,1133,0,1782362499.6030955,0.0021026134490966797
329710,normal,1751,0,1782362499.6048913,0.0017957687377929688
329711,normal,2201,0,1782362499.607126,0.0022346973419189453
329712,normal,1967,0,1782362499.6088915,0.0017654895782470703
329713,normal,3626,0,1782362499.6108866,0.001995086669921875
329714,normal,1618,0,1782362499.6129065,0.0020198822021484375
329715,normal,790,2,1782362499.6148605,0.0019540786743164062
329716,normal,89,0,1782362499.6169004,0.0020399093627929688
329717,normal,2811,0,1782362499.6189024,0.0020020008087158203
329718,normal,1431,0,1782362499.6208475,0.0019450187683105469
329719,normal,1769,0,1782362499.622898,0.002050638198852539
329720,normal,1876,0,1782362499.6248982,0.002000093460083008
329721,normal,508,0,1782362499.6268647,0.0019664764404296875
329722,normal,1950,0,1782362499.6288445,0.001979827880859375
329723,normal,1669,0,1782362499.6309006,0.002056121826171875
329724,normal,1348,1,1782362499.6328464,0.0019457340240478516
329725,normal,1365,1,1782362499.6348972,0.0020508766174316406
329726,normal,1972,0,1782362499.636897,0.0019998550415039062
329727,normal,621,0,1782362499.6388514,0.001954317092895508
329728,normal,3329,1,1782362499.6409152,0.002063751220703125
329729,normal,2237,0,1782362499.6429129,0.001997709274291992
329730,normal,47,0,1782362499.644846,0.0019330978393554688
329731,normal,2577,0,1782362499.6469004,0.002054452896118164
329732,normal,3227,1,1782362499.6489,0.0019996166229248047
329733,normal,159,0,1782362499.6508462,0.0019462108612060547
329734,normal,852,2,1782362499.6529045,0.002058267593383789
329735,normal,872,2,1782362499.6549003,0.0019958019256591797
329736,normal,2326,0,1782362499.6568828,0.001982450485229492
329737,normal,2900,0,1782362499.6588306,0.0019478797912597656
329738,normal,3287,1,1782362499.6608686,0.0020380020141601562
329739,normal,2908,0,1782362499.6628773,0.002008676528930664
329740,normal,242,0,1782362499.6648204,0.0019431114196777344
329741,normal,2945,0,1782362499.6670034,0.0021829605102539062
329742,normal,1425,0,1782362499.6688466,0.0018432140350341797
329743,normal,571,0,1782362499.6708183,0.001971721649169922
329744,normal,436,0,1782362499.6731675,0.0023491382598876953
329745,normal,400,0,1782362499.6748977,0.001730203628540039
329746,normal,2153,0,1782362499.6768677,0.001970052719116211
329747,normal,878,2,1782362499.6791375,0.002269744873046875
329748,normal,1383,0,1782362499.6808913,0.0017538070678710938
329749,normal,3331,1,1782362499.6828532,0.001961946487426758
329750,normal,3072,1,1782362499.6848836,0.0020303726196289062
329751,normal,3167,1,1782362499.6868615,0.0019779205322265625
329752,normal,686,0,1782362499.688984,0.0021224021911621094
329753,normal,381,0,1782362499.6909788,0.0019948482513427734
329754,normal,2474,0,1782362499.6928766,0.0018978118896484375
329755,normal,3266,1,1782362499.6951685,0.0022919178009033203
329756,normal,997,2,1782362499.6968906,0.001722097396850586
329757,normal,1852,0,1782362499.6989238,0.002033233642578125
329758,normal,1806,0,1782362499.700909,0.0019850730895996094
329759,normal,1743,0,1782362499.703163,0.002254009246826172
329760,normal,435,0,1782362499.7049327,0.0017697811126708984
329761,normal,2009,0,1782362499.7069118,0.0019791126251220703
329762,normal,3154,1,1782362499.7091398,0.0022280216217041016
329763,normal,2492,0,1782362499.7109256,0.0017857551574707031
329764,normal,925,2,1782362499.7128885,0.001962900161743164
329765,normal,2620,0,1782362499.714909,0.002020597457885742
329766,normal,2827,0,1782362499.7169485,0.0020394325256347656
329767,normal,1031,0,1782362499.7188935,0.0019450187683105469
329768,normal,3082,1,1782362499.7211375,0.0022439956665039062
329769,normal,506,0,1782362499.7228897,0.0017521381378173828
329770,normal,2792,0,1782362499.7251556,0.00226593017578125
329771,normal,2870,0,1782362499.7269151,0.0017595291137695312
329772,normal,446,0,1782362499.729136,0.0022208690643310547
329773,normal,1244,0,1782362499.7308908,0.0017547607421875
329774,normal,2663,0,1782362499.7331445,0.0022537708282470703
329775,normal,2392,0,1782362499.7348902,0.0017457008361816406
329776,normal,1068,0,1782362499.7368906,0.0020003318786621094
329777,normal,57,0,1782362499.7391338,0.0022432804107666016
329778,normal,800,2,1782362499.740891,0.0017571449279785156
329779,normal,2891,0,1782362499.7428877,0.001996755599975586
329780,normal,3349,1,1782362499.745159,0.0022711753845214844
329781,normal,3172,1,1782362499.7468925,0.001733541488647461
329782,normal,602,0,1782362499.748889,0.0019965171813964844
329783,normal,1644,0,1782362499.7511313,0.0022423267364501953
329784,normal,3402,0,1782362499.7528913,0.0017600059509277344
329785,normal,3551,0,1782362499.7548876,0.001996278762817383
329786,normal,583,0,1782362499.7571232,0.0022356510162353516
329787,normal,3606,0,1782362499.7588925,0.0017693042755126953
329788,normal,807,2,1782362499.7608886,0.0019960403442382812
329789,normal,3703,0,1782362499.7631238,0.0022351741790771484
329790,normal,1504,0,1782362499.764891,0.0017671585083007812
329791,normal,2232,0,1782362499.7668874,0.0019965171813964844
329792,normal,1866,0,1782362499.769138,0.00225067138671875
329793,normal,2180,0,1782362499.7708893,0.0017511844635009766
329794,normal,1322,1,1782362499.7731783,0.0022890567779541016
329795,normal,3202,1,1782362499.7749345,0.0017561912536621094
329796,normal,2892,0,1782362499.7771347,0.0022001266479492188
329797,normal,215,0,1782362499.7788897,0.0017549991607666016
329798,normal,3278,1,1782362499.7811627,0.002273082733154297
329799,normal,2275,0,1782362499.782895,0.0017323493957519531
329800,normal,1311,0,1782362499.784901,0.0020058155059814453
329801,normal,1795,0,1782362499.7871513,0.0022504329681396484
329802,normal,1739,0,1782362499.7889073,0.0017559528350830078
329803,normal,2067,0,1782362499.7908888,0.001981496810913086
329804,normal,190,0,1782362499.7931519,0.0022630691528320312
329805,normal,2582,0,1782362499.7948923,0.0017404556274414062
329806,normal,842,2,1782362499.7969155,0.0020232200622558594
329807,normal,1138,0,1782362499.799137,0.0022215843200683594
329808,normal,532,0,1782362499.8009098,0.0017726421356201172
329809,normal,1080,0,1782362499.8028934,0.001983642578125
329810,normal,2833,0,1782362499.8051844,0.002290964126586914
329811,normal,109,0,1782362499.806895,0.001710653305053711
329812,normal,635,0,1782362499.8088942,0.0019991397857666016
329813,normal,1025,2,1782362499.8111258,0.002231597900390625
329814,normal,1721,0,1782362499.812915,0.0017893314361572266
329815,normal,2607,0,1782362499.8149066,0.0019915103912353516
329816,normal,740,0,1782362499.8171384,0.0022318363189697266
329817,normal,451,0,1782362499.8188972,0.0017588138580322266
329818,normal,1525,0,1782362499.8208954,0.0019981861114501953
329819,normal,1355,1,1782362499.8231616,0.0022661685943603516
329820,normal,247,0,1782362499.8248909,0.0017292499542236328
329821,normal,2458,0,1782362499.826894,0.002003192901611328
329822,normal,2060,0,1782362499.8291411,0.0022470951080322266
329823,normal,2241,0,1782362499.830889,0.0017478466033935547
329824,normal,2623,0,1782362499.832908,0.0020189285278320312
329825,normal,1396,0,1782362499.8351364,0.0022284984588623047
329826,normal,679,0,1782362499.8368902,0.0017538070678710938
329827,normal,3374,1,1782362499.8391385,0.0022482872009277344
329828,normal,2777,0,1782362499.840898,0.0017595291137695312
329829,normal,3568,0,1782362499.8428953,0.001997232437133789
329830,normal,2987,0,1782362499.8448923,0.0019969940185546875
329831,normal,1251,0,1782362499.8471339,0.0022416114807128906
329832,normal,2934,0,1782362499.8488986,0.0017647743225097656
329833,normal,1711,0,1782362499.8508184,0.0019197463989257812
329834,normal,2489,0,1782362499.852859,0.0020406246185302734
329835,normal,2138,0,1782362499.8548708,0.0020117759704589844
329836,normal,2656,0,1782362499.8568103,0.001939535140991211
329837,normal,3385,1,1782362499.8588552,0.0020449161529541016
329838,normal,3524,0,1782362499.8608706,0.002015352249145508
329839,normal,1733,0,1782362499.8628104,0.0019397735595703125
329840,normal,2789,0,1782362499.8648508,0.002040386199951172
329841,normal,3241,1,1782362499.8668556,0.002004861831665039
329842,normal,2742,0,1782362499.868853,0.0019974708557128906
329843,normal,2602,0,1782362499.8708518,0.0019986629486083984
329844,normal,1824,0,1782362499.8728602,0.0020084381103515625
329845,normal,752,0,1782362499.8748071,0.0019469261169433594
329846,normal,934,2,1782362499.8768568,0.002049684524536133
329847,normal,1707,0,1782362499.8788567,0.0019998550415039062
329848,normal,1247,0,1782362499.88083,0.001973390579223633
329849,normal,2101,0,1782362499.8828545,0.002024412155151367
329850,normal,387,0,1782362499.8848906,0.0020360946655273438
329851,normal,2334,0,1782362499.886809,0.0019185543060302734
329852,normal,2763,0,1782362499.8888545,0.0020453929901123047
329853,normal,1754,0,1782362499.8908637,0.002009153366088867
329854,normal,2242,0,1782362499.892813,0.001949310302734375
329855,normal,546,0,1782362499.8948567,0.0020437240600585938
329856,normal,2035,0,1782362499.8968554,0.0019986629486083984
329857,normal,3581,0,1782362499.8988416,0.001986265182495117
329858,normal,3570,0,1782362499.900865,0.002023458480834961
329859,normal,1833,0,1782362499.9028285,0.001963376998901367
329860,normal,733,0,1782362499.90488,0.0020515918731689453
329861,normal,1985,0,1782362499.906877,0.0019969940185546875
329862,normal,3090,1,1782362499.9088323,0.001955270767211914
329863,normal,1033,0,1782362499.9108684,0.0020360946655273438
329864,normal,1397,0,1782362499.9128556,0.0019872188568115234
329865,normal,670,0,1782362499.9148724,0.002016782760620117
329866,normal,1680,0,1782362499.9168136,0.0019412040710449219
329867,normal,664,0,1782362499.918855,0.002041339874267578
329868,normal,428,0,1782362499.9208646,0.0020096302032470703
329869,normal,1317,0,1782362499.9228108,0.0019462108612060547
329870,normal,1812,0,1782362499.9248786,0.0020678043365478516
329871,normal,748,0,1782362499.9268157,0.0019371509552001953
329872,normal,258,0,1782362499.9288943,0.002078533172607422
329873,normal,2694,0,1782362499.9308712,0.0019769668579101562
329874,normal,38,0,1782362499.9328642,0.001992940902709961
329875,normal,2932,0,1782362499.9348793,0.0020151138305664062
329876,normal,1178,0,1782362499.936891,0.0020117759704589844
329877,normal,3073,1,1782362499.9388225,0.0019314289093017578
329878,normal,825,2,1782362499.940855,0.0020325183868408203
329879,normal,3458,0,1782362499.9428554,0.0020003318786621094
329880,normal,2846,0,1782362499.9448652,0.002009868621826172
329881,normal,463,0,1782362499.9468167,0.001951456069946289
329882,normal,1163,0,1782362499.948857,0.002040386199951172
329883,normal,2791,0,1782362499.9508657,0.002008676528930664
329884,normal,1218,0,1782362499.952815,0.001949310302734375
329885,normal,709,0,1782362499.9548562,0.0020411014556884766
329886,normal,214,0,1782362499.9568696,0.0020134449005126953
329887,normal,1445,0,1782362499.9588382,0.0019686222076416016
329888,normal,2438,0,1782362499.9608567,0.002018451690673828
329889,normal,2480,0,1782362499.962859,0.002002239227294922
329890,normal,829,2,1782362499.9648552,0.001996278762817383
329891,normal,2640,0,1782362499.9668565,0.0020012855529785156
329892,normal,539,0,1782362499.9688735,0.0020170211791992188
329893,normal,2765,0,1782362499.9708133,0.0019397735595703125
329894,normal,1022,2,1782362499.972859,0.0020456314086914062
329895,normal,1196,0,1782362499.9748583,0.001999378204345703
329896,normal,1926,0,1782362499.977018,0.0021598339080810547
329897,normal,1439,0,1782362499.9790215,0.0020034313201904297
329898,normal,2636,0,1782362499.9808822,0.0018606185913085938
329899,normal,2181,0,1782362499.982986,0.0021038055419921875
329900,normal,984,2,1782362499.9851506,0.002164602279663086
329901,normal,370,0,1782362499.9868948,0.0017442703247070312
329902,normal,472,0,1782362499.9890692,0.00217437744140625
329903,normal,509,0,1782362499.9910707,0.002001523971557617
329904,normal,21,0,1782362499.9928918,0.0018210411071777344
329905,normal,2527,0,1782362499.995068,0.0021762847900390625
329906,normal,2343,0,1782362499.9970684,0.0020003318786621094
329907,normal,676,0,1782362499.9988902,0.001821756362915039
329908,normal,56,0,1782362500.0010698,0.0021796226501464844
329909,normal,2483,0,1782362500.0030837,0.0020139217376708984
329910,normal,1176,0,1782362500.0049055,0.001821756362915039
329911,normal,1851,0,1782362500.0070748,0.002169370651245117
329912,normal,2838,0,1782362500.0090861,0.0020112991333007812
329913,normal,1407,0,1782362500.0109036,0.001817464828491211
329914,normal,1387,0,1782362500.0130746,0.002171039581298828
329915,normal,457,0,1782362500.015072,0.0019974708557128906
329916,normal,205,0,1782362500.0168962,0.0018241405487060547
329917,normal,150,0,1782362500.0190687,0.0021724700927734375
329918,normal,1579,0,1782362500.0210688,0.002000093460083008
329919,normal,1316,0,1782362500.022916,0.0018472671508789062
329920,normal,1679,0,1782362500.0250666,0.0021505355834960938
329921,normal,1515,0,1782362500.0270677,0.002001047134399414
329922,normal,1045,0,1782362500.0288918,0.0018241405487060547
329923,normal,113,0,1782362500.031068,0.0021762847900390625
329924,normal,946,2,1782362500.0330698,0.0020017623901367188
329925,normal,477,0,1782362500.034897,0.001827239990234375
329926,normal,620,0,1782362500.0370665,0.002169370651245117
329927,normal,372,0,1782362500.039069,0.0020024776458740234
329928,normal,805,2,1782362500.0408952,0.0018262863159179688
329929,normal,474,0,1782362500.0430677,0.0021724700927734375
329930,normal,1621,0,1782362500.045067,0.001999378204345703
329931,normal,1086,0,1782362500.046892,0.0018248558044433594
329932,normal,1913,0,1782362500.0490677,0.0021758079528808594
329933,normal,2358,0,1782362500.0510688,0.002001047134399414
329934,normal,1677,0,1782362500.0529125,0.0018436908721923828
329935,normal,3324,1,1782362500.0550706,0.0021581649780273438
329936,normal,2632,0,1782362500.057075,0.002004384994506836
329937,normal,594,0,1782362500.058893,0.001817941665649414
329938,normal,1273,0,1782362500.0610678,0.002174854278564453
329939,normal,3003,0,1782362500.063071,0.002003192901611328
329940,normal,832,2,1782362500.0648901,0.0018191337585449219
329941,normal,3566,0,1782362500.0670667,0.002176523208618164
329942,normal,2634,0,1782362500.0690694,0.002002716064453125
329943,normal,1243,0,1782362500.0708935,0.0018241405487060547
329944,normal,272,0,1782362500.0730698,0.0021762847900390625
329945,normal,1312,0,1782362500.0750685,0.0019986629486083984
329946,normal,955,2,1782362500.0768905,0.0018219947814941406
329947,normal,232,0,1782362500.0790958,0.002205371856689453
329948,normal,2410,0,1782362500.0809212,0.0018253326416015625
329949,normal,1825,0,1782362500.0828917,0.001970529556274414
329950,normal,1272,0,1782362500.0850825,0.002190828323364258
329951,normal,2385,0,1782362500.087075,0.001992464065551758
329952,normal,1205,0,1782362500.0888922,0.0018172264099121094
329953,normal,1770,0,1782362500.0910685,0.0021762847900390625
329954,normal,2983,0,1782362500.0930705,0.0020020008087158203
329955,normal,35,0,1782362500.0948975,0.0018270015716552734
329956,normal,3144,1,1782362500.0970695,0.0021719932556152344
329957,normal,3033,0,1782362500.0990698,0.0020003318786621094
329958,normal,3562,0,1782362500.100891,0.001821279525756836
329959,normal,2556,0,1782362500.1030688,0.002177715301513672
329960,normal,1147,0,1782362500.1050673,0.001998424530029297
329961,normal,2202,0,1782362500.1068904,0.0018231868743896484
329962,normal,3321,1,1782362500.1090674,0.002177000045776367
329963,normal,347,0,1782362500.111166,0.002098560333251953
329964,normal,2331,0,1782362500.112891,0.0017249584197998047
329965,normal,2080,0,1782362500.1150677,0.0021767616271972656
329966,normal,200,0,1782362500.1170685,0.0020008087158203125
329967,normal,1444,0,1782362500.1188915,0.0018229484558105469
329968,normal,265,0,1782362500.1210663,0.002174854278564453
329969,normal,375,0,1782362500.1230705,0.0020041465759277344
329970,normal,1129,0,1782362500.1248908,0.0018203258514404297
329971,normal,2156,0,1782362500.127068,0.0021772384643554688
329972,normal,3592,0,1782362500.1290677,0.0019996166229248047
329973,normal,565,0,1782362500.130892,0.0018243789672851562
329974,normal,2236,0,1782362500.1330981,0.002206087112426758
329975,normal,351,0,1782362500.1349258,0.0018277168273925781
329976,normal,3191,1,1782362500.1370492,0.0021233558654785156
329977,normal,3469,0,1782362500.1389189,0.0018696784973144531
329978,normal,2050,0,1782362500.1410682,0.002149343490600586
329979,normal,2665,0,1782362500.1428914,0.0018231868743896484
329980,normal,228,0,1782362500.1450686,0.0021772384643554688
329981,normal,3074,1,1782362500.1470687,0.002000093460083008
329982,normal,3057,1,1782362500.1488907,0.0018219947814941406
329983,normal,1142,0,1782362500.1510675,0.0021767616271972656
329984,normal,377,0,1782362500.153068,0.002000570297241211
329985,normal,1650,0,1782362500.1548922,0.0018241405487060547
329986,normal,1010,2,1782362500.1570683,0.002176046371459961
329987,normal,2977,0,1782362500.1590679,0.0019996166229248047
329988,normal,2416,0,1782362500.1608913,0.00182342529296875
329989,normal,593,0,1782362500.1630764,0.0021851062774658203
329990,normal,1839,0,1782362500.1650658,0.0019893646240234375
329991,normal,287,0,1782362500.1668923,0.0018265247344970703
329992,normal,1020,2,1782362500.169074,0.0021817684173583984
329993,normal,262,0,1782362500.1710656,0.0019915103912353516
329994,normal,2152,0,1782362500.172895,0.001829385757446289
329995,normal,783,2,1782362500.1750667,0.002171754837036133
329996,normal,34,0,1782362500.1770675,0.0020008087158203125
329997,normal,1712,0,1782362500.1788917,0.0018241405487060547
329998,normal,2192,0,1782362500.1812136,0.002321958541870117
329999,normal,1572,0,1782362500.1829193,0.0017056465148925781
330000,normal,393,0,1782362500.1850488,0.0021295547485351562
330001,normal,725,0,1782362500.186932,0.0018832683563232422
330002,normal,1965,0,1782362500.1890702,0.0021381378173828125
330003,normal,2699,0,1782362500.1908915,0.001821279525756836
330004,normal,1697,0,1782362500.1930664,0.002174854278564453
330005,normal,3414,0,1782362500.195065,0.0019986629486083984
330006,normal,2711,0,1782362500.1968906,0.001825571060180664
330007,normal,1415,0,1782362500.1990693,0.002178668975830078
330008,normal,5,0,1782362500.201069,0.0019998550415039062
330009,normal,936,2,1782362500.2028925,0.00182342529296875
330010,normal,1222,0,1782362500.205041,0.0021483898162841797
330011,normal,434,0,1782362500.2070715,0.002030611038208008
330012,normal,963,2,1782362500.2088916,0.0018200874328613281
330013,normal,2772,0,1782362500.2110689,0.0021772384643554688
330014,normal,2539,0,1782362500.2129252,0.0018563270568847656
330015,normal,2109,0,1782362500.2150462,0.0021209716796875
330016,normal,2329,0,1782362500.2169182,0.0018720626831054688
330017,normal,2688,0,1782362500.219111,0.0021927356719970703
330018,normal,816,2,1782362500.2208912,0.0017802715301513672
330019,normal,2172,0,1782362500.223068,0.0021767616271972656
330020,normal,3101,1,1782362500.2250705,0.0020024776458740234
330021,normal,700,0,1782362500.2268941,0.0018236637115478516
330022,normal,73,0,1782362500.229068,0.002173900604248047
330023,normal,858,2,1782362500.231069,0.002001047134399414
330024,normal,3589,0,1782362500.2328913,0.0018222332000732422
330025,normal,1521,0,1782362500.2350683,0.002177000045776367
330026,normal,1523,0,1782362500.2371187,0.0020503997802734375
330027,normal,1159,0,1782362500.238893,0.0017743110656738281
330028,normal,1148,0,1782362500.241067,0.002173900604248047
330029,normal,284,0,1782362500.243069,0.0020020008087158203
330030,normal,2146,0,1782362500.2448947,0.0018258094787597656
330031,normal,3038,0,1782362500.247069,0.0021741390228271484
330032,normal,1258,0,1782362500.249068,0.0019991397857666016
330033,normal,703,0,1782362500.250896,0.0018279552459716797
330034,normal,2635,0,1782362500.253067,0.002171039581298828
330035,normal,2287,0,1782362500.255145,0.0020780563354492188
330036,normal,3197,1,1782362500.2568944,0.001749277114868164
330037,normal,360,0,1782362500.2589355,0.0020411014556884766
330038,normal,1469,0,1782362500.2611527,0.0022172927856445312
330039,normal,191,0,1782362500.2628486,0.001695871353149414
330040,normal,3488,0,1782362500.264994,0.0021452903747558594
330041,normal,630,0,1782362500.2668633,0.0018694400787353516
330042,normal,501,0,1782362500.2688951,0.0020318031311035156
330043,normal,3346,1,1782362500.2708173,0.0019221305847167969
330044,normal,340,0,1782362500.2728608,0.002043485641479492
330045,normal,2904,0,1782362500.2748609,0.002000093460083008
330046,normal,1915,0,1782362500.27684,0.0019791126251220703
330047,normal,1318,0,1782362500.278859,0.0020189285278320312
330048,normal,2757,0,1782362500.2808328,0.001973867416381836
330049,normal,3330,1,1782362500.2828326,0.0019998550415039062
330050,normal,1207,0,1782362500.2848651,0.0020325183868408203
330051,normal,2855,0,1782362500.2868204,0.001955270767211914
330052,normal,465,0,1782362500.2888594,0.0020389556884765625
330053,normal,355,0,1782362500.2908702,0.002010822296142578
330054,normal,495,0,1782362500.2928762,0.002006053924560547
330055,normal,1935,0,1782362500.2948139,0.0019376277923583984
330056,normal,2882,0,1782362500.2968667,0.002052783966064453
330057,normal,1535,0,1782362500.2988353,0.0019686222076416016
330058,normal,2814,0,1782362500.3008564,0.0020210742950439453
330059,normal,2936,0,1782362500.3028579,0.002001523971557617
330060,normal,2915,0,1782362500.3048966,0.002038717269897461
330061,normal,3539,0,1782362500.3068311,0.0019345283508300781
330062,normal,192,0,1782362500.3088653,0.0020341873168945312
330063,normal,1342,1,1782362500.3108306,0.0019652843475341797
330064,normal,3357,1,1782362500.3128576,0.0020270347595214844
330065,normal,132,0,1782362500.3148572,0.0019996166229248047
330066,normal,1665,0,1782362500.316869,0.0020117759704589844
330067,normal,2340,0,1782362500.3188126,0.0019435882568359375
330068,normal,161,0,1782362500.3208594,0.002046823501586914
330069,normal,2511,0,1782362500.3228724,0.002012968063354492
330070,normal,2803,0,1782362500.3248155,0.0019431114196777344
330071,normal,2770,0,1782362500.3268561,0.0020406246185302734
330072,normal,3447,0,1782362500.3288867,0.002030611038208008
330073,normal,3098,1,1782362500.3308198,0.0019330978393554688
330074,normal,2175,0,1782362500.332857,0.00203704833984375
330075,normal,2122,0,1782362500.3348653,0.0020084381103515625
330076,normal,1257,0,1782362500.3368149,0.0019495487213134766
330077,normal,1305,0,1782362500.338855,0.0020401477813720703
330078,normal,500,0,1782362500.340861,0.002006053924560547
330079,normal,1441,0,1782362500.3428142,0.001953125
330080,normal,2615,0,1782362500.3448577,0.002043485641479492
330081,normal,628,0,1782362500.3468676,0.002009868621826172
330082,normal,3662,0,1782362500.3490458,0.002178192138671875
330083,normal,2810,0,1782362500.3510516,0.0020058155059814453
330084,normal,1412,0,1782362500.352901,0.0018494129180908203
330085,normal,3412,0,1782362500.3549504,0.0020494461059570312
330086,normal,2905,0,1782362500.3570168,0.002066373825073242
330087,normal,1817,0,1782362500.3588862,0.0018694400787353516
330088,normal,2330,0,1782362500.3609602,0.002074003219604492
330089,normal,961,2,1782362500.3630984,0.0021381378173828125
330090,normal,221,0,1782362500.364883,0.0017845630645751953
330091,normal,552,0,1782362500.3670216,0.0021386146545410156
330092,normal,542,0,1782362500.3692489,0.002227306365966797
330093,normal,2671,0,1782362500.3709323,0.0016834735870361328
330094,normal,2239,0,1782362500.373198,0.0022656917572021484
330095,normal,416,0,1782362500.3750622,0.0018641948699951172
330096,normal,1857,0,1782362500.377082,0.0020198822021484375
330097,normal,10,0,1782362500.3790584,0.0019762516021728516
330098,normal,3525,0,1782362500.3812103,0.002151966094970703
330099,normal,2649,0,1782362500.382956,0.0017457008361816406
330100,normal,3631,0,1782362500.3850563,0.002100229263305664
330101,normal,1845,0,1782362500.387203,0.0021467208862304688
330102,normal,480,0,1782362500.388957,0.0017540454864501953
330103,normal,168,0,1782362500.3912048,0.0022478103637695312
330104,normal,1463,0,1782362500.3930593,0.0018544197082519531
330105,normal,2717,0,1782362500.3950257,0.0019664764404296875
330106,normal,1928,0,1782362500.397059,0.002033233642578125
330107,normal,2355,0,1782362500.3992078,0.002148866653442383
330108,normal,3049,1,1782362500.4009407,0.0017328262329101562
330109,normal,1457,0,1782362500.4032042,0.0022635459899902344
330110,normal,3323,1,1782362500.4050527,0.001848459243774414
330111,normal,382,0,1782362500.4070883,0.0020356178283691406
330112,normal,1369,1,1782362500.4090598,0.0019714832305908203
330113,normal,618,0,1782362500.4112067,0.0021469593048095703
330114,normal,3250,1,1782362500.4129448,0.0017380714416503906
330115,normal,2826,0,1782362500.415203,0.00225830078125
330116,normal,2767,0,1782362500.417071,0.0018680095672607422
330117,normal,3621,0,1782362500.419085,0.0020139217376708984
330118,normal,68,0,1782362500.4210606,0.001975536346435547
330119,normal,1250,0,1782362500.4232063,0.0021457672119140625
330120,normal,2370,0,1782362500.4249458,0.001739501953125
330121,normal,1374,1,1782362500.4272034,0.0022575855255126953
330122,normal,2433,0,1782362500.4290607,0.0018572807312011719
330123,normal,3271,1,1782362500.4310877,0.0020270347595214844
330124,normal,764,0,1782362500.43306,0.001972198486328125
330125,normal,3700,0,1782362500.4352043,0.002144336700439453
330126,normal,337,0,1782362500.4369671,0.0017628669738769531
330127,normal,1198,0,1782362500.4391952,0.0022280216217041016
330128,normal,712,0,1782362500.4410589,0.001863718032836914
330129,normal,1254,0,1782362500.4429293,0.0018703937530517578
330130,normal,3338,1,1782362500.4452026,0.0022733211517333984
330131,normal,3045,1,1782362500.4470997,0.0018970966339111328
330132,normal,2140,0,1782362500.4489272,0.0018274784088134766
330133,normal,1904,0,1782362500.4512146,0.0022873878479003906
330134,normal,2112,0,1782362500.4530618,0.0018472671508789062
330135,normal,2761,0,1782362500.4549298,0.0018680095672607422
330136,normal,2954,0,1782362500.4571996,0.002269744873046875
330137,normal,2568,0,1782362500.4590845,0.0018849372863769531
330138,normal,2119,0,1782362500.460933,0.001848459243774414
330139,normal,1594,0,1782362500.4632034,0.0022704601287841797
330140,normal,3151,1,1782362500.4650888,0.0018854141235351562
330141,normal,491,0,1782362500.4669302,0.0018413066864013672
330142,normal,2068,0,1782362500.4692018,0.0022716522216796875
330143,normal,818,2,1782362500.4710631,0.0018613338470458984
330144,normal,31,0,1782362500.4729295,0.0018663406372070312
330145,normal,1933,0,1782362500.475204,0.0022745132446289062
330146,normal,3380,1,1782362500.4770887,0.0018846988677978516
330147,normal,3485,0,1782362500.4789305,0.0018417835235595703
330148,normal,1,0,1782362500.4809246,0.0019941329956054688
330149,normal,2016,0,1782362500.4832447,0.0023200511932373047
330150,normal,2946,0,1782362500.4849324,0.001687765121459961
330151,normal,3290,1,1782362500.4871905,0.0022580623626708984
330152,normal,1695,0,1782362500.4890933,0.0019028186798095703
330153,normal,2914,0,1782362500.4909282,0.001834869384765625
330154,normal,3207,1,1782362500.4932106,0.002282381057739258
330155,normal,1785,0,1782362500.4950955,0.0018849372863769531
330156,normal,875,2,1782362500.4968994,0.0018038749694824219
330157,normal,133,0,1782362500.4991403,0.002240896224975586
330158,normal,204,0,1782362500.500967,0.0018267631530761719
330159,normal,2741,0,1782362500.502896,0.0019290447235107422
330160,normal,2349,0,1782362500.5049102,0.00201416015625
330161,normal,2191,0,1782362500.5071309,0.002220630645751953
330162,normal,2551,0,1782362500.5089111,0.0017802715301513672
330163,normal,556,0,1782362500.5110617,0.0021505355834960938
330164,normal,1237,0,1782362500.513067,0.002005338668823242
330165,normal,1242,0,1782362500.5149107,0.0018436908721923828
330166,normal,2820,0,1782362500.5170593,0.0021486282348632812
330167,normal,993,2,1782362500.5190601,0.0020008087158203125
330168,normal,1537,0,1782362500.5209107,0.0018506050109863281
330169,normal,3576,0,1782362500.523064,0.002153158187866211
330170,normal,1952,0,1782362500.5250766,0.0020127296447753906
330171,normal,302,0,1782362500.5269103,0.0018336772918701172
330172,normal,3573,0,1782362500.5290582,0.0021479129791259766
330173,normal,2071,0,1782362500.5310686,0.002010345458984375
330174,normal,511,0,1782362500.5329092,0.0018405914306640625
330175,normal,112,0,1782362500.5350654,0.0021562576293945312
330176,normal,124,0,1782362500.5370681,0.002002716064453125
330177,normal,166,0,1782362500.5389118,0.0018436908721923828
330178,normal,1868,0,1782362500.541061,0.0021491050720214844
330179,normal,661,0,1782362500.5431473,0.0020864009857177734
330180,normal,3574,0,1782362500.5449173,0.00177001953125
330181,normal,423,0,1782362500.5470605,0.0021431446075439453
330182,normal,1767,0,1782362500.5491943,0.0021338462829589844
330183,normal,2886,0,1782362500.5509279,0.001733541488647461
330184,normal,1800,0,1782362500.5532572,0.0023293495178222656
330185,normal,871,2,1782362500.5550582,0.0018010139465332031
330186,normal,307,0,1782362500.5569239,0.0018656253814697266
330187,normal,2559,0,1782362500.559202,0.0022780895233154297
330188,normal,2737,0,1782362500.5611186,0.001916646957397461
330189,normal,2679,0,1782362500.5629346,0.0018160343170166016
330190,normal,1072,0,1782362500.5652263,0.0022916793823242188
330191,normal,3620,0,1782362500.5670662,0.0018398761749267578
330192,normal,1585,0,1782362500.569083,0.002016782760620117
330193,normal,3500,0,1782362500.5710478,0.0019648075103759766
330194,normal,529,0,1782362500.5732002,0.0021524429321289062
330195,normal,1885,0,1782362500.5749233,0.0017230510711669922
330196,normal,1565,0,1782362500.5771582,0.002234935760498047
330197,normal,1209,0,1782362500.5789783,0.0018200874328613281
330198,normal,3394,1,1782362500.5810263,0.002048015594482422
330199,normal,846,2,1782362500.5829647,0.0019383430480957031
330200,normal,1120,0,1782362500.585036,0.002071380615234375
330201,normal,2523,0,1782362500.5868769,0.001840829849243164
330202,normal,380,0,1782362500.5889978,0.0021209716796875
330203,normal,3444,0,1782362500.5909052,0.0019073486328125
330204,normal,2036,0,1782362500.5929036,0.001998424530029297
330205,normal,553,0,1782362500.594903,0.001999378204345703
330206,normal,3138,1,1782362500.5970418,0.002138853073120117
330207,normal,2853,0,1782362500.5989847,0.0019428730010986328
330208,normal,2218,0,1782362500.600879,0.001894235610961914
330209,normal,2926,0,1782362500.6029253,0.002046346664428711
330210,normal,110,0,1782362500.6049006,0.0019752979278564453
330211,normal,1856,0,1782362500.6068952,0.001994609832763672
330212,normal,487,0,1782362500.6089025,0.0020072460174560547
330213,normal,1248,0,1782362500.6109014,0.0019989013671875
330214,normal,741,0,1782362500.6129022,0.0020008087158203125
330215,normal,3702,0,1782362500.614902,0.0019998550415039062
330216,normal,3300,1,1782362500.616903,0.002001047134399414
330217,normal,479,0,1782362500.6189015,0.001998424530029297
330218,normal,267,0,1782362500.6209018,0.0020003318786621094
330219,normal,2969,0,1782362500.6229029,0.002001047134399414
330220,normal,3299,1,1782362500.624903,0.002000093460083008
330221,normal,3448,0,1782362500.6269028,0.0019998550415039062
330222,normal,226,0,1782362500.628904,0.0020012855529785156
330223,normal,851,2,1782362500.630904,0.0019998550415039062
330224,normal,1788,0,1782362500.632904,0.002000093460083008
330225,normal,1877,0,1782362500.6349015,0.0019974708557128906
330226,normal,793,2,1782362500.6369019,0.0020003318786621094
330227,normal,2277,0,1782362500.638902,0.002000093460083008
330228,normal,528,0,1782362500.6409087,0.0020067691802978516
330229,normal,2718,0,1782362500.642902,0.0019931793212890625
330230,normal,388,0,1782362500.6449008,0.0019989013671875
330231,normal,482,0,1782362500.647052,0.0021512508392333984
330232,normal,1379,1,1782362500.6488752,0.0018231868743896484
330233,normal,2584,0,1782362500.6509051,0.002029895782470703
330234,normal,2494,0,1782362500.6529,0.0019948482513427734
330235,normal,3554,0,1782362500.6549013,0.0020012855529785156
330236,normal,3687,0,1782362500.656903,0.0020017623901367188
330237,normal,2053,0,1782362500.6589017,0.0019986629486083984
330238,normal,549,0,1782362500.6609027,0.002001047134399414
330239,normal,1708,0,1782362500.6629243,0.0020215511322021484
330240,normal,3036,0,1782362500.6649036,0.001979351043701172
330241,normal,2170,0,1782362500.666903,0.001999378204345703
330242,normal,2023,0,1782362500.6689024,0.001999378204345703
330243,normal,292,0,1782362500.6709304,0.0020279884338378906
330244,normal,3322,1,1782362500.6729093,0.0019788742065429688
330245,normal,1884,0,1782362500.6749008,0.0019915103912353516
330246,normal,697,0,1782362500.6769016,0.0020008087158203125
330247,normal,2069,0,1782362500.678908,0.00200653076171875
330248,normal,1771,0,1782362500.680924,0.002015829086303711
330249,normal,2182,0,1782362500.682902,0.001978158950805664
330250,normal,2745,0,1782362500.684916,0.0020139217376708984
330251,normal,82,0,1782362500.6869168,0.0020008087158203125
330252,normal,2550,0,1782362500.6889253,0.0020084381103515625
330253,normal,319,0,1782362500.6909025,0.001977205276489258
330254,normal,760,0,1782362500.6929026,0.002000093460083008
330255,normal,3054,1,1782362500.6949024,0.0019998550415039062
330256,normal,990,2,1782362500.696901,0.0019986629486083984
330257,normal,3492,0,1782362500.6989021,0.002001047134399414
330258,normal,1381,1,1782362500.7009165,0.0020143985748291016
330259,normal,2443,0,1782362500.7029045,0.001987934112548828
330260,normal,341,0,1782362500.704902,0.0019974708557128906
330261,normal,3434,0,1782362500.7069101,0.002008199691772461
330262,normal,1583,0,1782362500.708903,0.001992940902709961
330263,normal,775,2,1782362500.7109036,0.002000570297241211
330264,normal,2037,0,1782362500.712908,0.002004384994506836
330265,normal,1000,2,1782362500.7149036,0.001995563507080078
330266,normal,1150,0,1782362500.7169037,0.002000093460083008
330267,normal,433,0,1782362500.7189093,0.0020055770874023438
330268,normal,735,0,1782362500.7209022,0.001992940902709961
330269,normal,1314,0,1782362500.722901,0.0019989013671875
330270,normal,559,0,1782362500.7249043,0.002003192901611328
330271,normal,1514,0,1782362500.7269027,0.001998424530029297
330272,normal,3311,1,1782362500.7289019,0.0019991397857666016
330273,normal,1997,0,1782362500.7309163,0.0020143985748291016
330274,normal,930,2,1782362500.7329032,0.001986980438232422
330275,normal,3220,1,1782362500.7349014,0.0019981861114501953
330276,normal,3236,1,1782362500.7369013,0.0019998550415039062
330277,normal,912,2,1782362500.7389019,0.002000570297241211
330278,normal,2158,0,1782362500.7409005,0.0019986629486083984
330279,normal,948,2,1782362500.7429018,0.0020012855529785156
330280,normal,2108,0,1782362500.7449017,0.0019998550415039062
330281,normal,1776,0,1782362500.7469013,0.0019996166229248047
330282,normal,1157,0,1782362500.7489164,0.0020151138305664062
330283,normal,2907,0,1782362500.7509012,0.001984834671020508
330284,normal,2674,0,1782362500.7529068,0.0020055770874023438
330285,normal,3478,0,1782362500.7549021,0.0019953250885009766
330286,normal,861,2,1782362500.7570539,0.0021517276763916016
330287,normal,1418,0,1782362500.7590625,0.002008676528930664
330288,normal,2310,0,1782362500.7609353,0.0018727779388427734
330289,normal,2591,0,1782362500.7631047,0.002169370651245117
330290,normal,374,0,1782362500.765032,0.0019273757934570312
330291,normal,2466,0,1782362500.766934,0.001901865005493164
330292,normal,2465,0,1782362500.7691088,0.002174854278564453
330293,normal,926,2,1782362500.771013,0.0019042491912841797
330294,normal,3680,0,1782362500.7729337,0.0019207000732421875
330295,normal,1453,0,1782362500.7750478,0.0021140575408935547
330296,normal,3133,1,1782362500.77705,0.002002239227294922
330297,normal,2188,0,1782362500.7789018,0.001851797103881836
330298,normal,160,0,1782362500.781057,0.0021550655364990234
330299,normal,1320,1,1782362500.7831244,0.00206756591796875
330300,normal,1780,0,1782362500.784892,0.0017676353454589844
330301,normal,952,2,1782362500.7870476,0.0021555423736572266
330302,normal,1330,1,1782362500.7890542,0.00200653076171875
330303,normal,3501,0,1782362500.790939,0.0018849372863769531
330304,normal,3170,1,1782362500.7930493,0.0021102428436279297
330305,normal,1555,0,1782362500.7950497,0.0020003318786621094
330306,normal,3396,1,1782362500.7968955,0.0018458366394042969
330307,normal,3579,0,1782362500.7990675,0.0021719932556152344
330308,normal,1759,0,1782362500.8010762,0.002008676528930664
330309,normal,3272,1,1782362500.802939,0.0018627643585205078
330310,normal,1208,0,1782362500.8050466,0.0021076202392578125
330311,normal,2131,0,1782362500.8070598,0.0020132064819335938
330312,normal,442,0,1782362500.8088899,0.0018301010131835938
330313,normal,121,0,1782362500.8110712,0.0021812915802001953
330314,normal,598,0,1782362500.813058,0.0019867420196533203
330315,normal,443,0,1782362500.8149436,0.0018856525421142578
330316,normal,101,0,1782362500.8170552,0.002111673355102539
330317,normal,584,0,1782362500.819093,0.0020377635955810547
330318,normal,219,0,1782362500.8208938,0.0018007755279541016
330319,normal,2610,0,1782362500.8230531,0.0021593570709228516
330320,normal,2360,0,1782362500.8250585,0.002005338668823242
330321,normal,2709,0,1782362500.8268957,0.0018372535705566406
330322,normal,3253,1,1782362500.8290584,0.0021626949310302734
330323,normal,2097,0,1782362500.8310513,0.001992940902709961
330324,normal,154,0,1782362500.832941,0.0018897056579589844
330325,normal,494,0,1782362500.8350537,0.0021126270294189453
330326,normal,3068,1,1782362500.8370707,0.0020170211791992188
330327,normal,3591,0,1782362500.838943,0.0018723011016845703
330328,normal,2418,0,1782362500.841046,0.002103090286254883
330329,normal,2596,0,1782362500.843059,0.002012968063354492
330330,normal,1327,1,1782362500.844943,0.0018839836120605469
330331,normal,2756,0,1782362500.847072,0.0021288394927978516
330332,normal,1471,0,1782362500.849063,0.0019910335540771484
330333,normal,1200,0,1782362500.8508568,0.0017938613891601562
330334,normal,2775,0,1782362500.8532243,0.0023674964904785156
330335,normal,91,0,1782362500.855056,0.0018317699432373047
330336,normal,2003,0,1782362500.8570783,0.002022266387939453
330337,normal,2120,0,1782362500.859053,0.0019745826721191406
330338,normal,1303,0,1782362500.8611932,0.0021402835845947266
330339,normal,2249,0,1782362500.8629246,0.0017313957214355469
330340,normal,210,0,1782362500.8652012,0.0022766590118408203
330341,normal,1830,0,1782362500.867054,0.0018527507781982422
330342,normal,2256,0,1782362500.8690822,0.002028226852416992
330343,normal,2579,0,1782362500.871057,0.001974821090698242
330344,normal,1296,0,1782362500.873189,0.002131938934326172
330345,normal,2333,0,1782362500.8749309,0.0017418861389160156
330346,normal,1902,0,1782362500.877194,0.0022630691528320312
330347,normal,143,0,1782362500.879054,0.0018601417541503906
330348,normal,2655,0,1782362500.8810914,0.0020372867584228516
330349,normal,444,0,1782362500.883052,0.00196075439453125
330350,normal,1752,0,1782362500.8852053,0.002153158187866211
330351,normal,3255,1,1782362500.8869298,0.0017244815826416016
330352,normal,2564,0,1782362500.8892033,0.0022735595703125
330353,normal,2127,0,1782362500.8909588,0.0017554759979248047
330354,normal,3042,0,1782362500.893233,0.0022742748260498047
330355,normal,1907,0,1782362500.8949337,0.0017006397247314453
330356,normal,3443,0,1782362500.8972032,0.0022695064544677734
330357,normal,2628,0,1782362500.8989491,0.0017459392547607422
330358,normal,1734,0,1782362500.901201,0.002251863479614258
330359,normal,3225,1,1782362500.9030595,0.0018584728240966797
330360,normal,2435,0,1782362500.905087,0.0020275115966796875
330361,normal,3009,0,1782362500.907046,0.001959085464477539
330362,normal,1900,0,1782362500.9091697,0.002123594284057617
330363,normal,579,0,1782362500.910931,0.0017614364624023438
330364,normal,2006,0,1782362500.9132144,0.002283334732055664
330365,normal,2968,0,1782362500.9150717,0.0018572807312011719
330366,normal,1626,0,1782362500.917076,0.002004384994506836
330367,normal,1652,0,1782362500.9190588,0.0019826889038085938
330368,normal,2731,0,1782362500.9212105,0.0021517276763916016
330369,normal,404,0,1782362500.9229245,0.0017139911651611328
330370,normal,2867,0,1782362500.9252312,0.002306699752807617
330371,normal,3089,1,1782362500.9270735,0.0018422603607177734
330372,normal,1081,0,1782362500.9290836,0.0020101070404052734
330373,normal,172,0,1782362500.931056,0.0019724369049072266
330374,normal,238,0,1782362500.933198,0.0021419525146484375
330375,normal,1829,0,1782362500.9350843,0.0018863677978515625
330376,normal,1223,0,1782362500.9368963,0.001811981201171875
330377,normal,4,0,1782362500.939189,0.002292633056640625
330378,normal,3403,0,1782362500.9409297,0.0017406940460205078
330379,normal,1036,0,1782362500.9431741,0.0022444725036621094
330380,normal,394,0,1782362500.945058,0.0018839836120605469
330381,normal,88,0,1782362500.9471006,0.002042531967163086
330382,normal,1404,0,1782362500.9490662,0.0019655227661132812
330383,normal,2861,0,1782362500.9512093,0.0021431446075439453
330384,normal,3088,1,1782362500.9529462,0.0017368793487548828
330385,normal,1978,0,1782362500.955239,0.0022928714752197266
330386,normal,3543,0,1782362500.957058,0.0018188953399658203
330387,normal,1893,0,1782362500.9590826,0.0020246505737304688
330388,normal,3651,0,1782362500.9610574,0.001974821090698242
330389,normal,2199,0,1782362500.9632058,0.0021483898162841797
330390,normal,2086,0,1782362500.9649734,0.0017676353454589844
330391,normal,142,0,1782362500.9670749,0.002101421356201172
330392,normal,580,0,1782362500.9691942,0.002119302749633789
330393,normal,1308,0,1782362500.9709241,0.0017299652099609375
330394,normal,3542,0,1782362500.973206,0.0022819042205810547
330395,normal,3599,0,1782362500.9750617,0.001855611801147461
330396,normal,1698,0,1782362500.9770987,0.00203704833984375
330397,normal,3383,1,1782362500.9790583,0.001959562301635742
330398,normal,531,0,1782362500.9812002,0.0021419525146484375
330399,normal,1487,0,1782362500.9829314,0.0017311573028564453
330400,normal,3422,0,1782362500.985205,0.0022735595703125
330401,normal,2530,0,1782362500.9870608,0.0018558502197265625
330402,normal,776,2,1782362500.9890904,0.0020296573638916016
330403,normal,2950,0,1782362500.991062,0.0019714832305908203
330404,normal,726,0,1782362500.9932175,0.0021555423736572266
330405,normal,1224,0,1782362500.9949327,0.0017151832580566406
330406,normal,2786,0,1782362500.997256,0.0023233890533447266
330407,normal,1261,0,1782362500.9990597,0.0018036365509033203
330408,normal,1319,1,1782362501.001077,0.0020172595977783203
330409,normal,3658,0,1782362501.0030591,0.0019822120666503906
330410,normal,1922,0,1782362501.005208,0.002148866653442383
330411,normal,964,2,1782362501.0069432,0.0017352104187011719
330412,normal,2209,0,1782362501.0090501,0.002106904983520508
330413,normal,801,2,1782362501.0111556,0.0021054744720458984
330414,normal,589,0,1782362501.012922,0.0017664432525634766
330415,normal,2350,0,1782362501.0152643,0.00234222412109375
330416,normal,336,0,1782362501.0170567,0.0017924308776855469
330417,normal,1709,0,1782362501.0190742,0.002017498016357422
330418,normal,1590,0,1782362501.0210545,0.001980304718017578
330419,normal,1820,0,1782362501.0232093,0.002154827117919922
330420,normal,419,0,1782362501.0249228,0.0017135143280029297
330421,normal,2193,0,1782362501.0272045,0.002281665802001953
330422,normal,2653,0,1782362501.0290573,0.0018527507781982422
330423,normal,2134,0,1782362501.0310547,0.0019974708557128906
330424,normal,1088,0,1782362501.033016,0.001961231231689453
330425,normal,681,0,1782362501.035062,0.0020461082458496094
330426,normal,2713,0,1782362501.0368958,0.0018336772918701172
330427,normal,1498,0,1782362501.0390487,0.0021529197692871094
330428,normal,2883,0,1782362501.0410514,0.002002716064453125
330429,normal,513,0,1782362501.0429332,0.0018818378448486328
330430,normal,843,2,1782362501.0450463,0.0021131038665771484
330431,normal,285,0,1782362501.0470707,0.002024412155151367
330432,normal,1426,0,1782362501.048896,0.0018253326416015625
330433,normal,3297,1,1782362501.0510514,0.002155303955078125
330434,normal,2680,0,1782362501.0530586,0.0020072460174560547
330435,normal,3498,0,1782362501.0548997,0.0018410682678222656
330436,normal,747,0,1782362501.0570495,0.002149820327758789
330437,normal,407,0,1782362501.0590634,0.0020139217376708984
330438,normal,1920,0,1782362501.0609467,0.0018832683563232422
330439,normal,2652,0,1782362501.0630467,0.0020999908447265625
330440,normal,1361,1,1782362501.0650692,0.0020225048065185547
330441,normal,2651,0,1782362501.0668962,0.0018270015716552734
330442,normal,814,2,1782362501.0690494,0.002153158187866211
330443,normal,3483,0,1782362501.0710738,0.002024412155151367
330444,normal,568,0,1782362501.0728958,0.0018219947814941406
330445,normal,558,0,1782362501.0750482,0.0021524429321289062
330446,normal,1896,0,1782362501.0770588,0.0020105838775634766
330447,normal,54,0,1782362501.0788934,0.0018346309661865234
330448,normal,1274,0,1782362501.0810564,0.002162933349609375
330449,normal,409,0,1782362501.083113,0.002056598663330078
330450,normal,3358,1,1782362501.084891,0.0017781257629394531
330451,normal,3426,0,1782362501.0870495,0.0021584033966064453
330452,normal,1480,0,1782362501.0890596,0.0020101070404052734
330453,normal,859,2,1782362501.0908968,0.0018372535705566406
330454,normal,587,0,1782362501.0930545,0.0021576881408691406
330455,normal,3496,0,1782362501.0950596,0.0020051002502441406
330456,normal,1723,0,1782362501.0968914,0.0018317699432373047
330457,normal,3575,0,1782362501.0990477,0.0021562576293945312
330458,normal,3161,1,1782362501.1010509,0.002003192901611328
330459,normal,2116,0,1782362501.102937,0.001886129379272461
330460,normal,3557,0,1782362501.1050508,0.002113819122314453
330461,normal,504,0,1782362501.1070793,0.0020284652709960938
330462,normal,122,0,1782362501.108941,0.0018618106842041016
330463,normal,1388,0,1782362501.1110559,0.0021147727966308594
330464,normal,2379,0,1782362501.1130567,0.0020008087158203125
330465,normal,3226,1,1782362501.1148958,0.0018391609191894531
330466,normal,2111,0,1782362501.1170518,0.0021560192108154297
330467,normal,2698,0,1782362501.1190548,0.0020029544830322266
330468,normal,3021,0,1782362501.1208954,0.0018405914306640625
330469,normal,2621,0,1782362501.12305,0.0021545886993408203
330470,normal,85,0,1782362501.1249928,0.0019428730010986328
330471,normal,763,0,1782362501.126908,0.0019152164459228516
330472,normal,3602,0,1782362501.1289835,0.0020754337310791016
330473,normal,3670,0,1782362501.1309733,0.0019898414611816406
330474,normal,2473,0,1782362501.132898,0.001924753189086914
330475,normal,1702,0,1782362501.1349714,0.0020732879638671875
330476,normal,2075,0,1782362501.136972,0.002000570297241211
330477,normal,1026,2,1782362501.1388974,0.0019254684448242188
330478,normal,3032,0,1782362501.1409876,0.0020902156829833984
330479,normal,3513,0,1782362501.1429138,0.0019261837005615234
330480,normal,3342,1,1782362501.1448965,0.0019826889038085938
330481,normal,3696,0,1782362501.146909,0.002012491226196289
330482,normal,1891,0,1782362501.1489172,0.002008199691772461
330483,normal,460,0,1782362501.1508968,0.0019795894622802734
330484,normal,344,0,1782362501.1529098,0.002012968063354492
330485,normal,3508,0,1782362501.1549096,0.0019998550415039062
330486,normal,2452,0,1782362501.1568997,0.001990079879760742
330487,normal,2701,0,1782362501.1589084,0.002008676528930664
330488,normal,1332,1,1782362501.1609097,0.0020012855529785156
330489,normal,15,0,1782362501.1628995,0.0019898414611816406
330490,normal,275,0,1782362501.1649106,0.0020110607147216797
330491,normal,2450,0,1782362501.1669269,0.002016305923461914
330492,normal,2189,0,1782362501.168896,0.0019690990447998047
330493,normal,3705,0,1782362501.170909,0.002012968063354492
330494,normal,1580,0,1782362501.1729398,0.0020308494567871094
330495,normal,2806,0,1782362501.1748986,0.0019588470458984375
330496,normal,973,2,1782362501.17691,0.0020112991333007812
330497,normal,717,0,1782362501.1789103,0.0020003318786621094
330498,normal,2658,0,1782362501.1808977,0.001987457275390625
330499,normal,1598,0,1782362501.1829169,0.002019166946411133
330500,normal,1290,0,1782362501.1849105,0.0019936561584472656
330501,normal,2687,0,1782362501.1869025,0.0019919872283935547
330502,normal,2668,0,1782362501.1889255,0.002022981643676758
330503,normal,3314,1,1782362501.19091,0.0019845962524414062
330504,normal,1059,0,1782362501.192897,0.001986980438232422
330505,normal,1046,0,1782362501.1949084,0.0020112991333007812
330506,normal,1823,0,1782362501.1969101,0.0020017623901367188
330507,normal,177,0,1782362501.198897,0.0019867420196533203
330508,normal,3164,1,1782362501.2009134,0.0020165443420410156
330509,normal,1003,2,1782362501.2029102,0.001996755599975586
330510,normal,3709,0,1782362501.2048976,0.001987457275390625
330511,normal,2537,0,1782362501.2069118,0.00201416015625
330512,normal,3509,0,1782362501.20891,0.0019981861114501953
330513,normal,2911,0,1782362501.210898,0.001987934112548828
330514,normal,1624,0,1782362501.21291,0.002012014389038086
330515,normal,895,2,1782362501.2149105,0.002000570297241211
330516,normal,510,0,1782362501.2168972,0.0019867420196533203
330517,normal,3005,0,1782362501.218909,0.0020117759704589844
330518,normal,983,2,1782362501.2209115,0.0020024776458740234
330519,normal,2884,0,1782362501.222897,0.0019855499267578125
330520,normal,2852,0,1782362501.2249103,0.0020132064819335938
330521,normal,3366,1,1782362501.2269182,0.0020079612731933594
330522,normal,1604,0,1782362501.2288966,0.0019783973693847656
330523,normal,2194,0,1782362501.230909,0.002012491226196289
330524,normal,3497,0,1782362501.2329087,0.0019996166229248047
330525,normal,2664,0,1782362501.2348967,0.001987934112548828
330526,normal,3209,1,1782362501.236925,0.002028226852416992
330527,normal,326,0,1782362501.2389114,0.0019865036010742188
330528,normal,1399,0,1782362501.240897,0.0019855499267578125
330529,normal,1437,0,1782362501.2429109,0.0020139217376708984
330530,normal,3071,1,1782362501.24491,0.0019991397857666016
330531,normal,1916,0,1782362501.2468963,0.001986265182495117
330532,normal,270,0,1782362501.248909,0.0020127296447753906
330533,normal,3699,0,1782362501.25091,0.002001047134399414
330534,normal,3188,1,1782362501.2528977,0.0019876956939697266
330535,normal,1957,0,1782362501.254909,0.0020112991333007812
330536,normal,49,0,1782362501.256924,0.0020148754119873047
330537,normal,2912,0,1782362501.258898,0.0019741058349609375
330538,normal,915,2,1782362501.26091,0.002012014389038086
330539,normal,1380,1,1782362501.2629106,0.002000570297241211
330540,normal,889,2,1782362501.2649014,0.001990795135498047
330541,normal,1014,2,1782362501.2669084,0.002007007598876953
330542,normal,427,0,1782362501.2689254,0.0020170211791992188
330543,normal,1100,0,1782362501.270898,0.001972675323486328
330544,normal,3590,0,1782362501.2729094,0.0020112991333007812
330545,normal,791,2,1782362501.2749107,0.0020012855529785156
330546,normal,3040,0,1782362501.2768967,0.0019860267639160156
330547,normal,736,0,1782362501.2789083,0.002011537551879883
330548,normal,831,2,1782362501.28091,0.0020017623901367188
330549,normal,1464,0,1782362501.2828991,0.001989126205444336
330550,normal,392,0,1782362501.2849107,0.002011537551879883
330551,normal,2190,0,1782362501.2869241,0.0020134449005126953
330552,normal,834,2,1782362501.2888956,0.0019714832305908203
330553,normal,1229,0,1782362501.2909093,0.002013683319091797
330554,normal,2369,0,1782362501.2929354,0.002026081085205078
330555,normal,2961,0,1782362501.2948973,0.001961946487426758
330556,normal,1329,1,1782362501.2969084,0.0020110607147216797
330557,normal,3343,1,1782362501.2989235,0.0020151138305664062
330558,normal,2337,0,1782362501.3008983,0.001974821090698242
330559,normal,1015,2,1782362501.302914,0.0020155906677246094
330560,normal,2956,0,1782362501.3049324,0.002018451690673828
330561,normal,1354,1,1782362501.3068967,0.0019643306732177734
330562,normal,2412,0,1782362501.3089247,0.0020279884338378906
330563,normal,1963,0,1782362501.3109336,0.0020089149475097656
330564,normal,1233,0,1782362501.3128977,0.001964092254638672
330565,normal,2303,0,1782362501.314911,0.0020132064819335938
330566,normal,299,0,1782362501.3169322,0.002021312713623047
330567,normal,1485,0,1782362501.3188972,0.001965045928955078
330568,normal,3406,0,1782362501.3209105,0.0020132064819335938
330569,normal,2598,0,1782362501.3229263,0.002015829086303711
330570,normal,2179,0,1782362501.3248982,0.0019719600677490234
330571,normal,3204,1,1782362501.3269117,0.0020134449005126953
330572,normal,2383,0,1782362501.3289242,0.002012491226196289
330573,normal,3472,0,1782362501.3308964,0.001972198486328125
330574,normal,2393,0,1782362501.3329048,0.0020084381103515625
330575,normal,2593,0,1782362501.334922,0.0020172595977783203
330576,normal,1476,0,1782362501.3369007,0.001978635787963867
330577,normal,1584,0,1782362501.338906,0.002005338668823242
330578,normal,3262,1,1782362501.340921,0.0020148754119873047
330579,normal,1268,0,1782362501.3428998,0.0019788742065429688
330580,normal,2377,0,1782362501.344913,0.0020132064819335938
330581,normal,361,0,1782362501.346922,0.0020089149475097656
330582,normal,222,0,1782362501.348965,0.002043008804321289
330583,normal,2378,0,1782362501.351079,0.0021140575408935547
330584,normal,2944,0,1782362501.35306,0.001981019973754883
330585,normal,3233,1,1782362501.3548954,0.0018353462219238281
330586,normal,1636,0,1782362501.3570452,0.002149820327758789
330587,normal,6,0,1782362501.3590508,0.0020055770874023438
330588,normal,1472,0,1782362501.3609352,0.00188446044921875
330589,normal,2783,0,1782362501.3630488,0.0021135807037353516
330590,normal,397,0,1782362501.3650522,0.0020034313201904297
330591,normal,578,0,1782362501.3669355,0.0018832683563232422
330592,normal,2725,0,1782362501.3690135,0.0020780563354492188
330593,normal,1215,0,1782362501.371061,0.0020475387573242188
330594,normal,1210,0,1782362501.372894,0.0018329620361328125
330595,normal,2404,0,1782362501.3750482,0.002154111862182617
330596,normal,3096,1,1782362501.3770506,0.0020024776458740234
330597,normal,454,0,1782362501.378895,0.0018444061279296875
330598,normal,1400,0,1782362501.3810658,0.0021708011627197266
330599,normal,802,2,1782362501.3830686,0.002002716064453125
330600,normal,3470,0,1782362501.3849368,0.0018682479858398438
330601,normal,756,0,1782362501.3870008,0.0020639896392822266
330602,normal,3315,1,1782362501.3890512,0.0020503997802734375
330603,normal,1375,1,1782362501.390935,0.0018837451934814453
330604,normal,685,0,1782362501.3930135,0.002078533172607422
330605,normal,1358,1,1782362501.3950634,0.0020499229431152344
330606,normal,1530,0,1782362501.39696,0.0018966197967529297
330607,normal,2089,0,1782362501.3990777,0.002117633819580078
330608,normal,2010,0,1782362501.4010634,0.001985788345336914
330609,normal,3393,1,1782362501.4028912,0.0018277168273925781
330610,normal,1919,0,1782362501.4050496,0.0021584033966064453
330611,normal,1619,0,1782362501.4070451,0.001995563507080078
330612,normal,1633,0,1782362501.4090698,0.0020246505737304688
330613,normal,3609,0,1782362501.4108932,0.00182342529296875
330614,normal,1561,0,1782362501.4130566,0.002163410186767578
330615,normal,2993,0,1782362501.4148934,0.0018367767333984375
330616,normal,3353,1,1782362501.4170465,0.002153158187866211
330617,normal,2260,0,1782362501.4190283,0.0019817352294921875
330618,normal,918,2,1782362501.4209394,0.001911163330078125
330619,normal,2482,0,1782362501.423011,0.0020716190338134766
330620,normal,1797,0,1782362501.4250617,0.002050638198852539
330621,normal,2115,0,1782362501.4268804,0.0018186569213867188
330622,normal,139,0,1782362501.4290097,0.0021293163299560547
330623,normal,799,2,1782362501.4309843,0.0019745826721191406
330624,normal,2817,0,1782362501.4328976,0.001913309097290039
330625,normal,2695,0,1782362501.4349656,0.002068042755126953
330626,normal,1062,0,1782362501.4369807,0.0020151138305664062
330627,normal,87,0,1782362501.4388943,0.0019135475158691406
330628,normal,817,2,1782362501.4408548,0.0019605159759521484
330629,normal,742,0,1782362501.4429085,0.0020537376403808594
330630,normal,2831,0,1782362501.4449027,0.0019941329956054688
330631,normal,3279,1,1782362501.4469194,0.002016782760620117
330632,normal,2302,0,1782362501.4489236,0.0020041465759277344
330633,normal,3440,0,1782362501.450895,0.0019714832305908203
330634,normal,590,0,1782362501.4529111,0.0020160675048828125
330635,normal,2755,0,1782362501.4549077,0.0019965171813964844
330636,normal,2481,0,1782362501.4568944,0.0019867420196533203
330637,normal,3370,1,1782362501.4589107,0.002016305923461914
330638,normal,3336,1,1782362501.4610033,0.002092599868774414
330639,normal,2764,0,1782362501.4630404,0.00203704833984375
330640,normal,1004,2,1782362501.464943,0.0019025802612304688
330641,normal,3429,0,1782362501.4670517,0.0021088123321533203
330642,normal,605,0,1782362501.468936,0.0018842220306396484
330643,normal,773,2,1782362501.471013,0.0020771026611328125
330644,normal,410,0,1782362501.4730594,0.002046346664428711
330645,normal,1343,1,1782362501.4748917,0.0018322467803955078
330646,normal,3181,1,1782362501.477105,0.0022132396697998047
330647,normal,849,2,1782362501.4790258,0.001920938491821289
330648,normal,2821,0,1782362501.4809391,0.001913309097290039
330649,normal,2364,0,1782362501.4829698,0.002030611038208008
330650,normal,2971,0,1782362501.4850595,0.0020897388458251953
330651,normal,1267,0,1782362501.4868927,0.001833200454711914
330652,normal,821,2,1782362501.4890501,0.002157449722290039
330653,normal,1423,0,1782362501.4910545,0.002004384994506836
330654,normal,1285,0,1782362501.492893,0.0018384456634521484
330655,normal,2843,0,1782362501.4951215,0.0022284984588623047
330656,normal,619,0,1782362501.4970148,0.0018932819366455078
330657,normal,2533,0,1782362501.4989495,0.0019347667694091797
330658,normal,1028,2,1782362501.5010135,0.0020639896392822266
330659,normal,1738,0,1782362501.5030608,0.002047300338745117
330660,normal,1344,1,1782362501.5048933,0.0018324851989746094
330661,normal,1217,0,1782362501.5071177,0.002224445343017578
330662,normal,2210,0,1782362501.508904,0.0017862319946289062
330663,normal,3217,1,1782362501.5110595,0.0021555423736572266
330664,normal,3223,1,1782362501.5128925,0.0018329620361328125
330665,normal,1405,0,1782362501.5150511,0.002158641815185547
330666,normal,3682,0,1782362501.5169473,0.0018961429595947266
330667,normal,2828,0,1782362501.5190394,0.002092123031616211
330668,normal,3111,1,1782362501.5210695,0.0020301342010498047
330669,normal,2850,0,1782362501.5229564,0.0018868446350097656
330670,normal,2196,0,1782362501.5248892,0.0019328594207763672
330671,normal,176,0,1782362501.5270643,0.0021750926971435547
330672,normal,2414,0,1782362501.5289404,0.0018761157989501953
330673,normal,822,2,1782362501.531015,0.0020744800567626953
330674,normal,3354,1,1782362501.5330548,0.0020399093627929688
330675,normal,1610,0,1782362501.5349383,0.0018835067749023438
330676,normal,2933,0,1782362501.537015,0.0020766258239746094
330677,normal,612,0,1782362501.5390744,0.002059459686279297
330678,normal,3284,1,1782362501.5409017,0.001827239990234375
330679,normal,1174,0,1782362501.5431366,0.002234935760498047
330680,normal,885,2,1782362501.5450182,0.0018815994262695312
330681,normal,723,0,1782362501.546937,0.001918792724609375
330682,normal,92,0,1782362501.5489812,0.002044200897216797
330683,normal,1595,0,1782362501.5510514,0.002070188522338867
330684,normal,1456,0,1782362501.5528955,0.001844167709350586
330685,normal,1667,0,1782362501.5551383,0.0022428035736083984
330686,normal,230,0,1782362501.557022,0.0018837451934814453
330687,normal,1449,0,1782362501.5589397,0.0019176006317138672
330688,normal,1983,0,1782362501.5610158,0.0020761489868164062
330689,normal,3335,1,1782362501.5630538,0.0020380020141601562
330690,normal,2726,0,1782362501.5649416,0.0018877983093261719
330691,normal,1961,0,1782362501.567014,0.0020723342895507812
330692,normal,576,0,1782362501.5690663,0.00205230712890625
330693,normal,1685,0,1782362501.5708988,0.0018324851989746094
330694,normal,1007,2,1782362501.5730512,0.0021524429321289062
330695,normal,570,0,1782362501.5750616,0.002010345458984375
330696,normal,3375,1,1782362501.5769,0.0018384456634521484
330697,normal,2457,0,1782362501.5790546,0.0021545886993408203
330698,normal,2240,0,1782362501.581169,0.0021142959594726562
330699,normal,2091,0,1782362501.582897,0.001728057861328125
330700,normal,2442,0,1782362501.5850577,0.002160787582397461
330701,normal,2541,0,1782362501.5869498,0.00189208984375
330702,normal,1146,0,1782362501.5889187,0.001968860626220703
330703,normal,1490,0,1782362501.591054,0.0021352767944335938
330704,normal,1154,0,1782362501.593059,0.0020051002502441406
330705,normal,561,0,1782362501.5949016,0.001842498779296875
330706,normal,3499,0,1782362501.5969079,0.0020062923431396484
330707,normal,3399,1,1782362501.598923,0.0020151138305664062
330708,normal,2150,0,1782362501.6008947,0.001971721649169922
330709,normal,3140,1,1782362501.602905,0.002010345458984375
330710,normal,324,0,1782362501.6049232,0.0020182132720947266
330711,normal,2406,0,1782362501.6068943,0.001971006393432617
330712,normal,1440,0,1782362501.6088815,0.0019872188568115234
330713,normal,3208,1,1782362501.6108856,0.0020041465759277344
330714,normal,2986,0,1782362501.612921,0.002035379409790039
330715,normal,1190,0,1782362501.614934,0.002012968063354492
330716,normal,1054,0,1782362501.6169908,0.0020568370819091797
330717,normal,125,0,1782362501.6188958,0.0019049644470214844
330718,normal,1512,0,1782362501.6209657,0.0020699501037597656
330719,normal,1815,0,1782362501.6229808,0.0020151138305664062
330720,normal,718,0,1782362501.624896,0.0019152164459228516
330721,normal,1551,0,1782362501.6268787,0.0019826889038085938
330722,normal,3222,1,1782362501.6289241,0.0020453929901123047
330723,normal,2989,0,1782362501.6308951,0.001971006393432617
330724,normal,2169,0,1782362501.6329052,0.0020101070404052734
330725,normal,2230,0,1782362501.6349235,0.0020182132720947266
330726,normal,311,0,1782362501.6368937,0.0019702911376953125
330727,normal,3238,1,1782362501.6389067,0.002012968063354492
330728,normal,1126,0,1782362501.640921,0.0020143985748291016
330729,normal,37,0,1782362501.6428957,0.0019745826721191406
330730,normal,2017,0,1782362501.6449058,0.0020101070404052734
330731,normal,3178,1,1782362501.646923,0.0020172595977783203
330732,normal,1143,0,1782362501.6488945,0.0019714832305908203
330733,normal,418,0,1782362501.6509078,0.0020132064819335938
330734,normal,22,0,1782362501.6529357,0.0020279884338378906
330735,normal,1350,1,1782362501.6550252,0.0020895004272460938
330736,normal,2872,0,1782362501.6569676,0.0019423961639404297
330737,normal,484,0,1782362501.659062,0.002094268798828125
330738,normal,1367,1,1782362501.6609352,0.0018732547760009766
330739,normal,1717,0,1782362501.6630132,0.0020780563354492188
330740,normal,937,2,1782362501.6650467,0.0020334720611572266
330741,normal,1252,0,1782362501.6669652,0.0019185543060302734
330742,normal,1818,0,1782362501.668881,0.0019156932830810547
330743,normal,1221,0,1782362501.6710129,0.002131938934326172
330744,normal,3261,1,1782362501.6729062,0.0018932819366455078
330745,normal,2779,0,1782362501.674968,0.0020618438720703125
330746,normal,708,0,1782362501.6769109,0.0019428730010986328
330747,normal,611,0,1782362501.6789088,0.0019979476928710938
330748,normal,1263,0,1782362501.6809065,0.001997709274291992
330749,normal,2018,0,1782362501.682961,0.002054452896118164
330750,normal,1430,0,1782362501.684881,0.0019199848175048828
330751,normal,1183,0,1782362501.6869092,0.002028226852416992
330752,normal,185,0,1782362501.688923,0.002013683319091797
330753,normal,3558,0,1782362501.6909087,0.001985788345336914
330754,normal,3051,1,1782362501.6929216,0.002012968063354492
330755,normal,20,0,1782362501.694914,0.001992464065551758
330756,normal,2126,0,1782362501.6969118,0.001997709274291992
330757,normal,2654,0,1782362501.6989343,0.0020225048065185547
330758,normal,236,0,1782362501.7009113,0.0019769668579101562
330759,normal,3070,1,1782362501.7029228,0.002011537551879883
330760,normal,3061,1,1782362501.7049072,0.0019843578338623047
330761,normal,60,0,1782362501.7069075,0.0020003318786621094
330762,normal,1947,0,1782362501.7089124,0.002004861831665039
330763,normal,2084,0,1782362501.7109082,0.0019958019256591797
330764,normal,1310,0,1782362501.7129061,0.0019979476928710938
330765,normal,3325,1,1782362501.714925,0.0020189285278320312
330766,normal,786,2,1782362501.7171023,0.0021772384643554688
330767,normal,1203,0,1782362501.7189152,0.0018129348754882812
330768,normal,2743,0,1782362501.721075,0.0021598339080810547
330769,normal,2501,0,1782362501.7229142,0.0018391609191894531
330770,normal,3683,0,1782362501.7250667,0.0021524429321289062
330771,normal,464,0,1782362501.726914,0.0018472671508789062
330772,normal,342,0,1782362501.7290666,0.002152681350708008
330773,normal,1435,0,1782362501.7309146,0.001847982406616211
330774,normal,17,0,1782362501.733078,0.002163410186767578
330775,normal,1794,0,1782362501.7349162,0.0018382072448730469
330776,normal,2165,0,1782362501.7370667,0.0021505355834960938
330777,normal,93,0,1782362501.738914,0.0018472671508789062
330778,normal,1859,0,1782362501.7410662,0.0021522045135498047
330779,normal,2758,0,1782362501.742916,0.0018498897552490234
330780,normal,3661,0,1782362501.7450664,0.002150297164916992
330781,normal,768,0,1782362501.7469141,0.0018477439880371094
330782,normal,1531,0,1782362501.749067,0.0021529197692871094
330783,normal,623,0,1782362501.7509158,0.0018486976623535156
330784,normal,2029,0,1782362501.7530656,0.002149820327758789
330785,normal,3493,0,1782362501.7549155,0.0018498897552490234
330786,normal,1478,0,1782362501.7570658,0.002150297164916992
330787,normal,1135,0,1782362501.7589142,0.001848459243774414
330788,normal,1798,0,1782362501.7610648,0.0021505355834960938
330789,normal,3237,1,1782362501.7629163,0.0018515586853027344
330790,normal,2154,0,1782362501.7650652,0.002148866653442383
330791,normal,3494,0,1782362501.7669156,0.0018503665924072266
330792,normal,339,0,1782362501.7690682,0.002152681350708008
330793,normal,1704,0,1782362501.7709143,0.0018460750579833984
330794,normal,3490,0,1782362501.773082,0.0021677017211914062
330795,normal,3535,0,1782362501.7749152,0.001833200454711914
330796,normal,627,0,1782362501.7770638,0.0021486282348632812
330797,normal,7,0,1782362501.7789135,0.0018496513366699219
330798,normal,2353,0,1782362501.7810664,0.0021529197692871094
330799,normal,3479,0,1782362501.7829154,0.0018489360809326172
330800,normal,1392,0,1782362501.7850645,0.0021491050720214844
330801,normal,3206,1,1782362501.7869148,0.0018503665924072266
330802,normal,3674,0,1782362501.7890637,0.002148866653442383
330803,normal,1073,0,1782362501.790915,0.0018513202667236328
330804,normal,1692,0,1782362501.7930655,0.0021505355834960938
330805,normal,942,2,1782362501.794914,0.001848459243774414
330806,normal,785,2,1782362501.797035,0.0021209716796875
330807,normal,2257,0,1782362501.7989151,0.0018801689147949219
330808,normal,2477,0,1782362501.8010757,0.0021605491638183594
330809,normal,1070,0,1782362501.8029132,0.0018374919891357422
330810,normal,350,0,1782362501.8050551,0.0021419525146484375
330811,normal,1166,0,1782362501.8069158,0.0018606185913085938
330812,normal,1134,0,1782362501.809055,0.0021393299102783203
330813,normal,3180,1,1782362501.8110533,0.0019981861114501953
330814,normal,1458,0,1782362501.813097,0.0020437240600585938
330815,normal,3065,1,1782362501.8150616,0.001964569091796875
330816,normal,1991,0,1782362501.817069,0.0020074844360351562
330817,normal,632,0,1782362501.8190439,0.001974821090698242
330818,normal,2288,0,1782362501.821208,0.002164125442504883
330819,normal,2572,0,1782362501.8229337,0.0017256736755371094
330820,normal,1301,0,1782362501.825189,0.0022554397583007812
330821,normal,357,0,1782362501.827027,0.0018379688262939453
330822,normal,2019,0,1782362501.829056,0.002028942108154297
330823,normal,2980,0,1782362501.8309844,0.0019283294677734375
330824,normal,1542,0,1782362501.8331456,0.002161264419555664
330825,normal,1676,0,1782362501.834891,0.001745462417602539
330826,normal,3689,0,1782362501.8371327,0.0022416114807128906
330827,normal,971,2,1782362501.8389738,0.0018410682678222656
330828,normal,1777,0,1782362501.8410473,0.002073526382446289
330829,normal,950,2,1782362501.8429716,0.001924276351928711
330830,normal,3184,1,1782362501.8450687,0.0020971298217773438
330831,normal,1674,0,1782362501.8468919,0.0018231868743896484
330832,normal,1275,0,1782362501.8490977,0.0022058486938476562
330833,normal,1577,0,1782362501.850924,0.0018262863159179688
330834,normal,1156,0,1782362501.853047,0.0021228790283203125
330835,normal,3381,1,1782362501.8549206,0.0018737316131591797
330836,normal,1364,1,1782362501.8570707,0.0021500587463378906
330837,normal,1854,0,1782362501.8588908,0.0018200874328613281
330838,normal,931,2,1782362501.8611014,0.0022106170654296875
330839,normal,1536,0,1782362501.863073,0.001971721649169922
330840,normal,3245,1,1782362501.8648894,0.0018162727355957031
330841,normal,695,0,1782362501.8670669,0.0021774768829345703
330842,normal,2238,0,1782362501.869066,0.0019991397857666016
330843,normal,1689,0,1782362501.870891,0.001825094223022461
330844,normal,1661,0,1782362501.8731074,0.002216339111328125
330845,normal,3113,1,1782362501.8750758,0.0019683837890625
330846,normal,1371,1,1782362501.8768883,0.0018124580383300781
330847,normal,2413,0,1782362501.8790655,0.0021772384643554688
330848,normal,3460,0,1782362501.8810666,0.002001047134399414
330849,normal,490,0,1782362501.8828905,0.0018239021301269531
330850,normal,824,2,1782362501.884916,0.002025604248046875
330851,normal,2951,0,1782362501.8870766,0.0021605491638183594
330852,normal,1013,2,1782362501.8888955,0.0018188953399658203
330853,normal,3011,0,1782362501.891074,0.0021784305572509766
330854,normal,2002,0,1782362501.8930676,0.0019936561584472656
330855,normal,3166,1,1782362501.89489,0.0018224716186523438
330856,normal,1029,2,1782362501.8971157,0.002225637435913086
330857,normal,1761,0,1782362501.8990743,0.001958608627319336
330858,normal,3034,0,1782362501.9009104,0.0018360614776611328
330859,normal,456,0,1782362501.9031181,0.0022077560424804688
330860,normal,2512,0,1782362501.905065,0.0019469261169433594
330861,normal,1703,0,1782362501.90689,0.0018248558044433594
330862,normal,2835,0,1782362501.909143,0.0022530555725097656
330863,normal,3268,1,1782362501.9110882,0.0019452571868896484
330864,normal,758,0,1782362501.9129043,0.0018160343170166016
330865,normal,848,2,1782362501.915123,0.0022187232971191406
330866,normal,69,0,1782362501.9170678,0.0019447803497314453
330867,normal,1053,0,1782362501.9188902,0.0018224716186523438
330868,normal,1264,0,1782362501.9211164,0.002226114273071289
330869,normal,1622,0,1782362501.9230769,0.0019605159759521484
330870,normal,2151,0,1782362501.9248912,0.0018143653869628906
330871,normal,1648,0,1782362501.9271164,0.002225160598754883
330872,normal,1731,0,1782362501.9290764,0.0019600391387939453
330873,normal,429,0,1782362501.930892,0.0018155574798583984
330874,normal,2461,0,1782362501.9331207,0.0022287368774414062
330875,normal,716,0,1782362501.93507,0.001949310302734375
330876,normal,3671,0,1782362501.9368904,0.0018203258514404297
330877,normal,396,0,1782362501.9391165,0.002226114273071289
330878,normal,965,2,1782362501.9410827,0.001966238021850586
330879,normal,384,0,1782362501.9429033,0.0018205642700195312
330880,normal,1321,1,1782362501.9451263,0.0022230148315429688
330881,normal,892,2,1782362501.9470966,0.0019702911376953125
330882,normal,1552,0,1782362501.9488895,0.00179290771484375
330883,normal,106,0,1782362501.9511158,0.0022263526916503906
330884,normal,2183,0,1782362501.9530675,0.0019516944885253906
330885,normal,3125,1,1782362501.9549263,0.0018587112426757812
330886,normal,2650,0,1782362501.9571166,0.0021903514862060547
330887,normal,3000,0,1782362501.9590757,0.001959085464477539
330888,normal,1686,0,1782362501.9608905,0.0018148422241210938
330889,normal,212,0,1782362501.9631155,0.0022249221801757812
330890,normal,1701,0,1782362501.965074,0.001958608627319336
330891,normal,430,0,1782362501.9668975,0.00182342529296875
330892,normal,1927,0,1782362501.9689684,0.002070903778076172
330893,normal,3246,1,1782362501.971076,0.0021076202392578125
330894,normal,2976,0,1782362501.972882,0.001806020736694336
330895,normal,1529,0,1782362501.9749603,0.0020782947540283203
330896,normal,2515,0,1782362501.9770682,0.002107858657836914
330897,normal,1773,0,1782362501.9788885,0.0018203258514404297
330898,normal,1683,0,1782362501.981111,0.0022225379943847656
330899,normal,1730,0,1782362501.9830713,0.001960277557373047
330900,normal,165,0,1782362501.9848883,0.0018169879913330078
330901,normal,2736,0,1782362501.9871109,0.0022225379943847656
330902,normal,770,0,1782362501.9890695,0.001958608627319336
330903,normal,1307,0,1782362501.990888,0.0018186569213867188
330904,normal,163,0,1782362501.993112,0.002223968505859375
330905,normal,1309,0,1782362501.9950693,0.0019571781158447266
330906,normal,1265,0,1782362501.9968896,0.0018203258514404297
330907,normal,1873,0,1782362501.9991171,0.0022275447845458984
330908,normal,1960,0,1782362502.00107,0.0019528865814208984
330909,normal,572,0,1782362502.002888,0.001817941665649414
330910,normal,1481,0,1782362502.0051243,0.0022363662719726562
330911,normal,2547,0,1782362502.007078,0.001953601837158203
330912,normal,399,0,1782362502.008888,0.0018100738525390625
330913,normal,1740,0,1782362502.011114,0.0022258758544921875
330914,normal,1021,2,1782362502.0130696,0.001955747604370117
330915,normal,2616,0,1782362502.0148876,0.001817941665649414
330916,normal,118,0,1782362502.0170627,0.0021750926971435547
330917,normal,1370,1,1782362502.0190613,0.0019986629486083984
330918,normal,478,0,1782362502.0208876,0.0018262863159179688
330919,normal,2707,0,1782362502.0230641,0.002176523208618164
330920,normal,1792,0,1782362502.0250783,0.00201416015625
330921,normal,1230,0,1782362502.0268886,0.001810312271118164
330922,normal,2139,0,1782362502.0290654,0.0021767616271972656
330923,normal,3086,1,1782362502.0310712,0.0020058155059814453
330924,normal,3686,0,1782362502.0328877,0.0018165111541748047
330925,normal,823,2,1782362502.0350695,0.0021817684173583984
330926,normal,677,0,1782362502.037074,0.0020046234130859375
330927,normal,1953,0,1782362502.0388882,0.001814126968383789
330928,normal,2702,0,1782362502.0410714,0.002183198928833008
330929,normal,3302,1,1782362502.0430696,0.0019981861114501953
330930,normal,1599,0,1782362502.0448918,0.0018222332000732422
330931,normal,884,2,1782362502.0472114,0.0023195743560791016
330932,normal,2283,0,1782362502.0489154,0.0017039775848388672
330933,normal,3627,0,1782362502.0510406,0.002125263214111328
330934,normal,3147,1,1782362502.0529234,0.001882791519165039
330935,normal,3707,0,1782362502.05507,0.002146482467651367
330936,normal,2744,0,1782362502.0568874,0.001817464828491211
330937,normal,1187,0,1782362502.059079,0.0021915435791015625
330938,normal,3600,0,1782362502.0610695,0.0019905567169189453
330939,normal,2996,0,1782362502.062889,0.001819610595703125
330940,normal,2161,0,1782362502.065088,0.002198934555053711
330941,normal,1546,0,1782362502.0670698,0.0019817352294921875
330942,normal,489,0,1782362502.0688868,0.0018169879913330078
330943,normal,2801,0,1782362502.0710843,0.0021975040435791016
330944,normal,938,2,1782362502.0730891,0.002004861831665039
330945,normal,239,0,1782362502.0748932,0.0018041133880615234
330946,normal,3216,1,1782362502.0770853,0.0021920204162597656
330947,normal,1659,0,1782362502.0790718,0.0019865036010742188
330948,normal,1557,0,1782362502.0809228,0.0018510818481445312
330949,normal,1378,1,1782362502.0831027,0.002179861068725586
330950,normal,1436,0,1782362502.084922,0.0018193721771240234
330951,normal,3693,0,1782362502.0870416,0.0021195411682128906
330952,normal,2088,0,1782362502.088939,0.0018973350524902344
330953,normal,3274,1,1782362502.0910697,0.002130746841430664
330954,normal,1705,0,1782362502.092915,0.0018453598022460938
330955,normal,498,0,1782362502.0949411,0.002026081085205078
330956,normal,1213,0,1782362502.0970697,0.00212860107421875
330957,normal,259,0,1782362502.0988874,0.0018177032470703125
330958,normal,609,0,1782362502.1010964,0.0022089481353759766
330959,normal,1951,0,1782362502.1030688,0.0019724369049072266
330960,normal,181,0,1782362502.1048892,0.0018203258514404297
330961,normal,3276,1,1782362502.1070976,0.0022084712982177734
330962,normal,48,0,1782362502.1090791,0.001981496810913086
330963,normal,94,0,1782362502.1108882,0.0018091201782226562
330964,normal,95,0,1782362502.113101,0.0022127628326416016
330965,normal,18,0,1782362502.1150696,0.0019686222076416016
330966,normal,3387,1,1782362502.1168873,0.0018177032470703125
330967,normal,3389,1,1782362502.1191041,0.002216815948486328
330968,normal,2594,0,1782362502.1210697,0.0019655227661132812
330969,normal,1403,0,1782362502.1228933,0.0018236637115478516
330970,normal,737,0,1782362502.1251059,0.0022125244140625
330971,normal,916,2,1782362502.1270723,0.0019664764404296875
330972,normal,1482,0,1782362502.1288886,0.0018162727355957031
330973,normal,935,2,1782362502.131107,0.002218484878540039
330974,normal,1930,0,1782362502.1330695,0.001962423324584961
330975,normal,3240,1,1782362502.1348865,0.0018169879913330078
330976,normal,1052,0,1782362502.13711,0.002223491668701172
330977,normal,2720,0,1782362502.1390703,0.001960277557373047
330978,normal,893,2,1782362502.1409013,0.0018310546875
330979,normal,2992,0,1782362502.1431122,0.002210855484008789
330980,normal,1592,0,1782362502.1450694,0.0019571781158447266
330981,normal,2110,0,1782362502.1468885,0.0018191337585449219
330982,normal,922,2,1782362502.1491156,0.0022270679473876953
330983,normal,1137,0,1782362502.1509166,0.0018010139465332031
330984,normal,412,0,1782362502.1530626,0.002146005630493164
330985,normal,2760,0,1782362502.1549654,0.0019028186798095703
330986,normal,391,0,1782362502.1570635,0.00209808349609375
330987,normal,2822,0,1782362502.1589196,0.001856088638305664
330988,normal,1259,0,1782362502.1611192,0.0021996498107910156
330989,normal,2487,0,1782362502.1629236,0.001804351806640625
330990,normal,1814,0,1782362502.165065,0.0021414756774902344
330991,normal,369,0,1782362502.1669679,0.0019028186798095703
330992,normal,653,0,1782362502.1690624,0.0020945072174072266
330993,normal,2562,0,1782362502.170917,0.0018546581268310547
330994,normal,3654,0,1782362502.1731193,0.002202272415161133
330995,normal,3617,0,1782362502.174916,0.001796722412109375
330996,normal,2795,0,1782362502.177061,0.002145051956176758
330997,normal,1608,0,1782362502.1789675,0.0019063949584960938
330998,normal,1408,0,1782362502.1810603,0.0020928382873535156
330999,normal,2985,0,1782362502.182916,0.001855611801147461
331000,normal,856,2,1782362502.1850634,0.0021474361419677734
331001,normal,2647,0,1782362502.1870623,0.0019989013671875
331002,normal,151,0,1782362502.1889157,0.0018534660339355469
331003,normal,636,0,1782362502.1910658,0.0021500587463378906
331004,normal,2638,0,1782362502.1929195,0.0018537044525146484
331005,normal,1533,0,1782362502.1949162,0.001996755599975586
331006,normal,134,0,1782362502.1970632,0.0021469593048095703
331007,normal,398,0,1782362502.1990688,0.0020055770874023438
331008,normal,1486,0,1782362502.2008948,0.0018260478973388672
331009,normal,2269,0,1782362502.203068,0.002173185348510742
331010,normal,953,2,1782362502.204916,0.001847982406616211
331011,normal,3691,0,1782362502.2070415,0.0021255016326904297
331012,normal,3108,1,1782362502.2089684,0.0019268989562988281
331013,normal,3019,0,1782362502.2110703,0.002101898193359375
331014,normal,3453,0,1782362502.212867,0.001796722412109375
331015,normal,2213,0,1782362502.2149146,0.0020475387573242188
331016,normal,2463,0,1782362502.2170706,0.0021560192108154297
331017,normal,2700,0,1782362502.2188869,0.0018162727355957031
331018,normal,1127,0,1782362502.2210598,0.0021729469299316406
331019,normal,27,0,1782362502.2230697,0.002009868621826172
331020,normal,345,0,1782362502.2248886,0.0018188953399658203
331021,normal,654,0,1782362502.2270615,0.0021729469299316406
331022,normal,3020,0,1782362502.228919,0.0018575191497802734
331023,normal,188,0,1782362502.2310407,0.0021216869354248047
331024,normal,1841,0,1782362502.23297,0.0019292831420898438
331025,normal,526,0,1782362502.2350693,0.002099275588989258
331026,normal,2606,0,1782362502.2368875,0.0018181800842285156
331027,normal,1603,0,1782362502.2390597,0.002172231674194336
331028,normal,2771,0,1782362502.241076,0.002016305923461914
331029,normal,1044,0,1782362502.242887,0.0018110275268554688
331030,normal,2051,0,1782362502.2450597,0.002172708511352539
331031,normal,2626,0,1782362502.247069,0.002009153366088867
331032,normal,1540,0,1782362502.248916,0.0018470287322998047
331033,normal,1762,0,1782362502.2511203,0.002204418182373047
331034,normal,2030,0,1782362502.2529154,0.001795053482055664
331035,normal,819,2,1782362502.2550437,0.0021283626556396484
331036,normal,586,0,1782362502.25697,0.0019261837005615234
331037,normal,3294,1,1782362502.2590697,0.002099752426147461
331038,normal,1239,0,1782362502.260915,0.0018453598022460938
331039,normal,2354,0,1782362502.263062,0.0021469593048095703
331040,normal,3307,1,1782362502.2650683,0.0020062923431396484
331041,normal,657,0,1782362502.2669156,0.0018472671508789062
331042,normal,99,0,1782362502.2690616,0.002146005630493164
331043,normal,1801,0,1782362502.2710693,0.002007722854614258
331044,normal,886,2,1782362502.2729146,0.0018453598022460938
331045,normal,3119,1,1782362502.275062,0.0021474361419677734
331046,normal,3283,1,1782362502.2770698,0.002007722854614258
331047,normal,933,2,1782362502.278922,0.001852273941040039
331048,normal,3372,1,1782362502.281063,0.0021409988403320312
331049,normal,2381,0,1782362502.283068,0.002004861831665039
331050,normal,175,0,1782362502.2849133,0.0018453598022460938
331051,normal,197,0,1782362502.2870638,0.0021505355834960938
331052,normal,439,0,1782362502.2890668,0.0020029544830322266
331053,normal,789,2,1782362502.2909155,0.0018486976623535156
331054,normal,2673,0,1782362502.2930598,0.002144336700439453
331055,normal,1270,0,1782362502.2950695,0.0020096302032470703
331056,normal,1511,0,1782362502.2969143,0.0018448829650878906
331057,normal,1124,0,1782362502.2990618,0.0021474361419677734
331058,normal,648,0,1782362502.3010657,0.002003908157348633
331059,normal,2859,0,1782362502.302915,0.0018494129180908203
331060,normal,911,2,1782362502.3050587,0.0021436214447021484
331061,normal,103,0,1782362502.3070683,0.0020096302032470703
331062,normal,2785,0,1782362502.3089144,0.0018460750579833984
331063,normal,1499,0,1782362502.311083,0.0021686553955078125
331064,normal,2612,0,1782362502.3129158,0.001832723617553711
331065,normal,3605,0,1782362502.3150625,0.0021467208862304688
331066,normal,2295,0,1782362502.3169324,0.0018699169158935547
331067,normal,710,0,1782362502.3190804,0.0021479129791259766
331068,normal,2456,0,1782362502.3209152,0.001834869384765625
331069,normal,1623,0,1782362502.3230624,0.002147197723388672
331070,normal,2740,0,1782362502.3250668,0.002004384994506836
331071,normal,3179,1,1782362502.3269155,0.0018486976623535156
331072,normal,1145,0,1782362502.3290598,0.002144336700439453
331073,normal,499,0,1782362502.3310754,0.0020155906677246094
331074,normal,402,0,1782362502.3329148,0.0018393993377685547
331075,normal,2555,0,1782362502.3350623,0.0021474361419677734
331076,normal,2157,0,1782362502.3370736,0.0020112991333007812
331077,normal,3608,0,1782362502.3389144,0.001840829849243164
331078,normal,876,2,1782362502.3410585,0.0021440982818603516
331079,normal,3022,0,1782362502.3430703,0.0020117759704589844
331080,normal,194,0,1782362502.3449142,0.0018439292907714844
331081,normal,59,0,1782362502.3470993,0.0021851062774658203
331082,normal,794,2,1782362502.3489146,0.0018153190612792969
331083,normal,2057,0,1782362502.3509085,0.001993894577026367
331084,normal,1923,0,1782362502.3529022,0.0019936561584472656
331085,normal,310,0,1782362502.3549504,0.0020482540130615234
331086,normal,540,0,1782362502.3568242,0.0018737316131591797
331087,normal,2305,0,1782362502.358866,0.0020418167114257812
331088,normal,1664,0,1782362502.3608966,0.002030611038208008
331089,normal,136,0,1782362502.3628514,0.001954793930053711
331090,normal,248,0,1782362502.3648553,0.002003908157348633
331091,normal,1189,0,1782362502.3669996,0.002144336700439453
331092,normal,707,0,1782362502.3688262,0.0018265247344970703
331093,normal,2415,0,1782362502.3711107,0.002284526824951172
331094,normal,2774,0,1782362502.3730683,0.0019576549530029297
331095,normal,2590,0,1782362502.3749058,0.0018374919891357422
331096,normal,201,0,1782362502.3771086,0.002202749252319336
331097,normal,2444,0,1782362502.3790708,0.0019621849060058594
331098,normal,2320,0,1782362502.380889,0.0018181800842285156
331099,normal,2024,0,1782362502.3831148,0.0022258758544921875
331100,normal,1112,0,1782362502.3850672,0.0019524097442626953
331101,normal,385,0,1782362502.386889,0.001821756362915039
331102,normal,1934,0,1782362502.389114,0.0022249221801757812
331103,normal,1753,0,1782362502.3910694,0.0019555091857910156
331104,normal,721,0,1782362502.3928885,0.0018191337585449219
331105,normal,2657,0,1782362502.3951197,0.002231121063232422
331106,normal,1757,0,1782362502.3970737,0.0019540786743164062
331107,normal,2517,0,1782362502.3988903,0.0018165111541748047
331108,normal,1005,2,1782362502.4011188,0.0022284984588623047
331109,normal,2186,0,1782362502.4030697,0.001950979232788086
331110,normal,2719,0,1782362502.4049113,0.0018415451049804688
331111,normal,1992,0,1782362502.4071238,0.0022125244140625
331112,normal,828,2,1782362502.4090664,0.0019426345825195312
331113,normal,3593,0,1782362502.410887,0.0018205642700195312
331114,normal,2297,0,1782362502.4131246,0.002237558364868164
331115,normal,76,0,1782362502.4150643,0.0019397735595703125
331116,normal,696,0,1782362502.4168868,0.0018224716186523438
331117,normal,274,0,1782362502.4191282,0.002241373062133789
331118,normal,1341,1,1782362502.4210782,0.0019500255584716797
331119,normal,2667,0,1782362502.4228888,0.0018105506896972656
331120,normal,3122,1,1782362502.425074,0.002185344696044922
331121,normal,2491,0,1782362502.427063,0.0019888877868652344
331122,normal,3256,1,1782362502.4289165,0.0018534660339355469
331123,normal,250,0,1782362502.4311295,0.002213001251220703
331124,normal,3587,0,1782362502.4330723,0.0019428730010986328
331125,normal,3341,1,1782362502.4349015,0.0018291473388671875
331126,normal,158,0,1782362502.4371276,0.002226114273071289
331127,normal,1023,2,1782362502.4390712,0.0019435882568359375
331128,normal,2065,0,1782362502.4408896,0.0018184185028076172
331129,normal,1781,0,1782362502.442978,0.002088308334350586
331130,normal,3477,0,1782362502.4450712,0.0020933151245117188
331131,normal,2800,0,1782362502.4468899,0.0018186569213867188
331132,normal,2754,0,1782362502.449065,0.0021750926971435547
331133,normal,2431,0,1782362502.4510708,0.0020058155059814453
331134,normal,2308,0,1782362502.452888,0.0018172264099121094
331135,normal,1067,0,1782362502.4551306,0.002242565155029297
331136,normal,2316,0,1782362502.4570808,0.0019502639770507812
331137,normal,420,0,1782362502.458889,0.00180816650390625
331138,normal,3083,1,1782362502.461129,0.0022399425506591797
331139,normal,1114,0,1782362502.463072,0.0019431114196777344
331140,normal,1640,0,1782362502.4648943,0.0018222332000732422
331141,normal,2195,0,1782362502.467131,0.002236604690551758
331142,normal,788,2,1782362502.469081,0.0019500255584716797
331143,normal,1260,0,1782362502.4708912,0.001810312271118164
331144,normal,1057,0,1782362502.4731305,0.002239227294921875
331145,normal,2885,0,1782362502.4750767,0.0019462108612060547
331146,normal,2402,0,1782362502.476889,0.0018122196197509766
331147,normal,1791,0,1782362502.4791324,0.002243518829345703
331148,normal,278,0,1782362502.4810717,0.0019392967224121094
331149,normal,2536,0,1782362502.4828882,0.0018165111541748047
331150,normal,2948,0,1782362502.48512,0.0022318363189697266
331151,normal,313,0,1782362502.4870615,0.0019414424896240234
331152,normal,3,0,1782362502.4889162,0.0018546581268310547
331153,normal,2389,0,1782362502.4911306,0.0022144317626953125
331154,normal,1938,0,1782362502.4930818,0.0019512176513671875
331155,normal,3281,1,1782362502.4948893,0.0018074512481689453
331156,normal,2220,0,1782362502.497065,0.0021758079528808594
331157,normal,2794,0,1782362502.4990718,0.0020067691802978516
331158,normal,2903,0,1782362502.5009387,0.0018668174743652344
331159,normal,413,0,1782362502.5028806,0.0019419193267822266
331160,normal,90,0,1782362502.504946,0.002065420150756836
331161,normal,1483,0,1782362502.506816,0.0018699169158935547
331162,normal,67,0,1782362502.5090692,0.002253293991088867
331163,normal,1034,0,1782362502.5110478,0.001978635787963867
331164,normal,3298,1,1782362502.512896,0.0018482208251953125
331165,normal,1502,0,1782362502.5149193,0.0020232200622558594
331166,normal,862,2,1782362502.5170584,0.0021390914916992188
331167,normal,1125,0,1782362502.5188897,0.0018312931060791016
331168,normal,2802,0,1782362502.5210745,0.0021848678588867188
331169,normal,2144,0,1782362502.5230694,0.0019948482513427734
331170,normal,2403,0,1782362502.524887,0.0018177032470703125
331171,normal,2570,0,1782362502.527076,0.0021889209747314453
331172,normal,19,0,1782362502.5290709,0.0019948482513427734
331173,normal,3189,1,1782362502.530889,0.0018181800842285156
331174,normal,3313,1,1782362502.5330791,0.002190113067626953
331175,normal,1325,1,1782362502.535071,0.001991748809814453
331176,normal,458,0,1782362502.5368927,0.001821756362915039
331177,normal,2604,0,1782362502.5390818,0.002189159393310547
331178,normal,1236,0,1782362502.5410695,0.0019876956939697266
331179,normal,1338,1,1782362502.542891,0.0018215179443359375
331180,normal,1696,0,1782362502.545083,0.0021920204162597656
331181,normal,406,0,1782362502.5470698,0.0019867420196533203
331182,normal,3512,0,1782362502.5488892,0.0018193721771240234
331183,normal,881,2,1782362502.5511012,0.002212047576904297
331184,normal,2300,0,1782362502.5530758,0.0019745826721191406
331185,normal,2716,0,1782362502.5549166,0.001840829849243164
331186,normal,71,0,1782362502.5570874,0.0021708011627197266
331187,normal,403,0,1782362502.559071,0.001983642578125
331188,normal,1903,0,1782362502.560889,0.001817941665649414
331189,normal,298,0,1782362502.5630915,0.0022025108337402344
331190,normal,1720,0,1782362502.5650692,0.001977682113647461
331191,normal,3653,0,1782362502.5668888,0.001819610595703125
331192,normal,951,2,1782362502.5690932,0.002204418182373047
331193,normal,2384,0,1782362502.5710723,0.0019791126251220703
331194,normal,3146,1,1782362502.5728881,0.0018157958984375
331195,normal,3361,1,1782362502.5751002,0.002212047576904297
331196,normal,2677,0,1782362502.576916,0.0018157958984375
331197,normal,2074,0,1782362502.5790644,0.0021483898162841797
331198,normal,220,0,1782362502.5809462,0.0018818378448486328
331199,normal,3228,1,1782362502.583071,0.002124786376953125
331200,normal,2485,0,1782362502.5849242,0.0018532276153564453
331201,normal,1548,0,1782362502.5869155,0.00199127197265625
331202,normal,1462,0,1782362502.5890713,0.002155780792236328
331203,normal,524,0,1782362502.5909271,0.0018558502197265625
331204,normal,1093,0,1782362502.5930636,0.0021364688873291016
331205,normal,2167,0,1782362502.5950716,0.0020079612731933594
331206,normal,1169,0,1782362502.5969164,0.0018448829650878906
331207,normal,774,2,1782362502.5990644,0.0021479129791259766
331208,normal,119,0,1782362502.6010716,0.0020072460174560547
331209,normal,3081,1,1782362502.6029198,0.0018482208251953125
331210,normal,2733,0,1782362502.6051087,0.0021889209747314453
331211,normal,3467,0,1782362502.6069171,0.0018084049224853516
331212,normal,2532,0,1782362502.6090634,0.0021462440490722656
331213,normal,3263,1,1782362502.6109571,0.001893758773803711
331214,normal,2388,0,1782362502.6130412,0.002084016799926758
331215,normal,3673,0,1782362502.6149151,0.0018739700317382812
331216,normal,2678,0,1782362502.6170635,0.0021483898162841797
331217,normal,362,0,1782362502.619072,0.0020084381103515625
331218,normal,1775,0,1782362502.6209161,0.001844167709350586
331219,normal,813,2,1782362502.6230638,0.002147674560546875
331220,normal,3419,0,1782362502.6250708,0.002007007598876953
331221,normal,3708,0,1782362502.6269202,0.0018494129180908203
331222,normal,1837,0,1782362502.6290438,0.002123594284057617
331223,normal,1954,0,1782362502.6310785,0.0020346641540527344
331224,normal,2455,0,1782362502.6329162,0.0018377304077148438
331225,normal,1153,0,1782362502.6350634,0.002147197723388672
331226,normal,2271,0,1782362502.6370702,0.0020067691802978516
331227,normal,223,0,1782362502.6389177,0.0018475055694580078
331228,normal,924,2,1782362502.6411238,0.002206087112426758
331229,normal,1202,0,1782362502.6429167,0.00179290771484375
331230,normal,3008,0,1782362502.6450644,0.002147674560546875
331231,normal,944,2,1782362502.6469727,0.0019083023071289062
331232,normal,308,0,1782362502.6490712,0.002098560333251953
331233,normal,1061,0,1782362502.6509159,0.001844644546508789
331234,normal,3641,0,1782362502.6530635,0.002147674560546875
331235,normal,1672,0,1782362502.6550703,0.0020067691802978516
331236,normal,44,0,1782362502.656915,0.001844644546508789
331237,normal,2543,0,1782362502.6591303,0.0022153854370117188
331238,normal,1049,0,1782362502.6609166,0.0017862319946289062
331239,normal,2507,0,1782362502.6630652,0.0021486282348632812
331240,normal,2102,0,1782362502.66498,0.0019147396087646484
331241,normal,1113,0,1782362502.6670702,0.0020902156829833984
331242,normal,127,0,1782362502.6689246,0.0018544197082519531
331243,normal,36,0,1782362502.6710644,0.0021398067474365234
331244,normal,2998,0,1782362502.6729167,0.001852273941040039
331245,normal,66,0,1782362502.6750417,0.0021250247955322266
331246,normal,507,0,1782362502.6770055,0.0019638538360595703
331247,normal,604,0,1782362502.6790714,0.002065896987915039
331248,normal,1104,0,1782362502.6808882,0.0018167495727539062
331249,normal,667,0,1782362502.6830623,0.0021741390228271484
331250,normal,1578,0,1782362502.6850698,0.0020074844360351562
331251,normal,996,2,1782362502.68689,0.0018200874328613281
331252,normal,2258,0,1782362502.6891382,0.0022482872009277344
331253,normal,3257,1,1782362502.6909175,0.001779317855834961
331254,normal,1211,0,1782362502.6930428,0.002125263214111328
331255,normal,2346,0,1782362502.6949875,0.0019447803497314453
331256,normal,2264,0,1782362502.697068,0.0020804405212402344
331257,normal,3580,0,1782362502.6988873,0.0018193721771240234
331258,normal,1727,0,1782362502.701139,0.0022516250610351562
331259,normal,417,0,1782362502.7029147,0.0017757415771484375
331260,normal,1083,0,1782362502.7050424,0.0021276473999023438
331261,normal,3391,1,1782362502.7069862,0.001943826675415039
331262,normal,2208,0,1782362502.7090766,0.0020904541015625
331263,normal,3624,0,1782362502.7108886,0.001811981201171875
331264,normal,1333,1,1782362502.7130756,0.002187013626098633
331265,normal,231,0,1782362502.714915,0.0018393993377685547
331266,normal,2500,0,1782362502.7170422,0.0021271705627441406
331267,normal,1123,0,1782362502.718997,0.001954793930053711
331268,normal,2865,0,1782362502.7210674,0.0020704269409179688
331269,normal,1842,0,1782362502.7228918,0.0018243789672851562
331270,normal,2254,0,1782362502.7251163,0.002224445343017578
331271,normal,1372,1,1782362502.7269108,0.001794576644897461
331272,normal,445,0,1782362502.7290435,0.0021326541900634766
331273,normal,3690,0,1782362502.7309883,0.0019447803497314453
331274,normal,3706,0,1782362502.7330663,0.0020780563354492188
331275,normal,8,0,1782362502.7349176,0.0018513202667236328
331276,normal,2096,0,1782362502.7370644,0.0021467208862304688
331277,normal,1748,0,1782362502.7389107,0.0018463134765625
331278,normal,3514,0,1782362502.7411344,0.0022237300872802734
331279,normal,138,0,1782362502.743016,0.0018815994262695312
331280,normal,2446,0,1782362502.744949,0.0019330978393554688
331281,normal,547,0,1782362502.747886,0.002936840057373047
331282,normal,574,0,1782362502.7487724,0.0008864402770996094
331283,normal,3062,1,1782362502.7508426,0.002070188522338867
331284,normal,1996,0,1782362502.75292,0.002077341079711914
331285,normal,2244,0,1782362502.7548456,0.0019257068634033203
331286,normal,3260,1,1782362502.7568562,0.0020105838775634766
331287,normal,346,0,1782362502.7589226,0.002066373825073242
331288,normal,3510,0,1782362502.7608874,0.0019648075103759766
331289,normal,1030,0,1782362502.762998,0.002110719680786133
331290,normal,1219,0,1782362502.765047,0.002048969268798828
331291,normal,3105,1,1782362502.7670586,0.002011537551879883
331292,normal,2106,0,1782362502.7690852,0.0020265579223632812
331293,normal,3035,0,1782362502.7709026,0.001817464828491211
331294,normal,3622,0,1782362502.7729807,0.0020780563354492188
331295,normal,1117,0,1782362502.774979,0.001998424530029297
331296,normal,1473,0,1782362502.7769635,0.0019843578338623047
331297,normal,2897,0,1782362502.7789547,0.00199127197265625
331298,normal,3270,1,1782362502.7809615,0.0020067691802978516
331299,normal,349,0,1782362502.7829616,0.002000093460083008
331300,normal,3145,1,1782362502.7848797,0.0019180774688720703
331301,normal,2252,0,1782362502.786981,0.002101421356201172
331302,normal,982,2,1782362502.7889638,0.0019826889038085938
331303,normal,3037,0,1782362502.7909613,0.0019974708557128906
331304,normal,929,2,1782362502.792965,0.0020036697387695312
331305,normal,534,0,1782362502.794961,0.0019960403442382812
331306,normal,909,2,1782362502.7969553,0.0019943714141845703
331307,normal,2004,0,1782362502.7989752,0.0020198822021484375
331308,normal,1912,0,1782362502.8009484,0.0019731521606445312
331309,normal,1132,0,1782362502.802916,0.0019676685333251953
331310,normal,1719,0,1782362502.8053198,0.002403736114501953
331311,normal,1945,0,1782362502.807015,0.0016951560974121094
331312,normal,2223,0,1782362502.8090913,0.002076387405395508
331313,normal,639,0,1782362502.8109963,0.0019049644470214844
331314,normal,3637,0,1782362502.812949,0.0019526481628417969
331315,normal,2962,0,1782362502.815377,0.0024280548095703125
331316,normal,1427,0,1782362502.8170056,0.0016286373138427734
331317,normal,869,2,1782362502.8188558,0.001850128173828125
331318,normal,2684,0,1782362502.8208811,0.0020253658294677734
331319,normal,167,0,1782362502.8228638,0.0019826889038085938
331320,normal,1616,0,1782362502.8248866,0.0020227432250976562
331321,normal,804,2,1782362502.8268888,0.002002239227294922
331322,normal,1240,0,1782362502.8289194,0.002030611038208008
331323,normal,1193,0,1782362502.8310544,0.002135038375854492
331324,normal,1646,0,1782362502.832846,0.0017914772033691406
331325,normal,1037,0,1782362502.83484,0.0019941329956054688
331326,normal,795,2,1782362502.8368247,0.0019845962524414062
331327,normal,39,0,1782362502.8388295,0.002004861831665039
331328,normal,3408,0,1782362502.8409562,0.0021266937255859375
331329,normal,3526,0,1782362502.8429615,0.002005338668823242
331330,normal,668,0,1782362502.8449814,0.0020198822021484375
331331,normal,2917,0,1782362502.8470604,0.002079010009765625
331332,normal,1549,0,1782362502.8489356,0.001875162124633789
331333,normal,1518,0,1782362502.8510118,0.0020761489868164062
331334,normal,1302,0,1782362502.8529627,0.001950979232788086
331335,normal,3456,0,1782362502.854954,0.00199127197265625
331336,normal,207,0,1782362502.856977,0.002022981643676758
331337,normal,3165,1,1782362502.8589177,0.0019407272338867188
331338,normal,2247,0,1782362502.8609116,0.001993894577026367
331339,normal,2062,0,1782362502.8629134,0.0020017623901367188
331340,normal,2534,0,1782362502.8650472,0.0021338462829589844
331341,normal,2666,0,1782362502.8670108,0.0019636154174804688
331342,normal,3199,1,1782362502.8690212,0.002010345458984375
331343,normal,970,2,1782362502.8711033,0.0020821094512939453
331344,normal,693,0,1782362502.8729544,0.0018510818481445312
331345,normal,582,0,1782362502.875051,0.0020966529846191406
331346,normal,3303,1,1782362502.8770995,0.002048492431640625
331347,normal,137,0,1782362502.8790512,0.0019516944885253906
331348,normal,3663,0,1782362502.880924,0.0018727779388427734
331349,normal,835,2,1782362502.8829162,0.0019922256469726562
331350,normal,2231,0,1782362502.884934,0.0020177364349365234
331351,normal,2061,0,1782362502.8869956,0.002061605453491211
331352,normal,1410,0,1782362502.8889346,0.0019390583038330078
331353,normal,3362,1,1782362502.8909163,0.0019817352294921875
331354,normal,641,0,1782362502.8929083,0.0019919872283935547
331355,normal,882,2,1782362502.894909,0.002000570297241211
331356,normal,979,2,1782362502.8971832,0.0022742748260498047
331357,normal,3688,0,1782362502.8989947,0.0018115043640136719
331358,normal,141,0,1782362502.9010541,0.002059459686279297
331359,normal,1746,0,1782362502.9029648,0.0019106864929199219
331360,normal,3489,0,1782362502.904967,0.002002239227294922
331361,normal,753,0,1782362502.9069633,0.001996278762817383
331362,normal,3645,0,1782362502.9089801,0.002016782760620117
331363,normal,1810,0,1782362502.911044,0.002063751220703125
331364,normal,2597,0,1782362502.913171,0.0021271705627441406
331365,normal,3162,1,1782362502.9148989,0.0017278194427490234
331366,normal,1496,0,1782362502.9170907,0.002191781997680664
331367,normal,2212,0,1782362502.918955,0.0018644332885742188
331368,normal,3571,0,1782362502.9209595,0.002004384994506836
331369,normal,1009,2,1782362502.923014,0.002054452896118164
331370,normal,3194,1,1782362502.9251218,0.002107858657836914
331371,normal,1489,0,1782362502.9270964,0.0019745826721191406
331372,normal,1729,0,1782362502.928969,0.0018725395202636719
331373,normal,780,2,1782362502.9310472,0.0020782947540283203
331374,normal,303,0,1782362502.932967,0.0019197463989257812
331375,normal,1589,0,1782362502.9349802,0.0020132064819335938
331376,normal,2909,0,1782362502.936959,0.0019788742065429688
331377,normal,3473,0,1782362502.9392848,0.002325773239135742
331378,normal,2493,0,1782362502.9410384,0.0017535686492919922
331379,normal,518,0,1782362502.9429958,0.001957416534423828
331380,normal,2834,0,1782362502.9451396,0.00214385986328125
331381,normal,3597,0,1782362502.947191,0.0020513534545898438
331382,normal,282,0,1782362502.9490025,0.0018115043640136719
331383,normal,3610,0,1782362502.9509182,0.0019156932830810547
331384,normal,2918,0,1782362502.9529438,0.002025604248046875
331385,normal,745,0,1782362502.9549453,0.002001523971557617
331386,normal,2325,0,1782362502.9569461,0.0020008087158203125
331387,normal,2728,0,1782362502.9589453,0.0019991397857666016
331388,normal,2563,0,1782362502.9609394,0.0019941329956054688
331389,normal,806,2,1782362502.962976,0.002036571502685547
331390,normal,784,2,1782362502.9649985,0.0020225048065185547
331391,normal,3127,1,1782362502.9670308,0.0020322799682617188
331392,normal,1787,0,1782362502.969014,0.001983165740966797
331393,normal,2291,0,1782362502.9709442,0.00193023681640625
331394,normal,2255,0,1782362502.9729898,0.0020456314086914062
331395,normal,323,0,1782362502.975006,0.002016305923461914
331396,normal,1576,0,1782362502.9770212,0.0020151138305664062
331397,normal,959,2,1782362502.9789593,0.0019381046295166016
331398,normal,332,0,1782362502.9809654,0.002006053924560547
331399,normal,1889,0,1782362502.9829483,0.0019829273223876953
331400,normal,1994,0,1782362502.9849436,0.0019953250885009766
331401,normal,1032,0,1782362502.9869437,0.002000093460083008
331402,normal,562,0,1782362502.988948,0.002004384994506836
331403,normal,1076,0,1782362502.99096,0.0020117759704589844
331404,normal,229,0,1782362502.9930174,0.0020575523376464844
331405,normal,1315,0,1782362502.9949882,0.0019707679748535156
331406,normal,2696,0,1782362502.996951,0.001962900161743164
331407,normal,2599,0,1782362502.9989283,0.001977205276489258
331408,normal,731,0,1782362503.0009298,0.002001523971557617
331409,normal,836,2,1782362503.0029287,0.0019989013671875
331410,normal,3451,0,1782362503.0049355,0.0020067691802978516
331411,normal,1102,0,1782362503.006998,0.002062559127807617
331412,normal,3503,0,1782362503.009002,0.002003908157348633
331413,normal,514,0,1782362503.0110602,0.002058267593383789
331414,normal,3377,1,1782362503.0129673,0.0019071102142333984
331415,normal,2776,0,1782362503.0149493,0.001981973648071289
331416,normal,902,2,1782362503.016986,0.002036571502685547
331417,normal,3137,1,1782362503.0189118,0.0019259452819824219
331418,normal,3657,0,1782362503.020923,0.0020110607147216797
331419,normal,129,0,1782362503.0229118,0.0019888877868652344
331420,normal,107,0,1782362503.0250535,0.002141714096069336
331421,normal,1484,0,1782362503.0270026,0.0019490718841552734
331422,normal,1671,0,1782362503.0290475,0.0020449161529541016
331423,normal,1356,1,1782362503.03109,0.002042531967163086
331424,normal,135,0,1782362503.033046,0.0019559860229492188
331425,normal,2229,0,1782362503.0350535,0.0020074844360351562
331426,normal,1256,0,1782362503.0370328,0.001979351043701172
331427,normal,1581,0,1782362503.0390975,0.0020647048950195312
331428,normal,724,0,1782362503.0410368,0.0019392967224121094
331429,normal,1887,0,1782362503.0429108,0.0018739700317382812
331430,normal,84,0,1782362503.0449195,0.002008676528930664
331431,normal,227,0,1782362503.0469124,0.001992940902709961
331432,normal,2781,0,1782362503.0490773,0.0021648406982421875
331433,normal,759,0,1782362503.0509067,0.001829385757446289
331434,normal,2243,0,1782362503.0529006,0.001993894577026367
331435,normal,2454,0,1782362503.0549068,0.0020062923431396484
331436,normal,3378,1,1782362503.0569072,0.0020003318786621094
331437,normal,2163,0,1782362503.0593305,0.0024232864379882812
331438,normal,3067,1,1782362503.0609238,0.0015933513641357422
331439,normal,2063,0,1782362503.0631604,0.002236604690551758
331440,normal,2952,0,1782362503.064929,0.0017685890197753906
331441,normal,64,0,1782362503.0669553,0.0020263195037841797
331442,normal,1326,1,1782362503.068955,0.0019996166229248047
331443,normal,2430,0,1782362503.0709555,0.002000570297241211
331444,normal,1060,0,1782362503.0731497,0.0021941661834716797
331445,normal,25,0,1782362503.0750365,0.0018868446350097656
331446,normal,2130,0,1782362503.0769534,0.0019168853759765625
331447,normal,980,2,1782362503.0789435,0.001990079879760742
331448,normal,3505,0,1782362503.080873,0.0019295215606689453
331449,normal,432,0,1782362503.0829573,0.0020842552185058594
331450,normal,3695,0,1782362503.085037,0.0020797252655029297
331451,normal,2747,0,1782362503.0870042,0.001967191696166992
331452,normal,1429,0,1782362503.0889783,0.0019741058349609375
331453,normal,2818,0,1782362503.0910459,0.00206756591796875
331454,normal,3486,0,1782362503.0936253,0.0025794506072998047
331455,normal,96,0,1782362503.095327,0.0017015933990478516
331456,normal,3546,0,1782362503.0968833,0.001556396484375
331457,normal,3310,1,1782362503.09896,0.0020766258239746094
331458,normal,3407,0,1782362503.1013374,0.0023775100708007812
331459,normal,1231,0,1782362503.1030471,0.0017096996307373047
331460,normal,3249,1,1782362503.105256,0.0022089481353759766
331461,normal,2155,0,1782362503.1072812,0.002025127410888672
331462,normal,1905,0,1782362503.1089456,0.0016644001007080078
331463,normal,1501,0,1782362503.110917,0.0019714832305908203
331464,normal,13,0,1782362503.112918,0.0020008087158203125
331465,normal,1804,0,1782362503.1149623,0.0020444393157958984
331466,normal,1164,0,1782362503.1169443,0.001981973648071289
331467,normal,898,2,1782362503.1189497,0.002005338668823242
331468,normal,2046,0,1782362503.1209457,0.0019960403442382812
331469,normal,674,0,1782362503.1229455,0.0019998550415039062
331470,normal,1741,0,1782362503.1249702,0.0020246505737304688
331471,normal,2569,0,1782362503.1269972,0.0020270347595214844
331472,normal,2751,0,1782362503.1290197,0.0020225048065185547
331473,normal,894,2,1782362503.1309829,0.0019631385803222656
331474,normal,3359,1,1782362503.1329606,0.001977682113647461
331475,normal,2600,0,1782362503.1349893,0.0020287036895751953
331476,normal,3126,1,1782362503.1370053,0.0020160675048828125
331477,normal,1653,0,1782362503.1390283,0.002022981643676758
331478,normal,1838,0,1782362503.1409469,0.0019185543060302734
331479,normal,2858,0,1782362503.1429617,0.0020148754119873047
331480,normal,1363,1,1782362503.1449509,0.001989126205444336
331481,normal,3345,1,1782362503.1469555,0.0020046234130859375
331482,normal,860,2,1782362503.1489503,0.0019948482513427734
331483,normal,1937,0,1782362503.1509557,0.002005338668823242
331484,normal,3058,1,1782362503.1529582,0.0020024776458740234
331485,normal,1949,0,1782362503.1550226,0.0020644664764404297
331486,normal,2064,0,1782362503.1569924,0.0019698143005371094
331487,normal,566,0,1782362503.1589463,0.0019538402557373047
331488,normal,277,0,1782362503.160931,0.001984834671020508
331489,normal,312,0,1782362503.1629326,0.002001523971557617
331490,normal,126,0,1782362503.1649265,0.001993894577026367
331491,normal,3031,0,1782362503.1669269,0.0020003318786621094
331492,normal,2637,0,1782362503.1689882,0.0020613670349121094
331493,normal,2732,0,1782362503.171002,0.002013683319091797
331494,normal,2284,0,1782362503.1730583,0.0020563602447509766
331495,normal,714,0,1782362503.1749663,0.0019080638885498047
331496,normal,2049,0,1782362503.1769793,0.002012968063354492
331497,normal,1976,0,1782362503.1789777,0.001998424530029297
331498,normal,2296,0,1782362503.1809125,0.0019347667694091797
331499,normal,891,2,1782362503.1829107,0.0019981861114501953
331500,normal,683,0,1782362503.184914,0.0020034313201904297
331501,normal,2317,0,1782362503.186964,0.0020499229431152344
331502,normal,3450,0,1782362503.1890175,0.002053499221801758
331503,normal,102,0,1782362503.1910317,0.00201416015625
331504,normal,1096,0,1782362503.1930997,0.002068042755126953
331505,normal,1508,0,1782362503.1950467,0.0019469261169433594
331506,normal,438,0,1782362503.197044,0.001997232437133789
331507,normal,3304,1,1782362503.1990514,0.0020074844360351562
331508,normal,254,0,1782362503.2010877,0.0020363330841064453
331509,normal,1238,0,1782362503.2030532,0.0019655227661132812
331510,normal,235,0,1782362503.204916,0.0018627643585205078
331511,normal,3411,0,1782362503.2069147,0.0019986629486083984
331512,normal,958,2,1782362503.2089064,0.001991748809814453
331513,normal,2022,0,1782362503.2109823,0.0020759105682373047
331514,normal,2352,0,1782362503.212998,0.0020155906677246094
331515,normal,1870,0,1782362503.2149386,0.0019407272338867188
331516,normal,3153,1,1782362503.2169218,0.001983165740966797
331517,normal,3084,1,1782362503.218921,0.0019991397857666016
331518,normal,2890,0,1782362503.220916,0.001995086669921875
331519,normal,1064,0,1782362503.2236211,0.002705097198486328
331520,normal,2766,0,1782362503.225163,0.0015418529510498047
331521,normal,58,0,1782362503.2269087,0.0017457008361816406
331522,normal,525,0,1782362503.228974,0.002065420150756836
331523,normal,1566,0,1782362503.230952,0.0019779205322265625
331524,normal,2472,0,1782362503.2329457,0.0019936561584472656
331525,normal,1168,0,1782362503.2351377,0.0021920204162597656
331526,normal,1532,0,1782362503.2369864,0.0018486976623535156
331527,normal,1155,0,1782362503.2389398,0.0019533634185791016
331528,normal,2521,0,1782362503.2409444,0.0020046234130859375
331529,normal,3533,0,1782362503.242951,0.00200653076171875
331530,normal,2893,0,1782362503.2449572,0.0020062923431396484
331531,normal,209,0,1782362503.2470517,0.0020945072174072266
331532,normal,1373,1,1782362503.2490928,0.0020411014556884766
331533,normal,1141,0,1782362503.2509463,0.0018534660339355469
331534,normal,1995,0,1782362503.2530591,0.002112865447998047
331535,normal,986,2,1782362503.2550647,0.0020055770874023438
331536,normal,3221,1,1782362503.256998,0.0019333362579345703
331537,normal,2336,0,1782362503.2591832,0.0021851062774658203
331538,normal,449,0,1782362503.2611132,0.0019299983978271484
331539,normal,989,2,1782362503.2629898,0.0018765926361083984
331540,normal,2200,0,1782362503.2649946,0.002004861831665039
331541,normal,1280,0,1782362503.2672162,0.0022215843200683594
331542,normal,2819,0,1782362503.2691162,0.0018999576568603516
331543,normal,2686,0,1782362503.2709768,0.0018606185913085938
331544,normal,440,0,1782362503.2729216,0.0019447803497314453
331545,normal,3247,1,1782362503.274921,0.001999378204345703
331546,normal,3326,1,1782362503.2769654,0.0020444393157958984
331547,normal,1089,0,1782362503.278948,0.0019826889038085938
331548,normal,2661,0,1782362503.2809465,0.001998424530029297
331549,normal,637,0,1782362503.2829325,0.0019860267639160156
331550,normal,3515,0,1782362503.2849674,0.002034902572631836
331551,normal,796,2,1782362503.2869937,0.0020263195037841797
331552,normal,2187,0,1782362503.2890193,0.002025604248046875
331553,normal,2499,0,1782362503.291022,0.002002716064453125
331554,normal,1853,0,1782362503.2929447,0.001922607421875
331555,normal,1304,0,1782362503.2949834,0.002038717269897461
331556,normal,2648,0,1782362503.2969897,0.0020062923431396484
331557,normal,3308,1,1782362503.299018,0.002028226852416992
331558,normal,2299,0,1782362503.3009973,0.001979351043701172
331559,normal,459,0,1782362503.3029404,0.0019431114196777344
331560,normal,3159,1,1782362503.3049476,0.0020072460174560547
331561,normal,3085,1,1782362503.306949,0.0020012855529785156
331562,normal,3437,0,1782362503.3089478,0.0019989013671875
331563,normal,3607,0,1782362503.310952,0.0020041465759277344
331564,normal,2217,0,1782362503.3129568,0.002004861831665039
331565,normal,1510,0,1782362503.3149593,0.0020024776458740234
331566,normal,1048,0,1782362503.3170264,0.002067089080810547
331567,normal,3518,0,1782362503.3189387,0.0019123554229736328
331568,normal,811,2,1782362503.3209395,0.0020008087158203125
331569,normal,162,0,1782362503.322929,0.0019893646240234375
331570,normal,3183,1,1782362503.3249357,0.0020067691802978516
331571,normal,1929,0,1782362503.3269315,0.0019958019256591797
331572,normal,2609,0,1782362503.328997,0.002065420150756836
331573,normal,798,2,1782362503.3310106,0.002013683319091797
331574,normal,23,0,1782362503.3330488,0.002038240432739258
331575,normal,1861,0,1782362503.3350163,0.0019674301147460938
331576,normal,968,2,1782362503.3369613,0.0019450187683105469
331577,normal,3462,0,1782362503.3389552,0.001993894577026367
331578,normal,3454,0,1782362503.3410025,0.002047300338745117
331579,normal,1799,0,1782362503.3429239,0.0019214153289794922
331580,normal,291,0,1782362503.3449183,0.0019943714141845703
331581,normal,1195,0,1782362503.346914,0.0019958019256591797
331582,normal,3136,1,1782362503.3490243,0.0021102428436279297
331583,normal,659,0,1782362503.3510652,0.002040863037109375
331584,normal,1803,0,1782362503.3529677,0.0019025802612304688
331585,normal,379,0,1782362503.355018,0.002050161361694336
331586,normal,2263,0,1782362503.3571382,0.0021202564239501953
331587,normal,2328,0,1782362503.3590026,0.0018644332885742188
331588,normal,3511,0,1782362503.3610752,0.002072572708129883
331589,normal,1642,0,1782362503.3630605,0.001985311508178711
331590,normal,569,0,1782362503.3650215,0.0019609928131103516
331591,normal,1282,0,1782362503.366913,0.0018916130065917969
331592,normal,1901,0,1782362503.3689132,0.002000093460083008
331593,normal,1586,0,1782362503.3709195,0.0020062923431396484
331594,normal,2338,0,1782362503.3730676,0.002148151397705078
331595,normal,252,0,1782362503.3749027,0.0018351078033447266
331596,normal,730,0,1782362503.3768992,0.0019965171813964844
331597,normal,3495,0,1782362503.3789032,0.002003908157348633
331598,normal,9,0,1782362503.38102,0.0021169185638427734
331599,normal,2390,0,1782362503.3830922,0.0020720958709716797
331600,normal,2554,0,1782362503.3849728,0.001880645751953125
331601,normal,2380,0,1782362503.3872204,0.0022475719451904297
331602,normal,3050,1,1782362503.3889222,0.0017018318176269531
331603,normal,812,2,1782362503.390954,0.0020318031311035156
331604,normal,2916,0,1782362503.3929553,0.0020012855529785156
331605,normal,663,0,1782362503.3949506,0.0019953250885009766
331606,normal,1635,0,1782362503.3970969,0.0021462440490722656
331607,normal,2839,0,1782362503.3990052,0.0019083023071289062
331608,normal,2448,0,1782362503.4009418,0.0019366741180419922
331609,normal,3215,1,1782362503.4029377,0.0019958019256591797
331610,normal,218,0,1782362503.4049456,0.0020079612731933594
331611,normal,1844,0,1782362503.406948,0.0020024776458740234
331612,normal,304,0,1782362503.4092987,0.0023505687713623047
331613,normal,1886,0,1782362503.41118,0.0018813610076904297
331614,normal,3656,0,1782362503.4130187,0.00183868408203125
331615,normal,1670,0,1782362503.4150486,0.002029895782470703
331616,normal,3582,0,1782362503.4170501,0.002001523971557617
331617,normal,1827,0,1782362503.4190338,0.001983642578125
331618,normal,2941,0,1782362503.4209623,0.001928567886352539
331619,normal,2280,0,1782362503.4229448,0.001982450485229492
331620,normal,2351,0,1782362503.4249735,0.0020287036895751953
331621,normal,2526,0,1782362503.4269817,0.002008199691772461
331622,normal,1377,1,1782362503.4290354,0.0020537376403808594
331623,normal,833,2,1782362503.4310403,0.002004861831665039
331624,normal,1294,0,1782362503.4330943,0.002053976058959961
331625,normal,276,0,1782362503.4350288,0.0019345283508300781
331626,normal,3077,1,1782362503.436947,0.0019183158874511719
331627,normal,988,2,1782362503.438963,0.002015829086303711
331628,normal,2309,0,1782362503.4414625,0.0024995803833007812
331629,normal,2618,0,1782362503.4430373,0.0015747547149658203
331630,normal,749,0,1782362503.445123,0.0020856857299804688
331631,normal,2407,0,1782362503.4470005,0.0018775463104248047
331632,normal,2356,0,1782362503.449022,0.0020215511322021484
331633,normal,81,0,1782362503.451021,0.0019989013671875
331634,normal,3675,0,1782362503.4533923,0.0023713111877441406
331635,normal,2919,0,1782362503.4549973,0.0016050338745117188
331636,normal,3369,1,1782362503.4569468,0.0019495487213134766
331637,normal,2847,0,1782362503.4589605,0.002013683319091797
331638,normal,3684,0,1782362503.460945,0.0019843578338623047
331639,normal,1336,1,1782362503.462937,0.0019922256469726562
331640,normal,2427,0,1782362503.4649482,0.0020110607147216797
331641,normal,3697,0,1782362503.4668598,0.0019116401672363281
331642,normal,994,2,1782362503.4689424,0.0020825862884521484
331643,normal,1649,0,1782362503.4710267,0.0020842552185058594
331644,normal,3615,0,1782362503.4729695,0.0019428730010986328
331645,normal,1038,0,1782362503.4749358,0.001966238021850586
331646,normal,1942,0,1782362503.4769375,0.0020017623901367188
331647,normal,1867,0,1782362503.4789271,0.001989603042602539
331648,normal,243,0,1782362503.4809268,0.0019996166229248047
331649,normal,2748,0,1782362503.4829595,0.002032756805419922
331650,normal,1908,0,1782362503.484986,0.0020265579223632812
331651,normal,544,0,1782362503.487326,0.0023398399353027344
331652,normal,1713,0,1782362503.489,0.0016741752624511719
331653,normal,1605,0,1782362503.490953,0.0019528865814208984
331654,normal,2128,0,1782362503.492997,0.0020439624786376953
331655,normal,3523,0,1782362503.4949605,0.0019636154174804688
331656,normal,2184,0,1782362503.4969223,0.0019617080688476562
331657,normal,1932,0,1782362503.4989204,0.0019981861114501953
331658,normal,1715,0,1782362503.5009227,0.002002239227294922
331659,normal,2540,0,1782362503.5030496,0.002126932144165039
331660,normal,2930,0,1782362503.5049317,0.0018820762634277344
331661,normal,55,0,1782362503.507,0.0020682811737060547
331662,normal,1878,0,1782362503.5091114,0.0021114349365234375
331663,normal,1220,0,1782362503.511086,0.0019745826721191406
331664,normal,2332,0,1782362503.5130858,0.0019998550415039062
331665,normal,2929,0,1782362503.5149124,0.0018265247344970703
331666,normal,728,0,1782362503.5171025,0.002190113067626953
331667,normal,2953,0,1782362503.5190556,0.001953125
331668,normal,1614,0,1782362503.5210407,0.0019850730895996094
331669,normal,981,2,1782362503.5229378,0.0018970966339111328
331670,normal,2830,0,1782362503.524922,0.001984119415283203
331671,normal,2081,0,1782362503.526934,0.002012014389038086
331672,normal,1710,0,1782362503.529141,0.002207040786743164
331673,normal,523,0,1782362503.530952,0.0018110275268554688
331674,normal,3616,0,1782362503.5329194,0.0019674301147460938
331675,normal,2279,0,1782362503.5349214,0.0020020008087158203
331676,normal,1848,0,1782362503.5369196,0.0019981861114501953
331677,normal,1428,0,1782362503.5391617,0.0022420883178710938
331678,normal,2419,0,1782362503.5411823,0.002020597457885742
331679,normal,2078,0,1782362503.542935,0.001752614974975586
331680,normal,203,0,1782362503.5451484,0.0022134780883789062
331681,normal,1216,0,1782362503.5469346,0.0017862319946289062
331682,normal,3638,0,1782362503.548969,0.002034425735473633
331683,normal,2978,0,1782362503.5509622,0.0019931793212890625
331684,normal,263,0,1782362503.5529683,0.002006053924560547
331685,normal,857,2,1782362503.5550723,0.002104043960571289
331686,normal,1588,0,1782362503.5572112,0.002138853073120117
331687,normal,320,0,1782362503.5589035,0.0016922950744628906
331688,normal,3158,1,1782362503.5609615,0.0020580291748046875
331689,normal,2866,0,1782362503.5629294,0.001967906951904297
331690,normal,1718,0,1782362503.5648801,0.0019507408142089844
331691,normal,1078,0,1782362503.5669742,0.0020940303802490234
331692,normal,408,0,1782362503.5690472,0.002073049545288086
331693,normal,2880,0,1782362503.570997,0.0019497871398925781
331694,normal,2984,0,1782362503.5729866,0.001989603042602539
331695,normal,2042,0,1782362503.5749984,0.0020117759704589844
331696,normal,550,0,1782362503.5773568,0.0023584365844726562
331697,normal,1186,0,1782362503.5794713,0.002114534378051758
331698,normal,1284,0,1782362503.5809152,0.0014438629150390625
331699,normal,1765,0,1782362503.5832803,0.0023651123046875
331700,normal,1783,0,1782362503.585139,0.0018587112426757812
331701,normal,1507,0,1782362503.5869975,0.0018584728240966797
331702,normal,2519,0,1782362503.5891418,0.002144336700439453
331703,normal,1289,0,1782362503.5911505,0.002008676528930664
331704,normal,63,0,1782362503.5929952,0.001844644546508789
331705,normal,53,0,1782362503.5949244,0.0019292831420898438
331706,normal,3334,1,1782362503.596933,0.0020084381103515625
331707,normal,300,0,1782362503.5989192,0.001986265182495117
331708,normal,1204,0,1782362503.6009755,0.0020563602447509766
331709,normal,2578,0,1782362503.6029491,0.0019736289978027344
331710,normal,1286,0,1782362503.6049695,0.0020203590393066406
331711,normal,2901,0,1782362503.6069503,0.0019807815551757812
331712,normal,1345,1,1782362503.608966,0.002015829086303711
331713,normal,3567,0,1782362503.6109905,0.002024412155151367
331714,normal,1768,0,1782362503.6130035,0.002012968063354492
331715,normal,74,0,1782362503.6150172,0.002013683319091797
331716,normal,43,0,1782362503.6170676,0.0020503997802734375
331717,normal,992,2,1782362503.618983,0.0019154548645019531
331718,normal,2137,0,1782362503.6210184,0.002035379409790039
331719,normal,1772,0,1782362503.6230059,0.001987457275390625
331720,normal,2129,0,1782362503.6250372,0.0020313262939453125
331721,normal,1735,0,1782362503.626948,0.0019109249114990234
331722,normal,1433,0,1782362503.628977,0.002028942108154297
331723,normal,1199,0,1782362503.6309507,0.0019736289978027344
331724,normal,3002,0,1782362503.6329608,0.0020101070404052734
331725,normal,1894,0,1782362503.6349518,0.0019910335540771484
331726,normal,2778,0,1782362503.6369522,0.0020003318786621094
331727,normal,1973,0,1782362503.6389585,0.0020062923431396484
331728,normal,1295,0,1782362503.6409767,0.0020182132720947266
331729,normal,1281,0,1782362503.643048,0.002071380615234375
331730,normal,505,0,1782362503.644983,0.0019350051879882812
331731,normal,1860,0,1782362503.646948,0.001965045928955078
331732,normal,651,0,1782362503.6489453,0.001997232437133789
331733,normal,182,0,1782362503.650947,0.0020017623901367188
331734,normal,3103,1,1782362503.6529427,0.001995563507080078
331735,normal,3466,0,1782362503.6549428,0.002000093460083008
331736,normal,666,0,1782362503.6570005,0.002057790756225586
331737,normal,2306,0,1782362503.6589081,0.0019075870513916016
331738,normal,722,0,1782362503.6610875,0.002179384231567383
331739,normal,991,2,1782362503.6629395,0.0018520355224609375
331740,normal,2581,0,1782362503.6649702,0.002030611038208008
331741,normal,520,0,1782362503.6670048,0.0020346641540527344
331742,normal,3677,0,1782362503.6689496,0.0019447803497314453
331743,normal,1300,0,1782362503.6709275,0.0019779205322265625
331744,normal,2047,0,1782362503.6729293,0.0020017623901367188
331745,normal,840,2,1782362503.6749206,0.00199127197265625
331746,normal,845,2,1782362503.6769907,0.002070188522338867
331747,normal,224,0,1782362503.6790352,0.0020444393157958984
331748,normal,2318,0,1782362503.6810493,0.00201416015625
331749,normal,1955,0,1782362503.683154,0.0021047592163085938
331750,normal,2876,0,1782362503.684973,0.0018188953399658203
331751,normal,3267,1,1782362503.6870785,0.0021054744720458984
331752,normal,3379,1,1782362503.6889799,0.001901388168334961
331753,normal,554,0,1782362503.6911147,0.0021347999572753906
331754,normal,2405,0,1782362503.6930807,0.0019659996032714844
331755,normal,3059,1,1782362503.695017,0.0019364356994628906
331756,normal,622,0,1782362503.696926,0.001909017562866211
331757,normal,244,0,1782362503.6989233,0.001997232437133789
331758,normal,1337,1,1782362503.7009459,0.0020225048065185547
331759,normal,678,0,1782362503.7030232,0.002077341079711914
331760,normal,2583,0,1782362503.705009,0.001985788345336914
331761,normal,701,0,1782362503.7069242,0.0019152164459228516
331762,normal,2008,0,1782362503.7089229,0.0019986629486083984
331763,normal,3306,1,1782362503.7109253,0.0020024776458740234
331764,normal,2177,0,1782362503.712928,0.002002716064453125
331765,normal,1802,0,1782362503.715313,0.0023849010467529297
331766,normal,601,0,1782362503.71727,0.001956939697265625
331767,normal,170,0,1782362503.7189813,0.0017113685607910156
331768,normal,1612,0,1782362503.7209818,0.002000570297241211
331769,normal,1071,0,1782362503.7229934,0.002011537551879883
331770,normal,2979,0,1782362503.724978,0.0019845962524414062
331771,normal,2973,0,1782362503.7269733,0.0019953250885009766
331772,normal,3295,1,1782362503.7291825,0.002209186553955078
331773,normal,1993,0,1782362503.7309313,0.001748800277709961
331774,normal,3404,0,1782362503.732999,0.0020678043365478516
331775,normal,3006,0,1782362503.7349584,0.0019593238830566406
331776,normal,2613,0,1782362503.7369463,0.001987934112548828
331777,normal,2714,0,1782362503.738958,0.002011537551879883
331778,normal,2373,0,1782362503.741171,0.002213001251220703
331779,normal,1745,0,1782362503.7430334,0.0018625259399414062
331780,normal,16,0,1782362503.745047,0.002013683319091797
331781,normal,2162,0,1782362503.7470481,0.002001047134399414
331782,normal,1075,0,1782362503.749051,0.0020029544830322266
331783,normal,527,0,1782362503.7510498,0.0019986629486083984
331784,normal,1520,0,1782362503.7529714,0.0019216537475585938
331785,normal,2762,0,1782362503.7552865,0.002315044403076172
331786,normal,3376,1,1782362503.7570367,0.0017502307891845703
331787,normal,3076,1,1782362503.7589903,0.001953601837158203
331788,normal,633,0,1782362503.761458,0.002467632293701172
331789,normal,3465,0,1782362503.7633398,0.0018818378448486328
331790,normal,471,0,1782362503.765076,0.0017361640930175781
331791,normal,2923,0,1782362503.7668517,0.0017757415771484375
331792,normal,1700,0,1782362503.768937,0.002085447311401367
331793,normal,1074,0,1782362503.7709756,0.0020384788513183594
331794,normal,3629,0,1782362503.7729619,0.001986265182495117
331795,normal,2114,0,1782362503.774962,0.002000093460083008
331796,normal,2816,0,1782362503.7769535,0.0019915103912353516
331797,normal,184,0,1782362503.7789464,0.001992940902709961
331798,normal,1116,0,1782362503.7809741,0.002027750015258789
331799,normal,2171,0,1782362503.782983,0.0020089149475097656
331800,normal,325,0,1782362503.7850206,0.002037525177001953
331801,normal,1335,1,1782362503.7870228,0.002002239227294922
331802,normal,3417,0,1782362503.78897,0.001947164535522461
331803,normal,1591,0,1782362503.790986,0.0020160675048828125
331804,normal,1442,0,1782362503.792999,0.002012968063354492
331805,normal,2203,0,1782362503.7950099,0.002010822296142578
331806,normal,1909,0,1782362503.7969573,0.0019474029541015625
331807,normal,257,0,1782362503.79896,0.002002716064453125
331808,normal,1106,0,1782362503.8009884,0.0020284652709960938
331809,normal,3023,0,1782362503.8029542,0.001965761184692383
331810,normal,603,0,1782362503.8049698,0.0020155906677246094
331811,normal,3395,1,1782362503.8069553,0.0019855499267578125
331812,normal,642,0,1782362503.8089583,0.0020029544830322266
331813,normal,3243,1,1782362503.810982,0.0020236968994140625
331814,normal,2077,0,1782362503.813022,0.0020399093627929688
331815,normal,2335,0,1782362503.815079,0.0020570755004882812
331816,normal,2924,0,1782362503.8169696,0.0018906593322753906
331817,normal,373,0,1782362503.8189616,0.0019919872283935547
331818,normal,2490,0,1782362503.8209548,0.0019931793212890625
331819,normal,1292,0,1782362503.8229558,0.002001047134399414
331820,normal,839,2,1782362503.8249562,0.0020003318786621094
331821,normal,2475,0,1782362503.8269825,0.0020263195037841797
331822,normal,3502,0,1782362503.8290043,0.00202178955078125
331823,normal,1422,0,1782362503.831033,0.0020287036895751953
331824,normal,533,0,1782362503.8330219,0.0019888877868652344
331825,normal,1637,0,1782362503.8349123,0.001890420913696289
331826,normal,2706,0,1782362503.836946,0.002033710479736328
331827,normal,1987,0,1782362503.838976,0.002029895782470703
331828,normal,2339,0,1782362503.8410487,0.0020728111267089844
331829,normal,3044,0,1782362503.8429615,0.001912832260131836
331830,normal,2851,0,1782362503.8449516,0.001990079879760742
331831,normal,715,0,1782362503.846944,0.001992464065551758
331832,normal,2207,0,1782362503.8489401,0.0019960403442382812
331833,normal,233,0,1782362503.8510978,0.0021576881408691406
331834,normal,1899,0,1782362503.8529751,0.0018773078918457031
331835,normal,960,2,1782362503.8550763,0.0021011829376220703
331836,normal,1611,0,1782362503.8570817,0.002005338668823242
331837,normal,318,0,1782362503.8590925,0.002010822296142578
331838,normal,2276,0,1782362503.8611329,0.002040386199951172
331839,normal,1573,0,1782362503.8632083,0.0020754337310791016
331840,normal,1347,1,1782362503.8650138,0.0018055438995361328
331841,normal,1519,0,1782362503.8671157,0.002101898193359375
331842,normal,1283,0,1782362503.8688936,0.0017778873443603516
331843,normal,545,0,1782362503.8709402,0.0020465850830078125
331844,normal,288,0,1782362503.8729374,0.001997232437133789
331845,normal,2878,0,1782362503.8749735,0.0020360946655273438
331846,normal,3522,0,1782362503.8770347,0.002061128616333008
331847,normal,3120,1,1782362503.87893,0.0018954277038574219
331848,normal,2104,0,1782362503.8809414,0.0020112991333007812
331849,normal,1826,0,1782362503.882934,0.0019927024841308594
331850,normal,1737,0,1782362503.884939,0.002004861831665039
331851,normal,2294,0,1782362503.8872097,0.0022706985473632812
331852,normal,978,2,1782362503.8889987,0.001789093017578125
331853,normal,3569,0,1782362503.8911018,0.002103090286254883
331854,normal,2896,0,1782362503.8930926,0.001990795135498047
331855,normal,2087,0,1782362503.8949983,0.001905679702758789
331856,normal,3537,0,1782362503.8969867,0.0019884109497070312
331857,normal,1340,1,1782362503.898974,0.0019872188568115234
331858,normal,234,0,1782362503.9009771,0.002003192901611328
331859,normal,2643,0,1782362503.9029994,0.002022266387939453
331860,normal,1276,0,1782362503.9050887,0.002089262008666992
331861,normal,1293,0,1782362503.9068897,0.0018010139465332031
331862,normal,3169,1,1782362503.9089825,0.0020928382873535156
331863,normal,2943,0,1782362503.9109814,0.0019989013671875
331864,normal,3143,1,1782362503.9129705,0.001989126205444336
331865,normal,2869,0,1782362503.9149868,0.002016305923461914
331866,normal,2958,0,1782362503.917192,0.0022051334381103516
331867,normal,675,0,1782362503.9190536,0.001861572265625
331868,normal,655,0,1782362503.921084,0.0020303726196289062
331869,normal,2005,0,1782362503.923074,0.001990079879760742
331870,normal,3265,1,1782362503.9250846,0.0020105838775634766
331871,normal,1085,0,1782362503.9270442,0.001959562301635742
331872,normal,3436,0,1782362503.9289992,0.0019550323486328125
331873,normal,452,0,1782362503.9309647,0.0019655227661132812
331874,normal,2198,0,1782362503.9329572,0.001992464065551758
331875,normal,698,0,1782362503.9350233,0.0020661354064941406
331876,normal,1898,0,1782362503.9370234,0.002000093460083008
331877,normal,2045,0,1782362503.9390523,0.002028942108154297
331878,normal,1468,0,1782362503.941025,0.001972675323486328
331879,normal,321,0,1782362503.9431381,0.0021131038665771484
331880,normal,343,0,1782362503.9450023,0.0018641948699951172
331881,normal,2267,0,1782362503.9469857,0.0019834041595458984
331882,normal,3175,1,1782362503.9492934,0.0023076534271240234
331883,normal,271,0,1782362503.951343,0.002049684524536133
331884,normal,1505,0,1782362503.9529808,0.0016376972198486328
331885,normal,1101,0,1782362503.9550889,0.0021080970764160156
331886,normal,3517,0,1782362503.9570162,0.0019273757934570312
331887,normal,910,2,1782362503.9590285,0.0020122528076171875
331888,normal,3018,0,1782362503.961032,0.0020034313201904297
331889,normal,1790,0,1782362503.96304,0.002008199691772461
331890,normal,2301,0,1782362503.9652333,0.0021932125091552734
331891,normal,2149,0,1782362503.9669578,0.0017244815826416016
331892,normal,1562,0,1782362503.9689765,0.0020186901092529297
331893,normal,650,0,1782362503.9709597,0.001983165740966797
331894,normal,467,0,1782362503.9729514,0.001991748809814453
331895,normal,3669,0,1782362503.9749644,0.002012968063354492
331896,normal,3659,0,1782362503.9769592,0.0019948482513427734
331897,normal,3275,1,1782362503.9789727,0.0020134449005126953
331898,normal,713,0,1782362503.980946,0.001973390579223633
331899,normal,1165,0,1782362503.9830365,0.0020904541015625
331900,normal,2999,0,1782362503.9849677,0.0019311904907226562
331901,normal,2874,0,1782362503.9869144,0.0019466876983642578
331902,normal,42,0,1782362503.9889545,0.0020401477813720703
331903,normal,3333,1,1782362503.9909508,0.001996278762817383
331904,normal,1212,0,1782362503.9929535,0.002002716064453125
331905,normal,502,0,1782362503.9949698,0.002016305923461914
331906,normal,255,0,1782362503.9970067,0.0020368099212646484
331907,normal,3163,1,1782362503.9990075,0.0020008087158203125
331908,normal,1466,0,1782362504.001084,0.0020766258239746094
331909,normal,1103,0,1782362504.0028815,0.0017974376678466797
331910,normal,767,0,1782362504.0049646,0.0020830631256103516
331911,normal,2058,0,1782362504.0070343,0.002069711685180664
331912,normal,2877,0,1782362504.008932,0.0018978118896484375
331913,normal,51,0,1782362504.0109332,0.002001047134399414
331914,normal,3121,1,1782362504.0129313,0.0019981861114501953
331915,normal,1725,0,1782362504.0149584,0.0020270347595214844
331916,normal,3642,0,1782362504.017069,0.002110719680786133
331917,normal,331,0,1782362504.0190322,0.0019631385803222656
331918,normal,844,2,1782362504.0210443,0.002012014389038086
331919,normal,517,0,1782362504.0231462,0.002101898193359375
331920,normal,2967,0,1782362504.0250053,0.0018591880798339844
331921,normal,1990,0,1782362504.0270972,0.0020918846130371094
331922,normal,2750,0,1782362504.0289705,0.0018732547760009766
331923,normal,1613,0,1782362504.0310915,0.0021209716796875
331924,normal,3232,1,1782362504.0329828,0.0018913745880126953
331925,normal,1872,0,1782362504.0350597,0.002076864242553711
331926,normal,1597,0,1782362504.0369334,0.0018737316131591797
331927,normal,2842,0,1782362504.038926,0.001992464065551758
331928,normal,3541,0,1782362504.040927,0.002001047134399414
331929,normal,2224,0,1782362504.0430799,0.0021529197692871094
331930,normal,2734,0,1782362504.0449758,0.001895904541015625
331931,normal,328,0,1782362504.0469253,0.0019495487213134766
331932,normal,3075,1,1782362504.0489223,0.0019969940185546875
331933,normal,1043,0,1782362504.050923,0.0020008087158203125
331934,normal,348,0,1782362504.0529468,0.0020236968994140625
331935,normal,2250,0,1782362504.0552897,0.0023429393768310547
331936,normal,1736,0,1782362504.0568924,0.0016026496887207031
331937,normal,1553,0,1782362504.0590806,0.0021882057189941406
331938,normal,2659,0,1782362504.060941,0.0018603801727294922
331939,normal,1461,0,1782362504.0629487,0.002007722854614258
331940,normal,3630,0,1782362504.0649493,0.002000570297241211
331941,normal,3195,1,1782362504.066955,0.0020058155059814453
331942,normal,2469,0,1782362504.0689468,0.001991748809814453
331943,normal,3423,0,1782362504.071252,0.002305269241333008
331944,normal,3625,0,1782362504.0729086,0.0016565322875976562
331945,normal,2672,0,1782362504.0749283,0.002019643783569336
331946,normal,266,0,1782362504.0769315,0.002003192901611328
331947,normal,1630,0,1782362504.078942,0.0020105838775634766
331948,normal,797,2,1782362504.0809457,0.0020036697387695312
331949,normal,2894,0,1782362504.0830083,0.002062559127807617
331950,normal,1808,0,1782362504.0849574,0.0019490718841552734
331951,normal,1122,0,1782362504.0869794,0.0020220279693603516
331952,normal,1206,0,1782362504.0889819,0.0020024776458740234
331953,normal,867,2,1782362504.0912163,0.0022344589233398438
331954,normal,309,0,1782362504.0935616,0.0023453235626220703
331955,normal,470,0,1782362504.0950189,0.00145721435546875
331956,normal,261,0,1782362504.0972888,0.0022699832916259766
331957,normal,1493,0,1782362504.099102,0.0018131732940673828
331958,normal,2098,0,1782362504.101111,0.0020089149475097656
331959,normal,3613,0,1782362504.1030376,0.0019266605377197266
331960,normal,225,0,1782362504.105145,0.002107381820678711
331961,normal,1492,0,1782362504.1069658,0.0018208026885986328
331962,normal,2359,0,1782362504.1089356,0.0019698143005371094
331963,normal,3320,1,1782362504.1109445,0.0020089149475097656
331964,normal,114,0,1782362504.1129375,0.001992940902709961
331965,normal,2225,0,1782362504.1149826,0.002045154571533203
331966,normal,1077,0,1782362504.1169581,0.001975536346435547
331967,normal,2000,0,1782362504.1189537,0.001995563507080078
331968,normal,1452,0,1782362504.1209645,0.002010822296142578
331969,normal,466,0,1782362504.1229382,0.0019736289978027344
331970,normal,1149,0,1782362504.124987,0.0020487308502197266
331971,normal,879,2,1782362504.1270034,0.0020165443420410156
331972,normal,1503,0,1782362504.1290221,0.0020186901092529297
331973,normal,3046,1,1782362504.131024,0.0020017623901367188
331974,normal,33,0,1782362504.1329315,0.0019075870513916016
331975,normal,3367,1,1782362504.1349933,0.0020618438720703125
331976,normal,2614,0,1782362504.1370008,0.0020074844360351562
331977,normal,3561,0,1782362504.1390204,0.002019643783569336
331978,normal,1494,0,1782362504.141002,0.001981496810913086
331979,normal,426,0,1782362504.1429539,0.0019519329071044922
331980,normal,3060,1,1782362504.1449516,0.001997709274291992
331981,normal,1956,0,1782362504.1469507,0.0019991397857666016
331982,normal,3363,1,1782362504.1489577,0.002007007598876953
331983,normal,187,0,1782362504.150968,0.002010345458984375
331984,normal,447,0,1782362504.1529617,0.0019936561584472656
331985,normal,2174,0,1782362504.1549792,0.002017498016357422
331986,normal,3636,0,1782362504.157018,0.002038717269897461
331987,normal,744,0,1782362504.1590154,0.0019974708557128906
331988,normal,2345,0,1782362504.1609623,0.0019469261169433594
331989,normal,761,0,1782362504.1629493,0.001986980438232422
331990,normal,2376,0,1782362504.1649544,0.0020051002502441406
331991,normal,2749,0,1782362504.1669528,0.001998424530029297
331992,normal,1732,0,1782362504.168949,0.0019960403442382812
331993,normal,421,0,1782362504.1709433,0.0019943714141845703
331994,normal,383,0,1782362504.1730094,0.0020661354064941406
331995,normal,2611,0,1782362504.1750164,0.002007007598876953
331996,normal,3420,0,1782362504.1770778,0.0020613670349121094
331997,normal,1811,0,1782362504.178973,0.0018951892852783203
331998,normal,386,0,1782362504.1809611,0.0019881725311279297
331999,normal,644,0,1782362504.1829937,0.0020325183868408203
332000,normal,1002,2,1782362504.1849396,0.0019459724426269531
332001,normal,3176,1,1782362504.1869295,0.0019898414611816406
332002,normal,2322,0,1782362504.188931,0.002001523971557617
332003,normal,3185,1,1782362504.1909425,0.002011537551879883
332004,normal,1019,2,1782362504.192989,0.0020465850830078125
332005,normal,2608,0,1782362504.195031,0.0020418167114257812
332006,normal,164,0,1782362504.1970606,0.0020296573638916016
332007,normal,1560,0,1782362504.1991205,0.0020599365234375
332008,normal,3102,1,1782362504.200991,0.0018703937530517578
332009,normal,1786,0,1782362504.2030911,0.002100229263305664
332010,normal,928,2,1782362504.2049856,0.0018944740295410156
332011,normal,3646,0,1782362504.207098,0.0021123886108398438
332012,normal,3055,1,1782362504.2090538,0.001955747604370117
332013,normal,1136,0,1782362504.2109303,0.0018765926361083984
332014,normal,3544,0,1782362504.2129261,0.0019958019256591797
332015,normal,3282,1,1782362504.2149274,0.0020012855529785156
332016,normal,3109,1,1782362504.216935,0.0020074844360351562
332017,normal,3203,1,1782362504.2190785,0.0021436214447021484
332018,normal,1971,0,1782362504.2210078,0.0019292831420898438
332019,normal,3219,1,1782362504.2229264,0.0019185543060302734
332020,normal,2646,0,1782362504.2249246,0.0019981861114501953
332021,normal,1287,0,1782362504.2269268,0.002002239227294922
332022,normal,863,2,1782362504.2289407,0.0020139217376708984
332023,normal,1467,0,1782362504.2317145,0.002773761749267578
332024,normal,778,2,1782362504.233237,0.0015225410461425781
332025,normal,941,2,1782362504.2349176,0.001680612564086914
332026,normal,2391,0,1782362504.2369728,0.0020551681518554688
332027,normal,652,0,1782362504.2389693,0.0019965171813964844
332028,normal,3214,1,1782362504.2409678,0.001998424530029297
332029,normal,3603,0,1782362504.243112,0.002144336700439453
332030,normal,903,2,1782362504.2450697,0.0019576549530029297
332031,normal,77,0,1782362504.246981,0.001911163330078125
332032,normal,3392,1,1782362504.24898,0.0019991397857666016
332033,normal,1615,0,1782362504.2509642,0.001984119415283203
332034,normal,264,0,1782362504.2529664,0.002002239227294922
332035,normal,431,0,1782362504.2549639,0.0019974708557128906
332036,normal,3504,0,1782362504.2570727,0.0021088123321533203
332037,normal,1517,0,1782362504.259113,0.002040386199951172
332038,normal,1582,0,1782362504.2609696,0.0018565654754638672
332039,normal,896,2,1782362504.2630472,0.0020775794982910156
332040,normal,1571,0,1782362504.2650726,0.0020253658294677734
332041,normal,2990,0,1782362504.2670472,0.0019745826721191406
332042,normal,2054,0,1782362504.2689877,0.0019404888153076172
332043,normal,809,2,1782362504.2712815,0.002293825149536133
332044,normal,1807,0,1782362504.27304,0.001758575439453125
332045,normal,2895,0,1782362504.275035,0.0019948482513427734
332046,normal,727,0,1782362504.277188,0.002153158187866211
332047,normal,2044,0,1782362504.279271,0.00208282470703125
332048,normal,1749,0,1782362504.2811112,0.001840353012084961
332049,normal,3010,0,1782362504.282875,0.0017638206481933594
332050,normal,957,2,1782362504.284932,0.0020568370819091797
332051,normal,3572,0,1782362504.2869368,0.002004861831665039
332052,normal,211,0,1782362504.2889972,0.002060413360595703
332053,normal,1779,0,1782362504.2909598,0.0019626617431640625
332054,normal,1558,0,1782362504.293076,0.0021162033081054688
332055,normal,3635,0,1782362504.2948582,0.0017821788787841797
332056,normal,564,0,1782362504.2969728,0.002114534378051758
332057,normal,1998,0,1782362504.298983,0.002010345458984375
332058,normal,2854,0,1782362504.301014,0.0020308494567871094
332059,normal,3212,1,1782362504.30303,0.0020160675048828125
332060,normal,3292,1,1782362504.3049877,0.0019576549530029297
332061,normal,687,0,1782362504.306974,0.001986265182495117
332062,normal,2574,0,1782362504.308995,0.0020210742950439453
332063,normal,198,0,1782362504.3110113,0.002016305923461914
332064,normal,754,0,1782362504.3130238,0.002012491226196289
332065,normal,3604,0,1782362504.3149698,0.0019459724426269531
332066,normal,1918,0,1782362504.3170714,0.0021016597747802734
332067,normal,1119,0,1782362504.3189533,0.0018818378448486328
332068,normal,1564,0,1782362504.3209593,0.002006053924560547
332069,normal,3540,0,1782362504.32296,0.002000570297241211
332070,normal,3210,1,1782362504.3249643,0.002004384994506836
332071,normal,2420,0,1782362504.326968,0.0020036697387695312
332072,normal,86,0,1782362504.3289754,0.0020074844360351562
332073,normal,1821,0,1782362504.3310492,0.0020737648010253906
332074,normal,2567,0,1782362504.3329651,0.0019159317016601562
332075,normal,2476,0,1782362504.334959,0.001993894577026367
332076,normal,1416,0,1782362504.3369563,0.001997232437133789
332077,normal,1443,0,1782362504.3389516,0.0019953250885009766
332078,normal,3692,0,1782362504.3409538,0.002002239227294922
332079,normal,171,0,1782362504.3429658,0.002012014389038086
332080,normal,450,0,1782362504.3449993,0.0020334720611572266
332081,normal,2588,0,1782362504.3470192,0.0020198822021484375
332082,normal,3623,0,1782362504.349062,0.0020427703857421875
332083,normal,656,0,1782362504.3510718,0.002009868621826172
332084,normal,2595,0,1782362504.352978,0.0019061565399169922
332085,normal,624,0,1782362504.3549972,0.002019166946411133
332086,normal,2368,0,1782362504.357012,0.0020148754119873047
332087,normal,2118,0,1782362504.3590043,0.0019922256469726562
332088,normal,2094,0,1782362504.3609667,0.001962423324584961
332089,normal,841,2,1782362504.3629599,0.0019931793212890625
332090,normal,2121,0,1782362504.3649547,0.0019948482513427734
332091,normal,2453,0,1782362504.3670497,0.0020949840545654297
332092,normal,2211,0,1782362504.369036,0.001986265182495117
332093,normal,2832,0,1782362504.3710556,0.002019643783569336
332094,normal,1097,0,1782362504.3730242,0.0019686222076416016
332095,normal,3027,0,1782362504.3751092,0.002084970474243164
332096,normal,999,2,1782362504.3772235,0.0021142959594726562
332097,normal,3549,0,1782362504.3792436,0.002020120620727539
332098,normal,120,0,1782362504.3810012,0.0017576217651367188
332099,normal,1651,0,1782362504.3830593,0.0020580291748046875
332100,normal,1684,0,1782362504.3849509,0.0018916130065917969
332101,normal,2974,0,1782362504.3869333,0.001982450485229492
332102,normal,1376,1,1782362504.3889403,0.002007007598876953
332103,normal,2445,0,1782362504.3909929,0.0020525455474853516
332104,normal,3672,0,1782362504.3929884,0.001995563507080078
332105,normal,3545,0,1782362504.3949382,0.0019497871398925781
332106,normal,1888,0,1782362504.3969302,0.0019919872283935547
332107,normal,2544,0,1782362504.3989265,0.001996278762817383
332108,normal,3205,1,1782362504.400932,0.0020055770874023438
332109,normal,1516,0,1782362504.4030879,0.002155780792236328
332110,normal,2697,0,1782362504.4049788,0.0018908977508544922
332111,normal,2400,0,1782362504.407029,0.002050161361694336
332112,normal,3318,1,1782362504.409055,0.002026081085205078
332113,normal,1528,0,1782362504.4109833,0.0019283294677734375
332114,normal,2824,0,1782362504.4129803,0.0019969940185546875
332115,normal,1716,0,1782362504.4149716,0.00199127197265625
332116,normal,3351,1,1782362504.416969,0.0019974708557128906
332117,normal,2125,0,1782362504.4191685,0.002199411392211914
332118,normal,1843,0,1782362504.4210212,0.0018527507781982422
332119,normal,1455,0,1782362504.4229608,0.001939535140991211
332120,normal,3028,0,1782362504.4249716,0.002010822296142578
332121,normal,2721,0,1782362504.4269586,0.001986980438232422
332122,normal,3365,1,1782362504.4289606,0.0020020008087158203
332123,normal,3463,0,1782362504.431315,0.0023543834686279297
332124,normal,3438,0,1782362504.433077,0.0017621517181396484
332125,normal,3254,1,1782362504.4350898,0.0020127296447753906
332126,normal,1627,0,1782362504.4370093,0.0019195079803466797
332127,normal,2372,0,1782362504.4390516,0.0020422935485839844
332128,normal,2026,0,1782362504.441069,0.0020172595977783203
332129,normal,3704,0,1782362504.4430115,0.0019426345825195312
332130,normal,1094,0,1782362504.4449544,0.0019428730010986328
332131,normal,41,0,1782362504.4469593,0.002004861831665039
332132,normal,1509,0,1782362504.4490016,0.0020422935485839844
332133,normal,1279,0,1782362504.450998,0.0019965171813964844
332134,normal,279,0,1782362504.4530327,0.0020346641540527344
332135,normal,1522,0,1782362504.4550474,0.002014636993408203
332136,normal,585,0,1782362504.4570951,0.0020477771759033203
332137,normal,195,0,1782362504.45897,0.0018749237060546875
332138,normal,330,0,1782362504.460952,0.001981973648071289
332139,normal,2922,0,1782362504.4629893,0.0020372867584228516
332140,normal,2558,0,1782362504.4652772,0.0022878646850585938
332141,normal,2014,0,1782362504.4671311,0.00185394287109375
332142,normal,3424,0,1782362504.4690957,0.001964569091796875
332143,normal,485,0,1782362504.4710436,0.0019478797912597656
332144,normal,1110,0,1782362504.4730132,0.001969575881958008
332145,normal,2796,0,1782362504.4750268,0.002013683319091797
332146,normal,3142,1,1782362504.4770274,0.002000570297241211
332147,normal,1687,0,1782362504.4794898,0.0024623870849609375
332148,normal,98,0,1782362504.4808826,0.0013928413391113281
332149,normal,541,0,1782362504.4829693,0.002086639404296875
332150,normal,2520,0,1782362504.484969,0.0019996166229248047
332151,normal,3532,0,1782362504.486975,0.002006053924560547
332152,normal,364,0,1782362504.4889657,0.001990795135498047
332153,normal,503,0,1782362504.4909682,0.0020024776458740234
332154,normal,792,2,1782362504.4929664,0.0019981861114501953
332155,normal,2100,0,1782362504.4949632,0.001996755599975586
332156,normal,395,0,1782362504.497066,0.0021028518676757812
332157,normal,72,0,1782362504.4990008,0.0019347667694091797
332158,normal,2966,0,1782362504.5009818,0.001981019973754883
332159,normal,1602,0,1782362504.5029635,0.0019817352294921875
332160,normal,2032,0,1782362504.5049596,0.0019960403442382812
332161,normal,2214,0,1782362504.506861,0.001901388168334961
332162,normal,3678,0,1782362504.5089579,0.002096891403198242
332163,normal,2542,0,1782362504.5109935,0.0020356178283691406
332164,normal,2957,0,1782362504.5129986,0.0020051002502441406
332165,normal,1140,0,1782362504.5152802,0.002281665802001953
332166,normal,3063,1,1782362504.5168848,0.0016045570373535156
332167,normal,1448,0,1782362504.518966,0.002081155776977539
332168,normal,3013,0,1782362504.5209634,0.0019974708557128906
332169,normal,2422,0,1782362504.5230017,0.002038240432739258
332170,normal,2099,0,1782362504.5248425,0.001840829849243164
332171,normal,962,2,1782362504.5269332,0.0020906925201416016
332172,normal,2166,0,1782362504.528938,0.002004861831665039
332173,normal,557,0,1782362504.5310185,0.0020804405212402344
332174,normal,1914,0,1782362504.5330203,0.0020017623901367188
332175,normal,3679,0,1782362504.5350242,0.002003908157348633
332176,normal,289,0,1782362504.5370228,0.0019986629486083984
332177,normal,1227,0,1782362504.5391102,0.0020873546600341797
332178,normal,1975,0,1782362504.5412073,0.0020971298217773438
332179,normal,1747,0,1782362504.5429075,0.0017001628875732422
332180,normal,3386,1,1782362504.5450294,0.0021219253540039062
332181,normal,901,2,1782362504.5471098,0.0020804405212402344
332182,normal,2013,0,1782362504.548997,0.0018870830535888672
332183,normal,1554,0,1782362504.550929,0.0019321441650390625
332184,normal,3356,1,1782362504.5529273,0.0019981861114501953
332185,normal,486,0,1782362504.554928,0.0020008087158203125
332186,normal,2960,0,1782362504.5569565,0.0020284652709960938
332187,normal,2710,0,1782362504.5590878,0.002131223678588867
332188,normal,1890,0,1782362504.5608394,0.0017516613006591797
332189,normal,3289,1,1782362504.5629222,0.00208282470703125
332190,normal,985,2,1782362504.564926,0.0020036697387695312
332191,normal,2630,0,1782362504.566927,0.002001047134399414
332192,normal,543,0,1782362504.5693262,0.0023992061614990234
332193,normal,3177,1,1782362504.5709565,0.0016303062438964844
332194,normal,2552,0,1782362504.572986,0.0020294189453125
332195,normal,2549,0,1782362504.5750666,0.002080678939819336
332196,normal,3239,1,1782362504.576981,0.0019145011901855469
332197,normal,2274,0,1782362504.5789778,0.001996755599975586
332198,normal,2464,0,1782362504.5809886,0.002010822296142578
332199,normal,2981,0,1782362504.582972,0.0019834041595458984
332200,normal,782,2,1782362504.5851932,0.0022211074829101562
332201,normal,293,0,1782362504.5869796,0.0017864704132080078
332202,normal,1742,0,1782362504.5889773,0.001997709274291992
332203,normal,1107,0,1782362504.5909722,0.0019948482513427734
332204,normal,1917,0,1782362504.592958,0.001985788345336914
332205,normal,1331,1,1782362504.5949595,0.002001523971557617
332206,normal,3269,1,1782362504.5970118,0.00205230712890625
332207,normal,3095,1,1782362504.5990152,0.0020034313201904297
332208,normal,2178,0,1782362504.6010017,0.0019865036010742188
332209,normal,2580,0,1782362504.6029892,0.001987457275390625
332210,normal,932,2,1782362504.6051376,0.0021483898162841797
332211,normal,2432,0,1782362504.6075976,0.002460002899169922
332212,normal,3555,0,1782362504.609,0.0014023780822753906
332213,normal,1657,0,1782362504.6111913,0.002191305160522461
332214,normal,694,0,1782362504.6131945,0.002003192901611328
332215,normal,2285,0,1782362504.6150255,0.0018310546875
332216,normal,1188,0,1782362504.617223,0.0021975040435791016
332217,normal,3640,0,1782362504.6192796,0.002056598663330078
332218,normal,887,2,1782362504.620952,0.0016722679138183594
332219,normal,3186,1,1782362504.6229377,0.001985788345336914
332220,normal,3665,0,1782362504.624946,0.0020084381103515625
332221,normal,739,0,1782362504.626921,0.001974821090698242
332222,normal,1339,1,1782362504.6289828,0.0020618438720703125
332223,normal,1816,0,1782362504.6309745,0.001991748809814453
332224,normal,1763,0,1782362504.6329608,0.001986265182495117
332225,normal,684,0,1782362504.634957,0.001996278762817383
332226,normal,1835,0,1782362504.636942,0.001984834671020508
332227,normal,1758,0,1782362504.6389897,0.0020477771759033203
332228,normal,202,0,1782362504.6410093,0.002019643783569336
332229,normal,401,0,1782362504.6430204,0.0020110607147216797
332230,normal,2862,0,1782362504.6450174,0.0019969940185546875
332231,normal,3484,0,1782362504.6469433,0.0019259452819824219
332232,normal,3231,1,1782362504.6489937,0.0020503997802734375
332233,normal,1306,0,1782362504.6509986,0.002004861831665039
332234,normal,1796,0,1782362504.6530268,0.002028226852416992
332235,normal,2348,0,1782362504.6549294,0.0019025802612304688
332236,normal,2624,0,1782362504.6569476,0.0020182132720947266
332237,normal,50,0,1782362504.6589682,0.002020597457885742
332238,normal,2627,0,1782362504.6609547,0.0019865036010742188
332239,normal,3415,0,1782362504.6629825,0.002027750015258789
332240,normal,588,0,1782362504.6649592,0.0019767284393310547
332241,normal,3373,1,1782362504.6685016,0.0035424232482910156
332242,normal,1871,0,1782362504.6689577,0.00045609474182128906
332243,normal,1574,0,1782362504.6710186,0.0020608901977539062
332244,normal,2425,0,1782362504.6730127,0.0019941329956054688
332245,normal,3435,0,1782362504.674869,0.0018563270568847656
332246,normal,2879,0,1782362504.676947,0.0020780563354492188
332247,normal,1360,1,1782362504.6789463,0.0019991397857666016
332248,normal,1479,0,1782362504.6809492,0.0020029544830322266
332249,normal,2447,0,1782362504.6829476,0.001998424530029297
332250,normal,2052,0,1782362504.6849482,0.002000570297241211
332251,normal,1362,1,1782362504.687014,0.002065896987915039
332252,normal,3043,0,1782362504.6890295,0.002015352249145508
332253,normal,2829,0,1782362504.691017,0.001987457275390625
332254,normal,322,0,1782362504.6929827,0.001965761184692383
332255,normal,2361,0,1782362504.6949196,0.0019369125366210938
332256,normal,2159,0,1782362504.6970346,0.002115011215209961
332257,normal,376,0,1782362504.6989315,0.0018968582153320312
332258,normal,2205,0,1782362504.700931,0.0019996166229248047
332259,normal,2955,0,1782362504.7029302,0.0019991397857666016
332260,normal,1647,0,1782362504.7049334,0.002003192901611328
332261,normal,146,0,1782362504.7069879,0.002054452896118164
332262,normal,1600,0,1782362504.709061,0.002073049545288086
332263,normal,1393,0,1782362504.7109642,0.0019032955169677734
332264,normal,268,0,1782362504.7131443,0.0021800994873046875
332265,normal,1813,0,1782362504.7149913,0.0018470287322998047
332266,normal,3352,1,1782362504.7171152,0.0021238327026367188
332267,normal,1631,0,1782362504.7189605,0.0018453598022460938
332268,normal,2467,0,1782362504.721087,0.002126455307006836
332269,normal,1682,0,1782362504.7230785,0.0019915103912353516
332270,normal,2735,0,1782362504.724995,0.0019164085388183594
332271,normal,79,0,1782362504.7269325,0.0019376277923583984
332272,normal,705,0,1782362504.7289343,0.0020017623901367188
332273,normal,3273,1,1782362504.730934,0.0019996166229248047
332274,normal,249,0,1782362504.732973,0.002039194107055664
332275,normal,1406,0,1782362504.734996,0.002022981643676758
332276,normal,3425,0,1782362504.7369738,0.001977682113647461
332277,normal,2545,0,1782362504.738924,0.0019502639770507812
332278,normal,1323,1,1782362504.7409275,0.0020034313201904297
332279,normal,2503,0,1782362504.742929,0.002001523971557617
332280,normal,2136,0,1782362504.745165,0.0022361278533935547
332281,normal,2815,0,1782362504.7473953,0.0022301673889160156
332282,normal,1940,0,1782362504.749053,0.001657724380493164
332283,normal,2246,0,1782362504.750996,0.0019431114196777344
332284,normal,2273,0,1782362504.7529917,0.001995563507080078
332285,normal,2573,0,1782362504.7549746,0.0019829273223876953
332286,normal,2586,0,1782362504.7569742,0.0019996166229248047
332287,normal,2371,0,1782362504.759128,0.0021538734436035156
332288,normal,2727,0,1782362504.7609744,0.0018463134765625
332289,normal,2401,0,1782362504.7629645,0.001990079879760742
332290,normal,2797,0,1782362504.7649653,0.0020008087158203125
332291,normal,1249,0,1782362504.7669692,0.002003908157348633
332292,normal,2670,0,1782362504.7689762,0.002007007598876953
332293,normal,966,2,1782362504.7709792,0.0020029544830322266
332294,normal,1042,0,1782362504.773166,0.0021867752075195312
332295,normal,1694,0,1782362504.77502,0.00185394287109375
332296,normal,1491,0,1782362504.77706,0.0020401477813720703
332297,normal,1645,0,1782362504.7790644,0.002004384994506836
332298,normal,2135,0,1782362504.7810655,0.002001047134399414
332299,normal,3619,0,1782362504.7830272,0.0019617080688476562
332300,normal,353,0,1782362504.7851722,0.002145051956176758
332301,normal,2321,0,1782362504.7872071,0.002034902572631836
332302,normal,877,2,1782362504.7890387,0.0018315315246582031
332303,normal,1668,0,1782362504.7910154,0.0019767284393310547
332304,normal,2082,0,1782362504.7932222,0.0022068023681640625
332305,normal,1177,0,1782362504.7953086,0.0020864009857177734
332306,normal,3388,1,1782362504.7970276,0.0017189979553222656
332307,normal,629,0,1782362504.7989554,0.0019278526306152344
332308,normal,327,0,1782362504.8009386,0.001983165740966797
332309,normal,873,2,1782362504.802981,0.0020422935485839844
332310,normal,1846,0,1782362504.8049686,0.0019876956939697266
332311,normal,2837,0,1782362504.8069644,0.0019958019256591797
332312,normal,2692,0,1782362504.8089573,0.001992940902709961
332313,normal,673,0,1782362504.8109639,0.00200653076171875
332314,normal,2724,0,1782362504.812947,0.001983165740966797
332315,normal,2079,0,1782362504.8150609,0.002113819122314453
332316,normal,2509,0,1782362504.8169644,0.001903533935546875
332317,normal,1541,0,1782362504.819043,0.002078533172607422
332318,normal,1699,0,1782362504.820909,0.0018661022186279297
332319,normal,1409,0,1782362504.822985,0.0020759105682373047
332320,normal,3698,0,1782362504.8250065,0.0020215511322021484
332321,normal,251,0,1782362504.8270082,0.0020017623901367188
332322,normal,2848,0,1782362504.8290405,0.0020322799682617188
332323,normal,660,0,1782362504.83099,0.0019495487213134766
332324,normal,3218,1,1782362504.8329718,0.0019817352294921875
332325,normal,213,0,1782362504.8349693,0.0019974708557128906
332326,normal,493,0,1782362504.836964,0.001994609832763672
332327,normal,2398,0,1782362504.8389816,0.0020177364349365234
332328,normal,3332,1,1782362504.840964,0.001982450485229492
332329,normal,246,0,1782362504.8429728,0.002008676528930664
332330,normal,3585,0,1782362504.8449738,0.002001047134399414
332331,normal,3432,0,1782362504.847068,0.002094268798828125
332332,normal,3397,1,1782362504.8489678,0.00189971923828125
332333,normal,3012,0,1782362504.8509548,0.001986980438232422
332334,normal,732,0,1782362504.8529625,0.002007722854614258
332335,normal,2662,0,1782362504.8549583,0.0019958019256591797
332336,normal,699,0,1782362504.856954,0.0019958019256591797
332337,normal,919,2,1782362504.8589602,0.002006053924560547
332338,normal,1389,0,1782362504.8610194,0.0020592212677001953
332339,normal,1098,0,1782362504.8630097,0.0019903182983398438
332340,normal,606,0,1782362504.865047,0.0020372867584228516
332341,normal,2185,0,1782362504.867039,0.0019919872283935547
332342,normal,1527,0,1782362504.869023,0.001984119415283203
332343,normal,52,0,1782362504.8709943,0.0019712448120117188
332344,normal,729,0,1782362504.8730037,0.0020093917846679688
332345,normal,153,0,1782362504.8750076,0.002003908157348633
332346,normal,2964,0,1782362504.8769593,0.0019516944885253906
332347,normal,1941,0,1782362504.8789642,0.002004861831665039
332348,normal,1055,0,1782362504.880974,0.002009868621826172
332349,normal,315,0,1782362504.883029,0.002054929733276367
332350,normal,245,0,1782362504.8850405,0.002011537551879883
332351,normal,2691,0,1782362504.8870535,0.002012968063354492
332352,normal,1063,0,1782362504.889035,0.001981496810913086
332353,normal,2703,0,1782362504.8910923,0.002057313919067383
332354,normal,596,0,1782362504.8931992,0.002106904983520508
332355,normal,1639,0,1782362504.895186,0.0019867420196533203
332356,normal,3446,0,1782362504.8970997,0.0019137859344482422
332357,normal,28,0,1782362504.8990111,0.0019114017486572266
332358,normal,1989,0,1782362504.9009464,0.0019352436065673828
332359,normal,3305,1,1782362504.9029567,0.002010345458984375
332360,normal,3578,0,1782362504.9048686,0.0019118785858154297
332361,normal,3668,0,1782362504.906975,0.0021064281463623047
332362,normal,2940,0,1782362504.9090707,0.0020956993103027344
332363,normal,3563,0,1782362504.910874,0.0018031597137451172
332364,normal,2752,0,1782362504.9129252,0.0020513534545898438
332365,normal,1474,0,1782362504.9149241,0.0019989013671875
332366,normal,2739,0,1782362504.9168994,0.0019752979278564453
332367,normal,2887,0,1782362504.9192386,0.0023391246795654297
332368,normal,2095,0,1782362504.9211047,0.0018661022186279297
332369,normal,496,0,1782362504.922998,0.0018932819366455078
332370,normal,2488,0,1782362504.925127,0.002129077911376953
332371,normal,2040,0,1782362504.9268813,0.0017542839050292969
332372,normal,1434,0,1782362504.928873,0.001991748809814453
332373,normal,2528,0,1782362504.930937,0.0020639896392822266
332374,normal,2313,0,1782362504.932914,0.0019769668579101562
332375,normal,2939,0,1782362504.9350083,0.002094268798828125
332376,normal,1968,0,1782362504.9369988,0.0019905567169189453
332377,normal,3648,0,1782362504.9389102,0.0019114017486572266
332378,normal,649,0,1782362504.940846,0.001935720443725586
332379,normal,1850,0,1782362504.942882,0.0020360946655273438
332380,normal,2235,0,1782362504.944881,0.0019989013671875
332381,normal,148,0,1782362504.946846,0.001965045928955078
332382,normal,2090,0,1782362504.9490597,0.002213716506958008
332383,normal,3461,0,1782362504.9510517,0.0019919872283935547
332384,normal,1863,0,1782362504.9529557,0.0019040107727050781
332385,normal,1883,0,1782362504.9549356,0.001979827880859375
332386,normal,115,0,1782362504.9569743,0.002038717269897461
332387,normal,1368,1,1782362504.9589229,0.0019485950469970703
332388,normal,2935,0,1782362504.9609163,0.001993417739868164
332389,normal,405,0,1782362504.9628887,0.0019724369049072266
332390,normal,14,0,1782362504.9648387,0.0019500255584716797
332391,normal,2639,0,1782362504.9669602,0.002121448516845703
332392,normal,2424,0,1782362504.9689882,0.0020279884338378906
332393,normal,1382,0,1782362504.970956,0.001967906951904297
332394,normal,2441,0,1782362504.9729805,0.002024412155151367
332395,normal,483,0,1782362504.9750214,0.002040863037109375
332396,normal,2888,0,1782362504.9768722,0.0018508434295654297
332397,normal,995,2,1782362504.978919,0.002046823501586914
332398,normal,2902,0,1782362504.9810426,0.002123594284057617
332399,normal,2788,0,1782362504.983105,0.0020623207092285156
332400,normal,551,0,1782362504.9850614,0.001956462860107422
332401,normal,1539,0,1782362504.9869888,0.0019273757934570312
332402,normal,2460,0,1782362504.9889102,0.0019214153289794922
332403,normal,658,0,1782362504.9909635,0.0020532608032226562
332404,normal,1774,0,1782362504.9929595,0.0019960403442382812
332405,normal,1349,1,1782362504.9953654,0.002405881881713867
332406,normal,296,0,1782362504.9969265,0.0015611648559570312
332407,normal,2311,0,1782362504.9988856,0.001959085464477539
332408,normal,3556,0,1782362505.0008707,0.0019850730895996094
332409,normal,314,0,1782362505.003044,0.002173185348510742
332410,normal,1352,1,1782362505.0049133,0.0018694400787353516
332411,normal,2514,0,1782362505.006994,0.002080678939819336
332412,normal,888,2,1782362505.0089219,0.0019278526306152344
332413,normal,3676,0,1782362505.011051,0.002129077911376953
332414,normal,3694,0,1782362505.0129883,0.0019373893737792969
332415,normal,2790,0,1782362505.014958,0.001969575881958008
332416,normal,1981,0,1782362505.0171456,0.0021877288818359375
332417,normal,2605,0,1782362505.0189734,0.0018277168273925781
332418,normal,2007,0,1782362505.0209002,0.0019268989562988281
332419,normal,253,0,1782362505.0229018,0.002001523971557617
332420,normal,826,2,1782362505.0249794,0.0020775794982910156
332421,normal,3030,0,1782362505.0268977,0.0019183158874511719
332422,normal,597,0,1782362505.0290656,0.002167940139770508
332423,normal,2043,0,1782362505.0309982,0.0019326210021972656
332424,normal,3024,0,1782362505.0329893,0.0019910335540771484
332425,normal,3552,0,1782362505.0349183,0.0019290447235107422
332426,normal,469,0,1782362505.0370066,0.002088308334350586
332427,normal,1855,0,1782362505.0389376,0.0019309520721435547
332428,normal,939,2,1782362505.0410066,0.0020689964294433594
332429,normal,111,0,1782362505.0429358,0.0019292831420898438
332430,normal,280,0,1782362505.0448992,0.001963376998901367
332431,normal,2681,0,1782362505.046893,0.0019936561584472656
332432,normal,3110,1,1782362505.0490148,0.0021219253540039062
332433,normal,3596,0,1782362505.0509357,0.001920938491821289
332434,normal,260,0,1782362505.0530782,0.0021424293518066406
332435,normal,613,0,1782362505.0550692,0.0019910335540771484
332436,normal,2845,0,1782362505.0569813,0.0019121170043945312
332437,normal,2959,0,1782362505.0591094,0.002128124237060547
332438,normal,2204,0,1782362505.0610194,0.0019099712371826172
332439,normal,866,2,1782362505.0630045,0.0019850730895996094
332440,normal,2949,0,1782362505.0650237,0.002019166946411133
332441,normal,497,0,1782362505.0669396,0.0019159317016601562
332442,normal,2529,0,1782362505.068887,0.0019474029541015625
332443,normal,1366,1,1782362505.070987,0.0020999908447265625
332444,normal,1395,0,1782362505.0729313,0.0019443035125732422
332445,normal,157,0,1782362505.0749998,0.0020685195922851562
332446,normal,2769,0,1782362505.0768824,0.0018825531005859375
332447,normal,3094,1,1782362505.0789597,0.002077341079711914
332448,normal,128,0,1782362505.0808847,0.0019249916076660156
332449,normal,1450,0,1782362505.0830007,0.002115964889526367
332450,normal,634,0,1782362505.085263,0.0022623538970947266
332451,normal,2375,0,1782362505.0869727,0.0017096996307373047
332452,normal,2576,0,1782362505.088957,0.0019843578338623047
332453,normal,1185,0,1782362505.0909755,0.002018451690673828
332454,normal,781,2,1782362505.0928993,0.0019237995147705078
332455,normal,2395,0,1782362505.0950174,0.0021181106567382812
332456,normal,179,0,1782362505.0969386,0.0019211769104003906
332457,normal,2259,0,1782362505.0989065,0.001967906951904297
332458,normal,2705,0,1782362505.1012118,0.002305269241333008
332459,normal,779,2,1782362505.1030014,0.0017895698547363281
332460,normal,2262,0,1782362505.1048887,0.0018873214721679688
332461,normal,2524,0,1782362505.1068928,0.0020041465759277344
332462,normal,665,0,1782362505.1089776,0.0020847320556640625
332463,normal,1662,0,1782362505.1109068,0.0019292831420898438
332464,normal,1544,0,1782362505.113027,0.0021202564239501953
332465,normal,3131,1,1782362505.1149714,0.0019443035125732422
332466,normal,2133,0,1782362505.1169214,0.0019500255584716797
332467,normal,2525,0,1782362505.118918,0.0019965171813964844
332468,normal,3107,1,1782362505.1211417,0.0022237300872802734
332469,normal,1271,0,1782362505.1235833,0.0024416446685791016
332470,normal,2982,0,1782362505.1250217,0.0014383792877197266
332471,normal,3156,1,1782362505.1272786,0.0022568702697753906
332472,normal,947,2,1782362505.129163,0.00188446044921875
332473,normal,1011,2,1782362505.1311657,0.002002716064453125
332474,normal,2690,0,1782362505.1331697,0.002003908157348633
332475,normal,2925,0,1782362505.1351473,0.001977682113647461
332476,normal,492,0,1782362505.1369543,0.0018069744110107422
332477,normal,1556,0,1782362505.1390772,0.0021228790283203125
332478,normal,2221,0,1782362505.140978,0.0019009113311767578
332479,normal,2799,0,1782362505.1429615,0.0019834041595458984
332480,normal,3259,1,1782362505.1450794,0.0021178722381591797
332481,normal,2215,0,1782362505.146984,0.0019047260284423828
332482,normal,734,0,1782362505.1489768,0.0019927024841308594
332483,normal,1892,0,1782362505.151085,0.0021080970764160156
332484,normal,476,0,1782362505.152967,0.0018820762634277344
332485,normal,1547,0,1782362505.1551042,0.0021371841430664062
332486,normal,2468,0,1782362505.1571212,0.0020170211791992188
332487,normal,3601,0,1782362505.1590416,0.001920461654663086
332488,normal,3115,1,1782362505.1611187,0.0020771026611328125
332489,normal,914,2,1782362505.163061,0.0019421577453613281
332490,normal,3577,0,1782362505.1650133,0.0019524097442626953
332491,normal,1982,0,1782362505.167034,0.002020597457885742
332492,normal,1601,0,1782362505.1691456,0.002111673355102539
332493,normal,1858,0,1782362505.1710074,0.0018618106842041016
332494,normal,3174,1,1782362505.1730652,0.002057790756225586
332495,normal,573,0,1782362505.174986,0.0019207000732421875
332496,normal,2589,0,1782362505.1769738,0.001987934112548828
332497,normal,2730,0,1782362505.1789823,0.0020084381103515625
332498,normal,2399,0,1782362505.1810837,0.002101421356201172
332499,normal,3536,0,1782362505.182987,0.0019032955169677734
332500,normal,1058,0,1782362505.1850007,0.002013683319091797
332501,normal,3123,1,1782362505.1871395,0.002138853073120117
332502,normal,1524,0,1782362505.189006,0.0018665790557861328
332503,normal,2226,0,1782362505.1909807,0.0019745826721191406
332504,normal,2222,0,1782362505.1930764,0.0020956993103027344
332505,normal,62,0,1782362505.194977,0.0019006729125976562
332506,normal,2484,0,1782362505.1970766,0.0020995140075683594
332507,normal,1459,0,1782362505.1990798,0.002003192901611328
332508,normal,3039,0,1782362505.200988,0.0019083023071289062
332509,normal,537,0,1782362505.2031195,0.0021314620971679688
332510,normal,1092,0,1782362505.2053711,0.0022516250610351562
332511,normal,3534,0,1782362505.206931,0.0015599727630615234
332512,normal,3588,0,1782362505.209118,0.0021867752075195312
332513,normal,1128,0,1782362505.2111416,0.0020236968994140625
332514,normal,2863,0,1782362505.2131305,0.0019888877868652344
332515,normal,3441,0,1782362505.2150922,0.0019617080688476562
332516,normal,1948,0,1782362505.2171965,0.0021042823791503906
332517,normal,1175,0,1782362505.218953,0.001756429672241211
332518,normal,2072,0,1782362505.2209666,0.002013683319091797
332519,normal,2506,0,1782362505.2229993,0.002032756805419922
332520,normal,2290,0,1782362505.2249486,0.001949310302734375
332521,normal,1298,0,1782362505.2269886,0.0020399093627929688
332522,normal,3327,1,1782362505.229161,0.0021724700927734375
332523,normal,273,0,1782362505.2310407,0.0018796920776367188
332524,normal,2629,0,1782362505.2336018,0.0025610923767089844
332525,normal,3064,1,1782362505.235283,0.0016810894012451172
332526,normal,2085,0,1782362505.2375705,0.002287626266479492
332527,normal,3157,1,1782362505.2391086,0.0015380382537841797
332528,normal,1228,0,1782362505.2408779,0.0017693042755126953
332529,normal,2073,0,1782362505.2430346,0.0021567344665527344
332530,normal,1789,0,1782362505.2450955,0.0020608901977539062
332531,normal,1563,0,1782362505.247037,0.0019414424896240234
332532,normal,3355,1,1782362505.248878,0.0018410682678222656
332533,normal,3455,0,1782362505.2508788,0.0020008087158203125
332534,normal,704,0,1782362505.2528734,0.001994609832763672
332535,normal,643,0,1782362505.254998,0.0021245479583740234
332536,normal,1864,0,1782362505.257021,0.002022981643676758
332537,normal,3520,0,1782362505.2592137,0.0021927356719970703
332538,normal,149,0,1782362505.2609463,0.0017325878143310547
332539,normal,2813,0,1782362505.2630243,0.0020780563354492188
332540,normal,105,0,1782362505.2649124,0.0018880367279052734
332541,normal,1432,0,1782362505.2670085,0.0020961761474609375
332542,normal,671,0,1782362505.2689214,0.001912832260131836
332543,normal,563,0,1782362505.2717025,0.0027811527252197266
332544,normal,2394,0,1782362505.2732778,0.0015752315521240234
332545,normal,530,0,1782362505.2750726,0.0017948150634765625
332546,normal,2631,0,1782362505.2770562,0.001983642578125
332547,normal,2011,0,1782362505.2789605,0.0019042491912841797
332548,normal,3639,0,1782362505.281052,0.002091646194458008
332549,normal,2478,0,1782362505.282974,0.0019218921661376953
332550,normal,1617,0,1782362505.2853339,0.0023598670959472656
332551,normal,2066,0,1782362505.287144,0.0018100738525390625
332552,normal,1897,0,1782362505.2890127,0.0018687248229980469
332553,normal,193,0,1782362505.2910576,0.0020449161529541016
332554,normal,3001,0,1782362505.2929318,0.0018742084503173828
332555,normal,3132,1,1782362505.295035,0.002103090286254883
332556,normal,3168,1,1782362505.2969477,0.001912832260131836
332557,normal,2233,0,1782362505.2998977,0.002949953079223633
332558,normal,2365,0,1782362505.3011835,0.0012857913970947266
332559,normal,3198,1,1782362505.3031342,0.0019507408142089844
332560,normal,1655,0,1782362505.305142,0.002007722854614258
332561,normal,608,0,1782362505.3071392,0.001997232437133789
332562,normal,12,0,1782362505.309054,0.0019147396087646484
332563,normal,3474,0,1782362505.31109,0.0020360946655273438
332564,normal,455,0,1782362505.313158,0.002068042755126953
332565,normal,3416,0,1782362505.3156157,0.0024576187133789062
332566,normal,240,0,1782362505.317201,0.001585245132446289
332567,normal,2396,0,1782362505.3193321,0.002131223678588867
332568,normal,3312,1,1782362505.3221803,0.0028481483459472656
332569,normal,3564,0,1782362505.3229074,0.0007271766662597656
332570,normal,2312,0,1782362505.3253865,0.002479076385498047
332571,normal,1977,0,1782362505.3275518,0.0021653175354003906
332572,normal,1477,0,1782362505.329137,0.001585245132446289
332573,normal,2417,0,1782362505.330986,0.0018489360809326172
332574,normal,2873,0,1782362505.333098,0.0021119117736816406
332575,normal,2293,0,1782362505.3349895,0.0018916130065917969
332576,normal,1874,0,1782362505.337056,0.002066373825073242
332577,normal,2093,0,1782362505.3389783,0.0019223690032958984
332578,normal,2693,0,1782362505.3411195,0.002141237258911133
332579,normal,810,2,1782362505.343057,0.0019373893737792969
332580,normal,1911,0,1782362505.3451433,0.0020864009857177734
332581,normal,2910,0,1782362505.3469744,0.0018310546875
332582,normal,2437,0,1782362505.3491254,0.002151012420654297
332583,normal,1079,0,1782362505.3511124,0.001986980438232422
332584,normal,2768,0,1782362505.3531833,0.002070903778076172
332585,normal,424,0,1782362505.3550816,0.0018982887268066406
332586,normal,3398,1,1782362505.357123,0.002041339874267578
332587,normal,2434,0,1782362505.3589454,0.0018224716186523438
332588,normal,2712,0,1782362505.3612242,0.0022788047790527344
332589,normal,2807,0,1782362505.3630302,0.001806020736694336
332590,normal,301,0,1782362505.365103,0.0020728111267089844
332591,normal,3565,0,1782362505.3671925,0.0020895004272460938
332592,normal,3350,1,1782362505.3690548,0.0018622875213623047
332593,normal,3135,1,1782362505.370921,0.0018661022186279297
332594,normal,954,2,1782362505.373039,0.0021181106567382812
332595,normal,3150,1,1782362505.3749363,0.0018973350524902344
332596,normal,2995,0,1782362505.3771136,0.0021772384643554688
332597,normal,3612,0,1782362505.379069,0.0019555091857910156
332598,normal,3128,1,1782362505.381126,0.0020568370819091797
332599,normal,2470,0,1782362505.3830295,0.001903533935546875
332600,normal,3482,0,1782362505.3851004,0.002070903778076172
332601,normal,560,0,1782362505.3869905,0.0018901824951171875
332602,normal,2622,0,1782362505.389211,0.0022203922271728516
332603,normal,3124,1,1782362505.390987,0.001775979995727539
332604,normal,123,0,1782362505.3930645,0.0020775794982910156
332605,normal,2508,0,1782362505.394906,0.0018415451049804688
332606,normal,3364,1,1782362505.3970232,0.002117156982421875
332607,normal,808,2,1782362505.3989005,0.0018773078918457031
332608,normal,2927,0,1782362505.4010017,0.0021011829376220703
332609,normal,1269,0,1782362505.4031477,0.002146005630493164
332610,normal,1979,0,1782362505.405073,0.0019252300262451172
332611,normal,1386,0,1782362505.407204,0.0021309852600097656
332612,normal,78,0,1782362505.4092557,0.002051830291748047
332613,normal,297,0,1782362505.4111629,0.0019071102142333984
332614,normal,1016,2,1782362505.413231,0.002068042755126953
332615,normal,2963,0,1782362505.4150527,0.001821756362915039
332616,normal,189,0,1782362505.4170969,0.002044200897216797
332617,normal,3252,1,1782362505.4190893,0.001992464065551758
332618,normal,3017,0,1782362505.42135,0.0022606849670410156
332619,normal,1398,0,1782362505.4229076,0.0015575885772705078
332620,normal,1663,0,1782362505.4249816,0.002074003219604492
332621,normal,2426,0,1782362505.4268966,0.00191497802734375
332622,normal,2382,0,1782362505.4289954,0.0020987987518310547
332623,normal,2363,0,1782362505.4309978,0.0020024776458740234
332624,normal,174,0,1782362505.4333203,0.0023224353790283203
332625,normal,3652,0,1782362505.4349597,0.0016393661499023438
332626,normal,2683,0,1782362505.4370894,0.002129793167114258
332627,normal,2234,0,1782362505.439151,0.002061605453491211
332628,normal,3026,0,1782362505.4411035,0.0019524097442626953
332629,normal,536,0,1782362505.4432523,0.002148866653442383
332630,normal,1966,0,1782362505.4454784,0.002226114273071289
332631,normal,615,0,1782362505.4477017,0.0022232532501220703
332632,normal,743,0,1782362505.4494011,0.0016994476318359375
332633,normal,3029,0,1782362505.4511206,0.0017194747924804688
332634,normal,1658,0,1782362505.4530287,0.0019080638885498047
332635,normal,3457,0,1782362505.4550078,0.0019791126251220703
332636,normal,1413,0,1782362505.4569173,0.001909494400024414
332637,normal,2176,0,1782362505.4590008,0.0020835399627685547
332638,normal,2780,0,1782362505.4609957,0.0019948482513427734
332639,normal,1834,0,1782362505.4634235,0.002427816390991211
332640,normal,3093,1,1782362505.4649653,0.0015418529510498047
332641,normal,1297,0,1782362505.4670036,0.002038240432739258
332642,normal,1018,2,1782362505.4689152,0.0019116401672363281
332643,normal,3559,0,1782362505.4709938,0.002078533172607422
332644,normal,538,0,1782362505.4728909,0.0018970966339111328
332645,normal,2913,0,1782362505.4750254,0.002134561538696289
332646,normal,1634,0,1782362505.477223,0.0021975040435791016
332647,normal,2920,0,1782362505.479077,0.0018541812896728516
332648,normal,3650,0,1782362505.4811397,0.002062559127807617
332649,normal,3053,1,1782362505.483219,0.0020792484283447266
332650,normal,1656,0,1782362505.4852004,0.001981496810913086
332651,normal,1760,0,1782362505.4877894,0.002588987350463867
332652,normal,206,0,1782362505.489041,0.0012516975402832031
332653,normal,2298,0,1782362505.4910407,0.0019996166229248047
332654,normal,1225,0,1782362505.4929678,0.0019271373748779297
332655,normal,2994,0,1782362505.4953418,0.002373933792114258
332656,normal,1299,0,1782362505.4974144,0.002072572708129883
332657,normal,1962,0,1782362505.499071,0.0016565322875976562
332658,normal,3280,1,1782362505.5010877,0.002016782760620117
332659,normal,2548,0,1782362505.5030465,0.0019588470458984375
332660,normal,2281,0,1782362505.5051339,0.0020873546600341797
332661,normal,1999,0,1782362505.5069284,0.001794576644897461
332662,normal,1414,0,1782362505.5091922,0.002263784408569336
332663,normal,2411,0,1782362505.5118392,0.002646923065185547
332664,normal,1688,0,1782362505.5131202,0.0012810230255126953
332665,normal,241,0,1782362505.515193,0.0020728111267089844
332666,normal,2641,0,1782362505.5170803,0.0018873214721679688
332667,normal,974,2,1782362505.5191414,0.002061128616333008
332668,normal,827,2,1782362505.5210965,0.0019550323486328125
332669,normal,1278,0,1782362505.523173,0.0020766258239746094
332670,normal,2342,0,1782362505.5250065,0.0018334388732910156
332671,normal,473,0,1782362505.5270422,0.0020356178283691406
332672,normal,3277,1,1782362505.5289643,0.0019221305847167969
332673,normal,690,0,1782362505.5311007,0.0021364688873291016
332674,normal,2012,0,1782362505.5330853,0.0019845962524414062
332675,normal,1986,0,1782362505.5352273,0.0021419525146484375
332676,normal,2975,0,1782362505.5371153,0.0018880367279052734
332677,normal,3430,0,1782362505.539155,0.002039670944213867
332678,normal,1419,0,1782362505.5412297,0.002074718475341797
332679,normal,3141,1,1782362505.5430477,0.001817941665649414
332680,normal,803,2,1782362505.5450966,0.002048969268798828
332681,normal,1545,0,1782362505.5470407,0.0019440650939941406
332682,normal,3286,1,1782362505.5493443,0.002303600311279297
332683,normal,1567,0,1782362505.5511642,0.0018198490142822266
332684,normal,3114,1,1782362505.5532572,0.002093076705932617
332685,normal,1475,0,1782362505.5551,0.0018427371978759766
332686,normal,1334,1,1782362505.5571346,0.0020346641540527344
332687,normal,3264,1,1782362505.5590785,0.001943826675415039
332688,normal,2928,0,1782362505.5611553,0.002076864242553711
332689,normal,3464,0,1782362505.5630322,0.0018768310546875
332690,normal,3528,0,1782362505.565819,0.002786874771118164
332691,normal,1041,0,1782362505.5669568,0.0011377334594726562
332692,normal,306,0,1782362505.5691497,0.002192974090576172
332693,normal,1357,1,1782362505.5709648,0.0018150806427001953
332694,normal,1756,0,1782362505.5730555,0.0020906925201416016
332695,normal,100,0,1782362505.5749292,0.0018737316131591797
332696,normal,3487,0,1782362505.5770469,0.002117633819580078
332697,normal,2931,0,1782362505.5789237,0.0018768310546875
332698,normal,1056,0,1782362505.5810316,0.002107858657836914
332699,normal,1506,0,1782362505.5829544,0.0019228458404541016
332700,normal,1047,0,1782362505.585085,0.0021305084228515625
332701,normal,2374,0,1782362505.587117,0.002032041549682617
332702,normal,746,0,1782362505.5891533,0.0020363330841064453
332703,normal,365,0,1782362505.590999,0.0018455982208251953
332704,normal,3583,0,1782362505.593066,0.002067089080810547
332705,normal,3433,0,1782362505.594974,0.0019080638885498047
332706,normal,2970,0,1782362505.5970454,0.002071380615234375
332707,normal,1921,0,1782362505.5989869,0.0019414424896240234
332708,normal,3196,1,1782362505.6010582,0.002071380615234375
332709,normal,3439,0,1782362505.602961,0.0019028186798095703
332710,normal,2575,0,1782362505.6050892,0.002128124237060547
332711,normal,1105,0,1782362505.6071231,0.0020339488983154297
332712,normal,11,0,1782362505.609084,0.00196075439453125
332713,normal,2997,0,1782362505.6110702,0.001986265182495117
332714,normal,1191,0,1782362505.6130483,0.001978158950805664
332715,normal,2619,0,1782362505.6151876,0.0021393299102783203
332716,normal,1488,0,1782362505.6170413,0.0018537044525146484
332717,normal,3418,0,1782362505.619172,0.002130746841430664
332718,normal,555,0,1782362505.621037,0.0018649101257324219
332719,normal,1575,0,1782362505.623163,0.002125978469848633
332720,normal,3258,1,1782362505.625118,0.0019550323486328125
332721,normal,1065,0,1782362505.627215,0.002096891403198242
332722,normal,1882,0,1782362505.6292005,0.0019855499267578125
332723,normal,2397,0,1782362505.6310105,0.0018100738525390625
332724,normal,1980,0,1782362505.633155,0.0021445751190185547
332725,normal,368,0,1782362505.6351035,0.0019483566284179688
332726,normal,3664,0,1782362505.6371882,0.0020847320556640625
332727,normal,1417,0,1782362505.6392906,0.002102375030517578
332728,normal,2070,0,1782362505.6410582,0.0017676353454589844
332729,normal,975,2,1782362505.6431088,0.002050638198852539
332730,normal,1162,0,1782362505.645091,0.0019822120666503906
332731,normal,1121,0,1782362505.647274,0.0021829605102539062
332732,normal,1108,0,1782362505.648923,0.0016489028930664062
332733,normal,577,0,1782362505.6509998,0.002076864242553711
332734,normal,3340,1,1782362505.6529462,0.0019464492797851562
332735,normal,2048,0,1782362505.6551614,0.002215147018432617
332736,normal,2947,0,1782362505.6570275,0.0018661022186279297
332737,normal,766,0,1782362505.659328,0.0023005008697509766
332738,normal,1158,0,1782362505.6611636,0.0018355846405029297
332739,normal,3078,1,1782362505.6628807,0.0017170906066894531
332740,normal,2324,0,1782362505.6649876,0.002106904983520508
332741,normal,2669,0,1782362505.6669197,0.0019321441650390625
332742,normal,646,0,1782362505.6690035,0.0020837783813476562
332743,normal,3014,0,1782362505.6712737,0.002270221710205078
332744,normal,186,0,1782362505.6735265,0.002252817153930664
332745,normal,2553,0,1782362505.675073,0.0015463829040527344
332746,normal,1313,0,1782362505.6769607,0.0018877983093261719
332747,normal,2449,0,1782362505.679208,0.002247333526611328
332748,normal,610,0,1782362505.6809404,0.0017323493957519531
332749,normal,1744,0,1782362505.6830375,0.0020971298217773438
332750,normal,595,0,1782362505.6850293,0.001991748809814453
332751,normal,2173,0,1782362505.6869287,0.0018994808197021484
332752,normal,1943,0,1782362505.6891856,0.0022568702697753906
332753,normal,145,0,1782362505.691728,0.0025424957275390625
332754,normal,2868,0,1782362505.6933968,0.001668691635131836
332755,normal,3647,0,1782362505.6950407,0.0016438961029052734
332756,normal,3242,1,1782362505.6969812,0.0019404888153076172
332757,normal,2531,0,1782362505.6989694,0.0019881725311279297
332758,normal,269,0,1782362505.700976,0.00200653076171875
332759,normal,2228,0,1782362505.7029688,0.001992940902709961
332760,normal,2805,0,1782362505.7048984,0.0019295215606689453
332761,normal,3368,1,1782362505.706929,0.002030611038208008
332762,normal,967,2,1782362505.7089727,0.0020437240600585938
332763,normal,2227,0,1782362505.7109644,0.001991748809814453
332764,normal,2601,0,1782362505.7129943,0.002029895782470703
332765,normal,1879,0,1782362505.7149875,0.0019931793212890625
332766,normal,2,0,1782362505.7176163,0.002628803253173828
332767,normal,900,2,1782362505.7197645,0.002148151397705078
332768,normal,2546,0,1782362505.7211845,0.0014200210571289062
332769,normal,1082,0,1782362505.7229555,0.0017709732055664062
332770,normal,3149,1,1782362505.725309,0.0023534297943115234
332771,normal,3047,1,1782362505.7271533,0.0018444061279296875
332772,normal,3285,1,1782362505.7300284,0.002875089645385742
332773,normal,1865,0,1782362505.731428,0.0013995170593261719
332774,normal,367,0,1782362505.7345586,0.003130674362182617
332775,normal,1895,0,1782362505.73503,0.00047135353088378906
332776,normal,2266,0,1782362505.7373724,0.0023424625396728516
332777,normal,1411,0,1782362505.739047,0.001674652099609375
332778,normal,2857,0,1782362505.7410002,0.001953125
332779,normal,2560,0,1782362505.743128,0.0021278858184814453
332780,normal,765,0,1782362505.7451603,0.0020322799682617188
332781,normal,140,0,1782362505.7471585,0.0019981861114501953
332782,normal,1438,0,1782362505.7495751,0.0024166107177734375
332783,normal,29,0,1782362505.7511268,0.0015516281127929688
332784,normal,850,2,1782362505.7530565,0.0019297599792480469
332785,normal,751,0,1782362505.7551131,0.002056598663330078
332786,normal,1151,0,1782362505.757175,0.0020618438720703125
332787,normal,830,2,1782362505.759013,0.0018379688262939453
332788,normal,3371,1,1782362505.761174,0.0021610260009765625
332789,normal,1171,0,1782362505.763235,0.002061128616333008
332790,normal,1958,0,1782362505.7651613,0.0019261837005615234
332791,normal,2471,0,1782362505.767025,0.001863718032836914
332792,normal,3213,1,1782362505.7691517,0.0021266937255859375
332793,normal,3413,0,1782362505.7710693,0.0019176006317138672
332794,normal,669,0,1782362505.7731233,0.002053976058959961
332795,normal,108,0,1782362505.7750537,0.0019304752349853516
332796,normal,515,0,1782362505.7771146,0.0020608901977539062
332797,normal,1880,0,1782362505.778936,0.001821279525756836
332798,normal,1766,0,1782362505.7810023,0.002066373825073242
332799,normal,3449,0,1782362505.7829258,0.0019235610961914062
332800,normal,1454,0,1782362505.7850718,0.002146005630493164
332801,normal,2289,0,1782362505.7870498,0.0019779205322265625
332802,normal,1607,0,1782362505.7891366,0.0020868778228759766
332803,normal,183,0,1782362505.7910368,0.0019001960754394531
332804,normal,3328,1,1782362505.7930968,0.0020599365234375
332805,normal,2421,0,1782362505.7949789,0.0018820762634277344
332806,normal,706,0,1782362505.7971003,0.002121448516845703
332807,normal,1232,0,1782362505.7990918,0.0019915103912353516
332808,normal,2020,0,1782362505.801068,0.0019762516021728516
332809,normal,2429,0,1782362505.802916,0.001847982406616211
332810,normal,1179,0,1782362505.805015,0.0020990371704101562
332811,normal,1017,2,1782362505.806897,0.0018818378448486328
332812,normal,2304,0,1782362505.8089988,0.002101898193359375
332813,normal,3506,0,1782362505.8111837,0.0021848678588867188
332814,normal,3229,1,1782362505.8129928,0.0018091201782226562
332815,normal,2055,0,1782362505.8152056,0.0022127628326416016
332816,normal,2864,0,1782362505.8171701,0.001964569091796875
332817,normal,1384,0,1782362505.8198464,0.002676248550415039
332818,normal,3521,0,1782362505.8211591,0.0013127326965332031
332819,normal,2746,0,1782362505.8230512,0.00189208984375
332820,normal,1906,0,1782362505.8250897,0.0020384788513183594
332821,normal,945,2,1782362505.8270907,0.002001047134399414
332822,normal,24,0,1782362505.829266,0.0021753311157226562
332823,normal,1394,0,1782362505.8308895,0.001623392105102539
332824,normal,3293,1,1782362505.8329813,0.0020918846130371094
332825,normal,3224,1,1782362505.8349028,0.0019214153289794922
332826,normal,1090,0,1782362505.8369894,0.002086639404296875
332827,normal,711,0,1782362505.8390467,0.002057313919067383
332828,normal,1910,0,1782362505.8412673,0.002220630645751953
332829,normal,691,0,1782362505.8429298,0.0016624927520751953
332830,normal,3129,1,1782362505.845091,0.002161264419555664
332831,normal,1451,0,1782362505.8470845,0.001993417739868164
332832,normal,3171,1,1782362505.8490837,0.0019991397857666016
332833,normal,2809,0,1782362505.8511758,0.002092123031616211
332834,normal,3182,1,1782362505.853603,0.0024271011352539062
332835,normal,3317,1,1782362505.855931,0.002328157424926758
332836,normal,2341,0,1782362505.8571649,0.001233816146850586
332837,normal,3160,1,1782362505.8592544,0.0020895004272460938
332838,normal,3235,1,1782362505.8609464,0.001692056655883789
332839,normal,216,0,1782362505.863038,0.002091646194458008
332840,normal,591,0,1782362505.864937,0.0018990039825439453
332841,normal,2034,0,1782362505.8670316,0.0020945072174072266
332842,normal,976,2,1782362505.8690598,0.002028226852416992
332843,normal,2486,0,1782362505.8713102,0.0022504329681396484
332844,normal,437,0,1782362505.873014,0.0017037391662597656
332845,normal,1513,0,1782362505.8750331,0.002019166946411133
332846,normal,2479,0,1782362505.8769329,0.00189971923828125
332847,normal,2142,0,1782362505.879031,0.00209808349609375
332848,normal,1849,0,1782362505.8810196,0.001988649368286133
332849,normal,2825,0,1782362505.8829272,0.0019075870513916016
332850,normal,688,0,1782362505.8858607,0.002933502197265625
332851,normal,468,0,1782362505.8881245,0.002263784408569336
332852,normal,1161,0,1782362505.8895361,0.0014116764068603516
332853,normal,1066,0,1782362505.891186,0.0016498565673828125
332854,normal,1420,0,1782362505.8930283,0.0018422603607177734
332855,normal,3421,0,1782362505.8951306,0.002102375030517578
332856,normal,2798,0,1782362505.8970115,0.0018808841705322266
332857,normal,3234,1,1782362505.8991182,0.0021066665649414062
332858,normal,3390,1,1782362505.9013977,0.002279520034790039
332859,normal,3553,0,1782362505.903555,0.0021572113037109375
332860,normal,3190,1,1782362505.9051182,0.0015633106231689453
332861,normal,371,0,1782362505.9069695,0.0018513202667236328
332862,normal,1831,0,1782362505.9090703,0.002100706100463867
332863,normal,2773,0,1782362505.9111004,0.0020301342010498047
332864,normal,1288,0,1782362505.912976,0.0018756389617919922
332865,normal,738,0,1782362505.9150004,0.002024412155151367
332866,normal,522,0,1782362505.916901,0.0019006729125976562
332867,normal,3309,1,1782362505.9192317,0.0023305416107177734
332868,normal,40,0,1782362505.921092,0.0018603801727294922
332869,normal,3201,1,1782362505.9229836,0.0018916130065917969
332870,normal,1931,0,1782362505.9250257,0.002042055130004883
332871,normal,2557,0,1782362505.9270728,0.0020470619201660156
332872,normal,3527,0,1782362505.9290895,0.002016782760620117
332873,normal,2270,0,1782362505.9309332,0.0018436908721923828
332874,normal,1346,1,1782362505.9333415,0.002408266067504883
332875,normal,1497,0,1782362505.9353628,0.002021312713623047
332876,normal,354,0,1782362505.9371636,0.0018007755279541016
332877,normal,453,0,1782362505.9390278,0.0018641948699951172
332878,normal,316,0,1782362505.9415886,0.002560853958129883
332879,normal,2015,0,1782362505.9429493,0.0013606548309326172
332880,normal,757,0,1782362505.9450405,0.0020911693572998047
332881,normal,2625,0,1782362505.9468865,0.0018460750579833984
332882,normal,378,0,1782362505.9488914,0.002004861831665039
332883,normal,1246,0,1782362505.9509223,0.0020308494567871094
332884,normal,475,0,1782362505.9529138,0.0019915103912353516
332885,normal,196,0,1782362505.9550843,0.002170562744140625
332886,normal,294,0,1782362505.9569485,0.0018641948699951172
332887,normal,1359,1,1782362505.9590425,0.0020940303802490234
332888,normal,1084,0,1782362505.9610023,0.0019598007202148438
332889,normal,2510,0,1782362505.9630682,0.002065896987915039
332890,normal,769,0,1782362505.965017,0.0019488334655761719
332891,normal,1693,0,1782362505.9671474,0.002130270004272461
332892,normal,1805,0,1782362505.969035,0.0018875598907470703
332893,normal,904,2,1782362505.9711118,0.002076864242553711
332894,normal,2502,0,1782362505.9730408,0.0019290447235107422
332895,normal,1550,0,1782362505.974916,0.001875162124633789
332896,normal,1152,0,1782362505.977073,0.002156972885131836
332897,normal,1500,0,1782362505.9790134,0.0019404888153076172
332898,normal,30,0,1782362505.981109,0.002095460891723633
332899,normal,1862,0,1782362505.9830039,0.0018949508666992188
332900,normal,3080,1,1782362505.9850283,0.002024412155151367
332901,normal,2268,0,1782362505.9869611,0.0019328594207763672
332902,normal,70,0,1782362505.989103,0.0021419525146484375
332903,normal,1654,0,1782362505.9910579,0.001954793930053711
332904,normal,2272,0,1782362505.9931226,0.0020647048950195312
332905,normal,1324,1,1782362505.994972,0.0018494129180908203
332906,normal,3595,0,1782362505.9970837,0.002111673355102539
332907,normal,3230,1,1782362505.9989736,0.001889944076538086
332908,normal,389,0,1782362506.0010896,0.002115964889526367
332909,normal,414,0,1782362506.0030663,0.0019767284393310547
332910,normal,1819,0,1782362506.005014,0.001947641372680664
332911,normal,719,0,1782362506.007,0.0019860267639160156
332912,normal,3598,0,1782362506.0089982,0.0019981861114501953
332913,normal,286,0,1782362506.01095,0.0019519329071044922
332914,normal,1099,0,1782362506.0131433,0.0021932125091552734
332915,normal,3701,0,1782362506.014989,0.0018455982208251953
332916,normal,567,0,1782362506.0171204,0.0021314620971679688
332917,normal,2535,0,1782362506.0191655,0.002045154571533203
332918,normal,1446,0,1782362506.0214076,0.0022420883178710938
332919,normal,2113,0,1782362506.023066,0.0016584396362304688
332920,normal,906,2,1782362506.02515,0.002084016799926758
332921,normal,3347,1,1782362506.0271358,0.001985788345336914
332922,normal,1353,1,1782362506.0290642,0.0019283294677734375
332923,normal,913,2,1782362506.0311253,0.002061128616333008
332924,normal,2083,0,1782362506.0329423,0.0018169879913330078
332925,normal,1424,0,1782362506.0350602,0.0021178722381591797
332926,normal,626,0,1782362506.0368857,0.001825571060180664
332927,normal,1750,0,1782362506.0389931,0.002107381820678711
332928,normal,152,0,1782362506.0411015,0.002108335494995117
332929,normal,3471,0,1782362506.0429795,0.0018780231475830078
332930,normal,854,2,1782362506.045107,0.002127408981323242
332931,normal,516,0,1782362506.046966,0.0018591880798339844
332932,normal,864,2,1782362506.0490546,0.0020885467529296875
332933,normal,3193,1,1782362506.051005,0.0019502639770507812
332934,normal,281,0,1782362506.053746,0.002741098403930664
332935,normal,607,0,1782362506.055698,0.0019519329071044922
332936,normal,2682,0,1782362506.0572426,0.0015447139739990234
332937,normal,750,0,1782362506.059036,0.0017933845520019531
332938,normal,1241,0,1782362506.061306,0.0022699832916259766
332939,normal,3087,1,1782362506.063263,0.001956939697265625
332940,normal,3139,1,1782362506.0650892,0.0018262863159179688
332941,normal,2708,0,1782362506.0671456,0.0020563602447509766
332942,normal,1182,0,1782362506.0693033,0.0021576881408691406
332943,normal,3025,0,1782362506.0713105,0.0020072460174560547
332944,normal,2107,0,1782362506.0728986,0.0015881061553955078
332945,normal,2124,0,1782362506.0750031,0.002104520797729492
332946,normal,2327,0,1782362506.0771155,0.0021123886108398438
332947,normal,2092,0,1782362506.0789948,0.0018792152404785156
332948,normal,2592,0,1782362506.0809047,0.0019099712371826172
332949,normal,987,2,1782362506.0829992,0.0020945072174072266
332950,normal,1160,0,1782362506.085048,0.0020487308502197266
332951,normal,772,2,1782362506.0869455,0.001897573471069336
332952,normal,897,2,1782362506.0894282,0.0024826526641845703
332953,normal,1570,0,1782362506.0910916,0.0016634464263916016
332954,normal,2292,0,1782362506.093495,0.00240325927734375
332955,normal,3130,1,1782362506.0960062,0.002511262893676758
332956,normal,3066,1,1782362506.0974472,0.0014410018920898438
332957,normal,2565,0,1782362506.0990314,0.0015842914581298828
332958,normal,3660,0,1782362506.1010332,0.0020017623901367188
332959,normal,335,0,1782362506.1030746,0.002041339874267578
332960,normal,3052,1,1782362506.1050363,0.0019617080688476562
332961,normal,1946,0,1782362506.1071198,0.0020835399627685547
332962,normal,1706,0,1782362506.1092172,0.0020973682403564453
332963,normal,3155,1,1782362506.1114936,0.0022764205932617188
332964,normal,1095,0,1782362506.113059,0.0015654563903808594
332965,normal,462,0,1782362506.1150522,0.0019931793212890625
332966,normal,2307,0,1782362506.117095,0.0020427703857421875
332967,normal,1847,0,1782362506.119119,0.002023935317993164
332968,normal,2145,0,1782362506.120969,0.001850128173828125
332969,normal,3560,0,1782362506.1230311,0.002062082290649414
332970,normal,1291,0,1782362506.1258576,0.0028264522552490234
332971,normal,1167,0,1782362506.1270688,0.0012111663818359375
332972,normal,771,0,1782362506.129243,0.0021741390228271484
332973,normal,870,2,1782362506.1310368,0.0017938613891601562
332974,normal,2319,0,1782362506.133168,0.002131223678588867
332975,normal,2041,0,1782362506.1351385,0.001970529556274414
332976,normal,1959,0,1782362506.1370823,0.001943826675415039
332977,normal,2942,0,1782362506.1390533,0.001971006393432617
332978,normal,1194,0,1782362506.1409254,0.0018720626831054688
332979,normal,920,2,1782362506.1430688,0.002143383026123047
332980,normal,923,2,1782362506.1449862,0.0019173622131347656
332981,normal,83,0,1782362506.1471014,0.0021152496337890625
332982,normal,1245,0,1782362542.6543877,0.0
332983,normal,2576,0,1782362542.6563888,0.002001047134399414
332984,normal,1601,0,1782362542.6584437,0.002054929733276367
332985,normal,2622,0,1782362542.6604319,0.0019881725311279297
332986,normal,3255,1,1782362542.662437,0.0020051002502441406
332987,normal,2887,0,1782362542.6644044,0.0019674301147460938
332988,normal,398,0,1782362542.666492,0.0020875930786132812
332989,normal,2713,0,1782362542.6684496,0.0019576549530029297
332990,normal,3203,1,1782362542.6706223,0.002172708511352539
332991,normal,1324,1,1782362542.6723585,0.0017361640930175781
332992,normal,2521,0,1782362542.6744926,0.002134084701538086
332993,normal,2948,0,1782362542.676497,0.002004384994506836
332994,normal,3688,0,1782362542.6785908,0.002093791961669922
332995,normal,2901,0,1782362542.6803849,0.0017940998077392578
332996,normal,415,0,1782362542.6824353,0.0020503997802734375
332997,normal,1171,0,1782362542.684405,0.0019698143005371094
332998,normal,523,0,1782362542.6865537,0.0021486282348632812
332999,normal,604,0,1782362542.688412,0.0018582344055175781
333000,normal,428,0,1782362542.690533,0.0021209716796875
333001,normal,3428,0,1782362542.692655,0.002122163772583008
333002,normal,3214,1,1782362542.6944084,0.0017533302307128906
333003,normal,2773,0,1782362542.6965387,0.002130270004272461
333004,normal,3398,1,1782362542.6985788,0.0020401477813720703
333005,normal,3175,1,1782362542.7004123,0.0018334388732910156
333006,normal,1300,0,1782362542.7025306,0.002118349075317383
333007,normal,2863,0,1782362542.7045295,0.0019989013671875
333008,normal,1777,0,1782362542.7064095,0.0018799304962158203
333009,normal,2593,0,1782362542.7085302,0.0021207332611083984
333010,normal,977,2,1782362542.7106156,0.002085447311401367
333011,normal,1858,0,1782362542.7124364,0.0018208026885986328
333012,normal,1839,0,1782362542.7144008,0.0019643306732177734
333013,normal,1768,0,1782362542.7165668,0.0021660327911376953
333014,normal,3572,0,1782362542.7185462,0.001979351043701172
333015,normal,2465,0,1782362542.7204072,0.0018610954284667969
333016,normal,2829,0,1782362542.72253,0.002122640609741211
333017,normal,3673,0,1782362542.7244313,0.001901388168334961
333018,normal,120,0,1782362542.726527,0.0020956993103027344
333019,normal,3438,0,1782362542.7285843,0.002057313919067383
333020,normal,1561,0,1782362542.7304256,0.0018413066864013672
333021,normal,3293,1,1782362542.7325294,0.0021038055419921875
333022,normal,2092,0,1782362542.7345312,0.0020017623901367188
333023,normal,2114,0,1782362542.736425,0.001893758773803711
333024,normal,1384,0,1782362542.738526,0.0021011829376220703
333025,normal,3449,0,1782362542.740529,0.0020029544830322266
333026,normal,1207,0,1782362542.7424223,0.0018932819366455078
333027,normal,2677,0,1782362542.7445316,0.0021092891693115234
333028,normal,3407,0,1782362542.7465348,0.002003192901611328
333029,normal,2864,0,1782362542.7484224,0.0018875598907470703
333030,normal,635,0,1782362542.7505314,0.002109050750732422
333031,normal,1039,0,1782362542.7525337,0.002002239227294922
333032,normal,2271,0,1782362542.75442,0.0018863677978515625
333033,normal,1392,0,1782362542.756578,0.002157926559448242
333034,normal,238,0,1782362542.7584152,0.0018372535705566406
333035,normal,2295,0,1782362542.7605631,0.0021479129791259766
333036,normal,881,2,1782362542.7624123,0.0018491744995117188
333037,normal,1450,0,1782362542.7645373,0.0021250247955322266
333038,normal,3125,1,1782362542.7664196,0.001882314682006836
333039,normal,857,2,1782362542.7685308,0.002111196517944336
333040,normal,2910,0,1782362542.7705426,0.0020117759704589844
333041,normal,2180,0,1782362542.7724202,0.0018775463104248047
333042,normal,2138,0,1782362542.7745314,0.002111196517944336
333043,normal,834,2,1782362542.776549,0.0020177364349365234
333044,normal,1127,0,1782362542.778421,0.0018718242645263672
333045,normal,3367,1,1782362542.7805305,0.002109527587890625
333046,normal,414,0,1782362542.7825513,0.0020208358764648438
333047,normal,1008,2,1782362542.784419,0.0018677711486816406
333048,normal,2646,0,1782362542.7865295,0.0021104812622070312
333049,normal,1738,0,1782362542.788564,0.002034425735473633
333050,normal,3640,0,1782362542.7904186,0.0018546581268310547
333051,normal,2940,0,1782362542.7925327,0.0021140575408935547
333052,normal,3434,0,1782362542.7945678,0.0020351409912109375
333053,normal,479,0,1782362542.7964206,0.0018527507781982422
333054,normal,1464,0,1782362542.7985258,0.002105236053466797
333055,normal,1871,0,1782362542.8004327,0.0019068717956542969
333056,normal,1984,0,1782362542.8025725,0.0021398067474365234
333057,normal,1235,0,1782362542.8044095,0.001837015151977539
333058,normal,216,0,1782362542.806557,0.0021474361419677734
333059,normal,1881,0,1782362542.808418,0.0018610954284667969
333060,normal,3026,0,1782362542.8105314,0.00211334228515625
333061,normal,300,0,1782362542.8125615,0.0020301342010498047
333062,normal,337,0,1782362542.8144612,0.00189971923828125
333063,normal,494,0,1782362542.816531,0.002069711685180664
333064,normal,3567,0,1782362542.8185627,0.0020318031311035156
333065,normal,3300,1,1782362542.8204143,0.0018515586853027344
333066,normal,3060,1,1782362542.8225298,0.002115488052368164
333067,normal,3282,1,1782362542.824565,0.0020351409912109375
333068,normal,1005,2,1782362542.8264155,0.0018506050109863281
333069,normal,3357,1,1782362542.8285453,0.002129793167114258
333070,normal,3240,1,1782362542.83057,0.0020246505737304688
333071,normal,1140,0,1782362542.8324172,0.0018472671508789062
333072,normal,3172,1,1782362542.8345308,0.0021135807037353516
333073,normal,217,0,1782362542.8365707,0.0020399093627929688
333074,normal,569,0,1782362542.8384137,0.0018429756164550781
333075,normal,2107,0,1782362542.8405468,0.0021331310272216797
333076,normal,1681,0,1782362542.8425763,0.0020294189453125
333077,normal,2952,0,1782362542.8444135,0.0018372535705566406
333078,normal,2673,0,1782362542.8465297,0.0021162033081054688
333079,normal,2025,0,1782362542.848577,0.002047300338745117
333080,normal,95,0,1782362542.850415,0.0018379688262939453
333081,normal,860,2,1782362542.8525286,0.0021135807037353516
333082,normal,3092,1,1782362542.8544037,0.001875162124633789
333083,normal,3115,1,1782362542.8565595,0.002155780792236328
333084,normal,1573,0,1782362542.858407,0.0018475055694580078
333085,normal,849,2,1782362542.8605843,0.0021772384643554688
333086,normal,614,0,1782362542.8625844,0.002000093460083008
333087,normal,2239,0,1782362542.864404,0.001819610595703125
333088,normal,2766,0,1782362542.866582,0.0021779537200927734
333089,normal,347,0,1782362542.8685017,0.0019197463989257812
333090,normal,759,0,1782362542.8705304,0.0020287036895751953
333091,normal,2283,0,1782362542.8725839,0.002053499221801758
333092,normal,2799,0,1782362542.8744087,0.0018248558044433594
333093,normal,2121,0,1782362542.876561,0.0021522045135498047
333094,normal,1832,0,1782362542.8785872,0.0020263195037841797
333095,normal,1555,0,1782362542.8804178,0.0018305778503417969
333096,normal,1216,0,1782362542.8825283,0.0021104812622070312
333097,normal,2529,0,1782362542.8845873,0.0020589828491210938
333098,normal,3619,0,1782362542.8864071,0.0018198490142822266
333099,normal,3330,1,1782362542.888528,0.0021209716796875
333100,normal,2109,0,1782362542.8905835,0.0020554065704345703
333101,normal,3632,0,1782362542.892413,0.001829385757446289
333102,normal,897,2,1782362542.894529,0.0021162033081054688
333103,normal,1921,0,1782362542.896593,0.0020639896392822266
333104,normal,575,0,1782362542.8984113,0.0018181800842285156
333105,normal,3607,0,1782362542.9005296,0.002118349075317383
333106,normal,320,0,1782362542.9025908,0.002061128616333008
333107,normal,1766,0,1782362542.9044106,0.0018198490142822266
333108,normal,245,0,1782362542.9065251,0.002114534378051758
333109,normal,703,0,1782362542.9085915,0.002066373825073242
333110,normal,2694,0,1782362542.91041,0.0018184185028076172
333111,normal,642,0,1782362542.9125245,0.002114534378051758
333112,normal,3558,0,1782362542.9145133,0.0019888877868652344
333113,normal,3566,0,1782362542.9164128,0.0018994808197021484
333114,normal,3315,1,1782362542.918543,0.002130270004272461
333115,normal,3631,0,1782362542.920598,0.002054929733276367
333116,normal,608,0,1782362542.92243,0.0018320083618164062
333117,normal,2265,0,1782362542.9245276,0.002097606658935547
333118,normal,3153,1,1782362542.9266326,0.0021049976348876953
333119,normal,211,0,1782362542.9284184,0.0017857551574707031
333120,normal,777,2,1782362542.9305263,0.002107858657836914
333121,normal,349,0,1782362542.932611,0.0020847320556640625
333122,normal,101,0,1782362542.9344122,0.0018012523651123047
333123,normal,578,0,1782362542.9365294,0.002117156982421875
333124,normal,2837,0,1782362542.9386094,0.0020799636840820312
333125,normal,2549,0,1782362542.9404118,0.0018024444580078125
333126,normal,3541,0,1782362542.9425266,0.0021147727966308594
333127,normal,1931,0,1782362542.9446309,0.0021042823791503906
333128,normal,315,0,1782362542.9464538,0.0018229484558105469
333129,normal,3264,1,1782362542.9485292,0.0020754337310791016
333130,normal,3306,1,1782362542.9506328,0.002103567123413086
333131,normal,3508,0,1782362542.9524608,0.0018279552459716797
333132,normal,641,0,1782362542.954543,0.002082347869873047
333133,normal,2038,0,1782362542.9564052,0.0018620491027832031
333134,normal,3213,1,1782362542.9587207,0.002315521240234375
333135,normal,438,0,1782362542.9604115,0.0016908645629882812
333136,normal,2967,0,1782362542.962528,0.0021164417266845703
333137,normal,1908,0,1782362542.9644134,0.0018854141235351562
333138,normal,2463,0,1782362542.9665346,0.0021212100982666016
333139,normal,2065,0,1782362542.9685726,0.0020380020141601562
333140,normal,1426,0,1782362542.9704146,0.0018420219421386719
333141,normal,3642,0,1782362542.9725273,0.0021126270294189453
333142,normal,815,2,1782362542.974532,0.0020046234130859375
333143,normal,3296,1,1782362542.9764404,0.0019085407257080078
333144,normal,2067,0,1782362542.9785292,0.002088785171508789
333145,normal,1243,0,1782362542.9805336,0.002004384994506836
333146,normal,1709,0,1782362542.9824107,0.0018770694732666016
333147,normal,3638,0,1782362542.98453,0.002119302749633789
333148,normal,3419,0,1782362542.9865305,0.002000570297241211
333149,normal,2281,0,1782362542.988409,0.001878499984741211
333150,normal,2911,0,1782362542.9905317,0.002122640609741211
333151,normal,3413,0,1782362542.9925332,0.002001523971557617
333152,normal,2197,0,1782362542.9944105,0.0018773078918457031
333153,normal,890,2,1782362542.996556,0.002145528793334961
333154,normal,1598,0,1782362542.9985259,0.0019698143005371094
333155,normal,514,0,1782362543.0004132,0.0018873214721679688
333156,normal,2401,0,1782362543.0025237,0.0021104812622070312
333157,normal,1386,0,1782362543.004531,0.0020072460174560547
333158,normal,2815,0,1782362543.0064113,0.0018804073333740234
333159,normal,1470,0,1782362543.00854,0.00212860107421875
333160,normal,1191,0,1782362543.0103855,0.0018455982208251953
333161,normal,1797,0,1782362543.012418,0.0020325183868408203
333162,normal,535,0,1782362543.014358,0.001940011978149414
333163,normal,1487,0,1782362543.0163882,0.0020301342010498047
333164,normal,1867,0,1782362543.0183873,0.0019991397857666016
333165,normal,869,2,1782362543.020383,0.001995563507080078
333166,normal,1301,0,1782362543.0223591,0.0019762516021728516
333167,normal,1903,0,1782362543.0244067,0.0020475387573242188
333168,normal,210,0,1782362543.0263848,0.001978158950805664
333169,normal,1811,0,1782362543.028388,0.002003192901611328
333170,normal,3104,1,1782362543.0303855,0.0019974708557128906
333171,normal,1468,0,1782362543.0323825,0.0019969940185546875
333172,normal,983,2,1782362543.0343869,0.002004384994506836
333173,normal,1229,0,1782362543.0363934,0.00200653076171875
333174,normal,671,0,1782362543.0383818,0.0019884109497070312
333175,normal,3139,1,1782362543.0403543,0.0019724369049072266
333176,normal,2949,0,1782362543.0423944,0.0020401477813720703
333177,normal,1141,0,1782362543.0443854,0.0019910335540771484
333178,normal,2672,0,1782362543.0463865,0.002001047134399414
333179,normal,930,2,1782362543.0483801,0.0019936561584472656
333180,normal,3155,1,1782362543.05039,0.002009868621826172
333181,normal,1132,0,1782362543.052354,0.001964092254638672
333182,normal,2080,0,1782362543.0544026,0.002048492431640625
333183,normal,1865,0,1782362543.0563555,0.0019528865814208984
333184,normal,3078,1,1782362543.0584066,0.002051115036010742
333185,normal,1311,0,1782362543.0603774,0.0019707679748535156
333186,normal,2212,0,1782362543.0623832,0.0020058155059814453
333187,normal,425,0,1782362543.0643878,0.0020046234130859375
333188,normal,150,0,1782362543.0663812,0.001993417739868164
333189,normal,822,2,1782362543.0683818,0.002000570297241211
333190,normal,2530,0,1782362543.0703895,0.002007722854614258
333191,normal,1286,0,1782362543.0723817,0.0019922256469726562
333192,normal,1728,0,1782362543.0743935,0.0020117759704589844
333193,normal,1495,0,1782362543.076353,0.001959562301635742
333194,normal,2781,0,1782362543.0784194,0.002066373825073242
333195,normal,3609,0,1782362543.0803819,0.001962423324584961
333196,normal,2074,0,1782362543.0823889,0.002007007598876953
333197,normal,995,2,1782362543.0843804,0.0019915103912353516
333198,normal,334,0,1782362543.0863802,0.0019998550415039062
333199,normal,1582,0,1782362543.0883865,0.0020062923431396484
333200,normal,2957,0,1782362543.090381,0.0019943714141845703
333201,normal,946,2,1782362543.0923817,0.0020008087158203125
333202,normal,2505,0,1782362543.0943532,0.0019714832305908203
333203,normal,2089,0,1782362543.096402,0.0020487308502197266
333204,normal,1376,1,1782362543.0983546,0.0019526481628417969
333205,normal,3002,0,1782362543.1004155,0.0020608901977539062
333206,normal,3029,0,1782362543.102355,0.001939535140991211
333207,normal,692,0,1782362543.10438,0.0020248889923095703
333208,normal,3672,0,1782362543.1064813,0.002101421356201172
333209,normal,229,0,1782362543.1083574,0.0018761157989501953
333210,normal,1448,0,1782362543.1103806,0.0020232200622558594
333211,normal,3404,0,1782362543.1124845,0.0021038055419921875
333212,normal,1054,0,1782362543.1143637,0.0018792152404785156
333213,normal,1023,2,1782362543.1164143,0.002050638198852539
333214,normal,1652,0,1782362543.1184044,0.001990079879760742
333215,normal,111,0,1782362543.1203678,0.001963376998901367
333216,normal,3041,0,1782362543.1224344,0.0020666122436523438
333217,normal,1178,0,1782362543.124736,0.0023016929626464844
333218,normal,1200,0,1782362543.1264107,0.001674652099609375
333219,normal,2759,0,1782362543.1285698,0.00215911865234375
333220,normal,2493,0,1782362543.1305132,0.001943349838256836
333221,normal,143,0,1782362543.1325614,0.0020482540130615234
333222,normal,2847,0,1782362543.1344044,0.0018429756164550781
333223,normal,2982,0,1782362543.1367204,0.002315998077392578
333224,normal,1157,0,1782362543.1384082,0.001687765121459961
333225,normal,640,0,1782362543.1405578,0.0021495819091796875
333226,normal,3595,0,1782362543.1425164,0.001958608627319336
333227,normal,3402,0,1782362543.144561,0.002044677734375
333228,normal,813,2,1782362543.1464036,0.001842498779296875
333229,normal,968,2,1782362543.1487403,0.002336740493774414
333230,normal,1227,0,1782362543.1504116,0.0016713142395019531
333231,normal,798,2,1782362543.1525614,0.002149820327758789
333232,normal,191,0,1782362543.1545224,0.0019609928131103516
333233,normal,44,0,1782362543.156561,0.0020384788513183594
333234,normal,403,0,1782362543.1584344,0.0018734931945800781
333235,normal,3140,1,1782362543.160754,0.0023195743560791016
333236,normal,3019,0,1782362543.162422,0.0016679763793945312
333237,normal,665,0,1782362543.1645582,0.00213623046875
333238,normal,2329,0,1782362543.1664298,0.0018715858459472656
333239,normal,3053,1,1782362543.168559,0.0021293163299560547
333240,normal,1489,0,1782362543.1704414,0.001882314682006836
333241,normal,3468,0,1782362543.1724339,0.001992464065551758
333242,normal,1885,0,1782362543.174517,0.0020830631256103516
333243,normal,102,0,1782362543.1764102,0.0018932819366455078
333244,normal,311,0,1782362543.1784346,0.002024412155151367
333245,normal,1366,1,1782362543.1804154,0.0019807815551757812
333246,normal,420,0,1782362543.1824045,0.001989126205444336
333247,normal,1444,0,1782362543.1844366,0.002032041549682617
333248,normal,2872,0,1782362543.1864333,0.001996755599975586
333249,normal,3355,1,1782362543.1884043,0.001971006393432617
333250,normal,1574,0,1782362543.1904392,0.002034902572631836
333251,normal,1041,0,1782362543.19243,0.001990795135498047
333252,normal,3136,1,1782362543.1944048,0.001974821090698242
333253,normal,654,0,1782362543.1964426,0.0020377635955810547
333254,normal,3190,1,1782362543.1984425,0.0019998550415039062
333255,normal,2277,0,1782362543.2004044,0.001961946487426758
333256,normal,1017,2,1782362543.2024443,0.0020399093627929688
333257,normal,2035,0,1782362543.2044115,0.001967191696166992
333258,normal,2826,0,1782362543.2064035,0.0019919872283935547
333259,normal,3076,1,1782362543.2084467,0.0020432472229003906
333260,normal,193,0,1782362543.2104313,0.0019845962524414062
333261,normal,393,0,1782362543.212404,0.001972675323486328
333262,normal,3268,1,1782362543.2144501,0.0020461082458496094
333263,normal,3270,1,1782362543.2164326,0.001982450485229492
333264,normal,3418,0,1782362543.2184048,0.001972198486328125
333265,normal,889,2,1782362543.2204518,0.0020470619201660156
333266,normal,3186,1,1782362543.2224221,0.0019702911376953125
333267,normal,937,2,1782362543.2244053,0.001983165740966797
333268,normal,1558,0,1782362543.226387,0.0019817352294921875
333269,normal,1265,0,1782362543.2283587,0.001971721649169922
333270,normal,734,0,1782362543.2303624,0.0020036697387695312
333271,normal,3150,1,1782362543.2324915,0.002129077911376953
333272,normal,2657,0,1782362543.2343597,0.0018682479858398438
333273,normal,2873,0,1782362543.2363813,0.0020215511322021484
333274,normal,493,0,1782362543.2385375,0.0021562576293945312
333275,normal,3372,1,1782362543.2403598,0.0018222332000732422
333276,normal,543,0,1782362543.2423573,0.0019974708557128906
333277,normal,3645,0,1782362543.2445788,0.0022215843200683594
333278,normal,1631,0,1782362543.246408,0.0018291473388671875
333279,normal,1856,0,1782362543.2485223,0.0021142959594726562
333280,normal,1357,1,1782362543.2505608,0.0020384788513183594
333281,normal,1595,0,1782362543.2524073,0.0018465518951416016
333282,normal,3303,1,1782362543.2545228,0.002115488052368164
333283,normal,591,0,1782362543.256538,0.0020151138305664062
333284,normal,2478,0,1782362543.258401,0.0018630027770996094
333285,normal,1049,0,1782362543.2605174,0.0021164417266845703
333286,normal,464,0,1782362543.2624242,0.0019068717956542969
333287,normal,2242,0,1782362543.2645543,0.0021300315856933594
333288,normal,3464,0,1782362543.2664027,0.001848459243774414
333289,normal,1916,0,1782362543.2685487,0.002146005630493164
333290,normal,3689,0,1782362543.2704124,0.001863718032836914
333291,normal,2137,0,1782362543.272521,0.0021085739135742188
333292,normal,499,0,1782362543.2745473,0.0020263195037841797
333293,normal,3591,0,1782362543.2764106,0.001863241195678711
333294,normal,3453,0,1782362543.278524,0.00211334228515625
333295,normal,2780,0,1782362543.280546,0.0020220279693603516
333296,normal,689,0,1782362543.2824073,0.0018613338470458984
333297,normal,1951,0,1782362543.284523,0.0021157264709472656
333298,normal,1046,0,1782362543.2865505,0.0020275115966796875
333299,normal,900,2,1782362543.2884035,0.0018529891967773438
333300,normal,361,0,1782362543.2905223,0.002118825912475586
333301,normal,3674,0,1782362543.2925496,0.002027273178100586
333302,normal,1202,0,1782362543.2944052,0.001855611801147461
333303,normal,1512,0,1782362543.2965233,0.0021181106567382812
333304,normal,168,0,1782362543.298567,0.0020437240600585938
333305,normal,3582,0,1782362543.300408,0.001840829849243164
333306,normal,3109,1,1782362543.3025184,0.0021104812622070312
333307,normal,3602,0,1782362543.3045728,0.002054452896118164
333308,normal,275,0,1782362543.306407,0.0018341541290283203
333309,normal,2354,0,1782362543.3085375,0.0021305084228515625
333310,normal,2255,0,1782362543.3105597,0.002022266387939453
333311,normal,1334,1,1782362543.3124042,0.0018444061279296875
333312,normal,1633,0,1782362543.3145313,0.0021271705627441406
333313,normal,3677,0,1782362543.3165212,0.0019898414611816406
333314,normal,801,2,1782362543.3184009,0.0018796920776367188
333315,normal,3192,1,1782362543.320521,0.0021202564239501953
333316,normal,1483,0,1782362543.3225644,0.0020432472229003906
333317,normal,1946,0,1782362543.324403,0.00183868408203125
333318,normal,1084,0,1782362543.3265243,0.0021212100982666016
333319,normal,2224,0,1782362543.3285213,0.0019969940185546875
333320,normal,2113,0,1782362543.330399,0.0018777847290039062
333321,normal,766,0,1782362543.3325217,0.002122640609741211
333322,normal,2102,0,1782362543.3345754,0.0020537376403808594
333323,normal,2785,0,1782362543.3364015,0.0018260478973388672
333324,normal,359,0,1782362543.3385222,0.0021207332611083984
333325,normal,2581,0,1782362543.3405786,0.0020563602447509766
333326,normal,1101,0,1782362543.3424037,0.001825094223022461
333327,normal,3588,0,1782362543.3445141,0.0021104812622070312
333328,normal,2579,0,1782362543.3465915,0.002077341079711914
333329,normal,2421,0,1782362543.3484375,0.0018460750579833984
333330,normal,93,0,1782362543.350393,0.0019555091857910156
333331,normal,524,0,1782362543.3524127,0.002019643783569336
333332,normal,2171,0,1782362543.3543358,0.0019230842590332031
333333,normal,2282,0,1782362543.356354,0.0020182132720947266
333334,normal,571,0,1782362543.3583603,0.0020062923431396484
333335,normal,2739,0,1782362543.3603606,0.0020003318786621094
333336,normal,2895,0,1782362543.362358,0.0019974708557128906
333337,normal,560,0,1782362543.3643572,0.0019991397857666016
333338,normal,2968,0,1782362543.3663542,0.0019969940185546875
333339,normal,1829,0,1782362543.3683403,0.0019860267639160156
333340,normal,1825,0,1782362543.370383,0.0020427703857421875
333341,normal,2807,0,1782362543.3723974,0.0020143985748291016
333342,normal,2226,0,1782362543.3744066,0.002009153366088867
333343,normal,762,0,1782362543.3766482,0.0022416114807128906
333344,normal,1719,0,1782362543.3784173,0.0017690658569335938
333345,normal,861,2,1782362543.3805504,0.0021331310272216797
333346,normal,3322,1,1782362543.3826094,0.0020589828491210938
333347,normal,2526,0,1782362543.3844097,0.0018002986907958984
333348,normal,2963,0,1782362543.3865588,0.0021491050720214844
333349,normal,685,0,1782362543.3886042,0.0020453929901123047
333350,normal,1186,0,1782362543.39041,0.0018057823181152344
333351,normal,1447,0,1782362543.392551,0.0021409988403320312
333352,normal,933,2,1782362543.3946068,0.0020558834075927734
333353,normal,1372,1,1782362543.3964088,0.0018019676208496094
333354,normal,597,0,1782362543.3984098,0.002001047134399414
333355,normal,3028,0,1782362543.40061,0.0022001266479492188
333356,normal,2749,0,1782362543.402411,0.0018010139465332031
333357,normal,45,0,1782362543.4045527,0.002141714096069336
333358,normal,2557,0,1782362543.4066172,0.0020644664764404297
333359,normal,176,0,1782362543.4084094,0.0017921924591064453
333360,normal,318,0,1782362543.4104083,0.0019989013671875
333361,normal,3387,1,1782362543.4126158,0.002207517623901367
333362,normal,345,0,1782362543.4144127,0.0017969608306884766
333363,normal,2500,0,1782362543.4164054,0.0019927024841308594
333364,normal,2575,0,1782362543.418513,0.0021076202392578125
333365,normal,456,0,1782362543.4205801,0.002067089080810547
333366,normal,248,0,1782362543.4223688,0.0017886161804199219
333367,normal,2390,0,1782362543.424466,0.0020971298217773438
333368,normal,2867,0,1782362543.4264405,0.0019745826721191406
333369,normal,945,2,1782362543.4283617,0.0019211769104003906
333370,normal,3077,1,1782362543.4304125,0.0020508766174316406
333371,normal,2348,0,1782362543.4324327,0.002020120620727539
333372,normal,503,0,1782362543.434381,0.0019483566284179688
333373,normal,936,2,1782362543.4364922,0.002111196517944336
333374,normal,3180,1,1782362543.438376,0.0018837451934814453
333375,normal,1278,0,1782362543.44035,0.0019741058349609375
333376,normal,3073,1,1782362543.4423718,0.00202178955078125
333377,normal,791,2,1782362543.4444952,0.0021233558654785156
333378,normal,687,0,1782362543.446432,0.0019369125366210938
333379,normal,83,0,1782362543.4486423,0.0022101402282714844
333380,normal,2424,0,1782362543.4503803,0.0017380714416503906
333381,normal,1223,0,1782362543.4523525,0.001972198486328125
333382,normal,3160,1,1782362543.4546428,0.0022902488708496094
333383,normal,2033,0,1782362543.4563763,0.001733541488647461
333384,normal,987,2,1782362543.4583764,0.002000093460083008
333385,normal,1848,0,1782362543.4605358,0.0021593570709228516
333386,normal,1666,0,1782362543.4623785,0.0018427371978759766
333387,normal,3671,0,1782362543.4643848,0.0020062923431396484
333388,normal,2190,0,1782362543.4666474,0.002262592315673828
333389,normal,1353,1,1782362543.4683754,0.001728057861328125
333390,normal,2376,0,1782362543.4703505,0.0019750595092773438
333391,normal,2369,0,1782362543.4726512,0.002300739288330078
333392,normal,2111,0,1782362543.474399,0.0017478466033935547
333393,normal,826,2,1782362543.4763632,0.001964092254638672
333394,normal,2050,0,1782362543.4784994,0.00213623046875
333395,normal,1876,0,1782362543.4803772,0.0018777847290039062
333396,normal,1459,0,1782362543.4823532,0.00197601318359375
333397,normal,1612,0,1782362543.4846563,0.0023031234741210938
333398,normal,412,0,1782362543.4863753,0.0017189979553222656
333399,normal,2349,0,1782362543.488352,0.0019767284393310547
333400,normal,877,2,1782362543.4906607,0.0023086071014404297
333401,normal,3704,0,1782362543.4923847,0.0017240047454833984
333402,normal,1627,0,1782362543.494355,0.0019702911376953125
333403,normal,41,0,1782362543.4966578,0.002302885055541992
333404,normal,222,0,1782362543.4983788,0.0017209053039550781
333405,normal,2194,0,1782362543.5003533,0.0019745826721191406
333406,normal,2247,0,1782362543.5027268,0.0023734569549560547
333407,normal,1256,0,1782362543.5043857,0.0016589164733886719
333408,normal,697,0,1782362543.506359,0.001973390579223633
333409,normal,2243,0,1782362543.5087152,0.0023560523986816406
333410,normal,3266,1,1782362543.5103755,0.0016603469848632812
333411,normal,2636,0,1782362543.5123518,0.0019762516021728516
333412,normal,1354,1,1782362543.5147185,0.002366781234741211
333413,normal,2582,0,1782362543.5163782,0.0016596317291259766
333414,normal,1220,0,1782362543.5183501,0.0019719600677490234
333415,normal,827,2,1782362543.52071,0.0023598670959472656
333416,normal,2241,0,1782362543.5223753,0.001665353775024414
333417,normal,369,0,1782362543.5243773,0.0020020008087158203
333418,normal,2917,0,1782362543.5264988,0.002121448516845703
333419,normal,3336,1,1782362543.5285208,0.0020220279693603516
333420,normal,1755,0,1782362543.5303533,0.0018324851989746094
333421,normal,1374,1,1782362543.532496,0.002142667770385742
333422,normal,923,2,1782362543.5345106,0.002014636993408203
333423,normal,1812,0,1782362543.5364087,0.001898050308227539
333424,normal,1664,0,1782362543.5387406,0.002331972122192383
333425,normal,2821,0,1782362543.5405374,0.001796722412109375
333426,normal,118,0,1782362543.542426,0.0018887519836425781
333427,normal,1071,0,1782362543.544716,0.0022897720336914062
333428,normal,3379,1,1782362543.5465038,0.0017879009246826172
333429,normal,3480,0,1782362543.5484064,0.0019025802612304688
333430,normal,2285,0,1782362543.550735,0.002328634262084961
333431,normal,3551,0,1782362543.5525198,0.0017848014831542969
333432,normal,467,0,1782362543.5544071,0.0018873214721679688
333433,normal,1691,0,1782362543.5567513,0.0023441314697265625
333434,normal,598,0,1782362543.5583599,0.0016086101531982422
333435,normal,2700,0,1782362543.5604146,0.0020546913146972656
333436,normal,652,0,1782362543.5627298,0.0023152828216552734
333437,normal,301,0,1782362543.564496,0.001766204833984375
333438,normal,1906,0,1782362543.5664115,0.0019154548645019531
333439,normal,969,2,1782362543.5687344,0.0023229122161865234
333440,normal,3309,1,1782362543.570392,0.0016574859619140625
333441,normal,2457,0,1782362543.5723758,0.0019838809967041016
333442,normal,1910,0,1782362543.5745044,0.00212860107421875
333443,normal,1400,0,1782362543.5763788,0.0018744468688964844
333444,normal,2303,0,1782362543.5784082,0.0020294189453125
333445,normal,1745,0,1782362543.5806344,0.002226114273071289
333446,normal,3554,0,1782362543.5825098,0.0018754005432128906
333447,normal,2360,0,1782362543.5844073,0.001897573471069336
333448,normal,1659,0,1782362543.5865943,0.002187013626098633
333449,normal,528,0,1782362543.588484,0.0018897056579589844
333450,normal,2039,0,1782362543.5904078,0.0019237995147705078
333451,normal,2210,0,1782362543.592741,0.0023331642150878906
333452,normal,3247,1,1782362543.594459,0.0017180442810058594
333453,normal,410,0,1782362543.596407,0.0019478797912597656
333454,normal,2034,0,1782362543.5985994,0.0021924972534179688
333455,normal,413,0,1782362543.6004615,0.0018620491027832031
333456,normal,714,0,1782362543.6024086,0.001947164535522461
333457,normal,3095,1,1782362543.604745,0.002336263656616211
333458,normal,2904,0,1782362543.606453,0.0017080307006835938
333459,normal,2734,0,1782362543.6084077,0.001954793930053711
333460,normal,339,0,1782362543.610607,0.0021991729736328125
333461,normal,2459,0,1782362543.6124554,0.001848459243774414
333462,normal,2926,0,1782362543.6144087,0.0019533634185791016
333463,normal,340,0,1782362543.6166577,0.002249002456665039
333464,normal,3182,1,1782362543.618482,0.0018243789672851562
333465,normal,2701,0,1782362543.6204143,0.0019321441650390625
333466,normal,2260,0,1782362543.6226125,0.0021982192993164062
333467,normal,203,0,1782362543.6244545,0.0018420219421386719
333468,normal,1673,0,1782362543.6264074,0.0019528865814208984
333469,normal,344,0,1782362543.628765,0.0023577213287353516
333470,normal,1599,0,1782362543.6304512,0.00168609619140625
333471,normal,3200,1,1782362543.632407,0.001955747604370117
333472,normal,2031,0,1782362543.63462,0.002213001251220703
333473,normal,1174,0,1782362543.6364548,0.001834869384765625
333474,normal,487,0,1782362543.6384094,0.0019545555114746094
333475,normal,2488,0,1782362543.6408875,0.0024781227111816406
333476,normal,427,0,1782362543.6424532,0.001565694808959961
333477,normal,3110,1,1782362543.6444068,0.001953601837158203
333478,normal,2129,0,1782362543.646661,0.0022542476654052734
333479,normal,2875,0,1782362543.6484575,0.0017964839935302734
333480,normal,1370,1,1782362543.6504083,0.0019507408142089844
333481,normal,2560,0,1782362543.6526418,0.0022335052490234375
333482,normal,2172,0,1782362543.6544602,0.0018184185028076172
333483,normal,690,0,1782362543.6564536,0.001993417739868164
333484,normal,1162,0,1782362543.6583588,0.001905202865600586
333485,normal,3249,1,1782362543.660395,0.0020360946655273438
333486,normal,2844,0,1782362543.662355,0.0019600391387939453
333487,normal,1632,0,1782362543.6645,0.002145051956176758
333488,normal,82,0,1782362543.66638,0.0018799304962158203
333489,normal,1275,0,1782362543.6683733,0.001993417739868164
333490,normal,605,0,1782362543.6706374,0.0022640228271484375
333491,normal,1616,0,1782362543.672405,0.0017676353454589844
333492,normal,587,0,1782362543.6744099,0.002004861831665039
333493,normal,3295,1,1782362543.6764767,0.0020668506622314453
333494,normal,2124,0,1782362543.6783812,0.0019044876098632812
333495,normal,1954,0,1782362543.680358,0.0019767284393310547
333496,normal,2577,0,1782362543.6826048,0.002246856689453125
333497,normal,2595,0,1782362543.6844697,0.0018649101257324219
333498,normal,3496,0,1782362543.6864471,0.0019774436950683594
333499,normal,1261,0,1782362543.688652,0.00220489501953125
333500,normal,2729,0,1782362543.6904905,0.0018384456634521484
333501,normal,1045,0,1782362543.692413,0.001922607421875
333502,normal,1963,0,1782362543.6946514,0.0022382736206054688
333503,normal,2419,0,1782362543.6964622,0.0018107891082763672
333504,normal,2455,0,1782362543.6984239,0.0019617080688476562
333505,normal,463,0,1782362543.7006562,0.0022323131561279297
333506,normal,2860,0,1782362543.7024543,0.0017981529235839844
333507,normal,3437,0,1782362543.7044199,0.0019655227661132812
333508,normal,3562,0,1782362543.706658,0.002238035202026367
333509,normal,3013,0,1782362543.7084599,0.0018019676208496094
333510,normal,465,0,1782362543.7104127,0.0019528865814208984
333511,normal,1305,0,1782362543.7126582,0.0022454261779785156
333512,normal,1935,0,1782362543.7144663,0.00180816650390625
333513,normal,3238,1,1782362543.7164185,0.0019521713256835938
333514,normal,781,2,1782362543.7187307,0.002312183380126953
333515,normal,3051,1,1782362543.7204695,0.0017387866973876953
333516,normal,2735,0,1782362543.7224154,0.0019459724426269531
333517,normal,985,2,1782362543.7247078,0.0022923946380615234
333518,normal,230,0,1782362543.7264748,0.0017669200897216797
333519,normal,735,0,1782362543.728413,0.0019383430480957031
333520,normal,616,0,1782362543.7307172,0.0023040771484375
333521,normal,195,0,1782362543.7324653,0.0017480850219726562
333522,normal,949,2,1782362543.7343624,0.0018970966339111328
333523,normal,3126,1,1782362543.7367163,0.0023539066314697266
333524,normal,2959,0,1782362543.738393,0.001676797866821289
333525,normal,3616,0,1782362543.7403593,0.001966238021850586
333526,normal,802,2,1782362543.7427175,0.0023581981658935547
333527,normal,1594,0,1782362543.7443523,0.001634836196899414
333528,normal,1433,0,1782362543.746358,0.0020055770874023438
333529,normal,691,0,1782362543.7487247,0.002366781234741211
333530,normal,2117,0,1782362543.7503543,0.0016295909881591797
333531,normal,544,0,1782362543.7523575,0.002003192901611328
333532,normal,3597,0,1782362543.7545264,0.002168893814086914
333533,normal,208,0,1782362543.756533,0.00200653076171875
333534,normal,1117,0,1782362543.758414,0.0018811225891113281
333535,normal,3220,1,1782362543.760723,0.002309083938598633
333536,normal,194,0,1782362543.762417,0.0016939640045166016
333537,normal,2416,0,1782362543.764415,0.0019979476928710938
333538,normal,596,0,1782362543.7667274,0.0023124217987060547
333539,normal,3661,0,1782362543.7684171,0.0016896724700927734
333540,normal,1236,0,1782362543.7704136,0.0019965171813964844
333541,normal,839,2,1782362543.772733,0.0023193359375
333542,normal,1025,2,1782362543.7744107,0.0016777515411376953
333543,normal,1721,0,1782362543.7764194,0.002008676528930664
333544,normal,17,0,1782362543.7787268,0.002307415008544922
333545,normal,582,0,1782362543.7804139,0.0016870498657226562
333546,normal,1840,0,1782362543.7824116,0.001997709274291992
333547,normal,2675,0,1782362543.784731,0.0023193359375
333548,normal,3064,1,1782362543.786416,0.0016851425170898438
333549,normal,2182,0,1782362543.788412,0.0019960403442382812
333550,normal,3082,1,1782362543.790734,0.002321958541870117
333551,normal,2334,0,1782362543.7924166,0.0016825199127197266
333552,normal,1205,0,1782362543.7944398,0.0020232200622558594
333553,normal,1270,0,1782362543.7967348,0.0022950172424316406
333554,normal,2413,0,1782362543.7984142,0.0016794204711914062
333555,normal,2254,0,1782362543.8004134,0.0019991397857666016
333556,normal,3696,0,1782362543.802739,0.0023255348205566406
333557,normal,2045,0,1782362543.8044114,0.001672506332397461
333558,normal,3207,1,1782362543.8064122,0.0020008087158203125
333559,normal,731,0,1782362543.8087409,0.002328634262084961
333560,normal,2479,0,1782362543.81041,0.001669168472290039
333561,normal,2480,0,1782362543.8124137,0.0020036697387695312
333562,normal,1626,0,1782362543.8147404,0.0023267269134521484
333563,normal,894,2,1782362543.816423,0.0016825199127197266
333564,normal,3090,1,1782362543.8184114,0.0019884109497070312
333565,normal,1724,0,1782362543.8206434,0.002232074737548828
333566,normal,1322,1,1782362543.822411,0.0017676353454589844
333567,normal,1310,0,1782362543.8244128,0.0020017623901367188
333568,normal,925,2,1782362543.826606,0.0021932125091552734
333569,normal,534,0,1782362543.828411,0.0018050670623779297
333570,normal,1742,0,1782362543.8304117,0.002000570297241211
333571,normal,3194,1,1782362543.8326063,0.002194643020629883
333572,normal,3237,1,1782362543.8344126,0.0018062591552734375
333573,normal,2663,0,1782362543.8364124,0.0019998550415039062
333574,normal,1669,0,1782362543.8386114,0.002198934555053711
333575,normal,2103,0,1782362543.840411,0.0017995834350585938
333576,normal,3135,1,1782362543.842412,0.002001047134399414
333577,normal,3465,0,1782362543.8446321,0.00222015380859375
333578,normal,2718,0,1782362543.846411,0.0017788410186767578
333579,normal,1527,0,1782362543.8484106,0.0019996166229248047
333580,normal,1974,0,1782362543.8506148,0.0022041797637939453
333581,normal,2833,0,1782362543.8524127,0.0017979145050048828
333582,normal,2275,0,1782362543.8544185,0.0020058155059814453
333583,normal,2606,0,1782362543.856618,0.002199411392211914
333584,normal,3646,0,1782362543.85841,0.0017919540405273438
333585,normal,167,0,1782362543.8604007,0.001990795135498047
333586,normal,2440,0,1782362543.8626235,0.002222776412963867
333587,normal,1237,0,1782362543.8643994,0.001775979995727539
333588,normal,3596,0,1782362543.8664007,0.0020012855529785156
333589,normal,1604,0,1782362543.8686252,0.002224445343017578
333590,normal,2018,0,1782362543.8703983,0.0017731189727783203
333591,normal,1793,0,1782362543.872399,0.0020008087158203125
333592,normal,3146,1,1782362543.874627,0.0022280216217041016
333593,normal,2629,0,1782362543.8764002,0.0017731189727783203
333594,normal,2836,0,1782362543.8783991,0.0019989013671875
333595,normal,1917,0,1782362543.8806305,0.0022313594818115234
333596,normal,750,0,1782362543.8823977,0.0017671585083007812
333597,normal,2551,0,1782362543.884398,0.0020003318786621094
333598,normal,331,0,1782362543.8866317,0.002233743667602539
333599,normal,1775,0,1782362543.8883996,0.001767873764038086
333600,normal,2856,0,1782362543.8903978,0.0019981861114501953
333601,normal,1853,0,1782362543.8926406,0.0022428035736083984
333602,normal,2539,0,1782362543.8944037,0.0017631053924560547
333603,normal,2357,0,1782362543.8963974,0.0019936561584472656
333604,normal,3351,1,1782362543.8986392,0.002241849899291992
333605,normal,3668,0,1782362543.9004025,0.0017633438110351562
333606,normal,1136,0,1782362543.9023976,0.001995086669921875
333607,normal,3119,1,1782362543.9046414,0.0022437572479248047
333608,normal,1383,0,1782362543.9063983,0.001756906509399414
333609,normal,1417,0,1782362543.9083989,0.002000570297241211
333610,normal,2674,0,1782362543.9106429,0.0022439956665039062
333611,normal,402,0,1782362543.9123964,0.0017535686492919922
333612,normal,42,0,1782362543.9144013,0.002004861831665039
333613,normal,264,0,1782362543.9164631,0.0020618438720703125
333614,normal,2788,0,1782362543.918598,0.0021347999572753906
333615,normal,2232,0,1782362543.9203606,0.0017626285552978516
333616,normal,1253,0,1782362543.9223921,0.002031564712524414
333617,normal,2999,0,1782362543.9243956,0.0020034313201904297
333618,normal,2941,0,1782362543.9263563,0.00196075439453125
333619,normal,1318,0,1782362543.9283767,0.0020203590393066406
333620,normal,1589,0,1782362543.930356,0.001979351043701172
333621,normal,1343,1,1782362543.9323614,0.002005338668823242
333622,normal,754,0,1782362543.93443,0.0020685195922851562
333623,normal,1830,0,1782362543.9364004,0.001970529556274414
333624,normal,3695,0,1782362543.9383576,0.0019571781158447266
333625,normal,1321,1,1782362543.940379,0.002021312713623047
333626,normal,1875,0,1782362543.9423594,0.0019805431365966797
333627,normal,461,0,1782362543.944355,0.001995563507080078
333628,normal,741,0,1782362543.94649,0.002135038375854492
333629,normal,567,0,1782362543.9483922,0.0019021034240722656
333630,normal,3020,0,1782362543.9503553,0.0019631385803222656
333631,normal,2201,0,1782362543.9523766,0.002021312713623047
333632,normal,2499,0,1782362543.9543552,0.001978635787963867
333633,normal,96,0,1782362543.9563546,0.001999378204345703
333634,normal,2621,0,1782362543.9583852,0.002030611038208008
333635,normal,421,0,1782362543.960361,0.0019757747650146484
333636,normal,1689,0,1782362543.962344,0.0019829273223876953
333637,normal,1139,0,1782362543.9643948,0.0020508766174316406
333638,normal,559,0,1782362543.9663732,0.0019783973693847656
333639,normal,3085,1,1782362543.9683397,0.0019664764404296875
333640,normal,85,0,1782362543.9705112,0.0021715164184570312
333641,normal,3148,1,1782362543.97236,0.0018486976623535156
333642,normal,2517,0,1782362543.974372,0.002012014389038086
333643,normal,1048,0,1782362543.9763956,0.0020236968994140625
333644,normal,3599,0,1782362543.9784489,0.0020532608032226562
333645,normal,243,0,1782362543.9803371,0.001888275146484375
333646,normal,3055,1,1782362543.9824584,0.0021212100982666016
333647,normal,33,0,1782362543.9843388,0.0018804073333740234
333648,normal,1073,0,1782362543.9863374,0.0019986629486083984
333649,normal,2938,0,1782362543.988458,0.002120494842529297
333650,normal,2719,0,1782362543.990413,0.0019550323486328125
333651,normal,2884,0,1782362543.9923978,0.001984834671020508
333652,normal,2147,0,1782362543.9944823,0.002084493637084961
333653,normal,1280,0,1782362543.996504,0.00202178955078125
333654,normal,942,2,1782362543.9983573,0.0018532276153564453
333655,normal,272,0,1782362544.0006497,0.0022923946380615234
333656,normal,847,2,1782362544.0023506,0.0017008781433105469
333657,normal,3503,0,1782362544.004343,0.001992464065551758
333658,normal,130,0,1782362544.0064628,0.002119779586791992
333659,normal,11,0,1782362544.0084522,0.0019893646240234375
333660,normal,2162,0,1782362544.0104039,0.0019516944885253906
333661,normal,1663,0,1782362544.012384,0.0019800662994384766
333662,normal,2850,0,1782362544.0143433,0.0019593238830566406
333663,normal,2400,0,1782362544.0163684,0.002025127410888672
333664,normal,1658,0,1782362544.0183883,0.0020198822021484375
333665,normal,1133,0,1782362544.02035,0.0019617080688476562
333666,normal,2486,0,1782362544.0223415,0.0019915103912353516
333667,normal,548,0,1782362544.0243833,0.0020418167114257812
333668,normal,2206,0,1782362544.0263784,0.001995086669921875
333669,normal,1520,0,1782362544.0285223,0.00214385986328125
333670,normal,1199,0,1782362544.0305657,0.002043485641479492
333671,normal,22,0,1782362544.032405,0.0018391609191894531
333672,normal,185,0,1782362544.0345302,0.002125263214111328
333673,normal,474,0,1782362544.036562,0.0020318031311035156
333674,normal,38,0,1782362544.038417,0.0018551349639892578
333675,normal,2855,0,1782362544.040404,0.001986980438232422
333676,normal,1074,0,1782362544.0426269,0.002222776412963867
333677,normal,994,2,1782362544.0443907,0.0017638206481933594
333678,normal,1563,0,1782362544.0464,0.0020093917846679688
333679,normal,3482,0,1782362544.048577,0.002177000045776367
333680,normal,3050,1,1782362544.0504189,0.0018417835235595703
333681,normal,794,2,1782362544.0524137,0.0019948482513427734
333682,normal,305,0,1782362544.0546553,0.0022416114807128906
333683,normal,430,0,1782362544.0563447,0.0016894340515136719
333684,normal,842,2,1782362544.0583909,0.0020461082458496094
333685,normal,3024,0,1782362544.0604577,0.0020668506622314453
333686,normal,2027,0,1782362544.0623462,0.0018885135650634766
333687,normal,726,0,1782362544.0643435,0.001997232437133789
333688,normal,1134,0,1782362544.0663989,0.0020554065704345703
333689,normal,3550,0,1782362544.068341,0.0019421577453613281
333690,normal,2988,0,1782362544.0703824,0.002041339874267578
333691,normal,2467,0,1782362544.072536,0.002153635025024414
333692,normal,1905,0,1782362544.07434,0.0018041133880615234
333693,normal,1180,0,1782362544.0763392,0.0019991397857666016
333694,normal,2289,0,1782362544.0786197,0.0022804737091064453
333695,normal,3641,0,1782362544.0804,0.0017802715301513672
333696,normal,1703,0,1782362544.0823982,0.0019981861114501953
333697,normal,476,0,1782362544.0846152,0.0022170543670654297
333698,normal,2164,0,1782362544.0863996,0.0017843246459960938
333699,normal,76,0,1782362544.0884058,0.0020062923431396484
333700,normal,1445,0,1782362544.0906184,0.0022125244140625
333701,normal,2428,0,1782362544.0923991,0.0017807483673095703
333702,normal,2892,0,1782362544.0943997,0.002000570297241211
333703,normal,2269,0,1782362544.0966413,0.0022416114807128906
333704,normal,1110,0,1782362544.0983996,0.0017583370208740234
333705,normal,760,0,1782362544.100398,0.001998424530029297
333706,normal,1,0,1782362544.102627,0.002228975296020508
333707,normal,3167,1,1782362544.1044,0.0017728805541992188
333708,normal,745,0,1782362544.1068592,0.002459287643432617
333709,normal,2744,0,1782362544.108439,0.0015797615051269531
333710,normal,3421,0,1782362544.1106093,0.0021703243255615234
333711,normal,700,0,1782362544.112396,0.0017867088317871094
333712,normal,1722,0,1782362544.114628,0.002232074737548828
333713,normal,3527,0,1782362544.1163988,0.0017707347869873047
333714,normal,2994,0,1782362544.1183994,0.002000570297241211
333715,normal,1167,0,1782362544.120612,0.0022125244140625
333716,normal,64,0,1782362544.1223972,0.0017852783203125
333717,normal,75,0,1782362544.124399,0.0020017623901367188
333718,normal,675,0,1782362544.1266353,0.0022363662719726562
333719,normal,3386,1,1782362544.1284096,0.0017743110656738281
333720,normal,3017,0,1782362544.1303995,0.0019898414611816406
333721,normal,1757,0,1782362544.132637,0.002237558364868164
333722,normal,1967,0,1782362544.1344,0.0017628669738769531
333723,normal,3132,1,1782362544.1363993,0.001999378204345703
333724,normal,2178,0,1782362544.138614,0.002214670181274414
333725,normal,1622,0,1782362544.140398,0.0017840862274169922
333726,normal,1513,0,1782362544.142397,0.0019989013671875
333727,normal,3604,0,1782362544.1446402,0.0022432804107666016
333728,normal,2386,0,1782362544.1463974,0.0017571449279785156
333729,normal,141,0,1782362544.1483972,0.0019998550415039062
333730,normal,1031,0,1782362544.150614,0.002216815948486328
333731,normal,134,0,1782362544.1523993,0.0017852783203125
333732,normal,2874,0,1782362544.1543972,0.0019979476928710938
333733,normal,46,0,1782362544.1567373,0.002340078353881836
333734,normal,481,0,1782362544.158473,0.001735687255859375
333735,normal,87,0,1782362544.1604009,0.0019278526306152344
333736,normal,293,0,1782362544.162578,0.0021772384643554688
333737,normal,1026,2,1782362544.1643996,0.0018215179443359375
333738,normal,1507,0,1782362544.1665776,0.0021779537200927734
333739,normal,2992,0,1782362544.168457,0.0018794536590576172
333740,normal,173,0,1782362544.170561,0.002104043960571289
333741,normal,207,0,1782362544.1723971,0.0018360614776611328
333742,normal,2654,0,1782362544.1745791,0.0021820068359375
333743,normal,2618,0,1782362544.176399,0.0018198490142822266
333744,normal,2942,0,1782362544.1785564,0.002157449722290039
333745,normal,3693,0,1782362544.1804614,0.0019049644470214844
333746,normal,3420,0,1782362544.182557,0.0020956993103027344
333747,normal,2321,0,1782362544.1843987,0.0018415451049804688
333748,normal,2104,0,1782362544.18658,0.0021812915802001953
333749,normal,938,2,1782362544.1884,0.0018200874328613281
333750,normal,404,0,1782362544.190563,0.002162933349609375
333751,normal,1586,0,1782362544.1924667,0.0019037723541259766
333752,normal,249,0,1782362544.194557,0.0020902156829833984
333753,normal,21,0,1782362544.1964042,0.0018472671508789062
333754,normal,2415,0,1782362544.1985812,0.002177000045776367
333755,normal,1603,0,1782362544.2003996,0.0018184185028076172
333756,normal,31,0,1782362544.2025564,0.0021567344665527344
333757,normal,123,0,1782362544.2044718,0.0019154548645019531
333758,normal,2787,0,1782362544.206561,0.002089262008666992
333759,normal,3627,0,1782362544.2083986,0.0018374919891357422
333760,normal,2315,0,1782362544.2105775,0.0021789073944091797
333761,normal,989,2,1782362544.212403,0.001825571060180664
333762,normal,2665,0,1782362544.2145572,0.002154111862182617
333763,normal,1713,0,1782362544.2164762,0.0019190311431884766
333764,normal,2153,0,1782362544.218566,0.0020897388458251953
333765,normal,3686,0,1782362544.2203996,0.0018336772918701172
333766,normal,1241,0,1782362544.2225854,0.002185821533203125
333767,normal,3031,0,1782362544.2244008,0.0018153190612792969
333768,normal,2524,0,1782362544.2265563,0.0021555423736572266
333769,normal,947,2,1782362544.2284818,0.0019254684448242188
333770,normal,3556,0,1782362544.2305717,0.002089977264404297
333771,normal,3370,1,1782362544.2324064,0.0018346309661865234
333772,normal,1515,0,1782362544.2346406,0.002234220504760742
333773,normal,2974,0,1782362544.2364008,0.001760244369506836
333774,normal,3586,0,1782362544.2383974,0.0019965171813964844
333775,normal,3522,0,1782362544.240578,0.0021805763244628906
333776,normal,2021,0,1782362544.242401,0.0018229484558105469
333777,normal,2772,0,1782362544.244561,0.0021600723266601562
333778,normal,1396,0,1782362544.2464893,0.0019283294677734375
333779,normal,850,2,1782362544.248558,0.002068758010864258
333780,normal,554,0,1782362544.2504156,0.0018575191497802734
333781,normal,1557,0,1782362544.2525785,0.002162933349609375
333782,normal,3072,1,1782362544.2544007,0.0018222332000732422
333783,normal,486,0,1782362544.2565553,0.0021545886993408203
333784,normal,1539,0,1782362544.2584937,0.0019383430480957031
333785,normal,3094,1,1782362544.260398,0.0019042491912841797
333786,normal,1424,0,1782362544.2623978,0.0019998550415039062
333787,normal,3679,0,1782362544.2646515,0.0022537708282470703
333788,normal,2970,0,1782362544.266393,0.0017414093017578125
333789,normal,3524,0,1782362544.268557,0.002164125442504883
333790,normal,386,0,1782362544.2704995,0.0019423961639404297
333791,normal,2810,0,1782362544.272555,0.002055644989013672
333792,normal,495,0,1782362544.274399,0.0018439292907714844
333793,normal,1600,0,1782362544.2765782,0.0021791458129882812
333794,normal,1925,0,1782362544.2783973,0.0018191337585449219
333795,normal,422,0,1782362544.280549,0.0021517276763916016
333796,normal,2645,0,1782362544.2825027,0.001953601837158203
333797,normal,633,0,1782362544.284558,0.0020554065704345703
333798,normal,807,2,1782362544.2863991,0.0018410682678222656
333799,normal,806,2,1782362544.288578,0.0021789073944091797
333800,normal,2995,0,1782362544.2903993,0.001821279525756836
333801,normal,2363,0,1782362544.2925563,0.002156972885131836
333802,normal,1156,0,1782362544.2945063,0.0019500255584716797
333803,normal,58,0,1782362544.296557,0.002050638198852539
333804,normal,2392,0,1782362544.298408,0.0018510818481445312
333805,normal,1680,0,1782362544.3007326,0.0023245811462402344
333806,normal,812,2,1782362544.302399,0.0016663074493408203
333807,normal,3629,0,1782362544.304556,0.002156972885131836
333808,normal,2179,0,1782362544.3064528,0.0018968582153320312
333809,normal,1093,0,1782362544.3085575,0.0021047592163085938
333810,normal,634,0,1782362544.3103979,0.001840353012084961
333811,normal,2322,0,1782362544.3125775,0.0021796226501464844
333812,normal,1519,0,1782362544.3143995,0.0018219947814941406
333813,normal,1997,0,1782362544.3165584,0.0021588802337646484
333814,normal,50,0,1782362544.318517,0.001958608627319336
333815,normal,3259,1,1782362544.320553,0.0020360946655273438
333816,normal,1172,0,1782362544.3224027,0.0018496513366699219
333817,normal,2696,0,1782362544.3245783,0.002175569534301758
333818,normal,1440,0,1782362544.3264008,0.0018224716186523438
333819,normal,2702,0,1782362544.3285725,0.002171754837036133
333820,normal,573,0,1782362544.3304267,0.0018541812896728516
333821,normal,1581,0,1782362544.332558,0.002131223678588867
333822,normal,2727,0,1782362544.33442,0.0018620491027832031
333823,normal,3036,0,1782362544.3365786,0.002158641815185547
333824,normal,3667,0,1782362544.3383963,0.0018177032470703125
333825,normal,768,0,1782362544.340557,0.002160787582397461
333826,normal,984,2,1782362544.342432,0.0018749237060546875
333827,normal,3280,1,1782362544.3445568,0.002124786376953125
333828,normal,3691,0,1782362544.346403,0.0018460750579833984
333829,normal,453,0,1782362544.348638,0.0022351741790771484
333830,normal,3345,1,1782362544.350385,0.0017468929290771484
333831,normal,1102,0,1782362544.3523865,0.002001523971557617
333832,normal,1649,0,1782362544.354423,0.002036571502685547
333833,normal,1841,0,1782362544.356351,0.0019278526306152344
333834,normal,1434,0,1782362544.3584046,0.0020537376403808594
333835,normal,602,0,1782362544.3604035,0.0019989013671875
333836,normal,1022,2,1782362544.3623548,0.0019512176513671875
333837,normal,1011,2,1782362544.3645234,0.0021686553955078125
333838,normal,385,0,1782362544.3665242,0.0020008087158203125
333839,normal,2387,0,1782362544.3684278,0.001903533935546875
333840,normal,1999,0,1782362544.3704205,0.0019927024841308594
333841,normal,175,0,1782362544.3728395,0.002418994903564453
333842,normal,615,0,1782362544.3744233,0.0015838146209716797
333843,normal,2627,0,1782362544.3764217,0.001998424530029297
333844,normal,2789,0,1782362544.3786404,0.0022187232971191406
333845,normal,72,0,1782362544.380397,0.0017566680908203125
333846,normal,711,0,1782362544.3826163,0.0022192001342773438
333847,normal,1640,0,1782362544.3846843,0.002068042755126953
333848,normal,1432,0,1782362544.386465,0.0017807483673095703
333849,normal,2220,0,1782362544.3888035,0.002338409423828125
333850,normal,219,0,1782362544.39057,0.0017664432525634766
333851,normal,1643,0,1782362544.3928123,0.0022423267364501953
333852,normal,1566,0,1782362544.3944623,0.001650094985961914
333853,normal,631,0,1782362544.3968165,0.002354145050048828
333854,normal,1704,0,1782362544.3984663,0.0016498565673828125
333855,normal,1201,0,1782362544.4007995,0.0023331642150878906
333856,normal,2592,0,1782362544.402465,0.0016655921936035156
333857,normal,2572,0,1782362544.4047475,0.002282381057739258
333858,normal,1197,0,1782362544.4064164,0.0016689300537109375
333859,normal,2570,0,1782362544.4086561,0.002239704132080078
333860,normal,2899,0,1782362544.4104438,0.0017876625061035156
333861,normal,628,0,1782362544.4124122,0.0019683837890625
333862,normal,152,0,1782362544.4144142,0.0020020008087158203
333863,normal,3349,1,1782362544.4164176,0.0020034313201904297
333864,normal,2628,0,1782362544.4184144,0.001996755599975586
333865,normal,1942,0,1782362544.4206085,0.0021941661834716797
333866,normal,105,0,1782362544.4224145,0.001806020736694336
333867,normal,2854,0,1782362544.4244132,0.0019986629486083984
333868,normal,240,0,1782362544.4266074,0.0021941661834716797
333869,normal,3665,0,1782362544.4284134,0.001806020736694336
333870,normal,156,0,1782362544.4304123,0.0019989013671875
333871,normal,2574,0,1782362544.4326105,0.0021982192993164062
333872,normal,686,0,1782362544.4344144,0.0018038749694824219
333873,normal,3118,1,1782362544.436414,0.0019996166229248047
333874,normal,939,2,1782362544.4386044,0.0021903514862060547
333875,normal,3373,1,1782362544.4404213,0.0018169879913330078
333876,normal,357,0,1782362544.4424126,0.00199127197265625
333877,normal,2054,0,1782362544.444605,0.0021924972534179688
333878,normal,3097,1,1782362544.4464226,0.001817464828491211
333879,normal,133,0,1782362544.4484105,0.001987934112548828
333880,normal,3470,0,1782362544.4506032,0.0021927356719970703
333881,normal,3584,0,1782362544.4524672,0.0018639564514160156
333882,normal,1940,0,1782362544.4544146,0.0019474029541015625
333883,normal,1161,0,1782362544.4566362,0.0022215843200683594
333884,normal,1770,0,1782362544.458444,0.0018079280853271484
333885,normal,3521,0,1782362544.460415,0.0019707679748535156
333886,normal,1024,2,1782362544.4626343,0.0022194385528564453
333887,normal,873,2,1782362544.4644485,0.001814126968383789
333888,normal,262,0,1782362544.4666064,0.002157926559448242
333889,normal,1981,0,1782362544.4684436,0.0018372535705566406
333890,normal,871,2,1782362544.470607,0.002163410186767578
333891,normal,772,2,1782362544.4724135,0.001806497573852539
333892,normal,2452,0,1782362544.474633,0.0022194385528564453
333893,normal,3098,1,1782362544.4764135,0.0017805099487304688
333894,normal,1063,0,1782362544.478416,0.0020024776458740234
333895,normal,1090,0,1782362544.4807363,0.0023202896118164062
333896,normal,2851,0,1782362544.4824128,0.0016765594482421875
333897,normal,852,2,1782362544.4844124,0.0019996166229248047
333898,normal,507,0,1782362544.4866364,0.002223968505859375
333899,normal,1959,0,1782362544.4884126,0.0017762184143066406
333900,normal,739,0,1782362544.4904103,0.001997709274291992
333901,normal,1232,0,1782362544.4927435,0.0023331642150878906
333902,normal,3502,0,1782362544.4944112,0.0016677379608154297
333903,normal,3394,1,1782362544.496411,0.0019998550415039062
333904,normal,3444,0,1782362544.4986348,0.0022237300872802734
333905,normal,563,0,1782362544.5004125,0.00177764892578125
333906,normal,3329,1,1782362544.5024123,0.0019998550415039062
333907,normal,2644,0,1782362544.5047386,0.0023262500762939453
333908,normal,3079,1,1782362544.5064118,0.0016732215881347656
333909,normal,622,0,1782362544.5084362,0.002024412155151367
333910,normal,612,0,1782362544.510636,0.002199888229370117
333911,normal,1499,0,1782362544.5124114,0.0017752647399902344
333912,normal,972,2,1782362544.5144098,0.001998424530029297
333913,normal,27,0,1782362544.5167465,0.002336740493774414
333914,normal,2602,0,1782362544.5184193,0.0016727447509765625
333915,normal,2745,0,1782362544.5204096,0.0019903182983398438
333916,normal,2274,0,1782362544.5226343,0.0022246837615966797
333917,normal,3708,0,1782362544.5244129,0.0017786026000976562
333918,normal,2755,0,1782362544.526411,0.0019981861114501953
333919,normal,460,0,1782362544.5287492,0.0023381710052490234
333920,normal,3185,1,1782362544.5304117,0.0016624927520751953
333921,normal,3042,0,1782362544.532411,0.001999378204345703
333922,normal,907,2,1782362544.5346367,0.002225637435913086
333923,normal,288,0,1782362544.536413,0.0017762184143066406
333924,normal,1682,0,1782362544.53841,0.0019969940185546875
333925,normal,2002,0,1782362544.5407574,0.0023474693298339844
333926,normal,1872,0,1782362544.5424116,0.0016541481018066406
333927,normal,1510,0,1782362544.5444107,0.0019991397857666016
333928,normal,2253,0,1782362544.546631,0.0022203922271728516
333929,normal,1092,0,1782362544.5484133,0.0017821788787841797
333930,normal,3242,1,1782362544.5504115,0.0019981861114501953
333931,normal,1106,0,1782362544.5527618,0.002350330352783203
333932,normal,2710,0,1782362544.5544093,0.0016474723815917969
333933,normal,2748,0,1782362544.5564327,0.002023458480834961
333934,normal,381,0,1782362544.5587692,0.0023365020751953125
333935,normal,2740,0,1782362544.560415,0.001645803451538086
333936,normal,2721,0,1782362544.5626042,0.002189159393310547
333937,normal,3528,0,1782362544.564444,0.0018398761749267578
333938,normal,1767,0,1782362544.5666044,0.002160310745239258
333939,normal,1912,0,1782362544.568412,0.0018076896667480469
333940,normal,2598,0,1782362544.5707724,0.0023603439331054688
333941,normal,3193,1,1782362544.5724196,0.0016472339630126953
333942,normal,729,0,1782362544.5744126,0.001992940902709961
333943,normal,1419,0,1782362544.5767708,0.0023581981658935547
333944,normal,2158,0,1782362544.5784135,0.0016427040100097656
333945,normal,3157,1,1782362544.5804222,0.002008676528930664
333946,normal,2378,0,1782362544.5826318,0.0022096633911132812
333947,normal,1015,2,1782362544.5844114,0.0017795562744140625
333948,normal,3570,0,1782362544.5864108,0.001999378204345703
333949,normal,2669,0,1782362544.5887356,0.002324819564819336
333950,normal,1684,0,1782362544.5904112,0.0016756057739257812
333951,normal,3117,1,1782362544.5924127,0.002001523971557617
333952,normal,2495,0,1782362544.594636,0.0022232532501220703
333953,normal,511,0,1782362544.5964196,0.001783609390258789
333954,normal,1100,0,1782362544.598416,0.0019965171813964844
333955,normal,1751,0,1782362544.6006365,0.0022203922271728516
333956,normal,1864,0,1782362544.6024125,0.001775979995727539
333957,normal,2945,0,1782362544.6044114,0.0019989013671875
333958,normal,3649,0,1782362544.6066403,0.002228975296020508
333959,normal,1734,0,1782362544.6084106,0.0017702579498291016
333960,normal,1560,0,1782362544.6104112,0.002000570297241211
333961,normal,2398,0,1782362544.6126332,0.0022220611572265625
333962,normal,609,0,1782362544.6144118,0.0017786026000976562
333963,normal,2441,0,1782362544.6164117,0.0019998550415039062
333964,normal,2565,0,1782362544.6186442,0.0022325515747070312
333965,normal,2889,0,1782362544.6204126,0.001768350601196289
333966,normal,1263,0,1782362544.6224113,0.0019986629486083984
333967,normal,2953,0,1782362544.6246457,0.0022344589233398438
333968,normal,473,0,1782362544.626413,0.0017673969268798828
333969,normal,3473,0,1782362544.6284108,0.001997709274291992
333970,normal,1070,0,1782362544.630636,0.002225160598754883
333971,normal,63,0,1782362544.6324115,0.001775503158569336
333972,normal,3443,0,1782362544.6344166,0.0020051002502441406
333973,normal,2305,0,1782362544.6366346,0.002218008041381836
333974,normal,3106,1,1782362544.6384122,0.00177764892578125
333975,normal,206,0,1782362544.6404111,0.0019989013671875
333976,normal,1143,0,1782362544.642634,0.002222776412963867
333977,normal,2083,0,1782362544.6444118,0.0017778873443603516
333978,normal,2155,0,1782362544.646411,0.0019991397857666016
333979,normal,1662,0,1782362544.6486359,0.0022249221801757812
333980,normal,3610,0,1782362544.6504114,0.001775503158569336
333981,normal,304,0,1782362544.6524117,0.0020003318786621094
333982,normal,3326,1,1782362544.6546364,0.0022246837615966797
333983,normal,1158,0,1782362544.6564126,0.0017762184143066406
333984,normal,3108,1,1782362544.658412,0.001999378204345703
333985,normal,855,2,1782362544.6603982,0.001986265182495117
333986,normal,247,0,1782362544.6623607,0.001962423324584961
333987,normal,3121,1,1782362544.6643543,0.0019936561584472656
333988,normal,2543,0,1782362544.6665041,0.002149820327758789
333989,normal,3594,0,1782362544.6683528,0.0018486976623535156
333990,normal,957,2,1782362544.670356,0.002003192901611328
333991,normal,1991,0,1782362544.672521,0.002165079116821289
333992,normal,1550,0,1782362544.6744192,0.001898050308227539
333993,normal,667,0,1782362544.6764162,0.0019969940185546875
333994,normal,2228,0,1782362544.6787274,0.002311229705810547
333995,normal,1975,0,1782362544.680414,0.0016865730285644531
333996,normal,279,0,1782362544.682411,0.0019969940185546875
333997,normal,2127,0,1782362544.6846359,0.0022249221801757812
333998,normal,483,0,1782362544.6864214,0.0017855167388916016
333999,normal,673,0,1782362544.6884134,0.0019919872283935547
334000,normal,196,0,1782362544.6907356,0.0023221969604492188
334001,normal,840,2,1782362544.6924078,0.0016722679138183594
334002,normal,970,2,1782362544.6944115,0.0020036697387695312
334003,normal,1411,0,1782362544.6966324,0.0022208690643310547
334004,normal,1080,0,1782362544.6984134,0.0017809867858886719
334005,normal,2514,0,1782362544.7004337,0.0020203590393066406
334006,normal,2298,0,1782362544.7026346,0.0022008419036865234
334007,normal,2511,0,1782362544.7044125,0.0017778873443603516
334008,normal,2192,0,1782362544.7064185,0.002006053924560547
334009,normal,1701,0,1782362544.7086337,0.002215147018432617
334010,normal,1283,0,1782362544.7104356,0.0018019676208496094
334011,normal,1534,0,1782362544.7124305,0.0019948482513427734
334012,normal,1647,0,1782362544.7147756,0.0023450851440429688
334013,normal,1593,0,1782362544.7163596,0.0015840530395507812
334014,normal,2531,0,1782362544.718531,0.0021712779998779297
334015,normal,1418,0,1782362544.7207623,0.0022313594818115234
334016,normal,2066,0,1782362544.722357,0.0015947818756103516
334017,normal,2803,0,1782362544.724382,0.0020248889923095703
334018,normal,355,0,1782362544.72638,0.0019981861114501953
334019,normal,1490,0,1782362544.7283788,0.0019986629486083984
334020,normal,57,0,1782362544.7303793,0.002000570297241211
334021,normal,3703,0,1782362544.7324545,0.0020751953125
334022,normal,2686,0,1782362544.7343767,0.0019221305847167969
334023,normal,139,0,1782362544.7363772,0.002000570297241211
334024,normal,878,2,1782362544.7384493,0.0020720958709716797
334025,normal,1295,0,1782362544.7403784,0.0019290447235107422
334026,normal,164,0,1782362544.7423782,0.0019998550415039062
334027,normal,1794,0,1782362544.7444506,0.0020723342895507812
334028,normal,3007,0,1782362544.7463777,0.0019271373748779297
334029,normal,1040,0,1782362544.7483776,0.0019998550415039062
334030,normal,400,0,1782362544.7504623,0.0020847320556640625
334031,normal,904,2,1782362544.7523859,0.0019235610961914062
334032,normal,516,0,1782362544.7543764,0.0019905567169189453
334033,normal,1646,0,1782362544.7564692,0.0020928382873535156
334034,normal,2237,0,1782362544.7583802,0.0019109249114990234
334035,normal,2541,0,1782362544.7605186,0.002138376235961914
334036,normal,3400,1,1782362544.7625058,0.0019872188568115234
334037,normal,3401,1,1782362544.7644253,0.0019195079803466797
334038,normal,669,0,1782362544.76635,0.001924753189086914
334039,normal,2343,0,1782362544.7684224,0.0020723342895507812
334040,normal,1124,0,1782362544.7703862,0.0019638538360595703
334041,normal,3071,1,1782362544.7723517,0.0019655227661132812
334042,normal,2839,0,1782362544.7745183,0.0021665096282958984
334043,normal,585,0,1782362544.7763507,0.0018324851989746094
334044,normal,3105,1,1782362544.7784646,0.002113819122314453
334045,normal,3011,0,1782362544.7806356,0.002171039581298828
334046,normal,452,0,1782362544.7823558,0.0017201900482177734
334047,normal,647,0,1782362544.7843568,0.002001047134399414
334048,normal,1122,0,1782362544.7866397,0.002282857894897461
334049,normal,3196,1,1782362544.7883554,0.0017156600952148438
334050,normal,3333,1,1782362544.790369,0.002013683319091797
334051,normal,935,2,1782362544.792507,0.002137899398803711
334052,normal,2017,0,1782362544.7944157,0.0019087791442871094
334053,normal,1131,0,1782362544.7964146,0.0019989013671875
334054,normal,3316,1,1782362544.7986386,0.002223968505859375
334055,normal,2284,0,1782362544.8004136,0.0017750263214111328
334056,normal,144,0,1782362544.8024142,0.002000570297241211
334057,normal,2316,0,1782362544.8047688,0.0023546218872070312
334058,normal,2687,0,1782362544.8064175,0.0016486644744873047
334059,normal,2005,0,1782362544.808416,0.001998424530029297
334060,normal,2613,0,1782362544.8106391,0.0022232532501220703
334061,normal,1584,0,1782362544.8124132,0.0017740726470947266
334062,normal,680,0,1782362544.8144155,0.002002239227294922
334063,normal,2947,0,1782362544.8167844,0.002368927001953125
334064,normal,2550,0,1782362544.818414,0.0016295909881591797
334065,normal,103,0,1782362544.8204143,0.0020003318786621094
334066,normal,2313,0,1782362544.8226354,0.0022211074829101562
334067,normal,1500,0,1782362544.8244143,0.0017788410186767578
334068,normal,1494,0,1782362544.8264136,0.001999378204345703
334069,normal,2053,0,1782362544.828649,0.00223541259765625
334070,normal,3411,0,1782362544.8304222,0.0017731189727783203
334071,normal,561,0,1782362544.8324127,0.0019905567169189453
334072,normal,2886,0,1782362544.8347814,0.0023686885833740234
334073,normal,3417,0,1782362544.8364139,0.0016324520111083984
334074,normal,1176,0,1782362544.8384154,0.002001523971557617
334075,normal,3576,0,1782362544.8406372,0.002221822738647461
334076,normal,3030,0,1782362544.8424394,0.001802206039428711
334077,normal,2437,0,1782362544.8444135,0.0019741058349609375
334078,normal,1937,0,1782362544.8466372,0.0022237300872802734
334079,normal,1706,0,1782362544.848414,0.0017766952514648438
334080,normal,198,0,1782362544.8504143,0.0020003318786621094
334081,normal,490,0,1782362544.8526392,0.0022249221801757812
334082,normal,303,0,1782362544.8544157,0.0017764568328857422
334083,normal,2878,0,1782362544.8564153,0.0019996166229248047
334084,normal,2776,0,1782362544.858637,0.002221822738647461
334085,normal,1580,0,1782362544.8604474,0.001810312271118164
334086,normal,1828,0,1782362544.8625457,0.0020983219146728516
334087,normal,3070,1,1782362544.8644533,0.0019075870513916016
334088,normal,2641,0,1782362544.8665426,0.002089262008666992
334089,normal,1452,0,1782362544.868569,0.0020263195037841797
334090,normal,2717,0,1782362544.870802,0.0022330284118652344
334091,normal,2181,0,1782362544.872464,0.0016620159149169922
334092,normal,2762,0,1782362544.874797,0.0023331642150878906
334093,normal,3061,1,1782362544.8765924,0.0017952919006347656
334094,normal,256,0,1782362544.878649,0.002056598663330078
334095,normal,2019,0,1782362544.880593,0.0019440650939941406
334096,normal,804,2,1782362544.8828092,0.0022161006927490234
334097,normal,749,0,1782362544.8844655,0.0016562938690185547
334098,normal,1164,0,1782362544.8867936,0.002328157424926758
334099,normal,3362,1,1782362544.8885925,0.001798868179321289
334100,normal,2962,0,1782362544.8906531,0.0020606517791748047
334101,normal,2286,0,1782362544.8925872,0.001934051513671875
334102,normal,3114,1,1782362544.8946934,0.002106189727783203
334103,normal,723,0,1782362544.8966928,0.001999378204345703
334104,normal,3149,1,1782362544.8984659,0.0017731189727783203
334105,normal,1747,0,1782362544.9008029,0.0023369789123535156
334106,normal,2817,0,1782362544.9024658,0.0016629695892333984
334107,normal,2770,0,1782362544.9048069,0.002341032028198242
334108,normal,1844,0,1782362544.9066133,0.001806497573852539
334109,normal,2408,0,1782362544.9084728,0.001859426498413086
334110,normal,2680,0,1782362544.910825,0.0023522377014160156
334111,normal,319,0,1782362544.912592,0.0017669200897216797
334112,normal,1804,0,1782362544.9146469,0.002054929733276367
334113,normal,3045,1,1782362544.9165928,0.0019459724426269531
334114,normal,3281,1,1782362544.9188104,0.002217531204223633
334115,normal,332,0,1782362544.920465,0.0016546249389648438
334116,normal,2296,0,1782362544.9227977,0.0023326873779296875
334117,normal,1427,0,1782362544.9245913,0.0017936229705810547
334118,normal,88,0,1782362544.9266524,0.002061128616333008
334119,normal,1147,0,1782362544.9285927,0.0019402503967285156
334120,normal,2768,0,1782362544.9307997,0.002207040786743164
334121,normal,2825,0,1782362544.9324644,0.0016646385192871094
334122,normal,3403,0,1782362544.9344637,0.001999378204345703
334123,normal,1474,0,1782362544.936644,0.002180337905883789
334124,normal,2993,0,1782362544.9385865,0.0019423961639404297
334125,normal,1532,0,1782362544.9404645,0.0018780231475830078
334126,normal,978,2,1782362544.9426177,0.002153158187866211
334127,normal,1095,0,1782362544.9444158,0.0017981529235839844
334128,normal,234,0,1782362544.9464245,0.002008676528930664
334129,normal,2555,0,1782362544.9486377,0.0022132396697998047
334130,normal,3291,1,1782362544.9504151,0.0017774105072021484
334131,normal,3587,0,1782362544.952413,0.0019979476928710938
334132,normal,1525,0,1782362544.9546394,0.0022263526916503906
334133,normal,2603,0,1782362544.9564214,0.0017819404602050781
334134,normal,1007,2,1782362544.9584134,0.0019919872283935547
334135,normal,149,0,1782362544.960754,0.002340555191040039
334136,normal,3666,0,1782362544.9623866,0.0016326904296875
334137,normal,3577,0,1782362544.9644141,0.0020275115966796875
334138,normal,435,0,1782362544.9666362,0.0022220611572265625
334139,normal,3080,1,1782362544.9683552,0.0017189979553222656
334140,normal,277,0,1782362544.970607,0.002251863479614258
334141,normal,2078,0,1782362544.9724467,0.0018396377563476562
334142,normal,3202,1,1782362544.9746017,0.0021550655364990234
334143,normal,693,0,1782362544.976414,0.0018122196197509766
334144,normal,2985,0,1782362544.978736,0.002321958541870117
334145,normal,1086,0,1782362544.9804146,0.0016787052154541016
334146,normal,539,0,1782362544.9823728,0.001958131790161133
334147,normal,2304,0,1782362544.984641,0.0022683143615722656
334148,normal,2877,0,1782362544.9863877,0.0017466545104980469
334149,normal,1398,0,1782362544.988387,0.001999378204345703
334150,normal,1971,0,1782362544.9904492,0.002062082290649414
334151,normal,2244,0,1782362544.9923794,0.00193023681640625
334152,normal,3145,1,1782362544.9943767,0.001997232437133789
334153,normal,13,0,1782362544.9964497,0.002073049545288086
334154,normal,356,0,1782362544.998378,0.0019283294677734375
334155,normal,3183,1,1782362545.0003912,0.0020132064819335938
334156,normal,2685,0,1782362545.0024717,0.0020804405212402344
334157,normal,3023,0,1782362545.004381,0.0019092559814453125
334158,normal,547,0,1782362545.006379,0.0019979476928710938
334159,normal,3164,1,1782362545.0083785,0.0019996166229248047
334160,normal,1822,0,1782362545.010382,0.0020034313201904297
334161,normal,2410,0,1782362545.0123959,0.0020139217376708984
334162,normal,613,0,1782362545.014468,0.0020720958709716797
334163,normal,2435,0,1782362545.0163758,0.0019078254699707031
334164,normal,639,0,1782362545.018373,0.001997232437133789
334165,normal,1105,0,1782362545.0204813,0.002108335494995117
334166,normal,1059,0,1782362545.0223742,0.0018928050994873047
334167,normal,736,0,1782362545.0243785,0.002004384994506836
334168,normal,2611,0,1782362545.0264637,0.0020852088928222656
334169,normal,3471,0,1782362545.0283816,0.0019178390502929688
334170,normal,2213,0,1782362545.0303748,0.0019931793212890625
334171,normal,336,0,1782362545.03246,0.0020852088928222656
334172,normal,2932,0,1782362545.0343735,0.0019135475158691406
334173,normal,3199,1,1782362545.0363746,0.002001047134399414
334174,normal,2149,0,1782362545.0384614,0.0020868778228759766
334175,normal,1862,0,1782362545.0405378,0.002076387405395508
334176,normal,3248,1,1782362545.0423708,0.0018329620361328125
334177,normal,2444,0,1782362545.0444613,0.0020904541015625
334178,normal,2396,0,1782362545.0463722,0.0019109249114990234
334179,normal,2184,0,1782362545.0483735,0.0020012855529785156
334180,normal,1760,0,1782362545.050463,0.0020895004272460938
334181,normal,3221,1,1782362545.0523748,0.0019118785858154297
334182,normal,1939,0,1782362545.0543714,0.0019965171813964844
334183,normal,2,0,1782362545.0564592,0.002087831497192383
334184,normal,2266,0,1782362545.0583725,0.001913309097290039
334185,normal,2890,0,1782362545.0603728,0.0020003318786621094
334186,normal,389,0,1782362545.0624676,0.002094745635986328
334187,normal,408,0,1782362545.0643783,0.0019106864929199219
334188,normal,2907,0,1782362545.0663753,0.0019969940185546875
334189,normal,3669,0,1782362545.0684562,0.0020809173583984375
334190,normal,1911,0,1782362545.0703733,0.001917123794555664
334191,normal,3137,1,1782362545.072371,0.001997709274291992
334192,normal,1479,0,1782362545.0744596,0.0020885467529296875
334193,normal,763,0,1782362545.076372,0.0019123554229736328
334194,normal,3184,1,1782362545.0783727,0.0020008087158203125
334195,normal,1926,0,1782362545.0804615,0.002088785171508789
334196,normal,1546,0,1782362545.08238,0.0019185543060302734
334197,normal,2307,0,1782362545.0843728,0.0019927024841308594
334198,normal,429,0,1782362545.0864623,0.0020895004272460938
334199,normal,1307,0,1782362545.0883734,0.001911163330078125
334200,normal,1335,1,1782362545.0903823,0.0020089149475097656
334201,normal,1239,0,1782362545.092462,0.0020797252655029297
334202,normal,694,0,1782362545.0943751,0.0019130706787109375
334203,normal,2438,0,1782362545.096372,0.001996755599975586
334204,normal,3513,0,1782362545.09846,0.0020880699157714844
334205,normal,257,0,1782362545.1003745,0.0019145011901855469
334206,normal,2568,0,1782362545.1023803,0.0020058155059814453
334207,normal,1613,0,1782362545.1044629,0.0020825862884521484
334208,normal,3621,0,1782362545.1063726,0.0019097328186035156
334209,normal,388,0,1782362545.1083734,0.0020008087158203125
334210,normal,1735,0,1782362545.1104598,0.0020864009857177734
334211,normal,154,0,1782362545.1123805,0.0019207000732421875
334212,normal,330,0,1782362545.114373,0.001992464065551758
334213,normal,3128,1,1782362545.1164596,0.002086639404296875
334214,normal,2900,0,1782362545.1183722,0.0019125938415527344
334215,normal,3613,0,1782362545.120372,0.0019998550415039062
334216,normal,1181,0,1782362545.1224616,0.0020895004272460938
334217,normal,2402,0,1782362545.124375,0.0019135475158691406
334218,normal,3179,1,1782362545.126374,0.0019989013671875
334219,normal,417,0,1782362545.1284668,0.0020928382873535156
334220,normal,3040,0,1782362545.1303716,0.0019047260284423828
334221,normal,1690,0,1782362545.1323724,0.0020008087158203125
334222,normal,2142,0,1782362545.1344595,0.002087116241455078
334223,normal,183,0,1782362545.1363742,0.0019147396087646484
334224,normal,3348,1,1782362545.1383734,0.0019991397857666016
334225,normal,557,0,1782362545.1404593,0.0020859241485595703
334226,normal,232,0,1782362545.142378,0.001918792724609375
334227,normal,2504,0,1782362545.1443725,0.0019943714141845703
334228,normal,2264,0,1782362545.1464615,0.0020890235900878906
334229,normal,627,0,1782362545.1483724,0.0019109249114990234
334230,normal,3685,0,1782362545.1503737,0.0020012855529785156
334231,normal,1000,2,1782362545.152459,0.0020852088928222656
334232,normal,2216,0,1782362545.1543727,0.0019137859344482422
334233,normal,1973,0,1782362545.1563714,0.0019986629486083984
334234,normal,1855,0,1782362545.158463,0.002091646194458008
334235,normal,1945,0,1782362545.1603706,0.0019075870513916016
334236,normal,1097,0,1782362545.162373,0.0020024776458740234
334237,normal,2840,0,1782362545.1644645,0.0020914077758789062
334238,normal,2626,0,1782362545.1663742,0.0019097328186035156
334239,normal,2944,0,1782362545.1683745,0.0020003318786621094
334240,normal,3081,1,1782362545.1704617,0.002087116241455078
334241,normal,2170,0,1782362545.1723726,0.0019109249114990234
334242,normal,161,0,1782362545.174372,0.001999378204345703
334243,normal,3335,1,1782362545.1764584,0.0020864009857177734
334244,normal,92,0,1782362545.1783712,0.001912832260131836
334245,normal,419,0,1782362545.1803765,0.002005338668823242
334246,normal,333,0,1782362545.1824603,0.0020837783813476562
334247,normal,62,0,1782362545.1843705,0.0019102096557617188
334248,normal,874,2,1782362545.1863713,0.0020008087158203125
334249,normal,1463,0,1782362545.1884615,0.0020902156829833984
334250,normal,71,0,1782362545.190374,0.0019123554229736328
334251,normal,659,0,1782362545.1923723,0.001998424530029297
334252,normal,1543,0,1782362545.1944623,0.002089977264404297
334253,normal,2882,0,1782362545.1963708,0.0019085407257080078
334254,normal,1985,0,1782362545.1983726,0.0020017623901367188
334255,normal,2483,0,1782362545.2004595,0.0020868778228759766
334256,normal,2983,0,1782362545.2023716,0.0019121170043945312
334257,normal,299,0,1782362545.2043726,0.002001047134399414
334258,normal,2012,0,1782362545.206459,0.0020864009857177734
334259,normal,651,0,1782362545.20837,0.0019109249114990234
334260,normal,1187,0,1782362545.2103784,0.0020084381103515625
334261,normal,1344,1,1782362545.2124608,0.002082347869873047
334262,normal,2044,0,1782362545.214373,0.0019123554229736328
334263,normal,100,0,1782362545.2163782,0.0020051002502441406
334264,normal,1890,0,1782362545.2184594,0.002081155776977539
334265,normal,920,2,1782362545.2203765,0.001917123794555664
334266,normal,1898,0,1782362545.2223728,0.001996278762817383
334267,normal,3206,1,1782362545.2244606,0.002087831497192383
334268,normal,1623,0,1782362545.2263718,0.001911163330078125
334269,normal,3218,1,1782362545.22837,0.0019981861114501953
334270,normal,1976,0,1782362545.2304595,0.0020895004272460938
334271,normal,1986,0,1782362545.2323732,0.0019137859344482422
334272,normal,3034,0,1782362545.2343724,0.0019991397857666016
334273,normal,140,0,1782362545.2364616,0.002089262008666992
334274,normal,1076,0,1782362545.2383735,0.0019118785858154297
334275,normal,2366,0,1782362545.2403722,0.0019986629486083984
334276,normal,434,0,1782362545.2424603,0.0020880699157714844
334277,normal,1028,2,1782362545.2443717,0.0019114017486572266
334278,normal,695,0,1782362545.2463706,0.0019989013671875
334279,normal,829,2,1782362545.248461,0.0020904541015625
334280,normal,2704,0,1782362545.2503724,0.0019114017486572266
334281,normal,1883,0,1782362545.2523718,0.001999378204345703
334282,normal,488,0,1782362545.2544594,0.0020875930786132812
334283,normal,2423,0,1782362545.2563741,0.0019147396087646484
334284,normal,1001,2,1782362545.2583787,0.0020046234130859375
334285,normal,506,0,1782362545.2604613,0.0020825862884521484
334286,normal,988,2,1782362545.2624133,0.0019519329071044922
334287,normal,2070,0,1782362545.2643983,0.0019850730895996094
334288,normal,2536,0,1782362545.26658,0.0021817684173583984
334289,normal,2861,0,1782362545.268392,0.001811981201171875
334290,normal,912,2,1782362545.2704182,0.002026081085205078
334291,normal,1661,0,1782362545.2725732,0.0021550655364990234
334292,normal,218,0,1782362545.2744236,0.0018503665924072266
334293,normal,3469,0,1782362545.276547,0.0021233558654785156
334294,normal,1149,0,1782362545.2786436,0.0020966529846191406
334295,normal,236,0,1782362545.280409,0.0017654895782470703
334296,normal,1233,0,1782362545.282596,0.002187013626098633
334297,normal,1553,0,1782362545.2846575,0.0020613670349121094
334298,normal,2676,0,1782362545.2863934,0.0017359256744384766
334299,normal,509,0,1782362545.2885418,0.0021483898162841797
334300,normal,1170,0,1782362545.290655,0.0021131038665771484
334301,normal,56,0,1782362545.2923934,0.0017385482788085938
334302,normal,1588,0,1782362545.2945337,0.0021402835845947266
334303,normal,2057,0,1782362545.296779,0.002245187759399414
334304,normal,2520,0,1782362545.2983646,0.0015857219696044922
334305,normal,2534,0,1782362545.3003964,0.0020318031311035156
334306,normal,1281,0,1782362545.3024218,0.0020253658294677734
334307,normal,79,0,1782362545.304414,0.0019922256469726562
334308,normal,3699,0,1782362545.306366,0.0019519329071044922
334309,normal,3489,0,1782362545.3084323,0.002066373825073242
334310,normal,2372,0,1782362545.3103874,0.0019550323486328125
334311,normal,451,0,1782362545.3123531,0.001965761184692383
334312,normal,1621,0,1782362545.3144994,0.0021462440490722656
334313,normal,3463,0,1782362545.3163528,0.0018534660339355469
334314,normal,3170,1,1782362545.3183897,0.0020368099212646484
334315,normal,99,0,1782362545.3205009,0.002111196517944336
334316,normal,1524,0,1782362545.3223515,0.0018506050109863281
334317,normal,296,0,1782362545.324608,0.002256631851196289
334318,normal,1924,0,1782362545.3264477,0.0018396377563476562
334319,normal,3537,0,1782362545.328626,0.002178192138671875
334320,normal,2028,0,1782362545.3303692,0.001743316650390625
334321,normal,2006,0,1782362545.3325975,0.002228260040283203
334322,normal,3174,1,1782362545.3344145,0.0018169879913330078
334323,normal,2532,0,1782362545.3364217,0.0020072460174560547
334324,normal,1337,1,1782362545.3386474,0.002225637435913086
334325,normal,1930,0,1782362545.3404155,0.0017681121826171875
334326,normal,1036,0,1782362545.342419,0.0020034313201904297
334327,normal,1614,0,1782362545.344653,0.0022339820861816406
334328,normal,3429,0,1782362545.3464153,0.00176239013671875
334329,normal,1065,0,1782362545.3484046,0.0019893646240234375
334330,normal,3455,0,1782362545.350381,0.0019762516021728516
334331,normal,2883,0,1782362545.3523908,0.002009868621826172
334332,normal,1654,0,1782362545.3543632,0.0019724369049072266
334333,normal,2661,0,1782362545.3563974,0.0020341873168945312
334334,normal,2594,0,1782362545.3583956,0.0019981861114501953
334335,normal,2723,0,1782362545.3605378,0.002142190933227539
334336,normal,48,0,1782362545.3623703,0.0018324851989746094
334337,normal,137,0,1782362545.3645093,0.0021390914916992188
334338,normal,1535,0,1782362545.3664207,0.0019114017486572266
334339,normal,1339,1,1782362545.3685074,0.002086639404296875
334340,normal,78,0,1782362545.3704002,0.0018928050994873047
334341,normal,3579,0,1782362545.3723617,0.0019614696502685547
334342,normal,788,2,1782362545.3744276,0.002065896987915039
334343,normal,1710,0,1782362545.37637,0.0019423961639404297
334344,normal,3369,1,1782362545.3783627,0.0019927024841308594
334345,normal,555,0,1782362545.3804212,0.0020585060119628906
334346,normal,3187,1,1782362545.382407,0.001985788345336914
334347,normal,1620,0,1782362545.3843622,0.001955270767211914
334348,normal,3227,1,1782362545.3864174,0.0020551681518554688
334349,normal,30,0,1782362545.3883626,0.0019452571868896484
334350,normal,1066,0,1782362545.3903596,0.0019969940185546875
334351,normal,2966,0,1782362545.3923879,0.002028226852416992
334352,normal,363,0,1782362545.394398,0.0020101070404052734
334353,normal,122,0,1782362545.3963616,0.0019636154174804688
334354,normal,2311,0,1782362545.3984144,0.002052783966064453
334355,normal,1700,0,1782362545.4003966,0.0019822120666503906
334356,normal,678,0,1782362545.4023597,0.0019631385803222656
334357,normal,321,0,1782362545.4044242,0.0020644664764404297
334358,normal,991,2,1782362545.4063668,0.0019426345825195312
334359,normal,892,2,1782362545.4083595,0.0019927024841308594
334360,normal,1380,1,1782362545.4104125,0.0020530223846435547
334361,normal,1592,0,1782362545.4123938,0.0019812583923339844
334362,normal,2782,0,1782362545.4143658,0.0019719600677490234
334363,normal,1154,0,1782362545.4163878,0.0020220279693603516
334364,normal,2356,0,1782362545.4183972,0.0020093917846679688
334365,normal,411,0,1782362545.4203606,0.001963376998901367
334366,normal,3339,1,1782362545.422427,0.002066373825073242
334367,normal,3107,1,1782362545.4243953,0.0019683837890625
334368,normal,2862,0,1782362545.426361,0.001965761184692383
334369,normal,2406,0,1782362545.4284244,0.002063274383544922
334370,normal,147,0,1782362545.4304147,0.0019903182983398438
334371,normal,127,0,1782362545.4323642,0.0019495487213134766
334372,normal,2373,0,1782362545.434412,0.0020477771759033203
334373,normal,1179,0,1782362545.4364023,0.0019903182983398438
334374,normal,653,0,1782362545.4383595,0.0019571781158447266
334375,normal,3639,0,1782362545.4403899,0.0020303726196289062
334376,normal,2845,0,1782362545.4423938,0.002003908157348633
334377,normal,3166,1,1782362545.4443667,0.0019729137420654297
334378,normal,1352,1,1782362545.4464107,0.0020439624786376953
334379,normal,2330,0,1782362545.448358,0.0019474029541015625
334380,normal,446,0,1782362545.45036,0.0020020008087158203
334381,normal,831,2,1782362545.4524243,0.002064228057861328
334382,normal,2580,0,1782362545.4544,0.0019757747650146484
334383,normal,592,0,1782362545.456365,0.001965045928955078
334384,normal,148,0,1782362545.4584,0.002034902572631836
334385,normal,863,2,1782362545.4603686,0.0019686222076416016
334386,normal,3549,0,1782362545.4624155,0.002046823501586914
334387,normal,1104,0,1782362545.4644508,0.002035379409790039
334388,normal,529,0,1782362545.466588,0.0021371841430664062
334389,normal,3224,1,1782362545.4684162,0.0018281936645507812
334390,normal,1258,0,1782362545.4705985,0.0021822452545166016
334391,normal,1749,0,1782362545.4724183,0.0018198490142822266
334392,normal,289,0,1782362545.474414,0.0019958019256591797
334393,normal,3337,1,1782362545.4766116,0.0021975040435791016
334394,normal,1618,0,1782362545.4784136,0.0018019676208496094
334395,normal,1982,0,1782362545.4805768,0.0021631717681884766
334396,normal,3341,1,1782362545.4825127,0.0019359588623046875
334397,normal,3014,0,1782362545.4845765,0.002063751220703125
334398,normal,2552,0,1782362545.486413,0.001836538314819336
334399,normal,1302,0,1782362545.488611,0.0021979808807373047
334400,normal,580,0,1782362545.490413,0.0018019676208496094
334401,normal,2919,0,1782362545.4925873,0.00217437744140625
334402,normal,1414,0,1782362545.4944417,0.0018544197082519531
334403,normal,1660,0,1782362545.4965756,0.0021338462829589844
334404,normal,15,0,1782362545.4984124,0.0018367767333984375
334405,normal,1083,0,1782362545.500611,0.0021986961364746094
334406,normal,2278,0,1782362545.5024126,0.0018014907836914062
334407,normal,2779,0,1782362545.5045724,0.0021598339080810547
334408,normal,153,0,1782362545.506588,0.0020155906677246094
334409,normal,228,0,1782362545.5084145,0.0018265247344970703
334410,normal,986,2,1782362545.5105736,0.00215911865234375
334411,normal,3492,0,1782362545.5126004,0.002026796340942383
334412,normal,841,2,1782362545.5144126,0.0018122196197509766
334413,normal,2389,0,1782362545.5165687,0.0021560192108154297
334414,normal,2473,0,1782362545.5186007,0.002032041549682617
334415,normal,29,0,1782362545.5204113,0.0018105506896972656
334416,normal,3273,1,1782362545.5224116,0.0020003318786621094
334417,normal,3397,1,1782362545.5244448,0.002033233642578125
334418,normal,3545,0,1782362545.5263631,0.0019183158874511719
334419,normal,1686,0,1782362545.5283613,0.0019981861114501953
334420,normal,519,0,1782362545.5305243,0.002162933349609375
334421,normal,3683,0,1782362545.5323744,0.001850128173828125
334422,normal,3131,1,1782362545.5343554,0.001981019973754883
334423,normal,3547,0,1782362545.5365155,0.0021600723266601562
334424,normal,3043,0,1782362545.5383599,0.0018444061279296875
334425,normal,1379,1,1782362545.540354,0.0019941329956054688
334426,normal,255,0,1782362545.5424836,0.0021295547485351562
334427,normal,3512,0,1782362545.5443528,0.00186920166015625
334428,normal,1078,0,1782362545.546413,0.0020601749420166016
334429,normal,2894,0,1782362545.5486062,0.0021932125091552734
334430,normal,1590,0,1782362545.5504134,0.0018072128295898438
334431,normal,2399,0,1782362545.5524192,0.0020058155059814453
334432,normal,3409,0,1782362545.5546074,0.0021882057189941406
334433,normal,1060,0,1782362545.5564127,0.0018053054809570312
334434,normal,2931,0,1782362545.558451,0.002038240432739258
334435,normal,1043,0,1782362545.560418,0.0019669532775878906
334436,normal,2040,0,1782362545.5623784,0.0019605159759521484
334437,normal,3332,1,1782362545.564377,0.0019986629486083984
334438,normal,2726,0,1782362545.5664482,0.0020711421966552734
334439,normal,1466,0,1782362545.5683765,0.0019283294677734375
334440,normal,283,0,1782362545.57038,0.0020034313201904297
334441,normal,3123,1,1782362545.5724468,0.0020668506622314453
334442,normal,1079,0,1782362545.5743778,0.0019309520721435547
334443,normal,312,0,1782362545.5763721,0.0019943714141845703
334444,normal,3134,1,1782362545.5784457,0.002073526382446289
334445,normal,97,0,1782362545.5803738,0.001928091049194336
334446,normal,1695,0,1782362545.5823722,0.001998424530029297
334447,normal,2858,0,1782362545.584445,0.0020728111267089844
334448,normal,2252,0,1782362545.5863752,0.00193023681640625
334449,normal,3038,0,1782362545.5883737,0.001998424530029297
334450,normal,728,0,1782362545.5904458,0.0020720958709716797
334451,normal,1196,0,1782362545.59238,0.0019342899322509766
334452,normal,2632,0,1782362545.594376,0.0019960403442382812
334453,normal,2972,0,1782362545.596446,0.0020699501037597656
334454,normal,3658,0,1782362545.5983748,0.0019288063049316406
334455,normal,397,0,1782362545.6003804,0.0020055770874023438
334456,normal,2591,0,1782362545.602445,0.0020644664764404297
334457,normal,1962,0,1782362545.6043742,0.0019292831420898438
334458,normal,2225,0,1782362545.6063762,0.0020020008087158203
334459,normal,1150,0,1782362545.6084468,0.0020706653594970703
334460,normal,1168,0,1782362545.6103792,0.001932382583618164
334461,normal,3154,1,1782362545.6123753,0.0019960403442382812
334462,normal,367,0,1782362545.6144497,0.0020744800567626953
334463,normal,3475,0,1782362545.6163735,0.0019237995147705078
334464,normal,960,2,1782362545.618374,0.002000570297241211
334465,normal,1327,1,1782362545.6204453,0.0020711421966552734
334466,normal,515,0,1782362545.6223736,0.0019283294677734375
334467,normal,1821,0,1782362545.6243734,0.0019998550415039062
334468,normal,3058,1,1782362545.6264455,0.0020720958709716797
334469,normal,3531,0,1782362545.6283743,0.0019288063049316406
334470,normal,1247,0,1782362545.6303744,0.002000093460083008
334471,normal,542,0,1782362545.632444,0.0020694732666015625
334472,normal,941,2,1782362545.6343737,0.0019297599792480469
334473,normal,948,2,1782362545.6363738,0.002000093460083008
334474,normal,1904,0,1782362545.6384463,0.002072572708129883
334475,normal,1192,0,1782362545.640373,0.0019266605377197266
334476,normal,1529,0,1782362545.6423748,0.0020017623901367188
334477,normal,1569,0,1782362545.6444454,0.0020706653594970703
334478,normal,761,0,1782362545.6463728,0.0019273757934570312
334479,normal,1944,0,1782362545.6483831,0.002010345458984375
334480,normal,1055,0,1782362545.6504474,0.002064228057861328
334481,normal,162,0,1782362545.652384,0.0019366741180419922
334482,normal,3269,1,1782362545.6543732,0.001989126205444336
334483,normal,648,0,1782362545.6564415,0.0020682811737060547
334484,normal,2382,0,1782362545.6583743,0.0019328594207763672
334485,normal,3612,0,1782362545.6603725,0.0019981861114501953
334486,normal,200,0,1782362545.6624444,0.002071857452392578
334487,normal,2615,0,1782362545.6643906,0.0019462108612060547
334488,normal,2843,0,1782362545.6663735,0.0019829273223876953
334489,normal,2344,0,1782362545.668443,0.0020694732666015625
334490,normal,431,0,1782362545.6703765,0.0019335746765136719
334491,normal,3634,0,1782362545.6723902,0.002013683319091797
334492,normal,374,0,1782362545.6744492,0.0020589828491210938
334493,normal,1273,0,1782362545.6763759,0.0019266605377197266
334494,normal,1642,0,1782362545.6783736,0.001997709274291992
334495,normal,24,0,1782362545.6804457,0.0020720958709716797
334496,normal,1188,0,1782362545.6823745,0.0019288063049316406
334497,normal,2670,0,1782362545.684376,0.002001523971557617
334498,normal,3049,1,1782362545.6864433,0.0020673274993896484
334499,normal,1214,0,1782362545.6883862,0.0019428730010986328
334500,normal,3008,0,1782362545.6903741,0.001987934112548828
334501,normal,1707,0,1782362545.6924407,0.0020666122436523438
334502,normal,517,0,1782362545.694378,0.0019371509552001953
334503,normal,1956,0,1782362545.6963744,0.0019965171813964844
334504,normal,224,0,1782362545.6984446,0.002070188522338867
334505,normal,2163,0,1782362545.7003741,0.0019295215606689453
334506,normal,1705,0,1782362545.7023752,0.002001047134399414
334507,normal,1638,0,1782362545.704444,0.002068758010864258
334508,normal,1029,2,1782362545.706373,0.0019290447235107422
334509,normal,1501,0,1782362545.708375,0.0020020008087158203
334510,normal,3377,1,1782362545.710446,0.002070903778076172
334511,normal,3441,0,1782362545.7123737,0.0019278526306152344
334512,normal,2498,0,1782362545.7143743,0.002000570297241211
334513,normal,180,0,1782362545.716447,0.0020728111267089844
334514,normal,713,0,1782362545.718377,0.0019299983978271484
334515,normal,3498,0,1782362545.7203817,0.0020046234130859375
334516,normal,1182,0,1782362545.7224474,0.0020656585693359375
334517,normal,3395,1,1782362545.7243776,0.00193023681640625
334518,normal,1325,1,1782362545.7263834,0.0020058155059814453
334519,normal,2384,0,1782362545.728448,0.0020644664764404297
334520,normal,1526,0,1782362545.7303743,0.001926422119140625
334521,normal,951,2,1782362545.7323754,0.002001047134399414
334522,normal,18,0,1782362545.7344494,0.002074003219604492
334523,normal,1323,1,1782362545.736375,0.0019257068634033203
334524,normal,825,2,1782362545.738373,0.0019979476928710938
334525,normal,1763,0,1782362545.7404456,0.002072572708129883
334526,normal,1547,0,1782362545.7423754,0.0019297599792480469
334527,normal,2270,0,1782362545.7443736,0.0019981861114501953
334528,normal,2857,0,1782362545.7464445,0.002070903778076172
334529,normal,2853,0,1782362545.7483737,0.0019292831420898438
334530,normal,3603,0,1782362545.7503731,0.001999378204345703
334531,normal,3069,1,1782362545.7524467,0.002073526382446289
334532,normal,1360,1,1782362545.7543738,0.0019271373748779297
334533,normal,3410,0,1782362545.7563794,0.0020055770874023438
334534,normal,1772,0,1782362545.758479,0.002099752426147461
334535,normal,2016,0,1782362545.7603745,0.0018954277038574219
334536,normal,455,0,1782362545.7623718,0.001997232437133789
334537,normal,2096,0,1782362545.7644668,0.0020949840545654297
334538,normal,3601,0,1782362545.766387,0.0019202232360839844
334539,normal,1389,0,1782362545.7683752,0.0019881725311279297
334540,normal,2584,0,1782362545.7704418,0.0020666122436523438
334541,normal,1151,0,1782362545.7723732,0.0019314289093017578
334542,normal,1888,0,1782362545.7743716,0.001998424530029297
334543,normal,1155,0,1782362545.776441,0.0020694732666015625
334544,normal,1068,0,1782362545.7783735,0.001932382583618164
334545,normal,352,0,1782362545.7803726,0.0019991397857666016
334546,normal,1033,0,1782362545.782413,0.002040386199951172
334547,normal,1057,0,1782362545.784373,0.0019600391387939453
334548,normal,818,2,1782362545.78641,0.00203704833984375
334549,normal,1099,0,1782362545.78844,0.002029895782470703
334550,normal,3075,1,1782362545.7903502,0.0019102096557617188
334551,normal,606,0,1782362545.7923722,0.0020220279693603516
334552,normal,3143,1,1782362545.7944086,0.0020363330841064453
334553,normal,3091,1,1782362545.796373,0.0019643306732177734
334554,normal,2095,0,1782362545.798372,0.0019991397857666016
334555,normal,3298,1,1782362545.8004396,0.00206756591796875
334556,normal,2214,0,1782362545.8023474,0.0019078254699707031
334557,normal,1250,0,1782362545.8043785,0.002031087875366211
334558,normal,3427,0,1782362545.806405,0.0020265579223632812
334559,normal,3261,1,1782362545.8083723,0.001967191696166992
334560,normal,3253,1,1782362545.8104098,0.002037525177001953
334561,normal,2081,0,1782362545.8124409,0.002031087875366211
334562,normal,902,2,1782362545.8143742,0.0019333362579345703
334563,normal,316,0,1782362545.8163724,0.0019981861114501953
334564,normal,2290,0,1782362545.818409,0.002036571502685547
334565,normal,1342,1,1782362545.8203726,0.0019636154174804688
334566,normal,1107,0,1782362545.8223724,0.0019998550415039062
334567,normal,2427,0,1782362545.8244388,0.002066373825073242
334568,normal,1549,0,1782362545.8263729,0.001934051513671875
334569,normal,3652,0,1782362545.8283992,0.0020263195037841797
334570,normal,3313,1,1782362545.830408,0.0020089149475097656
334571,normal,1788,0,1782362545.832373,0.0019648075103759766
334572,normal,226,0,1782362545.8343718,0.0019989013671875
334573,normal,2769,0,1782362545.83644,0.0020682811737060547
334574,normal,2082,0,1782362545.8383503,0.0019102096557617188
334575,normal,1987,0,1782362545.8403714,0.0020210742950439453
334576,normal,1218,0,1782362545.842405,0.002033710479736328
334577,normal,3598,0,1782362545.8443804,0.0019752979278564453
334578,normal,3354,1,1782362545.8463712,0.001990795135498047
334579,normal,2287,0,1782362545.848451,0.0020797252655029297
334580,normal,1894,0,1782362545.850354,0.0019030570983886719
334581,normal,3159,1,1782362545.8523717,0.0020177364349365234
334582,normal,2758,0,1782362545.8544505,0.0020787715911865234
334583,normal,2737,0,1782362545.8563542,0.0019037723541259766
334584,normal,1672,0,1782362545.8583715,0.0020172595977783203
334585,normal,810,2,1782362545.8604417,0.002070188522338867
334586,normal,306,0,1782362545.8623757,0.001934051513671875
334587,normal,2956,0,1782362545.8643706,0.0019948482513427734
334588,normal,512,0,1782362545.8664775,0.002106904983520508
334589,normal,510,0,1782362545.8683505,0.001873016357421875
334590,normal,2468,0,1782362545.8703816,0.002031087875366211
334591,normal,538,0,1782362545.872409,0.0020275115966796875
334592,normal,98,0,1782362545.8743484,0.0019392967224121094
334593,normal,3130,1,1782362545.8764038,0.0020554065704345703
334594,normal,526,0,1782362545.8785183,0.002114534378051758
334595,normal,3116,1,1782362545.8803728,0.0018544197082519531
334596,normal,3494,0,1782362545.8823757,0.0020029544830322266
334597,normal,2660,0,1782362545.884407,0.0020313262939453125
334598,normal,91,0,1782362545.8863478,0.0019407272338867188
334599,normal,746,0,1782362545.8883717,0.002023935317993164
334600,normal,2069,0,1782362545.8904047,0.0020329952239990234
334601,normal,1279,0,1782362545.8923476,0.0019428730010986328
334602,normal,2943,0,1782362545.894372,0.002024412155151367
334603,normal,399,0,1782362545.8964403,0.0020682811737060547
334604,normal,803,2,1782362545.8983722,0.001931905746459961
334605,normal,3681,0,1782362545.9004056,0.0020334720611572266
334606,normal,744,0,1782362545.902406,0.0020003318786621094
334607,normal,2778,0,1782362545.9043458,0.0019397735595703125
334608,normal,3083,1,1782362545.9063745,0.0020287036895751953
334609,normal,2870,0,1782362545.9083886,0.00201416015625
334610,normal,1503,0,1782362545.910382,0.001993417739868164
334611,normal,265,0,1782362545.912382,0.0019998550415039062
334612,normal,1345,1,1782362545.9144394,0.0020575523376464844
334613,normal,2934,0,1782362545.9163797,0.0019402503967285156
334614,normal,285,0,1782362545.9183788,0.0019991397857666016
334615,normal,1778,0,1782362545.9203796,0.0020008087158203125
334616,normal,1932,0,1782362545.92239,0.002010345458984375
334617,normal,378,0,1782362545.9243796,0.001989603042602539
334618,normal,2328,0,1782362545.926441,0.0020613670349121094
334619,normal,260,0,1782362545.928395,0.0019540786743164062
334620,normal,3426,0,1782362545.9303997,0.0020046234130859375
334621,normal,3027,0,1782362545.9324021,0.0020024776458740234
334622,normal,3350,1,1782362545.9343827,0.0019805431365966797
334623,normal,1206,0,1782362545.9363825,0.0019998550415039062
334624,normal,1878,0,1782362545.9384384,0.0020558834075927734
334625,normal,2794,0,1782362545.9403794,0.0019409656524658203
334626,normal,3504,0,1782362545.9423788,0.001999378204345703
334627,normal,2786,0,1782362545.9443855,0.0020067691802978516
334628,normal,1508,0,1782362545.9463816,0.0019960403442382812
334629,normal,1929,0,1782362545.9483802,0.0019986629486083984
334630,normal,3141,1,1782362545.9503908,0.0020105838775634766
334631,normal,209,0,1782362545.9523816,0.001990795135498047
334632,normal,532,0,1782362545.9543812,0.0019996166229248047
334633,normal,1587,0,1782362545.9563823,0.002001047134399414
334634,normal,2725,0,1782362545.9583824,0.002000093460083008
334635,normal,3151,1,1782362545.9603882,0.0020058155059814453
334636,normal,2698,0,1782362545.962384,0.0019958019256591797
334637,normal,3254,1,1782362545.9643822,0.0019981861114501953
334638,normal,1177,0,1782362545.9664133,0.002031087875366211
334639,normal,1978,0,1782362545.9684534,0.0020401477813720703
334640,normal,2784,0,1782362545.970392,0.0019385814666748047
334641,normal,8,0,1782362545.9723806,0.001988649368286133
334642,normal,2320,0,1782362545.974381,0.0020003318786621094
334643,normal,1290,0,1782362545.976396,0.0020151138305664062
334644,normal,811,2,1782362545.9783819,0.001985788345336914
334645,normal,1034,0,1782362545.980379,0.001997232437133789
334646,normal,1650,0,1782362545.982385,0.0020058155059814453
334647,normal,1268,0,1782362545.9843805,0.001995563507080078
334648,normal,2450,0,1782362545.986439,0.0020585060119628906
334649,normal,1625,0,1782362545.9883795,0.0019404888153076172
334650,normal,1098,0,1782362545.9903812,0.0020017623901367188
334651,normal,3272,1,1782362545.9923801,0.0019989013671875
334652,normal,2371,0,1782362545.9943793,0.0019991397857666016
334653,normal,2007,0,1782362545.9963799,0.002000570297241211
334654,normal,358,0,1782362545.9984403,0.002060413360595703
334655,normal,953,2,1782362546.0004065,0.001966238021850586
334656,normal,469,0,1782362546.002382,0.001975536346435547
334657,normal,753,0,1782362546.004379,0.0019969940185546875
334658,normal,3046,1,1782362546.0063782,0.0019991397857666016
334659,normal,2218,0,1782362546.0083845,0.0020062923431396484
334660,normal,1144,0,1782362546.0105083,0.0021238327026367188
334661,normal,1879,0,1782362546.012431,0.001922607421875
334662,normal,1687,0,1782362546.0145757,0.0021448135375976562
334663,normal,2946,0,1782362546.0165281,0.0019524097442626953
334664,normal,2187,0,1782362546.018439,0.0019109249114990234
334665,normal,2011,0,1782362546.0205798,0.0021407604217529297
334666,normal,69,0,1782362546.022533,0.001953125
334667,normal,3283,1,1782362546.0244074,0.0018744468688964844
334668,normal,3258,1,1782362546.0265307,0.0021233558654785156
334669,normal,3177,1,1782362546.0285366,0.0020058155059814453
334670,normal,1692,0,1782362546.0304399,0.0019032955169677734
334671,normal,565,0,1782362546.032529,0.002089262008666992
334672,normal,2978,0,1782362546.0345457,0.0020165443420410156
334673,normal,1121,0,1782362546.0364397,0.0018939971923828125
334674,normal,795,2,1782362546.0385442,0.002104520797729492
334675,normal,3488,0,1782362546.0405273,0.001983165740966797
334676,normal,2975,0,1782362546.0424418,0.0019145011901855469
334677,normal,1294,0,1782362546.044535,0.002093076705932617
334678,normal,2166,0,1782362546.0465543,0.0020194053649902344
334679,normal,2692,0,1782362546.048441,0.001886606216430664
334680,normal,2000,0,1782362546.0505378,0.002096891403198242
334681,normal,2927,0,1782362546.0525384,0.002000570297241211
334682,normal,2347,0,1782362546.0544407,0.0019023418426513672
334683,normal,3188,1,1782362546.056538,0.0020973682403564453
334684,normal,2583,0,1782362546.0585475,0.0020093917846679688
334685,normal,553,0,1782362546.0604396,0.00189208984375
334686,normal,2659,0,1782362546.0625432,0.002103567123413086
334687,normal,2077,0,1782362546.0645623,0.002019166946411133
334688,normal,737,0,1782362546.0664074,0.0018451213836669922
334689,normal,2101,0,1782362546.0685492,0.002141714096069336
334690,normal,1249,0,1782362546.070539,0.0019898414611816406
334691,normal,146,0,1782362546.0724046,0.0018656253814697266
334692,normal,2868,0,1782362546.0745444,0.0021398067474365234
334693,normal,2690,0,1782362546.0765302,0.001985788345336914
334694,normal,1927,0,1782362546.078411,0.0018808841705322266
334695,normal,1783,0,1782362546.0805495,0.002138376235961914
334696,normal,2116,0,1782362546.0825334,0.0019838809967041016
334697,normal,1859,0,1782362546.0844393,0.0019059181213378906
334698,normal,1285,0,1782362546.0865517,0.0021123886108398438
334699,normal,663,0,1782362546.088536,0.0019843578338623047
334700,normal,1746,0,1782362546.090446,0.0019099712371826172
334701,normal,3361,1,1782362546.0925512,0.002105236053466797
334702,normal,1741,0,1782362546.09453,0.0019788742065429688
334703,normal,3430,0,1782362546.0964382,0.0019080638885498047
334704,normal,2490,0,1782362546.0985548,0.002116680145263672
334705,normal,757,0,1782362546.1005356,0.0019807815551757812
334706,normal,1540,0,1782362546.1024458,0.0019102096557617188
334707,normal,1571,0,1782362546.104556,0.0021102428436279297
334708,normal,466,0,1782362546.106525,0.001968860626220703
334709,normal,2484,0,1782362546.1084468,0.0019218921661376953
334710,normal,2510,0,1782362546.110577,0.002130270004272461
334711,normal,601,0,1782362546.1125736,0.0019965171813964844
334712,normal,3161,1,1782362546.1144426,0.0018689632415771484
334713,normal,3447,0,1782362546.1165745,0.002131938934326172
334714,normal,1274,0,1782362546.1185348,0.001960277557373047
334715,normal,409,0,1782362546.1204422,0.0019073486328125
334716,normal,418,0,1782362546.1225684,0.0021262168884277344
334717,normal,3356,1,1782362546.1245234,0.0019550323486328125
334718,normal,1213,0,1782362546.1264393,0.0019159317016601562
334719,normal,2352,0,1782362546.1285775,0.0021381378173828125
334720,normal,2586,0,1782362546.1305144,0.0019369125366210938
334721,normal,3256,1,1782362546.1324332,0.001918792724609375
334722,normal,2950,0,1782362546.1345253,0.002092123031616211
334723,normal,2306,0,1782362546.1364882,0.001962900161743164
334724,normal,541,0,1782362546.1384275,0.0019392967224121094
334725,normal,1355,1,1782362546.1405368,0.0021092891693115234
334726,normal,136,0,1782362546.1424851,0.0019483566284179688
334727,normal,1810,0,1782362546.144494,0.0020089149475097656
334728,normal,326,0,1782362546.1465569,0.0020627975463867188
334729,normal,1016,2,1782362546.1485994,0.002042531967163086
334730,normal,2126,0,1782362546.1506176,0.0020182132720947266
334731,normal,1003,2,1782362546.1526337,0.0020160675048828125
334732,normal,1456,0,1782362546.1545913,0.0019576549530029297
334733,normal,520,0,1782362546.1566358,0.0020444393157958984
334734,normal,1764,0,1782362546.158628,0.0019922256469726562
334735,normal,2981,0,1782362546.1604636,0.0018355846405029297
334736,normal,258,0,1782362546.1624148,0.0019512176513671875
334737,normal,1998,0,1782362546.164378,0.0019631385803222656
334738,normal,2609,0,1782362546.1664488,0.002070903778076172
334739,normal,787,2,1782362546.1683757,0.0019268989562988281
334740,normal,2359,0,1782362546.1703765,0.0020008087158203125
334741,normal,980,2,1782362546.1724465,0.0020699501037597656
334742,normal,599,0,1782362546.1743746,0.001928091049194336
334743,normal,371,0,1782362546.1763747,0.002000093460083008
334744,normal,784,2,1782362546.1784494,0.002074718475341797
334745,normal,2251,0,1782362546.1803732,0.0019237995147705078
334746,normal,1756,0,1782362546.1823742,0.002001047134399414
334747,normal,2571,0,1782362546.184445,0.0020706653594970703
334748,normal,335,0,1782362546.1863732,0.0019283294677734375
334749,normal,324,0,1782362546.188375,0.0020017623901367188
334750,normal,3047,1,1782362546.1904473,0.0020723342895507812
334751,normal,1759,0,1782362546.1923752,0.0019278526306152344
334752,normal,1968,0,1782362546.1943822,0.002007007598876953
334753,normal,104,0,1782362546.196446,0.002063751220703125
334754,normal,1309,0,1782362546.1983736,0.0019276142120361328
334755,normal,81,0,1782362546.2003756,0.0020020008087158203
334756,normal,233,0,1782362546.2024488,0.0020732879638671875
334757,normal,2229,0,1782362546.2043743,0.0019254684448242188
334758,normal,1923,0,1782362546.2063744,0.002000093460083008
334759,normal,2648,0,1782362546.208449,0.0020744800567626953
334760,normal,1361,1,1782362546.2103744,0.0019254684448242188
334761,normal,2980,0,1782362546.212377,0.002002716064453125
334762,normal,235,0,1782362546.214452,0.0020749568939208984
334763,normal,1575,0,1782362546.2163732,0.0019211769104003906
334764,normal,1847,0,1782362546.2183747,0.002001523971557617
334765,normal,66,0,1782362546.2204497,0.0020749568939208984
334766,normal,3382,1,1782362546.2223742,0.0019245147705078125
334767,normal,436,0,1782362546.224376,0.0020017623901367188
334768,normal,3507,0,1782362546.2264504,0.0020744800567626953
334769,normal,329,0,1782362546.2283738,0.0019233226776123047
334770,normal,1461,0,1782362546.2303796,0.0020058155059814453
334771,normal,3416,0,1782362546.2324493,0.002069711685180664
334772,normal,3472,0,1782362546.2343793,0.0019299983978271484
334773,normal,2049,0,1782362546.2363808,0.002001523971557617
334774,normal,537,0,1782362546.2384512,0.0020704269409179688
334775,normal,3286,1,1782362546.2403722,0.001920938491821289
334776,normal,2502,0,1782362546.2423735,0.0020012855529785156
334777,normal,1269,0,1782362546.244446,0.002072572708129883
334778,normal,375,0,1782362546.246374,0.0019278526306152344
334779,normal,39,0,1782362546.2483747,0.0020008087158203125
334780,normal,1670,0,1782362546.2504494,0.002074718475341797
334781,normal,2432,0,1782362546.252373,0.0019235610961914062
334782,normal,3479,0,1782362546.2543712,0.0019981861114501953
334783,normal,2764,0,1782362546.2564473,0.0020761489868164062
334784,normal,1476,0,1782362546.2583778,0.0019304752349853516
334785,normal,3396,1,1782362546.260376,0.0019981861114501953
334786,normal,184,0,1782362546.2624474,0.002071380615234375
334787,normal,423,0,1782362546.2643745,0.0019271373748779297
334788,normal,3263,1,1782362546.2663755,0.002001047134399414
334789,normal,3439,0,1782362546.2684436,0.002068042755126953
334790,normal,3312,1,1782362546.2703733,0.0019297599792480469
334791,normal,2909,0,1782362546.2723792,0.0020058155059814453
334792,normal,1958,0,1782362546.2744546,0.0020754337310791016
334793,normal,1404,0,1782362546.2763743,0.0019197463989257812
334794,normal,3103,1,1782362546.278384,0.0020096302032470703
334795,normal,2381,0,1782362546.2804503,0.002066373825073242
334796,normal,2876,0,1782362546.282375,0.001924753189086914
334797,normal,1545,0,1782362546.284373,0.0019979476928710938
334798,normal,2508,0,1782362546.2864485,0.0020754337310791016
334799,normal,1341,1,1782362546.2883732,0.001924753189086914
334800,normal,2476,0,1782362546.2903748,0.002001523971557617
334801,normal,709,0,1782362546.2924511,0.002076387405395508
334802,normal,3171,1,1782362546.2943776,0.001926422119140625
334803,normal,379,0,1782362546.296373,0.0019953250885009766
334804,normal,1955,0,1782362546.2984514,0.002078533172607422
334805,normal,3474,0,1782362546.3003757,0.001924276351928711
334806,normal,3101,1,1782362546.3023763,0.002000570297241211
334807,normal,630,0,1782362546.3044477,0.002071380615234375
334808,normal,698,0,1782362546.3063738,0.0019261837005615234
334809,normal,2391,0,1782362546.308373,0.0019991397857666016
334810,normal,1645,0,1782362546.3104513,0.0020782947540283203
334811,normal,911,2,1782362546.312381,0.0019297599792480469
334812,normal,1665,0,1782362546.3143756,0.001994609832763672
334813,normal,3563,0,1782362546.3164499,0.0020742416381835938
334814,normal,607,0,1782362546.3183749,0.0019249916076660156
334815,normal,1870,0,1782362546.3203735,0.0019986629486083984
334816,normal,843,2,1782362546.3224518,0.0020782947540283203
334817,normal,1831,0,1782362546.3243756,0.0019237995147705078
334818,normal,3087,1,1782362546.326375,0.001999378204345703
334819,normal,2775,0,1782362546.32845,0.0020749568939208984
334820,normal,1103,0,1782362546.3303742,0.001924276351928711
334821,normal,1209,0,1782362546.3323731,0.0019989013671875
334822,normal,1528,0,1782362546.3344505,0.002077341079711914
334823,normal,998,2,1782362546.3363733,0.0019228458404541016
334824,normal,858,2,1782362546.338375,0.0020017623901367188
334825,normal,588,0,1782362546.3404481,0.002073049545288086
334826,normal,4,0,1782362546.342377,0.0019288063049316406
334827,normal,819,2,1782362546.344373,0.0019960403442382812
334828,normal,2108,0,1782362546.3464534,0.0020804405212402344
334829,normal,1367,1,1782362546.3483799,0.001926422119140625
334830,normal,59,0,1782362546.3504145,0.0020346641540527344
334831,normal,3100,1,1782362546.352444,0.0020294189453125
334832,normal,2156,0,1782362546.3543606,0.001916646957397461
334833,normal,3682,0,1782362546.3564086,0.002048015594482422
334834,normal,1159,0,1782362546.3585393,0.002130746841430664
334835,normal,780,2,1782362546.3603754,0.0018360614776611328
334836,normal,660,0,1782362546.3623857,0.002010345458984375
334837,normal,3052,1,1782362546.364392,0.0020062923431396484
334838,normal,3543,0,1782362546.3663812,0.001989126205444336
334839,normal,2556,0,1782362546.3683808,0.0019996166229248047
334840,normal,2272,0,1782362546.3704858,0.0021049976348876953
334841,normal,2835,0,1782362546.3723874,0.0019016265869140625
334842,normal,157,0,1782362546.374381,0.0019936561584472656
334843,normal,2585,0,1782362546.376436,0.002054929733276367
334844,normal,765,0,1782362546.3783813,0.0019452571868896484
334845,normal,3376,1,1782362546.380379,0.001997709274291992
334846,normal,1771,0,1782362546.3823872,0.002008199691772461
334847,normal,702,0,1782362546.3843796,0.001992464065551758
334848,normal,1225,0,1782362546.3863788,0.0019991397857666016
334849,normal,3605,0,1782362546.3883834,0.0020046234130859375
334850,normal,1224,0,1782362546.3903847,0.0020012855529785156
334851,normal,190,0,1782362546.39238,0.0019953250885009766
334852,normal,2047,0,1782362546.3944547,0.002074718475341797
334853,normal,354,0,1782362546.3963783,0.0019235610961914062
334854,normal,3235,1,1782362546.3983781,0.0019998550415039062
334855,normal,55,0,1782362546.4003813,0.002003192901611328
334856,normal,2230,0,1782362546.4023807,0.001999378204345703
334857,normal,295,0,1782362546.404378,0.001997232437133789
334858,normal,1842,0,1782362546.406386,0.0020079612731933594
334859,normal,513,0,1782362546.408379,0.0019931793212890625
334860,normal,636,0,1782362546.4103951,0.0020160675048828125
334861,normal,3431,0,1782362546.4123821,0.001986980438232422
334862,normal,710,0,1782362546.4143798,0.001997709274291992
334863,normal,3709,0,1782362546.416379,0.0019991397857666016
334864,normal,2436,0,1782362546.4184537,0.002074718475341797
334865,normal,2191,0,1782362546.42038,0.001926422119140625
334866,normal,2458,0,1782362546.4223976,0.002017498016357422
334867,normal,657,0,1782362546.4244487,0.002051115036010742
334868,normal,896,2,1782362546.4263809,0.0019321441650390625
334869,normal,558,0,1782362546.4283843,0.0020034313201904297
334870,normal,1062,0,1782362546.4303832,0.0019989013671875
334871,normal,3457,0,1782362546.4323816,0.001998424530029297
334872,normal,1762,0,1782362546.434391,0.0020093917846679688
334873,normal,568,0,1782362546.4363823,0.00199127197265625
334874,normal,65,0,1782362546.4383824,0.002000093460083008
334875,normal,922,2,1782362546.4404845,0.0021021366119384766
334876,normal,1485,0,1782362546.4423826,0.001898050308227539
334877,normal,2099,0,1782362546.4443805,0.0019979476928710938
334878,normal,3366,1,1782362546.4463792,0.0019986629486083984
334879,normal,1807,0,1782362546.4483826,0.0020034313201904297
334880,normal,3226,1,1782362546.4503808,0.0019981861114501953
334881,normal,1051,0,1782362546.452383,0.002002239227294922
334882,normal,3630,0,1782362546.4543862,0.002003192901611328
334883,normal,3433,0,1782362546.4563787,0.001992464065551758
334884,normal,566,0,1782362546.458382,0.002003192901611328
334885,normal,1277,0,1782362546.4604201,0.002038240432739258
334886,normal,620,0,1782362546.4623864,0.001966238021850586
334887,normal,2076,0,1782362546.4643776,0.00199127197265625
334888,normal,67,0,1782362546.4663827,0.0020051002502441406
334889,normal,1477,0,1782362546.4683883,0.0020055770874023438
334890,normal,1732,0,1782362546.4703813,0.001992940902709961
334891,normal,2712,0,1782362546.4723828,0.002001523971557617
334892,normal,943,2,1782362546.474379,0.001996278762817383
334893,normal,444,0,1782362546.4763784,0.001999378204345703
334894,normal,2790,0,1782362546.4783864,0.0020079612731933594
334895,normal,3054,1,1782362546.480378,0.0019915103912353516
334896,normal,1438,0,1782362546.482379,0.002001047134399414
334897,normal,2425,0,1782362546.484382,0.0020029544830322266
334898,normal,3490,0,1782362546.4863846,0.002002716064453125
334899,normal,1254,0,1782362546.4883792,0.001994609832763672
334900,normal,1568,0,1782362546.490439,0.0020596981048583984
334901,normal,1430,0,1782362546.4923847,0.0019457340240478516
334902,normal,1064,0,1782362546.49438,0.0019953250885009766
334903,normal,3656,0,1782362546.496382,0.0020020008087158203
334904,normal,1953,0,1782362546.4984515,0.0020694732666015625
334905,normal,893,2,1782362546.5003793,0.0019278526306152344
334906,normal,2600,0,1782362546.5023854,0.002006053924560547
334907,normal,53,0,1782362546.50438,0.001994609832763672
334908,normal,1570,0,1782362546.506392,0.002012014389038086
334909,normal,3448,0,1782362546.5084505,0.0020585060119628906
334910,normal,3476,0,1782362546.5103827,0.0019321441650390625
334911,normal,2545,0,1782362546.5123794,0.001996755599975586
334912,normal,3217,1,1782362546.514464,0.002084493637084961
334913,normal,2447,0,1782362546.5163777,0.0019137859344482422
334914,normal,1096,0,1782362546.5183828,0.0020051002502441406
334915,normal,2527,0,1782362546.5204828,0.0020999908447265625
334916,normal,3583,0,1782362546.5223796,0.0018968582153320312
334917,normal,3590,0,1782362546.524374,0.0019943714141845703
334918,normal,688,0,1782362546.5264812,0.0021071434020996094
334919,normal,80,0,1782362546.528374,0.0018928050994873047
334920,normal,3311,1,1782362546.530374,0.002000093460083008
334921,normal,3314,1,1782362546.5324576,0.0020835399627685547
334922,normal,1559,0,1782362546.534376,0.0019183158874511719
334923,normal,755,0,1782362546.5363746,0.0019986629486083984
334924,normal,1326,1,1782362546.5384474,0.0020728111267089844
334925,normal,2245,0,1782362546.5403757,0.0019283294677734375
334926,normal,9,0,1782362546.5423725,0.001996755599975586
334927,normal,2071,0,1782362546.5444474,0.0020749568939208984
334928,normal,1219,0,1782362546.5463815,0.001934051513671875
334929,normal,828,2,1782362546.5483744,0.001992940902709961
334930,normal,2501,0,1782362546.5504482,0.0020737648010253906
334931,normal,3321,1,1782362546.552379,0.0019307136535644531
334932,normal,1120,0,1782362546.5543733,0.0019943714141845703
334933,normal,2061,0,1782362546.5564501,0.002076864242553711
334934,normal,1716,0,1782362546.5583751,0.0019249916076660156
334935,normal,1165,0,1782362546.5603745,0.001999378204345703
334936,normal,2036,0,1782362546.562444,0.0020694732666015625
334937,normal,1938,0,1782362546.5643742,0.00193023681640625
334938,normal,952,2,1782362546.5663767,0.0020024776458740234
334939,normal,3360,1,1782362546.568447,0.0020704269409179688
334940,normal,645,0,1782362546.5703745,0.0019273757934570312
334941,normal,314,0,1782362546.5723746,0.002000093460083008
334942,normal,114,0,1782362546.5744503,0.002075672149658203
334943,normal,848,2,1782362546.5763733,0.0019230842590332031
334944,normal,1843,0,1782362546.5783768,0.0020034313201904297
334945,normal,3074,1,1782362546.5804496,0.0020728111267089844
334946,normal,3158,1,1782362546.5823731,0.0019235610961914062
334947,normal,2774,0,1782362546.5843835,0.002010345458984375
334948,normal,2001,0,1782362546.5864496,0.0020661354064941406
334949,normal,416,0,1782362546.588373,0.0019233226776123047
334950,normal,814,2,1782362546.590375,0.0020020008087158203
334951,normal,328,0,1782362546.5924487,0.0020737648010253906
334952,normal,3526,0,1782362546.5943754,0.0019266605377197266
334953,normal,1928,0,1782362546.5963714,0.0019960403442382812
334954,normal,2160,0,1782362546.598453,0.002081632614135742
334955,normal,3680,0,1782362546.600375,0.0019218921661376953
334956,normal,1578,0,1782362546.602373,0.0019979476928710938
334957,normal,3651,0,1782362546.6044471,0.0020742416381835938
334958,normal,3271,1,1782362546.606375,0.0019278526306152344
334959,normal,501,0,1782362546.608376,0.002001047134399414
334960,normal,3099,1,1782362546.6104488,0.0020728111267089844
334961,normal,3452,0,1782362546.6123827,0.0019338130950927734
334962,normal,3445,0,1782362546.6143734,0.001990795135498047
334963,normal,3089,1,1782362546.6164477,0.0020742416381835938
334964,normal,2655,0,1782362546.6183763,0.001928567886352539
334965,normal,556,0,1782362546.62038,0.0020036697387695312
334966,normal,2631,0,1782362546.6224496,0.002069711685180664
334967,normal,2492,0,1782362546.6244466,0.0019969940185546875
334968,normal,1012,2,1782362546.6263804,0.0019338130950927734
334969,normal,1088,0,1782362546.6284487,0.0020682811737060547
334970,normal,1992,0,1782362546.6303759,0.0019271373748779297
334971,normal,68,0,1782362546.632374,0.0019981861114501953
334972,normal,3010,0,1782362546.634446,0.002071857452392578
334973,normal,1657,0,1782362546.636373,0.0019271373748779297
334974,normal,950,2,1782362546.6383724,0.001999378204345703
334975,normal,1208,0,1782362546.6404479,0.0020754337310791016
334976,normal,117,0,1782362546.6423736,0.0019257068634033203
334977,normal,3113,1,1782362546.6443737,0.002000093460083008
334978,normal,674,0,1782362546.646451,0.002077341079711914
334979,normal,1863,0,1782362546.6483746,0.0019235610961914062
334980,normal,1893,0,1782362546.650376,0.002001523971557617
334981,normal,3122,1,1782362546.6524746,0.002098560333251953
334982,normal,623,0,1782362546.6543555,0.0018808841705322266
334983,normal,1711,0,1782362546.6564078,0.00205230712890625
334984,normal,1425,0,1782362546.658407,0.0019991397857666016
334985,normal,1718,0,1782362546.6603458,0.0019388198852539062
334986,normal,525,0,1782362546.6625438,0.0021979808807373047
334987,normal,3147,1,1782362546.6645222,0.0019783973693847656
334988,normal,1737,0,1782362546.666405,0.001882791519165039
334989,normal,976,2,1782362546.6687706,0.002365589141845703
334990,normal,1453,0,1782362546.6706343,0.001863718032836914
334991,normal,2205,0,1782362546.673164,0.002529621124267578
334992,normal,1676,0,1782362546.6743362,0.0011723041534423828
334993,normal,2223,0,1782362546.6763902,0.002053976058959961
334994,normal,1014,2,1782362546.678404,0.0020139217376708984
334995,normal,2337,0,1782362546.6803474,0.001943349838256836
334996,normal,26,0,1782362546.6824045,0.0020570755004882812
334997,normal,903,2,1782362546.6843927,0.0019881725311279297
334998,normal,2030,0,1782362546.686438,0.0020453929901123047
334999,normal,49,0,1782362546.6886878,0.0022497177124023438
335000,normal,1391,0,1782362546.6904807,0.00179290771484375
335001,normal,3561,0,1782362546.692534,0.0020532608032226562
335002,normal,138,0,1782362546.6944296,0.0018956661224365234
335003,normal,1410,0,1782362546.6964126,0.0019829273223876953
335004,normal,611,0,1782362546.6986947,0.0022821426391601562
335005,normal,1395,0,1782362546.7004914,0.001796722412109375
335006,normal,1740,0,1782362546.7025301,0.002038717269897461
335007,normal,1388,0,1782362546.7044194,0.0018892288208007812
335008,normal,3288,1,1782362546.7066488,0.002229452133178711
335009,normal,1284,0,1782362546.7084725,0.0018236637115478516
335010,normal,2208,0,1782362546.7106273,0.002154827117919922
335011,normal,872,2,1782362546.7126052,0.0019779205322265625
335012,normal,1880,0,1782362546.7145293,0.0019240379333496094
335013,normal,3032,0,1782362546.7166111,0.0020818710327148438
335014,normal,1918,0,1782362546.7186234,0.0020122528076171875
335015,normal,3189,1,1782362546.7205145,0.0018911361694335938
335016,normal,2150,0,1782362546.7226186,0.002104043960571289
335017,normal,2546,0,1782362546.7245994,0.0019807815551757812
335018,normal,884,2,1782362546.72653,0.0019307136535644531
335019,normal,51,0,1782362546.729157,0.0026268959045410156
335020,normal,1826,0,1782362546.7307453,0.0015883445739746094
335021,normal,2742,0,1782362546.732947,0.0022017955780029297
335022,normal,163,0,1782362546.734501,0.0015537738800048828
335023,normal,1215,0,1782362546.736718,0.0022170543670654297
335024,normal,1455,0,1782362546.7384593,0.0017414093017578125
335025,normal,2052,0,1782362546.740757,0.002297639846801758
335026,normal,2429,0,1782362546.7423751,0.0016181468963623047
335027,normal,954,2,1782362546.7445784,0.002203226089477539
335028,normal,1655,0,1782362546.7464178,0.0018393993377685547
335029,normal,682,0,1782362546.7485664,0.0021486282348632812
335030,normal,1260,0,1782362546.7504284,0.0018620491027832031
335031,normal,1795,0,1782362546.752405,0.001976490020751953
335032,normal,1480,0,1782362546.7545938,0.0021889209747314453
335033,normal,3454,0,1782362546.7563899,0.0017960071563720703
335034,normal,3519,0,1782362546.7585642,0.00217437744140625
335035,normal,1469,0,1782362546.7603674,0.0018031597137451172
335036,normal,267,0,1782362546.7623582,0.001990795135498047
335037,normal,2607,0,1782362546.764354,0.0019958019256591797
335038,normal,928,2,1782362546.7664783,0.002124309539794922
335039,normal,2730,0,1782362546.768427,0.0019485950469970703
335040,normal,2924,0,1782362546.7704368,0.002009868621826172
335041,normal,14,0,1782362546.7725596,0.0021228790283203125
335042,normal,2448,0,1782362546.774421,0.0018613338470458984
335043,normal,727,0,1782362546.7765338,0.002112865447998047
335044,normal,3088,1,1782362546.7785017,0.001967906951904297
335045,normal,574,0,1782362546.7805214,0.002019643783569336
335046,normal,1585,0,1782362546.7824512,0.0019297599792480469
335047,normal,3228,1,1782362546.7844517,0.002000570297241211
335048,normal,145,0,1782362546.786451,0.001999378204345703
335049,normal,2449,0,1782362546.7885816,0.0021305084228515625
335050,normal,3279,1,1782362546.7905545,0.0019729137420654297
335051,normal,1312,0,1782362546.7925348,0.001980304718017578
335052,normal,1019,2,1782362546.7947185,0.002183675765991211
335053,normal,12,0,1782362546.7966228,0.0019042491912841797
335054,normal,570,0,1782362546.7985723,0.0019495487213134766
335055,normal,1725,0,1782362546.8007364,0.002164125442504883
335056,normal,468,0,1782362546.8026216,0.0018851757049560547
335057,normal,1576,0,1782362546.8043692,0.0017476081848144531
335058,normal,921,2,1782362546.8064413,0.0020720958709716797
335059,normal,482,0,1782362546.8084426,0.0020012855529785156
335060,normal,1431,0,1782362546.810502,0.002059459686279297
335061,normal,1222,0,1782362546.812502,0.0019998550415039062
335062,normal,1731,0,1782362546.8144376,0.001935720443725586
335063,normal,212,0,1782362546.8164399,0.002002239227294922
335064,normal,2257,0,1782362546.818447,0.0020072460174560547
335065,normal,3511,0,1782362546.820514,0.0020668506622314453
335066,normal,836,2,1782362546.822591,0.0020771026611328125
335067,normal,2638,0,1782362546.8247108,0.002119779586791992
335068,normal,1190,0,1782362546.826626,0.0019152164459228516
335069,normal,3006,0,1782362546.8286552,0.0020291805267333984
335070,normal,274,0,1782362546.8305132,0.0018579959869384766
335071,normal,712,0,1782362546.8325026,0.0019893646240234375
335072,normal,3538,0,1782362546.8344986,0.0019960403442382812
335073,normal,624,0,1782362546.8365042,0.0020055770874023438
335074,normal,3285,1,1782362546.8387444,0.0022401809692382812
335075,normal,124,0,1782362546.8404355,0.0016911029815673828
335076,normal,2227,0,1782362546.8426313,0.0021958351135253906
335077,normal,89,0,1782362546.8444793,0.001847982406616211
335078,normal,3138,1,1782362546.846482,0.002002716064453125
335079,normal,792,2,1782362546.8484871,0.0020051002502441406
335080,normal,376,0,1782362546.8504791,0.0019919872283935547
335081,normal,269,0,1782362546.8524418,0.0019626617431640625
335082,normal,3701,0,1782362546.854521,0.0020792484283447266
335083,normal,1697,0,1782362546.8565054,0.0019843578338623047
335084,normal,1801,0,1782362546.858509,0.0020036697387695312
335085,normal,1677,0,1782362546.8608181,0.002309083938598633
335086,normal,2741,0,1782362546.8626451,0.0018270015716552734
335087,normal,1949,0,1782362546.864544,0.0018987655639648438
335088,normal,2446,0,1782362546.8665977,0.0020537376403808594
335089,normal,3412,0,1782362546.868691,0.0020933151245117188
335090,normal,1639,0,1782362546.8704073,0.0017163753509521484
335091,normal,2189,0,1782362546.8729076,0.002500295639038086
335092,normal,3365,1,1782362546.874739,0.0018312931060791016
335093,normal,887,2,1782362546.8764405,0.0017015933990478516
335094,normal,3540,0,1782362546.8786023,0.002161741256713867
335095,normal,929,2,1782362546.880655,0.002052783966064453
335096,normal,3510,0,1782362546.8824053,0.0017502307891845703
335097,normal,3514,0,1782362546.8843873,0.001981973648071289
335098,normal,2060,0,1782362546.886504,0.002116680145263672
335099,normal,2475,0,1782362546.8883753,0.001871347427368164
335100,normal,1636,0,1782362546.8903685,0.0019931793212890625
335101,normal,2183,0,1782362546.892473,0.002104520797729492
335102,normal,86,0,1782362546.8943574,0.00188446044921875
335103,normal,1752,0,1782362546.8963785,0.0020210742950439453
335104,normal,2120,0,1782362546.8985302,0.0021517276763916016
335105,normal,3617,0,1782362546.900452,0.0019216537475585938
335106,normal,1506,0,1782362546.9024608,0.0020089149475097656
335107,normal,3219,1,1782362546.9044611,0.0020003318786621094
335108,normal,3198,1,1782362546.9064014,0.0019402503967285156
335109,normal,2312,0,1782362546.908414,0.002012491226196289
335110,normal,1970,0,1782362546.9105663,0.0021524429321289062
335111,normal,1298,0,1782362546.9124184,0.0018520355224609375
335112,normal,2846,0,1782362546.9143617,0.001943349838256836
335113,normal,1032,0,1782362546.9165668,0.0022051334381103516
335114,normal,1481,0,1782362546.918391,0.0018241405487060547
335115,normal,2929,0,1782362546.920455,0.0020639896392822266
335116,normal,1407,0,1782362546.922465,0.0020101070404052734
335117,normal,932,2,1782362546.9244149,0.0019497871398925781
335118,normal,3289,1,1782362546.9264617,0.002046823501586914
335119,normal,717,0,1782362546.9285688,0.0021071434020996094
335120,normal,2616,0,1782362546.9303894,0.0018205642700195312
335121,normal,1522,0,1782362546.932463,0.002073526382446289
335122,normal,1491,0,1782362546.9344647,0.0020017623901367188
335123,normal,1473,0,1782362546.9364681,0.0020034313201904297
335124,normal,1817,0,1782362546.9384599,0.001991748809814453
335125,normal,2041,0,1782362546.940471,0.0020110607147216797
335126,normal,2148,0,1782362546.9425406,0.002069711685180664
335127,normal,1137,0,1782362546.9448717,0.0023310184478759766
335128,normal,752,0,1782362546.94649,0.0016183853149414062
335129,normal,346,0,1782362546.948499,0.0020089149475097656
335130,normal,1922,0,1782362546.9505281,0.0020291805267333984
335131,normal,447,0,1782362546.9524398,0.0019116401672363281
335132,normal,3670,0,1782362546.9544346,0.0019948482513427734
335133,normal,1163,0,1782362546.9564354,0.0020008087158203125
335134,normal,1736,0,1782362546.958466,0.002030611038208008
335135,normal,2885,0,1782362546.9605417,0.002075672149658203
335136,normal,2430,0,1782362546.962444,0.0019023418426513672
335137,normal,125,0,1782362546.9646392,0.002195119857788086
335138,normal,1330,1,1782362546.9665372,0.001898050308227539
335139,normal,370,0,1782362546.9685013,0.001964092254638672
335140,normal,3690,0,1782362546.970451,0.0019497871398925781
335141,normal,3414,0,1782362546.9725008,0.002049684524536133
335142,normal,1010,2,1782362546.9745164,0.0020155906677246094
335143,normal,3005,0,1782362546.9763715,0.0018551349639892578
335144,normal,362,0,1782362546.978326,0.0019545555114746094
335145,normal,1299,0,1782362546.980365,0.0020389556884765625
335146,normal,1390,0,1782362546.98242,0.002054929733276367
335147,normal,901,2,1782362546.9843984,0.0019783973693847656
335148,normal,1184,0,1782362546.9863338,0.0019354820251464844
335149,normal,2891,0,1782362546.9883287,0.0019948482513427734
335150,normal,2471,0,1782362546.9903297,0.002001047134399414
335151,normal,2642,0,1782362546.992335,0.002005338668823242
335152,normal,3435,0,1782362546.9951003,0.002765178680419922
335153,normal,1037,0,1782362546.996575,0.0014748573303222656
335154,normal,3678,0,1782362546.9983847,0.0018095970153808594
335155,normal,338,0,1782362547.0003839,0.0019991397857666016
335156,normal,2998,0,1782362547.0023777,0.001993894577026367
335157,normal,1833,0,1782362547.004472,0.002094268798828125
335158,normal,2487,0,1782362547.0067694,0.0022974014282226562
335159,normal,551,0,1782362547.008454,0.0016846656799316406
335160,normal,1316,0,1782362547.0104215,0.0019674301147460938
335161,normal,730,0,1782362547.0124574,0.002035856246948242
335162,normal,1758,0,1782362547.0143661,0.0019087791442871094
335163,normal,684,0,1782362547.0164342,0.002068042755126953
335164,normal,2695,0,1782362547.0187612,0.00232696533203125
335165,normal,2652,0,1782362547.0206463,0.0018851757049560547
335166,normal,2818,0,1782362547.022427,0.0017807483673095703
335167,normal,1896,0,1782362547.0245185,0.0020914077758789062
335168,normal,646,0,1782362547.026452,0.0019335746765136719
335169,normal,2456,0,1782362547.0283976,0.00194549560546875
335170,normal,276,0,1782362547.0305824,0.0021848678588867188
335171,normal,2588,0,1782362547.032593,0.0020105838775634766
335172,normal,2336,0,1782362547.0344794,0.0018863677978515625
335173,normal,1423,0,1782362547.0364163,0.0019369125366210938
335174,normal,1562,0,1782362547.038767,0.0023508071899414062
335175,normal,2249,0,1782362547.040606,0.0018389225006103516
335176,normal,3529,0,1782362547.042456,0.0018498897552490234
335177,normal,172,0,1782362547.044396,0.001940011978149414
335178,normal,3016,0,1782362547.04638,0.001984119415283203
335179,normal,715,0,1782362547.0485303,0.002150297164916992
335180,normal,401,0,1782362547.0503995,0.00186920166015625
335181,normal,3292,1,1782362547.0523903,0.001990795135498047
335182,normal,1085,0,1782362547.054467,0.0020766258239746094
335183,normal,1765,0,1782362547.056395,0.001928091049194336
335184,normal,2599,0,1782362547.0584059,0.002010822296142578
335185,normal,1492,0,1782362547.0605593,0.0021533966064453125
335186,normal,3152,1,1782362547.062575,0.002015829086303711
335187,normal,888,2,1782362547.0643666,0.0017914772033691406
335188,normal,1502,0,1782362547.066499,0.002132415771484375
335189,normal,442,0,1782362547.0683634,0.0018644332885742188
335190,normal,215,0,1782362547.070396,0.0020325183868408203
335191,normal,3233,1,1782362547.072542,0.002146005630493164
335192,normal,527,0,1782362547.0743263,0.0017843246459960938
335193,normal,3560,0,1782362547.0763745,0.0020482540130615234
335194,normal,1465,0,1782362547.078547,0.0021724700927734375
335195,normal,1693,0,1782362547.0803566,0.0018095970153808594
335196,normal,1656,0,1782362547.0823905,0.0020339488983154297
335197,normal,3195,1,1782362547.084421,0.0020303726196289062
335198,normal,550,0,1782362547.086369,0.0019481182098388672
335199,normal,2684,0,1782362547.088519,0.0021500587463378906
335200,normal,1272,0,1782362547.090359,0.0018398761749267578
335201,normal,2198,0,1782362547.0923414,0.001982450485229492
335202,normal,3697,0,1782362547.0943484,0.002007007598876953
335203,normal,61,0,1782362547.0963945,0.0020461082458496094
335204,normal,899,2,1782362547.098338,0.001943349838256836
335205,normal,3018,0,1782362547.100373,0.0020351409912109375
335206,normal,505,0,1782362547.1024463,0.0020732879638671875
335207,normal,1892,0,1782362547.1044195,0.0019731521606445312
335208,normal,1961,0,1782362547.1064267,0.0020072460174560547
335209,normal,2072,0,1782362547.1084337,0.002007007598876953
335210,normal,2279,0,1782362547.1103647,0.0019309520721435547
335211,normal,2711,0,1782362547.1124084,0.0020437240600585938
335212,normal,2186,0,1782362547.114388,0.0019795894622802734
335213,normal,738,0,1782362547.1163578,0.0019698143005371094
335214,normal,2056,0,1782362547.118352,0.0019941329956054688
335215,normal,1467,0,1782362547.1204107,0.002058744430541992
335216,normal,1482,0,1782362547.122415,0.002004384994506836
335217,normal,2562,0,1782362547.1243734,0.0019583702087402344
335218,normal,1498,0,1782362547.1264174,0.0020439624786376953
335219,normal,617,0,1782362547.1283967,0.001979351043701172
335220,normal,3620,0,1782362547.1303856,0.0019888877868652344
335221,normal,3580,0,1782362547.1324298,0.002044200897216797
335222,normal,1356,1,1782362547.1343749,0.0019450187683105469
335223,normal,821,2,1782362547.1363447,0.0019698143005371094
335224,normal,278,0,1782362547.1383395,0.0019948482513427734
335225,normal,704,0,1782362547.140333,0.001993417739868164
335226,normal,113,0,1782362547.1424203,0.0020873546600341797
335227,normal,3491,0,1782362547.1443424,0.0019221305847167969
335228,normal,2151,0,1782362547.1463394,0.0019969940185546875
335229,normal,2750,0,1782362547.1483366,0.001997232437133789
335230,normal,19,0,1782362547.1503434,0.0020067691802978516
335231,normal,2152,0,1782362547.1523712,0.002027750015258789
335232,normal,3530,0,1782362547.1544516,0.0020804405212402344
335233,normal,2130,0,1782362547.1564362,0.0019845962524414062
335234,normal,2350,0,1782362547.1585069,0.0020706653594970703
335235,normal,3501,0,1782362547.1603315,0.0018246173858642578
335236,normal,3044,0,1782362547.1623967,0.0020651817321777344
335237,normal,199,0,1782362547.1644065,0.002009868621826172
335238,normal,2075,0,1782362547.1663692,0.0019626617431640625
335239,normal,1619,0,1782362547.168521,0.0021517276763916016
335240,normal,3650,0,1782362547.1703386,0.0018177032470703125
335241,normal,60,0,1782362547.1723905,0.002051830291748047
335242,normal,2477,0,1782362547.1743693,0.0019788742065429688
335243,normal,2098,0,1782362547.1764042,0.002034902572631836
335244,normal,2996,0,1782362547.1783967,0.001992464065551758
335245,normal,3084,1,1782362547.1804152,0.002018451690673828
335246,normal,1854,0,1782362547.1825166,0.002101421356201172
335247,normal,1988,0,1782362547.184404,0.0018873214721679688
335248,normal,1138,0,1782362547.1865163,0.0021123886108398438
335249,normal,1365,1,1782362547.1883786,0.0018622875213623047
335250,normal,3406,0,1782362547.1906052,0.002226591110229492
335251,normal,3048,1,1782362547.1925383,0.0019330978393554688
335252,normal,220,0,1782362547.1944249,0.001886606216430664
335253,normal,3035,0,1782362547.1964467,0.00202178955078125
335254,normal,1347,1,1782362547.1984622,0.0020155906677246094
335255,normal,237,0,1782362547.200321,0.0018587112426757812
335256,normal,918,2,1782362547.2023575,0.002036571502685547
335257,normal,1624,0,1782362547.2043877,0.0020301342010498047
335258,normal,955,2,1782362547.206409,0.002021312713623047
335259,normal,820,2,1782362547.2084455,0.002036571502685547
335260,normal,3144,1,1782362547.210467,0.0020215511322021484
335261,normal,2434,0,1782362547.212409,0.0019419193267822266
335262,normal,1421,0,1782362547.2144012,0.0019922256469726562
335263,normal,3506,0,1782362547.2166214,0.00222015380859375
335264,normal,864,2,1782362547.2184997,0.0018782615661621094
335265,normal,2250,0,1782362547.2204576,0.0019578933715820312
335266,normal,2009,0,1782362547.2224302,0.001972675323486328
335267,normal,705,0,1782362547.2243874,0.0019571781158447266
335268,normal,1972,0,1782362547.2264135,0.002026081085205078
335269,normal,1653,0,1782362547.2284212,0.002007722854614258
335270,normal,204,0,1782362547.2307036,0.002282381057739258
335271,normal,158,0,1782362547.2323625,0.0016589164733886719
335272,normal,2553,0,1782362547.2344048,0.0020422935485839844
335273,normal,2451,0,1782362547.2364,0.001995086669921875
335274,normal,1112,0,1782362547.2383919,0.0019919872283935547
335275,normal,1113,0,1782362547.2404256,0.002033710479736328
335276,normal,2177,0,1782362547.2423809,0.001955270767211914
335277,normal,286,0,1782362547.2443812,0.0020003318786621094
335278,normal,502,0,1782362547.2464066,0.0020253658294677734
335279,normal,1834,0,1782362547.2483902,0.001983642578125
335280,normal,189,0,1782362547.2503867,0.0019965171813964844
335281,normal,3096,1,1782362547.2523723,0.0019855499267578125
335282,normal,372,0,1782362547.2543685,0.001996278762817383
335283,normal,1333,1,1782362547.256406,0.002037525177001953
335284,normal,325,0,1782362547.2583754,0.0019693374633789062
335285,normal,159,0,1782362547.2604184,0.002043008804321289
335286,normal,3663,0,1782362547.262569,0.0021505355834960938
335287,normal,2367,0,1782362547.2644315,0.0018625259399414062
335288,normal,2361,0,1782362547.2663505,0.0019190311431884766
335289,normal,1458,0,1782362547.268431,0.0020804405212402344
335290,normal,758,0,1782362547.2703626,0.0019316673278808594
335291,normal,2614,0,1782362547.2723634,0.0020008087158203125
335292,normal,197,0,1782362547.2743456,0.0019822120666503906
335293,normal,1441,0,1782362547.276354,0.0020084381103515625
335294,normal,1252,0,1782362547.2784066,0.0020525455474853516
335295,normal,979,2,1782362547.280378,0.0019714832305908203
335296,normal,940,2,1782362547.2823918,0.002013683319091797
335297,normal,2326,0,1782362547.2844086,0.002016782760620117
335298,normal,2528,0,1782362547.286417,0.0020084381103515625
335299,normal,3251,1,1782362547.2883728,0.001955747604370117
335300,normal,2341,0,1782362547.2904642,0.0020914077758789062
335301,normal,1259,0,1782362547.2924364,0.001972198486328125
335302,normal,2667,0,1782362547.2943559,0.0019195079803466797
335303,normal,3222,1,1782362547.2963688,0.002012968063354492
335304,normal,1965,0,1782362547.298351,0.0019822120666503906
335305,normal,395,0,1782362547.3003578,0.0020067691802978516
335306,normal,3497,0,1782362547.3025193,0.0021615028381347656
335307,normal,3500,0,1782362547.304317,0.0017976760864257812
335308,normal,1688,0,1782362547.3064666,0.0021495819091796875
335309,normal,679,0,1782362547.3083613,0.0018947124481201172
335310,normal,2913,0,1782362547.3104339,0.002072572708129883
335311,normal,225,0,1782362547.3127654,0.0023314952850341797
335312,normal,577,0,1782362547.3145125,0.00174713134765625
335313,normal,2388,0,1782362547.316327,0.0018146038055419922
335314,normal,2079,0,1782362547.3183563,0.0020291805267333984
335315,normal,1267,0,1782362547.3203585,0.002002239227294922
335316,normal,440,0,1782362547.3223636,0.0020051002502441406
335317,normal,3163,1,1782362547.3244567,0.002093076705932617
335318,normal,1504,0,1782362547.326484,0.002027273178100586
335319,normal,2914,0,1782362547.3283205,0.001836538314819336
335320,normal,876,2,1782362547.3303792,0.002058744430541992
335321,normal,683,0,1782362547.3323824,0.002003192901611328
335322,normal,263,0,1782362547.3343844,0.0020020008087158203
335323,normal,2308,0,1782362547.3365865,0.0022020339965820312
335324,normal,696,0,1782362547.3385172,0.0019307136535644531
335325,normal,3424,0,1782362547.3404195,0.0019023418426513672
335326,normal,3378,1,1782362547.3424363,0.002016782760620117
335327,normal,1769,0,1782362547.3444538,0.002017498016357422
335328,normal,1373,1,1782362547.3464189,0.001965045928955078
335329,normal,202,0,1782362547.3488312,0.0024123191833496094
335330,normal,1296,0,1782362547.3505933,0.0017621517181396484
335331,normal,3022,0,1782362547.3524811,0.0018877983093261719
335332,normal,1348,1,1782362547.3547637,0.0022826194763183594
335333,normal,213,0,1782362547.3568277,0.0020639896392822266
335334,normal,1852,0,1782362547.3585603,0.0017325878143310547
335335,normal,2567,0,1782362547.3605597,0.001999378204345703
335336,normal,1368,1,1782362547.3623288,0.0017690658569335938
335337,normal,3575,0,1782362547.364524,0.002195119857788086
335338,normal,944,2,1782362547.3665965,0.002072572708129883
335339,normal,1212,0,1782362547.368551,0.0019545555114746094
335340,normal,1193,0,1782362547.3705275,0.001976490020751953
335341,normal,1518,0,1782362547.3726115,0.002084016799926758
335342,normal,498,0,1782362547.3744938,0.001882314682006836
335343,normal,3425,0,1782362547.3766112,0.0021173954010009766
335344,normal,115,0,1782362547.378567,0.001955747604370117
335345,normal,3260,1,1782362547.3806982,0.002131223678588867
335346,normal,109,0,1782362547.3825924,0.001894235610961914
335347,normal,187,0,1782362547.3845892,0.001996755599975586
335348,normal,725,0,1782362547.3864534,0.0018641948699951172
335349,normal,1845,0,1782362547.388643,0.00218963623046875
335350,normal,1329,1,1782362547.3905785,0.0019354820251464844
335351,normal,2802,0,1782362547.3925922,0.002013683319091797
335352,normal,2131,0,1782362547.3944793,0.0018870830535888672
335353,normal,677,0,1782362547.3966017,0.0021224021911621094
335354,normal,2125,0,1782362547.3985085,0.0019068717956542969
335355,normal,181,0,1782362547.4006007,0.002092123031616211
335356,normal,990,2,1782362547.402606,0.002005338668823242
335357,normal,3201,1,1782362547.4045382,0.0019321441650390625
335358,normal,996,2,1782362547.4066327,0.0020945072174072266
335359,normal,967,2,1782362547.4085863,0.001953601837158203
335360,normal,2989,0,1782362547.4105518,0.0019655227661132812
335361,normal,2133,0,1782362547.4124951,0.001943349838256836
335362,normal,10,0,1782362547.4146075,0.0021123886108398438
335363,normal,485,0,1782362547.4165022,0.0018947124481201172
335364,normal,3432,0,1782362547.4185996,0.0020973682403564453
335365,normal,1790,0,1782362547.4205976,0.0019979476928710938
335366,normal,1702,0,1782362547.4225445,0.0019469261169433594
335367,normal,223,0,1782362547.4246573,0.002112865447998047
335368,normal,1119,0,1782362547.426701,0.0020437240600585938
335369,normal,3371,1,1782362547.428424,0.0017228126525878906
335370,normal,424,0,1782362547.4306157,0.002191781997680664
335371,normal,1901,0,1782362547.4326372,0.0020215511322021484
335372,normal,2439,0,1782362547.434393,0.0017557144165039062
335373,normal,1123,0,1782362547.4365826,0.00218963623046875
335374,normal,619,0,1782362547.4385848,0.002002239227294922
335375,normal,2375,0,1782362547.4404871,0.0019023418426513672
335376,normal,1806,0,1782362547.4425485,0.0020613670349121094
335377,normal,74,0,1782362547.444705,0.002156496047973633
335378,normal,2141,0,1782362547.4464858,0.0017807483673095703
335379,normal,1169,0,1782362547.4488122,0.002326488494873047
335380,normal,3066,1,1782362547.4506264,0.001814126968383789
335381,normal,3611,0,1782362547.4526029,0.001976490020751953
335382,normal,774,2,1782362547.4544978,0.0018949508666992188
335383,normal,3325,1,1782362547.456772,0.0022742748260498047
335384,normal,2020,0,1782362547.4586368,0.0018646717071533203
335385,normal,1320,1,1782362547.4604669,0.0018301010131835938
335386,normal,1509,0,1782362547.4625788,0.0021119117736816406
335387,normal,2466,0,1782362547.4644814,0.0019025802612304688
335388,normal,2234,0,1782362547.4664993,0.002017974853515625
335389,normal,2647,0,1782362547.4688332,0.0023338794708251953
335390,normal,838,2,1782362547.4703903,0.0015571117401123047
335391,normal,2682,0,1782362547.4724982,0.002107858657836914
335392,normal,1293,0,1782362547.4745867,0.0020885467529296875
335393,normal,2533,0,1782362547.4764807,0.0018939971923828125
335394,normal,3637,0,1782362547.4790409,0.002560138702392578
335395,normal,1838,0,1782362547.480905,0.0018641948699951172
335396,normal,1579,0,1782362547.482513,0.0016078948974609375
335397,normal,658,0,1782362547.4845927,0.0020797252655029297
335398,normal,670,0,1782362547.4865868,0.0019941329956054688
335399,normal,1773,0,1782362547.4884996,0.001912832260131836
335400,normal,1135,0,1782362547.4905567,0.0020570755004882812
335401,normal,626,0,1782362547.4926553,0.002098560333251953
335402,normal,3257,1,1782362547.4943988,0.0017435550689697266
335403,normal,3564,0,1782362547.4965894,0.0021905899047851562
335404,normal,3068,1,1782362547.4985855,0.0019960403442382812
335405,normal,2199,0,1782362547.5005002,0.0019147396087646484
335406,normal,767,0,1782362547.502611,0.002110719680786133
335407,normal,2043,0,1782362547.5046172,0.0020062923431396484
335408,normal,2453,0,1782362547.50684,0.002222776412963867
335409,normal,3481,0,1782362547.5086794,0.0018393993377685547
335410,normal,1644,0,1782362547.5106313,0.0019519329071044922
335411,normal,581,0,1782362547.5125153,0.0018839836120605469
335412,normal,1328,1,1782362547.5147352,0.0022199153900146484
335413,normal,1315,0,1782362547.5166059,0.0018706321716308594
335414,normal,1493,0,1782362547.51843,0.0018241405487060547
335415,normal,121,0,1782362547.5207467,0.002316713333129883
335416,normal,3423,0,1782362547.5226157,0.0018689632415771484
335417,normal,773,2,1782362547.5244336,0.001817941665649414
335418,normal,1617,0,1782362547.5264642,0.002030611038208008
335419,normal,3310,1,1782362547.5286217,0.002157449722290039
335420,normal,1577,0,1782362547.5304592,0.0018374919891357422
335421,normal,2105,0,1782362547.532353,0.001893758773803711
335422,normal,2431,0,1782362547.5344195,0.0020666122436523438
335423,normal,2809,0,1782362547.5364208,0.0020012855529785156
335424,normal,2064,0,1782362547.5384684,0.0020475387573242188
335425,normal,3643,0,1782362547.5404925,0.0020241737365722656
335426,normal,1471,0,1782362547.54247,0.0019774436950683594
335427,normal,2118,0,1782362547.544451,0.001981019973754883
335428,normal,253,0,1782362547.5464802,0.0020291805267333984
335429,normal,3555,0,1782362547.5485194,0.002039194107055664
335430,normal,1933,0,1782362547.5504594,0.001940011978149414
335431,normal,2709,0,1782362547.5525644,0.0021049976348876953
335432,normal,3399,1,1782362547.5543966,0.0018322467803955078
335433,normal,353,0,1782362547.5564854,0.002088785171508789
335434,normal,1754,0,1782362547.5585203,0.002034902572631836
335435,normal,3212,1,1782362547.5604217,0.001901388168334961
335436,normal,2832,0,1782362547.5625505,0.0021288394927978516
335437,normal,2374,0,1782362547.564519,0.0019683837890625
335438,normal,1739,0,1782362547.5664594,0.0019404888153076172
335439,normal,590,0,1782362547.5685024,0.002043008804321289
335440,normal,3483,0,1782362547.5705013,0.0019989013671875
335441,normal,3486,0,1782362547.5724952,0.001993894577026367
335442,normal,1094,0,1782362547.5745084,0.0020132064819335938
335443,normal,1789,0,1782362547.576516,0.0020074844360351562
335444,normal,128,0,1782362547.5783992,0.0018832683563232422
335445,normal,2738,0,1782362547.5805552,0.0021560192108154297
335446,normal,1234,0,1782362547.5824935,0.0019383430480957031
335447,normal,1835,0,1782362547.5844553,0.0019617080688476562
335448,normal,2523,0,1782362547.5864923,0.00203704833984375
335449,normal,2908,0,1782362547.5884988,0.00200653076171875
335450,normal,3299,1,1782362547.5904002,0.001901388168334961
335451,normal,2937,0,1782362547.5925014,0.0021011829376220703
335452,normal,618,0,1782362547.5945323,0.0020308494567871094
335453,normal,882,2,1782362547.596504,0.001971721649169922
335454,normal,1362,1,1782362547.598562,0.0020580291748046875
335455,normal,2140,0,1782362547.600538,0.00197601318359375
335456,normal,1160,0,1782362547.6024685,0.0019304752349853516
335457,normal,1799,0,1782362547.604505,0.002036571502685547
335458,normal,909,2,1782362547.6065216,0.0020165443420410156
335459,normal,2339,0,1782362547.6084344,0.001912832260131836
335460,normal,20,0,1782362547.6103895,0.0019550323486328125
335461,normal,643,0,1782362547.6124969,0.002107381820678711
335462,normal,2489,0,1782362547.614386,0.0018892288208007812
335463,normal,924,2,1782362547.6165473,0.002161264419555664
335464,normal,3676,0,1782362547.6185155,0.0019681453704833984
335465,normal,2185,0,1782362547.620503,0.001987457275390625
335466,normal,2233,0,1782362547.6225479,0.0020449161529541016
335467,normal,1849,0,1782362547.624608,0.0020601749420166016
335468,normal,1606,0,1782362547.6264102,0.001802206039428711
335469,normal,1385,0,1782362547.628615,0.0022046566009521484
335470,normal,584,0,1782362547.630545,0.0019299983978271484
335471,normal,1496,0,1782362547.6323996,0.0018546581268310547
335472,normal,1964,0,1782362547.6344712,0.0020716190338134766
335473,normal,1602,0,1782362547.6364756,0.002004384994506836
335474,normal,3304,1,1782362547.6384773,0.0020017623901367188
335475,normal,3168,1,1782362547.6405907,0.00211334228515625
335476,normal,853,2,1782362547.642474,0.0018832683563232422
335477,normal,1359,1,1782362547.6444702,0.001996278762817383
335478,normal,1809,0,1782362547.6464593,0.001989126205444336
335479,normal,171,0,1782362547.6484663,0.002007007598876953
335480,normal,1435,0,1782362547.6504004,0.001934051513671875
335481,normal,2297,0,1782362547.6525517,0.0021512508392333984
335482,normal,297,0,1782362547.6545792,0.0020275115966796875
335483,normal,2494,0,1782362547.656511,0.001931905746459961
335484,normal,2023,0,1782362547.6584828,0.001971721649169922
335485,normal,2979,0,1782362547.6604955,0.0020127296447753906
335486,normal,2355,0,1782362547.6624918,0.001996278762817383
335487,normal,6,0,1782362547.6644971,0.002005338668823242
335488,normal,2824,0,1782362547.6665807,0.0020835399627685547
335489,normal,2091,0,1782362547.66849,0.0019092559814453125
335490,normal,1142,0,1782362547.6703897,0.00189971923828125
335491,normal,2300,0,1782362547.6724057,0.0020160675048828125
335492,normal,2173,0,1782362547.6743667,0.0019609928131103516
335493,normal,783,2,1782362547.6765108,0.0021440982818603516
335494,normal,1251,0,1782362547.678506,0.001995086669921875
335495,normal,3241,1,1782362547.6804962,0.0019903182983398438
335496,normal,32,0,1782362547.6824872,0.0019910335540771484
335497,normal,43,0,1782362547.6845202,0.0020329952239990234
335498,normal,868,2,1782362547.6864834,0.0019631385803222656
335499,normal,854,2,1782362547.6885612,0.002077817916870117
335500,normal,1776,0,1782362547.6905932,0.002032041549682617
335501,normal,3593,0,1782362547.6925273,0.001934051513671875
335502,normal,270,0,1782362547.6945863,0.0020589828491210938
335503,normal,1899,0,1782362547.69657,0.001983642578125
335504,normal,3655,0,1782362547.6984768,0.0019068717956542969
335505,normal,3265,1,1782362547.7005572,0.0020804405212402344
335506,normal,1406,0,1782362547.7024806,0.0019233226776123047
335507,normal,2671,0,1782362547.7044845,0.002003908157348633
335508,normal,3142,1,1782362547.7064335,0.0019490718841552734
335509,normal,368,0,1782362547.7085502,0.002116680145263672
335510,normal,981,2,1782362547.710446,0.0018956661224365234
335511,normal,2506,0,1782362547.7125468,0.0021009445190429688
335512,normal,971,2,1782362547.7146466,0.002099752426147461
335513,normal,3037,0,1782362547.7166076,0.0019609928131103516
335514,normal,1715,0,1782362547.7183833,0.0017757415771484375
335515,normal,3450,0,1782362547.720633,0.0022497177124023438
335516,normal,1116,0,1782362547.7226079,0.001974821090698242
335517,normal,3698,0,1782362547.724508,0.0019001960754394531
335518,normal,2176,0,1782362547.7265742,0.0020661354064941406
335519,normal,830,2,1782362547.7284062,0.0018320083618164062
335520,normal,2881,0,1782362547.730561,0.002154827117919922
335521,normal,1486,0,1782362547.7325602,0.0019991397857666016
335522,normal,1488,0,1782362547.7346146,0.002054452896118164
335523,normal,84,0,1782362547.736568,0.0019533634185791016
335524,normal,1009,2,1782362547.7385104,0.0019423961639404297
335525,normal,1472,0,1782362547.740506,0.001995563507080078
335526,normal,2377,0,1782362547.7425308,0.0020248889923095703
335527,normal,1030,0,1782362547.7445126,0.0019817352294921875
335528,normal,1306,0,1782362547.7464724,0.0019598007202148438
335529,normal,706,0,1782362547.7485094,0.00203704833984375
335530,normal,2617,0,1782362547.750529,0.002019643783569336
335531,normal,1303,0,1782362547.752531,0.0020020008087158203
335532,normal,2248,0,1782362547.7545297,0.0019986629486083984
335533,normal,298,0,1782362547.756514,0.0019843578338623047
335534,normal,2470,0,1782362547.7584684,0.001954317092895508
335535,normal,2724,0,1782362547.7605112,0.0020427703857421875
335536,normal,796,2,1782362547.7625036,0.001992464065551758
335537,normal,2822,0,1782362547.7644606,0.001956939697265625
335538,normal,348,0,1782362547.7664244,0.0019638538360595703
335539,normal,1919,0,1782362547.768547,0.002122640609741211
335540,normal,2301,0,1782362547.7704237,0.0018765926361083984
335541,normal,2122,0,1782362547.7725923,0.0021686553955078125
335542,normal,2800,0,1782362547.774528,0.001935720443725586
335543,normal,1044,0,1782362547.7764974,0.0019693374633789062
335544,normal,2831,0,1782362547.7785244,0.0020270347595214844
335545,normal,3625,0,1782362547.780485,0.0019605159759521484
335546,normal,3700,0,1782362547.7824178,0.0019328594207763672
335547,normal,1091,0,1782362547.7844834,0.0020656585693359375
335548,normal,94,0,1782362547.7864964,0.002012968063354492
335549,normal,3169,1,1782362547.7885404,0.0020439624786376953
335550,normal,2820,0,1782362547.7903812,0.001840829849243164
335551,normal,110,0,1782362547.7925448,0.0021636486053466797
335552,normal,34,0,1782362547.7944727,0.0019278526306152344
335553,normal,638,0,1782362547.7966404,0.0021677017211914062
335554,normal,958,2,1782362547.7984908,0.0018503665924072266
335555,normal,856,2,1782362547.8005297,0.0020389556884765625
335556,normal,450,0,1782362547.8025453,0.0020155906677246094
335557,normal,2813,0,1782362547.8046234,0.0020780563354492188
335558,normal,2159,0,1782362547.806364,0.0017406940460205078
335559,normal,1818,0,1782362547.80848,0.002115964889526367
335560,normal,1517,0,1782362547.810479,0.0019989013671875
335561,normal,1698,0,1782362547.8124764,0.0019974708557128906
335562,normal,35,0,1782362547.8145475,0.0020711421966552734
335563,normal,3317,1,1782362547.8165088,0.001961231231689453
335564,normal,1115,0,1782362547.8183887,0.0018799304962158203
335565,normal,391,0,1782362547.820488,0.002099275588989258
335566,normal,576,0,1782362547.8224874,0.001999378204345703
335567,normal,2608,0,1782362547.8244183,0.0019309520721435547
335568,normal,3436,0,1782362547.8270152,0.0025968551635742188
335569,normal,2880,0,1782362547.8287258,0.001710653305053711
335570,normal,2200,0,1782362547.8303995,0.0016736984252929688
335571,normal,1475,0,1782362547.8325148,0.0021152496337890625
335572,normal,396,0,1782362547.8345027,0.001987934112548828
335573,normal,2004,0,1782362547.8364532,0.0019505023956298828
335574,normal,3057,1,1782362547.838542,0.002088785171508789
335575,normal,1378,1,1782362547.8406985,0.002156496047973633
335576,normal,3338,1,1782362547.8423634,0.001664876937866211
335577,normal,846,2,1782362547.8444867,0.0021233558654785156
335578,normal,3374,1,1782362547.8464937,0.002007007598876953
335579,normal,2174,0,1782362547.848464,0.0019702911376953125
335580,normal,3622,0,1782362547.8505046,0.0020406246185302734
335581,normal,2816,0,1782362547.8527327,0.0022280216217041016
335582,normal,2314,0,1782362547.8545728,0.0018401145935058594
335583,normal,1346,1,1782362547.8564446,0.0018718242645263672
335584,normal,2267,0,1782362547.8585682,0.002123594284057617
335585,normal,1203,0,1782362547.86048,0.0019118785858154297
335586,normal,916,2,1782362547.8625782,0.00209808349609375
335587,normal,1803,0,1782362547.8648424,0.002264261245727539
335588,normal,3628,0,1782362547.8667474,0.0019049644470214844
335589,normal,2219,0,1782362547.8685832,0.0018358230590820312
335590,normal,291,0,1782362547.870785,0.0022017955780029297
335591,normal,2136,0,1782362547.8728921,0.0021071434020996094
335592,normal,2175,0,1782362547.8745592,0.001667022705078125
335593,normal,2146,0,1782362547.876599,0.0020399093627929688
335594,normal,2515,0,1782362547.878498,0.0018990039825439453
335595,normal,2703,0,1782362547.880591,0.0020928382873535156
335596,normal,1950,0,1782362547.8826044,0.0020134449005126953
335597,normal,2119,0,1782362547.8845327,0.0019283294677734375
335598,normal,500,0,1782362547.8865452,0.002012491226196289
335599,normal,2587,0,1782362547.8886209,0.002075672149658203
335600,normal,1304,0,1782362547.890502,0.0018811225891113281
335601,normal,1530,0,1782362547.8927667,0.002264738082885742
335602,normal,1042,0,1782362547.8945541,0.001787424087524414
335603,normal,2324,0,1782362547.8966215,0.0020673274993896484
335604,normal,151,0,1782362547.8986123,0.001990795135498047
335605,normal,3,0,1782362547.9006076,0.0019953250885009766
335606,normal,3647,0,1782362547.9025347,0.0019271373748779297
335607,normal,475,0,1782362547.904652,0.0021173954010009766
335608,normal,2640,0,1782362547.9065716,0.0019195079803466797
335609,normal,1630,0,1782362547.9087348,0.0021631717681884766
335610,normal,3485,0,1782362547.9105191,0.0017843246459960938
335611,normal,323,0,1782362547.9126184,0.002099275588989258
335612,normal,3208,1,1782362547.9145234,0.0019049644470214844
335613,normal,1727,0,1782362547.9166172,0.002093791961669922
335614,normal,2144,0,1782362547.918622,0.002004861831665039
335615,normal,3056,1,1782362547.9205282,0.0019061565399169922
335616,normal,545,0,1782362547.9226253,0.0020971298217773438
335617,normal,2849,0,1782362547.9246435,0.0020182132720947266
335618,normal,2866,0,1782362547.9266233,0.001979827880859375
335619,normal,2055,0,1782362547.9284153,0.0017919540405273438
335620,normal,170,0,1782362547.930615,0.0021996498107910156
335621,normal,2037,0,1782362547.932514,0.0018990039825439453
335622,normal,2503,0,1782362547.934616,0.0021021366119384766
335623,normal,106,0,1782362547.9366136,0.0019974708557128906
335624,normal,2976,0,1782362547.9385076,0.0018939971923828125
335625,normal,3278,1,1782362547.9406574,0.002149820327758789
335626,normal,2771,0,1782362547.9425821,0.001924753189086914
335627,normal,1750,0,1782362547.944758,0.0021758079528808594
335628,normal,1544,0,1782362547.9465315,0.0017735958099365234
335629,normal,1608,0,1782362547.9486365,0.0021049976348876953
335630,normal,1733,0,1782362547.9505517,0.0019152164459228516
335631,normal,3191,1,1782362547.9525154,0.0019636154174804688
335632,normal,2193,0,1782362547.9545977,0.002082347869873047
335633,normal,908,2,1782362547.956494,0.0018963813781738281
335634,normal,3065,1,1782362547.9586046,0.0021104812622070312
335635,normal,2188,0,1782362547.9606318,0.002027273178100586
335636,normal,1952,0,1782362547.9626358,0.002003908157348633
335637,normal,1402,0,1782362547.964494,0.0018582344055175781
335638,normal,2509,0,1782362547.9668202,0.0023262500762939453
335639,normal,1761,0,1782362547.9685507,0.0017304420471191406
335640,normal,898,2,1782362547.970694,0.002143383026123047
335641,normal,201,0,1782362547.9726121,0.0019180774688720703
335642,normal,2705,0,1782362547.9745579,0.0019457340240478516
335643,normal,2008,0,1782362547.976739,0.0021810531616210938
335644,normal,2754,0,1782362547.9785247,0.0017857551574707031
335645,normal,776,2,1782362547.9805968,0.0020720958709716797
335646,normal,3181,1,1782362547.982495,0.0018982887268066406
335647,normal,2222,0,1782362547.9845974,0.002102375030517578
335648,normal,1816,0,1782362547.986863,0.002265453338623047
335649,normal,2751,0,1782362547.988402,0.001538991928100586
335650,normal,3368,1,1782362547.9905884,0.0021865367889404297
335651,normal,621,0,1782362547.9924896,0.0019011497497558594
335652,normal,268,0,1782362547.994596,0.0021064281463623047
335653,normal,1861,0,1782362547.9967656,0.0021696090698242188
335654,normal,2896,0,1782362547.9990673,0.0023016929626464844
335655,normal,2094,0,1782362548.000559,0.0014917850494384766
335656,normal,3178,1,1782362548.002605,0.002045869827270508
335657,normal,1340,1,1782362548.0044956,0.0018906593322753906
335658,normal,3552,0,1782362548.0066085,0.002112865447998047
335659,normal,2022,0,1782362548.0084567,0.0018482208251953125
335660,normal,1674,0,1782362548.0105743,0.002117633819580078
335661,normal,405,0,1782362548.012563,0.001988649368286133
335662,normal,3692,0,1782362548.0147014,0.002138376235961914
335663,normal,2630,0,1782362548.01642,0.0017185211181640625
335664,normal,437,0,1782362548.018615,0.002195119857788086
335665,normal,2792,0,1782362548.020627,0.002012014389038086
335666,normal,2485,0,1782362548.022535,0.0019080638885498047
335667,normal,835,2,1782362548.024631,0.002095937728881836
335668,normal,2258,0,1782362548.0268223,0.002191305160522461
335669,normal,2699,0,1782362548.0287774,0.0019550323486328125
335670,normal,895,2,1782362548.0305028,0.0017254352569580078
335671,normal,3239,1,1782362548.0327327,0.002229928970336914
335672,normal,2798,0,1782362548.034528,0.0017952919006347656
335673,normal,36,0,1782362548.036737,0.0022089481353759766
335674,normal,2469,0,1782362548.038531,0.0017940998077392578
335675,normal,837,2,1782362548.0407605,0.002229452133178711
335676,normal,188,0,1782362548.0427296,0.0019690990447998047
335677,normal,2921,0,1782362548.044606,0.0018763542175292969
335678,normal,2256,0,1782362548.046403,0.0017969608306884766
335679,normal,294,0,1782362548.0487742,0.0023713111877441406
335680,normal,2827,0,1782362548.0507543,0.0019800662994384766
335681,normal,3197,1,1782362548.052415,0.0016605854034423828
335682,normal,90,0,1782362548.0545905,0.002175569534301758
335683,normal,546,0,1782362548.0565886,0.0019981861114501953
335684,normal,1678,0,1782362548.0585093,0.0019207000732421875
335685,normal,70,0,1782362548.0606008,0.0020914077758789062
335686,normal,2026,0,1782362548.0626032,0.0020024776458740234
335687,normal,3236,1,1782362548.0644095,0.0018062591552734375
335688,normal,2564,0,1782362548.0666025,0.002192974090576172
335689,normal,961,2,1782362548.068616,0.0020134449005126953
335690,normal,2407,0,1782362548.07057,0.0019540786743164062
335691,normal,2756,0,1782362548.0726192,0.0020492076873779297
335692,normal,47,0,1782362548.0747,0.0020809173583984375
335693,normal,2637,0,1782362548.0763965,0.0016963481903076172
335694,normal,1683,0,1782362548.078697,0.0023005008697509766
335695,normal,2342,0,1782362548.0805774,0.0018804073333740234
335696,normal,478,0,1782362548.08261,0.0020325183868408203
335697,normal,166,0,1782362548.0845685,0.001958608627319336
335698,normal,3705,0,1782362548.086592,0.002023458480834961
335699,normal,2522,0,1782362548.088518,0.0019259452819824219
335700,normal,817,2,1782362548.0906136,0.0020956993103027344
335701,normal,2736,0,1782362548.092596,0.001982450485229492
335702,normal,2569,0,1782362548.094478,0.0018818378448486328
335703,normal,1439,0,1782362548.096591,0.0021131038665771484
335704,normal,2370,0,1782362548.0986872,0.0020961761474609375
335705,normal,3210,1,1782362548.1007288,0.0020415782928466797
335706,normal,579,0,1782362548.1024294,0.0017006397247314453
335707,normal,824,2,1782362548.104616,0.0021865367889404297
335708,normal,1038,0,1782362548.1065173,0.001901388168334961
335709,normal,2605,0,1782362548.1085916,0.0020742416381835938
335710,normal,2204,0,1782362548.1104374,0.0018458366394042969
335711,normal,2634,0,1782362548.1124606,0.0020232200622558594
335712,normal,1454,0,1782362548.1147037,0.0022430419921875
335713,normal,2460,0,1782362548.1165953,0.0018916130065917969
335714,normal,3363,1,1782362548.1185017,0.0019063949584960938
335715,normal,1457,0,1782362548.120738,0.0022363662719726562
335716,normal,833,2,1782362548.1225526,0.0018146038055419922
335717,normal,1401,0,1782362548.1246483,0.0020956993103027344
335718,normal,915,2,1782362548.1264632,0.0018148422241210938
335719,normal,809,2,1782362548.128739,0.0022759437561035156
335720,normal,2262,0,1782362548.1304169,0.0016777515411376953
335721,normal,2935,0,1782362548.1326156,0.0021986961364746094
335722,normal,3460,0,1782362548.1346273,0.0020117759704589844
335723,normal,2383,0,1782362548.136519,0.0018916130065917969
335724,normal,2812,0,1782362548.1387293,0.002210378646850586
335725,normal,1635,0,1782362548.1405432,0.0018138885498046875
335726,normal,770,0,1782362548.1426997,0.002156496047973633
335727,normal,2405,0,1782362548.1446493,0.0019495487213134766
335728,normal,2461,0,1782362548.146621,0.001971721649169922
335729,normal,3015,0,1782362548.148596,0.0019750595092773438
335730,normal,1108,0,1782362548.1507332,0.0021371841430664062
335731,normal,719,0,1782362548.152643,0.0019097328186035156
335732,normal,1996,0,1782362548.1544118,0.0017688274383544922
335733,normal,1551,0,1782362548.1565962,0.0021843910217285156
335734,normal,906,2,1782362548.158599,0.002002716064453125
335735,normal,2542,0,1782362548.160494,0.0018951892852783203
335736,normal,595,0,1782362548.162578,0.002084016799926758
335737,normal,259,0,1782362548.164603,0.0020248889923095703
335738,normal,1061,0,1782362548.1664891,0.001886129379272461
335739,normal,1478,0,1782362548.1685934,0.0021042823791503906
335740,normal,382,0,1782362548.1705961,0.002002716064453125
335741,normal,1607,0,1782362548.1725204,0.001924276351928711
335742,normal,708,0,1782362548.1747715,0.002251148223876953
335743,normal,662,0,1782362548.1766574,0.0018858909606933594
335744,normal,1004,2,1782362548.1785321,0.001874685287475586
335745,normal,459,0,1782362548.180777,0.0022449493408203125
335746,normal,287,0,1782362548.1825132,0.0017361640930175781
335747,normal,1276,0,1782362548.1846282,0.002115011215209961
335748,normal,3384,1,1782362548.1865175,0.0018892288208007812
335749,normal,1542,0,1782362548.1886199,0.002102375030517578
335750,normal,1282,0,1782362548.1909637,0.002343893051147461
335751,normal,3466,0,1782362548.192499,0.001535177230834961
335752,normal,3327,1,1782362548.194598,0.0020990371704101562
335753,normal,3359,1,1782362548.1965003,0.0019023418426513672
335754,normal,1420,0,1782362548.1986136,0.00211334228515625
335755,normal,1786,0,1782362548.200619,0.002005338668823242
335756,normal,2679,0,1782362548.202521,0.0019021034240722656
335757,normal,282,0,1782362548.204609,0.002087831497192383
335758,normal,733,0,1782362548.2066119,0.0020029544830322266
335759,normal,3702,0,1782362548.2085588,0.0019469261169433594
335760,normal,589,0,1782362548.2106369,0.0020780563354492188
335761,normal,3600,0,1782362548.2126129,0.00197601318359375
335762,normal,2073,0,1782362548.2149577,0.002344846725463867
335763,normal,3294,1,1782362548.216573,0.001615285873413086
335764,normal,2578,0,1782362548.2187986,0.002225637435913086
335765,normal,3461,0,1782362548.220553,0.0017542839050292969
335766,normal,392,0,1782362548.2226913,0.002138376235961914
335767,normal,1583,0,1782362548.2246528,0.0019614696502685547
335768,normal,1824,0,1782362548.2264895,0.0018367767333984375
335769,normal,54,0,1782362548.2286127,0.002123117446899414
335770,normal,179,0,1782362548.2307246,0.0021119117736816406
335771,normal,2997,0,1782362548.2326117,0.0018870830535888672
335772,normal,1957,0,1782362548.234547,0.0019352436065673828
335773,normal,1230,0,1782362548.2368388,0.0022919178009033203
335774,normal,1018,2,1782362548.238527,0.001688241958618164
335775,normal,3390,1,1782362548.2405965,0.0020694732666015625
335776,normal,1596,0,1782362548.2431,0.0025033950805664062
335777,normal,1780,0,1782362548.2449026,0.001802682876586914
335778,normal,2403,0,1782362548.2465858,0.0016832351684570312
335779,normal,2823,0,1782362548.2488434,0.0022575855255126953
335780,normal,2418,0,1782362548.2504766,0.0016331672668457031
335781,normal,504,0,1782362548.2527285,0.002251863479614258
335782,normal,2797,0,1782362548.2546039,0.0018754005432128906
335783,normal,454,0,1782362548.2564986,0.0018947124481201172
335784,normal,3525,0,1782362548.2588694,0.0023708343505859375
335785,normal,2819,0,1782362548.2604895,0.0016200542449951172
335786,normal,2662,0,1782362548.2626529,0.002163410186767578
335787,normal,2763,0,1782362548.2645333,0.0018804073333740234
335788,normal,891,2,1782362548.2666106,0.002077341079711914
335789,normal,2132,0,1782362548.2685027,0.00189208984375
335790,normal,2888,0,1782362548.2706304,0.0021276473999023438
335791,normal,2969,0,1782362548.2726314,0.002001047134399414
335792,normal,1868,0,1782362548.2745426,0.001911163330078125
335793,normal,2563,0,1782362548.2767055,0.002162933349609375
335794,normal,1394,0,1782362548.2785072,0.0018017292022705078
335795,normal,1730,0,1782362548.280612,0.0021047592163085938
335796,normal,3344,1,1782362548.2825089,0.0018968582153320312
335797,normal,3352,1,1782362548.2846088,0.0020999908447265625
335798,normal,1523,0,1782362548.2865074,0.0018985271453857422
335799,normal,1089,0,1782362548.2886112,0.0021038055419921875
335800,normal,2097,0,1782362548.2906914,0.002080202102661133
335801,normal,3467,0,1782362548.2925699,0.001878499984741211
335802,normal,540,0,1782362548.2947018,0.002131938934326172
335803,normal,2714,0,1782362548.2965257,0.0018239021301269531
335804,normal,3033,0,1782362548.2986374,0.002111673355102539
335805,normal,1805,0,1782362548.3005402,0.0019028186798095703
335806,normal,2573,0,1782362548.3025942,0.002053976058959961
335807,normal,1787,0,1782362548.3044908,0.0018966197967529297
335808,normal,1694,0,1782362548.3065965,0.002105712890625
335809,normal,1332,1,1782362548.30862,0.002023458480834961
335810,normal,1072,0,1782362548.3106081,0.0019881725311279297
335811,normal,3364,1,1782362548.3124442,0.0018360614776611328
335812,normal,1781,0,1782362548.3147373,0.002293109893798828
335813,normal,2217,0,1782362548.3165863,0.0018489360809326172
335814,normal,290,0,1782362548.318831,0.002244710922241211
335815,normal,23,0,1782362548.3205469,0.0017158985137939453
335816,normal,2433,0,1782362548.3226602,0.00211334228515625
335817,normal,3499,0,1782362548.3246567,0.0019965171813964844
335818,normal,1087,0,1782362548.3268046,0.0021479129791259766
335819,normal,3381,1,1782362548.3284,0.0015952587127685547
335820,normal,1358,1,1782362548.33059,0.002190113067626953
335821,normal,2930,0,1782362548.3325915,0.002001523971557617
335822,normal,2411,0,1782362548.334493,0.001901388168334961
335823,normal,2706,0,1782362548.336746,0.0022530555725097656
335824,normal,3487,0,1782362548.3385224,0.0017764568328857422
335825,normal,491,0,1782362548.3406074,0.002084970474243164
335826,normal,2777,0,1782362548.3424892,0.0018818378448486328
335827,normal,2318,0,1782362548.3445904,0.0021011829376220703
335828,normal,2688,0,1782362548.3464947,0.0019042491912841797
335829,normal,2761,0,1782362548.3492787,0.0027840137481689453
335830,normal,3517,0,1782362548.3506155,0.001336812973022461
335831,normal,1020,2,1782362548.3525193,0.0019037723541259766
335832,normal,3343,1,1782362548.354533,0.002013683319091797
335833,normal,142,0,1782362548.3565826,0.002049684524536133
335834,normal,3533,0,1782362548.358402,0.0018193721771240234
335835,normal,2535,0,1782362548.3605354,0.0021333694458007812
335836,normal,2068,0,1782362548.3627744,0.0022389888763427734
335837,normal,975,2,1782362548.3643916,0.0016171932220458984
335838,normal,2309,0,1782362548.3665001,0.0021085739135742188
335839,normal,1947,0,1782362548.368556,0.0020558834075927734
335840,normal,1941,0,1782362548.3704026,0.0018465518951416016
335841,normal,254,0,1782362548.3725219,0.002119302749633789
335842,normal,1913,0,1782362548.3747354,0.0022134780883789062
335843,normal,927,2,1782362548.3767755,0.0020401477813720703
335844,normal,1609,0,1782362548.378473,0.001697540283203125
335845,normal,1244,0,1782362548.3806388,0.0021657943725585938
335846,normal,1297,0,1782362548.3825085,0.0018696784973144531
335847,normal,2767,0,1782362548.3844879,0.001979351043701172
335848,normal,771,0,1782362548.386878,0.002390146255493164
335849,normal,3380,1,1782362548.3885496,0.0016715526580810547
335850,normal,1053,0,1782362548.3904896,0.001940011978149414
335851,normal,655,0,1782362548.392748,0.0022585391998291016
335852,normal,477,0,1782362548.394787,0.0020389556884765625
335853,normal,7,0,1782362548.3965204,0.0017333030700683594
335854,normal,2263,0,1782362548.398543,0.0020225048065185547
335855,normal,2157,0,1782362548.4003754,0.0018324851989746094
335856,normal,3302,1,1782362548.4025228,0.0021474361419677734
335857,normal,2796,0,1782362548.4045417,0.0020189285278320312
335858,normal,3509,0,1782362548.4064174,0.0018756389617919922
335859,normal,1564,0,1782362548.4084098,0.001992464065551758
335860,normal,2715,0,1782362548.4105468,0.0021369457244873047
335861,normal,2024,0,1782362548.412377,0.0018303394317626953
335862,normal,2838,0,1782362548.4145436,0.0021665096282958984
335863,normal,2084,0,1782362548.4165773,0.002033710479736328
335864,normal,3276,1,1782362548.4184716,0.001894235610961914
335865,normal,2897,0,1782362548.4206014,0.002129793167114258
335866,normal,1990,0,1782362548.4225368,0.0019354820251464844
335867,normal,2604,0,1782362548.4244192,0.001882314682006836
335868,normal,2276,0,1782362548.426555,0.002135753631591797
335869,normal,2757,0,1782362548.4286177,0.0020627975463867188
335870,normal,722,0,1782362548.4304893,0.0018715858459472656
335871,normal,2273,0,1782362548.432559,0.002069711685180664
335872,normal,919,2,1782362548.4345517,0.0019927024841308594
335873,normal,3383,1,1782362548.4363987,0.0018470287322998047
335874,normal,2965,0,1782362548.4385493,0.0021505355834960938
335875,normal,637,0,1782362548.4405541,0.002004861831665039
335876,normal,2042,0,1782362548.4424062,0.0018520355224609375
335877,normal,1920,0,1782362548.4445333,0.0021271705627441406
335878,normal,2288,0,1782362548.4465973,0.0020639896392822266
335879,normal,718,0,1782362548.4484556,0.0018582344055175781
335880,normal,1349,1,1782362548.4505045,0.002048969268798828
335881,normal,1980,0,1782362548.452542,0.002037525177001953
335882,normal,2292,0,1782362548.454391,0.0018489360809326172
335883,normal,2728,0,1782362548.4565523,0.002161264419555664
335884,normal,2261,0,1782362548.458542,0.0019898414611816406
335885,normal,1785,0,1782362548.4603832,0.0018410682678222656
335886,normal,2196,0,1782362548.4626007,0.002217531204223633
335887,normal,1403,0,1782362548.4646468,0.0020461082458496094
335888,normal,73,0,1782362548.466506,0.0018591880798339844
335889,normal,3568,0,1782362548.4685292,0.0020232200622558594
335890,normal,2933,0,1782362548.470577,0.0020477771759033203
335891,normal,2246,0,1782362548.4724078,0.0018308162689208984
335892,normal,1118,0,1782362548.4745305,0.002122640609741211
335893,normal,1308,0,1782362548.476526,0.001995563507080078
335894,normal,2404,0,1782362548.478367,0.0018410682678222656
335895,normal,832,2,1782362548.4805412,0.0021741390228271484
335896,normal,1979,0,1782362548.4826329,0.002091646194458008
335897,normal,650,0,1782362548.484414,0.0017812252044677734
335898,normal,2420,0,1782362548.4865718,0.0021576881408691406
335899,normal,743,0,1782362548.4886963,0.0021245479583740234
335900,normal,3660,0,1782362548.4905474,0.0018510818481445312
335901,normal,2841,0,1782362548.4924445,0.0018970966339111328
335902,normal,1651,0,1782362548.4946294,0.0021848678588867188
335903,normal,182,0,1782362548.496534,0.0019047260284423828
335904,normal,747,0,1782362548.4985561,0.0020220279693603516
335905,normal,3523,0,1782362548.5005422,0.0019860267639160156
335906,normal,3664,0,1782362548.5023675,0.0018253326416015625
335907,normal,2379,0,1782362548.5045245,0.002156972885131836
335908,normal,2537,0,1782362548.5065253,0.0020008087158203125
335909,normal,1712,0,1782362548.5085669,0.0020415782928466797
335910,normal,443,0,1782362548.5103683,0.0018014907836914062
335911,normal,2716,0,1782362548.512524,0.0021555423736572266
335912,normal,531,0,1782362548.5143678,0.0018439292907714844
335913,normal,3657,0,1782362548.5165193,0.0021514892578125
335914,normal,1909,0,1782362548.5190575,0.0025382041931152344
335915,normal,2753,0,1782362548.5206954,0.0016379356384277344
335916,normal,2830,0,1782362548.5224133,0.0017178058624267578
335917,normal,1405,0,1782362548.5245368,0.002123594284057617
335918,normal,1058,0,1782362548.5263917,0.0018548965454101562
335919,normal,1611,0,1782362548.5285017,0.002110004425048828
335920,normal,707,0,1782362548.530598,0.0020961761474609375
335921,normal,805,2,1782362548.5324104,0.0018124580383300781
335922,normal,1264,0,1782362548.5344944,0.002084016799926758
335923,normal,3231,1,1782362548.5365286,0.0020341873168945312
335924,normal,2871,0,1782362548.5383744,0.0018458366394042969
335925,normal,2088,0,1782362548.5405447,0.0021703243255615234
335926,normal,2747,0,1782362548.542549,0.0020041465759277344
335927,normal,25,0,1782362548.5444071,0.0018582344055175781
335928,normal,3422,0,1782362548.5467482,0.002341032028198242
335929,normal,2474,0,1782362548.5486584,0.0019102096557617188
335930,normal,2358,0,1782362548.5504892,0.0018308162689208984
335931,normal,2310,0,1782362548.552595,0.002105712890625
335932,normal,1082,0,1782362548.5546553,0.002060413360595703
335933,normal,3324,1,1782362548.5564868,0.0018315315246582031
335934,normal,3626,0,1782362548.5585246,0.0020377635955810547
335935,normal,2925,0,1782362548.560802,0.002277374267578125
335936,normal,1497,0,1782362548.5625849,0.0017828941345214844
335937,normal,1699,0,1782362548.5644844,0.0018994808197021484
335938,normal,1228,0,1782362548.5664194,0.0019350051879882812
335939,normal,155,0,1782362548.5686154,0.002196073532104492
335940,normal,1052,0,1782362548.5706103,0.0019948482513427734
335941,normal,1364,1,1782362548.5725348,0.0019245147705078125
335942,normal,1886,0,1782362548.574384,0.0018491744995117188
335943,normal,2087,0,1782362548.5765254,0.0021414756774902344
335944,normal,309,0,1782362548.5785468,0.002021312713623047
335945,normal,3608,0,1782362548.580399,0.001852273941040039
335946,normal,2643,0,1782362548.5825703,0.0021712779998779297
335947,normal,3297,1,1782362548.5845394,0.0019690990447998047
335948,normal,1462,0,1782362548.586379,0.0018396377563476562
335949,normal,1292,0,1782362548.5885751,0.002196073532104492
335950,normal,536,0,1782362548.59061,0.002034902572631836
335951,normal,1288,0,1782362548.59258,0.001970052719116211
335952,normal,997,2,1782362548.594448,0.0018680095672607422
335953,normal,1960,0,1782362548.5965335,0.002085447311401367
335954,normal,1397,0,1782362548.5984287,0.0018951892852783203
335955,normal,3484,0,1782362548.600566,0.0021371841430664062
335956,normal,775,2,1782362548.602641,0.0020751953125
335957,normal,16,0,1782362548.6044245,0.0017833709716796875
335958,normal,2106,0,1782362548.6064966,0.0020720958709716797
335959,normal,1668,0,1782362548.608554,0.002057313919067383
335960,normal,2903,0,1782362548.6103995,0.0018455982208251953
335961,normal,2544,0,1782362548.6125615,0.0021619796752929688
335962,normal,3234,1,1782362548.6145527,0.00199127197265625
335963,normal,2795,0,1782362548.6164184,0.0018656253814697266
335964,normal,458,0,1782362548.6185424,0.0021240711212158203
335965,normal,2732,0,1782362548.6206484,0.0021059513092041016
335966,normal,1183,0,1782362548.6223876,0.0017392635345458984
335967,normal,2664,0,1782362548.62454,0.0021524429321289062
335968,normal,3495,0,1782362548.6265414,0.0020012855529785156
335969,normal,2746,0,1782362548.6283865,0.0018451213836669922
335970,normal,572,0,1782362548.6305442,0.0021576881408691406
335971,normal,2462,0,1782362548.63255,0.0020058155059814453
335972,normal,2512,0,1782362548.634447,0.0018970966339111328
335973,normal,3654,0,1782362548.6365669,0.002119779586791992
335974,normal,1641,0,1782362548.6386206,0.0020537376403808594
335975,normal,2697,0,1782362548.640448,0.0018274784088134766
335976,normal,1204,0,1782362548.6425226,0.0020744800567626953
335977,normal,3581,0,1782362548.6445565,0.0020339488983154297
335978,normal,1791,0,1782362548.6464224,0.0018658638000488281
335979,normal,1114,0,1782362548.6484942,0.002071857452392578
335980,normal,3277,1,1782362548.650535,0.002040863037109375
335981,normal,2869,0,1782362548.6523862,0.0018510818481445312
335982,normal,2165,0,1782362548.654498,0.0021119117736816406
335983,normal,1153,0,1782362548.6566317,0.002133607864379883
335984,normal,1146,0,1782362548.6584246,0.00179290771484375
335985,normal,2491,0,1782362548.6605866,0.0021619796752929688
335986,normal,1726,0,1782362548.662658,0.002071380615234375
335987,normal,2955,0,1782362548.6645029,0.0018448829650878906
335988,normal,471,0,1782362548.666698,0.002195119857788086
335989,normal,108,0,1782362548.6686308,0.0019328594207763672
335990,normal,870,2,1782362548.670548,0.001917123794555664
335991,normal,764,0,1782362548.6723773,0.001829385757446289
335992,normal,1069,0,1782362548.674527,0.0021495819091796875
335993,normal,1375,1,1782362548.6763747,0.0018477439880371094
335994,normal,2209,0,1782362548.678377,0.002002239227294922
335995,normal,2394,0,1782362548.6805975,0.002220630645751953
335996,normal,3127,1,1782362548.6823688,0.0017712116241455078
335997,normal,2708,0,1782362548.6845198,0.002151012420654297
335998,normal,1381,1,1782362548.6865213,0.002001523971557617
335999,normal,518,0,1782362548.6883767,0.0018553733825683594
336000,normal,3623,0,1782362548.6905646,0.002187967300415039
336001,normal,1226,0,1782362548.6926575,0.0020928382873535156
336002,normal,2115,0,1782362548.6945493,0.0018918514251708984
336003,normal,1533,0,1782362548.6964912,0.0019419193267822266
336004,normal,2422,0,1782362548.6986992,0.0022079944610595703
336005,normal,1317,0,1782362548.7003932,0.0016939640045166016
336006,normal,2589,0,1782362548.7025087,0.002115488052368164
336007,normal,387,0,1782362548.704548,0.002039194107055664
336008,normal,3557,0,1782362548.7063966,0.0018486976623535156
336009,normal,280,0,1782362548.7088244,0.002427816390991211
336010,normal,2323,0,1782362548.7104297,0.0016052722930908203
336011,normal,2003,0,1782362548.712486,0.0020563602447509766
336012,normal,917,2,1782362548.7143788,0.0018928050994873047
336013,normal,307,0,1782362548.7165482,0.002169370651245117
336014,normal,1572,0,1782362548.7183917,0.0018434524536132812
336015,normal,3694,0,1782362548.720563,0.0021712779998779297
336016,normal,3323,1,1782362548.7225351,0.001972198486328125
336017,normal,3653,0,1782362548.724398,0.0018627643585205078
336018,normal,292,0,1782362548.7265306,0.0021326541900634766
336019,normal,116,0,1782362548.7285643,0.002033710479736328
336020,normal,914,2,1782362548.7304022,0.0018379688262939453
336021,normal,549,0,1782362548.7326438,0.0022416114807128906
336022,normal,250,0,1782362548.7347512,0.002107381820678711
336023,normal,816,2,1782362548.736509,0.0017578601837158203
336024,normal,716,0,1782362548.7385926,0.0020835399627685547
336025,normal,2596,0,1782362548.7407105,0.0021178722381591797
336026,normal,586,0,1782362548.742429,0.0017185211181640625
336027,normal,261,0,1782362548.7444792,0.002050161361694336
336028,normal,2548,0,1782362548.7465544,0.0020751953125
336029,normal,879,2,1782362548.748422,0.001867532730102539
336030,normal,862,2,1782362548.7505686,0.0021467208862304688
336031,normal,3003,0,1782362548.752643,0.0020744800567626953
336032,normal,284,0,1782362548.7545493,0.0019061565399169922
336033,normal,1541,0,1782362548.756534,0.001984834671020508
336034,normal,530,0,1782362548.7585382,0.0020041465759277344
336035,normal,426,0,1782362548.760393,0.0018546581268310547
336036,normal,1552,0,1782362548.763018,0.002624988555908203
336037,normal,2733,0,1782362548.7645957,0.0015778541564941406
336038,normal,2168,0,1782362548.7666538,0.0020580291748046875
336039,normal,1377,1,1782362548.768472,0.0018181800842285156
336040,normal,1813,0,1782362548.7706378,0.0021657943725585938
336041,normal,880,2,1782362548.7724845,0.0018467903137207031
336042,normal,1449,0,1782362548.774595,0.0021104812622070312
336043,normal,913,2,1782362548.7771149,0.002519845962524414
336044,normal,445,0,1782362548.778424,0.0013091564178466797
336045,normal,2496,0,1782362548.7806318,0.0022077560424804688
336046,normal,3532,0,1782362548.782633,0.0020012855529785156
336047,normal,2915,0,1782362548.784523,0.001889944076538086
336048,normal,2268,0,1782362548.7866316,0.0021085739135742188
336049,normal,3319,1,1782362548.7886298,0.0019981861114501953
336050,normal,1884,0,1782362548.7905416,0.0019118785858154297
336051,normal,1128,0,1782362548.7926242,0.0020825862884521484
336052,normal,3162,1,1782362548.7947462,0.0021219253540039062
336053,normal,313,0,1782362548.7964194,0.0016732215881347656
336054,normal,2928,0,1782362548.798531,0.002111673355102539
336055,normal,2961,0,1782362548.8006158,0.0020847320556640625
336056,normal,2507,0,1782362548.8025122,0.0018963813781738281
336057,normal,1013,2,1782362548.8046124,0.002100229263305664
336058,normal,1774,0,1782362548.8066173,0.002004861831665039
336059,normal,2169,0,1782362548.8084614,0.001844167709350586
336060,normal,1152,0,1782362548.8107402,0.0022788047790527344
336061,normal,310,0,1782362548.812727,0.0019867420196533203
336062,normal,3405,0,1782362548.8144345,0.0017075538635253906
336063,normal,3305,1,1782362548.8166559,0.002221345901489258
336064,normal,1217,0,1782362548.8186953,0.0020394325256347656
336065,normal,227,0,1782362548.820495,0.0017995834350585938
336066,normal,3267,1,1782362548.8226018,0.002106904983520508
336067,normal,214,0,1782362548.8246,0.0019981861114501953
336068,normal,2518,0,1782362548.8264983,0.0018982887268066406
336069,normal,1148,0,1782362548.8285558,0.0020575523376464844
336070,normal,3062,1,1782362548.830771,0.002215147018432617
336071,normal,808,2,1782362548.8324862,0.0017151832580566406
336072,normal,365,0,1782362548.8348093,0.002323150634765625
336073,normal,1823,0,1782362548.8365674,0.0017580986022949219
336074,normal,664,0,1782362548.838503,0.0019354820251464844
336075,normal,3615,0,1782362548.8404748,0.0019719600677490234
336076,normal,3173,1,1782362548.8426516,0.0021767616271972656
336077,normal,462,0,1782362548.8447495,0.0020978450775146484
336078,normal,1889,0,1782362548.8463998,0.0016503334045410156
336079,normal,2973,0,1782362548.848516,0.0021162033081054688
336080,normal,3287,1,1782362548.8503854,0.0018694400787353516
336081,normal,327,0,1782362548.8525531,0.0021677017211914062
336082,normal,497,0,1782362548.854586,0.002032756805419922
336083,normal,785,2,1782362548.8564825,0.0018966197967529297
336084,normal,1748,0,1782362548.8584774,0.0019948482513427734
336085,normal,2752,0,1782362548.860504,0.0020265579223632812
336086,normal,131,0,1782362548.8623953,0.0018913745880126953
336087,normal,1027,2,1782362548.8646078,0.0022125244140625
336088,normal,3662,0,1782362548.8672173,0.0026094913482666016
336089,normal,2426,0,1782362548.8686755,0.0014581680297851562
336090,normal,1936,0,1782362548.870451,0.001775503158569336
336091,normal,3515,0,1782362548.872508,0.0020570755004882812
336092,normal,3388,1,1782362548.8743844,0.0018763542175292969
336093,normal,2368,0,1782362548.8765054,0.0021209716796875
336094,normal,701,0,1782362548.8785512,0.002045869827270508
336095,normal,1195,0,1782362548.880567,0.002015829086303711
336096,normal,2902,0,1782362548.8823798,0.0018126964569091797
336097,normal,2590,0,1782362548.8845086,0.0021288394927978516
336098,normal,1897,0,1782362548.886413,0.0019044876098632812
336099,normal,2015,0,1782362548.8885322,0.0021190643310546875
336100,normal,3539,0,1782362548.8905478,0.0020155906677246094
336101,normal,867,2,1782362548.89259,0.0020422935485839844
336102,normal,2540,0,1782362548.8947952,0.0022051334381103516
336103,normal,3165,1,1782362548.8965232,0.001728057861328125
336104,normal,2525,0,1782362548.8985615,0.002038240432739258
336105,normal,2920,0,1782362548.9005342,0.001972675323486328
336106,normal,3520,0,1782362548.902642,0.002107858657836914
336107,normal,2014,0,1782362548.904757,0.002115011215209961
336108,normal,3262,1,1782362548.9065769,0.0018198490142822266
336109,normal,982,2,1782362548.908569,0.0019922256469726562
336110,normal,3124,1,1782362548.9107084,0.0021393299102783203
336111,normal,2666,0,1782362548.9128835,0.0021750926971435547
336112,normal,2625,0,1782362548.9144428,0.0015592575073242188
336113,normal,1969,0,1782362548.91649,0.002047300338745117
336114,normal,564,0,1782362548.9183834,0.0018932819366455078
336115,normal,2302,0,1782362548.9206047,0.002221345901489258
336116,normal,1428,0,1782362548.922487,0.001882314682006836
336117,normal,2414,0,1782362548.9246857,0.0021986961364746094
336118,normal,3493,0,1782362548.926621,0.0019352436065673828
336119,normal,2559,0,1782362548.9284227,0.0018017292022705078
336120,normal,1891,0,1782362548.9306076,0.0021848678588867188
336121,normal,484,0,1782362548.9326365,0.002028942108154297
336122,normal,3086,1,1782362548.9345813,0.0019447803497314453
336123,normal,2650,0,1782362548.9365985,0.0020172595977783203
336124,normal,724,0,1782362548.9387715,0.0021729469299316406
336125,normal,2986,0,1782362548.9404006,0.0016291141510009766
336126,normal,2291,0,1782362548.944298,0.003897428512573242
336127,normal,2649,0,1782362548.9445367,0.00023865699768066406
336128,normal,3093,1,1782362548.9464724,0.001935720443725586
336129,normal,107,0,1782362548.9485743,0.002101898193359375
336130,normal,959,2,1782362548.9504871,0.001912832260131836
336131,normal,3230,1,1782362548.9523978,0.0019106864929199219
336132,normal,2063,0,1782362548.9545424,0.0021445751190185547
336133,normal,962,2,1782362548.9565246,0.0019822120666503906
336134,normal,3205,1,1782362548.958476,0.001951456069946289
336135,normal,3000,0,1782362548.9605134,0.0020372867584228516
336136,normal,3462,0,1782362548.9625645,0.002051115036010742
336137,normal,244,0,1782362548.964458,0.0018935203552246094
336138,normal,3342,1,1782362548.9665613,0.0021033287048339844
336139,normal,3112,1,1782362548.96851,0.0019485950469970703
336140,normal,600,0,1782362548.9703867,0.0018768310546875
336141,normal,3252,1,1782362548.972502,0.0021152496337890625
336142,normal,1720,0,1782362548.9745421,0.0020401477813720703
336143,normal,132,0,1782362548.976384,0.0018417835235595703
336144,normal,1505,0,1782362548.9785106,0.0021266937255859375
336145,normal,1056,0,1782362548.9805942,0.0020835399627685547
336146,normal,2393,0,1782362548.982507,0.001912832260131836
336147,normal,3589,0,1782362548.984489,0.001981973648071289
336148,normal,3614,0,1782362548.986577,0.0020880699157714844
336149,normal,2547,0,1782362548.9884214,0.0018444061279296875
336150,normal,2062,0,1782362548.990531,0.002109527587890625
336151,normal,2058,0,1782362548.9924881,0.0019571781158447266
336152,normal,885,2,1782362548.9943666,0.001878499984741211
336153,normal,629,0,1782362548.9964848,0.0021181106567382812
336154,normal,3442,0,1782362548.9985023,0.002017498016357422
336155,normal,3358,1,1782362549.0004706,0.0019683837890625
336156,normal,3571,0,1782362549.0025382,0.00206756591796875
336157,normal,1422,0,1782362549.0045693,0.002031087875366211
336158,normal,129,0,1782362549.006523,0.001953601837158203
336159,normal,3275,1,1782362549.0085256,0.002002716064453125
336160,normal,672,0,1782362549.0104606,0.0019350051879882812
336161,normal,2134,0,1782362549.0124414,0.0019807815551757812
336162,normal,1021,2,1782362549.0144463,0.002004861831665039
336163,normal,1989,0,1782362549.0165548,0.0021085739135742188
336164,normal,2353,0,1782362549.0183253,0.0017704963684082031
336165,normal,1792,0,1782362549.0203996,0.0020742416381835938
336166,normal,2814,0,1782362549.0224166,0.0020170211791992188
336167,normal,2906,0,1782362549.0243142,0.001897573471069336
336168,normal,160,0,1782362549.026497,0.0021827220916748047
336169,normal,3518,0,1782362549.0284011,0.0019042491912841797
336170,normal,1648,0,1782362549.0303125,0.0019114017486572266
336171,normal,3565,0,1782362549.0323935,0.0020809173583984375
336172,normal,2991,0,1782362549.0343933,0.0019998550415039062
336173,normal,1637,0,1782362549.0365024,0.002109050750732422
336174,normal,343,0,1782362549.038688,0.0021855831146240234
336175,normal,3548,0,1782362549.0404809,0.00179290771484375
336176,normal,1874,0,1782362549.0423627,0.0018818378448486328
336177,normal,956,2,1782362549.0444174,0.0020546913146972656
336178,normal,2912,0,1782362549.0464075,0.001990079879760742
336179,normal,2207,0,1782362549.0483341,0.0019266605377197266
336180,normal,3389,1,1782362549.0504467,0.0021126270294189453
336181,normal,740,0,1782362549.0523987,0.0019519329071044922
336182,normal,2345,0,1782362549.0543344,0.001935720443725586
336183,normal,3553,0,1782362549.0564005,0.0020661354064941406
336184,normal,1994,0,1782362549.0584114,0.002010822296142578
336185,normal,1238,0,1782362549.060354,0.0019426345825195312
336186,normal,521,0,1782362549.0623624,0.0020084381103515625
336187,normal,1948,0,1782362549.0644386,0.0020761489868164062
336188,normal,3004,0,1782362549.0664806,0.002042055130004883
336189,normal,2332,0,1782362549.0684853,0.0020046234130859375
336190,normal,3176,1,1782362549.070521,0.002035856246948242
336191,normal,1521,0,1782362549.0724423,0.0019211769104003906
336192,normal,186,0,1782362549.0744593,0.0020170211791992188
336193,normal,1610,0,1782362549.0764832,0.002023935317993164
336194,normal,2412,0,1782362549.0786164,0.0021331310272216797
336195,normal,823,2,1782362549.0805504,0.001934051513671875
336196,normal,1556,0,1782362549.082569,0.002018451690673828
336197,normal,2259,0,1782362549.0843725,0.0018036365509033203
336198,normal,0,0,1782362549.0865076,0.002135038375854492
336199,normal,3478,0,1782362549.0885532,0.0020456314086914062
336200,normal,1413,0,1782362549.090386,0.001832723617553711
336201,normal,3120,1,1782362549.092433,0.0020470619201660156
336202,normal,3334,1,1782362549.094408,0.0019750595092773438
336203,normal,666,0,1782362549.096355,0.0019469261169433594
336204,normal,52,0,1782362549.09843,0.0020749568939208984
336205,normal,496,0,1782362549.100427,0.0019969940185546875
336206,normal,1313,0,1782362549.1023557,0.0019288063049316406
336207,normal,1412,0,1782362549.1044176,0.0020618438720703125
336208,normal,1442,0,1782362549.1064417,0.0020241737365722656
336209,normal,1050,0,1782362549.1083994,0.0019576549530029297
336210,normal,3542,0,1782362549.1104214,0.0020220279693603516
336211,normal,271,0,1782362549.112488,0.0020666122436523438
336212,normal,1796,0,1782362549.114358,0.0018699169158935547
336213,normal,2338,0,1782362549.1164763,0.002118349075317383
336214,normal,910,2,1782362549.1184661,0.0019898414611816406
336215,normal,1887,0,1782362549.120444,0.0019779205322265625
336216,normal,169,0,1782362549.1224067,0.0019626617431640625
336217,normal,394,0,1782362549.1244202,0.0020134449005126953
336218,normal,3684,0,1782362549.1263688,0.0019485950469970703
336219,normal,1782,0,1782362549.1283653,0.0019965171813964844
336220,normal,2791,0,1782362549.1304474,0.0020821094512939453
336221,normal,2848,0,1782362549.1323638,0.0019164085388183594
336222,normal,1266,0,1782362549.1343787,0.0020148754119873047
336223,normal,3536,0,1782362549.1365879,0.002209186553955078
336224,normal,2668,0,1782362549.1384356,0.0018477439880371094
336225,normal,1363,1,1782362549.1405401,0.002104520797729492
336226,normal,351,0,1782362549.1432252,0.002685070037841797
336227,normal,1035,0,1782362549.1444728,0.0012476444244384766
336228,normal,2048,0,1782362549.1465518,0.002079010009765625
336229,normal,492,0,1782362549.148731,0.0021791458129882812
336230,normal,3102,1,1782362549.1503992,0.0016682147979736328
336231,normal,789,2,1782362549.1524951,0.002095937728881836
336232,normal,2482,0,1782362549.154467,0.0019719600677490234
336233,normal,699,0,1782362549.1565204,0.0020532608032226562
336234,normal,2380,0,1782362549.1588514,0.0023310184478759766
336235,normal,3012,0,1782362549.1605508,0.0016994476318359375
336236,normal,1399,0,1782362549.1628327,0.0022819042205810547
336237,normal,2362,0,1782362549.164639,0.0018062591552734375
336238,normal,973,2,1782362549.1665707,0.0019316673278808594
336239,normal,1671,0,1782362549.1686418,0.0020711421966552734
336240,normal,522,0,1782362549.1705272,0.0018854141235351562
336241,normal,1860,0,1782362549.1726964,0.0021691322326660156
336242,normal,3505,0,1782362549.1744938,0.0017974376678466797
336243,normal,2464,0,1782362549.1765873,0.0020935535430908203
336244,normal,1436,0,1782362549.1785057,0.0019183158874511719
336245,normal,1514,0,1782362549.1804364,0.0019307136535644531
336246,normal,1351,1,1782362549.1826425,0.002206087112426758
336247,normal,178,0,1782362549.1845987,0.0019562244415283203
336248,normal,2971,0,1782362549.1866033,0.0020046234130859375
336249,normal,3391,1,1782362549.1885118,0.0019085407257080078
336250,normal,2658,0,1782362549.1906927,0.002180814743041992
336251,normal,3393,1,1782362549.1925807,0.0018880367279052734
336252,normal,2834,0,1782362549.1949534,0.00237274169921875
336253,normal,489,0,1782362549.19655,0.0015964508056640625
336254,normal,3644,0,1782362549.1987736,0.0022237300872802734
336255,normal,2951,0,1782362549.200602,0.0018284320831298828
336256,normal,2743,0,1782362549.2025886,0.0019865036010742188
336257,normal,2538,0,1782362549.204449,0.0018603801727294922
336258,normal,2032,0,1782362549.2065492,0.002100229263305664
336259,normal,1437,0,1782362549.2084992,0.0019500255584716797
336260,normal,552,0,1782362549.210648,0.002148866653442383
336261,normal,2293,0,1782362549.212478,0.0018298625946044922
336262,normal,3039,0,1782362549.2145615,0.0020835399627685547
336263,normal,3133,1,1782362549.2164707,0.0019092559814453125
336264,normal,231,0,1782362549.2185628,0.002092123031616211
336265,normal,1289,0,1782362549.2204714,0.0019085407257080078
336266,normal,112,0,1782362549.2224762,0.002004861831665039
336267,normal,966,2,1782362549.224803,0.0023267269134521484
336268,normal,793,2,1782362549.226679,0.0018761157989501953
336269,normal,1067,0,1782362549.228594,0.00191497802734375
336270,normal,251,0,1782362549.2308762,0.0022821426391601562
336271,normal,2936,0,1782362549.2325845,0.0017082691192626953
336272,normal,649,0,1782362549.2344637,0.0018792152404785156
336273,normal,2161,0,1782362549.2365465,0.00208282470703125
336274,normal,1802,0,1782362549.238569,0.0020225048065185547
336275,normal,1175,0,1782362549.2409763,0.0024073123931884766
336276,normal,2681,0,1782362549.2429206,0.0019443035125732422
336277,normal,1338,1,1782362549.2447925,0.0018718242645263672
336278,normal,800,2,1782362549.2464993,0.001706838607788086
336279,normal,1850,0,1782362549.2484581,0.0019588470458984375
336280,normal,1006,2,1782362549.2503724,0.0019142627716064453
336281,normal,174,0,1782362549.2524312,0.002058744430541992
336282,normal,3624,0,1782362549.2544494,0.0020182132720947266
336283,normal,3059,1,1782362549.2564762,0.002026796340942383
336284,normal,3223,1,1782362549.2584836,0.0020074844360351562
336285,normal,246,0,1782362549.2605026,0.0020189285278320312
336286,normal,1314,0,1782362549.2623746,0.0018720626831054688
336287,normal,1779,0,1782362549.2644887,0.0021140575408935547
336288,normal,2240,0,1782362549.2665184,0.0020296573638916016
336289,normal,751,0,1782362549.2685132,0.0019948482513427734
336290,normal,661,0,1782362549.270523,0.002009868621826172
336291,normal,583,0,1782362549.27271,0.002187013626098633
336292,normal,1371,1,1782362549.2745945,0.00188446044921875
336293,normal,1369,1,1782362549.2765353,0.0019407272338867188
336294,normal,308,0,1782362549.2787383,0.0022029876708984375
336295,normal,2597,0,1782362549.2806463,0.0019080638885498047
336296,normal,732,0,1782362549.2825751,0.0019288063049316406
336297,normal,37,0,1782362549.2845685,0.001993417739868164
336298,normal,2990,0,1782362549.2866232,0.0020546913146972656
336299,normal,1597,0,1782362549.2885773,0.0019540786743164062
336300,normal,3606,0,1782362549.2905455,0.0019681453704833984
336301,normal,1851,0,1782362549.2928302,0.0022847652435302734
336302,normal,2417,0,1782362549.294519,0.0016887187957763672
336303,normal,3156,1,1782362549.296648,0.002129077911376953
336304,normal,1873,0,1782362549.298778,0.0021300315856933594
336305,normal,3216,1,1782362549.3004832,0.001705169677734375
336306,normal,380,0,1782362549.3025851,0.002101898193359375
336307,normal,875,2,1782362549.304823,0.0022377967834472656
336308,normal,1257,0,1782362549.3070774,0.002254486083984375
336309,normal,242,0,1782362549.3086905,0.0016131401062011719
336310,normal,2327,0,1782362549.3108265,0.0021359920501708984
336311,normal,2805,0,1782362549.3125405,0.0017139911651611328
336312,normal,3009,0,1782362549.314681,0.002140522003173828
336313,normal,2364,0,1782362549.3166504,0.0019693374633789062
336314,normal,3459,0,1782362549.3186195,0.0019690990447998047
336315,normal,3243,1,1782362549.3206038,0.0019843578338623047
336316,normal,1708,0,1782362549.3229432,0.0023393630981445312
336317,normal,2722,0,1782362549.3244066,0.0014634132385253906
336318,normal,1382,0,1782362549.3265257,0.0021190643310546875
336319,normal,2202,0,1782362549.3286388,0.0021131038665771484
336320,normal,2561,0,1782362549.3306577,0.0020189285278320312
336321,normal,1723,0,1782362549.3326848,0.0020270347595214844
336322,normal,1943,0,1782362549.334728,0.0020432472229003906
336323,normal,2145,0,1782362549.3365238,0.0017957687377929688
336324,normal,1287,0,1782362549.3384569,0.0019330978393554688
336325,normal,1900,0,1782362549.3404396,0.0019826889038085938
336326,normal,1109,0,1782362549.3424695,0.002029895782470703
336327,normal,2842,0,1782362549.3444393,0.0019698143005371094
336328,normal,1615,0,1782362549.346575,0.002135753631591797
336329,normal,2954,0,1782362549.3484578,0.001882791519165039
336330,normal,2656,0,1782362549.3503847,0.0019268989562988281
336331,normal,992,2,1782362549.3524394,0.0020546913146972656
336332,normal,3274,1,1782362549.3543673,0.0019278526306152344
336333,normal,3347,1,1782362549.3564265,0.0020592212677001953
336334,normal,341,0,1782362549.358729,0.002302408218383789
336335,normal,3021,0,1782362549.3604455,0.00171661376953125
336336,normal,2409,0,1782362549.3624804,0.002034902572631836
336337,normal,883,2,1782362549.3644872,0.0020067691802978516
336338,normal,974,2,1782362549.3663738,0.001886606216430664
336339,normal,1784,0,1782362549.3684747,0.0021009445190429688
336340,normal,1516,0,1782362549.3703935,0.001918792724609375
336341,normal,1808,0,1782362549.372935,0.0025415420532226562
336342,normal,239,0,1782362549.3750584,0.0021233558654785156
336343,normal,2029,0,1782362549.376601,0.0015425682067871094
336344,normal,3516,0,1782362549.3784444,0.0018434524536132812
336345,normal,1185,0,1782362549.3804057,0.001961231231689453
336346,normal,681,0,1782362549.3824615,0.0020558834075927734
336347,normal,1484,0,1782362549.3844647,0.002003192901611328
336348,normal,2828,0,1782362549.386421,0.0019562244415283203
336349,normal,273,0,1782362549.388701,0.002279996871948242
336350,normal,1565,0,1782362549.3908682,0.002167224884033203
336351,normal,1753,0,1782362549.392505,0.0016367435455322266
336352,normal,1729,0,1782362549.3946242,0.002119302749633789
336353,normal,934,2,1782362549.3964167,0.0017924308776855469
336354,normal,2333,0,1782362549.398486,0.002069234848022461
336355,normal,2046,0,1782362549.4004836,0.001997709274291992
336356,normal,2139,0,1782362549.402509,0.0020253658294677734
336357,normal,373,0,1782362549.4044335,0.0019245147705078125
336358,normal,1675,0,1782362549.406504,0.0020704269409179688
336359,normal,2203,0,1782362549.4084435,0.001939535140991211
336360,normal,302,0,1782362549.4104311,0.0019876956939697266
336361,normal,533,0,1782362549.4124403,0.002009153366088867
336362,normal,3585,0,1782362549.4147897,0.002349376678466797
336363,normal,1696,0,1782362549.4172094,0.002419710159301758
336364,normal,999,2,1782362549.4185038,0.0012943744659423828
336365,normal,2010,0,1782362549.4204164,0.0019125938415527344
336366,normal,1629,0,1782362549.422472,0.002055644989013672
336367,normal,2443,0,1782362549.4245172,0.002045154571533203
336368,normal,1194,0,1782362549.4264948,0.001977682113647461
336369,normal,3535,0,1782362549.4285352,0.002040386199951172
336370,normal,2454,0,1782362549.4309368,0.002401590347290039
336371,normal,886,2,1782362549.433068,0.002131223678588867
336372,normal,350,0,1782362549.4345462,0.0014781951904296875
336373,normal,2865,0,1782362549.4365819,0.0020356178283691406
336374,normal,2859,0,1782362549.4387617,0.002179861068725586
336375,normal,2317,0,1782362549.441018,0.0022563934326171875
336376,normal,2793,0,1782362549.4425952,0.001577138900756836
336377,normal,1744,0,1782362549.4444256,0.0018303394317626953
336378,normal,1605,0,1782362549.446827,0.0024013519287109375
336379,normal,1836,0,1782362549.4485846,0.0017576217651367188
336380,normal,2497,0,1782362549.4504802,0.0018956661224365234
336381,normal,2783,0,1782362549.452559,0.0020787715911865234
336382,normal,1827,0,1782362549.4545603,0.0020012855529785156
336383,normal,470,0,1782362549.4564614,0.0019011497497558594
336384,normal,2123,0,1782362549.458551,0.0020895004272460938
336385,normal,126,0,1782362549.4611301,0.002579212188720703
336386,normal,2922,0,1782362549.462798,0.0016679763793945312
336387,normal,205,0,1782362549.4647007,0.0019025802612304688
336388,normal,2090,0,1782362549.466752,0.0020513534545898438
336389,normal,3574,0,1782362549.4686275,0.0018754005432128906
336390,normal,3573,0,1782362549.4707408,0.00211334228515625
336391,normal,192,0,1782362549.472619,0.0018782615661621094
336392,normal,1415,0,1782362549.474958,0.002338886260986328
336393,normal,797,2,1782362549.4768183,0.0018603801727294922
336394,normal,342,0,1782362549.4787564,0.0019381046295166016
336395,normal,2238,0,1782362549.4805236,0.0017671585083007812
336396,normal,1846,0,1782362549.4829695,0.0024459362030029297
336397,normal,2693,0,1782362549.4848049,0.0018353462219238281
336398,normal,2893,0,1782362549.48649,0.0016851425170898438
336399,normal,851,2,1782362549.4887311,0.0022411346435546875
336400,normal,844,2,1782362549.4905574,0.0018262863159179688
336401,normal,2624,0,1782362549.4925983,0.002040863037109375
336402,normal,721,0,1782362549.4945922,0.001993894577026367
336403,normal,3331,1,1782362549.4968984,0.002306222915649414
336404,normal,2554,0,1782362549.4986234,0.0017249584197998047
336405,normal,384,0,1782362549.5006225,0.0019991397857666016
336406,normal,632,0,1782362549.5028238,0.0022013187408447266
336407,normal,3578,0,1782362549.5044613,0.0016374588012695312
336408,normal,3346,1,1782362549.506791,0.0023298263549804688
336409,normal,1511,0,1782362549.5086331,0.0018420219421386719
336410,normal,1246,0,1782362549.5105493,0.0019161701202392578
336411,normal,965,2,1782362549.5126498,0.0021004676818847656
336412,normal,3635,0,1782362549.5147436,0.002093791961669922
336413,normal,1907,0,1782362549.5164287,0.0016851425170898438
336414,normal,1211,0,1782362549.5188076,0.0023789405822753906
336415,normal,3592,0,1782362549.5206137,0.001806020736694336
336416,normal,2231,0,1782362549.5227778,0.002164125442504883
336417,normal,281,0,1782362549.5245466,0.0017688274383544922
336418,normal,2811,0,1782362549.5266228,0.0020761489868164062
336419,normal,2612,0,1782362549.5284472,0.0018243789672851562
336420,normal,3225,1,1782362549.530708,0.002260923385620117
336421,normal,3025,0,1782362549.5325766,0.0018684864044189453
336422,normal,742,0,1782362549.534445,0.0018684864044189453
336423,normal,3215,1,1782362549.5365932,0.002148151397705078
336424,normal,625,0,1782362549.5385678,0.0019745826721191406
336425,normal,1837,0,1782362549.540533,0.0019652843475341797
336426,normal,2916,0,1782362549.5425127,0.0019795894622802734
336427,normal,2905,0,1782362549.5448396,0.00232696533203125
336428,normal,2128,0,1782362549.5467012,0.001861572265625
336429,normal,2167,0,1782362549.5485651,0.0018639564514160156
336430,normal,1336,1,1782362549.5507374,0.002172231674194336
336431,normal,756,0,1782362549.552578,0.0018405914306640625
336432,normal,593,0,1782362549.5545146,0.0019366741180419922
336433,normal,1717,0,1782362549.5567114,0.002196788787841797
336434,normal,2610,0,1782362549.5585418,0.0018303394317626953
336435,normal,1820,0,1782362549.5605412,0.001999378204345703
336436,normal,2365,0,1782362549.5626547,0.0021135807037353516
336437,normal,1319,1,1782362549.5644858,0.0018310546875
336438,normal,1451,0,1782362549.5665786,0.0020928382873535156
336439,normal,845,2,1782362549.5685916,0.002012968063354492
336440,normal,2236,0,1782362549.5705645,0.0019729137420654297
336441,normal,720,0,1782362549.5725546,0.001990079879760742
336442,normal,3209,1,1782362549.5745926,0.0020380020141601562
336443,normal,3232,1,1782362549.5764194,0.0018267631530761719
336444,normal,2445,0,1782362549.5785632,0.00214385986328125
336445,normal,2731,0,1782362549.5805547,0.0019915103912353516
336446,normal,441,0,1782362549.5824075,0.0018527507781982422
336447,normal,3392,1,1782362549.5852249,0.002817392349243164
336448,normal,779,2,1782362549.586521,0.0012960433959960938
336449,normal,1819,0,1782362549.5889454,0.002424478530883789
336450,normal,1815,0,1782362549.5904799,0.0015344619750976562
336451,normal,1221,0,1782362549.5926473,0.0021674633026123047
336452,normal,2635,0,1782362549.5945206,0.0018732547760009766
336453,normal,2294,0,1782362549.5966296,0.002109050750732422
336454,normal,993,2,1782362549.59862,0.0019903182983398438
336455,normal,2977,0,1782362549.6006014,0.001981496810913086
336456,normal,2879,0,1782362549.6027763,0.002174854278564453
336457,normal,748,0,1782362549.6046448,0.0018684864044189453
336458,normal,1166,0,1782362549.6065323,0.0018875598907470703
336459,normal,1047,0,1782362549.6084077,0.0018754005432128906
336460,normal,2960,0,1782362549.6105535,0.0021457672119140625
336461,normal,390,0,1782362549.612419,0.001865386962890625
336462,normal,1126,0,1782362549.6145687,0.002149820327758789
336463,normal,2566,0,1782362549.616696,0.0021271705627441406
336464,normal,790,2,1782362549.6188548,0.0021588802337646484
336465,normal,2335,0,1782362549.6209145,0.0020596981048583984
336466,normal,3246,1,1782362549.6231499,0.00223541259765625
336467,normal,406,0,1782362549.6243923,0.0012423992156982422
336468,normal,1125,0,1782362549.6269896,0.002597332000732422
336469,normal,1993,0,1782362549.6286392,0.001649618148803711
336470,normal,1077,0,1782362549.63099,0.0023508071899414062
336471,normal,2299,0,1782362549.633104,0.0021140575408935547
336472,normal,963,2,1782362549.634983,0.001878976821899414
336473,normal,1915,0,1782362549.636611,0.0016279220581054688
336474,normal,769,0,1782362549.638415,0.0018041133880615234
336475,normal,2689,0,1782362549.6405513,0.00213623046875
336476,normal,2351,0,1782362549.642496,0.0019447803497314453
336477,normal,2235,0,1782362549.6444066,0.0019104480743408203
336478,normal,3446,0,1782362549.6467922,0.0023856163024902344
336479,normal,2195,0,1782362549.6485138,0.0017216205596923828
336480,normal,1537,0,1782362549.6505425,0.0020287036895751953
336481,normal,1393,0,1782362549.6527033,0.002160787582397461
336482,normal,383,0,1782362549.6544442,0.0017409324645996094
336483,normal,2623,0,1782362549.656634,0.0021898746490478516
336484,normal,3451,0,1782362549.6586392,0.0020051002502441406
336485,normal,77,0,1782362549.660495,0.0018558502197265625
336486,normal,1743,0,1782362549.6624992,0.0020041465759277344
336487,normal,2964,0,1782362549.664608,0.0021088123321533203
336488,normal,3618,0,1782362549.6668673,0.0022592544555664062
336489,normal,2100,0,1782362549.6686804,0.0018131732940673828
336490,normal,778,2,1782362549.6708426,0.0021622180938720703
336491,normal,1895,0,1782362549.6726322,0.0017895698547363281
336492,normal,2633,0,1782362549.6746254,0.0019931793212890625
336493,normal,439,0,1782362549.6767607,0.0021352767944335938
336494,normal,2280,0,1782362549.678427,0.0016663074493408203
336495,normal,1210,0,1782362549.680903,0.0024759769439697266
336496,normal,3636,0,1782362549.682738,0.0018351078033447266
336497,normal,2653,0,1782362549.6846445,0.0019063949584960938
336498,normal,799,2,1782362549.6864655,0.0018210411071777344
336499,normal,931,2,1782362549.6889422,0.0024766921997070312
336500,normal,1628,0,1782362549.6909978,0.002055644989013672
336501,normal,656,0,1782362549.6925013,0.0015034675598144531
336502,normal,2135,0,1782362549.6947432,0.002241849899291992
336503,normal,3320,1,1782362549.6964145,0.0016713142395019531
336504,normal,905,2,1782362549.6985598,0.0021452903747558594
336505,normal,1882,0,1782362549.7006114,0.0020515918731689453
336506,normal,2211,0,1782362549.7024562,0.0018448829650878906
336507,normal,562,0,1782362549.704618,0.002161741256713867
336508,normal,1634,0,1782362549.706578,0.0019600391387939453
336509,normal,3385,1,1782362549.708457,0.001878976821899414
336510,normal,2059,0,1782362549.7106473,0.0021903514862060547
336511,normal,644,0,1782362549.7127624,0.002115011215209961
336512,normal,1255,0,1782362549.7145689,0.001806497573852539
336513,normal,407,0,1782362549.716588,0.002019166946411133
336514,normal,3328,1,1782362549.7187078,0.002119779586791992
336515,normal,472,0,1782362549.7204728,0.0017650127410888672
336516,normal,28,0,1782362549.7226365,0.0021636486053466797
336517,normal,2620,0,1782362549.724806,0.0021696090698242188
336518,normal,2442,0,1782362549.726502,0.001695871353149414
336519,normal,1714,0,1782362549.7285504,0.002048492431640625
336520,normal,1798,0,1782362549.730599,0.002048492431640625
336521,normal,668,0,1782362549.7324445,0.0018455982208251953
336522,normal,480,0,1782362549.7345855,0.0021409988403320312
336523,normal,449,0,1782362549.7368164,0.0022308826446533203
336524,normal,3111,1,1782362549.738492,0.0016756057739257812
336525,normal,1800,0,1782362549.7405496,0.0020575523376464844
336526,normal,3353,1,1782362549.7427976,0.002248048782348633
336527,normal,2221,0,1782362549.7448232,0.002025604248046875
336528,normal,2093,0,1782362549.746539,0.0017158985137939453
336529,normal,1531,0,1782362549.7488694,0.002330303192138672
336530,normal,2331,0,1782362549.7505908,0.0017213821411132812
336531,normal,3569,0,1782362549.7526822,0.0020914077758789062
336532,normal,1291,0,1782362549.7545583,0.0018761157989501953
336533,normal,2112,0,1782362549.756403,0.001844644546508789
336534,normal,2085,0,1782362549.75855,0.0021469593048095703
336535,normal,2154,0,1782362549.7605474,0.0019974708557128906
336536,normal,2984,0,1782362549.762448,0.0019006729125976562
336537,normal,1271,0,1782362549.7647953,0.002347230911254883
336538,normal,610,0,1782362549.7664979,0.0017025470733642578
336539,normal,3544,0,1782362549.768502,0.0020041465759277344
336540,normal,3477,0,1782362549.770499,0.0019969940185546875
336541,normal,448,0,1782362549.772695,0.002196073532104492
336542,normal,1240,0,1782362549.7744436,0.0017485618591308594
336543,normal,2683,0,1782362549.7769918,0.0025482177734375
336544,normal,3001,0,1782362549.7788792,0.0018873214721679688
336545,normal,3211,1,1782362549.7805612,0.0016820430755615234
336546,normal,964,2,1782362549.782424,0.0018627643585205078
336547,normal,2619,0,1782362549.7845616,0.0021376609802246094
336548,normal,1231,0,1782362549.7864294,0.0018677711486816406
336549,normal,3648,0,1782362549.7885756,0.0021462440490722656
336550,normal,2987,0,1782362549.7906573,0.002081632614135742
336551,normal,3675,0,1782362549.7928762,0.002218961715698242
336552,normal,1081,0,1782362549.7945306,0.0016543865203857422
336553,normal,377,0,1782362549.796635,0.0021042823791503906
336554,normal,317,0,1782362549.7985063,0.001871347427368164
336555,normal,2340,0,1782362549.8005729,0.0020666122436523438
336556,normal,594,0,1782362549.8028293,0.0022563934326171875
336557,normal,2319,0,1782362549.8047945,0.0019652843475341797
336558,normal,1350,1,1782362549.8065896,0.001795053482055664
336559,normal,1877,0,1782362549.8087537,0.002164125442504883
336560,normal,1857,0,1782362549.8104315,0.0016777515411376953
336561,normal,2639,0,1782362549.8125603,0.0021288394927978516
336562,normal,2651,0,1782362549.814556,0.001995563507080078
336563,normal,3415,0,1782362549.8168855,0.002329587936401367
336564,normal,1446,0,1782362549.8193076,0.0024220943450927734
336565,normal,2939,0,1782362549.8207517,0.001444101333618164
336566,normal,119,0,1782362549.8224292,0.0016775131225585938
336567,normal,1667,0,1782362549.8245544,0.002125263214111328
336568,normal,926,2,1782362549.8266535,0.0020990371704101562
336569,normal,5,0,1782362549.8285031,0.0018496513366699219
336570,normal,2720,0,1782362549.8305686,0.002065420150756836
336571,normal,1548,0,1782362549.8328257,0.002257108688354492
336572,normal,2678,0,1782362549.8352518,0.0024261474609375
336573,normal,3707,0,1782362549.8364527,0.0012009143829345703
336574,normal,2513,0,1782362549.8384967,0.0020439624786376953
336575,normal,3063,1,1782362549.84054,0.0020432472229003906
336576,normal,360,0,1782362549.8429515,0.0024116039276123047
336577,normal,1145,0,1782362549.8444905,0.001538991928100586
336578,normal,2086,0,1782362549.846547,0.0020563602447509766
336579,normal,2804,0,1782362549.8484132,0.0018663406372070312
336580,normal,866,2,1782362549.8505828,0.0021696090698242188
336581,normal,3546,0,1782362549.8524997,0.0019168853759765625
336582,normal,322,0,1782362549.8549032,0.0024034976959228516
336583,normal,1429,0,1782362549.8567107,0.0018074512481689453
336584,normal,1262,0,1782362549.8584642,0.0017535686492919922
336585,normal,1977,0,1782362549.8606102,0.002146005630493164
336586,normal,3687,0,1782362549.8626142,0.002003908157348633
336587,normal,457,0,1782362549.8644998,0.0018856525421142578
336588,normal,2918,0,1782362549.866501,0.0020012855529785156
336589,normal,2958,0,1782362549.86864,0.002138853073120117
336590,normal,252,0,1782362549.8704708,0.0018308162689208984
336591,normal,1416,0,1782362549.8726096,0.002138853073120117
336592,normal,1460,0,1782362549.8746505,0.002040863037109375
336593,normal,2215,0,1782362549.87653,0.0018794536590576172
336594,normal,865,2,1782362549.8785548,0.0020248889923095703
336595,normal,1130,0,1782362549.8805609,0.002006053924560547
336596,normal,1914,0,1782362549.8828242,0.002263307571411133
336597,normal,3375,1,1782362549.8845184,0.0016942024230957031
336598,normal,3659,0,1782362549.886778,0.0022597312927246094
336599,normal,1554,0,1782362549.8885694,0.001791238784790039
336600,normal,676,0,1782362549.8905995,0.0020301342010498047
336601,normal,40,0,1782362549.8926919,0.0020923614501953125
336602,normal,2707,0,1782362549.89442,0.001728057861328125
336603,normal,3706,0,1782362549.8965573,0.002137422561645508
336604,normal,165,0,1782362549.8986926,0.0021352767944335938
336605,normal,3456,0,1782362549.9005866,0.0018939971923828125
336606,normal,2472,0,1782362549.9025333,0.0019466876983642578
336607,normal,3559,0,1782362549.9046972,0.0021638870239257812
336608,normal,1189,0,1782362549.906576,0.0018787384033203125
336609,normal,135,0,1782362549.9085457,0.0019698143005371094
336610,normal,786,2,1782362549.9105422,0.0019965171813964844
336611,normal,3229,1,1782362549.912403,0.0018608570098876953
336612,normal,1934,0,1782362549.914591,0.002187967300415039
336613,normal,2395,0,1782362549.916804,0.002213001251220703
336614,normal,3340,1,1782362549.9187026,0.0018985271453857422
336615,normal,1966,0,1782362549.9209428,0.0022401809692382812
336616,normal,3129,1,1782362549.9225967,0.001653909683227539
336617,normal,3534,0,1782362549.9245427,0.0019459724426269531
336618,normal,2013,0,1782362549.9265304,0.0019876956939697266
336619,normal,1983,0,1782362549.9288056,0.002275228500366211
336620,normal,603,0,1782362549.931034,0.0022284984588623047
336621,normal,1111,0,1782362549.9324663,0.001432180404663086
336622,normal,266,0,1782362549.9345608,0.0020945072174072266
336623,normal,1869,0,1782362549.936427,0.0018663406372070312
336624,normal,3301,1,1782362549.93859,0.002162933349609375
336625,normal,2325,0,1782362549.9407356,0.002145528793334961
336626,normal,177,0,1782362549.9425094,0.001773834228515625
336627,normal,2397,0,1782362549.9444895,0.0019800662994384766
336628,normal,2481,0,1782362549.9466398,0.002150297164916992
336629,normal,3458,0,1782362549.9485497,0.0019099712371826172
336630,normal,3284,1,1782362549.9505746,0.0020248889923095703
336631,normal,1198,0,1782362549.9527903,0.0022156238555908203
336632,normal,3245,1,1782362549.9544766,0.0016863346099853516
336633,normal,1242,0,1782362549.9565248,0.0020482540130615234
336634,normal,1248,0,1782362549.958751,0.002226114273071289
336635,normal,3308,1,1782362549.9605098,0.0017588138580322266
336636,normal,2346,0,1782362549.9624512,0.0019414424896240234
336637,normal,1409,0,1782362549.964533,0.0020818710327148438
336638,normal,364,0,1782362549.9664056,0.0018725395202636719
336639,normal,1567,0,1782362549.968585,0.002179384231567383
336640,normal,2852,0,1782362549.971034,0.00244903564453125
336641,normal,432,0,1782362549.9729764,0.0019423961639404297
336642,normal,2898,0,1782362549.9744868,0.0015103816986083984
336643,normal,2385,0,1782362549.976701,0.002214193344116211
336644,normal,2808,0,1782362549.978436,0.0017349720001220703
336645,normal,221,0,1782362549.9805825,0.002146482467651367
336646,normal,1408,0,1782362549.9825504,0.001967906951904297
336647,normal,366,0,1782362549.9850368,0.0024864673614501953
336648,normal,3318,1,1782362549.9864755,0.0014386177062988281
336649,normal,508,0,1782362549.9887774,0.002301931381225586
336650,normal,1679,0,1782362549.990527,0.0017495155334472656
336651,normal,241,0,1782362549.9927676,0.0022406578063964844
336652,normal,1129,0,1782362549.994466,0.0016984939575195312
336653,normal,1995,0,1782362549.996612,0.002146005630493164
336654,normal,859,2,1782362549.998532,0.0019199848175048828
336655,normal,3408,0,1782362550.0010147,0.0024826526641845703
336656,normal,3307,1,1782362550.0028107,0.0017960071563720703
336657,normal,2923,0,1782362550.0045447,0.001734018325805664
336658,normal,1536,0,1782362550.006602,0.002057313919067383
336659,normal,2516,0,1782362550.0086231,0.0020210742950439453
336660,normal,3290,1,1782362550.010614,0.001990795135498047
336661,normal,3067,1,1782362550.012747,0.0021331310272216797
336662,normal,1443,0,1782362550.0145562,0.0018091201782226562
336663,normal,2691,0,1782362550.0164404,0.0018842220306396484
336664,normal,2765,0,1782362550.019104,0.0026636123657226562
336665,normal,1685,0,1782362550.0207725,0.0016684532165527344
336666,normal,2051,0,1782362550.0233111,0.0025386810302734375
336667,normal,1002,2,1782362550.024512,0.0012009143829345703
336668,normal,3250,1,1782362550.0265148,0.002002716064453125
336669,normal,1075,0,1782362550.02875,0.0022351741790771484
336670,normal,3204,1,1782362550.0305197,0.0017697811126708984
336671,normal,1902,0,1782362550.0324433,0.0019235610961914062
336672,normal,2519,0,1782362550.0345316,0.002088308334350586
336673,normal,1173,0,1782362550.0365736,0.002042055130004883
336674,normal,1866,0,1782362550.0386624,0.002088785171508789
336675,normal,1538,0,1782362550.0409,0.002237558364868164
336676,normal,1387,0,1782362550.0424442,0.0015442371368408203
336677,normal,1331,1,1782362550.0443604,0.0019161701202392578
336678,normal,2601,0,1782362550.0464365,0.0020761489868164062
336679,normal,2806,0,1782362550.0484762,0.002039670944213867
336680,normal,1591,0,1782362550.0504003,0.0019240379333496094
336681,normal,2558,0,1782362550.052375,0.001974821090698242
336682,normal,2801,0,1782362550.0545416,0.0021665096282958984
336683,normal,433,0,1782362550.0564458,0.0019042491912841797
336684,normal,3440,0,1782362550.0584264,0.0019805431365966797
336685,normal,2143,0,1782362550.0605245,0.00209808349609375
336686,normal,2760,0,1782362550.0624244,0.0018999576568603516
336687,normal,782,2,1782362550.0644393,0.0020148754119873047
336688,normal,1814,0,1782362550.0665007,0.0020613670349121094
336689,normal,3633,0,1782362550.068369,0.0018682479858398438
336690,normal,3244,1,1782362550.0705194,0.0021505355834960938
336691,normal,2110,0,1782362550.0726254,0.0021059513092041016
